01/01/2000,HOB,NM,ASW,CE,Federal Contract Tower,0,1,0,0,1,0,5,36,0,41,0,6,36,0,42,40,0,40,82
01/02/2000,HOB,NM,ASW,CE,Federal Contract Tower,0,4,1,0,5,0,0,49,0,49,0,4,50,0,54,58,0,58,112
01/03/2000,HOB,NM,ASW,CE,Federal Contract Tower,0,9,2,0,11,0,17,65,0,82,0,26,67,0,93,64,0,64,157
01/04/2000,HOB,NM,ASW,CE,Federal Contract Tower,0,9,3,0,12,0,17,56,0,73,0,26,59,0,85,70,0,70,155
01/05/2000,HOB,NM,ASW,CE,Federal Contract Tower,0,9,3,0,12,0,17,57,0,74,0,26,60,0,86,82,0,82,168
01/06/2000,HOB,NM,ASW,CE,Federal Contract Tower,0,9,3,0,12,0,17,63,0,80,0,26,66,0,92,74,0,74,166
01/07/2000,HOB,NM,ASW,CE,Federal Contract Tower,0,0,1,8,9,0,26,56,0,82,0,26,57,8,91,66,16,82,173
01/08/2000,HOB,NM,ASW,CE,Federal Contract Tower,0,6,1,0,7,0,0,51,0,51,0,6,52,0,58,46,0,46,104
01/09/2000,HOB,NM,ASW,CE,Federal Contract Tower,0,4,0,0,4,0,0,60,0,60,0,4,60,0,64,62,0,62,126
01/10/2000,HOB,NM,ASW,CE,Federal Contract Tower,0,12,3,0,15,0,14,71,2,87,0,26,74,2,102,88,4,92,194
01/11/2000,HOB,NM,ASW,CE,Federal Contract Tower,0,9,2,0,11,0,17,63,0,80,0,26,65,0,91,70,0,70,161
01/12/2000,HOB,NM,ASW,CE,Federal Contract Tower,0,13,4,0,17,0,13,66,6,85,0,26,70,6,102,82,12,94,196
01/13/2000,HOB,NM,ASW,CE,Federal Contract Tower,0,11,3,0,14,0,15,55,0,70,0,26,58,0,84,76,0,76,160
01/14/2000,HOB,NM,ASW,CE,Federal Contract Tower,0,9,2,0,11,0,17,80,0,97,0,26,82,0,108,116,0,116,224
01/15/2000,HOB,NM,ASW,CE,Federal Contract Tower,0,6,2,0,8,0,0,50,0,50,0,6,52,0,58,80,0,80,138
01/16/2000,HOB,NM,ASW,CE,Federal Contract Tower,0,4,2,0,6,0,0,59,6,65,0,4,61,6,71,72,32,104,175
01/17/2000,HOB,NM,ASW,CE,Federal Contract Tower,0,9,2,0,11,0,15,50,0,65,0,24,52,0,76,64,0,64,140
01/18/2000,HOB,NM,ASW,CE,Federal Contract Tower,0,10,3,0,13,0,16,57,4,77,0,26,60,4,90,82,20,102,192
01/19/2000,HOB,NM,ASW,CE,Federal Contract Tower,0,9,2,0,11,0,17,72,0,89,0,26,74,0,100,78,0,78,178
01/20/2000,HOB,NM,ASW,CE,Federal Contract Tower,0,9,3,0,12,0,17,65,16,98,0,26,68,16,110,86,48,134,244
01/21/2000,HOB,NM,ASW,CE,Federal Contract Tower,0,12,4,0,16,0,14,59,0,73,0,26,63,0,89,90,0,90,179
01/22/2000,HOB,NM,ASW,CE,Federal Contract Tower,0,6,2,0,8,0,0,50,0,50,0,6,52,0,58,60,0,60,118
01/23/2000,HOB,NM,ASW,CE,Federal Contract Tower,0,4,0,0,4,0,0,59,2,61,0,4,59,2,65,72,12,84,149
01/24/2000,HOB,NM,ASW,CE,Federal Contract Tower,0,9,2,0,11,0,15,72,0,87,0,24,74,0,98,88,0,88,186
01/25/2000,HOB,NM,ASW,CE,Federal Contract Tower,0,11,3,0,14,0,15,77,0,92,0,26,80,0,106,76,0,76,182
01/26/2000,HOB,NM,ASW,CE,Federal Contract Tower,0,9,2,0,11,0,17,70,6,93,0,26,72,6,104,90,10,100,204
01/27/2000,HOB,NM,ASW,CE,Federal Contract Tower,0,13,4,0,17,0,13,88,0,101,0,26,92,0,118,78,0,78,196
01/28/2000,HOB,NM,ASW,CE,Federal Contract Tower,0,13,4,0,17,0,13,77,2,92,0,26,81,2,109,82,4,86,195
01/29/2000,HOB,NM,ASW,CE,Federal Contract Tower,0,6,2,0,8,0,0,52,0,52,0,6,54,0,60,62,0,62,122
01/30/2000,HOB,NM,ASW,CE,Federal Contract Tower,0,4,1,0,5,0,0,62,0,62,0,4,63,0,67,70,0,70,137
01/31/2000,HOB,NM,ASW,CE,Federal Contract Tower,0,12,4,0,16,0,12,55,0,67,0,24,59,0,83,86,0,86,169
02/01/2000,HOB,NM,ASW,CE,Federal Contract Tower,0,15,8,0,23,0,11,54,0,65,0,26,62,0,88,64,0,64,152
02/02/2000,HOB,NM,ASW,CE,Federal Contract Tower,0,15,8,0,23,0,11,50,2,63,0,26,58,2,86,56,12,68,154
02/03/2000,HOB,NM,ASW,CE,Federal Contract Tower,0,18,9,0,27,0,8,61,0,69,0,26,70,0,96,68,0,68,164
02/04/2000,HOB,NM,ASW,CE,Federal Contract Tower,0,6,4,0,10,0,20,72,6,98,0,26,76,6,108,72,20,92,200
02/05/2000,HOB,NM,ASW,CE,Federal Contract Tower,0,4,2,0,6,0,4,63,0,67,0,8,65,0,73,80,0,80,153
02/06/2000,HOB,NM,ASW,CE,Federal Contract Tower,0,3,2,0,5,0,3,48,0,51,0,6,50,0,56,62,0,62,118
02/07/2000,HOB,NM,ASW,CE,Federal Contract Tower,0,8,5,0,13,0,18,56,0,74,0,26,61,0,87,70,0,70,157
02/08/2000,HOB,NM,ASW,CE,Federal Contract Tower,0,11,5,0,16,0,15,65,0,80,0,26,70,0,96,64,0,64,160
02/09/2000,HOB,NM,ASW,CE,Federal Contract Tower,0,6,3,0,9,0,20,63,0,83,0,26,66,0,92,72,0,72,164
02/10/2000,HOB,NM,ASW,CE,Federal Contract Tower,0,10,5,0,15,0,16,63,0,79,0,26,68,0,94,70,0,70,164
02/11/2000,HOB,NM,ASW,CE,Federal Contract Tower,0,12,6,1,19,0,14,70,3,87,0,26,76,4,106,88,24,112,218
02/12/2000,HOB,NM,ASW,CE,Federal Contract Tower,0,5,2,0,7,0,3,76,0,79,0,8,78,0,86,64,0,64,150
02/13/2000,HOB,NM,ASW,CE,Federal Contract Tower,0,2,1,0,3,0,4,65,0,69,0,6,66,0,72,76,0,76,148
02/14/2000,HOB,NM,ASW,CE,Federal Contract Tower,0,3,1,0,4,0,23,59,0,82,0,26,60,0,86,68,0,68,154
02/15/2000,HOB,NM,ASW,CE,Federal Contract Tower,0,6,2,0,8,0,20,64,0,84,0,26,66,0,92,68,0,68,160
02/16/2000,HOB,NM,ASW,CE,Federal Contract Tower,0,8,3,0,11,0,18,62,0,80,0,26,65,0,91,74,0,74,165
02/17/2000,HOB,NM,ASW,CE,Federal Contract Tower,0,9,4,0,13,0,17,70,0,87,0,26,74,0,100,66,0,66,166
02/18/2000,HOB,NM,ASW,CE,Federal Contract Tower,0,9,4,0,13,0,17,76,0,93,0,26,80,0,106,72,0,72,178
02/19/2000,HOB,NM,ASW,CE,Federal Contract Tower,0,8,3,0,11,0,0,71,2,73,0,8,74,2,84,80,0,80,164
02/20/2000,HOB,NM,ASW,CE,Federal Contract Tower,0,4,1,0,5,0,2,67,0,69,0,6,68,0,74,78,0,78,152
02/21/2000,HOB,NM,ASW,CE,Federal Contract Tower,0,8,3,0,11,0,18,55,0,73,0,26,58,0,84,56,0,56,140
02/22/2000,HOB,NM,ASW,CE,Federal Contract Tower,0,9,4,0,13,0,17,60,0,77,0,26,64,0,90,60,0,60,150
02/23/2000,HOB,NM,ASW,CE,Federal Contract Tower,0,8,3,0,11,0,18,67,0,85,0,26,70,0,96,68,0,68,164
02/24/2000,HOB,NM,ASW,CE,Federal Contract Tower,0,13,6,0,19,0,13,62,0,75,0,26,68,0,94,76,0,76,170
02/25/2000,HOB,NM,ASW,CE,Federal Contract Tower,0,10,4,0,14,0,16,55,4,75,0,26,59,4,89,82,16,98,187
02/26/2000,HOB,NM,ASW,CE,Federal Contract Tower,0,7,3,0,10,0,1,65,0,66,0,8,68,0,76,72,0,72,148
02/27/2000,HOB,NM,ASW,CE,Federal Contract Tower,0,5,1,0,6,0,1,75,0,76,0,6,76,0,82,60,0,60,142
02/28/2000,HOB,NM,ASW,CE,Federal Contract Tower,0,6,2,0,8,0,20,58,0,78,0,26,60,0,86,68,0,68,154
02/29/2000,HOB,NM,ASW,CE,Federal Contract Tower,0,12,5,0,17,0,14,63,0,77,0,26,68,0,94,70,0,70,164
03/01/2000,HOB,NM,ASW,CE,Federal Contract Tower,0,7,3,0,10,0,19,49,0,68,0,26,52,0,78,76,0,76,154
03/02/2000,HOB,NM,ASW,CE,Federal Contract Tower,0,6,4,0,10,0,20,53,0,73,0,26,57,0,83,80,0,80,163
03/03/2000,HOB,NM,ASW,CE,Federal Contract Tower,0,6,4,0,10,0,20,56,0,76,0,26,60,0,86,82,0,82,168
03/04/2000,HOB,NM,ASW,CE,Federal Contract Tower,0,6,4,0,10,0,6,68,0,74,0,12,72,0,84,102,0,102,186
03/05/2000,HOB,NM,ASW,CE,Federal Contract Tower,0,5,3,0,8,0,3,58,0,61,0,8,61,0,69,56,0,56,125
03/06/2000,HOB,NM,ASW,CE,Federal Contract Tower,0,9,4,0,13,0,17,56,0,73,0,26,60,0,86,94,0,94,180
03/07/2000,HOB,NM,ASW,CE,Federal Contract Tower,0,10,4,0,14,0,18,64,0,82,0,28,68,0,96,58,0,58,154
03/08/2000,HOB,NM,ASW,CE,Federal Contract Tower,0,12,4,0,16,0,14,70,0,84,0,26,74,0,100,64,0,64,164
03/09/2000,HOB,NM,ASW,CE,Federal Contract Tower,0,10,3,0,13,0,16,59,0,75,0,26,62,0,88,54,0,54,142
03/10/2000,HOB,NM,ASW,CE,Federal Contract Tower,0,10,3,1,14,0,18,56,1,75,0,28,59,2,89,58,12,70,159
03/11/2000,HOB,NM,ASW,CE,Federal Contract Tower,0,4,1,0,5,0,8,75,0,83,0,12,76,0,88,64,0,64,152
03/12/2000,HOB,NM,ASW,CE,Federal Contract Tower,0,4,0,0,4,0,4,58,0,62,0,8,58,0,66,60,0,60,126
03/13/2000,HOB,NM,ASW,CE,Federal Contract Tower,0,14,3,0,17,0,14,60,0,74,0,28,63,0,91,62,0,62,153
03/14/2000,HOB,NM,ASW,CE,Federal Contract Tower,0,13,3,1,17,0,13,65,1,79,0,26,68,2,96,60,10,70,166
03/15/2000,HOB,NM,ASW,CE,Federal Contract Tower,0,11,2,0,13,0,15,64,0,79,0,26,66,0,92,68,0,68,160
03/16/2000,HOB,NM,ASW,CE,Federal Contract Tower,0,13,4,0,17,0,15,68,0,83,0,28,72,0,100,52,0,52,152
03/17/2000,HOB,NM,ASW,CE,Federal Contract Tower,0,11,4,0,15,0,15,58,4,77,0,26,62,4,92,56,24,80,172
03/18/2000,HOB,NM,ASW,CE,Federal Contract Tower,0,8,2,0,10,0,4,68,0,72,0,12,70,0,82,48,0,48,130
03/19/2000,HOB,NM,ASW,CE,Federal Contract Tower,0,8,3,0,11,0,0,53,0,53,0,8,56,0,64,54,0,54,118
03/20/2000,HOB,NM,ASW,CE,Federal Contract Tower,0,11,4,0,15,0,15,55,0,70,0,26,59,0,85,62,0,62,147
03/21/2000,HOB,NM,ASW,CE,Federal Contract Tower,0,13,4,0,17,0,15,60,0,75,0,28,64,0,92,70,0,70,162
03/22/2000,HOB,NM,ASW,CE,Federal Contract Tower,0,12,4,0,16,0,16,66,0,82,0,28,70,0,98,44,0,44,142
03/23/2000,HOB,NM,ASW,CE,Federal Contract Tower,0,13,4,0,17,0,13,62,4,79,0,26,66,4,96,58,20,78,174
03/24/2000,HOB,NM,ASW,CE,Federal Contract Tower,0,10,3,0,13,0,16,65,0,81,0,26,68,0,94,66,0,66,160
03/25/2000,HOB,NM,ASW,CE,Federal Contract Tower,0,7,2,0,9,0,5,78,0,83,0,12,80,0,92,56,0,56,148
03/26/2000,HOB,NM,ASW,CE,Federal Contract Tower,0,8,2,0,10,0,0,50,0,50,0,8,52,0,60,62,0,62,122
03/27/2000,HOB,NM,ASW,CE,Federal Contract Tower,0,11,3,0,14,0,15,57,0,72,0,26,60,0,86,68,0,68,154
03/28/2000,HOB,NM,ASW,CE,Federal Contract Tower,0,10,3,0,13,0,16,63,0,79,0,26,66,0,92,58,0,58,150
03/29/2000,HOB,NM,ASW,CE,Federal Contract Tower,0,14,4,0,18,0,14,58,2,74,0,28,62,2,92,70,10,80,172
03/30/2000,HOB,NM,ASW,CE,Federal Contract Tower,0,9,3,0,12,0,17,67,0,84,0,26,70,0,96,64,0,64,160
03/31/2000,HOB,NM,ASW,CE,Federal Contract Tower,0,11,4,0,15,0,15,64,0,79,0,26,68,0,94,66,0,66,160
04/01/2000,HOB,NM,ASW,CE,Federal Contract Tower,0,5,1,0,6,0,7,61,0,68,0,12,62,0,74,70,0,70,144
04/02/2000,HOB,NM,ASW,CE,Federal Contract Tower,0,3,2,0,5,0,5,55,0,60,0,8,57,0,65,70,0,70,135
04/03/2000,HOB,NM,ASW,CE,Federal Contract Tower,0,7,4,0,11,0,17,56,0,73,0,24,60,0,84,72,0,72,156
04/04/2000,HOB,NM,ASW,CE,Federal Contract Tower,0,8,3,0,11,0,16,61,0,77,0,24,64,0,88,58,0,58,146
04/05/2000,HOB,NM,ASW,CE,Federal Contract Tower,0,9,3,0,12,0,15,59,0,74,0,24,62,0,86,64,0,64,150
04/06/2000,HOB,NM,ASW,CE,Federal Contract Tower,0,8,3,0,11,0,16,67,0,83,0,24,70,0,94,72,0,72,166
04/07/2000,HOB,NM,ASW,CE,Federal Contract Tower,0,7,3,0,10,0,19,58,0,77,0,26,61,0,87,64,0,64,151
04/08/2000,HOB,NM,ASW,CE,Federal Contract Tower,0,7,2,1,10,0,7,56,3,66,0,14,58,4,76,68,24,92,168
04/09/2000,HOB,NM,ASW,CE,Federal Contract Tower,0,3,0,0,3,0,5,52,0,57,0,8,52,0,60,56,0,56,116
04/10/2000,HOB,NM,ASW,CE,Federal Contract Tower,0,8,3,0,11,0,16,57,0,73,0,24,60,0,84,58,0,58,142
04/11/2000,HOB,NM,ASW,CE,Federal Contract Tower,0,8,3,0,11,0,18,55,0,73,0,26,58,0,84,60,0,60,144
04/12/2000,HOB,NM,ASW,CE,Federal Contract Tower,0,12,5,0,17,0,12,63,0,75,0,24,68,0,92,64,0,64,156
04/13/2000,HOB,NM,ASW,CE,Federal Contract Tower,0,9,3,0,12,0,15,63,0,78,0,24,66,0,90,84,0,84,174
04/14/2000,HOB,NM,ASW,CE,Federal Contract Tower,0,7,3,0,10,0,19,70,0,89,0,26,73,0,99,66,0,66,165
04/15/2000,HOB,NM,ASW,CE,Federal Contract Tower,0,8,3,0,11,0,4,57,0,61,0,12,60,0,72,50,0,50,122
04/16/2000,HOB,NM,ASW,CE,Federal Contract Tower,0,7,1,0,8,0,3,55,0,58,0,10,56,0,66,64,0,64,130
04/17/2000,HOB,NM,ASW,CE,Federal Contract Tower,0,11,3,0,14,0,13,55,0,68,0,24,58,0,82,62,0,62,144
04/18/2000,HOB,NM,ASW,CE,Federal Contract Tower,0,13,5,0,18,0,11,55,4,70,0,24,60,4,88,70,8,78,166
04/19/2000,HOB,NM,ASW,CE,Federal Contract Tower,0,13,5,0,18,0,11,53,4,68,0,24,58,4,86,60,16,76,162
04/20/2000,HOB,NM,ASW,CE,Federal Contract Tower,0,11,3,0,14,0,13,61,0,74,0,24,64,0,88,72,0,72,160
04/21/2000,HOB,NM,ASW,CE,Federal Contract Tower,0,11,3,0,14,0,15,58,0,73,0,26,61,0,87,64,0,64,151
04/22/2000,HOB,NM,ASW,CE,Federal Contract Tower,0,8,2,0,10,0,6,56,4,66,0,14,58,4,76,56,0,56,132
04/23/2000,HOB,NM,ASW,CE,Federal Contract Tower,0,4,0,0,4,0,4,56,0,60,0,8,56,0,64,66,0,66,130
04/24/2000,HOB,NM,ASW,CE,Federal Contract Tower,0,10,3,0,13,0,14,69,2,85,0,24,72,2,98,64,8,72,170
04/25/2000,HOB,NM,ASW,CE,Federal Contract Tower,0,8,2,0,10,0,18,58,0,76,0,26,60,0,86,70,0,70,156
04/26/2000,HOB,NM,ASW,CE,Federal Contract Tower,0,9,3,0,12,0,15,65,0,80,0,24,68,0,92,62,0,62,154
04/27/2000,HOB,NM,ASW,CE,Federal Contract Tower,0,11,4,0,15,0,13,62,0,75,0,24,66,0,90,56,0,56,146
04/28/2000,HOB,NM,ASW,CE,Federal Contract Tower,0,12,4,0,16,0,12,80,2,94,0,24,84,2,110,64,8,72,182
04/29/2000,HOB,NM,ASW,CE,Federal Contract Tower,0,11,3,0,14,0,1,49,4,54,0,12,52,4,68,60,0,60,128
04/30/2000,HOB,NM,ASW,CE,Federal Contract Tower,0,6,2,0,8,0,2,52,0,54,0,8,54,0,62,54,0,54,116
05/01/2000,HOB,NM,ASW,CE,Federal Contract Tower,0,11,2,0,13,0,15,58,0,73,0,26,60,0,86,68,0,68,154
05/02/2000,HOB,NM,ASW,CE,Federal Contract Tower,0,10,3,0,13,0,16,55,0,71,0,26,58,0,84,76,0,76,160
05/03/2000,HOB,NM,ASW,CE,Federal Contract Tower,0,10,3,0,13,0,16,53,0,69,0,26,56,0,82,74,0,74,156
05/04/2000,HOB,NM,ASW,CE,Federal Contract Tower,0,12,4,0,16,0,12,55,0,67,0,24,59,0,83,72,0,72,155
05/05/2000,HOB,NM,ASW,CE,Federal Contract Tower,0,8,3,1,12,0,18,52,7,77,0,26,55,8,89,64,24,88,177
05/06/2000,HOB,NM,ASW,CE,Federal Contract Tower,0,4,2,0,6,0,4,45,0,49,0,8,47,0,55,58,0,58,113
05/07/2000,HOB,NM,ASW,CE,Federal Contract Tower,0,3,0,0,3,0,3,52,0,55,0,6,52,0,58,70,0,70,128
05/08/2000,HOB,NM,ASW,CE,Federal Contract Tower,0,8,3,0,11,0,20,57,0,77,0,28,60,0,88,56,0,56,144
05/09/2000,HOB,NM,ASW,CE,Federal Contract Tower,0,11,2,0,13,0,15,59,0,74,0,26,61,0,87,60,0,60,147
05/10/2000,HOB,NM,ASW,CE,Federal Contract Tower,0,13,2,1,16,0,15,66,1,82,0,28,68,2,98,66,4,70,168
05/11/2000,HOB,NM,ASW,CE,Federal Contract Tower,0,13,2,0,15,0,15,62,0,77,0,28,64,0,92,72,0,72,164
05/12/2000,HOB,NM,ASW,CE,Federal Contract Tower,0,12,2,0,14,0,14,60,0,74,0,26,62,0,88,70,0,70,158
05/13/2000,HOB,NM,ASW,CE,Federal Contract Tower,0,6,1,0,7,0,2,45,0,47,0,8,46,0,54,58,0,58,112
05/14/2000,HOB,NM,ASW,CE,Federal Contract Tower,0,6,1,0,7,0,0,47,0,47,0,6,48,0,54,56,0,56,110
05/15/2000,HOB,NM,ASW,CE,Federal Contract Tower,0,12,2,0,14,0,18,62,0,80,0,30,64,0,94,74,0,74,168
05/16/2000,HOB,NM,ASW,CE,Federal Contract Tower,0,12,2,0,14,0,16,61,0,77,0,28,63,0,91,80,0,80,171
05/17/2000,HOB,NM,ASW,CE,Federal Contract Tower,0,10,2,0,12,0,16,62,0,78,0,26,64,0,90,72,0,72,162
05/18/2000,HOB,NM,ASW,CE,Federal Contract Tower,0,12,2,0,14,0,14,70,0,84,0,26,72,0,98,68,0,68,166
05/19/2000,HOB,NM,ASW,CE,Federal Contract Tower,0,13,2,0,15,0,15,66,0,81,0,28,68,0,96,74,0,74,170
05/20/2000,HOB,NM,ASW,CE,Federal Contract Tower,0,8,1,0,9,0,0,56,0,56,0,8,57,0,65,54,0,54,119
05/21/2000,HOB,NM,ASW,CE,Federal Contract Tower,0,6,0,0,6,0,0,60,2,62,0,6,60,2,68,60,12,72,140
05/22/2000,HOB,NM,ASW,CE,Federal Contract Tower,0,12,2,0,14,0,16,66,0,82,0,28,68,0,96,66,0,66,162
05/23/2000,HOB,NM,ASW,CE,Federal Contract Tower,0,15,3,0,18,0,13,72,0,85,0,28,75,0,103,72,0,72,175
05/24/2000,HOB,NM,ASW,CE,Federal Contract Tower,0,12,2,0,14,0,14,58,0,72,0,26,60,0,86,70,0,70,156
05/25/2000,HOB,NM,ASW,CE,Federal Contract Tower,0,12,2,0,14,0,16,64,0,80,0,28,66,0,94,76,0,76,170
05/26/2000,HOB,NM,ASW,CE,Federal Contract Tower,0,13,2,0,15,0,13,62,0,75,0,26,64,0,90,80,0,80,170
05/27/2000,HOB,NM,ASW,CE,Federal Contract Tower,0,8,2,0,10,0,0,50,4,54,0,8,52,4,64,54,0,54,118
05/28/2000,HOB,NM,ASW,CE,Federal Contract Tower,0,4,0,0,4,0,0,61,0,61,0,4,61,0,65,60,0,60,125
05/29/2000,HOB,NM,ASW,CE,Federal Contract Tower,0,12,2,0,14,0,14,58,0,72,0,26,60,0,86,68,0,68,154
05/30/2000,HOB,NM,ASW,CE,Federal Contract Tower,0,16,3,0,19,0,10,62,0,72,0,26,65,0,91,70,0,70,161
05/31/2000,HOB,NM,ASW,CE,Federal Contract Tower,0,12,2,0,14,0,16,60,0,76,0,28,62,0,90,72,0,72,162
06/01/2000,HOB,NM,ASW,CE,Federal Contract Tower,0,9,4,0,13,0,17,76,0,93,0,26,80,0,106,72,0,72,178
06/02/2000,HOB,NM,ASW,CE,Federal Contract Tower,0,10,3,0,13,0,16,69,0,85,0,26,72,0,98,80,0,80,178
06/03/2000,HOB,NM,ASW,CE,Federal Contract Tower,0,6,2,0,8,0,4,66,0,70,0,10,68,0,78,68,0,68,146
06/04/2000,HOB,NM,ASW,CE,Federal Contract Tower,0,6,2,1,9,0,0,69,1,70,0,6,71,2,79,66,10,76,155
06/05/2000,HOB,NM,ASW,CE,Federal Contract Tower,0,8,3,0,11,0,20,63,0,83,0,28,66,0,94,74,0,74,168
06/06/2000,HOB,NM,ASW,CE,Federal Contract Tower,0,13,3,3,19,0,13,81,1,95,0,26,84,4,114,80,4,84,198
06/07/2000,HOB,NM,ASW,CE,Federal Contract Tower,0,12,3,3,18,0,14,75,7,96,0,26,78,10,114,74,0,74,188
06/08/2000,HOB,NM,ASW,CE,Federal Contract Tower,0,15,4,0,19,0,11,86,0,97,0,26,90,0,116,82,0,82,198
06/09/2000,HOB,NM,ASW,CE,Federal Contract Tower,0,13,4,2,19,0,11,78,10,99,0,24,82,12,118,70,36,106,224
06/10/2000,HOB,NM,ASW,CE,Federal Contract Tower,0,4,2,0,6,0,4,80,0,84,0,8,82,0,90,68,0,68,158
06/11/2000,HOB,NM,ASW,CE,Federal Contract Tower,0,5,1,1,7,0,1,73,1,75,0,6,74,2,82,78,24,102,184
06/12/2000,HOB,NM,ASW,CE,Federal Contract Tower,0,12,3,0,15,0,14,77,0,91,0,26,80,0,106,86,0,86,192
06/13/2000,HOB,NM,ASW,CE,Federal Contract Tower,0,13,3,0,16,0,13,73,0,86,0,26,76,0,102,64,0,64,166
06/14/2000,HOB,NM,ASW,CE,Federal Contract Tower,0,17,4,2,23,0,9,68,0,77,0,26,72,2,100,66,4,70,170
06/15/2000,HOB,NM,ASW,CE,Federal Contract Tower,0,10,4,0,14,0,16,78,2,96,0,26,82,2,110,72,8,80,190
06/16/2000,HOB,NM,ASW,CE,Federal Contract Tower,0,11,4,0,15,0,17,86,2,105,0,28,90,2,120,80,0,80,200
06/17/2000,HOB,NM,ASW,CE,Federal Contract Tower,0,9,3,0,12,0,1,78,0,79,0,10,81,0,91,68,0,68,159
06/18/2000,HOB,NM,ASW,CE,Federal Contract Tower,0,6,2,0,8,0,0,72,0,72,0,6,74,0,80,78,0,78,158
06/19/2000,HOB,NM,ASW,CE,Federal Contract Tower,0,8,3,0,11,0,18,55,0,73,0,26,58,0,84,82,0,82,166
06/20/2000,HOB,NM,ASW,CE,Federal Contract Tower,0,8,3,0,11,0,20,63,0,83,0,28,66,0,94,66,0,66,160
06/21/2000,HOB,NM,ASW,CE,Federal Contract Tower,0,12,4,0,16,0,16,72,0,88,0,28,76,0,104,76,0,76,180
06/22/2000,HOB,NM,ASW,CE,Federal Contract Tower,0,9,3,0,12,0,17,77,0,94,0,26,80,0,106,80,0,80,186
06/23/2000,HOB,NM,ASW,CE,Federal Contract Tower,0,9,3,0,12,0,17,81,2,100,0,26,84,2,112,78,10,88,200
06/24/2000,HOB,NM,ASW,CE,Federal Contract Tower,0,5,2,0,7,0,3,70,0,73,0,8,72,0,80,88,0,88,168
06/25/2000,HOB,NM,ASW,CE,Federal Contract Tower,0,4,1,0,5,0,0,67,0,67,0,4,68,0,72,80,0,80,152
06/26/2000,HOB,NM,ASW,CE,Federal Contract Tower,0,12,4,0,16,0,14,74,0,88,0,26,78,0,104,78,0,78,182
06/27/2000,HOB,NM,ASW,CE,Federal Contract Tower,0,15,5,1,21,0,13,83,7,103,0,28,88,8,124,82,0,82,206
06/28/2000,HOB,NM,ASW,CE,Federal Contract Tower,0,10,4,0,14,0,16,81,2,99,0,26,85,2,113,68,8,76,189
06/29/2000,HOB,NM,ASW,CE,Federal Contract Tower,0,11,4,0,15,0,15,88,0,103,0,26,92,0,118,76,0,76,194
06/30/2000,HOB,NM,ASW,CE,Federal Contract Tower,0,10,4,0,14,0,16,76,0,92,0,26,80,0,106,78,0,78,184
07/01/2000,HOB,NM,ASW,CE,Federal Contract Tower,0,10,2,2,14,0,0,66,2,68,0,10,68,4,82,62,8,70,152
07/02/2000,HOB,NM,ASW,CE,Federal Contract Tower,0,5,3,0,8,0,1,67,0,68,0,6,70,0,76,76,0,76,152
07/03/2000,HOB,NM,ASW,CE,Federal Contract Tower,0,10,4,0,14,0,12,56,0,68,0,22,60,0,82,80,0,80,162
07/04/2000,HOB,NM,ASW,CE,Federal Contract Tower,0,6,3,1,10,0,0,49,1,50,0,6,52,2,60,88,16,104,164
07/05/2000,HOB,NM,ASW,CE,Federal Contract Tower,0,8,2,0,10,0,17,62,0,79,0,25,64,0,89,70,0,70,159
07/06/2000,HOB,NM,ASW,CE,Federal Contract Tower,0,10,2,0,12,0,14,69,0,83,0,24,71,0,95,68,0,68,163
07/07/2000,HOB,NM,ASW,CE,Federal Contract Tower,0,11,2,2,15,0,15,64,6,85,0,26,66,8,100,72,0,72,172
07/08/2000,HOB,NM,ASW,CE,Federal Contract Tower,0,7,2,0,9,0,1,56,0,57,0,8,58,0,66,80,0,80,146
07/09/2000,HOB,NM,ASW,CE,Federal Contract Tower,0,5,2,0,7,0,3,60,0,63,0,8,62,0,70,72,0,72,142
07/10/2000,HOB,NM,ASW,CE,Federal Contract Tower,0,12,3,2,17,0,12,67,10,89,0,24,70,12,106,62,0,62,168
07/11/2000,HOB,NM,ASW,CE,Federal Contract Tower,0,8,3,0,11,0,20,78,0,98,0,28,81,0,109,68,0,68,177
07/12/2000,HOB,NM,ASW,CE,Federal Contract Tower,0,11,1,0,12,0,13,65,0,78,0,24,66,0,90,74,0,74,164
07/13/2000,HOB,NM,ASW,CE,Federal Contract Tower,0,11,1,0,12,0,15,61,0,76,0,26,62,0,88,80,0,80,168
07/14/2000,HOB,NM,ASW,CE,Federal Contract Tower,0,13,3,0,16,0,13,69,0,82,0,26,72,0,98,78,0,78,176
07/15/2000,HOB,NM,ASW,CE,Federal Contract Tower,0,10,2,1,13,0,0,62,1,63,0,10,64,2,76,70,12,82,158
07/16/2000,HOB,NM,ASW,CE,Federal Contract Tower,0,6,2,0,8,0,0,68,0,68,0,6,70,0,76,66,0,66,142
07/17/2000,HOB,NM,ASW,CE,Federal Contract Tower,0,8,2,0,10,0,16,54,0,70,0,24,56,0,80,72,0,72,152
07/18/2000,HOB,NM,ASW,CE,Federal Contract Tower,0,14,3,1,18,0,14,59,1,74,0,28,62,2,92,78,24,102,194
07/19/2000,HOB,NM,ASW,CE,Federal Contract Tower,0,12,3,0,15,0,14,63,0,77,0,26,66,0,92,88,0,88,180
07/20/2000,HOB,NM,ASW,CE,Federal Contract Tower,0,11,2,0,13,0,15,70,0,85,0,26,72,0,98,62,0,62,160
07/21/2000,HOB,NM,ASW,CE,Federal Contract Tower,0,12,3,1,16,0,12,75,3,90,0,24,78,4,106,68,8,76,182
07/22/2000,HOB,NM,ASW,CE,Federal Contract Tower,0,9,2,0,11,0,1,58,0,59,0,10,60,0,70,72,0,72,142
07/23/2000,HOB,NM,ASW,CE,Federal Contract Tower,0,7,2,0,9,0,1,60,0,61,0,8,62,0,70,68,0,68,138
07/24/2000,HOB,NM,ASW,CE,Federal Contract Tower,0,11,2,1,14,0,11,76,1,88,0,22,78,2,102,70,16,86,188
07/25/2000,HOB,NM,ASW,CE,Federal Contract Tower,0,10,2,0,12,0,16,68,0,84,0,26,70,0,96,80,0,80,176
07/26/2000,HOB,NM,ASW,CE,Federal Contract Tower,0,9,3,0,12,0,19,61,0,80,0,28,64,0,92,86,0,86,178
07/27/2000,HOB,NM,ASW,CE,Federal Contract Tower,0,11,2,0,13,0,15,73,0,88,0,26,75,0,101,66,0,66,167
07/28/2000,HOB,NM,ASW,CE,Federal Contract Tower,0,20,4,2,26,0,4,56,8,68,0,24,60,10,94,74,0,74,168
07/29/2000,HOB,NM,ASW,CE,Federal Contract Tower,0,8,3,0,11,0,0,55,0,55,0,8,58,0,66,70,0,70,136
07/30/2000,HOB,NM,ASW,CE,Federal Contract Tower,0,6,3,0,9,0,0,67,0,67,0,6,70,0,76,72,0,72,148
07/31/2000,HOB,NM,ASW,CE,Federal Contract Tower,0,12,2,0,14,0,14,66,0,80,0,26,68,0,94,60,0,60,154
08/01/2000,HOB,NM,ASW,CE,Federal Contract Tower,0,8,1,0,9,0,16,51,0,67,0,24,52,0,76,68,0,68,144
08/02/2000,HOB,NM,ASW,CE,Federal Contract Tower,0,7,2,0,9,0,17,62,0,79,0,24,64,0,88,72,0,72,160
08/03/2000,HOB,NM,ASW,CE,Federal Contract Tower,0,9,2,0,11,0,17,68,0,85,0,26,70,0,96,64,0,64,160
08/04/2000,HOB,NM,ASW,CE,Federal Contract Tower,0,14,3,0,17,0,14,65,0,79,0,28,68,0,96,74,0,74,170
08/05/2000,HOB,NM,ASW,CE,Federal Contract Tower,0,6,0,1,7,0,2,56,7,65,0,8,56,8,72,62,0,62,134
08/06/2000,HOB,NM,ASW,CE,Federal Contract Tower,0,3,0,0,3,0,1,58,0,59,0,4,58,0,62,68,0,68,130
08/07/2000,HOB,NM,ASW,CE,Federal Contract Tower,0,9,3,0,12,0,15,63,0,78,0,24,66,0,90,74,0,74,164
08/08/2000,HOB,NM,ASW,CE,Federal Contract Tower,0,9,2,0,11,0,15,70,0,85,0,24,72,0,96,70,0,70,166
08/09/2000,HOB,NM,ASW,CE,Federal Contract Tower,0,9,2,0,11,0,17,72,0,89,0,26,74,0,100,64,0,64,164
08/10/2000,HOB,NM,ASW,CE,Federal Contract Tower,0,7,2,0,9,0,17,60,0,77,0,24,62,0,86,74,0,74,160
08/11/2000,HOB,NM,ASW,CE,Federal Contract Tower,0,8,2,0,10,0,18,71,0,89,0,26,73,0,99,70,0,70,169
08/12/2000,HOB,NM,ASW,CE,Federal Contract Tower,0,8,1,0,9,0,0,52,0,52,0,8,53,0,61,52,0,52,113
08/13/2000,HOB,NM,ASW,CE,Federal Contract Tower,0,4,0,0,4,0,0,56,4,60,0,4,56,4,64,64,16,80,144
08/14/2000,HOB,NM,ASW,CE,Federal Contract Tower,0,7,2,0,9,0,19,48,0,67,0,26,50,0,76,60,0,60,136
08/15/2000,HOB,NM,ASW,CE,Federal Contract Tower,0,8,2,0,10,0,16,46,0,62,0,24,48,0,72,76,0,76,148
08/16/2000,HOB,NM,ASW,CE,Federal Contract Tower,0,10,2,0,12,0,14,50,0,64,0,24,52,0,76,68,0,68,144
08/17/2000,HOB,NM,ASW,CE,Federal Contract Tower,0,12,2,0,14,0,16,54,0,70,0,28,56,0,84,64,0,64,148
08/18/2000,HOB,NM,ASW,CE,Federal Contract Tower,0,11,2,0,13,0,13,59,0,72,0,24,61,0,85,66,0,66,151
08/19/2000,HOB,NM,ASW,CE,Federal Contract Tower,0,8,1,0,9,0,2,49,2,53,0,10,50,2,62,62,12,74,136
08/20/2000,HOB,NM,ASW,CE,Federal Contract Tower,0,4,0,0,4,0,2,49,0,51,0,6,49,0,55,54,0,54,109
08/21/2000,HOB,NM,ASW,CE,Federal Contract Tower,0,9,1,0,10,0,17,65,0,82,0,26,66,0,92,64,0,64,156
08/22/2000,HOB,NM,ASW,CE,Federal Contract Tower,0,11,1,0,12,0,15,77,0,92,0,26,78,0,104,82,0,82,186
08/23/2000,HOB,NM,ASW,CE,Federal Contract Tower,0,9,1,0,10,0,15,69,0,84,0,24,70,0,94,64,0,64,158
08/24/2000,HOB,NM,ASW,CE,Federal Contract Tower,0,14,2,0,16,0,14,68,0,82,0,28,70,0,98,74,0,74,172
08/25/2000,HOB,NM,ASW,CE,Federal Contract Tower,0,11,1,0,12,0,13,63,0,76,0,24,64,0,88,60,0,60,148
08/26/2000,HOB,NM,ASW,CE,Federal Contract Tower,0,8,1,0,9,0,0,51,8,59,0,8,52,8,68,56,0,56,124
08/27/2000,HOB,NM,ASW,CE,Federal Contract Tower,0,4,0,0,4,0,0,50,0,50,0,4,50,0,54,58,0,58,112
08/28/2000,HOB,NM,ASW,CE,Federal Contract Tower,0,11,1,0,12,0,13,61,0,74,0,24,62,0,86,64,0,64,150
08/29/2000,HOB,NM,ASW,CE,Federal Contract Tower,0,8,1,0,9,0,16,63,0,79,0,24,64,0,88,62,0,62,150
08/30/2000,HOB,NM,ASW,CE,Federal Contract Tower,0,11,1,0,12,0,15,63,0,78,0,26,64,0,90,58,0,58,148
08/31/2000,HOB,NM,ASW,CE,Federal Contract Tower,0,11,1,0,12,0,15,69,0,84,0,26,70,0,96,60,0,60,156
09/01/2000,HOB,NM,ASW,CE,Federal Contract Tower,0,10,3,0,13,0,16,63,0,79,0,26,66,0,92,68,0,68,160
09/02/2000,HOB,NM,ASW,CE,Federal Contract Tower,0,4,1,0,5,0,6,52,0,58,0,10,53,0,63,52,0,52,115
09/03/2000,HOB,NM,ASW,CE,Federal Contract Tower,0,1,1,0,2,0,1,49,0,50,0,2,50,0,52,58,0,58,110
09/04/2000,HOB,NM,ASW,CE,Federal Contract Tower,0,1,1,0,2,0,3,45,0,48,0,4,46,0,50,62,0,62,112
09/05/2000,HOB,NM,ASW,CE,Federal Contract Tower,0,8,3,0,11,0,10,55,2,67,0,18,58,2,78,64,0,64,142
09/06/2000,HOB,NM,ASW,CE,Federal Contract Tower,0,9,3,0,12,0,11,68,0,79,0,20,71,0,91,60,0,60,151
09/07/2000,HOB,NM,ASW,CE,Federal Contract Tower,0,9,4,0,13,0,9,56,0,65,0,18,60,0,78,72,0,72,150
09/08/2000,HOB,NM,ASW,CE,Federal Contract Tower,0,8,3,0,11,0,16,71,0,87,0,24,74,0,98,80,0,80,178
09/09/2000,HOB,NM,ASW,CE,Federal Contract Tower,0,5,1,0,6,0,1,67,0,68,0,6,68,0,74,82,0,82,156
09/10/2000,HOB,NM,ASW,CE,Federal Contract Tower,0,4,1,0,5,0,0,55,0,55,0,4,56,0,60,68,0,68,128
09/11/2000,HOB,NM,ASW,CE,Federal Contract Tower,0,9,2,0,11,0,7,60,0,67,0,16,62,0,78,60,0,60,138
09/12/2000,HOB,NM,ASW,CE,Federal Contract Tower,0,11,2,0,13,0,9,50,0,59,0,20,52,0,72,64,0,64,136
09/13/2000,HOB,NM,ASW,CE,Federal Contract Tower,0,9,1,0,10,0,15,65,0,80,0,24,66,0,90,70,0,70,160
09/14/2000,HOB,NM,ASW,CE,Federal Contract Tower,0,12,2,0,14,0,8,68,0,76,0,20,70,0,90,88,0,88,178
09/15/2000,HOB,NM,ASW,CE,Federal Contract Tower,0,9,1,0,10,0,13,59,0,72,0,22,60,0,82,62,0,62,144
09/16/2000,HOB,NM,ASW,CE,Federal Contract Tower,0,5,0,0,5,0,1,52,0,53,0,6,52,0,58,56,0,56,114
09/17/2000,HOB,NM,ASW,CE,Federal Contract Tower,0,8,1,0,9,0,0,49,0,49,0,8,50,0,58,64,0,64,122
09/18/2000,HOB,NM,ASW,CE,Federal Contract Tower,0,11,1,0,12,0,13,63,0,76,0,24,64,0,88,68,0,68,156
09/19/2000,HOB,NM,ASW,CE,Federal Contract Tower,0,12,2,0,14,0,10,74,0,84,0,22,76,0,98,74,0,74,172
09/20/2000,HOB,NM,ASW,CE,Federal Contract Tower,0,11,1,0,12,0,11,57,0,68,0,22,58,0,80,68,0,68,148
09/21/2000,HOB,NM,ASW,CE,Federal Contract Tower,0,12,2,0,14,0,12,51,0,63,0,24,53,0,77,60,0,60,137
09/22/2000,HOB,NM,ASW,CE,Federal Contract Tower,0,12,2,0,14,0,12,54,0,66,0,24,56,0,80,58,0,58,138
09/23/2000,HOB,NM,ASW,CE,Federal Contract Tower,0,5,0,0,5,0,1,48,0,49,0,6,48,0,54,42,0,42,96
09/24/2000,HOB,NM,ASW,CE,Federal Contract Tower,0,4,0,0,4,0,0,52,0,52,0,4,52,0,56,50,0,50,106
09/25/2000,HOB,NM,ASW,CE,Federal Contract Tower,0,11,2,0,13,0,9,66,0,75,0,20,68,0,88,64,0,64,152
09/26/2000,HOB,NM,ASW,CE,Federal Contract Tower,0,11,2,0,13,0,11,60,0,71,0,22,62,0,84,72,0,72,156
09/27/2000,HOB,NM,ASW,CE,Federal Contract Tower,0,13,2,0,15,0,11,54,0,65,0,24,56,0,80,70,0,70,150
09/28/2000,HOB,NM,ASW,CE,Federal Contract Tower,0,11,2,0,13,0,13,50,2,65,0,24,52,2,78,64,8,72,150
09/29/2000,HOB,NM,ASW,CE,Federal Contract Tower,0,13,2,0,15,0,9,58,0,67,0,22,60,0,82,62,0,62,144
09/30/2000,HOB,NM,ASW,CE,Federal Contract Tower,0,6,1,0,7,0,2,50,0,52,0,8,51,0,59,70,0,70,129
10/01/2000,HOB,NM,ASW,CE,Federal Contract Tower,0,3,0,0,3,0,1,48,0,49,0,4,48,0,52,56,0,56,108
10/02/2000,HOB,NM,ASW,CE,Federal Contract Tower,0,8,3,0,11,0,14,57,0,71,0,22,60,0,82,64,0,64,146
10/03/2000,HOB,NM,ASW,CE,Federal Contract Tower,0,9,3,0,12,0,15,49,0,64,0,24,52,0,76,72,0,72,148
10/04/2000,HOB,NM,ASW,CE,Federal Contract Tower,0,9,3,0,12,0,15,53,0,68,0,24,56,0,80,64,0,64,144
10/05/2000,HOB,NM,ASW,CE,Federal Contract Tower,0,9,2,0,11,0,15,64,0,79,0,24,66,0,90,64,0,64,154
10/06/2000,HOB,NM,ASW,CE,Federal Contract Tower,0,14,4,0,18,0,12,53,0,65,0,26,57,0,83,66,0,66,149
10/07/2000,HOB,NM,ASW,CE,Federal Contract Tower,0,7,2,0,9,0,3,46,0,49,0,10,48,0,58,48,0,48,106
10/08/2000,HOB,NM,ASW,CE,Federal Contract Tower,0,4,2,0,6,0,0,50,0,50,0,4,52,0,56,54,0,54,110
10/09/2000,HOB,NM,ASW,CE,Federal Contract Tower,0,11,4,0,15,0,11,54,0,65,0,22,58,0,80,42,0,42,122
10/10/2000,HOB,NM,ASW,CE,Federal Contract Tower,0,14,5,0,19,0,12,59,0,71,0,26,64,0,90,78,0,78,168
10/11/2000,HOB,NM,ASW,CE,Federal Contract Tower,0,13,4,0,17,0,13,56,0,69,0,26,60,0,86,60,0,60,146
10/12/2000,HOB,NM,ASW,CE,Federal Contract Tower,0,20,7,0,27,0,6,61,0,67,0,26,68,0,94,58,0,58,152
10/13/2000,HOB,NM,ASW,CE,Federal Contract Tower,0,11,4,0,15,0,13,54,0,67,0,24,58,0,82,62,0,62,144
10/14/2000,HOB,NM,ASW,CE,Federal Contract Tower,0,9,3,0,12,0,3,69,0,72,0,12,72,0,84,50,0,50,134
10/15/2000,HOB,NM,ASW,CE,Federal Contract Tower,0,4,2,0,6,0,0,50,0,50,0,4,52,0,56,46,0,46,102
10/16/2000,HOB,NM,ASW,CE,Federal Contract Tower,0,11,4,0,15,0,11,60,0,71,0,22,64,0,86,68,0,68,154
10/17/2000,HOB,NM,ASW,CE,Federal Contract Tower,0,13,4,0,17,0,9,54,0,63,0,22,58,0,80,60,0,60,140
10/18/2000,HOB,NM,ASW,CE,Federal Contract Tower,0,11,4,0,15,0,13,58,0,71,0,24,62,0,86,66,0,66,152
10/19/2000,HOB,NM,ASW,CE,Federal Contract Tower,0,22,7,0,29,0,4,47,4,55,0,26,54,4,84,58,16,74,158
10/20/2000,HOB,NM,ASW,CE,Federal Contract Tower,0,18,6,0,24,0,8,57,2,67,0,26,63,2,91,52,8,60,151
10/21/2000,HOB,NM,ASW,CE,Federal Contract Tower,0,10,3,0,13,0,0,59,0,59,0,10,62,0,72,60,0,60,132
10/22/2000,HOB,NM,ASW,CE,Federal Contract Tower,0,9,2,0,11,0,3,48,0,51,0,12,50,0,62,50,0,50,112
10/23/2000,HOB,NM,ASW,CE,Federal Contract Tower,0,18,6,0,24,0,10,46,0,56,0,28,52,0,80,56,0,56,136
10/24/2000,HOB,NM,ASW,CE,Federal Contract Tower,0,19,6,0,25,0,11,48,0,59,0,30,54,0,84,52,0,52,136
10/25/2000,HOB,NM,ASW,CE,Federal Contract Tower,0,16,5,0,21,0,8,55,0,63,0,24,60,0,84,68,0,68,152
10/26/2000,HOB,NM,ASW,CE,Federal Contract Tower,0,21,7,0,28,0,6,51,0,57,0,27,58,0,85,72,0,72,157
10/27/2000,HOB,NM,ASW,CE,Federal Contract Tower,0,14,6,0,20,0,15,70,0,85,0,29,76,0,105,84,0,84,189
10/28/2000,HOB,NM,ASW,CE,Federal Contract Tower,0,14,7,0,21,0,0,11,2,13,0,14,18,2,34,6,0,6,40
10/29/2000,HOB,NM,ASW,CE,Federal Contract Tower,0,10,3,0,13,0,2,23,2,27,0,12,26,2,40,52,0,52,92
10/30/2000,HOB,NM,ASW,CE,Federal Contract Tower,0,15,5,0,20,0,13,53,0,66,0,28,58,0,86,68,0,68,154
10/31/2000,HOB,NM,ASW,CE,Federal Contract Tower,0,19,6,0,25,0,11,46,0,57,0,30,52,0,82,64,0,64,146
11/01/2000,HOB,NM,ASW,CE,Federal Contract Tower,0,13,4,0,17,0,19,59,1,79,0,32,63,1,96,66,0,66,162
11/02/2000,HOB,NM,ASW,CE,Federal Contract Tower,0,15,5,0,20,0,13,55,0,68,0,28,60,0,88,70,0,70,158
11/03/2000,HOB,NM,ASW,CE,Federal Contract Tower,0,12,5,0,17,0,0,20,0,20,0,12,25,0,37,24,0,24,61
11/04/2000,HOB,NM,ASW,CE,Federal Contract Tower,0,4,3,0,7,0,2,24,0,26,0,6,27,0,33,30,0,30,63
11/05/2000,HOB,NM,ASW,CE,Federal Contract Tower,0,7,3,0,10,0,5,39,2,46,0,12,42,2,56,48,10,58,114
11/06/2000,HOB,NM,ASW,CE,Federal Contract Tower,0,11,4,0,15,0,19,68,0,87,0,30,72,0,102,56,0,56,158
11/07/2000,HOB,NM,ASW,CE,Federal Contract Tower,0,9,3,0,12,0,11,55,0,66,0,20,58,0,78,32,0,32,110
11/08/2000,HOB,NM,ASW,CE,Federal Contract Tower,0,13,4,0,17,0,7,50,0,57,0,20,54,0,74,68,0,68,142
11/09/2000,HOB,NM,ASW,CE,Federal Contract Tower,0,13,4,0,17,0,16,57,2,75,0,29,61,2,92,64,4,68,160
11/10/2000,HOB,NM,ASW,CE,Federal Contract Tower,0,12,2,1,15,0,18,65,3,86,0,30,67,4,101,70,10,80,181
11/11/2000,HOB,NM,ASW,CE,Federal Contract Tower,0,7,1,0,8,0,17,57,0,74,0,24,58,0,82,62,0,62,144
11/12/2000,HOB,NM,ASW,CE,Federal Contract Tower,0,9,2,0,11,0,7,68,0,75,0,16,70,0,86,58,0,58,144
11/13/2000,HOB,NM,ASW,CE,Federal Contract Tower,0,15,3,0,18,0,12,61,0,73,0,27,64,0,91,80,0,80,171
11/14/2000,HOB,NM,ASW,CE,Federal Contract Tower,0,13,3,0,16,0,10,49,0,59,0,23,52,0,75,62,0,62,137
11/15/2000,HOB,NM,ASW,CE,Federal Contract Tower,0,13,2,0,15,0,13,58,0,71,0,26,60,0,86,64,0,64,150
11/16/2000,HOB,NM,ASW,CE,Federal Contract Tower,0,13,2,0,15,0,15,57,0,72,0,28,59,0,87,50,0,50,137
11/17/2000,HOB,NM,ASW,CE,Federal Contract Tower,0,13,3,0,16,0,13,52,0,65,0,26,55,0,81,66,0,66,147
11/18/2000,HOB,NM,ASW,CE,Federal Contract Tower,0,7,1,0,8,0,0,9,0,9,0,7,10,0,17,8,0,8,25
11/19/2000,HOB,NM,ASW,CE,Federal Contract Tower,0,6,1,0,7,0,4,59,0,63,0,10,60,0,70,64,0,64,134
11/20/2000,HOB,NM,ASW,CE,Federal Contract Tower,0,17,4,0,21,0,13,52,2,67,0,30,56,2,88,68,0,68,156
11/21/2000,HOB,NM,ASW,CE,Federal Contract Tower,0,11,2,0,13,0,13,50,0,63,0,24,52,0,76,60,0,60,136
11/22/2000,HOB,NM,ASW,CE,Federal Contract Tower,0,18,4,0,22,0,8,54,0,62,0,26,58,0,84,60,0,60,144
11/23/2000,HOB,NM,ASW,CE,Federal Contract Tower,0,6,1,0,7,0,6,42,0,48,0,12,43,0,55,48,0,48,103
11/24/2000,HOB,NM,ASW,CE,Federal Contract Tower,0,11,2,0,13,0,12,70,0,82,0,23,72,0,95,60,0,60,155
11/25/2000,HOB,NM,ASW,CE,Federal Contract Tower,0,6,1,0,7,0,0,21,0,21,0,6,22,0,28,34,0,34,62
11/26/2000,HOB,NM,ASW,CE,Federal Contract Tower,0,6,1,0,7,0,6,67,0,73,0,12,68,0,80,42,0,42,122
11/27/2000,HOB,NM,ASW,CE,Federal Contract Tower,0,13,2,0,15,0,15,70,6,91,0,28,72,6,106,62,4,66,172
11/28/2000,HOB,NM,ASW,CE,Federal Contract Tower,0,13,2,0,15,0,17,64,2,83,0,30,66,2,98,68,0,68,166
11/29/2000,HOB,NM,ASW,CE,Federal Contract Tower,0,13,2,0,15,0,17,50,0,67,0,30,52,0,82,60,0,60,142
11/30/2000,HOB,NM,ASW,CE,Federal Contract Tower,0,15,3,0,18,0,15,56,0,71,0,30,59,0,89,58,0,58,147
12/01/2000,HOB,NM,ASW,CE,Federal Contract Tower,0,13,3,0,16,0,13,47,0,60,0,26,50,0,76,58,0,58,134
12/02/2000,HOB,NM,ASW,CE,Federal Contract Tower,0,5,2,0,7,0,7,45,0,52,0,12,47,0,59,62,0,62,121
12/03/2000,HOB,NM,ASW,CE,Federal Contract Tower,0,7,2,0,9,0,9,50,0,59,0,16,52,0,68,52,0,52,120
12/04/2000,HOB,NM,ASW,CE,Federal Contract Tower,0,12,3,0,15,0,16,61,0,77,0,28,64,0,92,54,0,54,146
12/05/2000,HOB,NM,ASW,CE,Federal Contract Tower,0,12,3,0,15,0,20,51,0,71,0,32,54,0,86,50,0,50,136
12/06/2000,HOB,NM,ASW,CE,Federal Contract Tower,0,15,4,0,19,0,20,59,0,79,0,35,63,0,98,60,0,60,158
12/07/2000,HOB,NM,ASW,CE,Federal Contract Tower,0,11,3,0,14,0,17,49,0,66,0,28,52,0,80,72,0,72,152
12/08/2000,HOB,NM,ASW,CE,Federal Contract Tower,0,14,4,0,18,0,16,52,2,70,0,30,56,2,88,52,0,52,140
12/09/2000,HOB,NM,ASW,CE,Federal Contract Tower,0,9,2,0,11,0,1,56,0,57,0,10,58,0,68,60,0,60,128
12/10/2000,HOB,NM,ASW,CE,Federal Contract Tower,0,8,2,0,10,0,4,60,0,64,0,12,62,0,74,56,0,56,130
12/11/2000,HOB,NM,ASW,CE,Federal Contract Tower,0,13,3,0,16,0,11,45,0,56,0,24,48,0,72,54,0,54,126
12/12/2000,HOB,NM,ASW,CE,Federal Contract Tower,0,9,3,0,12,0,17,49,0,66,0,26,52,0,78,56,0,56,134
12/13/2000,HOB,NM,ASW,CE,Federal Contract Tower,0,14,3,0,17,0,12,59,0,71,0,26,62,0,88,60,0,60,148
12/14/2000,HOB,NM,ASW,CE,Federal Contract Tower,0,13,2,0,15,0,15,51,0,66,0,28,53,0,81,62,0,62,143
12/15/2000,HOB,NM,ASW,CE,Federal Contract Tower,0,15,3,0,18,0,17,58,0,75,0,32,61,0,93,58,0,58,151
12/16/2000,HOB,NM,ASW,CE,Federal Contract Tower,0,10,2,0,12,0,0,48,0,48,0,10,50,0,60,56,0,56,116
12/17/2000,HOB,NM,ASW,CE,Federal Contract Tower,0,11,2,0,13,0,1,59,2,62,0,12,61,2,75,68,0,68,143
12/18/2000,HOB,NM,ASW,CE,Federal Contract Tower,0,13,2,0,15,0,13,68,0,81,0,26,70,0,96,72,0,72,168
12/19/2000,HOB,NM,ASW,CE,Federal Contract Tower,0,12,2,0,14,0,16,66,0,82,0,28,68,0,96,64,0,64,160
12/20/2000,HOB,NM,ASW,CE,Federal Contract Tower,0,15,2,0,17,0,23,55,0,78,0,38,57,0,95,54,0,54,149
12/21/2000,HOB,NM,ASW,CE,Federal Contract Tower,0,14,2,0,16,0,22,60,0,82,0,36,62,0,98,62,0,62,160
12/22/2000,HOB,NM,ASW,CE,Federal Contract Tower,0,17,3,0,20,0,21,56,0,77,0,38,59,0,97,70,0,70,167
12/23/2000,HOB,NM,ASW,CE,Federal Contract Tower,0,10,1,0,11,0,32,59,0,91,0,42,60,0,102,60,0,60,162
12/24/2000,HOB,NM,ASW,CE,Federal Contract Tower,0,8,1,0,9,0,0,32,0,32,0,8,33,0,41,12,0,12,53
12/25/2000,HOB,NM,ASW,CE,Federal Contract Tower,0,2,0,0,2,0,0,2,0,2,0,2,2,0,4,0,0,0,4
12/26/2000,HOB,NM,ASW,CE,Federal Contract Tower,0,12,2,0,14,0,0,18,0,18,0,12,20,0,32,0,0,0,32
12/27/2000,HOB,NM,ASW,CE,Federal Contract Tower,0,13,2,0,15,0,3,42,0,45,0,16,44,0,60,32,0,32,92
12/28/2000,HOB,NM,ASW,CE,Federal Contract Tower,0,10,2,0,12,0,16,48,0,64,0,26,50,0,76,58,0,58,134
12/29/2000,HOB,NM,ASW,CE,Federal Contract Tower,0,15,3,0,18,0,11,51,0,62,0,26,54,0,80,52,0,52,132
12/30/2000,HOB,NM,ASW,CE,Federal Contract Tower,0,9,1,0,10,0,3,71,0,74,0,12,72,0,84,78,0,78,162
12/31/2000,HOB,NM,ASW,CE,Federal Contract Tower,0,7,1,0,8,0,7,63,0,70,0,14,64,0,78,64,0,64,142
01/01/2001,HOB,NM,ASW,CE,Federal Contract Tower,0,12,4,0,16,0,2,53,0,55,0,14,57,0,71,102,0,102,173
01/02/2001,HOB,NM,ASW,CE,Federal Contract Tower,0,18,5,0,23,0,8,46,0,54,0,26,51,0,77,46,0,46,123
01/03/2001,HOB,NM,ASW,CE,Federal Contract Tower,0,7,2,0,9,0,19,38,0,57,0,26,40,0,66,68,0,68,134
01/04/2001,HOB,NM,ASW,CE,Federal Contract Tower,0,12,3,0,15,0,12,45,0,57,0,24,48,0,72,60,0,60,132
01/05/2001,HOB,NM,ASW,CE,Federal Contract Tower,0,15,4,0,19,0,17,56,0,73,0,32,60,0,92,74,0,74,166
01/06/2001,HOB,NM,ASW,CE,Federal Contract Tower,0,6,1,0,7,0,6,47,0,53,0,12,48,0,60,54,0,54,114
01/07/2001,HOB,NM,ASW,CE,Federal Contract Tower,0,6,1,0,7,0,4,55,0,59,0,10,56,0,66,60,0,60,126
01/08/2001,HOB,NM,ASW,CE,Federal Contract Tower,0,11,3,0,14,0,15,54,0,69,0,26,57,0,83,58,0,58,141
01/09/2001,HOB,NM,ASW,CE,Federal Contract Tower,0,11,3,0,14,0,17,81,0,98,0,28,84,0,112,72,0,72,184
01/10/2001,HOB,NM,ASW,CE,Federal Contract Tower,0,11,3,0,14,0,13,55,0,68,0,24,58,0,82,70,0,70,152
01/11/2001,HOB,NM,ASW,CE,Federal Contract Tower,0,9,2,0,11,0,17,48,0,65,0,26,50,0,76,68,0,68,144
01/12/2001,HOB,NM,ASW,CE,Federal Contract Tower,0,14,3,0,17,0,12,59,0,71,0,26,62,0,88,72,0,72,160
01/13/2001,HOB,NM,ASW,CE,Federal Contract Tower,0,9,2,0,11,0,4,48,0,52,0,13,50,0,63,64,0,64,127
01/14/2001,HOB,NM,ASW,CE,Federal Contract Tower,0,8,2,0,10,0,2,49,0,51,0,10,51,0,61,56,0,56,117
01/15/2001,HOB,NM,ASW,CE,Federal Contract Tower,0,14,3,0,17,0,10,57,0,67,0,24,60,0,84,76,0,76,160
01/16/2001,HOB,NM,ASW,CE,Federal Contract Tower,0,18,4,0,22,0,10,58,0,68,0,28,62,0,90,68,0,68,158
01/17/2001,HOB,NM,ASW,CE,Federal Contract Tower,0,12,2,0,14,0,2,26,0,28,0,14,28,0,42,0,0,0,42
01/18/2001,HOB,NM,ASW,CE,Federal Contract Tower,0,15,3,0,18,0,11,39,0,50,0,26,42,0,68,20,0,20,88
01/19/2001,HOB,NM,ASW,CE,Federal Contract Tower,0,12,3,0,15,0,18,75,0,93,0,30,78,0,108,80,0,80,188
01/20/2001,HOB,NM,ASW,CE,Federal Contract Tower,0,6,1,0,7,0,12,51,0,63,0,18,52,0,70,62,0,62,132
01/21/2001,HOB,NM,ASW,CE,Federal Contract Tower,0,16,4,0,20,0,0,84,32,116,0,16,88,32,136,80,102,182,318
01/22/2001,HOB,NM,ASW,CE,Federal Contract Tower,0,18,4,0,22,0,8,66,10,84,0,26,70,10,106,72,24,96,202
01/23/2001,HOB,NM,ASW,CE,Federal Contract Tower,0,16,4,0,20,0,12,60,2,74,0,28,64,2,94,64,0,64,158
01/24/2001,HOB,NM,ASW,CE,Federal Contract Tower,0,16,4,0,20,0,11,65,0,76,0,27,69,0,96,74,0,74,170
01/25/2001,HOB,NM,ASW,CE,Federal Contract Tower,0,20,4,0,24,0,8,66,0,74,0,28,70,0,98,72,0,72,170
01/26/2001,HOB,NM,ASW,CE,Federal Contract Tower,0,11,2,0,13,0,11,56,0,67,0,22,58,0,80,64,0,64,144
01/27/2001,HOB,NM,ASW,CE,Federal Contract Tower,0,8,1,0,9,0,4,16,0,20,0,12,17,0,29,2,0,2,31
01/28/2001,HOB,NM,ASW,CE,Federal Contract Tower,0,4,0,0,4,0,6,13,0,19,0,10,13,0,23,16,0,16,39
01/29/2001,HOB,NM,ASW,CE,Federal Contract Tower,0,10,2,0,12,0,8,24,0,32,0,18,26,0,44,40,0,40,84
01/30/2001,HOB,NM,ASW,CE,Federal Contract Tower,0,10,2,0,12,0,12,45,0,57,0,22,47,0,69,48,0,48,117
01/31/2001,HOB,NM,ASW,CE,Federal Contract Tower,0,14,3,0,17,0,6,53,0,59,0,20,56,0,76,62,0,62,138
02/01/2001,HOB,NM,ASW,CE,Federal Contract Tower,0,10,3,0,13,0,12,51,0,63,0,22,54,0,76,68,0,68,144
02/02/2001,HOB,NM,ASW,CE,Federal Contract Tower,0,11,4,0,15,0,12,56,0,68,0,23,60,0,83,56,0,56,139
02/03/2001,HOB,NM,ASW,CE,Federal Contract Tower,0,6,2,1,9,0,3,69,1,73,0,9,71,2,82,74,12,86,168
02/04/2001,HOB,NM,ASW,CE,Federal Contract Tower,0,8,2,0,10,0,2,60,0,62,0,10,62,0,72,64,0,64,136
02/05/2001,HOB,NM,ASW,CE,Federal Contract Tower,0,10,3,1,14,0,10,51,15,76,0,20,54,16,90,78,36,114,204
02/06/2001,HOB,NM,ASW,CE,Federal Contract Tower,0,12,4,1,17,0,14,59,3,76,0,26,63,4,93,62,16,78,171
02/07/2001,HOB,NM,ASW,CE,Federal Contract Tower,0,11,4,0,15,0,15,68,0,83,0,26,72,0,98,66,0,66,164
02/08/2001,HOB,NM,ASW,CE,Federal Contract Tower,0,11,4,0,15,0,13,44,0,57,0,24,48,0,72,72,0,72,144
02/09/2001,HOB,NM,ASW,CE,Federal Contract Tower,0,12,4,0,16,0,14,58,0,72,0,26,62,0,88,64,0,64,152
02/10/2001,HOB,NM,ASW,CE,Federal Contract Tower,0,11,4,0,15,0,1,54,0,55,0,12,58,0,70,68,0,68,138
02/11/2001,HOB,NM,ASW,CE,Federal Contract Tower,0,8,3,0,11,0,2,39,0,41,0,10,42,0,52,60,0,60,112
02/12/2001,HOB,NM,ASW,CE,Federal Contract Tower,0,11,2,0,13,0,13,59,0,72,0,24,61,0,85,72,0,72,157
02/13/2001,HOB,NM,ASW,CE,Federal Contract Tower,0,14,2,2,18,0,12,72,0,84,0,26,74,2,102,62,16,78,180
02/14/2001,HOB,NM,ASW,CE,Federal Contract Tower,0,15,2,2,19,0,7,54,0,61,0,22,56,2,80,70,16,86,166
02/15/2001,HOB,NM,ASW,CE,Federal Contract Tower,0,15,4,1,20,0,11,56,1,68,0,26,60,2,88,74,24,98,186
02/16/2001,HOB,NM,ASW,CE,Federal Contract Tower,0,16,4,0,20,0,10,79,0,89,0,26,83,0,109,88,0,88,197
02/17/2001,HOB,NM,ASW,CE,Federal Contract Tower,0,9,2,0,11,0,1,51,6,58,0,10,53,6,69,60,0,60,129
02/18/2001,HOB,NM,ASW,CE,Federal Contract Tower,0,9,2,0,11,0,5,48,0,53,0,14,50,0,64,48,0,48,112
02/19/2001,HOB,NM,ASW,CE,Federal Contract Tower,0,11,3,0,14,0,15,51,0,66,0,26,54,0,80,66,0,66,146
02/20/2001,HOB,NM,ASW,CE,Federal Contract Tower,0,15,4,0,19,0,10,64,0,74,0,25,68,0,93,88,0,88,181
02/21/2001,HOB,NM,ASW,CE,Federal Contract Tower,0,15,4,0,19,0,9,48,0,57,0,24,52,0,76,70,0,70,146
02/22/2001,HOB,NM,ASW,CE,Federal Contract Tower,0,12,3,0,15,0,14,57,0,71,0,26,60,0,86,72,0,72,158
02/23/2001,HOB,NM,ASW,CE,Federal Contract Tower,0,12,4,0,16,0,12,54,0,66,0,24,58,0,82,64,0,64,146
02/24/2001,HOB,NM,ASW,CE,Federal Contract Tower,0,10,3,0,13,0,2,67,0,69,0,12,70,0,82,70,0,70,152
02/25/2001,HOB,NM,ASW,CE,Federal Contract Tower,0,8,2,0,10,0,2,52,0,54,0,10,54,0,64,60,0,60,124
02/26/2001,HOB,NM,ASW,CE,Federal Contract Tower,0,14,3,1,18,0,10,57,3,70,0,24,60,4,88,58,16,74,162
02/27/2001,HOB,NM,ASW,CE,Federal Contract Tower,0,26,7,2,35,0,0,65,12,77,0,26,72,14,112,70,32,102,214
02/28/2001,HOB,NM,ASW,CE,Federal Contract Tower,0,20,5,1,26,0,6,59,7,72,0,26,64,8,98,62,24,86,184
03/01/2001,HOB,NM,ASW,CE,Federal Contract Tower,0,8,3,1,12,0,16,69,1,86,0,24,72,2,98,60,12,72,170
03/02/2001,HOB,NM,ASW,CE,Federal Contract Tower,0,10,5,0,15,0,0,57,0,57,0,10,62,0,72,52,0,52,124
03/03/2001,HOB,NM,ASW,CE,Federal Contract Tower,0,7,3,0,10,0,1,45,0,46,0,8,48,0,56,64,0,64,120
03/04/2001,HOB,NM,ASW,CE,Federal Contract Tower,0,5,3,1,9,0,17,53,3,73,0,22,56,4,82,58,30,88,170
03/05/2001,HOB,NM,ASW,CE,Federal Contract Tower,0,9,4,0,13,0,17,56,0,73,0,26,60,0,86,60,0,60,146
03/06/2001,HOB,NM,ASW,CE,Federal Contract Tower,0,9,4,0,13,0,13,66,0,79,0,22,70,0,92,80,0,80,172
03/07/2001,HOB,NM,ASW,CE,Federal Contract Tower,0,10,5,0,15,0,14,59,0,73,0,24,64,0,88,62,0,62,150
03/08/2001,HOB,NM,ASW,CE,Federal Contract Tower,0,11,5,0,16,0,11,75,0,86,0,22,80,0,102,78,0,78,180
03/09/2001,HOB,NM,ASW,CE,Federal Contract Tower,0,11,6,0,17,0,0,60,0,60,0,11,66,0,77,54,0,54,131
03/10/2001,HOB,NM,ASW,CE,Federal Contract Tower,0,8,2,1,11,0,2,50,1,53,0,10,52,2,64,60,0,60,124
03/11/2001,HOB,NM,ASW,CE,Federal Contract Tower,0,9,1,0,10,0,13,59,0,72,0,22,60,0,82,52,0,52,134
03/12/2001,HOB,NM,ASW,CE,Federal Contract Tower,0,18,5,0,23,0,6,53,0,59,0,24,58,0,82,66,0,66,148
03/13/2001,HOB,NM,ASW,CE,Federal Contract Tower,0,12,4,0,16,0,12,78,0,90,0,24,82,0,106,82,0,82,188
03/14/2001,HOB,NM,ASW,CE,Federal Contract Tower,0,15,4,0,19,0,7,52,4,63,0,22,56,4,82,60,0,60,142
03/15/2001,HOB,NM,ASW,CE,Federal Contract Tower,0,9,3,0,12,0,17,71,0,88,0,26,74,0,100,80,0,80,180
03/16/2001,HOB,NM,ASW,CE,Federal Contract Tower,0,10,3,0,13,0,0,67,0,67,0,10,70,0,80,60,0,60,140
03/17/2001,HOB,NM,ASW,CE,Federal Contract Tower,0,8,2,0,10,0,0,58,0,58,0,8,60,0,68,48,0,48,116
03/18/2001,HOB,NM,ASW,CE,Federal Contract Tower,0,12,3,0,15,0,12,47,0,59,0,24,50,0,74,52,0,52,126
03/19/2001,HOB,NM,ASW,CE,Federal Contract Tower,0,13,4,0,17,0,9,60,0,69,0,22,64,0,86,70,0,70,156
03/20/2001,HOB,NM,ASW,CE,Federal Contract Tower,0,9,3,0,12,0,13,73,0,86,0,22,76,0,98,88,0,88,186
03/21/2001,HOB,NM,ASW,CE,Federal Contract Tower,0,11,3,0,14,0,13,55,0,68,0,24,58,0,82,64,0,64,146
03/22/2001,HOB,NM,ASW,CE,Federal Contract Tower,0,14,4,0,18,0,8,66,2,76,0,22,70,2,94,70,22,92,186
03/23/2001,HOB,NM,ASW,CE,Federal Contract Tower,0,12,4,0,16,0,0,58,2,60,0,12,62,2,76,88,12,100,176
03/24/2001,HOB,NM,ASW,CE,Federal Contract Tower,0,8,2,0,10,0,0,44,0,44,0,8,46,0,54,58,0,58,112
03/25/2001,HOB,NM,ASW,CE,Federal Contract Tower,0,14,4,0,18,0,6,44,0,50,0,20,48,0,68,54,0,54,122
03/26/2001,HOB,NM,ASW,CE,Federal Contract Tower,0,12,4,0,16,0,10,60,0,70,0,22,64,0,86,58,0,58,144
03/27/2001,HOB,NM,ASW,CE,Federal Contract Tower,0,18,5,0,23,0,4,73,0,77,0,22,78,0,100,66,0,66,166
03/28/2001,HOB,NM,ASW,CE,Federal Contract Tower,0,18,5,0,23,0,2,55,4,61,0,20,60,4,84,90,10,100,184
03/29/2001,HOB,NM,ASW,CE,Federal Contract Tower,0,14,4,0,18,0,10,72,2,84,0,24,76,2,102,76,8,84,186
03/30/2001,HOB,NM,ASW,CE,Federal Contract Tower,0,12,4,0,16,0,0,64,0,64,0,12,68,0,80,60,0,60,140
03/31/2001,HOB,NM,ASW,CE,Federal Contract Tower,0,9,2,0,11,0,1,53,0,54,0,10,55,0,65,52,0,52,117
04/01/2001,HOB,NM,ASW,CE,Federal Contract Tower,0,8,1,0,9,0,2,37,0,39,0,10,38,0,48,80,0,80,128
04/02/2001,HOB,NM,ASW,CE,Federal Contract Tower,0,12,4,0,16,0,10,58,0,68,0,22,62,0,84,64,0,64,148
04/03/2001,HOB,NM,ASW,CE,Federal Contract Tower,0,12,5,0,17,0,8,49,0,57,0,20,54,0,74,58,0,58,132
04/04/2001,HOB,NM,ASW,CE,Federal Contract Tower,0,12,7,6,25,0,14,73,0,87,0,26,80,6,112,102,32,134,246
04/05/2001,HOB,NM,ASW,CE,Federal Contract Tower,0,13,5,0,18,0,11,45,0,56,0,24,50,0,74,50,2,52,126
04/06/2001,HOB,NM,ASW,CE,Federal Contract Tower,0,13,3,0,16,0,11,49,2,62,0,24,52,2,78,48,0,48,126
04/07/2001,HOB,NM,ASW,CE,Federal Contract Tower,0,6,0,0,6,0,4,40,4,48,0,10,40,4,54,40,0,40,94
04/08/2001,HOB,NM,ASW,CE,Federal Contract Tower,0,10,2,0,12,0,2,64,0,66,0,12,66,0,78,70,0,70,148
04/09/2001,HOB,NM,ASW,CE,Federal Contract Tower,0,14,10,13,37,0,8,48,1,57,0,22,58,14,94,62,32,94,188
04/10/2001,HOB,NM,ASW,CE,Federal Contract Tower,0,13,5,0,18,0,15,63,0,78,0,28,68,0,96,74,0,74,170
04/11/2001,HOB,NM,ASW,CE,Federal Contract Tower,0,13,2,0,15,0,11,46,0,57,0,24,48,0,72,50,0,50,122
04/12/2001,HOB,NM,ASW,CE,Federal Contract Tower,0,13,2,0,15,0,11,40,2,53,0,24,42,2,68,54,10,64,132
04/13/2001,HOB,NM,ASW,CE,Federal Contract Tower,0,10,2,0,12,0,12,56,0,68,0,22,58,0,80,48,0,48,128
04/14/2001,HOB,NM,ASW,CE,Federal Contract Tower,0,7,2,0,9,0,3,38,0,41,0,10,40,0,50,34,0,34,84
04/15/2001,HOB,NM,ASW,CE,Federal Contract Tower,0,7,1,0,8,0,5,56,2,63,0,12,57,2,71,60,0,60,131
04/16/2001,HOB,NM,ASW,CE,Federal Contract Tower,0,13,1,0,14,0,11,69,0,80,0,24,70,0,94,88,0,88,182
04/17/2001,HOB,NM,ASW,CE,Federal Contract Tower,0,20,12,0,32,0,6,72,0,78,0,26,84,0,110,90,0,90,200
04/18/2001,HOB,NM,ASW,CE,Federal Contract Tower,0,14,10,0,24,0,8,38,0,46,0,22,48,0,70,52,0,52,122
04/19/2001,HOB,NM,ASW,CE,Federal Contract Tower,0,14,4,0,18,0,8,32,0,40,0,22,36,0,58,48,0,48,106
04/20/2001,HOB,NM,ASW,CE,Federal Contract Tower,0,16,9,0,25,0,6,29,0,35,0,22,38,0,60,50,0,50,110
04/21/2001,HOB,NM,ASW,CE,Federal Contract Tower,0,7,0,0,7,0,0,30,0,30,0,7,30,0,37,44,0,44,81
04/22/2001,HOB,NM,ASW,CE,Federal Contract Tower,0,6,1,0,7,0,20,59,2,81,0,26,60,2,88,70,16,86,174
04/23/2001,HOB,NM,ASW,CE,Federal Contract Tower,0,11,4,0,15,0,13,53,0,66,0,24,57,0,81,62,0,62,143
04/24/2001,HOB,NM,ASW,CE,Federal Contract Tower,0,14,4,0,18,0,10,48,0,58,0,24,52,0,76,68,0,68,144
04/25/2001,HOB,NM,ASW,CE,Federal Contract Tower,0,14,4,0,18,0,8,46,0,54,0,22,50,0,72,54,0,54,126
04/26/2001,HOB,NM,ASW,CE,Federal Contract Tower,0,12,4,0,16,0,12,48,4,64,0,24,52,4,80,48,16,64,144
04/27/2001,HOB,NM,ASW,CE,Federal Contract Tower,0,12,2,0,14,0,10,42,0,52,0,22,44,0,66,64,0,64,130
04/28/2001,HOB,NM,ASW,CE,Federal Contract Tower,0,7,0,0,7,0,0,40,0,40,0,7,40,0,47,44,0,44,91
04/29/2001,HOB,NM,ASW,CE,Federal Contract Tower,0,6,3,0,9,0,6,53,2,61,0,12,56,2,70,66,4,70,140
04/30/2001,HOB,NM,ASW,CE,Federal Contract Tower,0,12,5,0,17,0,10,55,0,65,0,22,60,0,82,70,0,70,152
05/01/2001,HOB,NM,ASW,CE,Federal Contract Tower,0,13,1,0,14,0,11,47,0,58,0,24,48,0,72,64,0,64,136
05/02/2001,HOB,NM,ASW,CE,Federal Contract Tower,0,14,8,0,22,0,12,52,0,64,0,26,60,0,86,70,0,70,156
05/03/2001,HOB,NM,ASW,CE,Federal Contract Tower,0,10,9,0,19,0,16,49,0,65,0,26,58,0,84,66,0,66,150
05/04/2001,HOB,NM,ASW,CE,Federal Contract Tower,0,13,7,0,20,0,11,59,2,72,0,24,66,2,92,70,0,70,162
05/05/2001,HOB,NM,ASW,CE,Federal Contract Tower,0,7,1,0,8,0,13,53,0,66,0,20,54,0,74,102,0,102,176
05/06/2001,HOB,NM,ASW,CE,Federal Contract Tower,0,6,2,0,8,0,1,58,0,59,0,7,60,0,67,68,0,68,135
05/07/2001,HOB,NM,ASW,CE,Federal Contract Tower,0,12,6,0,18,0,12,58,0,70,0,24,64,0,88,60,0,60,148
05/08/2001,HOB,NM,ASW,CE,Federal Contract Tower,0,14,7,0,21,0,14,51,0,65,0,28,58,0,86,70,0,70,156
05/09/2001,HOB,NM,ASW,CE,Federal Contract Tower,0,11,2,0,13,0,15,68,4,87,0,26,70,4,100,88,16,104,204
05/10/2001,HOB,NM,ASW,CE,Federal Contract Tower,0,12,1,0,13,0,16,61,2,79,0,28,62,2,92,82,0,82,174
05/11/2001,HOB,NM,ASW,CE,Federal Contract Tower,0,12,6,0,18,0,13,82,0,95,0,25,88,0,113,120,0,120,233
05/12/2001,HOB,NM,ASW,CE,Federal Contract Tower,0,8,3,0,11,0,10,67,0,77,0,18,70,0,88,62,0,62,150
05/13/2001,HOB,NM,ASW,CE,Federal Contract Tower,0,5,2,0,7,0,0,48,0,48,0,5,50,0,55,64,0,64,119
05/14/2001,HOB,NM,ASW,CE,Federal Contract Tower,0,12,5,0,17,0,2,61,0,63,0,14,66,0,80,60,0,60,140
05/15/2001,HOB,NM,ASW,CE,Federal Contract Tower,0,12,4,0,16,0,12,66,0,78,0,24,70,0,94,58,0,58,152
05/16/2001,HOB,NM,ASW,CE,Federal Contract Tower,0,13,6,0,19,0,9,56,0,65,0,22,62,0,84,64,0,64,148
05/17/2001,HOB,NM,ASW,CE,Federal Contract Tower,0,13,5,0,18,0,13,73,2,88,0,26,78,2,106,60,16,76,182
05/18/2001,HOB,NM,ASW,CE,Federal Contract Tower,0,13,3,0,16,0,11,65,0,76,0,24,68,0,92,74,0,74,166
05/19/2001,HOB,NM,ASW,CE,Federal Contract Tower,0,7,3,0,10,0,0,55,10,65,0,7,58,10,75,80,0,80,155
05/20/2001,HOB,NM,ASW,CE,Federal Contract Tower,0,6,1,0,7,0,8,63,2,73,0,14,64,2,80,62,12,74,154
05/21/2001,HOB,NM,ASW,CE,Federal Contract Tower,0,8,5,0,13,0,18,55,0,73,0,26,60,0,86,70,0,70,156
05/22/2001,HOB,NM,ASW,CE,Federal Contract Tower,0,13,3,0,16,0,13,69,0,82,0,26,72,0,98,100,0,100,198
05/23/2001,HOB,NM,ASW,CE,Federal Contract Tower,0,13,3,0,16,0,11,55,0,66,0,24,58,0,82,70,0,70,152
05/24/2001,HOB,NM,ASW,CE,Federal Contract Tower,0,11,2,0,13,0,15,62,0,77,0,26,64,0,90,84,0,84,174
05/25/2001,HOB,NM,ASW,CE,Federal Contract Tower,0,17,8,0,25,0,7,54,4,65,0,24,62,4,90,76,0,76,166
05/26/2001,HOB,NM,ASW,CE,Federal Contract Tower,0,7,3,0,10,0,18,55,0,73,0,25,58,0,83,80,0,80,163
05/27/2001,HOB,NM,ASW,CE,Federal Contract Tower,0,4,0,0,4,0,10,46,0,56,0,14,46,0,60,62,0,62,122
05/28/2001,HOB,NM,ASW,CE,Federal Contract Tower,0,6,0,0,6,0,6,60,0,66,0,12,60,0,72,112,0,112,184
05/29/2001,HOB,NM,ASW,CE,Federal Contract Tower,0,11,3,0,14,0,15,80,4,99,0,26,83,4,113,80,32,112,225
05/30/2001,HOB,NM,ASW,CE,Federal Contract Tower,0,12,4,0,16,0,12,60,0,72,0,24,64,0,88,72,0,72,160
05/31/2001,HOB,NM,ASW,CE,Federal Contract Tower,0,12,3,0,15,0,14,69,0,83,0,26,72,0,98,64,0,64,162
06/01/2001,HOB,NM,ASW,CE,Federal Contract Tower,0,10,5,2,17,0,16,61,0,77,0,26,66,2,94,62,0,62,156
06/02/2001,HOB,NM,ASW,CE,Federal Contract Tower,0,6,2,0,8,0,1,72,0,73,0,7,74,0,81,54,0,54,135
06/03/2001,HOB,NM,ASW,CE,Federal Contract Tower,0,6,0,0,6,0,6,58,0,64,0,12,58,0,70,68,0,68,138
06/04/2001,HOB,NM,ASW,CE,Federal Contract Tower,0,13,2,0,15,0,13,38,0,51,0,26,40,0,66,50,0,50,116
06/05/2001,HOB,NM,ASW,CE,Federal Contract Tower,0,10,3,0,13,0,14,51,0,65,0,24,54,0,78,44,0,44,122
06/06/2001,HOB,NM,ASW,CE,Federal Contract Tower,0,14,4,0,18,0,2,46,0,48,0,16,50,0,66,40,0,40,106
06/07/2001,HOB,NM,ASW,CE,Federal Contract Tower,0,16,6,0,22,0,0,34,6,40,0,16,40,6,62,32,6,38,100
06/08/2001,HOB,NM,ASW,CE,Federal Contract Tower,0,12,4,0,16,0,6,30,0,36,0,18,34,0,52,44,0,44,96
06/09/2001,HOB,NM,ASW,CE,Federal Contract Tower,0,7,3,0,10,0,0,37,0,37,0,7,40,0,47,36,0,36,83
06/10/2001,HOB,NM,ASW,CE,Federal Contract Tower,0,7,6,0,13,0,0,30,0,30,0,7,36,0,43,42,0,42,85
06/11/2001,HOB,NM,ASW,CE,Federal Contract Tower,0,12,10,0,22,0,6,38,0,44,0,18,48,0,66,50,0,50,116
06/12/2001,HOB,NM,ASW,CE,Federal Contract Tower,0,12,9,0,21,0,6,41,0,47,0,18,50,0,68,44,0,44,112
06/13/2001,HOB,NM,ASW,CE,Federal Contract Tower,0,11,5,0,16,0,7,41,0,48,0,18,46,0,64,42,0,42,106
06/14/2001,HOB,NM,ASW,CE,Federal Contract Tower,0,9,5,0,14,0,9,35,0,44,0,18,40,0,58,54,0,54,112
06/15/2001,HOB,NM,ASW,CE,Federal Contract Tower,0,10,2,0,12,0,6,36,0,42,0,16,38,0,54,58,0,58,112
06/16/2001,HOB,NM,ASW,CE,Federal Contract Tower,0,6,2,0,8,0,1,50,0,51,0,7,52,0,59,60,0,60,119
06/17/2001,HOB,NM,ASW,CE,Federal Contract Tower,0,7,0,0,7,0,0,36,0,36,0,7,36,0,43,40,0,40,83
06/18/2001,HOB,NM,ASW,CE,Federal Contract Tower,0,11,0,0,11,0,7,50,0,57,0,18,50,0,68,52,0,52,120
06/19/2001,HOB,NM,ASW,CE,Federal Contract Tower,0,12,2,0,14,0,6,60,0,66,0,18,62,0,80,50,0,50,130
06/20/2001,HOB,NM,ASW,CE,Federal Contract Tower,0,12,4,0,16,0,6,40,0,46,0,18,44,0,62,46,0,46,108
06/21/2001,HOB,NM,ASW,CE,Federal Contract Tower,0,12,4,0,16,0,6,54,0,60,0,18,58,0,76,44,0,44,120
06/22/2001,HOB,NM,ASW,CE,Federal Contract Tower,0,12,2,0,14,0,6,40,0,46,0,18,42,0,60,62,0,62,122
06/23/2001,HOB,NM,ASW,CE,Federal Contract Tower,0,8,6,0,14,0,0,156,0,156,0,8,162,0,170,60,0,60,230
06/24/2001,HOB,NM,ASW,CE,Federal Contract Tower,0,7,3,0,10,0,0,45,0,45,0,7,48,0,55,40,0,40,95
06/25/2001,HOB,NM,ASW,CE,Federal Contract Tower,0,10,0,0,10,0,6,68,0,74,0,16,68,0,84,44,0,44,128
06/26/2001,HOB,NM,ASW,CE,Federal Contract Tower,0,12,6,0,18,0,6,30,0,36,0,18,36,0,54,50,0,50,104
06/27/2001,HOB,NM,ASW,CE,Federal Contract Tower,0,11,4,0,15,0,7,46,0,53,0,18,50,0,68,52,0,52,120
06/28/2001,HOB,NM,ASW,CE,Federal Contract Tower,0,12,2,0,14,0,6,46,0,52,0,18,48,0,66,48,0,48,114
06/29/2001,HOB,NM,ASW,CE,Federal Contract Tower,0,11,6,0,17,0,7,38,0,45,0,18,44,0,62,40,0,40,102
06/30/2001,HOB,NM,ASW,CE,Federal Contract Tower,0,8,2,2,12,0,0,38,0,38,0,8,40,2,50,38,10,48,98
07/01/2001,HOB,NM,ASW,CE,Federal Contract Tower,0,5,0,2,7,0,0,52,0,52,0,5,52,2,59,60,2,62,121
07/02/2001,HOB,NM,ASW,CE,Federal Contract Tower,0,11,5,0,16,0,4,55,0,59,0,15,60,0,75,48,0,48,123
07/03/2001,HOB,NM,ASW,CE,Federal Contract Tower,0,12,4,2,18,0,4,58,0,62,0,16,62,2,80,52,0,52,132
07/04/2001,HOB,NM,ASW,CE,Federal Contract Tower,0,4,0,0,4,0,0,38,0,38,0,4,38,0,42,28,0,28,70
07/05/2001,HOB,NM,ASW,CE,Federal Contract Tower,0,12,4,0,16,0,4,36,0,40,0,16,40,0,56,60,0,60,116
07/06/2001,HOB,NM,ASW,CE,Federal Contract Tower,0,11,7,0,18,0,4,29,0,33,0,15,36,0,51,54,0,54,105
07/07/2001,HOB,NM,ASW,CE,Federal Contract Tower,0,7,6,0,13,0,0,54,0,54,0,7,60,0,67,40,0,40,107
07/08/2001,HOB,NM,ASW,CE,Federal Contract Tower,0,8,1,0,9,0,0,43,0,43,0,8,44,0,52,44,0,44,96
07/09/2001,HOB,NM,ASW,CE,Federal Contract Tower,0,8,1,0,9,0,6,44,0,50,0,14,45,0,59,44,0,44,103
07/10/2001,HOB,NM,ASW,CE,Federal Contract Tower,0,8,0,0,8,0,8,42,4,54,0,16,42,4,62,40,0,40,102
07/11/2001,HOB,NM,ASW,CE,Federal Contract Tower,0,8,1,0,9,0,8,43,0,51,0,16,44,0,60,42,0,42,102
07/12/2001,HOB,NM,ASW,CE,Federal Contract Tower,0,11,8,0,19,0,3,38,0,41,0,14,46,0,60,46,0,46,106
07/13/2001,HOB,NM,ASW,CE,Federal Contract Tower,0,13,2,0,15,0,0,40,0,40,0,13,42,0,55,40,0,40,95
07/14/2001,HOB,NM,ASW,CE,Federal Contract Tower,0,5,2,0,7,0,5,32,6,43,0,10,34,6,50,42,0,42,92
07/15/2001,HOB,NM,ASW,CE,Federal Contract Tower,0,7,1,0,8,0,0,39,0,39,0,7,40,0,47,52,0,52,99
07/16/2001,HOB,NM,ASW,CE,Federal Contract Tower,0,9,0,0,9,0,6,42,0,48,0,15,42,0,57,30,0,30,87
07/17/2001,HOB,NM,ASW,CE,Federal Contract Tower,0,12,1,0,13,0,4,37,0,41,0,16,38,0,54,54,0,54,108
07/18/2001,HOB,NM,ASW,CE,Federal Contract Tower,0,12,2,0,14,0,4,32,0,36,0,16,34,0,50,36,0,36,86
07/19/2001,HOB,NM,ASW,CE,Federal Contract Tower,0,11,4,0,15,0,4,29,0,33,0,15,33,0,48,44,0,44,92
07/20/2001,HOB,NM,ASW,CE,Federal Contract Tower,0,11,8,0,19,0,4,31,0,35,0,15,39,0,54,48,0,48,102
07/21/2001,HOB,NM,ASW,CE,Federal Contract Tower,0,9,0,0,9,0,0,42,0,42,0,9,42,0,51,50,0,50,101
07/22/2001,HOB,NM,ASW,CE,Federal Contract Tower,0,7,2,0,9,0,0,50,0,50,0,7,52,0,59,24,0,24,83
07/23/2001,HOB,NM,ASW,CE,Federal Contract Tower,0,14,0,0,14,0,4,58,0,62,0,18,58,0,76,40,0,40,116
07/24/2001,HOB,NM,ASW,CE,Federal Contract Tower,0,11,0,0,11,0,4,56,0,60,0,15,56,0,71,42,0,42,113
07/25/2001,HOB,NM,ASW,CE,Federal Contract Tower,0,11,5,2,18,0,4,53,0,57,0,15,58,2,75,44,2,46,121
07/26/2001,HOB,NM,ASW,CE,Federal Contract Tower,0,12,3,0,15,0,2,48,1,51,0,14,51,1,66,40,0,40,106
07/27/2001,HOB,NM,ASW,CE,Federal Contract Tower,0,12,9,2,23,0,2,47,0,49,0,14,56,2,72,44,6,50,122
07/28/2001,HOB,NM,ASW,CE,Federal Contract Tower,0,7,4,0,11,0,0,29,0,29,0,7,33,0,40,30,0,30,70
07/29/2001,HOB,NM,ASW,CE,Federal Contract Tower,0,7,3,0,10,0,0,31,0,31,0,7,34,0,41,32,0,32,73
07/30/2001,HOB,NM,ASW,CE,Federal Contract Tower,0,12,2,1,15,0,4,56,1,61,0,16,58,2,76,42,2,44,120
07/31/2001,HOB,NM,ASW,CE,Federal Contract Tower,0,12,2,0,14,0,4,54,0,58,0,16,56,0,72,44,0,44,116
08/01/2001,HOB,NM,ASW,CE,Federal Contract Tower,0,11,4,0,15,0,4,40,0,44,0,15,44,0,59,41,0,41,100
08/02/2001,HOB,NM,ASW,CE,Federal Contract Tower,0,12,12,2,26,0,6,29,0,35,0,18,41,2,61,44,28,72,133
08/03/2001,HOB,NM,ASW,CE,Federal Contract Tower,0,12,8,0,20,0,6,37,0,43,0,18,45,0,63,38,0,38,101
08/04/2001,HOB,NM,ASW,CE,Federal Contract Tower,0,8,6,0,14,0,6,29,0,35,0,14,35,0,49,40,0,40,89
08/05/2001,HOB,NM,ASW,CE,Federal Contract Tower,0,7,2,0,9,0,0,32,0,32,0,7,34,0,41,42,0,42,83
08/06/2001,HOB,NM,ASW,CE,Federal Contract Tower,0,12,6,0,18,0,4,34,0,38,0,16,40,0,56,44,0,44,100
08/07/2001,HOB,NM,ASW,CE,Federal Contract Tower,0,12,3,0,15,0,4,39,0,43,0,16,42,0,58,46,0,46,104
08/08/2001,HOB,NM,ASW,CE,Federal Contract Tower,0,12,0,0,12,0,4,38,0,42,0,16,38,0,54,44,0,44,98
08/09/2001,HOB,NM,ASW,CE,Federal Contract Tower,0,10,0,0,10,0,4,36,0,40,0,14,36,0,50,42,0,42,92
08/10/2001,HOB,NM,ASW,CE,Federal Contract Tower,0,11,17,0,28,0,0,38,0,38,0,11,55,0,66,54,0,54,120
08/11/2001,HOB,NM,ASW,CE,Federal Contract Tower,0,7,4,0,11,0,0,29,0,29,0,7,33,0,40,40,0,40,80
08/12/2001,HOB,NM,ASW,CE,Federal Contract Tower,0,7,0,0,7,0,0,56,0,56,0,7,56,0,63,46,0,46,109
08/13/2001,HOB,NM,ASW,CE,Federal Contract Tower,0,11,0,0,11,0,4,46,0,50,0,15,46,0,61,40,0,40,101
08/14/2001,HOB,NM,ASW,CE,Federal Contract Tower,0,10,0,0,10,0,4,48,0,52,0,14,48,0,62,42,0,42,104
08/15/2001,HOB,NM,ASW,CE,Federal Contract Tower,0,9,1,0,10,0,0,43,0,43,0,9,44,0,53,42,0,42,95
08/16/2001,HOB,NM,ASW,CE,Federal Contract Tower,0,12,3,0,15,0,4,29,0,33,0,16,32,0,48,40,0,40,88
08/17/2001,HOB,NM,ASW,CE,Federal Contract Tower,0,12,8,0,20,0,4,32,0,36,0,16,40,0,56,44,0,44,100
08/18/2001,HOB,NM,ASW,CE,Federal Contract Tower,0,7,8,0,15,0,0,26,0,26,0,7,34,0,41,28,0,28,69
08/19/2001,HOB,NM,ASW,CE,Federal Contract Tower,0,6,1,0,7,0,0,39,0,39,0,6,40,0,46,38,0,38,84
08/20/2001,HOB,NM,ASW,CE,Federal Contract Tower,0,11,4,0,15,0,4,44,0,48,0,15,48,0,63,42,0,42,105
08/21/2001,HOB,NM,ASW,CE,Federal Contract Tower,0,12,2,0,14,0,4,44,0,48,0,16,46,0,62,40,0,40,102
08/22/2001,HOB,NM,ASW,CE,Federal Contract Tower,0,12,0,2,14,0,4,34,0,38,0,16,34,2,52,38,4,42,94
08/23/2001,HOB,NM,ASW,CE,Federal Contract Tower,0,12,0,0,12,0,4,40,0,44,0,16,40,0,56,34,0,34,90
08/24/2001,HOB,NM,ASW,CE,Federal Contract Tower,0,12,1,0,13,0,4,33,0,37,0,16,34,0,50,66,0,66,116
08/25/2001,HOB,NM,ASW,CE,Federal Contract Tower,0,5,2,0,7,0,0,36,0,36,0,5,38,0,43,44,0,44,87
08/26/2001,HOB,NM,ASW,CE,Federal Contract Tower,0,5,2,0,7,0,0,38,0,38,0,5,40,0,45,38,0,38,83
08/27/2001,HOB,NM,ASW,CE,Federal Contract Tower,0,12,8,0,20,0,4,36,0,40,0,16,44,0,60,40,0,40,100
08/28/2001,HOB,NM,ASW,CE,Federal Contract Tower,0,12,4,0,16,0,4,38,0,42,0,16,42,0,58,46,0,46,104
08/29/2001,HOB,NM,ASW,CE,Federal Contract Tower,0,12,5,0,17,0,4,39,0,43,0,16,44,0,60,40,0,40,100
08/30/2001,HOB,NM,ASW,CE,Federal Contract Tower,0,14,4,0,18,0,2,36,2,40,0,16,40,2,58,38,0,38,96
08/31/2001,HOB,NM,ASW,CE,Federal Contract Tower,0,10,4,0,14,0,6,16,0,22,0,16,20,0,36,40,0,40,76
09/01/2001,HOB,NM,ASW,CE,Federal Contract Tower,0,7,2,0,9,0,1,34,0,35,0,8,36,0,44,46,0,46,90
09/02/2001,HOB,NM,ASW,CE,Federal Contract Tower,0,6,1,0,7,0,1,37,0,38,0,7,38,0,45,48,0,48,93
09/03/2001,HOB,NM,ASW,CE,Federal Contract Tower,0,5,1,0,6,0,0,39,0,39,0,5,40,0,45,44,0,44,89
09/04/2001,HOB,NM,ASW,CE,Federal Contract Tower,0,10,4,0,14,0,4,42,0,46,0,14,46,0,60,44,0,44,104
09/05/2001,HOB,NM,ASW,CE,Federal Contract Tower,0,12,0,2,14,0,4,33,0,37,0,16,33,2,51,40,2,42,93
09/06/2001,HOB,NM,ASW,CE,Federal Contract Tower,0,12,1,0,13,0,4,38,0,42,0,16,39,0,55,36,0,36,91
09/07/2001,HOB,NM,ASW,CE,Federal Contract Tower,0,12,7,0,19,0,4,53,0,57,0,16,60,0,76,44,0,44,120
09/08/2001,HOB,NM,ASW,CE,Federal Contract Tower,0,7,4,0,11,0,0,16,0,16,0,7,20,0,27,36,0,36,63
09/09/2001,HOB,NM,ASW,CE,Federal Contract Tower,0,7,2,0,9,0,0,32,0,32,0,7,34,0,41,38,0,38,79
09/10/2001,HOB,NM,ASW,CE,Federal Contract Tower,0,12,2,0,14,0,4,42,0,46,0,16,44,0,60,48,0,48,108
09/11/2001,HOB,NM,ASW,CE,Federal Contract Tower,0,3,0,0,3,0,0,0,0,0,0,3,0,0,3,0,0,0,3
09/12/2001,HOB,NM,ASW,CE,Federal Contract Tower,0,0,0,0,0,0,0,0,0,0,0,0,0,0,0,0,0,0,0
09/13/2001,HOB,NM,ASW,CE,Federal Contract Tower,0,7,0,0,7,0,0,0,0,0,0,7,0,0,7,0,0,0,7
09/14/2001,HOB,NM,ASW,CE,Federal Contract Tower,0,18,0,0,18,0,0,0,0,0,0,18,0,0,18,0,0,0,18
09/15/2001,HOB,NM,ASW,CE,Federal Contract Tower,0,5,3,0,8,0,0,0,0,0,0,5,3,0,8,0,0,0,8
09/16/2001,HOB,NM,ASW,CE,Federal Contract Tower,0,7,0,0,7,0,0,0,0,0,0,7,0,0,7,0,0,0,7
09/17/2001,HOB,NM,ASW,CE,Federal Contract Tower,0,13,2,0,15,0,1,0,0,1,0,14,2,0,16,0,0,0,16
09/18/2001,HOB,NM,ASW,CE,Federal Contract Tower,0,12,2,0,14,0,2,0,0,2,0,14,2,0,16,0,0,0,16
09/19/2001,HOB,NM,ASW,CE,Federal Contract Tower,0,12,2,0,14,0,2,4,0,6,0,14,6,0,20,0,0,0,20
09/20/2001,HOB,NM,ASW,CE,Federal Contract Tower,0,10,8,0,18,0,4,14,0,18,0,14,22,0,36,22,0,22,58
09/21/2001,HOB,NM,ASW,CE,Federal Contract Tower,0,10,6,0,16,0,4,4,0,8,0,14,10,0,24,30,0,30,54
09/22/2001,HOB,NM,ASW,CE,Federal Contract Tower,0,7,2,0,9,0,0,2,0,2,0,7,4,0,11,22,0,22,33
09/23/2001,HOB,NM,ASW,CE,Federal Contract Tower,0,3,3,0,6,0,0,12,0,12,0,3,15,0,18,4,0,4,22
09/24/2001,HOB,NM,ASW,CE,Federal Contract Tower,0,12,5,0,17,0,2,19,0,21,0,14,24,0,38,44,0,44,82
09/25/2001,HOB,NM,ASW,CE,Federal Contract Tower,0,9,0,0,9,0,4,30,0,34,0,13,30,0,43,28,0,28,71
09/26/2001,HOB,NM,ASW,CE,Federal Contract Tower,0,9,4,0,13,0,4,6,0,10,0,13,10,0,23,26,0,26,49
09/27/2001,HOB,NM,ASW,CE,Federal Contract Tower,0,12,2,0,14,0,2,8,0,10,0,14,10,0,24,18,0,18,42
09/28/2001,HOB,NM,ASW,CE,Federal Contract Tower,0,14,4,0,18,0,2,8,0,10,0,16,12,0,28,20,0,20,48
09/29/2001,HOB,NM,ASW,CE,Federal Contract Tower,0,7,0,0,7,0,0,10,0,10,0,7,10,0,17,18,0,18,35
09/30/2001,HOB,NM,ASW,CE,Federal Contract Tower,0,3,1,0,4,0,0,13,0,13,0,3,14,0,17,10,0,10,27
10/01/2001,HOB,NM,ASW,CE,Federal Contract Tower,0,9,8,0,17,0,4,20,0,24,0,13,28,0,41,12,0,12,53
10/02/2001,HOB,NM,ASW,CE,Federal Contract Tower,0,10,2,0,12,0,4,10,0,14,0,14,12,0,26,10,0,10,36
10/03/2001,HOB,NM,ASW,CE,Federal Contract Tower,0,9,2,0,11,0,5,14,0,19,0,14,16,0,30,8,0,8,38
10/04/2001,HOB,NM,ASW,CE,Federal Contract Tower,0,9,6,0,15,0,4,4,0,8,0,13,10,0,23,6,0,6,29
10/05/2001,HOB,NM,ASW,CE,Federal Contract Tower,0,10,10,0,20,0,0,14,0,14,0,10,24,0,34,16,0,16,50
10/06/2001,HOB,NM,ASW,CE,Federal Contract Tower,0,9,2,0,11,0,0,16,0,16,0,9,18,0,27,22,0,22,49
10/07/2001,HOB,NM,ASW,CE,Federal Contract Tower,0,5,0,0,5,0,0,10,0,10,0,5,10,0,15,16,0,16,31
10/08/2001,HOB,NM,ASW,CE,Federal Contract Tower,0,9,3,0,12,0,3,11,0,14,0,12,14,0,26,10,0,10,36
10/09/2001,HOB,NM,ASW,CE,Federal Contract Tower,0,12,4,0,16,0,0,7,0,7,0,12,11,0,23,14,0,14,37
10/10/2001,HOB,NM,ASW,CE,Federal Contract Tower,0,11,2,0,13,0,5,12,0,17,0,16,14,0,30,8,0,8,38
10/11/2001,HOB,NM,ASW,CE,Federal Contract Tower,0,11,3,0,14,0,0,9,0,9,0,11,12,0,23,16,0,16,39
10/12/2001,HOB,NM,ASW,CE,Federal Contract Tower,0,14,0,0,14,0,1,18,0,19,0,15,18,0,33,20,0,20,53
10/13/2001,HOB,NM,ASW,CE,Federal Contract Tower,0,7,2,0,9,0,0,12,0,12,0,7,14,0,21,12,0,12,33
10/14/2001,HOB,NM,ASW,CE,Federal Contract Tower,0,5,0,0,5,0,0,17,0,17,0,5,17,0,22,28,0,28,50
10/15/2001,HOB,NM,ASW,CE,Federal Contract Tower,0,10,4,0,14,0,4,18,0,22,0,14,22,0,36,10,0,10,46
10/16/2001,HOB,NM,ASW,CE,Federal Contract Tower,0,12,8,0,20,0,0,29,0,29,0,12,37,0,49,8,0,8,57
10/17/2001,HOB,NM,ASW,CE,Federal Contract Tower,0,10,0,2,12,0,3,28,0,31,0,13,28,2,43,18,22,40,83
10/18/2001,HOB,NM,ASW,CE,Federal Contract Tower,0,15,8,0,23,0,3,4,0,7,0,18,12,0,30,12,0,12,42
10/19/2001,HOB,NM,ASW,CE,Federal Contract Tower,0,13,5,0,18,0,3,10,0,13,0,16,15,0,31,12,0,12,43
10/20/2001,HOB,NM,ASW,CE,Federal Contract Tower,0,7,0,0,7,0,0,30,0,30,0,7,30,0,37,18,0,18,55
10/21/2001,HOB,NM,ASW,CE,Federal Contract Tower,0,5,0,0,5,0,0,28,0,28,0,5,28,0,33,14,0,14,47
10/22/2001,HOB,NM,ASW,CE,Federal Contract Tower,0,9,1,0,10,0,5,23,0,28,0,14,24,0,38,18,0,18,56
10/23/2001,HOB,NM,ASW,CE,Federal Contract Tower,0,10,0,0,10,0,4,22,0,26,0,14,22,0,36,16,0,16,52
10/24/2001,HOB,NM,ASW,CE,Federal Contract Tower,0,10,5,0,15,0,4,15,0,19,0,14,20,0,34,24,0,24,58
10/25/2001,HOB,NM,ASW,CE,Federal Contract Tower,0,11,5,0,16,0,4,15,0,19,0,15,20,0,35,10,0,10,45
10/26/2001,HOB,NM,ASW,CE,Federal Contract Tower,0,9,4,0,13,0,6,16,0,22,0,15,20,0,35,14,0,14,49
10/27/2001,HOB,NM,ASW,CE,Federal Contract Tower,0,8,2,0,10,0,0,27,0,27,0,8,29,0,37,12,0,12,49
10/28/2001,HOB,NM,ASW,CE,Federal Contract Tower,0,5,2,0,7,0,0,24,0,24,0,5,26,0,31,36,0,36,67
10/29/2001,HOB,NM,ASW,CE,Federal Contract Tower,0,10,2,0,12,0,4,14,0,18,0,14,16,0,30,30,0,30,60
10/30/2001,HOB,NM,ASW,CE,Federal Contract Tower,0,10,6,0,16,0,0,8,0,8,0,10,14,0,24,8,0,8,32
10/31/2001,HOB,NM,ASW,CE,Federal Contract Tower,0,10,3,0,13,0,4,11,0,15,0,14,14,0,28,14,0,14,42
11/01/2001,HOB,NM,ASW,CE,Federal Contract Tower,0,9,3,0,12,0,5,11,0,16,0,14,14,0,28,2,0,2,30
11/02/2001,HOB,NM,ASW,CE,Federal Contract Tower,0,9,4,0,13,0,5,15,0,20,0,14,19,0,33,2,0,2,35
11/03/2001,HOB,NM,ASW,CE,Federal Contract Tower,0,6,3,0,9,0,1,14,0,15,0,7,17,0,24,6,0,6,30
11/04/2001,HOB,NM,ASW,CE,Federal Contract Tower,0,3,1,0,4,0,1,10,0,11,0,4,11,0,15,16,0,16,31
11/05/2001,HOB,NM,ASW,CE,Federal Contract Tower,0,11,4,0,15,0,0,6,0,6,0,11,10,0,21,6,0,6,27
11/06/2001,HOB,NM,ASW,CE,Federal Contract Tower,0,12,6,0,18,0,1,14,0,15,0,13,20,0,33,8,0,8,41
11/07/2001,HOB,NM,ASW,CE,Federal Contract Tower,0,11,6,0,17,0,4,13,0,17,0,15,19,0,34,10,0,10,44
11/08/2001,HOB,NM,ASW,CE,Federal Contract Tower,0,10,1,0,11,0,2,4,0,6,0,12,5,0,17,0,0,0,17
11/09/2001,HOB,NM,ASW,CE,Federal Contract Tower,0,15,2,0,17,0,0,11,0,11,0,15,13,0,28,10,0,10,38
11/10/2001,HOB,NM,ASW,CE,Federal Contract Tower,0,7,3,0,10,0,0,39,0,39,0,7,42,0,49,32,0,32,81
11/11/2001,HOB,NM,ASW,CE,Federal Contract Tower,0,5,2,0,7,0,0,7,0,7,0,5,9,0,14,8,0,8,22
11/12/2001,HOB,NM,ASW,CE,Federal Contract Tower,0,12,6,0,18,0,0,10,0,10,0,12,16,0,28,0,0,0,28
11/13/2001,HOB,NM,ASW,CE,Federal Contract Tower,0,11,7,0,18,0,3,23,0,26,0,14,30,0,44,6,0,6,50
11/14/2001,HOB,NM,ASW,CE,Federal Contract Tower,0,12,0,0,12,0,0,10,0,10,0,12,10,0,22,8,0,8,30
11/15/2001,HOB,NM,ASW,CE,Federal Contract Tower,0,13,2,0,15,0,1,0,2,3,0,14,2,2,18,0,0,0,18
11/16/2001,HOB,NM,ASW,CE,Federal Contract Tower,0,18,1,0,19,0,0,13,0,13,0,18,14,0,32,4,0,4,36
11/17/2001,HOB,NM,ASW,CE,Federal Contract Tower,0,7,2,0,9,0,0,10,0,10,0,7,12,0,19,4,0,4,23
11/18/2001,HOB,NM,ASW,CE,Federal Contract Tower,0,5,5,0,10,0,0,28,0,28,0,5,33,0,38,30,0,30,68
11/19/2001,HOB,NM,ASW,CE,Federal Contract Tower,0,12,8,0,20,0,2,9,0,11,0,14,17,0,31,2,0,2,33
11/20/2001,HOB,NM,ASW,CE,Federal Contract Tower,0,11,3,0,14,0,2,31,0,33,0,13,34,0,47,14,0,14,61
11/21/2001,HOB,NM,ASW,CE,Federal Contract Tower,0,10,2,0,12,0,4,23,0,27,0,14,25,0,39,6,0,6,45
11/22/2001,HOB,NM,ASW,CE,Federal Contract Tower,0,3,1,0,4,0,0,15,0,15,0,3,16,0,19,0,0,0,19
11/23/2001,HOB,NM,ASW,CE,Federal Contract Tower,0,13,2,0,15,0,3,17,0,20,0,16,19,0,35,4,0,4,39
11/24/2001,HOB,NM,ASW,CE,Federal Contract Tower,0,7,2,0,9,0,0,7,0,7,0,7,9,0,16,4,0,4,20
11/25/2001,HOB,NM,ASW,CE,Federal Contract Tower,0,4,3,0,7,0,0,24,0,24,0,4,27,0,31,30,0,30,61
11/26/2001,HOB,NM,ASW,CE,Federal Contract Tower,0,11,1,0,12,0,3,11,0,14,0,14,12,0,26,4,0,4,30
11/27/2001,HOB,NM,ASW,CE,Federal Contract Tower,0,12,2,0,14,0,1,7,0,8,0,13,9,0,22,0,0,0,22
11/28/2001,HOB,NM,ASW,CE,Federal Contract Tower,0,10,4,0,14,0,1,4,0,5,0,11,8,0,19,0,0,0,19
11/29/2001,HOB,NM,ASW,CE,Federal Contract Tower,0,10,0,0,10,0,3,16,0,19,0,13,16,0,29,32,0,32,61
11/30/2001,HOB,NM,ASW,CE,Federal Contract Tower,0,12,0,0,12,0,2,18,0,20,0,14,18,0,32,12,0,12,44
12/01/2001,HOB,NM,ASW,CE,Federal Contract Tower,0,7,1,0,8,0,0,27,0,27,0,7,28,0,35,52,0,52,87
12/02/2001,HOB,NM,ASW,CE,Federal Contract Tower,0,4,2,0,6,0,1,22,0,23,0,5,24,0,29,24,0,24,53
12/03/2001,HOB,NM,ASW,CE,Federal Contract Tower,0,8,3,0,11,0,4,9,0,13,0,12,12,0,24,22,0,22,46
12/04/2001,HOB,NM,ASW,CE,Federal Contract Tower,0,14,5,0,19,0,1,14,2,17,0,15,19,2,36,4,10,14,50
12/05/2001,HOB,NM,ASW,CE,Federal Contract Tower,0,12,3,2,17,0,2,10,0,12,0,14,13,2,29,18,8,26,55
12/06/2001,HOB,NM,ASW,CE,Federal Contract Tower,0,12,2,0,14,0,2,25,0,27,0,14,27,0,41,20,0,20,61
12/07/2001,HOB,NM,ASW,CE,Federal Contract Tower,0,11,4,0,15,0,4,13,0,17,0,15,17,0,32,6,0,6,38
12/08/2001,HOB,NM,ASW,CE,Federal Contract Tower,0,8,0,0,8,0,0,14,0,14,0,8,14,0,22,6,0,6,28
12/09/2001,HOB,NM,ASW,CE,Federal Contract Tower,0,5,1,0,6,0,0,20,0,20,0,5,21,0,26,4,0,4,30
12/10/2001,HOB,NM,ASW,CE,Federal Contract Tower,0,12,3,0,15,0,2,19,0,21,0,14,22,0,36,4,0,4,40
12/11/2001,HOB,NM,ASW,CE,Federal Contract Tower,0,13,3,2,18,0,1,13,0,14,0,14,16,2,32,12,4,16,48
12/12/2001,HOB,NM,ASW,CE,Federal Contract Tower,0,12,1,0,13,0,0,11,0,11,0,12,12,0,24,4,2,6,30
12/13/2001,HOB,NM,ASW,CE,Federal Contract Tower,0,12,1,0,13,0,2,2,0,4,0,14,3,0,17,0,0,0,17
12/14/2001,HOB,NM,ASW,CE,Federal Contract Tower,0,12,2,0,14,0,6,18,0,24,0,18,20,0,38,14,0,14,52
12/15/2001,HOB,NM,ASW,CE,Federal Contract Tower,0,7,5,0,12,0,0,23,0,23,0,7,28,0,35,24,0,24,59
12/16/2001,HOB,NM,ASW,CE,Federal Contract Tower,0,5,2,0,7,0,0,15,0,15,0,5,17,0,22,8,0,8,30
12/17/2001,HOB,NM,ASW,CE,Federal Contract Tower,0,12,0,0,12,0,2,11,0,13,0,14,11,0,25,4,0,4,29
12/18/2001,HOB,NM,ASW,CE,Federal Contract Tower,0,11,0,0,11,0,3,20,0,23,0,14,20,0,34,14,0,14,48
12/19/2001,HOB,NM,ASW,CE,Federal Contract Tower,0,11,2,0,13,0,2,21,0,23,0,13,23,0,36,10,0,10,46
12/20/2001,HOB,NM,ASW,CE,Federal Contract Tower,0,10,0,0,10,0,3,13,0,16,0,13,13,0,26,12,0,12,38
12/21/2001,HOB,NM,ASW,CE,Federal Contract Tower,0,11,0,0,11,0,4,24,0,28,0,15,24,0,39,12,0,12,51
12/22/2001,HOB,NM,ASW,CE,Federal Contract Tower,0,5,1,0,6,0,0,29,0,29,0,5,30,0,35,4,0,4,39
12/23/2001,HOB,NM,ASW,CE,Federal Contract Tower,0,6,0,0,6,0,1,23,0,24,0,7,23,0,30,10,0,10,40
12/24/2001,HOB,NM,ASW,CE,Federal Contract Tower,0,10,1,0,11,0,1,15,0,16,0,11,16,0,27,14,0,14,41
12/25/2001,HOB,NM,ASW,CE,Federal Contract Tower,0,2,2,0,4,0,0,9,0,9,0,2,11,0,13,0,0,0,13
12/26/2001,HOB,NM,ASW,CE,Federal Contract Tower,0,10,1,0,11,0,7,23,0,30,0,17,24,0,41,24,0,24,65
12/27/2001,HOB,NM,ASW,CE,Federal Contract Tower,0,8,2,0,10,0,2,13,0,15,0,10,15,0,25,4,0,4,29
12/28/2001,HOB,NM,ASW,CE,Federal Contract Tower,0,9,1,0,10,0,5,19,0,24,0,14,20,0,34,6,0,6,40
12/29/2001,HOB,NM,ASW,CE,Federal Contract Tower,0,9,0,0,9,0,0,24,0,24,0,9,24,0,33,0,0,0,33
12/30/2001,HOB,NM,ASW,CE,Federal Contract Tower,0,5,1,0,6,0,0,10,0,10,0,5,11,0,16,0,0,0,16
12/31/2001,HOB,NM,ASW,CE,Federal Contract Tower,0,8,1,0,9,0,2,19,0,21,0,10,20,0,30,0,0,0,30
01/01/2002,HOB,NM,ASW,CE,Federal Contract Tower,0,2,1,0,3,0,0,0,0,0,0,2,1,0,3,0,0,0,3
01/02/2002,HOB,NM,ASW,CE,Federal Contract Tower,0,15,3,0,18,0,1,6,0,7,0,16,9,0,25,0,0,0,25
01/03/2002,HOB,NM,ASW,CE,Federal Contract Tower,0,10,3,14,27,0,5,19,0,24,0,15,22,14,51,28,20,48,99
01/04/2002,HOB,NM,ASW,CE,Federal Contract Tower,0,9,8,0,17,0,3,12,0,15,0,12,20,0,32,8,0,8,40
01/05/2002,HOB,NM,ASW,CE,Federal Contract Tower,0,7,0,0,7,0,0,11,0,11,0,7,11,0,18,0,0,0,18
01/06/2002,HOB,NM,ASW,CE,Federal Contract Tower,0,4,1,0,5,0,1,29,0,30,0,5,30,0,35,8,0,8,43
01/07/2002,HOB,NM,ASW,CE,Federal Contract Tower,0,10,0,0,10,0,4,18,0,22,0,14,18,0,32,30,0,30,62
01/08/2002,HOB,NM,ASW,CE,Federal Contract Tower,0,10,2,1,13,0,4,17,2,23,0,14,19,3,36,6,4,10,46
01/09/2002,HOB,NM,ASW,CE,Federal Contract Tower,0,10,2,0,12,0,4,19,0,23,0,14,21,0,35,12,0,12,47
01/10/2002,HOB,NM,ASW,CE,Federal Contract Tower,0,10,2,0,12,0,4,12,0,16,0,14,14,0,28,22,0,22,50
01/11/2002,HOB,NM,ASW,CE,Federal Contract Tower,0,11,4,0,15,0,7,19,0,26,0,18,23,0,41,28,0,28,69
01/12/2002,HOB,NM,ASW,CE,Federal Contract Tower,0,6,4,0,10,0,0,29,0,29,0,6,33,0,39,22,0,22,61
01/13/2002,HOB,NM,ASW,CE,Federal Contract Tower,0,5,2,0,7,0,0,9,0,9,0,5,11,0,16,4,0,4,20
01/14/2002,HOB,NM,ASW,CE,Federal Contract Tower,0,12,0,0,12,0,1,16,0,17,0,13,16,0,29,12,0,12,41
01/15/2002,HOB,NM,ASW,CE,Federal Contract Tower,0,12,5,0,17,0,2,18,0,20,0,14,23,0,37,16,0,16,53
01/16/2002,HOB,NM,ASW,CE,Federal Contract Tower,0,11,4,2,17,0,5,17,2,24,0,16,21,4,41,32,8,40,81
01/17/2002,HOB,NM,ASW,CE,Federal Contract Tower,0,11,6,0,17,0,3,18,0,21,0,14,24,0,38,38,0,38,76
01/18/2002,HOB,NM,ASW,CE,Federal Contract Tower,0,10,6,0,16,0,3,19,0,22,0,13,25,0,38,0,0,0,38
01/19/2002,HOB,NM,ASW,CE,Federal Contract Tower,0,6,0,0,6,0,0,26,0,26,0,6,26,0,32,22,0,22,54
01/20/2002,HOB,NM,ASW,CE,Federal Contract Tower,0,4,2,0,6,0,3,6,0,9,0,7,8,0,15,4,0,4,19
01/21/2002,HOB,NM,ASW,CE,Federal Contract Tower,0,9,2,0,11,0,2,24,0,26,0,11,26,0,37,30,0,30,67
01/22/2002,HOB,NM,ASW,CE,Federal Contract Tower,0,8,2,1,11,0,2,27,3,32,0,10,29,4,43,4,4,8,51
01/23/2002,HOB,NM,ASW,CE,Federal Contract Tower,0,8,4,1,13,0,2,16,3,21,0,10,20,4,34,8,4,12,46
01/24/2002,HOB,NM,ASW,CE,Federal Contract Tower,0,10,4,0,14,0,1,3,0,4,0,11,7,0,18,0,0,0,18
01/25/2002,HOB,NM,ASW,CE,Federal Contract Tower,0,9,2,0,11,0,2,31,0,33,0,11,33,0,44,44,0,44,88
01/26/2002,HOB,NM,ASW,CE,Federal Contract Tower,0,4,2,0,6,0,0,39,0,39,0,4,41,0,45,36,0,36,81
01/27/2002,HOB,NM,ASW,CE,Federal Contract Tower,0,1,0,0,1,0,3,19,0,22,0,4,19,0,23,14,0,14,37
01/28/2002,HOB,NM,ASW,CE,Federal Contract Tower,0,8,4,0,12,0,2,12,0,14,0,10,16,0,26,8,0,8,34
01/29/2002,HOB,NM,ASW,CE,Federal Contract Tower,0,10,5,0,15,0,0,20,0,20,0,10,25,0,35,4,0,4,39
01/30/2002,HOB,NM,ASW,CE,Federal Contract Tower,0,3,1,0,4,0,2,1,0,3,0,5,2,0,7,0,0,0,7
01/31/2002,HOB,NM,ASW,CE,Federal Contract Tower,0,10,4,0,14,0,2,14,0,16,0,12,18,0,30,10,0,10,40
02/01/2002,HOB,NM,ASW,CE,Federal Contract Tower,0,9,4,0,13,0,3,30,0,33,0,12,34,0,46,26,0,26,72
02/02/2002,HOB,NM,ASW,CE,Federal Contract Tower,0,4,0,0,4,0,0,26,0,26,0,4,26,0,30,24,0,24,54
02/03/2002,HOB,NM,ASW,CE,Federal Contract Tower,0,3,0,0,3,0,0,7,0,7,0,3,7,0,10,6,0,6,16
02/04/2002,HOB,NM,ASW,CE,Federal Contract Tower,0,8,8,0,16,0,0,0,0,0,0,8,8,0,16,0,0,0,16
02/05/2002,HOB,NM,ASW,CE,Federal Contract Tower,0,8,1,2,11,0,1,6,2,9,0,9,7,4,20,0,0,0,20
02/06/2002,HOB,NM,ASW,CE,Federal Contract Tower,0,8,3,0,11,0,2,27,0,29,0,10,30,0,40,20,0,20,60
02/07/2002,HOB,NM,ASW,CE,Federal Contract Tower,0,8,3,0,11,0,2,16,0,18,0,10,19,0,29,48,0,48,77
02/08/2002,HOB,NM,ASW,CE,Federal Contract Tower,0,8,3,0,11,0,4,21,0,25,0,12,24,0,36,12,0,12,48
02/09/2002,HOB,NM,ASW,CE,Federal Contract Tower,0,4,6,0,10,0,0,34,0,34,0,4,40,0,44,20,0,20,64
02/10/2002,HOB,NM,ASW,CE,Federal Contract Tower,0,1,1,0,2,0,1,18,0,19,0,2,19,0,21,18,0,18,39
02/11/2002,HOB,NM,ASW,CE,Federal Contract Tower,0,10,2,0,12,0,2,36,0,38,0,12,38,0,50,28,0,28,78
02/12/2002,HOB,NM,ASW,CE,Federal Contract Tower,0,8,2,0,10,0,2,10,0,12,0,10,12,0,22,0,0,0,22
02/13/2002,HOB,NM,ASW,CE,Federal Contract Tower,0,8,0,0,8,0,2,38,0,40,0,10,38,0,48,50,0,50,98
02/14/2002,HOB,NM,ASW,CE,Federal Contract Tower,0,7,3,0,10,0,5,20,0,25,0,12,23,0,35,10,0,10,45
02/15/2002,HOB,NM,ASW,CE,Federal Contract Tower,0,7,0,0,7,0,9,31,0,40,0,16,31,0,47,34,4,38,85
02/16/2002,HOB,NM,ASW,CE,Federal Contract Tower,0,4,2,0,6,0,0,34,0,34,0,4,36,0,40,26,0,26,66
02/17/2002,HOB,NM,ASW,CE,Federal Contract Tower,0,2,2,0,4,0,0,29,0,29,0,2,31,0,33,36,0,36,69
02/18/2002,HOB,NM,ASW,CE,Federal Contract Tower,0,6,2,0,8,0,6,24,0,30,0,12,26,0,38,14,0,14,52
02/19/2002,HOB,NM,ASW,CE,Federal Contract Tower,0,8,2,0,10,0,2,14,0,16,0,10,16,0,26,24,0,24,50
02/20/2002,HOB,NM,ASW,CE,Federal Contract Tower,0,8,3,2,13,0,4,21,0,25,0,12,24,2,38,16,0,16,54
02/21/2002,HOB,NM,ASW,CE,Federal Contract Tower,0,9,3,9,21,0,1,4,0,5,0,10,7,9,26,8,2,10,36
02/22/2002,HOB,NM,ASW,CE,Federal Contract Tower,0,10,6,3,19,0,2,18,1,21,0,12,24,4,40,12,20,32,72
02/23/2002,HOB,NM,ASW,CE,Federal Contract Tower,0,4,2,0,6,0,0,11,0,11,0,4,13,0,17,0,0,0,17
02/24/2002,HOB,NM,ASW,CE,Federal Contract Tower,0,1,0,2,3,0,1,32,0,33,0,2,32,2,36,26,16,42,78
02/25/2002,HOB,NM,ASW,CE,Federal Contract Tower,0,10,0,0,10,0,2,34,0,36,0,12,34,0,46,24,0,24,70
02/26/2002,HOB,NM,ASW,CE,Federal Contract Tower,0,7,0,0,7,0,5,29,0,34,0,12,29,0,41,38,0,38,79
02/27/2002,HOB,NM,ASW,CE,Federal Contract Tower,0,8,4,0,12,0,2,14,0,16,0,10,18,0,28,4,0,4,32
02/28/2002,HOB,NM,ASW,CE,Federal Contract Tower,0,8,11,0,19,0,2,15,0,17,0,10,26,0,36,4,0,4,40
03/01/2002,HOB,NM,ASW,CE,Federal Contract Tower,0,8,3,0,11,0,2,15,0,17,0,10,18,0,28,16,0,16,44
03/02/2002,HOB,NM,ASW,CE,Federal Contract Tower,0,6,0,0,6,0,0,24,0,24,0,6,24,0,30,44,0,44,74
03/03/2002,HOB,NM,ASW,CE,Federal Contract Tower,0,3,0,2,5,0,1,13,0,14,0,4,13,2,19,12,4,16,35
03/04/2002,HOB,NM,ASW,CE,Federal Contract Tower,0,8,2,0,10,0,1,7,0,8,0,9,9,0,18,6,0,6,24
03/05/2002,HOB,NM,ASW,CE,Federal Contract Tower,0,6,0,0,6,0,4,18,0,22,0,10,18,0,28,0,0,0,28
03/06/2002,HOB,NM,ASW,CE,Federal Contract Tower,0,6,0,0,6,0,4,22,0,26,0,10,22,0,32,28,2,30,62
03/07/2002,HOB,NM,ASW,CE,Federal Contract Tower,0,10,3,0,13,0,2,11,0,13,0,12,14,0,26,10,0,10,36
03/08/2002,HOB,NM,ASW,CE,Federal Contract Tower,0,10,0,0,10,0,2,6,0,8,0,12,6,0,18,0,0,0,18
03/09/2002,HOB,NM,ASW,CE,Federal Contract Tower,0,4,1,0,5,0,0,25,0,25,0,4,26,0,30,28,0,28,58
03/10/2002,HOB,NM,ASW,CE,Federal Contract Tower,0,2,1,0,3,0,0,18,0,18,0,2,19,0,21,14,0,14,35
03/11/2002,HOB,NM,ASW,CE,Federal Contract Tower,0,7,1,0,8,0,3,15,2,20,0,10,16,2,28,8,6,14,42
03/12/2002,HOB,NM,ASW,CE,Federal Contract Tower,0,7,2,0,9,0,3,26,0,29,0,10,28,0,38,34,0,34,72
03/13/2002,HOB,NM,ASW,CE,Federal Contract Tower,0,8,3,0,11,0,2,23,0,25,0,10,26,0,36,12,0,12,48
03/14/2002,HOB,NM,ASW,CE,Federal Contract Tower,0,8,0,0,8,0,2,23,0,25,0,10,23,0,33,6,0,6,39
03/15/2002,HOB,NM,ASW,CE,Federal Contract Tower,0,9,2,4,15,0,3,39,0,42,0,12,41,4,57,24,10,34,91
03/16/2002,HOB,NM,ASW,CE,Federal Contract Tower,0,4,0,0,4,0,0,34,0,34,0,4,34,0,38,22,0,22,60
03/17/2002,HOB,NM,ASW,CE,Federal Contract Tower,0,1,0,0,1,0,1,10,0,11,0,2,10,0,12,12,0,12,24
03/18/2002,HOB,NM,ASW,CE,Federal Contract Tower,0,8,4,0,12,0,2,14,0,16,0,10,18,0,28,14,0,14,42
03/19/2002,HOB,NM,ASW,CE,Federal Contract Tower,0,10,1,0,11,0,0,2,0,2,0,10,3,0,13,0,0,0,13
03/20/2002,HOB,NM,ASW,CE,Federal Contract Tower,0,7,7,0,14,0,3,32,0,35,0,10,39,0,49,4,0,4,53
03/21/2002,HOB,NM,ASW,CE,Federal Contract Tower,0,8,4,0,12,0,2,17,0,19,0,10,21,0,31,22,0,22,53
03/22/2002,HOB,NM,ASW,CE,Federal Contract Tower,0,10,2,0,12,0,2,25,0,27,0,12,27,0,39,10,0,10,49
03/23/2002,HOB,NM,ASW,CE,Federal Contract Tower,0,4,1,0,5,0,0,22,0,22,0,4,23,0,27,22,0,22,49
03/24/2002,HOB,NM,ASW,CE,Federal Contract Tower,0,1,0,0,1,0,1,17,0,18,0,2,17,0,19,16,0,16,35
03/25/2002,HOB,NM,ASW,CE,Federal Contract Tower,0,10,2,0,12,0,2,23,0,25,0,12,25,0,37,32,0,32,69
03/26/2002,HOB,NM,ASW,CE,Federal Contract Tower,0,8,0,0,8,0,2,12,0,14,0,10,12,0,22,0,0,0,22
03/27/2002,HOB,NM,ASW,CE,Federal Contract Tower,0,12,0,0,12,0,2,34,0,36,0,14,34,0,48,42,0,42,90
03/28/2002,HOB,NM,ASW,CE,Federal Contract Tower,0,9,1,2,12,0,7,34,4,45,0,16,35,6,57,30,16,46,103
03/29/2002,HOB,NM,ASW,CE,Federal Contract Tower,0,10,2,0,12,0,2,20,0,22,0,12,22,0,34,18,0,18,52
03/30/2002,HOB,NM,ASW,CE,Federal Contract Tower,0,3,3,0,6,0,1,5,0,6,0,4,8,0,12,0,0,0,12
03/31/2002,HOB,NM,ASW,CE,Federal Contract Tower,0,4,2,0,6,0,0,37,0,37,0,4,39,0,43,22,0,22,65
04/01/2002,HOB,NM,ASW,CE,Federal Contract Tower,0,8,0,0,8,0,2,20,0,22,0,10,20,0,30,18,0,18,48
04/02/2002,HOB,NM,ASW,CE,Federal Contract Tower,0,8,0,0,8,0,2,37,0,39,0,10,37,0,47,10,0,10,57
04/03/2002,HOB,NM,ASW,CE,Federal Contract Tower,0,8,2,0,10,0,2,29,2,33,0,10,31,2,43,16,0,16,59
04/04/2002,HOB,NM,ASW,CE,Federal Contract Tower,0,8,1,0,9,0,2,29,0,31,0,10,30,0,40,14,0,14,54
04/05/2002,HOB,NM,ASW,CE,Federal Contract Tower,0,11,8,0,19,0,3,23,0,26,0,14,31,0,45,10,0,10,55
04/06/2002,HOB,NM,ASW,CE,Federal Contract Tower,0,4,3,0,7,0,0,2,0,2,0,4,5,0,9,20,0,20,29
04/07/2002,HOB,NM,ASW,CE,Federal Contract Tower,0,2,3,0,5,0,0,9,0,9,0,2,12,0,14,4,0,4,18
04/08/2002,HOB,NM,ASW,CE,Federal Contract Tower,0,8,1,0,9,0,2,19,0,21,0,10,20,0,30,18,0,18,48
04/09/2002,HOB,NM,ASW,CE,Federal Contract Tower,0,9,7,0,16,0,1,17,0,18,0,10,24,0,34,16,0,16,50
04/10/2002,HOB,NM,ASW,CE,Federal Contract Tower,0,8,2,0,10,0,2,15,0,17,0,10,17,0,27,6,0,6,33
04/11/2002,HOB,NM,ASW,CE,Federal Contract Tower,0,8,0,0,8,0,2,26,0,28,0,10,26,0,36,20,0,20,56
04/12/2002,HOB,NM,ASW,CE,Federal Contract Tower,0,10,6,2,18,0,2,33,0,35,0,12,39,2,53,12,50,62,115
04/13/2002,HOB,NM,ASW,CE,Federal Contract Tower,0,4,0,0,4,0,0,33,0,33,0,4,33,0,37,10,0,10,47
04/14/2002,HOB,NM,ASW,CE,Federal Contract Tower,0,2,1,0,3,0,0,33,0,33,0,2,34,0,36,40,0,40,76
04/15/2002,HOB,NM,ASW,CE,Federal Contract Tower,0,10,4,10,24,0,0,13,3,16,0,10,17,13,40,10,10,20,60
04/16/2002,HOB,NM,ASW,CE,Federal Contract Tower,0,10,8,2,20,0,0,27,0,27,0,10,35,2,47,10,24,34,81
04/17/2002,HOB,NM,ASW,CE,Federal Contract Tower,0,8,0,0,8,0,2,27,0,29,0,10,27,0,37,16,0,16,53
04/18/2002,HOB,NM,ASW,CE,Federal Contract Tower,0,8,0,4,12,0,2,17,0,19,0,10,17,4,31,14,50,64,95
04/19/2002,HOB,NM,ASW,CE,Federal Contract Tower,0,10,0,0,10,0,2,17,0,19,0,12,17,0,29,16,0,16,45
04/20/2002,HOB,NM,ASW,CE,Federal Contract Tower,0,4,4,0,8,0,0,11,0,11,0,4,15,0,19,10,0,10,29
04/21/2002,HOB,NM,ASW,CE,Federal Contract Tower,0,2,0,0,2,0,0,22,0,22,0,2,22,0,24,36,0,36,60
04/22/2002,HOB,NM,ASW,CE,Federal Contract Tower,0,10,6,0,16,0,0,18,0,18,0,10,24,0,34,10,0,10,44
04/23/2002,HOB,NM,ASW,CE,Federal Contract Tower,0,8,2,0,10,0,2,11,0,13,0,10,13,0,23,8,0,8,31
04/24/2002,HOB,NM,ASW,CE,Federal Contract Tower,0,11,0,0,11,0,2,21,0,23,0,13,21,0,34,4,0,4,38
04/25/2002,HOB,NM,ASW,CE,Federal Contract Tower,0,10,4,0,14,0,1,9,0,10,0,11,13,0,24,12,0,12,36
04/26/2002,HOB,NM,ASW,CE,Federal Contract Tower,0,12,12,0,24,0,0,2,0,2,0,12,14,0,26,4,0,4,30
04/27/2002,HOB,NM,ASW,CE,Federal Contract Tower,0,2,0,0,2,0,0,18,0,18,0,2,18,0,20,12,0,12,32
04/28/2002,HOB,NM,ASW,CE,Federal Contract Tower,0,2,0,0,2,0,0,35,0,35,0,2,35,0,37,30,0,30,67
04/29/2002,HOB,NM,ASW,CE,Federal Contract Tower,0,8,2,0,10,0,2,16,0,18,0,10,18,0,28,8,0,8,36
04/30/2002,HOB,NM,ASW,CE,Federal Contract Tower,0,8,4,0,12,0,2,15,0,17,0,10,19,0,29,10,0,10,39
05/01/2002,HOB,NM,ASW,CE,Federal Contract Tower,0,12,2,0,14,0,0,12,0,12,0,12,14,0,26,6,0,6,32
05/02/2002,HOB,NM,ASW,CE,Federal Contract Tower,0,10,8,0,18,0,0,14,0,14,0,10,22,0,32,6,0,6,38
05/03/2002,HOB,NM,ASW,CE,Federal Contract Tower,0,9,4,2,15,0,3,24,0,27,0,12,28,2,42,22,30,52,94
05/04/2002,HOB,NM,ASW,CE,Federal Contract Tower,0,3,2,0,5,0,0,20,0,20,0,3,22,0,25,34,0,34,59
05/05/2002,HOB,NM,ASW,CE,Federal Contract Tower,0,2,2,0,4,0,0,9,0,9,0,2,11,0,13,8,0,8,21
05/06/2002,HOB,NM,ASW,CE,Federal Contract Tower,0,8,1,0,9,0,2,17,2,21,0,10,18,2,30,12,0,12,42
05/07/2002,HOB,NM,ASW,CE,Federal Contract Tower,0,8,0,0,8,0,2,20,0,22,0,10,20,0,30,8,0,8,38
05/08/2002,HOB,NM,ASW,CE,Federal Contract Tower,0,8,0,0,8,0,2,5,0,7,0,10,5,0,15,10,0,10,25
05/09/2002,HOB,NM,ASW,CE,Federal Contract Tower,0,8,0,4,12,0,2,16,0,18,0,10,16,4,30,22,0,22,52
05/10/2002,HOB,NM,ASW,CE,Federal Contract Tower,0,10,2,0,12,0,2,11,0,13,0,12,13,0,25,16,0,16,41
05/11/2002,HOB,NM,ASW,CE,Federal Contract Tower,0,4,2,0,6,0,0,7,0,7,0,4,9,0,13,0,0,0,13
05/12/2002,HOB,NM,ASW,CE,Federal Contract Tower,0,2,3,0,5,0,0,23,0,23,0,2,26,0,28,16,0,16,44
05/13/2002,HOB,NM,ASW,CE,Federal Contract Tower,0,8,0,0,8,0,2,18,0,20,0,10,18,0,28,16,0,16,44
05/14/2002,HOB,NM,ASW,CE,Federal Contract Tower,0,8,0,0,8,0,2,22,0,24,0,10,22,0,32,18,0,18,50
05/15/2002,HOB,NM,ASW,CE,Federal Contract Tower,0,8,3,0,11,0,2,14,0,16,0,10,17,0,27,18,0,18,45
05/16/2002,HOB,NM,ASW,CE,Federal Contract Tower,0,10,5,4,19,0,2,10,0,12,0,12,15,4,31,14,4,18,49
05/17/2002,HOB,NM,ASW,CE,Federal Contract Tower,0,9,0,0,9,0,3,16,0,19,0,12,16,0,28,18,0,18,46
05/18/2002,HOB,NM,ASW,CE,Federal Contract Tower,0,4,5,0,9,0,0,15,0,15,0,4,20,0,24,10,0,10,34
05/19/2002,HOB,NM,ASW,CE,Federal Contract Tower,0,2,1,0,3,0,0,9,0,9,0,2,10,0,12,12,0,12,24
05/20/2002,HOB,NM,ASW,CE,Federal Contract Tower,0,8,0,0,8,0,2,32,0,34,0,10,32,0,42,14,0,14,56
05/21/2002,HOB,NM,ASW,CE,Federal Contract Tower,0,8,0,0,8,0,2,18,0,20,0,10,18,0,28,8,0,8,36
05/22/2002,HOB,NM,ASW,CE,Federal Contract Tower,0,8,0,0,8,0,2,15,0,17,0,10,15,0,25,10,0,10,35
05/23/2002,HOB,NM,ASW,CE,Federal Contract Tower,0,7,4,0,11,0,3,8,0,11,0,10,12,0,22,16,0,16,38
05/24/2002,HOB,NM,ASW,CE,Federal Contract Tower,0,8,2,0,10,0,2,28,0,30,0,10,30,0,40,12,0,12,52
05/25/2002,HOB,NM,ASW,CE,Federal Contract Tower,0,4,3,0,7,0,0,21,0,21,0,4,24,0,28,20,0,20,48
05/26/2002,HOB,NM,ASW,CE,Federal Contract Tower,0,2,0,0,2,0,0,22,0,22,0,2,22,0,24,18,0,18,42
05/27/2002,HOB,NM,ASW,CE,Federal Contract Tower,0,3,0,0,3,0,1,18,0,19,0,4,18,0,22,8,0,8,30
05/28/2002,HOB,NM,ASW,CE,Federal Contract Tower,0,7,4,0,11,0,3,19,0,22,0,10,23,0,33,14,0,14,47
05/29/2002,HOB,NM,ASW,CE,Federal Contract Tower,0,7,3,4,14,0,3,21,0,24,0,10,24,4,38,16,4,20,58
05/30/2002,HOB,NM,ASW,CE,Federal Contract Tower,0,8,2,0,10,0,2,13,0,15,0,10,15,0,25,12,0,12,37
05/31/2002,HOB,NM,ASW,CE,Federal Contract Tower,0,9,0,0,9,0,1,12,0,13,0,10,12,0,22,18,0,18,40
06/01/2002,HOB,NM,ASW,CE,Federal Contract Tower,0,4,2,0,6,0,0,20,0,20,0,4,22,0,26,10,0,10,36
06/02/2002,HOB,NM,ASW,CE,Federal Contract Tower,0,2,1,0,3,0,0,23,0,23,0,2,24,0,26,14,0,14,40
06/03/2002,HOB,NM,ASW,CE,Federal Contract Tower,0,8,4,0,12,0,2,18,0,20,0,10,22,0,32,8,0,8,40
06/04/2002,HOB,NM,ASW,CE,Federal Contract Tower,0,8,4,0,12,0,2,15,0,17,0,10,19,0,29,2,0,2,31
06/05/2002,HOB,NM,ASW,CE,Federal Contract Tower,0,9,14,0,23,0,1,13,0,14,0,10,27,0,37,10,0,10,47
06/06/2002,HOB,NM,ASW,CE,Federal Contract Tower,0,9,0,0,9,0,1,12,0,13,0,10,12,0,22,16,0,16,38
06/07/2002,HOB,NM,ASW,CE,Federal Contract Tower,0,10,0,0,10,0,2,24,0,26,0,12,24,0,36,10,0,10,46
06/08/2002,HOB,NM,ASW,CE,Federal Contract Tower,0,3,4,0,7,0,1,29,0,30,0,4,33,0,37,18,0,18,55
06/09/2002,HOB,NM,ASW,CE,Federal Contract Tower,0,2,3,0,5,0,0,20,0,20,0,2,23,0,25,16,0,16,41
06/10/2002,HOB,NM,ASW,CE,Federal Contract Tower,0,8,3,0,11,0,2,27,0,29,0,10,30,0,40,20,0,20,60
06/11/2002,HOB,NM,ASW,CE,Federal Contract Tower,0,8,4,0,12,0,2,40,0,42,0,10,44,0,54,22,0,22,76
06/12/2002,HOB,NM,ASW,CE,Federal Contract Tower,0,8,5,4,17,0,2,41,0,43,0,10,46,4,60,12,0,12,72
06/13/2002,HOB,NM,ASW,CE,Federal Contract Tower,0,8,2,0,10,0,2,18,0,20,0,10,20,0,30,8,0,8,38
06/14/2002,HOB,NM,ASW,CE,Federal Contract Tower,0,11,3,0,14,0,1,13,0,14,0,12,16,0,28,10,0,10,38
06/15/2002,HOB,NM,ASW,CE,Federal Contract Tower,0,4,0,0,4,0,0,49,2,51,0,4,49,2,55,20,4,24,79
06/16/2002,HOB,NM,ASW,CE,Federal Contract Tower,0,2,1,0,3,0,0,31,0,31,0,2,32,0,34,20,0,20,54
06/17/2002,HOB,NM,ASW,CE,Federal Contract Tower,0,8,5,0,13,0,2,28,0,30,0,10,33,0,43,14,0,14,57
06/18/2002,HOB,NM,ASW,CE,Federal Contract Tower,0,8,7,0,15,0,2,18,0,20,0,10,25,0,35,18,0,18,53
06/19/2002,HOB,NM,ASW,CE,Federal Contract Tower,0,8,2,0,10,0,2,19,0,21,0,10,21,0,31,12,0,12,43
06/20/2002,HOB,NM,ASW,CE,Federal Contract Tower,0,7,5,0,12,0,2,22,0,24,0,9,27,0,36,10,0,10,46
06/21/2002,HOB,NM,ASW,CE,Federal Contract Tower,0,12,3,0,15,0,4,31,0,35,0,16,34,0,50,14,0,14,64
06/22/2002,HOB,NM,ASW,CE,Federal Contract Tower,0,4,0,0,4,0,0,23,0,23,0,4,23,0,27,8,0,8,35
06/23/2002,HOB,NM,ASW,CE,Federal Contract Tower,0,2,1,0,3,0,0,9,0,9,0,2,10,0,12,2,0,2,14
06/24/2002,HOB,NM,ASW,CE,Federal Contract Tower,0,8,3,0,11,0,2,13,0,15,0,10,16,0,26,10,0,10,36
06/25/2002,HOB,NM,ASW,CE,Federal Contract Tower,0,9,5,2,16,0,1,19,0,20,0,10,24,2,36,18,0,18,54
06/26/2002,HOB,NM,ASW,CE,Federal Contract Tower,0,7,7,0,14,0,3,25,0,28,0,10,32,0,42,22,0,22,64
06/27/2002,HOB,NM,ASW,CE,Federal Contract Tower,0,8,1,0,9,0,2,27,0,29,0,10,28,0,38,42,0,42,80
06/28/2002,HOB,NM,ASW,CE,Federal Contract Tower,0,10,3,0,13,0,0,15,0,15,0,10,18,0,28,32,0,32,60
06/29/2002,HOB,NM,ASW,CE,Federal Contract Tower,0,4,2,0,6,0,0,18,0,18,0,4,20,0,24,4,0,4,28
06/30/2002,HOB,NM,ASW,CE,Federal Contract Tower,0,2,0,0,2,0,0,28,0,28,0,2,28,0,30,32,0,32,62
07/01/2002,HOB,NM,ASW,CE,Federal Contract Tower,0,8,0,0,8,0,2,16,0,18,0,10,16,0,26,4,0,4,30
07/02/2002,HOB,NM,ASW,CE,Federal Contract Tower,0,6,0,0,6,0,4,12,0,16,0,10,12,0,22,6,0,6,28
07/03/2002,HOB,NM,ASW,CE,Federal Contract Tower,0,9,8,0,17,0,1,23,0,24,0,10,31,0,41,14,0,14,55
07/04/2002,HOB,NM,ASW,CE,Federal Contract Tower,0,2,3,0,5,0,0,16,0,16,0,2,19,0,21,16,0,16,37
07/05/2002,HOB,NM,ASW,CE,Federal Contract Tower,0,10,0,0,10,0,2,16,0,18,0,12,16,0,28,18,0,18,46
07/06/2002,HOB,NM,ASW,CE,Federal Contract Tower,0,4,1,0,5,0,0,25,0,25,0,4,26,0,30,8,0,8,38
07/07/2002,HOB,NM,ASW,CE,Federal Contract Tower,0,2,0,0,2,0,0,12,0,12,0,2,12,0,14,8,0,8,22
07/08/2002,HOB,NM,ASW,CE,Federal Contract Tower,0,8,4,0,12,0,2,10,0,12,0,10,14,0,24,10,0,10,34
07/09/2002,HOB,NM,ASW,CE,Federal Contract Tower,0,8,3,0,11,0,2,24,0,26,0,10,27,0,37,10,0,10,47
07/10/2002,HOB,NM,ASW,CE,Federal Contract Tower,0,8,0,0,8,0,2,18,0,20,0,10,18,0,28,12,0,12,40
07/11/2002,HOB,NM,ASW,CE,Federal Contract Tower,0,10,0,0,10,0,2,13,4,19,0,12,13,4,29,10,0,10,39
07/12/2002,HOB,NM,ASW,CE,Federal Contract Tower,0,11,4,2,17,0,3,22,0,25,0,14,26,2,42,10,4,14,56
07/13/2002,HOB,NM,ASW,CE,Federal Contract Tower,0,5,0,0,5,0,0,20,0,20,0,5,20,0,25,18,0,18,43
07/14/2002,HOB,NM,ASW,CE,Federal Contract Tower,0,4,0,0,4,0,0,22,0,22,0,4,22,0,26,26,0,26,52
07/15/2002,HOB,NM,ASW,CE,Federal Contract Tower,0,7,0,0,7,0,3,18,0,21,0,10,18,0,28,20,0,20,48
07/16/2002,HOB,NM,ASW,CE,Federal Contract Tower,0,5,0,0,5,0,5,26,0,31,0,10,26,0,36,16,0,16,52
07/17/2002,HOB,NM,ASW,CE,Federal Contract Tower,0,8,7,0,15,0,2,32,0,34,0,10,39,0,49,18,0,18,67
07/18/2002,HOB,NM,ASW,CE,Federal Contract Tower,0,8,4,0,12,0,2,14,0,16,0,10,18,0,28,14,0,14,42
07/19/2002,HOB,NM,ASW,CE,Federal Contract Tower,0,9,1,0,10,0,3,21,0,24,0,12,22,0,34,12,0,12,46
07/20/2002,HOB,NM,ASW,CE,Federal Contract Tower,0,4,2,0,6,0,0,12,0,12,0,4,14,0,18,8,0,8,26
07/21/2002,HOB,NM,ASW,CE,Federal Contract Tower,0,2,2,2,6,0,0,24,2,26,0,2,26,4,32,14,0,14,46
07/22/2002,HOB,NM,ASW,CE,Federal Contract Tower,0,8,6,0,14,0,2,24,0,26,0,10,30,0,40,12,0,12,52
07/23/2002,HOB,NM,ASW,CE,Federal Contract Tower,0,8,1,0,9,0,2,27,0,29,0,10,28,0,38,22,0,22,60
07/24/2002,HOB,NM,ASW,CE,Federal Contract Tower,0,8,3,0,11,0,2,34,0,36,0,10,37,0,47,12,0,12,59
07/25/2002,HOB,NM,ASW,CE,Federal Contract Tower,0,8,5,2,15,0,2,36,0,38,0,10,41,2,53,20,0,20,73
07/26/2002,HOB,NM,ASW,CE,Federal Contract Tower,0,9,4,2,15,0,3,25,0,28,0,12,29,2,43,14,4,18,61
07/27/2002,HOB,NM,ASW,CE,Federal Contract Tower,0,4,3,0,7,0,0,13,0,13,0,4,16,0,20,6,0,6,26
07/28/2002,HOB,NM,ASW,CE,Federal Contract Tower,0,2,7,0,9,0,0,19,0,19,0,2,26,0,28,14,0,14,42
07/29/2002,HOB,NM,ASW,CE,Federal Contract Tower,0,8,2,0,10,0,2,28,0,30,0,10,30,0,40,8,0,8,48
07/30/2002,HOB,NM,ASW,CE,Federal Contract Tower,0,11,0,0,11,0,1,18,0,19,0,12,18,0,30,8,0,8,38
07/31/2002,HOB,NM,ASW,CE,Federal Contract Tower,0,8,4,0,12,0,2,22,0,24,0,10,26,0,36,16,0,16,52
08/01/2002,HOB,NM,ASW,CE,Federal Contract Tower,0,6,4,0,10,0,4,33,0,37,0,10,37,0,47,12,0,12,59
08/02/2002,HOB,NM,ASW,CE,Federal Contract Tower,0,9,3,0,12,0,3,18,0,21,0,12,21,0,33,10,0,10,43
08/03/2002,HOB,NM,ASW,CE,Federal Contract Tower,0,5,1,0,6,0,5,23,0,28,0,10,24,0,34,14,0,14,48
08/04/2002,HOB,NM,ASW,CE,Federal Contract Tower,0,2,4,0,6,0,0,22,0,22,0,2,26,0,28,14,0,14,42
08/05/2002,HOB,NM,ASW,CE,Federal Contract Tower,0,7,0,0,7,0,3,19,0,22,0,10,19,0,29,10,0,10,39
08/06/2002,HOB,NM,ASW,CE,Federal Contract Tower,0,7,2,0,9,0,3,7,0,10,0,10,9,0,19,6,0,6,25
08/07/2002,HOB,NM,ASW,CE,Federal Contract Tower,0,8,4,0,12,0,2,20,0,22,0,10,24,0,34,10,0,10,44
08/08/2002,HOB,NM,ASW,CE,Federal Contract Tower,0,8,2,0,10,0,2,26,0,28,0,10,28,0,38,20,0,20,58
08/09/2002,HOB,NM,ASW,CE,Federal Contract Tower,0,10,0,0,10,0,2,14,0,16,0,12,14,0,26,28,0,28,54
08/10/2002,HOB,NM,ASW,CE,Federal Contract Tower,0,4,8,0,12,0,0,20,0,20,0,4,28,0,32,4,0,4,36
08/11/2002,HOB,NM,ASW,CE,Federal Contract Tower,0,2,0,0,2,0,0,21,0,21,0,2,21,0,23,12,0,12,35
08/12/2002,HOB,NM,ASW,CE,Federal Contract Tower,0,8,1,2,11,0,2,31,0,33,0,10,32,2,44,16,0,16,60
08/13/2002,HOB,NM,ASW,CE,Federal Contract Tower,0,8,8,2,18,0,2,21,0,23,0,10,29,2,41,6,14,20,61
08/14/2002,HOB,NM,ASW,CE,Federal Contract Tower,0,7,2,0,9,0,3,25,0,28,0,10,27,0,37,14,0,14,51
08/15/2002,HOB,NM,ASW,CE,Federal Contract Tower,0,7,0,0,7,0,3,28,0,31,0,10,28,0,38,10,0,10,48
08/16/2002,HOB,NM,ASW,CE,Federal Contract Tower,0,10,0,0,10,0,2,22,0,24,0,12,22,0,34,8,0,8,42
08/17/2002,HOB,NM,ASW,CE,Federal Contract Tower,0,4,2,0,6,0,0,20,0,20,0,4,22,0,26,6,0,6,32
08/18/2002,HOB,NM,ASW,CE,Federal Contract Tower,0,2,0,0,2,0,0,36,0,36,0,2,36,0,38,26,0,26,64
08/19/2002,HOB,NM,ASW,CE,Federal Contract Tower,0,10,2,0,12,0,2,18,0,20,0,12,20,0,32,12,0,12,44
08/20/2002,HOB,NM,ASW,CE,Federal Contract Tower,0,8,2,0,10,0,2,19,0,21,0,10,21,0,31,12,0,12,43
08/21/2002,HOB,NM,ASW,CE,Federal Contract Tower,0,10,1,0,11,0,2,23,0,25,0,12,24,0,36,8,0,8,44
08/22/2002,HOB,NM,ASW,CE,Federal Contract Tower,0,8,1,0,9,0,2,13,0,15,0,10,14,0,24,10,0,10,34
08/23/2002,HOB,NM,ASW,CE,Federal Contract Tower,0,10,8,0,18,0,2,18,0,20,0,12,26,0,38,12,0,12,50
08/24/2002,HOB,NM,ASW,CE,Federal Contract Tower,0,2,2,0,4,0,0,10,0,10,0,2,12,0,14,4,0,4,18
08/25/2002,HOB,NM,ASW,CE,Federal Contract Tower,0,1,0,0,1,0,0,27,0,27,0,1,27,0,28,12,0,12,40
08/26/2002,HOB,NM,ASW,CE,Federal Contract Tower,0,8,2,0,10,0,1,28,0,29,0,9,30,0,39,10,0,10,49
08/27/2002,HOB,NM,ASW,CE,Federal Contract Tower,0,8,2,0,10,0,2,24,2,28,0,10,26,2,38,8,0,8,46
08/28/2002,HOB,NM,ASW,CE,Federal Contract Tower,0,8,0,0,8,0,2,23,0,25,0,10,23,0,33,12,0,12,45
08/29/2002,HOB,NM,ASW,CE,Federal Contract Tower,0,10,3,0,13,0,2,19,0,21,0,12,22,0,34,10,0,10,44
08/30/2002,HOB,NM,ASW,CE,Federal Contract Tower,0,10,2,0,12,0,2,12,0,14,0,12,14,0,26,12,0,12,38
08/31/2002,HOB,NM,ASW,CE,Federal Contract Tower,0,4,1,0,5,0,0,23,0,23,0,4,24,0,28,8,0,8,36
09/01/2002,HOB,NM,ASW,CE,Federal Contract Tower,0,2,0,0,2,0,0,19,0,19,0,2,19,0,21,12,0,12,33
09/02/2002,HOB,NM,ASW,CE,Federal Contract Tower,0,4,3,0,7,0,0,39,0,39,0,4,42,0,46,22,0,22,68
09/03/2002,HOB,NM,ASW,CE,Federal Contract Tower,0,8,1,2,11,0,2,23,0,25,0,10,24,2,36,20,0,20,56
09/04/2002,HOB,NM,ASW,CE,Federal Contract Tower,0,6,4,0,10,0,4,21,0,25,0,10,25,0,35,10,0,10,45
09/05/2002,HOB,NM,ASW,CE,Federal Contract Tower,0,8,3,0,11,0,2,21,0,23,0,10,24,0,34,8,0,8,42
09/06/2002,HOB,NM,ASW,CE,Federal Contract Tower,0,10,7,0,17,0,2,25,0,27,0,12,32,0,44,26,0,26,70
09/07/2002,HOB,NM,ASW,CE,Federal Contract Tower,0,4,1,0,5,0,0,19,0,19,0,4,20,0,24,4,0,4,28
09/08/2002,HOB,NM,ASW,CE,Federal Contract Tower,0,2,5,0,7,0,0,21,0,21,0,2,26,0,28,16,0,16,44
09/09/2002,HOB,NM,ASW,CE,Federal Contract Tower,0,8,2,2,12,0,2,20,0,22,0,10,22,2,34,6,16,22,56
09/10/2002,HOB,NM,ASW,CE,Federal Contract Tower,0,8,7,0,15,0,2,18,0,20,0,10,25,0,35,20,0,20,55
09/11/2002,HOB,NM,ASW,CE,Federal Contract Tower,0,9,8,0,17,0,1,15,2,18,0,10,23,2,35,32,0,32,67
09/12/2002,HOB,NM,ASW,CE,Federal Contract Tower,0,8,6,0,14,0,2,18,2,22,0,10,24,2,36,8,0,8,44
09/13/2002,HOB,NM,ASW,CE,Federal Contract Tower,0,10,1,0,11,0,2,11,0,13,0,12,12,0,24,8,0,8,32
09/14/2002,HOB,NM,ASW,CE,Federal Contract Tower,0,4,2,0,6,0,0,24,0,24,0,4,26,0,30,10,0,10,40
09/15/2002,HOB,NM,ASW,CE,Federal Contract Tower,0,2,4,0,6,0,0,14,0,14,0,2,18,0,20,14,0,14,34
09/16/2002,HOB,NM,ASW,CE,Federal Contract Tower,0,10,2,0,12,0,2,20,0,22,0,12,22,0,34,24,0,24,58
09/17/2002,HOB,NM,ASW,CE,Federal Contract Tower,0,8,4,0,12,0,2,22,6,30,0,10,26,6,42,4,0,4,46
09/18/2002,HOB,NM,ASW,CE,Federal Contract Tower,0,10,3,0,13,0,2,21,0,23,0,12,24,0,36,12,0,12,48
09/19/2002,HOB,NM,ASW,CE,Federal Contract Tower,0,10,6,0,16,0,2,22,0,24,0,12,28,0,40,20,0,20,60
09/20/2002,HOB,NM,ASW,CE,Federal Contract Tower,0,8,4,0,12,0,2,10,0,12,0,10,14,0,24,16,0,16,40
09/21/2002,HOB,NM,ASW,CE,Federal Contract Tower,0,4,1,1,6,0,0,11,1,12,0,4,12,2,18,8,0,8,26
09/22/2002,HOB,NM,ASW,CE,Federal Contract Tower,0,2,0,0,2,0,0,21,0,21,0,2,21,0,23,12,0,12,35
09/23/2002,HOB,NM,ASW,CE,Federal Contract Tower,0,8,0,0,8,0,2,19,0,21,0,10,19,0,29,14,0,14,43
09/24/2002,HOB,NM,ASW,CE,Federal Contract Tower,0,8,0,0,8,0,2,25,0,27,0,10,25,0,35,8,0,8,43
09/25/2002,HOB,NM,ASW,CE,Federal Contract Tower,0,8,0,0,8,0,2,21,0,23,0,10,21,0,31,14,0,14,45
09/26/2002,HOB,NM,ASW,CE,Federal Contract Tower,0,8,3,6,17,0,2,25,6,33,0,10,28,12,50,10,6,16,66
09/27/2002,HOB,NM,ASW,CE,Federal Contract Tower,0,10,4,0,14,0,2,16,0,18,0,12,20,0,32,8,0,8,40
09/28/2002,HOB,NM,ASW,CE,Federal Contract Tower,0,4,3,0,7,0,0,15,0,15,0,4,18,0,22,12,0,12,34
09/29/2002,HOB,NM,ASW,CE,Federal Contract Tower,0,2,1,0,3,0,0,21,0,21,0,2,22,0,24,14,0,14,38
09/30/2002,HOB,NM,ASW,CE,Federal Contract Tower,0,8,0,0,8,0,2,29,0,31,0,10,29,0,39,12,0,12,51
10/01/2002,HOB,NM,ASW,CE,Federal Contract Tower,0,9,1,0,10,0,1,14,0,15,0,10,15,0,25,12,0,12,37
10/02/2002,HOB,NM,ASW,CE,Federal Contract Tower,0,7,2,0,9,0,3,26,0,29,0,10,28,0,38,16,0,16,54
10/03/2002,HOB,NM,ASW,CE,Federal Contract Tower,0,8,6,0,14,0,2,12,0,14,0,10,18,0,28,12,0,12,40
10/04/2002,HOB,NM,ASW,CE,Federal Contract Tower,0,8,3,0,11,0,4,19,0,23,0,12,22,0,34,10,0,10,44
10/05/2002,HOB,NM,ASW,CE,Federal Contract Tower,0,4,0,0,4,0,0,18,0,18,0,4,18,0,22,12,0,12,34
10/06/2002,HOB,NM,ASW,CE,Federal Contract Tower,0,0,3,0,3,0,0,19,0,19,0,0,22,0,22,10,0,10,32
10/07/2002,HOB,NM,ASW,CE,Federal Contract Tower,0,8,2,0,10,0,2,14,0,16,0,10,16,0,26,6,0,6,32
10/08/2002,HOB,NM,ASW,CE,Federal Contract Tower,0,9,2,0,11,0,1,21,0,22,0,10,23,0,33,8,0,8,41
10/09/2002,HOB,NM,ASW,CE,Federal Contract Tower,0,9,4,0,13,0,1,15,0,16,0,10,19,0,29,6,0,6,35
10/10/2002,HOB,NM,ASW,CE,Federal Contract Tower,0,9,4,0,13,0,1,4,0,5,0,10,8,0,18,6,0,6,24
10/11/2002,HOB,NM,ASW,CE,Federal Contract Tower,0,13,5,0,18,0,1,21,0,22,0,14,26,0,40,18,0,18,58
10/12/2002,HOB,NM,ASW,CE,Federal Contract Tower,0,4,2,0,6,0,0,8,0,8,0,4,10,0,14,10,0,10,24
10/13/2002,HOB,NM,ASW,CE,Federal Contract Tower,0,2,5,0,7,0,0,13,0,13,0,2,18,0,20,10,0,10,30
10/14/2002,HOB,NM,ASW,CE,Federal Contract Tower,0,6,0,0,6,0,2,21,4,27,0,8,21,4,33,8,0,8,41
10/15/2002,HOB,NM,ASW,CE,Federal Contract Tower,0,9,7,0,16,0,1,21,2,24,0,10,28,2,40,12,0,12,52
10/16/2002,HOB,NM,ASW,CE,Federal Contract Tower,0,8,9,0,17,0,2,10,0,12,0,10,19,0,29,6,2,8,37
10/17/2002,HOB,NM,ASW,CE,Federal Contract Tower,0,9,8,0,17,0,1,22,0,23,0,10,30,0,40,8,0,8,48
10/18/2002,HOB,NM,ASW,CE,Federal Contract Tower,0,12,6,0,18,0,0,20,0,20,0,12,26,0,38,12,0,12,50
10/19/2002,HOB,NM,ASW,CE,Federal Contract Tower,0,4,3,0,7,0,0,19,0,19,0,4,22,0,26,32,0,32,58
10/20/2002,HOB,NM,ASW,CE,Federal Contract Tower,0,2,5,0,7,0,0,19,0,19,0,2,24,0,26,22,0,22,48
10/21/2002,HOB,NM,ASW,CE,Federal Contract Tower,0,8,6,0,14,0,2,13,0,15,0,10,19,0,29,12,0,12,41
10/22/2002,HOB,NM,ASW,CE,Federal Contract Tower,0,9,4,0,13,0,1,19,0,20,0,10,23,0,33,8,0,8,41
10/23/2002,HOB,NM,ASW,CE,Federal Contract Tower,0,10,6,0,16,0,0,11,0,11,0,10,17,0,27,0,0,0,27
10/24/2002,HOB,NM,ASW,CE,Federal Contract Tower,0,10,2,0,12,0,0,10,0,10,0,10,12,0,22,0,0,0,22
10/25/2002,HOB,NM,ASW,CE,Federal Contract Tower,0,12,1,0,13,0,0,3,0,3,0,12,4,0,16,2,0,2,18
10/26/2002,HOB,NM,ASW,CE,Federal Contract Tower,0,2,0,0,2,0,0,2,0,2,0,2,2,0,4,0,0,0,4
10/27/2002,HOB,NM,ASW,CE,Federal Contract Tower,0,2,3,0,5,0,0,7,0,7,0,2,10,0,12,6,0,6,18
10/28/2002,HOB,NM,ASW,CE,Federal Contract Tower,0,8,4,0,12,0,2,25,0,27,0,10,29,0,39,8,0,8,47
10/29/2002,HOB,NM,ASW,CE,Federal Contract Tower,0,8,2,0,10,0,2,22,0,24,0,10,24,0,34,10,0,10,44
10/30/2002,HOB,NM,ASW,CE,Federal Contract Tower,0,10,4,0,14,0,0,4,0,4,0,10,8,0,18,4,0,4,22
10/31/2002,HOB,NM,ASW,CE,Federal Contract Tower,0,1,2,0,3,0,0,0,0,0,0,1,2,0,3,0,0,0,3
11/01/2002,HOB,NM,ASW,CE,Federal Contract Tower,0,7,0,0,7,0,0,0,0,0,0,7,0,0,7,0,0,0,7
11/02/2002,HOB,NM,ASW,CE,Federal Contract Tower,0,4,1,0,5,0,0,1,0,1,0,4,2,0,6,0,0,0,6
11/03/2002,HOB,NM,ASW,CE,Federal Contract Tower,0,2,0,0,2,0,0,12,0,12,0,2,12,0,14,4,0,4,18
11/04/2002,HOB,NM,ASW,CE,Federal Contract Tower,0,12,2,0,14,0,0,16,0,16,0,12,18,0,30,0,0,0,30
11/05/2002,HOB,NM,ASW,CE,Federal Contract Tower,0,8,0,0,8,0,2,21,0,23,0,10,21,0,31,12,0,12,43
11/06/2002,HOB,NM,ASW,CE,Federal Contract Tower,0,8,4,0,12,0,2,28,0,30,0,10,32,0,42,18,0,18,60
11/07/2002,HOB,NM,ASW,CE,Federal Contract Tower,0,8,0,0,8,0,2,22,0,24,0,10,22,0,32,14,0,14,46
11/08/2002,HOB,NM,ASW,CE,Federal Contract Tower,0,12,2,2,16,0,2,26,0,28,0,14,28,2,44,8,10,18,62
11/09/2002,HOB,NM,ASW,CE,Federal Contract Tower,0,4,1,0,5,0,0,5,0,5,0,4,6,0,10,8,0,8,18
11/10/2002,HOB,NM,ASW,CE,Federal Contract Tower,0,2,0,0,2,0,0,4,0,4,0,2,4,0,6,6,0,6,12
11/11/2002,HOB,NM,ASW,CE,Federal Contract Tower,0,6,0,0,6,0,2,21,0,23,0,8,21,0,29,4,0,4,33
11/12/2002,HOB,NM,ASW,CE,Federal Contract Tower,0,8,5,0,13,0,2,21,0,23,0,10,26,0,36,14,0,14,50
11/13/2002,HOB,NM,ASW,CE,Federal Contract Tower,0,8,2,0,10,0,2,18,0,20,0,10,20,0,30,16,0,16,46
11/14/2002,HOB,NM,ASW,CE,Federal Contract Tower,0,8,3,0,11,0,2,19,0,21,0,10,22,0,32,12,0,12,44
11/15/2002,HOB,NM,ASW,CE,Federal Contract Tower,0,11,2,0,13,0,1,6,0,7,0,12,8,0,20,6,0,6,26
11/16/2002,HOB,NM,ASW,CE,Federal Contract Tower,0,4,1,0,5,0,0,31,0,31,0,4,32,0,36,12,0,12,48
11/17/2002,HOB,NM,ASW,CE,Federal Contract Tower,0,2,0,0,2,0,0,25,0,25,0,2,25,0,27,28,0,28,55
11/18/2002,HOB,NM,ASW,CE,Federal Contract Tower,0,10,4,0,14,0,2,19,0,21,0,12,23,0,35,22,0,22,57
11/19/2002,HOB,NM,ASW,CE,Federal Contract Tower,0,8,5,0,13,0,2,21,0,23,0,10,26,0,36,6,0,6,42
11/20/2002,HOB,NM,ASW,CE,Federal Contract Tower,0,7,1,0,8,0,3,18,0,21,0,10,19,0,29,20,0,20,49
11/21/2002,HOB,NM,ASW,CE,Federal Contract Tower,0,12,4,0,16,0,2,24,0,26,0,14,28,0,42,12,0,12,54
11/22/2002,HOB,NM,ASW,CE,Federal Contract Tower,0,10,2,0,12,0,2,20,0,22,0,12,22,0,34,8,0,8,42
11/23/2002,HOB,NM,ASW,CE,Federal Contract Tower,0,4,5,0,9,0,0,20,0,20,0,4,25,0,29,16,0,16,45
11/24/2002,HOB,NM,ASW,CE,Federal Contract Tower,0,2,1,0,3,0,0,15,0,15,0,2,16,0,18,8,0,8,26
11/25/2002,HOB,NM,ASW,CE,Federal Contract Tower,0,10,8,0,18,0,0,8,0,8,0,10,16,0,26,12,0,12,38
11/26/2002,HOB,NM,ASW,CE,Federal Contract Tower,0,9,0,0,9,0,1,17,0,18,0,10,17,0,27,2,0,2,29
11/27/2002,HOB,NM,ASW,CE,Federal Contract Tower,0,8,3,0,11,0,2,21,0,23,0,10,24,0,34,8,0,8,42
11/28/2002,HOB,NM,ASW,CE,Federal Contract Tower,0,2,3,0,5,0,0,5,0,5,0,2,8,0,10,6,0,6,16
11/29/2002,HOB,NM,ASW,CE,Federal Contract Tower,0,5,1,0,6,0,5,19,0,24,0,10,20,0,30,12,0,12,42
11/30/2002,HOB,NM,ASW,CE,Federal Contract Tower,0,4,0,0,4,0,0,14,0,14,0,4,14,0,18,8,0,8,26
12/01/2002,HOB,NM,ASW,CE,Federal Contract Tower,0,1,1,0,2,0,1,17,0,18,0,2,18,0,20,6,0,6,26
12/02/2002,HOB,NM,ASW,CE,Federal Contract Tower,0,9,0,0,9,0,1,23,0,24,0,10,23,0,33,8,0,8,41
12/03/2002,HOB,NM,ASW,CE,Federal Contract Tower,0,10,0,0,10,0,0,0,0,0,0,10,0,0,10,0,0,0,10
12/04/2002,HOB,NM,ASW,CE,Federal Contract Tower,0,10,4,0,14,0,0,7,0,7,0,10,11,0,21,6,0,6,27
12/05/2002,HOB,NM,ASW,CE,Federal Contract Tower,0,10,5,0,15,0,0,21,0,21,0,10,26,0,36,12,0,12,48
12/06/2002,HOB,NM,ASW,CE,Federal Contract Tower,0,10,7,2,19,0,2,15,0,17,0,12,22,2,36,8,0,8,44
12/07/2002,HOB,NM,ASW,CE,Federal Contract Tower,0,4,1,0,5,0,0,19,0,19,0,4,20,0,24,10,0,10,34
12/08/2002,HOB,NM,ASW,CE,Federal Contract Tower,0,2,2,0,4,0,0,4,0,4,0,2,6,0,8,0,0,0,8
12/09/2002,HOB,NM,ASW,CE,Federal Contract Tower,0,8,3,2,13,0,2,9,0,11,0,10,12,2,24,0,14,14,38
12/10/2002,HOB,NM,ASW,CE,Federal Contract Tower,0,8,1,2,11,0,2,17,0,19,0,10,18,2,30,12,0,12,42
12/11/2002,HOB,NM,ASW,CE,Federal Contract Tower,0,8,4,0,12,0,2,15,0,17,0,10,19,0,29,8,0,8,37
12/12/2002,HOB,NM,ASW,CE,Federal Contract Tower,0,8,6,0,14,0,2,16,0,18,0,10,22,0,32,12,0,12,44
12/13/2002,HOB,NM,ASW,CE,Federal Contract Tower,0,10,5,0,15,0,1,27,0,28,0,11,32,0,43,22,0,22,65
12/14/2002,HOB,NM,ASW,CE,Federal Contract Tower,0,4,6,0,10,0,0,35,0,35,0,4,41,0,45,18,0,18,63
12/15/2002,HOB,NM,ASW,CE,Federal Contract Tower,0,2,0,0,2,0,0,16,0,16,0,2,16,0,18,4,0,4,22
12/16/2002,HOB,NM,ASW,CE,Federal Contract Tower,0,9,1,2,12,0,2,20,0,22,0,11,21,2,34,8,0,8,42
12/17/2002,HOB,NM,ASW,CE,Federal Contract Tower,0,9,3,0,12,0,1,11,0,12,0,10,14,0,24,6,0,6,30
12/18/2002,HOB,NM,ASW,CE,Federal Contract Tower,0,8,6,0,14,0,4,18,0,22,0,12,24,0,36,8,0,8,44
12/19/2002,HOB,NM,ASW,CE,Federal Contract Tower,0,12,10,2,24,0,2,10,0,12,0,14,20,2,36,10,10,20,56
12/20/2002,HOB,NM,ASW,CE,Federal Contract Tower,0,8,9,0,17,0,3,17,0,20,0,11,26,0,37,10,0,10,47
12/21/2002,HOB,NM,ASW,CE,Federal Contract Tower,0,2,0,0,2,0,0,17,0,17,0,2,17,0,19,0,0,0,19
12/22/2002,HOB,NM,ASW,CE,Federal Contract Tower,0,2,3,0,5,0,0,17,0,17,0,2,20,0,22,2,0,2,24
12/23/2002,HOB,NM,ASW,CE,Federal Contract Tower,0,10,2,0,12,0,0,12,0,12,0,10,14,0,24,4,0,4,28
12/24/2002,HOB,NM,ASW,CE,Federal Contract Tower,0,9,0,0,9,0,1,5,0,6,0,10,5,0,15,4,0,4,19
12/25/2002,HOB,NM,ASW,CE,Federal Contract Tower,0,2,0,0,2,0,0,27,0,27,0,2,27,0,29,0,0,0,29
12/26/2002,HOB,NM,ASW,CE,Federal Contract Tower,0,10,9,0,19,0,2,29,0,31,0,12,38,0,50,10,0,10,60
12/27/2002,HOB,NM,ASW,CE,Federal Contract Tower,0,9,2,0,11,0,3,15,0,18,0,12,17,0,29,4,0,4,33
12/28/2002,HOB,NM,ASW,CE,Federal Contract Tower,0,4,2,0,6,0,0,17,0,17,0,4,19,0,23,10,0,10,33
12/29/2002,HOB,NM,ASW,CE,Federal Contract Tower,0,2,0,0,2,0,0,15,0,15,0,2,15,0,17,4,0,4,21
12/30/2002,HOB,NM,ASW,CE,Federal Contract Tower,0,10,2,0,12,0,2,9,0,11,0,12,11,0,23,6,0,6,29
12/31/2002,HOB,NM,ASW,CE,Federal Contract Tower,0,6,6,0,12,0,4,17,0,21,0,10,23,0,33,6,0,6,39
01/01/2003,HOB,NM,ASW,CE,Federal Contract Tower,0,1,0,0,1,0,1,3,0,4,0,2,3,0,5,0,0,0,5
01/02/2003,HOB,NM,ASW,CE,Federal Contract Tower,0,6,0,0,6,0,4,17,0,21,0,10,17,0,27,12,0,12,39
01/03/2003,HOB,NM,ASW,CE,Federal Contract Tower,0,9,3,1,13,0,3,17,1,21,0,12,20,2,34,22,14,36,70
01/04/2003,HOB,NM,ASW,CE,Federal Contract Tower,0,5,3,0,8,0,1,19,0,20,0,6,22,0,28,40,0,40,68
01/05/2003,HOB,NM,ASW,CE,Federal Contract Tower,0,1,4,0,5,0,1,19,0,20,0,2,23,0,25,28,0,28,53
01/06/2003,HOB,NM,ASW,CE,Federal Contract Tower,0,8,8,2,18,0,2,10,2,14,0,10,18,4,32,10,0,10,42
01/07/2003,HOB,NM,ASW,CE,Federal Contract Tower,0,7,9,1,17,0,3,26,1,30,0,10,35,2,47,30,8,38,85
01/08/2003,HOB,NM,ASW,CE,Federal Contract Tower,0,7,5,0,12,0,3,17,0,20,0,10,22,0,32,10,0,10,42
01/09/2003,HOB,NM,ASW,CE,Federal Contract Tower,0,8,2,0,10,0,2,25,0,27,0,10,27,0,37,20,0,20,57
01/10/2003,HOB,NM,ASW,CE,Federal Contract Tower,0,10,2,0,12,0,4,26,0,30,0,14,28,0,42,18,0,18,60
01/11/2003,HOB,NM,ASW,CE,Federal Contract Tower,0,4,2,0,6,0,0,14,0,14,0,4,16,0,20,12,0,12,32
01/12/2003,HOB,NM,ASW,CE,Federal Contract Tower,0,1,0,0,1,0,0,8,0,8,0,1,8,0,9,2,0,2,11
01/13/2003,HOB,NM,ASW,CE,Federal Contract Tower,0,7,2,2,11,0,3,22,0,25,0,10,24,2,36,8,0,8,44
01/14/2003,HOB,NM,ASW,CE,Federal Contract Tower,0,10,2,0,12,0,2,16,0,18,0,12,18,0,30,12,0,12,42
01/15/2003,HOB,NM,ASW,CE,Federal Contract Tower,0,10,5,0,15,0,2,23,0,25,0,12,28,0,40,14,0,14,54
01/16/2003,HOB,NM,ASW,CE,Federal Contract Tower,0,8,3,0,11,0,2,20,0,22,0,10,23,0,33,18,0,18,51
01/17/2003,HOB,NM,ASW,CE,Federal Contract Tower,0,8,0,0,8,0,4,16,0,20,0,12,16,0,28,20,0,20,48
01/18/2003,HOB,NM,ASW,CE,Federal Contract Tower,0,4,3,0,7,0,0,20,0,20,0,4,23,0,27,16,0,16,43
01/19/2003,HOB,NM,ASW,CE,Federal Contract Tower,0,1,0,0,1,0,1,22,0,23,0,2,22,0,24,20,0,20,44
01/20/2003,HOB,NM,ASW,CE,Federal Contract Tower,0,6,9,0,15,0,2,15,0,17,0,8,24,0,32,6,0,6,38
01/21/2003,HOB,NM,ASW,CE,Federal Contract Tower,0,8,1,0,9,0,2,22,0,24,0,10,23,0,33,12,0,12,45
01/22/2003,HOB,NM,ASW,CE,Federal Contract Tower,0,10,6,0,16,0,2,20,0,22,0,12,26,0,38,16,0,16,54
01/23/2003,HOB,NM,ASW,CE,Federal Contract Tower,0,9,5,0,14,0,1,23,0,24,0,10,28,0,38,14,0,14,52
01/24/2003,HOB,NM,ASW,CE,Federal Contract Tower,0,12,7,0,19,0,1,29,0,30,0,13,36,0,49,14,0,14,63
01/25/2003,HOB,NM,ASW,CE,Federal Contract Tower,0,6,6,0,12,0,0,30,0,30,0,6,36,0,42,34,0,34,76
01/26/2003,HOB,NM,ASW,CE,Federal Contract Tower,0,2,0,0,2,0,0,14,0,14,0,2,14,0,16,20,0,20,36
01/27/2003,HOB,NM,ASW,CE,Federal Contract Tower,0,7,0,0,7,0,3,23,0,26,0,10,23,0,33,12,0,12,45
01/28/2003,HOB,NM,ASW,CE,Federal Contract Tower,0,11,8,0,19,0,0,5,2,7,0,11,13,2,26,20,22,42,68
01/29/2003,HOB,NM,ASW,CE,Federal Contract Tower,0,9,0,0,9,0,1,18,0,19,0,10,18,0,28,8,0,8,36
01/30/2003,HOB,NM,ASW,CE,Federal Contract Tower,0,8,5,2,15,0,2,19,0,21,0,10,24,2,36,14,2,16,52
01/31/2003,HOB,NM,ASW,CE,Federal Contract Tower,0,10,8,0,18,0,2,32,0,34,0,12,40,0,52,16,0,16,68
02/01/2003,HOB,NM,ASW,CE,Federal Contract Tower,0,4,0,0,4,0,0,27,0,27,0,4,27,0,31,18,0,18,49
02/02/2003,HOB,NM,ASW,CE,Federal Contract Tower,0,2,0,0,2,0,0,24,0,24,0,2,24,0,26,6,0,6,32
02/03/2003,HOB,NM,ASW,CE,Federal Contract Tower,0,8,1,0,9,0,2,18,0,20,0,10,19,0,29,12,0,12,41
02/04/2003,HOB,NM,ASW,CE,Federal Contract Tower,0,8,5,0,13,0,2,19,0,21,0,10,24,0,34,16,0,16,50
02/05/2003,HOB,NM,ASW,CE,Federal Contract Tower,0,8,6,0,14,0,2,14,0,16,0,10,20,0,30,10,0,10,40
02/06/2003,HOB,NM,ASW,CE,Federal Contract Tower,0,9,9,2,20,0,1,17,0,18,0,10,26,2,38,10,0,10,48
02/07/2003,HOB,NM,ASW,CE,Federal Contract Tower,0,12,11,0,23,0,0,13,0,13,0,12,24,0,36,44,0,44,80
02/08/2003,HOB,NM,ASW,CE,Federal Contract Tower,0,4,0,0,4,0,0,18,0,18,0,4,18,0,22,12,0,12,34
02/09/2003,HOB,NM,ASW,CE,Federal Contract Tower,0,2,2,0,4,0,0,20,0,20,0,2,22,0,24,14,0,14,38
02/10/2003,HOB,NM,ASW,CE,Federal Contract Tower,0,10,0,0,10,0,2,18,0,20,0,12,18,0,30,10,0,10,40
02/11/2003,HOB,NM,ASW,CE,Federal Contract Tower,0,8,3,0,11,0,2,20,0,22,0,10,23,0,33,8,0,8,41
02/12/2003,HOB,NM,ASW,CE,Federal Contract Tower,0,9,4,0,13,0,1,18,2,21,0,10,22,2,34,16,0,16,50
02/13/2003,HOB,NM,ASW,CE,Federal Contract Tower,0,10,4,0,14,0,0,14,0,14,0,10,18,0,28,4,0,4,32
02/14/2003,HOB,NM,ASW,CE,Federal Contract Tower,0,11,15,2,28,0,0,5,0,5,0,11,20,2,33,8,0,8,41
02/15/2003,HOB,NM,ASW,CE,Federal Contract Tower,0,5,3,0,8,0,0,15,0,15,0,5,18,0,23,12,0,12,35
02/16/2003,HOB,NM,ASW,CE,Federal Contract Tower,0,2,0,0,2,0,0,22,0,22,0,2,22,0,24,38,0,38,62
02/17/2003,HOB,NM,ASW,CE,Federal Contract Tower,0,6,0,0,6,0,2,20,0,22,0,8,20,0,28,18,0,18,46
02/18/2003,HOB,NM,ASW,CE,Federal Contract Tower,0,8,2,0,10,0,2,24,0,26,0,10,26,0,36,14,0,14,50
02/19/2003,HOB,NM,ASW,CE,Federal Contract Tower,0,7,6,2,15,0,3,15,0,18,0,10,21,2,33,12,8,20,53
02/20/2003,HOB,NM,ASW,CE,Federal Contract Tower,0,10,14,2,26,0,0,4,0,4,0,10,18,2,30,6,2,8,38
02/21/2003,HOB,NM,ASW,CE,Federal Contract Tower,0,8,9,0,17,0,3,12,0,15,0,11,21,0,32,14,0,14,46
02/22/2003,HOB,NM,ASW,CE,Federal Contract Tower,0,4,2,2,8,0,0,24,0,24,0,4,26,2,32,18,6,24,56
02/23/2003,HOB,NM,ASW,CE,Federal Contract Tower,0,2,0,0,2,0,0,24,0,24,0,2,24,0,26,22,0,22,48
02/24/2003,HOB,NM,ASW,CE,Federal Contract Tower,0,10,4,0,14,0,0,18,0,18,0,10,22,0,32,10,0,10,42
02/25/2003,HOB,NM,ASW,CE,Federal Contract Tower,0,10,6,0,16,0,2,20,0,22,0,12,26,0,38,16,0,16,54
02/26/2003,HOB,NM,ASW,CE,Federal Contract Tower,0,9,7,0,16,0,0,10,0,10,0,9,17,0,26,10,0,10,36
02/27/2003,HOB,NM,ASW,CE,Federal Contract Tower,0,7,6,0,13,0,2,12,0,14,0,9,18,0,27,10,0,10,37
02/28/2003,HOB,NM,ASW,CE,Federal Contract Tower,0,12,8,0,20,0,4,17,0,21,0,16,25,0,41,8,0,8,49
03/01/2003,HOB,NM,ASW,CE,Federal Contract Tower,0,5,2,0,7,0,1,24,0,25,0,6,26,0,32,18,0,18,50
03/02/2003,HOB,NM,ASW,CE,Federal Contract Tower,0,1,3,0,4,0,1,15,0,16,0,2,18,0,20,14,0,14,34
03/03/2003,HOB,NM,ASW,CE,Federal Contract Tower,0,7,1,0,8,0,3,21,0,24,0,10,22,0,32,16,0,16,48
03/04/2003,HOB,NM,ASW,CE,Federal Contract Tower,0,7,9,0,16,0,2,9,0,11,0,9,18,0,27,10,0,10,37
03/05/2003,HOB,NM,ASW,CE,Federal Contract Tower,0,6,10,0,16,0,4,14,0,18,0,10,24,0,34,14,0,14,48
03/06/2003,HOB,NM,ASW,CE,Federal Contract Tower,0,9,2,2,13,0,3,25,0,28,0,12,27,2,41,16,0,16,57
03/07/2003,HOB,NM,ASW,CE,Federal Contract Tower,0,10,8,0,18,0,2,28,0,30,0,12,36,0,48,22,0,22,70
03/08/2003,HOB,NM,ASW,CE,Federal Contract Tower,0,4,0,0,4,0,0,22,0,22,0,4,22,0,26,26,0,26,52
03/09/2003,HOB,NM,ASW,CE,Federal Contract Tower,0,2,0,0,2,0,0,25,0,25,0,2,25,0,27,32,0,32,59
03/10/2003,HOB,NM,ASW,CE,Federal Contract Tower,0,8,6,0,14,0,2,4,0,6,0,10,10,0,20,10,0,10,30
03/11/2003,HOB,NM,ASW,CE,Federal Contract Tower,0,8,8,0,16,0,2,10,0,12,0,10,18,0,28,20,0,20,48
03/12/2003,HOB,NM,ASW,CE,Federal Contract Tower,0,9,2,0,11,0,1,24,0,25,0,10,26,0,36,22,0,22,58
03/13/2003,HOB,NM,ASW,CE,Federal Contract Tower,0,8,0,0,8,0,2,24,0,26,0,10,24,0,34,18,0,18,52
03/14/2003,HOB,NM,ASW,CE,Federal Contract Tower,0,9,1,0,10,0,2,15,0,17,0,11,16,0,27,14,0,14,41
03/15/2003,HOB,NM,ASW,CE,Federal Contract Tower,0,5,2,0,7,0,0,38,0,38,0,5,40,0,45,26,0,26,71
03/16/2003,HOB,NM,ASW,CE,Federal Contract Tower,0,2,0,0,2,0,0,26,0,26,0,2,26,0,28,18,0,18,46
03/17/2003,HOB,NM,ASW,CE,Federal Contract Tower,0,10,3,0,13,0,0,19,0,19,0,10,22,0,32,12,0,12,44
03/18/2003,HOB,NM,ASW,CE,Federal Contract Tower,0,10,2,0,12,0,0,30,2,32,0,10,32,2,44,14,2,16,60
03/19/2003,HOB,NM,ASW,CE,Federal Contract Tower,0,9,4,0,13,0,1,16,0,17,0,10,20,0,30,10,0,10,40
03/20/2003,HOB,NM,ASW,CE,Federal Contract Tower,0,10,6,0,16,0,0,14,0,14,0,10,20,0,30,14,0,14,44
03/21/2003,HOB,NM,ASW,CE,Federal Contract Tower,0,12,2,0,14,0,0,16,0,16,0,12,18,0,30,8,0,8,38
03/22/2003,HOB,NM,ASW,CE,Federal Contract Tower,0,4,6,0,10,0,0,10,0,10,0,4,16,0,20,10,0,10,30
03/23/2003,HOB,NM,ASW,CE,Federal Contract Tower,0,1,2,0,3,0,1,15,0,16,0,2,17,0,19,8,0,8,27
03/24/2003,HOB,NM,ASW,CE,Federal Contract Tower,0,6,0,0,6,0,4,21,0,25,0,10,21,0,31,14,0,14,45
03/25/2003,HOB,NM,ASW,CE,Federal Contract Tower,0,9,0,0,9,0,1,24,0,25,0,10,24,0,34,12,0,12,46
03/26/2003,HOB,NM,ASW,CE,Federal Contract Tower,0,7,4,0,11,0,3,6,0,9,0,10,10,0,20,10,0,10,30
03/27/2003,HOB,NM,ASW,CE,Federal Contract Tower,0,7,5,0,12,0,3,9,0,12,0,10,14,0,24,10,0,10,34
03/28/2003,HOB,NM,ASW,CE,Federal Contract Tower,0,11,10,0,21,0,1,10,0,11,0,12,20,0,32,16,0,16,48
03/29/2003,HOB,NM,ASW,CE,Federal Contract Tower,0,4,3,0,7,0,0,19,0,19,0,4,22,0,26,26,0,26,52
03/30/2003,HOB,NM,ASW,CE,Federal Contract Tower,0,2,3,0,5,0,0,13,0,13,0,2,16,0,18,14,0,14,32
03/31/2003,HOB,NM,ASW,CE,Federal Contract Tower,0,8,0,1,9,0,2,21,1,24,0,10,21,2,33,16,2,18,51
04/01/2003,HOB,NM,ASW,CE,Federal Contract Tower,0,8,4,0,12,0,2,30,0,32,0,10,34,0,44,24,0,24,68
04/02/2003,HOB,NM,ASW,CE,Federal Contract Tower,0,7,6,0,13,0,3,20,0,23,0,10,26,0,36,14,0,14,50
04/03/2003,HOB,NM,ASW,CE,Federal Contract Tower,0,8,4,0,12,0,2,18,0,20,0,10,22,0,32,16,0,16,48
04/04/2003,HOB,NM,ASW,CE,Federal Contract Tower,0,8,5,0,13,0,4,19,0,23,0,12,24,0,36,14,0,14,50
04/05/2003,HOB,NM,ASW,CE,Federal Contract Tower,0,4,0,1,5,0,0,28,1,29,0,4,28,2,34,22,4,26,60
04/06/2003,HOB,NM,ASW,CE,Federal Contract Tower,0,2,1,5,8,0,0,25,1,26,0,2,26,6,34,18,6,24,58
04/07/2003,HOB,NM,ASW,CE,Federal Contract Tower,0,8,2,0,10,0,4,19,0,23,0,12,21,0,33,14,0,14,47
04/08/2003,HOB,NM,ASW,CE,Federal Contract Tower,0,7,9,0,16,0,3,7,0,10,0,10,16,0,26,14,0,14,40
04/09/2003,HOB,NM,ASW,CE,Federal Contract Tower,0,7,6,0,13,0,3,24,0,27,0,10,30,0,40,60,0,60,100
04/10/2003,HOB,NM,ASW,CE,Federal Contract Tower,0,7,4,4,15,0,3,12,0,15,0,10,16,4,30,14,12,26,56
04/11/2003,HOB,NM,ASW,CE,Federal Contract Tower,0,9,5,0,14,0,3,20,0,23,0,12,25,0,37,20,0,20,57
04/12/2003,HOB,NM,ASW,CE,Federal Contract Tower,0,4,0,0,4,0,0,54,0,54,0,4,54,0,58,68,0,68,126
04/13/2003,HOB,NM,ASW,CE,Federal Contract Tower,0,2,2,0,4,0,0,25,0,25,0,2,27,0,29,32,0,32,61
04/14/2003,HOB,NM,ASW,CE,Federal Contract Tower,0,7,1,0,8,0,3,21,0,24,0,10,22,0,32,18,0,18,50
04/15/2003,HOB,NM,ASW,CE,Federal Contract Tower,0,10,3,0,13,0,0,18,0,18,0,10,21,0,31,12,0,12,43
04/16/2003,HOB,NM,ASW,CE,Federal Contract Tower,0,7,7,0,14,0,3,25,0,28,0,10,32,0,42,10,0,10,52
04/17/2003,HOB,NM,ASW,CE,Federal Contract Tower,0,7,8,0,15,0,3,14,0,17,0,10,22,0,32,18,0,18,50
04/18/2003,HOB,NM,ASW,CE,Federal Contract Tower,0,9,10,4,23,0,3,8,1,12,0,12,18,5,35,12,36,48,83
04/19/2003,HOB,NM,ASW,CE,Federal Contract Tower,0,4,0,0,4,0,0,26,0,26,0,4,26,0,30,14,0,14,44
04/20/2003,HOB,NM,ASW,CE,Federal Contract Tower,0,2,1,0,3,0,0,15,2,17,0,2,16,2,20,10,0,10,30
04/21/2003,HOB,NM,ASW,CE,Federal Contract Tower,0,6,6,0,12,0,4,22,0,26,0,10,28,0,38,16,0,16,54
04/22/2003,HOB,NM,ASW,CE,Federal Contract Tower,0,9,6,0,15,0,1,11,0,12,0,10,17,0,27,10,0,10,37
04/23/2003,HOB,NM,ASW,CE,Federal Contract Tower,0,7,3,4,14,0,3,14,9,26,0,10,17,13,40,10,6,16,56
04/24/2003,HOB,NM,ASW,CE,Federal Contract Tower,0,7,7,0,14,0,3,17,0,20,0,10,24,0,34,10,0,10,44
04/25/2003,HOB,NM,ASW,CE,Federal Contract Tower,0,8,10,0,18,0,4,28,0,32,0,12,38,0,50,20,0,20,70
04/26/2003,HOB,NM,ASW,CE,Federal Contract Tower,0,4,1,0,5,0,0,20,0,20,0,4,21,0,25,18,0,18,43
04/27/2003,HOB,NM,ASW,CE,Federal Contract Tower,0,2,0,0,2,0,0,18,0,18,0,2,18,0,20,14,0,14,34
04/28/2003,HOB,NM,ASW,CE,Federal Contract Tower,0,8,0,0,8,0,2,26,0,28,0,10,26,0,36,16,0,16,52
04/29/2003,HOB,NM,ASW,CE,Federal Contract Tower,0,9,9,0,18,0,2,10,0,12,0,11,19,0,30,10,0,10,40
04/30/2003,HOB,NM,ASW,CE,Federal Contract Tower,0,8,10,2,20,0,2,12,3,17,0,10,22,5,37,34,26,60,97
05/01/2003,HOB,NM,ASW,CE,Federal Contract Tower,0,8,7,2,17,0,2,23,0,25,0,10,30,2,42,24,2,26,68
05/02/2003,HOB,NM,ASW,CE,Federal Contract Tower,0,9,1,0,10,0,3,21,0,24,0,12,22,0,34,42,0,42,76
05/03/2003,HOB,NM,ASW,CE,Federal Contract Tower,0,4,2,0,6,0,0,34,0,34,0,4,36,0,40,38,0,38,78
05/04/2003,HOB,NM,ASW,CE,Federal Contract Tower,0,2,2,0,4,0,0,14,0,14,0,2,16,0,18,6,0,6,24
05/05/2003,HOB,NM,ASW,CE,Federal Contract Tower,0,8,2,0,10,0,2,22,0,24,0,10,24,0,34,8,0,8,42
05/06/2003,HOB,NM,ASW,CE,Federal Contract Tower,0,8,8,0,16,0,2,6,0,8,0,10,14,0,24,10,0,10,34
05/07/2003,HOB,NM,ASW,CE,Federal Contract Tower,0,8,6,0,14,0,2,14,0,16,0,10,20,0,30,40,0,40,70
05/08/2003,HOB,NM,ASW,CE,Federal Contract Tower,0,10,2,0,12,0,0,26,0,26,0,10,28,0,38,18,0,18,56
05/09/2003,HOB,NM,ASW,CE,Federal Contract Tower,0,9,7,0,16,0,3,15,0,18,0,12,22,0,34,10,0,10,44
05/10/2003,HOB,NM,ASW,CE,Federal Contract Tower,0,4,5,0,9,0,0,31,0,31,0,4,36,0,40,34,0,34,74
05/11/2003,HOB,NM,ASW,CE,Federal Contract Tower,0,2,3,0,5,0,0,29,0,29,0,2,32,0,34,28,0,28,62
05/12/2003,HOB,NM,ASW,CE,Federal Contract Tower,0,7,8,0,15,0,3,25,0,28,0,10,33,0,43,16,0,16,59
05/13/2003,HOB,NM,ASW,CE,Federal Contract Tower,0,8,3,0,11,0,2,23,0,25,0,10,26,0,36,18,0,18,54
05/14/2003,HOB,NM,ASW,CE,Federal Contract Tower,0,7,8,0,15,0,5,20,0,25,0,12,28,0,40,10,0,10,50
05/15/2003,HOB,NM,ASW,CE,Federal Contract Tower,0,7,10,0,17,0,3,16,0,19,0,10,26,0,36,10,0,10,46
05/16/2003,HOB,NM,ASW,CE,Federal Contract Tower,0,9,8,0,17,0,3,22,0,25,0,12,30,0,42,14,0,14,56
05/17/2003,HOB,NM,ASW,CE,Federal Contract Tower,0,4,2,0,6,0,0,26,0,26,0,4,28,0,32,32,0,32,64
05/18/2003,HOB,NM,ASW,CE,Federal Contract Tower,0,2,0,0,2,0,0,22,0,22,0,2,22,0,24,18,0,18,42
05/19/2003,HOB,NM,ASW,CE,Federal Contract Tower,0,8,0,0,8,0,2,18,0,20,0,10,18,0,28,12,0,12,40
05/20/2003,HOB,NM,ASW,CE,Federal Contract Tower,0,9,10,0,19,0,1,0,0,1,0,10,10,0,20,10,0,10,30
05/21/2003,HOB,NM,ASW,CE,Federal Contract Tower,0,8,13,0,21,0,2,27,2,31,0,10,40,2,52,10,0,10,62
05/22/2003,HOB,NM,ASW,CE,Federal Contract Tower,0,8,12,0,20,0,2,14,0,16,0,10,26,0,36,10,0,10,46
05/23/2003,HOB,NM,ASW,CE,Federal Contract Tower,0,10,14,0,24,0,2,10,0,12,0,12,24,0,36,16,0,16,52
05/24/2003,HOB,NM,ASW,CE,Federal Contract Tower,0,4,4,0,8,0,0,18,0,18,0,4,22,0,26,32,0,32,58
05/25/2003,HOB,NM,ASW,CE,Federal Contract Tower,0,2,0,0,2,0,0,18,0,18,0,2,18,0,20,14,0,14,34
05/26/2003,HOB,NM,ASW,CE,Federal Contract Tower,0,4,4,0,8,0,0,10,0,10,0,4,14,0,18,8,0,8,26
05/27/2003,HOB,NM,ASW,CE,Federal Contract Tower,0,8,1,0,9,0,2,25,0,27,0,10,26,0,36,12,0,12,48
05/28/2003,HOB,NM,ASW,CE,Federal Contract Tower,0,10,8,0,18,0,0,24,0,24,0,10,32,0,42,10,0,10,52
05/29/2003,HOB,NM,ASW,CE,Federal Contract Tower,0,7,8,0,15,0,3,16,0,19,0,10,24,0,34,14,0,14,48
05/30/2003,HOB,NM,ASW,CE,Federal Contract Tower,0,8,6,0,14,0,4,28,0,32,0,12,34,0,46,18,0,18,64
05/31/2003,HOB,NM,ASW,CE,Federal Contract Tower,0,4,5,0,9,0,0,21,0,21,0,4,26,0,30,20,0,20,50
06/01/2003,HOB,NM,ASW,CE,Federal Contract Tower,0,2,5,0,7,0,0,21,0,21,0,2,26,0,28,18,0,18,46
06/02/2003,HOB,NM,ASW,CE,Federal Contract Tower,0,7,3,0,10,0,2,15,0,17,0,9,18,0,27,12,0,12,39
06/03/2003,HOB,NM,ASW,CE,Federal Contract Tower,0,8,2,0,10,0,2,20,0,22,0,10,22,0,32,8,0,8,40
06/04/2003,HOB,NM,ASW,CE,Federal Contract Tower,0,7,10,2,19,0,3,28,0,31,0,10,38,2,50,12,28,40,90
06/05/2003,HOB,NM,ASW,CE,Federal Contract Tower,0,8,5,2,15,0,2,19,2,23,0,10,24,4,38,18,4,22,60
06/06/2003,HOB,NM,ASW,CE,Federal Contract Tower,0,6,7,2,15,0,6,21,1,28,0,12,28,3,43,20,20,40,83
06/07/2003,HOB,NM,ASW,CE,Federal Contract Tower,0,4,0,0,4,0,0,26,0,26,0,4,26,0,30,12,0,12,42
06/08/2003,HOB,NM,ASW,CE,Federal Contract Tower,0,2,3,0,5,0,0,13,0,13,0,2,16,0,18,14,0,14,32
06/09/2003,HOB,NM,ASW,CE,Federal Contract Tower,0,7,9,0,16,0,3,19,0,22,0,10,28,0,38,18,0,18,56
06/10/2003,HOB,NM,ASW,CE,Federal Contract Tower,0,7,1,0,8,0,3,33,0,36,0,10,34,0,44,22,0,22,66
06/11/2003,HOB,NM,ASW,CE,Federal Contract Tower,0,7,4,0,11,0,3,38,0,41,0,10,42,0,52,24,0,24,76
06/12/2003,HOB,NM,ASW,CE,Federal Contract Tower,0,7,8,2,17,0,3,22,1,26,0,10,30,3,43,30,30,60,103
06/13/2003,HOB,NM,ASW,CE,Federal Contract Tower,0,7,6,0,13,0,5,22,0,27,0,12,28,0,40,14,0,14,54
06/14/2003,HOB,NM,ASW,CE,Federal Contract Tower,0,4,0,0,4,0,0,32,0,32,0,4,32,0,36,26,0,26,62
06/15/2003,HOB,NM,ASW,CE,Federal Contract Tower,0,2,1,0,3,0,0,21,0,21,0,2,22,0,24,16,0,16,40
06/16/2003,HOB,NM,ASW,CE,Federal Contract Tower,0,7,4,0,11,0,3,29,0,32,0,10,33,0,43,18,0,18,61
06/17/2003,HOB,NM,ASW,CE,Federal Contract Tower,0,8,2,0,10,0,2,24,0,26,0,10,26,0,36,12,0,12,48
06/18/2003,HOB,NM,ASW,CE,Federal Contract Tower,0,7,5,0,12,0,3,11,0,14,0,10,16,0,26,10,0,10,36
06/19/2003,HOB,NM,ASW,CE,Federal Contract Tower,0,7,8,0,15,0,3,22,2,27,0,10,30,2,42,12,0,12,54
06/20/2003,HOB,NM,ASW,CE,Federal Contract Tower,0,6,6,0,12,0,6,14,0,20,0,12,20,0,32,14,0,14,46
06/21/2003,HOB,NM,ASW,CE,Federal Contract Tower,0,4,5,0,9,0,0,15,0,15,0,4,20,0,24,18,0,18,42
06/22/2003,HOB,NM,ASW,CE,Federal Contract Tower,0,2,0,0,2,0,0,10,0,10,0,2,10,0,12,10,0,10,22
06/23/2003,HOB,NM,ASW,CE,Federal Contract Tower,0,7,8,0,15,0,2,12,0,14,0,9,20,0,29,12,0,12,41
06/24/2003,HOB,NM,ASW,CE,Federal Contract Tower,0,7,6,0,13,0,3,26,0,29,0,10,32,0,42,18,0,18,60
06/25/2003,HOB,NM,ASW,CE,Federal Contract Tower,0,8,6,0,14,0,2,22,0,24,0,10,28,0,38,22,0,22,60
06/26/2003,HOB,NM,ASW,CE,Federal Contract Tower,0,11,9,0,20,0,1,5,0,6,0,12,14,0,26,10,0,10,36
06/27/2003,HOB,NM,ASW,CE,Federal Contract Tower,0,8,12,0,20,0,4,16,0,20,0,12,28,0,40,14,0,14,54
06/28/2003,HOB,NM,ASW,CE,Federal Contract Tower,0,5,2,1,8,0,0,84,1,85,0,5,86,2,93,38,12,50,143
06/29/2003,HOB,NM,ASW,CE,Federal Contract Tower,0,2,1,0,3,0,0,23,0,23,0,2,24,0,26,16,0,16,42
06/30/2003,HOB,NM,ASW,CE,Federal Contract Tower,0,8,1,0,9,0,2,31,0,33,0,10,32,0,42,18,0,18,60
07/01/2003,HOB,NM,ASW,CE,Federal Contract Tower,0,9,3,0,12,0,3,23,0,26,0,12,26,0,38,18,0,18,56
07/02/2003,HOB,NM,ASW,CE,Federal Contract Tower,0,7,5,0,12,0,3,35,0,38,0,10,40,0,50,74,0,74,124
07/03/2003,HOB,NM,ASW,CE,Federal Contract Tower,0,7,6,0,13,0,3,16,0,19,0,10,22,0,32,50,0,50,82
07/04/2003,HOB,NM,ASW,CE,Federal Contract Tower,0,2,2,0,4,0,0,24,0,24,0,2,26,0,28,30,0,30,58
07/05/2003,HOB,NM,ASW,CE,Federal Contract Tower,0,5,0,0,5,0,0,28,0,28,0,5,28,0,33,20,0,20,53
07/06/2003,HOB,NM,ASW,CE,Federal Contract Tower,0,2,1,0,3,0,0,23,0,23,0,2,24,0,26,14,0,14,40
07/07/2003,HOB,NM,ASW,CE,Federal Contract Tower,0,7,3,0,10,0,3,20,0,23,0,10,23,0,33,12,0,12,45
07/08/2003,HOB,NM,ASW,CE,Federal Contract Tower,0,9,13,0,22,0,1,8,0,9,0,10,21,0,31,10,0,10,41
07/09/2003,HOB,NM,ASW,CE,Federal Contract Tower,0,7,5,0,12,0,3,23,0,26,0,10,28,0,38,26,0,26,64
07/10/2003,HOB,NM,ASW,CE,Federal Contract Tower,0,7,7,0,14,0,5,37,0,42,0,12,44,0,56,50,0,50,106
07/11/2003,HOB,NM,ASW,CE,Federal Contract Tower,0,7,5,0,12,0,5,33,0,38,0,12,38,0,50,30,0,30,80
07/12/2003,HOB,NM,ASW,CE,Federal Contract Tower,0,6,4,0,10,0,0,29,0,29,0,6,33,0,39,28,0,28,67
07/13/2003,HOB,NM,ASW,CE,Federal Contract Tower,0,2,5,0,7,0,0,19,0,19,0,2,24,0,26,26,0,26,52
07/14/2003,HOB,NM,ASW,CE,Federal Contract Tower,0,7,2,0,9,0,3,24,0,27,0,10,26,0,36,16,0,16,52
07/15/2003,HOB,NM,ASW,CE,Federal Contract Tower,0,7,1,0,8,0,3,27,0,30,0,10,28,0,38,22,0,22,60
07/16/2003,HOB,NM,ASW,CE,Federal Contract Tower,0,7,6,0,13,0,3,6,0,9,0,10,12,0,22,10,0,10,32
07/17/2003,HOB,NM,ASW,CE,Federal Contract Tower,0,7,5,0,12,0,3,19,0,22,0,10,24,0,34,34,0,34,68
07/18/2003,HOB,NM,ASW,CE,Federal Contract Tower,0,8,8,0,16,0,6,14,0,20,0,14,22,0,36,18,0,18,54
07/19/2003,HOB,NM,ASW,CE,Federal Contract Tower,0,4,1,0,5,0,0,35,0,35,0,4,36,0,40,22,0,22,62
07/20/2003,HOB,NM,ASW,CE,Federal Contract Tower,0,3,1,0,4,0,0,18,0,18,0,3,19,0,22,26,0,26,48
07/21/2003,HOB,NM,ASW,CE,Federal Contract Tower,0,8,6,0,14,0,2,30,0,32,0,10,36,0,46,24,0,24,70
07/22/2003,HOB,NM,ASW,CE,Federal Contract Tower,0,8,7,0,15,0,2,9,0,11,0,10,16,0,26,10,0,10,36
07/23/2003,HOB,NM,ASW,CE,Federal Contract Tower,0,6,7,0,13,0,6,23,3,32,0,12,30,3,45,24,6,30,75
07/24/2003,HOB,NM,ASW,CE,Federal Contract Tower,0,6,6,0,12,0,4,24,0,28,0,10,30,0,40,14,0,14,54
07/25/2003,HOB,NM,ASW,CE,Federal Contract Tower,0,5,5,1,11,0,7,19,1,27,0,12,24,2,38,28,0,28,66
07/26/2003,HOB,NM,ASW,CE,Federal Contract Tower,0,5,0,0,5,0,0,20,0,20,0,5,20,0,25,18,0,18,43
07/27/2003,HOB,NM,ASW,CE,Federal Contract Tower,0,3,0,0,3,0,0,12,0,12,0,3,12,0,15,14,0,14,29
07/28/2003,HOB,NM,ASW,CE,Federal Contract Tower,0,8,4,0,12,0,2,24,0,26,0,10,28,0,38,22,0,22,60
07/29/2003,HOB,NM,ASW,CE,Federal Contract Tower,0,8,0,2,10,0,2,27,0,29,0,10,27,2,39,16,4,20,59
07/30/2003,HOB,NM,ASW,CE,Federal Contract Tower,0,6,3,0,9,0,4,17,0,21,0,10,20,0,30,14,0,14,44
07/31/2003,HOB,NM,ASW,CE,Federal Contract Tower,0,7,4,1,12,0,3,18,1,22,0,10,22,2,34,20,10,30,64
08/01/2003,HOB,NM,ASW,CE,Federal Contract Tower,0,5,2,0,7,0,7,18,0,25,0,12,20,0,32,32,0,32,64
08/02/2003,HOB,NM,ASW,CE,Federal Contract Tower,0,4,1,0,5,0,0,35,0,35,0,4,36,0,40,28,0,28,68
08/03/2003,HOB,NM,ASW,CE,Federal Contract Tower,0,2,3,0,5,0,0,23,0,23,0,2,26,0,28,36,0,36,64
08/04/2003,HOB,NM,ASW,CE,Federal Contract Tower,0,7,4,0,11,0,3,28,0,31,0,10,32,0,42,20,0,20,62
08/05/2003,HOB,NM,ASW,CE,Federal Contract Tower,0,7,1,0,8,0,3,27,0,30,0,10,28,0,38,18,0,18,56
08/06/2003,HOB,NM,ASW,CE,Federal Contract Tower,0,7,3,0,10,0,3,33,0,36,0,10,36,0,46,22,0,22,68
08/07/2003,HOB,NM,ASW,CE,Federal Contract Tower,0,7,2,2,11,0,3,30,0,33,0,10,32,2,44,14,6,20,64
08/08/2003,HOB,NM,ASW,CE,Federal Contract Tower,0,5,1,0,6,0,7,25,0,32,0,12,26,0,38,16,0,16,54
08/09/2003,HOB,NM,ASW,CE,Federal Contract Tower,0,4,1,0,5,0,0,27,0,27,0,4,28,0,32,38,0,38,70
08/10/2003,HOB,NM,ASW,CE,Federal Contract Tower,0,4,1,0,5,0,0,27,0,27,0,4,28,0,32,22,0,22,54
08/11/2003,HOB,NM,ASW,CE,Federal Contract Tower,0,5,2,0,7,0,3,24,0,27,0,8,26,0,34,18,0,18,52
08/12/2003,HOB,NM,ASW,CE,Federal Contract Tower,0,7,0,0,7,0,3,18,0,21,0,10,18,0,28,14,0,14,42
08/13/2003,HOB,NM,ASW,CE,Federal Contract Tower,0,7,5,0,12,0,3,19,0,22,0,10,24,0,34,10,0,10,44
08/14/2003,HOB,NM,ASW,CE,Federal Contract Tower,0,5,4,0,9,0,5,20,0,25,0,10,24,0,34,14,0,14,48
08/15/2003,HOB,NM,ASW,CE,Federal Contract Tower,0,10,7,0,17,0,2,13,0,15,0,12,20,0,32,24,0,24,56
08/16/2003,HOB,NM,ASW,CE,Federal Contract Tower,0,4,2,0,6,0,0,30,0,30,0,4,32,0,36,22,0,22,58
08/17/2003,HOB,NM,ASW,CE,Federal Contract Tower,0,2,2,0,4,0,0,20,0,20,0,2,22,0,24,18,0,18,42
08/18/2003,HOB,NM,ASW,CE,Federal Contract Tower,0,7,4,0,11,0,3,30,0,33,0,10,34,0,44,20,0,20,64
08/19/2003,HOB,NM,ASW,CE,Federal Contract Tower,0,9,4,0,13,0,2,12,0,14,0,11,16,0,27,14,0,14,41
08/20/2003,HOB,NM,ASW,CE,Federal Contract Tower,0,10,9,0,19,0,2,19,0,21,0,12,28,0,40,20,0,20,60
08/21/2003,HOB,NM,ASW,CE,Federal Contract Tower,0,4,5,0,9,0,6,29,0,35,0,10,34,0,44,20,0,20,64
08/22/2003,HOB,NM,ASW,CE,Federal Contract Tower,0,7,2,2,11,0,5,24,0,29,0,12,26,2,40,22,8,30,70
08/23/2003,HOB,NM,ASW,CE,Federal Contract Tower,0,4,0,0,4,0,0,32,0,32,0,4,32,0,36,26,0,26,62
08/24/2003,HOB,NM,ASW,CE,Federal Contract Tower,0,2,0,0,2,0,0,28,0,28,0,2,28,0,30,18,0,18,48
08/25/2003,HOB,NM,ASW,CE,Federal Contract Tower,0,6,3,0,9,0,4,19,0,23,0,10,22,0,32,16,0,16,48
08/26/2003,HOB,NM,ASW,CE,Federal Contract Tower,0,7,0,0,7,0,3,36,0,39,0,10,36,0,46,14,0,14,60
08/27/2003,HOB,NM,ASW,CE,Federal Contract Tower,0,8,9,0,17,0,2,21,0,23,0,10,30,0,40,14,0,14,54
08/28/2003,HOB,NM,ASW,CE,Federal Contract Tower,0,7,7,1,15,0,3,13,1,17,0,10,20,2,32,14,0,14,46
08/29/2003,HOB,NM,ASW,CE,Federal Contract Tower,0,9,11,0,20,0,3,21,0,24,0,12,32,0,44,18,0,18,62
08/30/2003,HOB,NM,ASW,CE,Federal Contract Tower,0,4,2,0,6,0,0,29,0,29,0,4,31,0,35,22,0,22,57
08/31/2003,HOB,NM,ASW,CE,Federal Contract Tower,0,2,3,0,5,0,0,13,0,13,0,2,16,0,18,14,0,14,32
09/01/2003,HOB,NM,ASW,CE,Federal Contract Tower,0,4,1,1,6,0,0,17,1,18,0,4,18,2,24,36,12,48,72
09/02/2003,HOB,NM,ASW,CE,Federal Contract Tower,0,10,15,0,25,0,4,14,0,18,0,14,29,0,43,12,0,12,55
09/03/2003,HOB,NM,ASW,CE,Federal Contract Tower,0,5,5,0,10,0,5,35,0,40,0,10,40,0,50,14,0,14,64
09/04/2003,HOB,NM,ASW,CE,Federal Contract Tower,0,5,7,0,12,0,5,29,0,34,0,10,36,0,46,22,0,22,68
09/05/2003,HOB,NM,ASW,CE,Federal Contract Tower,0,5,9,0,14,0,7,19,0,26,0,12,28,0,40,26,0,26,66
09/06/2003,HOB,NM,ASW,CE,Federal Contract Tower,0,4,2,1,7,0,0,22,1,23,0,4,24,2,30,36,0,36,66
09/07/2003,HOB,NM,ASW,CE,Federal Contract Tower,0,2,1,0,3,0,0,19,0,19,0,2,20,0,22,16,0,16,38
09/08/2003,HOB,NM,ASW,CE,Federal Contract Tower,0,10,6,0,16,0,4,26,0,30,0,14,32,0,46,18,0,18,64
09/09/2003,HOB,NM,ASW,CE,Federal Contract Tower,0,6,7,0,13,0,4,19,0,23,0,10,26,0,36,16,0,16,52
09/10/2003,HOB,NM,ASW,CE,Federal Contract Tower,0,5,6,0,11,0,5,22,0,27,0,10,28,0,38,14,0,14,52
09/11/2003,HOB,NM,ASW,CE,Federal Contract Tower,0,5,4,0,9,0,5,18,0,23,0,10,22,0,32,14,0,14,46
09/12/2003,HOB,NM,ASW,CE,Federal Contract Tower,0,7,4,0,11,0,5,22,2,29,0,12,26,2,40,18,0,18,58
09/13/2003,HOB,NM,ASW,CE,Federal Contract Tower,0,4,0,1,5,0,0,32,1,33,0,4,32,2,38,22,2,24,62
09/14/2003,HOB,NM,ASW,CE,Federal Contract Tower,0,1,2,0,3,0,0,12,0,12,0,1,14,0,15,0,0,0,15
09/15/2003,HOB,NM,ASW,CE,Federal Contract Tower,0,6,1,0,7,0,6,25,0,31,0,12,26,0,38,12,0,12,50
09/16/2003,HOB,NM,ASW,CE,Federal Contract Tower,0,7,3,0,10,0,3,17,0,20,0,10,20,0,30,10,0,10,40
09/17/2003,HOB,NM,ASW,CE,Federal Contract Tower,0,8,14,0,22,0,2,38,0,40,0,10,52,0,62,14,0,14,76
09/18/2003,HOB,NM,ASW,CE,Federal Contract Tower,0,8,13,0,21,0,2,14,0,16,0,10,27,0,37,4,0,4,41
09/19/2003,HOB,NM,ASW,CE,Federal Contract Tower,0,9,7,4,20,0,5,19,6,30,0,14,26,10,50,14,10,24,74
09/20/2003,HOB,NM,ASW,CE,Federal Contract Tower,0,4,0,0,4,0,0,28,0,28,0,4,28,0,32,18,0,18,50
09/21/2003,HOB,NM,ASW,CE,Federal Contract Tower,0,2,0,0,2,0,0,12,0,12,0,2,12,0,14,22,0,22,36
09/22/2003,HOB,NM,ASW,CE,Federal Contract Tower,0,7,3,0,10,0,3,19,0,22,0,10,22,0,32,16,0,16,48
09/23/2003,HOB,NM,ASW,CE,Federal Contract Tower,0,8,2,2,12,0,2,26,0,28,0,10,28,2,40,24,0,24,64
09/24/2003,HOB,NM,ASW,CE,Federal Contract Tower,0,7,4,0,11,0,3,14,0,17,0,10,18,0,28,8,0,8,36
09/25/2003,HOB,NM,ASW,CE,Federal Contract Tower,0,9,6,0,15,0,1,16,0,17,0,10,22,0,32,0,0,0,32
09/26/2003,HOB,NM,ASW,CE,Federal Contract Tower,0,9,9,0,18,0,3,25,0,28,0,12,34,0,46,24,0,24,70
09/27/2003,HOB,NM,ASW,CE,Federal Contract Tower,0,3,3,0,6,0,1,25,0,26,0,4,28,0,32,10,0,10,42
09/28/2003,HOB,NM,ASW,CE,Federal Contract Tower,0,2,0,0,2,0,0,26,0,26,0,2,26,0,28,18,0,18,46
09/29/2003,HOB,NM,ASW,CE,Federal Contract Tower,0,7,2,0,9,0,3,22,0,25,0,10,24,0,34,12,0,12,46
09/30/2003,HOB,NM,ASW,CE,Federal Contract Tower,0,6,4,0,10,0,3,10,0,13,0,9,14,0,23,10,0,10,33
10/01/2003,HOB,NM,ASW,CE,Federal Contract Tower,0,8,13,0,21,0,1,11,0,12,0,9,24,0,33,10,0,10,43
10/02/2003,HOB,NM,ASW,CE,Federal Contract Tower,0,9,4,0,13,0,1,28,0,29,0,10,32,0,42,28,0,28,70
10/03/2003,HOB,NM,ASW,CE,Federal Contract Tower,0,11,0,0,11,0,1,22,0,23,0,12,22,0,34,18,0,18,52
10/04/2003,HOB,NM,ASW,CE,Federal Contract Tower,0,4,4,0,8,0,0,24,0,24,0,4,28,0,32,12,0,12,44
10/05/2003,HOB,NM,ASW,CE,Federal Contract Tower,0,2,0,0,2,0,0,23,0,23,0,2,23,0,25,16,0,16,41
10/06/2003,HOB,NM,ASW,CE,Federal Contract Tower,0,8,5,0,13,0,2,5,0,7,0,10,10,0,20,10,0,10,30
10/07/2003,HOB,NM,ASW,CE,Federal Contract Tower,0,10,8,0,18,0,0,0,0,0,0,10,8,0,18,0,0,0,18
10/08/2003,HOB,NM,ASW,CE,Federal Contract Tower,0,10,14,0,24,0,0,6,0,6,0,10,20,0,30,4,0,4,34
10/09/2003,HOB,NM,ASW,CE,Federal Contract Tower,0,8,11,0,19,0,2,9,2,13,0,10,20,2,32,12,0,12,44
10/10/2003,HOB,NM,ASW,CE,Federal Contract Tower,0,11,4,0,15,0,1,18,0,19,0,12,22,0,34,16,0,16,50
10/11/2003,HOB,NM,ASW,CE,Federal Contract Tower,0,4,2,0,6,0,0,28,0,28,0,4,30,0,34,18,0,18,52
10/12/2003,HOB,NM,ASW,CE,Federal Contract Tower,0,4,4,0,8,0,0,10,0,10,0,4,14,0,18,12,0,12,30
10/13/2003,HOB,NM,ASW,CE,Federal Contract Tower,0,4,0,0,4,0,0,12,0,12,0,4,12,0,16,6,0,6,22
10/14/2003,HOB,NM,ASW,CE,Federal Contract Tower,0,5,5,0,10,0,3,5,0,8,0,8,10,0,18,22,0,22,40
10/15/2003,HOB,NM,ASW,CE,Federal Contract Tower,0,7,5,0,12,0,5,21,0,26,0,12,26,0,38,12,0,12,50
10/16/2003,HOB,NM,ASW,CE,Federal Contract Tower,0,6,6,0,12,0,4,24,0,28,0,10,30,0,40,20,0,20,60
10/17/2003,HOB,NM,ASW,CE,Federal Contract Tower,0,5,8,0,13,0,5,7,0,12,0,10,15,0,25,20,0,20,45
10/18/2003,HOB,NM,ASW,CE,Federal Contract Tower,0,4,1,0,5,0,0,35,0,35,0,4,36,0,40,22,0,22,62
10/19/2003,HOB,NM,ASW,CE,Federal Contract Tower,0,2,0,0,2,0,0,26,0,26,0,2,26,0,28,18,0,18,46
10/20/2003,HOB,NM,ASW,CE,Federal Contract Tower,0,5,5,0,10,0,5,24,1,30,0,10,29,1,40,12,0,12,52
10/21/2003,HOB,NM,ASW,CE,Federal Contract Tower,0,6,3,0,9,0,4,23,0,27,0,10,26,0,36,14,0,14,50
10/22/2003,HOB,NM,ASW,CE,Federal Contract Tower,0,8,7,1,16,0,4,17,0,21,0,12,24,1,37,6,0,6,43
10/23/2003,HOB,NM,ASW,CE,Federal Contract Tower,0,6,5,0,11,0,4,19,2,25,0,10,24,2,36,16,0,16,52
10/24/2003,HOB,NM,ASW,CE,Federal Contract Tower,0,7,5,0,12,0,5,17,0,22,0,12,22,0,34,12,0,12,46
10/25/2003,HOB,NM,ASW,CE,Federal Contract Tower,0,4,0,0,4,0,0,18,0,18,0,4,18,0,22,16,0,16,38
10/26/2003,HOB,NM,ASW,CE,Federal Contract Tower,0,2,0,0,2,0,0,14,2,16,0,2,14,2,18,12,0,12,30
10/27/2003,HOB,NM,ASW,CE,Federal Contract Tower,0,6,0,0,6,0,4,26,2,32,0,10,26,2,38,10,2,12,50
10/28/2003,HOB,NM,ASW,CE,Federal Contract Tower,0,6,8,0,14,0,4,16,0,20,0,10,24,0,34,10,0,10,44
10/29/2003,HOB,NM,ASW,CE,Federal Contract Tower,0,6,7,0,13,0,4,21,0,25,0,10,28,0,38,16,0,16,54
10/30/2003,HOB,NM,ASW,CE,Federal Contract Tower,0,5,4,0,9,0,5,22,0,27,0,10,26,0,36,14,0,14,50
10/31/2003,HOB,NM,ASW,CE,Federal Contract Tower,0,7,7,2,16,0,5,23,1,29,0,12,30,3,45,16,36,52,97
11/01/2003,HOB,NM,ASW,CE,Federal Contract Tower,0,4,2,0,6,0,0,30,2,32,0,4,32,2,38,28,0,28,66
11/02/2003,HOB,NM,ASW,CE,Federal Contract Tower,0,2,4,0,6,0,0,14,1,15,0,2,18,1,21,14,0,14,35
11/03/2003,HOB,NM,ASW,CE,Federal Contract Tower,0,7,7,0,14,0,3,27,0,30,0,10,34,0,44,22,0,22,66
11/04/2003,HOB,NM,ASW,CE,Federal Contract Tower,0,6,4,4,14,0,4,32,0,36,0,10,36,4,50,16,28,44,94
11/05/2003,HOB,NM,ASW,CE,Federal Contract Tower,0,5,7,0,12,0,5,21,0,26,0,10,28,0,38,0,0,0,38
11/06/2003,HOB,NM,ASW,CE,Federal Contract Tower,0,14,8,0,22,0,0,0,0,0,0,14,8,0,22,0,0,0,22
11/07/2003,HOB,NM,ASW,CE,Federal Contract Tower,0,12,6,0,18,0,0,0,0,0,0,12,6,0,18,0,0,0,18
11/08/2003,HOB,NM,ASW,CE,Federal Contract Tower,0,4,0,0,4,0,0,10,0,10,0,4,10,0,14,0,0,0,14
11/09/2003,HOB,NM,ASW,CE,Federal Contract Tower,0,2,2,0,4,0,0,6,0,6,0,2,8,0,10,0,0,0,10
11/10/2003,HOB,NM,ASW,CE,Federal Contract Tower,0,7,1,0,8,0,3,25,0,28,0,10,26,0,36,18,0,18,54
11/11/2003,HOB,NM,ASW,CE,Federal Contract Tower,0,7,7,0,14,0,3,1,0,4,0,10,8,0,18,12,0,12,30
11/12/2003,HOB,NM,ASW,CE,Federal Contract Tower,0,6,5,0,11,0,4,17,0,21,0,10,22,0,32,14,0,14,46
11/13/2003,HOB,NM,ASW,CE,Federal Contract Tower,0,8,7,1,16,0,2,3,1,6,0,10,10,2,22,0,0,0,22
11/14/2003,HOB,NM,ASW,CE,Federal Contract Tower,0,7,7,0,14,0,3,3,0,6,0,10,10,0,20,6,0,6,26
11/15/2003,HOB,NM,ASW,CE,Federal Contract Tower,0,4,3,0,7,0,0,21,0,21,0,4,24,0,28,18,0,18,46
11/16/2003,HOB,NM,ASW,CE,Federal Contract Tower,0,2,4,0,6,0,0,24,0,24,0,2,28,0,30,22,0,22,52
11/17/2003,HOB,NM,ASW,CE,Federal Contract Tower,0,9,2,0,11,0,1,18,0,19,0,10,20,0,30,16,0,16,46
11/18/2003,HOB,NM,ASW,CE,Federal Contract Tower,0,9,6,2,17,0,2,0,0,2,0,11,6,2,19,16,24,40,59
11/19/2003,HOB,NM,ASW,CE,Federal Contract Tower,0,8,4,0,12,0,4,20,0,24,0,12,24,0,36,14,0,14,50
11/20/2003,HOB,NM,ASW,CE,Federal Contract Tower,0,9,6,0,15,0,5,20,0,25,0,14,26,0,40,16,0,16,56
11/21/2003,HOB,NM,ASW,CE,Federal Contract Tower,0,7,0,0,7,0,5,24,0,29,0,12,24,0,36,26,0,26,62
11/22/2003,HOB,NM,ASW,CE,Federal Contract Tower,0,4,0,0,4,0,0,12,0,12,0,4,12,0,16,6,0,6,22
11/23/2003,HOB,NM,ASW,CE,Federal Contract Tower,0,2,0,0,2,0,0,22,0,22,0,2,22,0,24,18,0,18,42
11/24/2003,HOB,NM,ASW,CE,Federal Contract Tower,0,6,0,0,6,0,4,16,0,20,0,10,16,0,26,12,0,12,38
11/25/2003,HOB,NM,ASW,CE,Federal Contract Tower,0,8,6,0,14,0,4,8,0,12,0,12,14,0,26,16,0,16,42
11/26/2003,HOB,NM,ASW,CE,Federal Contract Tower,0,6,4,0,10,0,4,16,0,20,0,10,20,0,30,18,0,18,48
11/27/2003,HOB,NM,ASW,CE,Federal Contract Tower,0,4,0,0,4,0,0,8,0,8,0,4,8,0,12,8,0,8,20
11/28/2003,HOB,NM,ASW,CE,Federal Contract Tower,0,6,2,0,8,0,6,24,0,30,0,12,26,0,38,20,0,20,58
11/29/2003,HOB,NM,ASW,CE,Federal Contract Tower,0,4,2,0,6,0,0,20,0,20,0,4,22,0,26,16,0,16,42
11/30/2003,HOB,NM,ASW,CE,Federal Contract Tower,0,2,0,0,2,0,0,11,0,11,0,2,11,0,13,8,0,8,21
12/01/2003,HOB,NM,ASW,CE,Federal Contract Tower,0,6,2,0,8,0,4,20,0,24,0,10,22,0,32,18,0,18,50
12/02/2003,HOB,NM,ASW,CE,Federal Contract Tower,0,8,1,0,9,0,2,17,0,19,0,10,18,0,28,26,0,26,54
12/03/2003,HOB,NM,ASW,CE,Federal Contract Tower,0,6,6,2,14,0,4,16,2,22,0,10,22,4,36,8,20,28,64
12/04/2003,HOB,NM,ASW,CE,Federal Contract Tower,0,7,3,0,10,0,3,23,0,26,0,10,26,0,36,22,0,22,58
12/05/2003,HOB,NM,ASW,CE,Federal Contract Tower,0,9,8,0,17,0,3,16,0,19,0,12,24,0,36,10,0,10,46
12/06/2003,HOB,NM,ASW,CE,Federal Contract Tower,0,4,0,0,4,0,0,28,0,28,0,4,28,0,32,14,0,14,46
12/07/2003,HOB,NM,ASW,CE,Federal Contract Tower,0,2,1,0,3,0,0,15,0,15,0,2,16,0,18,8,0,8,26
12/08/2003,HOB,NM,ASW,CE,Federal Contract Tower,0,8,0,0,8,0,2,14,0,16,0,10,14,0,24,12,0,12,36
12/09/2003,HOB,NM,ASW,CE,Federal Contract Tower,0,7,5,0,12,0,3,2,0,5,0,10,7,0,17,8,0,8,25
12/10/2003,HOB,NM,ASW,CE,Federal Contract Tower,0,6,4,4,14,0,4,9,3,16,0,10,13,7,30,10,20,30,60
12/11/2003,HOB,NM,ASW,CE,Federal Contract Tower,0,6,4,0,10,0,4,24,0,28,0,10,28,0,38,18,0,18,56
12/12/2003,HOB,NM,ASW,CE,Federal Contract Tower,0,10,6,0,16,0,4,16,0,20,0,14,22,0,36,14,0,14,50
12/13/2003,HOB,NM,ASW,CE,Federal Contract Tower,0,4,3,2,9,0,0,17,0,17,0,4,20,2,26,28,16,44,70
12/14/2003,HOB,NM,ASW,CE,Federal Contract Tower,0,2,1,0,3,0,0,15,0,15,0,2,16,0,18,18,0,18,36
12/15/2003,HOB,NM,ASW,CE,Federal Contract Tower,0,9,5,4,18,0,1,16,0,17,0,10,21,4,35,12,12,24,59
12/16/2003,HOB,NM,ASW,CE,Federal Contract Tower,0,6,2,0,8,0,4,26,0,30,0,10,28,0,38,16,0,16,54
12/17/2003,HOB,NM,ASW,CE,Federal Contract Tower,0,6,2,0,8,0,6,22,0,28,0,12,24,0,36,10,0,10,46
12/18/2003,HOB,NM,ASW,CE,Federal Contract Tower,0,6,5,0,11,0,4,25,0,29,0,10,30,0,40,26,0,26,66
12/19/2003,HOB,NM,ASW,CE,Federal Contract Tower,0,6,5,0,11,0,5,22,0,27,0,11,27,0,38,18,0,18,56
12/20/2003,HOB,NM,ASW,CE,Federal Contract Tower,0,4,2,0,6,0,0,19,0,19,0,4,21,0,25,12,0,12,37
12/21/2003,HOB,NM,ASW,CE,Federal Contract Tower,0,2,1,0,3,0,0,17,0,17,0,2,18,0,20,10,0,10,30
12/22/2003,HOB,NM,ASW,CE,Federal Contract Tower,0,10,2,0,12,0,0,26,0,26,0,10,28,0,38,26,0,26,64
12/23/2003,HOB,NM,ASW,CE,Federal Contract Tower,0,7,1,0,8,0,3,25,0,28,0,10,26,0,36,12,0,12,48
12/24/2003,HOB,NM,ASW,CE,Federal Contract Tower,0,6,2,0,8,0,6,30,2,38,0,12,32,2,46,16,0,16,62
12/25/2003,HOB,NM,ASW,CE,Federal Contract Tower,0,3,0,0,3,0,1,6,0,7,0,4,6,0,10,0,0,0,10
12/26/2003,HOB,NM,ASW,CE,Federal Contract Tower,0,5,2,0,7,0,7,9,0,16,0,12,11,0,23,10,0,10,33
12/27/2003,HOB,NM,ASW,CE,Federal Contract Tower,0,4,3,0,7,0,0,19,0,19,0,4,22,0,26,14,0,14,40
12/28/2003,HOB,NM,ASW,CE,Federal Contract Tower,0,2,0,0,2,0,0,14,0,14,0,2,14,0,16,8,0,8,24
12/29/2003,HOB,NM,ASW,CE,Federal Contract Tower,0,6,0,0,6,0,4,26,0,30,0,10,26,0,36,18,0,18,54
12/30/2003,HOB,NM,ASW,CE,Federal Contract Tower,0,7,5,0,12,0,5,19,0,24,0,12,24,0,36,12,0,12,48
12/31/2003,HOB,NM,ASW,CE,Federal Contract Tower,0,6,0,0,6,0,4,16,0,20,0,10,16,0,26,22,0,22,48
01/01/2004,HOB,NM,ASW,CE,Federal Contract Tower,0,2,1,0,3,0,0,2,0,2,0,2,3,0,5,0,0,0,5
01/02/2004,HOB,NM,ASW,CE,Federal Contract Tower,0,6,6,0,12,0,6,18,0,24,0,12,24,0,36,14,0,14,50
01/03/2004,HOB,NM,ASW,CE,Federal Contract Tower,0,4,2,0,6,0,0,16,0,16,0,4,18,0,22,12,0,12,34
01/04/2004,HOB,NM,ASW,CE,Federal Contract Tower,0,2,0,0,2,0,0,10,0,10,0,2,10,0,12,8,0,8,20
01/05/2004,HOB,NM,ASW,CE,Federal Contract Tower,0,4,0,6,10,0,0,22,0,22,0,4,22,6,32,2,32,34,66
01/06/2004,HOB,NM,ASW,CE,Federal Contract Tower,0,6,4,0,10,0,4,6,0,10,0,10,10,0,20,0,0,0,20
01/07/2004,HOB,NM,ASW,CE,Federal Contract Tower,0,6,2,0,8,0,4,10,0,14,0,10,12,0,22,10,0,10,32
01/08/2004,HOB,NM,ASW,CE,Federal Contract Tower,0,5,2,1,8,0,5,20,1,26,0,10,22,2,34,12,10,22,56
01/09/2004,HOB,NM,ASW,CE,Federal Contract Tower,0,7,7,0,14,0,5,7,0,12,0,12,14,0,26,10,0,10,36
01/10/2004,HOB,NM,ASW,CE,Federal Contract Tower,0,4,0,0,4,0,0,20,0,20,0,4,20,0,24,32,0,32,56
01/11/2004,HOB,NM,ASW,CE,Federal Contract Tower,0,2,2,0,4,0,0,12,0,12,0,2,14,0,16,28,0,28,44
01/12/2004,HOB,NM,ASW,CE,Federal Contract Tower,0,6,5,0,11,0,4,17,0,21,0,10,22,0,32,48,0,48,80
01/13/2004,HOB,NM,ASW,CE,Federal Contract Tower,0,6,5,0,11,0,4,8,0,12,0,10,13,0,23,10,0,10,33
01/14/2004,HOB,NM,ASW,CE,Federal Contract Tower,0,6,6,0,12,0,4,12,0,16,0,10,18,0,28,30,0,30,58
01/15/2004,HOB,NM,ASW,CE,Federal Contract Tower,0,9,6,0,15,0,0,0,0,0,0,9,6,0,15,2,0,2,17
01/16/2004,HOB,NM,ASW,CE,Federal Contract Tower,0,9,3,0,12,0,3,23,0,26,0,12,26,0,38,12,0,12,50
01/17/2004,HOB,NM,ASW,CE,Federal Contract Tower,0,5,1,0,6,0,0,13,0,13,0,5,14,0,19,8,0,8,27
01/18/2004,HOB,NM,ASW,CE,Federal Contract Tower,0,2,3,0,5,0,0,13,0,13,0,2,16,0,18,20,0,20,38
01/19/2004,HOB,NM,ASW,CE,Federal Contract Tower,0,6,5,0,11,0,0,17,0,17,0,6,22,0,28,36,0,36,64
01/20/2004,HOB,NM,ASW,CE,Federal Contract Tower,0,8,10,0,18,0,2,5,0,7,0,10,15,0,25,0,0,0,25
01/21/2004,HOB,NM,ASW,CE,Federal Contract Tower,0,7,8,3,18,0,3,4,2,9,0,10,12,5,27,0,0,0,27
01/22/2004,HOB,NM,ASW,CE,Federal Contract Tower,0,7,9,0,16,0,3,13,0,16,0,10,22,0,32,12,0,12,44
01/23/2004,HOB,NM,ASW,CE,Federal Contract Tower,0,10,0,0,10,0,2,18,0,20,0,12,18,0,30,14,0,14,44
01/24/2004,HOB,NM,ASW,CE,Federal Contract Tower,0,4,1,0,5,0,0,23,0,23,0,4,24,0,28,22,0,22,50
01/25/2004,HOB,NM,ASW,CE,Federal Contract Tower,0,2,1,0,3,0,0,7,0,7,0,2,8,0,10,8,0,8,18
01/26/2004,HOB,NM,ASW,CE,Federal Contract Tower,0,6,5,0,11,0,3,0,0,3,0,9,5,0,14,0,0,0,14
01/27/2004,HOB,NM,ASW,CE,Federal Contract Tower,0,5,2,0,7,0,4,16,0,20,0,9,18,0,27,20,0,20,47
01/28/2004,HOB,NM,ASW,CE,Federal Contract Tower,0,6,5,0,11,0,4,23,0,27,0,10,28,0,38,20,0,20,58
01/29/2004,HOB,NM,ASW,CE,Federal Contract Tower,0,8,4,0,12,0,2,20,2,24,0,10,24,2,36,10,0,10,46
01/30/2004,HOB,NM,ASW,CE,Federal Contract Tower,0,5,6,0,11,0,7,26,0,33,0,12,32,0,44,42,0,42,86
01/31/2004,HOB,NM,ASW,CE,Federal Contract Tower,0,4,0,0,4,0,0,22,0,22,0,4,22,0,26,34,0,34,60
02/01/2004,HOB,NM,ASW,CE,Federal Contract Tower,0,2,0,0,2,0,0,14,0,14,0,2,14,0,16,22,0,22,38
02/02/2004,HOB,NM,ASW,CE,Federal Contract Tower,0,6,2,0,8,0,4,24,0,28,0,10,26,0,36,18,0,18,54
02/03/2004,HOB,NM,ASW,CE,Federal Contract Tower,0,8,6,0,14,0,4,0,0,4,0,12,6,0,18,0,0,0,18
02/04/2004,HOB,NM,ASW,CE,Federal Contract Tower,0,9,7,0,16,0,1,5,0,6,0,10,12,0,22,10,0,10,32
02/05/2004,HOB,NM,ASW,CE,Federal Contract Tower,0,6,4,2,12,0,4,18,0,22,0,10,22,2,34,22,18,40,74
02/06/2004,HOB,NM,ASW,CE,Federal Contract Tower,0,6,0,0,6,0,6,18,0,24,0,12,18,0,30,20,0,20,50
02/07/2004,HOB,NM,ASW,CE,Federal Contract Tower,0,4,1,0,5,0,0,25,0,25,0,4,26,0,30,42,0,42,72
02/08/2004,HOB,NM,ASW,CE,Federal Contract Tower,0,2,2,0,4,0,0,14,0,14,0,2,16,0,18,8,0,8,26
02/09/2004,HOB,NM,ASW,CE,Federal Contract Tower,0,6,4,0,10,0,4,11,0,15,0,10,15,0,25,2,0,2,27
02/10/2004,HOB,NM,ASW,CE,Federal Contract Tower,0,14,13,0,27,0,0,5,0,5,0,14,18,0,32,12,0,12,44
02/11/2004,HOB,NM,ASW,CE,Federal Contract Tower,0,9,8,0,17,0,1,12,0,13,0,10,20,0,30,12,0,12,42
02/12/2004,HOB,NM,ASW,CE,Federal Contract Tower,0,4,0,0,4,0,0,0,0,0,0,4,0,0,4,0,0,0,4
02/13/2004,HOB,NM,ASW,CE,Federal Contract Tower,0,9,6,0,15,0,0,6,0,6,0,9,12,0,21,0,0,0,21
02/14/2004,HOB,NM,ASW,CE,Federal Contract Tower,0,3,0,0,3,0,0,16,0,16,0,3,16,0,19,0,0,0,19
02/15/2004,HOB,NM,ASW,CE,Federal Contract Tower,0,2,6,0,8,0,0,28,0,28,0,2,34,0,36,44,0,44,80
02/16/2004,HOB,NM,ASW,CE,Federal Contract Tower,0,7,0,0,7,0,3,14,0,17,0,10,14,0,24,18,0,18,42
02/17/2004,HOB,NM,ASW,CE,Federal Contract Tower,0,7,8,0,15,0,3,0,0,3,0,10,8,0,18,0,0,0,18
02/18/2004,HOB,NM,ASW,CE,Federal Contract Tower,0,6,5,2,13,0,4,35,2,41,0,10,40,4,54,26,22,48,102
02/19/2004,HOB,NM,ASW,CE,Federal Contract Tower,0,7,6,0,13,0,3,12,0,15,0,10,18,0,28,10,0,10,38
02/20/2004,HOB,NM,ASW,CE,Federal Contract Tower,0,8,6,0,14,0,4,14,0,18,0,12,20,0,32,12,0,12,44
02/21/2004,HOB,NM,ASW,CE,Federal Contract Tower,0,4,1,0,5,0,0,21,0,21,0,4,22,0,26,30,0,30,56
02/22/2004,HOB,NM,ASW,CE,Federal Contract Tower,0,2,2,0,4,0,0,21,0,21,0,2,23,0,25,14,0,14,39
02/23/2004,HOB,NM,ASW,CE,Federal Contract Tower,0,9,6,0,15,0,0,2,0,2,0,9,8,0,17,12,0,12,29
02/24/2004,HOB,NM,ASW,CE,Federal Contract Tower,0,9,4,0,13,0,0,0,0,0,0,9,4,0,13,0,0,0,13
02/25/2004,HOB,NM,ASW,CE,Federal Contract Tower,0,7,7,0,14,0,3,21,0,24,0,10,28,0,38,10,0,10,48
02/26/2004,HOB,NM,ASW,CE,Federal Contract Tower,0,8,6,0,14,0,2,16,0,18,0,10,22,0,32,26,0,26,58
02/27/2004,HOB,NM,ASW,CE,Federal Contract Tower,0,8,0,0,8,0,4,30,0,34,0,12,30,0,42,18,0,18,60
02/28/2004,HOB,NM,ASW,CE,Federal Contract Tower,0,6,2,0,8,0,0,14,0,14,0,6,16,0,22,6,0,6,28
02/29/2004,HOB,NM,ASW,CE,Federal Contract Tower,0,2,4,0,6,0,0,14,0,14,0,2,18,0,20,4,0,4,24
03/01/2004,HOB,NM,ASW,CE,Federal Contract Tower,0,6,1,0,7,0,4,21,0,25,0,10,22,0,32,36,0,36,68
03/02/2004,HOB,NM,ASW,CE,Federal Contract Tower,0,7,4,0,11,0,2,0,0,2,0,9,4,0,13,0,0,0,13
03/03/2004,HOB,NM,ASW,CE,Federal Contract Tower,0,9,6,0,15,0,1,0,0,1,0,10,6,0,16,0,0,0,16
03/04/2004,HOB,NM,ASW,CE,Federal Contract Tower,0,10,9,0,19,0,1,1,0,2,0,11,10,0,21,0,0,0,21
03/05/2004,HOB,NM,ASW,CE,Federal Contract Tower,0,13,12,0,25,0,5,28,0,33,0,18,40,0,58,10,0,10,68
03/06/2004,HOB,NM,ASW,CE,Federal Contract Tower,0,6,5,0,11,0,0,13,0,13,0,6,18,0,24,22,0,22,46
03/07/2004,HOB,NM,ASW,CE,Federal Contract Tower,0,2,2,0,4,0,0,20,0,20,0,2,22,0,24,28,0,28,52
03/08/2004,HOB,NM,ASW,CE,Federal Contract Tower,0,6,3,0,9,0,4,25,0,29,0,10,28,0,38,24,0,24,62
03/09/2004,HOB,NM,ASW,CE,Federal Contract Tower,0,7,0,0,7,0,3,26,0,29,0,10,26,0,36,16,0,16,52
03/10/2004,HOB,NM,ASW,CE,Federal Contract Tower,0,7,9,0,16,0,3,31,0,34,0,10,40,0,50,10,0,10,60
03/11/2004,HOB,NM,ASW,CE,Federal Contract Tower,0,9,11,0,20,0,1,9,0,10,0,10,20,0,30,10,0,10,40
03/12/2004,HOB,NM,ASW,CE,Federal Contract Tower,0,11,10,2,23,0,1,0,6,7,0,12,10,8,30,4,0,4,34
03/13/2004,HOB,NM,ASW,CE,Federal Contract Tower,0,4,4,0,8,0,0,22,0,22,0,4,26,0,30,28,0,28,58
03/14/2004,HOB,NM,ASW,CE,Federal Contract Tower,0,2,4,0,6,0,0,0,0,0,0,2,4,0,6,2,0,2,8
03/15/2004,HOB,NM,ASW,CE,Federal Contract Tower,0,7,0,4,11,0,3,18,0,21,0,10,18,4,32,16,6,22,54
03/16/2004,HOB,NM,ASW,CE,Federal Contract Tower,0,8,12,0,20,0,2,11,0,13,0,10,23,0,33,18,0,18,51
03/17/2004,HOB,NM,ASW,CE,Federal Contract Tower,0,8,8,0,16,0,2,13,0,15,0,10,21,0,31,20,0,20,51
03/18/2004,HOB,NM,ASW,CE,Federal Contract Tower,0,8,7,0,15,0,2,31,0,33,0,10,38,0,48,34,0,34,82
03/19/2004,HOB,NM,ASW,CE,Federal Contract Tower,0,7,1,0,8,0,5,31,0,36,0,12,32,0,44,44,0,44,88
03/20/2004,HOB,NM,ASW,CE,Federal Contract Tower,0,6,1,0,7,0,0,40,0,40,0,6,41,0,47,30,0,30,77
03/21/2004,HOB,NM,ASW,CE,Federal Contract Tower,0,3,2,0,5,0,0,4,0,4,0,3,6,0,9,0,0,0,9
03/22/2004,HOB,NM,ASW,CE,Federal Contract Tower,0,8,5,0,13,0,2,5,0,7,0,10,10,0,20,6,0,6,26
03/23/2004,HOB,NM,ASW,CE,Federal Contract Tower,0,6,4,0,10,0,4,12,0,16,0,10,16,0,26,14,0,14,40
03/24/2004,HOB,NM,ASW,CE,Federal Contract Tower,0,8,6,0,14,0,2,18,0,20,0,10,24,0,34,16,0,16,50
03/25/2004,HOB,NM,ASW,CE,Federal Contract Tower,0,9,9,0,18,0,1,15,0,16,0,10,24,0,34,14,0,14,48
03/26/2004,HOB,NM,ASW,CE,Federal Contract Tower,0,8,0,0,8,0,4,8,0,12,0,12,8,0,20,10,0,10,30
03/27/2004,HOB,NM,ASW,CE,Federal Contract Tower,0,4,3,0,7,0,0,13,0,13,0,4,16,0,20,14,0,14,34
03/28/2004,HOB,NM,ASW,CE,Federal Contract Tower,0,4,0,0,4,0,0,26,0,26,0,4,26,0,30,32,0,32,62
03/29/2004,HOB,NM,ASW,CE,Federal Contract Tower,0,7,0,10,17,0,3,28,8,39,0,10,28,18,56,30,0,30,86
03/30/2004,HOB,NM,ASW,CE,Federal Contract Tower,0,7,2,0,9,0,5,30,8,43,0,12,32,8,52,26,24,50,102
03/31/2004,HOB,NM,ASW,CE,Federal Contract Tower,0,8,4,0,12,0,2,20,0,22,0,10,24,0,34,14,0,14,48
04/01/2004,HOB,NM,ASW,CE,Federal Contract Tower,0,5,4,0,9,0,5,16,0,21,0,10,20,0,30,20,0,20,50
04/02/2004,HOB,NM,ASW,CE,Federal Contract Tower,0,8,7,0,15,0,3,11,0,14,0,11,18,0,29,16,0,16,45
04/03/2004,HOB,NM,ASW,CE,Federal Contract Tower,0,4,3,0,7,0,0,15,0,15,0,4,18,0,22,12,0,12,34
04/04/2004,HOB,NM,ASW,CE,Federal Contract Tower,0,2,2,0,4,0,0,8,0,8,0,2,10,0,12,0,0,0,12
04/05/2004,HOB,NM,ASW,CE,Federal Contract Tower,0,10,0,0,10,0,0,18,0,18,0,10,18,0,28,10,0,10,38
04/06/2004,HOB,NM,ASW,CE,Federal Contract Tower,0,8,0,0,8,0,2,26,0,28,0,10,26,0,36,18,0,18,54
04/07/2004,HOB,NM,ASW,CE,Federal Contract Tower,0,10,6,0,16,0,2,16,0,18,0,12,22,0,34,24,0,24,58
04/08/2004,HOB,NM,ASW,CE,Federal Contract Tower,0,9,11,0,20,0,1,19,0,20,0,10,30,0,40,18,0,18,58
04/09/2004,HOB,NM,ASW,CE,Federal Contract Tower,0,10,9,0,19,0,2,11,0,13,0,12,20,0,32,14,0,14,46
04/10/2004,HOB,NM,ASW,CE,Federal Contract Tower,0,4,0,0,4,0,0,28,2,30,0,4,28,2,34,32,0,32,66
04/11/2004,HOB,NM,ASW,CE,Federal Contract Tower,0,2,14,0,16,0,0,8,0,8,0,2,22,0,24,28,0,28,52
04/12/2004,HOB,NM,ASW,CE,Federal Contract Tower,0,6,1,0,7,0,6,17,0,23,0,12,18,0,30,8,0,8,38
04/13/2004,HOB,NM,ASW,CE,Federal Contract Tower,0,7,4,0,11,0,3,17,0,20,0,10,21,0,31,14,0,14,45
04/14/2004,HOB,NM,ASW,CE,Federal Contract Tower,0,7,9,0,16,0,3,17,0,20,0,10,26,0,36,18,0,18,54
04/15/2004,HOB,NM,ASW,CE,Federal Contract Tower,0,8,10,0,18,0,2,22,0,24,0,10,32,0,42,34,0,34,76
04/16/2004,HOB,NM,ASW,CE,Federal Contract Tower,0,10,0,0,10,0,2,26,0,28,0,12,26,0,38,22,0,22,60
04/17/2004,HOB,NM,ASW,CE,Federal Contract Tower,0,4,3,0,7,0,0,7,0,7,0,4,10,0,14,10,0,10,24
04/18/2004,HOB,NM,ASW,CE,Federal Contract Tower,0,2,3,0,5,0,0,25,0,25,0,2,28,0,30,20,0,20,50
04/19/2004,HOB,NM,ASW,CE,Federal Contract Tower,0,8,4,2,14,0,2,12,0,14,0,10,16,2,28,10,0,10,38
04/20/2004,HOB,NM,ASW,CE,Federal Contract Tower,0,9,5,0,14,0,1,10,0,11,0,10,15,0,25,14,0,14,39
04/21/2004,HOB,NM,ASW,CE,Federal Contract Tower,0,9,7,0,16,0,3,29,0,32,0,12,36,0,48,12,0,12,60
04/22/2004,HOB,NM,ASW,CE,Federal Contract Tower,0,10,2,2,14,0,0,44,2,46,0,10,46,4,60,42,18,60,120
04/23/2004,HOB,NM,ASW,CE,Federal Contract Tower,0,7,2,0,9,0,5,31,0,36,0,12,33,0,45,36,0,36,81
04/24/2004,HOB,NM,ASW,CE,Federal Contract Tower,0,4,2,0,6,0,0,42,0,42,0,4,44,0,48,54,0,54,102
04/25/2004,HOB,NM,ASW,CE,Federal Contract Tower,0,2,2,0,4,0,0,32,0,32,0,2,34,0,36,32,0,32,68
04/26/2004,HOB,NM,ASW,CE,Federal Contract Tower,0,8,0,8,16,0,2,28,0,30,0,10,28,8,46,26,42,68,114
04/27/2004,HOB,NM,ASW,CE,Federal Contract Tower,0,6,9,0,15,0,3,24,0,27,0,9,33,0,42,16,0,16,58
04/28/2004,HOB,NM,ASW,CE,Federal Contract Tower,0,8,6,2,16,0,2,17,0,19,0,10,23,2,35,18,16,34,69
04/29/2004,HOB,NM,ASW,CE,Federal Contract Tower,0,7,5,1,13,0,4,19,1,24,0,11,24,2,37,22,6,28,65
04/30/2004,HOB,NM,ASW,CE,Federal Contract Tower,0,8,7,2,17,0,4,19,4,27,0,12,26,6,44,10,6,16,60
05/01/2004,HOB,NM,ASW,CE,Federal Contract Tower,0,4,0,1,5,0,0,12,1,13,0,4,12,2,18,10,2,12,30
05/02/2004,HOB,NM,ASW,CE,Federal Contract Tower,0,2,2,0,4,0,0,17,0,17,0,2,19,0,21,4,0,4,25
05/03/2004,HOB,NM,ASW,CE,Federal Contract Tower,0,9,6,0,15,0,4,5,0,9,0,13,11,0,24,6,0,6,30
05/04/2004,HOB,NM,ASW,CE,Federal Contract Tower,0,10,4,0,14,0,2,22,0,24,0,12,26,0,38,10,0,10,48
05/05/2004,HOB,NM,ASW,CE,Federal Contract Tower,0,8,5,0,13,0,2,15,0,17,0,10,20,0,30,22,0,22,52
05/06/2004,HOB,NM,ASW,CE,Federal Contract Tower,0,12,9,0,21,0,1,1,0,2,0,13,10,0,23,10,0,10,33
05/07/2004,HOB,NM,ASW,CE,Federal Contract Tower,0,9,0,0,9,0,3,17,0,20,0,12,17,0,29,18,0,18,47
05/08/2004,HOB,NM,ASW,CE,Federal Contract Tower,0,6,0,0,6,0,0,8,0,8,0,6,8,0,14,14,0,14,28
05/09/2004,HOB,NM,ASW,CE,Federal Contract Tower,0,2,2,0,4,0,0,13,0,13,0,2,15,0,17,10,0,10,27
05/10/2004,HOB,NM,ASW,CE,Federal Contract Tower,0,8,6,0,14,0,2,6,0,8,0,10,12,0,22,10,0,10,32
05/11/2004,HOB,NM,ASW,CE,Federal Contract Tower,0,8,9,0,17,0,2,13,0,15,0,10,22,0,32,14,0,14,46
05/12/2004,HOB,NM,ASW,CE,Federal Contract Tower,0,11,9,0,20,0,1,13,0,14,0,12,22,0,34,12,0,12,46
05/13/2004,HOB,NM,ASW,CE,Federal Contract Tower,0,8,1,0,9,0,3,10,0,13,0,11,11,0,22,22,0,22,44
05/14/2004,HOB,NM,ASW,CE,Federal Contract Tower,0,8,1,0,9,0,4,9,0,13,0,12,10,0,22,4,0,4,26
05/15/2004,HOB,NM,ASW,CE,Federal Contract Tower,0,7,4,0,11,0,0,4,0,4,0,7,8,0,15,4,0,4,19
05/16/2004,HOB,NM,ASW,CE,Federal Contract Tower,0,3,1,0,4,0,0,11,0,11,0,3,12,0,15,8,0,8,23
05/17/2004,HOB,NM,ASW,CE,Federal Contract Tower,0,8,6,0,14,0,2,18,0,20,0,10,24,0,34,18,0,18,52
05/18/2004,HOB,NM,ASW,CE,Federal Contract Tower,0,10,7,0,17,0,3,23,0,26,0,13,30,0,43,12,0,12,55
05/19/2004,HOB,NM,ASW,CE,Federal Contract Tower,0,10,10,0,20,0,0,16,2,18,0,10,26,2,38,42,0,42,80
05/20/2004,HOB,NM,ASW,CE,Federal Contract Tower,0,8,4,2,14,0,2,17,0,19,0,10,21,2,33,0,12,12,45
05/21/2004,HOB,NM,ASW,CE,Federal Contract Tower,0,7,4,0,11,0,5,7,0,12,0,12,11,0,23,8,0,8,31
05/22/2004,HOB,NM,ASW,CE,Federal Contract Tower,0,4,0,0,4,0,0,32,2,34,0,4,32,2,38,48,6,54,92
05/23/2004,HOB,NM,ASW,CE,Federal Contract Tower,0,3,2,0,5,0,0,24,0,24,0,3,26,0,29,26,0,26,55
05/24/2004,HOB,NM,ASW,CE,Federal Contract Tower,0,8,3,0,11,0,0,21,0,21,0,8,24,0,32,44,0,44,76
05/25/2004,HOB,NM,ASW,CE,Federal Contract Tower,0,8,4,0,12,0,2,20,0,22,0,10,24,0,34,32,0,32,66
05/26/2004,HOB,NM,ASW,CE,Federal Contract Tower,0,9,7,0,16,0,1,12,0,13,0,10,19,0,29,14,0,14,43
05/27/2004,HOB,NM,ASW,CE,Federal Contract Tower,0,8,4,0,12,0,4,7,0,11,0,12,11,0,23,10,0,10,33
05/28/2004,HOB,NM,ASW,CE,Federal Contract Tower,0,6,1,0,7,0,8,27,0,35,0,14,28,0,42,20,0,20,62
05/29/2004,HOB,NM,ASW,CE,Federal Contract Tower,0,2,0,0,2,0,0,13,0,13,0,2,13,0,15,22,0,22,37
05/30/2004,HOB,NM,ASW,CE,Federal Contract Tower,0,2,0,0,2,0,0,9,0,9,0,2,9,0,11,10,0,10,21
05/31/2004,HOB,NM,ASW,CE,Federal Contract Tower,0,4,0,0,4,0,0,17,0,17,0,4,17,0,21,14,0,14,35
06/01/2004,HOB,NM,ASW,CE,Federal Contract Tower,0,10,7,1,18,0,2,21,7,30,0,12,28,8,48,14,10,24,72
06/02/2004,HOB,NM,ASW,CE,Federal Contract Tower,0,7,6,1,14,0,3,8,1,12,0,10,14,2,26,16,16,32,58
06/03/2004,HOB,NM,ASW,CE,Federal Contract Tower,0,9,7,1,17,0,1,9,3,13,0,10,16,4,30,0,6,6,36
06/04/2004,HOB,NM,ASW,CE,Federal Contract Tower,0,11,9,1,21,0,3,4,1,8,0,14,13,2,29,10,12,22,51
06/05/2004,HOB,NM,ASW,CE,Federal Contract Tower,0,5,4,0,9,0,1,8,0,9,0,6,12,0,18,10,0,10,28
06/06/2004,HOB,NM,ASW,CE,Federal Contract Tower,0,1,0,0,1,0,1,11,0,12,0,2,11,0,13,6,0,6,19
06/07/2004,HOB,NM,ASW,CE,Federal Contract Tower,0,10,8,0,18,0,3,6,0,9,0,13,14,0,27,10,0,10,37
06/08/2004,HOB,NM,ASW,CE,Federal Contract Tower,0,5,4,1,10,0,5,8,13,26,0,10,12,14,36,12,8,20,56
06/09/2004,HOB,NM,ASW,CE,Federal Contract Tower,0,7,5,1,13,0,3,9,1,13,0,10,14,2,26,0,0,0,26
06/10/2004,HOB,NM,ASW,CE,Federal Contract Tower,0,10,6,0,16,0,0,11,0,11,0,10,17,0,27,10,0,10,37
06/11/2004,HOB,NM,ASW,CE,Federal Contract Tower,0,10,6,0,16,0,4,16,0,20,0,14,22,0,36,16,0,16,52
06/12/2004,HOB,NM,ASW,CE,Federal Contract Tower,0,3,0,0,3,0,1,18,0,19,0,4,18,0,22,10,0,10,32
06/13/2004,HOB,NM,ASW,CE,Federal Contract Tower,0,2,0,0,2,0,0,28,0,28,0,2,28,0,30,16,0,16,46
06/14/2004,HOB,NM,ASW,CE,Federal Contract Tower,0,7,2,0,9,0,5,14,0,19,0,12,16,0,28,14,0,14,42
06/15/2004,HOB,NM,ASW,CE,Federal Contract Tower,0,8,5,0,13,0,2,15,0,17,0,10,20,0,30,10,0,10,40
06/16/2004,HOB,NM,ASW,CE,Federal Contract Tower,0,8,4,0,12,0,2,13,0,15,0,10,17,0,27,10,0,10,37
06/17/2004,HOB,NM,ASW,CE,Federal Contract Tower,0,7,4,0,11,0,3,16,0,19,0,10,20,0,30,12,0,12,42
06/18/2004,HOB,NM,ASW,CE,Federal Contract Tower,0,14,9,0,23,0,0,11,4,15,0,14,20,4,38,12,0,12,50
06/19/2004,HOB,NM,ASW,CE,Federal Contract Tower,0,4,2,0,6,0,0,20,0,20,0,4,22,0,26,10,0,10,36
06/20/2004,HOB,NM,ASW,CE,Federal Contract Tower,0,2,0,0,2,0,0,15,0,15,0,2,15,0,17,0,0,0,17
06/21/2004,HOB,NM,ASW,CE,Federal Contract Tower,0,8,4,0,12,0,4,18,0,22,0,12,22,0,34,0,0,0,34
06/22/2004,HOB,NM,ASW,CE,Federal Contract Tower,0,12,8,0,20,0,0,0,0,0,0,12,8,0,20,0,0,0,20
06/23/2004,HOB,NM,ASW,CE,Federal Contract Tower,0,10,6,0,16,0,0,12,0,12,0,10,18,0,28,10,0,10,38
06/24/2004,HOB,NM,ASW,CE,Federal Contract Tower,0,5,3,0,8,0,5,12,0,17,0,10,15,0,25,12,0,12,37
06/25/2004,HOB,NM,ASW,CE,Federal Contract Tower,0,9,5,0,14,0,3,17,0,20,0,12,22,0,34,20,0,20,54
06/26/2004,HOB,NM,ASW,CE,Federal Contract Tower,0,4,2,0,6,0,0,58,0,58,0,4,60,0,64,28,0,28,92
06/27/2004,HOB,NM,ASW,CE,Federal Contract Tower,0,2,1,0,3,0,0,14,0,14,0,2,15,0,17,6,0,6,23
06/28/2004,HOB,NM,ASW,CE,Federal Contract Tower,0,9,4,0,13,0,0,0,0,0,0,9,4,0,13,10,0,10,23
06/29/2004,HOB,NM,ASW,CE,Federal Contract Tower,0,11,6,0,17,0,2,12,0,14,0,13,18,0,31,8,0,8,39
06/30/2004,HOB,NM,ASW,CE,Federal Contract Tower,0,11,7,0,18,0,1,19,6,26,0,12,26,6,44,14,6,20,64
07/01/2004,HOB,NM,ASW,CE,Federal Contract Tower,0,9,5,0,14,0,1,20,0,21,0,10,25,0,35,14,0,14,49
07/02/2004,HOB,NM,ASW,CE,Federal Contract Tower,0,10,6,0,16,0,8,13,0,21,0,18,19,0,37,14,0,14,51
07/03/2004,HOB,NM,ASW,CE,Federal Contract Tower,0,1,2,0,3,0,3,12,0,15,0,4,14,0,18,8,0,8,26
07/04/2004,HOB,NM,ASW,CE,Federal Contract Tower,0,1,0,0,1,0,1,10,0,11,0,2,10,0,12,10,0,10,22
07/05/2004,HOB,NM,ASW,CE,Federal Contract Tower,0,1,2,0,3,0,3,14,0,17,0,4,16,0,20,16,0,16,36
07/06/2004,HOB,NM,ASW,CE,Federal Contract Tower,0,4,4,0,8,0,5,14,0,19,0,9,18,0,27,10,0,10,37
07/07/2004,HOB,NM,ASW,CE,Federal Contract Tower,0,7,4,0,11,0,3,14,0,17,0,10,18,0,28,26,0,26,54
07/08/2004,HOB,NM,ASW,CE,Federal Contract Tower,0,6,3,1,10,0,4,16,3,23,0,10,19,4,33,16,2,18,51
07/09/2004,HOB,NM,ASW,CE,Federal Contract Tower,0,7,3,0,10,0,5,4,0,9,0,12,7,0,19,6,0,6,25
07/10/2004,HOB,NM,ASW,CE,Federal Contract Tower,0,5,3,0,8,0,0,12,0,12,0,5,15,0,20,0,0,0,20
07/11/2004,HOB,NM,ASW,CE,Federal Contract Tower,0,2,0,0,2,0,0,17,0,17,0,2,17,0,19,12,0,12,31
07/12/2004,HOB,NM,ASW,CE,Federal Contract Tower,0,8,3,0,11,0,1,15,0,16,0,9,18,0,27,18,0,18,45
07/13/2004,HOB,NM,ASW,CE,Federal Contract Tower,0,9,4,0,13,0,1,14,0,15,0,10,18,0,28,22,0,22,50
07/14/2004,HOB,NM,ASW,CE,Federal Contract Tower,0,10,5,0,15,0,2,13,0,15,0,12,18,0,30,24,0,24,54
07/15/2004,HOB,NM,ASW,CE,Federal Contract Tower,0,10,5,0,15,0,0,9,2,11,0,10,14,2,26,8,0,8,34
07/16/2004,HOB,NM,ASW,CE,Federal Contract Tower,0,10,5,0,15,0,2,9,2,13,0,12,14,2,28,14,0,14,42
07/17/2004,HOB,NM,ASW,CE,Federal Contract Tower,0,4,2,0,6,0,0,29,0,29,0,4,31,0,35,18,0,18,53
07/18/2004,HOB,NM,ASW,CE,Federal Contract Tower,0,2,0,0,2,0,0,20,0,20,0,2,20,0,22,22,0,22,44
07/19/2004,HOB,NM,ASW,CE,Federal Contract Tower,0,8,3,0,11,0,2,18,0,20,0,10,21,0,31,28,0,28,59
07/20/2004,HOB,NM,ASW,CE,Federal Contract Tower,0,8,4,0,12,0,2,25,0,27,0,10,29,0,39,26,0,26,65
07/21/2004,HOB,NM,ASW,CE,Federal Contract Tower,0,6,3,0,9,0,4,12,0,16,0,10,15,0,25,24,0,24,49
07/22/2004,HOB,NM,ASW,CE,Federal Contract Tower,0,10,5,0,15,0,0,8,8,16,0,10,13,8,31,14,10,24,55
07/23/2004,HOB,NM,ASW,CE,Federal Contract Tower,0,10,4,0,14,0,1,31,4,36,0,11,35,4,50,22,4,26,76
07/24/2004,HOB,NM,ASW,CE,Federal Contract Tower,0,8,5,0,13,0,0,9,0,9,0,8,14,0,22,6,0,6,28
07/25/2004,HOB,NM,ASW,CE,Federal Contract Tower,0,1,0,0,1,0,0,2,0,2,0,1,2,0,3,0,0,0,3
07/26/2004,HOB,NM,ASW,CE,Federal Contract Tower,0,8,4,0,12,0,1,14,0,15,0,9,18,0,27,0,0,0,27
07/27/2004,HOB,NM,ASW,CE,Federal Contract Tower,0,8,0,0,8,0,3,0,0,3,0,11,0,0,11,14,0,14,25
07/28/2004,HOB,NM,ASW,CE,Federal Contract Tower,0,12,5,0,17,0,0,8,0,8,0,12,13,0,25,10,0,10,35
07/29/2004,HOB,NM,ASW,CE,Federal Contract Tower,0,9,4,0,13,0,2,31,0,33,0,11,35,0,46,12,0,12,58
07/30/2004,HOB,NM,ASW,CE,Federal Contract Tower,0,8,3,0,11,0,3,32,0,35,0,11,35,0,46,22,0,22,68
07/31/2004,HOB,NM,ASW,CE,Federal Contract Tower,0,3,1,0,4,0,1,18,0,19,0,4,19,0,23,18,0,18,41
08/01/2004,HOB,NM,ASW,CE,Federal Contract Tower,0,1,1,0,2,0,1,21,0,22,0,2,22,0,24,8,0,8,32
08/02/2004,HOB,NM,ASW,CE,Federal Contract Tower,0,4,4,0,8,0,6,24,0,30,0,10,28,0,38,10,0,10,48
08/03/2004,HOB,NM,ASW,CE,Federal Contract Tower,0,5,3,0,8,0,5,14,0,19,0,10,17,0,27,28,0,28,55
08/04/2004,HOB,NM,ASW,CE,Federal Contract Tower,0,8,4,0,12,0,4,9,0,13,0,12,13,0,25,18,0,18,43
08/05/2004,HOB,NM,ASW,CE,Federal Contract Tower,0,9,5,0,14,0,3,32,0,35,0,12,37,0,49,6,0,6,55
08/06/2004,HOB,NM,ASW,CE,Federal Contract Tower,0,8,4,0,12,0,3,20,0,23,0,11,24,0,35,0,0,0,35
08/07/2004,HOB,NM,ASW,CE,Federal Contract Tower,0,3,2,0,5,0,1,13,0,14,0,4,15,0,19,22,0,22,41
08/08/2004,HOB,NM,ASW,CE,Federal Contract Tower,0,4,2,0,6,0,0,18,0,18,0,4,20,0,24,16,0,16,40
08/09/2004,HOB,NM,ASW,CE,Federal Contract Tower,0,7,4,0,11,0,2,16,0,18,0,9,20,0,29,2,0,2,31
08/10/2004,HOB,NM,ASW,CE,Federal Contract Tower,0,8,5,0,13,0,5,10,0,15,0,13,15,0,28,14,0,14,42
08/11/2004,HOB,NM,ASW,CE,Federal Contract Tower,0,6,4,0,10,0,3,7,0,10,0,9,11,0,20,8,0,8,28
08/12/2004,HOB,NM,ASW,CE,Federal Contract Tower,0,7,4,0,11,0,6,28,0,34,0,13,32,0,45,14,0,14,59
08/13/2004,HOB,NM,ASW,CE,Federal Contract Tower,0,13,7,0,20,0,0,30,0,30,0,13,37,0,50,16,0,16,66
08/14/2004,HOB,NM,ASW,CE,Federal Contract Tower,0,4,3,0,7,0,0,26,0,26,0,4,29,0,33,12,0,12,45
08/15/2004,HOB,NM,ASW,CE,Federal Contract Tower,0,2,2,0,4,0,0,10,0,10,0,2,12,0,14,22,0,22,36
08/16/2004,HOB,NM,ASW,CE,Federal Contract Tower,0,8,3,0,11,0,2,20,0,22,0,10,23,0,33,12,0,12,45
08/17/2004,HOB,NM,ASW,CE,Federal Contract Tower,0,9,3,0,12,0,1,18,0,19,0,10,21,0,31,8,0,8,39
08/18/2004,HOB,NM,ASW,CE,Federal Contract Tower,0,8,3,0,11,0,2,20,0,22,0,10,23,0,33,12,0,12,45
08/19/2004,HOB,NM,ASW,CE,Federal Contract Tower,0,7,2,0,9,0,3,16,0,19,0,10,18,0,28,8,0,8,36
08/20/2004,HOB,NM,ASW,CE,Federal Contract Tower,0,13,5,0,18,0,0,20,0,20,0,13,25,0,38,12,0,12,50
08/21/2004,HOB,NM,ASW,CE,Federal Contract Tower,0,5,1,0,6,0,1,10,0,11,0,6,11,0,17,16,0,16,33
08/22/2004,HOB,NM,ASW,CE,Federal Contract Tower,0,1,0,0,1,0,0,24,0,24,0,1,24,0,25,6,0,6,31
08/23/2004,HOB,NM,ASW,CE,Federal Contract Tower,0,6,2,0,8,0,3,11,0,14,0,9,13,0,22,20,0,20,42
08/24/2004,HOB,NM,ASW,CE,Federal Contract Tower,0,10,4,0,14,0,2,11,0,13,0,12,15,0,27,4,0,4,31
08/25/2004,HOB,NM,ASW,CE,Federal Contract Tower,0,9,4,0,13,0,1,18,0,19,0,10,22,0,32,14,0,14,46
08/26/2004,HOB,NM,ASW,CE,Federal Contract Tower,0,7,3,0,10,0,3,2,0,5,0,10,5,0,15,18,0,18,33
08/27/2004,HOB,NM,ASW,CE,Federal Contract Tower,0,7,3,0,10,0,5,16,0,21,0,12,19,0,31,14,0,14,45
08/28/2004,HOB,NM,ASW,CE,Federal Contract Tower,0,6,2,0,8,0,0,19,0,19,0,6,21,0,27,20,0,20,47
08/29/2004,HOB,NM,ASW,CE,Federal Contract Tower,0,1,0,0,1,0,0,26,0,26,0,1,26,0,27,18,0,18,45
08/30/2004,HOB,NM,ASW,CE,Federal Contract Tower,0,6,2,0,8,0,4,21,0,25,0,10,23,0,33,8,0,8,41
08/31/2004,HOB,NM,ASW,CE,Federal Contract Tower,0,9,4,0,13,0,0,5,0,5,0,9,9,0,18,0,0,0,18
09/01/2004,HOB,NM,ASW,CE,Federal Contract Tower,0,9,7,0,16,0,3,14,2,19,0,12,21,2,35,8,0,8,43
09/02/2004,HOB,NM,ASW,CE,Federal Contract Tower,0,6,7,0,13,0,4,21,0,25,0,10,28,0,38,24,0,24,62
09/03/2004,HOB,NM,ASW,CE,Federal Contract Tower,0,6,7,0,13,0,7,20,2,29,0,13,27,2,42,16,0,16,58
09/04/2004,HOB,NM,ASW,CE,Federal Contract Tower,0,2,3,0,5,0,2,14,0,16,0,4,17,0,21,18,0,18,39
09/05/2004,HOB,NM,ASW,CE,Federal Contract Tower,0,1,1,0,2,0,1,20,0,21,0,2,21,0,23,18,0,18,41
09/06/2004,HOB,NM,ASW,CE,Federal Contract Tower,0,3,5,0,8,0,1,19,0,20,0,4,24,0,28,16,0,16,44
09/07/2004,HOB,NM,ASW,CE,Federal Contract Tower,0,6,4,0,10,0,1,5,0,6,0,7,9,0,16,2,0,2,18
09/08/2004,HOB,NM,ASW,CE,Federal Contract Tower,0,7,6,0,13,0,3,18,0,21,0,10,24,0,34,32,0,32,66
09/09/2004,HOB,NM,ASW,CE,Federal Contract Tower,0,9,6,0,15,0,5,25,0,30,0,14,31,0,45,10,0,10,55
09/10/2004,HOB,NM,ASW,CE,Federal Contract Tower,0,8,5,0,13,0,4,27,0,31,0,12,32,0,44,42,0,42,86
09/11/2004,HOB,NM,ASW,CE,Federal Contract Tower,0,3,1,0,4,0,1,48,0,49,0,4,49,0,53,26,0,26,79
09/12/2004,HOB,NM,ASW,CE,Federal Contract Tower,0,1,3,0,4,0,0,30,0,30,0,1,33,0,34,16,0,16,50
09/13/2004,HOB,NM,ASW,CE,Federal Contract Tower,0,7,4,0,11,0,3,28,0,31,0,10,32,0,42,8,0,8,50
09/14/2004,HOB,NM,ASW,CE,Federal Contract Tower,0,12,8,0,20,0,0,10,4,14,0,12,18,4,34,26,0,26,60
09/15/2004,HOB,NM,ASW,CE,Federal Contract Tower,0,10,5,0,15,0,0,28,0,28,0,10,33,0,43,44,0,44,87
09/16/2004,HOB,NM,ASW,CE,Federal Contract Tower,0,9,5,0,14,0,1,19,0,20,0,10,24,0,34,32,0,32,66
09/17/2004,HOB,NM,ASW,CE,Federal Contract Tower,0,8,4,0,12,0,4,28,0,32,0,12,32,0,44,14,0,14,58
09/18/2004,HOB,NM,ASW,CE,Federal Contract Tower,0,4,4,0,8,0,0,30,0,30,0,4,34,0,38,18,0,18,56
09/19/2004,HOB,NM,ASW,CE,Federal Contract Tower,0,2,1,0,3,0,0,20,0,20,0,2,21,0,23,22,0,22,45
09/20/2004,HOB,NM,ASW,CE,Federal Contract Tower,0,11,6,0,17,0,0,35,2,37,0,11,41,2,54,12,0,12,66
09/21/2004,HOB,NM,ASW,CE,Federal Contract Tower,0,10,5,0,15,0,0,17,0,17,0,10,22,0,32,14,0,14,46
09/22/2004,HOB,NM,ASW,CE,Federal Contract Tower,0,10,6,0,16,0,0,3,0,3,0,10,9,0,19,8,0,8,27
09/23/2004,HOB,NM,ASW,CE,Federal Contract Tower,0,10,6,0,16,0,0,18,0,18,0,10,24,0,34,10,0,10,44
09/24/2004,HOB,NM,ASW,CE,Federal Contract Tower,0,10,5,0,15,0,2,19,0,21,0,12,24,0,36,10,0,10,46
09/25/2004,HOB,NM,ASW,CE,Federal Contract Tower,0,3,1,0,4,0,1,15,0,16,0,4,16,0,20,20,0,20,40
09/26/2004,HOB,NM,ASW,CE,Federal Contract Tower,0,1,1,0,2,0,0,1,0,1,0,1,2,0,3,0,0,0,3
09/27/2004,HOB,NM,ASW,CE,Federal Contract Tower,0,7,4,0,11,0,3,6,0,9,0,10,10,0,20,8,0,8,28
09/28/2004,HOB,NM,ASW,CE,Federal Contract Tower,0,7,4,0,11,0,2,0,0,2,0,9,4,0,13,0,0,0,13
09/29/2004,HOB,NM,ASW,CE,Federal Contract Tower,0,10,6,0,16,0,0,12,0,12,0,10,18,0,28,14,0,14,42
09/30/2004,HOB,NM,ASW,CE,Federal Contract Tower,0,12,7,0,19,0,0,12,0,12,0,12,19,0,31,8,0,8,39
10/01/2004,HOB,NM,ASW,CE,Federal Contract Tower,0,11,10,0,21,0,3,19,0,22,0,14,29,0,43,26,0,26,69
10/02/2004,HOB,NM,ASW,CE,Federal Contract Tower,0,4,0,0,4,0,0,19,0,19,0,4,19,0,23,4,0,4,27
10/03/2004,HOB,NM,ASW,CE,Federal Contract Tower,0,1,2,0,3,0,0,12,0,12,0,1,14,0,15,16,0,16,31
10/04/2004,HOB,NM,ASW,CE,Federal Contract Tower,0,8,7,0,15,0,0,9,0,9,0,8,16,0,24,0,0,0,24
10/05/2004,HOB,NM,ASW,CE,Federal Contract Tower,0,9,10,0,19,0,1,4,0,5,0,10,14,0,24,4,0,4,28
10/06/2004,HOB,NM,ASW,CE,Federal Contract Tower,0,11,8,0,19,0,1,0,0,1,0,12,8,0,20,0,0,0,20
10/07/2004,HOB,NM,ASW,CE,Federal Contract Tower,0,9,8,0,17,0,1,20,0,21,0,10,28,0,38,22,0,22,60
10/08/2004,HOB,NM,ASW,CE,Federal Contract Tower,0,7,4,0,11,0,5,19,0,24,0,12,23,0,35,18,0,18,53
10/09/2004,HOB,NM,ASW,CE,Federal Contract Tower,0,2,0,0,2,0,0,22,0,22,0,2,22,0,24,18,0,18,42
10/10/2004,HOB,NM,ASW,CE,Federal Contract Tower,0,1,3,0,4,0,0,4,1,5,0,1,7,1,9,10,0,10,19
10/11/2004,HOB,NM,ASW,CE,Federal Contract Tower,0,4,8,4,16,0,1,13,2,16,0,5,21,6,32,14,0,14,46
10/12/2004,HOB,NM,ASW,CE,Federal Contract Tower,0,9,5,0,14,0,1,18,0,19,0,10,23,0,33,22,0,22,55
10/13/2004,HOB,NM,ASW,CE,Federal Contract Tower,0,9,6,0,15,0,0,11,0,11,0,9,17,0,26,16,0,16,42
10/14/2004,HOB,NM,ASW,CE,Federal Contract Tower,0,7,5,0,12,0,1,18,0,19,0,8,23,0,31,16,0,16,47
10/15/2004,HOB,NM,ASW,CE,Federal Contract Tower,0,8,2,0,10,0,2,26,0,28,0,10,28,0,38,14,0,14,52
10/16/2004,HOB,NM,ASW,CE,Federal Contract Tower,0,2,0,0,2,0,0,12,0,12,0,2,12,0,14,12,0,12,26
10/17/2004,HOB,NM,ASW,CE,Federal Contract Tower,0,1,2,0,3,0,0,15,0,15,0,1,17,0,18,22,0,22,40
10/18/2004,HOB,NM,ASW,CE,Federal Contract Tower,0,8,5,0,13,0,2,14,0,16,0,10,19,0,29,16,0,16,45
10/19/2004,HOB,NM,ASW,CE,Federal Contract Tower,0,7,8,2,17,0,3,18,4,25,0,10,26,6,42,4,16,20,62
10/20/2004,HOB,NM,ASW,CE,Federal Contract Tower,0,8,7,0,15,0,2,36,0,38,0,10,43,0,53,18,0,18,71
10/21/2004,HOB,NM,ASW,CE,Federal Contract Tower,0,6,4,0,10,0,1,17,0,18,0,7,21,0,28,16,0,16,44
10/22/2004,HOB,NM,ASW,CE,Federal Contract Tower,0,7,7,0,14,0,4,10,0,14,0,11,17,0,28,0,0,0,28
10/23/2004,HOB,NM,ASW,CE,Federal Contract Tower,0,2,3,0,5,0,0,18,0,18,0,2,21,0,23,24,0,24,47
10/24/2004,HOB,NM,ASW,CE,Federal Contract Tower,0,2,0,0,2,0,0,8,0,8,0,2,8,0,10,12,0,12,22
10/25/2004,HOB,NM,ASW,CE,Federal Contract Tower,0,7,6,0,13,0,0,15,0,15,0,7,21,0,28,26,0,26,54
10/26/2004,HOB,NM,ASW,CE,Federal Contract Tower,0,10,2,0,12,0,1,15,2,18,0,11,17,2,30,0,0,0,30
10/27/2004,HOB,NM,ASW,CE,Federal Contract Tower,0,10,2,0,12,0,1,5,0,6,0,11,7,0,18,0,0,0,18
10/28/2004,HOB,NM,ASW,CE,Federal Contract Tower,0,6,4,0,10,0,1,13,0,14,0,7,17,0,24,4,0,4,28
10/29/2004,HOB,NM,ASW,CE,Federal Contract Tower,0,7,3,0,10,0,3,19,0,22,0,10,22,0,32,20,0,20,52
10/30/2004,HOB,NM,ASW,CE,Federal Contract Tower,0,2,0,0,2,0,0,19,0,19,0,2,19,0,21,18,0,18,39
10/31/2004,HOB,NM,ASW,CE,Federal Contract Tower,0,2,0,0,2,0,0,7,0,7,0,2,7,0,9,12,0,12,21
11/01/2004,HOB,NM,ASW,CE,Federal Contract Tower,0,9,4,0,13,0,0,13,0,13,0,9,17,0,26,10,0,10,36
11/02/2004,HOB,NM,ASW,CE,Federal Contract Tower,0,8,0,0,8,0,0,0,0,0,0,8,0,0,8,0,0,0,8
11/03/2004,HOB,NM,ASW,CE,Federal Contract Tower,0,6,5,0,11,0,2,10,0,12,0,8,15,0,23,6,0,6,29
11/04/2004,HOB,NM,ASW,CE,Federal Contract Tower,0,6,2,8,16,0,2,16,0,18,0,8,18,8,34,22,30,52,86
11/05/2004,HOB,NM,ASW,CE,Federal Contract Tower,0,9,7,0,16,0,1,27,0,28,0,10,34,0,44,18,0,18,62
11/06/2004,HOB,NM,ASW,CE,Federal Contract Tower,0,2,2,0,4,0,0,29,0,29,0,2,31,0,33,20,0,20,53
11/07/2004,HOB,NM,ASW,CE,Federal Contract Tower,0,2,0,0,2,0,0,22,0,22,0,2,22,0,24,10,0,10,34
11/08/2004,HOB,NM,ASW,CE,Federal Contract Tower,0,8,0,0,8,0,2,15,0,17,0,10,15,0,25,16,0,16,41
11/09/2004,HOB,NM,ASW,CE,Federal Contract Tower,0,8,5,0,13,0,1,0,0,1,0,9,5,0,14,6,0,6,20
11/10/2004,HOB,NM,ASW,CE,Federal Contract Tower,0,8,5,0,13,0,2,12,0,14,0,10,17,0,27,20,0,20,47
11/11/2004,HOB,NM,ASW,CE,Federal Contract Tower,0,7,4,0,11,0,1,13,0,14,0,8,17,0,25,22,0,22,47
11/12/2004,HOB,NM,ASW,CE,Federal Contract Tower,0,6,6,0,12,0,3,21,0,24,0,9,27,0,36,16,0,16,52
11/13/2004,HOB,NM,ASW,CE,Federal Contract Tower,0,2,3,0,5,0,0,1,0,1,0,2,4,0,6,0,0,0,6
11/14/2004,HOB,NM,ASW,CE,Federal Contract Tower,0,1,2,0,3,0,0,0,0,0,0,1,2,0,3,0,0,0,3
11/15/2004,HOB,NM,ASW,CE,Federal Contract Tower,0,7,2,0,9,0,0,0,0,0,0,7,2,0,9,0,0,0,9
11/16/2004,HOB,NM,ASW,CE,Federal Contract Tower,0,8,0,0,8,0,0,0,0,0,0,8,0,0,8,0,0,0,8
11/17/2004,HOB,NM,ASW,CE,Federal Contract Tower,0,9,8,0,17,0,1,7,0,8,0,10,15,0,25,20,0,20,45
11/18/2004,HOB,NM,ASW,CE,Federal Contract Tower,0,7,4,0,11,0,2,12,0,14,0,9,16,0,25,16,0,16,41
11/19/2004,HOB,NM,ASW,CE,Federal Contract Tower,0,8,1,0,9,0,2,9,0,11,0,10,10,0,20,10,0,10,30
11/20/2004,HOB,NM,ASW,CE,Federal Contract Tower,0,2,0,0,2,0,8,9,0,17,0,10,9,0,19,14,0,14,33
11/21/2004,HOB,NM,ASW,CE,Federal Contract Tower,0,1,0,0,1,0,0,0,0,0,0,1,0,0,1,0,0,0,1
11/22/2004,HOB,NM,ASW,CE,Federal Contract Tower,0,9,3,0,12,0,0,2,0,2,0,9,5,0,14,10,0,10,24
11/23/2004,HOB,NM,ASW,CE,Federal Contract Tower,0,12,3,0,15,0,0,17,0,17,0,12,20,0,32,12,0,12,44
11/24/2004,HOB,NM,ASW,CE,Federal Contract Tower,0,9,3,0,12,0,1,14,0,15,0,10,17,0,27,2,0,2,29
11/25/2004,HOB,NM,ASW,CE,Federal Contract Tower,0,4,2,0,6,0,0,1,0,1,0,4,3,0,7,16,0,16,23
11/26/2004,HOB,NM,ASW,CE,Federal Contract Tower,0,7,0,0,7,0,3,11,0,14,0,10,11,0,21,2,0,2,23
11/27/2004,HOB,NM,ASW,CE,Federal Contract Tower,0,4,0,0,4,0,0,15,0,15,0,4,15,0,19,16,0,16,35
11/28/2004,HOB,NM,ASW,CE,Federal Contract Tower,0,1,4,0,5,0,0,4,0,4,0,1,8,0,9,2,0,2,11
11/29/2004,HOB,NM,ASW,CE,Federal Contract Tower,0,8,5,0,13,0,0,0,0,0,0,8,5,0,13,10,0,10,23
11/30/2004,HOB,NM,ASW,CE,Federal Contract Tower,0,8,5,2,15,0,0,9,2,11,0,8,14,4,26,10,2,12,38
12/01/2004,HOB,NM,ASW,CE,Federal Contract Tower,0,7,5,0,12,0,1,29,0,30,0,8,34,0,42,20,0,20,62
12/02/2004,HOB,NM,ASW,CE,Federal Contract Tower,0,8,3,0,11,0,0,13,0,13,0,8,16,0,24,10,0,10,34
12/03/2004,HOB,NM,ASW,CE,Federal Contract Tower,0,9,5,0,14,0,1,2,0,3,0,10,7,0,17,6,0,6,23
12/04/2004,HOB,NM,ASW,CE,Federal Contract Tower,0,2,1,0,3,0,0,14,0,14,0,2,15,0,17,14,0,14,31
12/05/2004,HOB,NM,ASW,CE,Federal Contract Tower,0,2,0,0,2,0,0,5,0,5,0,2,5,0,7,4,0,4,11
12/06/2004,HOB,NM,ASW,CE,Federal Contract Tower,0,8,2,0,10,0,0,3,0,3,0,8,5,0,13,0,0,0,13
12/07/2004,HOB,NM,ASW,CE,Federal Contract Tower,0,6,0,0,6,0,1,8,0,9,0,7,8,0,15,6,0,6,21
12/08/2004,HOB,NM,ASW,CE,Federal Contract Tower,0,8,3,0,11,0,0,0,0,0,0,8,3,0,11,4,0,4,15
12/09/2004,HOB,NM,ASW,CE,Federal Contract Tower,0,8,5,0,13,0,0,13,0,13,0,8,18,0,26,20,0,20,46
12/10/2004,HOB,NM,ASW,CE,Federal Contract Tower,0,9,5,0,14,0,1,2,0,3,0,10,7,0,17,24,0,24,41
12/11/2004,HOB,NM,ASW,CE,Federal Contract Tower,0,2,1,0,3,0,0,11,0,11,0,2,12,0,14,26,0,26,40
12/12/2004,HOB,NM,ASW,CE,Federal Contract Tower,0,3,1,0,4,0,1,10,0,11,0,4,11,0,15,10,0,10,25
12/13/2004,HOB,NM,ASW,CE,Federal Contract Tower,0,8,6,0,14,0,0,6,4,10,0,8,12,4,24,24,0,24,48
12/14/2004,HOB,NM,ASW,CE,Federal Contract Tower,0,8,0,0,8,0,2,9,0,11,0,10,9,0,19,12,0,12,31
12/15/2004,HOB,NM,ASW,CE,Federal Contract Tower,0,10,6,1,17,0,1,15,1,17,0,11,21,2,34,8,0,8,42
12/16/2004,HOB,NM,ASW,CE,Federal Contract Tower,0,9,6,0,15,0,0,16,0,16,0,9,22,0,31,28,0,28,59
12/17/2004,HOB,NM,ASW,CE,Federal Contract Tower,0,8,6,0,14,0,4,18,0,22,0,12,24,0,36,20,0,20,56
12/18/2004,HOB,NM,ASW,CE,Federal Contract Tower,0,2,3,0,5,0,0,19,0,19,0,2,22,0,24,6,0,6,30
12/19/2004,HOB,NM,ASW,CE,Federal Contract Tower,0,2,3,0,5,0,0,13,0,13,0,2,16,0,18,26,0,26,44
12/20/2004,HOB,NM,ASW,CE,Federal Contract Tower,0,8,2,0,10,0,0,10,0,10,0,8,12,0,20,8,0,8,28
12/21/2004,HOB,NM,ASW,CE,Federal Contract Tower,0,9,7,0,16,0,6,22,0,28,0,15,29,0,44,10,0,10,54
12/22/2004,HOB,NM,ASW,CE,Federal Contract Tower,0,10,0,0,10,0,0,1,0,1,0,10,1,0,11,2,0,2,13
12/23/2004,HOB,NM,ASW,CE,Federal Contract Tower,0,11,5,0,16,0,0,2,0,2,0,11,7,0,18,10,0,10,28
12/24/2004,HOB,NM,ASW,CE,Federal Contract Tower,0,7,1,0,8,0,4,12,0,16,0,11,13,0,24,4,0,4,28
12/25/2004,HOB,NM,ASW,CE,Federal Contract Tower,0,2,1,0,3,0,0,5,0,5,0,2,6,0,8,0,0,0,8
12/26/2004,HOB,NM,ASW,CE,Federal Contract Tower,0,2,3,0,5,0,0,12,0,12,0,2,15,0,17,2,0,2,19
12/27/2004,HOB,NM,ASW,CE,Federal Contract Tower,0,9,6,0,15,0,0,8,2,10,0,9,14,2,25,10,2,12,37
12/28/2004,HOB,NM,ASW,CE,Federal Contract Tower,0,8,5,0,13,0,2,11,0,13,0,10,16,0,26,10,0,10,36
12/29/2004,HOB,NM,ASW,CE,Federal Contract Tower,0,8,4,0,12,0,0,6,0,6,0,8,10,0,18,14,0,14,32
12/30/2004,HOB,NM,ASW,CE,Federal Contract Tower,0,12,6,0,18,0,0,17,0,17,0,12,23,0,35,14,0,14,49
12/31/2004,HOB,NM,ASW,CE,Federal Contract Tower,0,10,0,0,10,0,1,7,0,8,0,11,7,0,18,10,0,10,28
01/01/2005,HOB,NM,ASW,CE,Federal Contract Tower,0,2,3,0,5,0,2,3,0,5,0,4,6,0,10,8,0,8,18
01/02/2005,HOB,NM,ASW,CE,Federal Contract Tower,0,5,2,0,7,0,0,5,0,5,0,5,7,0,12,0,0,0,12
01/03/2005,HOB,NM,ASW,CE,Federal Contract Tower,0,7,2,0,9,0,0,2,0,2,0,7,4,0,11,0,0,0,11
01/04/2005,HOB,NM,ASW,CE,Federal Contract Tower,0,7,4,0,11,0,0,1,0,1,0,7,5,0,12,14,0,14,26
01/05/2005,HOB,NM,ASW,CE,Federal Contract Tower,0,10,0,0,10,0,0,1,0,1,0,10,1,0,11,0,0,0,11
01/06/2005,HOB,NM,ASW,CE,Federal Contract Tower,0,8,3,0,11,0,0,8,0,8,0,8,11,0,19,2,0,2,21
01/07/2005,HOB,NM,ASW,CE,Federal Contract Tower,0,9,5,0,14,0,3,16,0,19,0,12,21,0,33,22,4,26,59
01/08/2005,HOB,NM,ASW,CE,Federal Contract Tower,0,4,1,0,5,0,0,18,0,18,0,4,19,0,23,14,0,14,37
01/09/2005,HOB,NM,ASW,CE,Federal Contract Tower,0,2,0,0,2,0,0,13,0,13,0,2,13,0,15,22,0,22,37
01/10/2005,HOB,NM,ASW,CE,Federal Contract Tower,0,9,6,0,15,0,1,12,0,13,0,10,18,0,28,6,0,6,34
01/11/2005,HOB,NM,ASW,CE,Federal Contract Tower,0,10,6,0,16,0,1,9,0,10,0,11,15,0,26,12,0,12,38
01/12/2005,HOB,NM,ASW,CE,Federal Contract Tower,0,7,1,0,8,0,0,8,0,8,0,7,9,0,16,14,0,14,30
01/13/2005,HOB,NM,ASW,CE,Federal Contract Tower,0,9,8,0,17,0,2,4,0,6,0,11,12,0,23,8,0,8,31
01/14/2005,HOB,NM,ASW,CE,Federal Contract Tower,0,8,3,0,11,0,4,18,0,22,0,12,21,0,33,20,0,20,53
01/15/2005,HOB,NM,ASW,CE,Federal Contract Tower,0,2,0,0,2,0,0,7,0,7,0,2,7,0,9,16,0,16,25
01/16/2005,HOB,NM,ASW,CE,Federal Contract Tower,0,2,2,0,4,0,0,15,0,15,0,2,17,0,19,2,0,2,21
01/17/2005,HOB,NM,ASW,CE,Federal Contract Tower,0,4,1,0,5,0,0,11,0,11,0,4,12,0,16,16,0,16,32
01/18/2005,HOB,NM,ASW,CE,Federal Contract Tower,0,9,3,0,12,0,0,10,0,10,0,9,13,0,22,4,0,4,26
01/19/2005,HOB,NM,ASW,CE,Federal Contract Tower,0,8,4,0,12,0,3,10,0,13,0,11,14,0,25,18,0,18,43
01/20/2005,HOB,NM,ASW,CE,Federal Contract Tower,0,8,3,0,11,0,2,23,0,25,0,10,26,0,36,22,0,22,58
01/21/2005,HOB,NM,ASW,CE,Federal Contract Tower,0,6,0,0,6,0,3,17,0,20,0,9,17,0,26,4,0,4,30
01/22/2005,HOB,NM,ASW,CE,Federal Contract Tower,0,2,0,0,2,0,0,9,0,9,0,2,9,0,11,2,0,2,13
01/23/2005,HOB,NM,ASW,CE,Federal Contract Tower,0,1,0,0,1,0,0,15,0,15,0,1,15,0,16,12,0,12,28
01/24/2005,HOB,NM,ASW,CE,Federal Contract Tower,0,7,5,2,14,0,0,4,0,4,0,7,9,2,18,14,18,32,50
01/25/2005,HOB,NM,ASW,CE,Federal Contract Tower,0,8,6,0,14,0,0,14,0,14,0,8,20,0,28,10,0,10,38
01/26/2005,HOB,NM,ASW,CE,Federal Contract Tower,0,8,3,0,11,0,0,18,0,18,0,8,21,0,29,14,0,14,43
01/27/2005,HOB,NM,ASW,CE,Federal Contract Tower,0,12,1,0,13,0,0,0,0,0,0,12,1,0,13,0,0,0,13
01/28/2005,HOB,NM,ASW,CE,Federal Contract Tower,0,10,9,0,19,0,2,10,2,14,0,12,19,2,33,24,0,24,57
01/29/2005,HOB,NM,ASW,CE,Federal Contract Tower,0,2,1,0,3,0,0,8,0,8,0,2,9,0,11,2,0,2,13
01/30/2005,HOB,NM,ASW,CE,Federal Contract Tower,0,1,2,0,3,0,0,4,0,4,0,1,6,0,7,6,0,6,13
01/31/2005,HOB,NM,ASW,CE,Federal Contract Tower,0,7,6,0,13,0,0,5,0,5,0,7,11,0,18,4,0,4,22
02/01/2005,HOB,NM,ASW,CE,Federal Contract Tower,0,8,3,0,11,0,0,0,0,0,0,8,3,0,11,0,0,0,11
02/02/2005,HOB,NM,ASW,CE,Federal Contract Tower,0,6,2,0,8,0,1,6,2,9,0,7,8,2,17,2,0,2,19
02/03/2005,HOB,NM,ASW,CE,Federal Contract Tower,0,7,1,0,8,0,2,18,0,20,0,9,19,0,28,12,0,12,40
02/04/2005,HOB,NM,ASW,CE,Federal Contract Tower,0,5,2,0,7,0,2,12,0,14,0,7,14,0,21,0,0,0,21
02/05/2005,HOB,NM,ASW,CE,Federal Contract Tower,0,2,0,0,2,0,0,3,0,3,0,2,3,0,5,0,0,0,5
02/06/2005,HOB,NM,ASW,CE,Federal Contract Tower,0,1,3,0,4,0,0,9,0,9,0,1,12,0,13,4,0,4,17
02/07/2005,HOB,NM,ASW,CE,Federal Contract Tower,0,7,4,0,11,0,0,9,2,11,0,7,13,2,22,8,0,8,30
02/08/2005,HOB,NM,ASW,CE,Federal Contract Tower,0,9,3,0,12,0,0,7,0,7,0,9,10,0,19,10,0,10,29
02/09/2005,HOB,NM,ASW,CE,Federal Contract Tower,0,7,2,0,9,0,0,8,0,8,0,7,10,0,17,0,0,0,17
02/10/2005,HOB,NM,ASW,CE,Federal Contract Tower,0,10,0,0,10,0,1,7,0,8,0,11,7,0,18,4,0,4,22
02/11/2005,HOB,NM,ASW,CE,Federal Contract Tower,0,10,4,0,14,0,0,0,0,0,0,10,4,0,14,10,0,10,24
02/12/2005,HOB,NM,ASW,CE,Federal Contract Tower,0,2,0,0,2,0,0,2,0,2,0,2,2,0,4,0,0,0,4
02/13/2005,HOB,NM,ASW,CE,Federal Contract Tower,0,1,2,0,3,0,0,0,0,0,0,1,2,0,3,18,0,18,21
02/14/2005,HOB,NM,ASW,CE,Federal Contract Tower,0,9,2,0,11,0,0,5,0,5,0,9,7,0,16,8,0,8,24
02/15/2005,HOB,NM,ASW,CE,Federal Contract Tower,0,6,2,0,8,0,1,6,0,7,0,7,8,0,15,10,0,10,25
02/16/2005,HOB,NM,ASW,CE,Federal Contract Tower,0,7,8,0,15,0,0,1,0,1,0,7,9,0,16,0,0,0,16
02/17/2005,HOB,NM,ASW,CE,Federal Contract Tower,0,7,2,0,9,0,2,4,0,6,0,9,6,0,15,12,0,12,27
02/18/2005,HOB,NM,ASW,CE,Federal Contract Tower,0,4,4,0,8,0,0,0,0,0,0,4,4,0,8,0,0,0,8
02/19/2005,HOB,NM,ASW,CE,Federal Contract Tower,0,3,4,0,7,0,0,0,0,0,0,3,4,0,7,6,0,6,13
02/20/2005,HOB,NM,ASW,CE,Federal Contract Tower,0,1,0,0,1,0,0,11,0,11,0,1,11,0,12,10,0,10,22
02/21/2005,HOB,NM,ASW,CE,Federal Contract Tower,0,6,2,0,8,0,1,18,0,19,0,7,20,0,27,4,0,4,31
02/22/2005,HOB,NM,ASW,CE,Federal Contract Tower,0,7,0,0,7,0,2,17,0,19,0,9,17,0,26,34,0,34,60
02/23/2005,HOB,NM,ASW,CE,Federal Contract Tower,0,7,2,0,9,0,0,1,0,1,0,7,3,0,10,0,0,0,10
02/24/2005,HOB,NM,ASW,CE,Federal Contract Tower,0,10,0,0,10,0,0,3,0,3,0,10,3,0,13,0,0,0,13
02/25/2005,HOB,NM,ASW,CE,Federal Contract Tower,0,9,0,0,9,0,0,0,0,0,0,9,0,0,9,0,0,0,9
02/26/2005,HOB,NM,ASW,CE,Federal Contract Tower,0,2,0,0,2,0,0,0,0,0,0,2,0,0,2,14,0,14,16
02/27/2005,HOB,NM,ASW,CE,Federal Contract Tower,0,1,1,0,2,0,0,16,0,16,0,1,17,0,18,4,0,4,22
02/28/2005,HOB,NM,ASW,CE,Federal Contract Tower,0,8,3,0,11,0,1,11,0,12,0,9,14,0,23,6,0,6,29
03/01/2005,HOB,NM,ASW,CE,Federal Contract Tower,0,7,0,0,7,0,2,7,0,9,0,9,7,0,16,8,0,8,24
03/02/2005,HOB,NM,ASW,CE,Federal Contract Tower,0,7,2,0,9,0,2,16,0,18,0,9,18,0,27,6,0,6,33
03/03/2005,HOB,NM,ASW,CE,Federal Contract Tower,0,11,5,5,21,0,2,21,3,26,0,13,26,8,47,4,4,8,55
03/04/2005,HOB,NM,ASW,CE,Federal Contract Tower,0,7,2,0,9,0,0,23,4,27,0,7,25,4,36,14,2,16,52
03/05/2005,HOB,NM,ASW,CE,Federal Contract Tower,0,4,3,0,7,0,0,2,0,2,0,4,5,0,9,0,0,0,9
03/06/2005,HOB,NM,ASW,CE,Federal Contract Tower,0,1,0,0,1,0,0,6,0,6,0,1,6,0,7,10,0,10,17
03/07/2005,HOB,NM,ASW,CE,Federal Contract Tower,0,6,2,0,8,0,1,10,0,11,0,7,12,0,19,8,0,8,27
03/08/2005,HOB,NM,ASW,CE,Federal Contract Tower,0,7,1,0,8,0,0,13,0,13,0,7,14,0,21,8,0,8,29
03/09/2005,HOB,NM,ASW,CE,Federal Contract Tower,0,7,3,5,15,0,0,15,8,23,0,7,18,13,38,14,28,42,80
03/10/2005,HOB,NM,ASW,CE,Federal Contract Tower,0,7,0,0,7,0,0,14,0,14,0,7,14,0,21,14,0,14,35
03/11/2005,HOB,NM,ASW,CE,Federal Contract Tower,0,7,5,0,12,0,0,16,0,16,0,7,21,0,28,8,0,8,36
03/12/2005,HOB,NM,ASW,CE,Federal Contract Tower,0,1,5,0,6,0,0,19,0,19,0,1,24,0,25,10,0,10,35
03/13/2005,HOB,NM,ASW,CE,Federal Contract Tower,0,2,3,0,5,0,0,6,0,6,0,2,9,0,11,8,0,8,19
03/14/2005,HOB,NM,ASW,CE,Federal Contract Tower,0,6,0,0,6,0,1,7,0,8,0,7,7,0,14,12,0,12,26
03/15/2005,HOB,NM,ASW,CE,Federal Contract Tower,0,6,0,0,6,0,0,0,0,0,0,6,0,0,6,0,0,0,6
03/16/2005,HOB,NM,ASW,CE,Federal Contract Tower,0,6,4,0,10,0,1,5,0,6,0,7,9,0,16,14,0,14,30
03/17/2005,HOB,NM,ASW,CE,Federal Contract Tower,0,7,3,0,10,0,0,7,0,7,0,7,10,0,17,8,0,8,25
03/18/2005,HOB,NM,ASW,CE,Federal Contract Tower,0,8,2,0,10,0,0,9,0,9,0,8,11,0,19,24,0,24,43
03/19/2005,HOB,NM,ASW,CE,Federal Contract Tower,0,2,0,0,2,0,0,12,0,12,0,2,12,0,14,4,0,4,18
03/20/2005,HOB,NM,ASW,CE,Federal Contract Tower,0,3,0,0,3,0,0,12,0,12,0,3,12,0,15,8,0,8,23
03/21/2005,HOB,NM,ASW,CE,Federal Contract Tower,0,6,0,0,6,0,2,9,0,11,0,8,9,0,17,8,0,8,25
03/22/2005,HOB,NM,ASW,CE,Federal Contract Tower,0,6,0,0,6,0,3,23,0,26,0,9,23,0,32,2,0,2,34
03/23/2005,HOB,NM,ASW,CE,Federal Contract Tower,0,7,1,0,8,0,0,11,0,11,0,7,12,0,19,10,0,10,29
03/24/2005,HOB,NM,ASW,CE,Federal Contract Tower,0,6,0,0,6,0,1,9,0,10,0,7,9,0,16,16,0,16,32
03/25/2005,HOB,NM,ASW,CE,Federal Contract Tower,0,6,0,0,6,0,1,21,0,22,0,7,21,0,28,42,0,42,70
03/26/2005,HOB,NM,ASW,CE,Federal Contract Tower,0,6,2,0,8,0,0,2,0,2,0,6,4,0,10,0,0,0,10
03/27/2005,HOB,NM,ASW,CE,Federal Contract Tower,0,1,1,0,2,0,0,6,0,6,0,1,7,0,8,14,0,14,22
03/28/2005,HOB,NM,ASW,CE,Federal Contract Tower,0,7,3,0,10,0,0,9,0,9,0,7,12,0,19,16,0,16,35
03/29/2005,HOB,NM,ASW,CE,Federal Contract Tower,0,6,0,0,6,0,1,3,0,4,0,7,3,0,10,0,0,0,10
03/30/2005,HOB,NM,ASW,CE,Federal Contract Tower,0,7,2,2,11,0,0,16,0,16,0,7,18,2,27,18,8,26,53
03/31/2005,HOB,NM,ASW,CE,Federal Contract Tower,0,7,3,0,10,0,0,17,0,17,0,7,20,0,27,22,0,22,49
04/01/2005,HOB,NM,ASW,CE,Federal Contract Tower,0,7,1,2,10,0,0,8,0,8,0,7,9,2,18,6,4,10,28
04/02/2005,HOB,NM,ASW,CE,Federal Contract Tower,0,2,1,0,3,0,0,26,0,26,0,2,27,0,29,10,0,10,39
04/03/2005,HOB,NM,ASW,CE,Federal Contract Tower,0,1,1,0,2,0,0,15,0,15,0,1,16,0,17,22,0,22,39
04/04/2005,HOB,NM,ASW,CE,Federal Contract Tower,0,7,1,0,8,0,0,5,0,5,0,7,6,0,13,10,0,10,23
04/05/2005,HOB,NM,ASW,CE,Federal Contract Tower,0,5,1,0,6,0,2,7,2,11,0,7,8,2,17,2,0,2,19
04/06/2005,HOB,NM,ASW,CE,Federal Contract Tower,0,2,1,1,4,0,4,7,1,12,0,6,8,2,16,8,12,20,36
04/07/2005,HOB,NM,ASW,CE,Federal Contract Tower,0,7,0,2,9,0,2,23,0,25,0,9,23,2,34,24,18,42,76
04/08/2005,HOB,NM,ASW,CE,Federal Contract Tower,0,7,0,0,7,0,0,8,0,8,0,7,8,0,15,12,0,12,27
04/09/2005,HOB,NM,ASW,CE,Federal Contract Tower,0,2,1,0,3,0,0,2,0,2,0,2,3,0,5,12,0,12,17
04/10/2005,HOB,NM,ASW,CE,Federal Contract Tower,0,1,0,0,1,0,0,11,0,11,0,1,11,0,12,10,0,10,22
04/11/2005,HOB,NM,ASW,CE,Federal Contract Tower,0,6,2,0,8,0,1,4,0,5,0,7,6,0,13,14,0,14,27
04/12/2005,HOB,NM,ASW,CE,Federal Contract Tower,0,7,3,0,10,0,2,15,0,17,0,9,18,0,27,8,0,8,35
04/13/2005,HOB,NM,ASW,CE,Federal Contract Tower,0,5,1,0,6,0,2,20,0,22,0,7,21,0,28,14,0,14,42
04/14/2005,HOB,NM,ASW,CE,Federal Contract Tower,0,7,1,0,8,0,0,24,0,24,0,7,25,0,32,22,0,22,54
04/15/2005,HOB,NM,ASW,CE,Federal Contract Tower,0,6,0,0,6,0,1,10,0,11,0,7,10,0,17,24,0,24,41
04/16/2005,HOB,NM,ASW,CE,Federal Contract Tower,0,1,1,0,2,0,0,8,0,8,0,1,9,0,10,14,0,14,24
04/17/2005,HOB,NM,ASW,CE,Federal Contract Tower,0,3,0,0,3,0,0,8,0,8,0,3,8,0,11,16,0,16,27
04/18/2005,HOB,NM,ASW,CE,Federal Contract Tower,0,7,0,6,13,0,0,8,0,8,0,7,8,6,21,8,6,14,35
04/19/2005,HOB,NM,ASW,CE,Federal Contract Tower,0,6,1,0,7,0,1,12,0,13,0,7,13,0,20,8,0,8,28
04/20/2005,HOB,NM,ASW,CE,Federal Contract Tower,0,7,1,0,8,0,3,20,0,23,0,10,21,0,31,6,0,6,37
04/21/2005,HOB,NM,ASW,CE,Federal Contract Tower,0,8,6,0,14,0,0,19,0,19,0,8,25,0,33,14,0,14,47
04/22/2005,HOB,NM,ASW,CE,Federal Contract Tower,0,7,4,0,11,0,2,20,0,22,0,9,24,0,33,6,0,6,39
04/23/2005,HOB,NM,ASW,CE,Federal Contract Tower,0,2,0,0,2,0,0,13,0,13,0,2,13,0,15,10,0,10,25
04/24/2005,HOB,NM,ASW,CE,Federal Contract Tower,0,1,3,0,4,0,0,9,0,9,0,1,12,0,13,14,0,14,27
04/25/2005,HOB,NM,ASW,CE,Federal Contract Tower,0,7,7,0,14,0,0,2,0,2,0,7,9,0,16,6,0,6,22
04/26/2005,HOB,NM,ASW,CE,Federal Contract Tower,0,7,0,0,7,0,2,18,0,20,0,9,18,0,27,12,0,12,39
04/27/2005,HOB,NM,ASW,CE,Federal Contract Tower,0,7,2,0,9,0,0,8,0,8,0,7,10,0,17,14,0,14,31
04/28/2005,HOB,NM,ASW,CE,Federal Contract Tower,0,6,2,0,8,0,1,20,2,23,0,7,22,2,31,29,0,29,60
04/29/2005,HOB,NM,ASW,CE,Federal Contract Tower,0,1,3,0,4,0,10,15,0,25,0,11,18,0,29,2,0,2,31
04/30/2005,HOB,NM,ASW,CE,Federal Contract Tower,0,2,0,0,2,0,0,11,0,11,0,2,11,0,13,14,0,14,27
05/01/2005,HOB,NM,ASW,CE,Federal Contract Tower,0,1,0,0,1,0,0,16,0,16,0,1,16,0,17,22,0,22,39
05/02/2005,HOB,NM,ASW,CE,Federal Contract Tower,0,7,1,0,8,0,0,4,0,4,0,7,5,0,12,2,0,2,14
05/03/2005,HOB,NM,ASW,CE,Federal Contract Tower,0,7,0,0,7,0,0,0,0,0,0,7,0,0,7,0,0,0,7
05/04/2005,HOB,NM,ASW,CE,Federal Contract Tower,0,7,3,0,10,0,0,3,2,5,0,7,6,2,15,0,0,0,15
05/05/2005,HOB,NM,ASW,CE,Federal Contract Tower,0,11,3,0,14,0,0,8,0,8,0,11,11,0,22,0,0,0,22
05/06/2005,HOB,NM,ASW,CE,Federal Contract Tower,0,9,0,0,9,0,1,13,0,14,0,10,13,0,23,6,0,6,29
05/07/2005,HOB,NM,ASW,CE,Federal Contract Tower,0,1,0,0,1,0,0,8,0,8,0,1,8,0,9,12,0,12,21
05/08/2005,HOB,NM,ASW,CE,Federal Contract Tower,0,1,2,0,3,0,0,0,0,0,0,1,2,0,3,10,0,10,13
05/09/2005,HOB,NM,ASW,CE,Federal Contract Tower,0,5,0,0,5,0,2,10,0,12,0,7,10,0,17,14,0,14,31
05/10/2005,HOB,NM,ASW,CE,Federal Contract Tower,0,8,1,0,9,0,1,9,0,10,0,9,10,0,19,4,0,4,23
05/11/2005,HOB,NM,ASW,CE,Federal Contract Tower,0,6,5,0,11,0,1,16,0,17,0,7,21,0,28,2,0,2,30
05/12/2005,HOB,NM,ASW,CE,Federal Contract Tower,0,5,1,0,6,0,2,18,0,20,0,7,19,0,26,0,0,0,26
05/13/2005,HOB,NM,ASW,CE,Federal Contract Tower,0,5,1,0,6,0,2,14,0,16,0,7,15,0,22,0,0,0,22
05/14/2005,HOB,NM,ASW,CE,Federal Contract Tower,0,3,1,0,4,0,0,7,0,7,0,3,8,0,11,12,0,12,23
05/15/2005,HOB,NM,ASW,CE,Federal Contract Tower,0,1,0,0,1,0,0,4,0,4,0,1,4,0,5,12,0,12,17
05/16/2005,HOB,NM,ASW,CE,Federal Contract Tower,0,5,1,0,6,0,1,13,0,14,0,6,14,0,20,8,0,8,28
05/17/2005,HOB,NM,ASW,CE,Federal Contract Tower,0,7,0,0,7,0,0,11,0,11,0,7,11,0,18,16,0,16,34
05/18/2005,HOB,NM,ASW,CE,Federal Contract Tower,0,7,3,0,10,0,0,9,0,9,0,7,12,0,19,10,0,10,29
05/19/2005,HOB,NM,ASW,CE,Federal Contract Tower,0,7,3,0,10,0,0,6,0,6,0,7,9,0,16,16,0,16,32
05/20/2005,HOB,NM,ASW,CE,Federal Contract Tower,0,5,3,0,8,0,2,17,0,19,0,7,20,0,27,0,0,0,27
05/21/2005,HOB,NM,ASW,CE,Federal Contract Tower,0,1,0,0,1,0,0,11,0,11,0,1,11,0,12,10,0,10,22
05/22/2005,HOB,NM,ASW,CE,Federal Contract Tower,0,1,2,0,3,0,0,10,0,10,0,1,12,0,13,14,0,14,27
05/23/2005,HOB,NM,ASW,CE,Federal Contract Tower,0,8,0,0,8,0,1,11,0,12,0,9,11,0,20,18,0,18,38
05/24/2005,HOB,NM,ASW,CE,Federal Contract Tower,0,7,1,0,8,0,1,15,0,16,0,8,16,0,24,8,0,8,32
05/25/2005,HOB,NM,ASW,CE,Federal Contract Tower,0,7,9,0,16,0,0,23,0,23,0,7,32,0,39,12,0,12,51
05/26/2005,HOB,NM,ASW,CE,Federal Contract Tower,0,7,8,0,15,0,0,3,0,3,0,7,11,0,18,10,0,10,28
05/27/2005,HOB,NM,ASW,CE,Federal Contract Tower,0,6,12,0,18,0,0,7,0,7,0,6,19,0,25,4,0,4,29
05/28/2005,HOB,NM,ASW,CE,Federal Contract Tower,0,2,3,0,5,0,0,3,0,3,0,2,6,0,8,0,0,0,8
05/29/2005,HOB,NM,ASW,CE,Federal Contract Tower,0,3,1,0,4,0,0,19,0,19,0,3,20,0,23,6,0,6,29
05/30/2005,HOB,NM,ASW,CE,Federal Contract Tower,0,3,1,0,4,0,0,17,0,17,0,3,18,0,21,14,0,14,35
05/31/2005,HOB,NM,ASW,CE,Federal Contract Tower,0,7,4,0,11,0,0,8,0,8,0,7,12,0,19,6,0,6,25
06/01/2005,HOB,NM,ASW,CE,Federal Contract Tower,0,9,11,0,20,0,0,16,0,16,0,9,27,0,36,16,0,16,52
06/02/2005,HOB,NM,ASW,CE,Federal Contract Tower,0,7,2,0,9,0,0,30,0,30,0,7,32,0,39,18,0,18,57
06/03/2005,HOB,NM,ASW,CE,Federal Contract Tower,0,8,2,0,10,0,3,14,2,19,0,11,16,2,29,4,0,4,33
06/04/2005,HOB,NM,ASW,CE,Federal Contract Tower,0,2,1,0,3,0,0,58,0,58,0,2,59,0,61,18,0,18,79
06/05/2005,HOB,NM,ASW,CE,Federal Contract Tower,0,1,3,0,4,0,0,22,0,22,0,1,25,0,26,32,0,32,58
06/06/2005,HOB,NM,ASW,CE,Federal Contract Tower,0,7,0,0,7,0,0,8,0,8,0,7,8,0,15,0,0,0,15
06/07/2005,HOB,NM,ASW,CE,Federal Contract Tower,0,7,0,0,7,0,0,14,0,14,0,7,14,0,21,2,0,2,23
06/08/2005,HOB,NM,ASW,CE,Federal Contract Tower,0,6,4,0,10,0,1,12,0,13,0,7,16,0,23,0,0,0,23
06/09/2005,HOB,NM,ASW,CE,Federal Contract Tower,0,7,9,0,16,0,0,10,0,10,0,7,19,0,26,14,0,14,40
06/10/2005,HOB,NM,ASW,CE,Federal Contract Tower,0,7,0,0,7,0,2,10,0,12,0,9,10,0,19,10,0,10,29
06/11/2005,HOB,NM,ASW,CE,Federal Contract Tower,0,2,3,0,5,0,0,12,0,12,0,2,15,0,17,14,0,14,31
06/12/2005,HOB,NM,ASW,CE,Federal Contract Tower,0,1,2,0,3,0,0,6,0,6,0,1,8,0,9,12,0,12,21
06/13/2005,HOB,NM,ASW,CE,Federal Contract Tower,0,7,4,0,11,0,0,4,0,4,0,7,8,0,15,12,0,12,27
06/14/2005,HOB,NM,ASW,CE,Federal Contract Tower,0,9,2,0,11,0,0,7,0,7,0,9,9,0,18,6,0,6,24
06/15/2005,HOB,NM,ASW,CE,Federal Contract Tower,0,7,0,0,7,0,0,16,0,16,0,7,16,0,23,6,0,6,29
06/16/2005,HOB,NM,ASW,CE,Federal Contract Tower,0,7,4,0,11,0,0,13,0,13,0,7,17,0,24,13,0,13,37
06/17/2005,HOB,NM,ASW,CE,Federal Contract Tower,0,6,2,0,8,0,3,15,0,18,0,9,17,0,26,2,0,2,28
06/18/2005,HOB,NM,ASW,CE,Federal Contract Tower,0,2,4,0,6,0,0,35,0,35,0,2,39,0,41,0,0,0,41
06/19/2005,HOB,NM,ASW,CE,Federal Contract Tower,0,1,3,0,4,0,0,13,0,13,0,1,16,0,17,24,0,24,41
06/20/2005,HOB,NM,ASW,CE,Federal Contract Tower,0,5,1,0,6,0,1,10,0,11,0,6,11,0,17,8,0,8,25
06/21/2005,HOB,NM,ASW,CE,Federal Contract Tower,0,8,5,0,13,0,2,8,0,10,0,10,13,0,23,0,0,0,23
06/22/2005,HOB,NM,ASW,CE,Federal Contract Tower,0,6,3,0,9,0,3,12,0,15,0,9,15,0,24,30,0,30,54
06/23/2005,HOB,NM,ASW,CE,Federal Contract Tower,0,7,4,0,11,0,2,16,0,18,0,9,20,0,29,20,0,20,49
06/24/2005,HOB,NM,ASW,CE,Federal Contract Tower,0,3,0,0,3,0,6,16,0,22,0,9,16,0,25,10,0,10,35
06/25/2005,HOB,NM,ASW,CE,Federal Contract Tower,0,0,0,0,0,0,0,7,0,7,0,0,7,0,7,12,0,12,19
06/26/2005,HOB,NM,ASW,CE,Federal Contract Tower,0,1,2,0,3,0,0,14,0,14,0,1,16,0,17,20,0,20,37
06/27/2005,HOB,NM,ASW,CE,Federal Contract Tower,0,6,2,0,8,0,1,11,0,12,0,7,13,0,20,10,0,10,30
06/28/2005,HOB,NM,ASW,CE,Federal Contract Tower,0,7,1,0,8,0,2,9,1,12,0,9,10,1,20,8,0,8,28
06/29/2005,HOB,NM,ASW,CE,Federal Contract Tower,0,7,3,1,11,0,2,17,0,19,0,9,20,1,30,4,0,4,34
06/30/2005,HOB,NM,ASW,CE,Federal Contract Tower,0,6,3,0,9,0,3,17,0,20,0,9,20,0,29,14,0,14,43
07/01/2005,HOB,NM,ASW,CE,Federal Contract Tower,0,7,2,0,9,0,4,18,0,22,0,11,20,0,31,0,0,0,31
07/02/2005,HOB,NM,ASW,CE,Federal Contract Tower,0,2,3,0,5,0,0,18,0,18,0,2,21,0,23,12,0,12,35
07/03/2005,HOB,NM,ASW,CE,Federal Contract Tower,0,1,1,0,2,0,0,6,0,6,0,1,7,0,8,4,0,4,12
07/04/2005,HOB,NM,ASW,CE,Federal Contract Tower,0,3,3,0,6,0,0,17,0,17,0,3,20,0,23,8,0,8,31
07/05/2005,HOB,NM,ASW,CE,Federal Contract Tower,0,6,6,0,12,0,1,17,0,18,0,7,23,0,30,12,0,12,42
07/06/2005,HOB,NM,ASW,CE,Federal Contract Tower,0,6,0,0,6,0,1,18,0,19,0,7,18,0,25,22,0,22,47
07/07/2005,HOB,NM,ASW,CE,Federal Contract Tower,0,7,4,0,11,0,0,16,0,16,0,7,20,0,27,14,0,14,41
07/08/2005,HOB,NM,ASW,CE,Federal Contract Tower,0,7,1,0,8,0,0,7,2,9,0,7,8,2,17,8,4,12,29
07/09/2005,HOB,NM,ASW,CE,Federal Contract Tower,0,2,0,0,2,0,0,18,0,18,0,2,18,0,20,4,0,4,24
07/10/2005,HOB,NM,ASW,CE,Federal Contract Tower,0,1,0,0,1,0,0,9,0,9,0,1,9,0,10,14,0,14,24
07/11/2005,HOB,NM,ASW,CE,Federal Contract Tower,0,7,1,0,8,0,0,10,0,10,0,7,11,0,18,2,0,2,20
07/12/2005,HOB,NM,ASW,CE,Federal Contract Tower,0,6,8,0,14,0,1,17,0,18,0,7,25,0,32,20,0,20,52
07/13/2005,HOB,NM,ASW,CE,Federal Contract Tower,0,7,5,0,12,0,0,12,0,12,0,7,17,0,24,20,0,20,44
07/14/2005,HOB,NM,ASW,CE,Federal Contract Tower,0,7,4,0,11,0,3,16,0,19,0,10,20,0,30,16,0,16,46
07/15/2005,HOB,NM,ASW,CE,Federal Contract Tower,0,5,1,0,6,0,2,9,0,11,0,7,10,0,17,0,0,0,17
07/16/2005,HOB,NM,ASW,CE,Federal Contract Tower,0,2,0,0,2,0,0,10,0,10,0,2,10,0,12,30,0,30,42
07/17/2005,HOB,NM,ASW,CE,Federal Contract Tower,0,1,2,0,3,0,0,11,0,11,0,1,13,0,14,4,0,4,18
07/18/2005,HOB,NM,ASW,CE,Federal Contract Tower,0,7,6,0,13,0,0,7,0,7,0,7,13,0,20,24,0,24,44
07/19/2005,HOB,NM,ASW,CE,Federal Contract Tower,0,7,2,0,9,0,2,9,0,11,0,9,11,0,20,6,0,6,26
07/20/2005,HOB,NM,ASW,CE,Federal Contract Tower,0,7,6,0,13,0,1,5,0,6,0,8,11,0,19,2,0,2,21
07/21/2005,HOB,NM,ASW,CE,Federal Contract Tower,0,6,5,2,13,0,4,9,0,13,0,10,14,2,26,6,20,26,52
07/22/2005,HOB,NM,ASW,CE,Federal Contract Tower,0,5,5,0,10,0,4,6,0,10,0,9,11,0,20,12,0,12,32
07/23/2005,HOB,NM,ASW,CE,Federal Contract Tower,0,2,3,0,5,0,0,15,0,15,0,2,18,0,20,14,0,14,34
07/24/2005,HOB,NM,ASW,CE,Federal Contract Tower,0,1,0,0,1,0,0,7,0,7,0,1,7,0,8,6,0,6,14
07/25/2005,HOB,NM,ASW,CE,Federal Contract Tower,0,8,0,0,8,0,1,10,0,11,0,9,10,0,19,6,0,6,25
07/26/2005,HOB,NM,ASW,CE,Federal Contract Tower,0,7,2,0,9,0,0,3,0,3,0,7,5,0,12,0,0,0,12
07/27/2005,HOB,NM,ASW,CE,Federal Contract Tower,0,12,8,0,20,0,0,0,0,0,0,12,8,0,20,4,0,4,24
07/28/2005,HOB,NM,ASW,CE,Federal Contract Tower,0,0,0,0,0,0,8,10,0,18,0,8,10,0,18,0,0,0,18
07/29/2005,HOB,NM,ASW,CE,Federal Contract Tower,0,2,0,0,2,0,4,13,0,17,0,6,13,0,19,10,0,10,29
07/30/2005,HOB,NM,ASW,CE,Federal Contract Tower,0,0,0,0,0,0,1,14,0,15,0,1,14,0,15,2,0,2,17
07/31/2005,HOB,NM,ASW,CE,Federal Contract Tower,0,1,0,0,1,0,0,10,0,10,0,1,10,0,11,12,0,12,23
08/01/2005,HOB,NM,ASW,CE,Federal Contract Tower,0,6,4,0,10,0,1,13,0,14,0,7,17,0,24,12,0,12,36
08/02/2005,HOB,NM,ASW,CE,Federal Contract Tower,0,7,0,0,7,0,2,19,0,21,0,9,19,0,28,14,0,14,42
08/03/2005,HOB,NM,ASW,CE,Federal Contract Tower,0,7,1,0,8,0,0,5,0,5,0,7,6,0,13,10,0,10,23
08/04/2005,HOB,NM,ASW,CE,Federal Contract Tower,0,7,3,0,10,0,2,21,0,23,0,9,24,0,33,12,0,12,45
08/05/2005,HOB,NM,ASW,CE,Federal Contract Tower,0,7,1,0,8,0,0,6,0,6,0,7,7,0,14,6,0,6,20
08/06/2005,HOB,NM,ASW,CE,Federal Contract Tower,0,2,1,0,3,0,0,3,0,3,0,2,4,0,6,4,0,4,10
08/07/2005,HOB,NM,ASW,CE,Federal Contract Tower,0,1,0,0,1,0,0,10,0,10,0,1,10,0,11,12,0,12,23
08/08/2005,HOB,NM,ASW,CE,Federal Contract Tower,0,6,1,0,7,0,1,15,0,16,0,7,16,0,23,6,0,6,29
08/09/2005,HOB,NM,ASW,CE,Federal Contract Tower,0,9,5,0,14,0,0,12,0,12,0,9,17,0,26,0,0,0,26
08/10/2005,HOB,NM,ASW,CE,Federal Contract Tower,0,7,1,0,8,0,0,8,0,8,0,7,9,0,16,0,0,0,16
08/11/2005,HOB,NM,ASW,CE,Federal Contract Tower,0,7,4,0,11,0,0,13,0,13,0,7,17,0,24,0,0,0,24
08/12/2005,HOB,NM,ASW,CE,Federal Contract Tower,0,5,1,0,6,0,2,13,0,15,0,7,14,0,21,10,0,10,31
08/13/2005,HOB,NM,ASW,CE,Federal Contract Tower,0,2,4,0,6,0,2,8,0,10,0,4,12,0,16,0,0,0,16
08/14/2005,HOB,NM,ASW,CE,Federal Contract Tower,0,1,3,0,4,0,0,2,0,2,0,1,5,0,6,2,0,2,8
08/15/2005,HOB,NM,ASW,CE,Federal Contract Tower,0,7,1,0,8,0,0,1,0,1,0,7,2,0,9,0,0,0,9
08/16/2005,HOB,NM,ASW,CE,Federal Contract Tower,0,9,11,0,20,0,0,5,0,5,0,9,16,0,25,0,0,0,25
08/17/2005,HOB,NM,ASW,CE,Federal Contract Tower,0,6,8,0,14,0,5,9,0,14,0,11,17,0,28,8,0,8,36
08/18/2005,HOB,NM,ASW,CE,Federal Contract Tower,0,8,1,0,9,0,3,10,0,13,0,11,11,0,22,10,0,10,32
08/19/2005,HOB,NM,ASW,CE,Federal Contract Tower,0,5,0,0,5,0,4,11,0,15,0,9,11,0,20,12,0,12,32
08/20/2005,HOB,NM,ASW,CE,Federal Contract Tower,0,2,0,0,2,0,0,11,0,11,0,2,11,0,13,14,0,14,27
08/21/2005,HOB,NM,ASW,CE,Federal Contract Tower,0,1,0,0,1,0,0,22,0,22,0,1,22,0,23,22,0,22,45
08/22/2005,HOB,NM,ASW,CE,Federal Contract Tower,0,7,1,0,8,0,0,10,0,10,0,7,11,0,18,10,0,10,28
08/23/2005,HOB,NM,ASW,CE,Federal Contract Tower,0,6,0,0,6,0,0,8,0,8,0,6,8,0,14,10,0,10,24
08/24/2005,HOB,NM,ASW,CE,Federal Contract Tower,0,6,0,0,6,0,1,11,0,12,0,7,11,0,18,4,0,4,22
08/25/2005,HOB,NM,ASW,CE,Federal Contract Tower,0,7,4,0,11,0,0,16,0,16,0,7,20,0,27,24,0,24,51
08/26/2005,HOB,NM,ASW,CE,Federal Contract Tower,0,5,9,0,14,0,4,10,0,14,0,9,19,0,28,0,0,0,28
08/27/2005,HOB,NM,ASW,CE,Federal Contract Tower,0,2,4,0,6,0,1,10,0,11,0,3,14,0,17,2,0,2,19
08/28/2005,HOB,NM,ASW,CE,Federal Contract Tower,0,1,0,0,1,0,0,6,0,6,0,1,6,0,7,4,0,4,11
08/29/2005,HOB,NM,ASW,CE,Federal Contract Tower,0,6,3,0,9,0,1,10,0,11,0,7,13,0,20,10,0,10,30
08/30/2005,HOB,NM,ASW,CE,Federal Contract Tower,0,7,0,0,7,0,2,25,0,27,0,9,25,0,34,40,0,40,74
08/31/2005,HOB,NM,ASW,CE,Federal Contract Tower,0,6,7,2,15,0,1,23,0,24,0,7,30,2,39,16,0,16,55
09/01/2005,HOB,NM,ASW,CE,Federal Contract Tower,0,6,3,0,9,0,0,11,0,11,0,6,14,0,20,14,0,14,34
09/02/2005,HOB,NM,ASW,CE,Federal Contract Tower,0,6,2,0,8,0,2,12,0,14,0,8,14,0,22,10,0,10,32
09/03/2005,HOB,NM,ASW,CE,Federal Contract Tower,0,2,0,0,2,0,0,17,0,17,0,2,17,0,19,2,0,2,21
09/04/2005,HOB,NM,ASW,CE,Federal Contract Tower,0,1,0,0,1,0,0,5,0,5,0,1,5,0,6,12,0,12,18
09/05/2005,HOB,NM,ASW,CE,Federal Contract Tower,0,3,0,0,3,0,0,14,0,14,0,3,14,0,17,26,0,26,43
09/06/2005,HOB,NM,ASW,CE,Federal Contract Tower,0,7,2,0,9,0,0,11,0,11,0,7,13,0,20,10,0,10,30
09/07/2005,HOB,NM,ASW,CE,Federal Contract Tower,0,6,0,0,6,0,0,16,0,16,0,6,16,0,22,16,0,16,38
09/08/2005,HOB,NM,ASW,CE,Federal Contract Tower,0,7,8,0,15,0,2,18,0,20,0,9,26,0,35,26,0,26,61
09/09/2005,HOB,NM,ASW,CE,Federal Contract Tower,0,7,0,0,7,0,2,11,0,13,0,9,11,0,20,10,0,10,30
09/10/2005,HOB,NM,ASW,CE,Federal Contract Tower,0,2,1,0,3,0,0,8,0,8,0,2,9,0,11,4,0,4,15
09/11/2005,HOB,NM,ASW,CE,Federal Contract Tower,0,1,1,0,2,0,0,9,0,9,0,1,10,0,11,6,0,6,17
09/12/2005,HOB,NM,ASW,CE,Federal Contract Tower,0,9,4,0,13,0,0,17,0,17,0,9,21,0,30,0,0,0,30
09/13/2005,HOB,NM,ASW,CE,Federal Contract Tower,0,7,2,0,9,0,2,11,0,13,0,9,13,0,22,16,0,16,38
09/14/2005,HOB,NM,ASW,CE,Federal Contract Tower,0,7,2,0,9,0,2,25,0,27,0,9,27,0,36,14,0,14,50
09/15/2005,HOB,NM,ASW,CE,Federal Contract Tower,0,8,8,0,16,0,1,12,0,13,0,9,20,0,29,0,0,0,29
09/16/2005,HOB,NM,ASW,CE,Federal Contract Tower,0,8,9,0,17,0,1,0,0,1,0,9,9,0,18,0,0,0,18
09/17/2005,HOB,NM,ASW,CE,Federal Contract Tower,0,2,1,0,3,0,0,18,0,18,0,2,19,0,21,10,0,10,31
09/18/2005,HOB,NM,ASW,CE,Federal Contract Tower,0,2,3,0,5,0,0,3,0,3,0,2,6,0,8,8,0,8,16
09/19/2005,HOB,NM,ASW,CE,Federal Contract Tower,0,7,4,0,11,0,0,3,0,3,0,7,7,0,14,0,0,0,14
09/20/2005,HOB,NM,ASW,CE,Federal Contract Tower,0,7,6,0,13,0,2,10,0,12,0,9,16,0,25,10,0,10,35
09/21/2005,HOB,NM,ASW,CE,Federal Contract Tower,0,9,0,2,11,0,0,19,2,21,0,9,19,4,32,6,0,6,38
09/22/2005,HOB,NM,ASW,CE,Federal Contract Tower,0,7,4,0,11,0,0,26,0,26,0,7,30,0,37,20,0,20,57
09/23/2005,HOB,NM,ASW,CE,Federal Contract Tower,0,8,5,0,13,0,3,20,0,23,0,11,25,0,36,0,0,0,36
09/24/2005,HOB,NM,ASW,CE,Federal Contract Tower,0,2,4,0,6,0,0,15,0,15,0,2,19,0,21,4,0,4,25
09/25/2005,HOB,NM,ASW,CE,Federal Contract Tower,0,3,2,0,5,0,0,10,0,10,0,3,12,0,15,6,0,6,21
09/26/2005,HOB,NM,ASW,CE,Federal Contract Tower,0,7,1,0,8,0,0,3,0,3,0,7,4,0,11,0,0,0,11
09/27/2005,HOB,NM,ASW,CE,Federal Contract Tower,0,9,4,0,13,0,2,18,0,20,0,11,22,0,33,14,0,14,47
09/28/2005,HOB,NM,ASW,CE,Federal Contract Tower,0,7,5,0,12,0,1,10,0,11,0,8,15,0,23,14,0,14,37
09/29/2005,HOB,NM,ASW,CE,Federal Contract Tower,0,7,0,0,7,0,0,8,0,8,0,7,8,0,15,6,0,6,21
09/30/2005,HOB,NM,ASW,CE,Federal Contract Tower,0,5,3,0,8,0,2,15,0,17,0,7,18,0,25,8,0,8,33
10/01/2005,HOB,NM,ASW,CE,Federal Contract Tower,0,2,2,0,4,0,0,5,0,5,0,2,7,0,9,6,0,6,15
10/02/2005,HOB,NM,ASW,CE,Federal Contract Tower,0,1,0,0,1,0,0,10,0,10,0,1,10,0,11,14,0,14,25
10/03/2005,HOB,NM,ASW,CE,Federal Contract Tower,0,9,2,0,11,0,0,0,0,0,0,9,2,0,11,0,0,0,11
10/04/2005,HOB,NM,ASW,CE,Federal Contract Tower,0,8,10,0,18,0,0,6,0,6,0,8,16,0,24,14,0,14,38
10/05/2005,HOB,NM,ASW,CE,Federal Contract Tower,0,8,10,0,18,0,3,9,0,12,0,11,19,0,30,12,0,12,42
10/06/2005,HOB,NM,ASW,CE,Federal Contract Tower,0,5,3,0,8,0,0,0,0,0,0,5,3,0,8,0,0,0,8
10/07/2005,HOB,NM,ASW,CE,Federal Contract Tower,0,7,1,0,8,0,2,20,0,22,0,9,21,0,30,10,0,10,40
10/08/2005,HOB,NM,ASW,CE,Federal Contract Tower,0,2,9,0,11,0,0,10,0,10,0,2,19,0,21,8,0,8,29
10/09/2005,HOB,NM,ASW,CE,Federal Contract Tower,0,3,1,0,4,0,0,9,0,9,0,3,10,0,13,0,0,0,13
10/10/2005,HOB,NM,ASW,CE,Federal Contract Tower,0,7,0,0,7,0,0,12,0,12,0,7,12,0,19,0,0,0,19
10/11/2005,HOB,NM,ASW,CE,Federal Contract Tower,0,7,2,0,9,0,0,13,0,13,0,7,15,0,22,6,0,6,28
10/12/2005,HOB,NM,ASW,CE,Federal Contract Tower,0,7,1,0,8,0,0,31,0,31,0,7,32,0,39,24,0,24,63
10/13/2005,HOB,NM,ASW,CE,Federal Contract Tower,0,11,0,0,11,0,0,13,0,13,0,11,13,0,24,2,0,2,26
10/14/2005,HOB,NM,ASW,CE,Federal Contract Tower,0,5,8,0,13,0,5,17,0,22,0,10,25,0,35,26,0,26,61
10/15/2005,HOB,NM,ASW,CE,Federal Contract Tower,0,2,2,0,4,0,0,17,0,17,0,2,19,0,21,0,0,0,21
10/16/2005,HOB,NM,ASW,CE,Federal Contract Tower,0,1,9,0,10,0,0,14,0,14,0,1,23,0,24,2,0,2,26
10/17/2005,HOB,NM,ASW,CE,Federal Contract Tower,0,4,2,0,6,0,3,14,0,17,0,7,16,0,23,6,0,6,29
10/18/2005,HOB,NM,ASW,CE,Federal Contract Tower,0,5,0,0,5,0,2,11,0,13,0,7,11,0,18,4,0,4,22
10/19/2005,HOB,NM,ASW,CE,Federal Contract Tower,0,7,8,0,15,0,1,25,0,26,0,8,33,0,41,12,0,12,53
10/20/2005,HOB,NM,ASW,CE,Federal Contract Tower,0,7,1,0,8,0,0,20,0,20,0,7,21,0,28,26,0,26,54
10/21/2005,HOB,NM,ASW,CE,Federal Contract Tower,0,5,1,0,6,0,4,16,0,20,0,9,17,0,26,10,0,10,36
10/22/2005,HOB,NM,ASW,CE,Federal Contract Tower,0,2,2,0,4,0,0,4,0,4,0,2,6,0,8,2,0,2,10
10/23/2005,HOB,NM,ASW,CE,Federal Contract Tower,0,1,2,0,3,0,0,2,0,2,0,1,4,0,5,0,0,0,5
10/24/2005,HOB,NM,ASW,CE,Federal Contract Tower,0,6,5,0,11,0,1,11,0,12,0,7,16,0,23,6,0,6,29
10/25/2005,HOB,NM,ASW,CE,Federal Contract Tower,0,7,5,2,14,0,3,23,0,26,0,10,28,2,40,12,6,18,58
10/26/2005,HOB,NM,ASW,CE,Federal Contract Tower,0,7,2,0,9,0,2,8,0,10,0,9,10,0,19,14,0,14,33
10/27/2005,HOB,NM,ASW,CE,Federal Contract Tower,0,7,7,0,14,0,0,8,0,8,0,7,15,0,22,10,0,10,32
10/28/2005,HOB,NM,ASW,CE,Federal Contract Tower,0,8,0,0,8,0,0,4,0,4,0,8,4,0,12,4,0,4,16
10/29/2005,HOB,NM,ASW,CE,Federal Contract Tower,0,2,4,0,6,0,0,11,0,11,0,2,15,0,17,8,0,8,25
10/30/2005,HOB,NM,ASW,CE,Federal Contract Tower,0,1,1,0,2,0,0,15,0,15,0,1,16,0,17,4,0,4,21
10/31/2005,HOB,NM,ASW,CE,Federal Contract Tower,0,6,2,0,8,0,1,10,0,11,0,7,12,0,19,0,0,0,19
11/01/2005,HOB,NM,ASW,CE,Federal Contract Tower,0,6,2,0,8,0,1,12,0,13,0,7,14,0,21,10,0,10,31
11/02/2005,HOB,NM,ASW,CE,Federal Contract Tower,0,7,7,0,14,0,3,23,0,26,0,10,30,0,40,20,0,20,60
11/03/2005,HOB,NM,ASW,CE,Federal Contract Tower,0,6,5,0,11,0,2,19,0,21,0,8,24,0,32,26,0,26,58
11/04/2005,HOB,NM,ASW,CE,Federal Contract Tower,0,5,5,0,10,0,4,13,0,17,0,9,18,0,27,22,0,22,49
11/05/2005,HOB,NM,ASW,CE,Federal Contract Tower,0,2,0,0,2,0,0,19,0,19,0,2,19,0,21,6,0,6,27
11/06/2005,HOB,NM,ASW,CE,Federal Contract Tower,0,3,4,0,7,0,0,17,0,17,0,3,21,0,24,8,0,8,32
11/07/2005,HOB,NM,ASW,CE,Federal Contract Tower,0,6,2,1,9,0,1,1,1,3,0,7,3,2,12,14,10,24,36
11/08/2005,HOB,NM,ASW,CE,Federal Contract Tower,0,6,0,0,6,0,3,10,0,13,0,9,10,0,19,10,0,10,29
11/09/2005,HOB,NM,ASW,CE,Federal Contract Tower,0,6,6,0,12,0,3,12,0,15,0,9,18,0,27,14,0,14,41
11/10/2005,HOB,NM,ASW,CE,Federal Contract Tower,0,8,5,0,13,0,2,32,0,34,0,10,37,0,47,20,0,20,67
11/11/2005,HOB,NM,ASW,CE,Federal Contract Tower,0,3,4,0,7,0,4,29,2,35,0,7,33,2,42,8,0,8,50
11/12/2005,HOB,NM,ASW,CE,Federal Contract Tower,0,2,2,0,4,0,0,8,0,8,0,2,10,0,12,2,0,2,14
11/13/2005,HOB,NM,ASW,CE,Federal Contract Tower,0,1,1,0,2,0,0,12,0,12,0,1,13,0,14,4,0,4,18
11/14/2005,HOB,NM,ASW,CE,Federal Contract Tower,0,8,0,0,8,0,3,8,0,11,0,11,8,0,19,2,0,2,21
11/15/2005,HOB,NM,ASW,CE,Federal Contract Tower,0,7,0,2,9,0,0,5,2,7,0,7,5,4,16,0,22,22,38
11/16/2005,HOB,NM,ASW,CE,Federal Contract Tower,0,7,3,0,10,0,0,27,0,27,0,7,30,0,37,44,0,44,81
11/17/2005,HOB,NM,ASW,CE,Federal Contract Tower,0,7,1,0,8,0,1,24,0,25,0,8,25,0,33,14,0,14,47
11/18/2005,HOB,NM,ASW,CE,Federal Contract Tower,0,5,3,0,8,0,3,18,0,21,0,8,21,0,29,24,0,24,53
11/19/2005,HOB,NM,ASW,CE,Federal Contract Tower,0,2,2,0,4,0,0,12,0,12,0,2,14,0,16,6,0,6,22
11/20/2005,HOB,NM,ASW,CE,Federal Contract Tower,0,1,0,0,1,0,0,10,0,10,0,1,10,0,11,14,0,14,25
11/21/2005,HOB,NM,ASW,CE,Federal Contract Tower,0,5,2,0,7,0,2,4,0,6,0,7,6,0,13,8,0,8,21
11/22/2005,HOB,NM,ASW,CE,Federal Contract Tower,0,9,1,0,10,0,2,14,0,16,0,11,15,0,26,16,0,16,42
11/23/2005,HOB,NM,ASW,CE,Federal Contract Tower,0,5,2,0,7,0,4,18,0,22,0,9,20,0,29,16,0,16,45
11/24/2005,HOB,NM,ASW,CE,Federal Contract Tower,0,3,1,0,4,0,0,19,0,19,0,3,20,0,23,14,0,14,37
11/25/2005,HOB,NM,ASW,CE,Federal Contract Tower,0,5,0,0,5,0,2,17,0,19,0,7,17,0,24,16,0,16,40
11/26/2005,HOB,NM,ASW,CE,Federal Contract Tower,0,2,2,0,4,0,0,7,0,7,0,2,9,0,11,0,0,0,11
11/27/2005,HOB,NM,ASW,CE,Federal Contract Tower,0,1,0,0,1,0,0,8,0,8,0,1,8,0,9,6,0,6,15
11/28/2005,HOB,NM,ASW,CE,Federal Contract Tower,0,5,1,0,6,0,2,5,0,7,0,7,6,0,13,8,0,8,21
11/29/2005,HOB,NM,ASW,CE,Federal Contract Tower,0,5,4,0,9,0,2,17,0,19,0,7,21,0,28,22,0,22,50
11/30/2005,HOB,NM,ASW,CE,Federal Contract Tower,0,5,2,0,7,0,2,27,0,29,0,7,29,0,36,40,0,40,76
12/01/2005,HOB,NM,ASW,CE,Federal Contract Tower,0,7,2,0,9,0,4,24,0,28,0,11,26,0,37,16,0,16,53
12/02/2005,HOB,NM,ASW,CE,Federal Contract Tower,0,4,1,0,5,0,7,10,0,17,0,11,11,0,22,6,0,6,28
12/03/2005,HOB,NM,ASW,CE,Federal Contract Tower,0,4,1,0,5,0,0,9,0,9,0,4,10,0,14,4,0,4,18
12/04/2005,HOB,NM,ASW,CE,Federal Contract Tower,0,1,0,0,1,0,0,11,0,11,0,1,11,0,12,4,0,4,16
12/05/2005,HOB,NM,ASW,CE,Federal Contract Tower,0,5,0,0,5,0,2,2,0,4,0,7,2,0,9,10,0,10,19
12/06/2005,HOB,NM,ASW,CE,Federal Contract Tower,0,5,2,0,7,0,2,23,0,25,0,7,25,0,32,34,0,34,66
12/07/2005,HOB,NM,ASW,CE,Federal Contract Tower,0,5,4,0,9,0,2,13,0,15,0,7,17,0,24,14,0,14,38
12/08/2005,HOB,NM,ASW,CE,Federal Contract Tower,0,5,1,0,6,0,2,16,0,18,0,7,17,0,24,8,0,8,32
12/09/2005,HOB,NM,ASW,CE,Federal Contract Tower,0,7,2,0,9,0,2,7,0,9,0,9,9,0,18,8,0,8,26
12/10/2005,HOB,NM,ASW,CE,Federal Contract Tower,0,4,4,0,8,0,0,12,0,12,0,4,16,0,20,4,0,4,24
12/11/2005,HOB,NM,ASW,CE,Federal Contract Tower,0,1,0,0,1,0,0,9,0,9,0,1,9,0,10,4,0,4,14
12/12/2005,HOB,NM,ASW,CE,Federal Contract Tower,0,5,3,0,8,0,2,4,0,6,0,7,7,0,14,0,0,0,14
12/13/2005,HOB,NM,ASW,CE,Federal Contract Tower,0,6,4,0,10,0,1,5,0,6,0,7,9,0,16,8,0,8,24
12/14/2005,HOB,NM,ASW,CE,Federal Contract Tower,0,5,6,0,11,0,2,23,0,25,0,7,29,0,36,20,0,20,56
12/15/2005,HOB,NM,ASW,CE,Federal Contract Tower,0,3,4,0,7,0,4,25,0,29,0,7,29,0,36,52,0,52,88
12/16/2005,HOB,NM,ASW,CE,Federal Contract Tower,0,9,2,0,11,0,0,4,0,4,0,9,6,0,15,2,0,2,17
12/17/2005,HOB,NM,ASW,CE,Federal Contract Tower,0,2,2,0,4,0,0,9,0,9,0,2,11,0,13,40,0,40,53
12/18/2005,HOB,NM,ASW,CE,Federal Contract Tower,0,1,3,0,4,0,0,0,0,0,0,1,3,0,4,0,0,0,4
12/19/2005,HOB,NM,ASW,CE,Federal Contract Tower,0,10,3,0,13,0,0,0,0,0,0,10,3,0,13,0,0,0,13
12/20/2005,HOB,NM,ASW,CE,Federal Contract Tower,0,7,6,0,13,0,1,7,0,8,0,8,13,0,21,0,0,0,21
12/21/2005,HOB,NM,ASW,CE,Federal Contract Tower,0,5,2,0,7,0,3,29,0,32,0,8,31,0,39,28,0,28,67
12/22/2005,HOB,NM,ASW,CE,Federal Contract Tower,0,6,2,0,8,0,8,11,0,19,0,14,13,0,27,10,0,10,37
12/23/2005,HOB,NM,ASW,CE,Federal Contract Tower,0,6,0,0,6,0,8,13,0,21,0,14,13,0,27,16,0,16,43
12/24/2005,HOB,NM,ASW,CE,Federal Contract Tower,0,2,1,0,3,0,2,12,0,14,0,4,13,0,17,0,0,0,17
12/25/2005,HOB,NM,ASW,CE,Federal Contract Tower,0,1,0,0,1,0,0,14,0,14,0,1,14,0,15,4,0,4,19
12/26/2005,HOB,NM,ASW,CE,Federal Contract Tower,0,3,0,0,3,0,0,11,0,11,0,3,11,0,14,10,0,10,24
12/27/2005,HOB,NM,ASW,CE,Federal Contract Tower,0,5,1,0,6,0,2,3,0,5,0,7,4,0,11,2,0,2,13
12/28/2005,HOB,NM,ASW,CE,Federal Contract Tower,0,5,3,0,8,0,2,17,0,19,0,7,20,0,27,30,0,30,57
12/29/2005,HOB,NM,ASW,CE,Federal Contract Tower,0,7,3,0,10,0,6,19,0,25,0,13,22,0,35,22,0,22,57
12/30/2005,HOB,NM,ASW,CE,Federal Contract Tower,0,5,3,0,8,0,2,19,0,21,0,7,22,0,29,26,0,26,55
12/31/2005,HOB,NM,ASW,CE,Federal Contract Tower,0,2,4,0,6,0,0,10,0,10,0,2,14,0,16,6,0,6,22
01/01/2006,HOB,NM,ASW,CE,Federal Contract Tower,0,1,0,0,1,0,0,5,0,5,0,1,5,0,6,0,0,0,6
01/02/2006,HOB,NM,ASW,CE,Federal Contract Tower,0,3,1,0,4,0,4,21,5,30,0,7,22,5,34,24,6,30,64
01/03/2006,HOB,NM,ASW,CE,Federal Contract Tower,0,5,0,0,5,0,2,4,0,6,0,7,4,0,11,4,0,4,15
01/04/2006,HOB,NM,ASW,CE,Federal Contract Tower,0,5,3,0,8,0,4,14,0,18,0,9,17,0,26,22,0,22,48
01/05/2006,HOB,NM,ASW,CE,Federal Contract Tower,0,5,2,0,7,0,4,10,0,14,0,9,12,0,21,10,0,10,31
01/06/2006,HOB,NM,ASW,CE,Federal Contract Tower,0,5,2,0,7,0,2,7,0,9,0,7,9,0,16,9,0,9,25
01/07/2006,HOB,NM,ASW,CE,Federal Contract Tower,0,2,1,0,3,0,0,6,0,6,0,2,7,0,9,10,0,10,19
01/08/2006,HOB,NM,ASW,CE,Federal Contract Tower,0,4,4,2,10,0,3,6,0,9,0,7,10,2,19,8,0,8,27
01/09/2006,HOB,NM,ASW,CE,Federal Contract Tower,0,5,4,0,9,0,3,13,0,16,0,8,17,0,25,0,0,0,25
01/10/2006,HOB,NM,ASW,CE,Federal Contract Tower,0,4,0,0,4,0,6,19,0,25,0,10,19,0,29,22,0,22,51
01/11/2006,HOB,NM,ASW,CE,Federal Contract Tower,0,5,1,0,6,0,4,24,0,28,0,9,25,0,34,68,0,68,102
01/12/2006,HOB,NM,ASW,CE,Federal Contract Tower,0,5,1,1,7,0,4,21,4,29,0,9,22,5,36,32,0,32,68
01/13/2006,HOB,NM,ASW,CE,Federal Contract Tower,0,3,0,0,3,0,4,27,0,31,0,7,27,0,34,26,0,26,60
01/14/2006,HOB,NM,ASW,CE,Federal Contract Tower,0,2,1,0,3,0,0,4,0,4,0,2,5,0,7,6,0,6,13
01/15/2006,HOB,NM,ASW,CE,Federal Contract Tower,0,1,0,0,1,0,0,5,0,5,0,1,5,0,6,0,0,0,6
01/16/2006,HOB,NM,ASW,CE,Federal Contract Tower,0,5,3,0,8,0,0,2,0,2,0,5,5,0,10,4,0,4,14
01/17/2006,HOB,NM,ASW,CE,Federal Contract Tower,0,5,3,0,8,0,3,9,0,12,0,8,12,0,20,4,0,4,24
01/18/2006,HOB,NM,ASW,CE,Federal Contract Tower,0,5,2,0,7,0,6,16,0,22,0,11,18,0,29,28,0,28,57
01/19/2006,HOB,NM,ASW,CE,Federal Contract Tower,0,5,8,0,13,0,2,24,0,26,0,7,32,0,39,26,0,26,65
01/20/2006,HOB,NM,ASW,CE,Federal Contract Tower,0,5,3,2,10,0,2,10,0,12,0,7,13,2,22,10,2,12,34
01/21/2006,HOB,NM,ASW,CE,Federal Contract Tower,0,1,3,0,4,0,0,12,0,12,0,1,15,0,16,10,0,10,26
01/22/2006,HOB,NM,ASW,CE,Federal Contract Tower,0,1,2,0,3,0,0,15,0,15,0,1,17,0,18,8,0,8,26
01/23/2006,HOB,NM,ASW,CE,Federal Contract Tower,0,4,4,0,8,0,3,7,0,10,0,7,11,0,18,2,0,2,20
01/24/2006,HOB,NM,ASW,CE,Federal Contract Tower,0,4,1,0,5,0,3,12,0,15,0,7,13,0,20,18,0,18,38
01/25/2006,HOB,NM,ASW,CE,Federal Contract Tower,0,4,2,0,6,0,3,18,0,21,0,7,20,0,27,18,0,18,45
01/26/2006,HOB,NM,ASW,CE,Federal Contract Tower,0,6,4,1,11,0,1,14,1,16,0,7,18,2,27,16,0,16,43
01/27/2006,HOB,NM,ASW,CE,Federal Contract Tower,0,5,5,0,10,0,6,12,0,18,0,11,17,0,28,2,0,2,30
01/28/2006,HOB,NM,ASW,CE,Federal Contract Tower,0,2,1,0,3,0,0,5,0,5,0,2,6,0,8,8,0,8,16
01/29/2006,HOB,NM,ASW,CE,Federal Contract Tower,0,1,0,0,1,0,0,6,0,6,0,1,6,0,7,4,0,4,11
01/30/2006,HOB,NM,ASW,CE,Federal Contract Tower,0,3,0,0,3,0,4,17,0,21,0,7,17,0,24,0,0,0,24
01/31/2006,HOB,NM,ASW,CE,Federal Contract Tower,0,4,0,0,4,0,3,9,0,12,0,7,9,0,16,14,0,14,30
02/01/2006,HOB,NM,ASW,CE,Federal Contract Tower,0,3,2,0,5,0,4,11,0,15,0,7,13,0,20,32,0,32,52
02/02/2006,HOB,NM,ASW,CE,Federal Contract Tower,0,3,3,0,6,0,4,7,0,11,0,7,10,0,17,10,0,10,27
02/03/2006,HOB,NM,ASW,CE,Federal Contract Tower,0,4,2,0,6,0,6,18,0,24,0,10,20,0,30,36,0,36,66
02/04/2006,HOB,NM,ASW,CE,Federal Contract Tower,0,2,1,0,3,0,0,10,0,10,0,2,11,0,13,4,0,4,17
02/05/2006,HOB,NM,ASW,CE,Federal Contract Tower,0,1,2,0,3,0,0,3,0,3,0,1,5,0,6,8,0,8,14
02/06/2006,HOB,NM,ASW,CE,Federal Contract Tower,0,5,0,1,6,0,4,7,1,12,0,9,7,2,18,8,2,10,28
02/07/2006,HOB,NM,ASW,CE,Federal Contract Tower,0,3,1,0,4,0,4,10,0,14,0,7,11,0,18,14,0,14,32
02/08/2006,HOB,NM,ASW,CE,Federal Contract Tower,0,5,4,0,9,0,4,16,0,20,0,9,20,0,29,8,0,8,37
02/09/2006,HOB,NM,ASW,CE,Federal Contract Tower,0,3,2,0,5,0,4,8,0,12,0,7,10,0,17,12,0,12,29
02/10/2006,HOB,NM,ASW,CE,Federal Contract Tower,0,5,2,0,7,0,3,4,0,7,0,8,6,0,14,8,0,8,22
02/11/2006,HOB,NM,ASW,CE,Federal Contract Tower,0,2,1,0,3,0,0,11,0,11,0,2,12,0,14,10,0,10,24
02/12/2006,HOB,NM,ASW,CE,Federal Contract Tower,0,2,0,0,2,0,1,6,0,7,0,3,6,0,9,12,0,12,21
02/13/2006,HOB,NM,ASW,CE,Federal Contract Tower,0,5,0,0,5,0,2,9,0,11,0,7,9,0,16,4,0,4,20
02/14/2006,HOB,NM,ASW,CE,Federal Contract Tower,0,5,0,0,5,0,3,12,0,15,0,8,12,0,20,16,0,16,36
02/15/2006,HOB,NM,ASW,CE,Federal Contract Tower,0,4,0,0,4,0,5,13,0,18,0,9,13,0,22,16,0,16,38
02/16/2006,HOB,NM,ASW,CE,Federal Contract Tower,0,5,0,0,5,0,2,10,0,12,0,7,10,0,17,26,0,26,43
02/17/2006,HOB,NM,ASW,CE,Federal Contract Tower,0,10,0,0,10,0,3,4,0,7,0,13,4,0,17,10,0,10,27
02/18/2006,HOB,NM,ASW,CE,Federal Contract Tower,0,2,0,0,2,0,0,4,0,4,0,2,4,0,6,2,0,2,8
02/19/2006,HOB,NM,ASW,CE,Federal Contract Tower,0,1,0,0,1,0,0,4,0,4,0,1,4,0,5,12,0,12,17
02/20/2006,HOB,NM,ASW,CE,Federal Contract Tower,0,3,0,0,3,0,4,5,0,9,0,7,5,0,12,4,0,4,16
02/21/2006,HOB,NM,ASW,CE,Federal Contract Tower,0,4,3,0,7,0,3,6,0,9,0,7,9,0,16,8,0,8,24
02/22/2006,HOB,NM,ASW,CE,Federal Contract Tower,0,3,2,0,5,0,8,11,0,19,0,11,13,0,24,20,0,20,44
02/23/2006,HOB,NM,ASW,CE,Federal Contract Tower,0,6,1,0,7,0,1,9,2,12,0,7,10,2,19,10,0,10,29
02/24/2006,HOB,NM,ASW,CE,Federal Contract Tower,0,13,6,0,19,0,2,16,0,18,0,15,22,0,37,4,0,4,41
02/25/2006,HOB,NM,ASW,CE,Federal Contract Tower,0,2,0,0,2,0,0,5,2,7,0,2,5,2,9,0,0,0,9
02/26/2006,HOB,NM,ASW,CE,Federal Contract Tower,0,2,1,0,3,0,0,3,0,3,0,2,4,0,6,12,0,12,18
02/27/2006,HOB,NM,ASW,CE,Federal Contract Tower,0,4,3,0,7,0,4,6,0,10,0,8,9,0,17,2,0,2,19
02/28/2006,HOB,NM,ASW,CE,Federal Contract Tower,0,3,4,0,7,0,9,21,0,30,0,12,25,0,37,4,0,4,41
03/01/2006,HOB,NM,ASW,CE,Federal Contract Tower,0,4,0,0,4,0,7,21,0,28,0,11,21,0,32,20,0,20,52
03/02/2006,HOB,NM,ASW,CE,Federal Contract Tower,0,4,7,0,11,0,5,22,0,27,0,9,29,0,38,24,0,24,62
03/03/2006,HOB,NM,ASW,CE,Federal Contract Tower,0,6,2,0,8,0,1,20,0,21,0,7,22,0,29,10,0,10,39
03/04/2006,HOB,NM,ASW,CE,Federal Contract Tower,0,4,1,0,5,0,0,5,0,5,0,4,6,0,10,7,0,7,17
03/05/2006,HOB,NM,ASW,CE,Federal Contract Tower,0,1,2,0,3,0,0,9,0,9,0,1,11,0,12,2,0,2,14
03/06/2006,HOB,NM,ASW,CE,Federal Contract Tower,0,5,4,0,9,0,2,8,0,10,0,7,12,0,19,0,0,0,19
03/07/2006,HOB,NM,ASW,CE,Federal Contract Tower,0,7,5,0,12,0,0,8,0,8,0,7,13,0,20,12,0,12,32
03/08/2006,HOB,NM,ASW,CE,Federal Contract Tower,0,8,2,0,10,0,3,7,0,10,0,11,9,0,20,6,0,6,26
03/09/2006,HOB,NM,ASW,CE,Federal Contract Tower,0,5,2,0,7,0,4,8,0,12,0,9,10,0,19,10,0,10,29
03/10/2006,HOB,NM,ASW,CE,Federal Contract Tower,0,5,0,0,5,0,2,8,0,10,0,7,8,0,15,6,0,6,21
03/11/2006,HOB,NM,ASW,CE,Federal Contract Tower,0,2,3,0,5,0,0,7,0,7,0,2,10,0,12,6,0,6,18
03/12/2006,HOB,NM,ASW,CE,Federal Contract Tower,0,2,0,0,2,0,0,5,0,5,0,2,5,0,7,0,0,0,7
03/13/2006,HOB,NM,ASW,CE,Federal Contract Tower,0,5,3,0,8,0,2,6,0,8,0,7,9,0,16,6,0,6,22
03/14/2006,HOB,NM,ASW,CE,Federal Contract Tower,0,5,3,0,8,0,2,8,0,10,0,7,11,0,18,6,0,6,24
03/15/2006,HOB,NM,ASW,CE,Federal Contract Tower,0,4,6,0,10,0,5,10,0,15,0,9,16,0,25,16,0,16,41
03/16/2006,HOB,NM,ASW,CE,Federal Contract Tower,0,6,1,0,7,0,1,22,0,23,0,7,23,0,30,22,0,22,52
03/17/2006,HOB,NM,ASW,CE,Federal Contract Tower,0,6,5,0,11,0,1,7,0,8,0,7,12,0,19,18,0,18,37
03/18/2006,HOB,NM,ASW,CE,Federal Contract Tower,0,3,5,0,8,0,0,0,0,0,0,3,5,0,8,0,0,0,8
03/19/2006,HOB,NM,ASW,CE,Federal Contract Tower,0,2,2,0,4,0,0,0,0,0,0,2,2,0,4,4,0,4,8
03/20/2006,HOB,NM,ASW,CE,Federal Contract Tower,0,4,2,0,6,0,1,4,0,5,0,5,6,0,11,0,0,0,11
03/21/2006,HOB,NM,ASW,CE,Federal Contract Tower,0,5,3,0,8,0,6,11,0,17,0,11,14,0,25,26,0,26,51
03/22/2006,HOB,NM,ASW,CE,Federal Contract Tower,0,9,6,0,15,0,0,7,0,7,0,9,13,0,22,0,0,0,22
03/23/2006,HOB,NM,ASW,CE,Federal Contract Tower,0,7,9,0,16,0,2,8,0,10,0,9,17,0,26,12,0,12,38
03/24/2006,HOB,NM,ASW,CE,Federal Contract Tower,0,5,3,0,8,0,2,30,0,32,0,7,33,0,40,26,0,26,66
03/25/2006,HOB,NM,ASW,CE,Federal Contract Tower,0,2,1,0,3,0,0,10,0,10,0,2,11,0,13,8,0,8,21
03/26/2006,HOB,NM,ASW,CE,Federal Contract Tower,0,1,2,0,3,0,0,3,0,3,0,1,5,0,6,0,0,0,6
03/27/2006,HOB,NM,ASW,CE,Federal Contract Tower,0,5,1,2,8,0,2,3,0,5,0,7,4,2,13,6,0,6,19
03/28/2006,HOB,NM,ASW,CE,Federal Contract Tower,0,7,4,0,11,0,2,8,0,10,0,9,12,0,21,4,0,4,25
03/29/2006,HOB,NM,ASW,CE,Federal Contract Tower,0,6,2,2,10,0,1,7,4,12,0,7,9,6,22,10,4,14,36
03/30/2006,HOB,NM,ASW,CE,Federal Contract Tower,0,6,6,0,12,0,3,17,0,20,0,9,23,0,32,12,0,12,44
03/31/2006,HOB,NM,ASW,CE,Federal Contract Tower,0,4,0,0,4,0,4,21,0,25,0,8,21,0,29,18,0,18,47
04/01/2006,HOB,NM,ASW,CE,Federal Contract Tower,0,2,1,0,3,0,0,10,0,10,0,2,11,0,13,2,0,2,15
04/02/2006,HOB,NM,ASW,CE,Federal Contract Tower,0,1,3,1,5,0,0,16,1,17,0,1,19,2,22,8,24,32,54
04/03/2006,HOB,NM,ASW,CE,Federal Contract Tower,0,3,3,0,6,0,4,8,0,12,0,7,11,0,18,6,0,6,24
04/04/2006,HOB,NM,ASW,CE,Federal Contract Tower,0,8,2,0,10,0,1,11,0,12,0,9,13,0,22,8,0,8,30
04/05/2006,HOB,NM,ASW,CE,Federal Contract Tower,0,7,4,0,11,0,4,13,0,17,0,11,17,0,28,16,0,16,44
04/06/2006,HOB,NM,ASW,CE,Federal Contract Tower,0,4,4,0,8,0,6,10,2,18,0,10,14,2,26,8,0,8,34
04/07/2006,HOB,NM,ASW,CE,Federal Contract Tower,0,6,0,0,6,0,4,10,0,14,0,10,10,0,20,6,0,6,26
04/08/2006,HOB,NM,ASW,CE,Federal Contract Tower,0,4,1,0,5,0,0,16,0,16,0,4,17,0,21,0,0,0,21
04/09/2006,HOB,NM,ASW,CE,Federal Contract Tower,0,1,2,0,3,0,0,14,0,14,0,1,16,0,17,2,0,2,19
04/10/2006,HOB,NM,ASW,CE,Federal Contract Tower,0,6,0,0,6,0,3,4,0,7,0,9,4,0,13,2,0,2,15
04/11/2006,HOB,NM,ASW,CE,Federal Contract Tower,0,5,2,0,7,0,2,7,0,9,0,7,9,0,16,0,0,0,16
04/12/2006,HOB,NM,ASW,CE,Federal Contract Tower,0,5,5,0,10,0,4,18,0,22,0,9,23,0,32,18,0,18,50
04/13/2006,HOB,NM,ASW,CE,Federal Contract Tower,0,5,2,0,7,0,7,20,0,27,0,12,22,0,34,36,0,36,70
04/14/2006,HOB,NM,ASW,CE,Federal Contract Tower,0,5,2,0,7,0,6,9,0,15,0,11,11,0,22,0,0,0,22
04/15/2006,HOB,NM,ASW,CE,Federal Contract Tower,0,1,3,0,4,0,0,7,0,7,0,1,10,0,11,2,0,2,13
04/16/2006,HOB,NM,ASW,CE,Federal Contract Tower,0,1,0,0,1,0,0,8,0,8,0,1,8,0,9,8,0,8,17
04/17/2006,HOB,NM,ASW,CE,Federal Contract Tower,0,5,2,0,7,0,2,9,0,11,0,7,11,0,18,6,0,6,24
04/18/2006,HOB,NM,ASW,CE,Federal Contract Tower,0,5,4,0,9,0,2,9,0,11,0,7,13,0,20,8,0,8,28
04/19/2006,HOB,NM,ASW,CE,Federal Contract Tower,0,6,4,0,10,0,4,16,0,20,0,10,20,0,30,14,0,14,44
04/20/2006,HOB,NM,ASW,CE,Federal Contract Tower,0,7,1,0,8,0,2,7,0,9,0,9,8,0,17,10,0,10,27
04/21/2006,HOB,NM,ASW,CE,Federal Contract Tower,0,9,4,0,13,0,0,18,0,18,0,9,22,0,31,18,0,18,49
04/22/2006,HOB,NM,ASW,CE,Federal Contract Tower,0,1,1,0,2,0,0,8,0,8,0,1,9,0,10,2,0,2,12
04/23/2006,HOB,NM,ASW,CE,Federal Contract Tower,0,1,0,0,1,0,0,2,0,2,0,1,2,0,3,12,0,12,15
04/24/2006,HOB,NM,ASW,CE,Federal Contract Tower,0,6,3,0,9,0,1,6,0,7,0,7,9,0,16,12,0,12,28
04/25/2006,HOB,NM,ASW,CE,Federal Contract Tower,0,9,2,0,11,0,0,6,0,6,0,9,8,0,17,0,0,0,17
04/26/2006,HOB,NM,ASW,CE,Federal Contract Tower,0,6,3,0,9,0,1,10,0,11,0,7,13,0,20,18,0,18,38
04/27/2006,HOB,NM,ASW,CE,Federal Contract Tower,0,6,2,0,8,0,3,15,0,18,0,9,17,0,26,26,0,26,52
04/28/2006,HOB,NM,ASW,CE,Federal Contract Tower,0,5,1,0,6,0,2,15,0,17,0,7,16,0,23,8,0,8,31
04/29/2006,HOB,NM,ASW,CE,Federal Contract Tower,0,2,2,0,4,0,0,6,0,6,0,2,8,0,10,6,0,6,16
04/30/2006,HOB,NM,ASW,CE,Federal Contract Tower,0,1,0,0,1,0,0,10,0,10,0,1,10,0,11,16,0,16,27
05/01/2006,HOB,NM,ASW,CE,Federal Contract Tower,0,5,0,0,5,0,2,6,0,8,0,7,6,0,13,8,0,8,21
05/02/2006,HOB,NM,ASW,CE,Federal Contract Tower,0,5,2,0,7,0,2,6,0,8,0,7,8,0,15,10,0,10,25
05/03/2006,HOB,NM,ASW,CE,Federal Contract Tower,0,4,0,0,4,0,3,14,0,17,0,7,14,0,21,26,0,26,47
05/04/2006,HOB,NM,ASW,CE,Federal Contract Tower,0,6,0,0,6,0,3,18,0,21,0,9,18,0,27,32,0,32,59
05/05/2006,HOB,NM,ASW,CE,Federal Contract Tower,0,6,2,0,8,0,1,1,0,2,0,7,3,0,10,0,0,0,10
05/06/2006,HOB,NM,ASW,CE,Federal Contract Tower,0,2,3,0,5,0,0,12,0,12,0,2,15,0,17,6,0,6,23
05/07/2006,HOB,NM,ASW,CE,Federal Contract Tower,0,1,0,0,1,0,2,9,0,11,0,3,9,0,12,8,0,8,20
05/08/2006,HOB,NM,ASW,CE,Federal Contract Tower,0,3,1,0,4,0,4,10,0,14,0,7,11,0,18,10,0,10,28
05/09/2006,HOB,NM,ASW,CE,Federal Contract Tower,0,6,2,2,10,0,1,10,0,11,0,7,12,2,21,10,16,26,47
05/10/2006,HOB,NM,ASW,CE,Federal Contract Tower,0,8,3,0,11,0,3,8,0,11,0,11,11,0,22,22,0,22,44
05/11/2006,HOB,NM,ASW,CE,Federal Contract Tower,0,7,2,0,9,0,0,11,0,11,0,7,13,0,20,16,0,16,36
05/12/2006,HOB,NM,ASW,CE,Federal Contract Tower,0,5,1,0,6,0,4,11,0,15,0,9,12,0,21,14,0,14,35
05/13/2006,HOB,NM,ASW,CE,Federal Contract Tower,0,1,2,0,3,0,0,16,0,16,0,1,18,0,19,6,0,6,25
05/14/2006,HOB,NM,ASW,CE,Federal Contract Tower,0,1,1,0,2,0,0,6,0,6,0,1,7,0,8,0,0,0,8
05/15/2006,HOB,NM,ASW,CE,Federal Contract Tower,0,7,0,0,7,0,0,2,0,2,0,7,2,0,9,8,0,8,17
05/16/2006,HOB,NM,ASW,CE,Federal Contract Tower,0,4,0,0,4,0,3,8,0,11,0,7,8,0,15,4,0,4,19
05/17/2006,HOB,NM,ASW,CE,Federal Contract Tower,0,6,2,0,8,0,3,12,0,15,0,9,14,0,23,20,0,20,43
05/18/2006,HOB,NM,ASW,CE,Federal Contract Tower,0,6,3,0,9,0,4,17,0,21,0,10,20,0,30,22,0,22,52
05/19/2006,HOB,NM,ASW,CE,Federal Contract Tower,0,4,0,0,4,0,3,13,0,16,0,7,13,0,20,10,0,10,30
05/20/2006,HOB,NM,ASW,CE,Federal Contract Tower,0,1,2,0,3,0,0,8,0,8,0,1,10,0,11,6,0,6,17
05/21/2006,HOB,NM,ASW,CE,Federal Contract Tower,0,1,2,0,3,0,0,10,0,10,0,1,12,0,13,0,0,0,13
05/22/2006,HOB,NM,ASW,CE,Federal Contract Tower,0,5,1,0,6,0,2,9,0,11,0,7,10,0,17,2,0,2,19
05/23/2006,HOB,NM,ASW,CE,Federal Contract Tower,0,9,0,0,9,0,0,23,0,23,0,9,23,0,32,12,0,12,44
05/24/2006,HOB,NM,ASW,CE,Federal Contract Tower,0,4,4,0,8,0,7,14,0,21,0,11,18,0,29,14,0,14,43
05/25/2006,HOB,NM,ASW,CE,Federal Contract Tower,0,6,4,0,10,0,1,13,0,14,0,7,17,0,24,8,0,8,32
05/26/2006,HOB,NM,ASW,CE,Federal Contract Tower,0,5,4,0,9,0,4,11,0,15,0,9,15,0,24,8,0,8,32
05/27/2006,HOB,NM,ASW,CE,Federal Contract Tower,0,0,0,0,0,0,0,5,0,5,0,0,5,0,5,4,0,4,9
05/28/2006,HOB,NM,ASW,CE,Federal Contract Tower,0,1,1,0,2,0,0,8,0,8,0,1,9,0,10,2,0,2,12
05/29/2006,HOB,NM,ASW,CE,Federal Contract Tower,0,3,0,0,3,0,0,8,0,8,0,3,8,0,11,2,0,2,13
05/30/2006,HOB,NM,ASW,CE,Federal Contract Tower,0,5,0,0,5,0,2,12,0,14,0,7,12,0,19,0,0,0,19
05/31/2006,HOB,NM,ASW,CE,Federal Contract Tower,0,11,0,0,11,0,0,15,0,15,0,11,15,0,26,24,0,24,50
06/01/2006,HOB,NM,ASW,CE,Federal Contract Tower,0,7,3,0,10,0,0,9,0,9,0,7,12,0,19,12,0,12,31
06/02/2006,HOB,NM,ASW,CE,Federal Contract Tower,0,6,0,0,6,0,1,18,0,19,0,7,18,0,25,8,0,8,33
06/03/2006,HOB,NM,ASW,CE,Federal Contract Tower,0,0,1,0,1,0,0,9,0,9,0,0,10,0,10,2,0,2,12
06/04/2006,HOB,NM,ASW,CE,Federal Contract Tower,0,0,1,0,1,0,1,6,0,7,0,1,7,0,8,2,0,2,10
06/05/2006,HOB,NM,ASW,CE,Federal Contract Tower,0,5,0,0,5,0,2,10,0,12,0,7,10,0,17,6,0,6,23
06/06/2006,HOB,NM,ASW,CE,Federal Contract Tower,0,5,0,0,5,0,2,9,0,11,0,7,9,0,16,0,0,0,16
06/07/2006,HOB,NM,ASW,CE,Federal Contract Tower,0,5,0,0,5,0,6,9,0,15,0,11,9,0,20,12,0,12,32
06/08/2006,HOB,NM,ASW,CE,Federal Contract Tower,0,7,4,0,11,0,0,11,0,11,0,7,15,0,22,16,0,16,38
06/09/2006,HOB,NM,ASW,CE,Federal Contract Tower,0,7,0,0,7,0,0,12,0,12,0,7,12,0,19,8,0,8,27
06/10/2006,HOB,NM,ASW,CE,Federal Contract Tower,0,0,0,0,0,0,2,27,0,29,0,2,27,0,29,7,0,7,36
06/11/2006,HOB,NM,ASW,CE,Federal Contract Tower,0,1,2,0,3,0,0,8,0,8,0,1,10,0,11,18,0,18,29
06/12/2006,HOB,NM,ASW,CE,Federal Contract Tower,0,5,3,0,8,0,4,14,0,18,0,9,17,0,26,14,0,14,40
06/13/2006,HOB,NM,ASW,CE,Federal Contract Tower,0,6,1,0,7,0,4,13,0,17,0,10,14,0,24,12,0,12,36
06/14/2006,HOB,NM,ASW,CE,Federal Contract Tower,0,4,3,0,7,0,5,20,0,25,0,9,23,0,32,32,0,32,64
06/15/2006,HOB,NM,ASW,CE,Federal Contract Tower,0,6,2,0,8,0,3,2,0,5,0,9,4,0,13,22,0,22,35
06/16/2006,HOB,NM,ASW,CE,Federal Contract Tower,0,7,2,0,9,0,0,6,0,6,0,7,8,0,15,0,0,0,15
06/17/2006,HOB,NM,ASW,CE,Federal Contract Tower,0,1,0,4,5,0,0,14,0,14,0,1,14,4,19,4,0,4,23
06/18/2006,HOB,NM,ASW,CE,Federal Contract Tower,0,1,0,0,1,0,0,7,0,7,0,1,7,0,8,4,0,4,12
06/19/2006,HOB,NM,ASW,CE,Federal Contract Tower,0,5,1,0,6,0,2,6,0,8,0,7,7,0,14,8,0,8,22
06/20/2006,HOB,NM,ASW,CE,Federal Contract Tower,0,7,5,0,12,0,0,8,0,8,0,7,13,0,20,2,0,2,22
06/21/2006,HOB,NM,ASW,CE,Federal Contract Tower,0,6,4,0,10,0,1,22,0,23,0,7,26,0,33,10,0,10,43
06/22/2006,HOB,NM,ASW,CE,Federal Contract Tower,0,9,1,0,10,0,0,10,0,10,0,9,11,0,20,40,0,40,60
06/23/2006,HOB,NM,ASW,CE,Federal Contract Tower,0,7,4,0,11,0,0,13,0,13,0,7,17,0,24,6,0,6,30
06/24/2006,HOB,NM,ASW,CE,Federal Contract Tower,0,1,0,0,1,0,0,61,0,61,0,1,61,0,62,8,0,8,70
06/25/2006,HOB,NM,ASW,CE,Federal Contract Tower,0,1,0,0,1,0,0,13,0,13,0,1,13,0,14,14,0,14,28
06/26/2006,HOB,NM,ASW,CE,Federal Contract Tower,0,7,0,0,7,0,0,3,0,3,0,7,3,0,10,6,0,6,16
06/27/2006,HOB,NM,ASW,CE,Federal Contract Tower,0,7,6,0,13,0,1,4,0,5,0,8,10,0,18,16,0,16,34
06/28/2006,HOB,NM,ASW,CE,Federal Contract Tower,0,8,1,0,9,0,1,11,0,12,0,9,12,0,21,12,0,12,33
06/29/2006,HOB,NM,ASW,CE,Federal Contract Tower,0,6,1,0,7,0,1,4,0,5,0,7,5,0,12,2,0,2,14
06/30/2006,HOB,NM,ASW,CE,Federal Contract Tower,0,6,2,0,8,0,0,14,0,14,0,6,16,0,22,14,0,14,36
07/01/2006,HOB,NM,ASW,CE,Federal Contract Tower,0,0,1,0,1,0,0,12,0,12,0,0,13,0,13,12,0,12,25
07/02/2006,HOB,NM,ASW,CE,Federal Contract Tower,0,1,0,0,1,0,0,8,0,8,0,1,8,0,9,6,0,6,15
07/03/2006,HOB,NM,ASW,CE,Federal Contract Tower,0,4,1,0,5,0,3,15,0,18,0,7,16,0,23,10,0,10,33
07/04/2006,HOB,NM,ASW,CE,Federal Contract Tower,0,4,1,0,5,0,0,13,0,13,0,4,14,0,18,16,0,16,34
07/05/2006,HOB,NM,ASW,CE,Federal Contract Tower,0,7,3,0,10,0,1,1,0,2,0,8,4,0,12,8,0,8,20
07/06/2006,HOB,NM,ASW,CE,Federal Contract Tower,0,8,2,0,10,0,1,10,2,13,0,9,12,2,23,14,0,14,37
07/07/2006,HOB,NM,ASW,CE,Federal Contract Tower,0,8,1,0,9,0,1,9,0,10,0,9,10,0,19,8,0,8,27
07/08/2006,HOB,NM,ASW,CE,Federal Contract Tower,0,0,1,0,1,0,1,7,0,8,0,1,8,0,9,24,0,24,33
07/09/2006,HOB,NM,ASW,CE,Federal Contract Tower,0,2,5,0,7,0,3,6,0,9,0,5,11,0,16,12,0,12,28
07/10/2006,HOB,NM,ASW,CE,Federal Contract Tower,0,5,0,0,5,0,2,8,0,10,0,7,8,0,15,36,0,36,51
07/11/2006,HOB,NM,ASW,CE,Federal Contract Tower,0,5,2,0,7,0,2,0,0,2,0,7,2,0,9,2,0,2,11
07/12/2006,HOB,NM,ASW,CE,Federal Contract Tower,0,7,6,0,13,0,2,6,0,8,0,9,12,0,21,14,0,14,35
07/13/2006,HOB,NM,ASW,CE,Federal Contract Tower,0,5,0,0,5,0,5,0,0,5,0,10,0,0,10,12,0,12,22
07/14/2006,HOB,NM,ASW,CE,Federal Contract Tower,0,5,4,0,9,0,4,12,0,16,0,9,16,0,25,8,0,8,33
07/15/2006,HOB,NM,ASW,CE,Federal Contract Tower,0,0,2,0,2,0,0,4,0,4,0,0,6,0,6,14,0,14,20
07/16/2006,HOB,NM,ASW,CE,Federal Contract Tower,0,1,3,0,4,0,0,10,0,10,0,1,13,0,14,44,0,44,58
07/17/2006,HOB,NM,ASW,CE,Federal Contract Tower,0,5,4,0,9,0,2,5,0,7,0,7,9,0,16,6,0,6,22
07/18/2006,HOB,NM,ASW,CE,Federal Contract Tower,0,6,1,0,7,0,6,9,0,15,0,12,10,0,22,8,0,8,30
07/19/2006,HOB,NM,ASW,CE,Federal Contract Tower,0,5,7,0,12,0,4,8,0,12,0,9,15,0,24,16,0,16,40
07/20/2006,HOB,NM,ASW,CE,Federal Contract Tower,0,5,4,2,11,0,2,9,0,11,0,7,13,2,22,6,20,26,48
07/21/2006,HOB,NM,ASW,CE,Federal Contract Tower,0,4,2,0,6,0,5,6,0,11,0,9,8,0,17,10,0,10,27
07/22/2006,HOB,NM,ASW,CE,Federal Contract Tower,0,0,3,0,3,0,0,9,0,9,0,0,12,0,12,18,0,18,30
07/23/2006,HOB,NM,ASW,CE,Federal Contract Tower,0,1,5,0,6,0,0,8,0,8,0,1,13,0,14,0,0,0,14
07/24/2006,HOB,NM,ASW,CE,Federal Contract Tower,0,5,2,0,7,0,3,7,0,10,0,8,9,0,17,18,0,18,35
07/25/2006,HOB,NM,ASW,CE,Federal Contract Tower,0,5,4,0,9,0,0,0,0,0,0,5,4,0,9,12,0,12,21
07/26/2006,HOB,NM,ASW,CE,Federal Contract Tower,0,6,8,0,14,0,0,1,0,1,0,6,9,0,15,8,0,8,23
07/27/2006,HOB,NM,ASW,CE,Federal Contract Tower,0,5,8,0,13,0,2,8,0,10,0,7,16,0,23,12,0,12,35
07/28/2006,HOB,NM,ASW,CE,Federal Contract Tower,0,5,1,0,6,0,2,9,0,11,0,7,10,0,17,6,0,6,23
07/29/2006,HOB,NM,ASW,CE,Federal Contract Tower,0,1,0,0,1,0,0,9,0,9,0,1,9,0,10,10,0,10,20
07/30/2006,HOB,NM,ASW,CE,Federal Contract Tower,0,1,2,0,3,0,0,8,0,8,0,1,10,0,11,22,0,22,33
07/31/2006,HOB,NM,ASW,CE,Federal Contract Tower,0,6,8,0,14,0,0,2,0,2,0,6,10,0,16,8,0,8,24
08/01/2006,HOB,NM,ASW,CE,Federal Contract Tower,0,6,3,0,9,0,4,2,0,6,0,10,5,0,15,6,0,6,21
08/02/2006,HOB,NM,ASW,CE,Federal Contract Tower,0,7,4,0,11,0,2,0,0,2,0,9,4,0,13,12,0,12,25
08/03/2006,HOB,NM,ASW,CE,Federal Contract Tower,0,7,4,0,11,0,2,0,0,2,0,9,4,0,13,14,0,14,27
08/04/2006,HOB,NM,ASW,CE,Federal Contract Tower,0,5,3,0,8,0,2,5,0,7,0,7,8,0,15,8,0,8,23
08/05/2006,HOB,NM,ASW,CE,Federal Contract Tower,0,1,0,0,1,0,0,1,0,1,0,1,1,0,2,0,0,0,2
08/06/2006,HOB,NM,ASW,CE,Federal Contract Tower,0,1,2,0,3,0,0,8,0,8,0,1,10,0,11,12,0,12,23
08/07/2006,HOB,NM,ASW,CE,Federal Contract Tower,0,5,0,0,5,0,2,4,0,6,0,7,4,0,11,16,0,16,27
08/08/2006,HOB,NM,ASW,CE,Federal Contract Tower,0,4,1,0,5,0,5,1,0,6,0,9,2,0,11,6,0,6,17
08/09/2006,HOB,NM,ASW,CE,Federal Contract Tower,0,5,9,2,16,0,2,18,0,20,0,7,27,2,36,10,0,10,46
08/10/2006,HOB,NM,ASW,CE,Federal Contract Tower,0,7,1,0,8,0,0,10,0,10,0,7,11,0,18,7,0,7,25
08/11/2006,HOB,NM,ASW,CE,Federal Contract Tower,0,5,1,0,6,0,2,22,0,24,0,7,23,0,30,8,0,8,38
08/12/2006,HOB,NM,ASW,CE,Federal Contract Tower,0,0,1,0,1,0,0,11,0,11,0,0,12,0,12,2,0,2,14
08/13/2006,HOB,NM,ASW,CE,Federal Contract Tower,0,1,0,0,1,0,0,9,0,9,0,1,9,0,10,22,0,22,32
08/14/2006,HOB,NM,ASW,CE,Federal Contract Tower,0,7,0,0,7,0,0,2,0,2,0,7,2,0,9,8,0,8,17
08/15/2006,HOB,NM,ASW,CE,Federal Contract Tower,0,7,4,0,11,0,1,0,0,1,0,8,4,0,12,11,0,11,23
08/16/2006,HOB,NM,ASW,CE,Federal Contract Tower,0,8,7,0,15,0,1,7,0,8,0,9,14,0,23,6,0,6,29
08/17/2006,HOB,NM,ASW,CE,Federal Contract Tower,0,5,2,0,7,0,4,7,0,11,0,9,9,0,18,6,0,6,24
08/18/2006,HOB,NM,ASW,CE,Federal Contract Tower,0,4,0,0,4,0,5,16,0,21,0,9,16,0,25,20,0,20,45
08/19/2006,HOB,NM,ASW,CE,Federal Contract Tower,0,0,2,0,2,0,0,13,0,13,0,0,15,0,15,14,0,14,29
08/20/2006,HOB,NM,ASW,CE,Federal Contract Tower,0,1,0,0,1,0,0,9,0,9,0,1,9,0,10,8,0,8,18
08/21/2006,HOB,NM,ASW,CE,Federal Contract Tower,0,4,2,0,6,0,1,9,0,10,0,5,11,0,16,4,0,4,20
08/22/2006,HOB,NM,ASW,CE,Federal Contract Tower,0,7,2,0,9,0,0,6,0,6,0,7,8,0,15,5,0,5,20
08/23/2006,HOB,NM,ASW,CE,Federal Contract Tower,0,5,2,0,7,0,4,6,0,10,0,9,8,0,17,0,0,0,17
08/24/2006,HOB,NM,ASW,CE,Federal Contract Tower,0,4,6,2,12,0,3,6,0,9,0,7,12,2,21,2,12,14,35
08/25/2006,HOB,NM,ASW,CE,Federal Contract Tower,0,2,0,0,2,0,5,10,0,15,0,7,10,0,17,12,0,12,29
08/26/2006,HOB,NM,ASW,CE,Federal Contract Tower,0,2,1,0,3,0,1,7,0,8,0,3,8,0,11,12,0,12,23
08/27/2006,HOB,NM,ASW,CE,Federal Contract Tower,0,1,5,0,6,0,0,14,0,14,0,1,19,0,20,8,0,8,28
08/28/2006,HOB,NM,ASW,CE,Federal Contract Tower,0,11,2,1,14,0,1,3,1,5,0,12,5,2,19,6,12,18,37
08/29/2006,HOB,NM,ASW,CE,Federal Contract Tower,0,14,6,0,20,0,0,14,0,14,0,14,20,0,34,0,0,0,34
08/30/2006,HOB,NM,ASW,CE,Federal Contract Tower,0,3,4,4,11,0,4,20,0,24,0,7,24,4,35,44,16,60,95
08/31/2006,HOB,NM,ASW,CE,Federal Contract Tower,0,6,5,0,11,0,1,4,0,5,0,7,9,0,16,8,0,8,24
09/01/2006,HOB,NM,ASW,CE,Federal Contract Tower,0,4,6,0,10,0,3,9,0,12,0,7,15,0,22,6,0,6,28
09/02/2006,HOB,NM,ASW,CE,Federal Contract Tower,0,1,1,0,2,0,0,1,0,1,0,1,2,0,3,0,0,0,3
09/03/2006,HOB,NM,ASW,CE,Federal Contract Tower,0,1,1,0,2,0,0,0,0,0,0,1,1,0,2,0,0,0,2
09/04/2006,HOB,NM,ASW,CE,Federal Contract Tower,0,2,3,0,5,0,0,0,0,0,0,2,3,0,5,0,0,0,5
09/05/2006,HOB,NM,ASW,CE,Federal Contract Tower,0,5,0,0,5,0,2,6,0,8,0,7,6,0,13,20,0,20,33
09/06/2006,HOB,NM,ASW,CE,Federal Contract Tower,0,5,2,0,7,0,2,17,0,19,0,7,19,0,26,8,0,8,34
09/07/2006,HOB,NM,ASW,CE,Federal Contract Tower,0,4,2,0,6,0,4,20,0,24,0,8,22,0,30,16,0,16,46
09/08/2006,HOB,NM,ASW,CE,Federal Contract Tower,0,5,8,0,13,0,6,19,0,25,0,11,27,0,38,18,0,18,56
09/09/2006,HOB,NM,ASW,CE,Federal Contract Tower,0,1,2,0,3,0,0,20,0,20,0,1,22,0,23,18,0,18,41
09/10/2006,HOB,NM,ASW,CE,Federal Contract Tower,0,1,1,0,2,0,0,7,0,7,0,1,8,0,9,6,0,6,15
09/11/2006,HOB,NM,ASW,CE,Federal Contract Tower,0,5,2,0,7,0,2,3,0,5,0,7,5,0,12,0,0,0,12
09/12/2006,HOB,NM,ASW,CE,Federal Contract Tower,0,6,10,0,16,0,1,3,0,4,0,7,13,0,20,0,0,0,20
09/13/2006,HOB,NM,ASW,CE,Federal Contract Tower,0,3,0,0,3,0,3,4,0,7,0,6,4,0,10,6,0,6,16
09/14/2006,HOB,NM,ASW,CE,Federal Contract Tower,0,6,7,0,13,0,7,5,0,12,0,13,12,0,25,10,0,10,35
09/15/2006,HOB,NM,ASW,CE,Federal Contract Tower,0,4,3,0,7,0,5,18,0,23,0,9,21,0,30,12,0,12,42
09/16/2006,HOB,NM,ASW,CE,Federal Contract Tower,0,0,2,0,2,0,0,8,0,8,0,0,10,0,10,4,0,4,14
09/17/2006,HOB,NM,ASW,CE,Federal Contract Tower,0,2,2,2,6,0,0,7,2,9,0,2,9,4,15,12,0,12,27
09/18/2006,HOB,NM,ASW,CE,Federal Contract Tower,0,2,7,0,9,0,4,10,0,14,0,6,17,0,23,8,0,8,31
09/19/2006,HOB,NM,ASW,CE,Federal Contract Tower,0,4,1,0,5,0,3,9,0,12,0,7,10,0,17,6,0,6,23
09/20/2006,HOB,NM,ASW,CE,Federal Contract Tower,0,5,4,0,9,0,4,16,0,20,0,9,20,0,29,4,0,4,33
09/21/2006,HOB,NM,ASW,CE,Federal Contract Tower,0,4,2,0,6,0,2,3,0,5,0,6,5,0,11,0,0,0,11
09/22/2006,HOB,NM,ASW,CE,Federal Contract Tower,0,2,4,0,6,0,3,11,0,14,0,5,15,0,20,18,0,18,38
09/23/2006,HOB,NM,ASW,CE,Federal Contract Tower,0,1,3,0,4,0,0,19,0,19,0,1,22,0,23,16,0,16,39
09/24/2006,HOB,NM,ASW,CE,Federal Contract Tower,0,1,0,0,1,0,0,6,0,6,0,1,6,0,7,4,0,4,11
09/25/2006,HOB,NM,ASW,CE,Federal Contract Tower,0,4,1,0,5,0,2,9,0,11,0,6,10,0,16,8,0,8,24
09/26/2006,HOB,NM,ASW,CE,Federal Contract Tower,0,4,1,0,5,0,2,4,0,6,0,6,5,0,11,0,0,0,11
09/27/2006,HOB,NM,ASW,CE,Federal Contract Tower,0,5,0,0,5,0,2,11,2,15,0,7,11,2,20,8,0,8,28
09/28/2006,HOB,NM,ASW,CE,Federal Contract Tower,0,7,10,0,17,0,2,13,0,15,0,9,23,0,32,15,0,15,47
09/29/2006,HOB,NM,ASW,CE,Federal Contract Tower,0,5,2,0,7,0,4,12,0,16,0,9,14,0,23,6,0,6,29
09/30/2006,HOB,NM,ASW,CE,Federal Contract Tower,0,1,1,0,2,0,0,10,0,10,0,1,11,0,12,10,0,10,22
10/01/2006,HOB,NM,ASW,CE,Federal Contract Tower,0,1,3,0,4,0,0,12,0,12,0,1,15,0,16,6,0,6,22
10/02/2006,HOB,NM,ASW,CE,Federal Contract Tower,0,5,5,0,10,0,4,10,0,14,0,9,15,0,24,14,0,14,38
10/03/2006,HOB,NM,ASW,CE,Federal Contract Tower,0,5,1,0,6,0,0,20,0,20,0,5,21,0,26,10,0,10,36
10/04/2006,HOB,NM,ASW,CE,Federal Contract Tower,0,4,4,0,8,0,2,11,0,13,0,6,15,0,21,10,0,10,31
10/05/2006,HOB,NM,ASW,CE,Federal Contract Tower,0,3,3,0,6,0,3,16,0,19,0,6,19,0,25,14,0,14,39
10/06/2006,HOB,NM,ASW,CE,Federal Contract Tower,0,5,0,0,5,0,4,9,0,13,0,9,9,0,18,6,0,6,24
10/07/2006,HOB,NM,ASW,CE,Federal Contract Tower,0,1,0,0,1,0,0,9,0,9,0,1,9,0,10,8,0,8,18
10/08/2006,HOB,NM,ASW,CE,Federal Contract Tower,0,1,1,0,2,0,0,11,0,11,0,1,12,0,13,2,0,2,15
10/09/2006,HOB,NM,ASW,CE,Federal Contract Tower,0,7,3,0,10,0,0,6,0,6,0,7,9,0,16,0,0,0,16
10/10/2006,HOB,NM,ASW,CE,Federal Contract Tower,0,4,2,0,6,0,2,0,0,2,0,6,2,0,8,2,0,2,10
10/11/2006,HOB,NM,ASW,CE,Federal Contract Tower,0,4,3,0,7,0,2,6,0,8,0,6,9,0,15,6,0,6,21
10/12/2006,HOB,NM,ASW,CE,Federal Contract Tower,0,5,3,0,8,0,3,11,0,14,0,8,14,0,22,2,0,2,24
10/13/2006,HOB,NM,ASW,CE,Federal Contract Tower,0,5,8,0,13,0,4,19,0,23,0,9,27,0,36,24,0,24,60
10/14/2006,HOB,NM,ASW,CE,Federal Contract Tower,0,1,0,0,1,0,0,1,0,1,0,1,1,0,2,0,0,0,2
10/15/2006,HOB,NM,ASW,CE,Federal Contract Tower,0,1,5,0,6,0,0,4,0,4,0,1,9,0,10,0,0,0,10
10/16/2006,HOB,NM,ASW,CE,Federal Contract Tower,0,5,2,0,7,0,2,8,0,10,0,7,10,0,17,8,0,8,25
10/17/2006,HOB,NM,ASW,CE,Federal Contract Tower,0,6,2,0,8,0,4,7,0,11,0,10,9,0,19,6,0,6,25
10/18/2006,HOB,NM,ASW,CE,Federal Contract Tower,0,7,4,0,11,0,4,5,0,9,0,11,9,0,20,7,0,7,27
10/19/2006,HOB,NM,ASW,CE,Federal Contract Tower,0,4,3,0,7,0,2,2,0,4,0,6,5,0,11,4,0,4,15
10/20/2006,HOB,NM,ASW,CE,Federal Contract Tower,0,5,3,0,8,0,3,14,0,17,0,8,17,0,25,6,0,6,31
10/21/2006,HOB,NM,ASW,CE,Federal Contract Tower,0,0,0,0,0,0,0,8,2,10,0,0,8,2,10,10,0,10,20
10/22/2006,HOB,NM,ASW,CE,Federal Contract Tower,0,1,0,0,1,0,0,3,0,3,0,1,3,0,4,6,0,6,10
10/23/2006,HOB,NM,ASW,CE,Federal Contract Tower,0,5,2,0,7,0,0,6,0,6,0,5,8,0,13,8,0,8,21
10/24/2006,HOB,NM,ASW,CE,Federal Contract Tower,0,5,1,0,6,0,2,3,0,5,0,7,4,0,11,0,0,0,11
10/25/2006,HOB,NM,ASW,CE,Federal Contract Tower,0,5,4,0,9,0,4,10,0,14,0,9,14,0,23,8,0,8,31
10/26/2006,HOB,NM,ASW,CE,Federal Contract Tower,0,5,1,0,6,0,2,6,0,8,0,7,7,0,14,4,0,4,18
10/27/2006,HOB,NM,ASW,CE,Federal Contract Tower,0,6,0,0,6,0,2,7,0,9,0,8,7,0,15,6,0,6,21
10/28/2006,HOB,NM,ASW,CE,Federal Contract Tower,0,1,0,0,1,0,0,15,0,15,0,1,15,0,16,8,0,8,24
10/29/2006,HOB,NM,ASW,CE,Federal Contract Tower,0,1,2,0,3,0,0,15,0,15,0,1,17,0,18,18,0,18,36
10/30/2006,HOB,NM,ASW,CE,Federal Contract Tower,0,4,1,0,5,0,2,14,0,16,0,6,15,0,21,2,0,2,23
10/31/2006,HOB,NM,ASW,CE,Federal Contract Tower,0,1,4,2,7,0,6,5,0,11,0,7,9,2,18,11,13,24,42
11/01/2006,HOB,NM,ASW,CE,Federal Contract Tower,0,4,3,0,7,0,4,0,0,4,0,8,3,0,11,15,0,15,26
11/02/2006,HOB,NM,ASW,CE,Federal Contract Tower,0,3,0,0,3,0,2,12,0,14,0,5,12,0,17,2,0,2,19
11/03/2006,HOB,NM,ASW,CE,Federal Contract Tower,0,5,4,0,9,0,1,6,0,7,0,6,10,0,16,6,0,6,22
11/04/2006,HOB,NM,ASW,CE,Federal Contract Tower,0,1,1,0,2,0,0,16,0,16,0,1,17,0,18,4,0,4,22
11/05/2006,HOB,NM,ASW,CE,Federal Contract Tower,0,3,1,0,4,0,0,7,0,7,0,3,8,0,11,12,0,12,23
11/06/2006,HOB,NM,ASW,CE,Federal Contract Tower,0,4,7,0,11,0,2,13,0,15,0,6,20,0,26,6,0,6,32
11/07/2006,HOB,NM,ASW,CE,Federal Contract Tower,0,5,2,0,7,0,2,11,0,13,0,7,13,0,20,2,0,2,22
11/08/2006,HOB,NM,ASW,CE,Federal Contract Tower,0,5,2,0,7,0,2,8,0,10,0,7,10,0,17,2,0,2,19
11/09/2006,HOB,NM,ASW,CE,Federal Contract Tower,0,5,0,0,5,0,2,12,0,14,0,7,12,0,19,10,0,10,29
11/10/2006,HOB,NM,ASW,CE,Federal Contract Tower,0,7,2,0,9,0,3,19,0,22,0,10,21,0,31,8,0,8,39
11/11/2006,HOB,NM,ASW,CE,Federal Contract Tower,0,0,4,0,4,0,0,13,0,13,0,0,17,0,17,12,0,12,29
11/12/2006,HOB,NM,ASW,CE,Federal Contract Tower,0,1,3,0,4,0,0,16,0,16,0,1,19,0,20,14,0,14,34
11/13/2006,HOB,NM,ASW,CE,Federal Contract Tower,0,5,4,0,9,0,2,16,0,18,0,7,20,0,27,0,0,0,27
11/14/2006,HOB,NM,ASW,CE,Federal Contract Tower,0,4,6,0,10,0,5,11,0,16,0,9,17,0,26,0,0,0,26
11/15/2006,HOB,NM,ASW,CE,Federal Contract Tower,0,5,4,0,9,0,4,11,0,15,0,9,15,0,24,8,0,8,32
11/16/2006,HOB,NM,ASW,CE,Federal Contract Tower,0,5,4,0,9,0,2,14,0,16,0,7,18,0,25,2,0,2,27
11/17/2006,HOB,NM,ASW,CE,Federal Contract Tower,0,5,1,0,6,0,2,26,0,28,0,7,27,0,34,2,0,2,36
11/18/2006,HOB,NM,ASW,CE,Federal Contract Tower,0,2,1,0,3,0,0,17,0,17,0,2,18,0,20,6,0,6,26
11/19/2006,HOB,NM,ASW,CE,Federal Contract Tower,0,1,1,0,2,0,0,7,0,7,0,1,8,0,9,8,0,8,17
11/20/2006,HOB,NM,ASW,CE,Federal Contract Tower,0,6,3,0,9,0,3,20,0,23,0,9,23,0,32,2,0,2,34
11/21/2006,HOB,NM,ASW,CE,Federal Contract Tower,0,5,3,0,8,0,3,8,0,11,0,8,11,0,19,0,0,0,19
11/22/2006,HOB,NM,ASW,CE,Federal Contract Tower,0,5,3,0,8,0,5,18,0,23,0,10,21,0,31,18,0,18,49
11/23/2006,HOB,NM,ASW,CE,Federal Contract Tower,0,3,1,0,4,0,0,10,0,10,0,3,11,0,14,10,0,10,24
11/24/2006,HOB,NM,ASW,CE,Federal Contract Tower,0,5,0,0,5,0,5,12,0,17,0,10,12,0,22,0,0,0,22
11/25/2006,HOB,NM,ASW,CE,Federal Contract Tower,0,2,0,0,2,0,0,16,0,16,0,2,16,0,18,14,0,14,32
11/26/2006,HOB,NM,ASW,CE,Federal Contract Tower,0,0,3,0,3,0,0,9,0,9,0,0,12,0,12,16,0,16,28
11/27/2006,HOB,NM,ASW,CE,Federal Contract Tower,0,3,1,0,4,0,3,13,0,16,0,6,14,0,20,6,0,6,26
11/28/2006,HOB,NM,ASW,CE,Federal Contract Tower,0,5,2,0,7,0,4,13,0,17,0,9,15,0,24,8,0,8,32
11/29/2006,HOB,NM,ASW,CE,Federal Contract Tower,0,6,6,0,12,0,4,21,0,25,0,10,27,0,37,14,0,14,51
11/30/2006,HOB,NM,ASW,CE,Federal Contract Tower,0,4,4,0,8,0,2,6,0,8,0,6,10,0,16,0,0,0,16
12/01/2006,HOB,NM,ASW,CE,Federal Contract Tower,0,4,0,0,4,0,5,11,0,16,0,9,11,0,20,32,0,32,52
12/02/2006,HOB,NM,ASW,CE,Federal Contract Tower,0,2,1,0,3,0,0,11,2,13,0,2,12,2,16,10,0,10,26
12/03/2006,HOB,NM,ASW,CE,Federal Contract Tower,0,1,0,0,1,0,0,11,0,11,0,1,11,0,12,12,0,12,24
12/04/2006,HOB,NM,ASW,CE,Federal Contract Tower,0,2,3,0,5,0,3,15,0,18,0,5,18,0,23,8,0,8,31
12/05/2006,HOB,NM,ASW,CE,Federal Contract Tower,0,4,5,0,9,0,3,12,0,15,0,7,17,0,24,18,0,18,42
12/06/2006,HOB,NM,ASW,CE,Federal Contract Tower,0,6,4,0,10,0,3,25,0,28,0,9,29,0,38,18,0,18,56
12/07/2006,HOB,NM,ASW,CE,Federal Contract Tower,0,4,1,0,5,0,3,16,0,19,0,7,17,0,24,30,0,30,54
12/08/2006,HOB,NM,ASW,CE,Federal Contract Tower,0,7,2,0,9,0,2,16,0,18,0,9,18,0,27,10,0,10,37
12/09/2006,HOB,NM,ASW,CE,Federal Contract Tower,0,1,0,0,1,0,0,14,0,14,0,1,14,0,15,18,0,18,33
12/10/2006,HOB,NM,ASW,CE,Federal Contract Tower,0,1,1,0,2,0,0,11,0,11,0,1,12,0,13,8,0,8,21
12/11/2006,HOB,NM,ASW,CE,Federal Contract Tower,0,3,2,0,5,0,2,4,0,6,0,5,6,0,11,8,0,8,19
12/12/2006,HOB,NM,ASW,CE,Federal Contract Tower,0,3,4,0,7,0,3,32,0,35,0,6,36,0,42,24,0,24,66
12/13/2006,HOB,NM,ASW,CE,Federal Contract Tower,0,7,4,0,11,0,4,31,2,37,0,11,35,2,48,14,18,32,80
12/14/2006,HOB,NM,ASW,CE,Federal Contract Tower,0,3,3,0,6,0,6,21,0,27,0,9,24,0,33,16,0,16,49
12/15/2006,HOB,NM,ASW,CE,Federal Contract Tower,0,3,3,0,6,0,6,23,0,29,0,9,26,0,35,22,0,22,57
12/16/2006,HOB,NM,ASW,CE,Federal Contract Tower,0,2,2,2,6,0,0,19,0,19,0,2,21,2,25,8,0,8,33
12/17/2006,HOB,NM,ASW,CE,Federal Contract Tower,0,1,0,0,1,0,0,10,0,10,0,1,10,0,11,14,0,14,25
12/18/2006,HOB,NM,ASW,CE,Federal Contract Tower,0,5,5,0,10,0,0,0,0,0,0,5,5,0,10,0,0,0,10
12/19/2006,HOB,NM,ASW,CE,Federal Contract Tower,0,6,1,0,7,0,0,0,0,0,0,6,1,0,7,0,0,0,7
12/20/2006,HOB,NM,ASW,CE,Federal Contract Tower,0,6,4,0,10,0,5,8,0,13,0,11,12,0,23,6,0,6,29
12/21/2006,HOB,NM,ASW,CE,Federal Contract Tower,0,5,3,0,8,0,2,27,2,31,0,7,30,2,39,12,10,22,61
12/22/2006,HOB,NM,ASW,CE,Federal Contract Tower,0,4,2,0,6,0,3,19,0,22,0,7,21,0,28,34,0,34,62
12/23/2006,HOB,NM,ASW,CE,Federal Contract Tower,0,2,2,0,4,0,2,0,0,2,0,4,2,0,6,28,0,28,34
12/24/2006,HOB,NM,ASW,CE,Federal Contract Tower,0,1,0,0,1,0,0,3,0,3,0,1,3,0,4,2,0,2,6
12/25/2006,HOB,NM,ASW,CE,Federal Contract Tower,0,3,2,0,5,0,0,3,0,3,0,3,5,0,8,4,0,4,12
12/26/2006,HOB,NM,ASW,CE,Federal Contract Tower,0,4,3,0,7,0,3,18,0,21,0,7,21,0,28,8,0,8,36
12/27/2006,HOB,NM,ASW,CE,Federal Contract Tower,0,3,0,0,3,0,4,23,0,27,0,7,23,0,30,18,0,18,48
12/28/2006,HOB,NM,ASW,CE,Federal Contract Tower,0,5,2,0,7,0,2,12,0,14,0,7,14,0,21,12,0,12,33
12/29/2006,HOB,NM,ASW,CE,Federal Contract Tower,0,5,6,0,11,0,1,0,0,1,0,6,6,0,12,0,0,0,12
12/30/2006,HOB,NM,ASW,CE,Federal Contract Tower,0,3,0,0,3,0,1,3,0,4,0,4,3,0,7,0,0,0,7
12/31/2006,HOB,NM,ASW,CE,Federal Contract Tower,0,1,2,0,3,0,0,13,0,13,0,1,15,0,16,10,0,10,26
01/01/2007,HOB,NM,ASW,CE,Federal Contract Tower,0,3,1,0,4,0,0,11,0,11,0,3,12,0,15,16,0,16,31
01/02/2007,HOB,NM,ASW,CE,Federal Contract Tower,0,3,2,0,5,0,4,15,0,19,0,7,17,0,24,8,0,8,32
01/03/2007,HOB,NM,ASW,CE,Federal Contract Tower,0,3,3,0,6,0,5,5,0,10,0,8,8,0,16,20,0,20,36
01/04/2007,HOB,NM,ASW,CE,Federal Contract Tower,0,3,2,0,5,0,6,16,0,22,0,9,18,0,27,20,0,20,47
01/05/2007,HOB,NM,ASW,CE,Federal Contract Tower,0,3,3,0,6,0,6,19,0,25,0,9,22,0,31,20,0,20,51
01/06/2007,HOB,NM,ASW,CE,Federal Contract Tower,0,4,0,0,4,0,0,20,0,20,0,4,20,0,24,26,0,26,50
01/07/2007,HOB,NM,ASW,CE,Federal Contract Tower,0,2,0,0,2,0,1,8,0,9,0,3,8,0,11,12,0,12,23
01/08/2007,HOB,NM,ASW,CE,Federal Contract Tower,0,5,3,0,8,0,4,12,0,16,0,9,15,0,24,10,0,10,34
01/09/2007,HOB,NM,ASW,CE,Federal Contract Tower,0,4,6,0,10,0,4,9,0,13,0,8,15,0,23,12,0,12,35
01/10/2007,HOB,NM,ASW,CE,Federal Contract Tower,0,3,2,0,5,0,6,18,0,24,0,9,20,0,29,6,0,6,35
01/11/2007,HOB,NM,ASW,CE,Federal Contract Tower,0,4,2,0,6,0,5,23,0,28,0,9,25,0,34,8,0,8,42
01/12/2007,HOB,NM,ASW,CE,Federal Contract Tower,0,4,0,0,4,0,4,10,0,14,0,8,10,0,18,8,0,8,26
01/13/2007,HOB,NM,ASW,CE,Federal Contract Tower,0,1,0,0,1,0,0,0,0,0,0,1,0,0,1,0,0,0,1
01/14/2007,HOB,NM,ASW,CE,Federal Contract Tower,0,5,0,0,5,0,0,0,0,0,0,5,0,0,5,0,0,0,5
01/15/2007,HOB,NM,ASW,CE,Federal Contract Tower,0,3,0,0,3,0,1,15,0,16,0,4,15,0,19,0,0,0,19
01/16/2007,HOB,NM,ASW,CE,Federal Contract Tower,0,5,1,2,8,0,4,5,0,9,0,9,6,2,17,0,0,0,17
01/17/2007,HOB,NM,ASW,CE,Federal Contract Tower,0,4,3,0,7,0,3,1,0,4,0,7,4,0,11,0,0,0,11
01/18/2007,HOB,NM,ASW,CE,Federal Contract Tower,0,6,1,0,7,0,4,4,0,8,0,10,5,0,15,4,0,4,19
01/19/2007,HOB,NM,ASW,CE,Federal Contract Tower,0,0,1,0,1,0,0,0,0,0,0,0,1,0,1,0,0,0,1
01/20/2007,HOB,NM,ASW,CE,Federal Contract Tower,0,0,0,0,0,0,0,1,0,1,0,0,1,0,1,0,0,0,1
01/21/2007,HOB,NM,ASW,CE,Federal Contract Tower,0,1,1,0,2,0,0,5,0,5,0,1,6,0,7,2,0,2,9
01/22/2007,HOB,NM,ASW,CE,Federal Contract Tower,0,5,2,0,7,0,2,6,0,8,0,7,8,0,15,0,0,0,15
01/23/2007,HOB,NM,ASW,CE,Federal Contract Tower,0,3,1,0,4,0,4,1,2,7,0,7,2,2,11,0,0,0,11
01/24/2007,HOB,NM,ASW,CE,Federal Contract Tower,0,3,5,0,8,0,4,18,10,32,0,7,23,10,40,14,0,14,54
01/25/2007,HOB,NM,ASW,CE,Federal Contract Tower,0,6,0,2,8,0,5,28,0,33,0,11,28,2,41,8,12,20,61
01/26/2007,HOB,NM,ASW,CE,Federal Contract Tower,0,4,2,0,6,0,5,18,0,23,0,9,20,0,29,0,0,0,29
01/27/2007,HOB,NM,ASW,CE,Federal Contract Tower,0,1,2,0,3,0,0,12,0,12,0,1,14,0,15,0,0,0,15
01/28/2007,HOB,NM,ASW,CE,Federal Contract Tower,0,3,2,0,5,0,0,10,0,10,0,3,12,0,15,10,0,10,25
01/29/2007,HOB,NM,ASW,CE,Federal Contract Tower,0,5,5,0,10,0,6,14,0,20,0,11,19,0,30,0,0,0,30
01/30/2007,HOB,NM,ASW,CE,Federal Contract Tower,0,5,0,0,5,0,4,6,0,10,0,9,6,0,15,12,0,12,27
01/31/2007,HOB,NM,ASW,CE,Federal Contract Tower,0,5,0,0,5,0,6,3,0,9,0,11,3,0,14,6,0,6,20
02/01/2007,HOB,NM,ASW,CE,Federal Contract Tower,0,7,5,0,12,0,3,3,0,6,0,10,8,0,18,0,0,0,18
02/02/2007,HOB,NM,ASW,CE,Federal Contract Tower,0,6,0,0,6,0,3,14,0,17,0,9,14,0,23,0,0,0,23
02/03/2007,HOB,NM,ASW,CE,Federal Contract Tower,0,2,3,0,5,0,0,15,0,15,0,2,18,0,20,6,0,6,26
02/04/2007,HOB,NM,ASW,CE,Federal Contract Tower,0,2,0,0,2,0,0,16,0,16,0,2,16,0,18,14,0,14,32
02/05/2007,HOB,NM,ASW,CE,Federal Contract Tower,0,5,3,0,8,0,4,14,0,18,0,9,17,0,26,20,0,20,46
02/06/2007,HOB,NM,ASW,CE,Federal Contract Tower,0,2,0,0,2,0,4,13,0,17,0,6,13,0,19,0,0,0,19
02/07/2007,HOB,NM,ASW,CE,Federal Contract Tower,0,2,1,2,5,0,5,19,0,24,0,7,20,2,29,22,4,26,55
02/08/2007,HOB,NM,ASW,CE,Federal Contract Tower,0,7,2,0,9,0,2,10,0,12,0,9,12,0,21,10,0,10,31
02/09/2007,HOB,NM,ASW,CE,Federal Contract Tower,0,4,3,0,7,0,2,4,2,8,0,6,7,2,15,0,0,0,15
02/10/2007,HOB,NM,ASW,CE,Federal Contract Tower,0,0,2,0,2,0,0,2,0,2,0,0,4,0,4,10,0,10,14
02/11/2007,HOB,NM,ASW,CE,Federal Contract Tower,0,1,2,0,3,0,0,7,0,7,0,1,9,0,10,18,0,18,28
02/12/2007,HOB,NM,ASW,CE,Federal Contract Tower,0,2,0,0,2,0,4,8,0,12,0,6,8,0,14,10,0,10,24
02/13/2007,HOB,NM,ASW,CE,Federal Contract Tower,0,7,7,0,14,0,1,8,0,9,0,8,15,0,23,16,0,16,39
02/14/2007,HOB,NM,ASW,CE,Federal Contract Tower,0,7,2,0,9,0,0,2,0,2,0,7,4,0,11,0,0,0,11
02/15/2007,HOB,NM,ASW,CE,Federal Contract Tower,0,6,2,1,9,0,3,5,1,9,0,9,7,2,18,6,0,6,24
02/16/2007,HOB,NM,ASW,CE,Federal Contract Tower,0,5,2,0,7,0,1,32,0,33,0,6,34,0,40,12,0,12,52
02/17/2007,HOB,NM,ASW,CE,Federal Contract Tower,0,0,0,0,0,0,0,23,0,23,0,0,23,0,23,18,0,18,41
02/18/2007,HOB,NM,ASW,CE,Federal Contract Tower,0,1,4,0,5,0,0,9,0,9,0,1,13,0,14,10,0,10,24
02/19/2007,HOB,NM,ASW,CE,Federal Contract Tower,0,4,0,0,4,0,3,12,0,15,0,7,12,0,19,8,0,8,27
02/20/2007,HOB,NM,ASW,CE,Federal Contract Tower,0,4,2,0,6,0,2,8,0,10,0,6,10,0,16,0,0,0,16
02/21/2007,HOB,NM,ASW,CE,Federal Contract Tower,0,2,4,0,6,0,5,30,0,35,0,7,34,0,41,22,0,22,63
02/22/2007,HOB,NM,ASW,CE,Federal Contract Tower,0,4,2,2,8,0,3,30,2,35,0,7,32,4,43,20,0,20,63
02/23/2007,HOB,NM,ASW,CE,Federal Contract Tower,0,5,3,0,8,0,2,9,0,11,0,7,12,0,19,10,0,10,29
02/24/2007,HOB,NM,ASW,CE,Federal Contract Tower,0,0,0,0,0,0,0,4,0,4,0,0,4,0,4,0,0,0,4
02/25/2007,HOB,NM,ASW,CE,Federal Contract Tower,0,1,1,0,2,0,0,7,0,7,0,1,8,0,9,20,0,20,29
02/26/2007,HOB,NM,ASW,CE,Federal Contract Tower,0,2,5,0,7,0,4,23,0,27,0,6,28,0,34,18,0,18,52
02/27/2007,HOB,NM,ASW,CE,Federal Contract Tower,0,2,5,0,7,0,4,16,0,20,0,6,21,0,27,6,0,6,33
02/28/2007,HOB,NM,ASW,CE,Federal Contract Tower,0,2,0,0,2,0,7,0,0,7,0,9,0,0,9,0,0,0,9
03/01/2007,HOB,NM,ASW,CE,Federal Contract Tower,0,3,5,0,8,0,3,29,0,32,0,6,34,0,40,18,0,18,58
03/02/2007,HOB,NM,ASW,CE,Federal Contract Tower,0,3,7,0,10,0,3,14,0,17,0,6,21,0,27,12,0,12,39
03/03/2007,HOB,NM,ASW,CE,Federal Contract Tower,0,0,4,0,4,0,0,24,0,24,0,0,28,0,28,8,0,8,36
03/04/2007,HOB,NM,ASW,CE,Federal Contract Tower,0,3,0,0,3,0,0,6,0,6,0,3,6,0,9,10,0,10,19
03/05/2007,HOB,NM,ASW,CE,Federal Contract Tower,0,5,0,0,5,0,4,22,0,26,0,9,22,0,31,0,0,0,31
03/06/2007,HOB,NM,ASW,CE,Federal Contract Tower,0,3,4,0,7,0,5,19,0,24,0,8,23,0,31,4,0,4,35
03/07/2007,HOB,NM,ASW,CE,Federal Contract Tower,0,2,5,0,7,0,4,14,0,18,0,6,19,0,25,6,0,6,31
03/08/2007,HOB,NM,ASW,CE,Federal Contract Tower,0,6,7,0,13,0,6,28,6,40,0,12,35,6,53,10,0,10,63
03/09/2007,HOB,NM,ASW,CE,Federal Contract Tower,0,3,5,0,8,0,5,9,0,14,0,8,14,0,22,6,0,6,28
03/10/2007,HOB,NM,ASW,CE,Federal Contract Tower,0,0,2,0,2,0,0,10,0,10,0,0,12,0,12,4,0,4,16
03/11/2007,HOB,NM,ASW,CE,Federal Contract Tower,0,1,0,0,1,0,0,10,0,10,0,1,10,0,11,8,0,8,19
03/12/2007,HOB,NM,ASW,CE,Federal Contract Tower,0,6,0,0,6,0,0,11,0,11,0,6,11,0,17,12,0,12,29
03/13/2007,HOB,NM,ASW,CE,Federal Contract Tower,0,3,1,0,4,0,3,19,0,22,0,6,20,0,26,14,0,14,40
03/14/2007,HOB,NM,ASW,CE,Federal Contract Tower,0,3,0,0,3,0,3,32,0,35,0,6,32,0,38,10,0,10,48
03/15/2007,HOB,NM,ASW,CE,Federal Contract Tower,0,3,1,0,4,0,5,37,0,42,0,8,38,0,46,8,0,8,54
03/16/2007,HOB,NM,ASW,CE,Federal Contract Tower,0,6,3,0,9,0,0,21,0,21,0,6,24,0,30,4,0,4,34
03/17/2007,HOB,NM,ASW,CE,Federal Contract Tower,0,0,2,0,2,0,0,20,0,20,0,0,22,0,22,14,0,14,36
03/18/2007,HOB,NM,ASW,CE,Federal Contract Tower,0,1,4,0,5,0,0,15,0,15,0,1,19,0,20,4,0,4,24
03/19/2007,HOB,NM,ASW,CE,Federal Contract Tower,0,2,4,0,6,0,5,30,0,35,0,7,34,0,41,10,0,10,51
03/20/2007,HOB,NM,ASW,CE,Federal Contract Tower,0,7,4,0,11,0,1,14,0,15,0,8,18,0,26,8,0,8,34
03/21/2007,HOB,NM,ASW,CE,Federal Contract Tower,0,7,3,0,10,0,3,26,0,29,0,10,29,0,39,8,0,8,47
03/22/2007,HOB,NM,ASW,CE,Federal Contract Tower,0,9,9,0,18,0,0,17,0,17,0,9,26,0,35,14,0,14,49
03/23/2007,HOB,NM,ASW,CE,Federal Contract Tower,0,6,7,0,13,0,2,21,0,23,0,8,28,0,36,0,0,0,36
03/24/2007,HOB,NM,ASW,CE,Federal Contract Tower,0,1,0,0,1,0,0,22,0,22,0,1,22,0,23,0,0,0,23
03/25/2007,HOB,NM,ASW,CE,Federal Contract Tower,0,1,2,2,5,0,0,11,0,11,0,1,13,2,16,10,0,10,26
03/26/2007,HOB,NM,ASW,CE,Federal Contract Tower,0,3,2,0,5,0,3,17,0,20,0,6,19,0,25,0,0,0,25
03/27/2007,HOB,NM,ASW,CE,Federal Contract Tower,0,3,3,0,6,0,4,23,0,27,0,7,26,0,33,8,0,8,41
03/28/2007,HOB,NM,ASW,CE,Federal Contract Tower,0,3,4,0,7,0,8,14,0,22,0,11,18,0,29,0,0,0,29
03/29/2007,HOB,NM,ASW,CE,Federal Contract Tower,0,2,1,0,3,0,4,32,0,36,0,6,33,0,39,28,0,28,67
03/30/2007,HOB,NM,ASW,CE,Federal Contract Tower,0,7,1,0,8,0,1,16,0,17,0,8,17,0,25,4,0,4,29
03/31/2007,HOB,NM,ASW,CE,Federal Contract Tower,0,0,2,0,2,0,0,24,0,24,0,0,26,0,26,18,0,18,44
04/01/2007,HOB,NM,ASW,CE,Federal Contract Tower,0,3,0,0,3,0,0,10,0,10,0,3,10,0,13,16,0,16,29
04/02/2007,HOB,NM,ASW,CE,Federal Contract Tower,0,4,1,0,5,0,4,24,2,30,0,8,25,2,35,2,0,2,37
04/03/2007,HOB,NM,ASW,CE,Federal Contract Tower,0,3,3,0,6,0,3,16,0,19,0,6,19,0,25,10,0,10,35
04/04/2007,HOB,NM,ASW,CE,Federal Contract Tower,0,2,0,0,2,0,4,25,0,29,0,6,25,0,31,16,0,16,47
04/05/2007,HOB,NM,ASW,CE,Federal Contract Tower,0,11,3,0,14,0,4,24,0,28,0,15,27,0,42,56,0,56,98
04/06/2007,HOB,NM,ASW,CE,Federal Contract Tower,0,10,1,0,11,0,0,11,0,11,0,10,12,0,22,0,0,0,22
04/07/2007,HOB,NM,ASW,CE,Federal Contract Tower,0,1,0,0,1,0,0,0,0,0,0,1,0,0,1,0,0,0,1
04/08/2007,HOB,NM,ASW,CE,Federal Contract Tower,0,1,3,0,4,0,0,12,0,12,0,1,15,0,16,4,0,4,20
04/09/2007,HOB,NM,ASW,CE,Federal Contract Tower,0,6,3,0,9,0,0,16,0,16,0,6,19,0,25,8,0,8,33
04/10/2007,HOB,NM,ASW,CE,Federal Contract Tower,0,2,6,0,8,0,6,22,0,28,0,8,28,0,36,6,0,6,42
04/11/2007,HOB,NM,ASW,CE,Federal Contract Tower,0,4,3,0,7,0,5,33,0,38,0,9,36,0,45,16,0,16,61
04/12/2007,HOB,NM,ASW,CE,Federal Contract Tower,0,3,3,0,6,0,13,25,0,38,0,16,28,0,44,12,0,12,56
04/13/2007,HOB,NM,ASW,CE,Federal Contract Tower,0,4,3,0,7,0,2,11,0,13,0,6,14,0,20,10,0,10,30
04/14/2007,HOB,NM,ASW,CE,Federal Contract Tower,0,0,0,0,0,0,0,16,0,16,0,0,16,0,16,4,0,4,20
04/15/2007,HOB,NM,ASW,CE,Federal Contract Tower,0,1,0,0,1,0,0,15,0,15,0,1,15,0,16,10,0,10,26
04/16/2007,HOB,NM,ASW,CE,Federal Contract Tower,0,1,0,0,1,0,4,22,0,26,0,5,22,0,27,6,0,6,33
04/17/2007,HOB,NM,ASW,CE,Federal Contract Tower,0,2,4,0,6,0,4,28,0,32,0,6,32,0,38,0,0,0,38
04/18/2007,HOB,NM,ASW,CE,Federal Contract Tower,0,2,3,0,5,0,5,22,0,27,0,7,25,0,32,6,0,6,38
04/19/2007,HOB,NM,ASW,CE,Federal Contract Tower,0,2,5,2,9,0,4,33,0,37,0,6,38,2,46,18,6,24,70
04/20/2007,HOB,NM,ASW,CE,Federal Contract Tower,0,2,2,0,4,0,6,27,0,33,0,8,29,0,37,24,0,24,61
04/21/2007,HOB,NM,ASW,CE,Federal Contract Tower,0,0,0,0,0,0,0,2,0,2,0,0,2,0,2,0,0,0,2
04/22/2007,HOB,NM,ASW,CE,Federal Contract Tower,0,1,2,0,3,0,0,11,0,11,0,1,13,0,14,14,0,14,28
04/23/2007,HOB,NM,ASW,CE,Federal Contract Tower,0,2,2,0,4,0,4,22,0,26,0,6,24,0,30,6,0,6,36
04/24/2007,HOB,NM,ASW,CE,Federal Contract Tower,0,2,5,0,7,0,7,16,0,23,0,9,21,0,30,2,0,2,32
04/25/2007,HOB,NM,ASW,CE,Federal Contract Tower,0,2,1,0,3,0,4,34,0,38,0,6,35,0,41,4,0,4,45
04/26/2007,HOB,NM,ASW,CE,Federal Contract Tower,0,2,1,0,3,0,5,30,0,35,0,7,31,0,38,4,0,4,42
04/28/2007,HOB,NM,ASW,CE,Federal Contract Tower,0,0,2,0,2,0,0,16,0,16,0,0,18,0,18,14,0,14,32
04/29/2007,HOB,NM,ASW,CE,Federal Contract Tower,0,3,2,0,5,0,0,6,0,6,0,3,8,0,11,4,0,4,15
04/30/2007,HOB,NM,ASW,CE,Federal Contract Tower,0,2,1,0,3,0,4,15,0,19,0,6,16,0,22,8,0,8,30
05/01/2007,HOB,NM,ASW,CE,Federal Contract Tower,0,4,2,0,6,0,2,18,0,20,0,6,20,0,26,14,0,14,40
05/02/2007,HOB,NM,ASW,CE,Federal Contract Tower,0,6,0,0,6,0,5,9,0,14,0,11,9,0,20,4,0,4,24
05/03/2007,HOB,NM,ASW,CE,Federal Contract Tower,0,4,4,0,8,0,3,24,0,27,0,7,28,0,35,28,0,28,63
05/04/2007,HOB,NM,ASW,CE,Federal Contract Tower,0,5,4,0,9,0,6,22,0,28,0,11,26,0,37,0,0,0,37
05/05/2007,HOB,NM,ASW,CE,Federal Contract Tower,0,0,0,0,0,0,0,18,0,18,0,0,18,0,18,12,0,12,30
05/06/2007,HOB,NM,ASW,CE,Federal Contract Tower,0,1,1,0,2,0,1,17,0,18,0,2,18,0,20,10,0,10,30
05/07/2007,HOB,NM,ASW,CE,Federal Contract Tower,0,3,1,0,4,0,3,20,0,23,0,6,21,0,27,4,0,4,31
05/08/2007,HOB,NM,ASW,CE,Federal Contract Tower,0,4,4,0,8,0,2,11,0,13,0,6,15,0,21,0,0,0,21
05/09/2007,HOB,NM,ASW,CE,Federal Contract Tower,0,7,4,0,11,0,2,3,0,5,0,9,7,0,16,0,0,0,16
05/10/2007,HOB,NM,ASW,CE,Federal Contract Tower,0,2,2,0,4,0,5,21,0,26,0,7,23,0,30,6,0,6,36
05/11/2007,HOB,NM,ASW,CE,Federal Contract Tower,0,4,2,0,6,0,6,17,2,25,0,10,19,2,31,0,0,0,31
05/12/2007,HOB,NM,ASW,CE,Federal Contract Tower,0,0,8,0,8,0,0,14,0,14,0,0,22,0,22,6,0,6,28
05/13/2007,HOB,NM,ASW,CE,Federal Contract Tower,0,2,3,0,5,0,0,16,0,16,0,2,19,0,21,12,0,12,33
05/14/2007,HOB,NM,ASW,CE,Federal Contract Tower,0,3,0,0,3,0,3,24,0,27,0,6,24,0,30,0,0,0,30
05/15/2007,HOB,NM,ASW,CE,Federal Contract Tower,0,3,0,0,3,0,3,21,0,24,0,6,21,0,27,4,0,4,31
05/16/2007,HOB,NM,ASW,CE,Federal Contract Tower,0,8,6,2,16,0,0,6,0,6,0,8,12,2,22,0,4,4,26
05/17/2007,HOB,NM,ASW,CE,Federal Contract Tower,0,6,0,0,6,0,1,2,0,3,0,7,2,0,9,0,0,0,9
05/18/2007,HOB,NM,ASW,CE,Federal Contract Tower,0,6,5,0,11,0,0,0,0,0,0,6,5,0,11,0,0,0,11
05/19/2007,HOB,NM,ASW,CE,Federal Contract Tower,0,1,4,0,5,0,0,7,0,7,0,1,11,0,12,8,0,8,20
05/20/2007,HOB,NM,ASW,CE,Federal Contract Tower,0,1,0,0,1,0,0,19,0,19,0,1,19,0,20,18,0,18,38
05/21/2007,HOB,NM,ASW,CE,Federal Contract Tower,0,5,6,0,11,0,3,17,0,20,0,8,23,0,31,18,0,18,49
05/22/2007,HOB,NM,ASW,CE,Federal Contract Tower,0,3,2,0,5,0,3,19,0,22,0,6,21,0,27,0,0,0,27
05/23/2007,HOB,NM,ASW,CE,Federal Contract Tower,0,3,6,0,9,0,4,25,0,29,0,7,31,0,38,6,0,6,44
05/24/2007,HOB,NM,ASW,CE,Federal Contract Tower,0,4,6,0,10,0,2,18,0,20,0,6,24,0,30,4,0,4,34
05/25/2007,HOB,NM,ASW,CE,Federal Contract Tower,0,5,5,0,10,0,3,23,0,26,0,8,28,0,36,0,0,0,36
05/26/2007,HOB,NM,ASW,CE,Federal Contract Tower,0,0,6,0,6,0,0,2,0,2,0,0,8,0,8,20,0,20,28
05/27/2007,HOB,NM,ASW,CE,Federal Contract Tower,0,1,2,0,3,0,0,7,0,7,0,1,9,0,10,10,0,10,20
05/28/2007,HOB,NM,ASW,CE,Federal Contract Tower,0,2,0,0,2,0,1,25,0,26,0,3,25,0,28,10,0,10,38
05/29/2007,HOB,NM,ASW,CE,Federal Contract Tower,0,6,0,0,6,0,4,16,0,20,0,10,16,0,26,0,0,0,26
05/30/2007,HOB,NM,ASW,CE,Federal Contract Tower,0,2,2,0,4,0,7,6,0,13,0,9,8,0,17,6,0,6,23
05/31/2007,HOB,NM,ASW,CE,Federal Contract Tower,0,5,3,0,8,0,6,16,0,22,0,11,19,0,30,0,0,0,30
06/01/2007,HOB,NM,ASW,CE,Federal Contract Tower,0,7,3,0,10,0,3,20,2,25,0,10,23,2,35,14,0,14,49
06/02/2007,HOB,NM,ASW,CE,Federal Contract Tower,0,0,0,0,0,0,0,9,0,9,0,0,9,0,9,12,0,12,21
06/03/2007,HOB,NM,ASW,CE,Federal Contract Tower,0,2,1,0,3,0,0,15,0,15,0,2,16,0,18,18,0,18,36
06/04/2007,HOB,NM,ASW,CE,Federal Contract Tower,0,2,2,0,4,0,4,23,0,27,0,6,25,0,31,0,0,0,31
06/05/2007,HOB,NM,ASW,CE,Federal Contract Tower,0,2,1,0,3,0,6,10,2,18,0,8,11,2,21,4,0,4,25
06/06/2007,HOB,NM,ASW,CE,Federal Contract Tower,0,3,6,0,9,0,4,12,0,16,0,7,18,0,25,20,0,20,45
06/07/2007,HOB,NM,ASW,CE,Federal Contract Tower,0,2,4,0,6,0,4,19,0,23,0,6,23,0,29,14,0,14,43
06/08/2007,HOB,NM,ASW,CE,Federal Contract Tower,0,2,0,0,2,0,4,14,0,18,0,6,14,0,20,10,0,10,30
06/09/2007,HOB,NM,ASW,CE,Federal Contract Tower,0,0,0,0,0,0,0,24,0,24,0,0,24,0,24,0,0,0,24
06/10/2007,HOB,NM,ASW,CE,Federal Contract Tower,0,1,2,0,3,0,0,7,0,7,0,1,9,0,10,16,0,16,26
06/11/2007,HOB,NM,ASW,CE,Federal Contract Tower,0,3,4,0,7,0,4,16,0,20,0,7,20,0,27,8,0,8,35
06/12/2007,HOB,NM,ASW,CE,Federal Contract Tower,0,3,3,0,6,0,4,19,0,23,0,7,22,0,29,10,0,10,39
06/13/2007,HOB,NM,ASW,CE,Federal Contract Tower,0,2,2,0,4,0,4,19,0,23,0,6,21,0,27,20,0,20,47
06/14/2007,HOB,NM,ASW,CE,Federal Contract Tower,0,2,0,0,2,0,4,23,0,27,0,6,23,0,29,18,0,18,47
06/15/2007,HOB,NM,ASW,CE,Federal Contract Tower,0,4,0,0,4,0,3,19,0,22,0,7,19,0,26,12,0,12,38
06/16/2007,HOB,NM,ASW,CE,Federal Contract Tower,0,0,0,0,0,0,0,15,0,15,0,0,15,0,15,6,0,6,21
06/17/2007,HOB,NM,ASW,CE,Federal Contract Tower,0,3,1,0,4,0,0,7,0,7,0,3,8,0,11,12,0,12,23
06/18/2007,HOB,NM,ASW,CE,Federal Contract Tower,0,4,1,0,5,0,4,15,0,19,0,8,16,0,24,4,0,4,28
06/19/2007,HOB,NM,ASW,CE,Federal Contract Tower,0,2,2,0,4,0,4,23,0,27,0,6,25,0,31,0,0,0,31
06/20/2007,HOB,NM,ASW,CE,Federal Contract Tower,0,2,3,0,5,0,6,22,0,28,0,8,25,0,33,4,0,4,37
06/21/2007,HOB,NM,ASW,CE,Federal Contract Tower,0,1,3,0,4,0,6,20,0,26,0,7,23,0,30,16,0,16,46
06/22/2007,HOB,NM,ASW,CE,Federal Contract Tower,0,3,3,0,6,0,5,16,0,21,0,8,19,0,27,16,0,16,43
06/23/2007,HOB,NM,ASW,CE,Federal Contract Tower,0,0,0,0,0,0,0,75,0,75,0,0,75,0,75,18,0,18,93
06/24/2007,HOB,NM,ASW,CE,Federal Contract Tower,0,1,0,0,1,0,0,22,0,22,0,1,22,0,23,6,0,6,29
06/25/2007,HOB,NM,ASW,CE,Federal Contract Tower,0,3,4,0,7,0,6,15,0,21,0,9,19,0,28,12,0,12,40
06/26/2007,HOB,NM,ASW,CE,Federal Contract Tower,0,4,8,0,12,0,3,19,0,22,0,7,27,0,34,8,0,8,42
06/27/2007,HOB,NM,ASW,CE,Federal Contract Tower,0,2,3,0,5,0,7,41,0,48,0,9,44,0,53,18,0,18,71
06/28/2007,HOB,NM,ASW,CE,Federal Contract Tower,0,4,6,0,10,0,6,19,0,25,0,10,25,0,35,8,0,8,43
06/29/2007,HOB,NM,ASW,CE,Federal Contract Tower,0,3,2,0,5,0,4,22,0,26,0,7,24,0,31,10,0,10,41
06/30/2007,HOB,NM,ASW,CE,Federal Contract Tower,0,0,0,0,0,0,0,16,0,16,0,0,16,0,16,8,0,8,24
07/01/2007,HOB,NM,ASW,CE,Federal Contract Tower,0,1,0,0,1,0,4,16,0,20,0,5,16,0,21,12,0,12,33
07/02/2007,HOB,NM,ASW,CE,Federal Contract Tower,0,1,1,0,2,0,8,25,0,33,0,9,26,0,35,10,0,10,45
07/03/2007,HOB,NM,ASW,CE,Federal Contract Tower,0,0,0,0,0,0,7,31,0,38,0,7,31,0,38,20,0,20,58
07/04/2007,HOB,NM,ASW,CE,Federal Contract Tower,0,0,2,0,2,0,3,36,0,39,0,3,38,0,41,10,0,10,51
07/05/2007,HOB,NM,ASW,CE,Federal Contract Tower,0,2,2,0,4,0,5,10,0,15,0,7,12,0,19,6,0,6,25
07/06/2007,HOB,NM,ASW,CE,Federal Contract Tower,0,7,4,0,11,0,2,17,0,19,0,9,21,0,30,8,0,8,38
07/07/2007,HOB,NM,ASW,CE,Federal Contract Tower,0,0,6,0,6,0,3,19,0,22,0,3,25,0,28,12,0,12,40
07/08/2007,HOB,NM,ASW,CE,Federal Contract Tower,0,0,0,0,0,0,3,15,0,18,0,3,15,0,18,10,0,10,28
07/09/2007,HOB,NM,ASW,CE,Federal Contract Tower,0,4,4,0,8,0,5,26,0,31,0,9,30,0,39,6,0,6,45
07/10/2007,HOB,NM,ASW,CE,Federal Contract Tower,0,0,1,0,1,0,7,25,0,32,0,7,26,0,33,6,0,6,39
07/11/2007,HOB,NM,ASW,CE,Federal Contract Tower,0,7,3,0,10,0,4,30,0,34,0,11,33,0,44,16,0,16,60
07/12/2007,HOB,NM,ASW,CE,Federal Contract Tower,0,3,2,0,5,0,6,23,0,29,0,9,25,0,34,14,0,14,48
07/13/2007,HOB,NM,ASW,CE,Federal Contract Tower,0,0,1,0,1,0,7,19,0,26,0,7,20,0,27,8,0,8,35
07/14/2007,HOB,NM,ASW,CE,Federal Contract Tower,0,4,0,0,4,0,2,14,0,16,0,6,14,0,20,18,0,18,38
07/15/2007,HOB,NM,ASW,CE,Federal Contract Tower,0,0,3,0,3,0,3,35,0,38,0,3,38,0,41,12,0,12,53
07/16/2007,HOB,NM,ASW,CE,Federal Contract Tower,0,0,0,0,0,0,7,24,0,31,0,7,24,0,31,4,0,4,35
07/17/2007,HOB,NM,ASW,CE,Federal Contract Tower,0,0,4,0,4,0,7,36,0,43,0,7,40,0,47,20,0,20,67
07/18/2007,HOB,NM,ASW,CE,Federal Contract Tower,0,0,2,0,2,0,7,36,0,43,0,7,38,0,45,60,0,60,105
07/19/2007,HOB,NM,ASW,CE,Federal Contract Tower,0,0,3,0,3,0,7,59,0,66,0,7,62,0,69,50,0,50,119
07/20/2007,HOB,NM,ASW,CE,Federal Contract Tower,0,5,5,0,10,0,4,31,0,35,0,9,36,0,45,4,0,4,49
07/21/2007,HOB,NM,ASW,CE,Federal Contract Tower,0,2,2,0,4,0,1,20,0,21,0,3,22,0,25,8,0,8,33
07/22/2007,HOB,NM,ASW,CE,Federal Contract Tower,0,3,1,0,4,0,0,24,0,24,0,3,25,0,28,6,0,6,34
07/23/2007,HOB,NM,ASW,CE,Federal Contract Tower,0,0,0,0,0,0,7,20,0,27,0,7,20,0,27,22,0,22,49
07/24/2007,HOB,NM,ASW,CE,Federal Contract Tower,0,1,5,0,6,0,6,16,2,24,0,7,21,2,30,6,14,20,50
07/25/2007,HOB,NM,ASW,CE,Federal Contract Tower,0,2,8,0,10,0,4,44,0,48,0,6,52,0,58,8,0,8,66
07/26/2007,HOB,NM,ASW,CE,Federal Contract Tower,0,3,2,0,5,0,7,22,0,29,0,10,24,0,34,14,0,14,48
07/27/2007,HOB,NM,ASW,CE,Federal Contract Tower,0,3,0,0,3,0,4,22,0,26,0,7,22,0,29,8,0,8,37
07/28/2007,HOB,NM,ASW,CE,Federal Contract Tower,0,0,0,0,0,0,3,11,0,14,0,3,11,0,14,22,0,22,36
07/29/2007,HOB,NM,ASW,CE,Federal Contract Tower,0,0,2,0,2,0,3,23,0,26,0,3,25,0,28,18,0,18,46
07/30/2007,HOB,NM,ASW,CE,Federal Contract Tower,0,2,3,0,5,0,0,25,2,27,0,2,28,2,32,10,0,10,42
07/31/2007,HOB,NM,ASW,CE,Federal Contract Tower,0,3,3,0,6,0,4,16,0,20,0,7,19,0,26,6,0,6,32
08/01/2007,HOB,NM,ASW,CE,Federal Contract Tower,0,6,10,0,16,0,1,13,0,14,0,7,23,0,30,6,0,6,36
08/02/2007,HOB,NM,ASW,CE,Federal Contract Tower,0,9,2,0,11,0,2,20,0,22,0,11,22,0,33,0,0,0,33
08/03/2007,HOB,NM,ASW,CE,Federal Contract Tower,0,11,6,0,17,0,0,21,0,21,0,11,27,0,38,4,0,4,42
08/04/2007,HOB,NM,ASW,CE,Federal Contract Tower,0,4,2,0,6,0,1,10,0,11,0,5,12,0,17,10,0,10,27
08/05/2007,HOB,NM,ASW,CE,Federal Contract Tower,0,0,4,0,4,0,3,13,0,16,0,3,17,0,20,12,0,12,32
08/06/2007,HOB,NM,ASW,CE,Federal Contract Tower,0,0,1,0,1,0,7,27,0,34,0,7,28,0,35,6,0,6,41
08/07/2007,HOB,NM,ASW,CE,Federal Contract Tower,0,3,3,0,6,0,7,25,0,32,0,10,28,0,38,10,0,10,48
08/08/2007,HOB,NM,ASW,CE,Federal Contract Tower,0,0,0,0,0,0,7,18,0,25,0,7,18,0,25,12,0,12,37
08/09/2007,HOB,NM,ASW,CE,Federal Contract Tower,0,0,4,0,4,0,11,28,0,39,0,11,32,0,43,28,0,28,71
08/10/2007,HOB,NM,ASW,CE,Federal Contract Tower,0,0,2,0,2,0,9,12,0,21,0,9,14,0,23,12,0,12,35
08/11/2007,HOB,NM,ASW,CE,Federal Contract Tower,0,2,0,0,2,0,4,21,0,25,0,6,21,0,27,0,0,0,27
08/12/2007,HOB,NM,ASW,CE,Federal Contract Tower,0,2,1,0,3,0,3,23,0,26,0,5,24,0,29,12,0,12,41
08/13/2007,HOB,NM,ASW,CE,Federal Contract Tower,0,0,1,0,1,0,7,33,0,40,0,7,34,0,41,2,0,2,43
08/14/2007,HOB,NM,ASW,CE,Federal Contract Tower,0,0,1,2,3,0,9,15,0,24,0,9,16,2,27,14,0,14,41
08/15/2007,HOB,NM,ASW,CE,Federal Contract Tower,0,0,5,0,5,0,9,24,0,33,0,9,29,0,38,16,0,16,54
08/16/2007,HOB,NM,ASW,CE,Federal Contract Tower,0,0,2,0,2,0,9,31,0,40,0,9,33,0,42,8,0,8,50
08/17/2007,HOB,NM,ASW,CE,Federal Contract Tower,0,0,0,0,0,0,7,18,0,25,0,7,18,0,25,10,0,10,35
08/18/2007,HOB,NM,ASW,CE,Federal Contract Tower,0,0,2,0,2,0,3,10,0,13,0,3,12,0,15,4,0,4,19
08/19/2007,HOB,NM,ASW,CE,Federal Contract Tower,0,0,2,0,2,0,3,21,0,24,0,3,23,0,26,6,0,6,32
08/20/2007,HOB,NM,ASW,CE,Federal Contract Tower,0,0,2,0,2,0,7,24,2,33,0,7,26,2,35,14,0,14,49
08/21/2007,HOB,NM,ASW,CE,Federal Contract Tower,0,0,3,0,3,0,7,31,0,38,0,7,34,0,41,6,0,6,47
08/22/2007,HOB,NM,ASW,CE,Federal Contract Tower,0,0,0,0,0,0,7,24,0,31,0,7,24,0,31,16,0,16,47
08/23/2007,HOB,NM,ASW,CE,Federal Contract Tower,0,0,1,0,1,0,7,21,0,28,0,7,22,0,29,12,0,12,41
08/24/2007,HOB,NM,ASW,CE,Federal Contract Tower,0,0,1,1,2,0,7,24,1,32,0,7,25,2,34,16,2,18,52
08/25/2007,HOB,NM,ASW,CE,Federal Contract Tower,0,0,1,0,1,0,3,22,0,25,0,3,23,0,26,32,0,32,58
08/26/2007,HOB,NM,ASW,CE,Federal Contract Tower,0,0,0,0,0,0,3,22,0,25,0,3,22,0,25,4,0,4,29
08/27/2007,HOB,NM,ASW,CE,Federal Contract Tower,0,2,3,0,5,0,7,34,0,41,0,9,37,0,46,14,0,14,60
08/28/2007,HOB,NM,ASW,CE,Federal Contract Tower,0,2,1,0,3,0,9,27,0,36,0,11,28,0,39,10,0,10,49
08/29/2007,HOB,NM,ASW,CE,Federal Contract Tower,0,0,2,0,2,0,7,19,0,26,0,7,21,0,28,14,0,14,42
08/30/2007,HOB,NM,ASW,CE,Federal Contract Tower,0,1,1,0,2,0,6,22,0,28,0,7,23,0,30,10,0,10,40
08/31/2007,HOB,NM,ASW,CE,Federal Contract Tower,0,0,0,0,0,0,7,29,0,36,0,7,29,0,36,20,0,20,56
09/01/2007,HOB,NM,ASW,CE,Federal Contract Tower,0,1,0,0,1,0,4,18,0,22,0,5,18,0,23,12,0,12,35
09/02/2007,HOB,NM,ASW,CE,Federal Contract Tower,0,0,0,0,0,0,3,21,0,24,0,3,21,0,24,4,0,4,28
09/03/2007,HOB,NM,ASW,CE,Federal Contract Tower,0,0,0,0,0,0,3,11,0,14,0,3,11,0,14,16,0,16,30
09/04/2007,HOB,NM,ASW,CE,Federal Contract Tower,0,3,0,0,3,0,4,19,0,23,0,7,19,0,26,10,0,10,36
09/05/2007,HOB,NM,ASW,CE,Federal Contract Tower,0,1,4,0,5,0,8,24,0,32,0,9,28,0,37,12,0,12,49
09/06/2007,HOB,NM,ASW,CE,Federal Contract Tower,0,1,5,0,6,0,8,33,0,41,0,9,38,0,47,16,0,16,63
09/07/2007,HOB,NM,ASW,CE,Federal Contract Tower,0,2,5,0,7,0,5,22,2,29,0,7,27,2,36,20,0,20,56
09/08/2007,HOB,NM,ASW,CE,Federal Contract Tower,0,3,3,0,6,0,0,6,0,6,0,3,9,0,12,10,0,10,22
09/09/2007,HOB,NM,ASW,CE,Federal Contract Tower,0,1,2,0,3,0,3,15,0,18,0,4,17,0,21,20,0,20,41
09/10/2007,HOB,NM,ASW,CE,Federal Contract Tower,0,5,9,0,14,0,5,13,0,18,0,10,22,0,32,4,0,4,36
09/11/2007,HOB,NM,ASW,CE,Federal Contract Tower,0,8,11,0,19,0,1,14,0,15,0,9,25,0,34,14,0,14,48
09/12/2007,HOB,NM,ASW,CE,Federal Contract Tower,0,1,1,0,2,0,8,22,0,30,0,9,23,0,32,18,0,18,50
09/13/2007,HOB,NM,ASW,CE,Federal Contract Tower,0,2,2,0,4,0,5,25,0,30,0,7,27,0,34,22,0,22,56
09/14/2007,HOB,NM,ASW,CE,Federal Contract Tower,0,2,1,0,3,0,6,19,0,25,0,8,20,0,28,16,0,16,44
09/15/2007,HOB,NM,ASW,CE,Federal Contract Tower,0,1,0,0,1,0,2,13,0,15,0,3,13,0,16,6,0,6,22
09/16/2007,HOB,NM,ASW,CE,Federal Contract Tower,0,1,3,4,8,0,3,16,0,19,0,4,19,4,27,20,0,20,47
09/17/2007,HOB,NM,ASW,CE,Federal Contract Tower,0,3,2,0,5,0,6,16,0,22,0,9,18,0,27,22,0,22,49
09/18/2007,HOB,NM,ASW,CE,Federal Contract Tower,0,4,3,0,7,0,5,20,0,25,0,9,23,0,32,16,0,16,48
09/20/2007,HOB,NM,ASW,CE,Federal Contract Tower,0,3,3,0,6,0,4,19,0,23,0,7,22,0,29,26,0,26,55
09/21/2007,HOB,NM,ASW,CE,Federal Contract Tower,0,2,0,0,2,0,7,26,0,33,0,9,26,0,35,18,0,18,53
09/22/2007,HOB,NM,ASW,CE,Federal Contract Tower,0,2,2,0,4,0,2,23,0,25,0,4,25,0,29,16,0,16,45
09/23/2007,HOB,NM,ASW,CE,Federal Contract Tower,0,0,0,0,0,0,3,18,0,21,0,3,18,0,21,22,0,22,43
09/24/2007,HOB,NM,ASW,CE,Federal Contract Tower,0,1,1,0,2,0,7,23,0,30,0,8,24,0,32,18,0,18,50
09/25/2007,HOB,NM,ASW,CE,Federal Contract Tower,0,0,5,0,5,0,7,19,0,26,0,7,24,0,31,24,0,24,55
09/26/2007,HOB,NM,ASW,CE,Federal Contract Tower,0,1,4,0,5,0,10,15,0,25,0,11,19,0,30,14,0,14,44
09/27/2007,HOB,NM,ASW,CE,Federal Contract Tower,0,0,1,0,1,0,9,20,0,29,0,9,21,0,30,28,0,28,58
09/28/2007,HOB,NM,ASW,CE,Federal Contract Tower,0,1,0,0,1,0,8,20,0,28,0,9,20,0,29,12,0,12,41
09/29/2007,HOB,NM,ASW,CE,Federal Contract Tower,0,0,2,0,2,0,3,10,0,13,0,3,12,0,15,16,0,16,31
09/30/2007,HOB,NM,ASW,CE,Federal Contract Tower,0,2,1,0,3,0,3,15,0,18,0,5,16,0,21,14,0,14,35
10/01/2007,HOB,NM,ASW,CE,Federal Contract Tower,0,1,3,0,4,0,6,28,0,34,0,7,31,0,38,14,0,14,52
10/02/2007,HOB,NM,ASW,CE,Federal Contract Tower,0,0,8,0,8,0,7,24,0,31,0,7,32,0,39,12,0,12,51
10/03/2007,HOB,NM,ASW,CE,Federal Contract Tower,0,0,3,0,3,0,11,24,0,35,0,11,27,0,38,26,0,26,64
10/04/2007,HOB,NM,ASW,CE,Federal Contract Tower,0,0,2,0,2,0,7,20,0,27,0,7,22,0,29,6,0,6,35
10/05/2007,HOB,NM,ASW,CE,Federal Contract Tower,0,1,2,0,3,0,6,28,0,34,0,7,30,0,37,16,0,16,53
10/06/2007,HOB,NM,ASW,CE,Federal Contract Tower,0,0,4,0,4,0,3,15,0,18,0,3,19,0,22,22,0,22,44
10/07/2007,HOB,NM,ASW,CE,Federal Contract Tower,0,0,1,0,1,0,3,20,0,23,0,3,21,0,24,12,0,12,36
10/08/2007,HOB,NM,ASW,CE,Federal Contract Tower,0,0,1,0,1,0,7,24,0,31,0,7,25,0,32,12,0,12,44
10/09/2007,HOB,NM,ASW,CE,Federal Contract Tower,0,0,2,1,3,0,7,20,1,28,0,7,22,2,31,4,12,16,47
10/10/2007,HOB,NM,ASW,CE,Federal Contract Tower,0,1,3,0,4,0,6,21,0,27,0,7,24,0,31,18,0,18,49
10/11/2007,HOB,NM,ASW,CE,Federal Contract Tower,0,0,1,0,1,0,7,21,0,28,0,7,22,0,29,24,0,24,53
10/12/2007,HOB,NM,ASW,CE,Federal Contract Tower,0,2,1,0,3,0,7,16,0,23,0,9,17,0,26,10,0,10,36
10/13/2007,HOB,NM,ASW,CE,Federal Contract Tower,0,3,1,0,4,0,3,14,2,19,0,6,15,2,23,4,0,4,27
10/14/2007,HOB,NM,ASW,CE,Federal Contract Tower,0,0,2,0,2,0,3,16,0,19,0,3,18,0,21,16,0,16,37
10/15/2007,HOB,NM,ASW,CE,Federal Contract Tower,0,0,4,0,4,0,7,23,0,30,0,7,27,0,34,10,0,10,44
10/16/2007,HOB,NM,ASW,CE,Federal Contract Tower,0,1,2,1,4,0,6,18,1,25,0,7,20,2,29,4,8,12,41
10/17/2007,HOB,NM,ASW,CE,Federal Contract Tower,0,0,6,0,6,0,7,12,0,19,0,7,18,0,25,26,0,26,51
10/18/2007,HOB,NM,ASW,CE,Federal Contract Tower,0,0,3,0,3,0,7,19,0,26,0,7,22,0,29,24,0,24,53
10/19/2007,HOB,NM,ASW,CE,Federal Contract Tower,0,0,2,0,2,0,7,17,0,24,0,7,19,0,26,22,0,22,48
10/20/2007,HOB,NM,ASW,CE,Federal Contract Tower,0,0,0,0,0,0,3,11,0,14,0,3,11,0,14,8,0,8,22
10/21/2007,HOB,NM,ASW,CE,Federal Contract Tower,0,0,4,0,4,0,3,22,0,25,0,3,26,0,29,10,0,10,39
10/22/2007,HOB,NM,ASW,CE,Federal Contract Tower,0,1,9,0,10,0,6,18,0,24,0,7,27,0,34,0,0,0,34
10/23/2007,HOB,NM,ASW,CE,Federal Contract Tower,0,1,1,0,2,0,6,28,0,34,0,7,29,0,36,4,0,4,40
10/24/2007,HOB,NM,ASW,CE,Federal Contract Tower,0,0,4,0,4,0,9,24,2,35,0,9,28,2,39,26,0,26,65
10/25/2007,HOB,NM,ASW,CE,Federal Contract Tower,0,0,2,0,2,0,9,42,0,51,0,9,44,0,53,36,0,36,89
10/26/2007,HOB,NM,ASW,CE,Federal Contract Tower,0,0,2,0,2,0,7,22,2,31,0,7,24,2,33,12,0,12,45
10/27/2007,HOB,NM,ASW,CE,Federal Contract Tower,0,4,1,0,5,0,4,27,0,31,0,8,28,0,36,8,0,8,44
10/28/2007,HOB,NM,ASW,CE,Federal Contract Tower,0,0,2,0,2,0,3,19,0,22,0,3,21,0,24,16,0,16,40
10/29/2007,HOB,NM,ASW,CE,Federal Contract Tower,0,0,0,0,0,0,7,24,0,31,0,7,24,0,31,14,0,14,45
10/30/2007,HOB,NM,ASW,CE,Federal Contract Tower,0,0,2,0,2,0,7,26,0,33,0,7,28,0,35,12,0,12,47
10/31/2007,HOB,NM,ASW,CE,Federal Contract Tower,0,0,0,0,0,0,9,22,0,31,0,9,22,0,31,14,0,14,45
11/01/2007,HOB,NM,ASW,CE,Federal Contract Tower,0,0,3,0,3,0,7,30,0,37,0,7,33,0,40,18,0,18,58
11/02/2007,HOB,NM,ASW,CE,Federal Contract Tower,0,2,3,0,5,0,5,22,0,27,0,7,25,0,32,14,0,14,46
11/03/2007,HOB,NM,ASW,CE,Federal Contract Tower,0,0,7,0,7,0,3,11,0,14,0,3,18,0,21,18,0,18,39
11/04/2007,HOB,NM,ASW,CE,Federal Contract Tower,0,2,6,0,8,0,3,14,0,17,0,5,20,0,25,12,0,12,37
11/05/2007,HOB,NM,ASW,CE,Federal Contract Tower,0,3,4,0,7,0,6,26,2,34,0,9,30,2,41,8,0,8,49
11/06/2007,HOB,NM,ASW,CE,Federal Contract Tower,0,2,3,0,5,0,7,25,0,32,0,9,28,0,37,10,0,10,47
11/07/2007,HOB,NM,ASW,CE,Federal Contract Tower,0,0,5,0,5,0,7,19,0,26,0,7,24,0,31,20,0,20,51
11/08/2007,HOB,NM,ASW,CE,Federal Contract Tower,0,1,1,0,2,0,8,24,0,32,0,9,25,0,34,22,0,22,56
11/09/2007,HOB,NM,ASW,CE,Federal Contract Tower,0,1,4,0,5,0,6,24,0,30,0,7,28,0,35,12,0,12,47
11/10/2007,HOB,NM,ASW,CE,Federal Contract Tower,0,0,4,0,4,0,3,14,0,17,0,3,18,0,21,8,0,8,29
11/11/2007,HOB,NM,ASW,CE,Federal Contract Tower,0,1,4,0,5,0,2,19,0,21,0,3,23,0,26,14,0,14,40
11/12/2007,HOB,NM,ASW,CE,Federal Contract Tower,0,0,0,0,0,0,5,24,0,29,0,5,24,0,29,18,0,18,47
11/13/2007,HOB,NM,ASW,CE,Federal Contract Tower,0,1,2,0,3,0,6,19,0,25,0,7,21,0,28,10,0,10,38
11/14/2007,HOB,NM,ASW,CE,Federal Contract Tower,0,2,1,0,3,0,7,22,0,29,0,9,23,0,32,6,0,6,38
11/15/2007,HOB,NM,ASW,CE,Federal Contract Tower,0,1,1,0,2,0,6,23,0,29,0,7,24,0,31,20,0,20,51
11/16/2007,HOB,NM,ASW,CE,Federal Contract Tower,0,3,3,0,6,0,6,23,0,29,0,9,26,0,35,14,0,14,49
11/17/2007,HOB,NM,ASW,CE,Federal Contract Tower,0,0,0,0,0,0,3,16,0,19,0,3,16,0,19,10,0,10,29
11/18/2007,HOB,NM,ASW,CE,Federal Contract Tower,0,0,3,0,3,0,3,16,0,19,0,3,19,0,22,22,0,22,44
11/19/2007,HOB,NM,ASW,CE,Federal Contract Tower,0,0,1,0,1,0,7,26,0,33,0,7,27,0,34,20,0,20,54
11/20/2007,HOB,NM,ASW,CE,Federal Contract Tower,0,1,0,0,1,0,6,26,2,34,0,7,26,2,35,16,0,16,51
11/21/2007,HOB,NM,ASW,CE,Federal Contract Tower,0,0,1,0,1,0,7,17,0,24,0,7,18,0,25,8,0,8,33
11/22/2007,HOB,NM,ASW,CE,Federal Contract Tower,0,0,1,0,1,0,0,0,0,0,0,0,1,0,1,0,0,0,1
11/23/2007,HOB,NM,ASW,CE,Federal Contract Tower,0,6,1,0,7,0,0,10,0,10,0,6,11,0,17,0,0,0,17
11/24/2007,HOB,NM,ASW,CE,Federal Contract Tower,0,2,1,0,3,0,0,0,0,0,0,2,1,0,3,0,0,0,3
11/25/2007,HOB,NM,ASW,CE,Federal Contract Tower,0,3,4,0,7,0,0,13,0,13,0,3,17,0,20,12,0,12,32
11/26/2007,HOB,NM,ASW,CE,Federal Contract Tower,0,0,2,0,2,0,7,22,0,29,0,7,24,0,31,16,0,16,47
11/27/2007,HOB,NM,ASW,CE,Federal Contract Tower,0,0,10,0,10,0,7,29,0,36,0,7,39,0,46,28,0,28,74
11/28/2007,HOB,NM,ASW,CE,Federal Contract Tower,0,1,5,0,6,0,8,20,0,28,0,9,25,0,34,16,0,16,50
11/29/2007,HOB,NM,ASW,CE,Federal Contract Tower,0,0,5,0,5,0,7,23,0,30,0,7,28,0,35,14,0,14,49
11/30/2007,HOB,NM,ASW,CE,Federal Contract Tower,0,4,5,0,9,0,3,21,0,24,0,7,26,0,33,18,0,18,51
12/01/2007,HOB,NM,ASW,CE,Federal Contract Tower,0,3,2,0,5,0,2,11,0,13,0,5,13,0,18,0,0,0,18
12/02/2007,HOB,NM,ASW,CE,Federal Contract Tower,0,0,0,0,0,0,3,15,0,18,0,3,15,0,18,16,0,16,34
12/03/2007,HOB,NM,ASW,CE,Federal Contract Tower,0,0,2,2,4,0,7,26,0,33,0,7,28,2,37,8,10,18,55
12/04/2007,HOB,NM,ASW,CE,Federal Contract Tower,0,0,1,0,1,0,8,26,0,34,0,8,27,0,35,14,0,14,49
12/05/2007,HOB,NM,ASW,CE,Federal Contract Tower,0,0,0,0,0,0,7,16,0,23,0,7,16,0,23,30,0,30,53
12/06/2007,HOB,NM,ASW,CE,Federal Contract Tower,0,0,2,0,2,0,7,23,0,30,0,7,25,0,32,6,0,6,38
12/07/2007,HOB,NM,ASW,CE,Federal Contract Tower,0,0,2,0,2,0,7,21,0,28,0,7,23,0,30,12,0,12,42
12/08/2007,HOB,NM,ASW,CE,Federal Contract Tower,0,2,0,0,2,0,1,28,0,29,0,3,28,0,31,20,0,20,51
12/09/2007,HOB,NM,ASW,CE,Federal Contract Tower,0,4,2,0,6,0,0,1,0,1,0,4,3,0,7,0,0,0,7
12/10/2007,HOB,NM,ASW,CE,Federal Contract Tower,0,8,2,0,10,0,0,0,0,0,0,8,2,0,10,0,0,0,10
12/11/2007,HOB,NM,ASW,CE,Federal Contract Tower,0,1,2,0,3,0,6,20,0,26,0,7,22,0,29,16,0,16,45
12/12/2007,HOB,NM,ASW,CE,Federal Contract Tower,0,1,1,0,2,0,6,15,0,21,0,7,16,0,23,8,0,8,31
12/13/2007,HOB,NM,ASW,CE,Federal Contract Tower,0,3,5,0,8,0,6,24,0,30,0,9,29,0,38,14,0,14,52
12/14/2007,HOB,NM,ASW,CE,Federal Contract Tower,0,3,4,0,7,0,3,15,0,18,0,6,19,0,25,8,0,8,33
12/15/2007,HOB,NM,ASW,CE,Federal Contract Tower,0,3,0,0,3,0,4,9,0,13,0,7,9,0,16,4,0,4,20
12/16/2007,HOB,NM,ASW,CE,Federal Contract Tower,0,1,2,0,3,0,5,14,0,19,0,6,16,0,22,18,0,18,40
12/17/2007,HOB,NM,ASW,CE,Federal Contract Tower,0,1,7,0,8,0,6,17,0,23,0,7,24,0,31,16,0,16,47
12/18/2007,HOB,NM,ASW,CE,Federal Contract Tower,0,0,2,0,2,0,7,18,0,25,0,7,20,0,27,14,0,14,41
12/19/2007,HOB,NM,ASW,CE,Federal Contract Tower,0,0,0,0,0,0,9,13,0,22,0,9,13,0,22,20,0,20,42
12/20/2007,HOB,NM,ASW,CE,Federal Contract Tower,0,4,2,0,6,0,7,23,0,30,0,11,25,0,36,24,0,24,60
12/21/2007,HOB,NM,ASW,CE,Federal Contract Tower,0,1,0,0,1,0,12,20,0,32,0,13,20,0,33,10,0,10,43
12/22/2007,HOB,NM,ASW,CE,Federal Contract Tower,0,1,5,0,6,0,3,4,0,7,0,4,9,0,13,0,0,0,13
12/23/2007,HOB,NM,ASW,CE,Federal Contract Tower,0,2,4,0,6,0,3,14,0,17,0,5,18,0,23,14,0,14,37
12/24/2007,HOB,NM,ASW,CE,Federal Contract Tower,0,0,0,0,0,0,8,12,0,20,0,8,12,0,20,10,0,10,30
12/25/2007,HOB,NM,ASW,CE,Federal Contract Tower,0,0,2,0,2,0,3,2,0,5,0,3,4,0,7,0,0,0,7
12/26/2007,HOB,NM,ASW,CE,Federal Contract Tower,0,2,1,0,3,0,7,6,0,13,0,9,7,0,16,10,0,10,26
12/27/2007,HOB,NM,ASW,CE,Federal Contract Tower,0,0,0,0,0,0,7,18,0,25,0,7,18,0,25,12,0,12,37
12/28/2007,HOB,NM,ASW,CE,Federal Contract Tower,0,0,3,2,5,0,7,13,0,20,0,7,16,2,25,24,10,34,59
12/29/2007,HOB,NM,ASW,CE,Federal Contract Tower,0,0,3,0,3,0,5,14,0,19,0,5,17,0,22,6,0,6,28
12/30/2007,HOB,NM,ASW,CE,Federal Contract Tower,0,2,0,0,2,0,3,8,0,11,0,5,8,0,13,10,0,10,23
12/31/2007,HOB,NM,ASW,CE,Federal Contract Tower,0,0,0,0,0,0,7,24,0,31,0,7,24,0,31,16,0,16,47
01/01/2008,HOB,NM,ASW,CE,Federal Contract Tower,0,0,0,0,0,0,3,14,0,17,0,3,14,0,17,4,0,4,21
01/02/2008,HOB,NM,ASW,CE,Federal Contract Tower,0,0,0,0,0,0,8,16,0,24,0,8,16,0,24,18,0,18,42
01/03/2008,HOB,NM,ASW,CE,Federal Contract Tower,0,0,2,0,2,0,5,23,0,28,0,5,25,0,30,0,0,0,30
01/04/2008,HOB,NM,ASW,CE,Federal Contract Tower,0,1,3,0,4,0,8,23,0,31,0,9,26,0,35,10,0,10,45
01/05/2008,HOB,NM,ASW,CE,Federal Contract Tower,0,1,0,0,1,0,2,18,0,20,0,3,18,0,21,8,0,8,29
01/06/2008,HOB,NM,ASW,CE,Federal Contract Tower,0,0,0,0,0,0,2,15,0,17,0,2,15,0,17,8,0,8,25
01/07/2008,HOB,NM,ASW,CE,Federal Contract Tower,0,1,0,0,1,0,5,21,0,26,0,6,21,0,27,10,0,10,37
01/08/2008,HOB,NM,ASW,CE,Federal Contract Tower,0,1,2,0,3,0,7,16,0,23,0,8,18,0,26,12,0,12,38
01/09/2008,HOB,NM,ASW,CE,Federal Contract Tower,0,0,1,0,1,0,8,17,20,45,0,8,18,20,46,22,0,22,68
01/10/2008,HOB,NM,ASW,CE,Federal Contract Tower,0,0,1,0,1,0,6,21,0,27,0,6,22,0,28,28,0,28,56
01/11/2008,HOB,NM,ASW,CE,Federal Contract Tower,0,0,1,0,1,0,6,26,2,34,0,6,27,2,35,0,0,0,35
01/12/2008,HOB,NM,ASW,CE,Federal Contract Tower,0,0,0,0,0,0,2,27,0,29,0,2,27,0,29,18,0,18,47
01/13/2008,HOB,NM,ASW,CE,Federal Contract Tower,0,2,1,0,3,0,2,15,0,17,0,4,16,0,20,12,0,12,32
01/14/2008,HOB,NM,ASW,CE,Federal Contract Tower,0,2,3,0,5,0,6,28,0,34,0,8,31,0,39,10,0,10,49
01/15/2008,HOB,NM,ASW,CE,Federal Contract Tower,0,0,5,0,5,0,7,19,2,28,0,7,24,2,33,0,0,0,33
01/16/2008,HOB,NM,ASW,CE,Federal Contract Tower,0,1,3,0,4,0,5,10,0,15,0,6,13,0,19,14,0,14,33
01/17/2008,HOB,NM,ASW,CE,Federal Contract Tower,0,1,5,0,6,0,7,23,0,30,0,8,28,0,36,26,0,26,62
01/18/2008,HOB,NM,ASW,CE,Federal Contract Tower,0,6,7,0,13,0,2,22,4,28,0,8,29,4,41,18,0,18,59
01/19/2008,HOB,NM,ASW,CE,Federal Contract Tower,0,0,0,0,0,0,2,12,0,14,0,2,12,0,14,4,0,4,18
01/20/2008,HOB,NM,ASW,CE,Federal Contract Tower,0,0,0,0,0,0,2,14,0,16,0,2,14,0,16,10,0,10,26
01/21/2008,HOB,NM,ASW,CE,Federal Contract Tower,0,0,2,0,2,0,5,15,0,20,0,5,17,0,22,0,0,0,22
01/22/2008,HOB,NM,ASW,CE,Federal Contract Tower,0,5,15,0,20,0,3,10,0,13,0,8,25,0,33,0,0,0,33
01/23/2008,HOB,NM,ASW,CE,Federal Contract Tower,0,0,5,0,5,0,6,15,0,21,0,6,20,0,26,14,0,14,40
01/24/2008,HOB,NM,ASW,CE,Federal Contract Tower,0,1,1,0,2,0,4,0,0,4,0,5,1,0,6,0,0,0,6
01/25/2008,HOB,NM,ASW,CE,Federal Contract Tower,0,2,2,0,4,0,6,11,0,17,0,8,13,0,21,20,0,20,41
01/26/2008,HOB,NM,ASW,CE,Federal Contract Tower,0,0,0,0,0,0,2,15,0,17,0,2,15,0,17,14,0,14,31
01/27/2008,HOB,NM,ASW,CE,Federal Contract Tower,0,0,0,0,0,0,2,9,0,11,0,2,9,0,11,28,0,28,39
01/28/2008,HOB,NM,ASW,CE,Federal Contract Tower,0,0,4,0,4,0,6,19,0,25,0,6,23,0,29,12,0,12,41
01/29/2008,HOB,NM,ASW,CE,Federal Contract Tower,0,1,1,2,4,0,5,13,0,18,0,6,14,2,22,0,2,2,24
01/30/2008,HOB,NM,ASW,CE,Federal Contract Tower,0,0,1,0,1,0,7,10,2,19,0,7,11,2,20,0,0,0,20
01/31/2008,HOB,NM,ASW,CE,Federal Contract Tower,0,0,1,0,1,0,5,6,0,11,0,5,7,0,12,4,0,4,16
02/01/2008,HOB,NM,ASW,CE,Federal Contract Tower,0,0,2,0,2,0,6,21,0,27,0,6,23,0,29,18,0,18,47
02/02/2008,HOB,NM,ASW,CE,Federal Contract Tower,0,0,1,0,1,0,2,8,0,10,0,2,9,0,11,12,0,12,23
02/03/2008,HOB,NM,ASW,CE,Federal Contract Tower,0,0,1,0,1,0,2,10,0,12,0,2,11,0,13,20,0,20,33
02/04/2008,HOB,NM,ASW,CE,Federal Contract Tower,0,0,3,0,3,0,6,22,0,28,0,6,25,0,31,10,0,10,41
02/05/2008,HOB,NM,ASW,CE,Federal Contract Tower,0,1,3,0,4,0,7,23,0,30,0,8,26,0,34,12,0,12,46
02/06/2008,HOB,NM,ASW,CE,Federal Contract Tower,0,0,5,0,5,0,6,24,0,30,0,6,29,0,35,10,0,10,45
02/07/2008,HOB,NM,ASW,CE,Federal Contract Tower,0,0,5,0,5,0,8,40,0,48,0,8,45,0,53,32,0,32,85
02/08/2008,HOB,NM,ASW,CE,Federal Contract Tower,0,1,1,0,2,0,7,23,0,30,0,8,24,0,32,12,0,12,44
02/09/2008,HOB,NM,ASW,CE,Federal Contract Tower,0,0,0,0,0,0,2,25,0,27,0,2,25,0,27,22,0,22,49
02/10/2008,HOB,NM,ASW,CE,Federal Contract Tower,0,0,5,0,5,0,2,11,0,13,0,2,16,0,18,44,0,44,62
02/11/2008,HOB,NM,ASW,CE,Federal Contract Tower,0,1,2,0,3,0,7,22,0,29,0,8,24,0,32,26,0,26,58
02/12/2008,HOB,NM,ASW,CE,Federal Contract Tower,0,1,1,0,2,0,5,30,0,35,0,6,31,0,37,10,0,10,47
02/13/2008,HOB,NM,ASW,CE,Federal Contract Tower,0,2,2,0,4,0,9,46,0,55,0,11,48,0,59,16,0,16,75
02/14/2008,HOB,NM,ASW,CE,Federal Contract Tower,0,1,3,0,4,0,10,25,0,35,0,11,28,0,39,18,2,20,59
02/15/2008,HOB,NM,ASW,CE,Federal Contract Tower,0,5,0,0,5,0,1,12,0,13,0,6,12,0,18,14,0,14,32
02/16/2008,HOB,NM,ASW,CE,Federal Contract Tower,0,0,2,0,2,0,2,1,0,3,0,2,3,0,5,0,0,0,5
02/17/2008,HOB,NM,ASW,CE,Federal Contract Tower,0,2,3,0,5,0,4,15,0,19,0,6,18,0,24,22,0,22,46
02/18/2008,HOB,NM,ASW,CE,Federal Contract Tower,0,0,2,0,2,0,8,25,0,33,0,8,27,0,35,26,0,26,61
02/19/2008,HOB,NM,ASW,CE,Federal Contract Tower,0,0,2,0,2,0,11,21,0,32,0,11,23,0,34,20,0,20,54
02/20/2008,HOB,NM,ASW,CE,Federal Contract Tower,0,0,4,0,4,0,13,32,0,45,0,13,36,0,49,10,0,10,59
02/21/2008,HOB,NM,ASW,CE,Federal Contract Tower,0,1,5,0,6,0,8,14,0,22,0,9,19,0,28,16,0,16,44
02/22/2008,HOB,NM,ASW,CE,Federal Contract Tower,0,1,8,0,9,0,8,16,0,24,0,9,24,0,33,22,0,22,55
02/23/2008,HOB,NM,ASW,CE,Federal Contract Tower,0,0,4,0,4,0,4,9,0,13,0,4,13,0,17,0,0,0,17
02/24/2008,HOB,NM,ASW,CE,Federal Contract Tower,0,2,2,0,4,0,4,22,0,26,0,6,24,0,30,10,0,10,40
02/25/2008,HOB,NM,ASW,CE,Federal Contract Tower,0,1,3,0,4,0,3,5,0,8,0,4,8,0,12,18,0,18,30
02/26/2008,HOB,NM,ASW,CE,Federal Contract Tower,0,0,2,0,2,0,8,19,0,27,0,8,21,0,29,22,0,22,51
02/27/2008,HOB,NM,ASW,CE,Federal Contract Tower,0,0,2,0,2,0,8,21,0,29,0,8,23,0,31,10,0,10,41
02/28/2008,HOB,NM,ASW,CE,Federal Contract Tower,0,0,2,0,2,0,8,25,0,33,0,8,27,0,35,20,0,20,55
02/29/2008,HOB,NM,ASW,CE,Federal Contract Tower,0,0,4,0,4,0,8,20,0,28,0,8,24,0,32,18,0,18,50
03/01/2008,HOB,NM,ASW,CE,Federal Contract Tower,0,0,0,0,0,0,2,23,0,25,0,2,23,0,25,0,0,0,25
03/02/2008,HOB,NM,ASW,CE,Federal Contract Tower,0,2,1,0,3,0,4,16,0,20,0,6,17,0,23,10,0,10,33
03/03/2008,HOB,NM,ASW,CE,Federal Contract Tower,0,3,1,0,4,0,6,27,0,33,0,9,28,0,37,12,0,12,49
03/04/2008,HOB,NM,ASW,CE,Federal Contract Tower,0,0,2,0,2,0,8,36,0,44,0,8,38,0,46,6,0,6,52
03/05/2008,HOB,NM,ASW,CE,Federal Contract Tower,0,1,0,0,1,0,10,37,0,47,0,11,37,0,48,6,0,6,54
03/06/2008,HOB,NM,ASW,CE,Federal Contract Tower,0,8,1,0,9,0,5,14,0,19,0,13,15,0,28,0,0,0,28
03/07/2008,HOB,NM,ASW,CE,Federal Contract Tower,0,2,4,0,6,0,6,28,0,34,0,8,32,0,40,12,0,12,52
03/08/2008,HOB,NM,ASW,CE,Federal Contract Tower,0,0,0,0,0,0,2,11,0,13,0,2,11,0,13,4,0,4,17
03/09/2008,HOB,NM,ASW,CE,Federal Contract Tower,0,0,0,0,0,0,3,22,0,25,0,3,22,0,25,12,0,12,37
03/10/2008,HOB,NM,ASW,CE,Federal Contract Tower,0,1,2,0,3,0,7,25,0,32,0,8,27,0,35,10,0,10,45
03/11/2008,HOB,NM,ASW,CE,Federal Contract Tower,0,1,1,0,2,0,7,24,0,31,0,8,25,0,33,12,0,12,45
03/12/2008,HOB,NM,ASW,CE,Federal Contract Tower,0,1,0,0,1,0,8,23,0,31,0,9,23,0,32,18,0,18,50
03/13/2008,HOB,NM,ASW,CE,Federal Contract Tower,0,6,3,0,9,0,8,28,0,36,0,14,31,0,45,0,0,0,45
03/14/2008,HOB,NM,ASW,CE,Federal Contract Tower,0,2,7,0,9,0,8,1,0,9,0,10,8,0,18,0,0,0,18
03/15/2008,HOB,NM,ASW,CE,Federal Contract Tower,0,0,6,0,6,0,4,22,0,26,0,4,28,0,32,6,0,6,38
03/16/2008,HOB,NM,ASW,CE,Federal Contract Tower,0,0,2,0,2,0,4,13,0,17,0,4,15,0,19,18,0,18,37
03/17/2008,HOB,NM,ASW,CE,Federal Contract Tower,0,1,2,4,7,0,7,22,0,29,0,8,24,4,36,14,0,14,50
03/18/2008,HOB,NM,ASW,CE,Federal Contract Tower,0,5,1,0,6,0,3,19,0,22,0,8,20,0,28,8,0,8,36
03/19/2008,HOB,NM,ASW,CE,Federal Contract Tower,0,1,3,0,4,0,8,21,0,29,0,9,24,0,33,6,0,6,39
03/20/2008,HOB,NM,ASW,CE,Federal Contract Tower,0,1,2,0,3,0,8,21,0,29,0,9,23,0,32,28,0,28,60
03/21/2008,HOB,NM,ASW,CE,Federal Contract Tower,0,2,1,0,3,0,6,15,0,21,0,8,16,0,24,30,0,30,54
03/22/2008,HOB,NM,ASW,CE,Federal Contract Tower,0,0,0,0,0,0,4,24,0,28,0,4,24,0,28,16,0,16,44
03/23/2008,HOB,NM,ASW,CE,Federal Contract Tower,0,4,0,0,4,0,0,15,0,15,0,4,15,0,19,12,0,12,31
03/24/2008,HOB,NM,ASW,CE,Federal Contract Tower,0,1,1,0,2,0,7,17,0,24,0,8,18,0,26,26,0,26,52
03/25/2008,HOB,NM,ASW,CE,Federal Contract Tower,0,1,4,0,5,0,9,18,0,27,0,10,22,0,32,10,0,10,42
03/26/2008,HOB,NM,ASW,CE,Federal Contract Tower,0,1,1,0,2,0,9,20,0,29,0,10,21,0,31,8,0,8,39
03/27/2008,HOB,NM,ASW,CE,Federal Contract Tower,0,1,8,0,9,0,8,19,0,27,0,9,27,0,36,6,0,6,42
03/28/2008,HOB,NM,ASW,CE,Federal Contract Tower,0,4,3,0,7,0,3,29,0,32,0,7,32,0,39,16,0,16,55
03/29/2008,HOB,NM,ASW,CE,Federal Contract Tower,0,0,3,0,3,0,4,12,0,16,0,4,15,0,19,8,0,8,27
03/30/2008,HOB,NM,ASW,CE,Federal Contract Tower,0,0,4,0,4,0,4,20,0,24,0,4,24,0,28,12,0,12,40
03/31/2008,HOB,NM,ASW,CE,Federal Contract Tower,0,0,2,0,2,0,8,17,0,25,0,8,19,0,27,20,0,20,47
04/01/2008,HOB,NM,ASW,CE,Federal Contract Tower,0,0,0,0,0,0,10,25,0,35,0,10,25,0,35,10,0,10,45
04/02/2008,HOB,NM,ASW,CE,Federal Contract Tower,0,0,3,0,3,0,8,14,0,22,0,8,17,0,25,8,0,8,33
04/03/2008,HOB,NM,ASW,CE,Federal Contract Tower,0,0,2,0,2,0,8,17,0,25,0,8,19,0,27,0,0,0,27
04/04/2008,HOB,NM,ASW,CE,Federal Contract Tower,0,0,5,0,5,0,9,23,2,34,0,9,28,2,39,16,0,16,55
04/05/2008,HOB,NM,ASW,CE,Federal Contract Tower,0,0,1,0,1,0,2,16,0,18,0,2,17,0,19,12,0,12,31
04/06/2008,HOB,NM,ASW,CE,Federal Contract Tower,0,0,2,0,2,0,2,19,0,21,0,2,21,0,23,14,0,14,37
04/07/2008,HOB,NM,ASW,CE,Federal Contract Tower,0,0,2,1,3,0,6,25,1,32,0,6,27,2,35,10,2,12,47
04/08/2008,HOB,NM,ASW,CE,Federal Contract Tower,0,0,4,0,4,0,8,26,0,34,0,8,30,0,38,6,0,6,44
04/09/2008,HOB,NM,ASW,CE,Federal Contract Tower,0,5,5,0,10,0,5,13,0,18,0,10,18,0,28,0,0,0,28
04/10/2008,HOB,NM,ASW,CE,Federal Contract Tower,0,1,5,0,6,0,10,22,0,32,0,11,27,0,38,0,0,0,38
04/11/2008,HOB,NM,ASW,CE,Federal Contract Tower,0,0,7,0,7,0,8,25,0,33,0,8,32,0,40,12,0,12,52
04/12/2008,HOB,NM,ASW,CE,Federal Contract Tower,0,0,0,0,0,0,4,33,0,37,0,4,33,0,37,8,0,8,45
04/13/2008,HOB,NM,ASW,CE,Federal Contract Tower,0,0,2,0,2,0,4,17,0,21,0,4,19,0,23,6,0,6,29
04/14/2008,HOB,NM,ASW,CE,Federal Contract Tower,0,0,0,0,0,0,8,31,0,39,0,8,31,0,39,14,0,14,53
04/15/2008,HOB,NM,ASW,CE,Federal Contract Tower,0,0,1,0,1,0,6,27,0,33,0,6,28,0,34,12,0,12,46
04/16/2008,HOB,NM,ASW,CE,Federal Contract Tower,0,0,5,0,5,0,9,38,0,47,0,9,43,0,52,8,0,8,60
04/17/2008,HOB,NM,ASW,CE,Federal Contract Tower,0,0,1,0,1,0,9,32,0,41,0,9,33,0,42,0,0,0,42
04/18/2008,HOB,NM,ASW,CE,Federal Contract Tower,0,0,6,0,6,0,10,18,0,28,0,10,24,0,34,18,0,18,52
04/19/2008,HOB,NM,ASW,CE,Federal Contract Tower,0,2,0,0,2,0,4,31,0,35,0,6,31,0,37,12,0,12,49
04/20/2008,HOB,NM,ASW,CE,Federal Contract Tower,0,0,3,0,3,0,2,11,0,13,0,2,14,0,16,22,0,22,38
04/21/2008,HOB,NM,ASW,CE,Federal Contract Tower,0,0,3,0,3,0,6,23,0,29,0,6,26,0,32,8,0,8,40
04/22/2008,HOB,NM,ASW,CE,Federal Contract Tower,0,0,0,2,2,0,10,29,0,39,0,10,29,2,41,2,8,10,51
04/23/2008,HOB,NM,ASW,CE,Federal Contract Tower,0,4,10,0,14,0,4,23,0,27,0,8,33,0,41,6,0,6,47
04/24/2008,HOB,NM,ASW,CE,Federal Contract Tower,0,3,6,0,9,0,7,33,0,40,0,10,39,0,49,4,0,4,53
04/25/2008,HOB,NM,ASW,CE,Federal Contract Tower,0,0,5,0,5,0,8,14,0,22,0,8,19,0,27,14,0,14,41
04/26/2008,HOB,NM,ASW,CE,Federal Contract Tower,0,0,2,0,2,0,4,15,0,19,0,4,17,0,21,12,0,12,33
04/27/2008,HOB,NM,ASW,CE,Federal Contract Tower,0,0,4,0,4,0,4,12,0,16,0,4,16,0,20,8,0,8,28
04/28/2008,HOB,NM,ASW,CE,Federal Contract Tower,0,0,4,0,4,0,8,23,0,31,0,8,27,0,35,6,0,6,41
04/29/2008,HOB,NM,ASW,CE,Federal Contract Tower,0,1,4,0,5,0,8,19,0,27,0,9,23,0,32,16,0,16,48
04/30/2008,HOB,NM,ASW,CE,Federal Contract Tower,0,0,2,0,2,0,8,31,0,39,0,8,33,0,41,20,0,20,61
05/01/2008,HOB,NM,ASW,CE,Federal Contract Tower,0,0,2,0,2,0,7,20,0,27,0,7,22,0,29,0,0,0,29
05/02/2008,HOB,NM,ASW,CE,Federal Contract Tower,0,0,5,0,5,0,8,21,0,29,0,8,26,0,34,12,0,12,46
05/03/2008,HOB,NM,ASW,CE,Federal Contract Tower,0,0,0,0,0,0,3,19,0,22,0,3,19,0,22,28,0,28,50
05/04/2008,HOB,NM,ASW,CE,Federal Contract Tower,0,0,3,0,3,0,4,10,0,14,0,4,13,0,17,18,0,18,35
05/05/2008,HOB,NM,ASW,CE,Federal Contract Tower,0,1,4,0,5,0,7,16,0,23,0,8,20,0,28,8,0,8,36
05/06/2008,HOB,NM,ASW,CE,Federal Contract Tower,0,2,7,0,9,0,6,19,0,25,0,8,26,0,34,10,0,10,44
05/07/2008,HOB,NM,ASW,CE,Federal Contract Tower,0,0,4,0,4,0,9,20,0,29,0,9,24,0,33,0,0,0,33
05/08/2008,HOB,NM,ASW,CE,Federal Contract Tower,0,0,6,0,6,0,8,35,0,43,0,8,41,0,49,6,0,6,55
05/09/2008,HOB,NM,ASW,CE,Federal Contract Tower,0,0,4,0,4,0,8,28,0,36,0,8,32,0,40,14,0,14,54
05/10/2008,HOB,NM,ASW,CE,Federal Contract Tower,0,0,4,0,4,0,4,14,0,18,0,4,18,0,22,4,0,4,26
05/11/2008,HOB,NM,ASW,CE,Federal Contract Tower,0,0,0,0,0,0,4,12,0,16,0,4,12,0,16,18,0,18,34
05/12/2008,HOB,NM,ASW,CE,Federal Contract Tower,0,0,5,0,5,0,8,21,0,29,0,8,26,0,34,10,0,10,44
05/13/2008,HOB,NM,ASW,CE,Federal Contract Tower,0,0,3,0,3,0,9,34,0,43,0,9,37,0,46,6,0,6,52
05/14/2008,HOB,NM,ASW,CE,Federal Contract Tower,0,3,6,0,9,0,7,17,0,24,0,10,23,0,33,8,0,8,41
05/15/2008,HOB,NM,ASW,CE,Federal Contract Tower,0,1,7,0,8,0,7,20,0,27,0,8,27,0,35,12,0,12,47
05/16/2008,HOB,NM,ASW,CE,Federal Contract Tower,0,0,3,0,3,0,8,16,0,24,0,8,19,0,27,26,0,26,53
05/17/2008,HOB,NM,ASW,CE,Federal Contract Tower,0,0,2,0,2,0,4,16,0,20,0,4,18,0,22,10,0,10,32
05/18/2008,HOB,NM,ASW,CE,Federal Contract Tower,0,0,2,0,2,0,4,14,0,18,0,4,16,0,20,18,0,18,38
05/19/2008,HOB,NM,ASW,CE,Federal Contract Tower,0,0,5,0,5,0,7,20,0,27,0,7,25,0,32,0,0,0,32
05/20/2008,HOB,NM,ASW,CE,Federal Contract Tower,0,0,1,0,1,0,6,30,0,36,0,6,31,0,37,12,0,12,49
05/21/2008,HOB,NM,ASW,CE,Federal Contract Tower,0,0,2,0,2,0,7,19,0,26,0,7,21,0,28,8,0,8,36
05/22/2008,HOB,NM,ASW,CE,Federal Contract Tower,0,0,9,0,9,0,7,34,0,41,0,7,43,0,50,6,0,6,56
05/23/2008,HOB,NM,ASW,CE,Federal Contract Tower,0,0,5,0,5,0,8,26,2,36,0,8,31,2,41,14,12,26,67
05/24/2008,HOB,NM,ASW,CE,Federal Contract Tower,0,1,2,0,3,0,4,15,0,19,0,5,17,0,22,0,0,0,22
05/25/2008,HOB,NM,ASW,CE,Federal Contract Tower,0,0,2,0,2,0,4,13,0,17,0,4,15,0,19,12,0,12,31
05/26/2008,HOB,NM,ASW,CE,Federal Contract Tower,0,1,1,0,2,0,4,10,0,14,0,5,11,0,16,18,0,18,34
05/27/2008,HOB,NM,ASW,CE,Federal Contract Tower,0,1,1,0,2,0,8,31,0,39,0,9,32,0,41,10,0,10,51
05/28/2008,HOB,NM,ASW,CE,Federal Contract Tower,0,0,6,0,6,0,6,25,4,35,0,6,31,4,41,28,8,36,77
05/29/2008,HOB,NM,ASW,CE,Federal Contract Tower,0,4,5,0,9,0,8,22,0,30,0,12,27,0,39,6,0,6,45
05/30/2008,HOB,NM,ASW,CE,Federal Contract Tower,0,1,2,0,3,0,10,17,0,27,0,11,19,0,30,16,0,16,46
05/31/2008,HOB,NM,ASW,CE,Federal Contract Tower,0,2,0,0,2,0,4,15,0,19,0,6,15,0,21,4,0,4,25
06/01/2008,HOB,NM,ASW,CE,Federal Contract Tower,0,0,3,0,3,0,4,13,0,17,0,4,16,0,20,22,0,22,42
06/02/2008,HOB,NM,ASW,CE,Federal Contract Tower,0,1,3,0,4,0,7,26,2,35,0,8,29,2,39,6,0,6,45
06/03/2008,HOB,NM,ASW,CE,Federal Contract Tower,0,0,2,0,2,0,8,20,2,30,0,8,22,2,32,12,0,12,44
06/04/2008,HOB,NM,ASW,CE,Federal Contract Tower,0,2,3,0,5,0,8,46,0,54,0,10,49,0,59,0,0,0,59
06/05/2008,HOB,NM,ASW,CE,Federal Contract Tower,0,1,3,0,4,0,7,18,0,25,0,8,21,0,29,0,0,0,29
06/06/2008,HOB,NM,ASW,CE,Federal Contract Tower,0,0,4,0,4,0,8,25,0,33,0,8,29,0,37,6,0,6,43
06/07/2008,HOB,NM,ASW,CE,Federal Contract Tower,0,1,2,0,3,0,2,5,2,9,0,3,7,2,12,0,0,0,12
06/08/2008,HOB,NM,ASW,CE,Federal Contract Tower,0,1,2,0,3,0,4,11,0,15,0,5,13,0,18,18,0,18,36
06/09/2008,HOB,NM,ASW,CE,Federal Contract Tower,0,0,3,0,3,0,8,24,0,32,0,8,27,0,35,8,0,8,43
06/10/2008,HOB,NM,ASW,CE,Federal Contract Tower,0,3,2,0,5,0,10,29,0,39,0,13,31,0,44,10,0,10,54
06/11/2008,HOB,NM,ASW,CE,Federal Contract Tower,0,0,0,0,0,0,6,15,0,21,0,6,15,0,21,8,0,8,29
06/12/2008,HOB,NM,ASW,CE,Federal Contract Tower,0,0,6,0,6,0,8,33,0,41,0,8,39,0,47,14,0,14,61
06/13/2008,HOB,NM,ASW,CE,Federal Contract Tower,0,0,6,0,6,0,8,18,0,26,0,8,24,0,32,60,0,60,92
06/14/2008,HOB,NM,ASW,CE,Federal Contract Tower,0,0,2,0,2,0,4,24,0,28,0,4,26,0,30,10,0,10,40
06/15/2008,HOB,NM,ASW,CE,Federal Contract Tower,0,0,1,0,1,0,4,18,0,22,0,4,19,0,23,12,0,12,35
06/16/2008,HOB,NM,ASW,CE,Federal Contract Tower,0,2,4,0,6,0,8,18,0,26,0,10,22,0,32,14,0,14,46
06/17/2008,HOB,NM,ASW,CE,Federal Contract Tower,0,0,8,0,8,0,6,20,0,26,0,6,28,0,34,30,0,30,64
06/18/2008,HOB,NM,ASW,CE,Federal Contract Tower,0,3,6,0,9,0,8,25,0,33,0,11,31,0,42,8,0,8,50
06/19/2008,HOB,NM,ASW,CE,Federal Contract Tower,0,0,4,1,5,0,9,23,3,35,0,9,27,4,40,0,0,0,40
06/20/2008,HOB,NM,ASW,CE,Federal Contract Tower,0,0,3,0,3,0,8,34,0,42,0,8,37,0,45,12,0,12,57
06/21/2008,HOB,NM,ASW,CE,Federal Contract Tower,0,0,1,0,1,0,4,28,0,32,0,4,29,0,33,4,0,4,37
06/22/2008,HOB,NM,ASW,CE,Federal Contract Tower,0,0,2,0,2,0,4,10,0,14,0,4,12,0,16,26,0,26,42
06/23/2008,HOB,NM,ASW,CE,Federal Contract Tower,0,0,4,0,4,0,8,29,0,37,0,8,33,0,41,18,0,18,59
06/24/2008,HOB,NM,ASW,CE,Federal Contract Tower,0,2,6,0,8,0,10,21,0,31,0,12,27,0,39,8,0,8,47
06/25/2008,HOB,NM,ASW,CE,Federal Contract Tower,0,2,3,0,5,0,8,26,0,34,0,10,29,0,39,20,0,20,59
06/26/2008,HOB,NM,ASW,CE,Federal Contract Tower,0,0,3,0,3,0,8,22,0,30,0,8,25,0,33,14,0,14,47
06/27/2008,HOB,NM,ASW,CE,Federal Contract Tower,0,0,2,0,2,0,8,32,0,40,0,8,34,0,42,20,0,20,62
06/28/2008,HOB,NM,ASW,CE,Federal Contract Tower,0,2,0,0,2,0,4,41,0,45,0,6,41,0,47,24,0,24,71
06/29/2008,HOB,NM,ASW,CE,Federal Contract Tower,0,0,4,0,4,0,4,13,4,21,0,4,17,4,25,14,0,14,39
06/30/2008,HOB,NM,ASW,CE,Federal Contract Tower,0,1,5,0,6,0,6,19,0,25,0,7,24,0,31,8,0,8,39
07/01/2008,HOB,NM,ASW,CE,Federal Contract Tower,0,0,7,0,7,0,9,34,0,43,0,9,41,0,50,6,0,6,56
07/02/2008,HOB,NM,ASW,CE,Federal Contract Tower,0,0,5,0,5,0,0,10,28,38,0,0,15,28,43,0,0,0,43
07/03/2008,HOB,NM,ASW,CE,Federal Contract Tower,0,1,7,0,8,0,7,20,0,27,0,8,27,0,35,0,0,0,35
07/04/2008,HOB,NM,ASW,CE,Federal Contract Tower,0,0,0,0,0,0,4,15,0,19,0,4,15,0,19,10,0,10,29
07/05/2008,HOB,NM,ASW,CE,Federal Contract Tower,0,0,2,0,2,0,4,21,0,25,0,4,23,0,27,0,0,0,27
07/06/2008,HOB,NM,ASW,CE,Federal Contract Tower,0,0,6,0,6,0,4,5,0,9,0,4,11,0,15,18,0,18,33
07/07/2008,HOB,NM,ASW,CE,Federal Contract Tower,0,2,3,0,5,0,8,25,0,33,0,10,28,0,38,2,0,2,40
07/08/2008,HOB,NM,ASW,CE,Federal Contract Tower,0,0,3,0,3,0,8,24,0,32,0,8,27,0,35,0,0,0,35
07/09/2008,HOB,NM,ASW,CE,Federal Contract Tower,0,0,2,7,9,0,7,32,0,39,0,7,34,7,48,4,0,4,52
07/10/2008,HOB,NM,ASW,CE,Federal Contract Tower,0,1,5,0,6,0,7,32,0,39,0,8,37,0,45,10,0,10,55
07/11/2008,HOB,NM,ASW,CE,Federal Contract Tower,0,0,5,0,5,0,8,26,0,34,0,8,31,0,39,14,0,14,53
07/12/2008,HOB,NM,ASW,CE,Federal Contract Tower,0,0,2,0,2,0,4,16,0,20,0,4,18,0,22,10,0,10,32
07/13/2008,HOB,NM,ASW,CE,Federal Contract Tower,0,11,3,0,14,0,3,17,0,20,0,14,20,0,34,12,0,12,46
07/14/2008,HOB,NM,ASW,CE,Federal Contract Tower,0,3,6,0,9,0,4,21,0,25,0,7,27,0,34,10,0,10,44
07/15/2008,HOB,NM,ASW,CE,Federal Contract Tower,0,0,3,0,3,0,6,23,2,31,0,6,26,2,34,4,0,4,38
07/16/2008,HOB,NM,ASW,CE,Federal Contract Tower,0,1,1,0,2,0,4,28,0,32,0,5,29,0,34,0,0,0,34
07/17/2008,HOB,NM,ASW,CE,Federal Contract Tower,0,0,2,0,2,0,4,16,0,20,0,4,18,0,22,10,0,10,32
07/18/2008,HOB,NM,ASW,CE,Federal Contract Tower,0,0,3,0,3,0,6,14,0,20,0,6,17,0,23,10,0,10,33
07/19/2008,HOB,NM,ASW,CE,Federal Contract Tower,0,0,1,0,1,0,0,18,0,18,0,0,19,0,19,0,0,0,19
07/20/2008,HOB,NM,ASW,CE,Federal Contract Tower,0,0,3,0,3,0,0,15,0,15,0,0,18,0,18,12,0,12,30
07/21/2008,HOB,NM,ASW,CE,Federal Contract Tower,0,0,1,0,1,0,6,27,0,33,0,6,28,0,34,12,0,12,46
07/22/2008,HOB,NM,ASW,CE,Federal Contract Tower,0,0,3,0,3,0,6,22,0,28,0,6,25,0,31,10,0,10,41
07/23/2008,HOB,NM,ASW,CE,Federal Contract Tower,0,0,5,0,5,0,6,19,0,25,0,6,24,0,30,12,0,12,42
07/24/2008,HOB,NM,ASW,CE,Federal Contract Tower,0,0,4,0,4,0,6,27,0,33,0,6,31,0,37,16,0,16,53
07/25/2008,HOB,NM,ASW,CE,Federal Contract Tower,0,1,1,0,2,0,7,25,0,32,0,8,26,0,34,10,0,10,44
07/26/2008,HOB,NM,ASW,CE,Federal Contract Tower,0,0,0,0,0,0,0,4,0,4,0,0,4,0,4,0,0,0,4
07/27/2008,HOB,NM,ASW,CE,Federal Contract Tower,0,0,2,0,2,0,0,17,0,17,0,0,19,0,19,12,0,12,31
07/28/2008,HOB,NM,ASW,CE,Federal Contract Tower,0,1,2,0,3,0,4,23,0,27,0,5,25,0,30,20,0,20,50
07/29/2008,HOB,NM,ASW,CE,Federal Contract Tower,0,0,2,0,2,0,10,32,0,42,0,10,34,0,44,10,0,10,54
07/30/2008,HOB,NM,ASW,CE,Federal Contract Tower,0,0,6,0,6,0,7,33,0,40,0,7,39,0,46,16,0,16,62
07/31/2008,HOB,NM,ASW,CE,Federal Contract Tower,0,0,6,0,6,0,6,35,0,41,0,6,41,0,47,12,0,12,59
08/01/2008,HOB,NM,ASW,CE,Federal Contract Tower,0,0,2,0,2,0,6,31,0,37,0,6,33,0,39,20,0,20,59
08/02/2008,HOB,NM,ASW,CE,Federal Contract Tower,0,0,5,0,5,0,4,34,0,38,0,4,39,0,43,18,0,18,61
08/03/2008,HOB,NM,ASW,CE,Federal Contract Tower,0,0,1,0,1,0,2,26,0,28,0,2,27,0,29,8,0,8,37
08/04/2008,HOB,NM,ASW,CE,Federal Contract Tower,0,1,3,0,4,0,6,32,0,38,0,7,35,0,42,8,0,8,50
08/05/2008,HOB,NM,ASW,CE,Federal Contract Tower,0,0,2,0,2,0,6,23,0,29,0,6,25,0,31,14,0,14,45
08/06/2008,HOB,NM,ASW,CE,Federal Contract Tower,0,0,7,0,7,0,5,35,0,40,0,5,42,0,47,10,0,10,57
08/07/2008,HOB,NM,ASW,CE,Federal Contract Tower,0,0,9,0,9,0,8,33,0,41,0,8,42,0,50,12,0,12,62
08/08/2008,HOB,NM,ASW,CE,Federal Contract Tower,0,0,6,0,6,0,6,21,0,27,0,6,27,0,33,16,0,16,49
08/09/2008,HOB,NM,ASW,CE,Federal Contract Tower,0,2,1,0,3,0,2,19,0,21,0,4,20,0,24,16,0,16,40
08/10/2008,HOB,NM,ASW,CE,Federal Contract Tower,0,2,2,0,4,0,0,15,0,15,0,2,17,0,19,10,0,10,29
08/11/2008,HOB,NM,ASW,CE,Federal Contract Tower,0,2,5,0,7,0,7,21,0,28,0,9,26,0,35,12,4,16,51
08/12/2008,HOB,NM,ASW,CE,Federal Contract Tower,0,0,5,0,5,0,8,19,0,27,0,8,24,0,32,14,0,14,46
08/13/2008,HOB,NM,ASW,CE,Federal Contract Tower,0,1,6,0,7,0,7,29,0,36,0,8,35,0,43,10,0,10,53
08/14/2008,HOB,NM,ASW,CE,Federal Contract Tower,0,1,3,0,4,0,11,25,0,36,0,12,28,0,40,8,0,8,48
08/15/2008,HOB,NM,ASW,CE,Federal Contract Tower,0,5,3,0,8,0,8,26,0,34,0,13,29,0,42,12,0,12,54
08/16/2008,HOB,NM,ASW,CE,Federal Contract Tower,0,2,0,0,2,0,2,17,0,19,0,4,17,0,21,14,0,14,35
08/17/2008,HOB,NM,ASW,CE,Federal Contract Tower,0,0,2,0,2,0,2,15,0,17,0,2,17,0,19,14,0,14,33
08/18/2008,HOB,NM,ASW,CE,Federal Contract Tower,0,3,2,0,5,0,8,27,0,35,0,11,29,0,40,10,0,10,50
08/19/2008,HOB,NM,ASW,CE,Federal Contract Tower,0,2,5,0,7,0,8,32,4,44,0,10,37,4,51,8,0,8,59
08/20/2008,HOB,NM,ASW,CE,Federal Contract Tower,0,4,6,0,10,0,8,33,4,45,0,12,39,4,55,12,0,12,67
08/21/2008,HOB,NM,ASW,CE,Federal Contract Tower,0,2,9,0,11,0,7,31,0,38,0,9,40,0,49,20,0,20,69
08/22/2008,HOB,NM,ASW,CE,Federal Contract Tower,0,0,6,0,6,0,6,30,0,36,0,6,36,0,42,16,0,16,58
08/23/2008,HOB,NM,ASW,CE,Federal Contract Tower,0,0,2,0,2,0,6,18,0,24,0,6,20,0,26,20,0,20,46
08/24/2008,HOB,NM,ASW,CE,Federal Contract Tower,0,0,1,0,1,0,2,19,0,21,0,2,20,0,22,10,0,10,32
08/25/2008,HOB,NM,ASW,CE,Federal Contract Tower,0,4,3,0,7,0,10,26,0,36,0,14,29,0,43,10,0,10,53
08/26/2008,HOB,NM,ASW,CE,Federal Contract Tower,0,0,5,0,5,0,6,32,0,38,0,6,37,0,43,8,0,8,51
08/27/2008,HOB,NM,ASW,CE,Federal Contract Tower,0,2,1,0,3,0,9,25,0,34,0,11,26,0,37,14,0,14,51
08/28/2008,HOB,NM,ASW,CE,Federal Contract Tower,0,0,9,0,9,0,6,31,0,37,0,6,40,0,46,10,0,10,56
08/29/2008,HOB,NM,ASW,CE,Federal Contract Tower,0,0,2,0,2,0,6,23,0,29,0,6,25,0,31,20,4,24,55
08/30/2008,HOB,NM,ASW,CE,Federal Contract Tower,0,0,1,0,1,0,0,8,0,8,0,0,9,0,9,6,0,6,15
08/31/2008,HOB,NM,ASW,CE,Federal Contract Tower,0,1,1,0,2,0,1,22,0,23,0,2,23,0,25,18,0,18,43
09/01/2008,HOB,NM,ASW,CE,Federal Contract Tower,0,2,8,0,10,0,3,27,0,30,0,5,35,0,40,12,0,12,52
09/02/2008,HOB,NM,ASW,CE,Federal Contract Tower,0,0,2,0,2,0,8,26,0,34,0,8,28,0,36,116,4,120,156
09/03/2008,HOB,NM,ASW,CE,Federal Contract Tower,0,4,4,0,8,0,6,19,0,25,0,10,23,0,33,22,4,26,59
09/04/2008,HOB,NM,ASW,CE,Federal Contract Tower,0,0,9,0,9,0,6,28,0,34,0,6,37,0,43,26,0,26,69
09/05/2008,HOB,NM,ASW,CE,Federal Contract Tower,0,0,2,0,2,0,8,27,0,35,0,8,29,0,37,8,0,8,45
09/06/2008,HOB,NM,ASW,CE,Federal Contract Tower,0,0,4,0,4,0,8,17,0,25,0,8,21,0,29,14,0,14,43
09/07/2008,HOB,NM,ASW,CE,Federal Contract Tower,0,0,4,0,4,0,2,25,0,27,0,2,29,0,31,8,0,8,39
09/08/2008,HOB,NM,ASW,CE,Federal Contract Tower,0,2,5,0,7,0,6,20,0,26,0,8,25,0,33,12,0,12,45
09/09/2008,HOB,NM,ASW,CE,Federal Contract Tower,0,4,6,0,10,0,6,29,0,35,0,10,35,0,45,0,0,0,45
09/10/2008,HOB,NM,ASW,CE,Federal Contract Tower,0,6,8,0,14,0,8,21,0,29,0,14,29,0,43,8,0,8,51
09/11/2008,HOB,NM,ASW,CE,Federal Contract Tower,0,4,8,0,12,0,5,19,0,24,0,9,27,0,36,10,0,10,46
09/12/2008,HOB,NM,ASW,CE,Federal Contract Tower,0,4,13,0,17,0,5,31,0,36,0,9,44,0,53,0,0,0,53
09/13/2008,HOB,NM,ASW,CE,Federal Contract Tower,0,0,0,0,0,0,0,21,0,21,0,0,21,0,21,12,0,12,33
09/14/2008,HOB,NM,ASW,CE,Federal Contract Tower,0,0,5,0,5,0,2,22,0,24,0,2,27,0,29,10,0,10,39
09/15/2008,HOB,NM,ASW,CE,Federal Contract Tower,0,2,2,1,5,0,7,29,0,36,0,9,31,1,41,24,12,36,77
09/16/2008,HOB,NM,ASW,CE,Federal Contract Tower,0,0,6,0,6,0,6,30,0,36,0,6,36,0,42,18,0,18,60
09/17/2008,HOB,NM,ASW,CE,Federal Contract Tower,0,0,3,4,7,0,6,25,6,37,0,6,28,10,44,18,10,28,72
09/18/2008,HOB,NM,ASW,CE,Federal Contract Tower,0,0,6,0,6,0,6,39,0,45,0,6,45,0,51,18,10,28,79
09/19/2008,HOB,NM,ASW,CE,Federal Contract Tower,0,0,2,0,2,0,8,25,0,33,0,8,27,0,35,10,10,20,55
09/20/2008,HOB,NM,ASW,CE,Federal Contract Tower,0,0,1,0,1,0,0,19,0,19,0,0,20,0,20,24,10,34,54
09/21/2008,HOB,NM,ASW,CE,Federal Contract Tower,0,0,7,0,7,0,2,23,0,25,0,2,30,0,32,10,10,20,52
09/22/2008,HOB,NM,ASW,CE,Federal Contract Tower,0,0,6,0,6,0,6,32,0,38,0,6,38,0,44,16,10,26,70
09/23/2008,HOB,NM,ASW,CE,Federal Contract Tower,0,0,2,4,6,0,6,25,2,33,0,6,27,6,39,8,12,20,59
09/24/2008,HOB,NM,ASW,CE,Federal Contract Tower,0,0,7,0,7,0,11,37,0,48,0,11,44,0,55,18,0,18,73
09/25/2008,HOB,NM,ASW,CE,Federal Contract Tower,0,0,3,0,3,0,6,18,0,24,0,6,21,0,27,6,0,6,33
09/26/2008,HOB,NM,ASW,CE,Federal Contract Tower,0,0,6,0,6,0,7,17,0,24,0,7,23,0,30,20,0,20,50
09/27/2008,HOB,NM,ASW,CE,Federal Contract Tower,0,0,0,0,0,0,0,27,0,27,0,0,27,0,27,16,0,16,43
09/28/2008,HOB,NM,ASW,CE,Federal Contract Tower,0,0,4,0,4,0,2,18,0,20,0,2,22,0,24,12,0,12,36
09/29/2008,HOB,NM,ASW,CE,Federal Contract Tower,0,1,4,0,5,0,8,26,0,34,0,9,30,0,39,10,0,10,49
09/30/2008,HOB,NM,ASW,CE,Federal Contract Tower,0,2,2,4,8,0,8,28,2,38,0,10,30,6,46,16,2,18,64
10/01/2008,HOB,NM,ASW,CE,Federal Contract Tower,0,2,7,0,9,0,9,33,0,42,0,11,40,0,51,10,2,12,63
10/02/2008,HOB,NM,ASW,CE,Federal Contract Tower,0,0,6,0,6,0,8,29,0,37,0,8,35,0,43,24,0,24,67
10/03/2008,HOB,NM,ASW,CE,Federal Contract Tower,0,0,3,2,5,0,6,28,2,36,0,6,31,4,41,8,4,12,53
10/04/2008,HOB,NM,ASW,CE,Federal Contract Tower,0,0,2,0,2,0,8,29,0,37,0,8,31,0,39,10,0,10,49
10/05/2008,HOB,NM,ASW,CE,Federal Contract Tower,0,2,9,0,11,0,2,21,0,23,0,4,30,0,34,0,0,0,34
10/06/2008,HOB,NM,ASW,CE,Federal Contract Tower,0,0,4,0,4,0,8,25,0,33,0,8,29,0,37,24,0,24,61
10/07/2008,HOB,NM,ASW,CE,Federal Contract Tower,0,0,5,0,5,0,8,27,0,35,0,8,32,0,40,10,0,10,50
10/08/2008,HOB,NM,ASW,CE,Federal Contract Tower,0,0,5,0,5,0,6,29,0,35,0,6,34,0,40,18,0,18,58
10/09/2008,HOB,NM,ASW,CE,Federal Contract Tower,0,0,4,0,4,0,9,23,0,32,0,9,27,0,36,8,0,8,44
10/10/2008,HOB,NM,ASW,CE,Federal Contract Tower,0,0,1,0,1,0,6,29,0,35,0,6,30,0,36,10,0,10,46
10/11/2008,HOB,NM,ASW,CE,Federal Contract Tower,0,0,1,0,1,0,0,17,0,17,0,0,18,0,18,10,0,10,28
10/12/2008,HOB,NM,ASW,CE,Federal Contract Tower,0,0,8,0,8,0,0,24,0,24,0,0,32,0,32,10,0,10,42
10/13/2008,HOB,NM,ASW,CE,Federal Contract Tower,0,8,8,0,16,0,8,22,0,30,0,16,30,0,46,10,0,10,56
10/14/2008,HOB,NM,ASW,CE,Federal Contract Tower,0,6,3,0,9,0,6,3,0,9,0,12,6,0,18,0,0,0,18
10/15/2008,HOB,NM,ASW,CE,Federal Contract Tower,0,2,4,0,6,0,9,25,0,34,0,11,29,0,40,18,0,18,58
10/16/2008,HOB,NM,ASW,CE,Federal Contract Tower,0,4,3,0,7,0,6,19,0,25,0,10,22,0,32,14,0,14,46
10/17/2008,HOB,NM,ASW,CE,Federal Contract Tower,0,0,7,0,7,0,6,34,0,40,0,6,41,0,47,12,0,12,59
10/18/2008,HOB,NM,ASW,CE,Federal Contract Tower,0,0,1,0,1,0,0,16,0,16,0,0,17,0,17,14,0,14,31
10/19/2008,HOB,NM,ASW,CE,Federal Contract Tower,0,0,4,0,4,0,0,30,0,30,0,0,34,0,34,12,0,12,46
10/20/2008,HOB,NM,ASW,CE,Federal Contract Tower,0,0,6,0,6,0,6,32,0,38,0,6,38,0,44,10,0,10,54
10/21/2008,HOB,NM,ASW,CE,Federal Contract Tower,0,2,7,0,9,0,9,25,0,34,0,11,32,0,43,10,0,10,53
10/22/2008,HOB,NM,ASW,CE,Federal Contract Tower,0,1,7,0,8,0,8,33,0,41,0,9,40,0,49,18,0,18,67
10/23/2008,HOB,NM,ASW,CE,Federal Contract Tower,0,0,7,0,7,0,9,41,0,50,0,9,48,0,57,24,0,24,81
10/24/2008,HOB,NM,ASW,CE,Federal Contract Tower,0,5,8,0,13,0,9,21,0,30,0,14,29,0,43,34,0,34,77
10/25/2008,HOB,NM,ASW,CE,Federal Contract Tower,0,0,2,0,2,0,0,28,0,28,0,0,30,0,30,8,0,8,38
10/26/2008,HOB,NM,ASW,CE,Federal Contract Tower,0,0,5,0,5,0,0,27,0,27,0,0,32,0,32,10,0,10,42
10/27/2008,HOB,NM,ASW,CE,Federal Contract Tower,0,0,5,0,5,0,6,31,0,37,0,6,36,0,42,16,0,16,58
10/28/2008,HOB,NM,ASW,CE,Federal Contract Tower,0,0,3,0,3,0,8,28,0,36,0,8,31,0,39,32,0,32,71
10/29/2008,HOB,NM,ASW,CE,Federal Contract Tower,0,1,3,0,4,0,7,27,0,34,0,8,30,0,38,28,0,28,66
10/30/2008,HOB,NM,ASW,CE,Federal Contract Tower,0,0,5,0,5,0,8,35,0,43,0,8,40,0,48,14,0,14,62
10/31/2008,HOB,NM,ASW,CE,Federal Contract Tower,0,4,4,0,8,0,10,27,0,37,0,14,31,0,45,16,0,16,61
11/01/2008,HOB,NM,ASW,CE,Federal Contract Tower,0,0,5,0,5,0,0,28,0,28,0,0,33,0,33,30,0,30,63
11/02/2008,HOB,NM,ASW,CE,Federal Contract Tower,0,0,3,0,3,0,0,22,0,22,0,0,25,0,25,18,0,18,43
11/03/2008,HOB,NM,ASW,CE,Federal Contract Tower,0,0,5,2,7,0,6,31,0,37,0,6,36,2,44,16,8,24,68
11/04/2008,HOB,NM,ASW,CE,Federal Contract Tower,0,0,2,0,2,0,6,23,0,29,0,6,25,0,31,20,0,20,51
11/05/2008,HOB,NM,ASW,CE,Federal Contract Tower,0,0,5,0,5,0,14,19,0,33,0,14,24,0,38,22,0,22,60
11/06/2008,HOB,NM,ASW,CE,Federal Contract Tower,0,1,1,2,4,0,8,23,0,31,0,9,24,2,35,32,24,56,91
11/07/2008,HOB,NM,ASW,CE,Federal Contract Tower,0,0,4,0,4,0,8,35,0,43,0,8,39,0,47,44,0,44,91
11/08/2008,HOB,NM,ASW,CE,Federal Contract Tower,0,0,2,0,2,0,0,27,0,27,0,0,29,0,29,86,0,86,115
11/09/2008,HOB,NM,ASW,CE,Federal Contract Tower,0,0,7,0,7,0,0,24,0,24,0,0,31,0,31,12,0,12,43
11/10/2008,HOB,NM,ASW,CE,Federal Contract Tower,0,0,2,0,2,0,6,22,0,28,0,6,24,0,30,10,0,10,40
11/11/2008,HOB,NM,ASW,CE,Federal Contract Tower,0,0,6,0,6,0,6,23,0,29,0,6,29,0,35,24,0,24,59
11/12/2008,HOB,NM,ASW,CE,Federal Contract Tower,0,0,5,0,5,0,8,38,0,46,0,8,43,0,51,48,0,48,99
11/13/2008,HOB,NM,ASW,CE,Federal Contract Tower,0,0,6,0,6,0,6,25,0,31,0,6,31,0,37,26,0,26,63
11/14/2008,HOB,NM,ASW,CE,Federal Contract Tower,0,0,3,0,3,0,6,25,0,31,0,6,28,0,34,12,0,12,46
11/15/2008,HOB,NM,ASW,CE,Federal Contract Tower,0,0,3,0,3,0,0,18,0,18,0,0,21,0,21,6,0,6,27
11/16/2008,HOB,NM,ASW,CE,Federal Contract Tower,0,0,7,0,7,0,0,22,0,22,0,0,29,0,29,20,0,20,49
11/17/2008,HOB,NM,ASW,CE,Federal Contract Tower,0,0,4,0,4,0,8,27,0,35,0,8,31,0,39,12,0,12,51
11/18/2008,HOB,NM,ASW,CE,Federal Contract Tower,0,2,1,0,3,0,8,18,1,27,0,10,19,1,30,46,0,46,76
11/19/2008,HOB,NM,ASW,CE,Federal Contract Tower,0,0,7,0,7,0,6,23,2,31,0,6,30,2,38,12,0,12,50
11/20/2008,HOB,NM,ASW,CE,Federal Contract Tower,0,2,4,0,6,0,8,18,0,26,0,10,22,0,32,12,0,12,44
11/21/2008,HOB,NM,ASW,CE,Federal Contract Tower,0,1,6,0,7,0,7,35,0,42,0,8,41,0,49,18,0,18,67
11/22/2008,HOB,NM,ASW,CE,Federal Contract Tower,0,0,0,0,0,0,2,20,0,22,0,2,20,0,22,38,0,38,60
11/23/2008,HOB,NM,ASW,CE,Federal Contract Tower,0,0,0,0,0,0,0,23,0,23,0,0,23,0,23,28,0,28,51
11/24/2008,HOB,NM,ASW,CE,Federal Contract Tower,0,0,4,0,4,0,8,22,0,30,0,8,26,0,34,24,0,24,58
11/25/2008,HOB,NM,ASW,CE,Federal Contract Tower,0,2,4,0,6,0,10,31,0,41,0,12,35,0,47,20,0,20,67
11/26/2008,HOB,NM,ASW,CE,Federal Contract Tower,0,0,8,0,8,0,6,29,0,35,0,6,37,0,43,38,0,38,81
11/27/2008,HOB,NM,ASW,CE,Federal Contract Tower,0,0,1,0,1,0,2,17,0,19,0,2,18,0,20,6,0,6,26
11/28/2008,HOB,NM,ASW,CE,Federal Contract Tower,0,0,1,0,1,0,6,17,0,23,0,6,18,0,24,10,0,10,34
11/29/2008,HOB,NM,ASW,CE,Federal Contract Tower,0,1,5,0,6,0,1,19,0,20,0,2,24,0,26,22,0,22,48
11/30/2008,HOB,NM,ASW,CE,Federal Contract Tower,0,0,6,0,6,0,0,26,0,26,0,0,32,0,32,12,0,12,44
12/01/2008,HOB,NM,ASW,CE,Federal Contract Tower,0,0,5,0,5,0,6,29,0,35,0,6,34,0,40,12,0,12,52
12/02/2008,HOB,NM,ASW,CE,Federal Contract Tower,0,2,5,0,7,0,7,31,0,38,0,9,36,0,45,18,0,18,63
12/03/2008,HOB,NM,ASW,CE,Federal Contract Tower,0,1,2,0,3,0,8,19,0,27,0,9,21,0,30,12,0,12,42
12/04/2008,HOB,NM,ASW,CE,Federal Contract Tower,0,0,5,2,7,0,6,32,2,40,0,6,37,4,47,18,14,32,79
12/05/2008,HOB,NM,ASW,CE,Federal Contract Tower,0,0,3,0,3,0,6,25,0,31,0,6,28,0,34,84,0,84,118
12/06/2008,HOB,NM,ASW,CE,Federal Contract Tower,0,0,2,0,2,0,0,27,0,27,0,0,29,0,29,26,0,26,55
12/07/2008,HOB,NM,ASW,CE,Federal Contract Tower,0,1,4,0,5,0,1,24,0,25,0,2,28,0,30,42,0,42,72
12/08/2008,HOB,NM,ASW,CE,Federal Contract Tower,0,1,5,0,6,0,9,23,0,32,0,10,28,0,38,14,0,14,52
12/09/2008,HOB,NM,ASW,CE,Federal Contract Tower,0,5,4,0,9,0,7,4,0,11,0,12,8,0,20,0,0,0,20
12/10/2008,HOB,NM,ASW,CE,Federal Contract Tower,0,0,2,0,2,0,12,27,0,39,0,12,29,0,41,34,0,34,75
12/11/2008,HOB,NM,ASW,CE,Federal Contract Tower,0,2,6,0,8,0,8,47,0,55,0,10,53,0,63,58,0,58,121
12/12/2008,HOB,NM,ASW,CE,Federal Contract Tower,0,0,9,0,9,0,8,31,0,39,0,8,40,0,48,22,0,22,70
12/13/2008,HOB,NM,ASW,CE,Federal Contract Tower,0,0,5,0,5,0,0,18,0,18,0,0,23,0,23,6,0,6,29
12/14/2008,HOB,NM,ASW,CE,Federal Contract Tower,0,0,6,0,6,0,0,22,0,22,0,0,28,0,28,8,0,8,36
12/15/2008,HOB,NM,ASW,CE,Federal Contract Tower,0,0,2,0,2,0,6,27,0,33,0,6,29,0,35,16,0,16,51
12/16/2008,HOB,NM,ASW,CE,Federal Contract Tower,0,2,1,0,3,0,8,25,0,33,0,10,26,0,36,18,0,18,54
12/17/2008,HOB,NM,ASW,CE,Federal Contract Tower,0,0,1,0,1,0,8,33,0,41,0,8,34,0,42,64,0,64,106
12/18/2008,HOB,NM,ASW,CE,Federal Contract Tower,0,1,6,0,7,0,10,19,0,29,0,11,25,0,36,26,0,26,62
12/19/2008,HOB,NM,ASW,CE,Federal Contract Tower,0,1,4,0,5,0,9,29,0,38,0,10,33,0,43,16,0,16,59
12/20/2008,HOB,NM,ASW,CE,Federal Contract Tower,0,0,1,0,1,0,0,2,0,2,0,0,3,0,3,40,0,40,43
12/21/2008,HOB,NM,ASW,CE,Federal Contract Tower,0,0,2,0,2,0,0,13,0,13,0,0,15,0,15,22,0,22,37
12/22/2008,HOB,NM,ASW,CE,Federal Contract Tower,0,1,0,0,1,0,7,21,0,28,0,8,21,0,29,10,0,10,39
12/23/2008,HOB,NM,ASW,CE,Federal Contract Tower,0,0,2,0,2,0,8,26,0,34,0,8,28,0,36,12,0,12,48
12/24/2008,HOB,NM,ASW,CE,Federal Contract Tower,0,0,4,0,4,0,8,20,0,28,0,8,24,0,32,40,0,40,72
12/25/2008,HOB,NM,ASW,CE,Federal Contract Tower,0,2,0,0,2,0,3,17,0,20,0,5,17,0,22,26,0,26,48
12/26/2008,HOB,NM,ASW,CE,Federal Contract Tower,0,0,2,0,2,0,8,19,0,27,0,8,21,0,29,10,0,10,39
12/27/2008,HOB,NM,ASW,CE,Federal Contract Tower,0,0,2,0,2,0,0,7,0,7,0,0,9,0,9,0,0,0,9
12/28/2008,HOB,NM,ASW,CE,Federal Contract Tower,0,0,3,0,3,0,0,17,0,17,0,0,20,0,20,12,0,12,32
12/29/2008,HOB,NM,ASW,CE,Federal Contract Tower,0,0,1,0,1,0,8,25,0,33,0,8,26,0,34,18,0,18,52
12/30/2008,HOB,NM,ASW,CE,Federal Contract Tower,0,0,2,2,4,0,3,21,0,24,0,3,23,2,28,18,0,18,46
12/31/2008,HOB,NM,ASW,CE,Federal Contract Tower,0,0,1,0,1,0,6,17,0,23,0,6,18,0,24,18,0,18,42
01/01/2009,HOB,NM,ASW,CE,Federal Contract Tower,0,0,0,0,0,0,2,19,0,21,0,2,19,0,21,14,0,14,35
01/02/2009,HOB,NM,ASW,CE,Federal Contract Tower,0,0,5,0,5,0,8,18,0,26,0,8,23,0,31,24,0,24,55
01/03/2009,HOB,NM,ASW,CE,Federal Contract Tower,0,0,0,0,0,0,0,10,0,10,0,0,10,0,10,16,0,16,26
01/04/2009,HOB,NM,ASW,CE,Federal Contract Tower,0,0,2,0,2,0,0,19,0,19,0,0,21,0,21,10,0,10,31
01/05/2009,HOB,NM,ASW,CE,Federal Contract Tower,0,0,1,0,1,0,8,25,0,33,0,8,26,0,34,8,0,8,42
01/06/2009,HOB,NM,ASW,CE,Federal Contract Tower,0,0,0,2,2,0,8,27,2,37,0,8,27,4,39,0,24,24,63
01/07/2009,HOB,NM,ASW,CE,Federal Contract Tower,0,0,6,2,8,0,6,17,2,25,0,6,23,4,33,24,0,24,57
01/08/2009,HOB,NM,ASW,CE,Federal Contract Tower,0,3,10,0,13,0,9,23,0,32,0,12,33,0,45,10,0,10,55
01/09/2009,HOB,NM,ASW,CE,Federal Contract Tower,0,0,0,0,0,0,6,22,0,28,0,6,22,0,28,12,0,12,40
01/10/2009,HOB,NM,ASW,CE,Federal Contract Tower,0,0,3,0,3,0,0,13,0,13,0,0,16,0,16,14,0,14,30
01/11/2009,HOB,NM,ASW,CE,Federal Contract Tower,0,2,4,0,6,0,2,19,0,21,0,4,23,0,27,12,0,12,39
01/12/2009,HOB,NM,ASW,CE,Federal Contract Tower,0,0,2,0,2,0,9,20,2,31,0,9,22,2,33,10,0,10,43
01/13/2009,HOB,NM,ASW,CE,Federal Contract Tower,0,0,7,0,7,0,6,18,0,24,0,6,25,0,31,22,0,22,53
01/14/2009,HOB,NM,ASW,CE,Federal Contract Tower,0,0,6,0,6,0,6,22,0,28,0,6,28,0,34,18,0,18,52
01/15/2009,HOB,NM,ASW,CE,Federal Contract Tower,0,2,9,0,11,0,9,28,0,37,0,11,37,0,48,12,0,12,60
01/16/2009,HOB,NM,ASW,CE,Federal Contract Tower,0,3,3,0,6,0,7,31,0,38,0,10,34,0,44,10,0,10,54
01/17/2009,HOB,NM,ASW,CE,Federal Contract Tower,0,0,0,4,4,0,0,7,6,13,0,0,7,10,17,0,0,0,17
01/18/2009,HOB,NM,ASW,CE,Federal Contract Tower,0,1,3,0,4,0,1,16,0,17,0,2,19,0,21,18,0,18,39
01/19/2009,HOB,NM,ASW,CE,Federal Contract Tower,0,2,4,0,6,0,6,26,0,32,0,8,30,0,38,18,0,18,56
01/20/2009,HOB,NM,ASW,CE,Federal Contract Tower,0,0,4,0,4,0,8,15,0,23,0,8,19,0,27,10,0,10,37
01/21/2009,HOB,NM,ASW,CE,Federal Contract Tower,0,1,7,0,8,0,11,23,0,34,0,12,30,0,42,16,0,16,58
01/22/2009,HOB,NM,ASW,CE,Federal Contract Tower,0,1,2,0,3,0,12,27,0,39,0,13,29,0,42,12,0,12,54
01/23/2009,HOB,NM,ASW,CE,Federal Contract Tower,0,0,2,0,2,0,7,26,0,33,0,7,28,0,35,10,0,10,45
01/24/2009,HOB,NM,ASW,CE,Federal Contract Tower,0,2,0,0,2,0,2,8,0,10,0,4,8,0,12,10,0,10,22
01/25/2009,HOB,NM,ASW,CE,Federal Contract Tower,0,0,4,0,4,0,0,23,0,23,0,0,27,0,27,16,0,16,43
01/26/2009,HOB,NM,ASW,CE,Federal Contract Tower,0,3,7,0,10,0,7,29,0,36,0,10,36,0,46,0,0,0,46
01/27/2009,HOB,NM,ASW,CE,Federal Contract Tower,0,6,1,0,7,0,8,1,0,9,0,14,2,0,16,0,0,0,16
01/28/2009,HOB,NM,ASW,CE,Federal Contract Tower,0,0,1,0,1,0,6,19,0,25,0,6,20,0,26,16,0,16,42
01/29/2009,HOB,NM,ASW,CE,Federal Contract Tower,0,0,5,0,5,0,6,25,0,31,0,6,30,0,36,12,0,12,48
01/30/2009,HOB,NM,ASW,CE,Federal Contract Tower,0,0,3,0,3,0,6,34,0,40,0,6,37,0,43,14,0,14,57
01/31/2009,HOB,NM,ASW,CE,Federal Contract Tower,0,0,3,0,3,0,0,23,0,23,0,0,26,0,26,8,0,8,34
02/01/2009,HOB,NM,ASW,CE,Federal Contract Tower,0,0,2,0,2,0,0,21,0,21,0,0,23,0,23,10,0,10,33
02/02/2009,HOB,NM,ASW,CE,Federal Contract Tower,0,0,4,0,4,0,8,33,0,41,0,8,37,0,45,8,0,8,53
02/03/2009,HOB,NM,ASW,CE,Federal Contract Tower,0,0,3,0,3,0,6,26,0,32,0,6,29,0,35,4,0,4,39
02/04/2009,HOB,NM,ASW,CE,Federal Contract Tower,0,1,2,0,3,0,9,25,0,34,0,10,27,0,37,18,0,18,55
02/05/2009,HOB,NM,ASW,CE,Federal Contract Tower,0,1,2,0,3,0,6,29,0,35,0,7,31,0,38,10,0,10,48
02/06/2009,HOB,NM,ASW,CE,Federal Contract Tower,0,1,2,0,3,0,6,27,0,33,0,7,29,0,36,20,0,20,56
02/07/2009,HOB,NM,ASW,CE,Federal Contract Tower,0,0,0,0,0,0,1,17,0,18,0,1,17,0,18,10,0,10,28
02/08/2009,HOB,NM,ASW,CE,Federal Contract Tower,0,0,0,0,0,0,7,19,0,26,0,7,19,0,26,10,0,10,36
02/09/2009,HOB,NM,ASW,CE,Federal Contract Tower,0,0,5,0,5,0,14,19,0,33,0,14,24,0,38,42,0,42,80
02/10/2009,HOB,NM,ASW,CE,Federal Contract Tower,0,0,7,0,7,0,8,25,0,33,0,8,32,0,40,18,0,18,58
02/11/2009,HOB,NM,ASW,CE,Federal Contract Tower,0,1,6,0,7,0,8,28,0,36,0,9,34,0,43,14,0,14,57
02/12/2009,HOB,NM,ASW,CE,Federal Contract Tower,0,0,4,0,4,0,8,22,0,30,0,8,26,0,34,32,0,32,66
02/13/2009,HOB,NM,ASW,CE,Federal Contract Tower,0,2,8,0,10,0,8,19,2,29,0,10,27,2,39,14,24,38,77
02/14/2009,HOB,NM,ASW,CE,Federal Contract Tower,0,0,0,0,0,0,0,7,0,7,0,0,7,0,7,0,0,0,7
02/15/2009,HOB,NM,ASW,CE,Federal Contract Tower,0,2,4,0,6,0,2,18,0,20,0,4,22,0,26,26,0,26,52
02/16/2009,HOB,NM,ASW,CE,Federal Contract Tower,0,1,1,0,2,0,6,31,0,37,0,7,32,0,39,24,0,24,63
02/17/2009,HOB,NM,ASW,CE,Federal Contract Tower,0,0,0,0,0,0,8,20,0,28,0,8,20,0,28,0,0,0,28
02/18/2009,HOB,NM,ASW,CE,Federal Contract Tower,0,0,3,2,5,0,6,29,0,35,0,6,32,2,40,36,2,38,78
02/19/2009,HOB,NM,ASW,CE,Federal Contract Tower,0,1,0,2,3,0,8,27,0,35,0,9,27,2,38,42,2,44,82
02/20/2009,HOB,NM,ASW,CE,Federal Contract Tower,0,0,0,2,2,0,6,28,2,36,0,6,28,4,38,24,22,46,84
02/21/2009,HOB,NM,ASW,CE,Federal Contract Tower,0,0,1,0,1,0,0,10,0,10,0,0,11,0,11,12,0,12,23
02/22/2009,HOB,NM,ASW,CE,Federal Contract Tower,0,0,1,0,1,0,0,21,0,21,0,0,22,0,22,16,0,16,38
02/23/2009,HOB,NM,ASW,CE,Federal Contract Tower,0,0,5,0,5,0,8,225,0,233,0,8,230,0,238,20,0,20,258
02/24/2009,HOB,NM,ASW,CE,Federal Contract Tower,0,0,3,0,3,0,8,20,0,28,0,8,23,0,31,22,0,22,53
02/25/2009,HOB,NM,ASW,CE,Federal Contract Tower,0,1,5,0,6,0,8,33,0,41,0,9,38,0,47,24,0,24,71
02/26/2009,HOB,NM,ASW,CE,Federal Contract Tower,0,0,4,0,4,0,6,21,0,27,0,6,25,0,31,16,0,16,47
02/27/2009,HOB,NM,ASW,CE,Federal Contract Tower,0,0,5,0,5,0,6,28,0,34,0,6,33,0,39,16,0,16,55
02/28/2009,HOB,NM,ASW,CE,Federal Contract Tower,0,0,2,0,2,0,0,7,0,7,0,0,9,0,9,16,0,16,25
03/01/2009,HOB,NM,ASW,CE,Federal Contract Tower,0,0,1,0,1,0,2,23,0,25,0,2,24,0,26,18,0,18,44
03/02/2009,HOB,NM,ASW,CE,Federal Contract Tower,0,3,0,0,3,0,8,31,0,39,0,11,31,0,42,20,0,20,62
03/03/2009,HOB,NM,ASW,CE,Federal Contract Tower,0,2,6,0,8,0,10,35,0,45,0,12,41,0,53,46,0,46,99
03/04/2009,HOB,NM,ASW,CE,Federal Contract Tower,0,2,5,0,7,0,9,4,0,13,0,11,9,0,20,44,0,44,64
03/05/2009,HOB,NM,ASW,CE,Federal Contract Tower,0,0,4,0,4,0,7,27,0,34,0,7,31,0,38,27,0,27,65
03/06/2009,HOB,NM,ASW,CE,Federal Contract Tower,0,0,3,0,3,0,6,29,0,35,0,6,32,0,38,18,0,18,56
03/07/2009,HOB,NM,ASW,CE,Federal Contract Tower,0,0,3,0,3,0,0,9,0,9,0,0,12,0,12,0,0,0,12
03/08/2009,HOB,NM,ASW,CE,Federal Contract Tower,0,2,1,0,3,0,2,23,0,25,0,4,24,0,28,16,0,16,44
03/09/2009,HOB,NM,ASW,CE,Federal Contract Tower,0,0,10,0,10,0,6,35,0,41,0,6,45,0,51,24,0,24,75
03/10/2009,HOB,NM,ASW,CE,Federal Contract Tower,0,1,5,0,6,0,7,29,0,36,0,8,34,0,42,38,0,38,80
03/11/2009,HOB,NM,ASW,CE,Federal Contract Tower,0,0,5,0,5,0,7,11,0,18,0,7,16,0,23,10,0,10,33
03/12/2009,HOB,NM,ASW,CE,Federal Contract Tower,0,1,2,0,3,0,7,17,0,24,0,8,19,0,27,12,0,12,39
03/13/2009,HOB,NM,ASW,CE,Federal Contract Tower,0,7,6,0,13,0,7,16,0,23,0,14,22,0,36,6,0,6,42
03/14/2009,HOB,NM,ASW,CE,Federal Contract Tower,0,3,2,0,5,0,3,21,0,24,0,6,23,0,29,16,0,16,45
03/15/2009,HOB,NM,ASW,CE,Federal Contract Tower,0,0,3,0,3,0,0,28,0,28,0,0,31,0,31,12,0,12,43
03/16/2009,HOB,NM,ASW,CE,Federal Contract Tower,0,0,3,0,3,0,6,30,0,36,0,6,33,0,39,18,0,18,57
03/17/2009,HOB,NM,ASW,CE,Federal Contract Tower,0,0,5,0,5,0,8,23,0,31,0,8,28,0,36,23,0,23,59
03/18/2009,HOB,NM,ASW,CE,Federal Contract Tower,0,0,9,0,9,0,6,28,0,34,0,6,37,0,43,8,0,8,51
03/19/2009,HOB,NM,ASW,CE,Federal Contract Tower,0,0,5,2,7,0,6,38,2,46,0,6,43,4,53,24,2,26,79
03/20/2009,HOB,NM,ASW,CE,Federal Contract Tower,0,0,4,0,4,0,6,19,2,27,0,6,23,2,31,20,2,22,53
03/21/2009,HOB,NM,ASW,CE,Federal Contract Tower,0,0,7,0,7,0,0,33,2,35,0,0,40,2,42,6,2,8,50
03/22/2009,HOB,NM,ASW,CE,Federal Contract Tower,0,0,4,0,4,0,0,23,0,23,0,0,27,0,27,16,0,16,43
03/23/2009,HOB,NM,ASW,CE,Federal Contract Tower,0,0,0,0,0,0,7,17,0,24,0,7,17,0,24,12,0,12,36
03/24/2009,HOB,NM,ASW,CE,Federal Contract Tower,0,0,1,2,3,0,6,21,6,33,0,6,22,8,36,62,22,84,120
03/25/2009,HOB,NM,ASW,CE,Federal Contract Tower,0,0,5,0,5,0,6,17,0,23,0,6,22,0,28,34,0,34,62
03/26/2009,HOB,NM,ASW,CE,Federal Contract Tower,0,1,7,5,13,0,8,28,0,36,0,9,35,5,49,34,0,34,83
03/27/2009,HOB,NM,ASW,CE,Federal Contract Tower,0,3,4,1,8,0,8,30,3,41,0,11,34,4,49,8,0,8,57
03/28/2009,HOB,NM,ASW,CE,Federal Contract Tower,0,0,6,0,6,0,0,20,0,20,0,0,26,0,26,10,0,10,36
03/29/2009,HOB,NM,ASW,CE,Federal Contract Tower,0,0,1,0,1,0,2,21,0,23,0,2,22,0,24,26,0,26,50
03/30/2009,HOB,NM,ASW,CE,Federal Contract Tower,0,0,5,0,5,0,8,32,0,40,0,8,37,0,45,20,0,20,65
03/31/2009,HOB,NM,ASW,CE,Federal Contract Tower,0,0,3,0,3,0,6,30,0,36,0,6,33,0,39,26,0,26,65
04/01/2009,HOB,NM,ASW,CE,Federal Contract Tower,0,0,7,0,7,0,8,25,0,33,0,8,32,0,40,18,0,18,58
04/02/2009,HOB,NM,ASW,CE,Federal Contract Tower,0,2,7,0,9,0,7,23,0,30,0,9,30,0,39,12,0,12,51
04/03/2009,HOB,NM,ASW,CE,Federal Contract Tower,0,2,3,0,5,0,8,35,0,43,0,10,38,0,48,14,0,14,62
04/04/2009,HOB,NM,ASW,CE,Federal Contract Tower,0,0,7,0,7,0,0,13,0,13,0,0,20,0,20,0,0,0,20
04/05/2009,HOB,NM,ASW,CE,Federal Contract Tower,0,0,3,0,3,0,0,26,0,26,0,0,29,0,29,16,0,16,45
04/06/2009,HOB,NM,ASW,CE,Federal Contract Tower,0,2,3,0,5,0,8,41,0,49,0,10,44,0,54,48,0,48,102
04/07/2009,HOB,NM,ASW,CE,Federal Contract Tower,0,0,7,0,7,0,6,36,0,42,0,6,43,0,49,38,0,38,87
04/08/2009,HOB,NM,ASW,CE,Federal Contract Tower,0,0,8,0,8,0,8,34,0,42,0,8,42,0,50,30,0,30,80
04/09/2009,HOB,NM,ASW,CE,Federal Contract Tower,0,0,4,0,4,0,6,20,2,28,0,6,24,2,32,14,0,14,46
04/10/2009,HOB,NM,ASW,CE,Federal Contract Tower,0,2,0,0,2,0,6,35,2,43,0,8,35,2,45,68,0,68,113
04/11/2009,HOB,NM,ASW,CE,Federal Contract Tower,0,2,0,0,2,0,2,16,0,18,0,4,16,0,20,28,0,28,48
04/12/2009,HOB,NM,ASW,CE,Federal Contract Tower,0,0,2,0,2,0,0,15,0,15,0,0,17,0,17,10,0,10,27
04/13/2009,HOB,NM,ASW,CE,Federal Contract Tower,0,1,5,0,6,0,9,24,0,33,0,10,29,0,39,62,0,62,101
04/14/2009,HOB,NM,ASW,CE,Federal Contract Tower,0,1,9,0,10,0,7,34,0,41,0,8,43,0,51,20,0,20,71
04/15/2009,HOB,NM,ASW,CE,Federal Contract Tower,0,0,6,2,8,0,7,27,0,34,0,7,33,2,42,18,0,18,60
04/16/2009,HOB,NM,ASW,CE,Federal Contract Tower,0,1,8,0,9,0,6,26,0,32,0,7,34,0,41,34,0,34,75
04/17/2009,HOB,NM,ASW,CE,Federal Contract Tower,0,0,1,0,1,0,8,27,0,35,0,8,28,0,36,20,0,20,56
04/18/2009,HOB,NM,ASW,CE,Federal Contract Tower,0,0,1,0,1,0,0,13,0,13,0,0,14,0,14,10,0,10,24
04/19/2009,HOB,NM,ASW,CE,Federal Contract Tower,0,0,1,0,1,0,0,24,0,24,0,0,25,0,25,14,0,14,39
04/20/2009,HOB,NM,ASW,CE,Federal Contract Tower,0,0,1,0,1,0,8,24,0,32,0,8,25,0,33,52,0,52,85
04/21/2009,HOB,NM,ASW,CE,Federal Contract Tower,0,0,0,0,0,0,6,28,0,34,0,6,28,0,34,22,0,22,56
04/22/2009,HOB,NM,ASW,CE,Federal Contract Tower,0,0,1,0,1,0,0,21,0,21,0,0,22,0,22,46,0,46,68
04/23/2009,HOB,NM,ASW,CE,Federal Contract Tower,0,0,3,4,7,0,8,33,6,47,0,8,36,10,54,20,46,66,120
04/24/2009,HOB,NM,ASW,CE,Federal Contract Tower,0,0,4,0,4,0,0,31,0,31,0,0,35,0,35,12,0,12,47
04/25/2009,HOB,NM,ASW,CE,Federal Contract Tower,0,0,0,0,0,0,0,18,0,18,0,0,18,0,18,8,0,8,26
04/26/2009,HOB,NM,ASW,CE,Federal Contract Tower,0,0,2,0,2,0,0,19,0,19,0,0,21,0,21,14,0,14,35
04/27/2009,HOB,NM,ASW,CE,Federal Contract Tower,0,0,2,0,2,0,6,33,2,41,0,6,35,2,43,10,0,10,53
04/28/2009,HOB,NM,ASW,CE,Federal Contract Tower,0,7,1,0,8,0,8,13,0,21,0,15,14,0,29,0,0,0,29
04/29/2009,HOB,NM,ASW,CE,Federal Contract Tower,0,1,1,0,2,0,6,19,0,25,0,7,20,0,27,26,0,26,53
04/30/2009,HOB,NM,ASW,CE,Federal Contract Tower,0,0,3,0,3,0,6,35,2,43,0,6,38,2,46,14,6,20,66
05/01/2009,HOB,NM,ASW,CE,Federal Contract Tower,0,1,4,4,9,0,8,26,4,38,0,9,30,8,47,28,8,36,83
05/02/2009,HOB,NM,ASW,CE,Federal Contract Tower,0,0,3,0,3,0,0,23,0,23,0,0,26,0,26,10,0,10,36
05/03/2009,HOB,NM,ASW,CE,Federal Contract Tower,0,0,2,0,2,0,0,22,0,22,0,0,24,0,24,26,0,26,50
05/04/2009,HOB,NM,ASW,CE,Federal Contract Tower,0,5,8,0,13,0,9,31,0,40,0,14,39,0,53,18,0,18,71
05/05/2009,HOB,NM,ASW,CE,Federal Contract Tower,0,2,4,0,6,0,6,29,0,35,0,8,33,0,41,60,0,60,101
05/06/2009,HOB,NM,ASW,CE,Federal Contract Tower,0,3,4,0,7,0,9,35,0,44,0,12,39,0,51,46,0,46,97
05/07/2009,HOB,NM,ASW,CE,Federal Contract Tower,0,0,5,0,5,0,8,34,0,42,0,8,39,0,47,28,0,28,75
05/08/2009,HOB,NM,ASW,CE,Federal Contract Tower,0,0,4,0,4,0,6,30,0,36,0,6,34,0,40,18,0,18,58
05/09/2009,HOB,NM,ASW,CE,Federal Contract Tower,0,0,2,0,2,0,2,17,0,19,0,2,19,0,21,88,0,88,109
05/10/2009,HOB,NM,ASW,CE,Federal Contract Tower,0,0,6,0,6,0,0,24,2,26,0,0,30,2,32,10,0,10,42
05/11/2009,HOB,NM,ASW,CE,Federal Contract Tower,0,5,2,0,7,0,8,15,0,23,0,13,17,0,30,0,0,0,30
05/12/2009,HOB,NM,ASW,CE,Federal Contract Tower,0,0,2,0,2,0,8,23,0,31,0,8,25,0,33,26,0,26,59
05/13/2009,HOB,NM,ASW,CE,Federal Contract Tower,0,0,3,2,5,0,6,19,2,27,0,6,22,4,32,34,20,54,86
05/14/2009,HOB,NM,ASW,CE,Federal Contract Tower,0,0,2,0,2,0,6,27,0,33,0,6,29,0,35,16,0,16,51
05/15/2009,HOB,NM,ASW,CE,Federal Contract Tower,0,0,2,0,2,0,6,29,4,39,0,6,31,4,41,14,2,16,57
05/16/2009,HOB,NM,ASW,CE,Federal Contract Tower,0,3,5,2,10,0,3,8,2,13,0,6,13,4,23,38,0,38,61
05/17/2009,HOB,NM,ASW,CE,Federal Contract Tower,0,0,3,0,3,0,0,12,2,14,0,0,15,2,17,0,2,2,19
05/18/2009,HOB,NM,ASW,CE,Federal Contract Tower,0,4,1,0,5,0,12,29,0,41,0,16,30,0,46,22,0,22,68
05/19/2009,HOB,NM,ASW,CE,Federal Contract Tower,0,0,1,0,1,0,3,21,0,24,0,3,22,0,25,20,0,20,45
05/20/2009,HOB,NM,ASW,CE,Federal Contract Tower,0,0,5,0,5,0,3,26,0,29,0,3,31,0,34,14,0,14,48
05/21/2009,HOB,NM,ASW,CE,Federal Contract Tower,0,0,5,0,5,0,6,24,0,30,0,6,29,0,35,38,0,38,73
05/22/2009,HOB,NM,ASW,CE,Federal Contract Tower,0,4,8,0,12,0,8,30,0,38,0,12,38,0,50,26,0,26,76
05/23/2009,HOB,NM,ASW,CE,Federal Contract Tower,0,2,2,0,4,0,2,17,0,19,0,4,19,0,23,48,0,48,71
05/24/2009,HOB,NM,ASW,CE,Federal Contract Tower,0,0,1,0,1,0,0,24,0,24,0,0,25,0,25,52,0,52,77
05/25/2009,HOB,NM,ASW,CE,Federal Contract Tower,0,0,2,0,2,0,2,19,0,21,0,2,21,0,23,26,0,26,49
05/26/2009,HOB,NM,ASW,CE,Federal Contract Tower,0,0,3,0,3,0,6,23,0,29,0,6,26,0,32,64,0,64,96
05/27/2009,HOB,NM,ASW,CE,Federal Contract Tower,0,2,4,0,6,0,9,19,0,28,0,11,23,0,34,26,0,26,60
05/28/2009,HOB,NM,ASW,CE,Federal Contract Tower,0,1,7,0,8,0,6,35,0,41,0,7,42,0,49,44,0,44,93
05/29/2009,HOB,NM,ASW,CE,Federal Contract Tower,0,1,2,0,3,0,7,29,0,36,0,8,31,0,39,28,0,28,67
05/30/2009,HOB,NM,ASW,CE,Federal Contract Tower,0,0,1,0,1,0,17,20,0,37,0,17,21,0,38,0,0,0,38
05/31/2009,HOB,NM,ASW,CE,Federal Contract Tower,0,0,1,0,1,0,18,26,0,44,0,18,27,0,45,0,0,0,45
06/01/2009,HOB,NM,ASW,CE,Federal Contract Tower,0,2,7,6,15,0,8,34,2,44,0,10,41,8,59,0,18,18,77
06/02/2009,HOB,NM,ASW,CE,Federal Contract Tower,0,0,4,0,4,0,8,32,0,40,0,8,36,0,44,24,0,24,68
06/03/2009,HOB,NM,ASW,CE,Federal Contract Tower,0,0,11,0,11,0,8,49,0,57,0,8,60,0,68,52,0,52,120
06/04/2009,HOB,NM,ASW,CE,Federal Contract Tower,0,0,6,0,6,0,7,29,0,36,0,7,35,0,42,14,0,14,56
06/05/2009,HOB,NM,ASW,CE,Federal Contract Tower,0,0,6,0,6,0,6,35,0,41,0,6,41,0,47,10,0,10,57
06/06/2009,HOB,NM,ASW,CE,Federal Contract Tower,0,1,3,0,4,0,1,23,0,24,0,2,26,0,28,8,0,8,36
06/07/2009,HOB,NM,ASW,CE,Federal Contract Tower,0,2,5,0,7,0,2,22,0,24,0,4,27,0,31,12,0,12,43
06/08/2009,HOB,NM,ASW,CE,Federal Contract Tower,0,0,7,0,7,0,8,23,0,31,0,8,30,0,38,22,0,22,60
06/09/2009,HOB,NM,ASW,CE,Federal Contract Tower,0,0,3,0,3,0,6,30,0,36,0,6,33,0,39,16,0,16,55
06/10/2009,HOB,NM,ASW,CE,Federal Contract Tower,0,1,7,0,8,0,7,18,0,25,0,8,25,0,33,12,0,12,45
06/11/2009,HOB,NM,ASW,CE,Federal Contract Tower,0,0,10,0,10,0,7,37,0,44,0,7,47,0,54,10,0,10,64
06/12/2009,HOB,NM,ASW,CE,Federal Contract Tower,0,0,4,0,4,0,6,34,0,40,0,6,38,0,44,12,0,12,56
06/13/2009,HOB,NM,ASW,CE,Federal Contract Tower,0,0,20,0,20,0,0,25,0,25,0,0,45,0,45,28,0,28,73
06/14/2009,HOB,NM,ASW,CE,Federal Contract Tower,0,0,5,0,5,0,0,23,0,23,0,0,28,0,28,10,0,10,38
06/15/2009,HOB,NM,ASW,CE,Federal Contract Tower,0,0,3,0,3,0,0,35,0,35,0,0,38,0,38,12,0,12,50
06/16/2009,HOB,NM,ASW,CE,Federal Contract Tower,0,0,5,0,5,0,6,35,2,43,0,6,40,2,48,12,0,12,60
06/17/2009,HOB,NM,ASW,CE,Federal Contract Tower,0,0,4,0,4,0,7,19,2,28,0,7,23,2,32,24,0,24,56
06/18/2009,HOB,NM,ASW,CE,Federal Contract Tower,0,0,5,0,5,0,6,29,2,37,0,6,34,2,42,18,0,18,60
06/19/2009,HOB,NM,ASW,CE,Federal Contract Tower,0,2,4,0,6,0,6,27,0,33,0,8,31,0,39,20,0,20,59
06/20/2009,HOB,NM,ASW,CE,Federal Contract Tower,0,0,1,0,1,0,0,17,0,17,0,0,18,0,18,4,0,4,22
06/21/2009,HOB,NM,ASW,CE,Federal Contract Tower,0,0,3,0,3,0,0,22,0,22,0,0,25,0,25,10,0,10,35
06/22/2009,HOB,NM,ASW,CE,Federal Contract Tower,0,1,2,0,3,0,9,26,0,35,0,10,28,0,38,20,0,20,58
06/23/2009,HOB,NM,ASW,CE,Federal Contract Tower,0,0,1,0,1,0,6,27,0,33,0,6,28,0,34,18,0,18,52
06/24/2009,HOB,NM,ASW,CE,Federal Contract Tower,0,1,8,0,9,0,7,26,0,33,0,8,34,0,42,22,0,22,64
06/25/2009,HOB,NM,ASW,CE,Federal Contract Tower,0,1,6,0,7,0,8,30,0,38,0,9,36,0,45,12,0,12,57
06/26/2009,HOB,NM,ASW,CE,Federal Contract Tower,0,1,5,0,6,0,7,28,0,35,0,8,33,0,41,10,0,10,51
06/27/2009,HOB,NM,ASW,CE,Federal Contract Tower,0,0,2,0,2,0,0,69,0,69,0,0,71,0,71,22,0,22,93
06/28/2009,HOB,NM,ASW,CE,Federal Contract Tower,0,2,3,0,5,0,2,15,0,17,0,4,18,0,22,18,0,18,40
06/29/2009,HOB,NM,ASW,CE,Federal Contract Tower,0,2,5,0,7,0,6,17,0,23,0,8,22,0,30,26,0,26,56
06/30/2009,HOB,NM,ASW,CE,Federal Contract Tower,0,1,4,0,5,0,6,19,0,25,0,7,23,0,30,28,0,28,58
07/01/2009,HOB,NM,ASW,CE,Federal Contract Tower,0,0,1,1,2,0,6,25,0,31,0,6,26,1,33,20,0,20,53
07/02/2009,HOB,NM,ASW,CE,Federal Contract Tower,0,0,8,0,8,0,6,17,0,23,0,6,25,0,31,22,0,22,53
07/03/2009,HOB,NM,ASW,CE,Federal Contract Tower,0,0,0,0,0,0,5,22,0,27,0,5,22,0,27,16,0,16,43
07/04/2009,HOB,NM,ASW,CE,Federal Contract Tower,0,0,1,0,1,0,0,20,0,20,0,0,21,0,21,0,0,0,21
07/05/2009,HOB,NM,ASW,CE,Federal Contract Tower,0,0,2,0,2,0,0,20,0,20,0,0,22,0,22,16,0,16,38
07/06/2009,HOB,NM,ASW,CE,Federal Contract Tower,0,1,10,0,11,0,5,33,0,38,0,6,43,0,49,10,0,10,59
07/07/2009,HOB,NM,ASW,CE,Federal Contract Tower,0,0,5,0,5,0,8,27,0,35,0,8,32,0,40,16,0,16,56
07/08/2009,HOB,NM,ASW,CE,Federal Contract Tower,0,0,5,0,5,0,6,19,0,25,0,6,24,0,30,18,0,18,48
07/09/2009,HOB,NM,ASW,CE,Federal Contract Tower,0,0,5,0,5,0,7,46,0,53,0,7,51,0,58,22,0,22,80
07/10/2009,HOB,NM,ASW,CE,Federal Contract Tower,0,0,4,0,4,0,4,32,0,36,0,4,36,0,40,18,0,18,58
07/11/2009,HOB,NM,ASW,CE,Federal Contract Tower,0,0,1,0,1,0,0,16,0,16,0,0,17,0,17,6,0,6,23
07/12/2009,HOB,NM,ASW,CE,Federal Contract Tower,0,0,0,0,0,0,0,14,0,14,0,0,14,0,14,18,0,18,32
07/13/2009,HOB,NM,ASW,CE,Federal Contract Tower,0,0,1,1,2,0,4,18,6,28,0,4,19,7,30,6,56,62,92
07/14/2009,HOB,NM,ASW,CE,Federal Contract Tower,0,0,4,0,4,0,7,20,2,29,0,7,24,2,33,18,12,30,63
07/15/2009,HOB,NM,ASW,CE,Federal Contract Tower,0,0,5,0,5,0,8,23,0,31,0,8,28,0,36,34,0,34,70
07/16/2009,HOB,NM,ASW,CE,Federal Contract Tower,0,0,10,0,10,0,7,35,0,42,0,7,45,0,52,12,0,12,64
07/17/2009,HOB,NM,ASW,CE,Federal Contract Tower,0,1,4,0,5,0,7,31,0,38,0,8,35,0,43,22,0,22,65
07/18/2009,HOB,NM,ASW,CE,Federal Contract Tower,0,0,0,0,0,0,0,20,0,20,0,0,20,0,20,8,0,8,28
07/19/2009,HOB,NM,ASW,CE,Federal Contract Tower,0,1,1,0,2,0,1,17,0,18,0,2,18,0,20,14,0,14,34
07/20/2009,HOB,NM,ASW,CE,Federal Contract Tower,0,1,4,0,5,0,7,36,0,43,0,8,40,0,48,12,0,12,60
07/21/2009,HOB,NM,ASW,CE,Federal Contract Tower,0,1,4,0,5,0,4,31,0,35,0,5,35,0,40,14,0,14,54
07/22/2009,HOB,NM,ASW,CE,Federal Contract Tower,0,5,2,0,7,0,8,16,0,24,0,13,18,0,31,6,0,6,37
07/23/2009,HOB,NM,ASW,CE,Federal Contract Tower,0,3,9,1,13,0,6,29,2,37,0,9,38,3,50,16,2,18,68
07/24/2009,HOB,NM,ASW,CE,Federal Contract Tower,0,1,4,0,5,0,6,27,0,33,0,7,31,0,38,24,0,24,62
07/25/2009,HOB,NM,ASW,CE,Federal Contract Tower,0,0,0,0,0,0,0,17,0,17,0,0,17,0,17,12,0,12,29
07/26/2009,HOB,NM,ASW,CE,Federal Contract Tower,0,0,0,0,0,0,0,21,0,21,0,0,21,0,21,14,0,14,35
07/27/2009,HOB,NM,ASW,CE,Federal Contract Tower,0,0,4,0,4,0,6,34,0,40,0,6,38,0,44,14,0,14,58
07/28/2009,HOB,NM,ASW,CE,Federal Contract Tower,0,3,3,0,6,0,6,30,0,36,0,9,33,0,42,10,0,10,52
07/29/2009,HOB,NM,ASW,CE,Federal Contract Tower,0,0,3,0,3,0,7,35,0,42,0,7,38,0,45,22,0,22,67
07/30/2009,HOB,NM,ASW,CE,Federal Contract Tower,0,6,7,0,13,0,7,37,0,44,0,13,44,0,57,28,0,28,85
07/31/2009,HOB,NM,ASW,CE,Federal Contract Tower,0,0,5,3,8,0,8,25,0,33,0,8,30,3,41,20,4,24,65
08/01/2009,HOB,NM,ASW,CE,Federal Contract Tower,0,0,6,2,8,0,0,12,0,12,0,0,18,2,20,18,2,20,40
08/02/2009,HOB,NM,ASW,CE,Federal Contract Tower,0,0,2,0,2,0,0,16,0,16,0,0,18,0,18,22,0,22,40
08/03/2009,HOB,NM,ASW,CE,Federal Contract Tower,0,0,7,0,7,0,6,29,0,35,0,6,36,0,42,14,0,14,56
08/04/2009,HOB,NM,ASW,CE,Federal Contract Tower,0,0,6,4,10,0,8,26,0,34,0,8,32,4,44,16,0,16,60
08/05/2009,HOB,NM,ASW,CE,Federal Contract Tower,0,0,6,0,6,0,6,41,0,47,0,6,47,0,53,28,0,28,81
08/06/2009,HOB,NM,ASW,CE,Federal Contract Tower,0,0,5,0,5,0,6,19,0,25,0,6,24,0,30,20,0,20,50
08/07/2009,HOB,NM,ASW,CE,Federal Contract Tower,0,0,1,0,1,0,6,27,0,33,0,6,28,0,34,14,0,14,48
08/08/2009,HOB,NM,ASW,CE,Federal Contract Tower,0,0,3,0,3,0,0,41,0,41,0,0,44,0,44,12,0,12,56
08/09/2009,HOB,NM,ASW,CE,Federal Contract Tower,0,0,3,0,3,0,0,18,0,18,0,0,21,0,21,14,0,14,35
08/10/2009,HOB,NM,ASW,CE,Federal Contract Tower,0,0,2,0,2,0,2,20,2,24,0,2,22,2,26,20,0,20,46
08/11/2009,HOB,NM,ASW,CE,Federal Contract Tower,0,2,3,0,5,0,6,25,0,31,0,8,28,0,36,18,0,18,54
08/12/2009,HOB,NM,ASW,CE,Federal Contract Tower,0,0,4,0,4,0,4,30,0,34,0,4,34,0,38,34,0,34,72
08/13/2009,HOB,NM,ASW,CE,Federal Contract Tower,0,0,5,0,5,0,6,28,0,34,0,6,33,0,39,16,0,16,55
08/14/2009,HOB,NM,ASW,CE,Federal Contract Tower,0,0,4,0,4,0,6,31,0,37,0,6,35,0,41,44,0,44,85
08/15/2009,HOB,NM,ASW,CE,Federal Contract Tower,0,0,4,0,4,0,2,19,0,21,0,2,23,0,25,20,0,20,45
08/16/2009,HOB,NM,ASW,CE,Federal Contract Tower,0,0,2,0,2,0,0,21,0,21,0,0,23,0,23,20,0,20,43
08/17/2009,HOB,NM,ASW,CE,Federal Contract Tower,0,0,3,1,4,0,6,31,2,39,0,6,34,3,43,14,8,22,65
08/18/2009,HOB,NM,ASW,CE,Federal Contract Tower,0,0,5,0,5,0,8,26,0,34,0,8,31,0,39,12,0,12,51
08/19/2009,HOB,NM,ASW,CE,Federal Contract Tower,0,2,10,0,12,0,8,34,0,42,0,10,44,0,54,16,0,16,70
08/20/2009,HOB,NM,ASW,CE,Federal Contract Tower,0,1,3,0,4,0,8,32,0,40,0,9,35,0,44,22,0,22,66
08/21/2009,HOB,NM,ASW,CE,Federal Contract Tower,0,1,2,0,3,0,5,22,4,31,0,6,24,4,34,28,0,28,62
08/22/2009,HOB,NM,ASW,CE,Federal Contract Tower,0,0,3,0,3,0,0,15,2,17,0,0,18,2,20,4,0,4,24
08/23/2009,HOB,NM,ASW,CE,Federal Contract Tower,0,0,5,0,5,0,2,23,0,25,0,2,28,0,30,12,0,12,42
08/24/2009,HOB,NM,ASW,CE,Federal Contract Tower,0,0,5,0,5,0,8,32,0,40,0,8,37,0,45,32,0,32,77
08/25/2009,HOB,NM,ASW,CE,Federal Contract Tower,0,0,3,0,3,0,8,28,0,36,0,8,31,0,39,14,0,14,53
08/26/2009,HOB,NM,ASW,CE,Federal Contract Tower,0,0,2,0,2,0,6,23,0,29,0,6,25,0,31,16,0,16,47
08/27/2009,HOB,NM,ASW,CE,Federal Contract Tower,0,2,4,0,6,0,7,34,0,41,0,9,38,0,47,12,0,12,59
08/28/2009,HOB,NM,ASW,CE,Federal Contract Tower,0,0,1,0,1,0,6,29,0,35,0,6,30,0,36,28,0,28,64
08/29/2009,HOB,NM,ASW,CE,Federal Contract Tower,0,0,2,0,2,0,0,17,0,17,0,0,19,0,19,8,0,8,27
08/30/2009,HOB,NM,ASW,CE,Federal Contract Tower,0,0,2,0,2,0,0,25,0,25,0,0,27,0,27,14,0,14,41
08/31/2009,HOB,NM,ASW,CE,Federal Contract Tower,0,0,4,0,4,0,8,29,0,37,0,8,33,0,41,22,0,22,63
09/01/2009,HOB,NM,ASW,CE,Federal Contract Tower,0,0,3,0,3,0,8,34,0,42,0,8,37,0,45,22,0,22,67
09/02/2009,HOB,NM,ASW,CE,Federal Contract Tower,0,2,8,0,10,0,8,28,0,36,0,10,36,0,46,18,0,18,64
09/03/2009,HOB,NM,ASW,CE,Federal Contract Tower,0,0,6,0,6,0,6,32,0,38,0,6,38,0,44,16,0,16,60
09/04/2009,HOB,NM,ASW,CE,Federal Contract Tower,0,4,3,0,7,0,10,34,0,44,0,14,37,0,51,12,0,12,63
09/05/2009,HOB,NM,ASW,CE,Federal Contract Tower,0,1,1,0,2,0,1,19,0,20,0,2,20,0,22,14,0,14,36
09/06/2009,HOB,NM,ASW,CE,Federal Contract Tower,0,1,0,0,1,0,0,6,0,6,0,1,6,0,7,12,0,12,19
09/07/2009,HOB,NM,ASW,CE,Federal Contract Tower,0,2,2,0,4,0,2,22,0,24,0,4,24,0,28,24,0,24,52
09/08/2009,HOB,NM,ASW,CE,Federal Contract Tower,0,0,2,1,3,0,8,28,2,38,0,8,30,3,41,22,4,26,67
09/09/2009,HOB,NM,ASW,CE,Federal Contract Tower,0,0,5,0,5,0,7,27,0,34,0,7,32,0,39,38,0,38,77
09/10/2009,HOB,NM,ASW,CE,Federal Contract Tower,0,2,5,0,7,0,7,19,0,26,0,9,24,0,33,8,0,8,41
09/11/2009,HOB,NM,ASW,CE,Federal Contract Tower,0,0,4,0,4,0,6,29,0,35,0,6,33,0,39,26,0,26,65
09/12/2009,HOB,NM,ASW,CE,Federal Contract Tower,0,0,3,0,3,0,0,9,0,9,0,0,12,0,12,0,0,0,12
09/13/2009,HOB,NM,ASW,CE,Federal Contract Tower,0,0,2,0,2,0,0,21,0,21,0,0,23,0,23,12,0,12,35
09/14/2009,HOB,NM,ASW,CE,Federal Contract Tower,0,2,6,0,8,0,8,35,0,43,0,10,41,0,51,26,0,26,77
09/15/2009,HOB,NM,ASW,CE,Federal Contract Tower,0,0,11,0,11,0,6,36,0,42,0,6,47,0,53,26,0,26,79
09/16/2009,HOB,NM,ASW,CE,Federal Contract Tower,0,0,8,0,8,0,7,25,0,32,0,7,33,0,40,6,0,6,46
09/17/2009,HOB,NM,ASW,CE,Federal Contract Tower,0,0,6,0,6,0,8,28,0,36,0,8,34,0,42,12,0,12,54
09/18/2009,HOB,NM,ASW,CE,Federal Contract Tower,0,2,5,0,7,0,6,33,0,39,0,8,38,0,46,10,0,10,56
09/19/2009,HOB,NM,ASW,CE,Federal Contract Tower,0,0,0,0,0,0,0,18,0,18,0,0,18,0,18,20,0,20,38
09/20/2009,HOB,NM,ASW,CE,Federal Contract Tower,0,0,5,0,5,0,0,28,0,28,0,0,33,0,33,14,0,14,47
09/21/2009,HOB,NM,ASW,CE,Federal Contract Tower,0,2,5,0,7,0,11,31,0,42,0,13,36,0,49,12,0,12,61
09/22/2009,HOB,NM,ASW,CE,Federal Contract Tower,0,0,7,4,11,0,6,26,4,36,0,6,33,8,47,20,12,32,79
09/23/2009,HOB,NM,ASW,CE,Federal Contract Tower,0,0,4,0,4,0,8,19,0,27,0,8,23,0,31,30,2,32,63
09/24/2009,HOB,NM,ASW,CE,Federal Contract Tower,0,0,7,0,7,0,6,28,0,34,0,6,35,0,41,16,0,16,57
09/25/2009,HOB,NM,ASW,CE,Federal Contract Tower,0,0,7,0,7,0,4,33,2,39,0,4,40,2,46,18,0,18,64
09/26/2009,HOB,NM,ASW,CE,Federal Contract Tower,0,1,2,0,3,0,1,19,2,22,0,2,21,2,25,0,0,0,25
09/27/2009,HOB,NM,ASW,CE,Federal Contract Tower,0,0,6,0,6,0,0,31,0,31,0,0,37,0,37,20,0,20,57
09/28/2009,HOB,NM,ASW,CE,Federal Contract Tower,0,0,5,0,5,0,10,34,0,44,0,10,39,0,49,20,0,20,69
09/29/2009,HOB,NM,ASW,CE,Federal Contract Tower,0,1,2,0,3,0,6,24,0,30,0,7,26,0,33,18,0,18,51
09/30/2009,HOB,NM,ASW,CE,Federal Contract Tower,0,2,3,0,5,0,4,36,0,40,0,6,39,0,45,22,0,22,67
10/01/2009,HOB,NM,ASW,CE,Federal Contract Tower,0,0,2,0,2,0,7,32,0,39,0,7,34,0,41,26,0,26,67
10/02/2009,HOB,NM,ASW,CE,Federal Contract Tower,0,0,3,0,3,0,6,28,0,34,0,6,31,0,37,24,0,24,61
10/03/2009,HOB,NM,ASW,CE,Federal Contract Tower,0,0,0,0,0,0,6,24,0,30,0,6,24,0,30,18,0,18,48
10/04/2009,HOB,NM,ASW,CE,Federal Contract Tower,0,1,8,0,9,0,1,28,0,29,0,2,36,0,38,12,0,12,50
10/05/2009,HOB,NM,ASW,CE,Federal Contract Tower,0,1,2,0,3,0,8,26,0,34,0,9,28,0,37,10,0,10,47
10/06/2009,HOB,NM,ASW,CE,Federal Contract Tower,0,1,8,0,9,0,10,33,0,43,0,11,41,0,52,22,0,22,74
10/07/2009,HOB,NM,ASW,CE,Federal Contract Tower,0,6,9,0,15,0,8,10,0,18,0,14,19,0,33,22,0,22,55
10/08/2009,HOB,NM,ASW,CE,Federal Contract Tower,0,6,2,0,8,0,9,19,0,28,0,15,21,0,36,44,0,44,80
10/09/2009,HOB,NM,ASW,CE,Federal Contract Tower,0,5,2,0,7,0,6,27,0,33,0,11,29,0,40,30,0,30,70
10/10/2009,HOB,NM,ASW,CE,Federal Contract Tower,0,0,1,0,1,0,0,19,0,19,0,0,20,0,20,18,0,18,38
10/11/2009,HOB,NM,ASW,CE,Federal Contract Tower,0,2,6,0,8,0,2,6,0,8,0,4,12,0,16,0,0,0,16
10/12/2009,HOB,NM,ASW,CE,Federal Contract Tower,0,1,6,0,7,0,4,21,0,25,0,5,27,0,32,14,0,14,46
10/13/2009,HOB,NM,ASW,CE,Federal Contract Tower,0,3,3,0,6,0,8,32,0,40,0,11,35,0,46,16,0,16,62
10/14/2009,HOB,NM,ASW,CE,Federal Contract Tower,0,0,7,0,7,0,12,34,0,46,0,12,41,0,53,38,0,38,91
10/15/2009,HOB,NM,ASW,CE,Federal Contract Tower,0,0,4,0,4,0,8,28,0,36,0,8,32,0,40,16,4,20,60
10/16/2009,HOB,NM,ASW,CE,Federal Contract Tower,0,2,4,0,6,0,10,27,0,37,0,12,31,0,43,24,0,24,67
10/17/2009,HOB,NM,ASW,CE,Federal Contract Tower,0,0,0,0,0,0,0,18,0,18,0,0,18,0,18,34,0,34,52
10/18/2009,HOB,NM,ASW,CE,Federal Contract Tower,0,0,1,0,1,0,0,21,0,21,0,0,22,0,22,50,0,50,72
10/19/2009,HOB,NM,ASW,CE,Federal Contract Tower,0,0,3,0,3,0,4,22,0,26,0,4,25,0,29,24,0,24,53
10/20/2009,HOB,NM,ASW,CE,Federal Contract Tower,0,1,9,0,10,0,9,36,0,45,0,10,45,0,55,12,0,12,67
10/21/2009,HOB,NM,ASW,CE,Federal Contract Tower,0,5,9,0,14,0,9,27,0,36,0,14,36,0,50,16,0,16,66
10/22/2009,HOB,NM,ASW,CE,Federal Contract Tower,0,0,1,0,1,0,8,33,0,41,0,8,34,0,42,6,0,6,48
10/23/2009,HOB,NM,ASW,CE,Federal Contract Tower,0,0,4,0,4,0,6,32,0,38,0,6,36,0,42,30,0,30,72
10/24/2009,HOB,NM,ASW,CE,Federal Contract Tower,0,0,6,0,6,0,0,24,0,24,0,0,30,0,30,14,0,14,44
10/25/2009,HOB,NM,ASW,CE,Federal Contract Tower,0,0,7,0,7,0,0,25,0,25,0,0,32,0,32,12,0,12,44
10/26/2009,HOB,NM,ASW,CE,Federal Contract Tower,0,4,2,0,6,0,0,28,0,28,0,4,30,0,34,12,0,12,46
10/27/2009,HOB,NM,ASW,CE,Federal Contract Tower,0,1,3,0,4,0,6,26,0,32,0,7,29,0,36,20,0,20,56
10/28/2009,HOB,NM,ASW,CE,Federal Contract Tower,0,3,9,0,12,0,8,25,0,33,0,11,34,0,45,24,0,24,69
10/29/2009,HOB,NM,ASW,CE,Federal Contract Tower,0,3,5,0,8,0,8,23,0,31,0,11,28,0,39,12,6,18,57
10/30/2009,HOB,NM,ASW,CE,Federal Contract Tower,0,0,3,0,3,0,8,25,0,33,0,8,28,0,36,10,0,10,46
10/31/2009,HOB,NM,ASW,CE,Federal Contract Tower,0,0,4,0,4,0,0,20,0,20,0,0,24,0,24,8,0,8,32
11/01/2009,HOB,NM,ASW,CE,Federal Contract Tower,0,0,3,0,3,0,0,24,0,24,0,0,27,0,27,20,0,20,47
11/02/2009,HOB,NM,ASW,CE,Federal Contract Tower,0,0,1,0,1,0,6,25,0,31,0,6,26,0,32,14,0,14,46
11/03/2009,HOB,NM,ASW,CE,Federal Contract Tower,0,0,5,0,5,0,6,18,0,24,0,6,23,0,29,36,0,36,65
11/04/2009,HOB,NM,ASW,CE,Federal Contract Tower,0,0,5,0,5,0,0,26,0,26,0,0,31,0,31,20,0,20,51
11/05/2009,HOB,NM,ASW,CE,Federal Contract Tower,0,0,8,0,8,0,9,51,0,60,0,9,59,0,68,60,0,60,128
11/06/2009,HOB,NM,ASW,CE,Federal Contract Tower,0,0,3,0,3,0,8,20,2,30,0,8,23,2,33,8,36,44,77
11/07/2009,HOB,NM,ASW,CE,Federal Contract Tower,0,1,5,0,6,0,0,30,0,30,0,1,35,0,36,34,0,34,70
11/08/2009,HOB,NM,ASW,CE,Federal Contract Tower,0,2,6,0,8,0,0,20,2,22,0,2,26,2,30,10,0,10,40
11/09/2009,HOB,NM,ASW,CE,Federal Contract Tower,0,3,0,0,3,0,5,15,0,20,0,8,15,0,23,20,0,20,43
11/10/2009,HOB,NM,ASW,CE,Federal Contract Tower,0,3,8,0,11,0,3,21,0,24,0,6,29,0,35,32,0,32,67
11/11/2009,HOB,NM,ASW,CE,Federal Contract Tower,0,0,1,0,1,0,8,25,0,33,0,8,26,0,34,54,0,54,88
11/12/2009,HOB,NM,ASW,CE,Federal Contract Tower,0,4,9,0,13,0,11,35,0,46,0,15,44,0,59,28,0,28,87
11/13/2009,HOB,NM,ASW,CE,Federal Contract Tower,0,0,2,0,2,0,8,20,0,28,0,8,22,0,30,18,0,18,48
11/14/2009,HOB,NM,ASW,CE,Federal Contract Tower,0,0,2,0,2,0,0,23,0,23,0,0,25,0,25,28,0,28,53
11/15/2009,HOB,NM,ASW,CE,Federal Contract Tower,0,2,1,0,3,0,0,19,0,19,0,2,20,0,22,18,0,18,40
11/16/2009,HOB,NM,ASW,CE,Federal Contract Tower,0,0,3,0,3,0,8,21,0,29,0,8,24,0,32,20,0,20,52
11/17/2009,HOB,NM,ASW,CE,Federal Contract Tower,0,0,3,0,3,0,8,21,0,29,0,8,24,0,32,16,0,16,48
11/18/2009,HOB,NM,ASW,CE,Federal Contract Tower,0,0,3,0,3,0,8,34,0,42,0,8,37,0,45,26,0,26,71
11/19/2009,HOB,NM,ASW,CE,Federal Contract Tower,0,0,7,0,7,0,0,41,0,41,0,0,48,0,48,22,0,22,70
11/20/2009,HOB,NM,ASW,CE,Federal Contract Tower,0,2,4,0,6,0,8,25,0,33,0,10,29,0,39,10,0,10,49
11/21/2009,HOB,NM,ASW,CE,Federal Contract Tower,0,0,0,0,0,0,0,14,0,14,0,0,14,0,14,4,0,4,18
11/22/2009,HOB,NM,ASW,CE,Federal Contract Tower,0,0,2,0,2,0,0,17,0,17,0,0,19,0,19,16,0,16,35
11/23/2009,HOB,NM,ASW,CE,Federal Contract Tower,0,2,2,0,4,0,6,17,0,23,0,8,19,0,27,14,0,14,41
11/24/2009,HOB,NM,ASW,CE,Federal Contract Tower,0,1,1,0,2,0,7,21,0,28,0,8,22,0,30,24,0,24,54
11/25/2009,HOB,NM,ASW,CE,Federal Contract Tower,0,1,5,0,6,0,8,32,0,40,0,9,37,0,46,26,0,26,72
11/26/2009,HOB,NM,ASW,CE,Federal Contract Tower,0,0,1,0,1,0,2,8,0,10,0,2,9,0,11,20,0,20,31
11/27/2009,HOB,NM,ASW,CE,Federal Contract Tower,0,0,0,0,0,0,4,16,0,20,0,4,16,0,20,34,0,34,54
11/28/2009,HOB,NM,ASW,CE,Federal Contract Tower,0,1,3,0,4,0,0,13,0,13,0,1,16,0,17,30,0,30,47
11/29/2009,HOB,NM,ASW,CE,Federal Contract Tower,0,0,7,0,7,0,0,2,0,2,0,0,9,0,9,0,0,0,9
11/30/2009,HOB,NM,ASW,CE,Federal Contract Tower,0,1,6,0,7,0,3,16,0,19,0,4,22,0,26,12,0,12,38
12/01/2009,HOB,NM,ASW,CE,Federal Contract Tower,0,8,2,0,10,0,1,11,0,12,0,9,13,0,22,10,0,10,32
12/02/2009,HOB,NM,ASW,CE,Federal Contract Tower,0,4,8,0,12,0,9,23,0,32,0,13,31,0,44,18,0,18,62
12/03/2009,HOB,NM,ASW,CE,Federal Contract Tower,0,0,4,0,4,0,3,7,0,10,0,3,11,0,14,12,0,12,26
12/04/2009,HOB,NM,ASW,CE,Federal Contract Tower,0,4,4,0,8,0,2,13,0,15,0,6,17,0,23,8,0,8,31
12/05/2009,HOB,NM,ASW,CE,Federal Contract Tower,0,0,2,0,2,0,0,15,0,15,0,0,17,0,17,4,0,4,21
12/06/2009,HOB,NM,ASW,CE,Federal Contract Tower,0,4,12,0,16,0,0,7,0,7,0,4,19,0,23,10,0,10,33
12/07/2009,HOB,NM,ASW,CE,Federal Contract Tower,0,4,0,0,4,0,0,0,0,0,0,4,0,0,4,0,0,0,4
12/08/2009,HOB,NM,ASW,CE,Federal Contract Tower,0,2,2,0,4,0,7,0,0,7,0,9,2,0,11,2,0,2,13
12/09/2009,HOB,NM,ASW,CE,Federal Contract Tower,0,2,4,0,6,0,6,23,0,29,0,8,27,0,35,28,0,28,63
12/10/2009,HOB,NM,ASW,CE,Federal Contract Tower,0,3,7,0,10,0,8,36,0,44,0,11,43,0,54,38,0,38,92
12/11/2009,HOB,NM,ASW,CE,Federal Contract Tower,0,1,5,0,6,0,7,23,0,30,0,8,28,0,36,26,0,26,62
12/12/2009,HOB,NM,ASW,CE,Federal Contract Tower,0,0,0,0,0,0,0,8,0,8,0,0,8,0,8,10,0,10,18
12/13/2009,HOB,NM,ASW,CE,Federal Contract Tower,0,0,2,0,2,0,0,14,0,14,0,0,16,0,16,12,0,12,28
12/14/2009,HOB,NM,ASW,CE,Federal Contract Tower,0,1,7,0,8,0,5,15,2,22,0,6,22,2,30,22,18,40,70
12/15/2009,HOB,NM,ASW,CE,Federal Contract Tower,0,2,8,0,10,0,9,27,0,36,0,11,35,0,46,12,0,12,58
12/16/2009,HOB,NM,ASW,CE,Federal Contract Tower,0,1,6,0,7,0,9,30,0,39,0,10,36,0,46,16,0,16,62
12/17/2009,HOB,NM,ASW,CE,Federal Contract Tower,0,0,6,0,6,0,8,34,2,44,0,8,40,2,50,10,2,12,62
12/18/2009,HOB,NM,ASW,CE,Federal Contract Tower,0,0,3,2,5,0,6,13,0,19,0,6,16,2,24,14,18,32,56
12/19/2009,HOB,NM,ASW,CE,Federal Contract Tower,0,0,3,0,3,0,0,18,0,18,0,0,21,0,21,8,0,8,29
12/20/2009,HOB,NM,ASW,CE,Federal Contract Tower,0,0,2,0,2,0,0,22,0,22,0,0,24,0,24,42,0,42,66
12/21/2009,HOB,NM,ASW,CE,Federal Contract Tower,0,4,0,0,4,0,4,21,0,25,0,8,21,0,29,0,0,0,29
12/22/2009,HOB,NM,ASW,CE,Federal Contract Tower,0,2,0,0,2,0,8,19,0,27,0,10,19,0,29,0,0,0,29
12/23/2009,HOB,NM,ASW,CE,Federal Contract Tower,0,5,4,0,9,0,8,21,0,29,0,13,25,0,38,12,0,12,50
12/24/2009,HOB,NM,ASW,CE,Federal Contract Tower,0,1,4,0,5,0,7,13,0,20,0,8,17,0,25,4,0,4,29
12/25/2009,HOB,NM,ASW,CE,Federal Contract Tower,0,0,1,0,1,0,0,4,0,4,0,0,5,0,5,2,0,2,7
12/26/2009,HOB,NM,ASW,CE,Federal Contract Tower,0,0,2,0,2,0,0,21,0,21,0,0,23,0,23,10,0,10,33
12/27/2009,HOB,NM,ASW,CE,Federal Contract Tower,0,0,2,0,2,0,2,22,0,24,0,2,24,0,26,0,0,0,26
12/28/2009,HOB,NM,ASW,CE,Federal Contract Tower,0,1,2,0,3,0,3,15,0,18,0,4,17,0,21,18,0,18,39
12/29/2009,HOB,NM,ASW,CE,Federal Contract Tower,0,2,0,0,2,0,0,0,0,0,0,2,0,0,2,0,0,0,2
12/30/2009,HOB,NM,ASW,CE,Federal Contract Tower,0,1,2,0,3,0,7,23,0,30,0,8,25,0,33,30,0,30,63
12/31/2009,HOB,NM,ASW,CE,Federal Contract Tower,0,1,2,0,3,0,6,29,0,35,0,7,31,0,38,22,0,22,60
01/01/2010,HOB,NM,ASW,CE,Federal Contract Tower,0,0,1,0,1,0,2,19,0,21,0,2,20,0,22,4,0,4,26
01/02/2010,HOB,NM,ASW,CE,Federal Contract Tower,0,0,4,0,4,0,0,16,0,16,0,0,20,0,20,10,0,10,30
01/03/2010,HOB,NM,ASW,CE,Federal Contract Tower,0,0,3,0,3,0,0,17,0,17,0,0,20,0,20,11,0,11,31
01/04/2010,HOB,NM,ASW,CE,Federal Contract Tower,0,1,4,0,5,0,5,7,0,12,0,6,11,0,17,18,0,18,35
01/05/2010,HOB,NM,ASW,CE,Federal Contract Tower,0,3,2,0,5,0,2,9,0,11,0,5,11,0,16,34,0,34,50
01/06/2010,HOB,NM,ASW,CE,Federal Contract Tower,0,0,0,0,0,0,10,23,0,33,0,10,23,0,33,18,0,18,51
01/07/2010,HOB,NM,ASW,CE,Federal Contract Tower,0,2,4,0,6,0,8,19,4,31,0,10,23,4,37,14,0,14,51
01/08/2010,HOB,NM,ASW,CE,Federal Contract Tower,0,2,4,0,6,0,2,15,0,17,0,4,19,0,23,0,0,0,23
01/09/2010,HOB,NM,ASW,CE,Federal Contract Tower,0,0,2,0,2,0,0,27,0,27,0,0,29,0,29,52,0,52,81
01/10/2010,HOB,NM,ASW,CE,Federal Contract Tower,0,0,2,0,2,0,0,23,0,23,0,0,25,0,25,30,0,30,55
01/11/2010,HOB,NM,ASW,CE,Federal Contract Tower,0,0,4,0,4,0,6,15,0,21,0,6,19,0,25,8,0,8,33
01/12/2010,HOB,NM,ASW,CE,Federal Contract Tower,0,2,4,0,6,0,8,12,0,20,0,10,16,0,26,10,0,10,36
01/13/2010,HOB,NM,ASW,CE,Federal Contract Tower,0,5,4,0,9,0,11,21,0,32,0,16,25,0,41,10,0,10,51
01/14/2010,HOB,NM,ASW,CE,Federal Contract Tower,0,2,2,0,4,0,8,31,0,39,0,10,33,0,43,24,0,24,67
01/15/2010,HOB,NM,ASW,CE,Federal Contract Tower,0,3,5,0,8,0,5,5,0,10,0,8,10,0,18,10,0,10,28
01/16/2010,HOB,NM,ASW,CE,Federal Contract Tower,0,0,3,0,3,0,0,33,0,33,0,0,36,0,36,26,0,26,62
01/17/2010,HOB,NM,ASW,CE,Federal Contract Tower,0,0,0,0,0,0,0,14,0,14,0,0,14,0,14,12,0,12,26
01/18/2010,HOB,NM,ASW,CE,Federal Contract Tower,0,0,4,0,4,0,6,10,0,16,0,6,14,0,20,8,0,8,28
01/19/2010,HOB,NM,ASW,CE,Federal Contract Tower,0,1,4,0,5,0,5,3,0,8,0,6,7,0,13,10,0,10,23
01/20/2010,HOB,NM,ASW,CE,Federal Contract Tower,0,1,3,0,4,0,6,15,2,23,0,7,18,2,27,6,0,6,33
01/21/2010,HOB,NM,ASW,CE,Federal Contract Tower,0,0,6,0,6,0,8,4,0,12,0,8,10,0,18,10,0,10,28
01/22/2010,HOB,NM,ASW,CE,Federal Contract Tower,0,3,3,0,6,0,4,5,0,9,0,7,8,0,15,16,0,16,31
01/23/2010,HOB,NM,ASW,CE,Federal Contract Tower,0,0,1,1,2,0,0,11,4,15,0,0,12,5,17,6,0,6,23
01/24/2010,HOB,NM,ASW,CE,Federal Contract Tower,0,0,3,0,3,0,0,13,0,13,0,0,16,0,16,4,0,4,20
01/25/2010,HOB,NM,ASW,CE,Federal Contract Tower,0,0,2,0,2,0,6,10,0,16,0,6,12,0,18,10,0,10,28
01/26/2010,HOB,NM,ASW,CE,Federal Contract Tower,0,0,12,0,12,0,12,17,0,29,0,12,29,0,41,30,0,30,71
01/27/2010,HOB,NM,ASW,CE,Federal Contract Tower,0,3,5,0,8,0,7,19,0,26,0,10,24,0,34,8,0,8,42
01/28/2010,HOB,NM,ASW,CE,Federal Contract Tower,0,6,2,0,8,0,8,4,0,12,0,14,6,0,20,0,0,0,20
01/29/2010,HOB,NM,ASW,CE,Federal Contract Tower,0,2,4,0,6,0,9,12,0,21,0,11,16,0,27,14,0,14,41
01/30/2010,HOB,NM,ASW,CE,Federal Contract Tower,0,0,2,0,2,0,0,18,0,18,0,0,20,0,20,34,0,34,54
01/31/2010,HOB,NM,ASW,CE,Federal Contract Tower,0,0,3,0,3,0,0,18,2,20,0,0,21,2,23,10,0,10,33
02/01/2010,HOB,NM,ASW,CE,Federal Contract Tower,0,0,2,0,2,0,8,20,0,28,0,8,22,0,30,56,0,56,86
02/02/2010,HOB,NM,ASW,CE,Federal Contract Tower,0,6,4,0,10,0,0,0,0,0,0,6,4,0,10,0,0,0,10
02/03/2010,HOB,NM,ASW,CE,Federal Contract Tower,0,8,7,0,15,0,0,0,0,0,0,8,7,0,15,0,0,0,15
02/04/2010,HOB,NM,ASW,CE,Federal Contract Tower,0,2,2,0,4,0,8,25,0,33,0,10,27,0,37,8,0,8,45
02/05/2010,HOB,NM,ASW,CE,Federal Contract Tower,0,0,4,0,4,0,6,23,2,31,0,6,27,2,35,0,16,16,51
02/06/2010,HOB,NM,ASW,CE,Federal Contract Tower,0,0,0,0,0,0,0,29,0,29,0,0,29,0,29,30,0,30,59
02/07/2010,HOB,NM,ASW,CE,Federal Contract Tower,0,0,3,0,3,0,0,1,0,1,0,0,4,0,4,0,0,0,4
02/08/2010,HOB,NM,ASW,CE,Federal Contract Tower,0,5,4,0,9,0,3,2,0,5,0,8,6,0,14,10,0,10,24
02/09/2010,HOB,NM,ASW,CE,Federal Contract Tower,0,4,12,0,16,0,5,8,0,13,0,9,20,0,29,10,0,10,39
02/10/2010,HOB,NM,ASW,CE,Federal Contract Tower,0,4,4,0,8,0,8,21,0,29,0,12,25,0,37,14,0,14,51
02/11/2010,HOB,NM,ASW,CE,Federal Contract Tower,0,8,6,0,14,0,11,17,0,28,0,19,23,0,42,8,0,8,50
02/12/2010,HOB,NM,ASW,CE,Federal Contract Tower,0,2,7,0,9,0,4,18,0,22,0,6,25,0,31,0,0,0,31
02/13/2010,HOB,NM,ASW,CE,Federal Contract Tower,0,0,2,0,2,0,0,23,0,23,0,0,25,0,25,52,0,52,77
02/14/2010,HOB,NM,ASW,CE,Federal Contract Tower,0,0,1,0,1,0,0,14,0,14,0,0,15,0,15,10,0,10,25
02/15/2010,HOB,NM,ASW,CE,Federal Contract Tower,0,1,1,0,2,0,5,12,0,17,0,6,13,0,19,0,0,0,19
02/16/2010,HOB,NM,ASW,CE,Federal Contract Tower,0,1,4,0,5,0,5,15,0,20,0,6,19,0,25,34,0,34,59
02/17/2010,HOB,NM,ASW,CE,Federal Contract Tower,0,1,3,1,5,0,6,27,2,35,0,7,30,3,40,74,2,76,116
02/18/2010,HOB,NM,ASW,CE,Federal Contract Tower,0,1,3,0,4,0,9,23,0,32,0,10,26,0,36,42,0,42,78
02/19/2010,HOB,NM,ASW,CE,Federal Contract Tower,0,0,10,0,10,0,6,8,2,16,0,6,18,2,26,10,0,10,36
02/20/2010,HOB,NM,ASW,CE,Federal Contract Tower,0,0,0,0,0,0,0,17,0,17,0,0,17,0,17,10,0,10,27
02/21/2010,HOB,NM,ASW,CE,Federal Contract Tower,0,0,3,0,3,0,0,9,0,9,0,0,12,0,12,11,0,11,23
02/22/2010,HOB,NM,ASW,CE,Federal Contract Tower,0,4,12,0,16,0,2,11,0,13,0,6,23,0,29,8,0,8,37
02/23/2010,HOB,NM,ASW,CE,Federal Contract Tower,0,3,2,0,5,0,6,21,0,27,0,9,23,0,32,6,0,6,38
02/24/2010,HOB,NM,ASW,CE,Federal Contract Tower,0,1,4,1,6,0,10,33,4,47,0,11,37,5,53,14,0,14,67
02/25/2010,HOB,NM,ASW,CE,Federal Contract Tower,0,8,10,0,18,0,14,28,0,42,0,22,38,0,60,10,0,10,70
02/26/2010,HOB,NM,ASW,CE,Federal Contract Tower,0,2,6,0,8,0,5,22,0,27,0,7,28,0,35,18,0,18,53
02/27/2010,HOB,NM,ASW,CE,Federal Contract Tower,0,0,2,0,2,0,0,29,0,29,0,0,31,0,31,8,0,8,39
02/28/2010,HOB,NM,ASW,CE,Federal Contract Tower,0,0,1,0,1,0,0,14,0,14,0,0,15,0,15,10,0,10,25
03/01/2010,HOB,NM,ASW,CE,Federal Contract Tower,0,3,3,0,6,0,7,3,0,10,0,10,6,0,16,8,0,8,24
03/02/2010,HOB,NM,ASW,CE,Federal Contract Tower,0,2,5,0,7,0,6,14,0,20,0,8,19,0,27,6,0,6,33
03/03/2010,HOB,NM,ASW,CE,Federal Contract Tower,0,0,3,0,3,0,0,27,0,27,0,0,30,0,30,22,0,22,52
03/04/2010,HOB,NM,ASW,CE,Federal Contract Tower,0,2,3,0,5,0,5,33,0,38,0,7,36,0,43,14,0,14,57
03/05/2010,HOB,NM,ASW,CE,Federal Contract Tower,0,3,7,0,10,0,3,18,0,21,0,6,25,0,31,16,0,16,47
03/06/2010,HOB,NM,ASW,CE,Federal Contract Tower,0,3,7,0,10,0,3,27,0,30,0,6,34,0,40,12,0,12,52
03/07/2010,HOB,NM,ASW,CE,Federal Contract Tower,0,0,6,0,6,0,0,12,0,12,0,0,18,0,18,8,0,8,26
03/08/2010,HOB,NM,ASW,CE,Federal Contract Tower,0,0,0,0,0,0,6,10,0,16,0,6,10,0,16,10,0,10,26
03/09/2010,HOB,NM,ASW,CE,Federal Contract Tower,0,0,1,0,1,0,8,15,6,29,0,8,16,6,30,8,0,8,38
03/10/2010,HOB,NM,ASW,CE,Federal Contract Tower,0,1,5,0,6,0,8,19,0,27,0,9,24,0,33,6,0,6,39
03/11/2010,HOB,NM,ASW,CE,Federal Contract Tower,0,3,7,0,10,0,8,33,0,41,0,11,40,0,51,24,0,24,75
03/12/2010,HOB,NM,ASW,CE,Federal Contract Tower,0,2,7,0,9,0,4,20,0,24,0,6,27,0,33,0,0,0,33
03/13/2010,HOB,NM,ASW,CE,Federal Contract Tower,0,0,0,0,0,0,0,21,0,21,0,0,21,0,21,10,0,10,31
03/14/2010,HOB,NM,ASW,CE,Federal Contract Tower,0,0,1,0,1,0,0,15,0,15,0,0,16,0,16,8,0,8,24
03/15/2010,HOB,NM,ASW,CE,Federal Contract Tower,0,4,5,0,9,0,0,0,0,0,0,4,5,0,9,12,0,12,21
03/16/2010,HOB,NM,ASW,CE,Federal Contract Tower,0,5,4,0,9,0,3,3,0,6,0,8,7,0,15,8,0,8,23
03/17/2010,HOB,NM,ASW,CE,Federal Contract Tower,0,1,5,0,6,0,6,21,0,27,0,7,26,0,33,10,0,10,43
03/18/2010,HOB,NM,ASW,CE,Federal Contract Tower,0,2,2,0,4,0,6,29,0,35,0,8,31,0,39,8,0,8,47
03/19/2010,HOB,NM,ASW,CE,Federal Contract Tower,0,2,1,0,3,0,6,15,0,21,0,8,16,0,24,6,0,6,30
03/20/2010,HOB,NM,ASW,CE,Federal Contract Tower,0,0,1,3,4,0,0,11,6,17,0,0,12,9,21,6,0,6,27
03/21/2010,HOB,NM,ASW,CE,Federal Contract Tower,0,2,4,0,6,0,2,39,0,41,0,4,43,0,47,28,0,28,75
03/22/2010,HOB,NM,ASW,CE,Federal Contract Tower,0,2,2,0,4,0,2,11,0,13,0,4,13,0,17,12,0,12,29
03/23/2010,HOB,NM,ASW,CE,Federal Contract Tower,0,1,2,0,3,0,4,6,0,10,0,5,8,0,13,18,0,18,31
03/24/2010,HOB,NM,ASW,CE,Federal Contract Tower,0,3,4,0,7,0,4,31,0,35,0,7,35,0,42,10,0,10,52
03/25/2010,HOB,NM,ASW,CE,Federal Contract Tower,0,2,3,0,5,0,6,35,4,45,0,8,38,4,50,24,4,28,78
03/26/2010,HOB,NM,ASW,CE,Federal Contract Tower,0,0,4,0,4,0,8,7,0,15,0,8,11,0,19,6,0,6,25
03/27/2010,HOB,NM,ASW,CE,Federal Contract Tower,0,2,4,0,6,0,0,12,0,12,0,2,16,0,18,16,0,16,34
03/28/2010,HOB,NM,ASW,CE,Federal Contract Tower,0,0,1,0,1,0,0,27,0,27,0,0,28,0,28,4,0,4,32
03/29/2010,HOB,NM,ASW,CE,Federal Contract Tower,0,2,1,2,5,0,4,14,3,21,0,6,15,5,26,16,16,32,58
03/30/2010,HOB,NM,ASW,CE,Federal Contract Tower,0,0,8,0,8,0,7,5,0,12,0,7,13,0,20,18,0,18,38
03/31/2010,HOB,NM,ASW,CE,Federal Contract Tower,0,0,4,0,4,0,8,26,2,36,0,8,30,2,40,22,14,36,76
04/01/2010,HOB,NM,ASW,CE,Federal Contract Tower,0,2,8,0,10,0,8,23,0,31,0,10,31,0,41,8,0,8,49
04/02/2010,HOB,NM,ASW,CE,Federal Contract Tower,0,0,3,0,3,0,8,9,2,19,0,8,12,2,22,16,6,22,44
04/03/2010,HOB,NM,ASW,CE,Federal Contract Tower,0,0,1,0,1,0,0,20,0,20,0,0,21,0,21,6,0,6,27
04/04/2010,HOB,NM,ASW,CE,Federal Contract Tower,0,0,0,0,0,0,0,10,0,10,0,0,10,0,10,14,0,14,24
04/05/2010,HOB,NM,ASW,CE,Federal Contract Tower,0,1,4,0,5,0,9,8,0,17,0,10,12,0,22,0,0,0,22
04/06/2010,HOB,NM,ASW,CE,Federal Contract Tower,0,0,4,1,5,0,7,8,1,16,0,7,12,2,21,10,0,10,31
04/07/2010,HOB,NM,ASW,CE,Federal Contract Tower,0,2,4,1,7,0,8,23,6,37,0,10,27,7,44,16,8,24,68
04/08/2010,HOB,NM,ASW,CE,Federal Contract Tower,0,0,1,0,1,0,4,21,4,29,0,4,22,4,30,36,0,36,66
04/09/2010,HOB,NM,ASW,CE,Federal Contract Tower,0,0,5,0,5,0,4,10,2,16,0,4,15,2,21,22,2,24,45
04/10/2010,HOB,NM,ASW,CE,Federal Contract Tower,0,0,0,0,0,0,0,19,0,19,0,0,19,0,19,6,0,6,25
04/11/2010,HOB,NM,ASW,CE,Federal Contract Tower,0,0,2,0,2,0,0,11,0,11,0,0,13,0,13,10,0,10,23
04/12/2010,HOB,NM,ASW,CE,Federal Contract Tower,0,3,9,0,12,0,3,3,0,6,0,6,12,0,18,8,0,8,26
04/13/2010,HOB,NM,ASW,CE,Federal Contract Tower,0,3,5,0,8,0,1,1,2,4,0,4,6,2,12,6,8,14,26
04/14/2010,HOB,NM,ASW,CE,Federal Contract Tower,0,4,4,0,8,0,6,17,0,23,0,10,21,0,31,4,0,4,35
04/15/2010,HOB,NM,ASW,CE,Federal Contract Tower,0,4,8,0,12,0,8,15,0,23,0,12,23,0,35,0,0,0,35
04/16/2010,HOB,NM,ASW,CE,Federal Contract Tower,0,4,6,0,10,0,1,12,0,13,0,5,18,0,23,4,0,4,27
04/17/2010,HOB,NM,ASW,CE,Federal Contract Tower,0,2,2,0,4,0,2,9,0,11,0,4,11,0,15,18,0,18,33
04/18/2010,HOB,NM,ASW,CE,Federal Contract Tower,0,0,2,0,2,0,0,17,2,19,0,0,19,2,21,10,0,10,31
04/19/2010,HOB,NM,ASW,CE,Federal Contract Tower,0,3,6,1,10,0,1,2,1,4,0,4,8,2,14,10,0,10,24
04/20/2010,HOB,NM,ASW,CE,Federal Contract Tower,0,3,3,0,6,0,4,19,0,23,0,7,22,0,29,21,0,21,50
04/21/2010,HOB,NM,ASW,CE,Federal Contract Tower,0,1,3,0,4,0,6,29,2,37,0,7,32,2,41,24,8,32,73
04/22/2010,HOB,NM,ASW,CE,Federal Contract Tower,0,1,3,0,4,0,6,19,2,27,0,7,22,2,31,22,6,28,59
04/23/2010,HOB,NM,ASW,CE,Federal Contract Tower,0,0,3,0,3,0,6,12,2,20,0,6,15,2,23,6,10,16,39
04/24/2010,HOB,NM,ASW,CE,Federal Contract Tower,0,0,1,0,1,0,0,16,0,16,0,0,17,0,17,6,0,6,23
04/25/2010,HOB,NM,ASW,CE,Federal Contract Tower,0,0,2,0,2,0,0,19,0,19,0,0,21,0,21,22,0,22,43
04/26/2010,HOB,NM,ASW,CE,Federal Contract Tower,0,0,4,0,4,0,8,20,2,30,0,8,24,2,34,0,4,4,38
04/27/2010,HOB,NM,ASW,CE,Federal Contract Tower,0,0,6,0,6,0,6,29,0,35,0,6,35,0,41,20,0,20,61
04/28/2010,HOB,NM,ASW,CE,Federal Contract Tower,0,2,7,0,9,0,8,52,2,62,0,10,59,2,71,10,14,24,95
04/29/2010,HOB,NM,ASW,CE,Federal Contract Tower,0,2,5,0,7,0,6,34,0,40,0,8,39,0,47,12,0,12,59
04/30/2010,HOB,NM,ASW,CE,Federal Contract Tower,0,2,1,0,3,0,2,23,0,25,0,4,24,0,28,8,0,8,36
05/01/2010,HOB,NM,ASW,CE,Federal Contract Tower,0,0,7,0,7,0,0,16,0,16,0,0,23,0,23,10,0,10,33
05/02/2010,HOB,NM,ASW,CE,Federal Contract Tower,0,0,2,0,2,0,0,19,0,19,0,0,21,0,21,12,0,12,33
05/03/2010,HOB,NM,ASW,CE,Federal Contract Tower,0,0,2,0,2,0,6,42,2,50,0,6,44,2,52,0,8,8,60
05/04/2010,HOB,NM,ASW,CE,Federal Contract Tower,0,0,2,0,2,0,8,33,8,49,0,8,35,8,51,12,0,12,63
05/05/2010,HOB,NM,ASW,CE,Federal Contract Tower,0,0,5,0,5,0,6,24,8,38,0,6,29,8,43,16,6,22,65
05/06/2010,HOB,NM,ASW,CE,Federal Contract Tower,0,0,3,2,5,0,4,18,6,28,0,4,21,8,33,20,4,24,57
05/07/2010,HOB,NM,ASW,CE,Federal Contract Tower,0,0,6,0,6,0,10,42,0,52,0,10,48,0,58,12,4,16,74
05/08/2010,HOB,NM,ASW,CE,Federal Contract Tower,0,0,0,0,0,0,0,16,0,16,0,0,16,0,16,8,0,8,24
05/09/2010,HOB,NM,ASW,CE,Federal Contract Tower,0,0,0,0,0,0,0,14,0,14,0,0,14,0,14,12,0,12,26
05/10/2010,HOB,NM,ASW,CE,Federal Contract Tower,0,3,2,0,5,0,6,22,0,28,0,9,24,0,33,22,0,22,55
05/11/2010,HOB,NM,ASW,CE,Federal Contract Tower,0,1,2,0,3,0,5,16,0,21,0,6,18,0,24,6,0,6,30
05/12/2010,HOB,NM,ASW,CE,Federal Contract Tower,0,2,4,0,6,0,12,27,0,39,0,14,31,0,45,16,0,16,61
05/13/2010,HOB,NM,ASW,CE,Federal Contract Tower,0,0,3,0,3,0,6,25,6,37,0,6,28,6,40,8,2,10,50
05/14/2010,HOB,NM,ASW,CE,Federal Contract Tower,0,4,4,0,8,0,2,2,0,4,0,6,6,0,12,0,0,0,12
05/15/2010,HOB,NM,ASW,CE,Federal Contract Tower,0,0,3,0,3,0,0,10,0,10,0,0,13,0,13,14,0,14,27
05/16/2010,HOB,NM,ASW,CE,Federal Contract Tower,0,0,4,0,4,0,0,22,0,22,0,0,26,0,26,0,0,0,26
05/17/2010,HOB,NM,ASW,CE,Federal Contract Tower,0,5,7,0,12,0,3,9,0,12,0,8,16,0,24,0,0,0,24
05/18/2010,HOB,NM,ASW,CE,Federal Contract Tower,0,1,6,1,8,0,8,18,2,28,0,9,24,3,36,0,2,2,38
05/19/2010,HOB,NM,ASW,CE,Federal Contract Tower,0,0,5,0,5,0,8,29,2,39,0,8,34,2,44,16,2,18,62
05/20/2010,HOB,NM,ASW,CE,Federal Contract Tower,0,1,7,0,8,0,7,26,0,33,0,8,33,0,41,22,0,22,63
05/21/2010,HOB,NM,ASW,CE,Federal Contract Tower,0,2,8,0,10,0,6,12,0,18,0,8,20,0,28,0,0,0,28
05/22/2010,HOB,NM,ASW,CE,Federal Contract Tower,0,0,2,0,2,0,1,27,0,28,0,1,29,0,30,4,0,4,34
05/23/2010,HOB,NM,ASW,CE,Federal Contract Tower,0,4,0,0,4,0,2,10,0,12,0,6,10,0,16,0,0,0,16
05/24/2010,HOB,NM,ASW,CE,Federal Contract Tower,0,0,3,0,3,0,6,14,0,20,0,6,17,0,23,6,0,6,29
05/25/2010,HOB,NM,ASW,CE,Federal Contract Tower,0,3,4,0,7,0,5,5,0,10,0,8,9,0,17,0,0,0,17
05/26/2010,HOB,NM,ASW,CE,Federal Contract Tower,0,1,6,0,7,0,6,32,0,38,0,7,38,0,45,20,0,20,65
05/27/2010,HOB,NM,ASW,CE,Federal Contract Tower,0,0,4,0,4,0,6,26,0,32,0,6,30,0,36,14,0,14,50
05/28/2010,HOB,NM,ASW,CE,Federal Contract Tower,0,0,10,0,10,0,8,56,0,64,0,8,66,0,74,32,0,32,106
05/29/2010,HOB,NM,ASW,CE,Federal Contract Tower,0,0,2,0,2,0,2,17,0,19,0,2,19,0,21,14,0,14,35
05/30/2010,HOB,NM,ASW,CE,Federal Contract Tower,0,0,0,0,0,0,0,34,0,34,0,0,34,0,34,28,0,28,62
05/31/2010,HOB,NM,ASW,CE,Federal Contract Tower,0,0,6,0,6,0,2,26,0,28,0,2,32,0,34,18,0,18,52
06/01/2010,HOB,NM,ASW,CE,Federal Contract Tower,0,2,3,0,5,0,9,35,0,44,0,11,38,0,49,12,0,12,61
06/02/2010,HOB,NM,ASW,CE,Federal Contract Tower,0,3,9,0,12,0,9,41,0,50,0,12,50,0,62,6,0,6,68
06/03/2010,HOB,NM,ASW,CE,Federal Contract Tower,0,0,5,0,5,0,8,28,0,36,0,8,33,0,41,8,0,8,49
06/04/2010,HOB,NM,ASW,CE,Federal Contract Tower,0,0,3,0,3,0,16,32,0,48,0,16,35,0,51,14,0,14,65
06/05/2010,HOB,NM,ASW,CE,Federal Contract Tower,0,0,0,0,0,0,0,26,0,26,0,0,26,0,26,10,0,10,36
06/06/2010,HOB,NM,ASW,CE,Federal Contract Tower,0,0,0,0,0,0,3,42,0,45,0,3,42,0,45,26,0,26,71
06/07/2010,HOB,NM,ASW,CE,Federal Contract Tower,0,0,3,0,3,0,5,32,0,37,0,5,35,0,40,12,0,12,52
06/08/2010,HOB,NM,ASW,CE,Federal Contract Tower,0,0,3,0,3,0,10,36,0,46,0,10,39,0,49,12,0,12,61
06/09/2010,HOB,NM,ASW,CE,Federal Contract Tower,0,0,4,2,6,0,8,32,6,46,0,8,36,8,52,12,4,16,68
06/10/2010,HOB,NM,ASW,CE,Federal Contract Tower,0,0,5,0,5,0,8,42,0,50,0,8,47,0,55,4,0,4,59
06/11/2010,HOB,NM,ASW,CE,Federal Contract Tower,0,0,3,1,4,0,8,38,2,48,0,8,41,3,52,16,0,16,68
06/12/2010,HOB,NM,ASW,CE,Federal Contract Tower,0,0,4,0,4,0,0,28,2,30,0,0,32,2,34,10,0,10,44
06/13/2010,HOB,NM,ASW,CE,Federal Contract Tower,0,0,2,0,2,0,0,16,0,16,0,0,18,0,18,4,0,4,22
06/14/2010,HOB,NM,ASW,CE,Federal Contract Tower,0,0,1,0,1,0,8,33,0,41,0,8,34,0,42,8,0,8,50
06/15/2010,HOB,NM,ASW,CE,Federal Contract Tower,0,2,6,0,8,0,8,26,0,34,0,10,32,0,42,8,0,8,50
06/16/2010,HOB,NM,ASW,CE,Federal Contract Tower,0,0,3,0,3,0,6,37,0,43,0,6,40,0,46,8,0,8,54
06/17/2010,HOB,NM,ASW,CE,Federal Contract Tower,0,0,3,0,3,0,4,28,0,32,0,4,31,0,35,16,0,16,51
06/18/2010,HOB,NM,ASW,CE,Federal Contract Tower,0,0,0,0,0,0,12,52,0,64,0,12,52,0,64,18,0,18,82
06/19/2010,HOB,NM,ASW,CE,Federal Contract Tower,0,0,1,0,1,0,0,26,0,26,0,0,27,0,27,10,0,10,37
06/20/2010,HOB,NM,ASW,CE,Federal Contract Tower,0,0,1,0,1,0,0,21,0,21,0,0,22,0,22,6,0,6,28
06/21/2010,HOB,NM,ASW,CE,Federal Contract Tower,0,0,1,0,1,0,7,22,0,29,0,7,23,0,30,8,0,8,38
06/22/2010,HOB,NM,ASW,CE,Federal Contract Tower,0,0,0,2,2,0,8,31,2,41,0,8,31,4,43,0,12,12,55
06/23/2010,HOB,NM,ASW,CE,Federal Contract Tower,0,0,4,2,6,0,6,26,4,36,0,6,30,6,42,10,0,10,52
06/24/2010,HOB,NM,ASW,CE,Federal Contract Tower,0,0,2,1,3,0,6,24,2,32,0,6,26,3,35,16,10,26,61
06/25/2010,HOB,NM,ASW,CE,Federal Contract Tower,0,0,5,0,5,0,8,56,0,64,0,8,61,0,69,12,0,12,81
06/26/2010,HOB,NM,ASW,CE,Federal Contract Tower,0,0,0,0,0,0,0,28,0,28,0,0,28,0,28,10,0,10,38
06/27/2010,HOB,NM,ASW,CE,Federal Contract Tower,0,0,2,0,2,0,0,18,2,20,0,0,20,2,22,0,0,0,22
06/28/2010,HOB,NM,ASW,CE,Federal Contract Tower,0,0,2,0,2,0,8,29,0,37,0,8,31,0,39,6,0,6,45
06/29/2010,HOB,NM,ASW,CE,Federal Contract Tower,0,3,7,0,10,0,1,18,0,19,0,4,25,0,29,0,0,0,29
06/30/2010,HOB,NM,ASW,CE,Federal Contract Tower,0,6,3,0,9,0,6,7,0,13,0,12,10,0,22,0,0,0,22
07/01/2010,HOB,NM,ASW,CE,Federal Contract Tower,0,6,2,0,8,0,8,20,0,28,0,14,22,0,36,8,0,8,44
07/02/2010,HOB,NM,ASW,CE,Federal Contract Tower,0,7,4,0,11,0,7,4,0,11,0,14,8,0,22,0,0,0,22
07/03/2010,HOB,NM,ASW,CE,Federal Contract Tower,0,0,1,0,1,0,0,0,0,0,0,0,1,0,1,0,0,0,1
07/04/2010,HOB,NM,ASW,CE,Federal Contract Tower,0,0,0,0,0,0,0,12,0,12,0,0,12,0,12,8,0,8,20
07/05/2010,HOB,NM,ASW,CE,Federal Contract Tower,0,0,2,0,2,0,0,34,0,34,0,0,36,0,36,8,0,8,44
07/06/2010,HOB,NM,ASW,CE,Federal Contract Tower,0,2,1,0,3,0,8,42,1,51,0,10,43,1,54,6,2,8,62
07/07/2010,HOB,NM,ASW,CE,Federal Contract Tower,0,3,2,0,5,0,6,25,6,37,0,9,27,6,42,20,0,20,62
07/08/2010,HOB,NM,ASW,CE,Federal Contract Tower,0,5,3,0,8,0,6,18,2,26,0,11,21,2,34,10,0,10,44
07/09/2010,HOB,NM,ASW,CE,Federal Contract Tower,0,4,3,0,7,0,12,26,6,44,0,16,29,6,51,6,8,14,65
07/10/2010,HOB,NM,ASW,CE,Federal Contract Tower,0,3,0,0,3,0,3,13,0,16,0,6,13,0,19,8,0,8,27
07/11/2010,HOB,NM,ASW,CE,Federal Contract Tower,0,1,1,0,2,0,1,26,0,27,0,2,27,0,29,12,0,12,41
07/12/2010,HOB,NM,ASW,CE,Federal Contract Tower,0,0,5,0,5,0,9,40,2,51,0,9,45,2,56,18,6,24,80
07/13/2010,HOB,NM,ASW,CE,Federal Contract Tower,0,3,6,0,9,0,8,42,0,50,0,11,48,0,59,12,0,12,71
07/14/2010,HOB,NM,ASW,CE,Federal Contract Tower,0,2,9,0,11,0,6,38,0,44,0,8,47,0,55,10,0,10,65
07/15/2010,HOB,NM,ASW,CE,Federal Contract Tower,0,1,6,0,7,0,8,48,0,56,0,9,54,0,63,16,0,16,79
07/16/2010,HOB,NM,ASW,CE,Federal Contract Tower,0,0,7,0,7,0,9,52,2,63,0,9,59,2,70,18,8,26,96
07/17/2010,HOB,NM,ASW,CE,Federal Contract Tower,0,0,2,0,2,0,0,22,0,22,0,0,24,0,24,10,0,10,34
07/18/2010,HOB,NM,ASW,CE,Federal Contract Tower,0,0,6,0,6,0,0,32,2,34,0,0,38,2,40,0,10,10,50
07/19/2010,HOB,NM,ASW,CE,Federal Contract Tower,0,1,7,0,8,0,11,47,0,58,0,12,54,0,66,12,0,12,78
07/20/2010,HOB,NM,ASW,CE,Federal Contract Tower,0,2,2,2,6,0,9,38,2,49,0,11,40,4,55,18,6,24,79
07/21/2010,HOB,NM,ASW,CE,Federal Contract Tower,0,1,6,0,7,0,4,32,0,36,0,5,38,0,43,10,0,10,53
07/22/2010,HOB,NM,ASW,CE,Federal Contract Tower,0,2,4,0,6,0,6,34,0,40,0,8,38,0,46,16,0,16,62
07/23/2010,HOB,NM,ASW,CE,Federal Contract Tower,0,3,4,0,7,0,8,42,0,50,0,11,46,0,57,16,0,16,73
07/24/2010,HOB,NM,ASW,CE,Federal Contract Tower,0,0,0,0,0,0,0,32,0,32,0,0,32,0,32,8,0,8,40
07/25/2010,HOB,NM,ASW,CE,Federal Contract Tower,0,1,0,0,1,0,4,32,0,36,0,5,32,0,37,0,0,0,37
07/26/2010,HOB,NM,ASW,CE,Federal Contract Tower,0,2,1,0,3,0,0,30,0,30,0,2,31,0,33,22,0,22,55
07/27/2010,HOB,NM,ASW,CE,Federal Contract Tower,0,1,3,0,4,0,9,47,0,56,0,10,50,0,60,8,0,8,68
07/28/2010,HOB,NM,ASW,CE,Federal Contract Tower,0,2,2,3,7,0,6,26,4,36,0,8,28,7,43,16,0,16,59
07/29/2010,HOB,NM,ASW,CE,Federal Contract Tower,0,2,6,4,12,0,4,34,10,48,0,6,40,14,60,12,14,26,86
07/30/2010,HOB,NM,ASW,CE,Federal Contract Tower,0,0,4,0,4,0,10,46,0,56,0,10,50,0,60,16,0,16,76
07/31/2010,HOB,NM,ASW,CE,Federal Contract Tower,0,0,2,0,2,0,1,36,0,37,0,1,38,0,39,10,0,10,49
08/01/2010,HOB,NM,ASW,CE,Federal Contract Tower,0,0,4,0,4,0,0,32,0,32,0,0,36,0,36,18,0,18,54
08/02/2010,HOB,NM,ASW,CE,Federal Contract Tower,0,0,3,0,3,0,9,45,0,54,0,9,48,0,57,18,0,18,75
08/03/2010,HOB,NM,ASW,CE,Federal Contract Tower,0,0,0,0,0,0,9,40,0,49,0,9,40,0,49,14,0,14,63
08/04/2010,HOB,NM,ASW,CE,Federal Contract Tower,0,0,6,0,6,0,8,36,0,44,0,8,42,0,50,10,0,10,60
08/05/2010,HOB,NM,ASW,CE,Federal Contract Tower,0,0,7,0,7,0,6,38,0,44,0,6,45,0,51,10,0,10,61
08/06/2010,HOB,NM,ASW,CE,Federal Contract Tower,0,0,3,1,4,0,12,51,2,65,0,12,54,3,69,12,6,18,87
08/07/2010,HOB,NM,ASW,CE,Federal Contract Tower,0,0,2,0,2,0,2,28,0,30,0,2,30,0,32,6,0,6,38
08/08/2010,HOB,NM,ASW,CE,Federal Contract Tower,0,2,3,0,5,0,3,26,0,29,0,5,29,0,34,6,0,6,40
08/09/2010,HOB,NM,ASW,CE,Federal Contract Tower,0,0,6,0,6,0,9,34,0,43,0,9,40,0,49,12,0,12,61
08/10/2010,HOB,NM,ASW,CE,Federal Contract Tower,0,0,7,0,7,0,8,44,0,52,0,8,51,0,59,8,0,8,67
08/11/2010,HOB,NM,ASW,CE,Federal Contract Tower,0,0,3,0,3,0,6,20,0,26,0,6,23,0,29,18,0,18,47
08/12/2010,HOB,NM,ASW,CE,Federal Contract Tower,0,0,2,1,3,0,8,38,2,48,0,8,40,3,51,12,0,12,63
08/13/2010,HOB,NM,ASW,CE,Federal Contract Tower,0,0,4,0,4,0,9,42,1,52,0,9,46,1,56,8,4,12,68
08/14/2010,HOB,NM,ASW,CE,Federal Contract Tower,0,2,1,0,3,0,5,22,0,27,0,7,23,0,30,10,0,10,40
08/15/2010,HOB,NM,ASW,CE,Federal Contract Tower,0,0,0,0,0,0,0,26,0,26,0,0,26,0,26,4,0,4,30
08/16/2010,HOB,NM,ASW,CE,Federal Contract Tower,0,1,3,0,4,0,8,24,0,32,0,9,27,0,36,12,0,12,48
08/17/2010,HOB,NM,ASW,CE,Federal Contract Tower,0,1,0,0,1,0,9,33,0,42,0,10,33,0,43,8,0,8,51
08/18/2010,HOB,NM,ASW,CE,Federal Contract Tower,0,0,4,0,4,0,4,51,0,55,0,4,55,0,59,30,0,30,89
08/19/2010,HOB,NM,ASW,CE,Federal Contract Tower,0,2,2,0,4,0,8,34,0,42,0,10,36,0,46,18,0,18,64
08/20/2010,HOB,NM,ASW,CE,Federal Contract Tower,0,0,5,0,5,0,9,37,0,46,0,9,42,0,51,16,0,16,67
08/21/2010,HOB,NM,ASW,CE,Federal Contract Tower,0,0,0,0,0,0,0,22,0,22,0,0,22,0,22,12,0,12,34
08/22/2010,HOB,NM,ASW,CE,Federal Contract Tower,0,0,0,0,0,0,0,32,0,32,0,0,32,0,32,8,0,8,40
08/23/2010,HOB,NM,ASW,CE,Federal Contract Tower,0,1,3,0,4,0,9,34,0,43,0,10,37,0,47,10,0,10,57
08/24/2010,HOB,NM,ASW,CE,Federal Contract Tower,0,6,4,0,10,0,10,37,0,47,0,16,41,0,57,8,0,8,65
08/25/2010,HOB,NM,ASW,CE,Federal Contract Tower,0,0,6,0,6,0,6,28,0,34,0,6,34,0,40,8,0,8,48
08/26/2010,HOB,NM,ASW,CE,Federal Contract Tower,0,0,4,0,4,0,6,36,0,42,0,6,40,0,46,10,0,10,56
08/27/2010,HOB,NM,ASW,CE,Federal Contract Tower,0,0,1,3,4,0,7,33,2,42,0,7,34,5,46,10,4,14,60
08/28/2010,HOB,NM,ASW,CE,Federal Contract Tower,0,0,0,0,0,0,3,28,0,31,0,3,28,0,31,22,0,22,53
08/29/2010,HOB,NM,ASW,CE,Federal Contract Tower,0,0,2,0,2,0,2,33,0,35,0,2,35,0,37,18,0,18,55
08/30/2010,HOB,NM,ASW,CE,Federal Contract Tower,0,1,3,0,4,0,9,47,0,56,0,10,50,0,60,22,0,22,82
08/31/2010,HOB,NM,ASW,CE,Federal Contract Tower,0,1,3,0,4,0,8,41,6,55,0,9,44,6,59,28,12,40,99
09/01/2010,HOB,NM,ASW,CE,Federal Contract Tower,0,1,6,0,7,0,5,36,0,41,0,6,42,0,48,10,0,10,58
09/02/2010,HOB,NM,ASW,CE,Federal Contract Tower,0,1,6,0,7,0,6,38,0,44,0,7,44,0,51,12,0,12,63
09/03/2010,HOB,NM,ASW,CE,Federal Contract Tower,0,2,7,0,9,0,9,48,2,59,0,11,55,2,68,26,4,30,98
09/04/2010,HOB,NM,ASW,CE,Federal Contract Tower,0,0,2,0,2,0,1,26,0,27,0,1,28,0,29,10,0,10,39
09/05/2010,HOB,NM,ASW,CE,Federal Contract Tower,0,0,1,0,1,0,1,24,0,25,0,1,25,0,26,8,0,8,34
09/06/2010,HOB,NM,ASW,CE,Federal Contract Tower,0,0,5,0,5,0,6,41,0,47,0,6,46,0,52,16,0,16,68
09/07/2010,HOB,NM,ASW,CE,Federal Contract Tower,0,0,5,0,5,0,9,42,0,51,0,9,47,0,56,12,0,12,68
09/08/2010,HOB,NM,ASW,CE,Federal Contract Tower,0,2,1,0,3,0,6,28,0,34,0,8,29,0,37,12,0,12,49
09/09/2010,HOB,NM,ASW,CE,Federal Contract Tower,0,0,2,0,2,0,4,24,0,28,0,4,26,0,30,10,0,10,40
09/10/2010,HOB,NM,ASW,CE,Federal Contract Tower,4,0,0,0,4,0,9,33,0,42,4,9,33,0,46,22,0,22,68
09/11/2010,HOB,NM,ASW,CE,Federal Contract Tower,0,0,0,0,0,0,0,42,0,42,0,0,42,0,42,12,0,12,54
09/12/2010,HOB,NM,ASW,CE,Federal Contract Tower,0,1,1,2,4,0,4,20,0,24,0,5,21,2,28,4,0,4,32
09/13/2010,HOB,NM,ASW,CE,Federal Contract Tower,0,1,2,0,3,0,8,46,0,54,0,9,48,0,57,18,0,18,75
09/14/2010,HOB,NM,ASW,CE,Federal Contract Tower,0,0,2,0,2,0,9,41,0,50,0,9,43,0,52,12,0,12,64
09/15/2010,HOB,NM,ASW,CE,Federal Contract Tower,0,0,8,0,8,0,4,38,0,42,0,4,46,0,50,18,0,18,68
09/16/2010,HOB,NM,ASW,CE,Federal Contract Tower,0,1,4,0,5,0,6,32,2,40,0,7,36,2,45,10,0,10,55
09/17/2010,HOB,NM,ASW,CE,Federal Contract Tower,0,5,5,1,11,0,14,46,1,61,0,19,51,2,72,16,2,18,90
09/18/2010,HOB,NM,ASW,CE,Federal Contract Tower,0,2,1,0,3,0,2,22,0,24,0,4,23,0,27,6,0,6,33
09/19/2010,HOB,NM,ASW,CE,Federal Contract Tower,0,0,7,0,7,0,0,48,0,48,0,0,55,0,55,18,0,18,73
09/20/2010,HOB,NM,ASW,CE,Federal Contract Tower,0,1,7,0,8,0,5,26,0,31,0,6,33,0,39,0,0,0,39
09/21/2010,HOB,NM,ASW,CE,Federal Contract Tower,0,2,9,1,12,0,6,41,1,48,0,8,50,2,60,6,0,6,66
09/22/2010,HOB,NM,ASW,CE,Federal Contract Tower,0,5,1,0,6,0,8,21,0,29,0,13,22,0,35,0,0,0,35
09/23/2010,HOB,NM,ASW,CE,Federal Contract Tower,0,6,5,2,13,0,11,29,4,44,0,17,34,6,57,12,8,20,77
09/24/2010,HOB,NM,ASW,CE,Federal Contract Tower,0,6,5,0,11,0,12,42,0,54,0,18,47,0,65,16,0,16,81
09/25/2010,HOB,NM,ASW,CE,Federal Contract Tower,0,0,2,0,2,0,0,16,0,16,0,0,18,0,18,8,0,8,26
09/26/2010,HOB,NM,ASW,CE,Federal Contract Tower,0,2,3,0,5,0,6,47,0,53,0,8,50,0,58,16,0,16,74
09/27/2010,HOB,NM,ASW,CE,Federal Contract Tower,0,0,7,0,7,0,18,36,2,56,0,18,43,2,63,22,0,22,85
09/28/2010,HOB,NM,ASW,CE,Federal Contract Tower,0,0,1,0,1,0,6,24,0,30,0,6,25,0,31,8,0,8,39
09/29/2010,HOB,NM,ASW,CE,Federal Contract Tower,0,0,5,0,5,0,6,23,0,29,0,6,28,0,34,16,0,16,50
09/30/2010,HOB,NM,ASW,CE,Federal Contract Tower,0,1,2,0,3,0,5,20,0,25,0,6,22,0,28,12,0,12,40
10/01/2010,HOB,NM,ASW,CE,Federal Contract Tower,0,3,3,0,6,0,7,20,0,27,0,10,23,0,33,0,0,0,33
10/02/2010,HOB,NM,ASW,CE,Federal Contract Tower,0,0,0,0,0,0,0,22,0,22,0,0,22,0,22,6,0,6,28
10/03/2010,HOB,NM,ASW,CE,Federal Contract Tower,0,0,2,0,2,0,0,25,0,25,0,0,27,0,27,2,0,2,29
10/04/2010,HOB,NM,ASW,CE,Federal Contract Tower,0,0,5,0,5,0,8,44,0,52,0,8,49,0,57,12,0,12,69
10/05/2010,HOB,NM,ASW,CE,Federal Contract Tower,0,3,5,0,8,0,3,32,2,37,0,6,37,2,45,6,4,10,55
10/06/2010,HOB,NM,ASW,CE,Federal Contract Tower,0,1,7,0,8,0,7,31,0,38,0,8,38,0,46,6,0,6,52
10/07/2010,HOB,NM,ASW,CE,Federal Contract Tower,0,0,3,0,3,0,5,25,0,30,0,5,28,0,33,10,0,10,43
10/08/2010,HOB,NM,ASW,CE,Federal Contract Tower,0,0,0,0,0,0,6,36,0,42,0,6,36,0,42,22,0,22,64
10/09/2010,HOB,NM,ASW,CE,Federal Contract Tower,0,0,0,0,0,0,0,32,0,32,0,0,32,0,32,8,0,8,40
10/10/2010,HOB,NM,ASW,CE,Federal Contract Tower,0,0,3,0,3,0,0,24,0,24,0,0,27,0,27,12,0,12,39
10/11/2010,HOB,NM,ASW,CE,Federal Contract Tower,0,0,2,0,2,0,6,38,0,44,0,6,40,0,46,18,0,18,64
10/12/2010,HOB,NM,ASW,CE,Federal Contract Tower,0,3,3,0,6,0,9,42,0,51,0,12,45,0,57,22,0,22,79
10/13/2010,HOB,NM,ASW,CE,Federal Contract Tower,0,0,12,0,12,0,5,33,0,38,0,5,45,0,50,12,0,12,62
10/14/2010,HOB,NM,ASW,CE,Federal Contract Tower,0,0,3,0,3,0,6,34,0,40,0,6,37,0,43,10,0,10,53
10/15/2010,HOB,NM,ASW,CE,Federal Contract Tower,0,0,4,0,4,0,9,37,0,46,0,9,41,0,50,26,0,26,76
10/16/2010,HOB,NM,ASW,CE,Federal Contract Tower,0,0,2,0,2,0,0,32,0,32,0,0,34,0,34,10,0,10,44
10/17/2010,HOB,NM,ASW,CE,Federal Contract Tower,0,0,4,0,4,0,4,32,0,36,0,4,36,0,40,12,0,12,52
10/18/2010,HOB,NM,ASW,CE,Federal Contract Tower,0,0,2,0,2,0,6,38,0,44,0,6,40,0,46,18,0,18,64
10/19/2010,HOB,NM,ASW,CE,Federal Contract Tower,0,0,2,0,2,0,12,38,0,50,0,12,40,0,52,16,0,16,68
10/20/2010,HOB,NM,ASW,CE,Federal Contract Tower,0,3,3,0,6,0,3,25,0,28,0,6,28,0,34,10,0,10,44
10/21/2010,HOB,NM,ASW,CE,Federal Contract Tower,0,3,5,0,8,0,5,19,2,26,0,8,24,2,34,6,6,12,46
10/22/2010,HOB,NM,ASW,CE,Federal Contract Tower,0,4,4,0,8,0,8,34,0,42,0,12,38,0,50,8,0,8,58
10/23/2010,HOB,NM,ASW,CE,Federal Contract Tower,0,0,1,0,1,0,1,21,0,22,0,1,22,0,23,4,0,4,27
10/24/2010,HOB,NM,ASW,CE,Federal Contract Tower,0,0,2,0,2,0,0,26,0,26,0,0,28,0,28,2,0,2,30
10/25/2010,HOB,NM,ASW,CE,Federal Contract Tower,0,3,3,0,6,0,4,21,0,25,0,7,24,0,31,0,0,0,31
10/26/2010,HOB,NM,ASW,CE,Federal Contract Tower,0,2,8,0,10,0,6,14,0,20,0,8,22,0,30,8,0,8,38
10/27/2010,HOB,NM,ASW,CE,Federal Contract Tower,0,0,6,0,6,0,8,28,0,36,0,8,34,0,42,10,0,10,52
10/28/2010,HOB,NM,ASW,CE,Federal Contract Tower,0,0,4,0,4,0,12,38,2,52,0,12,42,2,56,26,4,30,86
10/29/2010,HOB,NM,ASW,CE,Federal Contract Tower,0,2,1,0,3,0,6,22,0,28,0,8,23,0,31,4,0,4,35
10/30/2010,HOB,NM,ASW,CE,Federal Contract Tower,0,0,2,0,2,0,0,31,0,31,0,0,33,0,33,8,0,8,41
10/31/2010,HOB,NM,ASW,CE,Federal Contract Tower,0,0,4,0,4,0,0,13,0,13,0,0,17,0,17,8,0,8,25
11/01/2010,HOB,NM,ASW,CE,Federal Contract Tower,0,0,6,0,6,0,6,20,0,26,0,6,26,0,32,26,0,26,58
11/02/2010,HOB,NM,ASW,CE,Federal Contract Tower,0,5,4,0,9,0,3,22,0,25,0,8,26,0,34,18,0,18,52
11/03/2010,HOB,NM,ASW,CE,Federal Contract Tower,0,3,3,0,6,0,5,27,0,32,0,8,30,0,38,6,0,6,44
11/04/2010,HOB,NM,ASW,CE,Federal Contract Tower,0,1,3,0,4,0,5,31,0,36,0,6,34,0,40,14,0,14,54
11/05/2010,HOB,NM,ASW,CE,Federal Contract Tower,0,2,8,0,10,0,7,23,2,32,0,9,31,2,42,18,6,24,66
11/06/2010,HOB,NM,ASW,CE,Federal Contract Tower,0,0,0,0,0,0,2,21,0,23,0,2,21,0,23,8,0,8,31
11/07/2010,HOB,NM,ASW,CE,Federal Contract Tower,0,0,8,0,8,0,0,17,0,17,0,0,25,0,25,6,0,6,31
11/08/2010,HOB,NM,ASW,CE,Federal Contract Tower,0,2,2,8,12,0,4,27,2,33,0,6,29,10,45,0,8,8,53
11/09/2010,HOB,NM,ASW,CE,Federal Contract Tower,0,0,4,0,4,0,4,10,2,16,0,4,14,2,20,0,10,10,30
11/10/2010,HOB,NM,ASW,CE,Federal Contract Tower,0,1,7,0,8,0,4,11,0,15,0,5,18,0,23,2,0,2,25
11/11/2010,HOB,NM,ASW,CE,Federal Contract Tower,0,0,3,0,3,0,2,22,0,24,0,2,25,0,27,4,0,4,31
11/12/2010,HOB,NM,ASW,CE,Federal Contract Tower,0,5,4,0,9,0,1,5,2,8,0,6,9,2,17,2,10,12,29
11/13/2010,HOB,NM,ASW,CE,Federal Contract Tower,0,0,2,0,2,0,0,21,0,21,0,0,23,0,23,4,0,4,27
11/14/2010,HOB,NM,ASW,CE,Federal Contract Tower,0,2,2,0,4,0,2,26,0,28,0,4,28,0,32,40,0,40,72
11/15/2010,HOB,NM,ASW,CE,Federal Contract Tower,0,1,3,0,4,0,3,8,2,13,0,4,11,2,17,0,0,0,17
11/16/2010,HOB,NM,ASW,CE,Federal Contract Tower,0,2,1,0,3,0,4,8,0,12,0,6,9,0,15,0,0,0,15
11/17/2010,HOB,NM,ASW,CE,Federal Contract Tower,0,3,5,0,8,0,4,11,0,15,0,7,16,0,23,0,0,0,23
11/18/2010,HOB,NM,ASW,CE,Federal Contract Tower,0,1,10,0,11,0,4,18,0,22,0,5,28,0,33,0,0,0,33
11/19/2010,HOB,NM,ASW,CE,Federal Contract Tower,0,1,4,0,5,0,5,14,0,19,0,6,18,0,24,0,0,0,24
11/20/2010,HOB,NM,ASW,CE,Federal Contract Tower,0,0,2,0,2,0,0,8,0,8,0,0,10,0,10,0,0,0,10
11/21/2010,HOB,NM,ASW,CE,Federal Contract Tower,0,0,4,0,4,0,0,23,0,23,0,0,27,0,27,12,0,12,39
11/22/2010,HOB,NM,ASW,CE,Federal Contract Tower,0,3,3,2,8,0,4,11,2,17,0,7,14,4,25,0,18,18,43
11/23/2010,HOB,NM,ASW,CE,Federal Contract Tower,0,2,6,0,8,0,6,16,0,22,0,8,22,0,30,0,0,0,30
11/24/2010,HOB,NM,ASW,CE,Federal Contract Tower,0,1,6,0,7,0,3,8,0,11,0,4,14,0,18,0,0,0,18
11/25/2010,HOB,NM,ASW,CE,Federal Contract Tower,0,0,1,0,1,0,0,3,0,3,0,0,4,0,4,0,0,0,4
11/26/2010,HOB,NM,ASW,CE,Federal Contract Tower,0,0,1,0,1,0,6,16,0,22,0,6,17,0,23,0,0,0,23
11/27/2010,HOB,NM,ASW,CE,Federal Contract Tower,0,0,0,0,0,0,0,5,0,5,0,0,5,0,5,6,0,6,11
11/28/2010,HOB,NM,ASW,CE,Federal Contract Tower,0,0,3,0,3,0,2,14,0,16,0,2,17,0,19,0,0,0,19
11/29/2010,HOB,NM,ASW,CE,Federal Contract Tower,0,2,4,0,6,0,2,28,0,30,0,4,32,0,36,0,0,0,36
11/30/2010,HOB,NM,ASW,CE,Federal Contract Tower,0,0,2,0,2,0,6,22,0,28,0,6,24,0,30,0,0,0,30
12/01/2010,HOB,NM,ASW,CE,Federal Contract Tower,0,0,3,0,3,0,7,14,0,21,0,7,17,0,24,8,8,16,40
12/02/2010,HOB,NM,ASW,CE,Federal Contract Tower,0,0,4,0,4,0,9,19,2,30,0,9,23,2,34,8,2,10,44
12/03/2010,HOB,NM,ASW,CE,Federal Contract Tower,0,0,2,0,2,0,6,14,0,20,0,6,16,0,22,0,0,0,22
12/04/2010,HOB,NM,ASW,CE,Federal Contract Tower,0,0,0,0,0,0,0,15,0,15,0,0,15,0,15,0,0,0,15
12/05/2010,HOB,NM,ASW,CE,Federal Contract Tower,0,0,3,1,4,0,6,20,0,26,0,6,23,1,30,32,0,32,62
12/06/2010,HOB,NM,ASW,CE,Federal Contract Tower,0,2,4,0,6,0,10,25,0,35,0,12,29,0,41,8,0,8,49
12/07/2010,HOB,NM,ASW,CE,Federal Contract Tower,0,0,3,0,3,0,7,5,0,12,0,7,8,0,15,0,0,0,15
12/08/2010,HOB,NM,ASW,CE,Federal Contract Tower,0,0,9,0,9,0,6,20,0,26,0,6,29,0,35,2,0,2,37
12/09/2010,HOB,NM,ASW,CE,Federal Contract Tower,0,0,7,0,7,0,8,24,2,34,0,8,31,2,41,0,8,8,49
12/10/2010,HOB,NM,ASW,CE,Federal Contract Tower,0,0,3,0,3,0,6,27,0,33,0,6,30,0,36,0,0,0,36
12/11/2010,HOB,NM,ASW,CE,Federal Contract Tower,0,0,0,0,0,0,0,26,0,26,0,0,26,0,26,12,0,12,38
12/12/2010,HOB,NM,ASW,CE,Federal Contract Tower,0,1,0,0,1,0,1,26,0,27,0,2,26,0,28,0,0,0,28
12/13/2010,HOB,NM,ASW,CE,Federal Contract Tower,0,0,2,0,2,0,9,24,1,34,0,9,26,1,36,0,0,0,36
12/14/2010,HOB,NM,ASW,CE,Federal Contract Tower,0,0,3,2,5,0,6,23,0,29,0,6,26,2,34,20,2,22,56
12/15/2010,HOB,NM,ASW,CE,Federal Contract Tower,0,0,0,0,0,0,6,19,0,25,0,6,19,0,25,26,0,26,51
12/16/2010,HOB,NM,ASW,CE,Federal Contract Tower,0,4,4,2,10,0,9,13,6,28,0,13,17,8,38,0,2,2,40
12/17/2010,HOB,NM,ASW,CE,Federal Contract Tower,0,3,5,0,8,0,7,17,0,24,0,10,22,0,32,0,0,0,32
12/18/2010,HOB,NM,ASW,CE,Federal Contract Tower,0,0,3,0,3,0,1,11,0,12,0,1,14,0,15,4,0,4,19
12/19/2010,HOB,NM,ASW,CE,Federal Contract Tower,0,0,2,0,2,0,0,16,0,16,0,0,18,0,18,0,0,0,18
12/20/2010,HOB,NM,ASW,CE,Federal Contract Tower,0,0,1,0,1,0,6,14,0,20,0,6,15,0,21,0,0,0,21
12/21/2010,HOB,NM,ASW,CE,Federal Contract Tower,0,1,6,0,7,0,8,19,4,31,0,9,25,4,38,0,12,12,50
12/22/2010,HOB,NM,ASW,CE,Federal Contract Tower,0,5,5,0,10,0,2,0,0,2,0,7,5,0,12,0,0,0,12
12/23/2010,HOB,NM,ASW,CE,Federal Contract Tower,0,10,3,0,13,0,2,17,0,19,0,12,20,0,32,2,0,2,34
12/24/2010,HOB,NM,ASW,CE,Federal Contract Tower,0,0,3,0,3,0,8,15,0,23,0,8,18,0,26,6,0,6,32
12/25/2010,HOB,NM,ASW,CE,Federal Contract Tower,0,0,0,0,0,0,0,7,0,7,0,0,7,0,7,2,0,2,9
12/26/2010,HOB,NM,ASW,CE,Federal Contract Tower,0,0,1,0,1,0,0,15,0,15,0,0,16,0,16,0,0,0,16
12/27/2010,HOB,NM,ASW,CE,Federal Contract Tower,0,4,0,0,4,0,7,19,0,26,0,11,19,0,30,0,0,0,30
12/28/2010,HOB,NM,ASW,CE,Federal Contract Tower,0,3,0,0,3,0,2,21,1,24,0,5,21,1,27,0,0,0,27
12/29/2010,HOB,NM,ASW,CE,Federal Contract Tower,0,3,6,0,9,0,5,9,0,14,0,8,15,0,23,0,0,0,23
12/30/2010,HOB,NM,ASW,CE,Federal Contract Tower,0,3,0,0,3,0,1,10,0,11,0,4,10,0,14,0,0,0,14
12/31/2010,HOB,NM,ASW,CE,Federal Contract Tower,0,6,1,0,7,0,7,4,0,11,0,13,5,0,18,0,0,0,18
01/01/2011,HOB,NM,ASW,CE,Federal Contract Tower,0,0,0,0,0,0,0,7,0,7,0,0,7,0,7,46,0,46,53
01/02/2011,HOB,NM,ASW,CE,Federal Contract Tower,0,0,4,0,4,0,0,6,0,6,0,0,10,0,10,0,0,0,10
01/03/2011,HOB,NM,ASW,CE,Federal Contract Tower,0,2,0,0,2,0,7,17,0,24,0,9,17,0,26,0,0,0,26
01/04/2011,HOB,NM,ASW,CE,Federal Contract Tower,0,2,1,0,3,0,4,22,1,27,0,6,23,1,30,2,2,4,34
01/05/2011,HOB,NM,ASW,CE,Federal Contract Tower,0,0,0,0,0,0,6,10,0,16,0,6,10,0,16,0,0,0,16
01/06/2011,HOB,NM,ASW,CE,Federal Contract Tower,0,0,5,0,5,0,8,16,0,24,0,8,21,0,29,6,0,6,35
01/07/2011,HOB,NM,ASW,CE,Federal Contract Tower,0,1,1,0,2,0,5,26,0,31,0,6,27,0,33,0,0,0,33
01/08/2011,HOB,NM,ASW,CE,Federal Contract Tower,0,0,0,0,0,0,0,13,0,13,0,0,13,0,13,0,0,0,13
01/09/2011,HOB,NM,ASW,CE,Federal Contract Tower,0,0,1,0,1,0,0,11,0,11,0,0,12,0,12,0,0,0,12
01/10/2011,HOB,NM,ASW,CE,Federal Contract Tower,0,2,4,0,6,0,1,5,0,6,0,3,9,0,12,0,0,0,12
01/11/2011,HOB,NM,ASW,CE,Federal Contract Tower,0,2,1,1,4,0,3,32,0,35,0,5,33,1,39,0,4,4,43
01/12/2011,HOB,NM,ASW,CE,Federal Contract Tower,0,4,5,2,11,0,2,7,0,9,0,6,12,2,20,0,0,0,20
01/13/2011,HOB,NM,ASW,CE,Federal Contract Tower,0,2,5,0,7,0,11,23,0,34,0,13,28,0,41,16,0,16,57
01/14/2011,HOB,NM,ASW,CE,Federal Contract Tower,0,2,11,0,13,0,2,5,0,7,0,4,16,0,20,0,0,0,20
01/15/2011,HOB,NM,ASW,CE,Federal Contract Tower,0,0,2,0,2,0,2,20,0,22,0,2,22,0,24,0,0,0,24
01/16/2011,HOB,NM,ASW,CE,Federal Contract Tower,0,0,2,0,2,0,0,4,0,4,0,0,6,0,6,0,0,0,6
01/17/2011,HOB,NM,ASW,CE,Federal Contract Tower,0,0,12,2,14,0,4,9,0,13,0,4,21,2,27,0,0,0,27
01/18/2011,HOB,NM,ASW,CE,Federal Contract Tower,0,2,3,0,5,0,4,8,0,12,0,6,11,0,17,0,0,0,17
01/19/2011,HOB,NM,ASW,CE,Federal Contract Tower,0,0,5,0,5,0,6,19,0,25,0,6,24,0,30,8,0,8,38
01/20/2011,HOB,NM,ASW,CE,Federal Contract Tower,0,5,0,0,5,0,3,17,0,20,0,8,17,0,25,6,0,6,31
01/21/2011,HOB,NM,ASW,CE,Federal Contract Tower,0,2,2,0,4,0,2,9,0,11,0,4,11,0,15,0,0,0,15
01/22/2011,HOB,NM,ASW,CE,Federal Contract Tower,0,0,8,0,8,0,0,21,0,21,0,0,29,0,29,10,0,10,39
01/23/2011,HOB,NM,ASW,CE,Federal Contract Tower,0,0,2,0,2,0,0,30,0,30,0,0,32,0,32,0,0,0,32
01/24/2011,HOB,NM,ASW,CE,Federal Contract Tower,0,4,3,0,7,0,0,28,0,28,0,4,31,0,35,0,0,0,35
01/25/2011,HOB,NM,ASW,CE,Federal Contract Tower,0,2,5,0,7,0,3,17,1,21,0,5,22,1,28,0,6,6,34
01/26/2011,HOB,NM,ASW,CE,Federal Contract Tower,0,2,4,0,6,0,4,14,0,18,0,6,18,0,24,6,0,6,30
01/27/2011,HOB,NM,ASW,CE,Federal Contract Tower,0,2,2,0,4,0,4,18,0,22,0,6,20,0,26,6,0,6,32
01/28/2011,HOB,NM,ASW,CE,Federal Contract Tower,0,1,3,0,4,0,0,16,0,16,0,1,19,0,20,6,0,6,26
01/29/2011,HOB,NM,ASW,CE,Federal Contract Tower,0,0,4,0,4,0,0,38,0,38,0,0,42,0,42,8,0,8,50
01/30/2011,HOB,NM,ASW,CE,Federal Contract Tower,0,0,3,0,3,0,0,13,0,13,0,0,16,0,16,0,0,0,16
01/31/2011,HOB,NM,ASW,CE,Federal Contract Tower,0,4,2,0,6,0,7,16,0,23,0,11,18,0,29,0,0,0,29
02/01/2011,HOB,NM,ASW,CE,Federal Contract Tower,0,5,0,0,5,0,1,0,0,1,0,6,0,0,6,0,0,0,6
02/02/2011,HOB,NM,ASW,CE,Federal Contract Tower,0,4,3,0,7,0,0,0,0,0,0,4,3,0,7,0,0,0,7
02/03/2011,HOB,NM,ASW,CE,Federal Contract Tower,0,3,2,0,5,0,5,6,0,11,0,8,8,0,16,0,0,0,16
02/04/2011,HOB,NM,ASW,CE,Federal Contract Tower,0,1,2,1,4,0,4,7,0,11,0,5,9,1,15,0,2,2,17
02/05/2011,HOB,NM,ASW,CE,Federal Contract Tower,0,0,1,0,1,0,0,14,0,14,0,0,15,0,15,10,0,10,25
02/06/2011,HOB,NM,ASW,CE,Federal Contract Tower,0,2,1,1,4,0,0,2,0,2,0,2,3,1,6,0,0,0,6
02/07/2011,HOB,NM,ASW,CE,Federal Contract Tower,0,2,2,0,4,0,7,14,0,21,0,9,16,0,25,24,0,24,49
02/08/2011,HOB,NM,ASW,CE,Federal Contract Tower,0,2,1,2,5,0,4,6,0,10,0,6,7,2,15,0,0,0,15
02/09/2011,HOB,NM,ASW,CE,Federal Contract Tower,0,2,0,0,2,0,6,10,0,16,0,8,10,0,18,2,0,2,20
02/10/2011,HOB,NM,ASW,CE,Federal Contract Tower,0,2,3,0,5,0,4,18,0,22,0,6,21,0,27,4,0,4,31
02/11/2011,HOB,NM,ASW,CE,Federal Contract Tower,0,5,4,1,10,0,2,24,0,26,0,7,28,1,36,0,12,12,48
02/12/2011,HOB,NM,ASW,CE,Federal Contract Tower,0,2,0,0,2,0,0,29,0,29,0,2,29,0,31,28,0,28,59
02/13/2011,HOB,NM,ASW,CE,Federal Contract Tower,0,0,1,0,1,0,2,11,0,13,0,2,12,0,14,2,0,2,16
02/14/2011,HOB,NM,ASW,CE,Federal Contract Tower,0,0,6,0,6,0,6,17,0,23,0,6,23,0,29,0,0,0,29
02/15/2011,HOB,NM,ASW,CE,Federal Contract Tower,0,6,0,0,6,0,6,20,0,26,0,12,20,0,32,8,0,8,40
02/16/2011,HOB,NM,ASW,CE,Federal Contract Tower,0,0,7,0,7,0,6,32,0,38,0,6,39,0,45,8,0,8,53
02/17/2011,HOB,NM,ASW,CE,Federal Contract Tower,0,0,7,0,7,0,8,32,2,42,0,8,39,2,49,6,0,6,55
02/18/2011,HOB,NM,ASW,CE,Federal Contract Tower,0,0,5,3,8,0,9,15,0,24,0,9,20,3,32,0,6,6,38
02/19/2011,HOB,NM,ASW,CE,Federal Contract Tower,0,0,0,0,0,0,0,22,0,22,0,0,22,0,22,16,0,16,38
02/20/2011,HOB,NM,ASW,CE,Federal Contract Tower,0,0,2,0,2,0,0,13,0,13,0,0,15,0,15,8,0,8,23
02/21/2011,HOB,NM,ASW,CE,Federal Contract Tower,0,0,8,0,8,0,4,14,0,18,0,4,22,0,26,0,0,0,26
02/22/2011,HOB,NM,ASW,CE,Federal Contract Tower,0,3,2,0,5,0,7,15,0,22,0,10,17,0,27,4,0,4,31
02/23/2011,HOB,NM,ASW,CE,Federal Contract Tower,0,2,3,0,5,0,2,21,0,23,0,4,24,0,28,0,0,0,28
02/24/2011,HOB,NM,ASW,CE,Federal Contract Tower,0,0,3,0,3,0,4,15,0,19,0,4,18,0,22,4,0,4,26
02/25/2011,HOB,NM,ASW,CE,Federal Contract Tower,0,0,1,0,1,0,4,8,0,12,0,4,9,0,13,0,0,0,13
02/26/2011,HOB,NM,ASW,CE,Federal Contract Tower,0,0,2,0,2,0,0,12,0,12,0,0,14,0,14,4,0,4,18
02/27/2011,HOB,NM,ASW,CE,Federal Contract Tower,0,0,3,0,3,0,0,3,0,3,0,0,6,0,6,0,0,0,6
02/28/2011,HOB,NM,ASW,CE,Federal Contract Tower,0,3,7,0,10,0,3,12,0,15,0,6,19,0,25,0,0,0,25
03/01/2011,HOB,NM,ASW,CE,Federal Contract Tower,0,2,3,0,5,0,4,8,0,12,0,6,11,0,17,0,0,0,17
03/02/2011,HOB,NM,ASW,CE,Federal Contract Tower,0,2,1,0,3,0,4,18,0,22,0,6,19,0,25,6,0,6,31
03/03/2011,HOB,NM,ASW,CE,Federal Contract Tower,0,2,6,0,8,0,5,28,2,35,0,7,34,2,43,14,0,14,57
03/04/2011,HOB,NM,ASW,CE,Federal Contract Tower,0,2,2,0,4,0,1,12,0,13,0,3,14,0,17,0,0,0,17
03/05/2011,HOB,NM,ASW,CE,Federal Contract Tower,0,0,0,0,0,0,0,25,0,25,0,0,25,0,25,8,0,8,33
03/06/2011,HOB,NM,ASW,CE,Federal Contract Tower,0,0,2,0,2,0,0,0,0,0,0,0,2,0,2,0,0,0,2
03/07/2011,HOB,NM,ASW,CE,Federal Contract Tower,0,3,4,1,8,0,3,32,0,35,0,6,36,1,43,22,4,26,69
03/08/2011,HOB,NM,ASW,CE,Federal Contract Tower,0,1,6,0,7,0,2,9,2,13,0,3,15,2,20,0,0,0,20
03/09/2011,HOB,NM,ASW,CE,Federal Contract Tower,0,2,3,0,5,0,1,21,2,24,0,3,24,2,29,8,6,14,43
03/10/2011,HOB,NM,ASW,CE,Federal Contract Tower,0,2,4,0,6,0,2,15,0,17,0,4,19,0,23,24,0,24,47
03/11/2011,HOB,NM,ASW,CE,Federal Contract Tower,0,2,0,0,2,0,5,20,0,25,0,7,20,0,27,0,0,0,27
03/12/2011,HOB,NM,ASW,CE,Federal Contract Tower,0,0,1,0,1,0,0,26,0,26,0,0,27,0,27,10,0,10,37
03/13/2011,HOB,NM,ASW,CE,Federal Contract Tower,0,0,2,0,2,0,0,19,8,27,0,0,21,8,29,0,0,0,29
03/14/2011,HOB,NM,ASW,CE,Federal Contract Tower,0,2,2,0,4,0,4,6,0,10,0,6,8,0,14,0,0,0,14
03/15/2011,HOB,NM,ASW,CE,Federal Contract Tower,0,3,3,1,7,0,6,11,1,18,0,9,14,2,25,0,30,30,55
03/16/2011,HOB,NM,ASW,CE,Federal Contract Tower,0,2,5,0,7,0,1,12,0,13,0,3,17,0,20,8,0,8,28
03/17/2011,HOB,NM,ASW,CE,Federal Contract Tower,0,1,5,0,6,0,2,22,0,24,0,3,27,0,30,10,0,10,40
03/18/2011,HOB,NM,ASW,CE,Federal Contract Tower,0,5,2,0,7,0,3,11,0,14,0,8,13,0,21,0,0,0,21
03/19/2011,HOB,NM,ASW,CE,Federal Contract Tower,0,0,3,0,3,0,0,11,0,11,0,0,14,0,14,22,0,22,36
03/20/2011,HOB,NM,ASW,CE,Federal Contract Tower,0,0,4,0,4,0,0,9,0,9,0,0,13,0,13,0,0,0,13
03/21/2011,HOB,NM,ASW,CE,Federal Contract Tower,0,1,7,2,10,0,0,0,0,0,0,1,7,2,10,0,0,0,10
03/22/2011,HOB,NM,ASW,CE,Federal Contract Tower,0,2,4,0,6,0,2,6,0,8,0,4,10,0,14,0,0,0,14
03/23/2011,HOB,NM,ASW,CE,Federal Contract Tower,0,4,4,0,8,0,2,10,0,12,0,6,14,0,20,0,0,0,20
03/24/2011,HOB,NM,ASW,CE,Federal Contract Tower,0,3,6,0,9,0,5,14,0,19,0,8,20,0,28,12,0,12,40
03/25/2011,HOB,NM,ASW,CE,Federal Contract Tower,0,1,3,0,4,0,3,31,0,34,0,4,34,0,38,0,0,0,38
03/26/2011,HOB,NM,ASW,CE,Federal Contract Tower,0,0,0,0,0,0,0,6,0,6,0,0,6,0,6,14,0,14,20
03/27/2011,HOB,NM,ASW,CE,Federal Contract Tower,0,0,2,0,2,0,0,0,0,0,0,0,2,0,2,0,0,0,2
03/28/2011,HOB,NM,ASW,CE,Federal Contract Tower,0,2,3,0,5,0,5,17,0,22,0,7,20,0,27,5,0,5,32
03/29/2011,HOB,NM,ASW,CE,Federal Contract Tower,0,7,6,0,13,0,1,16,0,17,0,8,22,0,30,0,0,0,30
03/30/2011,HOB,NM,ASW,CE,Federal Contract Tower,0,2,2,0,4,0,4,32,0,36,0,6,34,0,40,18,0,18,58
03/31/2011,HOB,NM,ASW,CE,Federal Contract Tower,0,2,2,0,4,0,2,25,0,27,0,4,27,0,31,10,0,10,41
04/01/2011,HOB,NM,ASW,CE,Federal Contract Tower,0,2,6,0,8,0,6,20,0,26,0,8,26,0,34,0,0,0,34
04/02/2011,HOB,NM,ASW,CE,Federal Contract Tower,0,0,0,0,0,0,2,26,0,28,0,2,26,0,28,0,0,0,28
04/03/2011,HOB,NM,ASW,CE,Federal Contract Tower,0,0,0,0,0,0,0,24,0,24,0,0,24,0,24,0,0,0,24
04/04/2011,HOB,NM,ASW,CE,Federal Contract Tower,0,1,4,0,5,0,5,27,0,32,0,6,31,0,37,0,0,0,37
04/05/2011,HOB,NM,ASW,CE,Federal Contract Tower,0,1,4,2,7,0,7,16,0,23,0,8,20,2,30,6,2,8,38
04/06/2011,HOB,NM,ASW,CE,Federal Contract Tower,0,1,3,2,6,0,5,23,0,28,0,6,26,2,34,0,12,12,46
04/07/2011,HOB,NM,ASW,CE,Federal Contract Tower,0,3,4,0,7,0,3,8,0,11,0,6,12,0,18,0,0,0,18
04/08/2011,HOB,NM,ASW,CE,Federal Contract Tower,0,1,2,0,3,0,3,21,0,24,0,4,23,0,27,2,0,2,29
04/09/2011,HOB,NM,ASW,CE,Federal Contract Tower,0,0,1,0,1,0,0,20,0,20,0,0,21,0,21,4,0,4,25
04/10/2011,HOB,NM,ASW,CE,Federal Contract Tower,0,0,0,0,0,0,0,14,0,14,0,0,14,0,14,0,0,0,14
04/11/2011,HOB,NM,ASW,CE,Federal Contract Tower,0,3,2,0,5,0,8,18,0,26,0,11,20,0,31,6,0,6,37
04/12/2011,HOB,NM,ASW,CE,Federal Contract Tower,0,1,2,0,3,0,0,0,0,0,0,1,2,0,3,0,0,0,3
04/13/2011,HOB,NM,ASW,CE,Federal Contract Tower,0,0,4,0,4,0,4,9,0,13,0,4,13,0,17,0,0,0,17
04/14/2011,HOB,NM,ASW,CE,Federal Contract Tower,0,0,7,0,7,0,6,13,0,19,0,6,20,0,26,10,0,10,36
04/15/2011,HOB,NM,ASW,CE,Federal Contract Tower,0,0,7,0,7,0,7,35,2,44,0,7,42,2,51,0,0,0,51
04/16/2011,HOB,NM,ASW,CE,Federal Contract Tower,0,0,2,0,2,0,0,17,0,17,0,0,19,0,19,8,0,8,27
04/17/2011,HOB,NM,ASW,CE,Federal Contract Tower,0,3,3,0,6,0,0,15,0,15,0,3,18,0,21,10,0,10,31
04/18/2011,HOB,NM,ASW,CE,Federal Contract Tower,0,0,0,0,0,0,6,21,0,27,0,6,21,0,27,0,0,0,27
04/19/2011,HOB,NM,ASW,CE,Federal Contract Tower,0,0,1,0,1,0,5,1,0,6,0,5,2,0,7,0,0,0,7
04/20/2011,HOB,NM,ASW,CE,Federal Contract Tower,0,0,3,0,3,0,4,16,0,20,0,4,19,0,23,18,0,18,41
04/21/2011,HOB,NM,ASW,CE,Federal Contract Tower,0,3,6,0,9,0,3,17,2,22,0,6,23,2,31,0,0,0,31
04/22/2011,HOB,NM,ASW,CE,Federal Contract Tower,0,0,3,0,3,0,8,2,0,10,0,8,5,0,13,0,0,0,13
04/23/2011,HOB,NM,ASW,CE,Federal Contract Tower,0,1,0,0,1,0,0,25,0,25,0,1,25,0,26,12,0,12,38
04/24/2011,HOB,NM,ASW,CE,Federal Contract Tower,0,0,1,0,1,0,2,12,0,14,0,2,13,0,15,14,0,14,29
04/25/2011,HOB,NM,ASW,CE,Federal Contract Tower,0,2,0,0,2,0,8,18,0,26,0,10,18,0,28,8,0,8,36
04/26/2011,HOB,NM,ASW,CE,Federal Contract Tower,0,4,7,2,13,0,4,0,0,4,0,8,7,2,17,0,2,2,19
04/27/2011,HOB,NM,ASW,CE,Federal Contract Tower,0,1,5,0,6,0,5,14,0,19,0,6,19,0,25,4,0,4,29
04/28/2011,HOB,NM,ASW,CE,Federal Contract Tower,0,2,2,0,4,0,4,28,2,34,0,6,30,2,38,0,0,0,38
04/29/2011,HOB,NM,ASW,CE,Federal Contract Tower,0,2,2,0,4,0,2,6,0,8,0,4,8,0,12,0,0,0,12
04/30/2011,HOB,NM,ASW,CE,Federal Contract Tower,0,0,1,0,1,0,0,17,0,17,0,0,18,0,18,4,0,4,22
05/01/2011,HOB,NM,ASW,CE,Federal Contract Tower,0,1,0,0,1,0,1,3,0,4,0,2,3,0,5,0,0,0,5
05/02/2011,HOB,NM,ASW,CE,Federal Contract Tower,0,3,2,0,5,0,3,16,2,21,0,6,18,2,26,0,4,4,30
05/03/2011,HOB,NM,ASW,CE,Federal Contract Tower,0,2,4,4,10,0,4,22,0,26,0,6,26,4,36,6,0,6,42
05/04/2011,HOB,NM,ASW,CE,Federal Contract Tower,0,1,1,0,2,0,3,18,0,21,0,4,19,0,23,0,0,0,23
05/05/2011,HOB,NM,ASW,CE,Federal Contract Tower,0,2,0,0,2,0,4,19,0,23,0,6,19,0,25,10,0,10,35
05/06/2011,HOB,NM,ASW,CE,Federal Contract Tower,0,0,3,0,3,0,8,22,0,30,0,8,25,0,33,0,0,0,33
05/07/2011,HOB,NM,ASW,CE,Federal Contract Tower,0,1,6,0,7,0,0,27,2,29,0,1,33,2,36,16,0,16,52
05/08/2011,HOB,NM,ASW,CE,Federal Contract Tower,0,0,3,0,3,0,0,11,0,11,0,0,14,0,14,0,0,0,14
05/09/2011,HOB,NM,ASW,CE,Federal Contract Tower,0,1,4,0,5,0,7,10,0,17,0,8,14,0,22,4,0,4,26
05/10/2011,HOB,NM,ASW,CE,Federal Contract Tower,0,2,3,1,6,0,4,18,0,22,0,6,21,1,28,0,0,0,28
05/11/2011,HOB,NM,ASW,CE,Federal Contract Tower,0,0,2,0,2,0,4,13,0,17,0,4,15,0,19,0,0,0,19
05/12/2011,HOB,NM,ASW,CE,Federal Contract Tower,0,1,1,0,2,0,6,17,0,23,0,7,18,0,25,2,0,2,27
05/13/2011,HOB,NM,ASW,CE,Federal Contract Tower,0,1,3,0,4,0,4,5,0,9,0,5,8,0,13,0,0,0,13
05/14/2011,HOB,NM,ASW,CE,Federal Contract Tower,0,0,1,0,1,0,2,27,0,29,0,2,28,0,30,26,0,26,56
05/15/2011,HOB,NM,ASW,CE,Federal Contract Tower,0,0,1,0,1,0,0,6,0,6,0,0,7,0,7,0,0,0,7
05/16/2011,HOB,NM,ASW,CE,Federal Contract Tower,0,2,4,0,6,0,7,13,0,20,0,9,17,0,26,14,0,14,40
05/17/2011,HOB,NM,ASW,CE,Federal Contract Tower,0,2,5,1,8,0,2,20,0,22,0,4,25,1,30,8,16,24,54
05/18/2011,HOB,NM,ASW,CE,Federal Contract Tower,0,0,4,0,4,0,10,17,0,27,0,10,21,0,31,0,0,0,31
05/19/2011,HOB,NM,ASW,CE,Federal Contract Tower,0,2,3,0,5,0,2,21,0,23,0,4,24,0,28,12,0,12,40
05/20/2011,HOB,NM,ASW,CE,Federal Contract Tower,0,2,4,0,6,0,2,11,0,13,0,4,15,0,19,0,0,0,19
05/21/2011,HOB,NM,ASW,CE,Federal Contract Tower,0,0,4,0,4,0,0,10,0,10,0,0,14,0,14,18,0,18,32
05/22/2011,HOB,NM,ASW,CE,Federal Contract Tower,0,0,2,0,2,0,0,7,0,7,0,0,9,0,9,0,0,0,9
05/23/2011,HOB,NM,ASW,CE,Federal Contract Tower,0,0,2,0,2,0,4,25,0,29,0,4,27,0,31,0,0,0,31
05/24/2011,HOB,NM,ASW,CE,Federal Contract Tower,0,3,3,0,6,0,2,7,0,9,0,5,10,0,15,0,0,0,15
05/25/2011,HOB,NM,ASW,CE,Federal Contract Tower,0,2,3,0,5,0,2,10,0,12,0,4,13,0,17,0,0,0,17
05/26/2011,HOB,NM,ASW,CE,Federal Contract Tower,0,2,2,0,4,0,7,8,0,15,0,9,10,0,19,0,0,0,19
05/27/2011,HOB,NM,ASW,CE,Federal Contract Tower,0,1,3,0,4,0,3,19,0,22,0,4,22,0,26,0,0,0,26
05/28/2011,HOB,NM,ASW,CE,Federal Contract Tower,0,0,1,0,1,0,0,7,0,7,0,0,8,0,8,0,0,0,8
05/29/2011,HOB,NM,ASW,CE,Federal Contract Tower,0,0,1,0,1,0,0,19,0,19,0,0,20,0,20,28,0,28,48
05/30/2011,HOB,NM,ASW,CE,Federal Contract Tower,0,0,3,0,3,0,0,20,0,20,0,0,23,0,23,0,0,0,23
05/31/2011,HOB,NM,ASW,CE,Federal Contract Tower,0,0,6,0,6,0,5,3,0,8,0,5,9,0,14,0,0,0,14
06/01/2011,HOB,NM,ASW,CE,Federal Contract Tower,0,1,4,0,5,0,5,18,0,23,0,6,22,0,28,0,0,0,28
06/02/2011,HOB,NM,ASW,CE,Federal Contract Tower,0,0,1,0,1,0,4,11,0,15,0,4,12,0,16,14,0,14,30
06/03/2011,HOB,NM,ASW,CE,Federal Contract Tower,0,1,5,0,6,0,6,23,0,29,0,7,28,0,35,22,0,22,57
06/04/2011,HOB,NM,ASW,CE,Federal Contract Tower,0,0,2,0,2,0,0,15,0,15,0,0,17,0,17,14,0,14,31
06/05/2011,HOB,NM,ASW,CE,Federal Contract Tower,0,0,0,0,0,0,0,21,0,21,0,0,21,0,21,0,0,0,21
06/06/2011,HOB,NM,ASW,CE,Federal Contract Tower,0,1,6,0,7,0,4,9,0,13,0,5,15,0,20,0,0,0,20
06/07/2011,HOB,NM,ASW,CE,Federal Contract Tower,0,4,0,0,4,0,2,9,2,13,0,6,9,2,17,0,14,14,31
06/08/2011,HOB,NM,ASW,CE,Federal Contract Tower,0,2,2,0,4,0,2,15,1,18,0,4,17,1,22,0,0,0,22
06/09/2011,HOB,NM,ASW,CE,Federal Contract Tower,0,2,3,0,5,0,4,19,1,24,0,6,22,1,29,20,0,20,49
06/10/2011,HOB,NM,ASW,CE,Federal Contract Tower,0,5,0,0,5,0,4,18,0,22,0,9,18,0,27,0,0,0,27
06/11/2011,HOB,NM,ASW,CE,Federal Contract Tower,0,0,1,0,1,0,0,20,2,22,0,0,21,2,23,0,0,0,23
06/12/2011,HOB,NM,ASW,CE,Federal Contract Tower,0,2,4,0,6,0,2,18,0,20,0,4,22,0,26,8,0,8,34
06/13/2011,HOB,NM,ASW,CE,Federal Contract Tower,0,0,1,0,1,0,4,17,0,21,0,4,18,0,22,12,0,12,34
06/14/2011,HOB,NM,ASW,CE,Federal Contract Tower,0,0,4,0,4,0,4,16,0,20,0,4,20,0,24,4,0,4,28
06/15/2011,HOB,NM,ASW,CE,Federal Contract Tower,0,3,4,0,7,0,3,10,0,13,0,6,14,0,20,20,0,20,40
06/16/2011,HOB,NM,ASW,CE,Federal Contract Tower,0,0,0,0,0,0,6,18,4,28,0,6,18,4,28,0,0,0,28
06/17/2011,HOB,NM,ASW,CE,Federal Contract Tower,0,0,2,0,2,0,8,15,0,23,0,8,17,0,25,0,0,0,25
06/18/2011,HOB,NM,ASW,CE,Federal Contract Tower,0,0,2,0,2,0,0,12,0,12,0,0,14,0,14,0,0,0,14
06/19/2011,HOB,NM,ASW,CE,Federal Contract Tower,0,0,3,0,3,0,0,15,0,15,0,0,18,0,18,0,0,0,18
06/20/2011,HOB,NM,ASW,CE,Federal Contract Tower,0,1,3,0,4,0,3,22,0,25,0,4,25,0,29,0,0,0,29
06/21/2011,HOB,NM,ASW,CE,Federal Contract Tower,0,1,3,0,4,0,4,7,0,11,0,5,10,0,15,0,0,0,15
06/22/2011,HOB,NM,ASW,CE,Federal Contract Tower,0,2,3,0,5,0,2,16,0,18,0,4,19,0,23,0,0,0,23
06/23/2011,HOB,NM,ASW,CE,Federal Contract Tower,0,2,5,0,7,0,4,20,0,24,0,6,25,0,31,8,0,8,39
06/24/2011,HOB,NM,ASW,CE,Federal Contract Tower,0,2,3,0,5,0,5,18,0,23,0,7,21,0,28,0,0,0,28
06/25/2011,HOB,NM,ASW,CE,Federal Contract Tower,0,0,0,0,0,0,0,17,0,17,0,0,17,0,17,12,0,12,29
06/26/2011,HOB,NM,ASW,CE,Federal Contract Tower,0,0,1,0,1,0,0,16,0,16,0,0,17,0,17,0,0,0,17
06/27/2011,HOB,NM,ASW,CE,Federal Contract Tower,0,0,2,0,2,0,4,10,0,14,0,4,12,0,16,0,0,0,16
06/28/2011,HOB,NM,ASW,CE,Federal Contract Tower,0,0,6,0,6,0,4,15,0,19,0,4,21,0,25,0,0,0,25
06/29/2011,HOB,NM,ASW,CE,Federal Contract Tower,0,0,0,0,0,0,4,13,0,17,0,4,13,0,17,0,0,0,17
06/30/2011,HOB,NM,ASW,CE,Federal Contract Tower,0,1,2,0,3,0,4,9,2,15,0,5,11,2,18,0,10,10,28
07/01/2011,HOB,NM,ASW,CE,Federal Contract Tower,0,3,4,0,7,0,4,21,0,25,0,7,25,0,32,6,0,6,38
07/02/2011,HOB,NM,ASW,CE,Federal Contract Tower,0,2,0,0,2,0,1,17,0,18,0,3,17,0,20,6,0,6,26
07/03/2011,HOB,NM,ASW,CE,Federal Contract Tower,0,3,0,0,3,0,0,15,0,15,0,3,15,0,18,0,0,0,18
07/04/2011,HOB,NM,ASW,CE,Federal Contract Tower,0,2,2,0,4,0,0,18,0,18,0,2,20,0,22,0,0,0,22
07/05/2011,HOB,NM,ASW,CE,Federal Contract Tower,0,4,2,0,6,0,10,12,0,22,0,14,14,0,28,0,0,0,28
07/06/2011,HOB,NM,ASW,CE,Federal Contract Tower,0,3,2,0,5,0,6,8,0,14,0,9,10,0,19,0,0,0,19
07/07/2011,HOB,NM,ASW,CE,Federal Contract Tower,0,3,4,0,7,0,5,12,0,17,0,8,16,0,24,0,0,0,24
07/08/2011,HOB,NM,ASW,CE,Federal Contract Tower,0,1,4,0,5,0,6,13,0,19,0,7,17,0,24,26,0,26,50
07/09/2011,HOB,NM,ASW,CE,Federal Contract Tower,0,1,0,0,1,0,0,17,0,17,0,1,17,0,18,16,0,16,34
07/10/2011,HOB,NM,ASW,CE,Federal Contract Tower,0,3,2,0,5,0,0,8,0,8,0,3,10,0,13,0,0,0,13
07/11/2011,HOB,NM,ASW,CE,Federal Contract Tower,0,2,1,0,3,0,5,20,0,25,0,7,21,0,28,0,0,0,28
07/12/2011,HOB,NM,ASW,CE,Federal Contract Tower,0,3,2,0,5,0,5,17,0,22,0,8,19,0,27,24,0,24,51
07/13/2011,HOB,NM,ASW,CE,Federal Contract Tower,0,5,3,0,8,0,2,17,0,19,0,7,20,0,27,10,0,10,37
07/14/2011,HOB,NM,ASW,CE,Federal Contract Tower,0,4,5,0,9,0,5,32,0,37,0,9,37,0,46,12,0,12,58
07/15/2011,HOB,NM,ASW,CE,Federal Contract Tower,0,3,0,0,3,0,4,28,0,32,0,7,28,0,35,10,0,10,45
07/16/2011,HOB,NM,ASW,CE,Federal Contract Tower,0,3,0,0,3,0,2,18,0,20,0,5,18,0,23,10,0,10,33
07/17/2011,HOB,NM,ASW,CE,Federal Contract Tower,0,3,3,0,6,0,0,16,0,16,0,3,19,0,22,0,0,0,22
07/18/2011,HOB,NM,ASW,CE,Federal Contract Tower,0,3,4,0,7,0,4,8,0,12,0,7,12,0,19,0,0,0,19
07/19/2011,HOB,NM,ASW,CE,Federal Contract Tower,0,3,0,4,7,0,6,15,0,21,0,9,15,4,28,0,14,14,42
07/20/2011,HOB,NM,ASW,CE,Federal Contract Tower,0,5,3,0,8,0,3,25,0,28,0,8,28,0,36,14,0,14,50
07/21/2011,HOB,NM,ASW,CE,Federal Contract Tower,0,3,7,0,10,0,10,21,0,31,0,13,28,0,41,6,0,6,47
07/22/2011,HOB,NM,ASW,CE,Federal Contract Tower,0,3,0,0,3,0,4,10,0,14,0,7,10,0,17,0,0,0,17
07/23/2011,HOB,NM,ASW,CE,Federal Contract Tower,0,1,0,0,1,0,0,18,0,18,0,1,18,0,19,16,0,16,35
07/24/2011,HOB,NM,ASW,CE,Federal Contract Tower,0,2,1,0,3,0,0,22,0,22,0,2,23,0,25,16,0,16,41
07/25/2011,HOB,NM,ASW,CE,Federal Contract Tower,0,3,4,0,7,0,4,10,0,14,0,7,14,0,21,8,0,8,29
07/26/2011,HOB,NM,ASW,CE,Federal Contract Tower,0,3,2,0,5,0,4,14,0,18,0,7,16,0,23,0,0,0,23
07/27/2011,HOB,NM,ASW,CE,Federal Contract Tower,0,4,5,0,9,0,7,15,0,22,0,11,20,0,31,8,0,8,39
07/28/2011,HOB,NM,ASW,CE,Federal Contract Tower,0,5,4,0,9,0,6,20,0,26,0,11,24,0,35,30,0,30,65
07/29/2011,HOB,NM,ASW,CE,Federal Contract Tower,0,3,0,0,3,0,4,15,0,19,0,7,15,0,22,0,0,0,22
07/30/2011,HOB,NM,ASW,CE,Federal Contract Tower,0,1,0,0,1,0,0,16,0,16,0,1,16,0,17,10,0,10,27
07/31/2011,HOB,NM,ASW,CE,Federal Contract Tower,0,3,1,0,4,0,4,21,0,25,0,7,22,0,29,0,0,0,29
08/01/2011,HOB,NM,ASW,CE,Federal Contract Tower,0,3,4,0,7,0,2,12,0,14,0,5,16,0,21,8,0,8,29
08/02/2011,HOB,NM,ASW,CE,Federal Contract Tower,0,5,2,0,7,0,2,11,0,13,0,7,13,0,20,0,0,0,20
08/03/2011,HOB,NM,ASW,CE,Federal Contract Tower,0,4,5,0,9,0,4,17,0,21,0,8,22,0,30,0,0,0,30
08/04/2011,HOB,NM,ASW,CE,Federal Contract Tower,0,3,3,0,6,0,6,10,0,16,0,9,13,0,22,0,0,0,22
08/05/2011,HOB,NM,ASW,CE,Federal Contract Tower,0,3,1,0,4,0,4,19,0,23,0,7,20,0,27,12,0,12,39
08/06/2011,HOB,NM,ASW,CE,Federal Contract Tower,0,1,2,0,3,0,0,17,1,18,0,1,19,1,21,0,14,14,35
08/07/2011,HOB,NM,ASW,CE,Federal Contract Tower,0,3,0,0,3,0,0,12,0,12,0,3,12,0,15,0,0,0,15
08/08/2011,HOB,NM,ASW,CE,Federal Contract Tower,0,3,5,0,8,0,4,12,0,16,0,7,17,0,24,0,0,0,24
08/09/2011,HOB,NM,ASW,CE,Federal Contract Tower,0,3,0,0,3,0,8,23,0,31,0,11,23,0,34,0,0,0,34
08/10/2011,HOB,NM,ASW,CE,Federal Contract Tower,0,4,2,0,6,0,4,16,0,20,0,8,18,0,26,0,0,0,26
08/11/2011,HOB,NM,ASW,CE,Federal Contract Tower,0,6,5,0,11,0,3,16,0,19,0,9,21,0,30,0,0,0,30
08/12/2011,HOB,NM,ASW,CE,Federal Contract Tower,0,4,2,0,6,0,3,7,0,10,0,7,9,0,16,12,0,12,28
08/13/2011,HOB,NM,ASW,CE,Federal Contract Tower,0,1,3,0,4,0,0,15,0,15,0,1,18,0,19,0,0,0,19
08/14/2011,HOB,NM,ASW,CE,Federal Contract Tower,0,4,1,0,5,0,0,13,0,13,0,4,14,0,18,0,0,0,18
08/15/2011,HOB,NM,ASW,CE,Federal Contract Tower,0,5,7,0,12,0,4,13,0,17,0,9,20,0,29,0,0,0,29
08/16/2011,HOB,NM,ASW,CE,Federal Contract Tower,0,4,1,2,7,0,4,4,0,8,0,8,5,2,15,0,10,10,25
08/17/2011,HOB,NM,ASW,CE,Federal Contract Tower,0,4,6,0,10,0,7,14,0,21,0,11,20,0,31,16,0,16,47
08/18/2011,HOB,NM,ASW,CE,Federal Contract Tower,0,3,4,0,7,0,8,15,0,23,0,11,19,0,30,0,0,0,30
08/19/2011,HOB,NM,ASW,CE,Federal Contract Tower,0,4,3,0,7,0,5,14,0,19,0,9,17,0,26,8,0,8,34
08/20/2011,HOB,NM,ASW,CE,Federal Contract Tower,0,1,2,0,3,0,0,21,0,21,0,1,23,0,24,10,0,10,34
08/21/2011,HOB,NM,ASW,CE,Federal Contract Tower,0,2,2,0,4,0,0,15,0,15,0,2,17,0,19,0,0,0,19
08/22/2011,HOB,NM,ASW,CE,Federal Contract Tower,0,3,2,0,5,0,4,16,0,20,0,7,18,0,25,8,0,8,33
08/23/2011,HOB,NM,ASW,CE,Federal Contract Tower,0,5,1,0,6,0,2,5,0,7,0,7,6,0,13,0,0,0,13
08/24/2011,HOB,NM,ASW,CE,Federal Contract Tower,0,7,6,0,13,0,2,15,0,17,0,9,21,0,30,0,0,0,30
08/25/2011,HOB,NM,ASW,CE,Federal Contract Tower,0,4,2,0,6,0,3,17,0,20,0,7,19,0,26,6,0,6,32
08/26/2011,HOB,NM,ASW,CE,Federal Contract Tower,0,4,1,0,5,0,4,21,0,25,0,8,22,0,30,10,0,10,40
08/27/2011,HOB,NM,ASW,CE,Federal Contract Tower,0,1,1,0,2,0,0,16,0,16,0,1,17,0,18,18,0,18,36
08/28/2011,HOB,NM,ASW,CE,Federal Contract Tower,0,2,1,0,3,0,0,21,0,21,0,2,22,0,24,0,0,0,24
08/29/2011,HOB,NM,ASW,CE,Federal Contract Tower,0,7,5,0,12,0,4,17,0,21,0,11,22,0,33,8,0,8,41
08/30/2011,HOB,NM,ASW,CE,Federal Contract Tower,0,3,7,0,10,0,2,10,0,12,0,5,17,0,22,0,0,0,22
08/31/2011,HOB,NM,ASW,CE,Federal Contract Tower,0,2,5,0,7,0,5,19,0,24,0,7,24,0,31,0,0,0,31
09/01/2011,HOB,NM,ASW,CE,Federal Contract Tower,0,5,1,0,6,0,2,6,0,8,0,7,7,0,14,0,0,0,14
09/02/2011,HOB,NM,ASW,CE,Federal Contract Tower,0,6,3,0,9,0,6,19,0,25,0,12,22,0,34,0,0,0,34
09/03/2011,HOB,NM,ASW,CE,Federal Contract Tower,0,1,2,0,3,0,1,12,0,13,0,2,14,0,16,0,0,0,16
09/04/2011,HOB,NM,ASW,CE,Federal Contract Tower,0,3,0,0,3,0,0,2,0,2,0,3,2,0,5,0,0,0,5
09/05/2011,HOB,NM,ASW,CE,Federal Contract Tower,0,2,4,0,6,0,0,16,0,16,0,2,20,0,22,16,0,16,38
09/06/2011,HOB,NM,ASW,CE,Federal Contract Tower,0,6,7,0,13,0,2,11,0,13,0,8,18,0,26,0,0,0,26
09/07/2011,HOB,NM,ASW,CE,Federal Contract Tower,0,4,5,0,9,0,2,17,0,19,0,6,22,0,28,0,0,0,28
09/08/2011,HOB,NM,ASW,CE,Federal Contract Tower,0,5,2,0,7,0,2,14,0,16,0,7,16,0,23,2,0,2,25
09/09/2011,HOB,NM,ASW,CE,Federal Contract Tower,0,5,4,0,9,0,3,15,0,18,0,8,19,0,27,0,0,0,27
09/10/2011,HOB,NM,ASW,CE,Federal Contract Tower,0,2,1,0,3,0,1,17,0,18,0,3,18,0,21,0,0,0,21
09/11/2011,HOB,NM,ASW,CE,Federal Contract Tower,0,3,3,0,6,0,2,15,0,17,0,5,18,0,23,6,0,6,29
09/12/2011,HOB,NM,ASW,CE,Federal Contract Tower,0,6,0,0,6,0,2,23,1,26,0,8,23,1,32,0,16,16,48
09/13/2011,HOB,NM,ASW,CE,Federal Contract Tower,0,4,4,0,8,0,5,15,0,20,0,9,19,0,28,4,0,4,32
09/14/2011,HOB,NM,ASW,CE,Federal Contract Tower,0,3,12,1,16,0,3,12,6,21,0,6,24,7,37,0,8,8,45
09/15/2011,HOB,NM,ASW,CE,Federal Contract Tower,0,9,4,0,13,0,0,0,0,0,0,9,4,0,13,0,0,0,13
09/16/2011,HOB,NM,ASW,CE,Federal Contract Tower,0,11,18,0,29,0,1,14,0,15,0,12,32,0,44,0,0,0,44
09/17/2011,HOB,NM,ASW,CE,Federal Contract Tower,0,5,9,0,14,0,2,16,0,18,0,7,25,0,32,0,0,0,32
09/18/2011,HOB,NM,ASW,CE,Federal Contract Tower,0,3,4,0,7,0,0,16,0,16,0,3,20,0,23,0,0,0,23
09/19/2011,HOB,NM,ASW,CE,Federal Contract Tower,0,5,4,0,9,0,2,15,0,17,0,7,19,0,26,0,0,0,26
09/20/2011,HOB,NM,ASW,CE,Federal Contract Tower,0,3,4,0,7,0,9,12,0,21,0,12,16,0,28,10,0,10,38
09/21/2011,HOB,NM,ASW,CE,Federal Contract Tower,0,1,4,0,5,0,6,14,0,20,0,7,18,0,25,4,0,4,29
09/22/2011,HOB,NM,ASW,CE,Federal Contract Tower,0,5,0,0,5,0,6,7,0,13,0,11,7,0,18,0,0,0,18
09/23/2011,HOB,NM,ASW,CE,Federal Contract Tower,0,5,1,0,6,0,2,17,0,19,0,7,18,0,25,8,0,8,33
09/24/2011,HOB,NM,ASW,CE,Federal Contract Tower,0,2,2,0,4,0,2,21,0,23,0,4,23,0,27,0,0,0,27
09/25/2011,HOB,NM,ASW,CE,Federal Contract Tower,0,5,3,0,8,0,0,16,0,16,0,5,19,0,24,0,0,0,24
09/26/2011,HOB,NM,ASW,CE,Federal Contract Tower,0,4,7,0,11,0,4,17,0,21,0,8,24,0,32,8,0,8,40
09/27/2011,HOB,NM,ASW,CE,Federal Contract Tower,0,3,2,0,5,0,3,22,2,27,0,6,24,2,32,0,22,22,54
09/28/2011,HOB,NM,ASW,CE,Federal Contract Tower,0,3,3,10,16,0,2,6,1,9,0,5,9,11,25,0,22,22,47
09/29/2011,HOB,NM,ASW,CE,Federal Contract Tower,0,5,3,0,8,0,2,15,0,17,0,7,18,0,25,4,0,4,29
09/30/2011,HOB,NM,ASW,CE,Federal Contract Tower,0,6,5,0,11,0,4,20,0,24,0,10,25,0,35,0,0,0,35
10/01/2011,HOB,NM,ASW,CE,Federal Contract Tower,0,1,2,0,3,0,0,24,0,24,0,1,26,0,27,18,0,18,45
10/02/2011,HOB,NM,ASW,CE,Federal Contract Tower,0,3,4,0,7,0,0,15,0,15,0,3,19,0,22,8,0,8,30
10/03/2011,HOB,NM,ASW,CE,Federal Contract Tower,0,6,4,0,10,0,2,17,0,19,0,8,21,0,29,10,0,10,39
10/04/2011,HOB,NM,ASW,CE,Federal Contract Tower,0,4,4,0,8,0,2,3,0,5,0,6,7,0,13,4,0,4,17
10/05/2011,HOB,NM,ASW,CE,Federal Contract Tower,0,3,0,0,3,0,4,12,0,16,0,7,12,0,19,6,0,6,25
10/06/2011,HOB,NM,ASW,CE,Federal Contract Tower,0,5,2,0,7,0,6,7,4,17,0,11,9,4,24,10,22,32,56
10/07/2011,HOB,NM,ASW,CE,Federal Contract Tower,0,7,6,0,13,0,7,14,0,21,0,14,20,0,34,0,0,0,34
10/08/2011,HOB,NM,ASW,CE,Federal Contract Tower,0,1,0,0,1,0,0,12,0,12,0,1,12,0,13,8,0,8,21
10/09/2011,HOB,NM,ASW,CE,Federal Contract Tower,0,3,5,0,8,0,4,8,0,12,0,7,13,0,20,0,0,0,20
10/10/2011,HOB,NM,ASW,CE,Federal Contract Tower,0,7,5,0,12,0,3,8,0,11,0,10,13,0,23,26,0,26,49
10/11/2011,HOB,NM,ASW,CE,Federal Contract Tower,0,4,5,0,9,0,4,17,0,21,0,8,22,0,30,12,0,12,42
10/12/2011,HOB,NM,ASW,CE,Federal Contract Tower,0,3,2,0,5,0,4,17,6,27,0,7,19,6,32,4,12,16,48
10/13/2011,HOB,NM,ASW,CE,Federal Contract Tower,0,4,4,0,8,0,9,20,0,29,0,13,24,0,37,22,0,22,59
10/14/2011,HOB,NM,ASW,CE,Federal Contract Tower,0,4,2,0,6,0,2,8,0,10,0,6,10,0,16,0,0,0,16
10/15/2011,HOB,NM,ASW,CE,Federal Contract Tower,0,1,0,0,1,0,0,17,0,17,0,1,17,0,18,16,0,16,34
10/16/2011,HOB,NM,ASW,CE,Federal Contract Tower,0,3,3,0,6,0,2,5,0,7,0,5,8,0,13,10,0,10,23
10/17/2011,HOB,NM,ASW,CE,Federal Contract Tower,0,6,2,0,8,0,3,12,0,15,0,9,14,0,23,4,0,4,27
10/18/2011,HOB,NM,ASW,CE,Federal Contract Tower,0,3,1,0,4,0,3,17,0,20,0,6,18,0,24,6,0,6,30
10/19/2011,HOB,NM,ASW,CE,Federal Contract Tower,0,3,2,0,5,0,2,16,0,18,0,5,18,0,23,0,0,0,23
10/20/2011,HOB,NM,ASW,CE,Federal Contract Tower,0,5,4,0,9,0,2,22,0,24,0,7,26,0,33,10,0,10,43
10/21/2011,HOB,NM,ASW,CE,Federal Contract Tower,0,6,1,0,7,0,5,15,0,20,0,11,16,0,27,0,0,0,27
10/22/2011,HOB,NM,ASW,CE,Federal Contract Tower,0,1,0,0,1,0,2,19,0,21,0,3,19,0,22,12,0,12,34
10/23/2011,HOB,NM,ASW,CE,Federal Contract Tower,0,3,0,0,3,0,0,15,0,15,0,3,15,0,18,6,0,6,24
10/24/2011,HOB,NM,ASW,CE,Federal Contract Tower,0,5,5,0,10,0,3,7,2,12,0,8,12,2,22,10,0,10,32
10/25/2011,HOB,NM,ASW,CE,Federal Contract Tower,0,3,4,0,7,0,5,10,0,15,0,8,14,0,22,0,0,0,22
10/26/2011,HOB,NM,ASW,CE,Federal Contract Tower,0,3,5,0,8,0,2,14,0,16,0,5,19,0,24,8,0,8,32
10/27/2011,HOB,NM,ASW,CE,Federal Contract Tower,0,10,2,0,12,0,0,0,0,0,0,10,2,0,12,0,0,0,12
10/28/2011,HOB,NM,ASW,CE,Federal Contract Tower,0,6,6,0,12,0,6,15,2,23,0,12,21,2,35,0,0,0,35
10/29/2011,HOB,NM,ASW,CE,Federal Contract Tower,0,1,0,0,1,0,0,18,0,18,0,1,18,0,19,4,0,4,23
10/30/2011,HOB,NM,ASW,CE,Federal Contract Tower,0,4,3,0,7,0,1,5,0,6,0,5,8,0,13,6,0,6,19
10/31/2011,HOB,NM,ASW,CE,Federal Contract Tower,2,1,4,0,7,0,4,17,0,21,2,5,21,0,28,8,0,8,36
11/01/2011,HOB,NM,ASW,CE,Federal Contract Tower,0,3,2,0,5,0,6,16,2,24,0,9,18,2,29,14,22,36,65
11/02/2011,HOB,NM,ASW,CE,Federal Contract Tower,0,4,4,0,8,0,5,5,0,10,0,9,9,0,18,0,0,0,18
11/03/2011,HOB,NM,ASW,CE,Federal Contract Tower,0,6,6,0,12,0,3,15,0,18,0,9,21,0,30,6,0,6,36
11/04/2011,HOB,NM,ASW,CE,Federal Contract Tower,0,4,0,0,4,0,4,17,2,23,0,8,17,2,27,0,0,0,27
11/05/2011,HOB,NM,ASW,CE,Federal Contract Tower,0,1,2,0,3,0,2,6,0,8,0,3,8,0,11,26,0,26,37
11/06/2011,HOB,NM,ASW,CE,Federal Contract Tower,0,2,12,0,14,0,2,21,0,23,0,4,33,0,37,12,0,12,49
11/07/2011,HOB,NM,ASW,CE,Federal Contract Tower,0,5,5,0,10,0,2,23,0,25,0,7,28,0,35,12,0,12,47
11/08/2011,HOB,NM,ASW,CE,Federal Contract Tower,0,3,4,0,7,0,3,15,0,18,0,6,19,0,25,10,0,10,35
11/09/2011,HOB,NM,ASW,CE,Federal Contract Tower,0,1,4,0,5,0,6,20,0,26,0,7,24,0,31,48,0,48,79
11/10/2011,HOB,NM,ASW,CE,Federal Contract Tower,0,6,7,0,13,0,5,17,0,22,0,11,24,0,35,8,0,8,43
11/11/2011,HOB,NM,ASW,CE,Federal Contract Tower,0,3,4,0,7,0,2,24,0,26,0,5,28,0,33,0,0,0,33
11/12/2011,HOB,NM,ASW,CE,Federal Contract Tower,0,3,2,0,5,0,0,24,0,24,0,3,26,0,29,22,0,22,51
11/13/2011,HOB,NM,ASW,CE,Federal Contract Tower,0,2,3,0,5,0,0,9,0,9,0,2,12,0,14,14,0,14,28
11/14/2011,HOB,NM,ASW,CE,Federal Contract Tower,0,5,7,0,12,0,0,17,0,17,0,5,24,0,29,14,0,14,43
11/15/2011,HOB,NM,ASW,CE,Federal Contract Tower,0,3,9,0,12,0,2,2,0,4,0,5,11,0,16,0,0,0,16
11/16/2011,HOB,NM,ASW,CE,Federal Contract Tower,0,1,4,0,5,0,5,15,0,20,0,6,19,0,25,22,0,22,47
11/17/2011,HOB,NM,ASW,CE,Federal Contract Tower,0,5,4,0,9,0,2,26,2,30,0,7,30,2,39,50,10,60,99
11/18/2011,HOB,NM,ASW,CE,Federal Contract Tower,0,6,8,0,14,0,0,24,0,24,0,6,32,0,38,14,0,14,52
11/19/2011,HOB,NM,ASW,CE,Federal Contract Tower,0,3,2,0,5,0,0,24,0,24,0,3,26,0,29,20,0,20,49
11/20/2011,HOB,NM,ASW,CE,Federal Contract Tower,0,2,1,0,3,0,0,18,0,18,0,2,19,0,21,0,0,0,21
11/21/2011,HOB,NM,ASW,CE,Federal Contract Tower,0,4,3,0,7,0,1,0,0,1,0,5,3,0,8,0,0,0,8
11/22/2011,HOB,NM,ASW,CE,Federal Contract Tower,0,4,1,0,5,0,5,24,0,29,0,9,25,0,34,0,0,0,34
11/23/2011,HOB,NM,ASW,CE,Federal Contract Tower,0,7,4,0,11,0,2,15,0,17,0,9,19,0,28,14,0,14,42
11/24/2011,HOB,NM,ASW,CE,Federal Contract Tower,0,3,2,0,5,0,0,8,0,8,0,3,10,0,13,16,0,16,29
11/25/2011,HOB,NM,ASW,CE,Federal Contract Tower,0,6,3,0,9,0,1,18,0,19,0,7,21,0,28,10,0,10,38
11/26/2011,HOB,NM,ASW,CE,Federal Contract Tower,0,3,0,0,3,0,0,2,0,2,0,3,2,0,5,0,0,0,5
11/27/2011,HOB,NM,ASW,CE,Federal Contract Tower,0,3,2,0,5,0,0,14,0,14,0,3,16,0,19,8,0,8,27
11/28/2011,HOB,NM,ASW,CE,Federal Contract Tower,0,4,2,0,6,0,5,8,0,13,0,9,10,0,19,14,0,14,33
11/29/2011,HOB,NM,ASW,CE,Federal Contract Tower,0,3,3,0,6,0,7,13,2,22,0,10,16,2,28,18,0,18,46
11/30/2011,HOB,NM,ASW,CE,Federal Contract Tower,0,3,3,0,6,0,2,21,0,23,0,5,24,0,29,16,0,16,45
12/01/2011,HOB,NM,ASW,CE,Federal Contract Tower,0,6,3,0,9,0,2,3,0,5,0,8,6,0,14,0,0,0,14
12/02/2011,HOB,NM,ASW,CE,Federal Contract Tower,0,4,2,0,6,0,0,0,0,0,0,4,2,0,6,0,0,0,6
12/03/2011,HOB,NM,ASW,CE,Federal Contract Tower,0,4,2,0,6,0,0,15,0,15,0,4,17,0,21,18,0,18,39
12/04/2011,HOB,NM,ASW,CE,Federal Contract Tower,0,2,3,0,5,0,0,1,0,1,0,2,4,0,6,0,0,0,6
12/05/2011,HOB,NM,ASW,CE,Federal Contract Tower,0,2,2,0,4,0,0,0,0,0,0,2,2,0,4,0,0,0,4
12/06/2011,HOB,NM,ASW,CE,Federal Contract Tower,0,4,0,0,4,0,1,3,0,4,0,5,3,0,8,0,0,0,8
12/07/2011,HOB,NM,ASW,CE,Federal Contract Tower,0,4,4,0,8,0,4,14,0,18,0,8,18,0,26,6,0,6,32
12/08/2011,HOB,NM,ASW,CE,Federal Contract Tower,0,7,5,0,12,0,2,15,2,19,0,9,20,2,31,6,4,10,41
12/09/2011,HOB,NM,ASW,CE,Federal Contract Tower,0,5,1,0,6,0,4,15,0,19,0,9,16,0,25,0,0,0,25
12/10/2011,HOB,NM,ASW,CE,Federal Contract Tower,0,3,1,0,4,0,0,0,0,0,0,3,1,0,4,0,0,0,4
12/11/2011,HOB,NM,ASW,CE,Federal Contract Tower,0,2,0,0,2,0,0,0,0,0,0,2,0,0,2,0,0,0,2
12/12/2011,HOB,NM,ASW,CE,Federal Contract Tower,0,0,1,0,1,0,0,0,0,0,0,0,1,0,1,0,0,0,1
12/13/2011,HOB,NM,ASW,CE,Federal Contract Tower,0,4,1,0,5,0,0,0,0,0,0,4,1,0,5,0,0,0,5
12/14/2011,HOB,NM,ASW,CE,Federal Contract Tower,0,5,6,0,11,0,5,19,0,24,0,10,25,0,35,10,0,10,45
12/15/2011,HOB,NM,ASW,CE,Federal Contract Tower,0,5,6,0,11,0,4,14,0,18,0,9,20,0,29,12,0,12,41
12/16/2011,HOB,NM,ASW,CE,Federal Contract Tower,0,5,2,0,7,0,4,8,0,12,0,9,10,0,19,10,0,10,29
12/17/2011,HOB,NM,ASW,CE,Federal Contract Tower,0,3,1,0,4,0,0,3,0,3,0,3,4,0,7,4,0,4,11
12/18/2011,HOB,NM,ASW,CE,Federal Contract Tower,0,3,1,0,4,0,0,12,0,12,0,3,13,0,16,14,0,14,30
12/19/2011,HOB,NM,ASW,CE,Federal Contract Tower,0,7,2,0,9,0,1,0,0,1,0,8,2,0,10,0,0,0,10
12/20/2011,HOB,NM,ASW,CE,Federal Contract Tower,0,5,4,0,9,0,5,6,14,25,0,10,10,14,34,0,16,16,50
12/21/2011,HOB,NM,ASW,CE,Federal Contract Tower,0,6,1,0,7,0,3,19,0,22,0,9,20,0,29,0,0,0,29
12/22/2011,HOB,NM,ASW,CE,Federal Contract Tower,0,5,4,0,9,0,2,14,1,17,0,7,18,1,26,12,2,14,40
12/23/2011,HOB,NM,ASW,CE,Federal Contract Tower,0,7,2,0,9,0,1,0,0,1,0,8,2,0,10,0,0,0,10
12/24/2011,HOB,NM,ASW,CE,Federal Contract Tower,0,1,0,0,1,0,0,0,0,0,0,1,0,0,1,0,0,0,1
12/25/2011,HOB,NM,ASW,CE,Federal Contract Tower,0,2,2,0,4,0,0,0,0,0,0,2,2,0,4,0,0,0,4
12/26/2011,HOB,NM,ASW,CE,Federal Contract Tower,0,3,2,0,5,0,1,7,0,8,0,4,9,0,13,14,0,14,27
12/27/2011,HOB,NM,ASW,CE,Federal Contract Tower,0,5,0,0,5,0,2,22,0,24,0,7,22,0,29,8,0,8,37
12/28/2011,HOB,NM,ASW,CE,Federal Contract Tower,0,7,0,0,7,0,2,18,0,20,0,9,18,0,27,6,0,6,33
12/29/2011,HOB,NM,ASW,CE,Federal Contract Tower,0,3,0,0,3,0,2,25,0,27,0,5,25,0,30,12,0,12,42
12/30/2011,HOB,NM,ASW,CE,Federal Contract Tower,0,4,0,0,4,0,2,19,0,21,0,6,19,0,25,14,0,14,39
12/31/2011,HOB,NM,ASW,CE,Federal Contract Tower,0,3,0,0,3,0,0,16,0,16,0,3,16,0,19,20,0,20,39
01/01/2012,HOB,NM,ASW,CE,Federal Contract Tower,0,3,1,0,4,0,2,4,0,6,0,5,5,0,10,8,0,8,18
01/02/2012,HOB,NM,ASW,CE,Federal Contract Tower,0,3,4,0,7,0,0,7,0,7,0,3,11,0,14,6,0,6,20
01/03/2012,HOB,NM,ASW,CE,Federal Contract Tower,0,6,3,0,9,0,2,12,0,14,0,8,15,0,23,6,0,6,29
01/04/2012,HOB,NM,ASW,CE,Federal Contract Tower,0,6,4,0,10,0,2,15,0,17,0,8,19,0,27,26,0,26,53
01/05/2012,HOB,NM,ASW,CE,Federal Contract Tower,0,5,4,0,9,0,2,10,0,12,0,7,14,0,21,0,0,0,21
01/06/2012,HOB,NM,ASW,CE,Federal Contract Tower,0,4,1,0,5,0,2,7,0,9,0,6,8,0,14,0,0,0,14
01/07/2012,HOB,NM,ASW,CE,Federal Contract Tower,0,3,0,0,3,0,0,13,0,13,0,3,13,0,16,8,0,8,24
01/08/2012,HOB,NM,ASW,CE,Federal Contract Tower,0,2,1,0,3,0,0,9,0,9,0,2,10,0,12,18,0,18,30
01/09/2012,HOB,NM,ASW,CE,Federal Contract Tower,0,2,0,0,2,0,0,0,0,0,0,2,0,0,2,0,0,0,2
01/10/2012,HOB,NM,ASW,CE,Federal Contract Tower,0,5,2,0,7,0,3,12,0,15,0,8,14,0,22,0,0,0,22
01/11/2012,HOB,NM,ASW,CE,Federal Contract Tower,0,4,4,0,8,0,4,22,0,26,0,8,26,0,34,0,0,0,34
01/12/2012,HOB,NM,ASW,CE,Federal Contract Tower,0,5,7,0,12,0,2,14,0,16,0,7,21,0,28,0,0,0,28
01/13/2012,HOB,NM,ASW,CE,Federal Contract Tower,0,4,3,0,7,0,4,11,0,15,0,8,14,0,22,14,0,14,36
01/14/2012,HOB,NM,ASW,CE,Federal Contract Tower,0,3,1,0,4,0,0,25,0,25,0,3,26,0,29,26,0,26,55
01/15/2012,HOB,NM,ASW,CE,Federal Contract Tower,0,4,2,0,6,0,0,15,0,15,0,4,17,0,21,6,0,6,27
01/16/2012,HOB,NM,ASW,CE,Federal Contract Tower,0,6,5,0,11,0,3,5,0,8,0,9,10,0,19,0,0,0,19
01/17/2012,HOB,NM,ASW,CE,Federal Contract Tower,0,4,4,0,8,0,4,16,0,20,0,8,20,0,28,12,0,12,40
01/18/2012,HOB,NM,ASW,CE,Federal Contract Tower,0,4,4,0,8,0,2,16,0,18,0,6,20,0,26,2,14,16,42
01/19/2012,HOB,NM,ASW,CE,Federal Contract Tower,0,5,4,0,9,0,2,10,0,12,0,7,14,0,21,0,0,0,21
01/20/2012,HOB,NM,ASW,CE,Federal Contract Tower,0,4,4,0,8,0,4,12,0,16,0,8,16,0,24,12,0,12,36
01/21/2012,HOB,NM,ASW,CE,Federal Contract Tower,0,3,1,0,4,0,2,19,0,21,0,5,20,0,25,4,0,4,29
01/22/2012,HOB,NM,ASW,CE,Federal Contract Tower,0,2,1,0,3,0,0,1,0,1,0,2,2,0,4,0,0,0,4
01/23/2012,HOB,NM,ASW,CE,Federal Contract Tower,0,7,2,0,9,0,2,5,0,7,0,9,7,0,16,16,0,16,32
01/24/2012,HOB,NM,ASW,CE,Federal Contract Tower,0,5,5,0,10,0,1,6,0,7,0,6,11,0,17,14,0,14,31
01/25/2012,HOB,NM,ASW,CE,Federal Contract Tower,0,2,9,0,11,0,0,0,0,0,0,2,9,0,11,0,0,0,11
01/26/2012,HOB,NM,ASW,CE,Federal Contract Tower,0,5,4,0,9,0,2,18,2,22,0,7,22,2,31,12,6,18,49
01/27/2012,HOB,NM,ASW,CE,Federal Contract Tower,0,4,2,2,8,0,5,18,0,23,0,9,20,2,31,16,0,16,47
01/28/2012,HOB,NM,ASW,CE,Federal Contract Tower,0,5,2,0,7,0,0,34,0,34,0,5,36,0,41,12,0,12,53
01/29/2012,HOB,NM,ASW,CE,Federal Contract Tower,0,2,6,0,8,0,2,21,0,23,0,4,27,0,31,40,0,40,71
01/30/2012,HOB,NM,ASW,CE,Federal Contract Tower,0,5,1,0,6,0,3,9,2,14,0,8,10,2,20,20,12,32,52
01/31/2012,HOB,NM,ASW,CE,Federal Contract Tower,0,4,4,0,8,0,2,7,0,9,0,6,11,0,17,0,0,0,17
02/01/2012,HOB,NM,ASW,CE,Federal Contract Tower,0,5,3,0,8,0,4,19,0,23,0,9,22,0,31,8,0,8,39
02/02/2012,HOB,NM,ASW,CE,Federal Contract Tower,0,8,6,2,16,0,3,14,0,17,0,11,20,2,33,6,10,16,49
02/03/2012,HOB,NM,ASW,CE,Federal Contract Tower,0,11,2,1,14,0,1,19,1,21,0,12,21,2,35,16,4,20,55
02/04/2012,HOB,NM,ASW,CE,Federal Contract Tower,0,3,0,0,3,0,0,19,0,19,0,3,19,0,22,0,0,0,22
02/05/2012,HOB,NM,ASW,CE,Federal Contract Tower,0,2,5,0,7,0,0,12,0,12,0,2,17,0,19,10,0,10,29
02/06/2012,HOB,NM,ASW,CE,Federal Contract Tower,0,7,5,0,12,0,4,11,0,15,0,11,16,0,27,0,0,0,27
02/07/2012,HOB,NM,ASW,CE,Federal Contract Tower,0,4,2,0,6,0,3,3,0,6,0,7,5,0,12,8,0,8,20
02/08/2012,HOB,NM,ASW,CE,Federal Contract Tower,0,4,2,0,6,0,2,21,0,23,0,6,23,0,29,0,0,0,29
02/09/2012,HOB,NM,ASW,CE,Federal Contract Tower,0,6,4,0,10,0,1,11,2,14,0,7,15,2,24,42,0,42,66
02/10/2012,HOB,NM,ASW,CE,Federal Contract Tower,0,6,4,0,10,0,3,15,0,18,0,9,19,0,28,0,0,0,28
02/11/2012,HOB,NM,ASW,CE,Federal Contract Tower,0,6,4,1,11,0,2,21,0,23,0,8,25,1,34,0,0,0,34
02/12/2012,HOB,NM,ASW,CE,Federal Contract Tower,0,2,1,0,3,0,0,0,0,0,0,2,1,0,3,0,0,0,3
02/13/2012,HOB,NM,ASW,CE,Federal Contract Tower,0,8,4,0,12,0,3,8,0,11,0,11,12,0,23,10,0,10,33
02/14/2012,HOB,NM,ASW,CE,Federal Contract Tower,0,5,1,1,7,0,2,19,1,22,0,7,20,2,29,12,16,28,57
02/15/2012,HOB,NM,ASW,CE,Federal Contract Tower,0,4,3,0,7,0,5,8,0,13,0,9,11,0,20,0,0,0,20
02/16/2012,HOB,NM,ASW,CE,Federal Contract Tower,0,5,8,5,18,0,3,19,1,23,0,8,27,6,41,6,4,10,51
02/17/2012,HOB,NM,ASW,CE,Federal Contract Tower,0,6,6,0,12,0,0,0,0,0,0,6,6,0,12,0,0,0,12
02/18/2012,HOB,NM,ASW,CE,Federal Contract Tower,0,3,2,0,5,0,0,0,0,0,0,3,2,0,5,0,0,0,5
02/19/2012,HOB,NM,ASW,CE,Federal Contract Tower,0,3,2,0,5,0,11,0,0,11,0,14,2,0,16,4,0,4,20
02/20/2012,HOB,NM,ASW,CE,Federal Contract Tower,0,6,2,0,8,0,1,9,0,10,0,7,11,0,18,6,0,6,24
02/21/2012,HOB,NM,ASW,CE,Federal Contract Tower,0,4,4,0,8,0,2,12,2,16,0,6,16,2,24,0,16,16,40
02/22/2012,HOB,NM,ASW,CE,Federal Contract Tower,0,3,2,0,5,0,2,26,0,28,0,5,28,0,33,0,0,0,33
02/23/2012,HOB,NM,ASW,CE,Federal Contract Tower,0,5,4,0,9,0,2,16,0,18,0,7,20,0,27,0,0,0,27
02/24/2012,HOB,NM,ASW,CE,Federal Contract Tower,0,4,1,0,5,0,2,22,0,24,0,6,23,0,29,0,0,0,29
02/25/2012,HOB,NM,ASW,CE,Federal Contract Tower,0,3,0,0,3,0,2,11,0,13,0,5,11,0,16,14,0,14,30
02/26/2012,HOB,NM,ASW,CE,Federal Contract Tower,0,4,3,0,7,0,2,25,0,27,0,6,28,0,34,36,0,36,70
02/27/2012,HOB,NM,ASW,CE,Federal Contract Tower,0,10,6,0,16,0,0,0,0,0,0,10,6,0,16,0,0,0,16
02/28/2012,HOB,NM,ASW,CE,Federal Contract Tower,0,4,2,0,6,0,0,6,0,6,0,4,8,0,12,0,0,0,12
02/29/2012,HOB,NM,ASW,CE,Federal Contract Tower,0,2,3,0,5,0,3,32,0,35,0,5,35,0,40,30,0,30,70
03/01/2012,HOB,NM,ASW,CE,Federal Contract Tower,0,5,5,0,10,0,2,5,2,9,0,7,10,2,19,6,26,32,51
03/02/2012,HOB,NM,ASW,CE,Federal Contract Tower,0,5,4,0,9,0,1,16,0,17,0,6,20,0,26,4,0,4,30
03/03/2012,HOB,NM,ASW,CE,Federal Contract Tower,0,5,5,0,10,0,1,11,0,12,0,6,16,0,22,0,0,0,22
03/04/2012,HOB,NM,ASW,CE,Federal Contract Tower,0,3,6,0,9,0,0,7,0,7,0,3,13,0,16,0,0,0,16
03/05/2012,HOB,NM,ASW,CE,Federal Contract Tower,0,7,0,0,7,0,0,10,0,10,0,7,10,0,17,0,0,0,17
03/06/2012,HOB,NM,ASW,CE,Federal Contract Tower,0,4,1,0,5,0,3,19,0,22,0,7,20,0,27,0,0,0,27
03/07/2012,HOB,NM,ASW,CE,Federal Contract Tower,0,3,2,0,5,0,4,8,0,12,0,7,10,0,17,0,0,0,17
03/08/2012,HOB,NM,ASW,CE,Federal Contract Tower,0,9,0,0,9,0,0,0,0,0,0,9,0,0,9,0,0,0,9
03/09/2012,HOB,NM,ASW,CE,Federal Contract Tower,0,9,3,0,12,0,0,0,0,0,0,9,3,0,12,0,0,0,12
03/10/2012,HOB,NM,ASW,CE,Federal Contract Tower,0,6,2,0,8,0,0,0,0,0,0,6,2,0,8,0,0,0,8
03/11/2012,HOB,NM,ASW,CE,Federal Contract Tower,0,2,2,0,4,0,0,2,0,2,0,2,4,0,6,0,0,0,6
03/12/2012,HOB,NM,ASW,CE,Federal Contract Tower,0,7,1,0,8,0,1,21,0,22,0,8,22,0,30,8,0,8,38
03/13/2012,HOB,NM,ASW,CE,Federal Contract Tower,0,4,9,0,13,0,2,5,0,7,0,6,14,0,20,8,0,8,28
03/14/2012,HOB,NM,ASW,CE,Federal Contract Tower,0,5,5,0,10,0,0,15,0,15,0,5,20,0,25,12,0,12,37
03/15/2012,HOB,NM,ASW,CE,Federal Contract Tower,0,5,0,0,5,0,2,15,0,17,0,7,15,0,22,8,0,8,30
03/16/2012,HOB,NM,ASW,CE,Federal Contract Tower,0,4,4,0,8,0,4,11,0,15,0,8,15,0,23,0,0,0,23
03/17/2012,HOB,NM,ASW,CE,Federal Contract Tower,0,1,3,0,4,0,2,7,0,9,0,3,10,0,13,0,0,0,13
03/18/2012,HOB,NM,ASW,CE,Federal Contract Tower,0,3,0,0,3,0,0,5,0,5,0,3,5,0,8,0,0,0,8
03/19/2012,HOB,NM,ASW,CE,Federal Contract Tower,0,7,2,0,9,0,0,0,0,0,0,7,2,0,9,0,0,0,9
03/20/2012,HOB,NM,ASW,CE,Federal Contract Tower,0,6,1,0,7,0,1,11,0,12,0,7,12,0,19,0,0,0,19
03/21/2012,HOB,NM,ASW,CE,Federal Contract Tower,0,5,2,0,7,0,5,10,0,15,0,10,12,0,22,14,0,14,36
03/22/2012,HOB,NM,ASW,CE,Federal Contract Tower,0,6,3,0,9,0,4,11,0,15,0,10,14,0,24,8,0,8,32
03/23/2012,HOB,NM,ASW,CE,Federal Contract Tower,0,2,1,0,3,0,1,15,0,16,0,3,16,0,19,0,0,0,19
03/24/2012,HOB,NM,ASW,CE,Federal Contract Tower,0,3,1,0,4,0,0,19,0,19,0,3,20,0,23,2,0,2,25
03/25/2012,HOB,NM,ASW,CE,Federal Contract Tower,0,3,0,0,3,0,2,5,2,9,0,5,5,2,12,0,0,0,12
03/26/2012,HOB,NM,ASW,CE,Federal Contract Tower,0,7,1,0,8,0,0,6,0,6,0,7,7,0,14,0,0,0,14
03/27/2012,HOB,NM,ASW,CE,Federal Contract Tower,0,3,1,0,4,0,2,10,0,12,0,5,11,0,16,0,0,0,16
03/28/2012,HOB,NM,ASW,CE,Federal Contract Tower,0,5,2,0,7,0,2,18,0,20,0,7,20,0,27,0,0,0,27
03/29/2012,HOB,NM,ASW,CE,Federal Contract Tower,0,6,0,4,10,0,4,12,0,16,0,10,12,4,26,0,0,0,26
03/30/2012,HOB,NM,ASW,CE,Federal Contract Tower,0,5,2,0,7,0,4,13,0,17,0,9,15,0,24,0,0,0,24
03/31/2012,HOB,NM,ASW,CE,Federal Contract Tower,0,1,3,0,4,0,0,9,0,9,0,1,12,0,13,0,0,0,13
04/01/2012,HOB,NM,ASW,CE,Federal Contract Tower,0,4,2,0,6,0,0,4,0,4,0,4,6,0,10,0,0,0,10
04/02/2012,HOB,NM,ASW,CE,Federal Contract Tower,0,5,7,0,12,0,2,2,0,4,0,7,9,0,16,0,0,0,16
04/03/2012,HOB,NM,ASW,CE,Federal Contract Tower,0,4,6,0,10,0,2,8,0,10,0,6,14,0,20,0,0,0,20
04/04/2012,HOB,NM,ASW,CE,Federal Contract Tower,0,3,5,0,8,0,1,12,0,13,0,4,17,0,21,0,0,0,21
04/05/2012,HOB,NM,ASW,CE,Federal Contract Tower,0,5,7,2,14,0,3,38,0,41,0,8,45,2,55,0,0,0,55
04/06/2012,HOB,NM,ASW,CE,Federal Contract Tower,0,3,1,0,4,0,2,10,0,12,0,5,11,0,16,0,0,0,16
04/07/2012,HOB,NM,ASW,CE,Federal Contract Tower,0,1,0,0,1,0,4,11,0,15,0,5,11,0,16,6,0,6,22
04/08/2012,HOB,NM,ASW,CE,Federal Contract Tower,0,4,2,0,6,0,0,14,0,14,0,4,16,0,20,0,0,0,20
04/09/2012,HOB,NM,ASW,CE,Federal Contract Tower,0,4,3,4,11,0,3,3,0,6,0,7,6,4,17,0,0,0,17
04/10/2012,HOB,NM,ASW,CE,Federal Contract Tower,0,2,2,0,4,0,3,23,0,26,0,5,25,0,30,4,0,4,34
04/11/2012,HOB,NM,ASW,CE,Federal Contract Tower,0,2,7,0,9,0,3,18,0,21,0,5,25,0,30,0,0,0,30
04/12/2012,HOB,NM,ASW,CE,Federal Contract Tower,0,6,1,0,7,0,1,12,0,13,0,7,13,0,20,0,0,0,20
04/13/2012,HOB,NM,ASW,CE,Federal Contract Tower,0,10,4,0,14,0,1,21,0,22,0,11,25,0,36,2,0,2,38
04/14/2012,HOB,NM,ASW,CE,Federal Contract Tower,0,1,1,0,2,0,0,4,0,4,0,1,5,0,6,0,0,0,6
04/15/2012,HOB,NM,ASW,CE,Federal Contract Tower,0,3,1,0,4,0,5,5,0,10,0,8,6,0,14,4,0,4,18
04/16/2012,HOB,NM,ASW,CE,Federal Contract Tower,0,3,1,0,4,0,3,10,0,13,0,6,11,0,17,0,0,0,17
04/17/2012,HOB,NM,ASW,CE,Federal Contract Tower,0,1,6,0,7,0,4,9,0,13,0,5,15,0,20,4,0,4,24
04/18/2012,HOB,NM,ASW,CE,Federal Contract Tower,0,2,3,0,5,0,4,13,2,19,0,6,16,2,24,0,0,0,24
04/19/2012,HOB,NM,ASW,CE,Federal Contract Tower,0,8,8,0,16,0,3,11,0,14,0,11,19,0,30,0,0,0,30
04/20/2012,HOB,NM,ASW,CE,Federal Contract Tower,0,4,1,0,5,0,6,19,0,25,0,10,20,0,30,2,0,2,32
04/21/2012,HOB,NM,ASW,CE,Federal Contract Tower,0,1,0,2,3,0,0,23,2,25,0,1,23,4,28,2,2,4,32
04/22/2012,HOB,NM,ASW,CE,Federal Contract Tower,0,3,2,0,5,0,0,12,0,12,0,3,14,0,17,4,0,4,21
04/23/2012,HOB,NM,ASW,CE,Federal Contract Tower,0,4,2,0,6,0,3,10,0,13,0,7,12,0,19,0,0,0,19
04/24/2012,HOB,NM,ASW,CE,Federal Contract Tower,0,2,5,0,7,0,3,11,0,14,0,5,16,0,21,0,0,0,21
04/25/2012,HOB,NM,ASW,CE,Federal Contract Tower,0,4,6,0,10,0,3,13,0,16,0,7,19,0,26,0,0,0,26
04/26/2012,HOB,NM,ASW,CE,Federal Contract Tower,0,4,7,0,11,0,2,10,0,12,0,6,17,0,23,0,0,0,23
04/27/2012,HOB,NM,ASW,CE,Federal Contract Tower,0,4,2,0,6,0,1,10,0,11,0,5,12,0,17,0,0,0,17
04/28/2012,HOB,NM,ASW,CE,Federal Contract Tower,0,1,2,0,3,0,0,27,0,27,0,1,29,0,30,12,0,12,42
04/29/2012,HOB,NM,ASW,CE,Federal Contract Tower,0,3,5,0,8,0,0,9,0,9,0,3,14,0,17,0,0,0,17
04/30/2012,HOB,NM,ASW,CE,Federal Contract Tower,0,4,2,0,6,0,3,10,0,13,0,7,12,0,19,8,0,8,27
05/01/2012,HOB,NM,ASW,CE,Federal Contract Tower,0,2,1,0,3,0,3,20,0,23,0,5,21,0,26,0,0,0,26
05/02/2012,HOB,NM,ASW,CE,Federal Contract Tower,0,2,7,0,9,0,3,27,0,30,0,5,34,0,39,0,0,0,39
05/03/2012,HOB,NM,ASW,CE,Federal Contract Tower,0,4,0,0,4,0,10,6,0,16,0,14,6,0,20,0,0,0,20
05/04/2012,HOB,NM,ASW,CE,Federal Contract Tower,0,4,4,0,8,0,2,12,0,14,0,6,16,0,22,0,0,0,22
05/05/2012,HOB,NM,ASW,CE,Federal Contract Tower,0,1,2,0,3,0,0,16,0,16,0,1,18,0,19,0,0,0,19
05/06/2012,HOB,NM,ASW,CE,Federal Contract Tower,0,2,5,0,7,0,20,0,0,20,0,22,5,0,27,10,0,10,37
05/07/2012,HOB,NM,ASW,CE,Federal Contract Tower,0,5,4,0,9,0,2,15,0,17,0,7,19,0,26,0,0,0,26
05/08/2012,HOB,NM,ASW,CE,Federal Contract Tower,0,4,7,0,11,0,2,1,0,3,0,6,8,0,14,0,0,0,14
05/09/2012,HOB,NM,ASW,CE,Federal Contract Tower,0,1,12,0,13,0,4,19,0,23,0,5,31,0,36,0,0,0,36
05/10/2012,HOB,NM,ASW,CE,Federal Contract Tower,0,9,3,0,12,0,0,0,0,0,0,9,3,0,12,0,0,0,12
05/11/2012,HOB,NM,ASW,CE,Federal Contract Tower,0,5,3,6,14,0,3,4,0,7,0,8,7,6,21,0,0,0,21
05/12/2012,HOB,NM,ASW,CE,Federal Contract Tower,0,1,5,0,6,0,0,7,0,7,0,1,12,0,13,0,0,0,13
05/13/2012,HOB,NM,ASW,CE,Federal Contract Tower,0,3,7,0,10,0,0,7,0,7,0,3,14,0,17,0,0,0,17
05/14/2012,HOB,NM,ASW,CE,Federal Contract Tower,0,6,3,0,9,0,1,2,0,3,0,7,5,0,12,0,0,0,12
05/15/2012,HOB,NM,ASW,CE,Federal Contract Tower,0,6,1,0,7,0,2,16,0,18,0,8,17,0,25,0,0,0,25
05/16/2012,HOB,NM,ASW,CE,Federal Contract Tower,0,1,3,0,4,0,6,14,2,22,0,7,17,2,26,0,0,0,26
05/17/2012,HOB,NM,ASW,CE,Federal Contract Tower,0,5,12,0,17,0,4,15,0,19,0,9,27,0,36,0,0,0,36
05/18/2012,HOB,NM,ASW,CE,Federal Contract Tower,0,5,1,0,6,0,3,10,0,13,0,8,11,0,19,0,0,0,19
05/19/2012,HOB,NM,ASW,CE,Federal Contract Tower,0,1,0,0,1,0,0,26,0,26,0,1,26,0,27,0,0,0,27
05/20/2012,HOB,NM,ASW,CE,Federal Contract Tower,0,2,6,0,8,0,0,19,0,19,0,2,25,0,27,0,0,0,27
05/21/2012,HOB,NM,ASW,CE,Federal Contract Tower,0,3,6,0,9,0,0,7,0,7,0,3,13,0,16,0,0,0,16
05/22/2012,HOB,NM,ASW,CE,Federal Contract Tower,0,3,2,0,5,0,3,22,0,25,0,6,24,0,30,0,2,2,32
05/23/2012,HOB,NM,ASW,CE,Federal Contract Tower,0,2,0,0,2,0,3,4,0,7,0,5,4,0,9,0,0,0,9
05/24/2012,HOB,NM,ASW,CE,Federal Contract Tower,0,6,2,0,8,0,8,12,2,22,0,14,14,2,30,4,6,10,40
05/25/2012,HOB,NM,ASW,CE,Federal Contract Tower,0,3,6,0,9,0,1,15,0,16,0,4,21,0,25,2,0,2,27
05/26/2012,HOB,NM,ASW,CE,Federal Contract Tower,0,1,0,0,1,0,0,2,0,2,0,1,2,0,3,0,0,0,3
05/27/2012,HOB,NM,ASW,CE,Federal Contract Tower,0,3,0,0,3,0,1,15,0,16,0,4,15,0,19,0,0,0,19
05/28/2012,HOB,NM,ASW,CE,Federal Contract Tower,0,3,5,0,8,0,0,25,0,25,0,3,30,0,33,0,0,0,33
05/29/2012,HOB,NM,ASW,CE,Federal Contract Tower,0,4,7,0,11,0,4,4,0,8,0,8,11,0,19,0,0,0,19
05/30/2012,HOB,NM,ASW,CE,Federal Contract Tower,0,2,3,0,5,0,2,8,4,14,0,4,11,4,19,0,8,8,27
05/31/2012,HOB,NM,ASW,CE,Federal Contract Tower,0,5,4,0,9,0,0,0,0,0,0,5,4,0,9,0,0,0,9
06/01/2012,HOB,NM,ASW,CE,Federal Contract Tower,0,4,3,0,7,0,3,11,0,14,0,7,14,0,21,0,0,0,21
06/02/2012,HOB,NM,ASW,CE,Federal Contract Tower,0,1,0,0,1,0,0,19,0,19,0,1,19,0,20,0,0,0,20
06/03/2012,HOB,NM,ASW,CE,Federal Contract Tower,0,3,0,0,3,0,0,16,0,16,0,3,16,0,19,0,0,0,19
06/04/2012,HOB,NM,ASW,CE,Federal Contract Tower,0,5,3,0,8,0,3,14,0,17,0,8,17,0,25,0,0,0,25
06/05/2012,HOB,NM,ASW,CE,Federal Contract Tower,0,4,1,0,5,0,5,15,4,24,0,9,16,4,29,0,0,0,29
06/06/2012,HOB,NM,ASW,CE,Federal Contract Tower,0,2,9,0,11,0,5,24,0,29,0,7,33,0,40,0,0,0,40
06/07/2012,HOB,NM,ASW,CE,Federal Contract Tower,0,5,5,0,10,0,6,11,0,17,0,11,16,0,27,0,0,0,27
06/08/2012,HOB,NM,ASW,CE,Federal Contract Tower,0,4,3,0,7,0,1,17,0,18,0,5,20,0,25,0,0,0,25
06/09/2012,HOB,NM,ASW,CE,Federal Contract Tower,0,1,0,0,1,0,0,5,0,5,0,1,5,0,6,0,0,0,6
06/10/2012,HOB,NM,ASW,CE,Federal Contract Tower,0,3,5,0,8,0,0,14,0,14,0,3,19,0,22,0,0,0,22
06/11/2012,HOB,NM,ASW,CE,Federal Contract Tower,0,4,2,0,6,0,0,7,2,9,0,4,9,2,15,0,0,0,15
06/12/2012,HOB,NM,ASW,CE,Federal Contract Tower,0,5,9,0,14,0,2,10,0,12,0,7,19,0,26,0,0,0,26
06/13/2012,HOB,NM,ASW,CE,Federal Contract Tower,0,8,3,0,11,0,2,6,2,10,0,10,9,2,21,0,6,6,27
06/14/2012,HOB,NM,ASW,CE,Federal Contract Tower,0,3,7,0,10,0,4,10,0,14,0,7,17,0,24,0,0,0,24
06/15/2012,HOB,NM,ASW,CE,Federal Contract Tower,0,4,1,3,8,0,3,18,1,22,0,7,19,4,30,0,0,0,30
06/16/2012,HOB,NM,ASW,CE,Federal Contract Tower,0,5,1,0,6,0,0,32,0,32,0,5,33,0,38,0,0,0,38
06/17/2012,HOB,NM,ASW,CE,Federal Contract Tower,0,2,3,0,5,0,0,9,0,9,0,2,12,0,14,0,0,0,14
06/18/2012,HOB,NM,ASW,CE,Federal Contract Tower,0,4,1,0,5,0,3,8,0,11,0,7,9,0,16,0,0,0,16
06/19/2012,HOB,NM,ASW,CE,Federal Contract Tower,0,3,4,0,7,0,4,10,12,26,0,7,14,12,33,0,0,0,33
06/20/2012,HOB,NM,ASW,CE,Federal Contract Tower,0,4,4,0,8,0,3,16,0,19,0,7,20,0,27,0,0,0,27
06/21/2012,HOB,NM,ASW,CE,Federal Contract Tower,0,3,5,0,8,0,6,26,1,33,0,9,31,1,41,2,0,2,43
06/22/2012,HOB,NM,ASW,CE,Federal Contract Tower,0,3,2,4,9,0,5,13,1,19,0,8,15,5,28,0,2,2,30
06/23/2012,HOB,NM,ASW,CE,Federal Contract Tower,0,1,0,0,1,0,0,9,0,9,0,1,9,0,10,0,0,0,10
06/24/2012,HOB,NM,ASW,CE,Federal Contract Tower,0,3,2,0,5,0,0,35,0,35,0,3,37,0,40,0,0,0,40
06/25/2012,HOB,NM,ASW,CE,Federal Contract Tower,0,3,6,1,10,0,4,16,5,25,0,7,22,6,35,0,10,10,45
06/26/2012,HOB,NM,ASW,CE,Federal Contract Tower,0,4,13,0,17,0,2,13,0,15,0,6,26,0,32,0,0,0,32
06/27/2012,HOB,NM,ASW,CE,Federal Contract Tower,0,4,0,0,4,0,3,6,0,9,0,7,6,0,13,0,0,0,13
06/28/2012,HOB,NM,ASW,CE,Federal Contract Tower,0,4,6,0,10,0,3,10,0,13,0,7,16,0,23,0,0,0,23
06/29/2012,HOB,NM,ASW,CE,Federal Contract Tower,0,4,3,0,7,0,2,16,0,18,0,6,19,0,25,0,0,0,25
06/30/2012,HOB,NM,ASW,CE,Federal Contract Tower,0,1,0,0,1,0,2,40,0,42,0,3,40,0,43,0,0,0,43
07/01/2012,HOB,NM,ASW,CE,Federal Contract Tower,0,3,1,0,4,0,0,25,0,25,0,3,26,0,29,0,0,0,29
07/02/2012,HOB,NM,ASW,CE,Federal Contract Tower,0,5,3,0,8,0,1,12,0,13,0,6,15,0,21,0,0,0,21
07/03/2012,HOB,NM,ASW,CE,Federal Contract Tower,0,2,1,0,3,0,2,17,0,19,0,4,18,0,22,0,0,0,22
07/04/2012,HOB,NM,ASW,CE,Federal Contract Tower,0,1,0,0,1,0,0,25,0,25,0,1,25,0,26,0,0,0,26
07/05/2012,HOB,NM,ASW,CE,Federal Contract Tower,0,5,1,0,6,0,2,24,0,26,0,7,25,0,32,0,0,0,32
07/06/2012,HOB,NM,ASW,CE,Federal Contract Tower,0,6,6,0,12,0,1,16,0,17,0,7,22,0,29,0,0,0,29
07/07/2012,HOB,NM,ASW,CE,Federal Contract Tower,0,1,1,0,2,0,0,9,0,9,0,1,10,0,11,0,0,0,11
07/08/2012,HOB,NM,ASW,CE,Federal Contract Tower,0,3,4,0,7,0,0,7,0,7,0,3,11,0,14,0,0,0,14
07/09/2012,HOB,NM,ASW,CE,Federal Contract Tower,0,4,4,0,8,0,4,32,0,36,0,8,36,0,44,0,0,0,44
07/10/2012,HOB,NM,ASW,CE,Federal Contract Tower,0,7,4,0,11,0,1,2,0,3,0,8,6,0,14,0,0,0,14
07/11/2012,HOB,NM,ASW,CE,Federal Contract Tower,0,4,8,0,12,0,4,8,0,12,0,8,16,0,24,0,0,0,24
07/12/2012,HOB,NM,ASW,CE,Federal Contract Tower,0,4,5,0,9,0,5,13,0,18,0,9,18,0,27,0,0,0,27
07/13/2012,HOB,NM,ASW,CE,Federal Contract Tower,0,3,5,0,8,0,2,19,0,21,0,5,24,0,29,0,0,0,29
07/14/2012,HOB,NM,ASW,CE,Federal Contract Tower,0,1,1,0,2,0,0,20,0,20,0,1,21,0,22,0,0,0,22
07/15/2012,HOB,NM,ASW,CE,Federal Contract Tower,0,3,2,0,5,0,0,12,0,12,0,3,14,0,17,6,0,6,23
07/16/2012,HOB,NM,ASW,CE,Federal Contract Tower,0,3,4,0,7,0,4,8,0,12,0,7,12,0,19,0,0,0,19
07/17/2012,HOB,NM,ASW,CE,Federal Contract Tower,0,3,5,0,8,0,4,28,0,32,0,7,33,0,40,0,0,0,40
07/18/2012,HOB,NM,ASW,CE,Federal Contract Tower,0,3,5,0,8,0,6,44,0,50,0,9,49,0,58,0,0,0,58
07/19/2012,HOB,NM,ASW,CE,Federal Contract Tower,0,3,5,4,12,0,4,9,0,13,0,7,14,4,25,0,0,0,25
07/20/2012,HOB,NM,ASW,CE,Federal Contract Tower,0,3,1,1,5,0,3,11,1,15,0,6,12,2,20,0,6,6,26
07/21/2012,HOB,NM,ASW,CE,Federal Contract Tower,0,1,0,0,1,0,0,21,0,21,0,1,21,0,22,0,0,0,22
07/22/2012,HOB,NM,ASW,CE,Federal Contract Tower,0,3,3,0,6,0,0,13,0,13,0,3,16,0,19,0,0,0,19
07/23/2012,HOB,NM,ASW,CE,Federal Contract Tower,0,4,5,0,9,0,2,8,2,12,0,6,13,2,21,0,6,6,27
07/24/2012,HOB,NM,ASW,CE,Federal Contract Tower,0,4,0,0,4,0,3,10,0,13,0,7,10,0,17,0,0,0,17
07/25/2012,HOB,NM,ASW,CE,Federal Contract Tower,0,3,3,0,6,0,4,16,2,22,0,7,19,2,28,0,0,0,28
07/26/2012,HOB,NM,ASW,CE,Federal Contract Tower,0,5,0,0,5,0,4,31,0,35,0,9,31,0,40,0,0,0,40
07/27/2012,HOB,NM,ASW,CE,Federal Contract Tower,0,4,3,0,7,0,2,10,0,12,0,6,13,0,19,0,0,0,19
07/28/2012,HOB,NM,ASW,CE,Federal Contract Tower,0,1,5,0,6,0,0,26,0,26,0,1,31,0,32,6,0,6,38
07/29/2012,HOB,NM,ASW,CE,Federal Contract Tower,0,3,3,0,6,0,0,11,0,11,0,3,14,0,17,0,0,0,17
07/30/2012,HOB,NM,ASW,CE,Federal Contract Tower,0,3,3,0,6,0,4,18,0,22,0,7,21,0,28,0,0,0,28
07/31/2012,HOB,NM,ASW,CE,Federal Contract Tower,0,3,2,0,5,0,4,17,0,21,0,7,19,0,26,0,0,0,26
08/01/2012,HOB,NM,ASW,CE,Federal Contract Tower,0,3,4,0,7,0,4,7,0,11,0,7,11,0,18,0,0,0,18
08/02/2012,HOB,NM,ASW,CE,Federal Contract Tower,0,4,4,0,8,0,3,13,2,18,0,7,17,2,26,0,12,12,38
08/03/2012,HOB,NM,ASW,CE,Federal Contract Tower,0,4,2,0,6,0,3,14,5,22,0,7,16,5,28,0,0,0,28
08/04/2012,HOB,NM,ASW,CE,Federal Contract Tower,0,1,1,0,2,0,0,14,0,14,0,1,15,0,16,0,0,0,16
08/05/2012,HOB,NM,ASW,CE,Federal Contract Tower,0,3,4,0,7,0,0,6,0,6,0,3,10,0,13,0,0,0,13
08/06/2012,HOB,NM,ASW,CE,Federal Contract Tower,0,3,1,0,4,0,4,13,0,17,0,7,14,0,21,0,0,0,21
08/07/2012,HOB,NM,ASW,CE,Federal Contract Tower,0,4,1,0,5,0,7,14,2,23,0,11,15,2,28,0,0,0,28
08/08/2012,HOB,NM,ASW,CE,Federal Contract Tower,0,5,7,0,12,0,8,9,0,17,0,13,16,0,29,4,0,4,33
08/09/2012,HOB,NM,ASW,CE,Federal Contract Tower,0,3,0,4,7,0,4,12,0,16,0,7,12,4,23,0,4,4,27
08/10/2012,HOB,NM,ASW,CE,Federal Contract Tower,0,3,5,8,16,0,3,17,0,20,0,6,22,8,36,0,0,0,36
08/11/2012,HOB,NM,ASW,CE,Federal Contract Tower,0,1,1,0,2,0,0,16,0,16,0,1,17,0,18,4,0,4,22
08/12/2012,HOB,NM,ASW,CE,Federal Contract Tower,0,3,1,0,4,0,2,8,0,10,0,5,9,0,14,0,0,0,14
08/13/2012,HOB,NM,ASW,CE,Federal Contract Tower,0,3,4,0,7,0,4,7,0,11,0,7,11,0,18,0,0,0,18
08/14/2012,HOB,NM,ASW,CE,Federal Contract Tower,0,1,2,0,3,0,12,16,0,28,0,13,18,0,31,0,0,0,31
08/15/2012,HOB,NM,ASW,CE,Federal Contract Tower,0,1,6,0,7,0,6,24,0,30,0,7,30,0,37,0,0,0,37
08/16/2012,HOB,NM,ASW,CE,Federal Contract Tower,0,4,3,0,7,0,8,5,0,13,0,12,8,0,20,0,0,0,20
08/17/2012,HOB,NM,ASW,CE,Federal Contract Tower,0,1,2,0,3,0,5,9,0,14,0,6,11,0,17,6,0,6,23
08/18/2012,HOB,NM,ASW,CE,Federal Contract Tower,0,3,1,0,4,0,0,29,0,29,0,3,30,0,33,4,0,4,37
08/19/2012,HOB,NM,ASW,CE,Federal Contract Tower,0,2,4,0,6,0,2,10,0,12,0,4,14,0,18,0,0,0,18
08/20/2012,HOB,NM,ASW,CE,Federal Contract Tower,0,3,2,0,5,0,6,9,0,15,0,9,11,0,20,0,0,0,20
08/21/2012,HOB,NM,ASW,CE,Federal Contract Tower,0,3,5,0,8,0,4,13,0,17,0,7,18,0,25,0,0,0,25
08/22/2012,HOB,NM,ASW,CE,Federal Contract Tower,0,5,9,0,14,0,4,8,0,12,0,9,17,0,26,4,0,4,30
08/23/2012,HOB,NM,ASW,CE,Federal Contract Tower,0,6,12,0,18,0,4,20,0,24,0,10,32,0,42,0,0,0,42
08/24/2012,HOB,NM,ASW,CE,Federal Contract Tower,0,3,5,0,8,0,4,19,0,23,0,7,24,0,31,0,0,0,31
08/25/2012,HOB,NM,ASW,CE,Federal Contract Tower,0,1,1,0,2,0,0,28,0,28,0,1,29,0,30,10,0,10,40
08/26/2012,HOB,NM,ASW,CE,Federal Contract Tower,0,3,1,0,4,0,0,10,0,10,0,3,11,0,14,0,0,0,14
08/27/2012,HOB,NM,ASW,CE,Federal Contract Tower,0,8,4,0,12,0,2,9,0,11,0,10,13,0,23,0,0,0,23
08/28/2012,HOB,NM,ASW,CE,Federal Contract Tower,0,1,6,0,7,0,4,18,0,22,0,5,24,0,29,0,0,0,29
08/29/2012,HOB,NM,ASW,CE,Federal Contract Tower,0,1,2,0,3,0,4,24,0,28,0,5,26,0,31,0,0,0,31
08/30/2012,HOB,NM,ASW,CE,Federal Contract Tower,0,9,4,0,13,0,3,16,0,19,0,12,20,0,32,0,0,0,32
08/31/2012,HOB,NM,ASW,CE,Federal Contract Tower,0,3,0,0,3,0,3,12,0,15,0,6,12,0,18,0,0,0,18
09/01/2012,HOB,NM,ASW,CE,Federal Contract Tower,0,1,1,0,2,0,0,35,0,35,0,1,36,0,37,0,0,0,37
09/02/2012,HOB,NM,ASW,CE,Federal Contract Tower,0,1,2,0,3,0,0,8,0,8,0,1,10,0,11,0,0,0,11
09/03/2012,HOB,NM,ASW,CE,Federal Contract Tower,0,1,2,0,3,0,0,25,0,25,0,1,27,0,28,4,0,4,32
09/04/2012,HOB,NM,ASW,CE,Federal Contract Tower,0,3,2,0,5,0,2,14,0,16,0,5,16,0,21,0,0,0,21
09/05/2012,HOB,NM,ASW,CE,Federal Contract Tower,0,1,5,0,6,0,4,11,0,15,0,5,16,0,21,2,0,2,23
09/06/2012,HOB,NM,ASW,CE,Federal Contract Tower,0,3,3,0,6,0,4,16,0,20,0,7,19,0,26,0,0,0,26
09/07/2012,HOB,NM,ASW,CE,Federal Contract Tower,0,6,3,0,9,0,9,10,0,19,0,15,13,0,28,0,0,0,28
09/08/2012,HOB,NM,ASW,CE,Federal Contract Tower,0,3,0,0,3,0,2,8,2,12,0,5,8,2,15,0,0,0,15
09/09/2012,HOB,NM,ASW,CE,Federal Contract Tower,0,3,4,1,8,0,0,10,0,10,0,3,14,1,18,0,0,0,18
09/10/2012,HOB,NM,ASW,CE,Federal Contract Tower,0,3,4,0,7,0,4,10,0,14,0,7,14,0,21,0,0,0,21
09/11/2012,HOB,NM,ASW,CE,Federal Contract Tower,0,1,2,0,3,0,4,6,0,10,0,5,8,0,13,4,0,4,17
09/12/2012,HOB,NM,ASW,CE,Federal Contract Tower,0,3,9,0,12,0,4,10,0,14,0,7,19,0,26,2,0,2,28
09/13/2012,HOB,NM,ASW,CE,Federal Contract Tower,0,6,4,0,10,0,1,2,0,3,0,7,6,0,13,0,0,0,13
09/14/2012,HOB,NM,ASW,CE,Federal Contract Tower,0,7,4,0,11,0,2,15,0,17,0,9,19,0,28,0,0,0,28
09/15/2012,HOB,NM,ASW,CE,Federal Contract Tower,0,1,2,0,3,0,0,10,0,10,0,1,12,0,13,0,0,0,13
09/16/2012,HOB,NM,ASW,CE,Federal Contract Tower,0,3,4,0,7,0,0,1,0,1,0,3,5,0,8,4,0,4,12
09/17/2012,HOB,NM,ASW,CE,Federal Contract Tower,0,4,6,0,10,0,3,8,0,11,0,7,14,0,21,0,0,0,21
09/18/2012,HOB,NM,ASW,CE,Federal Contract Tower,0,1,3,0,4,0,4,10,0,14,0,5,13,0,18,0,0,0,18
09/19/2012,HOB,NM,ASW,CE,Federal Contract Tower,0,1,5,0,6,0,4,15,6,25,0,5,20,6,31,10,0,10,41
09/20/2012,HOB,NM,ASW,CE,Federal Contract Tower,0,3,4,0,7,0,4,10,0,14,0,7,14,0,21,0,0,0,21
09/21/2012,HOB,NM,ASW,CE,Federal Contract Tower,0,3,2,0,5,0,3,13,0,16,0,6,15,0,21,0,0,0,21
09/22/2012,HOB,NM,ASW,CE,Federal Contract Tower,0,1,0,0,1,0,0,8,0,8,0,1,8,0,9,0,0,0,9
09/23/2012,HOB,NM,ASW,CE,Federal Contract Tower,0,3,6,0,9,0,0,16,0,16,0,3,22,0,25,4,0,4,29
09/24/2012,HOB,NM,ASW,CE,Federal Contract Tower,0,3,6,0,9,0,4,13,0,17,0,7,19,0,26,0,0,0,26
09/25/2012,HOB,NM,ASW,CE,Federal Contract Tower,0,1,4,0,5,0,4,13,0,17,0,5,17,0,22,0,0,0,22
09/26/2012,HOB,NM,ASW,CE,Federal Contract Tower,0,1,2,0,3,0,6,6,0,12,0,7,8,0,15,2,0,2,17
09/27/2012,HOB,NM,ASW,CE,Federal Contract Tower,0,4,5,0,9,0,3,12,0,15,0,7,17,0,24,10,0,10,34
09/28/2012,HOB,NM,ASW,CE,Federal Contract Tower,0,8,5,0,13,0,0,0,0,0,0,8,5,0,13,0,0,0,13
09/29/2012,HOB,NM,ASW,CE,Federal Contract Tower,0,1,6,0,7,0,0,4,0,4,0,1,10,0,11,0,0,0,11
09/30/2012,HOB,NM,ASW,CE,Federal Contract Tower,0,3,2,0,5,0,0,9,0,9,0,3,11,0,14,0,0,0,14
10/01/2012,HOB,NM,ASW,CE,Federal Contract Tower,0,3,7,0,10,0,6,10,0,16,0,9,17,0,26,0,0,0,26
10/02/2012,HOB,NM,ASW,CE,Federal Contract Tower,0,1,7,0,8,0,10,8,0,18,0,11,15,0,26,0,0,0,26
10/03/2012,HOB,NM,ASW,CE,Federal Contract Tower,0,1,1,0,2,0,6,17,0,23,0,7,18,0,25,0,0,0,25
10/04/2012,HOB,NM,ASW,CE,Federal Contract Tower,0,3,4,0,7,0,4,16,0,20,0,7,20,0,27,0,0,0,27
10/05/2012,HOB,NM,ASW,CE,Federal Contract Tower,0,4,13,0,17,0,2,17,0,19,0,6,30,0,36,0,0,0,36
10/06/2012,HOB,NM,ASW,CE,Federal Contract Tower,0,1,4,0,5,0,0,7,0,7,0,1,11,0,12,0,0,0,12
10/07/2012,HOB,NM,ASW,CE,Federal Contract Tower,0,3,6,0,9,0,0,10,0,10,0,3,16,0,19,0,0,0,19
10/08/2012,HOB,NM,ASW,CE,Federal Contract Tower,0,6,9,0,15,0,3,13,0,16,0,9,22,0,31,0,0,0,31
10/09/2012,HOB,NM,ASW,CE,Federal Contract Tower,0,4,4,0,8,0,5,10,0,15,0,9,14,0,23,2,0,2,25
10/10/2012,HOB,NM,ASW,CE,Federal Contract Tower,0,4,6,0,10,0,3,18,0,21,0,7,24,0,31,0,0,0,31
10/11/2012,HOB,NM,ASW,CE,Federal Contract Tower,0,4,4,0,8,0,2,10,0,12,0,6,14,0,20,0,0,0,20
10/12/2012,HOB,NM,ASW,CE,Federal Contract Tower,0,5,10,0,15,0,1,6,0,7,0,6,16,0,22,0,0,0,22
10/13/2012,HOB,NM,ASW,CE,Federal Contract Tower,0,1,0,0,1,0,1,7,2,10,0,2,7,2,11,2,0,2,13
10/14/2012,HOB,NM,ASW,CE,Federal Contract Tower,0,5,1,2,8,0,2,9,0,11,0,7,10,2,19,0,0,0,19
10/15/2012,HOB,NM,ASW,CE,Federal Contract Tower,0,8,6,0,14,0,6,13,0,19,0,14,19,0,33,0,0,0,33
10/16/2012,HOB,NM,ASW,CE,Federal Contract Tower,0,2,6,0,8,0,7,9,0,16,0,9,15,0,24,0,0,0,24
10/17/2012,HOB,NM,ASW,CE,Federal Contract Tower,0,4,5,0,9,0,5,13,0,18,0,9,18,0,27,0,0,0,27
10/18/2012,HOB,NM,ASW,CE,Federal Contract Tower,0,4,6,0,10,0,4,17,0,21,0,8,23,0,31,0,0,0,31
10/19/2012,HOB,NM,ASW,CE,Federal Contract Tower,0,3,4,0,7,0,5,19,0,24,0,8,23,0,31,2,0,2,33
10/20/2012,HOB,NM,ASW,CE,Federal Contract Tower,0,3,2,0,5,0,1,31,0,32,0,4,33,0,37,2,0,2,39
10/21/2012,HOB,NM,ASW,CE,Federal Contract Tower,0,3,4,0,7,0,0,15,0,15,0,3,19,0,22,2,0,2,24
10/22/2012,HOB,NM,ASW,CE,Federal Contract Tower,0,3,1,0,4,0,4,13,2,19,0,7,14,2,23,0,4,4,27
10/23/2012,HOB,NM,ASW,CE,Federal Contract Tower,0,1,5,0,6,0,4,8,2,14,0,5,13,2,20,0,0,0,20
10/24/2012,HOB,NM,ASW,CE,Federal Contract Tower,0,1,7,0,8,0,4,8,0,12,0,5,15,0,20,0,0,0,20
10/25/2012,HOB,NM,ASW,CE,Federal Contract Tower,0,4,3,0,7,0,3,9,0,12,0,7,12,0,19,0,0,0,19
10/26/2012,HOB,NM,ASW,CE,Federal Contract Tower,0,3,4,0,7,0,3,14,0,17,0,6,18,0,24,0,0,0,24
10/27/2012,HOB,NM,ASW,CE,Federal Contract Tower,0,3,5,0,8,0,0,16,0,16,0,3,21,0,24,2,0,2,26
10/28/2012,HOB,NM,ASW,CE,Federal Contract Tower,0,5,8,0,13,0,2,12,0,14,0,7,20,0,27,12,0,12,39
10/29/2012,HOB,NM,ASW,CE,Federal Contract Tower,0,3,4,0,7,0,6,4,0,10,0,9,8,0,17,0,0,0,17
10/30/2012,HOB,NM,ASW,CE,Federal Contract Tower,0,1,1,0,2,0,8,10,0,18,0,9,11,0,20,0,0,0,20
10/31/2012,HOB,NM,ASW,CE,Federal Contract Tower,0,1,1,0,2,0,6,12,0,18,0,7,13,0,20,0,0,0,20
11/01/2012,HOB,NM,ASW,CE,Federal Contract Tower,0,5,3,0,8,0,2,19,0,21,0,7,22,0,29,4,0,4,33
11/02/2012,HOB,NM,ASW,CE,Federal Contract Tower,0,5,3,0,8,0,3,10,0,13,0,8,13,0,21,0,0,0,21
11/03/2012,HOB,NM,ASW,CE,Federal Contract Tower,0,1,2,0,3,0,0,11,2,13,0,1,13,2,16,2,0,2,18
11/04/2012,HOB,NM,ASW,CE,Federal Contract Tower,0,3,7,0,10,0,2,4,0,6,0,5,11,0,16,0,0,0,16
11/05/2012,HOB,NM,ASW,CE,Federal Contract Tower,0,10,2,0,12,0,3,12,0,15,0,13,14,0,27,0,0,0,27
11/06/2012,HOB,NM,ASW,CE,Federal Contract Tower,0,3,2,0,5,0,3,14,0,17,0,6,16,0,22,0,0,0,22
11/07/2012,HOB,NM,ASW,CE,Federal Contract Tower,0,4,2,0,6,0,3,15,0,18,0,7,17,0,24,0,0,0,24
11/08/2012,HOB,NM,ASW,CE,Federal Contract Tower,0,3,4,1,8,0,7,9,1,17,0,10,13,2,25,0,0,0,25
11/09/2012,HOB,NM,ASW,CE,Federal Contract Tower,0,4,3,0,7,0,3,20,0,23,0,7,23,0,30,0,0,0,30
11/10/2012,HOB,NM,ASW,CE,Federal Contract Tower,0,1,0,0,1,0,9,4,0,13,0,10,4,0,14,0,0,0,14
11/11/2012,HOB,NM,ASW,CE,Federal Contract Tower,0,3,5,0,8,0,2,26,0,28,0,5,31,0,36,0,0,0,36
11/12/2012,HOB,NM,ASW,CE,Federal Contract Tower,0,4,1,0,5,0,10,12,2,24,0,14,13,2,29,2,0,2,31
11/13/2012,HOB,NM,ASW,CE,Federal Contract Tower,0,1,4,0,5,0,9,10,0,19,0,10,14,0,24,2,0,2,26
11/14/2012,HOB,NM,ASW,CE,Federal Contract Tower,0,1,4,0,5,0,4,12,0,16,0,5,16,0,21,0,0,0,21
11/15/2012,HOB,NM,ASW,CE,Federal Contract Tower,0,4,4,0,8,0,4,18,0,22,0,8,22,0,30,0,0,0,30
11/16/2012,HOB,NM,ASW,CE,Federal Contract Tower,0,3,5,0,8,0,5,9,0,14,0,8,14,0,22,0,0,0,22
11/17/2012,HOB,NM,ASW,CE,Federal Contract Tower,0,3,1,0,4,0,0,7,0,7,0,3,8,0,11,8,0,8,19
11/18/2012,HOB,NM,ASW,CE,Federal Contract Tower,0,4,2,0,6,0,1,2,0,3,0,5,4,0,9,0,0,0,9
11/19/2012,HOB,NM,ASW,CE,Federal Contract Tower,0,5,0,0,5,0,6,9,0,15,0,11,9,0,20,2,0,2,22
11/20/2012,HOB,NM,ASW,CE,Federal Contract Tower,0,1,5,0,6,0,6,13,0,19,0,7,18,0,25,8,0,8,33
11/21/2012,HOB,NM,ASW,CE,Federal Contract Tower,0,4,9,0,13,0,7,15,0,22,0,11,24,0,35,0,0,0,35
11/22/2012,HOB,NM,ASW,CE,Federal Contract Tower,0,3,0,0,3,0,0,4,0,4,0,3,4,0,7,0,0,0,7
11/23/2012,HOB,NM,ASW,CE,Federal Contract Tower,0,3,1,0,4,0,2,11,0,13,0,5,12,0,17,14,0,14,31
11/24/2012,HOB,NM,ASW,CE,Federal Contract Tower,0,2,4,0,6,0,0,9,0,9,0,2,13,0,15,2,0,2,17
11/25/2012,HOB,NM,ASW,CE,Federal Contract Tower,0,3,4,0,7,0,0,8,0,8,0,3,12,0,15,0,0,0,15
11/26/2012,HOB,NM,ASW,CE,Federal Contract Tower,0,5,5,0,10,0,7,5,0,12,0,12,10,0,22,0,0,0,22
11/27/2012,HOB,NM,ASW,CE,Federal Contract Tower,0,1,3,0,4,0,4,7,0,11,0,5,10,0,15,0,0,0,15
11/28/2012,HOB,NM,ASW,CE,Federal Contract Tower,0,2,3,0,5,0,4,9,0,13,0,6,12,0,18,0,0,0,18
11/29/2012,HOB,NM,ASW,CE,Federal Contract Tower,0,3,2,0,5,0,4,20,0,24,0,7,22,0,29,4,0,4,33
11/30/2012,HOB,NM,ASW,CE,Federal Contract Tower,0,3,2,0,5,0,3,19,0,22,0,6,21,0,27,6,0,6,33
12/01/2012,HOB,NM,ASW,CE,Federal Contract Tower,0,1,4,0,5,0,0,16,0,16,0,1,20,0,21,2,0,2,23
12/02/2012,HOB,NM,ASW,CE,Federal Contract Tower,0,3,2,0,5,0,2,11,0,13,0,5,13,0,18,4,0,4,22
12/03/2012,HOB,NM,ASW,CE,Federal Contract Tower,0,3,2,0,5,0,6,16,0,22,0,9,18,0,27,0,0,0,27
12/04/2012,HOB,NM,ASW,CE,Federal Contract Tower,0,3,5,0,8,0,6,16,0,22,0,9,21,0,30,0,0,0,30
12/05/2012,HOB,NM,ASW,CE,Federal Contract Tower,0,1,3,0,4,0,4,20,2,26,0,5,23,2,30,0,0,0,30
12/06/2012,HOB,NM,ASW,CE,Federal Contract Tower,0,3,7,0,10,0,5,21,2,28,0,8,28,2,38,4,0,4,42
12/07/2012,HOB,NM,ASW,CE,Federal Contract Tower,0,3,6,0,9,0,5,15,2,22,0,8,21,2,31,0,0,0,31
12/08/2012,HOB,NM,ASW,CE,Federal Contract Tower,0,1,2,0,3,0,2,2,0,4,0,3,4,0,7,6,0,6,13
12/09/2012,HOB,NM,ASW,CE,Federal Contract Tower,0,4,2,0,6,0,1,2,0,3,0,5,4,0,9,0,0,0,9
12/10/2012,HOB,NM,ASW,CE,Federal Contract Tower,0,3,8,0,11,0,4,12,0,16,0,7,20,0,27,0,0,0,27
12/11/2012,HOB,NM,ASW,CE,Federal Contract Tower,0,3,5,0,8,0,4,10,0,14,0,7,15,0,22,0,0,0,22
12/12/2012,HOB,NM,ASW,CE,Federal Contract Tower,0,1,5,0,6,0,4,9,0,13,0,5,14,0,19,0,0,0,19
12/13/2012,HOB,NM,ASW,CE,Federal Contract Tower,0,7,8,0,15,0,4,9,0,13,0,11,17,0,28,0,0,0,28
12/14/2012,HOB,NM,ASW,CE,Federal Contract Tower,0,9,5,0,14,0,1,4,0,5,0,10,9,0,19,0,0,0,19
12/15/2012,HOB,NM,ASW,CE,Federal Contract Tower,0,3,1,0,4,0,0,15,0,15,0,3,16,0,19,2,0,2,21
12/16/2012,HOB,NM,ASW,CE,Federal Contract Tower,0,1,4,0,5,0,0,15,0,15,0,1,19,0,20,0,0,0,20
12/17/2012,HOB,NM,ASW,CE,Federal Contract Tower,0,5,6,0,11,0,4,15,0,19,0,9,21,0,30,0,0,0,30
12/18/2012,HOB,NM,ASW,CE,Federal Contract Tower,0,1,4,0,5,0,6,17,0,23,0,7,21,0,28,0,0,0,28
12/19/2012,HOB,NM,ASW,CE,Federal Contract Tower,0,5,2,0,7,0,4,3,0,7,0,9,5,0,14,0,0,0,14
12/20/2012,HOB,NM,ASW,CE,Federal Contract Tower,0,3,4,2,9,0,6,12,2,20,0,9,16,4,29,0,0,0,29
12/21/2012,HOB,NM,ASW,CE,Federal Contract Tower,0,4,2,0,6,0,2,17,0,19,0,6,19,0,25,16,0,16,41
12/22/2012,HOB,NM,ASW,CE,Federal Contract Tower,0,1,2,0,3,0,0,17,0,17,0,1,19,0,20,0,0,0,20
12/23/2012,HOB,NM,ASW,CE,Federal Contract Tower,0,5,5,0,10,0,1,8,0,9,0,6,13,0,19,12,0,12,31
12/24/2012,HOB,NM,ASW,CE,Federal Contract Tower,0,3,1,0,4,0,6,8,0,14,0,9,9,0,18,14,0,14,32
12/25/2012,HOB,NM,ASW,CE,Federal Contract Tower,0,1,2,0,3,0,0,3,0,3,0,1,5,0,6,0,0,0,6
12/26/2012,HOB,NM,ASW,CE,Federal Contract Tower,0,6,4,0,10,0,4,16,0,20,0,10,20,0,30,0,0,0,30
12/27/2012,HOB,NM,ASW,CE,Federal Contract Tower,0,4,2,0,6,0,5,8,0,13,0,9,10,0,19,0,0,0,19
12/28/2012,HOB,NM,ASW,CE,Federal Contract Tower,0,5,1,0,6,0,3,4,0,7,0,8,5,0,13,0,0,0,13
12/29/2012,HOB,NM,ASW,CE,Federal Contract Tower,0,1,1,0,2,0,0,20,0,20,0,1,21,0,22,10,0,10,32
12/30/2012,HOB,NM,ASW,CE,Federal Contract Tower,0,3,1,0,4,0,2,4,0,6,0,5,5,0,10,0,0,0,10
12/31/2012,HOB,NM,ASW,CE,Federal Contract Tower,0,3,0,0,3,0,4,4,0,8,0,7,4,0,11,0,0,0,11
01/01/2013,HOB,NM,ASW,CE,Federal Contract Tower,0,4,0,0,4,0,2,5,0,7,0,6,5,0,11,4,0,4,15
01/02/2013,HOB,NM,ASW,CE,Federal Contract Tower,0,4,1,0,5,0,6,6,0,12,0,10,7,0,17,0,0,0,17
01/03/2013,HOB,NM,ASW,CE,Federal Contract Tower,0,11,6,0,17,0,1,0,0,1,0,12,6,0,18,0,0,0,18
01/04/2013,HOB,NM,ASW,CE,Federal Contract Tower,0,6,2,0,8,0,0,0,0,0,0,6,2,0,8,0,0,0,8
01/05/2013,HOB,NM,ASW,CE,Federal Contract Tower,0,1,2,0,3,0,0,12,0,12,0,1,14,0,15,0,0,0,15
01/06/2013,HOB,NM,ASW,CE,Federal Contract Tower,0,3,1,0,4,0,3,10,0,13,0,6,11,0,17,2,0,2,19
01/07/2013,HOB,NM,ASW,CE,Federal Contract Tower,0,4,3,0,7,0,3,16,0,19,0,7,19,0,26,0,0,0,26
01/08/2013,HOB,NM,ASW,CE,Federal Contract Tower,0,3,0,0,3,0,2,2,0,4,0,5,2,0,7,0,0,0,7
01/09/2013,HOB,NM,ASW,CE,Federal Contract Tower,0,7,1,0,8,0,0,1,0,1,0,7,2,0,9,0,0,0,9
01/10/2013,HOB,NM,ASW,CE,Federal Contract Tower,0,7,5,0,12,0,4,10,0,14,0,11,15,0,26,0,0,0,26
01/11/2013,HOB,NM,ASW,CE,Federal Contract Tower,0,4,2,0,6,0,2,8,0,10,0,6,10,0,16,0,0,0,16
01/12/2013,HOB,NM,ASW,CE,Federal Contract Tower,0,1,1,0,2,0,0,8,0,8,0,1,9,0,10,0,0,0,10
01/13/2013,HOB,NM,ASW,CE,Federal Contract Tower,0,3,0,0,3,0,0,6,0,6,0,3,6,0,9,0,0,0,9
01/14/2013,HOB,NM,ASW,CE,Federal Contract Tower,0,6,2,0,8,0,3,7,0,10,0,9,9,0,18,0,0,0,18
01/15/2013,HOB,NM,ASW,CE,Federal Contract Tower,0,3,6,0,9,0,2,6,0,8,0,5,12,0,17,0,0,0,17
01/16/2013,HOB,NM,ASW,CE,Federal Contract Tower,0,1,5,0,6,0,6,7,0,13,0,7,12,0,19,12,0,12,31
01/17/2013,HOB,NM,ASW,CE,Federal Contract Tower,0,5,1,0,6,0,6,15,0,21,0,11,16,0,27,0,0,0,27
01/18/2013,HOB,NM,ASW,CE,Federal Contract Tower,0,3,4,0,7,0,3,13,0,16,0,6,17,0,23,20,0,20,43
01/19/2013,HOB,NM,ASW,CE,Federal Contract Tower,0,1,0,0,1,0,0,26,0,26,0,1,26,0,27,2,0,2,29
01/20/2013,HOB,NM,ASW,CE,Federal Contract Tower,0,1,3,0,4,0,0,13,0,13,0,1,16,0,17,14,0,14,31
01/21/2013,HOB,NM,ASW,CE,Federal Contract Tower,0,3,2,0,5,0,2,6,0,8,0,5,8,0,13,2,0,2,15
01/22/2013,HOB,NM,ASW,CE,Federal Contract Tower,0,2,0,6,8,0,5,5,14,24,0,7,5,20,32,2,10,12,44
01/23/2013,HOB,NM,ASW,CE,Federal Contract Tower,0,3,4,0,7,0,4,8,0,12,0,7,12,0,19,2,0,2,21
01/24/2013,HOB,NM,ASW,CE,Federal Contract Tower,0,3,5,0,8,0,6,15,0,21,0,9,20,0,29,0,0,0,29
01/25/2013,HOB,NM,ASW,CE,Federal Contract Tower,0,3,2,0,5,0,7,11,0,18,0,10,13,0,23,0,0,0,23
01/26/2013,HOB,NM,ASW,CE,Federal Contract Tower,0,2,3,0,5,0,0,17,0,17,0,2,20,0,22,14,0,14,36
01/27/2013,HOB,NM,ASW,CE,Federal Contract Tower,0,3,3,0,6,0,0,7,0,7,0,3,10,0,13,0,0,0,13
01/28/2013,HOB,NM,ASW,CE,Federal Contract Tower,0,5,0,1,6,0,5,6,7,18,0,10,6,8,24,0,0,0,24
01/29/2013,HOB,NM,ASW,CE,Federal Contract Tower,0,2,1,0,3,0,6,2,0,8,0,8,3,0,11,0,0,0,11
01/30/2013,HOB,NM,ASW,CE,Federal Contract Tower,0,1,6,0,7,0,4,10,0,14,0,5,16,0,21,0,0,0,21
01/31/2013,HOB,NM,ASW,CE,Federal Contract Tower,0,4,8,0,12,0,6,14,0,20,0,10,22,0,32,0,0,0,32
02/01/2013,HOB,NM,ASW,CE,Federal Contract Tower,2,3,4,0,9,0,3,13,0,16,2,6,17,0,25,0,0,0,25
02/02/2013,HOB,NM,ASW,CE,Federal Contract Tower,0,1,4,0,5,0,0,10,0,10,0,1,14,0,15,4,0,4,19
02/03/2013,HOB,NM,ASW,CE,Federal Contract Tower,0,3,1,0,4,0,0,2,0,2,0,3,3,0,6,0,0,0,6
02/04/2013,HOB,NM,ASW,CE,Federal Contract Tower,0,3,8,0,11,0,4,12,0,16,0,7,20,0,27,0,0,0,27
02/05/2013,HOB,NM,ASW,CE,Federal Contract Tower,0,1,4,0,5,0,6,8,0,14,0,7,12,0,19,2,0,2,21
02/06/2013,HOB,NM,ASW,CE,Federal Contract Tower,0,2,7,0,9,0,4,8,0,12,0,6,15,0,21,0,0,0,21
02/07/2013,HOB,NM,ASW,CE,Federal Contract Tower,0,3,5,0,8,0,4,10,0,14,0,7,15,0,22,0,0,0,22
02/08/2013,HOB,NM,ASW,CE,Federal Contract Tower,0,3,5,0,8,0,5,9,0,14,0,8,14,0,22,0,0,0,22
02/09/2013,HOB,NM,ASW,CE,Federal Contract Tower,0,1,0,0,1,0,0,0,0,0,0,1,0,0,1,0,0,0,1
02/10/2013,HOB,NM,ASW,CE,Federal Contract Tower,0,3,5,0,8,0,2,14,0,16,0,5,19,0,24,0,0,0,24
02/11/2013,HOB,NM,ASW,CE,Federal Contract Tower,0,4,1,0,5,0,5,15,0,20,0,9,16,0,25,4,0,4,29
02/12/2013,HOB,NM,ASW,CE,Federal Contract Tower,0,3,10,2,15,0,5,5,0,10,0,8,15,2,25,0,0,0,25
02/13/2013,HOB,NM,ASW,CE,Federal Contract Tower,0,4,5,1,10,0,3,7,0,10,0,7,12,1,20,2,2,4,24
02/14/2013,HOB,NM,ASW,CE,Federal Contract Tower,0,4,9,0,13,0,6,18,0,24,0,10,27,0,37,8,0,8,45
02/15/2013,HOB,NM,ASW,CE,Federal Contract Tower,0,5,2,2,9,0,5,15,0,20,0,10,17,2,29,17,0,17,46
02/16/2013,HOB,NM,ASW,CE,Federal Contract Tower,0,1,1,0,2,0,0,22,0,22,0,1,23,0,24,8,0,8,32
02/17/2013,HOB,NM,ASW,CE,Federal Contract Tower,0,5,3,0,8,0,0,14,0,14,0,5,17,0,22,0,0,0,22
02/18/2013,HOB,NM,ASW,CE,Federal Contract Tower,0,3,5,0,8,0,4,9,0,13,0,7,14,0,21,0,0,0,21
02/19/2013,HOB,NM,ASW,CE,Federal Contract Tower,0,3,9,0,12,0,6,13,0,19,0,9,22,0,31,0,0,0,31
02/20/2013,HOB,NM,ASW,CE,Federal Contract Tower,0,12,8,0,20,0,1,5,2,8,0,13,13,2,28,0,14,14,42
02/21/2013,HOB,NM,ASW,CE,Federal Contract Tower,0,5,6,0,11,0,5,5,0,10,0,10,11,0,21,0,0,0,21
02/22/2013,HOB,NM,ASW,CE,Federal Contract Tower,0,5,5,0,10,0,3,13,0,16,0,8,18,0,26,6,0,6,32
02/23/2013,HOB,NM,ASW,CE,Federal Contract Tower,0,1,3,0,4,0,0,15,0,15,0,1,18,0,19,4,0,4,23
02/24/2013,HOB,NM,ASW,CE,Federal Contract Tower,0,5,1,0,6,0,0,10,0,10,0,5,11,0,16,8,0,8,24
02/25/2013,HOB,NM,ASW,CE,Federal Contract Tower,0,3,3,0,6,0,3,1,0,4,0,6,4,0,10,0,0,0,10
02/26/2013,HOB,NM,ASW,CE,Federal Contract Tower,0,2,0,0,2,0,6,9,0,15,0,8,9,0,17,6,0,6,23
02/27/2013,HOB,NM,ASW,CE,Federal Contract Tower,0,2,11,4,17,0,4,9,0,13,0,6,20,4,30,0,0,0,30
02/28/2013,HOB,NM,ASW,CE,Federal Contract Tower,0,6,4,0,10,0,4,32,0,36,0,10,36,0,46,6,0,6,52
03/01/2013,HOB,NM,ASW,CE,Federal Contract Tower,0,3,4,4,11,0,3,14,0,17,0,6,18,4,28,0,8,8,36
03/02/2013,HOB,NM,ASW,CE,Federal Contract Tower,0,1,0,0,1,0,2,18,0,20,0,3,18,0,21,8,0,8,29
03/03/2013,HOB,NM,ASW,CE,Federal Contract Tower,0,3,5,0,8,0,0,16,0,16,0,3,21,0,24,0,0,0,24
03/04/2013,HOB,NM,ASW,CE,Federal Contract Tower,0,3,3,0,6,0,3,8,0,11,0,6,11,0,17,0,0,0,17
03/05/2013,HOB,NM,ASW,CE,Federal Contract Tower,0,2,4,1,7,0,3,13,5,21,0,5,17,6,28,4,8,12,40
03/06/2013,HOB,NM,ASW,CE,Federal Contract Tower,0,3,9,0,12,0,3,11,0,14,0,6,20,0,26,0,0,0,26
03/07/2013,HOB,NM,ASW,CE,Federal Contract Tower,0,5,0,0,5,0,5,14,0,19,0,10,14,0,24,0,0,0,24
03/08/2013,HOB,NM,ASW,CE,Federal Contract Tower,0,4,4,0,8,0,2,13,0,15,0,6,17,0,23,0,0,0,23
03/09/2013,HOB,NM,ASW,CE,Federal Contract Tower,0,1,3,0,4,0,0,4,0,4,0,1,7,0,8,0,0,0,8
03/10/2013,HOB,NM,ASW,CE,Federal Contract Tower,0,3,1,0,4,0,0,7,0,7,0,3,8,0,11,0,0,0,11
03/11/2013,HOB,NM,ASW,CE,Federal Contract Tower,0,4,3,0,7,0,6,12,0,18,0,10,15,0,25,12,0,12,37
03/12/2013,HOB,NM,ASW,CE,Federal Contract Tower,0,2,7,0,9,0,3,8,0,11,0,5,15,0,20,0,0,0,20
03/13/2013,HOB,NM,ASW,CE,Federal Contract Tower,0,2,2,0,4,0,5,4,0,9,0,7,6,0,13,0,0,0,13
03/14/2013,HOB,NM,ASW,CE,Federal Contract Tower,0,3,7,0,10,0,4,21,0,25,0,7,28,0,35,0,0,0,35
03/15/2013,HOB,NM,ASW,CE,Federal Contract Tower,0,4,3,0,7,0,4,14,0,18,0,8,17,0,25,0,0,0,25
03/16/2013,HOB,NM,ASW,CE,Federal Contract Tower,0,1,5,0,6,0,0,12,0,12,0,1,17,0,18,0,0,0,18
03/17/2013,HOB,NM,ASW,CE,Federal Contract Tower,0,3,3,0,6,0,0,11,0,11,0,3,14,0,17,0,0,0,17
03/18/2013,HOB,NM,ASW,CE,Federal Contract Tower,0,6,5,0,11,0,5,10,0,15,0,11,15,0,26,0,0,0,26
03/19/2013,HOB,NM,ASW,CE,Federal Contract Tower,0,4,7,0,11,0,3,10,0,13,0,7,17,0,24,0,0,0,24
03/20/2013,HOB,NM,ASW,CE,Federal Contract Tower,0,2,8,0,10,0,3,10,0,13,0,5,18,0,23,14,0,14,37
03/21/2013,HOB,NM,ASW,CE,Federal Contract Tower,0,4,3,0,7,0,3,7,0,10,0,7,10,0,17,0,0,0,17
03/22/2013,HOB,NM,ASW,CE,Federal Contract Tower,0,7,8,0,15,0,1,7,0,8,0,8,15,0,23,0,0,0,23
03/23/2013,HOB,NM,ASW,CE,Federal Contract Tower,0,1,2,0,3,0,0,0,0,0,0,1,2,0,3,0,0,0,3
03/24/2013,HOB,NM,ASW,CE,Federal Contract Tower,0,1,2,0,3,0,0,11,0,11,0,1,13,0,14,10,0,10,24
03/25/2013,HOB,NM,ASW,CE,Federal Contract Tower,0,3,7,0,10,0,6,10,0,16,0,9,17,0,26,0,0,0,26
03/26/2013,HOB,NM,ASW,CE,Federal Contract Tower,0,1,2,0,3,0,4,9,2,15,0,5,11,2,18,0,18,18,36
03/27/2013,HOB,NM,ASW,CE,Federal Contract Tower,0,2,3,0,5,0,3,6,0,9,0,5,9,0,14,0,0,0,14
03/28/2013,HOB,NM,ASW,CE,Federal Contract Tower,0,4,1,0,5,0,3,11,0,14,0,7,12,0,19,0,0,0,19
03/29/2013,HOB,NM,ASW,CE,Federal Contract Tower,0,4,0,0,4,0,4,6,0,10,0,8,6,0,14,4,0,4,18
03/30/2013,HOB,NM,ASW,CE,Federal Contract Tower,0,1,2,0,3,0,0,2,0,2,0,1,4,0,5,0,0,0,5
03/31/2013,HOB,NM,ASW,CE,Federal Contract Tower,0,3,2,0,5,0,0,0,0,0,0,3,2,0,5,0,0,0,5
04/01/2013,HOB,NM,ASW,CE,Federal Contract Tower,0,4,4,0,8,0,3,9,0,12,0,7,13,0,20,0,0,0,20
04/02/2013,HOB,NM,ASW,CE,Federal Contract Tower,0,17,7,0,24,0,0,0,0,0,0,17,7,0,24,0,0,0,24
04/03/2013,HOB,NM,ASW,CE,Federal Contract Tower,0,2,19,0,21,0,3,14,0,17,0,5,33,0,38,2,0,2,40
04/04/2013,HOB,NM,ASW,CE,Federal Contract Tower,0,6,2,0,8,0,13,15,0,28,0,19,17,0,36,12,0,12,48
04/05/2013,HOB,NM,ASW,CE,Federal Contract Tower,0,6,0,0,6,0,2,16,0,18,0,8,16,0,24,4,0,4,28
04/06/2013,HOB,NM,ASW,CE,Federal Contract Tower,0,1,1,0,2,0,0,15,0,15,0,1,16,0,17,0,0,0,17
04/07/2013,HOB,NM,ASW,CE,Federal Contract Tower,0,4,5,0,9,0,4,9,0,13,0,8,14,0,22,0,0,0,22
04/08/2013,HOB,NM,ASW,CE,Federal Contract Tower,0,4,4,0,8,0,5,5,2,12,0,9,9,2,20,6,0,6,26
04/09/2013,HOB,NM,ASW,CE,Federal Contract Tower,0,4,7,0,11,0,1,1,0,2,0,5,8,0,13,0,0,0,13
04/10/2013,HOB,NM,ASW,CE,Federal Contract Tower,0,3,1,0,4,0,2,14,0,16,0,5,15,0,20,8,0,8,28
04/11/2013,HOB,NM,ASW,CE,Federal Contract Tower,0,4,1,0,5,0,12,13,0,25,0,16,14,0,30,2,0,2,32
04/12/2013,HOB,NM,ASW,CE,Federal Contract Tower,0,4,0,0,4,0,2,11,0,13,0,6,11,0,17,0,0,0,17
04/13/2013,HOB,NM,ASW,CE,Federal Contract Tower,0,1,1,0,2,0,0,46,0,46,0,1,47,0,48,0,0,0,48
04/14/2013,HOB,NM,ASW,CE,Federal Contract Tower,0,3,4,0,7,0,0,9,0,9,0,3,13,0,16,8,0,8,24
04/15/2013,HOB,NM,ASW,CE,Federal Contract Tower,0,4,3,0,7,0,3,5,0,8,0,7,8,0,15,0,0,0,15
04/16/2013,HOB,NM,ASW,CE,Federal Contract Tower,0,2,5,0,7,0,3,7,0,10,0,5,12,0,17,0,0,0,17
04/17/2013,HOB,NM,ASW,CE,Federal Contract Tower,0,4,2,0,6,0,1,7,0,8,0,5,9,0,14,0,0,0,14
04/18/2013,HOB,NM,ASW,CE,Federal Contract Tower,0,4,2,0,6,0,5,3,0,8,0,9,5,0,14,2,0,2,16
04/19/2013,HOB,NM,ASW,CE,Federal Contract Tower,0,4,4,0,8,0,2,20,0,22,0,6,24,0,30,0,0,0,30
04/20/2013,HOB,NM,ASW,CE,Federal Contract Tower,0,1,2,0,3,0,0,14,0,14,0,1,16,0,17,2,0,2,19
04/21/2013,HOB,NM,ASW,CE,Federal Contract Tower,0,3,1,0,4,0,0,18,0,18,0,3,19,0,22,4,0,4,26
04/22/2013,HOB,NM,ASW,CE,Federal Contract Tower,0,6,0,0,6,0,10,6,0,16,0,16,6,0,22,12,0,12,34
04/23/2013,HOB,NM,ASW,CE,Federal Contract Tower,0,3,5,0,8,0,2,5,0,7,0,5,10,0,15,0,0,0,15
04/24/2013,HOB,NM,ASW,CE,Federal Contract Tower,0,2,6,0,8,0,4,15,0,19,0,6,21,0,27,0,0,0,27
04/25/2013,HOB,NM,ASW,CE,Federal Contract Tower,0,5,0,0,5,0,3,2,0,5,0,8,2,0,10,0,0,0,10
04/26/2013,HOB,NM,ASW,CE,Federal Contract Tower,0,4,5,0,9,0,4,22,0,26,0,8,27,0,35,4,0,4,39
04/27/2013,HOB,NM,ASW,CE,Federal Contract Tower,0,1,2,0,3,0,0,10,0,10,0,1,12,0,13,14,0,14,27
04/28/2013,HOB,NM,ASW,CE,Federal Contract Tower,0,3,8,0,11,0,2,11,0,13,0,5,19,0,24,0,0,0,24
04/29/2013,HOB,NM,ASW,CE,Federal Contract Tower,0,4,0,0,4,0,5,9,0,14,0,9,9,0,18,0,0,0,18
04/30/2013,HOB,NM,ASW,CE,Federal Contract Tower,0,2,4,0,6,0,3,9,0,12,0,5,13,0,18,2,0,2,20
05/01/2013,HOB,NM,ASW,CE,Federal Contract Tower,0,6,5,0,11,0,3,15,0,18,0,9,20,0,29,0,0,0,29
05/02/2013,HOB,NM,ASW,CE,Federal Contract Tower,0,5,5,0,10,0,4,2,0,6,0,9,7,0,16,0,0,0,16
05/03/2013,HOB,NM,ASW,CE,Federal Contract Tower,0,4,3,0,7,0,4,24,0,28,0,8,27,0,35,2,0,2,37
05/04/2013,HOB,NM,ASW,CE,Federal Contract Tower,0,3,0,0,3,0,2,34,0,36,0,5,34,0,39,4,0,4,43
05/05/2013,HOB,NM,ASW,CE,Federal Contract Tower,0,3,3,0,6,0,0,26,0,26,0,3,29,0,32,4,0,4,36
05/06/2013,HOB,NM,ASW,CE,Federal Contract Tower,0,5,5,0,10,0,2,14,0,16,0,7,19,0,26,0,0,0,26
05/07/2013,HOB,NM,ASW,CE,Federal Contract Tower,0,2,3,0,5,0,5,16,0,21,0,7,19,0,26,8,0,8,34
05/08/2013,HOB,NM,ASW,CE,Federal Contract Tower,0,2,2,0,4,0,3,15,0,18,0,5,17,0,22,2,0,2,24
05/09/2013,HOB,NM,ASW,CE,Federal Contract Tower,0,4,2,4,10,0,3,14,0,17,0,7,16,4,27,0,4,4,31
05/10/2013,HOB,NM,ASW,CE,Federal Contract Tower,0,6,4,0,10,0,3,9,0,12,0,9,13,0,22,0,0,0,22
05/11/2013,HOB,NM,ASW,CE,Federal Contract Tower,0,1,0,0,1,0,0,24,0,24,0,1,24,0,25,0,0,0,25
05/12/2013,HOB,NM,ASW,CE,Federal Contract Tower,0,3,6,0,9,0,0,20,2,22,0,3,26,2,31,0,0,0,31
05/13/2013,HOB,NM,ASW,CE,Federal Contract Tower,0,4,5,0,9,0,3,15,0,18,0,7,20,0,27,0,0,0,27
05/14/2013,HOB,NM,ASW,CE,Federal Contract Tower,0,4,4,0,8,0,4,8,0,12,0,8,12,0,20,0,0,0,20
05/15/2013,HOB,NM,ASW,CE,Federal Contract Tower,0,2,7,0,9,0,3,8,0,11,0,5,15,0,20,0,0,0,20
05/16/2013,HOB,NM,ASW,CE,Federal Contract Tower,0,6,5,0,11,0,5,16,0,21,0,11,21,0,32,0,0,0,32
05/17/2013,HOB,NM,ASW,CE,Federal Contract Tower,0,6,2,0,8,0,4,14,0,18,0,10,16,0,26,0,0,0,26
05/18/2013,HOB,NM,ASW,CE,Federal Contract Tower,0,1,7,0,8,0,2,12,0,14,0,3,19,0,22,0,0,0,22
05/19/2013,HOB,NM,ASW,CE,Federal Contract Tower,0,3,2,0,5,0,2,6,0,8,0,5,8,0,13,0,0,0,13
05/20/2013,HOB,NM,ASW,CE,Federal Contract Tower,0,5,5,0,10,0,4,9,0,13,0,9,14,0,23,0,0,0,23
05/21/2013,HOB,NM,ASW,CE,Federal Contract Tower,0,1,3,0,4,0,6,6,0,12,0,7,9,0,16,0,0,0,16
05/22/2013,HOB,NM,ASW,CE,Federal Contract Tower,0,4,5,0,9,0,3,7,0,10,0,7,12,0,19,0,0,0,19
05/23/2013,HOB,NM,ASW,CE,Federal Contract Tower,0,4,3,0,7,0,5,12,0,17,0,9,15,0,24,0,0,0,24
05/24/2013,HOB,NM,ASW,CE,Federal Contract Tower,0,4,3,0,7,0,2,5,0,7,0,6,8,0,14,0,0,0,14
05/25/2013,HOB,NM,ASW,CE,Federal Contract Tower,0,1,0,0,1,0,2,2,0,4,0,3,2,0,5,0,0,0,5
05/26/2013,HOB,NM,ASW,CE,Federal Contract Tower,0,3,1,0,4,0,2,6,0,8,0,5,7,0,12,0,0,0,12
05/27/2013,HOB,NM,ASW,CE,Federal Contract Tower,0,3,2,0,5,0,0,8,0,8,0,3,10,0,13,0,0,0,13
05/28/2013,HOB,NM,ASW,CE,Federal Contract Tower,0,5,9,0,14,0,8,4,0,12,0,13,13,0,26,0,0,0,26
05/29/2013,HOB,NM,ASW,CE,Federal Contract Tower,0,1,5,0,6,0,4,6,0,10,0,5,11,0,16,0,0,0,16
05/30/2013,HOB,NM,ASW,CE,Federal Contract Tower,0,4,5,0,9,0,3,12,0,15,0,7,17,0,24,0,0,0,24
05/31/2013,HOB,NM,ASW,CE,Federal Contract Tower,0,3,3,0,6,0,5,8,0,13,0,8,11,0,19,0,0,0,19
06/01/2013,HOB,NM,ASW,CE,Federal Contract Tower,0,1,1,0,2,0,0,5,0,5,0,1,6,0,7,0,0,0,7
06/02/2013,HOB,NM,ASW,CE,Federal Contract Tower,0,3,0,0,3,0,0,2,0,2,0,3,2,0,5,0,0,0,5
06/03/2013,HOB,NM,ASW,CE,Federal Contract Tower,0,5,5,0,10,0,5,11,0,16,0,10,16,0,26,4,0,4,30
06/04/2013,HOB,NM,ASW,CE,Federal Contract Tower,0,2,0,0,2,0,3,8,0,11,0,5,8,0,13,0,0,0,13
06/05/2013,HOB,NM,ASW,CE,Federal Contract Tower,0,1,12,0,13,0,4,9,0,13,0,5,21,0,26,0,0,0,26
06/06/2013,HOB,NM,ASW,CE,Federal Contract Tower,0,5,8,0,13,0,2,10,0,12,0,7,18,0,25,0,0,0,25
06/07/2013,HOB,NM,ASW,CE,Federal Contract Tower,0,3,5,0,8,0,2,17,4,23,0,5,22,4,31,0,10,10,41
06/08/2013,HOB,NM,ASW,CE,Federal Contract Tower,0,1,1,0,2,0,4,33,0,37,0,5,34,0,39,0,0,0,39
06/09/2013,HOB,NM,ASW,CE,Federal Contract Tower,0,3,1,0,4,0,0,25,0,25,0,3,26,0,29,0,0,0,29
06/10/2013,HOB,NM,ASW,CE,Federal Contract Tower,0,5,2,0,7,0,2,20,0,22,0,7,22,0,29,0,0,0,29
06/11/2013,HOB,NM,ASW,CE,Federal Contract Tower,0,4,4,0,8,0,3,10,0,13,0,7,14,0,21,0,0,0,21
06/12/2013,HOB,NM,ASW,CE,Federal Contract Tower,0,5,8,0,13,0,2,23,0,25,0,7,31,0,38,2,0,2,40
06/13/2013,HOB,NM,ASW,CE,Federal Contract Tower,0,7,5,0,12,0,3,17,0,20,0,10,22,0,32,10,0,10,42
06/14/2013,HOB,NM,ASW,CE,Federal Contract Tower,0,5,4,0,9,0,1,9,0,10,0,6,13,0,19,2,0,2,21
06/15/2013,HOB,NM,ASW,CE,Federal Contract Tower,0,3,0,0,3,0,2,23,0,25,0,5,23,0,28,0,0,0,28
06/16/2013,HOB,NM,ASW,CE,Federal Contract Tower,0,4,3,0,7,0,0,24,0,24,0,4,27,0,31,0,0,0,31
06/17/2013,HOB,NM,ASW,CE,Federal Contract Tower,0,7,4,0,11,0,4,22,0,26,0,11,26,0,37,0,0,0,37
06/18/2013,HOB,NM,ASW,CE,Federal Contract Tower,0,7,8,0,15,0,3,10,0,13,0,10,18,0,28,0,0,0,28
06/19/2013,HOB,NM,ASW,CE,Federal Contract Tower,0,5,8,0,13,0,2,22,0,24,0,7,30,0,37,14,0,14,51
06/20/2013,HOB,NM,ASW,CE,Federal Contract Tower,0,5,5,0,10,0,3,25,0,28,0,8,30,0,38,10,0,10,48
06/21/2013,HOB,NM,ASW,CE,Federal Contract Tower,0,4,5,0,9,0,5,13,0,18,0,9,18,0,27,0,0,0,27
06/22/2013,HOB,NM,ASW,CE,Federal Contract Tower,0,1,0,0,1,0,2,61,0,63,0,3,61,0,64,18,0,18,82
06/23/2013,HOB,NM,ASW,CE,Federal Contract Tower,0,3,3,0,6,0,0,20,0,20,0,3,23,0,26,0,0,0,26
06/24/2013,HOB,NM,ASW,CE,Federal Contract Tower,0,4,3,0,7,0,3,16,0,19,0,7,19,0,26,4,0,4,30
06/25/2013,HOB,NM,ASW,CE,Federal Contract Tower,0,3,9,0,12,0,4,6,0,10,0,7,15,0,22,22,0,22,44
06/26/2013,HOB,NM,ASW,CE,Federal Contract Tower,0,3,7,0,10,0,4,20,0,24,0,7,27,0,34,0,0,0,34
06/27/2013,HOB,NM,ASW,CE,Federal Contract Tower,0,4,6,0,10,0,3,19,0,22,0,7,25,0,32,0,0,0,32
06/28/2013,HOB,NM,ASW,CE,Federal Contract Tower,0,6,3,0,9,0,2,10,0,12,0,8,13,0,21,0,0,0,21
06/29/2013,HOB,NM,ASW,CE,Federal Contract Tower,0,5,2,0,7,0,2,22,0,24,0,7,24,0,31,0,0,0,31
06/30/2013,HOB,NM,ASW,CE,Federal Contract Tower,0,4,5,0,9,0,2,17,0,19,0,6,22,0,28,0,0,0,28
07/01/2013,HOB,NM,ASW,CE,Federal Contract Tower,0,6,4,0,10,0,3,8,0,11,0,9,12,0,21,0,0,0,21
07/02/2013,HOB,NM,ASW,CE,Federal Contract Tower,0,4,3,0,7,0,5,6,0,11,0,9,9,0,18,4,0,4,22
07/03/2013,HOB,NM,ASW,CE,Federal Contract Tower,0,4,6,0,10,0,4,19,0,23,0,8,25,0,33,0,0,0,33
07/04/2013,HOB,NM,ASW,CE,Federal Contract Tower,0,1,1,0,2,0,2,6,0,8,0,3,7,0,10,0,0,0,10
07/05/2013,HOB,NM,ASW,CE,Federal Contract Tower,0,1,1,0,2,0,3,4,0,7,0,4,5,0,9,0,0,0,9
07/06/2013,HOB,NM,ASW,CE,Federal Contract Tower,0,1,1,0,2,0,0,6,0,6,0,1,7,0,8,0,0,0,8
07/07/2013,HOB,NM,ASW,CE,Federal Contract Tower,0,2,6,0,8,0,0,20,0,20,0,2,26,0,28,0,0,0,28
07/08/2013,HOB,NM,ASW,CE,Federal Contract Tower,0,3,7,0,10,0,6,8,0,14,0,9,15,0,24,0,0,0,24
07/09/2013,HOB,NM,ASW,CE,Federal Contract Tower,0,4,1,0,5,0,3,17,0,20,0,7,18,0,25,0,0,0,25
07/10/2013,HOB,NM,ASW,CE,Federal Contract Tower,0,3,6,0,9,0,4,12,0,16,0,7,18,0,25,0,0,0,25
07/11/2013,HOB,NM,ASW,CE,Federal Contract Tower,0,3,4,0,7,0,4,14,0,18,0,7,18,0,25,0,0,0,25
07/12/2013,HOB,NM,ASW,CE,Federal Contract Tower,0,3,0,0,3,0,5,13,0,18,0,8,13,0,21,0,0,0,21
07/13/2013,HOB,NM,ASW,CE,Federal Contract Tower,0,1,2,0,3,0,0,12,0,12,0,1,14,0,15,6,0,6,21
07/14/2013,HOB,NM,ASW,CE,Federal Contract Tower,0,3,3,0,6,0,7,22,0,29,0,10,25,0,35,0,0,0,35
07/15/2013,HOB,NM,ASW,CE,Federal Contract Tower,0,5,1,0,6,0,3,0,0,3,0,8,1,0,9,0,0,0,9
07/16/2013,HOB,NM,ASW,CE,Federal Contract Tower,0,6,4,0,10,0,3,5,0,8,0,9,9,0,18,0,0,0,18
07/17/2013,HOB,NM,ASW,CE,Federal Contract Tower,0,7,2,0,9,0,1,0,0,1,0,8,2,0,10,0,0,0,10
07/18/2013,HOB,NM,ASW,CE,Federal Contract Tower,0,7,8,0,15,0,0,4,0,4,0,7,12,0,19,0,0,0,19
07/19/2013,HOB,NM,ASW,CE,Federal Contract Tower,0,7,4,0,11,0,3,12,0,15,0,10,16,0,26,10,0,10,36
07/20/2013,HOB,NM,ASW,CE,Federal Contract Tower,0,1,2,0,3,0,1,12,0,13,0,2,14,0,16,0,0,0,16
07/21/2013,HOB,NM,ASW,CE,Federal Contract Tower,0,3,1,0,4,0,7,12,0,19,0,10,13,0,23,2,0,2,25
07/22/2013,HOB,NM,ASW,CE,Federal Contract Tower,0,6,3,0,9,0,5,12,0,17,0,11,15,0,26,0,0,0,26
07/23/2013,HOB,NM,ASW,CE,Federal Contract Tower,0,5,10,0,15,0,4,21,0,25,0,9,31,0,40,0,0,0,40
07/24/2013,HOB,NM,ASW,CE,Federal Contract Tower,0,4,5,0,9,0,4,18,0,22,0,8,23,0,31,0,0,0,31
07/25/2013,HOB,NM,ASW,CE,Federal Contract Tower,0,5,2,0,7,0,6,13,0,19,0,11,15,0,26,0,0,0,26
07/26/2013,HOB,NM,ASW,CE,Federal Contract Tower,0,3,5,0,8,0,7,20,0,27,0,10,25,0,35,0,0,0,35
07/27/2013,HOB,NM,ASW,CE,Federal Contract Tower,0,1,0,2,3,0,0,15,0,15,0,1,15,2,18,0,0,0,18
07/28/2013,HOB,NM,ASW,CE,Federal Contract Tower,0,3,3,0,6,0,0,11,0,11,0,3,14,0,17,0,0,0,17
07/29/2013,HOB,NM,ASW,CE,Federal Contract Tower,0,3,5,0,8,0,4,13,0,17,0,7,18,0,25,0,0,0,25
07/30/2013,HOB,NM,ASW,CE,Federal Contract Tower,0,3,5,0,8,0,3,10,1,14,0,6,15,1,22,0,8,8,30
07/31/2013,HOB,NM,ASW,CE,Federal Contract Tower,0,3,6,0,9,0,9,17,0,26,0,12,23,0,35,0,0,0,35
08/01/2013,HOB,NM,ASW,CE,Federal Contract Tower,0,5,0,0,5,0,4,14,0,18,0,9,14,0,23,0,0,0,23
08/02/2013,HOB,NM,ASW,CE,Federal Contract Tower,0,3,5,0,8,0,3,4,0,7,0,6,9,0,15,0,0,0,15
08/03/2013,HOB,NM,ASW,CE,Federal Contract Tower,0,1,0,0,1,0,0,11,0,11,0,1,11,0,12,2,0,2,14
08/04/2013,HOB,NM,ASW,CE,Federal Contract Tower,0,3,1,0,4,0,2,6,0,8,0,5,7,0,12,0,0,0,12
08/05/2013,HOB,NM,ASW,CE,Federal Contract Tower,0,4,2,2,8,0,5,10,0,15,0,9,12,2,23,0,0,0,23
08/06/2013,HOB,NM,ASW,CE,Federal Contract Tower,0,5,3,0,8,0,4,6,0,10,0,9,9,0,18,0,0,0,18
08/07/2013,HOB,NM,ASW,CE,Federal Contract Tower,0,3,8,0,11,0,5,15,0,20,0,8,23,0,31,0,0,0,31
08/08/2013,HOB,NM,ASW,CE,Federal Contract Tower,0,3,4,0,7,0,4,23,0,27,0,7,27,0,34,12,0,12,46
08/09/2013,HOB,NM,ASW,CE,Federal Contract Tower,0,3,0,0,3,0,5,10,0,15,0,8,10,0,18,0,0,0,18
08/10/2013,HOB,NM,ASW,CE,Federal Contract Tower,0,1,2,0,3,0,2,9,0,11,0,3,11,0,14,0,0,0,14
08/11/2013,HOB,NM,ASW,CE,Federal Contract Tower,0,3,0,0,3,0,0,3,0,3,0,3,3,0,6,0,0,0,6
08/12/2013,HOB,NM,ASW,CE,Federal Contract Tower,0,3,0,0,3,0,4,14,0,18,0,7,14,0,21,10,0,10,31
08/13/2013,HOB,NM,ASW,CE,Federal Contract Tower,0,1,0,2,3,0,4,7,2,13,0,5,7,4,16,2,2,4,20
08/14/2013,HOB,NM,ASW,CE,Federal Contract Tower,0,5,4,0,9,0,5,9,0,14,0,10,13,0,23,0,0,0,23
08/15/2013,HOB,NM,ASW,CE,Federal Contract Tower,0,4,4,0,8,0,6,16,0,22,0,10,20,0,30,10,0,10,40
08/16/2013,HOB,NM,ASW,CE,Federal Contract Tower,0,2,2,0,4,0,7,8,0,15,0,9,10,0,19,4,0,4,23
08/17/2013,HOB,NM,ASW,CE,Federal Contract Tower,0,1,0,0,1,0,2,5,0,7,0,3,5,0,8,0,0,0,8
08/18/2013,HOB,NM,ASW,CE,Federal Contract Tower,0,3,2,0,5,0,0,5,0,5,0,3,7,0,10,0,0,0,10
08/19/2013,HOB,NM,ASW,CE,Federal Contract Tower,0,3,1,0,4,0,6,6,0,12,0,9,7,0,16,0,0,0,16
08/20/2013,HOB,NM,ASW,CE,Federal Contract Tower,0,1,7,4,12,0,6,7,0,13,0,7,14,4,25,16,0,16,41
08/21/2013,HOB,NM,ASW,CE,Federal Contract Tower,0,1,5,0,6,0,6,11,0,17,0,7,16,0,23,28,0,28,51
08/22/2013,HOB,NM,ASW,CE,Federal Contract Tower,0,3,6,0,9,0,8,15,0,23,0,11,21,0,32,0,0,0,32
08/23/2013,HOB,NM,ASW,CE,Federal Contract Tower,0,3,2,0,5,0,3,26,0,29,0,6,28,0,34,0,0,0,34
08/24/2013,HOB,NM,ASW,CE,Federal Contract Tower,0,1,2,0,3,0,4,11,0,15,0,5,13,0,18,6,0,6,24
08/25/2013,HOB,NM,ASW,CE,Federal Contract Tower,0,3,1,0,4,0,2,18,0,20,0,5,19,0,24,0,0,0,24
08/26/2013,HOB,NM,ASW,CE,Federal Contract Tower,0,3,4,0,7,0,4,9,0,13,0,7,13,0,20,0,0,0,20
08/27/2013,HOB,NM,ASW,CE,Federal Contract Tower,0,1,3,0,4,0,6,9,0,15,0,7,12,0,19,0,0,0,19
08/28/2013,HOB,NM,ASW,CE,Federal Contract Tower,0,1,7,0,8,0,4,15,0,19,0,5,22,0,27,0,0,0,27
08/29/2013,HOB,NM,ASW,CE,Federal Contract Tower,0,3,5,0,8,0,4,15,0,19,0,7,20,0,27,0,0,0,27
08/30/2013,HOB,NM,ASW,CE,Federal Contract Tower,0,3,4,0,7,0,7,10,0,17,0,10,14,0,24,0,0,0,24
08/31/2013,HOB,NM,ASW,CE,Federal Contract Tower,0,1,0,0,1,0,0,18,0,18,0,1,18,0,19,0,0,0,19
09/01/2013,HOB,NM,ASW,CE,Federal Contract Tower,0,3,2,0,5,0,0,9,0,9,0,3,11,0,14,2,0,2,16
09/02/2013,HOB,NM,ASW,CE,Federal Contract Tower,0,3,2,0,5,0,4,8,0,12,0,7,10,0,17,0,0,0,17
09/03/2013,HOB,NM,ASW,CE,Federal Contract Tower,0,3,4,0,7,0,6,11,0,17,0,9,15,0,24,0,0,0,24
09/04/2013,HOB,NM,ASW,CE,Federal Contract Tower,0,1,2,0,3,0,4,9,0,13,0,5,11,0,16,0,0,0,16
09/05/2013,HOB,NM,ASW,CE,Federal Contract Tower,0,5,1,0,6,0,4,15,0,19,0,9,16,0,25,0,0,0,25
09/06/2013,HOB,NM,ASW,CE,Federal Contract Tower,0,4,4,0,8,0,4,13,0,17,0,8,17,0,25,0,0,0,25
09/07/2013,HOB,NM,ASW,CE,Federal Contract Tower,0,2,1,0,3,0,0,25,0,25,0,2,26,0,28,0,0,0,28
09/08/2013,HOB,NM,ASW,CE,Federal Contract Tower,0,3,8,0,11,0,0,7,0,7,0,3,15,0,18,0,0,0,18
09/09/2013,HOB,NM,ASW,CE,Federal Contract Tower,0,5,4,0,9,0,2,7,0,9,0,7,11,0,18,0,0,0,18
09/10/2013,HOB,NM,ASW,CE,Federal Contract Tower,0,4,5,0,9,0,2,12,0,14,0,6,17,0,23,12,0,12,35
09/11/2013,HOB,NM,ASW,CE,Federal Contract Tower,0,3,6,0,9,0,3,11,0,14,0,6,17,0,23,0,0,0,23
09/12/2013,HOB,NM,ASW,CE,Federal Contract Tower,0,5,10,0,15,0,4,11,0,15,0,9,21,0,30,14,0,14,44
09/13/2013,HOB,NM,ASW,CE,Federal Contract Tower,0,4,2,0,6,0,2,9,0,11,0,6,11,0,17,0,0,0,17
09/14/2013,HOB,NM,ASW,CE,Federal Contract Tower,0,1,4,0,5,0,0,4,0,4,0,1,8,0,9,0,0,0,9
09/15/2013,HOB,NM,ASW,CE,Federal Contract Tower,0,4,2,0,6,0,0,10,0,10,0,4,12,0,16,0,0,0,16
09/16/2013,HOB,NM,ASW,CE,Federal Contract Tower,0,5,2,0,7,0,4,10,0,14,0,9,12,0,21,0,0,0,21
09/17/2013,HOB,NM,ASW,CE,Federal Contract Tower,0,5,3,0,8,0,2,11,0,13,0,7,14,0,21,0,0,0,21
09/18/2013,HOB,NM,ASW,CE,Federal Contract Tower,0,3,4,0,7,0,2,17,2,21,0,5,21,2,28,0,0,0,28
09/19/2013,HOB,NM,ASW,CE,Federal Contract Tower,0,7,6,0,13,0,0,4,0,4,0,7,10,0,17,0,0,0,17
09/20/2013,HOB,NM,ASW,CE,Federal Contract Tower,0,7,6,0,13,0,0,2,0,2,0,7,8,0,15,0,0,0,15
09/21/2013,HOB,NM,ASW,CE,Federal Contract Tower,0,3,3,0,6,0,0,0,0,0,0,3,3,0,6,0,0,0,6
09/22/2013,HOB,NM,ASW,CE,Federal Contract Tower,0,5,1,0,6,0,0,3,0,3,0,5,4,0,9,0,0,0,9
09/23/2013,HOB,NM,ASW,CE,Federal Contract Tower,0,3,2,0,5,0,6,13,0,19,0,9,15,0,24,0,0,0,24
09/24/2013,HOB,NM,ASW,CE,Federal Contract Tower,0,1,7,0,8,0,6,17,0,23,0,7,24,0,31,16,0,16,47
09/25/2013,HOB,NM,ASW,CE,Federal Contract Tower,0,1,9,0,10,0,5,26,0,31,0,6,35,0,41,0,0,0,41
09/26/2013,HOB,NM,ASW,CE,Federal Contract Tower,0,3,2,0,5,0,7,25,0,32,0,10,27,0,37,6,0,6,43
09/27/2013,HOB,NM,ASW,CE,Federal Contract Tower,0,4,3,0,7,0,4,16,0,20,0,8,19,0,27,0,0,0,27
09/28/2013,HOB,NM,ASW,CE,Federal Contract Tower,0,1,3,0,4,0,0,25,0,25,0,1,28,0,29,4,0,4,33
09/29/2013,HOB,NM,ASW,CE,Federal Contract Tower,0,3,5,0,8,0,0,22,0,22,0,3,27,0,30,14,0,14,44
09/30/2013,HOB,NM,ASW,CE,Federal Contract Tower,0,3,7,0,10,0,5,21,0,26,0,8,28,0,36,0,0,0,36
10/01/2013,HOB,NM,ASW,CE,Federal Contract Tower,0,1,4,0,5,0,6,15,0,21,0,7,19,0,26,0,0,0,26
10/02/2013,HOB,NM,ASW,CE,Federal Contract Tower,0,1,7,1,9,0,7,18,1,26,0,8,25,2,35,0,0,0,35
10/03/2013,HOB,NM,ASW,CE,Federal Contract Tower,0,3,4,0,7,0,6,9,0,15,0,9,13,0,22,0,0,0,22
10/04/2013,HOB,NM,ASW,CE,Federal Contract Tower,0,3,4,0,7,0,3,17,0,20,0,6,21,0,27,0,0,0,27
10/05/2013,HOB,NM,ASW,CE,Federal Contract Tower,0,1,2,0,3,0,1,9,0,10,0,2,11,0,13,0,0,0,13
10/06/2013,HOB,NM,ASW,CE,Federal Contract Tower,0,3,1,0,4,0,0,14,0,14,0,3,15,0,18,4,0,4,22
10/07/2013,HOB,NM,ASW,CE,Federal Contract Tower,0,2,3,0,5,0,5,15,0,20,0,7,18,0,25,6,0,6,31
10/08/2013,HOB,NM,ASW,CE,Federal Contract Tower,0,1,5,0,6,0,4,15,0,19,0,5,20,0,25,0,0,0,25
10/09/2013,HOB,NM,ASW,CE,Federal Contract Tower,0,1,6,0,7,0,6,13,0,19,0,7,19,0,26,0,0,0,26
10/10/2013,HOB,NM,ASW,CE,Federal Contract Tower,0,3,0,0,3,0,6,18,0,24,0,9,18,0,27,0,0,0,27
10/11/2013,HOB,NM,ASW,CE,Federal Contract Tower,0,2,0,0,2,0,7,19,0,26,0,9,19,0,28,4,0,4,32
10/12/2013,HOB,NM,ASW,CE,Federal Contract Tower,0,1,1,0,2,0,2,18,0,20,0,3,19,0,22,6,0,6,28
10/13/2013,HOB,NM,ASW,CE,Federal Contract Tower,0,3,7,0,10,0,0,1,0,1,0,3,8,0,11,0,0,0,11
10/14/2013,HOB,NM,ASW,CE,Federal Contract Tower,0,18,4,0,22,0,3,10,0,13,0,21,14,0,35,6,0,6,41
10/15/2013,HOB,NM,ASW,CE,Federal Contract Tower,0,4,8,0,12,0,2,8,0,10,0,6,16,0,22,0,0,0,22
10/16/2013,HOB,NM,ASW,CE,Federal Contract Tower,0,5,10,0,15,0,3,16,0,19,0,8,26,0,34,0,0,0,34
10/17/2013,HOB,NM,ASW,CE,Federal Contract Tower,0,5,6,0,11,0,7,1,0,8,0,12,7,0,19,8,0,8,27
10/18/2013,HOB,NM,ASW,CE,Federal Contract Tower,0,4,1,0,5,0,2,5,0,7,0,6,6,0,12,0,0,0,12
10/19/2013,HOB,NM,ASW,CE,Federal Contract Tower,0,1,0,0,1,0,2,16,0,18,0,3,16,0,19,0,0,0,19
10/20/2013,HOB,NM,ASW,CE,Federal Contract Tower,0,3,0,0,3,0,0,13,0,13,0,3,13,0,16,0,0,0,16
10/21/2013,HOB,NM,ASW,CE,Federal Contract Tower,0,3,5,0,8,0,4,15,0,19,0,7,20,0,27,0,0,0,27
10/22/2013,HOB,NM,ASW,CE,Federal Contract Tower,0,2,7,0,9,0,5,45,0,50,0,7,52,0,59,4,0,4,63
10/23/2013,HOB,NM,ASW,CE,Federal Contract Tower,0,1,3,0,4,0,6,17,0,23,0,7,20,0,27,0,0,0,27
10/24/2013,HOB,NM,ASW,CE,Federal Contract Tower,0,3,9,0,12,0,4,19,4,27,0,7,28,4,39,0,0,0,39
10/25/2013,HOB,NM,ASW,CE,Federal Contract Tower,0,5,13,0,18,0,7,7,0,14,0,12,20,0,32,0,0,0,32
10/26/2013,HOB,NM,ASW,CE,Federal Contract Tower,0,1,6,0,7,0,1,24,0,25,0,2,30,0,32,0,0,0,32
10/27/2013,HOB,NM,ASW,CE,Federal Contract Tower,0,4,5,0,9,0,2,9,0,11,0,6,14,0,20,0,0,0,20
10/28/2013,HOB,NM,ASW,CE,Federal Contract Tower,0,3,12,0,15,0,4,12,0,16,0,7,24,0,31,0,0,0,31
10/29/2013,HOB,NM,ASW,CE,Federal Contract Tower,0,3,8,0,11,0,3,4,0,7,0,6,12,0,18,0,0,0,18
10/30/2013,HOB,NM,ASW,CE,Federal Contract Tower,0,1,8,0,9,0,4,7,0,11,0,5,15,0,20,0,0,0,20
10/31/2013,HOB,NM,ASW,CE,Federal Contract Tower,0,5,4,0,9,0,5,27,0,32,0,10,31,0,41,0,0,0,41
11/01/2013,HOB,NM,ASW,CE,Federal Contract Tower,0,3,7,6,16,0,6,6,0,12,0,9,13,6,28,0,0,0,28
11/02/2013,HOB,NM,ASW,CE,Federal Contract Tower,0,0,4,0,4,0,2,15,0,17,0,2,19,0,21,0,0,0,21
11/03/2013,HOB,NM,ASW,CE,Federal Contract Tower,0,5,3,0,8,0,0,6,0,6,0,5,9,0,14,0,0,0,14
11/04/2013,HOB,NM,ASW,CE,Federal Contract Tower,0,4,7,0,11,0,5,15,0,20,0,9,22,0,31,8,0,8,39
11/05/2013,HOB,NM,ASW,CE,Federal Contract Tower,0,2,4,0,6,0,5,3,0,8,0,7,7,0,14,0,0,0,14
11/06/2013,HOB,NM,ASW,CE,Federal Contract Tower,0,1,11,0,12,0,6,18,0,24,0,7,29,0,36,0,0,0,36
11/07/2013,HOB,NM,ASW,CE,Federal Contract Tower,0,3,7,0,10,0,6,12,0,18,0,9,19,0,28,0,0,0,28
11/08/2013,HOB,NM,ASW,CE,Federal Contract Tower,0,4,8,0,12,0,2,11,0,13,0,6,19,0,25,0,0,0,25
11/09/2013,HOB,NM,ASW,CE,Federal Contract Tower,0,1,2,0,3,0,2,22,0,24,0,3,24,0,27,8,0,8,35
11/10/2013,HOB,NM,ASW,CE,Federal Contract Tower,0,3,4,0,7,0,1,19,0,20,0,4,23,0,27,0,0,0,27
11/11/2013,HOB,NM,ASW,CE,Federal Contract Tower,0,3,9,0,12,0,2,21,0,23,0,5,30,0,35,0,0,0,35
11/12/2013,HOB,NM,ASW,CE,Federal Contract Tower,0,4,5,0,9,0,3,4,0,7,0,7,9,0,16,0,0,0,16
11/13/2013,HOB,NM,ASW,CE,Federal Contract Tower,0,1,8,0,9,0,6,20,0,26,0,7,28,0,35,0,0,0,35
11/14/2013,HOB,NM,ASW,CE,Federal Contract Tower,0,5,3,0,8,0,3,26,0,29,0,8,29,0,37,0,0,0,37
11/15/2013,HOB,NM,ASW,CE,Federal Contract Tower,0,4,6,0,10,0,3,12,0,15,0,7,18,0,25,0,0,0,25
11/16/2013,HOB,NM,ASW,CE,Federal Contract Tower,0,2,1,0,3,0,0,7,0,7,0,2,8,0,10,0,0,0,10
11/17/2013,HOB,NM,ASW,CE,Federal Contract Tower,0,4,2,0,6,0,6,8,0,14,0,10,10,0,20,0,0,0,20
11/18/2013,HOB,NM,ASW,CE,Federal Contract Tower,0,4,4,0,8,0,5,8,0,13,0,9,12,0,21,0,0,0,21
11/19/2013,HOB,NM,ASW,CE,Federal Contract Tower,0,2,3,0,5,0,5,7,0,12,0,7,10,0,17,0,0,0,17
11/20/2013,HOB,NM,ASW,CE,Federal Contract Tower,0,2,6,0,8,0,5,26,0,31,0,7,32,0,39,10,0,10,49
11/21/2013,HOB,NM,ASW,CE,Federal Contract Tower,0,4,3,0,7,0,4,9,2,15,0,8,12,2,22,0,0,0,22
11/22/2013,HOB,NM,ASW,CE,Federal Contract Tower,0,3,0,0,3,0,0,0,0,0,0,3,0,0,3,0,0,0,3
11/23/2013,HOB,NM,ASW,CE,Federal Contract Tower,0,0,1,0,1,0,0,0,0,0,0,0,1,0,1,0,0,0,1
11/24/2013,HOB,NM,ASW,CE,Federal Contract Tower,0,1,5,0,6,0,0,0,0,0,0,1,5,0,6,0,0,0,6
11/25/2013,HOB,NM,ASW,CE,Federal Contract Tower,0,5,6,0,11,0,2,2,0,4,0,7,8,0,15,0,0,0,15
11/26/2013,HOB,NM,ASW,CE,Federal Contract Tower,0,1,6,0,7,0,9,13,0,22,0,10,19,0,29,0,0,0,29
11/27/2013,HOB,NM,ASW,CE,Federal Contract Tower,0,3,4,0,7,0,6,17,0,23,0,9,21,0,30,0,0,0,30
11/28/2013,HOB,NM,ASW,CE,Federal Contract Tower,0,3,2,0,5,0,0,8,0,8,0,3,10,0,13,10,0,10,23
11/29/2013,HOB,NM,ASW,CE,Federal Contract Tower,0,2,1,0,3,0,3,5,0,8,0,5,6,0,11,0,0,0,11
11/30/2013,HOB,NM,ASW,CE,Federal Contract Tower,0,1,0,0,1,0,0,17,0,17,0,1,17,0,18,0,0,0,18
12/01/2013,HOB,NM,ASW,CE,Federal Contract Tower,0,3,5,0,8,0,0,10,0,10,0,3,15,0,18,8,0,8,26
12/02/2013,HOB,NM,ASW,CE,Federal Contract Tower,0,3,3,0,6,0,4,16,0,20,0,7,19,0,26,2,0,2,28
12/03/2013,HOB,NM,ASW,CE,Federal Contract Tower,0,1,7,2,10,0,4,16,0,20,0,5,23,2,30,4,0,4,34
12/04/2013,HOB,NM,ASW,CE,Federal Contract Tower,0,1,6,0,7,0,4,22,0,26,0,5,28,0,33,0,0,0,33
12/05/2013,HOB,NM,ASW,CE,Federal Contract Tower,0,1,2,0,3,0,0,0,0,0,0,1,2,0,3,0,0,0,3
12/06/2013,HOB,NM,ASW,CE,Federal Contract Tower,0,5,3,0,8,0,0,1,0,1,0,5,4,0,9,0,0,0,9
12/07/2013,HOB,NM,ASW,CE,Federal Contract Tower,0,1,1,0,2,0,0,0,0,0,0,1,1,0,2,0,0,0,2
12/08/2013,HOB,NM,ASW,CE,Federal Contract Tower,0,3,3,0,6,0,0,5,0,5,0,3,8,0,11,2,0,2,13
12/09/2013,HOB,NM,ASW,CE,Federal Contract Tower,0,2,1,0,3,0,0,0,0,0,0,2,1,0,3,0,0,0,3
12/10/2013,HOB,NM,ASW,CE,Federal Contract Tower,0,1,3,0,4,0,4,14,0,18,0,5,17,0,22,4,0,4,26
12/11/2013,HOB,NM,ASW,CE,Federal Contract Tower,0,1,2,0,3,0,6,16,0,22,0,7,18,0,25,0,0,0,25
12/12/2013,HOB,NM,ASW,CE,Federal Contract Tower,0,3,4,0,7,0,6,3,0,9,0,9,7,0,16,0,0,0,16
12/13/2013,HOB,NM,ASW,CE,Federal Contract Tower,0,4,7,0,11,0,6,11,0,17,0,10,18,0,28,0,0,0,28
12/14/2013,HOB,NM,ASW,CE,Federal Contract Tower,0,1,3,0,4,0,0,6,0,6,0,1,9,0,10,0,0,0,10
12/15/2013,HOB,NM,ASW,CE,Federal Contract Tower,0,3,1,0,4,0,2,2,0,4,0,5,3,0,8,16,0,16,24
12/16/2013,HOB,NM,ASW,CE,Federal Contract Tower,0,3,5,0,8,0,4,9,0,13,0,7,14,0,21,0,0,0,21
12/17/2013,HOB,NM,ASW,CE,Federal Contract Tower,0,3,11,0,14,0,8,9,0,17,0,11,20,0,31,2,0,2,33
12/18/2013,HOB,NM,ASW,CE,Federal Contract Tower,0,1,10,0,11,0,6,14,0,20,0,7,24,0,31,0,0,0,31
12/19/2013,HOB,NM,ASW,CE,Federal Contract Tower,0,3,3,0,6,0,6,15,0,21,0,9,18,0,27,4,0,4,31
12/20/2013,HOB,NM,ASW,CE,Federal Contract Tower,0,9,4,0,13,0,5,5,0,10,0,14,9,0,23,0,0,0,23
12/21/2013,HOB,NM,ASW,CE,Federal Contract Tower,0,4,2,0,6,0,1,2,0,3,0,5,4,0,9,0,0,0,9
12/22/2013,HOB,NM,ASW,CE,Federal Contract Tower,0,7,3,0,10,0,2,3,0,5,0,9,6,0,15,0,0,0,15
12/23/2013,HOB,NM,ASW,CE,Federal Contract Tower,0,5,0,2,7,0,5,18,0,23,0,10,18,2,30,15,6,21,51
12/24/2013,HOB,NM,ASW,CE,Federal Contract Tower,0,5,1,0,6,0,10,8,0,18,0,15,9,0,24,0,0,0,24
12/25/2013,HOB,NM,ASW,CE,Federal Contract Tower,0,1,0,0,1,0,2,2,0,4,0,3,2,0,5,0,0,0,5
12/26/2013,HOB,NM,ASW,CE,Federal Contract Tower,0,3,3,0,6,0,12,18,0,30,0,15,21,0,36,12,0,12,48
12/27/2013,HOB,NM,ASW,CE,Federal Contract Tower,0,3,1,4,8,0,3,12,0,15,0,6,13,4,23,0,0,0,23
12/28/2013,HOB,NM,ASW,CE,Federal Contract Tower,0,1,1,0,2,0,0,12,0,12,0,1,13,0,14,14,0,14,28
12/29/2013,HOB,NM,ASW,CE,Federal Contract Tower,0,5,2,0,7,0,0,0,0,0,0,5,2,0,7,0,0,0,7
12/30/2013,HOB,NM,ASW,CE,Federal Contract Tower,0,3,5,0,8,0,4,14,0,18,0,7,19,0,26,0,0,0,26
12/31/2013,HOB,NM,ASW,CE,Federal Contract Tower,0,3,5,0,8,0,4,10,0,14,0,7,15,0,22,12,0,12,34
01/01/2014,HOB,NM,ASW,CE,Federal Contract Tower,0,2,2,0,4,0,0,12,0,12,0,2,14,0,16,6,0,6,22
01/02/2014,HOB,NM,ASW,CE,Federal Contract Tower,0,2,4,0,6,0,6,10,0,16,0,8,14,0,22,2,0,2,24
01/03/2014,HOB,NM,ASW,CE,Federal Contract Tower,0,3,9,0,12,0,5,12,0,17,0,8,21,0,29,0,0,0,29
01/04/2014,HOB,NM,ASW,CE,Federal Contract Tower,0,0,0,0,0,0,0,6,0,6,0,0,6,0,6,2,0,2,8
01/05/2014,HOB,NM,ASW,CE,Federal Contract Tower,0,3,0,0,3,0,0,2,0,2,0,3,2,0,5,10,0,10,15
01/06/2014,HOB,NM,ASW,CE,Federal Contract Tower,0,3,6,0,9,0,4,11,0,15,0,7,17,0,24,0,0,0,24
01/07/2014,HOB,NM,ASW,CE,Federal Contract Tower,0,1,1,0,2,0,6,16,0,22,0,7,17,0,24,2,0,2,26
01/08/2014,HOB,NM,ASW,CE,Federal Contract Tower,0,3,3,0,6,0,6,22,2,30,0,9,25,2,36,0,8,8,44
01/09/2014,HOB,NM,ASW,CE,Federal Contract Tower,0,3,8,0,11,0,5,11,0,16,0,8,19,0,27,0,0,0,27
01/10/2014,HOB,NM,ASW,CE,Federal Contract Tower,0,5,3,4,12,0,5,7,2,14,0,10,10,6,26,2,0,2,28
01/11/2014,HOB,NM,ASW,CE,Federal Contract Tower,0,1,0,0,1,0,3,26,14,43,0,4,26,14,44,0,0,0,44
01/12/2014,HOB,NM,ASW,CE,Federal Contract Tower,0,3,1,0,4,0,0,2,0,2,0,3,3,0,6,0,0,0,6
01/13/2014,HOB,NM,ASW,CE,Federal Contract Tower,0,2,7,4,13,0,4,17,0,21,0,6,24,4,34,4,0,4,38
01/14/2014,HOB,NM,ASW,CE,Federal Contract Tower,0,3,10,6,19,0,9,16,0,25,0,12,26,6,44,0,0,0,44
01/15/2014,HOB,NM,ASW,CE,Federal Contract Tower,0,1,5,18,24,0,6,15,0,21,0,7,20,18,45,0,0,0,45
01/16/2014,HOB,NM,ASW,CE,Federal Contract Tower,0,3,7,14,24,0,6,8,0,14,0,9,15,14,38,0,0,0,38
01/17/2014,HOB,NM,ASW,CE,Federal Contract Tower,0,3,2,0,5,0,3,7,2,12,0,6,9,2,17,0,0,0,17
01/18/2014,HOB,NM,ASW,CE,Federal Contract Tower,0,1,4,0,5,0,4,6,0,10,0,5,10,0,15,4,0,4,19
01/19/2014,HOB,NM,ASW,CE,Federal Contract Tower,0,3,0,0,3,0,0,18,0,18,0,3,18,0,21,2,0,2,23
01/20/2014,HOB,NM,ASW,CE,Federal Contract Tower,0,3,3,0,6,0,6,8,0,14,0,9,11,0,20,2,0,2,22
01/21/2014,HOB,NM,ASW,CE,Federal Contract Tower,0,0,6,0,6,0,7,21,0,28,0,7,27,0,34,0,0,0,34
01/22/2014,HOB,NM,ASW,CE,Federal Contract Tower,0,1,5,0,6,0,4,21,0,25,0,5,26,0,31,6,0,6,37
01/23/2014,HOB,NM,ASW,CE,Federal Contract Tower,0,4,3,0,7,0,4,4,5,13,0,8,7,5,20,0,24,24,44
01/24/2014,HOB,NM,ASW,CE,Federal Contract Tower,0,2,3,1,6,0,3,8,1,12,0,5,11,2,18,2,0,2,20
01/25/2014,HOB,NM,ASW,CE,Federal Contract Tower,0,1,2,0,3,0,0,26,0,26,0,1,28,0,29,16,0,16,45
01/26/2014,HOB,NM,ASW,CE,Federal Contract Tower,0,3,3,0,6,0,0,10,0,10,0,3,13,0,16,0,0,0,16
01/27/2014,HOB,NM,ASW,CE,Federal Contract Tower,0,3,4,0,7,0,4,7,0,11,0,7,11,0,18,0,0,0,18
01/28/2014,HOB,NM,ASW,CE,Federal Contract Tower,0,1,8,12,21,0,7,16,0,23,0,8,24,12,44,0,39,39,83
01/29/2014,HOB,NM,ASW,CE,Federal Contract Tower,0,1,2,2,5,0,4,17,0,21,0,5,19,2,26,0,0,0,26
01/30/2014,HOB,NM,ASW,CE,Federal Contract Tower,0,3,7,0,10,0,4,15,0,19,0,7,22,0,29,7,0,7,36
01/31/2014,HOB,NM,ASW,CE,Federal Contract Tower,0,4,5,4,13,0,3,14,0,17,0,7,19,4,30,0,6,6,36
02/01/2014,HOB,NM,ASW,CE,Federal Contract Tower,0,2,2,0,4,0,0,12,0,12,0,2,14,0,16,4,0,4,20
02/02/2014,HOB,NM,ASW,CE,Federal Contract Tower,0,3,4,0,7,0,0,0,0,0,0,3,4,0,7,0,0,0,7
02/03/2014,HOB,NM,ASW,CE,Federal Contract Tower,0,0,1,0,1,0,0,0,0,0,0,0,1,0,1,0,0,0,1
02/04/2014,HOB,NM,ASW,CE,Federal Contract Tower,0,3,4,0,7,0,2,9,6,17,0,5,13,6,24,0,0,0,24
02/05/2014,HOB,NM,ASW,CE,Federal Contract Tower,0,4,5,2,11,0,1,6,0,7,0,5,11,2,18,0,0,0,18
02/06/2014,HOB,NM,ASW,CE,Federal Contract Tower,0,6,4,0,10,0,1,3,10,14,0,7,7,10,24,0,0,0,24
02/07/2014,HOB,NM,ASW,CE,Federal Contract Tower,0,3,5,2,10,0,1,8,10,19,0,4,13,12,29,0,0,0,29
02/08/2014,HOB,NM,ASW,CE,Federal Contract Tower,0,3,8,2,13,0,0,22,2,24,0,3,30,4,37,0,0,0,37
02/09/2014,HOB,NM,ASW,CE,Federal Contract Tower,0,3,0,0,3,0,0,21,0,21,0,3,21,0,24,14,0,14,38
02/10/2014,HOB,NM,ASW,CE,Federal Contract Tower,0,7,5,0,12,0,0,0,0,0,0,7,5,0,12,0,0,0,12
02/11/2014,HOB,NM,ASW,CE,Federal Contract Tower,0,4,6,0,10,0,2,7,0,9,0,6,13,0,19,0,0,0,19
02/12/2014,HOB,NM,ASW,CE,Federal Contract Tower,0,2,5,0,7,0,6,16,4,26,0,8,21,4,33,0,0,0,33
02/13/2014,HOB,NM,ASW,CE,Federal Contract Tower,0,3,5,0,8,0,4,16,4,24,0,7,21,4,32,0,8,8,40
02/14/2014,HOB,NM,ASW,CE,Federal Contract Tower,0,3,5,0,8,0,5,9,2,16,0,8,14,2,24,0,0,0,24
02/15/2014,HOB,NM,ASW,CE,Federal Contract Tower,0,1,2,0,3,0,4,12,2,18,0,5,14,2,21,22,0,22,43
02/16/2014,HOB,NM,ASW,CE,Federal Contract Tower,0,3,4,0,7,0,2,10,0,12,0,5,14,0,19,8,0,8,27
02/17/2014,HOB,NM,ASW,CE,Federal Contract Tower,0,3,6,0,9,0,4,7,5,16,0,7,13,5,25,0,9,9,34
02/18/2014,HOB,NM,ASW,CE,Federal Contract Tower,0,3,3,0,6,0,4,3,4,11,0,7,6,4,17,0,0,0,17
02/19/2014,HOB,NM,ASW,CE,Federal Contract Tower,0,3,5,0,8,0,4,13,4,21,0,7,18,4,29,0,0,0,29
02/20/2014,HOB,NM,ASW,CE,Federal Contract Tower,0,3,3,0,6,0,6,8,2,16,0,9,11,2,22,0,0,0,22
02/21/2014,HOB,NM,ASW,CE,Federal Contract Tower,0,3,4,0,7,0,5,13,4,22,0,8,17,4,29,0,0,0,29
02/22/2014,HOB,NM,ASW,CE,Federal Contract Tower,0,0,0,0,0,0,2,17,4,23,0,2,17,4,23,10,0,10,33
02/23/2014,HOB,NM,ASW,CE,Federal Contract Tower,0,3,0,0,3,0,2,14,0,16,0,5,14,0,19,0,0,0,19
02/24/2014,HOB,NM,ASW,CE,Federal Contract Tower,0,5,4,0,9,0,4,23,0,27,0,9,27,0,36,4,0,4,40
02/25/2014,HOB,NM,ASW,CE,Federal Contract Tower,0,10,14,0,24,0,1,2,0,3,0,11,16,0,27,0,0,0,27
02/26/2014,HOB,NM,ASW,CE,Federal Contract Tower,0,5,6,0,11,0,3,6,0,9,0,8,12,0,20,0,0,0,20
02/27/2014,HOB,NM,ASW,CE,Federal Contract Tower,0,3,3,8,14,0,4,15,4,23,0,7,18,12,37,0,28,28,65
02/28/2014,HOB,NM,ASW,CE,Federal Contract Tower,0,3,5,0,8,0,5,10,0,15,0,8,15,0,23,0,0,0,23
03/01/2014,HOB,NM,ASW,CE,Federal Contract Tower,0,1,2,0,3,0,0,4,2,6,0,1,6,2,9,0,18,18,27
03/02/2014,HOB,NM,ASW,CE,Federal Contract Tower,0,3,3,0,6,0,0,2,0,2,0,3,5,0,8,0,0,0,8
03/03/2014,HOB,NM,ASW,CE,Federal Contract Tower,0,3,5,0,8,0,6,8,2,16,0,9,13,2,24,0,16,16,40
03/04/2014,HOB,NM,ASW,CE,Federal Contract Tower,0,1,5,0,6,0,7,11,6,24,0,8,16,6,30,6,18,24,54
03/05/2014,HOB,NM,ASW,CE,Federal Contract Tower,0,7,3,0,10,0,4,11,0,15,0,11,14,0,25,0,0,0,25
03/06/2014,HOB,NM,ASW,CE,Federal Contract Tower,0,3,4,0,7,0,4,6,0,10,0,7,10,0,17,0,0,0,17
03/07/2014,HOB,NM,ASW,CE,Federal Contract Tower,0,3,6,0,9,0,3,8,2,13,0,6,14,2,22,0,24,24,46
03/08/2014,HOB,NM,ASW,CE,Federal Contract Tower,0,1,2,0,3,0,0,3,0,3,0,1,5,0,6,0,0,0,6
03/09/2014,HOB,NM,ASW,CE,Federal Contract Tower,0,3,4,0,7,0,2,9,0,11,0,5,13,0,18,10,0,10,28
03/10/2014,HOB,NM,ASW,CE,Federal Contract Tower,0,3,6,0,9,0,5,10,0,15,0,8,16,0,24,0,0,0,24
03/11/2014,HOB,NM,ASW,CE,Federal Contract Tower,0,3,2,0,5,0,4,9,0,13,0,7,11,0,18,0,0,0,18
03/12/2014,HOB,NM,ASW,CE,Federal Contract Tower,0,4,9,0,13,0,5,15,0,20,0,9,24,0,33,0,0,0,33
03/13/2014,HOB,NM,ASW,CE,Federal Contract Tower,0,3,7,2,12,0,4,5,0,9,0,7,12,2,21,0,0,0,21
03/14/2014,HOB,NM,ASW,CE,Federal Contract Tower,0,3,2,0,5,0,3,12,0,15,0,6,14,0,20,0,0,0,20
03/15/2014,HOB,NM,ASW,CE,Federal Contract Tower,0,0,1,0,1,0,0,9,0,9,0,0,10,0,10,0,0,0,10
03/16/2014,HOB,NM,ASW,CE,Federal Contract Tower,0,3,2,0,5,0,0,2,0,2,0,3,4,0,7,0,0,0,7
03/17/2014,HOB,NM,ASW,CE,Federal Contract Tower,0,3,1,0,4,0,5,11,2,18,0,8,12,2,22,0,4,4,26
03/18/2014,HOB,NM,ASW,CE,Federal Contract Tower,0,3,4,0,7,0,3,9,0,12,0,6,13,0,19,0,0,0,19
03/19/2014,HOB,NM,ASW,CE,Federal Contract Tower,0,5,3,0,8,0,6,18,0,24,0,11,21,0,32,0,0,0,32
03/20/2014,HOB,NM,ASW,CE,Federal Contract Tower,0,3,8,0,11,0,7,6,0,13,0,10,14,0,24,0,0,0,24
03/21/2014,HOB,NM,ASW,CE,Federal Contract Tower,0,3,5,0,8,0,3,11,0,14,0,6,16,0,22,0,0,0,22
03/22/2014,HOB,NM,ASW,CE,Federal Contract Tower,0,1,0,0,1,0,0,9,0,9,0,1,9,0,10,0,0,0,10
03/23/2014,HOB,NM,ASW,CE,Federal Contract Tower,0,3,3,0,6,0,2,5,0,7,0,5,8,0,13,0,0,0,13
03/24/2014,HOB,NM,ASW,CE,Federal Contract Tower,0,3,5,0,8,0,4,13,0,17,0,7,18,0,25,0,0,0,25
03/25/2014,HOB,NM,ASW,CE,Federal Contract Tower,0,4,6,0,10,0,6,6,2,14,0,10,12,2,24,6,0,6,30
03/26/2014,HOB,NM,ASW,CE,Federal Contract Tower,0,11,11,0,22,0,3,6,0,9,0,14,17,0,31,0,0,0,31
03/27/2014,HOB,NM,ASW,CE,Federal Contract Tower,0,3,3,0,6,0,4,11,0,15,0,7,14,0,21,0,0,0,21
03/28/2014,HOB,NM,ASW,CE,Federal Contract Tower,0,3,5,0,8,0,6,15,0,21,0,9,20,0,29,0,0,0,29
03/29/2014,HOB,NM,ASW,CE,Federal Contract Tower,0,4,2,0,6,0,2,17,0,19,0,6,19,0,25,0,0,0,25
03/30/2014,HOB,NM,ASW,CE,Federal Contract Tower,0,3,6,0,9,0,0,16,0,16,0,3,22,0,25,0,0,0,25
03/31/2014,HOB,NM,ASW,CE,Federal Contract Tower,0,3,5,0,8,0,4,7,0,11,0,7,12,0,19,0,0,0,19
04/01/2014,HOB,NM,ASW,CE,Federal Contract Tower,0,1,4,0,5,0,4,9,0,13,0,5,13,0,18,0,0,0,18
04/02/2014,HOB,NM,ASW,CE,Federal Contract Tower,0,3,8,0,11,0,5,14,0,19,0,8,22,0,30,6,0,6,36
04/03/2014,HOB,NM,ASW,CE,Federal Contract Tower,0,4,15,0,19,0,10,7,0,17,0,14,22,0,36,0,0,0,36
04/04/2014,HOB,NM,ASW,CE,Federal Contract Tower,0,5,2,0,7,0,5,12,0,17,0,10,14,0,24,4,0,4,28
04/05/2014,HOB,NM,ASW,CE,Federal Contract Tower,0,1,2,0,3,0,2,3,0,5,0,3,5,0,8,0,0,0,8
04/06/2014,HOB,NM,ASW,CE,Federal Contract Tower,0,3,2,0,5,0,0,10,0,10,0,3,12,0,15,0,0,0,15
04/07/2014,HOB,NM,ASW,CE,Federal Contract Tower,0,2,2,0,4,0,6,13,0,19,0,8,15,0,23,0,0,0,23
04/08/2014,HOB,NM,ASW,CE,Federal Contract Tower,0,5,4,0,9,0,3,5,0,8,0,8,9,0,17,0,0,0,17
04/09/2014,HOB,NM,ASW,CE,Federal Contract Tower,0,2,3,0,5,0,4,7,0,11,0,6,10,0,16,0,0,0,16
04/10/2014,HOB,NM,ASW,CE,Federal Contract Tower,0,3,1,0,4,0,6,0,0,6,0,9,1,0,10,0,0,0,10
04/11/2014,HOB,NM,ASW,CE,Federal Contract Tower,0,3,6,0,9,0,5,13,0,18,0,8,19,0,27,0,0,0,27
04/12/2014,HOB,NM,ASW,CE,Federal Contract Tower,0,1,4,0,5,0,0,5,0,5,0,1,9,0,10,0,0,0,10
04/13/2014,HOB,NM,ASW,CE,Federal Contract Tower,0,3,2,0,5,0,2,5,0,7,0,5,7,0,12,0,0,0,12
04/14/2014,HOB,NM,ASW,CE,Federal Contract Tower,0,2,4,0,6,0,4,4,0,8,0,6,8,0,14,0,0,0,14
04/15/2014,HOB,NM,ASW,CE,Federal Contract Tower,0,1,4,0,5,0,3,7,0,10,0,4,11,0,15,0,0,0,15
04/16/2014,HOB,NM,ASW,CE,Federal Contract Tower,0,1,5,0,6,0,4,13,2,19,0,5,18,2,25,0,0,0,25
04/17/2014,HOB,NM,ASW,CE,Federal Contract Tower,0,3,8,0,11,0,6,10,0,16,0,9,18,0,27,0,0,0,27
04/18/2014,HOB,NM,ASW,CE,Federal Contract Tower,0,10,6,0,16,0,1,5,0,6,0,11,11,0,22,0,0,0,22
04/19/2014,HOB,NM,ASW,CE,Federal Contract Tower,0,1,0,0,1,0,0,2,0,2,0,1,2,0,3,0,0,0,3
04/20/2014,HOB,NM,ASW,CE,Federal Contract Tower,0,5,1,0,6,0,0,7,0,7,0,5,8,0,13,0,0,0,13
04/21/2014,HOB,NM,ASW,CE,Federal Contract Tower,0,3,5,0,8,0,5,12,0,17,0,8,17,0,25,0,0,0,25
04/22/2014,HOB,NM,ASW,CE,Federal Contract Tower,0,1,3,0,4,0,4,6,0,10,0,5,9,0,14,0,0,0,14
04/23/2014,HOB,NM,ASW,CE,Federal Contract Tower,0,1,5,0,6,0,14,5,0,19,0,15,10,0,25,0,0,0,25
04/24/2014,HOB,NM,ASW,CE,Federal Contract Tower,0,5,8,0,13,0,2,19,0,21,0,7,27,0,34,0,0,0,34
04/25/2014,HOB,NM,ASW,CE,Federal Contract Tower,0,3,8,0,11,0,5,20,2,27,0,8,28,2,38,0,0,0,38
04/26/2014,HOB,NM,ASW,CE,Federal Contract Tower,0,1,1,0,2,0,0,8,0,8,0,1,9,0,10,0,0,0,10
04/27/2014,HOB,NM,ASW,CE,Federal Contract Tower,0,3,1,0,4,0,0,6,0,6,0,3,7,0,10,0,0,0,10
04/28/2014,HOB,NM,ASW,CE,Federal Contract Tower,0,3,2,0,5,0,4,15,0,19,0,7,17,0,24,0,0,0,24
04/29/2014,HOB,NM,ASW,CE,Federal Contract Tower,0,4,8,0,12,0,5,20,0,25,0,9,28,0,37,2,0,2,39
04/30/2014,HOB,NM,ASW,CE,Federal Contract Tower,0,1,2,0,3,0,4,23,6,33,0,5,25,6,36,0,0,0,36
05/01/2014,HOB,NM,ASW,CE,Federal Contract Tower,0,3,5,0,8,0,4,7,0,11,0,7,12,0,19,0,0,0,19
05/02/2014,HOB,NM,ASW,CE,Federal Contract Tower,0,4,3,0,7,0,3,21,0,24,0,7,24,0,31,0,0,0,31
05/03/2014,HOB,NM,ASW,CE,Federal Contract Tower,0,1,3,0,4,0,0,4,0,4,0,1,7,0,8,2,0,2,10
05/04/2014,HOB,NM,ASW,CE,Federal Contract Tower,0,3,1,0,4,0,0,21,0,21,0,3,22,0,25,0,0,0,25
05/05/2014,HOB,NM,ASW,CE,Federal Contract Tower,0,5,6,0,11,0,4,6,0,10,0,9,12,0,21,0,0,0,21
05/06/2014,HOB,NM,ASW,CE,Federal Contract Tower,0,5,6,0,11,0,4,0,0,4,0,9,6,0,15,0,0,0,15
05/07/2014,HOB,NM,ASW,CE,Federal Contract Tower,0,5,5,0,10,0,2,5,0,7,0,7,10,0,17,0,0,0,17
05/08/2014,HOB,NM,ASW,CE,Federal Contract Tower,0,8,7,0,15,0,6,12,0,18,0,14,19,0,33,0,0,0,33
05/09/2014,HOB,NM,ASW,CE,Federal Contract Tower,0,5,3,0,8,0,3,11,0,14,0,8,14,0,22,0,0,0,22
05/10/2014,HOB,NM,ASW,CE,Federal Contract Tower,0,0,3,0,3,0,0,19,0,19,0,0,22,0,22,0,0,0,22
05/11/2014,HOB,NM,ASW,CE,Federal Contract Tower,0,5,6,0,11,0,0,2,0,2,0,5,8,0,13,0,0,0,13
05/12/2014,HOB,NM,ASW,CE,Federal Contract Tower,0,5,8,0,13,0,6,9,0,15,0,11,17,0,28,0,0,0,28
05/13/2014,HOB,NM,ASW,CE,Federal Contract Tower,0,4,1,0,5,0,3,2,0,5,0,7,3,0,10,0,0,0,10
05/14/2014,HOB,NM,ASW,CE,Federal Contract Tower,0,5,6,0,11,0,2,17,0,19,0,7,23,0,30,2,0,2,32
05/15/2014,HOB,NM,ASW,CE,Federal Contract Tower,0,5,4,1,10,0,2,20,1,23,0,7,24,2,33,2,4,6,39
05/16/2014,HOB,NM,ASW,CE,Federal Contract Tower,0,4,0,0,4,0,4,15,0,19,0,8,15,0,23,0,0,0,23
05/17/2014,HOB,NM,ASW,CE,Federal Contract Tower,0,1,0,0,1,0,1,7,0,8,0,2,7,0,9,8,0,8,17
05/18/2014,HOB,NM,ASW,CE,Federal Contract Tower,0,2,2,0,4,0,0,7,0,7,0,2,9,0,11,0,0,0,11
05/19/2014,HOB,NM,ASW,CE,Federal Contract Tower,0,4,2,1,7,0,5,9,1,15,0,9,11,2,22,0,12,12,34
05/20/2014,HOB,NM,ASW,CE,Federal Contract Tower,0,5,1,0,6,0,2,10,0,12,0,7,11,0,18,0,0,0,18
05/21/2014,HOB,NM,ASW,CE,Federal Contract Tower,0,5,3,0,8,0,3,8,0,11,0,8,11,0,19,4,0,4,23
05/22/2014,HOB,NM,ASW,CE,Federal Contract Tower,0,6,14,0,20,0,1,17,0,18,0,7,31,0,38,0,0,0,38
05/23/2014,HOB,NM,ASW,CE,Federal Contract Tower,0,5,8,0,13,0,2,15,0,17,0,7,23,0,30,0,0,0,30
05/24/2014,HOB,NM,ASW,CE,Federal Contract Tower,0,1,2,0,3,0,0,7,0,7,0,1,9,0,10,2,0,2,12
05/25/2014,HOB,NM,ASW,CE,Federal Contract Tower,0,1,3,0,4,0,0,12,0,12,0,1,15,0,16,0,0,0,16
05/26/2014,HOB,NM,ASW,CE,Federal Contract Tower,0,3,2,0,5,0,0,19,0,19,0,3,21,0,24,0,0,0,24
05/27/2014,HOB,NM,ASW,CE,Federal Contract Tower,0,5,2,0,7,0,1,10,0,11,0,6,12,0,18,0,0,0,18
05/28/2014,HOB,NM,ASW,CE,Federal Contract Tower,0,6,6,0,12,0,2,12,0,14,0,8,18,0,26,0,0,0,26
05/29/2014,HOB,NM,ASW,CE,Federal Contract Tower,0,5,1,0,6,0,2,11,0,13,0,7,12,0,19,0,0,0,19
05/30/2014,HOB,NM,ASW,CE,Federal Contract Tower,0,5,1,0,6,0,2,21,0,23,0,7,22,0,29,0,0,0,29
05/31/2014,HOB,NM,ASW,CE,Federal Contract Tower,0,1,4,0,5,0,0,13,0,13,0,1,17,0,18,8,0,8,26
06/01/2014,HOB,NM,ASW,CE,Federal Contract Tower,0,3,3,0,6,0,0,5,0,5,0,3,8,0,11,0,0,0,11
06/02/2014,HOB,NM,ASW,CE,Federal Contract Tower,0,5,4,0,9,0,2,7,0,9,0,7,11,0,18,0,0,0,18
06/03/2014,HOB,NM,ASW,CE,Federal Contract Tower,0,4,6,0,10,0,3,8,0,11,0,7,14,0,21,0,0,0,21
06/04/2014,HOB,NM,ASW,CE,Federal Contract Tower,0,3,8,0,11,0,2,2,0,4,0,5,10,0,15,0,0,0,15
06/05/2014,HOB,NM,ASW,CE,Federal Contract Tower,0,5,7,0,12,0,4,18,0,22,0,9,25,0,34,0,0,0,34
06/06/2014,HOB,NM,ASW,CE,Federal Contract Tower,0,4,3,0,7,0,2,12,0,14,0,6,15,0,21,0,0,0,21
06/07/2014,HOB,NM,ASW,CE,Federal Contract Tower,0,1,5,0,6,0,0,21,0,21,0,1,26,0,27,0,0,0,27
06/08/2014,HOB,NM,ASW,CE,Federal Contract Tower,0,5,4,0,9,0,0,3,0,3,0,5,7,0,12,0,0,0,12
06/09/2014,HOB,NM,ASW,CE,Federal Contract Tower,0,5,3,0,8,0,2,7,0,9,0,7,10,0,17,0,0,0,17
06/10/2014,HOB,NM,ASW,CE,Federal Contract Tower,0,5,9,2,16,0,4,25,0,29,0,9,34,2,45,0,0,0,45
06/11/2014,HOB,NM,ASW,CE,Federal Contract Tower,0,7,8,2,17,0,4,15,0,19,0,11,23,2,36,0,0,0,36
06/12/2014,HOB,NM,ASW,CE,Federal Contract Tower,0,5,2,0,7,0,4,8,0,12,0,9,10,0,19,0,0,0,19
06/13/2014,HOB,NM,ASW,CE,Federal Contract Tower,0,5,2,0,7,0,1,13,0,14,0,6,15,0,21,0,0,0,21
06/14/2014,HOB,NM,ASW,CE,Federal Contract Tower,0,1,1,0,2,0,2,15,0,17,0,3,16,0,19,6,0,6,25
06/15/2014,HOB,NM,ASW,CE,Federal Contract Tower,0,4,1,0,5,0,1,4,0,5,0,5,5,0,10,0,0,0,10
06/16/2014,HOB,NM,ASW,CE,Federal Contract Tower,0,9,4,0,13,0,3,8,0,11,0,12,12,0,24,0,0,0,24
06/17/2014,HOB,NM,ASW,CE,Federal Contract Tower,0,9,1,0,10,0,2,10,0,12,0,11,11,0,22,0,0,0,22
06/18/2014,HOB,NM,ASW,CE,Federal Contract Tower,0,4,5,0,9,0,3,8,0,11,0,7,13,0,20,0,0,0,20
06/19/2014,HOB,NM,ASW,CE,Federal Contract Tower,0,7,4,0,11,0,3,11,0,14,0,10,15,0,25,0,0,0,25
06/20/2014,HOB,NM,ASW,CE,Federal Contract Tower,0,5,0,0,5,0,4,8,0,12,0,9,8,0,17,0,0,0,17
06/21/2014,HOB,NM,ASW,CE,Federal Contract Tower,0,1,2,0,3,0,0,5,0,5,0,1,7,0,8,6,0,6,14
06/22/2014,HOB,NM,ASW,CE,Federal Contract Tower,0,3,0,0,3,0,0,7,0,7,0,3,7,0,10,2,0,2,12
06/23/2014,HOB,NM,ASW,CE,Federal Contract Tower,0,5,0,0,5,0,2,6,0,8,0,7,6,0,13,8,0,8,21
06/24/2014,HOB,NM,ASW,CE,Federal Contract Tower,0,5,5,2,12,0,2,6,0,8,0,7,11,2,20,0,0,0,20
06/25/2014,HOB,NM,ASW,CE,Federal Contract Tower,0,5,8,0,13,0,3,0,0,3,0,8,8,0,16,0,0,0,16
06/26/2014,HOB,NM,ASW,CE,Federal Contract Tower,0,6,8,0,14,0,1,6,0,7,0,7,14,0,21,0,0,0,21
06/27/2014,HOB,NM,ASW,CE,Federal Contract Tower,0,6,8,0,14,0,3,5,0,8,0,9,13,0,22,0,0,0,22
06/28/2014,HOB,NM,ASW,CE,Federal Contract Tower,0,1,5,0,6,0,2,5,0,7,0,3,10,0,13,2,0,2,15
06/29/2014,HOB,NM,ASW,CE,Federal Contract Tower,0,3,3,0,6,0,0,3,0,3,0,3,6,0,9,0,0,0,9
06/30/2014,HOB,NM,ASW,CE,Federal Contract Tower,0,4,4,0,8,0,3,10,0,13,0,7,14,0,21,0,0,0,21
07/01/2014,HOB,NM,ASW,CE,Federal Contract Tower,0,4,4,0,8,0,4,6,0,10,0,8,10,0,18,0,0,0,18
07/02/2014,HOB,NM,ASW,CE,Federal Contract Tower,0,5,8,0,13,0,2,5,0,7,0,7,13,0,20,0,0,0,20
07/03/2014,HOB,NM,ASW,CE,Federal Contract Tower,0,5,5,0,10,0,2,7,4,13,0,7,12,4,23,0,16,16,39
07/04/2014,HOB,NM,ASW,CE,Federal Contract Tower,0,1,0,0,1,0,2,4,0,6,0,3,4,0,7,0,0,0,7
07/05/2014,HOB,NM,ASW,CE,Federal Contract Tower,0,3,2,0,5,0,2,8,0,10,0,5,10,0,15,0,0,0,15
07/06/2014,HOB,NM,ASW,CE,Federal Contract Tower,0,3,2,0,5,0,0,5,0,5,0,3,7,0,10,0,0,0,10
07/07/2014,HOB,NM,ASW,CE,Federal Contract Tower,0,7,6,0,13,0,6,11,0,17,0,13,17,0,30,0,0,0,30
07/08/2014,HOB,NM,ASW,CE,Federal Contract Tower,0,5,2,4,11,0,2,7,0,9,0,7,9,4,20,0,6,6,26
07/09/2014,HOB,NM,ASW,CE,Federal Contract Tower,0,5,1,0,6,0,4,12,0,16,0,9,13,0,22,0,0,0,22
07/10/2014,HOB,NM,ASW,CE,Federal Contract Tower,0,5,5,4,14,0,4,7,0,11,0,9,12,4,25,0,0,0,25
07/11/2014,HOB,NM,ASW,CE,Federal Contract Tower,0,4,0,0,4,0,7,9,0,16,0,11,9,0,20,0,0,0,20
07/12/2014,HOB,NM,ASW,CE,Federal Contract Tower,0,1,1,0,2,0,0,2,0,2,0,1,3,0,4,0,0,0,4
07/13/2014,HOB,NM,ASW,CE,Federal Contract Tower,0,3,5,0,8,0,2,7,0,9,0,5,12,0,17,0,0,0,17
07/14/2014,HOB,NM,ASW,CE,Federal Contract Tower,0,5,0,0,5,0,4,9,0,13,0,9,9,0,18,0,0,0,18
07/15/2014,HOB,NM,ASW,CE,Federal Contract Tower,0,5,4,0,9,0,4,5,0,9,0,9,9,0,18,0,0,0,18
07/16/2014,HOB,NM,ASW,CE,Federal Contract Tower,0,5,7,0,12,0,2,12,0,14,0,7,19,0,26,0,0,0,26
07/17/2014,HOB,NM,ASW,CE,Federal Contract Tower,0,7,11,0,18,0,2,2,0,4,0,9,13,0,22,0,0,0,22
07/18/2014,HOB,NM,ASW,CE,Federal Contract Tower,0,6,4,0,10,0,0,8,0,8,0,6,12,0,18,0,0,0,18
07/19/2014,HOB,NM,ASW,CE,Federal Contract Tower,0,1,0,0,1,0,0,2,0,2,0,1,2,0,3,0,0,0,3
07/20/2014,HOB,NM,ASW,CE,Federal Contract Tower,0,5,3,0,8,0,0,5,0,5,0,5,8,0,13,0,0,0,13
07/21/2014,HOB,NM,ASW,CE,Federal Contract Tower,0,4,6,0,10,0,3,15,0,18,0,7,21,0,28,0,0,0,28
07/22/2014,HOB,NM,ASW,CE,Federal Contract Tower,0,5,5,0,10,0,2,7,0,9,0,7,12,0,19,4,0,4,23
07/23/2014,HOB,NM,ASW,CE,Federal Contract Tower,0,8,8,0,16,0,2,22,0,24,0,10,30,0,40,4,0,4,44
07/24/2014,HOB,NM,ASW,CE,Federal Contract Tower,0,3,11,0,14,0,6,9,0,15,0,9,20,0,29,0,0,0,29
07/25/2014,HOB,NM,ASW,CE,Federal Contract Tower,0,4,2,0,6,0,3,11,0,14,0,7,13,0,20,0,0,0,20
07/26/2014,HOB,NM,ASW,CE,Federal Contract Tower,0,1,3,0,4,0,2,10,0,12,0,3,13,0,16,0,0,0,16
07/27/2014,HOB,NM,ASW,CE,Federal Contract Tower,0,3,0,0,3,0,0,8,0,8,0,3,8,0,11,0,0,0,11
07/28/2014,HOB,NM,ASW,CE,Federal Contract Tower,0,4,8,0,12,0,4,15,0,19,0,8,23,0,31,0,0,0,31
07/29/2014,HOB,NM,ASW,CE,Federal Contract Tower,0,4,4,0,8,0,6,26,0,32,0,10,30,0,40,0,0,0,40
07/30/2014,HOB,NM,ASW,CE,Federal Contract Tower,0,5,4,0,9,0,2,12,0,14,0,7,16,0,23,6,0,6,29
07/31/2014,HOB,NM,ASW,CE,Federal Contract Tower,0,5,9,0,14,0,2,9,0,11,0,7,18,0,25,0,0,0,25
08/01/2014,HOB,NM,ASW,CE,Federal Contract Tower,0,4,4,0,8,0,5,6,0,11,0,9,10,0,19,0,0,0,19
08/02/2014,HOB,NM,ASW,CE,Federal Contract Tower,0,4,1,0,5,0,2,6,0,8,0,6,7,0,13,0,0,0,13
08/03/2014,HOB,NM,ASW,CE,Federal Contract Tower,0,3,4,0,7,0,0,4,0,4,0,3,8,0,11,6,0,6,17
08/04/2014,HOB,NM,ASW,CE,Federal Contract Tower,0,4,4,0,8,0,2,5,0,7,0,6,9,0,15,0,0,0,15
08/05/2014,HOB,NM,ASW,CE,Federal Contract Tower,0,3,2,0,5,0,6,8,0,14,0,9,10,0,19,10,0,10,29
08/06/2014,HOB,NM,ASW,CE,Federal Contract Tower,0,3,5,0,8,0,8,7,0,15,0,11,12,0,23,0,0,0,23
08/07/2014,HOB,NM,ASW,CE,Federal Contract Tower,0,5,8,0,13,0,4,8,0,12,0,9,16,0,25,6,0,6,31
08/08/2014,HOB,NM,ASW,CE,Federal Contract Tower,0,4,4,0,8,0,7,9,0,16,0,11,13,0,24,0,0,0,24
08/09/2014,HOB,NM,ASW,CE,Federal Contract Tower,0,2,2,0,4,0,1,10,0,11,0,3,12,0,15,6,0,6,21
08/10/2014,HOB,NM,ASW,CE,Federal Contract Tower,0,3,1,0,4,0,0,12,0,12,0,3,13,0,16,12,0,12,28
08/11/2014,HOB,NM,ASW,CE,Federal Contract Tower,0,4,0,0,4,0,7,11,0,18,0,11,11,0,22,0,0,0,22
08/12/2014,HOB,NM,ASW,CE,Federal Contract Tower,0,1,6,0,7,0,6,9,0,15,0,7,15,0,22,0,0,0,22
08/13/2014,HOB,NM,ASW,CE,Federal Contract Tower,0,3,8,0,11,0,8,19,0,27,0,11,27,0,38,0,0,0,38
08/14/2014,HOB,NM,ASW,CE,Federal Contract Tower,0,4,7,0,11,0,5,15,0,20,0,9,22,0,31,0,0,0,31
08/15/2014,HOB,NM,ASW,CE,Federal Contract Tower,0,4,6,0,10,0,5,16,0,21,0,9,22,0,31,0,0,0,31
08/16/2014,HOB,NM,ASW,CE,Federal Contract Tower,0,2,5,0,7,0,2,5,0,7,0,4,10,0,14,0,0,0,14
08/17/2014,HOB,NM,ASW,CE,Federal Contract Tower,0,3,6,0,9,0,1,11,0,12,0,4,17,0,21,0,0,0,21
08/18/2014,HOB,NM,ASW,CE,Federal Contract Tower,0,4,2,0,6,0,3,9,0,12,0,7,11,0,18,0,0,0,18
08/19/2014,HOB,NM,ASW,CE,Federal Contract Tower,0,2,7,0,9,0,3,7,0,10,0,5,14,0,19,0,0,0,19
08/20/2014,HOB,NM,ASW,CE,Federal Contract Tower,0,2,6,0,8,0,7,8,2,17,0,9,14,2,25,0,0,0,25
08/21/2014,HOB,NM,ASW,CE,Federal Contract Tower,0,6,9,0,15,0,3,12,0,15,0,9,21,0,30,0,0,0,30
08/22/2014,HOB,NM,ASW,CE,Federal Contract Tower,0,3,3,0,6,0,3,10,0,13,0,6,13,0,19,0,0,0,19
08/23/2014,HOB,NM,ASW,CE,Federal Contract Tower,0,1,0,0,1,0,2,21,0,23,0,3,21,0,24,0,0,0,24
08/24/2014,HOB,NM,ASW,CE,Federal Contract Tower,0,3,5,0,8,0,2,10,0,12,0,5,15,0,20,6,0,6,26
08/25/2014,HOB,NM,ASW,CE,Federal Contract Tower,0,3,10,0,13,0,5,7,0,12,0,8,17,0,25,0,0,0,25
08/26/2014,HOB,NM,ASW,CE,Federal Contract Tower,0,5,2,0,7,0,10,10,0,20,0,15,12,0,27,0,0,0,27
08/27/2014,HOB,NM,ASW,CE,Federal Contract Tower,0,1,7,2,10,0,4,22,0,26,0,5,29,2,36,4,0,4,40
08/28/2014,HOB,NM,ASW,CE,Federal Contract Tower,0,5,4,0,9,0,5,8,0,13,0,10,12,0,22,0,0,0,22
08/29/2014,HOB,NM,ASW,CE,Federal Contract Tower,0,4,4,0,8,0,2,13,0,15,0,6,17,0,23,0,0,0,23
08/30/2014,HOB,NM,ASW,CE,Federal Contract Tower,0,1,0,0,1,0,1,6,0,7,0,2,6,0,8,0,0,0,8
08/31/2014,HOB,NM,ASW,CE,Federal Contract Tower,0,3,0,0,3,0,0,6,0,6,0,3,6,0,9,0,0,0,9
09/01/2014,HOB,NM,ASW,CE,Federal Contract Tower,0,3,2,0,5,0,2,10,0,12,0,5,12,0,17,0,0,0,17
09/02/2014,HOB,NM,ASW,CE,Federal Contract Tower,0,5,4,0,9,0,5,6,0,11,0,10,10,0,20,0,0,0,20
09/03/2014,HOB,NM,ASW,CE,Federal Contract Tower,0,2,2,0,4,0,3,7,0,10,0,5,9,0,14,0,0,0,14
09/04/2014,HOB,NM,ASW,CE,Federal Contract Tower,0,5,5,0,10,0,2,9,0,11,0,7,14,0,21,0,0,0,21
09/05/2014,HOB,NM,ASW,CE,Federal Contract Tower,0,6,4,2,12,0,3,8,0,11,0,9,12,2,23,0,0,0,23
09/06/2014,HOB,NM,ASW,CE,Federal Contract Tower,0,3,2,0,5,0,0,0,0,0,0,3,2,0,5,0,0,0,5
09/07/2014,HOB,NM,ASW,CE,Federal Contract Tower,0,5,6,0,11,0,0,0,0,0,0,5,6,0,11,0,0,0,11
09/08/2014,HOB,NM,ASW,CE,Federal Contract Tower,0,5,8,0,13,0,2,13,0,15,0,7,21,0,28,0,0,0,28
09/09/2014,HOB,NM,ASW,CE,Federal Contract Tower,0,2,1,0,3,0,3,10,0,13,0,5,11,0,16,2,0,2,18
09/10/2014,HOB,NM,ASW,CE,Federal Contract Tower,0,2,5,3,10,0,5,25,0,30,0,7,30,3,40,2,4,6,46
09/11/2014,HOB,NM,ASW,CE,Federal Contract Tower,0,6,8,0,14,0,1,8,0,9,0,7,16,0,23,0,0,0,23
09/12/2014,HOB,NM,ASW,CE,Federal Contract Tower,0,6,7,0,13,0,0,0,0,0,0,6,7,0,13,0,0,0,13
09/13/2014,HOB,NM,ASW,CE,Federal Contract Tower,0,5,3,0,8,0,0,2,0,2,0,5,5,0,10,0,0,0,10
09/14/2014,HOB,NM,ASW,CE,Federal Contract Tower,0,5,5,0,10,0,0,0,0,0,0,5,5,0,10,0,0,0,10
09/15/2014,HOB,NM,ASW,CE,Federal Contract Tower,0,5,5,0,10,0,1,6,0,7,0,6,11,0,17,10,0,10,27
09/16/2014,HOB,NM,ASW,CE,Federal Contract Tower,0,9,15,0,24,0,0,2,0,2,0,9,17,0,26,0,0,0,26
09/17/2014,HOB,NM,ASW,CE,Federal Contract Tower,0,5,7,0,12,0,1,9,2,12,0,6,16,2,24,0,0,0,24
09/18/2014,HOB,NM,ASW,CE,Federal Contract Tower,0,4,5,0,9,0,1,1,0,2,0,5,6,0,11,0,0,0,11
09/19/2014,HOB,NM,ASW,CE,Federal Contract Tower,0,5,7,0,12,0,1,0,0,1,0,6,7,0,13,0,0,0,13
09/20/2014,HOB,NM,ASW,CE,Federal Contract Tower,0,3,3,0,6,0,0,4,0,4,0,3,7,0,10,0,0,0,10
09/21/2014,HOB,NM,ASW,CE,Federal Contract Tower,0,3,3,0,6,0,0,3,0,3,0,3,6,0,9,0,0,0,9
09/22/2014,HOB,NM,ASW,CE,Federal Contract Tower,0,5,7,0,12,0,2,1,2,5,0,7,8,2,17,0,0,0,17
09/23/2014,HOB,NM,ASW,CE,Federal Contract Tower,0,3,12,0,15,0,2,7,0,9,0,5,19,0,24,0,0,0,24
09/24/2014,HOB,NM,ASW,CE,Federal Contract Tower,0,5,4,0,9,0,4,9,0,13,0,9,13,0,22,0,0,0,22
09/25/2014,HOB,NM,ASW,CE,Federal Contract Tower,0,8,3,0,11,0,3,8,0,11,0,11,11,0,22,0,0,0,22
09/26/2014,HOB,NM,ASW,CE,Federal Contract Tower,0,5,5,0,10,0,3,16,0,19,0,8,21,0,29,4,0,4,33
09/27/2014,HOB,NM,ASW,CE,Federal Contract Tower,0,1,0,0,1,0,2,6,0,8,0,3,6,0,9,0,0,0,9
09/28/2014,HOB,NM,ASW,CE,Federal Contract Tower,0,3,4,0,7,0,4,9,0,13,0,7,13,0,20,0,0,0,20
09/29/2014,HOB,NM,ASW,CE,Federal Contract Tower,0,3,3,0,6,0,6,15,0,21,0,9,18,0,27,0,0,0,27
09/30/2014,HOB,NM,ASW,CE,Federal Contract Tower,0,3,9,0,12,0,2,11,0,13,0,5,20,0,25,2,0,2,27
10/01/2014,HOB,NM,ASW,CE,Federal Contract Tower,0,5,9,0,14,0,2,11,0,13,0,7,20,0,27,0,0,0,27
10/02/2014,HOB,NM,ASW,CE,Federal Contract Tower,0,5,12,0,17,0,4,2,0,6,0,9,14,0,23,2,0,2,25
10/03/2014,HOB,NM,ASW,CE,Federal Contract Tower,0,2,6,0,8,0,5,11,0,16,0,7,17,0,24,0,0,0,24
10/04/2014,HOB,NM,ASW,CE,Federal Contract Tower,0,1,2,0,3,0,0,15,0,15,0,1,17,0,18,0,0,0,18
10/05/2014,HOB,NM,ASW,CE,Federal Contract Tower,0,3,4,0,7,0,5,14,0,19,0,8,18,0,26,4,0,4,30
10/06/2014,HOB,NM,ASW,CE,Federal Contract Tower,0,4,3,0,7,0,3,11,0,14,0,7,14,0,21,0,0,0,21
10/07/2014,HOB,NM,ASW,CE,Federal Contract Tower,0,2,3,0,5,0,5,14,4,23,0,7,17,4,28,4,0,4,32
10/08/2014,HOB,NM,ASW,CE,Federal Contract Tower,0,7,7,0,14,0,4,16,2,22,0,11,23,2,36,6,0,6,42
10/09/2014,HOB,NM,ASW,CE,Federal Contract Tower,0,6,9,2,17,0,1,15,0,16,0,7,24,2,33,2,0,2,35
10/10/2014,HOB,NM,ASW,CE,Federal Contract Tower,0,7,6,0,13,0,0,13,0,13,0,7,19,0,26,0,0,0,26
10/11/2014,HOB,NM,ASW,CE,Federal Contract Tower,0,2,6,0,8,0,0,7,0,7,0,2,13,0,15,0,0,0,15
10/12/2014,HOB,NM,ASW,CE,Federal Contract Tower,0,3,1,0,4,0,0,11,0,11,0,3,12,0,15,0,0,0,15
10/13/2014,HOB,NM,ASW,CE,Federal Contract Tower,0,4,8,0,12,0,3,16,0,19,0,7,24,0,31,0,0,0,31
10/14/2014,HOB,NM,ASW,CE,Federal Contract Tower,0,7,3,0,10,0,1,17,0,18,0,8,20,0,28,0,0,0,28
10/15/2014,HOB,NM,ASW,CE,Federal Contract Tower,0,6,6,0,12,0,3,19,0,22,0,9,25,0,34,0,0,0,34
10/16/2014,HOB,NM,ASW,CE,Federal Contract Tower,0,4,4,0,8,0,3,15,0,18,0,7,19,0,26,0,0,0,26
10/17/2014,HOB,NM,ASW,CE,Federal Contract Tower,0,4,5,0,9,0,5,17,0,22,0,9,22,0,31,0,0,0,31
10/18/2014,HOB,NM,ASW,CE,Federal Contract Tower,0,1,1,0,2,0,0,12,0,12,0,1,13,0,14,2,0,2,16
10/19/2014,HOB,NM,ASW,CE,Federal Contract Tower,0,5,3,0,8,0,2,5,0,7,0,7,8,0,15,0,0,0,15
10/20/2014,HOB,NM,ASW,CE,Federal Contract Tower,0,6,6,0,12,0,2,15,0,17,0,8,21,0,29,0,0,0,29
10/21/2014,HOB,NM,ASW,CE,Federal Contract Tower,0,5,0,0,5,0,4,2,0,6,0,9,2,0,11,0,0,0,11
10/22/2014,HOB,NM,ASW,CE,Federal Contract Tower,0,10,8,0,18,0,2,4,0,6,0,12,12,0,24,2,0,2,26
10/23/2014,HOB,NM,ASW,CE,Federal Contract Tower,0,6,5,0,11,0,3,8,0,11,0,9,13,0,22,0,0,0,22
10/24/2014,HOB,NM,ASW,CE,Federal Contract Tower,0,6,2,0,8,0,1,16,0,17,0,7,18,0,25,0,0,0,25
10/25/2014,HOB,NM,ASW,CE,Federal Contract Tower,0,1,2,0,3,0,0,19,0,19,0,1,21,0,22,0,0,0,22
10/26/2014,HOB,NM,ASW,CE,Federal Contract Tower,0,3,1,0,4,0,0,13,0,13,0,3,14,0,17,0,0,0,17
10/27/2014,HOB,NM,ASW,CE,Federal Contract Tower,0,4,4,0,8,0,3,18,0,21,0,7,22,0,29,0,0,0,29
10/28/2014,HOB,NM,ASW,CE,Federal Contract Tower,0,2,3,0,5,0,5,9,0,14,0,7,12,0,19,0,0,0,19
10/29/2014,HOB,NM,ASW,CE,Federal Contract Tower,0,4,12,0,16,0,3,25,0,28,0,7,37,0,44,6,0,6,50
10/30/2014,HOB,NM,ASW,CE,Federal Contract Tower,0,4,6,0,10,0,3,17,0,20,0,7,23,0,30,6,0,6,36
10/31/2014,HOB,NM,ASW,CE,Federal Contract Tower,0,4,2,0,6,0,3,15,0,18,0,7,17,0,24,0,0,0,24
11/01/2014,HOB,NM,ASW,CE,Federal Contract Tower,0,1,1,0,2,0,1,9,0,10,0,2,10,0,12,4,0,4,16
11/02/2014,HOB,NM,ASW,CE,Federal Contract Tower,0,3,6,0,9,0,1,11,0,12,0,4,17,0,21,8,0,8,29
11/03/2014,HOB,NM,ASW,CE,Federal Contract Tower,0,9,4,0,13,0,0,15,0,15,0,9,19,0,28,8,0,8,36
11/04/2014,HOB,NM,ASW,CE,Federal Contract Tower,0,5,9,0,14,0,0,0,0,0,0,5,9,0,14,0,0,0,14
11/05/2014,HOB,NM,ASW,CE,Federal Contract Tower,0,5,6,0,11,0,1,23,0,24,0,6,29,0,35,6,0,6,41
11/06/2014,HOB,NM,ASW,CE,Federal Contract Tower,0,5,3,0,8,0,2,16,0,18,0,7,19,0,26,0,0,0,26
11/07/2014,HOB,NM,ASW,CE,Federal Contract Tower,0,5,4,0,9,0,2,19,4,25,0,7,23,4,34,10,0,10,44
11/08/2014,HOB,NM,ASW,CE,Federal Contract Tower,0,1,2,0,3,0,0,5,0,5,0,1,7,0,8,32,0,32,40
11/09/2014,HOB,NM,ASW,CE,Federal Contract Tower,0,3,4,0,7,0,0,16,0,16,0,3,20,0,23,12,0,12,35
11/10/2014,HOB,NM,ASW,CE,Federal Contract Tower,0,5,4,0,9,0,4,20,0,24,0,9,24,0,33,0,0,0,33
11/11/2014,HOB,NM,ASW,CE,Federal Contract Tower,0,2,6,0,8,0,3,11,0,14,0,5,17,0,22,0,0,0,22
11/12/2014,HOB,NM,ASW,CE,Federal Contract Tower,0,5,12,0,17,0,2,20,0,22,0,7,32,0,39,0,0,0,39
11/13/2014,HOB,NM,ASW,CE,Federal Contract Tower,0,9,14,0,23,0,0,19,0,19,0,9,33,0,42,0,0,0,42
11/14/2014,HOB,NM,ASW,CE,Federal Contract Tower,0,8,3,0,11,0,3,11,0,14,0,11,14,0,25,0,0,0,25
11/15/2014,HOB,NM,ASW,CE,Federal Contract Tower,0,1,2,0,3,0,0,8,0,8,0,1,10,0,11,8,0,8,19
11/16/2014,HOB,NM,ASW,CE,Federal Contract Tower,0,3,11,0,14,0,0,1,0,1,0,3,12,0,15,0,0,0,15
11/17/2014,HOB,NM,ASW,CE,Federal Contract Tower,0,5,7,0,12,0,2,15,0,17,0,7,22,0,29,0,0,0,29
11/18/2014,HOB,NM,ASW,CE,Federal Contract Tower,0,3,3,0,6,0,4,15,0,19,0,7,18,0,25,0,0,0,25
11/19/2014,HOB,NM,ASW,CE,Federal Contract Tower,0,6,8,0,14,0,0,20,0,20,0,6,28,0,34,0,0,0,34
11/20/2014,HOB,NM,ASW,CE,Federal Contract Tower,0,5,2,0,7,0,2,22,0,24,0,7,24,0,31,14,0,14,45
11/21/2014,HOB,NM,ASW,CE,Federal Contract Tower,0,5,2,0,7,0,8,14,0,22,0,13,16,0,29,6,0,6,35
11/22/2014,HOB,NM,ASW,CE,Federal Contract Tower,0,1,0,0,1,0,0,5,0,5,0,1,5,0,6,2,0,2,8
11/23/2014,HOB,NM,ASW,CE,Federal Contract Tower,0,5,2,0,7,0,0,7,0,7,0,5,9,0,14,2,0,2,16
11/24/2014,HOB,NM,ASW,CE,Federal Contract Tower,0,4,5,0,9,0,3,11,0,14,0,7,16,0,23,22,0,22,45
11/25/2014,HOB,NM,ASW,CE,Federal Contract Tower,0,4,4,0,8,0,5,5,0,10,0,9,9,0,18,4,0,4,22
11/26/2014,HOB,NM,ASW,CE,Federal Contract Tower,0,4,8,0,12,0,6,10,0,16,0,10,18,0,28,0,0,0,28
11/27/2014,HOB,NM,ASW,CE,Federal Contract Tower,0,3,2,0,5,0,2,6,0,8,0,5,8,0,13,0,0,0,13
11/28/2014,HOB,NM,ASW,CE,Federal Contract Tower,0,5,3,0,8,0,4,13,0,17,0,9,16,0,25,0,0,0,25
11/29/2014,HOB,NM,ASW,CE,Federal Contract Tower,0,3,2,0,5,0,2,6,0,8,0,5,8,0,13,0,0,0,13
11/30/2014,HOB,NM,ASW,CE,Federal Contract Tower,0,3,2,0,5,0,8,0,0,8,0,11,2,0,13,0,0,0,13
12/01/2014,HOB,NM,ASW,CE,Federal Contract Tower,0,6,0,0,6,0,3,10,0,13,0,9,10,0,19,0,0,0,19
12/02/2014,HOB,NM,ASW,CE,Federal Contract Tower,0,4,6,0,10,0,7,7,1,15,0,11,13,1,25,0,0,0,25
12/03/2014,HOB,NM,ASW,CE,Federal Contract Tower,0,4,2,0,6,0,5,5,3,13,0,9,7,3,19,0,0,0,19
12/04/2014,HOB,NM,ASW,CE,Federal Contract Tower,0,7,10,0,17,0,2,8,0,10,0,9,18,0,27,0,0,0,27
12/05/2014,HOB,NM,ASW,CE,Federal Contract Tower,0,6,2,0,8,0,3,3,0,6,0,9,5,0,14,0,0,0,14
12/06/2014,HOB,NM,ASW,CE,Federal Contract Tower,0,1,3,0,4,0,4,14,0,18,0,5,17,0,22,8,0,8,30
12/07/2014,HOB,NM,ASW,CE,Federal Contract Tower,0,3,3,0,6,0,0,1,0,1,0,3,4,0,7,0,0,0,7
12/08/2014,HOB,NM,ASW,CE,Federal Contract Tower,0,6,8,0,14,0,1,6,0,7,0,7,14,0,21,0,0,0,21
12/09/2014,HOB,NM,ASW,CE,Federal Contract Tower,0,5,9,2,16,0,0,2,0,2,0,5,11,2,18,0,0,0,18
12/10/2014,HOB,NM,ASW,CE,Federal Contract Tower,0,5,10,0,15,0,0,6,0,6,0,5,16,0,21,2,0,2,23
12/11/2014,HOB,NM,ASW,CE,Federal Contract Tower,0,7,9,0,16,0,2,0,0,2,0,9,9,0,18,0,0,0,18
12/12/2014,HOB,NM,ASW,CE,Federal Contract Tower,0,6,6,0,12,0,2,8,0,10,0,8,14,0,22,0,0,0,22
12/13/2014,HOB,NM,ASW,CE,Federal Contract Tower,0,1,4,0,5,0,2,0,0,2,0,3,4,0,7,0,0,0,7
12/14/2014,HOB,NM,ASW,CE,Federal Contract Tower,0,3,3,0,6,0,2,7,0,9,0,5,10,0,15,0,0,0,15
12/15/2014,HOB,NM,ASW,CE,Federal Contract Tower,0,5,3,0,8,0,2,8,0,10,0,7,11,0,18,0,0,0,18
12/16/2014,HOB,NM,ASW,CE,Federal Contract Tower,0,3,4,0,7,0,4,7,0,11,0,7,11,0,18,0,0,0,18
12/17/2014,HOB,NM,ASW,CE,Federal Contract Tower,0,9,8,0,17,0,4,5,0,9,0,13,13,0,26,0,0,0,26
12/18/2014,HOB,NM,ASW,CE,Federal Contract Tower,0,7,5,0,12,0,2,17,0,19,0,9,22,0,31,0,0,0,31
12/19/2014,HOB,NM,ASW,CE,Federal Contract Tower,0,8,6,0,14,0,3,4,0,7,0,11,10,0,21,0,0,0,21
12/20/2014,HOB,NM,ASW,CE,Federal Contract Tower,0,1,3,0,4,0,0,4,2,6,0,1,7,2,10,0,0,0,10
12/21/2014,HOB,NM,ASW,CE,Federal Contract Tower,0,3,4,2,9,0,0,5,0,5,0,3,9,2,14,10,0,10,24
12/22/2014,HOB,NM,ASW,CE,Federal Contract Tower,0,6,2,0,8,0,1,4,0,5,0,7,6,0,13,0,0,0,13
12/23/2014,HOB,NM,ASW,CE,Federal Contract Tower,0,8,2,0,10,0,1,2,0,3,0,9,4,0,13,0,0,0,13
12/24/2014,HOB,NM,ASW,CE,Federal Contract Tower,0,8,1,0,9,0,5,10,0,15,0,13,11,0,24,0,0,0,24
12/25/2014,HOB,NM,ASW,CE,Federal Contract Tower,0,1,4,0,5,0,2,4,0,6,0,3,8,0,11,0,0,0,11
12/26/2014,HOB,NM,ASW,CE,Federal Contract Tower,0,6,3,0,9,0,3,10,0,13,0,9,13,0,22,12,0,12,34
12/27/2014,HOB,NM,ASW,CE,Federal Contract Tower,0,0,2,0,2,0,0,0,0,0,0,0,2,0,2,0,0,0,2
12/28/2014,HOB,NM,ASW,CE,Federal Contract Tower,0,4,3,0,7,0,2,10,0,12,0,6,13,0,19,2,0,2,21
12/29/2014,HOB,NM,ASW,CE,Federal Contract Tower,0,6,1,0,7,0,2,15,0,17,0,8,16,0,24,6,0,6,30
12/30/2014,HOB,NM,ASW,CE,Federal Contract Tower,0,2,0,0,2,0,0,0,0,0,0,2,0,0,2,0,0,0,2
12/31/2014,HOB,NM,ASW,CE,Federal Contract Tower,0,0,2,0,2,0,0,0,0,0,0,0,2,0,2,0,0,0,2
01/01/2015,HOB,NM,ASW,CE,Federal Contract Tower,0,0,0,0,0,0,0,0,0,0,0,0,0,0,0,0,0,0,0
01/02/2015,HOB,NM,ASW,CE,Federal Contract Tower,0,0,0,0,0,0,0,0,0,0,0,0,0,0,0,0,0,0,0
01/03/2015,HOB,NM,ASW,CE,Federal Contract Tower,0,3,3,0,6,0,0,6,0,6,0,3,9,0,12,0,0,0,12
01/04/2015,HOB,NM,ASW,CE,Federal Contract Tower,0,3,1,0,4,0,0,8,0,8,0,3,9,0,12,12,0,12,24
01/05/2015,HOB,NM,ASW,CE,Federal Contract Tower,0,6,6,0,12,0,1,10,0,11,0,7,16,0,23,0,0,0,23
01/06/2015,HOB,NM,ASW,CE,Federal Contract Tower,0,4,3,0,7,0,3,10,0,13,0,7,13,0,20,6,0,6,26
01/07/2015,HOB,NM,ASW,CE,Federal Contract Tower,0,5,3,2,10,0,0,2,0,2,0,5,5,2,12,0,4,4,16
01/08/2015,HOB,NM,ASW,CE,Federal Contract Tower,0,8,10,0,18,0,2,7,2,11,0,10,17,2,29,0,0,0,29
01/09/2015,HOB,NM,ASW,CE,Federal Contract Tower,0,7,2,0,9,0,0,4,2,6,0,7,6,2,15,2,0,2,17
01/10/2015,HOB,NM,ASW,CE,Federal Contract Tower,0,3,2,0,5,0,0,3,2,5,0,3,5,2,10,0,2,2,12
01/11/2015,HOB,NM,ASW,CE,Federal Contract Tower,0,3,4,0,7,0,2,12,0,14,0,5,16,0,21,12,0,12,33
01/12/2015,HOB,NM,ASW,CE,Federal Contract Tower,0,10,3,0,13,0,0,0,0,0,0,10,3,0,13,0,0,0,13
01/13/2015,HOB,NM,ASW,CE,Federal Contract Tower,0,1,5,0,6,0,0,0,0,0,0,1,5,0,6,0,0,0,6
01/14/2015,HOB,NM,ASW,CE,Federal Contract Tower,0,6,4,0,10,0,0,1,0,1,0,6,5,0,11,0,0,0,11
01/15/2015,HOB,NM,ASW,CE,Federal Contract Tower,0,7,5,0,12,0,5,10,10,25,0,12,15,10,37,0,0,0,37
01/16/2015,HOB,NM,ASW,CE,Federal Contract Tower,0,6,4,0,10,0,1,19,2,22,0,7,23,2,32,0,0,0,32
01/17/2015,HOB,NM,ASW,CE,Federal Contract Tower,0,1,5,4,10,0,0,5,1,6,0,1,10,5,16,0,20,20,36
01/18/2015,HOB,NM,ASW,CE,Federal Contract Tower,0,3,0,0,3,0,0,6,0,6,0,3,6,0,9,6,0,6,15
01/19/2015,HOB,NM,ASW,CE,Federal Contract Tower,0,5,3,0,8,0,4,18,0,22,0,9,21,0,30,0,0,0,30
01/20/2015,HOB,NM,ASW,CE,Federal Contract Tower,0,4,5,12,21,0,1,17,2,20,0,5,22,14,41,4,6,10,51
01/21/2015,HOB,NM,ASW,CE,Federal Contract Tower,0,5,7,0,12,0,0,6,2,8,0,5,13,2,20,0,0,0,20
01/22/2015,HOB,NM,ASW,CE,Federal Contract Tower,0,5,3,0,8,0,0,0,0,0,0,5,3,0,8,0,0,0,8
01/23/2015,HOB,NM,ASW,CE,Federal Contract Tower,0,6,2,0,8,0,1,15,0,16,0,7,17,0,24,0,0,0,24
01/24/2015,HOB,NM,ASW,CE,Federal Contract Tower,0,1,0,0,1,0,0,25,0,25,0,1,25,0,26,0,0,0,26
01/25/2015,HOB,NM,ASW,CE,Federal Contract Tower,0,3,3,0,6,0,0,23,2,25,0,3,26,2,31,6,10,16,47
01/26/2015,HOB,NM,ASW,CE,Federal Contract Tower,0,6,2,4,12,0,3,22,6,31,0,9,24,10,43,12,0,12,55
01/27/2015,HOB,NM,ASW,CE,Federal Contract Tower,0,4,4,2,10,0,1,32,2,35,0,5,36,4,45,22,2,24,69
01/28/2015,HOB,NM,ASW,CE,Federal Contract Tower,0,4,1,0,5,0,2,19,0,21,0,6,20,0,26,20,0,20,46
01/29/2015,HOB,NM,ASW,CE,Federal Contract Tower,0,5,7,0,12,0,3,13,2,18,0,8,20,2,30,0,10,10,40
01/30/2015,HOB,NM,ASW,CE,Federal Contract Tower,0,7,3,0,10,0,0,2,0,2,0,7,5,0,12,0,0,0,12
01/31/2015,HOB,NM,ASW,CE,Federal Contract Tower,0,1,0,0,1,0,0,0,0,0,0,1,0,0,1,0,0,0,1
02/01/2015,HOB,NM,ASW,CE,Federal Contract Tower,0,4,2,0,6,0,0,1,0,1,0,4,3,0,7,0,0,0,7
02/02/2015,HOB,NM,ASW,CE,Federal Contract Tower,0,6,6,0,12,0,1,8,8,17,0,7,14,8,29,0,40,40,69
02/03/2015,HOB,NM,ASW,CE,Federal Contract Tower,0,4,2,12,18,0,1,7,10,18,0,5,9,22,36,0,32,32,68
02/04/2015,HOB,NM,ASW,CE,Federal Contract Tower,0,6,5,0,11,0,1,14,2,17,0,7,19,2,28,40,12,52,80
02/05/2015,HOB,NM,ASW,CE,Federal Contract Tower,0,5,8,4,17,0,2,3,6,11,0,7,11,10,28,0,0,0,28
02/06/2015,HOB,NM,ASW,CE,Federal Contract Tower,0,4,1,2,7,0,5,15,8,28,0,9,16,10,35,0,0,0,35
02/07/2015,HOB,NM,ASW,CE,Federal Contract Tower,0,1,0,0,1,0,0,10,12,22,0,1,10,12,23,0,0,0,23
02/08/2015,HOB,NM,ASW,CE,Federal Contract Tower,0,3,3,0,6,0,0,3,0,3,0,3,6,0,9,0,0,0,9
02/09/2015,HOB,NM,ASW,CE,Federal Contract Tower,0,6,5,0,11,0,1,7,10,18,0,7,12,10,29,0,4,4,33
02/10/2015,HOB,NM,ASW,CE,Federal Contract Tower,0,3,3,0,6,0,6,12,0,18,0,9,15,0,24,8,0,8,32
02/11/2015,HOB,NM,ASW,CE,Federal Contract Tower,0,5,3,2,10,0,0,5,0,5,0,5,8,2,15,0,0,0,15
02/12/2015,HOB,NM,ASW,CE,Federal Contract Tower,0,6,3,0,9,0,1,4,0,5,0,7,7,0,14,0,0,0,14
02/13/2015,HOB,NM,ASW,CE,Federal Contract Tower,0,6,1,0,7,0,1,17,4,22,0,7,18,4,29,2,0,2,31
02/14/2015,HOB,NM,ASW,CE,Federal Contract Tower,0,1,1,6,8,0,0,10,4,14,0,1,11,10,22,0,0,0,22
02/15/2015,HOB,NM,ASW,CE,Federal Contract Tower,0,3,2,0,5,0,0,6,0,6,0,3,8,0,11,4,0,4,15
02/16/2015,HOB,NM,ASW,CE,Federal Contract Tower,0,6,1,0,7,0,3,9,4,16,0,9,10,4,23,0,0,0,23
02/17/2015,HOB,NM,ASW,CE,Federal Contract Tower,0,7,11,3,21,0,3,7,1,11,0,10,18,4,32,0,12,12,44
02/18/2015,HOB,NM,ASW,CE,Federal Contract Tower,0,5,9,0,14,0,4,10,2,16,0,9,19,2,30,0,12,12,42
02/19/2015,HOB,NM,ASW,CE,Federal Contract Tower,0,10,3,2,15,0,6,6,10,22,0,16,9,12,37,0,2,2,39
02/20/2015,HOB,NM,ASW,CE,Federal Contract Tower,0,5,8,0,13,0,0,7,2,9,0,5,15,2,22,0,2,2,24
02/21/2015,HOB,NM,ASW,CE,Federal Contract Tower,0,1,2,0,3,0,0,13,0,13,0,1,15,0,16,10,0,10,26
02/22/2015,HOB,NM,ASW,CE,Federal Contract Tower,0,4,3,0,7,0,0,0,0,0,0,4,3,0,7,0,0,0,7
02/23/2015,HOB,NM,ASW,CE,Federal Contract Tower,0,4,2,0,6,0,0,0,0,0,0,4,2,0,6,0,0,0,6
02/24/2015,HOB,NM,ASW,CE,Federal Contract Tower,0,3,4,0,7,0,0,1,0,1,0,3,5,0,8,0,0,0,8
02/25/2015,HOB,NM,ASW,CE,Federal Contract Tower,0,3,10,8,21,0,1,30,16,47,0,4,40,24,68,0,14,14,82
02/26/2015,HOB,NM,ASW,CE,Federal Contract Tower,0,4,4,0,8,0,2,9,0,11,0,6,13,0,19,0,0,0,19
02/27/2015,HOB,NM,ASW,CE,Federal Contract Tower,0,6,5,0,11,0,0,0,0,0,0,6,5,0,11,0,0,0,11
02/28/2015,HOB,NM,ASW,CE,Federal Contract Tower,0,2,2,0,4,0,0,0,0,0,0,2,2,0,4,0,0,0,4
03/01/2015,HOB,NM,ASW,CE,Federal Contract Tower,0,4,5,0,9,0,0,0,0,0,0,4,5,0,9,0,0,0,9
03/02/2015,HOB,NM,ASW,CE,Federal Contract Tower,0,6,2,0,8,0,0,0,4,4,0,6,2,4,12,0,0,0,12
03/03/2015,HOB,NM,ASW,CE,Federal Contract Tower,0,2,10,14,26,0,1,7,4,12,0,3,17,18,38,8,0,8,46
03/04/2015,HOB,NM,ASW,CE,Federal Contract Tower,0,5,3,0,8,0,0,1,0,1,0,5,4,0,9,0,0,0,9
03/05/2015,HOB,NM,ASW,CE,Federal Contract Tower,0,4,5,0,9,0,2,10,36,48,0,6,15,36,57,0,32,32,89
03/06/2015,HOB,NM,ASW,CE,Federal Contract Tower,0,6,5,1,12,0,1,18,11,30,0,7,23,12,42,0,10,10,52
03/07/2015,HOB,NM,ASW,CE,Federal Contract Tower,0,3,4,4,11,0,0,14,2,16,0,3,18,6,27,12,0,12,39
03/08/2015,HOB,NM,ASW,CE,Federal Contract Tower,0,3,3,0,6,0,2,5,0,7,0,5,8,0,13,0,0,0,13
03/09/2015,HOB,NM,ASW,CE,Federal Contract Tower,0,4,8,0,12,0,1,11,4,16,0,5,19,4,28,2,0,2,30
03/10/2015,HOB,NM,ASW,CE,Federal Contract Tower,0,5,4,0,9,0,1,11,0,12,0,6,15,0,21,0,0,0,21
03/11/2015,HOB,NM,ASW,CE,Federal Contract Tower,0,4,5,0,9,0,1,16,2,19,0,5,21,2,28,0,20,20,48
03/12/2015,HOB,NM,ASW,CE,Federal Contract Tower,0,5,4,4,13,0,0,13,6,19,0,5,17,10,32,0,0,0,32
03/13/2015,HOB,NM,ASW,CE,Federal Contract Tower,0,5,1,0,6,0,2,16,2,20,0,7,17,2,26,0,0,0,26
03/14/2015,HOB,NM,ASW,CE,Federal Contract Tower,0,1,1,0,2,0,0,6,0,6,0,1,7,0,8,0,0,0,8
03/15/2015,HOB,NM,ASW,CE,Federal Contract Tower,0,3,0,0,3,0,0,10,0,10,0,3,10,0,13,0,0,0,13
03/16/2015,HOB,NM,ASW,CE,Federal Contract Tower,0,3,3,0,6,0,4,6,0,10,0,7,9,0,16,0,0,0,16
03/17/2015,HOB,NM,ASW,CE,Federal Contract Tower,0,3,8,0,11,0,2,0,0,2,0,5,8,0,13,0,0,0,13
03/18/2015,HOB,NM,ASW,CE,Federal Contract Tower,0,5,12,0,17,0,1,11,0,12,0,6,23,0,29,0,0,0,29
03/19/2015,HOB,NM,ASW,CE,Federal Contract Tower,0,9,11,0,20,0,0,11,0,11,0,9,22,0,31,6,0,6,37
03/20/2015,HOB,NM,ASW,CE,Federal Contract Tower,0,5,7,0,12,0,0,1,0,1,0,5,8,0,13,8,0,8,21
03/21/2015,HOB,NM,ASW,CE,Federal Contract Tower,0,1,8,0,9,0,0,0,0,0,0,1,8,0,9,0,0,0,9
03/22/2015,HOB,NM,ASW,CE,Federal Contract Tower,0,3,3,0,6,0,0,27,0,27,0,3,30,0,33,0,0,0,33
03/23/2015,HOB,NM,ASW,CE,Federal Contract Tower,0,4,0,0,4,0,1,7,0,8,0,5,7,0,12,0,0,0,12
03/24/2015,HOB,NM,ASW,CE,Federal Contract Tower,0,7,10,0,17,0,1,23,0,24,0,8,33,0,41,0,0,0,41
03/25/2015,HOB,NM,ASW,CE,Federal Contract Tower,0,5,5,0,10,0,2,19,0,21,0,7,24,0,31,8,0,8,39
03/26/2015,HOB,NM,ASW,CE,Federal Contract Tower,0,5,9,0,14,0,0,8,0,8,0,5,17,0,22,0,0,0,22
03/27/2015,HOB,NM,ASW,CE,Federal Contract Tower,0,7,7,0,14,0,0,10,0,10,0,7,17,0,24,0,0,0,24
03/28/2015,HOB,NM,ASW,CE,Federal Contract Tower,0,1,4,0,5,0,5,11,0,16,0,6,15,0,21,4,0,4,25
03/29/2015,HOB,NM,ASW,CE,Federal Contract Tower,0,3,3,0,6,0,0,11,0,11,0,3,14,0,17,6,0,6,23
03/30/2015,HOB,NM,ASW,CE,Federal Contract Tower,0,5,2,0,7,0,0,16,0,16,0,5,18,0,23,6,0,6,29
03/31/2015,HOB,NM,ASW,CE,Federal Contract Tower,0,4,6,0,10,0,1,13,0,14,0,5,19,0,24,2,0,2,26
04/01/2015,HOB,NM,ASW,CE,Federal Contract Tower,0,5,2,0,7,0,0,22,0,22,0,5,24,0,29,2,0,2,31
04/02/2015,HOB,NM,ASW,CE,Federal Contract Tower,0,5,7,0,12,0,0,9,0,9,0,5,16,0,21,0,0,0,21
04/03/2015,HOB,NM,ASW,CE,Federal Contract Tower,0,4,1,0,5,0,2,13,0,15,0,6,14,0,20,0,0,0,20
04/04/2015,HOB,NM,ASW,CE,Federal Contract Tower,0,1,0,0,1,0,0,4,0,4,0,1,4,0,5,0,0,0,5
04/05/2015,HOB,NM,ASW,CE,Federal Contract Tower,0,3,3,0,6,0,2,7,0,9,0,5,10,0,15,0,0,0,15
04/06/2015,HOB,NM,ASW,CE,Federal Contract Tower,0,4,6,0,10,0,3,8,0,11,0,7,14,0,21,0,0,0,21
04/07/2015,HOB,NM,ASW,CE,Federal Contract Tower,0,2,7,0,9,0,1,16,0,17,0,3,23,0,26,0,0,0,26
04/08/2015,HOB,NM,ASW,CE,Federal Contract Tower,0,3,3,0,6,0,2,6,0,8,0,5,9,0,14,0,0,0,14
04/09/2015,HOB,NM,ASW,CE,Federal Contract Tower,0,5,8,0,13,0,4,7,0,11,0,9,15,0,24,0,0,0,24
04/10/2015,HOB,NM,ASW,CE,Federal Contract Tower,0,9,4,0,13,0,0,14,0,14,0,9,18,0,27,0,0,0,27
04/11/2015,HOB,NM,ASW,CE,Federal Contract Tower,0,1,2,0,3,0,0,17,0,17,0,1,19,0,20,2,0,2,22
04/12/2015,HOB,NM,ASW,CE,Federal Contract Tower,0,3,4,0,7,0,2,7,0,9,0,5,11,0,16,0,0,0,16
04/13/2015,HOB,NM,ASW,CE,Federal Contract Tower,0,5,3,0,8,0,0,0,0,0,0,5,3,0,8,0,0,0,8
04/14/2015,HOB,NM,ASW,CE,Federal Contract Tower,0,3,5,0,8,0,1,18,0,19,0,4,23,0,27,0,0,0,27
04/15/2015,HOB,NM,ASW,CE,Federal Contract Tower,0,5,7,0,12,0,2,17,0,19,0,7,24,0,31,0,0,0,31
04/16/2015,HOB,NM,ASW,CE,Federal Contract Tower,0,5,5,0,10,0,0,9,0,9,0,5,14,0,19,0,0,0,19
04/17/2015,HOB,NM,ASW,CE,Federal Contract Tower,0,4,4,0,8,0,0,11,2,13,0,4,15,2,21,0,0,0,21
04/18/2015,HOB,NM,ASW,CE,Federal Contract Tower,0,2,0,0,2,0,0,13,0,13,0,2,13,0,15,0,0,0,15
04/19/2015,HOB,NM,ASW,CE,Federal Contract Tower,0,3,1,0,4,0,2,11,0,13,0,5,12,0,17,0,0,0,17
04/20/2015,HOB,NM,ASW,CE,Federal Contract Tower,0,4,6,0,10,0,2,11,0,13,0,6,17,0,23,0,0,0,23
04/21/2015,HOB,NM,ASW,CE,Federal Contract Tower,0,3,6,0,9,0,5,15,0,20,0,8,21,0,29,0,0,0,29
04/22/2015,HOB,NM,ASW,CE,Federal Contract Tower,0,7,8,0,15,0,0,12,0,12,0,7,20,0,27,6,0,6,33
04/23/2015,HOB,NM,ASW,CE,Federal Contract Tower,0,5,4,0,9,0,2,16,0,18,0,7,20,0,27,2,0,2,29
04/24/2015,HOB,NM,ASW,CE,Federal Contract Tower,0,6,1,0,7,0,1,9,0,10,0,7,10,0,17,0,0,0,17
04/25/2015,HOB,NM,ASW,CE,Federal Contract Tower,0,1,0,0,1,0,0,9,0,9,0,1,9,0,10,0,0,0,10
04/26/2015,HOB,NM,ASW,CE,Federal Contract Tower,0,3,7,0,10,0,2,4,0,6,0,5,11,0,16,0,0,0,16
04/27/2015,HOB,NM,ASW,CE,Federal Contract Tower,0,5,6,0,11,0,0,7,0,7,0,5,13,0,18,0,0,0,18
04/28/2015,HOB,NM,ASW,CE,Federal Contract Tower,0,3,6,0,9,0,2,17,0,19,0,5,23,0,28,16,0,16,44
04/29/2015,HOB,NM,ASW,CE,Federal Contract Tower,0,3,6,0,9,0,2,30,0,32,0,5,36,0,41,0,0,0,41
04/30/2015,HOB,NM,ASW,CE,Federal Contract Tower,0,3,2,4,9,0,2,16,0,18,0,5,18,4,27,0,0,0,27
05/01/2015,HOB,NM,ASW,CE,Federal Contract Tower,0,5,9,0,14,0,0,23,0,23,0,5,32,0,37,4,0,4,41
05/02/2015,HOB,NM,ASW,CE,Federal Contract Tower,0,1,3,0,4,0,0,7,0,7,0,1,10,0,11,0,0,0,11
05/03/2015,HOB,NM,ASW,CE,Federal Contract Tower,0,3,3,0,6,0,0,9,0,9,0,3,12,0,15,2,0,2,17
05/04/2015,HOB,NM,ASW,CE,Federal Contract Tower,0,3,5,4,12,0,2,11,2,15,0,5,16,6,27,6,6,12,39
05/05/2015,HOB,NM,ASW,CE,Federal Contract Tower,0,7,1,2,10,0,3,4,0,7,0,10,5,2,17,0,0,0,17
05/06/2015,HOB,NM,ASW,CE,Federal Contract Tower,0,5,3,0,8,0,0,41,0,41,0,5,44,0,49,8,0,8,57
05/07/2015,HOB,NM,ASW,CE,Federal Contract Tower,0,5,5,0,10,0,0,5,0,5,0,5,10,0,15,0,0,0,15
05/08/2015,HOB,NM,ASW,CE,Federal Contract Tower,0,9,3,0,12,0,2,17,0,19,0,11,20,0,31,6,0,6,37
05/09/2015,HOB,NM,ASW,CE,Federal Contract Tower,0,1,1,0,2,0,0,8,0,8,0,1,9,0,10,0,0,0,10
05/10/2015,HOB,NM,ASW,CE,Federal Contract Tower,0,3,5,0,8,0,0,14,0,14,0,3,19,0,22,0,0,0,22
05/11/2015,HOB,NM,ASW,CE,Federal Contract Tower,0,5,3,3,11,0,2,17,3,22,0,7,20,6,33,18,10,28,61
05/12/2015,HOB,NM,ASW,CE,Federal Contract Tower,0,5,9,0,14,0,0,2,0,2,0,5,11,0,16,0,0,0,16
05/13/2015,HOB,NM,ASW,CE,Federal Contract Tower,0,5,4,0,9,0,0,12,0,12,0,5,16,0,21,0,0,0,21
05/14/2015,HOB,NM,ASW,CE,Federal Contract Tower,0,9,6,0,15,0,0,8,0,8,0,9,14,0,23,14,0,14,37
05/15/2015,HOB,NM,ASW,CE,Federal Contract Tower,0,5,7,0,12,0,0,8,0,8,0,5,15,0,20,24,0,24,44
05/16/2015,HOB,NM,ASW,CE,Federal Contract Tower,0,0,3,0,3,0,0,2,0,2,0,0,5,0,5,0,0,0,5
05/17/2015,HOB,NM,ASW,CE,Federal Contract Tower,0,3,1,0,4,0,0,1,0,1,0,3,2,0,5,0,0,0,5
05/18/2015,HOB,NM,ASW,CE,Federal Contract Tower,0,6,17,0,23,0,3,12,0,15,0,9,29,0,38,4,0,4,42
05/19/2015,HOB,NM,ASW,CE,Federal Contract Tower,0,5,13,0,18,0,0,6,0,6,0,5,19,0,24,0,0,0,24
05/20/2015,HOB,NM,ASW,CE,Federal Contract Tower,0,4,15,0,19,0,1,0,0,1,0,5,15,0,20,0,0,0,20
05/21/2015,HOB,NM,ASW,CE,Federal Contract Tower,0,5,11,0,16,0,0,0,0,0,0,5,11,0,16,0,0,0,16
05/22/2015,HOB,NM,ASW,CE,Federal Contract Tower,0,5,13,0,18,0,0,3,0,3,0,5,16,0,21,0,0,0,21
05/23/2015,HOB,NM,ASW,CE,Federal Contract Tower,0,1,2,0,3,0,0,9,2,11,0,1,11,2,14,6,0,6,20
05/24/2015,HOB,NM,ASW,CE,Federal Contract Tower,0,3,0,0,3,0,0,9,0,9,0,3,9,0,12,2,0,2,14
05/25/2015,HOB,NM,ASW,CE,Federal Contract Tower,0,3,3,0,6,0,0,7,0,7,0,3,10,0,13,0,0,0,13
05/26/2015,HOB,NM,ASW,CE,Federal Contract Tower,0,5,5,0,10,0,0,27,0,27,0,5,32,0,37,0,0,0,37
05/27/2015,HOB,NM,ASW,CE,Federal Contract Tower,0,4,6,0,10,0,0,11,0,11,0,4,17,0,21,0,0,0,21
05/28/2015,HOB,NM,ASW,CE,Federal Contract Tower,0,5,3,0,8,0,0,5,0,5,0,5,8,0,13,0,0,0,13
05/29/2015,HOB,NM,ASW,CE,Federal Contract Tower,0,7,3,0,10,0,1,11,0,12,0,8,14,0,22,0,0,0,22
05/30/2015,HOB,NM,ASW,CE,Federal Contract Tower,0,1,3,0,4,0,1,2,0,3,0,2,5,0,7,0,0,0,7
05/31/2015,HOB,NM,ASW,CE,Federal Contract Tower,0,2,7,0,9,0,0,4,0,4,0,2,11,0,13,8,0,8,21
06/01/2015,HOB,NM,ASW,CE,Federal Contract Tower,0,4,5,4,13,0,1,10,0,11,0,5,15,4,24,0,0,0,24
06/02/2015,HOB,NM,ASW,CE,Federal Contract Tower,0,5,4,0,9,0,1,16,0,17,0,6,20,0,26,0,0,0,26
06/03/2015,HOB,NM,ASW,CE,Federal Contract Tower,0,5,8,0,13,0,0,5,0,5,0,5,13,0,18,0,0,0,18
06/04/2015,HOB,NM,ASW,CE,Federal Contract Tower,0,5,8,0,13,0,0,15,0,15,0,5,23,0,28,8,0,8,36
06/05/2015,HOB,NM,ASW,CE,Federal Contract Tower,0,6,8,0,14,0,1,12,0,13,0,7,20,0,27,0,0,0,27
06/06/2015,HOB,NM,ASW,CE,Federal Contract Tower,0,1,0,0,1,0,0,3,0,3,0,1,3,0,4,2,0,2,6
06/07/2015,HOB,NM,ASW,CE,Federal Contract Tower,0,4,4,0,8,0,1,11,0,12,0,5,15,0,20,0,0,0,20
06/08/2015,HOB,NM,ASW,CE,Federal Contract Tower,0,7,6,0,13,0,3,7,2,12,0,10,13,2,25,2,22,24,49
06/09/2015,HOB,NM,ASW,CE,Federal Contract Tower,0,5,5,0,10,0,0,13,0,13,0,5,18,0,23,46,0,46,69
06/10/2015,HOB,NM,ASW,CE,Federal Contract Tower,0,6,4,0,10,0,0,15,0,15,0,6,19,0,25,18,0,18,43
06/11/2015,HOB,NM,ASW,CE,Federal Contract Tower,0,4,4,0,8,0,1,14,0,15,0,5,18,0,23,0,0,0,23
06/12/2015,HOB,NM,ASW,CE,Federal Contract Tower,0,5,2,0,7,0,0,8,0,8,0,5,10,0,15,0,0,0,15
06/13/2015,HOB,NM,ASW,CE,Federal Contract Tower,0,1,6,0,7,0,0,8,0,8,0,1,14,0,15,0,0,0,15
06/14/2015,HOB,NM,ASW,CE,Federal Contract Tower,0,3,5,0,8,0,0,15,0,15,0,3,20,0,23,0,0,0,23
06/15/2015,HOB,NM,ASW,CE,Federal Contract Tower,0,4,3,0,7,0,0,9,2,11,0,4,12,2,18,6,0,6,24
06/16/2015,HOB,NM,ASW,CE,Federal Contract Tower,0,5,13,0,18,0,0,6,0,6,0,5,19,0,24,0,0,0,24
06/17/2015,HOB,NM,ASW,CE,Federal Contract Tower,0,5,6,0,11,0,0,7,2,9,0,5,13,2,20,0,0,0,20
06/18/2015,HOB,NM,ASW,CE,Federal Contract Tower,0,5,9,2,16,0,0,14,0,14,0,5,23,2,30,2,0,2,32
06/19/2015,HOB,NM,ASW,CE,Federal Contract Tower,0,5,7,0,12,0,2,15,0,17,0,7,22,0,29,2,0,2,31
06/20/2015,HOB,NM,ASW,CE,Federal Contract Tower,0,1,7,0,8,0,0,100,2,102,0,1,107,2,110,56,2,58,168
06/21/2015,HOB,NM,ASW,CE,Federal Contract Tower,0,3,13,0,16,0,0,18,0,18,0,3,31,0,34,52,0,52,86
06/22/2015,HOB,NM,ASW,CE,Federal Contract Tower,0,5,6,0,11,0,0,10,0,10,0,5,16,0,21,0,0,0,21
06/23/2015,HOB,NM,ASW,CE,Federal Contract Tower,0,5,3,0,8,0,0,14,0,14,0,5,17,0,22,0,0,0,22
06/24/2015,HOB,NM,ASW,CE,Federal Contract Tower,0,5,8,0,13,0,1,27,0,28,0,6,35,0,41,54,0,54,95
06/25/2015,HOB,NM,ASW,CE,Federal Contract Tower,0,5,9,0,14,0,0,14,0,14,0,5,23,0,28,0,0,0,28
06/26/2015,HOB,NM,ASW,CE,Federal Contract Tower,0,5,2,0,7,0,0,16,0,16,0,5,18,0,23,0,0,0,23
06/27/2015,HOB,NM,ASW,CE,Federal Contract Tower,0,1,1,0,2,0,2,11,0,13,0,3,12,0,15,0,0,0,15
06/28/2015,HOB,NM,ASW,CE,Federal Contract Tower,0,3,2,0,5,0,0,15,0,15,0,3,17,0,20,0,0,0,20
06/29/2015,HOB,NM,ASW,CE,Federal Contract Tower,0,5,2,2,9,0,2,9,0,11,0,7,11,2,20,0,0,0,20
06/30/2015,HOB,NM,ASW,CE,Federal Contract Tower,0,4,4,0,8,0,1,15,0,16,0,5,19,0,24,42,0,42,66
07/01/2015,HOB,NM,ASW,CE,Federal Contract Tower,0,5,11,0,16,0,0,11,4,15,0,5,22,4,31,0,0,0,31
07/02/2015,HOB,NM,ASW,CE,Federal Contract Tower,0,5,5,2,12,0,0,13,0,13,0,5,18,2,25,0,0,0,25
07/03/2015,HOB,NM,ASW,CE,Federal Contract Tower,0,5,1,0,6,0,1,6,0,7,0,6,7,0,13,0,0,0,13
07/04/2015,HOB,NM,ASW,CE,Federal Contract Tower,0,1,0,0,1,0,1,2,0,3,0,2,2,0,4,0,0,0,4
07/05/2015,HOB,NM,ASW,CE,Federal Contract Tower,0,3,2,0,5,0,2,6,0,8,0,5,8,0,13,0,0,0,13
07/06/2015,HOB,NM,ASW,CE,Federal Contract Tower,0,4,3,0,7,0,3,6,0,9,0,7,9,0,16,0,0,0,16
07/07/2015,HOB,NM,ASW,CE,Federal Contract Tower,0,5,6,0,11,0,0,2,0,2,0,5,8,0,13,0,0,0,13
07/08/2015,HOB,NM,ASW,CE,Federal Contract Tower,0,5,2,0,7,0,4,6,0,10,0,9,8,0,17,0,0,0,17
07/09/2015,HOB,NM,ASW,CE,Federal Contract Tower,0,5,9,2,16,0,0,13,0,13,0,5,22,2,29,0,0,0,29
07/10/2015,HOB,NM,ASW,CE,Federal Contract Tower,0,6,6,0,12,0,0,13,0,13,0,6,19,0,25,6,0,6,31
07/11/2015,HOB,NM,ASW,CE,Federal Contract Tower,0,1,2,0,3,0,0,17,0,17,0,1,19,0,20,0,0,0,20
07/12/2015,HOB,NM,ASW,CE,Federal Contract Tower,0,3,5,0,8,0,0,17,0,17,0,3,22,0,25,0,0,0,25
07/13/2015,HOB,NM,ASW,CE,Federal Contract Tower,0,5,3,0,8,0,2,12,0,14,0,7,15,0,22,0,0,0,22
07/14/2015,HOB,NM,ASW,CE,Federal Contract Tower,0,5,5,0,10,0,0,23,0,23,0,5,28,0,33,0,0,0,33
07/15/2015,HOB,NM,ASW,CE,Federal Contract Tower,0,5,6,0,11,0,0,21,0,21,0,5,27,0,32,0,0,0,32
07/16/2015,HOB,NM,ASW,CE,Federal Contract Tower,0,5,3,2,10,0,0,12,5,17,0,5,15,7,27,2,0,2,29
07/17/2015,HOB,NM,ASW,CE,Federal Contract Tower,0,5,1,4,10,0,4,21,3,28,0,9,22,7,38,0,0,0,38
07/18/2015,HOB,NM,ASW,CE,Federal Contract Tower,0,1,2,0,3,0,1,6,9,16,0,2,8,9,19,0,2,2,21
07/19/2015,HOB,NM,ASW,CE,Federal Contract Tower,0,3,4,0,7,0,0,2,0,2,0,3,6,0,9,0,0,0,9
07/20/2015,HOB,NM,ASW,CE,Federal Contract Tower,0,3,4,0,7,0,2,10,0,12,0,5,14,0,19,0,0,0,19
07/21/2015,HOB,NM,ASW,CE,Federal Contract Tower,0,4,0,0,4,0,3,6,0,9,0,7,6,0,13,2,0,2,15
07/22/2015,HOB,NM,ASW,CE,Federal Contract Tower,0,4,4,0,8,0,5,11,0,16,0,9,15,0,24,0,0,0,24
07/23/2015,HOB,NM,ASW,CE,Federal Contract Tower,0,5,7,0,12,0,0,6,0,6,0,5,13,0,18,12,0,12,30
07/24/2015,HOB,NM,ASW,CE,Federal Contract Tower,0,5,1,0,6,0,4,11,0,15,0,9,12,0,21,10,0,10,31
07/25/2015,HOB,NM,ASW,CE,Federal Contract Tower,0,1,0,0,1,0,0,5,0,5,0,1,5,0,6,0,0,0,6
07/26/2015,HOB,NM,ASW,CE,Federal Contract Tower,0,3,1,0,4,0,0,9,0,9,0,3,10,0,13,0,0,0,13
07/27/2015,HOB,NM,ASW,CE,Federal Contract Tower,0,3,0,0,3,0,4,5,0,9,0,7,5,0,12,0,0,0,12
07/28/2015,HOB,NM,ASW,CE,Federal Contract Tower,0,5,8,0,13,0,6,7,0,13,0,11,15,0,26,16,0,16,42
07/29/2015,HOB,NM,ASW,CE,Federal Contract Tower,0,4,7,0,11,0,1,16,0,17,0,5,23,0,28,0,0,0,28
07/30/2015,HOB,NM,ASW,CE,Federal Contract Tower,0,4,12,2,18,0,3,11,0,14,0,7,23,2,32,0,2,2,34
07/31/2015,HOB,NM,ASW,CE,Federal Contract Tower,0,6,3,0,9,0,2,15,0,17,0,8,18,0,26,0,0,0,26
08/01/2015,HOB,NM,ASW,CE,Federal Contract Tower,0,2,1,0,3,0,0,7,0,7,0,2,8,0,10,0,0,0,10
08/02/2015,HOB,NM,ASW,CE,Federal Contract Tower,0,3,3,0,6,0,0,2,0,2,0,3,5,0,8,0,0,0,8
08/03/2015,HOB,NM,ASW,CE,Federal Contract Tower,0,5,2,0,7,0,0,9,0,9,0,5,11,0,16,2,0,2,18
08/04/2015,HOB,NM,ASW,CE,Federal Contract Tower,0,5,5,0,10,0,1,2,0,3,0,6,7,0,13,8,0,8,21
08/05/2015,HOB,NM,ASW,CE,Federal Contract Tower,0,5,5,0,10,0,2,17,0,19,0,7,22,0,29,0,0,0,29
08/06/2015,HOB,NM,ASW,CE,Federal Contract Tower,0,5,4,0,9,0,0,10,0,10,0,5,14,0,19,0,0,0,19
08/07/2015,HOB,NM,ASW,CE,Federal Contract Tower,0,5,3,0,8,0,0,11,0,11,0,5,14,0,19,0,0,0,19
08/08/2015,HOB,NM,ASW,CE,Federal Contract Tower,0,1,0,0,1,0,0,9,0,9,0,1,9,0,10,0,0,0,10
08/09/2015,HOB,NM,ASW,CE,Federal Contract Tower,0,3,3,0,6,0,0,9,0,9,0,3,12,0,15,6,0,6,21
08/10/2015,HOB,NM,ASW,CE,Federal Contract Tower,0,5,0,0,5,0,2,8,0,10,0,7,8,0,15,0,0,0,15
08/11/2015,HOB,NM,ASW,CE,Federal Contract Tower,0,3,6,0,9,0,8,7,0,15,0,11,13,0,24,2,0,2,26
08/12/2015,HOB,NM,ASW,CE,Federal Contract Tower,0,3,4,0,7,0,0,16,0,16,0,3,20,0,23,0,0,0,23
08/13/2015,HOB,NM,ASW,CE,Federal Contract Tower,0,5,4,0,9,0,0,8,0,8,0,5,12,0,17,0,0,0,17
08/14/2015,HOB,NM,ASW,CE,Federal Contract Tower,0,5,5,0,10,0,2,10,0,12,0,7,15,0,22,36,0,36,58
08/15/2015,HOB,NM,ASW,CE,Federal Contract Tower,0,1,0,0,1,0,0,6,0,6,0,1,6,0,7,2,0,2,9
08/16/2015,HOB,NM,ASW,CE,Federal Contract Tower,0,3,2,0,5,0,0,9,0,9,0,3,11,0,14,0,0,0,14
08/17/2015,HOB,NM,ASW,CE,Federal Contract Tower,0,3,4,0,7,0,4,16,0,20,0,7,20,0,27,2,0,2,29
08/18/2015,HOB,NM,ASW,CE,Federal Contract Tower,0,3,0,0,3,0,3,5,0,8,0,6,5,0,11,0,0,0,11
08/19/2015,HOB,NM,ASW,CE,Federal Contract Tower,0,3,10,0,13,0,0,25,0,25,0,3,35,0,38,0,0,0,38
08/20/2015,HOB,NM,ASW,CE,Federal Contract Tower,0,5,8,0,13,0,0,16,0,16,0,5,24,0,29,2,0,2,31
08/21/2015,HOB,NM,ASW,CE,Federal Contract Tower,0,3,3,0,6,0,2,17,0,19,0,5,20,0,25,0,0,0,25
08/22/2015,HOB,NM,ASW,CE,Federal Contract Tower,0,1,0,0,1,0,0,10,0,10,0,1,10,0,11,0,0,0,11
08/23/2015,HOB,NM,ASW,CE,Federal Contract Tower,0,3,4,0,7,0,1,13,0,14,0,4,17,0,21,0,0,0,21
08/24/2015,HOB,NM,ASW,CE,Federal Contract Tower,0,5,6,0,11,0,3,8,0,11,0,8,14,0,22,0,0,0,22
08/25/2015,HOB,NM,ASW,CE,Federal Contract Tower,0,3,4,0,7,0,2,16,0,18,0,5,20,0,25,0,0,0,25
08/26/2015,HOB,NM,ASW,CE,Federal Contract Tower,0,2,10,0,12,0,2,10,0,12,0,4,20,0,24,0,0,0,24
08/27/2015,HOB,NM,ASW,CE,Federal Contract Tower,0,6,6,0,12,0,1,15,0,16,0,7,21,0,28,30,0,30,58
08/28/2015,HOB,NM,ASW,CE,Federal Contract Tower,0,4,1,0,5,0,1,8,0,9,0,5,9,0,14,0,0,0,14
08/29/2015,HOB,NM,ASW,CE,Federal Contract Tower,0,1,1,0,2,0,0,11,0,11,0,1,12,0,13,0,0,0,13
08/30/2015,HOB,NM,ASW,CE,Federal Contract Tower,0,3,6,0,9,0,0,12,0,12,0,3,18,0,21,4,0,4,25
08/31/2015,HOB,NM,ASW,CE,Federal Contract Tower,0,5,5,0,10,0,3,12,0,15,0,8,17,0,25,0,0,0,25
09/01/2015,HOB,NM,ASW,CE,Federal Contract Tower,0,3,4,0,7,0,6,17,0,23,0,9,21,0,30,4,0,4,34
09/02/2015,HOB,NM,ASW,CE,Federal Contract Tower,0,2,1,0,3,0,3,7,0,10,0,5,8,0,13,38,0,38,51
09/03/2015,HOB,NM,ASW,CE,Federal Contract Tower,0,7,6,0,13,0,0,13,0,13,0,7,19,0,26,22,0,22,48
09/04/2015,HOB,NM,ASW,CE,Federal Contract Tower,0,4,5,0,9,0,5,16,0,21,0,9,21,0,30,2,0,2,32
09/05/2015,HOB,NM,ASW,CE,Federal Contract Tower,0,1,1,0,2,0,2,13,0,15,0,3,14,0,17,0,0,0,17
09/06/2015,HOB,NM,ASW,CE,Federal Contract Tower,0,3,0,0,3,0,0,4,0,4,0,3,4,0,7,0,0,0,7
09/07/2015,HOB,NM,ASW,CE,Federal Contract Tower,0,3,3,0,6,0,2,19,0,21,0,5,22,0,27,0,0,0,27
09/08/2015,HOB,NM,ASW,CE,Federal Contract Tower,0,6,4,0,10,0,5,12,0,17,0,11,16,0,27,0,0,0,27
09/09/2015,HOB,NM,ASW,CE,Federal Contract Tower,0,4,8,0,12,0,1,7,0,8,0,5,15,0,20,0,0,0,20
09/10/2015,HOB,NM,ASW,CE,Federal Contract Tower,0,2,3,0,5,0,3,9,0,12,0,5,12,0,17,0,0,0,17
09/11/2015,HOB,NM,ASW,CE,Federal Contract Tower,0,3,4,0,7,0,2,14,0,16,0,5,18,0,23,2,0,2,25
09/12/2015,HOB,NM,ASW,CE,Federal Contract Tower,0,2,3,0,5,0,0,4,0,4,0,2,7,0,9,4,0,4,13
09/13/2015,HOB,NM,ASW,CE,Federal Contract Tower,0,4,0,0,4,0,0,8,0,8,0,4,8,0,12,6,0,6,18
09/14/2015,HOB,NM,ASW,CE,Federal Contract Tower,0,3,4,0,7,0,2,6,0,8,0,5,10,0,15,0,0,0,15
09/15/2015,HOB,NM,ASW,CE,Federal Contract Tower,0,3,3,0,6,0,0,15,0,15,0,3,18,0,21,0,0,0,21
09/16/2015,HOB,NM,ASW,CE,Federal Contract Tower,0,3,1,0,4,0,0,6,5,11,0,3,7,5,15,0,0,0,15
09/17/2015,HOB,NM,ASW,CE,Federal Contract Tower,0,7,10,0,17,0,3,7,1,11,0,10,17,1,28,0,0,0,28
09/18/2015,HOB,NM,ASW,CE,Federal Contract Tower,0,5,1,0,6,0,0,14,0,14,0,5,15,0,20,0,0,0,20
09/19/2015,HOB,NM,ASW,CE,Federal Contract Tower,0,1,6,0,7,0,0,10,0,10,0,1,16,0,17,6,0,6,23
09/20/2015,HOB,NM,ASW,CE,Federal Contract Tower,0,3,5,0,8,0,2,4,0,6,0,5,9,0,14,0,0,0,14
09/21/2015,HOB,NM,ASW,CE,Federal Contract Tower,0,4,2,0,6,0,11,6,0,17,0,15,8,0,23,0,0,0,23
09/22/2015,HOB,NM,ASW,CE,Federal Contract Tower,0,3,0,0,3,0,0,6,0,6,0,3,6,0,9,18,0,18,27
09/23/2015,HOB,NM,ASW,CE,Federal Contract Tower,0,3,16,0,19,0,2,10,0,12,0,5,26,0,31,0,0,0,31
09/24/2015,HOB,NM,ASW,CE,Federal Contract Tower,0,5,4,0,9,0,2,12,0,14,0,7,16,0,23,6,0,6,29
09/25/2015,HOB,NM,ASW,CE,Federal Contract Tower,0,3,8,0,11,0,2,23,0,25,0,5,31,0,36,8,0,8,44
09/26/2015,HOB,NM,ASW,CE,Federal Contract Tower,0,1,6,0,7,0,0,9,0,9,0,1,15,0,16,0,0,0,16
09/27/2015,HOB,NM,ASW,CE,Federal Contract Tower,0,3,9,0,12,0,1,19,0,20,0,4,28,0,32,0,0,0,32
09/28/2015,HOB,NM,ASW,CE,Federal Contract Tower,0,3,8,0,11,0,6,13,0,19,0,9,21,0,30,0,0,0,30
09/29/2015,HOB,NM,ASW,CE,Federal Contract Tower,0,3,8,0,11,0,0,15,0,15,0,3,23,0,26,0,0,0,26
09/30/2015,HOB,NM,ASW,CE,Federal Contract Tower,0,8,3,0,11,0,4,6,0,10,0,12,9,0,21,0,0,0,21
10/01/2015,HOB,NM,ASW,CE,Federal Contract Tower,0,5,1,0,6,0,4,15,0,19,0,9,16,0,25,0,0,0,25
10/02/2015,HOB,NM,ASW,CE,Federal Contract Tower,0,5,6,0,11,0,2,11,0,13,0,7,17,0,24,0,0,0,24
10/03/2015,HOB,NM,ASW,CE,Federal Contract Tower,0,1,5,0,6,0,0,5,2,7,0,1,10,2,13,0,0,0,13
10/04/2015,HOB,NM,ASW,CE,Federal Contract Tower,0,4,0,0,4,0,0,0,0,0,0,4,0,0,4,0,0,0,4
10/05/2015,HOB,NM,ASW,CE,Federal Contract Tower,0,5,1,2,8,0,2,6,0,8,0,7,7,2,16,2,0,2,18
10/06/2015,HOB,NM,ASW,CE,Federal Contract Tower,0,3,9,0,12,0,0,3,0,3,0,3,12,0,15,8,0,8,23
10/07/2015,HOB,NM,ASW,CE,Federal Contract Tower,0,5,4,0,9,0,0,4,2,6,0,5,8,2,15,0,0,0,15
10/08/2015,HOB,NM,ASW,CE,Federal Contract Tower,0,13,3,0,16,0,1,7,0,8,0,14,10,0,24,0,0,0,24
10/09/2015,HOB,NM,ASW,CE,Federal Contract Tower,0,6,3,0,9,0,5,5,0,10,0,11,8,0,19,4,0,4,23
10/10/2015,HOB,NM,ASW,CE,Federal Contract Tower,0,3,1,0,4,0,0,7,0,7,0,3,8,0,11,0,0,0,11
10/11/2015,HOB,NM,ASW,CE,Federal Contract Tower,0,3,4,0,7,0,1,20,0,21,0,4,24,0,28,8,0,8,36
10/12/2015,HOB,NM,ASW,CE,Federal Contract Tower,0,3,10,0,13,0,5,8,0,13,0,8,18,0,26,0,0,0,26
10/13/2015,HOB,NM,ASW,CE,Federal Contract Tower,0,2,6,0,8,0,17,15,0,32,0,19,21,0,40,6,0,6,46
10/14/2015,HOB,NM,ASW,CE,Federal Contract Tower,0,4,4,0,8,0,7,10,0,17,0,11,14,0,25,12,0,12,37
10/15/2015,HOB,NM,ASW,CE,Federal Contract Tower,0,3,5,0,8,0,4,28,0,32,0,7,33,0,40,0,0,0,40
10/16/2015,HOB,NM,ASW,CE,Federal Contract Tower,0,5,4,0,9,0,3,3,0,6,0,8,7,0,15,0,0,0,15
10/17/2015,HOB,NM,ASW,CE,Federal Contract Tower,0,1,0,0,1,0,2,15,0,17,0,3,15,0,18,0,0,0,18
10/18/2015,HOB,NM,ASW,CE,Federal Contract Tower,0,3,1,0,4,0,2,7,0,9,0,5,8,0,13,0,0,0,13
10/19/2015,HOB,NM,ASW,CE,Federal Contract Tower,0,3,4,0,7,0,4,12,0,16,0,7,16,0,23,0,0,0,23
10/20/2015,HOB,NM,ASW,CE,Federal Contract Tower,0,3,5,0,8,0,0,11,0,11,0,3,16,0,19,4,0,4,23
10/21/2015,HOB,NM,ASW,CE,Federal Contract Tower,0,5,6,0,11,0,0,0,0,0,0,5,6,0,11,0,0,0,11
10/22/2015,HOB,NM,ASW,CE,Federal Contract Tower,0,4,1,0,5,0,1,3,0,4,0,5,4,0,9,22,0,22,31
10/23/2015,HOB,NM,ASW,CE,Federal Contract Tower,0,5,3,1,9,0,0,13,2,15,0,5,16,3,24,0,0,0,24
10/24/2015,HOB,NM,ASW,CE,Federal Contract Tower,0,1,2,0,3,0,0,3,0,3,0,1,5,0,6,0,0,0,6
10/25/2015,HOB,NM,ASW,CE,Federal Contract Tower,0,3,2,0,5,0,2,6,0,8,0,5,8,0,13,4,0,4,17
10/26/2015,HOB,NM,ASW,CE,Federal Contract Tower,0,3,4,0,7,0,2,12,2,16,0,5,16,2,23,16,0,16,39
10/27/2015,HOB,NM,ASW,CE,Federal Contract Tower,0,5,2,0,7,0,2,9,0,11,0,7,11,0,18,0,0,0,18
10/28/2015,HOB,NM,ASW,CE,Federal Contract Tower,0,5,2,0,7,0,0,9,0,9,0,5,11,0,16,0,0,0,16
10/29/2015,HOB,NM,ASW,CE,Federal Contract Tower,0,3,2,2,7,0,2,22,0,24,0,5,24,2,31,0,0,0,31
10/30/2015,HOB,NM,ASW,CE,Federal Contract Tower,0,6,2,0,8,0,1,7,0,8,0,7,9,0,16,0,0,0,16
10/31/2015,HOB,NM,ASW,CE,Federal Contract Tower,0,1,0,0,1,0,0,14,0,14,0,1,14,0,15,2,0,2,17
11/01/2015,HOB,NM,ASW,CE,Federal Contract Tower,0,3,4,0,7,0,0,8,0,8,0,3,12,0,15,4,0,4,19
11/02/2015,HOB,NM,ASW,CE,Federal Contract Tower,0,5,5,0,10,0,0,8,0,8,0,5,13,0,18,0,0,0,18
11/03/2015,HOB,NM,ASW,CE,Federal Contract Tower,0,3,4,0,7,0,0,15,0,15,0,3,19,0,22,4,0,4,26
11/04/2015,HOB,NM,ASW,CE,Federal Contract Tower,0,7,8,0,15,0,2,6,0,8,0,9,14,0,23,0,0,0,23
11/05/2015,HOB,NM,ASW,CE,Federal Contract Tower,0,4,5,0,9,0,3,13,0,16,0,7,18,0,25,4,0,4,29
11/06/2015,HOB,NM,ASW,CE,Federal Contract Tower,0,4,5,0,9,0,7,14,0,21,0,11,19,0,30,14,0,14,44
11/07/2015,HOB,NM,ASW,CE,Federal Contract Tower,0,1,2,0,3,0,4,10,0,14,0,5,12,0,17,6,0,6,23
11/08/2015,HOB,NM,ASW,CE,Federal Contract Tower,0,3,6,0,9,0,0,9,0,9,0,3,15,0,18,8,0,8,26
11/09/2015,HOB,NM,ASW,CE,Federal Contract Tower,0,3,10,0,13,0,4,5,0,9,0,7,15,0,22,0,0,0,22
11/10/2015,HOB,NM,ASW,CE,Federal Contract Tower,0,3,5,2,10,0,2,6,0,8,0,5,11,2,18,0,0,0,18
11/11/2015,HOB,NM,ASW,CE,Federal Contract Tower,0,4,4,0,8,0,3,10,0,13,0,7,14,0,21,0,0,0,21
11/12/2015,HOB,NM,ASW,CE,Federal Contract Tower,0,4,3,0,7,0,11,15,0,26,0,15,18,0,33,2,0,2,35
11/13/2015,HOB,NM,ASW,CE,Federal Contract Tower,0,5,5,0,10,0,8,8,0,16,0,13,13,0,26,0,0,0,26
11/14/2015,HOB,NM,ASW,CE,Federal Contract Tower,0,1,4,0,5,0,2,18,0,20,0,3,22,0,25,0,0,0,25
11/15/2015,HOB,NM,ASW,CE,Federal Contract Tower,0,4,4,0,8,0,0,1,0,1,0,4,5,0,9,0,0,0,9
11/16/2015,HOB,NM,ASW,CE,Federal Contract Tower,0,3,4,0,7,0,4,2,0,6,0,7,6,0,13,0,0,0,13
11/17/2015,HOB,NM,ASW,CE,Federal Contract Tower,0,3,5,0,8,0,0,3,0,3,0,3,8,0,11,0,0,0,11
11/18/2015,HOB,NM,ASW,CE,Federal Contract Tower,0,4,7,2,13,0,2,7,0,9,0,6,14,2,22,0,0,0,22
11/19/2015,HOB,NM,ASW,CE,Federal Contract Tower,0,4,6,0,10,0,3,19,0,22,0,7,25,0,32,0,0,0,32
11/20/2015,HOB,NM,ASW,CE,Federal Contract Tower,0,4,4,0,8,0,3,13,0,16,0,7,17,0,24,8,0,8,32
11/21/2015,HOB,NM,ASW,CE,Federal Contract Tower,0,1,4,0,5,0,2,7,0,9,0,3,11,0,14,6,0,6,20
11/22/2015,HOB,NM,ASW,CE,Federal Contract Tower,0,3,4,0,7,0,0,5,0,5,0,3,9,0,12,0,0,0,12
11/23/2015,HOB,NM,ASW,CE,Federal Contract Tower,0,3,1,0,4,0,0,4,0,4,0,3,5,0,8,14,0,14,22
11/24/2015,HOB,NM,ASW,CE,Federal Contract Tower,0,3,3,1,7,0,0,5,5,10,0,3,8,6,17,0,8,8,25
11/25/2015,HOB,NM,ASW,CE,Federal Contract Tower,0,5,7,0,12,0,0,5,0,5,0,5,12,0,17,0,0,0,17
11/26/2015,HOB,NM,ASW,CE,Federal Contract Tower,0,3,0,0,3,0,3,4,0,7,0,6,4,0,10,0,0,0,10
11/27/2015,HOB,NM,ASW,CE,Federal Contract Tower,0,4,2,0,6,0,0,0,0,0,0,4,2,0,6,0,0,0,6
11/28/2015,HOB,NM,ASW,CE,Federal Contract Tower,0,2,4,0,6,0,0,0,0,0,0,2,4,0,6,0,0,0,6
11/29/2015,HOB,NM,ASW,CE,Federal Contract Tower,0,3,0,0,3,0,0,0,0,0,0,3,0,0,3,0,0,0,3
11/30/2015,HOB,NM,ASW,CE,Federal Contract Tower,0,4,2,0,6,0,5,7,0,12,0,9,9,0,18,0,0,0,18
12/01/2015,HOB,NM,ASW,CE,Federal Contract Tower,0,3,0,0,3,0,4,4,0,8,0,7,4,0,11,6,0,6,17
12/02/2015,HOB,NM,ASW,CE,Federal Contract Tower,0,3,8,0,11,0,0,11,0,11,0,3,19,0,22,0,0,0,22
12/03/2015,HOB,NM,ASW,CE,Federal Contract Tower,0,5,4,0,9,0,0,21,0,21,0,5,25,0,30,0,0,0,30
12/04/2015,HOB,NM,ASW,CE,Federal Contract Tower,0,5,5,0,10,0,0,20,0,20,0,5,25,0,30,12,0,12,42
12/05/2015,HOB,NM,ASW,CE,Federal Contract Tower,0,1,0,0,1,0,0,28,0,28,0,1,28,0,29,12,0,12,41
12/06/2015,HOB,NM,ASW,CE,Federal Contract Tower,0,3,1,0,4,0,0,19,0,19,0,3,20,0,23,6,0,6,29
12/07/2015,HOB,NM,ASW,CE,Federal Contract Tower,0,4,3,0,7,0,8,10,0,18,0,12,13,0,25,6,0,6,31
12/08/2015,HOB,NM,ASW,CE,Federal Contract Tower,0,2,6,0,8,0,9,12,0,21,0,11,18,0,29,0,0,0,29
12/09/2015,HOB,NM,ASW,CE,Federal Contract Tower,0,3,3,0,6,0,4,16,0,20,0,7,19,0,26,0,0,0,26
12/10/2015,HOB,NM,ASW,CE,Federal Contract Tower,0,5,4,0,9,0,3,20,2,25,0,8,24,2,34,0,0,0,34
12/11/2015,HOB,NM,ASW,CE,Federal Contract Tower,0,5,4,0,9,0,2,19,0,21,0,7,23,0,30,0,0,0,30
12/12/2015,HOB,NM,ASW,CE,Federal Contract Tower,0,1,6,0,7,0,0,9,0,9,0,1,15,0,16,2,0,2,18
12/13/2015,HOB,NM,ASW,CE,Federal Contract Tower,0,6,5,0,11,0,13,3,2,18,0,19,8,2,29,14,0,14,43
12/14/2015,HOB,NM,ASW,CE,Federal Contract Tower,0,4,4,0,8,0,10,14,0,24,0,14,18,0,32,8,0,8,40
12/15/2015,HOB,NM,ASW,CE,Federal Contract Tower,0,4,6,0,10,0,8,9,0,17,0,12,15,0,27,0,0,0,27
12/16/2015,HOB,NM,ASW,CE,Federal Contract Tower,0,5,10,0,15,0,4,23,0,27,0,9,33,0,42,0,0,0,42
12/17/2015,HOB,NM,ASW,CE,Federal Contract Tower,0,5,10,0,15,0,4,19,0,23,0,9,29,0,38,0,0,0,38
12/18/2015,HOB,NM,ASW,CE,Federal Contract Tower,0,5,3,0,8,0,4,9,0,13,0,9,12,0,21,28,0,28,49
12/19/2015,HOB,NM,ASW,CE,Federal Contract Tower,0,1,0,0,1,0,0,24,0,24,0,1,24,0,25,18,0,18,43
12/20/2015,HOB,NM,ASW,CE,Federal Contract Tower,0,3,1,0,4,0,0,13,0,13,0,3,14,0,17,0,0,0,17
12/21/2015,HOB,NM,ASW,CE,Federal Contract Tower,0,5,2,0,7,0,0,8,0,8,0,5,10,0,15,12,0,12,27
12/22/2015,HOB,NM,ASW,CE,Federal Contract Tower,0,5,4,0,9,0,5,10,0,15,0,10,14,0,24,0,0,0,24
12/23/2015,HOB,NM,ASW,CE,Federal Contract Tower,0,5,3,0,8,0,2,9,4,15,0,7,12,4,23,0,6,6,29
12/24/2015,HOB,NM,ASW,CE,Federal Contract Tower,0,4,1,0,5,0,2,13,0,15,0,6,14,0,20,0,0,0,20
12/25/2015,HOB,NM,ASW,CE,Federal Contract Tower,0,2,0,0,2,0,1,11,0,12,0,3,11,0,14,2,0,2,16
12/26/2015,HOB,NM,ASW,CE,Federal Contract Tower,0,1,5,0,6,0,1,0,0,1,0,2,5,0,7,0,0,0,7
12/27/2015,HOB,NM,ASW,CE,Federal Contract Tower,0,0,0,0,0,0,0,0,0,0,0,0,0,0,0,0,0,0,0
12/28/2015,HOB,NM,ASW,CE,Federal Contract Tower,0,0,0,0,0,0,0,3,0,3,0,0,3,0,3,0,0,0,3
12/29/2015,HOB,NM,ASW,CE,Federal Contract Tower,0,7,5,0,12,0,2,8,0,10,0,9,13,0,22,0,0,0,22
12/30/2015,HOB,NM,ASW,CE,Federal Contract Tower,0,6,3,0,9,0,6,9,0,15,0,12,12,0,24,0,0,0,24
12/31/2015,HOB,NM,ASW,CE,Federal Contract Tower,0,7,1,0,8,0,2,6,0,8,0,9,7,0,16,6,0,6,22
01/01/2016,HOB,NM,ASW,CE,Federal Contract Tower,0,2,0,0,2,0,0,0,0,0,0,2,0,0,2,0,0,0,2
01/02/2016,HOB,NM,ASW,CE,Federal Contract Tower,0,1,0,0,1,0,0,0,0,0,0,1,0,0,1,0,0,0,1
01/03/2016,HOB,NM,ASW,CE,Federal Contract Tower,0,3,0,0,3,0,0,12,0,12,0,3,12,0,15,0,0,0,15
01/04/2016,HOB,NM,ASW,CE,Federal Contract Tower,0,3,1,0,4,0,4,5,0,9,0,7,6,0,13,0,0,0,13
01/05/2016,HOB,NM,ASW,CE,Federal Contract Tower,0,4,3,0,7,0,0,0,0,0,0,4,3,0,7,0,0,0,7
01/06/2016,HOB,NM,ASW,CE,Federal Contract Tower,0,3,6,0,9,0,0,5,0,5,0,3,11,0,14,0,0,0,14
01/07/2016,HOB,NM,ASW,CE,Federal Contract Tower,0,5,1,0,6,0,0,13,4,17,0,5,14,4,23,2,0,2,25
01/08/2016,HOB,NM,ASW,CE,Federal Contract Tower,0,3,0,6,9,0,0,3,0,3,0,3,3,6,12,0,0,0,12
01/09/2016,HOB,NM,ASW,CE,Federal Contract Tower,0,1,2,0,3,0,0,12,0,12,0,1,14,0,15,0,0,0,15
01/10/2016,HOB,NM,ASW,CE,Federal Contract Tower,0,4,1,0,5,0,1,4,0,5,0,5,5,0,10,0,0,0,10
01/11/2016,HOB,NM,ASW,CE,Federal Contract Tower,0,7,3,2,12,0,0,14,6,20,0,7,17,8,32,0,0,0,32
01/12/2016,HOB,NM,ASW,CE,Federal Contract Tower,0,3,0,2,5,0,0,9,0,9,0,3,9,2,14,4,0,4,18
01/13/2016,HOB,NM,ASW,CE,Federal Contract Tower,0,1,2,0,3,0,4,27,0,31,0,5,29,0,34,2,0,2,36
01/14/2016,HOB,NM,ASW,CE,Federal Contract Tower,0,5,2,0,7,0,4,14,2,20,0,9,16,2,27,0,0,0,27
01/15/2016,HOB,NM,ASW,CE,Federal Contract Tower,0,5,1,0,6,0,2,13,2,17,0,7,14,2,23,10,4,14,37
01/16/2016,HOB,NM,ASW,CE,Federal Contract Tower,0,2,0,6,8,0,2,12,2,16,0,4,12,8,24,8,18,26,50
01/17/2016,HOB,NM,ASW,CE,Federal Contract Tower,0,4,2,0,6,0,0,14,0,14,0,4,16,0,20,0,0,0,20
01/18/2016,HOB,NM,ASW,CE,Federal Contract Tower,0,6,4,0,10,0,0,4,0,4,0,6,8,0,14,2,0,2,16
01/19/2016,HOB,NM,ASW,CE,Federal Contract Tower,0,3,1,0,4,0,4,3,4,11,0,7,4,4,15,10,0,10,25
01/20/2016,HOB,NM,ASW,CE,Federal Contract Tower,0,1,5,0,6,0,4,14,6,24,0,5,19,6,30,4,10,14,44
01/21/2016,HOB,NM,ASW,CE,Federal Contract Tower,0,4,2,0,6,0,8,14,1,23,0,12,16,1,29,0,10,10,39
01/22/2016,HOB,NM,ASW,CE,Federal Contract Tower,0,5,0,0,5,0,2,15,4,21,0,7,15,4,26,0,0,0,26
01/23/2016,HOB,NM,ASW,CE,Federal Contract Tower,0,1,0,0,1,0,0,18,12,30,0,1,18,12,31,0,0,0,31
01/24/2016,HOB,NM,ASW,CE,Federal Contract Tower,0,3,0,0,3,0,0,8,0,8,0,3,8,0,11,0,0,0,11
01/25/2016,HOB,NM,ASW,CE,Federal Contract Tower,0,5,4,1,10,0,0,8,7,15,0,5,12,8,25,6,0,6,31
01/26/2016,HOB,NM,ASW,CE,Federal Contract Tower,0,3,5,0,8,0,2,6,10,18,0,5,11,10,26,0,0,0,26
01/27/2016,HOB,NM,ASW,CE,Federal Contract Tower,0,1,4,2,7,0,2,19,0,21,0,3,23,2,28,0,0,0,28
01/28/2016,HOB,NM,ASW,CE,Federal Contract Tower,0,5,11,0,16,0,0,14,2,16,0,5,25,2,32,24,34,58,90
01/29/2016,HOB,NM,ASW,CE,Federal Contract Tower,0,3,1,6,10,0,2,13,9,24,0,5,14,15,34,0,0,0,34
01/30/2016,HOB,NM,ASW,CE,Federal Contract Tower,0,1,5,0,6,0,4,3,0,7,0,5,8,0,13,0,0,0,13
01/31/2016,HOB,NM,ASW,CE,Federal Contract Tower,0,3,2,0,5,0,2,17,0,19,0,5,19,0,24,20,0,20,44
02/01/2016,HOB,NM,ASW,CE,Federal Contract Tower,0,5,0,0,5,0,3,0,0,3,0,8,0,0,8,0,0,0,8
02/02/2016,HOB,NM,ASW,CE,Federal Contract Tower,0,3,2,0,5,0,2,5,8,15,0,5,7,8,20,0,66,66,86
02/03/2016,HOB,NM,ASW,CE,Federal Contract Tower,0,1,0,0,1,0,4,7,16,27,0,5,7,16,28,0,0,0,28
02/04/2016,HOB,NM,ASW,CE,Federal Contract Tower,0,5,6,0,11,0,3,10,4,17,0,8,16,4,28,12,0,12,40
02/05/2016,HOB,NM,ASW,CE,Federal Contract Tower,0,7,2,6,15,0,4,14,2,20,0,11,16,8,35,0,8,8,43
02/06/2016,HOB,NM,ASW,CE,Federal Contract Tower,0,1,0,0,1,0,0,17,0,17,0,1,17,0,18,6,0,6,24
02/07/2016,HOB,NM,ASW,CE,Federal Contract Tower,0,3,0,0,3,0,0,10,0,10,0,3,10,0,13,0,0,0,13
02/08/2016,HOB,NM,ASW,CE,Federal Contract Tower,0,4,4,0,8,0,7,3,8,18,0,11,7,8,26,8,8,16,42
02/09/2016,HOB,NM,ASW,CE,Federal Contract Tower,0,3,0,0,3,0,2,16,0,18,0,5,16,0,21,20,0,20,41
02/10/2016,HOB,NM,ASW,CE,Federal Contract Tower,0,1,0,4,5,0,4,16,8,28,0,5,16,12,33,0,0,0,33
02/11/2016,HOB,NM,ASW,CE,Federal Contract Tower,0,6,3,0,9,0,4,21,0,25,0,10,24,0,34,0,0,0,34
02/12/2016,HOB,NM,ASW,CE,Federal Contract Tower,0,5,0,4,9,0,2,10,4,16,0,7,10,8,25,0,6,6,31
02/13/2016,HOB,NM,ASW,CE,Federal Contract Tower,0,1,1,2,4,0,0,22,8,30,0,1,23,10,34,6,0,6,40
02/14/2016,HOB,NM,ASW,CE,Federal Contract Tower,0,3,1,0,4,0,2,7,10,19,0,5,8,10,23,20,0,20,43
02/15/2016,HOB,NM,ASW,CE,Federal Contract Tower,0,5,2,0,7,0,4,10,0,14,0,9,12,0,21,6,0,6,27
02/16/2016,HOB,NM,ASW,CE,Federal Contract Tower,0,5,3,2,10,0,2,15,8,25,0,7,18,10,35,0,0,0,35
02/17/2016,HOB,NM,ASW,CE,Federal Contract Tower,0,5,3,0,8,0,5,10,2,17,0,10,13,2,25,0,20,20,45
02/18/2016,HOB,NM,ASW,CE,Federal Contract Tower,0,5,5,0,10,0,0,20,2,22,0,5,25,2,32,0,18,18,50
02/19/2016,HOB,NM,ASW,CE,Federal Contract Tower,0,3,0,0,3,0,4,11,0,15,0,7,11,0,18,0,0,0,18
02/20/2016,HOB,NM,ASW,CE,Federal Contract Tower,0,1,0,0,1,0,0,10,5,15,0,1,10,5,16,6,10,16,32
02/21/2016,HOB,NM,ASW,CE,Federal Contract Tower,0,3,3,0,6,0,4,6,0,10,0,7,9,0,16,0,0,0,16
02/22/2016,HOB,NM,ASW,CE,Federal Contract Tower,0,5,0,0,5,0,3,13,12,28,0,8,13,12,33,2,0,2,35
02/23/2016,HOB,NM,ASW,CE,Federal Contract Tower,0,3,2,0,5,0,0,0,0,0,0,3,2,0,5,0,0,0,5
02/24/2016,HOB,NM,ASW,CE,Federal Contract Tower,0,5,5,0,10,0,0,16,0,16,0,5,21,0,26,0,0,0,26
02/25/2016,HOB,NM,ASW,CE,Federal Contract Tower,0,4,5,0,9,0,1,12,2,15,0,5,17,2,24,0,0,0,24
02/26/2016,HOB,NM,ASW,CE,Federal Contract Tower,0,3,2,2,7,0,4,12,0,16,0,7,14,2,23,0,0,0,23
02/27/2016,HOB,NM,ASW,CE,Federal Contract Tower,0,1,2,0,3,0,0,27,6,33,0,1,29,6,36,0,0,0,36
02/28/2016,HOB,NM,ASW,CE,Federal Contract Tower,0,3,4,0,7,0,2,6,8,16,0,5,10,8,23,20,0,20,43
02/29/2016,HOB,NM,ASW,CE,Federal Contract Tower,0,3,4,0,7,0,8,8,0,16,0,11,12,0,23,0,0,0,23
03/01/2016,HOB,NM,ASW,CE,Federal Contract Tower,0,3,2,0,5,0,0,5,0,5,0,3,7,0,10,6,0,6,16
03/02/2016,HOB,NM,ASW,CE,Federal Contract Tower,0,4,6,0,10,0,3,9,0,12,0,7,15,0,22,0,0,0,22
03/03/2016,HOB,NM,ASW,CE,Federal Contract Tower,0,3,7,0,10,0,2,13,0,15,0,5,20,0,25,0,0,0,25
03/04/2016,HOB,NM,ASW,CE,Federal Contract Tower,0,4,3,0,7,0,3,9,0,12,0,7,12,0,19,0,0,0,19
03/05/2016,HOB,NM,ASW,CE,Federal Contract Tower,0,1,1,4,6,0,0,17,0,17,0,1,18,4,23,0,0,0,23
03/06/2016,HOB,NM,ASW,CE,Federal Contract Tower,0,3,2,0,5,0,0,4,0,4,0,3,6,0,9,0,0,0,9
03/07/2016,HOB,NM,ASW,CE,Federal Contract Tower,0,3,1,0,4,0,2,5,0,7,0,5,6,0,11,6,0,6,17
03/08/2016,HOB,NM,ASW,CE,Federal Contract Tower,0,3,5,0,8,0,2,6,0,8,0,5,11,0,16,0,0,0,16
03/09/2016,HOB,NM,ASW,CE,Federal Contract Tower,0,2,3,0,5,0,1,7,0,8,0,3,10,0,13,0,0,0,13
03/10/2016,HOB,NM,ASW,CE,Federal Contract Tower,0,8,0,0,8,0,2,10,0,12,0,10,10,0,20,0,0,0,20
03/11/2016,HOB,NM,ASW,CE,Federal Contract Tower,0,3,2,0,5,0,2,9,0,11,0,5,11,0,16,12,0,12,28
03/12/2016,HOB,NM,ASW,CE,Federal Contract Tower,0,1,1,0,2,0,4,11,0,15,0,5,12,0,17,0,0,0,17
03/13/2016,HOB,NM,ASW,CE,Federal Contract Tower,0,3,0,0,3,0,0,2,0,2,0,3,2,0,5,12,0,12,17
03/14/2016,HOB,NM,ASW,CE,Federal Contract Tower,0,4,6,0,10,0,5,3,0,8,0,9,9,0,18,0,0,0,18
03/15/2016,HOB,NM,ASW,CE,Federal Contract Tower,0,2,2,0,4,0,3,5,0,8,0,5,7,0,12,0,0,0,12
03/16/2016,HOB,NM,ASW,CE,Federal Contract Tower,0,1,4,0,5,0,4,43,0,47,0,5,47,0,52,6,0,6,58
03/17/2016,HOB,NM,ASW,CE,Federal Contract Tower,0,5,1,0,6,0,4,15,0,19,0,9,16,0,25,0,0,0,25
03/18/2016,HOB,NM,ASW,CE,Federal Contract Tower,0,4,2,0,6,0,3,4,0,7,0,7,6,0,13,0,0,0,13
03/19/2016,HOB,NM,ASW,CE,Federal Contract Tower,0,1,4,0,5,0,0,10,0,10,0,1,14,0,15,2,0,2,17
03/20/2016,HOB,NM,ASW,CE,Federal Contract Tower,0,3,3,0,6,0,6,12,0,18,0,9,15,0,24,4,0,4,28
03/21/2016,HOB,NM,ASW,CE,Federal Contract Tower,0,3,3,0,6,0,4,9,0,13,0,7,12,0,19,0,0,0,19
03/22/2016,HOB,NM,ASW,CE,Federal Contract Tower,0,3,3,0,6,0,4,5,0,9,0,7,8,0,15,0,0,0,15
03/23/2016,HOB,NM,ASW,CE,Federal Contract Tower,0,3,2,0,5,0,0,7,2,9,0,3,9,2,14,0,0,0,14
03/24/2016,HOB,NM,ASW,CE,Federal Contract Tower,0,5,8,0,13,0,0,16,0,16,0,5,24,0,29,8,0,8,37
03/25/2016,HOB,NM,ASW,CE,Federal Contract Tower,0,5,1,0,6,0,4,6,0,10,0,9,7,0,16,0,0,0,16
03/26/2016,HOB,NM,ASW,CE,Federal Contract Tower,0,1,0,0,1,0,0,16,0,16,0,1,16,0,17,8,0,8,25
03/27/2016,HOB,NM,ASW,CE,Federal Contract Tower,0,3,2,0,5,0,0,3,0,3,0,3,5,0,8,0,0,0,8
03/28/2016,HOB,NM,ASW,CE,Federal Contract Tower,0,3,1,0,4,0,2,6,0,8,0,5,7,0,12,0,0,0,12
03/29/2016,HOB,NM,ASW,CE,Federal Contract Tower,0,1,5,2,8,0,2,3,0,5,0,3,8,2,13,0,0,0,13
03/30/2016,HOB,NM,ASW,CE,Federal Contract Tower,0,4,4,0,8,0,0,16,0,16,0,4,20,0,24,0,0,0,24
03/31/2016,HOB,NM,ASW,CE,Federal Contract Tower,0,4,4,0,8,0,1,14,0,15,0,5,18,0,23,6,0,6,29
04/01/2016,HOB,NM,ASW,CE,Federal Contract Tower,0,7,3,0,10,0,0,0,0,0,0,7,3,0,10,0,0,0,10
04/02/2016,HOB,NM,ASW,CE,Federal Contract Tower,0,1,1,0,2,0,0,23,0,23,0,1,24,0,25,0,0,0,25
04/03/2016,HOB,NM,ASW,CE,Federal Contract Tower,0,3,3,0,6,0,0,4,0,4,0,3,7,0,10,0,0,0,10
04/04/2016,HOB,NM,ASW,CE,Federal Contract Tower,0,4,2,0,6,0,1,6,0,7,0,5,8,0,13,0,0,0,13
04/05/2016,HOB,NM,ASW,CE,Federal Contract Tower,0,2,2,0,4,0,3,8,0,11,0,5,10,0,15,0,0,0,15
04/06/2016,HOB,NM,ASW,CE,Federal Contract Tower,0,2,7,0,9,0,5,9,0,14,0,7,16,0,23,0,0,0,23
04/07/2016,HOB,NM,ASW,CE,Federal Contract Tower,0,3,0,0,3,0,2,13,0,15,0,5,13,0,18,0,0,0,18
04/08/2016,HOB,NM,ASW,CE,Federal Contract Tower,0,3,1,1,5,0,4,8,1,13,0,7,9,2,18,16,0,16,34
04/09/2016,HOB,NM,ASW,CE,Federal Contract Tower,0,1,4,0,5,0,6,15,0,21,0,7,19,0,26,10,0,10,36
04/10/2016,HOB,NM,ASW,CE,Federal Contract Tower,0,3,2,0,5,0,2,4,0,6,0,5,6,0,11,0,0,0,11
04/11/2016,HOB,NM,ASW,CE,Federal Contract Tower,0,5,3,0,8,0,2,8,0,10,0,7,11,0,18,0,0,0,18
04/12/2016,HOB,NM,ASW,CE,Federal Contract Tower,0,3,4,0,7,0,0,1,0,1,0,3,5,0,8,0,0,0,8
04/13/2016,HOB,NM,ASW,CE,Federal Contract Tower,0,4,4,0,8,0,4,12,0,16,0,8,16,0,24,0,0,0,24
04/14/2016,HOB,NM,ASW,CE,Federal Contract Tower,0,4,1,0,5,0,1,19,0,20,0,5,20,0,25,0,0,0,25
04/15/2016,HOB,NM,ASW,CE,Federal Contract Tower,0,4,4,0,8,0,3,6,0,9,0,7,10,0,17,0,0,0,17
04/16/2016,HOB,NM,ASW,CE,Federal Contract Tower,0,1,1,0,2,0,4,6,0,10,0,5,7,0,12,2,0,2,14
04/17/2016,HOB,NM,ASW,CE,Federal Contract Tower,0,3,1,6,10,0,0,4,0,4,0,3,5,6,14,2,0,2,16
04/18/2016,HOB,NM,ASW,CE,Federal Contract Tower,0,2,5,0,7,0,0,7,0,7,0,2,12,0,14,0,0,0,14
04/19/2016,HOB,NM,ASW,CE,Federal Contract Tower,0,10,7,0,17,0,2,0,0,2,0,12,7,0,19,0,0,0,19
04/20/2016,HOB,NM,ASW,CE,Federal Contract Tower,0,2,4,0,6,0,9,13,0,22,0,11,17,0,28,0,0,0,28
04/21/2016,HOB,NM,ASW,CE,Federal Contract Tower,0,4,3,0,7,0,9,9,0,18,0,13,12,0,25,10,0,10,35
04/22/2016,HOB,NM,ASW,CE,Federal Contract Tower,0,3,5,0,8,0,8,9,0,17,0,11,14,0,25,6,0,6,31
04/23/2016,HOB,NM,ASW,CE,Federal Contract Tower,0,3,3,0,6,0,0,13,0,13,0,3,16,0,19,2,0,2,21
04/24/2016,HOB,NM,ASW,CE,Federal Contract Tower,0,3,1,0,4,0,0,8,0,8,0,3,9,0,12,0,0,0,12
04/25/2016,HOB,NM,ASW,CE,Federal Contract Tower,0,3,0,0,3,0,2,8,0,10,0,5,8,0,13,0,0,0,13
04/26/2016,HOB,NM,ASW,CE,Federal Contract Tower,0,2,2,0,4,0,8,8,0,16,0,10,10,0,20,0,0,0,20
04/27/2016,HOB,NM,ASW,CE,Federal Contract Tower,0,2,3,0,5,0,9,18,0,27,0,11,21,0,32,2,0,2,34
04/28/2016,HOB,NM,ASW,CE,Federal Contract Tower,0,4,1,0,5,0,3,18,0,21,0,7,19,0,26,0,0,0,26
04/29/2016,HOB,NM,ASW,CE,Federal Contract Tower,0,4,6,0,10,0,7,4,4,15,0,11,10,4,25,2,2,4,29
04/30/2016,HOB,NM,ASW,CE,Federal Contract Tower,0,1,0,0,1,0,4,15,0,19,0,5,15,0,20,0,0,0,20
05/01/2016,HOB,NM,ASW,CE,Federal Contract Tower,0,3,2,0,5,0,0,4,0,4,0,3,6,0,9,0,0,0,9
05/02/2016,HOB,NM,ASW,CE,Federal Contract Tower,0,7,0,0,7,0,0,5,0,5,0,7,5,0,12,0,0,0,12
05/03/2016,HOB,NM,ASW,CE,Federal Contract Tower,0,2,0,0,2,0,1,7,0,8,0,3,7,0,10,0,0,0,10
05/04/2016,HOB,NM,ASW,CE,Federal Contract Tower,0,5,3,0,8,0,6,13,4,23,0,11,16,4,31,0,0,0,31
05/05/2016,HOB,NM,ASW,CE,Federal Contract Tower,0,8,10,0,18,0,3,7,0,10,0,11,17,0,28,0,0,0,28
05/06/2016,HOB,NM,ASW,CE,Federal Contract Tower,0,5,8,0,13,0,2,9,0,11,0,7,17,0,24,0,0,0,24
05/07/2016,HOB,NM,ASW,CE,Federal Contract Tower,0,1,5,0,6,0,3,11,0,14,0,4,16,0,20,0,0,0,20
05/08/2016,HOB,NM,ASW,CE,Federal Contract Tower,0,3,2,0,5,0,0,1,0,1,0,3,3,0,6,0,0,0,6
05/09/2016,HOB,NM,ASW,CE,Federal Contract Tower,0,5,2,0,7,0,0,4,0,4,0,5,6,0,11,0,0,0,11
05/10/2016,HOB,NM,ASW,CE,Federal Contract Tower,0,4,1,0,5,0,1,10,0,11,0,5,11,0,16,0,0,0,16
05/11/2016,HOB,NM,ASW,CE,Federal Contract Tower,0,5,8,0,13,0,5,7,0,12,0,10,15,0,25,0,0,0,25
05/12/2016,HOB,NM,ASW,CE,Federal Contract Tower,0,5,11,0,16,0,0,10,0,10,0,5,21,0,26,0,0,0,26
05/13/2016,HOB,NM,ASW,CE,Federal Contract Tower,0,4,5,0,9,0,5,10,0,15,0,9,15,0,24,0,0,0,24
05/14/2016,HOB,NM,ASW,CE,Federal Contract Tower,0,1,2,0,3,0,0,9,0,9,0,1,11,0,12,0,0,0,12
05/15/2016,HOB,NM,ASW,CE,Federal Contract Tower,0,2,2,0,4,0,0,0,0,0,0,2,2,0,4,0,0,0,4
05/16/2016,HOB,NM,ASW,CE,Federal Contract Tower,0,7,9,0,16,0,0,9,0,9,0,7,18,0,25,0,0,0,25
05/17/2016,HOB,NM,ASW,CE,Federal Contract Tower,0,5,0,0,5,0,0,0,0,0,0,5,0,0,5,0,0,0,5
05/18/2016,HOB,NM,ASW,CE,Federal Contract Tower,0,7,10,0,17,0,0,0,0,0,0,7,10,0,17,0,0,0,17
05/19/2016,HOB,NM,ASW,CE,Federal Contract Tower,0,11,9,0,20,0,3,3,0,6,0,14,12,0,26,0,0,0,26
05/20/2016,HOB,NM,ASW,CE,Federal Contract Tower,0,6,3,0,9,0,1,10,0,11,0,7,13,0,20,0,0,0,20
05/21/2016,HOB,NM,ASW,CE,Federal Contract Tower,0,2,6,0,8,0,2,6,0,8,0,4,12,0,16,0,0,0,16
05/22/2016,HOB,NM,ASW,CE,Federal Contract Tower,0,3,1,0,4,0,0,4,0,4,0,3,5,0,8,0,0,0,8
05/23/2016,HOB,NM,ASW,CE,Federal Contract Tower,0,5,3,0,8,0,0,17,0,17,0,5,20,0,25,0,0,0,25
05/24/2016,HOB,NM,ASW,CE,Federal Contract Tower,0,4,6,0,10,0,3,6,0,9,0,7,12,0,19,0,0,0,19
05/25/2016,HOB,NM,ASW,CE,Federal Contract Tower,0,4,3,0,7,0,1,9,0,10,0,5,12,0,17,8,0,8,25
05/26/2016,HOB,NM,ASW,CE,Federal Contract Tower,0,5,9,0,14,0,0,13,0,13,0,5,22,0,27,0,0,0,27
05/27/2016,HOB,NM,ASW,CE,Federal Contract Tower,0,4,4,1,9,0,4,17,1,22,0,8,21,2,31,2,0,2,33
05/28/2016,HOB,NM,ASW,CE,Federal Contract Tower,0,2,2,0,4,0,0,12,0,12,0,2,14,0,16,0,0,0,16
05/29/2016,HOB,NM,ASW,CE,Federal Contract Tower,0,3,2,0,5,0,2,3,0,5,0,5,5,0,10,0,0,0,10
05/30/2016,HOB,NM,ASW,CE,Federal Contract Tower,0,3,4,0,7,0,2,6,0,8,0,5,10,0,15,0,0,0,15
05/31/2016,HOB,NM,ASW,CE,Federal Contract Tower,0,4,1,0,5,0,1,6,0,7,0,5,7,0,12,0,0,0,12
06/01/2016,HOB,NM,ASW,CE,Federal Contract Tower,0,5,3,0,8,0,0,17,0,17,0,5,20,0,25,0,0,0,25
06/02/2016,HOB,NM,ASW,CE,Federal Contract Tower,0,2,5,0,7,0,5,19,2,26,0,7,24,2,33,0,0,0,33
06/03/2016,HOB,NM,ASW,CE,Federal Contract Tower,0,6,7,0,13,0,0,19,0,19,0,6,26,0,32,0,0,0,32
06/04/2016,HOB,NM,ASW,CE,Federal Contract Tower,0,1,2,0,3,0,2,23,6,31,0,3,25,6,34,6,0,6,40
06/05/2016,HOB,NM,ASW,CE,Federal Contract Tower,0,7,6,0,13,0,0,11,0,11,0,7,17,0,24,22,0,22,46
06/06/2016,HOB,NM,ASW,CE,Federal Contract Tower,0,5,5,0,10,0,2,14,6,22,0,7,19,6,32,10,0,10,42
06/07/2016,HOB,NM,ASW,CE,Federal Contract Tower,0,5,0,0,5,0,2,9,0,11,0,7,9,0,16,0,0,0,16
06/08/2016,HOB,NM,ASW,CE,Federal Contract Tower,0,7,7,0,14,0,0,24,6,30,0,7,31,6,44,4,0,4,48
06/09/2016,HOB,NM,ASW,CE,Federal Contract Tower,0,4,3,0,7,0,1,24,0,25,0,5,27,0,32,0,0,0,32
06/10/2016,HOB,NM,ASW,CE,Federal Contract Tower,0,4,2,0,6,0,1,21,0,22,0,5,23,0,28,6,0,6,34
06/11/2016,HOB,NM,ASW,CE,Federal Contract Tower,0,1,0,0,1,0,0,27,0,27,0,1,27,0,28,0,0,0,28
06/12/2016,HOB,NM,ASW,CE,Federal Contract Tower,0,3,4,0,7,0,0,10,0,10,0,3,14,0,17,0,0,0,17
06/13/2016,HOB,NM,ASW,CE,Federal Contract Tower,0,5,4,0,9,0,4,7,0,11,0,9,11,0,20,14,0,14,34
06/14/2016,HOB,NM,ASW,CE,Federal Contract Tower,0,5,4,0,9,0,4,9,0,13,0,9,13,0,22,0,0,0,22
06/15/2016,HOB,NM,ASW,CE,Federal Contract Tower,0,5,1,0,6,0,2,16,0,18,0,7,17,0,24,0,0,0,24
06/16/2016,HOB,NM,ASW,CE,Federal Contract Tower,0,5,1,0,6,0,4,14,0,18,0,9,15,0,24,0,0,0,24
06/17/2016,HOB,NM,ASW,CE,Federal Contract Tower,0,5,8,0,13,0,0,17,0,17,0,5,25,0,30,0,0,0,30
06/18/2016,HOB,NM,ASW,CE,Federal Contract Tower,0,3,2,0,5,0,1,134,0,135,0,4,136,0,140,36,0,36,176
06/19/2016,HOB,NM,ASW,CE,Federal Contract Tower,0,5,2,0,7,0,3,12,0,15,0,8,14,0,22,0,0,0,22
06/20/2016,HOB,NM,ASW,CE,Federal Contract Tower,0,3,3,0,6,0,3,19,0,22,0,6,22,0,28,0,0,0,28
06/21/2016,HOB,NM,ASW,CE,Federal Contract Tower,0,5,6,0,11,0,2,5,0,7,0,7,11,0,18,0,0,0,18
06/22/2016,HOB,NM,ASW,CE,Federal Contract Tower,0,7,1,0,8,0,6,26,0,32,0,13,27,0,40,0,0,0,40
06/23/2016,HOB,NM,ASW,CE,Federal Contract Tower,0,5,4,2,11,0,0,17,0,17,0,5,21,2,28,2,10,12,40
06/24/2016,HOB,NM,ASW,CE,Federal Contract Tower,0,5,7,0,12,0,2,14,0,16,0,7,21,0,28,0,0,0,28
06/25/2016,HOB,NM,ASW,CE,Federal Contract Tower,0,1,2,0,3,0,0,15,0,15,0,1,17,0,18,0,0,0,18
06/26/2016,HOB,NM,ASW,CE,Federal Contract Tower,0,3,5,0,8,0,0,9,0,9,0,3,14,0,17,0,0,0,17
06/27/2016,HOB,NM,ASW,CE,Federal Contract Tower,0,4,11,0,15,0,3,7,0,10,0,7,18,0,25,0,0,0,25
06/28/2016,HOB,NM,ASW,CE,Federal Contract Tower,0,3,10,0,13,0,3,9,0,12,0,6,19,0,25,0,0,0,25
06/29/2016,HOB,NM,ASW,CE,Federal Contract Tower,0,5,4,0,9,0,3,27,0,30,0,8,31,0,39,4,0,4,43
06/30/2016,HOB,NM,ASW,CE,Federal Contract Tower,0,4,5,0,9,0,14,16,0,30,0,18,21,0,39,0,0,0,39
07/01/2016,HOB,NM,ASW,CE,Federal Contract Tower,0,3,1,0,4,0,7,16,0,23,0,10,17,0,27,0,0,0,27
07/02/2016,HOB,NM,ASW,CE,Federal Contract Tower,0,1,3,0,4,0,3,25,0,28,0,4,28,0,32,0,0,0,32
07/03/2016,HOB,NM,ASW,CE,Federal Contract Tower,0,3,2,0,5,0,0,22,0,22,0,3,24,0,27,0,0,0,27
07/04/2016,HOB,NM,ASW,CE,Federal Contract Tower,0,1,5,0,6,0,6,9,0,15,0,7,14,0,21,0,0,0,21
07/05/2016,HOB,NM,ASW,CE,Federal Contract Tower,0,5,2,0,7,0,0,8,0,8,0,5,10,0,15,0,0,0,15
07/06/2016,HOB,NM,ASW,CE,Federal Contract Tower,0,4,0,0,4,0,1,17,0,18,0,5,17,0,22,0,0,0,22
07/07/2016,HOB,NM,ASW,CE,Federal Contract Tower,0,7,1,0,8,0,3,29,0,32,0,10,30,0,40,0,0,0,40
07/08/2016,HOB,NM,ASW,CE,Federal Contract Tower,0,5,3,0,8,0,0,11,0,11,0,5,14,0,19,22,0,22,41
07/09/2016,HOB,NM,ASW,CE,Federal Contract Tower,0,1,3,0,4,0,0,27,0,27,0,1,30,0,31,0,0,0,31
07/10/2016,HOB,NM,ASW,CE,Federal Contract Tower,0,3,3,0,6,0,4,11,0,15,0,7,14,0,21,0,0,0,21
07/11/2016,HOB,NM,ASW,CE,Federal Contract Tower,0,5,5,0,10,0,1,26,0,27,0,6,31,0,37,4,0,4,41
07/12/2016,HOB,NM,ASW,CE,Federal Contract Tower,0,5,6,0,11,0,6,11,0,17,0,11,17,0,28,32,0,32,60
07/13/2016,HOB,NM,ASW,CE,Federal Contract Tower,0,4,1,0,5,0,2,23,0,25,0,6,24,0,30,18,0,18,48
07/14/2016,HOB,NM,ASW,CE,Federal Contract Tower,0,5,8,0,13,0,8,21,0,29,0,13,29,0,42,38,0,38,80
07/15/2016,HOB,NM,ASW,CE,Federal Contract Tower,0,4,5,0,9,0,1,21,0,22,0,5,26,0,31,30,0,30,61
07/16/2016,HOB,NM,ASW,CE,Federal Contract Tower,0,1,0,0,1,0,2,25,0,27,0,3,25,0,28,22,0,22,50
07/17/2016,HOB,NM,ASW,CE,Federal Contract Tower,0,3,2,0,5,0,2,7,0,9,0,5,9,0,14,0,0,0,14
07/18/2016,HOB,NM,ASW,CE,Federal Contract Tower,0,6,1,0,7,0,1,26,0,27,0,7,27,0,34,8,0,8,42
07/19/2016,HOB,NM,ASW,CE,Federal Contract Tower,0,7,2,0,9,0,0,11,0,11,0,7,13,0,20,0,0,0,20
07/20/2016,HOB,NM,ASW,CE,Federal Contract Tower,0,6,7,0,13,0,0,18,0,18,0,6,25,0,31,6,0,6,37
07/21/2016,HOB,NM,ASW,CE,Federal Contract Tower,0,5,6,0,11,0,2,23,0,25,0,7,29,0,36,0,0,0,36
07/22/2016,HOB,NM,ASW,CE,Federal Contract Tower,0,5,8,0,13,0,6,9,0,15,0,11,17,0,28,0,0,0,28
07/23/2016,HOB,NM,ASW,CE,Federal Contract Tower,0,1,0,0,1,0,0,24,0,24,0,1,24,0,25,6,0,6,31
07/24/2016,HOB,NM,ASW,CE,Federal Contract Tower,0,3,1,0,4,0,4,10,0,14,0,7,11,0,18,0,0,0,18
07/25/2016,HOB,NM,ASW,CE,Federal Contract Tower,0,7,0,0,7,0,2,16,0,18,0,9,16,0,25,0,0,0,25
07/26/2016,HOB,NM,ASW,CE,Federal Contract Tower,0,7,5,3,15,0,2,4,0,6,0,9,9,3,21,0,0,0,21
07/27/2016,HOB,NM,ASW,CE,Federal Contract Tower,0,5,3,0,8,0,2,13,0,15,0,7,16,0,23,0,0,0,23
07/28/2016,HOB,NM,ASW,CE,Federal Contract Tower,0,3,0,0,3,0,4,14,0,18,0,7,14,0,21,0,0,0,21
07/29/2016,HOB,NM,ASW,CE,Federal Contract Tower,0,3,4,0,7,0,1,16,0,17,0,4,20,0,24,4,0,4,28
07/30/2016,HOB,NM,ASW,CE,Federal Contract Tower,0,3,2,0,5,0,2,18,0,20,0,5,20,0,25,0,0,0,25
07/31/2016,HOB,NM,ASW,CE,Federal Contract Tower,0,4,4,0,8,0,1,15,0,16,0,5,19,0,24,0,0,0,24
08/01/2016,HOB,NM,ASW,CE,Federal Contract Tower,0,7,2,0,9,0,1,10,0,11,0,8,12,0,20,0,0,0,20
08/02/2016,HOB,NM,ASW,CE,Federal Contract Tower,0,5,1,0,6,0,0,9,0,9,0,5,10,0,15,0,0,0,15
08/03/2016,HOB,NM,ASW,CE,Federal Contract Tower,0,5,7,0,12,0,2,24,0,26,0,7,31,0,38,2,0,2,40
08/04/2016,HOB,NM,ASW,CE,Federal Contract Tower,0,5,8,0,13,0,0,7,0,7,0,5,15,0,20,4,0,4,24
08/05/2016,HOB,NM,ASW,CE,Federal Contract Tower,0,6,4,0,10,0,1,13,0,14,0,7,17,0,24,0,0,0,24
08/06/2016,HOB,NM,ASW,CE,Federal Contract Tower,0,2,1,0,3,0,2,17,0,19,0,4,18,0,22,0,0,0,22
08/07/2016,HOB,NM,ASW,CE,Federal Contract Tower,0,3,4,0,7,0,2,11,0,13,0,5,15,0,20,0,0,0,20
08/08/2016,HOB,NM,ASW,CE,Federal Contract Tower,0,6,4,0,10,0,3,17,0,20,0,9,21,0,30,0,0,0,30
08/09/2016,HOB,NM,ASW,CE,Federal Contract Tower,0,5,6,6,17,0,2,11,0,13,0,7,17,6,30,0,0,0,30
08/10/2016,HOB,NM,ASW,CE,Federal Contract Tower,0,5,6,0,11,0,5,12,0,17,0,10,18,0,28,4,0,4,32
08/11/2016,HOB,NM,ASW,CE,Federal Contract Tower,0,5,3,0,8,0,2,13,0,15,0,7,16,0,23,0,0,0,23
08/12/2016,HOB,NM,ASW,CE,Federal Contract Tower,0,5,2,0,7,0,0,12,0,12,0,5,14,0,19,0,0,0,19
08/13/2016,HOB,NM,ASW,CE,Federal Contract Tower,0,5,2,0,7,0,0,6,0,6,0,5,8,0,13,0,0,0,13
08/14/2016,HOB,NM,ASW,CE,Federal Contract Tower,0,3,4,0,7,0,2,9,0,11,0,5,13,0,18,0,0,0,18
08/15/2016,HOB,NM,ASW,CE,Federal Contract Tower,0,5,1,0,6,0,4,16,0,20,0,9,17,0,26,0,0,0,26
08/16/2016,HOB,NM,ASW,CE,Federal Contract Tower,0,3,2,0,5,0,2,13,16,31,0,5,15,16,36,0,0,0,36
08/17/2016,HOB,NM,ASW,CE,Federal Contract Tower,0,5,3,0,8,0,0,21,0,21,0,5,24,0,29,4,0,4,33
08/18/2016,HOB,NM,ASW,CE,Federal Contract Tower,0,4,7,0,11,0,1,17,0,18,0,5,24,0,29,0,0,0,29
08/19/2016,HOB,NM,ASW,CE,Federal Contract Tower,0,5,4,0,9,0,0,13,0,13,0,5,17,0,22,0,0,0,22
08/20/2016,HOB,NM,ASW,CE,Federal Contract Tower,0,1,0,0,1,0,2,22,0,24,0,3,22,0,25,6,0,6,31
08/21/2016,HOB,NM,ASW,CE,Federal Contract Tower,0,3,2,0,5,0,0,6,0,6,0,3,8,0,11,0,0,0,11
08/22/2016,HOB,NM,ASW,CE,Federal Contract Tower,0,5,2,0,7,0,6,5,0,11,0,11,7,0,18,0,0,0,18
08/23/2016,HOB,NM,ASW,CE,Federal Contract Tower,0,4,2,0,6,0,1,7,0,8,0,5,9,0,14,0,0,0,14
08/24/2016,HOB,NM,ASW,CE,Federal Contract Tower,0,5,6,0,11,0,2,8,0,10,0,7,14,0,21,0,0,0,21
08/25/2016,HOB,NM,ASW,CE,Federal Contract Tower,0,4,8,0,12,0,2,6,0,8,0,6,14,0,20,0,0,0,20
08/26/2016,HOB,NM,ASW,CE,Federal Contract Tower,0,6,5,0,11,0,4,9,0,13,0,10,14,0,24,0,0,0,24
08/27/2016,HOB,NM,ASW,CE,Federal Contract Tower,0,1,1,0,2,0,0,17,0,17,0,1,18,0,19,0,0,0,19
08/28/2016,HOB,NM,ASW,CE,Federal Contract Tower,0,3,3,0,6,0,0,11,0,11,0,3,14,0,17,0,0,0,17
08/29/2016,HOB,NM,ASW,CE,Federal Contract Tower,0,5,1,0,6,0,0,5,0,5,0,5,6,0,11,0,0,0,11
08/31/2016,HOB,NM,ASW,CE,Federal Contract Tower,0,5,5,0,10,0,0,9,0,9,0,5,14,0,19,0,0,0,19
09/01/2016,HOB,NM,ASW,CE,Federal Contract Tower,0,5,13,0,18,0,0,4,0,4,0,5,17,0,22,4,0,4,26
09/02/2016,HOB,NM,ASW,CE,Federal Contract Tower,0,5,6,0,11,0,2,3,0,5,0,7,9,0,16,8,0,8,24
09/03/2016,HOB,NM,ASW,CE,Federal Contract Tower,0,1,0,0,1,0,0,21,0,21,0,1,21,0,22,0,0,0,22
09/04/2016,HOB,NM,ASW,CE,Federal Contract Tower,0,3,2,0,5,0,0,1,0,1,0,3,3,0,6,0,0,0,6
09/05/2016,HOB,NM,ASW,CE,Federal Contract Tower,0,4,2,0,6,0,0,6,0,6,0,4,8,0,12,2,0,2,14
09/06/2016,HOB,NM,ASW,CE,Federal Contract Tower,0,7,7,0,14,0,2,1,0,3,0,9,8,0,17,6,0,6,23
09/07/2016,HOB,NM,ASW,CE,Federal Contract Tower,0,3,1,0,4,0,2,15,0,17,0,5,16,0,21,0,0,0,21
09/08/2016,HOB,NM,ASW,CE,Federal Contract Tower,0,4,3,0,7,0,2,15,0,17,0,6,18,0,24,0,0,0,24
09/09/2016,HOB,NM,ASW,CE,Federal Contract Tower,0,3,0,3,6,0,2,7,5,14,0,5,7,8,20,0,0,0,20
09/10/2016,HOB,NM,ASW,CE,Federal Contract Tower,0,1,0,0,1,0,0,1,0,1,0,1,1,0,2,0,0,0,2
09/11/2016,HOB,NM,ASW,CE,Federal Contract Tower,0,3,5,0,8,0,1,2,0,3,0,4,7,0,11,0,0,0,11
09/12/2016,HOB,NM,ASW,CE,Federal Contract Tower,0,6,6,0,12,0,0,8,0,8,0,6,14,0,20,0,0,0,20
09/13/2016,HOB,NM,ASW,CE,Federal Contract Tower,0,4,4,0,8,0,0,8,10,18,0,4,12,10,26,0,0,0,26
09/14/2016,HOB,NM,ASW,CE,Federal Contract Tower,0,5,8,0,13,0,0,15,0,15,0,5,23,0,28,6,0,6,34
09/15/2016,HOB,NM,ASW,CE,Federal Contract Tower,0,7,3,0,10,0,0,19,0,19,0,7,22,0,29,0,0,0,29
09/16/2016,HOB,NM,ASW,CE,Federal Contract Tower,0,5,3,0,8,0,0,12,0,12,0,5,15,0,20,0,0,0,20
09/17/2016,HOB,NM,ASW,CE,Federal Contract Tower,0,1,2,0,3,0,2,12,0,14,0,3,14,0,17,0,0,0,17
09/18/2016,HOB,NM,ASW,CE,Federal Contract Tower,0,3,3,0,6,0,1,14,0,15,0,4,17,0,21,0,0,0,21
09/19/2016,HOB,NM,ASW,CE,Federal Contract Tower,0,5,1,4,10,0,2,11,2,15,0,7,12,6,25,0,0,0,25
09/20/2016,HOB,NM,ASW,CE,Federal Contract Tower,0,3,10,0,13,0,6,7,0,13,0,9,17,0,26,0,0,0,26
09/21/2016,HOB,NM,ASW,CE,Federal Contract Tower,0,3,2,0,5,0,0,19,0,19,0,3,21,0,24,0,0,0,24
09/22/2016,HOB,NM,ASW,CE,Federal Contract Tower,0,6,4,0,10,0,1,18,0,19,0,7,22,0,29,6,0,6,35
09/23/2016,HOB,NM,ASW,CE,Federal Contract Tower,0,6,6,0,12,0,2,12,0,14,0,8,18,0,26,0,0,0,26
09/24/2016,HOB,NM,ASW,CE,Federal Contract Tower,0,1,1,0,2,0,2,7,0,9,0,3,8,0,11,0,0,0,11
09/25/2016,HOB,NM,ASW,CE,Federal Contract Tower,0,3,3,0,6,0,2,1,0,3,0,5,4,0,9,0,0,0,9
09/26/2016,HOB,NM,ASW,CE,Federal Contract Tower,0,5,0,0,5,0,0,12,0,12,0,5,12,0,17,0,0,0,17
09/27/2016,HOB,NM,ASW,CE,Federal Contract Tower,0,3,6,0,9,0,2,9,0,11,0,5,15,0,20,0,0,0,20
09/28/2016,HOB,NM,ASW,CE,Federal Contract Tower,0,5,8,0,13,0,0,13,0,13,0,5,21,0,26,0,0,0,26
09/29/2016,HOB,NM,ASW,CE,Federal Contract Tower,0,4,2,0,6,0,5,19,0,24,0,9,21,0,30,0,0,0,30
09/30/2016,HOB,NM,ASW,CE,Federal Contract Tower,0,5,0,0,5,0,0,11,0,11,0,5,11,0,16,0,0,0,16
10/01/2016,HOB,NM,ASW,CE,Federal Contract Tower,0,1,3,0,4,0,0,12,0,12,0,1,15,0,16,0,0,0,16
10/02/2016,HOB,NM,ASW,CE,Federal Contract Tower,0,3,4,0,7,0,2,15,0,17,0,5,19,0,24,0,0,0,24
10/03/2016,HOB,NM,ASW,CE,Federal Contract Tower,0,5,1,0,6,0,0,10,0,10,0,5,11,0,16,0,0,0,16
10/04/2016,HOB,NM,ASW,CE,Federal Contract Tower,0,3,4,0,7,0,4,8,0,12,0,7,12,0,19,0,0,0,19
10/05/2016,HOB,NM,ASW,CE,Federal Contract Tower,0,5,5,0,10,0,2,18,0,20,0,7,23,0,30,0,0,0,30
10/06/2016,HOB,NM,ASW,CE,Federal Contract Tower,0,5,2,0,7,0,6,22,0,28,0,11,24,0,35,0,0,0,35
10/07/2016,HOB,NM,ASW,CE,Federal Contract Tower,0,5,5,0,10,0,0,3,0,3,0,5,8,0,13,0,0,0,13
10/08/2016,HOB,NM,ASW,CE,Federal Contract Tower,0,3,1,0,4,0,2,8,0,10,0,5,9,0,14,0,0,0,14
10/09/2016,HOB,NM,ASW,CE,Federal Contract Tower,0,3,7,0,10,0,0,3,0,3,0,3,10,0,13,0,0,0,13
10/10/2016,HOB,NM,ASW,CE,Federal Contract Tower,0,5,8,0,13,0,0,13,0,13,0,5,21,0,26,0,0,0,26
10/11/2016,HOB,NM,ASW,CE,Federal Contract Tower,0,3,9,0,12,0,6,8,0,14,0,9,17,0,26,0,0,0,26
10/12/2016,HOB,NM,ASW,CE,Federal Contract Tower,0,5,6,0,11,0,1,17,0,18,0,6,23,0,29,2,0,2,31
10/13/2016,HOB,NM,ASW,CE,Federal Contract Tower,0,5,3,0,8,0,2,2,0,4,0,7,5,0,12,0,0,0,12
10/14/2016,HOB,NM,ASW,CE,Federal Contract Tower,0,7,9,0,16,0,0,4,0,4,0,7,13,0,20,22,0,22,42
10/15/2016,HOB,NM,ASW,CE,Federal Contract Tower,0,1,0,0,1,0,2,15,0,17,0,3,15,0,18,0,0,0,18
10/16/2016,HOB,NM,ASW,CE,Federal Contract Tower,0,4,2,0,6,0,2,9,0,11,0,6,11,0,17,0,0,0,17
10/17/2016,HOB,NM,ASW,CE,Federal Contract Tower,0,5,1,2,8,0,2,5,0,7,0,7,6,2,15,0,0,0,15
10/18/2016,HOB,NM,ASW,CE,Federal Contract Tower,0,3,2,0,5,0,0,13,0,13,0,3,15,0,18,10,0,10,28
10/19/2016,HOB,NM,ASW,CE,Federal Contract Tower,0,7,10,0,17,0,0,14,0,14,0,7,24,0,31,0,0,0,31
10/20/2016,HOB,NM,ASW,CE,Federal Contract Tower,0,5,11,0,16,0,0,19,0,19,0,5,30,0,35,0,0,0,35
10/21/2016,HOB,NM,ASW,CE,Federal Contract Tower,0,5,3,0,8,0,0,14,0,14,0,5,17,0,22,10,0,10,32
10/22/2016,HOB,NM,ASW,CE,Federal Contract Tower,0,1,2,0,3,0,1,14,0,15,0,2,16,0,18,2,0,2,20
10/23/2016,HOB,NM,ASW,CE,Federal Contract Tower,0,3,5,0,8,0,0,16,0,16,0,3,21,0,24,6,0,6,30
10/24/2016,HOB,NM,ASW,CE,Federal Contract Tower,0,5,5,0,10,0,4,13,0,17,0,9,18,0,27,0,0,0,27
10/25/2016,HOB,NM,ASW,CE,Federal Contract Tower,0,3,1,0,4,0,6,2,0,8,0,9,3,0,12,0,0,0,12
10/26/2016,HOB,NM,ASW,CE,Federal Contract Tower,0,5,6,0,11,0,0,17,0,17,0,5,23,0,28,0,0,0,28
10/27/2016,HOB,NM,ASW,CE,Federal Contract Tower,0,4,7,0,11,0,2,21,0,23,0,6,28,0,34,0,0,0,34
10/28/2016,HOB,NM,ASW,CE,Federal Contract Tower,0,7,4,0,11,0,3,14,0,17,0,10,18,0,28,0,0,0,28
10/29/2016,HOB,NM,ASW,CE,Federal Contract Tower,0,1,1,0,2,0,0,12,0,12,0,1,13,0,14,0,0,0,14
10/30/2016,HOB,NM,ASW,CE,Federal Contract Tower,0,3,9,0,12,0,0,11,0,11,0,3,20,0,23,0,0,0,23
10/31/2016,HOB,NM,ASW,CE,Federal Contract Tower,0,3,4,0,7,0,0,14,0,14,0,3,18,0,21,0,0,0,21
11/01/2016,HOB,NM,ASW,CE,Federal Contract Tower,0,3,4,0,7,0,2,9,0,11,0,5,13,0,18,2,0,2,20
11/02/2016,HOB,NM,ASW,CE,Federal Contract Tower,0,5,3,4,12,0,1,16,0,17,0,6,19,4,29,0,0,0,29
11/03/2016,HOB,NM,ASW,CE,Federal Contract Tower,0,5,4,0,9,0,2,0,0,2,0,7,4,0,11,0,0,0,11
11/04/2016,HOB,NM,ASW,CE,Federal Contract Tower,0,5,2,0,7,0,0,12,0,12,0,5,14,0,19,4,0,4,23
11/05/2016,HOB,NM,ASW,CE,Federal Contract Tower,0,1,2,0,3,0,0,0,0,0,0,1,2,0,3,0,0,0,3
11/06/2016,HOB,NM,ASW,CE,Federal Contract Tower,0,3,6,1,10,0,1,10,1,12,0,4,16,2,22,8,0,8,30
11/07/2016,HOB,NM,ASW,CE,Federal Contract Tower,0,5,3,0,8,0,0,13,0,13,0,5,16,0,21,0,0,0,21
11/08/2016,HOB,NM,ASW,CE,Federal Contract Tower,0,3,3,0,6,0,0,7,0,7,0,3,10,0,13,0,0,0,13
11/09/2016,HOB,NM,ASW,CE,Federal Contract Tower,0,7,6,0,13,0,2,3,0,5,0,9,9,0,18,0,0,0,18
11/10/2016,HOB,NM,ASW,CE,Federal Contract Tower,0,5,9,0,14,0,2,1,0,3,0,7,10,0,17,0,0,0,17
11/11/2016,HOB,NM,ASW,CE,Federal Contract Tower,0,5,1,0,6,0,0,8,2,10,0,5,9,2,16,0,0,0,16
11/12/2016,HOB,NM,ASW,CE,Federal Contract Tower,0,1,2,0,3,0,0,30,0,30,0,1,32,0,33,0,0,0,33
11/13/2016,HOB,NM,ASW,CE,Federal Contract Tower,0,3,4,0,7,0,4,13,0,17,0,7,17,0,24,2,0,2,26
11/14/2016,HOB,NM,ASW,CE,Federal Contract Tower,0,5,4,4,13,0,2,13,0,15,0,7,17,4,28,0,0,0,28
11/15/2016,HOB,NM,ASW,CE,Federal Contract Tower,0,3,2,0,5,0,2,10,0,12,0,5,12,0,17,0,0,0,17
11/16/2016,HOB,NM,ASW,CE,Federal Contract Tower,0,6,6,0,12,0,9,15,0,24,0,15,21,0,36,0,0,0,36
11/17/2016,HOB,NM,ASW,CE,Federal Contract Tower,0,5,5,5,15,0,1,15,1,17,0,6,20,6,32,2,0,2,34
11/18/2016,HOB,NM,ASW,CE,Federal Contract Tower,0,5,5,4,14,0,0,11,0,11,0,5,16,4,25,0,2,2,27
11/19/2016,HOB,NM,ASW,CE,Federal Contract Tower,0,1,3,0,4,0,2,18,0,20,0,3,21,0,24,0,0,0,24
11/20/2016,HOB,NM,ASW,CE,Federal Contract Tower,0,3,3,0,6,0,0,6,0,6,0,3,9,0,12,0,0,0,12
11/21/2016,HOB,NM,ASW,CE,Federal Contract Tower,0,3,3,4,10,0,2,11,0,13,0,5,14,4,23,0,0,0,23
11/22/2016,HOB,NM,ASW,CE,Federal Contract Tower,0,5,7,4,16,0,2,15,0,17,0,7,22,4,33,0,0,0,33
11/23/2016,HOB,NM,ASW,CE,Federal Contract Tower,0,5,8,0,13,0,4,31,0,35,0,9,39,0,48,0,0,0,48
11/24/2016,HOB,NM,ASW,CE,Federal Contract Tower,0,3,0,0,3,0,0,5,0,5,0,3,5,0,8,0,0,0,8
11/25/2016,HOB,NM,ASW,CE,Federal Contract Tower,0,5,0,0,5,0,2,14,0,16,0,7,14,0,21,0,0,0,21
11/26/2016,HOB,NM,ASW,CE,Federal Contract Tower,0,2,4,0,6,0,1,4,0,5,0,3,8,0,11,0,0,0,11
11/27/2016,HOB,NM,ASW,CE,Federal Contract Tower,0,3,5,0,8,0,0,5,0,5,0,3,10,0,13,0,0,0,13
11/28/2016,HOB,NM,ASW,CE,Federal Contract Tower,0,5,1,0,6,0,2,9,0,11,0,7,10,0,17,0,0,0,17
11/29/2016,HOB,NM,ASW,CE,Federal Contract Tower,0,5,1,0,6,0,0,4,0,4,0,5,5,0,10,0,0,0,10
11/30/2016,HOB,NM,ASW,CE,Federal Contract Tower,0,6,3,0,9,0,3,17,0,20,0,9,20,0,29,0,0,0,29
12/01/2016,HOB,NM,ASW,CE,Federal Contract Tower,0,5,6,0,11,0,0,18,0,18,0,5,24,0,29,28,0,28,57
12/02/2016,HOB,NM,ASW,CE,Federal Contract Tower,0,7,5,4,16,0,0,0,0,0,0,7,5,4,16,0,0,0,16
12/03/2016,HOB,NM,ASW,CE,Federal Contract Tower,0,2,1,0,3,0,0,0,0,0,0,2,1,0,3,0,0,0,3
12/04/2016,HOB,NM,ASW,CE,Federal Contract Tower,0,3,3,0,6,0,1,3,0,4,0,4,6,0,10,0,0,0,10
12/05/2016,HOB,NM,ASW,CE,Federal Contract Tower,0,5,5,0,10,0,1,12,0,13,0,6,17,0,23,0,0,0,23
12/06/2016,HOB,NM,ASW,CE,Federal Contract Tower,0,3,1,0,4,0,3,7,0,10,0,6,8,0,14,0,0,0,14
12/07/2016,HOB,NM,ASW,CE,Federal Contract Tower,0,7,2,0,9,0,2,0,0,2,0,9,2,0,11,0,0,0,11
12/08/2016,HOB,NM,ASW,CE,Federal Contract Tower,0,7,6,4,17,0,0,3,0,3,0,7,9,4,20,0,0,0,20
12/09/2016,HOB,NM,ASW,CE,Federal Contract Tower,0,7,1,0,8,0,2,1,0,3,0,9,2,0,11,0,0,0,11
12/10/2016,HOB,NM,ASW,CE,Federal Contract Tower,0,1,3,0,4,0,2,6,0,8,0,3,9,0,12,10,0,10,22
12/11/2016,HOB,NM,ASW,CE,Federal Contract Tower,0,3,1,0,4,0,2,4,0,6,0,5,5,0,10,0,0,0,10
12/12/2016,HOB,NM,ASW,CE,Federal Contract Tower,0,5,1,0,6,0,0,3,0,3,0,5,4,0,9,0,0,0,9
12/13/2016,HOB,NM,ASW,CE,Federal Contract Tower,0,4,5,2,11,0,3,11,0,14,0,7,16,2,25,0,0,0,25
12/14/2016,HOB,NM,ASW,CE,Federal Contract Tower,0,6,7,4,17,0,5,10,0,15,0,11,17,4,32,0,0,0,32
12/15/2016,HOB,NM,ASW,CE,Federal Contract Tower,0,9,3,0,12,0,0,3,0,3,0,9,6,0,15,0,0,0,15
12/16/2016,HOB,NM,ASW,CE,Federal Contract Tower,0,6,3,2,11,0,1,2,0,3,0,7,5,2,14,0,0,0,14
12/17/2016,HOB,NM,ASW,CE,Federal Contract Tower,0,1,4,0,5,0,0,0,0,0,0,1,4,0,5,0,0,0,5
12/18/2016,HOB,NM,ASW,CE,Federal Contract Tower,0,3,1,0,4,0,0,2,0,2,0,3,3,0,6,6,0,6,12
12/19/2016,HOB,NM,ASW,CE,Federal Contract Tower,0,7,0,0,7,0,3,23,0,26,0,10,23,0,33,0,0,0,33
12/20/2016,HOB,NM,ASW,CE,Federal Contract Tower,0,5,4,0,9,0,4,24,0,28,0,9,28,0,37,4,0,4,41
12/21/2016,HOB,NM,ASW,CE,Federal Contract Tower,0,5,4,0,9,0,11,13,0,24,0,16,17,0,33,0,0,0,33
12/22/2016,HOB,NM,ASW,CE,Federal Contract Tower,0,7,2,0,9,0,0,10,0,10,0,7,12,0,19,0,0,0,19
12/23/2016,HOB,NM,ASW,CE,Federal Contract Tower,0,6,2,0,8,0,2,8,0,10,0,8,10,0,18,4,0,4,22
12/24/2016,HOB,NM,ASW,CE,Federal Contract Tower,0,3,0,0,3,0,1,21,0,22,0,4,21,0,25,0,0,0,25
12/25/2016,HOB,NM,ASW,CE,Federal Contract Tower,0,1,0,0,1,0,0,1,0,1,0,1,1,0,2,0,0,0,2
12/26/2016,HOB,NM,ASW,CE,Federal Contract Tower,0,3,3,0,6,0,2,7,0,9,0,5,10,0,15,18,0,18,33
12/27/2016,HOB,NM,ASW,CE,Federal Contract Tower,0,5,2,0,7,0,2,9,0,11,0,7,11,0,18,0,0,0,18
12/28/2016,HOB,NM,ASW,CE,Federal Contract Tower,0,5,8,0,13,0,4,12,0,16,0,9,20,0,29,2,0,2,31
12/29/2016,HOB,NM,ASW,CE,Federal Contract Tower,0,5,1,0,6,0,2,10,0,12,0,7,11,0,18,0,0,0,18
12/30/2016,HOB,NM,ASW,CE,Federal Contract Tower,0,5,3,0,8,0,2,4,0,6,0,7,7,0,14,0,0,0,14
12/31/2016,HOB,NM,ASW,CE,Federal Contract Tower,0,1,2,0,3,0,0,3,0,3,0,1,5,0,6,0,0,0,6
01/01/2017,HOB,NM,ASW,CE,Federal Contract Tower,0,5,0,0,5,0,2,13,0,15,0,7,13,0,20,4,0,4,24
01/02/2017,HOB,NM,ASW,CE,Federal Contract Tower,0,3,2,0,5,0,0,14,0,14,0,3,16,0,19,0,0,0,19
01/03/2017,HOB,NM,ASW,CE,Federal Contract Tower,0,5,0,0,5,0,2,6,0,8,0,7,6,0,13,0,0,0,13
01/04/2017,HOB,NM,ASW,CE,Federal Contract Tower,0,3,1,0,4,0,2,4,0,6,0,5,5,0,10,0,0,0,10
01/05/2017,HOB,NM,ASW,CE,Federal Contract Tower,0,5,3,0,8,0,2,10,0,12,0,7,13,0,20,0,0,0,20
01/06/2017,HOB,NM,ASW,CE,Federal Contract Tower,0,5,2,0,7,0,0,1,0,1,0,5,3,0,8,0,0,0,8
01/07/2017,HOB,NM,ASW,CE,Federal Contract Tower,0,1,4,0,5,0,2,7,0,9,0,3,11,0,14,0,0,0,14
01/08/2017,HOB,NM,ASW,CE,Federal Contract Tower,0,3,0,0,3,0,2,4,0,6,0,5,4,0,9,0,0,0,9
01/09/2017,HOB,NM,ASW,CE,Federal Contract Tower,0,5,0,0,5,0,0,12,0,12,0,5,12,0,17,4,0,4,21
01/10/2017,HOB,NM,ASW,CE,Federal Contract Tower,0,3,5,0,8,0,2,9,2,13,0,5,14,2,21,0,0,0,21
01/11/2017,HOB,NM,ASW,CE,Federal Contract Tower,0,3,1,0,4,0,0,18,0,18,0,3,19,0,22,0,0,0,22
01/12/2017,HOB,NM,ASW,CE,Federal Contract Tower,0,5,1,0,6,0,2,24,0,26,0,7,25,0,32,0,0,0,32
01/13/2017,HOB,NM,ASW,CE,Federal Contract Tower,0,7,4,0,11,0,0,0,0,0,0,7,4,0,11,0,0,0,11
01/14/2017,HOB,NM,ASW,CE,Federal Contract Tower,0,1,1,0,2,0,0,0,0,0,0,1,1,0,2,0,0,0,2
01/15/2017,HOB,NM,ASW,CE,Federal Contract Tower,0,3,2,0,5,0,0,0,0,0,0,3,2,0,5,0,0,0,5
01/16/2017,HOB,NM,ASW,CE,Federal Contract Tower,0,5,6,0,11,0,0,21,0,21,0,5,27,0,32,8,0,8,40
01/17/2017,HOB,NM,ASW,CE,Federal Contract Tower,0,3,4,0,7,0,4,0,0,4,0,7,4,0,11,0,0,0,11
01/18/2017,HOB,NM,ASW,CE,Federal Contract Tower,0,3,5,4,12,0,2,13,0,15,0,5,18,4,27,0,0,0,27
01/19/2017,HOB,NM,ASW,CE,Federal Contract Tower,0,5,8,0,13,0,0,14,0,14,0,5,22,0,27,0,0,0,27
01/20/2017,HOB,NM,ASW,CE,Federal Contract Tower,0,5,5,0,10,0,2,4,0,6,0,7,9,0,16,0,0,0,16
01/21/2017,HOB,NM,ASW,CE,Federal Contract Tower,0,1,1,0,2,0,0,1,0,1,0,1,2,0,3,0,0,0,3
01/22/2017,HOB,NM,ASW,CE,Federal Contract Tower,0,3,0,0,3,0,1,5,0,6,0,4,5,0,9,0,0,0,9
01/23/2017,HOB,NM,ASW,CE,Federal Contract Tower,0,5,3,0,8,0,0,7,0,7,0,5,10,0,15,0,0,0,15
01/24/2017,HOB,NM,ASW,CE,Federal Contract Tower,0,3,0,0,3,0,0,2,0,2,0,3,2,0,5,0,0,0,5
01/25/2017,HOB,NM,ASW,CE,Federal Contract Tower,0,3,2,0,5,0,4,20,0,24,0,7,22,0,29,0,0,0,29
01/26/2017,HOB,NM,ASW,CE,Federal Contract Tower,0,5,4,0,9,0,0,15,0,15,0,5,19,0,24,2,0,2,26
01/27/2017,HOB,NM,ASW,CE,Federal Contract Tower,0,5,1,0,6,0,0,7,0,7,0,5,8,0,13,0,0,0,13
01/28/2017,HOB,NM,ASW,CE,Federal Contract Tower,0,1,1,0,2,0,2,16,0,18,0,3,17,0,20,4,0,4,24
01/29/2017,HOB,NM,ASW,CE,Federal Contract Tower,0,3,1,0,4,0,0,23,0,23,0,3,24,0,27,0,0,0,27
01/30/2017,HOB,NM,ASW,CE,Federal Contract Tower,0,5,0,0,5,0,2,8,0,10,0,7,8,0,15,0,0,0,15
01/31/2017,HOB,NM,ASW,CE,Federal Contract Tower,0,3,5,0,8,0,0,5,0,5,0,3,10,0,13,0,0,0,13
02/01/2017,HOB,NM,ASW,CE,Federal Contract Tower,0,3,7,0,10,0,0,28,0,28,0,3,35,0,38,0,0,0,38
02/02/2017,HOB,NM,ASW,CE,Federal Contract Tower,0,5,3,0,8,0,0,16,0,16,0,5,19,0,24,0,0,0,24
02/03/2017,HOB,NM,ASW,CE,Federal Contract Tower,0,5,0,0,5,0,4,11,0,15,0,9,11,0,20,0,0,0,20
02/04/2017,HOB,NM,ASW,CE,Federal Contract Tower,0,1,3,0,4,0,0,2,0,2,0,1,5,0,6,0,0,0,6
02/05/2017,HOB,NM,ASW,CE,Federal Contract Tower,0,3,3,0,6,0,0,6,0,6,0,3,9,0,12,0,0,0,12
02/06/2017,HOB,NM,ASW,CE,Federal Contract Tower,0,5,1,0,6,0,0,6,0,6,0,5,7,0,12,0,0,0,12
02/07/2017,HOB,NM,ASW,CE,Federal Contract Tower,0,3,4,0,7,0,0,5,0,5,0,3,9,0,12,0,0,0,12
02/08/2017,HOB,NM,ASW,CE,Federal Contract Tower,0,3,3,0,6,0,0,8,0,8,0,3,11,0,14,0,0,0,14
02/09/2017,HOB,NM,ASW,CE,Federal Contract Tower,0,7,6,0,13,0,0,19,0,19,0,7,25,0,32,0,0,0,32
02/10/2017,HOB,NM,ASW,CE,Federal Contract Tower,0,5,4,0,9,0,0,12,0,12,0,5,16,0,21,0,0,0,21
02/11/2017,HOB,NM,ASW,CE,Federal Contract Tower,0,1,2,0,3,0,0,34,0,34,0,1,36,0,37,54,0,54,91
02/12/2017,HOB,NM,ASW,CE,Federal Contract Tower,0,3,2,0,5,0,2,7,0,9,0,5,9,0,14,0,0,0,14
02/13/2017,HOB,NM,ASW,CE,Federal Contract Tower,0,7,4,0,11,0,0,0,0,0,0,7,4,0,11,0,0,0,11
02/14/2017,HOB,NM,ASW,CE,Federal Contract Tower,0,9,3,0,12,0,1,3,0,4,0,10,6,0,16,0,0,0,16
02/15/2017,HOB,NM,ASW,CE,Federal Contract Tower,0,4,0,0,4,0,2,25,0,27,0,6,25,0,31,0,0,0,31
02/16/2017,HOB,NM,ASW,CE,Federal Contract Tower,0,5,4,4,13,0,0,9,0,9,0,5,13,4,22,0,0,0,22
02/17/2017,HOB,NM,ASW,CE,Federal Contract Tower,0,5,4,0,9,0,0,10,0,10,0,5,14,0,19,0,0,0,19
02/18/2017,HOB,NM,ASW,CE,Federal Contract Tower,0,1,2,0,3,0,2,30,0,32,0,3,32,0,35,44,0,44,79
02/19/2017,HOB,NM,ASW,CE,Federal Contract Tower,0,3,4,0,7,0,0,4,0,4,0,3,8,0,11,0,0,0,11
02/20/2017,HOB,NM,ASW,CE,Federal Contract Tower,0,5,3,0,8,0,3,10,0,13,0,8,13,0,21,0,0,0,21
02/21/2017,HOB,NM,ASW,CE,Federal Contract Tower,0,7,6,0,13,0,5,17,0,22,0,12,23,0,35,2,0,2,37
02/22/2017,HOB,NM,ASW,CE,Federal Contract Tower,0,5,7,0,12,0,2,18,0,20,0,7,25,0,32,0,0,0,32
02/23/2017,HOB,NM,ASW,CE,Federal Contract Tower,0,6,4,0,10,0,1,5,0,6,0,7,9,0,16,0,0,0,16
02/24/2017,HOB,NM,ASW,CE,Federal Contract Tower,0,5,3,0,8,0,0,12,0,12,0,5,15,0,20,34,0,34,54
02/25/2017,HOB,NM,ASW,CE,Federal Contract Tower,0,1,2,0,3,0,2,34,0,36,0,3,36,0,39,84,0,84,123
02/26/2017,HOB,NM,ASW,CE,Federal Contract Tower,0,3,3,0,6,0,0,9,0,9,0,3,12,0,15,0,0,0,15
02/27/2017,HOB,NM,ASW,CE,Federal Contract Tower,0,5,0,0,5,0,0,5,0,5,0,5,5,0,10,0,0,0,10
02/28/2017,HOB,NM,ASW,CE,Federal Contract Tower,0,3,2,0,5,0,0,2,0,2,0,3,4,0,7,0,0,0,7
03/01/2017,HOB,NM,ASW,CE,Federal Contract Tower,0,4,6,0,10,0,2,15,0,17,0,6,21,0,27,0,0,0,27
03/02/2017,HOB,NM,ASW,CE,Federal Contract Tower,0,5,6,0,11,0,0,15,0,15,0,5,21,0,26,6,0,6,32
03/03/2017,HOB,NM,ASW,CE,Federal Contract Tower,0,5,0,0,5,0,2,9,0,11,0,7,9,0,16,0,0,0,16
03/04/2017,HOB,NM,ASW,CE,Federal Contract Tower,0,1,3,0,4,0,0,19,0,19,0,1,22,0,23,0,0,0,23
03/05/2017,HOB,NM,ASW,CE,Federal Contract Tower,0,3,0,0,3,0,1,13,0,14,0,4,13,0,17,0,0,0,17
03/06/2017,HOB,NM,ASW,CE,Federal Contract Tower,0,5,5,2,12,0,2,2,0,4,0,7,7,2,16,0,0,0,16
03/07/2017,HOB,NM,ASW,CE,Federal Contract Tower,0,3,3,0,6,0,2,3,0,5,0,5,6,0,11,0,0,0,11
03/08/2017,HOB,NM,ASW,CE,Federal Contract Tower,0,5,1,0,6,0,0,18,0,18,0,5,19,0,24,0,0,0,24
03/09/2017,HOB,NM,ASW,CE,Federal Contract Tower,0,5,1,0,6,0,4,9,0,13,0,9,10,0,19,0,0,0,19
03/10/2017,HOB,NM,ASW,CE,Federal Contract Tower,0,5,0,0,5,0,2,4,0,6,0,7,4,0,11,10,0,10,21
03/11/2017,HOB,NM,ASW,CE,Federal Contract Tower,0,1,5,0,6,0,0,7,0,7,0,1,12,0,13,0,0,0,13
03/12/2017,HOB,NM,ASW,CE,Federal Contract Tower,0,3,4,0,7,0,0,4,0,4,0,3,8,0,11,0,0,0,11
03/13/2017,HOB,NM,ASW,CE,Federal Contract Tower,0,5,8,3,16,0,0,7,1,8,0,5,15,4,24,0,0,0,24
03/14/2017,HOB,NM,ASW,CE,Federal Contract Tower,0,3,3,4,10,0,0,14,0,14,0,3,17,4,24,0,0,0,24
03/15/2017,HOB,NM,ASW,CE,Federal Contract Tower,0,5,5,0,10,0,0,17,0,17,0,5,22,0,27,0,0,0,27
03/16/2017,HOB,NM,ASW,CE,Federal Contract Tower,0,5,4,0,9,0,0,14,0,14,0,5,18,0,23,0,0,0,23
03/17/2017,HOB,NM,ASW,CE,Federal Contract Tower,0,5,1,0,6,0,0,12,0,12,0,5,13,0,18,4,0,4,22
03/18/2017,HOB,NM,ASW,CE,Federal Contract Tower,0,2,6,0,8,0,4,17,0,21,0,6,23,0,29,0,0,0,29
03/19/2017,HOB,NM,ASW,CE,Federal Contract Tower,0,3,2,0,5,0,0,17,0,17,0,3,19,0,22,10,0,10,32
03/20/2017,HOB,NM,ASW,CE,Federal Contract Tower,0,5,2,0,7,0,0,22,0,22,0,5,24,0,29,0,0,0,29
03/21/2017,HOB,NM,ASW,CE,Federal Contract Tower,0,3,8,0,11,0,0,16,0,16,0,3,24,0,27,0,0,0,27
03/22/2017,HOB,NM,ASW,CE,Federal Contract Tower,0,5,2,2,9,0,2,17,0,19,0,7,19,2,28,4,2,6,34
03/23/2017,HOB,NM,ASW,CE,Federal Contract Tower,0,5,4,0,9,0,0,11,0,11,0,5,15,0,20,0,0,0,20
03/24/2017,HOB,NM,ASW,CE,Federal Contract Tower,0,7,5,0,12,0,1,2,0,3,0,8,7,0,15,0,0,0,15
03/25/2017,HOB,NM,ASW,CE,Federal Contract Tower,0,3,0,0,3,0,0,23,0,23,0,3,23,0,26,0,0,0,26
03/26/2017,HOB,NM,ASW,CE,Federal Contract Tower,0,4,3,0,7,0,0,6,0,6,0,4,9,0,13,4,0,4,17
03/27/2017,HOB,NM,ASW,CE,Federal Contract Tower,0,5,3,0,8,0,0,9,0,9,0,5,12,0,17,0,0,0,17
03/28/2017,HOB,NM,ASW,CE,Federal Contract Tower,0,5,11,0,16,0,0,6,0,6,0,5,17,0,22,0,0,0,22
03/29/2017,HOB,NM,ASW,CE,Federal Contract Tower,0,3,4,0,7,0,0,13,2,15,0,3,17,2,22,0,0,0,22
03/30/2017,HOB,NM,ASW,CE,Federal Contract Tower,0,5,5,4,14,0,0,16,0,16,0,5,21,4,30,0,0,0,30
03/31/2017,HOB,NM,ASW,CE,Federal Contract Tower,0,5,0,0,5,0,0,14,0,14,0,5,14,0,19,0,0,0,19
04/01/2017,HOB,NM,ASW,CE,Federal Contract Tower,0,4,4,0,8,0,0,9,0,9,0,4,13,0,17,0,0,0,17
04/02/2017,HOB,NM,ASW,CE,Federal Contract Tower,0,5,3,0,8,0,0,9,0,9,0,5,12,0,17,0,0,0,17
04/03/2017,HOB,NM,ASW,CE,Federal Contract Tower,0,5,4,0,9,0,0,5,0,5,0,5,9,0,14,0,0,0,14
04/04/2017,HOB,NM,ASW,CE,Federal Contract Tower,0,3,2,0,5,0,0,2,0,2,0,3,4,0,7,0,0,0,7
04/05/2017,HOB,NM,ASW,CE,Federal Contract Tower,0,3,5,0,8,0,3,13,0,16,0,6,18,0,24,0,0,0,24
04/06/2017,HOB,NM,ASW,CE,Federal Contract Tower,0,5,2,0,7,0,2,16,0,18,0,7,18,0,25,0,0,0,25
04/07/2017,HOB,NM,ASW,CE,Federal Contract Tower,0,5,3,0,8,0,0,11,0,11,0,5,14,0,19,0,0,0,19
04/08/2017,HOB,NM,ASW,CE,Federal Contract Tower,0,1,0,0,1,0,0,23,0,23,0,1,23,0,24,16,0,16,40
04/09/2017,HOB,NM,ASW,CE,Federal Contract Tower,0,3,2,0,5,0,2,6,0,8,0,5,8,0,13,0,0,0,13
04/10/2017,HOB,NM,ASW,CE,Federal Contract Tower,0,5,3,0,8,0,2,3,0,5,0,7,6,0,13,0,0,0,13
04/11/2017,HOB,NM,ASW,CE,Federal Contract Tower,0,3,2,0,5,0,2,5,0,7,0,5,7,0,12,0,0,0,12
04/12/2017,HOB,NM,ASW,CE,Federal Contract Tower,0,2,3,0,5,0,0,4,0,4,0,2,7,0,9,0,0,0,9
04/13/2017,HOB,NM,ASW,CE,Federal Contract Tower,0,6,7,0,13,0,0,9,0,9,0,6,16,0,22,0,0,0,22
04/14/2017,HOB,NM,ASW,CE,Federal Contract Tower,0,5,8,0,13,0,0,3,0,3,0,5,11,0,16,0,0,0,16
04/15/2017,HOB,NM,ASW,CE,Federal Contract Tower,0,1,6,0,7,0,2,6,0,8,0,3,12,0,15,0,0,0,15
04/16/2017,HOB,NM,ASW,CE,Federal Contract Tower,0,3,0,0,3,0,0,6,0,6,0,3,6,0,9,0,0,0,9
04/17/2017,HOB,NM,ASW,CE,Federal Contract Tower,0,5,5,0,10,0,2,6,0,8,0,7,11,0,18,0,0,0,18
04/18/2017,HOB,NM,ASW,CE,Federal Contract Tower,0,3,4,0,7,0,0,8,0,8,0,3,12,0,15,0,0,0,15
04/19/2017,HOB,NM,ASW,CE,Federal Contract Tower,0,3,10,0,13,0,0,18,4,22,0,3,28,4,35,0,6,6,41
04/20/2017,HOB,NM,ASW,CE,Federal Contract Tower,0,5,2,0,7,0,0,17,0,17,0,5,19,0,24,0,0,0,24
04/21/2017,HOB,NM,ASW,CE,Federal Contract Tower,0,5,4,0,9,0,0,11,0,11,0,5,15,0,20,0,0,0,20
04/22/2017,HOB,NM,ASW,CE,Federal Contract Tower,0,1,0,0,1,0,0,4,22,26,0,1,4,22,27,2,0,2,29
04/23/2017,HOB,NM,ASW,CE,Federal Contract Tower,0,3,7,0,10,0,0,13,0,13,0,3,20,0,23,4,0,4,27
04/24/2017,HOB,NM,ASW,CE,Federal Contract Tower,0,6,0,0,6,0,2,9,0,11,0,8,9,0,17,0,0,0,17
04/25/2017,HOB,NM,ASW,CE,Federal Contract Tower,0,3,2,0,5,0,4,3,0,7,0,7,5,0,12,0,0,0,12
04/26/2017,HOB,NM,ASW,CE,Federal Contract Tower,0,3,0,0,3,0,3,12,0,15,0,6,12,0,18,0,0,0,18
04/27/2017,HOB,NM,ASW,CE,Federal Contract Tower,0,5,4,0,9,0,0,17,0,17,0,5,21,0,26,0,0,0,26
04/28/2017,HOB,NM,ASW,CE,Federal Contract Tower,0,7,5,0,12,0,0,7,0,7,0,7,12,0,19,0,0,0,19
04/29/2017,HOB,NM,ASW,CE,Federal Contract Tower,0,1,4,0,5,0,0,2,0,2,0,1,6,0,7,0,0,0,7
04/30/2017,HOB,NM,ASW,CE,Federal Contract Tower,0,3,4,0,7,0,0,6,0,6,0,3,10,0,13,0,0,0,13
05/01/2017,HOB,NM,ASW,CE,Federal Contract Tower,0,4,0,0,4,0,2,7,0,9,0,6,7,0,13,0,0,0,13
05/02/2017,HOB,NM,ASW,CE,Federal Contract Tower,0,3,2,0,5,0,2,12,22,36,0,5,14,22,41,0,0,0,41
05/03/2017,HOB,NM,ASW,CE,Federal Contract Tower,0,3,0,2,5,0,2,13,0,15,0,5,13,2,20,0,0,0,20
05/04/2017,HOB,NM,ASW,CE,Federal Contract Tower,0,5,2,2,9,0,3,22,0,25,0,8,24,2,34,10,0,10,44
05/05/2017,HOB,NM,ASW,CE,Federal Contract Tower,0,4,2,0,6,0,0,15,0,15,0,4,17,0,21,0,0,0,21
05/06/2017,HOB,NM,ASW,CE,Federal Contract Tower,0,1,4,0,5,0,1,14,0,15,0,2,18,0,20,4,0,4,24
05/07/2017,HOB,NM,ASW,CE,Federal Contract Tower,0,3,5,0,8,0,0,5,0,5,0,3,10,0,13,0,0,0,13
05/08/2017,HOB,NM,ASW,CE,Federal Contract Tower,0,5,7,0,12,0,0,5,0,5,0,5,12,0,17,0,0,0,17
05/09/2017,HOB,NM,ASW,CE,Federal Contract Tower,0,5,2,4,11,0,1,5,0,6,0,6,7,4,17,0,0,0,17
05/10/2017,HOB,NM,ASW,CE,Federal Contract Tower,0,5,11,0,16,0,7,12,0,19,0,12,23,0,35,0,0,0,35
05/11/2017,HOB,NM,ASW,CE,Federal Contract Tower,0,5,5,0,10,0,2,15,0,17,0,7,20,0,27,10,0,10,37
05/12/2017,HOB,NM,ASW,CE,Federal Contract Tower,0,5,4,0,9,0,2,13,0,15,0,7,17,0,24,0,0,0,24
05/13/2017,HOB,NM,ASW,CE,Federal Contract Tower,0,1,5,4,10,0,1,12,0,13,0,2,17,4,23,0,0,0,23
05/14/2017,HOB,NM,ASW,CE,Federal Contract Tower,0,3,2,0,5,0,0,9,0,9,0,3,11,0,14,2,0,2,16
05/15/2017,HOB,NM,ASW,CE,Federal Contract Tower,0,5,2,0,7,0,2,15,0,17,0,7,17,0,24,0,0,0,24
05/16/2017,HOB,NM,ASW,CE,Federal Contract Tower,0,5,2,0,7,0,2,16,0,18,0,7,18,0,25,0,0,0,25
05/17/2017,HOB,NM,ASW,CE,Federal Contract Tower,0,5,8,0,13,0,0,17,0,17,0,5,25,0,30,0,0,0,30
05/18/2017,HOB,NM,ASW,CE,Federal Contract Tower,0,5,6,4,15,0,2,13,0,15,0,7,19,4,30,2,2,4,34
05/19/2017,HOB,NM,ASW,CE,Federal Contract Tower,0,5,1,0,6,0,2,8,0,10,0,7,9,0,16,0,0,0,16
05/20/2017,HOB,NM,ASW,CE,Federal Contract Tower,0,1,3,0,4,0,0,27,0,27,0,1,30,0,31,24,0,24,55
05/21/2017,HOB,NM,ASW,CE,Federal Contract Tower,0,3,2,0,5,0,0,4,0,4,0,3,6,0,9,0,0,0,9
05/22/2017,HOB,NM,ASW,CE,Federal Contract Tower,0,6,11,0,17,0,1,2,0,3,0,7,13,0,20,0,0,0,20
05/23/2017,HOB,NM,ASW,CE,Federal Contract Tower,0,5,4,1,10,0,0,2,1,3,0,5,6,2,13,0,0,0,13
05/24/2017,HOB,NM,ASW,CE,Federal Contract Tower,0,6,0,0,6,0,2,15,0,17,0,8,15,0,23,0,0,0,23
05/25/2017,HOB,NM,ASW,CE,Federal Contract Tower,0,5,1,2,8,0,2,11,0,13,0,7,12,2,21,0,0,0,21
05/26/2017,HOB,NM,ASW,CE,Federal Contract Tower,0,5,0,0,5,0,2,8,0,10,0,7,8,0,15,0,0,0,15
05/27/2017,HOB,NM,ASW,CE,Federal Contract Tower,0,1,1,0,2,0,0,13,0,13,0,1,14,0,15,17,0,17,32
05/28/2017,HOB,NM,ASW,CE,Federal Contract Tower,0,3,0,0,3,0,0,3,0,3,0,3,3,0,6,0,0,0,6
05/29/2017,HOB,NM,ASW,CE,Federal Contract Tower,0,3,4,0,7,0,0,14,0,14,0,3,18,0,21,0,0,0,21
05/30/2017,HOB,NM,ASW,CE,Federal Contract Tower,0,3,1,0,4,0,2,5,0,7,0,5,6,0,11,0,0,0,11
05/31/2017,HOB,NM,ASW,CE,Federal Contract Tower,0,5,8,0,13,0,0,18,0,18,0,5,26,0,31,0,0,0,31
06/01/2017,HOB,NM,ASW,CE,Federal Contract Tower,0,7,4,0,11,0,0,8,0,8,0,7,12,0,19,0,0,0,19
06/02/2017,HOB,NM,ASW,CE,Federal Contract Tower,0,5,1,0,6,0,0,5,0,5,0,5,6,0,11,0,0,0,11
06/03/2017,HOB,NM,ASW,CE,Federal Contract Tower,0,1,3,0,4,0,0,16,0,16,0,1,19,0,20,44,0,44,64
06/04/2017,HOB,NM,ASW,CE,Federal Contract Tower,0,3,0,0,3,0,2,5,0,7,0,5,5,0,10,0,0,0,10
06/05/2017,HOB,NM,ASW,CE,Federal Contract Tower,0,3,3,0,6,0,1,11,0,12,0,4,14,0,18,0,0,0,18
06/06/2017,HOB,NM,ASW,CE,Federal Contract Tower,0,5,3,0,8,0,1,9,0,10,0,6,12,0,18,0,0,0,18
06/07/2017,HOB,NM,ASW,CE,Federal Contract Tower,0,6,5,0,11,0,3,31,0,34,0,9,36,0,45,0,0,0,45
06/08/2017,HOB,NM,ASW,CE,Federal Contract Tower,0,6,4,0,10,0,2,17,0,19,0,8,21,0,29,0,0,0,29
06/09/2017,HOB,NM,ASW,CE,Federal Contract Tower,0,4,1,0,5,0,1,14,0,15,0,5,15,0,20,0,0,0,20
06/10/2017,HOB,NM,ASW,CE,Federal Contract Tower,0,1,2,0,3,0,0,25,0,25,0,1,27,0,28,20,0,20,48
06/11/2017,HOB,NM,ASW,CE,Federal Contract Tower,0,3,1,0,4,0,0,7,0,7,0,3,8,0,11,6,0,6,17
06/12/2017,HOB,NM,ASW,CE,Federal Contract Tower,0,3,4,0,7,0,3,11,0,14,0,6,15,0,21,0,0,0,21
06/13/2017,HOB,NM,ASW,CE,Federal Contract Tower,0,4,1,0,5,0,1,11,0,12,0,5,12,0,17,6,0,6,23
06/14/2017,HOB,NM,ASW,CE,Federal Contract Tower,0,4,1,0,5,0,1,18,0,19,0,5,19,0,24,6,0,6,30
06/15/2017,HOB,NM,ASW,CE,Federal Contract Tower,0,4,4,0,8,0,2,20,0,22,0,6,24,0,30,0,0,0,30
06/16/2017,HOB,NM,ASW,CE,Federal Contract Tower,0,5,0,0,5,0,1,6,0,7,0,6,6,0,12,0,0,0,12
06/17/2017,HOB,NM,ASW,CE,Federal Contract Tower,0,1,2,0,3,0,2,18,0,20,0,3,20,0,23,0,0,0,23
06/18/2017,HOB,NM,ASW,CE,Federal Contract Tower,0,4,1,0,5,0,1,1,0,2,0,5,2,0,7,0,0,0,7
06/19/2017,HOB,NM,ASW,CE,Federal Contract Tower,0,4,9,1,14,0,1,10,1,12,0,5,19,2,26,2,2,4,30
06/20/2017,HOB,NM,ASW,CE,Federal Contract Tower,0,4,7,0,11,0,3,14,0,17,0,7,21,0,28,0,0,0,28
06/21/2017,HOB,NM,ASW,CE,Federal Contract Tower,0,4,8,0,12,0,5,23,0,28,0,9,31,0,40,2,0,2,42
06/22/2017,HOB,NM,ASW,CE,Federal Contract Tower,0,4,1,0,5,0,4,16,0,20,0,8,17,0,25,0,0,0,25
06/23/2017,HOB,NM,ASW,CE,Federal Contract Tower,0,4,1,0,5,0,3,9,0,12,0,7,10,0,17,4,0,4,21
06/24/2017,HOB,NM,ASW,CE,Federal Contract Tower,0,1,3,0,4,0,2,13,0,15,0,3,16,0,19,100,0,100,119
06/25/2017,HOB,NM,ASW,CE,Federal Contract Tower,0,3,5,0,8,0,0,16,0,16,0,3,21,0,24,0,0,0,24
06/26/2017,HOB,NM,ASW,CE,Federal Contract Tower,0,5,7,0,12,0,0,11,0,11,0,5,18,0,23,0,0,0,23
06/27/2017,HOB,NM,ASW,CE,Federal Contract Tower,0,3,9,2,14,0,2,15,0,17,0,5,24,2,31,2,0,2,33
06/28/2017,HOB,NM,ASW,CE,Federal Contract Tower,0,4,3,0,7,0,1,23,0,24,0,5,26,0,31,0,0,0,31
06/29/2017,HOB,NM,ASW,CE,Federal Contract Tower,0,4,0,0,4,0,0,14,0,14,0,4,14,0,18,0,0,0,18
06/30/2017,HOB,NM,ASW,CE,Federal Contract Tower,0,5,1,0,6,0,6,11,0,17,0,11,12,0,23,10,0,10,33
07/01/2017,HOB,NM,ASW,CE,Federal Contract Tower,0,1,4,0,5,0,0,29,0,29,0,1,33,0,34,0,0,0,34
07/02/2017,HOB,NM,ASW,CE,Federal Contract Tower,0,3,3,0,6,0,0,4,0,4,0,3,7,0,10,0,0,0,10
07/03/2017,HOB,NM,ASW,CE,Federal Contract Tower,0,5,4,0,9,0,0,9,0,9,0,5,13,0,18,0,0,0,18
07/04/2017,HOB,NM,ASW,CE,Federal Contract Tower,0,3,0,0,3,0,0,5,0,5,0,3,5,0,8,0,0,0,8
07/05/2017,HOB,NM,ASW,CE,Federal Contract Tower,0,4,0,0,4,0,1,5,0,6,0,5,5,0,10,0,0,0,10
07/06/2017,HOB,NM,ASW,CE,Federal Contract Tower,0,5,0,0,5,0,0,6,0,6,0,5,6,0,11,0,0,0,11
07/07/2017,HOB,NM,ASW,CE,Federal Contract Tower,0,4,6,0,10,0,3,7,0,10,0,7,13,0,20,0,0,0,20
07/08/2017,HOB,NM,ASW,CE,Federal Contract Tower,0,1,4,0,5,0,2,16,0,18,0,3,20,0,23,10,0,10,33
07/09/2017,HOB,NM,ASW,CE,Federal Contract Tower,0,3,2,0,5,0,0,9,0,9,0,3,11,0,14,0,0,0,14
07/10/2017,HOB,NM,ASW,CE,Federal Contract Tower,0,10,3,0,13,0,0,12,0,12,0,10,15,0,25,0,0,0,25
07/11/2017,HOB,NM,ASW,CE,Federal Contract Tower,0,5,3,0,8,0,2,15,0,17,0,7,18,0,25,0,0,0,25
07/12/2017,HOB,NM,ASW,CE,Federal Contract Tower,0,5,3,0,8,0,6,21,0,27,0,11,24,0,35,0,0,0,35
07/13/2017,HOB,NM,ASW,CE,Federal Contract Tower,0,4,3,4,11,0,0,7,0,7,0,4,10,4,18,0,0,0,18
07/14/2017,HOB,NM,ASW,CE,Federal Contract Tower,0,5,5,0,10,0,2,6,0,8,0,7,11,0,18,0,0,0,18
07/15/2017,HOB,NM,ASW,CE,Federal Contract Tower,0,1,3,0,4,0,1,27,0,28,0,2,30,0,32,8,0,8,40
07/16/2017,HOB,NM,ASW,CE,Federal Contract Tower,0,2,4,0,6,0,0,8,0,8,0,2,12,0,14,6,0,6,20
07/17/2017,HOB,NM,ASW,CE,Federal Contract Tower,0,5,1,0,6,0,2,6,0,8,0,7,7,0,14,0,0,0,14
07/18/2017,HOB,NM,ASW,CE,Federal Contract Tower,0,5,1,0,6,0,0,9,0,9,0,5,10,0,15,8,0,8,23
07/19/2017,HOB,NM,ASW,CE,Federal Contract Tower,0,5,3,0,8,0,6,12,0,18,0,11,15,0,26,0,0,0,26
07/20/2017,HOB,NM,ASW,CE,Federal Contract Tower,0,3,1,0,4,0,4,22,0,26,0,7,23,0,30,2,0,2,32
07/21/2017,HOB,NM,ASW,CE,Federal Contract Tower,0,6,0,0,6,0,4,10,0,14,0,10,10,0,20,0,0,0,20
07/22/2017,HOB,NM,ASW,CE,Federal Contract Tower,0,1,6,0,7,0,0,6,0,6,0,1,12,0,13,0,0,0,13
07/23/2017,HOB,NM,ASW,CE,Federal Contract Tower,0,5,4,0,9,0,0,6,0,6,0,5,10,0,15,4,0,4,19
07/24/2017,HOB,NM,ASW,CE,Federal Contract Tower,0,4,0,0,4,0,1,11,0,12,0,5,11,0,16,10,0,10,26
07/25/2017,HOB,NM,ASW,CE,Federal Contract Tower,0,3,3,0,6,0,2,11,0,13,0,5,14,0,19,0,0,0,19
07/26/2017,HOB,NM,ASW,CE,Federal Contract Tower,0,3,1,0,4,0,2,12,0,14,0,5,13,0,18,4,0,4,22
07/27/2017,HOB,NM,ASW,CE,Federal Contract Tower,0,3,4,0,7,0,2,13,0,15,0,5,17,0,22,0,0,0,22
07/28/2017,HOB,NM,ASW,CE,Federal Contract Tower,0,3,6,0,9,0,4,16,4,24,0,7,22,4,33,0,0,0,33
07/29/2017,HOB,NM,ASW,CE,Federal Contract Tower,0,1,0,0,1,0,0,19,0,19,0,1,19,0,20,22,0,22,42
07/30/2017,HOB,NM,ASW,CE,Federal Contract Tower,0,3,5,0,8,0,0,11,0,11,0,3,16,0,19,34,0,34,53
07/31/2017,HOB,NM,ASW,CE,Federal Contract Tower,0,4,3,0,7,0,1,10,0,11,0,5,13,0,18,4,0,4,22
08/02/2017,HOB,NM,ASW,CE,Federal Contract Tower,0,5,6,0,11,0,0,15,0,15,0,5,21,0,26,4,0,4,30
08/03/2017,HOB,NM,ASW,CE,Federal Contract Tower,0,3,5,0,8,0,2,20,0,22,0,5,25,0,30,0,0,0,30
08/04/2017,HOB,NM,ASW,CE,Federal Contract Tower,0,4,1,0,5,0,2,18,0,20,0,6,19,0,25,8,0,8,33
08/05/2017,HOB,NM,ASW,CE,Federal Contract Tower,0,1,1,0,2,0,0,14,0,14,0,1,15,0,16,16,0,16,32
08/06/2017,HOB,NM,ASW,CE,Federal Contract Tower,0,3,0,0,3,0,0,2,0,2,0,3,2,0,5,0,0,0,5
08/07/2017,HOB,NM,ASW,CE,Federal Contract Tower,0,4,1,0,5,0,3,6,0,9,0,7,7,0,14,2,0,2,16
08/08/2017,HOB,NM,ASW,CE,Federal Contract Tower,0,5,12,0,17,0,1,5,0,6,0,6,17,0,23,0,0,0,23
08/09/2017,HOB,NM,ASW,CE,Federal Contract Tower,0,5,5,0,10,0,3,17,0,20,0,8,22,0,30,0,0,0,30
08/10/2017,HOB,NM,ASW,CE,Federal Contract Tower,0,5,11,0,16,0,6,28,0,34,0,11,39,0,50,0,0,0,50
08/11/2017,HOB,NM,ASW,CE,Federal Contract Tower,0,3,3,0,6,0,2,6,0,8,0,5,9,0,14,0,0,0,14
08/12/2017,HOB,NM,ASW,CE,Federal Contract Tower,0,1,0,0,1,0,0,4,0,4,0,1,4,0,5,0,0,0,5
08/13/2017,HOB,NM,ASW,CE,Federal Contract Tower,0,3,4,0,7,0,1,8,0,9,0,4,12,0,16,0,0,0,16
08/14/2017,HOB,NM,ASW,CE,Federal Contract Tower,0,3,4,0,7,0,2,12,0,14,0,5,16,0,21,0,0,0,21
08/15/2017,HOB,NM,ASW,CE,Federal Contract Tower,0,1,6,0,7,0,2,19,0,21,0,3,25,0,28,12,0,12,40
08/16/2017,HOB,NM,ASW,CE,Federal Contract Tower,0,3,4,0,7,0,2,13,3,18,0,5,17,3,25,0,0,0,25
08/17/2017,HOB,NM,ASW,CE,Federal Contract Tower,0,3,2,0,5,0,2,14,0,16,0,5,16,0,21,8,0,8,29
08/18/2017,HOB,NM,ASW,CE,Federal Contract Tower,0,3,3,0,6,0,6,9,2,17,0,9,12,2,23,0,0,0,23
08/19/2017,HOB,NM,ASW,CE,Federal Contract Tower,0,1,3,0,4,0,0,13,0,13,0,1,16,0,17,2,0,2,19
08/20/2017,HOB,NM,ASW,CE,Federal Contract Tower,0,3,1,0,4,0,1,11,0,12,0,4,12,0,16,4,0,4,20
08/21/2017,HOB,NM,ASW,CE,Federal Contract Tower,0,4,5,0,9,0,4,6,0,10,0,8,11,0,19,0,0,0,19
08/22/2017,HOB,NM,ASW,CE,Federal Contract Tower,0,1,2,0,3,0,5,6,0,11,0,6,8,0,14,0,0,0,14
08/23/2017,HOB,NM,ASW,CE,Federal Contract Tower,0,5,1,0,6,0,2,14,0,16,0,7,15,0,22,18,0,18,40
08/24/2017,HOB,NM,ASW,CE,Federal Contract Tower,0,3,2,0,5,0,2,4,0,6,0,5,6,0,11,18,0,18,29
08/25/2017,HOB,NM,ASW,CE,Federal Contract Tower,0,4,4,0,8,0,1,8,0,9,0,5,12,0,17,2,0,2,19
08/26/2017,HOB,NM,ASW,CE,Federal Contract Tower,0,0,0,0,0,0,0,11,0,11,0,0,11,0,11,0,0,0,11
08/27/2017,HOB,NM,ASW,CE,Federal Contract Tower,0,0,1,0,1,0,0,3,0,3,0,0,4,0,4,0,0,0,4
08/28/2017,HOB,NM,ASW,CE,Federal Contract Tower,0,0,0,0,0,0,2,12,0,14,0,2,12,0,14,0,0,0,14
08/29/2017,HOB,NM,ASW,CE,Federal Contract Tower,0,3,2,0,5,0,2,8,0,10,0,5,10,0,15,0,0,0,15
08/30/2017,HOB,NM,ASW,CE,Federal Contract Tower,0,1,4,0,5,0,4,19,0,23,0,5,23,0,28,0,0,0,28
08/31/2017,HOB,NM,ASW,CE,Federal Contract Tower,0,0,1,0,1,0,4,12,0,16,0,4,13,0,17,0,0,0,17
09/01/2017,HOB,NM,ASW,CE,Federal Contract Tower,0,0,3,0,3,0,2,12,0,14,0,2,15,0,17,2,0,2,19
09/02/2017,HOB,NM,ASW,CE,Federal Contract Tower,0,1,0,0,1,0,11,11,0,22,0,12,11,0,23,0,0,0,23
09/03/2017,HOB,NM,ASW,CE,Federal Contract Tower,0,3,0,0,3,0,0,10,0,10,0,3,10,0,13,0,0,0,13
09/04/2017,HOB,NM,ASW,CE,Federal Contract Tower,0,1,2,0,3,0,1,14,0,15,0,2,16,0,18,8,0,8,26
09/05/2017,HOB,NM,ASW,CE,Federal Contract Tower,0,0,1,0,1,0,2,11,0,13,0,2,12,0,14,0,0,0,14
09/06/2017,HOB,NM,ASW,CE,Federal Contract Tower,0,2,2,0,4,0,3,16,0,19,0,5,18,0,23,0,0,0,23
09/07/2017,HOB,NM,ASW,CE,Federal Contract Tower,0,1,4,0,5,0,4,14,0,18,0,5,18,0,23,0,0,0,23
09/08/2017,HOB,NM,ASW,CE,Federal Contract Tower,0,2,1,0,3,0,6,15,0,21,0,8,16,0,24,0,0,0,24
09/09/2017,HOB,NM,ASW,CE,Federal Contract Tower,0,1,1,0,2,0,0,13,0,13,0,1,14,0,15,8,0,8,23
09/10/2017,HOB,NM,ASW,CE,Federal Contract Tower,0,5,3,0,8,0,4,4,0,8,0,9,7,0,16,0,0,0,16
09/11/2017,HOB,NM,ASW,CE,Federal Contract Tower,0,5,2,0,7,0,2,11,0,13,0,7,13,0,20,2,0,2,22
09/12/2017,HOB,NM,ASW,CE,Federal Contract Tower,0,3,3,0,6,0,1,12,0,13,0,4,15,0,19,6,0,6,25
09/13/2017,HOB,NM,ASW,CE,Federal Contract Tower,0,5,5,0,10,0,2,16,0,18,0,7,21,0,28,14,0,14,42
09/14/2017,HOB,NM,ASW,CE,Federal Contract Tower,0,6,9,6,21,0,1,11,2,14,0,7,20,8,35,8,4,12,47
09/15/2017,HOB,NM,ASW,CE,Federal Contract Tower,0,5,3,0,8,0,0,8,0,8,0,5,11,0,16,0,0,0,16
09/16/2017,HOB,NM,ASW,CE,Federal Contract Tower,0,3,0,0,3,0,2,15,0,17,0,5,15,0,20,4,0,4,24
09/17/2017,HOB,NM,ASW,CE,Federal Contract Tower,0,3,3,0,6,0,0,9,0,9,0,3,12,0,15,0,0,0,15
09/18/2017,HOB,NM,ASW,CE,Federal Contract Tower,0,3,0,0,3,0,2,6,0,8,0,5,6,0,11,0,0,0,11
09/19/2017,HOB,NM,ASW,CE,Federal Contract Tower,0,1,5,0,6,0,2,7,0,9,0,3,12,0,15,0,0,0,15
09/20/2017,HOB,NM,ASW,CE,Federal Contract Tower,0,1,5,0,6,0,4,15,0,19,0,5,20,0,25,4,0,4,29
09/21/2017,HOB,NM,ASW,CE,Federal Contract Tower,0,3,8,0,11,0,4,10,0,14,0,7,18,0,25,0,0,0,25
09/22/2017,HOB,NM,ASW,CE,Federal Contract Tower,0,3,4,0,7,0,2,4,0,6,0,5,8,0,13,8,0,8,21
09/23/2017,HOB,NM,ASW,CE,Federal Contract Tower,0,2,1,0,3,0,4,5,0,9,0,6,6,0,12,0,0,0,12
09/24/2017,HOB,NM,ASW,CE,Federal Contract Tower,0,3,3,0,6,0,0,1,0,1,0,3,4,0,7,0,0,0,7
09/25/2017,HOB,NM,ASW,CE,Federal Contract Tower,0,3,1,2,6,0,2,3,0,5,0,5,4,2,11,0,0,0,11
09/26/2017,HOB,NM,ASW,CE,Federal Contract Tower,0,3,2,0,5,0,0,4,0,4,0,3,6,0,9,0,0,0,9
09/27/2017,HOB,NM,ASW,CE,Federal Contract Tower,0,3,3,0,6,0,0,0,0,0,0,3,3,0,6,0,0,0,6
09/28/2017,HOB,NM,ASW,CE,Federal Contract Tower,0,5,10,2,17,0,0,0,0,0,0,5,10,2,17,0,0,0,17
09/29/2017,HOB,NM,ASW,CE,Federal Contract Tower,0,9,8,0,17,0,0,0,0,0,0,9,8,0,17,0,0,0,17
09/30/2017,HOB,NM,ASW,CE,Federal Contract Tower,0,2,2,0,4,0,0,0,0,0,0,2,2,0,4,0,0,0,4
10/01/2017,HOB,NM,ASW,CE,Federal Contract Tower,0,3,13,0,16,0,0,3,0,3,0,3,16,0,19,0,0,0,19
10/02/2017,HOB,NM,ASW,CE,Federal Contract Tower,0,3,3,0,6,0,2,11,0,13,0,5,14,0,19,2,0,2,21
10/03/2017,HOB,NM,ASW,CE,Federal Contract Tower,0,2,7,0,9,0,5,4,0,9,0,7,11,0,18,8,0,8,26
10/04/2017,HOB,NM,ASW,CE,Federal Contract Tower,0,2,3,0,5,0,1,4,0,5,0,3,7,0,10,4,0,4,14
10/05/2017,HOB,NM,ASW,CE,Federal Contract Tower,0,4,6,0,10,0,1,11,0,12,0,5,17,0,22,0,0,0,22
10/06/2017,HOB,NM,ASW,CE,Federal Contract Tower,0,6,7,0,13,0,0,9,0,9,0,6,16,0,22,32,0,32,54
10/07/2017,HOB,NM,ASW,CE,Federal Contract Tower,0,1,3,0,4,0,0,18,0,18,0,1,21,0,22,10,0,10,32
10/08/2017,HOB,NM,ASW,CE,Federal Contract Tower,0,3,5,0,8,0,0,13,0,13,0,3,18,0,21,12,0,12,33
10/09/2017,HOB,NM,ASW,CE,Federal Contract Tower,0,5,3,0,8,0,2,3,0,5,0,7,6,0,13,0,0,0,13
10/10/2017,HOB,NM,ASW,CE,Federal Contract Tower,0,1,5,0,6,0,2,8,0,10,0,3,13,0,16,0,0,0,16
10/11/2017,HOB,NM,ASW,CE,Federal Contract Tower,0,3,4,0,7,0,2,16,0,18,0,5,20,0,25,6,0,6,31
10/12/2017,HOB,NM,ASW,CE,Federal Contract Tower,0,3,2,0,5,0,8,7,0,15,0,11,9,0,20,16,0,16,36
10/13/2017,HOB,NM,ASW,CE,Federal Contract Tower,0,5,5,0,10,0,9,7,0,16,0,14,12,0,26,2,0,2,28
10/14/2017,HOB,NM,ASW,CE,Federal Contract Tower,0,1,1,0,2,0,2,5,0,7,0,3,6,0,9,0,0,0,9
10/15/2017,HOB,NM,ASW,CE,Federal Contract Tower,0,3,1,0,4,0,0,9,0,9,0,3,10,0,13,0,0,0,13
10/16/2017,HOB,NM,ASW,CE,Federal Contract Tower,0,3,2,2,7,0,2,5,0,7,0,5,7,2,14,0,0,0,14
10/17/2017,HOB,NM,ASW,CE,Federal Contract Tower,0,1,5,0,6,0,2,18,0,20,0,3,23,0,26,14,0,14,40
10/18/2017,HOB,NM,ASW,CE,Federal Contract Tower,0,3,1,0,4,0,2,32,0,34,0,5,33,0,38,2,0,2,40
10/19/2017,HOB,NM,ASW,CE,Federal Contract Tower,0,3,5,0,8,0,4,8,0,12,0,7,13,0,20,0,0,0,20
10/20/2017,HOB,NM,ASW,CE,Federal Contract Tower,0,3,5,0,8,0,2,4,0,6,0,5,9,0,14,0,0,0,14
10/21/2017,HOB,NM,ASW,CE,Federal Contract Tower,0,1,0,0,1,0,0,3,0,3,0,1,3,0,4,0,0,0,4
10/22/2017,HOB,NM,ASW,CE,Federal Contract Tower,0,3,4,0,7,0,0,12,0,12,0,3,16,0,19,0,0,0,19
10/23/2017,HOB,NM,ASW,CE,Federal Contract Tower,0,3,0,0,3,0,6,6,0,12,0,9,6,0,15,0,0,0,15
10/24/2017,HOB,NM,ASW,CE,Federal Contract Tower,0,2,3,0,5,0,3,17,6,26,0,5,20,6,31,0,0,0,31
10/25/2017,HOB,NM,ASW,CE,Federal Contract Tower,0,4,2,0,6,0,2,11,0,13,0,6,13,0,19,0,0,0,19
10/26/2017,HOB,NM,ASW,CE,Federal Contract Tower,0,5,7,2,14,0,2,15,0,17,0,7,22,2,31,0,0,0,31
10/27/2017,HOB,NM,ASW,CE,Federal Contract Tower,0,3,4,0,7,0,2,5,0,7,0,5,9,0,14,0,0,0,14
10/28/2017,HOB,NM,ASW,CE,Federal Contract Tower,0,1,2,0,3,0,0,3,0,3,0,1,5,0,6,8,0,8,14
10/29/2017,HOB,NM,ASW,CE,Federal Contract Tower,0,3,5,0,8,0,1,16,0,17,0,4,21,0,25,6,0,6,31
10/30/2017,HOB,NM,ASW,CE,Federal Contract Tower,0,4,3,0,7,0,6,8,0,14,0,10,11,0,21,0,0,0,21
10/31/2017,HOB,NM,ASW,CE,Federal Contract Tower,0,3,6,0,9,0,2,8,0,10,0,5,14,0,19,2,0,2,21
11/01/2017,HOB,NM,ASW,CE,Federal Contract Tower,0,5,1,4,10,0,6,5,0,11,0,11,6,4,21,0,0,0,21
11/02/2017,HOB,NM,ASW,CE,Federal Contract Tower,0,3,2,0,5,0,6,10,0,16,0,9,12,0,21,2,0,2,23
11/03/2017,HOB,NM,ASW,CE,Federal Contract Tower,0,4,5,0,9,0,5,8,0,13,0,9,13,0,22,0,0,0,22
11/04/2017,HOB,NM,ASW,CE,Federal Contract Tower,0,1,0,0,1,0,0,15,2,17,0,1,15,2,18,0,0,0,18
11/05/2017,HOB,NM,ASW,CE,Federal Contract Tower,0,3,1,0,4,0,0,8,0,8,0,3,9,0,12,0,0,0,12
11/06/2017,HOB,NM,ASW,CE,Federal Contract Tower,0,4,8,0,12,0,1,5,0,6,0,5,13,0,18,8,0,8,26
11/07/2017,HOB,NM,ASW,CE,Federal Contract Tower,0,5,1,0,6,0,1,10,4,15,0,6,11,4,21,6,0,6,27
11/08/2017,HOB,NM,ASW,CE,Federal Contract Tower,0,3,10,0,13,0,2,4,0,6,0,5,14,0,19,0,0,0,19
11/09/2017,HOB,NM,ASW,CE,Federal Contract Tower,0,6,10,0,16,0,1,0,0,1,0,7,10,0,17,0,0,0,17
11/10/2017,HOB,NM,ASW,CE,Federal Contract Tower,0,5,3,0,8,0,0,1,0,1,0,5,4,0,9,0,0,0,9
11/11/2017,HOB,NM,ASW,CE,Federal Contract Tower,0,1,1,0,2,0,2,9,0,11,0,3,10,0,13,26,0,26,39
11/12/2017,HOB,NM,ASW,CE,Federal Contract Tower,0,2,5,0,7,0,2,4,0,6,0,4,9,0,13,18,0,18,31
11/13/2017,HOB,NM,ASW,CE,Federal Contract Tower,0,5,11,0,16,0,0,1,0,1,0,5,12,0,17,0,0,0,17
11/14/2017,HOB,NM,ASW,CE,Federal Contract Tower,0,4,0,0,4,0,3,14,0,17,0,7,14,0,21,4,0,4,25
11/15/2017,HOB,NM,ASW,CE,Federal Contract Tower,0,3,8,4,15,0,4,5,0,9,0,7,13,4,24,0,0,0,24
11/16/2017,HOB,NM,ASW,CE,Federal Contract Tower,0,6,10,0,16,0,1,7,0,8,0,7,17,0,24,4,0,4,28
11/17/2017,HOB,NM,ASW,CE,Federal Contract Tower,0,3,4,2,9,0,4,14,0,18,0,7,18,2,27,0,0,0,27
11/18/2017,HOB,NM,ASW,CE,Federal Contract Tower,0,1,1,0,2,0,0,8,0,8,0,1,9,0,10,6,0,6,16
11/19/2017,HOB,NM,ASW,CE,Federal Contract Tower,0,3,6,0,9,0,0,12,0,12,0,3,18,0,21,0,0,0,21
11/20/2017,HOB,NM,ASW,CE,Federal Contract Tower,0,3,5,4,12,0,4,16,0,20,0,7,21,4,32,6,0,6,38
11/21/2017,HOB,NM,ASW,CE,Federal Contract Tower,0,5,9,2,16,0,0,13,0,13,0,5,22,2,29,0,0,0,29
11/22/2017,HOB,NM,ASW,CE,Federal Contract Tower,0,5,1,0,6,0,2,13,0,15,0,7,14,0,21,0,0,0,21
11/23/2017,HOB,NM,ASW,CE,Federal Contract Tower,0,3,0,0,3,0,0,11,0,11,0,3,11,0,14,0,0,0,14
11/24/2017,HOB,NM,ASW,CE,Federal Contract Tower,0,3,0,0,3,0,2,7,0,9,0,5,7,0,12,0,0,0,12
11/25/2017,HOB,NM,ASW,CE,Federal Contract Tower,0,1,3,0,4,0,0,18,0,18,0,1,21,0,22,0,0,0,22
11/26/2017,HOB,NM,ASW,CE,Federal Contract Tower,0,4,1,0,5,0,2,20,0,22,0,6,21,0,27,4,0,4,31
11/27/2017,HOB,NM,ASW,CE,Federal Contract Tower,0,3,2,0,5,0,4,7,0,11,0,7,9,0,16,6,0,6,22
11/28/2017,HOB,NM,ASW,CE,Federal Contract Tower,0,5,4,0,9,0,6,11,0,17,0,11,15,0,26,0,0,0,26
11/29/2017,HOB,NM,ASW,CE,Federal Contract Tower,0,5,2,0,7,0,6,6,0,12,0,11,8,0,19,0,0,0,19
11/30/2017,HOB,NM,ASW,CE,Federal Contract Tower,0,3,1,0,4,0,4,15,0,19,0,7,16,0,23,0,0,0,23
12/01/2017,HOB,NM,ASW,CE,Federal Contract Tower,0,3,4,0,7,0,4,7,0,11,0,7,11,0,18,0,0,0,18
12/02/2017,HOB,NM,ASW,CE,Federal Contract Tower,0,1,3,0,4,0,2,11,0,13,0,3,14,0,17,0,0,0,17
12/03/2017,HOB,NM,ASW,CE,Federal Contract Tower,0,4,1,0,5,0,1,3,0,4,0,5,4,0,9,0,0,0,9
12/04/2017,HOB,NM,ASW,CE,Federal Contract Tower,0,4,3,0,7,0,1,12,0,13,0,5,15,0,20,0,0,0,20
12/05/2017,HOB,NM,ASW,CE,Federal Contract Tower,0,5,0,0,5,0,2,10,0,12,0,7,10,0,17,0,0,0,17
12/06/2017,HOB,NM,ASW,CE,Federal Contract Tower,0,5,1,0,6,0,2,0,0,2,0,7,1,0,8,0,0,0,8
12/07/2017,HOB,NM,ASW,CE,Federal Contract Tower,0,3,2,0,5,0,6,8,0,14,0,9,10,0,19,6,0,6,25
12/08/2017,HOB,NM,ASW,CE,Federal Contract Tower,0,3,4,0,7,0,6,16,0,22,0,9,20,0,29,0,0,0,29
12/09/2017,HOB,NM,ASW,CE,Federal Contract Tower,0,1,0,0,1,0,2,15,0,17,0,3,15,0,18,2,0,2,20
12/10/2017,HOB,NM,ASW,CE,Federal Contract Tower,0,3,7,0,10,0,0,22,0,22,0,3,29,0,32,8,0,8,40
12/11/2017,HOB,NM,ASW,CE,Federal Contract Tower,0,3,6,0,9,0,4,25,0,29,0,7,31,0,38,0,0,0,38
12/12/2017,HOB,NM,ASW,CE,Federal Contract Tower,0,3,1,0,4,0,5,19,0,24,0,8,20,0,28,0,0,0,28
12/13/2017,HOB,NM,ASW,CE,Federal Contract Tower,0,5,6,0,11,0,4,29,0,33,0,9,35,0,44,0,0,0,44
12/14/2017,HOB,NM,ASW,CE,Federal Contract Tower,0,5,5,0,10,0,6,19,0,25,0,11,24,0,35,2,0,2,37
12/15/2017,HOB,NM,ASW,CE,Federal Contract Tower,0,3,6,0,9,0,3,7,0,10,0,6,13,0,19,0,0,0,19
12/16/2017,HOB,NM,ASW,CE,Federal Contract Tower,0,1,2,0,3,0,2,4,0,6,0,3,6,0,9,0,0,0,9
12/17/2017,HOB,NM,ASW,CE,Federal Contract Tower,0,3,1,0,4,0,0,9,0,9,0,3,10,0,13,20,0,20,33
12/18/2017,HOB,NM,ASW,CE,Federal Contract Tower,0,3,1,0,4,0,2,8,0,10,0,5,9,0,14,0,0,0,14
12/19/2017,HOB,NM,ASW,CE,Federal Contract Tower,0,2,6,0,8,0,4,12,0,16,0,6,18,0,24,2,0,2,26
12/20/2017,HOB,NM,ASW,CE,Federal Contract Tower,0,4,6,0,10,0,4,11,0,15,0,8,17,0,25,0,0,0,25
12/21/2017,HOB,NM,ASW,CE,Federal Contract Tower,0,3,2,0,5,0,6,14,0,20,0,9,16,0,25,0,0,0,25
12/22/2017,HOB,NM,ASW,CE,Federal Contract Tower,0,6,0,0,6,0,2,8,0,10,0,8,8,0,16,0,0,0,16
12/23/2017,HOB,NM,ASW,CE,Federal Contract Tower,0,1,0,0,1,0,6,12,0,18,0,7,12,0,19,0,0,0,19
12/24/2017,HOB,NM,ASW,CE,Federal Contract Tower,0,3,1,0,4,0,2,3,0,5,0,5,4,0,9,0,0,0,9
12/25/2017,HOB,NM,ASW,CE,Federal Contract Tower,0,3,1,0,4,0,0,4,0,4,0,3,5,0,8,2,0,2,10
12/26/2017,HOB,NM,ASW,CE,Federal Contract Tower,0,3,2,0,5,0,3,8,0,11,0,6,10,0,16,0,0,0,16
12/27/2017,HOB,NM,ASW,CE,Federal Contract Tower,0,6,2,0,8,0,1,2,0,3,0,7,4,0,11,0,0,0,11
12/28/2017,HOB,NM,ASW,CE,Federal Contract Tower,0,5,6,0,11,0,0,12,0,12,0,5,18,0,23,0,0,0,23
12/29/2017,HOB,NM,ASW,CE,Federal Contract Tower,0,6,2,0,8,0,1,12,0,13,0,7,14,0,21,0,0,0,21
12/30/2017,HOB,NM,ASW,CE,Federal Contract Tower,0,1,5,0,6,0,0,2,0,2,0,1,7,0,8,0,0,0,8
12/31/2017,HOB,NM,ASW,CE,Federal Contract Tower,0,3,2,0,5,0,0,0,0,0,0,3,2,0,5,0,0,0,5
01/01/2018,HOB,NM,ASW,CE,Federal Contract Tower,0,3,3,0,6,0,0,10,0,10,0,3,13,0,16,0,0,0,16
01/02/2018,HOB,NM,ASW,CE,Federal Contract Tower,0,5,3,0,8,0,0,1,0,1,0,5,4,0,9,0,0,0,9
01/03/2018,HOB,NM,ASW,CE,Federal Contract Tower,0,3,0,0,3,0,2,7,0,9,0,5,7,0,12,0,0,0,12
01/04/2018,HOB,NM,ASW,CE,Federal Contract Tower,0,5,2,0,7,0,3,16,0,19,0,8,18,0,26,0,0,0,26
01/05/2018,HOB,NM,ASW,CE,Federal Contract Tower,0,4,2,0,6,0,2,9,0,11,0,6,11,0,17,0,0,0,17
01/06/2018,HOB,NM,ASW,CE,Federal Contract Tower,0,1,0,0,1,0,0,10,0,10,0,1,10,0,11,6,0,6,17
01/07/2018,HOB,NM,ASW,CE,Federal Contract Tower,0,3,0,0,3,0,0,3,0,3,0,3,3,0,6,0,0,0,6
01/08/2018,HOB,NM,ASW,CE,Federal Contract Tower,0,2,3,0,5,0,4,10,0,14,0,6,13,0,19,0,0,0,19
01/09/2018,HOB,NM,ASW,CE,Federal Contract Tower,0,2,2,0,4,0,2,9,0,11,0,4,11,0,15,0,0,0,15
01/10/2018,HOB,NM,ASW,CE,Federal Contract Tower,0,3,2,0,5,0,2,3,0,5,0,5,5,0,10,0,0,0,10
01/11/2018,HOB,NM,ASW,CE,Federal Contract Tower,0,3,7,0,10,0,2,10,0,12,0,5,17,0,22,0,0,0,22
01/12/2018,HOB,NM,ASW,CE,Federal Contract Tower,0,3,7,0,10,0,2,8,0,10,0,5,15,0,20,0,0,0,20
01/13/2018,HOB,NM,ASW,CE,Federal Contract Tower,0,1,0,0,1,0,0,15,0,15,0,1,15,0,16,0,0,0,16
01/14/2018,HOB,NM,ASW,CE,Federal Contract Tower,0,3,2,0,5,0,0,10,0,10,0,3,12,0,15,0,0,0,15
01/15/2018,HOB,NM,ASW,CE,Federal Contract Tower,0,6,0,0,6,0,0,10,0,10,0,6,10,0,16,0,0,0,16
01/16/2018,HOB,NM,ASW,CE,Federal Contract Tower,0,1,5,0,6,0,5,11,0,16,0,6,16,0,22,6,0,6,28
01/17/2018,HOB,NM,ASW,CE,Federal Contract Tower,0,4,4,0,8,0,1,10,0,11,0,5,14,0,19,4,0,4,23
01/18/2018,HOB,NM,ASW,CE,Federal Contract Tower,0,5,4,0,9,0,0,13,0,13,0,5,17,0,22,0,0,0,22
01/19/2018,HOB,NM,ASW,CE,Federal Contract Tower,0,5,2,0,7,0,2,10,0,12,0,7,12,0,19,6,0,6,25
01/20/2018,HOB,NM,ASW,CE,Federal Contract Tower,0,1,0,0,1,0,0,14,0,14,0,1,14,0,15,0,0,0,15
01/21/2018,HOB,NM,ASW,CE,Federal Contract Tower,0,2,1,0,3,0,0,6,1,7,0,2,7,1,10,0,0,0,10
01/22/2018,HOB,NM,ASW,CE,Federal Contract Tower,0,4,2,0,6,0,1,12,3,16,0,5,14,3,22,6,0,6,28
01/23/2018,HOB,NM,ASW,CE,Federal Contract Tower,0,5,8,0,13,0,0,14,0,14,0,5,22,0,27,4,0,4,31
01/24/2018,HOB,NM,ASW,CE,Federal Contract Tower,0,7,5,0,12,0,2,8,2,12,0,9,13,2,24,8,0,8,32
01/25/2018,HOB,NM,ASW,CE,Federal Contract Tower,0,3,7,0,10,0,2,30,0,32,0,5,37,0,42,2,0,2,44
01/26/2018,HOB,NM,ASW,CE,Federal Contract Tower,0,5,3,0,8,0,0,11,0,11,0,5,14,0,19,2,0,2,21
01/27/2018,HOB,NM,ASW,CE,Federal Contract Tower,0,1,0,0,1,0,2,20,0,22,0,3,20,0,23,6,0,6,29
01/28/2018,HOB,NM,ASW,CE,Federal Contract Tower,0,3,2,0,5,0,0,15,0,15,0,3,17,0,20,0,0,0,20
01/29/2018,HOB,NM,ASW,CE,Federal Contract Tower,0,2,2,0,4,0,2,9,0,11,0,4,11,0,15,0,0,0,15
01/30/2018,HOB,NM,ASW,CE,Federal Contract Tower,0,3,1,0,4,0,2,15,0,17,0,5,16,0,21,4,0,4,25
01/31/2018,HOB,NM,ASW,CE,Federal Contract Tower,0,3,5,0,8,0,2,7,0,9,0,5,12,0,17,0,0,0,17
02/01/2018,HOB,NM,ASW,CE,Federal Contract Tower,0,3,3,0,6,0,2,18,0,20,0,5,21,0,26,6,0,6,32
02/02/2018,HOB,NM,ASW,CE,Federal Contract Tower,0,5,4,4,13,0,0,17,0,17,0,5,21,4,30,2,0,2,32
02/03/2018,HOB,NM,ASW,CE,Federal Contract Tower,0,1,0,0,1,0,0,6,0,6,0,1,6,0,7,0,0,0,7
02/04/2018,HOB,NM,ASW,CE,Federal Contract Tower,0,3,0,0,3,0,0,8,0,8,0,3,8,0,11,0,0,0,11
02/05/2018,HOB,NM,ASW,CE,Federal Contract Tower,0,5,2,0,7,0,0,9,0,9,0,5,11,0,16,0,0,0,16
02/06/2018,HOB,NM,ASW,CE,Federal Contract Tower,0,5,3,0,8,0,0,4,0,4,0,5,7,0,12,2,0,2,14
02/07/2018,HOB,NM,ASW,CE,Federal Contract Tower,0,4,4,0,8,0,3,3,0,6,0,7,7,0,14,0,0,0,14
02/08/2018,HOB,NM,ASW,CE,Federal Contract Tower,0,3,3,0,6,0,2,24,0,26,0,5,27,0,32,0,0,0,32
02/09/2018,HOB,NM,ASW,CE,Federal Contract Tower,0,3,2,0,5,0,2,9,0,11,0,5,11,0,16,0,0,0,16
02/10/2018,HOB,NM,ASW,CE,Federal Contract Tower,0,1,1,0,2,0,0,6,0,6,0,1,7,0,8,0,0,0,8
02/11/2018,HOB,NM,ASW,CE,Federal Contract Tower,0,5,2,0,7,0,0,13,0,13,0,5,15,0,20,0,0,0,20
02/12/2018,HOB,NM,ASW,CE,Federal Contract Tower,0,5,7,2,14,0,2,15,0,17,0,7,22,2,31,12,6,18,49
02/13/2018,HOB,NM,ASW,CE,Federal Contract Tower,0,7,5,0,12,0,2,12,0,14,0,9,17,0,26,0,0,0,26
02/14/2018,HOB,NM,ASW,CE,Federal Contract Tower,0,3,10,0,13,0,4,6,0,10,0,7,16,0,23,0,0,0,23
02/15/2018,HOB,NM,ASW,CE,Federal Contract Tower,0,5,4,2,11,0,0,4,0,4,0,5,8,2,15,0,0,0,15
02/16/2018,HOB,NM,ASW,CE,Federal Contract Tower,0,5,5,0,10,0,2,2,0,4,0,7,7,0,14,0,0,0,14
02/17/2018,HOB,NM,ASW,CE,Federal Contract Tower,0,1,4,0,5,0,0,6,0,6,0,1,10,0,11,0,0,0,11
02/18/2018,HOB,NM,ASW,CE,Federal Contract Tower,0,3,4,0,7,0,0,7,0,7,0,3,11,0,14,0,0,0,14
02/19/2018,HOB,NM,ASW,CE,Federal Contract Tower,0,5,2,0,7,0,0,16,0,16,0,5,18,0,23,0,0,0,23
02/20/2018,HOB,NM,ASW,CE,Federal Contract Tower,0,5,3,0,8,0,0,18,0,18,0,5,21,0,26,8,0,8,34
02/21/2018,HOB,NM,ASW,CE,Federal Contract Tower,0,5,4,0,9,0,1,15,0,16,0,6,19,0,25,0,0,0,25
02/22/2018,HOB,NM,ASW,CE,Federal Contract Tower,0,5,5,0,10,0,0,12,0,12,0,5,17,0,22,2,0,2,24
02/23/2018,HOB,NM,ASW,CE,Federal Contract Tower,0,9,4,0,13,0,1,10,0,11,0,10,14,0,24,0,0,0,24
02/24/2018,HOB,NM,ASW,CE,Federal Contract Tower,0,1,5,0,6,0,0,9,0,9,0,1,14,0,15,0,0,0,15
02/25/2018,HOB,NM,ASW,CE,Federal Contract Tower,0,3,1,0,4,0,0,0,0,0,0,3,1,0,4,0,0,0,4
02/26/2018,HOB,NM,ASW,CE,Federal Contract Tower,0,5,1,0,6,0,0,11,12,23,0,5,12,12,29,4,0,4,33
02/27/2018,HOB,NM,ASW,CE,Federal Contract Tower,0,5,2,0,7,0,0,18,0,18,0,5,20,0,25,8,0,8,33
02/28/2018,HOB,NM,ASW,CE,Federal Contract Tower,0,5,2,0,7,0,2,0,0,2,0,7,2,0,9,0,0,0,9
03/01/2018,HOB,NM,ASW,CE,Federal Contract Tower,0,6,5,4,15,0,1,15,0,16,0,7,20,4,31,4,0,4,35
03/02/2018,HOB,NM,ASW,CE,Federal Contract Tower,0,5,5,0,10,0,0,8,0,8,0,5,13,0,18,0,0,0,18
03/03/2018,HOB,NM,ASW,CE,Federal Contract Tower,0,1,2,0,3,0,0,16,0,16,0,1,18,0,19,32,0,32,51
03/04/2018,HOB,NM,ASW,CE,Federal Contract Tower,0,3,4,0,7,0,0,6,0,6,0,3,10,0,13,0,0,0,13
03/05/2018,HOB,NM,ASW,CE,Federal Contract Tower,0,5,5,0,10,0,0,14,0,14,0,5,19,0,24,4,0,4,28
03/06/2018,HOB,NM,ASW,CE,Federal Contract Tower,0,5,7,0,12,0,1,8,0,9,0,6,15,0,21,20,0,20,41
03/07/2018,HOB,NM,ASW,CE,Federal Contract Tower,0,5,7,0,12,0,8,14,0,22,0,13,21,0,34,0,0,0,34
03/08/2018,HOB,NM,ASW,CE,Federal Contract Tower,0,5,2,2,9,0,0,10,4,14,0,5,12,6,23,0,0,0,23
03/09/2018,HOB,NM,ASW,CE,Federal Contract Tower,0,5,4,0,9,0,0,5,0,5,0,5,9,0,14,0,0,0,14
03/10/2018,HOB,NM,ASW,CE,Federal Contract Tower,0,1,3,0,4,0,2,10,0,12,0,3,13,0,16,0,0,0,16
03/11/2018,HOB,NM,ASW,CE,Federal Contract Tower,0,3,4,0,7,0,0,5,0,5,0,3,9,0,12,0,0,0,12
03/13/2018,HOB,NM,ASW,CE,Federal Contract Tower,0,5,0,0,5,0,0,7,0,7,0,5,7,0,12,8,0,8,20
03/14/2018,HOB,NM,ASW,CE,Federal Contract Tower,0,4,6,0,10,0,1,16,0,17,0,5,22,0,27,6,0,6,33
03/15/2018,HOB,NM,ASW,CE,Federal Contract Tower,0,7,4,0,11,0,0,5,0,5,0,7,9,0,16,0,0,0,16
03/16/2018,HOB,NM,ASW,CE,Federal Contract Tower,0,5,1,0,6,0,2,5,0,7,0,7,6,0,13,0,0,0,13
03/17/2018,HOB,NM,ASW,CE,Federal Contract Tower,0,1,0,0,1,0,0,22,0,22,0,1,22,0,23,14,0,14,37
03/18/2018,HOB,NM,ASW,CE,Federal Contract Tower,0,3,1,0,4,0,1,2,0,3,0,4,3,0,7,0,0,0,7
03/19/2018,HOB,NM,ASW,CE,Federal Contract Tower,0,5,1,0,6,0,1,7,0,8,0,6,8,0,14,0,0,0,14
03/20/2018,HOB,NM,ASW,CE,Federal Contract Tower,0,5,0,0,5,0,4,16,0,20,0,9,16,0,25,6,0,6,31
03/21/2018,HOB,NM,ASW,CE,Federal Contract Tower,0,5,1,1,7,0,4,6,1,11,0,9,7,2,18,14,0,14,32
03/22/2018,HOB,NM,ASW,CE,Federal Contract Tower,0,5,3,0,8,0,2,14,0,16,0,7,17,0,24,0,0,0,24
03/23/2018,HOB,NM,ASW,CE,Federal Contract Tower,0,5,4,0,9,0,0,6,0,6,0,5,10,0,15,0,0,0,15
03/24/2018,HOB,NM,ASW,CE,Federal Contract Tower,0,3,2,0,5,0,2,16,0,18,0,5,18,0,23,0,0,0,23
03/25/2018,HOB,NM,ASW,CE,Federal Contract Tower,0,3,4,0,7,0,2,7,0,9,0,5,11,0,16,0,0,0,16
03/26/2018,HOB,NM,ASW,CE,Federal Contract Tower,0,5,1,0,6,0,0,12,0,12,0,5,13,0,18,0,0,0,18
03/27/2018,HOB,NM,ASW,CE,Federal Contract Tower,0,5,4,0,9,0,1,10,0,11,0,6,14,0,20,0,0,0,20
03/28/2018,HOB,NM,ASW,CE,Federal Contract Tower,0,5,5,0,10,0,3,5,0,8,0,8,10,0,18,2,0,2,20
03/29/2018,HOB,NM,ASW,CE,Federal Contract Tower,0,8,1,0,9,0,1,14,0,15,0,9,15,0,24,0,0,0,24
03/30/2018,HOB,NM,ASW,CE,Federal Contract Tower,0,7,2,0,9,0,2,7,0,9,0,9,9,0,18,2,0,2,20
03/31/2018,HOB,NM,ASW,CE,Federal Contract Tower,0,1,5,0,6,0,0,16,0,16,0,1,21,0,22,20,0,20,42
04/01/2018,HOB,NM,ASW,CE,Federal Contract Tower,0,5,1,0,6,0,6,10,0,16,0,11,11,0,22,0,0,0,22
04/02/2018,HOB,NM,ASW,CE,Federal Contract Tower,0,5,7,2,14,0,0,13,0,13,0,5,20,2,27,0,0,0,27
04/03/2018,HOB,NM,ASW,CE,Federal Contract Tower,0,4,3,0,7,0,1,13,0,14,0,5,16,0,21,0,0,0,21
04/04/2018,HOB,NM,ASW,CE,Federal Contract Tower,0,5,1,0,6,0,2,9,0,11,0,7,10,0,17,0,0,0,17
04/05/2018,HOB,NM,ASW,CE,Federal Contract Tower,0,5,3,0,8,0,0,14,0,14,0,5,17,0,22,22,0,22,44
04/06/2018,HOB,NM,ASW,CE,Federal Contract Tower,0,5,7,0,12,0,1,11,0,12,0,6,18,0,24,16,0,16,40
04/07/2018,HOB,NM,ASW,CE,Federal Contract Tower,0,1,2,0,3,0,2,7,0,9,0,3,9,0,12,0,0,0,12
04/08/2018,HOB,NM,ASW,CE,Federal Contract Tower,0,3,0,0,3,0,0,10,0,10,0,3,10,0,13,6,0,6,19
04/09/2018,HOB,NM,ASW,CE,Federal Contract Tower,0,6,8,0,14,0,3,4,0,7,0,9,12,0,21,0,0,0,21
04/10/2018,HOB,NM,ASW,CE,Federal Contract Tower,0,4,6,0,10,0,3,23,0,26,0,7,29,0,36,4,0,4,40
04/11/2018,HOB,NM,ASW,CE,Federal Contract Tower,0,5,4,0,9,0,3,17,0,20,0,8,21,0,29,2,0,2,31
04/12/2018,HOB,NM,ASW,CE,Federal Contract Tower,0,4,9,0,13,0,5,6,0,11,0,9,15,0,24,0,0,0,24
04/13/2018,HOB,NM,ASW,CE,Federal Contract Tower,0,5,4,0,9,0,0,1,0,1,0,5,5,0,10,2,0,2,12
04/14/2018,HOB,NM,ASW,CE,Federal Contract Tower,0,1,4,0,5,0,0,12,0,12,0,1,16,0,17,2,0,2,19
04/15/2018,HOB,NM,ASW,CE,Federal Contract Tower,0,5,2,0,7,0,0,15,0,15,0,5,17,0,22,4,0,4,26
04/16/2018,HOB,NM,ASW,CE,Federal Contract Tower,0,4,1,0,5,0,5,13,8,26,0,9,14,8,31,0,0,0,31
04/17/2018,HOB,NM,ASW,CE,Federal Contract Tower,0,4,4,0,8,0,1,5,0,6,0,5,9,0,14,12,0,12,26
04/18/2018,HOB,NM,ASW,CE,Federal Contract Tower,0,4,8,0,12,0,3,13,0,16,0,7,21,0,28,4,0,4,32
04/19/2018,HOB,NM,ASW,CE,Federal Contract Tower,0,5,2,0,7,0,0,13,0,13,0,5,15,0,20,2,0,2,22
04/20/2018,HOB,NM,ASW,CE,Federal Contract Tower,0,5,2,0,7,0,0,2,0,2,0,5,4,0,9,0,0,0,9
04/21/2018,HOB,NM,ASW,CE,Federal Contract Tower,0,1,1,0,2,0,2,7,0,9,0,3,8,0,11,0,0,0,11
04/22/2018,HOB,NM,ASW,CE,Federal Contract Tower,0,4,6,0,10,0,3,31,0,34,0,7,37,0,44,2,0,2,46
04/23/2018,HOB,NM,ASW,CE,Federal Contract Tower,0,4,7,0,11,0,1,9,0,10,0,5,16,0,21,26,0,26,47
04/24/2018,HOB,NM,ASW,CE,Federal Contract Tower,0,5,8,0,13,0,2,5,0,7,0,7,13,0,20,0,0,0,20
04/25/2018,HOB,NM,ASW,CE,Federal Contract Tower,0,6,4,0,10,0,3,2,0,5,0,9,6,0,15,0,0,0,15
04/26/2018,HOB,NM,ASW,CE,Federal Contract Tower,0,6,1,0,7,0,1,7,0,8,0,7,8,0,15,0,0,0,15
04/27/2018,HOB,NM,ASW,CE,Federal Contract Tower,0,7,4,0,11,0,0,12,0,12,0,7,16,0,23,22,0,22,45
04/28/2018,HOB,NM,ASW,CE,Federal Contract Tower,0,1,1,4,6,0,2,20,0,22,0,3,21,4,28,26,0,26,54
04/29/2018,HOB,NM,ASW,CE,Federal Contract Tower,0,5,4,0,9,0,0,3,0,3,0,5,7,0,12,0,0,0,12
04/30/2018,HOB,NM,ASW,CE,Federal Contract Tower,0,5,0,0,5,0,2,6,4,12,0,7,6,4,17,0,0,0,17
05/01/2018,HOB,NM,ASW,CE,Federal Contract Tower,0,6,9,2,17,0,1,4,0,5,0,7,13,2,22,0,0,0,22
05/02/2018,HOB,NM,ASW,CE,Federal Contract Tower,0,3,1,0,4,0,4,2,0,6,0,7,3,0,10,0,0,0,10
05/03/2018,HOB,NM,ASW,CE,Federal Contract Tower,0,3,2,0,5,0,4,13,0,17,0,7,15,0,22,0,0,0,22
05/04/2018,HOB,NM,ASW,CE,Federal Contract Tower,0,4,3,2,9,0,3,15,0,18,0,7,18,2,27,0,0,0,27
05/05/2018,HOB,NM,ASW,CE,Federal Contract Tower,0,1,0,0,1,0,0,9,0,9,0,1,9,0,10,14,0,14,24
05/06/2018,HOB,NM,ASW,CE,Federal Contract Tower,0,3,0,0,3,0,0,11,0,11,0,3,11,0,14,8,0,8,22
05/07/2018,HOB,NM,ASW,CE,Federal Contract Tower,0,5,1,0,6,0,0,6,0,6,0,5,7,0,12,0,0,0,12
05/08/2018,HOB,NM,ASW,CE,Federal Contract Tower,0,5,3,0,8,0,2,8,0,10,0,7,11,0,18,0,0,0,18
05/09/2018,HOB,NM,ASW,CE,Federal Contract Tower,0,3,5,0,8,0,6,15,0,21,0,9,20,0,29,4,0,4,33
05/10/2018,HOB,NM,ASW,CE,Federal Contract Tower,0,5,4,0,9,0,2,15,0,17,0,7,19,0,26,0,0,0,26
05/11/2018,HOB,NM,ASW,CE,Federal Contract Tower,0,3,8,0,11,0,4,13,0,17,0,7,21,0,28,16,0,16,44
05/12/2018,HOB,NM,ASW,CE,Federal Contract Tower,0,1,2,0,3,0,2,10,0,12,0,3,12,0,15,14,0,14,29
05/13/2018,HOB,NM,ASW,CE,Federal Contract Tower,0,5,2,0,7,0,0,11,0,11,0,5,13,0,18,0,0,0,18
05/14/2018,HOB,NM,ASW,CE,Federal Contract Tower,0,5,0,0,5,0,2,7,0,9,0,7,7,0,14,0,0,0,14
05/15/2018,HOB,NM,ASW,CE,Federal Contract Tower,0,5,6,0,11,0,2,10,0,12,0,7,16,0,23,12,0,12,35
05/16/2018,HOB,NM,ASW,CE,Federal Contract Tower,0,5,3,0,8,0,0,23,0,23,0,5,26,0,31,12,0,12,43
05/17/2018,HOB,NM,ASW,CE,Federal Contract Tower,0,5,8,0,13,0,0,14,0,14,0,5,22,0,27,2,0,2,29
05/18/2018,HOB,NM,ASW,CE,Federal Contract Tower,0,5,3,0,8,0,0,12,0,12,0,5,15,0,20,0,0,0,20
05/19/2018,HOB,NM,ASW,CE,Federal Contract Tower,0,3,2,0,5,0,2,16,0,18,0,5,18,0,23,6,0,6,29
05/20/2018,HOB,NM,ASW,CE,Federal Contract Tower,0,3,2,0,5,0,0,2,0,2,0,3,4,0,7,0,0,0,7
05/21/2018,HOB,NM,ASW,CE,Federal Contract Tower,0,7,5,0,12,0,3,2,0,5,0,10,7,0,17,0,0,0,17
05/22/2018,HOB,NM,ASW,CE,Federal Contract Tower,0,8,7,4,19,0,0,3,0,3,0,8,10,4,22,0,0,0,22
05/23/2018,HOB,NM,ASW,CE,Federal Contract Tower,0,4,14,0,18,0,2,4,0,6,0,6,18,0,24,24,0,24,48
05/24/2018,HOB,NM,ASW,CE,Federal Contract Tower,0,5,3,0,8,0,0,5,0,5,0,5,8,0,13,0,0,0,13
05/25/2018,HOB,NM,ASW,CE,Federal Contract Tower,0,3,1,0,4,0,4,9,0,13,0,7,10,0,17,4,0,4,21
05/26/2018,HOB,NM,ASW,CE,Federal Contract Tower,0,1,6,0,7,0,0,10,0,10,0,1,16,0,17,0,0,0,17
05/27/2018,HOB,NM,ASW,CE,Federal Contract Tower,0,3,0,0,3,0,2,1,0,3,0,5,1,0,6,0,0,0,6
05/28/2018,HOB,NM,ASW,CE,Federal Contract Tower,0,3,0,0,3,0,2,5,0,7,0,5,5,0,10,6,0,6,16
05/29/2018,HOB,NM,ASW,CE,Federal Contract Tower,0,4,0,0,4,0,4,12,0,16,0,8,12,0,20,14,0,14,34
05/30/2018,HOB,NM,ASW,CE,Federal Contract Tower,0,4,2,0,6,0,1,7,0,8,0,5,9,0,14,10,0,10,24
05/31/2018,HOB,NM,ASW,CE,Federal Contract Tower,0,6,3,0,9,0,0,7,0,7,0,6,10,0,16,0,0,0,16
06/01/2018,HOB,NM,ASW,CE,Federal Contract Tower,0,4,1,0,5,0,3,10,0,13,0,7,11,0,18,6,0,6,24
06/02/2018,HOB,NM,ASW,CE,Federal Contract Tower,0,1,1,0,2,0,0,10,0,10,0,1,11,0,12,6,0,6,18
06/03/2018,HOB,NM,ASW,CE,Federal Contract Tower,0,3,0,0,3,0,1,0,0,1,0,4,0,0,4,0,0,0,4
06/04/2018,HOB,NM,ASW,CE,Federal Contract Tower,0,7,2,0,9,0,0,8,0,8,0,7,10,0,17,2,0,2,19
06/05/2018,HOB,NM,ASW,CE,Federal Contract Tower,0,3,1,0,4,0,4,9,0,13,0,7,10,0,17,0,0,0,17
06/06/2018,HOB,NM,ASW,CE,Federal Contract Tower,0,3,0,0,3,0,6,11,0,17,0,9,11,0,20,0,0,0,20
06/07/2018,HOB,NM,ASW,CE,Federal Contract Tower,0,4,6,0,10,0,1,6,0,7,0,5,12,0,17,0,0,0,17
06/08/2018,HOB,NM,ASW,CE,Federal Contract Tower,0,9,4,0,13,0,2,3,0,5,0,11,7,0,18,0,0,0,18
06/09/2018,HOB,NM,ASW,CE,Federal Contract Tower,0,1,0,0,1,0,2,14,0,16,0,3,14,0,17,0,0,0,17
06/10/2018,HOB,NM,ASW,CE,Federal Contract Tower,0,3,1,0,4,0,0,8,0,8,0,3,9,0,12,0,0,0,12
06/11/2018,HOB,NM,ASW,CE,Federal Contract Tower,0,3,2,0,5,0,4,11,0,15,0,7,13,0,20,0,0,0,20
06/12/2018,HOB,NM,ASW,CE,Federal Contract Tower,0,7,2,0,9,0,4,7,0,11,0,11,9,0,20,4,0,4,24
06/13/2018,HOB,NM,ASW,CE,Federal Contract Tower,0,3,2,2,7,0,4,10,0,14,0,7,12,2,21,0,0,0,21
06/14/2018,HOB,NM,ASW,CE,Federal Contract Tower,0,10,5,6,21,0,3,29,0,32,0,13,34,6,53,22,0,22,75
06/15/2018,HOB,NM,ASW,CE,Federal Contract Tower,0,6,4,2,12,0,1,16,0,17,0,7,20,2,29,0,0,0,29
06/16/2018,HOB,NM,ASW,CE,Federal Contract Tower,0,1,2,0,3,0,0,3,0,3,0,1,5,0,6,0,0,0,6
06/17/2018,HOB,NM,ASW,CE,Federal Contract Tower,0,3,2,0,5,0,0,7,0,7,0,3,9,0,12,0,0,0,12
06/18/2018,HOB,NM,ASW,CE,Federal Contract Tower,0,4,0,0,4,0,1,10,0,11,0,5,10,0,15,0,0,0,15
06/19/2018,HOB,NM,ASW,CE,Federal Contract Tower,0,5,3,0,8,0,3,11,0,14,0,8,14,0,22,0,0,0,22
06/20/2018,HOB,NM,ASW,CE,Federal Contract Tower,0,4,3,0,7,0,7,7,0,14,0,11,10,0,21,0,0,0,21
06/21/2018,HOB,NM,ASW,CE,Federal Contract Tower,0,5,4,0,9,0,0,12,2,14,0,5,16,2,23,0,0,0,23
06/22/2018,HOB,NM,ASW,CE,Federal Contract Tower,0,5,2,0,7,0,0,6,0,6,0,5,8,0,13,4,0,4,17
06/23/2018,HOB,NM,ASW,CE,Federal Contract Tower,0,1,1,2,4,0,0,11,0,11,0,1,12,2,15,0,0,0,15
06/24/2018,HOB,NM,ASW,CE,Federal Contract Tower,0,3,1,0,4,0,3,3,0,6,0,6,4,0,10,0,0,0,10
06/25/2018,HOB,NM,ASW,CE,Federal Contract Tower,0,4,0,0,4,0,1,7,0,8,0,5,7,0,12,6,0,6,18
06/26/2018,HOB,NM,ASW,CE,Federal Contract Tower,0,7,4,2,13,0,1,4,0,5,0,8,8,2,18,0,0,0,18
06/27/2018,HOB,NM,ASW,CE,Federal Contract Tower,0,6,3,0,9,0,5,15,0,20,0,11,18,0,29,2,0,2,31
06/28/2018,HOB,NM,ASW,CE,Federal Contract Tower,0,6,3,0,9,0,2,11,0,13,0,8,14,0,22,0,0,0,22
06/29/2018,HOB,NM,ASW,CE,Federal Contract Tower,0,3,6,0,9,0,1,3,0,4,0,4,9,0,13,0,0,0,13
06/30/2018,HOB,NM,ASW,CE,Federal Contract Tower,0,1,2,0,3,0,5,14,0,19,0,6,16,0,22,2,0,2,24
07/01/2018,HOB,NM,ASW,CE,Federal Contract Tower,0,3,2,0,5,0,0,8,0,8,0,3,10,0,13,0,0,0,13
07/02/2018,HOB,NM,ASW,CE,Federal Contract Tower,0,4,1,0,5,0,3,4,0,7,0,7,5,0,12,0,0,0,12
07/03/2018,HOB,NM,ASW,CE,Federal Contract Tower,0,4,2,0,6,0,3,8,0,11,0,7,10,0,17,4,0,4,21
07/04/2018,HOB,NM,ASW,CE,Federal Contract Tower,0,3,1,0,4,0,0,13,0,13,0,3,14,0,17,6,0,6,23
07/05/2018,HOB,NM,ASW,CE,Federal Contract Tower,0,5,0,0,5,0,4,6,0,10,0,9,6,0,15,0,0,0,15
07/06/2018,HOB,NM,ASW,CE,Federal Contract Tower,0,7,2,0,9,0,0,9,0,9,0,7,11,0,18,16,0,16,34
07/07/2018,HOB,NM,ASW,CE,Federal Contract Tower,0,1,0,0,1,0,0,6,0,6,0,1,6,0,7,4,0,4,11
07/08/2018,HOB,NM,ASW,CE,Federal Contract Tower,0,4,6,0,10,0,1,12,0,13,0,5,18,0,23,0,0,0,23
07/09/2018,HOB,NM,ASW,CE,Federal Contract Tower,0,3,4,0,7,0,2,16,0,18,0,5,20,0,25,6,0,6,31
07/10/2018,HOB,NM,ASW,CE,Federal Contract Tower,0,5,4,0,9,0,2,2,0,4,0,7,6,0,13,0,0,0,13
07/11/2018,HOB,NM,ASW,CE,Federal Contract Tower,0,7,6,0,13,0,0,1,0,1,0,7,7,0,14,0,0,0,14
07/12/2018,HOB,NM,ASW,CE,Federal Contract Tower,0,5,7,0,12,0,0,10,0,10,0,5,17,0,22,0,0,0,22
07/13/2018,HOB,NM,ASW,CE,Federal Contract Tower,0,4,4,0,8,0,1,16,0,17,0,5,20,0,25,8,0,8,33
07/14/2018,HOB,NM,ASW,CE,Federal Contract Tower,0,1,2,0,3,0,0,29,2,31,0,1,31,2,34,14,0,14,48
07/15/2018,HOB,NM,ASW,CE,Federal Contract Tower,0,3,2,0,5,0,0,11,0,11,0,3,13,0,16,4,0,4,20
07/16/2018,HOB,NM,ASW,CE,Federal Contract Tower,0,3,1,1,5,0,4,16,0,20,0,7,17,1,25,0,3,3,28
07/17/2018,HOB,NM,ASW,CE,Federal Contract Tower,0,5,1,0,6,0,6,13,0,19,0,11,14,0,25,28,0,28,53
07/18/2018,HOB,NM,ASW,CE,Federal Contract Tower,0,3,5,0,8,0,2,20,0,22,0,5,25,0,30,6,0,6,36
07/19/2018,HOB,NM,ASW,CE,Federal Contract Tower,0,4,3,0,7,0,3,18,0,21,0,7,21,0,28,20,0,20,48
07/20/2018,HOB,NM,ASW,CE,Federal Contract Tower,0,3,1,0,4,0,5,4,0,9,0,8,5,0,13,0,0,0,13
07/21/2018,HOB,NM,ASW,CE,Federal Contract Tower,0,3,0,0,3,0,0,2,0,2,0,3,2,0,5,0,0,0,5
07/22/2018,HOB,NM,ASW,CE,Federal Contract Tower,0,3,2,0,5,0,0,6,0,6,0,3,8,0,11,0,0,0,11
07/23/2018,HOB,NM,ASW,CE,Federal Contract Tower,0,3,3,2,8,0,4,14,0,18,0,7,17,2,26,8,0,8,34
07/24/2018,HOB,NM,ASW,CE,Federal Contract Tower,0,6,3,0,9,0,0,8,0,8,0,6,11,0,17,12,0,12,29
07/25/2018,HOB,NM,ASW,CE,Federal Contract Tower,0,4,8,0,12,0,4,8,0,12,0,8,16,0,24,0,0,0,24
07/26/2018,HOB,NM,ASW,CE,Federal Contract Tower,0,5,0,0,5,0,1,7,0,8,0,6,7,0,13,0,0,0,13
07/27/2018,HOB,NM,ASW,CE,Federal Contract Tower,0,5,6,0,11,0,2,11,0,13,0,7,17,0,24,0,0,0,24
07/28/2018,HOB,NM,ASW,CE,Federal Contract Tower,0,1,2,0,3,0,4,14,0,18,0,5,16,0,21,26,0,26,47
07/29/2018,HOB,NM,ASW,CE,Federal Contract Tower,0,3,2,0,5,0,0,10,0,10,0,3,12,0,15,0,0,0,15
07/30/2018,HOB,NM,ASW,CE,Federal Contract Tower,0,3,0,0,3,0,4,11,0,15,0,7,11,0,18,10,0,10,28
07/31/2018,HOB,NM,ASW,CE,Federal Contract Tower,0,3,6,0,9,0,2,9,0,11,0,5,15,0,20,0,0,0,20
08/01/2018,HOB,NM,ASW,CE,Federal Contract Tower,0,3,3,0,6,0,7,8,0,15,0,10,11,0,21,4,0,4,25
08/02/2018,HOB,NM,ASW,CE,Federal Contract Tower,0,3,6,0,9,0,4,3,0,7,0,7,9,0,16,6,0,6,22
08/03/2018,HOB,NM,ASW,CE,Federal Contract Tower,0,3,0,0,3,0,5,6,0,11,0,8,6,0,14,6,0,6,20
08/04/2018,HOB,NM,ASW,CE,Federal Contract Tower,0,1,0,0,1,0,5,15,0,20,0,6,15,0,21,16,0,16,37
08/05/2018,HOB,NM,ASW,CE,Federal Contract Tower,0,3,4,0,7,0,2,8,0,10,0,5,12,0,17,6,0,6,23
08/06/2018,HOB,NM,ASW,CE,Federal Contract Tower,0,3,0,0,3,0,2,13,0,15,0,5,13,0,18,14,0,14,32
08/07/2018,HOB,NM,ASW,CE,Federal Contract Tower,0,3,7,0,10,0,2,8,0,10,0,5,15,0,20,0,0,0,20
08/08/2018,HOB,NM,ASW,CE,Federal Contract Tower,0,4,4,0,8,0,1,10,0,11,0,5,14,0,19,0,0,0,19
08/09/2018,HOB,NM,ASW,CE,Federal Contract Tower,0,5,3,0,8,0,2,12,2,16,0,7,15,2,24,4,0,4,28
08/10/2018,HOB,NM,ASW,CE,Federal Contract Tower,0,5,1,0,6,0,0,9,0,9,0,5,10,0,15,0,0,0,15
08/11/2018,HOB,NM,ASW,CE,Federal Contract Tower,0,1,0,0,1,0,0,8,0,8,0,1,8,0,9,0,0,0,9
08/12/2018,HOB,NM,ASW,CE,Federal Contract Tower,0,5,3,0,8,0,0,10,0,10,0,5,13,0,18,0,0,0,18
08/13/2018,HOB,NM,ASW,CE,Federal Contract Tower,0,3,1,0,4,0,6,8,0,14,0,9,9,0,18,6,0,6,24
08/14/2018,HOB,NM,ASW,CE,Federal Contract Tower,0,4,0,0,4,0,3,6,0,9,0,7,6,0,13,14,0,14,27
08/15/2018,HOB,NM,ASW,CE,Federal Contract Tower,0,5,6,0,11,0,0,11,0,11,0,5,17,0,22,6,0,6,28
08/16/2018,HOB,NM,ASW,CE,Federal Contract Tower,0,4,3,0,7,0,1,6,0,7,0,5,9,0,14,6,0,6,20
08/17/2018,HOB,NM,ASW,CE,Federal Contract Tower,0,3,2,0,5,0,4,12,0,16,0,7,14,0,21,2,0,2,23
08/18/2018,HOB,NM,ASW,CE,Federal Contract Tower,0,1,0,0,1,0,0,6,0,6,0,1,6,0,7,0,0,0,7
08/19/2018,HOB,NM,ASW,CE,Federal Contract Tower,0,3,2,0,5,0,2,3,0,5,0,5,5,0,10,0,0,0,10
08/20/2018,HOB,NM,ASW,CE,Federal Contract Tower,0,3,2,0,5,0,4,6,0,10,0,7,8,0,15,0,0,0,15
08/21/2018,HOB,NM,ASW,CE,Federal Contract Tower,0,7,4,0,11,0,2,4,0,6,0,9,8,0,17,12,0,12,29
08/22/2018,HOB,NM,ASW,CE,Federal Contract Tower,0,4,3,0,7,0,1,9,2,12,0,5,12,2,19,4,0,4,23
08/23/2018,HOB,NM,ASW,CE,Federal Contract Tower,0,8,4,0,12,0,3,11,0,14,0,11,15,0,26,0,0,0,26
08/24/2018,HOB,NM,ASW,CE,Federal Contract Tower,0,3,4,0,7,0,4,12,0,16,0,7,16,0,23,0,0,0,23
08/25/2018,HOB,NM,ASW,CE,Federal Contract Tower,0,1,0,0,1,0,0,19,0,19,0,1,19,0,20,18,0,18,38
08/26/2018,HOB,NM,ASW,CE,Federal Contract Tower,0,3,2,0,5,0,0,8,0,8,0,3,10,0,13,4,0,4,17
08/27/2018,HOB,NM,ASW,CE,Federal Contract Tower,0,3,2,0,5,0,2,2,0,4,0,5,4,0,9,4,0,4,13
08/28/2018,HOB,NM,ASW,CE,Federal Contract Tower,0,3,2,0,5,0,2,13,0,15,0,5,15,0,20,0,0,0,20
08/29/2018,HOB,NM,ASW,CE,Federal Contract Tower,0,4,4,0,8,0,1,15,0,16,0,5,19,0,24,10,0,10,34
08/30/2018,HOB,NM,ASW,CE,Federal Contract Tower,0,3,2,0,5,0,2,8,0,10,0,5,10,0,15,8,0,8,23
08/31/2018,HOB,NM,ASW,CE,Federal Contract Tower,0,3,3,0,6,0,2,5,0,7,0,5,8,0,13,0,0,0,13
09/01/2018,HOB,NM,ASW,CE,Federal Contract Tower,0,3,1,0,4,0,2,9,0,11,0,5,10,0,15,0,0,0,15
09/02/2018,HOB,NM,ASW,CE,Federal Contract Tower,0,3,1,0,4,0,0,5,0,5,0,3,6,0,9,0,0,0,9
09/03/2018,HOB,NM,ASW,CE,Federal Contract Tower,0,5,1,0,6,0,0,16,0,16,0,5,17,0,22,6,0,6,28
09/04/2018,HOB,NM,ASW,CE,Federal Contract Tower,0,3,4,0,7,0,2,15,0,17,0,5,19,0,24,0,0,0,24
09/05/2018,HOB,NM,ASW,CE,Federal Contract Tower,0,9,5,0,14,0,0,9,0,9,0,9,14,0,23,0,0,0,23
09/06/2018,HOB,NM,ASW,CE,Federal Contract Tower,0,8,6,0,14,0,0,2,0,2,0,8,8,0,16,2,0,2,18
09/07/2018,HOB,NM,ASW,CE,Federal Contract Tower,0,6,3,0,9,0,0,2,0,2,0,6,5,0,11,10,0,10,21
09/08/2018,HOB,NM,ASW,CE,Federal Contract Tower,0,1,4,0,5,0,0,5,0,5,0,1,9,0,10,0,0,0,10
09/09/2018,HOB,NM,ASW,CE,Federal Contract Tower,0,3,0,0,3,0,0,10,0,10,0,3,10,0,13,4,0,4,17
09/10/2018,HOB,NM,ASW,CE,Federal Contract Tower,0,3,0,0,3,0,4,12,0,16,0,7,12,0,19,0,0,0,19
09/11/2018,HOB,NM,ASW,CE,Federal Contract Tower,0,3,5,0,8,0,2,12,0,14,0,5,17,0,22,0,0,0,22
09/12/2018,HOB,NM,ASW,CE,Federal Contract Tower,0,3,8,0,11,0,2,13,0,15,0,5,21,0,26,0,0,0,26
09/13/2018,HOB,NM,ASW,CE,Federal Contract Tower,0,4,6,0,10,0,3,13,0,16,0,7,19,0,26,4,0,4,30
09/14/2018,HOB,NM,ASW,CE,Federal Contract Tower,0,3,2,2,7,0,2,12,0,14,0,5,14,2,21,10,0,10,31
09/15/2018,HOB,NM,ASW,CE,Federal Contract Tower,0,1,1,0,2,0,0,11,0,11,0,1,12,0,13,0,0,0,13
09/16/2018,HOB,NM,ASW,CE,Federal Contract Tower,0,3,2,0,5,0,0,11,0,11,0,3,13,0,16,6,0,6,22
09/17/2018,HOB,NM,ASW,CE,Federal Contract Tower,0,2,5,0,7,0,2,20,0,22,0,4,25,0,29,0,0,0,29
09/18/2018,HOB,NM,ASW,CE,Federal Contract Tower,0,5,8,0,13,0,5,9,0,14,0,10,17,0,27,4,0,4,31
09/19/2018,HOB,NM,ASW,CE,Federal Contract Tower,0,6,6,0,12,0,2,8,0,10,0,8,14,0,22,0,0,0,22
09/20/2018,HOB,NM,ASW,CE,Federal Contract Tower,0,5,4,0,9,0,2,8,0,10,0,7,12,0,19,0,0,0,19
09/21/2018,HOB,NM,ASW,CE,Federal Contract Tower,0,5,1,0,6,0,0,0,0,0,0,5,1,0,6,0,0,0,6
09/22/2018,HOB,NM,ASW,CE,Federal Contract Tower,0,1,2,0,3,0,0,18,0,18,0,1,20,0,21,0,0,0,21
09/23/2018,HOB,NM,ASW,CE,Federal Contract Tower,0,3,5,0,8,0,0,15,0,15,0,3,20,0,23,0,0,0,23
09/24/2018,HOB,NM,ASW,CE,Federal Contract Tower,0,3,4,0,7,0,2,18,0,20,0,5,22,0,27,12,0,12,39
09/25/2018,HOB,NM,ASW,CE,Federal Contract Tower,0,7,2,4,13,0,8,9,0,17,0,15,11,4,30,0,0,0,30
09/26/2018,HOB,NM,ASW,CE,Federal Contract Tower,0,5,1,0,6,0,0,0,0,0,0,5,1,0,6,0,0,0,6
09/27/2018,HOB,NM,ASW,CE,Federal Contract Tower,0,3,7,0,10,0,1,2,0,3,0,4,9,0,13,0,0,0,13
09/28/2018,HOB,NM,ASW,CE,Federal Contract Tower,0,13,10,0,23,0,3,19,0,22,0,16,29,0,45,0,0,0,45
09/29/2018,HOB,NM,ASW,CE,Federal Contract Tower,0,3,8,0,11,0,0,17,0,17,0,3,25,0,28,0,0,0,28
09/30/2018,HOB,NM,ASW,CE,Federal Contract Tower,0,3,4,0,7,0,1,8,0,9,0,4,12,0,16,0,0,0,16
10/01/2018,HOB,NM,ASW,CE,Federal Contract Tower,0,3,2,0,5,0,2,10,0,12,0,5,12,0,17,0,0,0,17
10/02/2018,HOB,NM,ASW,CE,Federal Contract Tower,0,4,5,0,9,0,0,9,0,9,0,4,14,0,18,0,0,0,18
10/03/2018,HOB,NM,ASW,CE,Federal Contract Tower,0,4,5,0,9,0,3,15,0,18,0,7,20,0,27,24,0,24,51
10/04/2018,HOB,NM,ASW,CE,Federal Contract Tower,0,3,4,0,7,0,2,9,0,11,0,5,13,0,18,0,0,0,18
10/05/2018,HOB,NM,ASW,CE,Federal Contract Tower,0,5,2,0,7,0,2,7,0,9,0,7,9,0,16,0,0,0,16
10/06/2018,HOB,NM,ASW,CE,Federal Contract Tower,0,1,2,0,3,0,0,4,0,4,0,1,6,0,7,6,0,6,13
10/07/2018,HOB,NM,ASW,CE,Federal Contract Tower,0,2,5,0,7,0,0,1,0,1,0,2,6,0,8,2,0,2,10
10/08/2018,HOB,NM,ASW,CE,Federal Contract Tower,0,3,9,0,12,0,1,2,0,3,0,4,11,0,15,0,0,0,15
10/09/2018,HOB,NM,ASW,CE,Federal Contract Tower,0,5,2,0,7,0,2,11,2,15,0,7,13,2,22,8,0,8,30
10/10/2018,HOB,NM,ASW,CE,Federal Contract Tower,0,5,2,0,7,0,2,14,0,16,0,7,16,0,23,6,0,6,29
10/11/2018,HOB,NM,ASW,CE,Federal Contract Tower,0,10,8,2,20,0,0,4,0,4,0,10,12,2,24,0,0,0,24
10/12/2018,HOB,NM,ASW,CE,Federal Contract Tower,0,11,5,0,16,0,0,5,0,5,0,11,10,0,21,0,0,0,21
10/13/2018,HOB,NM,ASW,CE,Federal Contract Tower,0,1,4,0,5,0,2,35,0,37,0,3,39,0,42,12,0,12,54
10/14/2018,HOB,NM,ASW,CE,Federal Contract Tower,0,5,5,0,10,0,0,4,0,4,0,5,9,0,14,0,0,0,14
10/15/2018,HOB,NM,ASW,CE,Federal Contract Tower,0,5,3,0,8,0,0,0,0,0,0,5,3,0,8,0,0,0,8
10/16/2018,HOB,NM,ASW,CE,Federal Contract Tower,0,4,3,4,11,0,0,6,0,6,0,4,9,4,17,14,0,14,31
10/17/2018,HOB,NM,ASW,CE,Federal Contract Tower,0,8,6,0,14,0,1,1,0,2,0,9,7,0,16,2,0,2,18
10/18/2018,HOB,NM,ASW,CE,Federal Contract Tower,0,9,2,0,11,0,0,0,0,0,0,9,2,0,11,0,0,0,11
10/19/2018,HOB,NM,ASW,CE,Federal Contract Tower,0,7,5,0,12,0,2,16,0,18,0,9,21,0,30,4,0,4,34
10/20/2018,HOB,NM,ASW,CE,Federal Contract Tower,0,1,0,0,1,0,0,8,0,8,0,1,8,0,9,0,0,0,9
10/21/2018,HOB,NM,ASW,CE,Federal Contract Tower,0,3,7,0,10,0,0,14,0,14,0,3,21,0,24,18,0,18,42
10/22/2018,HOB,NM,ASW,CE,Federal Contract Tower,0,2,6,0,8,0,0,31,0,31,0,2,37,0,39,18,0,18,57
10/23/2018,HOB,NM,ASW,CE,Federal Contract Tower,0,5,0,0,5,0,0,0,0,0,0,5,0,0,5,0,0,0,5
10/24/2018,HOB,NM,ASW,CE,Federal Contract Tower,0,9,3,0,12,0,0,0,0,0,0,9,3,0,12,0,0,0,12
10/25/2018,HOB,NM,ASW,CE,Federal Contract Tower,0,4,3,0,7,0,1,14,0,15,0,5,17,0,22,0,0,0,22
10/26/2018,HOB,NM,ASW,CE,Federal Contract Tower,0,3,5,0,8,0,4,18,0,22,0,7,23,0,30,8,0,8,38
10/27/2018,HOB,NM,ASW,CE,Federal Contract Tower,0,1,0,0,1,0,0,11,0,11,0,1,11,0,12,2,0,2,14
10/28/2018,HOB,NM,ASW,CE,Federal Contract Tower,0,5,1,0,6,0,0,4,2,6,0,5,5,2,12,6,0,6,18
10/29/2018,HOB,NM,ASW,CE,Federal Contract Tower,0,3,8,0,11,0,5,18,0,23,0,8,26,0,34,0,0,0,34
10/30/2018,HOB,NM,ASW,CE,Federal Contract Tower,0,5,3,0,8,0,4,12,0,16,0,9,15,0,24,14,0,14,38
10/31/2018,HOB,NM,ASW,CE,Federal Contract Tower,0,8,2,0,10,0,0,0,0,0,0,8,2,0,10,0,0,0,10
11/01/2018,HOB,NM,ASW,CE,Federal Contract Tower,0,3,5,0,8,0,8,18,0,26,0,11,23,0,34,12,0,12,46
11/02/2018,HOB,NM,ASW,CE,Federal Contract Tower,0,3,3,0,6,0,4,10,0,14,0,7,13,0,20,8,0,8,28
11/03/2018,HOB,NM,ASW,CE,Federal Contract Tower,0,1,3,0,4,0,0,11,2,13,0,1,14,2,17,0,0,0,17
11/04/2018,HOB,NM,ASW,CE,Federal Contract Tower,0,3,5,0,8,0,0,15,0,15,0,3,20,0,23,0,0,0,23
11/05/2018,HOB,NM,ASW,CE,Federal Contract Tower,0,3,0,0,3,0,2,11,0,13,0,5,11,0,16,0,0,0,16
11/06/2018,HOB,NM,ASW,CE,Federal Contract Tower,0,3,4,0,7,0,1,21,0,22,0,4,25,0,29,18,0,18,47
11/07/2018,HOB,NM,ASW,CE,Federal Contract Tower,0,5,3,0,8,0,1,0,0,1,0,6,3,0,9,0,0,0,9
11/08/2018,HOB,NM,ASW,CE,Federal Contract Tower,0,5,7,0,12,0,0,0,0,0,0,5,7,0,12,0,0,0,12
11/09/2018,HOB,NM,ASW,CE,Federal Contract Tower,0,7,3,0,10,0,6,5,0,11,0,13,8,0,21,8,0,8,29
11/10/2018,HOB,NM,ASW,CE,Federal Contract Tower,0,1,1,0,2,0,0,17,0,17,0,1,18,0,19,0,0,0,19
11/11/2018,HOB,NM,ASW,CE,Federal Contract Tower,0,3,5,0,8,0,0,11,0,11,0,3,16,0,19,6,0,6,25
11/12/2018,HOB,NM,ASW,CE,Federal Contract Tower,0,5,0,0,5,0,0,0,0,0,0,5,0,0,5,0,0,0,5
11/13/2018,HOB,NM,ASW,CE,Federal Contract Tower,0,5,2,0,7,0,2,7,0,9,0,7,9,0,16,0,0,0,16
11/14/2018,HOB,NM,ASW,CE,Federal Contract Tower,0,3,10,0,13,0,2,6,0,8,0,5,16,0,21,14,0,14,35
11/15/2018,HOB,NM,ASW,CE,Federal Contract Tower,0,5,3,0,8,0,2,24,0,26,0,7,27,0,34,0,0,0,34
11/16/2018,HOB,NM,ASW,CE,Federal Contract Tower,0,3,5,0,8,0,2,16,0,18,0,5,21,0,26,10,0,10,36
11/17/2018,HOB,NM,ASW,CE,Federal Contract Tower,0,1,0,0,1,0,0,12,0,12,0,1,12,0,13,0,0,0,13
11/18/2018,HOB,NM,ASW,CE,Federal Contract Tower,0,3,8,0,11,0,2,2,0,4,0,5,10,0,15,0,0,0,15
11/19/2018,HOB,NM,ASW,CE,Federal Contract Tower,0,3,6,0,9,0,1,12,0,13,0,4,18,0,22,0,0,0,22
11/20/2018,HOB,NM,ASW,CE,Federal Contract Tower,0,3,3,0,6,0,5,14,0,19,0,8,17,0,25,14,0,14,39
11/21/2018,HOB,NM,ASW,CE,Federal Contract Tower,0,9,5,0,14,0,0,10,0,10,0,9,15,0,24,0,0,0,24
11/22/2018,HOB,NM,ASW,CE,Federal Contract Tower,0,3,2,0,5,0,0,9,0,9,0,3,11,0,14,6,0,6,20
11/23/2018,HOB,NM,ASW,CE,Federal Contract Tower,0,5,0,0,5,0,0,2,0,2,0,5,2,0,7,0,0,0,7
11/24/2018,HOB,NM,ASW,CE,Federal Contract Tower,0,1,0,0,1,0,0,6,0,6,0,1,6,0,7,0,0,0,7
11/25/2018,HOB,NM,ASW,CE,Federal Contract Tower,0,3,2,0,5,0,0,11,0,11,0,3,13,0,16,0,0,0,16
11/26/2018,HOB,NM,ASW,CE,Federal Contract Tower,0,3,4,0,7,0,4,16,0,20,0,7,20,0,27,0,0,0,27
11/27/2018,HOB,NM,ASW,CE,Federal Contract Tower,0,5,6,0,11,0,4,23,0,27,0,9,29,0,38,4,0,4,42
11/28/2018,HOB,NM,ASW,CE,Federal Contract Tower,0,3,7,0,10,0,4,17,0,21,0,7,24,0,31,2,0,2,33
11/29/2018,HOB,NM,ASW,CE,Federal Contract Tower,0,3,5,0,8,0,4,22,0,26,0,7,27,0,34,0,0,0,34
11/30/2018,HOB,NM,ASW,CE,Federal Contract Tower,0,5,1,0,6,0,4,1,0,5,0,9,2,0,11,0,0,0,11
12/01/2018,HOB,NM,ASW,CE,Federal Contract Tower,0,1,2,0,3,0,0,3,0,3,0,1,5,0,6,0,0,0,6
12/02/2018,HOB,NM,ASW,CE,Federal Contract Tower,0,4,6,0,10,0,1,11,0,12,0,5,17,0,22,3,0,3,25
12/03/2018,HOB,NM,ASW,CE,Federal Contract Tower,0,3,2,0,5,0,2,10,0,12,0,5,12,0,17,0,0,0,17
12/04/2018,HOB,NM,ASW,CE,Federal Contract Tower,0,4,5,0,9,0,3,15,0,18,0,7,20,0,27,12,0,12,39
12/05/2018,HOB,NM,ASW,CE,Federal Contract Tower,0,3,4,0,7,0,8,20,0,28,0,11,24,0,35,0,0,0,35
12/06/2018,HOB,NM,ASW,CE,Federal Contract Tower,0,7,2,0,9,0,0,6,0,6,0,7,8,0,15,0,0,0,15
12/07/2018,HOB,NM,ASW,CE,Federal Contract Tower,0,7,0,0,7,0,1,0,0,1,0,8,0,0,8,0,0,0,8
12/08/2018,HOB,NM,ASW,CE,Federal Contract Tower,0,1,4,0,5,0,1,0,0,1,0,2,4,0,6,0,0,0,6
12/09/2018,HOB,NM,ASW,CE,Federal Contract Tower,0,4,4,0,8,0,0,1,0,1,0,4,5,0,9,0,0,0,9
12/10/2018,HOB,NM,ASW,CE,Federal Contract Tower,0,6,1,0,7,0,4,13,0,17,0,10,14,0,24,0,0,0,24
12/11/2018,HOB,NM,ASW,CE,Federal Contract Tower,0,4,4,0,8,0,4,7,0,11,0,8,11,0,19,0,0,0,19
12/12/2018,HOB,NM,ASW,CE,Federal Contract Tower,0,3,4,0,7,0,4,11,0,15,0,7,15,0,22,0,0,0,22
12/13/2018,HOB,NM,ASW,CE,Federal Contract Tower,0,8,1,0,9,0,2,2,0,4,0,10,3,0,13,0,0,0,13
12/14/2018,HOB,NM,ASW,CE,Federal Contract Tower,0,4,0,0,4,0,4,15,0,19,0,8,15,0,23,0,0,0,23
12/15/2018,HOB,NM,ASW,CE,Federal Contract Tower,0,1,2,0,3,0,2,16,0,18,0,3,18,0,21,8,0,8,29
12/16/2018,HOB,NM,ASW,CE,Federal Contract Tower,0,5,0,0,5,0,2,14,0,16,0,7,14,0,21,0,0,0,21
12/17/2018,HOB,NM,ASW,CE,Federal Contract Tower,0,6,5,0,11,0,1,6,0,7,0,7,11,0,18,0,0,0,18
12/18/2018,HOB,NM,ASW,CE,Federal Contract Tower,0,5,5,0,10,0,3,15,0,18,0,8,20,0,28,6,0,6,34
12/19/2018,HOB,NM,ASW,CE,Federal Contract Tower,0,7,4,0,11,0,2,9,0,11,0,9,13,0,22,0,0,0,22
12/20/2018,HOB,NM,ASW,CE,Federal Contract Tower,0,3,2,2,7,0,4,10,0,14,0,7,12,2,21,0,0,0,21
12/21/2018,HOB,NM,ASW,CE,Federal Contract Tower,0,3,2,0,5,0,4,18,0,22,0,7,20,0,27,0,0,0,27
12/22/2018,HOB,NM,ASW,CE,Federal Contract Tower,0,1,1,0,2,0,0,15,0,15,0,1,16,0,17,0,0,0,17
12/23/2018,HOB,NM,ASW,CE,Federal Contract Tower,0,3,2,0,5,0,0,4,0,4,0,3,6,0,9,0,0,0,9
12/24/2018,HOB,NM,ASW,CE,Federal Contract Tower,0,3,2,0,5,0,0,6,0,6,0,3,8,0,11,0,0,0,11
12/25/2018,HOB,NM,ASW,CE,Federal Contract Tower,0,3,0,0,3,0,0,7,0,7,0,3,7,0,10,0,0,0,10
12/26/2018,HOB,NM,ASW,CE,Federal Contract Tower,0,5,2,0,7,0,0,0,0,0,0,5,2,0,7,0,0,0,7
12/27/2018,HOB,NM,ASW,CE,Federal Contract Tower,0,4,2,0,6,0,2,10,0,12,0,6,12,0,18,2,0,2,20
12/28/2018,HOB,NM,ASW,CE,Federal Contract Tower,0,5,2,0,7,0,0,2,0,2,0,5,4,0,9,0,0,0,9
12/29/2018,HOB,NM,ASW,CE,Federal Contract Tower,0,1,0,0,1,0,0,0,0,0,0,1,0,0,1,0,0,0,1
12/30/2018,HOB,NM,ASW,CE,Federal Contract Tower,0,3,1,0,4,0,2,0,0,2,0,5,1,0,6,0,0,0,6
12/31/2018,HOB,NM,ASW,CE,Federal Contract Tower,0,5,5,0,10,0,0,7,0,7,0,5,12,0,17,2,0,2,19
01/01/2019,HOB,NM,ASW,CE,Federal Contract Tower,0,3,0,0,3,0,0,0,0,0,0,3,0,0,3,0,0,0,3
01/02/2019,HOB,NM,ASW,CE,Federal Contract Tower,0,7,2,0,9,0,0,1,0,1,0,7,3,0,10,0,0,0,10
01/03/2019,HOB,NM,ASW,CE,Federal Contract Tower,0,4,2,0,6,0,3,10,0,13,0,7,12,0,19,4,0,4,23
01/04/2019,HOB,NM,ASW,CE,Federal Contract Tower,0,3,2,0,5,0,2,19,0,21,0,5,21,0,26,22,0,22,48
01/05/2019,HOB,NM,ASW,CE,Federal Contract Tower,0,3,1,0,4,0,0,7,6,13,0,3,8,6,17,4,0,4,21
01/06/2019,HOB,NM,ASW,CE,Federal Contract Tower,0,3,1,0,4,0,0,12,0,12,0,3,13,0,16,0,0,0,16
01/07/2019,HOB,NM,ASW,CE,Federal Contract Tower,0,3,4,0,7,0,4,1,0,5,0,7,5,0,12,0,0,0,12
01/08/2019,HOB,NM,ASW,CE,Federal Contract Tower,0,3,3,0,6,0,2,12,0,14,0,5,15,0,20,0,0,0,20
01/09/2019,HOB,NM,ASW,CE,Federal Contract Tower,0,5,4,0,9,0,2,14,2,18,0,7,18,2,27,10,0,10,37
01/10/2019,HOB,NM,ASW,CE,Federal Contract Tower,0,8,0,0,8,0,1,19,0,20,0,9,19,0,28,0,0,0,28
01/11/2019,HOB,NM,ASW,CE,Federal Contract Tower,0,7,4,0,11,0,4,17,0,21,0,11,21,0,32,0,0,0,32
01/12/2019,HOB,NM,ASW,CE,Federal Contract Tower,0,2,2,0,4,0,0,25,0,25,0,2,27,0,29,4,0,4,33
01/13/2019,HOB,NM,ASW,CE,Federal Contract Tower,0,5,1,3,9,0,0,8,1,9,0,5,9,4,18,0,0,0,18
01/14/2019,HOB,NM,ASW,CE,Federal Contract Tower,0,7,4,0,11,0,0,1,0,1,0,7,5,0,12,0,0,0,12
01/15/2019,HOB,NM,ASW,CE,Federal Contract Tower,0,7,2,0,9,0,0,2,0,2,0,7,4,0,11,16,0,16,27
01/16/2019,HOB,NM,ASW,CE,Federal Contract Tower,0,4,8,0,12,0,1,11,0,12,0,5,19,0,24,0,0,0,24
01/17/2019,HOB,NM,ASW,CE,Federal Contract Tower,0,3,7,0,10,0,2,24,0,26,0,5,31,0,36,0,0,0,36
01/18/2019,HOB,NM,ASW,CE,Federal Contract Tower,0,5,2,0,7,0,2,1,0,3,0,7,3,0,10,4,0,4,14
01/19/2019,HOB,NM,ASW,CE,Federal Contract Tower,0,1,0,0,1,0,1,19,0,20,0,2,19,0,21,6,0,6,27
01/20/2019,HOB,NM,ASW,CE,Federal Contract Tower,0,3,2,0,5,0,0,4,0,4,0,3,6,0,9,0,0,0,9
01/21/2019,HOB,NM,ASW,CE,Federal Contract Tower,0,5,3,0,8,0,3,5,0,8,0,8,8,0,16,0,0,0,16
01/22/2019,HOB,NM,ASW,CE,Federal Contract Tower,0,5,1,0,6,0,0,12,2,14,0,5,13,2,20,12,8,20,40
01/23/2019,HOB,NM,ASW,CE,Federal Contract Tower,0,3,5,0,8,0,2,17,0,19,0,5,22,0,27,0,0,0,27
01/24/2019,HOB,NM,ASW,CE,Federal Contract Tower,0,3,0,0,3,0,3,27,0,30,0,6,27,0,33,0,0,0,33
01/25/2019,HOB,NM,ASW,CE,Federal Contract Tower,0,3,2,0,5,0,2,26,0,28,0,5,28,0,33,20,0,20,53
01/26/2019,HOB,NM,ASW,CE,Federal Contract Tower,0,1,0,0,1,0,0,18,0,18,0,1,18,0,19,8,0,8,27
01/27/2019,HOB,NM,ASW,CE,Federal Contract Tower,0,3,1,0,4,0,0,5,0,5,0,3,6,0,9,0,0,0,9
01/28/2019,HOB,NM,ASW,CE,Federal Contract Tower,0,5,1,14,20,0,0,2,0,2,0,5,3,14,22,0,0,0,22
01/29/2019,HOB,NM,ASW,CE,Federal Contract Tower,0,3,3,8,14,0,2,9,2,13,0,5,12,10,27,12,12,24,51
01/30/2019,HOB,NM,ASW,CE,Federal Contract Tower,0,3,8,0,11,0,2,17,3,22,0,5,25,3,33,40,14,54,87
01/31/2019,HOB,NM,ASW,CE,Federal Contract Tower,0,3,3,6,12,0,2,18,0,20,0,5,21,6,32,82,0,82,114
02/01/2019,HOB,NM,ASW,CE,Federal Contract Tower,0,3,4,0,7,0,2,11,0,13,0,5,15,0,20,60,0,60,80
02/02/2019,HOB,NM,ASW,CE,Federal Contract Tower,0,3,4,0,7,0,0,19,2,21,0,3,23,2,28,24,20,44,72
02/03/2019,HOB,NM,ASW,CE,Federal Contract Tower,0,4,0,0,4,0,0,2,0,2,0,4,2,0,6,0,0,0,6
02/04/2019,HOB,NM,ASW,CE,Federal Contract Tower,0,3,6,0,9,0,3,7,0,10,0,6,13,0,19,20,0,20,39
02/05/2019,HOB,NM,ASW,CE,Federal Contract Tower,0,2,1,2,5,0,2,11,2,15,0,4,12,4,20,0,20,20,40
02/06/2019,HOB,NM,ASW,CE,Federal Contract Tower,0,3,0,0,3,0,2,12,0,14,0,5,12,0,17,0,0,0,17
02/07/2019,HOB,NM,ASW,CE,Federal Contract Tower,0,3,2,4,9,0,5,16,4,25,0,8,18,8,34,2,46,48,82
02/08/2019,HOB,NM,ASW,CE,Federal Contract Tower,0,3,3,0,6,0,7,18,2,27,0,10,21,2,33,6,4,10,43
02/09/2019,HOB,NM,ASW,CE,Federal Contract Tower,0,3,2,6,11,0,2,15,0,17,0,5,17,6,28,4,0,4,32
02/10/2019,HOB,NM,ASW,CE,Federal Contract Tower,0,3,0,0,3,0,0,10,0,10,0,3,10,0,13,0,0,0,13
02/11/2019,HOB,NM,ASW,CE,Federal Contract Tower,0,4,3,0,7,0,1,3,0,4,0,5,6,0,11,2,0,2,13
02/12/2019,HOB,NM,ASW,CE,Federal Contract Tower,0,3,3,0,6,0,3,26,6,35,0,6,29,6,41,0,22,22,63
02/13/2019,HOB,NM,ASW,CE,Federal Contract Tower,0,3,3,2,8,0,6,13,6,25,0,9,16,8,33,0,56,56,89
02/14/2019,HOB,NM,ASW,CE,Federal Contract Tower,0,7,2,0,9,0,3,16,6,25,0,10,18,6,34,4,18,22,56
02/15/2019,HOB,NM,ASW,CE,Federal Contract Tower,0,3,3,0,6,0,2,11,10,23,0,5,14,10,29,0,74,74,103
02/16/2019,HOB,NM,ASW,CE,Federal Contract Tower,0,1,2,0,3,0,0,1,0,1,0,1,3,0,4,0,0,0,4
02/17/2019,HOB,NM,ASW,CE,Federal Contract Tower,0,3,3,0,6,0,2,22,12,36,0,5,25,12,42,8,6,14,56
02/18/2019,HOB,NM,ASW,CE,Federal Contract Tower,0,6,1,6,13,0,2,10,12,24,0,8,11,18,37,0,70,70,107
02/19/2019,HOB,NM,ASW,CE,Federal Contract Tower,0,4,5,0,9,0,1,6,2,9,0,5,11,2,18,2,0,2,20
02/20/2019,HOB,NM,ASW,CE,Federal Contract Tower,0,3,4,0,7,0,2,26,0,28,0,5,30,0,35,20,0,20,55
02/21/2019,HOB,NM,ASW,CE,Federal Contract Tower,0,3,6,0,9,0,2,21,2,25,0,5,27,2,34,12,18,30,64
02/22/2019,HOB,NM,ASW,CE,Federal Contract Tower,0,5,1,0,6,0,2,11,2,15,0,7,12,2,21,12,16,28,49
02/23/2019,HOB,NM,ASW,CE,Federal Contract Tower,0,1,0,0,1,0,2,0,0,2,0,3,0,0,3,0,0,0,3
02/24/2019,HOB,NM,ASW,CE,Federal Contract Tower,0,2,1,0,3,0,0,17,2,19,0,2,18,2,22,2,0,2,24
02/25/2019,HOB,NM,ASW,CE,Federal Contract Tower,0,3,6,0,9,0,2,12,6,20,0,5,18,6,29,0,26,26,55
02/26/2019,HOB,NM,ASW,CE,Federal Contract Tower,0,3,6,2,11,0,2,15,2,19,0,5,21,4,30,0,24,24,54
02/27/2019,HOB,NM,ASW,CE,Federal Contract Tower,0,3,2,2,7,0,2,15,6,23,0,5,17,8,30,0,46,46,76
02/28/2019,HOB,NM,ASW,CE,Federal Contract Tower,0,3,9,6,18,0,3,24,2,29,0,6,33,8,47,12,18,30,77
03/01/2019,HOB,NM,ASW,CE,Federal Contract Tower,0,3,4,0,7,0,4,20,2,26,0,7,24,2,33,4,16,20,53
03/02/2019,HOB,NM,ASW,CE,Federal Contract Tower,0,3,2,2,7,0,0,13,0,13,0,3,15,2,20,6,0,6,26
03/03/2019,HOB,NM,ASW,CE,Federal Contract Tower,0,5,4,0,9,0,0,1,0,1,0,5,5,0,10,2,0,2,12
03/04/2019,HOB,NM,ASW,CE,Federal Contract Tower,0,5,6,0,11,0,0,14,0,14,0,5,20,0,25,0,0,0,25
03/05/2019,HOB,NM,ASW,CE,Federal Contract Tower,0,3,2,2,7,0,4,23,4,31,0,7,25,6,38,0,0,0,38
03/06/2019,HOB,NM,ASW,CE,Federal Contract Tower,0,3,5,0,8,0,4,18,6,28,0,7,23,6,36,8,30,38,74
03/07/2019,HOB,NM,ASW,CE,Federal Contract Tower,0,3,4,0,7,0,2,16,0,18,0,5,20,0,25,0,0,0,25
03/08/2019,HOB,NM,ASW,CE,Federal Contract Tower,0,5,2,0,7,0,0,12,0,12,0,5,14,0,19,0,0,0,19
03/09/2019,HOB,NM,ASW,CE,Federal Contract Tower,0,2,0,0,2,0,0,4,4,8,0,2,4,4,10,0,0,0,10
03/10/2019,HOB,NM,ASW,CE,Federal Contract Tower,0,3,4,0,7,0,0,9,0,9,0,3,13,0,16,4,0,4,20
03/11/2019,HOB,NM,ASW,CE,Federal Contract Tower,0,6,6,4,16,0,0,0,0,0,0,6,6,4,16,0,0,0,16
03/12/2019,HOB,NM,ASW,CE,Federal Contract Tower,0,4,5,0,9,0,0,0,0,0,0,4,5,0,9,0,0,0,9
03/13/2019,HOB,NM,ASW,CE,Federal Contract Tower,0,4,1,0,5,0,1,4,0,5,0,5,5,0,10,0,0,0,10
03/14/2019,HOB,NM,ASW,CE,Federal Contract Tower,0,3,6,0,9,0,7,17,2,26,0,10,23,2,35,6,12,18,53
03/15/2019,HOB,NM,ASW,CE,Federal Contract Tower,0,5,4,0,9,0,3,19,0,22,0,8,23,0,31,0,0,0,31
03/16/2019,HOB,NM,ASW,CE,Federal Contract Tower,0,1,5,0,6,0,2,17,2,21,0,3,22,2,27,0,4,4,31
03/17/2019,HOB,NM,ASW,CE,Federal Contract Tower,0,5,1,0,6,0,0,16,2,18,0,5,17,2,24,0,0,0,24
03/18/2019,HOB,NM,ASW,CE,Federal Contract Tower,0,5,8,0,13,0,1,23,0,24,0,6,31,0,37,0,0,0,37
03/19/2019,HOB,NM,ASW,CE,Federal Contract Tower,0,4,9,0,13,0,2,21,0,23,0,6,30,0,36,0,0,0,36
03/20/2019,HOB,NM,ASW,CE,Federal Contract Tower,0,4,8,0,12,0,1,9,4,14,0,5,17,4,26,0,18,18,44
03/21/2019,HOB,NM,ASW,CE,Federal Contract Tower,0,3,2,0,5,0,2,11,10,23,0,5,13,10,28,0,98,98,126
03/22/2019,HOB,NM,ASW,CE,Federal Contract Tower,0,4,2,0,6,0,3,3,0,6,0,7,5,0,12,0,0,0,12
03/23/2019,HOB,NM,ASW,CE,Federal Contract Tower,0,1,3,0,4,0,4,17,6,27,0,5,20,6,31,0,62,62,93
03/24/2019,HOB,NM,ASW,CE,Federal Contract Tower,0,3,4,0,7,0,0,11,0,11,0,3,15,0,18,2,0,2,20
03/25/2019,HOB,NM,ASW,CE,Federal Contract Tower,0,3,6,0,9,0,2,5,4,11,0,5,11,4,20,0,14,14,34
03/26/2019,HOB,NM,ASW,CE,Federal Contract Tower,0,5,8,0,13,0,5,3,0,8,0,10,11,0,21,2,0,2,23
03/27/2019,HOB,NM,ASW,CE,Federal Contract Tower,0,10,4,0,14,0,2,9,6,17,0,12,13,6,31,8,62,70,101
03/28/2019,HOB,NM,ASW,CE,Federal Contract Tower,0,4,3,0,7,0,3,11,0,14,0,7,14,0,21,0,0,0,21
03/29/2019,HOB,NM,ASW,CE,Federal Contract Tower,0,3,5,0,8,0,4,12,4,20,0,7,17,4,28,2,28,30,58
03/30/2019,HOB,NM,ASW,CE,Federal Contract Tower,0,1,2,0,3,0,0,3,2,5,0,1,5,2,8,0,0,0,8
03/31/2019,HOB,NM,ASW,CE,Federal Contract Tower,0,3,0,0,3,0,1,8,0,9,0,4,8,0,12,4,0,4,16
04/01/2019,HOB,NM,ASW,CE,Federal Contract Tower,0,3,3,0,6,0,2,15,0,17,0,5,18,0,23,0,0,0,23
04/02/2019,HOB,NM,ASW,CE,Federal Contract Tower,0,3,7,0,10,0,2,14,0,16,0,5,21,0,26,6,0,6,32
04/03/2019,HOB,NM,ASW,CE,Federal Contract Tower,0,4,2,4,10,0,3,5,0,8,0,7,7,4,18,0,0,0,18
04/04/2019,HOB,NM,ASW,CE,Federal Contract Tower,0,3,8,0,11,0,2,13,2,17,0,5,21,2,28,0,24,24,52
04/05/2019,HOB,NM,ASW,CE,Federal Contract Tower,0,3,2,0,5,0,4,14,6,24,0,7,16,6,29,0,52,52,81
04/06/2019,HOB,NM,ASW,CE,Federal Contract Tower,0,1,2,0,3,0,0,21,0,21,0,1,23,0,24,0,0,0,24
04/07/2019,HOB,NM,ASW,CE,Federal Contract Tower,0,1,4,0,5,0,2,0,0,2,0,3,4,0,7,8,0,8,15
04/08/2019,HOB,NM,ASW,CE,Federal Contract Tower,0,2,7,0,9,0,2,12,8,22,0,4,19,8,31,0,0,0,31
04/09/2019,HOB,NM,ASW,CE,Federal Contract Tower,0,3,7,8,18,0,2,8,2,12,0,5,15,10,30,0,4,4,34
04/10/2019,HOB,NM,ASW,CE,Federal Contract Tower,0,5,0,0,5,0,3,5,0,8,0,8,5,0,13,0,0,0,13
04/11/2019,HOB,NM,ASW,CE,Federal Contract Tower,0,3,3,0,6,0,4,13,0,17,0,7,16,0,23,0,0,0,23
04/12/2019,HOB,NM,ASW,CE,Federal Contract Tower,0,4,4,0,8,0,5,7,0,12,0,9,11,0,20,0,0,0,20
04/13/2019,HOB,NM,ASW,CE,Federal Contract Tower,0,1,0,0,1,0,0,3,0,3,0,1,3,0,4,0,0,0,4
04/14/2019,HOB,NM,ASW,CE,Federal Contract Tower,0,3,1,0,4,0,0,6,0,6,0,3,7,0,10,0,0,0,10
04/15/2019,HOB,NM,ASW,CE,Federal Contract Tower,0,3,6,0,9,0,4,18,2,24,0,7,24,2,33,0,0,0,33
04/16/2019,HOB,NM,ASW,CE,Federal Contract Tower,0,5,5,0,10,0,2,13,0,15,0,7,18,0,25,0,0,0,25
04/17/2019,HOB,NM,ASW,CE,Federal Contract Tower,0,5,2,0,7,0,6,15,0,21,0,11,17,0,28,0,0,0,28
04/18/2019,HOB,NM,ASW,CE,Federal Contract Tower,0,5,7,0,12,0,2,16,0,18,0,7,23,0,30,0,0,0,30
04/19/2019,HOB,NM,ASW,CE,Federal Contract Tower,0,3,4,0,7,0,5,18,0,23,0,8,22,0,30,0,0,0,30
04/20/2019,HOB,NM,ASW,CE,Federal Contract Tower,0,1,1,0,2,0,0,17,0,17,0,1,18,0,19,0,0,0,19
04/21/2019,HOB,NM,ASW,CE,Federal Contract Tower,0,3,0,0,3,0,0,5,0,5,0,3,5,0,8,0,0,0,8
04/22/2019,HOB,NM,ASW,CE,Federal Contract Tower,0,3,10,0,13,0,4,5,0,9,0,7,15,0,22,0,0,0,22
04/23/2019,HOB,NM,ASW,CE,Federal Contract Tower,0,3,14,0,17,0,2,2,0,4,0,5,16,0,21,10,0,10,31
04/24/2019,HOB,NM,ASW,CE,Federal Contract Tower,0,5,7,0,12,0,2,16,0,18,0,7,23,0,30,16,0,16,46
04/25/2019,HOB,NM,ASW,CE,Federal Contract Tower,0,3,1,0,4,0,2,18,0,20,0,5,19,0,24,14,0,14,38
04/26/2019,HOB,NM,ASW,CE,Federal Contract Tower,0,3,1,0,4,0,3,13,0,16,0,6,14,0,20,6,0,6,26
04/27/2019,HOB,NM,ASW,CE,Federal Contract Tower,0,1,0,0,1,0,0,7,12,19,0,1,7,12,20,0,0,0,20
04/28/2019,HOB,NM,ASW,CE,Federal Contract Tower,0,7,2,0,9,0,0,4,2,6,0,7,6,2,15,2,0,2,17
04/29/2019,HOB,NM,ASW,CE,Federal Contract Tower,0,5,1,0,6,0,4,8,0,12,0,9,9,0,18,0,0,0,18
04/30/2019,HOB,NM,ASW,CE,Federal Contract Tower,0,5,2,0,7,0,3,2,0,5,0,8,4,0,12,0,0,0,12
05/01/2019,HOB,NM,ASW,CE,Federal Contract Tower,0,3,3,4,10,0,2,6,0,8,0,5,9,4,18,0,0,0,18
05/02/2019,HOB,NM,ASW,CE,Federal Contract Tower,0,3,8,0,11,0,4,13,0,17,0,7,21,0,28,0,0,0,28
05/03/2019,HOB,NM,ASW,CE,Federal Contract Tower,0,1,8,0,9,0,2,3,0,5,0,3,11,0,14,0,0,0,14
05/04/2019,HOB,NM,ASW,CE,Federal Contract Tower,0,1,0,0,1,0,0,17,4,21,0,1,17,4,22,4,0,4,26
05/05/2019,HOB,NM,ASW,CE,Federal Contract Tower,0,3,2,0,5,0,0,7,0,7,0,3,9,0,12,0,0,0,12
05/06/2019,HOB,NM,ASW,CE,Federal Contract Tower,0,3,5,0,8,0,2,9,0,11,0,5,14,0,19,0,0,0,19
05/07/2019,HOB,NM,ASW,CE,Federal Contract Tower,0,5,1,0,6,0,2,12,0,14,0,7,13,0,20,0,0,0,20
05/08/2019,HOB,NM,ASW,CE,Federal Contract Tower,0,3,1,0,4,0,2,8,6,16,0,5,9,6,20,0,0,0,20
05/09/2019,HOB,NM,ASW,CE,Federal Contract Tower,0,6,1,0,7,0,5,7,0,12,0,11,8,0,19,0,0,0,19
05/10/2019,HOB,NM,ASW,CE,Federal Contract Tower,0,5,2,0,7,0,3,0,0,3,0,8,2,0,10,0,0,0,10
05/11/2019,HOB,NM,ASW,CE,Federal Contract Tower,0,1,0,0,1,0,1,7,0,8,0,2,7,0,9,0,0,0,9
05/12/2019,HOB,NM,ASW,CE,Federal Contract Tower,0,3,3,0,6,0,0,5,0,5,0,3,8,0,11,0,0,0,11
05/13/2019,HOB,NM,ASW,CE,Federal Contract Tower,0,5,0,0,5,0,4,0,0,4,0,9,0,0,9,0,0,0,9
05/14/2019,HOB,NM,ASW,CE,Federal Contract Tower,0,3,5,0,8,0,2,22,0,24,0,5,27,0,32,4,0,4,36
05/15/2019,HOB,NM,ASW,CE,Federal Contract Tower,0,3,1,0,4,0,2,13,0,15,0,5,14,0,19,0,0,0,19
05/16/2019,HOB,NM,ASW,CE,Federal Contract Tower,0,3,4,0,7,0,2,6,0,8,0,5,10,0,15,2,0,2,17
05/17/2019,HOB,NM,ASW,CE,Federal Contract Tower,0,3,2,0,5,0,2,4,0,6,0,5,6,0,11,0,0,0,11
05/19/2019,HOB,NM,ASW,CE,Federal Contract Tower,0,3,0,0,3,0,0,8,0,8,0,3,8,0,11,4,0,4,15
05/20/2019,HOB,NM,ASW,CE,Federal Contract Tower,0,4,1,0,5,0,2,2,0,4,0,6,3,0,9,0,0,0,9
05/21/2019,HOB,NM,ASW,CE,Federal Contract Tower,0,4,1,0,5,0,2,8,0,10,0,6,9,0,15,4,0,4,19
05/22/2019,HOB,NM,ASW,CE,Federal Contract Tower,0,3,6,0,9,0,2,18,0,20,0,5,24,0,29,0,0,0,29
05/23/2019,HOB,NM,ASW,CE,Federal Contract Tower,0,3,4,0,7,0,4,15,0,19,0,7,19,0,26,2,0,2,28
05/24/2019,HOB,NM,ASW,CE,Federal Contract Tower,0,5,2,0,7,0,2,6,0,8,0,7,8,0,15,6,0,6,21
05/25/2019,HOB,NM,ASW,CE,Federal Contract Tower,0,1,1,0,2,0,1,7,0,8,0,2,8,0,10,0,0,0,10
05/26/2019,HOB,NM,ASW,CE,Federal Contract Tower,0,5,0,0,5,0,1,2,0,3,0,6,2,0,8,0,0,0,8
05/27/2019,HOB,NM,ASW,CE,Federal Contract Tower,0,3,3,0,6,0,0,10,0,10,0,3,13,0,16,12,0,12,28
05/28/2019,HOB,NM,ASW,CE,Federal Contract Tower,0,3,3,0,6,0,2,12,0,14,0,5,15,0,20,0,0,0,20
05/29/2019,HOB,NM,ASW,CE,Federal Contract Tower,0,3,11,0,14,0,2,13,2,17,0,5,24,2,31,0,0,0,31
05/30/2019,HOB,NM,ASW,CE,Federal Contract Tower,0,5,9,0,14,0,2,9,0,11,0,7,18,0,25,0,0,0,25
05/31/2019,HOB,NM,ASW,CE,Federal Contract Tower,0,3,2,0,5,0,4,6,5,15,0,7,8,5,20,0,0,0,20
06/01/2019,HOB,NM,ASW,CE,Federal Contract Tower,0,1,0,0,1,0,0,2,0,2,0,1,2,0,3,0,0,0,3
06/02/2019,HOB,NM,ASW,CE,Federal Contract Tower,0,3,0,0,3,0,0,3,0,3,0,3,3,0,6,10,0,10,16
06/03/2019,HOB,NM,ASW,CE,Federal Contract Tower,0,4,3,0,7,0,7,21,0,28,0,11,24,0,35,0,0,0,35
06/04/2019,HOB,NM,ASW,CE,Federal Contract Tower,0,3,5,1,9,0,4,13,1,18,0,7,18,2,27,0,0,0,27
06/05/2019,HOB,NM,ASW,CE,Federal Contract Tower,0,3,6,0,9,0,3,15,0,18,0,6,21,0,27,0,0,0,27
06/06/2019,HOB,NM,ASW,CE,Federal Contract Tower,0,2,2,0,4,0,1,31,0,32,0,3,33,0,36,0,0,0,36
06/07/2019,HOB,NM,ASW,CE,Federal Contract Tower,0,3,2,0,5,0,2,18,0,20,0,5,20,0,25,16,0,16,41
06/08/2019,HOB,NM,ASW,CE,Federal Contract Tower,0,1,5,0,6,0,2,5,0,7,0,3,10,0,13,2,0,2,15
06/09/2019,HOB,NM,ASW,CE,Federal Contract Tower,0,3,5,0,8,0,0,2,0,2,0,3,7,0,10,0,0,0,10
06/10/2019,HOB,NM,ASW,CE,Federal Contract Tower,0,5,2,0,7,0,2,4,0,6,0,7,6,0,13,0,0,0,13
06/11/2019,HOB,NM,ASW,CE,Federal Contract Tower,0,3,3,0,6,0,2,17,0,19,0,5,20,0,25,6,0,6,31
06/12/2019,HOB,NM,ASW,CE,Federal Contract Tower,0,5,6,0,11,0,4,10,0,14,0,9,16,0,25,0,0,0,25
06/13/2019,HOB,NM,ASW,CE,Federal Contract Tower,0,5,2,0,7,0,2,14,0,16,0,7,16,0,23,6,0,6,29
06/14/2019,HOB,NM,ASW,CE,Federal Contract Tower,0,5,0,0,5,0,2,10,0,12,0,7,10,0,17,0,0,0,17
06/15/2019,HOB,NM,ASW,CE,Federal Contract Tower,0,1,2,0,3,0,0,12,0,12,0,1,14,0,15,0,0,0,15
06/16/2019,HOB,NM,ASW,CE,Federal Contract Tower,0,3,1,0,4,0,0,9,0,9,0,3,10,0,13,0,0,0,13
06/17/2019,HOB,NM,ASW,CE,Federal Contract Tower,0,4,2,0,6,0,2,11,0,13,0,6,13,0,19,0,0,0,19
06/18/2019,HOB,NM,ASW,CE,Federal Contract Tower,0,6,1,0,7,0,2,14,0,16,0,8,15,0,23,0,0,0,23
06/19/2019,HOB,NM,ASW,CE,Federal Contract Tower,0,3,0,0,3,0,2,8,0,10,0,5,8,0,13,2,0,2,15
06/20/2019,HOB,NM,ASW,CE,Federal Contract Tower,0,3,3,0,6,0,2,29,0,31,0,5,32,0,37,4,0,4,41
06/21/2019,HOB,NM,ASW,CE,Federal Contract Tower,0,3,3,0,6,0,2,11,0,13,0,5,14,0,19,0,0,0,19
06/22/2019,HOB,NM,ASW,CE,Federal Contract Tower,0,3,4,0,7,0,0,7,0,7,0,3,11,0,14,0,0,0,14
06/23/2019,HOB,NM,ASW,CE,Federal Contract Tower,0,3,4,0,7,0,0,20,0,20,0,3,24,0,27,0,0,0,27
06/24/2019,HOB,NM,ASW,CE,Federal Contract Tower,0,3,1,0,4,0,2,12,0,14,0,5,13,0,18,0,0,0,18
06/25/2019,HOB,NM,ASW,CE,Federal Contract Tower,0,6,7,0,13,0,4,10,0,14,0,10,17,0,27,0,0,0,27
06/26/2019,HOB,NM,ASW,CE,Federal Contract Tower,0,3,1,0,4,0,2,22,0,24,0,5,23,0,28,0,0,0,28
06/27/2019,HOB,NM,ASW,CE,Federal Contract Tower,0,6,3,0,9,0,2,25,0,27,0,8,28,0,36,0,0,0,36
06/28/2019,HOB,NM,ASW,CE,Federal Contract Tower,0,3,3,0,6,0,2,23,0,25,0,5,26,0,31,0,0,0,31
06/29/2019,HOB,NM,ASW,CE,Federal Contract Tower,0,1,1,0,2,0,0,31,2,33,0,1,32,2,35,6,0,6,41
06/30/2019,HOB,NM,ASW,CE,Federal Contract Tower,0,3,1,0,4,0,0,13,0,13,0,3,14,0,17,4,0,4,21
07/01/2019,HOB,NM,ASW,CE,Federal Contract Tower,0,2,4,0,6,0,4,8,0,12,0,6,12,0,18,6,0,6,24
07/02/2019,HOB,NM,ASW,CE,Federal Contract Tower,0,3,4,0,7,0,2,16,0,18,0,5,20,0,25,0,0,0,25
07/03/2019,HOB,NM,ASW,CE,Federal Contract Tower,0,2,2,0,4,0,2,15,0,17,0,4,17,0,21,4,0,4,25
07/04/2019,HOB,NM,ASW,CE,Federal Contract Tower,0,3,4,0,7,0,0,14,0,14,0,3,18,0,21,0,0,0,21
07/05/2019,HOB,NM,ASW,CE,Federal Contract Tower,0,3,4,0,7,0,2,6,0,8,0,5,10,0,15,2,0,2,17
07/06/2019,HOB,NM,ASW,CE,Federal Contract Tower,0,1,0,0,1,0,4,8,0,12,0,5,8,0,13,0,0,0,13
07/07/2019,HOB,NM,ASW,CE,Federal Contract Tower,0,3,2,0,5,0,1,9,0,10,0,4,11,0,15,0,0,0,15
07/08/2019,HOB,NM,ASW,CE,Federal Contract Tower,0,4,3,0,7,0,2,9,0,11,0,6,12,0,18,0,0,0,18
07/09/2019,HOB,NM,ASW,CE,Federal Contract Tower,0,3,3,0,6,0,6,11,0,17,0,9,14,0,23,18,0,18,41
07/10/2019,HOB,NM,ASW,CE,Federal Contract Tower,0,4,2,0,6,0,2,15,0,17,0,6,17,0,23,0,0,0,23
07/11/2019,HOB,NM,ASW,CE,Federal Contract Tower,0,3,6,0,9,0,4,11,0,15,0,7,17,0,24,0,0,0,24
07/12/2019,HOB,NM,ASW,CE,Federal Contract Tower,0,3,7,0,10,0,2,12,0,14,0,5,19,0,24,0,0,0,24
07/13/2019,HOB,NM,ASW,CE,Federal Contract Tower,0,1,2,0,3,0,0,7,0,7,0,1,9,0,10,0,0,0,10
07/14/2019,HOB,NM,ASW,CE,Federal Contract Tower,0,3,1,0,4,0,0,8,0,8,0,3,9,0,12,4,0,4,16
07/15/2019,HOB,NM,ASW,CE,Federal Contract Tower,0,3,0,0,3,0,3,15,0,18,0,6,15,0,21,0,0,0,21
07/16/2019,HOB,NM,ASW,CE,Federal Contract Tower,0,3,0,0,3,0,3,14,0,17,0,6,14,0,20,6,0,6,26
07/17/2019,HOB,NM,ASW,CE,Federal Contract Tower,0,3,0,0,3,0,2,2,0,4,0,5,2,0,7,0,0,0,7
07/18/2019,HOB,NM,ASW,CE,Federal Contract Tower,0,3,4,0,7,0,4,15,0,19,0,7,19,0,26,0,0,0,26
07/19/2019,HOB,NM,ASW,CE,Federal Contract Tower,0,3,7,0,10,0,2,21,0,23,0,5,28,0,33,12,0,12,45
07/20/2019,HOB,NM,ASW,CE,Federal Contract Tower,0,1,2,0,3,0,0,16,0,16,0,1,18,0,19,0,0,0,19
07/21/2019,HOB,NM,ASW,CE,Federal Contract Tower,0,3,2,0,5,0,0,12,0,12,0,3,14,0,17,2,0,2,19
07/22/2019,HOB,NM,ASW,CE,Federal Contract Tower,0,3,3,0,6,0,2,3,0,5,0,5,6,0,11,0,0,0,11
07/23/2019,HOB,NM,ASW,CE,Federal Contract Tower,0,3,4,0,7,0,5,10,0,15,0,8,14,0,22,2,0,2,24
07/24/2019,HOB,NM,ASW,CE,Federal Contract Tower,0,2,6,0,8,0,6,21,0,27,0,8,27,0,35,6,0,6,41
07/25/2019,HOB,NM,ASW,CE,Federal Contract Tower,0,3,5,0,8,0,2,6,0,8,0,5,11,0,16,0,0,0,16
07/26/2019,HOB,NM,ASW,CE,Federal Contract Tower,0,3,1,8,12,0,4,3,0,7,0,7,4,8,19,0,0,0,19
07/27/2019,HOB,NM,ASW,CE,Federal Contract Tower,0,2,3,0,5,0,3,10,0,13,0,5,13,0,18,0,0,0,18
07/28/2019,HOB,NM,ASW,CE,Federal Contract Tower,0,3,2,0,5,0,0,6,0,6,0,3,8,0,11,0,0,0,11
07/29/2019,HOB,NM,ASW,CE,Federal Contract Tower,0,3,2,0,5,0,2,11,0,13,0,5,13,0,18,6,0,6,24
07/30/2019,HOB,NM,ASW,CE,Federal Contract Tower,0,3,6,0,9,0,5,10,0,15,0,8,16,0,24,0,0,0,24
07/31/2019,HOB,NM,ASW,CE,Federal Contract Tower,0,3,4,0,7,0,3,20,0,23,0,6,24,0,30,0,0,0,30
08/01/2019,HOB,NM,ASW,CE,Federal Contract Tower,0,5,7,0,12,0,2,14,0,16,0,7,21,0,28,0,0,0,28
08/02/2019,HOB,NM,ASW,CE,Federal Contract Tower,0,2,2,0,4,0,4,16,0,20,0,6,18,0,24,8,0,8,32
08/03/2019,HOB,NM,ASW,CE,Federal Contract Tower,0,1,1,0,2,0,0,12,0,12,0,1,13,0,14,12,0,12,26
08/04/2019,HOB,NM,ASW,CE,Federal Contract Tower,0,3,3,0,6,0,0,3,0,3,0,3,6,0,9,0,0,0,9
08/05/2019,HOB,NM,ASW,CE,Federal Contract Tower,0,4,8,0,12,0,3,3,0,6,0,7,11,0,18,0,0,0,18
08/06/2019,HOB,NM,ASW,CE,Federal Contract Tower,0,2,3,0,5,0,0,0,0,0,0,2,3,0,5,0,0,0,5
08/07/2019,HOB,NM,ASW,CE,Federal Contract Tower,0,3,6,0,9,0,2,14,0,16,0,5,20,0,25,2,0,2,27
08/08/2019,HOB,NM,ASW,CE,Federal Contract Tower,0,4,2,0,6,0,2,11,0,13,0,6,13,0,19,0,0,0,19
08/09/2019,HOB,NM,ASW,CE,Federal Contract Tower,0,4,6,0,10,0,5,9,0,14,0,9,15,0,24,0,0,0,24
08/10/2019,HOB,NM,ASW,CE,Federal Contract Tower,0,1,0,0,1,0,2,14,0,16,0,3,14,0,17,0,0,0,17
08/11/2019,HOB,NM,ASW,CE,Federal Contract Tower,0,5,4,0,9,0,2,7,0,9,0,7,11,0,18,0,0,0,18
08/12/2019,HOB,NM,ASW,CE,Federal Contract Tower,0,3,3,0,6,0,2,10,2,14,0,5,13,2,20,12,0,12,32
08/13/2019,HOB,NM,ASW,CE,Federal Contract Tower,0,4,2,0,6,0,4,17,0,21,0,8,19,0,27,0,0,0,27
08/14/2019,HOB,NM,ASW,CE,Federal Contract Tower,0,4,3,0,7,0,2,12,0,14,0,6,15,0,21,0,0,0,21
08/15/2019,HOB,NM,ASW,CE,Federal Contract Tower,0,2,2,0,4,0,5,10,0,15,0,7,12,0,19,0,0,0,19
08/16/2019,HOB,NM,ASW,CE,Federal Contract Tower,0,3,3,0,6,0,2,8,0,10,0,5,11,0,16,0,0,0,16
08/17/2019,HOB,NM,ASW,CE,Federal Contract Tower,0,1,3,0,4,0,0,16,0,16,0,1,19,0,20,0,0,0,20
08/18/2019,HOB,NM,ASW,CE,Federal Contract Tower,0,3,3,0,6,0,0,3,0,3,0,3,6,0,9,0,0,0,9
08/19/2019,HOB,NM,ASW,CE,Federal Contract Tower,0,3,2,0,5,0,2,7,0,9,0,5,9,0,14,0,0,0,14
08/20/2019,HOB,NM,ASW,CE,Federal Contract Tower,0,3,5,0,8,0,2,17,0,19,0,5,22,0,27,10,0,10,37
08/21/2019,HOB,NM,ASW,CE,Federal Contract Tower,0,2,6,0,8,0,2,11,0,13,0,4,17,0,21,4,0,4,25
08/22/2019,HOB,NM,ASW,CE,Federal Contract Tower,0,3,3,4,10,0,4,5,0,9,0,7,8,4,19,0,6,6,25
08/23/2019,HOB,NM,ASW,CE,Federal Contract Tower,0,3,5,2,10,0,2,14,0,16,0,5,19,2,26,0,0,0,26
08/24/2019,HOB,NM,ASW,CE,Federal Contract Tower,0,1,1,0,2,0,2,23,0,25,0,3,24,0,27,0,0,0,27
08/25/2019,HOB,NM,ASW,CE,Federal Contract Tower,0,3,1,0,4,0,2,18,0,20,0,5,19,0,24,4,0,4,28
08/26/2019,HOB,NM,ASW,CE,Federal Contract Tower,0,3,4,0,7,0,6,11,0,17,0,9,15,0,24,0,0,0,24
08/27/2019,HOB,NM,ASW,CE,Federal Contract Tower,0,4,13,2,19,0,2,3,0,5,0,6,16,2,24,0,0,0,24
08/28/2019,HOB,NM,ASW,CE,Federal Contract Tower,0,4,1,0,5,0,3,15,0,18,0,7,16,0,23,6,0,6,29
08/29/2019,HOB,NM,ASW,CE,Federal Contract Tower,0,3,5,0,8,0,2,24,2,28,0,5,29,2,36,0,0,0,36
08/30/2019,HOB,NM,ASW,CE,Federal Contract Tower,0,3,4,0,7,0,2,9,0,11,0,5,13,0,18,0,0,0,18
08/31/2019,HOB,NM,ASW,CE,Federal Contract Tower,0,1,2,0,3,0,0,10,0,10,0,1,12,0,13,0,0,0,13
09/01/2019,HOB,NM,ASW,CE,Federal Contract Tower,0,3,0,0,3,0,0,10,0,10,0,3,10,0,13,6,0,6,19
09/02/2019,HOB,NM,ASW,CE,Federal Contract Tower,0,3,2,0,5,0,0,12,0,12,0,3,14,0,17,0,0,0,17
09/03/2019,HOB,NM,ASW,CE,Federal Contract Tower,0,2,6,0,8,0,2,9,0,11,0,4,15,0,19,0,0,0,19
09/04/2019,HOB,NM,ASW,CE,Federal Contract Tower,0,4,1,0,5,0,3,18,0,21,0,7,19,0,26,0,0,0,26
09/05/2019,HOB,NM,ASW,CE,Federal Contract Tower,0,3,3,0,6,0,1,8,0,9,0,4,11,0,15,6,0,6,21
09/06/2019,HOB,NM,ASW,CE,Federal Contract Tower,0,3,2,0,5,0,2,7,0,9,0,5,9,0,14,0,0,0,14
09/08/2019,HOB,NM,ASW,CE,Federal Contract Tower,0,4,3,0,7,0,1,10,0,11,0,5,13,0,18,12,0,12,30
09/09/2019,HOB,NM,ASW,CE,Federal Contract Tower,0,3,3,0,6,0,0,7,1,8,0,3,10,1,14,0,0,0,14
09/10/2019,HOB,NM,ASW,CE,Federal Contract Tower,0,3,7,0,10,0,2,17,6,25,0,5,24,6,35,0,0,0,35
09/12/2019,HOB,NM,ASW,CE,Federal Contract Tower,0,3,8,0,11,0,2,13,0,15,0,5,21,0,26,12,0,12,38
09/13/2019,HOB,NM,ASW,CE,Federal Contract Tower,0,3,0,0,3,0,1,10,0,11,0,4,10,0,14,0,0,0,14
09/14/2019,HOB,NM,ASW,CE,Federal Contract Tower,0,0,1,0,1,0,0,2,0,2,0,0,3,0,3,0,0,0,3
09/15/2019,HOB,NM,ASW,CE,Federal Contract Tower,0,3,0,0,3,0,0,10,0,10,0,3,10,0,13,16,0,16,29
09/16/2019,HOB,NM,ASW,CE,Federal Contract Tower,0,3,3,0,6,0,0,18,2,20,0,3,21,2,26,0,4,4,30
09/17/2019,HOB,NM,ASW,CE,Federal Contract Tower,0,3,2,0,5,0,2,19,0,21,0,5,21,0,26,0,0,0,26
09/18/2019,HOB,NM,ASW,CE,Federal Contract Tower,0,3,7,0,10,0,4,11,2,17,0,7,18,2,27,0,0,0,27
09/19/2019,HOB,NM,ASW,CE,Federal Contract Tower,0,3,4,0,7,0,2,9,0,11,0,5,13,0,18,10,0,10,28
09/20/2019,HOB,NM,ASW,CE,Federal Contract Tower,0,3,5,2,10,0,1,15,0,16,0,4,20,2,26,0,0,0,26
09/21/2019,HOB,NM,ASW,CE,Federal Contract Tower,0,1,1,0,2,0,0,6,0,6,0,1,7,0,8,6,0,6,14
09/22/2019,HOB,NM,ASW,CE,Federal Contract Tower,0,3,5,0,8,0,0,10,0,10,0,3,15,0,18,14,0,14,32
09/23/2019,HOB,NM,ASW,CE,Federal Contract Tower,0,3,6,0,9,0,0,16,0,16,0,3,22,0,25,0,0,0,25
09/24/2019,HOB,NM,ASW,CE,Federal Contract Tower,0,5,1,0,6,0,1,8,0,9,0,6,9,0,15,0,0,0,15
09/25/2019,HOB,NM,ASW,CE,Federal Contract Tower,0,5,4,0,9,0,1,19,0,20,0,6,23,0,29,4,0,4,33
09/26/2019,HOB,NM,ASW,CE,Federal Contract Tower,0,3,4,0,7,0,3,18,0,21,0,6,22,0,28,2,0,2,30
09/27/2019,HOB,NM,ASW,CE,Federal Contract Tower,0,3,3,0,6,0,1,6,0,7,0,4,9,0,13,0,0,0,13
09/28/2019,HOB,NM,ASW,CE,Federal Contract Tower,0,1,0,0,1,0,0,15,0,15,0,1,15,0,16,2,0,2,18
09/29/2019,HOB,NM,ASW,CE,Federal Contract Tower,0,2,3,0,5,0,0,9,0,9,0,2,12,0,14,14,0,14,28
10/01/2019,HOB,NM,ASW,CE,Federal Contract Tower,0,3,6,0,9,0,3,15,0,18,0,6,21,0,27,0,0,0,27
10/02/2019,HOB,NM,ASW,CE,Federal Contract Tower,0,3,4,0,7,0,2,13,0,15,0,5,17,0,22,0,0,0,22
10/03/2019,HOB,NM,ASW,CE,Federal Contract Tower,0,4,4,0,8,0,3,12,0,15,0,7,16,0,23,0,0,0,23
10/04/2019,HOB,NM,ASW,CE,Federal Contract Tower,0,6,12,0,18,0,0,12,0,12,0,6,24,0,30,0,0,0,30
10/05/2019,HOB,NM,ASW,CE,Federal Contract Tower,0,2,3,0,5,0,0,12,0,12,0,2,15,0,17,0,0,0,17
10/06/2019,HOB,NM,ASW,CE,Federal Contract Tower,0,3,2,0,5,0,0,10,0,10,0,3,12,0,15,0,0,0,15
10/07/2019,HOB,NM,ASW,CE,Federal Contract Tower,0,2,3,0,5,0,2,15,0,17,0,4,18,0,22,2,0,2,24
10/08/2019,HOB,NM,ASW,CE,Federal Contract Tower,0,3,7,0,10,0,2,15,0,17,0,5,22,0,27,8,0,8,35
10/09/2019,HOB,NM,ASW,CE,Federal Contract Tower,0,2,3,0,5,0,2,17,0,19,0,4,20,0,24,0,0,0,24
10/10/2019,HOB,NM,ASW,CE,Federal Contract Tower,0,3,4,0,7,0,1,13,0,14,0,4,17,0,21,0,0,0,21
10/11/2019,HOB,NM,ASW,CE,Federal Contract Tower,0,2,1,0,3,0,4,8,0,12,0,6,9,0,15,2,0,2,17
10/12/2019,HOB,NM,ASW,CE,Federal Contract Tower,0,1,3,0,4,0,0,5,0,5,0,1,8,0,9,0,0,0,9
10/13/2019,HOB,NM,ASW,CE,Federal Contract Tower,0,3,0,0,3,0,1,17,0,18,0,4,17,0,21,14,0,14,35
10/14/2019,HOB,NM,ASW,CE,Federal Contract Tower,0,4,2,0,6,0,4,9,0,13,0,8,11,0,19,0,0,0,19
10/15/2019,HOB,NM,ASW,CE,Federal Contract Tower,0,3,13,0,16,0,1,22,0,23,0,4,35,0,39,0,0,0,39
10/16/2019,HOB,NM,ASW,CE,Federal Contract Tower,0,5,8,0,13,0,2,22,0,24,0,7,30,0,37,0,0,0,37
10/17/2019,HOB,NM,ASW,CE,Federal Contract Tower,0,3,0,0,3,0,2,36,0,38,0,5,36,0,41,18,0,18,59
10/18/2019,HOB,NM,ASW,CE,Federal Contract Tower,0,4,9,0,13,0,1,21,0,22,0,5,30,0,35,0,0,0,35
10/19/2019,HOB,NM,ASW,CE,Federal Contract Tower,0,1,2,0,3,0,0,3,0,3,0,1,5,0,6,0,0,0,6
10/20/2019,HOB,NM,ASW,CE,Federal Contract Tower,0,4,7,1,12,0,0,13,0,13,0,4,20,1,25,0,0,0,25
10/21/2019,HOB,NM,ASW,CE,Federal Contract Tower,0,3,0,0,3,0,2,18,0,20,0,5,18,0,23,0,0,0,23
10/22/2019,HOB,NM,ASW,CE,Federal Contract Tower,0,3,4,0,7,0,2,33,0,35,0,5,37,0,42,0,0,0,42
10/23/2019,HOB,NM,ASW,CE,Federal Contract Tower,0,2,0,0,2,0,4,16,0,20,0,6,16,0,22,0,0,0,22
10/24/2019,HOB,NM,ASW,CE,Federal Contract Tower,0,3,8,0,11,0,3,10,0,13,0,6,18,0,24,0,0,0,24
10/25/2019,HOB,NM,ASW,CE,Federal Contract Tower,0,3,1,0,4,0,2,17,0,19,0,5,18,0,23,0,0,0,23
10/26/2019,HOB,NM,ASW,CE,Federal Contract Tower,0,1,1,0,2,0,0,12,0,12,0,1,13,0,14,0,0,0,14
10/27/2019,HOB,NM,ASW,CE,Federal Contract Tower,0,6,9,0,15,0,0,13,0,13,0,6,22,0,28,0,0,0,28
10/28/2019,HOB,NM,ASW,CE,Federal Contract Tower,0,5,7,0,12,0,4,5,0,9,0,9,12,0,21,0,0,0,21
10/29/2019,HOB,NM,ASW,CE,Federal Contract Tower,0,5,3,4,12,0,2,2,0,4,0,7,5,4,16,0,0,0,16
10/30/2019,HOB,NM,ASW,CE,Federal Contract Tower,0,6,5,0,11,0,1,0,0,1,0,7,5,0,12,0,0,0,12
10/31/2019,HOB,NM,ASW,CE,Federal Contract Tower,0,5,1,0,6,0,3,9,0,12,0,8,10,0,18,0,0,0,18
11/01/2019,HOB,NM,ASW,CE,Federal Contract Tower,0,5,6,0,11,0,2,21,0,23,0,7,27,0,34,10,0,10,44
11/02/2019,HOB,NM,ASW,CE,Federal Contract Tower,0,5,1,0,6,0,0,9,2,11,0,5,10,2,17,0,0,0,17
11/03/2019,HOB,NM,ASW,CE,Federal Contract Tower,0,5,0,0,5,0,0,23,0,23,0,5,23,0,28,0,0,0,28
11/04/2019,HOB,NM,ASW,CE,Federal Contract Tower,0,5,0,0,5,0,4,21,0,25,0,9,21,0,30,2,0,2,32
11/05/2019,HOB,NM,ASW,CE,Federal Contract Tower,0,7,8,0,15,0,2,23,0,25,0,9,31,0,40,10,0,10,50
11/06/2019,HOB,NM,ASW,CE,Federal Contract Tower,0,6,4,0,10,0,1,0,0,1,0,7,4,0,11,0,0,0,11
11/07/2019,HOB,NM,ASW,CE,Federal Contract Tower,0,8,3,0,11,0,0,0,0,0,0,8,3,0,11,0,0,0,11
11/08/2019,HOB,NM,ASW,CE,Federal Contract Tower,0,6,6,0,12,0,1,2,0,3,0,7,8,0,15,0,0,0,15
11/09/2019,HOB,NM,ASW,CE,Federal Contract Tower,0,5,1,0,6,0,28,0,0,28,0,33,1,0,34,0,0,0,34
11/10/2019,HOB,NM,ASW,CE,Federal Contract Tower,0,5,1,0,6,0,0,4,0,4,0,5,5,0,10,0,0,0,10
11/11/2019,HOB,NM,ASW,CE,Federal Contract Tower,0,5,6,0,11,0,2,8,0,10,0,7,14,0,21,0,0,0,21
11/12/2019,HOB,NM,ASW,CE,Federal Contract Tower,0,7,7,0,14,0,2,31,0,33,0,9,38,0,47,0,0,0,47
11/13/2019,HOB,NM,ASW,CE,Federal Contract Tower,0,5,5,0,10,0,2,22,0,24,0,7,27,0,34,0,0,0,34
11/14/2019,HOB,NM,ASW,CE,Federal Contract Tower,0,5,4,0,9,0,2,26,0,28,0,7,30,0,37,0,0,0,37
11/15/2019,HOB,NM,ASW,CE,Federal Contract Tower,0,5,6,0,11,0,2,14,0,16,0,7,20,0,27,0,0,0,27
11/16/2019,HOB,NM,ASW,CE,Federal Contract Tower,0,5,0,0,5,0,2,21,0,23,0,7,21,0,28,0,0,0,28
11/17/2019,HOB,NM,ASW,CE,Federal Contract Tower,0,5,1,0,6,0,0,11,0,11,0,5,12,0,17,0,0,0,17
11/18/2019,HOB,NM,ASW,CE,Federal Contract Tower,0,5,5,0,10,0,2,13,0,15,0,7,18,0,25,0,0,0,25
11/19/2019,HOB,NM,ASW,CE,Federal Contract Tower,0,5,6,0,11,0,4,22,0,26,0,9,28,0,37,0,0,0,37
11/20/2019,HOB,NM,ASW,CE,Federal Contract Tower,0,5,10,0,15,0,4,6,0,10,0,9,16,0,25,0,0,0,25
11/21/2019,HOB,NM,ASW,CE,Federal Contract Tower,0,12,5,0,17,0,0,0,0,0,0,12,5,0,17,0,0,0,17
11/22/2019,HOB,NM,ASW,CE,Federal Contract Tower,0,7,4,0,11,0,2,21,0,23,0,9,25,0,34,0,0,0,34
11/23/2019,HOB,NM,ASW,CE,Federal Contract Tower,0,5,0,0,5,0,0,11,0,11,0,5,11,0,16,0,0,0,16
11/24/2019,HOB,NM,ASW,CE,Federal Contract Tower,0,4,0,0,4,0,0,18,0,18,0,4,18,0,22,0,0,0,22
11/25/2019,HOB,NM,ASW,CE,Federal Contract Tower,0,5,4,0,9,0,4,5,0,9,0,9,9,0,18,0,0,0,18
11/26/2019,HOB,NM,ASW,CE,Federal Contract Tower,0,5,0,0,5,0,4,4,0,8,0,9,4,0,13,0,0,0,13
11/27/2019,HOB,NM,ASW,CE,Federal Contract Tower,0,6,1,0,7,0,5,1,0,6,0,11,2,0,13,0,0,0,13
11/28/2019,HOB,NM,ASW,CE,Federal Contract Tower,0,4,0,0,4,0,2,0,0,2,0,6,0,0,6,0,0,0,6
11/29/2019,HOB,NM,ASW,CE,Federal Contract Tower,0,5,0,0,5,0,2,2,0,4,0,7,2,0,9,0,0,0,9
11/30/2019,HOB,NM,ASW,CE,Federal Contract Tower,0,5,6,0,11,0,2,1,0,3,0,7,7,0,14,0,0,0,14
12/01/2019,HOB,NM,ASW,CE,Federal Contract Tower,0,4,4,0,8,0,0,12,0,12,0,4,16,0,20,0,0,0,20
12/02/2019,HOB,NM,ASW,CE,Federal Contract Tower,0,5,8,0,13,0,4,21,0,25,0,9,29,0,38,0,0,0,38
12/03/2019,HOB,NM,ASW,CE,Federal Contract Tower,0,5,9,1,15,0,6,17,1,24,0,11,26,2,39,8,0,8,47
12/04/2019,HOB,NM,ASW,CE,Federal Contract Tower,0,7,6,0,13,0,0,0,0,0,0,7,6,0,13,26,0,26,39
12/05/2019,HOB,NM,ASW,CE,Federal Contract Tower,0,5,5,0,10,0,4,13,0,17,0,9,18,0,27,0,0,0,27
12/06/2019,HOB,NM,ASW,CE,Federal Contract Tower,0,4,7,0,11,0,4,15,0,19,0,8,22,0,30,0,0,0,30
12/07/2019,HOB,NM,ASW,CE,Federal Contract Tower,0,3,18,0,21,0,3,0,0,3,0,6,18,0,24,2,0,2,26
12/08/2019,HOB,NM,ASW,CE,Federal Contract Tower,0,3,5,0,8,0,0,4,0,4,0,3,9,0,12,0,0,0,12
12/09/2019,HOB,NM,ASW,CE,Federal Contract Tower,0,5,9,0,14,0,2,5,0,7,0,7,14,0,21,0,0,0,21
12/10/2019,HOB,NM,ASW,CE,Federal Contract Tower,0,5,1,0,6,0,7,21,0,28,0,12,22,0,34,0,0,0,34
12/11/2019,HOB,NM,ASW,CE,Federal Contract Tower,0,5,7,0,12,0,1,0,0,1,0,6,7,0,13,0,0,0,13
12/12/2019,HOB,NM,ASW,CE,Federal Contract Tower,0,5,4,0,9,0,3,26,0,29,0,8,30,0,38,0,0,0,38
12/13/2019,HOB,NM,ASW,CE,Federal Contract Tower,0,5,2,0,7,0,2,1,0,3,0,7,3,0,10,0,0,0,10
12/14/2019,HOB,NM,ASW,CE,Federal Contract Tower,0,3,0,0,3,0,0,21,0,21,0,3,21,0,24,10,0,10,34
12/15/2019,HOB,NM,ASW,CE,Federal Contract Tower,0,3,12,0,15,0,0,6,0,6,0,3,18,0,21,0,0,0,21
12/16/2019,HOB,NM,ASW,CE,Federal Contract Tower,0,5,5,0,10,0,1,14,0,15,0,6,19,0,25,0,0,0,25
12/17/2019,HOB,NM,ASW,CE,Federal Contract Tower,0,5,6,0,11,0,3,22,0,25,0,8,28,0,36,0,0,0,36
12/18/2019,HOB,NM,ASW,CE,Federal Contract Tower,0,7,0,0,7,0,4,13,0,17,0,11,13,0,24,0,0,0,24
12/19/2019,HOB,NM,ASW,CE,Federal Contract Tower,0,5,1,0,6,0,2,20,0,22,0,7,21,0,28,16,0,16,44
12/20/2019,HOB,NM,ASW,CE,Federal Contract Tower,0,5,2,0,7,0,8,5,0,13,0,13,7,0,20,4,0,4,24
12/21/2019,HOB,NM,ASW,CE,Federal Contract Tower,0,3,0,0,3,0,0,11,0,11,0,3,11,0,14,10,0,10,24
12/22/2019,HOB,NM,ASW,CE,Federal Contract Tower,0,5,0,0,5,0,0,6,0,6,0,5,6,0,11,0,0,0,11
12/23/2019,HOB,NM,ASW,CE,Federal Contract Tower,0,5,1,0,6,0,2,16,0,18,0,7,17,0,24,0,0,0,24
12/24/2019,HOB,NM,ASW,CE,Federal Contract Tower,0,3,0,0,3,0,6,11,0,17,0,9,11,0,20,0,0,0,20
12/25/2019,HOB,NM,ASW,CE,Federal Contract Tower,0,5,0,0,5,0,0,0,0,0,0,5,0,0,5,0,0,0,5
12/26/2019,HOB,NM,ASW,CE,Federal Contract Tower,0,7,1,0,8,0,4,18,0,22,0,11,19,0,30,22,0,22,52
12/27/2019,HOB,NM,ASW,CE,Federal Contract Tower,0,10,3,0,13,0,2,3,0,5,0,12,6,0,18,0,0,0,18
12/28/2019,HOB,NM,ASW,CE,Federal Contract Tower,0,1,1,0,2,0,0,0,0,0,0,1,1,0,2,0,0,0,2
12/29/2019,HOB,NM,ASW,CE,Federal Contract Tower,0,8,1,0,9,0,0,3,0,3,0,8,4,0,12,0,0,0,12
12/30/2019,HOB,NM,ASW,CE,Federal Contract Tower,0,5,2,0,7,0,2,5,0,7,0,7,7,0,14,0,0,0,14
12/31/2019,HOB,NM,ASW,CE,Federal Contract Tower,0,5,4,0,9,0,2,21,0,23,0,7,25,0,32,6,0,6,38
01/01/2020,HOB,NM,ASW,CE,Federal Contract Tower,0,5,2,0,7,0,0,15,0,15,0,5,17,0,22,0,0,0,22
01/02/2020,HOB,NM,ASW,CE,Federal Contract Tower,0,7,3,0,10,0,6,17,0,23,0,13,20,0,33,0,0,0,33
01/03/2020,HOB,NM,ASW,CE,Federal Contract Tower,0,7,3,0,10,0,2,3,0,5,0,9,6,0,15,0,0,0,15
01/04/2020,HOB,NM,ASW,CE,Federal Contract Tower,0,3,1,0,4,0,2,17,0,19,0,5,18,0,23,16,0,16,39
01/05/2020,HOB,NM,ASW,CE,Federal Contract Tower,0,7,2,0,9,0,0,15,0,15,0,7,17,0,24,6,0,6,30
01/06/2020,HOB,NM,ASW,CE,Federal Contract Tower,0,5,0,0,5,0,4,5,0,9,0,9,5,0,14,0,0,0,14
01/07/2020,HOB,NM,ASW,CE,Federal Contract Tower,0,5,2,0,7,0,2,20,0,22,0,7,22,0,29,0,0,0,29
01/08/2020,HOB,NM,ASW,CE,Federal Contract Tower,0,5,0,0,5,0,2,8,0,10,0,7,8,0,15,0,0,0,15
01/09/2020,HOB,NM,ASW,CE,Federal Contract Tower,0,7,3,0,10,0,2,11,0,13,0,9,14,0,23,0,0,0,23
01/10/2020,HOB,NM,ASW,CE,Federal Contract Tower,0,7,1,0,8,0,4,1,0,5,0,11,2,0,13,0,0,0,13
01/11/2020,HOB,NM,ASW,CE,Federal Contract Tower,0,5,0,0,5,0,0,10,0,10,0,5,10,0,15,0,0,0,15
01/12/2020,HOB,NM,ASW,CE,Federal Contract Tower,0,7,0,0,7,0,0,12,0,12,0,7,12,0,19,8,0,8,27
01/13/2020,HOB,NM,ASW,CE,Federal Contract Tower,0,5,0,0,5,0,2,15,0,17,0,7,15,0,22,0,0,0,22
01/14/2020,HOB,NM,ASW,CE,Federal Contract Tower,0,4,5,0,9,0,4,9,0,13,0,8,14,0,22,0,0,0,22
01/15/2020,HOB,NM,ASW,CE,Federal Contract Tower,0,7,8,0,15,0,1,4,0,5,0,8,12,0,20,0,0,0,20
01/16/2020,HOB,NM,ASW,CE,Federal Contract Tower,0,9,3,0,12,0,1,0,0,1,0,10,3,0,13,0,0,0,13
01/17/2020,HOB,NM,ASW,CE,Federal Contract Tower,0,9,7,2,18,0,1,10,0,11,0,10,17,2,29,0,0,0,29
01/18/2020,HOB,NM,ASW,CE,Federal Contract Tower,0,5,5,0,10,0,0,6,0,6,0,5,11,0,16,0,0,0,16
01/19/2020,HOB,NM,ASW,CE,Federal Contract Tower,0,5,0,0,5,0,0,5,0,5,0,5,5,0,10,4,0,4,14
01/20/2020,HOB,NM,ASW,CE,Federal Contract Tower,0,5,5,0,10,0,2,16,0,18,0,7,21,0,28,0,0,0,28
01/21/2020,HOB,NM,ASW,CE,Federal Contract Tower,0,5,4,0,9,0,2,16,0,18,0,7,20,0,27,0,0,0,27
01/22/2020,HOB,NM,ASW,CE,Federal Contract Tower,0,4,6,0,10,0,2,13,0,15,0,6,19,0,25,0,0,0,25
01/23/2020,HOB,NM,ASW,CE,Federal Contract Tower,0,5,5,0,10,0,2,21,0,23,0,7,26,0,33,0,0,0,33
01/24/2020,HOB,NM,ASW,CE,Federal Contract Tower,0,5,7,0,12,0,2,7,0,9,0,7,14,0,21,0,0,0,21
01/25/2020,HOB,NM,ASW,CE,Federal Contract Tower,0,3,0,0,3,0,0,5,0,5,0,3,5,0,8,0,0,0,8
01/26/2020,HOB,NM,ASW,CE,Federal Contract Tower,0,7,1,0,8,0,0,10,0,10,0,7,11,0,18,0,0,0,18
01/27/2020,HOB,NM,ASW,CE,Federal Contract Tower,0,7,5,0,12,0,2,5,0,7,0,9,10,0,19,0,0,0,19
01/28/2020,HOB,NM,ASW,CE,Federal Contract Tower,0,5,3,0,8,0,2,14,2,18,0,7,17,2,26,0,14,14,40
01/29/2020,HOB,NM,ASW,CE,Federal Contract Tower,0,7,6,0,13,0,2,9,1,12,0,9,15,1,25,14,2,16,41
01/30/2020,HOB,NM,ASW,CE,Federal Contract Tower,0,5,5,0,10,0,1,9,0,10,0,6,14,0,20,0,0,0,20
01/31/2020,HOB,NM,ASW,CE,Federal Contract Tower,0,5,0,0,5,0,2,5,0,7,0,7,5,0,12,0,0,0,12
02/01/2020,HOB,NM,ASW,CE,Federal Contract Tower,0,1,3,0,4,0,1,16,0,17,0,2,19,0,21,0,0,0,21
02/02/2020,HOB,NM,ASW,CE,Federal Contract Tower,0,5,2,2,9,0,0,3,0,3,0,5,5,2,12,0,0,0,12
02/03/2020,HOB,NM,ASW,CE,Federal Contract Tower,0,5,5,0,10,0,1,3,0,4,0,6,8,0,14,0,0,0,14
02/05/2020,HOB,NM,ASW,CE,Federal Contract Tower,0,7,2,0,9,0,2,1,0,3,0,9,3,0,12,0,0,0,12
02/06/2020,HOB,NM,ASW,CE,Federal Contract Tower,0,6,2,0,8,0,4,8,0,12,0,10,10,0,20,0,0,0,20
02/07/2020,HOB,NM,ASW,CE,Federal Contract Tower,0,6,8,0,14,0,2,10,0,12,0,8,18,0,26,0,0,0,26
02/08/2020,HOB,NM,ASW,CE,Federal Contract Tower,0,1,1,0,2,0,0,17,0,17,0,1,18,0,19,28,0,28,47
02/09/2020,HOB,NM,ASW,CE,Federal Contract Tower,0,5,3,0,8,0,0,6,0,6,0,5,9,0,14,2,0,2,16
02/10/2020,HOB,NM,ASW,CE,Federal Contract Tower,0,6,3,0,9,0,1,2,0,3,0,7,5,0,12,0,0,0,12
02/12/2020,HOB,NM,ASW,CE,Federal Contract Tower,0,12,3,0,15,0,4,15,0,19,0,16,18,0,34,0,0,0,34
02/13/2020,HOB,NM,ASW,CE,Federal Contract Tower,0,5,9,0,14,0,4,24,0,28,0,9,33,0,42,0,0,0,42
02/14/2020,HOB,NM,ASW,CE,Federal Contract Tower,0,8,0,0,8,0,3,4,0,7,0,11,4,0,15,0,0,0,15
02/15/2020,HOB,NM,ASW,CE,Federal Contract Tower,0,1,3,0,4,0,0,9,0,9,0,1,12,0,13,0,0,0,13
02/16/2020,HOB,NM,ASW,CE,Federal Contract Tower,0,6,2,0,8,0,3,15,5,23,0,9,17,5,31,6,0,6,37
02/17/2020,HOB,NM,ASW,CE,Federal Contract Tower,0,6,0,0,6,0,3,14,0,17,0,9,14,0,23,4,0,4,27
02/18/2020,HOB,NM,ASW,CE,Federal Contract Tower,0,5,5,0,10,0,6,15,0,21,0,11,20,0,31,0,0,0,31
02/19/2020,HOB,NM,ASW,CE,Federal Contract Tower,0,5,6,0,11,0,3,0,0,3,0,8,6,0,14,0,0,0,14
02/20/2020,HOB,NM,ASW,CE,Federal Contract Tower,0,6,8,0,14,0,2,6,0,8,0,8,14,0,22,0,0,0,22
02/21/2020,HOB,NM,ASW,CE,Federal Contract Tower,0,5,4,0,9,0,6,4,0,10,0,11,8,0,19,4,0,4,23
02/22/2020,HOB,NM,ASW,CE,Federal Contract Tower,0,1,1,0,2,0,0,11,0,11,0,1,12,0,13,6,0,6,19
02/23/2020,HOB,NM,ASW,CE,Federal Contract Tower,0,4,4,0,8,0,0,3,0,3,0,4,7,0,11,4,0,4,15
02/24/2020,HOB,NM,ASW,CE,Federal Contract Tower,0,6,5,0,11,0,1,15,0,16,0,7,20,0,27,0,0,0,27
02/25/2020,HOB,NM,ASW,CE,Federal Contract Tower,0,6,7,0,13,0,2,18,0,20,0,8,25,0,33,0,0,0,33
02/26/2020,HOB,NM,ASW,CE,Federal Contract Tower,0,5,9,0,14,0,2,14,0,16,0,7,23,0,30,14,0,14,44
02/27/2020,HOB,NM,ASW,CE,Federal Contract Tower,0,5,3,0,8,0,4,17,0,21,0,9,20,0,29,0,0,0,29
02/28/2020,HOB,NM,ASW,CE,Federal Contract Tower,0,5,2,0,7,0,6,11,0,17,0,11,13,0,24,0,0,0,24
02/29/2020,HOB,NM,ASW,CE,Federal Contract Tower,0,2,1,0,3,0,1,14,0,15,0,3,15,0,18,4,0,4,22
03/01/2020,HOB,NM,ASW,CE,Federal Contract Tower,0,5,4,0,9,0,0,2,0,2,0,5,6,0,11,0,0,0,11
03/02/2020,HOB,NM,ASW,CE,Federal Contract Tower,0,5,6,0,11,0,2,9,0,11,0,7,15,0,22,2,0,2,24
03/03/2020,HOB,NM,ASW,CE,Federal Contract Tower,0,6,2,0,8,0,2,10,0,12,0,8,12,0,20,0,0,0,20
03/04/2020,HOB,NM,ASW,CE,Federal Contract Tower,0,6,4,0,10,0,1,10,0,11,0,7,14,0,21,0,0,0,21
03/05/2020,HOB,NM,ASW,CE,Federal Contract Tower,0,5,3,0,8,0,2,42,0,44,0,7,45,0,52,0,0,0,52
03/06/2020,HOB,NM,ASW,CE,Federal Contract Tower,0,5,0,0,5,0,3,9,0,12,0,8,9,0,17,0,0,0,17
03/07/2020,HOB,NM,ASW,CE,Federal Contract Tower,0,1,5,0,6,0,2,11,0,13,0,3,16,0,19,0,0,0,19
03/08/2020,HOB,NM,ASW,CE,Federal Contract Tower,0,5,0,0,5,0,0,0,0,0,0,5,0,0,5,0,0,0,5
03/09/2020,HOB,NM,ASW,CE,Federal Contract Tower,0,7,5,4,16,0,2,11,0,13,0,9,16,4,29,4,0,4,33
03/10/2020,HOB,NM,ASW,CE,Federal Contract Tower,0,5,4,0,9,0,2,12,0,14,0,7,16,0,23,0,0,0,23
03/11/2020,HOB,NM,ASW,CE,Federal Contract Tower,0,3,6,0,9,0,2,9,0,11,0,5,15,0,20,0,0,0,20
03/12/2020,HOB,NM,ASW,CE,Federal Contract Tower,0,5,3,0,8,0,2,6,0,8,0,7,9,0,16,0,0,0,16
03/13/2020,HOB,NM,ASW,CE,Federal Contract Tower,0,8,2,0,10,0,0,0,0,0,0,8,2,0,10,0,0,0,10
03/14/2020,HOB,NM,ASW,CE,Federal Contract Tower,0,4,0,0,4,0,0,23,0,23,0,4,23,0,27,0,0,0,27
03/15/2020,HOB,NM,ASW,CE,Federal Contract Tower,0,15,0,0,15,0,0,0,0,0,0,15,0,0,15,0,0,0,15
03/16/2020,HOB,NM,ASW,CE,Federal Contract Tower,0,6,0,0,6,0,3,0,0,3,0,9,0,0,9,0,0,0,9
03/17/2020,HOB,NM,ASW,CE,Federal Contract Tower,0,5,0,0,5,0,1,0,0,1,0,6,0,0,6,0,0,0,6
03/18/2020,HOB,NM,ASW,CE,Federal Contract Tower,0,5,3,0,8,0,2,8,0,10,0,7,11,0,18,0,0,0,18
03/19/2020,HOB,NM,ASW,CE,Federal Contract Tower,0,6,0,0,6,0,2,14,0,16,0,8,14,0,22,0,0,0,22
03/20/2020,HOB,NM,ASW,CE,Federal Contract Tower,0,5,0,0,5,0,4,8,0,12,0,9,8,0,17,0,0,0,17
03/21/2020,HOB,NM,ASW,CE,Federal Contract Tower,0,1,0,0,1,0,1,0,0,1,0,2,0,0,2,0,0,0,2
03/22/2020,HOB,NM,ASW,CE,Federal Contract Tower,0,3,1,0,4,0,1,14,0,15,0,4,15,0,19,4,0,4,23
03/23/2020,HOB,NM,ASW,CE,Federal Contract Tower,0,4,0,0,4,0,2,13,0,15,0,6,13,0,19,0,0,0,19
03/24/2020,HOB,NM,ASW,CE,Federal Contract Tower,0,5,0,0,5,0,2,6,0,8,0,7,6,0,13,0,0,0,13
03/25/2020,HOB,NM,ASW,CE,Federal Contract Tower,0,5,1,2,8,0,2,3,0,5,0,7,4,2,13,0,0,0,13
03/26/2020,HOB,NM,ASW,CE,Federal Contract Tower,0,5,0,0,5,0,2,2,0,4,0,7,2,0,9,0,0,0,9
03/27/2020,HOB,NM,ASW,CE,Federal Contract Tower,0,3,0,0,3,0,2,2,0,4,0,5,2,0,7,0,0,0,7
03/28/2020,HOB,NM,ASW,CE,Federal Contract Tower,0,1,0,0,1,0,0,4,0,4,0,1,4,0,5,4,0,4,9
03/29/2020,HOB,NM,ASW,CE,Federal Contract Tower,0,3,0,0,3,0,2,13,0,15,0,5,13,0,18,14,0,14,32
03/30/2020,HOB,NM,ASW,CE,Federal Contract Tower,0,0,0,0,0,0,2,2,0,4,0,2,2,0,4,0,0,0,4
03/31/2020,HOB,NM,ASW,CE,Federal Contract Tower,0,4,0,0,4,0,2,14,0,16,0,6,14,0,20,8,0,8,28
04/01/2020,HOB,NM,ASW,CE,Federal Contract Tower,0,3,1,0,4,0,2,5,0,7,0,5,6,0,11,0,0,0,11
04/02/2020,HOB,NM,ASW,CE,Federal Contract Tower,0,4,0,0,4,0,2,10,0,12,0,6,10,0,16,4,0,4,20
04/03/2020,HOB,NM,ASW,CE,Federal Contract Tower,0,4,2,0,6,0,2,7,0,9,0,6,9,0,15,0,0,0,15
04/04/2020,HOB,NM,ASW,CE,Federal Contract Tower,0,0,2,0,2,0,2,6,0,8,0,2,8,0,10,4,0,4,14
04/05/2020,HOB,NM,ASW,CE,Federal Contract Tower,0,4,0,0,4,0,0,3,0,3,0,4,3,0,7,8,0,8,15
04/06/2020,HOB,NM,ASW,CE,Federal Contract Tower,0,4,1,0,5,0,2,5,0,7,0,6,6,0,12,0,0,0,12
04/07/2020,HOB,NM,ASW,CE,Federal Contract Tower,0,4,0,0,4,0,2,16,0,18,0,6,16,0,22,0,0,0,22
04/08/2020,HOB,NM,ASW,CE,Federal Contract Tower,0,0,0,0,0,0,2,21,0,23,0,2,21,0,23,2,0,2,25
04/09/2020,HOB,NM,ASW,CE,Federal Contract Tower,0,2,0,0,2,0,4,11,0,15,0,6,11,0,17,12,0,12,29
04/10/2020,HOB,NM,ASW,CE,Federal Contract Tower,0,2,2,0,4,0,1,5,0,6,0,3,7,0,10,0,0,0,10
04/11/2020,HOB,NM,ASW,CE,Federal Contract Tower,0,0,0,0,0,0,0,0,0,0,0,0,0,0,0,0,0,0,0
04/12/2020,HOB,NM,ASW,CE,Federal Contract Tower,0,2,0,0,2,0,0,1,0,1,0,2,1,0,3,0,0,0,3
04/13/2020,HOB,NM,ASW,CE,Federal Contract Tower,0,2,0,0,2,0,2,7,0,9,0,4,7,0,11,0,0,0,11
04/14/2020,HOB,NM,ASW,CE,Federal Contract Tower,0,2,1,0,3,0,2,10,0,12,0,4,11,0,15,0,0,0,15
04/15/2020,HOB,NM,ASW,CE,Federal Contract Tower,0,2,2,0,4,0,2,10,0,12,0,4,12,0,16,2,0,2,18
04/16/2020,HOB,NM,ASW,CE,Federal Contract Tower,0,0,0,0,0,0,2,19,0,21,0,2,19,0,21,0,0,0,21
04/17/2020,HOB,NM,ASW,CE,Federal Contract Tower,0,2,2,2,6,0,2,6,0,8,0,4,8,2,14,0,0,0,14
04/18/2020,HOB,NM,ASW,CE,Federal Contract Tower,0,0,0,0,0,0,0,4,0,4,0,0,4,0,4,0,0,0,4
04/19/2020,HOB,NM,ASW,CE,Federal Contract Tower,0,0,0,0,0,0,0,6,0,6,0,0,6,0,6,0,0,0,6
04/20/2020,HOB,NM,ASW,CE,Federal Contract Tower,0,2,1,0,3,0,2,10,0,12,0,4,11,0,15,0,0,0,15
04/21/2020,HOB,NM,ASW,CE,Federal Contract Tower,0,0,3,0,3,0,4,17,0,21,0,4,20,0,24,0,0,0,24
04/22/2020,HOB,NM,ASW,CE,Federal Contract Tower,0,3,0,0,3,0,3,15,0,18,0,6,15,0,21,0,0,0,21
04/23/2020,HOB,NM,ASW,CE,Federal Contract Tower,0,2,0,2,4,0,2,31,0,33,0,4,31,2,37,0,0,0,37
04/24/2020,HOB,NM,ASW,CE,Federal Contract Tower,0,2,3,0,5,0,2,16,0,18,0,4,19,0,23,0,0,0,23
04/25/2020,HOB,NM,ASW,CE,Federal Contract Tower,0,4,0,0,4,0,0,20,0,20,0,4,20,0,24,0,0,0,24
04/26/2020,HOB,NM,ASW,CE,Federal Contract Tower,0,0,0,0,0,0,0,5,0,5,0,0,5,0,5,0,0,0,5
04/27/2020,HOB,NM,ASW,CE,Federal Contract Tower,0,2,2,0,4,0,2,20,0,22,0,4,22,0,26,0,0,0,26
04/28/2020,HOB,NM,ASW,CE,Federal Contract Tower,0,2,2,0,4,0,5,16,0,21,0,7,18,0,25,0,0,0,25
04/29/2020,HOB,NM,ASW,CE,Federal Contract Tower,0,2,0,0,2,0,2,8,0,10,0,4,8,0,12,0,0,0,12
04/30/2020,HOB,NM,ASW,CE,Federal Contract Tower,0,0,5,0,5,0,2,17,0,19,0,2,22,0,24,0,0,0,24
05/01/2020,HOB,NM,ASW,CE,Federal Contract Tower,0,6,0,0,6,0,3,8,0,11,0,9,8,0,17,0,0,0,17
05/02/2020,HOB,NM,ASW,CE,Federal Contract Tower,0,0,2,0,2,0,0,6,0,6,0,0,8,0,8,0,0,0,8
05/03/2020,HOB,NM,ASW,CE,Federal Contract Tower,0,2,0,0,2,0,0,0,0,0,0,2,0,0,2,0,0,0,2
05/04/2020,HOB,NM,ASW,CE,Federal Contract Tower,0,2,0,0,2,0,2,9,0,11,0,4,9,0,13,0,0,0,13
05/05/2020,HOB,NM,ASW,CE,Federal Contract Tower,0,0,4,0,4,0,2,13,0,15,0,2,17,0,19,8,0,8,27
05/06/2020,HOB,NM,ASW,CE,Federal Contract Tower,0,2,2,0,4,0,2,23,0,25,0,4,25,0,29,0,0,0,29
05/07/2020,HOB,NM,ASW,CE,Federal Contract Tower,0,0,1,0,1,0,2,14,0,16,0,2,15,0,17,0,0,0,17
05/08/2020,HOB,NM,ASW,CE,Federal Contract Tower,0,2,0,0,2,0,2,5,4,11,0,4,5,4,13,0,0,0,13
05/09/2020,HOB,NM,ASW,CE,Federal Contract Tower,0,0,0,0,0,0,2,8,0,10,0,2,8,0,10,24,0,24,34
05/10/2020,HOB,NM,ASW,CE,Federal Contract Tower,0,2,0,0,2,0,2,1,0,3,0,4,1,0,5,0,0,0,5
05/11/2020,HOB,NM,ASW,CE,Federal Contract Tower,0,4,1,0,5,0,2,11,0,13,0,6,12,0,18,0,0,0,18
05/12/2020,HOB,NM,ASW,CE,Federal Contract Tower,0,0,5,0,5,0,4,18,0,22,0,4,23,0,27,16,0,16,43
05/13/2020,HOB,NM,ASW,CE,Federal Contract Tower,0,2,0,0,2,0,1,10,0,11,0,3,10,0,13,0,0,0,13
05/14/2020,HOB,NM,ASW,CE,Federal Contract Tower,0,0,4,0,4,0,3,17,0,20,0,3,21,0,24,0,0,0,24
05/15/2020,HOB,NM,ASW,CE,Federal Contract Tower,0,2,4,0,6,0,2,15,0,17,0,4,19,0,23,2,0,2,25
05/16/2020,HOB,NM,ASW,CE,Federal Contract Tower,0,0,0,0,0,0,0,16,0,16,0,0,16,0,16,18,0,18,34
05/17/2020,HOB,NM,ASW,CE,Federal Contract Tower,0,0,4,0,4,0,0,17,0,17,0,0,21,0,21,0,0,0,21
05/18/2020,HOB,NM,ASW,CE,Federal Contract Tower,0,2,2,0,4,0,2,22,0,24,0,4,24,0,28,0,0,0,28
05/19/2020,HOB,NM,ASW,CE,Federal Contract Tower,0,0,3,0,3,0,2,11,0,13,0,2,14,0,16,0,0,0,16
05/20/2020,HOB,NM,ASW,CE,Federal Contract Tower,0,4,6,0,10,0,2,19,0,21,0,6,25,0,31,6,0,6,37
05/21/2020,HOB,NM,ASW,CE,Federal Contract Tower,0,1,4,0,5,0,3,20,0,23,0,4,24,0,28,2,0,2,30
05/22/2020,HOB,NM,ASW,CE,Federal Contract Tower,0,2,3,0,5,0,2,18,0,20,0,4,21,0,25,8,0,8,33
05/23/2020,HOB,NM,ASW,CE,Federal Contract Tower,0,0,0,0,0,0,0,7,0,7,0,0,7,0,7,6,0,6,13
05/24/2020,HOB,NM,ASW,CE,Federal Contract Tower,0,0,2,0,2,0,0,1,0,1,0,0,3,0,3,0,0,0,3
05/25/2020,HOB,NM,ASW,CE,Federal Contract Tower,0,2,5,0,7,0,0,2,0,2,0,2,7,0,9,0,0,0,9
05/26/2020,HOB,NM,ASW,CE,Federal Contract Tower,0,0,1,0,1,0,2,19,0,21,0,2,20,0,22,6,0,6,28
05/27/2020,HOB,NM,ASW,CE,Federal Contract Tower,0,4,2,0,6,0,2,24,0,26,0,6,26,0,32,4,0,4,36
05/28/2020,HOB,NM,ASW,CE,Federal Contract Tower,0,0,0,0,0,0,3,8,0,11,0,3,8,0,11,0,0,0,11
05/29/2020,HOB,NM,ASW,CE,Federal Contract Tower,0,2,0,0,2,0,3,12,0,15,0,5,12,0,17,0,0,0,17
05/30/2020,HOB,NM,ASW,CE,Federal Contract Tower,0,0,0,0,0,0,0,19,0,19,0,0,19,0,19,0,0,0,19
05/31/2020,HOB,NM,ASW,CE,Federal Contract Tower,0,0,0,0,0,0,0,14,0,14,0,0,14,0,14,6,0,6,20
06/01/2020,HOB,NM,ASW,CE,Federal Contract Tower,0,2,4,0,6,0,1,2,0,3,0,3,6,0,9,0,0,0,9
06/02/2020,HOB,NM,ASW,CE,Federal Contract Tower,0,0,0,0,0,0,3,3,0,6,0,3,3,0,6,0,0,0,6
06/03/2020,HOB,NM,ASW,CE,Federal Contract Tower,0,2,0,0,2,0,4,12,0,16,0,6,12,0,18,8,0,8,26
06/04/2020,HOB,NM,ASW,CE,Federal Contract Tower,0,0,0,0,0,0,3,11,0,14,0,3,11,0,14,0,0,0,14
06/05/2020,HOB,NM,ASW,CE,Federal Contract Tower,0,3,1,0,4,0,2,11,0,13,0,5,12,0,17,8,0,8,25
06/06/2020,HOB,NM,ASW,CE,Federal Contract Tower,0,0,1,0,1,0,0,6,0,6,0,0,7,0,7,0,0,0,7
06/07/2020,HOB,NM,ASW,CE,Federal Contract Tower,0,0,2,0,2,0,0,5,0,5,0,0,7,0,7,4,0,4,11
06/08/2020,HOB,NM,ASW,CE,Federal Contract Tower,0,2,0,0,2,0,1,9,0,10,0,3,9,0,12,0,0,0,12
06/09/2020,HOB,NM,ASW,CE,Federal Contract Tower,0,0,2,0,2,0,4,8,0,12,0,4,10,0,14,0,0,0,14
06/10/2020,HOB,NM,ASW,CE,Federal Contract Tower,0,2,6,0,8,0,2,12,0,14,0,4,18,0,22,0,0,0,22
06/11/2020,HOB,NM,ASW,CE,Federal Contract Tower,0,0,4,0,4,0,2,14,0,16,0,2,18,0,20,12,0,12,32
06/12/2020,HOB,NM,ASW,CE,Federal Contract Tower,0,4,3,2,9,0,2,20,0,22,0,6,23,2,31,0,0,0,31
06/13/2020,HOB,NM,ASW,CE,Federal Contract Tower,0,0,1,0,1,0,0,13,0,13,0,0,14,0,14,12,0,12,26
06/14/2020,HOB,NM,ASW,CE,Federal Contract Tower,0,0,2,0,2,0,0,13,0,13,0,0,15,0,15,8,0,8,23
06/15/2020,HOB,NM,ASW,CE,Federal Contract Tower,0,3,2,0,5,0,3,5,0,8,0,6,7,0,13,0,0,0,13
06/16/2020,HOB,NM,ASW,CE,Federal Contract Tower,0,0,3,0,3,0,3,11,0,14,0,3,14,0,17,0,0,0,17
06/17/2020,HOB,NM,ASW,CE,Federal Contract Tower,0,2,3,2,7,0,5,5,27,37,0,7,8,29,44,0,2,2,46
06/18/2020,HOB,NM,ASW,CE,Federal Contract Tower,0,2,4,0,6,0,2,17,0,19,0,4,21,0,25,20,0,20,45
06/19/2020,HOB,NM,ASW,CE,Federal Contract Tower,0,2,2,0,4,0,3,7,0,10,0,5,9,0,14,50,0,50,64
06/20/2020,HOB,NM,ASW,CE,Federal Contract Tower,0,0,0,0,0,0,0,9,0,9,0,0,9,0,9,4,0,4,13
06/21/2020,HOB,NM,ASW,CE,Federal Contract Tower,0,0,3,0,3,0,1,4,0,5,0,1,7,0,8,0,0,0,8
06/22/2020,HOB,NM,ASW,CE,Federal Contract Tower,0,2,2,0,4,0,4,8,0,12,0,6,10,0,16,0,0,0,16
06/23/2020,HOB,NM,ASW,CE,Federal Contract Tower,0,0,1,0,1,0,2,9,0,11,0,2,10,0,12,2,0,2,14
06/24/2020,HOB,NM,ASW,CE,Federal Contract Tower,0,2,2,0,4,0,4,7,4,15,0,6,9,4,19,0,0,0,19
06/25/2020,HOB,NM,ASW,CE,Federal Contract Tower,0,0,4,0,4,0,2,21,0,23,0,2,25,0,27,0,0,0,27
06/26/2020,HOB,NM,ASW,CE,Federal Contract Tower,0,2,0,0,2,0,3,11,0,14,0,5,11,0,16,4,0,4,20
06/27/2020,HOB,NM,ASW,CE,Federal Contract Tower,0,0,3,0,3,0,0,11,0,11,0,0,14,0,14,0,0,0,14
06/28/2020,HOB,NM,ASW,CE,Federal Contract Tower,0,0,3,0,3,0,0,8,0,8,0,0,11,0,11,6,0,6,17
06/29/2020,HOB,NM,ASW,CE,Federal Contract Tower,0,2,2,0,4,0,2,17,0,19,0,4,19,0,23,0,0,0,23
06/30/2020,HOB,NM,ASW,CE,Federal Contract Tower,0,0,0,0,0,0,2,18,0,20,0,2,18,0,20,0,0,0,20
07/01/2020,HOB,NM,ASW,CE,Federal Contract Tower,0,2,3,0,5,0,2,6,0,8,0,4,9,0,13,8,0,8,21
07/02/2020,HOB,NM,ASW,CE,Federal Contract Tower,0,1,0,0,1,0,4,7,0,11,0,5,7,0,12,0,0,0,12
07/03/2020,HOB,NM,ASW,CE,Federal Contract Tower,0,2,1,0,3,0,2,5,2,9,0,4,6,2,12,0,0,0,12
07/04/2020,HOB,NM,ASW,CE,Federal Contract Tower,0,0,0,0,0,0,0,4,0,4,0,0,4,0,4,0,0,0,4
07/06/2020,HOB,NM,ASW,CE,Federal Contract Tower,0,0,7,0,7,0,2,15,0,17,0,2,22,0,24,0,0,0,24
07/07/2020,HOB,NM,ASW,CE,Federal Contract Tower,0,1,1,0,2,0,2,15,0,17,0,3,16,0,19,0,0,0,19
07/08/2020,HOB,NM,ASW,CE,Federal Contract Tower,0,2,6,0,8,0,2,14,0,16,0,4,20,0,24,0,0,0,24
07/09/2020,HOB,NM,ASW,CE,Federal Contract Tower,0,0,2,0,2,0,4,5,0,9,0,4,7,0,11,0,0,0,11
07/10/2020,HOB,NM,ASW,CE,Federal Contract Tower,0,2,0,0,2,0,3,6,0,9,0,5,6,0,11,0,0,0,11
07/11/2020,HOB,NM,ASW,CE,Federal Contract Tower,0,0,1,0,1,0,1,5,0,6,0,1,6,0,7,0,0,0,7
07/12/2020,HOB,NM,ASW,CE,Federal Contract Tower,0,0,0,0,0,0,0,2,0,2,0,0,2,0,2,0,0,0,2
07/13/2020,HOB,NM,ASW,CE,Federal Contract Tower,0,2,4,0,6,0,3,17,0,20,0,5,21,0,26,0,0,0,26
07/14/2020,HOB,NM,ASW,CE,Federal Contract Tower,0,0,3,0,3,0,2,12,0,14,0,2,15,0,17,0,0,0,17
07/15/2020,HOB,NM,ASW,CE,Federal Contract Tower,0,2,3,0,5,0,2,14,0,16,0,4,17,0,21,0,0,0,21
07/16/2020,HOB,NM,ASW,CE,Federal Contract Tower,0,0,3,0,3,0,2,16,0,18,0,2,19,0,21,0,0,0,21
07/17/2020,HOB,NM,ASW,CE,Federal Contract Tower,0,2,3,0,5,0,2,8,0,10,0,4,11,0,15,0,0,0,15
07/18/2020,HOB,NM,ASW,CE,Federal Contract Tower,0,1,1,0,2,0,0,9,0,9,0,1,10,0,11,4,0,4,15
07/19/2020,HOB,NM,ASW,CE,Federal Contract Tower,0,0,0,0,0,0,0,11,0,11,0,0,11,0,11,14,0,14,25
07/20/2020,HOB,NM,ASW,CE,Federal Contract Tower,0,2,4,0,6,0,2,12,0,14,0,4,16,0,20,0,0,0,20
07/21/2020,HOB,NM,ASW,CE,Federal Contract Tower,0,0,2,0,2,0,2,2,0,4,0,2,4,0,6,0,0,0,6
07/22/2020,HOB,NM,ASW,CE,Federal Contract Tower,0,2,2,0,4,0,2,7,0,9,0,4,9,0,13,0,0,0,13
07/23/2020,HOB,NM,ASW,CE,Federal Contract Tower,0,0,5,2,7,0,0,0,0,0,0,0,5,2,7,4,0,4,11
07/24/2020,HOB,NM,ASW,CE,Federal Contract Tower,0,5,1,0,6,0,2,1,0,3,0,7,2,0,9,0,0,0,9
07/25/2020,HOB,NM,ASW,CE,Federal Contract Tower,0,0,2,0,2,0,0,11,0,11,0,0,13,0,13,28,0,28,41
07/26/2020,HOB,NM,ASW,CE,Federal Contract Tower,0,2,1,0,3,0,2,12,0,14,0,4,13,0,17,36,0,36,53
07/27/2020,HOB,NM,ASW,CE,Federal Contract Tower,0,2,0,0,2,0,2,3,0,5,0,4,3,0,7,2,0,2,9
07/28/2020,HOB,NM,ASW,CE,Federal Contract Tower,0,0,0,0,0,0,2,3,0,5,0,2,3,0,5,0,0,0,5
07/29/2020,HOB,NM,ASW,CE,Federal Contract Tower,0,4,0,0,4,0,3,4,0,7,0,7,4,0,11,0,0,0,11
07/30/2020,HOB,NM,ASW,CE,Federal Contract Tower,0,1,3,0,4,0,2,13,0,15,0,3,16,0,19,0,0,0,19
07/31/2020,HOB,NM,ASW,CE,Federal Contract Tower,0,0,0,0,0,0,3,3,0,6,0,3,3,0,6,0,0,0,6
08/01/2020,HOB,NM,ASW,CE,Federal Contract Tower,0,0,1,0,1,0,0,8,0,8,0,0,9,0,9,0,0,0,9
08/02/2020,HOB,NM,ASW,CE,Federal Contract Tower,0,1,0,0,1,0,3,8,0,11,0,4,8,0,12,0,0,0,12
08/03/2020,HOB,NM,ASW,CE,Federal Contract Tower,0,2,0,0,2,0,1,19,0,20,0,3,19,0,22,0,0,0,22
08/04/2020,HOB,NM,ASW,CE,Federal Contract Tower,0,0,1,1,2,0,5,16,1,22,0,5,17,2,24,0,2,2,26
08/05/2020,HOB,NM,ASW,CE,Federal Contract Tower,0,4,0,0,4,0,2,7,0,9,0,6,7,0,13,0,0,0,13
08/06/2020,HOB,NM,ASW,CE,Federal Contract Tower,0,2,6,0,8,0,2,16,0,18,0,4,22,0,26,0,0,0,26
08/07/2020,HOB,NM,ASW,CE,Federal Contract Tower,0,2,5,0,7,0,1,8,0,9,0,3,13,0,16,0,0,0,16
08/08/2020,HOB,NM,ASW,CE,Federal Contract Tower,0,0,3,0,3,0,2,20,0,22,0,2,23,0,25,8,0,8,33
08/09/2020,HOB,NM,ASW,CE,Federal Contract Tower,0,0,4,0,4,0,1,2,0,3,0,1,6,0,7,0,0,0,7
08/10/2020,HOB,NM,ASW,CE,Federal Contract Tower,0,2,0,0,2,0,0,5,0,5,0,2,5,0,7,0,0,0,7
08/11/2020,HOB,NM,ASW,CE,Federal Contract Tower,0,0,1,2,3,0,2,14,0,16,0,2,15,2,19,0,0,0,19
08/12/2020,HOB,NM,ASW,CE,Federal Contract Tower,0,2,5,2,9,0,4,10,0,14,0,6,15,2,23,4,0,4,27
08/13/2020,HOB,NM,ASW,CE,Federal Contract Tower,0,0,2,0,2,0,2,18,0,20,0,2,20,0,22,0,0,0,22
08/14/2020,HOB,NM,ASW,CE,Federal Contract Tower,0,2,1,2,5,0,2,17,0,19,0,4,18,2,24,0,0,0,24
08/15/2020,HOB,NM,ASW,CE,Federal Contract Tower,0,0,0,0,0,0,0,7,0,7,0,0,7,0,7,0,0,0,7
08/16/2020,HOB,NM,ASW,CE,Federal Contract Tower,0,0,3,0,3,0,0,6,0,6,0,0,9,0,9,0,0,0,9
08/17/2020,HOB,NM,ASW,CE,Federal Contract Tower,0,2,4,0,6,0,1,2,0,3,0,3,6,0,9,0,0,0,9
08/18/2020,HOB,NM,ASW,CE,Federal Contract Tower,0,0,1,0,1,0,2,12,0,14,0,2,13,0,15,0,0,0,15
08/19/2020,HOB,NM,ASW,CE,Federal Contract Tower,0,2,2,0,4,0,3,23,0,26,0,5,25,0,30,28,0,28,58
08/20/2020,HOB,NM,ASW,CE,Federal Contract Tower,0,2,1,0,3,0,2,19,0,21,0,4,20,0,24,0,0,0,24
08/21/2020,HOB,NM,ASW,CE,Federal Contract Tower,0,3,2,0,5,0,4,18,0,22,0,7,20,0,27,6,0,6,33
08/22/2020,HOB,NM,ASW,CE,Federal Contract Tower,0,2,0,0,2,0,0,7,0,7,0,2,7,0,9,0,0,0,9
08/23/2020,HOB,NM,ASW,CE,Federal Contract Tower,0,0,1,0,1,0,0,7,0,7,0,0,8,0,8,0,0,0,8
08/24/2020,HOB,NM,ASW,CE,Federal Contract Tower,0,2,3,0,5,0,2,11,0,13,0,4,14,0,18,0,0,0,18
08/25/2020,HOB,NM,ASW,CE,Federal Contract Tower,0,0,1,6,7,0,4,8,0,12,0,4,9,6,19,0,8,8,27
08/26/2020,HOB,NM,ASW,CE,Federal Contract Tower,0,1,0,0,1,0,2,23,0,25,0,3,23,0,26,8,0,8,34
08/27/2020,HOB,NM,ASW,CE,Federal Contract Tower,0,0,6,0,6,0,2,14,0,16,0,2,20,0,22,2,0,2,24
08/28/2020,HOB,NM,ASW,CE,Federal Contract Tower,0,2,2,0,4,0,4,8,0,12,0,6,10,0,16,0,0,0,16
08/29/2020,HOB,NM,ASW,CE,Federal Contract Tower,0,2,3,0,5,0,0,9,0,9,0,2,12,0,14,0,0,0,14
08/30/2020,HOB,NM,ASW,CE,Federal Contract Tower,0,1,4,0,5,0,1,9,0,10,0,2,13,0,15,0,0,0,15
08/31/2020,HOB,NM,ASW,CE,Federal Contract Tower,0,2,4,0,6,0,3,3,0,6,0,5,7,0,12,0,0,0,12
09/01/2020,HOB,NM,ASW,CE,Federal Contract Tower,0,1,4,0,5,0,3,17,0,20,0,4,21,0,25,0,0,0,25
09/02/2020,HOB,NM,ASW,CE,Federal Contract Tower,0,2,3,0,5,0,2,13,0,15,0,4,16,0,20,0,0,0,20
09/03/2020,HOB,NM,ASW,CE,Federal Contract Tower,0,0,4,0,4,0,2,11,0,13,0,2,15,0,17,0,0,0,17
09/04/2020,HOB,NM,ASW,CE,Federal Contract Tower,0,2,7,0,9,0,2,8,0,10,0,4,15,0,19,0,0,0,19
09/05/2020,HOB,NM,ASW,CE,Federal Contract Tower,0,0,1,0,1,0,0,10,0,10,0,0,11,0,11,10,0,10,21
09/06/2020,HOB,NM,ASW,CE,Federal Contract Tower,0,0,3,0,3,0,0,11,0,11,0,0,14,0,14,0,0,0,14
09/07/2020,HOB,NM,ASW,CE,Federal Contract Tower,0,6,1,0,7,0,0,17,2,19,0,6,18,2,26,0,0,0,26
09/08/2020,HOB,NM,ASW,CE,Federal Contract Tower,0,0,4,0,4,0,3,6,0,9,0,3,10,0,13,0,0,0,13
09/09/2020,HOB,NM,ASW,CE,Federal Contract Tower,0,9,1,0,10,0,1,0,0,1,0,10,1,0,11,0,0,0,11
09/10/2020,HOB,NM,ASW,CE,Federal Contract Tower,0,3,7,0,10,0,3,0,0,3,0,6,7,0,13,0,0,0,13
09/11/2020,HOB,NM,ASW,CE,Federal Contract Tower,0,2,3,0,5,0,2,10,0,12,0,4,13,0,17,4,0,4,21
09/12/2020,HOB,NM,ASW,CE,Federal Contract Tower,0,0,0,0,0,0,0,10,0,10,0,0,10,0,10,6,0,6,16
09/13/2020,HOB,NM,ASW,CE,Federal Contract Tower,0,0,1,0,1,0,0,15,0,15,0,0,16,0,16,0,0,0,16
09/14/2020,HOB,NM,ASW,CE,Federal Contract Tower,0,3,5,0,8,0,2,5,0,7,0,5,10,0,15,0,0,0,15
09/15/2020,HOB,NM,ASW,CE,Federal Contract Tower,0,1,4,0,5,0,2,10,0,12,0,3,14,0,17,0,0,0,17
09/16/2020,HOB,NM,ASW,CE,Federal Contract Tower,0,2,0,0,2,0,2,9,0,11,0,4,9,0,13,0,0,0,13
09/17/2020,HOB,NM,ASW,CE,Federal Contract Tower,0,2,0,0,2,0,2,10,0,12,0,4,10,0,14,0,0,0,14
09/18/2020,HOB,NM,ASW,CE,Federal Contract Tower,0,3,0,0,3,0,4,13,0,17,0,7,13,0,20,14,0,14,34
09/19/2020,HOB,NM,ASW,CE,Federal Contract Tower,0,0,1,0,1,0,1,13,0,14,0,1,14,0,15,4,0,4,19
09/20/2020,HOB,NM,ASW,CE,Federal Contract Tower,0,0,0,0,0,0,0,2,0,2,0,0,2,0,2,0,0,0,2
09/21/2020,HOB,NM,ASW,CE,Federal Contract Tower,0,2,4,0,6,0,2,10,0,12,0,4,14,0,18,0,0,0,18
09/22/2020,HOB,NM,ASW,CE,Federal Contract Tower,0,2,3,0,5,0,4,18,0,22,0,6,21,0,27,0,0,0,27
09/23/2020,HOB,NM,ASW,CE,Federal Contract Tower,0,4,0,0,4,0,2,8,0,10,0,6,8,0,14,0,0,0,14
09/24/2020,HOB,NM,ASW,CE,Federal Contract Tower,0,1,4,0,5,0,5,19,0,24,0,6,23,0,29,0,0,0,29
09/25/2020,HOB,NM,ASW,CE,Federal Contract Tower,0,1,2,0,3,0,2,16,0,18,0,3,18,0,21,0,0,0,21
09/26/2020,HOB,NM,ASW,CE,Federal Contract Tower,0,0,0,0,0,0,0,13,0,13,0,0,13,0,13,8,0,8,21
09/27/2020,HOB,NM,ASW,CE,Federal Contract Tower,0,0,4,0,4,0,0,3,0,3,0,0,7,0,7,0,0,0,7
09/28/2020,HOB,NM,ASW,CE,Federal Contract Tower,0,3,5,0,8,0,2,15,0,17,0,5,20,0,25,0,0,0,25
09/29/2020,HOB,NM,ASW,CE,Federal Contract Tower,0,0,2,0,2,0,3,14,0,17,0,3,16,0,19,0,0,0,19
09/30/2020,HOB,NM,ASW,CE,Federal Contract Tower,0,4,2,0,6,0,4,17,0,21,0,8,19,0,27,0,0,0,27
10/01/2020,HOB,NM,ASW,CE,Federal Contract Tower,0,0,3,0,3,0,4,13,0,17,0,4,16,0,20,0,0,0,20
10/02/2020,HOB,NM,ASW,CE,Federal Contract Tower,0,2,0,0,2,0,4,7,0,11,0,6,7,0,13,0,0,0,13
10/03/2020,HOB,NM,ASW,CE,Federal Contract Tower,0,0,0,0,0,0,0,10,0,10,0,0,10,0,10,0,0,0,10
10/04/2020,HOB,NM,ASW,CE,Federal Contract Tower,0,1,0,0,1,0,1,7,0,8,0,2,7,0,9,0,0,0,9
10/05/2020,HOB,NM,ASW,CE,Federal Contract Tower,0,2,2,0,4,0,2,9,0,11,0,4,11,0,15,0,0,0,15
10/06/2020,HOB,NM,ASW,CE,Federal Contract Tower,0,2,3,0,5,0,2,18,0,20,0,4,21,0,25,0,0,0,25
10/07/2020,HOB,NM,ASW,CE,Federal Contract Tower,0,4,6,2,12,0,8,8,0,16,0,12,14,2,28,0,0,0,28
10/08/2020,HOB,NM,ASW,CE,Federal Contract Tower,0,5,7,0,12,0,3,19,0,22,0,8,26,0,34,4,0,4,38
10/09/2020,HOB,NM,ASW,CE,Federal Contract Tower,0,6,1,0,7,0,4,10,0,14,0,10,11,0,21,0,0,0,21
10/10/2020,HOB,NM,ASW,CE,Federal Contract Tower,0,0,0,0,0,0,0,5,0,5,0,0,5,0,5,0,0,0,5
10/11/2020,HOB,NM,ASW,CE,Federal Contract Tower,0,0,4,0,4,0,0,2,0,2,0,0,6,0,6,0,0,0,6
10/12/2020,HOB,NM,ASW,CE,Federal Contract Tower,0,2,7,0,9,0,6,13,0,19,0,8,20,0,28,0,0,0,28
10/13/2020,HOB,NM,ASW,CE,Federal Contract Tower,0,1,0,0,1,0,4,12,0,16,0,5,12,0,17,6,0,6,23
10/14/2020,HOB,NM,ASW,CE,Federal Contract Tower,0,6,2,0,8,0,3,12,0,15,0,9,14,0,23,10,0,10,33
10/15/2020,HOB,NM,ASW,CE,Federal Contract Tower,0,2,2,0,4,0,2,16,0,18,0,4,18,0,22,0,0,0,22
10/16/2020,HOB,NM,ASW,CE,Federal Contract Tower,0,2,4,0,6,0,2,23,0,25,0,4,27,0,31,0,0,0,31
10/17/2020,HOB,NM,ASW,CE,Federal Contract Tower,0,0,0,0,0,0,0,2,0,2,0,0,2,0,2,0,0,0,2
10/18/2020,HOB,NM,ASW,CE,Federal Contract Tower,0,0,2,0,2,0,0,9,0,9,0,0,11,0,11,2,0,2,13
10/19/2020,HOB,NM,ASW,CE,Federal Contract Tower,0,11,12,0,23,0,2,7,0,9,0,13,19,0,32,0,0,0,32
10/20/2020,HOB,NM,ASW,CE,Federal Contract Tower,0,3,1,0,4,0,3,22,0,25,0,6,23,0,29,0,0,0,29
10/21/2020,HOB,NM,ASW,CE,Federal Contract Tower,0,5,0,0,5,0,5,15,0,20,0,10,15,0,25,0,0,0,25
10/22/2020,HOB,NM,ASW,CE,Federal Contract Tower,0,1,2,0,3,0,4,18,0,22,0,5,20,0,25,0,8,8,33
10/23/2020,HOB,NM,ASW,CE,Federal Contract Tower,0,9,2,0,11,0,2,13,0,15,0,11,15,0,26,0,0,0,26
10/24/2020,HOB,NM,ASW,CE,Federal Contract Tower,0,0,0,0,0,0,0,16,0,16,0,0,16,0,16,6,0,6,22
10/25/2020,HOB,NM,ASW,CE,Federal Contract Tower,0,0,1,0,1,0,1,5,0,6,0,1,6,0,7,0,0,0,7
10/26/2020,HOB,NM,ASW,CE,Federal Contract Tower,0,4,2,0,6,0,0,0,0,0,0,4,2,0,6,0,0,0,6
10/27/2020,HOB,NM,ASW,CE,Federal Contract Tower,0,0,0,0,0,0,0,0,0,0,0,0,0,0,0,0,0,0,0
10/28/2020,HOB,NM,ASW,CE,Federal Contract Tower,0,3,6,0,9,0,3,3,0,6,0,6,9,0,15,0,0,0,15
10/29/2020,HOB,NM,ASW,CE,Federal Contract Tower,0,3,2,0,5,0,2,19,0,21,0,5,21,0,26,0,0,0,26
10/30/2020,HOB,NM,ASW,CE,Federal Contract Tower,0,4,4,0,8,0,3,9,0,12,0,7,13,0,20,0,0,0,20
10/31/2020,HOB,NM,ASW,CE,Federal Contract Tower,0,0,0,0,0,0,3,18,0,21,0,3,18,0,21,8,0,8,29
11/01/2020,HOB,NM,ASW,CE,Federal Contract Tower,0,3,2,0,5,0,0,21,0,21,0,3,23,0,26,4,0,4,30
11/02/2020,HOB,NM,ASW,CE,Federal Contract Tower,0,2,5,0,7,0,3,5,0,8,0,5,10,0,15,6,0,6,21
11/03/2020,HOB,NM,ASW,CE,Federal Contract Tower,0,4,4,0,8,0,2,15,0,17,0,6,19,0,25,0,0,0,25
11/04/2020,HOB,NM,ASW,CE,Federal Contract Tower,0,2,5,0,7,0,3,17,0,20,0,5,22,0,27,4,0,4,31
11/05/2020,HOB,NM,ASW,CE,Federal Contract Tower,0,0,4,0,4,0,3,19,0,22,0,3,23,0,26,0,0,0,26
11/06/2020,HOB,NM,ASW,CE,Federal Contract Tower,0,4,2,4,10,0,4,22,0,26,0,8,24,4,36,0,0,0,36
11/07/2020,HOB,NM,ASW,CE,Federal Contract Tower,0,3,1,0,4,0,0,13,0,13,0,3,14,0,17,2,0,2,19
11/08/2020,HOB,NM,ASW,CE,Federal Contract Tower,0,6,2,0,8,0,2,10,0,12,0,8,12,0,20,12,0,12,32
11/09/2020,HOB,NM,ASW,CE,Federal Contract Tower,0,2,4,0,6,0,1,5,0,6,0,3,9,0,12,6,0,6,18
11/10/2020,HOB,NM,ASW,CE,Federal Contract Tower,0,4,0,0,4,0,7,13,0,20,0,11,13,0,24,6,0,6,30
11/11/2020,HOB,NM,ASW,CE,Federal Contract Tower,0,6,4,0,10,0,2,23,0,25,0,8,27,0,35,16,0,16,51
11/12/2020,HOB,NM,ASW,CE,Federal Contract Tower,0,4,8,0,12,0,2,23,0,25,0,6,31,0,37,6,0,6,43
11/13/2020,HOB,NM,ASW,CE,Federal Contract Tower,0,4,0,0,4,0,3,2,0,5,0,7,2,0,9,0,0,0,9
11/14/2020,HOB,NM,ASW,CE,Federal Contract Tower,0,2,2,0,4,0,2,6,0,8,0,4,8,0,12,8,0,8,20
11/15/2020,HOB,NM,ASW,CE,Federal Contract Tower,0,4,0,0,4,0,0,13,0,13,0,4,13,0,17,10,0,10,27
11/16/2020,HOB,NM,ASW,CE,Federal Contract Tower,0,5,5,0,10,0,2,19,0,21,0,7,24,0,31,6,0,6,37
11/17/2020,HOB,NM,ASW,CE,Federal Contract Tower,0,0,2,0,2,0,2,14,0,16,0,2,16,0,18,0,0,0,18
11/18/2020,HOB,NM,ASW,CE,Federal Contract Tower,0,8,2,0,10,0,2,15,0,17,0,10,17,0,27,4,0,4,31
11/19/2020,HOB,NM,ASW,CE,Federal Contract Tower,0,1,6,0,7,0,3,24,0,27,0,4,30,0,34,0,0,0,34
11/20/2020,HOB,NM,ASW,CE,Federal Contract Tower,4,0,3,0,7,0,5,24,2,31,4,5,27,2,38,8,0,8,46
11/21/2020,HOB,NM,ASW,CE,Federal Contract Tower,0,0,0,0,0,0,4,9,0,13,0,4,9,0,13,24,0,24,37
11/22/2020,HOB,NM,ASW,CE,Federal Contract Tower,0,12,0,0,12,0,0,0,0,0,0,12,0,0,12,0,0,0,12
11/23/2020,HOB,NM,ASW,CE,Federal Contract Tower,0,3,7,0,10,0,2,0,0,2,0,5,7,0,12,0,0,0,12
11/24/2020,HOB,NM,ASW,CE,Federal Contract Tower,0,5,5,0,10,0,2,3,0,5,0,7,8,0,15,0,0,0,15
11/25/2020,HOB,NM,ASW,CE,Federal Contract Tower,0,2,1,0,3,0,2,15,0,17,0,4,16,0,20,0,0,0,20
11/26/2020,HOB,NM,ASW,CE,Federal Contract Tower,0,2,1,0,3,0,0,7,0,7,0,2,8,0,10,6,0,6,16
11/27/2020,HOB,NM,ASW,CE,Federal Contract Tower,0,2,1,0,3,0,5,14,0,19,0,7,15,0,22,0,0,0,22
11/28/2020,HOB,NM,ASW,CE,Federal Contract Tower,0,0,0,0,0,0,0,15,0,15,0,0,15,0,15,10,0,10,25
11/29/2020,HOB,NM,ASW,CE,Federal Contract Tower,0,8,0,0,8,0,2,0,10,12,0,10,0,10,20,0,0,0,20
11/30/2020,HOB,NM,ASW,CE,Federal Contract Tower,0,2,4,2,8,0,2,5,2,9,0,4,9,4,17,0,2,2,19
12/01/2020,HOB,NM,ASW,CE,Federal Contract Tower,0,0,2,0,2,0,8,15,0,23,0,8,17,0,25,0,0,0,25
12/02/2020,HOB,NM,ASW,CE,Federal Contract Tower,0,4,0,0,4,0,9,3,0,12,0,13,3,0,16,0,0,0,16
12/03/2020,HOB,NM,ASW,CE,Federal Contract Tower,0,7,9,0,16,0,9,13,0,22,0,16,22,0,38,12,0,12,50
12/04/2020,HOB,NM,ASW,CE,Federal Contract Tower,0,10,0,0,10,0,4,11,0,15,0,14,11,0,25,10,0,10,35
12/05/2020,HOB,NM,ASW,CE,Federal Contract Tower,0,2,0,0,2,0,0,5,0,5,0,2,5,0,7,20,0,20,27
12/06/2020,HOB,NM,ASW,CE,Federal Contract Tower,0,5,1,0,6,0,1,16,0,17,0,6,17,0,23,8,0,8,31
12/07/2020,HOB,NM,ASW,CE,Federal Contract Tower,0,5,6,0,11,0,3,11,0,14,0,8,17,0,25,0,0,0,25
12/08/2020,HOB,NM,ASW,CE,Federal Contract Tower,0,1,0,0,1,0,4,11,0,15,0,5,11,0,16,16,0,16,32
12/09/2020,HOB,NM,ASW,CE,Federal Contract Tower,0,4,2,0,6,0,5,10,0,15,0,9,12,0,21,0,0,0,21
12/10/2020,HOB,NM,ASW,CE,Federal Contract Tower,0,8,2,0,10,0,5,12,0,17,0,13,14,0,27,0,0,0,27
12/11/2020,HOB,NM,ASW,CE,Federal Contract Tower,0,7,2,0,9,0,7,6,0,13,0,14,8,0,22,0,0,0,22
12/12/2020,HOB,NM,ASW,CE,Federal Contract Tower,0,3,2,0,5,0,1,13,0,14,0,4,15,0,19,6,0,6,25
12/13/2020,HOB,NM,ASW,CE,Federal Contract Tower,0,5,2,0,7,0,0,1,0,1,0,5,3,0,8,0,0,0,8
12/14/2020,HOB,NM,ASW,CE,Federal Contract Tower,0,7,4,0,11,0,2,6,0,8,0,9,10,0,19,0,0,0,19
12/15/2020,HOB,NM,ASW,CE,Federal Contract Tower,0,2,0,0,2,0,6,12,0,18,0,8,12,0,20,0,0,0,20
12/16/2020,HOB,NM,ASW,CE,Federal Contract Tower,0,2,4,0,6,0,4,20,2,26,0,6,24,2,32,4,6,10,42
12/17/2020,HOB,NM,ASW,CE,Federal Contract Tower,0,2,2,0,4,0,4,22,0,26,0,6,24,0,30,0,0,0,30
12/18/2020,HOB,NM,ASW,CE,Federal Contract Tower,0,2,0,0,2,0,6,9,0,15,0,8,9,0,17,0,0,0,17
12/19/2020,HOB,NM,ASW,CE,Federal Contract Tower,0,2,1,0,3,0,0,14,0,14,0,2,15,0,17,0,0,0,17
12/20/2020,HOB,NM,ASW,CE,Federal Contract Tower,0,4,0,0,4,0,0,7,0,7,0,4,7,0,11,14,0,14,25
12/21/2020,HOB,NM,ASW,CE,Federal Contract Tower,0,5,5,0,10,0,2,3,0,5,0,7,8,0,15,0,0,0,15
12/22/2020,HOB,NM,ASW,CE,Federal Contract Tower,0,4,4,4,12,0,4,1,0,5,0,8,5,4,17,0,0,0,17
12/23/2020,HOB,NM,ASW,CE,Federal Contract Tower,0,5,2,0,7,0,4,2,0,6,0,9,4,0,13,0,0,0,13
12/24/2020,HOB,NM,ASW,CE,Federal Contract Tower,0,3,2,0,5,0,4,12,0,16,0,7,14,0,21,0,0,0,21
12/25/2020,HOB,NM,ASW,CE,Federal Contract Tower,0,1,0,0,1,0,0,5,0,5,0,1,5,0,6,12,0,12,18
12/26/2020,HOB,NM,ASW,CE,Federal Contract Tower,0,2,5,0,7,0,2,13,0,15,0,4,18,0,22,6,0,6,28
12/27/2020,HOB,NM,ASW,CE,Federal Contract Tower,0,2,3,0,5,0,0,18,0,18,0,2,21,0,23,40,0,40,63
12/28/2020,HOB,NM,ASW,CE,Federal Contract Tower,0,5,3,0,8,0,2,14,0,16,0,7,17,0,24,0,0,0,24
12/29/2020,HOB,NM,ASW,CE,Federal Contract Tower,0,8,0,0,8,0,6,3,0,9,0,14,3,0,17,6,0,6,23
12/30/2020,HOB,NM,ASW,CE,Federal Contract Tower,0,2,3,0,5,0,12,8,0,20,0,14,11,0,25,0,0,0,25
12/31/2020,HOB,NM,ASW,CE,Federal Contract Tower,0,2,6,0,8,0,8,13,0,21,0,10,19,0,29,16,0,16,45
01/01/2021,HOB,NM,ASW,CE,Federal Contract Tower,0,2,0,0,2,0,2,8,0,10,0,4,8,0,12,24,0,24,36
01/02/2021,HOB,NM,ASW,CE,Federal Contract Tower,0,0,0,0,0,0,0,10,0,10,0,0,10,0,10,6,0,6,16
01/03/2021,HOB,NM,ASW,CE,Federal Contract Tower,0,2,0,0,2,0,1,12,0,13,0,3,12,0,15,12,0,12,27
01/04/2021,HOB,NM,ASW,CE,Federal Contract Tower,0,4,8,0,12,0,2,9,0,11,0,6,17,0,23,0,0,0,23
01/05/2021,HOB,NM,ASW,CE,Federal Contract Tower,0,0,0,0,0,0,4,27,0,31,0,4,27,0,31,12,0,12,43
01/06/2021,HOB,NM,ASW,CE,Federal Contract Tower,0,3,0,0,3,0,8,8,2,18,0,11,8,2,21,0,0,0,21
01/07/2021,HOB,NM,ASW,CE,Federal Contract Tower,0,3,3,0,6,0,6,20,0,26,0,9,23,0,32,6,0,6,38
01/08/2021,HOB,NM,ASW,CE,Federal Contract Tower,0,4,4,0,8,0,2,12,0,14,0,6,16,0,22,16,0,16,38
01/09/2021,HOB,NM,ASW,CE,Federal Contract Tower,0,0,0,0,0,0,0,0,0,0,0,0,0,0,0,0,0,0,0
01/10/2021,HOB,NM,ASW,CE,Federal Contract Tower,0,2,0,0,2,0,0,0,0,0,0,2,0,0,2,0,0,0,2
01/11/2021,HOB,NM,ASW,CE,Federal Contract Tower,0,7,4,0,11,0,2,5,0,7,0,9,9,0,18,0,0,0,18
01/12/2021,HOB,NM,ASW,CE,Federal Contract Tower,0,4,1,0,5,0,2,15,0,17,0,6,16,0,22,42,0,42,64
01/13/2021,HOB,NM,ASW,CE,Federal Contract Tower,0,2,4,0,6,0,3,12,0,15,0,5,16,0,21,10,0,10,31
01/14/2021,HOB,NM,ASW,CE,Federal Contract Tower,0,2,3,0,5,0,2,16,0,18,0,4,19,0,23,10,0,10,33
01/15/2021,HOB,NM,ASW,CE,Federal Contract Tower,0,2,3,0,5,0,2,29,0,31,0,4,32,0,36,0,4,4,40
01/16/2021,HOB,NM,ASW,CE,Federal Contract Tower,0,0,3,0,3,0,3,10,0,13,0,3,13,0,16,28,0,28,44
01/17/2021,HOB,NM,ASW,CE,Federal Contract Tower,0,2,2,0,4,0,0,12,0,12,0,2,14,0,16,34,0,34,50
01/18/2021,HOB,NM,ASW,CE,Federal Contract Tower,0,4,4,0,8,0,2,18,0,20,0,6,22,0,28,14,0,14,42
01/19/2021,HOB,NM,ASW,CE,Federal Contract Tower,0,2,1,0,3,0,2,0,0,2,0,4,1,0,5,0,0,0,5
01/20/2021,HOB,NM,ASW,CE,Federal Contract Tower,0,9,4,0,13,0,5,3,0,8,0,14,7,0,21,0,0,0,21
01/21/2021,HOB,NM,ASW,CE,Federal Contract Tower,0,3,6,0,9,0,9,23,0,32,0,12,29,0,41,6,0,6,47
01/22/2021,HOB,NM,ASW,CE,Federal Contract Tower,0,3,2,0,5,0,0,0,0,0,0,3,2,0,5,32,2,34,39
01/23/2021,HOB,NM,ASW,CE,Federal Contract Tower,0,0,1,0,1,0,2,24,0,26,0,2,25,0,27,16,0,16,43
01/24/2021,HOB,NM,ASW,CE,Federal Contract Tower,0,1,0,0,1,0,0,13,0,13,0,1,13,0,14,26,0,26,40
01/25/2021,HOB,NM,ASW,CE,Federal Contract Tower,0,7,6,0,13,0,3,6,0,9,0,10,12,0,22,0,0,0,22
01/26/2021,HOB,NM,ASW,CE,Federal Contract Tower,0,3,2,0,5,0,3,5,0,8,0,6,7,0,13,0,0,0,13
01/27/2021,HOB,NM,ASW,CE,Federal Contract Tower,0,2,3,2,7,0,4,10,0,14,0,6,13,2,21,18,0,18,39
01/28/2021,HOB,NM,ASW,CE,Federal Contract Tower,0,3,5,0,8,0,2,16,0,18,0,5,21,0,26,4,0,4,30
01/29/2021,HOB,NM,ASW,CE,Federal Contract Tower,0,3,0,0,3,0,5,7,0,12,0,8,7,0,15,0,0,0,15
01/30/2021,HOB,NM,ASW,CE,Federal Contract Tower,0,1,1,0,2,0,0,4,0,4,0,1,5,0,6,0,0,0,6
01/31/2021,HOB,NM,ASW,CE,Federal Contract Tower,0,3,2,0,5,0,2,18,0,20,0,5,20,0,25,28,0,28,53
02/01/2021,HOB,NM,ASW,CE,Federal Contract Tower,0,2,3,0,5,0,1,5,0,6,0,3,8,0,11,0,0,0,11
02/02/2021,HOB,NM,ASW,CE,Federal Contract Tower,0,0,1,2,3,0,2,15,0,17,0,2,16,2,20,14,0,14,34
02/03/2021,HOB,NM,ASW,CE,Federal Contract Tower,0,2,1,0,3,0,4,13,0,17,0,6,14,0,20,0,0,0,20
02/04/2021,HOB,NM,ASW,CE,Federal Contract Tower,0,0,4,0,4,0,3,10,0,13,0,3,14,0,17,0,0,0,17
02/05/2021,HOB,NM,ASW,CE,Federal Contract Tower,0,2,1,0,3,0,5,21,0,26,0,7,22,0,29,8,0,8,37
02/06/2021,HOB,NM,ASW,CE,Federal Contract Tower,0,0,0,0,0,0,0,10,0,10,0,0,10,0,10,0,0,0,10
02/07/2021,HOB,NM,ASW,CE,Federal Contract Tower,0,2,0,0,2,0,0,8,0,8,0,2,8,0,10,22,0,22,32
02/08/2021,HOB,NM,ASW,CE,Federal Contract Tower,0,4,5,4,13,0,1,14,0,15,0,5,19,4,28,0,0,0,28
02/09/2021,HOB,NM,ASW,CE,Federal Contract Tower,0,1,1,1,3,0,2,15,1,18,0,3,16,2,21,2,0,2,23
02/10/2021,HOB,NM,ASW,CE,Federal Contract Tower,0,3,5,2,10,0,0,0,0,0,0,3,5,2,10,0,0,0,10
02/11/2021,HOB,NM,ASW,CE,Federal Contract Tower,0,0,5,0,5,0,1,0,0,1,0,1,5,0,6,0,0,0,6
02/12/2021,HOB,NM,ASW,CE,Federal Contract Tower,0,2,10,0,12,0,0,2,0,2,0,2,12,0,14,0,0,0,14
02/13/2021,HOB,NM,ASW,CE,Federal Contract Tower,0,0,0,0,0,0,0,0,0,0,0,0,0,0,0,0,0,0,0
02/14/2021,HOB,NM,ASW,CE,Federal Contract Tower,0,2,0,0,2,0,0,0,0,0,0,2,0,0,2,0,0,0,2
02/15/2021,HOB,NM,ASW,CE,Federal Contract Tower,0,6,0,0,6,0,0,4,0,4,0,6,4,0,10,0,0,0,10
02/16/2021,HOB,NM,ASW,CE,Federal Contract Tower,0,0,7,0,7,0,0,9,0,9,0,0,16,0,16,22,0,22,38
02/17/2021,HOB,NM,ASW,CE,Federal Contract Tower,0,0,1,0,1,0,0,4,0,4,0,0,5,0,5,0,0,0,5
02/18/2021,HOB,NM,ASW,CE,Federal Contract Tower,0,1,3,0,4,0,0,0,0,0,0,1,3,0,4,8,0,8,12
02/19/2021,HOB,NM,ASW,CE,Federal Contract Tower,0,3,4,0,7,0,2,10,0,12,0,5,14,0,19,6,0,6,25
02/20/2021,HOB,NM,ASW,CE,Federal Contract Tower,0,0,0,0,0,0,4,21,0,25,0,4,21,0,25,14,0,14,39
02/21/2021,HOB,NM,ASW,CE,Federal Contract Tower,0,2,2,0,4,0,0,9,0,9,0,2,11,0,13,0,0,0,13
02/22/2021,HOB,NM,ASW,CE,Federal Contract Tower,0,2,3,0,5,0,3,13,0,16,0,5,16,0,21,4,0,4,25
02/23/2021,HOB,NM,ASW,CE,Federal Contract Tower,0,0,0,0,0,0,2,7,6,15,0,2,7,6,15,0,14,14,29
02/24/2021,HOB,NM,ASW,CE,Federal Contract Tower,0,2,5,0,7,0,0,17,2,19,0,2,22,2,26,12,0,12,38
02/25/2021,HOB,NM,ASW,CE,Federal Contract Tower,0,2,8,0,10,0,0,10,0,10,0,2,18,0,20,0,0,0,20
02/26/2021,HOB,NM,ASW,CE,Federal Contract Tower,0,2,2,0,4,0,1,29,0,30,0,3,31,0,34,0,0,0,34
02/27/2021,HOB,NM,ASW,CE,Federal Contract Tower,0,2,0,0,2,0,0,0,0,0,0,2,0,0,2,0,0,0,2
02/28/2021,HOB,NM,ASW,CE,Federal Contract Tower,0,2,1,0,3,0,0,10,0,10,0,2,11,0,13,2,0,2,15
03/01/2021,HOB,NM,ASW,CE,Federal Contract Tower,0,4,2,0,6,0,0,3,0,3,0,4,5,0,9,4,0,4,13
03/02/2021,HOB,NM,ASW,CE,Federal Contract Tower,0,5,8,0,13,0,0,24,0,24,0,5,32,0,37,14,0,14,51
03/03/2021,HOB,NM,ASW,CE,Federal Contract Tower,0,3,2,0,5,0,2,13,0,15,0,5,15,0,20,0,0,0,20
03/04/2021,HOB,NM,ASW,CE,Federal Contract Tower,0,2,5,0,7,0,0,19,0,19,0,2,24,0,26,0,0,0,26
03/05/2021,HOB,NM,ASW,CE,Federal Contract Tower,0,2,2,0,4,0,0,15,14,29,0,2,17,14,33,0,0,0,33
03/06/2021,HOB,NM,ASW,CE,Federal Contract Tower,0,1,0,0,1,0,2,17,0,19,0,3,17,0,20,30,0,30,50
03/07/2021,HOB,NM,ASW,CE,Federal Contract Tower,0,0,2,0,2,0,0,14,0,14,0,0,16,0,16,0,0,0,16
03/08/2021,HOB,NM,ASW,CE,Federal Contract Tower,0,1,2,0,3,0,0,11,0,11,0,1,13,0,14,0,0,0,14
03/09/2021,HOB,NM,ASW,CE,Federal Contract Tower,0,2,0,0,2,0,0,10,0,10,0,2,10,0,12,0,0,0,12
03/10/2021,HOB,NM,ASW,CE,Federal Contract Tower,0,2,3,0,5,0,0,12,0,12,0,2,15,0,17,4,0,4,21
03/11/2021,HOB,NM,ASW,CE,Federal Contract Tower,0,3,4,0,7,0,2,21,0,23,0,5,25,0,30,0,0,0,30
03/12/2021,HOB,NM,ASW,CE,Federal Contract Tower,0,0,3,0,3,0,0,11,0,11,0,0,14,0,14,12,0,12,26
03/13/2021,HOB,NM,ASW,CE,Federal Contract Tower,0,2,1,0,3,0,0,0,0,0,0,2,1,0,3,0,0,0,3
03/14/2021,HOB,NM,ASW,CE,Federal Contract Tower,0,0,0,0,0,0,0,2,0,2,0,0,2,0,2,0,0,0,2
03/15/2021,HOB,NM,ASW,CE,Federal Contract Tower,0,2,6,0,8,0,0,12,0,12,0,2,18,0,20,0,0,0,20
03/16/2021,HOB,NM,ASW,CE,Federal Contract Tower,0,6,5,0,11,0,3,15,0,18,0,9,20,0,29,0,0,0,29
03/17/2021,HOB,NM,ASW,CE,Federal Contract Tower,0,0,2,0,2,0,2,4,6,12,0,2,6,6,14,0,0,0,14
03/18/2021,HOB,NM,ASW,CE,Federal Contract Tower,0,1,5,1,7,0,1,23,1,25,0,2,28,2,32,0,0,0,32
03/19/2021,HOB,NM,ASW,CE,Federal Contract Tower,0,2,2,0,4,0,0,0,0,0,0,2,2,0,4,0,0,0,4
03/20/2021,HOB,NM,ASW,CE,Federal Contract Tower,0,3,2,0,5,0,0,0,0,0,0,3,2,0,5,0,0,0,5
03/21/2021,HOB,NM,ASW,CE,Federal Contract Tower,0,0,2,0,2,0,6,0,0,6,0,6,2,0,8,8,0,8,16
03/22/2021,HOB,NM,ASW,CE,Federal Contract Tower,0,1,9,0,10,0,0,6,0,6,0,1,15,0,16,0,0,0,16
03/23/2021,HOB,NM,ASW,CE,Federal Contract Tower,0,2,1,0,3,0,0,14,0,14,0,2,15,0,17,0,0,0,17
03/24/2021,HOB,NM,ASW,CE,Federal Contract Tower,0,2,4,1,7,0,0,6,1,7,0,2,10,2,14,0,0,0,14
03/25/2021,HOB,NM,ASW,CE,Federal Contract Tower,0,1,6,0,7,0,0,21,0,21,0,1,27,0,28,0,0,0,28
03/26/2021,HOB,NM,ASW,CE,Federal Contract Tower,0,0,0,0,0,0,0,9,0,9,0,0,9,0,9,6,0,6,15
03/27/2021,HOB,NM,ASW,CE,Federal Contract Tower,0,3,3,0,6,0,0,8,0,8,0,3,11,0,14,6,0,6,20
03/28/2021,HOB,NM,ASW,CE,Federal Contract Tower,0,0,0,0,0,0,0,14,0,14,0,0,14,0,14,24,0,24,38
03/29/2021,HOB,NM,ASW,CE,Federal Contract Tower,0,2,2,0,4,0,0,14,0,14,0,2,16,0,18,0,0,0,18
03/30/2021,HOB,NM,ASW,CE,Federal Contract Tower,0,2,5,2,9,0,0,23,0,23,0,2,28,2,32,6,0,6,38
03/31/2021,HOB,NM,ASW,CE,Federal Contract Tower,0,2,6,4,12,0,0,21,4,25,0,2,27,8,37,0,0,0,37
04/01/2021,HOB,NM,ASW,CE,Federal Contract Tower,0,3,11,4,18,0,0,16,0,16,0,3,27,4,34,0,0,0,34
04/02/2021,HOB,NM,ASW,CE,Federal Contract Tower,0,0,1,0,1,0,0,12,0,12,0,0,13,0,13,0,0,0,13
04/03/2021,HOB,NM,ASW,CE,Federal Contract Tower,0,1,2,0,3,0,0,12,0,12,0,1,14,0,15,2,0,2,17
04/04/2021,HOB,NM,ASW,CE,Federal Contract Tower,0,0,3,0,3,0,0,2,0,2,0,0,5,0,5,0,0,0,5
04/05/2021,HOB,NM,ASW,CE,Federal Contract Tower,0,0,6,0,6,0,0,11,0,11,0,0,17,0,17,0,0,0,17
04/06/2021,HOB,NM,ASW,CE,Federal Contract Tower,0,2,5,0,7,0,5,9,2,16,0,7,14,2,23,0,6,6,29
04/07/2021,HOB,NM,ASW,CE,Federal Contract Tower,0,0,0,2,2,0,0,22,2,24,0,0,22,4,26,0,0,0,26
04/08/2021,HOB,NM,ASW,CE,Federal Contract Tower,0,3,8,0,11,0,0,26,2,28,0,3,34,2,39,10,14,24,63
04/09/2021,HOB,NM,ASW,CE,Federal Contract Tower,0,2,4,0,6,0,0,4,0,4,0,2,8,0,10,0,0,0,10
04/10/2021,HOB,NM,ASW,CE,Federal Contract Tower,0,1,1,0,2,0,0,4,3,7,0,1,5,3,9,8,0,8,17
04/11/2021,HOB,NM,ASW,CE,Federal Contract Tower,0,0,3,0,3,0,0,11,0,11,0,0,14,0,14,4,0,4,18
04/12/2021,HOB,NM,ASW,CE,Federal Contract Tower,0,1,4,0,5,0,0,8,0,8,0,1,12,0,13,0,0,0,13
04/13/2021,HOB,NM,ASW,CE,Federal Contract Tower,0,4,1,0,5,0,0,15,0,15,0,4,16,0,20,0,0,0,20
04/14/2021,HOB,NM,ASW,CE,Federal Contract Tower,0,5,4,0,9,0,0,2,0,2,0,5,6,0,11,0,0,0,11
04/15/2021,HOB,NM,ASW,CE,Federal Contract Tower,0,2,2,0,4,0,0,0,0,0,0,2,2,0,4,0,0,0,4
04/16/2021,HOB,NM,ASW,CE,Federal Contract Tower,0,5,2,0,7,0,0,5,0,5,0,5,7,0,12,26,0,26,38
04/17/2021,HOB,NM,ASW,CE,Federal Contract Tower,0,1,1,0,2,0,0,9,0,9,0,1,10,0,11,24,0,24,35
04/18/2021,HOB,NM,ASW,CE,Federal Contract Tower,0,0,1,0,1,0,0,20,0,20,0,0,21,0,21,8,0,8,29
04/19/2021,HOB,NM,ASW,CE,Federal Contract Tower,0,1,10,0,11,0,2,12,0,14,0,3,22,0,25,0,0,0,25
04/20/2021,HOB,NM,ASW,CE,Federal Contract Tower,0,1,4,0,5,0,0,19,0,19,0,1,23,0,24,0,0,0,24
04/21/2021,HOB,NM,ASW,CE,Federal Contract Tower,0,0,2,0,2,0,1,6,0,7,0,1,8,0,9,0,0,0,9
04/22/2021,HOB,NM,ASW,CE,Federal Contract Tower,0,1,5,2,8,0,2,23,4,29,0,3,28,6,37,10,10,20,57
04/23/2021,HOB,NM,ASW,CE,Federal Contract Tower,0,3,3,0,6,0,1,12,0,13,0,4,15,0,19,0,0,0,19
04/24/2021,HOB,NM,ASW,CE,Federal Contract Tower,0,3,1,0,4,0,0,5,8,13,0,3,6,8,17,14,0,14,31
04/25/2021,HOB,NM,ASW,CE,Federal Contract Tower,0,0,2,0,2,0,0,3,0,3,0,0,5,0,5,0,0,0,5
04/26/2021,HOB,NM,ASW,CE,Federal Contract Tower,0,0,6,2,8,0,0,21,0,21,0,0,27,2,29,36,0,36,65
04/27/2021,HOB,NM,ASW,CE,Federal Contract Tower,0,1,4,0,5,0,0,11,2,13,0,1,15,2,18,40,0,40,58
04/28/2021,HOB,NM,ASW,CE,Federal Contract Tower,0,3,5,0,8,0,0,8,0,8,0,3,13,0,16,42,0,42,58
04/29/2021,HOB,NM,ASW,CE,Federal Contract Tower,0,2,4,2,8,0,0,7,0,7,0,2,11,2,15,12,0,12,27
04/30/2021,HOB,NM,ASW,CE,Federal Contract Tower,0,2,7,0,9,0,0,10,0,10,0,2,17,0,19,0,0,0,19
05/01/2021,HOB,NM,ASW,CE,Federal Contract Tower,0,1,3,0,4,0,3,15,0,18,0,4,18,0,22,26,0,26,48
05/02/2021,HOB,NM,ASW,CE,Federal Contract Tower,0,2,2,0,4,0,0,12,0,12,0,2,14,0,16,16,0,16,32
05/03/2021,HOB,NM,ASW,CE,Federal Contract Tower,0,1,1,0,2,0,0,11,0,11,0,1,12,0,13,8,0,8,21
05/04/2021,HOB,NM,ASW,CE,Federal Contract Tower,0,1,0,0,1,0,0,15,0,15,0,1,15,0,16,28,0,28,44
05/05/2021,HOB,NM,ASW,CE,Federal Contract Tower,0,2,0,0,2,0,0,0,0,0,0,2,0,0,2,8,0,8,10
05/06/2021,HOB,NM,ASW,CE,Federal Contract Tower,0,1,4,0,5,0,2,21,8,31,0,3,25,8,36,0,0,0,36
05/07/2021,HOB,NM,ASW,CE,Federal Contract Tower,0,8,5,0,13,0,2,18,0,20,0,10,23,0,33,2,0,2,35
05/08/2021,HOB,NM,ASW,CE,Federal Contract Tower,0,3,2,0,5,0,0,4,0,4,0,3,6,0,9,0,0,0,9
05/09/2021,HOB,NM,ASW,CE,Federal Contract Tower,0,2,1,0,3,0,0,7,0,7,0,2,8,0,10,2,0,2,12
05/10/2021,HOB,NM,ASW,CE,Federal Contract Tower,0,1,2,0,3,0,0,2,0,2,0,1,4,0,5,0,2,2,7
05/11/2021,HOB,NM,ASW,CE,Federal Contract Tower,0,7,9,0,16,0,0,1,0,1,0,7,10,0,17,0,0,0,17
05/12/2021,HOB,NM,ASW,CE,Federal Contract Tower,0,1,6,6,13,0,0,16,0,16,0,1,22,6,29,20,0,20,49
05/13/2021,HOB,NM,ASW,CE,Federal Contract Tower,0,3,4,0,7,0,0,20,0,20,0,3,24,0,27,0,0,0,27
05/14/2021,HOB,NM,ASW,CE,Federal Contract Tower,0,2,8,0,10,0,1,17,0,18,0,3,25,0,28,16,0,16,44
05/15/2021,HOB,NM,ASW,CE,Federal Contract Tower,0,1,0,0,1,0,3,3,0,6,0,4,3,0,7,10,0,10,17
05/16/2021,HOB,NM,ASW,CE,Federal Contract Tower,0,1,4,0,5,0,3,13,2,18,0,4,17,2,23,0,0,0,23
05/17/2021,HOB,NM,ASW,CE,Federal Contract Tower,0,2,5,0,7,0,0,12,0,12,0,2,17,0,19,6,0,6,25
05/19/2021,HOB,NM,ASW,CE,Federal Contract Tower,0,3,3,0,6,0,4,10,0,14,0,7,13,0,20,16,0,16,36
05/20/2021,HOB,NM,ASW,CE,Federal Contract Tower,0,4,5,0,9,0,0,14,0,14,0,4,19,0,23,0,0,0,23
05/21/2021,HOB,NM,ASW,CE,Federal Contract Tower,1,0,2,0,3,0,0,25,0,25,1,0,27,0,28,0,0,0,28
05/22/2021,HOB,NM,ASW,CE,Federal Contract Tower,0,5,1,0,6,0,0,4,0,4,0,5,5,0,10,4,0,4,14
05/23/2021,HOB,NM,ASW,CE,Federal Contract Tower,0,2,0,2,4,0,0,7,0,7,0,2,7,2,11,2,0,2,13
05/24/2021,HOB,NM,ASW,CE,Federal Contract Tower,0,5,5,0,10,0,0,6,0,6,0,5,11,0,16,0,0,0,16
05/25/2021,HOB,NM,ASW,CE,Federal Contract Tower,0,1,7,0,8,0,0,4,0,4,0,1,11,0,12,0,0,0,12
05/26/2021,HOB,NM,ASW,CE,Federal Contract Tower,0,4,5,0,9,0,1,21,0,22,0,5,26,0,31,0,0,0,31
05/27/2021,HOB,NM,ASW,CE,Federal Contract Tower,0,2,3,2,7,0,0,14,8,22,0,2,17,10,29,0,0,0,29
05/28/2021,HOB,NM,ASW,CE,Federal Contract Tower,0,2,6,0,8,0,0,10,0,10,0,2,16,0,18,0,0,0,18
05/29/2021,HOB,NM,ASW,CE,Federal Contract Tower,0,9,3,0,12,0,2,4,0,6,0,11,7,0,18,0,0,0,18
05/30/2021,HOB,NM,ASW,CE,Federal Contract Tower,0,6,2,0,8,0,0,2,0,2,0,6,4,0,10,0,0,0,10
05/31/2021,HOB,NM,ASW,CE,Federal Contract Tower,0,3,4,0,7,0,1,3,0,4,0,4,7,0,11,0,0,0,11
06/01/2021,HOB,NM,ASW,CE,Federal Contract Tower,0,1,5,0,6,0,1,12,0,13,0,2,17,0,19,0,0,0,19
06/02/2021,HOB,NM,ASW,CE,Federal Contract Tower,1,0,5,0,6,0,5,6,0,11,1,5,11,0,17,0,0,0,17
06/03/2021,HOB,NM,ASW,CE,Federal Contract Tower,0,2,3,0,5,0,0,22,0,22,0,2,25,0,27,14,0,14,41
06/04/2021,HOB,NM,ASW,CE,Federal Contract Tower,0,0,3,2,5,0,1,13,0,14,0,1,16,2,19,0,0,0,19
06/05/2021,HOB,NM,ASW,CE,Federal Contract Tower,0,1,2,0,3,0,0,2,0,2,0,1,4,0,5,0,0,0,5
06/06/2021,HOB,NM,ASW,CE,Federal Contract Tower,0,3,2,0,5,0,0,0,0,0,0,3,2,0,5,0,0,0,5
06/07/2021,HOB,NM,ASW,CE,Federal Contract Tower,0,3,7,0,10,0,0,9,0,9,0,3,16,0,19,0,0,0,19
06/08/2021,HOB,NM,ASW,CE,Federal Contract Tower,0,4,4,2,10,0,0,20,0,20,0,4,24,2,30,0,0,0,30
06/09/2021,HOB,NM,ASW,CE,Federal Contract Tower,0,2,15,0,17,0,4,32,0,36,0,6,47,0,53,14,0,14,67
06/10/2021,HOB,NM,ASW,CE,Federal Contract Tower,0,1,5,0,6,0,2,18,2,22,0,3,23,2,28,0,0,0,28
06/11/2021,HOB,NM,ASW,CE,Federal Contract Tower,0,5,6,0,11,0,0,13,0,13,0,5,19,0,24,14,0,14,38
06/12/2021,HOB,NM,ASW,CE,Federal Contract Tower,0,1,2,0,3,0,0,12,0,12,0,1,14,0,15,2,0,2,17
06/13/2021,HOB,NM,ASW,CE,Federal Contract Tower,0,1,2,0,3,0,0,8,0,8,0,1,10,0,11,14,0,14,25
06/14/2021,HOB,NM,ASW,CE,Federal Contract Tower,0,1,2,0,3,0,1,8,0,9,0,2,10,0,12,0,0,0,12
06/15/2021,HOB,NM,ASW,CE,Federal Contract Tower,0,3,3,0,6,0,2,9,0,11,0,5,12,0,17,6,0,6,23
06/16/2021,HOB,NM,ASW,CE,Federal Contract Tower,0,3,3,0,6,0,1,9,0,10,0,4,12,0,16,8,0,8,24
06/17/2021,HOB,NM,ASW,CE,Federal Contract Tower,0,1,5,0,6,0,0,12,0,12,0,1,17,0,18,0,0,0,18
06/18/2021,HOB,NM,ASW,CE,Federal Contract Tower,0,1,1,0,2,0,0,11,0,11,0,1,12,0,13,20,0,20,33
06/19/2021,HOB,NM,ASW,CE,Federal Contract Tower,0,1,0,0,1,0,0,12,0,12,0,1,12,0,13,0,0,0,13
06/20/2021,HOB,NM,ASW,CE,Federal Contract Tower,0,1,2,0,3,0,2,2,0,4,0,3,4,0,7,22,0,22,29
06/21/2021,HOB,NM,ASW,CE,Federal Contract Tower,0,1,7,0,8,0,0,0,0,0,0,1,7,0,8,0,0,0,8
06/22/2021,HOB,NM,ASW,CE,Federal Contract Tower,0,0,6,0,6,0,0,13,0,13,0,0,19,0,19,0,0,0,19
06/23/2021,HOB,NM,ASW,CE,Federal Contract Tower,0,3,9,0,12,0,0,15,0,15,0,3,24,0,27,0,0,0,27
06/24/2021,HOB,NM,ASW,CE,Federal Contract Tower,0,3,6,0,9,0,2,17,0,19,0,5,23,0,28,0,0,0,28
06/25/2021,HOB,NM,ASW,CE,Federal Contract Tower,0,1,7,0,8,0,0,18,0,18,0,1,25,0,26,12,0,12,38
06/26/2021,HOB,NM,ASW,CE,Federal Contract Tower,0,1,0,0,1,0,0,0,0,0,0,1,0,0,1,0,0,0,1
06/27/2021,HOB,NM,ASW,CE,Federal Contract Tower,0,5,3,0,8,0,3,3,0,6,0,8,6,0,14,6,0,6,20
06/28/2021,HOB,NM,ASW,CE,Federal Contract Tower,0,3,2,0,5,0,0,3,0,3,0,3,5,0,8,0,0,0,8
06/29/2021,HOB,NM,ASW,CE,Federal Contract Tower,0,1,3,0,4,0,0,12,0,12,0,1,15,0,16,0,0,0,16
06/30/2021,HOB,NM,ASW,CE,Federal Contract Tower,0,1,8,0,9,0,3,4,0,7,0,4,12,0,16,0,0,0,16
07/01/2021,HOB,NM,ASW,CE,Federal Contract Tower,0,5,1,0,6,0,0,16,2,18,0,5,17,2,24,12,8,20,44
07/02/2021,HOB,NM,ASW,CE,Federal Contract Tower,0,1,3,0,4,0,1,11,0,12,0,2,14,0,16,0,0,0,16
07/03/2021,HOB,NM,ASW,CE,Federal Contract Tower,0,6,0,0,6,0,3,3,0,6,0,9,3,0,12,6,0,6,18
07/05/2021,HOB,NM,ASW,CE,Federal Contract Tower,0,2,1,0,3,0,4,7,0,11,0,6,8,0,14,0,0,0,14
07/06/2021,HOB,NM,ASW,CE,Federal Contract Tower,0,1,7,0,8,0,0,9,0,9,0,1,16,0,17,0,0,0,17
07/07/2021,HOB,NM,ASW,CE,Federal Contract Tower,0,4,12,0,16,0,4,5,0,9,0,8,17,0,25,12,0,12,37
07/08/2021,HOB,NM,ASW,CE,Federal Contract Tower,0,4,3,0,7,0,2,9,0,11,0,6,12,0,18,22,0,22,40
07/09/2021,HOB,NM,ASW,CE,Federal Contract Tower,0,0,1,0,1,0,0,16,0,16,0,0,17,0,17,3,0,3,20
07/10/2021,HOB,NM,ASW,CE,Federal Contract Tower,0,1,0,0,1,0,0,7,0,7,0,1,7,0,8,0,0,0,8
07/11/2021,HOB,NM,ASW,CE,Federal Contract Tower,0,3,4,0,7,0,1,2,0,3,0,4,6,0,10,0,0,0,10
07/12/2021,HOB,NM,ASW,CE,Federal Contract Tower,0,1,6,0,7,0,0,5,0,5,0,1,11,0,12,0,0,0,12
07/13/2021,HOB,NM,ASW,CE,Federal Contract Tower,0,0,4,0,4,0,0,10,2,12,0,0,14,2,16,0,12,12,28
07/14/2021,HOB,NM,ASW,CE,Federal Contract Tower,0,3,2,0,5,0,0,16,0,16,0,3,18,0,21,0,0,0,21
07/15/2021,HOB,NM,ASW,CE,Federal Contract Tower,0,5,8,0,13,0,2,27,0,29,0,7,35,0,42,2,0,2,44
07/16/2021,HOB,NM,ASW,CE,Federal Contract Tower,0,0,0,0,0,0,3,8,0,11,0,3,8,0,11,0,0,0,11
07/17/2021,HOB,NM,ASW,CE,Federal Contract Tower,0,1,4,0,5,0,1,9,0,10,0,2,13,0,15,14,0,14,29
07/18/2021,HOB,NM,ASW,CE,Federal Contract Tower,0,1,2,0,3,0,4,7,0,11,0,5,9,0,14,20,0,20,34
07/19/2021,HOB,NM,ASW,CE,Federal Contract Tower,0,1,0,0,1,0,2,7,0,9,0,3,7,0,10,0,0,0,10
07/20/2021,HOB,NM,ASW,CE,Federal Contract Tower,0,1,4,0,5,0,3,1,0,4,0,4,5,0,9,0,0,0,9
07/21/2021,HOB,NM,ASW,CE,Federal Contract Tower,0,5,4,0,9,0,2,7,0,9,0,7,11,0,18,38,0,38,56
07/22/2021,HOB,NM,ASW,CE,Federal Contract Tower,0,5,4,0,9,0,2,21,0,23,0,7,25,0,32,8,0,8,40
07/23/2021,HOB,NM,ASW,CE,Federal Contract Tower,0,7,1,0,8,0,3,3,0,6,0,10,4,0,14,2,0,2,16
07/24/2021,HOB,NM,ASW,CE,Federal Contract Tower,0,1,1,0,2,0,0,4,0,4,0,1,5,0,6,0,0,0,6
07/25/2021,HOB,NM,ASW,CE,Federal Contract Tower,0,3,4,0,7,0,0,4,0,4,0,3,8,0,11,0,0,0,11
07/26/2021,HOB,NM,ASW,CE,Federal Contract Tower,0,3,3,0,6,0,4,9,0,13,0,7,12,0,19,0,0,0,19
07/27/2021,HOB,NM,ASW,CE,Federal Contract Tower,0,1,4,0,5,0,0,7,0,7,0,1,11,0,12,0,0,0,12
07/28/2021,HOB,NM,ASW,CE,Federal Contract Tower,0,4,1,0,5,0,2,5,0,7,0,6,6,0,12,16,0,16,28
07/29/2021,HOB,NM,ASW,CE,Federal Contract Tower,0,3,2,0,5,0,1,14,0,15,0,4,16,0,20,8,0,8,28
07/30/2021,HOB,NM,ASW,CE,Federal Contract Tower,0,0,2,0,2,0,2,5,0,7,0,2,7,0,9,12,0,12,21
07/31/2021,HOB,NM,ASW,CE,Federal Contract Tower,0,3,3,0,6,0,0,15,0,15,0,3,18,0,21,0,0,0,21
08/01/2021,HOB,NM,ASW,CE,Federal Contract Tower,0,1,1,0,2,0,2,3,0,5,0,3,4,0,7,0,0,0,7
08/02/2021,HOB,NM,ASW,CE,Federal Contract Tower,0,3,2,0,5,0,0,7,0,7,0,3,9,0,12,0,0,0,12
08/03/2021,HOB,NM,ASW,CE,Federal Contract Tower,0,1,0,0,1,0,5,7,0,12,0,6,7,0,13,6,0,6,19
08/04/2021,HOB,NM,ASW,CE,Federal Contract Tower,0,2,8,0,10,0,3,12,0,15,0,5,20,0,25,0,0,0,25
08/05/2021,HOB,NM,ASW,CE,Federal Contract Tower,0,1,4,0,5,0,8,14,0,22,0,9,18,0,27,0,0,0,27
08/06/2021,HOB,NM,ASW,CE,Federal Contract Tower,0,2,0,0,2,0,1,12,0,13,0,3,12,0,15,6,0,6,21
08/07/2021,HOB,NM,ASW,CE,Federal Contract Tower,0,3,0,0,3,0,0,9,0,9,0,3,9,0,12,2,0,2,14
08/08/2021,HOB,NM,ASW,CE,Federal Contract Tower,0,1,2,0,3,0,0,13,0,13,0,1,15,0,16,0,0,0,16
08/09/2021,HOB,NM,ASW,CE,Federal Contract Tower,0,1,2,2,5,0,0,9,0,9,0,1,11,2,14,0,0,0,14
08/10/2021,HOB,NM,ASW,CE,Federal Contract Tower,0,4,6,0,10,0,1,18,0,19,0,5,24,0,29,0,0,0,29
08/11/2021,HOB,NM,ASW,CE,Federal Contract Tower,0,5,5,0,10,0,3,19,2,24,0,8,24,2,34,0,0,0,34
08/12/2021,HOB,NM,ASW,CE,Federal Contract Tower,0,8,4,0,12,0,1,22,0,23,0,9,26,0,35,0,0,0,35
08/13/2021,HOB,NM,ASW,CE,Federal Contract Tower,0,4,4,0,8,0,0,0,0,0,0,4,4,0,8,0,0,0,8
08/14/2021,HOB,NM,ASW,CE,Federal Contract Tower,0,6,3,0,9,0,0,4,0,4,0,6,7,0,13,0,0,0,13
08/15/2021,HOB,NM,ASW,CE,Federal Contract Tower,0,5,5,0,10,0,0,6,0,6,0,5,11,0,16,0,0,0,16
08/16/2021,HOB,NM,ASW,CE,Federal Contract Tower,0,1,1,0,2,0,1,5,0,6,0,2,6,0,8,0,0,0,8
08/17/2021,HOB,NM,ASW,CE,Federal Contract Tower,0,7,4,0,11,0,1,3,0,4,0,8,7,0,15,0,0,0,15
08/18/2021,HOB,NM,ASW,CE,Federal Contract Tower,0,4,2,0,6,0,0,1,0,1,0,4,3,0,7,0,0,0,7
08/19/2021,HOB,NM,ASW,CE,Federal Contract Tower,0,5,9,0,14,0,0,14,0,14,0,5,23,0,28,2,0,2,30
08/20/2021,HOB,NM,ASW,CE,Federal Contract Tower,0,1,2,0,3,0,4,7,0,11,0,5,9,0,14,2,0,2,16
08/21/2021,HOB,NM,ASW,CE,Federal Contract Tower,0,2,0,0,2,0,1,13,0,14,0,3,13,0,16,0,0,0,16
08/22/2021,HOB,NM,ASW,CE,Federal Contract Tower,0,0,2,0,2,0,0,9,0,9,0,0,11,0,11,0,0,0,11
08/23/2021,HOB,NM,ASW,CE,Federal Contract Tower,0,2,2,0,4,0,2,10,0,12,0,4,12,0,16,0,0,0,16
08/24/2021,HOB,NM,ASW,CE,Federal Contract Tower,0,3,2,0,5,0,0,6,0,6,0,3,8,0,11,0,0,0,11
08/25/2021,HOB,NM,ASW,CE,Federal Contract Tower,0,2,7,0,9,0,0,9,0,9,0,2,16,0,18,0,0,0,18
08/26/2021,HOB,NM,ASW,CE,Federal Contract Tower,0,0,2,0,2,0,2,17,0,19,0,2,19,0,21,0,0,0,21
08/27/2021,HOB,NM,ASW,CE,Federal Contract Tower,0,2,2,0,4,0,5,12,0,17,0,7,14,0,21,0,0,0,21
08/28/2021,HOB,NM,ASW,CE,Federal Contract Tower,0,1,4,0,5,0,3,23,0,26,0,4,27,0,31,4,0,4,35
08/29/2021,HOB,NM,ASW,CE,Federal Contract Tower,0,1,2,0,3,0,0,9,0,9,0,1,11,0,12,0,0,0,12
08/30/2021,HOB,NM,ASW,CE,Federal Contract Tower,0,1,0,0,1,0,0,4,0,4,0,1,4,0,5,0,0,0,5
08/31/2021,HOB,NM,ASW,CE,Federal Contract Tower,0,0,6,4,10,0,4,17,2,23,0,4,23,6,33,4,4,8,41
09/01/2021,HOB,NM,ASW,CE,Federal Contract Tower,0,2,0,4,6,0,2,10,3,15,0,4,10,7,21,0,8,8,29
09/02/2021,HOB,NM,ASW,CE,Federal Contract Tower,0,2,7,0,9,0,2,7,0,9,0,4,14,0,18,0,0,0,18
09/03/2021,HOB,NM,ASW,CE,Federal Contract Tower,0,3,2,0,5,0,1,10,0,11,0,4,12,0,16,6,0,6,22
09/04/2021,HOB,NM,ASW,CE,Federal Contract Tower,0,1,1,0,2,0,0,21,0,21,0,1,22,0,23,0,0,0,23
09/05/2021,HOB,NM,ASW,CE,Federal Contract Tower,0,0,0,0,0,0,2,2,0,4,0,2,2,0,4,0,0,0,4
09/06/2021,HOB,NM,ASW,CE,Federal Contract Tower,0,1,2,0,3,0,4,13,0,17,0,5,15,0,20,0,0,0,20
09/07/2021,HOB,NM,ASW,CE,Federal Contract Tower,0,0,1,0,1,0,2,8,0,10,0,2,9,0,11,0,0,0,11
09/08/2021,HOB,NM,ASW,CE,Federal Contract Tower,0,1,1,0,2,0,2,7,0,9,0,3,8,0,11,0,0,0,11
09/09/2021,HOB,NM,ASW,CE,Federal Contract Tower,0,4,5,0,9,0,1,9,0,10,0,5,14,0,19,0,0,0,19
09/10/2021,HOB,NM,ASW,CE,Federal Contract Tower,0,4,5,0,9,0,2,11,0,13,0,6,16,0,22,4,0,4,26
09/11/2021,HOB,NM,ASW,CE,Federal Contract Tower,0,0,3,0,3,0,0,8,0,8,0,0,11,0,11,0,0,0,11
09/12/2021,HOB,NM,ASW,CE,Federal Contract Tower,0,3,1,2,6,0,0,11,0,11,0,3,12,2,17,12,0,12,29
09/13/2021,HOB,NM,ASW,CE,Federal Contract Tower,0,3,3,0,6,0,0,12,0,12,0,3,15,0,18,0,0,0,18
09/14/2021,HOB,NM,ASW,CE,Federal Contract Tower,0,0,2,0,2,0,3,17,0,20,0,3,19,0,22,2,0,2,24
09/15/2021,HOB,NM,ASW,CE,Federal Contract Tower,0,2,1,0,3,0,1,17,0,18,0,3,18,0,21,0,0,0,21
09/16/2021,HOB,NM,ASW,CE,Federal Contract Tower,0,5,7,0,12,0,4,13,0,17,0,9,20,0,29,0,0,0,29
09/17/2021,HOB,NM,ASW,CE,Federal Contract Tower,0,3,3,0,6,0,2,24,0,26,0,5,27,0,32,0,0,0,32
09/18/2021,HOB,NM,ASW,CE,Federal Contract Tower,0,3,0,0,3,0,4,10,0,14,0,7,10,0,17,12,0,12,29
09/20/2021,HOB,NM,ASW,CE,Federal Contract Tower,0,4,5,2,11,0,0,10,0,10,0,4,15,2,21,0,0,0,21
09/21/2021,HOB,NM,ASW,CE,Federal Contract Tower,0,5,5,0,10,0,2,6,0,8,0,7,11,0,18,0,0,0,18
09/22/2021,HOB,NM,ASW,CE,Federal Contract Tower,0,1,6,2,9,0,0,18,2,20,0,1,24,4,29,0,4,4,33
09/23/2021,HOB,NM,ASW,CE,Federal Contract Tower,0,2,3,0,5,0,0,14,0,14,0,2,17,0,19,6,0,6,25
09/24/2021,HOB,NM,ASW,CE,Federal Contract Tower,0,3,0,0,3,0,0,20,0,20,0,3,20,0,23,2,0,2,25
09/25/2021,HOB,NM,ASW,CE,Federal Contract Tower,0,1,2,0,3,0,0,3,0,3,0,1,5,0,6,0,0,0,6
09/26/2021,HOB,NM,ASW,CE,Federal Contract Tower,0,3,2,0,5,0,0,7,0,7,0,3,9,0,12,0,0,0,12
09/27/2021,HOB,NM,ASW,CE,Federal Contract Tower,0,4,3,0,7,0,0,11,0,11,0,4,14,0,18,0,0,0,18
09/28/2021,HOB,NM,ASW,CE,Federal Contract Tower,0,0,3,0,3,0,0,7,0,7,0,0,10,0,10,0,0,0,10
09/29/2021,HOB,NM,ASW,CE,Federal Contract Tower,0,5,5,0,10,0,0,18,0,18,0,5,23,0,28,2,0,2,30
09/30/2021,HOB,NM,ASW,CE,Federal Contract Tower,0,3,5,0,8,0,1,10,2,13,0,4,15,2,21,0,4,4,25
10/01/2021,HOB,NM,ASW,CE,Federal Contract Tower,0,3,2,0,5,0,0,5,0,5,0,3,7,0,10,0,0,0,10
10/02/2021,HOB,NM,ASW,CE,Federal Contract Tower,0,1,1,0,2,0,1,12,0,13,0,2,13,0,15,0,0,0,15
10/03/2021,HOB,NM,ASW,CE,Federal Contract Tower,0,2,11,0,13,0,3,10,0,13,0,5,21,0,26,8,0,8,34
10/04/2021,HOB,NM,ASW,CE,Federal Contract Tower,0,5,3,0,8,0,1,13,0,14,0,6,16,0,22,8,0,8,30
10/05/2021,HOB,NM,ASW,CE,Federal Contract Tower,0,2,3,0,5,0,3,13,0,16,0,5,16,0,21,8,0,8,29
10/06/2021,HOB,NM,ASW,CE,Federal Contract Tower,0,2,1,0,3,0,2,15,0,17,0,4,16,0,20,4,0,4,24
10/07/2021,HOB,NM,ASW,CE,Federal Contract Tower,0,3,6,0,9,0,2,20,2,24,0,5,26,2,33,0,2,2,35
10/08/2021,HOB,NM,ASW,CE,Federal Contract Tower,0,5,3,0,8,0,0,18,0,18,0,5,21,0,26,0,0,0,26
10/09/2021,HOB,NM,ASW,CE,Federal Contract Tower,0,1,1,0,2,0,4,10,0,14,0,5,11,0,16,0,0,0,16
10/10/2021,HOB,NM,ASW,CE,Federal Contract Tower,0,2,4,0,6,0,1,5,0,6,0,3,9,0,12,0,0,0,12
10/11/2021,HOB,NM,ASW,CE,Federal Contract Tower,0,4,10,0,14,0,2,9,0,11,0,6,19,0,25,0,0,0,25
10/12/2021,HOB,NM,ASW,CE,Federal Contract Tower,0,7,0,0,7,0,2,8,0,10,0,9,8,0,17,0,0,0,17
10/13/2021,HOB,NM,ASW,CE,Federal Contract Tower,0,3,3,0,6,0,0,20,0,20,0,3,23,0,26,0,0,0,26
10/14/2021,HOB,NM,ASW,CE,Federal Contract Tower,0,1,6,0,7,0,3,5,0,8,0,4,11,0,15,58,0,58,73
10/15/2021,HOB,NM,ASW,CE,Federal Contract Tower,0,2,6,0,8,0,2,7,0,9,0,4,13,0,17,0,0,0,17
10/16/2021,HOB,NM,ASW,CE,Federal Contract Tower,0,1,0,0,1,0,2,9,0,11,0,3,9,0,12,0,0,0,12
10/17/2021,HOB,NM,ASW,CE,Federal Contract Tower,0,3,2,0,5,0,0,9,0,9,0,3,11,0,14,2,0,2,16
10/18/2021,HOB,NM,ASW,CE,Federal Contract Tower,0,2,4,0,6,0,1,14,0,15,0,3,18,0,21,0,0,0,21
10/19/2021,HOB,NM,ASW,CE,Federal Contract Tower,0,2,4,0,6,0,0,31,0,31,0,2,35,0,37,0,0,0,37
10/20/2021,HOB,NM,ASW,CE,Federal Contract Tower,0,1,5,0,6,0,0,16,0,16,0,1,21,0,22,0,0,0,22
10/21/2021,HOB,NM,ASW,CE,Federal Contract Tower,0,3,3,0,6,0,0,14,0,14,0,3,17,0,20,0,0,0,20
10/22/2021,HOB,NM,ASW,CE,Federal Contract Tower,0,6,5,0,11,0,0,10,0,10,0,6,15,0,21,0,0,0,21
10/23/2021,HOB,NM,ASW,CE,Federal Contract Tower,0,2,0,0,2,0,0,16,0,16,0,2,16,0,18,0,0,0,18
10/24/2021,HOB,NM,ASW,CE,Federal Contract Tower,0,3,4,0,7,0,0,14,0,14,0,3,18,0,21,8,0,8,29
10/25/2021,HOB,NM,ASW,CE,Federal Contract Tower,0,2,5,0,7,0,1,12,0,13,0,3,17,0,20,12,0,12,32
10/26/2021,HOB,NM,ASW,CE,Federal Contract Tower,0,3,2,0,5,0,1,8,0,9,0,4,10,0,14,4,8,12,26
10/27/2021,HOB,NM,ASW,CE,Federal Contract Tower,0,3,4,0,7,0,0,9,0,9,0,3,13,0,16,8,0,8,24
10/28/2021,HOB,NM,ASW,CE,Federal Contract Tower,0,7,12,0,19,0,2,17,6,25,0,9,29,6,44,0,0,0,44
10/29/2021,HOB,NM,ASW,CE,Federal Contract Tower,0,2,0,0,2,0,7,13,0,20,0,9,13,0,22,2,0,2,24
10/30/2021,HOB,NM,ASW,CE,Federal Contract Tower,0,7,1,0,8,0,1,11,0,12,0,8,12,0,20,8,0,8,28
10/31/2021,HOB,NM,ASW,CE,Federal Contract Tower,0,5,6,0,11,0,2,5,0,7,0,7,11,0,18,0,0,0,18
11/01/2021,HOB,NM,ASW,CE,Federal Contract Tower,0,4,4,0,8,0,0,7,0,7,0,4,11,0,15,0,0,0,15
11/02/2021,HOB,NM,ASW,CE,Federal Contract Tower,0,1,4,0,5,0,0,9,0,9,0,1,13,0,14,6,0,6,20
11/03/2021,HOB,NM,ASW,CE,Federal Contract Tower,0,11,5,0,16,0,1,2,0,3,0,12,7,0,19,0,0,0,19
11/04/2021,HOB,NM,ASW,CE,Federal Contract Tower,0,7,6,0,13,0,0,16,0,16,0,7,22,0,29,6,0,6,35
11/05/2021,HOB,NM,ASW,CE,Federal Contract Tower,0,7,7,0,14,0,0,13,0,13,0,7,20,0,27,14,0,14,41
11/06/2021,HOB,NM,ASW,CE,Federal Contract Tower,0,1,1,0,2,0,1,17,0,18,0,2,18,0,20,16,0,16,36
11/07/2021,HOB,NM,ASW,CE,Federal Contract Tower,0,7,6,0,13,0,0,16,0,16,0,7,22,0,29,8,0,8,37
11/08/2021,HOB,NM,ASW,CE,Federal Contract Tower,0,6,3,2,11,0,4,7,0,11,0,10,10,2,22,0,0,0,22
11/09/2021,HOB,NM,ASW,CE,Federal Contract Tower,0,1,1,0,2,0,0,11,0,11,0,1,12,0,13,8,0,8,21
11/10/2021,HOB,NM,ASW,CE,Federal Contract Tower,0,9,0,1,10,0,2,6,2,10,0,11,6,3,20,0,0,0,20
11/11/2021,HOB,NM,ASW,CE,Federal Contract Tower,0,9,1,0,10,0,4,29,0,33,0,13,30,0,43,22,0,22,65
11/12/2021,HOB,NM,ASW,CE,Federal Contract Tower,0,9,2,0,11,0,2,5,0,7,0,11,7,0,18,0,0,0,18
11/13/2021,HOB,NM,ASW,CE,Federal Contract Tower,0,1,1,0,2,0,0,26,0,26,0,1,27,0,28,0,0,0,28
11/14/2021,HOB,NM,ASW,CE,Federal Contract Tower,0,5,2,0,7,0,1,11,0,12,0,6,13,0,19,12,0,12,31
11/15/2021,HOB,NM,ASW,CE,Federal Contract Tower,0,4,3,0,7,0,2,12,0,14,0,6,15,0,21,0,0,0,21
11/16/2021,HOB,NM,ASW,CE,Federal Contract Tower,0,3,2,0,5,0,0,16,0,16,0,3,18,0,21,0,0,0,21
11/17/2021,HOB,NM,ASW,CE,Federal Contract Tower,0,7,3,0,10,0,2,20,0,22,0,9,23,0,32,2,0,2,34
11/18/2021,HOB,NM,ASW,CE,Federal Contract Tower,0,5,11,0,16,0,4,15,0,19,0,9,26,0,35,0,0,0,35
11/19/2021,HOB,NM,ASW,CE,Federal Contract Tower,0,7,0,0,7,0,0,8,1,9,0,7,8,1,16,2,0,2,18
11/20/2021,HOB,NM,ASW,CE,Federal Contract Tower,0,1,3,0,4,0,0,9,0,9,0,1,12,0,13,4,0,4,17
11/21/2021,HOB,NM,ASW,CE,Federal Contract Tower,0,5,1,0,6,0,1,1,0,2,0,6,2,0,8,0,0,0,8
11/22/2021,HOB,NM,ASW,CE,Federal Contract Tower,0,4,3,0,7,0,0,5,0,5,0,4,8,0,12,0,0,0,12
11/23/2021,HOB,NM,ASW,CE,Federal Contract Tower,0,1,3,0,4,0,2,11,0,13,0,3,14,0,17,0,0,0,17
11/24/2021,HOB,NM,ASW,CE,Federal Contract Tower,0,5,5,0,10,0,0,7,0,7,0,5,12,0,17,6,0,6,23
11/25/2021,HOB,NM,ASW,CE,Federal Contract Tower,0,5,2,0,7,0,0,3,0,3,0,5,5,0,10,0,0,0,10
11/26/2021,HOB,NM,ASW,CE,Federal Contract Tower,0,4,2,0,6,0,0,6,0,6,0,4,8,0,12,0,0,0,12
11/27/2021,HOB,NM,ASW,CE,Federal Contract Tower,0,3,4,0,7,0,1,4,0,5,0,4,8,0,12,0,0,0,12
11/28/2021,HOB,NM,ASW,CE,Federal Contract Tower,0,5,1,0,6,0,0,13,0,13,0,5,14,0,19,6,0,6,25
11/29/2021,HOB,NM,ASW,CE,Federal Contract Tower,0,5,4,0,9,0,0,10,0,10,0,5,14,0,19,0,0,0,19
11/30/2021,HOB,NM,ASW,CE,Federal Contract Tower,0,1,10,0,11,0,1,29,0,30,0,2,39,0,41,24,0,24,65
12/01/2021,HOB,NM,ASW,CE,Federal Contract Tower,0,5,9,0,14,0,2,13,0,15,0,7,22,0,29,0,0,0,29
12/02/2021,HOB,NM,ASW,CE,Federal Contract Tower,0,5,4,0,9,0,0,18,0,18,0,5,22,0,27,0,0,0,27
12/03/2021,HOB,NM,ASW,CE,Federal Contract Tower,0,1,4,0,5,0,0,13,0,13,0,1,17,0,18,0,0,0,18
12/04/2021,HOB,NM,ASW,CE,Federal Contract Tower,0,1,0,0,1,0,0,7,0,7,0,1,7,0,8,6,0,6,14
12/05/2021,HOB,NM,ASW,CE,Federal Contract Tower,0,7,6,0,13,0,0,5,0,5,0,7,11,0,18,0,0,0,18
12/06/2021,HOB,NM,ASW,CE,Federal Contract Tower,0,8,8,0,16,0,0,6,0,6,0,8,14,0,22,0,0,0,22
12/07/2021,HOB,NM,ASW,CE,Federal Contract Tower,0,6,5,0,11,0,2,14,0,16,0,8,19,0,27,4,0,4,31
12/08/2021,HOB,NM,ASW,CE,Federal Contract Tower,0,6,5,0,11,0,2,13,0,15,0,8,18,0,26,0,0,0,26
12/09/2021,HOB,NM,ASW,CE,Federal Contract Tower,0,5,5,0,10,0,1,17,0,18,0,6,22,0,28,4,0,4,32
12/10/2021,HOB,NM,ASW,CE,Federal Contract Tower,0,2,1,0,3,0,0,5,0,5,0,2,6,0,8,0,0,0,8
12/11/2021,HOB,NM,ASW,CE,Federal Contract Tower,0,1,0,0,1,0,6,6,0,12,0,7,6,0,13,6,0,6,19
12/12/2021,HOB,NM,ASW,CE,Federal Contract Tower,0,5,3,0,8,0,0,18,0,18,0,5,21,0,26,0,0,0,26
12/13/2021,HOB,NM,ASW,CE,Federal Contract Tower,0,7,7,0,14,0,0,23,0,23,0,7,30,0,37,2,0,2,39
12/14/2021,HOB,NM,ASW,CE,Federal Contract Tower,0,4,2,0,6,0,0,20,0,20,0,4,22,0,26,6,0,6,32
12/15/2021,HOB,NM,ASW,CE,Federal Contract Tower,0,6,1,0,7,0,0,19,0,19,0,6,20,0,26,4,0,4,30
12/16/2021,HOB,NM,ASW,CE,Federal Contract Tower,0,5,6,0,11,0,0,10,0,10,0,5,16,0,21,10,0,10,31
12/17/2021,HOB,NM,ASW,CE,Federal Contract Tower,0,7,4,0,11,0,0,13,0,13,0,7,17,0,24,0,0,0,24
12/18/2021,HOB,NM,ASW,CE,Federal Contract Tower,0,1,2,0,3,0,0,9,0,9,0,1,11,0,12,0,0,0,12
12/19/2021,HOB,NM,ASW,CE,Federal Contract Tower,0,7,5,0,12,0,2,16,0,18,0,9,21,0,30,6,0,6,36
12/20/2021,HOB,NM,ASW,CE,Federal Contract Tower,0,5,4,0,9,0,1,20,0,21,0,6,24,0,30,2,0,2,32
12/21/2021,HOB,NM,ASW,CE,Federal Contract Tower,0,1,1,0,2,0,0,23,0,23,0,1,24,0,25,4,0,4,29
12/22/2021,HOB,NM,ASW,CE,Federal Contract Tower,0,6,0,0,6,0,0,16,0,16,0,6,16,0,22,0,0,0,22
12/23/2021,HOB,NM,ASW,CE,Federal Contract Tower,0,5,6,0,11,0,2,12,0,14,0,7,18,0,25,0,0,0,25
12/24/2021,HOB,NM,ASW,CE,Federal Contract Tower,0,6,0,0,6,0,0,3,0,3,0,6,3,0,9,0,0,0,9
12/25/2021,HOB,NM,ASW,CE,Federal Contract Tower,0,1,0,0,1,0,0,1,0,1,0,1,1,0,2,0,0,0,2
12/26/2021,HOB,NM,ASW,CE,Federal Contract Tower,0,5,2,0,7,0,0,3,0,3,0,5,5,0,10,0,0,0,10
12/27/2021,HOB,NM,ASW,CE,Federal Contract Tower,0,4,6,0,10,0,0,2,0,2,0,4,8,0,12,0,0,0,12
12/28/2021,HOB,NM,ASW,CE,Federal Contract Tower,0,5,0,0,5,0,1,13,0,14,0,6,13,0,19,0,0,0,19
12/29/2021,HOB,NM,ASW,CE,Federal Contract Tower,0,5,3,0,8,0,0,8,0,8,0,5,11,0,16,0,0,0,16
12/30/2021,HOB,NM,ASW,CE,Federal Contract Tower,0,4,4,0,8,0,5,20,0,25,0,9,24,0,33,2,0,2,35
12/31/2021,HOB,NM,ASW,CE,Federal Contract Tower,0,6,1,0,7,0,0,6,0,6,0,6,7,0,13,0,0,0,13
01/01/2022,HOB,NM,ASW,CE,Federal Contract Tower,0,1,1,0,2,0,0,2,0,2,0,1,3,0,4,0,0,0,4
01/02/2022,HOB,NM,ASW,CE,Federal Contract Tower,0,5,5,0,10,0,2,6,0,8,0,7,11,0,18,0,0,0,18
01/03/2022,HOB,NM,ASW,CE,Federal Contract Tower,0,4,0,0,4,0,1,3,0,4,0,5,3,0,8,0,0,0,8
01/04/2022,HOB,NM,ASW,CE,Federal Contract Tower,0,3,6,0,9,0,4,17,0,21,0,7,23,0,30,2,0,2,32
01/05/2022,HOB,NM,ASW,CE,Federal Contract Tower,0,5,4,0,9,0,0,11,0,11,0,5,15,0,20,0,0,0,20
01/06/2022,HOB,NM,ASW,CE,Federal Contract Tower,0,1,5,2,8,0,0,11,0,11,0,1,16,2,19,0,0,0,19
01/07/2022,HOB,NM,ASW,CE,Federal Contract Tower,0,7,2,0,9,0,1,9,0,10,0,8,11,0,19,0,0,0,19
01/08/2022,HOB,NM,ASW,CE,Federal Contract Tower,0,2,4,0,6,0,1,4,0,5,0,3,8,0,11,0,0,0,11
01/09/2022,HOB,NM,ASW,CE,Federal Contract Tower,0,6,1,0,7,0,10,3,0,13,0,16,4,0,20,4,0,4,24
01/10/2022,HOB,NM,ASW,CE,Federal Contract Tower,0,4,6,0,10,0,0,5,0,5,0,4,11,0,15,0,0,0,15
01/11/2022,HOB,NM,ASW,CE,Federal Contract Tower,0,1,3,0,4,0,0,23,0,23,0,1,26,0,27,16,0,16,43
01/12/2022,HOB,NM,ASW,CE,Federal Contract Tower,0,5,1,0,6,0,0,30,0,30,0,5,31,0,36,0,0,0,36
01/13/2022,HOB,NM,ASW,CE,Federal Contract Tower,0,3,1,2,6,0,2,23,0,25,0,5,24,2,31,0,10,10,41
01/14/2022,HOB,NM,ASW,CE,Federal Contract Tower,0,5,1,0,6,0,1,13,0,14,0,6,14,0,20,0,0,0,20
01/15/2022,HOB,NM,ASW,CE,Federal Contract Tower,0,2,0,0,2,0,1,10,0,11,0,3,10,0,13,0,0,0,13
01/16/2022,HOB,NM,ASW,CE,Federal Contract Tower,0,5,2,0,7,0,0,8,0,8,0,5,10,0,15,10,0,10,25
01/17/2022,HOB,NM,ASW,CE,Federal Contract Tower,0,5,2,0,7,0,2,14,0,16,0,7,16,0,23,14,0,14,37
01/18/2022,HOB,NM,ASW,CE,Federal Contract Tower,0,1,4,2,7,0,2,10,0,12,0,3,14,2,19,6,24,30,49
01/19/2022,HOB,NM,ASW,CE,Federal Contract Tower,0,4,0,0,4,0,0,0,0,0,0,4,0,0,4,0,0,0,4
01/20/2022,HOB,NM,ASW,CE,Federal Contract Tower,0,5,5,0,10,0,0,5,0,5,0,5,10,0,15,10,0,10,25
01/21/2022,HOB,NM,ASW,CE,Federal Contract Tower,0,5,6,0,11,0,1,17,0,18,0,6,23,0,29,0,0,0,29
01/22/2022,HOB,NM,ASW,CE,Federal Contract Tower,0,3,3,0,6,0,0,6,0,6,0,3,9,0,12,0,0,0,12
01/23/2022,HOB,NM,ASW,CE,Federal Contract Tower,0,7,1,0,8,0,0,13,0,13,0,7,14,0,21,10,0,10,31
01/24/2022,HOB,NM,ASW,CE,Federal Contract Tower,0,7,2,0,9,0,1,10,0,11,0,8,12,0,20,0,0,0,20
01/25/2022,HOB,NM,ASW,CE,Federal Contract Tower,0,5,3,0,8,0,0,6,0,6,0,5,9,0,14,6,0,6,20
01/26/2022,HOB,NM,ASW,CE,Federal Contract Tower,0,2,1,0,3,0,0,2,0,2,0,2,3,0,5,0,0,0,5
01/27/2022,HOB,NM,ASW,CE,Federal Contract Tower,0,3,3,0,6,0,2,17,0,19,0,5,20,0,25,0,0,0,25
01/28/2022,HOB,NM,ASW,CE,Federal Contract Tower,0,6,3,0,9,0,2,4,0,6,0,8,7,0,15,0,0,0,15
01/29/2022,HOB,NM,ASW,CE,Federal Contract Tower,0,3,2,0,5,0,1,20,0,21,0,4,22,0,26,30,0,30,56
01/30/2022,HOB,NM,ASW,CE,Federal Contract Tower,0,7,4,0,11,0,0,4,0,4,0,7,8,0,15,0,0,0,15
01/31/2022,HOB,NM,ASW,CE,Federal Contract Tower,0,9,0,0,9,0,0,11,0,11,0,9,11,0,20,0,0,0,20
02/01/2022,HOB,NM,ASW,CE,Federal Contract Tower,0,1,8,2,11,0,0,11,0,11,0,1,19,2,22,0,0,0,22
02/02/2022,HOB,NM,ASW,CE,Federal Contract Tower,0,4,0,0,4,0,0,3,0,3,0,4,3,0,7,0,0,0,7
02/03/2022,HOB,NM,ASW,CE,Federal Contract Tower,0,3,2,0,5,0,1,6,0,7,0,4,8,0,12,0,0,0,12
02/04/2022,HOB,NM,ASW,CE,Federal Contract Tower,0,5,0,0,5,0,2,6,0,8,0,7,6,0,13,0,0,0,13
02/05/2022,HOB,NM,ASW,CE,Federal Contract Tower,0,3,3,0,6,0,1,12,0,13,0,4,15,0,19,0,0,0,19
02/06/2022,HOB,NM,ASW,CE,Federal Contract Tower,0,5,0,0,5,0,0,3,0,3,0,5,3,0,8,0,0,0,8
02/07/2022,HOB,NM,ASW,CE,Federal Contract Tower,0,8,3,0,11,0,0,22,0,22,0,8,25,0,33,4,0,4,37
02/08/2022,HOB,NM,ASW,CE,Federal Contract Tower,0,6,2,0,8,0,2,24,0,26,0,8,26,0,34,0,0,0,34
02/09/2022,HOB,NM,ASW,CE,Federal Contract Tower,0,7,1,0,8,0,0,10,0,10,0,7,11,0,18,0,0,0,18
02/10/2022,HOB,NM,ASW,CE,Federal Contract Tower,0,2,11,0,13,0,0,15,0,15,0,2,26,0,28,2,0,2,30
02/11/2022,HOB,NM,ASW,CE,Federal Contract Tower,0,5,3,0,8,0,0,10,0,10,0,5,13,0,18,0,0,0,18
02/12/2022,HOB,NM,ASW,CE,Federal Contract Tower,0,1,2,0,3,0,0,3,0,3,0,1,5,0,6,0,0,0,6
02/13/2022,HOB,NM,ASW,CE,Federal Contract Tower,0,5,3,0,8,0,0,14,0,14,0,5,17,0,22,0,0,0,22
02/14/2022,HOB,NM,ASW,CE,Federal Contract Tower,0,9,3,0,12,0,0,12,0,12,0,9,15,0,24,0,0,0,24
02/15/2022,HOB,NM,ASW,CE,Federal Contract Tower,0,4,2,0,6,0,0,10,0,10,0,4,12,0,16,4,0,4,20
02/16/2022,HOB,NM,ASW,CE,Federal Contract Tower,0,5,2,0,7,0,0,16,0,16,0,5,18,0,23,44,0,44,67
02/17/2022,HOB,NM,ASW,CE,Federal Contract Tower,0,1,6,0,7,0,0,7,0,7,0,1,13,0,14,60,0,60,74
02/18/2022,HOB,NM,ASW,CE,Federal Contract Tower,0,4,8,0,12,0,0,8,0,8,0,4,16,0,20,0,0,0,20
02/19/2022,HOB,NM,ASW,CE,Federal Contract Tower,0,5,0,0,5,0,2,7,0,9,0,7,7,0,14,0,0,0,14
02/20/2022,HOB,NM,ASW,CE,Federal Contract Tower,0,7,4,0,11,0,0,17,0,17,0,7,21,0,28,80,0,80,108
02/21/2022,HOB,NM,ASW,CE,Federal Contract Tower,0,5,6,0,11,0,0,21,0,21,0,5,27,0,32,84,0,84,116
02/22/2022,HOB,NM,ASW,CE,Federal Contract Tower,0,3,0,0,3,0,0,13,0,13,0,3,13,0,16,0,0,0,16
02/23/2022,HOB,NM,ASW,CE,Federal Contract Tower,0,7,2,0,9,0,0,7,0,7,0,7,9,0,16,0,0,0,16
02/24/2022,HOB,NM,ASW,CE,Federal Contract Tower,0,1,0,0,1,0,1,7,0,8,0,2,7,0,9,0,0,0,9
02/25/2022,HOB,NM,ASW,CE,Federal Contract Tower,0,3,5,0,8,0,0,3,0,3,0,3,8,0,11,0,0,0,11
02/26/2022,HOB,NM,ASW,CE,Federal Contract Tower,0,1,0,0,1,0,0,14,0,14,0,1,14,0,15,12,0,12,27
02/27/2022,HOB,NM,ASW,CE,Federal Contract Tower,0,5,4,0,9,0,0,12,0,12,0,5,16,0,21,0,0,0,21
02/28/2022,HOB,NM,ASW,CE,Federal Contract Tower,0,5,4,0,9,0,0,5,0,5,0,5,9,0,14,0,0,0,14
03/01/2022,HOB,NM,ASW,CE,Federal Contract Tower,0,1,4,0,5,0,0,12,0,12,0,1,16,0,17,20,0,20,37
03/02/2022,HOB,NM,ASW,CE,Federal Contract Tower,0,6,5,0,11,0,0,15,0,15,0,6,20,0,26,8,0,8,34
03/03/2022,HOB,NM,ASW,CE,Federal Contract Tower,0,4,9,0,13,0,0,37,0,37,0,4,46,0,50,10,0,10,60
03/04/2022,HOB,NM,ASW,CE,Federal Contract Tower,0,3,3,0,6,0,0,13,0,13,0,3,16,0,19,0,0,0,19
03/05/2022,HOB,NM,ASW,CE,Federal Contract Tower,0,3,2,0,5,0,2,1,0,3,0,5,3,0,8,0,0,0,8
03/06/2022,HOB,NM,ASW,CE,Federal Contract Tower,0,5,2,0,7,0,1,4,0,5,0,6,6,0,12,0,0,0,12
03/07/2022,HOB,NM,ASW,CE,Federal Contract Tower,0,3,0,4,7,0,0,4,0,4,0,3,4,4,11,0,0,0,11
03/08/2022,HOB,NM,ASW,CE,Federal Contract Tower,0,5,2,0,7,0,0,9,0,9,0,5,11,0,16,6,0,6,22
03/09/2022,HOB,NM,ASW,CE,Federal Contract Tower,0,2,5,0,7,0,2,10,0,12,0,4,15,0,19,0,0,0,19
03/10/2022,HOB,NM,ASW,CE,Federal Contract Tower,0,2,3,0,5,0,2,13,0,15,0,4,16,0,20,8,0,8,28
03/11/2022,HOB,NM,ASW,CE,Federal Contract Tower,0,6,3,0,9,0,1,10,0,11,0,7,13,0,20,0,0,0,20
03/12/2022,HOB,NM,ASW,CE,Federal Contract Tower,0,5,3,0,8,0,0,11,0,11,0,5,14,0,19,0,0,0,19
03/13/2022,HOB,NM,ASW,CE,Federal Contract Tower,0,5,0,0,5,0,0,12,0,12,0,5,12,0,17,28,0,28,45
03/14/2022,HOB,NM,ASW,CE,Federal Contract Tower,0,6,2,0,8,0,0,11,0,11,0,6,13,0,19,0,0,0,19
03/15/2022,HOB,NM,ASW,CE,Federal Contract Tower,0,1,0,2,3,0,0,12,2,14,0,1,12,4,17,0,4,4,21
03/16/2022,HOB,NM,ASW,CE,Federal Contract Tower,0,2,1,0,3,0,0,17,0,17,0,2,18,0,20,26,0,26,46
03/17/2022,HOB,NM,ASW,CE,Federal Contract Tower,0,2,2,0,4,0,1,9,0,10,0,3,11,0,14,0,0,0,14
03/18/2022,HOB,NM,ASW,CE,Federal Contract Tower,0,6,3,0,9,0,2,16,0,18,0,8,19,0,27,16,0,16,43
03/19/2022,HOB,NM,ASW,CE,Federal Contract Tower,0,2,1,0,3,0,0,20,0,20,0,2,21,0,23,0,0,0,23
03/20/2022,HOB,NM,ASW,CE,Federal Contract Tower,0,3,1,0,4,0,0,8,0,8,0,3,9,0,12,0,0,0,12
03/21/2022,HOB,NM,ASW,CE,Federal Contract Tower,0,3,4,0,7,0,0,5,0,5,0,3,9,0,12,0,0,0,12
03/22/2022,HOB,NM,ASW,CE,Federal Contract Tower,0,4,4,0,8,0,0,18,0,18,0,4,22,0,26,0,0,0,26
03/23/2022,HOB,NM,ASW,CE,Federal Contract Tower,0,3,4,0,7,0,2,12,0,14,0,5,16,0,21,0,0,0,21
03/24/2022,HOB,NM,ASW,CE,Federal Contract Tower,0,1,8,0,9,0,0,21,0,21,0,1,29,0,30,12,0,12,42
03/25/2022,HOB,NM,ASW,CE,Federal Contract Tower,0,4,1,0,5,0,0,12,0,12,0,4,13,0,17,6,0,6,23
03/26/2022,HOB,NM,ASW,CE,Federal Contract Tower,0,0,1,0,1,0,0,13,0,13,0,0,14,0,14,12,0,12,26
03/27/2022,HOB,NM,ASW,CE,Federal Contract Tower,0,5,3,0,8,0,0,6,0,6,0,5,9,0,14,0,0,0,14
03/28/2022,HOB,NM,ASW,CE,Federal Contract Tower,0,5,6,0,11,0,2,13,0,15,0,7,19,0,26,10,0,10,36
03/29/2022,HOB,NM,ASW,CE,Federal Contract Tower,0,3,7,0,10,0,0,11,0,11,0,3,18,0,21,0,0,0,21
03/30/2022,HOB,NM,ASW,CE,Federal Contract Tower,0,5,3,0,8,0,1,11,0,12,0,6,14,0,20,0,0,0,20
03/31/2022,HOB,NM,ASW,CE,Federal Contract Tower,0,1,2,0,3,0,2,21,2,25,0,3,23,2,28,0,0,0,28
04/01/2022,HOB,NM,ASW,CE,Federal Contract Tower,0,8,1,0,9,0,0,9,0,9,0,8,10,0,18,0,0,0,18
04/02/2022,HOB,NM,ASW,CE,Federal Contract Tower,0,1,1,0,2,0,1,6,0,7,0,2,7,0,9,0,0,0,9
04/03/2022,HOB,NM,ASW,CE,Federal Contract Tower,0,3,3,0,6,0,5,13,0,18,0,8,16,0,24,0,0,0,24
04/04/2022,HOB,NM,ASW,CE,Federal Contract Tower,0,3,1,0,4,0,2,6,0,8,0,5,7,0,12,0,0,0,12
04/05/2022,HOB,NM,ASW,CE,Federal Contract Tower,0,1,2,0,3,0,0,14,0,14,0,1,16,0,17,0,0,0,17
04/06/2022,HOB,NM,ASW,CE,Federal Contract Tower,0,4,5,0,9,0,2,9,0,11,0,6,14,0,20,0,0,0,20
04/07/2022,HOB,NM,ASW,CE,Federal Contract Tower,0,1,3,0,4,0,2,17,0,19,0,3,20,0,23,20,0,20,43
04/08/2022,HOB,NM,ASW,CE,Federal Contract Tower,0,4,1,0,5,0,0,15,0,15,0,4,16,0,20,0,0,0,20
04/09/2022,HOB,NM,ASW,CE,Federal Contract Tower,0,1,2,0,3,0,0,8,0,8,0,1,10,0,11,0,0,0,11
04/10/2022,HOB,NM,ASW,CE,Federal Contract Tower,0,3,1,0,4,0,1,2,0,3,0,4,3,0,7,0,0,0,7
04/11/2022,HOB,NM,ASW,CE,Federal Contract Tower,0,3,2,0,5,0,0,13,0,13,0,3,15,0,18,0,0,0,18
04/12/2022,HOB,NM,ASW,CE,Federal Contract Tower,0,5,3,0,8,0,1,13,0,14,0,6,16,0,22,0,0,0,22
04/13/2022,HOB,NM,ASW,CE,Federal Contract Tower,0,2,2,0,4,0,1,6,0,7,0,3,8,0,11,0,0,0,11
04/14/2022,HOB,NM,ASW,CE,Federal Contract Tower,0,2,6,0,8,0,0,25,0,25,0,2,31,0,33,8,0,8,41
04/15/2022,HOB,NM,ASW,CE,Federal Contract Tower,0,3,5,0,8,0,1,22,0,23,0,4,27,0,31,20,0,20,51
04/16/2022,HOB,NM,ASW,CE,Federal Contract Tower,0,1,5,0,6,0,0,7,0,7,0,1,12,0,13,0,0,0,13
04/17/2022,HOB,NM,ASW,CE,Federal Contract Tower,0,3,1,0,4,0,2,4,0,6,0,5,5,0,10,8,0,8,18
04/18/2022,HOB,NM,ASW,CE,Federal Contract Tower,0,2,6,2,10,0,2,14,2,18,0,4,20,4,28,0,0,0,28
04/19/2022,HOB,NM,ASW,CE,Federal Contract Tower,0,4,5,0,9,0,1,11,0,12,0,5,16,0,21,0,0,0,21
04/20/2022,HOB,NM,ASW,CE,Federal Contract Tower,0,2,4,0,6,0,6,12,0,18,0,8,16,0,24,0,0,0,24
04/21/2022,HOB,NM,ASW,CE,Federal Contract Tower,0,1,5,2,8,0,0,14,0,14,0,1,19,2,22,0,0,0,22
04/22/2022,HOB,NM,ASW,CE,Federal Contract Tower,0,5,3,0,8,0,1,5,0,6,0,6,8,0,14,0,0,0,14
04/23/2022,HOB,NM,ASW,CE,Federal Contract Tower,0,1,4,0,5,0,1,2,0,3,0,2,6,0,8,4,0,4,12
04/24/2022,HOB,NM,ASW,CE,Federal Contract Tower,0,3,7,0,10,0,0,18,0,18,0,3,25,0,28,20,0,20,48
04/25/2022,HOB,NM,ASW,CE,Federal Contract Tower,0,4,2,0,6,0,0,7,0,7,0,4,9,0,13,0,0,0,13
04/26/2022,HOB,NM,ASW,CE,Federal Contract Tower,0,6,4,0,10,0,2,25,0,27,0,8,29,0,37,6,0,6,43
04/27/2022,HOB,NM,ASW,CE,Federal Contract Tower,0,2,4,0,6,0,0,9,0,9,0,2,13,0,15,4,0,4,19
04/28/2022,HOB,NM,ASW,CE,Federal Contract Tower,0,1,7,0,8,0,0,16,0,16,0,1,23,0,24,0,0,0,24
04/29/2022,HOB,NM,ASW,CE,Federal Contract Tower,0,3,9,0,12,0,0,11,0,11,0,3,20,0,23,0,0,0,23
04/30/2022,HOB,NM,ASW,CE,Federal Contract Tower,0,3,0,0,3,0,1,13,0,14,0,4,13,0,17,6,0,6,23
05/01/2022,HOB,NM,ASW,CE,Federal Contract Tower,0,3,7,0,10,0,0,1,0,1,0,3,8,0,11,0,0,0,11
05/02/2022,HOB,NM,ASW,CE,Federal Contract Tower,0,4,3,2,9,0,0,5,0,5,0,4,8,2,14,0,0,0,14
05/03/2022,HOB,NM,ASW,CE,Federal Contract Tower,0,1,2,0,3,0,0,17,0,17,0,1,19,0,20,8,0,8,28
05/04/2022,HOB,NM,ASW,CE,Federal Contract Tower,0,3,10,0,13,0,0,6,0,6,0,3,16,0,19,0,0,0,19
05/05/2022,HOB,NM,ASW,CE,Federal Contract Tower,0,1,4,0,5,0,0,10,0,10,0,1,14,0,15,12,0,12,27
05/06/2022,HOB,NM,ASW,CE,Federal Contract Tower,0,3,1,0,4,0,0,17,0,17,0,3,18,0,21,0,0,0,21
05/07/2022,HOB,NM,ASW,CE,Federal Contract Tower,0,2,2,0,4,0,3,6,0,9,0,5,8,0,13,6,0,6,19
05/08/2022,HOB,NM,ASW,CE,Federal Contract Tower,0,3,2,0,5,0,1,5,0,6,0,4,7,0,11,0,0,0,11
05/09/2022,HOB,NM,ASW,CE,Federal Contract Tower,0,3,4,0,7,0,1,8,0,9,0,4,12,0,16,2,0,2,18
05/10/2022,HOB,NM,ASW,CE,Federal Contract Tower,0,1,8,0,9,0,0,11,0,11,0,1,19,0,20,0,0,0,20
05/11/2022,HOB,NM,ASW,CE,Federal Contract Tower,0,5,1,0,6,0,1,11,0,12,0,6,12,0,18,0,0,0,18
05/12/2022,HOB,NM,ASW,CE,Federal Contract Tower,0,1,3,0,4,0,0,23,0,23,0,1,26,0,27,16,0,16,43
05/13/2022,HOB,NM,ASW,CE,Federal Contract Tower,0,3,6,0,9,0,2,11,0,13,0,5,17,0,22,0,0,0,22
05/14/2022,HOB,NM,ASW,CE,Federal Contract Tower,0,3,0,0,3,0,0,14,0,14,0,3,14,0,17,2,0,2,19
05/15/2022,HOB,NM,ASW,CE,Federal Contract Tower,0,3,2,0,5,0,2,9,0,11,0,5,11,0,16,10,0,10,26
05/16/2022,HOB,NM,ASW,CE,Federal Contract Tower,0,3,2,0,5,0,0,3,0,3,0,3,5,0,8,0,0,0,8
05/17/2022,HOB,NM,ASW,CE,Federal Contract Tower,0,1,8,0,9,0,2,22,0,24,0,3,30,0,33,0,0,0,33
05/18/2022,HOB,NM,ASW,CE,Federal Contract Tower,0,2,1,0,3,0,0,16,0,16,0,2,17,0,19,0,0,0,19
05/19/2022,HOB,NM,ASW,CE,Federal Contract Tower,0,4,6,0,10,0,1,14,0,15,0,5,20,0,25,4,0,4,29
05/20/2022,HOB,NM,ASW,CE,Federal Contract Tower,0,3,3,0,6,0,0,4,0,4,0,3,7,0,10,0,0,0,10
05/21/2022,HOB,NM,ASW,CE,Federal Contract Tower,0,2,4,0,6,0,2,6,0,8,0,4,10,0,14,0,0,0,14
05/22/2022,HOB,NM,ASW,CE,Federal Contract Tower,0,5,3,0,8,0,0,0,0,0,0,5,3,0,8,0,0,0,8
05/23/2022,HOB,NM,ASW,CE,Federal Contract Tower,0,6,4,0,10,0,2,10,0,12,0,8,14,0,22,0,0,0,22
05/24/2022,HOB,NM,ASW,CE,Federal Contract Tower,0,2,5,6,13,0,0,9,0,9,0,2,14,6,22,0,0,0,22
05/25/2022,HOB,NM,ASW,CE,Federal Contract Tower,0,1,3,0,4,0,2,14,0,16,0,3,17,0,20,0,0,0,20
05/26/2022,HOB,NM,ASW,CE,Federal Contract Tower,0,2,4,0,6,0,2,20,0,22,0,4,24,0,28,10,0,10,38
05/27/2022,HOB,NM,ASW,CE,Federal Contract Tower,0,3,3,0,6,0,0,9,0,9,0,3,12,0,15,0,0,0,15
05/28/2022,HOB,NM,ASW,CE,Federal Contract Tower,0,1,1,0,2,0,0,10,0,10,0,1,11,0,12,6,0,6,18
05/29/2022,HOB,NM,ASW,CE,Federal Contract Tower,0,4,1,0,5,0,0,2,0,2,0,4,3,0,7,0,0,0,7
05/30/2022,HOB,NM,ASW,CE,Federal Contract Tower,0,3,6,0,9,0,0,7,0,7,0,3,13,0,16,0,0,0,16
05/31/2022,HOB,NM,ASW,CE,Federal Contract Tower,0,2,0,0,2,0,0,14,0,14,0,2,14,0,16,10,0,10,26
06/01/2022,HOB,NM,ASW,CE,Federal Contract Tower,0,5,3,0,8,0,0,8,0,8,0,5,11,0,16,10,0,10,26
06/02/2022,HOB,NM,ASW,CE,Federal Contract Tower,0,5,6,0,11,0,0,5,0,5,0,5,11,0,16,8,0,8,24
06/03/2022,HOB,NM,ASW,CE,Federal Contract Tower,1,4,2,0,7,0,2,7,0,9,1,6,9,0,16,2,0,2,18
06/04/2022,HOB,NM,ASW,CE,Federal Contract Tower,0,2,1,0,3,0,0,7,0,7,0,2,8,0,10,0,0,0,10
06/05/2022,HOB,NM,ASW,CE,Federal Contract Tower,0,4,3,0,7,0,4,13,0,17,0,8,16,0,24,16,0,16,40
06/06/2022,HOB,NM,ASW,CE,Federal Contract Tower,0,4,4,0,8,0,0,12,0,12,0,4,16,0,20,0,0,0,20
06/07/2022,HOB,NM,ASW,CE,Federal Contract Tower,0,2,5,0,7,0,0,12,0,12,0,2,17,0,19,0,0,0,19
06/08/2022,HOB,NM,ASW,CE,Federal Contract Tower,0,2,1,0,3,0,0,7,0,7,0,2,8,0,10,0,0,0,10
06/09/2022,HOB,NM,ASW,CE,Federal Contract Tower,0,2,1,0,3,0,2,21,0,23,0,4,22,0,26,0,0,0,26
06/10/2022,HOB,NM,ASW,CE,Federal Contract Tower,0,4,5,0,9,0,3,15,0,18,0,7,20,0,27,6,0,6,33
06/11/2022,HOB,NM,ASW,CE,Federal Contract Tower,0,2,0,0,2,0,0,14,0,14,0,2,14,0,16,10,0,10,26
06/12/2022,HOB,NM,ASW,CE,Federal Contract Tower,0,3,3,0,6,0,0,5,0,5,0,3,8,0,11,0,0,0,11
06/13/2022,HOB,NM,ASW,CE,Federal Contract Tower,0,4,2,0,6,0,0,5,0,5,0,4,7,0,11,0,0,0,11
06/14/2022,HOB,NM,ASW,CE,Federal Contract Tower,0,2,3,0,5,0,0,11,0,11,0,2,14,0,16,0,0,0,16
06/15/2022,HOB,NM,ASW,CE,Federal Contract Tower,0,4,6,0,10,0,1,11,0,12,0,5,17,0,22,0,0,0,22
06/16/2022,HOB,NM,ASW,CE,Federal Contract Tower,0,6,2,0,8,0,2,17,0,19,0,8,19,0,27,4,0,4,31
06/17/2022,HOB,NM,ASW,CE,Federal Contract Tower,0,5,4,0,9,0,1,7,0,8,0,6,11,0,17,8,0,8,25
06/18/2022,HOB,NM,ASW,CE,Federal Contract Tower,0,4,3,0,7,0,2,8,0,10,0,6,11,0,17,16,0,16,33
06/19/2022,HOB,NM,ASW,CE,Federal Contract Tower,0,5,1,0,6,0,2,11,0,13,0,7,12,0,19,18,0,18,37
06/20/2022,HOB,NM,ASW,CE,Federal Contract Tower,0,3,0,0,3,0,1,12,0,13,0,4,12,0,16,6,0,6,22
06/21/2022,HOB,NM,ASW,CE,Federal Contract Tower,0,3,0,0,3,0,0,19,0,19,0,3,19,0,22,0,0,0,22
06/22/2022,HOB,NM,ASW,CE,Federal Contract Tower,0,3,7,0,10,0,1,13,0,14,0,4,20,0,24,2,0,2,26
06/23/2022,HOB,NM,ASW,CE,Federal Contract Tower,0,4,3,0,7,0,1,22,0,23,0,5,25,0,30,0,0,0,30
06/24/2022,HOB,NM,ASW,CE,Federal Contract Tower,0,5,1,0,6,0,2,22,0,24,0,7,23,0,30,8,0,8,38
06/25/2022,HOB,NM,ASW,CE,Federal Contract Tower,0,1,2,0,3,0,0,18,0,18,0,1,20,0,21,0,0,0,21
06/26/2022,HOB,NM,ASW,CE,Federal Contract Tower,0,3,4,0,7,0,0,16,0,16,0,3,20,0,23,12,0,12,35
06/27/2022,HOB,NM,ASW,CE,Federal Contract Tower,0,3,3,0,6,0,1,14,0,15,0,4,17,0,21,16,0,16,37
06/28/2022,HOB,NM,ASW,CE,Federal Contract Tower,0,1,4,0,5,0,0,22,0,22,0,1,26,0,27,0,0,0,27
06/29/2022,HOB,NM,ASW,CE,Federal Contract Tower,0,1,2,0,3,0,1,12,0,13,0,2,14,0,16,6,0,6,22
06/30/2022,HOB,NM,ASW,CE,Federal Contract Tower,0,1,1,0,2,0,1,22,0,23,0,2,23,0,25,0,0,0,25
07/01/2022,HOB,NM,ASW,CE,Federal Contract Tower,0,3,2,0,5,0,3,22,0,25,0,6,24,0,30,0,0,0,30
07/02/2022,HOB,NM,ASW,CE,Federal Contract Tower,0,1,3,0,4,0,1,15,0,16,0,2,18,0,20,0,0,0,20
07/03/2022,HOB,NM,ASW,CE,Federal Contract Tower,0,5,1,0,6,0,0,10,0,10,0,5,11,0,16,0,0,0,16
07/04/2022,HOB,NM,ASW,CE,Federal Contract Tower,0,5,0,0,5,0,0,9,0,9,0,5,9,0,14,0,0,0,14
07/05/2022,HOB,NM,ASW,CE,Federal Contract Tower,0,1,2,0,3,0,0,12,0,12,0,1,14,0,15,0,0,0,15
07/06/2022,HOB,NM,ASW,CE,Federal Contract Tower,0,2,1,0,3,0,0,7,0,7,0,2,8,0,10,0,0,0,10
07/07/2022,HOB,NM,ASW,CE,Federal Contract Tower,0,2,1,0,3,0,0,13,0,13,0,2,14,0,16,6,0,6,22
07/08/2022,HOB,NM,ASW,CE,Federal Contract Tower,0,3,4,0,7,0,0,5,0,5,0,3,9,0,12,0,0,0,12
07/09/2022,HOB,NM,ASW,CE,Federal Contract Tower,0,3,1,0,4,0,0,3,0,3,0,3,4,0,7,0,0,0,7
07/10/2022,HOB,NM,ASW,CE,Federal Contract Tower,0,2,2,0,4,0,0,9,0,9,0,2,11,0,13,0,0,0,13
07/11/2022,HOB,NM,ASW,CE,Federal Contract Tower,0,3,2,0,5,0,0,12,0,12,0,3,14,0,17,0,0,0,17
07/12/2022,HOB,NM,ASW,CE,Federal Contract Tower,0,3,3,2,8,0,2,18,0,20,0,5,21,2,28,0,0,0,28
07/13/2022,HOB,NM,ASW,CE,Federal Contract Tower,0,1,0,0,1,0,0,11,0,11,0,1,11,0,12,0,0,0,12
07/14/2022,HOB,NM,ASW,CE,Federal Contract Tower,0,3,4,0,7,0,0,9,0,9,0,3,13,0,16,0,0,0,16
07/15/2022,HOB,NM,ASW,CE,Federal Contract Tower,0,2,3,0,5,0,2,8,0,10,0,4,11,0,15,0,0,0,15
07/16/2022,HOB,NM,ASW,CE,Federal Contract Tower,0,1,2,0,3,0,0,7,0,7,0,1,9,0,10,0,0,0,10
07/17/2022,HOB,NM,ASW,CE,Federal Contract Tower,0,3,2,0,5,0,0,3,0,3,0,3,5,0,8,6,0,6,14
07/18/2022,HOB,NM,ASW,CE,Federal Contract Tower,0,3,2,0,5,0,0,18,0,18,0,3,20,0,23,0,0,0,23
07/19/2022,HOB,NM,ASW,CE,Federal Contract Tower,0,1,1,2,4,0,0,16,0,16,0,1,17,2,20,0,4,4,24
07/20/2022,HOB,NM,ASW,CE,Federal Contract Tower,0,1,4,0,5,0,0,9,2,11,0,1,13,2,16,8,0,8,24
07/21/2022,HOB,NM,ASW,CE,Federal Contract Tower,0,2,1,0,3,0,0,9,0,9,0,2,10,0,12,0,0,0,12
07/22/2022,HOB,NM,ASW,CE,Federal Contract Tower,0,4,8,0,12,0,0,8,2,10,0,4,16,2,22,0,4,4,26
07/23/2022,HOB,NM,ASW,CE,Federal Contract Tower,0,1,1,0,2,0,0,5,0,5,0,1,6,0,7,2,0,2,9
07/24/2022,HOB,NM,ASW,CE,Federal Contract Tower,0,5,7,0,12,0,0,4,0,4,0,5,11,0,16,0,0,0,16
07/25/2022,HOB,NM,ASW,CE,Federal Contract Tower,0,3,3,2,8,0,3,12,0,15,0,6,15,2,23,0,0,0,23
07/26/2022,HOB,NM,ASW,CE,Federal Contract Tower,0,1,4,0,5,0,0,22,0,22,0,1,26,0,27,14,0,14,41
07/27/2022,HOB,NM,ASW,CE,Federal Contract Tower,0,2,3,0,5,0,4,11,0,15,0,6,14,0,20,4,0,4,24
07/28/2022,HOB,NM,ASW,CE,Federal Contract Tower,0,6,4,0,10,0,0,14,0,14,0,6,18,0,24,0,0,0,24
07/29/2022,HOB,NM,ASW,CE,Federal Contract Tower,0,3,8,0,11,0,0,17,2,19,0,3,25,2,30,0,10,10,40
07/30/2022,HOB,NM,ASW,CE,Federal Contract Tower,0,1,3,0,4,0,0,1,0,1,0,1,4,0,5,0,0,0,5
07/31/2022,HOB,NM,ASW,CE,Federal Contract Tower,0,5,2,0,7,0,0,11,0,11,0,5,13,0,18,0,0,0,18
08/01/2022,HOB,NM,ASW,CE,Federal Contract Tower,0,3,1,0,4,0,1,10,2,13,0,4,11,2,17,0,0,0,17
08/02/2022,HOB,NM,ASW,CE,Federal Contract Tower,0,1,2,0,3,0,0,14,0,14,0,1,16,0,17,0,0,0,17
08/03/2022,HOB,NM,ASW,CE,Federal Contract Tower,0,1,2,0,3,0,2,10,0,12,0,3,12,0,15,0,0,0,15
08/04/2022,HOB,NM,ASW,CE,Federal Contract Tower,0,1,7,0,8,0,4,17,0,21,0,5,24,0,29,0,0,0,29
08/05/2022,HOB,NM,ASW,CE,Federal Contract Tower,0,3,3,0,6,0,0,8,0,8,0,3,11,0,14,0,0,0,14
08/06/2022,HOB,NM,ASW,CE,Federal Contract Tower,0,3,1,0,4,0,2,7,0,9,0,5,8,0,13,0,0,0,13
08/07/2022,HOB,NM,ASW,CE,Federal Contract Tower,0,3,3,0,6,0,1,6,0,7,0,4,9,0,13,16,0,16,29
08/08/2022,HOB,NM,ASW,CE,Federal Contract Tower,0,5,6,0,11,0,1,5,0,6,0,6,11,0,17,18,0,18,35
08/09/2022,HOB,NM,ASW,CE,Federal Contract Tower,0,1,0,0,1,0,0,13,0,13,0,1,13,0,14,0,0,0,14
08/10/2022,HOB,NM,ASW,CE,Federal Contract Tower,0,1,0,0,1,0,1,12,2,15,0,2,12,2,16,10,0,10,26
08/11/2022,HOB,NM,ASW,CE,Federal Contract Tower,0,1,3,0,4,0,0,16,0,16,0,1,19,0,20,10,0,10,30
08/12/2022,HOB,NM,ASW,CE,Federal Contract Tower,0,3,2,0,5,0,1,17,0,18,0,4,19,0,23,6,0,6,29
08/13/2022,HOB,NM,ASW,CE,Federal Contract Tower,0,2,1,0,3,0,3,7,0,10,0,5,8,0,13,0,0,0,13
08/14/2022,HOB,NM,ASW,CE,Federal Contract Tower,0,5,1,0,6,0,2,8,0,10,0,7,9,0,16,20,0,20,36
08/15/2022,HOB,NM,ASW,CE,Federal Contract Tower,0,3,2,0,5,0,2,7,0,9,0,5,9,0,14,0,0,0,14
08/16/2022,HOB,NM,ASW,CE,Federal Contract Tower,0,1,2,0,3,0,3,14,0,17,0,4,16,0,20,0,0,0,20
08/17/2022,HOB,NM,ASW,CE,Federal Contract Tower,0,3,0,0,3,0,2,12,0,14,0,5,12,0,17,0,0,0,17
08/18/2022,HOB,NM,ASW,CE,Federal Contract Tower,0,4,5,0,9,0,1,13,0,14,0,5,18,0,23,8,0,8,31
08/19/2022,HOB,NM,ASW,CE,Federal Contract Tower,0,5,2,0,7,0,0,14,0,14,0,5,16,0,21,2,0,2,23
08/20/2022,HOB,NM,ASW,CE,Federal Contract Tower,0,3,4,0,7,0,0,2,0,2,0,3,6,0,9,0,0,0,9
08/21/2022,HOB,NM,ASW,CE,Federal Contract Tower,0,7,3,0,10,0,0,1,0,1,0,7,4,0,11,0,0,0,11
08/22/2022,HOB,NM,ASW,CE,Federal Contract Tower,0,7,3,0,10,0,0,10,0,10,0,7,13,0,20,0,0,0,20
08/23/2022,HOB,NM,ASW,CE,Federal Contract Tower,0,1,1,0,2,0,1,18,0,19,0,2,19,0,21,12,0,12,33
08/24/2022,HOB,NM,ASW,CE,Federal Contract Tower,0,1,6,0,7,0,0,17,0,17,0,1,23,0,24,0,0,0,24
08/25/2022,HOB,NM,ASW,CE,Federal Contract Tower,0,1,4,0,5,0,2,20,0,22,0,3,24,0,27,0,0,0,27
08/26/2022,HOB,NM,ASW,CE,Federal Contract Tower,0,5,3,0,8,0,0,21,0,21,0,5,24,0,29,2,0,2,31
08/27/2022,HOB,NM,ASW,CE,Federal Contract Tower,0,1,1,0,2,0,1,24,0,25,0,2,25,0,27,42,0,42,69
08/28/2022,HOB,NM,ASW,CE,Federal Contract Tower,0,4,1,0,5,0,0,3,0,3,0,4,4,0,8,8,0,8,16
08/29/2022,HOB,NM,ASW,CE,Federal Contract Tower,0,5,0,0,5,0,1,9,0,10,0,6,9,0,15,0,0,0,15
08/30/2022,HOB,NM,ASW,CE,Federal Contract Tower,0,1,0,0,1,0,0,8,0,8,0,1,8,0,9,0,0,0,9
08/31/2022,HOB,NM,ASW,CE,Federal Contract Tower,0,1,4,0,5,0,0,2,0,2,0,1,6,0,7,0,0,0,7
09/01/2022,HOB,NM,ASW,CE,Federal Contract Tower,0,2,5,0,7,0,0,3,0,3,0,2,8,0,10,16,0,16,26
09/02/2022,HOB,NM,ASW,CE,Federal Contract Tower,0,3,3,0,6,0,0,4,0,4,0,3,7,0,10,10,0,10,20
09/03/2022,HOB,NM,ASW,CE,Federal Contract Tower,0,1,0,0,1,0,0,2,0,2,0,1,2,0,3,0,0,0,3
09/04/2022,HOB,NM,ASW,CE,Federal Contract Tower,0,3,0,0,3,0,0,6,0,6,0,3,6,0,9,10,0,10,19
09/05/2022,HOB,NM,ASW,CE,Federal Contract Tower,0,3,0,0,3,0,1,9,0,10,0,4,9,0,13,14,0,14,27
09/06/2022,HOB,NM,ASW,CE,Federal Contract Tower,0,1,4,0,5,0,1,14,0,15,0,2,18,0,20,12,0,12,32
09/07/2022,HOB,NM,ASW,CE,Federal Contract Tower,0,4,1,0,5,0,1,7,0,8,0,5,8,0,13,0,0,0,13
09/08/2022,HOB,NM,ASW,CE,Federal Contract Tower,0,2,4,0,6,0,0,24,0,24,0,2,28,0,30,14,0,14,44
09/09/2022,HOB,NM,ASW,CE,Federal Contract Tower,0,5,2,0,7,0,0,6,0,6,0,5,8,0,13,0,0,0,13
09/10/2022,HOB,NM,ASW,CE,Federal Contract Tower,0,1,2,0,3,0,0,6,0,6,0,1,8,0,9,12,0,12,21
09/11/2022,HOB,NM,ASW,CE,Federal Contract Tower,0,8,5,0,13,0,2,13,0,15,0,10,18,0,28,6,0,6,34
09/12/2022,HOB,NM,ASW,CE,Federal Contract Tower,0,5,2,0,7,0,2,15,0,17,0,7,17,0,24,0,0,0,24
09/13/2022,HOB,NM,ASW,CE,Federal Contract Tower,0,3,0,0,3,0,1,16,0,17,0,4,16,0,20,0,0,0,20
09/14/2022,HOB,NM,ASW,CE,Federal Contract Tower,0,2,6,0,8,0,4,10,0,14,0,6,16,0,22,0,0,0,22
09/15/2022,HOB,NM,ASW,CE,Federal Contract Tower,0,1,7,0,8,0,0,16,0,16,0,1,23,0,24,0,0,0,24
09/16/2022,HOB,NM,ASW,CE,Federal Contract Tower,0,5,3,0,8,0,1,10,0,11,0,6,13,0,19,0,0,0,19
09/17/2022,HOB,NM,ASW,CE,Federal Contract Tower,0,1,2,0,3,0,3,17,0,20,0,4,19,0,23,10,0,10,33
09/18/2022,HOB,NM,ASW,CE,Federal Contract Tower,0,3,3,0,6,0,0,11,0,11,0,3,14,0,17,4,0,4,21
09/19/2022,HOB,NM,ASW,CE,Federal Contract Tower,0,3,3,0,6,0,1,7,0,8,0,4,10,0,14,8,0,8,22
09/20/2022,HOB,NM,ASW,CE,Federal Contract Tower,0,3,6,0,9,0,1,14,0,15,0,4,20,0,24,0,0,0,24
09/21/2022,HOB,NM,ASW,CE,Federal Contract Tower,0,1,6,0,7,0,4,22,0,26,0,5,28,0,33,0,0,0,33
09/22/2022,HOB,NM,ASW,CE,Federal Contract Tower,0,3,10,0,13,0,3,22,0,25,0,6,32,0,38,18,0,18,56
09/23/2022,HOB,NM,ASW,CE,Federal Contract Tower,0,5,3,0,8,0,2,20,0,22,0,7,23,0,30,2,0,2,32
09/24/2022,HOB,NM,ASW,CE,Federal Contract Tower,0,4,1,0,5,0,8,18,0,26,0,12,19,0,31,38,0,38,69
09/25/2022,HOB,NM,ASW,CE,Federal Contract Tower,0,5,4,0,9,0,1,10,0,11,0,6,14,0,20,8,0,8,28
09/26/2022,HOB,NM,ASW,CE,Federal Contract Tower,0,3,5,0,8,0,0,29,0,29,0,3,34,0,37,20,0,20,57
09/27/2022,HOB,NM,ASW,CE,Federal Contract Tower,0,1,2,0,3,0,2,20,0,22,0,3,22,0,25,0,0,0,25
09/28/2022,HOB,NM,ASW,CE,Federal Contract Tower,0,2,5,0,7,0,2,14,2,18,0,4,19,2,25,0,0,0,25
09/29/2022,HOB,NM,ASW,CE,Federal Contract Tower,0,2,7,0,9,0,2,29,0,31,0,4,36,0,40,18,0,18,58
09/30/2022,HOB,NM,ASW,CE,Federal Contract Tower,0,4,7,0,11,0,1,16,0,17,0,5,23,0,28,2,0,2,30
10/01/2022,HOB,NM,ASW,CE,Federal Contract Tower,0,4,1,0,5,0,1,22,0,23,0,5,23,0,28,6,0,6,34
10/02/2022,HOB,NM,ASW,CE,Federal Contract Tower,0,7,5,0,12,0,0,17,0,17,0,7,22,0,29,0,0,0,29
10/03/2022,HOB,NM,ASW,CE,Federal Contract Tower,0,3,0,2,5,0,0,19,0,19,0,3,19,2,24,0,0,0,24
10/04/2022,HOB,NM,ASW,CE,Federal Contract Tower,0,3,1,0,4,0,1,24,2,27,0,4,25,2,31,0,34,34,65
10/05/2022,HOB,NM,ASW,CE,Federal Contract Tower,0,3,2,0,5,0,1,8,0,9,0,4,10,0,14,0,0,0,14
10/06/2022,HOB,NM,ASW,CE,Federal Contract Tower,0,1,6,0,7,0,2,14,0,16,0,3,20,0,23,0,0,0,23
10/07/2022,HOB,NM,ASW,CE,Federal Contract Tower,0,3,7,0,10,0,1,5,0,6,0,4,12,0,16,0,0,0,16
10/08/2022,HOB,NM,ASW,CE,Federal Contract Tower,0,3,2,0,5,0,1,4,0,5,0,4,6,0,10,0,0,0,10
10/09/2022,HOB,NM,ASW,CE,Federal Contract Tower,0,3,9,0,12,0,0,10,0,10,0,3,19,0,22,0,0,0,22
10/10/2022,HOB,NM,ASW,CE,Federal Contract Tower,0,4,3,0,7,0,2,5,0,7,0,6,8,0,14,0,0,0,14
10/11/2022,HOB,NM,ASW,CE,Federal Contract Tower,0,1,5,0,6,0,0,21,0,21,0,1,26,0,27,0,0,0,27
10/12/2022,HOB,NM,ASW,CE,Federal Contract Tower,0,1,1,2,4,0,1,29,0,30,0,2,30,2,34,0,0,0,34
10/13/2022,HOB,NM,ASW,CE,Federal Contract Tower,0,1,6,0,7,0,5,30,0,35,0,6,36,0,42,0,0,0,42
10/14/2022,HOB,NM,ASW,CE,Federal Contract Tower,0,5,1,0,6,0,6,14,0,20,0,11,15,0,26,0,0,0,26
10/15/2022,HOB,NM,ASW,CE,Federal Contract Tower,0,3,3,0,6,0,5,9,0,14,0,8,12,0,20,10,0,10,30
10/16/2022,HOB,NM,ASW,CE,Federal Contract Tower,0,3,1,0,4,0,0,0,0,0,0,3,1,0,4,0,0,0,4
10/17/2022,HOB,NM,ASW,CE,Federal Contract Tower,0,3,3,0,6,0,0,2,4,6,0,3,5,4,12,0,0,0,12
10/18/2022,HOB,NM,ASW,CE,Federal Contract Tower,0,7,2,0,9,0,0,17,0,17,0,7,19,0,26,0,0,0,26
10/19/2022,HOB,NM,ASW,CE,Federal Contract Tower,0,1,6,0,7,0,0,14,0,14,0,1,20,0,21,0,0,0,21
10/20/2022,HOB,NM,ASW,CE,Federal Contract Tower,0,1,10,0,11,0,0,29,0,29,0,1,39,0,40,0,0,0,40
10/21/2022,HOB,NM,ASW,CE,Federal Contract Tower,0,5,1,0,6,0,2,19,0,21,0,7,20,0,27,10,0,10,37
10/22/2022,HOB,NM,ASW,CE,Federal Contract Tower,0,1,3,0,4,0,1,7,0,8,0,2,10,0,12,0,0,0,12
10/23/2022,HOB,NM,ASW,CE,Federal Contract Tower,0,3,1,0,4,0,1,0,0,1,0,4,1,0,5,0,0,0,5
10/24/2022,HOB,NM,ASW,CE,Federal Contract Tower,0,5,0,0,5,0,0,1,0,1,0,5,1,0,6,0,0,0,6
10/25/2022,HOB,NM,ASW,CE,Federal Contract Tower,0,5,4,2,11,0,0,24,4,28,0,5,28,6,39,2,0,2,41
10/26/2022,HOB,NM,ASW,CE,Federal Contract Tower,0,1,6,0,7,0,1,20,0,21,0,2,26,0,28,18,0,18,46
10/27/2022,HOB,NM,ASW,CE,Federal Contract Tower,0,1,5,0,6,0,1,19,0,20,0,2,24,0,26,0,0,0,26
10/28/2022,HOB,NM,ASW,CE,Federal Contract Tower,0,8,2,2,12,0,0,10,0,10,0,8,12,2,22,0,6,6,28
10/29/2022,HOB,NM,ASW,CE,Federal Contract Tower,0,3,4,0,7,0,2,11,0,13,0,5,15,0,20,14,0,14,34
10/30/2022,HOB,NM,ASW,CE,Federal Contract Tower,0,5,3,0,8,0,1,9,0,10,0,6,12,0,18,0,0,0,18
10/31/2022,HOB,NM,ASW,CE,Federal Contract Tower,0,5,6,0,11,0,1,7,0,8,0,6,13,0,19,0,0,0,19
11/01/2022,HOB,NM,ASW,CE,Federal Contract Tower,0,3,1,0,4,0,0,16,0,16,0,3,17,0,20,6,0,6,26
11/02/2022,HOB,NM,ASW,CE,Federal Contract Tower,0,1,2,0,3,0,0,15,0,15,0,1,17,0,18,0,0,0,18
11/03/2022,HOB,NM,ASW,CE,Federal Contract Tower,0,2,6,0,8,0,1,14,0,15,0,3,20,0,23,0,0,0,23
11/04/2022,HOB,NM,ASW,CE,Federal Contract Tower,0,6,4,0,10,0,1,4,0,5,0,7,8,0,15,0,0,0,15
11/05/2022,HOB,NM,ASW,CE,Federal Contract Tower,0,1,0,0,1,0,4,10,0,14,0,5,10,0,15,0,0,0,15
11/06/2022,HOB,NM,ASW,CE,Federal Contract Tower,0,5,2,0,7,0,1,11,0,12,0,6,13,0,19,4,0,4,23
11/07/2022,HOB,NM,ASW,CE,Federal Contract Tower,0,3,0,4,7,0,1,3,0,4,0,4,3,4,11,0,0,0,11
11/08/2022,HOB,NM,ASW,CE,Federal Contract Tower,0,3,0,0,3,0,2,12,0,14,0,5,12,0,17,0,0,0,17
11/09/2022,HOB,NM,ASW,CE,Federal Contract Tower,0,3,8,0,11,0,1,6,0,7,0,4,14,0,18,0,0,0,18
11/10/2022,HOB,NM,ASW,CE,Federal Contract Tower,0,3,0,0,3,0,0,17,0,17,0,3,17,0,20,0,0,0,20
11/11/2022,HOB,NM,ASW,CE,Federal Contract Tower,0,3,7,0,10,0,0,7,0,7,0,3,14,0,17,0,0,0,17
11/12/2022,HOB,NM,ASW,CE,Federal Contract Tower,0,1,2,0,3,0,0,15,0,15,0,1,17,0,18,34,0,34,52
11/13/2022,HOB,NM,ASW,CE,Federal Contract Tower,0,3,2,0,5,0,0,6,0,6,0,3,8,0,11,0,0,0,11
11/14/2022,HOB,NM,ASW,CE,Federal Contract Tower,0,4,4,0,8,0,2,3,0,5,0,6,7,0,13,0,0,0,13
11/15/2022,HOB,NM,ASW,CE,Federal Contract Tower,0,3,4,0,7,0,3,12,0,15,0,6,16,0,22,0,0,0,22
11/16/2022,HOB,NM,ASW,CE,Federal Contract Tower,0,3,1,0,4,0,2,12,0,14,0,5,13,0,18,0,0,0,18
11/17/2022,HOB,NM,ASW,CE,Federal Contract Tower,0,5,8,0,13,0,2,18,2,22,0,7,26,2,35,0,16,16,51
11/18/2022,HOB,NM,ASW,CE,Federal Contract Tower,0,5,2,0,7,0,1,8,0,9,0,6,10,0,16,0,0,0,16
11/19/2022,HOB,NM,ASW,CE,Federal Contract Tower,0,1,4,0,5,0,0,0,0,0,0,1,4,0,5,0,0,0,5
11/20/2022,HOB,NM,ASW,CE,Federal Contract Tower,0,7,1,0,8,0,0,12,0,12,0,7,13,0,20,12,0,12,32
11/21/2022,HOB,NM,ASW,CE,Federal Contract Tower,0,3,0,0,3,0,0,15,0,15,0,3,15,0,18,8,0,8,26
11/22/2022,HOB,NM,ASW,CE,Federal Contract Tower,0,2,6,0,8,0,0,22,0,22,0,2,28,0,30,0,0,0,30
11/23/2022,HOB,NM,ASW,CE,Federal Contract Tower,0,2,5,0,7,0,0,6,0,6,0,2,11,0,13,0,0,0,13
11/24/2022,HOB,NM,ASW,CE,Federal Contract Tower,0,2,2,0,4,0,0,1,0,1,0,2,3,0,5,0,0,0,5
11/25/2022,HOB,NM,ASW,CE,Federal Contract Tower,0,3,2,0,5,0,0,1,0,1,0,3,3,0,6,0,0,0,6
11/26/2022,HOB,NM,ASW,CE,Federal Contract Tower,0,6,0,0,6,0,1,6,0,7,0,7,6,0,13,0,0,0,13
11/27/2022,HOB,NM,ASW,CE,Federal Contract Tower,0,4,3,0,7,0,2,21,0,23,0,6,24,0,30,0,0,0,30
11/28/2022,HOB,NM,ASW,CE,Federal Contract Tower,0,3,2,0,5,0,0,11,0,11,0,3,13,0,16,0,0,0,16
11/29/2022,HOB,NM,ASW,CE,Federal Contract Tower,0,1,4,0,5,0,1,11,0,12,0,2,15,0,17,0,0,0,17
11/30/2022,HOB,NM,ASW,CE,Federal Contract Tower,0,6,4,0,10,0,2,17,0,19,0,8,21,0,29,0,0,0,29
12/01/2022,HOB,NM,ASW,CE,Federal Contract Tower,0,4,3,0,7,0,0,13,0,13,0,4,16,0,20,0,0,0,20
12/02/2022,HOB,NM,ASW,CE,Federal Contract Tower,0,6,2,0,8,0,2,3,0,5,0,8,5,0,13,0,0,0,13
12/03/2022,HOB,NM,ASW,CE,Federal Contract Tower,0,1,0,0,1,0,2,6,0,8,0,3,6,0,9,14,0,14,23
12/04/2022,HOB,NM,ASW,CE,Federal Contract Tower,0,3,4,0,7,0,1,5,0,6,0,4,9,0,13,0,0,0,13
12/05/2022,HOB,NM,ASW,CE,Federal Contract Tower,0,9,2,0,11,0,1,5,0,6,0,10,7,0,17,0,0,0,17
12/06/2022,HOB,NM,ASW,CE,Federal Contract Tower,0,4,4,0,8,0,1,9,0,10,0,5,13,0,18,0,0,0,18
12/07/2022,HOB,NM,ASW,CE,Federal Contract Tower,0,3,10,4,17,0,0,4,0,4,0,3,14,4,21,0,0,0,21
12/08/2022,HOB,NM,ASW,CE,Federal Contract Tower,0,1,3,0,4,0,1,13,0,14,0,2,16,0,18,0,0,0,18
12/09/2022,HOB,NM,ASW,CE,Federal Contract Tower,0,5,6,0,11,0,0,3,0,3,0,5,9,0,14,0,0,0,14
12/10/2022,HOB,NM,ASW,CE,Federal Contract Tower,0,5,2,0,7,0,0,2,0,2,0,5,4,0,9,0,0,0,9
12/11/2022,HOB,NM,ASW,CE,Federal Contract Tower,0,5,2,0,7,0,0,8,0,8,0,5,10,0,15,8,0,8,23
12/12/2022,HOB,NM,ASW,CE,Federal Contract Tower,0,5,3,0,8,0,1,8,0,9,0,6,11,0,17,0,0,0,17
12/13/2022,HOB,NM,ASW,CE,Federal Contract Tower,0,3,2,0,5,0,0,14,0,14,0,3,16,0,19,0,0,0,19
12/14/2022,HOB,NM,ASW,CE,Federal Contract Tower,0,1,2,0,3,0,0,15,0,15,0,1,17,0,18,0,0,0,18
12/15/2022,HOB,NM,ASW,CE,Federal Contract Tower,0,5,6,0,11,0,2,24,0,26,0,7,30,0,37,0,0,0,37
12/16/2022,HOB,NM,ASW,CE,Federal Contract Tower,0,3,6,0,9,0,0,14,0,14,0,3,20,0,23,0,0,0,23
12/17/2022,HOB,NM,ASW,CE,Federal Contract Tower,0,5,0,0,5,0,2,14,0,16,0,7,14,0,21,10,0,10,31
12/18/2022,HOB,NM,ASW,CE,Federal Contract Tower,0,3,1,0,4,0,0,10,0,10,0,3,11,0,14,0,0,0,14
12/19/2022,HOB,NM,ASW,CE,Federal Contract Tower,0,5,0,0,5,0,0,18,0,18,0,5,18,0,23,0,0,0,23
12/20/2022,HOB,NM,ASW,CE,Federal Contract Tower,0,1,4,0,5,0,0,18,0,18,0,1,22,0,23,0,0,0,23
12/21/2022,HOB,NM,ASW,CE,Federal Contract Tower,0,5,5,0,10,0,0,15,2,17,0,5,20,2,27,10,8,18,45
12/22/2022,HOB,NM,ASW,CE,Federal Contract Tower,0,1,0,0,1,0,2,4,0,6,0,3,4,0,7,0,0,0,7
12/23/2022,HOB,NM,ASW,CE,Federal Contract Tower,0,3,3,0,6,0,2,6,0,8,0,5,9,0,14,0,0,0,14
12/24/2022,HOB,NM,ASW,CE,Federal Contract Tower,0,1,0,0,1,0,1,1,0,2,0,2,1,0,3,0,0,0,3
12/25/2022,HOB,NM,ASW,CE,Federal Contract Tower,0,3,0,0,3,0,2,2,0,4,0,5,2,0,7,0,0,0,7
12/26/2022,HOB,NM,ASW,CE,Federal Contract Tower,0,3,3,0,6,0,0,17,0,17,0,3,20,0,23,2,0,2,25
12/27/2022,HOB,NM,ASW,CE,Federal Contract Tower,0,1,3,0,4,0,0,24,0,24,0,1,27,0,28,4,0,4,32
12/28/2022,HOB,NM,ASW,CE,Federal Contract Tower,0,4,2,0,6,0,0,15,0,15,0,4,17,0,21,0,0,0,21
12/29/2022,HOB,NM,ASW,CE,Federal Contract Tower,0,4,3,0,7,0,1,14,0,15,0,5,17,0,22,0,0,0,22
12/30/2022,HOB,NM,ASW,CE,Federal Contract Tower,0,4,6,0,10,0,1,17,0,18,0,5,23,0,28,0,0,0,28
12/31/2022,HOB,NM,ASW,CE,Federal Contract Tower,0,5,2,0,7,0,2,6,0,8,0,7,8,0,15,2,0,2,17
01/01/2023,HOB,NM,ASW,CE,Federal Contract Tower,0,5,2,0,7,0,2,7,0,9,0,7,9,0,16,10,0,10,26
01/02/2023,HOB,NM,ASW,CE,Federal Contract Tower,0,2,0,0,2,0,0,8,0,8,0,2,8,0,10,0,0,0,10
01/03/2023,HOB,NM,ASW,CE,Federal Contract Tower,0,6,0,0,6,0,1,15,0,16,0,7,15,0,22,10,0,10,32
01/04/2023,HOB,NM,ASW,CE,Federal Contract Tower,0,4,0,0,4,0,3,5,0,8,0,7,5,0,12,0,0,0,12
01/05/2023,HOB,NM,ASW,CE,Federal Contract Tower,0,1,2,0,3,0,3,25,0,28,0,4,27,0,31,6,0,6,37
01/06/2023,HOB,NM,ASW,CE,Federal Contract Tower,0,3,0,0,3,0,0,12,0,12,0,3,12,0,15,0,0,0,15
01/07/2023,HOB,NM,ASW,CE,Federal Contract Tower,0,1,2,0,3,0,0,20,0,20,0,1,22,0,23,36,0,36,59
01/08/2023,HOB,NM,ASW,CE,Federal Contract Tower,0,3,1,0,4,0,8,10,0,18,0,11,11,0,22,0,0,0,22
01/09/2023,HOB,NM,ASW,CE,Federal Contract Tower,0,3,2,0,5,0,0,9,0,9,0,3,11,0,14,0,0,0,14
01/10/2023,HOB,NM,ASW,CE,Federal Contract Tower,0,5,2,4,11,0,1,24,0,25,0,6,26,4,36,0,6,6,42
01/11/2023,HOB,NM,ASW,CE,Federal Contract Tower,0,1,2,0,3,0,0,3,0,3,0,1,5,0,6,0,0,0,6
01/12/2023,HOB,NM,ASW,CE,Federal Contract Tower,0,1,3,0,4,0,0,15,0,15,0,1,18,0,19,6,0,6,25
01/13/2023,HOB,NM,ASW,CE,Federal Contract Tower,0,3,2,0,5,0,0,12,0,12,0,3,14,0,17,2,0,2,19
01/14/2023,HOB,NM,ASW,CE,Federal Contract Tower,0,1,0,0,1,0,0,6,0,6,0,1,6,0,7,2,0,2,9
01/15/2023,HOB,NM,ASW,CE,Federal Contract Tower,0,3,4,0,7,0,1,2,0,3,0,4,6,0,10,0,0,0,10
01/16/2023,HOB,NM,ASW,CE,Federal Contract Tower,0,5,0,0,5,0,0,4,0,4,0,5,4,0,9,0,0,0,9
01/17/2023,HOB,NM,ASW,CE,Federal Contract Tower,0,4,2,0,6,0,1,14,0,15,0,5,16,0,21,0,0,0,21
01/18/2023,HOB,NM,ASW,CE,Federal Contract Tower,0,4,3,0,7,0,1,5,0,6,0,5,8,0,13,0,0,0,13
01/19/2023,HOB,NM,ASW,CE,Federal Contract Tower,0,1,3,0,4,0,0,17,0,17,0,1,20,0,21,10,0,10,31
01/20/2023,HOB,NM,ASW,CE,Federal Contract Tower,0,5,5,0,10,0,1,20,0,21,0,6,25,0,31,6,0,6,37
01/21/2023,HOB,NM,ASW,CE,Federal Contract Tower,0,3,2,0,5,0,0,15,0,15,0,3,17,0,20,2,0,2,22
01/22/2023,HOB,NM,ASW,CE,Federal Contract Tower,0,3,4,0,7,0,0,6,0,6,0,3,10,0,13,0,0,0,13
01/23/2023,HOB,NM,ASW,CE,Federal Contract Tower,0,5,2,0,7,0,0,4,0,4,0,5,6,0,11,0,0,0,11
01/24/2023,HOB,NM,ASW,CE,Federal Contract Tower,0,1,2,0,3,0,0,1,0,1,0,1,3,0,4,0,0,0,4
01/25/2023,HOB,NM,ASW,CE,Federal Contract Tower,0,4,0,0,4,0,1,8,0,9,0,5,8,0,13,0,0,0,13
01/26/2023,HOB,NM,ASW,CE,Federal Contract Tower,0,3,6,0,9,0,1,19,0,20,0,4,25,0,29,0,0,0,29
01/27/2023,HOB,NM,ASW,CE,Federal Contract Tower,0,5,2,0,7,0,0,24,0,24,0,5,26,0,31,0,0,0,31
01/28/2023,HOB,NM,ASW,CE,Federal Contract Tower,0,3,1,0,4,0,2,8,0,10,0,5,9,0,14,0,0,0,14
01/29/2023,HOB,NM,ASW,CE,Federal Contract Tower,0,2,2,0,4,0,1,3,0,4,0,3,5,0,8,0,0,0,8
01/30/2023,HOB,NM,ASW,CE,Federal Contract Tower,0,5,1,0,6,0,0,1,0,1,0,5,2,0,7,0,0,0,7
01/31/2023,HOB,NM,ASW,CE,Federal Contract Tower,0,1,1,0,2,0,0,1,0,1,0,1,2,0,3,0,0,0,3
02/01/2023,HOB,NM,ASW,CE,Federal Contract Tower,0,1,0,0,1,0,0,2,0,2,0,1,2,0,3,0,0,0,3
02/02/2023,HOB,NM,ASW,CE,Federal Contract Tower,0,3,0,0,3,0,0,4,0,4,0,3,4,0,7,0,0,0,7
02/03/2023,HOB,NM,ASW,CE,Federal Contract Tower,0,3,0,0,3,0,0,15,0,15,0,3,15,0,18,10,0,10,28
02/04/2023,HOB,NM,ASW,CE,Federal Contract Tower,0,1,2,0,3,0,0,17,0,17,0,1,19,0,20,22,0,22,42
02/06/2023,HOB,NM,ASW,CE,Federal Contract Tower,0,3,4,0,7,0,0,13,4,17,0,3,17,4,24,0,0,0,24
02/07/2023,HOB,NM,ASW,CE,Federal Contract Tower,0,3,2,0,5,0,0,4,0,4,0,3,6,0,9,0,0,0,9
02/08/2023,HOB,NM,ASW,CE,Federal Contract Tower,0,1,8,0,9,0,0,17,0,17,0,1,25,0,26,0,0,0,26
02/09/2023,HOB,NM,ASW,CE,Federal Contract Tower,0,4,4,0,8,0,2,2,0,4,0,6,6,0,12,0,0,0,12
02/10/2023,HOB,NM,ASW,CE,Federal Contract Tower,0,7,3,0,10,0,0,21,0,21,0,7,24,0,31,22,0,22,53
02/11/2023,HOB,NM,ASW,CE,Federal Contract Tower,0,1,1,2,4,0,8,31,4,43,0,9,32,6,47,30,34,64,111
02/12/2023,HOB,NM,ASW,CE,Federal Contract Tower,0,3,2,0,5,0,1,12,0,13,0,4,14,0,18,0,0,0,18
02/13/2023,HOB,NM,ASW,CE,Federal Contract Tower,0,5,4,0,9,0,2,23,4,29,0,7,27,4,38,0,20,20,58
02/14/2023,HOB,NM,ASW,CE,Federal Contract Tower,0,2,1,0,3,0,0,4,0,4,0,2,5,0,7,0,0,0,7
02/16/2023,HOB,NM,ASW,CE,Federal Contract Tower,0,6,3,18,27,0,0,21,2,23,0,6,24,20,50,12,0,12,62
02/17/2023,HOB,NM,ASW,CE,Federal Contract Tower,0,3,9,2,14,0,2,6,2,10,0,5,15,4,24,0,10,10,34
02/18/2023,HOB,NM,ASW,CE,Federal Contract Tower,0,3,0,0,3,0,0,6,2,8,0,3,6,2,11,10,30,40,51
02/19/2023,HOB,NM,ASW,CE,Federal Contract Tower,0,3,7,0,10,0,0,10,0,10,0,3,17,0,20,0,0,0,20
02/20/2023,HOB,NM,ASW,CE,Federal Contract Tower,0,3,6,0,9,0,0,9,0,9,0,3,15,0,18,0,0,0,18
02/21/2023,HOB,NM,ASW,CE,Federal Contract Tower,0,3,1,2,6,0,0,17,0,17,0,3,18,2,23,0,0,0,23
02/22/2023,HOB,NM,ASW,CE,Federal Contract Tower,0,3,0,0,3,0,0,1,0,1,0,3,1,0,4,0,0,0,4
02/23/2023,HOB,NM,ASW,CE,Federal Contract Tower,0,3,3,0,6,0,2,10,0,12,0,5,13,0,18,0,0,0,18
02/24/2023,HOB,NM,ASW,CE,Federal Contract Tower,0,5,4,0,9,0,3,12,2,17,0,8,16,2,26,22,0,22,48
02/25/2023,HOB,NM,ASW,CE,Federal Contract Tower,0,3,0,0,3,0,0,5,0,5,0,3,5,0,8,0,0,0,8
02/26/2023,HOB,NM,ASW,CE,Federal Contract Tower,0,3,1,0,4,0,0,0,0,0,0,3,1,0,4,0,0,0,4
02/27/2023,HOB,NM,ASW,CE,Federal Contract Tower,0,4,3,2,9,0,1,6,4,11,0,5,9,6,20,0,40,40,60
02/28/2023,HOB,NM,ASW,CE,Federal Contract Tower,0,3,2,0,5,0,6,11,0,17,0,9,13,0,22,0,0,0,22
03/01/2023,HOB,NM,ASW,CE,Federal Contract Tower,0,3,6,0,9,0,0,9,0,9,0,3,15,0,18,0,0,0,18
03/02/2023,HOB,NM,ASW,CE,Federal Contract Tower,0,3,2,0,5,0,2,9,2,13,0,5,11,2,18,0,14,14,32
03/03/2023,HOB,NM,ASW,CE,Federal Contract Tower,0,5,2,1,8,0,1,9,1,11,0,6,11,2,19,0,0,0,19
03/04/2023,HOB,NM,ASW,CE,Federal Contract Tower,0,1,1,1,3,0,5,8,5,18,0,6,9,6,21,0,40,40,61
03/05/2023,HOB,NM,ASW,CE,Federal Contract Tower,0,8,1,0,9,0,1,5,2,8,0,9,6,2,17,0,0,0,17
03/06/2023,HOB,NM,ASW,CE,Federal Contract Tower,0,3,0,6,9,0,0,10,2,12,0,3,10,8,21,0,10,10,31
03/07/2023,HOB,NM,ASW,CE,Federal Contract Tower,0,5,4,0,9,0,0,24,2,26,0,5,28,2,35,0,28,28,63
03/08/2023,HOB,NM,ASW,CE,Federal Contract Tower,0,3,5,4,12,0,0,8,0,8,0,3,13,4,20,2,0,2,22
03/09/2023,HOB,NM,ASW,CE,Federal Contract Tower,0,1,5,0,6,0,0,7,2,9,0,1,12,2,15,0,0,0,15
03/10/2023,HOB,NM,ASW,CE,Federal Contract Tower,0,3,11,0,14,0,0,13,0,13,0,3,24,0,27,18,0,18,45
03/11/2023,HOB,NM,ASW,CE,Federal Contract Tower,0,1,3,0,4,0,0,2,0,2,0,1,5,0,6,0,0,0,6
03/12/2023,HOB,NM,ASW,CE,Federal Contract Tower,0,7,0,0,7,0,2,27,0,29,0,9,27,0,36,16,0,16,52
03/13/2023,HOB,NM,ASW,CE,Federal Contract Tower,0,3,2,0,5,0,2,9,0,11,0,5,11,0,16,0,0,0,16
03/14/2023,HOB,NM,ASW,CE,Federal Contract Tower,0,3,2,0,5,0,6,20,16,42,0,9,22,16,47,38,0,38,85
03/15/2023,HOB,NM,ASW,CE,Federal Contract Tower,0,1,1,0,2,0,1,2,0,3,0,2,3,0,5,0,0,0,5
03/16/2023,HOB,NM,ASW,CE,Federal Contract Tower,0,1,2,2,5,0,0,2,0,2,0,1,4,2,7,0,0,0,7
03/17/2023,HOB,NM,ASW,CE,Federal Contract Tower,0,7,2,6,15,0,0,11,0,11,0,7,13,6,26,48,0,48,74
03/18/2023,HOB,NM,ASW,CE,Federal Contract Tower,0,1,2,2,5,0,0,6,0,6,0,1,8,2,11,0,0,0,11
03/19/2023,HOB,NM,ASW,CE,Federal Contract Tower,0,3,4,0,7,0,0,4,0,4,0,3,8,0,11,0,0,0,11
03/20/2023,HOB,NM,ASW,CE,Federal Contract Tower,0,7,2,0,9,0,2,7,8,17,0,9,9,8,26,0,0,0,26
03/21/2023,HOB,NM,ASW,CE,Federal Contract Tower,0,1,2,0,3,0,1,10,2,13,0,2,12,2,16,0,0,0,16
03/22/2023,HOB,NM,ASW,CE,Federal Contract Tower,0,3,5,8,16,0,0,10,2,12,0,3,15,10,28,12,40,52,80
03/23/2023,HOB,NM,ASW,CE,Federal Contract Tower,0,2,5,0,7,0,0,21,0,21,0,2,26,0,28,10,0,10,38
03/24/2023,HOB,NM,ASW,CE,Federal Contract Tower,0,5,2,4,11,0,0,10,0,10,0,5,12,4,21,10,0,10,31
03/25/2023,HOB,NM,ASW,CE,Federal Contract Tower,0,1,1,0,2,0,0,11,0,11,0,1,12,0,13,4,0,4,17
03/26/2023,HOB,NM,ASW,CE,Federal Contract Tower,0,3,2,0,5,0,0,14,0,14,0,3,16,0,19,0,0,0,19
03/27/2023,HOB,NM,ASW,CE,Federal Contract Tower,0,3,1,8,12,0,2,28,2,32,0,5,29,10,44,6,0,6,50
03/28/2023,HOB,NM,ASW,CE,Federal Contract Tower,0,3,8,0,11,0,0,30,4,34,0,3,38,4,45,0,0,0,45
03/29/2023,HOB,NM,ASW,CE,Federal Contract Tower,0,1,2,6,9,0,2,22,0,24,0,3,24,6,33,20,0,20,53
03/30/2023,HOB,NM,ASW,CE,Federal Contract Tower,0,1,3,0,4,0,2,3,0,5,0,3,6,0,9,0,0,0,9
03/31/2023,HOB,NM,ASW,CE,Federal Contract Tower,0,3,0,0,3,0,0,16,0,16,0,3,16,0,19,0,0,0,19
04/01/2023,HOB,NM,ASW,CE,Federal Contract Tower,0,3,2,0,5,0,1,10,0,11,0,4,12,0,16,0,0,0,16
04/02/2023,HOB,NM,ASW,CE,Federal Contract Tower,0,3,2,0,5,0,1,2,0,3,0,4,4,0,8,0,0,0,8
04/03/2023,HOB,NM,ASW,CE,Federal Contract Tower,0,3,4,0,7,0,0,6,0,6,0,3,10,0,13,0,18,18,31
04/04/2023,HOB,NM,ASW,CE,Federal Contract Tower,0,3,2,0,5,0,0,5,0,5,0,3,7,0,10,0,0,0,10
04/05/2023,HOB,NM,ASW,CE,Federal Contract Tower,0,3,2,0,5,0,1,15,0,16,0,4,17,0,21,8,0,8,29
04/06/2023,HOB,NM,ASW,CE,Federal Contract Tower,0,1,7,0,8,0,1,22,0,23,0,2,29,0,31,8,0,8,39
04/07/2023,HOB,NM,ASW,CE,Federal Contract Tower,0,3,4,0,7,0,0,11,2,13,0,3,15,2,20,4,0,4,24
04/08/2023,HOB,NM,ASW,CE,Federal Contract Tower,0,2,0,0,2,0,0,6,0,6,0,2,6,0,8,0,0,0,8
04/09/2023,HOB,NM,ASW,CE,Federal Contract Tower,0,3,0,0,3,0,0,3,0,3,0,3,3,0,6,0,0,0,6
04/10/2023,HOB,NM,ASW,CE,Federal Contract Tower,0,7,2,2,11,0,0,22,2,24,0,7,24,4,35,6,16,22,57
04/11/2023,HOB,NM,ASW,CE,Federal Contract Tower,0,3,3,0,6,0,0,16,10,26,0,3,19,10,32,2,16,18,50
04/12/2023,HOB,NM,ASW,CE,Federal Contract Tower,0,6,6,0,12,0,1,23,0,24,0,7,29,0,36,10,0,10,46
04/13/2023,HOB,NM,ASW,CE,Federal Contract Tower,0,4,4,0,8,0,0,16,0,16,0,4,20,0,24,0,0,0,24
04/14/2023,HOB,NM,ASW,CE,Federal Contract Tower,0,5,4,0,9,0,2,7,0,9,0,7,11,0,18,0,0,0,18
04/15/2023,HOB,NM,ASW,CE,Federal Contract Tower,0,1,1,0,2,0,2,9,0,11,0,3,10,0,13,0,0,0,13
04/16/2023,HOB,NM,ASW,CE,Federal Contract Tower,0,3,1,0,4,0,0,8,0,8,0,3,9,0,12,0,0,0,12
04/17/2023,HOB,NM,ASW,CE,Federal Contract Tower,0,4,2,0,6,0,0,7,0,7,0,4,9,0,13,0,0,0,13
04/18/2023,HOB,NM,ASW,CE,Federal Contract Tower,0,1,2,0,3,0,0,13,0,13,0,1,15,0,16,10,0,10,26
04/19/2023,HOB,NM,ASW,CE,Federal Contract Tower,0,5,0,0,5,0,0,4,6,10,0,5,4,6,15,0,2,2,17
04/20/2023,HOB,NM,ASW,CE,Federal Contract Tower,0,4,4,0,8,0,0,5,0,5,0,4,9,0,13,0,0,0,13
04/21/2023,HOB,NM,ASW,CE,Federal Contract Tower,0,5,1,0,6,0,6,6,0,12,0,11,7,0,18,0,0,0,18
04/22/2023,HOB,NM,ASW,CE,Federal Contract Tower,0,1,3,0,4,0,2,12,0,14,0,3,15,0,18,0,0,0,18
04/23/2023,HOB,NM,ASW,CE,Federal Contract Tower,0,3,2,0,5,0,0,5,0,5,0,3,7,0,10,0,0,0,10
04/24/2023,HOB,NM,ASW,CE,Federal Contract Tower,0,3,6,0,9,0,0,4,0,4,0,3,10,0,13,0,0,0,13
04/25/2023,HOB,NM,ASW,CE,Federal Contract Tower,0,7,1,0,8,0,1,10,0,11,0,8,11,0,19,14,0,14,33
04/26/2023,HOB,NM,ASW,CE,Federal Contract Tower,0,1,0,2,3,0,2,12,0,14,0,3,12,2,17,0,0,0,17
04/27/2023,HOB,NM,ASW,CE,Federal Contract Tower,0,5,3,0,8,0,4,25,0,29,0,9,28,0,37,6,0,6,43
04/28/2023,HOB,NM,ASW,CE,Federal Contract Tower,0,7,3,1,11,0,8,3,0,11,0,15,6,1,22,0,2,2,24
04/29/2023,HOB,NM,ASW,CE,Federal Contract Tower,0,2,4,0,6,0,1,10,0,11,0,3,14,0,17,8,0,8,25
04/30/2023,HOB,NM,ASW,CE,Federal Contract Tower,0,3,5,0,8,0,0,5,0,5,0,3,10,0,13,2,0,2,15
05/01/2023,HOB,NM,ASW,CE,Federal Contract Tower,0,3,1,0,4,0,0,11,0,11,0,3,12,0,15,4,0,4,19
05/02/2023,HOB,NM,ASW,CE,Federal Contract Tower,0,1,3,4,8,0,1,17,1,19,0,2,20,5,27,12,2,14,41
05/03/2023,HOB,NM,ASW,CE,Federal Contract Tower,0,10,6,0,16,0,0,8,0,8,0,10,14,0,24,0,0,0,24
05/04/2023,HOB,NM,ASW,CE,Federal Contract Tower,0,3,5,0,8,0,3,12,0,15,0,6,17,0,23,0,0,0,23
05/05/2023,HOB,NM,ASW,CE,Federal Contract Tower,0,4,3,0,7,0,1,11,0,12,0,5,14,0,19,0,0,0,19
05/06/2023,HOB,NM,ASW,CE,Federal Contract Tower,0,3,2,0,5,0,1,3,0,4,0,4,5,0,9,0,0,0,9
05/07/2023,HOB,NM,ASW,CE,Federal Contract Tower,0,4,3,0,7,0,1,9,0,10,0,5,12,0,17,6,0,6,23
05/08/2023,HOB,NM,ASW,CE,Federal Contract Tower,0,9,4,0,13,0,2,12,0,14,0,11,16,0,27,0,0,0,27
05/09/2023,HOB,NM,ASW,CE,Federal Contract Tower,0,1,3,0,4,0,4,24,0,28,0,5,27,0,32,0,0,0,32
05/10/2023,HOB,NM,ASW,CE,Federal Contract Tower,0,4,1,0,5,0,1,11,0,12,0,5,12,0,17,16,0,16,33
05/11/2023,HOB,NM,ASW,CE,Federal Contract Tower,0,4,0,0,4,0,7,18,2,27,0,11,18,2,31,0,0,0,31
05/12/2023,HOB,NM,ASW,CE,Federal Contract Tower,0,5,1,0,6,0,0,25,0,25,0,5,26,0,31,15,0,15,46
05/13/2023,HOB,NM,ASW,CE,Federal Contract Tower,0,1,0,0,1,0,0,0,0,0,0,1,0,0,1,0,0,0,1
05/14/2023,HOB,NM,ASW,CE,Federal Contract Tower,0,3,2,0,5,0,0,12,0,12,0,3,14,0,17,8,0,8,25
05/15/2023,HOB,NM,ASW,CE,Federal Contract Tower,0,4,1,0,5,0,0,9,0,9,0,4,10,0,14,0,0,0,14
05/16/2023,HOB,NM,ASW,CE,Federal Contract Tower,0,2,5,5,12,0,0,20,0,20,0,2,25,5,32,0,8,8,40
05/17/2023,HOB,NM,ASW,CE,Federal Contract Tower,0,1,3,0,4,0,2,17,0,19,0,3,20,0,23,12,0,12,35
05/18/2023,HOB,NM,ASW,CE,Federal Contract Tower,0,1,5,0,6,0,0,19,0,19,0,1,24,0,25,0,0,0,25
05/19/2023,HOB,NM,ASW,CE,Federal Contract Tower,0,3,1,0,4,0,0,8,0,8,0,3,9,0,12,28,0,28,40
05/20/2023,HOB,NM,ASW,CE,Federal Contract Tower,0,3,2,3,8,0,0,3,3,6,0,3,5,6,14,6,0,6,20
05/21/2023,HOB,NM,ASW,CE,Federal Contract Tower,0,6,10,0,16,0,0,5,0,5,0,6,15,0,21,8,0,8,29
05/22/2023,HOB,NM,ASW,CE,Federal Contract Tower,0,5,2,0,7,0,1,9,6,16,0,6,11,6,23,0,4,4,27
05/23/2023,HOB,NM,ASW,CE,Federal Contract Tower,0,1,1,0,2,0,1,8,0,9,0,2,9,0,11,0,16,16,27
05/24/2023,HOB,NM,ASW,CE,Federal Contract Tower,0,4,6,0,10,0,3,13,4,20,0,7,19,4,30,8,4,12,42
05/25/2023,HOB,NM,ASW,CE,Federal Contract Tower,0,6,5,0,11,0,0,11,0,11,0,6,16,0,22,0,0,0,22
05/26/2023,HOB,NM,ASW,CE,Federal Contract Tower,0,3,7,0,10,0,0,11,0,11,0,3,18,0,21,8,0,8,29
05/27/2023,HOB,NM,ASW,CE,Federal Contract Tower,0,1,5,0,6,0,0,4,0,4,0,1,9,0,10,0,0,0,10
05/28/2023,HOB,NM,ASW,CE,Federal Contract Tower,0,6,2,0,8,0,2,6,0,8,0,8,8,0,16,20,0,20,36
05/29/2023,HOB,NM,ASW,CE,Federal Contract Tower,0,3,0,0,3,0,1,16,0,17,0,4,16,0,20,4,0,4,24
05/30/2023,HOB,NM,ASW,CE,Federal Contract Tower,0,8,3,2,13,0,3,17,0,20,0,11,20,2,33,0,0,0,33
05/31/2023,HOB,NM,ASW,CE,Federal Contract Tower,0,3,3,0,6,0,1,6,0,7,0,4,9,0,13,0,0,0,13
06/01/2023,HOB,NM,ASW,CE,Federal Contract Tower,0,3,4,2,9,0,0,12,0,12,0,3,16,2,21,0,0,0,21
06/02/2023,HOB,NM,ASW,CE,Federal Contract Tower,0,3,4,0,7,0,1,5,0,6,0,4,9,0,13,0,0,0,13
06/03/2023,HOB,NM,ASW,CE,Federal Contract Tower,0,3,4,0,7,0,0,4,0,4,0,3,8,0,11,0,0,0,11
06/04/2023,HOB,NM,ASW,CE,Federal Contract Tower,0,3,5,0,8,0,0,10,0,10,0,3,15,0,18,12,0,12,30
06/05/2023,HOB,NM,ASW,CE,Federal Contract Tower,0,5,3,0,8,0,0,17,0,17,0,5,20,0,25,0,0,0,25
06/06/2023,HOB,NM,ASW,CE,Federal Contract Tower,0,1,4,0,5,0,0,17,0,17,0,1,21,0,22,0,6,6,28
06/07/2023,HOB,NM,ASW,CE,Federal Contract Tower,0,1,9,0,10,0,2,18,0,20,0,3,27,0,30,20,0,20,50
06/08/2023,HOB,NM,ASW,CE,Federal Contract Tower,0,4,1,0,5,0,0,17,0,17,0,4,18,0,22,0,0,0,22
06/09/2023,HOB,NM,ASW,CE,Federal Contract Tower,0,4,3,0,7,0,2,18,0,20,0,6,21,0,27,0,0,0,27
06/10/2023,HOB,NM,ASW,CE,Federal Contract Tower,0,5,1,0,6,0,0,18,0,18,0,5,19,0,24,14,0,14,38
06/11/2023,HOB,NM,ASW,CE,Federal Contract Tower,0,5,3,0,8,0,1,12,2,15,0,6,15,2,23,0,0,0,23
06/12/2023,HOB,NM,ASW,CE,Federal Contract Tower,0,5,2,0,7,0,1,9,0,10,0,6,11,0,17,20,0,20,37
06/13/2023,HOB,NM,ASW,CE,Federal Contract Tower,0,1,3,0,4,0,0,14,0,14,0,1,17,0,18,0,0,0,18
06/14/2023,HOB,NM,ASW,CE,Federal Contract Tower,0,3,13,0,16,0,1,4,0,5,0,4,17,0,21,0,0,0,21
06/15/2023,HOB,NM,ASW,CE,Federal Contract Tower,0,1,2,0,3,0,6,11,0,17,0,7,13,0,20,14,0,14,34
06/18/2023,HOB,NM,ASW,CE,Federal Contract Tower,0,7,1,0,8,0,0,15,0,15,0,7,16,0,23,20,0,20,43
06/19/2023,HOB,NM,ASW,CE,Federal Contract Tower,0,4,3,0,7,0,0,29,0,29,0,4,32,0,36,0,0,0,36
06/20/2023,HOB,NM,ASW,CE,Federal Contract Tower,0,3,2,0,5,0,5,25,0,30,0,8,27,0,35,0,0,0,35
06/21/2023,HOB,NM,ASW,CE,Federal Contract Tower,0,1,7,0,8,0,2,21,0,23,0,3,28,0,31,2,0,2,33
06/22/2023,HOB,NM,ASW,CE,Federal Contract Tower,0,1,4,0,5,0,0,26,0,26,0,1,30,0,31,12,0,12,43
06/23/2023,HOB,NM,ASW,CE,Federal Contract Tower,0,3,3,0,6,0,0,22,0,22,0,3,25,0,28,14,0,14,42
06/24/2023,HOB,NM,ASW,CE,Federal Contract Tower,0,1,2,0,3,0,6,10,0,16,0,7,12,0,19,2,0,2,21
06/25/2023,HOB,NM,ASW,CE,Federal Contract Tower,0,3,0,0,3,0,0,10,0,10,0,3,10,0,13,0,0,0,13
06/26/2023,HOB,NM,ASW,CE,Federal Contract Tower,0,3,5,0,8,0,0,12,0,12,0,3,17,0,20,0,0,0,20
06/27/2023,HOB,NM,ASW,CE,Federal Contract Tower,0,1,3,0,4,0,4,15,0,19,0,5,18,0,23,0,0,0,23
06/28/2023,HOB,NM,ASW,CE,Federal Contract Tower,0,2,7,0,9,0,0,9,0,9,0,2,16,0,18,0,0,0,18
06/29/2023,HOB,NM,ASW,CE,Federal Contract Tower,0,2,4,0,6,0,0,11,0,11,0,2,15,0,17,0,0,0,17
06/30/2023,HOB,NM,ASW,CE,Federal Contract Tower,0,3,1,0,4,0,1,15,0,16,0,4,16,0,20,10,0,10,30
07/01/2023,HOB,NM,ASW,CE,Federal Contract Tower,0,2,1,0,3,0,0,9,0,9,0,2,10,0,12,8,0,8,20
07/02/2023,HOB,NM,ASW,CE,Federal Contract Tower,0,5,1,0,6,0,0,4,0,4,0,5,5,0,10,0,0,0,10
07/03/2023,HOB,NM,ASW,CE,Federal Contract Tower,0,3,0,0,3,0,2,27,0,29,0,5,27,0,32,0,0,0,32
07/04/2023,HOB,NM,ASW,CE,Federal Contract Tower,0,4,2,0,6,0,1,11,0,12,0,5,13,0,18,4,0,4,22
07/07/2023,HOB,NM,ASW,CE,Federal Contract Tower,0,7,1,0,8,0,0,24,0,24,0,7,25,0,32,0,0,0,32
07/08/2023,HOB,NM,ASW,CE,Federal Contract Tower,0,3,1,0,4,0,0,8,0,8,0,3,9,0,12,0,0,0,12
07/10/2023,HOB,NM,ASW,CE,Federal Contract Tower,0,3,1,0,4,0,0,32,2,34,0,3,33,2,38,0,0,0,38
07/11/2023,HOB,NM,ASW,CE,Federal Contract Tower,0,5,1,0,6,0,0,22,0,22,0,5,23,0,28,0,0,0,28
07/12/2023,HOB,NM,ASW,CE,Federal Contract Tower,0,1,3,0,4,0,0,13,0,13,0,1,16,0,17,0,0,0,17
07/15/2023,HOB,NM,ASW,CE,Federal Contract Tower,0,1,0,0,1,0,0,12,0,12,0,1,12,0,13,36,0,36,49
07/17/2023,HOB,NM,ASW,CE,Federal Contract Tower,0,3,9,0,12,0,2,15,0,17,0,5,24,0,29,0,0,0,29
07/18/2023,HOB,NM,ASW,CE,Federal Contract Tower,0,3,5,0,8,0,0,14,0,14,0,3,19,0,22,16,0,16,38
07/19/2023,HOB,NM,ASW,CE,Federal Contract Tower,0,3,0,2,5,0,2,16,6,24,0,5,16,8,29,0,8,8,37
07/20/2023,HOB,NM,ASW,CE,Federal Contract Tower,0,5,5,0,10,0,2,29,0,31,0,7,34,0,41,2,0,2,43
07/21/2023,HOB,NM,ASW,CE,Federal Contract Tower,0,5,4,0,9,0,0,13,0,13,0,5,17,0,22,2,0,2,24
07/22/2023,HOB,NM,ASW,CE,Federal Contract Tower,0,1,3,0,4,0,0,16,0,16,0,1,19,0,20,0,0,0,20
07/23/2023,HOB,NM,ASW,CE,Federal Contract Tower,0,3,0,0,3,0,0,4,2,6,0,3,4,2,9,0,0,0,9
07/24/2023,HOB,NM,ASW,CE,Federal Contract Tower,0,3,5,0,8,0,1,22,2,25,0,4,27,2,33,0,0,0,33
07/25/2023,HOB,NM,ASW,CE,Federal Contract Tower,0,2,1,0,3,0,0,8,0,8,0,2,9,0,11,0,0,0,11
07/26/2023,HOB,NM,ASW,CE,Federal Contract Tower,0,1,6,0,7,0,0,25,4,29,0,1,31,4,36,10,4,14,50
07/27/2023,HOB,NM,ASW,CE,Federal Contract Tower,0,1,3,0,4,0,0,18,2,20,0,1,21,2,24,0,4,4,28
07/29/2023,HOB,NM,ASW,CE,Federal Contract Tower,0,3,1,0,4,0,2,26,0,28,0,5,27,0,32,6,0,6,38
07/30/2023,HOB,NM,ASW,CE,Federal Contract Tower,0,5,3,0,8,0,0,8,0,8,0,5,11,0,16,6,0,6,22
07/31/2023,HOB,NM,ASW,CE,Federal Contract Tower,0,7,3,0,10,0,5,15,0,20,0,12,18,0,30,0,0,0,30
08/02/2023,HOB,NM,ASW,CE,Federal Contract Tower,0,5,4,0,9,0,0,4,0,4,0,5,8,0,13,0,0,0,13
08/03/2023,HOB,NM,ASW,CE,Federal Contract Tower,0,5,4,0,9,0,0,24,0,24,0,5,28,0,33,18,0,18,51
08/04/2023,HOB,NM,ASW,CE,Federal Contract Tower,0,3,5,0,8,0,3,13,0,16,0,6,18,0,24,0,0,0,24
08/05/2023,HOB,NM,ASW,CE,Federal Contract Tower,0,3,5,0,8,0,0,17,0,17,0,3,22,0,25,20,0,20,45
08/06/2023,HOB,NM,ASW,CE,Federal Contract Tower,0,4,0,0,4,0,1,11,0,12,0,5,11,0,16,0,0,0,16
08/07/2023,HOB,NM,ASW,CE,Federal Contract Tower,0,4,4,0,8,0,0,9,0,9,0,4,13,0,17,0,0,0,17
08/08/2023,HOB,NM,ASW,CE,Federal Contract Tower,0,9,4,0,13,0,6,23,0,29,0,15,27,0,42,0,0,0,42
08/09/2023,HOB,NM,ASW,CE,Federal Contract Tower,0,4,2,0,6,0,0,17,0,17,0,4,19,0,23,0,0,0,23
08/10/2023,HOB,NM,ASW,CE,Federal Contract Tower,0,10,4,0,14,0,2,17,0,19,0,12,21,0,33,0,0,0,33
08/11/2023,HOB,NM,ASW,CE,Federal Contract Tower,0,3,1,0,4,0,4,11,0,15,0,7,12,0,19,0,0,0,19
08/12/2023,HOB,NM,ASW,CE,Federal Contract Tower,0,4,1,0,5,0,4,6,0,10,0,8,7,0,15,0,0,0,15
08/13/2023,HOB,NM,ASW,CE,Federal Contract Tower,0,5,5,0,10,0,1,5,0,6,0,6,10,0,16,0,0,0,16
08/14/2023,HOB,NM,ASW,CE,Federal Contract Tower,0,5,6,0,11,0,1,17,0,18,0,6,23,0,29,8,0,8,37
08/15/2023,HOB,NM,ASW,CE,Federal Contract Tower,0,3,1,0,4,0,1,6,0,7,0,4,7,0,11,0,0,0,11
08/16/2023,HOB,NM,ASW,CE,Federal Contract Tower,0,3,4,0,7,0,0,11,0,11,0,3,15,0,18,6,0,6,24
08/18/2023,HOB,NM,ASW,CE,Federal Contract Tower,0,5,6,0,11,0,1,7,5,13,0,6,13,5,24,8,0,8,32
08/19/2023,HOB,NM,ASW,CE,Federal Contract Tower,0,5,1,0,6,0,0,14,0,14,0,5,15,0,20,6,0,6,26
08/20/2023,HOB,NM,ASW,CE,Federal Contract Tower,0,3,0,0,3,0,0,3,0,3,0,3,3,0,6,0,0,0,6
08/21/2023,HOB,NM,ASW,CE,Federal Contract Tower,0,5,2,0,7,0,0,10,0,10,0,5,12,0,17,0,0,0,17
08/22/2023,HOB,NM,ASW,CE,Federal Contract Tower,0,3,1,0,4,0,0,11,0,11,0,3,12,0,15,24,0,24,39
08/23/2023,HOB,NM,ASW,CE,Federal Contract Tower,0,5,8,0,13,0,1,10,0,11,0,6,18,0,24,0,0,0,24
08/24/2023,HOB,NM,ASW,CE,Federal Contract Tower,0,3,9,0,12,0,0,18,0,18,0,3,27,0,30,0,0,0,30
08/25/2023,HOB,NM,ASW,CE,Federal Contract Tower,0,3,3,0,6,0,0,8,0,8,0,3,11,0,14,0,0,0,14
08/26/2023,HOB,NM,ASW,CE,Federal Contract Tower,0,5,2,0,7,0,0,8,0,8,0,5,10,0,15,0,0,0,15
08/27/2023,HOB,NM,ASW,CE,Federal Contract Tower,0,5,4,0,9,0,0,2,0,2,0,5,6,0,11,0,0,0,11
08/28/2023,HOB,NM,ASW,CE,Federal Contract Tower,0,3,3,0,6,0,0,13,0,13,0,3,16,0,19,0,0,0,19
08/29/2023,HOB,NM,ASW,CE,Federal Contract Tower,0,5,3,0,8,0,0,11,0,11,0,5,14,0,19,0,0,0,19
08/30/2023,HOB,NM,ASW,CE,Federal Contract Tower,0,11,5,0,16,0,3,15,0,18,0,14,20,0,34,0,0,0,34
08/31/2023,HOB,NM,ASW,CE,Federal Contract Tower,0,7,5,0,12,0,0,29,0,29,0,7,34,0,41,0,0,0,41
