01/01/2000,HPN,NY,AEA,EN,Combined TRACON& Tower with Radar,10,37,59,0,106,7,0,25,0,32,17,37,84,0,138,8,0,8,146
01/02/2000,HPN,NY,AEA,EN,Combined TRACON& Tower with Radar,34,119,228,0,381,0,0,72,0,72,34,119,300,0,453,104,0,104,557
01/03/2000,HPN,NY,AEA,EN,Combined TRACON& Tower with Radar,21,141,142,0,304,1,0,46,0,47,22,141,188,0,351,10,0,10,361
01/04/2000,HPN,NY,AEA,EN,Combined TRACON& Tower with Radar,22,91,93,0,206,6,23,0,0,29,28,114,93,0,235,0,0,0,235
01/05/2000,HPN,NY,AEA,EN,Combined TRACON& Tower with Radar,41,159,192,3,395,1,0,65,0,66,42,159,257,3,461,22,0,22,483
01/06/2000,HPN,NY,AEA,EN,Combined TRACON& Tower with Radar,39,152,207,3,401,1,7,116,3,127,40,159,323,6,528,78,0,78,606
01/07/2000,HPN,NY,AEA,EN,Combined TRACON& Tower with Radar,45,180,248,3,476,0,0,116,9,125,45,180,364,12,601,78,0,78,679
01/08/2000,HPN,NY,AEA,EN,Combined TRACON& Tower with Radar,24,56,187,0,267,1,0,227,0,228,25,56,414,0,495,190,0,190,685
01/09/2000,HPN,NY,AEA,EN,Combined TRACON& Tower with Radar,28,93,230,1,352,1,0,143,0,144,29,93,373,1,496,112,0,112,608
01/10/2000,HPN,NY,AEA,EN,Combined TRACON& Tower with Radar,32,125,133,1,291,1,0,9,0,10,33,125,142,1,301,0,0,0,301
01/11/2000,HPN,NY,AEA,EN,Combined TRACON& Tower with Radar,39,155,187,2,383,1,0,71,0,72,40,155,258,2,455,52,0,52,507
01/12/2000,HPN,NY,AEA,EN,Combined TRACON& Tower with Radar,41,191,227,3,462,0,0,98,0,98,41,191,325,3,560,36,0,36,596
01/13/2000,HPN,NY,AEA,EN,Combined TRACON& Tower with Radar,32,124,167,1,324,3,0,6,6,15,35,124,173,7,339,0,0,0,339
01/14/2000,HPN,NY,AEA,EN,Combined TRACON& Tower with Radar,56,175,192,14,437,0,0,76,0,76,56,175,268,14,513,0,0,0,513
01/15/2000,HPN,NY,AEA,EN,Combined TRACON& Tower with Radar,22,51,124,0,197,0,0,144,0,144,22,51,268,0,341,164,0,164,505
01/16/2000,HPN,NY,AEA,EN,Combined TRACON& Tower with Radar,29,109,135,0,273,0,0,101,0,101,29,109,236,0,374,58,0,58,432
01/17/2000,HPN,NY,AEA,EN,Combined TRACON& Tower with Radar,43,168,181,1,393,0,0,43,0,43,43,168,224,1,436,0,0,0,436
01/18/2000,HPN,NY,AEA,EN,Combined TRACON& Tower with Radar,37,146,200,2,385,0,0,111,4,115,37,146,311,6,500,142,0,142,642
01/19/2000,HPN,NY,AEA,EN,Combined TRACON& Tower with Radar,33,159,219,0,411,0,11,123,0,134,33,170,342,0,545,112,0,112,657
01/20/2000,HPN,NY,AEA,EN,Combined TRACON& Tower with Radar,32,103,100,0,235,0,0,2,0,2,32,103,102,0,237,0,0,0,237
01/21/2000,HPN,NY,AEA,EN,Combined TRACON& Tower with Radar,34,154,212,2,402,0,7,34,0,41,34,161,246,2,443,2,0,2,445
01/22/2000,HPN,NY,AEA,EN,Combined TRACON& Tower with Radar,21,59,117,0,197,0,0,47,0,47,21,59,164,0,244,18,0,18,262
01/23/2000,HPN,NY,AEA,EN,Combined TRACON& Tower with Radar,33,92,146,0,271,0,0,76,0,76,33,92,222,0,347,136,0,136,483
01/24/2000,HPN,NY,AEA,EN,Combined TRACON& Tower with Radar,41,155,170,2,368,0,0,77,0,77,41,155,247,2,445,114,0,114,559
01/25/2000,HPN,NY,AEA,EN,Combined TRACON& Tower with Radar,3,8,54,0,65,0,0,2,0,2,3,8,56,0,67,0,0,0,67
01/26/2000,HPN,NY,AEA,EN,Combined TRACON& Tower with Radar,41,137,203,0,381,0,0,38,0,38,41,137,241,0,419,0,0,0,419
01/27/2000,HPN,NY,AEA,EN,Combined TRACON& Tower with Radar,39,151,210,0,400,0,0,69,0,69,39,151,279,0,469,4,0,4,473
01/28/2000,HPN,NY,AEA,EN,Combined TRACON& Tower with Radar,38,149,207,0,394,0,4,66,0,70,38,153,273,0,464,0,0,0,464
01/29/2000,HPN,NY,AEA,EN,Combined TRACON& Tower with Radar,21,52,166,0,239,0,0,112,0,112,21,52,278,0,351,72,0,72,423
01/30/2000,HPN,NY,AEA,EN,Combined TRACON& Tower with Radar,31,64,180,0,275,0,0,88,0,88,31,64,268,0,363,190,0,190,553
01/31/2000,HPN,NY,AEA,EN,Combined TRACON& Tower with Radar,36,164,153,0,353,0,0,30,0,30,36,164,183,0,383,0,0,0,383
02/01/2000,HPN,NY,AEA,EN,Combined TRACON& Tower with Radar,32,120,176,0,328,8,26,95,0,129,40,146,271,0,457,70,0,70,527
02/02/2000,HPN,NY,AEA,EN,Combined TRACON& Tower with Radar,32,124,181,0,337,5,28,53,0,86,37,152,234,0,423,0,0,0,423
02/03/2000,HPN,NY,AEA,EN,Combined TRACON& Tower with Radar,39,149,184,2,374,1,0,57,0,58,40,149,241,2,432,96,0,96,528
02/04/2000,HPN,NY,AEA,EN,Combined TRACON& Tower with Radar,38,152,166,0,356,1,0,28,0,29,39,152,194,0,385,0,0,0,385
02/05/2000,HPN,NY,AEA,EN,Combined TRACON& Tower with Radar,24,54,142,3,223,1,0,107,0,108,25,54,249,3,331,76,0,76,407
02/06/2000,HPN,NY,AEA,EN,Combined TRACON& Tower with Radar,37,96,225,0,358,1,0,146,0,147,38,96,371,0,505,122,0,122,627
02/07/2000,HPN,NY,AEA,EN,Combined TRACON& Tower with Radar,40,156,201,4,401,1,0,121,0,122,41,156,322,4,523,56,0,56,579
02/08/2000,HPN,NY,AEA,EN,Combined TRACON& Tower with Radar,37,133,213,0,383,1,0,113,0,114,38,133,326,0,497,106,0,106,603
02/09/2000,HPN,NY,AEA,EN,Combined TRACON& Tower with Radar,38,153,227,1,419,0,18,134,0,152,38,171,361,1,571,92,0,92,663
02/10/2000,HPN,NY,AEA,EN,Combined TRACON& Tower with Radar,42,145,222,2,411,1,0,129,0,130,43,145,351,2,541,180,0,180,721
02/11/2000,HPN,NY,AEA,EN,Combined TRACON& Tower with Radar,29,92,183,0,304,1,0,17,0,18,30,92,200,0,322,0,0,0,322
02/12/2000,HPN,NY,AEA,EN,Combined TRACON& Tower with Radar,25,87,133,0,245,1,0,201,0,202,26,87,334,0,447,154,0,154,601
02/13/2000,HPN,NY,AEA,EN,Combined TRACON& Tower with Radar,33,82,190,0,305,0,0,118,0,118,33,82,308,0,423,86,0,86,509
02/14/2000,HPN,NY,AEA,EN,Combined TRACON& Tower with Radar,23,92,133,0,248,0,26,21,0,47,23,118,154,0,295,0,0,0,295
02/15/2000,HPN,NY,AEA,EN,Combined TRACON& Tower with Radar,35,130,191,0,356,6,4,137,0,147,41,134,328,0,503,30,0,30,533
02/16/2000,HPN,NY,AEA,EN,Combined TRACON& Tower with Radar,44,169,237,0,450,0,0,87,0,87,44,169,324,0,537,88,0,88,625
02/17/2000,HPN,NY,AEA,EN,Combined TRACON& Tower with Radar,45,198,344,0,587,0,0,139,0,139,45,198,483,0,726,44,0,44,770
02/18/2000,HPN,NY,AEA,EN,Combined TRACON& Tower with Radar,15,89,153,0,257,0,0,12,0,12,15,89,165,0,269,0,0,0,269
02/19/2000,HPN,NY,AEA,EN,Combined TRACON& Tower with Radar,26,59,123,0,208,0,0,6,0,6,26,59,129,0,214,0,0,0,214
02/20/2000,HPN,NY,AEA,EN,Combined TRACON& Tower with Radar,35,71,110,0,216,0,0,93,0,93,35,71,203,0,309,2,0,2,311
02/21/2000,HPN,NY,AEA,EN,Combined TRACON& Tower with Radar,34,162,302,0,498,0,0,175,0,175,34,162,477,0,673,138,0,138,811
02/22/2000,HPN,NY,AEA,EN,Combined TRACON& Tower with Radar,47,163,270,0,480,0,0,128,0,128,47,163,398,0,608,186,0,186,794
02/23/2000,HPN,NY,AEA,EN,Combined TRACON& Tower with Radar,38,142,230,2,412,0,0,156,16,172,38,142,386,18,584,110,0,110,694
02/24/2000,HPN,NY,AEA,EN,Combined TRACON& Tower with Radar,44,177,273,0,494,0,0,176,0,176,44,177,449,0,670,116,0,116,786
02/25/2000,HPN,NY,AEA,EN,Combined TRACON& Tower with Radar,45,159,177,9,390,0,0,24,0,24,45,159,201,9,414,0,0,0,414
02/26/2000,HPN,NY,AEA,EN,Combined TRACON& Tower with Radar,20,60,110,4,194,0,0,6,0,6,20,60,116,4,200,0,0,0,200
02/27/2000,HPN,NY,AEA,EN,Combined TRACON& Tower with Radar,18,76,119,0,213,0,0,0,0,0,18,76,119,0,213,0,0,0,213
02/28/2000,HPN,NY,AEA,EN,Combined TRACON& Tower with Radar,36,134,144,0,314,0,0,94,0,94,36,134,238,0,408,16,0,16,424
02/29/2000,HPN,NY,AEA,EN,Combined TRACON& Tower with Radar,41,154,236,0,431,0,0,115,0,115,41,154,351,0,546,100,0,100,646
03/01/2000,HPN,NY,AEA,EN,Combined TRACON& Tower with Radar,40,152,254,1,447,1,0,156,1,158,41,152,410,2,605,54,0,54,659
03/02/2000,HPN,NY,AEA,EN,Combined TRACON& Tower with Radar,36,139,231,0,406,1,27,54,0,82,37,166,285,0,488,20,0,20,508
03/03/2000,HPN,NY,AEA,EN,Combined TRACON& Tower with Radar,36,144,208,0,388,0,1,92,0,93,36,145,300,0,481,36,0,36,517
03/04/2000,HPN,NY,AEA,EN,Combined TRACON& Tower with Radar,22,60,180,0,262,0,1,184,0,185,22,61,364,0,447,176,0,176,623
03/05/2000,HPN,NY,AEA,EN,Combined TRACON& Tower with Radar,34,84,264,4,386,0,1,138,1,140,34,85,402,5,526,116,0,116,642
03/06/2000,HPN,NY,AEA,EN,Combined TRACON& Tower with Radar,35,146,241,0,422,0,0,117,3,120,35,146,358,3,542,20,0,20,562
03/07/2000,HPN,NY,AEA,EN,Combined TRACON& Tower with Radar,33,133,221,0,387,3,12,79,0,94,36,145,300,0,481,36,0,36,517
03/08/2000,HPN,NY,AEA,EN,Combined TRACON& Tower with Radar,37,154,319,1,511,0,1,133,0,134,37,155,452,1,645,84,0,84,729
03/09/2000,HPN,NY,AEA,EN,Combined TRACON& Tower with Radar,30,122,204,1,357,0,5,48,0,53,30,127,252,1,410,14,0,14,424
03/10/2000,HPN,NY,AEA,EN,Combined TRACON& Tower with Radar,35,139,267,0,441,0,1,190,0,191,35,140,457,0,632,158,0,158,790
03/11/2000,HPN,NY,AEA,EN,Combined TRACON& Tower with Radar,21,50,95,0,166,0,1,2,0,3,21,51,97,0,169,0,0,0,169
03/12/2000,HPN,NY,AEA,EN,Combined TRACON& Tower with Radar,26,84,167,0,277,4,0,24,0,28,30,84,191,0,305,14,0,14,319
03/13/2000,HPN,NY,AEA,EN,Combined TRACON& Tower with Radar,36,206,213,1,456,0,1,119,0,120,36,207,332,1,576,152,0,152,728
03/14/2000,HPN,NY,AEA,EN,Combined TRACON& Tower with Radar,42,160,220,0,422,0,1,147,0,148,42,161,367,0,570,110,0,110,680
03/15/2000,HPN,NY,AEA,EN,Combined TRACON& Tower with Radar,32,150,248,0,430,0,0,145,0,145,32,150,393,0,575,148,0,148,723
03/16/2000,HPN,NY,AEA,EN,Combined TRACON& Tower with Radar,31,145,239,0,415,0,0,103,0,103,31,145,342,0,518,140,0,140,658
03/17/2000,HPN,NY,AEA,EN,Combined TRACON& Tower with Radar,35,142,235,0,412,0,4,12,0,16,35,146,247,0,428,0,0,0,428
03/18/2000,HPN,NY,AEA,EN,Combined TRACON& Tower with Radar,28,66,208,0,302,0,0,238,0,238,28,66,446,0,540,124,0,124,664
03/19/2000,HPN,NY,AEA,EN,Combined TRACON& Tower with Radar,31,157,237,0,425,0,1,202,0,203,31,158,439,0,628,308,0,308,936
03/20/2000,HPN,NY,AEA,EN,Combined TRACON& Tower with Radar,37,179,221,0,437,0,1,102,0,103,37,180,323,0,540,182,0,182,722
03/21/2000,HPN,NY,AEA,EN,Combined TRACON& Tower with Radar,26,148,180,0,354,0,1,19,0,20,26,149,199,0,374,0,0,0,374
03/22/2000,HPN,NY,AEA,EN,Combined TRACON& Tower with Radar,36,160,193,3,392,0,1,106,0,107,36,161,299,3,499,80,0,80,579
03/23/2000,HPN,NY,AEA,EN,Combined TRACON& Tower with Radar,41,183,259,0,483,0,1,120,0,121,41,184,379,0,604,88,0,88,692
03/24/2000,HPN,NY,AEA,EN,Combined TRACON& Tower with Radar,50,194,322,0,566,0,0,141,0,141,50,194,463,0,707,76,0,76,783
03/25/2000,HPN,NY,AEA,EN,Combined TRACON& Tower with Radar,27,55,228,0,310,0,1,159,0,160,27,56,387,0,470,148,0,148,618
03/26/2000,HPN,NY,AEA,EN,Combined TRACON& Tower with Radar,36,149,270,0,455,0,1,132,0,133,36,150,402,0,588,312,0,312,900
03/27/2000,HPN,NY,AEA,EN,Combined TRACON& Tower with Radar,41,147,183,4,375,0,1,100,0,101,41,148,283,4,476,36,0,36,512
03/28/2000,HPN,NY,AEA,EN,Combined TRACON& Tower with Radar,38,137,153,0,328,0,0,25,1,26,38,137,178,1,354,0,0,0,354
03/29/2000,HPN,NY,AEA,EN,Combined TRACON& Tower with Radar,39,155,254,1,449,9,16,60,0,85,48,171,314,1,534,68,0,68,602
03/30/2000,HPN,NY,AEA,EN,Combined TRACON& Tower with Radar,46,158,274,16,494,0,0,132,0,132,46,158,406,16,626,136,0,136,762
03/31/2000,HPN,NY,AEA,EN,Combined TRACON& Tower with Radar,37,159,309,5,510,0,0,157,0,157,37,159,466,5,667,170,0,170,837
04/01/2000,HPN,NY,AEA,EN,Combined TRACON& Tower with Radar,25,118,213,1,357,0,0,217,0,217,25,118,430,1,574,278,0,278,852
04/02/2000,HPN,NY,AEA,EN,Combined TRACON& Tower with Radar,25,105,275,0,405,1,1,127,0,129,26,106,402,0,534,182,0,182,716
04/03/2000,HPN,NY,AEA,EN,Combined TRACON& Tower with Radar,34,143,209,1,387,0,1,23,1,25,34,144,232,2,412,0,0,0,412
04/04/2000,HPN,NY,AEA,EN,Combined TRACON& Tower with Radar,40,138,221,0,399,25,17,0,0,42,65,155,221,0,441,0,0,0,441
04/05/2000,HPN,NY,AEA,EN,Combined TRACON& Tower with Radar,39,153,262,9,463,1,1,88,0,90,40,154,350,9,553,22,0,22,575
04/06/2000,HPN,NY,AEA,EN,Combined TRACON& Tower with Radar,41,139,260,2,442,7,0,98,2,107,48,139,358,4,549,98,0,98,647
04/07/2000,HPN,NY,AEA,EN,Combined TRACON& Tower with Radar,41,158,299,2,500,0,0,201,2,203,41,158,500,4,703,180,0,180,883
04/08/2000,HPN,NY,AEA,EN,Combined TRACON& Tower with Radar,28,48,159,0,235,0,1,91,0,92,28,49,250,0,327,158,0,158,485
04/09/2000,HPN,NY,AEA,EN,Combined TRACON& Tower with Radar,26,42,124,0,192,0,1,1,0,2,26,43,125,0,194,0,0,0,194
04/10/2000,HPN,NY,AEA,EN,Combined TRACON& Tower with Radar,35,135,244,0,414,0,13,105,0,118,35,148,349,0,532,30,0,30,562
04/11/2000,HPN,NY,AEA,EN,Combined TRACON& Tower with Radar,36,121,204,0,361,2,25,0,0,27,38,146,204,0,388,0,0,0,388
04/12/2000,HPN,NY,AEA,EN,Combined TRACON& Tower with Radar,42,160,255,10,467,0,1,96,0,97,42,161,351,10,564,28,0,28,592
04/13/2000,HPN,NY,AEA,EN,Combined TRACON& Tower with Radar,49,164,320,2,535,0,0,204,2,206,49,164,524,4,741,32,0,32,773
04/14/2000,HPN,NY,AEA,EN,Combined TRACON& Tower with Radar,42,159,287,0,488,0,2,144,0,146,42,161,431,0,634,28,0,28,662
04/15/2000,HPN,NY,AEA,EN,Combined TRACON& Tower with Radar,17,51,102,0,170,11,0,1,0,12,28,51,103,0,182,0,0,0,182
04/16/2000,HPN,NY,AEA,EN,Combined TRACON& Tower with Radar,33,88,208,0,329,8,0,88,0,96,41,88,296,0,425,78,0,78,503
04/17/2000,HPN,NY,AEA,EN,Combined TRACON& Tower with Radar,42,139,185,0,366,0,1,36,0,37,42,140,221,0,403,0,0,0,403
04/18/2000,HPN,NY,AEA,EN,Combined TRACON& Tower with Radar,36,140,185,0,361,0,1,34,0,35,36,141,219,0,396,10,0,10,406
04/19/2000,HPN,NY,AEA,EN,Combined TRACON& Tower with Radar,38,179,240,2,459,0,1,70,0,71,38,180,310,2,530,52,0,52,582
04/20/2000,HPN,NY,AEA,EN,Combined TRACON& Tower with Radar,28,180,324,0,532,0,24,107,0,131,28,204,431,0,663,6,0,6,669
04/21/2000,HPN,NY,AEA,EN,Combined TRACON& Tower with Radar,33,119,100,10,262,0,1,4,0,5,33,120,104,10,267,0,0,0,267
04/22/2000,HPN,NY,AEA,EN,Combined TRACON& Tower with Radar,21,52,71,0,144,0,1,0,0,1,21,53,71,0,145,0,0,0,145
04/23/2000,HPN,NY,AEA,EN,Combined TRACON& Tower with Radar,23,80,135,1,239,10,3,0,0,13,33,83,135,1,252,0,0,0,252
04/24/2000,HPN,NY,AEA,EN,Combined TRACON& Tower with Radar,48,131,319,0,498,0,1,124,0,125,48,132,443,0,623,38,0,38,661
04/25/2000,HPN,NY,AEA,EN,Combined TRACON& Tower with Radar,42,144,264,2,452,0,0,127,3,130,42,144,391,5,582,86,0,86,668
04/26/2000,HPN,NY,AEA,EN,Combined TRACON& Tower with Radar,40,140,253,0,433,0,10,83,0,93,40,150,336,0,526,20,0,20,546
04/27/2000,HPN,NY,AEA,EN,Combined TRACON& Tower with Radar,43,145,261,0,449,0,3,98,0,101,43,148,359,0,550,50,0,50,600
04/28/2000,HPN,NY,AEA,EN,Combined TRACON& Tower with Radar,34,153,301,2,490,0,1,75,0,76,34,154,376,2,566,28,0,28,594
04/29/2000,HPN,NY,AEA,EN,Combined TRACON& Tower with Radar,24,61,204,1,290,0,0,223,3,226,24,61,427,4,516,142,0,142,658
04/30/2000,HPN,NY,AEA,EN,Combined TRACON& Tower with Radar,37,112,281,2,432,0,1,117,0,118,37,113,398,2,550,72,0,72,622
05/01/2000,HPN,NY,AEA,EN,Combined TRACON& Tower with Radar,39,162,279,2,482,1,0,125,0,126,40,162,404,2,608,28,0,28,636
05/02/2000,HPN,NY,AEA,EN,Combined TRACON& Tower with Radar,45,152,235,0,432,1,0,77,0,78,46,152,312,0,510,64,0,64,574
05/03/2000,HPN,NY,AEA,EN,Combined TRACON& Tower with Radar,35,138,272,1,446,0,0,186,0,186,35,138,458,1,632,98,0,98,730
05/04/2000,HPN,NY,AEA,EN,Combined TRACON& Tower with Radar,40,153,299,3,495,0,0,110,0,110,40,153,409,3,605,68,0,68,673
05/05/2000,HPN,NY,AEA,EN,Combined TRACON& Tower with Radar,39,149,309,1,498,0,0,138,0,138,39,149,447,1,636,78,0,78,714
05/06/2000,HPN,NY,AEA,EN,Combined TRACON& Tower with Radar,42,75,225,2,344,1,0,201,0,202,43,75,426,2,546,192,0,192,738
05/07/2000,HPN,NY,AEA,EN,Combined TRACON& Tower with Radar,31,89,210,0,330,11,0,163,0,174,42,89,373,0,504,144,0,144,648
05/08/2000,HPN,NY,AEA,EN,Combined TRACON& Tower with Radar,33,117,221,2,373,1,17,62,4,84,34,134,283,6,457,68,0,68,525
05/09/2000,HPN,NY,AEA,EN,Combined TRACON& Tower with Radar,29,144,274,0,447,0,30,101,0,131,29,174,375,0,578,88,0,88,666
05/10/2000,HPN,NY,AEA,EN,Combined TRACON& Tower with Radar,19,79,160,0,258,0,0,16,0,16,19,79,176,0,274,0,0,0,274
05/11/2000,HPN,NY,AEA,EN,Combined TRACON& Tower with Radar,36,154,374,0,564,0,0,145,0,145,36,154,519,0,709,50,0,50,759
05/12/2000,HPN,NY,AEA,EN,Combined TRACON& Tower with Radar,45,160,306,0,511,11,47,34,0,92,56,207,340,0,603,44,0,44,647
05/13/2000,HPN,NY,AEA,EN,Combined TRACON& Tower with Radar,29,50,141,0,220,1,0,3,0,4,30,50,144,0,224,40,0,40,264
05/14/2000,HPN,NY,AEA,EN,Combined TRACON& Tower with Radar,30,91,205,0,326,6,0,180,0,186,36,91,385,0,512,176,0,176,688
05/15/2000,HPN,NY,AEA,EN,Combined TRACON& Tower with Radar,29,151,288,0,468,0,7,136,0,143,29,158,424,0,611,120,0,120,731
05/16/2000,HPN,NY,AEA,EN,Combined TRACON& Tower with Radar,41,136,285,0,462,9,0,133,0,142,50,136,418,0,604,152,0,152,756
05/17/2000,HPN,NY,AEA,EN,Combined TRACON& Tower with Radar,43,153,294,2,492,0,10,93,8,111,43,163,387,10,603,68,0,68,671
05/18/2000,HPN,NY,AEA,EN,Combined TRACON& Tower with Radar,46,177,300,5,528,1,0,23,0,24,47,177,323,5,552,0,0,0,552
05/19/2000,HPN,NY,AEA,EN,Combined TRACON& Tower with Radar,44,154,311,2,511,1,0,17,0,18,45,154,328,2,529,0,0,0,529
05/20/2000,HPN,NY,AEA,EN,Combined TRACON& Tower with Radar,21,70,152,1,244,10,0,12,6,28,31,70,164,7,272,0,0,0,272
05/21/2000,HPN,NY,AEA,EN,Combined TRACON& Tower with Radar,36,100,216,3,355,1,0,7,0,8,37,100,223,3,363,0,0,0,363
05/22/2000,HPN,NY,AEA,EN,Combined TRACON& Tower with Radar,33,119,213,0,365,6,10,0,0,16,39,129,213,0,381,0,0,0,381
05/23/2000,HPN,NY,AEA,EN,Combined TRACON& Tower with Radar,42,173,240,2,457,1,0,2,0,3,43,173,242,2,460,0,0,0,460
05/24/2000,HPN,NY,AEA,EN,Combined TRACON& Tower with Radar,32,112,214,1,359,5,16,36,2,59,37,128,250,3,418,68,0,68,486
05/25/2000,HPN,NY,AEA,EN,Combined TRACON& Tower with Radar,49,172,331,2,554,0,8,147,4,159,49,180,478,6,713,86,0,86,799
05/26/2000,HPN,NY,AEA,EN,Combined TRACON& Tower with Radar,39,196,383,2,620,0,0,250,3,253,39,196,633,5,873,116,0,116,989
05/27/2000,HPN,NY,AEA,EN,Combined TRACON& Tower with Radar,31,67,238,0,336,1,0,179,0,180,32,67,417,0,516,150,0,150,666
05/28/2000,HPN,NY,AEA,EN,Combined TRACON& Tower with Radar,25,60,176,0,261,9,0,139,0,148,34,60,315,0,409,156,0,156,565
05/29/2000,HPN,NY,AEA,EN,Combined TRACON& Tower with Radar,38,111,333,2,484,1,0,120,0,121,39,111,453,2,605,84,0,84,689
05/30/2000,HPN,NY,AEA,EN,Combined TRACON& Tower with Radar,47,158,294,0,499,1,0,135,0,136,48,158,429,0,635,104,0,104,739
05/31/2000,HPN,NY,AEA,EN,Combined TRACON& Tower with Radar,43,154,295,1,493,1,5,96,0,102,44,159,391,1,595,82,0,82,677
06/01/2000,HPN,NY,AEA,EN,Combined TRACON& Tower with Radar,37,142,284,0,463,3,13,148,0,164,40,155,432,0,627,190,0,190,817
06/02/2000,HPN,NY,AEA,EN,Combined TRACON& Tower with Radar,28,131,282,0,441,0,0,141,0,141,28,131,423,0,582,72,0,72,654
06/03/2000,HPN,NY,AEA,EN,Combined TRACON& Tower with Radar,29,63,217,1,310,1,1,171,0,173,30,64,388,1,483,160,0,160,643
06/04/2000,HPN,NY,AEA,EN,Combined TRACON& Tower with Radar,35,122,316,0,473,1,1,202,0,204,36,123,518,0,677,140,0,140,817
06/05/2000,HPN,NY,AEA,EN,Combined TRACON& Tower with Radar,37,140,279,0,456,5,17,60,0,82,42,157,339,0,538,118,0,118,656
06/06/2000,HPN,NY,AEA,EN,Combined TRACON& Tower with Radar,42,171,210,0,423,1,1,0,0,2,43,172,210,0,425,0,0,0,425
06/07/2000,HPN,NY,AEA,EN,Combined TRACON& Tower with Radar,40,158,314,1,513,0,9,121,0,130,40,167,435,1,643,96,0,96,739
06/08/2000,HPN,NY,AEA,EN,Combined TRACON& Tower with Radar,33,150,299,1,483,0,18,161,0,179,33,168,460,1,662,118,0,118,780
06/09/2000,HPN,NY,AEA,EN,Combined TRACON& Tower with Radar,37,169,346,0,552,1,1,130,0,132,38,170,476,0,684,76,0,76,760
06/10/2000,HPN,NY,AEA,EN,Combined TRACON& Tower with Radar,24,63,217,0,304,0,0,185,0,185,24,63,402,0,489,128,0,128,617
06/11/2000,HPN,NY,AEA,EN,Combined TRACON& Tower with Radar,35,120,271,0,426,0,0,140,0,140,35,120,411,0,566,120,0,120,686
06/12/2000,HPN,NY,AEA,EN,Combined TRACON& Tower with Radar,43,149,163,0,355,1,1,0,0,2,44,150,163,0,357,0,0,0,357
06/13/2000,HPN,NY,AEA,EN,Combined TRACON& Tower with Radar,41,177,248,2,468,1,1,16,0,18,42,178,264,2,486,14,0,14,500
06/14/2000,HPN,NY,AEA,EN,Combined TRACON& Tower with Radar,29,148,294,0,471,0,24,21,0,45,29,172,315,0,516,0,0,0,516
06/15/2000,HPN,NY,AEA,EN,Combined TRACON& Tower with Radar,28,142,279,4,453,1,1,3,0,5,29,143,282,4,458,0,0,0,458
06/16/2000,HPN,NY,AEA,EN,Combined TRACON& Tower with Radar,36,156,314,0,506,0,0,137,0,137,36,156,451,0,643,16,0,16,659
06/17/2000,HPN,NY,AEA,EN,Combined TRACON& Tower with Radar,40,78,205,1,324,1,1,108,0,110,41,79,313,1,434,138,0,138,572
06/18/2000,HPN,NY,AEA,EN,Combined TRACON& Tower with Radar,43,125,293,0,461,1,1,64,0,66,44,126,357,0,527,102,0,102,629
06/19/2000,HPN,NY,AEA,EN,Combined TRACON& Tower with Radar,36,139,276,0,451,10,9,67,0,86,46,148,343,0,537,70,0,70,607
06/20/2000,HPN,NY,AEA,EN,Combined TRACON& Tower with Radar,38,149,297,1,485,0,7,204,0,211,38,156,501,1,696,90,0,90,786
06/21/2000,HPN,NY,AEA,EN,Combined TRACON& Tower with Radar,33,124,251,0,408,3,0,125,0,128,36,124,376,0,536,18,0,18,554
06/22/2000,HPN,NY,AEA,EN,Combined TRACON& Tower with Radar,31,145,286,0,462,0,8,79,0,87,31,153,365,0,549,38,0,38,587
06/23/2000,HPN,NY,AEA,EN,Combined TRACON& Tower with Radar,45,175,347,1,568,13,0,163,1,177,58,175,510,2,745,76,0,76,821
06/24/2000,HPN,NY,AEA,EN,Combined TRACON& Tower with Radar,26,76,288,0,390,1,0,184,0,185,27,76,472,0,575,162,0,162,737
06/25/2000,HPN,NY,AEA,EN,Combined TRACON& Tower with Radar,30,77,240,0,347,0,0,173,0,173,30,77,413,0,520,32,0,32,552
06/26/2000,HPN,NY,AEA,EN,Combined TRACON& Tower with Radar,31,138,272,1,442,0,22,65,1,88,31,160,337,2,530,24,0,24,554
06/27/2000,HPN,NY,AEA,EN,Combined TRACON& Tower with Radar,41,155,213,10,419,1,0,70,0,71,42,155,283,10,490,72,0,72,562
06/28/2000,HPN,NY,AEA,EN,Combined TRACON& Tower with Radar,32,176,354,0,562,0,0,168,0,168,32,176,522,0,730,82,0,82,812
06/29/2000,HPN,NY,AEA,EN,Combined TRACON& Tower with Radar,37,140,277,2,456,10,8,59,13,90,47,148,336,15,546,54,0,54,600
06/30/2000,HPN,NY,AEA,EN,Combined TRACON& Tower with Radar,50,198,436,2,686,0,0,273,0,273,50,198,709,2,959,106,0,106,1065
07/01/2000,HPN,NY,AEA,EN,Combined TRACON& Tower with Radar,27,72,206,1,306,8,0,234,0,242,35,72,440,1,548,158,0,158,706
07/02/2000,HPN,NY,AEA,EN,Combined TRACON& Tower with Radar,32,63,194,0,289,1,0,151,0,152,33,63,345,0,441,188,0,188,629
07/03/2000,HPN,NY,AEA,EN,Combined TRACON& Tower with Radar,19,69,145,1,234,20,0,74,4,98,39,69,219,5,332,124,0,124,456
07/04/2000,HPN,NY,AEA,EN,Combined TRACON& Tower with Radar,23,111,187,21,342,1,0,48,0,49,24,111,235,21,391,18,0,18,409
07/05/2000,HPN,NY,AEA,EN,Combined TRACON& Tower with Radar,44,167,339,3,553,5,21,165,5,196,49,188,504,8,749,130,0,130,879
07/06/2000,HPN,NY,AEA,EN,Combined TRACON& Tower with Radar,41,154,313,3,511,6,4,172,5,187,47,158,485,8,698,124,0,124,822
07/07/2000,HPN,NY,AEA,EN,Combined TRACON& Tower with Radar,29,156,319,0,504,0,1,212,0,213,29,157,531,0,717,118,0,118,835
07/08/2000,HPN,NY,AEA,EN,Combined TRACON& Tower with Radar,26,59,200,0,285,0,0,217,0,217,26,59,417,0,502,194,0,194,696
07/09/2000,HPN,NY,AEA,EN,Combined TRACON& Tower with Radar,35,125,317,0,477,0,1,174,0,175,35,126,491,0,652,132,0,132,784
07/10/2000,HPN,NY,AEA,EN,Combined TRACON& Tower with Radar,38,165,252,0,455,0,1,87,0,88,38,166,339,0,543,54,0,54,597
07/11/2000,HPN,NY,AEA,EN,Combined TRACON& Tower with Radar,48,164,299,0,511,0,1,157,0,158,48,165,456,0,669,136,0,136,805
07/12/2000,HPN,NY,AEA,EN,Combined TRACON& Tower with Radar,51,158,320,0,529,0,1,160,0,161,51,159,480,0,690,108,0,108,798
07/13/2000,HPN,NY,AEA,EN,Combined TRACON& Tower with Radar,41,169,330,0,540,0,1,210,0,211,41,170,540,0,751,150,0,150,901
07/14/2000,HPN,NY,AEA,EN,Combined TRACON& Tower with Radar,26,155,317,0,498,0,5,182,0,187,26,160,499,0,685,96,0,96,781
07/15/2000,HPN,NY,AEA,EN,Combined TRACON& Tower with Radar,17,63,114,0,194,14,8,0,0,22,31,71,114,0,216,0,0,0,216
07/16/2000,HPN,NY,AEA,EN,Combined TRACON& Tower with Radar,37,131,272,0,440,4,0,77,0,81,41,131,349,0,521,98,0,98,619
07/17/2000,HPN,NY,AEA,EN,Combined TRACON& Tower with Radar,39,140,286,0,465,4,10,63,0,77,43,150,349,0,542,68,0,68,610
07/18/2000,HPN,NY,AEA,EN,Combined TRACON& Tower with Radar,40,139,292,0,471,2,0,53,0,55,42,139,345,0,526,142,0,142,668
07/19/2000,HPN,NY,AEA,EN,Combined TRACON& Tower with Radar,41,148,303,0,492,0,9,136,0,145,41,157,439,0,637,90,0,90,727
07/20/2000,HPN,NY,AEA,EN,Combined TRACON& Tower with Radar,40,180,369,0,589,0,1,232,0,233,40,181,601,0,822,90,0,90,912
07/21/2000,HPN,NY,AEA,EN,Combined TRACON& Tower with Radar,43,200,413,2,658,0,0,84,0,84,43,200,497,2,742,40,0,40,782
07/22/2000,HPN,NY,AEA,EN,Combined TRACON& Tower with Radar,20,80,227,1,328,0,0,173,9,182,20,80,400,10,510,68,0,68,578
07/23/2000,HPN,NY,AEA,EN,Combined TRACON& Tower with Radar,30,111,457,0,598,0,1,221,0,222,30,112,678,0,820,124,0,124,944
07/24/2000,HPN,NY,AEA,EN,Combined TRACON& Tower with Radar,41,148,304,0,493,6,14,142,0,162,47,162,446,0,655,84,0,84,739
07/25/2000,HPN,NY,AEA,EN,Combined TRACON& Tower with Radar,45,156,248,0,449,0,1,140,0,141,45,157,388,0,590,114,0,114,704
07/26/2000,HPN,NY,AEA,EN,Combined TRACON& Tower with Radar,40,166,211,0,417,0,1,3,0,4,40,167,214,0,421,0,0,0,421
07/27/2000,HPN,NY,AEA,EN,Combined TRACON& Tower with Radar,41,151,291,2,485,1,29,0,1,31,42,180,291,3,516,0,0,0,516
07/28/2000,HPN,NY,AEA,EN,Combined TRACON& Tower with Radar,26,149,306,0,481,0,13,69,0,82,26,162,375,0,563,2,0,2,565
07/29/2000,HPN,NY,AEA,EN,Combined TRACON& Tower with Radar,20,54,146,0,220,7,0,29,0,36,27,54,175,0,256,16,0,16,272
07/30/2000,HPN,NY,AEA,EN,Combined TRACON& Tower with Radar,35,86,242,5,368,0,1,1,0,2,35,87,243,5,370,0,0,0,370
07/31/2000,HPN,NY,AEA,EN,Combined TRACON& Tower with Radar,29,123,205,0,357,0,1,2,0,3,29,124,207,0,360,0,0,0,360
08/01/2000,HPN,NY,AEA,EN,Combined TRACON& Tower with Radar,28,117,219,0,364,10,16,0,1,27,38,133,219,1,391,0,0,0,391
08/02/2000,HPN,NY,AEA,EN,Combined TRACON& Tower with Radar,25,107,201,0,333,4,18,0,0,22,29,125,201,0,355,2,0,2,357
08/03/2000,HPN,NY,AEA,EN,Combined TRACON& Tower with Radar,27,124,253,0,404,0,5,27,0,32,27,129,280,0,436,4,0,4,440
08/04/2000,HPN,NY,AEA,EN,Combined TRACON& Tower with Radar,41,160,342,0,543,5,0,10,0,15,46,160,352,0,558,112,0,112,670
08/05/2000,HPN,NY,AEA,EN,Combined TRACON& Tower with Radar,23,85,221,0,329,0,0,244,0,244,23,85,465,0,573,216,0,216,789
08/06/2000,HPN,NY,AEA,EN,Combined TRACON& Tower with Radar,22,83,243,0,348,0,0,213,0,213,22,83,456,0,561,128,0,128,689
08/07/2000,HPN,NY,AEA,EN,Combined TRACON& Tower with Radar,33,138,281,0,452,12,4,49,0,65,45,142,330,0,517,18,0,18,535
08/08/2000,HPN,NY,AEA,EN,Combined TRACON& Tower with Radar,35,146,296,0,477,8,21,127,0,156,43,167,423,0,633,64,0,64,697
08/09/2000,HPN,NY,AEA,EN,Combined TRACON& Tower with Radar,56,181,280,2,519,1,1,86,0,88,57,182,366,2,607,172,0,172,779
08/10/2000,HPN,NY,AEA,EN,Combined TRACON& Tower with Radar,34,204,360,0,598,1,1,173,0,175,35,205,533,0,773,68,0,68,841
08/11/2000,HPN,NY,AEA,EN,Combined TRACON& Tower with Radar,37,167,338,0,542,0,13,135,0,148,37,180,473,0,690,72,0,72,762
08/12/2000,HPN,NY,AEA,EN,Combined TRACON& Tower with Radar,17,64,149,0,230,11,0,49,0,60,28,64,198,0,290,120,0,120,410
08/13/2000,HPN,NY,AEA,EN,Combined TRACON& Tower with Radar,31,96,255,0,382,1,0,81,0,82,32,96,336,0,464,146,0,146,610
08/14/2000,HPN,NY,AEA,EN,Combined TRACON& Tower with Radar,32,130,265,0,427,4,15,17,0,36,36,145,282,0,463,12,0,12,475
08/15/2000,HPN,NY,AEA,EN,Combined TRACON& Tower with Radar,36,150,306,0,492,0,20,66,1,87,36,170,372,1,579,132,0,132,711
08/16/2000,HPN,NY,AEA,EN,Combined TRACON& Tower with Radar,41,142,278,0,461,0,2,114,0,116,41,144,392,0,577,40,0,40,617
08/17/2000,HPN,NY,AEA,EN,Combined TRACON& Tower with Radar,26,167,352,0,545,0,2,181,0,183,26,169,533,0,728,120,0,120,848
08/18/2000,HPN,NY,AEA,EN,Combined TRACON& Tower with Radar,39,156,317,1,513,8,10,48,3,69,47,166,365,4,582,76,0,76,658
08/19/2000,HPN,NY,AEA,EN,Combined TRACON& Tower with Radar,33,73,237,0,343,0,2,152,0,154,33,75,389,0,497,106,0,106,603
08/20/2000,HPN,NY,AEA,EN,Combined TRACON& Tower with Radar,27,107,306,1,441,0,0,226,2,228,27,107,532,3,669,104,0,104,773
08/21/2000,HPN,NY,AEA,EN,Combined TRACON& Tower with Radar,28,162,330,1,521,0,14,174,1,189,28,176,504,2,710,102,0,102,812
08/22/2000,HPN,NY,AEA,EN,Combined TRACON& Tower with Radar,30,161,327,2,520,0,2,181,0,183,30,163,508,2,703,178,0,178,881
08/23/2000,HPN,NY,AEA,EN,Combined TRACON& Tower with Radar,42,159,234,0,435,0,2,60,0,62,42,161,294,0,497,94,0,94,591
08/24/2000,HPN,NY,AEA,EN,Combined TRACON& Tower with Radar,36,158,321,0,515,0,10,70,0,80,36,168,391,0,595,160,0,160,755
08/25/2000,HPN,NY,AEA,EN,Combined TRACON& Tower with Radar,38,153,332,0,523,0,0,218,0,218,38,153,550,0,741,100,0,100,841
08/26/2000,HPN,NY,AEA,EN,Combined TRACON& Tower with Radar,24,81,222,0,327,0,0,211,0,211,24,81,433,0,538,220,0,220,758
08/27/2000,HPN,NY,AEA,EN,Combined TRACON& Tower with Radar,29,125,334,0,488,0,2,154,0,156,29,127,488,0,644,160,0,160,804
08/28/2000,HPN,NY,AEA,EN,Combined TRACON& Tower with Radar,33,159,323,0,515,0,19,16,0,35,33,178,339,0,550,0,0,0,550
08/29/2000,HPN,NY,AEA,EN,Combined TRACON& Tower with Radar,34,165,279,0,478,0,2,146,0,148,34,167,425,0,626,186,0,186,812
08/30/2000,HPN,NY,AEA,EN,Combined TRACON& Tower with Radar,41,148,276,0,465,0,2,31,0,33,41,150,307,0,498,56,0,56,554
08/31/2000,HPN,NY,AEA,EN,Combined TRACON& Tower with Radar,37,125,282,0,444,0,2,68,0,70,37,127,350,0,514,32,0,32,546
09/01/2000,HPN,NY,AEA,EN,Combined TRACON& Tower with Radar,44,146,247,1,438,0,3,62,0,65,44,149,309,1,503,40,0,40,543
09/02/2000,HPN,NY,AEA,EN,Combined TRACON& Tower with Radar,26,71,86,0,183,0,3,11,0,14,26,74,97,0,197,0,0,0,197
09/03/2000,HPN,NY,AEA,EN,Combined TRACON& Tower with Radar,22,76,147,0,245,0,2,4,3,9,22,78,151,3,254,0,0,0,254
09/04/2000,HPN,NY,AEA,EN,Combined TRACON& Tower with Radar,35,102,233,0,370,6,0,85,0,91,41,102,318,0,461,24,0,24,485
09/05/2000,HPN,NY,AEA,EN,Combined TRACON& Tower with Radar,40,157,295,0,492,0,12,124,2,138,40,169,419,2,630,100,0,100,730
09/06/2000,HPN,NY,AEA,EN,Combined TRACON& Tower with Radar,42,149,285,0,476,0,0,164,0,164,42,149,449,0,640,120,0,120,760
09/07/2000,HPN,NY,AEA,EN,Combined TRACON& Tower with Radar,39,183,313,0,535,0,2,141,0,143,39,185,454,0,678,102,0,102,780
09/08/2000,HPN,NY,AEA,EN,Combined TRACON& Tower with Radar,37,181,303,0,521,0,2,155,0,157,37,183,458,0,678,60,0,60,738
09/09/2000,HPN,NY,AEA,EN,Combined TRACON& Tower with Radar,33,68,179,5,285,0,2,147,0,149,33,70,326,5,434,212,0,212,646
09/10/2000,HPN,NY,AEA,EN,Combined TRACON& Tower with Radar,30,108,318,0,456,0,2,158,0,160,30,110,476,0,616,166,0,166,782
09/11/2000,HPN,NY,AEA,EN,Combined TRACON& Tower with Radar,43,154,286,1,484,1,13,45,5,64,44,167,331,6,548,20,0,20,568
09/12/2000,HPN,NY,AEA,EN,Combined TRACON& Tower with Radar,37,187,250,7,481,0,2,84,0,86,37,189,334,7,567,146,0,146,713
09/13/2000,HPN,NY,AEA,EN,Combined TRACON& Tower with Radar,32,161,279,0,472,0,2,80,0,82,32,163,359,0,554,104,0,104,658
09/14/2000,HPN,NY,AEA,EN,Combined TRACON& Tower with Radar,39,174,322,0,535,0,11,0,0,11,39,185,322,0,546,110,0,110,656
09/15/2000,HPN,NY,AEA,EN,Combined TRACON& Tower with Radar,38,136,253,0,427,4,1,98,0,103,42,137,351,0,530,62,0,62,592
09/16/2000,HPN,NY,AEA,EN,Combined TRACON& Tower with Radar,28,68,188,1,285,1,0,182,1,184,29,68,370,2,469,256,0,256,725
09/17/2000,HPN,NY,AEA,EN,Combined TRACON& Tower with Radar,39,100,263,0,402,1,0,239,1,241,40,100,502,1,643,224,0,224,867
09/18/2000,HPN,NY,AEA,EN,Combined TRACON& Tower with Radar,38,139,259,0,436,16,26,129,0,171,54,165,388,0,607,108,0,108,715
09/19/2000,HPN,NY,AEA,EN,Combined TRACON& Tower with Radar,46,161,207,0,414,0,2,26,0,28,46,163,233,0,442,36,0,36,478
09/20/2000,HPN,NY,AEA,EN,Combined TRACON& Tower with Radar,37,156,287,0,480,0,2,113,0,115,37,158,400,0,595,64,0,64,659
09/21/2000,HPN,NY,AEA,EN,Combined TRACON& Tower with Radar,44,155,274,0,473,0,2,105,0,107,44,157,379,0,580,88,0,88,668
09/22/2000,HPN,NY,AEA,EN,Combined TRACON& Tower with Radar,36,172,337,1,546,0,0,15,1,16,36,172,352,2,562,88,0,88,650
09/23/2000,HPN,NY,AEA,EN,Combined TRACON& Tower with Radar,32,56,168,0,256,0,2,69,0,71,32,58,237,0,327,240,0,240,567
09/24/2000,HPN,NY,AEA,EN,Combined TRACON& Tower with Radar,34,97,225,0,356,6,0,49,0,55,40,97,274,0,411,56,0,56,467
09/25/2000,HPN,NY,AEA,EN,Combined TRACON& Tower with Radar,40,160,298,0,498,0,22,101,0,123,40,182,399,0,621,140,0,140,761
09/26/2000,HPN,NY,AEA,EN,Combined TRACON& Tower with Radar,35,126,223,0,384,12,23,0,0,35,47,149,223,0,419,34,0,34,453
09/27/2000,HPN,NY,AEA,EN,Combined TRACON& Tower with Radar,49,178,332,0,559,5,17,167,0,189,54,195,499,0,748,160,0,160,908
09/28/2000,HPN,NY,AEA,EN,Combined TRACON& Tower with Radar,37,160,298,0,495,0,3,173,0,176,37,163,471,0,671,126,0,126,797
09/29/2000,HPN,NY,AEA,EN,Combined TRACON& Tower with Radar,39,180,334,0,553,0,6,216,0,222,39,186,550,0,775,148,0,148,923
09/30/2000,HPN,NY,AEA,EN,Combined TRACON& Tower with Radar,30,80,208,0,318,0,0,185,0,185,30,80,393,0,503,282,0,282,785
10/01/2000,HPN,NY,AEA,EN,Combined TRACON& Tower with Radar,32,79,301,0,412,0,0,162,0,162,32,79,463,0,574,132,0,132,706
10/02/2000,HPN,NY,AEA,EN,Combined TRACON& Tower with Radar,51,174,297,0,522,0,0,127,0,127,51,174,424,0,649,116,0,116,765
10/03/2000,HPN,NY,AEA,EN,Combined TRACON& Tower with Radar,39,166,287,0,492,0,20,109,0,129,39,186,396,0,621,134,0,134,755
10/04/2000,HPN,NY,AEA,EN,Combined TRACON& Tower with Radar,53,151,276,0,480,0,0,127,0,127,53,151,403,0,607,138,0,138,745
10/05/2000,HPN,NY,AEA,EN,Combined TRACON& Tower with Radar,44,165,286,0,495,4,4,80,0,88,48,169,366,0,583,4,0,4,587
10/06/2000,HPN,NY,AEA,EN,Combined TRACON& Tower with Radar,45,155,296,2,498,9,0,32,3,44,54,155,328,5,542,0,0,0,542
10/07/2000,HPN,NY,AEA,EN,Combined TRACON& Tower with Radar,28,60,263,0,351,0,0,159,0,159,28,60,422,0,510,258,0,258,768
10/08/2000,HPN,NY,AEA,EN,Combined TRACON& Tower with Radar,32,90,211,2,335,8,0,139,1,148,40,90,350,3,483,178,0,178,661
10/09/2000,HPN,NY,AEA,EN,Combined TRACON& Tower with Radar,39,151,260,2,452,5,19,107,3,134,44,170,367,5,586,174,0,174,760
10/10/2000,HPN,NY,AEA,EN,Combined TRACON& Tower with Radar,42,157,271,2,472,8,3,127,2,140,50,160,398,4,612,46,0,46,658
10/11/2000,HPN,NY,AEA,EN,Combined TRACON& Tower with Radar,39,147,253,2,441,1,12,128,2,143,40,159,381,4,584,124,0,124,708
10/12/2000,HPN,NY,AEA,EN,Combined TRACON& Tower with Radar,39,173,300,2,514,0,4,209,2,215,39,177,509,4,729,158,0,158,887
10/13/2000,HPN,NY,AEA,EN,Combined TRACON& Tower with Radar,41,181,315,0,537,0,6,163,0,169,41,187,478,0,706,76,0,76,782
10/14/2000,HPN,NY,AEA,EN,Combined TRACON& Tower with Radar,25,73,285,3,386,0,0,206,0,206,25,73,491,3,592,178,0,178,770
10/15/2000,HPN,NY,AEA,EN,Combined TRACON& Tower with Radar,37,103,271,0,411,0,0,290,0,290,37,103,561,0,701,232,0,232,933
10/16/2000,HPN,NY,AEA,EN,Combined TRACON& Tower with Radar,45,202,332,0,579,0,0,35,0,35,45,202,367,0,614,0,0,0,614
10/17/2000,HPN,NY,AEA,EN,Combined TRACON& Tower with Radar,38,185,293,3,519,0,0,28,0,28,38,185,321,3,547,0,0,0,547
10/18/2000,HPN,NY,AEA,EN,Combined TRACON& Tower with Radar,39,160,264,2,465,0,26,0,0,26,39,186,264,2,491,0,0,0,491
10/19/2000,HPN,NY,AEA,EN,Combined TRACON& Tower with Radar,43,205,359,3,610,0,5,184,5,194,43,210,543,8,804,136,0,136,940
10/20/2000,HPN,NY,AEA,EN,Combined TRACON& Tower with Radar,35,170,296,0,501,0,5,127,0,132,35,175,423,0,633,58,0,58,691
10/21/2000,HPN,NY,AEA,EN,Combined TRACON& Tower with Radar,26,72,168,1,267,1,0,248,0,249,27,72,416,1,516,126,0,126,642
10/22/2000,HPN,NY,AEA,EN,Combined TRACON& Tower with Radar,38,104,255,0,397,0,0,264,0,264,38,104,519,0,661,176,0,176,837
10/23/2000,HPN,NY,AEA,EN,Combined TRACON& Tower with Radar,35,134,230,1,400,6,20,100,1,127,41,154,330,2,527,54,0,54,581
10/24/2000,HPN,NY,AEA,EN,Combined TRACON& Tower with Radar,44,160,283,1,488,12,0,99,3,114,56,160,382,4,602,56,0,56,658
10/25/2000,HPN,NY,AEA,EN,Combined TRACON& Tower with Radar,38,178,310,0,526,0,22,116,0,138,38,200,426,0,664,92,0,92,756
10/26/2000,HPN,NY,AEA,EN,Combined TRACON& Tower with Radar,37,167,283,0,487,0,6,0,0,6,37,173,283,0,493,19,0,19,512
10/27/2000,HPN,NY,AEA,EN,Combined TRACON& Tower with Radar,36,147,230,0,413,0,16,0,0,16,36,163,230,0,429,104,22,126,555
10/28/2000,HPN,NY,AEA,EN,Combined TRACON& Tower with Radar,19,65,123,0,207,9,0,36,4,49,28,65,159,4,256,50,0,50,306
10/29/2000,HPN,NY,AEA,EN,Combined TRACON& Tower with Radar,24,91,152,0,267,9,6,41,0,56,33,97,193,0,323,22,0,22,345
10/30/2000,HPN,NY,AEA,EN,Combined TRACON& Tower with Radar,37,144,248,1,430,4,21,62,0,87,41,165,310,1,517,52,0,52,569
10/31/2000,HPN,NY,AEA,EN,Combined TRACON& Tower with Radar,37,136,235,0,408,5,19,71,0,95,42,155,306,0,503,26,0,26,529
11/01/2000,HPN,NY,AEA,EN,Combined TRACON& Tower with Radar,41,165,287,2,495,0,6,84,2,92,41,171,371,4,587,16,0,16,603
11/02/2000,HPN,NY,AEA,EN,Combined TRACON& Tower with Radar,39,162,290,2,493,0,0,180,2,182,39,162,470,4,675,62,0,62,737
11/03/2000,HPN,NY,AEA,EN,Combined TRACON& Tower with Radar,43,143,289,0,475,0,0,209,0,209,43,143,498,0,684,90,0,90,774
11/04/2000,HPN,NY,AEA,EN,Combined TRACON& Tower with Radar,25,64,166,1,256,5,0,208,4,217,30,64,374,5,473,192,0,192,665
11/05/2000,HPN,NY,AEA,EN,Combined TRACON& Tower with Radar,29,88,192,0,309,6,0,104,0,110,35,88,296,0,419,98,0,98,517
11/06/2000,HPN,NY,AEA,EN,Combined TRACON& Tower with Radar,36,145,254,2,437,0,15,93,0,108,36,160,347,2,545,80,0,80,625
11/07/2000,HPN,NY,AEA,EN,Combined TRACON& Tower with Radar,39,148,258,2,447,5,15,80,0,100,44,163,338,2,547,128,0,128,675
11/08/2000,HPN,NY,AEA,EN,Combined TRACON& Tower with Radar,40,152,265,2,459,1,18,112,7,138,41,170,377,9,597,86,0,86,683
11/09/2000,HPN,NY,AEA,EN,Combined TRACON& Tower with Radar,42,165,288,0,495,0,18,108,0,126,42,183,396,0,621,126,0,126,747
11/10/2000,HPN,NY,AEA,EN,Combined TRACON& Tower with Radar,39,148,258,0,445,13,8,1,0,22,52,156,259,0,467,12,0,12,479
11/11/2000,HPN,NY,AEA,EN,Combined TRACON& Tower with Radar,18,53,117,0,188,12,0,12,0,24,30,53,129,0,212,0,0,0,212
11/12/2000,HPN,NY,AEA,EN,Combined TRACON& Tower with Radar,34,113,245,0,392,0,0,180,0,180,34,113,425,0,572,282,0,282,854
11/13/2000,HPN,NY,AEA,EN,Combined TRACON& Tower with Radar,36,143,250,0,429,0,16,64,0,80,36,159,314,0,509,120,0,120,629
11/14/2000,HPN,NY,AEA,EN,Combined TRACON& Tower with Radar,30,137,241,0,408,0,14,26,0,40,30,151,267,0,448,0,0,0,448
11/15/2000,HPN,NY,AEA,EN,Combined TRACON& Tower with Radar,39,160,292,0,491,0,0,123,0,123,39,160,415,0,614,112,0,112,726
11/16/2000,HPN,NY,AEA,EN,Combined TRACON& Tower with Radar,45,176,305,0,526,0,8,161,0,169,45,184,466,0,695,162,0,162,857
11/17/2000,HPN,NY,AEA,EN,Combined TRACON& Tower with Radar,43,186,323,0,552,0,15,113,0,128,43,201,436,0,680,34,0,34,714
11/18/2000,HPN,NY,AEA,EN,Combined TRACON& Tower with Radar,31,116,201,0,348,8,70,63,0,141,39,186,264,0,489,0,0,0,489
11/19/2000,HPN,NY,AEA,EN,Combined TRACON& Tower with Radar,33,126,254,0,413,0,0,174,0,174,33,126,428,0,587,228,0,228,815
11/20/2000,HPN,NY,AEA,EN,Combined TRACON& Tower with Radar,35,145,250,0,430,0,30,173,0,203,35,175,423,0,633,68,0,68,701
11/21/2000,HPN,NY,AEA,EN,Combined TRACON& Tower with Radar,39,149,258,1,447,3,4,89,1,97,42,153,347,2,544,34,0,34,578
11/22/2000,HPN,NY,AEA,EN,Combined TRACON& Tower with Radar,47,153,312,0,512,0,0,124,0,124,47,153,436,0,636,8,0,8,644
11/23/2000,HPN,NY,AEA,EN,Combined TRACON& Tower with Radar,22,83,143,0,248,8,12,45,0,65,30,95,188,0,313,0,0,0,313
11/24/2000,HPN,NY,AEA,EN,Combined TRACON& Tower with Radar,20,62,150,0,232,0,0,182,0,182,20,62,332,0,414,44,0,44,458
11/25/2000,HPN,NY,AEA,EN,Combined TRACON& Tower with Radar,25,93,190,0,308,0,0,128,0,128,25,93,318,0,436,114,0,114,550
11/26/2000,HPN,NY,AEA,EN,Combined TRACON& Tower with Radar,37,159,276,1,473,0,14,95,1,110,37,173,371,2,583,74,0,74,657
11/27/2000,HPN,NY,AEA,EN,Combined TRACON& Tower with Radar,40,152,264,0,456,7,22,68,0,97,47,174,332,0,553,90,0,90,643
11/28/2000,HPN,NY,AEA,EN,Combined TRACON& Tower with Radar,34,142,245,1,422,0,20,121,3,144,34,162,366,4,566,120,0,120,686
11/29/2000,HPN,NY,AEA,EN,Combined TRACON& Tower with Radar,40,146,270,1,457,0,0,99,3,102,40,146,369,4,559,104,0,104,663
11/30/2000,HPN,NY,AEA,EN,Combined TRACON& Tower with Radar,34,133,231,1,399,7,32,79,0,118,41,165,310,1,517,52,0,52,569
12/01/2000,HPN,NY,AEA,EN,Combined TRACON& Tower with Radar,41,170,257,0,468,0,7,133,0,140,41,177,390,0,608,116,0,116,724
12/02/2000,HPN,NY,AEA,EN,Combined TRACON& Tower with Radar,30,97,192,0,319,0,0,200,0,200,30,97,392,0,519,182,0,182,701
12/03/2000,HPN,NY,AEA,EN,Combined TRACON& Tower with Radar,36,107,208,0,351,0,0,208,0,208,36,107,416,0,559,70,0,70,629
12/04/2000,HPN,NY,AEA,EN,Combined TRACON& Tower with Radar,40,131,213,0,384,2,0,162,0,164,42,131,375,0,548,20,0,20,568
12/05/2000,HPN,NY,AEA,EN,Combined TRACON& Tower with Radar,40,143,260,0,443,0,0,133,0,133,40,143,393,0,576,38,0,38,614
12/06/2000,HPN,NY,AEA,EN,Combined TRACON& Tower with Radar,42,165,220,0,427,0,1,116,0,117,42,166,336,0,544,56,0,56,600
12/07/2000,HPN,NY,AEA,EN,Combined TRACON& Tower with Radar,50,176,268,0,494,6,16,49,0,71,56,192,317,0,565,82,0,82,647
12/08/2000,HPN,NY,AEA,EN,Combined TRACON& Tower with Radar,42,148,227,0,417,13,9,8,0,30,55,157,235,0,447,0,0,0,447
12/09/2000,HPN,NY,AEA,EN,Combined TRACON& Tower with Radar,32,76,180,0,288,0,0,182,0,182,32,76,362,0,470,256,0,256,726
12/10/2000,HPN,NY,AEA,EN,Combined TRACON& Tower with Radar,36,88,195,0,319,3,0,155,0,158,39,88,350,0,477,214,0,214,691
12/11/2000,HPN,NY,AEA,EN,Combined TRACON& Tower with Radar,13,115,177,0,305,0,28,11,0,39,13,143,188,0,344,12,0,12,356
12/12/2000,HPN,NY,AEA,EN,Combined TRACON& Tower with Radar,32,118,180,0,330,0,16,20,0,36,32,134,200,0,366,6,0,6,372
12/13/2000,HPN,NY,AEA,EN,Combined TRACON& Tower with Radar,46,188,287,0,521,0,17,138,1,156,46,205,425,1,677,144,0,144,821
12/14/2000,HPN,NY,AEA,EN,Combined TRACON& Tower with Radar,41,126,224,0,391,0,0,32,0,32,41,126,256,0,423,30,0,30,453
12/15/2000,HPN,NY,AEA,EN,Combined TRACON& Tower with Radar,57,193,331,0,581,0,0,249,0,249,57,193,580,0,830,82,0,82,912
12/16/2000,HPN,NY,AEA,EN,Combined TRACON& Tower with Radar,20,72,107,0,199,1,1,7,0,9,21,73,114,0,208,0,0,0,208
12/17/2000,HPN,NY,AEA,EN,Combined TRACON& Tower with Radar,13,49,62,0,124,5,8,0,0,13,18,57,62,0,137,0,0,0,137
12/18/2000,HPN,NY,AEA,EN,Combined TRACON& Tower with Radar,37,155,239,0,431,0,0,105,6,111,37,155,344,6,542,100,0,100,642
12/19/2000,HPN,NY,AEA,EN,Combined TRACON& Tower with Radar,44,165,249,0,458,0,18,81,2,101,44,183,330,2,559,113,0,113,672
12/20/2000,HPN,NY,AEA,EN,Combined TRACON& Tower with Radar,37,130,197,0,364,1,8,50,0,59,38,138,247,0,423,32,0,32,455
12/21/2000,HPN,NY,AEA,EN,Combined TRACON& Tower with Radar,38,161,253,0,452,0,0,13,121,134,38,161,266,121,586,96,0,96,682
12/22/2000,HPN,NY,AEA,EN,Combined TRACON& Tower with Radar,32,116,153,0,301,10,16,0,0,26,42,132,153,0,327,0,0,0,327
12/23/2000,HPN,NY,AEA,EN,Combined TRACON& Tower with Radar,22,83,143,0,248,0,0,107,0,107,22,83,250,0,355,135,0,135,490
12/24/2000,HPN,NY,AEA,EN,Combined TRACON& Tower with Radar,17,63,94,0,174,9,7,63,0,79,26,70,157,0,253,110,0,110,363
12/25/2000,HPN,NY,AEA,EN,Combined TRACON& Tower with Radar,16,57,44,0,117,17,29,0,0,46,33,86,44,0,163,0,0,0,163
12/26/2000,HPN,NY,AEA,EN,Combined TRACON& Tower with Radar,41,145,228,0,414,0,0,67,0,67,41,145,295,0,481,2,0,2,483
12/27/2000,HPN,NY,AEA,EN,Combined TRACON& Tower with Radar,29,102,154,0,285,10,3,62,1,76,39,105,216,1,361,50,0,50,411
12/28/2000,HPN,NY,AEA,EN,Combined TRACON& Tower with Radar,29,104,156,0,289,11,30,3,0,44,40,134,159,0,333,8,0,8,341
12/29/2000,HPN,NY,AEA,EN,Combined TRACON& Tower with Radar,30,128,193,0,351,0,9,92,0,101,30,137,285,0,452,70,0,70,522
12/30/2000,HPN,NY,AEA,EN,Combined TRACON& Tower with Radar,0,1,2,0,3,2,0,0,0,2,2,1,2,0,5,0,0,0,5
12/31/2000,HPN,NY,AEA,EN,Combined TRACON& Tower with Radar,13,48,60,0,121,12,7,0,0,19,25,55,60,0,140,0,0,0,140
01/01/2001,HPN,NY,AEA,EN,Combined TRACON& Tower with Radar,30,95,158,0,283,7,0,48,0,55,37,95,206,0,338,4,0,4,342
01/02/2001,HPN,NY,AEA,EN,Combined TRACON& Tower with Radar,34,155,229,0,418,0,3,98,0,101,34,158,327,0,519,24,0,24,543
01/03/2001,HPN,NY,AEA,EN,Combined TRACON& Tower with Radar,33,134,197,0,364,0,22,44,0,66,33,156,241,0,430,14,0,14,444
01/04/2001,HPN,NY,AEA,EN,Combined TRACON& Tower with Radar,31,111,164,0,306,3,17,49,0,69,34,128,213,0,375,36,0,36,411
01/05/2001,HPN,NY,AEA,EN,Combined TRACON& Tower with Radar,31,110,162,0,303,0,0,28,0,28,31,110,190,0,331,72,0,72,403
01/06/2001,HPN,NY,AEA,EN,Combined TRACON& Tower with Radar,19,76,123,1,219,0,0,94,3,97,19,76,217,4,316,60,0,60,376
01/07/2001,HPN,NY,AEA,EN,Combined TRACON& Tower with Radar,31,95,179,0,305,0,0,158,0,158,31,95,337,0,463,118,0,118,581
01/08/2001,HPN,NY,AEA,EN,Combined TRACON& Tower with Radar,32,116,173,1,322,12,21,25,2,60,44,137,198,3,382,6,0,6,388
01/09/2001,HPN,NY,AEA,EN,Combined TRACON& Tower with Radar,36,126,191,0,353,2,0,39,0,41,38,126,230,0,394,4,0,4,398
01/10/2001,HPN,NY,AEA,EN,Combined TRACON& Tower with Radar,39,143,211,0,393,1,10,69,0,80,40,153,280,0,473,28,0,28,501
01/11/2001,HPN,NY,AEA,EN,Combined TRACON& Tower with Radar,35,181,270,0,486,0,0,135,0,135,35,181,405,0,621,16,0,16,637
01/12/2001,HPN,NY,AEA,EN,Combined TRACON& Tower with Radar,53,173,284,0,510,9,0,150,0,159,62,173,434,0,669,86,0,86,755
01/13/2001,HPN,NY,AEA,EN,Combined TRACON& Tower with Radar,27,56,152,0,235,0,0,242,0,242,27,56,394,0,477,226,0,226,703
01/14/2001,HPN,NY,AEA,EN,Combined TRACON& Tower with Radar,30,97,160,0,287,0,0,138,0,138,30,97,298,0,425,246,0,246,671
01/15/2001,HPN,NY,AEA,EN,Combined TRACON& Tower with Radar,37,134,187,0,358,9,5,0,0,14,46,139,187,0,372,0,0,0,372
01/16/2001,HPN,NY,AEA,EN,Combined TRACON& Tower with Radar,36,135,204,0,375,0,0,72,0,72,36,135,276,0,447,46,0,46,493
01/17/2001,HPN,NY,AEA,EN,Combined TRACON& Tower with Radar,33,158,233,0,424,0,16,93,0,109,33,174,326,0,533,182,0,182,715
01/18/2001,HPN,NY,AEA,EN,Combined TRACON& Tower with Radar,38,139,202,0,379,8,0,49,0,57,46,139,251,0,436,54,0,54,490
01/19/2001,HPN,NY,AEA,EN,Combined TRACON& Tower with Radar,25,115,167,0,307,0,2,8,0,10,25,117,175,0,317,0,0,0,317
01/20/2001,HPN,NY,AEA,EN,Combined TRACON& Tower with Radar,13,49,56,0,118,15,2,0,0,17,28,51,56,0,135,0,0,0,135
01/21/2001,HPN,NY,AEA,EN,Combined TRACON& Tower with Radar,26,84,141,0,251,6,0,26,0,32,32,84,167,0,283,0,0,0,283
01/22/2001,HPN,NY,AEA,EN,Combined TRACON& Tower with Radar,34,146,212,0,392,0,3,95,0,98,34,149,307,0,490,52,0,52,542
01/23/2001,HPN,NY,AEA,EN,Combined TRACON& Tower with Radar,47,171,249,0,467,5,2,117,0,124,52,173,366,0,591,108,0,108,699
01/24/2001,HPN,NY,AEA,EN,Combined TRACON& Tower with Radar,51,187,283,0,521,0,0,166,0,166,51,187,449,0,687,132,0,132,819
01/25/2001,HPN,NY,AEA,EN,Combined TRACON& Tower with Radar,38,146,212,0,396,0,20,43,2,65,38,166,255,2,461,46,0,46,507
01/26/2001,HPN,NY,AEA,EN,Combined TRACON& Tower with Radar,41,207,302,0,550,0,1,192,0,193,41,208,494,0,743,128,0,128,871
01/27/2001,HPN,NY,AEA,EN,Combined TRACON& Tower with Radar,22,72,117,0,211,16,0,48,0,64,38,72,165,0,275,136,0,136,411
01/28/2001,HPN,NY,AEA,EN,Combined TRACON& Tower with Radar,36,117,196,0,349,0,0,139,0,139,36,117,335,0,488,122,0,122,610
01/29/2001,HPN,NY,AEA,EN,Combined TRACON& Tower with Radar,38,170,248,0,456,0,18,118,5,141,38,188,366,5,597,154,0,154,751
01/30/2001,HPN,NY,AEA,EN,Combined TRACON& Tower with Radar,29,107,155,0,291,6,16,1,0,23,35,123,156,0,314,0,0,0,314
01/31/2001,HPN,NY,AEA,EN,Combined TRACON& Tower with Radar,36,159,232,0,427,0,19,114,0,133,36,178,346,0,560,68,0,68,628
02/01/2001,HPN,NY,AEA,EN,Combined TRACON& Tower with Radar,47,196,279,0,522,0,0,199,2,201,47,196,478,2,723,102,0,102,825
02/02/2001,HPN,NY,AEA,EN,Combined TRACON& Tower with Radar,43,162,231,0,436,6,6,67,0,79,49,168,298,0,515,126,0,126,641
02/03/2001,HPN,NY,AEA,EN,Combined TRACON& Tower with Radar,22,68,123,0,213,6,0,111,0,117,28,68,234,0,330,90,0,90,420
02/04/2001,HPN,NY,AEA,EN,Combined TRACON& Tower with Radar,45,174,246,0,465,5,12,120,0,137,50,186,366,0,602,184,0,184,786
02/05/2001,HPN,NY,AEA,EN,Combined TRACON& Tower with Radar,20,81,116,0,217,0,4,0,0,4,20,85,116,0,221,0,0,0,221
02/06/2001,HPN,NY,AEA,EN,Combined TRACON& Tower with Radar,38,151,221,0,410,0,0,122,0,122,38,151,343,0,532,58,0,58,590
02/07/2001,HPN,NY,AEA,EN,Combined TRACON& Tower with Radar,45,193,281,0,519,0,0,138,0,138,45,193,419,0,657,86,0,86,743
02/08/2001,HPN,NY,AEA,EN,Combined TRACON& Tower with Radar,34,159,226,0,419,0,21,77,0,98,34,180,303,0,517,106,0,106,623
02/09/2001,HPN,NY,AEA,EN,Combined TRACON& Tower with Radar,36,149,215,0,400,0,0,32,0,32,36,149,247,0,432,30,0,30,462
02/10/2001,HPN,NY,AEA,EN,Combined TRACON& Tower with Radar,16,63,88,0,167,10,6,0,0,16,26,69,88,0,183,0,0,0,183
02/11/2001,HPN,NY,AEA,EN,Combined TRACON& Tower with Radar,32,107,172,0,311,4,0,93,0,97,36,107,265,0,408,76,0,76,484
02/12/2001,HPN,NY,AEA,EN,Combined TRACON& Tower with Radar,47,184,261,0,492,3,6,141,0,150,50,190,402,0,642,82,0,82,724
02/13/2001,HPN,NY,AEA,EN,Combined TRACON& Tower with Radar,44,179,254,0,477,0,8,136,2,146,44,187,390,2,623,208,0,208,831
02/14/2001,HPN,NY,AEA,EN,Combined TRACON& Tower with Radar,36,144,202,0,382,6,7,46,0,59,42,151,248,0,441,30,0,30,471
02/15/2001,HPN,NY,AEA,EN,Combined TRACON& Tower with Radar,42,204,288,0,534,0,0,119,0,119,42,204,407,0,653,80,0,80,733
02/16/2001,HPN,NY,AEA,EN,Combined TRACON& Tower with Radar,53,203,286,0,542,3,0,67,0,70,56,203,353,0,612,98,0,98,710
02/17/2001,HPN,NY,AEA,EN,Combined TRACON& Tower with Radar,26,101,142,0,269,7,15,27,0,49,33,116,169,0,318,16,0,16,334
02/18/2001,HPN,NY,AEA,EN,Combined TRACON& Tower with Radar,31,107,185,0,323,0,0,188,0,188,31,107,373,0,511,206,0,206,717
02/19/2001,HPN,NY,AEA,EN,Combined TRACON& Tower with Radar,47,203,300,0,550,0,0,168,0,168,47,203,468,0,718,152,0,152,870
02/20/2001,HPN,NY,AEA,EN,Combined TRACON& Tower with Radar,39,163,228,0,430,0,6,92,5,103,39,169,320,5,533,88,0,88,621
02/21/2001,HPN,NY,AEA,EN,Combined TRACON& Tower with Radar,43,170,239,0,452,7,18,52,0,77,50,188,291,0,529,28,0,28,557
02/22/2001,HPN,NY,AEA,EN,Combined TRACON& Tower with Radar,41,161,226,0,428,1,22,87,0,110,42,183,313,0,538,72,0,72,610
02/23/2001,HPN,NY,AEA,EN,Combined TRACON& Tower with Radar,37,163,228,0,428,0,12,52,0,64,37,175,280,0,492,48,0,48,540
02/24/2001,HPN,NY,AEA,EN,Combined TRACON& Tower with Radar,32,102,194,0,328,0,0,211,0,211,32,102,405,0,539,180,0,180,719
02/25/2001,HPN,NY,AEA,EN,Combined TRACON& Tower with Radar,26,102,121,0,249,9,14,0,0,23,35,116,121,0,272,0,0,0,272
02/26/2001,HPN,NY,AEA,EN,Combined TRACON& Tower with Radar,36,129,222,0,387,0,0,118,0,118,36,129,340,0,505,36,0,36,541
02/27/2001,HPN,NY,AEA,EN,Combined TRACON& Tower with Radar,37,150,214,0,401,0,0,122,0,122,37,150,336,0,523,166,0,166,689
02/28/2001,HPN,NY,AEA,EN,Combined TRACON& Tower with Radar,40,152,224,0,416,0,0,128,0,128,40,152,352,0,544,90,0,90,634
03/01/2001,HPN,NY,AEA,EN,Combined TRACON& Tower with Radar,34,143,199,0,376,0,19,109,1,129,34,162,308,1,505,144,0,144,649
03/02/2001,HPN,NY,AEA,EN,Combined TRACON& Tower with Radar,37,157,222,0,416,0,0,8,0,8,37,157,230,0,424,0,0,0,424
03/03/2001,HPN,NY,AEA,EN,Combined TRACON& Tower with Radar,25,65,134,0,224,0,0,158,0,158,25,65,292,0,382,310,0,310,692
03/04/2001,HPN,NY,AEA,EN,Combined TRACON& Tower with Radar,25,86,133,0,244,1,0,20,0,21,26,86,153,0,265,0,0,0,265
03/05/2001,HPN,NY,AEA,EN,Combined TRACON& Tower with Radar,3,8,21,0,32,2,0,5,0,7,5,8,26,0,39,0,0,0,39
03/06/2001,HPN,NY,AEA,EN,Combined TRACON& Tower with Radar,7,19,41,0,67,8,0,2,0,10,15,19,43,0,77,0,0,0,77
03/07/2001,HPN,NY,AEA,EN,Combined TRACON& Tower with Radar,34,155,220,1,410,0,0,85,3,88,34,155,305,4,498,12,0,12,510
03/08/2001,HPN,NY,AEA,EN,Combined TRACON& Tower with Radar,35,151,211,0,397,0,5,103,0,108,35,156,314,0,505,120,0,120,625
03/09/2001,HPN,NY,AEA,EN,Combined TRACON& Tower with Radar,28,110,140,0,278,0,22,0,0,22,28,132,140,0,300,0,0,0,300
03/10/2001,HPN,NY,AEA,EN,Combined TRACON& Tower with Radar,17,64,95,0,176,4,0,79,0,83,21,64,174,0,259,76,0,76,335
03/11/2001,HPN,NY,AEA,EN,Combined TRACON& Tower with Radar,31,103,173,0,307,0,0,162,0,162,31,103,335,0,469,142,0,142,611
03/12/2001,HPN,NY,AEA,EN,Combined TRACON& Tower with Radar,35,141,197,0,373,1,14,111,0,126,36,155,308,0,499,96,0,96,595
03/13/2001,HPN,NY,AEA,EN,Combined TRACON& Tower with Radar,33,128,153,0,314,6,21,0,0,27,39,149,153,0,341,0,0,0,341
03/14/2001,HPN,NY,AEA,EN,Combined TRACON& Tower with Radar,35,140,193,0,368,5,5,38,0,48,40,145,231,0,416,22,0,22,438
03/15/2001,HPN,NY,AEA,EN,Combined TRACON& Tower with Radar,37,165,239,0,441,0,0,147,0,147,37,165,386,0,588,146,0,146,734
03/16/2001,HPN,NY,AEA,EN,Combined TRACON& Tower with Radar,28,149,206,0,383,0,18,126,0,144,28,167,332,0,527,120,0,120,647
03/17/2001,HPN,NY,AEA,EN,Combined TRACON& Tower with Radar,22,86,118,0,226,1,4,74,0,79,23,90,192,0,305,212,0,212,517
03/18/2001,HPN,NY,AEA,EN,Combined TRACON& Tower with Radar,31,117,171,0,319,0,0,132,0,132,31,117,303,0,451,108,0,108,559
03/19/2001,HPN,NY,AEA,EN,Combined TRACON& Tower with Radar,40,165,243,0,448,0,0,93,3,96,40,165,336,3,544,38,0,38,582
03/20/2001,HPN,NY,AEA,EN,Combined TRACON& Tower with Radar,43,138,233,0,414,2,0,182,0,184,45,138,415,0,598,86,0,86,684
03/21/2001,HPN,NY,AEA,EN,Combined TRACON& Tower with Radar,34,137,186,0,357,3,18,0,0,21,37,155,186,0,378,4,0,4,382
03/22/2001,HPN,NY,AEA,EN,Combined TRACON& Tower with Radar,33,128,172,0,333,0,10,0,0,10,33,138,172,0,343,0,0,0,343
03/23/2001,HPN,NY,AEA,EN,Combined TRACON& Tower with Radar,34,148,205,0,387,0,3,48,0,51,34,151,253,0,438,8,0,8,446
03/24/2001,HPN,NY,AEA,EN,Combined TRACON& Tower with Radar,23,80,135,0,238,0,0,90,0,90,23,80,225,0,328,78,0,78,406
03/25/2001,HPN,NY,AEA,EN,Combined TRACON& Tower with Radar,27,112,164,0,303,0,0,196,0,196,27,112,360,0,499,118,0,118,617
03/26/2001,HPN,NY,AEA,EN,Combined TRACON& Tower with Radar,30,118,149,0,297,7,7,0,0,14,37,125,149,0,311,0,0,0,311
03/27/2001,HPN,NY,AEA,EN,Combined TRACON& Tower with Radar,33,126,174,0,333,2,14,142,0,158,35,140,316,0,491,106,0,106,597
03/28/2001,HPN,NY,AEA,EN,Combined TRACON& Tower with Radar,32,128,176,0,336,2,18,111,0,131,34,146,287,0,467,86,0,86,553
03/29/2001,HPN,NY,AEA,EN,Combined TRACON& Tower with Radar,36,142,196,0,374,0,7,91,0,98,36,149,287,0,472,52,0,52,524
03/30/2001,HPN,NY,AEA,EN,Combined TRACON& Tower with Radar,33,127,166,0,326,2,10,0,0,12,35,137,166,0,338,0,0,0,338
03/31/2001,HPN,NY,AEA,EN,Combined TRACON& Tower with Radar,26,72,141,0,239,0,0,124,0,124,26,72,265,0,363,242,0,242,605
04/01/2001,HPN,NY,AEA,EN,Combined TRACON& Tower with Radar,27,109,160,0,296,7,0,10,0,17,34,109,170,0,313,24,0,24,337
04/02/2001,HPN,NY,AEA,EN,Combined TRACON& Tower with Radar,31,132,181,0,344,15,1,34,0,50,46,133,215,0,394,14,0,14,408
04/03/2001,HPN,NY,AEA,EN,Combined TRACON& Tower with Radar,37,146,218,1,402,2,0,117,1,120,39,146,335,2,522,46,0,46,568
04/04/2001,HPN,NY,AEA,EN,Combined TRACON& Tower with Radar,37,152,215,0,404,1,0,177,0,178,38,152,392,0,582,92,0,92,674
04/05/2001,HPN,NY,AEA,EN,Combined TRACON& Tower with Radar,34,168,231,0,433,0,10,139,0,149,34,178,370,0,582,100,0,100,682
04/06/2001,HPN,NY,AEA,EN,Combined TRACON& Tower with Radar,35,155,213,0,403,0,0,53,0,53,35,155,266,0,456,66,0,66,522
04/07/2001,HPN,NY,AEA,EN,Combined TRACON& Tower with Radar,23,69,136,0,228,8,0,122,0,130,31,69,258,0,358,224,0,224,582
04/08/2001,HPN,NY,AEA,EN,Combined TRACON& Tower with Radar,25,103,141,0,269,14,0,0,0,14,39,103,141,0,283,0,0,0,283
04/09/2001,HPN,NY,AEA,EN,Combined TRACON& Tower with Radar,30,126,173,0,329,11,1,73,0,85,41,127,246,0,414,26,0,26,440
04/10/2001,HPN,NY,AEA,EN,Combined TRACON& Tower with Radar,35,165,232,0,432,0,0,125,0,125,35,165,357,0,557,38,0,38,595
04/11/2001,HPN,NY,AEA,EN,Combined TRACON& Tower with Radar,36,162,224,0,422,0,16,55,0,71,36,178,279,0,493,80,0,80,573
04/12/2001,HPN,NY,AEA,EN,Combined TRACON& Tower with Radar,27,135,190,0,352,0,0,9,0,9,27,135,199,0,361,0,0,0,361
04/13/2001,HPN,NY,AEA,EN,Combined TRACON& Tower with Radar,33,136,210,0,379,0,0,92,0,92,33,136,302,0,471,32,0,32,503
04/14/2001,HPN,NY,AEA,EN,Combined TRACON& Tower with Radar,23,65,132,0,220,3,0,274,0,277,26,65,406,0,497,204,0,204,701
04/15/2001,HPN,NY,AEA,EN,Combined TRACON& Tower with Radar,27,107,159,0,293,0,0,231,0,231,27,107,390,0,524,182,0,182,706
04/16/2001,HPN,NY,AEA,EN,Combined TRACON& Tower with Radar,35,149,206,0,390,0,29,85,0,114,35,178,291,0,504,70,0,70,574
04/17/2001,HPN,NY,AEA,EN,Combined TRACON& Tower with Radar,37,154,214,1,406,0,23,42,4,69,37,177,256,5,475,28,0,28,503
04/18/2001,HPN,NY,AEA,EN,Combined TRACON& Tower with Radar,31,141,197,0,369,0,35,63,0,98,31,176,260,0,467,76,0,76,543
04/19/2001,HPN,NY,AEA,EN,Combined TRACON& Tower with Radar,34,163,225,0,422,0,18,173,0,191,34,181,398,0,613,64,0,64,677
04/20/2001,HPN,NY,AEA,EN,Combined TRACON& Tower with Radar,38,159,208,1,406,0,12,0,0,12,38,171,208,1,418,82,0,82,500
04/21/2001,HPN,NY,AEA,EN,Combined TRACON& Tower with Radar,22,86,123,0,231,0,0,125,0,125,22,86,248,0,356,216,0,216,572
04/22/2001,HPN,NY,AEA,EN,Combined TRACON& Tower with Radar,26,93,176,0,295,0,0,39,0,39,26,93,215,0,334,178,0,178,512
04/23/2001,HPN,NY,AEA,EN,Combined TRACON& Tower with Radar,31,151,210,0,392,0,18,149,0,167,31,169,359,0,559,122,0,122,681
04/24/2001,HPN,NY,AEA,EN,Combined TRACON& Tower with Radar,35,157,217,0,409,0,15,92,0,107,35,172,309,0,516,64,0,64,580
04/25/2001,HPN,NY,AEA,EN,Combined TRACON& Tower with Radar,34,162,222,0,418,0,7,174,0,181,34,169,396,0,599,52,0,52,651
04/26/2001,HPN,NY,AEA,EN,Combined TRACON& Tower with Radar,35,157,215,0,407,0,7,195,0,202,35,164,410,0,609,90,0,90,699
04/27/2001,HPN,NY,AEA,EN,Combined TRACON& Tower with Radar,37,168,244,0,449,0,0,232,0,232,37,168,476,0,681,138,0,138,819
04/28/2001,HPN,NY,AEA,EN,Combined TRACON& Tower with Radar,23,82,129,0,234,3,0,171,2,176,26,82,300,2,410,94,0,94,504
04/29/2001,HPN,NY,AEA,EN,Combined TRACON& Tower with Radar,30,128,200,0,358,0,0,283,0,283,30,128,483,0,641,184,0,184,825
04/30/2001,HPN,NY,AEA,EN,Combined TRACON& Tower with Radar,39,165,219,0,423,4,2,0,0,6,43,167,219,0,429,0,0,0,429
05/01/2001,HPN,NY,AEA,EN,Combined TRACON& Tower with Radar,32,132,183,0,347,6,24,171,0,201,38,156,354,0,548,144,0,144,692
05/02/2001,HPN,NY,AEA,EN,Combined TRACON& Tower with Radar,35,145,200,0,380,1,23,159,0,183,36,168,359,0,563,180,0,180,743
05/03/2001,HPN,NY,AEA,EN,Combined TRACON& Tower with Radar,36,149,205,0,390,1,5,193,0,199,37,154,398,0,589,54,0,54,643
05/04/2001,HPN,NY,AEA,EN,Combined TRACON& Tower with Radar,36,160,217,0,413,0,8,0,0,8,36,168,217,0,421,94,0,94,515
05/05/2001,HPN,NY,AEA,EN,Combined TRACON& Tower with Radar,18,64,104,0,186,4,0,149,0,153,22,64,253,0,339,156,0,156,495
05/06/2001,HPN,NY,AEA,EN,Combined TRACON& Tower with Radar,34,120,213,0,367,0,0,260,0,260,34,120,473,0,627,206,0,206,833
05/07/2001,HPN,NY,AEA,EN,Combined TRACON& Tower with Radar,28,131,180,0,339,0,33,136,0,169,28,164,316,0,508,70,0,70,578
05/08/2001,HPN,NY,AEA,EN,Combined TRACON& Tower with Radar,37,184,253,0,474,0,0,203,0,203,37,184,456,0,677,74,0,74,751
05/09/2001,HPN,NY,AEA,EN,Combined TRACON& Tower with Radar,42,170,240,0,452,4,0,161,0,165,46,170,401,0,617,148,0,148,765
05/10/2001,HPN,NY,AEA,EN,Combined TRACON& Tower with Radar,36,168,231,0,435,0,16,160,0,176,36,184,391,0,611,24,0,24,635
05/11/2001,HPN,NY,AEA,EN,Combined TRACON& Tower with Radar,38,180,276,0,494,0,0,243,0,243,38,180,519,0,737,64,0,64,801
05/12/2001,HPN,NY,AEA,EN,Combined TRACON& Tower with Radar,24,85,143,0,252,0,0,165,0,165,24,85,308,0,417,145,0,145,562
05/13/2001,HPN,NY,AEA,EN,Combined TRACON& Tower with Radar,29,123,172,0,324,5,0,154,0,159,34,123,326,0,483,66,0,66,549
05/14/2001,HPN,NY,AEA,EN,Combined TRACON& Tower with Radar,31,153,208,0,392,0,15,183,0,198,31,168,391,0,590,94,0,94,684
05/15/2001,HPN,NY,AEA,EN,Combined TRACON& Tower with Radar,31,158,215,0,404,0,12,149,0,161,31,170,364,0,565,98,0,98,663
05/16/2001,HPN,NY,AEA,EN,Combined TRACON& Tower with Radar,36,154,210,1,401,1,0,156,7,164,37,154,366,8,565,170,0,170,735
05/17/2001,HPN,NY,AEA,EN,Combined TRACON& Tower with Radar,40,167,229,0,436,0,0,111,0,111,40,167,340,0,547,72,0,72,619
05/18/2001,HPN,NY,AEA,EN,Combined TRACON& Tower with Radar,37,196,267,0,500,0,20,46,0,66,37,216,313,0,566,44,0,44,610
05/19/2001,HPN,NY,AEA,EN,Combined TRACON& Tower with Radar,21,70,122,0,213,7,0,192,0,199,28,70,314,0,412,250,0,250,662
05/20/2001,HPN,NY,AEA,EN,Combined TRACON& Tower with Radar,29,124,170,0,323,7,2,212,0,221,36,126,382,0,544,200,0,200,744
05/21/2001,HPN,NY,AEA,EN,Combined TRACON& Tower with Radar,38,165,225,0,428,0,1,24,0,25,38,166,249,0,453,10,0,10,463
05/22/2001,HPN,NY,AEA,EN,Combined TRACON& Tower with Radar,28,123,138,0,289,7,24,0,0,31,35,147,138,0,320,0,0,0,320
05/23/2001,HPN,NY,AEA,EN,Combined TRACON& Tower with Radar,37,164,208,0,409,0,18,0,0,18,37,182,208,0,427,0,0,0,427
05/24/2001,HPN,NY,AEA,EN,Combined TRACON& Tower with Radar,36,184,263,0,483,0,0,49,0,49,36,184,312,0,532,0,0,0,532
05/25/2001,HPN,NY,AEA,EN,Combined TRACON& Tower with Radar,46,201,296,0,543,0,0,33,2,35,46,201,329,2,578,0,0,0,578
05/26/2001,HPN,NY,AEA,EN,Combined TRACON& Tower with Radar,14,61,76,0,151,6,0,0,0,6,20,61,76,0,157,0,0,0,157
05/27/2001,HPN,NY,AEA,EN,Combined TRACON& Tower with Radar,16,68,87,0,171,10,0,0,0,10,26,68,87,0,181,36,0,36,217
05/28/2001,HPN,NY,AEA,EN,Combined TRACON& Tower with Radar,35,108,201,0,344,1,0,39,2,42,36,108,240,2,386,76,0,76,462
05/29/2001,HPN,NY,AEA,EN,Combined TRACON& Tower with Radar,43,173,249,0,465,2,0,155,0,157,45,173,404,0,622,38,0,38,660
05/30/2001,HPN,NY,AEA,EN,Combined TRACON& Tower with Radar,38,153,221,0,412,1,0,176,0,177,39,153,397,0,589,76,0,76,665
05/31/2001,HPN,NY,AEA,EN,Combined TRACON& Tower with Radar,38,161,220,0,419,0,0,194,0,194,38,161,414,0,613,138,0,138,751
06/01/2001,HPN,NY,AEA,EN,Combined TRACON& Tower with Radar,35,155,227,0,417,2,0,197,1,200,37,155,424,1,617,56,0,56,673
06/02/2001,HPN,NY,AEA,EN,Combined TRACON& Tower with Radar,17,68,108,0,193,6,0,0,0,6,23,68,108,0,199,0,0,0,199
06/03/2001,HPN,NY,AEA,EN,Combined TRACON& Tower with Radar,25,110,161,0,296,2,5,71,0,78,27,115,232,0,374,74,0,74,448
06/04/2001,HPN,NY,AEA,EN,Combined TRACON& Tower with Radar,34,174,253,0,461,0,8,201,0,209,34,182,454,0,670,136,0,136,806
06/05/2001,HPN,NY,AEA,EN,Combined TRACON& Tower with Radar,29,157,228,0,414,0,0,179,0,179,29,157,407,0,593,116,0,116,709
06/06/2001,HPN,NY,AEA,EN,Combined TRACON& Tower with Radar,34,164,237,0,435,0,19,178,0,197,34,183,415,0,632,62,0,62,694
06/07/2001,HPN,NY,AEA,EN,Combined TRACON& Tower with Radar,36,169,245,0,450,0,39,173,0,212,36,208,418,0,662,102,0,102,764
06/08/2001,HPN,NY,AEA,EN,Combined TRACON& Tower with Radar,32,180,261,0,473,0,12,220,0,232,32,192,481,0,705,47,0,47,752
06/09/2001,HPN,NY,AEA,EN,Combined TRACON& Tower with Radar,26,79,166,0,271,3,0,456,0,459,29,79,622,0,730,0,0,0,730
06/10/2001,HPN,NY,AEA,EN,Combined TRACON& Tower with Radar,30,132,203,0,365,0,0,347,0,347,30,132,550,0,712,192,0,192,904
06/11/2001,HPN,NY,AEA,EN,Combined TRACON& Tower with Radar,30,135,196,0,361,8,13,79,0,100,38,148,275,0,461,113,0,113,574
06/12/2001,HPN,NY,AEA,EN,Combined TRACON& Tower with Radar,31,157,228,1,417,0,9,181,1,191,31,166,409,2,608,204,0,204,812
06/13/2001,HPN,NY,AEA,EN,Combined TRACON& Tower with Radar,37,161,248,0,446,1,0,26,0,27,38,161,274,0,473,8,0,8,481
06/14/2001,HPN,NY,AEA,EN,Combined TRACON& Tower with Radar,32,176,253,0,461,0,1,60,0,61,32,177,313,0,522,4,0,4,526
06/15/2001,HPN,NY,AEA,EN,Combined TRACON& Tower with Radar,29,128,200,0,357,0,0,89,0,89,29,128,289,0,446,24,0,24,470
06/16/2001,HPN,NY,AEA,EN,Combined TRACON& Tower with Radar,20,84,135,0,239,10,0,19,0,29,30,84,154,0,268,132,0,132,400
06/17/2001,HPN,NY,AEA,EN,Combined TRACON& Tower with Radar,27,125,179,0,331,9,0,32,0,41,36,125,211,0,372,40,0,40,412
06/18/2001,HPN,NY,AEA,EN,Combined TRACON& Tower with Radar,36,170,244,0,450,0,13,250,0,263,36,183,494,0,713,130,0,130,843
06/19/2001,HPN,NY,AEA,EN,Combined TRACON& Tower with Radar,36,169,242,0,447,7,23,213,0,243,43,192,455,0,690,112,5,117,807
06/20/2001,HPN,NY,AEA,EN,Combined TRACON& Tower with Radar,32,145,215,0,392,0,0,138,0,138,32,145,353,0,530,52,0,52,582
06/21/2001,HPN,NY,AEA,EN,Combined TRACON& Tower with Radar,33,173,239,0,445,0,15,0,0,15,33,188,239,0,460,53,0,53,513
06/22/2001,HPN,NY,AEA,EN,Combined TRACON& Tower with Radar,25,115,187,0,327,0,0,114,1,115,25,115,301,1,442,46,0,46,488
06/23/2001,HPN,NY,AEA,EN,Combined TRACON& Tower with Radar,19,92,131,0,242,10,0,0,0,10,29,92,131,0,252,10,0,10,262
06/24/2001,HPN,NY,AEA,EN,Combined TRACON& Tower with Radar,32,131,213,0,376,0,0,133,0,133,32,131,346,0,509,184,0,184,693
06/25/2001,HPN,NY,AEA,EN,Combined TRACON& Tower with Radar,32,149,214,0,395,0,6,242,0,248,32,155,456,0,643,156,0,156,799
06/26/2001,HPN,NY,AEA,EN,Combined TRACON& Tower with Radar,35,160,232,0,427,1,0,262,0,263,36,160,494,0,690,140,0,140,830
06/27/2001,HPN,NY,AEA,EN,Combined TRACON& Tower with Radar,34,184,264,0,482,0,6,193,0,199,34,190,457,0,681,86,0,86,767
06/28/2001,HPN,NY,AEA,EN,Combined TRACON& Tower with Radar,35,185,286,0,506,0,0,171,0,171,35,185,457,0,677,118,0,118,795
06/29/2001,HPN,NY,AEA,EN,Combined TRACON& Tower with Radar,31,185,273,0,489,0,0,265,0,265,31,185,538,0,754,74,0,74,828
06/30/2001,HPN,NY,AEA,EN,Combined TRACON& Tower with Radar,20,67,138,0,225,7,0,105,0,112,27,67,243,0,337,112,0,112,449
07/01/2001,HPN,NY,AEA,EN,Combined TRACON& Tower with Radar,19,62,113,0,194,1,0,142,0,143,20,62,255,0,337,96,0,96,433
07/02/2001,HPN,NY,AEA,EN,Combined TRACON& Tower with Radar,37,144,221,0,402,0,0,197,0,197,37,144,418,0,599,176,0,176,775
07/03/2001,HPN,NY,AEA,EN,Combined TRACON& Tower with Radar,30,122,197,0,349,0,0,307,0,307,30,122,504,0,656,122,0,122,778
07/04/2001,HPN,NY,AEA,EN,Combined TRACON& Tower with Radar,19,70,109,0,198,2,4,12,0,18,21,74,121,0,216,36,0,36,252
07/05/2001,HPN,NY,AEA,EN,Combined TRACON& Tower with Radar,31,115,187,0,333,9,0,92,1,102,40,115,279,1,435,90,0,90,525
07/06/2001,HPN,NY,AEA,EN,Combined TRACON& Tower with Radar,36,144,222,1,403,2,9,193,0,204,38,153,415,1,607,108,0,108,715
07/07/2001,HPN,NY,AEA,EN,Combined TRACON& Tower with Radar,18,66,114,1,199,8,0,253,2,263,26,66,367,3,462,194,0,194,656
07/08/2001,HPN,NY,AEA,EN,Combined TRACON& Tower with Radar,39,120,242,0,401,4,0,65,0,69,43,120,307,0,470,26,0,26,496
07/09/2001,HPN,NY,AEA,EN,Combined TRACON& Tower with Radar,42,172,287,0,501,0,0,175,0,175,42,172,462,0,676,164,0,164,840
07/10/2001,HPN,NY,AEA,EN,Combined TRACON& Tower with Radar,31,128,197,0,356,10,3,125,0,138,41,131,322,0,494,180,0,180,674
07/11/2001,HPN,NY,AEA,EN,Combined TRACON& Tower with Radar,40,164,253,0,457,9,2,133,0,144,49,166,386,0,601,62,0,62,663
07/12/2001,HPN,NY,AEA,EN,Combined TRACON& Tower with Radar,43,175,270,0,488,0,8,214,0,222,43,183,484,0,710,76,0,76,786
07/13/2001,HPN,NY,AEA,EN,Combined TRACON& Tower with Radar,33,186,283,0,502,0,2,255,0,257,33,188,538,0,759,52,0,52,811
07/14/2001,HPN,NY,AEA,EN,Combined TRACON& Tower with Radar,24,57,149,0,230,0,0,205,0,205,24,57,354,0,435,172,0,172,607
07/15/2001,HPN,NY,AEA,EN,Combined TRACON& Tower with Radar,32,121,198,0,351,0,0,310,0,310,32,121,508,0,661,140,0,140,801
07/16/2001,HPN,NY,AEA,EN,Combined TRACON& Tower with Radar,40,163,249,0,452,1,2,217,0,220,41,165,466,0,672,170,0,170,842
07/17/2001,HPN,NY,AEA,EN,Combined TRACON& Tower with Radar,40,161,248,0,449,0,0,84,0,84,40,161,332,0,533,82,0,82,615
07/18/2001,HPN,NY,AEA,EN,Combined TRACON& Tower with Radar,33,155,236,0,424,0,25,96,0,121,33,180,332,0,545,58,0,58,603
07/19/2001,HPN,NY,AEA,EN,Combined TRACON& Tower with Radar,41,179,273,0,493,0,24,180,0,204,41,203,453,0,697,108,0,108,805
07/20/2001,HPN,NY,AEA,EN,Combined TRACON& Tower with Radar,42,201,306,0,549,0,5,266,0,271,42,206,572,0,820,126,0,126,946
07/21/2001,HPN,NY,AEA,EN,Combined TRACON& Tower with Radar,21,73,132,0,226,3,0,291,2,296,24,73,423,2,522,164,0,164,686
07/22/2001,HPN,NY,AEA,EN,Combined TRACON& Tower with Radar,28,152,231,0,411,0,1,250,0,251,28,153,481,0,662,26,0,26,688
07/23/2001,HPN,NY,AEA,EN,Combined TRACON& Tower with Radar,38,168,263,0,469,0,0,227,0,227,38,168,490,0,696,128,0,128,824
07/24/2001,HPN,NY,AEA,EN,Combined TRACON& Tower with Radar,39,154,235,0,428,1,11,136,0,148,40,165,371,0,576,48,0,48,624
07/25/2001,HPN,NY,AEA,EN,Combined TRACON& Tower with Radar,35,153,234,0,422,0,20,140,0,160,35,173,374,0,582,62,0,62,644
07/26/2001,HPN,NY,AEA,EN,Combined TRACON& Tower with Radar,37,185,282,0,504,0,15,102,0,117,37,200,384,0,621,14,0,14,635
07/27/2001,HPN,NY,AEA,EN,Combined TRACON& Tower with Radar,37,197,301,0,535,0,14,328,0,342,37,211,629,0,877,154,0,154,1031
07/28/2001,HPN,NY,AEA,EN,Combined TRACON& Tower with Radar,21,74,134,0,229,9,0,258,0,267,30,74,392,0,496,174,0,174,670
07/29/2001,HPN,NY,AEA,EN,Combined TRACON& Tower with Radar,33,108,204,0,345,4,0,289,0,293,37,108,493,0,638,76,0,76,714
07/30/2001,HPN,NY,AEA,EN,Combined TRACON& Tower with Radar,36,144,221,0,401,5,22,201,0,228,41,166,422,0,629,84,0,84,713
07/31/2001,HPN,NY,AEA,EN,Combined TRACON& Tower with Radar,36,143,219,0,398,1,24,243,1,269,37,167,462,1,667,162,0,162,829
08/01/2001,HPN,NY,AEA,EN,Combined TRACON& Tower with Radar,33,179,243,0,455,0,4,217,0,221,33,183,460,0,676,82,0,82,758
08/02/2001,HPN,NY,AEA,EN,Combined TRACON& Tower with Radar,32,172,234,0,438,0,2,243,0,245,32,174,477,0,683,178,0,178,861
08/03/2001,HPN,NY,AEA,EN,Combined TRACON& Tower with Radar,39,164,223,0,426,0,8,143,0,151,39,172,366,0,577,56,0,56,633
08/04/2001,HPN,NY,AEA,EN,Combined TRACON& Tower with Radar,22,81,127,0,230,11,0,41,0,52,33,81,168,0,282,90,0,90,372
08/05/2001,HPN,NY,AEA,EN,Combined TRACON& Tower with Radar,36,118,206,0,360,4,0,190,0,194,40,118,396,0,554,94,0,94,648
08/06/2001,HPN,NY,AEA,EN,Combined TRACON& Tower with Radar,33,139,172,0,344,6,12,0,0,18,39,151,172,0,362,102,0,102,464
08/07/2001,HPN,NY,AEA,EN,Combined TRACON& Tower with Radar,36,149,202,0,387,0,11,129,0,140,36,160,331,0,527,100,0,100,627
08/08/2001,HPN,NY,AEA,EN,Combined TRACON& Tower with Radar,37,164,222,0,423,0,26,135,0,161,37,190,357,0,584,154,0,154,738
08/09/2001,HPN,NY,AEA,EN,Combined TRACON& Tower with Radar,38,181,250,0,469,0,0,128,0,128,38,181,378,0,597,88,0,88,685
08/10/2001,HPN,NY,AEA,EN,Combined TRACON& Tower with Radar,35,133,193,0,361,1,0,37,0,38,36,133,230,0,399,6,0,6,405
08/11/2001,HPN,NY,AEA,EN,Combined TRACON& Tower with Radar,23,84,127,0,234,3,0,99,0,102,26,84,226,0,336,124,0,124,460
08/12/2001,HPN,NY,AEA,EN,Combined TRACON& Tower with Radar,30,106,184,0,320,0,0,33,0,33,30,106,217,0,353,0,0,0,353
08/13/2001,HPN,NY,AEA,EN,Combined TRACON& Tower with Radar,36,142,210,0,388,2,0,51,0,53,38,142,261,0,441,0,0,0,441
08/14/2001,HPN,NY,AEA,EN,Combined TRACON& Tower with Radar,39,169,227,0,435,3,22,149,0,174,42,191,376,0,609,72,0,72,681
08/15/2001,HPN,NY,AEA,EN,Combined TRACON& Tower with Radar,43,174,255,0,472,0,0,233,0,233,43,174,488,0,705,0,0,0,705
08/16/2001,HPN,NY,AEA,EN,Combined TRACON& Tower with Radar,37,180,252,0,469,0,0,261,0,261,37,180,513,0,730,102,0,102,832
08/17/2001,HPN,NY,AEA,EN,Combined TRACON& Tower with Radar,34,179,240,0,453,0,7,3,0,10,34,186,243,0,463,46,0,46,509
08/18/2001,HPN,NY,AEA,EN,Combined TRACON& Tower with Radar,19,82,110,0,211,10,0,240,0,250,29,82,350,0,461,100,0,100,561
08/19/2001,HPN,NY,AEA,EN,Combined TRACON& Tower with Radar,35,155,208,0,398,0,0,130,0,130,35,155,338,0,528,192,0,192,720
08/20/2001,HPN,NY,AEA,EN,Combined TRACON& Tower with Radar,38,172,232,0,442,0,0,20,0,20,38,172,252,0,462,0,0,0,462
08/21/2001,HPN,NY,AEA,EN,Combined TRACON& Tower with Radar,36,156,210,0,402,4,27,123,0,154,40,183,333,0,556,68,0,68,624
08/22/2001,HPN,NY,AEA,EN,Combined TRACON& Tower with Radar,39,170,228,0,437,0,21,202,0,223,39,191,430,0,660,118,0,118,778
08/23/2001,HPN,NY,AEA,EN,Combined TRACON& Tower with Radar,38,165,221,0,424,0,25,122,0,147,38,190,343,0,571,78,0,78,649
08/24/2001,HPN,NY,AEA,EN,Combined TRACON& Tower with Radar,35,175,239,0,449,0,0,205,0,205,35,175,444,0,654,64,0,64,718
08/25/2001,HPN,NY,AEA,EN,Combined TRACON& Tower with Radar,21,85,142,0,248,0,0,189,0,189,21,85,331,0,437,80,0,80,517
08/26/2001,HPN,NY,AEA,EN,Combined TRACON& Tower with Radar,38,157,250,0,445,0,0,243,0,243,38,157,493,0,688,144,0,144,832
08/27/2001,HPN,NY,AEA,EN,Combined TRACON& Tower with Radar,33,145,194,0,372,6,38,37,0,81,39,183,231,0,453,38,0,38,491
08/28/2001,HPN,NY,AEA,EN,Combined TRACON& Tower with Radar,33,136,195,0,364,7,0,122,0,129,40,136,317,0,493,122,0,122,615
08/29/2001,HPN,NY,AEA,EN,Combined TRACON& Tower with Radar,39,168,226,0,433,5,3,218,0,226,44,171,444,0,659,160,0,160,819
08/30/2001,HPN,NY,AEA,EN,Combined TRACON& Tower with Radar,44,189,257,0,490,2,0,189,0,191,46,189,446,0,681,102,0,102,783
08/31/2001,HPN,NY,AEA,EN,Combined TRACON& Tower with Radar,36,159,227,0,422,0,0,14,0,14,36,159,241,0,436,0,0,0,436
09/01/2001,HPN,NY,AEA,EN,Combined TRACON& Tower with Radar,14,72,109,0,195,4,0,186,0,190,18,72,295,0,385,112,0,112,497
09/02/2001,HPN,NY,AEA,EN,Combined TRACON& Tower with Radar,20,83,158,0,261,3,0,230,0,233,23,83,388,0,494,120,0,120,614
09/03/2001,HPN,NY,AEA,EN,Combined TRACON& Tower with Radar,22,141,204,0,367,0,0,350,0,350,22,141,554,0,717,120,0,120,837
09/04/2001,HPN,NY,AEA,EN,Combined TRACON& Tower with Radar,27,155,203,0,385,14,18,97,0,129,41,173,300,0,514,92,0,92,606
09/05/2001,HPN,NY,AEA,EN,Combined TRACON& Tower with Radar,35,179,274,0,488,14,0,176,0,190,49,179,450,0,678,94,0,94,772
09/06/2001,HPN,NY,AEA,EN,Combined TRACON& Tower with Radar,30,179,235,1,445,5,1,170,0,176,35,180,405,1,621,146,0,146,767
09/07/2001,HPN,NY,AEA,EN,Combined TRACON& Tower with Radar,34,176,260,0,470,4,0,202,0,206,38,176,462,0,676,38,0,38,714
09/08/2001,HPN,NY,AEA,EN,Combined TRACON& Tower with Radar,20,93,151,0,264,9,0,137,0,146,29,93,288,0,410,68,0,68,478
09/09/2001,HPN,NY,AEA,EN,Combined TRACON& Tower with Radar,26,124,195,0,345,7,0,216,0,223,33,124,411,0,568,116,0,116,684
09/10/2001,HPN,NY,AEA,EN,Combined TRACON& Tower with Radar,26,153,200,0,379,15,8,23,0,46,41,161,223,0,425,14,0,14,439
09/11/2001,HPN,NY,AEA,EN,Combined TRACON& Tower with Radar,4,25,34,0,63,3,4,33,0,40,7,29,67,0,103,0,0,0,103
09/12/2001,HPN,NY,AEA,EN,Combined TRACON& Tower with Radar,0,0,15,0,15,0,0,13,0,13,0,0,28,0,28,0,0,0,28
09/13/2001,HPN,NY,AEA,EN,Combined TRACON& Tower with Radar,2,51,23,0,76,0,49,0,0,49,2,100,23,0,125,0,0,0,125
09/14/2001,HPN,NY,AEA,EN,Combined TRACON& Tower with Radar,15,144,31,0,190,0,166,0,1,167,15,310,31,1,357,0,0,0,357
09/15/2001,HPN,NY,AEA,EN,Combined TRACON& Tower with Radar,22,155,174,0,351,0,31,0,6,37,22,186,174,6,388,0,0,0,388
09/16/2001,HPN,NY,AEA,EN,Combined TRACON& Tower with Radar,23,135,168,0,326,3,5,0,2,10,26,140,168,2,336,0,0,0,336
09/17/2001,HPN,NY,AEA,EN,Combined TRACON& Tower with Radar,24,141,174,0,339,1,11,0,0,12,25,152,174,0,351,0,0,0,351
09/18/2001,HPN,NY,AEA,EN,Combined TRACON& Tower with Radar,23,185,232,0,440,0,21,0,0,21,23,206,232,0,461,0,0,0,461
09/19/2001,HPN,NY,AEA,EN,Combined TRACON& Tower with Radar,33,198,251,0,482,1,6,0,0,7,34,204,251,0,489,0,0,0,489
09/20/2001,HPN,NY,AEA,EN,Combined TRACON& Tower with Radar,27,215,277,0,519,0,13,0,0,13,27,228,277,0,532,0,0,0,532
09/21/2001,HPN,NY,AEA,EN,Combined TRACON& Tower with Radar,28,252,341,0,621,0,0,32,0,32,28,252,373,0,653,0,0,0,653
09/22/2001,HPN,NY,AEA,EN,Combined TRACON& Tower with Radar,17,76,132,0,225,0,0,37,0,37,17,76,169,0,262,0,0,0,262
09/23/2001,HPN,NY,AEA,EN,Combined TRACON& Tower with Radar,25,173,274,0,472,0,0,70,0,70,25,173,344,0,542,0,0,0,542
09/24/2001,HPN,NY,AEA,EN,Combined TRACON& Tower with Radar,34,200,228,0,462,20,13,0,0,33,54,213,228,0,495,0,0,0,495
09/25/2001,HPN,NY,AEA,EN,Combined TRACON& Tower with Radar,35,228,300,0,563,0,0,9,0,9,35,228,309,0,572,0,0,0,572
09/26/2001,HPN,NY,AEA,EN,Combined TRACON& Tower with Radar,33,279,372,0,684,0,0,30,0,30,33,279,402,0,714,0,0,0,714
09/27/2001,HPN,NY,AEA,EN,Combined TRACON& Tower with Radar,39,221,320,0,580,0,0,41,0,41,39,221,361,0,621,0,0,0,621
09/28/2001,HPN,NY,AEA,EN,Combined TRACON& Tower with Radar,32,241,329,0,602,0,0,53,1,54,32,241,382,1,656,0,0,0,656
09/29/2001,HPN,NY,AEA,EN,Combined TRACON& Tower with Radar,22,101,167,0,290,2,0,61,0,63,24,101,228,0,353,86,0,86,439
09/30/2001,HPN,NY,AEA,EN,Combined TRACON& Tower with Radar,31,183,262,0,476,0,0,50,0,50,31,183,312,0,526,4,0,4,530
10/01/2001,HPN,NY,AEA,EN,Combined TRACON& Tower with Radar,35,238,326,0,599,0,0,60,0,60,35,238,386,0,659,12,0,12,671
10/02/2001,HPN,NY,AEA,EN,Combined TRACON& Tower with Radar,38,227,350,0,615,0,0,117,1,118,38,227,467,1,733,4,0,4,737
10/03/2001,HPN,NY,AEA,EN,Combined TRACON& Tower with Radar,41,285,368,0,694,0,0,51,0,51,41,285,419,0,745,0,0,0,745
10/04/2001,HPN,NY,AEA,EN,Combined TRACON& Tower with Radar,33,241,333,0,607,0,0,32,0,32,33,241,365,0,639,22,0,22,661
10/05/2001,HPN,NY,AEA,EN,Combined TRACON& Tower with Radar,42,245,311,0,598,12,62,12,0,86,54,307,323,0,684,0,0,0,684
10/06/2001,HPN,NY,AEA,EN,Combined TRACON& Tower with Radar,26,126,137,0,289,0,0,0,0,0,26,126,137,0,289,0,0,0,289
10/07/2001,HPN,NY,AEA,EN,Combined TRACON& Tower with Radar,19,113,145,0,277,9,37,106,0,152,28,150,251,0,429,14,0,14,443
10/08/2001,HPN,NY,AEA,EN,Combined TRACON& Tower with Radar,31,257,357,0,645,0,0,7,0,7,31,257,364,0,652,0,0,0,652
10/09/2001,HPN,NY,AEA,EN,Combined TRACON& Tower with Radar,30,223,312,0,565,0,0,67,0,67,30,223,379,0,632,0,0,0,632
10/10/2001,HPN,NY,AEA,EN,Combined TRACON& Tower with Radar,27,204,277,0,508,0,0,68,0,68,27,204,345,0,576,40,0,40,616
10/11/2001,HPN,NY,AEA,EN,Combined TRACON& Tower with Radar,36,210,282,0,528,2,0,82,0,84,38,210,364,0,612,12,0,12,624
10/12/2001,HPN,NY,AEA,EN,Combined TRACON& Tower with Radar,36,249,316,0,601,0,18,50,0,68,36,267,366,0,669,18,0,18,687
10/13/2001,HPN,NY,AEA,EN,Combined TRACON& Tower with Radar,24,115,191,0,330,3,0,33,0,36,27,115,224,0,366,34,0,34,400
10/14/2001,HPN,NY,AEA,EN,Combined TRACON& Tower with Radar,26,158,182,0,366,4,18,0,0,22,30,176,182,0,388,0,0,0,388
10/15/2001,HPN,NY,AEA,EN,Combined TRACON& Tower with Radar,32,221,280,0,533,0,23,18,0,41,32,244,298,0,574,36,0,36,610
10/16/2001,HPN,NY,AEA,EN,Combined TRACON& Tower with Radar,46,283,357,0,686,9,24,29,0,62,55,307,386,0,748,0,0,0,748
10/17/2001,HPN,NY,AEA,EN,Combined TRACON& Tower with Radar,31,191,240,1,463,4,17,11,3,35,35,208,251,4,498,0,0,0,498
10/18/2001,HPN,NY,AEA,EN,Combined TRACON& Tower with Radar,35,244,307,0,586,0,3,2,0,5,35,247,309,0,591,8,0,8,599
10/19/2001,HPN,NY,AEA,EN,Combined TRACON& Tower with Radar,39,236,297,0,572,1,5,55,0,61,40,241,352,0,633,8,0,8,641
10/20/2001,HPN,NY,AEA,EN,Combined TRACON& Tower with Radar,21,131,190,0,342,0,0,93,2,95,21,131,283,2,437,32,0,32,469
10/21/2001,HPN,NY,AEA,EN,Combined TRACON& Tower with Radar,33,195,258,0,486,1,0,67,0,68,34,195,325,0,554,18,0,18,572
10/22/2001,HPN,NY,AEA,EN,Combined TRACON& Tower with Radar,30,170,228,0,428,9,0,32,0,41,39,170,260,0,469,29,0,29,498
10/23/2001,HPN,NY,AEA,EN,Combined TRACON& Tower with Radar,30,185,232,0,447,5,19,7,0,31,35,204,239,0,478,20,0,20,498
10/24/2001,HPN,NY,AEA,EN,Combined TRACON& Tower with Radar,29,205,258,0,492,0,2,49,0,51,29,207,307,0,543,0,0,0,543
10/25/2001,HPN,NY,AEA,EN,Combined TRACON& Tower with Radar,29,176,216,0,421,5,29,0,0,34,34,205,216,0,455,12,0,12,467
10/26/2001,HPN,NY,AEA,EN,Combined TRACON& Tower with Radar,34,209,263,0,506,5,11,3,0,19,39,220,266,0,525,0,0,0,525
10/27/2001,HPN,NY,AEA,EN,Combined TRACON& Tower with Radar,17,103,134,0,254,12,0,20,0,32,29,103,154,0,286,78,0,78,364
10/28/2001,HPN,NY,AEA,EN,Combined TRACON& Tower with Radar,28,170,215,0,413,3,1,44,0,48,31,171,259,0,461,16,0,16,477
10/29/2001,HPN,NY,AEA,EN,Combined TRACON& Tower with Radar,31,189,244,0,464,6,0,36,0,42,37,189,280,0,506,8,0,8,514
10/30/2001,HPN,NY,AEA,EN,Combined TRACON& Tower with Radar,35,216,265,0,516,2,6,0,1,9,37,222,265,1,525,22,0,22,547
10/31/2001,HPN,NY,AEA,EN,Combined TRACON& Tower with Radar,33,202,256,0,491,4,5,32,0,41,37,207,288,0,532,34,0,34,566
11/01/2001,HPN,NY,AEA,EN,Combined TRACON& Tower with Radar,31,246,261,0,538,0,4,39,0,43,31,250,300,0,581,14,0,14,595
11/02/2001,HPN,NY,AEA,EN,Combined TRACON& Tower with Radar,26,225,249,0,500,0,0,55,0,55,26,225,304,0,555,0,0,0,555
11/03/2001,HPN,NY,AEA,EN,Combined TRACON& Tower with Radar,19,120,133,0,272,2,0,64,0,66,21,120,197,0,338,82,0,82,420
11/04/2001,HPN,NY,AEA,EN,Combined TRACON& Tower with Radar,27,176,203,0,406,0,0,111,0,111,27,176,314,0,517,50,0,50,567
11/05/2001,HPN,NY,AEA,EN,Combined TRACON& Tower with Radar,28,185,197,0,410,1,11,17,0,29,29,196,214,0,439,12,0,12,451
11/06/2001,HPN,NY,AEA,EN,Combined TRACON& Tower with Radar,30,195,208,0,433,1,31,4,0,36,31,226,212,0,469,0,0,0,469
11/07/2001,HPN,NY,AEA,EN,Combined TRACON& Tower with Radar,28,240,256,0,524,0,11,29,0,40,28,251,285,0,564,0,0,0,564
11/08/2001,HPN,NY,AEA,EN,Combined TRACON& Tower with Radar,29,217,244,0,490,0,0,65,0,65,29,217,309,0,555,32,0,32,587
11/09/2001,HPN,NY,AEA,EN,Combined TRACON& Tower with Radar,29,232,242,0,503,0,34,0,0,34,29,266,242,0,537,32,0,32,569
11/10/2001,HPN,NY,AEA,EN,Combined TRACON& Tower with Radar,19,104,132,0,255,2,0,111,0,113,21,104,243,0,368,20,0,20,388
11/11/2001,HPN,NY,AEA,EN,Combined TRACON& Tower with Radar,26,165,181,0,372,2,0,40,0,42,28,165,221,0,414,0,0,0,414
11/12/2001,HPN,NY,AEA,EN,Combined TRACON& Tower with Radar,22,150,158,0,330,8,4,28,0,40,30,154,186,0,370,18,0,18,388
11/13/2001,HPN,NY,AEA,EN,Combined TRACON& Tower with Radar,31,210,226,0,467,1,0,63,0,64,32,210,289,0,531,12,0,12,543
11/14/2001,HPN,NY,AEA,EN,Combined TRACON& Tower with Radar,26,227,244,0,497,0,0,61,0,61,26,227,305,0,558,0,0,0,558
11/15/2001,HPN,NY,AEA,EN,Combined TRACON& Tower with Radar,26,210,227,0,463,0,0,82,0,82,26,210,309,0,545,110,0,110,655
11/16/2001,HPN,NY,AEA,EN,Combined TRACON& Tower with Radar,35,233,250,0,518,6,0,71,0,77,41,233,321,0,595,22,0,22,617
11/17/2001,HPN,NY,AEA,EN,Combined TRACON& Tower with Radar,20,114,148,0,282,5,0,106,0,111,25,114,254,0,393,148,0,148,541
11/18/2001,HPN,NY,AEA,EN,Combined TRACON& Tower with Radar,23,137,162,0,322,5,0,150,0,155,28,137,312,0,477,60,0,60,537
11/19/2001,HPN,NY,AEA,EN,Combined TRACON& Tower with Radar,26,167,188,0,381,10,0,33,0,43,36,167,221,0,424,12,0,12,436
11/20/2001,HPN,NY,AEA,EN,Combined TRACON& Tower with Radar,32,256,271,0,559,0,40,7,0,47,32,296,278,0,606,0,0,0,606
11/21/2001,HPN,NY,AEA,EN,Combined TRACON& Tower with Radar,31,267,283,0,581,0,0,63,0,63,31,267,346,0,644,26,0,26,670
11/22/2001,HPN,NY,AEA,EN,Combined TRACON& Tower with Radar,13,87,79,0,179,12,10,0,0,22,25,97,79,0,201,6,0,6,207
11/23/2001,HPN,NY,AEA,EN,Combined TRACON& Tower with Radar,17,79,121,0,217,1,0,105,0,106,18,79,226,0,323,8,0,8,331
11/24/2001,HPN,NY,AEA,EN,Combined TRACON& Tower with Radar,17,116,110,0,243,2,12,0,0,14,19,128,110,0,257,0,0,0,257
11/25/2001,HPN,NY,AEA,EN,Combined TRACON& Tower with Radar,29,227,240,0,496,0,4,21,0,25,29,231,261,0,521,0,0,0,521
11/26/2001,HPN,NY,AEA,EN,Combined TRACON& Tower with Radar,32,223,236,0,491,0,8,74,0,82,32,231,310,0,573,50,0,50,623
11/27/2001,HPN,NY,AEA,EN,Combined TRACON& Tower with Radar,29,201,214,0,444,1,2,69,0,72,30,203,283,0,516,24,0,24,540
11/28/2001,HPN,NY,AEA,EN,Combined TRACON& Tower with Radar,30,185,218,0,433,1,0,62,0,63,31,185,280,0,496,10,0,10,506
11/29/2001,HPN,NY,AEA,EN,Combined TRACON& Tower with Radar,22,151,140,0,313,6,14,0,0,20,28,165,140,0,333,0,0,0,333
11/30/2001,HPN,NY,AEA,EN,Combined TRACON& Tower with Radar,21,142,149,0,312,3,8,0,0,11,24,150,149,0,323,0,0,0,323
12/01/2001,HPN,NY,AEA,EN,Combined TRACON& Tower with Radar,24,127,153,0,304,0,0,140,0,140,24,127,293,0,444,119,0,119,563
12/02/2001,HPN,NY,AEA,EN,Combined TRACON& Tower with Radar,28,167,188,0,383,0,0,172,0,172,28,167,360,0,555,68,0,68,623
12/03/2001,HPN,NY,AEA,EN,Combined TRACON& Tower with Radar,35,161,190,0,386,1,0,42,0,43,36,161,232,0,429,8,0,8,437
12/04/2001,HPN,NY,AEA,EN,Combined TRACON& Tower with Radar,32,199,188,0,419,0,0,131,0,131,32,199,319,0,550,28,0,28,578
12/05/2001,HPN,NY,AEA,EN,Combined TRACON& Tower with Radar,30,197,190,0,417,0,0,149,0,149,30,197,339,0,566,30,0,30,596
12/06/2001,HPN,NY,AEA,EN,Combined TRACON& Tower with Radar,29,205,191,1,426,0,8,104,2,114,29,213,295,3,540,28,0,28,568
12/07/2001,HPN,NY,AEA,EN,Combined TRACON& Tower with Radar,29,234,218,0,481,0,100,24,0,124,29,334,242,0,605,54,0,54,659
12/08/2001,HPN,NY,AEA,EN,Combined TRACON& Tower with Radar,19,105,109,0,233,0,0,116,0,116,19,105,225,0,349,126,0,126,475
12/09/2001,HPN,NY,AEA,EN,Combined TRACON& Tower with Radar,27,165,154,0,346,2,13,42,0,57,29,178,196,0,403,160,0,160,563
12/10/2001,HPN,NY,AEA,EN,Combined TRACON& Tower with Radar,27,178,167,0,372,0,0,110,0,110,27,178,277,0,482,70,0,70,552
12/11/2001,HPN,NY,AEA,EN,Combined TRACON& Tower with Radar,29,166,163,0,358,3,0,107,0,110,32,166,270,0,468,26,0,26,494
12/12/2001,HPN,NY,AEA,EN,Combined TRACON& Tower with Radar,31,190,184,1,406,0,0,82,1,83,31,190,266,2,489,0,0,0,489
12/13/2001,HPN,NY,AEA,EN,Combined TRACON& Tower with Radar,24,158,134,0,316,0,16,0,0,16,24,174,134,0,332,0,0,0,332
12/14/2001,HPN,NY,AEA,EN,Combined TRACON& Tower with Radar,24,175,163,0,362,0,6,3,0,9,24,181,166,0,371,32,0,32,403
12/15/2001,HPN,NY,AEA,EN,Combined TRACON& Tower with Radar,17,88,100,0,205,0,0,93,2,95,17,88,193,2,300,68,0,68,368
12/16/2001,HPN,NY,AEA,EN,Combined TRACON& Tower with Radar,23,112,129,0,264,4,0,25,0,29,27,112,154,0,293,106,0,106,399
12/17/2001,HPN,NY,AEA,EN,Combined TRACON& Tower with Radar,27,166,153,0,346,6,6,36,0,48,33,172,189,0,394,58,0,58,452
12/18/2001,HPN,NY,AEA,EN,Combined TRACON& Tower with Radar,27,161,142,0,330,2,35,0,0,37,29,196,142,0,367,6,0,6,373
12/19/2001,HPN,NY,AEA,EN,Combined TRACON& Tower with Radar,38,203,212,0,453,1,0,141,0,142,39,203,353,0,595,26,0,26,621
12/20/2001,HPN,NY,AEA,EN,Combined TRACON& Tower with Radar,38,229,217,0,484,0,0,77,0,77,38,229,294,0,561,50,0,50,611
12/21/2001,HPN,NY,AEA,EN,Combined TRACON& Tower with Radar,33,202,187,0,422,3,27,59,0,89,36,229,246,0,511,0,0,0,511
12/22/2001,HPN,NY,AEA,EN,Combined TRACON& Tower with Radar,16,139,128,0,283,0,14,162,0,176,16,153,290,0,459,56,0,56,515
12/23/2001,HPN,NY,AEA,EN,Combined TRACON& Tower with Radar,19,120,110,0,249,4,4,149,0,157,23,124,259,0,406,98,0,98,504
12/24/2001,HPN,NY,AEA,EN,Combined TRACON& Tower with Radar,14,89,80,0,183,6,18,0,0,24,20,107,80,0,207,14,0,14,221
12/25/2001,HPN,NY,AEA,EN,Combined TRACON& Tower with Radar,14,84,60,0,158,8,28,0,0,36,22,112,60,0,194,20,0,20,214
12/26/2001,HPN,NY,AEA,EN,Combined TRACON& Tower with Radar,29,215,198,0,442,0,28,86,0,114,29,243,284,0,556,44,0,44,600
12/27/2001,HPN,NY,AEA,EN,Combined TRACON& Tower with Radar,26,153,101,0,280,9,33,0,0,42,35,186,101,0,322,80,0,80,402
12/28/2001,HPN,NY,AEA,EN,Combined TRACON& Tower with Radar,23,135,125,0,283,6,11,60,0,77,29,146,185,0,360,34,0,34,394
12/29/2001,HPN,NY,AEA,EN,Combined TRACON& Tower with Radar,15,94,89,0,198,2,0,80,0,82,17,94,169,0,280,72,0,72,352
12/30/2001,HPN,NY,AEA,EN,Combined TRACON& Tower with Radar,20,122,112,0,254,2,4,54,0,60,22,126,166,0,314,30,0,30,344
12/31/2001,HPN,NY,AEA,EN,Combined TRACON& Tower with Radar,15,95,88,0,198,4,0,86,0,90,19,95,174,0,288,64,0,64,352
01/01/2002,HPN,NY,AEA,EN,Combined TRACON& Tower with Radar,29,168,144,0,341,0,16,25,0,41,29,184,169,0,382,4,0,4,386
01/02/2002,HPN,NY,AEA,EN,Combined TRACON& Tower with Radar,29,168,144,0,341,0,18,79,0,97,29,186,223,0,438,22,0,22,460
01/03/2002,HPN,NY,AEA,EN,Combined TRACON& Tower with Radar,25,142,122,0,289,4,17,68,0,89,29,159,190,0,378,30,0,30,408
01/04/2002,HPN,NY,AEA,EN,Combined TRACON& Tower with Radar,28,169,145,0,342,0,27,107,0,134,28,196,252,0,476,76,0,76,552
01/05/2002,HPN,NY,AEA,EN,Combined TRACON& Tower with Radar,15,144,127,0,286,0,0,225,0,225,15,144,352,0,511,128,0,128,639
01/06/2002,HPN,NY,AEA,EN,Combined TRACON& Tower with Radar,26,143,144,0,313,0,0,89,0,89,26,143,233,0,402,70,0,70,472
01/07/2002,HPN,NY,AEA,EN,Combined TRACON& Tower with Radar,23,127,82,0,232,6,25,0,0,31,29,152,82,0,263,0,0,0,263
01/08/2002,HPN,NY,AEA,EN,Combined TRACON& Tower with Radar,33,186,166,0,385,3,0,85,0,88,36,186,251,0,473,50,0,50,523
01/09/2002,HPN,NY,AEA,EN,Combined TRACON& Tower with Radar,30,178,153,0,361,5,5,40,0,50,35,183,193,0,411,0,0,0,411
01/10/2002,HPN,NY,AEA,EN,Combined TRACON& Tower with Radar,30,166,157,1,354,0,0,133,1,134,30,166,290,2,488,26,0,26,514
01/11/2002,HPN,NY,AEA,EN,Combined TRACON& Tower with Radar,29,195,166,1,391,0,7,38,1,46,29,202,204,2,437,48,0,48,485
01/12/2002,HPN,NY,AEA,EN,Combined TRACON& Tower with Radar,19,123,123,0,265,0,0,217,0,217,19,123,340,0,482,120,0,120,602
01/13/2002,HPN,NY,AEA,EN,Combined TRACON& Tower with Radar,15,121,104,0,240,0,23,14,0,37,15,144,118,0,277,0,0,0,277
01/14/2002,HPN,NY,AEA,EN,Combined TRACON& Tower with Radar,30,171,150,0,351,5,0,120,0,125,35,171,270,0,476,34,0,34,510
01/15/2002,HPN,NY,AEA,EN,Combined TRACON& Tower with Radar,27,158,136,0,321,0,12,43,0,55,27,170,179,0,376,44,0,44,420
01/16/2002,HPN,NY,AEA,EN,Combined TRACON& Tower with Radar,26,187,164,0,377,0,0,6,0,6,26,187,170,0,383,179,0,179,562
01/17/2002,HPN,NY,AEA,EN,Combined TRACON& Tower with Radar,33,201,173,0,407,0,1,50,0,51,33,202,223,0,458,0,0,0,458
01/18/2002,HPN,NY,AEA,EN,Combined TRACON& Tower with Radar,33,245,208,0,486,0,0,101,0,101,33,245,309,0,587,36,0,36,623
01/19/2002,HPN,NY,AEA,EN,Combined TRACON& Tower with Radar,12,73,40,0,125,7,15,0,0,22,19,88,40,0,147,113,0,113,260
01/20/2002,HPN,NY,AEA,EN,Combined TRACON& Tower with Radar,19,104,95,0,218,6,0,101,0,107,25,104,196,0,325,112,0,112,437
01/21/2002,HPN,NY,AEA,EN,Combined TRACON& Tower with Radar,31,185,157,0,373,0,8,17,0,25,31,193,174,0,398,30,0,30,428
01/22/2002,HPN,NY,AEA,EN,Combined TRACON& Tower with Radar,30,179,152,0,361,3,0,153,0,156,33,179,305,0,517,60,0,60,577
01/23/2002,HPN,NY,AEA,EN,Combined TRACON& Tower with Radar,37,201,183,0,421,5,0,48,0,53,42,201,231,0,474,0,0,0,474
01/24/2002,HPN,NY,AEA,EN,Combined TRACON& Tower with Radar,28,165,139,0,332,6,3,0,0,9,34,168,139,0,341,0,0,0,341
01/25/2002,HPN,NY,AEA,EN,Combined TRACON& Tower with Radar,34,199,180,0,413,0,0,127,0,127,34,199,307,0,540,52,0,52,592
01/26/2002,HPN,NY,AEA,EN,Combined TRACON& Tower with Radar,18,109,91,0,218,3,3,225,0,231,21,112,316,0,449,146,0,146,595
01/27/2002,HPN,NY,AEA,EN,Combined TRACON& Tower with Radar,26,138,152,0,316,0,0,258,0,258,26,138,410,0,574,60,0,60,634
01/28/2002,HPN,NY,AEA,EN,Combined TRACON& Tower with Radar,30,172,157,0,359,0,0,16,1,17,30,172,173,1,376,143,0,143,519
01/29/2002,HPN,NY,AEA,EN,Combined TRACON& Tower with Radar,34,186,172,0,392,5,0,88,0,93,39,186,260,0,485,72,0,72,557
01/30/2002,HPN,NY,AEA,EN,Combined TRACON& Tower with Radar,31,178,160,0,369,2,0,80,0,82,33,178,240,0,451,68,0,68,519
01/31/2002,HPN,NY,AEA,EN,Combined TRACON& Tower with Radar,24,169,133,0,326,0,21,0,0,21,24,190,133,0,347,22,0,22,369
02/01/2002,HPN,NY,AEA,EN,Combined TRACON& Tower with Radar,29,167,138,0,334,6,15,0,0,21,35,182,138,0,355,0,0,0,355
02/02/2002,HPN,NY,AEA,EN,Combined TRACON& Tower with Radar,16,86,83,0,185,6,0,68,0,74,22,86,151,0,259,34,0,34,293
02/03/2002,HPN,NY,AEA,EN,Combined TRACON& Tower with Radar,23,132,129,0,284,0,0,166,0,166,23,132,295,0,450,102,0,102,552
02/04/2002,HPN,NY,AEA,EN,Combined TRACON& Tower with Radar,31,183,170,0,384,3,0,71,2,76,34,183,241,2,460,94,0,94,554
02/05/2002,HPN,NY,AEA,EN,Combined TRACON& Tower with Radar,33,188,174,0,395,6,3,62,0,71,39,191,236,0,466,8,0,8,474
02/06/2002,HPN,NY,AEA,EN,Combined TRACON& Tower with Radar,34,187,184,0,405,3,0,143,0,146,37,187,327,0,551,66,0,66,617
02/07/2002,HPN,NY,AEA,EN,Combined TRACON& Tower with Radar,30,196,186,0,412,0,0,58,0,58,30,196,244,0,470,0,0,0,470
02/08/2002,HPN,NY,AEA,EN,Combined TRACON& Tower with Radar,30,196,198,0,424,0,0,174,0,174,30,196,372,0,598,98,0,98,696
02/09/2002,HPN,NY,AEA,EN,Combined TRACON& Tower with Radar,13,68,86,0,167,0,0,228,0,228,13,68,314,0,395,168,0,168,563
02/10/2002,HPN,NY,AEA,EN,Combined TRACON& Tower with Radar,23,157,150,0,330,0,0,41,0,41,23,157,191,0,371,38,0,38,409
02/11/2002,HPN,NY,AEA,EN,Combined TRACON& Tower with Radar,20,121,104,1,246,5,0,0,1,6,25,121,104,2,252,258,0,258,510
02/12/2002,HPN,NY,AEA,EN,Combined TRACON& Tower with Radar,29,175,162,0,366,2,22,76,0,100,31,197,238,0,466,0,0,0,466
02/13/2002,HPN,NY,AEA,EN,Combined TRACON& Tower with Radar,28,170,157,0,355,6,14,59,0,79,34,184,216,0,434,16,0,16,450
02/14/2002,HPN,NY,AEA,EN,Combined TRACON& Tower with Radar,31,230,213,0,474,0,11,162,0,173,31,241,375,0,647,30,0,30,677
02/15/2002,HPN,NY,AEA,EN,Combined TRACON& Tower with Radar,33,248,230,0,511,0,30,130,0,160,33,278,360,0,671,0,0,0,671
02/16/2002,HPN,NY,AEA,EN,Combined TRACON& Tower with Radar,19,118,109,0,246,0,0,135,0,135,19,118,244,0,381,32,0,32,413
02/17/2002,HPN,NY,AEA,EN,Combined TRACON& Tower with Radar,15,94,85,0,194,4,7,12,0,23,19,101,97,0,217,8,0,8,225
02/18/2002,HPN,NY,AEA,EN,Combined TRACON& Tower with Radar,34,244,225,0,503,0,0,122,0,122,34,244,347,0,625,14,0,14,639
02/19/2002,HPN,NY,AEA,EN,Combined TRACON& Tower with Radar,34,199,190,0,423,2,0,156,0,158,36,199,346,0,581,6,0,6,587
02/20/2002,HPN,NY,AEA,EN,Combined TRACON& Tower with Radar,32,195,178,0,405,3,10,89,0,102,35,205,267,0,507,52,0,52,559
02/21/2002,HPN,NY,AEA,EN,Combined TRACON& Tower with Radar,29,176,154,0,359,2,4,0,0,6,31,180,154,0,365,56,0,56,421
02/22/2002,HPN,NY,AEA,EN,Combined TRACON& Tower with Radar,27,168,159,0,354,0,0,107,0,107,27,168,266,0,461,36,0,36,497
02/23/2002,HPN,NY,AEA,EN,Combined TRACON& Tower with Radar,17,130,138,0,285,0,0,180,0,180,17,130,318,0,465,88,0,88,553
02/24/2002,HPN,NY,AEA,EN,Combined TRACON& Tower with Radar,27,186,202,0,415,0,0,241,0,241,27,186,443,0,656,90,0,90,746
02/25/2002,HPN,NY,AEA,EN,Combined TRACON& Tower with Radar,31,188,172,0,391,10,4,113,0,127,41,192,285,0,518,26,0,26,544
02/26/2002,HPN,NY,AEA,EN,Combined TRACON& Tower with Radar,28,173,158,0,359,0,1,85,0,86,28,174,243,0,445,30,0,30,475
02/27/2002,HPN,NY,AEA,EN,Combined TRACON& Tower with Radar,29,175,161,0,365,4,21,22,0,47,33,196,183,0,412,0,0,0,412
02/28/2002,HPN,NY,AEA,EN,Combined TRACON& Tower with Radar,28,188,174,0,390,0,9,91,0,100,28,197,265,0,490,16,0,16,506
03/01/2002,HPN,NY,AEA,EN,Combined TRACON& Tower with Radar,31,196,179,0,406,0,0,160,2,162,31,196,339,2,568,10,0,10,578
03/02/2002,HPN,NY,AEA,EN,Combined TRACON& Tower with Radar,19,84,101,0,204,0,0,125,2,127,19,84,226,2,331,86,0,86,417
03/03/2002,HPN,NY,AEA,EN,Combined TRACON& Tower with Radar,20,133,107,0,260,0,18,0,0,18,20,151,107,0,278,0,0,0,278
03/04/2002,HPN,NY,AEA,EN,Combined TRACON& Tower with Radar,30,178,160,0,368,1,13,89,0,103,31,191,249,0,471,43,0,43,514
03/05/2002,HPN,NY,AEA,EN,Combined TRACON& Tower with Radar,32,176,169,0,377,1,0,6,5,12,33,176,175,5,389,187,0,187,576
03/06/2002,HPN,NY,AEA,EN,Combined TRACON& Tower with Radar,28,198,179,0,405,0,3,143,0,146,28,201,322,0,551,50,0,50,601
03/07/2002,HPN,NY,AEA,EN,Combined TRACON& Tower with Radar,33,191,179,0,403,5,0,2,0,7,38,191,181,0,410,198,0,198,608
03/08/2002,HPN,NY,AEA,EN,Combined TRACON& Tower with Radar,34,190,188,1,413,1,0,59,1,61,35,190,247,2,474,4,0,4,478
03/09/2002,HPN,NY,AEA,EN,Combined TRACON& Tower with Radar,11,93,89,0,193,0,0,120,0,120,11,93,209,0,313,80,0,80,393
03/10/2002,HPN,NY,AEA,EN,Combined TRACON& Tower with Radar,25,152,147,0,324,0,0,49,0,49,25,152,196,0,373,24,0,24,397
03/11/2002,HPN,NY,AEA,EN,Combined TRACON& Tower with Radar,30,184,167,0,381,1,3,149,0,153,31,187,316,0,534,64,0,64,598
03/12/2002,HPN,NY,AEA,EN,Combined TRACON& Tower with Radar,31,185,167,0,383,1,19,67,0,87,32,204,234,0,470,16,0,16,486
03/13/2002,HPN,NY,AEA,EN,Combined TRACON& Tower with Radar,31,192,174,0,397,0,0,9,0,9,31,192,183,0,406,10,0,10,416
03/14/2002,HPN,NY,AEA,EN,Combined TRACON& Tower with Radar,31,215,194,0,440,0,5,214,0,219,31,220,408,0,659,112,0,112,771
03/15/2002,HPN,NY,AEA,EN,Combined TRACON& Tower with Radar,39,266,241,0,546,0,8,11,0,19,39,274,252,0,565,0,0,0,565
03/16/2002,HPN,NY,AEA,EN,Combined TRACON& Tower with Radar,17,128,130,0,275,0,0,56,0,56,17,128,186,0,331,22,0,22,353
03/17/2002,HPN,NY,AEA,EN,Combined TRACON& Tower with Radar,22,147,147,0,316,0,0,169,0,169,22,147,316,0,485,58,0,58,543
03/18/2002,HPN,NY,AEA,EN,Combined TRACON& Tower with Radar,24,148,106,0,278,3,25,0,0,28,27,173,106,0,306,0,0,0,306
03/19/2002,HPN,NY,AEA,EN,Combined TRACON& Tower with Radar,27,162,151,0,340,6,0,77,0,83,33,162,228,0,423,44,0,44,467
03/20/2002,HPN,NY,AEA,EN,Combined TRACON& Tower with Radar,29,177,142,0,348,7,12,0,0,19,36,189,142,0,367,0,0,0,367
03/21/2002,HPN,NY,AEA,EN,Combined TRACON& Tower with Radar,35,209,188,0,432,3,6,130,0,139,38,215,318,0,571,56,0,56,627
03/22/2002,HPN,NY,AEA,EN,Combined TRACON& Tower with Radar,32,200,179,0,411,0,14,50,0,64,32,214,229,0,475,10,0,10,485
03/23/2002,HPN,NY,AEA,EN,Combined TRACON& Tower with Radar,17,147,143,0,307,0,0,139,0,139,17,147,282,0,446,16,0,16,462
03/24/2002,HPN,NY,AEA,EN,Combined TRACON& Tower with Radar,19,142,127,0,288,0,10,184,0,194,19,152,311,0,482,80,0,80,562
03/25/2002,HPN,NY,AEA,EN,Combined TRACON& Tower with Radar,29,170,161,0,360,7,0,76,0,83,36,170,237,0,443,74,0,74,517
03/26/2002,HPN,NY,AEA,EN,Combined TRACON& Tower with Radar,25,150,105,0,280,9,28,0,0,37,34,178,105,0,317,0,0,0,317
03/27/2002,HPN,NY,AEA,EN,Combined TRACON& Tower with Radar,33,187,179,0,399,0,0,133,1,134,33,187,312,1,533,54,0,54,587
03/28/2002,HPN,NY,AEA,EN,Combined TRACON& Tower with Radar,35,208,186,0,429,3,5,184,2,194,38,213,370,2,623,96,0,96,719
03/29/2002,HPN,NY,AEA,EN,Combined TRACON& Tower with Radar,32,191,171,0,394,0,2,163,0,165,32,193,334,0,559,72,0,72,631
03/30/2002,HPN,NY,AEA,EN,Combined TRACON& Tower with Radar,24,131,139,0,294,0,0,26,0,26,24,131,165,0,320,253,0,253,573
03/31/2002,HPN,NY,AEA,EN,Combined TRACON& Tower with Radar,29,181,162,0,372,3,5,57,0,65,32,186,219,0,437,49,0,49,486
04/01/2002,HPN,NY,AEA,EN,Combined TRACON& Tower with Radar,36,210,212,0,458,0,33,20,0,53,36,243,232,0,511,4,0,4,515
04/02/2002,HPN,NY,AEA,EN,Combined TRACON& Tower with Radar,33,170,179,0,382,1,0,133,0,134,34,170,312,0,516,34,0,34,550
04/03/2002,HPN,NY,AEA,EN,Combined TRACON& Tower with Radar,32,174,177,0,383,2,15,48,0,65,34,189,225,0,448,28,0,28,476
04/04/2002,HPN,NY,AEA,EN,Combined TRACON& Tower with Radar,31,203,209,0,443,0,0,129,0,129,31,203,338,0,572,24,0,24,596
04/05/2002,HPN,NY,AEA,EN,Combined TRACON& Tower with Radar,31,194,197,0,422,0,1,159,0,160,31,195,356,0,582,12,0,12,594
04/06/2002,HPN,NY,AEA,EN,Combined TRACON& Tower with Radar,18,77,101,0,196,2,0,144,0,146,20,77,245,0,342,50,0,50,392
04/07/2002,HPN,NY,AEA,EN,Combined TRACON& Tower with Radar,29,148,166,0,343,3,0,219,0,222,32,148,385,0,565,126,0,126,691
04/08/2002,HPN,NY,AEA,EN,Combined TRACON& Tower with Radar,32,177,179,0,388,4,9,112,0,125,36,186,291,0,513,80,0,80,593
04/09/2002,HPN,NY,AEA,EN,Combined TRACON& Tower with Radar,30,169,172,1,372,1,30,50,3,84,31,199,222,4,456,36,0,36,492
04/10/2002,HPN,NY,AEA,EN,Combined TRACON& Tower with Radar,31,193,201,0,425,0,0,145,0,145,31,193,346,0,570,52,0,52,622
04/11/2002,HPN,NY,AEA,EN,Combined TRACON& Tower with Radar,32,195,215,0,442,0,0,174,0,174,32,195,389,0,616,12,0,12,628
04/12/2002,HPN,NY,AEA,EN,Combined TRACON& Tower with Radar,34,222,233,0,489,0,0,51,0,51,34,222,284,0,540,0,0,0,540
04/13/2002,HPN,NY,AEA,EN,Combined TRACON& Tower with Radar,22,101,127,0,250,4,0,67,0,71,26,101,194,0,321,96,0,96,417
04/14/2002,HPN,NY,AEA,EN,Combined TRACON& Tower with Radar,25,147,157,0,329,0,0,186,0,186,25,147,343,0,515,74,0,74,589
04/15/2002,HPN,NY,AEA,EN,Combined TRACON& Tower with Radar,33,166,192,1,392,5,0,101,1,107,38,166,293,2,499,28,0,28,527
04/16/2002,HPN,NY,AEA,EN,Combined TRACON& Tower with Radar,28,150,161,0,339,7,0,165,0,172,35,150,326,0,511,80,0,80,591
04/17/2002,HPN,NY,AEA,EN,Combined TRACON& Tower with Radar,31,172,172,0,375,2,6,160,0,168,33,178,332,0,543,56,0,56,599
04/18/2002,HPN,NY,AEA,EN,Combined TRACON& Tower with Radar,27,177,178,0,382,0,21,156,0,177,27,198,334,0,559,0,0,0,559
04/19/2002,HPN,NY,AEA,EN,Combined TRACON& Tower with Radar,31,184,185,0,400,0,10,131,0,141,31,194,316,0,541,74,0,74,615
04/20/2002,HPN,NY,AEA,EN,Combined TRACON& Tower with Radar,16,86,94,0,196,7,0,146,0,153,23,86,240,0,349,102,0,102,451
04/21/2002,HPN,NY,AEA,EN,Combined TRACON& Tower with Radar,21,144,145,0,310,0,1,139,5,145,21,145,284,5,455,70,0,70,525
04/22/2002,HPN,NY,AEA,EN,Combined TRACON& Tower with Radar,28,182,183,0,393,0,24,1,0,25,28,206,184,0,418,0,0,0,418
04/23/2002,HPN,NY,AEA,EN,Combined TRACON& Tower with Radar,37,192,206,0,435,13,0,101,0,114,50,192,307,0,549,60,0,60,609
04/24/2002,HPN,NY,AEA,EN,Combined TRACON& Tower with Radar,33,195,202,0,430,0,0,234,0,234,33,195,436,0,664,74,0,74,738
04/25/2002,HPN,NY,AEA,EN,Combined TRACON& Tower with Radar,35,198,199,0,432,6,24,26,0,56,41,222,225,0,488,16,0,16,504
04/26/2002,HPN,NY,AEA,EN,Combined TRACON& Tower with Radar,33,211,212,0,456,0,8,154,0,162,33,219,366,0,618,8,0,8,626
04/27/2002,HPN,NY,AEA,EN,Combined TRACON& Tower with Radar,17,91,97,0,205,1,0,214,0,215,18,91,311,0,420,68,0,68,488
04/28/2002,HPN,NY,AEA,EN,Combined TRACON& Tower with Radar,21,116,117,0,254,1,0,1,0,2,22,116,118,0,256,0,0,0,256
04/29/2002,HPN,NY,AEA,EN,Combined TRACON& Tower with Radar,32,182,183,0,397,0,1,58,0,59,32,183,241,0,456,0,0,0,456
04/30/2002,HPN,NY,AEA,EN,Combined TRACON& Tower with Radar,33,176,190,0,399,0,0,108,0,108,33,176,298,0,507,44,0,44,551
05/01/2002,HPN,NY,AEA,EN,Combined TRACON& Tower with Radar,36,204,215,0,455,3,6,168,2,179,39,210,383,2,634,56,0,56,690
05/02/2002,HPN,NY,AEA,EN,Combined TRACON& Tower with Radar,25,137,133,0,295,12,10,0,0,22,37,147,133,0,317,2,0,2,319
05/03/2002,HPN,NY,AEA,EN,Combined TRACON& Tower with Radar,29,179,188,0,396,0,39,45,0,84,29,218,233,0,480,8,0,8,488
05/04/2002,HPN,NY,AEA,EN,Combined TRACON& Tower with Radar,21,104,121,0,246,4,0,266,0,270,25,104,387,0,516,102,0,102,618
05/05/2002,HPN,NY,AEA,EN,Combined TRACON& Tower with Radar,25,166,180,0,371,0,0,239,0,239,25,166,419,0,610,72,0,72,682
05/06/2002,HPN,NY,AEA,EN,Combined TRACON& Tower with Radar,33,173,197,0,403,3,0,128,0,131,36,173,325,0,534,54,0,54,588
05/07/2002,HPN,NY,AEA,EN,Combined TRACON& Tower with Radar,35,217,223,0,475,0,8,0,0,8,35,225,223,0,483,145,0,145,628
05/08/2002,HPN,NY,AEA,EN,Combined TRACON& Tower with Radar,37,216,227,0,480,0,23,211,0,234,37,239,438,0,714,102,0,102,816
05/09/2002,HPN,NY,AEA,EN,Combined TRACON& Tower with Radar,34,195,208,0,437,4,0,49,0,53,38,195,257,0,490,10,0,10,500
05/10/2002,HPN,NY,AEA,EN,Combined TRACON& Tower with Radar,30,1,199,0,230,0,0,212,0,212,30,1,411,0,442,56,0,56,498
05/11/2002,HPN,NY,AEA,EN,Combined TRACON& Tower with Radar,24,115,146,1,286,2,0,231,0,233,26,115,377,1,519,58,0,58,577
05/12/2002,HPN,NY,AEA,EN,Combined TRACON& Tower with Radar,21,121,127,0,269,4,7,5,0,16,25,128,132,0,285,36,0,36,321
05/13/2002,HPN,NY,AEA,EN,Combined TRACON& Tower with Radar,28,162,148,0,338,8,16,0,0,24,36,178,148,0,362,0,0,0,362
05/14/2002,HPN,NY,AEA,EN,Combined TRACON& Tower with Radar,31,182,191,0,404,2,24,50,0,76,33,206,241,0,480,0,0,0,480
05/15/2002,HPN,NY,AEA,EN,Combined TRACON& Tower with Radar,25,201,208,0,434,0,25,127,0,152,25,226,335,0,586,28,0,28,614
05/16/2002,HPN,NY,AEA,EN,Combined TRACON& Tower with Radar,29,201,209,0,439,0,5,0,0,5,29,206,209,0,444,268,0,268,712
05/17/2002,HPN,NY,AEA,EN,Combined TRACON& Tower with Radar,34,208,226,1,469,0,0,165,3,168,34,208,391,4,637,18,0,18,655
05/18/2002,HPN,NY,AEA,EN,Combined TRACON& Tower with Radar,18,108,114,0,240,15,0,19,0,34,33,108,133,0,274,4,0,4,278
05/19/2002,HPN,NY,AEA,EN,Combined TRACON& Tower with Radar,30,163,196,0,389,0,0,29,0,29,30,163,225,0,418,303,0,303,721
05/20/2002,HPN,NY,AEA,EN,Combined TRACON& Tower with Radar,31,178,185,0,394,1,2,186,0,189,32,180,371,0,583,48,0,48,631
05/21/2002,HPN,NY,AEA,EN,Combined TRACON& Tower with Radar,32,189,197,0,418,0,25,149,2,176,32,214,346,2,594,18,0,18,612
05/22/2002,HPN,NY,AEA,EN,Combined TRACON& Tower with Radar,28,201,203,0,432,0,5,0,0,5,28,206,203,0,437,82,0,82,519
05/23/2002,HPN,NY,AEA,EN,Combined TRACON& Tower with Radar,29,247,257,0,533,0,3,13,0,16,29,250,270,0,549,34,0,34,583
05/24/2002,HPN,NY,AEA,EN,Combined TRACON& Tower with Radar,36,245,276,0,557,0,0,227,0,227,36,245,503,0,784,52,0,52,836
05/25/2002,HPN,NY,AEA,EN,Combined TRACON& Tower with Radar,16,82,100,0,198,4,0,243,0,247,20,82,343,0,445,155,0,155,600
05/26/2002,HPN,NY,AEA,EN,Combined TRACON& Tower with Radar,17,100,105,0,222,0,0,9,0,9,17,100,114,0,231,0,0,0,231
05/27/2002,HPN,NY,AEA,EN,Combined TRACON& Tower with Radar,28,191,219,0,438,0,0,101,0,101,28,191,320,0,539,50,0,50,589
05/28/2002,HPN,NY,AEA,EN,Combined TRACON& Tower with Radar,30,171,184,0,385,0,0,69,0,69,30,171,253,0,454,26,0,26,480
05/29/2002,HPN,NY,AEA,EN,Combined TRACON& Tower with Radar,34,170,204,0,408,6,0,69,0,75,40,170,273,0,483,10,0,10,493
05/30/2002,HPN,NY,AEA,EN,Combined TRACON& Tower with Radar,31,172,191,0,394,0,0,10,0,10,31,172,201,0,404,122,0,122,526
05/31/2002,HPN,NY,AEA,EN,Combined TRACON& Tower with Radar,31,169,191,0,391,2,0,13,0,15,33,169,204,0,406,121,0,121,527
06/01/2002,HPN,NY,AEA,EN,Combined TRACON& Tower with Radar,15,93,117,0,225,10,0,236,0,246,25,93,353,0,471,66,0,66,537
06/02/2002,HPN,NY,AEA,EN,Combined TRACON& Tower with Radar,21,140,155,0,316,5,19,179,0,203,26,159,334,0,519,62,0,62,581
06/03/2002,HPN,NY,AEA,EN,Combined TRACON& Tower with Radar,27,200,221,0,448,0,8,175,0,183,27,208,396,0,631,70,0,70,701
06/04/2002,HPN,NY,AEA,EN,Combined TRACON& Tower with Radar,22,187,207,1,417,0,24,140,1,165,22,211,347,2,582,52,0,52,634
06/05/2002,HPN,NY,AEA,EN,Combined TRACON& Tower with Radar,27,169,188,0,384,1,14,60,0,75,28,183,248,0,459,16,0,16,475
06/06/2002,HPN,NY,AEA,EN,Combined TRACON& Tower with Radar,31,194,216,1,442,6,1,11,0,18,37,195,227,1,460,0,0,0,460
06/07/2002,HPN,NY,AEA,EN,Combined TRACON& Tower with Radar,33,198,223,0,454,2,0,182,0,184,35,198,405,0,638,22,0,22,660
06/08/2002,HPN,NY,AEA,EN,Combined TRACON& Tower with Radar,19,114,137,0,270,3,0,241,0,244,22,114,378,0,514,108,0,108,622
06/09/2002,HPN,NY,AEA,EN,Combined TRACON& Tower with Radar,23,172,209,0,404,0,0,237,0,237,23,172,446,0,641,52,0,52,693
06/10/2002,HPN,NY,AEA,EN,Combined TRACON& Tower with Radar,32,207,225,0,464,0,5,0,0,5,32,212,225,0,469,254,0,254,723
06/11/2002,HPN,NY,AEA,EN,Combined TRACON& Tower with Radar,28,185,205,0,418,0,3,0,0,3,28,188,205,0,421,298,0,298,719
06/12/2002,HPN,NY,AEA,EN,Combined TRACON& Tower with Radar,30,192,213,0,435,4,16,83,0,103,34,208,296,0,538,42,0,42,580
06/13/2002,HPN,NY,AEA,EN,Combined TRACON& Tower with Radar,31,196,218,0,445,8,11,51,0,70,39,207,269,0,515,16,0,16,531
06/14/2002,HPN,NY,AEA,EN,Combined TRACON& Tower with Radar,31,196,212,0,439,6,4,0,0,10,37,200,212,0,449,0,0,0,449
06/15/2002,HPN,NY,AEA,EN,Combined TRACON& Tower with Radar,21,98,142,0,261,2,0,53,0,55,23,98,195,0,316,4,0,4,320
06/16/2002,HPN,NY,AEA,EN,Combined TRACON& Tower with Radar,21,167,185,0,373,0,12,70,0,82,21,179,255,0,455,26,0,26,481
06/17/2002,HPN,NY,AEA,EN,Combined TRACON& Tower with Radar,30,205,229,1,465,0,0,179,10,189,30,205,408,11,654,62,0,62,716
06/18/2002,HPN,NY,AEA,EN,Combined TRACON& Tower with Radar,31,195,215,1,442,3,11,173,1,188,34,206,388,2,630,100,0,100,730
06/19/2002,HPN,NY,AEA,EN,Combined TRACON& Tower with Radar,29,190,208,0,427,0,20,156,0,176,29,210,364,0,603,38,0,38,641
06/20/2002,HPN,NY,AEA,EN,Combined TRACON& Tower with Radar,38,219,259,0,516,0,0,201,0,201,38,219,460,0,717,90,0,90,807
06/21/2002,HPN,NY,AEA,EN,Combined TRACON& Tower with Radar,31,194,213,0,438,1,9,230,0,240,32,203,443,0,678,60,0,60,738
06/22/2002,HPN,NY,AEA,EN,Combined TRACON& Tower with Radar,21,115,141,0,277,3,0,7,0,10,24,115,148,0,287,350,0,350,637
06/23/2002,HPN,NY,AEA,EN,Combined TRACON& Tower with Radar,26,158,203,0,387,0,0,206,0,206,26,158,409,0,593,114,0,114,707
06/24/2002,HPN,NY,AEA,EN,Combined TRACON& Tower with Radar,33,197,227,0,457,6,0,163,3,172,39,197,390,3,629,24,0,24,653
06/25/2002,HPN,NY,AEA,EN,Combined TRACON& Tower with Radar,30,191,210,0,431,2,18,154,3,177,32,209,364,3,608,54,0,54,662
06/26/2002,HPN,NY,AEA,EN,Combined TRACON& Tower with Radar,24,177,194,0,395,0,10,54,0,64,24,187,248,0,459,22,0,22,481
06/27/2002,HPN,NY,AEA,EN,Combined TRACON& Tower with Radar,20,184,209,0,413,0,0,129,0,129,20,184,338,0,542,80,0,80,622
06/28/2002,HPN,NY,AEA,EN,Combined TRACON& Tower with Radar,27,256,298,0,581,0,0,203,0,203,27,256,501,0,784,18,0,18,802
06/29/2002,HPN,NY,AEA,EN,Combined TRACON& Tower with Radar,21,106,142,0,269,2,0,240,0,242,23,106,382,0,511,80,0,80,591
06/30/2002,HPN,NY,AEA,EN,Combined TRACON& Tower with Radar,25,157,172,0,354,1,2,209,0,212,26,159,381,0,566,88,0,88,654
07/01/2002,HPN,NY,AEA,EN,Combined TRACON& Tower with Radar,24,160,167,0,351,4,24,109,0,137,28,184,276,0,488,62,0,62,550
07/02/2002,HPN,NY,AEA,EN,Combined TRACON& Tower with Radar,20,155,163,0,338,0,13,108,0,121,20,168,271,0,459,118,0,118,577
07/03/2002,HPN,NY,AEA,EN,Combined TRACON& Tower with Radar,30,235,245,0,510,0,12,137,1,150,30,247,382,1,660,16,0,16,676
07/04/2002,HPN,NY,AEA,EN,Combined TRACON& Tower with Radar,15,95,71,0,181,9,20,0,0,29,24,115,71,0,210,168,0,168,378
07/05/2002,HPN,NY,AEA,EN,Combined TRACON& Tower with Radar,15,84,103,0,202,20,0,165,0,185,35,84,268,0,387,52,0,52,439
07/06/2002,HPN,NY,AEA,EN,Combined TRACON& Tower with Radar,14,90,96,0,200,5,0,130,1,136,19,90,226,1,336,92,0,92,428
07/07/2002,HPN,NY,AEA,EN,Combined TRACON& Tower with Radar,22,209,231,0,462,0,0,59,0,59,22,209,290,0,521,0,0,0,521
07/08/2002,HPN,NY,AEA,EN,Combined TRACON& Tower with Radar,26,225,235,0,486,0,1,190,0,191,26,226,425,0,677,76,0,76,753
07/09/2002,HPN,NY,AEA,EN,Combined TRACON& Tower with Radar,28,184,193,0,405,2,8,67,2,79,30,192,260,2,484,120,0,120,604
07/10/2002,HPN,NY,AEA,EN,Combined TRACON& Tower with Radar,26,210,219,0,455,0,30,183,0,213,26,240,402,0,668,80,0,80,748
07/11/2002,HPN,NY,AEA,EN,Combined TRACON& Tower with Radar,32,212,221,0,465,1,21,164,0,186,33,233,385,0,651,86,0,86,737
07/12/2002,HPN,NY,AEA,EN,Combined TRACON& Tower with Radar,33,222,233,0,488,6,0,235,0,241,39,222,468,0,729,82,0,82,811
07/13/2002,HPN,NY,AEA,EN,Combined TRACON& Tower with Radar,15,90,105,0,210,6,0,208,0,214,21,90,313,0,424,60,0,60,484
07/14/2002,HPN,NY,AEA,EN,Combined TRACON& Tower with Radar,26,165,190,0,381,1,0,264,0,265,27,165,454,0,646,50,0,50,696
07/15/2002,HPN,NY,AEA,EN,Combined TRACON& Tower with Radar,30,199,214,0,443,2,0,2,0,4,32,199,216,0,447,253,0,253,700
07/16/2002,HPN,NY,AEA,EN,Combined TRACON& Tower with Radar,27,204,212,0,443,0,0,199,0,199,27,204,411,0,642,122,0,122,764
07/17/2002,HPN,NY,AEA,EN,Combined TRACON& Tower with Radar,36,223,253,0,512,6,0,13,0,19,42,223,266,0,531,203,0,203,734
07/18/2002,HPN,NY,AEA,EN,Combined TRACON& Tower with Radar,35,227,247,0,509,0,0,143,0,143,35,227,390,0,652,12,0,12,664
07/19/2002,HPN,NY,AEA,EN,Combined TRACON& Tower with Radar,28,215,227,0,470,0,0,105,0,105,28,215,332,0,575,20,0,20,595
07/20/2002,HPN,NY,AEA,EN,Combined TRACON& Tower with Radar,14,123,141,0,278,0,0,173,0,173,14,123,314,0,451,106,0,106,557
07/21/2002,HPN,NY,AEA,EN,Combined TRACON& Tower with Radar,19,209,218,0,446,0,0,210,0,210,19,209,428,0,656,82,0,82,738
07/22/2002,HPN,NY,AEA,EN,Combined TRACON& Tower with Radar,23,177,183,0,383,0,18,120,0,138,23,195,303,0,521,24,0,24,545
07/23/2002,HPN,NY,AEA,EN,Combined TRACON& Tower with Radar,23,156,161,0,340,1,1,73,0,75,24,157,234,0,415,6,0,6,421
07/24/2002,HPN,NY,AEA,EN,Combined TRACON& Tower with Radar,30,204,211,0,445,0,16,121,0,137,30,220,332,0,582,18,0,18,600
07/25/2002,HPN,NY,AEA,EN,Combined TRACON& Tower with Radar,32,217,225,0,474,1,14,226,0,241,33,231,451,0,715,36,0,36,751
07/26/2002,HPN,NY,AEA,EN,Combined TRACON& Tower with Radar,31,224,239,0,494,0,0,200,0,200,31,224,439,0,694,6,0,6,700
07/27/2002,HPN,NY,AEA,EN,Combined TRACON& Tower with Radar,19,110,140,0,269,4,0,21,0,25,23,110,161,0,294,93,0,93,387
07/28/2002,HPN,NY,AEA,EN,Combined TRACON& Tower with Radar,20,167,188,0,375,0,0,38,0,38,20,167,226,0,413,0,0,0,413
07/29/2002,HPN,NY,AEA,EN,Combined TRACON& Tower with Radar,31,211,228,0,470,0,0,141,0,141,31,211,369,0,611,34,0,34,645
07/30/2002,HPN,NY,AEA,EN,Combined TRACON& Tower with Radar,26,187,193,0,406,0,5,176,0,181,26,192,369,0,587,30,0,30,617
07/31/2002,HPN,NY,AEA,EN,Combined TRACON& Tower with Radar,29,190,208,0,427,2,0,255,0,257,31,190,463,0,684,64,0,64,748
08/01/2002,HPN,NY,AEA,EN,Combined TRACON& Tower with Radar,22,187,195,0,404,0,10,211,0,221,22,197,406,0,625,46,0,46,671
08/02/2002,HPN,NY,AEA,EN,Combined TRACON& Tower with Radar,28,191,198,0,417,0,9,180,0,189,28,200,378,0,606,60,0,60,666
08/03/2002,HPN,NY,AEA,EN,Combined TRACON& Tower with Radar,16,90,106,0,212,4,0,210,0,214,20,90,316,0,426,98,0,98,524
08/04/2002,HPN,NY,AEA,EN,Combined TRACON& Tower with Radar,23,175,199,0,397,0,0,233,0,233,23,175,432,0,630,90,0,90,720
08/05/2002,HPN,NY,AEA,EN,Combined TRACON& Tower with Radar,29,188,196,0,413,1,10,70,0,81,30,198,266,0,494,98,0,98,592
08/06/2002,HPN,NY,AEA,EN,Combined TRACON& Tower with Radar,28,180,188,0,396,0,14,139,0,153,28,194,327,0,549,10,0,10,559
08/07/2002,HPN,NY,AEA,EN,Combined TRACON& Tower with Radar,28,204,212,0,444,0,7,196,0,203,28,211,408,0,647,52,0,52,699
08/08/2002,HPN,NY,AEA,EN,Combined TRACON& Tower with Radar,30,212,221,0,463,0,22,198,0,220,30,234,419,0,683,18,0,18,701
08/09/2002,HPN,NY,AEA,EN,Combined TRACON& Tower with Radar,31,221,235,0,487,0,0,241,0,241,31,221,476,0,728,14,0,14,742
08/10/2002,HPN,NY,AEA,EN,Combined TRACON& Tower with Radar,18,89,119,0,226,3,0,238,0,241,21,89,357,0,467,60,0,60,527
08/11/2002,HPN,NY,AEA,EN,Combined TRACON& Tower with Radar,25,169,187,0,381,0,0,265,0,265,25,169,452,0,646,90,0,90,736
08/12/2002,HPN,NY,AEA,EN,Combined TRACON& Tower with Radar,26,181,189,0,396,0,5,158,0,163,26,186,347,0,559,18,0,18,577
08/13/2002,HPN,NY,AEA,EN,Combined TRACON& Tower with Radar,26,174,181,0,381,1,6,124,0,131,27,180,305,0,512,84,0,84,596
08/14/2002,HPN,NY,AEA,EN,Combined TRACON& Tower with Radar,29,188,202,0,419,1,0,126,0,127,30,188,328,0,546,98,0,98,644
08/15/2002,HPN,NY,AEA,EN,Combined TRACON& Tower with Radar,30,213,224,0,467,0,0,166,0,166,30,213,390,0,633,30,0,30,663
08/16/2002,HPN,NY,AEA,EN,Combined TRACON& Tower with Radar,28,206,212,0,446,0,15,149,0,164,28,221,361,0,610,44,0,44,654
08/17/2002,HPN,NY,AEA,EN,Combined TRACON& Tower with Radar,19,109,134,0,262,0,0,184,0,184,19,109,318,0,446,56,0,56,502
08/18/2002,HPN,NY,AEA,EN,Combined TRACON& Tower with Radar,23,138,151,0,312,5,0,195,0,200,28,138,346,0,512,8,0,8,520
08/19/2002,HPN,NY,AEA,EN,Combined TRACON& Tower with Radar,21,143,147,0,311,6,24,156,0,186,27,167,303,0,497,10,0,10,507
08/20/2002,HPN,NY,AEA,EN,Combined TRACON& Tower with Radar,29,190,194,0,413,5,0,0,0,5,34,190,194,0,418,178,1,179,597
08/21/2002,HPN,NY,AEA,EN,Combined TRACON& Tower with Radar,30,192,179,0,401,4,18,0,0,22,34,210,179,0,423,237,0,237,660
08/22/2002,HPN,NY,AEA,EN,Combined TRACON& Tower with Radar,26,196,204,0,426,0,0,172,0,172,26,196,376,0,598,46,0,46,644
08/23/2002,HPN,NY,AEA,EN,Combined TRACON& Tower with Radar,32,193,224,0,449,0,0,127,0,127,32,193,351,0,576,110,0,110,686
08/24/2002,HPN,NY,AEA,EN,Combined TRACON& Tower with Radar,16,105,108,0,229,2,1,36,0,39,18,106,144,0,268,58,0,58,326
08/25/2002,HPN,NY,AEA,EN,Combined TRACON& Tower with Radar,24,161,177,0,362,0,0,236,0,236,24,161,413,0,598,116,0,116,714
08/26/2002,HPN,NY,AEA,EN,Combined TRACON& Tower with Radar,30,196,203,0,429,0,9,222,0,231,30,205,425,0,660,136,0,136,796
08/27/2002,HPN,NY,AEA,EN,Combined TRACON& Tower with Radar,31,181,209,0,421,4,0,161,0,165,35,181,370,0,586,60,0,60,646
08/28/2002,HPN,NY,AEA,EN,Combined TRACON& Tower with Radar,31,205,212,0,448,1,8,141,0,150,32,213,353,0,598,102,0,102,700
08/29/2002,HPN,NY,AEA,EN,Combined TRACON& Tower with Radar,31,206,204,0,441,1,11,0,0,12,32,217,204,0,453,0,0,0,453
08/30/2002,HPN,NY,AEA,EN,Combined TRACON& Tower with Radar,33,217,223,0,473,1,4,48,0,53,34,221,271,0,526,0,0,0,526
08/31/2002,HPN,NY,AEA,EN,Combined TRACON& Tower with Radar,13,80,92,0,185,8,0,169,0,177,21,80,261,0,362,114,0,114,476
09/01/2002,HPN,NY,AEA,EN,Combined TRACON& Tower with Radar,19,113,126,0,258,0,7,4,0,11,19,120,130,0,269,0,0,0,269
09/02/2002,HPN,NY,AEA,EN,Combined TRACON& Tower with Radar,26,161,208,0,395,0,0,43,0,43,26,161,251,0,438,0,0,0,438
09/03/2002,HPN,NY,AEA,EN,Combined TRACON& Tower with Radar,35,192,221,0,448,3,0,127,0,130,38,192,348,0,578,60,0,60,638
09/04/2002,HPN,NY,AEA,EN,Combined TRACON& Tower with Radar,33,202,224,0,459,0,6,53,0,59,33,208,277,0,518,38,0,38,556
09/05/2002,HPN,NY,AEA,EN,Combined TRACON& Tower with Radar,25,166,186,0,377,0,24,227,0,251,25,190,413,0,628,74,0,74,702
09/06/2002,HPN,NY,AEA,EN,Combined TRACON& Tower with Radar,24,141,157,0,322,0,19,219,0,238,24,160,376,0,560,72,0,72,632
09/07/2002,HPN,NY,AEA,EN,Combined TRACON& Tower with Radar,15,64,94,0,173,7,0,273,1,281,22,64,367,1,454,158,0,158,612
09/08/2002,HPN,NY,AEA,EN,Combined TRACON& Tower with Radar,23,130,149,0,302,0,0,249,0,249,23,130,398,0,551,106,0,106,657
09/09/2002,HPN,NY,AEA,EN,Combined TRACON& Tower with Radar,33,181,213,0,427,0,0,165,0,165,33,181,378,0,592,60,0,60,652
09/10/2002,HPN,NY,AEA,EN,Combined TRACON& Tower with Radar,25,169,191,0,385,0,0,95,0,95,25,169,286,0,480,62,0,62,542
09/11/2002,HPN,NY,AEA,EN,Combined TRACON& Tower with Radar,17,96,89,1,203,9,10,0,0,19,26,106,89,1,222,0,0,0,222
09/12/2002,HPN,NY,AEA,EN,Combined TRACON& Tower with Radar,30,195,196,0,421,0,28,0,0,28,30,223,196,0,449,0,0,0,449
09/13/2002,HPN,NY,AEA,EN,Combined TRACON& Tower with Radar,26,176,190,0,392,0,19,0,0,19,26,195,190,0,411,0,0,0,411
09/14/2002,HPN,NY,AEA,EN,Combined TRACON& Tower with Radar,22,108,136,0,266,3,0,11,0,14,25,108,147,0,280,444,0,444,724
09/15/2002,HPN,NY,AEA,EN,Combined TRACON& Tower with Radar,22,121,120,0,263,1,13,0,0,14,23,134,120,0,277,0,0,0,277
09/16/2002,HPN,NY,AEA,EN,Combined TRACON& Tower with Radar,33,169,209,0,411,3,0,36,0,39,36,169,245,0,450,12,0,12,462
09/17/2002,HPN,NY,AEA,EN,Combined TRACON& Tower with Radar,33,188,207,0,428,10,20,187,0,217,43,208,394,0,645,106,0,106,751
09/18/2002,HPN,NY,AEA,EN,Combined TRACON& Tower with Radar,31,175,200,0,406,1,0,222,0,223,32,175,422,0,629,44,0,44,673
09/19/2002,HPN,NY,AEA,EN,Combined TRACON& Tower with Radar,26,194,215,0,435,0,9,233,1,243,26,203,448,1,678,160,0,160,838
09/20/2002,HPN,NY,AEA,EN,Combined TRACON& Tower with Radar,28,204,224,0,456,0,15,187,0,202,28,219,411,0,658,36,0,36,694
09/21/2002,HPN,NY,AEA,EN,Combined TRACON& Tower with Radar,21,93,133,0,247,5,0,129,0,134,26,93,262,0,381,130,0,130,511
09/22/2002,HPN,NY,AEA,EN,Combined TRACON& Tower with Radar,29,150,187,0,366,0,0,175,0,175,29,150,362,0,541,76,0,76,617
09/23/2002,HPN,NY,AEA,EN,Combined TRACON& Tower with Radar,28,163,180,0,371,0,10,125,0,135,28,173,305,0,506,40,0,40,546
09/24/2002,HPN,NY,AEA,EN,Combined TRACON& Tower with Radar,28,166,184,0,378,0,6,199,0,205,28,172,383,0,583,74,0,74,657
09/25/2002,HPN,NY,AEA,EN,Combined TRACON& Tower with Radar,31,180,200,0,411,2,0,2,0,4,33,180,202,0,415,239,0,239,654
09/26/2002,HPN,NY,AEA,EN,Combined TRACON& Tower with Radar,32,207,215,0,454,0,17,0,0,17,32,224,215,0,471,81,0,81,552
09/27/2002,HPN,NY,AEA,EN,Combined TRACON& Tower with Radar,33,189,202,0,424,1,7,0,0,8,34,196,202,0,432,0,1,1,433
09/28/2002,HPN,NY,AEA,EN,Combined TRACON& Tower with Radar,25,97,154,0,276,3,0,151,0,154,28,97,305,0,430,78,0,78,508
09/29/2002,HPN,NY,AEA,EN,Combined TRACON& Tower with Radar,25,131,157,0,313,6,0,295,0,301,31,131,452,0,614,136,0,136,750
09/30/2002,HPN,NY,AEA,EN,Combined TRACON& Tower with Radar,29,166,184,0,379,0,6,184,1,191,29,172,368,1,570,60,0,60,630
10/01/2002,HPN,NY,AEA,EN,Combined TRACON& Tower with Radar,31,169,211,0,411,0,0,172,0,172,31,169,383,0,583,78,0,78,661
10/02/2002,HPN,NY,AEA,EN,Combined TRACON& Tower with Radar,30,192,205,0,427,0,5,107,0,112,30,197,312,0,539,134,0,134,673
10/03/2002,HPN,NY,AEA,EN,Combined TRACON& Tower with Radar,34,200,226,0,460,0,0,104,0,104,34,200,330,0,564,104,0,104,668
10/04/2002,HPN,NY,AEA,EN,Combined TRACON& Tower with Radar,23,196,208,0,427,0,15,0,0,15,23,211,208,0,442,0,0,0,442
10/05/2002,HPN,NY,AEA,EN,Combined TRACON& Tower with Radar,14,77,90,0,181,6,0,124,0,130,20,77,214,0,311,126,0,126,437
10/06/2002,HPN,NY,AEA,EN,Combined TRACON& Tower with Radar,26,140,162,0,328,0,0,279,0,279,26,140,441,0,607,138,0,138,745
10/07/2002,HPN,NY,AEA,EN,Combined TRACON& Tower with Radar,29,174,189,0,392,0,0,6,0,6,29,174,195,0,398,59,0,59,457
10/08/2002,HPN,NY,AEA,EN,Combined TRACON& Tower with Radar,23,174,204,1,402,0,0,169,11,180,23,174,373,12,582,46,0,46,628
10/09/2002,HPN,NY,AEA,EN,Combined TRACON& Tower with Radar,35,210,225,0,470,0,0,136,0,136,35,210,361,0,606,12,0,12,618
10/10/2002,HPN,NY,AEA,EN,Combined TRACON& Tower with Radar,34,188,223,1,446,0,0,80,1,81,34,188,303,2,527,96,0,96,623
10/11/2002,HPN,NY,AEA,EN,Combined TRACON& Tower with Radar,32,242,258,0,532,0,6,5,0,11,32,248,263,0,543,0,0,0,543
10/12/2002,HPN,NY,AEA,EN,Combined TRACON& Tower with Radar,13,80,71,0,164,7,9,0,0,16,20,89,71,0,180,0,0,0,180
10/13/2002,HPN,NY,AEA,EN,Combined TRACON& Tower with Radar,23,136,146,0,305,0,0,3,0,3,23,136,149,0,308,0,0,0,308
10/14/2002,HPN,NY,AEA,EN,Combined TRACON& Tower with Radar,35,219,234,0,488,0,4,159,0,163,35,223,393,0,651,64,0,64,715
10/15/2002,HPN,NY,AEA,EN,Combined TRACON& Tower with Radar,26,198,212,0,436,0,12,151,0,163,26,210,363,0,599,84,0,84,683
10/16/2002,HPN,NY,AEA,EN,Combined TRACON& Tower with Radar,25,149,124,0,298,5,29,0,0,34,30,178,124,0,332,0,0,0,332
10/17/2002,HPN,NY,AEA,EN,Combined TRACON& Tower with Radar,33,198,209,0,440,2,13,142,0,157,35,211,351,0,597,104,0,104,701
10/18/2002,HPN,NY,AEA,EN,Combined TRACON& Tower with Radar,31,175,201,0,407,0,0,188,0,188,31,175,389,0,595,92,1,93,688
10/19/2002,HPN,NY,AEA,EN,Combined TRACON& Tower with Radar,17,92,106,0,215,9,0,88,0,97,26,92,194,0,312,38,0,38,350
10/20/2002,HPN,NY,AEA,EN,Combined TRACON& Tower with Radar,25,121,154,0,300,0,0,241,0,241,25,121,395,0,541,105,0,105,646
10/21/2002,HPN,NY,AEA,EN,Combined TRACON& Tower with Radar,29,169,178,0,376,3,0,0,0,3,32,169,178,0,379,155,0,155,534
10/22/2002,HPN,NY,AEA,EN,Combined TRACON& Tower with Radar,29,171,181,0,381,0,4,142,0,146,29,175,323,0,527,76,0,76,603
10/23/2002,HPN,NY,AEA,EN,Combined TRACON& Tower with Radar,29,169,178,0,376,6,24,92,0,122,35,193,270,0,498,74,0,74,572
10/24/2002,HPN,NY,AEA,EN,Combined TRACON& Tower with Radar,31,176,191,0,398,0,0,224,0,224,31,176,415,0,622,116,0,116,738
10/25/2002,HPN,NY,AEA,EN,Combined TRACON& Tower with Radar,30,190,201,0,421,0,12,130,0,142,30,202,331,0,563,62,0,62,625
10/26/2002,HPN,NY,AEA,EN,Combined TRACON& Tower with Radar,15,87,92,0,194,5,0,0,0,5,20,87,92,0,199,0,0,0,199
10/27/2002,HPN,NY,AEA,EN,Combined TRACON& Tower with Radar,23,165,175,0,363,0,10,194,0,204,23,175,369,0,567,54,0,54,621
10/28/2002,HPN,NY,AEA,EN,Combined TRACON& Tower with Radar,32,174,197,0,403,4,0,141,0,145,36,174,338,0,548,16,0,16,564
10/29/2002,HPN,NY,AEA,EN,Combined TRACON& Tower with Radar,27,153,162,0,342,6,15,136,0,157,33,168,298,0,499,98,0,98,597
10/30/2002,HPN,NY,AEA,EN,Combined TRACON& Tower with Radar,25,145,153,0,323,6,9,77,0,92,31,154,230,0,415,12,0,12,427
10/31/2002,HPN,NY,AEA,EN,Combined TRACON& Tower with Radar,29,165,175,0,369,6,2,141,0,149,35,167,316,0,518,42,0,42,560
11/01/2002,HPN,NY,AEA,EN,Combined TRACON& Tower with Radar,29,200,185,0,414,0,17,111,0,128,29,217,296,0,542,52,0,52,594
11/02/2002,HPN,NY,AEA,EN,Combined TRACON& Tower with Radar,18,94,93,0,205,3,0,2,0,5,21,94,95,0,210,219,0,219,429
11/03/2002,HPN,NY,AEA,EN,Combined TRACON& Tower with Radar,31,153,164,1,349,0,0,24,1,25,31,153,188,2,374,229,0,229,603
11/04/2002,HPN,NY,AEA,EN,Combined TRACON& Tower with Radar,28,161,153,0,342,8,0,96,0,104,36,161,249,0,446,64,0,64,510
11/05/2002,HPN,NY,AEA,EN,Combined TRACON& Tower with Radar,30,171,158,0,359,4,15,160,0,179,34,186,318,0,538,116,0,116,654
11/06/2002,HPN,NY,AEA,EN,Combined TRACON& Tower with Radar,29,168,156,0,353,6,5,20,0,31,35,173,176,0,384,0,0,0,384
11/07/2002,HPN,NY,AEA,EN,Combined TRACON& Tower with Radar,28,183,169,0,380,0,0,122,0,122,28,183,291,0,502,76,0,76,578
11/08/2002,HPN,NY,AEA,EN,Combined TRACON& Tower with Radar,28,187,173,0,388,0,2,128,0,130,28,189,301,0,518,32,0,32,550
11/09/2002,HPN,NY,AEA,EN,Combined TRACON& Tower with Radar,18,92,109,0,219,0,0,262,0,262,18,92,371,0,481,156,0,156,637
11/10/2002,HPN,NY,AEA,EN,Combined TRACON& Tower with Radar,24,149,145,0,318,0,0,71,0,71,24,149,216,0,389,54,0,54,443
11/11/2002,HPN,NY,AEA,EN,Combined TRACON& Tower with Radar,26,149,126,0,301,3,13,0,0,16,29,162,126,0,317,0,0,0,317
11/12/2002,HPN,NY,AEA,EN,Combined TRACON& Tower with Radar,31,182,174,0,387,0,0,7,0,7,31,182,181,0,394,88,0,88,482
11/13/2002,HPN,NY,AEA,EN,Combined TRACON& Tower with Radar,24,179,165,0,368,0,11,44,0,55,24,190,209,0,423,42,0,42,465
11/14/2002,HPN,NY,AEA,EN,Combined TRACON& Tower with Radar,35,199,193,0,427,0,0,187,0,187,35,199,380,0,614,64,0,64,678
11/15/2002,HPN,NY,AEA,EN,Combined TRACON& Tower with Radar,35,199,185,0,419,2,0,138,0,140,37,199,323,0,559,82,0,82,641
11/16/2002,HPN,NY,AEA,EN,Combined TRACON& Tower with Radar,15,85,77,0,177,4,9,0,0,13,19,94,77,0,190,40,0,40,230
11/17/2002,HPN,NY,AEA,EN,Combined TRACON& Tower with Radar,20,120,99,0,239,5,7,0,0,12,25,127,99,0,251,0,0,0,251
11/18/2002,HPN,NY,AEA,EN,Combined TRACON& Tower with Radar,30,175,159,0,364,4,10,35,0,49,34,185,194,0,413,2,0,2,415
11/19/2002,HPN,NY,AEA,EN,Combined TRACON& Tower with Radar,33,183,192,0,408,0,0,122,0,122,33,183,314,0,530,130,0,130,660
11/20/2002,HPN,NY,AEA,EN,Combined TRACON& Tower with Radar,28,158,164,0,350,0,0,186,0,186,28,158,350,0,536,86,0,86,622
11/21/2002,HPN,NY,AEA,EN,Combined TRACON& Tower with Radar,37,194,198,0,429,1,0,81,0,82,38,194,279,0,511,54,0,54,565
11/22/2002,HPN,NY,AEA,EN,Combined TRACON& Tower with Radar,31,186,172,0,389,0,0,8,0,8,31,186,180,0,397,0,0,0,397
11/23/2002,HPN,NY,AEA,EN,Combined TRACON& Tower with Radar,14,83,76,0,173,7,11,7,0,25,21,94,83,0,198,0,0,0,198
11/24/2002,HPN,NY,AEA,EN,Combined TRACON& Tower with Radar,23,125,122,0,270,1,0,4,2,7,24,125,126,2,277,196,0,196,473
11/25/2002,HPN,NY,AEA,EN,Combined TRACON& Tower with Radar,26,153,139,0,318,1,14,130,0,145,27,167,269,0,463,68,0,68,531
11/26/2002,HPN,NY,AEA,EN,Combined TRACON& Tower with Radar,32,267,246,0,545,0,0,163,0,163,32,267,409,0,708,46,0,46,754
11/27/2002,HPN,NY,AEA,EN,Combined TRACON& Tower with Radar,32,213,196,0,441,0,21,13,0,34,32,234,209,0,475,34,0,34,509
11/28/2002,HPN,NY,AEA,EN,Combined TRACON& Tower with Radar,16,93,86,0,195,3,25,27,0,55,19,118,113,0,250,0,0,0,250
11/29/2002,HPN,NY,AEA,EN,Combined TRACON& Tower with Radar,16,98,90,0,204,8,8,74,0,90,24,106,164,0,294,86,0,86,380
11/30/2002,HPN,NY,AEA,EN,Combined TRACON& Tower with Radar,18,134,123,0,275,0,2,118,1,121,18,136,241,1,396,130,0,130,526
12/01/2002,HPN,NY,AEA,EN,Combined TRACON& Tower with Radar,25,259,241,0,525,0,10,93,0,103,25,269,334,0,628,10,0,10,638
12/02/2002,HPN,NY,AEA,EN,Combined TRACON& Tower with Radar,27,202,188,0,417,0,5,81,0,86,27,207,269,0,503,40,0,40,543
12/03/2002,HPN,NY,AEA,EN,Combined TRACON& Tower with Radar,28,164,153,0,345,3,1,57,1,62,31,165,210,1,407,18,0,18,425
12/04/2002,HPN,NY,AEA,EN,Combined TRACON& Tower with Radar,31,186,184,0,401,0,0,135,1,136,31,186,319,1,537,86,0,86,623
12/05/2002,HPN,NY,AEA,EN,Combined TRACON& Tower with Radar,8,55,52,0,115,1,2,7,0,10,9,57,59,0,125,18,0,18,143
12/06/2002,HPN,NY,AEA,EN,Combined TRACON& Tower with Radar,28,219,206,0,453,0,0,164,0,164,28,219,370,0,617,42,0,42,659
12/07/2002,HPN,NY,AEA,EN,Combined TRACON& Tower with Radar,18,82,104,0,204,3,0,28,0,31,21,82,132,0,235,244,0,244,479
12/08/2002,HPN,NY,AEA,EN,Combined TRACON& Tower with Radar,24,122,136,1,283,4,0,19,0,23,28,122,155,1,306,196,0,196,502
12/09/2002,HPN,NY,AEA,EN,Combined TRACON& Tower with Radar,29,170,168,0,367,3,0,104,0,107,32,170,272,0,474,26,0,26,500
12/10/2002,HPN,NY,AEA,EN,Combined TRACON& Tower with Radar,32,170,182,1,385,3,0,180,1,184,35,170,362,2,569,60,0,60,629
12/11/2002,HPN,NY,AEA,EN,Combined TRACON& Tower with Radar,23,140,134,0,297,11,0,20,0,31,34,140,154,0,328,6,0,6,334
12/12/2002,HPN,NY,AEA,EN,Combined TRACON& Tower with Radar,30,192,201,1,424,0,0,119,1,120,30,192,320,2,544,50,0,50,594
12/13/2002,HPN,NY,AEA,EN,Combined TRACON& Tower with Radar,24,172,164,0,360,0,0,98,0,98,24,172,262,0,458,74,0,74,532
12/14/2002,HPN,NY,AEA,EN,Combined TRACON& Tower with Radar,12,72,51,0,135,7,12,0,0,19,19,84,51,0,154,0,0,0,154
12/15/2002,HPN,NY,AEA,EN,Combined TRACON& Tower with Radar,21,121,125,0,267,0,0,111,0,111,21,121,236,0,378,70,0,70,448
12/16/2002,HPN,NY,AEA,EN,Combined TRACON& Tower with Radar,24,148,136,0,308,4,31,0,0,35,28,179,136,0,343,0,0,0,343
12/17/2002,HPN,NY,AEA,EN,Combined TRACON& Tower with Radar,22,156,144,0,322,0,7,146,0,153,22,163,290,0,475,62,0,62,537
12/18/2002,HPN,NY,AEA,EN,Combined TRACON& Tower with Radar,21,176,163,0,360,0,0,10,0,10,21,176,173,0,370,196,0,196,566
12/19/2002,HPN,NY,AEA,EN,Combined TRACON& Tower with Radar,25,181,174,0,380,0,0,125,0,125,25,181,299,0,505,124,0,124,629
12/20/2002,HPN,NY,AEA,EN,Combined TRACON& Tower with Radar,28,178,164,0,370,4,11,5,0,20,32,189,169,0,390,64,0,64,454
12/21/2002,HPN,NY,AEA,EN,Combined TRACON& Tower with Radar,25,141,145,0,311,1,0,73,0,74,26,141,218,0,385,12,0,12,397
12/22/2002,HPN,NY,AEA,EN,Combined TRACON& Tower with Radar,21,132,121,0,274,3,4,151,0,158,24,136,272,0,432,122,0,122,554
12/23/2002,HPN,NY,AEA,EN,Combined TRACON& Tower with Radar,25,155,142,0,322,0,9,92,1,102,25,164,234,1,424,32,0,32,456
12/24/2002,HPN,NY,AEA,EN,Combined TRACON& Tower with Radar,15,98,89,0,202,3,7,55,0,65,18,105,144,0,267,78,0,78,345
12/25/2002,HPN,NY,AEA,EN,Combined TRACON& Tower with Radar,7,45,18,0,70,3,19,0,0,22,10,64,18,0,92,0,0,0,92
12/26/2002,HPN,NY,AEA,EN,Combined TRACON& Tower with Radar,19,171,160,0,350,0,0,27,0,27,19,171,187,0,377,4,0,4,381
12/27/2002,HPN,NY,AEA,EN,Combined TRACON& Tower with Radar,23,144,138,0,305,0,0,99,0,99,23,144,237,0,404,16,0,16,420
12/28/2002,HPN,NY,AEA,EN,Combined TRACON& Tower with Radar,15,98,90,0,203,4,3,129,0,136,19,101,219,0,339,60,0,60,399
12/29/2002,HPN,NY,AEA,EN,Combined TRACON& Tower with Radar,14,83,77,0,174,3,16,95,0,114,17,99,172,0,288,104,0,104,392
12/30/2002,HPN,NY,AEA,EN,Combined TRACON& Tower with Radar,21,131,121,0,273,2,20,41,1,64,23,151,162,1,337,90,0,90,427
12/31/2002,HPN,NY,AEA,EN,Combined TRACON& Tower with Radar,15,99,56,0,170,6,30,0,0,36,21,129,56,0,206,27,0,27,233
01/01/2003,HPN,NY,AEA,EN,Combined TRACON& Tower with Radar,16,106,82,0,204,7,7,0,0,14,23,113,82,0,218,32,0,32,250
01/02/2003,HPN,NY,AEA,EN,Combined TRACON& Tower with Radar,20,134,114,0,268,1,6,17,0,24,21,140,131,0,292,54,0,54,346
01/03/2003,HPN,NY,AEA,EN,Combined TRACON& Tower with Radar,14,91,59,0,164,5,14,0,0,19,19,105,59,0,183,0,0,0,183
01/04/2003,HPN,NY,AEA,EN,Combined TRACON& Tower with Radar,17,142,120,0,279,0,6,7,0,13,17,148,127,0,292,0,0,0,292
01/05/2003,HPN,NY,AEA,EN,Combined TRACON& Tower with Radar,24,156,152,0,332,0,0,100,0,100,24,156,252,0,432,86,0,86,518
01/06/2003,HPN,NY,AEA,EN,Combined TRACON& Tower with Radar,18,133,103,0,254,6,8,0,0,14,24,141,103,0,268,0,0,0,268
01/07/2003,HPN,NY,AEA,EN,Combined TRACON& Tower with Radar,22,151,129,0,302,2,0,52,0,54,24,151,181,0,356,60,0,60,416
01/08/2003,HPN,NY,AEA,EN,Combined TRACON& Tower with Radar,22,184,165,0,371,0,0,49,0,49,22,184,214,0,420,8,0,8,428
01/09/2003,HPN,NY,AEA,EN,Combined TRACON& Tower with Radar,20,167,142,0,329,0,33,39,0,72,20,200,181,0,401,14,0,14,415
01/10/2003,HPN,NY,AEA,EN,Combined TRACON& Tower with Radar,25,176,155,0,356,18,0,72,0,90,43,176,227,0,446,0,0,0,446
01/11/2003,HPN,NY,AEA,EN,Combined TRACON& Tower with Radar,15,101,90,0,206,1,0,5,0,6,16,101,95,0,212,79,0,79,291
01/12/2003,HPN,NY,AEA,EN,Combined TRACON& Tower with Radar,21,128,125,0,274,0,0,17,0,17,21,128,142,0,291,166,0,166,457
01/13/2003,HPN,NY,AEA,EN,Combined TRACON& Tower with Radar,21,154,130,0,305,0,17,56,0,73,21,171,186,0,378,30,0,30,408
01/14/2003,HPN,NY,AEA,EN,Combined TRACON& Tower with Radar,25,172,155,0,352,3,0,121,0,124,28,172,276,0,476,82,0,82,558
01/15/2003,HPN,NY,AEA,EN,Combined TRACON& Tower with Radar,27,189,162,0,378,16,0,94,0,110,43,189,256,0,488,64,0,64,552
01/16/2003,HPN,NY,AEA,EN,Combined TRACON& Tower with Radar,29,206,173,0,408,0,9,121,0,130,29,215,294,0,538,92,0,92,630
01/17/2003,HPN,NY,AEA,EN,Combined TRACON& Tower with Radar,22,214,180,0,416,0,15,77,0,92,22,229,257,0,508,12,0,12,520
01/18/2003,HPN,NY,AEA,EN,Combined TRACON& Tower with Radar,13,71,87,0,171,0,0,158,0,158,13,71,245,0,329,180,0,180,509
01/19/2003,HPN,NY,AEA,EN,Combined TRACON& Tower with Radar,16,109,93,0,218,1,0,75,0,76,17,109,168,0,294,112,0,112,406
01/20/2003,HPN,NY,AEA,EN,Combined TRACON& Tower with Radar,21,209,175,0,405,0,18,39,0,57,21,227,214,0,462,6,1,7,469
01/21/2003,HPN,NY,AEA,EN,Combined TRACON& Tower with Radar,20,186,155,0,361,0,13,72,0,85,20,199,227,0,446,4,0,4,450
01/22/2003,HPN,NY,AEA,EN,Combined TRACON& Tower with Radar,21,172,144,0,337,0,10,63,0,73,21,182,207,0,410,4,0,4,414
01/23/2003,HPN,NY,AEA,EN,Combined TRACON& Tower with Radar,22,187,167,0,376,0,0,63,2,65,22,187,230,2,441,6,0,6,447
01/24/2003,HPN,NY,AEA,EN,Combined TRACON& Tower with Radar,20,198,166,0,384,0,0,7,0,7,20,198,173,0,391,83,0,83,474
01/25/2003,HPN,NY,AEA,EN,Combined TRACON& Tower with Radar,16,80,95,0,191,4,0,202,0,206,20,80,297,0,397,154,0,154,551
01/26/2003,HPN,NY,AEA,EN,Combined TRACON& Tower with Radar,19,125,113,0,257,2,0,106,9,117,21,125,219,9,374,112,0,112,486
01/27/2003,HPN,NY,AEA,EN,Combined TRACON& Tower with Radar,26,185,159,0,370,4,0,68,0,72,30,185,227,0,442,0,0,0,442
01/28/2003,HPN,NY,AEA,EN,Combined TRACON& Tower with Radar,23,165,138,0,326,1,4,101,0,106,24,169,239,0,432,122,0,122,554
01/29/2003,HPN,NY,AEA,EN,Combined TRACON& Tower with Radar,23,164,116,0,303,0,23,0,0,23,23,187,116,0,326,0,0,0,326
01/30/2003,HPN,NY,AEA,EN,Combined TRACON& Tower with Radar,19,196,166,0,381,0,3,162,0,165,19,199,328,0,546,72,0,72,618
01/31/2003,HPN,NY,AEA,EN,Combined TRACON& Tower with Radar,18,178,158,0,354,0,0,27,0,27,18,178,185,0,381,52,0,52,433
02/01/2003,HPN,NY,AEA,EN,Combined TRACON& Tower with Radar,10,76,44,0,130,8,14,0,0,22,18,90,44,0,152,0,0,0,152
02/02/2003,HPN,NY,AEA,EN,Combined TRACON& Tower with Radar,17,139,118,0,274,0,0,87,0,87,17,139,205,0,361,40,0,40,401
02/03/2003,HPN,NY,AEA,EN,Combined TRACON& Tower with Radar,18,158,141,0,317,0,0,171,0,171,18,158,312,0,488,62,0,62,550
02/04/2003,HPN,NY,AEA,EN,Combined TRACON& Tower with Radar,21,156,116,0,293,0,12,0,1,13,21,168,116,1,306,7,0,7,313
02/05/2003,HPN,NY,AEA,EN,Combined TRACON& Tower with Radar,25,185,152,0,362,2,2,0,0,4,27,187,152,0,366,114,0,114,480
02/06/2003,HPN,NY,AEA,EN,Combined TRACON& Tower with Radar,24,193,169,0,386,0,0,141,1,142,24,193,310,1,528,20,0,20,548
02/07/2003,HPN,NY,AEA,EN,Combined TRACON& Tower with Radar,19,156,131,0,306,0,5,8,0,13,19,161,139,0,319,0,0,0,319
02/08/2003,HPN,NY,AEA,EN,Combined TRACON& Tower with Radar,15,108,101,0,224,4,0,145,0,149,19,108,246,0,373,46,0,46,419
02/09/2003,HPN,NY,AEA,EN,Combined TRACON& Tower with Radar,23,172,155,0,350,10,0,170,0,180,33,172,325,0,530,64,0,64,594
02/10/2003,HPN,NY,AEA,EN,Combined TRACON& Tower with Radar,21,166,135,0,322,0,3,0,0,3,21,169,135,0,325,19,0,19,344
02/11/2003,HPN,NY,AEA,EN,Combined TRACON& Tower with Radar,20,176,148,1,345,0,19,49,0,68,20,195,197,1,413,34,0,34,447
02/12/2003,HPN,NY,AEA,EN,Combined TRACON& Tower with Radar,24,198,165,0,387,0,5,31,0,36,24,203,196,0,423,0,0,0,423
02/13/2003,HPN,NY,AEA,EN,Combined TRACON& Tower with Radar,26,251,214,0,491,0,0,96,0,96,26,251,310,0,587,5,0,5,592
02/14/2003,HPN,NY,AEA,EN,Combined TRACON& Tower with Radar,20,295,246,0,561,0,1,157,0,158,20,296,403,0,719,6,0,6,725
02/15/2003,HPN,NY,AEA,EN,Combined TRACON& Tower with Radar,14,118,99,0,231,0,8,72,0,80,14,126,171,0,311,96,0,96,407
02/16/2003,HPN,NY,AEA,EN,Combined TRACON& Tower with Radar,16,108,104,0,228,0,0,15,2,17,16,108,119,2,245,97,0,97,342
02/17/2003,HPN,NY,AEA,EN,Combined TRACON& Tower with Radar,0,1,0,0,1,0,0,0,0,0,0,1,0,0,1,0,0,0,1
02/18/2003,HPN,NY,AEA,EN,Combined TRACON& Tower with Radar,20,184,165,0,369,0,0,54,0,54,20,184,219,0,423,0,0,0,423
02/19/2003,HPN,NY,AEA,EN,Combined TRACON& Tower with Radar,25,210,189,0,424,0,0,86,1,87,25,210,275,1,511,18,0,18,529
02/20/2003,HPN,NY,AEA,EN,Combined TRACON& Tower with Radar,26,206,171,0,403,2,3,99,0,104,28,209,270,0,507,4,2,6,513
02/21/2003,HPN,NY,AEA,EN,Combined TRACON& Tower with Radar,26,206,171,0,403,0,4,134,0,138,26,210,305,0,541,40,0,40,581
02/22/2003,HPN,NY,AEA,EN,Combined TRACON& Tower with Radar,10,81,51,0,142,5,12,0,0,17,15,93,51,0,159,0,0,0,159
02/23/2003,HPN,NY,AEA,EN,Combined TRACON& Tower with Radar,19,143,123,0,285,0,0,12,0,12,19,143,135,0,297,0,0,0,297
02/24/2003,HPN,NY,AEA,EN,Combined TRACON& Tower with Radar,23,189,156,0,368,0,10,66,0,76,23,199,222,0,444,10,0,10,454
02/25/2003,HPN,NY,AEA,EN,Combined TRACON& Tower with Radar,23,180,150,0,353,9,0,85,0,94,32,180,235,0,447,6,0,6,453
02/26/2003,HPN,NY,AEA,EN,Combined TRACON& Tower with Radar,21,178,147,0,346,0,10,113,0,123,21,188,260,0,469,98,0,98,567
02/27/2003,HPN,NY,AEA,EN,Combined TRACON& Tower with Radar,23,177,155,0,355,15,0,103,0,118,38,177,258,0,473,84,0,84,557
02/28/2003,HPN,NY,AEA,EN,Combined TRACON& Tower with Radar,18,182,151,0,351,0,14,57,0,71,18,196,208,0,422,0,0,0,422
03/01/2003,HPN,NY,AEA,EN,Combined TRACON& Tower with Radar,15,90,116,0,221,4,0,14,4,22,19,90,130,4,243,288,0,288,531
03/02/2003,HPN,NY,AEA,EN,Combined TRACON& Tower with Radar,17,125,111,0,253,3,19,0,0,22,20,144,111,0,275,6,0,6,281
03/03/2003,HPN,NY,AEA,EN,Combined TRACON& Tower with Radar,22,170,173,0,365,0,11,61,0,72,22,181,234,0,437,4,0,4,441
03/04/2003,HPN,NY,AEA,EN,Combined TRACON& Tower with Radar,19,172,175,0,366,0,8,126,0,134,19,180,301,0,500,34,0,34,534
03/05/2003,HPN,NY,AEA,EN,Combined TRACON& Tower with Radar,22,164,143,0,329,0,45,0,0,45,22,209,143,0,374,14,0,14,388
03/06/2003,HPN,NY,AEA,EN,Combined TRACON& Tower with Radar,11,96,99,0,206,0,2,2,0,4,11,98,101,0,210,0,0,0,210
03/07/2003,HPN,NY,AEA,EN,Combined TRACON& Tower with Radar,22,207,211,0,440,0,9,107,0,116,22,216,318,0,556,4,0,4,560
03/08/2003,HPN,NY,AEA,EN,Combined TRACON& Tower with Radar,13,91,101,0,205,8,0,184,0,192,21,91,285,0,397,98,0,98,495
03/09/2003,HPN,NY,AEA,EN,Combined TRACON& Tower with Radar,18,130,149,0,297,12,0,5,0,17,30,130,154,0,314,50,0,50,364
03/10/2003,HPN,NY,AEA,EN,Combined TRACON& Tower with Radar,24,183,188,0,395,9,0,83,0,92,33,183,271,0,487,28,0,28,515
03/11/2003,HPN,NY,AEA,EN,Combined TRACON& Tower with Radar,21,165,169,0,355,2,28,106,0,136,23,193,275,0,491,58,0,58,549
03/12/2003,HPN,NY,AEA,EN,Combined TRACON& Tower with Radar,26,205,192,0,423,0,16,0,0,16,26,221,192,0,439,130,2,132,571
03/13/2003,HPN,NY,AEA,EN,Combined TRACON& Tower with Radar,18,148,148,0,314,4,35,0,0,39,22,183,148,0,353,22,0,22,375
03/14/2003,HPN,NY,AEA,EN,Combined TRACON& Tower with Radar,30,232,248,0,510,6,0,107,0,113,36,232,355,0,623,42,0,42,665
03/15/2003,HPN,NY,AEA,EN,Combined TRACON& Tower with Radar,18,125,149,0,292,2,0,219,0,221,20,125,368,0,513,120,0,120,633
03/16/2003,HPN,NY,AEA,EN,Combined TRACON& Tower with Radar,20,152,161,0,333,2,0,215,0,217,22,152,376,0,550,40,0,40,590
03/17/2003,HPN,NY,AEA,EN,Combined TRACON& Tower with Radar,20,159,160,0,339,4,12,111,0,127,24,171,271,0,466,28,0,28,494
03/18/2003,HPN,NY,AEA,EN,Combined TRACON& Tower with Radar,23,183,184,0,390,0,13,64,0,77,23,196,248,0,467,122,0,122,589
03/19/2003,HPN,NY,AEA,EN,Combined TRACON& Tower with Radar,19,230,239,0,488,0,0,35,0,35,19,230,274,0,523,0,0,0,523
03/20/2003,HPN,NY,AEA,EN,Combined TRACON& Tower with Radar,20,163,151,0,334,3,16,0,0,19,23,179,151,0,353,0,0,0,353
03/21/2003,HPN,NY,AEA,EN,Combined TRACON& Tower with Radar,20,174,175,0,369,0,4,2,0,6,20,178,177,0,375,0,0,0,375
03/22/2003,HPN,NY,AEA,EN,Combined TRACON& Tower with Radar,16,123,180,0,319,0,0,58,1,59,16,123,238,1,378,14,0,14,392
03/23/2003,HPN,NY,AEA,EN,Combined TRACON& Tower with Radar,21,158,204,0,383,0,0,59,0,59,21,158,263,0,442,30,0,30,472
03/24/2003,HPN,NY,AEA,EN,Combined TRACON& Tower with Radar,24,217,231,0,472,0,0,34,0,34,24,217,265,0,506,80,0,80,586
03/25/2003,HPN,NY,AEA,EN,Combined TRACON& Tower with Radar,22,226,229,0,477,0,7,4,0,11,22,233,233,0,488,38,0,38,526
03/26/2003,HPN,NY,AEA,EN,Combined TRACON& Tower with Radar,22,189,44,0,255,0,13,0,1,14,22,202,44,1,269,221,0,221,490
03/27/2003,HPN,NY,AEA,EN,Combined TRACON& Tower with Radar,27,203,223,0,453,0,0,42,0,42,27,203,265,0,495,84,0,84,579
03/28/2003,HPN,NY,AEA,EN,Combined TRACON& Tower with Radar,21,187,238,0,446,0,0,50,2,52,21,187,288,2,498,78,0,78,576
03/29/2003,HPN,NY,AEA,EN,Combined TRACON& Tower with Radar,9,107,108,0,224,0,6,0,0,6,9,113,108,0,230,10,0,10,240
03/30/2003,HPN,NY,AEA,EN,Combined TRACON& Tower with Radar,20,177,157,0,354,0,25,0,0,25,20,202,157,0,379,0,0,0,379
03/31/2003,HPN,NY,AEA,EN,Combined TRACON& Tower with Radar,22,174,177,0,373,1,4,5,0,10,23,178,182,0,383,0,0,0,383
04/01/2003,HPN,NY,AEA,EN,Combined TRACON& Tower with Radar,22,194,159,0,375,0,0,7,0,7,22,194,166,0,382,20,0,20,402
04/02/2003,HPN,NY,AEA,EN,Combined TRACON& Tower with Radar,39,171,206,0,416,0,0,21,0,21,39,171,227,0,437,114,0,114,551
04/03/2003,HPN,NY,AEA,EN,Combined TRACON& Tower with Radar,27,180,207,0,414,0,0,17,0,17,27,180,224,0,431,80,0,80,511
04/04/2003,HPN,NY,AEA,EN,Combined TRACON& Tower with Radar,16,170,109,0,295,0,0,1,0,1,16,170,110,0,296,0,0,0,296
04/05/2003,HPN,NY,AEA,EN,Combined TRACON& Tower with Radar,12,77,39,0,128,0,0,0,0,0,12,77,39,0,128,0,0,0,128
04/06/2003,HPN,NY,AEA,EN,Combined TRACON& Tower with Radar,21,137,259,1,418,0,0,25,0,25,21,137,284,1,443,80,0,80,523
04/07/2003,HPN,NY,AEA,EN,Combined TRACON& Tower with Radar,19,127,98,0,244,0,0,0,3,3,19,127,98,3,247,0,0,0,247
04/08/2003,HPN,NY,AEA,EN,Combined TRACON& Tower with Radar,25,146,123,0,294,0,0,0,0,0,25,146,123,0,294,0,0,0,294
04/09/2003,HPN,NY,AEA,EN,Combined TRACON& Tower with Radar,20,193,132,0,345,0,0,0,0,0,20,193,132,0,345,0,0,0,345
04/10/2003,HPN,NY,AEA,EN,Combined TRACON& Tower with Radar,22,207,287,0,516,0,0,14,0,14,22,207,301,0,530,60,0,60,590
04/11/2003,HPN,NY,AEA,EN,Combined TRACON& Tower with Radar,21,227,188,0,436,0,0,3,0,3,21,227,191,0,439,0,0,0,439
04/12/2003,HPN,NY,AEA,EN,Combined TRACON& Tower with Radar,13,99,191,0,303,0,0,0,0,0,13,99,191,0,303,132,0,132,435
04/13/2003,HPN,NY,AEA,EN,Combined TRACON& Tower with Radar,21,152,287,0,460,0,0,63,0,63,21,152,350,0,523,76,0,76,599
04/14/2003,HPN,NY,AEA,EN,Combined TRACON& Tower with Radar,31,169,245,0,445,0,0,40,0,40,31,169,285,0,485,30,0,30,515
04/15/2003,HPN,NY,AEA,EN,Combined TRACON& Tower with Radar,21,185,256,0,462,0,0,38,0,38,21,185,294,0,500,34,0,34,534
04/16/2003,HPN,NY,AEA,EN,Combined TRACON& Tower with Radar,23,216,269,0,508,0,0,43,0,43,23,216,312,0,551,12,0,12,563
04/17/2003,HPN,NY,AEA,EN,Combined TRACON& Tower with Radar,17,242,214,0,473,0,0,59,0,59,17,242,273,0,532,36,0,36,568
04/18/2003,HPN,NY,AEA,EN,Combined TRACON& Tower with Radar,21,191,108,0,320,0,0,65,0,65,21,191,173,0,385,76,0,76,461
04/19/2003,HPN,NY,AEA,EN,Combined TRACON& Tower with Radar,21,101,122,0,244,0,0,0,0,0,21,101,122,0,244,336,0,336,580
04/20/2003,HPN,NY,AEA,EN,Combined TRACON& Tower with Radar,17,185,212,0,414,0,0,143,0,143,17,185,355,0,557,68,0,68,625
04/21/2003,HPN,NY,AEA,EN,Combined TRACON& Tower with Radar,30,206,196,0,432,0,0,124,0,124,30,206,320,0,556,62,0,62,618
04/22/2003,HPN,NY,AEA,EN,Combined TRACON& Tower with Radar,23,177,223,0,423,0,0,0,0,0,23,177,223,0,423,3,0,3,426
04/23/2003,HPN,NY,AEA,EN,Combined TRACON& Tower with Radar,20,180,180,0,380,0,0,0,0,0,20,180,180,0,380,144,0,144,524
04/24/2003,HPN,NY,AEA,EN,Combined TRACON& Tower with Radar,28,196,191,0,415,0,0,120,0,120,28,196,311,0,535,4,0,4,539
04/25/2003,HPN,NY,AEA,EN,Combined TRACON& Tower with Radar,24,194,247,0,465,0,0,202,0,202,24,194,449,0,667,76,0,76,743
04/26/2003,HPN,NY,AEA,EN,Combined TRACON& Tower with Radar,18,91,97,0,206,0,0,0,0,0,18,91,97,0,206,0,0,0,206
04/27/2003,HPN,NY,AEA,EN,Combined TRACON& Tower with Radar,16,151,199,0,366,0,0,196,0,196,16,151,395,0,562,102,0,102,664
04/28/2003,HPN,NY,AEA,EN,Combined TRACON& Tower with Radar,27,179,197,0,403,0,0,185,0,185,27,179,382,0,588,78,0,78,666
04/29/2003,HPN,NY,AEA,EN,Combined TRACON& Tower with Radar,22,185,194,0,401,0,0,122,0,122,22,185,316,0,523,66,0,66,589
04/30/2003,HPN,NY,AEA,EN,Combined TRACON& Tower with Radar,21,188,199,0,408,0,0,0,0,0,21,188,199,0,408,265,0,265,673
05/01/2003,HPN,NY,AEA,EN,Combined TRACON& Tower with Radar,16,217,171,0,404,0,0,56,0,56,16,217,227,0,460,58,0,58,518
05/02/2003,HPN,NY,AEA,EN,Combined TRACON& Tower with Radar,21,205,173,0,399,0,0,66,0,66,21,205,239,0,465,16,0,16,481
05/03/2003,HPN,NY,AEA,EN,Combined TRACON& Tower with Radar,15,108,100,0,223,0,0,125,0,125,15,108,225,0,348,98,0,98,446
05/04/2003,HPN,NY,AEA,EN,Combined TRACON& Tower with Radar,22,175,179,0,376,0,0,244,0,244,22,175,423,0,620,132,0,132,752
05/05/2003,HPN,NY,AEA,EN,Combined TRACON& Tower with Radar,21,157,151,0,329,0,0,119,0,119,21,157,270,0,448,62,0,62,510
05/06/2003,HPN,NY,AEA,EN,Combined TRACON& Tower with Radar,16,194,184,0,394,0,0,14,0,14,16,194,198,0,408,0,0,0,408
05/07/2003,HPN,NY,AEA,EN,Combined TRACON& Tower with Radar,24,186,249,0,459,0,0,107,0,107,24,186,356,0,566,66,0,66,632
05/08/2003,HPN,NY,AEA,EN,Combined TRACON& Tower with Radar,23,185,219,0,427,0,0,4,0,4,23,185,223,0,431,0,0,0,431
05/09/2003,HPN,NY,AEA,EN,Combined TRACON& Tower with Radar,27,228,222,0,477,0,0,91,0,91,27,228,313,0,568,60,0,60,628
05/10/2003,HPN,NY,AEA,EN,Combined TRACON& Tower with Radar,15,89,104,0,208,0,0,175,0,175,15,89,279,0,383,180,0,180,563
05/11/2003,HPN,NY,AEA,EN,Combined TRACON& Tower with Radar,18,106,116,0,240,0,0,0,0,0,18,106,116,0,240,0,0,0,240
05/12/2003,HPN,NY,AEA,EN,Combined TRACON& Tower with Radar,21,173,190,0,384,0,0,29,0,29,21,173,219,0,413,4,0,4,417
05/13/2003,HPN,NY,AEA,EN,Combined TRACON& Tower with Radar,22,183,158,0,363,0,0,93,0,93,22,183,251,0,456,22,0,22,478
05/14/2003,HPN,NY,AEA,EN,Combined TRACON& Tower with Radar,22,183,241,0,446,0,0,118,0,118,22,183,359,0,564,72,0,72,636
05/15/2003,HPN,NY,AEA,EN,Combined TRACON& Tower with Radar,21,192,237,0,450,0,0,191,0,191,21,192,428,0,641,56,0,56,697
05/16/2003,HPN,NY,AEA,EN,Combined TRACON& Tower with Radar,20,195,174,0,389,0,0,62,0,62,20,195,236,0,451,18,0,18,469
05/17/2003,HPN,NY,AEA,EN,Combined TRACON& Tower with Radar,14,89,128,0,231,0,0,132,0,132,14,89,260,0,363,170,0,170,533
05/18/2003,HPN,NY,AEA,EN,Combined TRACON& Tower with Radar,18,139,229,0,386,0,0,271,0,271,18,139,500,0,657,76,0,76,733
05/19/2003,HPN,NY,AEA,EN,Combined TRACON& Tower with Radar,24,176,168,0,368,0,0,190,0,190,24,176,358,0,558,104,0,104,662
05/20/2003,HPN,NY,AEA,EN,Combined TRACON& Tower with Radar,20,179,195,0,394,0,0,169,0,169,20,179,364,0,563,164,0,164,727
05/21/2003,HPN,NY,AEA,EN,Combined TRACON& Tower with Radar,20,196,208,0,424,0,0,21,0,21,20,196,229,0,445,26,0,26,471
05/22/2003,HPN,NY,AEA,EN,Combined TRACON& Tower with Radar,22,228,246,0,496,0,0,5,0,5,22,228,251,0,501,0,0,0,501
05/23/2003,HPN,NY,AEA,EN,Combined TRACON& Tower with Radar,23,239,267,0,529,0,0,1,0,1,23,239,268,0,530,0,0,0,530
05/24/2003,HPN,NY,AEA,EN,Combined TRACON& Tower with Radar,14,79,68,0,161,0,0,0,0,0,14,79,68,0,161,0,0,0,161
05/25/2003,HPN,NY,AEA,EN,Combined TRACON& Tower with Radar,21,77,119,0,217,0,0,0,0,0,21,77,119,0,217,7,0,7,224
05/26/2003,HPN,NY,AEA,EN,Combined TRACON& Tower with Radar,24,220,235,0,479,0,0,0,0,0,24,220,235,0,479,5,0,5,484
05/27/2003,HPN,NY,AEA,EN,Combined TRACON& Tower with Radar,23,190,222,0,435,0,0,98,0,98,23,190,320,0,533,106,0,106,639
05/28/2003,HPN,NY,AEA,EN,Combined TRACON& Tower with Radar,19,176,167,0,362,0,0,38,0,38,19,176,205,0,400,18,0,18,418
05/29/2003,HPN,NY,AEA,EN,Combined TRACON& Tower with Radar,20,200,220,0,440,0,0,0,0,0,20,200,220,0,440,255,0,255,695
05/30/2003,HPN,NY,AEA,EN,Combined TRACON& Tower with Radar,17,189,204,0,410,0,0,179,0,179,17,189,383,0,589,94,0,94,683
05/31/2003,HPN,NY,AEA,EN,Combined TRACON& Tower with Radar,13,89,85,0,187,0,0,93,0,93,13,89,178,0,280,124,0,124,404
06/01/2003,HPN,NY,AEA,EN,Combined TRACON& Tower with Radar,17,132,132,0,281,0,0,8,0,8,17,132,140,0,289,20,0,20,309
06/02/2003,HPN,NY,AEA,EN,Combined TRACON& Tower with Radar,23,186,208,0,417,0,0,139,0,139,23,186,347,0,556,134,0,134,690
06/03/2003,HPN,NY,AEA,EN,Combined TRACON& Tower with Radar,29,191,221,0,441,0,0,129,0,129,29,191,350,0,570,36,0,36,606
06/04/2003,HPN,NY,AEA,EN,Combined TRACON& Tower with Radar,24,202,163,0,389,0,0,3,0,3,24,202,166,0,392,0,0,0,392
06/05/2003,HPN,NY,AEA,EN,Combined TRACON& Tower with Radar,22,219,242,0,483,0,0,49,0,49,22,219,291,0,532,28,0,28,560
06/06/2003,HPN,NY,AEA,EN,Combined TRACON& Tower with Radar,20,205,236,0,461,0,0,221,0,221,20,205,457,0,682,72,0,72,754
06/07/2003,HPN,NY,AEA,EN,Combined TRACON& Tower with Radar,17,97,125,0,239,0,0,0,0,0,17,97,125,0,239,85,0,85,324
06/08/2003,HPN,NY,AEA,EN,Combined TRACON& Tower with Radar,25,134,230,0,389,0,0,49,0,49,25,134,279,0,438,42,0,42,480
06/09/2003,HPN,NY,AEA,EN,Combined TRACON& Tower with Radar,21,189,192,0,402,0,0,66,0,66,21,189,258,0,468,22,0,22,490
06/10/2003,HPN,NY,AEA,EN,Combined TRACON& Tower with Radar,17,197,204,0,418,0,0,252,0,252,17,197,456,0,670,56,0,56,726
06/11/2003,HPN,NY,AEA,EN,Combined TRACON& Tower with Radar,19,197,220,0,436,0,0,45,0,45,19,197,265,0,481,0,0,0,481
06/12/2003,HPN,NY,AEA,EN,Combined TRACON& Tower with Radar,29,207,205,0,441,0,0,46,0,46,29,207,251,0,487,0,0,0,487
06/13/2003,HPN,NY,AEA,EN,Combined TRACON& Tower with Radar,17,210,212,0,439,0,0,3,0,3,17,210,215,0,442,0,0,0,442
06/14/2003,HPN,NY,AEA,EN,Combined TRACON& Tower with Radar,16,112,140,0,268,0,0,75,0,75,16,112,215,0,343,54,0,54,397
06/15/2003,HPN,NY,AEA,EN,Combined TRACON& Tower with Radar,17,150,196,0,363,0,0,279,0,279,17,150,475,0,642,90,0,90,732
06/16/2003,HPN,NY,AEA,EN,Combined TRACON& Tower with Radar,20,213,222,0,455,0,0,0,0,0,20,213,222,0,455,303,0,303,758
06/17/2003,HPN,NY,AEA,EN,Combined TRACON& Tower with Radar,19,212,180,0,411,0,0,198,0,198,19,212,378,0,609,88,0,88,697
06/18/2003,HPN,NY,AEA,EN,Combined TRACON& Tower with Radar,17,224,195,0,436,0,0,4,0,4,17,224,199,0,440,0,0,0,440
06/19/2003,HPN,NY,AEA,EN,Combined TRACON& Tower with Radar,21,197,187,0,405,0,0,40,0,40,21,197,227,0,445,152,0,152,597
06/20/2003,HPN,NY,AEA,EN,Combined TRACON& Tower with Radar,18,249,221,0,488,0,0,66,0,66,18,249,287,0,554,72,0,72,626
06/21/2003,HPN,NY,AEA,EN,Combined TRACON& Tower with Radar,14,116,93,0,223,0,0,25,0,25,14,116,118,0,248,54,0,54,302
06/22/2003,HPN,NY,AEA,EN,Combined TRACON& Tower with Radar,12,176,235,0,423,0,0,28,0,28,12,176,263,0,451,16,0,16,467
06/23/2003,HPN,NY,AEA,EN,Combined TRACON& Tower with Radar,22,197,216,0,435,0,0,157,0,157,22,197,373,0,592,48,0,48,640
06/24/2003,HPN,NY,AEA,EN,Combined TRACON& Tower with Radar,17,188,235,0,440,0,0,152,0,152,17,188,387,0,592,106,0,106,698
06/25/2003,HPN,NY,AEA,EN,Combined TRACON& Tower with Radar,21,224,261,0,506,0,0,174,0,174,21,224,435,0,680,50,0,50,730
06/26/2003,HPN,NY,AEA,EN,Combined TRACON& Tower with Radar,20,222,203,0,445,0,0,172,0,172,20,222,375,0,617,146,6,152,769
06/27/2003,HPN,NY,AEA,EN,Combined TRACON& Tower with Radar,18,223,233,0,474,0,0,140,0,140,18,223,373,0,614,42,0,42,656
06/28/2003,HPN,NY,AEA,EN,Combined TRACON& Tower with Radar,20,113,202,0,335,0,0,0,0,0,20,113,202,0,335,317,0,317,652
06/29/2003,HPN,NY,AEA,EN,Combined TRACON& Tower with Radar,19,159,192,1,371,0,0,220,0,220,19,159,412,1,591,176,0,176,767
06/30/2003,HPN,NY,AEA,EN,Combined TRACON& Tower with Radar,19,185,199,0,403,0,0,114,0,114,19,185,313,0,517,152,1,153,670
07/01/2003,HPN,NY,AEA,EN,Combined TRACON& Tower with Radar,42,179,218,0,439,0,0,189,0,189,42,179,407,0,628,142,0,142,770
07/02/2003,HPN,NY,AEA,EN,Combined TRACON& Tower with Radar,18,216,217,0,451,0,0,240,0,240,18,216,457,0,691,82,0,82,773
07/03/2003,HPN,NY,AEA,EN,Combined TRACON& Tower with Radar,22,259,255,0,536,0,0,58,0,58,22,259,313,0,594,28,0,28,622
07/04/2003,HPN,NY,AEA,EN,Combined TRACON& Tower with Radar,13,77,83,0,173,0,0,102,0,102,13,77,185,0,275,56,0,56,331
07/05/2003,HPN,NY,AEA,EN,Combined TRACON& Tower with Radar,17,70,81,11,179,0,0,90,0,90,17,70,171,11,269,80,0,80,349
07/06/2003,HPN,NY,AEA,EN,Combined TRACON& Tower with Radar,11,201,213,4,429,0,0,219,0,219,11,201,432,4,648,104,0,104,752
07/07/2003,HPN,NY,AEA,EN,Combined TRACON& Tower with Radar,17,212,213,1,443,0,0,152,0,152,17,212,365,1,595,42,0,42,637
07/08/2003,HPN,NY,AEA,EN,Combined TRACON& Tower with Radar,18,179,226,0,423,0,0,122,0,122,18,179,348,0,545,124,0,124,669
07/09/2003,HPN,NY,AEA,EN,Combined TRACON& Tower with Radar,19,182,186,1,388,0,0,123,0,123,19,182,309,1,511,152,0,152,663
07/10/2003,HPN,NY,AEA,EN,Combined TRACON& Tower with Radar,18,220,182,0,420,0,0,143,0,143,18,220,325,0,563,25,0,25,588
07/11/2003,HPN,NY,AEA,EN,Combined TRACON& Tower with Radar,17,248,257,0,522,0,0,37,0,37,17,248,294,0,559,26,0,26,585
07/12/2003,HPN,NY,AEA,EN,Combined TRACON& Tower with Radar,15,116,159,0,290,0,0,0,0,0,15,116,159,0,290,417,0,417,707
07/13/2003,HPN,NY,AEA,EN,Combined TRACON& Tower with Radar,13,167,263,0,443,0,0,282,0,282,13,167,545,0,725,134,0,134,859
07/14/2003,HPN,NY,AEA,EN,Combined TRACON& Tower with Radar,28,215,218,0,461,0,0,93,0,93,28,215,311,0,554,70,0,70,624
07/15/2003,HPN,NY,AEA,EN,Combined TRACON& Tower with Radar,17,201,174,0,392,0,0,180,0,180,17,201,354,0,572,104,0,104,676
07/16/2003,HPN,NY,AEA,EN,Combined TRACON& Tower with Radar,18,214,213,0,445,0,0,41,0,41,18,214,254,0,486,0,0,0,486
07/17/2003,HPN,NY,AEA,EN,Combined TRACON& Tower with Radar,17,209,212,0,438,0,0,298,0,298,17,209,510,0,736,94,0,94,830
07/18/2003,HPN,NY,AEA,EN,Combined TRACON& Tower with Radar,22,256,208,0,486,0,0,179,0,179,22,256,387,0,665,34,0,34,699
07/19/2003,HPN,NY,AEA,EN,Combined TRACON& Tower with Radar,16,101,139,0,256,0,0,186,0,186,16,101,325,0,442,72,0,72,514
07/20/2003,HPN,NY,AEA,EN,Combined TRACON& Tower with Radar,20,180,231,0,431,0,0,247,0,247,20,180,478,0,678,96,0,96,774
07/21/2003,HPN,NY,AEA,EN,Combined TRACON& Tower with Radar,17,202,239,0,458,0,0,21,0,21,17,202,260,0,479,0,0,0,479
07/22/2003,HPN,NY,AEA,EN,Combined TRACON& Tower with Radar,11,185,161,0,357,0,0,39,0,39,11,185,200,0,396,36,0,36,432
07/23/2003,HPN,NY,AEA,EN,Combined TRACON& Tower with Radar,17,206,214,0,437,0,0,10,0,10,17,206,224,0,447,0,0,0,447
07/24/2003,HPN,NY,AEA,EN,Combined TRACON& Tower with Radar,22,261,228,0,511,0,0,114,0,114,22,261,342,0,625,18,0,18,643
07/25/2003,HPN,NY,AEA,EN,Combined TRACON& Tower with Radar,22,261,236,0,519,0,0,341,0,341,22,261,577,0,860,40,0,40,900
07/26/2003,HPN,NY,AEA,EN,Combined TRACON& Tower with Radar,14,118,132,0,264,0,0,236,0,236,14,118,368,0,500,126,0,126,626
07/27/2003,HPN,NY,AEA,EN,Combined TRACON& Tower with Radar,18,169,160,0,347,0,0,147,0,147,18,169,307,0,494,90,0,90,584
07/28/2003,HPN,NY,AEA,EN,Combined TRACON& Tower with Radar,19,203,198,0,420,0,0,207,0,207,19,203,405,0,627,62,0,62,689
07/29/2003,HPN,NY,AEA,EN,Combined TRACON& Tower with Radar,23,168,169,0,360,0,0,210,0,210,23,168,379,0,570,48,0,48,618
07/30/2003,HPN,NY,AEA,EN,Combined TRACON& Tower with Radar,33,195,180,0,408,0,0,190,0,190,33,195,370,0,598,98,0,98,696
07/31/2003,HPN,NY,AEA,EN,Combined TRACON& Tower with Radar,20,256,191,0,467,0,0,226,0,226,20,256,417,0,693,94,0,94,787
08/01/2003,HPN,NY,AEA,EN,Combined TRACON& Tower with Radar,21,222,209,0,452,0,0,0,0,0,21,222,209,0,452,0,0,0,452
08/02/2003,HPN,NY,AEA,EN,Combined TRACON& Tower with Radar,17,101,106,0,224,0,0,9,0,9,17,101,115,0,233,12,0,12,245
08/03/2003,HPN,NY,AEA,EN,Combined TRACON& Tower with Radar,14,178,174,0,366,0,0,51,0,51,14,178,225,0,417,6,0,6,423
08/04/2003,HPN,NY,AEA,EN,Combined TRACON& Tower with Radar,21,185,186,0,392,0,0,18,0,18,21,185,204,0,410,0,0,0,410
08/05/2003,HPN,NY,AEA,EN,Combined TRACON& Tower with Radar,16,138,156,0,310,0,0,9,0,9,16,138,165,0,319,0,0,0,319
08/06/2003,HPN,NY,AEA,EN,Combined TRACON& Tower with Radar,20,220,172,0,412,0,0,58,0,58,20,220,230,0,470,42,0,42,512
08/07/2003,HPN,NY,AEA,EN,Combined TRACON& Tower with Radar,22,217,220,0,459,0,0,48,0,48,22,217,268,0,507,0,0,0,507
08/08/2003,HPN,NY,AEA,EN,Combined TRACON& Tower with Radar,16,220,241,0,477,0,0,21,0,21,16,220,262,0,498,0,0,0,498
08/09/2003,HPN,NY,AEA,EN,Combined TRACON& Tower with Radar,16,112,88,0,216,0,0,0,0,0,16,112,88,0,216,0,0,0,216
08/10/2003,HPN,NY,AEA,EN,Combined TRACON& Tower with Radar,17,172,214,0,403,0,0,45,0,45,17,172,259,0,448,0,0,0,448
08/11/2003,HPN,NY,AEA,EN,Combined TRACON& Tower with Radar,23,205,253,0,481,0,0,66,0,66,23,205,319,0,547,6,0,6,553
08/12/2003,HPN,NY,AEA,EN,Combined TRACON& Tower with Radar,13,168,198,0,379,0,0,69,0,69,13,168,267,0,448,108,0,108,556
08/13/2003,HPN,NY,AEA,EN,Combined TRACON& Tower with Radar,22,214,200,0,436,0,0,83,0,83,22,214,283,0,519,52,0,52,571
08/14/2003,HPN,NY,AEA,EN,Combined TRACON& Tower with Radar,18,201,159,0,378,0,0,280,0,280,18,201,439,0,658,56,0,56,714
08/15/2003,HPN,NY,AEA,EN,Combined TRACON& Tower with Radar,20,222,209,0,451,0,0,256,0,256,20,222,465,0,707,34,0,34,741
08/16/2003,HPN,NY,AEA,EN,Combined TRACON& Tower with Radar,16,133,121,0,270,0,0,113,0,113,16,133,234,0,383,94,0,94,477
08/17/2003,HPN,NY,AEA,EN,Combined TRACON& Tower with Radar,20,156,216,2,394,0,0,139,0,139,20,156,355,2,533,138,0,138,671
08/18/2003,HPN,NY,AEA,EN,Combined TRACON& Tower with Radar,16,219,180,0,415,0,0,212,0,212,16,219,392,0,627,90,0,90,717
08/19/2003,HPN,NY,AEA,EN,Combined TRACON& Tower with Radar,23,182,180,0,385,0,0,212,0,212,23,182,392,0,597,26,0,26,623
08/20/2003,HPN,NY,AEA,EN,Combined TRACON& Tower with Radar,21,208,191,0,420,0,0,206,0,206,21,208,397,0,626,58,0,58,684
08/21/2003,HPN,NY,AEA,EN,Combined TRACON& Tower with Radar,19,221,228,0,468,0,0,141,0,141,19,221,369,0,609,48,0,48,657
08/22/2003,HPN,NY,AEA,EN,Combined TRACON& Tower with Radar,17,196,179,0,392,0,0,65,0,65,17,196,244,0,457,26,0,26,483
08/23/2003,HPN,NY,AEA,EN,Combined TRACON& Tower with Radar,24,95,120,0,239,0,0,211,0,211,24,95,331,0,450,102,0,102,552
08/24/2003,HPN,NY,AEA,EN,Combined TRACON& Tower with Radar,14,173,184,0,371,0,0,254,0,254,14,173,438,0,625,126,0,126,751
08/25/2003,HPN,NY,AEA,EN,Combined TRACON& Tower with Radar,24,189,203,2,418,0,0,169,0,169,24,189,372,2,587,56,0,56,643
08/26/2003,HPN,NY,AEA,EN,Combined TRACON& Tower with Radar,22,165,167,0,354,0,0,148,0,148,22,165,315,0,502,24,0,24,526
08/27/2003,HPN,NY,AEA,EN,Combined TRACON& Tower with Radar,35,238,173,0,446,0,0,164,0,164,35,238,337,0,610,78,0,78,688
08/28/2003,HPN,NY,AEA,EN,Combined TRACON& Tower with Radar,15,227,200,0,442,0,0,234,0,234,15,227,434,0,676,102,0,102,778
08/29/2003,HPN,NY,AEA,EN,Combined TRACON& Tower with Radar,19,172,201,0,392,0,0,136,0,136,19,172,337,0,528,18,0,18,546
08/30/2003,HPN,NY,AEA,EN,Combined TRACON& Tower with Radar,7,110,126,0,243,0,0,118,0,118,7,110,244,0,361,106,0,106,467
08/31/2003,HPN,NY,AEA,EN,Combined TRACON& Tower with Radar,14,96,133,0,243,0,0,225,0,225,14,96,358,0,468,62,0,62,530
09/01/2003,HPN,NY,AEA,EN,Combined TRACON& Tower with Radar,18,228,225,0,471,0,0,1,0,1,18,228,226,0,472,0,0,0,472
09/02/2003,HPN,NY,AEA,EN,Combined TRACON& Tower with Radar,20,205,199,0,424,0,0,2,0,2,20,205,201,0,426,0,0,0,426
09/03/2003,HPN,NY,AEA,EN,Combined TRACON& Tower with Radar,21,185,187,0,393,0,0,0,0,0,21,185,187,0,393,0,0,0,393
09/04/2003,HPN,NY,AEA,EN,Combined TRACON& Tower with Radar,22,180,182,0,384,0,0,5,0,5,22,180,187,0,389,0,0,0,389
09/05/2003,HPN,NY,AEA,EN,Combined TRACON& Tower with Radar,19,221,230,0,470,0,0,182,0,182,19,221,412,0,652,48,0,48,700
09/06/2003,HPN,NY,AEA,EN,Combined TRACON& Tower with Radar,11,89,130,1,231,0,0,243,0,243,11,89,373,1,474,98,0,98,572
09/07/2003,HPN,NY,AEA,EN,Combined TRACON& Tower with Radar,18,145,199,0,362,0,0,269,0,269,18,145,468,0,631,162,0,162,793
09/08/2003,HPN,NY,AEA,EN,Combined TRACON& Tower with Radar,19,196,180,0,395,0,0,172,0,172,19,196,352,0,567,74,0,74,641
09/09/2003,HPN,NY,AEA,EN,Combined TRACON& Tower with Radar,19,178,160,0,357,0,0,169,0,169,19,178,329,0,526,94,0,94,620
09/10/2003,HPN,NY,AEA,EN,Combined TRACON& Tower with Radar,34,204,210,0,448,0,0,178,0,178,34,204,388,0,626,56,0,56,682
09/11/2003,HPN,NY,AEA,EN,Combined TRACON& Tower with Radar,20,190,220,0,430,0,0,193,0,193,20,190,413,0,623,92,0,92,715
09/12/2003,HPN,NY,AEA,EN,Combined TRACON& Tower with Radar,20,226,216,0,462,0,0,215,0,215,20,226,431,0,677,42,0,42,719
09/13/2003,HPN,NY,AEA,EN,Combined TRACON& Tower with Radar,14,98,91,0,203,0,0,0,0,0,14,98,91,0,203,0,0,0,203
09/14/2003,HPN,NY,AEA,EN,Combined TRACON& Tower with Radar,17,168,224,0,409,0,0,5,0,5,17,168,229,0,414,0,0,0,414
09/15/2003,HPN,NY,AEA,EN,Combined TRACON& Tower with Radar,16,196,191,0,403,0,0,23,0,23,16,196,214,0,426,0,0,0,426
09/16/2003,HPN,NY,AEA,EN,Combined TRACON& Tower with Radar,19,186,220,0,425,0,0,138,0,138,19,186,358,0,563,66,0,66,629
09/17/2003,HPN,NY,AEA,EN,Combined TRACON& Tower with Radar,20,199,234,0,453,0,0,253,0,253,20,199,487,0,706,120,0,120,826
09/18/2003,HPN,NY,AEA,EN,Combined TRACON& Tower with Radar,15,171,152,0,338,0,0,50,0,50,15,171,202,0,388,0,0,0,388
09/19/2003,HPN,NY,AEA,EN,Combined TRACON& Tower with Radar,19,155,118,0,292,0,0,35,0,35,19,155,153,0,327,0,0,0,327
09/20/2003,HPN,NY,AEA,EN,Combined TRACON& Tower with Radar,11,105,114,0,230,0,0,181,0,181,11,105,295,0,411,60,0,60,471
09/21/2003,HPN,NY,AEA,EN,Combined TRACON& Tower with Radar,15,130,174,0,319,0,0,309,0,309,15,130,483,0,628,86,0,86,714
09/22/2003,HPN,NY,AEA,EN,Combined TRACON& Tower with Radar,17,207,236,0,460,0,0,125,0,125,17,207,361,0,585,34,0,34,619
09/23/2003,HPN,NY,AEA,EN,Combined TRACON& Tower with Radar,21,191,168,0,380,0,0,5,0,5,21,191,173,0,385,2,0,2,387
09/24/2003,HPN,NY,AEA,EN,Combined TRACON& Tower with Radar,19,206,279,0,504,0,0,108,0,108,19,206,387,0,612,10,2,12,624
09/25/2003,HPN,NY,AEA,EN,Combined TRACON& Tower with Radar,17,237,228,0,482,0,0,168,0,168,17,237,396,0,650,52,0,52,702
09/26/2003,HPN,NY,AEA,EN,Combined TRACON& Tower with Radar,16,211,219,0,446,0,0,0,0,0,16,211,219,0,446,126,0,126,572
09/27/2003,HPN,NY,AEA,EN,Combined TRACON& Tower with Radar,18,102,90,0,210,0,0,27,0,27,18,102,117,0,237,8,0,8,245
09/28/2003,HPN,NY,AEA,EN,Combined TRACON& Tower with Radar,16,159,162,0,337,0,0,10,0,10,16,159,172,0,347,0,0,0,347
09/29/2003,HPN,NY,AEA,EN,Combined TRACON& Tower with Radar,17,185,193,0,395,0,0,135,0,135,17,185,328,0,530,82,0,82,612
09/30/2003,HPN,NY,AEA,EN,Combined TRACON& Tower with Radar,20,203,193,0,416,0,0,172,0,172,20,203,365,0,588,134,0,134,722
10/01/2003,HPN,NY,AEA,EN,Combined TRACON& Tower with Radar,20,202,192,2,416,0,0,106,0,106,20,202,298,2,522,46,0,46,568
10/02/2003,HPN,NY,AEA,EN,Combined TRACON& Tower with Radar,20,210,176,0,406,0,0,164,0,164,20,210,340,0,570,34,0,34,604
10/03/2003,HPN,NY,AEA,EN,Combined TRACON& Tower with Radar,20,214,210,2,446,0,0,240,0,240,20,214,450,2,686,36,0,36,722
10/04/2003,HPN,NY,AEA,EN,Combined TRACON& Tower with Radar,12,108,109,0,229,0,0,92,0,92,12,108,201,0,321,112,0,112,433
10/05/2003,HPN,NY,AEA,EN,Combined TRACON& Tower with Radar,20,134,139,0,293,0,0,185,0,185,20,134,324,0,478,38,0,38,516
10/06/2003,HPN,NY,AEA,EN,Combined TRACON& Tower with Radar,18,175,153,0,346,0,0,177,0,177,18,175,330,0,523,98,0,98,621
10/07/2003,HPN,NY,AEA,EN,Combined TRACON& Tower with Radar,15,187,171,0,373,0,0,161,0,161,15,187,332,0,534,56,0,56,590
10/08/2003,HPN,NY,AEA,EN,Combined TRACON& Tower with Radar,19,217,176,0,412,0,0,149,0,149,19,217,325,0,561,56,0,56,617
10/09/2003,HPN,NY,AEA,EN,Combined TRACON& Tower with Radar,16,212,206,0,434,0,0,152,0,152,16,212,358,0,586,68,0,68,654
10/10/2003,HPN,NY,AEA,EN,Combined TRACON& Tower with Radar,24,269,347,0,640,0,0,23,0,23,24,269,370,0,663,0,0,0,663
10/11/2003,HPN,NY,AEA,EN,Combined TRACON& Tower with Radar,24,129,98,0,251,0,0,131,0,131,24,129,229,0,382,382,0,382,764
10/12/2003,HPN,NY,AEA,EN,Combined TRACON& Tower with Radar,16,149,164,0,329,0,0,29,0,29,16,149,193,0,358,58,0,58,416
10/13/2003,HPN,NY,AEA,EN,Combined TRACON& Tower with Radar,18,233,201,0,452,0,0,252,0,252,18,233,453,0,704,56,0,56,760
10/14/2003,HPN,NY,AEA,EN,Combined TRACON& Tower with Radar,15,211,190,0,416,0,0,132,0,132,15,211,322,0,548,40,0,40,588
10/15/2003,HPN,NY,AEA,EN,Combined TRACON& Tower with Radar,20,202,160,0,382,0,0,30,0,30,20,202,190,0,412,0,0,0,412
10/16/2003,HPN,NY,AEA,EN,Combined TRACON& Tower with Radar,18,222,193,0,433,0,0,144,0,144,18,222,337,0,577,70,0,70,647
10/17/2003,HPN,NY,AEA,EN,Combined TRACON& Tower with Radar,40,217,208,0,465,0,0,149,0,149,40,217,357,0,614,44,0,44,658
10/18/2003,HPN,NY,AEA,EN,Combined TRACON& Tower with Radar,12,106,110,0,228,0,0,155,0,155,12,106,265,0,383,40,0,40,423
10/19/2003,HPN,NY,AEA,EN,Combined TRACON& Tower with Radar,19,165,170,0,354,0,0,65,0,65,19,165,235,0,419,80,0,80,499
10/20/2003,HPN,NY,AEA,EN,Combined TRACON& Tower with Radar,19,179,213,0,411,0,0,139,0,139,19,179,352,0,550,88,0,88,638
10/21/2003,HPN,NY,AEA,EN,Combined TRACON& Tower with Radar,15,155,138,0,308,0,0,52,0,52,15,155,190,0,360,6,0,6,366
10/22/2003,HPN,NY,AEA,EN,Combined TRACON& Tower with Radar,18,201,153,0,372,0,0,83,0,83,18,201,236,0,455,88,0,88,543
10/23/2003,HPN,NY,AEA,EN,Combined TRACON& Tower with Radar,19,211,169,0,399,0,0,93,0,93,19,211,262,0,492,8,0,8,500
10/24/2003,HPN,NY,AEA,EN,Combined TRACON& Tower with Radar,19,212,231,2,464,0,0,162,0,162,19,212,393,2,626,54,0,54,680
10/25/2003,HPN,NY,AEA,EN,Combined TRACON& Tower with Radar,16,102,120,0,238,0,0,238,0,238,16,102,358,0,476,86,0,86,562
10/26/2003,HPN,NY,AEA,EN,Combined TRACON& Tower with Radar,22,161,207,0,390,0,0,15,0,15,22,161,222,0,405,0,0,0,405
10/27/2003,HPN,NY,AEA,EN,Combined TRACON& Tower with Radar,16,177,140,1,334,0,0,1,0,1,16,177,141,1,335,0,0,0,335
10/28/2003,HPN,NY,AEA,EN,Combined TRACON& Tower with Radar,22,185,185,0,392,0,0,178,0,178,22,185,363,0,570,50,0,50,620
10/29/2003,HPN,NY,AEA,EN,Combined TRACON& Tower with Radar,17,195,148,0,360,0,0,51,0,51,17,195,199,0,411,14,0,14,425
10/30/2003,HPN,NY,AEA,EN,Combined TRACON& Tower with Radar,18,194,178,0,390,0,0,233,0,233,18,194,411,0,623,68,2,70,693
10/31/2003,HPN,NY,AEA,EN,Combined TRACON& Tower with Radar,21,193,173,0,387,0,0,184,0,184,21,193,357,0,571,30,0,30,601
11/01/2003,HPN,NY,AEA,EN,Combined TRACON& Tower with Radar,14,109,100,3,226,0,0,231,0,231,14,109,331,3,457,98,0,98,555
11/02/2003,HPN,NY,AEA,EN,Combined TRACON& Tower with Radar,16,148,201,0,365,0,0,189,0,189,16,148,390,0,554,184,0,184,738
11/03/2003,HPN,NY,AEA,EN,Combined TRACON& Tower with Radar,14,177,170,0,361,0,0,116,0,116,14,177,286,0,477,118,0,118,595
11/04/2003,HPN,NY,AEA,EN,Combined TRACON& Tower with Radar,18,179,147,0,344,0,0,0,0,0,18,179,147,0,344,0,0,0,344
11/05/2003,HPN,NY,AEA,EN,Combined TRACON& Tower with Radar,9,117,118,0,244,0,0,0,0,0,9,117,118,0,244,0,0,0,244
11/06/2003,HPN,NY,AEA,EN,Combined TRACON& Tower with Radar,16,180,180,0,376,0,0,73,0,73,16,180,253,0,449,68,0,68,517
11/07/2003,HPN,NY,AEA,EN,Combined TRACON& Tower with Radar,21,215,197,0,433,0,0,173,0,173,21,215,370,0,606,90,0,90,696
11/08/2003,HPN,NY,AEA,EN,Combined TRACON& Tower with Radar,14,85,88,0,187,0,0,157,0,157,14,85,245,0,344,96,0,96,440
11/09/2003,HPN,NY,AEA,EN,Combined TRACON& Tower with Radar,18,130,177,0,325,0,0,269,0,269,18,130,446,0,594,74,0,74,668
11/10/2003,HPN,NY,AEA,EN,Combined TRACON& Tower with Radar,19,157,131,0,307,0,0,156,0,156,19,157,287,0,463,74,0,74,537
11/11/2003,HPN,NY,AEA,EN,Combined TRACON& Tower with Radar,22,179,175,0,376,0,0,107,0,107,22,179,282,0,483,102,0,102,585
11/12/2003,HPN,NY,AEA,EN,Combined TRACON& Tower with Radar,13,183,196,0,392,0,0,7,0,7,13,183,203,0,399,0,0,0,399
11/13/2003,HPN,NY,AEA,EN,Combined TRACON& Tower with Radar,18,183,93,0,294,1,3,25,0,29,19,186,118,0,323,8,0,8,331
11/14/2003,HPN,NY,AEA,EN,Combined TRACON& Tower with Radar,23,218,181,0,422,0,0,52,0,52,23,218,233,0,474,0,0,0,474
11/15/2003,HPN,NY,AEA,EN,Combined TRACON& Tower with Radar,12,114,110,0,236,0,0,85,0,85,12,114,195,0,321,36,0,36,357
11/16/2003,HPN,NY,AEA,EN,Combined TRACON& Tower with Radar,16,153,164,0,333,0,0,119,0,119,16,153,283,0,452,106,0,106,558
11/17/2003,HPN,NY,AEA,EN,Combined TRACON& Tower with Radar,19,190,200,0,409,0,0,13,0,13,19,190,213,0,422,0,0,0,422
11/18/2003,HPN,NY,AEA,EN,Combined TRACON& Tower with Radar,17,211,202,0,430,0,0,30,0,30,17,211,232,0,460,8,0,8,468
11/19/2003,HPN,NY,AEA,EN,Combined TRACON& Tower with Radar,20,181,141,0,342,0,0,0,0,0,20,181,141,0,342,0,0,0,342
11/20/2003,HPN,NY,AEA,EN,Combined TRACON& Tower with Radar,18,199,167,0,384,0,0,68,0,68,18,199,235,0,452,0,0,0,452
11/21/2003,HPN,NY,AEA,EN,Combined TRACON& Tower with Radar,18,186,213,0,417,0,0,183,0,183,18,186,396,0,600,78,0,78,678
11/22/2003,HPN,NY,AEA,EN,Combined TRACON& Tower with Radar,13,104,122,0,239,0,0,206,0,206,13,104,328,0,445,144,0,144,589
11/23/2003,HPN,NY,AEA,EN,Combined TRACON& Tower with Radar,17,126,123,0,266,0,0,207,0,207,17,126,330,0,473,106,0,106,579
11/24/2003,HPN,NY,AEA,EN,Combined TRACON& Tower with Radar,16,188,173,0,377,0,0,42,0,42,16,188,215,0,419,56,0,56,475
11/25/2003,HPN,NY,AEA,EN,Combined TRACON& Tower with Radar,20,267,185,0,472,0,0,173,0,173,20,267,358,0,645,66,0,66,711
11/26/2003,HPN,NY,AEA,EN,Combined TRACON& Tower with Radar,20,244,221,0,485,0,0,202,0,202,20,244,423,0,687,8,0,8,695
11/27/2003,HPN,NY,AEA,EN,Combined TRACON& Tower with Radar,11,106,54,0,171,0,0,72,0,72,11,106,126,0,243,36,0,36,279
11/28/2003,HPN,NY,AEA,EN,Combined TRACON& Tower with Radar,6,48,43,0,97,0,0,0,0,0,6,48,43,0,97,0,0,0,97
11/29/2003,HPN,NY,AEA,EN,Combined TRACON& Tower with Radar,17,144,87,0,248,0,0,20,0,20,17,144,107,0,268,0,0,0,268
11/30/2003,HPN,NY,AEA,EN,Combined TRACON& Tower with Radar,16,256,277,0,549,0,0,215,0,215,16,256,492,0,764,68,0,68,832
12/01/2003,HPN,NY,AEA,EN,Combined TRACON& Tower with Radar,23,222,211,0,456,0,0,72,0,72,23,222,283,0,528,0,0,0,528
12/02/2003,HPN,NY,AEA,EN,Combined TRACON& Tower with Radar,21,176,138,0,335,0,0,41,0,41,21,176,179,0,376,0,0,0,376
12/03/2003,HPN,NY,AEA,EN,Combined TRACON& Tower with Radar,14,175,169,0,358,0,0,124,0,124,14,175,293,0,482,32,0,32,514
12/04/2003,HPN,NY,AEA,EN,Combined TRACON& Tower with Radar,22,192,205,0,419,0,0,205,0,205,22,192,410,0,624,112,0,112,736
12/05/2003,HPN,NY,AEA,EN,Combined TRACON& Tower with Radar,9,134,130,0,273,0,0,15,0,15,9,134,145,0,288,80,0,80,368
12/06/2003,HPN,NY,AEA,EN,Combined TRACON& Tower with Radar,0,13,15,0,28,0,0,0,0,0,0,13,15,0,28,0,0,0,28
12/07/2003,HPN,NY,AEA,EN,Combined TRACON& Tower with Radar,17,147,161,0,325,0,0,11,0,11,17,147,172,0,336,0,0,0,336
12/08/2003,HPN,NY,AEA,EN,Combined TRACON& Tower with Radar,17,177,151,0,345,0,0,113,0,113,17,177,264,0,458,58,0,58,516
12/09/2003,HPN,NY,AEA,EN,Combined TRACON& Tower with Radar,18,181,191,0,390,0,0,98,0,98,18,181,289,0,488,82,0,82,570
12/10/2003,HPN,NY,AEA,EN,Combined TRACON& Tower with Radar,22,208,223,0,453,0,0,65,0,65,22,208,288,0,518,110,0,110,628
12/11/2003,HPN,NY,AEA,EN,Combined TRACON& Tower with Radar,27,187,182,0,396,0,0,5,0,5,27,187,187,0,401,0,0,0,401
12/12/2003,HPN,NY,AEA,EN,Combined TRACON& Tower with Radar,21,218,192,0,431,0,0,90,0,90,21,218,282,0,521,44,0,44,565
12/13/2003,HPN,NY,AEA,EN,Combined TRACON& Tower with Radar,21,91,136,0,248,0,0,181,0,181,21,91,317,0,429,130,0,130,559
12/14/2003,HPN,NY,AEA,EN,Combined TRACON& Tower with Radar,12,82,56,0,150,0,0,4,0,4,12,82,60,0,154,6,0,6,160
12/15/2003,HPN,NY,AEA,EN,Combined TRACON& Tower with Radar,16,181,120,0,317,0,0,21,0,21,16,181,141,0,338,0,0,0,338
12/16/2003,HPN,NY,AEA,EN,Combined TRACON& Tower with Radar,15,183,178,0,376,0,0,140,0,140,15,183,318,0,516,138,0,138,654
12/17/2003,HPN,NY,AEA,EN,Combined TRACON& Tower with Radar,19,172,129,0,320,0,0,5,0,5,19,172,134,0,325,0,0,0,325
12/18/2003,HPN,NY,AEA,EN,Combined TRACON& Tower with Radar,23,214,156,0,393,0,0,69,0,69,23,214,225,0,462,24,0,24,486
12/19/2003,HPN,NY,AEA,EN,Combined TRACON& Tower with Radar,14,237,161,0,412,0,0,126,0,126,14,237,287,0,538,20,0,20,558
12/20/2003,HPN,NY,AEA,EN,Combined TRACON& Tower with Radar,16,141,135,0,292,0,0,133,0,133,16,141,268,0,425,76,0,76,501
12/21/2003,HPN,NY,AEA,EN,Combined TRACON& Tower with Radar,19,153,126,0,298,0,0,116,0,116,19,153,242,0,414,78,0,78,492
12/22/2003,HPN,NY,AEA,EN,Combined TRACON& Tower with Radar,23,197,160,0,380,0,0,119,0,119,23,197,279,0,499,70,0,70,569
12/23/2003,HPN,NY,AEA,EN,Combined TRACON& Tower with Radar,23,186,171,1,381,0,0,76,0,76,23,186,247,1,457,70,0,70,527
12/24/2003,HPN,NY,AEA,EN,Combined TRACON& Tower with Radar,22,141,51,0,214,0,0,2,0,2,22,141,53,0,216,0,0,0,216
12/25/2003,HPN,NY,AEA,EN,Combined TRACON& Tower with Radar,13,123,51,0,187,0,0,22,0,22,13,123,73,0,209,4,0,4,213
12/26/2003,HPN,NY,AEA,EN,Combined TRACON& Tower with Radar,11,193,167,0,371,0,0,103,0,103,11,193,270,0,474,42,0,42,516
12/27/2003,HPN,NY,AEA,EN,Combined TRACON& Tower with Radar,13,158,170,0,341,0,0,141,0,141,13,158,311,0,482,38,0,38,520
12/28/2003,HPN,NY,AEA,EN,Combined TRACON& Tower with Radar,21,131,109,0,261,0,0,181,0,181,21,131,290,0,442,128,0,128,570
12/29/2003,HPN,NY,AEA,EN,Combined TRACON& Tower with Radar,16,161,86,0,263,0,0,120,0,120,16,161,206,0,383,108,0,108,491
12/30/2003,HPN,NY,AEA,EN,Combined TRACON& Tower with Radar,17,156,69,0,242,0,0,26,0,26,17,156,95,0,268,32,0,32,300
12/31/2003,HPN,NY,AEA,EN,Combined TRACON& Tower with Radar,12,115,64,1,192,0,0,127,0,127,12,115,191,1,319,60,0,60,379
01/01/2004,HPN,NY,AEA,EN,Combined TRACON& Tower with Radar,14,112,71,0,197,0,0,124,0,124,14,112,195,0,321,86,0,86,407
01/02/2004,HPN,NY,AEA,EN,Combined TRACON& Tower with Radar,10,114,127,0,251,0,0,38,0,38,10,114,165,0,289,34,0,34,323
01/03/2004,HPN,NY,AEA,EN,Combined TRACON& Tower with Radar,15,140,166,0,321,0,0,36,0,36,15,140,202,0,357,86,0,86,443
01/04/2004,HPN,NY,AEA,EN,Combined TRACON& Tower with Radar,11,224,275,4,514,0,0,7,0,7,11,224,282,4,521,0,4,4,525
01/05/2004,HPN,NY,AEA,EN,Combined TRACON& Tower with Radar,16,189,128,0,333,0,0,0,0,0,16,189,128,0,333,0,0,0,333
01/06/2004,HPN,NY,AEA,EN,Combined TRACON& Tower with Radar,18,175,143,0,336,0,0,97,0,97,18,175,240,0,433,32,0,32,465
01/07/2004,HPN,NY,AEA,EN,Combined TRACON& Tower with Radar,22,177,141,0,340,0,0,57,0,57,22,177,198,0,397,12,0,12,409
01/08/2004,HPN,NY,AEA,EN,Combined TRACON& Tower with Radar,28,182,140,0,350,0,0,101,0,101,28,182,241,0,451,80,0,80,531
01/09/2004,HPN,NY,AEA,EN,Combined TRACON& Tower with Radar,15,170,161,0,346,0,0,101,0,101,15,170,262,0,447,28,0,28,475
01/10/2004,HPN,NY,AEA,EN,Combined TRACON& Tower with Radar,10,84,66,0,160,0,0,97,0,97,10,84,163,0,257,56,0,56,313
01/11/2004,HPN,NY,AEA,EN,Combined TRACON& Tower with Radar,21,127,145,0,293,0,0,136,0,136,21,127,281,0,429,102,0,102,531
01/12/2004,HPN,NY,AEA,EN,Combined TRACON& Tower with Radar,21,150,117,0,288,0,0,45,0,45,21,150,162,0,333,12,0,12,345
01/13/2004,HPN,NY,AEA,EN,Combined TRACON& Tower with Radar,21,159,121,0,301,0,0,58,0,58,21,159,179,0,359,34,0,34,393
01/14/2004,HPN,NY,AEA,EN,Combined TRACON& Tower with Radar,21,210,161,0,392,0,0,62,0,62,21,210,223,0,454,28,0,28,482
01/15/2004,HPN,NY,AEA,EN,Combined TRACON& Tower with Radar,18,182,159,1,360,0,0,26,0,26,18,182,185,1,386,0,0,0,386
01/16/2004,HPN,NY,AEA,EN,Combined TRACON& Tower with Radar,24,259,213,0,496,0,0,22,0,22,24,259,235,0,518,8,0,8,526
01/17/2004,HPN,NY,AEA,EN,Combined TRACON& Tower with Radar,10,104,99,0,213,0,0,126,0,126,10,104,225,0,339,88,0,88,427
01/18/2004,HPN,NY,AEA,EN,Combined TRACON& Tower with Radar,16,88,1,0,105,0,53,0,0,53,16,141,1,0,158,0,0,0,158
01/19/2004,HPN,NY,AEA,EN,Combined TRACON& Tower with Radar,20,253,196,0,469,0,0,50,0,50,20,253,246,0,519,0,0,0,519
01/20/2004,HPN,NY,AEA,EN,Combined TRACON& Tower with Radar,31,198,127,0,356,0,0,65,0,65,31,198,192,0,421,0,0,0,421
01/21/2004,HPN,NY,AEA,EN,Combined TRACON& Tower with Radar,20,175,156,0,351,0,0,126,0,126,20,175,282,0,477,56,0,56,533
01/22/2004,HPN,NY,AEA,EN,Combined TRACON& Tower with Radar,20,193,129,0,342,0,0,76,0,76,20,193,205,0,418,32,0,32,450
01/23/2004,HPN,NY,AEA,EN,Combined TRACON& Tower with Radar,15,203,167,0,385,0,0,71,0,71,15,203,238,0,456,0,0,0,456
01/24/2004,HPN,NY,AEA,EN,Combined TRACON& Tower with Radar,12,101,128,0,241,0,0,78,0,78,12,101,206,0,319,48,0,48,367
01/25/2004,HPN,NY,AEA,EN,Combined TRACON& Tower with Radar,20,148,115,0,283,0,0,113,0,113,20,148,228,0,396,100,0,100,496
01/26/2004,HPN,NY,AEA,EN,Combined TRACON& Tower with Radar,17,166,146,0,329,0,0,66,0,66,17,166,212,0,395,44,0,44,439
01/27/2004,HPN,NY,AEA,EN,Combined TRACON& Tower with Radar,10,143,124,0,277,0,0,13,0,13,10,143,137,0,290,0,0,0,290
01/28/2004,HPN,NY,AEA,EN,Combined TRACON& Tower with Radar,15,143,105,0,263,0,0,12,0,12,15,143,117,0,275,0,0,0,275
01/29/2004,HPN,NY,AEA,EN,Combined TRACON& Tower with Radar,17,193,126,2,338,0,0,34,0,34,17,193,160,2,372,0,0,0,372
01/30/2004,HPN,NY,AEA,EN,Combined TRACON& Tower with Radar,22,196,183,5,406,0,0,93,0,93,22,196,276,5,499,0,0,0,499
01/31/2004,HPN,NY,AEA,EN,Combined TRACON& Tower with Radar,12,99,87,0,198,0,0,92,0,92,12,99,179,0,290,38,0,38,328
02/01/2004,HPN,NY,AEA,EN,Combined TRACON& Tower with Radar,16,136,155,0,307,0,0,145,0,145,16,136,300,0,452,70,0,70,522
02/02/2004,HPN,NY,AEA,EN,Combined TRACON& Tower with Radar,14,188,218,0,420,0,0,139,0,139,14,188,357,0,559,34,0,34,593
02/03/2004,HPN,NY,AEA,EN,Combined TRACON& Tower with Radar,17,183,127,0,327,0,0,7,0,7,17,183,134,0,334,0,0,0,334
02/04/2004,HPN,NY,AEA,EN,Combined TRACON& Tower with Radar,19,204,138,2,363,0,0,67,0,67,19,204,205,2,430,16,0,16,446
02/05/2004,HPN,NY,AEA,EN,Combined TRACON& Tower with Radar,24,186,165,0,375,0,0,143,0,143,24,186,308,0,518,84,0,84,602
02/06/2004,HPN,NY,AEA,EN,Combined TRACON& Tower with Radar,13,156,106,0,275,0,0,2,0,2,13,156,108,0,277,0,0,0,277
02/07/2004,HPN,NY,AEA,EN,Combined TRACON& Tower with Radar,12,103,66,0,181,0,0,31,0,31,12,103,97,0,212,44,0,44,256
02/08/2004,HPN,NY,AEA,EN,Combined TRACON& Tower with Radar,20,171,132,1,324,0,0,94,0,94,20,171,226,1,418,8,0,8,426
02/09/2004,HPN,NY,AEA,EN,Combined TRACON& Tower with Radar,17,177,172,0,366,0,0,113,0,113,17,177,285,0,479,12,0,12,491
02/10/2004,HPN,NY,AEA,EN,Combined TRACON& Tower with Radar,19,191,170,0,380,0,0,137,0,137,19,191,307,0,517,36,0,36,553
02/11/2004,HPN,NY,AEA,EN,Combined TRACON& Tower with Radar,18,213,141,0,372,0,0,136,0,136,18,213,277,0,508,6,0,6,514
02/12/2004,HPN,NY,AEA,EN,Combined TRACON& Tower with Radar,23,270,212,0,505,0,0,159,0,159,23,270,371,0,664,48,0,48,712
02/13/2004,HPN,NY,AEA,EN,Combined TRACON& Tower with Radar,23,270,231,0,524,0,0,140,0,140,23,270,371,0,664,42,0,42,706
02/14/2004,HPN,NY,AEA,EN,Combined TRACON& Tower with Radar,14,121,111,0,246,0,0,156,0,156,14,121,267,0,402,64,0,64,466
02/15/2004,HPN,NY,AEA,EN,Combined TRACON& Tower with Radar,12,113,77,0,202,0,0,83,0,83,12,113,160,0,285,34,0,34,319
02/16/2004,HPN,NY,AEA,EN,Combined TRACON& Tower with Radar,16,232,203,0,451,0,0,131,0,131,16,232,334,0,582,62,0,62,644
02/17/2004,HPN,NY,AEA,EN,Combined TRACON& Tower with Radar,19,232,137,0,388,0,0,119,0,119,19,232,256,0,507,14,0,14,521
02/18/2004,HPN,NY,AEA,EN,Combined TRACON& Tower with Radar,20,200,137,0,357,0,0,78,0,78,20,200,215,0,435,30,0,30,465
02/19/2004,HPN,NY,AEA,EN,Combined TRACON& Tower with Radar,17,190,155,0,362,0,0,113,0,113,17,190,268,0,475,28,0,28,503
02/20/2004,HPN,NY,AEA,EN,Combined TRACON& Tower with Radar,16,192,194,0,402,0,0,154,0,154,16,192,348,0,556,92,0,92,648
02/21/2004,HPN,NY,AEA,EN,Combined TRACON& Tower with Radar,15,123,105,0,243,0,0,63,0,63,15,123,168,0,306,96,0,96,402
02/22/2004,HPN,NY,AEA,EN,Combined TRACON& Tower with Radar,18,180,189,0,387,0,0,95,0,95,18,180,284,0,482,38,0,38,520
02/23/2004,HPN,NY,AEA,EN,Combined TRACON& Tower with Radar,24,174,173,0,371,0,0,160,0,160,24,174,333,0,531,68,0,68,599
02/24/2004,HPN,NY,AEA,EN,Combined TRACON& Tower with Radar,19,196,148,0,363,0,0,30,0,30,19,196,178,0,393,90,0,90,483
02/25/2004,HPN,NY,AEA,EN,Combined TRACON& Tower with Radar,19,202,171,0,392,0,0,130,0,130,19,202,301,0,522,24,0,24,546
02/26/2004,HPN,NY,AEA,EN,Combined TRACON& Tower with Radar,31,195,169,0,395,0,0,159,0,159,31,195,328,0,554,34,0,34,588
02/27/2004,HPN,NY,AEA,EN,Combined TRACON& Tower with Radar,15,195,203,0,413,0,0,114,0,114,15,195,317,0,527,62,0,62,589
02/28/2004,HPN,NY,AEA,EN,Combined TRACON& Tower with Radar,18,100,173,0,291,0,0,200,0,200,18,100,373,0,491,116,0,116,607
02/29/2004,HPN,NY,AEA,EN,Combined TRACON& Tower with Radar,21,155,206,0,382,0,0,231,0,231,21,155,437,0,613,98,0,98,711
03/01/2004,HPN,NY,AEA,EN,Combined TRACON& Tower with Radar,16,185,131,0,332,0,0,133,0,133,16,185,264,0,465,94,0,94,559
03/02/2004,HPN,NY,AEA,EN,Combined TRACON& Tower with Radar,19,183,142,0,344,0,0,44,0,44,19,183,186,0,388,0,0,0,388
03/03/2004,HPN,NY,AEA,EN,Combined TRACON& Tower with Radar,19,190,154,0,363,0,0,110,0,110,19,190,264,0,473,14,0,14,487
03/04/2004,HPN,NY,AEA,EN,Combined TRACON& Tower with Radar,18,206,166,0,390,0,0,16,0,16,18,206,182,0,406,0,0,0,406
03/05/2004,HPN,NY,AEA,EN,Combined TRACON& Tower with Radar,10,129,93,0,232,0,0,0,0,0,10,129,93,0,232,0,0,0,232
03/06/2004,HPN,NY,AEA,EN,Combined TRACON& Tower with Radar,11,70,94,0,175,0,0,12,0,12,11,70,106,0,187,0,0,0,187
03/07/2004,HPN,NY,AEA,EN,Combined TRACON& Tower with Radar,23,172,180,0,375,0,0,216,0,216,23,172,396,0,591,78,0,78,669
03/08/2004,HPN,NY,AEA,EN,Combined TRACON& Tower with Radar,17,167,117,0,301,0,0,0,0,0,17,167,117,0,301,0,0,0,301
03/09/2004,HPN,NY,AEA,EN,Combined TRACON& Tower with Radar,18,194,172,0,384,0,0,0,0,0,18,194,172,0,384,0,0,0,384
03/10/2004,HPN,NY,AEA,EN,Combined TRACON& Tower with Radar,20,207,166,0,393,0,0,94,0,94,20,207,260,0,487,46,0,46,533
03/11/2004,HPN,NY,AEA,EN,Combined TRACON& Tower with Radar,21,220,248,0,489,0,0,69,0,69,21,220,317,0,558,14,0,14,572
03/12/2004,HPN,NY,AEA,EN,Combined TRACON& Tower with Radar,18,289,205,0,512,0,0,70,0,70,18,289,275,0,582,0,0,0,582
03/13/2004,HPN,NY,AEA,EN,Combined TRACON& Tower with Radar,13,160,119,0,292,0,0,101,0,101,13,160,220,0,393,6,0,6,399
03/14/2004,HPN,NY,AEA,EN,Combined TRACON& Tower with Radar,19,156,161,0,336,0,0,200,0,200,19,156,361,0,536,60,0,60,596
03/15/2004,HPN,NY,AEA,EN,Combined TRACON& Tower with Radar,14,182,159,0,355,0,0,93,0,93,14,182,252,0,448,18,0,18,466
03/16/2004,HPN,NY,AEA,EN,Combined TRACON& Tower with Radar,9,155,105,0,269,0,0,11,0,11,9,155,116,0,280,20,0,20,300
03/17/2004,HPN,NY,AEA,EN,Combined TRACON& Tower with Radar,14,192,133,0,339,0,0,23,0,23,14,192,156,0,362,0,0,0,362
03/18/2004,HPN,NY,AEA,EN,Combined TRACON& Tower with Radar,16,201,151,0,368,0,0,30,0,30,16,201,181,0,398,10,0,10,408
03/19/2004,HPN,NY,AEA,EN,Combined TRACON& Tower with Radar,17,197,109,0,323,0,0,27,0,27,17,197,136,0,350,0,0,0,350
03/20/2004,HPN,NY,AEA,EN,Combined TRACON& Tower with Radar,16,114,146,0,276,0,0,143,0,143,16,114,289,0,419,112,0,112,531
03/21/2004,HPN,NY,AEA,EN,Combined TRACON& Tower with Radar,19,175,138,0,332,0,0,66,0,66,19,175,204,0,398,30,0,30,428
03/22/2004,HPN,NY,AEA,EN,Combined TRACON& Tower with Radar,20,190,131,1,342,0,0,98,0,98,20,190,229,1,440,2,0,2,442
03/23/2004,HPN,NY,AEA,EN,Combined TRACON& Tower with Radar,18,194,162,0,374,0,0,169,0,169,18,194,331,0,543,90,0,90,633
03/24/2004,HPN,NY,AEA,EN,Combined TRACON& Tower with Radar,14,210,170,2,396,0,0,140,0,140,14,210,310,2,536,78,0,78,614
03/25/2004,HPN,NY,AEA,EN,Combined TRACON& Tower with Radar,13,221,135,0,369,0,0,63,0,63,13,221,198,0,432,42,0,42,474
03/26/2004,HPN,NY,AEA,EN,Combined TRACON& Tower with Radar,17,196,186,0,399,0,0,161,0,161,17,196,347,0,560,86,0,86,646
03/27/2004,HPN,NY,AEA,EN,Combined TRACON& Tower with Radar,20,133,200,0,353,0,0,99,0,99,20,133,299,0,452,144,0,144,596
03/28/2004,HPN,NY,AEA,EN,Combined TRACON& Tower with Radar,26,190,221,0,437,0,0,147,0,147,26,190,368,0,584,76,0,76,660
03/29/2004,HPN,NY,AEA,EN,Combined TRACON& Tower with Radar,19,203,159,0,381,0,0,146,0,146,19,203,305,0,527,116,0,116,643
03/30/2004,HPN,NY,AEA,EN,Combined TRACON& Tower with Radar,18,205,151,0,374,0,0,45,0,45,18,205,196,0,419,14,0,14,433
03/31/2004,HPN,NY,AEA,EN,Combined TRACON& Tower with Radar,20,210,141,1,372,0,0,0,0,0,20,210,141,1,372,0,0,0,372
04/01/2004,HPN,NY,AEA,EN,Combined TRACON& Tower with Radar,23,198,143,1,365,0,0,0,0,0,23,198,143,1,365,0,0,0,365
04/02/2004,HPN,NY,AEA,EN,Combined TRACON& Tower with Radar,19,240,194,0,453,0,0,18,0,18,19,240,212,0,471,0,0,0,471
04/03/2004,HPN,NY,AEA,EN,Combined TRACON& Tower with Radar,17,134,141,0,292,0,0,38,0,38,17,134,179,0,330,28,0,28,358
04/04/2004,HPN,NY,AEA,EN,Combined TRACON& Tower with Radar,18,144,139,0,301,0,0,15,0,15,18,144,154,0,316,0,0,0,316
04/05/2004,HPN,NY,AEA,EN,Combined TRACON& Tower with Radar,19,181,102,0,302,0,0,53,0,53,19,181,155,0,355,24,0,24,379
04/06/2004,HPN,NY,AEA,EN,Combined TRACON& Tower with Radar,27,197,145,0,369,0,0,98,0,98,27,197,243,0,467,14,0,14,481
04/07/2004,HPN,NY,AEA,EN,Combined TRACON& Tower with Radar,23,232,237,0,492,0,0,152,0,152,23,232,389,0,644,66,0,66,710
04/08/2004,HPN,NY,AEA,EN,Combined TRACON& Tower with Radar,21,256,261,0,538,0,0,146,0,146,21,256,407,0,684,26,0,26,710
04/09/2004,HPN,NY,AEA,EN,Combined TRACON& Tower with Radar,19,185,201,0,405,0,0,121,0,121,19,185,322,0,526,62,0,62,588
04/10/2004,HPN,NY,AEA,EN,Combined TRACON& Tower with Radar,17,90,140,0,247,0,0,164,0,164,17,90,304,0,411,110,0,110,521
04/11/2004,HPN,NY,AEA,EN,Combined TRACON& Tower with Radar,16,194,138,0,348,0,0,62,0,62,16,194,200,0,410,60,0,60,470
04/12/2004,HPN,NY,AEA,EN,Combined TRACON& Tower with Radar,17,217,149,0,383,0,0,103,0,103,17,217,252,0,486,30,0,30,516
04/13/2004,HPN,NY,AEA,EN,Combined TRACON& Tower with Radar,20,189,145,0,354,0,0,0,0,0,20,189,145,0,354,0,0,0,354
04/14/2004,HPN,NY,AEA,EN,Combined TRACON& Tower with Radar,21,157,117,0,295,0,0,0,0,0,21,157,117,0,295,0,0,0,295
04/15/2004,HPN,NY,AEA,EN,Combined TRACON& Tower with Radar,18,205,160,0,383,0,0,94,0,94,18,205,254,0,477,12,0,12,489
04/16/2004,HPN,NY,AEA,EN,Combined TRACON& Tower with Radar,23,216,229,0,468,0,0,198,0,198,23,216,427,0,666,34,0,34,700
04/17/2004,HPN,NY,AEA,EN,Combined TRACON& Tower with Radar,15,102,138,0,255,0,0,203,0,203,15,102,341,0,458,86,0,86,544
04/18/2004,HPN,NY,AEA,EN,Combined TRACON& Tower with Radar,18,148,177,0,343,0,0,207,0,207,18,148,384,0,550,36,0,36,586
04/19/2004,HPN,NY,AEA,EN,Combined TRACON& Tower with Radar,20,175,156,0,351,0,0,81,0,81,20,175,237,0,432,34,0,34,466
04/20/2004,HPN,NY,AEA,EN,Combined TRACON& Tower with Radar,20,205,193,2,420,0,0,97,0,97,20,205,290,2,517,48,0,48,565
04/21/2004,HPN,NY,AEA,EN,Combined TRACON& Tower with Radar,18,196,176,0,390,0,0,118,0,118,18,196,294,0,508,48,0,48,556
04/22/2004,HPN,NY,AEA,EN,Combined TRACON& Tower with Radar,16,204,194,2,416,0,0,70,0,70,16,204,264,2,486,64,0,64,550
04/23/2004,HPN,NY,AEA,EN,Combined TRACON& Tower with Radar,18,220,230,0,468,0,0,51,0,51,18,220,281,0,519,2,0,2,521
04/24/2004,HPN,NY,AEA,EN,Combined TRACON& Tower with Radar,15,108,90,0,213,0,0,142,0,142,15,108,232,0,355,44,0,44,399
04/25/2004,HPN,NY,AEA,EN,Combined TRACON& Tower with Radar,18,198,213,0,429,0,0,140,2,142,18,198,353,2,571,94,0,94,665
04/26/2004,HPN,NY,AEA,EN,Combined TRACON& Tower with Radar,19,185,181,0,385,0,0,0,0,0,19,185,181,0,385,0,0,0,385
04/27/2004,HPN,NY,AEA,EN,Combined TRACON& Tower with Radar,22,197,236,0,455,0,0,111,0,111,22,197,347,0,566,74,0,74,640
04/28/2004,HPN,NY,AEA,EN,Combined TRACON& Tower with Radar,14,204,160,0,378,0,0,146,0,146,14,204,306,0,524,66,0,66,590
04/29/2004,HPN,NY,AEA,EN,Combined TRACON& Tower with Radar,18,201,150,0,369,0,0,193,0,193,18,201,343,0,562,88,0,88,650
04/30/2004,HPN,NY,AEA,EN,Combined TRACON& Tower with Radar,17,211,189,0,417,0,0,181,0,181,17,211,370,0,598,34,0,34,632
05/01/2004,HPN,NY,AEA,EN,Combined TRACON& Tower with Radar,16,112,154,0,282,0,0,182,0,182,16,112,336,0,464,84,0,84,548
05/02/2004,HPN,NY,AEA,EN,Combined TRACON& Tower with Radar,15,131,146,0,292,0,0,0,0,0,15,131,146,0,292,0,0,0,292
05/03/2004,HPN,NY,AEA,EN,Combined TRACON& Tower with Radar,20,187,194,0,401,0,0,16,0,16,20,187,210,0,417,6,0,6,423
05/04/2004,HPN,NY,AEA,EN,Combined TRACON& Tower with Radar,18,211,180,0,409,0,0,169,0,169,18,211,349,0,578,54,0,54,632
05/05/2004,HPN,NY,AEA,EN,Combined TRACON& Tower with Radar,16,189,194,0,399,0,0,145,0,145,16,189,339,0,544,12,0,12,556
05/06/2004,HPN,NY,AEA,EN,Combined TRACON& Tower with Radar,17,196,214,0,427,0,0,217,0,217,17,196,431,0,644,86,0,86,730
05/07/2004,HPN,NY,AEA,EN,Combined TRACON& Tower with Radar,20,212,232,0,464,0,0,156,0,156,20,212,388,0,620,32,0,32,652
05/08/2004,HPN,NY,AEA,EN,Combined TRACON& Tower with Radar,11,97,92,0,200,0,0,205,0,205,11,97,297,0,405,154,0,154,559
05/09/2004,HPN,NY,AEA,EN,Combined TRACON& Tower with Radar,13,176,153,0,342,0,0,55,0,55,13,176,208,0,397,30,0,30,427
05/10/2004,HPN,NY,AEA,EN,Combined TRACON& Tower with Radar,30,194,164,0,388,0,0,108,0,108,30,194,272,0,496,90,0,90,586
05/11/2004,HPN,NY,AEA,EN,Combined TRACON& Tower with Radar,14,199,176,0,389,0,0,158,0,158,14,199,334,0,547,104,0,104,651
05/12/2004,HPN,NY,AEA,EN,Combined TRACON& Tower with Radar,13,218,179,0,410,0,0,122,0,122,13,218,301,0,532,2,0,2,534
05/13/2004,HPN,NY,AEA,EN,Combined TRACON& Tower with Radar,22,231,258,0,511,0,0,126,0,126,22,231,384,0,637,44,0,44,681
05/14/2004,HPN,NY,AEA,EN,Combined TRACON& Tower with Radar,20,209,289,0,518,0,0,31,0,31,20,209,320,0,549,0,0,0,549
05/15/2004,HPN,NY,AEA,EN,Combined TRACON& Tower with Radar,15,107,143,0,265,0,0,173,0,173,15,107,316,0,438,178,0,178,616
05/16/2004,HPN,NY,AEA,EN,Combined TRACON& Tower with Radar,19,142,175,0,336,0,0,154,0,154,19,142,329,0,490,122,0,122,612
05/17/2004,HPN,NY,AEA,EN,Combined TRACON& Tower with Radar,18,162,199,0,379,0,0,100,0,100,18,162,299,0,479,40,0,40,519
05/18/2004,HPN,NY,AEA,EN,Combined TRACON& Tower with Radar,16,188,155,0,359,0,0,43,0,43,16,188,198,0,402,0,0,0,402
05/19/2004,HPN,NY,AEA,EN,Combined TRACON& Tower with Radar,16,181,211,0,408,0,0,111,0,111,16,181,322,0,519,28,0,28,547
05/20/2004,HPN,NY,AEA,EN,Combined TRACON& Tower with Radar,18,214,219,0,451,0,0,197,0,197,18,214,416,0,648,54,0,54,702
05/21/2004,HPN,NY,AEA,EN,Combined TRACON& Tower with Radar,13,197,234,0,444,0,0,108,0,108,13,197,342,0,552,60,0,60,612
05/22/2004,HPN,NY,AEA,EN,Combined TRACON& Tower with Radar,11,99,162,0,272,0,0,16,0,16,11,99,178,0,288,28,0,28,316
05/23/2004,HPN,NY,AEA,EN,Combined TRACON& Tower with Radar,16,134,176,0,326,0,0,84,0,84,16,134,260,0,410,86,0,86,496
05/24/2004,HPN,NY,AEA,EN,Combined TRACON& Tower with Radar,25,175,155,0,355,0,0,27,0,27,25,175,182,0,382,42,0,42,424
05/25/2004,HPN,NY,AEA,EN,Combined TRACON& Tower with Radar,19,183,200,1,403,0,0,141,0,141,19,183,341,1,544,60,0,60,604
05/26/2004,HPN,NY,AEA,EN,Combined TRACON& Tower with Radar,19,212,189,0,420,0,0,0,0,0,19,212,189,0,420,0,0,0,420
05/27/2004,HPN,NY,AEA,EN,Combined TRACON& Tower with Radar,20,210,327,0,557,0,0,104,0,104,20,210,431,0,661,58,0,58,719
05/28/2004,HPN,NY,AEA,EN,Combined TRACON& Tower with Radar,25,248,286,0,559,0,0,32,0,32,25,248,318,0,591,0,0,0,591
05/29/2004,HPN,NY,AEA,EN,Combined TRACON& Tower with Radar,13,87,91,0,191,0,0,234,0,234,13,87,325,0,425,94,0,94,519
05/30/2004,HPN,NY,AEA,EN,Combined TRACON& Tower with Radar,11,83,99,0,193,0,0,277,0,277,11,83,376,0,470,122,0,122,592
05/31/2004,HPN,NY,AEA,EN,Combined TRACON& Tower with Radar,14,195,236,0,445,0,0,103,0,103,14,195,339,0,548,96,0,96,644
06/01/2004,HPN,NY,AEA,EN,Combined TRACON& Tower with Radar,20,200,219,0,439,0,0,56,0,56,20,200,275,0,495,40,0,40,535
06/02/2004,HPN,NY,AEA,EN,Combined TRACON& Tower with Radar,18,217,205,1,441,0,0,110,0,110,18,217,315,1,551,30,2,32,583
06/03/2004,HPN,NY,AEA,EN,Combined TRACON& Tower with Radar,18,214,224,1,457,0,0,169,0,169,18,214,393,1,626,118,0,118,744
06/04/2004,HPN,NY,AEA,EN,Combined TRACON& Tower with Radar,20,194,203,0,417,0,0,323,0,323,20,194,526,0,740,30,0,30,770
06/05/2004,HPN,NY,AEA,EN,Combined TRACON& Tower with Radar,16,107,106,0,229,0,0,124,0,124,16,107,230,0,353,48,0,48,401
06/06/2004,HPN,NY,AEA,EN,Combined TRACON& Tower with Radar,17,169,218,0,404,0,0,2,0,2,17,169,220,0,406,0,0,0,406
06/07/2004,HPN,NY,AEA,EN,Combined TRACON& Tower with Radar,20,215,238,2,475,0,0,106,0,106,20,215,344,2,581,82,0,82,663
06/08/2004,HPN,NY,AEA,EN,Combined TRACON& Tower with Radar,19,229,229,0,477,0,0,161,0,161,19,229,390,0,638,56,0,56,694
06/09/2004,HPN,NY,AEA,EN,Combined TRACON& Tower with Radar,13,204,233,0,450,0,0,173,0,173,13,204,406,0,623,8,0,8,631
06/10/2004,HPN,NY,AEA,EN,Combined TRACON& Tower with Radar,14,216,193,0,423,0,0,77,0,77,14,216,270,0,500,32,0,32,532
06/11/2004,HPN,NY,AEA,EN,Combined TRACON& Tower with Radar,17,203,225,1,446,0,0,235,0,235,17,203,460,1,681,68,0,68,749
06/12/2004,HPN,NY,AEA,EN,Combined TRACON& Tower with Radar,13,109,137,0,259,0,0,223,0,223,13,109,360,0,482,60,0,60,542
06/13/2004,HPN,NY,AEA,EN,Combined TRACON& Tower with Radar,16,167,177,2,362,0,0,239,0,239,16,167,416,2,601,42,0,42,643
06/14/2004,HPN,NY,AEA,EN,Combined TRACON& Tower with Radar,21,219,201,0,441,0,0,42,0,42,21,219,243,0,483,0,0,0,483
06/15/2004,HPN,NY,AEA,EN,Combined TRACON& Tower with Radar,17,197,189,3,406,0,0,138,0,138,17,197,327,3,544,100,0,100,644
06/16/2004,HPN,NY,AEA,EN,Combined TRACON& Tower with Radar,17,192,230,0,439,0,0,197,0,197,17,192,427,0,636,102,0,102,738
06/17/2004,HPN,NY,AEA,EN,Combined TRACON& Tower with Radar,12,150,166,0,328,0,0,76,0,76,12,150,242,0,404,32,0,32,436
06/18/2004,HPN,NY,AEA,EN,Combined TRACON& Tower with Radar,14,224,266,0,504,0,0,145,0,145,14,224,411,0,649,70,0,70,719
06/19/2004,HPN,NY,AEA,EN,Combined TRACON& Tower with Radar,9,112,175,0,296,0,0,146,0,146,9,112,321,0,442,156,0,156,598
06/20/2004,HPN,NY,AEA,EN,Combined TRACON& Tower with Radar,19,140,210,0,369,0,0,245,0,245,19,140,455,0,614,56,0,56,670
06/21/2004,HPN,NY,AEA,EN,Combined TRACON& Tower with Radar,14,194,210,1,419,0,0,209,0,209,14,194,419,1,628,58,0,58,686
06/22/2004,HPN,NY,AEA,EN,Combined TRACON& Tower with Radar,17,190,169,0,376,0,0,27,0,27,17,190,196,0,403,0,0,0,403
06/23/2004,HPN,NY,AEA,EN,Combined TRACON& Tower with Radar,18,214,177,1,410,0,0,268,0,268,18,214,445,1,678,100,0,100,778
06/24/2004,HPN,NY,AEA,EN,Combined TRACON& Tower with Radar,17,217,221,0,455,0,0,199,0,199,17,217,420,0,654,96,0,96,750
06/25/2004,HPN,NY,AEA,EN,Combined TRACON& Tower with Radar,15,201,273,0,489,0,0,96,0,96,15,201,369,0,585,0,0,0,585
06/26/2004,HPN,NY,AEA,EN,Combined TRACON& Tower with Radar,11,99,173,0,283,0,0,71,0,71,11,99,244,0,354,48,0,48,402
06/27/2004,HPN,NY,AEA,EN,Combined TRACON& Tower with Radar,19,148,210,0,377,0,0,319,0,319,19,148,529,0,696,90,0,90,786
06/28/2004,HPN,NY,AEA,EN,Combined TRACON& Tower with Radar,16,196,171,2,385,0,0,131,0,131,16,196,302,2,516,62,0,62,578
06/29/2004,HPN,NY,AEA,EN,Combined TRACON& Tower with Radar,18,212,190,3,423,0,0,189,0,189,18,212,379,3,612,84,0,84,696
06/30/2004,HPN,NY,AEA,EN,Combined TRACON& Tower with Radar,18,237,273,0,528,0,0,134,0,134,18,237,407,0,662,54,0,54,716
07/01/2004,HPN,NY,AEA,EN,Combined TRACON& Tower with Radar,30,244,207,0,481,0,0,197,0,197,30,244,404,0,678,48,0,48,726
07/02/2004,HPN,NY,AEA,EN,Combined TRACON& Tower with Radar,15,229,270,1,515,0,0,133,0,133,15,229,403,1,648,52,0,52,700
07/03/2004,HPN,NY,AEA,EN,Combined TRACON& Tower with Radar,10,126,129,0,265,0,0,221,0,221,10,126,350,0,486,92,0,92,578
07/04/2004,HPN,NY,AEA,EN,Combined TRACON& Tower with Radar,9,92,53,0,154,0,0,136,0,136,9,92,189,0,290,86,0,86,376
07/05/2004,HPN,NY,AEA,EN,Combined TRACON& Tower with Radar,11,192,231,0,434,0,0,25,0,25,11,192,256,0,459,6,0,6,465
07/06/2004,HPN,NY,AEA,EN,Combined TRACON& Tower with Radar,25,230,187,0,442,0,0,172,0,172,25,230,359,0,614,40,0,40,654
07/07/2004,HPN,NY,AEA,EN,Combined TRACON& Tower with Radar,18,197,146,0,361,0,0,128,0,128,18,197,274,0,489,42,0,42,531
07/08/2004,HPN,NY,AEA,EN,Combined TRACON& Tower with Radar,21,182,167,0,370,0,0,87,0,87,21,182,254,0,457,34,0,34,491
07/09/2004,HPN,NY,AEA,EN,Combined TRACON& Tower with Radar,16,218,254,0,488,0,0,222,0,222,16,218,476,0,710,12,0,12,722
07/10/2004,HPN,NY,AEA,EN,Combined TRACON& Tower with Radar,11,86,104,0,201,0,0,219,0,219,11,86,323,0,420,54,0,54,474
07/11/2004,HPN,NY,AEA,EN,Combined TRACON& Tower with Radar,15,184,188,0,387,0,0,320,0,320,15,184,508,0,707,90,0,90,797
07/12/2004,HPN,NY,AEA,EN,Combined TRACON& Tower with Radar,16,209,199,0,424,0,0,16,0,16,16,209,215,0,440,0,0,0,440
07/13/2004,HPN,NY,AEA,EN,Combined TRACON& Tower with Radar,16,213,182,0,411,0,0,14,0,14,16,213,196,0,425,0,0,0,425
07/14/2004,HPN,NY,AEA,EN,Combined TRACON& Tower with Radar,10,167,231,0,408,0,0,34,0,34,10,167,265,0,442,0,0,0,442
07/15/2004,HPN,NY,AEA,EN,Combined TRACON& Tower with Radar,13,221,219,1,454,0,0,155,0,155,13,221,374,1,609,130,0,130,739
07/16/2004,HPN,NY,AEA,EN,Combined TRACON& Tower with Radar,12,235,244,0,491,0,0,191,0,191,12,235,435,0,682,16,0,16,698
07/17/2004,HPN,NY,AEA,EN,Combined TRACON& Tower with Radar,12,97,114,4,227,0,0,230,0,230,12,97,344,4,457,52,0,52,509
07/18/2004,HPN,NY,AEA,EN,Combined TRACON& Tower with Radar,16,183,231,0,430,0,0,0,0,0,16,183,231,0,430,0,0,0,430
07/19/2004,HPN,NY,AEA,EN,Combined TRACON& Tower with Radar,16,221,209,0,446,0,0,78,0,78,16,221,287,0,524,36,0,36,560
07/20/2004,HPN,NY,AEA,EN,Combined TRACON& Tower with Radar,16,195,162,0,373,0,0,177,0,177,16,195,339,0,550,122,0,122,672
07/21/2004,HPN,NY,AEA,EN,Combined TRACON& Tower with Radar,15,227,202,0,444,0,0,188,0,188,15,227,390,0,632,40,0,40,672
07/22/2004,HPN,NY,AEA,EN,Combined TRACON& Tower with Radar,12,228,233,0,473,0,0,161,0,161,12,228,394,0,634,90,0,90,724
07/23/2004,HPN,NY,AEA,EN,Combined TRACON& Tower with Radar,12,212,204,0,428,0,0,12,0,12,12,212,216,0,440,0,0,0,440
07/24/2004,HPN,NY,AEA,EN,Combined TRACON& Tower with Radar,11,144,158,0,313,0,0,78,0,78,11,144,236,0,391,24,0,24,415
07/25/2004,HPN,NY,AEA,EN,Combined TRACON& Tower with Radar,19,184,236,0,439,0,0,154,0,154,19,184,390,0,593,44,0,44,637
07/26/2004,HPN,NY,AEA,EN,Combined TRACON& Tower with Radar,14,214,202,0,430,0,0,209,0,209,14,214,411,0,639,14,0,14,653
07/27/2004,HPN,NY,AEA,EN,Combined TRACON& Tower with Radar,14,187,201,0,402,0,0,62,0,62,14,187,263,0,464,8,0,8,472
07/28/2004,HPN,NY,AEA,EN,Combined TRACON& Tower with Radar,16,191,184,0,391,0,0,9,0,9,16,191,193,0,400,0,0,0,400
07/29/2004,HPN,NY,AEA,EN,Combined TRACON& Tower with Radar,19,233,256,0,508,0,0,187,0,187,19,233,443,0,695,100,0,100,795
07/30/2004,HPN,NY,AEA,EN,Combined TRACON& Tower with Radar,16,249,319,1,585,0,0,85,0,85,16,249,404,1,670,6,0,6,676
07/31/2004,HPN,NY,AEA,EN,Combined TRACON& Tower with Radar,10,93,99,0,202,0,0,78,0,78,10,93,177,0,280,50,0,50,330
08/01/2004,HPN,NY,AEA,EN,Combined TRACON& Tower with Radar,17,160,211,0,388,0,0,78,0,78,17,160,289,0,466,0,0,0,466
08/02/2004,HPN,NY,AEA,EN,Combined TRACON& Tower with Radar,19,204,200,0,423,0,0,138,0,138,19,204,338,0,561,58,0,58,619
08/03/2004,HPN,NY,AEA,EN,Combined TRACON& Tower with Radar,19,203,185,0,407,0,0,83,0,83,19,203,268,0,490,108,0,108,598
08/04/2004,HPN,NY,AEA,EN,Combined TRACON& Tower with Radar,19,182,236,0,437,0,0,160,0,160,19,182,396,0,597,78,0,78,675
08/05/2004,HPN,NY,AEA,EN,Combined TRACON& Tower with Radar,16,218,215,0,449,0,0,131,0,131,16,218,346,0,580,68,0,68,648
08/06/2004,HPN,NY,AEA,EN,Combined TRACON& Tower with Radar,17,222,191,0,430,0,0,257,0,257,17,222,448,0,687,42,0,42,729
08/07/2004,HPN,NY,AEA,EN,Combined TRACON& Tower with Radar,16,158,199,2,375,0,0,163,0,163,16,158,362,2,538,62,0,62,600
08/08/2004,HPN,NY,AEA,EN,Combined TRACON& Tower with Radar,17,175,236,0,428,0,0,263,0,263,17,175,499,0,691,116,0,116,807
08/09/2004,HPN,NY,AEA,EN,Combined TRACON& Tower with Radar,16,190,131,0,337,0,0,284,0,284,16,190,415,0,621,92,0,92,713
08/10/2004,HPN,NY,AEA,EN,Combined TRACON& Tower with Radar,18,199,122,0,339,0,0,168,0,168,18,199,290,0,507,28,0,28,535
08/11/2004,HPN,NY,AEA,EN,Combined TRACON& Tower with Radar,17,195,181,0,393,0,0,0,0,0,17,195,181,0,393,58,0,58,451
08/12/2004,HPN,NY,AEA,EN,Combined TRACON& Tower with Radar,18,230,215,0,463,0,0,47,0,47,18,230,262,0,510,28,0,28,538
08/13/2004,HPN,NY,AEA,EN,Combined TRACON& Tower with Radar,16,203,204,0,423,0,0,10,0,10,16,203,214,0,433,0,0,0,433
08/14/2004,HPN,NY,AEA,EN,Combined TRACON& Tower with Radar,11,116,121,0,248,0,0,151,0,151,11,116,272,0,399,170,0,170,569
08/15/2004,HPN,NY,AEA,EN,Combined TRACON& Tower with Radar,14,145,170,0,329,0,0,19,0,19,14,145,189,0,348,18,0,18,366
08/16/2004,HPN,NY,AEA,EN,Combined TRACON& Tower with Radar,19,210,207,0,436,0,0,27,0,27,19,210,234,0,463,0,0,0,463
08/17/2004,HPN,NY,AEA,EN,Combined TRACON& Tower with Radar,15,183,150,0,348,0,0,232,0,232,15,183,382,0,580,108,0,108,688
08/18/2004,HPN,NY,AEA,EN,Combined TRACON& Tower with Radar,13,228,231,0,472,0,0,45,0,45,13,228,276,0,517,2,0,2,519
08/19/2004,HPN,NY,AEA,EN,Combined TRACON& Tower with Radar,20,226,212,0,458,0,0,52,0,52,20,226,264,0,510,14,0,14,524
08/20/2004,HPN,NY,AEA,EN,Combined TRACON& Tower with Radar,18,216,218,0,452,0,0,88,0,88,18,216,306,0,540,18,0,18,558
08/21/2004,HPN,NY,AEA,EN,Combined TRACON& Tower with Radar,7,115,77,0,199,0,0,2,0,2,7,115,79,0,201,0,0,0,201
08/22/2004,HPN,NY,AEA,EN,Combined TRACON& Tower with Radar,14,174,151,0,339,0,0,354,0,354,14,174,505,0,693,52,0,52,745
08/23/2004,HPN,NY,AEA,EN,Combined TRACON& Tower with Radar,14,211,171,0,396,0,0,204,0,204,14,211,375,0,600,64,0,64,664
08/24/2004,HPN,NY,AEA,EN,Combined TRACON& Tower with Radar,15,206,148,0,369,0,0,131,0,131,15,206,279,0,500,35,0,35,535
08/25/2004,HPN,NY,AEA,EN,Combined TRACON& Tower with Radar,13,196,182,0,391,0,0,228,0,228,13,196,410,0,619,106,0,106,725
08/26/2004,HPN,NY,AEA,EN,Combined TRACON& Tower with Radar,18,215,205,0,438,0,0,184,0,184,18,215,389,0,622,102,0,102,724
08/27/2004,HPN,NY,AEA,EN,Combined TRACON& Tower with Radar,17,202,226,0,445,0,0,150,0,150,17,202,376,0,595,72,0,72,667
08/28/2004,HPN,NY,AEA,EN,Combined TRACON& Tower with Radar,8,120,125,0,253,0,0,159,0,159,8,120,284,0,412,222,0,222,634
08/29/2004,HPN,NY,AEA,EN,Combined TRACON& Tower with Radar,18,182,209,0,409,0,0,123,0,123,18,182,332,0,532,64,0,64,596
08/30/2004,HPN,NY,AEA,EN,Combined TRACON& Tower with Radar,18,220,224,0,462,0,0,32,0,32,18,220,256,0,494,0,0,0,494
08/31/2004,HPN,NY,AEA,EN,Combined TRACON& Tower with Radar,20,237,234,0,491,0,0,60,0,60,20,237,294,0,551,0,0,0,551
09/01/2004,HPN,NY,AEA,EN,Combined TRACON& Tower with Radar,16,248,282,0,546,0,0,121,0,121,16,248,403,0,667,0,0,0,667
09/02/2004,HPN,NY,AEA,EN,Combined TRACON& Tower with Radar,15,282,246,1,544,0,0,131,0,131,15,282,377,1,675,0,0,0,675
09/03/2004,HPN,NY,AEA,EN,Combined TRACON& Tower with Radar,18,212,202,2,434,0,0,253,0,253,18,212,455,2,687,4,0,4,691
09/04/2004,HPN,NY,AEA,EN,Combined TRACON& Tower with Radar,11,102,111,0,224,0,0,142,0,142,11,102,253,0,366,117,0,117,483
09/05/2004,HPN,NY,AEA,EN,Combined TRACON& Tower with Radar,9,91,117,0,217,0,0,72,0,72,9,91,189,0,289,18,0,18,307
09/06/2004,HPN,NY,AEA,EN,Combined TRACON& Tower with Radar,17,206,221,0,444,0,0,237,0,237,17,206,458,0,681,110,0,110,791
09/07/2004,HPN,NY,AEA,EN,Combined TRACON& Tower with Radar,17,182,187,0,386,0,0,63,0,63,17,182,250,0,449,20,0,20,469
09/08/2004,HPN,NY,AEA,EN,Combined TRACON& Tower with Radar,9,219,170,0,398,0,0,4,0,4,9,219,174,0,402,0,0,0,402
09/09/2004,HPN,NY,AEA,EN,Combined TRACON& Tower with Radar,4,207,172,0,383,0,0,18,0,18,4,207,190,0,401,0,0,0,401
09/10/2004,HPN,NY,AEA,EN,Combined TRACON& Tower with Radar,10,237,234,0,481,0,0,160,0,160,10,237,394,0,641,18,0,18,659
09/11/2004,HPN,NY,AEA,EN,Combined TRACON& Tower with Radar,10,102,144,0,256,0,0,177,0,177,10,102,321,0,433,117,0,117,550
09/12/2004,HPN,NY,AEA,EN,Combined TRACON& Tower with Radar,11,165,175,0,351,0,0,256,0,256,11,165,431,0,607,64,0,64,671
09/13/2004,HPN,NY,AEA,EN,Combined TRACON& Tower with Radar,15,204,196,0,415,0,0,129,0,129,15,204,325,0,544,40,0,40,584
09/14/2004,HPN,NY,AEA,EN,Combined TRACON& Tower with Radar,12,237,143,0,392,0,0,142,0,142,12,237,285,0,534,36,0,36,570
09/15/2004,HPN,NY,AEA,EN,Combined TRACON& Tower with Radar,10,205,195,0,410,0,0,116,0,116,10,205,311,0,526,38,0,38,564
09/16/2004,HPN,NY,AEA,EN,Combined TRACON& Tower with Radar,8,218,211,0,437,0,0,71,0,71,8,218,282,0,508,10,0,10,518
09/17/2004,HPN,NY,AEA,EN,Combined TRACON& Tower with Radar,12,220,242,0,474,0,0,40,0,40,12,220,282,0,514,0,0,0,514
09/18/2004,HPN,NY,AEA,EN,Combined TRACON& Tower with Radar,10,95,75,0,180,0,0,4,0,4,10,95,79,0,184,0,0,0,184
09/19/2004,HPN,NY,AEA,EN,Combined TRACON& Tower with Radar,17,159,182,0,358,0,0,146,0,146,17,159,328,0,504,83,0,83,587
09/20/2004,HPN,NY,AEA,EN,Combined TRACON& Tower with Radar,15,209,190,0,414,0,0,160,0,160,15,209,350,0,574,30,0,30,604
09/21/2004,HPN,NY,AEA,EN,Combined TRACON& Tower with Radar,9,227,207,0,443,0,0,136,0,136,9,227,343,0,579,0,0,0,579
09/22/2004,HPN,NY,AEA,EN,Combined TRACON& Tower with Radar,12,212,209,0,433,0,0,129,0,129,12,212,338,0,562,20,0,20,582
09/23/2004,HPN,NY,AEA,EN,Combined TRACON& Tower with Radar,14,215,212,0,441,0,0,204,0,204,14,215,416,0,645,30,0,30,675
09/24/2004,HPN,NY,AEA,EN,Combined TRACON& Tower with Radar,16,216,255,0,487,0,0,113,0,113,16,216,368,0,600,12,0,12,612
09/25/2004,HPN,NY,AEA,EN,Combined TRACON& Tower with Radar,8,94,129,30,261,0,0,163,0,163,8,94,292,30,424,78,0,78,502
09/26/2004,HPN,NY,AEA,EN,Combined TRACON& Tower with Radar,12,190,165,1,368,0,0,223,0,223,12,190,388,1,591,134,0,134,725
09/27/2004,HPN,NY,AEA,EN,Combined TRACON& Tower with Radar,14,206,188,1,409,0,0,171,0,171,14,206,359,1,580,48,0,48,628
09/28/2004,HPN,NY,AEA,EN,Combined TRACON& Tower with Radar,11,162,120,0,293,0,0,0,0,0,11,162,120,0,293,0,0,0,293
09/29/2004,HPN,NY,AEA,EN,Combined TRACON& Tower with Radar,13,217,164,0,394,0,0,62,0,62,13,217,226,0,456,8,0,8,464
09/30/2004,HPN,NY,AEA,EN,Combined TRACON& Tower with Radar,12,209,205,0,426,0,0,84,0,84,12,209,289,0,510,34,0,34,544
10/01/2004,HPN,NY,AEA,EN,Combined TRACON& Tower with Radar,12,248,271,0,531,0,0,163,0,163,12,248,434,0,694,32,0,32,726
10/02/2004,HPN,NY,AEA,EN,Combined TRACON& Tower with Radar,21,112,124,1,258,0,0,95,0,95,21,112,219,1,353,86,0,86,439
10/03/2004,HPN,NY,AEA,EN,Combined TRACON& Tower with Radar,14,172,172,0,358,0,0,281,0,281,14,172,453,0,639,104,0,104,743
10/04/2004,HPN,NY,AEA,EN,Combined TRACON& Tower with Radar,14,211,185,0,410,0,0,169,0,169,14,211,354,0,579,8,0,8,587
10/05/2004,HPN,NY,AEA,EN,Combined TRACON& Tower with Radar,8,201,206,0,415,0,0,173,0,173,8,201,379,0,588,22,0,22,610
10/06/2004,HPN,NY,AEA,EN,Combined TRACON& Tower with Radar,24,199,242,0,465,0,0,131,0,131,24,199,373,0,596,96,0,96,692
10/07/2004,HPN,NY,AEA,EN,Combined TRACON& Tower with Radar,10,226,199,0,435,0,0,234,0,234,10,226,433,0,669,80,0,80,749
10/08/2004,HPN,NY,AEA,EN,Combined TRACON& Tower with Radar,12,240,241,1,494,0,0,239,0,239,12,240,480,1,733,44,0,44,777
10/09/2004,HPN,NY,AEA,EN,Combined TRACON& Tower with Radar,10,138,158,0,306,0,0,117,0,117,10,138,275,0,423,108,0,108,531
10/10/2004,HPN,NY,AEA,EN,Combined TRACON& Tower with Radar,14,172,225,0,411,0,0,150,0,150,14,172,375,0,561,89,0,89,650
10/11/2004,HPN,NY,AEA,EN,Combined TRACON& Tower with Radar,13,244,209,0,466,0,0,183,0,183,13,244,392,0,649,48,0,48,697
10/12/2004,HPN,NY,AEA,EN,Combined TRACON& Tower with Radar,9,217,147,1,374,0,0,151,0,151,9,217,298,1,525,36,0,36,561
10/13/2004,HPN,NY,AEA,EN,Combined TRACON& Tower with Radar,13,193,168,0,374,0,0,160,0,160,13,193,328,0,534,72,0,72,606
10/14/2004,HPN,NY,AEA,EN,Combined TRACON& Tower with Radar,9,235,207,0,451,0,0,68,0,68,9,235,275,0,519,220,0,220,739
10/15/2004,HPN,NY,AEA,EN,Combined TRACON& Tower with Radar,10,220,239,0,469,0,0,1,0,1,10,220,240,0,470,0,0,0,470
10/16/2004,HPN,NY,AEA,EN,Combined TRACON& Tower with Radar,9,135,109,0,253,0,0,80,0,80,9,135,189,0,333,76,0,76,409
10/17/2004,HPN,NY,AEA,EN,Combined TRACON& Tower with Radar,10,170,161,0,341,0,0,135,0,135,10,170,296,0,476,24,0,24,500
10/18/2004,HPN,NY,AEA,EN,Combined TRACON& Tower with Radar,15,191,176,0,382,0,0,154,0,154,15,191,330,0,536,52,0,52,588
10/19/2004,HPN,NY,AEA,EN,Combined TRACON& Tower with Radar,14,196,129,0,339,0,0,0,0,0,14,196,129,0,339,0,0,0,339
10/20/2004,HPN,NY,AEA,EN,Combined TRACON& Tower with Radar,19,197,175,0,391,0,0,71,0,71,19,197,246,0,462,34,0,34,496
10/21/2004,HPN,NY,AEA,EN,Combined TRACON& Tower with Radar,11,221,211,0,443,0,0,129,0,129,11,221,340,0,572,54,0,54,626
10/22/2004,HPN,NY,AEA,EN,Combined TRACON& Tower with Radar,10,241,227,0,478,0,0,121,0,121,10,241,348,0,599,82,0,82,681
10/23/2004,HPN,NY,AEA,EN,Combined TRACON& Tower with Radar,11,122,142,0,275,0,0,176,0,176,11,122,318,0,451,72,0,72,523
10/24/2004,HPN,NY,AEA,EN,Combined TRACON& Tower with Radar,11,172,182,0,365,0,0,0,0,0,11,172,182,0,365,60,0,60,425
10/25/2004,HPN,NY,AEA,EN,Combined TRACON& Tower with Radar,18,192,186,0,396,0,0,121,0,121,18,192,307,0,517,58,0,58,575
10/26/2004,HPN,NY,AEA,EN,Combined TRACON& Tower with Radar,19,193,194,0,406,0,0,148,0,148,19,193,342,0,554,36,0,36,590
10/27/2004,HPN,NY,AEA,EN,Combined TRACON& Tower with Radar,17,204,194,0,415,0,0,164,0,164,17,204,358,0,579,66,0,66,645
10/28/2004,HPN,NY,AEA,EN,Combined TRACON& Tower with Radar,16,189,177,1,383,0,0,168,0,168,16,189,345,1,551,2,0,2,553
10/29/2004,HPN,NY,AEA,EN,Combined TRACON& Tower with Radar,11,198,216,0,425,0,0,77,0,77,11,198,293,0,502,38,0,38,540
10/30/2004,HPN,NY,AEA,EN,Combined TRACON& Tower with Radar,12,78,48,0,138,0,0,0,0,0,12,78,48,0,138,0,0,0,138
10/31/2004,HPN,NY,AEA,EN,Combined TRACON& Tower with Radar,0,0,0,0,0,21,136,274,0,431,21,136,274,0,431,66,0,66,497
11/01/2004,HPN,NY,AEA,EN,Towers with Radar,15,202,142,0,359,0,0,139,0,139,15,202,281,0,498,4,0,4,502
11/02/2004,HPN,NY,AEA,EN,Towers with Radar,17,196,143,0,356,0,0,97,0,97,17,196,240,0,453,64,0,64,517
11/03/2004,HPN,NY,AEA,EN,Towers with Radar,12,175,178,0,365,0,0,88,0,88,12,175,266,0,453,28,0,28,481
11/04/2004,HPN,NY,AEA,EN,Towers with Radar,13,216,188,0,417,0,0,72,0,72,13,216,260,0,489,36,0,36,525
11/05/2004,HPN,NY,AEA,EN,Towers with Radar,18,234,166,0,418,0,0,45,0,45,18,234,211,0,463,10,0,10,473
11/06/2004,HPN,NY,AEA,EN,Towers with Radar,21,124,129,0,274,0,0,162,0,162,21,124,291,0,436,102,0,102,538
11/07/2004,HPN,NY,AEA,EN,Towers with Radar,18,182,148,0,348,0,0,220,0,220,18,182,368,0,568,66,0,66,634
11/08/2004,HPN,NY,AEA,EN,Towers with Radar,21,193,150,0,364,0,0,127,0,127,21,193,277,0,491,40,0,40,531
11/09/2004,HPN,NY,AEA,EN,Towers with Radar,13,240,184,0,437,0,0,149,0,149,13,240,333,0,586,16,0,16,602
11/10/2004,HPN,NY,AEA,EN,Towers with Radar,13,212,201,0,426,0,0,164,0,164,13,212,365,0,590,148,0,148,738
11/11/2004,HPN,NY,AEA,EN,Towers with Radar,18,230,175,0,423,0,0,126,0,126,18,230,301,0,549,48,0,48,597
11/12/2004,HPN,NY,AEA,EN,Towers with Radar,15,231,168,0,414,0,0,12,0,12,15,231,180,0,426,0,0,0,426
11/13/2004,HPN,NY,AEA,EN,Towers with Radar,13,126,82,0,221,0,0,77,0,77,13,126,159,0,298,0,0,0,298
11/14/2004,HPN,NY,AEA,EN,Towers with Radar,15,164,153,0,332,0,0,203,0,203,15,164,356,0,535,66,0,66,601
11/15/2004,HPN,NY,AEA,EN,Towers with Radar,16,204,162,0,382,0,0,161,0,161,16,204,323,0,543,72,0,72,615
11/16/2004,HPN,NY,AEA,EN,Towers with Radar,13,188,139,0,340,0,0,155,0,155,13,188,294,0,495,94,0,94,589
11/17/2004,HPN,NY,AEA,EN,Towers with Radar,15,212,207,0,434,0,0,211,0,211,15,212,418,0,645,36,0,36,681
11/18/2004,HPN,NY,AEA,EN,Towers with Radar,14,215,194,0,423,0,0,126,0,126,14,215,320,0,549,30,0,30,579
11/19/2004,HPN,NY,AEA,EN,Towers with Radar,21,217,233,0,471,0,0,130,0,130,21,217,363,0,601,38,0,38,639
11/20/2004,HPN,NY,AEA,EN,Towers with Radar,13,116,119,0,248,0,0,39,0,39,13,116,158,0,287,76,0,76,363
11/21/2004,HPN,NY,AEA,EN,Towers with Radar,6,93,89,0,188,0,0,0,0,0,6,93,89,0,188,0,0,0,188
11/22/2004,HPN,NY,AEA,EN,Towers with Radar,13,197,171,1,382,0,0,103,0,103,13,197,274,1,485,22,0,22,507
11/23/2004,HPN,NY,AEA,EN,Towers with Radar,22,272,294,0,588,0,0,81,0,81,22,272,375,0,669,30,0,30,699
11/24/2004,HPN,NY,AEA,EN,Towers with Radar,17,202,233,0,452,0,0,2,0,2,17,202,235,0,454,0,0,0,454
11/25/2004,HPN,NY,AEA,EN,Towers with Radar,15,133,67,0,215,0,0,23,0,23,15,133,90,0,238,14,0,14,252
11/26/2004,HPN,NY,AEA,EN,Towers with Radar,13,93,76,0,182,0,0,194,0,194,13,93,270,0,376,46,0,46,422
11/27/2004,HPN,NY,AEA,EN,Towers with Radar,15,176,142,0,333,0,0,139,0,139,15,176,281,0,472,40,0,40,512
11/28/2004,HPN,NY,AEA,EN,Towers with Radar,15,246,259,0,520,0,0,30,0,30,15,246,289,0,550,0,0,0,550
11/29/2004,HPN,NY,AEA,EN,Towers with Radar,16,232,172,0,420,0,0,145,0,145,16,232,317,0,565,64,0,64,629
11/30/2004,HPN,NY,AEA,EN,Towers with Radar,15,210,139,0,364,0,0,150,0,150,15,210,289,0,514,30,0,30,544
12/01/2004,HPN,NY,AEA,EN,Towers with Radar,25,231,145,0,401,0,0,18,0,18,25,231,163,0,419,0,0,0,419
12/02/2004,HPN,NY,AEA,EN,Towers with Radar,14,250,225,0,489,0,0,145,0,145,14,250,370,0,634,6,0,6,640
12/03/2004,HPN,NY,AEA,EN,Towers with Radar,14,206,178,0,398,0,0,115,0,115,14,206,293,0,513,34,0,34,547
12/04/2004,HPN,NY,AEA,EN,Towers with Radar,13,102,113,0,228,0,0,202,0,202,13,102,315,0,430,168,0,168,598
12/05/2004,HPN,NY,AEA,EN,Towers with Radar,15,157,136,0,308,0,0,219,0,219,15,157,355,0,527,122,0,122,649
12/06/2004,HPN,NY,AEA,EN,Towers with Radar,14,180,162,0,356,0,0,26,0,26,14,180,188,0,382,6,0,6,388
12/07/2004,HPN,NY,AEA,EN,Towers with Radar,15,175,130,0,320,0,0,0,0,0,15,175,130,0,320,0,0,0,320
12/08/2004,HPN,NY,AEA,EN,Towers with Radar,16,203,192,0,411,0,0,97,0,97,16,203,289,0,508,0,0,0,508
12/09/2004,HPN,NY,AEA,EN,Towers with Radar,11,183,232,0,426,0,0,150,0,150,11,183,382,0,576,30,0,30,606
12/10/2004,HPN,NY,AEA,EN,Towers with Radar,11,199,207,0,417,0,0,0,0,0,11,199,207,0,417,0,0,0,417
12/11/2004,HPN,NY,AEA,EN,Towers with Radar,20,96,82,0,198,0,0,12,0,12,20,96,94,0,210,0,0,0,210
12/12/2004,HPN,NY,AEA,EN,Towers with Radar,18,143,125,0,286,0,0,133,0,133,18,143,258,0,419,84,0,84,503
12/13/2004,HPN,NY,AEA,EN,Towers with Radar,17,200,123,0,340,0,0,78,0,78,17,200,201,0,418,22,0,22,440
12/14/2004,HPN,NY,AEA,EN,Towers with Radar,18,176,181,4,379,0,0,115,0,115,18,176,296,4,494,260,0,260,754
12/15/2004,HPN,NY,AEA,EN,Towers with Radar,12,214,147,0,373,0,0,134,0,134,12,214,281,0,507,24,0,24,531
12/16/2004,HPN,NY,AEA,EN,Towers with Radar,19,199,175,0,393,0,0,135,0,135,19,199,310,0,528,34,0,34,562
12/17/2004,HPN,NY,AEA,EN,Towers with Radar,18,243,210,0,471,0,0,109,0,109,18,243,319,0,580,48,0,48,628
12/18/2004,HPN,NY,AEA,EN,Towers with Radar,15,133,148,0,296,0,0,189,0,189,15,133,337,0,485,176,0,176,661
12/19/2004,HPN,NY,AEA,EN,Towers with Radar,18,146,103,0,267,0,0,0,0,0,18,146,103,0,267,13,0,13,280
12/20/2004,HPN,NY,AEA,EN,Towers with Radar,14,158,128,0,300,0,0,33,0,33,14,158,161,0,333,0,0,0,333
12/21/2004,HPN,NY,AEA,EN,Towers with Radar,12,199,137,0,348,0,0,96,0,96,12,199,233,0,444,28,0,28,472
12/22/2004,HPN,NY,AEA,EN,Towers with Radar,20,180,137,0,337,0,0,149,0,149,20,180,286,0,486,56,0,56,542
12/23/2004,HPN,NY,AEA,EN,Towers with Radar,17,176,115,0,308,0,0,9,0,9,17,176,124,0,317,0,0,0,317
12/24/2004,HPN,NY,AEA,EN,Towers with Radar,16,122,76,0,214,0,0,95,0,95,16,122,171,0,309,42,0,42,351
12/25/2004,HPN,NY,AEA,EN,Towers with Radar,13,106,43,0,162,0,0,73,0,73,13,106,116,0,235,40,0,40,275
12/26/2004,HPN,NY,AEA,EN,Towers with Radar,14,177,146,0,337,0,0,52,0,52,14,177,198,0,389,8,0,8,397
12/27/2004,HPN,NY,AEA,EN,Towers with Radar,18,204,132,0,354,0,0,50,0,50,18,204,182,0,404,6,0,6,410
12/28/2004,HPN,NY,AEA,EN,Towers with Radar,26,154,87,0,267,0,0,89,0,89,26,154,176,0,356,84,0,84,440
12/29/2004,HPN,NY,AEA,EN,Towers with Radar,19,156,98,0,273,0,0,97,0,97,19,156,195,0,370,68,0,68,438
12/30/2004,HPN,NY,AEA,EN,Towers with Radar,18,154,80,0,252,0,0,141,0,141,18,154,221,0,393,58,0,58,451
12/31/2004,HPN,NY,AEA,EN,Towers with Radar,16,125,69,0,210,0,0,69,0,69,16,125,138,0,279,54,0,54,333
01/01/2005,HPN,NY,AEA,EN,Towers with Radar,20,154,88,0,262,0,0,122,0,122,20,154,210,0,384,66,0,66,450
01/02/2005,HPN,NY,AEA,EN,Towers with Radar,13,228,276,0,517,0,0,0,0,0,13,228,276,0,517,106,0,106,623
01/03/2005,HPN,NY,AEA,EN,Towers with Radar,17,228,159,4,408,0,0,18,0,18,17,228,177,4,426,20,0,20,446
01/04/2005,HPN,NY,AEA,EN,Towers with Radar,16,188,123,0,327,0,0,21,0,21,16,188,144,0,348,44,0,44,392
01/05/2005,HPN,NY,AEA,EN,Towers with Radar,7,177,109,0,293,0,0,4,0,4,7,177,113,0,297,0,0,0,297
01/06/2005,HPN,NY,AEA,EN,Towers with Radar,15,142,82,0,239,0,0,0,0,0,15,142,82,0,239,0,0,0,239
01/07/2005,HPN,NY,AEA,EN,Towers with Radar,20,200,179,0,399,0,0,101,0,101,20,200,280,0,500,46,0,46,546
01/08/2005,HPN,NY,AEA,EN,Towers with Radar,13,91,52,0,156,0,0,0,0,0,13,91,52,0,156,0,0,0,156
01/09/2005,HPN,NY,AEA,EN,Towers with Radar,17,159,189,0,365,0,0,160,0,160,17,159,349,0,525,106,0,106,631
01/10/2005,HPN,NY,AEA,EN,Towers with Radar,18,181,16,4,219,0,0,226,0,226,18,181,242,4,445,26,0,26,471
01/11/2005,HPN,NY,AEA,EN,Towers with Radar,16,149,114,0,279,0,0,35,0,35,16,149,149,0,314,0,0,0,314
01/12/2005,HPN,NY,AEA,EN,Towers with Radar,17,153,94,0,264,0,0,0,0,0,17,153,94,0,264,0,0,0,264
01/13/2005,HPN,NY,AEA,EN,Towers with Radar,2,29,50,0,81,0,0,0,0,0,2,29,50,0,81,0,0,0,81
01/14/2005,HPN,NY,AEA,EN,Towers with Radar,15,243,220,0,478,0,0,22,0,22,15,243,242,0,500,24,0,24,524
01/15/2005,HPN,NY,AEA,EN,Towers with Radar,12,86,105,0,203,0,0,164,0,164,12,86,269,0,367,0,0,0,367
01/16/2005,HPN,NY,AEA,EN,Towers with Radar,14,111,108,0,233,0,0,101,0,101,14,111,209,0,334,126,0,126,460
01/17/2005,HPN,NY,AEA,EN,Towers with Radar,16,232,171,0,419,0,0,54,0,54,16,232,225,0,473,12,0,12,485
01/18/2005,HPN,NY,AEA,EN,Towers with Radar,14,208,124,0,346,0,0,93,0,93,14,208,217,0,439,0,0,0,439
01/19/2005,HPN,NY,AEA,EN,Towers with Radar,15,200,135,0,350,0,0,38,0,38,15,200,173,0,388,0,0,0,388
01/20/2005,HPN,NY,AEA,EN,Towers with Radar,15,181,133,0,329,0,0,104,0,104,15,181,237,0,433,28,0,28,461
01/21/2005,HPN,NY,AEA,EN,Towers with Radar,18,196,244,0,458,0,0,0,0,0,18,196,244,0,458,20,0,20,478
01/22/2005,HPN,NY,AEA,EN,Towers with Radar,7,57,55,0,119,0,0,16,0,16,7,57,71,0,135,26,0,26,161
01/23/2005,HPN,NY,AEA,EN,Towers with Radar,8,78,64,0,150,0,0,5,0,5,8,78,69,0,155,0,0,0,155
01/24/2005,HPN,NY,AEA,EN,Towers with Radar,16,177,136,0,329,0,0,0,70,70,16,177,136,70,399,24,0,24,423
01/25/2005,HPN,NY,AEA,EN,Towers with Radar,13,186,160,0,359,0,0,122,0,122,13,186,282,0,481,20,0,20,501
01/26/2005,HPN,NY,AEA,EN,Towers with Radar,13,173,112,0,298,0,0,11,0,11,13,173,123,0,309,0,0,0,309
01/27/2005,HPN,NY,AEA,EN,Towers with Radar,12,206,136,0,354,0,0,77,0,77,12,206,213,0,431,0,0,0,431
01/28/2005,HPN,NY,AEA,EN,Towers with Radar,16,213,178,0,407,0,0,100,0,100,16,213,278,0,507,36,0,36,543
01/29/2005,HPN,NY,AEA,EN,Towers with Radar,13,100,90,0,203,0,0,168,0,168,13,100,258,0,371,124,0,124,495
01/30/2005,HPN,NY,AEA,EN,Towers with Radar,16,166,145,0,327,0,0,129,0,129,16,166,274,0,456,82,0,82,538
01/31/2005,HPN,NY,AEA,EN,Towers with Radar,16,187,128,0,331,0,0,92,0,92,16,187,220,0,423,12,0,12,435
02/01/2005,HPN,NY,AEA,EN,Towers with Radar,15,178,130,0,323,0,0,137,0,137,15,178,267,0,460,60,0,60,520
02/02/2005,HPN,NY,AEA,EN,Towers with Radar,16,245,257,0,518,0,0,164,0,164,16,245,421,0,682,82,0,82,764
02/03/2005,HPN,NY,AEA,EN,Towers with Radar,15,220,209,0,444,0,0,109,0,109,15,220,318,0,553,26,0,26,579
02/04/2005,HPN,NY,AEA,EN,Towers with Radar,18,193,171,0,382,0,0,65,0,65,18,193,236,0,447,40,0,40,487
02/05/2005,HPN,NY,AEA,EN,Towers with Radar,12,111,68,0,191,0,0,228,0,228,12,111,296,0,419,0,0,0,419
02/06/2005,HPN,NY,AEA,EN,Towers with Radar,14,153,131,0,298,0,0,211,0,211,14,153,342,0,509,80,0,80,589
02/07/2005,HPN,NY,AEA,EN,Towers with Radar,14,224,171,0,409,0,0,142,0,142,14,224,313,0,551,22,0,22,573
02/08/2005,HPN,NY,AEA,EN,Towers with Radar,18,181,155,0,354,0,0,127,0,127,18,181,282,0,481,0,0,0,481
02/09/2005,HPN,NY,AEA,EN,Towers with Radar,19,208,154,0,381,0,0,107,0,107,19,208,261,0,488,54,0,54,542
02/10/2005,HPN,NY,AEA,EN,Towers with Radar,14,182,140,0,336,0,0,16,0,16,14,182,156,0,352,0,0,0,352
02/11/2005,HPN,NY,AEA,EN,Towers with Radar,20,185,147,0,352,0,0,115,0,115,20,185,262,0,467,40,0,40,507
02/12/2005,HPN,NY,AEA,EN,Towers with Radar,14,96,76,0,186,0,0,125,0,125,14,96,201,0,311,150,0,150,461
02/13/2005,HPN,NY,AEA,EN,Towers with Radar,8,136,144,0,288,0,0,192,0,192,8,136,336,0,480,60,0,60,540
02/14/2005,HPN,NY,AEA,EN,Towers with Radar,11,157,151,4,323,0,0,0,0,0,11,157,151,4,323,0,0,0,323
02/15/2005,HPN,NY,AEA,EN,Towers with Radar,15,190,174,0,379,0,0,129,0,129,15,190,303,0,508,42,0,42,550
02/16/2005,HPN,NY,AEA,EN,Towers with Radar,19,217,246,1,483,0,0,55,0,55,19,217,301,1,538,4,0,4,542
02/17/2005,HPN,NY,AEA,EN,Towers with Radar,11,257,268,0,536,0,0,112,0,112,11,257,380,0,648,50,0,50,698
02/18/2005,HPN,NY,AEA,EN,Towers with Radar,17,255,268,0,540,0,0,111,0,111,17,255,379,0,651,16,0,16,667
02/19/2005,HPN,NY,AEA,EN,Towers with Radar,8,143,137,0,288,0,0,185,0,185,8,143,322,0,473,38,0,38,511
02/20/2005,HPN,NY,AEA,EN,Towers with Radar,12,113,115,2,242,0,0,178,0,178,12,113,293,2,420,86,0,86,506
02/21/2005,HPN,NY,AEA,EN,Towers with Radar,13,192,186,0,391,0,0,0,0,0,13,192,186,0,391,0,0,0,391
02/22/2005,HPN,NY,AEA,EN,Towers with Radar,18,234,176,0,428,0,0,107,0,107,18,234,283,0,535,158,0,158,693
02/23/2005,HPN,NY,AEA,EN,Towers with Radar,11,204,133,0,348,0,0,108,0,108,11,204,241,0,456,30,0,30,486
02/24/2005,HPN,NY,AEA,EN,Towers with Radar,8,179,147,0,334,0,0,70,0,70,8,179,217,0,404,68,0,68,472
02/25/2005,HPN,NY,AEA,EN,Towers with Radar,8,186,172,0,366,0,0,87,0,87,8,186,259,0,453,14,0,14,467
02/26/2005,HPN,NY,AEA,EN,Towers with Radar,0,0,0,0,0,11,138,258,0,407,11,138,258,0,407,116,0,116,523
02/27/2005,HPN,NY,AEA,EN,Towers with Radar,0,0,0,0,0,14,179,427,0,620,14,179,427,0,620,112,0,112,732
02/28/2005,HPN,NY,AEA,EN,Towers with Radar,8,167,103,0,278,0,0,37,0,37,8,167,140,0,315,12,0,12,327
03/01/2005,HPN,NY,AEA,EN,Towers with Radar,10,140,92,0,242,0,0,17,0,17,10,140,109,0,259,0,0,0,259
03/02/2005,HPN,NY,AEA,EN,Towers with Radar,12,177,132,0,321,0,0,35,0,35,12,177,167,0,356,0,0,0,356
03/03/2005,HPN,NY,AEA,EN,Towers with Radar,11,249,165,0,425,0,0,85,0,85,11,249,250,0,510,12,0,12,522
03/04/2005,HPN,NY,AEA,EN,Towers with Radar,22,217,196,0,435,0,0,117,0,117,22,217,313,0,552,116,0,116,668
03/05/2005,HPN,NY,AEA,EN,Towers with Radar,5,111,92,0,208,0,0,164,0,164,5,111,256,0,372,110,0,110,482
03/06/2005,HPN,NY,AEA,EN,Towers with Radar,12,176,162,0,350,0,0,146,0,146,12,176,308,0,496,70,0,70,566
03/07/2005,HPN,NY,AEA,EN,Towers with Radar,16,174,133,0,323,0,0,86,0,86,16,174,219,0,409,48,0,48,457
03/08/2005,HPN,NY,AEA,EN,Towers with Radar,6,111,93,0,210,0,0,3,0,3,6,111,96,0,213,0,0,0,213
03/09/2005,HPN,NY,AEA,EN,Towers with Radar,12,217,206,0,435,0,0,70,0,70,12,217,276,0,505,10,0,10,515
03/10/2005,HPN,NY,AEA,EN,Towers with Radar,13,199,202,0,414,0,0,114,0,114,13,199,316,0,528,28,0,28,556
03/11/2005,HPN,NY,AEA,EN,Towers with Radar,13,236,217,0,466,0,0,0,0,0,13,236,217,0,466,0,0,0,466
03/12/2005,HPN,NY,AEA,EN,Towers with Radar,11,161,112,0,284,0,0,66,0,66,11,161,178,0,350,80,0,80,430
03/13/2005,HPN,NY,AEA,EN,Towers with Radar,12,157,139,0,308,0,0,173,0,173,12,157,312,0,481,0,0,0,481
03/14/2005,HPN,NY,AEA,EN,Towers with Radar,23,170,125,0,318,0,0,108,0,108,23,170,233,0,426,56,0,56,482
03/15/2005,HPN,NY,AEA,EN,Towers with Radar,15,175,130,0,320,0,0,112,0,112,15,175,242,0,432,52,0,52,484
03/16/2005,HPN,NY,AEA,EN,Towers with Radar,16,207,146,0,369,0,0,139,0,139,16,207,285,0,508,34,0,34,542
03/17/2005,HPN,NY,AEA,EN,Towers with Radar,15,192,178,0,385,0,0,151,0,151,15,192,329,0,536,52,0,52,588
03/18/2005,HPN,NY,AEA,EN,Towers with Radar,13,207,226,0,446,0,0,147,0,147,13,207,373,0,593,52,0,52,645
03/19/2005,HPN,NY,AEA,EN,Towers with Radar,17,143,133,0,293,0,0,270,0,270,17,143,403,0,563,112,0,112,675
03/20/2005,HPN,NY,AEA,EN,Towers with Radar,12,163,153,0,328,0,0,9,0,9,12,163,162,0,337,34,0,34,371
03/21/2005,HPN,NY,AEA,EN,Towers with Radar,26,183,155,0,364,0,0,60,0,60,26,183,215,0,424,54,0,54,478
03/22/2005,HPN,NY,AEA,EN,Towers with Radar,20,189,174,1,384,0,0,187,0,187,20,189,361,1,571,150,0,150,721
03/23/2005,HPN,NY,AEA,EN,Towers with Radar,11,145,148,0,304,0,0,19,0,19,11,145,167,0,323,54,0,54,377
03/24/2005,HPN,NY,AEA,EN,Towers with Radar,10,216,220,0,446,0,0,60,0,60,10,216,280,0,506,16,0,16,522
03/25/2005,HPN,NY,AEA,EN,Towers with Radar,12,174,143,0,329,0,0,132,0,132,12,174,275,0,461,0,0,0,461
03/26/2005,HPN,NY,AEA,EN,Towers with Radar,14,149,129,0,292,0,0,215,0,215,14,149,344,0,507,0,0,0,507
03/27/2005,HPN,NY,AEA,EN,Towers with Radar,15,214,187,0,416,0,0,88,0,88,15,214,275,0,504,22,0,22,526
03/28/2005,HPN,NY,AEA,EN,Towers with Radar,11,244,201,0,456,0,0,0,0,0,11,244,201,0,456,0,0,0,456
03/29/2005,HPN,NY,AEA,EN,Towers with Radar,17,191,203,0,411,0,0,51,0,51,17,191,254,0,462,0,0,0,462
03/30/2005,HPN,NY,AEA,EN,Towers with Radar,24,198,190,0,412,0,0,155,0,155,24,198,345,0,567,0,83,83,650
03/31/2005,HPN,NY,AEA,EN,Towers with Radar,22,197,135,0,354,0,0,165,0,165,22,197,300,0,519,72,0,72,591
04/01/2005,HPN,NY,AEA,EN,Towers with Radar,18,176,153,0,347,0,0,32,0,32,18,176,185,0,379,18,0,18,397
04/02/2005,HPN,NY,AEA,EN,Towers with Radar,12,94,64,0,170,0,0,0,0,0,12,94,64,0,170,0,0,0,170
04/03/2005,HPN,NY,AEA,EN,Towers with Radar,12,187,205,0,404,0,0,14,0,14,12,187,219,0,418,0,0,0,418
04/04/2005,HPN,NY,AEA,EN,Towers with Radar,12,190,123,0,325,0,0,68,0,68,12,190,191,0,393,42,0,42,435
04/05/2005,HPN,NY,AEA,EN,Towers with Radar,12,184,180,0,376,0,10,166,0,176,12,194,346,0,552,74,0,74,626
04/06/2005,HPN,NY,AEA,EN,Towers with Radar,16,192,190,1,399,0,0,176,0,176,16,192,366,1,575,0,0,0,575
04/07/2005,HPN,NY,AEA,EN,Towers with Radar,16,218,162,0,396,0,0,133,0,133,16,218,295,0,529,134,0,134,663
04/08/2005,HPN,NY,AEA,EN,Towers with Radar,13,239,229,0,481,0,0,116,0,116,13,239,345,0,597,86,0,86,683
04/09/2005,HPN,NY,AEA,EN,Towers with Radar,16,105,123,0,244,0,0,190,0,190,16,105,313,0,434,0,0,0,434
04/10/2005,HPN,NY,AEA,EN,Towers with Radar,13,152,179,0,344,0,0,222,0,222,13,152,401,0,566,88,0,88,654
04/11/2005,HPN,NY,AEA,EN,Towers with Radar,19,199,155,0,373,0,0,113,0,113,19,199,268,0,486,94,0,94,580
04/12/2005,HPN,NY,AEA,EN,Towers with Radar,19,179,160,0,358,0,0,144,0,144,19,179,304,0,502,380,0,380,882
04/13/2005,HPN,NY,AEA,EN,Towers with Radar,16,196,177,0,389,0,0,187,0,187,16,196,364,0,576,52,0,52,628
04/14/2005,HPN,NY,AEA,EN,Towers with Radar,16,209,201,0,426,0,0,159,0,159,16,209,360,0,585,102,0,102,687
04/15/2005,HPN,NY,AEA,EN,Towers with Radar,16,242,214,0,472,0,0,145,0,145,16,242,359,0,617,62,0,62,679
04/16/2005,HPN,NY,AEA,EN,Towers with Radar,20,133,106,0,259,0,0,214,0,214,20,133,320,0,473,178,0,178,651
04/17/2005,HPN,NY,AEA,EN,Towers with Radar,13,175,200,0,388,0,0,184,0,184,13,175,384,0,572,168,0,168,740
04/18/2005,HPN,NY,AEA,EN,Towers with Radar,22,184,145,0,351,0,0,156,0,156,22,184,301,0,507,38,0,38,545
04/19/2005,HPN,NY,AEA,EN,Towers with Radar,17,205,128,0,350,0,0,0,0,0,17,205,128,0,350,82,0,82,432
04/20/2005,HPN,NY,AEA,EN,Towers with Radar,20,203,143,0,366,0,0,202,0,202,20,203,345,0,568,126,0,126,694
04/21/2005,HPN,NY,AEA,EN,Towers with Radar,20,233,160,0,413,0,0,122,0,122,20,233,282,0,535,12,0,12,547
04/22/2005,HPN,NY,AEA,EN,Towers with Radar,12,221,257,0,490,0,0,106,0,106,12,221,363,0,596,46,0,46,642
04/23/2005,HPN,NY,AEA,EN,Towers with Radar,4,73,52,0,129,0,0,0,0,0,4,73,52,0,129,0,0,0,129
04/24/2005,HPN,NY,AEA,EN,Towers with Radar,20,172,153,0,345,0,0,68,0,68,20,172,221,0,413,56,0,56,469
04/25/2005,HPN,NY,AEA,EN,Towers with Radar,18,212,157,0,387,0,0,97,0,97,18,212,254,0,484,46,0,46,530
04/26/2005,HPN,NY,AEA,EN,Towers with Radar,14,200,183,0,397,0,0,169,0,169,14,200,352,0,566,36,0,36,602
04/27/2005,HPN,NY,AEA,EN,Towers with Radar,14,210,162,0,386,0,0,7,0,7,14,210,169,0,393,0,0,0,393
04/28/2005,HPN,NY,AEA,EN,Towers with Radar,15,201,209,0,425,0,0,121,0,121,15,201,330,0,546,4,0,4,550
04/29/2005,HPN,NY,AEA,EN,Towers with Radar,12,212,202,0,426,0,0,132,0,132,12,212,334,0,558,44,0,44,602
04/30/2005,HPN,NY,AEA,EN,Towers with Radar,16,85,45,0,146,0,0,0,0,0,16,85,45,0,146,0,0,0,146
05/01/2005,HPN,NY,AEA,EN,Towers with Radar,17,177,187,0,381,0,0,120,0,120,17,177,307,0,501,62,0,62,563
05/02/2005,HPN,NY,AEA,EN,Towers with Radar,12,191,163,0,366,0,0,109,0,109,12,191,272,0,475,2,0,2,477
05/03/2005,HPN,NY,AEA,EN,Towers with Radar,11,218,227,0,456,0,0,140,0,140,11,218,367,0,596,104,0,104,700
05/04/2005,HPN,NY,AEA,EN,Towers with Radar,18,221,182,0,421,0,0,163,0,163,18,221,345,0,584,14,0,14,598
05/05/2005,HPN,NY,AEA,EN,Towers with Radar,18,215,268,0,501,0,0,165,0,165,18,215,433,0,666,38,0,38,704
05/06/2005,HPN,NY,AEA,EN,Towers with Radar,17,223,190,0,430,0,0,143,0,143,17,223,333,0,573,62,0,62,635
05/07/2005,HPN,NY,AEA,EN,Towers with Radar,13,82,58,0,153,0,0,43,0,43,13,82,101,0,196,6,0,6,202
05/08/2005,HPN,NY,AEA,EN,Towers with Radar,9,159,133,0,301,0,0,45,0,45,9,159,178,0,346,40,0,40,386
05/09/2005,HPN,NY,AEA,EN,Towers with Radar,16,201,189,0,406,0,0,112,0,112,16,201,301,0,518,6,0,6,524
05/10/2005,HPN,NY,AEA,EN,Towers with Radar,16,198,168,0,382,0,0,159,0,159,16,198,327,0,541,30,0,30,571
05/11/2005,HPN,NY,AEA,EN,Towers with Radar,11,220,203,0,434,0,0,53,0,53,11,220,256,0,487,18,0,18,505
05/12/2005,HPN,NY,AEA,EN,Towers with Radar,13,197,155,0,365,0,0,169,0,169,13,197,324,0,534,80,0,80,614
05/13/2005,HPN,NY,AEA,EN,Towers with Radar,11,222,196,0,429,0,0,182,0,182,11,222,378,0,611,15,0,15,626
05/14/2005,HPN,NY,AEA,EN,Towers with Radar,11,121,116,0,248,0,0,133,0,133,11,121,249,0,381,0,0,0,381
05/15/2005,HPN,NY,AEA,EN,Towers with Radar,14,160,168,0,342,0,0,65,0,65,14,160,233,0,407,122,0,122,529
05/16/2005,HPN,NY,AEA,EN,Towers with Radar,15,186,165,0,366,0,0,120,0,120,15,186,285,0,486,36,0,36,522
05/17/2005,HPN,NY,AEA,EN,Towers with Radar,22,217,168,0,407,0,0,183,0,183,22,217,351,0,590,46,0,46,636
05/18/2005,HPN,NY,AEA,EN,Towers with Radar,16,196,146,0,358,0,0,163,0,163,16,196,309,0,521,78,0,78,599
05/19/2005,HPN,NY,AEA,EN,Towers with Radar,13,193,173,0,379,0,0,191,0,191,13,193,364,0,570,14,1,15,585
05/20/2005,HPN,NY,AEA,EN,Towers with Radar,9,215,194,0,418,0,0,0,0,0,9,215,194,0,418,96,0,96,514
05/21/2005,HPN,NY,AEA,EN,Towers with Radar,13,104,129,0,246,0,0,215,0,215,13,104,344,0,461,106,0,106,567
05/22/2005,HPN,NY,AEA,EN,Towers with Radar,11,170,218,0,399,0,0,34,0,34,11,170,252,0,433,16,0,16,449
05/23/2005,HPN,NY,AEA,EN,Towers with Radar,13,188,169,0,370,0,0,105,0,105,13,188,274,0,475,64,0,64,539
05/24/2005,HPN,NY,AEA,EN,Towers with Radar,18,168,186,0,372,0,0,37,0,37,18,168,223,0,409,0,0,0,409
05/25/2005,HPN,NY,AEA,EN,Towers with Radar,17,213,170,0,400,0,0,14,0,14,17,213,184,0,414,0,0,0,414
05/26/2005,HPN,NY,AEA,EN,Towers with Radar,13,217,225,0,455,0,0,54,0,54,13,217,279,0,509,40,0,40,549
05/27/2005,HPN,NY,AEA,EN,Towers with Radar,17,242,250,0,509,0,0,166,0,166,17,242,416,0,675,78,0,78,753
05/28/2005,HPN,NY,AEA,EN,Towers with Radar,10,96,73,0,179,0,0,122,0,122,10,96,195,0,301,58,0,58,359
05/29/2005,HPN,NY,AEA,EN,Towers with Radar,8,112,97,0,217,0,0,123,0,123,8,112,220,0,340,66,0,66,406
05/30/2005,HPN,NY,AEA,EN,Towers with Radar,21,223,157,0,401,0,0,265,0,265,21,223,422,0,666,80,0,80,746
05/31/2005,HPN,NY,AEA,EN,Towers with Radar,18,210,176,0,404,0,0,181,0,181,18,210,357,0,585,68,0,68,653
06/01/2005,HPN,NY,AEA,EN,Towers with Radar,17,204,209,0,430,0,0,91,0,91,17,204,300,0,521,86,0,86,607
06/02/2005,HPN,NY,AEA,EN,Towers with Radar,14,14,207,0,235,0,172,65,0,237,14,186,272,0,472,58,0,58,530
06/03/2005,HPN,NY,AEA,EN,Towers with Radar,14,169,232,0,415,0,0,84,0,84,14,169,316,0,499,50,0,50,549
06/04/2005,HPN,NY,AEA,EN,Towers with Radar,13,104,154,0,271,0,0,0,0,0,13,104,154,0,271,188,0,188,459
06/05/2005,HPN,NY,AEA,EN,Towers with Radar,21,150,168,0,339,0,0,295,0,295,21,150,463,0,634,86,0,86,720
06/06/2005,HPN,NY,AEA,EN,Towers with Radar,12,144,160,0,316,0,0,126,0,126,12,144,286,0,442,0,0,0,442
06/07/2005,HPN,NY,AEA,EN,Towers with Radar,14,180,173,0,367,0,0,143,0,143,14,180,316,0,510,158,0,158,668
06/08/2005,HPN,NY,AEA,EN,Towers with Radar,12,198,203,0,413,0,0,169,0,169,12,198,372,0,582,0,0,0,582
06/09/2005,HPN,NY,AEA,EN,Towers with Radar,11,214,233,0,458,0,0,157,0,157,11,214,390,0,615,116,0,116,731
06/10/2005,HPN,NY,AEA,EN,Towers with Radar,13,168,252,0,433,0,0,48,0,48,13,168,300,0,481,0,0,0,481
06/11/2005,HPN,NY,AEA,EN,Towers with Radar,9,107,131,0,247,0,0,70,0,70,9,107,201,0,317,86,0,86,403
06/12/2005,HPN,NY,AEA,EN,Towers with Radar,15,147,211,0,373,0,0,147,0,147,15,147,358,0,520,96,0,96,616
06/13/2005,HPN,NY,AEA,EN,Towers with Radar,13,184,204,0,401,0,0,153,0,153,13,184,357,0,554,66,0,66,620
06/14/2005,HPN,NY,AEA,EN,Towers with Radar,20,159,160,0,339,0,0,130,0,130,20,159,290,0,469,76,0,76,545
06/15/2005,HPN,NY,AEA,EN,Towers with Radar,11,218,223,0,452,0,0,33,0,33,11,218,256,0,485,34,0,34,519
06/16/2005,HPN,NY,AEA,EN,Towers with Radar,15,186,165,0,366,0,0,120,0,120,15,186,285,0,486,36,0,36,522
06/17/2005,HPN,NY,AEA,EN,Towers with Radar,19,231,240,0,490,0,0,176,0,176,19,231,416,0,666,14,0,14,680
06/18/2005,HPN,NY,AEA,EN,Towers with Radar,10,105,109,0,224,0,0,200,0,200,10,105,309,0,424,0,0,0,424
06/19/2005,HPN,NY,AEA,EN,Towers with Radar,9,188,249,0,446,81,0,139,0,220,90,188,388,0,666,48,0,48,714
06/20/2005,HPN,NY,AEA,EN,Towers with Radar,18,198,231,0,447,0,0,179,0,179,18,198,410,0,626,72,0,72,698
06/21/2005,HPN,NY,AEA,EN,Towers with Radar,18,175,185,0,378,0,0,155,0,155,18,175,340,0,533,68,0,68,601
06/22/2005,HPN,NY,AEA,EN,Towers with Radar,14,208,212,0,434,0,0,135,0,135,14,208,347,0,569,58,0,58,627
06/23/2005,HPN,NY,AEA,EN,Towers with Radar,9,206,214,0,429,0,0,248,0,248,9,206,462,0,677,48,0,48,725
06/24/2005,HPN,NY,AEA,EN,Towers with Radar,21,212,205,0,438,0,0,250,0,250,21,212,455,0,688,34,0,34,722
06/25/2005,HPN,NY,AEA,EN,Towers with Radar,14,125,102,0,241,0,0,170,0,170,14,125,272,0,411,158,0,158,569
06/26/2005,HPN,NY,AEA,EN,Towers with Radar,19,196,175,0,390,0,0,200,0,200,19,196,375,0,590,80,0,80,670
06/27/2005,HPN,NY,AEA,EN,Towers with Radar,25,184,176,0,385,0,0,27,0,27,25,184,203,0,412,24,0,24,436
06/28/2005,HPN,NY,AEA,EN,Towers with Radar,17,183,164,0,364,0,0,26,0,26,17,183,190,0,390,34,0,34,424
06/29/2005,HPN,NY,AEA,EN,Towers with Radar,14,157,152,0,323,0,0,67,0,67,14,157,219,0,390,24,0,24,414
06/30/2005,HPN,NY,AEA,EN,Towers with Radar,14,217,248,1,480,0,0,66,0,66,14,217,314,1,546,0,0,0,546
07/01/2005,HPN,NY,AEA,EN,Towers with Radar,6,221,240,2,469,0,0,0,0,0,6,221,240,2,469,0,0,0,469
07/02/2005,HPN,NY,AEA,EN,Towers with Radar,22,119,119,0,260,0,0,149,0,149,22,119,268,0,409,0,0,0,409
07/03/2005,HPN,NY,AEA,EN,Towers with Radar,7,79,74,0,160,0,0,151,0,151,7,79,225,0,311,86,0,86,397
07/04/2005,HPN,NY,AEA,EN,Towers with Radar,18,140,146,0,304,0,0,167,0,167,18,140,313,0,471,74,0,74,545
07/05/2005,HPN,NY,AEA,EN,Towers with Radar,23,203,234,0,460,0,0,50,0,50,23,203,284,0,510,8,0,8,518
07/06/2005,HPN,NY,AEA,EN,Towers with Radar,24,167,152,0,343,0,0,24,0,24,24,167,176,0,367,20,0,20,387
07/07/2005,HPN,NY,AEA,EN,Towers with Radar,16,190,221,0,427,0,0,93,0,93,16,190,314,0,520,108,0,108,628
07/08/2005,HPN,NY,AEA,EN,Towers with Radar,17,182,200,0,399,0,0,2,0,2,17,182,202,0,401,0,0,0,401
07/09/2005,HPN,NY,AEA,EN,Towers with Radar,15,99,132,0,246,0,0,126,0,126,15,99,258,0,372,28,0,28,400
07/10/2005,HPN,NY,AEA,EN,Towers with Radar,10,171,225,0,406,0,0,273,0,273,10,171,498,0,679,100,0,100,779
07/11/2005,HPN,NY,AEA,EN,Towers with Radar,21,198,182,0,401,0,0,223,0,223,21,198,405,0,624,62,0,62,686
07/12/2005,HPN,NY,AEA,EN,Towers with Radar,16,182,154,17,369,0,0,191,0,191,16,182,345,17,560,108,0,108,668
07/13/2005,HPN,NY,AEA,EN,Towers with Radar,21,193,200,0,414,0,0,13,0,13,21,193,213,0,427,14,0,14,441
07/14/2005,HPN,NY,AEA,EN,Towers with Radar,14,195,210,0,419,0,0,98,0,98,14,195,308,0,517,78,0,78,595
07/15/2005,HPN,NY,AEA,EN,Towers with Radar,14,238,270,0,522,0,0,142,0,142,14,238,412,0,664,54,0,54,718
07/16/2005,HPN,NY,AEA,EN,Towers with Radar,16,101,127,0,244,0,0,37,0,37,16,101,164,0,281,60,0,60,341
07/17/2005,HPN,NY,AEA,EN,Towers with Radar,17,171,220,0,408,0,0,0,0,0,17,171,220,0,408,0,0,0,408
07/18/2005,HPN,NY,AEA,EN,Towers with Radar,13,143,196,0,352,0,0,8,0,8,13,143,204,0,360,0,0,0,360
07/19/2005,HPN,NY,AEA,EN,Towers with Radar,27,183,199,0,409,0,0,50,0,50,27,183,249,0,459,18,0,18,477
07/20/2005,HPN,NY,AEA,EN,Towers with Radar,22,197,199,0,418,0,0,223,0,223,22,197,422,0,641,94,0,94,735
07/21/2005,HPN,NY,AEA,EN,Towers with Radar,19,246,262,0,527,0,0,192,0,192,19,246,454,0,719,62,0,62,781
07/22/2005,HPN,NY,AEA,EN,Towers with Radar,24,213,242,0,479,0,0,255,0,255,24,213,497,0,734,64,0,64,798
07/23/2005,HPN,NY,AEA,EN,Towers with Radar,14,139,146,0,299,0,0,191,0,191,14,139,337,0,490,80,0,80,570
07/24/2005,HPN,NY,AEA,EN,Towers with Radar,20,180,160,0,360,0,0,304,0,304,20,180,464,0,664,90,0,90,754
07/25/2005,HPN,NY,AEA,EN,Towers with Radar,19,202,204,0,425,0,0,161,0,161,19,202,365,0,586,0,0,0,586
07/26/2005,HPN,NY,AEA,EN,Towers with Radar,21,203,159,0,383,0,0,217,0,217,21,203,376,0,600,0,0,0,600
07/27/2005,HPN,NY,AEA,EN,Towers with Radar,12,234,203,0,449,0,0,116,0,116,12,234,319,0,565,24,0,24,589
07/28/2005,HPN,NY,AEA,EN,Towers with Radar,22,235,258,0,515,0,0,212,0,212,22,235,470,0,727,116,0,116,843
07/29/2005,HPN,NY,AEA,EN,Towers with Radar,21,237,253,0,511,0,0,243,0,243,21,237,496,0,754,72,0,72,826
07/30/2005,HPN,NY,AEA,EN,Towers with Radar,20,106,134,1,261,0,0,179,0,179,20,106,313,1,440,170,0,170,610
07/31/2005,HPN,NY,AEA,EN,Towers with Radar,20,168,220,0,408,0,0,190,0,190,20,168,410,0,598,138,0,138,736
08/01/2005,HPN,NY,AEA,EN,Towers with Radar,26,195,185,0,406,0,0,120,0,120,26,195,305,0,526,92,0,92,618
08/02/2005,HPN,NY,AEA,EN,Towers with Radar,27,182,182,0,391,0,0,141,0,141,27,182,323,0,532,100,0,100,632
08/03/2005,HPN,NY,AEA,EN,Towers with Radar,20,190,186,0,396,0,0,165,0,165,20,190,351,0,561,66,0,66,627
08/04/2005,HPN,NY,AEA,EN,Towers with Radar,22,180,209,0,411,0,0,168,0,168,22,180,377,0,579,108,0,108,687
08/05/2005,HPN,NY,AEA,EN,Towers with Radar,26,152,194,0,372,0,0,160,0,160,26,152,354,0,532,126,0,126,658
08/06/2005,HPN,NY,AEA,EN,Towers with Radar,13,99,102,0,214,0,0,198,0,198,13,99,300,0,412,118,0,118,530
08/07/2005,HPN,NY,AEA,EN,Towers with Radar,15,165,127,0,307,0,0,238,0,238,15,165,365,0,545,0,0,0,545
08/08/2005,HPN,NY,AEA,EN,Towers with Radar,19,199,156,0,374,0,0,76,0,76,19,199,232,0,450,2,0,2,452
08/09/2005,HPN,NY,AEA,EN,Towers with Radar,17,188,159,0,364,0,0,121,0,121,17,188,280,0,485,86,0,86,571
08/10/2005,HPN,NY,AEA,EN,Towers with Radar,20,189,173,0,382,0,0,177,0,177,20,189,350,0,559,76,0,76,635
08/11/2005,HPN,NY,AEA,EN,Towers with Radar,21,193,205,0,419,0,0,166,0,166,21,193,371,0,585,106,0,106,691
08/12/2005,HPN,NY,AEA,EN,Towers with Radar,25,216,208,0,449,0,0,233,0,233,25,216,441,0,682,68,0,68,750
08/13/2005,HPN,NY,AEA,EN,Towers with Radar,7,122,180,0,309,0,0,39,0,39,7,122,219,0,348,42,0,42,390
08/14/2005,HPN,NY,AEA,EN,Towers with Radar,24,103,153,0,280,0,0,22,0,22,24,103,175,0,302,0,0,0,302
08/15/2005,HPN,NY,AEA,EN,Towers with Radar,32,241,312,0,585,0,0,60,0,60,32,241,372,0,645,0,0,0,645
08/16/2005,HPN,NY,AEA,EN,Towers with Radar,20,185,136,0,341,0,0,131,0,131,20,185,267,0,472,58,0,58,530
08/17/2005,HPN,NY,AEA,EN,Towers with Radar,20,215,186,1,422,0,0,195,0,195,20,215,381,1,617,0,0,0,617
08/18/2005,HPN,NY,AEA,EN,Towers with Radar,29,211,168,0,408,0,0,218,0,218,29,211,386,0,626,36,0,36,662
08/19/2005,HPN,NY,AEA,EN,Towers with Radar,19,202,199,0,420,0,0,138,0,138,19,202,337,0,558,0,0,0,558
08/20/2005,HPN,NY,AEA,EN,Towers with Radar,14,128,124,0,266,0,0,40,0,40,14,128,164,0,306,58,0,58,364
08/21/2005,HPN,NY,AEA,EN,Towers with Radar,22,163,211,0,396,0,0,109,0,109,22,163,320,0,505,122,0,122,627
08/22/2005,HPN,NY,AEA,EN,Towers with Radar,26,177,163,0,366,0,0,212,0,212,26,177,375,0,578,70,0,70,648
08/23/2005,HPN,NY,AEA,EN,Towers with Radar,24,191,131,0,346,0,0,181,0,181,24,191,312,0,527,178,0,178,705
08/24/2005,HPN,NY,AEA,EN,Towers with Radar,23,196,157,0,376,0,0,175,0,175,23,196,332,0,551,81,0,81,632
08/25/2005,HPN,NY,AEA,EN,Towers with Radar,17,201,213,0,431,0,0,161,0,161,17,201,374,0,592,46,0,46,638
08/26/2005,HPN,NY,AEA,EN,Towers with Radar,24,210,172,0,406,0,0,218,0,218,24,210,390,0,624,132,0,132,756
08/27/2005,HPN,NY,AEA,EN,Towers with Radar,10,130,181,0,321,0,0,180,0,180,10,130,361,0,501,172,0,172,673
08/28/2005,HPN,NY,AEA,EN,Towers with Radar,19,185,173,0,377,0,0,64,0,64,19,185,237,0,441,26,0,26,467
08/29/2005,HPN,NY,AEA,EN,Towers with Radar,24,201,189,0,414,0,0,77,0,77,24,201,266,0,491,0,0,0,491
08/30/2005,HPN,NY,AEA,EN,Towers with Radar,24,165,181,0,370,0,0,37,0,37,24,165,218,0,407,0,0,0,407
08/31/2005,HPN,NY,AEA,EN,Towers with Radar,24,191,117,0,332,0,0,19,0,19,24,191,136,0,351,0,0,0,351
09/01/2005,HPN,NY,AEA,EN,Towers with Radar,19,226,208,2,455,0,0,180,0,180,19,226,388,2,635,92,0,92,727
09/02/2005,HPN,NY,AEA,EN,Towers with Radar,26,195,170,0,391,0,0,249,0,249,26,195,419,0,640,134,0,134,774
09/03/2005,HPN,NY,AEA,EN,Towers with Radar,16,95,76,0,187,0,0,235,0,235,16,95,311,0,422,280,0,280,702
09/04/2005,HPN,NY,AEA,EN,Towers with Radar,14,105,114,0,233,0,0,183,0,183,14,105,297,0,416,92,0,92,508
09/05/2005,HPN,NY,AEA,EN,Towers with Radar,26,177,150,0,353,0,0,309,0,309,26,177,459,0,662,92,0,92,754
09/06/2005,HPN,NY,AEA,EN,Towers with Radar,25,177,153,0,355,0,0,180,0,180,25,177,333,0,535,118,0,118,653
09/07/2005,HPN,NY,AEA,EN,Towers with Radar,0,0,0,0,0,18,190,378,0,586,18,190,378,0,586,82,0,82,668
09/08/2005,HPN,NY,AEA,EN,Towers with Radar,20,207,162,0,389,0,0,160,0,160,20,207,322,0,549,52,0,52,601
09/09/2005,HPN,NY,AEA,EN,Towers with Radar,21,185,163,0,369,0,0,224,0,224,21,185,387,0,593,46,0,46,639
09/10/2005,HPN,NY,AEA,EN,Towers with Radar,13,113,127,0,253,0,0,237,0,237,13,113,364,0,490,126,0,126,616
09/11/2005,HPN,NY,AEA,EN,Towers with Radar,17,154,178,0,349,0,0,248,0,248,17,154,426,0,597,88,0,88,685
09/12/2005,HPN,NY,AEA,EN,Towers with Radar,20,192,165,0,377,0,0,151,0,151,20,192,316,0,528,72,0,72,600
09/13/2005,HPN,NY,AEA,EN,Towers with Radar,17,185,189,0,391,0,0,93,0,93,17,185,282,0,484,116,0,116,600
09/14/2005,HPN,NY,AEA,EN,Towers with Radar,18,223,228,0,469,0,0,42,0,42,18,223,270,0,511,0,0,0,511
09/15/2005,HPN,NY,AEA,EN,Towers with Radar,11,201,221,0,433,0,0,2,0,2,11,201,223,0,435,0,0,0,435
09/16/2005,HPN,NY,AEA,EN,Towers with Radar,13,242,238,0,493,0,0,11,0,11,13,242,249,0,504,0,0,0,504
09/17/2005,HPN,NY,AEA,EN,Towers with Radar,9,119,120,0,248,0,0,37,0,37,9,119,157,0,285,78,0,78,363
09/18/2005,HPN,NY,AEA,EN,Towers with Radar,17,173,180,0,370,0,0,229,0,229,17,173,409,0,599,184,0,184,783
09/19/2005,HPN,NY,AEA,EN,Towers with Radar,23,173,166,0,362,0,0,162,0,162,23,173,328,0,524,54,0,54,578
09/20/2005,HPN,NY,AEA,EN,Towers with Radar,19,205,205,0,429,0,0,55,0,55,19,205,260,0,484,78,0,78,562
09/21/2005,HPN,NY,AEA,EN,Towers with Radar,17,204,208,0,429,0,0,172,0,172,17,204,380,0,601,108,0,108,709
09/22/2005,HPN,NY,AEA,EN,Towers with Radar,21,205,195,0,421,0,0,228,0,228,21,205,423,0,649,70,0,70,719
09/23/2005,HPN,NY,AEA,EN,Towers with Radar,16,223,202,0,441,0,0,155,0,155,16,223,357,0,596,116,0,116,712
09/24/2005,HPN,NY,AEA,EN,Towers with Radar,17,132,90,0,239,0,0,190,0,190,17,132,280,0,429,136,0,136,565
09/25/2005,HPN,NY,AEA,EN,Towers with Radar,18,182,213,0,413,0,0,194,0,194,18,182,407,0,607,136,0,136,743
09/26/2005,HPN,NY,AEA,EN,Towers with Radar,20,224,175,0,419,0,0,50,0,50,20,224,225,0,469,100,0,100,569
09/27/2005,HPN,NY,AEA,EN,Towers with Radar,17,193,180,0,390,0,0,138,0,138,17,193,318,0,528,62,0,62,590
09/28/2005,HPN,NY,AEA,EN,Towers with Radar,25,200,159,0,384,0,0,175,0,175,25,200,334,0,559,64,0,64,623
09/29/2005,HPN,NY,AEA,EN,Towers with Radar,9,220,178,0,407,0,0,60,0,60,9,220,238,0,467,0,0,0,467
09/30/2005,HPN,NY,AEA,EN,Towers with Radar,19,247,200,0,466,0,0,199,0,199,19,247,399,0,665,124,0,124,789
10/01/2005,HPN,NY,AEA,EN,Towers with Radar,11,121,132,0,264,0,0,170,0,170,11,121,302,0,434,142,0,142,576
10/02/2005,HPN,NY,AEA,EN,Towers with Radar,9,163,191,0,363,0,0,229,0,229,9,163,420,0,592,64,0,64,656
10/03/2005,HPN,NY,AEA,EN,Towers with Radar,15,176,169,0,360,0,0,129,0,129,15,176,298,0,489,96,0,96,585
10/04/2005,HPN,NY,AEA,EN,Towers with Radar,25,173,172,0,370,0,0,120,0,120,25,173,292,0,490,0,0,0,490
10/05/2005,HPN,NY,AEA,EN,Towers with Radar,20,208,171,0,399,0,0,87,0,87,20,208,258,0,486,0,0,0,486
10/06/2005,HPN,NY,AEA,EN,Towers with Radar,17,214,222,0,453,0,0,60,0,60,17,214,282,0,513,114,0,114,627
10/07/2005,HPN,NY,AEA,EN,Towers with Radar,16,228,209,0,453,0,0,26,0,26,16,228,235,0,479,0,0,0,479
10/08/2005,HPN,NY,AEA,EN,Towers with Radar,12,110,85,0,207,0,0,1,0,1,12,110,86,0,208,0,0,0,208
10/09/2005,HPN,NY,AEA,EN,Towers with Radar,12,130,150,0,292,0,0,0,0,0,12,130,150,0,292,0,0,0,292
10/10/2005,HPN,NY,AEA,EN,Towers with Radar,21,205,224,0,450,0,0,1,0,1,21,205,225,0,451,0,0,0,451
10/11/2005,HPN,NY,AEA,EN,Towers with Radar,25,187,157,0,369,0,0,18,0,18,25,187,175,0,387,0,0,0,387
10/12/2005,HPN,NY,AEA,EN,Towers with Radar,19,209,199,0,427,0,0,0,0,0,19,209,199,0,427,0,0,0,427
10/13/2005,HPN,NY,AEA,EN,Towers with Radar,16,207,181,2,406,0,0,0,0,0,16,207,181,2,406,1,0,1,407
10/14/2005,HPN,NY,AEA,EN,Towers with Radar,0,0,0,0,0,20,246,219,0,485,20,246,219,0,485,0,0,0,485
10/15/2005,HPN,NY,AEA,EN,Towers with Radar,0,0,0,0,0,18,120,179,0,317,18,120,179,0,317,440,0,440,757
10/16/2005,HPN,NY,AEA,EN,Towers with Radar,19,177,167,0,363,0,0,55,0,55,19,177,222,0,418,18,0,18,436
10/17/2005,HPN,NY,AEA,EN,Towers with Radar,32,210,170,0,412,0,0,146,0,146,32,210,316,0,558,48,0,48,606
10/18/2005,HPN,NY,AEA,EN,Towers with Radar,17,176,181,0,374,0,0,119,0,119,17,176,300,0,493,0,0,0,493
10/19/2005,HPN,NY,AEA,EN,Towers with Radar,0,0,0,0,0,16,201,393,0,610,16,201,393,0,610,88,0,88,698
10/20/2005,HPN,NY,AEA,EN,Towers with Radar,17,235,278,0,530,0,0,135,0,135,17,235,413,0,665,34,0,34,699
10/21/2005,HPN,NY,AEA,EN,Towers with Radar,18,199,208,0,425,0,0,137,0,137,18,199,345,0,562,56,0,56,618
10/22/2005,HPN,NY,AEA,EN,Towers with Radar,14,108,105,0,227,0,0,6,0,6,14,108,111,0,233,16,0,16,249
10/23/2005,HPN,NY,AEA,EN,Towers with Radar,14,167,170,0,351,0,0,76,0,76,14,167,246,0,427,74,0,74,501
10/24/2005,HPN,NY,AEA,EN,Towers with Radar,26,186,156,0,368,0,0,87,0,87,26,186,243,0,455,108,0,108,563
10/25/2005,HPN,NY,AEA,EN,Towers with Radar,17,132,91,0,240,0,0,0,0,0,17,132,91,0,240,0,0,0,240
10/26/2005,HPN,NY,AEA,EN,Towers with Radar,21,208,239,0,468,0,0,88,0,88,21,208,327,0,556,6,0,6,562
10/27/2005,HPN,NY,AEA,EN,Towers with Radar,24,234,189,0,447,0,0,155,0,155,24,234,344,0,602,0,0,0,602
10/28/2005,HPN,NY,AEA,EN,Towers with Radar,17,263,233,1,514,0,0,171,0,171,17,263,404,1,685,74,0,74,759
10/29/2005,HPN,NY,AEA,EN,Towers with Radar,11,89,105,0,205,0,0,116,0,116,11,89,221,0,321,172,0,172,493
10/30/2005,HPN,NY,AEA,EN,Towers with Radar,13,155,135,0,303,0,0,244,0,244,13,155,379,0,547,120,0,120,667
10/31/2005,HPN,NY,AEA,EN,Towers with Radar,17,161,124,0,302,0,0,162,0,162,17,161,286,0,464,420,0,420,884
11/01/2005,HPN,NY,AEA,EN,Towers with Radar,21,209,148,0,378,0,0,142,0,142,21,209,290,0,520,148,0,148,668
11/02/2005,HPN,NY,AEA,EN,Towers with Radar,18,181,148,0,347,0,0,136,0,136,18,181,284,0,483,114,0,114,597
11/03/2005,HPN,NY,AEA,EN,Towers with Radar,19,234,222,0,475,0,0,124,0,124,19,234,346,0,599,16,0,16,615
11/04/2005,HPN,NY,AEA,EN,Towers with Radar,18,211,197,0,426,0,0,242,0,242,18,211,439,0,668,58,0,58,726
11/05/2005,HPN,NY,AEA,EN,Towers with Radar,13,110,123,0,246,0,0,206,0,206,13,110,329,0,452,134,0,134,586
11/06/2005,HPN,NY,AEA,EN,Towers with Radar,17,123,132,0,272,0,0,26,0,26,17,123,158,0,298,0,0,0,298
11/07/2005,HPN,NY,AEA,EN,Towers with Radar,25,147,128,0,300,0,0,157,0,157,25,147,285,0,457,98,0,98,555
11/08/2005,HPN,NY,AEA,EN,Towers with Radar,17,218,147,0,382,0,0,165,0,165,17,218,312,0,547,0,0,0,547
11/09/2005,HPN,NY,AEA,EN,Towers with Radar,14,204,149,0,367,0,0,53,0,53,14,204,202,0,420,0,0,0,420
11/10/2005,HPN,NY,AEA,EN,Towers with Radar,17,236,180,0,433,0,0,92,0,92,17,236,272,0,525,6,0,6,531
11/11/2005,HPN,NY,AEA,EN,Towers with Radar,20,173,152,0,345,0,0,173,0,173,20,173,325,0,518,52,0,52,570
11/12/2005,HPN,NY,AEA,EN,Towers with Radar,12,103,86,0,201,0,0,252,0,252,12,103,338,0,453,216,0,216,669
11/13/2005,HPN,NY,AEA,EN,Towers with Radar,12,172,197,0,381,0,0,194,0,194,12,172,391,0,575,64,0,64,639
11/14/2005,HPN,NY,AEA,EN,Towers with Radar,22,187,145,0,354,0,0,141,0,141,22,187,286,0,495,0,0,0,495
11/15/2005,HPN,NY,AEA,EN,Towers with Radar,9,170,132,0,311,0,0,19,0,19,9,170,151,0,330,32,0,32,362
11/16/2005,HPN,NY,AEA,EN,Towers with Radar,12,185,191,0,388,0,0,25,0,25,12,185,216,0,413,0,0,0,413
11/17/2005,HPN,NY,AEA,EN,Towers with Radar,15,227,199,0,441,0,0,151,0,151,15,227,350,0,592,16,0,16,608
11/18/2005,HPN,NY,AEA,EN,Towers with Radar,19,213,225,0,457,0,0,174,0,174,19,213,399,0,631,36,0,36,667
11/19/2005,HPN,NY,AEA,EN,Towers with Radar,0,0,0,0,0,15,117,322,0,454,15,117,322,0,454,160,0,160,614
11/20/2005,HPN,NY,AEA,EN,Towers with Radar,14,141,136,0,291,0,0,238,0,238,14,141,374,0,529,132,0,132,661
11/21/2005,HPN,NY,AEA,EN,Towers with Radar,19,171,163,0,353,0,0,137,0,137,19,171,300,0,490,74,0,74,564
11/22/2005,HPN,NY,AEA,EN,Towers with Radar,27,204,206,0,437,0,0,2,0,2,27,204,208,0,439,0,0,0,439
11/23/2005,HPN,NY,AEA,EN,Towers with Radar,16,250,236,0,502,0,0,149,0,149,16,250,385,0,651,6,0,6,657
11/24/2005,HPN,NY,AEA,EN,Towers with Radar,11,109,35,0,155,0,0,6,0,6,11,109,41,0,161,24,0,24,185
11/25/2005,HPN,NY,AEA,EN,Towers with Radar,12,121,73,0,206,0,0,0,0,0,12,121,73,0,206,144,0,144,350
11/26/2005,HPN,NY,AEA,EN,Towers with Radar,13,127,94,0,234,0,0,0,131,131,13,127,94,131,365,52,0,52,417
11/27/2005,HPN,NY,AEA,EN,Towers with Radar,21,247,294,0,562,0,0,200,0,200,21,247,494,0,762,76,0,76,838
11/28/2005,HPN,NY,AEA,EN,Towers with Radar,19,220,172,0,411,0,0,51,0,51,19,220,223,0,462,2,0,2,464
11/29/2005,HPN,NY,AEA,EN,Towers with Radar,23,198,140,0,361,0,0,36,0,36,23,198,176,0,397,10,0,10,407
11/30/2005,HPN,NY,AEA,EN,Towers with Radar,9,209,191,2,411,0,0,85,0,85,9,209,276,2,496,34,0,34,530
12/01/2005,HPN,NY,AEA,EN,Towers with Radar,20,188,240,0,448,0,0,111,0,111,20,188,351,0,559,10,0,10,569
12/02/2005,HPN,NY,AEA,EN,Towers with Radar,16,198,212,0,426,0,0,75,0,75,16,198,287,0,501,16,0,16,517
12/03/2005,HPN,NY,AEA,EN,Towers with Radar,13,101,86,0,200,0,0,118,0,118,13,101,204,0,318,90,0,90,408
12/04/2005,HPN,NY,AEA,EN,Towers with Radar,14,166,157,0,337,0,0,18,0,18,14,166,175,0,355,0,0,0,355
12/05/2005,HPN,NY,AEA,EN,Towers with Radar,21,186,177,0,384,0,0,93,0,93,21,186,270,0,477,22,0,22,499
12/06/2005,HPN,NY,AEA,EN,Towers with Radar,18,174,157,0,349,0,0,63,0,63,18,174,220,0,412,20,0,20,432
12/07/2005,HPN,NY,AEA,EN,Towers with Radar,20,180,212,0,412,0,0,85,0,85,20,180,297,0,497,32,0,32,529
12/08/2005,HPN,NY,AEA,EN,Towers with Radar,22,194,248,0,464,0,0,122,0,122,22,194,370,0,586,88,0,88,674
12/09/2005,HPN,NY,AEA,EN,Towers with Radar,7,135,84,0,226,0,0,21,0,21,7,135,105,0,247,0,0,0,247
12/10/2005,HPN,NY,AEA,EN,Towers with Radar,13,83,99,0,195,0,0,127,0,127,13,83,226,0,322,68,0,68,390
12/11/2005,HPN,NY,AEA,EN,Towers with Radar,17,127,151,0,295,0,0,146,0,146,17,127,297,0,441,88,0,88,529
12/12/2005,HPN,NY,AEA,EN,Towers with Radar,16,184,158,0,358,0,0,114,0,114,16,184,272,0,472,12,0,12,484
12/13/2005,HPN,NY,AEA,EN,Towers with Radar,15,196,215,0,426,0,0,126,0,126,15,196,341,0,552,14,0,14,566
12/14/2005,HPN,NY,AEA,EN,Towers with Radar,9,183,182,0,374,0,0,80,0,80,9,183,262,0,454,44,0,44,498
12/15/2005,HPN,NY,AEA,EN,Towers with Radar,11,150,165,0,326,0,0,71,0,71,11,150,236,0,397,10,0,10,407
12/16/2005,HPN,NY,AEA,EN,Towers with Radar,21,220,155,0,396,0,0,29,0,29,21,220,184,0,425,0,0,0,425
12/17/2005,HPN,NY,AEA,EN,Towers with Radar,16,117,141,0,274,0,0,183,0,183,16,117,324,0,457,184,0,184,641
12/18/2005,HPN,NY,AEA,EN,Towers with Radar,13,151,158,0,322,0,0,143,0,143,13,151,301,0,465,88,0,88,553
12/19/2005,HPN,NY,AEA,EN,Towers with Radar,19,173,143,0,335,0,0,91,0,91,19,173,234,0,426,46,0,46,472
12/20/2005,HPN,NY,AEA,EN,Towers with Radar,19,179,128,0,326,0,0,134,0,134,19,179,262,0,460,22,0,22,482
12/21/2005,HPN,NY,AEA,EN,Towers with Radar,17,223,168,0,408,0,0,137,0,137,17,223,305,0,545,62,0,62,607
12/22/2005,HPN,NY,AEA,EN,Towers with Radar,18,208,149,0,375,0,0,131,0,131,18,208,280,0,506,68,0,68,574
12/23/2005,HPN,NY,AEA,EN,Towers with Radar,22,189,110,0,321,0,0,122,0,122,22,189,232,0,443,12,0,12,455
12/24/2005,HPN,NY,AEA,EN,Towers with Radar,11,108,55,0,174,0,0,116,0,116,11,108,171,0,290,24,0,24,314
12/25/2005,HPN,NY,AEA,EN,Towers with Radar,12,118,69,0,199,0,0,0,0,0,12,118,69,0,199,0,0,0,199
12/26/2005,HPN,NY,AEA,EN,Towers with Radar,18,230,153,0,401,0,0,2,0,2,18,230,155,0,403,0,0,0,403
12/27/2005,HPN,NY,AEA,EN,Towers with Radar,17,187,128,0,332,0,0,68,0,68,17,187,196,0,400,22,0,22,422
12/28/2005,HPN,NY,AEA,EN,Towers with Radar,18,152,92,0,262,0,0,151,0,151,18,152,243,0,413,96,0,96,509
12/29/2005,HPN,NY,AEA,EN,Towers with Radar,10,91,45,0,146,0,0,0,0,0,10,91,45,0,146,0,0,0,146
12/30/2005,HPN,NY,AEA,EN,Towers with Radar,20,137,99,0,256,0,0,72,0,72,20,137,171,0,328,92,0,92,420
12/31/2005,HPN,NY,AEA,EN,Towers with Radar,13,87,61,0,161,0,0,25,0,25,13,87,86,0,186,0,0,0,186
01/01/2006,HPN,NY,AEA,EN,Towers with Radar,15,141,138,0,294,0,0,48,0,48,15,141,186,0,342,52,0,52,394
01/02/2006,HPN,NY,AEA,EN,Towers with Radar,16,248,217,0,481,0,0,63,0,63,16,248,280,0,544,50,0,50,594
01/03/2006,HPN,NY,AEA,EN,Towers with Radar,14,151,119,0,284,0,0,2,0,2,14,151,121,0,286,0,0,0,286
01/04/2006,HPN,NY,AEA,EN,Towers with Radar,14,187,142,1,344,0,0,68,0,68,14,187,210,1,412,38,0,38,450
01/05/2006,HPN,NY,AEA,EN,Towers with Radar,15,170,125,0,310,0,0,29,0,29,15,170,154,0,339,2,0,2,341
01/06/2006,HPN,NY,AEA,EN,Towers with Radar,16,200,161,6,383,0,0,94,0,94,16,200,255,6,477,40,0,40,517
01/07/2006,HPN,NY,AEA,EN,Towers with Radar,12,83,98,0,193,0,0,186,0,186,12,83,284,0,379,102,0,102,481
01/08/2006,HPN,NY,AEA,EN,Towers with Radar,17,150,163,0,330,0,0,151,0,151,17,150,314,0,481,114,0,114,595
01/09/2006,HPN,NY,AEA,EN,Towers with Radar,21,177,116,0,314,0,0,97,0,97,21,177,213,0,411,16,0,16,427
01/10/2006,HPN,NY,AEA,EN,Towers with Radar,22,162,153,0,337,0,0,141,0,141,22,162,294,0,478,40,0,40,518
01/11/2006,HPN,NY,AEA,EN,Towers with Radar,0,0,0,0,0,7,105,96,0,208,7,105,96,0,208,4,0,4,212
01/12/2006,HPN,NY,AEA,EN,Towers with Radar,13,205,185,0,403,0,0,0,0,0,13,205,185,0,403,48,0,48,451
01/13/2006,HPN,NY,AEA,EN,Towers with Radar,4,32,44,0,80,0,0,0,0,0,4,32,44,0,80,0,0,0,80
01/14/2006,HPN,NY,AEA,EN,Towers with Radar,10,76,104,0,190,0,0,0,0,0,10,76,104,0,190,0,0,0,190
01/15/2006,HPN,NY,AEA,EN,Towers with Radar,16,97,87,0,200,0,0,8,0,8,16,97,95,0,208,0,0,0,208
01/16/2006,HPN,NY,AEA,EN,Towers with Radar,20,216,196,0,432,0,0,158,0,158,20,216,354,0,590,26,0,26,616
01/17/2006,HPN,NY,AEA,EN,Towers with Radar,16,180,127,0,323,0,0,55,0,55,16,180,182,0,378,20,0,20,398
01/18/2006,HPN,NY,AEA,EN,Towers with Radar,18,132,100,0,250,0,0,4,0,4,18,132,104,0,254,0,0,0,254
01/19/2006,HPN,NY,AEA,EN,Towers with Radar,21,197,212,0,430,0,0,110,0,110,21,197,322,0,540,76,0,76,616
01/20/2006,HPN,NY,AEA,EN,Towers with Radar,17,195,172,0,384,0,0,166,0,166,17,195,338,0,550,46,0,46,596
01/21/2006,HPN,NY,AEA,EN,Towers with Radar,8,101,70,2,181,0,0,110,0,110,8,101,180,2,291,72,0,72,363
01/22/2006,HPN,NY,AEA,EN,Towers with Radar,12,114,134,0,260,0,0,232,0,232,12,114,366,0,492,120,0,120,612
01/23/2006,HPN,NY,AEA,EN,Towers with Radar,19,136,129,0,284,0,0,155,0,155,19,136,284,0,439,0,0,0,439
01/24/2006,HPN,NY,AEA,EN,Towers with Radar,19,170,194,0,383,0,0,0,0,0,19,170,194,0,383,0,0,0,383
01/25/2006,HPN,NY,AEA,EN,Towers with Radar,20,188,170,0,378,0,0,0,0,0,20,188,170,0,378,10,0,10,388
01/26/2006,HPN,NY,AEA,EN,Towers with Radar,20,178,187,0,385,0,0,88,0,88,20,178,275,0,473,32,0,32,505
01/27/2006,HPN,NY,AEA,EN,Towers with Radar,17,199,156,0,372,0,0,171,0,171,17,199,327,0,543,44,0,44,587
01/28/2006,HPN,NY,AEA,EN,Towers with Radar,9,87,106,0,202,0,0,222,0,222,9,87,328,0,424,104,0,104,528
01/29/2006,HPN,NY,AEA,EN,Towers with Radar,17,152,146,0,315,0,0,85,0,85,17,152,231,0,400,34,0,34,434
01/30/2006,HPN,NY,AEA,EN,Towers with Radar,25,149,148,0,322,0,0,26,0,26,25,149,174,0,348,40,0,40,388
01/31/2006,HPN,NY,AEA,EN,Towers with Radar,15,157,142,0,314,0,0,5,0,5,15,157,147,0,319,0,0,0,319
02/01/2006,HPN,NY,AEA,EN,Towers with Radar,21,166,143,0,330,0,0,153,0,153,21,166,296,0,483,72,0,72,555
02/02/2006,HPN,NY,AEA,EN,Towers with Radar,20,180,150,0,350,0,0,152,0,152,20,180,302,0,502,62,0,62,564
02/03/2006,HPN,NY,AEA,EN,Towers with Radar,21,185,112,0,318,0,0,39,0,39,21,185,151,0,357,24,0,24,381
02/04/2006,HPN,NY,AEA,EN,Towers with Radar,10,80,95,0,185,0,0,63,0,63,10,80,158,0,248,84,0,84,332
02/05/2006,HPN,NY,AEA,EN,Towers with Radar,16,121,125,0,262,0,0,108,0,108,16,121,233,0,370,116,0,116,486
02/06/2006,HPN,NY,AEA,EN,Towers with Radar,18,190,162,0,370,0,0,1,0,1,18,190,163,0,371,0,0,0,371
02/07/2006,HPN,NY,AEA,EN,Towers with Radar,24,169,176,0,369,0,0,0,0,0,24,169,176,0,369,46,0,46,415
02/08/2006,HPN,NY,AEA,EN,Towers with Radar,21,168,155,2,346,0,0,151,0,151,21,168,306,2,497,96,0,96,593
02/09/2006,HPN,NY,AEA,EN,Towers with Radar,20,192,165,0,377,0,0,120,0,120,20,192,285,0,497,92,0,92,589
02/10/2006,HPN,NY,AEA,EN,Towers with Radar,25,196,146,0,367,0,0,112,0,112,25,196,258,0,479,60,0,60,539
02/11/2006,HPN,NY,AEA,EN,Towers with Radar,6,99,106,0,211,0,0,68,0,68,6,99,174,0,279,98,0,98,377
02/12/2006,HPN,NY,AEA,EN,Towers with Radar,2,23,27,0,52,0,0,1,0,1,2,23,28,0,53,0,0,0,53
02/13/2006,HPN,NY,AEA,EN,Towers with Radar,22,219,214,0,455,0,0,72,0,72,22,219,286,0,527,6,0,6,533
02/14/2006,HPN,NY,AEA,EN,Towers with Radar,20,149,135,0,304,0,0,111,0,111,20,149,246,0,415,104,0,104,519
02/15/2006,HPN,NY,AEA,EN,Towers with Radar,23,197,178,0,398,0,0,143,0,143,23,197,321,0,541,44,0,44,585
02/16/2006,HPN,NY,AEA,EN,Towers with Radar,31,226,257,0,514,0,0,0,0,0,31,226,257,0,514,22,0,22,536
02/17/2006,HPN,NY,AEA,EN,Towers with Radar,15,248,221,0,484,0,0,0,0,0,15,248,221,0,484,1,0,1,485
02/18/2006,HPN,NY,AEA,EN,Towers with Radar,8,150,158,0,316,0,0,0,0,0,8,150,158,0,316,14,0,14,330
02/19/2006,HPN,NY,AEA,EN,Towers with Radar,11,105,130,0,246,0,0,0,0,0,11,105,130,0,246,44,0,44,290
02/20/2006,HPN,NY,AEA,EN,Towers with Radar,21,239,214,0,474,0,0,162,0,162,21,239,376,0,636,44,0,44,680
02/21/2006,HPN,NY,AEA,EN,Towers with Radar,17,193,145,0,355,0,0,80,0,80,17,193,225,0,435,62,0,62,497
02/22/2006,HPN,NY,AEA,EN,Towers with Radar,17,186,164,0,367,0,0,114,0,114,17,186,278,0,481,86,0,86,567
02/23/2006,HPN,NY,AEA,EN,Towers with Radar,22,171,171,0,364,0,0,19,0,19,22,171,190,0,383,0,0,0,383
02/24/2006,HPN,NY,AEA,EN,Towers with Radar,17,193,147,0,357,0,0,40,0,40,17,193,187,0,397,20,0,20,417
02/25/2006,HPN,NY,AEA,EN,Towers with Radar,11,117,108,0,236,0,0,68,0,68,11,117,176,0,304,102,0,102,406
02/26/2006,HPN,NY,AEA,EN,Towers with Radar,12,150,159,0,321,0,0,96,0,96,12,150,255,0,417,4,0,4,421
02/27/2006,HPN,NY,AEA,EN,Towers with Radar,20,174,127,0,321,0,0,100,0,100,20,174,227,0,421,24,0,24,445
02/28/2006,HPN,NY,AEA,EN,Towers with Radar,18,183,155,0,356,0,0,109,0,109,18,183,264,0,465,10,0,10,475
03/01/2006,HPN,NY,AEA,EN,Towers with Radar,17,233,216,0,466,0,0,142,0,142,17,233,358,0,608,38,0,38,646
03/02/2006,HPN,NY,AEA,EN,Towers with Radar,11,154,101,0,266,0,0,10,0,10,11,154,111,0,276,0,0,0,276
03/03/2006,HPN,NY,AEA,EN,Towers with Radar,23,238,173,0,434,0,0,83,0,83,23,238,256,0,517,2,0,2,519
03/04/2006,HPN,NY,AEA,EN,Towers with Radar,12,90,72,0,174,0,0,51,0,51,12,90,123,0,225,10,0,10,235
03/05/2006,HPN,NY,AEA,EN,Towers with Radar,13,129,134,0,276,0,0,131,0,131,13,129,265,0,407,44,0,44,451
03/06/2006,HPN,NY,AEA,EN,Towers with Radar,16,172,159,0,347,0,0,112,0,112,16,172,271,0,459,46,0,46,505
03/07/2006,HPN,NY,AEA,EN,Towers with Radar,21,157,140,0,318,0,0,146,0,146,21,157,286,0,464,128,0,128,592
03/08/2006,HPN,NY,AEA,EN,Towers with Radar,21,185,177,0,383,0,0,183,0,183,21,185,360,0,566,38,0,38,604
03/09/2006,HPN,NY,AEA,EN,Towers with Radar,22,185,208,0,415,0,0,0,0,0,22,185,208,0,415,56,0,56,471
03/10/2006,HPN,NY,AEA,EN,Towers with Radar,21,212,198,0,431,0,0,62,0,62,21,212,260,0,493,14,0,14,507
03/11/2006,HPN,NY,AEA,EN,Towers with Radar,14,124,99,0,237,0,0,270,0,270,14,124,369,0,507,122,0,122,629
03/12/2006,HPN,NY,AEA,EN,Towers with Radar,8,139,183,0,330,0,0,21,0,21,8,139,204,0,351,22,0,22,373
03/13/2006,HPN,NY,AEA,EN,Towers with Radar,17,174,150,0,341,0,0,48,0,48,17,174,198,0,389,8,0,8,397
03/14/2006,HPN,NY,AEA,EN,Towers with Radar,11,197,149,0,357,0,0,47,0,47,11,197,196,0,404,6,0,6,410
03/15/2006,HPN,NY,AEA,EN,Towers with Radar,15,191,165,0,371,0,0,42,0,42,15,191,207,0,413,0,0,0,413
03/16/2006,HPN,NY,AEA,EN,Towers with Radar,12,211,197,0,420,0,0,140,0,140,12,211,337,0,560,28,0,28,588
03/17/2006,HPN,NY,AEA,EN,Towers with Radar,19,197,166,0,382,0,0,171,0,171,19,197,337,0,553,82,0,82,635
03/18/2006,HPN,NY,AEA,EN,Towers with Radar,14,123,150,2,289,0,0,118,0,118,14,123,268,2,407,82,0,82,489
03/19/2006,HPN,NY,AEA,EN,Towers with Radar,14,155,209,0,378,0,0,85,0,85,14,155,294,0,463,88,0,88,551
03/20/2006,HPN,NY,AEA,EN,Towers with Radar,21,169,147,0,337,0,0,119,0,119,21,169,266,0,456,10,0,10,466
03/21/2006,HPN,NY,AEA,EN,Towers with Radar,19,195,144,0,358,0,0,130,0,130,19,195,274,0,488,120,0,120,608
03/22/2006,HPN,NY,AEA,EN,Towers with Radar,21,156,132,0,309,0,0,125,0,125,21,156,257,0,434,110,0,110,544
03/23/2006,HPN,NY,AEA,EN,Towers with Radar,27,167,162,0,356,0,0,155,0,155,27,167,317,0,511,61,0,61,572
03/24/2006,HPN,NY,AEA,EN,Towers with Radar,28,181,172,0,381,0,0,141,0,141,28,181,313,0,522,138,0,138,660
03/25/2006,HPN,NY,AEA,EN,Towers with Radar,12,120,110,0,242,0,0,103,0,103,12,120,213,0,345,210,0,210,555
03/26/2006,HPN,NY,AEA,EN,Towers with Radar,11,189,170,1,371,0,0,51,0,51,11,189,221,1,422,92,0,92,514
03/27/2006,HPN,NY,AEA,EN,Towers with Radar,17,165,173,0,355,0,0,117,0,117,17,165,290,0,472,94,0,94,566
03/28/2006,HPN,NY,AEA,EN,Towers with Radar,31,160,120,0,311,0,0,123,0,123,31,160,243,0,434,60,0,60,494
03/29/2006,HPN,NY,AEA,EN,Towers with Radar,20,179,64,0,263,0,0,0,0,0,20,179,64,0,263,116,0,116,379
03/30/2006,HPN,NY,AEA,EN,Towers with Radar,22,164,190,0,376,0,0,146,0,146,22,164,336,0,522,138,0,138,660
03/31/2006,HPN,NY,AEA,EN,Towers with Radar,19,189,163,0,371,0,0,162,0,162,19,189,325,0,533,22,0,22,555
04/01/2006,HPN,NY,AEA,EN,Towers with Radar,9,123,116,0,248,0,0,51,0,51,9,123,167,0,299,44,0,44,343
04/02/2006,HPN,NY,AEA,EN,Towers with Radar,20,182,194,0,396,0,0,225,0,225,20,182,419,0,621,142,0,142,763
04/03/2006,HPN,NY,AEA,EN,Towers with Radar,13,158,112,0,283,0,0,123,0,123,13,158,235,0,406,0,0,0,406
04/04/2006,HPN,NY,AEA,EN,Towers with Radar,35,168,135,0,338,0,0,58,0,58,35,168,193,0,396,4,0,4,400
04/05/2006,HPN,NY,AEA,EN,Towers with Radar,29,186,149,2,366,0,0,57,0,57,29,186,206,2,423,16,0,16,439
04/06/2006,HPN,NY,AEA,EN,Towers with Radar,32,190,165,0,387,0,0,154,0,154,32,190,319,0,541,54,0,54,595
04/07/2006,HPN,NY,AEA,EN,Towers with Radar,29,207,191,2,429,0,0,80,0,80,29,207,271,2,509,100,0,100,609
04/08/2006,HPN,NY,AEA,EN,Towers with Radar,23,91,109,0,223,0,0,14,0,14,23,91,123,0,237,0,0,0,237
04/09/2006,HPN,NY,AEA,EN,Towers with Radar,28,151,136,0,315,0,0,223,0,223,28,151,359,0,538,142,0,142,680
04/10/2006,HPN,NY,AEA,EN,Towers with Radar,31,186,150,0,367,0,0,162,0,162,31,186,312,0,529,44,0,44,573
04/11/2006,HPN,NY,AEA,EN,Towers with Radar,27,154,167,0,348,0,0,124,0,124,27,154,291,0,472,114,0,114,586
04/12/2006,HPN,NY,AEA,EN,Towers with Radar,26,217,213,0,456,0,0,118,0,118,26,217,331,0,574,110,0,110,684
04/13/2006,HPN,NY,AEA,EN,Towers with Radar,30,215,213,0,458,0,0,143,0,143,30,215,356,0,601,46,0,46,647
04/14/2006,HPN,NY,AEA,EN,Towers with Radar,26,164,172,0,362,0,0,96,0,96,26,164,268,0,458,44,0,44,502
04/15/2006,HPN,NY,AEA,EN,Towers with Radar,22,91,75,0,188,0,0,125,0,125,22,91,200,0,313,122,0,122,435
04/16/2006,HPN,NY,AEA,EN,Towers with Radar,26,196,169,0,391,0,0,150,0,150,26,196,319,0,541,112,0,112,653
04/17/2006,HPN,NY,AEA,EN,Towers with Radar,27,210,196,0,433,0,0,120,0,120,27,210,316,0,553,28,0,28,581
04/18/2006,HPN,NY,AEA,EN,Towers with Radar,28,169,167,0,364,0,0,144,0,144,28,169,311,0,508,70,0,70,578
04/19/2006,HPN,NY,AEA,EN,Towers with Radar,31,171,147,0,349,0,0,155,0,155,31,171,302,0,504,76,0,76,580
04/20/2006,HPN,NY,AEA,EN,Towers with Radar,27,197,152,0,376,0,0,177,0,177,27,197,329,0,553,50,0,50,603
04/21/2006,HPN,NY,AEA,EN,Towers with Radar,36,185,175,0,396,0,0,192,0,192,36,185,367,0,588,70,0,70,658
04/22/2006,HPN,NY,AEA,EN,Towers with Radar,20,93,77,0,190,0,0,6,0,6,20,93,83,0,196,0,0,0,196
04/23/2006,HPN,NY,AEA,EN,Towers with Radar,36,132,150,0,318,0,0,0,0,0,36,132,150,0,318,0,0,0,318
04/24/2006,HPN,NY,AEA,EN,Towers with Radar,29,173,172,0,374,0,0,27,0,27,29,173,199,0,401,0,0,0,401
04/25/2006,HPN,NY,AEA,EN,Towers with Radar,28,175,178,0,381,0,0,219,0,219,28,175,397,0,600,108,0,108,708
04/26/2006,HPN,NY,AEA,EN,Towers with Radar,26,197,163,0,386,0,0,176,0,176,26,197,339,0,562,122,0,122,684
04/27/2006,HPN,NY,AEA,EN,Towers with Radar,30,219,211,0,460,0,0,202,0,202,30,219,413,0,662,57,0,57,719
04/28/2006,HPN,NY,AEA,EN,Towers with Radar,34,188,188,0,410,0,0,213,0,213,34,188,401,0,623,125,0,125,748
04/29/2006,HPN,NY,AEA,EN,Towers with Radar,21,96,134,0,251,0,0,219,0,219,21,96,353,0,470,136,0,136,606
04/30/2006,HPN,NY,AEA,EN,Towers with Radar,20,150,192,0,362,0,0,230,0,230,20,150,422,0,592,26,0,26,618
05/01/2006,HPN,NY,AEA,EN,Towers with Radar,33,167,168,0,368,0,0,128,0,128,33,167,296,0,496,8,1,9,505
05/02/2006,HPN,NY,AEA,EN,Towers with Radar,28,177,161,0,366,0,0,104,0,104,28,177,265,0,470,70,0,70,540
05/03/2006,HPN,NY,AEA,EN,Towers with Radar,33,181,217,0,431,0,0,125,0,125,33,181,342,0,556,62,0,62,618
05/04/2006,HPN,NY,AEA,EN,Towers with Radar,28,218,200,0,446,0,0,166,0,166,28,218,366,0,612,120,0,120,732
05/05/2006,HPN,NY,AEA,EN,Towers with Radar,28,200,182,0,410,0,0,164,0,164,28,200,346,0,574,54,0,54,628
05/06/2006,HPN,NY,AEA,EN,Towers with Radar,21,91,99,0,211,0,0,175,0,175,21,91,274,0,386,176,0,176,562
05/07/2006,HPN,NY,AEA,EN,Towers with Radar,26,163,138,0,327,0,0,235,0,235,26,163,373,0,562,92,0,92,654
05/08/2006,HPN,NY,AEA,EN,Towers with Radar,32,152,169,0,353,0,0,157,0,157,32,152,326,0,510,60,0,60,570
05/09/2006,HPN,NY,AEA,EN,Towers with Radar,38,153,144,0,335,0,0,123,0,123,38,153,267,0,458,54,0,54,512
05/10/2006,HPN,NY,AEA,EN,Towers with Radar,37,155,190,3,385,0,0,77,0,77,37,155,267,3,462,76,0,76,538
05/11/2006,HPN,NY,AEA,EN,Towers with Radar,22,158,231,2,413,0,0,5,0,5,22,158,236,2,418,4,0,4,422
05/12/2006,HPN,NY,AEA,EN,Towers with Radar,31,139,175,0,345,0,0,0,0,0,31,139,175,0,345,0,0,0,345
05/13/2006,HPN,NY,AEA,EN,Towers with Radar,0,0,0,0,0,18,111,145,0,274,18,111,145,0,274,58,0,58,332
05/14/2006,HPN,NY,AEA,EN,Towers with Radar,21,118,144,0,283,0,0,15,0,15,21,118,159,0,298,20,0,20,318
05/15/2006,HPN,NY,AEA,EN,Towers with Radar,27,172,177,0,376,0,0,4,0,4,27,172,181,0,380,2,0,2,382
05/16/2006,HPN,NY,AEA,EN,Towers with Radar,30,169,141,0,340,0,0,39,0,39,30,169,180,0,379,20,0,20,399
05/17/2006,HPN,NY,AEA,EN,Towers with Radar,23,169,239,0,431,0,0,188,0,188,23,169,427,0,619,78,0,78,697
05/18/2006,HPN,NY,AEA,EN,Towers with Radar,27,216,167,1,411,0,0,108,0,108,27,216,275,1,519,14,0,14,533
05/19/2006,HPN,NY,AEA,EN,Towers with Radar,30,178,168,0,376,0,0,43,0,43,30,178,211,0,419,8,0,8,427
05/20/2006,HPN,NY,AEA,EN,Towers with Radar,21,120,121,2,264,0,0,0,0,0,21,120,121,2,264,124,0,124,388
05/21/2006,HPN,NY,AEA,EN,Towers with Radar,27,150,168,0,345,0,0,137,0,137,27,150,305,0,482,36,0,36,518
05/22/2006,HPN,NY,AEA,EN,Towers with Radar,26,191,163,4,384,0,0,101,0,101,26,191,264,4,485,26,0,26,511
05/23/2006,HPN,NY,AEA,EN,Towers with Radar,33,187,175,1,396,0,0,125,0,125,33,187,300,1,521,80,0,80,601
05/24/2006,HPN,NY,AEA,EN,Towers with Radar,23,206,208,2,439,0,0,161,0,161,23,206,369,2,600,56,1,57,657
05/25/2006,HPN,NY,AEA,EN,Towers with Radar,0,0,0,0,0,21,223,382,11,637,21,223,382,11,637,118,0,118,755
05/26/2006,HPN,NY,AEA,EN,Towers with Radar,26,259,281,0,566,0,0,37,0,37,26,259,318,0,603,8,0,8,611
05/27/2006,HPN,NY,AEA,EN,Towers with Radar,21,118,95,0,234,0,0,93,0,93,21,118,188,0,327,52,1,53,380
05/28/2006,HPN,NY,AEA,EN,Towers with Radar,17,113,75,0,205,0,0,211,0,211,17,113,286,0,416,174,0,174,590
05/29/2006,HPN,NY,AEA,EN,Towers with Radar,43,212,177,0,432,0,0,201,0,201,43,212,378,0,633,114,0,114,747
05/30/2006,HPN,NY,AEA,EN,Towers with Radar,23,177,155,0,355,0,0,136,0,136,23,177,291,0,491,42,0,42,533
05/31/2006,HPN,NY,AEA,EN,Towers with Radar,28,173,196,0,397,0,0,98,0,98,28,173,294,0,495,80,0,80,575
06/01/2006,HPN,NY,AEA,EN,Towers with Radar,23,152,174,0,349,0,0,43,0,43,23,152,217,0,392,48,0,48,440
06/02/2006,HPN,NY,AEA,EN,Towers with Radar,0,0,0,0,0,22,186,199,0,407,22,186,199,0,407,0,0,0,407
06/03/2006,HPN,NY,AEA,EN,Towers with Radar,23,89,80,0,192,0,0,0,0,0,23,89,80,0,192,0,0,0,192
06/04/2006,HPN,NY,AEA,EN,Towers with Radar,21,163,197,0,381,0,0,124,0,124,21,163,321,0,505,168,0,168,673
06/05/2006,HPN,NY,AEA,EN,Towers with Radar,0,0,0,0,0,27,199,282,0,508,27,199,282,0,508,38,0,38,546
06/06/2006,HPN,NY,AEA,EN,Towers with Radar,35,166,193,0,394,0,0,146,0,146,35,166,339,0,540,92,0,92,632
06/07/2006,HPN,NY,AEA,EN,Towers with Radar,31,189,193,0,413,0,0,10,0,10,31,189,203,0,423,0,0,0,423
06/08/2006,HPN,NY,AEA,EN,Towers with Radar,0,0,0,0,0,26,243,302,0,571,26,243,302,0,571,24,0,24,595
06/09/2006,HPN,NY,AEA,EN,Towers with Radar,35,171,188,0,394,0,0,99,0,99,35,171,287,0,493,30,0,30,523
06/10/2006,HPN,NY,AEA,EN,Towers with Radar,22,132,113,0,267,0,0,56,0,56,22,132,169,0,323,10,0,10,333
06/11/2006,HPN,NY,AEA,EN,Towers with Radar,37,208,184,0,429,0,0,117,0,117,37,208,301,0,546,42,0,42,588
06/12/2006,HPN,NY,AEA,EN,Towers with Radar,30,188,184,0,402,0,183,0,0,183,30,371,184,0,585,140,0,140,725
06/13/2006,HPN,NY,AEA,EN,Towers with Radar,32,199,145,0,376,0,0,231,0,231,32,199,376,0,607,70,0,70,677
06/14/2006,HPN,NY,AEA,EN,Towers with Radar,32,178,171,0,381,0,0,142,0,142,32,178,313,0,523,56,0,56,579
06/15/2006,HPN,NY,AEA,EN,Towers with Radar,31,212,262,0,505,0,0,193,0,193,31,212,455,0,698,66,0,66,764
06/16/2006,HPN,NY,AEA,EN,Towers with Radar,30,224,266,0,520,0,0,0,0,0,30,224,266,0,520,14,0,14,534
06/17/2006,HPN,NY,AEA,EN,Towers with Radar,26,142,164,0,332,0,0,168,0,168,26,142,332,0,500,90,0,90,590
06/18/2006,HPN,NY,AEA,EN,Towers with Radar,23,184,194,0,401,0,0,272,0,272,23,184,466,0,673,70,0,70,743
06/19/2006,HPN,NY,AEA,EN,Towers with Radar,21,164,203,0,388,0,0,91,0,91,21,164,294,0,479,22,0,22,501
06/20/2006,HPN,NY,AEA,EN,Towers with Radar,34,165,163,0,362,0,0,118,0,118,34,165,281,0,480,154,0,154,634
06/21/2006,HPN,NY,AEA,EN,Towers with Radar,31,191,216,0,438,0,0,218,0,218,31,191,434,0,656,56,0,56,712
06/22/2006,HPN,NY,AEA,EN,Towers with Radar,28,160,217,0,405,0,0,154,0,154,28,160,371,0,559,66,0,66,625
06/23/2006,HPN,NY,AEA,EN,Towers with Radar,31,188,191,0,410,0,0,118,0,118,31,188,309,0,528,122,0,122,650
06/24/2006,HPN,NY,AEA,EN,Towers with Radar,0,0,0,0,0,18,92,104,0,214,18,92,104,0,214,0,0,0,214
06/25/2006,HPN,NY,AEA,EN,Towers with Radar,19,174,176,0,369,0,0,1,0,1,19,174,177,0,370,0,0,0,370
06/26/2006,HPN,NY,AEA,EN,Towers with Radar,28,162,197,5,392,0,0,22,0,22,28,162,219,5,414,0,0,0,414
06/27/2006,HPN,NY,AEA,EN,Towers with Radar,28,169,204,0,401,0,0,81,0,81,28,169,285,0,482,44,1,45,527
06/28/2006,HPN,NY,AEA,EN,Towers with Radar,27,181,196,0,404,0,0,49,0,49,27,181,245,0,453,12,0,12,465
06/29/2006,HPN,NY,AEA,EN,Towers with Radar,36,206,217,2,461,0,0,99,0,99,36,206,316,2,560,88,2,90,650
06/30/2006,HPN,NY,AEA,EN,Towers with Radar,33,222,240,0,495,0,0,288,0,288,33,222,528,0,783,78,0,78,861
07/01/2006,HPN,NY,AEA,EN,Towers with Radar,22,119,103,1,245,0,0,222,0,222,22,119,325,1,467,0,0,0,467
07/02/2006,HPN,NY,AEA,EN,Towers with Radar,19,87,55,0,161,0,0,135,1,136,19,87,190,1,297,60,0,60,357
07/03/2006,HPN,NY,AEA,EN,Towers with Radar,30,115,65,0,210,0,0,120,0,120,30,115,185,0,330,92,0,92,422
07/04/2006,HPN,NY,AEA,EN,Towers with Radar,26,154,112,0,292,0,0,77,0,77,26,154,189,0,369,18,0,18,387
07/05/2006,HPN,NY,AEA,EN,Towers with Radar,27,187,187,0,401,0,0,54,0,54,27,187,241,0,455,24,0,24,479
07/06/2006,HPN,NY,AEA,EN,Towers with Radar,30,139,167,0,336,0,0,174,0,174,30,139,341,0,510,106,0,106,616
07/07/2006,HPN,NY,AEA,EN,Towers with Radar,31,188,227,0,446,0,0,237,0,237,31,188,464,0,683,74,0,74,757
07/08/2006,HPN,NY,AEA,EN,Towers with Radar,20,84,119,0,223,0,0,206,0,206,20,84,325,0,429,146,0,146,575
07/09/2006,HPN,NY,AEA,EN,Towers with Radar,19,145,184,0,348,0,0,277,0,277,19,145,461,0,625,40,0,40,665
07/10/2006,HPN,NY,AEA,EN,Towers with Radar,0,0,0,0,0,29,202,335,0,566,29,202,335,0,566,72,0,72,638
07/11/2006,HPN,NY,AEA,EN,Towers with Radar,23,177,154,0,354,0,0,82,0,82,23,177,236,0,436,120,0,120,556
07/12/2006,HPN,NY,AEA,EN,Towers with Radar,27,195,221,0,443,0,0,16,0,16,27,195,237,0,459,0,0,0,459
07/13/2006,HPN,NY,AEA,EN,Towers with Radar,25,205,227,2,459,0,0,106,0,106,25,205,333,2,565,38,0,38,603
07/14/2006,HPN,NY,AEA,EN,Towers with Radar,31,236,223,0,490,0,0,256,0,256,31,236,479,0,746,38,0,38,784
07/15/2006,HPN,NY,AEA,EN,Towers with Radar,26,103,109,0,238,0,0,123,0,123,26,103,232,0,361,80,0,80,441
07/16/2006,HPN,NY,AEA,EN,Towers with Radar,22,198,194,0,414,0,0,236,0,236,22,198,430,0,650,30,0,30,680
07/17/2006,HPN,NY,AEA,EN,Towers with Radar,30,187,198,0,415,0,0,173,0,173,30,187,371,0,588,30,0,30,618
07/18/2006,HPN,NY,AEA,EN,Towers with Radar,34,201,173,0,408,0,0,145,0,145,34,201,318,0,553,4,0,4,557
07/19/2006,HPN,NY,AEA,EN,Towers with Radar,26,217,199,0,442,0,0,175,0,175,26,217,374,0,617,98,0,98,715
07/20/2006,HPN,NY,AEA,EN,Towers with Radar,28,233,237,0,498,0,0,134,0,134,28,233,371,0,632,22,0,22,654
07/21/2006,HPN,NY,AEA,EN,Towers with Radar,0,0,0,0,0,28,251,209,0,488,28,251,209,0,488,88,0,88,576
07/22/2006,HPN,NY,AEA,EN,Towers with Radar,22,125,109,0,256,0,0,0,0,0,22,125,109,0,256,0,0,0,256
07/23/2006,HPN,NY,AEA,EN,Towers with Radar,23,196,213,0,432,0,0,132,0,132,23,196,345,0,564,50,0,50,614
07/24/2006,HPN,NY,AEA,EN,Towers with Radar,30,155,172,0,357,0,0,254,0,254,30,155,426,0,611,96,0,96,707
07/25/2006,HPN,NY,AEA,EN,Towers with Radar,25,166,162,0,353,0,0,183,0,183,25,166,345,0,536,98,0,98,634
07/26/2006,HPN,NY,AEA,EN,Towers with Radar,27,183,179,0,389,0,0,180,0,180,27,183,359,0,569,44,0,44,613
07/27/2006,HPN,NY,AEA,EN,Towers with Radar,0,0,0,0,0,20,214,320,0,554,20,214,320,0,554,34,0,34,588
07/28/2006,HPN,NY,AEA,EN,Towers with Radar,29,210,196,0,435,0,0,141,0,141,29,210,337,0,576,6,0,6,582
07/29/2006,HPN,NY,AEA,EN,Towers with Radar,22,104,102,0,228,0,0,177,0,177,22,104,279,0,405,34,0,34,439
07/30/2006,HPN,NY,AEA,EN,Towers with Radar,0,0,0,0,0,21,153,360,0,534,21,153,360,0,534,68,0,68,602
07/31/2006,HPN,NY,AEA,EN,Towers with Radar,28,187,171,0,386,0,0,182,0,182,28,187,353,0,568,0,0,0,568
08/01/2006,HPN,NY,AEA,EN,Towers with Radar,29,149,127,0,305,0,0,128,0,128,29,149,255,0,433,68,0,68,501
08/02/2006,HPN,NY,AEA,EN,Towers with Radar,26,188,160,0,374,0,0,158,0,158,26,188,318,0,532,76,0,76,608
08/03/2006,HPN,NY,AEA,EN,Towers with Radar,29,188,185,0,402,0,0,127,0,127,29,188,312,0,529,64,0,64,593
08/04/2006,HPN,NY,AEA,EN,Towers with Radar,32,217,177,0,426,0,0,176,0,176,32,217,353,0,602,68,0,68,670
08/05/2006,HPN,NY,AEA,EN,Towers with Radar,0,0,0,0,0,19,95,286,0,400,19,95,286,0,400,50,0,50,450
08/06/2006,HPN,NY,AEA,EN,Towers with Radar,23,165,168,0,356,0,0,265,0,265,23,165,433,0,621,78,0,78,699
08/07/2006,HPN,NY,AEA,EN,Towers with Radar,34,183,177,0,394,0,0,133,0,133,34,183,310,0,527,12,0,12,539
08/08/2006,HPN,NY,AEA,EN,Towers with Radar,26,171,185,0,382,0,0,174,0,174,26,171,359,0,556,34,0,34,590
08/09/2006,HPN,NY,AEA,EN,Towers with Radar,31,179,167,0,377,0,0,211,0,211,31,179,378,0,588,78,0,78,666
08/10/2006,HPN,NY,AEA,EN,Towers with Radar,29,198,203,0,430,0,0,153,0,153,29,198,356,0,583,64,0,64,647
08/11/2006,HPN,NY,AEA,EN,Towers with Radar,31,233,249,2,515,0,0,257,0,257,31,233,506,2,772,22,0,22,794
08/12/2006,HPN,NY,AEA,EN,Towers with Radar,0,0,0,0,0,21,125,314,0,460,21,125,314,0,460,78,0,78,538
08/13/2006,HPN,NY,AEA,EN,Towers with Radar,21,171,167,0,359,0,0,285,0,285,21,171,452,0,644,84,0,84,728
08/14/2006,HPN,NY,AEA,EN,Towers with Radar,33,200,168,0,401,0,0,206,0,206,33,200,374,0,607,32,0,32,639
08/15/2006,HPN,NY,AEA,EN,Towers with Radar,30,211,191,0,432,0,0,98,0,98,30,211,289,0,530,56,0,56,586
08/16/2006,HPN,NY,AEA,EN,Towers with Radar,29,190,204,0,423,0,0,234,0,234,29,190,438,0,657,44,0,44,701
08/17/2006,HPN,NY,AEA,EN,Towers with Radar,29,205,205,0,439,0,0,246,0,246,29,205,451,0,685,72,0,72,757
08/18/2006,HPN,NY,AEA,EN,Towers with Radar,33,245,267,0,545,0,0,196,0,196,33,245,463,0,741,30,0,30,771
08/19/2006,HPN,NY,AEA,EN,Towers with Radar,24,116,140,1,281,0,0,143,0,143,24,116,283,1,424,50,0,50,474
08/20/2006,HPN,NY,AEA,EN,Towers with Radar,22,174,191,0,387,0,0,133,0,133,22,174,324,0,520,22,0,22,542
08/21/2006,HPN,NY,AEA,EN,Towers with Radar,29,209,172,0,410,0,0,217,0,217,29,209,389,0,627,26,0,26,653
08/22/2006,HPN,NY,AEA,EN,Towers with Radar,28,168,192,0,388,0,0,190,0,190,28,168,382,0,578,40,0,40,618
08/23/2006,HPN,NY,AEA,EN,Towers with Radar,27,167,130,0,324,0,20,223,0,243,27,187,353,0,567,104,0,104,671
08/24/2006,HPN,NY,AEA,EN,Towers with Radar,22,189,176,0,387,0,0,178,0,178,22,189,354,0,565,40,0,40,605
08/25/2006,HPN,NY,AEA,EN,Towers with Radar,34,195,271,0,500,0,0,13,0,13,34,195,284,0,513,0,0,0,513
08/26/2006,HPN,NY,AEA,EN,Towers with Radar,28,79,147,0,254,0,0,31,0,31,28,79,178,0,285,16,0,16,301
08/27/2006,HPN,NY,AEA,EN,Towers with Radar,18,151,227,0,396,0,0,24,0,24,18,151,251,0,420,18,0,18,438
08/28/2006,HPN,NY,AEA,EN,Towers with Radar,29,213,204,0,446,0,0,16,0,16,29,213,220,0,462,0,0,0,462
08/29/2006,HPN,NY,AEA,EN,Towers with Radar,26,158,138,0,322,0,0,0,0,0,26,158,138,0,322,0,0,0,322
08/30/2006,HPN,NY,AEA,EN,Towers with Radar,33,193,239,0,465,0,0,84,0,84,33,193,323,0,549,48,0,48,597
08/31/2006,HPN,NY,AEA,EN,Towers with Radar,27,155,205,0,387,0,0,181,0,181,27,155,386,0,568,36,0,36,604
09/01/2006,HPN,NY,AEA,EN,Towers with Radar,28,185,180,0,393,0,0,168,0,168,28,185,348,0,561,90,0,90,651
09/02/2006,HPN,NY,AEA,EN,Towers with Radar,33,69,48,0,150,0,0,1,0,1,33,69,49,0,151,0,0,0,151
09/03/2006,HPN,NY,AEA,EN,Towers with Radar,29,99,84,0,212,0,0,46,0,46,29,99,130,0,258,0,0,0,258
09/04/2006,HPN,NY,AEA,EN,Towers with Radar,32,179,185,0,396,0,0,270,0,270,32,179,455,0,666,74,0,74,740
09/05/2006,HPN,NY,AEA,EN,Towers with Radar,34,174,175,0,383,0,0,98,0,98,34,174,273,0,481,14,0,14,495
09/06/2006,HPN,NY,AEA,EN,Towers with Radar,26,168,168,0,362,0,0,123,0,123,26,168,291,0,485,80,0,80,565
09/07/2006,HPN,NY,AEA,EN,Towers with Radar,21,176,162,0,359,0,0,218,0,218,21,176,380,0,577,32,0,32,609
09/08/2006,HPN,NY,AEA,EN,Towers with Radar,28,232,229,0,489,0,0,201,0,201,28,232,430,0,690,36,0,36,726
09/09/2006,HPN,NY,AEA,EN,Towers with Radar,0,0,0,0,0,21,89,325,0,435,21,89,325,0,435,150,0,150,585
09/10/2006,HPN,NY,AEA,EN,Towers with Radar,22,166,247,0,435,0,0,150,0,150,22,166,397,0,585,88,0,88,673
09/11/2006,HPN,NY,AEA,EN,Towers with Radar,21,193,219,3,436,0,0,92,0,92,21,193,311,3,528,0,0,0,528
09/12/2006,HPN,NY,AEA,EN,Towers with Radar,23,178,206,0,407,0,0,179,0,179,23,178,385,0,586,44,0,44,630
09/13/2006,HPN,NY,AEA,EN,Towers with Radar,22,190,199,0,411,0,0,113,0,113,22,190,312,0,524,0,0,0,524
09/14/2006,HPN,NY,AEA,EN,Towers with Radar,36,197,260,0,493,0,0,1,0,1,36,197,261,0,494,0,0,0,494
09/15/2006,HPN,NY,AEA,EN,Towers with Radar,31,217,271,0,519,0,0,3,0,3,31,217,274,0,522,0,0,0,522
09/16/2006,HPN,NY,AEA,EN,Towers with Radar,16,125,155,0,296,0,0,204,0,204,16,125,359,0,500,150,0,150,650
09/17/2006,HPN,NY,AEA,EN,Towers with Radar,21,202,221,0,444,0,0,197,0,197,21,202,418,0,641,82,0,82,723
09/18/2006,HPN,NY,AEA,EN,Towers with Radar,25,195,197,0,417,0,0,114,0,114,25,195,311,0,531,0,0,0,531
09/19/2006,HPN,NY,AEA,EN,Towers with Radar,22,188,189,0,399,0,0,22,0,22,22,188,211,0,421,0,0,0,421
09/20/2006,HPN,NY,AEA,EN,Towers with Radar,23,174,202,0,399,0,0,100,0,100,23,174,302,0,499,22,0,22,521
09/21/2006,HPN,NY,AEA,EN,Towers with Radar,28,215,215,1,459,0,0,190,0,190,28,215,405,1,649,26,1,27,676
09/22/2006,HPN,NY,AEA,EN,Towers with Radar,20,232,254,0,506,0,0,171,0,171,20,232,425,0,677,68,0,68,745
09/23/2006,HPN,NY,AEA,EN,Towers with Radar,19,95,138,0,252,0,0,18,0,18,19,95,156,0,270,12,0,12,282
09/24/2006,HPN,NY,AEA,EN,Towers with Radar,23,156,153,0,332,0,0,44,0,44,23,156,197,0,376,2,0,2,378
09/25/2006,HPN,NY,AEA,EN,Towers with Radar,25,178,186,5,394,0,0,107,0,107,25,178,293,5,501,44,0,44,545
09/26/2006,HPN,NY,AEA,EN,Towers with Radar,23,200,183,0,406,0,0,247,0,247,23,200,430,0,653,46,0,46,699
09/27/2006,HPN,NY,AEA,EN,Towers with Radar,22,214,229,0,465,0,0,179,0,179,22,214,408,0,644,28,0,28,672
09/28/2006,HPN,NY,AEA,EN,Towers with Radar,23,202,227,0,452,0,0,134,0,134,23,202,361,0,586,76,0,76,662
09/29/2006,HPN,NY,AEA,EN,Towers with Radar,23,259,239,0,521,0,0,98,0,98,23,259,337,0,619,46,0,46,665
09/30/2006,HPN,NY,AEA,EN,Towers with Radar,19,102,113,0,234,0,0,280,0,280,19,102,393,0,514,110,0,110,624
10/01/2006,HPN,NY,AEA,EN,Towers with Radar,22,160,153,0,335,0,0,44,0,44,22,160,197,0,379,38,0,38,417
10/02/2006,HPN,NY,AEA,EN,Towers with Radar,25,162,162,0,349,0,0,144,4,148,25,162,306,4,497,32,0,32,529
10/03/2006,HPN,NY,AEA,EN,Towers with Radar,23,174,182,0,379,0,0,195,0,195,23,174,377,0,574,60,0,60,634
10/04/2006,HPN,NY,AEA,EN,Towers with Radar,21,169,193,0,383,0,0,85,17,102,21,169,278,17,485,48,0,48,533
10/05/2006,HPN,NY,AEA,EN,Towers with Radar,26,215,199,0,440,0,0,111,0,111,26,215,310,0,551,56,0,56,607
10/06/2006,HPN,NY,AEA,EN,Towers with Radar,27,278,271,32,608,0,0,145,0,145,27,278,416,32,753,56,0,56,809
10/07/2006,HPN,NY,AEA,EN,Towers with Radar,17,134,129,0,280,0,0,136,0,136,17,134,265,0,416,26,0,26,442
10/08/2006,HPN,NY,AEA,EN,Towers with Radar,26,161,141,0,328,0,0,257,0,257,26,161,398,0,585,124,0,124,709
10/09/2006,HPN,NY,AEA,EN,Towers with Radar,30,218,207,0,455,0,0,282,0,282,30,218,489,0,737,62,0,62,799
10/10/2006,HPN,NY,AEA,EN,Towers with Radar,19,213,174,0,406,0,0,152,0,152,19,213,326,0,558,22,0,22,580
10/11/2006,HPN,NY,AEA,EN,Towers with Radar,23,185,175,0,383,0,0,16,0,16,23,185,191,0,399,0,0,0,399
10/12/2006,HPN,NY,AEA,EN,Towers with Radar,25,203,211,1,440,0,0,67,0,67,25,203,278,1,507,0,0,0,507
10/13/2006,HPN,NY,AEA,EN,Towers with Radar,26,196,214,3,439,0,0,192,0,192,26,196,406,3,631,56,0,56,687
10/14/2006,HPN,NY,AEA,EN,Towers with Radar,0,0,0,0,0,26,111,315,0,452,26,111,315,0,452,58,0,58,510
10/15/2006,HPN,NY,AEA,EN,Towers with Radar,18,126,168,1,313,0,0,220,0,220,18,126,388,1,533,76,0,76,609
10/16/2006,HPN,NY,AEA,EN,Towers with Radar,24,163,185,1,373,0,0,154,0,154,24,163,339,1,527,14,0,14,541
10/17/2006,HPN,NY,AEA,EN,Towers with Radar,24,176,173,1,374,0,0,47,0,47,24,176,220,1,421,10,0,10,431
10/18/2006,HPN,NY,AEA,EN,Towers with Radar,23,182,189,2,396,0,0,49,0,49,23,182,238,2,445,34,0,34,479
10/19/2006,HPN,NY,AEA,EN,Towers with Radar,26,178,218,0,422,0,0,103,0,103,26,178,321,0,525,46,0,46,571
10/20/2006,HPN,NY,AEA,EN,Towers with Radar,22,216,210,0,448,0,0,7,0,7,22,216,217,0,455,0,0,0,455
10/21/2006,HPN,NY,AEA,EN,Towers with Radar,16,137,128,0,281,0,0,128,0,128,16,137,256,0,409,48,0,48,457
10/22/2006,HPN,NY,AEA,EN,Towers with Radar,24,189,190,0,403,0,0,148,0,148,24,189,338,0,551,94,0,94,645
10/23/2006,HPN,NY,AEA,EN,Towers with Radar,25,193,172,2,392,0,0,103,0,103,25,193,275,2,495,74,0,74,569
10/24/2006,HPN,NY,AEA,EN,Towers with Radar,26,184,155,4,369,0,0,104,0,104,26,184,259,4,473,26,0,26,499
10/25/2006,HPN,NY,AEA,EN,Towers with Radar,25,197,158,0,380,0,0,134,0,134,25,197,292,0,514,26,0,26,540
10/26/2006,HPN,NY,AEA,EN,Towers with Radar,32,210,222,0,464,0,0,119,0,119,32,210,341,0,583,12,0,12,595
10/27/2006,HPN,NY,AEA,EN,Towers with Radar,23,213,243,0,479,0,0,184,0,184,23,213,427,0,663,42,0,42,705
10/28/2006,HPN,NY,AEA,EN,Towers with Radar,19,100,64,0,183,0,0,9,0,9,19,100,73,0,192,0,0,0,192
10/29/2006,HPN,NY,AEA,EN,Towers with Radar,18,152,133,0,303,0,0,43,0,43,18,152,176,0,346,0,0,0,346
10/30/2006,HPN,NY,AEA,EN,Towers with Radar,27,180,187,1,395,0,0,148,0,148,27,180,335,1,543,16,1,17,560
10/31/2006,HPN,NY,AEA,EN,Towers with Radar,26,177,142,0,345,0,0,132,0,132,26,177,274,0,477,66,0,66,543
11/01/2006,HPN,NY,AEA,EN,Towers with Radar,24,188,202,0,414,0,0,136,0,136,24,188,338,0,550,98,0,98,648
11/02/2006,HPN,NY,AEA,EN,Towers with Radar,26,238,214,0,478,0,0,96,0,96,26,238,310,0,574,34,0,34,608
11/03/2006,HPN,NY,AEA,EN,Towers with Radar,14,225,207,0,446,0,0,176,0,176,14,225,383,0,622,50,0,50,672
11/04/2006,HPN,NY,AEA,EN,Towers with Radar,19,97,124,0,240,0,0,177,0,177,19,97,301,0,417,74,0,74,491
11/05/2006,HPN,NY,AEA,EN,Towers with Radar,15,138,174,0,327,0,0,0,0,0,15,138,174,0,327,124,0,124,451
11/06/2006,HPN,NY,AEA,EN,Towers with Radar,35,123,167,0,325,0,0,179,0,179,35,123,346,0,504,100,0,100,604
11/07/2006,HPN,NY,AEA,EN,Towers with Radar,20,155,152,0,327,0,0,113,0,113,20,155,265,0,440,32,0,32,472
11/08/2006,HPN,NY,AEA,EN,Towers with Radar,19,186,187,0,392,0,0,0,0,0,19,186,187,0,392,0,0,0,392
11/09/2006,HPN,NY,AEA,EN,Towers with Radar,19,216,259,0,494,0,0,109,0,109,19,216,368,0,603,64,0,64,667
11/10/2006,HPN,NY,AEA,EN,Towers with Radar,17,187,214,0,418,0,0,108,0,108,17,187,322,0,526,82,0,82,608
11/11/2006,HPN,NY,AEA,EN,Towers with Radar,14,128,140,0,282,0,0,145,0,145,14,128,285,0,427,88,0,88,515
11/12/2006,HPN,NY,AEA,EN,Towers with Radar,23,153,180,0,356,0,0,0,0,0,23,153,180,0,356,0,0,0,356
11/13/2006,HPN,NY,AEA,EN,Towers with Radar,25,194,176,1,396,0,0,13,0,13,25,194,189,1,409,0,0,0,409
11/14/2006,HPN,NY,AEA,EN,Towers with Radar,19,194,179,0,392,0,0,15,0,15,19,194,194,0,407,24,0,24,431
11/15/2006,HPN,NY,AEA,EN,Towers with Radar,26,191,207,0,424,0,0,11,0,11,26,191,218,0,435,0,0,0,435
11/16/2006,HPN,NY,AEA,EN,Towers with Radar,23,132,194,0,349,0,0,2,0,2,23,132,196,0,351,62,0,62,413
11/17/2006,HPN,NY,AEA,EN,Towers with Radar,22,253,272,0,547,0,0,165,0,165,22,253,437,0,712,22,0,22,734
11/18/2006,HPN,NY,AEA,EN,Towers with Radar,24,122,113,0,259,0,0,166,0,166,24,122,279,0,425,150,0,150,575
11/19/2006,HPN,NY,AEA,EN,Towers with Radar,17,154,148,0,319,0,0,167,0,167,17,154,315,0,486,0,0,0,486
11/20/2006,HPN,NY,AEA,EN,Towers with Radar,20,179,170,0,369,0,0,131,0,131,20,179,301,0,500,60,0,60,560
11/21/2006,HPN,NY,AEA,EN,Towers with Radar,18,252,211,0,481,0,0,150,0,150,18,252,361,0,631,34,0,34,665
11/22/2006,HPN,NY,AEA,EN,Towers with Radar,17,248,251,0,516,0,0,114,0,114,17,248,365,0,630,32,0,32,662
11/23/2006,HPN,NY,AEA,EN,Towers with Radar,23,129,51,0,203,0,0,0,0,0,23,129,51,0,203,0,0,0,203
11/24/2006,HPN,NY,AEA,EN,Towers with Radar,20,109,85,0,214,0,0,102,0,102,20,109,187,0,316,22,0,22,338
11/25/2006,HPN,NY,AEA,EN,Towers with Radar,22,127,128,0,277,0,0,194,0,194,22,127,322,0,471,98,0,98,569
11/26/2006,HPN,NY,AEA,EN,Towers with Radar,24,265,313,0,602,0,0,263,0,263,24,265,576,0,865,48,0,48,913
11/27/2006,HPN,NY,AEA,EN,Towers with Radar,28,207,185,0,420,0,0,129,0,129,28,207,314,0,549,36,0,36,585
11/28/2006,HPN,NY,AEA,EN,Towers with Radar,21,187,215,0,423,0,0,52,0,52,21,187,267,0,475,40,0,40,515
11/29/2006,HPN,NY,AEA,EN,Towers with Radar,28,147,162,0,337,0,0,2,0,2,28,147,164,0,339,0,0,0,339
11/30/2006,HPN,NY,AEA,EN,Towers with Radar,31,216,235,0,482,0,0,30,0,30,31,216,265,0,512,0,0,0,512
12/01/2006,HPN,NY,AEA,EN,Towers with Radar,18,139,134,0,291,0,0,157,0,157,18,139,291,0,448,0,0,0,448
12/02/2006,HPN,NY,AEA,EN,Towers with Radar,21,130,130,0,281,0,0,130,0,130,21,130,260,0,411,66,0,66,477
12/03/2006,HPN,NY,AEA,EN,Towers with Radar,14,151,147,0,312,0,0,221,0,221,14,151,368,0,533,98,0,98,631
12/04/2006,HPN,NY,AEA,EN,Towers with Radar,17,175,224,0,416,0,0,69,0,69,17,175,293,0,485,16,0,16,501
12/05/2006,HPN,NY,AEA,EN,Towers with Radar,22,214,237,0,473,0,0,98,0,98,22,214,335,0,571,52,0,52,623
12/06/2006,HPN,NY,AEA,EN,Towers with Radar,26,212,253,0,491,0,0,113,0,113,26,212,366,0,604,10,0,10,614
12/07/2006,HPN,NY,AEA,EN,Towers with Radar,23,237,245,0,505,0,0,104,0,104,23,237,349,0,609,28,0,28,637
12/08/2006,HPN,NY,AEA,EN,Towers with Radar,22,197,210,0,429,0,0,70,0,70,22,197,280,0,499,0,0,0,499
12/09/2006,HPN,NY,AEA,EN,Towers with Radar,19,95,108,0,222,0,0,161,0,161,19,95,269,0,383,188,0,188,571
12/10/2006,HPN,NY,AEA,EN,Towers with Radar,17,156,152,0,325,0,0,193,0,193,17,156,345,0,518,38,0,38,556
12/11/2006,HPN,NY,AEA,EN,Towers with Radar,24,186,190,0,400,0,0,109,0,109,24,186,299,0,509,74,0,74,583
12/12/2006,HPN,NY,AEA,EN,Towers with Radar,21,186,223,0,430,0,0,107,0,107,21,186,330,0,537,64,0,64,601
12/13/2006,HPN,NY,AEA,EN,Towers with Radar,21,160,201,0,382,0,0,27,0,27,21,160,228,0,409,0,0,0,409
12/14/2006,HPN,NY,AEA,EN,Towers with Radar,21,149,0,0,170,0,0,263,0,263,21,149,263,0,433,78,0,78,511
12/15/2006,HPN,NY,AEA,EN,Towers with Radar,14,156,228,0,398,0,0,39,0,39,14,156,267,0,437,0,0,0,437
12/16/2006,HPN,NY,AEA,EN,Towers with Radar,17,124,141,0,282,0,0,153,0,153,17,124,294,0,435,58,0,58,493
12/17/2006,HPN,NY,AEA,EN,Towers with Radar,22,139,147,0,308,0,0,184,0,184,22,139,331,0,492,36,0,36,528
12/18/2006,HPN,NY,AEA,EN,Towers with Radar,31,180,149,0,360,0,0,108,0,108,31,180,257,0,468,26,0,26,494
12/19/2006,HPN,NY,AEA,EN,Towers with Radar,23,200,202,0,425,0,0,157,0,157,23,200,359,0,582,64,0,64,646
12/20/2006,HPN,NY,AEA,EN,Towers with Radar,22,231,179,0,432,0,0,150,0,150,22,231,329,0,582,114,0,114,696
12/21/2006,HPN,NY,AEA,EN,Towers with Radar,23,198,198,2,421,0,0,140,0,140,23,198,338,2,561,166,0,166,727
12/22/2006,HPN,NY,AEA,EN,Towers with Radar,25,242,179,0,446,0,0,64,0,64,25,242,243,0,510,76,0,76,586
12/23/2006,HPN,NY,AEA,EN,Towers with Radar,24,139,128,0,291,0,0,32,0,32,24,139,160,0,323,0,0,0,323
12/24/2006,HPN,NY,AEA,EN,Towers with Radar,24,88,42,0,154,0,0,78,0,78,24,88,120,0,232,78,0,78,310
12/25/2006,HPN,NY,AEA,EN,Towers with Radar,24,147,74,0,245,0,0,45,0,45,24,147,119,0,290,0,0,0,290
12/26/2006,HPN,NY,AEA,EN,Towers with Radar,20,195,255,0,470,0,0,45,0,45,20,195,300,0,515,0,0,0,515
12/27/2006,HPN,NY,AEA,EN,Towers with Radar,20,200,137,0,357,0,0,74,0,74,20,200,211,0,431,6,0,6,437
12/28/2006,HPN,NY,AEA,EN,Towers with Radar,21,157,137,0,315,0,0,95,0,95,21,157,232,0,410,82,0,82,492
12/29/2006,HPN,NY,AEA,EN,Towers with Radar,24,142,119,0,285,0,0,121,0,121,24,142,240,0,406,44,0,44,450
12/30/2006,HPN,NY,AEA,EN,Towers with Radar,21,88,84,0,193,0,0,90,0,90,21,88,174,0,283,94,0,94,377
12/31/2006,HPN,NY,AEA,EN,Towers with Radar,20,138,87,0,245,0,0,115,0,115,20,138,202,0,360,32,0,32,392
01/01/2007,HPN,NY,AEA,EN,Towers with Radar,19,137,124,0,280,0,0,0,0,0,19,137,124,0,280,0,0,0,280
01/02/2007,HPN,NY,AEA,EN,Towers with Radar,21,245,259,0,525,0,0,70,0,70,21,245,329,0,595,34,0,34,629
01/03/2007,HPN,NY,AEA,EN,Towers with Radar,21,229,215,0,465,0,0,122,0,122,21,229,337,0,587,54,0,54,641
01/04/2007,HPN,NY,AEA,EN,Towers with Radar,29,164,159,0,352,0,0,120,0,120,29,164,279,0,472,62,0,62,534
01/05/2007,HPN,NY,AEA,EN,Towers with Radar,18,105,130,0,253,0,0,14,0,14,18,105,144,0,267,0,0,0,267
01/06/2007,HPN,NY,AEA,EN,Towers with Radar,23,107,96,0,226,0,0,49,0,49,23,107,145,0,275,20,0,20,295
01/07/2007,HPN,NY,AEA,EN,Towers with Radar,22,133,166,0,321,0,0,188,0,188,22,133,354,0,509,94,0,94,603
01/08/2007,HPN,NY,AEA,EN,Towers with Radar,24,132,105,0,261,0,0,12,0,12,24,132,117,0,273,4,0,4,277
01/09/2007,HPN,NY,AEA,EN,Towers with Radar,21,167,134,0,322,0,0,108,0,108,21,167,242,0,430,28,0,28,458
01/10/2007,HPN,NY,AEA,EN,Towers with Radar,22,175,139,0,336,0,0,61,0,61,22,175,200,0,397,0,0,0,397
01/11/2007,HPN,NY,AEA,EN,Towers with Radar,25,217,185,0,427,0,0,125,0,125,25,217,310,0,552,86,0,86,638
01/12/2007,HPN,NY,AEA,EN,Towers with Radar,57,241,181,0,479,0,0,97,0,97,57,241,278,0,576,52,0,52,628
01/13/2007,HPN,NY,AEA,EN,Towers with Radar,21,78,114,0,213,0,0,21,0,21,21,78,135,0,234,36,0,36,270
01/14/2007,HPN,NY,AEA,EN,Towers with Radar,12,58,49,0,119,0,0,0,0,0,12,58,49,0,119,0,0,0,119
01/15/2007,HPN,NY,AEA,EN,Towers with Radar,15,90,83,0,188,0,0,0,0,0,15,90,83,0,188,0,0,0,188
01/16/2007,HPN,NY,AEA,EN,Towers with Radar,22,158,156,0,336,0,0,82,0,82,22,158,238,0,418,0,0,0,418
01/17/2007,HPN,NY,AEA,EN,Towers with Radar,21,186,143,0,350,0,0,82,0,82,21,186,225,0,432,32,0,32,464
01/18/2007,HPN,NY,AEA,EN,Towers with Radar,28,157,186,0,371,0,0,81,0,81,28,157,267,0,452,4,0,4,456
01/19/2007,HPN,NY,AEA,EN,Towers with Radar,25,193,184,0,402,0,0,33,0,33,25,193,217,0,435,0,0,0,435
01/20/2007,HPN,NY,AEA,EN,Towers with Radar,17,111,73,0,201,0,0,21,0,21,17,111,94,0,222,0,0,0,222
01/21/2007,HPN,NY,AEA,EN,Towers with Radar,16,143,152,0,311,0,0,151,0,151,16,143,303,0,462,72,0,72,534
01/22/2007,HPN,NY,AEA,EN,Towers with Radar,26,153,107,0,286,0,0,36,0,36,26,153,143,0,322,42,0,42,364
01/23/2007,HPN,NY,AEA,EN,Towers with Radar,21,167,143,0,331,0,0,105,0,105,21,167,248,0,436,68,0,68,504
01/24/2007,HPN,NY,AEA,EN,Towers with Radar,29,179,158,0,366,0,0,131,0,131,29,179,289,0,497,60,0,60,557
01/25/2007,HPN,NY,AEA,EN,Towers with Radar,28,174,160,0,362,0,0,55,0,55,28,174,215,0,417,76,0,76,493
01/26/2007,HPN,NY,AEA,EN,Towers with Radar,24,197,172,0,393,0,0,48,0,48,24,197,220,0,441,4,0,4,445
01/27/2007,HPN,NY,AEA,EN,Towers with Radar,18,93,86,0,197,0,0,107,0,107,18,93,193,0,304,152,0,152,456
01/28/2007,HPN,NY,AEA,EN,Towers with Radar,27,139,164,0,330,0,0,158,0,158,27,139,322,0,488,90,0,90,578
01/29/2007,HPN,NY,AEA,EN,Towers with Radar,25,161,178,0,364,0,0,83,0,83,25,161,261,0,447,20,0,20,467
01/30/2007,HPN,NY,AEA,EN,Towers with Radar,25,180,151,0,356,0,0,108,0,108,25,180,259,0,464,32,0,32,496
01/31/2007,HPN,NY,AEA,EN,Towers with Radar,25,181,173,0,379,0,0,51,0,51,25,181,224,0,430,18,0,18,448
02/01/2007,HPN,NY,AEA,EN,Towers with Radar,22,192,226,0,440,0,0,90,0,90,22,192,316,0,530,42,0,42,572
02/02/2007,HPN,NY,AEA,EN,Towers with Radar,26,202,152,0,380,0,0,4,0,4,26,202,156,0,384,12,0,12,396
02/03/2007,HPN,NY,AEA,EN,Towers with Radar,21,105,96,0,222,0,0,89,0,89,21,105,185,0,311,28,0,28,339
02/04/2007,HPN,NY,AEA,EN,Towers with Radar,31,136,106,0,273,0,0,86,0,86,31,136,192,0,359,38,0,38,397
02/05/2007,HPN,NY,AEA,EN,Towers with Radar,34,140,189,0,363,0,0,101,0,101,34,140,290,0,464,0,0,0,464
02/06/2007,HPN,NY,AEA,EN,Towers with Radar,24,176,160,0,360,0,0,63,0,63,24,176,223,0,423,0,0,0,423
02/07/2007,HPN,NY,AEA,EN,Towers with Radar,26,166,180,0,372,0,0,80,0,80,26,166,260,0,452,24,0,24,476
02/08/2007,HPN,NY,AEA,EN,Towers with Radar,37,205,164,0,406,0,0,84,0,84,37,205,248,0,490,0,0,0,490
02/09/2007,HPN,NY,AEA,EN,Towers with Radar,43,197,192,0,432,0,0,98,0,98,43,197,290,0,530,0,0,0,530
02/10/2007,HPN,NY,AEA,EN,Towers with Radar,31,122,92,0,245,0,0,100,0,100,31,122,192,0,345,56,0,56,401
02/11/2007,HPN,NY,AEA,EN,Towers with Radar,33,164,156,0,353,0,0,144,0,144,33,164,300,0,497,146,0,146,643
02/12/2007,HPN,NY,AEA,EN,Towers with Radar,31,173,137,0,341,0,0,88,0,88,31,173,225,0,429,8,0,8,437
02/13/2007,HPN,NY,AEA,EN,Towers with Radar,24,151,171,0,346,0,0,75,0,75,24,151,246,0,421,14,0,14,435
02/14/2007,HPN,NY,AEA,EN,Towers with Radar,5,58,56,0,119,0,0,0,0,0,5,58,56,0,119,0,0,0,119
02/15/2007,HPN,NY,AEA,EN,Towers with Radar,28,278,291,0,597,0,0,31,0,31,28,278,322,0,628,0,0,0,628
02/16/2007,HPN,NY,AEA,EN,Towers with Radar,28,266,299,0,593,0,0,84,0,84,28,266,383,0,677,0,0,0,677
02/17/2007,HPN,NY,AEA,EN,Towers with Radar,27,170,141,0,338,0,0,110,0,110,27,170,251,0,448,26,0,26,474
02/18/2007,HPN,NY,AEA,EN,Towers with Radar,0,0,0,0,0,25,136,138,0,299,25,136,138,0,299,30,0,30,329
02/19/2007,HPN,NY,AEA,EN,Towers with Radar,50,228,182,0,460,0,0,65,0,65,50,228,247,0,525,0,0,0,525
02/20/2007,HPN,NY,AEA,EN,Towers with Radar,34,223,198,0,455,0,0,79,0,79,34,223,277,0,534,28,0,28,562
02/21/2007,HPN,NY,AEA,EN,Towers with Radar,29,192,167,0,388,0,0,106,0,106,29,192,273,0,494,76,0,76,570
02/22/2007,HPN,NY,AEA,EN,Towers with Radar,34,170,178,0,382,0,0,32,0,32,34,170,210,0,414,0,0,0,414
02/23/2007,HPN,NY,AEA,EN,Towers with Radar,30,204,172,0,406,0,0,45,0,45,30,204,217,0,451,0,0,0,451
02/24/2007,HPN,NY,AEA,EN,Towers with Radar,29,155,123,0,307,0,0,147,0,147,29,155,270,0,454,72,0,72,526
02/25/2007,HPN,NY,AEA,EN,Towers with Radar,29,176,195,0,400,0,0,161,0,161,29,176,356,0,561,144,0,144,705
02/26/2007,HPN,NY,AEA,EN,Towers with Radar,34,184,161,0,379,0,0,0,0,0,34,184,161,0,379,0,0,0,379
02/27/2007,HPN,NY,AEA,EN,Towers with Radar,31,199,201,2,433,0,0,30,0,30,31,199,231,2,463,52,0,52,515
02/28/2007,HPN,NY,AEA,EN,Towers with Radar,29,199,173,0,401,0,0,120,0,120,29,199,293,0,521,80,0,80,601
03/01/2007,HPN,NY,AEA,EN,Towers with Radar,28,187,166,0,381,0,0,110,0,110,28,187,276,0,491,34,0,34,525
03/02/2007,HPN,NY,AEA,EN,Towers with Radar,33,178,159,0,370,0,0,43,0,43,33,178,202,0,413,0,0,0,413
03/03/2007,HPN,NY,AEA,EN,Towers with Radar,26,120,105,0,251,0,0,0,0,0,26,120,105,0,251,154,0,154,405
03/04/2007,HPN,NY,AEA,EN,Towers with Radar,30,164,162,0,356,0,0,119,0,119,30,164,281,0,475,18,0,18,493
03/05/2007,HPN,NY,AEA,EN,Towers with Radar,33,208,182,0,423,0,0,58,0,58,33,208,240,0,481,20,0,20,501
03/06/2007,HPN,NY,AEA,EN,Towers with Radar,35,156,142,2,335,0,0,61,0,61,35,156,203,2,396,0,0,0,396
03/07/2007,HPN,NY,AEA,EN,Towers with Radar,36,214,174,0,424,0,0,0,0,0,36,214,174,0,424,22,0,22,446
03/08/2007,HPN,NY,AEA,EN,Towers with Radar,34,214,176,0,424,0,0,81,0,81,34,214,257,0,505,50,0,50,555
03/09/2007,HPN,NY,AEA,EN,Towers with Radar,36,223,246,0,505,0,0,143,0,143,36,223,389,0,648,0,0,0,648
03/10/2007,HPN,NY,AEA,EN,Towers with Radar,35,141,141,0,317,0,0,50,0,50,35,141,191,0,367,94,0,94,461
03/11/2007,HPN,NY,AEA,EN,Towers with Radar,30,135,162,0,327,0,0,142,0,142,30,135,304,0,469,128,0,128,597
03/12/2007,HPN,NY,AEA,EN,Towers with Radar,32,150,166,0,348,0,0,0,0,0,32,150,166,0,348,104,0,104,452
03/13/2007,HPN,NY,AEA,EN,Towers with Radar,0,0,0,0,0,28,190,250,0,468,28,190,250,0,468,18,0,18,486
03/14/2007,HPN,NY,AEA,EN,Towers with Radar,36,190,169,0,395,0,0,68,0,68,36,190,237,0,463,186,0,186,649
03/15/2007,HPN,NY,AEA,EN,Towers with Radar,32,214,200,0,446,0,0,35,0,35,32,214,235,0,481,14,0,14,495
03/16/2007,HPN,NY,AEA,EN,Towers with Radar,8,52,41,0,101,0,0,0,0,0,8,52,41,0,101,0,0,0,101
03/17/2007,HPN,NY,AEA,EN,Towers with Radar,20,112,133,0,265,0,0,14,0,14,20,112,147,0,279,0,0,0,279
03/18/2007,HPN,NY,AEA,EN,Towers with Radar,27,191,146,0,364,0,0,68,0,68,27,191,214,0,432,0,0,0,432
03/19/2007,HPN,NY,AEA,EN,Towers with Radar,31,172,159,0,362,0,0,52,0,52,31,172,211,0,414,6,0,6,420
03/20/2007,HPN,NY,AEA,EN,Towers with Radar,24,172,186,0,382,0,0,196,0,196,24,172,382,0,578,30,0,30,608
03/21/2007,HPN,NY,AEA,EN,Towers with Radar,25,182,148,2,357,0,0,110,0,110,25,182,258,2,467,54,0,54,521
03/22/2007,HPN,NY,AEA,EN,Towers with Radar,0,0,0,0,0,30,190,219,0,439,30,190,219,0,439,22,0,22,461
03/23/2007,HPN,NY,AEA,EN,Towers with Radar,35,225,184,0,444,0,0,0,0,0,35,225,184,0,444,32,0,32,476
03/24/2007,HPN,NY,AEA,EN,Towers with Radar,39,129,130,0,298,0,0,151,0,151,39,129,281,0,449,0,0,0,449
03/25/2007,HPN,NY,AEA,EN,Towers with Radar,31,177,239,0,447,0,0,121,0,121,31,177,360,0,568,128,0,128,696
03/26/2007,HPN,NY,AEA,EN,Towers with Radar,37,211,193,0,441,0,0,60,0,60,37,211,253,0,501,18,0,18,519
03/27/2007,HPN,NY,AEA,EN,Towers with Radar,30,159,272,0,461,0,0,0,0,0,30,159,272,0,461,46,0,46,507
03/28/2007,HPN,NY,AEA,EN,Towers with Radar,34,186,180,0,400,0,0,108,0,108,34,186,288,0,508,18,0,18,526
03/29/2007,HPN,NY,AEA,EN,Towers with Radar,33,191,194,1,419,0,0,86,0,86,33,191,280,1,505,56,0,56,561
03/30/2007,HPN,NY,AEA,EN,Towers with Radar,33,205,229,0,467,0,0,187,0,187,33,205,416,0,654,28,0,28,682
03/31/2007,HPN,NY,AEA,EN,Towers with Radar,28,144,146,0,318,0,0,215,0,215,28,144,361,0,533,132,0,132,665
04/01/2007,HPN,NY,AEA,EN,Towers with Radar,33,190,170,0,393,0,0,68,0,68,33,190,238,0,461,64,0,64,525
04/02/2007,HPN,NY,AEA,EN,Towers with Radar,43,176,136,0,355,0,0,0,0,0,43,176,136,0,355,0,0,0,355
04/03/2007,HPN,NY,AEA,EN,Towers with Radar,33,177,259,0,469,0,0,0,0,0,33,177,259,0,469,38,0,38,507
04/04/2007,HPN,NY,AEA,EN,Towers with Radar,37,192,161,0,390,0,0,0,0,0,37,192,161,0,390,0,0,0,390
04/05/2007,HPN,NY,AEA,EN,Towers with Radar,38,234,266,0,538,0,0,47,0,47,38,234,313,0,585,0,0,0,585
04/06/2007,HPN,NY,AEA,EN,Towers with Radar,26,166,157,0,349,0,0,146,0,146,26,166,303,0,495,142,0,142,637
04/07/2007,HPN,NY,AEA,EN,Towers with Radar,0,0,0,0,0,40,102,252,0,394,40,102,252,0,394,134,0,134,528
04/08/2007,HPN,NY,AEA,EN,Towers with Radar,36,197,156,0,389,0,0,80,0,80,36,197,236,0,469,22,0,22,491
04/09/2007,HPN,NY,AEA,EN,Towers with Radar,38,237,214,0,489,0,0,107,0,107,38,237,321,0,596,30,0,30,626
04/10/2007,HPN,NY,AEA,EN,Towers with Radar,38,193,174,0,405,0,0,131,0,131,38,193,305,0,536,62,0,62,598
04/11/2007,HPN,NY,AEA,EN,Towers with Radar,35,179,209,0,423,0,0,133,0,133,35,179,342,0,556,48,0,48,604
04/12/2007,HPN,NY,AEA,EN,Towers with Radar,32,194,172,0,398,0,0,3,0,3,32,194,175,0,401,0,0,0,401
04/13/2007,HPN,NY,AEA,EN,Towers with Radar,44,221,180,0,445,0,0,84,0,84,44,221,264,0,529,22,0,22,551
04/14/2007,HPN,NY,AEA,EN,Towers with Radar,32,150,163,0,345,0,0,194,0,194,32,150,357,0,539,136,0,136,675
04/15/2007,HPN,NY,AEA,EN,Towers with Radar,33,94,80,0,207,0,0,1,0,1,33,94,81,0,208,0,0,0,208
04/16/2007,HPN,NY,AEA,EN,Towers with Radar,65,209,209,0,483,0,0,17,0,17,65,209,226,0,500,0,0,0,500
04/17/2007,HPN,NY,AEA,EN,Towers with Radar,45,316,252,0,613,0,0,62,0,62,45,316,314,0,675,0,0,0,675
04/18/2007,HPN,NY,AEA,EN,Towers with Radar,39,301,243,0,583,0,0,89,0,89,39,301,332,0,672,6,0,6,678
04/19/2007,HPN,NY,AEA,EN,Towers with Radar,41,219,200,0,460,0,0,111,0,111,41,219,311,0,571,32,0,32,603
04/20/2007,HPN,NY,AEA,EN,Towers with Radar,33,223,183,0,439,0,0,0,0,0,33,223,183,0,439,197,0,197,636
04/21/2007,HPN,NY,AEA,EN,Towers with Radar,32,113,124,0,269,0,0,243,0,243,32,113,367,0,512,68,0,68,580
04/22/2007,HPN,NY,AEA,EN,Towers with Radar,35,155,206,0,396,0,0,220,0,220,35,155,426,0,616,98,0,98,714
04/23/2007,HPN,NY,AEA,EN,Towers with Radar,35,182,158,0,375,0,0,117,0,117,35,182,275,0,492,18,0,18,510
04/24/2007,HPN,NY,AEA,EN,Towers with Radar,35,280,317,0,632,0,0,70,0,70,35,280,387,0,702,44,2,46,748
04/25/2007,HPN,NY,AEA,EN,Towers with Radar,35,222,228,0,485,0,0,138,0,138,35,222,366,0,623,12,0,12,635
04/26/2007,HPN,NY,AEA,EN,Towers with Radar,33,232,235,0,500,0,0,164,0,164,33,232,399,0,664,0,0,0,664
04/27/2007,HPN,NY,AEA,EN,Towers with Radar,29,204,203,0,436,0,0,2,0,2,29,204,205,0,438,0,0,0,438
04/28/2007,HPN,NY,AEA,EN,Towers with Radar,27,114,134,0,275,0,0,93,0,93,27,114,227,0,368,100,0,100,468
04/29/2007,HPN,NY,AEA,EN,Towers with Radar,39,177,220,0,436,0,0,128,0,128,39,177,348,0,564,118,0,118,682
04/30/2007,HPN,NY,AEA,EN,Towers with Radar,36,194,175,0,405,0,0,65,0,65,36,194,240,0,470,52,0,52,522
05/01/2007,HPN,NY,AEA,EN,Towers with Radar,34,198,213,0,445,0,0,85,0,85,34,198,298,0,530,40,0,40,570
05/02/2007,HPN,NY,AEA,EN,Towers with Radar,37,219,222,0,478,0,0,81,0,81,37,219,303,0,559,12,0,12,571
05/03/2007,HPN,NY,AEA,EN,Towers with Radar,45,249,219,0,513,0,0,218,0,218,45,249,437,0,731,4,0,4,735
05/04/2007,HPN,NY,AEA,EN,Towers with Radar,36,213,189,0,438,0,0,211,0,211,36,213,400,0,649,26,0,26,675
05/05/2007,HPN,NY,AEA,EN,Towers with Radar,34,104,138,0,276,0,0,172,0,172,34,104,310,0,448,88,0,88,536
05/06/2007,HPN,NY,AEA,EN,Towers with Radar,35,146,174,0,355,0,0,157,0,157,35,146,331,0,512,22,0,22,534
05/07/2007,HPN,NY,AEA,EN,Towers with Radar,37,202,201,0,440,0,0,125,0,125,37,202,326,0,565,52,0,52,617
05/08/2007,HPN,NY,AEA,EN,Towers with Radar,38,177,226,0,441,0,0,135,0,135,38,177,361,0,576,18,0,18,594
05/09/2007,HPN,NY,AEA,EN,Towers with Radar,36,223,271,0,530,0,0,121,0,121,36,223,392,0,651,4,0,4,655
05/10/2007,HPN,NY,AEA,EN,Towers with Radar,30,248,248,0,526,0,0,52,0,52,30,248,300,0,578,0,0,0,578
05/11/2007,HPN,NY,AEA,EN,Towers with Radar,38,228,209,3,478,0,0,47,0,47,38,228,256,3,525,0,0,0,525
05/12/2007,HPN,NY,AEA,EN,Towers with Radar,31,135,141,0,307,0,0,162,0,162,31,135,303,0,469,98,0,98,567
05/13/2007,HPN,NY,AEA,EN,Towers with Radar,35,178,180,0,393,0,0,152,0,152,35,178,332,0,545,38,0,38,583
05/14/2007,HPN,NY,AEA,EN,Towers with Radar,34,233,217,0,484,0,0,136,0,136,34,233,353,0,620,8,0,8,628
05/15/2007,HPN,NY,AEA,EN,Towers with Radar,41,212,237,0,490,0,0,96,0,96,41,212,333,0,586,44,0,44,630
05/16/2007,HPN,NY,AEA,EN,Towers with Radar,44,172,194,0,410,0,0,53,0,53,44,172,247,0,463,12,0,12,475
05/17/2007,HPN,NY,AEA,EN,Towers with Radar,43,194,195,0,432,0,0,0,0,0,43,194,195,0,432,108,0,108,540
05/18/2007,HPN,NY,AEA,EN,Towers with Radar,47,227,213,0,487,0,0,56,0,56,47,227,269,0,543,16,0,16,559
05/19/2007,HPN,NY,AEA,EN,Towers with Radar,39,126,118,0,283,0,53,0,0,53,39,179,118,0,336,56,0,56,392
05/20/2007,HPN,NY,AEA,EN,Towers with Radar,34,177,225,0,436,0,0,108,0,108,34,177,333,0,544,132,0,132,676
05/21/2007,HPN,NY,AEA,EN,Towers with Radar,40,226,159,0,425,0,0,169,0,169,40,226,328,0,594,72,0,72,666
05/22/2007,HPN,NY,AEA,EN,Towers with Radar,41,212,196,0,449,0,0,189,0,189,41,212,385,0,638,80,0,80,718
05/23/2007,HPN,NY,AEA,EN,Towers with Radar,45,248,217,0,510,0,0,145,0,145,45,248,362,0,655,58,0,58,713
05/24/2007,HPN,NY,AEA,EN,Towers with Radar,40,252,213,2,507,0,0,230,0,230,40,252,443,2,737,60,0,60,797
05/25/2007,HPN,NY,AEA,EN,Towers with Radar,43,281,295,0,619,0,0,255,0,255,43,281,550,0,874,58,0,58,932
05/26/2007,HPN,NY,AEA,EN,Towers with Radar,36,109,118,0,263,0,0,165,0,165,36,109,283,0,428,54,0,54,482
05/27/2007,HPN,NY,AEA,EN,Towers with Radar,36,114,85,0,235,0,0,101,0,101,36,114,186,0,336,222,0,222,558
05/28/2007,HPN,NY,AEA,EN,Towers with Radar,40,234,221,0,495,0,0,214,0,214,40,234,435,0,709,60,0,60,769
05/29/2007,HPN,NY,AEA,EN,Towers with Radar,50,210,227,0,487,0,0,173,0,173,50,210,400,0,660,56,0,56,716
05/30/2007,HPN,NY,AEA,EN,Towers with Radar,43,198,195,0,436,0,0,176,0,176,43,198,371,0,612,132,0,132,744
05/31/2007,HPN,NY,AEA,EN,Towers with Radar,42,206,163,0,411,0,0,162,0,162,42,206,325,0,573,64,0,64,637
06/01/2007,HPN,NY,AEA,EN,Towers with Radar,34,197,198,0,429,0,0,171,0,171,34,197,369,0,600,18,0,18,618
06/02/2007,HPN,NY,AEA,EN,Towers with Radar,33,92,124,0,249,0,0,111,0,111,33,92,235,0,360,30,0,30,390
06/03/2007,HPN,NY,AEA,EN,Towers with Radar,35,183,189,0,407,0,0,103,0,103,35,183,292,0,510,128,0,128,638
06/04/2007,HPN,NY,AEA,EN,Towers with Radar,39,212,171,0,422,0,0,19,0,19,39,212,190,0,441,0,0,0,441
06/05/2007,HPN,NY,AEA,EN,Towers with Radar,37,148,171,0,356,0,0,87,0,87,37,148,258,0,443,26,0,26,469
06/06/2007,HPN,NY,AEA,EN,Towers with Radar,39,214,217,0,470,0,0,189,0,189,39,214,406,0,659,60,0,60,719
06/07/2007,HPN,NY,AEA,EN,Towers with Radar,35,226,225,0,486,0,0,187,0,187,35,226,412,0,673,68,0,68,741
06/08/2007,HPN,NY,AEA,EN,Towers with Radar,23,198,249,0,470,0,0,135,0,135,23,198,384,0,605,58,0,58,663
06/09/2007,HPN,NY,AEA,EN,Towers with Radar,24,123,157,0,304,0,0,77,0,77,24,123,234,0,381,144,0,144,525
06/10/2007,HPN,NY,AEA,EN,Towers with Radar,33,169,216,0,418,0,0,130,0,130,33,169,346,0,548,94,0,94,642
06/11/2007,HPN,NY,AEA,EN,Towers with Radar,39,165,204,0,408,0,0,0,0,0,39,165,204,0,408,38,0,38,446
06/12/2007,HPN,NY,AEA,EN,Towers with Radar,30,165,203,0,398,0,0,132,0,132,30,165,335,0,530,78,0,78,608
06/13/2007,HPN,NY,AEA,EN,Towers with Radar,36,194,236,1,467,0,0,89,0,89,36,194,325,1,556,60,0,60,616
06/14/2007,HPN,NY,AEA,EN,Towers with Radar,31,228,198,0,457,0,0,143,0,143,31,228,341,0,600,20,0,20,620
06/15/2007,HPN,NY,AEA,EN,Towers with Radar,40,218,223,0,481,0,0,232,0,232,40,218,455,0,713,116,0,116,829
06/16/2007,HPN,NY,AEA,EN,Towers with Radar,37,118,94,0,249,0,0,186,0,186,37,118,280,0,435,116,0,116,551
06/17/2007,HPN,NY,AEA,EN,Towers with Radar,33,195,147,0,375,0,0,255,0,255,33,195,402,0,630,112,0,112,742
06/18/2007,HPN,NY,AEA,EN,Towers with Radar,37,190,216,0,443,0,0,141,0,141,37,190,357,0,584,98,0,98,682
06/19/2007,HPN,NY,AEA,EN,Towers with Radar,30,163,157,0,350,0,0,171,0,171,30,163,328,0,521,76,0,76,597
06/20/2007,HPN,NY,AEA,EN,Towers with Radar,36,201,246,0,483,0,0,128,0,128,36,201,374,0,611,132,0,132,743
06/21/2007,HPN,NY,AEA,EN,Towers with Radar,39,238,174,0,451,0,0,248,0,248,39,238,422,0,699,58,0,58,757
06/22/2007,HPN,NY,AEA,EN,Towers with Radar,34,242,211,0,487,0,0,246,0,246,34,242,457,0,733,116,0,116,849
06/23/2007,HPN,NY,AEA,EN,Towers with Radar,33,121,104,0,258,0,0,207,0,207,33,121,311,0,465,36,0,36,501
06/24/2007,HPN,NY,AEA,EN,Towers with Radar,34,187,209,0,430,0,0,249,0,249,34,187,458,0,679,82,0,82,761
06/25/2007,HPN,NY,AEA,EN,Towers with Radar,36,193,199,0,428,0,0,144,0,144,36,193,343,0,572,22,0,22,594
06/26/2007,HPN,NY,AEA,EN,Towers with Radar,36,188,166,0,390,0,0,137,0,137,36,188,303,0,527,86,0,86,613
06/27/2007,HPN,NY,AEA,EN,Towers with Radar,29,151,178,1,359,0,0,102,0,102,29,151,280,1,461,80,0,80,541
06/28/2007,HPN,NY,AEA,EN,Towers with Radar,25,236,212,0,473,0,0,141,0,141,25,236,353,0,614,44,2,46,660
06/29/2007,HPN,NY,AEA,EN,Towers with Radar,53,260,214,4,531,0,0,308,0,308,53,260,522,4,839,18,0,18,857
06/30/2007,HPN,NY,AEA,EN,Towers with Radar,34,112,105,8,259,0,0,220,0,220,34,112,325,8,479,228,0,228,707
07/01/2007,HPN,NY,AEA,EN,Towers with Radar,38,159,178,2,377,0,0,220,0,220,38,159,398,2,597,116,0,116,713
07/02/2007,HPN,NY,AEA,EN,Towers with Radar,37,170,116,0,323,0,0,224,0,224,37,170,340,0,547,16,0,16,563
07/03/2007,HPN,NY,AEA,EN,Towers with Radar,33,163,122,0,318,0,0,305,0,305,33,163,427,0,623,138,0,138,761
07/04/2007,HPN,NY,AEA,EN,Towers with Radar,36,127,70,8,241,0,0,88,0,88,36,127,158,8,329,50,0,50,379
07/05/2007,HPN,NY,AEA,EN,Towers with Radar,35,151,152,0,338,0,0,32,0,32,35,151,184,0,370,80,0,80,450
07/06/2007,HPN,NY,AEA,EN,Towers with Radar,46,179,121,0,346,0,0,140,0,140,46,179,261,0,486,86,0,86,572
07/07/2007,HPN,NY,AEA,EN,Towers with Radar,40,130,124,0,294,0,0,176,0,176,40,130,300,0,470,84,0,84,554
07/08/2007,HPN,NY,AEA,EN,Towers with Radar,33,226,225,0,484,0,0,255,0,255,33,226,480,0,739,66,0,66,805
07/09/2007,HPN,NY,AEA,EN,Towers with Radar,36,198,215,0,449,2,0,156,0,158,38,198,371,0,607,34,0,34,641
07/10/2007,HPN,NY,AEA,EN,Towers with Radar,31,179,173,0,383,0,0,108,0,108,31,179,281,0,491,0,0,0,491
07/11/2007,HPN,NY,AEA,EN,Towers with Radar,34,202,224,0,460,0,0,38,0,38,34,202,262,0,498,34,0,34,532
07/12/2007,HPN,NY,AEA,EN,Towers with Radar,40,224,283,0,547,0,0,193,0,193,40,224,476,0,740,120,0,120,860
07/13/2007,HPN,NY,AEA,EN,Towers with Radar,41,241,175,0,457,0,0,307,0,307,41,241,482,0,764,36,0,36,800
07/14/2007,HPN,NY,AEA,EN,Towers with Radar,35,116,113,0,264,0,0,248,0,248,35,116,361,0,512,138,0,138,650
07/15/2007,HPN,NY,AEA,EN,Towers with Radar,34,174,179,0,387,0,0,201,0,201,34,174,380,0,588,48,0,48,636
07/16/2007,HPN,NY,AEA,EN,Towers with Radar,32,237,175,0,444,0,0,186,0,186,32,237,361,0,630,88,0,88,718
07/17/2007,HPN,NY,AEA,EN,Towers with Radar,37,196,174,0,407,0,0,145,0,145,37,196,319,0,552,10,0,10,562
07/18/2007,HPN,NY,AEA,EN,Towers with Radar,42,180,189,0,411,0,0,19,0,19,42,180,208,0,430,0,0,0,430
07/19/2007,HPN,NY,AEA,EN,Towers with Radar,34,201,212,0,447,0,0,41,0,41,34,201,253,0,488,0,0,0,488
07/20/2007,HPN,NY,AEA,EN,Towers with Radar,33,240,168,0,441,0,0,244,0,244,33,240,412,0,685,28,0,28,713
07/21/2007,HPN,NY,AEA,EN,Towers with Radar,31,147,121,0,299,0,0,219,0,219,31,147,340,0,518,70,0,70,588
07/22/2007,HPN,NY,AEA,EN,Towers with Radar,24,180,203,0,407,0,0,237,0,237,24,180,440,0,644,16,0,16,660
07/23/2007,HPN,NY,AEA,EN,Towers with Radar,41,219,195,0,455,0,0,19,0,19,41,219,214,0,474,0,0,0,474
07/24/2007,HPN,NY,AEA,EN,Towers with Radar,41,175,159,0,375,0,0,159,0,159,41,175,318,0,534,32,0,32,566
07/25/2007,HPN,NY,AEA,EN,Towers with Radar,44,199,213,0,456,0,0,171,0,171,44,199,384,0,627,74,0,74,701
07/26/2007,HPN,NY,AEA,EN,Towers with Radar,31,209,224,0,464,0,0,175,0,175,31,209,399,0,639,110,0,110,749
07/27/2007,HPN,NY,AEA,EN,Towers with Radar,0,0,0,0,0,36,176,366,0,578,36,176,366,0,578,62,0,62,640
07/28/2007,HPN,NY,AEA,EN,Towers with Radar,37,110,140,0,287,0,0,54,0,54,37,110,194,0,341,88,0,88,429
07/29/2007,HPN,NY,AEA,EN,Towers with Radar,29,168,212,0,409,0,0,4,0,4,29,168,216,0,413,0,0,0,413
07/30/2007,HPN,NY,AEA,EN,Towers with Radar,42,188,259,0,489,0,0,106,0,106,42,188,365,0,595,38,0,38,633
07/31/2007,HPN,NY,AEA,EN,Towers with Radar,0,0,0,0,0,53,201,455,0,709,53,201,455,0,709,144,0,144,853
08/01/2007,HPN,NY,AEA,EN,Towers with Radar,44,200,177,0,421,0,0,208,0,208,44,200,385,0,629,24,0,24,653
08/02/2007,HPN,NY,AEA,EN,Towers with Radar,36,204,162,0,402,0,0,266,0,266,36,204,428,0,668,132,0,132,800
08/03/2007,HPN,NY,AEA,EN,Towers with Radar,66,163,169,0,398,0,0,229,0,229,66,163,398,0,627,0,0,0,627
08/04/2007,HPN,NY,AEA,EN,Towers with Radar,41,98,115,0,254,0,0,163,0,163,41,98,278,0,417,22,0,22,439
08/05/2007,HPN,NY,AEA,EN,Towers with Radar,30,181,150,0,361,0,0,323,0,323,30,181,473,0,684,98,0,98,782
08/06/2007,HPN,NY,AEA,EN,Towers with Radar,29,203,177,0,409,0,0,62,0,62,29,203,239,0,471,0,0,0,471
08/07/2007,HPN,NY,AEA,EN,Towers with Radar,41,172,176,0,389,0,0,135,0,135,41,172,311,0,524,58,0,58,582
08/08/2007,HPN,NY,AEA,EN,Towers with Radar,39,220,197,0,456,0,0,109,0,109,39,220,306,0,565,26,0,26,591
08/09/2007,HPN,NY,AEA,EN,Towers with Radar,38,183,198,0,419,0,0,201,0,201,38,183,399,0,620,48,0,48,668
08/10/2007,HPN,NY,AEA,EN,Towers with Radar,0,0,0,0,0,37,252,224,0,513,37,252,224,0,513,0,0,0,513
08/11/2007,HPN,NY,AEA,EN,Towers with Radar,39,156,161,0,356,0,0,208,0,208,39,156,369,0,564,48,0,48,612
08/12/2007,HPN,NY,AEA,EN,Towers with Radar,35,183,158,0,376,0,0,271,0,271,35,183,429,0,647,118,0,118,765
08/13/2007,HPN,NY,AEA,EN,Towers with Radar,39,213,183,0,435,0,0,176,0,176,39,213,359,0,611,120,0,120,731
08/14/2007,HPN,NY,AEA,EN,Towers with Radar,37,204,242,0,483,0,0,170,0,170,37,204,412,0,653,48,0,48,701
08/15/2007,HPN,NY,AEA,EN,Towers with Radar,34,225,174,0,433,0,0,212,0,212,34,225,386,0,645,96,0,96,741
08/16/2007,HPN,NY,AEA,EN,Towers with Radar,40,197,200,0,437,0,0,148,0,148,40,197,348,0,585,58,0,58,643
08/17/2007,HPN,NY,AEA,EN,Towers with Radar,30,222,206,0,458,0,0,153,0,153,30,222,359,0,611,14,0,14,625
08/18/2007,HPN,NY,AEA,EN,Towers with Radar,31,155,118,0,304,0,0,172,0,172,31,155,290,0,476,80,0,80,556
08/19/2007,HPN,NY,AEA,EN,Towers with Radar,30,180,180,0,390,0,0,258,0,258,30,180,438,0,648,0,0,0,648
08/20/2007,HPN,NY,AEA,EN,Towers with Radar,35,216,208,4,463,0,0,136,0,136,35,216,344,4,599,20,0,20,619
08/21/2007,HPN,NY,AEA,EN,Towers with Radar,30,191,170,0,391,0,0,0,0,0,30,191,170,0,391,0,0,0,391
08/22/2007,HPN,NY,AEA,EN,Towers with Radar,28,204,216,0,448,0,0,78,0,78,28,204,294,0,526,36,0,36,562
08/23/2007,HPN,NY,AEA,EN,Towers with Radar,34,189,207,0,430,0,0,80,80,160,34,189,287,80,590,6,0,6,596
08/24/2007,HPN,NY,AEA,EN,Towers with Radar,36,205,179,0,420,0,0,173,0,173,36,205,352,0,593,40,0,40,633
08/25/2007,HPN,NY,AEA,EN,Towers with Radar,25,134,120,0,279,0,0,61,0,61,25,134,181,0,340,82,0,82,422
08/26/2007,HPN,NY,AEA,EN,Towers with Radar,28,194,178,0,400,0,0,204,0,204,28,194,382,0,604,24,0,24,628
08/27/2007,HPN,NY,AEA,EN,Towers with Radar,39,211,200,0,450,0,0,178,0,178,39,211,378,0,628,108,0,108,736
08/28/2007,HPN,NY,AEA,EN,Towers with Radar,34,206,157,0,397,0,0,195,0,195,34,206,352,0,592,116,0,116,708
08/29/2007,HPN,NY,AEA,EN,Towers with Radar,34,179,201,0,414,0,0,176,0,176,34,179,377,0,590,88,0,88,678
08/30/2007,HPN,NY,AEA,EN,Towers with Radar,35,197,235,0,467,0,0,198,0,198,35,197,433,0,665,116,0,116,781
08/31/2007,HPN,NY,AEA,EN,Towers with Radar,40,208,221,0,469,0,0,139,0,139,40,208,360,0,608,30,0,30,638
09/01/2007,HPN,NY,AEA,EN,Towers with Radar,28,109,76,0,213,0,0,230,0,230,28,109,306,0,443,80,0,80,523
09/02/2007,HPN,NY,AEA,EN,Towers with Radar,30,111,95,0,236,0,0,229,0,229,30,111,324,0,465,0,0,0,465
09/03/2007,HPN,NY,AEA,EN,Towers with Radar,35,197,225,0,457,0,0,205,0,205,35,197,430,0,662,66,0,66,728
09/04/2007,HPN,NY,AEA,EN,Towers with Radar,33,202,194,0,429,0,0,158,0,158,33,202,352,0,587,60,0,60,647
09/05/2007,HPN,NY,AEA,EN,Towers with Radar,32,176,184,0,392,0,0,167,0,167,32,176,351,0,559,94,0,94,653
09/06/2007,HPN,NY,AEA,EN,Towers with Radar,36,210,214,2,462,0,0,174,0,174,36,210,388,2,636,42,0,42,678
09/07/2007,HPN,NY,AEA,EN,Towers with Radar,32,187,232,0,451,0,0,172,0,172,32,187,404,0,623,14,0,14,637
09/08/2007,HPN,NY,AEA,EN,Towers with Radar,35,117,126,0,278,0,0,186,0,186,35,117,312,0,464,0,0,0,464
09/09/2007,HPN,NY,AEA,EN,Towers with Radar,26,154,205,0,385,0,0,161,60,221,26,154,366,60,606,0,0,0,606
09/10/2007,HPN,NY,AEA,EN,Towers with Radar,34,221,200,0,455,0,0,0,0,0,34,221,200,0,455,0,0,0,455
09/11/2007,HPN,NY,AEA,EN,Towers with Radar,27,211,187,0,425,0,0,2,0,2,27,211,189,0,427,0,0,0,427
09/12/2007,HPN,NY,AEA,EN,Towers with Radar,22,213,185,0,420,0,0,168,0,168,22,213,353,0,588,20,0,20,608
09/13/2007,HPN,NY,AEA,EN,Towers with Radar,37,199,193,0,429,0,0,215,0,215,37,199,408,0,644,44,0,44,688
09/14/2007,HPN,NY,AEA,EN,Towers with Radar,50,217,230,0,497,0,0,179,0,179,50,217,409,0,676,32,0,32,708
09/15/2007,HPN,NY,AEA,EN,Towers with Radar,27,103,134,0,264,0,0,75,0,75,27,103,209,0,339,0,0,0,339
09/16/2007,HPN,NY,AEA,EN,Towers with Radar,25,184,189,0,398,0,0,293,0,293,25,184,482,0,691,30,0,30,721
09/17/2007,HPN,NY,AEA,EN,Towers with Radar,34,213,211,0,458,0,0,132,0,132,34,213,343,0,590,150,0,150,740
09/18/2007,HPN,NY,AEA,EN,Towers with Radar,28,212,260,0,500,0,0,132,0,132,28,212,392,0,632,78,0,78,710
09/19/2007,HPN,NY,AEA,EN,Towers with Radar,26,183,214,0,423,0,0,172,0,172,26,183,386,0,595,24,0,24,619
09/20/2007,HPN,NY,AEA,EN,Towers with Radar,38,206,203,0,447,0,0,153,0,153,38,206,356,0,600,128,0,128,728
09/21/2007,HPN,NY,AEA,EN,Towers with Radar,35,212,226,0,473,0,0,209,0,209,35,212,435,0,682,0,0,0,682
09/22/2007,HPN,NY,AEA,EN,Towers with Radar,24,87,104,0,215,0,0,6,0,6,24,87,110,0,221,0,0,0,221
09/23/2007,HPN,NY,AEA,EN,Towers with Radar,33,183,228,0,444,0,0,214,0,214,33,183,442,0,658,108,0,108,766
09/24/2007,HPN,NY,AEA,EN,Towers with Radar,42,182,185,0,409,0,0,106,0,106,42,182,291,0,515,0,0,0,515
09/25/2007,HPN,NY,AEA,EN,Towers with Radar,30,204,227,0,461,0,0,138,0,138,30,204,365,0,599,0,0,0,599
09/26/2007,HPN,NY,AEA,EN,Towers with Radar,30,184,207,0,421,0,0,116,0,116,30,184,323,0,537,0,0,0,537
09/27/2007,HPN,NY,AEA,EN,Towers with Radar,30,236,189,0,455,0,0,53,0,53,30,236,242,0,508,2,0,2,510
09/28/2007,HPN,NY,AEA,EN,Towers with Radar,60,200,170,0,430,0,0,125,0,125,60,200,295,0,555,51,0,51,606
09/29/2007,HPN,NY,AEA,EN,Towers with Radar,30,107,91,0,228,0,0,179,0,179,30,107,270,0,407,90,0,90,497
09/30/2007,HPN,NY,AEA,EN,Towers with Radar,31,170,201,0,402,0,0,232,0,232,31,170,433,0,634,26,0,26,660
10/01/2007,HPN,NY,AEA,EN,Towers with Radar,34,197,167,0,398,0,0,95,0,95,34,197,262,0,493,39,0,39,533
10/02/2007,HPN,NY,AEA,EN,Towers with Radar,26,163,161,0,350,0,0,91,0,91,26,163,252,0,441,0,0,0,441
10/03/2007,HPN,NY,AEA,EN,Towers with Radar,24,178,181,0,383,0,0,17,0,17,24,178,198,0,400,14,0,14,414
10/04/2007,HPN,NY,AEA,EN,Towers with Radar,33,244,208,2,487,0,0,125,0,125,33,244,333,2,612,6,0,6,618
10/05/2007,HPN,NY,AEA,EN,Towers with Radar,35,246,225,0,506,0,0,129,0,129,35,246,354,0,635,0,0,0,635
10/06/2007,HPN,NY,AEA,EN,Towers with Radar,32,120,124,0,276,0,0,112,0,112,32,120,236,0,388,0,0,0,388
10/07/2007,HPN,NY,AEA,EN,Towers with Radar,34,153,160,0,347,0,0,168,0,168,34,153,328,0,515,76,0,76,591
10/08/2007,HPN,NY,AEA,EN,Towers with Radar,40,263,243,0,546,0,0,156,0,156,40,263,399,0,702,8,0,8,710
10/09/2007,HPN,NY,AEA,EN,Towers with Radar,21,192,204,0,417,0,0,65,0,65,21,192,269,0,482,0,0,0,482
10/10/2007,HPN,NY,AEA,EN,Towers with Radar,27,204,181,0,412,0,0,0,0,0,27,204,181,0,412,0,0,0,412
10/11/2007,HPN,NY,AEA,EN,Towers with Radar,35,204,240,0,479,0,0,1,0,1,35,204,241,0,480,0,0,0,480
10/12/2007,HPN,NY,AEA,EN,Towers with Radar,37,208,237,0,482,0,0,77,0,77,37,208,314,0,559,0,0,0,559
10/13/2007,HPN,NY,AEA,EN,Towers with Radar,34,128,154,0,316,0,0,188,0,188,34,128,342,0,504,130,0,130,634
10/14/2007,HPN,NY,AEA,EN,Towers with Radar,36,181,164,0,381,0,0,167,0,167,36,181,331,0,548,106,0,106,654
10/15/2007,HPN,NY,AEA,EN,Towers with Radar,34,174,186,0,394,0,0,100,0,100,34,174,286,0,494,132,0,132,626
10/16/2007,HPN,NY,AEA,EN,Towers with Radar,32,211,189,0,432,0,0,147,0,147,32,211,336,0,579,74,0,74,653
10/17/2007,HPN,NY,AEA,EN,Towers with Radar,28,182,183,0,393,0,0,91,0,91,28,182,274,0,484,62,0,62,546
10/18/2007,HPN,NY,AEA,EN,Towers with Radar,36,196,215,0,447,0,0,93,0,93,36,196,308,0,540,24,0,24,564
10/19/2007,HPN,NY,AEA,EN,Towers with Radar,43,178,200,0,421,0,0,0,0,0,43,178,200,0,421,0,0,0,421
10/20/2007,HPN,NY,AEA,EN,Towers with Radar,33,115,123,0,271,0,0,151,0,151,33,115,274,0,422,104,0,104,526
10/21/2007,HPN,NY,AEA,EN,Towers with Radar,43,161,184,0,388,0,0,266,0,266,43,161,450,0,654,42,0,42,697
10/22/2007,HPN,NY,AEA,EN,Towers with Radar,46,178,173,0,397,0,0,189,0,189,46,178,362,0,586,36,0,36,622
10/23/2007,HPN,NY,AEA,EN,Towers with Radar,37,170,156,0,363,0,0,73,0,73,37,170,229,0,436,0,0,0,436
10/24/2007,HPN,NY,AEA,EN,Towers with Radar,26,206,207,0,439,0,0,47,0,47,26,206,254,0,486,6,0,6,492
10/25/2007,HPN,NY,AEA,EN,Towers with Radar,37,212,191,0,440,0,0,115,0,115,37,212,306,0,555,0,0,0,555
10/26/2007,HPN,NY,AEA,EN,Towers with Radar,35,213,199,0,447,0,0,46,0,46,35,213,245,0,493,0,0,0,493
10/27/2007,HPN,NY,AEA,EN,Towers with Radar,29,115,85,0,229,0,0,14,0,14,29,115,99,0,243,0,0,0,243
10/28/2007,HPN,NY,AEA,EN,Towers with Radar,31,172,187,0,390,0,0,160,0,160,31,172,347,0,550,26,0,26,576
10/29/2007,HPN,NY,AEA,EN,Towers with Radar,39,173,148,0,360,0,0,135,0,135,39,173,283,0,495,24,0,24,519
10/30/2007,HPN,NY,AEA,EN,Towers with Radar,32,182,208,0,422,0,0,123,0,123,32,182,331,0,545,28,0,28,573
10/31/2007,HPN,NY,AEA,EN,Towers with Radar,25,208,190,0,423,0,0,120,0,120,25,208,310,0,543,68,0,68,611
11/01/2007,HPN,NY,AEA,EN,Towers with Radar,38,216,206,0,460,0,0,129,0,129,38,216,335,0,589,0,0,0,589
11/02/2007,HPN,NY,AEA,EN,Towers with Radar,49,219,197,0,465,0,0,169,0,169,49,219,366,0,634,0,0,0,634
11/03/2007,HPN,NY,AEA,EN,Towers with Radar,33,100,68,0,201,0,0,26,0,26,33,100,94,0,227,6,0,6,233
11/04/2007,HPN,NY,AEA,EN,Towers with Radar,44,214,407,0,665,0,0,0,0,0,44,214,407,0,665,70,0,70,735
11/05/2007,HPN,NY,AEA,EN,Towers with Radar,43,173,159,0,375,0,0,133,0,133,43,173,292,0,508,112,0,112,620
11/06/2007,HPN,NY,AEA,EN,Towers with Radar,34,208,155,0,397,0,0,63,0,63,34,208,218,0,460,0,0,0,460
11/07/2007,HPN,NY,AEA,EN,Towers with Radar,38,216,189,0,443,0,0,135,0,135,38,216,324,0,578,8,0,8,586
11/08/2007,HPN,NY,AEA,EN,Towers with Radar,43,230,203,0,476,0,0,163,0,163,43,230,366,0,639,22,0,22,661
11/09/2007,HPN,NY,AEA,EN,Towers with Radar,41,201,219,0,461,0,0,93,0,93,41,201,312,0,554,36,0,36,590
11/10/2007,HPN,NY,AEA,EN,Towers with Radar,38,101,107,0,246,0,0,97,0,97,38,101,204,0,343,30,0,30,373
11/11/2007,HPN,NY,AEA,EN,Towers with Radar,39,163,180,0,382,0,0,238,0,238,39,163,418,0,620,70,0,70,690
11/12/2007,HPN,NY,AEA,EN,Towers with Radar,42,168,164,0,374,0,0,125,0,125,42,168,289,0,499,0,0,0,499
11/13/2007,HPN,NY,AEA,EN,Towers with Radar,33,175,172,0,380,0,0,53,0,53,33,175,225,0,433,48,0,48,481
11/14/2007,HPN,NY,AEA,EN,Towers with Radar,38,194,212,0,444,0,0,63,0,63,38,194,275,0,507,32,0,32,539
11/15/2007,HPN,NY,AEA,EN,Towers with Radar,42,227,233,0,502,0,0,0,0,0,42,227,233,0,502,0,0,0,502
11/16/2007,HPN,NY,AEA,EN,Towers with Radar,37,241,236,9,523,0,0,147,0,147,37,241,383,9,670,18,0,18,688
11/17/2007,HPN,NY,AEA,EN,Towers with Radar,37,124,127,0,288,0,0,242,0,242,37,124,369,0,530,64,0,64,594
11/18/2007,HPN,NY,AEA,EN,Towers with Radar,36,116,151,0,303,0,0,96,0,96,36,116,247,0,399,86,0,86,485
11/19/2007,HPN,NY,AEA,EN,Towers with Radar,41,194,147,0,382,0,0,51,0,51,41,194,198,0,433,9,0,9,442
11/20/2007,HPN,NY,AEA,EN,Towers with Radar,51,234,227,0,512,0,0,9,0,9,51,234,236,0,521,0,0,0,521
11/21/2007,HPN,NY,AEA,EN,Towers with Radar,32,201,238,0,471,0,0,0,0,0,32,201,238,0,471,0,0,0,471
11/22/2007,HPN,NY,AEA,EN,Towers with Radar,42,115,70,0,227,0,0,47,0,47,42,115,117,0,274,0,0,0,274
11/23/2007,HPN,NY,AEA,EN,Towers with Radar,45,116,103,0,264,0,0,143,0,143,45,116,246,0,407,68,0,68,475
11/24/2007,HPN,NY,AEA,EN,Towers with Radar,40,159,113,0,312,0,0,194,0,194,40,159,307,0,506,38,0,38,544
11/25/2007,HPN,NY,AEA,EN,Towers with Radar,36,207,268,0,511,0,0,306,0,306,36,207,574,0,817,60,0,60,877
11/26/2007,HPN,NY,AEA,EN,Towers with Radar,17,78,97,0,192,0,0,0,0,0,17,78,97,0,192,0,0,0,192
11/27/2007,HPN,NY,AEA,EN,Towers with Radar,47,172,190,0,409,0,0,90,0,90,47,172,280,0,499,0,0,0,499
11/28/2007,HPN,NY,AEA,EN,Towers with Radar,41,179,178,0,398,0,0,166,0,166,41,179,344,0,564,64,0,64,629
11/29/2007,HPN,NY,AEA,EN,Towers with Radar,48,182,199,0,429,0,0,103,0,103,48,182,302,0,532,0,0,0,532
11/30/2007,HPN,NY,AEA,EN,Towers with Radar,47,162,184,0,393,0,0,195,0,195,47,162,379,0,588,28,0,28,618
12/01/2007,HPN,NY,AEA,EN,Towers with Radar,36,126,105,0,267,0,0,154,0,154,36,126,259,0,421,42,0,42,464
12/02/2007,HPN,NY,AEA,EN,Towers with Radar,31,91,120,0,242,0,0,4,0,4,31,91,124,0,246,0,0,0,246
12/03/2007,HPN,NY,AEA,EN,Towers with Radar,51,179,163,0,393,0,0,26,0,26,51,179,189,0,419,0,0,0,419
12/04/2007,HPN,NY,AEA,EN,Towers with Radar,42,200,201,0,443,0,0,62,0,62,42,201,263,0,506,8,0,8,514
12/05/2007,HPN,NY,AEA,EN,Towers with Radar,46,177,232,0,455,0,0,83,0,83,46,177,315,0,538,0,0,0,539
12/06/2007,HPN,NY,AEA,EN,Towers with Radar,45,188,214,0,447,0,0,202,0,202,45,188,416,0,649,0,0,0,649
12/07/2007,HPN,NY,AEA,EN,Towers with Radar,39,175,206,0,420,0,0,73,0,73,39,175,279,0,493,10,0,10,504
12/08/2007,HPN,NY,AEA,EN,Towers with Radar,36,115,112,1,264,0,0,159,0,159,36,115,271,1,423,202,0,202,627
12/09/2007,HPN,NY,AEA,EN,Towers with Radar,36,133,108,0,277,0,0,84,0,84,36,133,192,0,361,98,0,98,461
12/10/2007,HPN,NY,AEA,EN,Towers with Radar,40,166,172,0,378,0,0,6,0,6,40,166,178,0,384,0,0,0,385
12/11/2007,HPN,NY,AEA,EN,Towers with Radar,34,145,176,0,355,0,0,53,0,53,34,145,229,0,408,0,0,0,409
12/12/2007,HPN,NY,AEA,EN,Towers with Radar,37,218,212,0,467,0,0,57,0,57,37,218,269,0,524,0,0,0,524
12/13/2007,HPN,NY,AEA,EN,Towers with Radar,26,87,113,0,226,0,0,18,0,18,26,87,131,0,244,24,0,24,269
12/14/2007,HPN,NY,AEA,EN,Towers with Radar,52,198,216,0,466,0,0,76,0,76,52,198,292,0,542,24,0,24,567
12/15/2007,HPN,NY,AEA,EN,Towers with Radar,31,85,87,0,203,0,0,184,0,184,31,85,271,0,387,68,0,68,455
12/16/2007,HPN,NY,AEA,EN,Towers with Radar,24,56,56,0,136,0,0,0,0,0,24,56,56,0,136,0,0,0,137
12/17/2007,HPN,NY,AEA,EN,Towers with Radar,41,181,183,0,405,0,0,37,0,37,41,181,220,0,442,0,2,2,445
12/18/2007,HPN,NY,AEA,EN,Towers with Radar,35,129,138,0,302,0,0,116,0,116,35,129,254,0,418,0,0,0,418
12/19/2007,HPN,NY,AEA,EN,Towers with Radar,41,176,170,0,387,0,0,84,0,84,41,176,254,0,471,4,0,4,475
12/20/2007,HPN,NY,AEA,EN,Towers with Radar,52,192,212,4,460,0,0,121,0,121,52,192,333,4,581,40,0,40,622
12/21/2007,HPN,NY,AEA,EN,Towers with Radar,33,237,189,0,459,0,0,42,0,42,33,237,231,0,501,0,0,0,501
12/22/2007,HPN,NY,AEA,EN,Towers with Radar,32,191,170,0,393,0,0,74,0,74,32,191,244,0,467,0,0,0,467
12/23/2007,HPN,NY,AEA,EN,Towers with Radar,29,110,84,0,223,0,0,17,0,17,29,110,101,0,240,0,0,0,240
12/24/2007,HPN,NY,AEA,EN,Towers with Radar,34,91,60,0,185,0,0,78,0,78,34,91,138,0,263,0,0,0,263
12/25/2007,HPN,NY,AEA,EN,Towers with Radar,41,119,87,0,247,0,0,55,0,55,41,119,142,0,302,34,0,34,336
12/26/2007,HPN,NY,AEA,EN,Towers with Radar,34,207,219,0,460,0,0,81,0,81,34,207,300,0,541,0,0,0,541
12/27/2007,HPN,NY,AEA,EN,Towers with Radar,55,167,127,0,349,0,0,2,0,2,55,167,129,0,351,0,0,0,351
12/28/2007,HPN,NY,AEA,EN,Towers with Radar,52,134,97,0,283,0,0,140,0,140,52,134,237,0,423,108,0,108,531
12/29/2007,HPN,NY,AEA,EN,Towers with Radar,25,78,75,0,178,0,0,115,0,115,25,78,190,0,293,0,0,0,293
12/30/2007,HPN,NY,AEA,EN,Towers with Radar,36,118,105,0,259,0,0,106,0,106,36,118,211,0,365,60,0,60,425
12/31/2007,HPN,NY,AEA,EN,Towers with Radar,31,61,44,4,140,0,0,41,0,41,31,61,85,4,181,30,0,30,211
01/01/2008,HPN,NY,AEA,EN,Towers with Radar,41,163,176,0,380,0,0,13,0,13,41,163,189,0,393,0,0,0,393
01/02/2008,HPN,NY,AEA,EN,Towers with Radar,45,206,201,0,452,0,0,48,0,48,45,206,249,0,500,0,0,0,500
01/03/2008,HPN,NY,AEA,EN,Towers with Radar,44,192,169,0,405,0,0,84,0,84,44,192,253,0,489,4,0,4,493
01/04/2008,HPN,NY,AEA,EN,Towers with Radar,41,170,152,0,363,0,0,108,0,108,41,170,260,0,471,14,0,14,485
01/05/2008,HPN,NY,AEA,EN,Towers with Radar,33,154,142,0,329,0,0,185,0,185,33,154,327,0,514,46,0,46,560
01/06/2008,HPN,NY,AEA,EN,Towers with Radar,46,176,224,0,446,0,0,109,0,109,46,176,333,0,555,126,0,126,681
01/07/2008,HPN,NY,AEA,EN,Towers with Radar,26,171,178,0,375,0,0,84,0,84,26,171,262,0,459,22,0,22,481
01/08/2008,HPN,NY,AEA,EN,Towers with Radar,40,146,274,0,460,0,0,0,0,0,40,146,274,0,460,4,0,4,464
01/09/2008,HPN,NY,AEA,EN,Towers with Radar,44,107,119,0,270,0,0,79,0,79,44,107,198,0,349,0,0,0,349
01/10/2008,HPN,NY,AEA,EN,Towers with Radar,40,192,163,0,395,0,0,114,0,114,40,192,277,0,509,24,0,24,533
01/11/2008,HPN,NY,AEA,EN,Towers with Radar,35,131,96,0,262,0,0,23,0,23,35,131,119,0,285,0,0,0,285
01/12/2008,HPN,NY,AEA,EN,Towers with Radar,30,82,91,0,203,0,0,230,0,230,30,82,321,0,433,84,24,108,541
01/13/2008,HPN,NY,AEA,EN,Towers with Radar,34,161,146,0,341,0,0,119,0,119,34,161,265,0,460,68,0,68,528
01/14/2008,HPN,NY,AEA,EN,Towers with Radar,51,160,105,0,316,0,0,13,0,13,51,160,118,0,329,12,4,16,345
01/15/2008,HPN,NY,AEA,EN,Towers with Radar,40,156,175,0,371,0,0,77,0,77,40,156,252,0,448,82,0,82,530
01/16/2008,HPN,NY,AEA,EN,Towers with Radar,32,166,179,0,377,0,0,164,0,164,32,166,343,0,541,42,0,42,583
01/17/2008,HPN,NY,AEA,EN,Towers with Radar,37,182,191,0,410,0,0,91,0,91,37,182,282,0,501,0,0,0,501
01/18/2008,HPN,NY,AEA,EN,Towers with Radar,51,208,203,0,462,0,0,135,0,135,51,208,338,0,597,0,0,0,597
01/19/2008,HPN,NY,AEA,EN,Towers with Radar,31,83,82,0,196,0,0,130,0,130,31,83,212,0,326,90,0,90,416
01/20/2008,HPN,NY,AEA,EN,Towers with Radar,30,123,147,0,300,0,0,0,0,0,30,123,147,0,300,0,0,0,300
01/21/2008,HPN,NY,AEA,EN,Towers with Radar,34,194,207,0,435,0,0,152,0,152,34,194,359,0,587,104,0,104,691
01/22/2008,HPN,NY,AEA,EN,Towers with Radar,38,193,150,0,381,0,0,73,0,73,38,193,223,0,454,0,0,0,454
01/23/2008,HPN,NY,AEA,EN,Towers with Radar,41,185,141,0,367,0,0,108,0,108,41,185,249,0,475,77,0,77,552
01/24/2008,HPN,NY,AEA,EN,Towers with Radar,34,179,158,0,371,0,0,89,0,89,34,179,247,0,460,0,0,0,460
01/25/2008,HPN,NY,AEA,EN,Towers with Radar,42,167,140,0,349,0,0,127,0,127,42,167,267,0,476,0,0,0,476
01/26/2008,HPN,NY,AEA,EN,Towers with Radar,55,167,127,0,349,0,0,2,0,2,55,167,129,0,351,0,0,0,351
01/27/2008,HPN,NY,AEA,EN,Towers with Radar,39,155,136,0,330,0,0,91,0,91,39,155,227,0,421,78,0,78,499
01/28/2008,HPN,NY,AEA,EN,Towers with Radar,44,183,173,0,400,0,0,108,0,108,44,183,281,0,508,6,0,6,514
01/29/2008,HPN,NY,AEA,EN,Towers with Radar,28,164,155,0,347,0,0,0,0,0,28,164,155,0,347,38,0,38,385
01/30/2008,HPN,NY,AEA,EN,Towers with Radar,29,184,156,0,369,0,0,38,0,38,29,184,194,0,407,0,0,0,407
01/31/2008,HPN,NY,AEA,EN,Towers with Radar,43,209,197,0,449,0,0,175,0,175,43,209,372,0,624,140,0,140,764
02/01/2008,HPN,NY,AEA,EN,Towers with Radar,38,143,134,0,315,0,0,10,0,10,38,143,144,0,325,0,0,0,325
02/02/2008,HPN,NY,AEA,EN,Towers with Radar,35,97,104,0,236,0,0,137,0,137,35,97,241,0,373,50,0,50,423
02/03/2008,HPN,NY,AEA,EN,Towers with Radar,38,106,96,0,240,0,0,131,0,131,38,106,227,0,371,52,0,52,423
02/04/2008,HPN,NY,AEA,EN,Towers with Radar,42,156,198,0,396,0,0,45,0,45,42,156,243,0,441,0,0,0,441
02/05/2008,HPN,NY,AEA,EN,Towers with Radar,33,139,127,0,299,0,0,1,0,1,33,139,128,0,300,0,0,0,300
02/06/2008,HPN,NY,AEA,EN,Towers with Radar,31,122,165,0,318,0,0,23,0,23,31,122,188,0,341,14,0,14,355
02/07/2008,HPN,NY,AEA,EN,Towers with Radar,44,247,265,0,556,0,0,82,0,82,44,247,347,0,638,62,0,62,700
02/08/2008,HPN,NY,AEA,EN,Towers with Radar,45,218,210,0,473,0,0,79,0,79,45,218,289,0,552,26,0,26,578
02/09/2008,HPN,NY,AEA,EN,Towers with Radar,28,93,68,0,189,0,0,33,0,33,28,93,101,0,222,36,0,36,258
02/10/2008,HPN,NY,AEA,EN,Towers with Radar,40,124,126,0,290,0,0,21,0,21,40,124,147,0,311,4,0,4,315
02/11/2008,HPN,NY,AEA,EN,Towers with Radar,38,157,139,0,334,0,0,66,0,66,38,157,205,0,400,0,0,0,400
02/12/2008,HPN,NY,AEA,EN,Towers with Radar,29,128,149,2,308,0,0,41,0,41,29,128,190,2,349,50,0,50,399
02/13/2008,HPN,NY,AEA,EN,Towers with Radar,31,190,178,0,399,0,0,1,0,1,31,190,179,0,400,0,0,0,400
02/14/2008,HPN,NY,AEA,EN,Towers with Radar,37,239,253,0,529,0,0,122,0,122,37,239,375,0,651,24,0,24,675
02/15/2008,HPN,NY,AEA,EN,Towers with Radar,38,232,263,0,533,0,0,181,0,181,38,232,444,0,714,0,0,0,714
02/16/2008,HPN,NY,AEA,EN,Towers with Radar,30,151,116,4,301,0,0,191,0,191,30,151,307,4,492,22,0,22,514
02/17/2008,HPN,NY,AEA,EN,Towers with Radar,28,83,88,0,199,0,0,83,0,83,28,83,171,0,282,72,0,72,354
02/18/2008,HPN,NY,AEA,EN,Towers with Radar,45,180,190,0,415,0,0,30,0,30,45,180,220,0,445,38,0,38,483
02/19/2008,HPN,NY,AEA,EN,Towers with Radar,60,212,168,0,440,0,0,74,0,74,60,212,242,0,514,6,0,6,520
02/20/2008,HPN,NY,AEA,EN,Towers with Radar,43,158,188,0,389,0,0,81,0,81,43,158,269,0,470,2,0,2,472
02/21/2008,HPN,NY,AEA,EN,Towers with Radar,44,168,162,0,374,0,0,111,0,111,44,168,273,0,485,0,0,0,485
02/22/2008,HPN,NY,AEA,EN,Towers with Radar,25,100,91,0,216,0,0,0,0,0,25,100,91,0,216,0,0,0,216
02/23/2008,HPN,NY,AEA,EN,Towers with Radar,33,142,137,0,312,0,0,13,0,13,33,142,150,0,325,0,0,0,325
02/24/2008,HPN,NY,AEA,EN,Towers with Radar,38,178,207,0,423,0,0,167,0,167,38,178,374,0,590,32,0,32,622
02/25/2008,HPN,NY,AEA,EN,Towers with Radar,44,189,197,0,430,0,0,106,0,106,44,189,303,0,536,36,0,36,572
02/26/2008,HPN,NY,AEA,EN,Towers with Radar,36,167,126,0,329,0,0,10,0,10,36,167,136,0,339,0,0,0,339
02/27/2008,HPN,NY,AEA,EN,Towers with Radar,30,183,114,0,327,0,0,50,0,50,30,183,164,0,377,0,0,0,377
02/28/2008,HPN,NY,AEA,EN,Towers with Radar,41,193,178,0,412,0,0,83,0,83,41,193,261,0,495,40,0,40,535
02/29/2008,HPN,NY,AEA,EN,Towers with Radar,36,150,140,0,326,0,0,139,0,139,36,150,279,0,465,56,0,56,521
03/01/2008,HPN,NY,AEA,EN,Towers with Radar,34,81,74,0,189,0,0,39,0,39,34,81,113,0,228,36,0,36,264
03/02/2008,HPN,NY,AEA,EN,Towers with Radar,32,131,122,0,285,0,0,212,0,212,32,131,334,0,497,92,0,92,589
03/03/2008,HPN,NY,AEA,EN,Towers with Radar,46,152,121,0,319,0,0,124,0,124,46,152,245,0,443,28,0,28,471
03/04/2008,HPN,NY,AEA,EN,Towers with Radar,37,135,178,0,350,0,0,31,0,31,37,135,209,0,381,26,0,26,407
03/05/2008,HPN,NY,AEA,EN,Towers with Radar,43,193,160,0,396,0,0,56,0,56,43,193,216,0,452,0,0,0,452
03/06/2008,HPN,NY,AEA,EN,Towers with Radar,40,177,151,0,368,0,0,192,0,192,40,177,343,0,560,46,0,46,606
03/07/2008,HPN,NY,AEA,EN,Towers with Radar,38,198,174,0,410,0,0,101,0,101,38,198,275,0,511,34,0,34,545
03/08/2008,HPN,NY,AEA,EN,Towers with Radar,37,74,72,0,183,0,0,0,0,0,37,74,72,0,183,0,0,0,183
03/09/2008,HPN,NY,AEA,EN,Towers with Radar,29,150,130,0,309,0,0,58,0,58,29,150,188,0,367,14,0,14,381
03/10/2008,HPN,NY,AEA,EN,Towers with Radar,41,151,126,0,318,0,0,109,0,109,41,151,235,0,427,56,0,56,483
03/11/2008,HPN,NY,AEA,EN,Towers with Radar,43,174,126,0,343,0,0,136,0,136,43,174,262,0,479,32,0,32,511
03/12/2008,HPN,NY,AEA,EN,Towers with Radar,37,160,114,0,311,0,0,99,0,99,37,160,213,0,410,0,0,0,410
03/13/2008,HPN,NY,AEA,EN,Towers with Radar,34,186,187,0,407,0,0,163,0,163,34,186,350,0,570,72,0,72,642
03/14/2008,HPN,NY,AEA,EN,Towers with Radar,43,203,244,0,490,0,0,58,0,58,43,203,302,0,548,12,0,12,560
03/15/2008,HPN,NY,AEA,EN,Towers with Radar,30,123,139,0,292,0,0,89,0,89,30,123,228,0,381,64,0,64,445
03/16/2008,HPN,NY,AEA,EN,Towers with Radar,30,160,174,0,364,0,0,39,0,39,30,160,213,0,403,114,0,114,517
03/17/2008,HPN,NY,AEA,EN,Towers with Radar,39,158,157,0,354,0,0,109,0,109,39,158,266,0,463,20,0,20,483
03/18/2008,HPN,NY,AEA,EN,Towers with Radar,39,151,143,0,333,0,0,117,0,117,39,151,260,0,450,188,0,188,638
03/19/2008,HPN,NY,AEA,EN,Towers with Radar,40,174,134,0,348,0,0,0,0,0,40,174,134,0,348,0,0,0,348
03/20/2008,HPN,NY,AEA,EN,Towers with Radar,44,237,228,0,509,0,0,67,0,67,44,237,295,0,576,22,0,22,598
03/21/2008,HPN,NY,AEA,EN,Towers with Radar,34,173,108,0,315,0,0,0,0,0,34,173,108,0,315,0,0,0,315
03/22/2008,HPN,NY,AEA,EN,Towers with Radar,39,107,119,0,265,0,0,160,0,160,39,107,279,0,425,132,0,132,557
03/23/2008,HPN,NY,AEA,EN,Towers with Radar,38,155,172,0,365,0,0,228,0,228,38,155,400,0,593,114,0,114,707
03/24/2008,HPN,NY,AEA,EN,Towers with Radar,39,223,203,0,465,0,0,115,0,115,39,223,318,0,580,56,0,56,636
03/25/2008,HPN,NY,AEA,EN,Towers with Radar,38,203,160,0,401,0,0,125,0,125,38,203,285,0,526,158,0,158,684
03/26/2008,HPN,NY,AEA,EN,Towers with Radar,35,185,157,0,377,0,0,94,0,94,35,185,251,0,471,0,0,0,471
03/27/2008,HPN,NY,AEA,EN,Towers with Radar,36,173,168,0,377,0,0,95,0,95,36,173,263,0,472,98,0,98,570
03/28/2008,HPN,NY,AEA,EN,Towers with Radar,39,173,168,0,380,0,0,26,0,26,39,173,194,0,406,0,0,0,406
03/29/2008,HPN,NY,AEA,EN,Towers with Radar,40,141,139,0,320,0,0,158,0,158,40,141,297,0,478,58,0,58,536
03/30/2008,HPN,NY,AEA,EN,Towers with Radar,28,139,189,0,356,0,0,238,0,238,28,139,427,0,594,80,0,80,674
03/31/2008,HPN,NY,AEA,EN,Towers with Radar,33,142,121,0,296,0,0,23,0,23,33,142,144,0,319,0,0,0,319
04/01/2008,HPN,NY,AEA,EN,Towers with Radar,42,197,182,0,421,0,0,20,0,20,42,197,202,0,441,0,0,0,441
04/02/2008,HPN,NY,AEA,EN,Towers with Radar,34,180,148,0,362,0,0,110,0,110,34,180,258,0,472,0,0,0,472
04/03/2008,HPN,NY,AEA,EN,Towers with Radar,40,166,190,0,396,0,0,160,0,160,40,166,350,0,556,54,0,54,610
04/04/2008,HPN,NY,AEA,EN,Towers with Radar,46,179,153,0,378,0,0,0,0,0,46,179,153,0,378,0,0,0,378
04/05/2008,HPN,NY,AEA,EN,Towers with Radar,27,94,88,0,209,0,0,98,0,98,27,94,186,0,307,76,0,76,383
04/06/2008,HPN,NY,AEA,EN,Towers with Radar,29,144,167,0,340,0,0,76,0,76,29,144,243,0,416,106,0,106,522
04/07/2008,HPN,NY,AEA,EN,Towers with Radar,33,173,180,0,386,0,0,80,0,80,33,173,260,0,466,80,0,80,546
04/08/2008,HPN,NY,AEA,EN,Towers with Radar,40,200,169,0,409,0,0,158,0,158,40,200,327,0,567,90,0,90,657
04/09/2008,HPN,NY,AEA,EN,Towers with Radar,42,152,177,0,371,0,0,115,0,115,42,152,292,0,486,8,1,9,495
04/10/2008,HPN,NY,AEA,EN,Towers with Radar,37,167,181,0,385,0,0,144,0,144,37,167,325,0,529,42,0,42,571
04/11/2008,HPN,NY,AEA,EN,Towers with Radar,45,188,191,0,424,0,0,69,0,69,45,188,260,0,493,0,0,0,495
04/12/2008,HPN,NY,AEA,EN,Towers with Radar,34,111,108,0,253,0,0,56,0,56,34,111,164,0,309,14,0,14,323
04/13/2008,HPN,NY,AEA,EN,Towers with Radar,31,148,132,0,311,0,0,145,0,145,31,148,277,0,456,136,0,136,592
04/14/2008,HPN,NY,AEA,EN,Towers with Radar,39,165,117,0,321,0,0,110,0,110,39,165,227,0,431,0,0,0,431
04/15/2008,HPN,NY,AEA,EN,Towers with Radar,34,134,136,0,304,0,0,0,0,0,34,134,136,0,304,16,0,16,320
04/16/2008,HPN,NY,AEA,EN,Towers with Radar,49,181,151,0,381,0,0,184,0,184,49,181,335,0,565,34,0,34,599
04/17/2008,HPN,NY,AEA,EN,Towers with Radar,39,168,164,0,371,0,0,193,0,193,39,168,357,0,564,0,0,0,564
04/18/2008,HPN,NY,AEA,EN,Towers with Radar,43,213,188,0,444,0,0,162,0,162,43,213,350,0,606,6,0,6,612
04/19/2008,HPN,NY,AEA,EN,Towers with Radar,35,97,108,0,240,0,0,237,0,237,35,97,345,0,477,110,0,110,587
04/20/2008,HPN,NY,AEA,EN,Towers with Radar,27,154,171,0,352,0,0,35,0,35,27,154,206,0,387,20,0,20,407
04/21/2008,HPN,NY,AEA,EN,Towers with Radar,36,187,160,0,383,0,0,88,0,88,36,187,248,0,471,16,0,16,487
04/22/2008,HPN,NY,AEA,EN,Towers with Radar,47,162,141,0,350,0,0,117,0,117,47,162,258,0,467,0,0,0,467
04/23/2008,HPN,NY,AEA,EN,Towers with Radar,36,169,143,0,348,0,0,193,0,193,36,169,336,0,541,30,0,30,571
04/24/2008,HPN,NY,AEA,EN,Towers with Radar,38,223,174,0,435,0,0,205,0,205,38,223,379,0,640,6,0,6,646
04/25/2008,HPN,NY,AEA,EN,Towers with Radar,37,302,406,0,745,0,0,0,0,0,37,302,406,0,745,0,0,0,745
04/26/2008,HPN,NY,AEA,EN,Towers with Radar,30,92,145,0,267,0,0,148,0,148,30,92,293,0,415,74,0,74,489
04/27/2008,HPN,NY,AEA,EN,Towers with Radar,33,189,196,0,418,0,0,82,0,82,33,189,278,0,500,20,0,20,520
04/28/2008,HPN,NY,AEA,EN,Towers with Radar,41,166,165,0,372,0,0,0,0,0,41,166,165,0,372,0,0,0,372
04/29/2008,HPN,NY,AEA,EN,Towers with Radar,36,170,177,0,383,0,0,81,0,81,36,170,258,0,464,0,0,0,464
04/30/2008,HPN,NY,AEA,EN,Towers with Radar,38,175,176,0,389,0,0,210,0,210,38,175,386,0,599,64,0,64,663
05/01/2008,HPN,NY,AEA,EN,Towers with Radar,35,216,152,0,403,0,0,0,0,0,35,216,152,0,403,0,0,0,403
05/02/2008,HPN,NY,AEA,EN,Towers with Radar,35,204,210,0,449,0,0,0,0,0,35,204,210,0,449,0,0,0,449
05/03/2008,HPN,NY,AEA,EN,Towers with Radar,33,87,104,0,224,0,0,19,0,19,33,87,123,0,243,0,0,0,243
05/04/2008,HPN,NY,AEA,EN,Towers with Radar,31,191,179,0,401,0,0,94,0,94,31,191,273,0,495,48,0,48,543
05/05/2008,HPN,NY,AEA,EN,Towers with Radar,35,184,172,0,391,0,0,179,0,179,35,184,351,0,570,0,0,0,570
05/06/2008,HPN,NY,AEA,EN,Towers with Radar,36,160,178,0,374,0,0,182,0,182,36,160,360,0,556,28,0,28,584
05/07/2008,HPN,NY,AEA,EN,Towers with Radar,46,168,188,0,402,0,0,177,0,177,46,168,365,0,579,14,0,14,593
05/08/2008,HPN,NY,AEA,EN,Towers with Radar,34,212,215,0,461,0,0,0,0,0,34,212,215,0,461,0,0,0,461
05/09/2008,HPN,NY,AEA,EN,Towers with Radar,42,196,186,0,424,0,0,21,0,21,42,196,207,0,445,0,0,0,445
05/10/2008,HPN,NY,AEA,EN,Towers with Radar,29,82,117,0,228,0,0,0,0,0,29,82,117,0,228,112,0,112,340
05/11/2008,HPN,NY,AEA,EN,Towers with Radar,27,145,131,3,306,0,0,168,0,168,27,145,299,3,474,56,0,56,530
05/12/2008,HPN,NY,AEA,EN,Towers with Radar,37,189,172,0,398,0,0,27,0,27,37,189,199,0,425,6,0,6,431
05/13/2008,HPN,NY,AEA,EN,Towers with Radar,34,165,159,0,358,0,0,116,0,116,34,165,275,0,474,0,0,0,474
05/14/2008,HPN,NY,AEA,EN,Towers with Radar,36,174,176,0,386,0,0,2,0,2,36,174,178,0,388,0,0,0,388
05/15/2008,HPN,NY,AEA,EN,Towers with Radar,37,195,188,0,420,0,0,159,0,159,37,195,347,0,579,44,0,44,623
05/16/2008,HPN,NY,AEA,EN,Towers with Radar,41,179,183,0,403,0,0,34,0,34,41,179,217,0,437,0,0,0,437
05/17/2008,HPN,NY,AEA,EN,Towers with Radar,26,115,115,0,256,0,173,0,0,173,26,288,115,0,429,22,0,22,451
05/18/2008,HPN,NY,AEA,EN,Towers with Radar,32,159,168,0,359,0,0,136,0,136,32,159,304,0,495,90,0,90,585
05/19/2008,HPN,NY,AEA,EN,Towers with Radar,41,206,181,0,428,0,0,96,0,96,41,206,277,0,524,18,0,18,542
05/20/2008,HPN,NY,AEA,EN,Towers with Radar,42,177,185,0,404,0,0,92,0,92,42,177,277,0,496,24,0,24,520
05/21/2008,HPN,NY,AEA,EN,Towers with Radar,36,163,182,0,381,0,0,106,0,106,36,163,288,0,487,80,0,80,567
05/22/2008,HPN,NY,AEA,EN,Towers with Radar,37,229,230,0,496,0,0,147,0,147,37,229,377,0,643,70,0,70,713
05/23/2008,HPN,NY,AEA,EN,Towers with Radar,50,285,251,0,586,0,0,227,0,227,50,285,478,0,813,4,0,4,817
05/24/2008,HPN,NY,AEA,EN,Towers with Radar,28,77,94,0,199,0,0,178,0,178,28,77,272,0,377,136,0,136,513
05/25/2008,HPN,NY,AEA,EN,Towers with Radar,25,77,91,0,193,0,0,172,0,172,25,77,263,0,365,28,0,28,393
05/26/2008,HPN,NY,AEA,EN,Towers with Radar,36,203,197,0,436,0,0,316,0,316,36,203,513,0,752,44,0,44,796
05/27/2008,HPN,NY,AEA,EN,Towers with Radar,33,177,185,0,395,0,0,74,0,74,33,177,259,0,469,10,0,10,479
05/28/2008,HPN,NY,AEA,EN,Towers with Radar,31,184,157,0,372,0,0,165,0,165,31,184,322,0,537,0,0,0,537
05/29/2008,HPN,NY,AEA,EN,Towers with Radar,37,198,191,0,426,0,0,0,210,210,37,198,191,210,636,52,0,52,688
05/30/2008,HPN,NY,AEA,EN,Towers with Radar,37,186,206,0,429,0,0,189,0,189,37,186,395,0,618,48,0,48,666
05/31/2008,HPN,NY,AEA,EN,Towers with Radar,24,89,66,0,179,0,0,29,0,29,24,89,95,0,208,56,0,56,264
06/01/2008,HPN,NY,AEA,EN,Towers with Radar,33,138,138,0,309,0,0,227,0,227,33,138,365,0,536,84,0,84,620
06/02/2008,HPN,NY,AEA,EN,Towers with Radar,42,166,177,0,385,0,0,164,0,164,42,166,341,0,549,68,0,68,617
06/03/2008,HPN,NY,AEA,EN,Towers with Radar,36,143,150,0,329,0,0,154,0,154,36,143,304,0,483,34,0,34,517
06/04/2008,HPN,NY,AEA,EN,Towers with Radar,34,188,187,0,409,0,0,28,0,28,34,188,215,0,437,0,0,0,437
06/05/2008,HPN,NY,AEA,EN,Towers with Radar,51,221,210,0,482,0,0,124,0,124,51,221,334,0,606,16,0,16,622
06/06/2008,HPN,NY,AEA,EN,Towers with Radar,37,200,210,0,447,0,0,98,0,98,37,200,308,0,545,32,0,32,577
06/07/2008,HPN,NY,AEA,EN,Towers with Radar,24,113,124,0,261,0,0,131,0,131,24,113,255,0,392,108,0,108,500
06/08/2008,HPN,NY,AEA,EN,Towers with Radar,24,148,164,8,344,0,0,188,0,188,24,148,352,8,532,20,0,20,552
06/09/2008,HPN,NY,AEA,EN,Towers with Radar,36,189,211,0,436,0,0,0,0,0,36,189,211,0,436,108,0,108,544
06/10/2008,HPN,NY,AEA,EN,Towers with Radar,29,176,163,0,368,0,0,95,0,95,29,176,258,0,463,50,0,50,513
06/11/2008,HPN,NY,AEA,EN,Towers with Radar,37,182,194,0,413,0,0,186,0,186,37,182,380,0,599,0,0,0,599
06/12/2008,HPN,NY,AEA,EN,Towers with Radar,40,198,176,0,414,0,0,237,0,237,40,198,413,0,651,42,0,42,693
06/13/2008,HPN,NY,AEA,EN,Towers with Radar,38,186,159,0,383,0,0,270,0,270,38,186,429,0,653,14,0,14,667
06/14/2008,HPN,NY,AEA,EN,Towers with Radar,25,84,96,0,205,0,0,172,0,172,25,84,268,0,377,82,0,82,459
06/15/2008,HPN,NY,AEA,EN,Towers with Radar,30,155,177,0,362,0,0,122,0,122,30,155,299,0,484,70,0,70,554
06/16/2008,HPN,NY,AEA,EN,Towers with Radar,36,152,167,0,355,0,0,40,0,40,36,152,207,0,395,0,0,0,395
06/17/2008,HPN,NY,AEA,EN,Towers with Radar,35,163,198,2,398,0,0,194,0,194,35,163,392,2,592,46,0,46,638
06/18/2008,HPN,NY,AEA,EN,Towers with Radar,38,199,217,0,454,0,0,165,0,165,38,199,382,0,619,128,0,128,750
06/19/2008,HPN,NY,AEA,EN,Towers with Radar,41,180,190,2,413,0,0,213,0,213,41,180,403,2,626,90,0,90,716
06/20/2008,HPN,NY,AEA,EN,Towers with Radar,40,167,185,0,392,0,0,251,0,251,40,168,436,0,644,100,0,100,744
06/21/2008,HPN,NY,AEA,EN,Towers with Radar,29,110,100,0,239,0,0,188,0,188,29,110,288,0,427,48,0,48,475
06/22/2008,HPN,NY,AEA,EN,Towers with Radar,31,142,140,0,313,0,0,91,0,91,31,142,231,0,404,0,0,0,404
06/23/2008,HPN,NY,AEA,EN,Towers with Radar,42,178,143,0,363,0,0,47,0,47,42,178,190,0,410,134,0,134,544
06/24/2008,HPN,NY,AEA,EN,Towers with Radar,37,178,136,0,351,0,0,133,0,133,37,178,269,0,484,12,0,12,496
06/25/2008,HPN,NY,AEA,EN,Towers with Radar,35,180,198,0,413,0,0,260,0,260,35,180,458,0,673,44,0,44,717
06/26/2008,HPN,NY,AEA,EN,Towers with Radar,37,178,160,1,376,0,0,130,0,130,37,178,290,1,506,46,0,46,552
06/27/2008,HPN,NY,AEA,EN,Towers with Radar,33,211,192,0,436,0,0,219,0,219,33,211,411,0,655,0,0,0,655
06/28/2008,HPN,NY,AEA,EN,Towers with Radar,34,123,91,1,249,0,0,124,0,124,34,123,215,1,373,38,0,38,411
06/29/2008,HPN,NY,AEA,EN,Towers with Radar,31,150,141,0,322,0,0,0,0,0,31,150,141,0,322,0,0,0,322
06/30/2008,HPN,NY,AEA,EN,Towers with Radar,45,157,147,0,349,0,0,146,0,146,45,157,293,0,495,48,0,48,543
07/01/2008,HPN,NY,AEA,EN,Towers with Radar,38,157,138,0,333,0,15,138,0,153,38,172,276,0,486,0,0,0,486
07/02/2008,HPN,NY,AEA,EN,Towers with Radar,37,216,172,0,425,0,28,202,0,230,37,244,374,0,655,64,0,64,719
07/03/2008,HPN,NY,AEA,EN,Towers with Radar,33,204,143,0,380,0,41,170,0,211,33,245,313,0,591,10,0,10,601
07/04/2008,HPN,NY,AEA,EN,Towers with Radar,27,96,76,0,199,0,0,44,0,44,27,96,120,0,243,66,0,66,309
07/05/2008,HPN,NY,AEA,EN,Towers with Radar,23,88,76,0,187,0,3,12,0,15,23,91,88,0,202,104,0,104,306
07/06/2008,HPN,NY,AEA,EN,Towers with Radar,34,211,234,0,479,0,0,0,0,0,34,211,234,0,479,8,0,8,487
07/07/2008,HPN,NY,AEA,EN,Towers with Radar,37,205,175,0,417,0,15,82,0,97,37,220,257,0,514,62,0,62,576
07/08/2008,HPN,NY,AEA,EN,Towers with Radar,37,177,190,0,404,0,5,122,0,127,37,182,312,0,531,10,0,10,541
07/09/2008,HPN,NY,AEA,EN,Towers with Radar,35,191,171,0,397,0,24,107,0,131,35,215,278,0,528,12,0,12,540
07/10/2008,HPN,NY,AEA,EN,Towers with Radar,35,176,174,0,385,3,32,210,0,245,38,208,384,0,630,0,0,0,630
07/11/2008,HPN,NY,AEA,EN,Towers with Radar,37,187,175,0,399,0,22,255,0,277,37,209,430,0,676,64,0,64,740
07/12/2008,HPN,NY,AEA,EN,Towers with Radar,27,91,103,0,221,0,6,169,0,175,27,97,272,0,396,34,0,34,430
07/13/2008,HPN,NY,AEA,EN,Towers with Radar,31,167,172,0,370,0,23,241,0,264,31,190,413,0,634,52,0,52,686
07/14/2008,HPN,NY,AEA,EN,Towers with Radar,34,203,134,0,371,0,23,111,0,134,34,226,245,0,505,60,0,60,565
07/15/2008,HPN,NY,AEA,EN,Towers with Radar,33,170,130,0,333,0,19,167,0,186,33,189,297,0,519,0,0,0,519
07/16/2008,HPN,NY,AEA,EN,Towers with Radar,37,201,167,0,405,0,14,216,0,230,37,215,383,0,635,14,0,14,649
07/17/2008,HPN,NY,AEA,EN,Towers with Radar,42,190,180,0,412,0,25,246,0,271,42,215,426,0,683,8,0,8,691
07/18/2008,HPN,NY,AEA,EN,Towers with Radar,40,207,133,0,380,0,37,253,0,290,40,244,386,0,670,34,0,34,704
07/19/2008,HPN,NY,AEA,EN,Towers with Radar,26,103,75,0,204,0,14,156,0,170,26,117,231,0,374,114,0,114,488
07/20/2008,HPN,NY,AEA,EN,Towers with Radar,33,172,166,0,371,0,20,189,0,209,33,192,355,0,580,0,0,0,580
07/21/2008,HPN,NY,AEA,EN,Towers with Radar,43,163,167,0,373,0,9,172,0,181,43,172,339,0,554,16,0,16,570
07/22/2008,HPN,NY,AEA,EN,Towers with Radar,30,175,142,0,347,0,6,99,0,105,30,181,241,0,452,40,0,40,492
07/23/2008,HPN,NY,AEA,EN,Towers with Radar,29,177,129,0,335,0,2,21,0,23,29,179,150,0,358,0,0,0,358
07/24/2008,HPN,NY,AEA,EN,Towers with Radar,36,221,194,0,451,0,4,49,0,53,36,225,243,0,504,0,0,0,504
07/25/2008,HPN,NY,AEA,EN,Towers with Radar,34,249,183,0,466,0,29,350,0,379,34,278,533,0,845,114,0,114,959
07/26/2008,HPN,NY,AEA,EN,Towers with Radar,24,102,89,0,215,0,10,173,0,183,24,112,262,0,398,107,0,107,505
07/27/2008,HPN,NY,AEA,EN,Towers with Radar,25,146,129,0,300,0,13,60,0,73,25,159,189,0,373,36,0,36,409
07/28/2008,HPN,NY,AEA,EN,Towers with Radar,34,210,206,0,450,0,16,133,0,149,34,226,339,0,599,14,0,14,613
07/29/2008,HPN,NY,AEA,EN,Towers with Radar,30,166,158,0,354,0,13,189,0,202,30,179,347,0,556,26,0,26,582
07/30/2008,HPN,NY,AEA,EN,Towers with Radar,39,181,176,0,396,0,18,138,0,156,39,199,314,0,552,82,0,82,634
07/31/2008,HPN,NY,AEA,EN,Towers with Radar,36,195,185,2,418,0,30,146,0,176,36,225,331,2,594,14,0,14,608
08/01/2008,HPN,NY,AEA,EN,Towers with Radar,32,227,149,0,408,0,60,247,0,307,32,287,396,0,715,26,0,26,741
08/02/2008,HPN,NY,AEA,EN,Towers with Radar,25,100,69,0,194,0,3,64,0,67,25,103,133,0,261,2,0,2,263
08/03/2008,HPN,NY,AEA,EN,Towers with Radar,37,150,134,0,321,0,21,198,0,219,37,171,332,0,540,56,0,56,596
08/04/2008,HPN,NY,AEA,EN,Towers with Radar,36,186,177,0,399,0,12,207,0,219,36,198,384,0,618,0,0,0,618
08/05/2008,HPN,NY,AEA,EN,Towers with Radar,34,148,159,0,341,0,12,146,0,158,34,160,305,0,499,98,0,98,597
08/06/2008,HPN,NY,AEA,EN,Towers with Radar,36,164,162,1,363,0,10,116,0,126,36,174,278,1,489,62,0,62,551
08/07/2008,HPN,NY,AEA,EN,Towers with Radar,35,178,168,0,381,0,22,142,0,164,35,200,310,0,545,18,0,18,563
08/08/2008,HPN,NY,AEA,EN,Towers with Radar,34,201,144,0,379,0,31,151,0,182,34,232,295,0,561,30,0,30,591
08/09/2008,HPN,NY,AEA,EN,Towers with Radar,28,88,101,0,217,0,17,219,0,236,28,105,320,0,453,98,0,98,551
08/10/2008,HPN,NY,AEA,EN,Towers with Radar,31,150,163,0,344,0,26,154,0,180,31,176,317,0,524,46,0,46,570
08/11/2008,HPN,NY,AEA,EN,Towers with Radar,34,195,143,0,372,0,16,104,0,120,34,211,247,0,492,76,0,76,568
08/12/2008,HPN,NY,AEA,EN,Towers with Radar,34,190,149,0,373,0,13,178,0,191,34,203,327,0,564,120,0,120,684
08/13/2008,HPN,NY,AEA,EN,Towers with Radar,35,151,142,0,328,0,10,193,0,203,35,161,335,0,531,92,0,92,623
08/14/2008,HPN,NY,AEA,EN,Towers with Radar,40,181,145,0,366,0,28,163,0,191,40,209,308,0,557,130,0,130,687
08/15/2008,HPN,NY,AEA,EN,Towers with Radar,32,195,177,0,404,0,27,87,0,114,32,222,264,0,518,32,0,32,550
08/16/2008,HPN,NY,AEA,EN,Towers with Radar,32,123,116,0,271,0,17,161,0,178,32,140,277,0,449,26,0,26,475
08/17/2008,HPN,NY,AEA,EN,Towers with Radar,33,162,128,0,323,0,43,272,0,315,33,205,400,0,638,126,0,126,764
08/18/2008,HPN,NY,AEA,EN,Towers with Radar,32,180,154,0,366,0,5,214,0,219,32,185,368,0,585,0,0,0,585
08/19/2008,HPN,NY,AEA,EN,Towers with Radar,37,153,115,0,305,0,4,134,0,138,37,157,249,0,443,76,0,76,519
08/20/2008,HPN,NY,AEA,EN,Towers with Radar,40,168,132,0,340,0,20,230,0,250,40,188,362,0,590,180,0,180,770
08/21/2008,HPN,NY,AEA,EN,Towers with Radar,37,181,123,0,341,0,29,272,0,301,37,210,395,0,642,82,0,82,724
08/22/2008,HPN,NY,AEA,EN,Towers with Radar,35,181,107,0,323,0,19,296,0,315,35,200,403,0,638,28,0,28,666
08/23/2008,HPN,NY,AEA,EN,Towers with Radar,23,87,66,0,176,0,11,141,0,152,23,98,207,0,328,68,0,68,396
08/24/2008,HPN,NY,AEA,EN,Towers with Radar,34,165,152,0,351,0,30,155,0,185,34,195,307,0,536,82,0,82,618
08/25/2008,HPN,NY,AEA,EN,Towers with Radar,34,152,173,0,359,0,36,118,0,154,34,188,291,0,513,0,0,0,513
08/26/2008,HPN,NY,AEA,EN,Towers with Radar,34,153,110,0,297,0,0,16,196,212,34,153,126,196,509,14,0,14,523
08/27/2008,HPN,NY,AEA,EN,Towers with Radar,37,169,133,0,339,0,23,238,0,261,37,192,371,0,600,22,0,22,622
08/28/2008,HPN,NY,AEA,EN,Towers with Radar,40,178,165,0,383,0,20,175,0,195,40,198,340,0,578,18,0,18,596
08/29/2008,HPN,NY,AEA,EN,Towers with Radar,39,166,164,0,369,0,18,195,0,213,39,184,359,0,582,12,0,12,594
08/30/2008,HPN,NY,AEA,EN,Towers with Radar,29,98,111,0,238,0,8,46,0,54,29,106,157,0,292,54,0,54,346
08/31/2008,HPN,NY,AEA,EN,Towers with Radar,31,90,102,0,223,0,12,202,0,214,31,102,304,0,437,14,0,14,451
09/01/2008,HPN,NY,AEA,EN,Towers with Radar,37,180,136,0,353,0,45,227,0,272,37,225,363,0,625,18,0,18,643
09/02/2008,HPN,NY,AEA,EN,Towers with Radar,40,148,151,0,339,0,17,182,0,199,40,165,333,0,538,12,0,12,550
09/03/2008,HPN,NY,AEA,EN,Towers with Radar,33,137,152,0,322,0,12,163,0,175,33,149,315,0,497,22,0,22,519
09/04/2008,HPN,NY,AEA,EN,Towers with Radar,23,176,165,0,364,0,8,220,7,235,23,184,385,7,599,36,0,36,635
09/05/2008,HPN,NY,AEA,EN,Towers with Radar,27,151,163,0,341,0,64,133,0,197,27,215,296,0,538,42,0,42,580
09/06/2008,HPN,NY,AEA,EN,Towers with Radar,21,60,48,0,129,0,0,1,0,1,21,60,49,0,130,0,0,0,130
09/07/2008,HPN,NY,AEA,EN,Towers with Radar,20,135,141,1,297,0,20,164,0,184,20,155,305,1,481,30,0,30,511
09/08/2008,HPN,NY,AEA,EN,Towers with Radar,31,152,166,0,349,0,17,179,0,196,31,169,345,0,545,26,0,26,571
09/09/2008,HPN,NY,AEA,EN,Towers with Radar,24,140,166,0,330,0,0,45,0,45,24,140,211,0,375,0,0,0,375
09/10/2008,HPN,NY,AEA,EN,Towers with Radar,23,156,145,0,324,0,17,157,0,174,23,173,302,0,498,50,0,50,548
09/11/2008,HPN,NY,AEA,EN,Towers with Radar,30,137,189,0,356,0,12,185,0,197,30,149,374,0,553,0,0,0,553
09/12/2008,HPN,NY,AEA,EN,Towers with Radar,24,79,141,0,244,0,1,40,0,41,24,80,181,0,285,10,0,10,295
09/13/2008,HPN,NY,AEA,EN,Towers with Radar,22,128,127,0,277,0,12,114,0,126,22,140,241,0,403,36,0,36,439
09/14/2008,HPN,NY,AEA,EN,Towers with Radar,22,128,127,0,277,0,12,114,0,126,22,140,241,0,403,36,0,36,439
09/15/2008,HPN,NY,AEA,EN,Towers with Radar,30,135,138,0,303,3,75,11,0,89,33,210,149,0,392,18,0,18,410
09/16/2008,HPN,NY,AEA,EN,Towers with Radar,33,141,158,0,332,0,15,114,0,129,33,156,272,0,461,98,0,98,559
09/17/2008,HPN,NY,AEA,EN,Towers with Radar,21,161,174,0,356,0,12,199,0,211,21,173,373,0,567,28,0,28,595
09/18/2008,HPN,NY,AEA,EN,Towers with Radar,28,174,174,0,376,0,9,165,0,174,28,183,339,0,550,14,0,14,564
09/19/2008,HPN,NY,AEA,EN,Towers with Radar,38,157,168,0,363,0,16,223,0,239,38,173,391,0,602,26,0,26,628
09/20/2008,HPN,NY,AEA,EN,Towers with Radar,24,93,118,0,235,0,10,188,0,198,24,103,306,0,433,122,0,122,555
09/21/2008,HPN,NY,AEA,EN,Towers with Radar,28,150,126,0,304,0,13,243,0,256,28,163,369,0,560,0,0,0,560
09/22/2008,HPN,NY,AEA,EN,Towers with Radar,28,152,161,0,341,0,6,77,0,83,28,158,238,0,424,0,0,0,424
09/23/2008,HPN,NY,AEA,EN,Towers with Radar,28,142,177,0,347,0,13,82,0,95,28,155,259,0,442,0,0,0,442
09/24/2008,HPN,NY,AEA,EN,Towers with Radar,27,136,162,0,325,0,3,143,0,146,27,139,305,0,471,0,0,0,471
09/25/2008,HPN,NY,AEA,EN,Towers with Radar,29,187,149,0,365,0,17,140,0,157,29,204,289,0,522,34,0,34,556
09/26/2008,HPN,NY,AEA,EN,Towers with Radar,40,161,161,0,362,0,0,3,0,3,40,161,164,0,365,0,0,0,365
09/27/2008,HPN,NY,AEA,EN,Towers with Radar,30,68,72,0,170,0,0,0,0,0,30,68,72,0,170,0,0,0,170
09/28/2008,HPN,NY,AEA,EN,Towers with Radar,23,129,134,0,286,0,1,10,0,11,23,130,144,0,297,0,0,0,297
09/29/2008,HPN,NY,AEA,EN,Towers with Radar,36,145,153,0,334,0,6,132,0,138,36,151,285,0,472,84,0,84,556
09/30/2008,HPN,NY,AEA,EN,Towers with Radar,27,156,116,0,299,0,11,113,0,124,27,167,229,0,423,54,0,54,477
10/01/2008,HPN,NY,AEA,EN,Towers with Radar,25,156,134,0,315,0,3,75,0,78,25,159,209,0,393,62,0,62,455
10/02/2008,HPN,NY,AEA,EN,Towers with Radar,28,135,148,0,311,0,8,129,0,137,28,143,277,0,448,36,0,36,484
10/03/2008,HPN,NY,AEA,EN,Towers with Radar,28,135,144,0,307,0,11,220,0,231,28,146,364,0,538,6,0,6,544
10/04/2008,HPN,NY,AEA,EN,Towers with Radar,27,65,65,0,157,0,3,222,0,225,27,68,287,0,382,86,0,86,468
10/05/2008,HPN,NY,AEA,EN,Towers with Radar,26,142,202,0,370,0,2,129,14,145,26,144,331,14,515,2,0,2,517
10/06/2008,HPN,NY,AEA,EN,Towers with Radar,28,111,130,0,269,0,4,128,9,141,28,115,258,9,410,4,0,4,414
10/07/2008,HPN,NY,AEA,EN,Towers with Radar,24,132,125,0,281,0,2,193,2,197,24,134,318,2,478,62,0,62,540
10/08/2008,HPN,NY,AEA,EN,Towers with Radar,20,170,138,1,329,0,2,187,0,189,20,172,325,1,518,74,0,74,592
10/09/2008,HPN,NY,AEA,EN,Towers with Radar,27,177,169,0,373,0,9,168,0,177,27,186,337,0,550,24,0,24,574
10/10/2008,HPN,NY,AEA,EN,Towers with Radar,30,143,130,0,303,0,26,245,1,272,30,169,375,1,575,8,0,8,583
10/11/2008,HPN,NY,AEA,EN,Towers with Radar,27,66,72,0,165,0,10,292,0,302,27,76,364,0,467,66,0,66,533
10/12/2008,HPN,NY,AEA,EN,Towers with Radar,50,126,156,0,332,0,7,336,0,343,50,133,492,0,675,32,0,32,707
10/13/2008,HPN,NY,AEA,EN,Towers with Radar,33,203,169,0,405,0,12,218,0,230,33,215,387,0,635,30,0,30,665
10/14/2008,HPN,NY,AEA,EN,Towers with Radar,25,135,158,0,318,0,2,92,0,94,25,137,250,0,412,18,0,18,430
10/15/2008,HPN,NY,AEA,EN,Towers with Radar,21,147,171,0,339,0,3,200,0,203,21,150,371,0,542,60,0,60,602
10/16/2008,HPN,NY,AEA,EN,Towers with Radar,32,161,203,0,396,0,4,85,0,89,32,165,288,0,485,0,0,0,485
10/17/2008,HPN,NY,AEA,EN,Towers with Radar,25,142,150,0,317,0,6,232,0,238,25,148,382,0,555,38,0,38,593
10/18/2008,HPN,NY,AEA,EN,Towers with Radar,27,68,71,0,166,0,3,232,0,235,27,71,303,0,401,100,0,100,501
10/19/2008,HPN,NY,AEA,EN,Towers with Radar,27,156,126,0,309,0,8,223,0,231,27,164,349,0,540,36,0,36,576
10/20/2008,HPN,NY,AEA,EN,Towers with Radar,32,123,112,0,267,0,3,191,0,194,32,126,303,0,461,8,0,8,469
10/21/2008,HPN,NY,AEA,EN,Towers with Radar,25,131,133,0,289,0,0,135,2,137,25,131,268,2,426,50,0,50,476
10/22/2008,HPN,NY,AEA,EN,Towers with Radar,41,143,125,0,309,0,2,72,0,74,41,145,197,0,383,0,0,0,383
10/23/2008,HPN,NY,AEA,EN,Towers with Radar,32,158,138,0,328,0,1,175,1,177,32,159,313,1,505,42,0,42,547
10/24/2008,HPN,NY,AEA,EN,Towers with Radar,27,139,143,0,309,0,13,228,0,241,27,152,371,0,550,80,0,80,630
10/25/2008,HPN,NY,AEA,EN,Towers with Radar,23,72,49,0,144,0,0,9,0,9,23,72,58,0,153,40,0,40,193
10/26/2008,HPN,NY,AEA,EN,Towers with Radar,23,105,117,0,245,0,3,244,0,247,23,108,361,0,492,34,0,34,526
10/27/2008,HPN,NY,AEA,EN,Towers with Radar,30,122,103,0,255,0,0,161,1,162,30,122,264,1,417,28,0,28,445
10/28/2008,HPN,NY,AEA,EN,Towers with Radar,29,146,114,1,290,0,0,4,0,4,29,146,118,1,294,0,0,0,294
10/29/2008,HPN,NY,AEA,EN,Towers with Radar,19,111,125,0,255,0,2,59,0,61,19,113,184,0,316,34,0,34,350
10/30/2008,HPN,NY,AEA,EN,Towers with Radar,27,125,107,0,259,0,15,180,0,195,27,140,287,0,454,51,0,51,505
10/31/2008,HPN,NY,AEA,EN,Towers with Radar,31,152,120,0,303,0,12,262,0,274,31,164,382,0,577,116,0,116,693
11/01/2008,HPN,NY,AEA,EN,Towers with Radar,20,71,85,0,176,0,10,214,0,224,20,81,299,0,400,54,0,54,454
11/02/2008,HPN,NY,AEA,EN,Towers with Radar,36,108,117,0,261,0,2,238,0,240,36,110,355,0,501,99,0,99,600
11/03/2008,HPN,NY,AEA,EN,Towers with Radar,44,151,166,0,361,0,0,80,0,80,44,151,246,0,441,40,0,40,481
11/04/2008,HPN,NY,AEA,EN,Towers with Radar,31,123,124,0,278,0,2,135,0,137,31,125,259,0,415,22,0,22,437
11/05/2008,HPN,NY,AEA,EN,Towers with Radar,30,155,120,0,305,0,2,80,0,82,30,157,200,0,387,54,0,54,441
11/06/2008,HPN,NY,AEA,EN,Towers with Radar,48,209,235,0,492,0,1,25,0,26,48,210,260,0,518,0,0,0,518
11/07/2008,HPN,NY,AEA,EN,Towers with Radar,63,155,179,0,397,0,0,38,0,38,63,155,217,0,435,0,0,0,435
11/08/2008,HPN,NY,AEA,EN,Towers with Radar,32,78,86,0,196,0,0,0,0,0,32,78,86,0,196,0,0,0,196
11/09/2008,HPN,NY,AEA,EN,Towers with Radar,35,131,105,0,271,0,12,257,0,269,35,143,362,0,540,56,0,56,596
11/10/2008,HPN,NY,AEA,EN,Towers with Radar,36,118,83,0,237,0,8,162,0,170,36,126,245,0,407,12,0,12,419
11/11/2008,HPN,NY,AEA,EN,Towers with Radar,28,118,108,1,255,0,1,136,1,138,28,119,244,2,393,4,0,4,397
11/12/2008,HPN,NY,AEA,EN,Towers with Radar,35,143,113,0,291,0,2,203,0,205,35,145,316,0,496,28,0,28,524
11/13/2008,HPN,NY,AEA,EN,Towers with Radar,36,155,157,0,348,0,0,9,0,9,36,155,166,0,357,8,0,8,365
11/14/2008,HPN,NY,AEA,EN,Towers with Radar,36,122,144,0,302,0,0,2,0,2,36,122,146,0,304,0,0,0,304
11/15/2008,HPN,NY,AEA,EN,Towers with Radar,27,54,67,0,148,0,0,0,0,0,27,54,67,0,148,0,0,0,148
11/16/2008,HPN,NY,AEA,EN,Towers with Radar,33,106,101,0,240,0,2,86,0,88,33,108,187,0,328,40,0,40,368
11/17/2008,HPN,NY,AEA,EN,Towers with Radar,34,98,116,0,248,0,2,154,1,157,34,100,270,1,405,0,0,0,405
11/18/2008,HPN,NY,AEA,EN,Towers with Radar,25,111,98,0,234,0,0,81,2,83,25,111,179,2,317,36,0,36,353
11/19/2008,HPN,NY,AEA,EN,Towers with Radar,27,114,123,0,264,0,2,94,0,96,27,116,217,0,360,0,0,0,360
11/20/2008,HPN,NY,AEA,EN,Towers with Radar,40,134,167,2,343,0,2,135,0,137,40,136,302,2,480,35,0,35,515
11/21/2008,HPN,NY,AEA,EN,Towers with Radar,31,135,109,0,275,0,4,145,0,149,31,139,254,0,424,42,0,42,466
11/22/2008,HPN,NY,AEA,EN,Towers with Radar,27,63,51,0,141,0,0,108,0,108,27,63,159,0,249,48,0,48,297
11/23/2008,HPN,NY,AEA,EN,Towers with Radar,38,82,100,0,220,0,1,242,1,244,38,83,342,1,464,82,0,82,546
11/24/2008,HPN,NY,AEA,EN,Towers with Radar,39,126,92,0,257,0,0,87,0,87,39,126,179,0,344,12,0,12,356
11/25/2008,HPN,NY,AEA,EN,Towers with Radar,43,204,139,2,388,0,11,49,0,60,43,215,188,2,448,20,0,20,468
11/26/2008,HPN,NY,AEA,EN,Towers with Radar,37,179,159,0,375,0,12,143,0,155,37,191,302,0,530,0,0,0,530
11/27/2008,HPN,NY,AEA,EN,Towers with Radar,23,70,31,0,124,0,2,85,0,87,23,72,116,0,211,40,0,40,251
11/28/2008,HPN,NY,AEA,EN,Towers with Radar,27,72,51,0,150,0,3,147,0,150,27,75,198,0,300,0,0,0,300
11/29/2008,HPN,NY,AEA,EN,Towers with Radar,33,97,88,0,218,0,30,205,0,235,33,127,293,0,453,44,0,44,497
11/30/2008,HPN,NY,AEA,EN,Towers with Radar,32,162,217,0,411,0,0,4,0,4,32,162,221,0,415,0,0,0,415
12/01/2008,HPN,NY,AEA,EN,Towers with Radar,39,151,122,0,312,0,2,66,0,68,39,153,188,0,380,16,0,16,396
12/02/2008,HPN,NY,AEA,EN,Towers with Radar,36,111,80,0,227,0,0,83,0,83,36,111,163,0,310,22,0,22,332
12/03/2008,HPN,NY,AEA,EN,Towers with Radar,39,125,148,0,312,0,0,179,0,179,39,125,327,0,491,48,0,48,539
12/04/2008,HPN,NY,AEA,EN,Towers with Radar,35,111,145,0,291,0,2,92,0,94,35,113,237,0,385,28,0,28,413
12/05/2008,HPN,NY,AEA,EN,Towers with Radar,31,116,129,0,276,0,4,187,0,191,31,120,316,0,467,68,0,68,535
12/06/2008,HPN,NY,AEA,EN,Towers with Radar,67,59,82,0,208,0,2,204,0,206,67,61,286,0,414,20,0,20,434
12/07/2008,HPN,NY,AEA,EN,Towers with Radar,27,98,100,0,225,0,2,42,0,44,27,100,142,0,269,0,0,0,269
12/08/2008,HPN,NY,AEA,EN,Towers with Radar,36,102,123,0,261,0,0,112,0,112,36,102,235,0,373,42,0,42,415
12/09/2008,HPN,NY,AEA,EN,Towers with Radar,28,110,120,0,258,0,0,87,0,87,28,110,207,0,345,22,0,22,367
12/10/2008,HPN,NY,AEA,EN,Towers with Radar,28,108,153,0,289,0,0,9,0,9,28,108,162,0,298,0,0,0,298
12/11/2008,HPN,NY,AEA,EN,Towers with Radar,36,126,118,0,280,0,0,3,0,3,36,126,121,0,283,0,0,0,283
12/12/2008,HPN,NY,AEA,EN,Towers with Radar,36,118,108,0,262,0,3,61,0,64,36,121,169,0,326,0,0,0,326
12/13/2008,HPN,NY,AEA,EN,Towers with Radar,27,57,84,0,168,0,1,251,0,252,27,58,335,0,420,36,0,36,456
12/14/2008,HPN,NY,AEA,EN,Towers with Radar,43,89,123,0,255,0,1,204,0,205,43,90,327,0,460,92,0,92,552
12/15/2008,HPN,NY,AEA,EN,Towers with Radar,39,133,109,0,281,0,3,96,0,99,39,136,205,0,380,16,0,16,396
12/16/2008,HPN,NY,AEA,EN,Towers with Radar,26,122,107,0,255,0,3,18,0,21,26,125,125,0,276,14,0,14,290
12/17/2008,HPN,NY,AEA,EN,Towers with Radar,27,127,111,0,265,0,0,30,0,30,27,127,141,0,295,6,0,6,301
12/18/2008,HPN,NY,AEA,EN,Towers with Radar,37,142,117,0,296,0,0,182,0,182,37,142,299,0,478,34,0,34,512
12/19/2008,HPN,NY,AEA,EN,Towers with Radar,15,70,64,0,149,0,0,13,0,13,15,70,77,0,162,0,0,0,162
12/20/2008,HPN,NY,AEA,EN,Towers with Radar,36,124,132,0,292,0,1,5,0,6,36,125,137,0,298,0,0,0,298
12/21/2008,HPN,NY,AEA,EN,Towers with Radar,25,74,46,0,145,0,0,3,0,3,25,74,49,0,148,0,0,0,148
12/22/2008,HPN,NY,AEA,EN,Towers with Radar,27,104,72,0,203,0,0,35,0,35,27,104,107,0,238,0,0,0,238
12/23/2008,HPN,NY,AEA,EN,Towers with Radar,37,128,86,0,251,0,1,74,0,75,37,129,160,0,326,12,0,12,338
12/24/2008,HPN,NY,AEA,EN,Towers with Radar,36,99,44,0,179,0,0,2,0,2,36,99,46,0,181,0,0,0,181
12/25/2008,HPN,NY,AEA,EN,Towers with Radar,37,75,49,0,161,0,0,35,0,35,37,75,84,0,196,6,0,6,202
12/26/2008,HPN,NY,AEA,EN,Towers with Radar,34,141,124,0,299,0,1,107,0,108,34,142,231,0,407,22,0,22,429
12/27/2008,HPN,NY,AEA,EN,Towers with Radar,35,114,111,0,260,0,0,2,0,2,35,114,113,0,262,0,0,0,262
12/28/2008,HPN,NY,AEA,EN,Towers with Radar,28,98,86,0,212,0,0,10,0,10,28,98,96,0,222,0,0,0,222
12/29/2008,HPN,NY,AEA,EN,Towers with Radar,38,114,68,0,220,0,0,108,0,108,38,114,176,0,328,50,0,50,378
12/30/2008,HPN,NY,AEA,EN,Towers with Radar,26,90,36,0,152,0,0,63,0,63,26,90,99,0,215,20,0,20,235
12/31/2008,HPN,NY,AEA,EN,Towers with Radar,22,64,27,0,113,0,0,1,0,1,22,64,28,0,114,0,0,0,114
01/01/2009,HPN,NY,AEA,EN,Towers with Radar,38,93,67,0,198,0,4,64,0,68,38,97,131,0,266,14,0,14,280
01/02/2009,HPN,NY,AEA,EN,Towers with Radar,39,134,104,0,277,0,2,41,0,43,39,136,145,0,320,28,0,28,348
01/03/2009,HPN,NY,AEA,EN,Towers with Radar,38,180,164,0,382,0,4,124,0,128,38,184,288,0,510,10,0,10,520
01/04/2009,HPN,NY,AEA,EN,Towers with Radar,39,167,196,0,402,0,2,166,0,168,39,169,362,0,570,60,0,60,630
01/05/2009,HPN,NY,AEA,EN,Towers with Radar,44,144,76,0,264,0,1,58,0,59,44,145,134,0,323,50,0,50,373
01/06/2009,HPN,NY,AEA,EN,Towers with Radar,25,106,95,1,227,0,1,73,1,75,25,107,168,2,302,44,0,44,346
01/07/2009,HPN,NY,AEA,EN,Towers with Radar,24,96,69,0,189,0,0,0,0,0,24,96,69,0,189,0,0,0,189
01/08/2009,HPN,NY,AEA,EN,Towers with Radar,38,122,125,0,285,0,1,68,0,69,38,123,193,0,354,0,0,0,354
01/09/2009,HPN,NY,AEA,EN,Towers with Radar,37,136,120,0,293,0,2,135,0,137,37,138,255,0,430,40,0,40,470
01/10/2009,HPN,NY,AEA,EN,Towers with Radar,28,49,49,0,126,0,0,24,0,24,28,49,73,0,150,66,0,66,216
01/11/2009,HPN,NY,AEA,EN,Towers with Radar,29,83,84,0,196,0,1,28,0,29,29,84,112,0,225,18,0,18,243
01/12/2009,HPN,NY,AEA,EN,Towers with Radar,37,117,116,0,270,0,0,77,2,79,37,117,193,2,349,0,0,0,349
01/13/2009,HPN,NY,AEA,EN,Towers with Radar,30,111,79,0,220,0,2,72,0,74,30,113,151,0,294,32,0,32,326
01/14/2009,HPN,NY,AEA,EN,Towers with Radar,32,118,95,0,245,0,0,92,0,92,32,118,187,0,337,30,0,30,367
01/15/2009,HPN,NY,AEA,EN,Towers with Radar,37,148,126,1,312,0,1,27,0,28,37,149,153,1,340,0,0,0,340
01/16/2009,HPN,NY,AEA,EN,Towers with Radar,36,143,140,0,319,0,4,99,0,103,36,147,239,0,422,0,0,0,422
01/17/2009,HPN,NY,AEA,EN,Towers with Radar,32,83,62,0,177,0,4,132,0,136,32,87,194,0,313,12,0,12,325
01/18/2009,HPN,NY,AEA,EN,Towers with Radar,32,69,53,0,154,0,1,24,0,25,32,70,77,0,179,0,0,0,179
01/19/2009,HPN,NY,AEA,EN,Towers with Radar,34,149,148,0,331,0,0,16,0,16,34,149,164,0,347,0,0,0,347
01/20/2009,HPN,NY,AEA,EN,Towers with Radar,33,124,110,0,267,0,0,60,0,60,33,124,170,0,327,0,0,0,327
01/21/2009,HPN,NY,AEA,EN,Towers with Radar,32,123,106,0,261,0,0,77,0,77,32,123,183,0,338,18,0,18,356
01/22/2009,HPN,NY,AEA,EN,Towers with Radar,34,122,107,0,263,0,1,101,1,103,34,123,208,1,366,0,0,0,366
01/23/2009,HPN,NY,AEA,EN,Towers with Radar,34,126,129,0,289,0,1,147,1,149,34,127,276,1,438,56,0,56,494
01/24/2009,HPN,NY,AEA,EN,Towers with Radar,31,69,63,0,163,0,5,90,1,96,31,74,153,1,259,20,0,20,279
01/25/2009,HPN,NY,AEA,EN,Towers with Radar,35,122,134,0,291,0,3,258,0,261,35,125,392,0,552,146,0,146,698
01/26/2009,HPN,NY,AEA,EN,Towers with Radar,37,106,98,0,241,0,3,140,2,145,37,109,238,2,386,70,0,70,456
01/27/2009,HPN,NY,AEA,EN,Towers with Radar,30,117,119,0,266,0,1,112,0,113,30,118,231,0,379,20,0,20,399
01/28/2009,HPN,NY,AEA,EN,Towers with Radar,23,80,52,0,155,0,0,0,0,0,23,80,52,0,155,0,0,0,155
01/29/2009,HPN,NY,AEA,EN,Towers with Radar,41,151,112,0,304,0,2,110,1,113,41,153,222,1,417,70,0,70,487
01/30/2009,HPN,NY,AEA,EN,Towers with Radar,40,163,121,1,325,0,11,92,0,103,40,174,213,1,428,32,0,32,460
01/31/2009,HPN,NY,AEA,EN,Towers with Radar,31,70,76,0,177,0,1,105,0,106,31,71,181,0,283,43,0,43,326
02/01/2009,HPN,NY,AEA,EN,Towers with Radar,35,91,75,2,203,0,0,233,0,233,35,91,308,2,436,114,0,114,550
02/02/2009,HPN,NY,AEA,EN,Towers with Radar,37,137,139,0,313,0,0,95,0,95,37,137,234,0,408,58,0,58,466
02/03/2009,HPN,NY,AEA,EN,Towers with Radar,32,100,73,0,205,0,0,3,0,3,32,100,76,0,208,0,0,0,208
02/04/2009,HPN,NY,AEA,EN,Towers with Radar,35,117,130,0,282,0,3,101,0,104,35,120,231,0,386,0,0,0,386
02/05/2009,HPN,NY,AEA,EN,Towers with Radar,33,147,123,0,303,0,2,113,0,115,33,149,236,0,418,0,0,0,418
02/06/2009,HPN,NY,AEA,EN,Towers with Radar,33,142,159,0,334,0,2,123,0,125,33,144,282,0,459,50,0,50,509
02/07/2009,HPN,NY,AEA,EN,Towers with Radar,31,81,86,0,198,0,0,161,1,162,31,81,247,1,360,98,0,98,458
02/08/2009,HPN,NY,AEA,EN,Towers with Radar,31,122,99,0,252,0,7,112,0,119,31,129,211,0,371,28,0,28,399
02/09/2009,HPN,NY,AEA,EN,Towers with Radar,33,127,94,0,254,0,2,190,0,192,33,129,284,0,446,120,0,120,566
02/10/2009,HPN,NY,AEA,EN,Towers with Radar,32,119,106,0,257,0,2,103,1,106,32,121,209,1,363,92,0,92,455
02/11/2009,HPN,NY,AEA,EN,Towers with Radar,32,163,152,0,347,0,3,113,0,116,32,166,265,0,463,72,0,72,535
02/12/2009,HPN,NY,AEA,EN,Towers with Radar,46,160,151,0,357,0,1,25,0,26,46,161,176,0,383,0,0,0,383
02/13/2009,HPN,NY,AEA,EN,Towers with Radar,51,190,180,0,421,0,2,98,0,100,51,192,278,0,521,0,0,0,521
02/14/2009,HPN,NY,AEA,EN,Towers with Radar,37,91,103,0,231,0,3,132,0,135,37,94,235,0,366,20,0,20,386
02/15/2009,HPN,NY,AEA,EN,Towers with Radar,36,77,96,0,209,0,0,148,0,148,36,77,244,0,357,78,0,78,435
02/16/2009,HPN,NY,AEA,EN,Towers with Radar,40,169,173,0,382,1,5,203,0,209,41,174,376,0,591,12,0,12,603
02/17/2009,HPN,NY,AEA,EN,Towers with Radar,38,147,107,0,292,0,1,133,0,134,38,148,240,0,426,18,0,18,444
02/18/2009,HPN,NY,AEA,EN,Towers with Radar,36,104,96,0,236,0,0,34,0,34,36,104,130,0,270,0,0,0,270
02/19/2009,HPN,NY,AEA,EN,Towers with Radar,42,103,112,0,257,0,0,62,0,62,42,103,174,0,319,0,0,0,319
02/20/2009,HPN,NY,AEA,EN,Towers with Radar,38,131,100,0,269,0,1,72,0,73,38,132,172,0,342,102,0,102,444
02/21/2009,HPN,NY,AEA,EN,Towers with Radar,39,90,104,0,233,0,2,186,0,188,39,92,290,0,421,34,0,34,455
02/22/2009,HPN,NY,AEA,EN,Towers with Radar,43,134,109,0,286,0,0,8,0,8,43,134,117,0,294,0,0,0,294
02/23/2009,HPN,NY,AEA,EN,Towers with Radar,40,141,110,0,291,0,0,63,0,63,40,141,173,0,354,22,0,22,376
02/24/2009,HPN,NY,AEA,EN,Towers with Radar,39,116,161,0,316,0,0,135,0,135,39,116,296,0,451,40,0,40,491
02/25/2009,HPN,NY,AEA,EN,Towers with Radar,39,115,95,0,249,0,6,150,1,157,39,121,245,1,406,126,0,126,532
02/26/2009,HPN,NY,AEA,EN,Towers with Radar,43,122,139,0,304,0,1,157,0,158,43,123,296,0,462,18,0,18,480
02/27/2009,HPN,NY,AEA,EN,Towers with Radar,41,132,128,0,301,0,4,51,0,55,41,136,179,0,356,0,0,0,356
02/28/2009,HPN,NY,AEA,EN,Towers with Radar,36,68,75,2,181,0,0,149,0,149,36,68,224,2,330,60,0,60,390
03/01/2009,HPN,NY,AEA,EN,Towers with Radar,30,101,96,0,227,0,0,38,0,38,30,101,134,0,265,12,0,12,277
03/02/2009,HPN,NY,AEA,EN,Towers with Radar,24,63,52,0,139,0,1,4,0,5,24,64,56,0,144,0,0,0,144
03/03/2009,HPN,NY,AEA,EN,Towers with Radar,39,114,110,0,263,0,2,65,0,67,39,116,175,0,330,0,0,0,330
03/04/2009,HPN,NY,AEA,EN,Towers with Radar,41,108,117,2,268,0,0,100,0,100,41,108,217,2,368,46,0,46,414
03/05/2009,HPN,NY,AEA,EN,Towers with Radar,45,129,147,0,321,0,4,141,0,145,45,133,288,0,466,0,0,0,466
03/06/2009,HPN,NY,AEA,EN,Towers with Radar,41,126,119,2,288,0,1,103,0,104,41,127,222,2,392,96,6,102,494
03/07/2009,HPN,NY,AEA,EN,Towers with Radar,37,77,72,0,186,0,0,186,1,187,37,77,258,1,373,78,0,78,451
03/08/2009,HPN,NY,AEA,EN,Towers with Radar,35,88,122,2,247,0,2,112,0,114,35,90,234,2,361,74,0,74,435
03/09/2009,HPN,NY,AEA,EN,Towers with Radar,41,107,81,0,229,0,0,24,0,24,41,107,105,0,253,0,0,0,253
03/10/2009,HPN,NY,AEA,EN,Towers with Radar,43,110,106,0,259,0,0,72,0,72,43,110,178,0,331,6,0,6,337
03/11/2009,HPN,NY,AEA,EN,Towers with Radar,44,111,100,0,255,0,0,10,0,10,44,111,110,0,265,24,0,24,289
03/12/2009,HPN,NY,AEA,EN,Towers with Radar,42,123,113,0,278,0,2,127,0,129,42,125,240,0,407,24,0,24,431
03/13/2009,HPN,NY,AEA,EN,Towers with Radar,43,145,125,0,313,0,0,187,0,187,43,145,312,0,500,6,0,6,506
03/14/2009,HPN,NY,AEA,EN,Towers with Radar,37,88,90,0,215,0,0,193,0,193,37,88,283,0,408,50,0,50,458
03/15/2009,HPN,NY,AEA,EN,Towers with Radar,36,90,109,0,235,0,0,181,0,181,36,90,290,0,416,88,0,88,504
03/16/2009,HPN,NY,AEA,EN,Towers with Radar,44,103,95,2,244,0,0,109,0,109,44,103,204,2,353,6,0,6,359
03/17/2009,HPN,NY,AEA,EN,Towers with Radar,39,123,92,0,254,0,2,124,0,126,39,125,216,0,380,28,0,28,408
03/18/2009,HPN,NY,AEA,EN,Towers with Radar,41,134,90,0,265,0,0,133,0,133,41,134,223,0,398,28,0,28,426
03/19/2009,HPN,NY,AEA,EN,Towers with Radar,43,140,118,0,301,0,1,55,0,56,43,141,173,0,357,12,0,12,369
03/20/2009,HPN,NY,AEA,EN,Towers with Radar,44,125,129,0,298,0,0,110,0,110,44,125,239,0,408,60,0,60,468
03/21/2009,HPN,NY,AEA,EN,Towers with Radar,38,87,75,0,200,0,2,219,0,221,38,89,294,0,421,161,0,161,582
03/22/2009,HPN,NY,AEA,EN,Towers with Radar,36,129,119,0,284,0,1,195,0,196,36,130,314,0,480,140,0,140,620
03/23/2009,HPN,NY,AEA,EN,Towers with Radar,41,97,83,3,224,0,1,113,0,114,41,98,196,3,338,52,0,52,390
03/24/2009,HPN,NY,AEA,EN,Towers with Radar,41,113,81,0,235,0,0,105,1,106,41,113,186,1,341,48,0,48,389
03/25/2009,HPN,NY,AEA,EN,Towers with Radar,42,138,98,0,278,0,2,156,0,158,42,140,254,0,436,110,0,110,546
03/26/2009,HPN,NY,AEA,EN,Towers with Radar,41,122,146,0,309,0,0,41,0,41,41,122,187,0,350,20,0,20,370
03/27/2009,HPN,NY,AEA,EN,Towers with Radar,43,122,110,0,275,0,1,175,1,177,43,123,285,1,452,74,0,74,526
03/28/2009,HPN,NY,AEA,EN,Towers with Radar,39,90,117,0,246,0,1,74,0,75,39,91,191,0,321,100,0,100,421
03/29/2009,HPN,NY,AEA,EN,Towers with Radar,34,68,63,0,165,0,0,0,0,0,34,68,63,0,165,0,0,0,165
03/30/2009,HPN,NY,AEA,EN,Towers with Radar,40,135,122,0,297,0,0,83,0,83,40,135,205,0,380,0,0,0,380
03/31/2009,HPN,NY,AEA,EN,Towers with Radar,40,109,130,0,279,0,2,185,0,187,40,111,315,0,466,98,0,98,564
04/01/2009,HPN,NY,AEA,EN,Towers with Radar,42,96,139,0,277,0,0,66,0,66,42,96,205,0,343,56,0,56,399
04/02/2009,HPN,NY,AEA,EN,Towers with Radar,38,139,124,0,301,0,1,90,0,91,38,140,214,0,392,100,0,100,492
04/03/2009,HPN,NY,AEA,EN,Towers with Radar,30,101,90,1,222,0,0,0,0,0,30,101,90,1,222,0,0,0,222
04/04/2009,HPN,NY,AEA,EN,Towers with Radar,38,116,111,0,265,0,0,30,0,30,38,116,141,0,295,0,0,0,295
04/05/2009,HPN,NY,AEA,EN,Towers with Radar,41,105,108,0,254,0,5,223,0,228,41,110,331,0,482,42,0,42,524
04/06/2009,HPN,NY,AEA,EN,Towers with Radar,34,115,106,0,255,0,0,5,0,5,34,115,111,0,260,0,0,0,260
04/07/2009,HPN,NY,AEA,EN,Towers with Radar,41,118,119,0,278,0,1,79,0,80,41,119,198,0,358,6,0,6,364
04/08/2009,HPN,NY,AEA,EN,Towers with Radar,42,153,132,0,327,0,0,113,0,113,42,153,245,0,440,12,0,12,452
04/09/2009,HPN,NY,AEA,EN,Towers with Radar,45,188,166,0,399,0,5,262,1,268,45,193,428,1,667,37,0,37,704
04/10/2009,HPN,NY,AEA,EN,Towers with Radar,44,118,91,0,253,0,2,125,0,127,44,120,216,0,380,18,0,18,398
04/11/2009,HPN,NY,AEA,EN,Towers with Radar,38,75,72,0,185,0,0,21,0,21,38,75,93,0,206,6,0,6,212
04/12/2009,HPN,NY,AEA,EN,Towers with Radar,45,138,137,0,320,0,0,170,0,170,45,138,307,0,490,0,0,0,490
04/13/2009,HPN,NY,AEA,EN,Towers with Radar,41,144,124,0,309,0,2,151,0,153,41,146,275,0,462,36,0,36,498
04/14/2009,HPN,NY,AEA,EN,Towers with Radar,37,134,133,0,304,0,1,92,0,93,37,135,225,0,397,54,0,54,451
04/15/2009,HPN,NY,AEA,EN,Towers with Radar,42,115,100,0,257,0,1,105,0,106,42,116,205,0,363,10,0,10,373
04/16/2009,HPN,NY,AEA,EN,Towers with Radar,43,148,141,0,332,0,5,230,0,235,43,153,371,0,567,86,0,86,653
04/17/2009,HPN,NY,AEA,EN,Towers with Radar,38,128,106,0,272,0,10,232,0,242,38,138,338,0,514,64,0,64,578
04/18/2009,HPN,NY,AEA,EN,Towers with Radar,37,66,80,0,183,0,0,205,0,205,37,66,285,0,388,74,0,74,462
04/19/2009,HPN,NY,AEA,EN,Towers with Radar,40,129,118,0,287,0,3,206,0,209,40,132,324,0,496,40,0,40,536
04/20/2009,HPN,NY,AEA,EN,Towers with Radar,43,148,137,0,328,0,2,38,0,40,43,150,175,0,368,0,0,0,368
04/21/2009,HPN,NY,AEA,EN,Towers with Radar,38,116,105,0,259,0,0,0,0,0,38,116,105,0,259,0,0,0,259
04/22/2009,HPN,NY,AEA,EN,Towers with Radar,37,133,131,0,301,0,1,97,0,98,37,134,228,0,399,12,0,12,411
04/23/2009,HPN,NY,AEA,EN,Towers with Radar,40,143,150,0,333,0,5,158,0,163,40,148,308,0,496,42,0,42,538
04/24/2009,HPN,NY,AEA,EN,Towers with Radar,40,129,114,0,283,0,11,240,1,252,40,140,354,1,535,76,2,78,613
04/25/2009,HPN,NY,AEA,EN,Towers with Radar,37,70,79,0,186,0,4,214,0,218,37,74,293,0,404,234,0,234,638
04/26/2009,HPN,NY,AEA,EN,Towers with Radar,40,104,119,0,263,0,23,264,0,287,40,127,383,0,550,124,0,124,674
04/27/2009,HPN,NY,AEA,EN,Towers with Radar,38,111,113,0,262,1,7,183,0,191,39,118,296,0,453,42,6,48,501
04/28/2009,HPN,NY,AEA,EN,Towers with Radar,41,125,137,0,303,0,4,206,0,210,41,129,343,0,513,82,0,82,595
04/29/2009,HPN,NY,AEA,EN,Towers with Radar,44,119,125,0,288,0,2,137,0,139,44,121,262,0,427,62,0,62,489
04/30/2009,HPN,NY,AEA,EN,Towers with Radar,37,136,143,0,316,0,2,169,0,171,37,138,312,0,487,22,0,22,509
05/01/2009,HPN,NY,AEA,EN,Towers with Radar,39,151,167,0,357,0,0,27,0,27,39,151,194,0,384,30,0,30,414
05/02/2009,HPN,NY,AEA,EN,Towers with Radar,40,117,119,0,276,0,5,168,0,173,40,122,287,0,449,98,0,98,547
05/03/2009,HPN,NY,AEA,EN,Towers with Radar,36,146,140,0,322,0,0,9,0,9,36,146,149,0,331,0,0,0,331
05/04/2009,HPN,NY,AEA,EN,Towers with Radar,38,119,151,2,310,0,0,10,0,10,38,119,161,2,320,14,0,14,334
05/05/2009,HPN,NY,AEA,EN,Towers with Radar,36,143,150,0,329,0,0,0,0,0,36,143,150,0,329,0,0,0,329
05/06/2009,HPN,NY,AEA,EN,Towers with Radar,34,115,160,2,311,0,3,125,0,128,34,118,285,2,439,46,0,46,485
05/07/2009,HPN,NY,AEA,EN,Towers with Radar,39,140,164,1,344,0,1,41,0,42,39,141,205,1,386,0,0,0,386
05/08/2009,HPN,NY,AEA,EN,Towers with Radar,39,118,111,0,268,0,2,237,0,239,39,120,348,0,507,60,0,60,567
05/09/2009,HPN,NY,AEA,EN,Towers with Radar,34,69,68,0,171,0,0,17,0,17,34,69,85,0,188,4,0,4,192
05/10/2009,HPN,NY,AEA,EN,Towers with Radar,41,101,117,0,259,0,1,122,0,123,41,102,239,0,382,0,0,0,382
05/11/2009,HPN,NY,AEA,EN,Towers with Radar,40,137,133,0,310,0,1,185,0,186,40,138,318,0,496,0,0,0,496
05/12/2009,HPN,NY,AEA,EN,Towers with Radar,36,130,137,1,304,0,1,212,0,213,36,131,349,1,517,58,0,58,575
05/13/2009,HPN,NY,AEA,EN,Towers with Radar,35,124,147,1,307,0,0,335,1,336,35,124,482,2,643,66,0,66,709
05/14/2009,HPN,NY,AEA,EN,Towers with Radar,42,156,128,1,327,0,0,81,0,81,42,156,209,1,408,0,0,0,408
05/15/2009,HPN,NY,AEA,EN,Towers with Radar,38,137,151,0,326,0,3,127,0,130,38,140,278,0,456,102,0,102,558
05/16/2009,HPN,NY,AEA,EN,Towers with Radar,32,81,93,0,206,0,0,4,0,4,32,81,97,0,210,20,0,20,230
05/17/2009,HPN,NY,AEA,EN,Towers with Radar,37,125,152,0,314,0,6,144,0,150,37,131,296,0,464,54,0,54,518
05/18/2009,HPN,NY,AEA,EN,Towers with Radar,38,130,135,0,303,0,1,133,0,134,38,131,268,0,437,22,0,22,459
05/19/2009,HPN,NY,AEA,EN,Towers with Radar,34,120,110,0,264,0,3,219,0,222,34,123,329,0,486,22,0,22,508
05/20/2009,HPN,NY,AEA,EN,Towers with Radar,33,117,135,0,285,0,6,318,0,324,33,123,453,0,609,76,0,76,685
05/21/2009,HPN,NY,AEA,EN,Towers with Radar,38,139,185,0,362,0,12,296,0,308,38,151,481,0,670,54,0,54,724
05/22/2009,HPN,NY,AEA,EN,Towers with Radar,39,188,132,0,359,0,37,416,0,453,39,225,548,0,812,68,0,68,880
05/23/2009,HPN,NY,AEA,EN,Towers with Radar,39,66,74,0,179,0,2,176,0,178,39,68,250,0,357,28,0,28,385
05/24/2009,HPN,NY,AEA,EN,Towers with Radar,35,78,83,0,196,0,1,30,0,31,35,79,113,0,227,18,0,18,245
05/25/2009,HPN,NY,AEA,EN,Towers with Radar,39,161,126,0,326,0,29,382,0,411,39,190,508,0,737,26,0,26,763
05/26/2009,HPN,NY,AEA,EN,Towers with Radar,36,130,100,0,266,0,9,209,1,219,36,139,309,1,485,34,0,34,519
05/27/2009,HPN,NY,AEA,EN,Towers with Radar,37,100,167,0,304,0,0,4,0,4,37,100,171,0,308,0,0,0,308
05/28/2009,HPN,NY,AEA,EN,Towers with Radar,42,147,137,0,326,0,0,0,0,0,42,147,137,0,326,0,0,0,326
05/29/2009,HPN,NY,AEA,EN,Towers with Radar,37,144,135,0,316,0,2,50,0,52,37,146,185,0,368,0,0,0,368
05/30/2009,HPN,NY,AEA,EN,Towers with Radar,33,95,65,0,193,0,10,223,0,233,33,105,288,0,426,58,0,58,484
05/31/2009,HPN,NY,AEA,EN,Towers with Radar,38,101,103,0,242,0,10,255,0,265,38,111,358,0,507,56,0,56,563
06/01/2009,HPN,NY,AEA,EN,Towers with Radar,41,108,121,0,270,0,1,203,0,204,41,109,324,0,474,70,0,70,544
06/02/2009,HPN,NY,AEA,EN,Towers with Radar,34,107,139,0,280,0,0,170,0,170,34,107,309,0,450,44,0,44,494
06/03/2009,HPN,NY,AEA,EN,Towers with Radar,34,122,150,0,306,0,2,114,0,116,34,124,264,0,422,8,0,8,430
06/04/2009,HPN,NY,AEA,EN,Towers with Radar,42,120,172,0,334,0,2,151,0,153,42,122,323,0,487,32,0,32,519
06/05/2009,HPN,NY,AEA,EN,Towers with Radar,41,101,145,0,287,0,0,6,0,6,41,101,151,0,293,0,0,0,293
06/06/2009,HPN,NY,AEA,EN,Towers with Radar,35,56,66,0,157,0,0,264,0,264,35,56,330,0,421,56,0,56,477
06/07/2009,HPN,NY,AEA,EN,Towers with Radar,39,87,129,0,255,0,7,271,1,279,39,94,400,1,534,96,0,96,630
06/08/2009,HPN,NY,AEA,EN,Towers with Radar,38,109,120,2,269,0,4,148,2,154,38,113,268,4,423,38,0,38,461
06/09/2009,HPN,NY,AEA,EN,Towers with Radar,32,110,113,0,255,0,1,11,0,12,32,111,124,0,267,0,0,0,267
06/10/2009,HPN,NY,AEA,EN,Towers with Radar,32,107,145,0,284,0,0,9,0,9,32,107,154,0,293,0,0,0,293
06/11/2009,HPN,NY,AEA,EN,Towers with Radar,42,83,104,0,229,0,0,0,0,0,42,83,104,0,229,0,0,0,229
06/12/2009,HPN,NY,AEA,EN,Towers with Radar,39,115,166,0,320,0,6,121,0,127,39,121,287,0,447,0,0,0,447
06/13/2009,HPN,NY,AEA,EN,Towers with Radar,34,78,96,0,208,0,6,219,0,225,34,84,315,0,433,140,0,140,573
06/14/2009,HPN,NY,AEA,EN,Towers with Radar,38,115,131,0,284,0,16,103,0,119,38,131,234,0,403,78,0,78,481
06/15/2009,HPN,NY,AEA,EN,Towers with Radar,37,119,177,0,333,0,2,148,1,151,37,121,325,1,484,54,0,54,538
06/16/2009,HPN,NY,AEA,EN,Towers with Radar,36,137,154,0,327,0,1,122,0,123,36,138,276,0,450,100,0,100,550
06/17/2009,HPN,NY,AEA,EN,Towers with Radar,37,164,167,0,368,0,7,335,0,342,37,171,502,0,710,78,0,78,788
06/18/2009,HPN,NY,AEA,EN,Towers with Radar,40,125,166,0,331,0,0,0,0,0,40,125,166,0,331,0,0,0,331
06/19/2009,HPN,NY,AEA,EN,Towers with Radar,37,119,183,0,339,0,6,146,0,152,37,125,329,0,491,38,0,38,529
06/20/2009,HPN,NY,AEA,EN,Towers with Radar,33,83,78,0,194,0,3,55,0,58,33,86,133,0,252,24,0,24,276
06/21/2009,HPN,NY,AEA,EN,Towers with Radar,37,126,135,0,298,0,4,72,0,76,37,130,207,0,374,0,0,0,374
06/22/2009,HPN,NY,AEA,EN,Towers with Radar,47,157,153,0,357,0,5,102,1,108,47,162,255,1,465,108,0,108,573
06/23/2009,HPN,NY,AEA,EN,Towers with Radar,39,101,146,0,286,0,7,167,0,174,39,108,313,0,460,24,0,24,484
06/24/2009,HPN,NY,AEA,EN,Towers with Radar,40,116,175,0,331,0,3,55,0,58,40,119,230,0,389,34,0,34,423
06/25/2009,HPN,NY,AEA,EN,Towers with Radar,40,124,165,0,329,0,35,156,1,192,40,159,321,1,521,68,0,68,589
06/26/2009,HPN,NY,AEA,EN,Towers with Radar,36,126,128,2,292,0,9,149,4,162,36,135,277,6,454,34,0,34,488
06/27/2009,HPN,NY,AEA,EN,Towers with Radar,38,85,99,0,222,0,7,198,0,205,38,92,297,0,427,74,0,74,501
06/28/2009,HPN,NY,AEA,EN,Towers with Radar,42,119,155,2,318,0,15,224,1,240,42,134,379,3,558,184,16,200,758
06/29/2009,HPN,NY,AEA,EN,Towers with Radar,40,133,115,0,288,0,6,246,1,253,40,139,361,1,541,156,0,156,697
06/30/2009,HPN,NY,AEA,EN,Towers with Radar,36,111,112,1,260,0,9,89,0,98,36,120,201,1,358,30,0,30,388
07/01/2009,HPN,NY,AEA,EN,Towers with Radar,40,137,160,0,337,0,11,102,1,114,40,148,262,1,451,140,0,140,591
07/02/2009,HPN,NY,AEA,EN,Towers with Radar,42,182,194,3,421,0,17,91,2,110,42,199,285,5,531,0,0,0,531
07/03/2009,HPN,NY,AEA,EN,Towers with Radar,40,120,78,0,238,0,23,250,0,273,40,143,328,0,511,111,0,111,622
07/04/2009,HPN,NY,AEA,EN,Towers with Radar,38,63,38,0,139,0,11,170,0,181,38,74,208,0,320,6,0,6,326
07/05/2009,HPN,NY,AEA,EN,Towers with Radar,40,147,123,0,310,0,42,356,0,398,40,189,479,0,708,136,0,136,844
07/06/2009,HPN,NY,AEA,EN,Towers with Radar,44,137,104,2,287,0,27,296,1,324,44,164,400,3,611,58,0,58,669
07/07/2009,HPN,NY,AEA,EN,Towers with Radar,39,123,113,0,275,0,10,157,1,168,39,133,270,1,443,62,0,62,505
07/08/2009,HPN,NY,AEA,EN,Towers with Radar,42,101,111,0,254,0,9,211,0,220,42,110,322,0,474,64,0,64,538
07/09/2009,HPN,NY,AEA,EN,Towers with Radar,40,119,138,0,297,0,11,201,0,212,40,130,339,0,509,100,0,100,609
07/10/2009,HPN,NY,AEA,EN,Towers with Radar,42,143,139,0,324,0,25,404,0,429,42,168,543,0,753,82,0,82,835
07/11/2009,HPN,NY,AEA,EN,Towers with Radar,32,87,87,0,206,0,10,262,3,275,32,97,349,3,481,136,0,136,617
07/12/2009,HPN,NY,AEA,EN,Towers with Radar,41,144,144,0,329,0,20,392,1,413,41,164,536,1,742,38,0,38,780
07/13/2009,HPN,NY,AEA,EN,Towers with Radar,41,127,136,0,304,0,29,262,0,291,41,156,398,0,595,24,0,24,619
07/14/2009,HPN,NY,AEA,EN,Towers with Radar,43,122,160,0,325,0,17,244,0,261,43,139,404,0,586,128,0,128,714
07/15/2009,HPN,NY,AEA,EN,Towers with Radar,39,122,136,0,297,0,15,244,0,259,39,137,380,0,556,76,0,76,632
07/16/2009,HPN,NY,AEA,EN,Towers with Radar,37,159,162,0,358,1,16,116,0,133,38,175,278,0,491,58,0,58,549
07/17/2009,HPN,NY,AEA,EN,Towers with Radar,43,170,148,0,361,0,33,278,0,311,43,203,426,0,672,30,0,30,702
07/18/2009,HPN,NY,AEA,EN,Towers with Radar,33,117,93,0,243,0,8,95,0,103,33,125,188,0,346,0,0,0,346
07/19/2009,HPN,NY,AEA,EN,Towers with Radar,38,158,176,0,372,0,41,185,0,226,38,199,361,0,598,0,0,0,598
07/20/2009,HPN,NY,AEA,EN,Towers with Radar,40,147,134,0,321,0,20,229,1,250,40,167,363,1,571,54,0,54,625
07/21/2009,HPN,NY,AEA,EN,Towers with Radar,41,134,161,0,336,0,0,2,0,2,41,134,163,0,338,0,0,0,338
07/22/2009,HPN,NY,AEA,EN,Towers with Radar,41,136,149,0,326,0,7,192,1,200,41,143,341,1,526,128,0,128,654
07/23/2009,HPN,NY,AEA,EN,Towers with Radar,36,172,201,0,409,0,0,21,0,21,36,172,222,0,430,0,0,0,430
07/24/2009,HPN,NY,AEA,EN,Towers with Radar,51,222,220,0,493,0,40,259,1,300,51,262,479,1,793,36,0,36,829
07/25/2009,HPN,NY,AEA,EN,Towers with Radar,41,112,114,0,267,0,10,199,0,209,41,122,313,0,476,36,0,36,512
07/26/2009,HPN,NY,AEA,EN,Towers with Radar,42,157,172,0,371,0,15,153,0,168,42,172,325,0,539,120,0,120,659
07/27/2009,HPN,NY,AEA,EN,Towers with Radar,41,136,147,0,324,0,17,212,0,229,41,153,359,0,553,88,0,88,641
07/28/2009,HPN,NY,AEA,EN,Towers with Radar,43,133,113,0,289,0,12,174,0,186,43,145,287,0,475,148,0,148,623
07/29/2009,HPN,NY,AEA,EN,Towers with Radar,39,127,163,1,330,0,0,15,0,15,39,127,178,1,345,0,0,0,345
07/30/2009,HPN,NY,AEA,EN,Towers with Radar,40,139,166,0,345,0,24,219,0,243,40,163,385,0,588,54,0,54,642
07/31/2009,HPN,NY,AEA,EN,Towers with Radar,39,168,163,0,370,0,7,40,0,47,39,175,203,0,417,0,0,0,417
08/01/2009,HPN,NY,AEA,EN,Towers with Radar,32,96,85,0,213,0,14,350,1,365,32,110,435,1,578,94,0,94,672
08/02/2009,HPN,NY,AEA,EN,Towers with Radar,37,139,138,1,315,0,12,44,0,56,37,151,182,1,371,0,0,0,371
08/03/2009,HPN,NY,AEA,EN,Towers with Radar,41,137,134,0,312,0,18,289,0,307,41,155,423,0,619,214,0,214,833
08/04/2009,HPN,NY,AEA,EN,Towers with Radar,39,109,118,0,266,0,5,184,0,189,39,114,302,0,455,110,0,110,565
08/05/2009,HPN,NY,AEA,EN,Towers with Radar,42,138,136,0,316,0,8,106,0,114,42,146,242,0,430,70,0,70,500
08/06/2009,HPN,NY,AEA,EN,Towers with Radar,42,158,110,1,311,0,39,234,0,273,42,197,344,1,584,118,0,118,702
08/07/2009,HPN,NY,AEA,EN,Towers with Radar,52,160,148,0,360,0,46,407,0,453,52,206,555,0,813,62,0,62,875
08/08/2009,HPN,NY,AEA,EN,Towers with Radar,42,98,64,0,204,0,20,352,1,373,42,118,416,1,577,214,0,214,791
08/09/2009,HPN,NY,AEA,EN,Towers with Radar,38,167,158,0,363,0,1,89,0,90,38,168,247,0,453,70,0,70,523
08/10/2009,HPN,NY,AEA,EN,Towers with Radar,38,136,121,0,295,0,16,229,0,245,38,152,350,0,540,214,0,214,754
08/11/2009,HPN,NY,AEA,EN,Towers with Radar,40,114,92,0,246,0,8,142,0,150,40,122,234,0,396,48,0,48,444
08/12/2009,HPN,NY,AEA,EN,Towers with Radar,41,120,142,0,303,0,5,71,0,76,41,125,213,0,379,10,0,10,389
08/13/2009,HPN,NY,AEA,EN,Towers with Radar,39,184,164,0,387,0,7,96,0,103,39,191,260,0,490,38,0,38,528
08/14/2009,HPN,NY,AEA,EN,Towers with Radar,53,149,174,2,378,0,30,372,1,403,53,179,546,3,781,144,0,144,925
08/15/2009,HPN,NY,AEA,EN,Towers with Radar,36,67,72,0,175,0,13,221,4,238,36,80,293,4,413,40,0,40,453
08/16/2009,HPN,NY,AEA,EN,Towers with Radar,40,128,109,2,279,0,23,326,0,349,40,151,435,2,628,136,0,136,764
08/17/2009,HPN,NY,AEA,EN,Towers with Radar,41,143,117,0,301,0,21,249,0,270,41,164,366,0,571,52,0,52,623
08/18/2009,HPN,NY,AEA,EN,Towers with Radar,42,136,100,0,278,0,16,236,1,253,42,152,336,1,531,68,0,68,599
08/19/2009,HPN,NY,AEA,EN,Towers with Radar,44,144,99,0,287,0,16,191,0,207,44,160,290,0,494,16,0,16,510
08/20/2009,HPN,NY,AEA,EN,Towers with Radar,60,162,106,0,328,0,29,202,0,231,60,191,308,0,559,2,0,2,561
08/21/2009,HPN,NY,AEA,EN,Towers with Radar,44,139,154,0,337,0,25,158,0,183,44,164,312,0,520,4,0,4,524
08/22/2009,HPN,NY,AEA,EN,Towers with Radar,36,116,81,0,233,0,9,38,0,47,36,125,119,0,280,20,0,20,300
08/23/2009,HPN,NY,AEA,EN,Towers with Radar,43,160,149,0,352,0,12,112,0,124,43,172,261,0,476,98,0,98,574
08/24/2009,HPN,NY,AEA,EN,Towers with Radar,43,122,106,0,271,0,19,251,1,271,43,141,357,1,542,48,0,48,590
08/25/2009,HPN,NY,AEA,EN,Towers with Radar,44,125,93,0,262,0,15,232,0,247,44,140,325,0,509,126,0,126,635
08/26/2009,HPN,NY,AEA,EN,Towers with Radar,43,134,131,0,308,0,12,266,0,278,43,146,397,0,586,74,0,74,660
08/27/2009,HPN,NY,AEA,EN,Towers with Radar,43,137,111,1,292,0,13,245,0,258,43,150,356,1,550,122,0,122,672
08/28/2009,HPN,NY,AEA,EN,Towers with Radar,46,151,128,0,325,0,4,42,0,46,46,155,170,0,371,0,0,0,371
08/29/2009,HPN,NY,AEA,EN,Towers with Radar,39,77,74,0,190,0,0,1,0,1,39,77,75,0,191,0,0,0,191
08/30/2009,HPN,NY,AEA,EN,Towers with Radar,42,143,142,0,327,0,17,163,1,181,42,160,305,1,508,10,0,10,518
08/31/2009,HPN,NY,AEA,EN,Towers with Radar,44,127,96,0,267,0,23,163,1,187,44,150,259,1,454,0,0,0,454
09/01/2009,HPN,NY,AEA,EN,Towers with Radar,44,100,103,0,247,0,15,287,1,303,44,115,390,1,550,154,0,154,704
09/02/2009,HPN,NY,AEA,EN,Towers with Radar,44,115,109,1,269,0,16,354,0,370,44,131,463,1,639,156,0,156,795
09/03/2009,HPN,NY,AEA,EN,Towers with Radar,47,121,116,0,284,0,28,330,0,358,47,149,446,0,642,58,0,58,700
09/04/2009,HPN,NY,AEA,EN,Towers with Radar,52,169,145,0,366,0,43,320,1,364,52,212,465,1,730,74,0,74,804
09/05/2009,HPN,NY,AEA,EN,Towers with Radar,35,58,75,0,168,0,14,236,0,250,35,72,311,0,418,174,0,174,592
09/06/2009,HPN,NY,AEA,EN,Towers with Radar,38,84,67,0,189,0,19,260,1,280,38,103,327,1,469,28,0,28,497
09/07/2009,HPN,NY,AEA,EN,Towers with Radar,42,155,126,0,323,0,33,321,0,354,42,188,447,0,677,58,0,58,735
09/08/2009,HPN,NY,AEA,EN,Towers with Radar,48,172,133,0,353,0,20,230,0,250,48,192,363,0,603,34,0,34,637
09/09/2009,HPN,NY,AEA,EN,Towers with Radar,36,117,140,0,293,0,3,75,0,78,36,120,215,0,371,48,0,48,419
09/10/2009,HPN,NY,AEA,EN,Towers with Radar,39,144,155,0,338,0,15,151,0,166,39,159,306,0,504,110,0,110,614
09/11/2009,HPN,NY,AEA,EN,Towers with Radar,41,142,144,2,329,0,0,7,0,7,41,142,151,2,336,0,0,0,336
09/12/2009,HPN,NY,AEA,EN,Towers with Radar,32,74,113,0,219,0,0,14,1,15,32,74,127,1,234,0,0,0,234
09/13/2009,HPN,NY,AEA,EN,Towers with Radar,43,128,148,0,319,0,14,273,0,287,43,142,421,0,606,70,0,70,676
09/14/2009,HPN,NY,AEA,EN,Towers with Radar,39,129,164,0,332,0,9,164,0,173,39,138,328,0,505,28,0,28,533
09/15/2009,HPN,NY,AEA,EN,Towers with Radar,32,127,152,1,312,0,7,267,0,274,32,134,419,1,586,66,0,66,652
09/16/2009,HPN,NY,AEA,EN,Towers with Radar,33,124,184,0,341,0,3,117,0,120,33,127,301,0,461,134,0,134,595
09/17/2009,HPN,NY,AEA,EN,Towers with Radar,40,136,162,0,338,0,6,140,1,147,40,142,302,1,485,54,0,54,539
09/18/2009,HPN,NY,AEA,EN,Towers with Radar,44,145,151,2,342,0,12,213,0,225,44,157,364,2,567,52,0,52,619
09/19/2009,HPN,NY,AEA,EN,Towers with Radar,39,80,60,1,180,0,12,261,0,273,39,92,321,1,453,98,0,98,551
09/20/2009,HPN,NY,AEA,EN,Towers with Radar,40,132,155,0,327,0,28,395,3,426,40,160,550,3,753,182,0,182,935
09/21/2009,HPN,NY,AEA,EN,Towers with Radar,40,127,159,0,326,0,10,171,0,181,40,137,330,0,507,146,0,146,653
09/22/2009,HPN,NY,AEA,EN,Towers with Radar,34,116,152,0,302,0,5,108,0,113,34,121,260,0,415,0,0,0,415
09/23/2009,HPN,NY,AEA,EN,Towers with Radar,36,133,169,0,338,0,1,114,0,115,36,134,283,0,453,0,0,0,453
09/24/2009,HPN,NY,AEA,EN,Towers with Radar,42,123,155,0,320,0,10,148,0,158,42,133,303,0,478,24,0,24,502
09/25/2009,HPN,NY,AEA,EN,Towers with Radar,40,135,147,0,322,0,19,209,0,228,40,154,356,0,550,60,0,60,610
09/26/2009,HPN,NY,AEA,EN,Towers with Radar,35,77,92,0,204,0,17,269,0,286,35,94,361,0,490,130,0,130,620
09/27/2009,HPN,NY,AEA,EN,Towers with Radar,38,105,168,0,311,0,0,0,0,0,38,105,168,0,311,0,0,0,311
09/28/2009,HPN,NY,AEA,EN,Towers with Radar,46,145,150,0,341,0,14,130,2,146,46,159,280,2,487,136,0,136,623
09/29/2009,HPN,NY,AEA,EN,Towers with Radar,34,103,136,0,273,0,1,124,0,125,34,104,260,0,398,106,0,106,504
09/30/2009,HPN,NY,AEA,EN,Towers with Radar,37,107,172,0,316,0,5,147,1,153,37,112,319,1,469,44,0,44,513
10/01/2009,HPN,NY,AEA,EN,Towers with Radar,41,120,172,0,333,0,4,207,0,211,41,124,379,0,544,98,0,98,642
10/02/2009,HPN,NY,AEA,EN,Towers with Radar,48,160,173,0,381,0,10,202,1,213,48,170,375,1,594,120,0,120,714
10/03/2009,HPN,NY,AEA,EN,Towers with Radar,32,66,86,0,184,0,0,2,0,2,32,66,88,0,186,0,0,0,186
10/04/2009,HPN,NY,AEA,EN,Towers with Radar,40,105,130,0,275,0,8,207,0,215,40,113,337,0,490,146,0,146,636
10/05/2009,HPN,NY,AEA,EN,Towers with Radar,42,89,126,2,259,0,1,113,0,114,42,90,239,2,373,84,0,84,457
10/06/2009,HPN,NY,AEA,EN,Towers with Radar,40,108,119,0,267,0,1,180,3,184,40,109,299,3,451,60,0,60,511
10/07/2009,HPN,NY,AEA,EN,Towers with Radar,43,135,120,0,298,0,2,46,0,48,43,137,166,0,346,20,0,20,366
10/08/2009,HPN,NY,AEA,EN,Towers with Radar,40,144,146,0,330,0,10,251,0,261,40,154,397,0,591,98,0,98,689
10/09/2009,HPN,NY,AEA,EN,Towers with Radar,44,205,195,0,444,0,35,129,0,164,44,240,324,0,608,122,0,122,730
10/10/2009,HPN,NY,AEA,EN,Towers with Radar,32,75,94,0,201,0,3,121,0,124,32,78,215,0,325,46,0,46,371
10/11/2009,HPN,NY,AEA,EN,Towers with Radar,40,96,88,0,224,0,21,225,0,246,40,117,313,0,470,75,0,75,545
10/12/2009,HPN,NY,AEA,EN,Towers with Radar,46,186,196,0,428,0,26,273,0,299,46,212,469,0,727,62,0,62,789
10/13/2009,HPN,NY,AEA,EN,Towers with Radar,38,117,157,0,312,0,6,134,0,140,38,123,291,0,452,4,0,4,456
10/14/2009,HPN,NY,AEA,EN,Towers with Radar,37,124,123,0,284,0,4,223,0,227,37,128,346,0,511,86,0,86,597
10/15/2009,HPN,NY,AEA,EN,Towers with Radar,41,132,146,0,319,0,1,61,0,62,41,133,207,0,381,0,0,0,381
10/16/2009,HPN,NY,AEA,EN,Towers with Radar,44,151,132,0,327,0,4,71,1,76,44,155,203,1,403,16,0,16,419
10/17/2009,HPN,NY,AEA,EN,Towers with Radar,36,88,74,0,198,0,4,80,0,84,36,92,154,0,282,108,0,108,390
10/18/2009,HPN,NY,AEA,EN,Towers with Radar,39,106,127,0,272,0,0,14,0,14,39,106,141,0,286,0,0,0,286
10/19/2009,HPN,NY,AEA,EN,Towers with Radar,46,118,122,0,286,0,7,164,0,171,46,125,286,0,457,54,0,54,511
10/20/2009,HPN,NY,AEA,EN,Towers with Radar,38,120,157,0,315,0,2,125,0,127,38,122,282,0,442,14,0,14,456
10/21/2009,HPN,NY,AEA,EN,Towers with Radar,37,138,175,2,352,0,8,186,0,194,37,146,361,2,546,144,0,144,690
10/22/2009,HPN,NY,AEA,EN,Towers with Radar,39,142,147,0,328,0,7,255,0,262,39,149,402,0,590,44,0,44,634
10/23/2009,HPN,NY,AEA,EN,Towers with Radar,44,138,139,0,321,0,2,98,1,101,44,140,237,1,422,22,0,22,444
10/24/2009,HPN,NY,AEA,EN,Towers with Radar,34,75,89,1,199,0,0,2,0,2,34,75,91,1,201,0,0,0,201
10/25/2009,HPN,NY,AEA,EN,Towers with Radar,42,101,115,1,259,0,5,248,0,253,42,106,363,1,512,118,0,118,630
10/26/2009,HPN,NY,AEA,EN,Towers with Radar,44,124,112,0,280,0,3,194,0,197,44,127,306,0,477,164,0,164,641
10/27/2009,HPN,NY,AEA,EN,Towers with Radar,37,106,157,0,300,0,0,3,0,3,37,106,160,0,303,0,0,0,303
10/28/2009,HPN,NY,AEA,EN,Towers with Radar,38,137,141,0,316,0,0,0,0,0,38,137,141,0,316,0,0,0,316
10/29/2009,HPN,NY,AEA,EN,Towers with Radar,41,136,181,0,358,0,8,152,0,160,41,144,333,0,518,86,0,86,604
10/30/2009,HPN,NY,AEA,EN,Towers with Radar,43,139,151,0,333,0,0,224,0,224,43,139,375,0,557,178,0,178,735
10/31/2009,HPN,NY,AEA,EN,Towers with Radar,34,77,86,0,197,0,0,22,0,22,34,77,108,0,219,0,0,0,219
11/01/2009,HPN,NY,AEA,EN,Towers with Radar,45,134,170,0,349,0,7,131,0,138,45,141,301,0,487,98,0,98,585
11/02/2009,HPN,NY,AEA,EN,Towers with Radar,48,116,119,0,283,0,0,110,0,110,48,116,229,0,393,88,0,88,481
11/03/2009,HPN,NY,AEA,EN,Towers with Radar,47,108,118,0,273,0,4,190,0,194,47,112,308,0,467,45,0,45,512
11/04/2009,HPN,NY,AEA,EN,Towers with Radar,46,125,131,0,302,0,2,175,0,177,46,127,306,0,479,114,0,114,593
11/05/2009,HPN,NY,AEA,EN,Towers with Radar,46,130,166,0,342,0,0,113,0,113,46,130,279,0,455,60,0,60,515
11/06/2009,HPN,NY,AEA,EN,Towers with Radar,49,141,139,1,330,0,11,183,0,194,49,152,322,1,524,18,0,18,542
11/07/2009,HPN,NY,AEA,EN,Towers with Radar,43,68,87,1,199,0,6,258,0,264,43,74,345,1,463,130,0,130,593
11/08/2009,HPN,NY,AEA,EN,Towers with Radar,48,139,143,0,330,0,8,273,0,281,48,147,416,0,611,93,0,93,704
11/09/2009,HPN,NY,AEA,EN,Towers with Radar,48,111,115,0,274,0,5,123,0,128,48,116,238,0,402,164,0,164,566
11/10/2009,HPN,NY,AEA,EN,Towers with Radar,47,124,147,0,318,0,1,202,0,203,47,125,349,0,521,274,0,274,795
11/11/2009,HPN,NY,AEA,EN,Towers with Radar,45,113,129,0,287,0,1,170,0,171,45,114,299,0,458,64,0,64,522
11/12/2009,HPN,NY,AEA,EN,Towers with Radar,47,117,150,0,314,0,1,94,2,97,47,118,244,2,411,0,0,0,411
11/13/2009,HPN,NY,AEA,EN,Towers with Radar,47,112,137,0,296,0,0,64,0,64,47,112,201,0,360,0,0,0,360
11/14/2009,HPN,NY,AEA,EN,Towers with Radar,45,71,92,0,208,0,0,7,0,7,45,71,99,0,215,0,0,0,215
11/15/2009,HPN,NY,AEA,EN,Towers with Radar,45,109,162,2,318,0,1,117,0,118,45,110,279,2,436,106,0,106,542
11/16/2009,HPN,NY,AEA,EN,Towers with Radar,48,111,131,0,290,0,2,178,0,180,48,113,309,0,470,102,0,102,572
11/17/2009,HPN,NY,AEA,EN,Towers with Radar,45,108,149,0,302,0,0,201,0,201,45,108,350,0,503,24,0,24,527
11/18/2009,HPN,NY,AEA,EN,Towers with Radar,47,140,135,0,322,0,1,201,0,202,47,141,336,0,524,64,0,64,588
11/19/2009,HPN,NY,AEA,EN,Towers with Radar,47,133,196,0,376,0,2,48,0,50,47,135,244,0,426,0,0,0,426
11/20/2009,HPN,NY,AEA,EN,Towers with Radar,48,121,153,1,323,0,3,194,0,197,48,124,347,1,520,16,0,16,536
11/21/2009,HPN,NY,AEA,EN,Towers with Radar,42,81,98,0,221,0,1,262,0,263,42,82,360,0,484,82,0,82,566
11/22/2009,HPN,NY,AEA,EN,Towers with Radar,45,93,110,2,250,0,4,213,0,217,45,97,323,2,467,114,0,114,581
11/23/2009,HPN,NY,AEA,EN,Towers with Radar,47,107,138,0,292,0,0,62,0,62,47,107,200,0,354,30,0,30,384
11/24/2009,HPN,NY,AEA,EN,Towers with Radar,48,196,202,0,446,0,4,128,0,132,48,200,330,0,578,0,0,0,578
11/25/2009,HPN,NY,AEA,EN,Towers with Radar,48,217,199,1,465,0,0,5,0,5,48,217,204,1,470,0,0,0,470
11/26/2009,HPN,NY,AEA,EN,Towers with Radar,36,97,55,0,188,0,0,20,0,20,36,97,75,0,208,0,0,0,208
11/27/2009,HPN,NY,AEA,EN,Towers with Radar,39,96,52,0,187,0,3,26,0,29,39,99,78,0,216,8,0,8,224
11/28/2009,HPN,NY,AEA,EN,Towers with Radar,54,100,75,0,229,0,2,25,0,27,54,102,100,0,256,8,0,8,264
11/29/2009,HPN,NY,AEA,EN,Towers with Radar,45,198,210,0,453,0,15,400,1,416,45,213,610,1,869,20,0,20,889
11/30/2009,HPN,NY,AEA,EN,Towers with Radar,48,139,136,0,323,0,0,98,0,98,48,139,234,0,421,32,0,32,453
12/01/2009,HPN,NY,AEA,EN,Towers with Radar,48,100,163,0,311,0,1,156,1,158,48,101,319,1,469,32,0,32,501
12/02/2009,HPN,NY,AEA,EN,Towers with Radar,49,110,165,0,324,0,1,133,0,134,49,111,298,0,458,60,0,60,518
12/03/2009,HPN,NY,AEA,EN,Towers with Radar,51,128,144,0,323,0,3,66,1,70,51,131,210,1,393,6,0,6,399
12/04/2009,HPN,NY,AEA,EN,Towers with Radar,48,115,139,0,302,0,8,225,0,233,48,123,364,0,535,76,0,76,611
12/05/2009,HPN,NY,AEA,EN,Towers with Radar,37,46,58,0,141,0,1,39,1,41,37,47,97,1,182,84,0,84,266
12/06/2009,HPN,NY,AEA,EN,Towers with Radar,47,111,119,0,277,0,10,254,0,264,47,121,373,0,541,98,0,98,639
12/07/2009,HPN,NY,AEA,EN,Towers with Radar,45,117,155,0,317,0,4,153,0,157,45,121,308,0,474,46,0,46,520
12/08/2009,HPN,NY,AEA,EN,Towers with Radar,46,107,144,0,297,0,2,218,0,220,46,109,362,0,517,54,0,54,571
12/09/2009,HPN,NY,AEA,EN,Towers with Radar,48,100,110,0,258,0,0,1,0,1,48,100,111,0,259,0,0,0,259
12/10/2009,HPN,NY,AEA,EN,Towers with Radar,47,117,148,0,312,0,2,110,0,112,47,119,258,0,424,0,0,0,424
12/11/2009,HPN,NY,AEA,EN,Towers with Radar,48,116,130,0,294,0,6,95,0,101,48,122,225,0,395,0,0,0,395
12/12/2009,HPN,NY,AEA,EN,Towers with Radar,38,55,63,0,156,0,4,88,0,92,38,59,151,0,248,0,0,0,248
12/13/2009,HPN,NY,AEA,EN,Towers with Radar,45,100,95,0,240,0,3,45,0,48,45,103,140,0,288,70,0,70,358
12/14/2009,HPN,NY,AEA,EN,Towers with Radar,42,102,143,0,287,0,0,181,0,181,42,102,324,0,468,96,0,96,564
12/15/2009,HPN,NY,AEA,EN,Towers with Radar,47,112,120,0,279,0,1,74,1,76,47,113,194,1,355,16,0,16,371
12/16/2009,HPN,NY,AEA,EN,Towers with Radar,50,106,116,0,272,0,3,106,3,112,50,109,222,3,384,16,0,16,400
12/17/2009,HPN,NY,AEA,EN,Towers with Radar,43,111,122,0,276,0,2,106,0,108,43,113,228,0,384,22,0,22,406
12/18/2009,HPN,NY,AEA,EN,Towers with Radar,42,140,183,0,365,0,8,169,1,178,42,148,352,1,543,76,0,76,619
12/19/2009,HPN,NY,AEA,EN,Towers with Radar,26,65,110,0,201,0,3,86,0,89,26,68,196,0,290,60,0,60,350
12/20/2009,HPN,NY,AEA,EN,Towers with Radar,32,108,72,0,212,0,6,45,0,51,32,114,117,0,263,4,0,4,267
12/21/2009,HPN,NY,AEA,EN,Towers with Radar,48,143,121,0,312,0,5,85,2,92,48,148,206,2,404,8,0,8,412
12/22/2009,HPN,NY,AEA,EN,Towers with Radar,45,148,96,0,289,0,3,164,0,167,45,151,260,0,456,66,0,66,522
12/23/2009,HPN,NY,AEA,EN,Towers with Radar,44,146,104,0,294,0,5,128,0,133,44,151,232,0,427,12,0,12,439
12/24/2009,HPN,NY,AEA,EN,Towers with Radar,46,102,62,0,210,0,9,93,1,103,46,111,155,1,313,26,0,26,339
12/25/2009,HPN,NY,AEA,EN,Towers with Radar,46,107,46,0,199,0,1,13,0,14,46,108,59,0,213,0,0,0,213
12/26/2009,HPN,NY,AEA,EN,Towers with Radar,51,150,138,0,339,0,0,0,0,0,51,150,138,0,339,0,0,0,339
12/27/2009,HPN,NY,AEA,EN,Towers with Radar,48,141,109,0,298,0,1,200,0,201,48,142,309,0,499,153,0,153,652
12/28/2009,HPN,NY,AEA,EN,Towers with Radar,46,113,47,0,206,0,5,68,0,73,46,118,115,0,279,0,0,0,279
12/29/2009,HPN,NY,AEA,EN,Towers with Radar,45,119,31,0,195,0,2,43,0,45,45,121,74,0,240,0,0,0,240
12/30/2009,HPN,NY,AEA,EN,Towers with Radar,45,102,83,0,230,0,0,185,0,185,45,102,268,0,415,26,0,26,441
12/31/2009,HPN,NY,AEA,EN,Towers with Radar,44,74,29,0,147,0,0,11,0,11,44,74,40,0,158,0,0,0,158
01/01/2010,HPN,NY,AEA,EN,Towers with Radar,44,98,65,0,207,0,0,11,0,11,44,98,76,0,218,12,0,12,230
01/02/2010,HPN,NY,AEA,EN,Towers with Radar,44,172,180,0,396,0,1,28,0,29,44,173,208,0,425,0,0,0,425
01/03/2010,HPN,NY,AEA,EN,Towers with Radar,42,189,195,3,429,0,1,12,0,13,42,190,207,3,442,0,0,0,442
01/04/2010,HPN,NY,AEA,EN,Towers with Radar,43,128,104,0,275,0,3,82,0,85,43,131,186,0,360,40,0,40,400
01/05/2010,HPN,NY,AEA,EN,Towers with Radar,40,101,118,0,259,0,4,103,0,107,40,105,221,0,366,6,0,6,372
01/06/2010,HPN,NY,AEA,EN,Towers with Radar,43,105,83,0,231,0,1,105,0,106,43,106,188,0,337,34,0,34,371
01/07/2010,HPN,NY,AEA,EN,Towers with Radar,38,101,76,0,215,0,0,162,0,162,38,101,238,0,377,36,0,36,413
01/08/2010,HPN,NY,AEA,EN,Towers with Radar,48,99,102,0,249,0,1,25,0,26,48,100,127,0,275,0,0,0,275
01/09/2010,HPN,NY,AEA,EN,Towers with Radar,45,54,57,0,156,0,0,123,1,124,45,54,180,1,280,30,0,30,310
01/10/2010,HPN,NY,AEA,EN,Towers with Radar,43,95,86,0,224,0,3,162,1,166,43,98,248,1,390,90,0,90,480
01/11/2010,HPN,NY,AEA,EN,Towers with Radar,50,112,99,0,261,0,2,114,0,116,50,114,213,0,377,18,0,18,395
01/12/2010,HPN,NY,AEA,EN,Towers with Radar,42,104,104,0,250,0,0,125,0,125,42,104,229,0,375,68,0,68,443
01/13/2010,HPN,NY,AEA,EN,Towers with Radar,43,100,98,0,241,0,1,127,0,128,43,101,225,0,369,20,0,20,389
01/14/2010,HPN,NY,AEA,EN,Towers with Radar,49,115,142,0,306,0,5,166,0,171,49,120,308,0,477,40,0,40,517
01/15/2010,HPN,NY,AEA,EN,Towers with Radar,48,174,176,0,398,0,3,202,0,205,48,177,378,0,603,36,0,36,639
01/16/2010,HPN,NY,AEA,EN,Towers with Radar,44,54,63,0,161,0,0,230,0,230,44,54,293,0,391,182,0,182,573
01/17/2010,HPN,NY,AEA,EN,Towers with Radar,43,77,59,0,179,0,0,28,0,28,43,77,87,0,207,76,0,76,283
01/18/2010,HPN,NY,AEA,EN,Towers with Radar,48,134,139,0,321,0,4,109,0,113,48,138,248,0,434,52,0,52,486
01/19/2010,HPN,NY,AEA,EN,Towers with Radar,43,110,111,0,264,0,0,29,0,29,43,110,140,0,293,0,0,0,293
01/20/2010,HPN,NY,AEA,EN,Towers with Radar,42,129,124,0,295,0,1,86,1,88,42,130,210,1,383,39,0,39,422
01/21/2010,HPN,NY,AEA,EN,Towers with Radar,46,124,98,0,268,0,4,159,0,163,46,128,257,0,431,36,0,36,467
01/22/2010,HPN,NY,AEA,EN,Towers with Radar,47,115,117,0,279,0,4,144,1,149,47,119,261,1,428,22,0,22,450
01/23/2010,HPN,NY,AEA,EN,Towers with Radar,43,59,57,0,159,0,3,283,0,286,43,62,340,0,445,74,0,74,519
01/24/2010,HPN,NY,AEA,EN,Towers with Radar,40,141,136,0,317,0,0,51,0,51,40,141,187,0,368,64,0,64,432
01/25/2010,HPN,NY,AEA,EN,Towers with Radar,39,109,114,0,262,0,0,3,0,3,39,109,117,0,265,0,0,0,265
01/26/2010,HPN,NY,AEA,EN,Towers with Radar,40,124,109,1,274,0,11,97,0,108,40,135,206,1,382,10,0,10,392
01/27/2010,HPN,NY,AEA,EN,Towers with Radar,41,129,139,0,309,0,5,104,0,109,41,134,243,0,418,78,0,78,496
01/28/2010,HPN,NY,AEA,EN,Towers with Radar,48,117,98,0,263,0,1,22,0,23,48,118,120,0,286,0,0,0,286
01/29/2010,HPN,NY,AEA,EN,Towers with Radar,48,123,91,0,262,0,8,74,0,82,48,131,165,0,344,18,0,18,362
01/30/2010,HPN,NY,AEA,EN,Towers with Radar,43,55,70,0,168,0,2,106,0,108,43,57,176,0,276,30,0,30,306
01/31/2010,HPN,NY,AEA,EN,Towers with Radar,44,113,101,3,261,0,2,228,0,230,44,115,329,3,491,50,0,50,541
02/01/2010,HPN,NY,AEA,EN,Towers with Radar,47,100,86,1,234,0,2,115,0,117,47,102,201,1,351,12,0,12,363
02/02/2010,HPN,NY,AEA,EN,Towers with Radar,42,91,80,0,213,0,1,121,0,122,42,92,201,0,335,24,0,24,359
02/03/2010,HPN,NY,AEA,EN,Towers with Radar,42,114,138,0,294,0,0,60,0,60,42,114,198,0,354,0,0,0,354
02/04/2010,HPN,NY,AEA,EN,Towers with Radar,47,143,114,0,304,0,5,186,0,191,47,148,300,0,495,46,0,46,541
02/05/2010,HPN,NY,AEA,EN,Towers with Radar,48,150,131,0,329,0,5,143,0,148,48,155,274,0,477,84,0,84,561
02/06/2010,HPN,NY,AEA,EN,Towers with Radar,44,46,32,0,122,0,1,22,1,24,44,47,54,1,146,16,0,16,162
02/07/2010,HPN,NY,AEA,EN,Towers with Radar,47,97,68,0,212,0,3,145,2,150,47,100,213,2,362,76,0,76,438
02/08/2010,HPN,NY,AEA,EN,Towers with Radar,49,129,108,0,286,0,8,132,0,140,49,137,240,0,426,34,0,34,460
02/09/2010,HPN,NY,AEA,EN,Towers with Radar,40,150,169,0,359,0,4,116,0,120,40,154,285,0,479,74,0,74,553
02/10/2010,HPN,NY,AEA,EN,Towers with Radar,5,22,20,0,47,0,0,0,0,0,5,22,20,0,47,0,0,0,47
02/11/2010,HPN,NY,AEA,EN,Towers with Radar,45,242,221,0,508,0,3,126,0,129,45,245,347,0,637,0,0,0,637
02/12/2010,HPN,NY,AEA,EN,Towers with Radar,36,189,202,0,427,0,3,152,0,155,36,192,354,0,582,84,0,84,666
02/13/2010,HPN,NY,AEA,EN,Towers with Radar,40,102,90,0,232,0,5,123,0,128,40,107,213,0,360,98,0,98,458
02/14/2010,HPN,NY,AEA,EN,Towers with Radar,45,89,72,0,206,0,2,105,0,107,45,91,177,0,313,4,0,4,317
02/15/2010,HPN,NY,AEA,EN,Towers with Radar,43,163,146,0,352,0,5,144,0,149,43,168,290,0,501,68,0,68,569
02/16/2010,HPN,NY,AEA,EN,Towers with Radar,43,149,150,1,343,0,0,0,0,0,43,149,150,1,343,0,0,0,343
02/17/2010,HPN,NY,AEA,EN,Towers with Radar,48,118,113,0,279,0,0,85,0,85,48,118,198,0,364,54,0,54,418
02/18/2010,HPN,NY,AEA,EN,Towers with Radar,50,115,125,0,290,0,4,54,0,58,50,119,179,0,348,0,0,0,348
02/19/2010,HPN,NY,AEA,EN,Towers with Radar,46,131,145,0,322,0,2,89,1,92,46,133,234,1,414,42,0,42,456
02/20/2010,HPN,NY,AEA,EN,Towers with Radar,60,110,114,0,284,0,8,154,0,162,60,118,268,0,446,126,0,126,572
02/21/2010,HPN,NY,AEA,EN,Towers with Radar,46,137,128,1,312,0,4,196,1,201,46,141,324,2,513,110,0,110,623
02/22/2010,HPN,NY,AEA,EN,Towers with Radar,50,119,119,0,288,0,2,152,1,155,50,121,271,1,443,48,0,48,491
02/23/2010,HPN,NY,AEA,EN,Towers with Radar,45,117,112,0,274,0,0,0,0,0,45,117,112,0,274,0,0,0,274
02/24/2010,HPN,NY,AEA,EN,Towers with Radar,45,142,168,0,355,0,0,1,0,1,45,142,169,0,356,0,0,0,356
02/25/2010,HPN,NY,AEA,EN,Towers with Radar,21,85,83,0,189,0,0,0,0,0,21,85,83,0,189,0,0,0,189
02/26/2010,HPN,NY,AEA,EN,Towers with Radar,13,64,104,0,181,0,0,0,0,0,13,64,104,0,181,0,0,0,181
02/27/2010,HPN,NY,AEA,EN,Towers with Radar,37,67,73,0,177,0,1,20,0,21,37,68,93,0,198,16,0,16,214
02/28/2010,HPN,NY,AEA,EN,Towers with Radar,43,113,122,0,278,0,0,44,0,44,43,113,166,0,322,50,0,50,372
03/01/2010,HPN,NY,AEA,EN,Towers with Radar,49,118,100,0,267,0,1,67,1,69,49,119,167,1,336,18,0,18,354
03/02/2010,HPN,NY,AEA,EN,Towers with Radar,45,127,121,0,293,0,5,143,1,149,45,132,264,1,442,88,0,88,530
03/03/2010,HPN,NY,AEA,EN,Towers with Radar,48,108,83,0,239,0,1,6,0,7,48,109,89,0,246,0,0,0,246
03/04/2010,HPN,NY,AEA,EN,Towers with Radar,47,124,122,0,293,0,5,105,0,110,47,129,227,0,403,0,0,0,403
03/05/2010,HPN,NY,AEA,EN,Towers with Radar,47,122,119,2,290,0,8,237,0,245,47,130,356,2,535,64,0,64,599
03/06/2010,HPN,NY,AEA,EN,Towers with Radar,41,79,84,0,204,0,1,275,0,276,41,80,359,0,480,74,0,74,554
03/07/2010,HPN,NY,AEA,EN,Towers with Radar,43,107,110,2,262,0,9,308,0,317,43,116,418,2,579,138,0,138,717
03/08/2010,HPN,NY,AEA,EN,Towers with Radar,49,109,101,0,259,0,0,157,0,157,49,109,258,0,416,96,0,96,512
03/09/2010,HPN,NY,AEA,EN,Towers with Radar,47,100,116,0,263,0,2,167,1,170,47,102,283,1,433,132,0,132,565
03/10/2010,HPN,NY,AEA,EN,Towers with Radar,47,129,117,0,293,0,0,221,0,221,47,129,338,0,514,80,0,80,594
03/11/2010,HPN,NY,AEA,EN,Towers with Radar,46,133,162,0,341,0,1,83,0,84,46,134,245,0,425,122,0,122,547
03/12/2010,HPN,NY,AEA,EN,Towers with Radar,44,145,137,0,326,0,0,13,0,13,44,145,150,0,339,0,0,0,339
03/13/2010,HPN,NY,AEA,EN,Towers with Radar,22,42,43,0,107,0,0,0,0,0,22,42,43,0,107,0,0,0,107
03/14/2010,HPN,NY,AEA,EN,Towers with Radar,28,121,118,0,267,0,0,0,0,0,28,121,118,0,267,0,0,0,267
03/15/2010,HPN,NY,AEA,EN,Towers with Radar,43,136,89,0,268,0,0,29,0,29,43,136,118,0,297,0,0,0,297
03/16/2010,HPN,NY,AEA,EN,Towers with Radar,47,115,94,0,256,0,3,183,0,186,47,118,277,0,442,44,0,44,486
03/17/2010,HPN,NY,AEA,EN,Towers with Radar,47,115,122,0,284,0,5,192,0,197,47,120,314,0,481,100,0,100,581
03/18/2010,HPN,NY,AEA,EN,Towers with Radar,49,121,128,1,299,0,9,172,0,181,49,130,300,1,480,104,0,104,584
03/19/2010,HPN,NY,AEA,EN,Towers with Radar,50,138,149,0,337,0,5,279,0,284,50,143,428,0,621,28,0,28,649
03/20/2010,HPN,NY,AEA,EN,Towers with Radar,44,96,85,0,225,0,3,222,0,225,44,99,307,0,450,136,0,136,586
03/21/2010,HPN,NY,AEA,EN,Towers with Radar,49,144,134,0,327,0,9,236,1,246,49,153,370,1,573,56,0,56,629
03/22/2010,HPN,NY,AEA,EN,Towers with Radar,51,124,85,0,260,0,0,0,0,0,51,124,85,0,260,0,0,0,260
03/23/2010,HPN,NY,AEA,EN,Towers with Radar,47,118,75,0,240,0,0,0,0,0,47,118,75,0,240,0,0,0,240
03/24/2010,HPN,NY,AEA,EN,Towers with Radar,49,155,104,2,310,0,4,91,0,95,49,159,195,2,405,8,0,8,413
03/25/2010,HPN,NY,AEA,EN,Towers with Radar,47,149,126,0,322,0,8,156,0,164,47,157,282,0,486,28,0,28,514
03/26/2010,HPN,NY,AEA,EN,Towers with Radar,48,146,106,0,300,0,2,75,0,77,48,148,181,0,377,4,0,4,381
03/27/2010,HPN,NY,AEA,EN,Towers with Radar,44,102,86,0,232,0,5,293,0,298,44,107,379,0,530,136,0,136,666
03/28/2010,HPN,NY,AEA,EN,Towers with Radar,44,133,152,0,329,0,0,63,0,63,44,133,215,0,392,68,0,68,460
03/29/2010,HPN,NY,AEA,EN,Towers with Radar,49,118,86,0,253,0,0,0,0,0,49,118,86,0,253,0,0,0,253
03/30/2010,HPN,NY,AEA,EN,Towers with Radar,47,117,100,0,264,0,0,0,0,0,47,117,100,0,264,0,0,0,264
03/31/2010,HPN,NY,AEA,EN,Towers with Radar,47,147,130,0,324,0,2,60,0,62,47,149,190,0,386,34,0,34,420
04/01/2010,HPN,NY,AEA,EN,Towers with Radar,49,150,125,0,324,0,5,220,1,226,49,155,345,1,550,102,0,102,652
04/02/2010,HPN,NY,AEA,EN,Towers with Radar,45,116,94,0,255,0,11,281,0,292,45,127,375,0,547,78,0,78,625
04/03/2010,HPN,NY,AEA,EN,Towers with Radar,45,76,115,0,236,0,6,224,0,230,45,82,339,0,466,48,0,48,514
04/04/2010,HPN,NY,AEA,EN,Towers with Radar,48,161,118,2,329,0,7,212,0,219,48,168,330,2,548,56,0,56,604
04/05/2010,HPN,NY,AEA,EN,Towers with Radar,50,125,131,0,306,0,7,216,0,223,50,132,347,0,529,40,0,40,569
04/06/2010,HPN,NY,AEA,EN,Towers with Radar,47,108,120,0,275,0,7,124,1,132,47,115,244,1,407,36,0,36,443
04/07/2010,HPN,NY,AEA,EN,Towers with Radar,46,118,125,0,289,0,5,150,0,155,46,123,275,0,444,84,0,84,528
04/08/2010,HPN,NY,AEA,EN,Towers with Radar,46,106,135,0,287,0,4,194,0,198,46,110,329,0,485,74,0,74,559
04/09/2010,HPN,NY,AEA,EN,Towers with Radar,47,132,119,2,300,0,4,50,0,54,47,136,169,2,354,14,0,14,368
04/10/2010,HPN,NY,AEA,EN,Towers with Radar,44,78,63,0,185,0,9,170,0,179,44,87,233,0,364,46,0,46,410
04/11/2010,HPN,NY,AEA,EN,Towers with Radar,49,117,117,1,284,0,9,236,0,245,49,126,353,1,529,89,0,89,618
04/12/2010,HPN,NY,AEA,EN,Towers with Radar,48,111,133,0,292,0,6,158,0,164,48,117,291,0,456,74,0,74,530
04/13/2010,HPN,NY,AEA,EN,Towers with Radar,45,132,132,0,309,0,8,146,2,156,45,140,278,2,465,46,0,46,511
04/14/2010,HPN,NY,AEA,EN,Towers with Radar,47,121,120,0,288,0,7,233,0,240,47,128,353,0,528,28,0,28,556
04/15/2010,HPN,NY,AEA,EN,Towers with Radar,49,127,116,0,292,0,6,189,0,195,49,133,305,0,487,58,0,58,545
04/16/2010,HPN,NY,AEA,EN,Towers with Radar,50,135,129,0,314,0,4,114,0,118,50,139,243,0,432,98,0,98,530
04/17/2010,HPN,NY,AEA,EN,Towers with Radar,50,60,73,0,183,0,2,57,0,59,50,62,130,0,242,184,0,184,426
04/18/2010,HPN,NY,AEA,EN,Towers with Radar,48,105,127,0,280,0,5,233,0,238,48,110,360,0,518,120,0,120,638
04/19/2010,HPN,NY,AEA,EN,Towers with Radar,48,108,94,0,250,0,7,155,0,162,48,115,249,0,412,60,0,60,472
04/20/2010,HPN,NY,AEA,EN,Towers with Radar,41,118,118,0,277,0,3,209,0,212,41,121,327,0,489,92,0,92,581
04/21/2010,HPN,NY,AEA,EN,Towers with Radar,43,124,123,0,290,0,3,199,0,202,43,127,322,0,492,138,0,138,630
04/22/2010,HPN,NY,AEA,EN,Towers with Radar,46,160,138,2,346,0,7,116,0,123,46,167,254,2,469,30,0,30,499
04/23/2010,HPN,NY,AEA,EN,Towers with Radar,47,136,105,0,288,0,18,339,0,357,47,154,444,0,645,56,0,56,701
04/24/2010,HPN,NY,AEA,EN,Towers with Radar,43,76,72,2,193,0,8,374,0,382,43,84,446,2,575,66,0,66,641
04/25/2010,HPN,NY,AEA,EN,Towers with Radar,46,136,149,0,331,0,0,4,0,4,46,136,153,0,335,0,0,0,335
04/26/2010,HPN,NY,AEA,EN,Towers with Radar,47,127,132,0,306,0,0,2,0,2,47,127,134,0,308,0,0,0,308
04/27/2010,HPN,NY,AEA,EN,Towers with Radar,44,115,136,1,296,0,2,64,0,66,44,117,200,1,362,24,0,24,386
04/28/2010,HPN,NY,AEA,EN,Towers with Radar,44,137,131,0,312,0,4,78,1,83,44,141,209,1,395,8,0,8,403
04/29/2010,HPN,NY,AEA,EN,Towers with Radar,52,172,112,2,338,0,5,140,0,145,52,177,252,2,483,26,0,26,509
04/30/2010,HPN,NY,AEA,EN,Towers with Radar,50,145,142,0,337,0,11,279,3,293,50,156,421,3,630,34,0,34,664
05/01/2010,HPN,NY,AEA,EN,Towers with Radar,45,74,93,0,212,0,6,291,0,297,45,80,384,0,509,98,0,98,607
05/02/2010,HPN,NY,AEA,EN,Towers with Radar,48,128,139,0,315,0,12,185,0,197,48,140,324,0,512,72,0,72,584
05/03/2010,HPN,NY,AEA,EN,Towers with Radar,48,131,131,0,310,0,2,49,0,51,48,133,180,0,361,0,0,0,361
05/04/2010,HPN,NY,AEA,EN,Towers with Radar,44,109,129,4,286,0,7,117,0,124,44,116,246,4,410,48,0,48,458
05/05/2010,HPN,NY,AEA,EN,Towers with Radar,44,118,132,0,294,0,7,203,0,210,44,125,335,0,504,100,0,100,604
05/06/2010,HPN,NY,AEA,EN,Towers with Radar,48,132,153,0,333,0,11,159,0,170,48,143,312,0,503,38,0,38,541
05/07/2010,HPN,NY,AEA,EN,Towers with Radar,48,133,108,0,289,0,12,310,0,322,48,145,418,0,611,106,0,106,717
05/08/2010,HPN,NY,AEA,EN,Towers with Radar,45,65,58,0,168,0,3,57,0,60,45,68,115,0,228,0,0,0,228
05/09/2010,HPN,NY,AEA,EN,Towers with Radar,54,99,106,2,261,0,5,110,3,118,54,104,216,5,379,4,0,4,383
05/10/2010,HPN,NY,AEA,EN,Towers with Radar,47,123,148,2,320,0,12,159,0,171,47,135,307,2,491,38,0,38,529
05/11/2010,HPN,NY,AEA,EN,Towers with Radar,42,124,141,0,307,0,7,186,1,194,42,131,327,1,501,32,0,32,533
05/12/2010,HPN,NY,AEA,EN,Towers with Radar,41,135,151,0,327,0,0,0,0,0,41,135,151,0,327,0,0,0,327
05/13/2010,HPN,NY,AEA,EN,Towers with Radar,45,141,148,0,334,0,6,167,2,175,45,147,315,2,509,102,0,102,611
05/14/2010,HPN,NY,AEA,EN,Towers with Radar,46,166,133,0,345,0,8,124,0,132,46,174,257,0,477,46,0,46,523
05/15/2010,HPN,NY,AEA,EN,Towers with Radar,45,83,93,0,221,0,5,239,0,244,45,88,332,0,465,112,0,112,577
05/16/2010,HPN,NY,AEA,EN,Towers with Radar,47,111,114,0,272,0,16,301,0,317,47,127,415,0,589,76,0,76,665
05/17/2010,HPN,NY,AEA,EN,Towers with Radar,47,120,119,0,286,0,7,207,0,214,47,127,326,0,500,112,0,112,612
05/18/2010,HPN,NY,AEA,EN,Towers with Radar,43,110,134,0,287,0,3,36,0,39,43,113,170,0,326,94,0,94,420
05/19/2010,HPN,NY,AEA,EN,Towers with Radar,43,126,172,0,341,0,1,85,0,86,43,127,257,0,427,82,0,82,509
05/20/2010,HPN,NY,AEA,EN,Towers with Radar,49,132,141,0,322,0,15,309,1,325,49,147,450,1,647,52,0,52,699
05/21/2010,HPN,NY,AEA,EN,Towers with Radar,44,150,127,0,321,0,28,288,1,317,44,178,415,1,638,36,0,36,674
05/22/2010,HPN,NY,AEA,EN,Towers with Radar,42,66,98,0,206,0,9,228,0,237,42,75,326,0,443,62,0,62,505
05/23/2010,HPN,NY,AEA,EN,Towers with Radar,48,115,137,0,300,0,7,70,0,77,48,122,207,0,377,0,0,0,377
05/24/2010,HPN,NY,AEA,EN,Towers with Radar,48,132,142,0,322,0,1,51,0,52,48,133,193,0,374,54,0,54,428
05/25/2010,HPN,NY,AEA,EN,Towers with Radar,43,121,152,0,316,0,11,186,0,197,43,132,338,0,513,38,0,38,551
05/26/2010,HPN,NY,AEA,EN,Towers with Radar,44,117,127,0,288,0,7,152,0,159,44,124,279,0,447,130,0,130,577
05/27/2010,HPN,NY,AEA,EN,Towers with Radar,47,154,204,0,405,0,7,93,0,100,47,161,297,0,505,0,0,0,505
05/28/2010,HPN,NY,AEA,EN,Towers with Radar,48,179,145,0,372,0,29,357,3,389,48,208,502,3,761,22,0,22,783
05/29/2010,HPN,NY,AEA,EN,Towers with Radar,43,60,71,0,174,0,1,123,0,124,43,61,194,0,298,118,0,118,416
05/30/2010,HPN,NY,AEA,EN,Towers with Radar,40,67,43,0,150,0,9,284,0,293,40,76,327,0,443,154,0,154,597
05/31/2010,HPN,NY,AEA,EN,Towers with Radar,43,158,138,2,341,0,29,503,1,533,43,187,641,3,874,100,0,100,974
06/01/2010,HPN,NY,AEA,EN,Towers with Radar,45,156,133,2,336,0,3,42,0,45,45,159,175,2,381,0,0,0,381
06/02/2010,HPN,NY,AEA,EN,Towers with Radar,39,116,115,0,270,0,8,209,1,218,39,124,324,1,488,56,0,56,544
06/03/2010,HPN,NY,AEA,EN,Towers with Radar,47,136,138,0,321,0,3,63,0,66,47,139,201,0,387,52,0,52,439
06/04/2010,HPN,NY,AEA,EN,Towers with Radar,47,130,117,0,294,0,11,229,2,242,47,141,346,2,536,8,0,8,544
06/05/2010,HPN,NY,AEA,EN,Towers with Radar,41,63,80,0,184,0,7,158,0,165,41,70,238,0,349,56,0,56,405
06/06/2010,HPN,NY,AEA,EN,Towers with Radar,46,114,114,2,276,0,11,89,0,100,46,125,203,2,376,106,0,106,482
06/07/2010,HPN,NY,AEA,EN,Towers with Radar,48,119,151,0,318,0,18,234,1,253,48,137,385,1,571,52,0,52,623
06/08/2010,HPN,NY,AEA,EN,Towers with Radar,44,109,144,0,297,0,12,234,0,246,44,121,378,0,543,12,0,12,555
06/09/2010,HPN,NY,AEA,EN,Towers with Radar,42,119,173,0,334,0,3,103,0,106,42,122,276,0,440,28,0,28,468
06/10/2010,HPN,NY,AEA,EN,Towers with Radar,51,143,200,0,394,0,8,46,0,54,51,151,246,0,448,0,0,0,448
06/11/2010,HPN,NY,AEA,EN,Towers with Radar,50,163,179,0,392,0,14,290,0,304,50,177,469,0,696,106,0,106,802
06/12/2010,HPN,NY,AEA,EN,Towers with Radar,38,74,86,0,198,0,1,95,0,96,38,75,181,0,294,102,0,102,396
06/13/2010,HPN,NY,AEA,EN,Towers with Radar,46,146,223,0,415,0,0,39,0,39,46,146,262,0,454,22,0,22,476
06/14/2010,HPN,NY,AEA,EN,Towers with Radar,47,122,165,0,334,0,1,60,0,61,47,123,225,0,395,71,30,101,496
06/15/2010,HPN,NY,AEA,EN,Towers with Radar,41,115,116,0,272,0,6,263,0,269,41,121,379,0,541,16,0,16,557
06/16/2010,HPN,NY,AEA,EN,Towers with Radar,47,147,164,0,358,0,23,135,0,158,47,170,299,0,516,4,0,4,520
06/17/2010,HPN,NY,AEA,EN,Towers with Radar,49,138,172,0,359,0,7,168,0,175,49,145,340,0,534,44,0,44,578
06/18/2010,HPN,NY,AEA,EN,Towers with Radar,49,136,147,0,332,0,27,395,2,424,49,163,542,2,756,72,0,72,828
06/19/2010,HPN,NY,AEA,EN,Towers with Radar,42,70,58,0,170,0,12,286,0,298,42,82,344,0,468,132,0,132,600
06/20/2010,HPN,NY,AEA,EN,Towers with Radar,54,107,133,0,294,0,14,264,0,278,54,121,397,0,572,80,0,80,652
06/21/2010,HPN,NY,AEA,EN,Towers with Radar,49,119,124,0,292,0,9,264,0,273,49,128,388,0,565,44,1,45,610
06/22/2010,HPN,NY,AEA,EN,Towers with Radar,48,127,125,0,300,0,6,180,0,186,48,133,305,0,486,72,0,72,558
06/23/2010,HPN,NY,AEA,EN,Towers with Radar,46,131,140,0,317,0,3,191,0,194,46,134,331,0,511,148,0,148,659
06/24/2010,HPN,NY,AEA,EN,Towers with Radar,50,119,121,0,290,0,22,182,0,204,50,141,303,0,494,40,0,40,534
06/25/2010,HPN,NY,AEA,EN,Towers with Radar,48,135,123,0,306,0,33,345,2,380,48,168,468,2,686,82,0,82,768
06/26/2010,HPN,NY,AEA,EN,Towers with Radar,44,71,89,0,204,0,13,250,1,264,44,84,339,1,468,32,0,32,500
06/27/2010,HPN,NY,AEA,EN,Towers with Radar,47,108,141,0,296,0,14,225,0,239,47,122,366,0,535,42,0,42,577
06/28/2010,HPN,NY,AEA,EN,Towers with Radar,50,128,149,0,327,0,21,182,0,203,50,149,331,0,530,34,0,34,564
06/29/2010,HPN,NY,AEA,EN,Towers with Radar,49,126,153,0,328,0,11,186,2,199,49,137,339,2,527,18,0,18,545
06/30/2010,HPN,NY,AEA,EN,Towers with Radar,51,136,137,0,324,0,18,319,1,338,51,154,456,1,662,46,0,46,708
07/01/2010,HPN,NY,AEA,EN,Towers with Radar,49,152,146,0,347,0,45,338,0,383,49,197,484,0,730,48,0,48,778
07/02/2010,HPN,NY,AEA,EN,Towers with Radar,49,184,103,0,336,0,49,447,0,496,49,233,550,0,832,2,0,2,834
07/03/2010,HPN,NY,AEA,EN,Towers with Radar,42,65,43,0,150,0,16,281,1,298,42,81,324,1,448,50,0,50,498
07/04/2010,HPN,NY,AEA,EN,Towers with Radar,44,61,37,0,142,0,14,163,1,178,44,75,200,1,320,0,0,0,320
07/05/2010,HPN,NY,AEA,EN,Towers with Radar,51,160,123,0,334,0,39,183,0,222,51,199,306,0,556,0,0,0,556
07/06/2010,HPN,NY,AEA,EN,Towers with Radar,50,147,90,0,287,0,36,251,0,287,50,183,341,0,574,0,0,0,574
07/07/2010,HPN,NY,AEA,EN,Towers with Radar,48,128,97,0,273,0,26,218,0,244,48,154,315,0,517,86,0,86,603
07/08/2010,HPN,NY,AEA,EN,Towers with Radar,50,151,161,0,362,0,21,209,0,230,50,172,370,0,592,112,0,112,704
07/09/2010,HPN,NY,AEA,EN,Towers with Radar,51,166,149,0,366,0,32,178,0,210,51,198,327,0,576,66,0,66,642
07/10/2010,HPN,NY,AEA,EN,Towers with Radar,43,74,68,0,185,0,15,83,0,98,43,89,151,0,283,66,0,66,349
07/11/2010,HPN,NY,AEA,EN,Towers with Radar,48,131,140,0,319,0,27,149,0,176,48,158,289,0,495,116,0,116,611
07/12/2010,HPN,NY,AEA,EN,Towers with Radar,50,139,120,0,309,0,31,132,0,163,50,170,252,0,472,65,0,65,537
07/13/2010,HPN,NY,AEA,EN,Towers with Radar,44,116,144,1,305,0,3,32,0,35,44,119,176,1,340,0,0,0,340
07/14/2010,HPN,NY,AEA,EN,Towers with Radar,48,147,140,0,335,0,3,36,0,39,48,150,176,0,374,20,0,20,394
07/15/2010,HPN,NY,AEA,EN,Towers with Radar,46,169,158,0,373,0,23,245,0,268,46,192,403,0,641,36,0,36,677
07/16/2010,HPN,NY,AEA,EN,Towers with Radar,52,160,184,0,396,0,33,290,0,323,52,193,474,0,719,78,0,78,797
07/17/2010,HPN,NY,AEA,EN,Towers with Radar,41,64,68,0,173,0,21,266,0,287,41,85,334,0,460,144,0,144,604
07/18/2010,HPN,NY,AEA,EN,Towers with Radar,49,125,128,0,302,0,40,406,1,447,49,165,534,1,749,58,0,58,807
07/19/2010,HPN,NY,AEA,EN,Towers with Radar,51,128,124,0,303,0,23,58,0,81,51,151,182,0,384,0,0,0,384
07/20/2010,HPN,NY,AEA,EN,Towers with Radar,54,119,130,0,303,0,7,143,0,150,54,126,273,0,453,16,0,16,469
07/21/2010,HPN,NY,AEA,EN,Towers with Radar,45,116,103,0,264,0,11,133,0,144,45,127,236,0,408,80,0,80,488
07/22/2010,HPN,NY,AEA,EN,Towers with Radar,50,161,112,0,323,0,28,322,0,350,50,189,434,0,673,52,0,52,725
07/23/2010,HPN,NY,AEA,EN,Towers with Radar,47,195,209,0,451,0,19,86,0,105,47,214,295,0,556,40,0,40,596
07/24/2010,HPN,NY,AEA,EN,Towers with Radar,40,83,86,0,209,0,17,109,1,127,40,100,195,1,336,0,0,0,336
07/25/2010,HPN,NY,AEA,EN,Towers with Radar,46,132,143,0,321,0,30,102,0,132,46,162,245,0,453,0,0,0,453
07/26/2010,HPN,NY,AEA,EN,Towers with Radar,48,125,132,0,305,0,33,134,0,167,48,158,266,0,472,0,0,0,472
07/27/2010,HPN,NY,AEA,EN,Towers with Radar,51,133,101,0,285,0,14,165,0,179,51,147,266,0,464,40,0,40,504
07/28/2010,HPN,NY,AEA,EN,Towers with Radar,49,135,140,0,324,0,13,253,1,267,49,148,393,1,591,22,0,22,613
07/29/2010,HPN,NY,AEA,EN,Towers with Radar,49,164,130,0,343,0,18,215,0,233,49,182,345,0,576,20,0,20,596
07/30/2010,HPN,NY,AEA,EN,Towers with Radar,51,169,133,0,353,0,56,344,1,401,51,225,477,1,754,4,0,4,758
07/31/2010,HPN,NY,AEA,EN,Towers with Radar,44,70,55,0,169,0,25,337,0,362,44,95,392,0,531,64,0,64,595
08/01/2010,HPN,NY,AEA,EN,Towers with Radar,45,136,132,0,313,0,35,266,0,301,45,171,398,0,614,170,0,170,784
08/02/2010,HPN,NY,AEA,EN,Towers with Radar,50,137,109,0,296,0,36,259,0,295,50,173,368,0,591,10,0,10,601
08/03/2010,HPN,NY,AEA,EN,Towers with Radar,50,116,127,1,294,0,12,258,0,270,50,128,385,1,564,24,0,24,588
08/04/2010,HPN,NY,AEA,EN,Towers with Radar,51,143,129,0,323,0,5,192,0,197,51,148,321,0,520,54,0,54,574
08/05/2010,HPN,NY,AEA,EN,Towers with Radar,48,158,165,0,371,0,21,178,0,199,48,179,343,0,570,108,0,108,678
08/06/2010,HPN,NY,AEA,EN,Towers with Radar,50,136,122,0,308,0,42,372,0,414,50,178,494,0,722,50,0,50,772
08/07/2010,HPN,NY,AEA,EN,Towers with Radar,40,70,55,0,165,0,30,228,0,258,40,100,283,0,423,36,0,36,459
08/08/2010,HPN,NY,AEA,EN,Towers with Radar,48,126,126,0,300,0,41,366,0,407,48,167,492,0,707,26,0,26,733
08/09/2010,HPN,NY,AEA,EN,Towers with Radar,51,119,113,0,283,0,26,175,1,202,51,145,288,1,485,42,0,42,527
08/10/2010,HPN,NY,AEA,EN,Towers with Radar,49,139,126,0,314,0,13,224,0,237,49,152,350,0,551,128,0,128,679
08/11/2010,HPN,NY,AEA,EN,Towers with Radar,48,126,105,0,279,0,11,223,0,234,48,137,328,0,513,86,0,86,599
08/12/2010,HPN,NY,AEA,EN,Towers with Radar,49,160,156,2,367,0,29,225,0,254,49,189,381,2,621,180,0,180,801
08/13/2010,HPN,NY,AEA,EN,Towers with Radar,49,164,125,0,338,0,36,356,1,393,49,200,481,1,731,126,0,126,857
08/14/2010,HPN,NY,AEA,EN,Towers with Radar,41,81,68,2,192,0,24,262,0,286,41,105,330,2,478,36,0,36,514
08/15/2010,HPN,NY,AEA,EN,Towers with Radar,47,151,184,0,382,0,19,166,0,185,47,170,350,0,567,34,0,34,601
08/16/2010,HPN,NY,AEA,EN,Towers with Radar,50,142,173,0,365,0,4,36,0,40,50,146,209,0,405,0,0,0,405
08/17/2010,HPN,NY,AEA,EN,Towers with Radar,52,133,114,0,299,0,9,279,0,288,52,142,393,0,587,92,0,92,679
08/18/2010,HPN,NY,AEA,EN,Towers with Radar,50,140,119,0,309,0,13,213,0,226,50,153,332,0,535,40,0,40,575
08/19/2010,HPN,NY,AEA,EN,Towers with Radar,48,148,124,2,322,0,28,340,0,368,48,176,464,2,690,100,0,100,790
08/20/2010,HPN,NY,AEA,EN,Towers with Radar,50,131,153,5,339,0,38,387,1,426,50,169,540,6,765,50,0,50,815
08/21/2010,HPN,NY,AEA,EN,Towers with Radar,43,79,72,0,194,0,18,281,0,299,43,97,353,0,493,64,0,64,557
08/22/2010,HPN,NY,AEA,EN,Towers with Radar,51,171,158,0,380,0,0,1,0,1,51,171,159,0,381,0,0,0,381
08/23/2010,HPN,NY,AEA,EN,Towers with Radar,49,177,163,0,389,0,0,20,0,20,49,177,183,0,409,0,0,0,409
08/24/2010,HPN,NY,AEA,EN,Towers with Radar,49,143,133,0,325,0,5,54,0,59,49,148,187,0,384,36,0,36,420
08/25/2010,HPN,NY,AEA,EN,Towers with Radar,49,152,148,0,349,0,1,64,0,65,49,153,212,0,414,30,0,30,444
08/26/2010,HPN,NY,AEA,EN,Towers with Radar,51,172,127,0,350,0,18,251,0,269,51,190,378,0,619,118,0,118,737
08/27/2010,HPN,NY,AEA,EN,Towers with Radar,50,159,106,0,315,0,32,432,1,465,50,191,538,1,780,106,0,106,886
08/28/2010,HPN,NY,AEA,EN,Towers with Radar,43,75,72,0,190,0,22,371,0,393,43,97,443,0,583,98,0,98,681
08/29/2010,HPN,NY,AEA,EN,Towers with Radar,46,126,122,0,294,0,31,365,0,396,46,157,487,0,690,176,0,176,866
08/30/2010,HPN,NY,AEA,EN,Towers with Radar,50,139,93,0,282,0,46,260,1,307,50,185,353,1,589,126,0,126,715
08/31/2010,HPN,NY,AEA,EN,Towers with Radar,48,104,101,0,253,0,12,240,0,252,48,116,341,0,505,56,0,56,561
09/01/2010,HPN,NY,AEA,EN,Towers with Radar,50,132,105,0,287,0,19,320,0,339,50,151,425,0,626,117,0,117,743
09/02/2010,HPN,NY,AEA,EN,Towers with Radar,50,147,114,0,311,0,34,289,0,323,50,181,403,0,634,65,0,65,699
09/03/2010,HPN,NY,AEA,EN,Towers with Radar,46,102,75,0,223,0,11,53,0,64,46,113,128,0,287,58,0,58,345
09/04/2010,HPN,NY,AEA,EN,Towers with Radar,43,72,53,0,168,0,23,178,0,201,43,95,231,0,369,51,0,51,420
09/05/2010,HPN,NY,AEA,EN,Towers with Radar,47,74,49,0,170,0,16,212,0,228,47,90,261,0,398,60,0,60,458
09/06/2010,HPN,NY,AEA,EN,Towers with Radar,52,141,114,0,307,0,36,372,0,408,52,177,486,0,715,52,0,52,767
09/07/2010,HPN,NY,AEA,EN,Towers with Radar,51,107,94,0,252,0,26,253,0,279,51,133,347,0,531,0,0,0,531
09/08/2010,HPN,NY,AEA,EN,Towers with Radar,47,146,130,0,323,0,12,178,0,190,47,158,308,0,513,14,0,14,527
09/09/2010,HPN,NY,AEA,EN,Towers with Radar,52,129,104,0,285,0,6,156,1,163,52,135,260,1,448,0,0,0,448
09/10/2010,HPN,NY,AEA,EN,Towers with Radar,48,135,140,0,323,0,25,254,1,280,48,160,394,1,603,132,0,132,735
09/11/2010,HPN,NY,AEA,EN,Towers with Radar,41,63,65,1,170,0,4,231,1,236,41,67,296,2,406,92,0,92,498
09/12/2010,HPN,NY,AEA,EN,Towers with Radar,49,146,156,0,351,0,10,93,0,103,49,156,249,0,454,96,0,96,550
09/13/2010,HPN,NY,AEA,EN,Towers with Radar,49,117,165,4,335,0,3,139,0,142,49,120,304,4,477,0,0,0,477
09/14/2010,HPN,NY,AEA,EN,Towers with Radar,40,108,139,0,287,0,12,243,0,255,40,120,382,0,542,104,0,104,646
09/15/2010,HPN,NY,AEA,EN,Towers with Radar,46,129,146,0,321,0,5,270,1,276,46,134,416,1,597,44,0,44,641
09/16/2010,HPN,NY,AEA,EN,Towers with Radar,50,119,139,4,312,0,6,120,0,126,50,125,259,4,438,20,0,20,458
09/17/2010,HPN,NY,AEA,EN,Towers with Radar,52,147,180,6,385,0,19,187,0,206,52,166,367,6,591,76,0,76,667
09/18/2010,HPN,NY,AEA,EN,Towers with Radar,40,58,82,0,180,0,9,160,0,169,40,67,242,0,349,78,0,78,427
09/19/2010,HPN,NY,AEA,EN,Towers with Radar,50,105,119,0,274,0,24,423,0,447,50,129,542,0,721,18,0,18,739
09/20/2010,HPN,NY,AEA,EN,Towers with Radar,51,112,131,0,294,0,11,240,0,251,51,123,371,0,545,22,0,22,567
09/21/2010,HPN,NY,AEA,EN,Towers with Radar,40,109,148,0,297,0,4,222,0,226,40,113,370,0,523,100,0,100,623
09/22/2010,HPN,NY,AEA,EN,Towers with Radar,43,112,142,0,297,0,6,171,0,177,43,118,313,0,474,72,0,72,546
09/23/2010,HPN,NY,AEA,EN,Towers with Radar,52,139,162,0,353,0,4,146,0,150,52,143,308,0,503,6,0,6,509
09/24/2010,HPN,NY,AEA,EN,Towers with Radar,51,159,197,0,407,0,6,133,0,139,51,165,330,0,546,0,0,0,546
09/25/2010,HPN,NY,AEA,EN,Towers with Radar,43,95,106,0,244,0,8,139,0,147,43,103,245,0,391,0,0,0,391
09/26/2010,HPN,NY,AEA,EN,Towers with Radar,46,119,155,0,320,0,12,118,2,132,46,131,273,2,452,0,0,0,452
09/27/2010,HPN,NY,AEA,EN,Towers with Radar,48,132,161,0,341,0,0,0,0,0,48,132,161,0,341,0,0,0,341
09/28/2010,HPN,NY,AEA,EN,Towers with Radar,39,151,164,0,354,0,0,5,0,5,39,151,169,0,359,0,0,0,359
09/29/2010,HPN,NY,AEA,EN,Towers with Radar,46,134,130,0,310,0,9,207,0,216,46,143,337,0,526,135,0,135,661
09/30/2010,HPN,NY,AEA,EN,Towers with Radar,52,121,97,0,270,0,4,0,0,4,52,125,97,0,274,0,0,0,274
10/01/2010,HPN,NY,AEA,EN,Towers with Radar,52,147,149,0,348,0,3,40,0,43,52,150,189,0,391,16,0,16,407
10/02/2010,HPN,NY,AEA,EN,Towers with Radar,42,74,87,0,203,0,11,299,0,310,42,85,386,0,513,146,0,146,659
10/03/2010,HPN,NY,AEA,EN,Towers with Radar,49,121,134,2,306,0,12,246,0,258,49,133,380,2,564,76,0,76,640
10/04/2010,HPN,NY,AEA,EN,Towers with Radar,46,140,128,0,314,0,3,44,0,47,46,143,172,0,361,0,0,0,361
10/05/2010,HPN,NY,AEA,EN,Towers with Radar,42,132,151,0,325,0,0,11,0,11,42,132,162,0,336,0,0,0,336
10/06/2010,HPN,NY,AEA,EN,Towers with Radar,42,142,194,0,378,0,4,109,1,114,42,146,303,1,492,20,0,20,512
10/07/2010,HPN,NY,AEA,EN,Towers with Radar,50,148,144,0,342,0,16,173,0,189,50,164,317,0,531,16,0,16,547
10/08/2010,HPN,NY,AEA,EN,Towers with Radar,51,183,164,0,398,0,33,299,0,332,51,216,463,0,730,24,0,24,754
10/09/2010,HPN,NY,AEA,EN,Towers with Radar,39,94,81,0,214,0,13,292,0,305,39,107,373,0,519,240,0,240,759
10/10/2010,HPN,NY,AEA,EN,Towers with Radar,46,107,109,0,262,0,12,306,0,318,46,119,415,0,580,178,0,178,758
10/11/2010,HPN,NY,AEA,EN,Towers with Radar,51,150,144,0,345,0,32,425,4,461,51,182,569,4,806,28,0,28,834
10/12/2010,HPN,NY,AEA,EN,Towers with Radar,47,130,129,0,306,0,7,108,0,115,47,137,237,0,421,34,0,34,455
10/13/2010,HPN,NY,AEA,EN,Towers with Radar,45,115,117,0,277,0,12,289,0,301,45,127,406,0,578,72,0,72,650
10/14/2010,HPN,NY,AEA,EN,Towers with Radar,50,169,151,0,370,0,2,66,0,68,50,171,217,0,438,82,0,82,520
10/15/2010,HPN,NY,AEA,EN,Towers with Radar,55,172,147,0,374,0,3,61,1,65,55,175,208,1,439,4,0,4,443
10/16/2010,HPN,NY,AEA,EN,Towers with Radar,39,92,65,0,196,0,3,65,0,68,39,95,130,0,264,0,0,0,264
10/17/2010,HPN,NY,AEA,EN,Towers with Radar,44,137,108,0,289,0,15,338,0,353,44,152,446,0,642,194,0,194,836
10/18/2010,HPN,NY,AEA,EN,Towers with Radar,50,110,135,2,297,0,3,202,0,205,50,113,337,2,502,72,0,72,574
10/19/2010,HPN,NY,AEA,EN,Towers with Radar,48,115,127,0,290,0,4,158,0,162,48,119,285,0,452,38,0,38,490
10/20/2010,HPN,NY,AEA,EN,Towers with Radar,44,118,136,0,298,0,5,205,0,210,44,123,341,0,508,51,0,51,559
10/21/2010,HPN,NY,AEA,EN,Towers with Radar,49,141,157,0,347,0,5,99,0,104,49,146,256,0,451,0,0,0,451
10/22/2010,HPN,NY,AEA,EN,Towers with Radar,49,152,119,0,320,0,13,179,0,192,49,165,298,0,512,54,0,54,566
10/23/2010,HPN,NY,AEA,EN,Towers with Radar,39,74,87,0,200,0,8,306,0,314,39,82,393,0,514,129,0,129,643
10/24/2010,HPN,NY,AEA,EN,Towers with Radar,50,145,142,0,337,0,9,257,0,266,50,154,399,0,603,138,0,138,741
10/25/2010,HPN,NY,AEA,EN,Towers with Radar,48,118,130,0,296,0,3,72,0,75,48,121,202,0,371,0,0,0,371
10/26/2010,HPN,NY,AEA,EN,Towers with Radar,49,120,115,0,284,0,2,78,0,80,49,122,193,0,364,20,0,20,384
10/27/2010,HPN,NY,AEA,EN,Towers with Radar,43,127,125,0,295,0,0,1,0,1,43,127,126,0,296,0,0,0,296
10/28/2010,HPN,NY,AEA,EN,Towers with Radar,50,150,142,0,342,0,3,218,0,221,50,153,360,0,563,62,0,62,625
10/29/2010,HPN,NY,AEA,EN,Towers with Radar,49,125,133,1,308,0,14,161,1,176,49,139,294,2,484,4,0,4,488
10/30/2010,HPN,NY,AEA,EN,Towers with Radar,41,82,98,0,221,0,2,211,0,213,41,84,309,0,434,78,0,78,512
10/31/2010,HPN,NY,AEA,EN,Towers with Radar,48,123,85,0,256,0,11,232,0,243,48,134,317,0,499,102,0,102,601
11/01/2010,HPN,NY,AEA,EN,Towers with Radar,52,116,133,0,301,0,5,199,0,204,52,121,332,0,505,44,0,44,549
11/02/2010,HPN,NY,AEA,EN,Towers with Radar,45,115,100,0,260,0,4,119,0,123,45,119,219,0,383,16,0,16,399
11/03/2010,HPN,NY,AEA,EN,Towers with Radar,45,134,125,0,304,0,16,238,1,255,45,150,363,1,559,14,0,14,573
11/04/2010,HPN,NY,AEA,EN,Towers with Radar,52,178,161,0,391,0,0,4,0,4,52,178,165,0,395,0,0,0,395
11/05/2010,HPN,NY,AEA,EN,Towers with Radar,50,190,161,0,401,0,6,98,0,104,50,196,259,0,505,0,0,0,505
11/06/2010,HPN,NY,AEA,EN,Towers with Radar,46,77,103,0,226,0,1,243,0,244,46,78,346,0,470,128,0,128,598
11/07/2010,HPN,NY,AEA,EN,Towers with Radar,46,144,115,0,305,0,6,231,0,237,46,150,346,0,542,84,0,84,626
11/08/2010,HPN,NY,AEA,EN,Towers with Radar,49,148,104,0,301,0,0,39,0,39,49,148,143,0,340,0,0,0,340
11/09/2010,HPN,NY,AEA,EN,Towers with Radar,49,132,128,0,309,0,2,120,2,124,49,134,248,2,433,0,0,0,433
11/10/2010,HPN,NY,AEA,EN,Towers with Radar,46,117,130,0,293,0,10,198,0,208,46,127,328,0,501,144,0,144,645
11/11/2010,HPN,NY,AEA,EN,Towers with Radar,49,150,132,0,331,0,6,94,0,100,49,156,226,0,431,0,0,0,431
11/12/2010,HPN,NY,AEA,EN,Towers with Radar,52,121,125,0,298,0,16,359,0,375,52,137,484,0,673,48,0,48,721
11/13/2010,HPN,NY,AEA,EN,Towers with Radar,46,68,75,1,190,0,5,280,0,285,46,73,355,1,475,156,0,156,631
11/14/2010,HPN,NY,AEA,EN,Towers with Radar,52,117,119,0,288,0,11,267,1,279,52,128,386,1,567,118,0,118,685
11/15/2010,HPN,NY,AEA,EN,Towers with Radar,54,134,163,0,351,0,0,59,0,59,54,134,222,0,410,0,0,0,410
11/16/2010,HPN,NY,AEA,EN,Towers with Radar,50,120,175,0,345,0,0,0,0,0,50,120,175,0,345,0,0,0,345
11/17/2010,HPN,NY,AEA,EN,Towers with Radar,65,149,118,0,332,0,3,83,0,86,65,152,201,0,418,0,0,0,418
11/18/2010,HPN,NY,AEA,EN,Towers with Radar,53,126,150,2,331,0,6,220,4,230,53,132,370,6,561,54,0,54,615
11/19/2010,HPN,NY,AEA,EN,Towers with Radar,48,145,156,0,349,0,11,266,1,278,48,156,422,1,627,20,0,20,647
11/20/2010,HPN,NY,AEA,EN,Towers with Radar,48,97,82,0,227,0,6,275,0,281,48,103,357,0,508,118,0,118,626
11/21/2010,HPN,NY,AEA,EN,Towers with Radar,53,108,97,0,258,0,8,287,0,295,53,116,384,0,553,142,0,142,695
11/22/2010,HPN,NY,AEA,EN,Towers with Radar,55,131,142,0,328,0,2,122,0,124,55,133,264,0,452,48,0,48,500
11/23/2010,HPN,NY,AEA,EN,Towers with Radar,55,189,189,0,433,0,11,155,0,166,55,200,344,0,599,50,0,50,649
11/24/2010,HPN,NY,AEA,EN,Towers with Radar,57,180,131,0,368,0,30,216,0,246,57,210,347,0,614,52,0,52,666
11/25/2010,HPN,NY,AEA,EN,Towers with Radar,33,71,34,0,138,0,2,34,0,36,33,73,68,0,174,0,0,0,174
11/26/2010,HPN,NY,AEA,EN,Towers with Radar,52,83,70,0,205,0,4,50,0,54,52,87,120,0,259,0,0,0,259
11/27/2010,HPN,NY,AEA,EN,Towers with Radar,55,112,85,0,252,0,6,127,0,133,55,118,212,0,385,0,0,0,385
11/28/2010,HPN,NY,AEA,EN,Towers with Radar,60,208,251,2,521,0,27,428,0,455,60,235,679,2,976,28,0,28,1004
11/29/2010,HPN,NY,AEA,EN,Towers with Radar,57,129,147,0,333,0,6,240,0,246,57,135,387,0,579,84,0,84,663
11/30/2010,HPN,NY,AEA,EN,Towers with Radar,49,142,160,0,351,0,1,44,1,46,49,143,204,1,397,0,0,0,397
12/01/2010,HPN,NY,AEA,EN,Towers with Radar,48,165,170,0,383,0,1,9,0,10,48,166,179,0,393,0,0,0,393
12/02/2010,HPN,NY,AEA,EN,Towers with Radar,51,137,134,2,324,0,8,198,1,207,51,145,332,3,531,0,0,0,531
12/03/2010,HPN,NY,AEA,EN,Towers with Radar,52,139,145,0,336,0,22,202,0,224,52,161,347,0,560,42,0,42,602
12/04/2010,HPN,NY,AEA,EN,Towers with Radar,43,69,54,0,166,0,5,217,0,222,43,74,271,0,388,42,0,42,430
12/05/2010,HPN,NY,AEA,EN,Towers with Radar,48,120,128,0,296,0,13,173,0,186,48,133,301,0,482,64,0,64,546
12/06/2010,HPN,NY,AEA,EN,Towers with Radar,51,129,156,0,336,0,6,105,0,111,51,135,261,0,447,0,0,0,447
12/07/2010,HPN,NY,AEA,EN,Towers with Radar,52,129,137,0,318,0,4,81,0,85,52,133,218,0,403,0,0,0,403
12/08/2010,HPN,NY,AEA,EN,Towers with Radar,47,124,143,2,316,0,3,108,0,111,47,127,251,2,427,0,0,0,427
12/09/2010,HPN,NY,AEA,EN,Towers with Radar,53,131,148,0,332,0,8,163,0,171,53,139,311,0,503,80,0,80,583
12/10/2010,HPN,NY,AEA,EN,Towers with Radar,54,131,136,0,321,0,5,190,1,196,54,136,326,1,517,168,0,168,685
12/11/2010,HPN,NY,AEA,EN,Towers with Radar,43,61,57,0,161,0,4,231,0,235,43,65,288,0,396,132,0,132,528
12/12/2010,HPN,NY,AEA,EN,Towers with Radar,44,120,119,0,283,0,0,0,0,0,44,120,119,0,283,0,0,0,283
12/13/2010,HPN,NY,AEA,EN,Towers with Radar,48,119,98,0,265,0,1,43,0,44,48,120,141,0,309,54,0,54,363
12/14/2010,HPN,NY,AEA,EN,Towers with Radar,48,124,129,1,302,0,6,95,0,101,48,130,224,1,403,22,0,22,425
12/15/2010,HPN,NY,AEA,EN,Towers with Radar,48,134,154,0,336,0,2,108,1,111,48,136,262,1,447,32,0,32,479
12/16/2010,HPN,NY,AEA,EN,Towers with Radar,45,123,111,0,279,0,6,120,0,126,45,129,231,0,405,12,0,12,417
12/17/2010,HPN,NY,AEA,EN,Towers with Radar,51,168,171,0,390,0,10,198,1,209,51,178,369,1,599,68,0,68,667
12/18/2010,HPN,NY,AEA,EN,Towers with Radar,47,104,103,0,254,0,3,259,0,262,47,107,362,0,516,84,0,84,600
12/19/2010,HPN,NY,AEA,EN,Towers with Radar,48,121,126,0,295,0,3,193,0,196,48,124,319,0,491,164,0,164,655
12/20/2010,HPN,NY,AEA,EN,Towers with Radar,50,119,86,3,258,0,5,121,0,126,50,124,207,3,384,0,0,0,384
12/21/2010,HPN,NY,AEA,EN,Towers with Radar,51,140,88,0,279,0,2,107,0,109,51,142,195,0,388,6,0,6,394
12/22/2010,HPN,NY,AEA,EN,Towers with Radar,49,113,104,0,266,0,10,168,1,179,49,123,272,1,445,86,0,86,531
12/23/2010,HPN,NY,AEA,EN,Towers with Radar,52,125,105,1,283,0,6,46,0,52,52,131,151,1,335,0,0,0,335
12/24/2010,HPN,NY,AEA,EN,Towers with Radar,50,71,37,0,158,0,9,95,0,104,50,80,132,0,262,10,0,10,272
12/25/2010,HPN,NY,AEA,EN,Towers with Radar,44,93,54,0,191,0,6,58,0,64,44,99,112,0,255,0,0,0,255
12/26/2010,HPN,NY,AEA,EN,Towers with Radar,19,97,137,0,253,0,1,16,1,18,19,98,153,1,271,0,0,0,271
12/27/2010,HPN,NY,AEA,EN,Towers with Radar,11,177,143,0,331,0,0,64,0,64,11,177,207,0,395,0,0,0,395
12/28/2010,HPN,NY,AEA,EN,Towers with Radar,37,252,217,0,506,0,11,28,0,39,37,263,245,0,545,0,0,0,545
12/29/2010,HPN,NY,AEA,EN,Towers with Radar,41,147,83,0,271,0,4,130,0,134,41,151,213,0,405,70,0,70,475
12/30/2010,HPN,NY,AEA,EN,Towers with Radar,48,103,67,0,218,0,4,169,0,173,48,107,236,0,391,40,0,40,431
12/31/2010,HPN,NY,AEA,EN,Towers with Radar,49,80,70,0,199,0,3,159,1,163,49,83,229,1,362,80,0,80,442
01/01/2011,HPN,NY,AEA,EN,Towers with Radar,48,121,140,0,309,0,2,83,0,85,48,123,223,0,394,0,0,0,394
01/02/2011,HPN,NY,AEA,EN,Towers with Radar,51,200,246,0,497,0,1,59,0,60,51,201,305,0,557,66,0,66,623
01/03/2011,HPN,NY,AEA,EN,Towers with Radar,50,124,118,0,292,0,5,141,0,146,50,129,259,0,438,6,0,6,444
01/04/2011,HPN,NY,AEA,EN,Towers with Radar,46,110,85,0,241,0,6,123,0,129,46,116,208,0,370,96,0,96,466
01/05/2011,HPN,NY,AEA,EN,Towers with Radar,42,96,75,0,213,0,4,106,1,111,42,100,181,1,324,98,0,98,422
01/06/2011,HPN,NY,AEA,EN,Towers with Radar,49,109,105,1,264,0,3,139,0,142,49,112,244,1,406,44,0,44,450
01/07/2011,HPN,NY,AEA,EN,Towers with Radar,42,105,61,0,208,0,0,5,0,5,42,105,66,0,213,0,0,0,213
01/08/2011,HPN,NY,AEA,EN,Towers with Radar,41,73,100,2,216,0,3,41,0,44,41,76,141,2,260,4,0,4,264
01/09/2011,HPN,NY,AEA,EN,Towers with Radar,49,103,80,0,232,0,2,114,0,116,49,105,194,0,348,6,0,6,354
01/10/2011,HPN,NY,AEA,EN,Towers with Radar,33,97,105,0,235,0,5,114,0,119,33,102,219,0,354,0,0,0,354
01/11/2011,HPN,NY,AEA,EN,Towers with Radar,23,114,112,0,249,0,2,156,0,158,23,116,268,0,407,24,0,24,431
01/12/2011,HPN,NY,AEA,EN,Towers with Radar,23,72,44,0,139,0,0,13,0,13,23,72,57,0,152,0,0,0,152
01/13/2011,HPN,NY,AEA,EN,Towers with Radar,50,137,120,0,307,0,6,136,1,143,50,143,256,1,450,30,0,30,480
01/14/2011,HPN,NY,AEA,EN,Towers with Radar,52,178,179,0,409,0,5,159,0,164,52,183,338,0,573,4,0,4,577
01/15/2011,HPN,NY,AEA,EN,Towers with Radar,39,64,44,0,147,0,4,147,0,151,39,68,191,0,298,32,0,32,330
01/16/2011,HPN,NY,AEA,EN,Towers with Radar,48,81,67,0,196,0,4,197,0,201,48,85,264,0,397,42,0,42,439
01/17/2011,HPN,NY,AEA,EN,Towers with Radar,50,153,181,0,384,0,5,230,0,235,50,158,411,0,619,102,0,102,721
01/18/2011,HPN,NY,AEA,EN,Towers with Radar,32,90,88,0,210,0,0,0,0,0,32,90,88,0,210,0,0,0,210
01/19/2011,HPN,NY,AEA,EN,Towers with Radar,45,146,101,0,292,0,0,6,0,6,45,146,107,0,298,0,0,0,298
01/20/2011,HPN,NY,AEA,EN,Towers with Radar,52,145,124,0,321,0,7,143,1,151,52,152,267,1,472,42,0,42,514
01/21/2011,HPN,NY,AEA,EN,Towers with Radar,50,134,94,2,280,0,4,35,1,40,50,138,129,3,320,0,0,0,320
01/22/2011,HPN,NY,AEA,EN,Towers with Radar,40,70,54,0,164,0,6,153,0,159,40,76,207,0,323,46,0,46,369
01/23/2011,HPN,NY,AEA,EN,Towers with Radar,46,115,121,1,283,0,4,139,0,143,46,119,260,1,426,106,0,106,532
01/24/2011,HPN,NY,AEA,EN,Towers with Radar,49,99,105,3,256,0,4,148,0,152,49,103,253,3,408,106,0,106,514
01/25/2011,HPN,NY,AEA,EN,Towers with Radar,41,124,139,0,304,0,1,49,0,50,41,125,188,0,354,0,0,0,354
01/26/2011,HPN,NY,AEA,EN,Towers with Radar,26,70,59,0,155,0,1,9,0,10,26,71,68,0,165,0,0,0,165
01/27/2011,HPN,NY,AEA,EN,Towers with Radar,28,104,107,1,240,0,7,55,0,62,28,111,162,1,302,0,0,0,302
01/28/2011,HPN,NY,AEA,EN,Towers with Radar,50,138,117,0,305,0,7,69,0,76,50,145,186,0,381,0,0,0,381
01/29/2011,HPN,NY,AEA,EN,Towers with Radar,39,62,64,2,167,0,2,78,0,80,39,64,142,2,247,56,0,56,303
01/30/2011,HPN,NY,AEA,EN,Towers with Radar,49,108,108,1,266,0,7,196,0,203,49,115,304,1,469,38,0,38,507
01/31/2011,HPN,NY,AEA,EN,Towers with Radar,51,118,134,0,303,0,4,150,0,154,51,122,284,0,457,16,0,16,473
02/01/2011,HPN,NY,AEA,EN,Towers with Radar,14,40,56,0,110,0,0,0,0,0,14,40,56,0,110,0,0,0,110
02/02/2011,HPN,NY,AEA,EN,Towers with Radar,18,41,88,0,147,0,0,1,0,1,18,41,89,0,148,0,0,0,148
02/03/2011,HPN,NY,AEA,EN,Towers with Radar,49,96,135,0,280,0,6,94,2,102,49,102,229,2,382,0,0,0,382
02/04/2011,HPN,NY,AEA,EN,Towers with Radar,55,124,146,0,325,0,12,137,0,149,55,136,283,0,474,8,0,8,482
02/05/2011,HPN,NY,AEA,EN,Towers with Radar,29,54,53,0,136,0,0,0,0,0,29,54,53,0,136,0,0,0,136
02/06/2011,HPN,NY,AEA,EN,Towers with Radar,48,74,88,0,210,0,10,192,0,202,48,84,280,0,412,54,0,54,466
02/07/2011,HPN,NY,AEA,EN,Towers with Radar,47,132,153,0,332,0,3,111,0,114,47,135,264,0,446,140,0,140,586
02/08/2011,HPN,NY,AEA,EN,Towers with Radar,43,124,89,0,256,0,0,33,0,33,43,124,122,0,289,0,0,0,289
02/09/2011,HPN,NY,AEA,EN,Towers with Radar,47,133,114,0,294,0,5,193,1,199,47,138,307,1,493,16,0,16,509
02/10/2011,HPN,NY,AEA,EN,Towers with Radar,53,126,130,3,312,0,7,164,1,172,53,133,294,4,484,48,0,48,532
02/11/2011,HPN,NY,AEA,EN,Towers with Radar,50,112,123,0,285,0,10,230,0,240,50,122,353,0,525,56,0,56,581
02/12/2011,HPN,NY,AEA,EN,Towers with Radar,41,58,57,0,156,0,11,149,0,160,41,69,206,0,316,92,0,92,408
02/13/2011,HPN,NY,AEA,EN,Towers with Radar,49,86,123,0,258,0,6,150,0,156,49,92,273,0,414,124,4,128,542
02/14/2011,HPN,NY,AEA,EN,Towers with Radar,50,115,100,0,265,0,3,104,0,107,50,118,204,0,372,54,0,54,426
02/15/2011,HPN,NY,AEA,EN,Towers with Radar,43,120,94,0,257,0,8,156,0,164,43,128,250,0,421,84,0,84,505
02/16/2011,HPN,NY,AEA,EN,Towers with Radar,43,159,141,0,343,0,4,181,0,185,43,163,322,0,528,196,0,196,724
02/17/2011,HPN,NY,AEA,EN,Towers with Radar,57,169,188,0,414,0,3,251,0,254,57,172,439,0,668,2,0,2,670
02/18/2011,HPN,NY,AEA,EN,Towers with Radar,56,219,250,0,525,0,13,226,0,239,56,232,476,0,764,42,0,42,806
02/19/2011,HPN,NY,AEA,EN,Towers with Radar,55,119,73,0,247,0,2,41,0,43,55,121,114,0,290,4,0,4,294
02/20/2011,HPN,NY,AEA,EN,Towers with Radar,44,96,73,0,213,0,5,184,0,189,44,101,257,0,402,94,0,94,496
02/21/2011,HPN,NY,AEA,EN,Towers with Radar,53,151,183,0,387,0,4,45,0,49,53,155,228,0,436,11,0,11,447
02/22/2011,HPN,NY,AEA,EN,Towers with Radar,55,138,184,0,377,0,6,144,0,150,55,144,328,0,527,82,0,82,609
02/23/2011,HPN,NY,AEA,EN,Towers with Radar,51,111,98,0,260,0,8,185,1,194,51,119,283,1,454,50,0,50,504
02/24/2011,HPN,NY,AEA,EN,Towers with Radar,50,116,142,1,309,0,6,133,1,140,50,122,275,2,449,140,0,140,589
02/25/2011,HPN,NY,AEA,EN,Towers with Radar,46,126,92,0,264,0,0,3,0,3,46,126,95,0,267,0,0,0,267
02/26/2011,HPN,NY,AEA,EN,Towers with Radar,46,99,119,1,265,0,5,233,1,239,46,104,352,2,504,186,0,186,690
02/27/2011,HPN,NY,AEA,EN,Towers with Radar,47,160,155,0,362,0,3,142,0,145,47,163,297,0,507,160,0,160,667
02/28/2011,HPN,NY,AEA,EN,Towers with Radar,49,91,105,0,245,0,0,11,0,11,49,91,116,0,256,8,0,8,264
03/01/2011,HPN,NY,AEA,EN,Towers with Radar,50,137,110,0,297,0,3,198,0,201,50,140,308,0,498,84,0,84,582
03/02/2011,HPN,NY,AEA,EN,Towers with Radar,54,138,119,0,311,0,5,144,0,149,54,143,263,0,460,20,0,20,480
03/03/2011,HPN,NY,AEA,EN,Towers with Radar,53,120,132,0,305,0,6,224,2,232,53,126,356,2,537,58,0,58,595
03/04/2011,HPN,NY,AEA,EN,Towers with Radar,52,124,93,0,269,0,9,231,0,240,52,133,324,0,509,144,0,144,653
03/05/2011,HPN,NY,AEA,EN,Towers with Radar,45,74,100,0,219,0,2,72,0,74,45,76,172,0,293,94,0,94,387
03/06/2011,HPN,NY,AEA,EN,Towers with Radar,43,96,93,0,232,0,0,0,0,0,43,96,93,0,232,0,0,0,232
03/07/2011,HPN,NY,AEA,EN,Towers with Radar,47,123,129,0,299,0,1,56,0,57,47,124,185,0,356,2,0,2,358
03/08/2011,HPN,NY,AEA,EN,Towers with Radar,50,112,140,0,302,0,3,191,0,194,50,115,331,0,496,122,0,122,618
03/09/2011,HPN,NY,AEA,EN,Towers with Radar,52,131,134,0,317,0,4,150,0,154,52,135,284,0,471,66,0,66,537
03/10/2011,HPN,NY,AEA,EN,Towers with Radar,51,138,140,2,331,0,0,0,0,0,51,138,140,2,331,0,0,0,331
03/11/2011,HPN,NY,AEA,EN,Towers with Radar,50,166,150,0,366,0,0,94,0,94,50,166,244,0,460,20,0,20,480
03/12/2011,HPN,NY,AEA,EN,Towers with Radar,42,112,103,0,257,0,4,188,0,192,42,116,291,0,449,14,0,14,463
03/13/2011,HPN,NY,AEA,EN,Towers with Radar,48,117,92,2,259,0,4,265,0,269,48,121,357,2,528,108,0,108,636
03/14/2011,HPN,NY,AEA,EN,Towers with Radar,49,120,99,0,268,0,4,115,0,119,49,124,214,0,387,48,0,48,435
03/15/2011,HPN,NY,AEA,EN,Towers with Radar,49,123,109,0,281,0,2,135,0,137,49,125,244,0,418,140,0,140,558
03/16/2011,HPN,NY,AEA,EN,Towers with Radar,51,108,123,0,282,0,0,37,0,37,51,108,160,0,319,0,0,0,319
03/17/2011,HPN,NY,AEA,EN,Towers with Radar,49,143,113,0,305,0,7,205,0,212,49,150,318,0,517,56,0,56,573
03/18/2011,HPN,NY,AEA,EN,Towers with Radar,50,151,112,0,313,0,8,138,0,146,50,159,250,0,459,54,0,54,513
03/19/2011,HPN,NY,AEA,EN,Towers with Radar,46,80,97,0,223,0,3,232,2,237,46,83,329,2,460,82,0,82,542
03/20/2011,HPN,NY,AEA,EN,Towers with Radar,50,138,123,0,311,0,9,335,0,344,50,147,458,0,655,134,0,134,789
03/21/2011,HPN,NY,AEA,EN,Towers with Radar,51,75,79,0,205,0,0,2,0,2,51,75,81,0,207,0,0,0,207
03/22/2011,HPN,NY,AEA,EN,Towers with Radar,47,108,117,2,274,0,3,172,0,175,47,111,289,2,449,10,0,10,459
03/23/2011,HPN,NY,AEA,EN,Towers with Radar,51,103,92,0,246,0,0,0,0,0,51,103,92,0,246,0,0,0,246
03/24/2011,HPN,NY,AEA,EN,Towers with Radar,50,133,140,0,323,0,1,66,0,67,50,134,206,0,390,38,0,38,428
03/25/2011,HPN,NY,AEA,EN,Towers with Radar,50,129,129,0,308,0,7,229,0,236,50,136,358,0,544,66,0,66,610
03/26/2011,HPN,NY,AEA,EN,Towers with Radar,44,113,96,0,253,0,7,212,0,219,44,120,308,0,472,53,0,53,525
03/27/2011,HPN,NY,AEA,EN,Towers with Radar,48,140,145,0,333,0,6,261,0,267,48,146,406,0,600,24,0,24,624
03/28/2011,HPN,NY,AEA,EN,Towers with Radar,53,120,115,0,288,0,3,146,0,149,53,123,261,0,437,0,0,0,437
03/29/2011,HPN,NY,AEA,EN,Towers with Radar,51,124,136,0,311,0,2,114,0,116,51,126,250,0,427,54,0,54,481
03/30/2011,HPN,NY,AEA,EN,Towers with Radar,50,124,104,0,278,0,1,215,0,216,50,125,319,0,494,136,0,136,630
03/31/2011,HPN,NY,AEA,EN,Towers with Radar,46,130,125,0,301,0,0,34,0,34,46,130,159,0,335,0,0,0,335
04/01/2011,HPN,NY,AEA,EN,Towers with Radar,50,112,103,0,265,0,0,21,0,21,50,112,124,0,286,0,0,0,286
04/02/2011,HPN,NY,AEA,EN,Towers with Radar,45,73,70,0,188,0,11,195,0,206,45,84,265,0,394,182,0,182,576
04/03/2011,HPN,NY,AEA,EN,Towers with Radar,50,116,117,0,283,0,6,274,0,280,50,122,391,0,563,24,0,24,587
04/04/2011,HPN,NY,AEA,EN,Towers with Radar,49,118,108,0,275,0,1,110,0,111,49,119,218,0,386,44,0,44,430
04/05/2011,HPN,NY,AEA,EN,Towers with Radar,46,125,108,0,279,0,0,29,0,29,46,125,137,0,308,0,0,0,308
04/06/2011,HPN,NY,AEA,EN,Towers with Radar,50,127,163,0,340,0,4,146,2,152,50,131,309,2,492,54,0,54,546
04/07/2011,HPN,NY,AEA,EN,Towers with Radar,52,139,154,0,345,0,6,173,0,179,52,145,327,0,524,20,0,20,544
04/08/2011,HPN,NY,AEA,EN,Towers with Radar,50,124,142,0,316,0,5,190,1,196,50,129,332,1,512,20,0,20,532
04/09/2011,HPN,NY,AEA,EN,Towers with Radar,47,72,86,0,205,0,9,285,0,294,47,81,371,0,499,124,0,124,623
04/10/2011,HPN,NY,AEA,EN,Towers with Radar,50,103,173,0,326,0,2,138,0,140,50,105,311,0,466,258,0,258,724
04/11/2011,HPN,NY,AEA,EN,Towers with Radar,52,120,117,0,289,0,2,48,0,50,52,122,165,0,339,0,0,0,339
04/12/2011,HPN,NY,AEA,EN,Towers with Radar,47,122,154,0,323,0,2,58,0,60,47,124,212,0,383,14,0,14,397
04/13/2011,HPN,NY,AEA,EN,Towers with Radar,50,139,119,0,308,0,0,1,0,1,50,139,120,0,309,0,0,0,309
04/14/2011,HPN,NY,AEA,EN,Towers with Radar,51,131,149,0,331,0,9,294,0,303,51,140,443,0,634,202,0,202,836
04/15/2011,HPN,NY,AEA,EN,Towers with Radar,48,144,129,0,321,0,14,270,0,284,48,158,399,0,605,126,0,126,731
04/16/2011,HPN,NY,AEA,EN,Towers with Radar,44,97,76,0,217,0,0,19,0,19,44,97,95,0,236,0,0,0,236
04/17/2011,HPN,NY,AEA,EN,Towers with Radar,45,117,108,0,270,0,7,154,0,161,45,124,262,0,431,26,0,26,457
04/18/2011,HPN,NY,AEA,EN,Towers with Radar,49,126,97,0,272,0,6,214,0,220,49,132,311,0,492,103,0,103,595
04/19/2011,HPN,NY,AEA,EN,Towers with Radar,49,112,130,0,291,0,0,68,1,69,49,112,198,1,360,110,0,110,470
04/20/2011,HPN,NY,AEA,EN,Towers with Radar,50,132,139,0,321,0,0,40,0,40,50,132,179,0,361,24,0,24,385
04/21/2011,HPN,NY,AEA,EN,Towers with Radar,53,205,162,0,420,0,6,209,0,215,53,211,371,0,635,24,0,24,659
04/22/2011,HPN,NY,AEA,EN,Towers with Radar,50,94,110,0,254,0,7,290,0,297,50,101,400,0,551,218,0,218,769
04/23/2011,HPN,NY,AEA,EN,Towers with Radar,39,64,61,0,164,0,0,0,0,0,39,64,61,0,164,0,0,0,164
04/24/2011,HPN,NY,AEA,EN,Towers with Radar,41,124,180,0,345,0,9,178,0,187,41,133,358,0,532,71,0,71,603
04/25/2011,HPN,NY,AEA,EN,Towers with Radar,55,171,191,0,417,0,2,53,0,55,55,173,244,0,472,48,0,48,520
04/26/2011,HPN,NY,AEA,EN,Towers with Radar,49,136,160,0,345,0,1,75,0,76,49,137,235,0,421,54,0,54,475
04/27/2011,HPN,NY,AEA,EN,Towers with Radar,52,128,168,0,348,0,0,29,0,29,52,128,197,0,377,0,0,0,377
04/28/2011,HPN,NY,AEA,EN,Towers with Radar,40,134,121,0,295,0,1,9,0,10,40,135,130,0,305,0,0,0,305
04/29/2011,HPN,NY,AEA,EN,Towers with Radar,50,159,152,0,361,0,81,220,0,301,50,240,372,0,662,112,0,112,774
04/30/2011,HPN,NY,AEA,EN,Towers with Radar,47,72,98,0,217,0,9,367,0,376,47,81,465,0,593,56,0,56,649
05/01/2011,HPN,NY,AEA,EN,Towers with Radar,51,130,121,0,302,0,36,429,0,465,51,166,550,0,767,104,0,104,871
05/02/2011,HPN,NY,AEA,EN,Towers with Radar,51,124,119,0,294,0,7,107,0,114,51,131,226,0,408,63,0,63,471
05/03/2011,HPN,NY,AEA,EN,Towers with Radar,45,125,117,0,287,0,0,128,0,128,45,125,245,0,415,20,0,20,435
05/04/2011,HPN,NY,AEA,EN,Towers with Radar,47,131,141,0,319,0,0,34,0,34,47,131,175,0,353,0,0,0,353
05/05/2011,HPN,NY,AEA,EN,Towers with Radar,50,171,170,0,391,0,1,161,0,162,50,172,331,0,553,0,0,0,553
05/06/2011,HPN,NY,AEA,EN,Towers with Radar,49,127,132,2,310,0,40,292,0,332,49,167,424,2,642,64,0,64,706
05/07/2011,HPN,NY,AEA,EN,Towers with Radar,44,79,75,0,198,0,6,244,0,250,44,85,319,0,448,142,0,142,590
05/08/2011,HPN,NY,AEA,EN,Towers with Radar,48,120,82,2,252,0,8,323,0,331,48,128,405,2,583,72,0,72,655
05/09/2011,HPN,NY,AEA,EN,Towers with Radar,51,126,145,1,323,0,4,155,0,159,51,130,300,1,482,64,0,64,546
05/10/2011,HPN,NY,AEA,EN,Towers with Radar,46,127,131,0,304,0,6,198,0,204,46,133,329,0,508,124,0,124,632
05/11/2011,HPN,NY,AEA,EN,Towers with Radar,46,134,143,0,323,0,11,226,0,237,46,145,369,0,560,70,0,70,630
05/12/2011,HPN,NY,AEA,EN,Towers with Radar,48,138,136,0,322,0,7,265,1,273,48,145,401,1,595,114,0,114,709
05/13/2011,HPN,NY,AEA,EN,Towers with Radar,48,160,155,1,364,0,12,241,0,253,48,172,396,1,617,123,0,123,740
05/14/2011,HPN,NY,AEA,EN,Towers with Radar,42,85,150,0,277,0,2,119,0,121,42,87,269,0,398,4,0,4,402
05/15/2011,HPN,NY,AEA,EN,Towers with Radar,46,95,117,0,258,0,0,0,0,0,46,95,117,0,258,0,0,0,258
05/16/2011,HPN,NY,AEA,EN,Towers with Radar,53,125,152,0,330,0,0,0,0,0,53,125,152,0,330,0,0,0,330
05/17/2011,HPN,NY,AEA,EN,Towers with Radar,47,133,122,0,302,0,0,0,0,0,47,133,122,0,302,0,0,0,302
05/18/2011,HPN,NY,AEA,EN,Towers with Radar,55,120,136,0,311,0,0,0,0,0,55,120,136,0,311,0,0,0,311
05/19/2011,HPN,NY,AEA,EN,Towers with Radar,50,126,150,0,326,0,3,29,0,32,50,129,179,0,358,0,0,0,358
05/20/2011,HPN,NY,AEA,EN,Towers with Radar,50,151,160,0,361,0,14,94,0,108,50,165,254,0,469,0,0,0,469
05/21/2011,HPN,NY,AEA,EN,Towers with Radar,44,89,127,0,260,0,0,195,20,215,44,89,322,20,475,134,0,134,609
05/22/2011,HPN,NY,AEA,EN,Towers with Radar,53,161,187,0,401,0,0,8,0,8,53,161,195,0,409,0,0,0,409
05/23/2011,HPN,NY,AEA,EN,Towers with Radar,59,115,128,0,302,0,0,0,0,0,59,115,128,0,302,0,0,0,302
05/24/2011,HPN,NY,AEA,EN,Towers with Radar,44,131,145,0,320,0,0,173,0,173,44,131,318,0,493,96,0,96,589
05/25/2011,HPN,NY,AEA,EN,Towers with Radar,46,125,131,0,302,0,7,286,2,295,46,132,417,2,597,126,0,126,723
05/26/2011,HPN,NY,AEA,EN,Towers with Radar,45,152,196,0,393,0,10,185,0,195,45,162,381,0,588,60,0,60,648
05/27/2011,HPN,NY,AEA,EN,Towers with Radar,49,213,185,0,447,0,31,348,0,379,49,244,533,0,826,72,0,72,898
05/28/2011,HPN,NY,AEA,EN,Towers with Radar,43,80,82,0,205,0,9,160,0,169,43,89,242,0,374,84,0,84,458
05/29/2011,HPN,NY,AEA,EN,Towers with Radar,41,77,86,0,204,0,4,162,0,166,41,81,248,0,370,166,0,166,536
05/30/2011,HPN,NY,AEA,EN,Towers with Radar,50,210,157,2,419,0,36,346,3,385,50,246,503,5,804,28,0,28,832
05/31/2011,HPN,NY,AEA,EN,Towers with Radar,44,129,108,0,281,0,11,339,0,350,44,140,447,0,631,60,0,60,691
06/01/2011,HPN,NY,AEA,EN,Towers with Radar,46,136,145,0,327,0,2,130,0,132,46,138,275,0,459,66,0,66,525
06/02/2011,HPN,NY,AEA,EN,Towers with Radar,49,168,108,0,325,0,10,228,0,238,49,178,336,0,563,0,0,0,563
06/03/2011,HPN,NY,AEA,EN,Towers with Radar,52,143,133,0,328,0,21,367,0,388,52,164,500,0,716,0,0,0,716
06/04/2011,HPN,NY,AEA,EN,Towers with Radar,40,74,56,0,170,0,14,456,0,470,40,88,512,0,640,134,0,134,774
06/05/2011,HPN,NY,AEA,EN,Towers with Radar,48,123,156,2,329,0,17,310,0,327,48,140,466,2,656,84,0,84,740
06/06/2011,HPN,NY,AEA,EN,Towers with Radar,50,148,144,0,342,0,14,275,0,289,50,162,419,0,631,94,0,94,725
06/07/2011,HPN,NY,AEA,EN,Towers with Radar,45,129,122,0,296,0,8,278,0,286,45,137,400,0,582,30,0,30,612
06/08/2011,HPN,NY,AEA,EN,Towers with Radar,44,143,184,0,371,0,4,322,0,326,44,147,506,0,697,6,0,6,703
06/09/2011,HPN,NY,AEA,EN,Towers with Radar,48,137,145,1,331,0,3,204,0,207,48,140,349,1,538,174,0,174,712
06/10/2011,HPN,NY,AEA,EN,Towers with Radar,51,143,174,0,368,0,21,362,0,383,51,164,536,0,751,94,0,94,845
06/11/2011,HPN,NY,AEA,EN,Towers with Radar,44,102,101,1,248,0,0,11,0,11,44,102,112,1,259,0,0,0,259
06/12/2011,HPN,NY,AEA,EN,Towers with Radar,48,118,217,0,383,0,0,24,0,24,48,118,241,0,407,0,0,0,407
06/13/2011,HPN,NY,AEA,EN,Towers with Radar,51,132,144,0,327,0,5,151,0,156,51,137,295,0,483,56,0,56,539
06/14/2011,HPN,NY,AEA,EN,Towers with Radar,44,163,163,0,370,0,0,57,0,57,44,163,220,0,427,72,0,72,499
06/15/2011,HPN,NY,AEA,EN,Towers with Radar,49,146,125,0,320,0,7,289,1,297,49,153,414,1,617,12,0,12,629
06/16/2011,HPN,NY,AEA,EN,Towers with Radar,48,138,159,2,347,0,13,249,1,263,48,151,408,3,610,56,0,56,666
06/17/2011,HPN,NY,AEA,EN,Towers with Radar,49,151,198,0,398,0,4,82,0,86,49,155,280,0,484,6,0,6,490
06/18/2011,HPN,NY,AEA,EN,Towers with Radar,41,92,111,0,244,0,18,289,0,307,41,110,400,0,551,20,0,20,571
06/19/2011,HPN,NY,AEA,EN,Towers with Radar,51,122,123,0,296,0,20,465,0,485,51,142,588,0,781,126,0,126,907
06/20/2011,HPN,NY,AEA,EN,Towers with Radar,53,112,130,0,295,0,16,336,0,352,53,128,466,0,647,116,0,116,763
06/21/2011,HPN,NY,AEA,EN,Towers with Radar,48,124,97,0,269,0,12,210,1,223,48,136,307,1,492,118,0,118,610
06/22/2011,HPN,NY,AEA,EN,Towers with Radar,46,144,174,1,365,0,0,53,0,53,46,144,227,1,418,0,0,0,418
06/23/2011,HPN,NY,AEA,EN,Towers with Radar,42,123,165,0,330,0,0,0,0,0,42,123,165,0,330,0,0,0,330
06/24/2011,HPN,NY,AEA,EN,Towers with Radar,43,153,180,0,376,0,0,0,0,0,43,153,180,0,376,0,0,0,376
06/25/2011,HPN,NY,AEA,EN,Towers with Radar,42,91,104,2,239,0,5,94,0,99,42,96,198,2,338,64,0,64,402
06/26/2011,HPN,NY,AEA,EN,Towers with Radar,51,109,153,0,313,0,12,375,0,387,51,121,528,0,700,140,0,140,840
06/27/2011,HPN,NY,AEA,EN,Towers with Radar,48,128,102,0,278,0,19,417,0,436,48,147,519,0,714,236,0,236,950
06/28/2011,HPN,NY,AEA,EN,Towers with Radar,45,145,111,0,301,0,6,194,0,200,45,151,305,0,501,134,0,134,635
06/29/2011,HPN,NY,AEA,EN,Towers with Radar,46,171,141,0,358,0,12,268,0,280,46,183,409,0,638,48,0,48,686
06/30/2011,HPN,NY,AEA,EN,Towers with Radar,46,156,147,0,349,0,45,527,1,573,46,201,674,1,922,104,0,104,1026
07/01/2011,HPN,NY,AEA,EN,Towers with Radar,51,163,144,0,358,0,53,499,0,552,51,216,643,0,910,35,0,35,945
07/02/2011,HPN,NY,AEA,EN,Towers with Radar,41,92,45,0,178,0,17,255,0,272,41,109,300,0,450,88,0,88,538
07/03/2011,HPN,NY,AEA,EN,Towers with Radar,38,74,49,2,163,0,0,11,0,11,38,74,60,2,174,0,0,0,174
07/04/2011,HPN,NY,AEA,EN,Towers with Radar,50,110,76,0,236,0,34,228,0,262,50,144,304,0,498,24,0,24,522
07/05/2011,HPN,NY,AEA,EN,Towers with Radar,54,182,106,0,342,0,40,412,6,458,54,222,518,6,800,212,0,212,1012
07/06/2011,HPN,NY,AEA,EN,Towers with Radar,44,132,100,0,276,0,9,240,0,249,44,141,340,0,525,148,0,148,673
07/07/2011,HPN,NY,AEA,EN,Towers with Radar,45,118,123,1,287,0,21,264,1,286,45,139,387,2,573,110,0,110,683
07/08/2011,HPN,NY,AEA,EN,Towers with Radar,47,140,130,0,317,0,6,107,0,113,47,146,237,0,430,0,0,0,430
07/09/2011,HPN,NY,AEA,EN,Towers with Radar,40,93,75,0,208,0,11,425,2,438,40,104,500,2,646,70,0,70,716
07/10/2011,HPN,NY,AEA,EN,Towers with Radar,54,143,100,0,297,0,35,502,2,539,54,178,602,2,836,154,0,154,990
07/11/2011,HPN,NY,AEA,EN,Towers with Radar,51,140,131,0,322,0,22,307,0,329,51,162,438,0,651,50,0,50,701
07/12/2011,HPN,NY,AEA,EN,Towers with Radar,49,111,111,0,271,0,12,187,2,201,49,123,298,2,472,18,0,18,490
07/13/2011,HPN,NY,AEA,EN,Towers with Radar,47,123,127,0,297,0,10,241,0,251,47,133,368,0,548,76,0,76,624
07/14/2011,HPN,NY,AEA,EN,Towers with Radar,49,162,126,0,337,0,30,381,0,411,49,192,507,0,748,86,0,86,834
07/15/2011,HPN,NY,AEA,EN,Towers with Radar,50,172,114,0,336,0,53,475,0,528,50,225,589,0,864,150,0,150,1014
07/16/2011,HPN,NY,AEA,EN,Towers with Radar,43,82,58,0,183,0,20,371,0,391,43,102,429,0,574,136,0,136,710
07/17/2011,HPN,NY,AEA,EN,Towers with Radar,56,148,129,0,333,0,36,520,0,556,56,184,649,0,889,66,0,66,955
07/18/2011,HPN,NY,AEA,EN,Towers with Radar,52,137,129,0,318,0,31,242,0,273,52,168,371,0,591,98,0,98,689
07/19/2011,HPN,NY,AEA,EN,Towers with Radar,50,110,121,0,281,0,12,188,0,200,50,122,309,0,481,106,0,106,587
07/20/2011,HPN,NY,AEA,EN,Towers with Radar,45,121,129,0,295,0,13,247,0,260,45,134,376,0,555,152,0,152,707
07/21/2011,HPN,NY,AEA,EN,Towers with Radar,45,175,180,0,400,0,19,193,0,212,45,194,373,0,612,26,0,26,638
07/22/2011,HPN,NY,AEA,EN,Towers with Radar,52,149,149,0,350,0,39,435,0,474,52,188,584,0,824,92,0,92,916
07/23/2011,HPN,NY,AEA,EN,Towers with Radar,40,75,50,0,165,0,14,302,0,316,40,89,352,0,481,52,0,52,533
07/24/2011,HPN,NY,AEA,EN,Towers with Radar,52,117,123,0,292,0,32,354,1,387,52,149,477,1,679,62,0,62,741
07/25/2011,HPN,NY,AEA,EN,Towers with Radar,42,119,115,0,276,0,11,123,0,134,42,130,238,0,410,26,0,26,436
07/26/2011,HPN,NY,AEA,EN,Towers with Radar,45,130,124,0,299,0,5,177,0,182,45,135,301,0,481,42,0,42,523
07/27/2011,HPN,NY,AEA,EN,Towers with Radar,42,96,75,0,213,0,13,292,1,306,42,109,367,1,519,41,0,41,560
07/28/2011,HPN,NY,AEA,EN,Towers with Radar,46,141,134,0,321,0,19,395,0,414,46,160,529,0,735,180,0,180,915
07/29/2011,HPN,NY,AEA,EN,Towers with Radar,48,169,235,0,452,0,2,64,0,66,48,171,299,0,518,0,0,0,518
07/30/2011,HPN,NY,AEA,EN,Towers with Radar,36,71,56,0,163,0,16,266,0,282,36,87,322,0,445,184,0,184,629
07/31/2011,HPN,NY,AEA,EN,Towers with Radar,49,116,93,0,258,0,32,371,0,403,49,148,464,0,661,12,0,12,673
08/01/2011,HPN,NY,AEA,EN,Towers with Radar,43,92,94,0,229,0,26,221,0,247,43,118,315,0,476,92,0,92,568
08/02/2011,HPN,NY,AEA,EN,Towers with Radar,40,93,92,0,225,0,11,208,0,219,40,104,300,0,444,80,0,80,524
08/03/2011,HPN,NY,AEA,EN,Towers with Radar,44,124,100,0,268,0,12,158,1,171,44,136,258,1,439,62,0,62,501
08/04/2011,HPN,NY,AEA,EN,Towers with Radar,49,127,114,0,290,0,17,239,0,256,49,144,353,0,546,84,0,84,630
08/05/2011,HPN,NY,AEA,EN,Towers with Radar,48,152,123,0,323,0,31,323,0,354,48,183,446,0,677,88,0,88,765
08/06/2011,HPN,NY,AEA,EN,Towers with Radar,38,93,67,0,198,0,7,211,0,218,38,100,278,0,416,66,0,66,482
08/07/2011,HPN,NY,AEA,EN,Towers with Radar,49,131,124,0,304,0,13,89,0,102,49,144,213,0,406,0,0,0,406
08/08/2011,HPN,NY,AEA,EN,Towers with Radar,42,98,109,0,249,0,21,206,0,227,42,119,315,0,476,6,0,6,482
08/09/2011,HPN,NY,AEA,EN,Towers with Radar,44,104,124,0,272,0,5,106,0,111,44,109,230,0,383,60,0,60,443
08/10/2011,HPN,NY,AEA,EN,Towers with Radar,43,107,114,0,264,0,11,316,0,327,43,118,430,0,591,160,0,160,751
08/11/2011,HPN,NY,AEA,EN,Towers with Radar,47,121,89,0,257,0,18,294,0,312,47,139,383,0,569,74,0,74,643
08/12/2011,HPN,NY,AEA,EN,Towers with Radar,50,98,69,0,217,0,47,469,0,516,50,145,538,0,733,136,0,136,869
08/13/2011,HPN,NY,AEA,EN,Towers with Radar,41,81,62,1,185,0,17,314,0,331,41,98,376,1,516,102,0,102,618
08/14/2011,HPN,NY,AEA,EN,Towers with Radar,46,159,128,1,334,0,0,0,0,0,46,159,128,1,334,0,0,0,334
08/15/2011,HPN,NY,AEA,EN,Towers with Radar,45,159,138,0,342,0,1,15,0,16,45,160,153,0,358,6,0,6,364
08/16/2011,HPN,NY,AEA,EN,Towers with Radar,43,112,94,0,249,0,6,116,0,122,43,118,210,0,371,30,0,30,401
08/17/2011,HPN,NY,AEA,EN,Towers with Radar,46,112,119,0,277,0,11,317,0,328,46,123,436,0,605,50,0,50,655
08/18/2011,HPN,NY,AEA,EN,Towers with Radar,45,136,151,0,332,0,30,276,0,306,45,166,427,0,638,45,0,45,683
08/19/2011,HPN,NY,AEA,EN,Towers with Radar,45,138,157,2,342,0,23,257,0,280,45,161,414,2,622,168,0,168,790
08/20/2011,HPN,NY,AEA,EN,Towers with Radar,37,91,88,0,216,0,13,244,0,257,37,104,332,0,473,66,0,66,539
08/21/2011,HPN,NY,AEA,EN,Towers with Radar,49,140,134,1,324,0,14,175,1,190,49,154,309,2,514,62,0,62,576
08/22/2011,HPN,NY,AEA,EN,Towers with Radar,41,111,100,2,254,0,29,238,0,267,41,140,338,2,521,96,0,96,617
08/23/2011,HPN,NY,AEA,EN,Towers with Radar,47,106,82,0,235,0,13,254,0,267,47,119,336,0,502,162,0,162,664
08/24/2011,HPN,NY,AEA,EN,Towers with Radar,44,110,97,0,251,0,15,308,0,323,44,125,405,0,574,114,0,114,688
08/25/2011,HPN,NY,AEA,EN,Towers with Radar,45,136,113,0,294,0,9,57,0,66,45,145,170,0,360,30,0,30,390
08/26/2011,HPN,NY,AEA,EN,Towers with Radar,48,170,125,0,343,0,21,305,0,326,48,191,430,0,669,58,0,58,727
08/27/2011,HPN,NY,AEA,EN,Towers with Radar,22,101,103,0,226,0,0,0,0,0,22,101,103,0,226,0,0,0,226
08/28/2011,HPN,NY,AEA,EN,Towers with Radar,0,4,15,0,19,0,0,7,0,7,0,4,22,0,26,0,0,0,26
08/29/2011,HPN,NY,AEA,EN,Towers with Radar,26,160,238,0,424,0,28,320,0,348,26,188,558,0,772,44,0,44,816
08/30/2011,HPN,NY,AEA,EN,Towers with Radar,40,117,131,0,288,0,12,246,0,258,40,129,377,0,546,42,0,42,588
08/31/2011,HPN,NY,AEA,EN,Towers with Radar,46,100,85,0,231,0,15,270,0,285,46,115,355,0,516,4,0,4,520
09/01/2011,HPN,NY,AEA,EN,Towers with Radar,52,159,110,0,321,0,24,257,1,282,52,183,367,1,603,52,0,52,655
09/02/2011,HPN,NY,AEA,EN,Towers with Radar,54,119,125,0,298,0,29,383,0,412,54,148,508,0,710,200,0,200,910
09/03/2011,HPN,NY,AEA,EN,Towers with Radar,34,66,59,0,159,1,18,258,0,277,35,84,317,0,436,106,0,106,542
09/04/2011,HPN,NY,AEA,EN,Towers with Radar,53,92,99,0,244,0,4,171,0,175,53,96,270,0,419,44,0,44,463
09/05/2011,HPN,NY,AEA,EN,Towers with Radar,48,198,183,0,429,0,22,223,0,245,48,220,406,0,674,138,0,138,812
09/06/2011,HPN,NY,AEA,EN,Towers with Radar,43,178,163,0,384,0,0,15,0,15,43,178,178,0,399,4,0,4,403
09/07/2011,HPN,NY,AEA,EN,Towers with Radar,39,137,137,0,313,0,0,0,0,0,39,137,137,0,313,0,0,0,313
09/08/2011,HPN,NY,AEA,EN,Towers with Radar,44,123,134,1,302,0,8,56,0,64,44,131,190,1,366,109,0,109,475
09/09/2011,HPN,NY,AEA,EN,Towers with Radar,43,132,137,0,312,0,20,266,1,287,43,152,403,1,599,119,0,119,718
09/10/2011,HPN,NY,AEA,EN,Towers with Radar,38,75,117,2,232,0,13,310,0,323,38,88,427,2,555,100,0,100,655
09/11/2011,HPN,NY,AEA,EN,Towers with Radar,43,139,191,2,375,0,13,152,0,165,43,152,343,2,540,18,0,18,558
09/12/2011,HPN,NY,AEA,EN,Towers with Radar,47,103,122,0,272,0,4,168,0,172,47,107,290,0,444,102,0,102,546
09/13/2011,HPN,NY,AEA,EN,Towers with Radar,37,113,116,0,266,0,7,172,0,179,37,120,288,0,445,86,0,86,531
09/14/2011,HPN,NY,AEA,EN,Towers with Radar,42,129,125,0,296,0,1,180,0,181,42,130,305,0,477,56,0,56,533
09/15/2011,HPN,NY,AEA,EN,Towers with Radar,41,121,118,0,280,0,7,139,0,146,41,128,257,0,426,198,0,198,624
09/16/2011,HPN,NY,AEA,EN,Towers with Radar,41,109,113,0,263,0,20,333,0,353,41,129,446,0,616,159,0,159,775
09/17/2011,HPN,NY,AEA,EN,Towers with Radar,34,73,78,0,185,0,12,320,0,332,34,85,398,0,517,162,0,162,679
09/18/2011,HPN,NY,AEA,EN,Towers with Radar,47,111,112,0,270,0,23,407,0,430,47,134,519,0,700,8,0,8,708
09/19/2011,HPN,NY,AEA,EN,Towers with Radar,43,122,117,0,282,0,4,191,0,195,43,126,308,0,477,0,0,0,477
09/20/2011,HPN,NY,AEA,EN,Towers with Radar,41,128,155,0,324,0,0,54,0,54,41,128,209,0,378,0,0,0,378
09/21/2011,HPN,NY,AEA,EN,Towers with Radar,42,125,150,0,317,0,0,58,1,59,42,125,208,1,376,0,0,0,376
09/22/2011,HPN,NY,AEA,EN,Towers with Radar,45,145,149,0,339,0,1,41,0,42,45,146,190,0,381,20,0,20,401
09/23/2011,HPN,NY,AEA,EN,Towers with Radar,48,143,135,1,327,0,0,0,0,0,48,143,135,1,327,0,0,0,327
09/24/2011,HPN,NY,AEA,EN,Towers with Radar,37,87,113,0,237,0,4,94,0,98,37,91,207,0,335,0,0,0,335
09/25/2011,HPN,NY,AEA,EN,Towers with Radar,47,125,123,0,295,0,18,239,0,257,47,143,362,0,552,18,0,18,570
09/26/2011,HPN,NY,AEA,EN,Towers with Radar,45,112,112,0,269,0,3,187,0,190,45,115,299,0,459,188,0,188,647
09/27/2011,HPN,NY,AEA,EN,Towers with Radar,40,106,151,0,297,0,0,23,0,23,40,106,174,0,320,24,0,24,344
09/28/2011,HPN,NY,AEA,EN,Towers with Radar,46,136,121,0,303,0,2,6,0,8,46,138,127,0,311,0,0,0,311
09/29/2011,HPN,NY,AEA,EN,Towers with Radar,45,98,111,0,254,0,0,23,0,23,45,98,134,0,277,0,0,0,277
09/30/2011,HPN,NY,AEA,EN,Towers with Radar,47,132,109,0,288,0,16,295,0,311,47,148,404,0,599,132,0,132,731
10/01/2011,HPN,NY,AEA,EN,Towers with Radar,41,71,123,0,235,0,3,97,0,100,41,74,220,0,335,20,0,20,355
10/02/2011,HPN,NY,AEA,EN,Towers with Radar,49,123,153,1,326,0,16,228,0,244,49,139,381,1,570,98,0,98,668
10/03/2011,HPN,NY,AEA,EN,Towers with Radar,46,102,104,0,252,0,4,144,0,148,46,106,248,0,400,8,0,8,408
10/04/2011,HPN,NY,AEA,EN,Towers with Radar,40,131,154,0,325,0,1,103,0,104,40,132,257,0,429,28,0,28,457
10/05/2011,HPN,NY,AEA,EN,Towers with Radar,49,113,128,1,291,0,2,175,1,178,49,115,303,2,469,11,0,11,480
10/06/2011,HPN,NY,AEA,EN,Towers with Radar,58,163,194,0,415,0,13,281,0,294,58,176,475,0,709,63,0,63,772
10/07/2011,HPN,NY,AEA,EN,Towers with Radar,56,146,174,1,377,0,37,379,0,416,56,183,553,1,793,116,0,116,909
10/08/2011,HPN,NY,AEA,EN,Towers with Radar,44,75,68,0,187,0,14,326,0,340,44,89,394,0,527,150,0,150,677
10/09/2011,HPN,NY,AEA,EN,Towers with Radar,46,86,102,1,235,0,17,380,0,397,46,103,482,1,632,186,0,186,818
10/10/2011,HPN,NY,AEA,EN,Towers with Radar,51,163,121,0,335,0,27,321,0,348,51,190,442,0,683,84,0,84,767
10/11/2011,HPN,NY,AEA,EN,Towers with Radar,51,165,126,0,342,0,7,259,0,266,51,172,385,0,608,26,0,26,634
10/12/2011,HPN,NY,AEA,EN,Towers with Radar,58,154,162,0,374,0,6,87,0,93,58,160,249,0,467,113,0,113,580
10/13/2011,HPN,NY,AEA,EN,Towers with Radar,47,148,150,0,345,0,0,2,0,2,47,148,152,0,347,0,0,0,347
10/14/2011,HPN,NY,AEA,EN,Towers with Radar,49,149,159,0,357,0,0,15,0,15,49,149,174,0,372,0,0,0,372
10/15/2011,HPN,NY,AEA,EN,Towers with Radar,37,88,63,0,188,0,4,70,0,74,37,92,133,0,262,2,0,2,264
10/16/2011,HPN,NY,AEA,EN,Towers with Radar,47,117,101,0,265,0,8,305,0,313,47,125,406,0,578,90,0,90,668
10/17/2011,HPN,NY,AEA,EN,Towers with Radar,57,119,96,0,272,0,6,127,0,133,57,125,223,0,405,94,0,94,499
10/18/2011,HPN,NY,AEA,EN,Towers with Radar,43,130,104,0,277,0,3,138,0,141,43,133,242,0,418,112,0,112,530
10/19/2011,HPN,NY,AEA,EN,Towers with Radar,44,129,112,0,285,0,0,0,0,0,44,129,112,0,285,0,0,0,285
10/20/2011,HPN,NY,AEA,EN,Towers with Radar,75,186,189,0,450,0,1,116,0,117,75,187,305,0,567,10,0,10,577
10/21/2011,HPN,NY,AEA,EN,Towers with Radar,53,151,141,0,345,0,3,229,0,232,53,154,370,0,577,48,0,48,625
10/22/2011,HPN,NY,AEA,EN,Towers with Radar,51,113,125,0,289,0,14,410,0,424,51,127,535,0,713,118,0,118,831
10/23/2011,HPN,NY,AEA,EN,Towers with Radar,47,125,96,0,268,0,10,257,0,267,47,135,353,0,535,106,0,106,641
10/24/2011,HPN,NY,AEA,EN,Towers with Radar,46,129,107,0,282,0,2,177,1,180,46,131,284,1,462,52,0,52,514
10/25/2011,HPN,NY,AEA,EN,Towers with Radar,47,122,86,0,255,0,8,115,0,123,47,130,201,0,378,4,0,4,382
10/26/2011,HPN,NY,AEA,EN,Towers with Radar,43,150,109,0,302,0,4,113,0,117,43,154,222,0,419,214,0,214,633
10/27/2011,HPN,NY,AEA,EN,Towers with Radar,50,168,150,0,368,0,0,7,0,7,50,168,157,0,375,0,0,0,375
10/28/2011,HPN,NY,AEA,EN,Towers with Radar,57,173,163,1,394,0,5,309,0,314,57,178,472,1,708,218,0,218,926
10/29/2011,HPN,NY,AEA,EN,Towers with Radar,20,46,40,0,106,0,1,17,0,18,20,47,57,0,124,30,0,30,154
10/30/2011,HPN,NY,AEA,EN,Towers with Radar,44,101,107,0,252,0,7,165,0,172,44,108,272,0,424,68,0,68,492
10/31/2011,HPN,NY,AEA,EN,Towers with Radar,44,103,73,0,220,0,1,163,0,164,44,104,236,0,384,80,0,80,464
11/01/2011,HPN,NY,AEA,EN,Towers with Radar,44,139,147,0,330,0,4,132,1,137,44,143,279,1,467,64,0,64,531
11/02/2011,HPN,NY,AEA,EN,Towers with Radar,41,133,115,0,289,0,11,234,0,245,41,144,349,0,534,14,0,14,548
11/03/2011,HPN,NY,AEA,EN,Towers with Radar,75,182,171,0,428,0,2,185,1,188,75,184,356,1,616,128,0,128,744
11/04/2011,HPN,NY,AEA,EN,Towers with Radar,63,195,167,0,425,0,8,190,0,198,63,203,357,0,623,18,0,18,641
11/05/2011,HPN,NY,AEA,EN,Towers with Radar,48,98,94,0,240,0,6,306,0,312,48,104,400,0,552,144,0,144,696
11/06/2011,HPN,NY,AEA,EN,Towers with Radar,43,116,82,0,241,0,9,258,0,267,43,125,340,0,508,158,0,158,666
11/07/2011,HPN,NY,AEA,EN,Towers with Radar,54,101,98,0,253,0,5,196,1,202,54,106,294,1,455,92,0,92,547
11/08/2011,HPN,NY,AEA,EN,Towers with Radar,59,154,127,1,341,0,7,145,0,152,59,161,272,1,493,170,0,170,663
11/09/2011,HPN,NY,AEA,EN,Towers with Radar,38,115,116,0,269,0,8,74,0,82,38,123,190,0,351,122,0,122,473
11/10/2011,HPN,NY,AEA,EN,Towers with Radar,47,108,136,0,291,0,4,45,0,49,47,112,181,0,340,178,0,178,518
11/11/2011,HPN,NY,AEA,EN,Towers with Radar,58,151,157,1,367,0,8,173,0,181,58,159,330,1,548,26,0,26,574
11/12/2011,HPN,NY,AEA,EN,Towers with Radar,43,82,96,1,222,0,6,248,1,255,43,88,344,2,477,128,0,128,605
11/13/2011,HPN,NY,AEA,EN,Towers with Radar,53,152,143,1,349,0,8,292,0,300,53,160,435,1,649,142,0,142,791
11/14/2011,HPN,NY,AEA,EN,Towers with Radar,53,127,144,0,324,0,3,108,0,111,53,130,252,0,435,6,0,6,441
11/15/2011,HPN,NY,AEA,EN,Towers with Radar,52,156,123,0,331,0,4,104,0,108,52,160,227,0,439,26,0,26,465
11/16/2011,HPN,NY,AEA,EN,Towers with Radar,51,134,171,0,356,0,0,12,0,12,51,134,183,0,368,0,0,0,368
11/17/2011,HPN,NY,AEA,EN,Towers with Radar,39,114,91,0,244,0,4,143,0,147,39,118,234,0,391,8,0,8,399
11/18/2011,HPN,NY,AEA,EN,Towers with Radar,38,119,95,0,252,0,9,241,0,250,38,128,336,0,502,80,0,80,582
11/19/2011,HPN,NY,AEA,EN,Towers with Radar,58,90,82,0,230,0,3,226,0,229,58,93,308,0,459,210,0,210,669
11/20/2011,HPN,NY,AEA,EN,Towers with Radar,52,109,99,0,260,0,3,151,1,155,52,112,250,1,415,166,0,166,581
11/21/2011,HPN,NY,AEA,EN,Towers with Radar,51,136,110,0,297,0,6,137,0,143,51,142,247,0,440,138,0,138,578
11/22/2011,HPN,NY,AEA,EN,Towers with Radar,52,187,178,0,417,0,1,35,0,36,52,188,213,0,453,14,0,14,467
11/23/2011,HPN,NY,AEA,EN,Towers with Radar,48,188,155,0,391,0,0,7,0,7,48,188,162,0,398,0,0,0,398
11/24/2011,HPN,NY,AEA,EN,Towers with Radar,33,76,38,0,147,0,4,59,0,63,33,80,97,0,210,0,0,0,210
11/25/2011,HPN,NY,AEA,EN,Towers with Radar,50,84,72,0,206,0,10,193,0,203,50,94,265,0,409,110,0,110,519
11/26/2011,HPN,NY,AEA,EN,Towers with Radar,58,131,75,2,266,0,9,243,0,252,58,140,318,2,518,194,0,194,712
11/27/2011,HPN,NY,AEA,EN,Towers with Radar,61,222,194,0,477,0,21,246,0,267,61,243,440,0,744,26,0,26,770
11/28/2011,HPN,NY,AEA,EN,Towers with Radar,55,155,147,0,357,0,4,118,0,122,55,159,265,0,479,168,0,168,647
11/29/2011,HPN,NY,AEA,EN,Towers with Radar,46,118,117,0,281,0,0,27,0,27,46,118,144,0,308,8,0,8,316
11/30/2011,HPN,NY,AEA,EN,Towers with Radar,47,122,141,0,310,0,6,82,0,88,47,128,223,0,398,0,0,0,398
12/01/2011,HPN,NY,AEA,EN,Towers with Radar,44,110,93,0,247,0,11,248,0,259,44,121,341,0,506,0,0,0,506
12/02/2011,HPN,NY,AEA,EN,Towers with Radar,51,126,102,0,279,0,14,210,1,225,51,140,312,1,504,78,0,78,582
12/03/2011,HPN,NY,AEA,EN,Towers with Radar,41,64,66,0,171,0,8,206,0,214,41,72,272,0,385,222,0,222,607
12/04/2011,HPN,NY,AEA,EN,Towers with Radar,50,120,111,0,281,0,11,225,0,236,50,131,336,0,517,118,0,118,635
12/05/2011,HPN,NY,AEA,EN,Towers with Radar,38,109,161,0,308,0,0,23,0,23,38,109,184,0,331,0,0,0,331
12/06/2011,HPN,NY,AEA,EN,Towers with Radar,43,106,152,0,301,0,0,5,0,5,43,106,157,0,306,0,0,0,306
12/07/2011,HPN,NY,AEA,EN,Towers with Radar,46,134,152,0,332,0,0,2,0,2,46,134,154,0,334,0,0,0,334
12/08/2011,HPN,NY,AEA,EN,Towers with Radar,39,110,90,0,239,0,2,90,0,92,39,112,180,0,331,32,0,32,363
12/09/2011,HPN,NY,AEA,EN,Towers with Radar,49,118,135,0,302,0,7,204,2,213,49,125,339,2,515,194,0,194,709
12/10/2011,HPN,NY,AEA,EN,Towers with Radar,39,65,66,0,170,0,2,228,1,231,39,67,294,1,401,214,0,214,615
12/11/2011,HPN,NY,AEA,EN,Towers with Radar,45,108,95,0,248,0,6,220,1,227,45,114,315,1,475,178,0,178,653
12/12/2011,HPN,NY,AEA,EN,Towers with Radar,56,145,148,0,349,0,5,172,0,177,56,150,320,0,526,74,0,74,600
12/13/2011,HPN,NY,AEA,EN,Towers with Radar,38,89,88,0,215,0,7,147,2,156,38,96,235,2,371,72,0,72,443
12/14/2011,HPN,NY,AEA,EN,Towers with Radar,48,125,132,0,305,0,9,138,0,147,48,134,270,0,452,146,0,146,598
12/15/2011,HPN,NY,AEA,EN,Towers with Radar,48,116,113,2,279,0,1,99,1,101,48,117,212,3,380,90,0,90,470
12/16/2011,HPN,NY,AEA,EN,Towers with Radar,58,167,181,0,406,0,6,135,0,141,58,173,316,0,547,38,0,38,585
12/17/2011,HPN,NY,AEA,EN,Towers with Radar,42,103,83,0,228,0,0,104,1,105,42,103,187,1,333,224,0,224,557
12/18/2011,HPN,NY,AEA,EN,Towers with Radar,58,90,70,0,218,0,10,185,0,195,58,100,255,0,413,242,0,242,655
12/19/2011,HPN,NY,AEA,EN,Towers with Radar,45,112,86,0,243,0,5,132,2,139,45,117,218,2,382,126,0,126,508
12/20/2011,HPN,NY,AEA,EN,Towers with Radar,43,129,101,0,273,0,3,137,0,140,43,132,238,0,413,250,0,250,663
12/21/2011,HPN,NY,AEA,EN,Towers with Radar,47,95,89,0,231,0,0,0,0,0,47,95,89,0,231,0,0,0,231
12/22/2011,HPN,NY,AEA,EN,Towers with Radar,51,136,112,2,301,0,3,148,0,151,51,139,260,2,452,46,0,46,498
12/23/2011,HPN,NY,AEA,EN,Towers with Radar,49,136,107,2,294,0,1,52,0,53,49,137,159,2,347,74,0,74,421
12/24/2011,HPN,NY,AEA,EN,Towers with Radar,51,75,51,1,178,0,7,81,0,88,51,82,132,1,266,50,0,50,316
12/25/2011,HPN,NY,AEA,EN,Towers with Radar,45,103,54,1,203,0,3,35,0,38,45,106,89,1,241,0,0,0,241
12/26/2011,HPN,NY,AEA,EN,Towers with Radar,44,208,139,0,391,0,3,103,0,106,44,211,242,0,497,10,0,10,507
12/27/2011,HPN,NY,AEA,EN,Towers with Radar,49,102,73,0,224,0,2,83,0,85,49,104,156,0,309,84,0,84,393
12/28/2011,HPN,NY,AEA,EN,Towers with Radar,45,93,66,0,204,0,0,33,0,33,45,93,99,0,237,0,0,0,237
12/29/2011,HPN,NY,AEA,EN,Towers with Radar,46,70,38,0,154,0,7,238,0,245,46,77,276,0,399,136,0,136,535
12/30/2011,HPN,NY,AEA,EN,Towers with Radar,52,111,64,0,227,0,8,164,0,172,52,119,228,0,399,160,0,160,559
12/31/2011,HPN,NY,AEA,EN,Towers with Radar,48,83,84,0,215,0,2,82,0,84,48,85,166,0,299,30,0,30,329
01/01/2012,HPN,NY,AEA,EN,Towers with Radar,53,161,126,1,341,0,2,121,0,123,53,163,247,1,464,14,0,14,478
01/02/2012,HPN,NY,AEA,EN,Towers with Radar,49,181,173,1,404,0,4,121,0,125,49,185,294,1,529,10,0,10,539
01/03/2012,HPN,NY,AEA,EN,Towers with Radar,47,114,101,0,262,0,6,71,0,77,47,120,172,0,339,0,0,0,339
01/04/2012,HPN,NY,AEA,EN,Towers with Radar,48,114,53,0,215,0,6,104,0,110,48,120,157,0,325,124,0,124,449
01/05/2012,HPN,NY,AEA,EN,Towers with Radar,42,78,76,0,196,0,7,135,0,142,42,85,211,0,338,141,0,141,479
01/06/2012,HPN,NY,AEA,EN,Towers with Radar,45,89,83,0,217,0,5,162,0,167,45,94,245,0,384,58,0,58,442
01/07/2012,HPN,NY,AEA,EN,Towers with Radar,36,42,50,0,128,0,7,201,0,208,36,49,251,0,336,102,0,102,438
01/08/2012,HPN,NY,AEA,EN,Towers with Radar,43,92,85,0,220,0,1,191,0,192,43,93,276,0,412,32,0,32,444
01/09/2012,HPN,NY,AEA,EN,Towers with Radar,47,85,82,0,214,0,4,163,0,167,47,89,245,0,381,188,0,188,569
01/10/2012,HPN,NY,AEA,EN,Towers with Radar,45,101,85,0,231,0,5,132,0,137,45,106,217,0,368,188,0,188,556
01/11/2012,HPN,NY,AEA,EN,Towers with Radar,40,103,88,0,231,0,11,140,1,152,40,114,228,1,383,40,0,40,423
01/12/2012,HPN,NY,AEA,EN,Towers with Radar,58,135,137,0,330,0,0,8,0,8,58,135,145,0,338,0,0,0,338
01/13/2012,HPN,NY,AEA,EN,Towers with Radar,45,115,105,0,265,0,1,39,0,40,45,116,144,0,305,0,0,0,305
01/14/2012,HPN,NY,AEA,EN,Towers with Radar,35,63,52,0,150,0,6,167,0,173,35,69,219,0,323,134,0,134,457
01/15/2012,HPN,NY,AEA,EN,Towers with Radar,42,75,52,0,169,0,7,156,0,163,42,82,208,0,332,118,0,118,450
01/16/2012,HPN,NY,AEA,EN,Towers with Radar,57,150,128,0,335,0,4,192,0,196,57,154,320,0,531,96,0,96,627
01/17/2012,HPN,NY,AEA,EN,Towers with Radar,43,98,99,0,240,0,0,26,0,26,43,98,125,0,266,0,0,0,266
01/18/2012,HPN,NY,AEA,EN,Towers with Radar,36,114,97,0,247,0,5,94,0,99,36,119,191,0,346,0,0,0,346
01/19/2012,HPN,NY,AEA,EN,Towers with Radar,47,115,133,0,295,0,5,95,0,100,47,120,228,0,395,208,0,208,603
01/20/2012,HPN,NY,AEA,EN,Towers with Radar,48,115,111,0,274,0,6,164,0,170,48,121,275,0,444,156,0,156,600
01/21/2012,HPN,NY,AEA,EN,Towers with Radar,30,41,34,0,105,0,1,2,0,3,30,42,36,0,108,0,0,0,108
01/22/2012,HPN,NY,AEA,EN,Towers with Radar,40,72,86,0,198,0,2,86,0,88,40,74,172,0,286,134,0,134,420
01/23/2012,HPN,NY,AEA,EN,Towers with Radar,42,84,93,0,219,0,0,0,0,0,42,84,93,0,219,0,0,0,219
01/24/2012,HPN,NY,AEA,EN,Towers with Radar,43,102,103,0,248,0,1,137,1,139,43,103,240,1,387,76,0,76,463
01/25/2012,HPN,NY,AEA,EN,Towers with Radar,38,115,113,0,266,0,1,84,0,85,38,116,197,0,351,130,0,130,481
01/26/2012,HPN,NY,AEA,EN,Towers with Radar,49,119,120,2,290,0,3,46,0,49,49,122,166,2,339,118,0,118,457
01/27/2012,HPN,NY,AEA,EN,Towers with Radar,53,116,70,0,239,0,1,12,0,13,53,117,82,0,252,0,0,0,252
01/28/2012,HPN,NY,AEA,EN,Towers with Radar,35,51,55,0,141,0,7,275,0,282,35,58,330,0,423,288,0,288,711
01/29/2012,HPN,NY,AEA,EN,Towers with Radar,45,112,76,0,233,0,5,214,1,220,45,117,290,1,453,44,0,44,497
01/30/2012,HPN,NY,AEA,EN,Towers with Radar,41,92,84,0,217,0,7,106,0,113,41,99,190,0,330,40,0,40,370
01/31/2012,HPN,NY,AEA,EN,Towers with Radar,41,108,79,0,228,0,3,112,0,115,41,111,191,0,343,192,0,192,535
02/01/2012,HPN,NY,AEA,EN,Towers with Radar,39,101,86,0,226,0,8,80,0,88,39,109,166,0,314,0,0,0,314
02/02/2012,HPN,NY,AEA,EN,Towers with Radar,49,112,90,0,251,0,7,130,0,137,49,119,220,0,388,98,0,98,486
02/03/2012,HPN,NY,AEA,EN,Towers with Radar,39,123,86,0,248,0,7,196,0,203,39,130,282,0,451,176,0,176,627
02/04/2012,HPN,NY,AEA,EN,Towers with Radar,34,90,64,1,189,0,7,224,0,231,34,97,288,1,420,46,0,46,466
02/05/2012,HPN,NY,AEA,EN,Towers with Radar,45,130,101,0,276,0,6,211,0,217,45,136,312,0,493,132,0,132,625
02/06/2012,HPN,NY,AEA,EN,Towers with Radar,44,199,171,0,414,0,13,153,0,166,44,212,324,0,580,58,0,58,638
02/07/2012,HPN,NY,AEA,EN,Towers with Radar,38,80,86,0,204,0,3,134,0,137,38,83,220,0,341,52,0,52,393
02/08/2012,HPN,NY,AEA,EN,Towers with Radar,41,100,108,0,249,0,8,103,0,111,41,108,211,0,360,184,0,184,544
02/09/2012,HPN,NY,AEA,EN,Towers with Radar,51,109,99,0,259,0,9,133,0,142,51,118,232,0,401,90,0,90,491
02/10/2012,HPN,NY,AEA,EN,Towers with Radar,46,108,85,1,240,0,10,185,2,197,46,118,270,3,437,132,0,132,569
02/11/2012,HPN,NY,AEA,EN,Towers with Radar,33,67,39,1,140,0,3,10,1,14,33,70,49,2,154,22,0,22,176
02/12/2012,HPN,NY,AEA,EN,Towers with Radar,33,88,82,0,203,0,5,66,0,71,33,93,148,0,274,22,0,22,296
02/13/2012,HPN,NY,AEA,EN,Towers with Radar,39,82,81,0,202,0,4,124,0,128,39,86,205,0,330,0,0,0,330
02/14/2012,HPN,NY,AEA,EN,Towers with Radar,47,100,74,0,221,0,6,55,0,61,47,106,129,0,282,122,0,122,404
02/15/2012,HPN,NY,AEA,EN,Towers with Radar,48,165,145,0,358,0,1,58,0,59,48,166,203,0,417,76,0,76,493
02/16/2012,HPN,NY,AEA,EN,Towers with Radar,62,186,168,0,416,0,2,39,0,41,62,188,207,0,457,16,0,16,473
02/17/2012,HPN,NY,AEA,EN,Towers with Radar,45,172,137,0,354,0,6,159,0,165,45,178,296,0,519,42,0,42,561
02/18/2012,HPN,NY,AEA,EN,Towers with Radar,48,83,61,0,192,0,1,207,0,208,48,84,268,0,400,150,0,150,550
02/19/2012,HPN,NY,AEA,EN,Towers with Radar,47,67,65,0,179,0,4,226,0,230,47,71,291,0,409,58,0,58,467
02/20/2012,HPN,NY,AEA,EN,Towers with Radar,46,164,127,0,337,0,12,200,0,212,46,176,327,0,549,56,0,56,605
02/21/2012,HPN,NY,AEA,EN,Towers with Radar,55,151,142,0,348,0,5,105,0,110,55,156,247,0,458,79,0,79,537
02/22/2012,HPN,NY,AEA,EN,Towers with Radar,60,125,99,0,284,0,6,114,0,120,60,131,213,0,404,146,0,146,550
02/23/2012,HPN,NY,AEA,EN,Towers with Radar,46,126,123,0,295,0,17,80,0,97,46,143,203,0,392,96,0,96,488
02/24/2012,HPN,NY,AEA,EN,Towers with Radar,49,109,69,0,227,0,0,1,0,1,49,109,70,0,228,0,0,0,228
02/25/2012,HPN,NY,AEA,EN,Towers with Radar,32,63,51,0,146,0,2,31,0,33,32,65,82,0,179,0,0,0,179
02/26/2012,HPN,NY,AEA,EN,Towers with Radar,49,127,99,0,275,0,7,221,0,228,49,134,320,0,503,0,0,0,503
02/27/2012,HPN,NY,AEA,EN,Towers with Radar,48,105,117,0,270,0,11,145,0,156,48,116,262,0,426,88,0,88,514
02/28/2012,HPN,NY,AEA,EN,Towers with Radar,48,120,80,0,248,0,6,110,0,116,48,126,190,0,364,162,0,162,526
02/29/2012,HPN,NY,AEA,EN,Towers with Radar,47,140,110,1,298,0,3,13,0,16,47,143,123,1,314,42,0,42,356
03/01/2012,HPN,NY,AEA,EN,Towers with Radar,52,127,108,0,287,0,0,7,0,7,52,127,115,0,294,0,0,0,294
03/02/2012,HPN,NY,AEA,EN,Towers with Radar,48,137,118,0,303,0,0,54,0,54,48,137,172,0,357,58,0,58,415
03/03/2012,HPN,NY,AEA,EN,Towers with Radar,41,76,41,0,158,0,4,49,0,53,41,80,90,0,211,14,0,14,225
03/04/2012,HPN,NY,AEA,EN,Towers with Radar,51,124,100,0,275,0,6,196,0,202,51,130,296,0,477,122,0,122,599
03/05/2012,HPN,NY,AEA,EN,Towers with Radar,49,90,84,0,223,0,10,129,0,139,49,100,213,0,362,74,0,74,436
03/06/2012,HPN,NY,AEA,EN,Towers with Radar,53,112,98,0,263,0,9,134,0,143,53,121,232,0,406,94,0,94,500
03/07/2012,HPN,NY,AEA,EN,Towers with Radar,52,103,107,0,262,0,11,136,2,149,52,114,243,2,411,222,0,222,633
03/08/2012,HPN,NY,AEA,EN,Towers with Radar,56,145,118,0,319,0,6,71,0,77,56,151,189,0,396,0,0,0,396
03/09/2012,HPN,NY,AEA,EN,Towers with Radar,47,111,100,0,258,0,8,158,0,166,47,119,258,0,424,80,0,80,504
03/10/2012,HPN,NY,AEA,EN,Towers with Radar,35,83,59,0,177,0,8,202,0,210,35,91,261,0,387,164,0,164,551
03/11/2012,HPN,NY,AEA,EN,Towers with Radar,56,107,86,0,249,0,10,259,0,269,56,117,345,0,518,236,0,236,754
03/12/2012,HPN,NY,AEA,EN,Towers with Radar,49,94,117,0,260,0,6,166,0,172,49,100,283,0,432,138,0,138,570
03/13/2012,HPN,NY,AEA,EN,Towers with Radar,51,92,78,0,221,0,4,89,0,93,51,96,167,0,314,68,0,68,382
03/14/2012,HPN,NY,AEA,EN,Towers with Radar,50,114,118,0,282,0,7,123,0,130,50,121,241,0,412,84,0,84,496
03/15/2012,HPN,NY,AEA,EN,Towers with Radar,56,143,139,0,338,0,1,49,0,50,56,144,188,0,388,0,0,0,388
03/16/2012,HPN,NY,AEA,EN,Towers with Radar,53,138,131,0,322,0,0,2,0,2,53,138,133,0,324,0,0,0,324
03/17/2012,HPN,NY,AEA,EN,Towers with Radar,44,90,93,0,227,0,3,143,0,146,44,93,236,0,373,172,0,172,545
03/18/2012,HPN,NY,AEA,EN,Towers with Radar,54,95,126,0,275,0,6,118,0,124,54,101,244,0,399,62,0,62,461
03/19/2012,HPN,NY,AEA,EN,Towers with Radar,51,113,95,1,260,0,5,130,1,136,51,118,225,2,396,74,0,74,470
03/20/2012,HPN,NY,AEA,EN,Towers with Radar,59,97,104,0,260,0,4,76,0,80,59,101,180,0,340,108,0,108,448
03/21/2012,HPN,NY,AEA,EN,Towers with Radar,55,127,137,0,319,0,0,45,0,45,55,127,182,0,364,22,0,22,386
03/22/2012,HPN,NY,AEA,EN,Towers with Radar,53,107,119,0,279,0,7,112,0,119,53,114,231,0,398,152,0,152,550
03/23/2012,HPN,NY,AEA,EN,Towers with Radar,54,129,82,0,265,0,12,249,1,262,54,141,331,1,527,70,0,70,597
03/24/2012,HPN,NY,AEA,EN,Towers with Radar,43,83,73,0,199,0,5,161,0,166,43,88,234,0,365,262,0,262,627
03/25/2012,HPN,NY,AEA,EN,Towers with Radar,47,113,139,0,299,0,4,52,0,56,47,117,191,0,355,14,0,14,369
03/26/2012,HPN,NY,AEA,EN,Towers with Radar,45,117,69,0,231,0,5,73,0,78,45,122,142,0,309,0,0,0,309
03/27/2012,HPN,NY,AEA,EN,Towers with Radar,52,98,76,0,226,0,9,108,0,117,52,107,184,0,343,22,0,22,365
03/28/2012,HPN,NY,AEA,EN,Towers with Radar,53,113,99,0,265,0,7,107,0,114,53,120,206,0,379,148,0,148,527
03/29/2012,HPN,NY,AEA,EN,Towers with Radar,51,105,93,0,249,0,4,105,2,111,51,109,198,2,360,124,0,124,484
03/30/2012,HPN,NY,AEA,EN,Towers with Radar,51,112,92,0,255,0,11,251,0,262,51,123,343,0,517,82,0,82,599
03/31/2012,HPN,NY,AEA,EN,Towers with Radar,41,84,62,0,187,0,0,9,0,9,41,84,71,0,196,30,0,30,226
04/01/2012,HPN,NY,AEA,EN,Towers with Radar,47,117,134,0,298,0,2,159,0,161,47,119,293,0,459,182,0,182,641
04/02/2012,HPN,NY,AEA,EN,Towers with Radar,49,95,68,0,212,0,5,82,0,87,49,100,150,0,299,0,0,0,299
04/03/2012,HPN,NY,AEA,EN,Towers with Radar,49,108,94,0,251,0,5,109,0,114,49,113,203,0,365,36,0,36,401
04/04/2012,HPN,NY,AEA,EN,Towers with Radar,47,127,80,0,254,0,14,111,2,127,47,141,191,2,381,40,0,40,421
04/05/2012,HPN,NY,AEA,EN,Towers with Radar,53,160,139,0,352,0,12,240,0,252,53,172,379,0,604,166,0,166,770
04/06/2012,HPN,NY,AEA,EN,Towers with Radar,47,111,84,2,244,0,10,216,0,226,47,121,300,2,470,34,0,34,504
04/07/2012,HPN,NY,AEA,EN,Towers with Radar,41,87,53,0,181,0,14,261,0,275,41,101,314,0,456,82,0,82,538
04/08/2012,HPN,NY,AEA,EN,Towers with Radar,43,118,103,0,264,0,12,165,0,177,43,130,268,0,441,48,0,48,489
04/09/2012,HPN,NY,AEA,EN,Towers with Radar,44,136,110,0,290,4,12,122,0,138,48,148,232,0,428,12,0,12,440
04/10/2012,HPN,NY,AEA,EN,Towers with Radar,49,112,99,0,260,0,6,103,0,109,49,118,202,0,369,74,0,74,443
04/11/2012,HPN,NY,AEA,EN,Towers with Radar,47,109,92,0,248,0,4,148,0,152,47,113,240,0,400,160,0,160,560
04/12/2012,HPN,NY,AEA,EN,Towers with Radar,50,134,120,4,308,0,4,126,0,130,50,138,246,4,438,40,0,40,478
04/13/2012,HPN,NY,AEA,EN,Towers with Radar,50,114,102,2,268,0,15,264,0,279,50,129,366,2,547,114,23,137,684
04/14/2012,HPN,NY,AEA,EN,Towers with Radar,45,78,76,0,199,0,9,286,0,295,45,87,362,0,494,144,0,144,638
04/15/2012,HPN,NY,AEA,EN,Towers with Radar,45,124,135,1,305,0,9,196,0,205,45,133,331,1,510,30,0,30,540
04/16/2012,HPN,NY,AEA,EN,Towers with Radar,50,92,100,0,242,0,13,170,0,183,50,105,270,0,425,165,0,165,590
04/17/2012,HPN,NY,AEA,EN,Towers with Radar,51,110,102,0,263,0,10,151,0,161,51,120,253,0,424,6,0,6,430
04/18/2012,HPN,NY,AEA,EN,Towers with Radar,49,114,108,0,271,0,8,148,2,158,49,122,256,2,429,150,0,150,579
04/19/2012,HPN,NY,AEA,EN,Towers with Radar,50,122,115,1,288,0,8,185,2,195,50,130,300,3,483,194,0,194,677
04/20/2012,HPN,NY,AEA,EN,Towers with Radar,54,141,151,0,346,0,12,197,0,209,54,153,348,0,555,63,0,63,618
04/21/2012,HPN,NY,AEA,EN,Towers with Radar,45,99,92,0,236,0,3,81,0,84,45,102,173,0,320,64,0,64,384
04/22/2012,HPN,NY,AEA,EN,Towers with Radar,50,115,127,0,292,0,0,9,0,9,50,115,136,0,301,38,0,38,339
04/23/2012,HPN,NY,AEA,EN,Towers with Radar,54,125,122,2,303,0,0,14,0,14,54,125,136,2,317,16,0,16,333
04/24/2012,HPN,NY,AEA,EN,Towers with Radar,53,123,111,0,287,0,4,64,0,68,53,127,175,0,355,28,0,28,383
04/25/2012,HPN,NY,AEA,EN,Towers with Radar,46,125,119,0,290,0,6,192,0,198,46,131,311,0,488,82,0,82,570
04/26/2012,HPN,NY,AEA,EN,Towers with Radar,50,143,121,0,314,0,10,78,0,88,50,153,199,0,402,10,0,10,412
04/27/2012,HPN,NY,AEA,EN,Towers with Radar,46,151,111,0,308,0,25,154,0,179,46,176,265,0,487,26,0,26,513
04/28/2012,HPN,NY,AEA,EN,Towers with Radar,40,74,64,0,178,0,15,229,0,244,40,89,293,0,422,153,0,153,575
04/29/2012,HPN,NY,AEA,EN,Towers with Radar,49,140,114,0,303,0,30,308,0,338,49,170,422,0,641,288,0,288,929
04/30/2012,HPN,NY,AEA,EN,Towers with Radar,49,103,104,0,256,0,15,221,0,236,49,118,325,0,492,104,0,104,596
05/01/2012,HPN,NY,AEA,EN,Towers with Radar,60,139,110,0,309,0,2,24,0,26,60,141,134,0,335,0,0,0,335
05/02/2012,HPN,NY,AEA,EN,Towers with Radar,53,114,151,0,318,0,0,22,0,22,53,114,173,0,340,0,0,0,340
05/03/2012,HPN,NY,AEA,EN,Towers with Radar,52,140,154,0,346,0,1,4,0,5,52,141,158,0,351,0,0,0,351
05/04/2012,HPN,NY,AEA,EN,Towers with Radar,54,169,179,0,402,0,5,34,0,39,54,174,213,0,441,20,0,20,461
05/05/2012,HPN,NY,AEA,EN,Towers with Radar,41,84,130,0,255,0,0,51,0,51,41,84,181,0,306,0,0,0,306
05/06/2012,HPN,NY,AEA,EN,Towers with Radar,48,131,162,0,341,0,16,186,1,203,48,147,348,1,544,84,0,84,628
05/07/2012,HPN,NY,AEA,EN,Towers with Radar,54,115,118,0,287,0,4,158,0,162,54,119,276,0,449,54,0,54,503
05/08/2012,HPN,NY,AEA,EN,Towers with Radar,47,102,136,0,285,0,1,77,1,79,47,103,213,1,364,18,0,18,382
05/09/2012,HPN,NY,AEA,EN,Towers with Radar,55,109,111,0,275,0,0,1,0,1,55,109,112,0,276,0,0,0,276
05/10/2012,HPN,NY,AEA,EN,Towers with Radar,60,161,157,1,379,0,9,132,0,141,60,170,289,1,520,10,0,10,530
05/11/2012,HPN,NY,AEA,EN,Towers with Radar,59,147,116,3,325,0,18,191,0,209,59,165,307,3,534,56,0,56,590
05/12/2012,HPN,NY,AEA,EN,Towers with Radar,40,88,76,0,204,0,9,269,0,278,40,97,345,0,482,92,0,92,574
05/13/2012,HPN,NY,AEA,EN,Towers with Radar,50,117,99,4,270,1,15,226,1,243,51,132,325,5,513,156,0,156,669
05/14/2012,HPN,NY,AEA,EN,Towers with Radar,58,157,218,0,433,0,1,27,0,28,58,158,245,0,461,0,0,0,461
05/15/2012,HPN,NY,AEA,EN,Towers with Radar,45,116,119,0,280,0,1,6,0,7,45,117,125,0,287,0,0,0,287
05/16/2012,HPN,NY,AEA,EN,Towers with Radar,49,125,140,0,314,0,3,39,0,42,49,128,179,0,356,134,0,134,490
05/17/2012,HPN,NY,AEA,EN,Towers with Radar,55,122,130,0,307,0,11,186,0,197,55,133,316,0,504,54,0,54,558
05/18/2012,HPN,NY,AEA,EN,Towers with Radar,59,132,117,2,310,0,21,248,0,269,59,153,365,2,579,108,0,108,687
05/19/2012,HPN,NY,AEA,EN,Towers with Radar,39,81,68,0,188,0,9,256,1,266,39,90,324,1,454,126,0,126,580
05/20/2012,HPN,NY,AEA,EN,Towers with Radar,45,142,89,0,276,0,21,280,0,301,45,163,369,0,577,107,0,107,684
05/21/2012,HPN,NY,AEA,EN,Towers with Radar,59,158,117,0,334,0,0,2,0,2,59,158,119,0,336,0,0,0,336
05/22/2012,HPN,NY,AEA,EN,Towers with Radar,50,131,125,2,308,0,0,2,0,2,50,131,127,2,310,0,0,0,310
05/23/2012,HPN,NY,AEA,EN,Towers with Radar,52,150,150,0,352,0,0,37,0,37,52,150,187,0,389,0,0,0,389
05/24/2012,HPN,NY,AEA,EN,Towers with Radar,53,165,160,1,379,0,2,14,0,16,53,167,174,1,395,0,0,0,395
05/25/2012,HPN,NY,AEA,EN,Towers with Radar,63,193,191,2,449,0,0,18,0,18,63,193,209,2,467,0,0,0,467
05/26/2012,HPN,NY,AEA,EN,Towers with Radar,40,84,80,0,204,0,7,121,0,128,40,91,201,0,332,90,0,90,422
05/27/2012,HPN,NY,AEA,EN,Towers with Radar,46,91,61,0,198,0,9,181,0,190,46,100,242,0,388,90,0,90,478
05/28/2012,HPN,NY,AEA,EN,Towers with Radar,54,175,117,2,348,0,33,226,0,259,54,208,343,2,607,167,0,167,774
05/29/2012,HPN,NY,AEA,EN,Towers with Radar,46,118,90,0,254,0,10,106,0,116,46,128,196,0,370,34,0,34,404
05/30/2012,HPN,NY,AEA,EN,Towers with Radar,51,128,108,0,287,0,5,163,1,169,51,133,271,1,456,180,0,180,636
05/31/2012,HPN,NY,AEA,EN,Towers with Radar,51,114,123,0,288,0,10,209,0,219,51,124,332,0,507,168,0,168,675
06/01/2012,HPN,NY,AEA,EN,Towers with Radar,54,120,117,0,291,0,12,160,0,172,54,132,277,0,463,42,0,42,505
06/02/2012,HPN,NY,AEA,EN,Towers with Radar,43,82,59,0,184,0,4,67,0,71,43,86,126,0,255,54,0,54,309
06/03/2012,HPN,NY,AEA,EN,Towers with Radar,47,97,110,0,254,0,10,222,0,232,47,107,332,0,486,208,0,208,694
06/04/2012,HPN,NY,AEA,EN,Towers with Radar,53,127,133,0,313,0,1,42,0,43,53,128,175,0,356,6,0,6,362
06/05/2012,HPN,NY,AEA,EN,Towers with Radar,48,115,101,0,264,0,4,130,0,134,48,119,231,0,398,96,0,96,494
06/06/2012,HPN,NY,AEA,EN,Towers with Radar,50,121,118,0,289,0,9,112,2,123,50,130,230,2,412,4,0,4,416
06/07/2012,HPN,NY,AEA,EN,Towers with Radar,49,116,114,0,279,0,12,212,0,224,49,128,326,0,503,46,0,46,549
06/08/2012,HPN,NY,AEA,EN,Towers with Radar,54,138,121,0,313,0,14,188,0,202,54,152,309,0,515,116,0,116,631
06/09/2012,HPN,NY,AEA,EN,Towers with Radar,37,66,79,0,182,0,6,166,0,172,37,72,245,0,354,204,0,204,558
06/10/2012,HPN,NY,AEA,EN,Towers with Radar,47,117,112,0,276,0,21,274,0,295,47,138,386,0,571,230,0,230,801
06/11/2012,HPN,NY,AEA,EN,Towers with Radar,52,115,118,0,285,0,10,202,0,212,52,125,320,0,497,118,0,118,615
06/12/2012,HPN,NY,AEA,EN,Towers with Radar,48,120,150,0,318,0,0,19,0,19,48,120,169,0,337,0,0,0,337
06/13/2012,HPN,NY,AEA,EN,Towers with Radar,49,148,132,0,329,0,2,37,0,39,49,150,169,0,368,10,0,10,378
06/14/2012,HPN,NY,AEA,EN,Towers with Radar,51,153,144,1,349,0,5,122,0,127,51,158,266,1,476,86,0,86,562
06/15/2012,HPN,NY,AEA,EN,Towers with Radar,53,131,96,0,280,0,28,333,2,363,53,159,429,2,643,248,0,248,891
06/16/2012,HPN,NY,AEA,EN,Towers with Radar,46,65,47,0,158,0,12,274,1,287,46,77,321,1,445,302,0,302,747
06/17/2012,HPN,NY,AEA,EN,Towers with Radar,53,148,150,3,354,0,27,238,0,265,53,175,388,3,619,26,0,26,645
06/18/2012,HPN,NY,AEA,EN,Towers with Radar,53,137,120,0,310,0,10,190,0,200,53,147,310,0,510,176,0,176,686
06/19/2012,HPN,NY,AEA,EN,Towers with Radar,49,141,109,0,299,0,4,177,0,181,49,145,286,0,480,236,0,236,716
06/20/2012,HPN,NY,AEA,EN,Towers with Radar,49,108,83,0,240,0,17,144,0,161,49,125,227,0,401,82,0,82,483
06/21/2012,HPN,NY,AEA,EN,Towers with Radar,47,134,101,0,282,0,23,183,0,206,47,157,284,0,488,0,0,0,488
06/22/2012,HPN,NY,AEA,EN,Towers with Radar,34,127,108,1,270,0,21,158,0,179,34,148,266,1,449,138,0,138,587
06/23/2012,HPN,NY,AEA,EN,Towers with Radar,44,95,89,0,228,0,33,192,0,225,44,128,281,0,453,72,0,72,525
06/24/2012,HPN,NY,AEA,EN,Towers with Radar,50,134,90,1,275,0,32,408,0,440,50,166,498,1,715,178,0,178,893
06/25/2012,HPN,NY,AEA,EN,Towers with Radar,51,140,109,0,300,0,3,64,0,67,51,143,173,0,367,0,0,0,367
06/26/2012,HPN,NY,AEA,EN,Towers with Radar,46,107,110,0,263,0,5,124,0,129,46,112,234,0,392,14,0,14,406
06/27/2012,HPN,NY,AEA,EN,Towers with Radar,50,119,110,0,279,0,16,186,0,202,50,135,296,0,481,52,0,52,533
06/28/2012,HPN,NY,AEA,EN,Towers with Radar,49,140,99,0,288,0,29,247,0,276,49,169,346,0,564,144,0,144,708
06/29/2012,HPN,NY,AEA,EN,Towers with Radar,50,165,123,0,338,0,47,368,0,415,50,212,491,0,753,68,0,68,821
06/30/2012,HPN,NY,AEA,EN,Towers with Radar,48,88,62,0,198,0,51,344,0,395,48,139,406,0,593,336,0,336,929
07/01/2012,HPN,NY,AEA,EN,Towers with Radar,51,93,67,0,211,0,41,291,0,332,51,134,358,0,543,182,0,182,725
07/02/2012,HPN,NY,AEA,EN,Towers with Radar,49,92,78,2,221,0,27,220,0,247,49,119,298,2,468,56,0,56,524
07/03/2012,HPN,NY,AEA,EN,Towers with Radar,51,110,58,0,219,0,33,310,0,343,51,143,368,0,562,134,0,134,696
07/04/2012,HPN,NY,AEA,EN,Towers with Radar,47,69,42,2,160,0,13,134,2,149,47,82,176,4,309,22,0,22,331
07/05/2012,HPN,NY,AEA,EN,Towers with Radar,50,89,61,0,200,0,37,302,0,339,50,126,363,0,539,86,0,86,625
07/06/2012,HPN,NY,AEA,EN,Towers with Radar,49,90,64,0,203,0,33,214,0,247,49,123,278,0,450,326,0,326,776
07/07/2012,HPN,NY,AEA,EN,Towers with Radar,47,61,48,0,156,0,15,108,0,123,47,76,156,0,279,90,0,90,369
07/08/2012,HPN,NY,AEA,EN,Towers with Radar,57,137,112,0,306,0,59,465,0,524,57,196,577,0,830,96,0,96,926
07/09/2012,HPN,NY,AEA,EN,Towers with Radar,51,118,91,1,261,0,33,288,0,321,51,151,379,1,582,132,0,132,714
07/10/2012,HPN,NY,AEA,EN,Towers with Radar,51,106,98,0,255,0,15,199,0,214,51,121,297,0,469,60,0,60,529
07/11/2012,HPN,NY,AEA,EN,Towers with Radar,52,122,103,0,277,0,12,226,0,238,52,134,329,0,515,214,0,214,729
07/12/2012,HPN,NY,AEA,EN,Towers with Radar,51,113,109,0,273,0,34,192,0,226,51,147,301,0,499,154,0,154,653
07/13/2012,HPN,NY,AEA,EN,Towers with Radar,50,131,94,0,275,0,53,408,0,461,50,184,502,0,736,106,0,106,842
07/14/2012,HPN,NY,AEA,EN,Towers with Radar,44,75,52,0,171,0,22,239,0,261,44,97,291,0,432,210,0,210,642
07/15/2012,HPN,NY,AEA,EN,Towers with Radar,52,141,106,1,300,0,24,200,0,224,52,165,306,1,524,66,0,66,590
07/16/2012,HPN,NY,AEA,EN,Towers with Radar,50,125,112,0,287,0,40,236,0,276,50,165,348,0,563,62,0,62,625
07/17/2012,HPN,NY,AEA,EN,Towers with Radar,52,117,100,1,270,0,16,163,0,179,52,133,263,1,449,126,0,126,575
07/18/2012,HPN,NY,AEA,EN,Towers with Radar,39,93,87,0,219,0,10,165,0,175,39,103,252,0,394,35,0,35,429
07/19/2012,HPN,NY,AEA,EN,Towers with Radar,47,162,140,0,349,0,37,274,0,311,47,199,414,0,660,82,0,82,742
07/20/2012,HPN,NY,AEA,EN,Towers with Radar,53,204,182,0,439,0,10,40,0,50,53,214,222,0,489,0,0,0,489
07/21/2012,HPN,NY,AEA,EN,Towers with Radar,47,114,71,0,232,0,25,271,0,296,47,139,342,0,528,148,0,148,676
07/22/2012,HPN,NY,AEA,EN,Towers with Radar,53,143,110,0,306,0,46,388,2,436,53,189,498,2,742,126,0,126,868
07/23/2012,HPN,NY,AEA,EN,Towers with Radar,50,145,119,4,318,0,26,136,0,162,50,171,255,4,480,30,0,30,510
07/24/2012,HPN,NY,AEA,EN,Towers with Radar,46,111,109,0,266,0,13,178,0,191,46,124,287,0,457,112,0,112,569
07/25/2012,HPN,NY,AEA,EN,Towers with Radar,55,133,114,0,302,0,22,264,0,286,55,155,378,0,588,48,0,48,636
07/26/2012,HPN,NY,AEA,EN,Towers with Radar,42,146,127,0,315,0,25,164,0,189,42,171,291,0,504,156,0,156,660
07/27/2012,HPN,NY,AEA,EN,Towers with Radar,47,145,116,0,308,0,32,246,0,278,47,177,362,0,586,168,0,168,754
07/28/2012,HPN,NY,AEA,EN,Towers with Radar,47,87,78,0,212,0,0,15,0,15,47,87,93,0,227,0,0,0,227
07/29/2012,HPN,NY,AEA,EN,Towers with Radar,54,148,139,2,343,0,13,129,0,142,54,161,268,2,485,24,0,24,509
07/30/2012,HPN,NY,AEA,EN,Towers with Radar,53,140,114,1,308,0,20,147,0,167,53,160,261,1,475,96,0,96,571
07/31/2012,HPN,NY,AEA,EN,Towers with Radar,53,99,131,0,283,0,6,128,0,134,53,105,259,0,417,42,0,42,459
08/01/2012,HPN,NY,AEA,EN,Towers with Radar,47,127,108,0,282,0,6,93,0,99,47,133,201,0,381,66,0,66,447
08/02/2012,HPN,NY,AEA,EN,Towers with Radar,47,141,106,0,294,0,35,301,1,337,47,176,407,1,631,198,0,198,829
08/03/2012,HPN,NY,AEA,EN,Towers with Radar,53,158,95,0,306,0,39,324,0,363,53,197,419,0,669,218,0,218,887
08/04/2012,HPN,NY,AEA,EN,Towers with Radar,47,92,66,0,205,0,16,245,0,261,47,108,311,0,466,260,0,260,726
08/05/2012,HPN,NY,AEA,EN,Towers with Radar,54,113,136,1,304,0,23,151,0,174,54,136,287,1,478,74,0,74,552
08/06/2012,HPN,NY,AEA,EN,Towers with Radar,47,120,129,0,296,0,25,168,0,193,47,145,297,0,489,102,0,102,591
08/07/2012,HPN,NY,AEA,EN,Towers with Radar,54,102,104,0,260,0,12,227,0,239,54,114,331,0,499,166,0,166,665
08/08/2012,HPN,NY,AEA,EN,Towers with Radar,49,135,119,0,303,0,15,144,0,159,49,150,263,0,462,90,0,90,552
08/09/2012,HPN,NY,AEA,EN,Towers with Radar,49,135,103,0,287,0,27,177,0,204,49,162,280,0,491,86,0,86,577
08/10/2012,HPN,NY,AEA,EN,Towers with Radar,52,180,161,0,393,0,6,78,0,84,52,186,239,0,477,0,0,0,477
08/11/2012,HPN,NY,AEA,EN,Towers with Radar,46,99,73,0,218,1,6,63,0,70,47,105,136,0,288,86,0,86,374
08/12/2012,HPN,NY,AEA,EN,Towers with Radar,42,133,96,0,271,0,39,268,0,307,42,172,364,0,578,92,0,92,670
08/13/2012,HPN,NY,AEA,EN,Towers with Radar,40,114,92,0,246,0,47,234,1,282,40,161,326,1,528,98,0,98,626
08/14/2012,HPN,NY,AEA,EN,Towers with Radar,35,107,87,0,229,0,15,143,0,158,35,122,230,0,387,102,0,102,489
08/15/2012,HPN,NY,AEA,EN,Towers with Radar,41,123,115,0,279,0,8,87,0,95,41,131,202,0,374,62,0,62,436
08/16/2012,HPN,NY,AEA,EN,Towers with Radar,40,105,103,2,250,0,40,276,0,316,40,145,379,2,566,70,0,70,636
08/17/2012,HPN,NY,AEA,EN,Towers with Radar,43,136,117,0,296,0,49,285,1,335,43,185,402,1,631,114,0,114,745
08/18/2012,HPN,NY,AEA,EN,Towers with Radar,38,93,79,0,210,0,8,175,0,183,38,101,254,0,393,132,0,132,525
08/19/2012,HPN,NY,AEA,EN,Towers with Radar,43,135,91,0,269,0,37,395,1,433,43,172,486,1,702,160,0,160,862
08/20/2012,HPN,NY,AEA,EN,Towers with Radar,43,120,88,0,251,0,42,236,0,278,43,162,324,0,529,166,0,166,695
08/21/2012,HPN,NY,AEA,EN,Towers with Radar,41,98,90,0,229,0,21,218,0,239,41,119,308,0,468,52,0,52,520
08/22/2012,HPN,NY,AEA,EN,Towers with Radar,38,112,91,0,241,0,12,174,0,186,38,124,265,0,427,0,0,0,427
08/23/2012,HPN,NY,AEA,EN,Towers with Radar,42,115,114,0,271,0,44,260,0,304,42,159,374,0,575,32,0,32,607
08/24/2012,HPN,NY,AEA,EN,Towers with Radar,59,218,171,0,448,0,50,355,1,406,59,268,526,1,854,62,0,62,916
08/25/2012,HPN,NY,AEA,EN,Towers with Radar,64,163,146,2,375,0,12,264,0,276,64,175,410,2,651,14,0,14,665
08/26/2012,HPN,NY,AEA,EN,Towers with Radar,57,153,110,0,320,0,37,381,1,419,57,190,491,1,739,80,0,80,819
08/27/2012,HPN,NY,AEA,EN,Towers with Radar,42,139,149,0,330,0,23,138,0,161,42,162,287,0,491,18,0,18,509
08/28/2012,HPN,NY,AEA,EN,Towers with Radar,41,108,108,0,257,0,11,150,0,161,41,119,258,0,418,82,0,82,500
08/29/2012,HPN,NY,AEA,EN,Towers with Radar,40,121,81,0,242,0,25,243,0,268,40,146,324,0,510,132,0,132,642
08/30/2012,HPN,NY,AEA,EN,Towers with Radar,39,119,98,0,256,0,38,208,0,246,39,157,306,0,502,40,0,40,542
08/31/2012,HPN,NY,AEA,EN,Towers with Radar,41,118,88,0,247,0,46,321,1,368,41,164,409,1,615,44,0,44,659
09/01/2012,HPN,NY,AEA,EN,Towers with Radar,33,64,47,0,144,0,17,242,0,259,33,81,289,0,403,97,0,97,500
09/02/2012,HPN,NY,AEA,EN,Towers with Radar,30,72,77,0,179,0,10,61,0,71,30,82,138,0,250,0,0,0,250
09/03/2012,HPN,NY,AEA,EN,Towers with Radar,38,160,139,0,337,0,43,103,0,146,38,203,242,0,483,0,0,0,483
09/04/2012,HPN,NY,AEA,EN,Towers with Radar,40,167,167,0,374,0,0,5,0,5,40,167,172,0,379,0,0,0,379
09/05/2012,HPN,NY,AEA,EN,Towers with Radar,36,114,144,0,294,0,8,25,0,33,36,122,169,0,327,0,0,0,327
09/06/2012,HPN,NY,AEA,EN,Towers with Radar,33,118,163,0,314,0,19,148,0,167,33,137,311,0,481,22,0,22,503
09/07/2012,HPN,NY,AEA,EN,Towers with Radar,40,147,106,0,293,0,28,223,0,251,40,175,329,0,544,26,0,26,570
09/08/2012,HPN,NY,AEA,EN,Towers with Radar,31,84,86,0,201,0,2,43,0,45,31,86,129,0,246,0,0,0,246
09/09/2012,HPN,NY,AEA,EN,Towers with Radar,41,121,93,0,255,0,33,331,0,364,41,154,424,0,619,126,0,126,745
09/10/2012,HPN,NY,AEA,EN,Towers with Radar,33,109,88,0,230,0,18,193,1,212,33,127,281,1,442,116,0,116,558
09/11/2012,HPN,NY,AEA,EN,Towers with Radar,30,109,85,0,224,0,9,202,0,211,30,118,287,0,435,64,0,64,499
09/12/2012,HPN,NY,AEA,EN,Towers with Radar,37,121,110,1,269,0,8,207,0,215,37,129,317,1,484,62,0,62,546
09/13/2012,HPN,NY,AEA,EN,Towers with Radar,36,133,123,0,292,0,13,205,0,218,36,146,328,0,510,30,0,30,540
09/14/2012,HPN,NY,AEA,EN,Towers with Radar,39,155,146,0,340,0,35,320,0,355,39,190,466,0,695,58,0,58,753
09/15/2012,HPN,NY,AEA,EN,Towers with Radar,30,77,63,0,170,0,8,229,0,237,30,85,292,0,407,114,0,114,521
09/16/2012,HPN,NY,AEA,EN,Towers with Radar,42,117,106,2,267,0,31,328,1,360,42,148,434,3,627,8,0,8,635
09/17/2012,HPN,NY,AEA,EN,Towers with Radar,36,95,116,2,249,0,14,153,0,167,36,109,269,2,416,132,0,132,548
09/18/2012,HPN,NY,AEA,EN,Towers with Radar,29,115,112,0,256,0,0,17,0,17,29,115,129,0,273,0,0,0,273
09/19/2012,HPN,NY,AEA,EN,Towers with Radar,37,111,108,0,256,0,10,125,0,135,37,121,233,0,391,18,0,18,409
09/20/2012,HPN,NY,AEA,EN,Towers with Radar,36,133,142,0,311,0,11,183,0,194,36,144,325,0,505,22,0,22,527
09/21/2012,HPN,NY,AEA,EN,Towers with Radar,41,126,130,1,298,0,29,256,0,285,41,155,386,1,583,84,0,84,667
09/22/2012,HPN,NY,AEA,EN,Towers with Radar,31,76,78,0,185,0,0,139,3,142,31,76,217,3,327,180,0,180,507
09/23/2012,HPN,NY,AEA,EN,Towers with Radar,39,102,91,1,233,0,25,323,2,350,39,127,414,3,583,4,0,4,587
09/24/2012,HPN,NY,AEA,EN,Towers with Radar,36,107,101,0,244,0,13,142,0,155,36,120,243,0,399,122,0,122,521
09/25/2012,HPN,NY,AEA,EN,Towers with Radar,31,119,104,0,254,0,7,110,0,117,31,126,214,0,371,82,0,82,453
09/26/2012,HPN,NY,AEA,EN,Towers with Radar,39,108,92,0,239,0,1,122,0,123,39,109,214,0,362,126,0,126,488
09/27/2012,HPN,NY,AEA,EN,Towers with Radar,37,117,136,1,291,0,8,130,0,138,37,125,266,1,429,54,0,54,483
09/28/2012,HPN,NY,AEA,EN,Towers with Radar,42,173,154,0,369,0,2,20,0,22,42,175,174,0,391,38,0,38,429
09/29/2012,HPN,NY,AEA,EN,Towers with Radar,32,98,103,0,233,0,1,39,0,40,32,99,142,0,273,60,0,60,333
09/30/2012,HPN,NY,AEA,EN,Towers with Radar,39,111,114,1,265,0,15,197,0,212,39,126,311,1,477,84,0,84,561
10/01/2012,HPN,NY,AEA,EN,Towers with Radar,33,101,118,0,252,0,7,174,0,181,33,108,292,0,433,80,0,80,513
10/02/2012,HPN,NY,AEA,EN,Towers with Radar,31,124,152,0,307,0,1,24,0,25,31,125,176,0,332,0,0,0,332
10/03/2012,HPN,NY,AEA,EN,Towers with Radar,38,119,120,0,277,0,0,0,0,0,38,119,120,0,277,0,0,0,277
10/04/2012,HPN,NY,AEA,EN,Towers with Radar,30,130,139,0,299,0,0,282,0,282,30,130,421,0,581,172,0,172,753
10/05/2012,HPN,NY,AEA,EN,Towers with Radar,40,175,137,0,352,0,50,123,0,173,40,225,260,0,525,0,0,0,525
10/06/2012,HPN,NY,AEA,EN,Towers with Radar,32,84,73,0,189,0,12,205,0,217,32,96,278,0,406,242,0,242,648
10/07/2012,HPN,NY,AEA,EN,Towers with Radar,39,108,98,0,245,0,15,140,0,155,39,123,238,0,400,12,0,12,412
10/08/2012,HPN,NY,AEA,EN,Towers with Radar,34,153,106,0,293,0,18,211,0,229,34,171,317,0,522,146,0,146,668
10/09/2012,HPN,NY,AEA,EN,Towers with Radar,32,108,100,0,240,0,5,59,0,64,32,113,159,0,304,122,0,122,426
10/10/2012,HPN,NY,AEA,EN,Towers with Radar,36,120,134,0,290,0,0,66,0,66,36,120,200,0,356,42,0,42,398
10/11/2012,HPN,NY,AEA,EN,Towers with Radar,32,107,121,0,260,0,9,218,1,228,32,116,339,1,488,132,0,132,620
10/12/2012,HPN,NY,AEA,EN,Towers with Radar,40,119,110,0,269,0,19,173,0,192,40,138,283,0,461,122,0,122,583
10/13/2012,HPN,NY,AEA,EN,Towers with Radar,32,77,68,0,177,0,15,211,0,226,32,92,279,0,403,82,0,82,485
10/14/2012,HPN,NY,AEA,EN,Towers with Radar,41,111,113,0,265,0,14,156,0,170,41,125,269,0,435,74,0,74,509
10/15/2012,HPN,NY,AEA,EN,Towers with Radar,35,118,107,1,261,0,4,75,0,79,35,122,182,1,340,179,0,179,519
10/16/2012,HPN,NY,AEA,EN,Towers with Radar,32,102,94,0,228,13,8,73,4,98,45,110,167,4,326,0,0,0,326
10/17/2012,HPN,NY,AEA,EN,Towers with Radar,34,108,90,0,232,4,11,189,0,204,38,119,279,0,436,114,0,114,550
10/18/2012,HPN,NY,AEA,EN,Towers with Radar,36,121,117,0,274,0,7,111,0,118,36,128,228,0,392,76,0,76,468
10/19/2012,HPN,NY,AEA,EN,Towers with Radar,41,143,148,0,332,0,0,0,0,0,41,143,148,0,332,0,0,0,332
10/20/2012,HPN,NY,AEA,EN,Towers with Radar,33,95,70,0,198,0,9,166,0,175,33,104,236,0,373,144,0,144,517
10/21/2012,HPN,NY,AEA,EN,Towers with Radar,40,101,89,0,230,0,15,277,1,293,40,116,366,1,523,160,0,160,683
10/22/2012,HPN,NY,AEA,EN,Towers with Radar,34,90,67,0,191,0,5,136,0,141,34,95,203,0,332,170,0,170,502
10/23/2012,HPN,NY,AEA,EN,Towers with Radar,34,111,100,0,245,0,5,170,0,175,34,116,270,0,420,242,0,242,662
10/24/2012,HPN,NY,AEA,EN,Towers with Radar,37,121,105,0,263,0,0,14,0,14,37,121,119,0,277,0,0,0,277
10/25/2012,HPN,NY,AEA,EN,Towers with Radar,34,119,144,0,297,0,3,93,0,96,34,122,237,0,393,0,0,0,393
10/26/2012,HPN,NY,AEA,EN,Towers with Radar,39,161,164,1,365,0,0,107,0,107,39,161,271,1,472,84,0,84,556
10/27/2012,HPN,NY,AEA,EN,Towers with Radar,36,97,94,0,227,0,3,117,0,120,36,100,211,0,347,108,0,108,455
10/28/2012,HPN,NY,AEA,EN,Towers with Radar,38,153,111,2,304,0,1,28,0,29,38,154,139,2,333,18,0,18,351
10/29/2012,HPN,NY,AEA,EN,Towers with Radar,1,0,2,0,3,0,0,0,0,0,1,0,2,0,3,0,0,0,3
10/30/2012,HPN,NY,AEA,EN,Towers with Radar,2,12,24,1,39,0,0,18,0,18,2,12,42,1,57,0,0,0,57
10/31/2012,HPN,NY,AEA,EN,Towers with Radar,15,164,128,2,309,0,7,19,1,27,15,171,147,3,336,0,0,0,336
11/01/2012,HPN,NY,AEA,EN,Towers with Radar,32,224,163,0,419,0,5,41,0,46,32,229,204,0,465,0,0,0,465
11/02/2012,HPN,NY,AEA,EN,Towers with Radar,36,152,116,2,306,0,9,51,0,60,36,161,167,2,366,0,0,0,366
11/03/2012,HPN,NY,AEA,EN,Towers with Radar,32,60,37,0,129,0,2,90,2,94,32,62,127,2,223,38,0,38,261
11/04/2012,HPN,NY,AEA,EN,Towers with Radar,35,117,84,0,236,0,6,170,0,176,35,123,254,0,412,112,0,112,524
11/05/2012,HPN,NY,AEA,EN,Towers with Radar,49,99,99,0,247,0,1,108,0,109,49,100,207,0,356,92,0,92,448
11/06/2012,HPN,NY,AEA,EN,Towers with Radar,36,103,103,2,244,0,17,127,0,144,36,120,230,2,388,62,0,62,450
11/07/2012,HPN,NY,AEA,EN,Towers with Radar,17,38,54,2,111,0,4,12,0,16,17,42,66,2,127,0,0,0,127
11/08/2012,HPN,NY,AEA,EN,Towers with Radar,35,103,96,0,234,0,1,39,0,40,35,104,135,0,274,44,0,44,318
11/09/2012,HPN,NY,AEA,EN,Towers with Radar,37,88,116,0,241,0,12,132,0,144,37,100,248,0,385,90,0,90,475
11/10/2012,HPN,NY,AEA,EN,Towers with Radar,32,58,49,0,139,0,3,174,0,177,32,61,223,0,316,144,0,144,460
11/11/2012,HPN,NY,AEA,EN,Towers with Radar,39,97,122,0,258,0,10,286,0,296,39,107,408,0,554,77,0,77,631
11/12/2012,HPN,NY,AEA,EN,Towers with Radar,40,114,104,0,258,0,0,26,0,26,40,114,130,0,284,50,0,50,334
11/13/2012,HPN,NY,AEA,EN,Towers with Radar,35,106,76,0,217,0,1,46,0,47,35,107,122,0,264,20,0,20,284
11/14/2012,HPN,NY,AEA,EN,Towers with Radar,36,85,107,0,228,0,12,217,0,229,36,97,324,0,457,78,0,78,535
11/15/2012,HPN,NY,AEA,EN,Towers with Radar,40,131,131,0,302,0,14,148,1,163,40,145,279,1,465,56,0,56,521
11/16/2012,HPN,NY,AEA,EN,Towers with Radar,38,104,136,1,279,0,14,178,0,192,38,118,314,1,471,66,0,66,537
11/17/2012,HPN,NY,AEA,EN,Towers with Radar,36,63,60,0,159,0,10,239,0,249,36,73,299,0,408,150,0,150,558
11/18/2012,HPN,NY,AEA,EN,Towers with Radar,42,87,75,0,204,0,5,209,1,215,42,92,284,1,419,139,0,139,558
11/19/2012,HPN,NY,AEA,EN,Towers with Radar,45,99,90,0,234,0,5,126,0,131,45,104,216,0,365,32,0,32,397
11/20/2012,HPN,NY,AEA,EN,Towers with Radar,41,147,136,0,324,0,20,130,0,150,41,167,266,0,474,72,0,72,546
11/21/2012,HPN,NY,AEA,EN,Towers with Radar,46,154,124,0,324,0,20,226,0,246,46,174,350,0,570,72,0,72,642
11/22/2012,HPN,NY,AEA,EN,Towers with Radar,31,65,39,0,135,0,12,100,0,112,31,77,139,0,247,0,0,0,247
11/23/2012,HPN,NY,AEA,EN,Towers with Radar,35,90,48,0,173,0,2,159,0,161,35,92,207,0,334,60,0,60,394
11/24/2012,HPN,NY,AEA,EN,Towers with Radar,38,97,41,0,176,0,7,98,0,105,38,104,139,0,281,0,0,0,281
11/25/2012,HPN,NY,AEA,EN,Towers with Radar,43,163,202,2,410,0,34,215,0,249,43,197,417,2,659,132,0,132,791
11/26/2012,HPN,NY,AEA,EN,Towers with Radar,39,111,98,1,249,0,6,153,0,159,39,117,251,1,408,32,0,32,440
11/27/2012,HPN,NY,AEA,EN,Towers with Radar,36,119,95,0,250,0,0,2,0,2,36,119,97,0,252,0,0,0,252
11/28/2012,HPN,NY,AEA,EN,Towers with Radar,34,87,84,0,205,0,8,124,0,132,34,95,208,0,337,142,0,142,479
11/29/2012,HPN,NY,AEA,EN,Towers with Radar,38,121,98,0,257,0,10,140,0,150,38,131,238,0,407,98,0,98,505
11/30/2012,HPN,NY,AEA,EN,Towers with Radar,40,108,104,0,252,0,12,135,0,147,40,120,239,0,399,96,0,96,495
12/01/2012,HPN,NY,AEA,EN,Towers with Radar,31,87,65,0,183,0,3,9,0,12,31,90,74,0,195,0,0,0,195
12/02/2012,HPN,NY,AEA,EN,Towers with Radar,38,120,130,0,288,0,0,17,0,17,38,120,147,0,305,0,0,0,305
12/03/2012,HPN,NY,AEA,EN,Towers with Radar,41,91,98,1,231,0,7,162,0,169,41,98,260,1,400,178,0,178,578
12/04/2012,HPN,NY,AEA,EN,Towers with Radar,36,108,115,0,259,0,0,52,0,52,36,108,167,0,311,0,0,0,311
12/05/2012,HPN,NY,AEA,EN,Towers with Radar,36,88,112,0,236,0,7,89,0,96,36,95,201,0,332,6,0,6,338
12/06/2012,HPN,NY,AEA,EN,Towers with Radar,37,96,96,0,229,0,9,219,0,228,37,105,315,0,457,108,0,108,565
12/07/2012,HPN,NY,AEA,EN,Towers with Radar,44,129,156,0,329,0,3,30,0,33,44,132,186,0,362,38,0,38,400
12/08/2012,HPN,NY,AEA,EN,Towers with Radar,34,66,64,0,164,0,0,0,0,0,34,66,64,0,164,0,0,0,164
12/09/2012,HPN,NY,AEA,EN,Towers with Radar,38,114,120,0,272,0,4,104,0,108,38,118,224,0,380,6,0,6,386
12/10/2012,HPN,NY,AEA,EN,Towers with Radar,31,84,98,0,213,0,0,0,0,0,31,84,98,0,213,0,0,0,213
12/11/2012,HPN,NY,AEA,EN,Towers with Radar,35,83,86,0,204,0,5,101,1,107,35,88,187,1,311,62,0,62,373
12/12/2012,HPN,NY,AEA,EN,Towers with Radar,35,99,94,0,228,0,5,117,0,122,35,104,211,0,350,82,0,82,432
12/13/2012,HPN,NY,AEA,EN,Towers with Radar,38,87,82,0,207,0,9,134,0,143,38,96,216,0,350,68,0,68,418
12/14/2012,HPN,NY,AEA,EN,Towers with Radar,43,115,97,0,255,0,9,194,2,205,43,124,291,2,460,56,0,56,516
12/15/2012,HPN,NY,AEA,EN,Towers with Radar,32,67,64,0,163,0,4,177,0,181,32,71,241,0,344,141,0,141,485
12/16/2012,HPN,NY,AEA,EN,Towers with Radar,34,70,52,0,156,0,0,2,0,2,34,70,54,0,158,0,0,0,158
12/17/2012,HPN,NY,AEA,EN,Towers with Radar,42,106,145,1,294,0,0,0,0,0,42,106,145,1,294,0,0,0,294
12/18/2012,HPN,NY,AEA,EN,Towers with Radar,34,121,111,0,266,0,4,61,2,67,34,125,172,2,333,140,0,140,473
12/19/2012,HPN,NY,AEA,EN,Towers with Radar,32,135,139,0,306,0,5,91,0,96,32,140,230,0,402,14,0,14,416
12/20/2012,HPN,NY,AEA,EN,Towers with Radar,50,137,179,0,366,0,3,145,0,148,50,140,324,0,514,153,0,153,667
12/21/2012,HPN,NY,AEA,EN,Towers with Radar,45,172,129,0,346,0,7,18,0,25,45,179,147,0,371,0,0,0,371
12/22/2012,HPN,NY,AEA,EN,Towers with Radar,48,156,127,0,331,0,1,19,0,20,48,157,146,0,351,0,0,0,351
12/23/2012,HPN,NY,AEA,EN,Towers with Radar,51,99,75,2,227,0,6,131,0,137,51,105,206,2,364,28,0,28,392
12/24/2012,HPN,NY,AEA,EN,Towers with Radar,39,62,38,0,139,0,3,79,0,82,39,65,117,0,221,130,0,130,351
12/25/2012,HPN,NY,AEA,EN,Towers with Radar,56,114,50,0,220,0,0,7,0,7,56,114,57,0,227,11,0,11,238
12/26/2012,HPN,NY,AEA,EN,Towers with Radar,40,119,119,0,278,0,11,47,0,58,40,130,166,0,336,12,0,12,348
12/27/2012,HPN,NY,AEA,EN,Towers with Radar,37,121,109,0,267,0,0,5,0,5,37,121,114,0,272,0,0,0,272
12/28/2012,HPN,NY,AEA,EN,Towers with Radar,44,128,83,2,257,0,4,123,0,127,44,132,206,2,384,112,0,112,496
12/29/2012,HPN,NY,AEA,EN,Towers with Radar,42,70,50,0,162,0,0,8,0,8,42,70,58,0,170,0,0,0,170
12/30/2012,HPN,NY,AEA,EN,Towers with Radar,55,109,79,0,243,0,6,57,0,63,55,115,136,0,306,32,0,32,338
12/31/2012,HPN,NY,AEA,EN,Towers with Radar,42,86,75,0,203,0,10,84,0,94,42,96,159,0,297,64,0,64,361
01/01/2013,HPN,NY,AEA,EN,Towers with Radar,43,154,127,0,324,0,2,47,0,49,43,156,174,0,373,0,0,0,373
01/02/2013,HPN,NY,AEA,EN,Towers with Radar,48,150,103,0,301,0,6,76,0,82,48,156,179,0,383,40,0,40,423
01/03/2013,HPN,NY,AEA,EN,Towers with Radar,54,149,91,0,294,0,7,92,0,99,54,156,183,0,393,91,0,91,484
01/04/2013,HPN,NY,AEA,EN,Towers with Radar,48,153,99,0,300,0,2,80,0,82,48,155,179,0,382,172,0,172,554
01/05/2013,HPN,NY,AEA,EN,Towers with Radar,43,113,99,0,255,0,4,147,0,151,43,117,246,0,406,44,0,44,450
01/06/2013,HPN,NY,AEA,EN,Towers with Radar,48,158,132,2,340,0,8,117,0,125,48,166,249,2,465,40,0,40,505
01/07/2013,HPN,NY,AEA,EN,Towers with Radar,41,109,79,0,229,0,3,90,0,93,41,112,169,0,322,40,0,40,362
01/08/2013,HPN,NY,AEA,EN,Towers with Radar,37,113,109,0,259,0,5,82,0,87,37,118,191,0,346,86,0,86,432
01/09/2013,HPN,NY,AEA,EN,Towers with Radar,34,111,100,0,245,0,7,98,2,107,34,118,198,2,352,52,0,52,404
01/10/2013,HPN,NY,AEA,EN,Towers with Radar,44,133,112,0,289,0,10,112,0,122,44,143,224,0,411,258,0,258,669
01/11/2013,HPN,NY,AEA,EN,Towers with Radar,50,113,112,0,275,0,6,75,1,82,50,119,187,1,357,126,0,126,483
01/12/2013,HPN,NY,AEA,EN,Towers with Radar,21,57,62,0,140,0,0,0,0,0,21,57,62,0,140,8,0,8,148
01/13/2013,HPN,NY,AEA,EN,Towers with Radar,1,18,32,0,51,0,0,0,0,0,1,18,32,0,51,0,0,0,51
01/14/2013,HPN,NY,AEA,EN,Towers with Radar,30,93,98,0,221,0,1,68,0,69,30,94,166,0,290,18,0,18,308
01/15/2013,HPN,NY,AEA,EN,Towers with Radar,35,97,86,2,220,0,5,77,0,82,35,102,163,2,302,120,0,120,422
01/16/2013,HPN,NY,AEA,EN,Towers with Radar,33,109,91,0,233,0,0,0,0,0,33,109,91,0,233,0,0,0,233
01/17/2013,HPN,NY,AEA,EN,Towers with Radar,39,165,118,0,322,0,3,83,0,86,39,168,201,0,408,2,0,2,410
01/18/2013,HPN,NY,AEA,EN,Towers with Radar,47,183,127,0,357,0,8,113,0,121,47,191,240,0,478,142,0,142,620
01/19/2013,HPN,NY,AEA,EN,Towers with Radar,42,85,53,0,180,0,7,111,0,118,42,92,164,0,298,76,0,76,374
01/20/2013,HPN,NY,AEA,EN,Towers with Radar,36,71,62,2,171,0,4,61,0,65,36,75,123,2,236,16,0,16,252
01/21/2013,HPN,NY,AEA,EN,Towers with Radar,45,178,134,0,357,0,8,106,0,114,45,186,240,0,471,240,0,240,711
01/22/2013,HPN,NY,AEA,EN,Towers with Radar,33,108,110,0,251,0,2,38,0,40,33,110,148,0,291,0,0,0,291
01/23/2013,HPN,NY,AEA,EN,Towers with Radar,38,111,109,0,258,0,7,55,0,62,38,118,164,0,320,6,0,6,326
01/24/2013,HPN,NY,AEA,EN,Towers with Radar,40,121,130,0,291,0,10,86,1,97,40,131,216,1,388,66,0,66,454
01/25/2013,HPN,NY,AEA,EN,Towers with Radar,48,120,88,1,257,0,5,58,1,64,48,125,146,2,321,46,0,46,367
01/26/2013,HPN,NY,AEA,EN,Towers with Radar,46,93,85,0,224,0,4,123,0,127,46,97,208,0,351,50,0,50,401
01/27/2013,HPN,NY,AEA,EN,Towers with Radar,37,120,99,0,256,0,3,153,0,156,37,123,252,0,412,204,0,204,616
01/28/2013,HPN,NY,AEA,EN,Towers with Radar,37,120,84,0,241,0,0,9,0,9,37,120,93,0,250,0,0,0,250
01/29/2013,HPN,NY,AEA,EN,Towers with Radar,45,108,123,0,276,0,0,13,2,15,45,108,136,2,291,0,0,0,291
01/30/2013,HPN,NY,AEA,EN,Towers with Radar,26,73,78,0,177,0,0,0,0,0,26,73,78,0,177,0,0,0,177
01/31/2013,HPN,NY,AEA,EN,Towers with Radar,42,114,119,0,275,0,5,45,0,50,42,119,164,0,325,0,0,0,325
02/01/2013,HPN,NY,AEA,EN,Towers with Radar,42,133,89,0,264,0,6,86,0,92,42,139,175,0,356,62,0,62,418
02/02/2013,HPN,NY,AEA,EN,Towers with Radar,33,66,71,0,170,0,3,145,0,148,33,69,216,0,318,78,0,78,396
02/03/2013,HPN,NY,AEA,EN,Towers with Radar,36,96,68,0,200,0,8,82,0,90,36,104,150,0,290,158,0,158,448
02/04/2013,HPN,NY,AEA,EN,Towers with Radar,40,126,115,0,281,0,3,58,0,61,40,129,173,0,342,60,0,60,402
02/05/2013,HPN,NY,AEA,EN,Towers with Radar,64,217,190,0,471,0,1,26,0,27,64,218,216,0,498,44,0,44,542
02/06/2013,HPN,NY,AEA,EN,Towers with Radar,46,160,141,0,347,0,2,60,0,62,46,162,201,0,409,260,0,260,669
02/07/2013,HPN,NY,AEA,EN,Towers with Radar,43,129,140,1,313,0,4,128,0,132,43,133,268,1,445,12,0,12,457
02/08/2013,HPN,NY,AEA,EN,Towers with Radar,13,28,35,0,76,0,0,0,0,0,13,28,35,0,76,0,0,0,76
02/09/2013,HPN,NY,AEA,EN,Towers with Radar,10,33,36,0,79,0,2,6,0,8,10,35,42,0,87,0,0,0,87
02/10/2013,HPN,NY,AEA,EN,Towers with Radar,36,112,73,0,221,0,3,113,0,116,36,115,186,0,337,82,0,82,419
02/11/2013,HPN,NY,AEA,EN,Towers with Radar,48,85,93,0,226,0,0,0,0,0,48,85,93,0,226,0,0,0,226
02/12/2013,HPN,NY,AEA,EN,Towers with Radar,34,119,122,0,275,0,0,58,0,58,34,119,180,0,333,156,0,156,489
02/13/2013,HPN,NY,AEA,EN,Towers with Radar,65,233,198,0,496,0,6,141,0,147,65,239,339,0,643,212,0,212,855
02/14/2013,HPN,NY,AEA,EN,Towers with Radar,38,170,132,0,340,0,9,96,1,106,38,179,228,1,446,118,0,118,564
02/15/2013,HPN,NY,AEA,EN,Towers with Radar,41,209,175,0,425,0,18,109,1,128,41,227,284,1,553,130,0,130,683
02/16/2013,HPN,NY,AEA,EN,Towers with Radar,53,128,129,0,310,0,2,57,0,59,53,130,186,0,369,140,0,140,509
02/17/2013,HPN,NY,AEA,EN,Towers with Radar,42,102,69,2,215,0,1,32,0,33,42,103,101,2,248,14,0,14,262
02/18/2013,HPN,NY,AEA,EN,Towers with Radar,42,159,133,0,334,0,12,102,0,114,42,171,235,0,448,74,0,74,522
02/19/2013,HPN,NY,AEA,EN,Towers with Radar,39,136,167,0,342,0,7,52,0,59,39,143,219,0,401,120,0,120,521
02/20/2013,HPN,NY,AEA,EN,Towers with Radar,40,146,125,0,311,0,1,55,1,57,40,147,180,1,368,68,0,68,436
02/21/2013,HPN,NY,AEA,EN,Towers with Radar,39,114,109,0,262,0,1,43,0,44,39,115,152,0,306,0,0,0,306
02/22/2013,HPN,NY,AEA,EN,Towers with Radar,38,149,99,0,286,0,9,117,0,126,38,158,216,0,412,332,0,332,744
02/23/2013,HPN,NY,AEA,EN,Towers with Radar,35,102,43,0,180,0,0,1,0,1,35,102,44,0,181,0,0,0,181
02/24/2013,HPN,NY,AEA,EN,Towers with Radar,39,127,135,0,301,0,2,53,0,55,39,129,188,0,356,170,0,170,526
02/25/2013,HPN,NY,AEA,EN,Towers with Radar,38,104,101,0,243,0,3,123,0,126,38,107,224,0,369,148,0,148,517
02/26/2013,HPN,NY,AEA,EN,Towers with Radar,38,119,120,0,277,0,2,73,0,75,38,121,193,0,352,120,0,120,472
02/27/2013,HPN,NY,AEA,EN,Towers with Radar,65,181,198,0,444,0,6,6,0,12,65,187,204,0,456,0,0,0,456
02/28/2013,HPN,NY,AEA,EN,Towers with Radar,40,142,122,0,304,0,6,58,0,64,40,148,180,0,368,206,0,206,574
03/01/2013,HPN,NY,AEA,EN,Towers with Radar,38,154,125,0,317,0,5,104,0,109,38,159,229,0,426,324,0,324,750
03/02/2013,HPN,NY,AEA,EN,Towers with Radar,38,91,64,0,193,0,3,133,0,136,38,94,197,0,329,82,0,82,411
03/03/2013,HPN,NY,AEA,EN,Towers with Radar,38,120,106,0,264,0,3,146,0,149,38,123,252,0,413,176,0,176,589
03/04/2013,HPN,NY,AEA,EN,Towers with Radar,42,130,101,0,273,0,4,76,0,80,42,134,177,0,353,2,0,2,355
03/05/2013,HPN,NY,AEA,EN,Towers with Radar,40,119,118,0,277,0,4,129,0,133,40,123,247,0,410,150,0,150,560
03/06/2013,HPN,NY,AEA,EN,Towers with Radar,40,104,90,0,234,0,0,7,0,7,40,104,97,0,241,0,0,0,241
03/07/2013,HPN,NY,AEA,EN,Towers with Radar,39,122,111,0,272,0,0,5,0,5,39,122,116,0,277,0,0,0,277
03/08/2013,HPN,NY,AEA,EN,Towers with Radar,38,127,124,0,289,0,5,3,0,8,38,132,127,0,297,0,0,0,297
03/09/2013,HPN,NY,AEA,EN,Towers with Radar,39,84,79,0,202,0,5,177,0,182,39,89,256,0,384,158,0,158,542
03/10/2013,HPN,NY,AEA,EN,Towers with Radar,45,100,105,0,250,0,6,177,1,184,45,106,282,1,434,140,0,140,574
03/11/2013,HPN,NY,AEA,EN,Towers with Radar,44,106,124,0,274,0,5,31,0,36,44,111,155,0,310,119,0,119,429
03/12/2013,HPN,NY,AEA,EN,Towers with Radar,38,104,108,0,250,0,2,4,0,6,38,106,112,0,256,0,0,0,256
03/13/2013,HPN,NY,AEA,EN,Towers with Radar,45,132,120,0,297,0,7,109,0,116,45,139,229,0,413,321,0,321,734
03/14/2013,HPN,NY,AEA,EN,Towers with Radar,42,148,133,0,323,1,2,52,0,55,43,150,185,0,378,24,0,24,402
03/15/2013,HPN,NY,AEA,EN,Towers with Radar,43,163,115,0,321,0,10,118,0,128,43,173,233,0,449,168,0,168,617
03/16/2013,HPN,NY,AEA,EN,Towers with Radar,36,96,92,0,224,0,2,65,0,67,36,98,157,0,291,84,0,84,375
03/17/2013,HPN,NY,AEA,EN,Towers with Radar,36,133,106,0,275,0,5,183,0,188,36,138,289,0,463,74,0,74,537
03/18/2013,HPN,NY,AEA,EN,Towers with Radar,36,105,93,0,234,0,3,59,0,62,36,108,152,0,296,254,0,254,550
03/19/2013,HPN,NY,AEA,EN,Towers with Radar,39,116,83,0,238,0,1,10,0,11,39,117,93,0,249,40,0,40,289
03/20/2013,HPN,NY,AEA,EN,Towers with Radar,43,121,132,0,296,0,2,62,0,64,43,123,194,0,360,200,0,200,560
03/21/2013,HPN,NY,AEA,EN,Towers with Radar,45,119,127,0,291,0,4,93,0,97,45,123,220,0,388,222,0,222,610
03/22/2013,HPN,NY,AEA,EN,Towers with Radar,39,143,116,0,298,0,3,117,0,120,39,146,233,0,418,260,0,260,678
03/23/2013,HPN,NY,AEA,EN,Towers with Radar,37,112,70,0,219,0,4,85,0,89,37,116,155,0,308,32,0,32,340
03/24/2013,HPN,NY,AEA,EN,Towers with Radar,35,128,118,0,281,0,4,170,0,174,35,132,288,0,455,114,0,114,569
03/25/2013,HPN,NY,AEA,EN,Towers with Radar,40,113,62,2,217,0,1,7,0,8,40,114,69,2,225,0,0,0,225
03/26/2013,HPN,NY,AEA,EN,Towers with Radar,41,113,102,0,256,0,4,78,0,82,41,117,180,0,338,188,0,188,526
03/27/2013,HPN,NY,AEA,EN,Towers with Radar,37,135,126,2,300,0,5,92,0,97,37,140,218,2,397,178,0,178,575
03/28/2013,HPN,NY,AEA,EN,Towers with Radar,44,191,121,1,357,0,7,102,3,112,44,198,223,4,469,66,0,66,535
03/29/2013,HPN,NY,AEA,EN,Towers with Radar,39,107,78,0,224,0,8,156,0,164,39,115,234,0,388,242,0,242,630
03/30/2013,HPN,NY,AEA,EN,Towers with Radar,36,108,53,0,197,0,9,172,0,181,36,117,225,0,378,138,0,138,516
03/31/2013,HPN,NY,AEA,EN,Towers with Radar,38,202,131,0,371,0,4,93,0,97,38,206,224,0,468,92,0,92,560
04/01/2013,HPN,NY,AEA,EN,Towers with Radar,43,157,136,0,336,0,6,56,0,62,43,163,192,0,398,102,0,102,500
04/02/2013,HPN,NY,AEA,EN,Towers with Radar,40,117,105,0,262,0,9,70,0,79,40,126,175,0,341,80,0,80,421
04/03/2013,HPN,NY,AEA,EN,Towers with Radar,44,122,99,1,266,0,11,86,0,97,44,133,185,1,363,36,0,36,399
04/04/2013,HPN,NY,AEA,EN,Towers with Radar,40,120,94,2,256,0,7,134,0,141,40,127,228,2,397,36,0,36,433
04/05/2013,HPN,NY,AEA,EN,Towers with Radar,45,135,97,0,277,0,12,129,0,141,45,147,226,0,418,182,0,182,600
04/06/2013,HPN,NY,AEA,EN,Towers with Radar,35,82,63,0,180,0,13,214,0,227,35,95,277,0,407,184,0,184,591
04/07/2013,HPN,NY,AEA,EN,Towers with Radar,42,137,98,0,277,0,7,154,0,161,42,144,252,0,438,34,0,34,472
04/08/2013,HPN,NY,AEA,EN,Towers with Radar,40,122,99,0,261,0,5,102,0,107,40,127,201,0,368,186,0,186,554
04/09/2013,HPN,NY,AEA,EN,Towers with Radar,40,112,99,0,251,0,5,87,0,92,40,117,186,0,343,54,0,54,397
04/10/2013,HPN,NY,AEA,EN,Towers with Radar,34,116,110,1,261,0,3,68,0,71,34,119,178,1,332,72,0,72,404
04/11/2013,HPN,NY,AEA,EN,Towers with Radar,41,133,128,0,302,0,0,39,0,39,41,133,167,0,341,96,0,96,437
04/12/2013,HPN,NY,AEA,EN,Towers with Radar,41,136,140,0,317,0,0,4,0,4,41,136,144,0,321,4,0,4,325
04/13/2013,HPN,NY,AEA,EN,Towers with Radar,38,102,73,0,213,0,4,113,3,120,38,106,186,3,333,172,0,172,505
04/14/2013,HPN,NY,AEA,EN,Towers with Radar,45,135,118,0,298,0,9,137,0,146,45,144,255,0,444,28,0,28,472
04/15/2013,HPN,NY,AEA,EN,Towers with Radar,44,116,120,0,280,0,7,108,0,115,44,123,228,0,395,164,0,164,559
04/16/2013,HPN,NY,AEA,EN,Towers with Radar,44,98,106,0,248,0,5,55,0,60,44,103,161,0,308,196,0,196,504
04/17/2013,HPN,NY,AEA,EN,Towers with Radar,41,107,111,0,259,0,4,116,0,120,41,111,227,0,379,186,0,186,565
04/18/2013,HPN,NY,AEA,EN,Towers with Radar,39,111,121,0,271,0,10,97,1,108,39,121,218,1,379,152,0,152,531
04/19/2013,HPN,NY,AEA,EN,Towers with Radar,37,122,94,0,253,0,1,17,0,18,37,123,111,0,271,14,0,14,285
04/20/2013,HPN,NY,AEA,EN,Towers with Radar,34,94,70,0,198,0,9,141,0,150,34,103,211,0,348,220,0,220,568
04/21/2013,HPN,NY,AEA,EN,Towers with Radar,36,124,109,0,269,0,5,202,0,207,36,129,311,0,476,84,0,84,560
04/22/2013,HPN,NY,AEA,EN,Towers with Radar,40,115,123,0,278,0,2,127,0,129,40,117,250,0,407,24,0,24,431
04/23/2013,HPN,NY,AEA,EN,Towers with Radar,41,109,125,0,275,0,0,27,0,27,41,109,152,0,302,0,0,0,302
04/24/2013,HPN,NY,AEA,EN,Towers with Radar,42,152,129,0,323,0,5,84,0,89,42,157,213,0,412,34,0,34,446
04/25/2013,HPN,NY,AEA,EN,Towers with Radar,42,147,131,0,320,0,18,112,2,132,42,165,243,2,452,46,0,46,498
04/26/2013,HPN,NY,AEA,EN,Towers with Radar,44,148,130,0,322,0,27,173,1,201,44,175,303,1,523,62,0,62,585
04/27/2013,HPN,NY,AEA,EN,Towers with Radar,34,105,46,0,185,0,8,183,0,191,34,113,229,0,376,282,0,282,658
04/28/2013,HPN,NY,AEA,EN,Towers with Radar,44,149,131,0,324,0,26,219,0,245,44,175,350,0,569,116,0,116,685
04/29/2013,HPN,NY,AEA,EN,Towers with Radar,43,122,117,0,282,0,4,55,0,59,43,126,172,0,341,40,0,40,381
04/30/2013,HPN,NY,AEA,EN,Towers with Radar,44,124,132,0,300,0,6,79,0,85,44,130,211,0,385,40,0,40,425
05/01/2013,HPN,NY,AEA,EN,Towers with Radar,49,141,101,0,291,0,9,135,1,145,49,150,236,1,436,47,0,47,483
05/02/2013,HPN,NY,AEA,EN,Towers with Radar,44,163,118,0,325,0,11,123,0,134,44,174,241,0,459,76,0,76,535
05/03/2013,HPN,NY,AEA,EN,Towers with Radar,44,150,107,0,301,0,20,144,1,165,44,170,251,1,466,122,0,122,588
05/04/2013,HPN,NY,AEA,EN,Towers with Radar,36,101,65,0,202,0,13,193,1,207,36,114,258,1,409,44,0,44,453
05/05/2013,HPN,NY,AEA,EN,Towers with Radar,59,188,136,0,383,0,17,207,0,224,59,205,343,0,607,106,0,106,713
05/06/2013,HPN,NY,AEA,EN,Towers with Radar,43,126,119,0,288,0,3,83,0,86,43,129,202,0,374,140,0,140,514
05/07/2013,HPN,NY,AEA,EN,Towers with Radar,37,129,106,0,272,0,6,92,1,99,37,135,198,1,371,60,0,60,431
05/08/2013,HPN,NY,AEA,EN,Towers with Radar,48,162,154,0,364,0,0,4,0,4,48,162,158,0,368,0,0,0,368
05/09/2013,HPN,NY,AEA,EN,Towers with Radar,43,139,156,0,338,0,0,26,0,26,43,139,182,0,364,0,0,0,364
05/10/2013,HPN,NY,AEA,EN,Towers with Radar,47,137,110,0,294,0,18,200,0,218,47,155,310,0,512,112,0,112,624
05/11/2013,HPN,NY,AEA,EN,Towers with Radar,42,101,88,0,231,0,0,3,0,3,42,101,91,0,234,0,0,0,234
05/12/2013,HPN,NY,AEA,EN,Towers with Radar,42,149,117,0,308,0,14,113,0,127,42,163,230,0,435,50,0,50,485
05/13/2013,HPN,NY,AEA,EN,Towers with Radar,44,127,129,0,300,0,6,58,0,64,44,133,187,0,364,56,0,56,420
05/14/2013,HPN,NY,AEA,EN,Towers with Radar,41,147,122,0,310,0,9,127,0,136,41,156,249,0,446,162,0,162,608
05/15/2013,HPN,NY,AEA,EN,Towers with Radar,46,149,116,0,311,0,6,89,0,95,46,155,205,0,406,30,0,30,436
05/16/2013,HPN,NY,AEA,EN,Towers with Radar,44,133,141,0,318,0,10,123,0,133,44,143,264,0,451,36,0,36,487
05/17/2013,HPN,NY,AEA,EN,Towers with Radar,57,231,152,0,440,0,30,207,1,238,57,261,359,1,678,68,0,68,746
05/18/2013,HPN,NY,AEA,EN,Towers with Radar,35,98,75,0,208,0,8,174,0,182,35,106,249,0,390,154,0,154,544
05/19/2013,HPN,NY,AEA,EN,Towers with Radar,42,146,150,0,338,0,0,0,0,0,42,146,150,0,338,0,0,0,338
05/20/2013,HPN,NY,AEA,EN,Towers with Radar,42,133,130,0,305,0,2,57,0,59,42,135,187,0,364,106,0,106,470
05/21/2013,HPN,NY,AEA,EN,Towers with Radar,37,142,145,0,324,0,9,89,2,100,37,151,234,2,424,118,0,118,542
05/22/2013,HPN,NY,AEA,EN,Towers with Radar,38,156,141,0,335,0,1,33,0,34,38,157,174,0,369,94,0,94,463
05/23/2013,HPN,NY,AEA,EN,Towers with Radar,38,166,142,0,346,0,5,20,0,25,38,171,162,0,371,38,0,38,409
05/24/2013,HPN,NY,AEA,EN,Towers with Radar,91,451,434,0,976,0,3,54,0,57,91,454,488,0,1033,0,0,0,1033
05/25/2013,HPN,NY,AEA,EN,Towers with Radar,35,88,70,0,193,0,0,18,0,18,35,88,88,0,211,0,0,0,211
05/26/2013,HPN,NY,AEA,EN,Towers with Radar,38,96,68,0,202,0,11,83,0,94,38,107,151,0,296,20,0,20,316
05/27/2013,HPN,NY,AEA,EN,Towers with Radar,41,159,107,0,307,0,62,300,0,362,41,221,407,0,669,148,0,148,817
05/28/2013,HPN,NY,AEA,EN,Towers with Radar,39,152,129,0,320,0,26,120,0,146,39,178,249,0,466,68,0,68,534
05/29/2013,HPN,NY,AEA,EN,Towers with Radar,44,138,135,0,317,0,1,52,0,53,44,139,187,0,370,134,0,134,504
05/30/2013,HPN,NY,AEA,EN,Towers with Radar,41,137,107,0,285,0,14,156,1,171,41,151,263,1,456,130,0,130,586
05/31/2013,HPN,NY,AEA,EN,Towers with Radar,43,148,103,0,294,0,27,154,1,182,43,175,257,1,476,34,0,34,510
06/01/2013,HPN,NY,AEA,EN,Towers with Radar,36,64,55,0,155,0,18,179,0,197,36,82,234,0,352,130,0,130,482
06/02/2013,HPN,NY,AEA,EN,Towers with Radar,44,125,104,0,273,0,17,179,0,196,44,142,283,0,469,54,0,54,523
06/03/2013,HPN,NY,AEA,EN,Towers with Radar,43,148,121,0,312,0,5,40,0,45,43,153,161,0,357,134,0,134,491
06/04/2013,HPN,NY,AEA,EN,Towers with Radar,36,121,126,0,283,0,11,180,0,191,36,132,306,0,474,60,0,60,534
06/05/2013,HPN,NY,AEA,EN,Towers with Radar,39,147,131,0,317,1,11,175,0,187,40,158,306,0,504,32,0,32,536
06/06/2013,HPN,NY,AEA,EN,Towers with Radar,43,151,181,0,375,0,10,122,0,132,43,161,303,0,507,0,0,0,507
06/07/2013,HPN,NY,AEA,EN,Towers with Radar,46,187,145,0,378,0,0,0,0,0,46,187,145,0,378,0,0,0,378
06/08/2013,HPN,NY,AEA,EN,Towers with Radar,35,87,87,2,211,0,5,64,0,69,35,92,151,2,280,154,0,154,434
06/09/2013,HPN,NY,AEA,EN,Towers with Radar,41,135,83,0,259,0,28,249,0,277,41,163,332,0,536,84,0,84,620
06/10/2013,HPN,NY,AEA,EN,Towers with Radar,44,118,110,0,272,0,12,24,0,36,44,130,134,0,308,0,0,0,308
06/11/2013,HPN,NY,AEA,EN,Towers with Radar,39,122,129,0,290,0,0,55,0,55,39,122,184,0,345,76,0,76,421
06/12/2013,HPN,NY,AEA,EN,Towers with Radar,39,140,131,0,310,0,8,138,0,146,39,148,269,0,456,68,0,68,524
06/13/2013,HPN,NY,AEA,EN,Towers with Radar,36,148,103,0,287,0,2,22,0,24,36,150,125,0,311,0,0,0,311
06/14/2013,HPN,NY,AEA,EN,Towers with Radar,40,161,153,0,354,0,23,142,0,165,40,184,295,0,519,24,0,24,543
06/15/2013,HPN,NY,AEA,EN,Towers with Radar,37,74,61,0,172,0,16,192,0,208,37,90,253,0,380,218,0,218,598
06/16/2013,HPN,NY,AEA,EN,Towers with Radar,42,129,129,0,300,0,23,139,0,162,42,152,268,0,462,86,0,86,548
06/17/2013,HPN,NY,AEA,EN,Towers with Radar,43,156,141,0,340,0,17,55,3,75,43,173,196,3,415,0,0,0,415
06/18/2013,HPN,NY,AEA,EN,Towers with Radar,36,133,117,0,286,0,2,58,1,61,36,135,175,1,347,4,0,4,351
06/19/2013,HPN,NY,AEA,EN,Towers with Radar,39,125,109,0,273,0,13,104,0,117,39,138,213,0,390,60,0,60,450
06/20/2013,HPN,NY,AEA,EN,Towers with Radar,40,126,111,0,277,0,29,167,0,196,40,155,278,0,473,300,0,300,773
06/21/2013,HPN,NY,AEA,EN,Towers with Radar,40,133,94,0,267,0,58,226,0,284,40,191,320,0,551,94,0,94,645
06/22/2013,HPN,NY,AEA,EN,Towers with Radar,41,82,70,0,193,0,21,110,2,133,41,103,180,2,326,154,0,154,480
06/23/2013,HPN,NY,AEA,EN,Towers with Radar,37,128,123,0,288,0,38,247,0,285,37,166,370,0,573,92,0,92,665
06/24/2013,HPN,NY,AEA,EN,Towers with Radar,43,147,120,0,310,0,16,123,1,140,43,163,243,1,450,86,0,86,536
06/25/2013,HPN,NY,AEA,EN,Towers with Radar,39,117,129,0,285,0,16,147,1,164,39,133,276,1,449,120,0,120,569
06/26/2013,HPN,NY,AEA,EN,Towers with Radar,38,148,138,0,324,0,12,122,0,134,38,160,260,0,458,108,0,108,566
06/27/2013,HPN,NY,AEA,EN,Towers with Radar,43,168,152,0,363,0,18,90,0,108,43,186,242,0,471,214,0,214,685
06/28/2013,HPN,NY,AEA,EN,Towers with Radar,41,187,127,1,356,0,22,133,1,156,41,209,260,2,512,172,0,172,684
06/29/2013,HPN,NY,AEA,EN,Towers with Radar,43,121,69,0,233,0,9,99,0,108,43,130,168,0,341,174,0,174,515
06/30/2013,HPN,NY,AEA,EN,Towers with Radar,43,167,150,0,360,0,2,19,0,21,43,169,169,0,381,0,0,0,381
07/01/2013,HPN,NY,AEA,EN,Towers with Radar,40,155,105,0,300,0,0,2,0,2,40,155,107,0,302,0,0,0,302
07/02/2013,HPN,NY,AEA,EN,Towers with Radar,35,172,133,0,340,0,5,32,0,37,35,177,165,0,377,102,0,102,479
07/03/2013,HPN,NY,AEA,EN,Towers with Radar,37,190,137,0,364,0,36,123,0,159,37,226,260,0,523,94,0,94,617
07/04/2013,HPN,NY,AEA,EN,Towers with Radar,33,93,52,0,178,0,7,70,0,77,33,100,122,0,255,12,0,12,267
07/05/2013,HPN,NY,AEA,EN,Towers with Radar,37,93,34,0,164,0,23,158,0,181,37,116,192,0,345,124,0,124,469
07/06/2013,HPN,NY,AEA,EN,Towers with Radar,36,78,54,1,169,0,29,120,1,150,36,107,174,2,319,10,0,10,329
07/07/2013,HPN,NY,AEA,EN,Towers with Radar,43,218,119,0,380,0,72,290,0,362,43,290,409,0,742,52,0,52,794
07/08/2013,HPN,NY,AEA,EN,Towers with Radar,45,149,103,0,297,0,39,171,0,210,45,188,274,0,507,56,0,56,563
07/09/2013,HPN,NY,AEA,EN,Towers with Radar,36,137,106,0,279,0,5,86,0,91,36,142,192,0,370,140,0,140,510
07/10/2013,HPN,NY,AEA,EN,Towers with Radar,35,147,113,0,295,0,2,56,0,58,35,149,169,0,353,30,0,30,383
07/11/2013,HPN,NY,AEA,EN,Towers with Radar,32,180,134,0,346,0,15,100,1,116,32,195,234,1,462,16,0,16,478
07/12/2013,HPN,NY,AEA,EN,Towers with Radar,39,222,128,0,389,0,13,128,1,142,39,235,256,1,531,112,0,112,643
07/13/2013,HPN,NY,AEA,EN,Towers with Radar,32,129,86,0,247,0,0,11,0,11,32,129,97,0,258,0,0,0,258
07/14/2013,HPN,NY,AEA,EN,Towers with Radar,39,166,96,0,301,0,46,162,0,208,39,212,258,0,509,96,0,96,605
07/15/2013,HPN,NY,AEA,EN,Towers with Radar,36,136,100,0,272,0,35,139,0,174,36,171,239,0,446,72,0,72,518
07/16/2013,HPN,NY,AEA,EN,Towers with Radar,36,111,101,0,248,0,14,144,3,161,36,125,245,3,409,108,0,108,517
07/17/2013,HPN,NY,AEA,EN,Towers with Radar,36,147,99,0,282,0,16,166,0,182,36,163,265,0,464,138,0,138,602
07/18/2013,HPN,NY,AEA,EN,Towers with Radar,29,194,121,0,344,0,76,167,0,243,29,270,288,0,587,118,0,118,705
07/19/2013,HPN,NY,AEA,EN,Towers with Radar,36,170,112,0,318,0,91,130,1,222,36,261,242,1,540,126,0,126,666
07/20/2013,HPN,NY,AEA,EN,Towers with Radar,29,137,54,0,220,0,37,99,0,136,29,174,153,0,356,118,0,118,474
07/21/2013,HPN,NY,AEA,EN,Towers with Radar,38,174,121,0,333,0,89,253,0,342,38,263,374,0,675,98,0,98,773
07/22/2013,HPN,NY,AEA,EN,Towers with Radar,36,237,167,0,440,0,4,21,0,25,36,241,188,0,465,0,0,0,465
07/23/2013,HPN,NY,AEA,EN,Towers with Radar,34,143,157,0,334,0,4,39,0,43,34,147,196,0,377,8,0,8,385
07/24/2013,HPN,NY,AEA,EN,Towers with Radar,36,137,121,0,294,0,15,156,0,171,36,152,277,0,465,206,0,206,671
07/25/2013,HPN,NY,AEA,EN,Towers with Radar,35,230,142,0,407,0,6,110,0,116,35,236,252,0,523,172,0,172,695
07/26/2013,HPN,NY,AEA,EN,Towers with Radar,36,200,154,0,390,0,23,213,2,238,36,223,367,2,628,126,0,126,754
07/27/2013,HPN,NY,AEA,EN,Towers with Radar,31,81,65,0,177,0,32,76,0,108,31,113,141,0,285,0,0,0,285
07/28/2013,HPN,NY,AEA,EN,Towers with Radar,58,291,245,0,594,0,14,139,0,153,58,305,384,0,747,12,0,12,759
07/29/2013,HPN,NY,AEA,EN,Towers with Radar,34,181,137,0,352,0,13,168,0,181,34,194,305,0,533,107,0,107,640
07/30/2013,HPN,NY,AEA,EN,Towers with Radar,35,113,93,0,241,1,16,153,1,171,36,129,246,1,412,80,0,80,492
07/31/2013,HPN,NY,AEA,EN,Towers with Radar,37,140,100,0,277,0,21,114,0,135,37,161,214,0,412,176,0,176,588
08/01/2013,HPN,NY,AEA,EN,Towers with Radar,36,175,146,0,357,0,16,69,0,85,36,191,215,0,442,10,0,10,452
08/02/2013,HPN,NY,AEA,EN,Towers with Radar,35,180,122,0,337,0,52,278,1,331,35,232,400,1,668,88,0,88,756
08/03/2013,HPN,NY,AEA,EN,Towers with Radar,32,95,79,0,206,0,12,101,0,113,32,107,180,0,319,18,0,18,337
08/04/2013,HPN,NY,AEA,EN,Towers with Radar,37,150,91,0,278,0,46,336,1,383,37,196,427,1,661,157,0,157,818
08/05/2013,HPN,NY,AEA,EN,Towers with Radar,35,132,96,1,264,0,52,171,0,223,35,184,267,1,487,48,0,48,535
08/06/2013,HPN,NY,AEA,EN,Towers with Radar,34,117,89,0,240,0,17,164,0,181,34,134,253,0,421,36,0,36,457
08/07/2013,HPN,NY,AEA,EN,Towers with Radar,34,165,132,0,331,0,19,125,0,144,34,184,257,0,475,102,0,102,577
08/08/2013,HPN,NY,AEA,EN,Towers with Radar,38,220,156,2,416,0,14,44,0,58,38,234,200,2,474,6,0,6,480
08/09/2013,HPN,NY,AEA,EN,Towers with Radar,34,236,150,0,420,0,3,26,0,29,34,239,176,0,449,20,0,20,469
08/10/2013,HPN,NY,AEA,EN,Towers with Radar,29,107,83,0,219,0,29,201,0,230,29,136,284,0,449,6,0,6,455
08/11/2013,HPN,NY,AEA,EN,Towers with Radar,36,172,107,0,315,0,66,247,0,313,36,238,354,0,628,72,0,72,700
08/12/2013,HPN,NY,AEA,EN,Towers with Radar,36,189,117,0,342,0,24,97,0,121,36,213,214,0,463,174,0,174,637
08/13/2013,HPN,NY,AEA,EN,Towers with Radar,40,163,86,0,289,0,5,39,0,44,40,168,125,0,333,20,0,20,353
08/14/2013,HPN,NY,AEA,EN,Towers with Radar,36,154,102,0,292,0,18,133,0,151,36,172,235,0,443,27,0,27,470
08/15/2013,HPN,NY,AEA,EN,Towers with Radar,37,185,105,12,339,0,46,216,0,262,37,231,321,12,601,64,0,64,665
08/16/2013,HPN,NY,AEA,EN,Towers with Radar,42,165,127,0,334,0,61,209,0,270,42,226,336,0,604,66,0,66,670
08/17/2013,HPN,NY,AEA,EN,Towers with Radar,35,127,64,0,226,0,33,188,0,221,35,160,252,0,447,76,0,76,523
08/18/2013,HPN,NY,AEA,EN,Towers with Radar,38,193,92,0,323,0,41,205,0,246,38,234,297,0,569,14,0,14,583
08/19/2013,HPN,NY,AEA,EN,Towers with Radar,36,138,106,0,280,0,46,147,0,193,36,184,253,0,473,118,0,118,591
08/20/2013,HPN,NY,AEA,EN,Towers with Radar,33,121,92,0,246,0,17,134,1,152,33,138,226,1,398,52,0,52,450
08/21/2013,HPN,NY,AEA,EN,Towers with Radar,38,123,110,0,271,0,30,123,0,153,38,153,233,0,424,10,0,10,434
08/22/2013,HPN,NY,AEA,EN,Towers with Radar,36,173,105,0,314,0,14,77,2,93,36,187,182,2,407,0,0,0,407
08/23/2013,HPN,NY,AEA,EN,Towers with Radar,37,147,109,0,293,0,53,158,2,213,37,200,267,2,506,108,0,108,614
08/24/2013,HPN,NY,AEA,EN,Towers with Radar,30,95,52,2,179,0,38,78,0,116,30,133,130,2,295,0,0,0,295
08/25/2013,HPN,NY,AEA,EN,Towers with Radar,37,157,92,0,286,0,61,225,0,286,37,218,317,0,572,96,0,96,668
08/26/2013,HPN,NY,AEA,EN,Towers with Radar,33,150,91,1,275,0,35,60,0,95,33,185,151,1,370,0,0,0,370
08/27/2013,HPN,NY,AEA,EN,Towers with Radar,36,129,92,0,257,0,23,80,0,103,36,152,172,0,360,40,0,40,400
08/28/2013,HPN,NY,AEA,EN,Towers with Radar,38,169,114,0,321,0,16,91,0,107,38,185,205,0,428,42,0,42,470
08/29/2013,HPN,NY,AEA,EN,Towers with Radar,37,200,145,0,382,0,15,69,0,84,37,215,214,0,466,16,0,16,482
08/30/2013,HPN,NY,AEA,EN,Towers with Radar,40,171,139,0,350,0,28,119,2,149,40,199,258,2,499,82,0,82,581
08/31/2013,HPN,NY,AEA,EN,Towers with Radar,30,88,87,0,205,0,4,57,0,61,30,92,144,0,266,92,0,92,358
09/01/2013,HPN,NY,AEA,EN,Towers with Radar,32,120,96,0,248,0,4,38,0,42,32,124,134,0,290,58,0,58,348
09/02/2013,HPN,NY,AEA,EN,Towers with Radar,36,230,174,0,440,0,11,36,1,48,36,241,210,1,488,0,0,0,488
09/03/2013,HPN,NY,AEA,EN,Towers with Radar,34,164,135,0,333,0,5,69,1,75,34,169,204,1,408,30,0,30,438
09/04/2013,HPN,NY,AEA,EN,Towers with Radar,33,110,81,0,224,0,19,70,0,89,33,129,151,0,313,0,0,0,313
09/05/2013,HPN,NY,AEA,EN,Towers with Radar,36,129,92,0,257,0,33,78,0,111,36,162,170,0,368,0,0,0,368
09/06/2013,HPN,NY,AEA,EN,Towers with Radar,31,147,83,0,261,0,43,140,0,183,31,190,223,0,444,48,0,48,492
09/07/2013,HPN,NY,AEA,EN,Towers with Radar,29,82,85,0,196,0,52,173,0,225,29,134,258,0,421,146,0,146,567
09/08/2013,HPN,NY,AEA,EN,Towers with Radar,35,154,116,0,305,0,43,175,0,218,35,197,291,0,523,48,0,48,571
09/09/2013,HPN,NY,AEA,EN,Towers with Radar,35,121,118,0,274,0,23,116,0,139,35,144,234,0,413,118,0,118,531
09/10/2013,HPN,NY,AEA,EN,Towers with Radar,32,135,161,0,328,0,3,49,0,52,32,138,210,0,380,68,0,68,448
09/11/2013,HPN,NY,AEA,EN,Towers with Radar,31,127,129,0,287,0,2,79,1,82,31,129,208,1,369,0,0,0,369
09/12/2013,HPN,NY,AEA,EN,Towers with Radar,49,149,143,0,341,0,6,58,0,64,49,155,201,0,405,62,0,62,467
09/13/2013,HPN,NY,AEA,EN,Towers with Radar,36,162,149,0,347,0,19,157,0,176,36,181,306,0,523,180,0,180,703
09/14/2013,HPN,NY,AEA,EN,Towers with Radar,29,77,77,3,186,0,7,153,0,160,29,84,230,3,346,128,0,128,474
09/15/2013,HPN,NY,AEA,EN,Towers with Radar,33,121,126,0,280,0,25,294,2,321,33,146,420,2,601,105,0,105,706
09/16/2013,HPN,NY,AEA,EN,Towers with Radar,35,120,127,0,282,0,7,109,1,117,35,127,236,1,399,40,0,40,439
09/17/2013,HPN,NY,AEA,EN,Towers with Radar,34,131,103,0,268,0,4,135,0,139,34,135,238,0,407,40,0,40,447
09/18/2013,HPN,NY,AEA,EN,Towers with Radar,34,113,152,0,299,0,8,128,0,136,34,121,280,0,435,106,0,106,541
09/19/2013,HPN,NY,AEA,EN,Towers with Radar,36,125,113,0,274,0,19,135,0,154,36,144,248,0,428,58,0,58,486
09/20/2013,HPN,NY,AEA,EN,Towers with Radar,37,148,136,0,321,0,37,175,0,212,37,185,311,0,533,154,0,154,687
09/21/2013,HPN,NY,AEA,EN,Towers with Radar,30,109,85,3,227,0,8,75,0,83,30,117,160,3,310,30,0,30,340
09/22/2013,HPN,NY,AEA,EN,Towers with Radar,31,163,152,2,348,0,24,160,0,184,31,187,312,2,532,96,0,96,628
09/23/2013,HPN,NY,AEA,EN,Towers with Radar,34,127,121,0,282,0,17,72,0,89,34,144,193,0,371,36,0,36,407
09/24/2013,HPN,NY,AEA,EN,Towers with Radar,35,128,146,0,309,0,7,98,0,105,35,135,244,0,414,0,0,0,414
09/25/2013,HPN,NY,AEA,EN,Towers with Radar,35,153,133,0,321,0,4,156,0,160,35,157,289,0,481,98,0,98,579
09/26/2013,HPN,NY,AEA,EN,Towers with Radar,37,178,155,0,370,0,13,150,0,163,37,191,305,0,533,0,0,0,533
09/27/2013,HPN,NY,AEA,EN,Towers with Radar,41,172,163,0,376,0,21,156,0,177,41,193,319,0,553,48,0,48,601
09/28/2013,HPN,NY,AEA,EN,Towers with Radar,28,84,74,0,186,0,19,158,0,177,28,103,232,0,363,102,0,102,465
09/29/2013,HPN,NY,AEA,EN,Towers with Radar,34,165,142,0,341,0,29,155,0,184,34,194,297,0,525,24,0,24,549
09/30/2013,HPN,NY,AEA,EN,Towers with Radar,32,130,113,0,275,0,14,56,1,71,32,144,169,1,346,0,0,0,346
10/01/2013,HPN,NY,AEA,EN,Towers with Radar,34,120,88,0,242,0,18,137,0,155,34,138,225,0,397,74,0,74,471
10/02/2013,HPN,NY,AEA,EN,Towers with Radar,35,121,115,0,271,0,9,107,0,116,35,130,222,0,387,14,0,14,401
10/03/2013,HPN,NY,AEA,EN,Towers with Radar,36,116,105,0,257,0,38,115,0,153,36,154,220,0,410,40,0,40,450
10/04/2013,HPN,NY,AEA,EN,Towers with Radar,35,150,142,0,327,0,9,106,3,118,35,159,248,3,445,18,0,18,463
10/05/2013,HPN,NY,AEA,EN,Towers with Radar,30,111,97,0,238,0,2,46,0,48,30,113,143,0,286,12,0,12,298
10/06/2013,HPN,NY,AEA,EN,Towers with Radar,41,170,135,0,346,0,0,0,0,0,41,170,135,0,346,0,0,0,346
10/07/2013,HPN,NY,AEA,EN,Towers with Radar,30,125,119,0,274,0,0,22,0,22,30,125,141,0,296,0,0,0,296
10/08/2013,HPN,NY,AEA,EN,Towers with Radar,39,131,114,0,284,0,8,108,0,116,39,139,222,0,400,48,0,48,448
10/09/2013,HPN,NY,AEA,EN,Towers with Radar,36,142,113,0,291,0,9,78,0,87,36,151,191,0,378,64,0,64,442
10/10/2013,HPN,NY,AEA,EN,Towers with Radar,38,153,120,0,311,0,14,57,0,71,38,167,177,0,382,72,0,72,454
10/11/2013,HPN,NY,AEA,EN,Towers with Radar,35,225,174,0,434,0,17,112,0,129,35,242,286,0,563,0,0,0,563
10/12/2013,HPN,NY,AEA,EN,Towers with Radar,26,112,82,0,220,0,12,74,0,86,26,124,156,0,306,34,0,34,340
10/13/2013,HPN,NY,AEA,EN,Towers with Radar,31,114,84,0,229,0,16,72,0,88,31,130,156,0,317,0,0,0,317
10/14/2013,HPN,NY,AEA,EN,Towers with Radar,33,185,129,0,347,0,42,66,1,109,33,227,195,1,456,0,0,0,456
10/15/2013,HPN,NY,AEA,EN,Towers with Radar,31,141,128,0,300,0,16,98,0,114,31,157,226,0,414,16,0,16,430
10/16/2013,HPN,NY,AEA,EN,Towers with Radar,34,133,147,0,314,0,5,59,0,64,34,138,206,0,378,48,0,48,426
10/17/2013,HPN,NY,AEA,EN,Towers with Radar,38,152,109,0,299,0,3,56,0,59,38,155,165,0,358,52,0,52,410
10/18/2013,HPN,NY,AEA,EN,Towers with Radar,36,173,124,0,333,0,22,129,0,151,36,195,253,0,484,198,0,198,682
10/19/2013,HPN,NY,AEA,EN,Towers with Radar,28,78,56,0,162,0,8,83,1,92,28,86,139,1,254,0,0,0,254
10/20/2013,HPN,NY,AEA,EN,Towers with Radar,31,165,119,0,315,0,33,166,0,199,31,198,285,0,514,0,0,0,514
10/21/2013,HPN,NY,AEA,EN,Towers with Radar,36,139,113,0,288,0,10,89,0,99,36,149,202,0,387,66,0,66,453
10/22/2013,HPN,NY,AEA,EN,Towers with Radar,32,119,78,0,229,0,5,58,0,63,32,124,136,0,292,24,0,24,316
10/23/2013,HPN,NY,AEA,EN,Towers with Radar,35,133,94,0,262,0,7,77,0,84,35,140,171,0,346,78,0,78,424
10/24/2013,HPN,NY,AEA,EN,Towers with Radar,33,160,130,1,324,0,13,133,0,146,33,173,263,1,470,38,0,38,508
10/25/2013,HPN,NY,AEA,EN,Towers with Radar,41,200,183,3,427,0,4,135,0,139,41,204,318,3,566,48,0,48,614
10/26/2013,HPN,NY,AEA,EN,Towers with Radar,30,92,79,0,201,0,14,118,0,132,30,106,197,0,333,78,0,78,411
10/27/2013,HPN,NY,AEA,EN,Towers with Radar,35,135,114,0,284,0,11,172,0,183,35,146,286,0,467,82,0,82,549
10/28/2013,HPN,NY,AEA,EN,Towers with Radar,40,123,89,0,252,0,5,96,0,101,40,128,185,0,353,62,0,62,415
10/29/2013,HPN,NY,AEA,EN,Towers with Radar,37,121,129,0,287,0,13,127,0,140,37,134,256,0,427,66,0,66,493
10/30/2013,HPN,NY,AEA,EN,Towers with Radar,36,142,132,0,310,0,7,91,0,98,36,149,223,0,408,26,0,26,434
10/31/2013,HPN,NY,AEA,EN,Towers with Radar,33,170,133,1,337,0,0,18,0,18,33,170,151,1,355,0,0,0,355
11/01/2013,HPN,NY,AEA,EN,Towers with Radar,34,139,136,1,310,0,7,17,0,24,34,146,153,1,334,2,0,2,336
11/02/2013,HPN,NY,AEA,EN,Towers with Radar,31,99,106,0,236,0,10,187,0,197,31,109,293,0,433,130,0,130,563
11/03/2013,HPN,NY,AEA,EN,Towers with Radar,36,153,117,0,306,0,11,119,0,130,36,164,236,0,436,0,0,0,436
11/04/2013,HPN,NY,AEA,EN,Towers with Radar,35,110,94,0,239,0,14,106,1,121,35,124,200,1,360,30,0,30,390
11/05/2013,HPN,NY,AEA,EN,Towers with Radar,35,108,117,0,260,0,8,93,0,101,35,116,210,0,361,0,0,0,361
11/06/2013,HPN,NY,AEA,EN,Towers with Radar,33,145,129,0,307,0,3,94,0,97,33,148,223,0,404,138,0,138,542
11/07/2013,HPN,NY,AEA,EN,Towers with Radar,42,147,122,0,311,0,0,13,0,13,42,147,135,0,324,0,0,0,324
11/08/2013,HPN,NY,AEA,EN,Towers with Radar,42,141,128,0,311,0,7,78,1,86,42,148,206,1,397,30,0,30,427
11/09/2013,HPN,NY,AEA,EN,Towers with Radar,47,141,91,0,279,0,13,184,0,197,47,154,275,0,476,181,0,181,657
11/10/2013,HPN,NY,AEA,EN,Towers with Radar,33,118,104,0,255,0,9,112,0,121,33,127,216,0,376,40,0,40,416
11/11/2013,HPN,NY,AEA,EN,Towers with Radar,37,129,99,0,265,0,5,110,0,115,37,134,209,0,380,74,0,74,454
11/12/2013,HPN,NY,AEA,EN,Towers with Radar,40,123,87,0,250,0,2,28,0,30,40,125,115,0,280,92,0,92,372
11/13/2013,HPN,NY,AEA,EN,Towers with Radar,35,116,114,0,265,0,16,102,0,118,35,132,216,0,383,82,0,82,465
11/14/2013,HPN,NY,AEA,EN,Towers with Radar,37,157,116,0,310,0,13,97,0,110,37,170,213,0,420,170,0,170,590
11/15/2013,HPN,NY,AEA,EN,Towers with Radar,36,138,97,0,271,0,18,165,1,184,36,156,262,1,455,98,0,98,553
11/16/2013,HPN,NY,AEA,EN,Towers with Radar,35,87,60,0,182,0,15,140,0,155,35,102,200,0,337,62,0,62,399
11/17/2013,HPN,NY,AEA,EN,Towers with Radar,18,87,110,0,215,0,0,0,0,0,18,87,110,0,215,0,0,0,215
11/18/2013,HPN,NY,AEA,EN,Towers with Radar,33,144,116,2,295,0,8,92,0,100,33,152,208,2,395,46,0,46,441
11/19/2013,HPN,NY,AEA,EN,Towers with Radar,33,114,110,0,257,0,6,85,0,91,33,120,195,0,348,0,0,0,348
11/20/2013,HPN,NY,AEA,EN,Towers with Radar,34,121,120,0,275,0,12,69,0,81,34,133,189,0,356,12,0,12,368
11/21/2013,HPN,NY,AEA,EN,Towers with Radar,34,124,140,0,298,0,8,113,0,121,34,132,253,0,419,170,0,170,589
11/22/2013,HPN,NY,AEA,EN,Towers with Radar,36,146,140,1,323,0,4,24,0,28,36,150,164,1,351,0,0,0,351
11/23/2013,HPN,NY,AEA,EN,Towers with Radar,33,82,64,0,179,0,9,91,0,100,33,91,155,0,279,48,0,48,327
11/24/2013,HPN,NY,AEA,EN,Towers with Radar,37,112,75,0,224,0,8,26,0,34,37,120,101,0,258,0,0,0,258
11/25/2013,HPN,NY,AEA,EN,Towers with Radar,37,109,96,0,242,0,5,101,1,107,37,114,197,1,349,138,0,138,487
11/26/2013,HPN,NY,AEA,EN,Towers with Radar,35,234,164,1,434,0,1,60,1,62,35,235,224,2,496,68,0,68,564
11/27/2013,HPN,NY,AEA,EN,Towers with Radar,40,185,129,0,354,0,0,10,0,10,40,185,139,0,364,0,0,0,364
11/28/2013,HPN,NY,AEA,EN,Towers with Radar,30,89,48,1,168,0,5,36,0,41,30,94,84,1,209,0,0,0,209
11/29/2013,HPN,NY,AEA,EN,Towers with Radar,35,90,58,0,183,0,13,79,0,92,35,103,137,0,275,0,0,0,275
11/30/2013,HPN,NY,AEA,EN,Towers with Radar,43,133,87,0,263,0,7,112,0,119,43,140,199,0,382,60,0,60,442
12/01/2013,HPN,NY,AEA,EN,Towers with Radar,40,274,200,0,514,0,14,132,0,146,40,288,332,0,660,112,0,112,772
12/02/2013,HPN,NY,AEA,EN,Towers with Radar,37,159,126,0,322,0,4,72,0,76,37,163,198,0,398,72,0,72,470
12/03/2013,HPN,NY,AEA,EN,Towers with Radar,37,150,124,0,311,0,6,66,0,72,37,156,190,0,383,66,0,66,449
12/04/2013,HPN,NY,AEA,EN,Towers with Radar,35,155,145,0,335,0,10,119,0,129,35,165,264,0,464,108,0,108,572
12/05/2013,HPN,NY,AEA,EN,Towers with Radar,16,102,108,0,226,0,0,0,0,0,16,102,108,0,226,0,0,0,226
12/06/2013,HPN,NY,AEA,EN,Towers with Radar,34,170,128,2,334,0,1,6,0,7,34,171,134,2,341,0,0,0,341
12/07/2013,HPN,NY,AEA,EN,Towers with Radar,31,74,83,0,188,0,3,104,0,107,31,77,187,0,295,178,0,178,473
12/08/2013,HPN,NY,AEA,EN,Towers with Radar,33,117,146,0,296,0,16,104,0,120,33,133,250,0,416,64,0,64,480
12/09/2013,HPN,NY,AEA,EN,Towers with Radar,31,136,112,1,280,0,0,0,0,0,31,136,112,1,280,0,0,0,280
12/10/2013,HPN,NY,AEA,EN,Towers with Radar,35,160,147,0,342,0,1,11,0,12,35,161,158,0,354,0,0,0,354
12/11/2013,HPN,NY,AEA,EN,Towers with Radar,36,129,127,1,293,0,14,108,0,122,36,143,235,1,415,84,0,84,499
12/12/2013,HPN,NY,AEA,EN,Towers with Radar,35,129,102,0,266,0,8,79,0,87,35,137,181,0,353,22,0,22,375
12/13/2013,HPN,NY,AEA,EN,Towers with Radar,40,145,78,0,263,0,5,83,0,88,40,150,161,0,351,58,0,58,409
12/14/2013,HPN,NY,AEA,EN,Towers with Radar,22,50,26,0,98,0,0,0,0,0,22,50,26,0,98,0,0,0,98
12/15/2013,HPN,NY,AEA,EN,Towers with Radar,32,124,123,0,279,0,4,19,0,23,32,128,142,0,302,10,0,10,312
12/16/2013,HPN,NY,AEA,EN,Towers with Radar,36,110,106,0,252,0,7,85,1,93,36,117,191,1,345,62,0,62,407
12/17/2013,HPN,NY,AEA,EN,Towers with Radar,37,111,85,0,233,0,0,0,0,0,37,111,85,0,233,0,0,0,233
12/18/2013,HPN,NY,AEA,EN,Towers with Radar,34,126,127,0,287,0,10,78,0,88,34,136,205,0,375,86,0,86,461
12/19/2013,HPN,NY,AEA,EN,Towers with Radar,31,132,158,0,321,0,8,118,0,126,31,140,276,0,447,66,0,66,513
12/20/2013,HPN,NY,AEA,EN,Towers with Radar,31,186,162,0,379,0,12,44,0,56,31,198,206,0,435,72,0,72,507
12/21/2013,HPN,NY,AEA,EN,Towers with Radar,31,153,102,0,286,0,5,120,0,125,31,158,222,0,411,80,0,80,491
12/22/2013,HPN,NY,AEA,EN,Towers with Radar,33,128,91,0,252,0,5,12,0,17,33,133,103,0,269,0,0,0,269
12/23/2013,HPN,NY,AEA,EN,Towers with Radar,36,100,58,0,194,0,0,2,0,2,36,100,60,0,196,10,0,10,206
12/24/2013,HPN,NY,AEA,EN,Towers with Radar,31,77,51,0,159,0,2,54,0,56,31,79,105,0,215,188,0,188,403
12/25/2013,HPN,NY,AEA,EN,Towers with Radar,28,117,35,0,180,0,0,28,0,28,28,117,63,0,208,18,0,18,226
12/26/2013,HPN,NY,AEA,EN,Towers with Radar,38,204,135,0,377,0,4,41,0,45,38,208,176,0,422,40,0,40,462
12/27/2013,HPN,NY,AEA,EN,Towers with Radar,34,138,92,0,264,0,11,109,0,120,34,149,201,0,384,0,0,0,384
12/28/2013,HPN,NY,AEA,EN,Towers with Radar,34,81,60,0,175,0,7,98,0,105,34,88,158,0,280,83,0,83,363
12/29/2013,HPN,NY,AEA,EN,Towers with Radar,27,77,56,0,160,0,0,6,0,6,27,77,62,0,166,0,0,0,166
12/30/2013,HPN,NY,AEA,EN,Towers with Radar,30,103,48,0,181,0,4,56,0,60,30,107,104,0,241,0,0,0,241
12/31/2013,HPN,NY,AEA,EN,Towers with Radar,31,83,51,0,165,0,1,47,0,48,31,84,98,0,213,0,0,0,213
01/01/2014,HPN,NY,AEA,EN,Towers with Radar,30,109,62,0,201,0,5,42,0,47,30,114,104,0,248,0,0,0,248
01/02/2014,HPN,NY,AEA,EN,Towers with Radar,20,120,53,0,193,0,0,1,0,1,20,120,54,0,194,0,0,0,194
01/03/2014,HPN,NY,AEA,EN,Towers with Radar,16,105,60,1,182,0,3,9,0,12,16,108,69,1,194,0,0,0,194
01/04/2014,HPN,NY,AEA,EN,Towers with Radar,25,146,157,0,328,0,11,81,0,92,25,157,238,0,420,12,0,12,432
01/05/2014,HPN,NY,AEA,EN,Towers with Radar,19,150,158,0,327,0,1,5,0,6,19,151,163,0,333,8,0,8,341
01/06/2014,HPN,NY,AEA,EN,Towers with Radar,14,119,137,0,270,0,1,15,0,16,14,120,152,0,286,0,0,0,286
01/07/2014,HPN,NY,AEA,EN,Towers with Radar,32,93,94,0,219,0,4,28,0,32,32,97,122,0,251,0,0,0,251
01/08/2014,HPN,NY,AEA,EN,Towers with Radar,34,104,110,0,248,0,6,41,0,47,34,110,151,0,295,0,0,0,295
01/09/2014,HPN,NY,AEA,EN,Towers with Radar,36,100,83,0,219,0,10,71,0,81,36,110,154,0,300,12,0,12,312
01/10/2014,HPN,NY,AEA,EN,Towers with Radar,33,124,96,0,253,0,0,1,0,1,33,124,97,0,254,0,0,0,254
01/11/2014,HPN,NY,AEA,EN,Towers with Radar,20,61,24,0,105,0,0,0,0,0,20,61,24,0,105,0,0,0,105
01/12/2014,HPN,NY,AEA,EN,Towers with Radar,31,120,88,0,239,0,5,89,0,94,31,125,177,0,333,60,0,60,393
01/13/2014,HPN,NY,AEA,EN,Towers with Radar,33,103,88,0,224,0,5,50,0,55,33,108,138,0,279,0,0,0,279
01/14/2014,HPN,NY,AEA,EN,Towers with Radar,36,81,79,1,197,0,1,6,0,7,36,82,85,1,204,0,0,0,204
01/15/2014,HPN,NY,AEA,EN,Towers with Radar,35,112,101,1,249,0,3,41,0,44,35,115,142,1,293,16,0,16,309
01/16/2014,HPN,NY,AEA,EN,Towers with Radar,39,154,114,0,307,0,4,51,0,55,39,158,165,0,362,32,0,32,394
01/17/2014,HPN,NY,AEA,EN,Towers with Radar,36,151,133,0,320,0,7,141,0,148,36,158,274,0,468,18,0,18,486
01/18/2014,HPN,NY,AEA,EN,Towers with Radar,32,74,59,0,165,0,2,14,0,16,32,76,73,0,181,40,0,40,221
01/19/2014,HPN,NY,AEA,EN,Towers with Radar,30,83,50,0,163,0,4,66,0,70,30,87,116,0,233,20,0,20,253
01/20/2014,HPN,NY,AEA,EN,Towers with Radar,37,162,139,0,338,0,4,69,0,73,37,166,208,0,411,26,0,26,437
01/21/2014,HPN,NY,AEA,EN,Towers with Radar,13,56,54,0,123,0,4,4,0,8,13,60,58,0,131,0,0,0,131
01/22/2014,HPN,NY,AEA,EN,Towers with Radar,26,126,110,0,262,0,8,58,0,66,26,134,168,0,328,0,0,0,328
01/23/2014,HPN,NY,AEA,EN,Towers with Radar,38,130,88,0,256,0,3,65,0,68,38,133,153,0,324,20,0,20,344
01/24/2014,HPN,NY,AEA,EN,Towers with Radar,34,117,117,0,268,0,7,67,0,74,34,124,184,0,342,68,0,68,410
01/25/2014,HPN,NY,AEA,EN,Towers with Radar,28,71,49,0,148,0,0,8,0,8,28,71,57,0,156,120,0,120,276
01/26/2014,HPN,NY,AEA,EN,Towers with Radar,34,110,100,0,244,0,6,80,0,86,34,116,180,0,330,36,0,36,366
01/27/2014,HPN,NY,AEA,EN,Towers with Radar,34,107,82,0,223,0,3,34,0,37,34,110,116,0,260,0,0,0,260
01/28/2014,HPN,NY,AEA,EN,Towers with Radar,28,89,73,0,190,0,5,57,2,64,28,94,130,2,254,8,0,8,262
01/29/2014,HPN,NY,AEA,EN,Towers with Radar,44,207,193,0,444,0,7,95,0,102,44,214,288,0,546,0,0,0,546
01/30/2014,HPN,NY,AEA,EN,Towers with Radar,62,246,313,0,621,0,8,102,0,110,62,254,415,0,731,0,0,0,731
01/31/2014,HPN,NY,AEA,EN,Towers with Radar,33,140,137,0,310,0,3,69,2,74,33,143,206,2,384,2,0,2,386
02/01/2014,HPN,NY,AEA,EN,Towers with Radar,29,81,63,0,173,0,4,80,0,84,29,85,143,0,257,0,0,0,257
02/02/2014,HPN,NY,AEA,EN,Towers with Radar,29,139,123,0,291,0,0,21,0,21,29,139,144,0,312,0,0,0,312
02/03/2014,HPN,NY,AEA,EN,Towers with Radar,14,106,138,0,258,0,0,0,0,0,14,106,138,0,258,0,0,0,258
02/04/2014,HPN,NY,AEA,EN,Towers with Radar,28,135,140,0,303,0,9,64,0,73,28,144,204,0,376,30,0,30,406
02/05/2014,HPN,NY,AEA,EN,Towers with Radar,19,45,38,0,102,0,0,0,0,0,19,45,38,0,102,0,0,0,102
02/06/2014,HPN,NY,AEA,EN,Towers with Radar,34,118,111,0,263,0,11,62,0,73,34,129,173,0,336,0,0,0,336
02/07/2014,HPN,NY,AEA,EN,Towers with Radar,42,150,109,0,301,0,5,89,0,94,42,155,198,0,395,54,0,54,449
02/08/2014,HPN,NY,AEA,EN,Towers with Radar,30,76,56,0,162,0,1,89,0,90,30,77,145,0,252,18,0,18,270
02/09/2014,HPN,NY,AEA,EN,Towers with Radar,32,90,88,0,210,0,1,52,0,53,32,91,140,0,263,14,0,14,277
02/10/2014,HPN,NY,AEA,EN,Towers with Radar,34,108,99,0,241,0,3,51,0,54,34,111,150,0,295,0,0,0,295
02/11/2014,HPN,NY,AEA,EN,Towers with Radar,34,115,90,0,239,0,4,63,0,67,34,119,153,0,306,0,0,0,306
02/12/2014,HPN,NY,AEA,EN,Towers with Radar,25,227,202,0,454,0,10,96,0,106,25,237,298,0,560,0,0,0,560
02/13/2014,HPN,NY,AEA,EN,Towers with Radar,4,34,29,0,67,0,0,0,0,0,4,34,29,0,67,0,0,0,67
02/14/2014,HPN,NY,AEA,EN,Towers with Radar,29,268,228,0,525,0,5,55,0,60,29,273,283,0,585,0,0,0,585
02/15/2014,HPN,NY,AEA,EN,Towers with Radar,19,104,58,0,181,0,3,2,0,5,19,107,60,0,186,0,0,0,186
02/16/2014,HPN,NY,AEA,EN,Towers with Radar,29,89,63,0,181,0,4,29,0,33,29,93,92,0,214,0,0,0,214
02/17/2014,HPN,NY,AEA,EN,Towers with Radar,38,190,176,0,404,0,10,95,0,105,38,200,271,0,509,56,0,56,565
02/18/2014,HPN,NY,AEA,EN,Towers with Radar,34,148,133,0,315,0,0,15,0,15,34,148,148,0,330,0,0,0,330
02/19/2014,HPN,NY,AEA,EN,Towers with Radar,33,124,88,0,245,0,3,9,0,12,33,127,97,0,257,0,0,0,257
02/20/2014,HPN,NY,AEA,EN,Towers with Radar,33,126,112,0,271,0,8,95,1,104,33,134,207,1,375,0,0,0,375
02/21/2014,HPN,NY,AEA,EN,Towers with Radar,22,95,63,0,180,0,0,7,0,7,22,95,70,0,187,0,0,0,187
02/22/2014,HPN,NY,AEA,EN,Towers with Radar,29,98,70,0,197,0,16,134,0,150,29,114,204,0,347,28,0,28,375
02/23/2014,HPN,NY,AEA,EN,Towers with Radar,33,135,96,0,264,0,4,52,0,56,33,139,148,0,320,12,0,12,332
02/24/2014,HPN,NY,AEA,EN,Towers with Radar,38,128,102,0,268,0,7,58,0,65,38,135,160,0,333,0,0,0,333
02/25/2014,HPN,NY,AEA,EN,Towers with Radar,34,122,96,0,252,0,6,55,0,61,34,128,151,0,313,60,0,60,373
02/26/2014,HPN,NY,AEA,EN,Towers with Radar,33,136,118,0,287,0,2,31,0,33,33,138,149,0,320,54,0,54,374
02/27/2014,HPN,NY,AEA,EN,Towers with Radar,32,125,114,0,271,0,9,56,0,65,32,134,170,0,336,8,0,8,344
02/28/2014,HPN,NY,AEA,EN,Towers with Radar,34,152,96,0,282,0,11,114,0,125,34,163,210,0,407,46,0,46,453
03/01/2014,HPN,NY,AEA,EN,Towers with Radar,29,70,77,0,176,0,10,131,0,141,29,80,208,0,317,94,0,94,411
03/02/2014,HPN,NY,AEA,EN,Towers with Radar,33,135,128,1,297,0,3,44,0,47,33,138,172,1,344,68,0,68,412
03/03/2014,HPN,NY,AEA,EN,Towers with Radar,23,77,44,0,144,0,3,32,0,35,23,80,76,0,179,26,0,26,205
03/04/2014,HPN,NY,AEA,EN,Towers with Radar,33,115,94,0,242,0,11,48,0,59,33,126,142,0,301,0,0,0,301
03/05/2014,HPN,NY,AEA,EN,Towers with Radar,34,144,113,0,291,0,6,58,0,64,34,150,171,0,355,158,0,158,513
03/06/2014,HPN,NY,AEA,EN,Towers with Radar,33,140,120,0,293,0,14,113,0,127,33,154,233,0,420,161,0,161,581
03/07/2014,HPN,NY,AEA,EN,Towers with Radar,34,129,117,0,280,0,4,41,0,45,34,133,158,0,325,0,0,0,325
03/08/2014,HPN,NY,AEA,EN,Towers with Radar,33,89,67,0,189,0,5,164,0,169,33,94,231,0,358,152,0,152,510
03/09/2014,HPN,NY,AEA,EN,Towers with Radar,35,127,104,0,266,0,7,129,0,136,35,134,233,0,402,90,0,90,492
03/10/2014,HPN,NY,AEA,EN,Towers with Radar,34,115,107,0,256,0,2,54,0,56,34,117,161,0,312,22,0,22,334
03/11/2014,HPN,NY,AEA,EN,Towers with Radar,41,123,92,0,256,0,3,79,0,82,41,126,171,0,338,72,0,72,410
03/12/2014,HPN,NY,AEA,EN,Towers with Radar,36,152,117,0,305,0,4,23,0,27,36,156,140,0,332,0,0,0,332
03/13/2014,HPN,NY,AEA,EN,Towers with Radar,36,198,117,0,351,0,3,42,0,45,36,201,159,0,396,0,0,0,396
03/14/2014,HPN,NY,AEA,EN,Towers with Radar,38,169,158,0,365,0,7,124,0,131,38,176,282,0,496,18,0,18,514
03/15/2014,HPN,NY,AEA,EN,Towers with Radar,33,98,83,0,214,0,7,86,0,93,33,105,169,0,307,74,0,74,381
03/16/2014,HPN,NY,AEA,EN,Towers with Radar,33,123,98,0,254,0,9,147,0,156,33,132,245,0,410,28,0,28,438
03/17/2014,HPN,NY,AEA,EN,Towers with Radar,38,97,78,0,213,0,11,63,0,74,38,108,141,0,287,18,0,18,305
03/18/2014,HPN,NY,AEA,EN,Towers with Radar,34,99,85,2,220,0,7,97,0,104,34,106,182,2,324,20,0,20,344
03/19/2014,HPN,NY,AEA,EN,Towers with Radar,36,141,103,0,280,0,7,45,0,52,36,148,148,0,332,32,0,32,364
03/20/2014,HPN,NY,AEA,EN,Towers with Radar,39,128,99,0,266,0,9,52,0,61,39,137,151,0,327,20,0,20,347
03/21/2014,HPN,NY,AEA,EN,Towers with Radar,32,123,91,0,246,0,8,86,0,94,32,131,177,0,340,22,0,22,362
03/22/2014,HPN,NY,AEA,EN,Towers with Radar,31,89,86,0,206,0,8,70,0,78,31,97,156,0,284,40,0,40,324
03/23/2014,HPN,NY,AEA,EN,Towers with Radar,34,125,109,0,268,0,5,112,0,117,34,130,221,0,385,86,0,86,471
03/24/2014,HPN,NY,AEA,EN,Towers with Radar,36,134,94,0,264,0,10,64,0,74,36,144,158,0,338,22,0,22,360
03/25/2014,HPN,NY,AEA,EN,Towers with Radar,37,123,73,0,233,0,7,48,0,55,37,130,121,0,288,12,0,12,300
03/26/2014,HPN,NY,AEA,EN,Towers with Radar,42,172,97,0,311,0,2,21,0,23,42,174,118,0,334,0,0,0,334
03/27/2014,HPN,NY,AEA,EN,Towers with Radar,34,127,127,0,288,0,6,107,0,113,34,133,234,0,401,58,0,58,459
03/28/2014,HPN,NY,AEA,EN,Towers with Radar,33,125,131,0,289,0,1,33,0,34,33,126,164,0,323,6,0,6,329
03/29/2014,HPN,NY,AEA,EN,Towers with Radar,29,74,86,0,189,0,0,27,0,27,29,74,113,0,216,116,0,116,332
03/30/2014,HPN,NY,AEA,EN,Towers with Radar,33,171,147,0,351,0,0,2,0,2,33,171,149,0,353,0,0,0,353
03/31/2014,HPN,NY,AEA,EN,Towers with Radar,36,116,116,0,268,0,5,27,0,32,36,121,143,0,300,0,0,0,300
04/01/2014,HPN,NY,AEA,EN,Towers with Radar,35,109,75,0,219,0,3,49,0,52,35,112,124,0,271,0,0,0,271
04/02/2014,HPN,NY,AEA,EN,Towers with Radar,33,104,104,1,242,0,6,83,0,89,33,110,187,1,331,72,0,72,403
04/03/2014,HPN,NY,AEA,EN,Towers with Radar,34,104,92,3,233,0,16,81,1,98,34,120,173,4,331,43,0,43,374
04/04/2014,HPN,NY,AEA,EN,Towers with Radar,34,171,101,1,307,0,2,16,0,18,34,173,117,1,325,0,0,0,325
04/05/2014,HPN,NY,AEA,EN,Towers with Radar,34,60,61,0,155,0,3,73,0,76,34,63,134,0,231,20,0,20,251
04/06/2014,HPN,NY,AEA,EN,Towers with Radar,35,127,74,0,236,0,14,200,0,214,35,141,274,0,450,62,0,62,512
04/07/2014,HPN,NY,AEA,EN,Towers with Radar,36,129,95,0,260,0,3,54,0,57,36,132,149,0,317,128,0,128,445
04/08/2014,HPN,NY,AEA,EN,Towers with Radar,38,129,98,0,265,0,1,34,0,35,38,130,132,0,300,0,0,0,300
04/09/2014,HPN,NY,AEA,EN,Towers with Radar,35,143,116,0,294,0,4,90,0,94,35,147,206,0,388,24,0,24,412
04/10/2014,HPN,NY,AEA,EN,Towers with Radar,34,126,108,2,270,0,4,94,0,98,34,130,202,2,368,14,0,14,382
04/11/2014,HPN,NY,AEA,EN,Towers with Radar,35,183,131,0,349,0,13,70,0,83,35,196,201,0,432,0,0,0,432
04/12/2014,HPN,NY,AEA,EN,Towers with Radar,31,94,83,0,208,0,12,179,0,191,31,106,262,0,399,198,0,198,597
04/13/2014,HPN,NY,AEA,EN,Towers with Radar,35,133,109,0,277,0,9,128,0,137,35,142,237,0,414,84,0,84,498
04/14/2014,HPN,NY,AEA,EN,Towers with Radar,35,139,68,0,242,0,7,60,0,67,35,146,128,0,309,0,0,0,309
04/15/2014,HPN,NY,AEA,EN,Towers with Radar,36,116,104,0,256,0,0,0,0,0,36,116,104,0,256,0,0,0,256
04/16/2014,HPN,NY,AEA,EN,Towers with Radar,34,132,115,0,281,0,9,100,0,109,34,141,215,0,390,14,0,14,404
04/17/2014,HPN,NY,AEA,EN,Towers with Radar,36,170,168,0,374,0,14,62,0,76,36,184,230,0,450,0,0,0,450
04/18/2014,HPN,NY,AEA,EN,Towers with Radar,33,161,87,0,281,0,9,108,0,117,33,170,195,0,398,130,0,130,528
04/19/2014,HPN,NY,AEA,EN,Towers with Radar,30,81,63,0,174,0,10,135,0,145,30,91,198,0,319,184,0,184,503
04/20/2014,HPN,NY,AEA,EN,Towers with Radar,31,179,117,0,327,0,12,129,0,141,31,191,246,0,468,100,0,100,568
04/21/2014,HPN,NY,AEA,EN,Towers with Radar,34,161,156,1,352,0,7,94,0,101,34,168,250,1,453,114,0,114,567
04/22/2014,HPN,NY,AEA,EN,Towers with Radar,38,122,121,0,281,0,2,91,0,93,38,124,212,0,374,4,0,4,378
04/23/2014,HPN,NY,AEA,EN,Towers with Radar,34,177,131,0,342,0,1,40,0,41,34,178,171,0,383,6,0,6,389
04/24/2014,HPN,NY,AEA,EN,Towers with Radar,34,151,129,0,314,0,17,73,0,90,34,168,202,0,404,0,0,0,404
04/25/2014,HPN,NY,AEA,EN,Towers with Radar,34,152,127,0,313,0,27,140,0,167,34,179,267,0,480,110,0,110,590
04/26/2014,HPN,NY,AEA,EN,Towers with Radar,38,87,91,1,217,0,0,53,0,53,38,87,144,1,270,24,0,24,294
04/27/2014,HPN,NY,AEA,EN,Towers with Radar,31,141,117,0,289,0,14,151,0,165,31,155,268,0,454,62,0,62,516
04/28/2014,HPN,NY,AEA,EN,Towers with Radar,32,125,95,0,252,0,20,101,0,121,32,145,196,0,373,56,0,56,429
04/29/2014,HPN,NY,AEA,EN,Towers with Radar,36,118,103,0,257,0,1,23,0,24,36,119,126,0,281,0,0,0,281
04/30/2014,HPN,NY,AEA,EN,Towers with Radar,27,99,107,0,233,0,0,0,0,0,27,99,107,0,233,0,0,0,233
05/01/2014,HPN,NY,AEA,EN,Towers with Radar,32,134,130,0,296,0,4,30,0,34,32,138,160,0,330,4,0,4,334
05/02/2014,HPN,NY,AEA,EN,Towers with Radar,35,169,125,0,329,0,18,147,0,165,35,187,272,0,494,0,0,0,494
05/03/2014,HPN,NY,AEA,EN,Towers with Radar,34,75,55,0,164,0,4,65,0,69,34,79,120,0,233,0,0,0,233
05/04/2014,HPN,NY,AEA,EN,Towers with Radar,29,153,116,0,298,0,10,112,0,122,29,163,228,0,420,10,0,10,430
05/05/2014,HPN,NY,AEA,EN,Towers with Radar,36,137,96,0,269,0,4,99,3,106,36,141,195,3,375,84,0,84,459
05/06/2014,HPN,NY,AEA,EN,Towers with Radar,33,111,102,0,246,0,4,85,0,89,33,115,187,0,335,48,0,48,383
05/07/2014,HPN,NY,AEA,EN,Towers with Radar,33,136,133,0,302,0,7,108,0,115,33,143,241,0,417,58,0,58,475
05/08/2014,HPN,NY,AEA,EN,Towers with Radar,29,105,119,0,253,0,0,0,0,0,29,105,119,0,253,0,0,0,253
05/09/2014,HPN,NY,AEA,EN,Towers with Radar,18,97,124,0,239,0,0,0,0,0,18,97,124,0,239,0,0,0,239
05/10/2014,HPN,NY,AEA,EN,Towers with Radar,30,72,103,0,205,0,3,62,0,65,30,75,165,0,270,76,0,76,346
05/11/2014,HPN,NY,AEA,EN,Towers with Radar,34,108,92,0,234,0,24,177,0,201,34,132,269,0,435,154,0,154,589
05/12/2014,HPN,NY,AEA,EN,Towers with Radar,36,122,123,0,281,0,7,128,2,137,36,129,251,2,418,98,0,98,516
05/13/2014,HPN,NY,AEA,EN,Towers with Radar,33,106,106,0,245,0,4,80,0,84,33,110,186,0,329,14,0,14,343
05/14/2014,HPN,NY,AEA,EN,Towers with Radar,42,164,117,0,323,0,3,48,0,51,42,167,165,0,374,14,0,14,388
05/15/2014,HPN,NY,AEA,EN,Towers with Radar,6,87,141,0,234,0,0,11,0,11,6,87,152,0,245,0,0,0,245
05/16/2014,HPN,NY,AEA,EN,Towers with Radar,24,105,110,0,239,0,0,1,0,1,24,105,111,0,240,0,0,0,240
05/17/2014,HPN,NY,AEA,EN,Towers with Radar,31,94,115,0,240,0,6,110,0,116,31,100,225,0,356,166,0,166,522
05/18/2014,HPN,NY,AEA,EN,Towers with Radar,34,146,113,0,293,0,20,168,0,188,34,166,281,0,481,80,0,80,561
05/19/2014,HPN,NY,AEA,EN,Towers with Radar,36,140,100,0,276,0,18,122,0,140,36,158,222,0,416,64,0,64,480
05/20/2014,HPN,NY,AEA,EN,Towers with Radar,35,151,128,0,314,0,4,116,0,120,35,155,244,0,434,62,0,62,496
05/21/2014,HPN,NY,AEA,EN,Towers with Radar,34,154,116,0,304,0,8,107,0,115,34,162,223,0,419,42,0,42,461
05/22/2014,HPN,NY,AEA,EN,Towers with Radar,20,180,140,3,343,0,0,0,0,0,20,180,140,3,343,0,0,0,343
05/23/2014,HPN,NY,AEA,EN,Towers with Radar,28,241,187,0,456,0,17,76,0,93,28,258,263,0,549,0,0,0,549
05/24/2014,HPN,NY,AEA,EN,Towers with Radar,33,97,67,0,197,0,35,51,0,86,33,132,118,0,283,206,0,206,489
05/25/2014,HPN,NY,AEA,EN,Towers with Radar,30,74,60,0,164,0,15,137,2,154,30,89,197,2,318,2,0,2,320
05/26/2014,HPN,NY,AEA,EN,Towers with Radar,35,159,116,0,310,0,60,217,0,277,35,219,333,0,587,147,0,147,734
05/27/2014,HPN,NY,AEA,EN,Towers with Radar,32,141,99,0,272,0,22,100,0,122,32,163,199,0,394,34,0,34,428
05/28/2014,HPN,NY,AEA,EN,Towers with Radar,37,138,120,0,295,0,0,13,2,15,37,138,133,2,310,0,0,0,310
05/29/2014,HPN,NY,AEA,EN,Towers with Radar,35,123,132,0,290,0,16,145,0,161,35,139,277,0,451,38,0,38,489
05/30/2014,HPN,NY,AEA,EN,Towers with Radar,38,174,109,0,321,0,21,156,2,179,38,195,265,2,500,112,0,112,612
05/31/2014,HPN,NY,AEA,EN,Towers with Radar,30,57,82,0,169,0,13,129,0,142,30,70,211,0,311,50,0,50,361
06/01/2014,HPN,NY,AEA,EN,Towers with Radar,36,132,101,0,269,0,29,125,2,156,36,161,226,2,425,0,0,0,425
06/02/2014,HPN,NY,AEA,EN,Towers with Radar,36,121,108,0,265,0,32,57,1,90,36,153,165,1,355,0,0,0,355
06/03/2014,HPN,NY,AEA,EN,Towers with Radar,35,115,119,0,269,0,1,65,2,68,35,116,184,2,337,90,0,90,427
06/04/2014,HPN,NY,AEA,EN,Towers with Radar,36,143,139,0,318,0,5,89,0,94,36,148,228,0,412,48,0,48,460
06/05/2014,HPN,NY,AEA,EN,Towers with Radar,28,135,133,0,296,0,6,33,0,39,28,141,166,0,335,26,0,26,361
06/06/2014,HPN,NY,AEA,EN,Towers with Radar,39,154,131,0,324,0,13,203,0,216,39,167,334,0,540,80,0,80,620
06/07/2014,HPN,NY,AEA,EN,Towers with Radar,27,75,49,0,151,0,15,210,0,225,27,90,259,0,376,152,0,152,528
06/08/2014,HPN,NY,AEA,EN,Towers with Radar,38,117,123,0,278,0,25,226,0,251,38,142,349,0,529,76,0,76,605
06/09/2014,HPN,NY,AEA,EN,Towers with Radar,25,101,116,0,242,0,0,9,0,9,25,101,125,0,251,0,0,0,251
06/10/2014,HPN,NY,AEA,EN,Towers with Radar,31,121,94,0,246,0,1,16,0,17,31,122,110,0,263,94,0,94,357
06/11/2014,HPN,NY,AEA,EN,Towers with Radar,30,119,120,0,269,0,6,64,0,70,30,125,184,0,339,0,0,0,339
06/12/2014,HPN,NY,AEA,EN,Towers with Radar,16,124,114,0,254,0,0,5,0,5,16,124,119,0,259,0,0,0,259
06/13/2014,HPN,NY,AEA,EN,Towers with Radar,28,145,127,0,300,0,0,6,0,6,28,145,133,0,306,0,0,0,306
06/14/2014,HPN,NY,AEA,EN,Towers with Radar,29,113,109,1,252,0,6,130,0,136,29,119,239,1,388,62,0,62,450
06/15/2014,HPN,NY,AEA,EN,Towers with Radar,37,142,87,0,266,0,28,183,0,211,37,170,270,0,477,0,0,0,477
06/16/2014,HPN,NY,AEA,EN,Towers with Radar,36,110,108,0,254,0,29,158,0,187,36,139,266,0,441,34,0,34,475
06/17/2014,HPN,NY,AEA,EN,Towers with Radar,32,123,118,0,273,0,8,74,1,83,32,131,192,1,356,44,0,44,400
06/18/2014,HPN,NY,AEA,EN,Towers with Radar,32,126,140,0,298,0,8,53,0,61,32,134,193,0,359,4,0,4,363
06/19/2014,HPN,NY,AEA,EN,Towers with Radar,33,136,119,0,288,0,17,44,0,61,33,153,163,0,349,0,0,0,349
06/20/2014,HPN,NY,AEA,EN,Towers with Radar,34,140,94,0,268,0,27,256,0,283,34,167,350,0,551,64,0,64,615
06/21/2014,HPN,NY,AEA,EN,Towers with Radar,29,63,60,0,152,0,21,148,0,169,29,84,208,0,321,220,0,220,541
06/22/2014,HPN,NY,AEA,EN,Towers with Radar,33,144,105,0,282,0,38,191,0,229,33,182,296,0,511,80,0,80,591
06/23/2014,HPN,NY,AEA,EN,Towers with Radar,34,121,99,0,254,0,30,57,1,88,34,151,156,1,342,0,0,0,342
06/24/2014,HPN,NY,AEA,EN,Towers with Radar,38,143,108,0,289,0,6,112,0,118,38,149,220,0,407,38,0,38,445
06/25/2014,HPN,NY,AEA,EN,Towers with Radar,33,122,126,0,281,0,5,59,0,64,33,127,185,0,345,61,0,61,406
06/26/2014,HPN,NY,AEA,EN,Towers with Radar,35,129,139,0,303,0,13,132,0,145,35,142,271,0,448,10,0,10,458
06/27/2014,HPN,NY,AEA,EN,Towers with Radar,33,180,154,0,367,0,51,214,0,265,33,231,368,0,632,4,0,4,636
06/28/2014,HPN,NY,AEA,EN,Towers with Radar,30,72,73,0,175,0,27,108,0,135,30,99,181,0,310,0,0,0,310
06/29/2014,HPN,NY,AEA,EN,Towers with Radar,31,119,94,0,244,0,58,193,1,252,31,177,287,1,496,136,0,136,632
06/30/2014,HPN,NY,AEA,EN,Towers with Radar,35,114,108,0,257,0,47,160,0,207,35,161,268,0,464,48,0,48,512
07/01/2014,HPN,NY,AEA,EN,Towers with Radar,33,108,79,0,220,0,20,111,0,131,33,128,190,0,351,52,0,52,403
07/02/2014,HPN,NY,AEA,EN,Towers with Radar,30,112,83,0,225,0,24,76,1,101,30,136,159,1,326,12,0,12,338
07/03/2014,HPN,NY,AEA,EN,Towers with Radar,29,203,138,0,370,0,24,99,0,123,29,227,237,0,493,16,0,16,509
07/04/2014,HPN,NY,AEA,EN,Towers with Radar,25,103,47,0,175,0,3,18,0,21,25,106,65,0,196,2,0,2,198
07/05/2014,HPN,NY,AEA,EN,Towers with Radar,30,61,23,0,114,0,32,128,0,160,30,93,151,0,274,60,0,60,334
07/06/2014,HPN,NY,AEA,EN,Towers with Radar,33,196,104,0,333,0,73,276,0,349,33,269,380,0,682,66,0,66,748
07/07/2014,HPN,NY,AEA,EN,Towers with Radar,36,144,110,0,290,0,56,162,0,218,36,200,272,0,508,68,0,68,576
07/08/2014,HPN,NY,AEA,EN,Towers with Radar,35,124,96,0,255,0,14,135,0,149,35,138,231,0,404,92,0,92,496
07/09/2014,HPN,NY,AEA,EN,Towers with Radar,35,123,101,0,259,0,18,112,1,131,35,141,213,1,390,84,0,84,474
07/10/2014,HPN,NY,AEA,EN,Towers with Radar,37,175,120,0,332,0,42,191,0,233,37,217,311,0,565,0,0,0,565
07/11/2014,HPN,NY,AEA,EN,Towers with Radar,36,176,95,0,307,0,64,284,0,348,36,240,379,0,655,24,0,24,679
07/12/2014,HPN,NY,AEA,EN,Towers with Radar,31,79,56,0,166,0,25,183,0,208,31,104,239,0,374,67,0,67,441
07/13/2014,HPN,NY,AEA,EN,Towers with Radar,30,167,168,0,365,0,37,154,0,191,30,204,322,0,556,70,0,70,626
07/14/2014,HPN,NY,AEA,EN,Towers with Radar,34,199,123,0,356,0,4,30,0,34,34,203,153,0,390,0,0,0,390
07/15/2014,HPN,NY,AEA,EN,Towers with Radar,43,132,116,0,291,0,1,11,0,12,43,133,127,0,303,4,0,4,307
07/16/2014,HPN,NY,AEA,EN,Towers with Radar,29,142,117,0,288,0,7,71,3,81,29,149,188,3,369,174,0,174,543
07/17/2014,HPN,NY,AEA,EN,Towers with Radar,37,189,145,0,371,0,33,153,0,186,37,222,298,0,557,24,0,24,581
07/18/2014,HPN,NY,AEA,EN,Towers with Radar,34,172,115,0,321,0,59,260,0,319,34,231,375,0,640,34,0,34,674
07/19/2014,HPN,NY,AEA,EN,Towers with Radar,31,75,58,2,166,0,27,146,0,173,31,102,204,2,339,104,0,104,443
07/20/2014,HPN,NY,AEA,EN,Towers with Radar,34,209,143,1,387,0,41,227,0,268,34,250,370,1,655,52,0,52,707
07/21/2014,HPN,NY,AEA,EN,Towers with Radar,38,195,123,0,356,0,34,139,0,173,38,229,262,0,529,36,0,36,565
07/22/2014,HPN,NY,AEA,EN,Towers with Radar,36,153,122,0,311,0,19,163,0,182,36,172,285,0,493,90,0,90,583
07/23/2014,HPN,NY,AEA,EN,Towers with Radar,32,137,112,0,281,0,22,128,0,150,32,159,240,0,431,46,0,46,477
07/24/2014,HPN,NY,AEA,EN,Towers with Radar,30,198,149,0,377,0,35,132,0,167,30,233,281,0,544,46,0,46,590
07/25/2014,HPN,NY,AEA,EN,Towers with Radar,35,164,137,0,336,0,57,305,0,362,35,221,442,0,698,60,0,60,758
07/26/2014,HPN,NY,AEA,EN,Towers with Radar,30,94,85,0,209,0,28,157,0,185,30,122,242,0,394,36,0,36,430
07/27/2014,HPN,NY,AEA,EN,Towers with Radar,36,161,150,0,347,0,37,141,0,178,36,198,291,0,525,0,0,0,525
07/28/2014,HPN,NY,AEA,EN,Towers with Radar,33,177,128,0,338,0,12,72,0,84,33,189,200,0,422,0,0,0,422
07/29/2014,HPN,NY,AEA,EN,Towers with Radar,34,117,101,0,252,0,18,119,0,137,34,135,220,0,389,68,0,68,457
07/30/2014,HPN,NY,AEA,EN,Towers with Radar,35,116,145,0,296,0,17,127,0,144,35,133,272,0,440,105,0,105,545
07/31/2014,HPN,NY,AEA,EN,Towers with Radar,33,140,93,0,266,0,46,166,0,212,33,186,259,0,478,60,0,60,538
08/01/2014,HPN,NY,AEA,EN,Towers with Radar,37,152,154,0,343,0,53,173,0,226,37,205,327,0,569,50,0,50,619
08/02/2014,HPN,NY,AEA,EN,Towers with Radar,31,110,89,0,230,0,4,17,0,21,31,114,106,0,251,0,0,0,251
08/03/2014,HPN,NY,AEA,EN,Towers with Radar,34,186,168,0,388,0,16,83,0,99,34,202,251,0,487,26,0,26,513
08/04/2014,HPN,NY,AEA,EN,Towers with Radar,32,159,101,0,292,0,24,129,0,153,32,183,230,0,445,12,0,12,457
08/05/2014,HPN,NY,AEA,EN,Towers with Radar,34,164,108,0,306,0,15,146,2,163,34,179,254,2,469,160,0,160,629
08/06/2014,HPN,NY,AEA,EN,Towers with Radar,33,150,103,0,286,0,19,119,0,138,33,169,222,0,424,15,0,15,439
08/07/2014,HPN,NY,AEA,EN,Towers with Radar,35,142,96,0,273,0,44,230,1,275,35,186,326,1,548,86,0,86,634
08/08/2014,HPN,NY,AEA,EN,Towers with Radar,33,158,100,0,291,0,61,261,0,322,33,219,361,0,613,52,0,52,665
08/09/2014,HPN,NY,AEA,EN,Towers with Radar,30,96,70,0,196,0,34,187,0,221,30,130,257,0,417,54,0,54,471
08/10/2014,HPN,NY,AEA,EN,Towers with Radar,37,183,128,1,349,0,53,280,0,333,37,236,408,1,682,38,0,38,720
08/11/2014,HPN,NY,AEA,EN,Towers with Radar,32,157,107,2,298,0,46,172,0,218,32,203,279,2,516,98,0,98,614
08/12/2014,HPN,NY,AEA,EN,Towers with Radar,35,155,124,1,315,0,12,53,2,67,35,167,177,3,382,28,0,28,410
08/13/2014,HPN,NY,AEA,EN,Towers with Radar,38,173,127,1,339,0,5,26,0,31,38,178,153,1,370,20,0,20,390
08/14/2014,HPN,NY,AEA,EN,Towers with Radar,35,167,136,0,338,0,54,160,0,214,35,221,296,0,552,64,0,64,616
08/15/2014,HPN,NY,AEA,EN,Towers with Radar,30,173,94,0,297,0,48,246,0,294,30,221,340,0,591,8,0,8,599
08/16/2014,HPN,NY,AEA,EN,Towers with Radar,31,121,74,0,226,0,35,137,2,174,31,156,211,2,400,2,0,2,402
08/17/2014,HPN,NY,AEA,EN,Towers with Radar,33,184,129,0,346,0,37,152,0,189,33,221,281,0,535,66,0,66,601
08/18/2014,HPN,NY,AEA,EN,Towers with Radar,37,114,95,1,247,0,42,168,0,210,37,156,263,1,457,60,0,60,517
08/19/2014,HPN,NY,AEA,EN,Towers with Radar,35,107,94,2,238,0,32,116,1,149,35,139,210,3,387,16,0,16,403
08/20/2014,HPN,NY,AEA,EN,Towers with Radar,34,172,95,4,305,0,6,75,2,83,34,178,170,6,388,20,0,20,408
08/21/2014,HPN,NY,AEA,EN,Towers with Radar,37,176,135,3,351,0,37,124,0,161,37,213,259,3,512,0,0,0,512
08/22/2014,HPN,NY,AEA,EN,Towers with Radar,36,190,141,1,368,0,27,125,0,152,36,217,266,1,520,42,0,42,562
08/23/2014,HPN,NY,AEA,EN,Towers with Radar,29,153,96,0,278,0,13,107,0,120,29,166,203,0,398,78,0,78,476
08/24/2014,HPN,NY,AEA,EN,Towers with Radar,33,156,96,0,285,0,79,201,0,280,33,235,297,0,565,182,0,182,747
08/25/2014,HPN,NY,AEA,EN,Towers with Radar,35,111,107,0,253,0,70,162,0,232,35,181,269,0,485,82,0,82,567
08/26/2014,HPN,NY,AEA,EN,Towers with Radar,36,113,93,2,244,0,29,130,2,161,36,142,223,4,405,84,0,84,489
08/27/2014,HPN,NY,AEA,EN,Towers with Radar,35,131,112,2,280,0,26,146,2,174,35,157,258,4,454,56,0,56,510
08/28/2014,HPN,NY,AEA,EN,Towers with Radar,36,131,117,4,288,0,42,174,3,219,36,173,291,7,507,2,0,2,509
08/29/2014,HPN,NY,AEA,EN,Towers with Radar,33,121,75,3,232,0,38,130,0,168,33,159,205,3,400,0,0,0,400
08/30/2014,HPN,NY,AEA,EN,Towers with Radar,31,59,47,3,140,0,13,69,0,82,31,72,116,3,222,8,0,8,230
08/31/2014,HPN,NY,AEA,EN,Towers with Radar,33,102,111,2,248,0,3,48,0,51,33,105,159,2,299,56,0,56,355
09/01/2014,HPN,NY,AEA,EN,Towers with Radar,35,185,127,0,347,0,41,198,1,240,35,226,325,1,587,36,0,36,623
09/02/2014,HPN,NY,AEA,EN,Towers with Radar,37,131,97,0,265,0,28,102,0,130,37,159,199,0,395,72,0,72,467
09/03/2014,HPN,NY,AEA,EN,Towers with Radar,31,127,116,0,274,0,16,158,0,174,31,143,274,0,448,194,0,194,642
09/04/2014,HPN,NY,AEA,EN,Towers with Radar,31,130,113,0,274,0,37,116,0,153,31,167,229,0,427,2,0,2,429
09/05/2014,HPN,NY,AEA,EN,Towers with Radar,32,154,168,0,354,0,28,170,0,198,32,182,338,0,552,42,0,42,594
09/06/2014,HPN,NY,AEA,EN,Towers with Radar,27,93,61,0,181,0,4,60,0,64,27,97,121,0,245,38,0,38,283
09/07/2014,HPN,NY,AEA,EN,Towers with Radar,30,127,129,0,286,0,91,138,0,229,30,218,267,0,515,46,0,46,561
09/08/2014,HPN,NY,AEA,EN,Towers with Radar,32,114,119,0,265,0,14,74,0,88,32,128,193,0,353,0,0,0,353
09/09/2014,HPN,NY,AEA,EN,Towers with Radar,32,108,121,0,261,0,1,51,0,52,32,109,172,0,313,24,0,24,337
09/10/2014,HPN,NY,AEA,EN,Towers with Radar,34,119,104,0,257,0,2,96,0,98,34,121,200,0,355,24,0,24,379
09/11/2014,HPN,NY,AEA,EN,Towers with Radar,36,143,111,0,290,0,2,65,2,69,36,145,176,2,359,32,0,32,391
09/12/2014,HPN,NY,AEA,EN,Towers with Radar,34,140,135,0,309,0,23,185,0,208,34,163,320,0,517,20,0,20,537
09/13/2014,HPN,NY,AEA,EN,Towers with Radar,27,77,98,0,202,0,4,40,0,44,27,81,138,0,246,46,0,46,292
09/14/2014,HPN,NY,AEA,EN,Towers with Radar,30,156,123,0,309,0,22,211,0,233,30,178,334,0,542,148,0,148,690
09/15/2014,HPN,NY,AEA,EN,Towers with Radar,33,132,115,1,281,0,23,156,0,179,33,155,271,1,460,64,0,64,524
09/16/2014,HPN,NY,AEA,EN,Towers with Radar,41,140,109,0,290,0,6,69,0,75,41,146,178,0,365,2,0,2,367
09/17/2014,HPN,NY,AEA,EN,Towers with Radar,32,140,156,0,328,0,12,123,0,135,32,152,279,0,463,32,0,32,495
09/18/2014,HPN,NY,AEA,EN,Towers with Radar,33,138,170,0,341,0,24,131,3,158,33,162,301,3,499,32,0,32,531
09/19/2014,HPN,NY,AEA,EN,Towers with Radar,30,148,159,0,337,0,27,163,1,191,30,175,322,1,528,64,0,64,592
09/20/2014,HPN,NY,AEA,EN,Towers with Radar,29,103,103,0,235,0,11,116,0,127,29,114,219,0,362,177,0,177,539
09/21/2014,HPN,NY,AEA,EN,Towers with Radar,38,156,182,1,377,0,9,38,0,47,38,165,220,1,424,0,0,0,424
09/22/2014,HPN,NY,AEA,EN,Towers with Radar,33,108,86,0,227,0,19,120,0,139,33,127,206,0,366,0,0,0,366
09/23/2014,HPN,NY,AEA,EN,Towers with Radar,36,136,134,1,307,0,5,106,0,111,36,141,240,1,418,0,0,0,418
09/24/2014,HPN,NY,AEA,EN,Towers with Radar,33,142,136,0,311,0,2,107,0,109,33,144,243,0,420,0,0,0,420
09/25/2014,HPN,NY,AEA,EN,Towers with Radar,36,161,140,0,337,0,0,35,0,35,36,161,175,0,372,4,0,4,376
09/26/2014,HPN,NY,AEA,EN,Towers with Radar,36,123,137,1,297,0,27,199,0,226,36,150,336,1,523,100,0,100,623
09/27/2014,HPN,NY,AEA,EN,Towers with Radar,28,76,77,0,181,0,9,98,2,109,28,85,175,2,290,0,0,0,290
09/28/2014,HPN,NY,AEA,EN,Towers with Radar,33,131,140,0,304,0,38,225,0,263,33,169,365,0,567,114,0,114,681
09/29/2014,HPN,NY,AEA,EN,Towers with Radar,35,118,101,0,254,0,18,109,1,128,35,136,210,1,382,32,0,32,414
09/30/2014,HPN,NY,AEA,EN,Towers with Radar,32,138,142,1,313,0,0,16,0,16,32,138,158,1,329,0,0,0,329
10/01/2014,HPN,NY,AEA,EN,Towers with Radar,32,134,145,0,311,0,3,14,0,17,32,137,159,0,328,0,0,0,328
10/02/2014,HPN,NY,AEA,EN,Towers with Radar,37,151,134,0,322,1,5,64,2,72,38,156,198,2,394,66,0,66,460
10/03/2014,HPN,NY,AEA,EN,Towers with Radar,34,143,159,0,336,0,17,159,0,176,34,160,318,0,512,78,0,78,590
10/04/2014,HPN,NY,AEA,EN,Towers with Radar,26,84,90,0,200,0,2,8,0,10,26,86,98,0,210,0,0,0,210
10/05/2014,HPN,NY,AEA,EN,Towers with Radar,31,120,127,0,278,0,30,230,0,260,31,150,357,0,538,46,0,46,584
10/06/2014,HPN,NY,AEA,EN,Towers with Radar,30,116,113,0,259,0,17,129,0,146,30,133,242,0,405,64,0,64,469
10/07/2014,HPN,NY,AEA,EN,Towers with Radar,34,111,91,0,236,0,2,74,0,76,34,113,165,0,312,52,0,52,364
10/08/2014,HPN,NY,AEA,EN,Towers with Radar,36,132,120,0,288,0,4,101,0,105,36,136,221,0,393,62,0,62,455
10/09/2014,HPN,NY,AEA,EN,Towers with Radar,34,144,131,0,309,0,21,156,0,177,34,165,287,0,486,64,0,64,550
10/10/2014,HPN,NY,AEA,EN,Towers with Radar,31,229,160,2,422,0,46,190,0,236,31,275,350,2,658,0,0,0,658
10/11/2014,HPN,NY,AEA,EN,Towers with Radar,29,109,116,0,254,0,2,43,0,45,29,111,159,0,299,26,0,26,325
10/12/2014,HPN,NY,AEA,EN,Towers with Radar,32,124,93,0,249,0,25,197,0,222,32,149,290,0,471,82,0,82,553
10/13/2014,HPN,NY,AEA,EN,Towers with Radar,35,205,174,0,414,0,14,117,0,131,35,219,291,0,545,30,0,30,575
10/14/2014,HPN,NY,AEA,EN,Towers with Radar,31,137,140,0,308,0,2,67,0,69,31,139,207,0,377,0,0,0,377
10/15/2014,HPN,NY,AEA,EN,Towers with Radar,34,118,157,0,309,0,2,35,0,37,34,120,192,0,346,10,0,10,356
10/16/2014,HPN,NY,AEA,EN,Towers with Radar,32,176,146,0,354,0,2,25,0,27,32,178,171,0,381,0,0,0,381
10/17/2014,HPN,NY,AEA,EN,Towers with Radar,31,157,158,0,346,0,10,171,0,181,31,167,329,0,527,84,0,84,611
10/18/2014,HPN,NY,AEA,EN,Towers with Radar,32,93,99,0,224,0,8,94,0,102,32,101,193,0,326,20,0,20,346
10/19/2014,HPN,NY,AEA,EN,Towers with Radar,29,131,106,0,266,0,15,63,0,78,29,146,169,0,344,0,0,0,344
10/20/2014,HPN,NY,AEA,EN,Towers with Radar,36,110,96,0,242,0,6,96,0,102,36,116,192,0,344,42,0,42,386
10/21/2014,HPN,NY,AEA,EN,Towers with Radar,36,129,100,0,265,0,5,52,0,57,36,134,152,0,322,54,0,54,376
10/22/2014,HPN,NY,AEA,EN,Towers with Radar,39,174,145,0,358,0,0,12,0,12,39,174,157,0,370,0,0,0,370
10/23/2014,HPN,NY,AEA,EN,Towers with Radar,36,173,140,1,350,0,0,21,0,21,36,173,161,1,371,0,0,0,371
10/24/2014,HPN,NY,AEA,EN,Towers with Radar,35,184,177,0,396,0,5,100,0,105,35,189,277,0,501,78,0,78,579
10/25/2014,HPN,NY,AEA,EN,Towers with Radar,27,77,72,0,176,0,12,174,0,186,27,89,246,0,362,118,0,118,480
10/26/2014,HPN,NY,AEA,EN,Towers with Radar,32,150,124,0,306,0,12,89,0,101,32,162,213,0,407,62,0,62,469
10/27/2014,HPN,NY,AEA,EN,Towers with Radar,37,119,95,0,251,0,12,150,0,162,37,131,245,0,413,42,0,42,455
10/28/2014,HPN,NY,AEA,EN,Towers with Radar,35,127,105,0,267,0,5,138,1,144,35,132,243,1,411,96,0,96,507
10/29/2014,HPN,NY,AEA,EN,Towers with Radar,37,142,131,0,310,0,2,77,0,79,37,144,208,0,389,40,0,40,429
10/30/2014,HPN,NY,AEA,EN,Towers with Radar,39,139,143,0,321,0,6,136,0,142,39,145,279,0,463,136,0,136,599
10/31/2014,HPN,NY,AEA,EN,Towers with Radar,42,159,153,0,354,0,4,120,0,124,42,163,273,0,478,68,0,68,546
11/01/2014,HPN,NY,AEA,EN,Towers with Radar,39,95,62,0,196,0,3,12,0,15,39,98,74,0,211,0,0,0,211
11/02/2014,HPN,NY,AEA,EN,Towers with Radar,33,151,92,0,276,0,2,33,0,35,33,153,125,0,311,0,0,0,311
11/03/2014,HPN,NY,AEA,EN,Towers with Radar,37,138,123,0,298,0,10,92,0,102,37,148,215,0,400,8,0,8,408
11/04/2014,HPN,NY,AEA,EN,Towers with Radar,32,126,88,0,246,0,8,95,0,103,32,134,183,0,349,48,0,48,397
11/05/2014,HPN,NY,AEA,EN,Towers with Radar,41,115,104,0,260,0,13,109,0,122,41,128,213,0,382,51,0,51,433
11/06/2014,HPN,NY,AEA,EN,Towers with Radar,36,209,201,0,446,0,0,1,0,1,36,209,202,0,447,0,0,0,447
11/07/2014,HPN,NY,AEA,EN,Towers with Radar,38,147,115,0,300,0,6,75,0,81,38,153,190,0,381,32,0,32,413
11/08/2014,HPN,NY,AEA,EN,Towers with Radar,29,70,83,0,182,0,11,158,0,169,29,81,241,0,351,106,0,106,457
11/09/2014,HPN,NY,AEA,EN,Towers with Radar,35,125,117,0,277,0,13,140,0,153,35,138,257,0,430,32,0,32,462
11/10/2014,HPN,NY,AEA,EN,Towers with Radar,35,114,82,0,231,0,2,104,0,106,35,116,186,0,337,50,0,50,387
11/11/2014,HPN,NY,AEA,EN,Towers with Radar,35,120,102,0,257,0,4,79,0,83,35,124,181,0,340,124,0,124,464
11/12/2014,HPN,NY,AEA,EN,Towers with Radar,38,119,141,0,298,0,1,48,0,49,38,120,189,0,347,14,0,14,361
11/13/2014,HPN,NY,AEA,EN,Towers with Radar,35,146,124,0,305,0,7,54,0,61,35,153,178,0,366,0,0,0,366
11/14/2014,HPN,NY,AEA,EN,Towers with Radar,39,176,141,0,356,0,9,122,1,132,39,185,263,1,488,44,0,44,532
11/15/2014,HPN,NY,AEA,EN,Towers with Radar,28,75,67,0,170,0,11,119,0,130,28,86,186,0,300,68,0,68,368
11/16/2014,HPN,NY,AEA,EN,Towers with Radar,39,130,118,0,287,0,9,141,0,150,39,139,259,0,437,106,0,106,543
11/17/2014,HPN,NY,AEA,EN,Towers with Radar,36,109,80,0,225,0,0,0,0,0,36,109,80,0,225,0,0,0,225
11/18/2014,HPN,NY,AEA,EN,Towers with Radar,37,139,101,0,277,0,6,66,0,72,37,145,167,0,349,0,0,0,349
11/19/2014,HPN,NY,AEA,EN,Towers with Radar,36,138,93,1,268,0,7,104,0,111,36,145,197,1,379,146,0,146,525
11/20/2014,HPN,NY,AEA,EN,Towers with Radar,36,146,130,0,312,0,8,82,1,91,36,154,212,1,403,0,0,0,403
11/21/2014,HPN,NY,AEA,EN,Towers with Radar,37,157,133,2,329,0,6,100,0,106,37,163,233,2,435,0,0,0,435
11/22/2014,HPN,NY,AEA,EN,Towers with Radar,30,80,94,0,204,0,9,130,0,139,30,89,224,0,343,74,0,74,417
11/23/2014,HPN,NY,AEA,EN,Towers with Radar,37,103,83,0,223,0,9,145,0,154,37,112,228,0,377,18,0,18,395
11/24/2014,HPN,NY,AEA,EN,Towers with Radar,37,124,117,0,278,0,2,17,0,19,37,126,134,0,297,0,0,0,297
11/25/2014,HPN,NY,AEA,EN,Towers with Radar,36,219,168,0,423,0,17,161,0,178,36,236,329,0,601,30,0,30,631
11/26/2014,HPN,NY,AEA,EN,Towers with Radar,20,130,93,0,243,0,1,4,0,5,20,131,97,0,248,0,0,0,248
11/27/2014,HPN,NY,AEA,EN,Towers with Radar,19,86,58,0,163,0,1,23,0,24,19,87,81,0,187,0,0,0,187
11/28/2014,HPN,NY,AEA,EN,Towers with Radar,28,92,66,0,186,0,8,102,0,110,28,100,168,0,296,124,0,124,420
11/29/2014,HPN,NY,AEA,EN,Towers with Radar,40,132,83,0,255,0,3,124,0,127,40,135,207,0,382,242,0,242,624
11/30/2014,HPN,NY,AEA,EN,Towers with Radar,39,223,239,0,501,0,27,208,0,235,39,250,447,0,736,74,0,74,810
12/01/2014,HPN,NY,AEA,EN,Towers with Radar,41,133,141,0,315,0,3,89,0,92,41,136,230,0,407,0,0,0,407
12/02/2014,HPN,NY,AEA,EN,Towers with Radar,33,135,116,0,284,0,2,37,0,39,33,137,153,0,323,18,0,18,341
12/03/2014,HPN,NY,AEA,EN,Towers with Radar,36,145,131,0,312,0,1,7,0,8,36,146,138,0,320,0,0,0,320
12/04/2014,HPN,NY,AEA,EN,Towers with Radar,39,118,103,0,260,0,13,139,5,157,39,131,242,5,417,64,0,64,481
12/05/2014,HPN,NY,AEA,EN,Towers with Radar,38,157,113,0,308,0,7,83,0,90,38,164,196,0,398,80,0,80,478
12/06/2014,HPN,NY,AEA,EN,Towers with Radar,32,68,52,0,152,0,0,0,0,0,32,68,52,0,152,0,0,0,152
12/07/2014,HPN,NY,AEA,EN,Towers with Radar,38,126,105,0,269,0,23,102,0,125,38,149,207,0,394,78,0,78,472
12/08/2014,HPN,NY,AEA,EN,Towers with Radar,42,128,129,0,299,0,7,37,0,44,42,135,166,0,343,0,0,0,343
12/09/2014,HPN,NY,AEA,EN,Towers with Radar,37,109,109,0,255,0,0,2,0,2,37,109,111,0,257,0,0,0,257
12/10/2014,HPN,NY,AEA,EN,Towers with Radar,35,148,107,2,292,0,0,0,0,0,35,148,107,2,292,0,0,0,292
12/11/2014,HPN,NY,AEA,EN,Towers with Radar,38,147,119,0,304,0,2,50,0,52,38,149,169,0,356,0,0,0,356
12/12/2014,HPN,NY,AEA,EN,Towers with Radar,36,114,102,0,252,0,8,96,0,104,36,122,198,0,356,232,0,232,588
12/13/2014,HPN,NY,AEA,EN,Towers with Radar,31,48,67,0,146,0,4,133,0,137,31,52,200,0,283,114,0,114,397
12/14/2014,HPN,NY,AEA,EN,Towers with Radar,34,87,106,0,227,0,5,58,0,63,34,92,164,0,290,0,0,0,290
12/15/2014,HPN,NY,AEA,EN,Towers with Radar,35,107,94,0,236,0,8,50,0,58,35,115,144,0,294,0,0,0,294
12/16/2014,HPN,NY,AEA,EN,Towers with Radar,38,105,107,0,250,0,0,26,0,26,38,105,133,0,276,44,0,44,320
12/17/2014,HPN,NY,AEA,EN,Towers with Radar,40,163,110,0,313,0,1,87,0,88,40,164,197,0,401,0,0,0,401
12/18/2014,HPN,NY,AEA,EN,Towers with Radar,37,144,112,0,293,0,11,77,0,88,37,155,189,0,381,32,0,32,413
12/19/2014,HPN,NY,AEA,EN,Towers with Radar,37,148,151,0,336,0,6,95,0,101,37,154,246,0,437,66,0,66,503
12/20/2014,HPN,NY,AEA,EN,Towers with Radar,32,121,136,0,289,0,2,63,0,65,32,123,199,0,354,120,0,120,474
12/21/2014,HPN,NY,AEA,EN,Towers with Radar,32,120,113,0,265,0,0,10,0,10,32,120,123,0,275,0,0,0,275
12/22/2014,HPN,NY,AEA,EN,Towers with Radar,31,103,84,12,230,0,0,13,0,13,31,103,97,12,243,28,0,28,271
12/23/2014,HPN,NY,AEA,EN,Towers with Radar,32,118,100,0,250,0,0,1,0,1,32,118,101,0,251,0,0,0,251
12/24/2014,HPN,NY,AEA,EN,Towers with Radar,31,72,32,0,135,0,0,0,0,0,31,72,32,0,135,0,0,0,135
12/25/2014,HPN,NY,AEA,EN,Towers with Radar,28,119,40,0,187,0,0,8,0,8,28,119,48,0,195,0,0,0,195
12/26/2014,HPN,NY,AEA,EN,Towers with Radar,33,205,171,0,409,0,11,130,0,141,33,216,301,0,550,84,0,84,634
12/27/2014,HPN,NY,AEA,EN,Towers with Radar,34,129,108,0,271,0,13,131,0,144,34,142,239,0,415,20,0,20,435
12/28/2014,HPN,NY,AEA,EN,Towers with Radar,30,112,69,0,211,0,13,20,0,33,30,125,89,0,244,24,0,24,268
12/29/2014,HPN,NY,AEA,EN,Towers with Radar,30,89,43,2,164,0,4,50,0,54,30,93,93,2,218,54,0,54,272
12/30/2014,HPN,NY,AEA,EN,Towers with Radar,32,91,49,3,175,0,9,72,1,82,32,100,121,4,257,10,0,10,267
12/31/2014,HPN,NY,AEA,EN,Towers with Radar,28,75,29,0,132,0,0,64,0,64,28,75,93,0,196,0,0,0,196
01/01/2015,HPN,NY,AEA,EN,Towers with Radar,32,108,40,0,180,0,4,48,0,52,32,112,88,0,232,40,0,40,272
01/02/2015,HPN,NY,AEA,EN,Towers with Radar,31,148,89,0,268,0,4,69,0,73,31,152,158,0,341,110,0,110,451
01/03/2015,HPN,NY,AEA,EN,Towers with Radar,26,148,136,0,310,0,2,32,0,34,26,150,168,0,344,82,0,82,426
01/04/2015,HPN,NY,AEA,EN,Towers with Radar,34,152,195,0,381,0,0,2,0,2,34,152,197,0,383,0,0,0,383
01/05/2015,HPN,NY,AEA,EN,Towers with Radar,33,126,102,0,261,0,5,60,0,65,33,131,162,0,326,0,0,0,326
01/06/2015,HPN,NY,AEA,EN,Towers with Radar,32,101,60,0,193,0,1,14,0,15,32,102,74,0,208,0,0,0,208
01/07/2015,HPN,NY,AEA,EN,Towers with Radar,33,117,93,0,243,0,5,40,1,46,33,122,133,1,289,0,0,0,289
01/08/2015,HPN,NY,AEA,EN,Towers with Radar,35,91,97,0,223,0,6,84,0,90,35,97,181,0,313,56,0,56,369
01/09/2015,HPN,NY,AEA,EN,Towers with Radar,40,81,84,3,208,0,6,35,0,41,40,87,119,3,249,0,0,0,249
01/10/2015,HPN,NY,AEA,EN,Towers with Radar,30,57,57,0,144,0,3,120,0,123,30,60,177,0,267,106,0,106,373
01/11/2015,HPN,NY,AEA,EN,Towers with Radar,35,114,82,0,231,0,6,107,0,113,35,120,189,0,344,0,0,0,344
01/12/2015,HPN,NY,AEA,EN,Towers with Radar,34,74,76,0,184,0,0,4,0,4,34,74,80,0,188,0,0,0,188
01/13/2015,HPN,NY,AEA,EN,Towers with Radar,31,90,84,0,205,0,4,51,0,55,31,94,135,0,260,54,0,54,314
01/14/2015,HPN,NY,AEA,EN,Towers with Radar,36,91,88,0,215,0,0,63,0,63,36,91,151,0,278,42,0,42,320
01/15/2015,HPN,NY,AEA,EN,Towers with Radar,35,129,93,2,259,0,6,103,0,109,35,135,196,2,368,50,0,50,418
01/16/2015,HPN,NY,AEA,EN,Towers with Radar,33,164,144,0,341,0,5,93,0,98,33,169,237,0,439,34,0,34,473
01/17/2015,HPN,NY,AEA,EN,Towers with Radar,29,59,50,0,138,0,8,136,0,144,29,67,186,0,282,90,0,90,372
01/18/2015,HPN,NY,AEA,EN,Towers with Radar,26,92,54,0,172,0,0,1,0,1,26,92,55,0,173,0,0,0,173
01/19/2015,HPN,NY,AEA,EN,Towers with Radar,37,169,144,0,350,0,4,73,0,77,37,173,217,0,427,28,0,28,455
01/20/2015,HPN,NY,AEA,EN,Towers with Radar,30,102,87,0,219,0,6,91,0,97,30,108,178,0,316,96,0,96,412
01/21/2015,HPN,NY,AEA,EN,Towers with Radar,38,104,97,0,239,0,11,73,0,84,38,115,170,0,323,24,0,24,347
01/22/2015,HPN,NY,AEA,EN,Towers with Radar,38,119,103,0,260,0,4,48,0,52,38,123,151,0,312,34,0,34,346
01/23/2015,HPN,NY,AEA,EN,Towers with Radar,34,120,110,0,264,0,9,120,0,129,34,129,230,0,393,0,0,0,393
01/24/2015,HPN,NY,AEA,EN,Towers with Radar,10,46,28,0,84,0,1,0,0,1,10,47,28,0,85,0,0,0,85
01/25/2015,HPN,NY,AEA,EN,Towers with Radar,36,106,97,0,239,0,2,106,0,108,36,108,203,0,347,0,0,0,347
01/26/2015,HPN,NY,AEA,EN,Towers with Radar,20,75,77,0,172,0,0,4,0,4,20,75,81,0,176,0,0,0,176
01/27/2015,HPN,NY,AEA,EN,Towers with Radar,4,28,22,0,54,0,0,5,0,5,4,28,27,0,59,0,0,0,59
01/28/2015,HPN,NY,AEA,EN,Towers with Radar,32,119,93,0,244,0,3,49,0,52,32,122,142,0,296,0,0,0,296
01/29/2015,HPN,NY,AEA,EN,Towers with Radar,34,129,100,0,263,0,10,89,0,99,34,139,189,0,362,0,0,0,362
01/30/2015,HPN,NY,AEA,EN,Towers with Radar,35,137,108,0,280,0,4,23,0,27,35,141,131,0,307,0,0,0,307
01/31/2015,HPN,NY,AEA,EN,Towers with Radar,26,68,52,0,146,0,8,44,0,52,26,76,96,0,198,78,0,78,276
02/01/2015,HPN,NY,AEA,EN,Towers with Radar,28,108,97,0,233,0,6,102,0,108,28,114,199,0,341,130,0,130,471
02/02/2015,HPN,NY,AEA,EN,Towers with Radar,14,66,69,0,149,0,0,0,0,0,14,66,69,0,149,0,0,0,149
02/03/2015,HPN,NY,AEA,EN,Towers with Radar,38,129,101,0,268,0,6,48,0,54,38,135,149,0,322,0,0,0,322
02/04/2015,HPN,NY,AEA,EN,Towers with Radar,33,128,102,0,263,0,10,104,0,114,33,138,206,0,377,30,0,30,407
02/05/2015,HPN,NY,AEA,EN,Towers with Radar,38,133,104,0,275,0,3,32,0,35,38,136,136,0,310,0,0,0,310
02/06/2015,HPN,NY,AEA,EN,Towers with Radar,34,132,111,2,279,0,12,82,0,94,34,144,193,2,373,0,0,0,373
02/07/2015,HPN,NY,AEA,EN,Towers with Radar,27,74,81,0,182,0,4,37,0,41,27,78,118,0,223,0,0,0,223
02/08/2015,HPN,NY,AEA,EN,Towers with Radar,27,122,88,2,239,0,0,0,0,0,27,122,88,2,239,0,0,0,239
02/09/2015,HPN,NY,AEA,EN,Towers with Radar,18,66,49,0,133,0,0,0,0,0,18,66,49,0,133,0,0,0,133
02/10/2015,HPN,NY,AEA,EN,Towers with Radar,34,114,111,0,259,0,5,48,0,53,34,119,159,0,312,0,0,0,312
02/11/2015,HPN,NY,AEA,EN,Towers with Radar,37,148,132,2,319,0,6,85,0,91,37,154,217,2,410,0,0,0,410
02/12/2015,HPN,NY,AEA,EN,Towers with Radar,37,206,145,0,388,0,5,32,0,37,37,211,177,0,425,4,0,4,429
02/13/2015,HPN,NY,AEA,EN,Towers with Radar,35,187,165,0,387,0,12,103,0,115,35,199,268,0,502,0,0,0,502
02/14/2015,HPN,NY,AEA,EN,Towers with Radar,22,88,43,0,153,0,2,23,0,25,22,90,66,0,178,90,0,90,268
02/15/2015,HPN,NY,AEA,EN,Towers with Radar,24,82,55,0,161,0,3,5,0,8,24,85,60,0,169,0,0,0,169
02/16/2015,HPN,NY,AEA,EN,Towers with Radar,41,166,168,0,375,0,13,95,0,108,41,179,263,0,483,28,0,28,511
02/17/2015,HPN,NY,AEA,EN,Towers with Radar,33,140,133,0,306,0,5,40,0,45,33,145,173,0,351,2,0,2,353
02/18/2015,HPN,NY,AEA,EN,Towers with Radar,36,138,104,0,278,0,12,88,0,100,36,150,192,0,378,148,0,148,526
02/19/2015,HPN,NY,AEA,EN,Towers with Radar,33,149,83,0,265,0,2,30,0,32,33,151,113,0,297,0,0,0,297
02/20/2015,HPN,NY,AEA,EN,Towers with Radar,33,160,114,0,307,0,2,71,0,73,33,162,185,0,380,0,0,0,380
02/21/2015,HPN,NY,AEA,EN,Towers with Radar,30,70,54,0,154,0,1,50,0,51,30,71,104,0,205,0,0,0,205
02/22/2015,HPN,NY,AEA,EN,Towers with Radar,30,150,101,0,281,0,1,61,0,62,30,151,162,0,343,0,0,0,343
02/23/2015,HPN,NY,AEA,EN,Towers with Radar,35,127,100,0,262,0,3,50,0,53,35,130,150,0,315,0,0,0,315
02/24/2015,HPN,NY,AEA,EN,Towers with Radar,33,119,94,0,246,0,6,66,1,73,33,125,160,1,319,0,0,0,319
02/25/2015,HPN,NY,AEA,EN,Towers with Radar,34,107,114,0,255,0,10,40,0,50,34,117,154,0,305,0,0,0,305
02/26/2015,HPN,NY,AEA,EN,Towers with Radar,42,132,117,0,291,0,2,46,0,48,42,134,163,0,339,16,0,16,355
02/27/2015,HPN,NY,AEA,EN,Towers with Radar,35,141,101,0,277,0,10,101,1,112,35,151,202,1,389,66,0,66,455
02/28/2015,HPN,NY,AEA,EN,Towers with Radar,30,73,61,0,164,0,10,131,0,141,30,83,192,0,305,90,0,90,395
03/01/2015,HPN,NY,AEA,EN,Towers with Radar,28,97,83,0,208,0,4,12,0,16,28,101,95,0,224,16,0,16,240
03/02/2015,HPN,NY,AEA,EN,Towers with Radar,33,116,108,0,257,0,0,59,0,59,33,116,167,0,316,0,0,0,316
03/03/2015,HPN,NY,AEA,EN,Towers with Radar,29,113,114,0,256,0,1,46,0,47,29,114,160,0,303,4,0,4,307
03/04/2015,HPN,NY,AEA,EN,Towers with Radar,38,152,124,0,314,0,0,8,0,8,38,152,132,0,322,0,0,0,322
03/05/2015,HPN,NY,AEA,EN,Towers with Radar,26,81,121,0,228,0,0,5,0,5,26,81,126,0,233,0,0,0,233
03/06/2015,HPN,NY,AEA,EN,Towers with Radar,34,149,119,0,302,0,11,96,0,107,34,160,215,0,409,40,0,40,449
03/07/2015,HPN,NY,AEA,EN,Towers with Radar,29,70,82,0,181,0,4,48,0,52,29,74,130,0,233,0,0,0,233
03/08/2015,HPN,NY,AEA,EN,Towers with Radar,38,139,120,0,297,0,4,125,0,129,38,143,245,0,426,0,0,0,426
03/09/2015,HPN,NY,AEA,EN,Towers with Radar,37,106,90,0,233,0,8,86,0,94,37,114,176,0,327,0,0,0,327
03/10/2015,HPN,NY,AEA,EN,Towers with Radar,38,111,81,0,230,0,1,71,0,72,38,112,152,0,302,2,0,2,304
03/11/2015,HPN,NY,AEA,EN,Towers with Radar,36,129,111,0,276,0,4,97,1,102,36,133,208,1,378,50,0,50,428
03/12/2015,HPN,NY,AEA,EN,Towers with Radar,43,143,108,0,294,0,2,85,0,87,43,145,193,0,381,12,0,12,393
03/13/2015,HPN,NY,AEA,EN,Towers with Radar,39,155,125,0,319,0,5,134,0,139,39,160,259,0,458,68,0,68,526
03/14/2015,HPN,NY,AEA,EN,Towers with Radar,33,89,61,0,183,0,0,0,0,0,33,89,61,0,183,0,0,0,183
03/15/2015,HPN,NY,AEA,EN,Towers with Radar,34,131,108,0,273,0,4,60,0,64,34,135,168,0,337,0,0,0,337
03/16/2015,HPN,NY,AEA,EN,Towers with Radar,38,117,83,0,238,0,7,84,0,91,38,124,167,0,329,40,0,40,369
03/17/2015,HPN,NY,AEA,EN,Towers with Radar,35,125,98,0,258,0,7,27,0,34,35,132,125,0,292,0,0,0,292
03/18/2015,HPN,NY,AEA,EN,Towers with Radar,38,135,107,0,280,0,1,64,3,68,38,136,171,3,348,0,0,0,348
03/19/2015,HPN,NY,AEA,EN,Towers with Radar,38,144,98,0,280,0,13,92,1,106,38,157,190,1,386,30,0,30,416
03/20/2015,HPN,NY,AEA,EN,Towers with Radar,30,116,82,0,228,0,1,14,0,15,30,117,96,0,243,0,0,0,243
03/21/2015,HPN,NY,AEA,EN,Towers with Radar,29,109,83,0,221,0,1,72,0,73,29,110,155,0,294,0,0,0,294
03/22/2015,HPN,NY,AEA,EN,Towers with Radar,37,140,111,0,288,0,4,130,0,134,37,144,241,0,422,0,0,0,422
03/23/2015,HPN,NY,AEA,EN,Towers with Radar,37,107,83,0,227,0,11,69,2,82,37,118,152,2,309,0,0,0,309
03/24/2015,HPN,NY,AEA,EN,Towers with Radar,36,105,87,0,228,0,6,119,0,125,36,111,206,0,353,86,0,86,439
03/25/2015,HPN,NY,AEA,EN,Towers with Radar,38,113,113,0,264,0,9,69,0,78,38,122,182,0,342,8,0,8,350
03/26/2015,HPN,NY,AEA,EN,Towers with Radar,46,121,80,0,247,0,0,0,0,0,46,121,80,0,247,0,0,0,247
03/27/2015,HPN,NY,AEA,EN,Towers with Radar,36,124,122,0,282,0,4,57,2,63,36,128,179,2,345,54,0,54,399
03/28/2015,HPN,NY,AEA,EN,Towers with Radar,31,105,93,0,229,0,0,3,0,3,31,105,96,0,232,8,0,8,240
03/29/2015,HPN,NY,AEA,EN,Towers with Radar,37,193,118,1,349,0,14,192,1,207,37,207,310,2,556,106,0,106,662
03/30/2015,HPN,NY,AEA,EN,Towers with Radar,37,129,91,0,257,0,3,54,0,57,37,132,145,0,314,30,0,30,344
03/31/2015,HPN,NY,AEA,EN,Towers with Radar,35,113,92,0,240,0,0,57,1,58,35,113,149,1,298,18,0,18,316
04/01/2015,HPN,NY,AEA,EN,Towers with Radar,36,118,136,0,290,0,12,91,0,103,36,130,227,0,393,24,0,24,417
04/02/2015,HPN,NY,AEA,EN,Towers with Radar,37,152,152,0,341,0,42,107,1,150,37,194,259,1,491,18,0,18,509
04/03/2015,HPN,NY,AEA,EN,Towers with Radar,37,147,130,0,314,0,0,27,0,27,37,147,157,0,341,22,0,22,363
04/04/2015,HPN,NY,AEA,EN,Towers with Radar,31,88,51,0,170,0,6,38,0,44,31,94,89,0,214,0,0,0,214
04/05/2015,HPN,NY,AEA,EN,Towers with Radar,39,149,139,0,327,0,9,169,0,178,39,158,308,0,505,108,0,108,613
04/06/2015,HPN,NY,AEA,EN,Towers with Radar,37,127,128,0,292,0,10,128,1,139,37,137,256,1,431,24,0,24,455
04/07/2015,HPN,NY,AEA,EN,Towers with Radar,34,107,117,0,258,0,1,28,0,29,34,108,145,0,287,0,0,0,287
04/08/2015,HPN,NY,AEA,EN,Towers with Radar,32,118,108,0,258,0,3,16,0,19,32,121,124,0,277,0,0,0,277
04/09/2015,HPN,NY,AEA,EN,Towers with Radar,37,135,127,4,303,0,0,16,0,16,37,135,143,4,319,0,0,0,319
04/10/2015,HPN,NY,AEA,EN,Towers with Radar,41,174,110,0,325,0,0,0,0,0,41,174,110,0,325,0,0,0,325
04/11/2015,HPN,NY,AEA,EN,Towers with Radar,34,118,92,0,244,0,8,114,0,122,34,126,206,0,366,46,0,46,412
04/12/2015,HPN,NY,AEA,EN,Towers with Radar,37,141,133,0,311,0,9,188,0,197,37,150,321,0,508,0,0,0,508
04/13/2015,HPN,NY,AEA,EN,Towers with Radar,35,105,87,0,227,0,17,74,0,91,35,122,161,0,318,0,0,0,318
04/14/2015,HPN,NY,AEA,EN,Towers with Radar,34,102,79,0,215,0,4,62,2,68,34,106,141,2,283,16,0,16,299
04/15/2015,HPN,NY,AEA,EN,Towers with Radar,34,114,88,0,236,0,9,99,0,108,34,123,187,0,344,44,0,44,388
04/16/2015,HPN,NY,AEA,EN,Towers with Radar,36,127,116,0,279,0,12,160,1,173,36,139,276,1,452,52,0,52,504
04/17/2015,HPN,NY,AEA,EN,Towers with Radar,37,141,154,0,332,0,3,74,0,77,37,144,228,0,409,44,0,44,453
04/18/2015,HPN,NY,AEA,EN,Towers with Radar,33,115,53,0,201,0,13,186,0,199,33,128,239,0,400,164,0,164,564
04/19/2015,HPN,NY,AEA,EN,Towers with Radar,37,126,108,0,271,0,15,182,0,197,37,141,290,0,468,92,0,92,560
04/20/2015,HPN,NY,AEA,EN,Towers with Radar,33,141,123,0,297,0,0,0,0,0,33,141,123,0,297,0,0,0,297
04/21/2015,HPN,NY,AEA,EN,Towers with Radar,38,154,109,0,301,0,2,72,0,74,38,156,181,0,375,0,0,0,375
04/22/2015,HPN,NY,AEA,EN,Towers with Radar,34,134,120,0,288,0,8,56,0,64,34,142,176,0,352,0,0,0,352
04/23/2015,HPN,NY,AEA,EN,Towers with Radar,36,138,127,0,301,0,8,106,0,114,36,146,233,0,415,0,0,0,415
04/24/2015,HPN,NY,AEA,EN,Towers with Radar,40,150,125,1,316,0,16,106,0,122,40,166,231,1,438,0,0,0,438
04/25/2015,HPN,NY,AEA,EN,Towers with Radar,45,105,84,0,234,0,9,227,0,236,45,114,311,0,470,100,0,100,570
04/26/2015,HPN,NY,AEA,EN,Towers with Radar,68,241,210,0,519,0,19,303,0,322,68,260,513,0,841,8,0,8,849
04/27/2015,HPN,NY,AEA,EN,Towers with Radar,42,116,122,0,280,0,10,105,0,115,42,126,227,0,395,34,0,34,429
04/28/2015,HPN,NY,AEA,EN,Towers with Radar,35,104,81,0,220,0,4,80,0,84,35,108,161,0,304,0,0,0,304
04/29/2015,HPN,NY,AEA,EN,Towers with Radar,37,131,117,1,286,0,11,132,0,143,37,142,249,1,429,44,0,44,473
04/30/2015,HPN,NY,AEA,EN,Towers with Radar,35,151,133,0,319,0,14,117,0,131,35,165,250,0,450,56,0,56,506
05/01/2015,HPN,NY,AEA,EN,Towers with Radar,37,127,143,0,307,0,14,134,0,148,37,141,277,0,455,1,0,1,456
05/02/2015,HPN,NY,AEA,EN,Towers with Radar,32,80,63,1,176,0,10,175,0,185,32,90,238,1,361,60,0,60,421
05/03/2015,HPN,NY,AEA,EN,Towers with Radar,32,142,115,0,289,0,17,184,0,201,32,159,299,0,490,0,0,0,490
05/04/2015,HPN,NY,AEA,EN,Towers with Radar,39,123,102,2,266,0,4,51,0,55,39,127,153,2,321,10,0,10,331
05/05/2015,HPN,NY,AEA,EN,Towers with Radar,36,119,107,1,263,0,14,102,0,116,36,133,209,1,379,78,0,78,457
05/06/2015,HPN,NY,AEA,EN,Towers with Radar,34,137,123,0,294,0,14,100,0,114,34,151,223,0,408,44,0,44,452
05/07/2015,HPN,NY,AEA,EN,Towers with Radar,34,150,130,2,316,0,12,143,0,155,34,162,273,2,471,52,0,52,523
05/08/2015,HPN,NY,AEA,EN,Towers with Radar,34,145,158,0,337,0,22,159,0,181,34,167,317,0,518,20,0,20,538
05/09/2015,HPN,NY,AEA,EN,Towers with Radar,44,112,136,0,292,0,0,28,0,28,44,112,164,0,320,0,0,0,320
05/10/2015,HPN,NY,AEA,EN,Towers with Radar,28,145,132,0,305,0,12,105,0,117,28,157,237,0,422,28,0,28,450
05/11/2015,HPN,NY,AEA,EN,Towers with Radar,37,95,125,0,257,0,3,79,0,82,37,98,204,0,339,86,0,86,425
05/12/2015,HPN,NY,AEA,EN,Towers with Radar,33,79,110,0,222,0,8,80,0,88,33,87,190,0,310,6,0,6,316
05/13/2015,HPN,NY,AEA,EN,Towers with Radar,36,132,128,2,298,0,11,99,3,113,36,143,227,5,411,0,0,0,411
05/14/2015,HPN,NY,AEA,EN,Towers with Radar,37,145,153,1,336,0,19,201,1,221,37,164,354,2,557,32,0,32,589
05/15/2015,HPN,NY,AEA,EN,Towers with Radar,39,142,150,1,332,0,30,146,0,176,39,172,296,1,508,44,0,44,552
05/16/2015,HPN,NY,AEA,EN,Towers with Radar,31,111,100,1,243,0,1,39,0,40,31,112,139,1,283,36,0,36,319
05/17/2015,HPN,NY,AEA,EN,Towers with Radar,33,144,190,2,369,0,23,164,1,188,33,167,354,3,557,51,0,51,608
05/18/2015,HPN,NY,AEA,EN,Towers with Radar,42,160,165,1,368,0,1,54,0,55,42,161,219,1,423,0,0,0,423
05/19/2015,HPN,NY,AEA,EN,Towers with Radar,37,163,178,1,379,0,3,33,0,36,37,166,211,1,415,16,0,16,431
05/20/2015,HPN,NY,AEA,EN,Towers with Radar,33,107,114,3,257,0,4,46,0,50,33,111,160,3,307,0,0,0,307
05/21/2015,HPN,NY,AEA,EN,Towers with Radar,38,177,158,1,374,0,26,157,0,183,38,203,315,1,557,20,0,20,577
05/22/2015,HPN,NY,AEA,EN,Towers with Radar,39,199,178,0,416,0,59,238,0,297,39,258,416,0,713,46,0,46,759
05/23/2015,HPN,NY,AEA,EN,Towers with Radar,31,60,66,0,157,0,28,177,0,205,31,88,243,0,362,42,0,42,404
05/24/2015,HPN,NY,AEA,EN,Towers with Radar,32,86,69,0,187,0,52,105,0,157,32,138,174,0,344,74,0,74,418
05/25/2015,HPN,NY,AEA,EN,Towers with Radar,36,162,128,0,326,0,50,285,0,335,36,212,413,0,661,72,0,72,733
05/26/2015,HPN,NY,AEA,EN,Towers with Radar,34,111,130,0,275,0,24,136,0,160,34,135,266,0,435,36,0,36,471
05/27/2015,HPN,NY,AEA,EN,Towers with Radar,33,129,141,1,304,0,6,52,0,58,33,135,193,1,362,94,0,94,456
05/28/2015,HPN,NY,AEA,EN,Towers with Radar,34,166,137,0,337,0,4,44,0,48,34,170,181,0,385,0,0,0,385
05/29/2015,HPN,NY,AEA,EN,Towers with Radar,39,139,135,0,313,0,36,214,1,251,39,175,349,1,564,56,0,56,620
05/30/2015,HPN,NY,AEA,EN,Towers with Radar,31,65,83,1,180,0,7,125,0,132,31,72,208,1,312,96,0,96,408
05/31/2015,HPN,NY,AEA,EN,Towers with Radar,33,126,114,1,274,0,4,41,0,45,33,130,155,1,319,34,0,34,353
06/01/2015,HPN,NY,AEA,EN,Towers with Radar,39,180,213,0,432,0,0,0,0,0,39,180,213,0,432,0,0,0,432
06/02/2015,HPN,NY,AEA,EN,Towers with Radar,35,137,143,0,315,0,0,0,0,0,35,137,143,0,315,0,0,0,315
06/03/2015,HPN,NY,AEA,EN,Towers with Radar,31,128,125,0,284,0,7,138,0,145,31,135,263,0,429,92,0,92,521
06/04/2015,HPN,NY,AEA,EN,Towers with Radar,34,137,125,0,296,0,59,79,0,138,34,196,204,0,434,30,0,30,464
06/05/2015,HPN,NY,AEA,EN,Towers with Radar,41,132,99,0,272,0,15,121,0,136,41,147,220,0,408,90,0,90,498
06/06/2015,HPN,NY,AEA,EN,Towers with Radar,29,74,101,0,204,0,27,69,0,96,29,101,170,0,300,20,0,20,320
06/07/2015,HPN,NY,AEA,EN,Towers with Radar,35,92,92,0,219,0,30,270,0,300,35,122,362,0,519,92,0,92,611
06/08/2015,HPN,NY,AEA,EN,Towers with Radar,33,118,121,0,272,0,6,68,0,74,33,124,189,0,346,0,0,0,346
06/09/2015,HPN,NY,AEA,EN,Towers with Radar,32,124,127,0,283,0,2,37,0,39,32,126,164,0,322,0,0,0,322
06/10/2015,HPN,NY,AEA,EN,Towers with Radar,35,121,137,2,295,0,21,186,0,207,35,142,323,2,502,58,0,58,560
06/11/2015,HPN,NY,AEA,EN,Towers with Radar,35,137,112,0,284,0,13,133,0,146,35,150,245,0,430,0,0,0,430
06/12/2015,HPN,NY,AEA,EN,Towers with Radar,36,145,116,0,297,0,77,136,0,213,36,222,252,0,510,136,0,136,646
06/13/2015,HPN,NY,AEA,EN,Towers with Radar,33,74,62,1,170,0,17,151,6,174,33,91,213,7,344,58,0,58,402
06/14/2015,HPN,NY,AEA,EN,Towers with Radar,33,125,115,1,274,0,43,230,2,275,33,168,345,3,549,76,0,76,625
06/15/2015,HPN,NY,AEA,EN,Towers with Radar,29,97,87,0,213,0,0,0,0,0,29,97,87,0,213,0,0,0,213
06/16/2015,HPN,NY,AEA,EN,Towers with Radar,24,123,102,0,249,0,0,18,0,18,24,123,120,0,267,0,0,0,267
06/17/2015,HPN,NY,AEA,EN,Towers with Radar,34,145,132,0,311,0,17,142,0,159,34,162,274,0,470,98,0,98,568
06/18/2015,HPN,NY,AEA,EN,Towers with Radar,35,151,152,0,338,0,27,69,0,96,35,178,221,0,434,0,0,0,434
06/19/2015,HPN,NY,AEA,EN,Towers with Radar,37,137,134,0,308,0,26,169,1,196,37,163,303,1,504,64,0,64,568
06/20/2015,HPN,NY,AEA,EN,Towers with Radar,32,87,112,0,231,0,2,46,0,48,32,89,158,0,279,178,0,178,457
06/21/2015,HPN,NY,AEA,EN,Towers with Radar,37,148,121,0,306,0,24,81,0,105,37,172,202,0,411,6,0,6,417
06/22/2015,HPN,NY,AEA,EN,Towers with Radar,38,131,126,0,295,0,18,168,1,187,38,149,294,1,482,124,0,124,606
06/23/2015,HPN,NY,AEA,EN,Towers with Radar,30,133,100,0,263,0,10,59,0,69,30,143,159,0,332,0,0,0,332
06/24/2015,HPN,NY,AEA,EN,Towers with Radar,30,125,121,0,276,0,25,195,0,220,30,150,316,0,496,60,0,60,556
06/25/2015,HPN,NY,AEA,EN,Towers with Radar,33,129,114,0,276,0,25,199,0,224,33,154,313,0,500,64,0,64,564
06/26/2015,HPN,NY,AEA,EN,Towers with Radar,39,164,146,1,350,0,40,180,0,220,39,204,326,1,570,102,0,102,672
06/27/2015,HPN,NY,AEA,EN,Towers with Radar,28,88,98,0,214,0,19,84,0,103,28,107,182,0,317,22,0,22,339
06/28/2015,HPN,NY,AEA,EN,Towers with Radar,36,174,179,1,390,0,0,15,0,15,36,174,194,1,405,0,0,0,405
06/29/2015,HPN,NY,AEA,EN,Towers with Radar,36,129,140,0,305,0,22,140,0,162,36,151,280,0,467,98,0,98,565
06/30/2015,HPN,NY,AEA,EN,Towers with Radar,59,213,187,0,459,0,14,200,2,216,59,227,387,2,675,24,0,24,699
07/01/2015,HPN,NY,AEA,EN,Towers with Radar,35,159,145,3,342,0,16,106,0,122,35,175,251,3,464,10,0,10,474
07/02/2015,HPN,NY,AEA,EN,Towers with Radar,35,156,127,0,318,0,83,243,1,327,35,239,370,1,645,48,0,48,693
07/03/2015,HPN,NY,AEA,EN,Towers with Radar,42,112,100,0,254,0,44,269,0,313,42,156,369,0,567,14,0,14,581
07/04/2015,HPN,NY,AEA,EN,Towers with Radar,30,44,51,0,125,0,9,60,0,69,30,53,111,0,194,108,0,108,302
07/05/2015,HPN,NY,AEA,EN,Towers with Radar,35,151,130,2,318,0,82,294,2,378,35,233,424,4,696,92,0,92,788
07/06/2015,HPN,NY,AEA,EN,Towers with Radar,39,143,115,0,297,0,54,180,0,234,39,197,295,0,531,30,0,30,561
07/07/2015,HPN,NY,AEA,EN,Towers with Radar,39,164,118,0,321,0,11,214,0,225,39,175,332,0,546,24,0,24,570
07/08/2015,HPN,NY,AEA,EN,Towers with Radar,37,106,111,0,254,0,15,86,0,101,37,121,197,0,355,14,0,14,369
07/09/2015,HPN,NY,AEA,EN,Towers with Radar,37,181,167,2,387,0,5,35,0,40,37,186,202,2,427,42,0,42,469
07/10/2015,HPN,NY,AEA,EN,Towers with Radar,37,146,135,0,318,0,53,218,0,271,37,199,353,0,589,106,0,106,695
07/11/2015,HPN,NY,AEA,EN,Towers with Radar,29,61,63,0,153,0,34,217,0,251,29,95,280,0,404,88,0,88,492
07/12/2015,HPN,NY,AEA,EN,Towers with Radar,33,136,102,0,271,0,64,255,0,319,33,200,357,0,590,86,0,86,676
07/13/2015,HPN,NY,AEA,EN,Towers with Radar,35,125,118,0,278,0,58,122,1,181,35,183,240,1,459,124,0,124,583
07/14/2015,HPN,NY,AEA,EN,Towers with Radar,31,124,120,0,275,0,4,49,0,53,31,128,169,0,328,40,0,40,368
07/15/2015,HPN,NY,AEA,EN,Towers with Radar,36,155,94,0,285,0,8,32,0,40,36,163,126,0,325,0,0,0,325
07/16/2015,HPN,NY,AEA,EN,Towers with Radar,36,120,120,0,276,0,60,217,0,277,36,180,337,0,553,82,0,82,635
07/17/2015,HPN,NY,AEA,EN,Towers with Radar,38,149,131,0,318,0,59,216,0,275,38,208,347,0,593,99,0,99,692
07/18/2015,HPN,NY,AEA,EN,Towers with Radar,28,117,91,2,238,0,10,47,0,57,28,127,138,2,295,0,0,0,295
07/19/2015,HPN,NY,AEA,EN,Towers with Radar,34,169,346,0,549,0,41,191,1,233,34,210,537,1,782,140,0,140,922
07/20/2015,HPN,NY,AEA,EN,Towers with Radar,37,143,96,0,276,0,51,140,0,191,37,194,236,0,467,98,0,98,565
07/21/2015,HPN,NY,AEA,EN,Towers with Radar,35,163,110,0,308,0,12,68,0,80,35,175,178,0,388,66,0,66,454
07/22/2015,HPN,NY,AEA,EN,Towers with Radar,35,147,130,0,312,0,28,171,0,199,35,175,301,0,511,92,0,92,603
07/23/2015,HPN,NY,AEA,EN,Towers with Radar,35,176,138,0,349,0,69,230,1,300,35,245,368,1,649,63,0,63,712
07/24/2015,HPN,NY,AEA,EN,Towers with Radar,36,181,149,0,366,0,56,275,0,331,36,237,424,0,697,96,0,96,793
07/25/2015,HPN,NY,AEA,EN,Towers with Radar,30,106,92,1,229,0,25,206,0,231,30,131,298,1,460,208,0,208,668
07/26/2015,HPN,NY,AEA,EN,Towers with Radar,34,200,148,1,383,0,35,142,1,178,34,235,290,2,561,0,0,0,561
07/27/2015,HPN,NY,AEA,EN,Towers with Radar,37,172,139,0,348,0,26,147,0,173,37,198,286,0,521,120,0,120,641
07/28/2015,HPN,NY,AEA,EN,Towers with Radar,34,120,100,0,254,0,21,130,1,152,34,141,230,1,406,102,0,102,508
07/29/2015,HPN,NY,AEA,EN,Towers with Radar,35,140,131,0,306,0,23,176,0,199,35,163,307,0,505,58,0,58,563
07/30/2015,HPN,NY,AEA,EN,Towers with Radar,35,181,132,0,348,0,11,52,0,63,35,192,184,0,411,72,0,72,483
07/31/2015,HPN,NY,AEA,EN,Towers with Radar,34,160,134,0,328,0,72,286,0,358,34,232,420,0,686,158,0,158,844
08/01/2015,HPN,NY,AEA,EN,Towers with Radar,28,85,74,0,187,0,27,175,0,202,28,112,249,0,389,36,0,36,425
08/02/2015,HPN,NY,AEA,EN,Towers with Radar,34,140,102,0,276,0,57,262,1,320,34,197,364,1,596,54,0,54,650
08/03/2015,HPN,NY,AEA,EN,Towers with Radar,34,112,94,0,240,0,65,168,0,233,34,177,262,0,473,90,0,90,563
08/04/2015,HPN,NY,AEA,EN,Towers with Radar,35,129,75,0,239,0,20,104,0,124,35,149,179,0,363,78,0,78,441
08/05/2015,HPN,NY,AEA,EN,Towers with Radar,34,100,108,0,242,0,29,163,3,195,34,129,271,3,437,92,0,92,529
08/06/2015,HPN,NY,AEA,EN,Towers with Radar,38,121,126,0,285,0,95,138,0,233,38,216,264,0,518,0,0,0,518
08/07/2015,HPN,NY,AEA,EN,Towers with Radar,34,170,143,0,347,0,68,243,0,311,34,238,386,0,658,34,0,34,692
08/08/2015,HPN,NY,AEA,EN,Towers with Radar,26,89,80,0,195,0,36,141,0,177,26,125,221,0,372,146,0,146,518
08/09/2015,HPN,NY,AEA,EN,Towers with Radar,34,200,135,0,369,0,44,226,0,270,34,244,361,0,639,54,0,54,693
08/10/2015,HPN,NY,AEA,EN,Towers with Radar,34,166,97,0,297,0,49,146,0,195,34,215,243,0,492,154,0,154,646
08/11/2015,HPN,NY,AEA,EN,Towers with Radar,34,145,114,0,293,0,0,6,0,6,34,145,120,0,299,0,0,0,299
08/12/2015,HPN,NY,AEA,EN,Towers with Radar,32,141,131,0,304,0,26,166,0,192,32,167,297,0,496,58,0,58,554
08/13/2015,HPN,NY,AEA,EN,Towers with Radar,34,146,149,0,329,0,52,190,0,242,34,198,339,0,571,18,0,18,589
08/14/2015,HPN,NY,AEA,EN,Towers with Radar,36,155,128,0,319,0,73,199,0,272,36,228,327,0,591,0,0,0,591
08/15/2015,HPN,NY,AEA,EN,Towers with Radar,28,108,84,0,220,0,35,130,0,165,28,143,214,0,385,70,0,70,455
08/16/2015,HPN,NY,AEA,EN,Towers with Radar,31,159,132,0,322,0,70,200,0,270,31,229,332,0,592,58,0,58,650
08/17/2015,HPN,NY,AEA,EN,Towers with Radar,35,131,106,1,273,0,48,146,0,194,35,179,252,1,467,34,0,34,501
08/18/2015,HPN,NY,AEA,EN,Towers with Radar,36,127,106,0,269,0,25,101,1,127,36,152,207,1,396,94,0,94,490
08/19/2015,HPN,NY,AEA,EN,Towers with Radar,38,146,130,0,314,0,36,100,1,137,38,182,230,1,451,24,0,24,475
08/20/2015,HPN,NY,AEA,EN,Towers with Radar,36,190,104,1,331,0,30,92,0,122,36,220,196,1,453,20,0,20,473
08/21/2015,HPN,NY,AEA,EN,Towers with Radar,39,190,130,0,359,0,27,108,0,135,39,217,238,0,494,46,0,46,540
08/22/2015,HPN,NY,AEA,EN,Towers with Radar,33,114,93,0,240,0,22,173,0,195,33,136,266,0,435,86,0,86,521
08/23/2015,HPN,NY,AEA,EN,Towers with Radar,37,204,133,0,374,0,34,161,0,195,37,238,294,0,569,44,0,44,613
08/24/2015,HPN,NY,AEA,EN,Towers with Radar,40,159,136,0,335,0,24,119,0,143,40,183,255,0,478,104,0,104,582
08/25/2015,HPN,NY,AEA,EN,Towers with Radar,39,105,111,0,255,0,23,108,0,131,39,128,219,0,386,78,0,78,464
08/26/2015,HPN,NY,AEA,EN,Towers with Radar,35,113,108,0,256,0,71,101,0,172,35,184,209,0,428,152,0,152,580
08/27/2015,HPN,NY,AEA,EN,Towers with Radar,42,133,85,1,261,0,40,169,1,210,42,173,254,2,471,36,0,36,507
08/28/2015,HPN,NY,AEA,EN,Towers with Radar,41,127,84,0,252,0,60,240,1,301,41,187,324,1,553,32,0,32,585
08/29/2015,HPN,NY,AEA,EN,Towers with Radar,40,77,79,0,196,0,37,165,0,202,40,114,244,0,398,42,0,42,440
08/30/2015,HPN,NY,AEA,EN,Towers with Radar,38,148,114,0,300,0,51,198,1,250,38,199,312,1,550,76,0,76,626
08/31/2015,HPN,NY,AEA,EN,Towers with Radar,42,106,125,0,273,0,50,157,0,207,42,156,282,0,480,20,0,20,500
09/01/2015,HPN,NY,AEA,EN,Towers with Radar,39,104,110,0,253,0,26,145,2,173,39,130,255,2,426,22,0,22,448
09/02/2015,HPN,NY,AEA,EN,Towers with Radar,37,137,107,0,281,0,24,157,0,181,37,161,264,0,462,98,0,98,560
09/03/2015,HPN,NY,AEA,EN,Towers with Radar,40,126,125,0,291,0,51,164,0,215,40,177,289,0,506,26,0,26,532
09/04/2015,HPN,NY,AEA,EN,Towers with Radar,38,189,125,0,352,0,34,173,0,207,38,223,298,0,559,98,0,98,657
09/05/2015,HPN,NY,AEA,EN,Towers with Radar,25,57,57,0,139,0,25,137,0,162,25,82,194,0,301,102,0,102,403
09/06/2015,HPN,NY,AEA,EN,Towers with Radar,28,82,79,0,189,0,22,163,0,185,28,104,242,0,374,66,0,66,440
09/07/2015,HPN,NY,AEA,EN,Towers with Radar,38,178,118,0,334,0,78,247,0,325,38,256,365,0,659,18,0,18,677
09/08/2015,HPN,NY,AEA,EN,Towers with Radar,36,134,113,0,283,0,35,167,0,202,36,169,280,0,485,64,0,64,549
09/09/2015,HPN,NY,AEA,EN,Towers with Radar,36,114,123,0,273,0,17,106,0,123,36,131,229,0,396,86,0,86,482
09/10/2015,HPN,NY,AEA,EN,Towers with Radar,38,143,160,0,341,0,0,13,0,13,38,143,173,0,354,0,0,0,354
09/11/2015,HPN,NY,AEA,EN,Towers with Radar,35,200,137,2,374,0,23,123,0,146,35,223,260,2,520,8,0,8,528
09/12/2015,HPN,NY,AEA,EN,Towers with Radar,28,101,83,0,212,0,5,84,0,89,28,106,167,0,301,62,0,62,363
09/13/2015,HPN,NY,AEA,EN,Towers with Radar,36,160,136,0,332,0,21,87,0,108,36,181,223,0,440,32,0,32,472
09/14/2015,HPN,NY,AEA,EN,Towers with Radar,36,133,106,1,276,0,15,148,0,163,36,148,254,1,439,0,0,0,439
09/15/2015,HPN,NY,AEA,EN,Towers with Radar,37,135,110,1,283,0,9,127,0,136,37,144,237,1,419,74,0,74,493
09/16/2015,HPN,NY,AEA,EN,Towers with Radar,33,136,117,0,286,0,25,176,1,202,33,161,293,1,488,106,0,106,594
09/17/2015,HPN,NY,AEA,EN,Towers with Radar,37,166,139,1,343,0,30,175,1,206,37,196,314,2,549,138,0,138,687
09/18/2015,HPN,NY,AEA,EN,Towers with Radar,35,143,123,2,303,0,35,188,1,224,35,178,311,3,527,84,0,84,611
09/19/2015,HPN,NY,AEA,EN,Towers with Radar,31,99,64,0,194,0,7,106,0,113,31,106,170,0,307,30,0,30,337
09/20/2015,HPN,NY,AEA,EN,Towers with Radar,35,173,105,0,313,0,26,166,0,192,35,199,271,0,505,36,0,36,541
09/21/2015,HPN,NY,AEA,EN,Towers with Radar,37,134,126,0,297,0,22,126,1,149,37,156,252,1,446,30,0,30,476
09/22/2015,HPN,NY,AEA,EN,Towers with Radar,35,103,115,1,254,0,8,92,0,100,35,111,207,1,354,26,0,26,380
09/23/2015,HPN,NY,AEA,EN,Towers with Radar,36,119,114,0,269,0,24,100,0,124,36,143,214,0,393,38,0,38,431
09/24/2015,HPN,NY,AEA,EN,Towers with Radar,42,156,137,1,336,0,27,125,0,152,42,183,262,1,488,122,0,122,610
09/25/2015,HPN,NY,AEA,EN,Towers with Radar,37,174,175,0,386,0,28,120,0,148,37,202,295,0,534,0,0,0,534
09/26/2015,HPN,NY,AEA,EN,Towers with Radar,30,93,71,1,195,0,15,141,1,157,30,108,212,2,352,0,0,0,352
09/27/2015,HPN,NY,AEA,EN,Towers with Radar,39,153,133,2,327,0,27,165,0,192,39,180,298,2,519,0,0,0,519
09/28/2015,HPN,NY,AEA,EN,Towers with Radar,39,161,145,2,347,0,3,40,0,43,39,164,185,2,390,0,0,0,390
09/29/2015,HPN,NY,AEA,EN,Towers with Radar,37,131,130,1,299,0,0,13,0,13,37,131,143,1,312,0,0,0,312
09/30/2015,HPN,NY,AEA,EN,Towers with Radar,37,169,118,2,326,0,1,18,0,19,37,170,136,2,345,0,0,0,345
10/01/2015,HPN,NY,AEA,EN,Towers with Radar,35,155,154,0,344,0,8,99,0,107,35,163,253,0,451,80,0,80,531
10/02/2015,HPN,NY,AEA,EN,Towers with Radar,39,153,104,1,297,0,7,31,0,38,39,160,135,1,335,0,0,0,335
10/03/2015,HPN,NY,AEA,EN,Towers with Radar,34,97,75,0,206,0,0,4,0,4,34,97,79,0,210,0,0,0,210
10/04/2015,HPN,NY,AEA,EN,Towers with Radar,37,124,99,0,260,0,18,117,0,135,37,142,216,0,395,50,0,50,445
10/05/2015,HPN,NY,AEA,EN,Towers with Radar,44,122,98,0,264,0,10,107,0,117,44,132,205,0,381,74,0,74,455
10/06/2015,HPN,NY,AEA,EN,Towers with Radar,40,110,100,0,250,0,17,125,0,142,40,127,225,0,392,36,0,36,428
10/07/2015,HPN,NY,AEA,EN,Towers with Radar,40,131,145,0,316,0,20,128,0,148,40,151,273,0,464,146,0,146,610
10/08/2015,HPN,NY,AEA,EN,Towers with Radar,45,141,168,0,354,0,39,164,0,203,45,180,332,0,557,12,0,12,569
10/09/2015,HPN,NY,AEA,EN,Towers with Radar,41,230,160,2,433,0,18,69,0,87,41,248,229,2,520,0,0,0,520
10/10/2015,HPN,NY,AEA,EN,Towers with Radar,34,96,67,0,197,0,26,167,0,193,34,122,234,0,390,44,0,44,434
10/11/2015,HPN,NY,AEA,EN,Towers with Radar,35,137,96,0,268,0,10,174,0,184,35,147,270,0,452,44,0,44,496
10/12/2015,HPN,NY,AEA,EN,Towers with Radar,42,159,131,0,332,0,65,176,0,241,42,224,307,0,573,38,0,38,611
10/13/2015,HPN,NY,AEA,EN,Towers with Radar,42,141,117,0,300,0,7,85,0,92,42,148,202,0,392,75,0,75,467
10/14/2015,HPN,NY,AEA,EN,Towers with Radar,42,133,114,0,289,0,18,97,0,115,42,151,211,0,404,0,0,0,404
10/15/2015,HPN,NY,AEA,EN,Towers with Radar,41,133,120,0,294,0,31,149,0,180,41,164,269,0,474,34,0,34,508
10/16/2015,HPN,NY,AEA,EN,Towers with Radar,46,166,126,0,338,0,75,79,0,154,46,241,205,0,492,26,0,26,518
10/17/2015,HPN,NY,AEA,EN,Towers with Radar,33,93,70,0,196,0,56,88,0,144,33,149,158,0,340,44,0,44,384
10/18/2015,HPN,NY,AEA,EN,Towers with Radar,37,155,110,0,302,0,24,164,0,188,37,179,274,0,490,40,0,40,530
10/19/2015,HPN,NY,AEA,EN,Towers with Radar,41,115,99,0,255,0,13,116,0,129,41,128,215,0,384,0,0,0,384
10/20/2015,HPN,NY,AEA,EN,Towers with Radar,41,116,104,0,261,0,13,140,1,154,41,129,244,1,415,66,0,66,481
10/21/2015,HPN,NY,AEA,EN,Towers with Radar,38,128,137,0,303,0,12,139,0,151,38,140,276,0,454,68,0,68,522
10/22/2015,HPN,NY,AEA,EN,Towers with Radar,43,174,120,2,339,0,18,118,0,136,43,192,238,2,475,32,0,32,507
10/23/2015,HPN,NY,AEA,EN,Towers with Radar,42,167,95,0,304,0,26,123,0,149,42,193,218,0,453,37,0,37,490
10/24/2015,HPN,NY,AEA,EN,Towers with Radar,32,95,92,0,219,0,6,155,0,161,32,101,247,0,380,82,0,82,462
10/25/2015,HPN,NY,AEA,EN,Towers with Radar,39,190,140,0,369,0,11,52,0,63,39,201,192,0,432,28,0,28,460
10/26/2015,HPN,NY,AEA,EN,Towers with Radar,49,124,120,0,293,0,17,155,0,172,49,141,275,0,465,6,0,6,471
10/27/2015,HPN,NY,AEA,EN,Towers with Radar,49,128,113,0,290,0,13,110,0,123,49,141,223,0,413,46,0,46,459
10/28/2015,HPN,NY,AEA,EN,Towers with Radar,40,172,180,0,392,0,0,2,0,2,40,172,182,0,394,0,0,0,394
10/29/2015,HPN,NY,AEA,EN,Towers with Radar,44,153,118,0,315,0,9,81,0,90,44,162,199,0,405,0,0,0,405
10/30/2015,HPN,NY,AEA,EN,Towers with Radar,50,136,97,0,283,0,24,133,0,157,50,160,230,0,440,44,0,44,484
10/31/2015,HPN,NY,AEA,EN,Towers with Radar,37,70,42,0,149,0,13,181,0,194,37,83,223,0,343,60,0,60,403
11/01/2015,HPN,NY,AEA,EN,Towers with Radar,38,130,119,0,287,0,4,125,0,129,38,134,244,0,416,20,0,20,436
11/02/2015,HPN,NY,AEA,EN,Towers with Radar,42,98,122,0,262,0,14,77,0,91,42,112,199,0,353,0,0,0,353
11/03/2015,HPN,NY,AEA,EN,Towers with Radar,41,118,118,0,277,0,17,97,0,114,41,135,215,0,391,78,0,78,469
11/04/2015,HPN,NY,AEA,EN,Towers with Radar,45,116,125,0,286,0,16,110,1,127,45,132,235,1,413,14,0,14,427
11/05/2015,HPN,NY,AEA,EN,Towers with Radar,44,143,136,0,323,0,0,9,0,9,44,143,145,0,332,0,0,0,332
11/06/2015,HPN,NY,AEA,EN,Towers with Radar,45,149,130,0,324,0,5,54,0,59,45,154,184,0,383,0,0,0,383
11/07/2015,HPN,NY,AEA,EN,Towers with Radar,37,68,70,0,175,0,11,127,0,138,37,79,197,0,313,32,0,32,345
11/08/2015,HPN,NY,AEA,EN,Towers with Radar,37,124,113,0,274,1,33,185,0,219,38,157,298,0,493,82,0,82,575
11/09/2015,HPN,NY,AEA,EN,Towers with Radar,43,104,111,0,258,0,39,108,0,147,43,143,219,0,405,70,0,70,475
11/10/2015,HPN,NY,AEA,EN,Towers with Radar,36,123,129,0,288,0,0,20,0,20,36,123,149,0,308,42,0,42,350
11/11/2015,HPN,NY,AEA,EN,Towers with Radar,40,137,154,0,331,0,1,47,0,48,40,138,201,0,379,0,0,0,379
11/12/2015,HPN,NY,AEA,EN,Towers with Radar,44,149,161,1,355,0,0,12,0,12,44,149,173,1,367,0,0,0,367
11/13/2015,HPN,NY,AEA,EN,Towers with Radar,44,139,130,0,313,0,13,109,0,122,44,152,239,0,435,0,0,0,435
11/14/2015,HPN,NY,AEA,EN,Towers with Radar,35,60,48,1,144,0,7,55,0,62,35,67,103,1,206,4,0,4,210
11/15/2015,HPN,NY,AEA,EN,Towers with Radar,35,118,117,0,270,0,16,201,0,217,35,134,318,0,487,70,0,70,557
11/16/2015,HPN,NY,AEA,EN,Towers with Radar,42,118,121,0,281,0,15,124,0,139,42,133,245,0,420,224,0,224,644
11/17/2015,HPN,NY,AEA,EN,Towers with Radar,38,110,86,0,234,0,12,99,0,111,38,122,185,0,345,76,0,76,421
11/18/2015,HPN,NY,AEA,EN,Towers with Radar,45,113,107,0,265,0,8,65,0,73,45,121,172,0,338,24,0,24,362
11/19/2015,HPN,NY,AEA,EN,Towers with Radar,47,163,177,2,389,0,0,1,0,1,47,163,178,2,390,0,0,0,390
11/20/2015,HPN,NY,AEA,EN,Towers with Radar,42,152,143,0,337,0,23,146,0,169,42,175,289,0,506,82,0,82,588
11/21/2015,HPN,NY,AEA,EN,Towers with Radar,31,78,79,0,188,0,67,134,0,201,31,145,213,0,389,96,0,96,485
11/22/2015,HPN,NY,AEA,EN,Towers with Radar,33,122,108,0,263,0,13,159,0,172,33,135,267,0,435,84,0,84,519
11/23/2015,HPN,NY,AEA,EN,Towers with Radar,36,94,94,2,226,0,21,129,0,150,36,115,223,2,376,66,0,66,442
11/24/2015,HPN,NY,AEA,EN,Towers with Radar,37,184,163,1,385,0,27,59,1,87,37,211,222,2,472,0,0,0,472
11/25/2015,HPN,NY,AEA,EN,Towers with Radar,44,158,150,0,352,0,30,177,0,207,44,188,327,0,559,8,0,8,567
11/26/2015,HPN,NY,AEA,EN,Towers with Radar,34,84,43,0,161,0,6,57,0,63,34,90,100,0,224,0,0,0,224
11/27/2015,HPN,NY,AEA,EN,Towers with Radar,43,107,57,0,207,0,8,111,0,119,43,115,168,0,326,66,0,66,392
11/28/2015,HPN,NY,AEA,EN,Towers with Radar,41,137,101,0,279,0,1,60,0,61,41,138,161,0,340,24,0,24,364
11/29/2015,HPN,NY,AEA,EN,Towers with Radar,44,249,223,0,516,0,47,214,0,261,44,296,437,0,777,8,0,8,785
11/30/2015,HPN,NY,AEA,EN,Towers with Radar,41,146,124,0,311,0,5,80,0,85,41,151,204,0,396,58,0,58,454
12/01/2015,HPN,NY,AEA,EN,Towers with Radar,38,131,141,0,310,0,0,9,0,9,38,131,150,0,319,0,0,0,319
12/02/2015,HPN,NY,AEA,EN,Towers with Radar,45,88,105,0,238,0,0,0,0,0,45,88,105,0,238,0,0,0,238
12/03/2015,HPN,NY,AEA,EN,Towers with Radar,41,139,154,1,335,0,10,106,0,116,41,149,260,1,451,26,0,26,477
12/04/2015,HPN,NY,AEA,EN,Towers with Radar,41,125,111,0,277,0,36,185,0,221,41,161,296,0,498,100,0,100,598
12/05/2015,HPN,NY,AEA,EN,Towers with Radar,31,80,62,0,173,1,15,184,0,200,32,95,246,0,373,170,0,170,543
12/06/2015,HPN,NY,AEA,EN,Towers with Radar,38,131,108,0,277,0,29,182,0,211,38,160,290,0,488,50,0,50,538
12/07/2015,HPN,NY,AEA,EN,Towers with Radar,37,96,126,0,259,0,14,90,0,104,37,110,216,0,363,102,0,102,465
12/08/2015,HPN,NY,AEA,EN,Towers with Radar,45,133,142,0,320,0,9,92,0,101,45,142,234,0,421,88,6,94,515
12/09/2015,HPN,NY,AEA,EN,Towers with Radar,41,126,142,0,309,0,31,67,0,98,41,157,209,0,407,96,0,96,503
12/10/2015,HPN,NY,AEA,EN,Towers with Radar,47,124,131,0,302,0,12,104,0,116,47,136,235,0,418,42,0,42,460
12/11/2015,HPN,NY,AEA,EN,Towers with Radar,39,99,112,0,250,0,12,67,0,79,39,111,179,0,329,0,0,0,329
12/12/2015,HPN,NY,AEA,EN,Towers with Radar,35,64,64,0,163,0,10,134,0,144,35,74,198,0,307,72,0,72,379
12/13/2015,HPN,NY,AEA,EN,Towers with Radar,41,97,121,0,259,0,2,114,0,116,41,99,235,0,375,104,0,104,479
12/14/2015,HPN,NY,AEA,EN,Towers with Radar,15,44,45,0,104,0,0,0,0,0,15,44,45,0,104,0,0,0,104
12/15/2015,HPN,NY,AEA,EN,Towers with Radar,40,124,116,0,280,0,9,86,0,95,40,133,202,0,375,32,0,32,407
12/16/2015,HPN,NY,AEA,EN,Towers with Radar,42,125,133,1,301,0,8,122,1,131,42,133,255,2,432,98,0,98,530
12/17/2015,HPN,NY,AEA,EN,Towers with Radar,41,135,92,1,269,0,0,0,0,0,41,135,92,1,269,0,0,0,269
12/18/2015,HPN,NY,AEA,EN,Towers with Radar,38,175,153,0,366,0,5,61,0,66,38,180,214,0,432,36,0,36,468
12/19/2015,HPN,NY,AEA,EN,Towers with Radar,42,121,99,0,262,0,7,106,0,113,42,128,205,0,375,30,0,30,405
12/20/2015,HPN,NY,AEA,EN,Towers with Radar,34,108,109,1,252,0,17,179,0,196,34,125,288,1,448,118,0,118,566
12/21/2015,HPN,NY,AEA,EN,Towers with Radar,34,111,74,1,220,0,16,86,2,104,34,127,160,3,324,58,0,58,382
12/22/2015,HPN,NY,AEA,EN,Towers with Radar,34,111,93,0,238,0,3,2,0,5,34,114,95,0,243,14,0,14,257
12/23/2015,HPN,NY,AEA,EN,Towers with Radar,31,88,69,0,188,0,0,0,0,0,31,88,69,0,188,0,0,0,188
12/24/2015,HPN,NY,AEA,EN,Towers with Radar,31,86,77,0,194,0,6,13,0,19,31,92,90,0,213,0,0,0,213
12/25/2015,HPN,NY,AEA,EN,Towers with Radar,35,120,39,0,194,0,7,23,0,30,35,127,62,0,224,20,0,20,244
12/26/2015,HPN,NY,AEA,EN,Towers with Radar,34,145,179,0,358,0,7,72,0,79,34,152,251,0,437,50,0,50,487
12/27/2015,HPN,NY,AEA,EN,Towers with Radar,36,139,117,0,292,0,0,7,0,7,36,139,124,0,299,0,0,0,299
12/28/2015,HPN,NY,AEA,EN,Towers with Radar,37,97,66,0,200,0,4,83,0,87,37,101,149,0,287,12,0,12,299
12/29/2015,HPN,NY,AEA,EN,Towers with Radar,34,74,36,0,144,0,0,0,0,0,34,74,36,0,144,0,0,0,144
12/30/2015,HPN,NY,AEA,EN,Towers with Radar,31,60,65,0,156,0,0,0,0,0,31,60,65,0,156,0,0,0,156
12/31/2015,HPN,NY,AEA,EN,Towers with Radar,37,78,53,0,168,0,1,27,0,28,37,79,80,0,196,6,0,6,202
01/01/2016,HPN,NY,AEA,EN,Towers with Radar,33,91,67,1,192,0,3,64,0,67,33,94,131,1,259,56,0,56,315
01/02/2016,HPN,NY,AEA,EN,Towers with Radar,35,149,164,0,348,0,30,60,0,90,35,179,224,0,438,40,0,40,478
01/03/2016,HPN,NY,AEA,EN,Towers with Radar,37,235,204,1,477,0,9,119,0,128,37,244,323,1,605,38,0,38,643
01/04/2016,HPN,NY,AEA,EN,Towers with Radar,36,113,104,1,254,0,5,67,0,72,36,118,171,1,326,32,0,32,358
01/05/2016,HPN,NY,AEA,EN,Towers with Radar,39,82,79,0,200,0,9,79,0,88,39,91,158,0,288,24,0,24,312
01/06/2016,HPN,NY,AEA,EN,Towers with Radar,37,78,68,0,183,0,10,40,0,50,37,88,108,0,233,74,0,74,307
01/07/2016,HPN,NY,AEA,EN,Towers with Radar,34,85,82,0,201,0,17,57,0,74,34,102,139,0,275,38,0,38,313
01/08/2016,HPN,NY,AEA,EN,Towers with Radar,39,109,74,1,223,0,1,80,2,83,39,110,154,3,306,0,0,0,306
01/09/2016,HPN,NY,AEA,EN,Towers with Radar,32,73,47,0,152,0,0,12,0,12,32,73,59,0,164,0,0,0,164
01/10/2016,HPN,NY,AEA,EN,Towers with Radar,38,83,91,0,212,0,0,10,0,10,38,83,101,0,222,0,0,0,222
01/11/2016,HPN,NY,AEA,EN,Towers with Radar,37,92,95,0,224,0,5,82,0,87,37,97,177,0,311,0,0,0,311
01/12/2016,HPN,NY,AEA,EN,Towers with Radar,41,92,94,0,227,0,1,76,0,77,41,93,170,0,304,39,0,39,343
01/13/2016,HPN,NY,AEA,EN,Towers with Radar,45,107,99,0,251,0,9,32,0,41,45,116,131,0,292,12,0,12,304
01/14/2016,HPN,NY,AEA,EN,Towers with Radar,43,159,136,0,338,0,13,43,0,56,43,172,179,0,394,20,0,20,414
01/15/2016,HPN,NY,AEA,EN,Towers with Radar,43,169,129,2,343,0,13,127,0,140,43,182,256,2,483,38,0,38,521
01/16/2016,HPN,NY,AEA,EN,Towers with Radar,27,67,45,0,139,0,0,68,0,68,27,67,113,0,207,28,0,28,235
01/17/2016,HPN,NY,AEA,EN,Towers with Radar,37,87,62,0,186,0,5,80,0,85,37,92,142,0,271,94,0,94,365
01/18/2016,HPN,NY,AEA,EN,Towers with Radar,45,181,138,0,364,0,8,44,0,52,45,189,182,0,416,0,0,0,416
01/19/2016,HPN,NY,AEA,EN,Towers with Radar,43,129,87,0,259,0,15,29,0,44,43,144,116,0,303,0,0,0,303
01/20/2016,HPN,NY,AEA,EN,Towers with Radar,44,88,79,0,211,0,15,107,1,123,44,103,186,1,334,2,0,2,336
01/21/2016,HPN,NY,AEA,EN,Towers with Radar,44,104,101,0,249,0,11,96,0,107,44,115,197,0,356,10,0,10,366
01/22/2016,HPN,NY,AEA,EN,Towers with Radar,34,118,102,0,254,0,17,124,0,141,34,135,226,0,395,26,0,26,421
01/23/2016,HPN,NY,AEA,EN,Towers with Radar,1,0,5,0,6,0,0,0,0,0,1,0,5,0,6,0,0,0,6
01/24/2016,HPN,NY,AEA,EN,Towers with Radar,26,106,105,0,237,0,17,62,0,79,26,123,167,0,316,20,0,20,336
01/25/2016,HPN,NY,AEA,EN,Towers with Radar,38,94,84,0,216,0,11,58,0,69,38,105,142,0,285,16,0,16,301
01/26/2016,HPN,NY,AEA,EN,Towers with Radar,45,100,83,0,228,0,12,74,0,86,45,112,157,0,314,46,0,46,360
01/27/2016,HPN,NY,AEA,EN,Towers with Radar,41,107,103,0,251,0,9,73,0,82,41,116,176,0,333,0,0,0,333
01/28/2016,HPN,NY,AEA,EN,Towers with Radar,42,104,101,0,247,0,20,103,0,123,42,124,204,0,370,2,0,2,372
01/29/2016,HPN,NY,AEA,EN,Towers with Radar,38,137,99,2,276,0,6,69,1,76,38,143,168,3,352,60,0,60,412
01/30/2016,HPN,NY,AEA,EN,Towers with Radar,31,54,42,0,127,0,13,126,2,141,31,67,168,2,268,64,0,64,332
01/31/2016,HPN,NY,AEA,EN,Towers with Radar,38,114,111,0,263,0,18,126,0,144,38,132,237,0,407,56,0,56,463
02/01/2016,HPN,NY,AEA,EN,Towers with Radar,42,92,78,0,212,0,15,56,0,71,42,107,134,0,283,10,0,10,293
02/02/2016,HPN,NY,AEA,EN,Towers with Radar,40,101,78,0,219,0,12,130,0,142,40,113,208,0,361,108,0,108,469
02/03/2016,HPN,NY,AEA,EN,Towers with Radar,40,128,95,0,263,0,2,16,0,18,40,130,111,0,281,0,0,0,281
02/04/2016,HPN,NY,AEA,EN,Towers with Radar,40,143,106,0,289,0,5,84,0,89,40,148,190,0,378,24,0,24,402
02/05/2016,HPN,NY,AEA,EN,Towers with Radar,42,111,80,0,233,0,6,40,0,46,42,117,120,0,279,12,0,12,291
02/06/2016,HPN,NY,AEA,EN,Towers with Radar,29,85,40,0,154,0,8,135,0,143,29,93,175,0,297,76,0,76,373
02/07/2016,HPN,NY,AEA,EN,Towers with Radar,34,112,79,0,225,0,9,137,0,146,34,121,216,0,371,48,0,48,419
02/08/2016,HPN,NY,AEA,EN,Towers with Radar,28,86,88,0,202,0,1,18,0,19,28,87,106,0,221,0,0,0,221
02/09/2016,HPN,NY,AEA,EN,Towers with Radar,38,121,81,0,240,0,3,43,0,46,38,124,124,0,286,0,0,0,286
02/10/2016,HPN,NY,AEA,EN,Towers with Radar,43,136,96,0,275,0,2,33,0,35,43,138,129,0,310,2,0,2,312
02/11/2016,HPN,NY,AEA,EN,Towers with Radar,43,157,126,0,326,0,5,54,1,60,43,162,180,1,386,12,0,12,398
02/12/2016,HPN,NY,AEA,EN,Towers with Radar,37,181,147,0,365,0,45,82,0,127,37,226,229,0,492,18,0,18,510
02/13/2016,HPN,NY,AEA,EN,Towers with Radar,30,81,50,0,161,0,3,29,0,32,30,84,79,0,193,0,0,0,193
02/14/2016,HPN,NY,AEA,EN,Towers with Radar,36,80,41,0,157,0,5,60,0,65,36,85,101,0,222,0,0,0,222
02/15/2016,HPN,NY,AEA,EN,Towers with Radar,31,135,127,0,293,0,0,5,0,5,31,135,132,0,298,14,0,14,312
02/16/2016,HPN,NY,AEA,EN,Towers with Radar,42,201,195,0,438,0,0,11,0,11,42,201,206,0,449,0,0,0,449
02/17/2016,HPN,NY,AEA,EN,Towers with Radar,43,120,90,0,253,0,5,68,0,73,43,125,158,0,326,28,0,28,354
02/18/2016,HPN,NY,AEA,EN,Towers with Radar,43,124,112,0,279,0,16,75,0,91,43,140,187,0,370,22,0,22,392
02/19/2016,HPN,NY,AEA,EN,Towers with Radar,44,101,99,0,244,0,18,137,1,156,44,119,236,1,400,8,0,8,408
02/20/2016,HPN,NY,AEA,EN,Towers with Radar,30,89,52,0,171,0,7,133,0,140,30,96,185,0,311,20,0,20,331
02/21/2016,HPN,NY,AEA,EN,Towers with Radar,42,136,134,0,312,0,6,130,0,136,42,142,264,0,448,126,0,126,574
02/22/2016,HPN,NY,AEA,EN,Towers with Radar,46,101,99,0,246,0,11,142,0,153,46,112,241,0,399,46,0,46,445
02/23/2016,HPN,NY,AEA,EN,Towers with Radar,40,132,95,0,267,0,0,10,1,11,40,132,105,1,278,0,0,0,278
02/24/2016,HPN,NY,AEA,EN,Towers with Radar,36,125,112,0,273,0,0,0,0,0,36,125,112,0,273,0,0,0,273
02/25/2016,HPN,NY,AEA,EN,Towers with Radar,48,129,122,1,300,0,0,61,0,61,48,129,183,1,361,38,0,38,399
02/26/2016,HPN,NY,AEA,EN,Towers with Radar,43,116,101,0,260,0,49,55,0,104,43,165,156,0,364,10,0,10,374
02/27/2016,HPN,NY,AEA,EN,Towers with Radar,29,55,58,0,142,0,42,103,0,145,29,97,161,0,287,64,0,64,351
02/28/2016,HPN,NY,AEA,EN,Towers with Radar,39,100,102,0,241,0,54,110,0,164,39,154,212,0,405,32,0,32,437
02/29/2016,HPN,NY,AEA,EN,Towers with Radar,41,109,97,0,247,0,18,81,0,99,41,127,178,0,346,16,0,16,362
03/01/2016,HPN,NY,AEA,EN,Towers with Radar,40,96,106,0,242,0,15,93,1,109,40,111,199,1,351,76,0,76,427
03/02/2016,HPN,NY,AEA,EN,Towers with Radar,48,117,79,0,244,0,7,75,0,82,48,124,154,0,326,0,0,0,326
03/03/2016,HPN,NY,AEA,EN,Towers with Radar,48,109,138,0,295,1,13,104,0,118,49,122,242,0,413,46,0,46,459
03/04/2016,HPN,NY,AEA,EN,Towers with Radar,39,115,111,0,265,0,14,52,0,66,39,129,163,0,331,10,0,10,341
03/05/2016,HPN,NY,AEA,EN,Towers with Radar,34,70,51,0,155,0,13,101,0,114,34,83,152,0,269,74,0,74,343
03/06/2016,HPN,NY,AEA,EN,Towers with Radar,45,129,87,0,261,0,48,119,0,167,45,177,206,0,428,88,0,88,516
03/07/2016,HPN,NY,AEA,EN,Towers with Radar,44,110,87,0,241,0,12,90,2,104,44,122,177,2,345,12,0,12,357
03/08/2016,HPN,NY,AEA,EN,Towers with Radar,44,98,137,0,279,0,12,103,1,116,44,110,240,1,395,72,0,72,467
03/09/2016,HPN,NY,AEA,EN,Towers with Radar,42,118,95,0,255,0,17,146,0,163,42,135,241,0,418,42,0,42,460
03/10/2016,HPN,NY,AEA,EN,Towers with Radar,44,128,99,0,271,0,7,91,1,99,44,135,190,1,370,60,0,60,430
03/11/2016,HPN,NY,AEA,EN,Towers with Radar,43,145,107,0,295,0,10,128,0,138,43,155,235,0,433,54,0,54,487
03/12/2016,HPN,NY,AEA,EN,Towers with Radar,39,74,81,0,194,0,11,144,0,155,39,85,225,0,349,78,0,78,427
03/13/2016,HPN,NY,AEA,EN,Towers with Radar,42,122,95,0,259,0,11,136,0,147,42,133,231,0,406,114,0,114,520
03/14/2016,HPN,NY,AEA,EN,Towers with Radar,42,128,67,0,237,0,1,14,0,15,42,129,81,0,252,0,0,0,252
03/15/2016,HPN,NY,AEA,EN,Towers with Radar,42,114,100,0,256,0,0,24,0,24,42,114,124,0,280,68,0,68,348
03/16/2016,HPN,NY,AEA,EN,Towers with Radar,37,114,94,0,245,0,6,92,2,100,37,120,186,2,345,38,0,38,383
03/17/2016,HPN,NY,AEA,EN,Towers with Radar,43,151,100,2,296,0,25,52,1,78,43,176,152,3,374,12,0,12,386
03/18/2016,HPN,NY,AEA,EN,Towers with Radar,41,141,90,0,272,0,8,83,0,91,41,149,173,0,363,8,0,8,371
03/19/2016,HPN,NY,AEA,EN,Towers with Radar,33,90,104,0,227,0,10,146,0,156,33,100,250,0,383,82,0,82,465
03/20/2016,HPN,NY,AEA,EN,Towers with Radar,42,125,74,0,241,0,8,74,0,82,42,133,148,0,323,42,0,42,365
03/21/2016,HPN,NY,AEA,EN,Towers with Radar,44,106,75,2,227,0,6,63,0,69,44,112,138,2,296,26,0,26,322
03/22/2016,HPN,NY,AEA,EN,Towers with Radar,44,79,88,0,211,0,11,77,1,89,44,90,165,1,300,18,0,18,318
03/23/2016,HPN,NY,AEA,EN,Towers with Radar,42,112,91,0,245,0,6,94,0,100,42,118,185,0,345,32,0,32,377
03/24/2016,HPN,NY,AEA,EN,Towers with Radar,52,147,146,0,345,0,4,88,0,92,52,151,234,0,437,32,0,32,469
03/25/2016,HPN,NY,AEA,EN,Towers with Radar,46,146,100,0,292,0,7,44,0,51,46,153,144,0,343,10,0,10,353
03/26/2016,HPN,NY,AEA,EN,Towers with Radar,36,94,74,0,204,0,4,133,0,137,36,98,207,0,341,116,0,116,457
03/27/2016,HPN,NY,AEA,EN,Towers with Radar,47,182,146,0,375,0,17,98,0,115,47,199,244,0,490,14,0,14,504
03/28/2016,HPN,NY,AEA,EN,Towers with Radar,53,163,109,1,326,0,0,12,1,13,53,163,121,2,339,0,0,0,339
03/29/2016,HPN,NY,AEA,EN,Towers with Radar,45,117,73,0,235,0,9,53,0,62,45,126,126,0,297,0,0,0,297
03/30/2016,HPN,NY,AEA,EN,Towers with Radar,44,106,100,0,250,0,20,126,0,146,44,126,226,0,396,54,0,54,450
03/31/2016,HPN,NY,AEA,EN,Towers with Radar,44,129,90,1,264,0,15,93,0,108,44,144,183,1,372,0,0,0,372
04/01/2016,HPN,NY,AEA,EN,Towers with Radar,47,142,70,2,261,0,6,26,0,32,47,148,96,2,293,0,0,0,293
04/02/2016,HPN,NY,AEA,EN,Towers with Radar,31,92,51,0,174,0,3,34,0,37,31,95,85,0,211,126,0,126,337
04/03/2016,HPN,NY,AEA,EN,Towers with Radar,43,135,105,0,283,0,11,45,0,56,43,146,150,0,339,2,0,2,341
04/04/2016,HPN,NY,AEA,EN,Towers with Radar,42,127,86,0,255,0,0,3,0,3,42,127,89,0,258,0,0,0,258
04/05/2016,HPN,NY,AEA,EN,Towers with Radar,44,114,97,0,255,0,13,107,0,120,44,127,204,0,375,50,0,50,425
04/06/2016,HPN,NY,AEA,EN,Towers with Radar,42,157,100,0,299,0,44,85,0,129,42,201,185,0,428,40,0,40,468
04/07/2016,HPN,NY,AEA,EN,Towers with Radar,45,162,131,0,338,0,1,29,0,30,45,163,160,0,368,4,0,4,372
04/08/2016,HPN,NY,AEA,EN,Towers with Radar,41,163,133,0,337,0,13,114,0,127,41,176,247,0,464,22,0,22,486
04/09/2016,HPN,NY,AEA,EN,Towers with Radar,36,86,50,0,172,0,2,47,1,50,36,88,97,1,222,24,0,24,246
04/10/2016,HPN,NY,AEA,EN,Towers with Radar,42,114,117,0,273,0,25,207,0,232,42,139,324,0,505,18,0,18,523
04/11/2016,HPN,NY,AEA,EN,Towers with Radar,47,106,96,0,249,0,8,90,0,98,47,114,186,0,347,56,0,56,403
04/12/2016,HPN,NY,AEA,EN,Towers with Radar,48,107,81,0,236,0,4,57,0,61,48,111,138,0,297,0,0,0,297
04/13/2016,HPN,NY,AEA,EN,Towers with Radar,47,118,119,0,284,0,54,79,0,133,47,172,198,0,417,46,0,46,463
04/14/2016,HPN,NY,AEA,EN,Towers with Radar,46,136,113,0,295,0,28,126,0,154,46,164,239,0,449,16,0,16,465
04/15/2016,HPN,NY,AEA,EN,Towers with Radar,45,108,88,0,241,0,30,167,0,197,45,138,255,0,438,98,0,98,536
04/16/2016,HPN,NY,AEA,EN,Towers with Radar,32,65,50,0,147,0,10,179,0,189,32,75,229,0,336,70,0,70,406
04/17/2016,HPN,NY,AEA,EN,Towers with Radar,42,123,100,0,265,0,27,205,0,232,42,150,305,0,497,58,0,58,555
04/18/2016,HPN,NY,AEA,EN,Towers with Radar,43,121,84,0,248,0,15,124,1,140,43,136,208,1,388,72,0,72,460
04/19/2016,HPN,NY,AEA,EN,Towers with Radar,42,103,101,0,246,0,9,111,0,120,42,112,212,0,366,94,0,94,460
04/20/2016,HPN,NY,AEA,EN,Towers with Radar,42,126,85,1,254,0,18,133,2,153,42,144,218,3,407,14,0,14,421
04/21/2016,HPN,NY,AEA,EN,Towers with Radar,44,116,104,0,264,0,38,99,1,138,44,154,203,1,402,44,0,44,446
04/22/2016,HPN,NY,AEA,EN,Towers with Radar,46,134,105,2,287,0,11,108,0,119,46,145,213,2,406,40,0,40,446
04/23/2016,HPN,NY,AEA,EN,Towers with Radar,34,77,63,2,176,0,13,95,0,108,34,90,158,2,284,16,0,16,300
04/24/2016,HPN,NY,AEA,EN,Towers with Radar,43,137,115,0,295,0,24,217,0,241,43,161,332,0,536,16,0,16,552
04/25/2016,HPN,NY,AEA,EN,Towers with Radar,44,110,96,0,250,0,16,123,0,139,44,126,219,0,389,142,0,142,531
04/26/2016,HPN,NY,AEA,EN,Towers with Radar,46,130,116,0,292,0,0,0,0,0,46,130,116,0,292,0,0,0,292
04/27/2016,HPN,NY,AEA,EN,Towers with Radar,46,115,121,0,282,0,21,143,1,165,46,136,264,1,447,116,0,116,563
04/28/2016,HPN,NY,AEA,EN,Towers with Radar,45,148,130,0,323,0,28,118,0,146,45,176,248,0,469,116,0,116,585
04/29/2016,HPN,NY,AEA,EN,Towers with Radar,44,159,118,0,321,0,22,180,0,202,44,181,298,0,523,34,0,34,557
04/30/2016,HPN,NY,AEA,EN,Towers with Radar,32,78,65,0,175,0,15,141,1,157,32,93,206,1,332,78,0,78,410
05/01/2016,HPN,NY,AEA,EN,Towers with Radar,46,195,177,0,418,0,0,12,0,12,46,195,189,0,430,40,0,40,470
05/02/2016,HPN,NY,AEA,EN,Towers with Radar,50,124,81,0,255,0,0,6,0,6,50,124,87,0,261,0,0,0,261
05/03/2016,HPN,NY,AEA,EN,Towers with Radar,43,118,120,0,281,0,0,0,0,0,43,118,120,0,281,0,0,0,281
05/04/2016,HPN,NY,AEA,EN,Towers with Radar,45,136,157,0,338,0,0,17,0,17,45,136,174,0,355,0,0,0,355
05/05/2016,HPN,NY,AEA,EN,Towers with Radar,44,194,139,0,377,0,3,77,0,80,44,197,216,0,457,56,0,56,513
05/06/2016,HPN,NY,AEA,EN,Towers with Radar,44,189,125,0,358,0,0,3,0,3,44,189,128,0,361,0,0,0,361
05/07/2016,HPN,NY,AEA,EN,Towers with Radar,33,100,105,0,238,0,1,9,0,10,33,101,114,0,248,0,0,0,248
05/08/2016,HPN,NY,AEA,EN,Towers with Radar,39,144,98,0,281,0,19,64,0,83,39,163,162,0,364,18,0,18,382
05/09/2016,HPN,NY,AEA,EN,Towers with Radar,48,127,122,0,297,0,10,151,0,161,48,137,273,0,458,36,0,36,494
05/10/2016,HPN,NY,AEA,EN,Towers with Radar,47,112,104,0,263,0,18,156,0,174,47,130,260,0,437,30,0,30,467
05/11/2016,HPN,NY,AEA,EN,Towers with Radar,41,95,118,0,254,0,14,74,0,88,41,109,192,0,342,0,0,0,342
05/12/2016,HPN,NY,AEA,EN,Towers with Radar,43,110,125,0,278,0,28,141,0,169,43,138,266,0,447,124,0,124,571
05/13/2016,HPN,NY,AEA,EN,Towers with Radar,43,177,112,0,332,0,1,21,0,22,43,178,133,0,354,22,0,22,376
05/14/2016,HPN,NY,AEA,EN,Towers with Radar,73,188,115,0,376,0,10,222,0,232,73,198,337,0,608,36,0,36,644
05/15/2016,HPN,NY,AEA,EN,Towers with Radar,82,302,210,0,594,0,16,196,1,213,82,318,406,1,807,60,0,60,867
05/16/2016,HPN,NY,AEA,EN,Towers with Radar,44,123,117,0,284,0,14,81,0,95,44,137,198,0,379,0,0,0,379
05/17/2016,HPN,NY,AEA,EN,Towers with Radar,42,148,125,0,315,0,12,149,0,161,42,160,274,0,476,100,0,100,576
05/18/2016,HPN,NY,AEA,EN,Towers with Radar,41,153,125,2,321,0,22,146,0,168,41,175,271,2,489,72,0,72,561
05/19/2016,HPN,NY,AEA,EN,Towers with Radar,43,152,148,0,343,0,30,173,0,203,43,182,321,0,546,72,0,72,618
05/20/2016,HPN,NY,AEA,EN,Towers with Radar,44,124,116,0,284,0,36,205,0,241,44,160,321,0,525,60,0,60,585
05/21/2016,HPN,NY,AEA,EN,Towers with Radar,34,86,73,0,193,0,16,95,0,111,34,102,168,0,304,66,0,66,370
05/22/2016,HPN,NY,AEA,EN,Towers with Radar,52,180,135,0,367,0,20,110,0,130,52,200,245,0,497,0,0,0,497
05/23/2016,HPN,NY,AEA,EN,Towers with Radar,43,125,112,0,280,0,15,144,0,159,43,140,256,0,439,108,0,108,547
05/24/2016,HPN,NY,AEA,EN,Towers with Radar,43,127,115,0,285,0,6,117,0,123,43,133,232,0,408,100,0,100,508
05/25/2016,HPN,NY,AEA,EN,Towers with Radar,37,125,123,0,285,0,19,219,0,238,37,144,342,0,523,20,0,20,543
05/26/2016,HPN,NY,AEA,EN,Towers with Radar,41,127,112,0,280,0,45,183,0,228,41,172,295,0,508,80,0,80,588
05/27/2016,HPN,NY,AEA,EN,Towers with Radar,46,190,140,0,376,0,61,246,0,307,46,251,386,0,683,54,0,54,737
05/28/2016,HPN,NY,AEA,EN,Towers with Radar,33,70,45,0,148,0,27,107,0,134,33,97,152,0,282,24,0,24,306
05/29/2016,HPN,NY,AEA,EN,Towers with Radar,35,85,82,1,203,0,17,140,1,158,35,102,222,2,361,26,0,26,387
05/30/2016,HPN,NY,AEA,EN,Towers with Radar,42,228,161,0,431,0,16,68,0,84,42,244,229,0,515,4,0,4,519
05/31/2016,HPN,NY,AEA,EN,Towers with Radar,41,150,109,0,300,0,33,170,0,203,41,183,279,0,503,58,0,58,561
06/01/2016,HPN,NY,AEA,EN,Towers with Radar,40,124,108,0,272,0,68,122,0,190,40,192,230,0,462,84,0,84,546
06/02/2016,HPN,NY,AEA,EN,Towers with Radar,44,136,135,0,315,0,20,163,0,183,44,156,298,0,498,68,0,68,566
06/03/2016,HPN,NY,AEA,EN,Towers with Radar,44,166,139,0,349,0,0,6,0,6,44,166,145,0,355,0,0,0,355
06/04/2016,HPN,NY,AEA,EN,Towers with Radar,33,93,113,0,239,0,10,136,0,146,33,103,249,0,385,42,0,42,427
06/05/2016,HPN,NY,AEA,EN,Towers with Radar,38,127,133,0,298,0,1,0,0,1,38,128,133,0,299,0,0,0,299
06/06/2016,HPN,NY,AEA,EN,Towers with Radar,43,112,119,0,274,0,25,142,0,167,43,137,261,0,441,86,0,86,527
06/07/2016,HPN,NY,AEA,EN,Towers with Radar,43,123,131,0,297,0,10,106,1,117,43,133,237,1,414,60,0,60,474
06/08/2016,HPN,NY,AEA,EN,Towers with Radar,42,124,145,0,311,0,7,77,1,85,42,131,222,1,396,20,0,20,416
06/09/2016,HPN,NY,AEA,EN,Towers with Radar,42,131,120,1,294,0,26,158,0,184,42,157,278,1,478,8,0,8,486
06/10/2016,HPN,NY,AEA,EN,Towers with Radar,44,158,121,0,323,0,40,212,0,252,44,198,333,0,575,54,0,54,629
06/11/2016,HPN,NY,AEA,EN,Towers with Radar,34,93,56,0,183,0,5,111,0,116,34,98,167,0,299,22,0,22,321
06/12/2016,HPN,NY,AEA,EN,Towers with Radar,41,131,94,0,266,0,41,153,0,194,41,172,247,0,460,32,0,32,492
06/13/2016,HPN,NY,AEA,EN,Towers with Radar,46,123,81,0,250,0,38,142,0,180,46,161,223,0,430,52,0,52,482
06/14/2016,HPN,NY,AEA,EN,Towers with Radar,37,123,90,0,250,0,61,130,0,191,37,184,220,0,441,34,0,34,475
06/15/2016,HPN,NY,AEA,EN,Towers with Radar,38,124,126,2,290,0,28,143,1,172,38,152,269,3,462,44,0,44,506
06/16/2016,HPN,NY,AEA,EN,Towers with Radar,42,142,150,0,334,0,41,134,0,175,42,183,284,0,509,68,0,68,577
06/17/2016,HPN,NY,AEA,EN,Towers with Radar,41,163,134,0,338,0,46,218,2,266,41,209,352,2,604,70,0,70,674
06/18/2016,HPN,NY,AEA,EN,Towers with Radar,30,85,80,0,195,0,13,182,0,195,30,98,262,0,390,32,0,32,422
06/19/2016,HPN,NY,AEA,EN,Towers with Radar,40,151,100,0,291,0,49,250,0,299,40,200,350,0,590,84,0,84,674
06/20/2016,HPN,NY,AEA,EN,Towers with Radar,42,136,108,0,286,0,37,168,0,205,42,173,276,0,491,68,0,68,559
06/21/2016,HPN,NY,AEA,EN,Towers with Radar,42,119,108,0,269,0,26,128,0,154,42,145,236,0,423,48,0,48,471
06/22/2016,HPN,NY,AEA,EN,Towers with Radar,39,142,106,0,287,0,18,192,0,210,39,160,298,0,497,66,0,66,563
06/23/2016,HPN,NY,AEA,EN,Towers with Radar,45,153,115,0,313,0,31,128,1,160,45,184,243,1,473,120,0,120,593
06/24/2016,HPN,NY,AEA,EN,Towers with Radar,42,172,95,0,309,0,67,229,0,296,42,239,324,0,605,44,0,44,649
06/25/2016,HPN,NY,AEA,EN,Towers with Radar,38,83,64,0,185,0,26,150,0,176,38,109,214,0,361,80,0,80,441
06/26/2016,HPN,NY,AEA,EN,Towers with Radar,44,157,126,1,328,0,61,230,0,291,44,218,356,1,619,68,0,68,687
06/27/2016,HPN,NY,AEA,EN,Towers with Radar,40,120,103,0,263,0,43,167,0,210,40,163,270,0,473,56,0,56,529
06/28/2016,HPN,NY,AEA,EN,Towers with Radar,40,144,133,1,318,0,1,24,0,25,40,145,157,1,343,2,0,2,345
06/29/2016,HPN,NY,AEA,EN,Towers with Radar,44,155,133,0,332,0,12,144,2,158,44,167,277,2,490,120,0,120,610
06/30/2016,HPN,NY,AEA,EN,Towers with Radar,44,156,138,0,338,0,128,225,1,354,44,284,363,1,692,150,0,150,842
07/01/2016,HPN,NY,AEA,EN,Towers with Radar,38,212,135,2,387,0,52,122,0,174,38,264,257,2,561,6,0,6,567
07/02/2016,HPN,NY,AEA,EN,Towers with Radar,31,98,66,0,195,0,59,144,0,203,31,157,210,0,398,70,0,70,468
07/03/2016,HPN,NY,AEA,EN,Towers with Radar,33,61,42,0,136,0,23,157,0,180,33,84,199,0,316,18,0,18,334
07/04/2016,HPN,NY,AEA,EN,Towers with Radar,36,142,89,0,267,0,45,203,0,248,36,187,292,0,515,38,0,38,553
07/05/2016,HPN,NY,AEA,EN,Towers with Radar,41,190,134,0,365,0,13,110,0,123,41,203,244,0,488,40,0,40,528
07/06/2016,HPN,NY,AEA,EN,Towers with Radar,42,98,86,0,226,0,58,125,0,183,42,156,211,0,409,74,0,74,483
07/07/2016,HPN,NY,AEA,EN,Towers with Radar,44,129,103,0,276,0,25,99,1,125,44,154,202,1,401,56,0,56,457
07/08/2016,HPN,NY,AEA,EN,Towers with Radar,41,205,149,1,396,0,9,139,1,149,41,214,288,2,545,14,0,14,559
07/09/2016,HPN,NY,AEA,EN,Towers with Radar,34,121,85,0,240,0,0,12,0,12,34,121,97,0,252,4,0,4,256
07/10/2016,HPN,NY,AEA,EN,Towers with Radar,41,191,170,0,402,0,23,163,1,187,41,214,333,1,589,24,0,24,613
07/11/2016,HPN,NY,AEA,EN,Towers with Radar,43,128,124,0,295,0,53,140,0,193,43,181,264,0,488,96,0,96,584
07/12/2016,HPN,NY,AEA,EN,Towers with Radar,42,139,100,0,281,0,36,204,2,242,42,175,304,2,523,114,0,114,637
07/13/2016,HPN,NY,AEA,EN,Towers with Radar,39,123,124,0,286,0,45,129,2,176,39,168,253,2,462,46,0,46,508
07/14/2016,HPN,NY,AEA,EN,Towers with Radar,41,181,139,0,361,0,17,75,0,92,41,198,214,0,453,16,0,16,469
07/15/2016,HPN,NY,AEA,EN,Towers with Radar,44,176,105,0,325,0,67,235,0,302,44,243,340,0,627,0,0,0,627
07/16/2016,HPN,NY,AEA,EN,Towers with Radar,35,98,67,0,200,0,14,176,0,190,35,112,243,0,390,72,0,72,462
07/17/2016,HPN,NY,AEA,EN,Towers with Radar,41,191,120,0,352,0,49,250,0,299,41,240,370,0,651,146,0,146,797
07/18/2016,HPN,NY,AEA,EN,Towers with Radar,43,159,96,1,299,0,60,211,1,272,43,219,307,2,571,0,0,0,571
07/19/2016,HPN,NY,AEA,EN,Towers with Radar,42,104,89,0,235,0,42,190,0,232,42,146,279,0,467,34,0,34,501
07/20/2016,HPN,NY,AEA,EN,Towers with Radar,43,117,127,0,287,0,42,174,2,218,43,159,301,2,505,64,0,64,569
07/21/2016,HPN,NY,AEA,EN,Towers with Radar,37,162,125,0,324,0,71,212,0,283,37,233,337,0,607,76,0,76,683
07/22/2016,HPN,NY,AEA,EN,Towers with Radar,41,196,122,0,359,0,75,250,1,326,41,271,372,1,685,74,0,74,759
07/23/2016,HPN,NY,AEA,EN,Towers with Radar,32,76,59,0,167,0,29,153,0,182,32,105,212,0,349,40,0,40,389
07/24/2016,HPN,NY,AEA,EN,Towers with Radar,39,173,115,0,327,0,97,223,1,321,39,270,338,1,648,28,0,28,676
07/25/2016,HPN,NY,AEA,EN,Towers with Radar,35,138,101,0,274,0,46,150,0,196,35,184,251,0,470,96,0,96,566
07/26/2016,HPN,NY,AEA,EN,Towers with Radar,44,119,103,0,266,0,34,138,1,173,44,153,241,1,439,66,0,66,505
07/27/2016,HPN,NY,AEA,EN,Towers with Radar,43,120,102,0,265,0,30,172,1,203,43,150,274,1,468,0,0,0,468
07/28/2016,HPN,NY,AEA,EN,Towers with Radar,39,168,131,0,338,0,40,167,0,207,39,208,298,0,545,26,0,26,571
07/29/2016,HPN,NY,AEA,EN,Towers with Radar,43,206,150,0,399,0,31,168,0,199,43,237,318,0,598,16,0,16,614
07/30/2016,HPN,NY,AEA,EN,Towers with Radar,31,100,81,0,212,0,19,103,0,122,31,119,184,0,334,0,0,0,334
07/31/2016,HPN,NY,AEA,EN,Towers with Radar,41,244,168,0,453,0,3,46,1,50,41,247,214,1,503,0,0,0,503
08/01/2016,HPN,NY,AEA,EN,Towers with Radar,43,190,111,0,344,0,18,97,0,115,43,208,208,0,459,8,0,8,467
08/02/2016,HPN,NY,AEA,EN,Towers with Radar,39,137,126,0,302,0,8,95,1,104,39,145,221,1,406,48,0,48,454
08/03/2016,HPN,NY,AEA,EN,Towers with Radar,42,119,103,0,264,0,72,151,0,223,42,191,254,0,487,70,0,70,557
08/04/2016,HPN,NY,AEA,EN,Towers with Radar,43,127,99,2,271,0,100,162,1,263,43,227,261,3,534,66,0,66,600
08/05/2016,HPN,NY,AEA,EN,Towers with Radar,44,150,145,0,339,0,72,226,0,298,44,222,371,0,637,42,0,42,679
08/06/2016,HPN,NY,AEA,EN,Towers with Radar,30,117,67,0,214,0,16,30,0,46,30,133,97,0,260,0,0,0,260
08/07/2016,HPN,NY,AEA,EN,Towers with Radar,42,158,101,0,301,0,78,252,0,330,42,236,353,0,631,156,0,156,787
08/08/2016,HPN,NY,AEA,EN,Towers with Radar,41,150,101,0,292,0,52,110,0,162,41,202,211,0,454,0,0,0,454
08/09/2016,HPN,NY,AEA,EN,Towers with Radar,41,136,97,0,274,0,31,182,1,214,41,167,279,1,488,64,0,64,552
08/10/2016,HPN,NY,AEA,EN,Towers with Radar,42,161,147,0,350,0,3,54,0,57,42,164,201,0,407,20,0,20,427
08/11/2016,HPN,NY,AEA,EN,Towers with Radar,43,191,128,0,362,0,37,120,0,157,43,228,248,0,519,56,0,56,575
08/12/2016,HPN,NY,AEA,EN,Towers with Radar,47,218,127,0,392,0,73,179,1,253,47,291,306,1,645,0,0,0,645
08/13/2016,HPN,NY,AEA,EN,Towers with Radar,33,110,70,0,213,0,22,115,0,137,33,132,185,0,350,88,0,88,438
08/14/2016,HPN,NY,AEA,EN,Towers with Radar,41,167,113,0,321,0,54,271,1,326,41,221,384,1,647,78,0,78,725
08/15/2016,HPN,NY,AEA,EN,Towers with Radar,46,163,114,0,323,0,109,125,0,234,46,272,239,0,557,28,0,28,585
08/16/2016,HPN,NY,AEA,EN,Towers with Radar,39,159,108,0,306,0,11,106,1,118,39,170,214,1,424,112,0,112,536
08/17/2016,HPN,NY,AEA,EN,Towers with Radar,42,133,122,0,297,0,26,144,1,171,42,159,266,1,468,32,0,32,500
08/18/2016,HPN,NY,AEA,EN,Towers with Radar,45,189,120,5,359,0,61,174,0,235,45,250,294,5,594,102,0,102,696
08/19/2016,HPN,NY,AEA,EN,Towers with Radar,42,163,93,0,298,0,58,231,2,291,42,221,324,2,589,96,0,96,685
08/20/2016,HPN,NY,AEA,EN,Towers with Radar,30,113,80,0,223,0,28,103,0,131,30,141,183,0,354,28,0,28,382
08/21/2016,HPN,NY,AEA,EN,Towers with Radar,37,237,151,0,425,0,16,66,0,82,37,253,217,0,507,12,0,12,519
08/22/2016,HPN,NY,AEA,EN,Towers with Radar,43,123,96,0,262,0,70,144,0,214,43,193,240,0,476,22,0,22,498
08/23/2016,HPN,NY,AEA,EN,Towers with Radar,44,124,60,0,228,0,39,158,0,197,44,163,218,0,425,94,0,94,519
08/24/2016,HPN,NY,AEA,EN,Towers with Radar,44,132,91,1,268,0,36,198,0,234,44,168,289,1,502,102,0,102,604
08/25/2016,HPN,NY,AEA,EN,Towers with Radar,44,128,127,0,299,0,45,181,0,226,44,173,308,0,525,38,0,38,563
08/26/2016,HPN,NY,AEA,EN,Towers with Radar,46,177,94,0,317,0,44,184,2,230,46,221,278,2,547,2,0,2,549
08/27/2016,HPN,NY,AEA,EN,Towers with Radar,33,99,61,1,194,0,36,212,0,248,33,135,273,1,442,28,0,28,470
08/28/2016,HPN,NY,AEA,EN,Towers with Radar,42,149,78,0,269,0,82,203,0,285,42,231,281,0,554,38,0,38,592
08/29/2016,HPN,NY,AEA,EN,Towers with Radar,44,153,86,1,284,0,53,190,0,243,44,206,276,1,527,98,0,98,625
08/30/2016,HPN,NY,AEA,EN,Towers with Radar,43,96,109,0,248,0,56,137,0,193,43,152,246,0,441,64,0,64,505
08/31/2016,HPN,NY,AEA,EN,Towers with Radar,42,140,127,1,310,0,25,129,1,155,42,165,256,2,465,90,0,90,555
09/01/2016,HPN,NY,AEA,EN,Towers with Radar,43,186,109,0,338,0,25,111,0,136,43,211,220,0,474,6,0,6,480
09/02/2016,HPN,NY,AEA,EN,Towers with Radar,46,124,116,0,286,0,63,249,1,313,46,187,365,1,599,18,0,18,617
09/03/2016,HPN,NY,AEA,EN,Towers with Radar,36,86,52,0,174,0,25,153,0,178,36,111,205,0,352,132,0,132,484
09/04/2016,HPN,NY,AEA,EN,Towers with Radar,35,124,68,0,227,0,49,132,0,181,35,173,200,0,408,30,0,30,438
09/05/2016,HPN,NY,AEA,EN,Towers with Radar,48,167,96,0,311,0,41,123,0,164,48,208,219,0,475,14,0,14,489
09/06/2016,HPN,NY,AEA,EN,Towers with Radar,46,154,137,0,337,0,7,68,0,75,46,161,205,0,412,54,0,54,466
09/07/2016,HPN,NY,AEA,EN,Towers with Radar,45,127,146,0,318,0,7,126,0,133,45,134,272,0,451,34,0,34,485
09/08/2016,HPN,NY,AEA,EN,Towers with Radar,47,148,122,0,317,0,18,142,0,160,47,166,264,0,477,30,0,30,507
09/09/2016,HPN,NY,AEA,EN,Towers with Radar,44,154,113,0,311,0,54,178,1,233,44,208,291,1,544,74,0,74,618
09/10/2016,HPN,NY,AEA,EN,Towers with Radar,32,74,68,0,174,0,5,137,1,143,32,79,205,1,317,118,0,118,435
09/11/2016,HPN,NY,AEA,EN,Towers with Radar,42,146,129,0,317,0,46,158,1,205,42,192,287,1,522,8,0,8,530
09/12/2016,HPN,NY,AEA,EN,Towers with Radar,43,110,100,0,253,0,33,142,0,175,43,143,242,0,428,26,0,26,454
09/13/2016,HPN,NY,AEA,EN,Towers with Radar,45,120,134,0,299,0,49,96,0,145,45,169,230,0,444,36,0,36,480
09/14/2016,HPN,NY,AEA,EN,Towers with Radar,44,152,156,0,352,0,22,152,0,174,44,174,308,0,526,14,0,14,540
09/15/2016,HPN,NY,AEA,EN,Towers with Radar,45,145,162,1,353,0,40,241,0,281,45,185,403,1,634,0,0,0,634
09/16/2016,HPN,NY,AEA,EN,Towers with Radar,45,148,135,1,329,0,48,237,0,285,45,196,372,1,614,8,0,8,622
09/17/2016,HPN,NY,AEA,EN,Towers with Radar,35,82,86,1,204,0,54,146,0,200,35,136,232,1,404,128,0,128,532
09/18/2016,HPN,NY,AEA,EN,Towers with Radar,43,221,156,0,420,0,22,82,0,104,43,243,238,0,524,42,0,42,566
09/19/2016,HPN,NY,AEA,EN,Towers with Radar,44,126,91,0,261,0,1,4,0,5,44,127,95,0,266,0,0,0,266
09/20/2016,HPN,NY,AEA,EN,Towers with Radar,42,114,127,0,283,0,9,63,0,72,42,123,190,0,355,0,0,0,355
09/21/2016,HPN,NY,AEA,EN,Towers with Radar,44,129,126,0,299,0,21,139,0,160,44,150,265,0,459,8,0,8,467
09/22/2016,HPN,NY,AEA,EN,Towers with Radar,42,150,128,0,320,0,32,159,1,192,42,182,287,1,512,14,0,14,526
09/23/2016,HPN,NY,AEA,EN,Towers with Radar,46,189,113,0,348,0,35,206,0,241,46,224,319,0,589,78,0,78,667
09/24/2016,HPN,NY,AEA,EN,Towers with Radar,31,97,93,1,222,0,9,147,0,156,31,106,240,1,378,148,0,148,526
09/25/2016,HPN,NY,AEA,EN,Towers with Radar,41,191,124,0,356,0,41,310,0,351,41,232,434,0,707,48,0,48,755
09/26/2016,HPN,NY,AEA,EN,Towers with Radar,53,125,80,0,258,0,24,110,0,134,53,149,190,0,392,24,0,24,416
09/27/2016,HPN,NY,AEA,EN,Towers with Radar,43,137,126,0,306,0,8,118,0,126,43,145,244,0,432,80,0,80,512
09/28/2016,HPN,NY,AEA,EN,Towers with Radar,48,169,156,0,373,0,3,44,0,47,48,172,200,0,420,0,0,0,420
09/29/2016,HPN,NY,AEA,EN,Towers with Radar,43,128,131,0,302,0,12,67,0,79,43,140,198,0,381,20,0,20,401
09/30/2016,HPN,NY,AEA,EN,Towers with Radar,41,221,191,0,453,0,4,42,0,46,41,225,233,0,499,0,0,0,499
10/01/2016,HPN,NY,AEA,EN,Towers with Radar,36,121,78,0,235,0,0,3,0,3,36,121,81,0,238,0,0,0,238
10/02/2016,HPN,NY,AEA,EN,Towers with Radar,45,176,159,0,380,0,0,14,0,14,45,176,173,0,394,1,0,1,395
10/03/2016,HPN,NY,AEA,EN,Towers with Radar,50,136,92,0,278,0,9,61,0,70,50,145,153,0,348,32,0,32,380
10/04/2016,HPN,NY,AEA,EN,Towers with Radar,48,110,123,1,282,0,11,116,0,127,48,121,239,1,409,146,0,146,555
10/05/2016,HPN,NY,AEA,EN,Towers with Radar,48,113,102,1,264,0,21,129,1,151,48,134,231,2,415,38,0,38,453
10/06/2016,HPN,NY,AEA,EN,Towers with Radar,30,138,121,0,289,0,32,175,0,207,30,170,296,0,496,32,0,32,528
10/07/2016,HPN,NY,AEA,EN,Towers with Radar,32,166,129,0,327,0,51,223,0,274,32,217,352,0,601,38,0,38,639
10/08/2016,HPN,NY,AEA,EN,Towers with Radar,34,142,96,0,272,0,10,84,0,94,34,152,180,0,366,38,0,38,404
10/09/2016,HPN,NY,AEA,EN,Towers with Radar,43,163,128,4,338,0,11,55,0,66,43,174,183,4,404,10,0,10,414
10/10/2016,HPN,NY,AEA,EN,Towers with Radar,44,167,101,0,312,0,46,149,2,197,44,213,250,2,509,34,0,34,543
10/11/2016,HPN,NY,AEA,EN,Towers with Radar,42,112,97,0,251,0,26,144,0,170,42,138,241,0,421,14,0,14,435
10/12/2016,HPN,NY,AEA,EN,Towers with Radar,40,111,104,2,257,0,16,98,2,116,40,127,202,4,373,54,0,54,427
10/13/2016,HPN,NY,AEA,EN,Towers with Radar,40,161,123,0,324,0,7,71,0,78,40,168,194,0,402,0,0,0,402
10/14/2016,HPN,NY,AEA,EN,Towers with Radar,45,135,106,1,287,0,41,78,1,120,45,176,184,2,407,0,0,0,407
10/15/2016,HPN,NY,AEA,EN,Towers with Radar,35,81,64,2,182,0,13,162,0,175,35,94,226,2,357,60,0,60,417
10/16/2016,HPN,NY,AEA,EN,Towers with Radar,42,135,96,3,276,0,17,183,0,200,42,152,279,3,476,114,0,114,590
10/17/2016,HPN,NY,AEA,EN,Towers with Radar,47,119,110,0,276,0,11,124,0,135,47,130,234,0,411,58,0,58,469
10/18/2016,HPN,NY,AEA,EN,Towers with Radar,46,140,120,0,306,0,11,123,1,135,46,151,243,1,441,50,0,50,491
10/19/2016,HPN,NY,AEA,EN,Towers with Radar,43,124,129,0,296,0,24,149,0,173,43,148,278,0,469,18,0,18,487
10/20/2016,HPN,NY,AEA,EN,Towers with Radar,42,172,150,0,364,0,5,74,1,80,42,177,224,1,444,12,0,12,456
10/21/2016,HPN,NY,AEA,EN,Towers with Radar,49,167,160,0,376,0,1,10,0,11,49,168,170,0,387,0,0,0,387
10/22/2016,HPN,NY,AEA,EN,Towers with Radar,37,111,81,0,229,0,0,18,0,18,37,111,99,0,247,2,0,2,249
10/23/2016,HPN,NY,AEA,EN,Towers with Radar,45,171,115,0,331,0,29,112,0,141,45,200,227,0,472,0,0,0,472
10/24/2016,HPN,NY,AEA,EN,Towers with Radar,47,122,102,0,271,0,19,101,1,121,47,141,203,1,392,6,0,6,398
10/25/2016,HPN,NY,AEA,EN,Towers with Radar,44,111,90,0,245,0,13,99,0,112,44,124,189,0,357,28,0,28,385
10/26/2016,HPN,NY,AEA,EN,Towers with Radar,41,110,138,0,289,0,16,153,1,170,41,126,291,1,459,52,0,52,511
10/27/2016,HPN,NY,AEA,EN,Towers with Radar,46,149,134,0,329,0,4,17,0,21,46,153,151,0,350,8,0,8,358
10/28/2016,HPN,NY,AEA,EN,Towers with Radar,44,178,121,0,343,0,12,112,0,124,44,190,233,0,467,0,0,0,467
10/29/2016,HPN,NY,AEA,EN,Towers with Radar,37,76,96,0,209,0,5,164,0,169,37,81,260,0,378,112,0,112,490
10/30/2016,HPN,NY,AEA,EN,Towers with Radar,47,144,113,0,304,0,2,122,0,124,47,146,235,0,428,38,0,38,466
10/31/2016,HPN,NY,AEA,EN,Towers with Radar,49,124,88,0,261,0,12,119,0,131,49,136,207,0,392,86,0,86,478
11/01/2016,HPN,NY,AEA,EN,Towers with Radar,45,116,83,0,244,0,22,74,0,96,45,138,157,0,340,0,0,0,340
11/02/2016,HPN,NY,AEA,EN,Towers with Radar,48,116,113,0,277,0,21,120,0,141,48,137,233,0,418,48,0,48,466
11/03/2016,HPN,NY,AEA,EN,Towers with Radar,47,142,142,0,331,0,5,90,0,95,47,147,232,0,426,64,0,64,490
11/04/2016,HPN,NY,AEA,EN,Towers with Radar,53,130,130,0,313,0,30,146,0,176,53,160,276,0,489,90,0,90,579
11/05/2016,HPN,NY,AEA,EN,Towers with Radar,35,77,70,0,182,0,8,191,0,199,35,85,261,0,381,12,0,12,393
11/06/2016,HPN,NY,AEA,EN,Towers with Radar,47,173,112,0,332,0,13,150,0,163,47,186,262,0,495,56,0,56,551
11/07/2016,HPN,NY,AEA,EN,Towers with Radar,48,101,90,0,239,0,16,98,0,114,48,117,188,0,353,66,0,66,419
11/08/2016,HPN,NY,AEA,EN,Towers with Radar,44,112,88,0,244,0,11,129,2,142,44,123,217,2,386,8,0,8,394
11/09/2016,HPN,NY,AEA,EN,Towers with Radar,46,126,110,0,282,0,7,32,2,41,46,133,142,2,323,42,0,42,365
11/10/2016,HPN,NY,AEA,EN,Towers with Radar,49,133,95,0,277,0,22,112,1,135,49,155,207,1,412,34,0,34,446
11/11/2016,HPN,NY,AEA,EN,Towers with Radar,47,141,106,0,294,0,27,124,0,151,47,168,230,0,445,8,0,8,453
11/12/2016,HPN,NY,AEA,EN,Towers with Radar,35,78,55,0,168,0,19,170,0,189,35,97,225,0,357,20,0,20,377
11/13/2016,HPN,NY,AEA,EN,Towers with Radar,45,134,111,0,290,0,12,191,1,204,45,146,302,1,494,72,0,72,566
11/14/2016,HPN,NY,AEA,EN,Towers with Radar,45,100,111,0,256,0,15,121,0,136,45,115,232,0,392,34,0,34,426
11/15/2016,HPN,NY,AEA,EN,Towers with Radar,44,142,143,0,329,0,0,4,0,4,44,142,147,0,333,0,0,0,333
11/16/2016,HPN,NY,AEA,EN,Towers with Radar,43,131,114,0,288,0,11,122,1,134,43,142,236,1,422,76,0,76,498
11/17/2016,HPN,NY,AEA,EN,Towers with Radar,46,153,127,0,326,0,21,106,2,129,46,174,233,2,455,62,0,62,517
11/18/2016,HPN,NY,AEA,EN,Towers with Radar,46,156,126,0,328,0,20,160,0,180,46,176,286,0,508,22,0,22,530
11/19/2016,HPN,NY,AEA,EN,Towers with Radar,33,96,73,0,202,0,6,154,0,160,33,102,227,0,362,104,0,104,466
11/20/2016,HPN,NY,AEA,EN,Towers with Radar,39,97,67,0,203,0,4,48,0,52,39,101,115,0,255,10,0,10,265
11/21/2016,HPN,NY,AEA,EN,Towers with Radar,51,105,72,0,228,0,4,36,0,40,51,109,108,0,268,0,0,0,268
11/22/2016,HPN,NY,AEA,EN,Towers with Radar,40,203,132,0,375,0,40,102,0,142,40,243,234,0,517,0,0,0,517
11/23/2016,HPN,NY,AEA,EN,Towers with Radar,46,173,153,0,372,0,31,140,0,171,46,204,293,0,543,50,0,50,593
11/24/2016,HPN,NY,AEA,EN,Towers with Radar,29,78,39,0,146,0,3,19,0,22,29,81,58,0,168,0,0,0,168
11/25/2016,HPN,NY,AEA,EN,Towers with Radar,39,112,71,0,222,0,5,70,0,75,39,117,141,0,297,74,0,74,371
11/26/2016,HPN,NY,AEA,EN,Towers with Radar,39,133,61,0,233,0,6,109,1,116,39,139,170,1,349,54,0,54,403
11/27/2016,HPN,NY,AEA,EN,Towers with Radar,47,254,226,1,528,0,29,232,0,261,47,283,458,1,789,0,0,0,789
11/28/2016,HPN,NY,AEA,EN,Towers with Radar,45,110,105,0,260,0,13,134,0,147,45,123,239,0,407,94,0,94,501
11/29/2016,HPN,NY,AEA,EN,Towers with Radar,49,124,112,0,285,0,0,10,0,10,49,124,122,0,295,0,0,0,295
11/30/2016,HPN,NY,AEA,EN,Towers with Radar,44,161,133,0,338,0,1,2,0,3,44,162,135,0,341,0,0,0,341
12/01/2016,HPN,NY,AEA,EN,Towers with Radar,43,138,101,0,282,0,17,121,0,138,43,155,222,0,420,72,0,72,492
12/02/2016,HPN,NY,AEA,EN,Towers with Radar,44,153,113,0,310,0,31,156,1,188,44,184,269,1,498,10,0,10,508
12/03/2016,HPN,NY,AEA,EN,Towers with Radar,36,86,65,0,187,0,2,90,0,92,36,88,155,0,279,48,0,48,327
12/04/2016,HPN,NY,AEA,EN,Towers with Radar,38,187,155,0,380,0,41,215,2,258,38,228,370,2,638,58,0,58,696
12/05/2016,HPN,NY,AEA,EN,Towers with Radar,46,132,136,0,314,0,7,62,0,69,46,139,198,0,383,47,0,47,430
12/06/2016,HPN,NY,AEA,EN,Towers with Radar,44,106,133,0,283,0,15,94,0,109,44,121,227,0,392,20,0,20,412
12/07/2016,HPN,NY,AEA,EN,Towers with Radar,42,165,164,0,371,0,14,31,1,46,42,179,195,1,417,4,0,4,421
12/08/2016,HPN,NY,AEA,EN,Towers with Radar,49,129,147,0,325,0,77,71,0,148,49,206,218,0,473,60,0,60,533
12/09/2016,HPN,NY,AEA,EN,Towers with Radar,41,119,120,0,280,0,14,118,0,132,41,133,238,0,412,0,0,0,412
12/10/2016,HPN,NY,AEA,EN,Towers with Radar,38,56,59,0,153,0,14,145,0,159,38,70,204,0,312,26,0,26,338
12/11/2016,HPN,NY,AEA,EN,Towers with Radar,36,109,92,0,237,0,6,84,0,90,36,115,176,0,327,84,0,84,411
12/12/2016,HPN,NY,AEA,EN,Towers with Radar,47,117,72,0,236,0,5,56,0,61,47,122,128,0,297,0,0,0,297
12/13/2016,HPN,NY,AEA,EN,Towers with Radar,43,101,106,1,251,0,9,146,3,158,43,110,252,4,409,76,0,76,485
12/14/2016,HPN,NY,AEA,EN,Towers with Radar,43,101,121,0,265,0,8,120,0,128,43,109,241,0,393,58,0,58,451
12/15/2016,HPN,NY,AEA,EN,Towers with Radar,49,129,85,0,263,0,10,64,0,74,49,139,149,0,337,0,0,0,337
12/16/2016,HPN,NY,AEA,EN,Towers with Radar,42,153,137,0,332,0,14,158,0,172,42,167,295,0,504,44,0,44,548
12/17/2016,HPN,NY,AEA,EN,Towers with Radar,27,75,51,0,153,0,0,0,0,0,27,75,51,0,153,0,0,0,153
12/18/2016,HPN,NY,AEA,EN,Towers with Radar,36,123,78,0,237,0,1,22,0,23,36,124,100,0,260,0,0,0,260
12/19/2016,HPN,NY,AEA,EN,Towers with Radar,39,115,78,0,232,0,12,98,1,111,39,127,176,1,343,28,0,28,371
12/20/2016,HPN,NY,AEA,EN,Towers with Radar,41,98,91,0,230,0,14,117,0,131,41,112,208,0,361,56,0,56,417
12/21/2016,HPN,NY,AEA,EN,Towers with Radar,40,107,111,0,258,0,21,156,0,177,40,128,267,0,435,70,0,70,505
12/22/2016,HPN,NY,AEA,EN,Towers with Radar,42,130,110,2,284,0,5,87,1,93,42,135,197,3,377,42,0,42,419
12/23/2016,HPN,NY,AEA,EN,Towers with Radar,43,117,80,0,240,0,20,81,0,101,43,137,161,0,341,0,0,0,341
12/24/2016,HPN,NY,AEA,EN,Towers with Radar,32,71,32,0,135,0,1,5,0,6,32,72,37,0,141,0,0,0,141
12/25/2016,HPN,NY,AEA,EN,Towers with Radar,36,102,30,0,168,0,9,47,0,56,36,111,77,0,224,22,0,22,246
12/26/2016,HPN,NY,AEA,EN,Towers with Radar,45,151,181,0,377,0,2,37,0,39,45,153,218,0,416,0,0,0,416
12/27/2016,HPN,NY,AEA,EN,Towers with Radar,48,110,128,4,290,0,3,46,0,49,48,113,174,4,339,24,0,24,363
12/28/2016,HPN,NY,AEA,EN,Towers with Radar,47,93,83,0,223,0,3,138,1,142,47,96,221,1,365,59,0,59,424
12/29/2016,HPN,NY,AEA,EN,Towers with Radar,41,98,41,0,180,0,1,3,0,4,41,99,44,0,184,0,0,0,184
12/30/2016,HPN,NY,AEA,EN,Towers with Radar,41,102,61,0,204,0,9,82,0,91,41,111,143,0,295,4,0,4,299
12/31/2016,HPN,NY,AEA,EN,Towers with Radar,32,70,38,0,140,0,6,83,0,89,32,76,121,0,229,20,0,20,249
01/01/2017,HPN,NY,AEA,EN,Towers with Radar,43,151,120,0,314,0,12,88,0,100,43,163,208,0,414,12,0,12,426
01/02/2017,HPN,NY,AEA,EN,Towers with Radar,43,210,205,0,458,0,17,18,0,35,43,227,223,0,493,54,0,54,547
01/03/2017,HPN,NY,AEA,EN,Towers with Radar,42,125,97,0,264,0,0,0,0,0,42,125,97,0,264,0,0,0,264
01/04/2017,HPN,NY,AEA,EN,Towers with Radar,42,127,86,0,255,0,5,50,0,55,42,132,136,0,310,58,0,58,368
01/05/2017,HPN,NY,AEA,EN,Towers with Radar,46,96,65,0,207,0,10,106,0,116,46,106,171,0,323,64,0,64,387
01/06/2017,HPN,NY,AEA,EN,Towers with Radar,38,110,98,0,246,0,12,90,0,102,38,122,188,0,348,10,0,10,358
01/07/2017,HPN,NY,AEA,EN,Towers with Radar,18,35,41,0,94,0,0,4,0,4,18,35,45,0,98,0,0,0,98
01/08/2017,HPN,NY,AEA,EN,Towers with Radar,36,110,116,0,262,0,5,73,0,78,36,115,189,0,340,54,0,54,394
01/09/2017,HPN,NY,AEA,EN,Towers with Radar,42,85,81,0,208,0,7,88,2,97,42,92,169,2,305,58,0,58,363
01/10/2017,HPN,NY,AEA,EN,Towers with Radar,47,96,90,0,233,0,8,38,0,46,47,104,128,0,279,0,0,0,279
01/11/2017,HPN,NY,AEA,EN,Towers with Radar,46,91,88,0,225,0,4,81,0,85,46,95,169,0,310,0,0,0,310
01/12/2017,HPN,NY,AEA,EN,Towers with Radar,53,115,100,0,268,0,7,48,1,56,53,122,148,1,324,12,0,12,336
01/13/2017,HPN,NY,AEA,EN,Towers with Radar,45,165,121,0,331,0,19,136,0,155,45,184,257,0,486,34,0,34,520
01/14/2017,HPN,NY,AEA,EN,Towers with Radar,36,43,42,0,121,0,8,102,0,110,36,51,144,0,231,142,0,142,373
01/15/2017,HPN,NY,AEA,EN,Towers with Radar,45,77,48,0,170,0,7,111,0,118,45,84,159,0,288,166,0,166,454
01/16/2017,HPN,NY,AEA,EN,Towers with Radar,48,150,126,0,324,0,32,163,0,195,48,182,289,0,519,194,0,194,713
01/17/2017,HPN,NY,AEA,EN,Towers with Radar,45,113,74,0,232,0,4,22,0,26,45,117,96,0,258,34,0,34,292
01/18/2017,HPN,NY,AEA,EN,Towers with Radar,49,141,79,0,269,0,1,8,0,9,49,142,87,0,278,0,0,0,278
01/19/2017,HPN,NY,AEA,EN,Towers with Radar,50,140,115,0,305,0,8,122,0,130,50,148,237,0,435,70,0,70,505
01/20/2017,HPN,NY,AEA,EN,Towers with Radar,45,155,114,0,314,0,1,62,0,63,45,156,176,0,377,106,0,106,483
01/21/2017,HPN,NY,AEA,EN,Towers with Radar,36,72,115,0,223,0,5,18,0,23,36,77,133,0,246,48,0,48,294
01/22/2017,HPN,NY,AEA,EN,Towers with Radar,39,128,118,0,285,0,1,5,0,6,39,129,123,0,291,38,0,38,329
01/23/2017,HPN,NY,AEA,EN,Towers with Radar,38,63,49,0,150,0,0,4,0,4,38,63,53,0,154,0,0,0,154
01/24/2017,HPN,NY,AEA,EN,Towers with Radar,42,88,96,0,226,0,0,0,0,0,42,88,96,0,226,0,0,0,226
01/25/2017,HPN,NY,AEA,EN,Towers with Radar,48,85,106,0,239,0,8,128,0,136,48,93,234,0,375,52,0,52,427
01/26/2017,HPN,NY,AEA,EN,Towers with Radar,48,118,110,0,276,0,6,83,0,89,48,124,193,0,365,26,0,26,391
01/27/2017,HPN,NY,AEA,EN,Towers with Radar,49,175,92,0,316,0,10,97,0,107,49,185,189,0,423,16,0,16,439
01/28/2017,HPN,NY,AEA,EN,Towers with Radar,39,55,52,1,147,0,0,112,1,113,39,55,164,2,260,18,0,18,278
01/29/2017,HPN,NY,AEA,EN,Towers with Radar,44,132,112,0,288,0,11,184,1,196,44,143,296,1,484,82,0,82,566
01/30/2017,HPN,NY,AEA,EN,Towers with Radar,48,99,83,0,230,0,7,93,0,100,48,106,176,0,330,70,0,70,400
01/31/2017,HPN,NY,AEA,EN,Towers with Radar,45,107,84,0,236,0,1,12,0,13,45,108,96,0,249,0,0,0,249
02/01/2017,HPN,NY,AEA,EN,Towers with Radar,48,119,106,0,273,0,9,93,0,102,48,128,199,0,375,20,0,20,395
02/02/2017,HPN,NY,AEA,EN,Towers with Radar,46,114,118,0,278,0,15,132,0,147,46,129,250,0,425,54,0,54,479
02/03/2017,HPN,NY,AEA,EN,Towers with Radar,50,139,104,0,293,0,13,104,1,118,50,152,208,1,411,36,0,36,447
02/04/2017,HPN,NY,AEA,EN,Towers with Radar,33,68,65,0,166,0,8,112,0,120,33,76,177,0,286,134,0,134,420
02/05/2017,HPN,NY,AEA,EN,Towers with Radar,39,84,122,0,245,0,7,136,0,143,39,91,258,0,388,122,0,122,510
02/06/2017,HPN,NY,AEA,EN,Towers with Radar,44,109,111,0,264,0,18,104,0,122,44,127,215,0,386,20,0,20,406
02/07/2017,HPN,NY,AEA,EN,Towers with Radar,48,79,78,0,205,0,0,0,0,0,48,79,78,0,205,0,0,0,205
02/08/2017,HPN,NY,AEA,EN,Towers with Radar,45,147,144,0,336,0,7,109,1,117,45,154,253,1,453,4,0,4,457
02/09/2017,HPN,NY,AEA,EN,Towers with Radar,2,16,17,0,35,0,2,4,0,6,2,18,21,0,41,0,0,0,41
02/10/2017,HPN,NY,AEA,EN,Towers with Radar,40,179,150,0,369,0,18,106,1,125,40,197,256,1,494,26,0,26,520
02/11/2017,HPN,NY,AEA,EN,Towers with Radar,37,75,62,0,174,0,2,116,0,118,37,77,178,0,292,104,0,104,396
02/12/2017,HPN,NY,AEA,EN,Towers with Radar,32,98,81,0,211,0,0,0,0,0,32,98,81,0,211,0,0,0,211
02/13/2017,HPN,NY,AEA,EN,Towers with Radar,45,143,100,0,288,0,5,25,0,30,45,148,125,0,318,0,0,0,318
02/14/2017,HPN,NY,AEA,EN,Towers with Radar,48,106,92,0,246,0,6,95,0,101,48,112,187,0,347,18,0,18,365
02/15/2017,HPN,NY,AEA,EN,Towers with Radar,49,151,107,0,307,0,10,85,0,95,49,161,192,0,402,0,0,0,402
02/16/2017,HPN,NY,AEA,EN,Towers with Radar,50,216,175,0,441,0,8,91,0,99,50,224,266,0,540,4,0,4,544
02/17/2017,HPN,NY,AEA,EN,Towers with Radar,49,204,176,0,429,0,26,145,1,172,49,230,321,1,601,0,0,0,601
02/18/2017,HPN,NY,AEA,EN,Towers with Radar,40,65,52,0,157,0,9,135,0,144,40,74,187,0,301,74,0,74,375
02/19/2017,HPN,NY,AEA,EN,Towers with Radar,44,97,53,0,194,0,10,145,1,156,44,107,198,1,350,30,0,30,380
02/20/2017,HPN,NY,AEA,EN,Towers with Radar,44,196,171,0,411,0,23,155,1,179,44,219,326,1,590,106,0,106,696
02/21/2017,HPN,NY,AEA,EN,Towers with Radar,49,144,117,0,310,0,26,88,0,114,49,170,205,0,424,50,0,50,474
02/22/2017,HPN,NY,AEA,EN,Towers with Radar,48,127,119,0,294,0,7,103,1,111,48,134,222,1,405,92,0,92,497
02/23/2017,HPN,NY,AEA,EN,Towers with Radar,46,110,112,1,269,0,8,69,1,78,46,118,181,2,347,20,0,20,367
02/24/2017,HPN,NY,AEA,EN,Towers with Radar,50,121,111,0,282,0,6,135,1,142,50,127,246,1,424,10,0,10,434
02/25/2017,HPN,NY,AEA,EN,Towers with Radar,35,74,54,0,163,0,0,6,0,6,35,74,60,0,169,0,0,0,169
02/26/2017,HPN,NY,AEA,EN,Towers with Radar,44,139,106,0,289,0,8,134,1,143,44,147,240,1,432,84,0,84,516
02/27/2017,HPN,NY,AEA,EN,Towers with Radar,43,105,81,0,229,0,13,116,0,129,43,118,197,0,358,44,0,44,402
02/28/2017,HPN,NY,AEA,EN,Towers with Radar,55,111,113,0,279,0,28,62,0,90,55,139,175,0,369,74,0,74,443
03/01/2017,HPN,NY,AEA,EN,Towers with Radar,47,109,108,0,264,0,1,14,0,15,47,110,122,0,279,0,0,0,279
03/02/2017,HPN,NY,AEA,EN,Towers with Radar,48,120,113,0,281,0,6,54,0,60,48,126,167,0,341,0,0,0,341
03/03/2017,HPN,NY,AEA,EN,Towers with Radar,47,128,115,0,290,0,60,73,1,134,47,188,188,1,424,40,0,40,464
03/04/2017,HPN,NY,AEA,EN,Towers with Radar,40,64,55,0,159,0,9,49,0,58,40,73,104,0,217,0,0,0,217
03/05/2017,HPN,NY,AEA,EN,Towers with Radar,48,113,99,0,260,0,12,175,1,188,48,125,274,1,448,30,0,30,478
03/06/2017,HPN,NY,AEA,EN,Towers with Radar,50,82,93,0,225,0,15,135,0,150,50,97,228,0,375,20,0,20,395
03/07/2017,HPN,NY,AEA,EN,Towers with Radar,52,123,98,0,273,0,1,32,0,33,52,124,130,0,306,0,0,0,306
03/08/2017,HPN,NY,AEA,EN,Towers with Radar,46,109,120,0,275,0,13,134,0,147,46,122,254,0,422,28,0,28,450
03/09/2017,HPN,NY,AEA,EN,Towers with Radar,51,129,134,0,314,0,9,115,0,124,51,138,249,0,438,42,0,42,480
03/10/2017,HPN,NY,AEA,EN,Towers with Radar,51,149,98,0,298,0,3,33,0,36,51,152,131,0,334,0,0,0,334
03/11/2017,HPN,NY,AEA,EN,Towers with Radar,47,101,72,2,222,0,3,42,0,45,47,104,114,2,267,0,0,0,267
03/12/2017,HPN,NY,AEA,EN,Towers with Radar,43,117,92,0,252,0,7,128,0,135,43,124,220,0,387,54,0,54,441
03/13/2017,HPN,NY,AEA,EN,Towers with Radar,47,135,112,0,294,0,10,116,0,126,47,145,228,0,420,68,0,68,488
03/14/2017,HPN,NY,AEA,EN,Towers with Radar,2,0,4,0,6,0,0,0,0,0,2,0,4,0,6,0,0,0,6
03/15/2017,HPN,NY,AEA,EN,Towers with Radar,42,96,72,0,210,0,1,40,0,41,42,97,112,0,251,4,0,4,255
03/16/2017,HPN,NY,AEA,EN,Towers with Radar,48,149,109,0,306,0,17,109,0,126,48,166,218,0,432,0,0,0,432
03/17/2017,HPN,NY,AEA,EN,Towers with Radar,50,115,128,0,293,0,16,134,0,150,50,131,262,0,443,56,0,56,499
03/18/2017,HPN,NY,AEA,EN,Towers with Radar,44,75,57,0,176,0,4,23,0,27,44,79,80,0,203,28,0,28,231
03/19/2017,HPN,NY,AEA,EN,Towers with Radar,47,119,104,0,270,0,9,130,0,139,47,128,234,0,409,30,0,30,439
03/20/2017,HPN,NY,AEA,EN,Towers with Radar,53,82,85,2,222,0,12,95,0,107,53,94,180,2,329,48,0,48,377
03/21/2017,HPN,NY,AEA,EN,Towers with Radar,46,94,67,0,207,0,9,85,1,95,46,103,152,1,302,26,0,26,328
03/22/2017,HPN,NY,AEA,EN,Towers with Radar,51,99,92,2,244,0,9,25,0,34,51,108,117,2,278,0,0,0,278
03/23/2017,HPN,NY,AEA,EN,Towers with Radar,55,114,82,0,251,0,22,108,2,132,55,136,190,2,383,76,0,76,459
03/24/2017,HPN,NY,AEA,EN,Towers with Radar,53,118,133,0,304,0,6,87,2,95,53,124,220,2,399,62,0,62,461
03/25/2017,HPN,NY,AEA,EN,Towers with Radar,42,97,109,0,248,0,2,73,0,75,42,99,182,0,323,76,0,76,399
03/26/2017,HPN,NY,AEA,EN,Towers with Radar,53,148,151,0,352,0,1,34,1,36,53,149,185,1,388,68,0,68,456
03/27/2017,HPN,NY,AEA,EN,Towers with Radar,48,111,98,0,257,0,0,5,0,5,48,111,103,0,262,0,0,0,262
03/28/2017,HPN,NY,AEA,EN,Towers with Radar,47,129,114,0,290,0,0,0,0,0,47,129,114,0,290,0,0,0,290
03/29/2017,HPN,NY,AEA,EN,Towers with Radar,49,138,129,0,316,0,12,117,1,130,49,150,246,1,446,90,0,90,536
03/30/2017,HPN,NY,AEA,EN,Towers with Radar,49,132,103,0,284,0,12,141,2,155,49,144,244,2,439,70,0,70,509
03/31/2017,HPN,NY,AEA,EN,Towers with Radar,51,165,131,0,347,0,0,0,0,0,51,165,131,0,347,0,0,0,347
04/01/2017,HPN,NY,AEA,EN,Towers with Radar,42,83,61,0,186,0,1,26,0,27,42,84,87,0,213,26,0,26,239
04/02/2017,HPN,NY,AEA,EN,Towers with Radar,47,144,132,0,323,0,13,242,0,255,47,157,374,0,578,80,0,80,658
04/03/2017,HPN,NY,AEA,EN,Towers with Radar,45,102,135,0,282,0,16,57,0,73,45,118,192,0,355,0,0,0,355
04/04/2017,HPN,NY,AEA,EN,Towers with Radar,44,132,117,0,293,0,0,0,0,0,44,132,117,0,293,0,0,0,293
04/05/2017,HPN,NY,AEA,EN,Towers with Radar,34,146,151,0,331,0,3,97,0,100,34,149,248,0,431,96,0,96,527
04/06/2017,HPN,NY,AEA,EN,Towers with Radar,43,144,110,0,297,0,0,0,0,0,43,144,110,0,297,6,0,6,303
04/07/2017,HPN,NY,AEA,EN,Towers with Radar,47,161,154,0,362,0,3,90,0,93,47,164,244,0,455,38,0,38,493
04/08/2017,HPN,NY,AEA,EN,Towers with Radar,45,120,96,0,261,0,9,116,0,125,45,129,212,0,386,60,0,60,446
04/09/2017,HPN,NY,AEA,EN,Towers with Radar,46,127,91,0,264,0,20,193,0,213,46,147,284,0,477,68,0,68,545
04/10/2017,HPN,NY,AEA,EN,Towers with Radar,49,108,82,0,239,0,52,62,0,114,49,160,144,0,353,65,0,65,418
04/11/2017,HPN,NY,AEA,EN,Towers with Radar,48,107,88,0,243,0,10,119,0,129,48,117,207,0,372,78,0,78,450
04/12/2017,HPN,NY,AEA,EN,Towers with Radar,47,120,105,2,274,0,37,47,0,84,47,157,152,2,358,44,0,44,402
04/13/2017,HPN,NY,AEA,EN,Towers with Radar,47,185,160,2,394,0,96,102,0,198,47,281,262,2,592,18,0,18,610
04/14/2017,HPN,NY,AEA,EN,Towers with Radar,46,128,103,0,277,0,11,152,1,164,46,139,255,1,441,37,0,37,478
04/15/2017,HPN,NY,AEA,EN,Towers with Radar,39,88,52,0,179,0,6,144,0,150,39,94,196,0,329,54,0,54,383
04/16/2017,HPN,NY,AEA,EN,Towers with Radar,43,190,138,1,372,0,12,150,0,162,43,202,288,1,534,60,0,60,594
04/17/2017,HPN,NY,AEA,EN,Towers with Radar,50,142,131,0,323,0,13,146,0,159,50,155,277,0,482,22,0,22,504
04/18/2017,HPN,NY,AEA,EN,Towers with Radar,45,109,105,0,259,0,4,158,0,162,45,113,263,0,421,86,0,86,507
04/19/2017,HPN,NY,AEA,EN,Towers with Radar,50,117,96,0,263,0,3,92,0,95,50,120,188,0,358,78,0,78,436
04/20/2017,HPN,NY,AEA,EN,Towers with Radar,49,141,126,0,316,0,4,94,0,98,49,145,220,0,414,26,0,26,440
04/21/2017,HPN,NY,AEA,EN,Towers with Radar,50,162,140,0,352,0,0,0,0,0,50,162,140,0,352,0,0,0,352
04/22/2017,HPN,NY,AEA,EN,Towers with Radar,42,84,121,4,251,0,1,68,0,69,42,85,189,4,320,54,0,54,374
04/23/2017,HPN,NY,AEA,EN,Towers with Radar,48,131,116,0,295,0,15,225,0,240,48,146,341,0,535,94,0,94,629
04/24/2017,HPN,NY,AEA,EN,Towers with Radar,47,122,104,0,273,0,12,133,0,145,47,134,237,0,418,66,0,66,484
04/25/2017,HPN,NY,AEA,EN,Towers with Radar,43,164,165,2,374,0,0,0,0,0,43,164,165,2,374,0,0,0,374
04/26/2017,HPN,NY,AEA,EN,Towers with Radar,45,149,173,0,367,0,0,1,0,1,45,149,174,0,368,0,0,0,368
04/27/2017,HPN,NY,AEA,EN,Towers with Radar,42,195,157,1,395,0,16,22,0,38,42,211,179,1,433,0,0,0,433
04/28/2017,HPN,NY,AEA,EN,Towers with Radar,49,162,133,0,344,0,27,139,0,166,49,189,272,0,510,42,0,42,552
04/29/2017,HPN,NY,AEA,EN,Towers with Radar,43,74,79,0,196,0,54,91,0,145,43,128,170,0,341,212,0,212,553
04/30/2017,HPN,NY,AEA,EN,Towers with Radar,48,175,142,0,365,0,8,175,0,183,48,183,317,0,548,60,0,60,608
05/01/2017,HPN,NY,AEA,EN,Towers with Radar,50,116,110,0,276,0,2,38,0,40,50,118,148,0,316,24,0,24,340
05/02/2017,HPN,NY,AEA,EN,Towers with Radar,45,130,110,0,285,0,5,107,1,113,45,135,217,1,398,0,0,0,398
05/03/2017,HPN,NY,AEA,EN,Towers with Radar,47,120,117,0,284,0,9,117,0,126,47,129,234,0,410,40,0,40,450
05/04/2017,HPN,NY,AEA,EN,Towers with Radar,50,170,137,0,357,0,8,90,0,98,50,178,227,0,455,76,0,76,531
05/05/2017,HPN,NY,AEA,EN,Towers with Radar,48,180,138,1,367,0,0,0,0,0,48,180,138,1,367,0,0,0,367
05/06/2017,HPN,NY,AEA,EN,Towers with Radar,37,102,99,0,238,0,2,79,0,81,37,104,178,0,319,68,0,68,387
05/07/2017,HPN,NY,AEA,EN,Towers with Radar,40,162,154,0,356,0,6,118,0,124,40,168,272,0,480,102,0,102,582
05/08/2017,HPN,NY,AEA,EN,Towers with Radar,45,121,99,0,265,0,16,98,0,114,45,137,197,0,379,80,0,80,459
05/09/2017,HPN,NY,AEA,EN,Towers with Radar,44,120,82,0,246,0,4,146,1,151,44,124,228,1,397,100,0,100,497
05/10/2017,HPN,NY,AEA,EN,Towers with Radar,43,142,105,1,291,0,42,77,1,120,43,184,182,2,411,8,0,8,419
05/11/2017,HPN,NY,AEA,EN,Towers with Radar,43,160,149,0,352,0,63,77,0,140,43,223,226,0,492,130,0,130,622
05/12/2017,HPN,NY,AEA,EN,Towers with Radar,42,147,143,0,332,0,77,87,0,164,42,224,230,0,496,44,0,44,540
05/13/2017,HPN,NY,AEA,EN,Towers with Radar,32,109,77,0,218,0,0,0,0,0,32,109,77,0,218,0,0,0,218
05/14/2017,HPN,NY,AEA,EN,Towers with Radar,38,132,116,0,286,0,56,44,0,100,38,188,160,0,386,78,0,78,464
05/15/2017,HPN,NY,AEA,EN,Towers with Radar,43,176,192,0,411,0,34,33,0,67,43,210,225,0,478,8,0,8,486
05/16/2017,HPN,NY,AEA,EN,Towers with Radar,42,137,136,0,315,0,72,94,0,166,42,209,230,0,481,200,0,200,681
05/17/2017,HPN,NY,AEA,EN,Towers with Radar,42,124,142,0,308,0,21,177,1,199,42,145,319,1,507,10,0,10,517
05/18/2017,HPN,NY,AEA,EN,Towers with Radar,43,147,119,0,309,0,26,165,0,191,43,173,284,0,500,96,0,96,596
05/19/2017,HPN,NY,AEA,EN,Towers with Radar,45,168,141,0,354,0,79,146,0,225,45,247,287,0,579,28,0,28,607
05/20/2017,HPN,NY,AEA,EN,Towers with Radar,38,110,84,0,232,0,27,120,1,148,38,137,204,1,380,92,0,92,472
05/21/2017,HPN,NY,AEA,EN,Towers with Radar,46,172,138,0,356,0,62,235,1,298,46,234,373,1,654,96,0,96,750
05/22/2017,HPN,NY,AEA,EN,Towers with Radar,44,200,170,0,414,0,1,14,0,15,44,201,184,0,429,0,0,0,429
05/23/2017,HPN,NY,AEA,EN,Towers with Radar,45,148,118,1,312,0,15,143,0,158,45,163,261,1,470,42,0,42,512
05/24/2017,HPN,NY,AEA,EN,Towers with Radar,44,116,108,1,269,0,40,104,1,145,44,156,212,2,414,84,0,84,498
05/25/2017,HPN,NY,AEA,EN,Towers with Radar,42,249,180,0,471,0,0,0,0,0,42,249,180,0,471,0,0,0,471
05/26/2017,HPN,NY,AEA,EN,Towers with Radar,52,270,215,0,537,0,26,142,0,168,52,296,357,0,705,18,0,18,723
05/27/2017,HPN,NY,AEA,EN,Towers with Radar,34,97,57,0,188,0,10,160,0,170,34,107,217,0,358,122,0,122,480
05/28/2017,HPN,NY,AEA,EN,Towers with Radar,37,81,71,0,189,0,7,117,0,124,37,88,188,0,313,84,0,84,397
05/29/2017,HPN,NY,AEA,EN,Towers with Radar,44,269,211,0,524,0,0,18,0,18,44,269,229,0,542,0,0,0,542
05/30/2017,HPN,NY,AEA,EN,Towers with Radar,44,206,154,0,404,0,1,11,0,12,44,207,165,0,416,0,0,0,416
05/31/2017,HPN,NY,AEA,EN,Towers with Radar,47,176,173,0,396,0,6,62,0,68,47,182,235,0,464,12,0,12,476
06/01/2017,HPN,NY,AEA,EN,Towers with Radar,46,154,128,0,328,0,64,145,2,211,46,218,273,2,539,97,0,97,636
06/02/2017,HPN,NY,AEA,EN,Towers with Radar,50,159,107,0,316,0,84,166,0,250,50,243,273,0,566,132,0,132,698
06/03/2017,HPN,NY,AEA,EN,Towers with Radar,38,77,75,0,190,0,13,171,1,185,38,90,246,1,375,152,0,152,527
06/04/2017,HPN,NY,AEA,EN,Towers with Radar,42,158,121,0,321,0,12,159,1,172,42,170,280,1,493,102,0,102,595
06/05/2017,HPN,NY,AEA,EN,Towers with Radar,44,151,148,0,343,0,0,2,0,2,44,151,150,0,345,0,0,0,345
06/06/2017,HPN,NY,AEA,EN,Towers with Radar,41,138,133,0,312,0,3,20,0,23,41,141,153,0,335,0,0,0,335
06/07/2017,HPN,NY,AEA,EN,Towers with Radar,41,148,133,0,322,0,12,130,0,142,41,160,263,0,464,40,0,40,504
06/08/2017,HPN,NY,AEA,EN,Towers with Radar,42,152,135,0,329,0,63,176,2,241,42,215,311,2,570,74,0,74,644
06/09/2017,HPN,NY,AEA,EN,Towers with Radar,43,170,145,0,358,0,33,229,0,262,43,203,374,0,620,60,0,60,680
06/10/2017,HPN,NY,AEA,EN,Towers with Radar,37,87,80,0,204,0,13,165,0,178,37,100,245,0,382,48,0,48,430
06/11/2017,HPN,NY,AEA,EN,Towers with Radar,40,151,150,0,341,0,31,232,0,263,40,182,382,0,604,100,0,100,704
06/12/2017,HPN,NY,AEA,EN,Towers with Radar,47,119,92,0,258,0,28,166,0,194,47,147,258,0,452,56,0,56,508
06/13/2017,HPN,NY,AEA,EN,Towers with Radar,50,105,110,0,265,0,12,112,0,124,50,117,222,0,389,42,0,42,431
06/14/2017,HPN,NY,AEA,EN,Towers with Radar,41,115,110,0,266,0,92,78,0,170,41,207,188,0,436,65,0,65,501
06/15/2017,HPN,NY,AEA,EN,Towers with Radar,40,136,127,0,303,0,25,147,0,172,40,161,274,0,475,24,0,24,499
06/16/2017,HPN,NY,AEA,EN,Towers with Radar,43,231,152,0,426,0,1,7,0,8,43,232,159,0,434,6,0,6,440
06/17/2017,HPN,NY,AEA,EN,Towers with Radar,32,108,81,0,221,0,0,0,0,0,32,108,81,0,221,0,0,0,221
06/18/2017,HPN,NY,AEA,EN,Towers with Radar,44,176,145,0,365,0,13,71,0,84,44,189,216,0,449,32,0,32,481
06/19/2017,HPN,NY,AEA,EN,Towers with Radar,40,120,103,0,263,0,1,35,0,36,40,121,138,0,299,0,0,0,299
06/20/2017,HPN,NY,AEA,EN,Towers with Radar,42,122,121,0,285,0,13,128,0,141,42,135,249,0,426,32,0,32,458
06/21/2017,HPN,NY,AEA,EN,Towers with Radar,43,116,109,0,268,0,20,148,0,168,43,136,257,0,436,108,0,108,544
06/22/2017,HPN,NY,AEA,EN,Towers with Radar,47,142,138,0,327,0,42,211,0,253,47,184,349,0,580,158,0,158,738
06/23/2017,HPN,NY,AEA,EN,Towers with Radar,47,187,149,0,383,0,21,119,0,140,47,208,268,0,523,20,0,20,543
06/24/2017,HPN,NY,AEA,EN,Towers with Radar,40,117,85,0,242,0,63,66,0,129,40,180,151,0,371,54,0,54,425
06/25/2017,HPN,NY,AEA,EN,Towers with Radar,46,182,115,0,343,0,132,140,1,273,46,314,255,1,616,78,0,78,694
06/26/2017,HPN,NY,AEA,EN,Towers with Radar,45,133,132,0,310,0,101,95,1,197,45,234,227,1,507,40,0,40,547
06/27/2017,HPN,NY,AEA,EN,Towers with Radar,48,141,134,0,323,0,16,118,1,135,48,157,252,1,458,78,0,78,536
06/28/2017,HPN,NY,AEA,EN,Towers with Radar,44,148,105,0,297,0,24,191,0,215,44,172,296,0,512,48,0,48,560
06/29/2017,HPN,NY,AEA,EN,Towers with Radar,45,172,122,0,339,0,59,176,1,236,45,231,298,1,575,76,0,76,651
06/30/2017,HPN,NY,AEA,EN,Towers with Radar,49,173,148,0,370,0,73,275,1,349,49,246,423,1,719,32,0,32,751
07/01/2017,HPN,NY,AEA,EN,Towers with Radar,40,137,111,0,288,0,32,43,0,75,40,169,154,0,363,64,0,64,427
07/02/2017,HPN,NY,AEA,EN,Towers with Radar,43,73,55,0,171,0,28,201,1,230,43,101,256,1,401,114,0,114,515
07/03/2017,HPN,NY,AEA,EN,Towers with Radar,39,70,46,0,155,0,18,119,0,137,39,88,165,0,292,76,0,76,368
07/04/2017,HPN,NY,AEA,EN,Towers with Radar,39,128,56,0,223,0,57,162,0,219,39,185,218,0,442,62,0,62,504
07/05/2017,HPN,NY,AEA,EN,Towers with Radar,42,129,87,0,258,0,43,205,0,248,42,172,292,0,506,102,0,102,608
07/06/2017,HPN,NY,AEA,EN,Towers with Radar,50,127,75,0,252,0,84,62,2,148,50,211,137,2,400,130,0,130,530
07/07/2017,HPN,NY,AEA,EN,Towers with Radar,45,182,137,0,364,0,36,40,0,76,45,218,177,0,440,0,0,0,440
07/08/2017,HPN,NY,AEA,EN,Towers with Radar,36,102,67,0,205,0,96,85,0,181,36,198,152,0,386,98,0,98,484
07/09/2017,HPN,NY,AEA,EN,Towers with Radar,45,142,108,0,295,0,58,238,0,296,45,200,346,0,591,80,0,80,671
07/10/2017,HPN,NY,AEA,EN,Towers with Radar,38,125,100,0,263,0,136,96,0,232,38,261,196,0,495,50,0,50,545
07/11/2017,HPN,NY,AEA,EN,Towers with Radar,46,137,114,0,297,0,11,109,0,120,46,148,223,0,417,54,0,54,471
07/12/2017,HPN,NY,AEA,EN,Towers with Radar,41,117,104,0,262,0,19,104,1,124,41,136,208,1,386,92,0,92,478
07/13/2017,HPN,NY,AEA,EN,Towers with Radar,57,160,102,0,319,0,18,118,1,137,57,178,220,1,456,52,0,52,508
07/14/2017,HPN,NY,AEA,EN,Towers with Radar,44,257,142,0,443,0,0,1,0,1,44,257,143,0,444,0,0,0,444
07/15/2017,HPN,NY,AEA,EN,Towers with Radar,36,104,70,0,210,0,12,128,0,140,36,116,198,0,350,70,0,70,420
07/16/2017,HPN,NY,AEA,EN,Towers with Radar,47,159,99,0,305,0,49,248,0,297,47,208,347,0,602,200,0,200,802
07/17/2017,HPN,NY,AEA,EN,Towers with Radar,47,159,110,0,316,0,45,151,1,197,47,204,261,1,513,74,0,74,587
07/18/2017,HPN,NY,AEA,EN,Towers with Radar,51,114,96,0,261,0,9,126,0,135,51,123,222,0,396,36,0,36,432
07/19/2017,HPN,NY,AEA,EN,Towers with Radar,47,153,105,0,305,0,23,173,0,196,47,176,278,0,501,94,0,94,595
07/20/2017,HPN,NY,AEA,EN,Towers with Radar,49,173,140,0,362,0,131,109,1,241,49,304,249,1,603,78,0,78,681
07/21/2017,HPN,NY,AEA,EN,Towers with Radar,47,191,108,2,348,0,161,143,0,304,47,352,251,2,652,52,0,52,704
07/22/2017,HPN,NY,AEA,EN,Towers with Radar,35,84,82,0,201,0,32,127,0,159,35,116,209,0,360,70,0,70,430
07/23/2017,HPN,NY,AEA,EN,Towers with Radar,42,219,148,0,409,0,98,86,1,185,42,317,234,1,594,74,0,74,668
07/24/2017,HPN,NY,AEA,EN,Towers with Radar,45,212,155,0,412,0,13,10,0,23,45,225,165,0,435,0,0,0,435
07/25/2017,HPN,NY,AEA,EN,Towers with Radar,45,143,128,0,316,0,1,46,1,48,45,144,174,1,364,58,0,58,422
07/26/2017,HPN,NY,AEA,EN,Towers with Radar,45,145,147,0,337,0,25,156,0,181,45,170,303,0,518,82,0,82,600
07/27/2017,HPN,NY,AEA,EN,Towers with Radar,48,197,154,0,399,0,58,73,0,131,48,255,227,0,530,154,0,154,684
07/28/2017,HPN,NY,AEA,EN,Towers with Radar,41,177,130,0,348,0,54,165,0,219,41,231,295,0,567,30,0,30,597
07/29/2017,HPN,NY,AEA,EN,Towers with Radar,35,114,68,0,217,0,11,78,0,89,35,125,146,0,306,52,0,52,358
07/30/2017,HPN,NY,AEA,EN,Towers with Radar,42,174,84,0,300,0,106,188,0,294,42,280,272,0,594,70,0,70,664
07/31/2017,HPN,NY,AEA,EN,Towers with Radar,46,143,84,0,273,0,108,129,0,237,46,251,213,0,510,92,0,92,602
08/01/2017,HPN,NY,AEA,EN,Towers with Radar,41,124,92,0,257,0,13,153,0,166,41,137,245,0,423,66,0,66,489
08/02/2017,HPN,NY,AEA,EN,Towers with Radar,48,141,146,0,335,0,26,123,0,149,48,167,269,0,484,16,0,16,500
08/03/2017,HPN,NY,AEA,EN,Towers with Radar,43,158,143,0,344,0,49,154,0,203,43,207,297,0,547,42,0,42,589
08/04/2017,HPN,NY,AEA,EN,Towers with Radar,37,194,146,0,377,0,36,173,0,209,37,230,319,0,586,0,0,0,586
08/05/2017,HPN,NY,AEA,EN,Towers with Radar,36,118,77,0,231,0,29,35,1,65,36,147,112,1,296,50,0,50,346
08/06/2017,HPN,NY,AEA,EN,Towers with Radar,44,141,142,0,327,0,48,255,0,303,44,189,397,0,630,102,0,102,732
08/07/2017,HPN,NY,AEA,EN,Towers with Radar,47,169,99,0,315,0,66,36,0,102,47,235,135,0,417,22,0,22,439
08/08/2017,HPN,NY,AEA,EN,Towers with Radar,46,134,139,0,319,0,10,106,0,116,46,144,245,0,435,44,0,44,479
08/09/2017,HPN,NY,AEA,EN,Towers with Radar,52,121,87,0,260,0,33,165,2,200,52,154,252,2,460,70,0,70,530
08/10/2017,HPN,NY,AEA,EN,Towers with Radar,45,133,133,0,311,0,101,182,0,283,45,234,315,0,594,98,0,98,692
08/11/2017,HPN,NY,AEA,EN,Towers with Radar,50,162,133,0,345,0,88,166,1,255,50,250,299,1,600,104,0,104,704
08/12/2017,HPN,NY,AEA,EN,Towers with Radar,37,135,85,0,257,0,11,59,0,70,37,146,144,0,327,8,0,8,335
08/13/2017,HPN,NY,AEA,EN,Towers with Radar,43,134,144,0,321,0,42,247,1,290,43,176,391,1,611,46,0,46,657
08/14/2017,HPN,NY,AEA,EN,Towers with Radar,48,141,116,0,305,0,50,178,0,228,48,191,294,0,533,26,0,26,559
08/15/2017,HPN,NY,AEA,EN,Towers with Radar,42,129,96,0,267,0,4,30,0,34,42,133,126,0,301,0,0,0,301
08/16/2017,HPN,NY,AEA,EN,Towers with Radar,44,141,107,0,292,0,31,125,0,156,44,172,232,0,448,0,0,0,448
08/17/2017,HPN,NY,AEA,EN,Towers with Radar,45,143,122,2,312,0,56,183,2,241,45,199,305,4,553,114,0,114,667
08/18/2017,HPN,NY,AEA,EN,Towers with Radar,47,213,151,0,411,0,4,6,0,10,47,217,157,0,421,0,0,0,421
08/19/2017,HPN,NY,AEA,EN,Towers with Radar,37,115,67,0,219,0,29,159,0,188,37,144,226,0,407,72,0,72,479
08/20/2017,HPN,NY,AEA,EN,Towers with Radar,49,196,108,0,353,0,39,262,0,301,49,235,370,0,654,32,0,32,686
08/21/2017,HPN,NY,AEA,EN,Towers with Radar,42,151,129,0,322,0,62,89,0,151,42,213,218,0,473,0,0,0,473
08/22/2017,HPN,NY,AEA,EN,Towers with Radar,43,121,128,0,292,0,15,136,0,151,43,136,264,0,443,76,0,76,519
08/23/2017,HPN,NY,AEA,EN,Towers with Radar,41,120,90,0,251,0,24,128,0,152,41,144,218,0,403,64,0,64,467
08/24/2017,HPN,NY,AEA,EN,Towers with Radar,43,136,106,0,285,0,42,186,0,228,43,178,292,0,513,190,0,190,703
08/25/2017,HPN,NY,AEA,EN,Towers with Radar,40,168,108,0,316,0,56,215,0,271,40,224,323,0,587,102,0,102,689
08/26/2017,HPN,NY,AEA,EN,Towers with Radar,33,104,56,0,193,0,71,141,0,212,33,175,197,0,405,84,0,84,489
08/27/2017,HPN,NY,AEA,EN,Towers with Radar,43,191,83,0,317,0,56,220,0,276,43,247,303,0,593,78,0,78,671
08/28/2017,HPN,NY,AEA,EN,Towers with Radar,47,141,70,0,258,0,113,145,0,258,47,254,215,0,516,54,0,54,570
08/29/2017,HPN,NY,AEA,EN,Towers with Radar,44,134,114,0,292,0,12,100,0,112,44,146,214,0,404,36,0,36,440
08/30/2017,HPN,NY,AEA,EN,Towers with Radar,45,139,96,0,280,0,26,162,1,189,45,165,258,1,469,130,0,130,599
08/31/2017,HPN,NY,AEA,EN,Towers with Radar,45,186,129,0,360,0,55,203,0,258,45,241,332,0,618,144,0,144,762
09/01/2017,HPN,NY,AEA,EN,Towers with Radar,46,155,97,0,298,0,155,149,0,304,46,310,246,0,602,50,0,50,652
09/02/2017,HPN,NY,AEA,EN,Towers with Radar,34,84,50,0,168,0,24,157,0,181,34,108,207,0,349,78,0,78,427
09/03/2017,HPN,NY,AEA,EN,Towers with Radar,39,126,74,0,239,0,7,17,0,24,39,133,91,0,263,0,0,0,263
09/04/2017,HPN,NY,AEA,EN,Towers with Radar,47,193,126,0,366,0,196,162,1,359,47,389,288,1,725,38,0,38,763
09/05/2017,HPN,NY,AEA,EN,Towers with Radar,39,152,122,0,313,0,46,127,0,173,39,198,249,0,486,40,0,40,526
09/06/2017,HPN,NY,AEA,EN,Towers with Radar,44,165,164,0,373,0,1,16,0,17,44,166,180,0,390,0,0,0,390
09/07/2017,HPN,NY,AEA,EN,Towers with Radar,39,236,228,0,503,0,66,65,0,131,39,302,293,0,634,74,0,74,708
09/08/2017,HPN,NY,AEA,EN,Towers with Radar,41,208,206,2,457,0,94,122,1,217,41,302,328,3,674,20,0,20,694
09/09/2017,HPN,NY,AEA,EN,Towers with Radar,23,87,70,0,180,0,21,152,0,173,23,108,222,0,353,48,0,48,401
09/10/2017,HPN,NY,AEA,EN,Towers with Radar,20,130,110,0,260,0,100,178,0,278,20,230,288,0,538,22,0,22,560
09/11/2017,HPN,NY,AEA,EN,Towers with Radar,14,86,95,0,195,0,42,143,0,185,14,128,238,0,380,38,0,38,418
09/12/2017,HPN,NY,AEA,EN,Towers with Radar,26,116,126,2,270,0,19,144,0,163,26,135,270,2,433,90,0,90,523
09/13/2017,HPN,NY,AEA,EN,Towers with Radar,37,138,151,0,326,0,18,149,0,167,37,156,300,0,493,6,0,6,499
09/14/2017,HPN,NY,AEA,EN,Towers with Radar,41,176,191,0,408,0,21,93,0,114,41,197,284,0,522,42,0,42,564
09/15/2017,HPN,NY,AEA,EN,Towers with Radar,47,200,180,0,427,0,29,144,0,173,47,229,324,0,600,86,0,86,686
09/16/2017,HPN,NY,AEA,EN,Towers with Radar,33,128,109,0,270,0,4,69,0,73,33,132,178,0,343,4,0,4,347
09/17/2017,HPN,NY,AEA,EN,Towers with Radar,42,227,208,0,477,0,20,70,0,90,42,247,278,0,567,0,0,0,567
09/18/2017,HPN,NY,AEA,EN,Towers with Radar,44,164,152,0,360,0,3,19,0,22,44,167,171,0,382,0,0,0,382
09/19/2017,HPN,NY,AEA,EN,Towers with Radar,40,173,124,0,337,0,2,25,0,27,40,175,149,0,364,0,0,0,364
09/20/2017,HPN,NY,AEA,EN,Towers with Radar,40,129,99,0,268,0,4,37,0,41,40,133,136,0,309,0,0,0,309
09/21/2017,HPN,NY,AEA,EN,Towers with Radar,45,142,111,0,298,0,45,88,0,133,45,187,199,0,431,0,0,0,431
09/22/2017,HPN,NY,AEA,EN,Towers with Radar,41,159,99,0,299,0,15,138,0,153,41,174,237,0,452,72,0,72,524
09/23/2017,HPN,NY,AEA,EN,Towers with Radar,33,87,67,0,187,0,58,129,0,187,33,145,196,0,374,102,0,102,476
09/24/2017,HPN,NY,AEA,EN,Towers with Radar,36,167,129,0,332,0,78,161,1,240,36,245,290,1,572,32,0,32,604
09/25/2017,HPN,NY,AEA,EN,Towers with Radar,42,123,111,0,276,0,22,140,0,162,42,145,251,0,438,118,0,118,556
09/26/2017,HPN,NY,AEA,EN,Towers with Radar,40,137,127,1,305,0,13,108,1,122,40,150,235,2,427,12,0,12,439
09/27/2017,HPN,NY,AEA,EN,Towers with Radar,41,119,112,2,274,0,8,140,0,148,41,127,252,2,422,108,0,108,530
09/28/2017,HPN,NY,AEA,EN,Towers with Radar,48,141,122,1,312,0,27,118,0,145,48,168,240,1,457,28,0,28,485
09/29/2017,HPN,NY,AEA,EN,Towers with Radar,47,160,123,2,332,0,58,174,0,232,47,218,297,2,564,32,0,32,596
09/30/2017,HPN,NY,AEA,EN,Towers with Radar,32,92,69,0,193,0,7,83,0,90,32,99,152,0,283,94,0,94,377
10/01/2017,HPN,NY,AEA,EN,Towers with Radar,40,157,140,0,337,0,34,164,0,198,40,191,304,0,535,56,0,56,591
10/02/2017,HPN,NY,AEA,EN,Towers with Radar,41,93,118,0,252,0,24,147,1,172,41,117,265,1,424,60,0,60,484
10/03/2017,HPN,NY,AEA,EN,Towers with Radar,43,103,96,0,242,0,62,79,0,141,43,165,175,0,383,68,0,68,451
10/04/2017,HPN,NY,AEA,EN,Towers with Radar,39,108,121,0,268,0,19,160,0,179,39,127,281,0,447,80,0,80,527
10/05/2017,HPN,NY,AEA,EN,Towers with Radar,47,174,140,0,361,0,72,88,2,162,47,246,228,2,523,42,0,42,565
10/06/2017,HPN,NY,AEA,EN,Towers with Radar,46,216,137,0,399,0,99,147,1,247,46,315,284,1,646,34,0,34,680
10/07/2017,HPN,NY,AEA,EN,Towers with Radar,41,121,94,0,256,0,54,69,0,123,41,175,163,0,379,66,0,66,445
10/08/2017,HPN,NY,AEA,EN,Towers with Radar,39,183,150,0,372,0,11,15,0,26,39,194,165,0,398,0,0,0,398
10/09/2017,HPN,NY,AEA,EN,Towers with Radar,40,213,217,0,470,0,0,0,0,0,40,213,217,0,470,0,0,0,470
10/10/2017,HPN,NY,AEA,EN,Towers with Radar,39,124,133,0,296,0,51,100,0,151,39,175,233,0,447,48,0,48,495
10/11/2017,HPN,NY,AEA,EN,Towers with Radar,40,118,105,0,263,0,6,113,0,119,40,124,218,0,382,86,0,86,468
10/12/2017,HPN,NY,AEA,EN,Towers with Radar,45,139,116,0,300,0,16,117,0,133,45,155,233,0,433,76,0,76,509
10/13/2017,HPN,NY,AEA,EN,Towers with Radar,47,140,133,0,320,0,17,132,0,149,47,157,265,0,469,38,0,38,507
10/14/2017,HPN,NY,AEA,EN,Towers with Radar,36,90,93,0,219,0,3,35,0,38,36,93,128,0,257,18,0,18,275
10/15/2017,HPN,NY,AEA,EN,Towers with Radar,40,173,143,0,356,0,3,48,0,51,40,176,191,0,407,4,0,4,411
10/16/2017,HPN,NY,AEA,EN,Towers with Radar,47,123,115,0,285,0,52,54,0,106,47,175,169,0,391,64,0,64,455
10/17/2017,HPN,NY,AEA,EN,Towers with Radar,45,101,96,0,242,0,21,121,1,143,45,122,217,1,385,70,0,70,455
10/18/2017,HPN,NY,AEA,EN,Towers with Radar,45,96,107,0,248,0,21,134,0,155,45,117,241,0,403,90,0,90,493
10/19/2017,HPN,NY,AEA,EN,Towers with Radar,43,121,105,0,269,0,23,147,0,170,43,144,252,0,439,68,0,68,507
10/20/2017,HPN,NY,AEA,EN,Towers with Radar,45,163,141,0,349,0,74,170,3,247,45,237,311,3,596,152,0,152,748
10/21/2017,HPN,NY,AEA,EN,Towers with Radar,37,91,60,0,188,0,10,201,0,211,37,101,261,0,399,86,0,86,485
10/22/2017,HPN,NY,AEA,EN,Towers with Radar,36,177,106,0,319,0,17,231,0,248,36,194,337,0,567,104,0,104,671
10/23/2017,HPN,NY,AEA,EN,Towers with Radar,47,124,119,0,290,0,4,50,0,54,47,128,169,0,344,16,0,16,360
10/24/2017,HPN,NY,AEA,EN,Towers with Radar,41,111,86,0,238,0,0,3,0,3,41,111,89,0,241,0,0,0,241
10/25/2017,HPN,NY,AEA,EN,Towers with Radar,42,142,131,0,315,0,43,84,0,127,42,185,215,0,442,78,0,78,520
10/26/2017,HPN,NY,AEA,EN,Towers with Radar,49,166,134,0,349,0,7,89,0,96,49,173,223,0,445,28,0,28,473
10/27/2017,HPN,NY,AEA,EN,Towers with Radar,46,153,126,0,325,0,24,215,1,240,46,177,341,1,565,118,0,118,683
10/28/2017,HPN,NY,AEA,EN,Towers with Radar,36,107,74,0,217,0,3,195,1,199,36,110,269,1,416,64,0,64,480
10/29/2017,HPN,NY,AEA,EN,Towers with Radar,38,163,103,0,304,0,0,0,0,0,38,163,103,0,304,0,0,0,304
10/30/2017,HPN,NY,AEA,EN,Towers with Radar,49,98,81,0,228,0,5,42,0,47,49,103,123,0,275,0,0,0,275
10/31/2017,HPN,NY,AEA,EN,Towers with Radar,42,117,97,0,256,0,11,126,0,137,42,128,223,0,393,8,0,8,401
11/01/2017,HPN,NY,AEA,EN,Towers with Radar,46,121,122,0,289,0,15,129,1,145,46,136,251,1,434,46,0,46,480
11/02/2017,HPN,NY,AEA,EN,Towers with Radar,43,186,159,0,388,0,10,97,0,107,43,196,256,0,495,46,0,46,541
11/03/2017,HPN,NY,AEA,EN,Towers with Radar,47,158,130,0,335,0,73,60,0,133,47,231,190,0,468,74,0,74,542
11/04/2017,HPN,NY,AEA,EN,Towers with Radar,38,80,75,0,193,0,12,181,0,193,38,92,256,0,386,106,0,106,492
11/05/2017,HPN,NY,AEA,EN,Towers with Radar,46,166,146,0,358,0,0,10,0,10,46,166,156,0,368,24,0,24,392
11/06/2017,HPN,NY,AEA,EN,Towers with Radar,44,119,125,0,288,0,0,14,0,14,44,119,139,0,302,0,0,0,302
11/07/2017,HPN,NY,AEA,EN,Towers with Radar,44,110,109,0,263,0,21,58,0,79,44,131,167,0,342,94,0,94,436
11/08/2017,HPN,NY,AEA,EN,Towers with Radar,43,132,106,0,281,0,8,117,0,125,43,140,223,0,406,94,0,94,500
11/09/2017,HPN,NY,AEA,EN,Towers with Radar,45,148,128,2,323,0,9,137,0,146,45,157,265,2,469,90,0,90,559
11/10/2017,HPN,NY,AEA,EN,Towers with Radar,44,162,104,0,310,0,17,86,0,103,44,179,190,0,413,2,0,2,415
11/11/2017,HPN,NY,AEA,EN,Towers with Radar,35,86,58,0,179,0,70,95,0,165,35,156,153,0,344,126,0,126,470
11/12/2017,HPN,NY,AEA,EN,Towers with Radar,44,168,134,0,346,0,89,90,0,179,44,257,224,0,525,60,0,60,585
11/13/2017,HPN,NY,AEA,EN,Towers with Radar,49,118,85,0,252,0,25,55,0,80,49,143,140,0,332,66,0,66,398
11/14/2017,HPN,NY,AEA,EN,Towers with Radar,46,114,128,0,288,0,7,79,1,87,46,121,207,1,375,80,0,80,455
11/15/2017,HPN,NY,AEA,EN,Towers with Radar,44,131,110,0,285,0,10,97,0,107,44,141,207,0,392,106,0,106,498
11/16/2017,HPN,NY,AEA,EN,Towers with Radar,44,168,134,0,346,0,5,64,1,70,44,173,198,1,416,30,0,30,446
11/17/2017,HPN,NY,AEA,EN,Towers with Radar,47,161,137,0,345,0,18,113,0,131,47,179,250,0,476,12,0,12,488
11/18/2017,HPN,NY,AEA,EN,Towers with Radar,41,84,88,0,213,0,37,38,0,75,41,121,126,0,288,126,0,126,414
11/19/2017,HPN,NY,AEA,EN,Towers with Radar,45,145,108,0,298,0,1,31,0,32,45,146,139,0,330,4,0,4,334
11/20/2017,HPN,NY,AEA,EN,Towers with Radar,43,128,85,0,256,0,13,81,2,96,43,141,166,2,352,54,0,54,406
11/21/2017,HPN,NY,AEA,EN,Towers with Radar,42,186,158,0,386,0,29,162,0,191,42,215,320,0,577,28,0,28,605
11/22/2017,HPN,NY,AEA,EN,Towers with Radar,46,244,165,0,455,0,15,92,0,107,46,259,257,0,562,32,0,32,594
11/23/2017,HPN,NY,AEA,EN,Towers with Radar,28,69,34,0,131,0,8,40,0,48,28,77,74,0,179,16,0,16,195
11/24/2017,HPN,NY,AEA,EN,Towers with Radar,38,90,70,0,198,0,17,135,0,152,38,107,205,0,350,130,0,130,480
11/25/2017,HPN,NY,AEA,EN,Towers with Radar,44,139,74,0,257,0,75,59,0,134,44,214,133,0,391,94,0,94,485
11/26/2017,HPN,NY,AEA,EN,Towers with Radar,42,234,226,0,502,0,103,99,0,202,42,337,325,0,704,0,0,0,704
11/27/2017,HPN,NY,AEA,EN,Towers with Radar,42,138,108,0,288,0,61,50,0,111,42,199,158,0,399,12,0,12,411
11/28/2017,HPN,NY,AEA,EN,Towers with Radar,44,94,98,0,236,0,10,91,0,101,44,104,189,0,337,48,0,48,385
11/29/2017,HPN,NY,AEA,EN,Towers with Radar,45,133,99,0,277,0,14,112,0,126,45,147,211,0,403,38,0,38,441
11/30/2017,HPN,NY,AEA,EN,Towers with Radar,42,153,142,0,337,0,57,74,2,133,42,210,216,2,470,18,0,18,488
12/01/2017,HPN,NY,AEA,EN,Towers with Radar,43,140,105,0,288,0,32,147,0,179,43,172,252,0,467,70,0,70,537
12/02/2017,HPN,NY,AEA,EN,Towers with Radar,39,93,72,0,204,0,25,120,0,145,39,118,192,0,349,20,0,20,369
12/03/2017,HPN,NY,AEA,EN,Towers with Radar,41,154,145,0,340,0,16,142,1,159,41,170,287,1,499,146,0,146,645
12/04/2017,HPN,NY,AEA,EN,Towers with Radar,44,164,195,0,403,0,14,117,1,132,44,178,312,1,535,10,0,10,545
12/05/2017,HPN,NY,AEA,EN,Towers with Radar,42,132,176,0,350,0,1,15,0,16,42,133,191,0,366,0,0,0,366
12/06/2017,HPN,NY,AEA,EN,Towers with Radar,42,180,192,0,414,0,22,93,0,115,42,202,285,0,529,16,0,16,545
12/07/2017,HPN,NY,AEA,EN,Towers with Radar,48,156,176,0,380,0,59,83,0,142,48,215,259,0,522,44,0,44,566
12/08/2017,HPN,NY,AEA,EN,Towers with Radar,37,141,104,3,285,0,19,134,0,153,37,160,238,3,438,98,0,98,536
12/09/2017,HPN,NY,AEA,EN,Towers with Radar,34,50,26,0,110,0,0,2,0,2,34,50,28,0,112,0,0,0,112
12/10/2017,HPN,NY,AEA,EN,Towers with Radar,46,156,98,0,300,0,57,54,0,111,46,213,152,0,411,86,0,86,497
12/11/2017,HPN,NY,AEA,EN,Towers with Radar,46,117,95,0,258,0,47,47,0,94,46,164,142,0,352,24,0,24,376
12/12/2017,HPN,NY,AEA,EN,Towers with Radar,44,142,91,0,277,0,1,38,0,39,44,143,129,0,316,12,0,12,328
12/13/2017,HPN,NY,AEA,EN,Towers with Radar,44,126,104,0,274,0,12,57,0,69,44,138,161,0,343,12,0,12,355
12/14/2017,HPN,NY,AEA,EN,Towers with Radar,41,140,115,0,296,0,7,68,1,76,41,147,183,1,372,6,0,6,378
12/15/2017,HPN,NY,AEA,EN,Towers with Radar,41,156,145,0,342,0,8,64,0,72,41,164,209,0,414,68,0,68,482
12/16/2017,HPN,NY,AEA,EN,Towers with Radar,40,113,61,0,214,0,42,50,0,92,40,155,111,0,306,62,0,62,368
12/17/2017,HPN,NY,AEA,EN,Towers with Radar,35,128,104,0,267,0,4,148,0,152,35,132,252,0,419,152,0,152,571
12/18/2017,HPN,NY,AEA,EN,Towers with Radar,38,115,94,0,247,0,21,23,0,44,38,136,117,0,291,4,0,4,295
12/19/2017,HPN,NY,AEA,EN,Towers with Radar,42,111,74,0,227,0,6,87,0,93,42,117,161,0,320,0,0,0,320
12/20/2017,HPN,NY,AEA,EN,Towers with Radar,36,117,89,0,242,0,10,95,0,105,36,127,184,0,347,6,0,6,353
12/21/2017,HPN,NY,AEA,EN,Towers with Radar,42,162,119,0,323,0,15,140,0,155,42,177,259,0,478,78,0,78,556
12/22/2017,HPN,NY,AEA,EN,Towers with Radar,40,157,122,0,319,0,2,77,0,79,40,159,199,0,398,62,0,62,460
12/23/2017,HPN,NY,AEA,EN,Towers with Radar,42,95,64,0,201,0,0,0,0,0,42,95,64,0,201,0,0,0,201
12/24/2017,HPN,NY,AEA,EN,Towers with Radar,36,73,35,0,144,0,4,94,0,98,36,77,129,0,242,62,0,62,304
12/25/2017,HPN,NY,AEA,EN,Towers with Radar,33,103,35,0,171,0,3,7,0,10,33,106,42,0,181,0,0,0,181
12/26/2017,HPN,NY,AEA,EN,Towers with Radar,43,196,135,0,374,0,12,65,0,77,43,208,200,0,451,76,0,76,527
12/27/2017,HPN,NY,AEA,EN,Towers with Radar,41,123,63,0,227,0,59,58,0,117,41,182,121,0,344,54,0,54,398
12/28/2017,HPN,NY,AEA,EN,Towers with Radar,43,94,60,0,197,0,8,73,0,81,43,102,133,0,278,0,0,0,278
12/29/2017,HPN,NY,AEA,EN,Towers with Radar,36,91,38,0,165,0,28,38,0,66,36,119,76,0,231,66,0,66,297
12/30/2017,HPN,NY,AEA,EN,Towers with Radar,38,75,57,0,170,0,0,4,0,4,38,75,61,0,174,0,0,0,174
12/31/2017,HPN,NY,AEA,EN,Towers with Radar,41,119,60,0,220,0,4,47,0,51,41,123,107,0,271,30,0,30,301
01/01/2018,HPN,NY,AEA,EN,Towers with Radar,41,174,152,0,367,0,5,58,0,63,41,179,210,0,430,8,0,8,438
01/02/2018,HPN,NY,AEA,EN,Towers with Radar,38,150,112,0,300,0,13,71,0,84,38,163,183,0,384,30,0,30,414
01/03/2018,HPN,NY,AEA,EN,Towers with Radar,39,103,110,0,252,0,8,76,0,84,39,111,186,0,336,46,0,46,382
01/04/2018,HPN,NY,AEA,EN,Towers with Radar,8,9,13,0,30,0,0,0,0,0,8,9,13,0,30,0,0,0,30
01/05/2018,HPN,NY,AEA,EN,Towers with Radar,41,107,98,0,246,0,1,19,0,20,41,108,117,0,266,0,0,0,266
01/06/2018,HPN,NY,AEA,EN,Towers with Radar,29,90,34,0,153,0,4,34,0,38,29,94,68,0,191,0,0,0,191
01/07/2018,HPN,NY,AEA,EN,Towers with Radar,30,120,77,0,227,0,52,48,0,100,30,172,125,0,327,66,0,66,393
01/08/2018,HPN,NY,AEA,EN,Towers with Radar,42,87,78,0,207,0,17,17,0,34,42,104,95,0,241,52,0,52,293
01/09/2018,HPN,NY,AEA,EN,Towers with Radar,42,91,73,0,206,0,8,104,1,113,42,99,177,1,319,18,0,18,337
01/10/2018,HPN,NY,AEA,EN,Towers with Radar,45,108,92,2,247,0,14,94,0,108,45,122,186,2,355,10,0,10,365
01/11/2018,HPN,NY,AEA,EN,Towers with Radar,43,143,96,0,282,0,2,35,0,37,43,145,131,0,319,46,0,46,365
01/12/2018,HPN,NY,AEA,EN,Towers with Radar,34,81,67,0,182,0,0,0,0,0,34,81,67,0,182,43,0,43,225
01/13/2018,HPN,NY,AEA,EN,Towers with Radar,43,71,45,0,159,0,23,29,0,52,43,94,74,0,211,0,0,0,211
01/14/2018,HPN,NY,AEA,EN,Towers with Radar,40,76,39,0,155,0,0,93,0,93,40,76,132,0,248,68,0,68,316
01/15/2018,HPN,NY,AEA,EN,Towers with Radar,43,186,163,0,392,0,55,53,0,108,43,241,216,0,500,136,0,136,636
01/16/2018,HPN,NY,AEA,EN,Towers with Radar,45,126,84,0,255,0,3,39,0,42,45,129,123,0,297,135,0,135,432
01/17/2018,HPN,NY,AEA,EN,Towers with Radar,37,101,62,0,200,0,2,12,0,14,37,103,74,0,214,0,0,0,214
01/18/2018,HPN,NY,AEA,EN,Towers with Radar,38,128,105,0,271,0,14,95,0,109,38,142,200,0,380,0,0,0,380
01/19/2018,HPN,NY,AEA,EN,Towers with Radar,50,131,66,0,247,0,53,56,0,109,50,184,122,0,356,112,0,112,468
01/20/2018,HPN,NY,AEA,EN,Towers with Radar,39,62,48,0,149,0,4,135,0,139,39,66,183,0,288,70,0,70,358
01/21/2018,HPN,NY,AEA,EN,Towers with Radar,39,129,87,0,255,0,84,87,0,171,39,213,174,0,426,108,0,108,534
01/22/2018,HPN,NY,AEA,EN,Towers with Radar,40,108,66,0,214,0,5,11,0,16,40,113,77,0,230,0,0,0,230
01/23/2018,HPN,NY,AEA,EN,Towers with Radar,41,89,57,0,187,0,3,17,0,20,41,92,74,0,207,0,0,0,207
01/24/2018,HPN,NY,AEA,EN,Towers with Radar,44,105,78,0,227,0,7,106,0,113,44,112,184,0,340,22,0,22,362
01/25/2018,HPN,NY,AEA,EN,Towers with Radar,42,128,73,0,243,0,21,93,0,114,42,149,166,0,357,0,0,0,357
01/26/2018,HPN,NY,AEA,EN,Towers with Radar,46,156,105,0,307,0,18,135,0,153,46,174,240,0,460,44,0,44,504
01/27/2018,HPN,NY,AEA,EN,Towers with Radar,39,79,37,0,155,0,4,124,0,128,39,83,161,0,283,36,0,36,319
01/28/2018,HPN,NY,AEA,EN,Towers with Radar,44,153,86,0,283,0,9,70,0,79,44,162,156,0,362,90,0,90,452
01/29/2018,HPN,NY,AEA,EN,Towers with Radar,48,115,82,0,245,0,15,64,0,79,48,130,146,0,324,20,0,20,344
01/30/2018,HPN,NY,AEA,EN,Towers with Radar,43,115,76,0,234,0,0,36,2,38,43,115,112,2,272,0,0,0,272
01/31/2018,HPN,NY,AEA,EN,Towers with Radar,44,117,92,0,253,0,9,144,1,154,44,126,236,1,407,44,0,44,451
02/01/2018,HPN,NY,AEA,EN,Towers with Radar,41,125,96,0,262,0,29,44,0,73,41,154,140,0,335,52,0,52,387
02/02/2018,HPN,NY,AEA,EN,Towers with Radar,46,147,87,0,280,0,7,58,0,65,46,154,145,0,345,0,0,0,345
02/03/2018,HPN,NY,AEA,EN,Towers with Radar,38,67,62,0,167,0,5,117,2,124,38,72,179,2,291,34,0,34,325
02/04/2018,HPN,NY,AEA,EN,Towers with Radar,34,100,83,0,217,0,2,40,0,42,34,102,123,0,259,80,0,80,339
02/05/2018,HPN,NY,AEA,EN,Towers with Radar,42,136,102,0,280,0,8,50,0,58,42,144,152,0,338,0,0,0,338
02/06/2018,HPN,NY,AEA,EN,Towers with Radar,46,123,100,0,269,0,7,92,0,99,46,130,192,0,368,46,0,46,414
02/07/2018,HPN,NY,AEA,EN,Towers with Radar,33,104,76,0,213,0,1,0,0,1,33,105,76,0,214,0,0,0,214
02/08/2018,HPN,NY,AEA,EN,Towers with Radar,42,118,111,0,271,0,8,96,0,104,42,126,207,0,375,34,0,34,409
02/09/2018,HPN,NY,AEA,EN,Towers with Radar,41,116,102,0,259,0,45,36,0,81,41,161,138,0,340,62,0,62,402
02/10/2018,HPN,NY,AEA,EN,Towers with Radar,38,77,55,0,170,0,0,16,0,16,38,77,71,0,186,6,0,6,192
02/11/2018,HPN,NY,AEA,EN,Towers with Radar,33,90,60,0,183,0,0,0,0,0,33,90,60,0,183,0,0,0,183
02/12/2018,HPN,NY,AEA,EN,Towers with Radar,37,125,79,0,241,0,13,91,0,104,37,138,170,0,345,60,0,60,405
02/13/2018,HPN,NY,AEA,EN,Towers with Radar,45,100,73,0,218,0,66,49,0,115,45,166,122,0,333,38,0,38,371
02/14/2018,HPN,NY,AEA,EN,Towers with Radar,47,159,96,0,302,0,68,55,1,124,47,227,151,1,426,44,0,44,470
02/15/2018,HPN,NY,AEA,EN,Towers with Radar,48,200,181,0,429,0,19,29,0,48,48,219,210,0,477,0,0,0,477
02/16/2018,HPN,NY,AEA,EN,Towers with Radar,50,217,172,0,439,0,34,37,0,71,50,251,209,0,510,20,0,20,530
02/17/2018,HPN,NY,AEA,EN,Towers with Radar,33,59,43,0,135,0,6,107,0,113,33,65,150,0,248,124,0,124,372
02/18/2018,HPN,NY,AEA,EN,Towers with Radar,33,98,48,0,179,0,53,63,0,116,33,151,111,0,295,40,0,40,335
02/19/2018,HPN,NY,AEA,EN,Towers with Radar,42,184,161,0,387,0,32,39,0,71,42,216,200,0,458,90,0,90,548
02/20/2018,HPN,NY,AEA,EN,Towers with Radar,54,177,171,1,403,0,3,71,0,74,54,180,242,1,477,30,0,30,507
02/21/2018,HPN,NY,AEA,EN,Towers with Radar,45,133,94,0,272,0,6,65,0,71,45,139,159,0,343,4,0,4,347
02/22/2018,HPN,NY,AEA,EN,Towers with Radar,44,132,108,0,284,0,5,18,0,23,44,137,126,0,307,0,0,0,307
02/23/2018,HPN,NY,AEA,EN,Towers with Radar,47,136,114,0,297,0,0,8,0,8,47,136,122,0,305,0,0,0,305
02/24/2018,HPN,NY,AEA,EN,Towers with Radar,34,87,64,0,185,0,1,46,0,47,34,88,110,0,232,0,0,0,232
02/25/2018,HPN,NY,AEA,EN,Towers with Radar,40,152,109,0,301,0,0,0,0,0,40,152,109,0,301,0,0,0,301
02/26/2018,HPN,NY,AEA,EN,Towers with Radar,47,105,84,0,236,0,51,60,3,114,47,156,144,3,350,42,0,42,392
02/27/2018,HPN,NY,AEA,EN,Towers with Radar,44,105,89,0,238,0,18,145,0,163,44,123,234,0,401,40,0,40,441
02/28/2018,HPN,NY,AEA,EN,Towers with Radar,47,104,90,0,241,0,16,134,0,150,47,120,224,0,391,38,0,38,429
03/01/2018,HPN,NY,AEA,EN,Towers with Radar,46,123,115,0,284,0,7,68,0,75,46,130,183,0,359,30,0,30,389
03/02/2018,HPN,NY,AEA,EN,Towers with Radar,32,45,39,0,116,0,0,2,0,2,32,45,41,0,118,0,0,0,118
03/03/2018,HPN,NY,AEA,EN,Towers with Radar,38,122,73,0,233,0,18,11,0,29,38,140,84,0,262,8,0,8,270
03/04/2018,HPN,NY,AEA,EN,Towers with Radar,44,147,114,0,305,0,50,61,0,111,44,197,175,0,416,62,0,62,478
03/05/2018,HPN,NY,AEA,EN,Towers with Radar,47,125,92,0,264,0,41,28,0,69,47,166,120,0,333,30,0,30,363
03/06/2018,HPN,NY,AEA,EN,Towers with Radar,47,116,116,0,279,0,8,116,0,124,47,124,232,0,403,84,0,84,487
03/07/2018,HPN,NY,AEA,EN,Towers with Radar,11,16,15,0,42,0,0,0,0,0,11,16,15,0,42,0,0,0,42
03/08/2018,HPN,NY,AEA,EN,Towers with Radar,41,127,114,0,282,0,3,76,0,79,41,130,190,0,361,26,0,26,387
03/09/2018,HPN,NY,AEA,EN,Towers with Radar,51,140,104,0,295,0,6,69,0,75,51,146,173,0,370,36,0,36,406
03/10/2018,HPN,NY,AEA,EN,Towers with Radar,41,88,69,0,198,0,4,102,0,106,41,92,171,0,304,80,0,80,384
03/11/2018,HPN,NY,AEA,EN,Towers with Radar,45,116,118,0,279,0,12,189,0,201,45,128,307,0,480,76,0,76,556
03/12/2018,HPN,NY,AEA,EN,Towers with Radar,48,111,76,0,235,0,14,88,0,102,48,125,164,0,337,106,0,106,443
03/13/2018,HPN,NY,AEA,EN,Towers with Radar,44,74,50,0,168,0,0,7,0,7,44,74,57,0,175,0,0,0,175
03/14/2018,HPN,NY,AEA,EN,Towers with Radar,46,117,107,0,270,0,0,51,0,51,46,117,158,0,321,58,0,58,379
03/15/2018,HPN,NY,AEA,EN,Towers with Radar,56,138,103,0,297,0,11,71,0,82,56,149,174,0,379,28,0,28,407
03/16/2018,HPN,NY,AEA,EN,Towers with Radar,51,150,111,0,312,0,39,47,0,86,51,189,158,0,398,4,0,4,402
03/17/2018,HPN,NY,AEA,EN,Towers with Radar,43,106,92,0,241,0,51,63,0,114,43,157,155,0,355,64,0,64,419
03/18/2018,HPN,NY,AEA,EN,Towers with Radar,46,147,118,0,311,0,63,93,0,156,46,210,211,0,467,114,0,114,581
03/19/2018,HPN,NY,AEA,EN,Towers with Radar,50,108,104,0,262,0,63,62,0,125,50,171,166,0,387,52,0,52,439
03/20/2018,HPN,NY,AEA,EN,Towers with Radar,42,114,98,0,254,0,26,68,0,94,42,140,166,0,348,46,0,46,394
03/21/2018,HPN,NY,AEA,EN,Towers with Radar,7,22,7,0,36,0,1,0,0,1,7,23,7,0,37,0,0,0,37
03/22/2018,HPN,NY,AEA,EN,Towers with Radar,50,149,108,0,307,0,12,58,0,70,50,161,166,0,377,24,0,24,401
03/23/2018,HPN,NY,AEA,EN,Towers with Radar,48,132,105,0,285,0,9,99,1,109,48,141,204,1,394,72,0,72,466
03/24/2018,HPN,NY,AEA,EN,Towers with Radar,43,110,77,0,230,0,9,150,0,159,43,119,227,0,389,22,0,22,411
03/25/2018,HPN,NY,AEA,EN,Towers with Radar,48,158,119,0,325,0,5,81,0,86,48,163,200,0,411,78,0,78,489
03/26/2018,HPN,NY,AEA,EN,Towers with Radar,51,89,82,0,222,0,11,44,0,55,51,100,126,0,277,0,0,0,277
03/27/2018,HPN,NY,AEA,EN,Towers with Radar,49,94,92,2,237,0,9,122,0,131,49,103,214,2,368,40,0,40,408
03/28/2018,HPN,NY,AEA,EN,Towers with Radar,46,125,108,0,279,0,7,52,0,59,46,132,160,0,338,46,0,46,384
03/29/2018,HPN,NY,AEA,EN,Towers with Radar,49,153,154,2,358,0,0,3,0,3,49,153,157,2,361,0,0,0,361
03/30/2018,HPN,NY,AEA,EN,Towers with Radar,54,148,105,0,307,0,15,14,0,29,54,163,119,0,336,0,0,0,336
03/31/2018,HPN,NY,AEA,EN,Towers with Radar,39,67,69,0,175,0,79,102,0,181,39,146,171,0,356,100,0,100,456
04/01/2018,HPN,NY,AEA,EN,Towers with Radar,47,162,108,0,317,0,54,67,0,121,47,216,175,0,438,50,0,50,488
04/02/2018,HPN,NY,AEA,EN,Towers with Radar,56,165,139,0,360,0,28,25,3,56,56,193,164,3,416,0,0,0,416
04/03/2018,HPN,NY,AEA,EN,Towers with Radar,44,88,87,0,219,0,4,5,0,9,44,92,92,0,228,0,0,0,228
04/04/2018,HPN,NY,AEA,EN,Towers with Radar,41,80,87,0,208,0,2,10,0,12,41,82,97,0,220,0,0,0,220
04/05/2018,HPN,NY,AEA,EN,Towers with Radar,50,114,106,0,270,0,8,111,0,119,50,122,217,0,389,32,0,32,421
04/06/2018,HPN,NY,AEA,EN,Towers with Radar,51,129,112,0,292,0,4,27,0,31,51,133,139,0,323,12,0,12,335
04/07/2018,HPN,NY,AEA,EN,Towers with Radar,39,89,54,0,182,0,13,103,0,116,39,102,157,0,298,90,0,90,388
04/08/2018,HPN,NY,AEA,EN,Towers with Radar,47,137,105,0,289,0,8,166,0,174,47,145,271,0,463,104,0,104,567
04/09/2018,HPN,NY,AEA,EN,Towers with Radar,55,110,105,0,270,0,16,89,0,105,55,126,194,0,375,38,0,38,413
04/10/2018,HPN,NY,AEA,EN,Towers with Radar,49,118,67,0,234,0,2,42,1,45,49,120,109,1,279,36,0,36,315
04/11/2018,HPN,NY,AEA,EN,Towers with Radar,53,100,85,0,238,0,10,113,0,123,53,110,198,0,361,60,0,60,421
04/12/2018,HPN,NY,AEA,EN,Towers with Radar,57,129,131,0,317,0,2,93,0,95,57,131,224,0,412,22,0,22,434
04/13/2018,HPN,NY,AEA,EN,Towers with Radar,49,124,129,0,302,0,16,129,1,146,49,140,258,1,448,78,0,78,526
04/14/2018,HPN,NY,AEA,EN,Towers with Radar,41,85,62,0,188,0,66,105,0,171,41,151,167,0,359,145,0,145,504
04/15/2018,HPN,NY,AEA,EN,Towers with Radar,43,126,126,0,295,0,5,22,0,27,43,131,148,0,322,0,0,0,322
04/16/2018,HPN,NY,AEA,EN,Towers with Radar,49,109,73,0,231,0,8,6,0,14,49,117,79,0,245,6,0,6,251
04/17/2018,HPN,NY,AEA,EN,Towers with Radar,47,112,90,0,249,0,6,84,0,90,47,118,174,0,339,36,0,36,375
04/18/2018,HPN,NY,AEA,EN,Towers with Radar,50,105,124,0,279,0,4,112,0,116,50,109,236,0,395,162,0,162,557
04/19/2018,HPN,NY,AEA,EN,Towers with Radar,50,138,141,0,329,0,4,10,0,14,50,142,151,0,343,0,0,0,343
04/20/2018,HPN,NY,AEA,EN,Towers with Radar,51,111,98,0,260,0,15,109,1,125,51,126,207,1,385,18,0,18,403
04/21/2018,HPN,NY,AEA,EN,Towers with Radar,39,93,76,0,208,0,9,217,0,226,39,102,293,0,434,80,0,80,514
04/22/2018,HPN,NY,AEA,EN,Towers with Radar,49,134,114,0,297,0,23,222,0,245,49,157,336,0,542,146,0,146,688
04/23/2018,HPN,NY,AEA,EN,Towers with Radar,52,117,96,0,265,0,10,147,0,157,52,127,243,0,422,54,0,54,476
04/24/2018,HPN,NY,AEA,EN,Towers with Radar,46,116,110,0,272,0,6,128,0,134,46,122,238,0,406,77,0,77,483
04/25/2018,HPN,NY,AEA,EN,Towers with Radar,45,132,114,0,291,0,0,0,0,0,45,132,114,0,291,0,0,0,291
04/26/2018,HPN,NY,AEA,EN,Towers with Radar,53,147,139,1,340,0,23,106,1,130,53,170,245,2,470,22,0,22,492
04/27/2018,HPN,NY,AEA,EN,Towers with Radar,53,150,127,0,330,0,2,19,0,21,53,152,146,0,351,1,0,1,352
04/28/2018,HPN,NY,AEA,EN,Towers with Radar,40,77,73,0,190,0,4,93,0,97,40,81,166,0,287,87,0,87,374
04/29/2018,HPN,NY,AEA,EN,Towers with Radar,45,156,129,0,330,0,21,107,0,128,45,177,236,0,458,152,0,152,610
04/30/2018,HPN,NY,AEA,EN,Towers with Radar,50,112,106,0,268,0,8,56,0,64,50,120,162,0,332,2,0,2,334
05/01/2018,HPN,NY,AEA,EN,Towers with Radar,51,93,94,0,238,0,2,139,0,141,51,95,233,0,379,82,0,82,461
05/02/2018,HPN,NY,AEA,EN,Towers with Radar,49,103,112,0,264,0,18,145,0,163,49,121,257,0,427,34,0,34,461
05/03/2018,HPN,NY,AEA,EN,Towers with Radar,57,171,98,0,326,0,59,52,4,115,57,230,150,4,441,14,0,14,455
05/04/2018,HPN,NY,AEA,EN,Towers with Radar,53,117,126,0,296,0,14,106,0,120,53,131,232,0,416,52,0,52,468
05/05/2018,HPN,NY,AEA,EN,Towers with Radar,37,88,78,0,203,0,6,82,0,88,37,94,160,0,291,0,0,0,291
05/06/2018,HPN,NY,AEA,EN,Towers with Radar,50,147,101,3,301,0,7,58,0,65,50,154,159,3,366,42,0,42,408
05/07/2018,HPN,NY,AEA,EN,Towers with Radar,54,102,88,0,244,0,8,115,1,124,54,110,203,1,368,103,0,103,471
05/08/2018,HPN,NY,AEA,EN,Towers with Radar,53,102,89,0,244,0,11,132,0,143,53,113,221,0,387,22,0,22,409
05/09/2018,HPN,NY,AEA,EN,Towers with Radar,50,117,106,0,273,0,9,141,0,150,50,126,247,0,423,122,0,122,545
05/10/2018,HPN,NY,AEA,EN,Towers with Radar,55,130,120,0,305,0,5,86,0,91,55,135,206,0,396,40,0,40,436
05/11/2018,HPN,NY,AEA,EN,Towers with Radar,50,143,120,0,313,0,74,132,0,206,50,217,252,0,519,62,0,62,581
05/12/2018,HPN,NY,AEA,EN,Towers with Radar,36,74,98,0,208,0,5,7,0,12,36,79,105,0,220,6,0,6,226
05/13/2018,HPN,NY,AEA,EN,Towers with Radar,48,179,130,0,357,0,3,6,0,9,48,182,136,0,366,0,0,0,366
05/14/2018,HPN,NY,AEA,EN,Towers with Radar,67,112,125,0,304,0,20,25,0,45,67,132,150,0,349,36,0,36,385
05/15/2018,HPN,NY,AEA,EN,Towers with Radar,47,97,86,0,230,0,2,31,0,33,47,99,117,0,263,12,0,12,275
05/16/2018,HPN,NY,AEA,EN,Towers with Radar,43,127,143,0,313,0,2,32,1,35,43,129,175,1,348,0,0,0,348
05/17/2018,HPN,NY,AEA,EN,Towers with Radar,51,177,176,0,404,0,2,32,0,34,51,179,208,0,438,8,0,8,446
05/18/2018,HPN,NY,AEA,EN,Towers with Radar,51,156,131,0,338,0,20,102,1,123,51,176,233,1,461,14,0,14,475
05/19/2018,HPN,NY,AEA,EN,Towers with Radar,21,78,48,0,147,0,0,0,0,0,21,78,48,0,147,0,0,0,147
05/20/2018,HPN,NY,AEA,EN,Towers with Radar,43,165,136,0,344,0,11,68,0,79,43,176,204,0,423,54,0,54,477
05/21/2018,HPN,NY,AEA,EN,Towers with Radar,56,111,107,0,274,0,25,173,0,198,56,136,280,0,472,77,0,77,549
05/22/2018,HPN,NY,AEA,EN,Towers with Radar,57,110,127,0,294,0,51,31,0,82,57,161,158,0,376,58,0,58,434
05/23/2018,HPN,NY,AEA,EN,Towers with Radar,50,150,140,0,340,0,12,89,0,101,50,162,229,0,441,26,0,26,467
05/24/2018,HPN,NY,AEA,EN,Towers with Radar,48,164,131,0,343,0,49,217,0,266,48,213,348,0,609,34,0,34,643
05/25/2018,HPN,NY,AEA,EN,Towers with Radar,54,185,123,0,362,0,157,150,0,307,54,342,273,0,669,54,0,54,723
05/26/2018,HPN,NY,AEA,EN,Towers with Radar,37,79,46,1,163,0,23,138,1,162,37,102,184,2,325,124,0,124,449
05/27/2018,HPN,NY,AEA,EN,Towers with Radar,41,110,70,0,221,0,0,0,0,0,41,110,70,0,221,0,0,0,221
05/28/2018,HPN,NY,AEA,EN,Towers with Radar,49,249,201,2,501,0,62,64,0,126,49,311,265,2,627,8,0,8,635
05/29/2018,HPN,NY,AEA,EN,Towers with Radar,49,152,96,0,297,0,25,94,0,119,49,177,190,0,416,48,0,48,464
05/30/2018,HPN,NY,AEA,EN,Towers with Radar,45,116,113,0,274,0,6,68,0,74,45,122,181,0,348,28,0,28,376
05/31/2018,HPN,NY,AEA,EN,Towers with Radar,49,144,120,0,313,0,1,15,0,16,49,145,135,0,329,20,0,20,349
06/01/2018,HPN,NY,AEA,EN,Towers with Radar,49,124,128,0,301,0,8,44,0,52,49,132,172,0,353,52,0,52,405
06/02/2018,HPN,NY,AEA,EN,Towers with Radar,37,67,66,0,170,0,10,134,1,145,37,77,200,1,315,85,0,85,400
06/03/2018,HPN,NY,AEA,EN,Towers with Radar,45,140,137,0,322,0,33,154,0,187,45,173,291,0,509,68,0,68,577
06/04/2018,HPN,NY,AEA,EN,Towers with Radar,59,126,134,0,319,0,1,49,0,50,59,127,183,0,369,10,0,10,379
06/05/2018,HPN,NY,AEA,EN,Towers with Radar,48,114,124,0,286,0,37,61,0,98,48,151,185,0,384,44,0,44,428
06/06/2018,HPN,NY,AEA,EN,Towers with Radar,54,129,134,0,317,0,17,143,1,161,54,146,277,1,478,48,0,48,526
06/07/2018,HPN,NY,AEA,EN,Towers with Radar,50,123,151,0,324,0,26,161,1,188,50,149,312,1,512,36,0,36,548
06/08/2018,HPN,NY,AEA,EN,Towers with Radar,50,138,112,0,300,0,29,231,0,260,50,167,343,0,560,37,0,37,597
06/09/2018,HPN,NY,AEA,EN,Towers with Radar,39,78,54,0,171,0,14,159,0,173,39,92,213,0,344,94,0,94,438
06/10/2018,HPN,NY,AEA,EN,Towers with Radar,49,149,103,0,301,0,38,219,0,257,49,187,322,0,558,68,0,68,626
06/11/2018,HPN,NY,AEA,EN,Towers with Radar,47,108,98,0,253,0,39,147,2,188,47,147,245,2,441,62,0,62,503
06/12/2018,HPN,NY,AEA,EN,Towers with Radar,55,127,94,2,278,0,19,179,0,198,55,146,273,2,476,86,0,86,562
06/13/2018,HPN,NY,AEA,EN,Towers with Radar,56,145,157,0,358,0,3,34,1,38,56,148,191,1,396,0,0,0,396
06/14/2018,HPN,NY,AEA,EN,Towers with Radar,49,127,115,0,291,0,43,185,0,228,49,170,300,0,519,4,0,4,523
06/15/2018,HPN,NY,AEA,EN,Towers with Radar,46,181,136,0,363,0,25,203,0,228,46,206,339,0,591,34,0,34,625
06/16/2018,HPN,NY,AEA,EN,Towers with Radar,38,72,56,0,166,0,19,189,3,211,38,91,245,3,377,91,0,91,468
06/17/2018,HPN,NY,AEA,EN,Towers with Radar,47,153,95,0,295,0,39,228,0,267,47,192,323,0,562,46,0,46,608
06/18/2018,HPN,NY,AEA,EN,Towers with Radar,49,119,129,0,297,0,31,154,0,185,49,150,283,0,482,28,0,28,510
06/19/2018,HPN,NY,AEA,EN,Towers with Radar,45,118,140,1,304,0,88,62,0,150,45,206,202,1,454,58,0,58,512
06/20/2018,HPN,NY,AEA,EN,Towers with Radar,49,132,141,0,322,0,29,187,1,217,49,161,328,1,539,18,0,18,557
06/21/2018,HPN,NY,AEA,EN,Towers with Radar,50,150,169,0,369,0,32,203,0,235,50,182,372,0,604,10,0,10,614
06/22/2018,HPN,NY,AEA,EN,Towers with Radar,47,148,137,2,334,0,146,100,0,246,47,294,237,2,580,48,0,48,628
06/23/2018,HPN,NY,AEA,EN,Towers with Radar,45,101,95,0,241,0,2,7,0,9,45,103,102,0,250,0,0,0,250
06/24/2018,HPN,NY,AEA,EN,Towers with Radar,47,191,153,0,391,0,11,65,0,76,47,202,218,0,467,0,0,0,467
06/25/2018,HPN,NY,AEA,EN,Towers with Radar,52,118,67,0,237,0,26,119,0,145,52,144,186,0,382,99,0,99,481
06/26/2018,HPN,NY,AEA,EN,Towers with Radar,50,97,112,0,259,0,25,148,1,174,50,122,260,1,433,40,0,40,473
06/27/2018,HPN,NY,AEA,EN,Towers with Radar,48,120,109,1,278,0,15,99,1,115,48,135,208,2,393,52,0,52,445
06/28/2018,HPN,NY,AEA,EN,Towers with Radar,47,166,131,0,344,0,19,41,0,60,47,185,172,0,404,0,0,0,404
06/29/2018,HPN,NY,AEA,EN,Towers with Radar,52,186,137,0,375,0,79,247,0,326,52,265,384,0,701,86,0,86,787
06/30/2018,HPN,NY,AEA,EN,Towers with Radar,43,78,59,0,180,0,36,142,1,179,43,114,201,1,359,97,0,97,456
07/01/2018,HPN,NY,AEA,EN,Towers with Radar,45,110,79,0,234,0,94,131,0,225,45,204,210,0,459,92,0,92,551
07/02/2018,HPN,NY,AEA,EN,Towers with Radar,45,95,77,0,217,0,30,147,0,177,45,125,224,0,394,168,0,168,562
07/03/2018,HPN,NY,AEA,EN,Towers with Radar,44,147,81,0,272,0,27,102,0,129,44,174,183,0,401,4,0,4,405
07/04/2018,HPN,NY,AEA,EN,Towers with Radar,44,74,61,0,179,0,19,74,1,94,44,93,135,1,273,38,0,38,311
07/05/2018,HPN,NY,AEA,EN,Towers with Radar,50,118,112,2,282,0,24,141,1,166,50,142,253,3,448,154,0,154,602
07/06/2018,HPN,NY,AEA,EN,Towers with Radar,48,119,79,0,246,0,15,44,0,59,48,134,123,0,305,4,0,4,309
07/07/2018,HPN,NY,AEA,EN,Towers with Radar,44,98,57,0,199,0,98,127,0,225,44,196,184,0,424,78,0,78,502
07/08/2018,HPN,NY,AEA,EN,Towers with Radar,49,173,131,0,353,0,195,187,1,383,49,368,318,1,736,15,0,15,751
07/09/2018,HPN,NY,AEA,EN,Towers with Radar,52,132,118,0,302,0,129,108,1,238,52,261,226,1,540,68,0,68,608
07/10/2018,HPN,NY,AEA,EN,Towers with Radar,51,98,107,0,256,0,37,146,0,183,51,135,253,0,439,89,0,89,528
07/11/2018,HPN,NY,AEA,EN,Towers with Radar,55,112,113,0,280,0,22,178,0,200,55,134,291,0,480,96,0,96,576
07/12/2018,HPN,NY,AEA,EN,Towers with Radar,52,136,102,0,290,0,55,212,1,268,52,191,314,1,558,60,0,60,618
07/13/2018,HPN,NY,AEA,EN,Towers with Radar,55,142,103,0,300,0,65,229,0,294,55,207,332,0,594,94,0,94,688
07/14/2018,HPN,NY,AEA,EN,Towers with Radar,38,90,53,0,181,0,91,97,2,190,38,181,150,2,371,18,0,18,389
07/15/2018,HPN,NY,AEA,EN,Towers with Radar,49,181,110,0,340,0,52,175,0,227,49,233,285,0,567,72,0,72,639
07/16/2018,HPN,NY,AEA,EN,Towers with Radar,48,132,101,0,281,0,45,176,0,221,48,177,277,0,502,110,0,110,612
07/17/2018,HPN,NY,AEA,EN,Towers with Radar,50,105,85,2,242,0,14,25,0,39,50,119,110,2,281,20,0,20,301
07/18/2018,HPN,NY,AEA,EN,Towers with Radar,51,126,121,0,298,0,36,155,0,191,51,162,276,0,489,82,0,82,571
07/19/2018,HPN,NY,AEA,EN,Towers with Radar,52,151,114,0,317,0,61,211,0,272,52,212,325,0,589,108,0,108,697
07/20/2018,HPN,NY,AEA,EN,Towers with Radar,47,172,114,0,333,0,82,262,1,345,47,254,376,1,678,60,0,60,738
07/21/2018,HPN,NY,AEA,EN,Towers with Radar,38,97,91,1,227,0,97,91,1,189,38,194,182,2,416,104,0,104,520
07/22/2018,HPN,NY,AEA,EN,Towers with Radar,41,186,199,2,428,0,4,37,0,41,41,190,236,2,469,0,0,0,469
07/23/2018,HPN,NY,AEA,EN,Towers with Radar,48,169,131,2,350,0,4,11,0,15,48,173,142,2,365,0,0,0,365
07/24/2018,HPN,NY,AEA,EN,Towers with Radar,48,158,103,0,309,0,11,76,0,87,48,169,179,0,396,0,0,0,396
07/25/2018,HPN,NY,AEA,EN,Towers with Radar,56,155,105,0,316,0,0,3,0,3,56,155,108,0,319,0,0,0,319
07/26/2018,HPN,NY,AEA,EN,Towers with Radar,57,193,154,0,404,0,33,115,0,148,57,226,269,0,552,82,0,82,634
07/27/2018,HPN,NY,AEA,EN,Towers with Radar,46,196,168,0,410,0,47,182,2,231,46,243,350,2,641,58,0,58,699
07/28/2018,HPN,NY,AEA,EN,Towers with Radar,39,105,91,0,235,0,13,86,0,99,39,118,177,0,334,60,0,60,394
07/29/2018,HPN,NY,AEA,EN,Towers with Radar,48,163,148,0,359,0,62,265,0,327,48,225,413,0,686,54,0,54,740
07/30/2018,HPN,NY,AEA,EN,Towers with Radar,57,125,102,0,284,0,65,183,0,248,57,190,285,0,532,86,0,86,618
07/31/2018,HPN,NY,AEA,EN,Towers with Radar,50,109,89,0,248,0,100,69,0,169,50,209,158,0,417,152,0,152,569
08/01/2018,HPN,NY,AEA,EN,Towers with Radar,50,155,125,0,330,0,10,26,0,36,50,165,151,0,366,6,0,6,372
08/02/2018,HPN,NY,AEA,EN,Towers with Radar,52,158,123,0,333,0,46,104,0,150,52,204,227,0,483,48,0,48,531
08/03/2018,HPN,NY,AEA,EN,Towers with Radar,48,165,155,0,368,0,88,67,1,156,48,253,222,1,524,48,0,48,572
08/04/2018,HPN,NY,AEA,EN,Towers with Radar,38,128,85,0,251,0,22,25,0,47,38,150,110,0,298,48,0,48,346
08/05/2018,HPN,NY,AEA,EN,Towers with Radar,50,127,128,0,305,0,55,256,1,312,50,182,384,1,617,124,0,124,741
08/06/2018,HPN,NY,AEA,EN,Towers with Radar,53,167,86,0,306,0,162,88,0,250,53,329,174,0,556,116,0,116,672
08/07/2018,HPN,NY,AEA,EN,Towers with Radar,49,129,117,0,295,0,29,106,0,135,49,158,223,0,430,82,0,82,512
08/08/2018,HPN,NY,AEA,EN,Towers with Radar,52,154,121,0,327,0,28,129,0,157,52,182,250,0,484,124,0,124,608
08/09/2018,HPN,NY,AEA,EN,Towers with Radar,50,141,124,0,315,0,49,165,0,214,50,190,289,0,529,114,0,114,643
08/10/2018,HPN,NY,AEA,EN,Towers with Radar,59,121,107,2,289,0,68,349,1,418,59,189,456,3,707,52,0,52,759
08/11/2018,HPN,NY,AEA,EN,Towers with Radar,40,106,73,0,219,0,0,5,0,5,40,106,78,0,224,16,0,16,240
08/12/2018,HPN,NY,AEA,EN,Towers with Radar,48,188,166,0,402,0,38,93,0,131,48,226,259,0,533,14,0,14,547
08/13/2018,HPN,NY,AEA,EN,Towers with Radar,49,210,128,0,387,0,0,4,0,4,49,210,132,0,391,0,0,0,391
08/14/2018,HPN,NY,AEA,EN,Towers with Radar,54,118,103,0,275,0,8,65,1,74,54,126,168,1,349,32,0,32,381
08/15/2018,HPN,NY,AEA,EN,Towers with Radar,54,136,106,0,296,0,47,184,0,231,54,183,290,0,527,106,0,106,633
08/16/2018,HPN,NY,AEA,EN,Towers with Radar,53,152,112,0,317,0,65,175,1,241,53,217,287,1,558,60,0,60,618
08/17/2018,HPN,NY,AEA,EN,Towers with Radar,45,153,114,0,312,0,125,74,0,199,45,278,188,0,511,86,0,86,597
08/18/2018,HPN,NY,AEA,EN,Towers with Radar,43,114,64,0,221,0,34,20,0,54,43,148,84,0,275,14,0,14,289
08/19/2018,HPN,NY,AEA,EN,Towers with Radar,52,207,147,0,406,0,59,54,0,113,52,266,201,0,519,4,0,4,523
08/20/2018,HPN,NY,AEA,EN,Towers with Radar,58,175,116,0,349,0,11,84,0,95,58,186,200,0,444,18,0,18,462
08/21/2018,HPN,NY,AEA,EN,Towers with Radar,48,132,103,0,283,0,17,98,0,115,48,149,201,0,398,124,0,124,522
08/22/2018,HPN,NY,AEA,EN,Towers with Radar,51,137,106,0,294,0,15,76,0,91,51,152,182,0,385,38,0,38,423
08/23/2018,HPN,NY,AEA,EN,Towers with Radar,51,141,83,0,275,0,61,187,0,248,51,202,270,0,523,34,0,34,557
08/24/2018,HPN,NY,AEA,EN,Towers with Radar,51,147,93,0,291,0,46,224,0,270,51,193,317,0,561,46,0,46,607
08/25/2018,HPN,NY,AEA,EN,Towers with Radar,41,83,54,0,178,0,32,183,2,217,41,115,237,2,395,130,0,130,525
08/26/2018,HPN,NY,AEA,EN,Towers with Radar,48,161,77,0,286,0,52,149,0,201,48,213,226,0,487,0,0,0,487
08/27/2018,HPN,NY,AEA,EN,Towers with Radar,58,148,101,0,307,0,47,161,0,208,58,195,262,0,515,112,0,112,627
08/28/2018,HPN,NY,AEA,EN,Towers with Radar,47,110,79,0,236,0,25,139,0,164,47,135,218,0,400,76,0,76,476
08/29/2018,HPN,NY,AEA,EN,Towers with Radar,52,129,92,0,273,0,31,154,1,186,52,160,246,1,459,118,0,118,577
08/30/2018,HPN,NY,AEA,EN,Towers with Radar,54,141,104,0,299,0,77,132,1,210,54,218,236,1,509,64,0,64,573
08/31/2018,HPN,NY,AEA,EN,Towers with Radar,53,161,160,0,374,0,50,110,1,161,53,211,270,1,535,18,0,18,553
09/01/2018,HPN,NY,AEA,EN,Towers with Radar,41,83,65,0,189,0,16,84,1,101,41,99,149,1,290,23,0,23,313
09/02/2018,HPN,NY,AEA,EN,Towers with Radar,42,98,91,0,231,0,64,70,0,134,42,162,161,0,365,92,0,92,457
09/03/2018,HPN,NY,AEA,EN,Towers with Radar,52,167,150,0,369,0,98,157,0,255,52,265,307,0,624,94,0,94,718
09/04/2018,HPN,NY,AEA,EN,Towers with Radar,50,109,109,2,270,0,54,137,0,191,50,163,246,2,461,30,0,30,491
09/05/2018,HPN,NY,AEA,EN,Towers with Radar,43,93,108,0,244,0,12,115,0,127,43,105,223,0,371,28,0,28,399
09/06/2018,HPN,NY,AEA,EN,Towers with Radar,46,118,102,0,266,0,7,87,0,94,46,125,189,0,360,48,0,48,408
09/07/2018,HPN,NY,AEA,EN,Towers with Radar,47,193,158,0,398,0,3,69,0,72,47,196,227,0,470,10,0,10,480
09/08/2018,HPN,NY,AEA,EN,Towers with Radar,38,88,81,0,207,0,10,118,0,128,38,98,199,0,335,132,0,132,467
09/09/2018,HPN,NY,AEA,EN,Towers with Radar,44,156,132,0,332,0,25,100,0,125,44,181,232,0,457,37,0,37,494
09/10/2018,HPN,NY,AEA,EN,Towers with Radar,51,122,124,0,297,0,0,2,0,2,51,122,126,0,299,0,0,0,299
09/11/2018,HPN,NY,AEA,EN,Towers with Radar,54,120,110,0,284,0,0,6,0,6,54,120,116,0,290,0,0,0,290
09/12/2018,HPN,NY,AEA,EN,Towers with Radar,48,127,139,0,314,0,0,1,0,1,48,127,140,0,315,0,0,0,315
09/13/2018,HPN,NY,AEA,EN,Towers with Radar,49,166,151,0,366,0,0,26,0,26,49,166,177,0,392,0,0,0,392
09/14/2018,HPN,NY,AEA,EN,Towers with Radar,55,167,145,0,367,0,13,66,0,79,55,180,211,0,446,20,0,20,466
09/15/2018,HPN,NY,AEA,EN,Towers with Radar,35,106,76,0,217,0,7,169,0,176,35,113,245,0,393,120,0,120,513
09/16/2018,HPN,NY,AEA,EN,Towers with Radar,43,148,105,0,296,0,39,236,0,275,43,187,341,0,571,67,0,67,638
09/17/2018,HPN,NY,AEA,EN,Towers with Radar,53,120,146,0,319,0,3,52,0,55,53,123,198,0,374,16,0,16,390
09/18/2018,HPN,NY,AEA,EN,Towers with Radar,46,91,97,0,234,0,0,13,0,13,46,91,110,0,247,0,0,0,247
09/19/2018,HPN,NY,AEA,EN,Towers with Radar,49,101,97,0,247,0,5,99,0,104,49,106,196,0,351,110,0,110,461
09/20/2018,HPN,NY,AEA,EN,Towers with Radar,50,143,138,0,331,0,15,124,0,139,50,158,262,0,470,56,0,56,526
09/21/2018,HPN,NY,AEA,EN,Towers with Radar,51,160,175,0,386,0,5,89,0,94,51,165,264,0,480,24,0,24,504
09/22/2018,HPN,NY,AEA,EN,Towers with Radar,38,93,76,1,208,0,14,183,0,197,38,107,259,1,405,62,0,62,467
09/23/2018,HPN,NY,AEA,EN,Towers with Radar,47,170,163,0,380,0,11,135,0,146,47,181,298,0,526,46,0,46,572
09/24/2018,HPN,NY,AEA,EN,Towers with Radar,52,121,132,0,305,0,26,47,0,73,52,147,179,0,378,0,0,0,378
09/25/2018,HPN,NY,AEA,EN,Towers with Radar,50,115,106,0,271,0,0,0,0,0,50,115,106,0,271,0,0,0,271
09/26/2018,HPN,NY,AEA,EN,Towers with Radar,53,148,120,0,321,0,5,25,0,30,53,153,145,0,351,0,0,0,351
09/27/2018,HPN,NY,AEA,EN,Towers with Radar,50,158,144,1,353,0,16,147,0,163,50,174,291,1,516,24,0,24,540
09/28/2018,HPN,NY,AEA,EN,Towers with Radar,50,179,146,2,377,0,21,27,0,48,50,200,173,2,425,2,0,2,427
09/29/2018,HPN,NY,AEA,EN,Towers with Radar,39,93,62,1,195,0,98,88,1,187,39,191,150,2,382,48,0,48,430
09/30/2018,HPN,NY,AEA,EN,Towers with Radar,47,178,121,1,347,0,102,128,0,230,47,280,249,1,577,102,0,102,679
10/01/2018,HPN,NY,AEA,EN,Towers with Radar,53,100,147,0,300,0,2,66,0,68,53,102,213,0,368,88,0,88,456
10/02/2018,HPN,NY,AEA,EN,Towers with Radar,44,117,95,0,256,0,2,23,0,25,44,119,118,0,281,44,0,44,325
10/03/2018,HPN,NY,AEA,EN,Towers with Radar,55,119,147,0,321,0,7,144,1,152,55,126,291,1,473,62,0,62,535
10/04/2018,HPN,NY,AEA,EN,Towers with Radar,47,159,148,0,354,0,11,71,0,82,47,170,219,0,436,38,0,38,474
10/05/2018,HPN,NY,AEA,EN,Towers with Radar,52,201,140,4,397,0,55,177,1,233,52,256,317,5,630,38,0,38,668
10/06/2018,HPN,NY,AEA,EN,Towers with Radar,43,112,112,0,267,0,0,20,0,20,43,112,132,0,287,0,0,0,287
10/07/2018,HPN,NY,AEA,EN,Towers with Radar,48,152,125,0,325,0,9,71,1,81,48,161,196,1,406,6,0,6,412
10/08/2018,HPN,NY,AEA,EN,Towers with Radar,23,198,134,0,355,0,0,0,0,0,23,198,134,0,355,0,0,0,355
10/09/2018,HPN,NY,AEA,EN,Towers with Radar,50,150,141,0,341,0,10,35,0,45,50,160,176,0,386,38,0,38,424
10/10/2018,HPN,NY,AEA,EN,Towers with Radar,53,126,139,0,318,0,47,45,1,93,53,173,184,1,411,42,0,42,453
10/11/2018,HPN,NY,AEA,EN,Towers with Radar,53,127,96,0,276,0,3,0,0,3,53,130,96,0,279,8,0,8,287
10/12/2018,HPN,NY,AEA,EN,Towers with Radar,52,135,128,1,316,0,13,92,0,105,52,148,220,1,421,4,0,4,425
10/13/2018,HPN,NY,AEA,EN,Towers with Radar,40,91,71,2,204,0,1,79,0,80,40,92,150,2,284,64,0,64,348
10/14/2018,HPN,NY,AEA,EN,Towers with Radar,50,134,99,1,284,0,19,239,0,258,50,153,338,1,542,54,0,54,596
10/15/2018,HPN,NY,AEA,EN,Towers with Radar,50,137,137,0,324,0,0,17,0,17,50,137,154,0,341,0,0,0,341
10/16/2018,HPN,NY,AEA,EN,Towers with Radar,48,120,96,0,264,0,17,116,0,133,48,137,212,0,397,120,0,120,517
10/17/2018,HPN,NY,AEA,EN,Towers with Radar,48,91,81,0,220,0,16,88,0,104,48,107,169,0,324,44,0,44,368
10/18/2018,HPN,NY,AEA,EN,Towers with Radar,52,136,95,0,283,0,15,158,1,174,52,151,253,1,457,36,0,36,493
10/19/2018,HPN,NY,AEA,EN,Towers with Radar,51,137,117,0,305,0,23,177,0,200,51,160,294,0,505,50,0,50,555
10/20/2018,HPN,NY,AEA,EN,Towers with Radar,39,94,85,1,219,0,8,91,0,99,39,102,176,1,318,84,0,84,402
10/21/2018,HPN,NY,AEA,EN,Towers with Radar,49,159,93,0,301,0,14,82,0,96,49,173,175,0,397,0,0,0,397
10/22/2018,HPN,NY,AEA,EN,Towers with Radar,51,107,107,0,265,0,16,148,0,164,51,123,255,0,429,46,0,46,475
10/23/2018,HPN,NY,AEA,EN,Towers with Radar,51,118,100,2,271,0,6,102,0,108,51,124,202,2,379,4,0,4,383
10/24/2018,HPN,NY,AEA,EN,Towers with Radar,55,113,126,0,294,0,18,109,0,127,55,131,235,0,421,16,0,16,437
10/25/2018,HPN,NY,AEA,EN,Towers with Radar,51,149,116,1,317,0,18,128,0,146,51,167,244,1,463,48,0,48,511
10/26/2018,HPN,NY,AEA,EN,Towers with Radar,50,146,131,0,327,0,99,87,0,186,50,245,218,0,513,96,0,96,609
10/27/2018,HPN,NY,AEA,EN,Towers with Radar,38,32,30,0,100,0,0,0,0,0,38,32,30,0,100,0,0,0,100
10/28/2018,HPN,NY,AEA,EN,Towers with Radar,49,130,125,0,304,0,7,68,0,75,49,137,193,0,379,88,0,88,467
10/29/2018,HPN,NY,AEA,EN,Towers with Radar,49,96,98,0,243,0,3,60,0,63,49,99,158,0,306,26,0,26,332
10/30/2018,HPN,NY,AEA,EN,Towers with Radar,42,94,58,0,194,0,3,117,0,120,42,97,175,0,314,72,0,72,386
10/31/2018,HPN,NY,AEA,EN,Towers with Radar,42,85,88,0,215,0,4,136,0,140,42,89,224,0,355,52,0,52,407
11/01/2018,HPN,NY,AEA,EN,Towers with Radar,49,140,124,0,313,0,12,106,2,120,49,152,230,2,433,94,0,94,527
11/02/2018,HPN,NY,AEA,EN,Towers with Radar,54,155,136,2,347,0,1,4,0,5,54,156,140,2,352,0,0,0,352
11/03/2018,HPN,NY,AEA,EN,Towers with Radar,54,79,67,2,202,0,7,33,0,40,54,86,100,2,242,0,0,0,242
11/04/2018,HPN,NY,AEA,EN,Towers with Radar,46,140,113,0,299,0,113,166,0,279,46,253,279,0,578,34,0,34,612
11/05/2018,HPN,NY,AEA,EN,Towers with Radar,56,133,94,0,283,0,0,20,0,20,56,133,114,0,303,0,0,0,303
11/06/2018,HPN,NY,AEA,EN,Towers with Radar,56,104,89,0,249,0,0,0,0,0,56,104,89,0,249,0,0,0,249
11/07/2018,HPN,NY,AEA,EN,Towers with Radar,48,117,120,0,285,0,10,121,0,131,48,127,241,0,416,88,0,88,504
11/08/2018,HPN,NY,AEA,EN,Towers with Radar,56,127,116,0,299,0,9,150,0,159,56,136,266,0,458,160,0,160,618
11/09/2018,HPN,NY,AEA,EN,Towers with Radar,56,145,100,0,301,0,36,34,0,70,56,181,134,0,371,28,0,28,399
11/10/2018,HPN,NY,AEA,EN,Towers with Radar,44,71,50,0,165,0,17,32,0,49,44,88,82,0,214,0,0,0,214
11/11/2018,HPN,NY,AEA,EN,Towers with Radar,52,127,114,0,293,0,88,115,0,203,52,215,229,0,496,26,0,26,522
11/12/2018,HPN,NY,AEA,EN,Towers with Radar,56,99,91,0,246,0,10,137,0,147,56,109,228,0,393,94,0,94,487
11/13/2018,HPN,NY,AEA,EN,Towers with Radar,55,133,91,0,279,0,0,23,0,23,55,133,114,0,302,0,0,0,302
11/14/2018,HPN,NY,AEA,EN,Towers with Radar,52,108,96,0,256,0,9,96,0,105,52,117,192,0,361,18,0,18,379
11/15/2018,HPN,NY,AEA,EN,Towers with Radar,35,88,114,0,237,0,2,15,0,17,35,90,129,0,254,0,0,0,254
11/16/2018,HPN,NY,AEA,EN,Towers with Radar,49,186,159,0,394,0,5,40,0,45,49,191,199,0,439,0,0,0,439
11/17/2018,HPN,NY,AEA,EN,Towers with Radar,39,76,74,0,189,0,3,132,0,135,39,79,206,0,324,64,0,64,388
11/18/2018,HPN,NY,AEA,EN,Towers with Radar,56,126,85,0,267,0,6,152,0,158,56,132,237,0,425,30,0,30,455
11/19/2018,HPN,NY,AEA,EN,Towers with Radar,47,119,101,0,267,0,4,48,0,52,47,123,149,0,319,26,0,26,345
11/20/2018,HPN,NY,AEA,EN,Towers with Radar,53,202,133,2,390,0,7,35,0,42,53,209,168,2,432,10,0,10,442
11/21/2018,HPN,NY,AEA,EN,Towers with Radar,52,168,126,0,346,0,20,109,0,129,52,188,235,0,475,42,0,42,517
11/22/2018,HPN,NY,AEA,EN,Towers with Radar,34,78,31,0,143,0,8,34,0,42,34,86,65,0,185,0,0,0,185
11/23/2018,HPN,NY,AEA,EN,Towers with Radar,39,78,59,0,176,0,15,117,0,132,39,93,176,0,308,44,0,44,352
11/24/2018,HPN,NY,AEA,EN,Towers with Radar,49,119,74,0,242,0,20,17,0,37,49,139,91,0,279,46,0,46,325
11/25/2018,HPN,NY,AEA,EN,Towers with Radar,51,240,189,1,481,0,39,157,0,196,51,279,346,1,677,48,0,48,725
11/26/2018,HPN,NY,AEA,EN,Towers with Radar,48,132,137,0,317,0,0,10,0,10,48,132,147,0,327,8,0,8,335
11/27/2018,HPN,NY,AEA,EN,Towers with Radar,58,98,106,0,262,0,1,40,0,41,58,99,146,0,303,0,0,0,303
11/28/2018,HPN,NY,AEA,EN,Towers with Radar,55,114,123,0,292,0,7,51,0,58,55,121,174,0,350,0,0,0,350
11/29/2018,HPN,NY,AEA,EN,Towers with Radar,48,158,120,0,326,0,26,106,0,132,48,184,226,0,458,8,0,8,466
11/30/2018,HPN,NY,AEA,EN,Towers with Radar,50,164,137,0,351,0,5,97,0,102,50,169,234,0,453,18,0,18,471
12/01/2018,HPN,NY,AEA,EN,Towers with Radar,44,86,56,0,186,0,83,81,1,165,44,169,137,1,351,12,0,12,363
12/02/2018,HPN,NY,AEA,EN,Towers with Radar,45,140,120,0,305,0,0,0,0,0,45,140,120,0,305,0,0,0,305
12/03/2018,HPN,NY,AEA,EN,Towers with Radar,47,108,120,0,275,0,10,101,0,111,47,118,221,0,386,38,0,38,424
12/04/2018,HPN,NY,AEA,EN,Towers with Radar,51,92,86,0,229,0,53,68,0,121,51,145,154,0,350,46,0,46,396
12/05/2018,HPN,NY,AEA,EN,Towers with Radar,58,143,133,0,334,0,9,133,0,142,58,152,266,0,476,46,0,46,522
12/06/2018,HPN,NY,AEA,EN,Towers with Radar,48,139,159,0,346,0,5,107,0,112,48,144,266,0,458,32,0,32,490
12/07/2018,HPN,NY,AEA,EN,Towers with Radar,50,149,95,0,294,0,43,37,1,81,50,192,132,1,375,1,0,1,376
12/08/2018,HPN,NY,AEA,EN,Towers with Radar,39,75,76,0,190,0,54,78,1,133,39,129,154,1,323,42,0,42,365
12/09/2018,HPN,NY,AEA,EN,Towers with Radar,40,117,99,0,256,0,3,90,0,93,40,120,189,0,349,42,0,42,391
12/10/2018,HPN,NY,AEA,EN,Towers with Radar,47,80,93,2,222,0,6,82,0,88,47,86,175,2,310,86,0,86,396
12/11/2018,HPN,NY,AEA,EN,Towers with Radar,51,76,116,0,243,0,6,90,0,96,51,82,206,0,339,12,0,12,351
12/12/2018,HPN,NY,AEA,EN,Towers with Radar,49,131,136,2,318,0,10,107,0,117,49,141,243,2,435,10,0,10,445
12/13/2018,HPN,NY,AEA,EN,Towers with Radar,46,119,123,0,288,0,1,16,0,17,46,120,139,0,305,0,0,0,305
12/14/2018,HPN,NY,AEA,EN,Towers with Radar,50,130,144,0,324,0,24,35,0,59,50,154,179,0,383,0,0,0,383
12/15/2018,HPN,NY,AEA,EN,Towers with Radar,41,80,58,0,179,0,0,36,0,36,41,80,94,0,215,18,0,18,233
12/16/2018,HPN,NY,AEA,EN,Towers with Radar,46,113,101,0,260,0,0,1,0,1,46,113,102,0,261,0,0,0,261
12/17/2018,HPN,NY,AEA,EN,Towers with Radar,51,109,91,0,251,0,37,34,0,71,51,146,125,0,322,8,0,8,330
12/18/2018,HPN,NY,AEA,EN,Towers with Radar,52,114,126,0,292,0,14,34,1,49,52,128,160,1,341,0,0,0,341
12/19/2018,HPN,NY,AEA,EN,Towers with Radar,51,101,95,0,247,0,11,59,0,70,51,112,154,0,317,0,0,0,317
12/20/2018,HPN,NY,AEA,EN,Towers with Radar,48,136,128,0,312,0,13,66,0,79,48,149,194,0,391,12,0,12,403
12/21/2018,HPN,NY,AEA,EN,Towers with Radar,46,139,91,0,276,0,0,2,0,2,46,139,93,0,278,0,0,0,278
12/22/2018,HPN,NY,AEA,EN,Towers with Radar,51,173,140,0,364,0,15,20,0,35,51,188,160,0,399,10,0,10,409
12/23/2018,HPN,NY,AEA,EN,Towers with Radar,43,101,64,0,208,0,5,172,0,177,43,106,236,0,385,65,0,65,450
12/24/2018,HPN,NY,AEA,EN,Towers with Radar,40,51,30,0,121,0,0,31,0,31,40,51,61,0,152,0,0,0,152
12/25/2018,HPN,NY,AEA,EN,Towers with Radar,39,102,36,0,177,0,5,28,0,33,39,107,64,0,210,8,0,8,218
12/26/2018,HPN,NY,AEA,EN,Towers with Radar,48,153,149,0,350,0,5,81,0,86,48,158,230,0,436,28,0,28,464
12/27/2018,HPN,NY,AEA,EN,Towers with Radar,45,107,100,0,252,0,6,135,0,141,45,113,235,0,393,60,0,60,453
12/28/2018,HPN,NY,AEA,EN,Towers with Radar,43,70,42,0,155,0,0,0,0,0,43,70,42,0,155,0,0,0,155
12/29/2018,HPN,NY,AEA,EN,Towers with Radar,41,54,42,0,137,0,4,66,0,70,41,58,108,0,207,14,0,14,221
12/30/2018,HPN,NY,AEA,EN,Towers with Radar,46,70,57,0,173,0,1,79,0,80,46,71,136,0,253,100,0,100,353
12/31/2018,HPN,NY,AEA,EN,Towers with Radar,42,66,42,0,150,0,10,18,0,28,42,76,60,0,178,52,0,52,230
01/01/2019,HPN,NY,AEA,EN,Towers with Radar,40,142,90,0,272,0,6,24,1,31,40,148,114,1,303,0,0,0,303
01/02/2019,HPN,NY,AEA,EN,Towers with Radar,38,131,94,0,263,0,9,80,0,89,38,140,174,0,352,10,0,10,362
01/03/2019,HPN,NY,AEA,EN,Towers with Radar,46,102,91,0,239,0,6,62,1,69,46,108,153,1,308,10,0,10,318
01/04/2019,HPN,NY,AEA,EN,Towers with Radar,42,95,90,0,227,0,6,132,1,139,42,101,222,1,366,50,0,50,416
01/05/2019,HPN,NY,AEA,EN,Towers with Radar,50,106,90,0,246,0,2,5,0,7,50,108,95,0,253,0,0,0,253
01/06/2019,HPN,NY,AEA,EN,Towers with Radar,46,124,114,0,284,0,3,89,0,92,46,127,203,0,376,40,0,40,416
01/07/2019,HPN,NY,AEA,EN,Towers with Radar,52,81,66,0,199,0,6,86,0,92,52,87,152,0,291,32,0,32,323
01/08/2019,HPN,NY,AEA,EN,Towers with Radar,18,31,30,0,79,0,0,0,0,0,18,31,30,0,79,0,0,0,79
01/09/2019,HPN,NY,AEA,EN,Towers with Radar,60,90,63,0,213,0,2,35,0,37,60,92,98,0,250,0,0,0,250
01/10/2019,HPN,NY,AEA,EN,Towers with Radar,53,129,83,0,265,0,6,42,0,48,53,135,125,0,313,0,0,0,313
01/11/2019,HPN,NY,AEA,EN,Towers with Radar,52,99,80,0,231,0,38,41,0,79,52,137,121,0,310,10,0,10,320
01/12/2019,HPN,NY,AEA,EN,Towers with Radar,42,41,36,0,119,0,44,65,0,109,42,85,101,0,228,52,0,52,280
01/13/2019,HPN,NY,AEA,EN,Towers with Radar,50,88,76,0,214,0,66,80,0,146,50,154,156,0,360,96,0,96,456
01/14/2019,HPN,NY,AEA,EN,Towers with Radar,52,94,80,0,226,0,6,90,1,97,52,100,170,1,323,24,0,24,347
01/15/2019,HPN,NY,AEA,EN,Towers with Radar,50,82,63,0,195,0,3,78,2,83,50,85,141,2,278,32,0,32,310
01/16/2019,HPN,NY,AEA,EN,Towers with Radar,50,136,63,2,251,0,7,84,1,92,50,143,147,3,343,76,0,76,419
01/17/2019,HPN,NY,AEA,EN,Towers with Radar,54,132,112,0,298,0,11,108,0,119,54,143,220,0,417,58,0,58,475
01/18/2019,HPN,NY,AEA,EN,Towers with Radar,56,158,117,0,331,0,3,21,0,24,56,161,138,0,355,0,0,0,355
01/19/2019,HPN,NY,AEA,EN,Towers with Radar,33,75,46,0,154,0,4,62,0,66,33,79,108,0,220,40,0,40,260
01/20/2019,HPN,NY,AEA,EN,Towers with Radar,18,54,39,0,111,0,0,1,0,1,18,54,40,0,112,0,0,0,112
01/21/2019,HPN,NY,AEA,EN,Towers with Radar,45,199,145,0,389,0,13,14,0,27,45,212,159,0,416,0,0,0,416
01/22/2019,HPN,NY,AEA,EN,Towers with Radar,48,121,105,0,274,0,5,75,0,80,48,126,180,0,354,16,0,16,370
01/23/2019,HPN,NY,AEA,EN,Towers with Radar,45,99,71,0,215,0,2,47,0,49,45,101,118,0,264,10,0,10,274
01/24/2019,HPN,NY,AEA,EN,Towers with Radar,54,116,91,0,261,0,2,4,0,6,54,118,95,0,267,2,0,2,269
01/25/2019,HPN,NY,AEA,EN,Towers with Radar,53,98,74,0,225,0,10,95,0,105,53,108,169,0,330,46,0,46,376
01/26/2019,HPN,NY,AEA,EN,Towers with Radar,44,70,69,0,183,0,65,58,0,123,44,135,127,0,306,58,0,58,364
01/27/2019,HPN,NY,AEA,EN,Towers with Radar,47,115,73,0,235,0,4,96,1,101,47,119,169,1,336,4,0,4,340
01/28/2019,HPN,NY,AEA,EN,Towers with Radar,48,82,73,0,203,0,47,42,0,89,48,129,115,0,292,68,0,68,360
01/29/2019,HPN,NY,AEA,EN,Towers with Radar,43,75,77,0,195,0,0,15,0,15,43,75,92,0,210,0,0,0,210
01/30/2019,HPN,NY,AEA,EN,Towers with Radar,49,71,88,0,208,0,6,34,0,40,49,77,122,0,248,20,0,20,268
01/31/2019,HPN,NY,AEA,EN,Towers with Radar,47,124,90,1,262,0,13,78,0,91,47,137,168,1,353,22,0,22,375
02/01/2019,HPN,NY,AEA,EN,Towers with Radar,48,101,81,0,230,0,15,80,0,95,48,116,161,0,325,24,0,24,349
02/02/2019,HPN,NY,AEA,EN,Towers with Radar,41,79,44,0,164,0,2,122,4,128,41,81,166,4,292,72,0,72,364
02/03/2019,HPN,NY,AEA,EN,Towers with Radar,51,95,88,0,234,0,5,120,0,125,51,100,208,0,359,34,0,34,393
02/04/2019,HPN,NY,AEA,EN,Towers with Radar,51,120,106,0,277,0,11,82,1,94,51,131,188,1,371,44,0,44,415
02/05/2019,HPN,NY,AEA,EN,Towers with Radar,50,96,73,1,220,0,5,78,0,83,50,101,151,1,303,24,0,24,327
02/06/2019,HPN,NY,AEA,EN,Towers with Radar,54,103,100,0,257,0,3,85,0,88,54,106,185,0,345,22,0,22,367
02/07/2019,HPN,NY,AEA,EN,Towers with Radar,60,134,99,0,293,0,0,0,0,0,60,134,99,0,293,0,0,0,293
02/08/2019,HPN,NY,AEA,EN,Towers with Radar,48,117,104,0,269,0,13,33,0,46,48,130,137,0,315,10,0,10,325
02/09/2019,HPN,NY,AEA,EN,Towers with Radar,43,86,59,0,188,0,32,30,0,62,43,118,89,0,250,2,0,2,252
02/10/2019,HPN,NY,AEA,EN,Towers with Radar,49,102,73,0,224,0,80,80,0,160,49,182,153,0,384,26,0,26,410
02/11/2019,HPN,NY,AEA,EN,Towers with Radar,51,108,106,0,265,0,44,29,0,73,51,152,135,0,338,26,0,26,364
02/12/2019,HPN,NY,AEA,EN,Towers with Radar,29,53,57,0,139,0,1,1,0,2,29,54,58,0,141,0,0,0,141
02/13/2019,HPN,NY,AEA,EN,Towers with Radar,48,99,124,0,271,0,5,25,0,30,48,104,149,0,301,0,0,0,301
02/14/2019,HPN,NY,AEA,EN,Towers with Radar,58,158,140,0,356,0,13,116,1,130,58,171,256,1,486,32,0,32,518
02/15/2019,HPN,NY,AEA,EN,Towers with Radar,53,176,125,2,356,0,7,78,0,85,53,183,203,2,441,18,0,18,459
02/16/2019,HPN,NY,AEA,EN,Towers with Radar,41,75,68,0,184,0,3,141,0,144,41,78,209,0,328,68,0,68,396
02/17/2019,HPN,NY,AEA,EN,Towers with Radar,39,97,51,0,187,0,9,147,0,156,39,106,198,0,343,30,0,30,373
02/18/2019,HPN,NY,AEA,EN,Towers with Radar,50,195,137,0,382,0,10,44,0,54,50,205,181,0,436,0,0,0,436
02/19/2019,HPN,NY,AEA,EN,Towers with Radar,50,151,124,0,325,0,9,108,0,117,50,160,232,0,442,68,0,68,510
02/20/2019,HPN,NY,AEA,EN,Towers with Radar,45,105,81,0,231,0,4,27,0,31,45,109,108,0,262,12,0,12,274
02/21/2019,HPN,NY,AEA,EN,Towers with Radar,52,123,108,0,283,0,3,68,0,71,52,126,176,0,354,50,0,50,404
02/22/2019,HPN,NY,AEA,EN,Towers with Radar,53,107,112,0,272,0,12,91,1,104,53,119,203,1,376,22,0,22,398
02/23/2019,HPN,NY,AEA,EN,Towers with Radar,39,93,84,1,217,0,8,126,2,136,39,101,210,3,353,142,0,142,495
02/24/2019,HPN,NY,AEA,EN,Towers with Radar,56,119,113,0,288,0,0,0,0,0,56,119,113,0,288,0,0,0,288
02/25/2019,HPN,NY,AEA,EN,Towers with Radar,49,65,54,0,168,0,1,9,0,10,49,66,63,0,178,0,0,0,178
02/26/2019,HPN,NY,AEA,EN,Towers with Radar,51,99,106,0,256,0,49,41,0,90,51,148,147,0,346,26,0,26,372
02/27/2019,HPN,NY,AEA,EN,Towers with Radar,49,139,92,0,280,0,3,33,1,37,49,142,125,1,317,22,0,22,339
02/28/2019,HPN,NY,AEA,EN,Towers with Radar,51,133,140,0,324,0,20,90,0,110,51,153,230,0,434,64,0,64,498
03/01/2019,HPN,NY,AEA,EN,Towers with Radar,52,144,95,0,291,0,7,54,0,61,52,151,149,0,352,52,0,52,404
03/02/2019,HPN,NY,AEA,EN,Towers with Radar,32,68,43,0,143,0,1,38,0,39,32,69,81,0,182,66,0,66,248
03/03/2019,HPN,NY,AEA,EN,Towers with Radar,48,110,101,0,259,0,1,86,0,87,48,111,187,0,346,124,0,124,470
03/04/2019,HPN,NY,AEA,EN,Towers with Radar,49,92,80,0,221,0,1,53,0,54,49,93,133,0,275,12,0,12,287
03/05/2019,HPN,NY,AEA,EN,Towers with Radar,51,81,86,2,220,0,5,89,0,94,51,86,175,2,314,38,0,38,352
03/06/2019,HPN,NY,AEA,EN,Towers with Radar,55,109,87,0,251,0,4,62,0,66,55,113,149,0,317,0,0,0,317
03/07/2019,HPN,NY,AEA,EN,Towers with Radar,56,118,104,1,279,0,7,93,0,100,56,125,197,1,379,42,0,42,421
03/08/2019,HPN,NY,AEA,EN,Towers with Radar,50,128,105,0,283,0,70,45,0,115,50,198,150,0,398,26,0,26,424
03/09/2019,HPN,NY,AEA,EN,Towers with Radar,42,88,90,0,220,0,75,74,0,149,42,163,164,0,369,60,0,60,429
03/10/2019,HPN,NY,AEA,EN,Towers with Radar,52,107,84,0,243,0,0,0,0,0,52,107,84,0,243,0,0,0,243
03/11/2019,HPN,NY,AEA,EN,Towers with Radar,56,94,71,0,221,0,5,103,0,108,56,99,174,0,329,10,0,10,339
03/12/2019,HPN,NY,AEA,EN,Towers with Radar,54,78,79,0,211,0,55,36,0,91,54,133,115,0,302,32,0,32,334
03/13/2019,HPN,NY,AEA,EN,Towers with Radar,54,84,93,0,231,0,5,106,0,111,54,89,199,0,342,12,0,12,354
03/14/2019,HPN,NY,AEA,EN,Towers with Radar,52,130,100,0,282,0,11,130,0,141,52,141,230,0,423,40,0,40,463
03/15/2019,HPN,NY,AEA,EN,Towers with Radar,47,117,103,0,267,0,2,31,0,33,47,119,134,0,300,36,0,36,336
03/16/2019,HPN,NY,AEA,EN,Towers with Radar,47,101,66,0,214,0,3,56,0,59,47,104,122,0,273,2,0,2,275
03/17/2019,HPN,NY,AEA,EN,Towers with Radar,53,114,85,0,252,0,7,167,0,174,53,121,252,0,426,49,0,49,475
03/18/2019,HPN,NY,AEA,EN,Towers with Radar,55,100,64,1,220,0,9,98,0,107,55,109,162,1,327,89,0,89,416
03/19/2019,HPN,NY,AEA,EN,Towers with Radar,58,93,73,0,224,0,8,102,0,110,58,101,175,0,334,56,0,56,390
03/20/2019,HPN,NY,AEA,EN,Towers with Radar,57,109,95,0,261,0,6,111,0,117,57,115,206,0,378,34,0,34,412
03/21/2019,HPN,NY,AEA,EN,Towers with Radar,57,113,84,0,254,0,1,16,0,17,57,114,100,0,271,4,0,4,275
03/22/2019,HPN,NY,AEA,EN,Towers with Radar,59,141,75,0,275,0,5,10,0,15,59,146,85,0,290,0,0,0,290
03/23/2019,HPN,NY,AEA,EN,Towers with Radar,44,95,57,0,196,0,7,3,0,10,44,102,60,0,206,0,0,0,206
03/24/2019,HPN,NY,AEA,EN,Towers with Radar,55,171,119,0,345,0,10,228,0,238,55,181,347,0,583,0,0,0,583
03/25/2019,HPN,NY,AEA,EN,Towers with Radar,54,106,78,0,238,0,10,89,0,99,54,116,167,0,337,64,0,64,401
03/26/2019,HPN,NY,AEA,EN,Towers with Radar,58,89,70,0,217,0,75,53,0,128,58,164,123,0,345,26,0,26,371
03/27/2019,HPN,NY,AEA,EN,Towers with Radar,55,96,84,1,236,0,10,95,7,112,55,106,179,8,348,78,0,78,426
03/28/2019,HPN,NY,AEA,EN,Towers with Radar,55,83,102,0,240,0,7,126,0,133,55,90,228,0,373,50,0,50,423
03/29/2019,HPN,NY,AEA,EN,Towers with Radar,59,119,93,0,271,0,2,104,0,106,59,121,197,0,377,80,0,80,457
03/30/2019,HPN,NY,AEA,EN,Towers with Radar,43,84,64,0,191,0,4,132,0,136,43,88,196,0,327,110,0,110,437
03/31/2019,HPN,NY,AEA,EN,Towers with Radar,51,140,136,0,327,0,2,55,0,57,51,142,191,0,384,16,0,16,400
04/01/2019,HPN,NY,AEA,EN,Towers with Radar,55,85,68,0,208,0,11,64,0,75,55,96,132,0,283,16,0,16,299
04/02/2019,HPN,NY,AEA,EN,Towers with Radar,58,72,76,0,206,0,9,91,0,100,58,81,167,0,306,92,0,92,398
04/03/2019,HPN,NY,AEA,EN,Towers with Radar,66,104,111,0,281,0,13,70,0,83,66,117,181,0,364,30,0,30,394
04/04/2019,HPN,NY,AEA,EN,Towers with Radar,56,99,128,2,285,0,19,108,0,127,56,118,236,2,412,80,0,80,492
04/05/2019,HPN,NY,AEA,EN,Towers with Radar,65,147,127,0,339,0,5,56,0,61,65,152,183,0,400,24,0,24,424
04/06/2019,HPN,NY,AEA,EN,Towers with Radar,44,90,77,0,211,0,4,126,0,130,44,94,203,0,341,84,0,84,425
04/07/2019,HPN,NY,AEA,EN,Towers with Radar,51,144,90,0,285,0,11,184,0,195,51,155,274,0,480,96,0,96,576
04/08/2019,HPN,NY,AEA,EN,Towers with Radar,57,116,105,0,278,0,2,49,0,51,57,118,154,0,329,50,0,50,379
04/09/2019,HPN,NY,AEA,EN,Towers with Radar,52,118,97,0,267,0,0,0,0,0,52,118,97,0,267,0,0,0,267
04/10/2019,HPN,NY,AEA,EN,Towers with Radar,56,105,87,0,248,0,30,90,0,120,56,135,177,0,368,44,0,44,412
04/11/2019,HPN,NY,AEA,EN,Towers with Radar,57,133,103,0,293,0,15,124,1,140,57,148,227,1,433,58,0,58,491
04/12/2019,HPN,NY,AEA,EN,Towers with Radar,56,130,130,0,316,0,3,58,0,61,56,133,188,0,377,58,0,58,435
04/13/2019,HPN,NY,AEA,EN,Towers with Radar,44,106,70,0,220,0,15,61,0,76,44,121,131,0,296,54,0,54,350
04/14/2019,HPN,NY,AEA,EN,Towers with Radar,48,148,123,0,319,0,1,38,0,39,48,149,161,0,358,14,0,14,372
04/15/2019,HPN,NY,AEA,EN,Towers with Radar,57,104,62,0,223,0,5,29,0,34,57,109,91,0,257,0,0,0,257
04/16/2019,HPN,NY,AEA,EN,Towers with Radar,50,95,90,2,237,0,10,82,0,92,50,105,172,2,329,4,0,4,333
04/17/2019,HPN,NY,AEA,EN,Towers with Radar,56,84,83,0,223,0,8,171,0,179,56,92,254,0,402,56,0,56,458
04/18/2019,HPN,NY,AEA,EN,Towers with Radar,58,195,163,0,416,0,6,29,1,36,58,201,192,1,452,34,0,34,486
04/19/2019,HPN,NY,AEA,EN,Towers with Radar,45,106,80,0,231,0,0,36,0,36,45,106,116,0,267,24,0,24,291
04/20/2019,HPN,NY,AEA,EN,Towers with Radar,37,75,63,0,175,0,0,6,0,6,37,75,69,0,181,0,0,0,181
04/21/2019,HPN,NY,AEA,EN,Towers with Radar,50,190,157,0,397,0,5,61,0,66,50,195,218,0,463,12,0,12,475
04/22/2019,HPN,NY,AEA,EN,Towers with Radar,53,151,141,0,345,0,0,65,0,65,53,151,206,0,410,84,0,84,494
04/23/2019,HPN,NY,AEA,EN,Towers with Radar,54,119,99,0,272,0,12,143,1,156,54,131,242,1,428,32,0,32,460
04/24/2019,HPN,NY,AEA,EN,Towers with Radar,61,117,125,0,303,0,3,122,0,125,61,120,247,0,428,34,0,34,462
04/25/2019,HPN,NY,AEA,EN,Towers with Radar,53,122,110,0,285,0,17,132,0,149,53,139,242,0,434,42,0,42,476
04/26/2019,HPN,NY,AEA,EN,Towers with Radar,49,140,99,0,288,0,0,1,0,1,49,140,100,0,289,0,0,0,289
04/27/2019,HPN,NY,AEA,EN,Towers with Radar,48,120,81,0,249,0,7,56,0,63,48,127,137,0,312,14,0,14,326
04/28/2019,HPN,NY,AEA,EN,Towers with Radar,53,146,152,0,351,0,9,104,0,113,53,155,256,0,464,118,0,118,582
04/29/2019,HPN,NY,AEA,EN,Towers with Radar,56,116,93,0,265,0,22,138,0,160,56,138,231,0,425,140,0,140,565
04/30/2019,HPN,NY,AEA,EN,Towers with Radar,55,116,84,0,255,0,3,13,0,16,55,119,97,0,271,0,0,0,271
05/01/2019,HPN,NY,AEA,EN,Towers with Radar,58,138,145,0,341,0,3,57,0,60,58,141,202,0,401,94,0,94,495
05/02/2019,HPN,NY,AEA,EN,Towers with Radar,60,163,137,2,362,0,2,69,2,73,60,165,206,4,435,30,0,30,465
05/03/2019,HPN,NY,AEA,EN,Towers with Radar,57,137,110,0,304,0,0,4,0,4,57,137,114,0,308,0,0,0,308
05/04/2019,HPN,NY,AEA,EN,Towers with Radar,45,94,75,0,214,0,1,69,0,70,45,95,144,0,284,97,0,97,381
05/05/2019,HPN,NY,AEA,EN,Towers with Radar,50,170,132,0,352,0,0,0,0,0,50,170,132,0,352,0,0,0,352
05/06/2019,HPN,NY,AEA,EN,Towers with Radar,58,103,103,2,266,0,14,148,0,162,58,117,251,2,428,96,0,96,524
05/07/2019,HPN,NY,AEA,EN,Towers with Radar,58,123,103,0,284,0,11,155,0,166,58,134,258,0,450,122,0,122,572
05/08/2019,HPN,NY,AEA,EN,Towers with Radar,60,106,112,0,278,0,9,177,0,186,60,115,289,0,464,74,0,74,538
05/09/2019,HPN,NY,AEA,EN,Towers with Radar,62,167,122,0,351,0,11,131,0,142,62,178,253,0,493,68,0,68,561
05/10/2019,HPN,NY,AEA,EN,Towers with Radar,59,135,124,0,318,0,2,40,0,42,59,137,164,0,360,0,0,0,360
05/11/2019,HPN,NY,AEA,EN,Towers with Radar,42,80,73,0,195,0,13,192,0,205,42,93,265,0,400,118,0,118,518
05/12/2019,HPN,NY,AEA,EN,Towers with Radar,47,150,93,0,290,0,0,0,0,0,47,150,93,0,290,0,0,0,290
05/13/2019,HPN,NY,AEA,EN,Towers with Radar,62,119,119,0,300,0,0,10,0,10,62,119,129,0,310,0,0,0,310
05/14/2019,HPN,NY,AEA,EN,Towers with Radar,58,117,109,0,284,0,0,26,0,26,58,117,135,0,310,0,0,0,310
05/15/2019,HPN,NY,AEA,EN,Towers with Radar,59,108,112,0,279,0,8,144,0,152,59,116,256,0,431,48,0,48,479
05/16/2019,HPN,NY,AEA,EN,Towers with Radar,59,126,121,3,309,0,33,142,3,178,59,159,263,6,487,46,0,46,533
05/17/2019,HPN,NY,AEA,EN,Towers with Radar,59,124,125,0,308,0,19,120,0,139,59,143,245,0,447,14,0,14,461
05/18/2019,HPN,NY,AEA,EN,Towers with Radar,43,83,59,1,186,0,12,191,3,206,43,95,250,4,392,95,0,95,487
05/19/2019,HPN,NY,AEA,EN,Towers with Radar,51,163,158,0,372,0,86,83,1,170,51,249,241,1,542,26,0,26,568
05/20/2019,HPN,NY,AEA,EN,Towers with Radar,63,148,121,0,332,0,25,87,0,112,63,173,208,0,444,18,0,18,462
05/21/2019,HPN,NY,AEA,EN,Towers with Radar,57,136,108,0,301,0,62,57,0,119,57,198,165,0,420,12,0,12,432
05/22/2019,HPN,NY,AEA,EN,Towers with Radar,56,118,135,0,309,0,17,152,2,171,56,135,287,2,480,114,0,114,594
05/23/2019,HPN,NY,AEA,EN,Towers with Radar,57,184,150,1,392,0,24,116,0,140,57,208,266,1,532,64,0,64,596
05/24/2019,HPN,NY,AEA,EN,Towers with Radar,58,168,123,0,349,0,74,151,1,226,58,242,274,1,575,18,0,18,593
05/25/2019,HPN,NY,AEA,EN,Towers with Radar,41,83,63,0,187,0,31,219,0,250,41,114,282,0,437,78,0,78,515
05/26/2019,HPN,NY,AEA,EN,Towers with Radar,44,78,58,0,180,0,12,126,0,138,44,90,184,0,318,74,0,74,392
05/27/2019,HPN,NY,AEA,EN,Towers with Radar,53,162,120,0,335,0,77,223,0,300,53,239,343,0,635,94,0,94,729
05/28/2019,HPN,NY,AEA,EN,Towers with Radar,58,139,115,0,312,0,20,49,0,69,58,159,164,0,381,8,0,8,389
05/29/2019,HPN,NY,AEA,EN,Towers with Radar,50,112,144,0,306,0,0,28,0,28,50,112,172,0,334,0,0,0,334
05/30/2019,HPN,NY,AEA,EN,Towers with Radar,62,147,168,0,377,0,1,1,0,2,62,148,169,0,379,0,0,0,379
05/31/2019,HPN,NY,AEA,EN,Towers with Radar,60,131,123,0,314,0,35,212,0,247,60,166,335,0,561,56,0,56,617
06/01/2019,HPN,NY,AEA,EN,Towers with Radar,43,74,59,0,176,0,5,178,1,184,43,79,237,1,360,56,0,56,416
06/02/2019,HPN,NY,AEA,EN,Towers with Radar,53,133,99,0,285,0,10,97,0,107,53,143,196,0,392,48,0,48,440
06/03/2019,HPN,NY,AEA,EN,Towers with Radar,59,120,117,0,296,0,27,160,0,187,59,147,277,0,483,39,0,39,522
06/04/2019,HPN,NY,AEA,EN,Towers with Radar,55,121,108,0,284,0,21,149,0,170,55,142,257,0,454,67,0,67,521
06/05/2019,HPN,NY,AEA,EN,Towers with Radar,56,132,167,1,356,0,11,126,0,137,56,143,293,1,493,0,0,0,493
06/06/2019,HPN,NY,AEA,EN,Towers with Radar,55,145,151,0,351,0,28,173,0,201,55,173,324,0,552,12,0,12,564
06/07/2019,HPN,NY,AEA,EN,Towers with Radar,58,128,99,0,285,0,38,249,0,287,58,166,348,0,572,40,0,40,612
06/08/2019,HPN,NY,AEA,EN,Towers with Radar,37,85,51,0,173,0,19,177,4,200,37,104,228,4,373,100,0,100,473
06/09/2019,HPN,NY,AEA,EN,Towers with Radar,48,139,109,0,296,0,43,257,0,300,48,182,366,0,596,118,0,118,714
06/10/2019,HPN,NY,AEA,EN,Towers with Radar,53,139,130,0,322,0,0,5,0,5,53,139,135,0,327,0,0,0,327
06/11/2019,HPN,NY,AEA,EN,Towers with Radar,59,101,115,0,275,0,8,89,0,97,59,109,204,0,372,0,0,0,372
06/12/2019,HPN,NY,AEA,EN,Towers with Radar,54,116,96,0,266,0,28,89,0,117,54,144,185,0,383,0,0,0,383
06/13/2019,HPN,NY,AEA,EN,Towers with Radar,57,127,125,0,309,0,1,18,0,19,57,128,143,0,328,4,0,4,332
06/14/2019,HPN,NY,AEA,EN,Towers with Radar,55,172,124,0,351,0,35,164,0,199,55,207,288,0,550,52,0,52,602
06/15/2019,HPN,NY,AEA,EN,Towers with Radar,44,70,67,0,181,0,13,172,0,185,44,83,239,0,366,60,0,60,426
06/16/2019,HPN,NY,AEA,EN,Towers with Radar,54,140,110,0,304,0,19,106,0,125,54,159,216,0,429,92,0,92,521
06/17/2019,HPN,NY,AEA,EN,Towers with Radar,55,125,135,0,315,0,88,49,0,137,55,213,184,0,452,92,0,92,544
06/18/2019,HPN,NY,AEA,EN,Towers with Radar,54,133,119,0,306,0,0,0,0,0,54,133,119,0,306,0,0,0,306
06/19/2019,HPN,NY,AEA,EN,Towers with Radar,50,154,142,0,346,0,0,5,0,5,50,154,147,0,351,0,0,0,351
06/20/2019,HPN,NY,AEA,EN,Towers with Radar,54,139,100,0,293,0,0,7,0,7,54,139,107,0,300,0,0,0,300
06/21/2019,HPN,NY,AEA,EN,Towers with Radar,58,202,155,0,415,0,18,106,0,124,58,220,261,0,539,16,0,16,555
06/22/2019,HPN,NY,AEA,EN,Towers with Radar,46,81,53,0,180,0,22,192,2,216,46,103,245,2,396,46,0,46,442
06/23/2019,HPN,NY,AEA,EN,Towers with Radar,54,137,101,0,292,0,63,273,0,336,54,200,374,0,628,87,0,87,715
06/24/2019,HPN,NY,AEA,EN,Towers with Radar,60,99,101,0,260,0,42,151,1,194,60,141,252,1,454,50,0,50,504
06/25/2019,HPN,NY,AEA,EN,Towers with Radar,61,125,129,0,315,0,2,17,0,19,61,127,146,0,334,0,0,0,334
06/26/2019,HPN,NY,AEA,EN,Towers with Radar,61,105,111,0,277,0,16,162,0,178,61,121,273,0,455,0,0,0,455
06/27/2019,HPN,NY,AEA,EN,Towers with Radar,55,132,92,0,279,0,55,84,0,139,55,187,176,0,418,0,0,0,418
06/28/2019,HPN,NY,AEA,EN,Towers with Radar,54,141,99,0,294,0,67,188,0,255,54,208,287,0,549,71,0,71,620
06/29/2019,HPN,NY,AEA,EN,Towers with Radar,38,83,61,0,182,0,31,129,0,160,38,114,190,0,342,0,0,0,342
06/30/2019,HPN,NY,AEA,EN,Towers with Radar,44,135,79,0,258,0,35,74,0,109,44,170,153,0,367,0,0,0,367
07/01/2019,HPN,NY,AEA,EN,Towers with Radar,47,123,62,0,232,0,40,146,1,187,47,163,208,1,419,60,0,60,479
07/02/2019,HPN,NY,AEA,EN,Towers with Radar,50,96,62,0,208,0,69,123,0,192,50,165,185,0,400,56,0,56,456
07/03/2019,HPN,NY,AEA,EN,Towers with Radar,47,135,93,0,275,0,85,349,0,434,47,220,442,0,709,6,0,6,715
07/04/2019,HPN,NY,AEA,EN,Towers with Radar,42,49,27,0,118,0,22,123,0,145,42,71,150,0,263,102,0,102,365
07/05/2019,HPN,NY,AEA,EN,Towers with Radar,50,98,47,0,195,0,11,130,0,141,50,109,177,0,336,38,0,38,374
07/06/2019,HPN,NY,AEA,EN,Towers with Radar,43,84,63,0,190,0,13,35,0,48,43,97,98,0,238,0,0,0,238
07/07/2019,HPN,NY,AEA,EN,Towers with Radar,59,226,168,0,453,0,98,250,0,348,59,324,418,0,801,14,0,14,815
07/08/2019,HPN,NY,AEA,EN,Towers with Radar,59,150,102,0,311,0,38,107,0,145,59,188,209,0,456,96,0,96,552
07/09/2019,HPN,NY,AEA,EN,Towers with Radar,59,102,110,0,271,0,34,139,3,176,59,136,249,3,447,22,0,22,469
07/10/2019,HPN,NY,AEA,EN,Towers with Radar,60,114,99,2,275,0,27,165,0,192,60,141,264,2,467,0,0,0,467
07/11/2019,HPN,NY,AEA,EN,Towers with Radar,99,268,215,0,582,0,18,237,1,256,99,286,452,1,838,26,0,26,864
07/12/2019,HPN,NY,AEA,EN,Towers with Radar,54,167,141,0,362,0,50,178,3,231,54,217,319,3,593,10,0,10,603
07/13/2019,HPN,NY,AEA,EN,Towers with Radar,48,94,57,0,199,0,57,154,0,211,48,151,211,0,410,138,0,138,548
07/14/2019,HPN,NY,AEA,EN,Towers with Radar,57,171,140,0,368,0,93,176,0,269,57,264,316,0,637,52,0,52,689
07/15/2019,HPN,NY,AEA,EN,Towers with Radar,61,108,110,0,279,0,76,195,0,271,61,184,305,0,550,44,0,44,594
07/16/2019,HPN,NY,AEA,EN,Towers with Radar,66,88,95,0,249,0,101,88,0,189,66,189,183,0,438,46,0,46,484
07/17/2019,HPN,NY,AEA,EN,Towers with Radar,47,133,98,0,278,0,13,135,2,150,47,146,233,2,428,30,0,30,458
07/18/2019,HPN,NY,AEA,EN,Towers with Radar,53,220,137,0,410,0,0,2,0,2,53,220,139,0,412,2,0,2,414
07/19/2019,HPN,NY,AEA,EN,Towers with Radar,53,234,159,1,447,0,41,169,0,210,53,275,328,1,657,26,0,26,683
07/20/2019,HPN,NY,AEA,EN,Towers with Radar,42,90,65,1,198,0,33,206,0,239,42,123,271,1,437,106,0,106,543
07/21/2019,HPN,NY,AEA,EN,Towers with Radar,53,193,117,2,365,0,70,274,1,345,53,263,391,3,710,56,0,56,766
07/22/2019,HPN,NY,AEA,EN,Towers with Radar,48,97,77,0,222,0,58,115,0,173,48,155,192,0,395,58,0,58,453
07/23/2019,HPN,NY,AEA,EN,Towers with Radar,54,156,103,1,314,0,3,56,1,60,54,159,159,2,374,0,0,0,374
07/24/2019,HPN,NY,AEA,EN,Towers with Radar,57,124,128,0,309,0,38,230,2,270,57,162,358,2,579,64,0,64,643
07/25/2019,HPN,NY,AEA,EN,Towers with Radar,59,163,94,0,316,0,75,198,0,273,59,238,292,0,589,76,0,76,665
07/26/2019,HPN,NY,AEA,EN,Towers with Radar,58,151,109,0,318,0,76,252,4,332,58,227,361,4,650,28,0,28,678
07/27/2019,HPN,NY,AEA,EN,Towers with Radar,45,68,59,0,172,0,30,167,0,197,45,98,226,0,369,80,0,80,449
07/28/2019,HPN,NY,AEA,EN,Towers with Radar,52,150,117,0,319,0,78,214,2,294,52,228,331,2,613,70,0,70,683
07/29/2019,HPN,NY,AEA,EN,Towers with Radar,59,101,79,0,239,0,58,166,4,228,59,159,245,4,467,76,0,76,543
07/30/2019,HPN,NY,AEA,EN,Towers with Radar,56,92,82,0,230,0,106,73,0,179,56,198,155,0,409,68,0,68,477
07/31/2019,HPN,NY,AEA,EN,Towers with Radar,52,123,124,0,299,0,24,85,0,109,52,147,209,0,408,36,0,36,444
08/01/2019,HPN,NY,AEA,EN,Towers with Radar,54,139,115,0,308,0,67,199,1,267,54,206,314,1,575,66,0,66,641
08/02/2019,HPN,NY,AEA,EN,Towers with Radar,61,143,112,0,316,0,77,260,0,337,61,220,372,0,653,46,0,46,699
08/03/2019,HPN,NY,AEA,EN,Towers with Radar,41,106,88,0,235,0,28,156,0,184,41,134,244,0,419,92,0,92,511
08/04/2019,HPN,NY,AEA,EN,Towers with Radar,57,162,119,0,338,0,65,267,0,332,57,227,386,0,670,68,0,68,738
08/05/2019,HPN,NY,AEA,EN,Towers with Radar,53,132,82,0,267,0,73,195,0,268,53,205,277,0,535,112,0,112,647
08/06/2019,HPN,NY,AEA,EN,Towers with Radar,57,152,130,0,339,0,4,55,1,60,57,156,185,1,399,34,0,34,433
08/07/2019,HPN,NY,AEA,EN,Towers with Radar,49,136,116,0,301,0,8,49,0,57,49,144,165,0,358,0,0,0,358
08/08/2019,HPN,NY,AEA,EN,Towers with Radar,55,158,144,0,357,0,59,155,0,214,55,217,299,0,571,10,0,10,581
08/09/2019,HPN,NY,AEA,EN,Towers with Radar,56,150,128,0,334,0,69,190,0,259,56,219,318,0,593,84,0,84,677
08/10/2019,HPN,NY,AEA,EN,Towers with Radar,45,88,62,0,195,0,33,142,0,175,45,121,204,0,370,48,0,48,418
08/11/2019,HPN,NY,AEA,EN,Towers with Radar,58,167,104,0,329,0,77,264,1,342,58,244,368,1,671,38,0,38,709
08/12/2019,HPN,NY,AEA,EN,Towers with Radar,59,131,87,0,277,0,151,105,0,256,59,282,192,0,533,108,0,108,641
08/13/2019,HPN,NY,AEA,EN,Towers with Radar,56,127,111,0,294,0,4,60,0,64,56,131,171,0,358,52,0,52,410
08/14/2019,HPN,NY,AEA,EN,Towers with Radar,56,144,135,0,335,0,32,47,0,79,56,176,182,0,414,60,0,60,474
08/15/2019,HPN,NY,AEA,EN,Towers with Radar,56,166,117,0,339,0,63,163,0,226,56,229,280,0,565,64,0,64,629
08/16/2019,HPN,NY,AEA,EN,Towers with Radar,57,190,93,0,340,0,30,166,0,196,57,220,259,0,536,32,0,32,568
08/17/2019,HPN,NY,AEA,EN,Towers with Radar,46,135,93,0,274,0,11,78,0,89,46,146,171,0,363,4,0,4,367
08/18/2019,HPN,NY,AEA,EN,Towers with Radar,49,149,149,0,347,0,32,122,0,154,49,181,271,0,501,0,0,0,501
08/19/2019,HPN,NY,AEA,EN,Towers with Radar,59,148,86,0,293,0,47,179,1,227,59,195,265,1,520,42,0,42,562
08/20/2019,HPN,NY,AEA,EN,Towers with Radar,55,82,81,0,218,0,32,145,0,177,55,114,226,0,395,50,0,50,445
08/21/2019,HPN,NY,AEA,EN,Towers with Radar,58,156,76,0,290,0,6,63,0,69,58,162,139,0,359,16,0,16,375
08/22/2019,HPN,NY,AEA,EN,Towers with Radar,60,132,125,0,317,0,42,88,0,130,60,174,213,0,447,0,0,0,447
08/23/2019,HPN,NY,AEA,EN,Towers with Radar,61,140,94,0,295,0,56,168,0,224,61,196,262,0,519,20,0,20,539
08/24/2019,HPN,NY,AEA,EN,Towers with Radar,49,81,62,0,192,0,27,162,0,189,49,108,224,0,381,56,0,56,437
08/25/2019,HPN,NY,AEA,EN,Towers with Radar,57,171,107,0,335,0,52,214,0,266,57,223,321,0,601,20,0,20,621
08/26/2019,HPN,NY,AEA,EN,Towers with Radar,63,93,79,0,235,0,53,148,0,201,63,146,227,0,436,30,0,30,466
08/27/2019,HPN,NY,AEA,EN,Towers with Radar,58,103,100,0,261,0,100,89,0,189,58,203,189,0,450,34,0,34,484
08/28/2019,HPN,NY,AEA,EN,Towers with Radar,58,135,111,0,304,0,2,23,0,25,58,137,134,0,329,0,0,0,329
08/29/2019,HPN,NY,AEA,EN,Towers with Radar,63,146,113,0,322,0,45,226,0,271,63,191,339,0,593,16,0,16,609
08/30/2019,HPN,NY,AEA,EN,Towers with Radar,62,134,120,0,316,0,81,244,1,326,62,215,364,1,642,20,0,20,662
08/31/2019,HPN,NY,AEA,EN,Towers with Radar,46,88,63,0,197,0,22,167,0,189,46,110,230,0,386,16,0,16,402
09/01/2019,HPN,NY,AEA,EN,Towers with Radar,41,80,57,0,178,0,30,199,0,229,41,110,256,0,407,112,0,112,519
09/02/2019,HPN,NY,AEA,EN,Towers with Radar,47,272,172,0,491,0,24,67,0,91,47,296,239,0,582,34,0,34,616
09/03/2019,HPN,NY,AEA,EN,Towers with Radar,46,124,87,0,257,0,52,161,0,213,46,176,248,0,470,80,0,80,550
09/04/2019,HPN,NY,AEA,EN,Towers with Radar,46,126,114,0,286,0,6,76,1,83,46,132,190,1,369,48,0,48,417
09/05/2019,HPN,NY,AEA,EN,Towers with Radar,62,127,120,0,309,0,25,183,0,208,62,152,303,0,517,28,0,28,545
09/06/2019,HPN,NY,AEA,EN,Towers with Radar,57,156,133,0,346,0,20,86,0,106,57,176,219,0,452,0,0,0,452
09/07/2019,HPN,NY,AEA,EN,Towers with Radar,45,88,50,0,183,0,8,143,0,151,45,96,193,0,334,84,0,84,418
09/08/2019,HPN,NY,AEA,EN,Towers with Radar,52,135,110,0,297,0,50,234,0,284,52,185,344,0,581,0,0,0,581
09/09/2019,HPN,NY,AEA,EN,Towers with Radar,57,102,103,0,262,0,20,163,0,183,57,122,266,0,445,60,0,60,505
09/10/2019,HPN,NY,AEA,EN,Towers with Radar,55,104,118,0,277,0,8,47,0,55,55,112,165,0,332,0,0,0,332
09/11/2019,HPN,NY,AEA,EN,Towers with Radar,53,94,108,0,255,0,11,76,0,87,53,105,184,0,342,0,0,0,342
09/12/2019,HPN,NY,AEA,EN,Towers with Radar,57,142,124,0,323,0,1,55,0,56,57,143,179,0,379,50,0,50,429
09/13/2019,HPN,NY,AEA,EN,Towers with Radar,55,135,109,0,299,0,44,179,0,223,55,179,288,0,522,32,0,32,554
09/14/2019,HPN,NY,AEA,EN,Towers with Radar,39,80,72,0,191,0,3,105,1,109,39,83,177,1,300,72,0,72,372
09/15/2019,HPN,NY,AEA,EN,Towers with Radar,50,172,100,0,322,0,48,257,2,307,50,220,357,2,629,54,0,54,683
09/16/2019,HPN,NY,AEA,EN,Towers with Radar,56,104,95,0,255,0,18,91,0,109,56,122,186,0,364,78,0,78,442
09/17/2019,HPN,NY,AEA,EN,Towers with Radar,52,102,88,0,242,0,20,137,0,157,52,122,225,0,399,52,0,52,451
09/18/2019,HPN,NY,AEA,EN,Towers with Radar,59,128,108,0,295,0,15,152,0,167,59,143,260,0,462,0,0,0,462
09/19/2019,HPN,NY,AEA,EN,Towers with Radar,59,113,121,0,293,0,39,208,0,247,59,152,329,0,540,0,0,0,540
09/20/2019,HPN,NY,AEA,EN,Towers with Radar,56,150,117,0,323,0,49,129,0,178,56,199,246,0,501,28,0,28,529
09/21/2019,HPN,NY,AEA,EN,Towers with Radar,44,78,66,1,189,0,13,159,4,176,44,91,225,5,365,0,0,0,365
09/22/2019,HPN,NY,AEA,EN,Towers with Radar,53,154,118,0,325,0,35,122,0,157,53,189,240,0,482,0,0,0,482
09/23/2019,HPN,NY,AEA,EN,Towers with Radar,57,122,107,1,287,0,22,129,0,151,57,144,236,1,438,0,0,0,438
09/24/2019,HPN,NY,AEA,EN,Towers with Radar,52,130,98,0,280,0,10,97,0,107,52,140,195,0,387,0,0,0,387
09/25/2019,HPN,NY,AEA,EN,Towers with Radar,55,126,127,0,308,0,18,137,0,155,55,144,264,0,463,0,0,0,463
09/26/2019,HPN,NY,AEA,EN,Towers with Radar,58,138,141,2,339,0,16,138,1,155,58,154,279,3,494,40,0,40,534
09/27/2019,HPN,NY,AEA,EN,Towers with Radar,57,151,104,1,313,0,40,184,2,226,57,191,288,3,539,40,0,40,579
09/28/2019,HPN,NY,AEA,EN,Towers with Radar,45,79,74,0,198,0,15,169,1,185,45,94,243,1,383,66,0,66,449
09/29/2019,HPN,NY,AEA,EN,Towers with Radar,56,130,101,0,287,0,35,230,1,266,56,165,331,1,553,22,0,22,575
09/30/2019,HPN,NY,AEA,EN,Towers with Radar,57,131,113,0,301,0,21,126,0,147,57,152,239,0,448,14,0,14,462
10/01/2019,HPN,NY,AEA,EN,Towers with Radar,55,98,108,0,261,0,2,96,0,98,55,100,204,0,359,84,0,84,443
10/02/2019,HPN,NY,AEA,EN,Towers with Radar,55,113,103,0,271,0,10,97,0,107,55,123,200,0,378,52,0,52,430
10/03/2019,HPN,NY,AEA,EN,Towers with Radar,56,156,125,0,337,0,0,1,0,1,56,156,126,0,338,0,0,0,338
10/04/2019,HPN,NY,AEA,EN,Towers with Radar,57,166,117,0,340,0,44,64,0,108,57,210,181,0,448,0,0,0,448
10/05/2019,HPN,NY,AEA,EN,Towers with Radar,47,78,55,0,180,0,20,94,0,114,47,98,149,0,294,0,0,0,294
10/06/2019,HPN,NY,AEA,EN,Towers with Radar,54,165,129,0,348,0,11,59,0,70,54,176,188,0,418,0,0,0,418
10/07/2019,HPN,NY,AEA,EN,Towers with Radar,59,105,107,0,271,0,10,72,1,83,59,115,179,1,354,14,0,14,368
10/08/2019,HPN,NY,AEA,EN,Towers with Radar,58,93,72,0,223,0,13,109,0,122,58,106,181,0,345,140,0,140,485
10/09/2019,HPN,NY,AEA,EN,Towers with Radar,58,127,85,0,270,0,4,20,0,24,58,131,105,0,294,0,0,0,294
10/10/2019,HPN,NY,AEA,EN,Towers with Radar,56,135,123,0,314,0,10,49,0,59,56,145,172,0,373,0,0,0,373
10/11/2019,HPN,NY,AEA,EN,Towers with Radar,55,179,129,0,363,0,14,96,0,110,55,193,225,0,473,8,0,8,481
10/12/2019,HPN,NY,AEA,EN,Towers with Radar,43,110,112,0,265,0,12,126,0,138,43,122,238,0,403,108,0,108,511
10/13/2019,HPN,NY,AEA,EN,Towers with Radar,55,133,70,0,258,0,18,174,0,192,55,151,244,0,450,90,0,90,540
10/14/2019,HPN,NY,AEA,EN,Towers with Radar,58,147,120,0,325,0,37,133,0,170,58,184,253,0,495,54,0,54,549
10/15/2019,HPN,NY,AEA,EN,Towers with Radar,54,110,101,0,265,0,21,157,2,180,54,131,258,2,445,52,0,52,497
10/16/2019,HPN,NY,AEA,EN,Towers with Radar,61,126,134,0,321,0,2,31,0,33,61,128,165,0,354,0,0,0,354
10/17/2019,HPN,NY,AEA,EN,Towers with Radar,65,109,136,0,310,0,2,29,0,31,65,111,165,0,341,0,0,0,341
10/18/2019,HPN,NY,AEA,EN,Towers with Radar,55,132,126,1,314,0,28,124,0,152,55,160,250,1,466,0,0,0,466
10/19/2019,HPN,NY,AEA,EN,Towers with Radar,43,81,45,0,169,0,12,119,0,131,43,93,164,0,300,0,0,0,300
10/20/2019,HPN,NY,AEA,EN,Towers with Radar,53,156,147,0,356,0,6,41,0,47,53,162,188,0,403,0,0,0,403
10/21/2019,HPN,NY,AEA,EN,Towers with Radar,56,92,89,0,237,0,11,71,0,82,56,103,160,0,319,0,0,0,319
10/22/2019,HPN,NY,AEA,EN,Towers with Radar,65,94,95,0,254,0,0,8,0,8,65,94,103,0,262,0,0,0,262
10/23/2019,HPN,NY,AEA,EN,Towers with Radar,58,97,114,0,269,0,3,165,0,168,58,100,279,0,437,84,0,84,521
10/24/2019,HPN,NY,AEA,EN,Towers with Radar,58,166,109,0,333,0,26,165,0,191,58,192,274,0,524,48,0,48,572
10/25/2019,HPN,NY,AEA,EN,Towers with Radar,58,155,117,0,330,0,20,168,1,189,58,175,285,1,519,134,0,134,653
10/26/2019,HPN,NY,AEA,EN,Towers with Radar,42,93,59,0,194,0,12,204,0,216,42,105,263,0,410,162,0,162,572
10/27/2019,HPN,NY,AEA,EN,Towers with Radar,57,159,136,0,352,0,0,1,0,1,57,159,137,0,353,0,0,0,353
10/28/2019,HPN,NY,AEA,EN,Towers with Radar,55,95,112,0,262,0,10,110,0,120,55,105,222,0,382,74,0,74,456
10/29/2019,HPN,NY,AEA,EN,Towers with Radar,55,101,110,0,266,0,0,0,0,0,55,101,110,0,266,0,0,0,266
10/30/2019,HPN,NY,AEA,EN,Towers with Radar,52,123,104,0,279,0,0,0,0,0,52,123,104,0,279,0,0,0,279
10/31/2019,HPN,NY,AEA,EN,Towers with Radar,48,114,96,0,258,0,0,0,0,0,48,114,96,0,258,0,0,0,258
11/01/2019,HPN,NY,AEA,EN,Towers with Radar,50,112,103,0,265,0,22,81,0,103,50,134,184,0,368,0,0,0,368
11/02/2019,HPN,NY,AEA,EN,Towers with Radar,47,59,57,0,163,0,11,208,0,219,47,70,265,0,382,0,0,0,382
11/03/2019,HPN,NY,AEA,EN,Towers with Radar,53,136,112,0,301,0,18,177,0,195,53,154,289,0,496,0,0,0,496
11/04/2019,HPN,NY,AEA,EN,Towers with Radar,60,102,95,0,257,0,16,139,0,155,60,118,234,0,412,18,0,18,430
11/05/2019,HPN,NY,AEA,EN,Towers with Radar,57,78,111,0,246,0,4,107,0,111,57,82,218,0,357,136,0,136,493
11/06/2019,HPN,NY,AEA,EN,Towers with Radar,55,94,84,0,233,0,12,158,0,170,55,106,242,0,403,72,0,72,475
11/07/2019,HPN,NY,AEA,EN,Towers with Radar,61,104,94,0,259,0,2,77,0,79,61,106,171,0,338,72,0,72,410
11/08/2019,HPN,NY,AEA,EN,Towers with Radar,58,168,109,0,335,0,8,95,0,103,58,176,204,0,438,16,0,16,454
11/09/2019,HPN,NY,AEA,EN,Towers with Radar,45,78,64,0,187,0,8,177,0,185,45,86,241,0,372,74,0,74,446
11/10/2019,HPN,NY,AEA,EN,Towers with Radar,63,120,99,0,282,0,11,137,0,148,63,131,236,0,430,0,0,0,430
11/11/2019,HPN,NY,AEA,EN,Towers with Radar,55,126,99,0,280,0,7,102,0,109,55,133,201,0,389,0,0,0,389
11/12/2019,HPN,NY,AEA,EN,Towers with Radar,56,87,90,0,233,0,1,4,1,6,56,88,94,1,239,0,0,0,239
11/13/2019,HPN,NY,AEA,EN,Towers with Radar,70,153,116,0,339,0,7,134,0,141,70,160,250,0,480,85,0,85,565
11/14/2019,HPN,NY,AEA,EN,Towers with Radar,62,112,91,0,265,0,6,117,0,123,62,118,208,0,388,101,0,101,489
11/15/2019,HPN,NY,AEA,EN,Towers with Radar,63,127,105,0,295,0,16,144,0,160,63,143,249,0,455,112,0,112,567
11/16/2019,HPN,NY,AEA,EN,Towers with Radar,45,82,60,0,187,0,11,125,0,136,45,93,185,0,323,0,0,0,323
11/17/2019,HPN,NY,AEA,EN,Towers with Radar,56,136,102,0,294,0,7,98,1,106,56,143,200,1,400,0,0,0,400
11/18/2019,HPN,NY,AEA,EN,Towers with Radar,59,95,92,0,246,0,0,0,0,0,59,95,92,0,246,0,0,0,246
11/19/2019,HPN,NY,AEA,EN,Towers with Radar,60,83,117,0,260,0,1,58,0,59,60,84,175,0,319,120,0,120,439
11/20/2019,HPN,NY,AEA,EN,Towers with Radar,59,138,99,0,296,0,0,84,1,85,59,138,183,1,381,96,0,96,477
11/21/2019,HPN,NY,AEA,EN,Towers with Radar,69,128,93,0,290,0,14,190,1,205,69,142,283,1,495,121,0,121,616
11/22/2019,HPN,NY,AEA,EN,Towers with Radar,61,125,114,0,300,0,5,64,0,69,61,130,178,0,369,62,0,62,431
11/23/2019,HPN,NY,AEA,EN,Towers with Radar,46,85,76,0,207,0,4,197,0,201,46,89,273,0,408,76,0,76,484
11/24/2019,HPN,NY,AEA,EN,Towers with Radar,62,117,61,0,240,0,2,3,0,5,62,119,64,0,245,2,0,2,247
11/25/2019,HPN,NY,AEA,EN,Towers with Radar,59,140,97,0,296,0,3,188,0,191,59,143,285,0,487,114,0,114,601
11/26/2019,HPN,NY,AEA,EN,Towers with Radar,68,182,168,0,418,0,33,163,0,196,68,215,331,0,614,61,0,61,675
11/27/2019,HPN,NY,AEA,EN,Towers with Radar,58,184,151,0,393,0,2,24,0,26,58,186,175,0,419,0,0,0,419
11/28/2019,HPN,NY,AEA,EN,Towers with Radar,46,80,33,0,159,0,3,6,0,9,46,83,39,0,168,2,0,2,170
11/29/2019,HPN,NY,AEA,EN,Towers with Radar,45,105,87,0,237,0,17,106,0,123,45,122,193,0,360,62,0,62,422
11/30/2019,HPN,NY,AEA,EN,Towers with Radar,58,148,100,0,306,0,32,211,4,247,58,180,311,4,553,0,0,0,553
12/01/2019,HPN,NY,AEA,EN,Towers with Radar,59,191,176,0,426,0,6,18,0,24,59,197,194,0,450,32,0,32,482
12/02/2019,HPN,NY,AEA,EN,Towers with Radar,49,133,111,0,293,0,0,0,0,0,49,133,111,0,293,0,0,0,293
12/03/2019,HPN,NY,AEA,EN,Towers with Radar,56,137,120,0,313,0,9,73,0,82,56,146,193,0,395,16,0,16,411
12/04/2019,HPN,NY,AEA,EN,Towers with Radar,62,127,146,0,335,0,4,98,0,102,62,131,244,0,437,76,0,76,513
12/05/2019,HPN,NY,AEA,EN,Towers with Radar,58,186,174,0,418,0,20,116,1,137,58,206,290,1,555,6,0,6,561
12/06/2019,HPN,NY,AEA,EN,Towers with Radar,58,160,130,0,348,0,12,127,0,139,58,172,257,0,487,54,0,54,541
12/07/2019,HPN,NY,AEA,EN,Towers with Radar,43,75,68,0,186,0,5,142,1,148,43,80,210,1,334,114,0,114,448
12/08/2019,HPN,NY,AEA,EN,Towers with Radar,58,189,128,0,375,0,36,338,0,374,58,225,466,0,749,46,0,46,795
12/09/2019,HPN,NY,AEA,EN,Towers with Radar,67,123,117,0,307,0,0,0,0,0,67,123,117,0,307,0,0,0,307
12/10/2019,HPN,NY,AEA,EN,Towers with Radar,68,154,172,0,394,0,3,45,1,49,68,157,217,1,443,0,0,0,443
12/11/2019,HPN,NY,AEA,EN,Towers with Radar,59,109,144,0,312,0,1,84,0,85,59,110,228,0,397,52,0,52,449
12/12/2019,HPN,NY,AEA,EN,Towers with Radar,58,140,128,0,326,0,9,227,3,239,58,149,355,3,565,24,0,24,589
12/13/2019,HPN,NY,AEA,EN,Towers with Radar,55,147,107,0,309,0,1,23,0,24,55,148,130,0,333,0,0,0,333
12/14/2019,HPN,NY,AEA,EN,Towers with Radar,47,69,46,0,162,0,1,0,0,1,47,70,46,0,163,0,0,0,163
12/15/2019,HPN,NY,AEA,EN,Towers with Radar,54,136,111,0,301,0,5,76,0,81,54,141,187,0,382,0,0,0,382
12/16/2019,HPN,NY,AEA,EN,Towers with Radar,56,89,94,0,239,0,5,88,0,93,56,94,182,0,332,30,0,30,362
12/17/2019,HPN,NY,AEA,EN,Towers with Radar,56,63,59,0,178,0,0,0,0,0,56,63,59,0,178,0,0,0,178
12/18/2019,HPN,NY,AEA,EN,Towers with Radar,54,112,84,0,250,0,8,67,0,75,54,120,151,0,325,0,0,0,325
12/19/2019,HPN,NY,AEA,EN,Towers with Radar,55,127,92,0,274,0,11,73,0,84,55,138,165,0,358,42,0,42,400
12/20/2019,HPN,NY,AEA,EN,Towers with Radar,54,145,105,0,304,0,13,108,0,121,54,158,213,0,425,66,0,66,491
12/21/2019,HPN,NY,AEA,EN,Towers with Radar,54,152,90,0,296,0,9,111,0,120,54,161,201,0,416,72,0,72,488
12/22/2019,HPN,NY,AEA,EN,Towers with Radar,48,123,87,0,258,0,6,190,0,196,48,129,277,0,454,108,0,108,562
12/23/2019,HPN,NY,AEA,EN,Towers with Radar,51,86,58,0,195,0,15,128,0,143,51,101,186,0,338,8,0,8,346
12/24/2019,HPN,NY,AEA,EN,Towers with Radar,42,63,34,0,139,0,10,75,0,85,42,73,109,0,224,40,0,40,264
12/25/2019,HPN,NY,AEA,EN,Towers with Radar,48,113,49,0,210,0,7,35,0,42,48,120,84,0,252,0,0,0,252
12/26/2019,HPN,NY,AEA,EN,Towers with Radar,52,184,166,0,402,0,2,26,0,28,52,186,192,0,430,0,0,0,430
12/27/2019,HPN,NY,AEA,EN,Towers with Radar,49,144,108,0,301,0,0,52,0,52,49,144,160,0,353,0,0,0,353
12/28/2019,HPN,NY,AEA,EN,Towers with Radar,49,86,71,0,206,0,6,132,0,138,49,92,203,0,344,96,0,96,440
12/29/2019,HPN,NY,AEA,EN,Towers with Radar,49,94,53,0,196,0,4,70,0,74,49,98,123,0,270,90,0,90,360
12/30/2019,HPN,NY,AEA,EN,Towers with Radar,51,69,32,0,152,0,0,0,0,0,51,69,32,0,152,0,0,0,152
12/31/2019,HPN,NY,AEA,EN,Towers with Radar,49,56,44,0,149,0,4,67,0,71,49,60,111,0,220,0,0,0,220
01/01/2020,HPN,NY,AEA,EN,Towers with Radar,50,87,79,0,216,0,5,63,0,68,50,92,142,0,284,0,0,0,284
01/02/2020,HPN,NY,AEA,EN,Towers with Radar,46,106,70,0,222,0,13,133,0,146,46,119,203,0,368,70,0,70,438
01/03/2020,HPN,NY,AEA,EN,Towers with Radar,44,117,88,0,249,0,2,1,0,3,44,119,89,0,252,0,0,0,252
01/04/2020,HPN,NY,AEA,EN,Towers with Radar,43,125,100,0,268,0,0,1,0,1,43,125,101,0,269,0,0,0,269
01/05/2020,HPN,NY,AEA,EN,Towers with Radar,54,176,126,0,356,0,2,59,0,61,54,178,185,0,417,1,0,1,418
01/06/2020,HPN,NY,AEA,EN,Towers with Radar,57,93,71,2,223,0,4,80,1,85,57,97,151,3,308,16,0,16,324
01/07/2020,HPN,NY,AEA,EN,Towers with Radar,57,73,63,0,193,0,1,76,0,77,57,74,139,0,270,64,0,64,334
01/08/2020,HPN,NY,AEA,EN,Towers with Radar,60,93,51,0,204,0,4,38,0,42,60,97,89,0,246,14,0,14,260
01/09/2020,HPN,NY,AEA,EN,Towers with Radar,59,86,77,0,222,0,5,130,0,135,59,91,207,0,357,98,0,98,455
01/10/2020,HPN,NY,AEA,EN,Towers with Radar,63,99,97,0,259,0,5,63,0,68,63,104,160,0,327,30,0,30,357
01/11/2020,HPN,NY,AEA,EN,Towers with Radar,42,56,60,0,158,0,2,62,0,64,42,58,122,0,222,38,0,38,260
01/12/2020,HPN,NY,AEA,EN,Towers with Radar,61,99,65,0,225,0,4,45,0,49,61,103,110,0,274,0,0,0,274
01/13/2020,HPN,NY,AEA,EN,Towers with Radar,64,79,98,4,245,0,0,18,0,18,64,79,116,4,263,30,0,30,293
01/14/2020,HPN,NY,AEA,EN,Towers with Radar,62,90,75,0,227,0,0,37,0,37,62,90,112,0,264,60,0,60,324
01/15/2020,HPN,NY,AEA,EN,Towers with Radar,61,106,73,2,242,0,4,131,0,135,61,110,204,2,377,88,0,88,465
01/16/2020,HPN,NY,AEA,EN,Towers with Radar,68,210,111,0,389,0,3,20,0,23,68,213,131,0,412,0,0,0,412
01/17/2020,HPN,NY,AEA,EN,Towers with Radar,58,145,111,0,314,0,14,77,0,91,58,159,188,0,405,0,0,0,405
01/18/2020,HPN,NY,AEA,EN,Towers with Radar,45,51,22,0,118,0,1,33,0,34,45,52,55,0,152,12,0,12,164
01/19/2020,HPN,NY,AEA,EN,Towers with Radar,47,87,67,0,201,0,0,90,0,90,47,87,157,0,291,20,0,20,311
01/20/2020,HPN,NY,AEA,EN,Towers with Radar,61,202,146,0,409,0,15,141,0,156,61,217,287,0,565,58,0,58,623
01/21/2020,HPN,NY,AEA,EN,Towers with Radar,59,103,79,0,241,0,6,88,0,94,59,109,167,0,335,50,0,50,385
01/22/2020,HPN,NY,AEA,EN,Towers with Radar,56,100,84,0,240,0,8,100,0,108,56,108,184,0,348,62,0,62,410
01/23/2020,HPN,NY,AEA,EN,Towers with Radar,57,113,104,0,274,0,8,91,0,99,57,121,195,0,373,16,0,16,389
01/24/2020,HPN,NY,AEA,EN,Towers with Radar,57,129,92,0,278,0,9,141,0,150,57,138,233,0,428,16,0,16,444
01/25/2020,HPN,NY,AEA,EN,Towers with Radar,42,68,33,0,143,0,0,0,0,0,42,68,33,0,143,0,0,0,143
01/26/2020,HPN,NY,AEA,EN,Towers with Radar,66,121,87,0,274,0,6,131,3,140,66,127,218,3,414,46,0,46,460
01/27/2020,HPN,NY,AEA,EN,Towers with Radar,65,82,89,0,236,0,3,94,0,97,65,85,183,0,333,50,0,50,383
01/28/2020,HPN,NY,AEA,EN,Towers with Radar,63,99,100,0,262,0,7,95,1,103,63,106,195,1,365,4,0,4,369
01/29/2020,HPN,NY,AEA,EN,Towers with Radar,61,103,99,0,263,0,2,113,1,116,61,105,212,1,379,50,0,50,429
01/30/2020,HPN,NY,AEA,EN,Towers with Radar,60,117,103,0,280,0,13,85,0,98,60,130,188,0,378,80,0,80,458
01/31/2020,HPN,NY,AEA,EN,Towers with Radar,62,95,97,0,254,0,6,83,0,89,62,101,180,0,343,32,0,32,375
02/01/2020,HPN,NY,AEA,EN,Towers with Radar,41,61,44,0,146,0,0,0,0,0,41,61,44,0,146,0,0,0,146
02/02/2020,HPN,NY,AEA,EN,Towers with Radar,49,114,102,0,265,0,0,84,0,84,49,114,186,0,349,44,0,44,393
02/03/2020,HPN,NY,AEA,EN,Towers with Radar,57,113,103,0,273,0,7,106,0,113,57,120,209,0,386,12,0,12,398
02/04/2020,HPN,NY,AEA,EN,Towers with Radar,68,100,89,0,257,0,7,41,0,48,68,107,130,0,305,14,0,14,319
02/05/2020,HPN,NY,AEA,EN,Towers with Radar,65,112,86,0,263,0,8,88,0,96,65,120,174,0,359,48,0,48,407
02/06/2020,HPN,NY,AEA,EN,Towers with Radar,53,99,65,0,217,0,0,0,0,0,53,99,65,0,217,0,0,0,217
02/07/2020,HPN,NY,AEA,EN,Towers with Radar,61,90,59,0,210,0,2,7,0,9,61,92,66,0,219,0,0,0,219
02/08/2020,HPN,NY,AEA,EN,Towers with Radar,40,63,53,0,156,0,7,125,0,132,40,70,178,0,288,80,0,80,368
02/09/2020,HPN,NY,AEA,EN,Towers with Radar,60,110,89,0,259,0,4,136,1,141,60,114,225,1,400,100,0,100,500
02/10/2020,HPN,NY,AEA,EN,Towers with Radar,61,80,105,0,246,0,2,19,0,21,61,82,124,0,267,8,0,8,275
02/11/2020,HPN,NY,AEA,EN,Towers with Radar,63,80,86,0,229,0,2,14,0,16,63,82,100,0,245,10,0,10,255
02/12/2020,HPN,NY,AEA,EN,Towers with Radar,62,118,87,0,267,0,8,128,0,136,62,126,215,0,403,82,0,82,485
02/13/2020,HPN,NY,AEA,EN,Towers with Radar,65,139,133,0,337,0,0,14,0,14,65,139,147,0,351,0,0,0,351
02/14/2020,HPN,NY,AEA,EN,Towers with Radar,62,150,127,1,340,0,18,63,1,82,62,168,190,2,422,0,0,0,422
02/15/2020,HPN,NY,AEA,EN,Towers with Radar,46,88,69,0,203,0,13,127,0,140,46,101,196,0,343,64,0,64,407
02/16/2020,HPN,NY,AEA,EN,Towers with Radar,48,69,47,0,164,0,6,118,0,124,48,75,165,0,288,142,0,142,430
02/17/2020,HPN,NY,AEA,EN,Towers with Radar,65,178,125,0,368,0,14,124,1,139,65,192,249,1,507,42,0,42,549
02/18/2020,HPN,NY,AEA,EN,Towers with Radar,70,136,145,0,351,0,1,10,0,11,70,137,155,0,362,0,0,0,362
02/19/2020,HPN,NY,AEA,EN,Towers with Radar,66,111,93,0,270,0,9,69,0,78,66,120,162,0,348,44,0,44,392
02/20/2020,HPN,NY,AEA,EN,Towers with Radar,64,96,97,0,257,0,10,100,0,110,64,106,197,0,367,94,0,94,461
02/21/2020,HPN,NY,AEA,EN,Towers with Radar,64,110,117,0,291,0,11,105,0,116,64,121,222,0,407,58,0,58,465
02/22/2020,HPN,NY,AEA,EN,Towers with Radar,48,80,46,0,174,0,7,129,0,136,48,87,175,0,310,84,0,84,394
02/23/2020,HPN,NY,AEA,EN,Towers with Radar,61,128,77,0,266,0,13,186,4,203,61,141,263,4,469,54,10,64,533
02/24/2020,HPN,NY,AEA,EN,Towers with Radar,64,115,87,0,266,0,13,108,0,121,64,128,195,0,387,26,0,26,413
02/25/2020,HPN,NY,AEA,EN,Towers with Radar,67,102,69,0,238,0,22,15,0,37,67,124,84,0,275,39,0,39,314
02/26/2020,HPN,NY,AEA,EN,Towers with Radar,63,101,101,0,265,0,0,2,0,2,63,101,103,0,267,0,0,0,267
02/27/2020,HPN,NY,AEA,EN,Towers with Radar,65,108,100,0,273,0,4,13,0,17,65,112,113,0,290,0,0,0,290
02/28/2020,HPN,NY,AEA,EN,Towers with Radar,62,98,91,0,251,0,5,30,0,35,62,103,121,0,286,0,0,0,286
02/29/2020,HPN,NY,AEA,EN,Towers with Radar,46,74,43,0,163,1,2,112,0,115,47,76,155,0,278,34,0,34,312
03/01/2020,HPN,NY,AEA,EN,Towers with Radar,59,110,100,0,269,0,10,114,0,124,59,120,214,0,393,32,0,32,425
03/02/2020,HPN,NY,AEA,EN,Towers with Radar,66,83,85,0,234,0,12,130,0,142,66,95,215,0,376,111,0,111,487
03/03/2020,HPN,NY,AEA,EN,Towers with Radar,62,92,77,0,231,0,6,48,0,54,62,98,125,0,285,48,0,48,333
03/04/2020,HPN,NY,AEA,EN,Towers with Radar,68,115,89,0,272,0,3,66,0,69,68,118,155,0,341,0,0,0,341
03/05/2020,HPN,NY,AEA,EN,Towers with Radar,65,111,126,0,302,0,7,150,0,157,65,118,276,0,459,50,0,50,509
03/06/2020,HPN,NY,AEA,EN,Towers with Radar,69,136,114,0,319,0,5,39,0,44,69,141,153,0,363,14,0,14,377
03/07/2020,HPN,NY,AEA,EN,Towers with Radar,47,69,44,0,160,0,6,48,0,54,47,75,92,0,214,0,0,0,214
03/08/2020,HPN,NY,AEA,EN,Towers with Radar,59,119,105,0,283,0,15,175,0,190,59,134,280,0,473,80,0,80,553
03/09/2020,HPN,NY,AEA,EN,Towers with Radar,84,103,109,0,296,0,17,163,0,180,84,120,272,0,476,22,0,22,498
03/10/2020,HPN,NY,AEA,EN,Towers with Radar,75,90,81,0,246,0,4,65,2,71,75,94,146,2,317,12,0,12,329
03/11/2020,HPN,NY,AEA,EN,Towers with Radar,67,100,102,0,269,0,7,147,2,156,67,107,249,2,425,90,0,90,515
03/12/2020,HPN,NY,AEA,EN,Towers with Radar,71,142,98,0,311,0,3,47,0,50,71,145,145,0,361,0,0,0,361
03/13/2020,HPN,NY,AEA,EN,Towers with Radar,73,151,124,0,348,0,2,23,0,25,73,153,147,0,373,0,0,0,373
03/14/2020,HPN,NY,AEA,EN,Towers with Radar,57,124,86,0,267,0,5,123,0,128,57,129,209,0,395,108,0,108,503
03/15/2020,HPN,NY,AEA,EN,Towers with Radar,61,107,88,0,256,0,6,142,0,148,61,113,230,0,404,54,0,54,458
03/16/2020,HPN,NY,AEA,EN,Towers with Radar,73,95,67,0,235,0,5,83,0,88,73,100,150,0,323,74,0,74,397
03/17/2020,HPN,NY,AEA,EN,Towers with Radar,73,101,59,0,233,0,1,10,0,11,73,102,69,0,244,32,0,32,276
03/18/2020,HPN,NY,AEA,EN,Towers with Radar,67,77,61,0,205,0,4,106,0,110,67,81,167,0,315,150,0,150,465
03/19/2020,HPN,NY,AEA,EN,Towers with Radar,68,60,54,0,182,0,0,5,0,5,68,60,59,0,187,2,0,2,189
03/20/2020,HPN,NY,AEA,EN,Towers with Radar,58,67,58,0,183,0,0,14,0,14,58,67,72,0,197,0,0,0,197
03/21/2020,HPN,NY,AEA,EN,Towers with Radar,50,60,35,0,145,0,3,85,0,88,50,63,120,0,233,16,0,16,249
03/22/2020,HPN,NY,AEA,EN,Towers with Radar,60,78,41,0,179,0,2,78,0,80,60,80,119,0,259,96,0,96,355
03/23/2020,HPN,NY,AEA,EN,Towers with Radar,36,26,14,0,76,0,0,0,0,0,36,26,14,0,76,0,0,0,76
03/24/2020,HPN,NY,AEA,EN,Towers with Radar,37,47,28,0,112,0,2,22,0,24,37,49,50,0,136,0,0,0,136
03/25/2020,HPN,NY,AEA,EN,Towers with Radar,35,32,27,0,94,0,1,0,0,1,35,33,27,0,95,0,0,0,95
03/26/2020,HPN,NY,AEA,EN,Towers with Radar,35,31,31,0,97,0,4,49,0,53,35,35,80,0,150,2,0,2,152
03/27/2020,HPN,NY,AEA,EN,Towers with Radar,37,31,15,0,83,0,1,35,0,36,37,32,50,0,119,0,0,0,119
03/28/2020,HPN,NY,AEA,EN,Towers with Radar,29,31,9,0,69,0,1,15,0,16,29,32,24,0,85,6,0,6,91
03/29/2020,HPN,NY,AEA,EN,Towers with Radar,38,24,4,0,66,0,0,0,0,0,38,24,4,0,66,0,0,0,66
03/30/2020,HPN,NY,AEA,EN,Towers with Radar,18,16,12,0,46,0,0,1,0,1,18,16,13,0,47,0,0,0,47
03/31/2020,HPN,NY,AEA,EN,Towers with Radar,21,16,14,0,51,0,0,8,0,8,21,16,22,0,59,0,0,0,59
04/01/2020,HPN,NY,AEA,EN,Towers with Radar,18,17,12,0,47,0,2,30,0,32,18,19,42,0,79,4,0,4,83
04/02/2020,HPN,NY,AEA,EN,Towers with Radar,18,19,6,0,43,0,1,11,0,12,18,20,17,0,55,10,0,10,65
04/03/2020,HPN,NY,AEA,EN,Towers with Radar,13,13,7,0,33,0,1,2,0,3,13,14,9,0,36,0,0,0,36
04/04/2020,HPN,NY,AEA,EN,Towers with Radar,16,17,15,0,48,0,0,29,0,29,16,17,44,0,77,0,0,0,77
04/05/2020,HPN,NY,AEA,EN,Towers with Radar,20,15,10,0,45,0,3,28,0,31,20,18,38,0,76,41,0,41,117
04/06/2020,HPN,NY,AEA,EN,Towers with Radar,19,14,10,0,43,0,0,62,0,62,19,14,72,0,105,0,0,0,105
04/07/2020,HPN,NY,AEA,EN,Towers with Radar,21,9,15,2,47,0,0,41,0,41,21,9,56,2,88,4,0,4,92
04/08/2020,HPN,NY,AEA,EN,Towers with Radar,27,14,18,0,59,0,0,13,1,14,27,14,31,1,73,1,0,1,74
04/09/2020,HPN,NY,AEA,EN,Towers with Radar,21,29,13,0,63,0,0,4,0,4,21,29,17,0,67,0,0,0,67
04/10/2020,HPN,NY,AEA,EN,Towers with Radar,12,19,10,0,41,0,6,4,0,10,12,25,14,0,51,0,0,0,51
04/11/2020,HPN,NY,AEA,EN,Towers with Radar,13,16,19,0,48,0,7,47,0,54,13,23,66,0,102,0,0,0,102
04/12/2020,HPN,NY,AEA,EN,Towers with Radar,6,16,10,0,32,0,33,29,0,62,6,49,39,0,94,18,0,18,112
04/13/2020,HPN,NY,AEA,EN,Towers with Radar,4,5,5,1,15,0,0,0,0,0,4,5,5,1,15,0,0,0,15
04/14/2020,HPN,NY,AEA,EN,Towers with Radar,5,15,24,1,45,0,0,40,0,40,5,15,64,1,85,13,0,13,98
04/15/2020,HPN,NY,AEA,EN,Towers with Radar,3,14,11,0,28,0,0,23,0,23,3,14,34,0,51,8,0,8,59
04/16/2020,HPN,NY,AEA,EN,Towers with Radar,2,20,4,0,26,0,1,9,1,11,2,21,13,1,37,0,0,0,37
04/17/2020,HPN,NY,AEA,EN,Towers with Radar,0,7,14,0,21,0,0,27,0,27,0,7,41,0,48,30,0,30,78
04/18/2020,HPN,NY,AEA,EN,Towers with Radar,0,17,13,0,30,0,0,4,0,4,0,17,17,0,34,8,0,8,42
04/19/2020,HPN,NY,AEA,EN,Towers with Radar,0,17,14,0,31,0,1,63,0,64,0,18,77,0,95,2,0,2,97
04/20/2020,HPN,NY,AEA,EN,Towers with Radar,0,14,17,2,33,0,3,36,0,39,0,17,53,2,72,6,0,6,78
04/21/2020,HPN,NY,AEA,EN,Towers with Radar,0,9,7,0,16,0,0,9,0,9,0,9,16,0,25,0,0,0,25
04/22/2020,HPN,NY,AEA,EN,Towers with Radar,0,15,20,0,35,0,0,33,0,33,0,15,53,0,68,10,0,10,78
04/23/2020,HPN,NY,AEA,EN,Towers with Radar,0,14,11,0,25,0,0,28,0,28,0,14,39,0,53,0,0,0,53
04/24/2020,HPN,NY,AEA,EN,Towers with Radar,0,21,25,0,46,0,0,0,0,0,0,21,25,0,46,0,0,0,46
04/25/2020,HPN,NY,AEA,EN,Towers with Radar,2,35,30,0,67,0,0,135,0,135,2,35,165,0,202,30,0,30,232
04/26/2020,HPN,NY,AEA,EN,Towers with Radar,0,52,24,0,76,0,0,5,0,5,0,52,29,0,81,0,0,0,81
04/27/2020,HPN,NY,AEA,EN,Towers with Radar,0,1,9,0,10,0,0,5,0,5,0,1,14,0,15,0,0,0,15
04/28/2020,HPN,NY,AEA,EN,Towers with Radar,0,10,16,0,26,0,0,78,0,78,0,10,94,0,104,6,0,6,110
04/29/2020,HPN,NY,AEA,EN,Towers with Radar,0,1,2,0,3,0,3,1,0,4,0,4,3,0,7,0,0,0,7
04/30/2020,HPN,NY,AEA,EN,Towers with Radar,0,0,0,0,0,0,0,0,0,0,0,0,0,0,0,0,0,0,0
05/01/2020,HPN,NY,AEA,EN,Towers with Radar,0,0,0,0,0,0,0,0,0,0,0,0,0,0,0,0,0,0,0
05/02/2020,HPN,NY,AEA,EN,Towers with Radar,0,0,0,0,0,0,0,3,0,3,0,0,3,0,3,0,0,0,3
05/03/2020,HPN,NY,AEA,EN,Towers with Radar,0,0,0,0,0,0,0,0,0,0,0,0,0,0,0,0,0,0,0
05/04/2020,HPN,NY,AEA,EN,Towers with Radar,0,0,0,0,0,0,0,5,0,5,0,0,5,0,5,0,0,0,5
05/05/2020,HPN,NY,AEA,EN,Towers with Radar,0,0,5,0,5,0,0,43,0,43,0,0,48,0,48,6,0,6,54
05/06/2020,HPN,NY,AEA,EN,Towers with Radar,0,8,13,0,21,0,2,10,0,12,0,10,23,0,33,0,0,0,33
05/07/2020,HPN,NY,AEA,EN,Towers with Radar,0,3,2,0,5,0,0,50,0,50,0,3,52,0,55,3,0,3,58
05/08/2020,HPN,NY,AEA,EN,Towers with Radar,0,10,7,0,17,0,2,29,0,31,0,12,36,0,48,0,0,0,48
05/09/2020,HPN,NY,AEA,EN,Towers with Radar,0,2,4,0,6,0,1,7,0,8,0,3,11,0,14,0,0,0,14
05/10/2020,HPN,NY,AEA,EN,Towers with Radar,0,0,10,0,10,0,3,54,0,57,0,3,64,0,67,0,0,0,67
05/11/2020,HPN,NY,AEA,EN,Towers with Radar,0,4,6,0,10,0,1,8,0,9,0,5,14,0,19,0,0,0,19
05/12/2020,HPN,NY,AEA,EN,Towers with Radar,0,0,7,0,7,0,4,28,0,32,0,4,35,0,39,0,0,0,39
05/13/2020,HPN,NY,AEA,EN,Towers with Radar,0,0,2,0,2,0,2,68,0,70,0,2,70,0,72,26,0,26,98
05/14/2020,HPN,NY,AEA,EN,Towers with Radar,0,8,6,0,14,0,2,64,0,66,0,10,70,0,80,0,0,0,80
05/15/2020,HPN,NY,AEA,EN,Towers with Radar,0,6,10,0,16,0,7,19,0,26,0,13,29,0,42,0,0,0,42
05/16/2020,HPN,NY,AEA,EN,Towers with Radar,0,6,10,0,16,0,4,41,0,45,0,10,51,0,61,0,0,0,61
05/17/2020,HPN,NY,AEA,EN,Towers with Radar,0,21,10,0,31,0,4,73,0,77,0,25,83,0,108,14,0,14,122
05/18/2020,HPN,NY,AEA,EN,Towers with Radar,0,27,7,0,34,0,1,25,0,26,0,28,32,0,60,0,0,0,60
05/19/2020,HPN,NY,AEA,EN,Towers with Radar,0,18,6,0,24,0,3,22,1,26,0,21,28,1,50,2,0,2,52
05/20/2020,HPN,NY,AEA,EN,Towers with Radar,0,25,14,0,39,0,5,40,1,46,0,30,54,1,85,0,0,0,85
05/21/2020,HPN,NY,AEA,EN,Towers with Radar,0,60,50,0,110,0,22,92,0,114,0,82,142,0,224,40,0,40,264
05/22/2020,HPN,NY,AEA,EN,Towers with Radar,0,63,37,0,100,0,16,76,0,92,0,79,113,0,192,34,0,34,226
05/23/2020,HPN,NY,AEA,EN,Towers with Radar,0,52,40,0,92,0,0,1,0,1,0,52,41,0,93,0,0,0,93
05/24/2020,HPN,NY,AEA,EN,Towers with Radar,0,25,38,0,63,0,1,48,0,49,0,26,86,0,112,20,0,20,132
05/25/2020,HPN,NY,AEA,EN,Towers with Radar,0,57,63,0,120,0,5,13,0,18,0,62,76,0,138,0,0,0,138
05/26/2020,HPN,NY,AEA,EN,Towers with Radar,0,52,44,0,96,0,3,21,0,24,0,55,65,0,120,0,0,0,120
05/27/2020,HPN,NY,AEA,EN,Towers with Radar,0,42,50,0,92,0,2,42,0,44,0,44,92,0,136,20,0,20,156
05/28/2020,HPN,NY,AEA,EN,Towers with Radar,0,48,58,0,106,0,0,4,0,4,0,48,62,0,110,0,0,0,110
05/29/2020,HPN,NY,AEA,EN,Towers with Radar,0,42,45,0,87,0,4,4,0,8,0,46,49,0,95,0,0,0,95
05/30/2020,HPN,NY,AEA,EN,Towers with Radar,0,50,47,0,97,0,4,71,0,75,0,54,118,0,172,26,0,26,198
05/31/2020,HPN,NY,AEA,EN,Towers with Radar,0,48,50,0,98,0,12,79,0,91,0,60,129,0,189,30,0,30,219
06/01/2020,HPN,NY,AEA,EN,Towers with Radar,0,48,28,0,76,0,36,34,0,70,0,84,62,0,146,48,0,48,194
06/02/2020,HPN,NY,AEA,EN,Towers with Radar,0,47,42,0,89,0,6,20,0,26,0,53,62,0,115,0,0,0,115
06/03/2020,HPN,NY,AEA,EN,Towers with Radar,0,51,54,0,105,0,8,33,0,41,0,59,87,0,146,6,0,6,152
06/04/2020,HPN,NY,AEA,EN,Towers with Radar,0,61,53,0,114,0,15,77,0,92,0,76,130,0,206,22,0,22,228
06/05/2020,HPN,NY,AEA,EN,Towers with Radar,0,80,69,0,149,0,4,12,0,16,0,84,81,0,165,0,0,0,165
06/06/2020,HPN,NY,AEA,EN,Towers with Radar,0,59,63,0,122,0,17,32,0,49,0,76,95,0,171,40,0,40,211
06/07/2020,HPN,NY,AEA,EN,Towers with Radar,0,49,66,0,115,0,42,61,0,103,0,91,127,0,218,52,0,52,270
06/08/2020,HPN,NY,AEA,EN,Towers with Radar,0,50,35,0,85,0,10,64,0,74,0,60,99,0,159,76,0,76,235
06/09/2020,HPN,NY,AEA,EN,Towers with Radar,0,74,65,0,139,0,2,38,0,40,0,76,103,0,179,65,0,65,244
06/10/2020,HPN,NY,AEA,EN,Towers with Radar,0,65,58,0,123,0,4,49,0,53,0,69,107,0,176,44,0,44,220
06/11/2020,HPN,NY,AEA,EN,Towers with Radar,0,102,52,0,154,0,0,9,1,10,0,102,61,1,164,0,0,0,164
06/12/2020,HPN,NY,AEA,EN,Towers with Radar,0,99,90,0,189,0,13,101,0,114,0,112,191,0,303,52,0,52,355
06/13/2020,HPN,NY,AEA,EN,Towers with Radar,1,90,51,0,142,0,7,73,0,80,1,97,124,0,222,10,0,10,232
06/14/2020,HPN,NY,AEA,EN,Towers with Radar,0,86,51,0,137,0,20,97,0,117,0,106,148,0,254,50,0,50,304
06/15/2020,HPN,NY,AEA,EN,Towers with Radar,0,89,54,0,143,0,17,48,0,65,0,106,102,0,208,44,0,44,252
06/16/2020,HPN,NY,AEA,EN,Towers with Radar,0,70,51,0,121,0,13,42,0,55,0,83,93,0,176,0,0,0,176
06/17/2020,HPN,NY,AEA,EN,Towers with Radar,0,77,64,0,141,0,26,78,0,104,0,103,142,0,245,16,0,16,261
06/18/2020,HPN,NY,AEA,EN,Towers with Radar,0,91,85,0,176,0,10,33,0,43,0,101,118,0,219,14,0,14,233
06/19/2020,HPN,NY,AEA,EN,Towers with Radar,0,92,68,0,160,0,15,89,0,104,0,107,157,0,264,28,0,28,292
06/20/2020,HPN,NY,AEA,EN,Towers with Radar,0,87,66,0,153,0,14,91,0,105,0,101,157,0,258,44,0,44,302
06/21/2020,HPN,NY,AEA,EN,Towers with Radar,0,92,53,0,145,0,32,110,0,142,0,124,163,0,287,68,0,68,355
06/22/2020,HPN,NY,AEA,EN,Towers with Radar,0,93,65,0,158,0,38,57,0,95,0,131,122,0,253,76,0,76,329
06/23/2020,HPN,NY,AEA,EN,Towers with Radar,0,77,63,0,140,0,10,79,0,89,0,87,142,0,229,52,0,52,281
06/24/2020,HPN,NY,AEA,EN,Towers with Radar,0,80,65,0,145,0,5,76,0,81,0,85,141,0,226,0,0,0,226
06/25/2020,HPN,NY,AEA,EN,Towers with Radar,0,69,75,0,144,0,30,116,0,146,0,99,191,0,290,66,0,66,356
06/26/2020,HPN,NY,AEA,EN,Towers with Radar,0,96,75,0,171,0,29,141,0,170,0,125,216,0,341,42,0,42,383
06/27/2020,HPN,NY,AEA,EN,Towers with Radar,0,62,48,0,110,0,10,57,0,67,0,72,105,0,177,74,0,74,251
06/28/2020,HPN,NY,AEA,EN,Towers with Radar,0,111,67,0,178,0,11,102,0,113,0,122,169,0,291,14,0,14,305
06/29/2020,HPN,NY,AEA,EN,Towers with Radar,0,85,67,0,152,0,10,68,0,78,0,95,135,0,230,28,0,28,258
06/30/2020,HPN,NY,AEA,EN,Towers with Radar,0,108,56,0,164,0,6,32,0,38,0,114,88,0,202,6,0,6,208
07/01/2020,HPN,NY,AEA,EN,Towers with Radar,0,114,106,0,220,0,25,54,0,79,0,139,160,0,299,5,0,5,304
07/02/2020,HPN,NY,AEA,EN,Towers with Radar,0,90,71,0,161,0,34,172,0,206,0,124,243,0,367,14,0,14,381
07/03/2020,HPN,NY,AEA,EN,Towers with Radar,0,83,65,0,148,0,11,72,0,83,0,94,137,0,231,42,0,42,273
07/04/2020,HPN,NY,AEA,EN,Towers with Radar,0,45,30,0,75,0,9,64,0,73,0,54,94,0,148,14,0,14,162
07/05/2020,HPN,NY,AEA,EN,Towers with Radar,0,78,66,0,144,0,31,119,0,150,0,109,185,0,294,18,0,18,312
07/06/2020,HPN,NY,AEA,EN,Towers with Radar,0,99,72,0,171,0,25,74,0,99,0,124,146,0,270,34,0,34,304
07/07/2020,HPN,NY,AEA,EN,Towers with Radar,5,98,94,0,197,0,2,11,0,13,5,100,105,0,210,10,0,10,220
07/08/2020,HPN,NY,AEA,EN,Towers with Radar,8,84,63,0,155,0,2,23,0,25,8,86,86,0,180,8,0,8,188
07/09/2020,HPN,NY,AEA,EN,Towers with Radar,8,117,85,0,210,0,21,109,0,130,8,138,194,0,340,70,0,70,410
07/10/2020,HPN,NY,AEA,EN,Towers with Radar,8,80,59,0,147,0,0,0,0,0,8,80,59,0,147,0,0,0,147
07/11/2020,HPN,NY,AEA,EN,Towers with Radar,9,83,65,0,157,0,3,23,0,26,9,86,88,0,183,36,0,36,219
07/12/2020,HPN,NY,AEA,EN,Towers with Radar,9,109,70,0,188,0,38,184,0,222,9,147,254,0,410,30,0,30,440
07/13/2020,HPN,NY,AEA,EN,Towers with Radar,8,74,64,0,146,0,24,89,0,113,8,98,153,0,259,40,0,40,299
07/14/2020,HPN,NY,AEA,EN,Towers with Radar,7,72,61,0,140,0,32,105,0,137,7,104,166,0,277,50,0,50,327
07/15/2020,HPN,NY,AEA,EN,Towers with Radar,8,100,78,0,186,0,9,67,0,76,8,109,145,0,262,6,0,6,268
07/16/2020,HPN,NY,AEA,EN,Towers with Radar,8,80,81,0,169,0,35,136,1,172,8,115,217,1,341,26,0,26,367
07/17/2020,HPN,NY,AEA,EN,Towers with Radar,8,114,86,0,208,0,3,14,0,17,8,117,100,0,225,14,0,14,239
07/18/2020,HPN,NY,AEA,EN,Towers with Radar,8,64,44,0,116,0,18,135,0,153,8,82,179,0,269,86,0,86,355
07/19/2020,HPN,NY,AEA,EN,Towers with Radar,8,89,55,0,152,0,25,162,0,187,8,114,217,0,339,82,0,82,421
07/20/2020,HPN,NY,AEA,EN,Towers with Radar,8,85,52,0,145,0,26,93,0,119,8,111,145,0,264,54,0,54,318
07/21/2020,HPN,NY,AEA,EN,Towers with Radar,7,71,36,0,114,0,12,127,0,139,7,83,163,0,253,52,0,52,305
07/22/2020,HPN,NY,AEA,EN,Towers with Radar,8,73,40,0,121,0,11,75,0,86,8,84,115,0,207,86,0,86,293
07/23/2020,HPN,NY,AEA,EN,Towers with Radar,11,80,54,0,145,0,28,87,0,115,11,108,141,0,260,54,0,54,314
07/24/2020,HPN,NY,AEA,EN,Towers with Radar,8,90,62,0,160,0,20,108,0,128,8,110,170,0,288,41,0,41,329
07/25/2020,HPN,NY,AEA,EN,Towers with Radar,8,77,51,0,136,0,20,126,0,146,8,97,177,0,282,44,0,44,326
07/26/2020,HPN,NY,AEA,EN,Towers with Radar,10,80,57,0,147,0,33,152,0,185,10,113,209,0,332,32,0,32,364
07/27/2020,HPN,NY,AEA,EN,Towers with Radar,7,66,46,0,119,0,59,67,0,126,7,125,113,0,245,28,0,28,273
07/28/2020,HPN,NY,AEA,EN,Towers with Radar,5,80,58,0,143,0,17,106,1,124,5,97,164,1,267,62,0,62,329
07/29/2020,HPN,NY,AEA,EN,Towers with Radar,8,59,64,0,131,0,28,126,0,154,8,87,190,0,285,82,0,82,367
07/30/2020,HPN,NY,AEA,EN,Towers with Radar,2,92,69,0,163,0,38,101,0,139,2,130,170,0,302,54,0,54,356
07/31/2020,HPN,NY,AEA,EN,Towers with Radar,0,124,107,0,231,0,13,108,0,121,0,137,215,0,352,22,0,22,374
08/01/2020,HPN,NY,AEA,EN,Towers with Radar,0,97,64,0,161,0,26,187,0,213,0,123,251,0,374,54,0,54,428
08/02/2020,HPN,NY,AEA,EN,Towers with Radar,0,127,106,0,233,0,16,34,0,50,0,143,140,0,283,0,0,0,283
08/03/2020,HPN,NY,AEA,EN,Towers with Radar,0,75,76,0,151,0,51,92,0,143,0,126,168,0,294,28,0,28,322
08/04/2020,HPN,NY,AEA,EN,Towers with Radar,0,29,24,0,53,0,3,1,0,4,0,32,25,0,57,0,0,0,57
08/05/2020,HPN,NY,AEA,EN,Towers with Radar,2,88,50,0,140,0,22,134,0,156,2,110,184,0,296,42,0,42,338
08/06/2020,HPN,NY,AEA,EN,Towers with Radar,0,75,86,2,163,0,28,155,0,183,0,103,241,2,346,28,0,28,374
08/07/2020,HPN,NY,AEA,EN,Towers with Radar,0,101,65,1,167,0,13,60,1,74,0,114,125,2,241,0,0,0,241
08/08/2020,HPN,NY,AEA,EN,Towers with Radar,0,97,74,0,171,0,13,63,0,76,0,110,137,0,247,38,0,38,285
08/09/2020,HPN,NY,AEA,EN,Towers with Radar,0,102,89,6,197,0,34,121,0,155,0,136,210,6,352,54,0,54,406
08/10/2020,HPN,NY,AEA,EN,Towers with Radar,0,102,56,0,158,0,26,110,0,136,0,128,166,0,294,60,0,60,354
08/11/2020,HPN,NY,AEA,EN,Towers with Radar,0,52,77,0,129,0,14,113,0,127,0,66,190,0,256,42,0,42,298
08/12/2020,HPN,NY,AEA,EN,Towers with Radar,0,88,80,0,168,0,15,65,0,80,0,103,145,0,248,40,0,40,288
08/13/2020,HPN,NY,AEA,EN,Towers with Radar,0,112,78,0,190,0,12,83,0,95,0,124,161,0,285,48,0,48,333
08/14/2020,HPN,NY,AEA,EN,Towers with Radar,0,101,65,0,166,0,43,162,0,205,0,144,227,0,371,24,0,24,395
08/15/2020,HPN,NY,AEA,EN,Towers with Radar,0,105,73,0,178,0,21,122,0,143,0,126,195,0,321,6,0,6,327
08/16/2020,HPN,NY,AEA,EN,Towers with Radar,0,153,112,0,265,0,2,6,0,8,0,155,118,0,273,0,0,0,273
08/17/2020,HPN,NY,AEA,EN,Towers with Radar,0,104,66,0,170,0,25,103,0,128,0,129,169,0,298,56,0,56,354
08/18/2020,HPN,NY,AEA,EN,Towers with Radar,0,68,50,0,118,0,19,137,0,156,0,87,187,0,274,64,0,64,338
08/19/2020,HPN,NY,AEA,EN,Towers with Radar,0,102,104,0,206,0,13,82,0,95,0,115,186,0,301,50,0,50,351
08/20/2020,HPN,NY,AEA,EN,Towers with Radar,0,81,63,0,144,0,31,165,0,196,0,112,228,0,340,50,0,50,390
08/21/2020,HPN,NY,AEA,EN,Towers with Radar,0,93,62,0,155,0,32,150,0,182,0,125,212,0,337,72,0,72,409
08/22/2020,HPN,NY,AEA,EN,Towers with Radar,0,83,66,0,149,0,29,151,0,180,0,112,217,0,329,70,0,70,399
08/23/2020,HPN,NY,AEA,EN,Towers with Radar,0,93,92,0,185,0,31,162,0,193,0,124,254,0,378,18,0,18,396
08/24/2020,HPN,NY,AEA,EN,Towers with Radar,0,96,79,0,175,0,34,120,0,154,0,130,199,0,329,16,0,16,345
08/25/2020,HPN,NY,AEA,EN,Towers with Radar,0,73,51,0,124,0,20,72,0,92,0,93,123,0,216,58,0,58,274
08/26/2020,HPN,NY,AEA,EN,Towers with Radar,0,84,72,0,156,0,34,157,0,191,0,118,229,0,347,46,0,46,393
08/27/2020,HPN,NY,AEA,EN,Towers with Radar,0,99,66,0,165,0,62,29,0,91,0,161,95,0,256,16,0,16,272
08/28/2020,HPN,NY,AEA,EN,Towers with Radar,0,86,71,0,157,0,29,164,0,193,0,115,235,0,350,74,0,74,424
08/29/2020,HPN,NY,AEA,EN,Towers with Radar,0,99,66,0,165,0,1,4,0,5,0,100,70,0,170,0,0,0,170
08/30/2020,HPN,NY,AEA,EN,Towers with Radar,0,94,71,0,165,0,37,178,0,215,0,131,249,0,380,20,0,20,400
08/31/2020,HPN,NY,AEA,EN,Towers with Radar,0,78,70,2,150,0,39,127,0,166,0,117,197,2,316,20,0,20,336
09/01/2020,HPN,NY,AEA,EN,Towers with Radar,0,93,74,0,167,0,19,45,0,64,0,112,119,0,231,62,0,62,293
09/02/2020,HPN,NY,AEA,EN,Towers with Radar,1,101,66,0,168,0,6,8,0,14,1,107,74,0,182,15,0,15,197
09/03/2020,HPN,NY,AEA,EN,Towers with Radar,0,96,91,0,187,0,60,113,0,173,0,156,204,0,360,68,0,68,428
09/04/2020,HPN,NY,AEA,EN,Towers with Radar,0,80,77,0,157,0,67,117,0,184,0,147,194,0,341,51,0,51,392
09/05/2020,HPN,NY,AEA,EN,Towers with Radar,0,51,51,0,102,0,31,131,0,162,0,82,182,0,264,83,0,83,347
09/06/2020,HPN,NY,AEA,EN,Towers with Radar,2,64,42,0,108,0,23,139,0,162,2,87,181,0,270,54,0,54,324
09/07/2020,HPN,NY,AEA,EN,Towers with Radar,0,117,71,0,188,0,52,167,0,219,0,169,238,0,407,18,0,18,425
09/08/2020,HPN,NY,AEA,EN,Towers with Radar,0,110,69,0,179,0,19,102,0,121,0,129,171,0,300,76,0,76,376
09/09/2020,HPN,NY,AEA,EN,Towers with Radar,0,98,63,0,161,0,13,110,0,123,0,111,173,0,284,20,0,20,304
09/10/2020,HPN,NY,AEA,EN,Towers with Radar,0,96,72,0,168,0,3,16,0,19,0,99,88,0,187,0,0,0,187
09/11/2020,HPN,NY,AEA,EN,Towers with Radar,0,80,85,0,165,0,44,105,0,149,0,124,190,0,314,45,0,45,359
09/12/2020,HPN,NY,AEA,EN,Towers with Radar,0,78,43,0,121,0,48,140,0,188,0,126,183,0,309,102,0,102,411
09/13/2020,HPN,NY,AEA,EN,Towers with Radar,0,139,103,0,242,0,24,138,0,162,0,163,241,0,404,16,0,16,420
09/14/2020,HPN,NY,AEA,EN,Towers with Radar,2,88,67,2,159,0,12,81,0,93,2,100,148,2,252,30,0,30,282
09/15/2020,HPN,NY,AEA,EN,Towers with Radar,0,67,67,2,136,0,24,106,0,130,0,91,173,2,266,50,0,50,316
09/16/2020,HPN,NY,AEA,EN,Towers with Radar,0,102,74,0,176,0,26,116,0,142,0,128,190,0,318,68,0,68,386
09/17/2020,HPN,NY,AEA,EN,Towers with Radar,0,99,64,0,163,0,20,125,0,145,0,119,189,0,308,38,0,38,346
09/18/2020,HPN,NY,AEA,EN,Towers with Radar,2,102,90,0,194,0,12,85,1,98,2,114,175,1,292,42,0,42,334
09/19/2020,HPN,NY,AEA,EN,Towers with Radar,2,54,43,0,99,0,10,141,0,151,2,64,184,0,250,66,0,66,316
09/20/2020,HPN,NY,AEA,EN,Towers with Radar,0,112,71,0,183,0,36,144,1,181,0,148,215,1,364,30,0,30,394
09/21/2020,HPN,NY,AEA,EN,Towers with Radar,0,88,70,0,158,0,31,134,0,165,0,119,204,0,323,36,0,36,359
09/22/2020,HPN,NY,AEA,EN,Towers with Radar,0,70,64,0,134,0,17,92,0,109,0,87,156,0,243,12,0,12,255
09/23/2020,HPN,NY,AEA,EN,Towers with Radar,0,76,71,0,147,0,15,123,0,138,0,91,194,0,285,50,0,50,335
09/24/2020,HPN,NY,AEA,EN,Towers with Radar,0,80,72,0,152,0,47,168,0,215,0,127,240,0,367,62,0,62,429
09/25/2020,HPN,NY,AEA,EN,Towers with Radar,0,106,87,0,193,0,30,165,0,195,0,136,252,0,388,36,0,36,424
09/26/2020,HPN,NY,AEA,EN,Towers with Radar,0,89,65,0,154,0,1,53,0,54,0,90,118,0,208,22,0,22,230
09/27/2020,HPN,NY,AEA,EN,Towers with Radar,0,132,103,0,235,0,4,64,0,68,0,136,167,0,303,6,0,6,309
09/28/2020,HPN,NY,AEA,EN,Towers with Radar,0,107,91,0,198,0,5,41,0,46,0,112,132,0,244,70,0,70,314
09/29/2020,HPN,NY,AEA,EN,Towers with Radar,0,103,76,0,179,0,0,3,0,3,0,103,79,0,182,0,0,0,182
09/30/2020,HPN,NY,AEA,EN,Towers with Radar,0,73,75,0,148,0,7,63,0,70,0,80,138,0,218,32,0,32,250
10/01/2020,HPN,NY,AEA,EN,Towers with Radar,7,81,81,0,169,0,19,100,0,119,7,100,181,0,288,0,0,0,288
10/02/2020,HPN,NY,AEA,EN,Towers with Radar,9,111,98,0,218,0,15,57,0,72,9,126,155,0,290,0,0,0,290
10/03/2020,HPN,NY,AEA,EN,Towers with Radar,7,68,45,0,120,0,13,180,0,193,7,81,225,0,313,82,0,82,395
10/04/2020,HPN,NY,AEA,EN,Towers with Radar,10,99,102,0,211,0,26,185,0,211,10,125,287,0,422,64,0,64,486
10/05/2020,HPN,NY,AEA,EN,Towers with Radar,9,83,78,0,170,0,8,60,0,68,9,91,138,0,238,46,0,46,284
10/06/2020,HPN,NY,AEA,EN,Towers with Radar,5,62,65,0,132,0,11,113,0,124,5,73,178,0,256,56,0,56,312
10/07/2020,HPN,NY,AEA,EN,Towers with Radar,5,81,63,0,149,0,11,70,2,83,5,92,133,2,232,28,0,28,260
10/08/2020,HPN,NY,AEA,EN,Towers with Radar,11,122,79,0,212,0,27,111,0,138,11,149,190,0,350,14,0,14,364
10/09/2020,HPN,NY,AEA,EN,Towers with Radar,13,117,91,0,221,0,44,174,0,218,13,161,265,0,439,60,0,60,499
10/10/2020,HPN,NY,AEA,EN,Towers with Radar,8,70,60,0,138,0,11,142,0,153,8,81,202,0,291,46,0,46,337
10/11/2020,HPN,NY,AEA,EN,Towers with Radar,14,88,76,0,178,0,12,159,0,171,14,100,235,0,349,92,0,92,441
10/12/2020,HPN,NY,AEA,EN,Towers with Radar,14,145,107,0,266,0,0,7,0,7,14,145,114,0,273,0,0,0,273
10/13/2020,HPN,NY,AEA,EN,Towers with Radar,5,104,99,0,208,0,1,3,0,4,5,105,102,0,212,6,0,6,218
10/14/2020,HPN,NY,AEA,EN,Towers with Radar,8,87,86,0,181,0,17,178,3,198,8,104,264,3,379,100,0,100,479
10/15/2020,HPN,NY,AEA,EN,Towers with Radar,13,100,96,0,209,0,18,156,0,174,13,118,252,0,383,38,0,38,421
10/16/2020,HPN,NY,AEA,EN,Towers with Radar,12,122,118,0,252,0,1,7,0,8,12,123,125,0,260,6,0,6,266
10/17/2020,HPN,NY,AEA,EN,Towers with Radar,8,71,61,0,140,0,17,131,0,148,8,88,192,0,288,120,0,120,408
10/18/2020,HPN,NY,AEA,EN,Towers with Radar,15,100,92,0,207,0,16,164,0,180,15,116,256,0,387,138,0,138,525
10/19/2020,HPN,NY,AEA,EN,Towers with Radar,18,95,89,0,202,0,6,85,0,91,18,101,174,0,293,112,0,112,405
10/20/2020,HPN,NY,AEA,EN,Towers with Radar,7,90,103,0,200,0,1,8,0,9,7,91,111,0,209,0,0,0,209
10/21/2020,HPN,NY,AEA,EN,Towers with Radar,6,89,84,0,179,0,1,10,0,11,6,90,94,0,190,0,0,0,190
10/22/2020,HPN,NY,AEA,EN,Towers with Radar,14,130,129,2,275,0,0,8,0,8,14,130,137,2,283,4,0,4,287
10/23/2020,HPN,NY,AEA,EN,Towers with Radar,13,116,119,0,248,0,1,15,0,16,13,117,134,0,264,0,0,0,264
10/24/2020,HPN,NY,AEA,EN,Towers with Radar,18,152,150,0,320,0,1,46,0,47,18,153,196,0,367,14,0,14,381
10/25/2020,HPN,NY,AEA,EN,Towers with Radar,29,192,128,0,349,0,13,324,0,337,29,205,452,0,686,150,0,150,836
10/26/2020,HPN,NY,AEA,EN,Towers with Radar,14,71,81,2,168,0,0,0,0,0,14,71,81,2,168,0,0,0,168
10/27/2020,HPN,NY,AEA,EN,Towers with Radar,5,72,89,0,166,0,24,61,0,85,5,96,150,0,251,122,0,122,373
10/28/2020,HPN,NY,AEA,EN,Towers with Radar,6,89,94,0,189,0,1,19,0,20,6,90,113,0,209,8,0,8,217
10/29/2020,HPN,NY,AEA,EN,Towers with Radar,10,81,64,0,155,0,0,2,0,2,10,81,66,0,157,12,0,12,169
10/30/2020,HPN,NY,AEA,EN,Towers with Radar,6,84,76,0,166,0,3,22,0,25,6,87,98,0,191,50,0,50,241
10/31/2020,HPN,NY,AEA,EN,Towers with Radar,7,69,62,0,138,0,52,139,0,191,7,121,201,0,329,68,0,68,397
11/01/2020,HPN,NY,AEA,EN,Towers with Radar,19,98,81,0,198,0,4,58,0,62,19,102,139,0,260,32,0,32,292
11/02/2020,HPN,NY,AEA,EN,Towers with Radar,14,71,51,0,136,1,1,13,0,15,15,72,64,0,151,22,0,22,173
11/03/2020,HPN,NY,AEA,EN,Towers with Radar,6,69,46,0,121,0,14,62,0,76,6,83,108,0,197,32,0,32,229
11/04/2020,HPN,NY,AEA,EN,Towers with Radar,5,65,58,0,128,0,21,99,0,120,5,86,157,0,248,71,0,71,319
11/05/2020,HPN,NY,AEA,EN,Towers with Radar,15,93,76,0,184,0,9,115,0,124,15,102,191,0,308,166,0,166,474
11/06/2020,HPN,NY,AEA,EN,Towers with Radar,16,73,75,0,164,0,7,157,0,164,16,80,232,0,328,174,0,174,502
11/07/2020,HPN,NY,AEA,EN,Towers with Radar,11,68,37,0,116,0,2,199,0,201,11,70,236,0,317,148,0,148,465
11/08/2020,HPN,NY,AEA,EN,Towers with Radar,15,73,79,0,167,1,12,200,0,213,16,85,279,0,380,100,0,100,480
11/09/2020,HPN,NY,AEA,EN,Towers with Radar,13,77,36,1,127,0,10,123,0,133,13,87,159,1,260,110,0,110,370
11/10/2020,HPN,NY,AEA,EN,Towers with Radar,5,81,54,0,140,0,9,101,0,110,5,90,155,0,250,55,0,55,305
11/11/2020,HPN,NY,AEA,EN,Towers with Radar,6,66,68,0,140,0,0,0,0,0,6,66,68,0,140,0,0,0,140
11/12/2020,HPN,NY,AEA,EN,Towers with Radar,14,86,104,0,204,0,1,19,0,20,14,87,123,0,224,26,0,26,250
11/13/2020,HPN,NY,AEA,EN,Towers with Radar,18,90,93,0,201,0,3,20,0,23,18,93,113,0,224,24,0,24,248
11/14/2020,HPN,NY,AEA,EN,Towers with Radar,8,74,50,0,132,0,8,186,0,194,8,82,236,0,326,130,0,130,456
11/15/2020,HPN,NY,AEA,EN,Towers with Radar,13,85,51,0,149,0,0,73,0,73,13,85,124,0,222,98,0,98,320
11/16/2020,HPN,NY,AEA,EN,Towers with Radar,15,76,70,0,161,0,4,75,0,79,15,80,145,0,240,2,0,2,242
11/17/2020,HPN,NY,AEA,EN,Towers with Radar,6,80,75,0,161,0,3,62,0,65,6,83,137,0,226,150,0,150,376
11/18/2020,HPN,NY,AEA,EN,Towers with Radar,16,68,75,0,159,0,5,59,0,64,16,73,134,0,223,34,0,34,257
11/19/2020,HPN,NY,AEA,EN,Towers with Radar,20,106,80,0,206,0,12,114,0,126,20,118,194,0,332,109,0,109,441
11/20/2020,HPN,NY,AEA,EN,Towers with Radar,23,114,105,0,242,0,19,127,0,146,23,133,232,0,388,38,0,38,426
11/21/2020,HPN,NY,AEA,EN,Towers with Radar,24,119,105,0,248,0,8,165,0,173,24,127,270,0,421,56,0,56,477
11/22/2020,HPN,NY,AEA,EN,Towers with Radar,21,126,132,0,279,0,2,39,0,41,21,128,171,0,320,28,0,28,348
11/23/2020,HPN,NY,AEA,EN,Towers with Radar,19,99,76,0,194,0,5,31,0,36,19,104,107,0,230,2,0,2,232
11/24/2020,HPN,NY,AEA,EN,Towers with Radar,22,108,69,0,199,0,21,57,0,78,22,129,126,0,277,0,0,0,277
11/25/2020,HPN,NY,AEA,EN,Towers with Radar,22,90,86,0,198,0,10,36,0,46,22,100,122,0,244,0,0,0,244
11/26/2020,HPN,NY,AEA,EN,Towers with Radar,3,30,26,0,59,0,0,4,0,4,3,30,30,0,63,0,0,0,63
11/27/2020,HPN,NY,AEA,EN,Towers with Radar,17,50,55,0,122,0,9,37,1,47,17,59,92,1,169,0,0,0,169
11/28/2020,HPN,NY,AEA,EN,Towers with Radar,22,89,69,0,180,0,10,51,0,61,22,99,120,0,241,0,0,0,241
11/29/2020,HPN,NY,AEA,EN,Towers with Radar,26,137,126,0,289,0,34,103,0,137,26,171,229,0,426,0,0,0,426
11/30/2020,HPN,NY,AEA,EN,Towers with Radar,22,85,61,0,168,0,1,1,0,2,22,86,62,0,170,0,0,0,170
12/01/2020,HPN,NY,AEA,EN,Towers with Radar,17,96,99,0,212,0,2,19,0,21,17,98,118,0,233,0,0,0,233
12/02/2020,HPN,NY,AEA,EN,Towers with Radar,13,87,63,0,163,0,3,30,0,33,13,90,93,0,196,0,0,0,196
12/03/2020,HPN,NY,AEA,EN,Towers with Radar,14,72,63,0,149,0,75,62,0,137,14,147,125,0,286,18,0,18,304
12/04/2020,HPN,NY,AEA,EN,Towers with Radar,19,98,73,0,190,0,37,39,0,76,19,135,112,0,266,32,0,32,298
12/05/2020,HPN,NY,AEA,EN,Towers with Radar,12,50,32,0,94,0,0,7,0,7,12,50,39,0,101,0,0,0,101
12/06/2020,HPN,NY,AEA,EN,Towers with Radar,15,81,65,0,161,0,25,57,0,82,15,106,122,0,243,16,0,16,259
12/07/2020,HPN,NY,AEA,EN,Towers with Radar,14,57,65,0,136,0,4,93,0,97,14,61,158,0,233,62,4,66,299
12/08/2020,HPN,NY,AEA,EN,Towers with Radar,8,55,76,0,139,0,4,59,0,63,8,59,135,0,202,26,0,26,228
12/09/2020,HPN,NY,AEA,EN,Towers with Radar,9,51,61,0,121,0,1,33,0,34,9,52,94,0,155,18,0,18,173
12/10/2020,HPN,NY,AEA,EN,Towers with Radar,17,81,75,0,173,0,7,114,1,122,17,88,189,1,295,68,0,68,363
12/11/2020,HPN,NY,AEA,EN,Towers with Radar,15,106,94,0,215,0,5,145,0,150,15,111,239,0,365,68,0,68,433
12/12/2020,HPN,NY,AEA,EN,Towers with Radar,9,62,50,0,121,0,0,0,0,0,9,62,50,0,121,0,0,0,121
12/13/2020,HPN,NY,AEA,EN,Towers with Radar,15,108,93,0,216,0,8,158,0,166,15,116,251,0,382,58,0,58,440
12/14/2020,HPN,NY,AEA,EN,Towers with Radar,13,70,59,0,142,1,4,5,0,10,14,74,64,0,152,0,0,0,152
12/15/2020,HPN,NY,AEA,EN,Towers with Radar,12,121,73,0,206,0,8,114,0,122,12,129,187,0,328,100,0,100,428
12/16/2020,HPN,NY,AEA,EN,Towers with Radar,9,61,59,0,129,0,7,31,0,38,9,68,90,0,167,66,0,66,233
12/17/2020,HPN,NY,AEA,EN,Towers with Radar,12,53,41,0,106,1,2,8,0,11,13,55,49,0,117,0,0,0,117
12/18/2020,HPN,NY,AEA,EN,Towers with Radar,27,129,132,0,288,0,3,91,0,94,27,132,223,0,382,34,0,34,416
12/19/2020,HPN,NY,AEA,EN,Towers with Radar,31,148,152,2,333,0,6,105,0,111,31,154,257,2,444,12,0,12,456
12/20/2020,HPN,NY,AEA,EN,Towers with Radar,32,145,82,0,259,0,1,21,0,22,32,146,103,0,281,10,0,10,291
12/21/2020,HPN,NY,AEA,EN,Towers with Radar,20,134,84,0,238,1,2,35,0,38,21,136,119,0,276,60,0,60,336
12/22/2020,HPN,NY,AEA,EN,Towers with Radar,34,107,91,0,232,0,1,74,0,75,34,108,165,0,307,56,0,56,363
12/23/2020,HPN,NY,AEA,EN,Towers with Radar,26,114,101,0,241,0,19,95,0,114,26,133,196,0,355,120,0,120,475
12/24/2020,HPN,NY,AEA,EN,Towers with Radar,22,72,55,0,149,0,1,14,0,15,22,73,69,0,164,0,0,0,164
12/25/2020,HPN,NY,AEA,EN,Towers with Radar,21,115,36,0,172,0,3,0,0,3,21,118,36,0,175,0,0,0,175
12/26/2020,HPN,NY,AEA,EN,Towers with Radar,27,172,176,0,375,0,12,69,0,81,27,184,245,0,456,2,0,2,458
12/27/2020,HPN,NY,AEA,EN,Towers with Radar,26,153,129,0,308,0,10,150,0,160,26,163,279,0,468,16,0,16,484
12/28/2020,HPN,NY,AEA,EN,Towers with Radar,28,124,100,0,252,0,1,67,0,68,28,125,167,0,320,62,0,62,382
12/29/2020,HPN,NY,AEA,EN,Towers with Radar,27,96,70,0,193,0,10,70,0,80,27,106,140,0,273,2,0,2,275
12/30/2020,HPN,NY,AEA,EN,Towers with Radar,25,108,80,0,213,0,4,87,0,91,25,112,167,0,304,26,0,26,330
12/31/2020,HPN,NY,AEA,EN,Towers with Radar,17,61,47,0,125,0,0,15,0,15,17,61,62,0,140,0,0,0,140
01/01/2021,HPN,NY,AEA,EN,Towers with Radar,18,113,62,0,193,0,12,47,0,59,18,125,109,0,252,16,0,16,268
01/02/2021,HPN,NY,AEA,EN,Towers with Radar,24,146,118,0,288,0,6,31,0,37,24,152,149,0,325,6,0,6,331
01/03/2021,HPN,NY,AEA,EN,Towers with Radar,26,178,142,0,346,0,1,1,0,2,26,179,143,0,348,16,0,16,364
01/04/2021,HPN,NY,AEA,EN,Towers with Radar,28,126,114,0,268,0,3,48,0,51,28,129,162,0,319,40,0,40,359
01/05/2021,HPN,NY,AEA,EN,Towers with Radar,15,103,74,0,192,0,1,42,0,43,15,104,116,0,235,92,0,92,327
01/06/2021,HPN,NY,AEA,EN,Towers with Radar,14,88,69,0,171,0,3,76,0,79,14,91,145,0,250,42,0,42,292
01/07/2021,HPN,NY,AEA,EN,Towers with Radar,15,91,52,0,158,0,5,81,0,86,15,96,133,0,244,8,0,8,252
01/08/2021,HPN,NY,AEA,EN,Towers with Radar,16,84,67,0,167,0,8,92,0,100,16,92,159,0,267,14,0,14,281
01/09/2021,HPN,NY,AEA,EN,Towers with Radar,11,81,67,0,159,0,4,85,0,89,11,85,152,0,248,10,0,10,258
01/10/2021,HPN,NY,AEA,EN,Towers with Radar,16,92,93,0,201,0,3,115,0,118,16,95,208,0,319,32,0,32,351
01/11/2021,HPN,NY,AEA,EN,Towers with Radar,16,85,64,0,165,0,4,74,0,78,16,89,138,0,243,76,0,76,319
01/12/2021,HPN,NY,AEA,EN,Towers with Radar,10,64,60,0,134,0,5,70,0,75,10,69,130,0,209,50,0,50,259
01/13/2021,HPN,NY,AEA,EN,Towers with Radar,11,71,62,0,144,1,2,76,1,80,12,73,138,1,224,46,0,46,270
01/14/2021,HPN,NY,AEA,EN,Towers with Radar,20,98,74,0,192,0,7,90,0,97,20,105,164,0,289,60,0,60,349
01/15/2021,HPN,NY,AEA,EN,Towers with Radar,16,108,89,0,213,0,0,1,0,1,16,108,90,0,214,0,0,0,214
01/16/2021,HPN,NY,AEA,EN,Towers with Radar,12,68,44,0,124,0,1,8,0,9,12,69,52,0,133,22,0,22,155
01/17/2021,HPN,NY,AEA,EN,Towers with Radar,15,82,56,0,153,0,3,86,0,89,15,85,142,0,242,26,0,26,268
01/18/2021,HPN,NY,AEA,EN,Towers with Radar,16,107,104,0,227,0,3,105,0,108,16,110,209,0,335,6,0,6,341
01/19/2021,HPN,NY,AEA,EN,Towers with Radar,13,81,72,0,166,0,5,66,0,71,13,86,138,0,237,46,0,46,283
01/20/2021,HPN,NY,AEA,EN,Towers with Radar,11,79,63,0,153,0,1,42,0,43,11,80,105,0,196,0,0,0,196
01/21/2021,HPN,NY,AEA,EN,Towers with Radar,18,73,74,0,165,0,8,68,0,76,18,81,142,0,241,88,0,88,329
01/22/2021,HPN,NY,AEA,EN,Towers with Radar,16,84,86,0,186,0,6,74,0,80,16,90,160,0,266,16,0,16,282
01/23/2021,HPN,NY,AEA,EN,Towers with Radar,11,59,45,0,115,0,9,27,0,36,11,68,72,0,151,0,0,0,151
01/24/2021,HPN,NY,AEA,EN,Towers with Radar,15,96,71,0,182,0,4,108,0,112,15,100,179,0,294,20,0,20,314
01/25/2021,HPN,NY,AEA,EN,Towers with Radar,14,68,59,0,141,1,7,91,0,99,15,75,150,0,240,12,0,12,252
01/26/2021,HPN,NY,AEA,EN,Towers with Radar,9,51,34,0,94,0,3,11,0,14,9,54,45,0,108,8,0,8,116
01/27/2021,HPN,NY,AEA,EN,Towers with Radar,13,81,72,0,166,0,1,34,0,35,13,82,106,0,201,60,0,60,261
01/28/2021,HPN,NY,AEA,EN,Towers with Radar,14,106,56,0,176,0,5,67,0,72,14,111,123,0,248,32,0,32,280
01/29/2021,HPN,NY,AEA,EN,Towers with Radar,16,110,61,0,187,0,1,17,0,18,16,111,78,0,205,6,0,6,211
01/30/2021,HPN,NY,AEA,EN,Towers with Radar,11,77,66,0,154,0,5,143,0,148,11,82,209,0,302,82,0,82,384
01/31/2021,HPN,NY,AEA,EN,Towers with Radar,12,117,123,0,252,0,7,99,0,106,12,124,222,0,358,80,0,80,438
02/01/2021,HPN,NY,AEA,EN,Towers with Radar,0,0,1,0,1,0,0,0,0,0,0,0,1,0,1,0,0,0,1
02/02/2021,HPN,NY,AEA,EN,Towers with Radar,11,55,38,0,104,0,0,0,0,0,11,55,38,0,104,0,0,0,104
02/03/2021,HPN,NY,AEA,EN,Towers with Radar,11,110,89,0,210,1,1,20,0,22,12,111,109,0,232,14,0,14,246
02/04/2021,HPN,NY,AEA,EN,Towers with Radar,17,90,82,0,189,0,11,77,0,88,17,101,159,0,277,22,0,22,299
02/05/2021,HPN,NY,AEA,EN,Towers with Radar,16,84,61,0,161,0,1,27,0,28,16,85,88,0,189,30,0,30,219
02/06/2021,HPN,NY,AEA,EN,Towers with Radar,11,111,60,0,182,0,1,114,0,115,11,112,174,0,297,70,0,70,367
02/07/2021,HPN,NY,AEA,EN,Towers with Radar,18,46,43,0,107,1,2,0,0,3,19,48,43,0,110,0,0,0,110
02/08/2021,HPN,NY,AEA,EN,Towers with Radar,22,94,79,0,195,0,7,89,0,96,22,101,168,0,291,54,0,54,345
02/09/2021,HPN,NY,AEA,EN,Towers with Radar,10,77,44,0,131,0,0,0,0,0,10,77,44,0,131,0,0,0,131
02/10/2021,HPN,NY,AEA,EN,Towers with Radar,15,121,112,0,248,0,7,105,0,112,15,128,217,0,360,44,0,44,404
02/11/2021,HPN,NY,AEA,EN,Towers with Radar,24,129,80,0,233,0,7,75,1,83,24,136,155,1,316,60,0,60,376
02/12/2021,HPN,NY,AEA,EN,Towers with Radar,21,136,89,0,246,1,10,67,0,78,22,146,156,0,324,48,0,48,372
02/13/2021,HPN,NY,AEA,EN,Towers with Radar,21,116,95,0,232,0,3,97,0,100,21,119,192,0,332,12,0,12,344
02/14/2021,HPN,NY,AEA,EN,Towers with Radar,19,106,38,0,163,0,3,44,0,47,19,109,82,0,210,0,0,0,210
02/15/2021,HPN,NY,AEA,EN,Towers with Radar,17,124,94,0,235,0,0,2,0,2,17,124,96,0,237,0,0,0,237
02/16/2021,HPN,NY,AEA,EN,Towers with Radar,20,120,66,0,206,0,3,15,0,18,20,123,81,0,224,28,0,28,252
02/17/2021,HPN,NY,AEA,EN,Towers with Radar,18,123,117,0,258,0,12,132,0,144,18,135,249,0,402,46,0,46,448
02/18/2021,HPN,NY,AEA,EN,Towers with Radar,9,53,41,0,103,0,0,0,0,0,9,53,41,0,103,0,0,0,103
02/19/2021,HPN,NY,AEA,EN,Towers with Radar,15,92,46,0,153,0,0,0,0,0,15,92,46,0,153,0,0,0,153
02/20/2021,HPN,NY,AEA,EN,Towers with Radar,22,131,94,0,247,0,2,71,0,73,22,133,165,0,320,28,0,28,348
02/21/2021,HPN,NY,AEA,EN,Towers with Radar,23,161,104,0,288,0,8,149,0,157,23,169,253,0,445,66,0,66,511
02/22/2021,HPN,NY,AEA,EN,Towers with Radar,18,84,65,0,167,1,2,19,0,22,19,86,84,0,189,62,0,62,251
02/23/2021,HPN,NY,AEA,EN,Towers with Radar,16,103,58,0,177,0,0,35,0,35,16,103,93,0,212,52,0,52,264
02/24/2021,HPN,NY,AEA,EN,Towers with Radar,14,97,64,0,175,0,8,101,0,109,14,105,165,0,284,16,0,16,300
02/25/2021,HPN,NY,AEA,EN,Towers with Radar,19,92,82,0,193,0,5,49,0,54,19,97,131,0,247,8,0,8,255
02/26/2021,HPN,NY,AEA,EN,Towers with Radar,18,112,80,0,210,0,8,139,0,147,18,120,219,0,357,30,0,30,387
02/27/2021,HPN,NY,AEA,EN,Towers with Radar,17,68,56,0,141,0,0,4,0,4,17,68,60,0,145,0,0,0,145
02/28/2021,HPN,NY,AEA,EN,Towers with Radar,17,138,117,0,272,0,0,46,0,46,17,138,163,0,318,33,0,33,351
03/01/2021,HPN,NY,AEA,EN,Towers with Radar,23,103,73,0,199,0,2,21,0,23,23,105,94,0,222,2,0,2,224
03/02/2021,HPN,NY,AEA,EN,Towers with Radar,18,70,55,0,143,1,8,29,0,38,19,78,84,0,181,2,0,2,183
03/03/2021,HPN,NY,AEA,EN,Towers with Radar,21,84,97,0,202,1,4,101,0,106,22,88,198,0,308,44,0,44,352
03/04/2021,HPN,NY,AEA,EN,Towers with Radar,24,93,91,0,208,0,10,30,0,40,24,103,121,0,248,0,0,0,248
03/05/2021,HPN,NY,AEA,EN,Towers with Radar,24,102,62,0,188,0,5,30,0,35,24,107,92,0,223,0,0,0,223
03/06/2021,HPN,NY,AEA,EN,Towers with Radar,24,93,68,0,185,0,4,30,0,34,24,97,98,0,219,0,0,0,219
03/07/2021,HPN,NY,AEA,EN,Towers with Radar,25,122,95,0,242,0,13,59,0,72,25,135,154,0,314,0,0,0,314
03/08/2021,HPN,NY,AEA,EN,Towers with Radar,28,90,47,0,165,0,6,40,0,46,28,96,87,0,211,0,0,0,211
03/09/2021,HPN,NY,AEA,EN,Towers with Radar,26,58,54,0,138,0,9,33,0,42,26,67,87,0,180,0,0,0,180
03/10/2021,HPN,NY,AEA,EN,Towers with Radar,26,104,67,0,197,0,8,44,0,52,26,112,111,0,249,0,0,0,249
03/11/2021,HPN,NY,AEA,EN,Towers with Radar,28,96,102,0,226,0,5,44,0,49,28,101,146,0,275,0,0,0,275
03/12/2021,HPN,NY,AEA,EN,Towers with Radar,27,154,115,0,296,0,7,35,0,42,27,161,150,0,338,0,0,0,338
03/13/2021,HPN,NY,AEA,EN,Towers with Radar,31,165,104,0,300,1,7,69,0,77,32,172,173,0,377,0,0,0,377
03/14/2021,HPN,NY,AEA,EN,Towers with Radar,28,144,93,0,265,0,4,35,0,39,28,148,128,0,304,0,0,0,304
03/15/2021,HPN,NY,AEA,EN,Towers with Radar,27,111,66,0,204,1,6,19,0,26,28,117,85,0,230,0,0,0,230
03/16/2021,HPN,NY,AEA,EN,Towers with Radar,28,81,80,0,189,0,13,20,0,33,28,94,100,0,222,0,0,0,222
03/17/2021,HPN,NY,AEA,EN,Towers with Radar,26,122,100,0,248,0,2,1,0,3,26,124,101,0,251,0,0,0,251
03/18/2021,HPN,NY,AEA,EN,Towers with Radar,28,113,99,0,240,0,0,0,0,0,28,113,99,0,240,0,0,0,240
03/19/2021,HPN,NY,AEA,EN,Towers with Radar,30,139,90,0,259,2,6,17,1,26,32,145,107,1,285,0,0,0,285
03/20/2021,HPN,NY,AEA,EN,Towers with Radar,26,145,110,2,283,0,8,83,0,91,26,153,193,2,374,0,0,0,374
03/21/2021,HPN,NY,AEA,EN,Towers with Radar,28,135,133,0,296,0,12,82,0,94,28,147,215,0,390,0,0,0,390
03/22/2021,HPN,NY,AEA,EN,Towers with Radar,28,104,82,0,214,0,41,64,0,105,28,145,146,0,319,84,0,84,403
03/23/2021,HPN,NY,AEA,EN,Towers with Radar,33,110,76,0,219,1,7,109,0,117,34,117,185,0,336,44,0,44,380
03/24/2021,HPN,NY,AEA,EN,Towers with Radar,30,126,102,0,258,0,1,14,0,15,30,127,116,0,273,0,0,0,273
03/25/2021,HPN,NY,AEA,EN,Towers with Radar,30,133,142,0,305,0,0,28,0,28,30,133,170,0,333,6,0,6,339
03/26/2021,HPN,NY,AEA,EN,Towers with Radar,36,102,85,0,223,1,0,18,0,19,37,102,103,0,242,6,0,6,248
03/27/2021,HPN,NY,AEA,EN,Towers with Radar,36,183,118,0,337,0,42,124,0,166,36,225,242,0,503,48,0,48,551
03/28/2021,HPN,NY,AEA,EN,Towers with Radar,34,140,105,0,279,0,0,1,0,1,34,140,106,0,280,0,0,0,280
03/29/2021,HPN,NY,AEA,EN,Towers with Radar,33,138,72,0,243,0,2,28,0,30,33,140,100,0,273,8,0,8,281
03/30/2021,HPN,NY,AEA,EN,Towers with Radar,32,113,104,0,249,0,69,95,0,164,32,182,199,0,413,102,0,102,515
03/31/2021,HPN,NY,AEA,EN,Towers with Radar,33,138,102,0,273,0,0,36,0,36,33,138,138,0,309,16,0,16,325
04/01/2021,HPN,NY,AEA,EN,Towers with Radar,33,158,98,0,289,0,3,17,0,20,33,161,115,0,309,0,0,0,309
04/02/2021,HPN,NY,AEA,EN,Towers with Radar,34,138,107,0,279,0,8,93,0,101,34,146,200,0,380,92,0,92,472
04/03/2021,HPN,NY,AEA,EN,Towers with Radar,34,114,93,0,241,0,13,178,0,191,34,127,271,0,432,30,0,30,462
04/04/2021,HPN,NY,AEA,EN,Towers with Radar,39,171,98,0,308,0,9,105,0,114,39,180,203,0,422,74,0,74,496
04/05/2021,HPN,NY,AEA,EN,Towers with Radar,39,134,115,0,288,0,8,74,0,82,39,142,189,0,370,26,0,26,396
04/06/2021,HPN,NY,AEA,EN,Towers with Radar,39,98,84,0,221,0,3,100,0,103,39,101,184,0,324,10,0,10,334
04/07/2021,HPN,NY,AEA,EN,Towers with Radar,34,118,76,0,228,0,72,35,0,107,34,190,111,0,335,52,0,52,387
04/08/2021,HPN,NY,AEA,EN,Towers with Radar,39,98,127,0,264,0,7,107,0,114,39,105,234,0,378,16,0,16,394
04/09/2021,HPN,NY,AEA,EN,Towers with Radar,41,140,114,0,295,0,4,62,0,66,41,144,176,0,361,24,0,24,385
04/10/2021,HPN,NY,AEA,EN,Towers with Radar,39,125,96,0,260,0,3,38,0,41,39,128,134,0,301,38,0,38,339
04/11/2021,HPN,NY,AEA,EN,Towers with Radar,29,144,90,0,263,0,0,0,0,0,29,144,90,0,263,0,0,0,263
04/12/2021,HPN,NY,AEA,EN,Towers with Radar,37,115,104,0,256,0,1,12,0,13,37,116,116,0,269,0,0,0,269
04/13/2021,HPN,NY,AEA,EN,Towers with Radar,33,89,77,0,199,0,1,128,0,129,33,90,205,0,328,74,0,74,402
04/14/2021,HPN,NY,AEA,EN,Towers with Radar,29,90,91,1,211,0,16,45,0,61,29,106,136,1,272,0,0,0,272
04/15/2021,HPN,NY,AEA,EN,Towers with Radar,36,99,105,0,240,0,0,0,0,0,36,99,105,0,240,0,0,0,240
04/16/2021,HPN,NY,AEA,EN,Towers with Radar,37,131,89,0,257,0,0,17,0,17,37,131,106,0,274,0,0,0,274
04/17/2021,HPN,NY,AEA,EN,Towers with Radar,45,116,78,0,239,0,5,65,0,70,45,121,143,0,309,0,0,0,309
04/18/2021,HPN,NY,AEA,EN,Towers with Radar,37,154,98,0,289,0,13,77,0,90,37,167,175,0,379,0,0,0,379
04/19/2021,HPN,NY,AEA,EN,Towers with Radar,37,95,90,0,222,0,7,50,0,57,37,102,140,0,279,0,0,0,279
04/20/2021,HPN,NY,AEA,EN,Towers with Radar,31,90,75,0,196,0,10,65,0,75,31,100,140,0,271,0,0,0,271
04/21/2021,HPN,NY,AEA,EN,Towers with Radar,29,94,81,1,205,0,4,13,0,17,29,98,94,1,222,0,0,0,222
04/22/2021,HPN,NY,AEA,EN,Towers with Radar,35,109,76,1,221,0,11,15,1,27,35,120,91,2,248,0,0,0,248
04/23/2021,HPN,NY,AEA,EN,Towers with Radar,33,103,80,0,216,0,19,43,0,62,33,122,123,0,278,0,0,0,278
04/24/2021,HPN,NY,AEA,EN,Towers with Radar,35,78,56,0,169,0,16,66,0,82,35,94,122,0,251,0,0,0,251
04/25/2021,HPN,NY,AEA,EN,Towers with Radar,33,149,116,0,298,0,6,14,1,21,33,155,130,1,319,0,0,0,319
04/26/2021,HPN,NY,AEA,EN,Towers with Radar,33,82,48,0,163,0,11,25,0,36,33,93,73,0,199,0,0,0,199
04/27/2021,HPN,NY,AEA,EN,Towers with Radar,31,90,77,0,198,0,12,44,0,56,31,102,121,0,254,0,0,0,254
04/28/2021,HPN,NY,AEA,EN,Towers with Radar,31,94,91,0,216,0,5,57,0,62,31,99,148,0,278,0,0,0,278
04/29/2021,HPN,NY,AEA,EN,Towers with Radar,38,115,111,0,264,0,0,31,0,31,38,115,142,0,295,16,0,16,311
04/30/2021,HPN,NY,AEA,EN,Towers with Radar,38,111,97,0,246,0,10,30,0,40,38,121,127,0,286,8,0,8,294
05/01/2021,HPN,NY,AEA,EN,Towers with Radar,31,107,67,0,205,0,8,106,2,116,31,115,173,2,321,44,0,44,365
05/02/2021,HPN,NY,AEA,EN,Towers with Radar,33,134,112,0,279,0,14,132,0,146,33,148,244,0,425,46,0,46,471
05/03/2021,HPN,NY,AEA,EN,Towers with Radar,37,104,103,0,244,0,5,70,0,75,37,109,173,0,319,78,0,78,397
05/04/2021,HPN,NY,AEA,EN,Towers with Radar,30,106,81,0,217,0,1,30,0,31,30,107,111,0,248,34,0,34,282
05/05/2021,HPN,NY,AEA,EN,Towers with Radar,32,104,89,0,225,0,0,1,0,1,32,104,90,0,226,0,0,0,226
05/06/2021,HPN,NY,AEA,EN,Towers with Radar,30,135,108,0,273,0,11,140,0,151,30,146,248,0,424,0,0,0,424
05/07/2021,HPN,NY,AEA,EN,Towers with Radar,41,126,68,0,235,0,20,129,0,149,41,146,197,0,384,10,0,10,394
05/08/2021,HPN,NY,AEA,EN,Towers with Radar,30,103,85,0,218,0,0,80,0,80,30,103,165,0,298,0,0,0,298
05/09/2021,HPN,NY,AEA,EN,Towers with Radar,35,137,81,0,253,0,8,104,0,112,35,145,185,0,365,42,0,42,407
05/10/2021,HPN,NY,AEA,EN,Towers with Radar,30,109,105,0,244,0,8,44,0,52,30,117,149,0,296,16,0,16,312
05/11/2021,HPN,NY,AEA,EN,Towers with Radar,29,107,82,0,218,0,41,57,0,98,29,148,139,0,316,42,0,42,358
05/12/2021,HPN,NY,AEA,EN,Towers with Radar,30,112,86,0,228,0,11,101,0,112,30,123,187,0,340,92,0,92,432
05/13/2021,HPN,NY,AEA,EN,Towers with Radar,35,148,108,0,291,0,11,139,1,151,35,159,247,1,442,36,0,36,478
05/14/2021,HPN,NY,AEA,EN,Towers with Radar,33,129,98,0,260,0,23,147,0,170,33,152,245,0,430,45,0,45,475
05/15/2021,HPN,NY,AEA,EN,Towers with Radar,28,104,86,0,218,0,7,162,0,169,28,111,248,0,387,48,0,48,435
05/16/2021,HPN,NY,AEA,EN,Towers with Radar,32,136,113,0,281,0,22,122,0,144,32,158,235,0,425,28,0,28,453
05/17/2021,HPN,NY,AEA,EN,Towers with Radar,30,121,96,0,247,0,15,102,0,117,30,136,198,0,364,83,0,83,447
05/18/2021,HPN,NY,AEA,EN,Towers with Radar,27,105,90,0,222,0,13,137,0,150,27,118,227,0,372,158,0,158,530
05/19/2021,HPN,NY,AEA,EN,Towers with Radar,28,106,101,0,235,0,20,114,1,135,28,126,215,1,370,76,0,76,446
05/20/2021,HPN,NY,AEA,EN,Towers with Radar,33,148,104,0,285,0,32,124,0,156,33,180,228,0,441,120,0,120,561
05/21/2021,HPN,NY,AEA,EN,Towers with Radar,34,126,86,0,246,0,16,162,1,179,34,142,248,1,425,0,0,0,425
05/22/2021,HPN,NY,AEA,EN,Towers with Radar,30,77,63,0,170,0,11,161,1,173,30,88,224,1,343,0,0,0,343
05/23/2021,HPN,NY,AEA,EN,Towers with Radar,31,123,102,0,256,0,18,128,0,146,31,141,230,0,402,36,0,36,438
05/24/2021,HPN,NY,AEA,EN,Towers with Radar,33,93,101,0,227,0,13,124,0,137,33,106,225,0,364,62,0,62,426
05/25/2021,HPN,NY,AEA,EN,Towers with Radar,29,76,93,1,199,0,23,45,1,69,29,99,138,2,268,0,0,0,268
05/26/2021,HPN,NY,AEA,EN,Towers with Radar,28,114,98,1,241,0,11,33,0,44,28,125,131,1,285,0,0,0,285
05/27/2021,HPN,NY,AEA,EN,Towers with Radar,39,158,141,0,338,0,52,86,1,139,39,210,227,1,477,0,0,0,477
05/28/2021,HPN,NY,AEA,EN,Towers with Radar,37,151,131,0,319,0,26,50,0,76,37,177,181,0,395,0,0,0,395
05/29/2021,HPN,NY,AEA,EN,Towers with Radar,32,92,57,0,181,0,0,0,0,0,32,92,57,0,181,0,0,0,181
05/30/2021,HPN,NY,AEA,EN,Towers with Radar,37,74,61,0,172,0,0,0,0,0,37,74,61,0,172,0,0,0,172
05/31/2021,HPN,NY,AEA,EN,Towers with Radar,36,196,196,0,428,0,17,61,1,79,36,213,257,1,507,0,0,0,507
06/01/2021,HPN,NY,AEA,EN,Towers with Radar,32,135,109,0,276,0,51,102,0,153,32,186,211,0,429,86,0,86,515
06/02/2021,HPN,NY,AEA,EN,Towers with Radar,32,99,96,0,227,0,17,141,1,159,32,116,237,1,386,6,0,6,392
06/03/2021,HPN,NY,AEA,EN,Towers with Radar,43,154,111,0,308,0,0,0,0,0,43,154,111,0,308,0,0,0,308
06/04/2021,HPN,NY,AEA,EN,Towers with Radar,40,150,107,0,297,0,10,34,0,44,40,160,141,0,341,0,0,0,341
06/05/2021,HPN,NY,AEA,EN,Towers with Radar,36,108,55,0,199,0,31,174,1,206,36,139,229,1,405,76,0,76,481
06/06/2021,HPN,NY,AEA,EN,Towers with Radar,45,122,82,0,249,0,36,171,0,207,45,158,253,0,456,34,0,34,490
06/07/2021,HPN,NY,AEA,EN,Towers with Radar,44,114,106,0,264,0,25,113,0,138,44,139,219,0,402,20,0,20,422
06/08/2021,HPN,NY,AEA,EN,Towers with Radar,35,101,85,0,221,0,8,71,0,79,35,109,156,0,300,34,0,34,334
06/09/2021,HPN,NY,AEA,EN,Towers with Radar,31,130,112,0,273,0,19,95,0,114,31,149,207,0,387,30,0,30,417
06/10/2021,HPN,NY,AEA,EN,Towers with Radar,35,150,136,0,321,0,38,148,1,187,35,188,284,1,508,14,0,14,522
06/11/2021,HPN,NY,AEA,EN,Towers with Radar,33,161,103,0,297,0,23,134,0,157,33,184,237,0,454,36,0,36,490
06/12/2021,HPN,NY,AEA,EN,Towers with Radar,28,122,103,0,253,0,3,79,0,82,28,125,182,0,335,20,0,20,355
06/13/2021,HPN,NY,AEA,EN,Towers with Radar,34,169,128,0,331,0,31,149,0,180,34,200,277,0,511,30,0,30,541
06/14/2021,HPN,NY,AEA,EN,Towers with Radar,37,170,85,0,292,0,3,28,0,31,37,173,113,0,323,44,0,44,367
06/15/2021,HPN,NY,AEA,EN,Towers with Radar,32,165,98,0,295,0,12,88,0,100,32,177,186,0,395,78,0,78,473
06/16/2021,HPN,NY,AEA,EN,Towers with Radar,28,135,113,0,276,0,23,169,0,192,28,158,282,0,468,52,0,52,520
06/17/2021,HPN,NY,AEA,EN,Towers with Radar,38,133,108,0,279,0,42,179,0,221,38,175,287,0,500,58,0,58,558
06/18/2021,HPN,NY,AEA,EN,Towers with Radar,36,156,84,0,276,0,49,173,0,222,36,205,257,0,498,46,0,46,544
06/19/2021,HPN,NY,AEA,EN,Towers with Radar,29,131,72,0,232,0,23,149,0,172,29,154,221,0,404,72,0,72,476
06/20/2021,HPN,NY,AEA,EN,Towers with Radar,33,183,108,0,324,0,45,189,0,234,33,228,297,0,558,50,0,50,608
06/21/2021,HPN,NY,AEA,EN,Towers with Radar,35,147,146,0,328,0,23,47,0,70,35,170,193,0,398,22,0,22,420
06/22/2021,HPN,NY,AEA,EN,Towers with Radar,28,142,123,0,293,0,11,40,0,51,28,153,163,0,344,78,0,78,422
06/23/2021,HPN,NY,AEA,EN,Towers with Radar,28,133,102,0,263,0,37,169,0,206,28,170,271,0,469,82,0,82,551
06/24/2021,HPN,NY,AEA,EN,Towers with Radar,70,138,113,0,321,0,50,178,0,228,70,188,291,0,549,66,0,66,615
06/25/2021,HPN,NY,AEA,EN,Towers with Radar,40,190,145,0,375,0,23,103,0,126,40,213,248,0,501,2,0,2,503
06/26/2021,HPN,NY,AEA,EN,Towers with Radar,35,177,116,0,328,0,5,68,0,73,35,182,184,0,401,18,0,18,419
06/27/2021,HPN,NY,AEA,EN,Towers with Radar,38,185,160,0,383,0,33,127,0,160,38,218,287,0,543,16,0,16,559
06/28/2021,HPN,NY,AEA,EN,Towers with Radar,39,143,102,0,284,0,46,150,2,198,39,189,252,2,482,8,0,8,490
06/29/2021,HPN,NY,AEA,EN,Towers with Radar,33,104,106,0,243,0,25,161,0,186,33,129,267,0,429,26,0,26,455
06/30/2021,HPN,NY,AEA,EN,Towers with Radar,27,143,100,0,270,0,39,119,0,158,27,182,219,0,428,40,0,40,468
07/01/2021,HPN,NY,AEA,EN,Towers with Radar,42,248,161,0,451,0,18,54,0,72,42,266,215,0,523,6,0,6,529
07/02/2021,HPN,NY,AEA,EN,Towers with Radar,40,184,137,0,361,0,1,32,0,33,40,185,169,0,394,2,0,2,396
07/03/2021,HPN,NY,AEA,EN,Towers with Radar,33,116,91,1,241,0,0,6,0,6,33,116,97,1,247,0,0,0,247
07/04/2021,HPN,NY,AEA,EN,Towers with Radar,32,83,63,0,178,0,5,54,0,59,32,88,117,0,237,26,0,26,263
07/05/2021,HPN,NY,AEA,EN,Towers with Radar,43,180,161,0,384,0,33,133,0,166,43,213,294,0,550,42,0,42,592
07/06/2021,HPN,NY,AEA,EN,Towers with Radar,29,138,107,0,274,0,40,96,1,137,29,178,203,1,411,6,0,6,417
07/07/2021,HPN,NY,AEA,EN,Towers with Radar,32,110,92,0,234,0,35,116,0,151,32,145,208,0,385,44,0,44,429
07/08/2021,HPN,NY,AEA,EN,Towers with Radar,47,162,114,0,323,0,1,20,0,21,47,163,134,0,344,12,0,12,356
07/09/2021,HPN,NY,AEA,EN,Towers with Radar,31,106,78,0,215,0,16,39,0,55,31,122,117,0,270,80,0,80,350
07/10/2021,HPN,NY,AEA,EN,Towers with Radar,33,140,110,0,283,0,9,156,0,165,33,149,266,0,448,56,0,56,504
07/11/2021,HPN,NY,AEA,EN,Towers with Radar,38,191,144,0,373,0,8,40,0,48,38,199,184,0,421,6,0,6,427
07/12/2021,HPN,NY,AEA,EN,Towers with Radar,36,168,137,0,341,0,1,5,0,6,36,169,142,0,347,0,0,0,347
07/13/2021,HPN,NY,AEA,EN,Towers with Radar,33,142,138,0,313,0,0,1,0,1,33,142,139,0,314,0,0,0,314
07/14/2021,HPN,NY,AEA,EN,Towers with Radar,29,133,108,0,270,0,8,51,0,59,29,141,159,0,329,70,0,70,399
07/15/2021,HPN,NY,AEA,EN,Towers with Radar,42,159,129,0,330,0,42,185,0,227,42,201,314,0,557,28,0,28,585
07/16/2021,HPN,NY,AEA,EN,Towers with Radar,40,138,114,0,292,0,39,165,0,204,40,177,279,0,496,30,0,30,526
07/17/2021,HPN,NY,AEA,EN,Towers with Radar,29,94,88,0,211,0,9,83,0,92,29,103,171,0,303,28,0,28,331
07/18/2021,HPN,NY,AEA,EN,Towers with Radar,38,170,161,0,369,0,27,49,0,76,38,197,210,0,445,20,0,20,465
07/19/2021,HPN,NY,AEA,EN,Towers with Radar,39,196,132,0,367,0,15,87,0,102,39,211,219,0,469,56,0,56,525
07/20/2021,HPN,NY,AEA,EN,Towers with Radar,33,145,127,0,305,0,26,98,0,124,33,171,225,0,429,112,0,112,541
07/21/2021,HPN,NY,AEA,EN,Towers with Radar,34,127,97,0,258,0,28,98,4,130,34,155,195,4,388,26,0,26,414
07/22/2021,HPN,NY,AEA,EN,Towers with Radar,39,175,113,0,327,0,61,185,0,246,39,236,298,0,573,80,0,80,653
07/23/2021,HPN,NY,AEA,EN,Towers with Radar,40,150,113,0,303,0,53,188,0,241,40,203,301,0,544,34,0,34,578
07/24/2021,HPN,NY,AEA,EN,Towers with Radar,32,113,70,0,215,0,40,165,0,205,32,153,235,0,420,86,0,86,506
07/25/2021,HPN,NY,AEA,EN,Towers with Radar,40,251,140,0,431,0,18,43,0,61,40,269,183,0,492,34,0,34,526
07/26/2021,HPN,NY,AEA,EN,Towers with Radar,38,161,126,0,325,0,48,168,4,220,38,209,294,4,545,84,0,84,629
07/27/2021,HPN,NY,AEA,EN,Towers with Radar,30,144,94,0,268,0,72,100,0,172,30,216,194,0,440,36,0,36,476
07/28/2021,HPN,NY,AEA,EN,Towers with Radar,31,153,119,0,303,0,28,105,0,133,31,181,224,0,436,22,0,22,458
07/29/2021,HPN,NY,AEA,EN,Towers with Radar,42,233,135,0,410,0,9,47,0,56,42,242,182,0,466,0,0,0,466
07/30/2021,HPN,NY,AEA,EN,Towers with Radar,40,176,106,0,322,0,56,115,0,171,40,232,221,0,493,4,0,4,497
07/31/2021,HPN,NY,AEA,EN,Towers with Radar,32,93,69,0,194,0,43,143,0,186,32,136,212,0,380,0,0,0,380
08/01/2021,HPN,NY,AEA,EN,Towers with Radar,46,150,145,0,341,0,60,207,1,268,46,210,352,1,609,22,0,22,631
08/02/2021,HPN,NY,AEA,EN,Towers with Radar,43,149,116,0,308,0,58,183,0,241,43,207,299,0,549,54,0,54,603
08/03/2021,HPN,NY,AEA,EN,Towers with Radar,34,130,93,0,257,0,37,173,2,212,34,167,266,2,469,54,0,54,523
08/04/2021,HPN,NY,AEA,EN,Towers with Radar,34,160,97,0,291,0,28,145,0,173,34,188,242,0,464,96,0,96,560
08/05/2021,HPN,NY,AEA,EN,Towers with Radar,45,178,152,0,375,0,16,104,0,120,45,194,256,0,495,100,0,100,595
08/06/2021,HPN,NY,AEA,EN,Towers with Radar,43,143,105,0,291,0,68,235,0,303,43,211,340,0,594,44,0,44,638
08/07/2021,HPN,NY,AEA,EN,Towers with Radar,32,141,123,0,296,0,35,171,1,207,32,176,294,1,503,30,0,30,533
08/08/2021,HPN,NY,AEA,EN,Towers with Radar,51,205,135,0,391,0,34,114,0,148,51,239,249,0,539,26,0,26,565
08/09/2021,HPN,NY,AEA,EN,Towers with Radar,42,168,118,0,328,0,6,51,1,58,42,174,169,1,386,34,0,34,420
08/10/2021,HPN,NY,AEA,EN,Towers with Radar,31,147,141,0,319,0,1,24,0,25,31,148,165,0,344,44,0,44,388
08/11/2021,HPN,NY,AEA,EN,Towers with Radar,32,123,96,0,251,0,18,106,0,124,32,141,202,0,375,42,0,42,417
08/12/2021,HPN,NY,AEA,EN,Towers with Radar,47,162,110,0,319,0,51,166,0,217,47,213,276,0,536,60,0,60,596
08/13/2021,HPN,NY,AEA,EN,Towers with Radar,46,156,80,0,282,0,55,149,0,204,46,211,229,0,486,34,0,34,520
08/14/2021,HPN,NY,AEA,EN,Towers with Radar,28,112,96,0,236,0,28,101,0,129,28,140,197,0,365,22,0,22,387
08/15/2021,HPN,NY,AEA,EN,Towers with Radar,45,164,134,0,343,0,50,152,0,202,45,214,286,0,545,10,0,10,555
08/16/2021,HPN,NY,AEA,EN,Towers with Radar,48,149,103,0,300,0,44,179,0,223,48,193,282,0,523,30,0,30,553
08/17/2021,HPN,NY,AEA,EN,Towers with Radar,37,126,101,0,264,0,25,132,0,157,37,151,233,0,421,56,0,56,477
08/18/2021,HPN,NY,AEA,EN,Towers with Radar,33,177,113,0,323,0,5,37,0,42,33,182,150,0,365,0,0,0,365
08/19/2021,HPN,NY,AEA,EN,Towers with Radar,45,189,127,0,361,0,10,68,0,78,45,199,195,0,439,52,0,52,491
08/20/2021,HPN,NY,AEA,EN,Towers with Radar,48,147,144,0,339,0,30,130,0,160,48,177,274,0,499,118,0,118,617
08/21/2021,HPN,NY,AEA,EN,Towers with Radar,37,230,169,0,436,0,19,75,0,94,37,249,244,0,530,6,0,6,536
08/22/2021,HPN,NY,AEA,EN,Towers with Radar,29,45,17,0,91,0,0,0,0,0,29,45,17,0,91,0,0,0,91
08/23/2021,HPN,NY,AEA,EN,Towers with Radar,49,181,113,0,343,0,4,10,0,14,49,185,123,0,357,10,0,10,367
08/24/2021,HPN,NY,AEA,EN,Towers with Radar,40,141,115,0,296,0,40,181,0,221,40,181,296,0,517,18,0,18,535
08/25/2021,HPN,NY,AEA,EN,Towers with Radar,35,160,83,0,278,0,38,175,0,213,35,198,258,0,491,36,0,36,527
08/26/2021,HPN,NY,AEA,EN,Towers with Radar,51,155,94,0,300,0,39,169,0,208,51,194,263,0,508,42,0,42,550
08/27/2021,HPN,NY,AEA,EN,Towers with Radar,49,154,86,0,289,0,46,127,0,173,49,200,213,0,462,0,0,0,462
08/28/2021,HPN,NY,AEA,EN,Towers with Radar,36,126,89,0,251,0,8,62,0,70,36,134,151,0,321,16,0,16,337
08/29/2021,HPN,NY,AEA,EN,Towers with Radar,53,216,162,0,431,0,3,39,0,42,53,219,201,0,473,0,0,0,473
08/30/2021,HPN,NY,AEA,EN,Towers with Radar,44,175,95,0,314,0,5,54,0,59,44,180,149,0,373,26,0,26,399
08/31/2021,HPN,NY,AEA,EN,Towers with Radar,38,119,123,0,280,0,29,198,2,229,38,148,321,2,509,44,0,44,553
09/01/2021,HPN,NY,AEA,EN,Towers with Radar,30,113,87,0,230,0,1,5,0,6,30,114,92,0,236,0,0,0,236
09/02/2021,HPN,NY,AEA,EN,Towers with Radar,52,207,144,0,403,0,51,148,0,199,52,258,292,0,602,2,0,2,604
09/03/2021,HPN,NY,AEA,EN,Towers with Radar,50,207,172,0,429,0,82,211,1,294,50,289,383,1,723,20,0,20,743
09/04/2021,HPN,NY,AEA,EN,Towers with Radar,41,113,98,0,252,0,29,226,0,255,41,142,324,0,507,94,0,94,601
09/05/2021,HPN,NY,AEA,EN,Towers with Radar,38,143,93,0,274,0,18,60,0,78,38,161,153,0,352,8,0,8,360
09/06/2021,HPN,NY,AEA,EN,Towers with Radar,50,172,137,0,359,0,67,149,0,216,50,239,286,0,575,22,0,22,597
09/07/2021,HPN,NY,AEA,EN,Towers with Radar,35,151,112,0,298,0,55,118,1,174,35,206,230,1,472,22,0,22,494
09/08/2021,HPN,NY,AEA,EN,Towers with Radar,35,104,86,0,225,0,21,97,0,118,35,125,183,0,343,0,0,0,343
09/09/2021,HPN,NY,AEA,EN,Towers with Radar,50,158,149,0,357,0,2,10,0,12,50,160,159,0,369,0,0,0,369
09/10/2021,HPN,NY,AEA,EN,Towers with Radar,46,140,110,0,296,0,32,148,0,180,46,172,258,0,476,3,0,3,479
09/11/2021,HPN,NY,AEA,EN,Towers with Radar,36,107,82,0,225,0,16,136,0,152,36,123,218,0,377,0,0,0,377
09/12/2021,HPN,NY,AEA,EN,Towers with Radar,52,193,116,0,361,0,37,138,0,175,52,230,254,0,536,0,0,0,536
09/13/2021,HPN,NY,AEA,EN,Towers with Radar,50,117,93,0,260,0,27,144,0,171,50,144,237,0,431,32,0,32,463
09/14/2021,HPN,NY,AEA,EN,Towers with Radar,41,91,72,0,204,0,18,153,0,171,41,109,225,0,375,40,0,40,415
09/15/2021,HPN,NY,AEA,EN,Towers with Radar,36,126,95,0,257,0,13,89,0,102,36,139,184,0,359,74,0,74,433
09/16/2021,HPN,NY,AEA,EN,Towers with Radar,50,161,149,0,360,0,10,64,4,78,50,171,213,4,438,50,0,50,488
09/17/2021,HPN,NY,AEA,EN,Towers with Radar,52,175,166,0,393,0,0,15,0,15,52,175,181,0,408,2,0,2,410
09/18/2021,HPN,NY,AEA,EN,Towers with Radar,37,104,94,0,235,0,12,152,0,164,37,116,246,0,399,98,0,98,497
09/19/2021,HPN,NY,AEA,EN,Towers with Radar,52,151,113,0,316,0,53,245,1,299,52,204,358,1,615,66,0,66,681
09/20/2021,HPN,NY,AEA,EN,Towers with Radar,65,108,108,1,282,0,25,157,0,182,65,133,265,1,464,0,0,0,464
09/21/2021,HPN,NY,AEA,EN,Towers with Radar,43,137,116,0,296,0,16,90,4,110,43,153,206,4,406,24,0,24,430
09/22/2021,HPN,NY,AEA,EN,Towers with Radar,39,157,124,2,322,0,8,50,0,58,39,165,174,2,380,6,0,6,386
09/23/2021,HPN,NY,AEA,EN,Towers with Radar,33,159,160,0,352,0,4,22,0,26,33,163,182,0,378,4,0,4,382
09/24/2021,HPN,NY,AEA,EN,Towers with Radar,43,229,149,0,421,0,29,159,0,188,43,258,308,0,609,48,0,48,657
09/25/2021,HPN,NY,AEA,EN,Towers with Radar,35,107,76,0,218,0,18,175,0,193,35,125,251,0,411,74,0,74,485
09/26/2021,HPN,NY,AEA,EN,Towers with Radar,47,212,152,0,411,0,36,217,0,253,47,248,369,0,664,50,0,50,714
09/27/2021,HPN,NY,AEA,EN,Towers with Radar,45,134,77,0,256,0,18,138,2,158,45,152,215,2,414,29,0,29,443
09/28/2021,HPN,NY,AEA,EN,Towers with Radar,43,115,91,0,249,0,11,74,0,85,43,126,165,0,334,16,0,16,350
09/29/2021,HPN,NY,AEA,EN,Towers with Radar,36,125,104,0,265,0,17,120,0,137,36,142,224,0,402,0,0,0,402
09/30/2021,HPN,NY,AEA,EN,Towers with Radar,53,129,131,0,313,0,20,101,0,121,53,149,232,0,434,0,0,0,434
10/01/2021,HPN,NY,AEA,EN,Towers with Radar,48,151,139,0,338,0,22,164,1,187,48,173,303,1,525,58,0,58,583
10/02/2021,HPN,NY,AEA,EN,Towers with Radar,39,101,78,0,218,0,18,171,0,189,39,119,249,0,407,144,0,144,551
10/03/2021,HPN,NY,AEA,EN,Towers with Radar,50,200,158,0,408,0,23,182,0,205,50,223,340,0,613,104,0,104,717
10/04/2021,HPN,NY,AEA,EN,Towers with Radar,49,133,123,0,305,0,0,0,0,0,49,133,123,0,305,0,0,0,305
10/05/2021,HPN,NY,AEA,EN,Towers with Radar,40,157,146,0,343,0,1,26,0,27,40,158,172,0,370,0,0,0,370
10/06/2021,HPN,NY,AEA,EN,Towers with Radar,35,132,123,0,290,0,9,95,0,104,35,141,218,0,394,84,0,84,478
10/07/2021,HPN,NY,AEA,EN,Towers with Radar,50,132,143,0,325,0,29,131,0,160,50,161,274,0,485,60,0,60,545
10/08/2021,HPN,NY,AEA,EN,Towers with Radar,53,180,158,0,391,0,36,215,0,251,53,216,373,0,642,40,0,40,682
10/09/2021,HPN,NY,AEA,EN,Towers with Radar,36,120,112,0,268,0,1,25,0,26,36,121,137,0,294,24,0,24,318
10/10/2021,HPN,NY,AEA,EN,Towers with Radar,55,157,149,0,361,0,0,5,0,5,55,157,154,0,366,0,0,0,366
10/11/2021,HPN,NY,AEA,EN,Towers with Radar,51,167,130,0,348,0,32,126,0,158,51,199,256,0,506,0,0,0,506
10/12/2021,HPN,NY,AEA,EN,Towers with Radar,48,121,101,0,270,0,18,111,0,129,48,139,212,0,399,8,0,8,407
10/13/2021,HPN,NY,AEA,EN,Towers with Radar,46,140,123,0,309,0,2,38,0,40,46,142,161,0,349,0,0,0,349
10/14/2021,HPN,NY,AEA,EN,Towers with Radar,53,136,110,0,299,0,15,149,0,164,53,151,259,0,463,18,0,18,481
10/15/2021,HPN,NY,AEA,EN,Towers with Radar,49,157,122,0,328,0,17,189,0,206,49,174,311,0,534,70,0,70,604
10/16/2021,HPN,NY,AEA,EN,Towers with Radar,35,95,69,0,199,0,1,62,0,63,35,96,131,0,262,34,0,34,296
10/17/2021,HPN,NY,AEA,EN,Towers with Radar,54,173,127,0,354,0,23,161,0,184,54,196,288,0,538,46,0,46,584
10/18/2021,HPN,NY,AEA,EN,Towers with Radar,50,143,117,0,310,0,12,73,1,86,50,155,190,1,396,28,0,28,424
10/19/2021,HPN,NY,AEA,EN,Towers with Radar,42,114,113,0,269,0,17,94,0,111,42,131,207,0,380,12,0,12,392
10/20/2021,HPN,NY,AEA,EN,Towers with Radar,41,154,133,0,328,0,18,103,0,121,41,172,236,0,449,36,0,36,485
10/21/2021,HPN,NY,AEA,EN,Towers with Radar,60,156,143,0,359,0,12,146,0,158,60,168,289,0,517,36,0,36,553
10/22/2021,HPN,NY,AEA,EN,Towers with Radar,51,157,111,2,321,0,16,118,0,134,51,173,229,2,455,24,0,24,479
10/23/2021,HPN,NY,AEA,EN,Towers with Radar,36,122,90,0,248,0,6,135,0,141,36,128,225,0,389,32,0,32,421
10/24/2021,HPN,NY,AEA,EN,Towers with Radar,48,192,133,0,373,0,13,160,0,173,48,205,293,0,546,206,0,206,752
10/25/2021,HPN,NY,AEA,EN,Towers with Radar,47,165,146,0,358,0,3,42,0,45,47,168,188,0,403,0,0,0,403
10/26/2021,HPN,NY,AEA,EN,Towers with Radar,46,96,94,0,236,0,0,2,0,2,46,96,96,0,238,0,0,0,238
10/27/2021,HPN,NY,AEA,EN,Towers with Radar,41,123,103,1,268,0,2,29,3,34,41,125,132,4,302,2,0,2,304
10/28/2021,HPN,NY,AEA,EN,Towers with Radar,51,131,126,0,308,0,10,151,0,161,51,141,277,0,469,26,0,26,495
10/29/2021,HPN,NY,AEA,EN,Towers with Radar,49,126,116,0,291,0,4,62,0,66,49,130,178,0,357,28,0,28,385
10/30/2021,HPN,NY,AEA,EN,Towers with Radar,37,89,75,0,201,0,1,4,0,5,37,90,79,0,206,0,0,0,206
10/31/2021,HPN,NY,AEA,EN,Towers with Radar,47,127,141,0,315,0,19,80,0,99,47,146,221,0,414,42,0,42,456
11/01/2021,HPN,NY,AEA,EN,Towers with Radar,52,117,94,0,263,0,10,125,1,136,52,127,219,1,399,36,0,36,435
11/02/2021,HPN,NY,AEA,EN,Towers with Radar,51,82,74,0,207,0,4,101,0,105,51,86,175,0,312,46,0,46,358
11/03/2021,HPN,NY,AEA,EN,Towers with Radar,54,118,90,0,262,0,13,147,0,160,54,131,237,0,422,50,0,50,472
11/04/2021,HPN,NY,AEA,EN,Towers with Radar,60,141,101,0,302,0,14,112,0,126,60,155,213,0,428,58,0,58,486
11/05/2021,HPN,NY,AEA,EN,Towers with Radar,60,122,130,0,312,0,13,178,0,191,60,135,308,0,503,32,0,32,535
11/06/2021,HPN,NY,AEA,EN,Towers with Radar,47,109,93,0,249,0,7,171,0,178,47,116,264,0,427,74,0,74,501
11/07/2021,HPN,NY,AEA,EN,Towers with Radar,56,200,163,0,419,0,64,105,0,169,56,264,268,0,588,102,0,102,690
11/08/2021,HPN,NY,AEA,EN,Towers with Radar,59,114,105,0,278,0,14,132,0,146,59,128,237,0,424,6,0,6,430
11/09/2021,HPN,NY,AEA,EN,Towers with Radar,45,103,96,0,244,0,15,148,0,163,45,118,244,0,407,70,0,70,477
11/10/2021,HPN,NY,AEA,EN,Towers with Radar,54,125,103,0,282,0,11,121,1,133,54,136,224,1,415,20,0,20,435
11/11/2021,HPN,NY,AEA,EN,Towers with Radar,58,125,124,0,307,0,9,139,0,148,58,134,263,0,455,24,0,24,479
11/12/2021,HPN,NY,AEA,EN,Towers with Radar,62,145,97,0,304,0,5,49,0,54,62,150,146,0,358,56,0,56,414
11/13/2021,HPN,NY,AEA,EN,Towers with Radar,47,98,72,0,217,0,11,83,0,94,47,109,155,0,311,24,0,24,335
11/14/2021,HPN,NY,AEA,EN,Towers with Radar,57,181,120,0,358,0,20,173,0,193,57,201,293,0,551,56,0,56,607
11/15/2021,HPN,NY,AEA,EN,Towers with Radar,57,112,106,0,275,0,5,61,0,66,57,117,167,0,341,12,0,12,353
11/16/2021,HPN,NY,AEA,EN,Towers with Radar,48,131,97,0,276,0,18,112,0,130,48,149,209,0,406,8,0,8,414
11/17/2021,HPN,NY,AEA,EN,Towers with Radar,51,125,117,0,293,1,12,129,0,142,52,137,246,0,435,8,0,8,443
11/18/2021,HPN,NY,AEA,EN,Towers with Radar,65,146,124,0,335,0,11,145,0,156,65,157,269,0,491,0,0,0,491
11/19/2021,HPN,NY,AEA,EN,Towers with Radar,62,142,130,2,336,0,15,91,0,106,62,157,221,2,442,16,0,16,458
11/20/2021,HPN,NY,AEA,EN,Towers with Radar,40,132,110,1,283,1,81,108,0,190,41,213,218,1,473,122,0,122,595
11/21/2021,HPN,NY,AEA,EN,Towers with Radar,53,172,150,0,375,0,13,152,0,165,53,185,302,0,540,112,0,112,652
11/22/2021,HPN,NY,AEA,EN,Towers with Radar,53,121,111,0,285,0,3,63,0,66,53,124,174,0,351,0,0,0,351
11/23/2021,HPN,NY,AEA,EN,Towers with Radar,54,190,155,0,399,0,25,113,0,138,54,215,268,0,537,6,0,6,543
11/24/2021,HPN,NY,AEA,EN,Towers with Radar,56,190,125,0,371,0,52,150,0,202,56,242,275,0,573,34,0,34,607
11/25/2021,HPN,NY,AEA,EN,Towers with Radar,35,75,36,0,146,0,13,60,0,73,35,88,96,0,219,10,0,10,229
11/26/2021,HPN,NY,AEA,EN,Towers with Radar,54,119,74,0,247,0,2,17,0,19,54,121,91,0,266,0,0,0,266
11/27/2021,HPN,NY,AEA,EN,Towers with Radar,52,185,102,0,339,0,12,59,0,71,52,197,161,0,410,2,0,2,412
11/28/2021,HPN,NY,AEA,EN,Towers with Radar,60,262,212,0,534,0,48,61,0,109,60,310,273,0,643,0,0,0,643
11/29/2021,HPN,NY,AEA,EN,Towers with Radar,63,161,136,0,360,0,13,141,0,154,63,174,277,0,514,6,0,6,520
11/30/2021,HPN,NY,AEA,EN,Towers with Radar,50,136,98,0,284,0,4,86,3,93,50,140,184,3,377,26,0,26,403
12/01/2021,HPN,NY,AEA,EN,Towers with Radar,60,139,126,0,325,0,12,107,0,119,60,151,233,0,444,38,0,38,482
12/02/2021,HPN,NY,AEA,EN,Towers with Radar,66,130,108,0,304,0,7,128,0,135,66,137,236,0,439,6,0,6,445
12/03/2021,HPN,NY,AEA,EN,Towers with Radar,64,133,115,0,312,0,21,102,0,123,64,154,217,0,435,2,0,2,437
12/04/2021,HPN,NY,AEA,EN,Towers with Radar,49,116,68,0,233,0,32,119,0,151,49,148,187,0,384,6,0,6,390
12/05/2021,HPN,NY,AEA,EN,Towers with Radar,60,165,128,0,353,0,33,217,0,250,60,198,345,0,603,70,0,70,673
12/06/2021,HPN,NY,AEA,EN,Towers with Radar,59,150,110,0,319,0,0,8,0,8,59,150,118,0,327,0,0,0,327
12/07/2021,HPN,NY,AEA,EN,Towers with Radar,55,115,103,0,273,0,8,139,1,148,55,123,242,1,421,0,0,0,421
12/08/2021,HPN,NY,AEA,EN,Towers with Radar,57,130,102,1,290,0,1,44,0,45,57,131,146,1,335,6,0,6,341
12/09/2021,HPN,NY,AEA,EN,Towers with Radar,64,130,100,0,294,0,7,145,0,152,64,137,245,0,446,50,0,50,496
12/10/2021,HPN,NY,AEA,EN,Towers with Radar,64,146,125,0,335,0,11,108,0,119,64,157,233,0,454,4,0,4,458
12/11/2021,HPN,NY,AEA,EN,Towers with Radar,39,65,32,0,136,0,0,0,0,0,39,65,32,0,136,0,0,0,136
12/12/2021,HPN,NY,AEA,EN,Towers with Radar,61,126,94,1,282,1,10,100,0,111,62,136,194,1,393,30,0,30,423
12/13/2021,HPN,NY,AEA,EN,Towers with Radar,60,107,103,0,270,0,18,112,0,130,60,125,215,0,400,72,0,72,472
12/14/2021,HPN,NY,AEA,EN,Towers with Radar,54,101,105,0,260,0,5,103,0,108,54,106,208,0,368,46,0,46,414
12/15/2021,HPN,NY,AEA,EN,Towers with Radar,61,139,104,0,304,0,5,116,1,122,61,144,220,1,426,26,0,26,452
12/16/2021,HPN,NY,AEA,EN,Towers with Radar,59,157,133,0,349,0,11,108,0,119,59,168,241,0,468,4,0,4,472
12/17/2021,HPN,NY,AEA,EN,Towers with Radar,58,154,123,1,336,0,16,105,0,121,58,170,228,1,457,0,0,0,457
12/18/2021,HPN,NY,AEA,EN,Towers with Radar,44,170,100,0,314,0,2,1,0,3,44,172,101,0,317,0,0,0,317
12/19/2021,HPN,NY,AEA,EN,Towers with Radar,49,138,129,0,316,1,21,101,0,123,50,159,230,0,439,0,0,0,439
12/20/2021,HPN,NY,AEA,EN,Towers with Radar,58,146,83,0,287,0,6,110,4,120,58,152,193,4,407,0,0,0,407
12/21/2021,HPN,NY,AEA,EN,Towers with Radar,56,104,103,0,263,0,8,110,1,119,56,112,213,1,382,42,0,42,424
12/22/2021,HPN,NY,AEA,EN,Towers with Radar,60,142,122,4,328,0,10,47,0,57,60,152,169,4,385,0,0,0,385
12/23/2021,HPN,NY,AEA,EN,Towers with Radar,54,140,116,0,310,0,10,99,0,109,54,150,215,0,419,12,0,12,431
12/24/2021,HPN,NY,AEA,EN,Towers with Radar,43,107,95,0,245,0,2,23,0,25,43,109,118,0,270,8,0,8,278
12/25/2021,HPN,NY,AEA,EN,Towers with Radar,35,149,44,0,228,0,0,0,0,0,35,149,44,0,228,0,0,0,228
12/26/2021,HPN,NY,AEA,EN,Towers with Radar,47,180,163,0,390,0,11,119,1,131,47,191,282,1,521,2,0,2,523
12/27/2021,HPN,NY,AEA,EN,Towers with Radar,53,169,128,0,350,0,7,80,0,87,53,176,208,0,437,0,0,0,437
12/28/2021,HPN,NY,AEA,EN,Towers with Radar,52,137,84,0,273,0,4,74,0,78,52,141,158,0,351,2,0,2,353
12/29/2021,HPN,NY,AEA,EN,Towers with Radar,49,113,86,0,248,0,0,1,0,1,49,113,87,0,249,0,0,0,249
12/30/2021,HPN,NY,AEA,EN,Towers with Radar,54,120,76,0,250,0,1,5,0,6,54,121,81,0,256,0,0,0,256
12/31/2021,HPN,NY,AEA,EN,Towers with Radar,44,110,68,0,222,0,0,24,0,24,44,110,92,0,246,0,0,0,246
01/01/2022,HPN,NY,AEA,EN,Towers with Radar,28,103,69,0,200,0,0,0,0,0,28,103,69,0,200,0,0,0,200
01/02/2022,HPN,NY,AEA,EN,Towers with Radar,54,224,199,0,477,0,0,13,0,13,54,224,212,0,490,0,0,0,490
01/03/2022,HPN,NY,AEA,EN,Towers with Radar,47,192,114,0,353,0,6,58,0,64,47,198,172,0,417,4,0,4,421
01/04/2022,HPN,NY,AEA,EN,Towers with Radar,47,120,96,0,263,0,6,127,0,133,47,126,223,0,396,2,0,2,398
01/05/2022,HPN,NY,AEA,EN,Towers with Radar,64,91,67,0,222,0,0,1,0,1,64,91,68,0,223,0,0,0,223
01/06/2022,HPN,NY,AEA,EN,Towers with Radar,58,102,86,0,246,0,8,79,0,87,58,110,165,0,333,2,0,2,335
01/07/2022,HPN,NY,AEA,EN,Towers with Radar,61,74,39,0,174,0,2,24,0,26,61,76,63,0,200,0,0,0,200
01/08/2022,HPN,NY,AEA,EN,Towers with Radar,50,113,89,0,252,0,6,128,0,134,50,119,217,0,386,98,0,98,484
01/09/2022,HPN,NY,AEA,EN,Towers with Radar,65,119,94,0,278,0,0,4,0,4,65,119,98,0,282,0,0,0,282
01/10/2022,HPN,NY,AEA,EN,Towers with Radar,66,101,43,2,212,0,0,44,0,44,66,101,87,2,256,24,0,24,280
01/11/2022,HPN,NY,AEA,EN,Towers with Radar,65,70,61,0,196,0,7,75,0,82,65,77,136,0,278,48,0,48,326
01/12/2022,HPN,NY,AEA,EN,Towers with Radar,60,100,66,0,226,0,8,101,0,109,60,108,167,0,335,26,0,26,361
01/13/2022,HPN,NY,AEA,EN,Towers with Radar,69,147,110,4,330,0,5,104,0,109,69,152,214,4,439,46,0,46,485
01/14/2022,HPN,NY,AEA,EN,Towers with Radar,70,122,105,0,297,0,10,67,0,77,70,132,172,0,374,4,0,4,378
01/15/2022,HPN,NY,AEA,EN,Towers with Radar,55,93,54,0,202,0,8,80,0,88,55,101,134,0,290,46,0,46,336
01/16/2022,HPN,NY,AEA,EN,Towers with Radar,43,81,57,0,181,0,3,122,0,125,43,84,179,0,306,60,0,60,366
01/17/2022,HPN,NY,AEA,EN,Towers with Radar,63,141,96,0,300,0,0,10,0,10,63,141,106,0,310,0,0,0,310
01/18/2022,HPN,NY,AEA,EN,Towers with Radar,70,108,93,0,271,0,8,52,0,60,70,116,145,0,331,8,0,8,339
01/19/2022,HPN,NY,AEA,EN,Towers with Radar,64,86,86,0,236,0,7,96,0,103,64,93,182,0,339,74,0,74,413
01/20/2022,HPN,NY,AEA,EN,Towers with Radar,68,99,64,0,231,0,5,45,0,50,68,104,109,0,281,0,0,0,281
01/21/2022,HPN,NY,AEA,EN,Towers with Radar,65,101,68,2,236,0,7,77,0,84,65,108,145,2,320,20,0,20,340
01/22/2022,HPN,NY,AEA,EN,Towers with Radar,60,83,46,0,189,0,4,90,0,94,60,87,136,0,283,46,0,46,329
01/23/2022,HPN,NY,AEA,EN,Towers with Radar,64,137,87,1,289,0,6,99,1,106,64,143,186,2,395,24,0,24,419
01/24/2022,HPN,NY,AEA,EN,Towers with Radar,67,92,63,0,222,0,0,72,0,72,67,92,135,0,294,32,0,32,326
01/25/2022,HPN,NY,AEA,EN,Towers with Radar,62,92,65,0,219,0,2,63,1,66,62,94,128,1,285,62,0,62,347
01/26/2022,HPN,NY,AEA,EN,Towers with Radar,68,79,83,0,230,0,6,90,0,96,68,85,173,0,326,10,0,10,336
01/27/2022,HPN,NY,AEA,EN,Towers with Radar,71,128,112,0,311,0,6,128,0,134,71,134,240,0,445,38,0,38,483
01/28/2022,HPN,NY,AEA,EN,Towers with Radar,58,129,86,0,273,0,3,16,0,19,58,132,102,0,292,12,0,12,304
01/29/2022,HPN,NY,AEA,EN,Towers with Radar,6,15,15,0,36,0,0,0,0,0,6,15,15,0,36,0,0,0,36
01/30/2022,HPN,NY,AEA,EN,Towers with Radar,42,177,109,0,328,0,6,79,0,85,42,183,188,0,413,32,0,32,445
01/31/2022,HPN,NY,AEA,EN,Towers with Radar,51,116,81,0,248,0,11,101,0,112,51,127,182,0,360,20,0,20,380
02/01/2022,HPN,NY,AEA,EN,Towers with Radar,63,118,104,0,285,0,6,84,0,90,63,124,188,0,375,16,0,16,391
02/02/2022,HPN,NY,AEA,EN,Towers with Radar,58,95,97,0,250,0,1,34,0,35,58,96,131,0,285,2,0,2,287
02/03/2022,HPN,NY,AEA,EN,Towers with Radar,54,126,70,0,250,0,0,0,0,0,54,126,70,0,250,6,0,6,256
02/04/2022,HPN,NY,AEA,EN,Towers with Radar,33,65,23,0,121,0,0,0,0,0,33,65,23,0,121,0,0,0,121
02/05/2022,HPN,NY,AEA,EN,Towers with Radar,54,103,54,0,211,0,0,45,0,45,54,103,99,0,256,26,0,26,282
02/06/2022,HPN,NY,AEA,EN,Towers with Radar,60,131,88,0,279,0,7,125,0,132,60,138,213,0,411,26,0,26,437
02/07/2022,HPN,NY,AEA,EN,Towers with Radar,63,104,61,0,228,0,0,0,0,0,63,104,61,0,228,0,0,0,228
02/08/2022,HPN,NY,AEA,EN,Towers with Radar,59,103,85,0,247,0,2,78,0,80,59,105,163,0,327,54,0,54,381
02/09/2022,HPN,NY,AEA,EN,Towers with Radar,60,124,108,0,292,0,8,173,3,184,60,132,281,3,476,32,0,32,508
02/10/2022,HPN,NY,AEA,EN,Towers with Radar,63,128,91,0,282,0,4,64,0,68,63,132,155,0,350,4,0,4,354
02/11/2022,HPN,NY,AEA,EN,Towers with Radar,64,131,91,0,286,0,8,132,0,140,64,139,223,0,426,36,0,36,462
02/12/2022,HPN,NY,AEA,EN,Towers with Radar,53,68,68,0,189,0,3,151,0,154,53,71,219,0,343,18,0,18,361
02/13/2022,HPN,NY,AEA,EN,Towers with Radar,58,109,90,0,257,0,1,9,0,10,58,110,99,0,267,0,0,0,267
02/14/2022,HPN,NY,AEA,EN,Towers with Radar,62,93,47,0,202,0,7,35,0,42,62,100,82,0,244,8,0,8,252
02/15/2022,HPN,NY,AEA,EN,Towers with Radar,57,100,95,0,252,0,5,121,0,126,57,105,216,0,378,6,0,6,384
02/16/2022,HPN,NY,AEA,EN,Towers with Radar,61,161,121,0,343,0,6,97,0,103,61,167,218,0,446,42,0,42,488
02/17/2022,HPN,NY,AEA,EN,Towers with Radar,64,193,136,0,393,0,5,43,0,48,64,198,179,0,441,0,0,0,441
02/18/2022,HPN,NY,AEA,EN,Towers with Radar,70,205,136,0,411,0,10,23,0,33,70,215,159,0,444,2,0,2,446
02/19/2022,HPN,NY,AEA,EN,Towers with Radar,54,119,96,0,269,0,2,46,0,48,54,121,142,0,317,18,0,18,335
02/20/2022,HPN,NY,AEA,EN,Towers with Radar,64,113,92,0,269,0,8,143,1,152,64,121,235,1,421,10,0,10,431
02/21/2022,HPN,NY,AEA,EN,Towers with Radar,66,213,162,0,441,0,14,154,0,168,66,227,316,0,609,46,0,46,655
02/22/2022,HPN,NY,AEA,EN,Towers with Radar,67,169,112,0,348,0,0,2,0,2,67,169,114,0,350,2,0,2,352
02/23/2022,HPN,NY,AEA,EN,Towers with Radar,64,131,97,0,292,0,2,60,0,62,64,133,157,0,354,28,0,28,382
02/24/2022,HPN,NY,AEA,EN,Towers with Radar,65,138,89,0,292,0,3,91,0,94,65,141,180,0,386,80,0,80,466
02/25/2022,HPN,NY,AEA,EN,Towers with Radar,52,83,52,0,187,0,0,3,0,3,52,83,55,0,190,0,0,0,190
02/26/2022,HPN,NY,AEA,EN,Towers with Radar,55,124,112,0,291,0,5,147,0,152,55,129,259,0,443,100,0,100,543
02/27/2022,HPN,NY,AEA,EN,Towers with Radar,59,189,144,0,392,0,6,111,0,117,59,195,255,0,509,0,0,0,509
02/28/2022,HPN,NY,AEA,EN,Towers with Radar,60,112,83,0,255,0,6,90,0,96,60,118,173,0,351,0,0,0,351
03/01/2022,HPN,NY,AEA,EN,Towers with Radar,59,120,98,0,277,0,22,53,0,75,59,142,151,0,352,52,0,52,404
03/02/2022,HPN,NY,AEA,EN,Towers with Radar,55,106,91,0,252,0,20,133,2,155,55,126,224,2,407,27,0,27,434
03/03/2022,HPN,NY,AEA,EN,Towers with Radar,64,102,87,0,253,0,3,63,0,66,64,105,150,0,319,0,0,0,319
03/04/2022,HPN,NY,AEA,EN,Towers with Radar,66,113,87,0,266,0,12,149,0,161,66,125,236,0,427,6,0,6,433
03/05/2022,HPN,NY,AEA,EN,Towers with Radar,52,102,86,0,240,0,4,148,0,152,52,106,234,0,392,8,0,8,400
03/06/2022,HPN,NY,AEA,EN,Towers with Radar,61,140,136,0,337,0,4,15,0,19,61,144,151,0,356,0,0,0,356
03/07/2022,HPN,NY,AEA,EN,Towers with Radar,62,104,76,0,242,0,5,37,0,42,62,109,113,0,284,0,0,0,284
03/08/2022,HPN,NY,AEA,EN,Towers with Radar,61,121,92,0,274,0,5,47,0,52,61,126,139,0,326,0,0,0,326
03/09/2022,HPN,NY,AEA,EN,Towers with Radar,59,98,65,0,222,0,1,4,0,5,59,99,69,0,227,0,0,0,227
03/10/2022,HPN,NY,AEA,EN,Towers with Radar,61,119,115,0,295,0,3,101,0,104,61,122,216,0,399,40,0,40,439
03/11/2022,HPN,NY,AEA,EN,Towers with Radar,60,183,143,0,386,0,6,138,1,145,60,189,281,1,531,16,0,16,547
03/12/2022,HPN,NY,AEA,EN,Towers with Radar,40,118,69,0,227,0,0,1,0,1,40,118,70,0,228,0,0,0,228
03/13/2022,HPN,NY,AEA,EN,Towers with Radar,59,149,121,0,329,0,1,77,0,78,59,150,198,0,407,10,0,10,417
03/14/2022,HPN,NY,AEA,EN,Towers with Radar,59,133,94,0,286,0,4,90,4,98,59,137,184,4,384,12,0,12,396
03/15/2022,HPN,NY,AEA,EN,Towers with Radar,61,92,88,0,241,0,4,113,0,117,61,96,201,0,358,14,0,14,372
03/16/2022,HPN,NY,AEA,EN,Towers with Radar,64,109,99,0,272,0,0,127,0,127,64,109,226,0,399,0,0,0,399
03/17/2022,HPN,NY,AEA,EN,Towers with Radar,56,101,97,0,254,0,0,0,0,0,56,101,97,0,254,0,0,0,254
03/18/2022,HPN,NY,AEA,EN,Towers with Radar,68,161,119,0,348,0,5,117,0,122,68,166,236,0,470,16,0,16,486
03/19/2022,HPN,NY,AEA,EN,Towers with Radar,52,94,83,0,229,0,1,13,0,14,52,95,96,0,243,0,0,0,243
03/20/2022,HPN,NY,AEA,EN,Towers with Radar,58,172,127,0,357,0,3,120,0,123,58,175,247,0,480,26,0,26,506
03/21/2022,HPN,NY,AEA,EN,Towers with Radar,66,133,97,0,296,0,5,85,1,91,66,138,182,1,387,20,0,20,407
03/22/2022,HPN,NY,AEA,EN,Towers with Radar,66,98,90,0,254,0,5,96,0,101,66,103,186,0,355,28,0,28,383
03/23/2022,HPN,NY,AEA,EN,Towers with Radar,56,110,85,0,251,0,3,47,0,50,56,113,132,0,301,0,0,0,301
03/24/2022,HPN,NY,AEA,EN,Towers with Radar,60,114,77,0,251,0,0,0,0,0,60,114,77,0,251,0,0,0,251
03/25/2022,HPN,NY,AEA,EN,Towers with Radar,69,147,87,0,303,0,3,148,0,151,69,150,235,0,454,76,0,76,530
03/26/2022,HPN,NY,AEA,EN,Towers with Radar,49,137,92,0,278,0,4,83,0,87,49,141,175,0,365,16,0,16,381
03/27/2022,HPN,NY,AEA,EN,Towers with Radar,63,242,138,0,443,0,19,37,0,56,63,261,175,0,499,0,0,0,499
03/28/2022,HPN,NY,AEA,EN,Towers with Radar,67,147,93,0,307,0,1,23,0,24,67,148,116,0,331,6,0,6,337
03/29/2022,HPN,NY,AEA,EN,Towers with Radar,63,92,78,0,233,0,9,62,0,71,63,101,140,0,304,0,0,0,304
03/30/2022,HPN,NY,AEA,EN,Towers with Radar,65,126,113,0,304,0,9,140,1,150,65,135,253,1,454,0,0,0,454
03/31/2022,HPN,NY,AEA,EN,Towers with Radar,62,118,76,0,256,0,0,6,0,6,62,118,82,0,262,0,0,0,262
04/01/2022,HPN,NY,AEA,EN,Towers with Radar,60,144,111,0,315,0,0,53,0,53,60,144,164,0,368,16,0,16,384
04/02/2022,HPN,NY,AEA,EN,Towers with Radar,41,92,66,0,199,0,4,164,0,168,41,96,230,0,367,18,0,18,385
04/03/2022,HPN,NY,AEA,EN,Towers with Radar,43,151,91,0,285,0,2,12,0,14,43,153,103,0,299,0,0,0,299
04/04/2022,HPN,NY,AEA,EN,Towers with Radar,52,100,95,0,247,0,5,131,2,138,52,105,226,2,385,48,0,48,433
04/05/2022,HPN,NY,AEA,EN,Towers with Radar,58,117,85,0,260,0,5,113,0,118,58,122,198,0,378,46,0,46,424
04/06/2022,HPN,NY,AEA,EN,Towers with Radar,61,117,126,0,304,0,0,0,0,0,61,117,126,0,304,0,0,0,304
04/07/2022,HPN,NY,AEA,EN,Towers with Radar,63,159,146,0,368,0,0,0,0,0,63,159,146,0,368,0,0,0,368
04/08/2022,HPN,NY,AEA,EN,Towers with Radar,51,182,150,0,383,0,5,105,0,110,51,187,255,0,493,24,0,24,517
04/09/2022,HPN,NY,AEA,EN,Towers with Radar,46,133,108,0,287,0,3,71,0,74,46,136,179,0,361,4,0,4,365
04/10/2022,HPN,NY,AEA,EN,Towers with Radar,53,206,190,0,449,0,5,112,0,117,53,211,302,0,566,16,0,16,582
04/11/2022,HPN,NY,AEA,EN,Towers with Radar,60,121,95,0,276,0,5,137,0,142,60,126,232,0,418,28,0,28,446
04/12/2022,HPN,NY,AEA,EN,Towers with Radar,60,116,99,0,275,0,5,89,0,94,60,121,188,0,369,18,0,18,387
04/13/2022,HPN,NY,AEA,EN,Towers with Radar,58,133,92,0,283,0,9,133,0,142,58,142,225,0,425,80,0,80,505
04/14/2022,HPN,NY,AEA,EN,Towers with Radar,61,163,119,0,343,0,7,63,0,70,61,170,182,0,413,0,0,0,413
04/15/2022,HPN,NY,AEA,EN,Towers with Radar,57,131,112,0,300,0,17,145,0,162,57,148,257,0,462,12,0,12,474
04/16/2022,HPN,NY,AEA,EN,Towers with Radar,44,113,81,0,238,0,3,102,0,105,44,116,183,0,343,18,0,18,361
04/17/2022,HPN,NY,AEA,EN,Towers with Radar,55,181,90,0,326,0,8,70,0,78,55,189,160,0,404,6,0,6,410
04/18/2022,HPN,NY,AEA,EN,Towers with Radar,56,156,129,0,341,0,9,95,0,104,56,165,224,0,445,8,0,8,453
04/19/2022,HPN,NY,AEA,EN,Towers with Radar,63,130,71,0,264,0,2,24,0,26,63,132,95,0,290,0,0,0,290
04/20/2022,HPN,NY,AEA,EN,Towers with Radar,63,114,107,0,284,0,12,128,0,140,63,126,235,0,424,12,0,12,436
04/21/2022,HPN,NY,AEA,EN,Towers with Radar,62,116,93,0,271,0,17,115,0,132,62,133,208,0,403,16,0,16,419
04/22/2022,HPN,NY,AEA,EN,Towers with Radar,67,113,109,0,289,0,29,161,0,190,67,142,270,0,479,4,0,4,483
04/23/2022,HPN,NY,AEA,EN,Towers with Radar,57,138,57,0,252,0,10,163,0,173,57,148,220,0,425,34,0,34,459
04/24/2022,HPN,NY,AEA,EN,Towers with Radar,61,177,147,1,386,0,23,189,0,212,61,200,336,1,598,14,0,14,612
04/25/2022,HPN,NY,AEA,EN,Towers with Radar,63,130,89,0,282,0,9,90,0,99,63,139,179,0,381,4,0,4,385
04/26/2022,HPN,NY,AEA,EN,Towers with Radar,65,142,111,0,318,0,0,1,0,1,65,142,112,0,319,0,0,0,319
04/27/2022,HPN,NY,AEA,EN,Towers with Radar,69,160,97,0,326,0,2,53,2,57,69,162,150,2,383,2,0,2,385
04/28/2022,HPN,NY,AEA,EN,Towers with Radar,65,189,131,0,385,0,3,70,0,73,65,192,201,0,458,0,0,0,458
04/29/2022,HPN,NY,AEA,EN,Towers with Radar,59,138,99,0,296,0,21,82,0,103,59,159,181,0,399,0,0,0,399
04/30/2022,HPN,NY,AEA,EN,Towers with Radar,55,108,86,0,249,0,8,191,0,199,55,116,277,0,448,34,0,34,482
05/01/2022,HPN,NY,AEA,EN,Towers with Radar,57,161,120,0,338,0,15,173,0,188,57,176,293,0,526,16,0,16,542
05/02/2022,HPN,NY,AEA,EN,Towers with Radar,67,128,92,0,287,0,1,2,0,3,67,129,94,0,290,0,0,0,290
05/03/2022,HPN,NY,AEA,EN,Towers with Radar,60,129,92,0,281,0,2,62,0,64,60,131,154,0,345,40,0,40,385
05/04/2022,HPN,NY,AEA,EN,Towers with Radar,64,127,119,0,310,0,3,12,0,15,64,130,131,0,325,0,0,0,325
05/05/2022,HPN,NY,AEA,EN,Towers with Radar,70,142,104,0,316,0,17,220,0,237,70,159,324,0,553,112,0,112,665
05/06/2022,HPN,NY,AEA,EN,Towers with Radar,66,186,114,0,366,0,2,13,0,15,66,188,127,0,381,0,0,0,381
05/07/2022,HPN,NY,AEA,EN,Towers with Radar,59,144,62,0,265,0,1,8,0,9,59,145,70,0,274,0,0,0,274
05/08/2022,HPN,NY,AEA,EN,Towers with Radar,62,192,104,0,358,0,11,56,0,67,62,203,160,0,425,2,0,2,427
05/09/2022,HPN,NY,AEA,EN,Towers with Radar,72,154,90,0,316,0,11,56,0,67,72,165,146,0,383,0,0,0,383
05/10/2022,HPN,NY,AEA,EN,Towers with Radar,68,104,93,0,265,0,10,64,0,74,68,114,157,0,339,0,0,0,339
05/11/2022,HPN,NY,AEA,EN,Towers with Radar,68,127,96,0,291,0,12,115,0,127,68,139,211,0,418,0,0,0,418
05/12/2022,HPN,NY,AEA,EN,Towers with Radar,74,180,131,0,385,0,9,76,0,85,74,189,207,0,470,0,0,0,470
05/13/2022,HPN,NY,AEA,EN,Towers with Radar,59,165,123,0,347,0,1,32,0,33,59,166,155,0,380,6,0,6,386
05/14/2022,HPN,NY,AEA,EN,Towers with Radar,60,121,78,0,259,0,1,16,0,17,60,122,94,0,276,14,0,14,290
05/15/2022,HPN,NY,AEA,EN,Towers with Radar,59,159,130,0,348,0,8,73,0,81,59,167,203,0,429,0,0,0,429
05/16/2022,HPN,NY,AEA,EN,Towers with Radar,64,110,100,0,274,0,6,54,0,60,64,116,154,0,334,0,0,0,334
05/17/2022,HPN,NY,AEA,EN,Towers with Radar,71,127,105,0,303,0,10,104,0,114,71,137,209,0,417,0,0,0,417
05/18/2022,HPN,NY,AEA,EN,Towers with Radar,68,148,109,0,325,0,9,162,0,171,68,157,271,0,496,0,0,0,496
05/19/2022,HPN,NY,AEA,EN,Towers with Radar,72,149,127,0,348,0,1,32,0,33,72,150,159,0,381,0,0,0,381
05/20/2022,HPN,NY,AEA,EN,Towers with Radar,63,180,140,1,384,0,3,38,0,41,63,183,178,1,425,0,0,0,425
05/21/2022,HPN,NY,AEA,EN,Towers with Radar,59,96,69,0,224,0,6,167,0,173,59,102,236,0,397,32,0,32,429
05/22/2022,HPN,NY,AEA,EN,Towers with Radar,61,180,121,0,362,0,26,159,0,185,61,206,280,0,547,0,0,0,547
05/23/2022,HPN,NY,AEA,EN,Towers with Radar,69,118,88,0,275,0,17,136,0,153,69,135,224,0,428,12,0,12,440
05/24/2022,HPN,NY,AEA,EN,Towers with Radar,66,103,72,0,241,0,41,92,0,133,66,144,164,0,374,28,0,28,402
05/25/2022,HPN,NY,AEA,EN,Towers with Radar,68,124,99,0,291,0,59,129,0,188,68,183,228,0,479,76,0,76,555
05/26/2022,HPN,NY,AEA,EN,Towers with Radar,68,193,151,0,412,0,44,117,0,161,68,237,268,0,573,38,0,38,611
05/27/2022,HPN,NY,AEA,EN,Towers with Radar,73,178,102,0,353,0,5,15,0,20,73,183,117,0,373,0,0,0,373
05/28/2022,HPN,NY,AEA,EN,Towers with Radar,59,77,74,0,210,0,0,29,0,29,59,77,103,0,239,0,0,0,239
05/29/2022,HPN,NY,AEA,EN,Towers with Radar,65,98,55,0,218,0,18,182,0,200,65,116,237,0,418,18,0,18,436
05/30/2022,HPN,NY,AEA,EN,Towers with Radar,72,146,106,0,324,0,53,169,0,222,72,199,275,0,546,32,0,32,578
05/31/2022,HPN,NY,AEA,EN,Towers with Radar,77,99,80,0,256,0,35,186,1,222,77,134,266,1,478,59,0,59,537
06/01/2022,HPN,NY,AEA,EN,Towers with Radar,68,130,102,0,300,0,4,70,0,74,68,134,172,0,374,12,0,12,386
06/02/2022,HPN,NY,AEA,EN,Towers with Radar,73,161,126,0,360,0,1,25,0,26,73,162,151,0,386,0,0,0,386
06/03/2022,HPN,NY,AEA,EN,Towers with Radar,78,152,120,0,350,0,12,87,0,99,78,164,207,0,449,8,0,8,457
06/04/2022,HPN,NY,AEA,EN,Towers with Radar,56,98,69,4,227,0,14,180,0,194,56,112,249,4,421,84,0,84,505
06/05/2022,HPN,NY,AEA,EN,Towers with Radar,71,153,114,0,338,0,30,213,0,243,71,183,327,0,581,40,0,40,621
06/06/2022,HPN,NY,AEA,EN,Towers with Radar,69,129,104,0,302,0,23,197,0,220,69,152,301,0,522,80,0,80,602
06/07/2022,HPN,NY,AEA,EN,Towers with Radar,70,124,107,0,301,0,9,85,0,94,70,133,192,0,395,32,0,32,427
06/08/2022,HPN,NY,AEA,EN,Towers with Radar,67,127,111,0,305,0,6,109,0,115,67,133,220,0,420,26,0,26,446
06/09/2022,HPN,NY,AEA,EN,Towers with Radar,73,152,113,0,338,0,15,71,0,86,73,167,184,0,424,6,0,6,430
06/10/2022,HPN,NY,AEA,EN,Towers with Radar,69,144,145,1,359,0,42,211,0,253,69,186,356,1,612,97,0,97,709
06/11/2022,HPN,NY,AEA,EN,Towers with Radar,61,98,70,0,229,0,6,156,0,162,61,104,226,0,391,24,0,24,415
06/12/2022,HPN,NY,AEA,EN,Towers with Radar,61,193,142,1,397,0,5,20,0,25,61,198,162,1,422,0,0,0,422
06/13/2022,HPN,NY,AEA,EN,Towers with Radar,69,135,83,0,287,0,21,100,0,121,69,156,183,0,408,148,0,148,556
06/14/2022,HPN,NY,AEA,EN,Towers with Radar,74,125,97,0,296,0,21,162,1,184,74,146,259,1,480,26,0,26,506
06/15/2022,HPN,NY,AEA,EN,Towers with Radar,71,123,122,1,317,0,27,165,0,192,71,150,287,1,509,28,0,28,537
06/16/2022,HPN,NY,AEA,EN,Towers with Radar,71,181,122,0,374,0,3,54,0,57,71,184,176,0,431,0,0,0,431
06/17/2022,HPN,NY,AEA,EN,Towers with Radar,65,167,138,0,370,0,17,99,0,116,65,184,237,0,486,30,0,30,516
06/18/2022,HPN,NY,AEA,EN,Towers with Radar,57,114,71,0,242,0,15,71,1,87,57,129,142,1,329,24,0,24,353
06/19/2022,HPN,NY,AEA,EN,Towers with Radar,67,139,88,0,294,0,24,121,0,145,67,163,209,0,439,2,0,2,441
06/20/2022,HPN,NY,AEA,EN,Towers with Radar,77,137,81,1,296,0,37,217,0,254,77,174,298,1,550,52,0,52,602
06/21/2022,HPN,NY,AEA,EN,Towers with Radar,73,120,121,0,314,0,18,116,0,134,73,138,237,0,448,0,0,0,448
06/22/2022,HPN,NY,AEA,EN,Towers with Radar,65,141,168,0,374,0,0,3,0,3,65,141,171,0,377,0,0,0,377
06/23/2022,HPN,NY,AEA,EN,Towers with Radar,79,181,141,0,401,0,24,100,0,124,79,205,241,0,525,12,0,12,537
06/24/2022,HPN,NY,AEA,EN,Towers with Radar,75,157,94,0,326,0,29,172,0,201,75,186,266,0,527,18,0,18,545
06/25/2022,HPN,NY,AEA,EN,Towers with Radar,68,135,56,0,259,0,18,168,2,188,68,153,224,2,447,82,0,82,529
06/26/2022,HPN,NY,AEA,EN,Towers with Radar,74,172,108,2,356,0,31,187,0,218,74,203,295,2,574,42,0,42,616
06/27/2022,HPN,NY,AEA,EN,Towers with Radar,73,122,113,0,308,0,3,29,0,32,73,125,142,0,340,16,0,16,356
06/28/2022,HPN,NY,AEA,EN,Towers with Radar,78,82,98,0,258,0,20,147,0,167,78,102,245,0,425,86,0,86,511
06/29/2022,HPN,NY,AEA,EN,Towers with Radar,76,119,89,0,284,0,36,146,0,182,76,155,235,0,466,72,0,72,538
06/30/2022,HPN,NY,AEA,EN,Towers with Radar,79,142,106,0,327,0,57,219,0,276,79,199,325,0,603,20,0,20,623
07/01/2022,HPN,NY,AEA,EN,Towers with Radar,80,143,81,2,306,0,55,223,0,278,80,198,304,2,584,6,0,6,590
07/02/2022,HPN,NY,AEA,EN,Towers with Radar,60,107,67,0,234,0,12,53,0,65,60,119,120,0,299,48,0,48,347
07/03/2022,HPN,NY,AEA,EN,Towers with Radar,68,71,51,0,190,0,13,135,1,149,68,84,186,1,339,18,0,18,357
07/04/2022,HPN,NY,AEA,EN,Towers with Radar,74,87,46,0,207,0,44,180,0,224,74,131,226,0,431,40,0,40,471
07/05/2022,HPN,NY,AEA,EN,Towers with Radar,76,140,93,0,309,0,40,135,0,175,76,180,228,0,484,14,0,14,498
07/06/2022,HPN,NY,AEA,EN,Towers with Radar,67,118,85,0,270,0,22,128,0,150,67,140,213,0,420,54,0,54,474
07/07/2022,HPN,NY,AEA,EN,Towers with Radar,75,112,59,0,246,0,49,115,0,164,75,161,174,0,410,46,0,46,456
07/08/2022,HPN,NY,AEA,EN,Towers with Radar,67,156,116,0,339,0,37,126,0,163,67,193,242,0,502,16,0,16,518
07/09/2022,HPN,NY,AEA,EN,Towers with Radar,64,146,115,0,325,0,28,142,0,170,64,174,257,0,495,56,0,56,551
07/10/2022,HPN,NY,AEA,EN,Towers with Radar,79,162,121,0,362,0,51,266,0,317,79,213,387,0,679,56,0,56,735
07/11/2022,HPN,NY,AEA,EN,Towers with Radar,77,145,79,0,301,0,66,148,0,214,77,211,227,0,515,52,0,52,567
07/12/2022,HPN,NY,AEA,EN,Towers with Radar,79,101,77,0,257,0,23,114,0,137,79,124,191,0,394,20,0,20,414
07/13/2022,HPN,NY,AEA,EN,Towers with Radar,76,117,102,0,295,0,17,161,0,178,76,134,263,0,473,48,0,48,521
07/14/2022,HPN,NY,AEA,EN,Towers with Radar,83,179,120,0,382,1,35,166,0,202,84,214,286,0,584,98,0,98,682
07/15/2022,HPN,NY,AEA,EN,Towers with Radar,81,162,97,0,340,0,57,253,0,310,81,219,350,0,650,68,0,68,718
07/16/2022,HPN,NY,AEA,EN,Towers with Radar,61,161,117,0,339,0,10,123,0,133,61,171,240,0,472,32,0,32,504
07/17/2022,HPN,NY,AEA,EN,Towers with Radar,79,192,143,0,414,0,33,204,0,237,79,225,347,0,651,6,0,6,657
07/18/2022,HPN,NY,AEA,EN,Towers with Radar,65,149,90,0,304,0,0,2,0,2,65,149,92,0,306,0,0,0,306
07/19/2022,HPN,NY,AEA,EN,Towers with Radar,76,126,94,0,296,0,45,189,0,234,76,171,283,0,530,68,0,68,598
07/20/2022,HPN,NY,AEA,EN,Towers with Radar,77,96,113,0,286,0,33,172,0,205,77,129,285,0,491,82,0,82,573
07/21/2022,HPN,NY,AEA,EN,Towers with Radar,78,153,104,0,335,0,39,145,1,185,78,192,249,1,520,56,0,56,576
07/22/2022,HPN,NY,AEA,EN,Towers with Radar,78,149,84,0,311,0,46,192,3,241,78,195,276,3,552,46,0,46,598
07/23/2022,HPN,NY,AEA,EN,Towers with Radar,55,158,96,0,309,0,46,158,0,204,55,204,254,0,513,48,0,48,561
07/24/2022,HPN,NY,AEA,EN,Towers with Radar,75,191,158,0,424,0,42,189,0,231,75,233,347,0,655,50,0,50,705
07/25/2022,HPN,NY,AEA,EN,Towers with Radar,72,148,98,0,318,0,16,81,0,97,72,164,179,0,415,8,0,8,423
07/26/2022,HPN,NY,AEA,EN,Towers with Radar,70,147,89,0,306,0,35,75,2,112,70,182,164,2,418,0,0,0,418
07/27/2022,HPN,NY,AEA,EN,Towers with Radar,78,147,130,0,355,0,24,163,0,187,78,171,293,0,542,88,0,88,630
07/28/2022,HPN,NY,AEA,EN,Towers with Radar,83,195,131,0,409,0,23,113,0,136,83,218,244,0,545,36,0,36,581
07/29/2022,HPN,NY,AEA,EN,Towers with Radar,73,179,88,0,340,0,55,231,0,286,73,234,319,0,626,144,0,144,770
07/30/2022,HPN,NY,AEA,EN,Towers with Radar,59,144,100,0,303,0,28,154,0,182,59,172,254,0,485,122,0,122,607
07/31/2022,HPN,NY,AEA,EN,Towers with Radar,75,162,99,0,336,0,53,276,0,329,75,215,375,0,665,52,0,52,717
08/01/2022,HPN,NY,AEA,EN,Towers with Radar,81,137,127,0,345,0,8,62,0,70,81,145,189,0,415,48,0,48,463
08/02/2022,HPN,NY,AEA,EN,Towers with Radar,82,125,93,0,300,0,14,165,0,179,82,139,258,0,479,16,0,16,495
08/03/2022,HPN,NY,AEA,EN,Towers with Radar,74,116,95,0,285,0,25,196,0,221,74,141,291,0,506,50,0,50,556
08/04/2022,HPN,NY,AEA,EN,Towers with Radar,75,127,97,0,299,0,39,201,0,240,75,166,298,0,539,28,0,28,567
08/05/2022,HPN,NY,AEA,EN,Towers with Radar,72,145,85,0,302,0,41,136,0,177,72,186,221,0,479,46,0,46,525
08/06/2022,HPN,NY,AEA,EN,Towers with Radar,60,131,76,0,267,0,27,125,0,152,60,158,201,0,419,110,0,110,529
08/07/2022,HPN,NY,AEA,EN,Towers with Radar,80,173,111,0,364,0,49,130,0,179,80,222,241,0,543,52,0,52,595
08/08/2022,HPN,NY,AEA,EN,Towers with Radar,77,167,104,0,348,0,36,82,0,118,77,203,186,0,466,0,0,0,466
08/09/2022,HPN,NY,AEA,EN,Towers with Radar,80,124,64,0,268,0,23,111,0,134,80,147,175,0,402,94,0,94,496
08/10/2022,HPN,NY,AEA,EN,Towers with Radar,75,135,62,0,272,0,16,129,4,149,75,151,191,4,421,112,0,112,533
08/11/2022,HPN,NY,AEA,EN,Towers with Radar,80,130,96,0,306,0,38,132,0,170,80,168,228,0,476,42,0,42,518
08/12/2022,HPN,NY,AEA,EN,Towers with Radar,78,132,110,0,320,0,49,181,0,230,78,181,291,0,550,60,0,60,610
08/13/2022,HPN,NY,AEA,EN,Towers with Radar,65,160,85,0,310,1,29,188,0,218,66,189,273,0,528,22,0,22,550
08/14/2022,HPN,NY,AEA,EN,Towers with Radar,80,184,100,0,364,0,59,250,0,309,80,243,350,0,673,54,0,54,727
08/15/2022,HPN,NY,AEA,EN,Towers with Radar,76,131,97,0,304,0,42,193,0,235,76,173,290,0,539,62,0,62,601
08/16/2022,HPN,NY,AEA,EN,Towers with Radar,74,116,67,0,257,0,29,126,0,155,74,145,193,0,412,106,0,106,518
08/17/2022,HPN,NY,AEA,EN,Towers with Radar,76,123,85,0,284,0,24,125,1,150,76,147,210,1,434,116,0,116,550
08/18/2022,HPN,NY,AEA,EN,Towers with Radar,86,128,95,0,309,0,41,170,0,211,86,169,265,0,520,62,0,62,582
08/19/2022,HPN,NY,AEA,EN,Towers with Radar,77,157,90,0,324,0,54,180,0,234,77,211,270,0,558,79,0,79,637
08/20/2022,HPN,NY,AEA,EN,Towers with Radar,64,187,75,0,326,0,26,161,0,187,64,213,236,0,513,50,0,50,563
08/21/2022,HPN,NY,AEA,EN,Towers with Radar,77,208,134,0,419,0,38,151,0,189,77,246,285,0,608,2,0,2,610
08/22/2022,HPN,NY,AEA,EN,Towers with Radar,70,174,101,0,345,0,2,13,0,15,70,176,114,0,360,0,0,0,360
08/23/2022,HPN,NY,AEA,EN,Towers with Radar,78,133,82,0,293,0,10,62,0,72,78,143,144,0,365,82,0,82,447
08/24/2022,HPN,NY,AEA,EN,Towers with Radar,77,129,73,0,279,0,23,177,0,200,77,152,250,0,479,98,0,98,577
08/25/2022,HPN,NY,AEA,EN,Towers with Radar,78,122,96,0,296,0,44,230,0,274,78,166,326,0,570,138,0,138,708
08/26/2022,HPN,NY,AEA,EN,Towers with Radar,73,150,91,0,314,0,43,171,0,214,73,193,262,0,528,42,0,42,570
08/27/2022,HPN,NY,AEA,EN,Towers with Radar,67,134,113,0,314,0,30,207,0,237,67,164,320,0,551,32,0,32,583
08/28/2022,HPN,NY,AEA,EN,Towers with Radar,76,179,114,0,369,0,26,141,0,167,76,205,255,0,536,46,0,46,582
08/29/2022,HPN,NY,AEA,EN,Towers with Radar,79,177,103,0,359,0,19,143,0,162,79,196,246,0,521,22,0,22,543
08/30/2022,HPN,NY,AEA,EN,Towers with Radar,76,110,87,0,273,0,22,109,0,131,76,132,196,0,404,12,0,12,416
08/31/2022,HPN,NY,AEA,EN,Towers with Radar,75,127,89,0,291,0,26,151,1,178,75,153,240,1,469,64,0,64,533
09/01/2022,HPN,NY,AEA,EN,Towers with Radar,81,113,102,0,296,0,44,196,0,240,81,157,298,0,536,96,0,96,632
09/02/2022,HPN,NY,AEA,EN,Towers with Radar,78,118,91,0,287,0,50,203,0,253,78,168,294,0,540,66,0,66,606
09/03/2022,HPN,NY,AEA,EN,Towers with Radar,63,80,47,0,190,0,29,200,0,229,63,109,247,0,419,110,0,110,529
09/04/2022,HPN,NY,AEA,EN,Towers with Radar,68,92,51,0,211,0,24,145,0,169,68,116,196,0,380,96,0,96,476
09/05/2022,HPN,NY,AEA,EN,Towers with Radar,77,206,129,0,412,0,12,70,0,82,77,218,199,0,494,78,0,78,572
09/06/2022,HPN,NY,AEA,EN,Towers with Radar,90,150,79,0,319,0,0,0,0,0,90,150,79,0,319,0,0,0,319
09/07/2022,HPN,NY,AEA,EN,Towers with Radar,76,135,110,0,321,0,4,54,0,58,76,139,164,0,379,24,0,24,403
09/08/2022,HPN,NY,AEA,EN,Towers with Radar,82,157,75,0,314,0,24,176,0,200,82,181,251,0,514,130,0,130,644
09/09/2022,HPN,NY,AEA,EN,Towers with Radar,76,153,102,0,331,0,22,219,0,241,76,175,321,0,572,64,0,64,636
09/10/2022,HPN,NY,AEA,EN,Towers with Radar,119,195,116,2,432,0,14,260,2,276,119,209,376,4,708,105,0,105,813
09/11/2022,HPN,NY,AEA,EN,Towers with Radar,84,190,125,1,400,0,8,131,0,139,84,198,256,1,539,52,0,52,591
09/12/2022,HPN,NY,AEA,EN,Towers with Radar,73,119,120,0,312,0,2,48,0,50,73,121,168,0,362,46,0,46,408
09/13/2022,HPN,NY,AEA,EN,Towers with Radar,77,116,88,2,283,0,0,41,1,42,77,116,129,3,325,6,0,6,331
09/14/2022,HPN,NY,AEA,EN,Towers with Radar,75,116,118,0,309,0,15,175,1,191,75,131,293,1,500,88,0,88,588
09/15/2022,HPN,NY,AEA,EN,Towers with Radar,93,156,119,0,368,0,29,170,0,199,93,185,289,0,567,108,0,108,675
09/16/2022,HPN,NY,AEA,EN,Towers with Radar,76,140,101,0,317,0,38,164,0,202,76,178,265,0,519,46,0,46,565
09/17/2022,HPN,NY,AEA,EN,Towers with Radar,61,108,60,0,229,0,7,175,0,182,61,115,235,0,411,148,0,148,559
09/18/2022,HPN,NY,AEA,EN,Towers with Radar,81,189,113,0,383,0,46,228,0,274,81,235,341,0,657,50,0,50,707
09/19/2022,HPN,NY,AEA,EN,Towers with Radar,80,107,77,0,264,0,50,34,1,85,80,157,111,1,349,46,0,46,395
09/20/2022,HPN,NY,AEA,EN,Towers with Radar,77,134,102,2,315,0,4,106,0,110,77,138,208,2,425,64,0,64,489
09/21/2022,HPN,NY,AEA,EN,Towers with Radar,75,130,123,0,328,0,16,108,0,124,75,146,231,0,452,2,0,2,454
09/22/2022,HPN,NY,AEA,EN,Towers with Radar,77,164,115,2,358,0,7,28,0,35,77,171,143,2,393,0,0,0,393
09/23/2022,HPN,NY,AEA,EN,Towers with Radar,85,199,118,0,402,0,32,119,0,151,85,231,237,0,553,14,0,14,567
09/24/2022,HPN,NY,AEA,EN,Towers with Radar,62,119,85,0,266,0,20,169,0,189,62,139,254,0,455,104,0,104,559
09/25/2022,HPN,NY,AEA,EN,Towers with Radar,81,172,95,0,348,0,15,140,0,155,81,187,235,0,503,32,0,32,535
09/26/2022,HPN,NY,AEA,EN,Towers with Radar,76,137,74,0,287,0,13,52,4,69,76,150,126,4,356,2,0,2,358
09/27/2022,HPN,NY,AEA,EN,Towers with Radar,76,125,72,0,273,0,8,136,1,145,76,133,208,1,418,70,0,70,488
09/28/2022,HPN,NY,AEA,EN,Towers with Radar,62,112,104,0,278,0,11,117,0,128,62,123,221,0,406,76,0,76,482
09/29/2022,HPN,NY,AEA,EN,Towers with Radar,70,126,83,0,279,0,29,144,0,173,70,155,227,0,452,80,0,80,532
09/30/2022,HPN,NY,AEA,EN,Towers with Radar,70,131,96,0,297,0,24,170,0,194,70,155,266,0,491,46,0,46,537
10/01/2022,HPN,NY,AEA,EN,Towers with Radar,61,104,70,0,235,0,0,7,0,7,61,104,77,0,242,0,0,0,242
10/02/2022,HPN,NY,AEA,EN,Towers with Radar,75,144,75,0,294,0,8,15,0,23,75,152,90,0,317,4,0,4,321
10/03/2022,HPN,NY,AEA,EN,Towers with Radar,81,100,90,0,271,0,34,50,1,85,81,134,140,1,356,22,0,22,378
10/04/2022,HPN,NY,AEA,EN,Towers with Radar,72,106,68,0,246,0,0,0,0,0,72,106,68,0,246,0,0,0,246
10/05/2022,HPN,NY,AEA,EN,Towers with Radar,74,111,91,0,276,0,0,1,0,1,74,111,92,0,277,0,0,0,277
10/06/2022,HPN,NY,AEA,EN,Towers with Radar,85,160,123,0,368,0,25,151,0,176,85,185,274,0,544,44,0,44,588
10/07/2022,HPN,NY,AEA,EN,Towers with Radar,84,184,111,0,379,0,39,227,0,266,84,223,338,0,645,80,0,80,725
10/08/2022,HPN,NY,AEA,EN,Towers with Radar,66,123,73,0,262,0,12,157,0,169,66,135,230,0,431,120,0,120,551
10/09/2022,HPN,NY,AEA,EN,Towers with Radar,76,153,117,0,346,0,76,121,0,197,76,229,238,0,543,74,0,74,617
10/10/2022,HPN,NY,AEA,EN,Towers with Radar,77,155,105,0,337,0,46,175,0,221,77,201,280,0,558,82,0,82,640
10/11/2022,HPN,NY,AEA,EN,Towers with Radar,71,123,85,0,279,0,23,126,0,149,71,146,211,0,428,44,0,44,472
10/12/2022,HPN,NY,AEA,EN,Towers with Radar,79,126,98,0,303,0,10,155,0,165,79,136,253,0,468,74,0,74,542
10/13/2022,HPN,NY,AEA,EN,Towers with Radar,85,169,113,0,367,0,3,24,0,27,85,172,137,0,394,6,0,6,400
10/14/2022,HPN,NY,AEA,EN,Towers with Radar,88,163,124,0,375,0,14,143,0,157,88,177,267,0,532,68,0,68,600
10/15/2022,HPN,NY,AEA,EN,Towers with Radar,67,92,73,0,232,0,12,170,0,182,67,104,243,0,414,48,0,48,462
10/16/2022,HPN,NY,AEA,EN,Towers with Radar,80,162,123,0,365,0,21,180,0,201,80,183,303,0,566,64,0,64,630
10/17/2022,HPN,NY,AEA,EN,Towers with Radar,78,117,97,0,292,0,0,39,0,39,78,117,136,0,331,24,0,24,355
10/18/2022,HPN,NY,AEA,EN,Towers with Radar,78,111,75,4,268,0,13,139,0,152,78,124,214,4,420,44,2,46,466
10/19/2022,HPN,NY,AEA,EN,Towers with Radar,75,145,99,1,320,0,15,136,0,151,75,160,235,1,471,54,0,54,525
10/20/2022,HPN,NY,AEA,EN,Towers with Radar,88,136,100,0,324,0,17,114,0,131,88,153,214,0,455,28,0,28,483
10/21/2022,HPN,NY,AEA,EN,Towers with Radar,84,154,99,1,338,0,16,165,0,181,84,170,264,1,519,83,0,83,602
10/22/2022,HPN,NY,AEA,EN,Towers with Radar,65,93,72,0,230,0,12,186,0,198,65,105,258,0,428,132,0,132,560
10/23/2022,HPN,NY,AEA,EN,Towers with Radar,80,178,126,0,384,0,12,122,1,135,80,190,248,1,519,35,0,35,554
10/24/2022,HPN,NY,AEA,EN,Towers with Radar,82,135,90,0,307,0,0,0,0,0,82,135,90,0,307,0,0,0,307
10/25/2022,HPN,NY,AEA,EN,Towers with Radar,69,109,94,0,272,0,0,4,0,4,69,109,98,0,276,0,0,0,276
10/26/2022,HPN,NY,AEA,EN,Towers with Radar,65,131,107,0,303,0,2,12,0,14,65,133,119,0,317,0,0,0,317
10/27/2022,HPN,NY,AEA,EN,Towers with Radar,91,136,117,0,344,0,9,143,0,152,91,145,260,0,496,34,0,34,530
10/28/2022,HPN,NY,AEA,EN,Towers with Radar,83,131,99,0,313,0,19,167,0,186,83,150,266,0,499,80,0,80,579
10/29/2022,HPN,NY,AEA,EN,Towers with Radar,63,88,64,0,215,0,19,152,1,172,63,107,216,1,387,116,0,116,503
10/30/2022,HPN,NY,AEA,EN,Towers with Radar,75,131,82,0,288,0,20,160,0,180,75,151,242,0,468,120,0,120,588
10/31/2022,HPN,NY,AEA,EN,Towers with Radar,78,92,67,0,237,0,5,76,0,81,78,97,143,0,318,22,0,22,340
11/01/2022,HPN,NY,AEA,EN,Towers with Radar,74,144,98,0,316,0,1,31,0,32,74,145,129,0,348,34,0,34,382
11/02/2022,HPN,NY,AEA,EN,Towers with Radar,85,107,80,0,272,0,8,159,1,168,85,115,239,1,440,18,0,18,458
11/03/2022,HPN,NY,AEA,EN,Towers with Radar,87,167,91,0,345,0,7,133,0,140,87,174,224,0,485,86,0,86,571
11/04/2022,HPN,NY,AEA,EN,Towers with Radar,89,152,116,0,357,0,8,134,0,142,89,160,250,0,499,70,0,70,569
11/05/2022,HPN,NY,AEA,EN,Towers with Radar,68,96,67,0,231,0,4,142,0,146,68,100,209,0,377,78,0,78,455
11/06/2022,HPN,NY,AEA,EN,Towers with Radar,76,141,121,3,341,0,7,85,0,92,76,148,206,3,433,54,0,54,487
11/07/2022,HPN,NY,AEA,EN,Towers with Radar,83,101,79,0,263,0,11,124,0,135,83,112,203,0,398,116,0,116,514
11/08/2022,HPN,NY,AEA,EN,Towers with Radar,84,101,76,0,261,0,17,91,0,108,84,118,167,0,369,22,0,22,391
11/09/2022,HPN,NY,AEA,EN,Towers with Radar,67,101,59,0,227,0,12,145,0,157,67,113,204,0,384,114,0,114,498
11/10/2022,HPN,NY,AEA,EN,Towers with Radar,75,137,98,0,310,0,11,135,0,146,75,148,233,0,456,68,0,68,524
11/11/2022,HPN,NY,AEA,EN,Towers with Radar,82,144,99,0,325,0,1,26,0,27,82,145,125,0,352,20,0,20,372
11/12/2022,HPN,NY,AEA,EN,Towers with Radar,64,121,67,0,252,0,1,82,0,83,64,122,149,0,335,38,0,38,373
11/13/2022,HPN,NY,AEA,EN,Towers with Radar,80,150,104,0,334,0,6,47,0,53,80,156,151,0,387,12,0,12,399
11/14/2022,HPN,NY,AEA,EN,Towers with Radar,86,130,90,0,306,0,12,108,0,120,86,142,198,0,426,112,0,112,538
11/15/2022,HPN,NY,AEA,EN,Towers with Radar,85,105,78,0,268,0,27,82,0,109,85,132,160,0,377,100,0,100,477
11/16/2022,HPN,NY,AEA,EN,Towers with Radar,92,118,109,0,319,0,1,24,0,25,92,119,133,0,344,4,0,4,348
11/17/2022,HPN,NY,AEA,EN,Towers with Radar,87,122,115,0,324,0,9,109,3,121,87,131,224,3,445,22,0,22,467
11/18/2022,HPN,NY,AEA,EN,Towers with Radar,92,175,109,0,376,0,5,143,0,148,92,180,252,0,524,37,0,37,561
11/19/2022,HPN,NY,AEA,EN,Towers with Radar,65,104,67,0,236,0,10,155,0,165,65,114,222,0,401,84,0,84,485
11/20/2022,HPN,NY,AEA,EN,Towers with Radar,89,132,97,0,318,0,20,80,1,101,89,152,177,1,419,12,0,12,431
11/21/2022,HPN,NY,AEA,EN,Towers with Radar,85,130,91,0,306,0,18,125,0,143,85,148,216,0,449,75,0,75,524
11/22/2022,HPN,NY,AEA,EN,Towers with Radar,81,177,127,0,385,0,36,141,2,179,81,213,268,2,564,88,0,88,652
11/23/2022,HPN,NY,AEA,EN,Towers with Radar,81,172,122,0,375,0,89,140,1,230,81,261,262,1,605,20,0,20,625
11/24/2022,HPN,NY,AEA,EN,Towers with Radar,42,89,28,0,159,0,12,71,1,84,42,101,99,1,243,36,0,36,279
11/25/2022,HPN,NY,AEA,EN,Towers with Radar,73,123,82,0,278,0,2,37,0,39,73,125,119,0,317,16,0,16,333
11/26/2022,HPN,NY,AEA,EN,Towers with Radar,67,161,106,0,334,0,23,158,0,181,67,184,264,0,515,24,0,24,539
11/27/2022,HPN,NY,AEA,EN,Towers with Radar,75,247,214,0,536,0,14,73,0,87,75,261,287,0,623,52,0,52,675
11/28/2022,HPN,NY,AEA,EN,Towers with Radar,86,162,137,0,385,0,15,60,0,75,86,177,197,0,460,26,0,26,486
11/29/2022,HPN,NY,AEA,EN,Towers with Radar,89,113,95,0,297,0,4,129,0,133,89,117,224,0,430,116,0,116,546
11/30/2022,HPN,NY,AEA,EN,Towers with Radar,82,101,103,0,286,0,2,13,0,15,82,103,116,0,301,18,0,18,319
12/01/2022,HPN,NY,AEA,EN,Towers with Radar,84,146,93,0,323,0,20,75,0,95,84,166,168,0,418,12,0,12,430
12/02/2022,HPN,NY,AEA,EN,Towers with Radar,93,141,83,0,317,0,24,181,2,207,93,165,264,2,524,100,0,100,624
12/03/2022,HPN,NY,AEA,EN,Towers with Radar,64,79,51,0,194,0,0,0,0,0,64,79,51,0,194,0,0,0,194
12/04/2022,HPN,NY,AEA,EN,Towers with Radar,77,167,122,0,366,0,31,186,0,217,77,198,308,0,583,90,0,90,673
12/05/2022,HPN,NY,AEA,EN,Towers with Radar,87,106,77,0,270,0,17,105,0,122,87,123,182,0,392,48,0,48,440
12/06/2022,HPN,NY,AEA,EN,Towers with Radar,81,117,114,0,312,0,4,30,0,34,81,121,144,0,346,50,0,50,396
12/07/2022,HPN,NY,AEA,EN,Towers with Radar,75,112,79,0,266,0,0,0,0,0,75,112,79,0,266,0,0,0,266
12/08/2022,HPN,NY,AEA,EN,Towers with Radar,81,179,105,1,366,0,12,134,0,146,81,191,239,1,512,34,0,34,546
12/09/2022,HPN,NY,AEA,EN,Towers with Radar,88,124,83,1,296,0,16,111,0,127,88,140,194,1,423,44,0,44,467
12/10/2022,HPN,NY,AEA,EN,Towers with Radar,69,84,55,0,208,0,4,125,0,129,69,88,180,0,337,115,0,115,452
12/11/2022,HPN,NY,AEA,EN,Towers with Radar,78,133,62,0,273,0,0,7,0,7,78,133,69,0,280,0,0,0,280
12/12/2022,HPN,NY,AEA,EN,Towers with Radar,85,122,79,0,286,0,3,66,0,69,85,125,145,0,355,0,0,0,355
12/13/2022,HPN,NY,AEA,EN,Towers with Radar,76,89,77,0,242,0,5,106,0,111,76,94,183,0,353,42,0,42,395
12/14/2022,HPN,NY,AEA,EN,Towers with Radar,79,115,73,0,267,0,7,124,0,131,79,122,197,0,398,36,0,36,434
12/15/2022,HPN,NY,AEA,EN,Towers with Radar,79,127,81,0,287,0,2,41,0,43,79,129,122,0,330,146,0,146,476
12/16/2022,HPN,NY,AEA,EN,Towers with Radar,81,151,87,0,319,0,0,0,0,0,81,151,87,0,319,0,0,0,319
12/17/2022,HPN,NY,AEA,EN,Towers with Radar,74,146,90,0,310,0,3,141,0,144,74,149,231,0,454,56,0,56,510
12/18/2022,HPN,NY,AEA,EN,Towers with Radar,69,121,88,0,278,0,5,122,0,127,69,126,210,0,405,82,0,82,487
12/19/2022,HPN,NY,AEA,EN,Towers with Radar,72,116,101,0,289,0,5,95,0,100,72,121,196,0,389,40,0,40,429
12/20/2022,HPN,NY,AEA,EN,Towers with Radar,66,91,66,0,223,0,6,93,0,99,66,97,159,0,322,56,0,56,378
12/21/2022,HPN,NY,AEA,EN,Towers with Radar,71,121,87,0,279,0,19,128,0,147,71,140,215,0,426,56,0,56,482
12/22/2022,HPN,NY,AEA,EN,Towers with Radar,68,144,138,0,350,0,4,25,0,29,68,148,163,0,379,0,0,0,379
12/23/2022,HPN,NY,AEA,EN,Towers with Radar,70,84,42,0,196,0,0,0,0,0,70,84,42,0,196,0,0,0,196
12/24/2022,HPN,NY,AEA,EN,Towers with Radar,48,103,42,0,193,0,8,16,0,24,48,111,58,0,217,0,0,0,217
12/25/2022,HPN,NY,AEA,EN,Towers with Radar,49,142,58,0,249,0,3,22,0,25,49,145,80,0,274,22,0,22,296
12/26/2022,HPN,NY,AEA,EN,Towers with Radar,69,187,146,0,402,0,11,133,0,144,69,198,279,0,546,24,0,24,570
12/27/2022,HPN,NY,AEA,EN,Towers with Radar,75,151,103,0,329,0,9,161,0,170,75,160,264,0,499,24,0,24,523
12/28/2022,HPN,NY,AEA,EN,Towers with Radar,75,143,78,0,296,0,6,137,0,143,75,149,215,0,439,14,0,14,453
12/29/2022,HPN,NY,AEA,EN,Towers with Radar,68,115,63,0,246,0,7,125,0,132,68,122,188,0,378,82,0,82,460
12/30/2022,HPN,NY,AEA,EN,Towers with Radar,75,125,45,0,245,0,8,147,0,155,75,133,192,0,400,114,0,114,514
12/31/2022,HPN,NY,AEA,EN,Towers with Radar,41,71,43,0,155,0,0,0,0,0,41,71,43,0,155,0,0,0,155
01/01/2023,HPN,NY,AEA,EN,Towers with Radar,55,170,91,0,316,0,7,77,0,84,55,177,168,0,400,24,0,24,424
01/02/2023,HPN,NY,AEA,EN,Towers with Radar,68,237,180,0,485,0,8,148,0,156,68,245,328,0,641,26,0,26,667
01/03/2023,HPN,NY,AEA,EN,Towers with Radar,66,134,95,0,295,0,0,0,0,0,66,134,95,0,295,0,0,0,295
01/04/2023,HPN,NY,AEA,EN,Towers with Radar,71,119,82,0,272,0,4,53,1,58,71,123,135,1,330,9,0,9,339
01/05/2023,HPN,NY,AEA,EN,Towers with Radar,69,107,71,0,247,0,0,0,0,0,69,107,71,0,247,0,0,0,247
01/06/2023,HPN,NY,AEA,EN,Towers with Radar,65,83,73,0,221,0,0,18,0,18,65,83,91,0,239,0,0,0,239
01/07/2023,HPN,NY,AEA,EN,Towers with Radar,59,102,53,0,214,0,2,129,0,131,59,104,182,0,345,150,0,150,495
01/08/2023,HPN,NY,AEA,EN,Towers with Radar,66,123,82,0,271,0,6,165,0,171,66,129,247,0,442,116,0,116,558
01/09/2023,HPN,NY,AEA,EN,Towers with Radar,73,81,54,0,208,0,5,61,0,66,73,86,115,0,274,84,0,84,358
01/10/2023,HPN,NY,AEA,EN,Towers with Radar,70,94,53,0,217,0,0,95,0,95,70,94,148,0,312,92,0,92,404
01/11/2023,HPN,NY,AEA,EN,Towers with Radar,77,94,76,0,247,0,10,126,0,136,77,104,202,0,383,52,0,52,435
01/12/2023,HPN,NY,AEA,EN,Towers with Radar,90,124,102,0,316,0,0,0,0,0,90,124,102,0,316,0,0,0,316
01/13/2023,HPN,NY,AEA,EN,Towers with Radar,85,133,83,0,301,0,0,8,0,8,85,133,91,0,309,0,0,0,309
01/14/2023,HPN,NY,AEA,EN,Towers with Radar,67,84,72,0,223,0,1,6,0,7,67,85,78,0,230,0,0,0,230
01/15/2023,HPN,NY,AEA,EN,Towers with Radar,73,83,62,0,218,0,2,58,0,60,73,85,120,0,278,14,0,14,292
01/16/2023,HPN,NY,AEA,EN,Towers with Radar,82,175,89,0,346,0,29,70,0,99,82,204,159,0,445,25,0,25,470
01/17/2023,HPN,NY,AEA,EN,Towers with Radar,78,127,67,0,272,0,12,100,0,112,78,139,167,0,384,84,0,84,468
01/18/2023,HPN,NY,AEA,EN,Towers with Radar,83,107,74,0,264,0,5,74,0,79,83,112,148,0,343,12,0,12,355
01/19/2023,HPN,NY,AEA,EN,Towers with Radar,85,112,82,0,279,0,1,11,0,12,85,113,93,0,291,26,0,26,317
01/20/2023,HPN,NY,AEA,EN,Towers with Radar,82,98,85,0,265,0,2,49,0,51,82,100,134,0,316,77,0,77,393
01/21/2023,HPN,NY,AEA,EN,Towers with Radar,68,81,45,0,194,0,1,137,0,138,68,82,182,0,332,112,0,112,444
01/22/2023,HPN,NY,AEA,EN,Towers with Radar,80,136,90,0,306,0,0,41,0,41,80,136,131,0,347,44,0,44,391
01/23/2023,HPN,NY,AEA,EN,Towers with Radar,85,106,60,0,251,0,0,2,0,2,85,106,62,0,253,0,0,0,253
01/24/2023,HPN,NY,AEA,EN,Towers with Radar,76,102,72,0,250,0,4,106,0,110,76,106,178,0,360,79,0,79,439
01/25/2023,HPN,NY,AEA,EN,Towers with Radar,83,109,69,0,261,0,3,26,0,29,83,112,95,0,290,74,0,74,364
01/26/2023,HPN,NY,AEA,EN,Towers with Radar,88,136,79,0,303,0,3,44,0,47,88,139,123,0,350,0,0,0,350
01/27/2023,HPN,NY,AEA,EN,Towers with Radar,90,148,86,0,324,0,18,108,0,126,90,166,194,0,450,46,0,46,496
01/28/2023,HPN,NY,AEA,EN,Towers with Radar,73,101,44,0,218,0,3,141,0,144,73,104,185,0,362,134,0,134,496
01/29/2023,HPN,NY,AEA,EN,Towers with Radar,81,156,86,0,323,0,9,150,0,159,81,165,236,0,482,96,0,96,578
01/30/2023,HPN,NY,AEA,EN,Towers with Radar,83,106,61,0,250,0,2,97,0,99,83,108,158,0,349,26,0,26,375
01/31/2023,HPN,NY,AEA,EN,Towers with Radar,76,98,87,0,261,0,5,48,1,54,76,103,135,1,315,2,0,2,317
02/01/2023,HPN,NY,AEA,EN,Towers with Radar,80,128,85,0,293,0,2,112,0,114,80,130,197,0,407,60,0,60,467
02/02/2023,HPN,NY,AEA,EN,Towers with Radar,87,106,94,0,287,0,6,115,0,121,87,112,209,0,408,48,0,48,456
02/03/2023,HPN,NY,AEA,EN,Towers with Radar,105,152,75,0,332,0,5,24,0,29,105,157,99,0,361,0,0,0,361
02/04/2023,HPN,NY,AEA,EN,Towers with Radar,67,94,37,0,198,0,4,92,0,96,67,98,129,0,294,60,0,60,354
02/05/2023,HPN,NY,AEA,EN,Towers with Radar,74,160,87,0,321,0,5,55,0,60,74,165,142,0,381,0,0,0,381
02/06/2023,HPN,NY,AEA,EN,Towers with Radar,85,92,81,0,258,0,3,60,0,63,85,95,141,0,321,22,0,22,343
02/07/2023,HPN,NY,AEA,EN,Towers with Radar,83,98,62,0,243,0,8,110,0,118,83,106,172,0,361,42,0,42,403
02/08/2023,HPN,NY,AEA,EN,Towers with Radar,85,115,83,0,283,0,6,116,0,122,85,121,199,0,405,34,0,34,439
02/09/2023,HPN,NY,AEA,EN,Towers with Radar,85,144,69,0,298,0,4,61,0,65,85,148,130,0,363,50,0,50,413
02/10/2023,HPN,NY,AEA,EN,Towers with Radar,85,142,78,0,305,0,20,35,0,55,85,162,113,0,360,6,0,6,366
02/11/2023,HPN,NY,AEA,EN,Towers with Radar,69,106,41,0,216,0,6,116,0,122,69,112,157,0,338,26,0,26,364
02/12/2023,HPN,NY,AEA,EN,Towers with Radar,78,107,55,0,240,0,8,141,0,149,78,115,196,0,389,108,0,108,497
02/13/2023,HPN,NY,AEA,EN,Towers with Radar,90,122,93,0,305,0,8,87,0,95,90,130,180,0,400,50,0,50,450
02/14/2023,HPN,NY,AEA,EN,Towers with Radar,79,95,56,0,230,0,4,105,0,109,79,99,161,0,339,66,0,66,405
02/15/2023,HPN,NY,AEA,EN,Towers with Radar,79,158,92,0,329,0,12,89,1,102,79,170,181,1,431,42,0,42,473
02/16/2023,HPN,NY,AEA,EN,Towers with Radar,89,178,111,0,378,0,8,84,0,92,89,186,195,0,470,46,0,46,516
02/17/2023,HPN,NY,AEA,EN,Towers with Radar,79,160,111,0,350,0,1,0,0,1,79,161,111,0,351,0,0,0,351
02/18/2023,HPN,NY,AEA,EN,Towers with Radar,74,113,54,0,241,0,7,180,0,187,74,120,234,0,428,96,0,96,524
02/19/2023,HPN,NY,AEA,EN,Towers with Radar,74,88,59,0,221,0,6,137,0,143,74,94,196,0,364,94,0,94,458
02/20/2023,HPN,NY,AEA,EN,Towers with Radar,90,166,108,0,364,0,4,90,0,94,90,170,198,0,458,86,0,86,544
02/21/2023,HPN,NY,AEA,EN,Towers with Radar,77,176,96,0,349,0,1,1,0,2,77,177,97,0,351,0,0,0,351
02/22/2023,HPN,NY,AEA,EN,Towers with Radar,75,110,68,0,253,0,5,54,0,59,75,115,122,0,312,44,0,44,356
02/23/2023,HPN,NY,AEA,EN,Towers with Radar,86,129,57,0,272,0,0,0,0,0,86,129,57,0,272,0,0,0,272
02/24/2023,HPN,NY,AEA,EN,Towers with Radar,87,141,54,0,282,0,7,28,0,35,87,148,82,0,317,12,0,12,329
02/25/2023,HPN,NY,AEA,EN,Towers with Radar,70,112,60,0,242,0,0,58,0,58,70,112,118,0,300,40,0,40,340
02/26/2023,HPN,NY,AEA,EN,Towers with Radar,83,185,92,0,360,0,1,48,1,50,83,186,140,1,410,10,0,10,420
02/27/2023,HPN,NY,AEA,EN,Towers with Radar,80,148,67,0,295,0,43,58,0,101,80,191,125,0,396,54,0,54,450
02/28/2023,HPN,NY,AEA,EN,Towers with Radar,72,110,49,0,231,0,0,3,0,3,72,110,52,0,234,0,0,0,234
03/01/2023,HPN,NY,AEA,EN,Towers with Radar,71,144,103,0,318,0,2,86,0,88,71,146,189,0,406,40,0,40,446
03/02/2023,HPN,NY,AEA,EN,Towers with Radar,88,131,74,0,293,0,4,22,0,26,88,135,96,0,319,6,0,6,325
03/03/2023,HPN,NY,AEA,EN,Towers with Radar,87,116,73,0,276,0,4,121,0,125,87,120,194,0,401,82,0,82,483
03/04/2023,HPN,NY,AEA,EN,Towers with Radar,72,92,46,0,210,0,0,7,0,7,72,92,53,0,217,0,0,0,217
03/05/2023,HPN,NY,AEA,EN,Towers with Radar,85,139,108,0,332,0,5,141,0,146,85,144,249,0,478,100,0,100,578
03/06/2023,HPN,NY,AEA,EN,Towers with Radar,83,99,89,0,271,0,8,80,0,88,83,107,169,0,359,56,0,56,415
03/07/2023,HPN,NY,AEA,EN,Towers with Radar,69,114,52,2,237,0,6,31,2,39,69,120,83,4,276,0,0,0,276
03/08/2023,HPN,NY,AEA,EN,Towers with Radar,79,89,73,0,241,0,1,35,0,36,79,90,108,0,277,14,0,14,291
03/09/2023,HPN,NY,AEA,EN,Towers with Radar,92,132,99,0,323,0,3,109,0,112,92,135,208,0,435,58,0,58,493
03/10/2023,HPN,NY,AEA,EN,Towers with Radar,81,160,102,0,343,0,2,58,0,60,81,162,160,0,403,106,0,106,509
03/11/2023,HPN,NY,AEA,EN,Towers with Radar,68,125,73,0,266,0,4,25,0,29,68,129,98,0,295,38,0,38,333
03/12/2023,HPN,NY,AEA,EN,Towers with Radar,81,131,84,0,296,0,6,174,0,180,81,137,258,0,476,136,0,136,612
03/13/2023,HPN,NY,AEA,EN,Towers with Radar,84,98,73,0,255,0,0,0,0,0,84,98,73,0,255,0,0,0,255
03/14/2023,HPN,NY,AEA,EN,Towers with Radar,62,59,44,0,165,0,0,0,0,0,62,59,44,0,165,0,0,0,165
03/15/2023,HPN,NY,AEA,EN,Towers with Radar,77,153,81,0,311,0,1,24,0,25,77,154,105,0,336,8,0,8,344
03/16/2023,HPN,NY,AEA,EN,Towers with Radar,85,117,97,0,299,0,3,186,0,189,85,120,283,0,488,106,0,106,594
03/17/2023,HPN,NY,AEA,EN,Towers with Radar,87,118,80,0,285,0,6,117,0,123,87,124,197,0,408,80,0,80,488
03/18/2023,HPN,NY,AEA,EN,Towers with Radar,68,117,56,0,241,0,3,115,0,118,68,120,171,0,359,138,0,138,497
03/19/2023,HPN,NY,AEA,EN,Towers with Radar,86,155,76,0,317,0,3,62,0,65,86,158,138,0,382,4,0,4,386
03/20/2023,HPN,NY,AEA,EN,Towers with Radar,86,118,78,2,284,0,8,111,0,119,86,126,189,2,403,60,0,60,463
03/21/2023,HPN,NY,AEA,EN,Towers with Radar,81,111,68,0,260,0,4,100,0,104,81,115,168,0,364,34,0,34,398
03/22/2023,HPN,NY,AEA,EN,Towers with Radar,76,108,87,0,271,0,4,104,1,109,76,112,191,1,380,90,0,90,470
03/23/2023,HPN,NY,AEA,EN,Towers with Radar,84,117,105,0,306,0,0,12,0,12,84,117,117,0,318,0,0,0,318
03/24/2023,HPN,NY,AEA,EN,Towers with Radar,86,120,69,1,276,0,9,115,0,124,86,129,184,1,400,116,0,116,516
03/25/2023,HPN,NY,AEA,EN,Towers with Radar,66,109,44,0,219,0,0,4,0,4,66,109,48,0,223,0,0,0,223
03/26/2023,HPN,NY,AEA,EN,Towers with Radar,82,179,93,0,354,0,4,102,0,106,82,183,195,0,460,48,0,48,508
03/27/2023,HPN,NY,AEA,EN,Towers with Radar,85,111,78,0,274,0,5,78,0,83,85,116,156,0,357,66,0,66,423
03/28/2023,HPN,NY,AEA,EN,Towers with Radar,74,114,60,0,248,0,2,59,0,61,74,116,119,0,309,90,0,90,399
03/29/2023,HPN,NY,AEA,EN,Towers with Radar,80,94,83,0,257,0,8,136,0,144,80,102,219,0,401,96,0,96,497
03/30/2023,HPN,NY,AEA,EN,Towers with Radar,94,125,79,0,298,0,8,103,0,111,94,133,182,0,409,28,0,28,437
03/31/2023,HPN,NY,AEA,EN,Towers with Radar,86,130,79,0,295,0,3,113,0,116,86,133,192,0,411,60,0,60,471
04/01/2023,HPN,NY,AEA,EN,Towers with Radar,69,113,46,0,228,0,1,5,0,6,69,114,51,0,234,0,0,0,234
04/02/2023,HPN,NY,AEA,EN,Towers with Radar,83,150,89,0,322,0,8,107,0,115,83,158,196,0,437,10,0,10,447
04/03/2023,HPN,NY,AEA,EN,Towers with Radar,84,119,58,0,261,0,5,92,0,97,84,124,150,0,358,64,0,64,422
04/04/2023,HPN,NY,AEA,EN,Towers with Radar,77,137,109,0,323,0,70,76,0,146,77,207,185,0,469,66,0,66,535
04/05/2023,HPN,NY,AEA,EN,Towers with Radar,76,138,108,0,322,0,0,4,0,4,76,138,112,0,326,0,0,0,326
04/06/2023,HPN,NY,AEA,EN,Towers with Radar,96,156,127,0,379,0,2,31,0,33,96,158,158,0,412,0,0,0,412
04/07/2023,HPN,NY,AEA,EN,Towers with Radar,86,131,95,0,312,0,10,132,0,142,86,141,227,0,454,54,0,54,508
04/08/2023,HPN,NY,AEA,EN,Towers with Radar,72,102,59,0,233,0,12,176,0,188,72,114,235,0,421,144,0,144,565
04/09/2023,HPN,NY,AEA,EN,Towers with Radar,87,167,83,0,337,0,13,142,0,155,87,180,225,0,492,108,0,108,600
04/10/2023,HPN,NY,AEA,EN,Towers with Radar,88,160,104,0,352,0,13,143,0,156,88,173,247,0,508,84,0,84,592
04/11/2023,HPN,NY,AEA,EN,Towers with Radar,76,110,55,0,241,0,4,103,2,109,76,114,158,2,350,60,0,60,410
04/12/2023,HPN,NY,AEA,EN,Towers with Radar,75,111,67,0,253,0,6,66,0,72,75,117,133,0,325,24,0,24,349
04/13/2023,HPN,NY,AEA,EN,Towers with Radar,75,124,71,0,270,0,7,151,0,158,75,131,222,0,428,86,0,86,514
04/14/2023,HPN,NY,AEA,EN,Towers with Radar,93,130,81,0,304,0,8,154,0,162,93,138,235,0,466,70,0,70,536
04/15/2023,HPN,NY,AEA,EN,Towers with Radar,66,140,66,0,272,0,0,17,0,17,66,140,83,0,289,24,0,24,313
04/16/2023,HPN,NY,AEA,EN,Towers with Radar,83,194,116,0,393,0,2,14,0,16,83,196,130,0,409,8,0,8,417
04/17/2023,HPN,NY,AEA,EN,Towers with Radar,80,128,96,0,304,0,2,33,0,35,80,130,129,0,339,6,0,6,345
04/18/2023,HPN,NY,AEA,EN,Towers with Radar,75,122,84,0,281,0,3,72,0,75,75,125,156,0,356,60,0,60,416
04/19/2023,HPN,NY,AEA,EN,Towers with Radar,77,102,65,0,244,0,5,119,0,124,77,107,184,0,368,104,0,104,472
04/20/2023,HPN,NY,AEA,EN,Towers with Radar,86,125,78,0,289,0,12,135,0,147,86,137,213,0,436,140,0,140,576
04/21/2023,HPN,NY,AEA,EN,Towers with Radar,83,119,68,0,270,0,8,173,0,181,83,127,241,0,451,92,0,92,543
04/22/2023,HPN,NY,AEA,EN,Towers with Radar,63,98,46,0,207,0,0,7,0,7,63,98,53,0,214,18,0,18,232
04/23/2023,HPN,NY,AEA,EN,Towers with Radar,84,164,109,0,357,0,7,39,0,46,84,171,148,0,403,54,0,54,457
04/24/2023,HPN,NY,AEA,EN,Towers with Radar,88,136,85,0,309,0,5,142,0,147,88,141,227,0,456,116,0,116,572
04/25/2023,HPN,NY,AEA,EN,Towers with Radar,73,118,82,0,273,0,10,115,0,125,73,128,197,0,398,166,0,166,564
04/26/2023,HPN,NY,AEA,EN,Towers with Radar,75,120,98,0,293,0,8,102,0,110,75,128,200,0,403,78,0,78,481
04/27/2023,HPN,NY,AEA,EN,Towers with Radar,88,154,97,0,339,0,2,51,0,53,88,156,148,0,392,0,0,0,392
04/28/2023,HPN,NY,AEA,EN,Towers with Radar,84,132,99,0,315,0,10,81,0,91,84,142,180,0,406,80,0,80,486
04/29/2023,HPN,NY,AEA,EN,Towers with Radar,70,115,43,0,228,0,0,0,0,0,70,115,43,0,228,0,0,0,228
04/30/2023,HPN,NY,AEA,EN,Towers with Radar,78,217,81,0,376,0,0,0,0,0,78,217,81,0,376,0,0,0,376
05/01/2023,HPN,NY,AEA,EN,Towers with Radar,82,130,108,0,320,0,8,107,0,115,82,138,215,0,435,28,0,28,463
05/02/2023,HPN,NY,AEA,EN,Towers with Radar,68,99,61,0,228,0,3,13,0,16,68,102,74,0,244,0,0,0,244
05/03/2023,HPN,NY,AEA,EN,Towers with Radar,73,135,100,0,308,0,6,89,0,95,73,141,189,0,403,172,0,172,575
05/04/2023,HPN,NY,AEA,EN,Towers with Radar,84,151,116,0,351,0,11,57,0,68,84,162,173,0,419,32,0,32,451
05/05/2023,HPN,NY,AEA,EN,Towers with Radar,89,160,114,0,363,0,7,134,0,141,89,167,248,0,504,48,0,48,552
05/06/2023,HPN,NY,AEA,EN,Towers with Radar,73,68,51,0,192,0,8,181,0,189,73,76,232,0,381,72,0,72,453
05/07/2023,HPN,NY,AEA,EN,Towers with Radar,85,161,115,0,361,0,12,180,1,193,85,173,295,1,554,82,0,82,636
05/08/2023,HPN,NY,AEA,EN,Towers with Radar,86,122,87,0,295,0,17,129,0,146,86,139,216,0,441,116,0,116,557
05/09/2023,HPN,NY,AEA,EN,Towers with Radar,80,110,108,0,298,0,19,121,0,140,80,129,229,0,438,124,0,124,562
05/10/2023,HPN,NY,AEA,EN,Towers with Radar,85,106,62,1,254,0,6,55,0,61,85,112,117,1,315,24,0,24,339
05/11/2023,HPN,NY,AEA,EN,Towers with Radar,88,137,119,0,344,0,20,226,2,248,88,157,345,2,592,42,0,42,634
05/12/2023,HPN,NY,AEA,EN,Towers with Radar,86,145,90,0,321,0,14,186,0,200,86,159,276,0,521,142,0,142,663
05/13/2023,HPN,NY,AEA,EN,Towers with Radar,68,98,57,0,223,0,9,179,0,188,68,107,236,0,411,112,0,112,523
05/14/2023,HPN,NY,AEA,EN,Towers with Radar,82,169,82,0,333,0,22,172,0,194,82,191,254,0,527,58,0,58,585
05/15/2023,HPN,NY,AEA,EN,Towers with Radar,88,139,93,0,320,0,10,155,0,165,88,149,248,0,485,124,0,124,609
05/16/2023,HPN,NY,AEA,EN,Towers with Radar,74,103,95,0,272,0,7,128,0,135,74,110,223,0,407,48,0,48,455
05/17/2023,HPN,NY,AEA,EN,Towers with Radar,74,127,88,0,289,0,14,99,0,113,74,141,187,0,402,10,0,10,412
05/18/2023,HPN,NY,AEA,EN,Towers with Radar,82,104,137,0,323,0,26,206,0,232,82,130,343,0,555,82,0,82,637
05/19/2023,HPN,NY,AEA,EN,Towers with Radar,85,162,102,0,349,0,77,103,0,180,85,239,205,0,529,30,0,30,559
05/20/2023,HPN,NY,AEA,EN,Towers with Radar,73,84,52,0,209,0,0,0,0,0,73,84,52,0,209,0,0,0,209
05/21/2023,HPN,NY,AEA,EN,Towers with Radar,87,142,105,0,334,0,52,116,0,168,87,194,221,0,502,48,0,48,550
05/22/2023,HPN,NY,AEA,EN,Towers with Radar,85,117,104,0,306,0,21,122,0,143,85,138,226,0,449,76,0,76,525
05/23/2023,HPN,NY,AEA,EN,Towers with Radar,71,115,88,1,275,0,17,153,2,172,71,132,241,3,447,74,0,74,521
05/24/2023,HPN,NY,AEA,EN,Towers with Radar,74,169,103,2,348,0,11,117,0,128,74,180,220,2,476,88,0,88,564
05/25/2023,HPN,NY,AEA,EN,Towers with Radar,81,155,112,0,348,0,41,137,0,178,81,196,249,0,526,30,0,30,556
05/26/2023,HPN,NY,AEA,EN,Towers with Radar,77,137,83,0,297,0,53,84,0,137,77,190,167,0,434,0,0,0,434
05/27/2023,HPN,NY,AEA,EN,Towers with Radar,67,70,40,0,177,0,20,179,0,199,67,90,219,0,376,102,0,102,478
05/28/2023,HPN,NY,AEA,EN,Towers with Radar,69,90,38,0,197,0,21,128,0,149,69,111,166,0,346,130,0,130,476
05/29/2023,HPN,NY,AEA,EN,Towers with Radar,81,172,75,0,328,0,57,221,0,278,81,229,296,0,606,90,0,90,696
05/30/2023,HPN,NY,AEA,EN,Towers with Radar,75,113,81,0,269,0,49,159,0,208,75,162,240,0,477,138,0,138,615
05/31/2023,HPN,NY,AEA,EN,Towers with Radar,74,145,77,0,296,0,15,140,0,155,74,160,217,0,451,126,0,126,577
06/01/2023,HPN,NY,AEA,EN,Towers with Radar,86,121,93,0,300,0,16,159,0,175,86,137,252,0,475,156,0,156,631
06/02/2023,HPN,NY,AEA,EN,Towers with Radar,89,129,76,0,294,0,20,119,0,139,89,149,195,0,433,134,0,134,567
06/03/2023,HPN,NY,AEA,EN,Towers with Radar,70,110,88,0,268,0,0,38,0,38,70,110,126,0,306,14,0,14,320
06/04/2023,HPN,NY,AEA,EN,Towers with Radar,86,152,106,0,344,0,11,152,0,163,86,163,258,0,507,18,0,18,525
06/05/2023,HPN,NY,AEA,EN,Towers with Radar,94,133,92,0,319,0,16,96,0,112,94,149,188,0,431,76,0,76,507
06/06/2023,HPN,NY,AEA,EN,Towers with Radar,72,126,98,0,296,0,1,30,0,31,72,127,128,0,327,18,0,18,345
06/07/2023,HPN,NY,AEA,EN,Towers with Radar,87,113,120,0,320,0,3,26,0,29,87,116,146,0,349,10,0,10,359
06/08/2023,HPN,NY,AEA,EN,Towers with Radar,90,202,128,0,420,0,10,50,0,60,90,212,178,0,480,24,0,24,504
06/09/2023,HPN,NY,AEA,EN,Towers with Radar,85,148,90,0,323,0,9,46,0,55,85,157,136,0,378,0,0,0,378
06/10/2023,HPN,NY,AEA,EN,Towers with Radar,66,74,40,0,180,0,9,157,0,166,66,83,197,0,346,56,0,56,402
06/11/2023,HPN,NY,AEA,EN,Towers with Radar,76,152,108,0,336,0,25,180,0,205,76,177,288,0,541,76,0,76,617
06/12/2023,HPN,NY,AEA,EN,Towers with Radar,93,123,97,0,313,0,5,44,0,49,93,128,141,0,362,0,0,0,362
06/13/2023,HPN,NY,AEA,EN,Towers with Radar,75,136,98,0,309,0,1,64,1,66,75,137,162,1,375,0,0,0,375
06/14/2023,HPN,NY,AEA,EN,Towers with Radar,79,152,133,0,364,0,6,50,0,56,79,158,183,0,420,0,0,0,420
06/15/2023,HPN,NY,AEA,EN,Towers with Radar,82,168,107,0,357,0,32,49,0,81,82,200,156,0,438,0,0,0,438
06/16/2023,HPN,NY,AEA,EN,Towers with Radar,83,136,109,2,330,0,9,96,1,106,83,145,205,3,436,32,0,32,468
06/17/2023,HPN,NY,AEA,EN,Towers with Radar,66,132,80,0,278,0,2,84,1,87,66,134,164,1,365,98,0,98,463
06/18/2023,HPN,NY,AEA,EN,Towers with Radar,83,131,79,0,293,0,21,167,0,188,83,152,246,0,481,90,0,90,571
06/19/2023,HPN,NY,AEA,EN,Towers with Radar,85,151,82,0,318,0,33,172,0,205,85,184,254,0,523,147,0,147,670
06/20/2023,HPN,NY,AEA,EN,Towers with Radar,75,90,103,0,268,0,10,80,0,90,75,100,183,0,358,42,0,42,400
06/21/2023,HPN,NY,AEA,EN,Towers with Radar,77,119,105,0,301,0,14,104,0,118,77,133,209,0,419,68,0,68,487
06/22/2023,HPN,NY,AEA,EN,Towers with Radar,88,183,99,0,370,0,6,50,0,56,88,189,149,0,426,6,0,6,432
06/23/2023,HPN,NY,AEA,EN,Towers with Radar,102,147,152,0,401,0,0,5,0,5,102,147,157,0,406,0,0,0,406
06/24/2023,HPN,NY,AEA,EN,Towers with Radar,73,117,49,0,239,0,0,3,0,3,73,117,52,0,242,0,0,0,242
06/25/2023,HPN,NY,AEA,EN,Towers with Radar,78,186,127,0,391,0,10,66,0,76,78,196,193,0,467,4,0,4,471
06/26/2023,HPN,NY,AEA,EN,Towers with Radar,62,145,114,0,321,0,2,14,0,16,62,147,128,0,337,16,0,16,353
06/27/2023,HPN,NY,AEA,EN,Towers with Radar,61,176,112,0,349,0,2,17,0,19,61,178,129,0,368,14,0,14,382
06/28/2023,HPN,NY,AEA,EN,Towers with Radar,75,131,104,0,310,0,17,81,0,98,75,148,185,0,408,62,0,62,470
06/29/2023,HPN,NY,AEA,EN,Towers with Radar,84,166,114,0,364,0,37,99,1,137,84,203,213,1,501,0,0,0,501
06/30/2023,HPN,NY,AEA,EN,Towers with Radar,86,236,186,0,508,0,2,15,0,17,86,238,201,0,525,0,0,0,525
07/01/2023,HPN,NY,AEA,EN,Towers with Radar,57,132,90,0,279,0,18,40,0,58,57,150,130,0,337,0,0,0,337
07/02/2023,HPN,NY,AEA,EN,Towers with Radar,70,98,53,0,221,0,3,29,0,32,70,101,82,0,253,44,0,44,297
07/03/2023,HPN,NY,AEA,EN,Towers with Radar,65,70,40,0,175,0,15,78,0,93,65,85,118,0,268,74,0,74,342
07/04/2023,HPN,NY,AEA,EN,Towers with Radar,52,113,46,0,211,0,8,34,0,42,52,121,80,0,253,20,0,20,273
07/05/2023,HPN,NY,AEA,EN,Towers with Radar,59,138,84,0,281,0,19,159,1,179,59,157,243,1,460,122,0,122,582
07/06/2023,HPN,NY,AEA,EN,Towers with Radar,58,119,52,0,229,0,27,155,0,182,58,146,207,0,411,100,0,100,511
07/07/2023,HPN,NY,AEA,EN,Towers with Radar,60,110,69,0,239,0,22,103,0,125,60,132,172,0,364,99,0,99,463
07/08/2023,HPN,NY,AEA,EN,Towers with Radar,59,113,70,0,242,0,9,35,0,44,59,122,105,0,286,0,0,0,286
07/09/2023,HPN,NY,AEA,EN,Towers with Radar,53,154,101,0,308,0,4,23,0,27,53,158,124,0,335,0,0,0,335
07/10/2023,HPN,NY,AEA,EN,Towers with Radar,79,179,141,0,399,0,11,96,0,107,79,190,237,0,506,50,0,50,556
07/11/2023,HPN,NY,AEA,EN,Towers with Radar,61,107,80,0,248,0,25,64,0,89,61,132,144,0,337,0,0,0,337
07/12/2023,HPN,NY,AEA,EN,Towers with Radar,68,89,77,0,234,0,24,74,0,98,68,113,151,0,332,0,0,0,332
07/13/2023,HPN,NY,AEA,EN,Towers with Radar,75,126,87,0,288,0,56,65,0,121,75,182,152,0,409,0,0,0,409
07/14/2023,HPN,NY,AEA,EN,Towers with Radar,70,153,96,0,319,0,4,26,0,30,70,157,122,0,349,2,0,2,351
07/15/2023,HPN,NY,AEA,EN,Towers with Radar,56,117,85,0,258,0,15,28,2,45,56,132,113,2,303,0,0,0,303
07/16/2023,HPN,NY,AEA,EN,Towers with Radar,56,173,99,0,328,0,0,8,0,8,56,173,107,0,336,0,0,0,336
07/17/2023,HPN,NY,AEA,EN,Towers with Radar,73,161,118,0,352,0,25,150,2,177,73,186,268,2,529,90,0,90,619
07/18/2023,HPN,NY,AEA,EN,Towers with Radar,64,133,97,0,294,0,9,46,0,55,64,142,143,0,349,14,0,14,363
07/19/2023,HPN,NY,AEA,EN,Towers with Radar,63,121,103,0,287,0,16,124,0,140,63,137,227,0,427,96,0,96,523
07/20/2023,HPN,NY,AEA,EN,Towers with Radar,76,168,97,1,342,0,53,251,0,304,76,221,348,1,646,78,0,78,724
07/21/2023,HPN,NY,AEA,EN,Towers with Radar,71,163,77,0,311,0,29,92,2,123,71,192,169,2,434,28,0,28,462
07/22/2023,HPN,NY,AEA,EN,Towers with Radar,60,118,42,0,220,0,21,178,0,199,60,139,220,0,419,28,0,28,447
07/23/2023,HPN,NY,AEA,EN,Towers with Radar,69,114,78,0,261,0,53,235,0,288,69,167,313,0,549,66,0,66,615
07/24/2023,HPN,NY,AEA,EN,Towers with Radar,71,97,76,0,244,0,37,118,0,155,71,134,194,0,399,18,0,18,417
07/25/2023,HPN,NY,AEA,EN,Towers with Radar,58,104,78,0,240,0,19,74,0,93,58,123,152,0,333,166,0,166,499
07/26/2023,HPN,NY,AEA,EN,Towers with Radar,63,139,81,0,283,0,28,162,0,190,63,167,243,0,473,30,0,30,503
07/27/2023,HPN,NY,AEA,EN,Towers with Radar,73,131,89,0,293,0,41,83,0,124,73,172,172,0,417,6,0,6,423
07/28/2023,HPN,NY,AEA,EN,Towers with Radar,72,112,78,0,262,0,49,84,0,133,72,161,162,0,395,0,0,0,395
07/29/2023,HPN,NY,AEA,EN,Towers with Radar,54,95,56,0,205,0,16,53,1,70,54,111,109,1,275,0,0,0,275
07/30/2023,HPN,NY,AEA,EN,Towers with Radar,74,146,91,0,311,0,49,214,0,263,74,195,305,0,574,52,0,52,626
07/31/2023,HPN,NY,AEA,EN,Towers with Radar,72,119,67,0,258,0,42,184,1,227,72,161,251,1,485,62,0,62,547
08/01/2023,HPN,NY,AEA,EN,Towers with Radar,58,109,74,0,241,0,25,137,0,162,58,134,211,0,403,44,0,44,447
08/02/2023,HPN,NY,AEA,EN,Towers with Radar,67,134,81,1,283,0,29,193,0,222,67,163,274,1,505,36,0,36,541
08/03/2023,HPN,NY,AEA,EN,Towers with Radar,74,145,84,0,303,0,49,171,0,220,74,194,255,0,523,42,0,42,565
08/04/2023,HPN,NY,AEA,EN,Towers with Radar,76,194,94,0,364,0,9,55,0,64,76,203,149,0,428,32,0,32,460
08/05/2023,HPN,NY,AEA,EN,Towers with Radar,62,119,50,0,231,0,19,194,0,213,62,138,244,0,444,148,0,148,592
08/06/2023,HPN,NY,AEA,EN,Towers with Radar,69,132,91,0,292,0,46,232,0,278,69,178,323,0,570,92,0,92,662
08/07/2023,HPN,NY,AEA,EN,Towers with Radar,69,175,112,0,356,0,1,14,0,15,69,176,126,0,371,0,0,0,371
08/08/2023,HPN,NY,AEA,EN,Towers with Radar,64,107,81,0,252,0,9,19,0,28,64,116,100,0,280,0,0,0,280
08/09/2023,HPN,NY,AEA,EN,Towers with Radar,74,131,73,0,278,0,23,86,0,109,74,154,159,0,387,12,0,12,399
08/10/2023,HPN,NY,AEA,EN,Towers with Radar,70,172,95,0,337,0,21,47,0,68,70,193,142,0,405,0,0,0,405
08/11/2023,HPN,NY,AEA,EN,Towers with Radar,73,126,81,0,280,0,48,88,0,136,73,174,169,0,416,0,0,0,416
08/12/2023,HPN,NY,AEA,EN,Towers with Radar,54,133,58,0,245,0,15,114,0,129,54,148,172,0,374,66,0,66,440
08/13/2023,HPN,NY,AEA,EN,Towers with Radar,70,161,113,0,344,0,37,173,0,210,70,198,286,0,554,80,0,80,634
08/14/2023,HPN,NY,AEA,EN,Towers with Radar,74,128,71,0,273,0,51,154,0,205,74,179,225,0,478,56,0,56,534
08/15/2023,HPN,NY,AEA,EN,Towers with Radar,72,158,90,0,320,0,0,13,0,13,72,158,103,0,333,0,0,0,333
08/16/2023,HPN,NY,AEA,EN,Towers with Radar,69,126,111,0,306,0,6,81,0,87,69,132,192,0,393,68,0,68,461
08/17/2023,HPN,NY,AEA,EN,Towers with Radar,72,201,132,0,405,0,0,13,0,13,72,201,145,0,418,0,0,0,418
08/18/2023,HPN,NY,AEA,EN,Towers with Radar,78,156,86,0,320,0,39,159,0,198,78,195,245,0,518,0,0,0,518
08/19/2023,HPN,NY,AEA,EN,Towers with Radar,61,132,75,0,268,0,26,154,0,180,61,158,229,0,448,92,0,92,540
08/20/2023,HPN,NY,AEA,EN,Towers with Radar,72,139,99,0,310,0,42,189,1,232,72,181,288,1,542,84,0,84,626
08/21/2023,HPN,NY,AEA,EN,Towers with Radar,72,118,64,1,255,0,39,184,0,223,72,157,248,1,478,138,0,138,616
08/22/2023,HPN,NY,AEA,EN,Towers with Radar,61,86,81,1,229,0,19,56,0,75,61,105,137,1,304,0,0,0,304
08/23/2023,HPN,NY,AEA,EN,Towers with Radar,67,95,76,0,238,0,33,139,1,173,67,128,215,1,411,94,0,94,505
08/24/2023,HPN,NY,AEA,EN,Towers with Radar,79,167,101,0,347,0,7,43,0,50,79,174,144,0,397,50,0,50,447
08/25/2023,HPN,NY,AEA,EN,Towers with Radar,81,154,91,0,326,0,0,5,0,5,81,154,96,0,331,0,0,0,331
08/26/2023,HPN,NY,AEA,EN,Towers with Radar,61,97,76,0,234,0,17,93,0,110,61,114,169,0,344,58,0,58,402
08/27/2023,HPN,NY,AEA,EN,Towers with Radar,73,155,78,0,306,0,53,215,0,268,73,208,293,0,574,64,0,64,638
08/28/2023,HPN,NY,AEA,EN,Towers with Radar,71,157,99,0,327,0,7,70,0,77,71,164,169,0,404,70,0,70,474
08/29/2023,HPN,NY,AEA,EN,Towers with Radar,65,111,80,0,256,0,3,11,0,14,65,114,91,0,270,8,0,8,278
08/30/2023,HPN,NY,AEA,EN,Towers with Radar,64,109,69,0,242,0,17,90,0,107,64,126,159,0,349,70,0,70,419
08/31/2023,HPN,NY,AEA,EN,Towers with Radar,77,123,84,0,284,0,46,161,0,207,77,169,245,0,491,18,0,18,509
