01/01/2000,HRL,TX,ASW,CE,Federal Contract Tower,18,0,5,0,23,10,0,10,0,20,28,0,15,0,43,2,0,2,45
01/02/2000,HRL,TX,ASW,CE,Federal Contract Tower,29,1,8,0,38,9,0,12,0,21,38,1,20,0,59,0,0,0,59
01/03/2000,HRL,TX,ASW,CE,Federal Contract Tower,34,3,9,2,48,13,4,10,0,27,47,7,19,2,75,0,2,2,77
01/04/2000,HRL,TX,ASW,CE,Federal Contract Tower,42,3,13,2,60,17,2,23,0,42,59,5,36,2,102,2,4,6,108
01/05/2000,HRL,TX,ASW,CE,Federal Contract Tower,37,3,10,8,58,13,0,36,0,49,50,3,46,8,107,26,10,36,143
01/06/2000,HRL,TX,ASW,CE,Federal Contract Tower,47,1,14,14,76,0,0,18,10,28,47,1,32,24,104,6,24,30,134
01/07/2000,HRL,TX,ASW,CE,Federal Contract Tower,46,5,18,17,86,0,0,15,0,15,46,5,33,17,101,14,98,112,213
01/08/2000,HRL,TX,ASW,CE,Federal Contract Tower,32,4,9,0,45,4,2,19,0,25,36,6,28,0,70,0,24,24,94
01/09/2000,HRL,TX,ASW,CE,Federal Contract Tower,29,1,8,0,38,13,0,13,0,26,42,1,21,0,64,8,0,8,72
01/10/2000,HRL,TX,ASW,CE,Federal Contract Tower,37,2,11,11,61,4,0,17,0,21,41,2,28,11,82,0,32,32,114
01/11/2000,HRL,TX,ASW,CE,Federal Contract Tower,43,3,13,10,69,0,12,18,0,30,43,15,31,10,99,0,10,10,109
01/12/2000,HRL,TX,ASW,CE,Federal Contract Tower,48,4,16,17,85,0,3,32,13,48,48,7,48,30,133,18,20,38,171
01/13/2000,HRL,TX,ASW,CE,Federal Contract Tower,46,3,17,19,85,0,0,27,3,30,46,3,44,22,115,0,72,72,187
01/14/2000,HRL,TX,ASW,CE,Federal Contract Tower,47,3,16,6,72,0,0,31,0,31,47,3,47,6,103,18,4,22,125
01/15/2000,HRL,TX,ASW,CE,Federal Contract Tower,33,2,11,1,47,0,5,19,0,24,33,7,30,1,71,10,0,10,81
01/16/2000,HRL,TX,ASW,CE,Federal Contract Tower,37,0,12,0,49,14,0,16,0,30,51,0,28,0,79,8,0,8,87
01/17/2000,HRL,TX,ASW,CE,Federal Contract Tower,43,2,14,0,59,14,4,18,0,36,57,6,32,0,95,16,0,16,111
01/18/2000,HRL,TX,ASW,CE,Federal Contract Tower,46,4,22,22,94,0,2,13,19,34,46,6,35,41,128,10,82,92,220
01/19/2000,HRL,TX,ASW,CE,Federal Contract Tower,46,3,14,15,78,2,0,18,10,30,48,3,32,25,108,2,238,240,348
01/20/2000,HRL,TX,ASW,CE,Federal Contract Tower,44,3,22,22,91,0,0,31,23,54,44,3,53,45,145,6,270,276,421
01/21/2000,HRL,TX,ASW,CE,Federal Contract Tower,48,3,15,14,80,0,2,15,0,17,48,5,30,14,97,0,96,96,193
01/22/2000,HRL,TX,ASW,CE,Federal Contract Tower,39,2,12,0,53,0,2,13,0,15,39,4,25,0,68,16,0,16,84
01/23/2000,HRL,TX,ASW,CE,Federal Contract Tower,31,2,10,0,43,9,0,20,0,29,40,2,30,0,72,0,0,0,72
01/24/2000,HRL,TX,ASW,CE,Federal Contract Tower,41,2,13,12,68,5,1,22,2,30,46,3,35,14,98,18,100,118,216
01/25/2000,HRL,TX,ASW,CE,Federal Contract Tower,45,3,14,12,74,0,5,12,0,17,45,8,26,12,91,6,54,60,151
01/26/2000,HRL,TX,ASW,CE,Federal Contract Tower,48,3,16,17,84,0,2,22,5,29,48,5,38,22,113,2,30,32,145
01/27/2000,HRL,TX,ASW,CE,Federal Contract Tower,38,3,16,17,74,0,0,27,2,29,38,3,43,19,103,18,94,112,215
01/28/2000,HRL,TX,ASW,CE,Federal Contract Tower,46,3,15,6,70,0,0,20,0,20,46,3,35,6,90,0,10,10,100
01/29/2000,HRL,TX,ASW,CE,Federal Contract Tower,30,1,8,0,39,7,14,13,0,34,37,15,21,0,73,18,0,18,91
01/30/2000,HRL,TX,ASW,CE,Federal Contract Tower,30,2,8,0,40,12,0,5,0,17,42,2,13,0,57,0,0,0,57
01/31/2000,HRL,TX,ASW,CE,Federal Contract Tower,41,3,15,16,75,0,5,11,8,24,41,8,26,24,99,0,36,36,135
02/01/2000,HRL,TX,ASW,CE,Federal Contract Tower,52,6,17,23,98,0,4,2,2,8,52,10,19,25,106,16,44,60,166
02/02/2000,HRL,TX,ASW,CE,Federal Contract Tower,44,4,11,0,59,5,1,12,0,18,49,5,23,0,77,0,0,0,77
02/03/2000,HRL,TX,ASW,CE,Federal Contract Tower,48,5,13,18,84,0,0,28,7,35,48,5,41,25,119,26,40,66,185
02/04/2000,HRL,TX,ASW,CE,Federal Contract Tower,48,1,12,7,68,1,0,26,0,27,49,1,38,7,95,2,18,20,115
02/05/2000,HRL,TX,ASW,CE,Federal Contract Tower,27,3,6,0,36,9,8,19,0,36,36,11,25,0,72,6,0,6,78
02/06/2000,HRL,TX,ASW,CE,Federal Contract Tower,30,0,7,0,37,12,0,27,0,39,42,0,34,0,76,8,0,8,84
02/07/2000,HRL,TX,ASW,CE,Federal Contract Tower,42,3,12,16,73,0,0,19,13,32,42,3,31,29,105,16,356,372,477
02/08/2000,HRL,TX,ASW,CE,Federal Contract Tower,45,4,12,13,74,0,1,24,0,25,45,5,36,13,99,2,46,48,147
02/09/2000,HRL,TX,ASW,CE,Federal Contract Tower,43,3,11,9,66,6,0,46,0,52,49,3,57,9,118,4,104,108,226
02/10/2000,HRL,TX,ASW,CE,Federal Contract Tower,46,4,12,16,78,0,9,20,2,31,46,13,32,18,109,6,174,180,289
02/11/2000,HRL,TX,ASW,CE,Federal Contract Tower,39,4,10,4,57,9,1,25,0,35,48,5,35,4,92,2,6,8,100
02/12/2000,HRL,TX,ASW,CE,Federal Contract Tower,31,3,7,0,41,5,9,15,0,29,36,12,22,0,70,0,0,0,70
02/13/2000,HRL,TX,ASW,CE,Federal Contract Tower,29,0,7,0,36,17,0,10,0,27,46,0,17,0,63,0,0,0,63
02/14/2000,HRL,TX,ASW,CE,Federal Contract Tower,44,4,10,11,69,4,0,10,0,14,48,4,20,11,83,0,54,54,137
02/15/2000,HRL,TX,ASW,CE,Federal Contract Tower,46,3,13,8,70,0,5,12,0,17,46,8,25,8,87,8,62,70,157
02/16/2000,HRL,TX,ASW,CE,Federal Contract Tower,48,3,16,20,87,0,0,17,2,19,48,3,33,22,106,0,12,12,118
02/17/2000,HRL,TX,ASW,CE,Federal Contract Tower,47,4,14,14,79,0,2,27,0,29,47,6,41,14,108,6,46,52,160
02/18/2000,HRL,TX,ASW,CE,Federal Contract Tower,48,4,15,18,85,0,0,17,0,17,48,4,32,18,102,2,28,30,132
02/19/2000,HRL,TX,ASW,CE,Federal Contract Tower,34,2,9,0,45,2,5,27,0,34,36,7,36,0,79,0,0,0,79
02/20/2000,HRL,TX,ASW,CE,Federal Contract Tower,32,0,8,0,40,10,0,14,0,24,42,0,22,0,64,12,0,12,76
02/21/2000,HRL,TX,ASW,CE,Federal Contract Tower,48,3,13,2,66,1,8,21,0,30,49,11,34,2,96,24,0,24,120
02/22/2000,HRL,TX,ASW,CE,Federal Contract Tower,44,3,15,19,81,0,0,15,1,16,44,3,30,20,97,2,156,158,255
02/23/2000,HRL,TX,ASW,CE,Federal Contract Tower,48,4,14,16,82,0,3,24,0,27,48,7,38,16,109,6,116,122,231
02/24/2000,HRL,TX,ASW,CE,Federal Contract Tower,50,3,13,16,82,0,8,27,5,40,50,11,40,21,122,6,218,224,346
02/25/2000,HRL,TX,ASW,CE,Federal Contract Tower,47,4,18,21,90,0,0,37,3,40,47,4,55,24,130,2,88,90,220
02/26/2000,HRL,TX,ASW,CE,Federal Contract Tower,35,2,9,4,50,2,6,24,0,32,37,8,33,4,82,2,8,10,92
02/27/2000,HRL,TX,ASW,CE,Federal Contract Tower,30,2,7,2,41,11,0,29,0,40,41,2,36,2,81,2,0,2,83
02/28/2000,HRL,TX,ASW,CE,Federal Contract Tower,45,3,11,15,74,3,1,18,2,24,48,4,29,17,98,6,290,296,394
02/29/2000,HRL,TX,ASW,CE,Federal Contract Tower,41,3,10,10,64,5,1,29,0,35,46,4,39,10,99,12,152,164,263
03/01/2000,HRL,TX,ASW,CE,Federal Contract Tower,48,4,16,20,88,0,1,30,0,31,48,5,46,20,119,34,142,176,295
03/02/2000,HRL,TX,ASW,CE,Federal Contract Tower,43,4,15,17,79,0,3,32,0,35,43,7,47,17,114,12,68,80,194
03/03/2000,HRL,TX,ASW,CE,Federal Contract Tower,48,3,20,27,98,0,0,35,1,36,48,3,55,28,134,0,154,154,288
03/04/2000,HRL,TX,ASW,CE,Federal Contract Tower,32,3,10,0,45,8,5,15,0,28,40,8,25,0,73,0,12,12,85
03/05/2000,HRL,TX,ASW,CE,Federal Contract Tower,26,0,8,0,34,16,0,20,0,36,42,0,28,0,70,2,0,2,72
03/06/2000,HRL,TX,ASW,CE,Federal Contract Tower,46,2,15,14,77,12,0,11,0,23,58,2,26,14,100,14,8,22,122
03/07/2000,HRL,TX,ASW,CE,Federal Contract Tower,47,3,17,17,84,0,0,29,0,29,47,3,46,17,113,12,60,72,185
03/08/2000,HRL,TX,ASW,CE,Federal Contract Tower,51,4,17,22,94,3,8,34,4,49,54,12,51,26,143,2,10,12,155
03/09/2000,HRL,TX,ASW,CE,Federal Contract Tower,49,4,16,14,83,0,5,42,0,47,49,9,58,14,130,32,60,92,222
03/10/2000,HRL,TX,ASW,CE,Federal Contract Tower,37,3,13,7,60,6,1,32,0,39,43,4,45,7,99,2,46,48,147
03/11/2000,HRL,TX,ASW,CE,Federal Contract Tower,30,3,9,6,48,10,3,5,0,18,40,6,14,6,66,0,0,0,66
03/12/2000,HRL,TX,ASW,CE,Federal Contract Tower,25,0,9,0,34,17,0,31,0,48,42,0,40,0,82,2,0,2,84
03/13/2000,HRL,TX,ASW,CE,Federal Contract Tower,47,4,17,20,88,0,3,25,0,28,47,7,42,20,116,0,20,20,136
03/14/2000,HRL,TX,ASW,CE,Federal Contract Tower,36,3,11,6,56,1,2,12,0,15,37,5,23,6,71,2,0,2,73
03/15/2000,HRL,TX,ASW,CE,Federal Contract Tower,49,3,19,23,94,0,0,6,7,13,49,3,25,30,107,0,22,22,129
03/16/2000,HRL,TX,ASW,CE,Federal Contract Tower,47,5,22,27,101,0,1,30,13,44,47,6,52,40,145,16,180,196,341
03/17/2000,HRL,TX,ASW,CE,Federal Contract Tower,47,4,19,10,80,0,2,28,0,30,47,6,47,10,110,0,20,20,130
03/18/2000,HRL,TX,ASW,CE,Federal Contract Tower,30,2,10,1,43,10,5,6,0,21,40,7,16,1,64,0,0,0,64
03/19/2000,HRL,TX,ASW,CE,Federal Contract Tower,27,0,10,0,37,15,0,24,0,39,42,0,34,0,76,0,0,0,76
03/20/2000,HRL,TX,ASW,CE,Federal Contract Tower,41,2,14,12,69,6,5,24,0,35,47,7,38,12,104,8,232,240,344
03/21/2000,HRL,TX,ASW,CE,Federal Contract Tower,44,4,20,25,93,0,3,14,0,17,44,7,34,25,110,14,38,52,162
03/22/2000,HRL,TX,ASW,CE,Federal Contract Tower,46,5,24,28,103,0,8,13,10,31,46,13,37,38,134,0,256,256,390
03/23/2000,HRL,TX,ASW,CE,Federal Contract Tower,46,4,21,25,96,0,8,21,9,38,46,12,42,34,134,0,68,68,202
03/24/2000,HRL,TX,ASW,CE,Federal Contract Tower,48,3,18,16,85,0,2,26,0,28,48,5,44,16,113,2,42,44,157
03/25/2000,HRL,TX,ASW,CE,Federal Contract Tower,37,2,12,0,51,3,8,35,0,46,40,10,47,0,97,12,0,12,109
03/26/2000,HRL,TX,ASW,CE,Federal Contract Tower,27,0,9,0,36,15,0,24,0,39,42,0,33,0,75,0,0,0,75
03/27/2000,HRL,TX,ASW,CE,Federal Contract Tower,45,3,14,19,81,0,0,24,5,29,45,3,38,24,110,18,32,50,160
03/28/2000,HRL,TX,ASW,CE,Federal Contract Tower,44,3,14,14,75,4,6,39,0,49,48,9,53,14,124,8,20,28,152
03/29/2000,HRL,TX,ASW,CE,Federal Contract Tower,45,3,14,12,74,4,5,35,0,44,49,8,49,12,118,0,4,4,122
03/30/2000,HRL,TX,ASW,CE,Federal Contract Tower,43,3,14,16,76,2,0,33,0,35,45,3,47,16,111,12,130,142,253
03/31/2000,HRL,TX,ASW,CE,Federal Contract Tower,48,3,15,4,70,0,0,25,0,25,48,3,40,4,95,6,6,12,107
04/01/2000,HRL,TX,ASW,CE,Federal Contract Tower,37,3,9,8,57,0,4,9,0,13,37,7,18,8,70,10,8,18,88
04/02/2000,HRL,TX,ASW,CE,Federal Contract Tower,39,0,9,0,48,5,0,10,0,15,44,0,19,0,63,0,0,0,63
04/03/2000,HRL,TX,ASW,CE,Federal Contract Tower,46,2,11,13,72,2,0,15,9,26,48,2,26,22,98,0,34,34,132
04/04/2000,HRL,TX,ASW,CE,Federal Contract Tower,48,2,14,16,80,0,0,37,0,37,48,2,51,16,117,58,114,172,289
04/05/2000,HRL,TX,ASW,CE,Federal Contract Tower,43,3,11,4,61,6,0,44,0,50,49,3,55,4,111,18,108,126,237
04/06/2000,HRL,TX,ASW,CE,Federal Contract Tower,46,4,12,14,76,0,0,31,6,37,46,4,43,20,113,24,4,28,141
04/07/2000,HRL,TX,ASW,CE,Federal Contract Tower,41,2,10,4,57,8,0,39,0,47,49,2,49,4,104,26,0,26,130
04/08/2000,HRL,TX,ASW,CE,Federal Contract Tower,30,2,7,0,39,3,9,10,0,22,33,11,17,0,61,0,0,0,61
04/09/2000,HRL,TX,ASW,CE,Federal Contract Tower,36,0,9,2,47,9,0,15,0,24,45,0,24,2,71,0,0,0,71
04/10/2000,HRL,TX,ASW,CE,Federal Contract Tower,34,2,8,6,50,10,0,13,0,23,44,2,21,6,73,22,134,156,229
04/11/2000,HRL,TX,ASW,CE,Federal Contract Tower,40,3,11,13,67,0,0,33,1,34,40,3,44,14,101,58,8,66,167
04/12/2000,HRL,TX,ASW,CE,Federal Contract Tower,42,3,10,0,55,6,0,19,0,25,48,3,29,0,80,0,0,0,80
04/13/2000,HRL,TX,ASW,CE,Federal Contract Tower,46,3,14,14,77,0,0,51,0,51,46,3,65,14,128,28,44,72,200
04/14/2000,HRL,TX,ASW,CE,Federal Contract Tower,42,3,10,4,59,8,0,28,0,36,50,3,38,4,95,18,6,24,119
04/15/2000,HRL,TX,ASW,CE,Federal Contract Tower,28,1,8,0,37,6,4,19,0,29,34,5,27,0,66,0,0,0,66
04/16/2000,HRL,TX,ASW,CE,Federal Contract Tower,32,0,9,8,49,9,0,11,2,22,41,0,20,10,71,40,12,52,123
04/17/2000,HRL,TX,ASW,CE,Federal Contract Tower,43,2,12,12,69,2,0,21,4,27,45,2,33,16,96,10,154,164,260
04/18/2000,HRL,TX,ASW,CE,Federal Contract Tower,44,4,17,17,82,0,1,33,7,41,44,5,50,24,123,22,44,66,189
04/19/2000,HRL,TX,ASW,CE,Federal Contract Tower,49,3,15,14,81,0,2,23,6,31,49,5,38,20,112,0,30,30,142
04/20/2000,HRL,TX,ASW,CE,Federal Contract Tower,45,4,17,16,82,0,2,16,7,25,45,6,33,23,107,0,110,110,217
04/21/2000,HRL,TX,ASW,CE,Federal Contract Tower,50,3,13,6,72,0,2,26,0,28,50,5,39,6,100,14,84,98,198
04/22/2000,HRL,TX,ASW,CE,Federal Contract Tower,32,2,8,0,42,2,4,32,0,38,34,6,40,0,80,56,0,56,136
04/23/2000,HRL,TX,ASW,CE,Federal Contract Tower,30,0,9,0,39,12,0,18,0,30,42,0,27,0,69,4,0,4,73
04/24/2000,HRL,TX,ASW,CE,Federal Contract Tower,45,2,13,11,71,0,0,35,5,40,45,2,48,16,111,8,90,98,209
04/25/2000,HRL,TX,ASW,CE,Federal Contract Tower,46,4,16,16,82,0,1,18,11,30,46,5,34,27,112,42,30,72,184
04/26/2000,HRL,TX,ASW,CE,Federal Contract Tower,45,3,12,8,68,0,0,46,0,46,45,3,58,8,114,24,12,36,150
04/27/2000,HRL,TX,ASW,CE,Federal Contract Tower,47,2,12,11,72,0,0,51,3,54,47,2,63,14,126,70,104,174,300
04/28/2000,HRL,TX,ASW,CE,Federal Contract Tower,45,3,12,8,68,0,0,32,0,32,45,3,44,8,100,14,92,106,206
04/29/2000,HRL,TX,ASW,CE,Federal Contract Tower,28,1,6,0,35,7,6,0,0,13,35,7,6,0,48,0,0,0,48
04/30/2000,HRL,TX,ASW,CE,Federal Contract Tower,30,0,8,2,40,11,0,12,0,23,41,0,20,2,63,0,0,0,63
05/01/2000,HRL,TX,ASW,CE,Federal Contract Tower,45,4,19,32,100,0,2,28,0,30,45,6,47,32,130,28,16,44,174
05/02/2000,HRL,TX,ASW,CE,Federal Contract Tower,32,2,9,0,43,10,2,11,0,23,42,4,20,0,66,0,0,0,66
05/03/2000,HRL,TX,ASW,CE,Federal Contract Tower,45,3,14,16,78,0,3,31,0,34,45,6,45,16,112,2,202,204,316
05/04/2000,HRL,TX,ASW,CE,Federal Contract Tower,37,2,12,18,69,0,0,42,0,42,37,2,54,18,111,16,284,300,411
05/05/2000,HRL,TX,ASW,CE,Federal Contract Tower,37,3,10,8,58,11,1,23,0,35,48,4,33,8,93,0,74,74,167
05/06/2000,HRL,TX,ASW,CE,Federal Contract Tower,22,2,6,0,30,9,4,11,0,24,31,6,17,0,54,0,0,0,54
05/07/2000,HRL,TX,ASW,CE,Federal Contract Tower,25,0,7,0,32,13,0,26,0,39,38,0,33,0,71,0,0,0,71
05/08/2000,HRL,TX,ASW,CE,Federal Contract Tower,42,2,12,16,72,2,0,26,0,28,44,2,38,16,100,6,74,80,180
05/09/2000,HRL,TX,ASW,CE,Federal Contract Tower,45,3,15,18,81,0,0,31,0,31,45,3,46,18,112,0,20,20,132
05/10/2000,HRL,TX,ASW,CE,Federal Contract Tower,45,3,16,28,92,0,0,17,0,17,45,3,33,28,109,2,64,66,175
05/11/2000,HRL,TX,ASW,CE,Federal Contract Tower,34,2,10,4,50,9,1,38,0,48,43,3,48,4,98,0,0,0,98
05/12/2000,HRL,TX,ASW,CE,Federal Contract Tower,39,3,11,19,72,5,0,31,5,41,44,3,42,24,113,6,8,14,127
05/13/2000,HRL,TX,ASW,CE,Federal Contract Tower,23,2,6,0,31,9,4,10,0,23,32,6,16,0,54,0,0,0,54
05/14/2000,HRL,TX,ASW,CE,Federal Contract Tower,27,0,7,0,34,11,0,13,0,24,38,0,20,0,58,0,0,0,58
05/15/2000,HRL,TX,ASW,CE,Federal Contract Tower,45,2,15,20,82,0,0,22,0,22,45,2,37,20,104,14,56,70,174
05/16/2000,HRL,TX,ASW,CE,Federal Contract Tower,46,2,14,18,80,0,1,42,0,43,46,3,56,18,123,14,72,86,209
05/17/2000,HRL,TX,ASW,CE,Federal Contract Tower,41,2,15,21,79,0,1,17,0,18,41,3,32,21,97,0,78,78,175
05/18/2000,HRL,TX,ASW,CE,Federal Contract Tower,46,2,14,16,78,1,1,11,0,13,47,3,25,16,91,2,80,82,173
05/19/2000,HRL,TX,ASW,CE,Federal Contract Tower,41,2,15,24,82,0,1,19,8,28,41,3,34,32,110,34,44,78,188
05/20/2000,HRL,TX,ASW,CE,Federal Contract Tower,26,1,8,2,37,9,5,4,0,18,35,6,12,2,55,0,0,0,55
05/21/2000,HRL,TX,ASW,CE,Federal Contract Tower,25,1,8,0,34,15,1,21,0,37,40,2,29,0,71,10,0,10,81
05/22/2000,HRL,TX,ASW,CE,Federal Contract Tower,46,2,16,26,90,0,0,28,1,29,46,2,44,27,119,12,96,108,227
05/23/2000,HRL,TX,ASW,CE,Federal Contract Tower,45,3,18,29,95,0,0,31,1,32,45,3,49,30,127,8,60,68,195
05/24/2000,HRL,TX,ASW,CE,Federal Contract Tower,46,2,14,23,85,0,0,36,1,37,46,2,50,24,122,50,6,56,178
05/25/2000,HRL,TX,ASW,CE,Federal Contract Tower,47,2,16,19,84,0,1,30,0,31,47,3,46,19,115,34,58,92,207
05/26/2000,HRL,TX,ASW,CE,Federal Contract Tower,41,2,11,8,62,4,1,26,0,31,45,3,37,8,93,0,10,10,103
05/27/2000,HRL,TX,ASW,CE,Federal Contract Tower,27,1,8,3,39,0,4,20,0,24,27,5,28,3,63,0,12,12,75
05/28/2000,HRL,TX,ASW,CE,Federal Contract Tower,23,0,6,0,29,13,0,12,0,25,36,0,18,0,54,0,0,0,54
05/29/2000,HRL,TX,ASW,CE,Federal Contract Tower,22,0,6,0,28,16,0,17,0,33,38,0,23,0,61,12,0,12,73
05/30/2000,HRL,TX,ASW,CE,Federal Contract Tower,47,2,16,27,92,0,0,35,0,35,47,2,51,27,127,2,26,28,155
05/31/2000,HRL,TX,ASW,CE,Federal Contract Tower,48,3,16,29,96,0,0,36,8,44,48,3,52,37,140,20,114,134,274
06/01/2000,HRL,TX,ASW,CE,Federal Contract Tower,36,12,12,15,75,0,0,29,9,38,36,12,41,24,113,10,82,92,205
06/02/2000,HRL,TX,ASW,CE,Federal Contract Tower,37,12,13,11,73,0,0,22,0,22,37,12,35,11,95,42,66,108,203
06/03/2000,HRL,TX,ASW,CE,Federal Contract Tower,23,8,8,4,43,1,6,18,0,25,24,14,26,4,68,24,26,50,118
06/04/2000,HRL,TX,ASW,CE,Federal Contract Tower,21,7,7,1,36,9,0,16,0,25,30,7,23,1,61,0,0,0,61
06/05/2000,HRL,TX,ASW,CE,Federal Contract Tower,35,12,14,9,70,0,0,22,0,22,35,12,36,9,92,0,16,16,108
06/06/2000,HRL,TX,ASW,CE,Federal Contract Tower,34,11,11,6,62,6,0,21,0,27,40,11,32,6,89,48,8,56,145
06/07/2000,HRL,TX,ASW,CE,Federal Contract Tower,30,10,10,7,57,5,4,19,0,28,35,14,29,7,85,0,64,64,149
06/08/2000,HRL,TX,ASW,CE,Federal Contract Tower,35,12,12,4,63,1,1,45,0,47,36,13,57,4,110,8,10,18,128
06/09/2000,HRL,TX,ASW,CE,Federal Contract Tower,30,10,10,0,50,6,1,22,0,29,36,11,32,0,79,0,0,0,79
06/10/2000,HRL,TX,ASW,CE,Federal Contract Tower,19,7,5,2,33,3,7,0,0,10,22,14,5,2,43,0,0,0,43
06/11/2000,HRL,TX,ASW,CE,Federal Contract Tower,22,8,7,0,37,7,2,20,0,29,29,10,27,0,66,0,0,0,66
06/12/2000,HRL,TX,ASW,CE,Federal Contract Tower,34,12,11,13,70,2,0,26,0,28,36,12,37,13,98,36,58,94,192
06/13/2000,HRL,TX,ASW,CE,Federal Contract Tower,36,13,13,6,68,0,3,27,0,30,36,16,40,6,98,34,4,38,136
06/14/2000,HRL,TX,ASW,CE,Federal Contract Tower,33,12,20,22,87,0,0,37,4,41,33,12,57,26,128,30,72,102,230
06/15/2000,HRL,TX,ASW,CE,Federal Contract Tower,32,10,12,4,58,4,2,30,0,36,36,12,42,4,94,46,68,114,208
06/16/2000,HRL,TX,ASW,CE,Federal Contract Tower,31,10,11,12,64,7,1,38,2,48,38,11,49,14,112,18,2,20,132
06/17/2000,HRL,TX,ASW,CE,Federal Contract Tower,24,7,9,0,40,4,7,17,0,28,28,14,26,0,68,4,0,4,72
06/18/2000,HRL,TX,ASW,CE,Federal Contract Tower,21,6,8,0,35,8,2,9,0,19,29,8,17,0,54,4,0,4,58
06/19/2000,HRL,TX,ASW,CE,Federal Contract Tower,35,11,16,16,78,0,0,10,0,10,35,11,26,16,88,6,76,82,170
06/20/2000,HRL,TX,ASW,CE,Federal Contract Tower,36,11,13,12,72,0,7,17,0,24,36,18,30,12,96,2,0,2,98
06/21/2000,HRL,TX,ASW,CE,Federal Contract Tower,34,14,17,17,82,0,0,27,3,30,34,14,44,20,112,4,90,94,206
06/22/2000,HRL,TX,ASW,CE,Federal Contract Tower,34,10,12,10,66,2,3,22,0,27,36,13,34,10,93,8,8,16,109
06/23/2000,HRL,TX,ASW,CE,Federal Contract Tower,33,10,12,11,66,5,2,14,5,26,38,12,26,16,92,0,40,40,132
06/24/2000,HRL,TX,ASW,CE,Federal Contract Tower,23,7,8,0,38,6,9,12,0,27,29,16,20,0,65,0,0,0,65
06/25/2000,HRL,TX,ASW,CE,Federal Contract Tower,22,7,8,2,39,8,3,7,0,18,30,10,15,2,57,10,2,12,69
06/26/2000,HRL,TX,ASW,CE,Federal Contract Tower,36,8,16,18,78,0,0,20,8,28,36,8,36,26,106,6,24,30,136
06/27/2000,HRL,TX,ASW,CE,Federal Contract Tower,32,10,10,5,57,1,3,29,0,33,33,13,39,5,90,0,14,14,104
06/28/2000,HRL,TX,ASW,CE,Federal Contract Tower,36,12,13,12,73,0,1,26,0,27,36,13,39,12,100,6,102,108,208
06/29/2000,HRL,TX,ASW,CE,Federal Contract Tower,38,14,15,17,84,0,1,14,7,22,38,15,29,24,106,4,114,118,224
06/30/2000,HRL,TX,ASW,CE,Federal Contract Tower,38,12,15,17,82,0,0,27,2,29,38,12,42,19,111,10,40,50,161
07/01/2000,HRL,TX,ASW,CE,Federal Contract Tower,26,8,8,2,44,0,10,16,0,26,26,18,24,2,70,20,2,22,92
07/02/2000,HRL,TX,ASW,CE,Federal Contract Tower,18,6,4,0,28,8,0,14,0,22,26,6,18,0,50,0,0,0,50
07/03/2000,HRL,TX,ASW,CE,Federal Contract Tower,21,6,5,0,32,7,3,22,0,32,28,9,27,0,64,0,0,0,64
07/04/2000,HRL,TX,ASW,CE,Federal Contract Tower,19,6,4,0,29,11,2,19,0,32,30,8,23,0,61,38,0,38,99
07/05/2000,HRL,TX,ASW,CE,Federal Contract Tower,31,9,7,10,57,2,0,24,0,26,33,9,31,10,83,6,58,64,147
07/06/2000,HRL,TX,ASW,CE,Federal Contract Tower,38,9,12,24,83,0,0,39,4,43,38,9,51,28,126,12,28,40,166
07/07/2000,HRL,TX,ASW,CE,Federal Contract Tower,34,8,8,8,58,5,0,35,0,40,39,8,43,8,98,4,6,10,108
07/08/2000,HRL,TX,ASW,CE,Federal Contract Tower,22,7,5,0,34,7,6,18,0,31,29,13,23,0,65,0,0,0,65
07/09/2000,HRL,TX,ASW,CE,Federal Contract Tower,27,8,6,2,43,5,0,32,0,37,32,8,38,2,80,16,2,18,98
07/10/2000,HRL,TX,ASW,CE,Federal Contract Tower,34,12,13,27,86,0,0,28,3,31,34,12,41,30,117,2,60,62,179
07/11/2000,HRL,TX,ASW,CE,Federal Contract Tower,35,11,10,14,70,0,1,26,0,27,35,12,36,14,97,4,16,20,117
07/12/2000,HRL,TX,ASW,CE,Federal Contract Tower,39,12,11,23,85,0,3,23,1,27,39,15,34,24,112,44,26,70,182
07/13/2000,HRL,TX,ASW,CE,Federal Contract Tower,40,8,12,24,84,0,0,52,6,58,40,8,64,30,142,10,48,58,200
07/14/2000,HRL,TX,ASW,CE,Federal Contract Tower,44,9,11,16,80,8,0,46,0,54,52,9,57,16,134,10,106,116,250
07/15/2000,HRL,TX,ASW,CE,Federal Contract Tower,22,5,6,0,33,6,11,34,0,51,28,16,40,0,84,2,0,2,86
07/16/2000,HRL,TX,ASW,CE,Federal Contract Tower,23,5,6,0,34,11,3,30,0,44,34,8,36,0,78,2,0,2,80
07/17/2000,HRL,TX,ASW,CE,Federal Contract Tower,35,9,15,28,87,0,0,39,4,43,35,9,54,32,130,16,36,52,182
07/18/2000,HRL,TX,ASW,CE,Federal Contract Tower,37,9,10,19,75,0,1,21,1,23,37,10,31,20,98,4,14,18,116
07/19/2000,HRL,TX,ASW,CE,Federal Contract Tower,37,8,11,20,76,0,0,40,0,40,37,8,51,20,116,2,12,14,130
07/20/2000,HRL,TX,ASW,CE,Federal Contract Tower,34,10,11,20,75,0,0,48,2,50,34,10,59,22,125,6,104,110,235
07/21/2000,HRL,TX,ASW,CE,Federal Contract Tower,29,7,8,6,50,12,1,31,0,44,41,8,39,6,94,4,78,82,176
07/22/2000,HRL,TX,ASW,CE,Federal Contract Tower,23,5,6,0,34,5,11,25,0,41,28,16,31,0,75,0,0,0,75
07/23/2000,HRL,TX,ASW,CE,Federal Contract Tower,24,5,6,4,39,7,3,26,0,36,31,8,32,4,75,8,0,8,83
07/24/2000,HRL,TX,ASW,CE,Federal Contract Tower,33,8,9,14,64,3,1,20,6,30,36,9,29,20,94,14,10,24,118
07/25/2000,HRL,TX,ASW,CE,Federal Contract Tower,37,12,12,22,83,0,2,31,8,41,37,14,43,30,124,18,16,34,158
07/26/2000,HRL,TX,ASW,CE,Federal Contract Tower,38,9,10,16,73,0,1,26,0,27,38,10,36,16,100,10,78,88,188
07/27/2000,HRL,TX,ASW,CE,Federal Contract Tower,37,9,10,12,68,2,0,27,0,29,39,9,37,12,97,0,10,10,107
07/28/2000,HRL,TX,ASW,CE,Federal Contract Tower,36,8,9,16,69,0,0,31,5,36,36,8,40,21,105,34,68,102,207
07/29/2000,HRL,TX,ASW,CE,Federal Contract Tower,28,7,7,4,46,0,8,33,0,41,28,15,40,4,87,36,28,64,151
07/30/2000,HRL,TX,ASW,CE,Federal Contract Tower,25,6,7,2,40,7,3,10,0,20,32,9,17,2,60,8,0,8,68
07/31/2000,HRL,TX,ASW,CE,Federal Contract Tower,34,7,10,17,68,0,0,24,3,27,34,7,34,20,95,6,46,52,147
08/01/2000,HRL,TX,ASW,CE,Federal Contract Tower,40,10,14,22,86,0,0,21,0,21,40,10,35,22,107,10,72,82,189
08/02/2000,HRL,TX,ASW,CE,Federal Contract Tower,38,10,12,12,72,0,0,17,0,17,38,10,29,12,89,0,52,52,141
08/03/2000,HRL,TX,ASW,CE,Federal Contract Tower,35,9,10,13,67,0,1,24,0,25,35,10,34,13,92,0,12,12,104
08/04/2000,HRL,TX,ASW,CE,Federal Contract Tower,33,8,10,9,60,5,1,20,0,26,38,9,30,9,86,6,48,54,140
08/05/2000,HRL,TX,ASW,CE,Federal Contract Tower,22,6,7,1,36,7,7,8,0,22,29,13,15,1,58,0,0,0,58
08/06/2000,HRL,TX,ASW,CE,Federal Contract Tower,20,5,7,0,32,11,3,8,0,22,31,8,15,0,54,2,0,2,56
08/07/2000,HRL,TX,ASW,CE,Federal Contract Tower,35,9,11,16,71,0,0,24,2,26,35,9,35,18,97,0,24,24,121
08/08/2000,HRL,TX,ASW,CE,Federal Contract Tower,33,8,9,10,60,5,0,20,0,25,38,8,29,10,85,14,4,18,103
08/09/2000,HRL,TX,ASW,CE,Federal Contract Tower,35,9,10,8,62,2,1,18,0,21,37,10,28,8,83,0,12,12,95
08/10/2000,HRL,TX,ASW,CE,Federal Contract Tower,37,9,15,22,83,0,0,23,8,31,37,9,38,30,114,2,42,44,158
08/11/2000,HRL,TX,ASW,CE,Federal Contract Tower,38,11,13,14,76,0,1,18,0,19,38,12,31,14,95,4,42,46,141
08/12/2000,HRL,TX,ASW,CE,Federal Contract Tower,21,6,6,0,33,7,8,13,0,28,28,14,19,0,61,8,0,8,69
08/13/2000,HRL,TX,ASW,CE,Federal Contract Tower,22,6,6,0,34,11,1,9,0,21,33,7,15,0,55,0,0,0,55
08/14/2000,HRL,TX,ASW,CE,Federal Contract Tower,35,9,11,14,69,0,0,27,0,27,35,9,38,14,96,2,10,12,108
08/15/2000,HRL,TX,ASW,CE,Federal Contract Tower,28,7,8,2,45,11,0,17,0,28,39,7,25,2,73,0,0,0,73
08/16/2000,HRL,TX,ASW,CE,Federal Contract Tower,38,9,11,10,68,0,0,19,0,19,38,9,30,10,87,8,16,24,111
08/17/2000,HRL,TX,ASW,CE,Federal Contract Tower,38,8,14,19,79,0,0,39,1,40,38,8,53,20,119,2,190,192,311
08/18/2000,HRL,TX,ASW,CE,Federal Contract Tower,39,10,11,14,74,0,1,14,0,15,39,11,25,14,89,6,12,18,107
08/19/2000,HRL,TX,ASW,CE,Federal Contract Tower,27,6,8,2,43,1,8,11,0,20,28,14,19,2,63,6,10,16,79
08/20/2000,HRL,TX,ASW,CE,Federal Contract Tower,25,5,8,0,38,5,3,19,0,27,30,8,27,0,65,2,0,2,67
08/21/2000,HRL,TX,ASW,CE,Federal Contract Tower,36,8,12,16,72,0,1,25,7,33,36,9,37,23,105,0,92,92,197
08/22/2000,HRL,TX,ASW,CE,Federal Contract Tower,34,7,11,10,62,2,2,31,0,35,36,9,42,10,97,2,18,20,117
08/23/2000,HRL,TX,ASW,CE,Federal Contract Tower,35,9,13,17,74,0,0,26,15,41,35,9,39,32,115,0,0,0,115
08/24/2000,HRL,TX,ASW,CE,Federal Contract Tower,36,9,13,16,74,0,1,32,0,33,36,10,45,16,107,6,46,52,159
08/25/2000,HRL,TX,ASW,CE,Federal Contract Tower,33,6,11,4,54,6,0,22,0,28,39,6,33,4,82,2,10,12,94
08/26/2000,HRL,TX,ASW,CE,Federal Contract Tower,20,4,7,0,31,7,10,2,0,19,27,14,9,0,50,0,0,0,50
08/27/2000,HRL,TX,ASW,CE,Federal Contract Tower,23,5,7,0,35,9,3,21,0,33,32,8,28,0,68,0,0,0,68
08/28/2000,HRL,TX,ASW,CE,Federal Contract Tower,36,8,13,19,76,0,0,37,15,52,36,8,50,34,128,18,80,98,226
08/29/2000,HRL,TX,ASW,CE,Federal Contract Tower,41,9,12,19,81,0,0,20,3,23,41,9,32,22,104,10,36,46,150
08/30/2000,HRL,TX,ASW,CE,Federal Contract Tower,40,9,13,18,80,0,0,12,0,12,40,9,25,18,92,14,26,40,132
08/31/2000,HRL,TX,ASW,CE,Federal Contract Tower,38,9,12,18,77,0,3,25,4,32,38,12,37,22,109,8,152,160,269
09/01/2000,HRL,TX,ASW,CE,Federal Contract Tower,28,9,8,14,59,11,1,26,0,38,39,10,34,14,97,14,120,134,231
09/02/2000,HRL,TX,ASW,CE,Federal Contract Tower,19,6,5,2,32,6,8,14,0,28,25,14,19,2,60,0,0,0,60
09/03/2000,HRL,TX,ASW,CE,Federal Contract Tower,16,5,4,0,25,5,1,20,0,26,21,6,24,0,51,14,0,14,65
09/04/2000,HRL,TX,ASW,CE,Federal Contract Tower,21,7,6,0,34,10,0,26,0,36,31,7,32,0,70,2,0,2,72
09/05/2000,HRL,TX,ASW,CE,Federal Contract Tower,30,6,9,8,53,5,0,33,0,38,35,6,42,8,91,2,8,10,101
09/06/2000,HRL,TX,ASW,CE,Federal Contract Tower,37,9,12,22,80,0,0,24,3,27,37,9,36,25,107,2,58,60,167
09/07/2000,HRL,TX,ASW,CE,Federal Contract Tower,33,8,16,27,84,0,0,37,6,43,33,8,53,33,127,28,106,134,261
09/08/2000,HRL,TX,ASW,CE,Federal Contract Tower,24,7,8,2,41,11,3,23,0,37,35,10,31,2,78,4,0,4,82
09/09/2000,HRL,TX,ASW,CE,Federal Contract Tower,19,6,6,0,31,7,8,20,0,35,26,14,26,0,66,46,0,46,112
09/10/2000,HRL,TX,ASW,CE,Federal Contract Tower,21,6,6,0,33,8,2,23,0,33,29,8,29,0,66,0,0,0,66
09/11/2000,HRL,TX,ASW,CE,Federal Contract Tower,32,8,12,18,70,0,0,23,0,23,32,8,35,18,93,6,24,30,123
09/12/2000,HRL,TX,ASW,CE,Federal Contract Tower,33,7,10,18,68,0,0,23,4,27,33,7,33,22,95,22,66,88,183
09/13/2000,HRL,TX,ASW,CE,Federal Contract Tower,29,9,8,2,48,5,2,26,0,33,34,11,34,2,81,0,6,6,87
09/14/2000,HRL,TX,ASW,CE,Federal Contract Tower,35,9,15,22,81,0,0,24,0,24,35,9,39,22,105,38,46,84,189
09/15/2000,HRL,TX,ASW,CE,Federal Contract Tower,29,7,10,3,49,3,0,27,0,30,32,7,37,3,79,0,4,4,83
09/16/2000,HRL,TX,ASW,CE,Federal Contract Tower,22,6,7,2,37,4,10,15,0,29,26,16,22,2,66,0,2,2,68
09/17/2000,HRL,TX,ASW,CE,Federal Contract Tower,19,5,7,0,31,10,3,13,0,26,29,8,20,0,57,0,0,0,57
09/18/2000,HRL,TX,ASW,CE,Federal Contract Tower,32,7,11,16,66,0,0,25,0,25,32,7,36,16,91,32,26,58,149
09/19/2000,HRL,TX,ASW,CE,Federal Contract Tower,35,11,14,21,81,0,0,29,9,38,35,11,43,30,119,0,12,12,131
09/20/2000,HRL,TX,ASW,CE,Federal Contract Tower,38,11,13,21,83,0,0,30,3,33,38,11,43,24,116,6,44,50,166
09/21/2000,HRL,TX,ASW,CE,Federal Contract Tower,33,9,15,24,81,0,0,20,6,26,33,9,35,30,107,2,108,110,217
09/22/2000,HRL,TX,ASW,CE,Federal Contract Tower,34,7,11,17,69,0,0,33,0,33,34,7,44,17,102,22,92,114,216
09/23/2000,HRL,TX,ASW,CE,Federal Contract Tower,26,7,10,0,43,0,7,8,0,15,26,14,18,0,58,0,0,0,58
09/24/2000,HRL,TX,ASW,CE,Federal Contract Tower,24,6,8,2,40,4,2,22,0,28,28,8,30,2,68,20,2,22,90
09/25/2000,HRL,TX,ASW,CE,Federal Contract Tower,30,8,9,14,61,4,0,19,0,23,34,8,28,14,84,18,66,84,168
09/26/2000,HRL,TX,ASW,CE,Federal Contract Tower,37,9,12,17,75,0,0,27,1,28,37,9,39,18,103,18,10,28,131
09/27/2000,HRL,TX,ASW,CE,Federal Contract Tower,35,8,12,20,75,0,0,34,0,34,35,8,46,20,109,8,24,32,141
09/28/2000,HRL,TX,ASW,CE,Federal Contract Tower,33,10,11,19,73,0,2,28,0,30,33,12,39,19,103,18,14,32,135
09/29/2000,HRL,TX,ASW,CE,Federal Contract Tower,36,10,11,16,73,0,1,25,0,26,36,11,36,16,99,0,16,16,115
09/30/2000,HRL,TX,ASW,CE,Federal Contract Tower,21,5,6,0,32,5,9,11,0,25,26,14,17,0,57,16,0,16,73
10/01/2000,HRL,TX,ASW,CE,Federal Contract Tower,21,7,7,3,38,8,2,16,0,26,29,9,23,3,64,36,0,36,100
10/02/2000,HRL,TX,ASW,CE,Federal Contract Tower,29,9,10,11,59,6,2,15,0,23,35,11,25,11,82,0,6,6,88
10/03/2000,HRL,TX,ASW,CE,Federal Contract Tower,37,10,20,24,91,0,0,16,12,28,37,10,36,36,119,4,60,64,183
10/04/2000,HRL,TX,ASW,CE,Federal Contract Tower,39,10,15,18,82,0,0,20,4,24,39,10,35,22,106,8,30,38,144
10/05/2000,HRL,TX,ASW,CE,Federal Contract Tower,25,8,9,0,42,10,2,19,0,31,35,10,28,0,73,0,0,0,73
10/06/2000,HRL,TX,ASW,CE,Federal Contract Tower,28,9,10,4,51,13,1,4,0,18,41,10,14,4,69,0,0,0,69
10/07/2000,HRL,TX,ASW,CE,Federal Contract Tower,28,9,10,2,49,2,6,3,0,11,30,15,13,2,60,0,0,0,60
10/08/2000,HRL,TX,ASW,CE,Federal Contract Tower,19,6,6,0,31,10,1,5,0,16,29,7,11,0,47,0,0,0,47
10/09/2000,HRL,TX,ASW,CE,Federal Contract Tower,28,9,10,0,47,5,2,11,0,18,33,11,21,0,65,0,0,0,65
10/10/2000,HRL,TX,ASW,CE,Federal Contract Tower,34,9,13,6,62,0,0,11,0,11,34,9,24,6,73,8,0,8,81
10/11/2000,HRL,TX,ASW,CE,Federal Contract Tower,30,10,10,0,50,3,2,21,0,26,33,12,31,0,76,36,0,36,112
10/12/2000,HRL,TX,ASW,CE,Federal Contract Tower,37,9,16,10,72,0,0,43,0,43,37,9,59,10,115,0,6,6,121
10/13/2000,HRL,TX,ASW,CE,Federal Contract Tower,38,10,15,14,77,0,0,34,0,34,38,10,49,14,111,0,94,94,205
10/14/2000,HRL,TX,ASW,CE,Federal Contract Tower,26,7,10,0,43,0,9,9,0,18,26,16,19,0,61,6,0,6,67
10/15/2000,HRL,TX,ASW,CE,Federal Contract Tower,22,6,8,2,38,8,3,6,0,17,30,9,14,2,55,0,2,2,57
10/16/2000,HRL,TX,ASW,CE,Federal Contract Tower,30,8,12,13,63,0,0,19,4,23,30,8,31,17,86,22,102,124,210
10/17/2000,HRL,TX,ASW,CE,Federal Contract Tower,36,9,19,22,86,0,0,9,10,19,36,9,28,32,105,24,128,152,257
10/18/2000,HRL,TX,ASW,CE,Federal Contract Tower,36,10,15,16,77,0,0,23,0,23,36,10,38,16,100,0,54,54,154
10/19/2000,HRL,TX,ASW,CE,Federal Contract Tower,37,8,14,15,74,0,0,30,12,42,37,8,44,27,116,6,122,128,244
10/20/2000,HRL,TX,ASW,CE,Federal Contract Tower,30,8,12,7,57,3,2,8,0,13,33,10,20,7,70,0,2,2,72
10/21/2000,HRL,TX,ASW,CE,Federal Contract Tower,22,6,8,0,36,5,10,7,0,22,27,16,15,0,58,2,0,2,60
10/22/2000,HRL,TX,ASW,CE,Federal Contract Tower,21,6,8,2,37,9,3,5,0,17,30,9,13,2,54,6,0,6,60
10/23/2000,HRL,TX,ASW,CE,Federal Contract Tower,34,8,13,14,69,0,0,13,16,29,34,8,26,30,98,0,94,94,192
10/24/2000,HRL,TX,ASW,CE,Federal Contract Tower,38,8,16,18,80,0,0,7,6,13,38,8,23,24,93,14,86,100,193
10/25/2000,HRL,TX,ASW,CE,Federal Contract Tower,35,10,19,22,86,0,0,29,9,38,35,10,48,31,124,64,296,360,484
10/26/2000,HRL,TX,ASW,CE,Federal Contract Tower,34,9,13,13,69,1,1,27,1,30,35,10,40,14,99,8,134,142,241
10/27/2000,HRL,TX,ASW,CE,Federal Contract Tower,38,10,14,10,72,0,0,41,0,41,38,10,55,10,113,64,138,202,315
10/28/2000,HRL,TX,ASW,CE,Federal Contract Tower,22,6,7,0,35,4,9,19,0,32,26,15,26,0,67,0,4,4,71
10/29/2000,HRL,TX,ASW,CE,Federal Contract Tower,21,6,7,0,34,9,3,10,0,22,30,9,17,0,56,0,0,0,56
10/30/2000,HRL,TX,ASW,CE,Federal Contract Tower,35,8,13,16,72,0,0,19,6,25,35,8,32,22,97,14,48,62,159
10/31/2000,HRL,TX,ASW,CE,Federal Contract Tower,36,9,12,14,71,1,0,18,0,19,37,9,30,14,90,12,112,124,214
11/01/2000,HRL,TX,ASW,CE,Federal Contract Tower,35,15,13,14,77,0,0,23,6,29,35,15,36,20,106,4,232,236,342
11/02/2000,HRL,TX,ASW,CE,Federal Contract Tower,35,12,14,15,76,0,0,18,11,29,35,12,32,26,105,36,56,92,197
11/03/2000,HRL,TX,ASW,CE,Federal Contract Tower,37,13,15,16,81,0,0,18,0,18,37,13,33,16,99,0,68,68,167
11/04/2000,HRL,TX,ASW,CE,Federal Contract Tower,20,8,7,0,35,7,6,2,0,15,27,14,9,0,50,6,0,6,56
11/05/2000,HRL,TX,ASW,CE,Federal Contract Tower,25,10,8,8,51,4,1,1,0,6,29,11,9,8,57,0,10,10,67
11/06/2000,HRL,TX,ASW,CE,Federal Contract Tower,31,12,10,11,64,1,0,18,18,37,32,12,28,29,101,14,96,110,211
11/07/2000,HRL,TX,ASW,CE,Federal Contract Tower,39,14,16,18,87,0,0,25,6,31,39,14,41,24,118,62,92,154,272
11/08/2000,HRL,TX,ASW,CE,Federal Contract Tower,32,12,11,0,55,6,0,12,0,18,38,12,23,0,73,18,0,18,91
11/09/2000,HRL,TX,ASW,CE,Federal Contract Tower,29,10,10,8,57,7,0,23,0,30,36,10,33,8,87,0,2,2,89
11/10/2000,HRL,TX,ASW,CE,Federal Contract Tower,26,10,9,0,45,6,4,17,0,27,32,14,26,0,72,0,0,0,72
11/11/2000,HRL,TX,ASW,CE,Federal Contract Tower,20,8,7,0,35,7,7,4,0,18,27,15,11,0,53,0,0,0,53
11/12/2000,HRL,TX,ASW,CE,Federal Contract Tower,16,7,4,0,27,9,1,0,0,10,25,8,4,0,37,0,0,0,37
11/13/2000,HRL,TX,ASW,CE,Federal Contract Tower,35,13,13,14,75,0,0,4,0,4,35,13,17,14,79,0,26,26,105
11/14/2000,HRL,TX,ASW,CE,Federal Contract Tower,33,12,11,10,66,5,0,21,0,26,38,12,32,10,92,8,14,22,114
11/15/2000,HRL,TX,ASW,CE,Federal Contract Tower,38,14,12,15,79,0,1,11,1,13,38,15,23,16,92,2,22,24,116
11/16/2000,HRL,TX,ASW,CE,Federal Contract Tower,36,14,17,21,88,0,0,23,10,33,36,14,40,31,121,30,118,148,269
11/17/2000,HRL,TX,ASW,CE,Federal Contract Tower,40,13,14,10,77,0,0,19,0,19,40,13,33,10,96,0,6,6,102
11/18/2000,HRL,TX,ASW,CE,Federal Contract Tower,26,9,7,0,42,5,4,1,0,10,31,13,8,0,52,0,0,0,52
11/19/2000,HRL,TX,ASW,CE,Federal Contract Tower,32,11,10,2,55,2,0,11,0,13,34,11,21,2,68,6,6,12,80
11/20/2000,HRL,TX,ASW,CE,Federal Contract Tower,32,12,10,12,66,0,1,30,0,31,32,13,40,12,97,12,26,38,135
11/21/2000,HRL,TX,ASW,CE,Federal Contract Tower,39,13,12,16,80,0,0,27,2,29,39,13,39,18,109,6,6,12,121
11/22/2000,HRL,TX,ASW,CE,Federal Contract Tower,35,13,10,7,65,2,3,19,0,24,37,16,29,7,89,0,82,82,171
11/23/2000,HRL,TX,ASW,CE,Federal Contract Tower,14,4,4,0,22,2,7,6,0,15,16,11,10,0,37,0,0,0,37
11/24/2000,HRL,TX,ASW,CE,Federal Contract Tower,21,7,6,0,34,4,4,23,0,31,25,11,29,0,65,0,0,0,65
11/25/2000,HRL,TX,ASW,CE,Federal Contract Tower,22,8,6,0,36,2,5,7,0,14,24,13,13,0,50,0,0,0,50
11/26/2000,HRL,TX,ASW,CE,Federal Contract Tower,27,9,8,0,44,3,2,20,0,25,30,11,28,0,69,2,0,2,71
11/27/2000,HRL,TX,ASW,CE,Federal Contract Tower,32,12,9,4,57,3,2,18,0,23,35,14,27,4,80,0,2,2,82
11/28/2000,HRL,TX,ASW,CE,Federal Contract Tower,36,14,11,13,74,1,0,10,2,13,37,14,21,15,87,4,44,48,135
11/29/2000,HRL,TX,ASW,CE,Federal Contract Tower,35,14,12,12,73,0,0,18,0,18,35,14,30,12,91,0,12,12,103
11/30/2000,HRL,TX,ASW,CE,Federal Contract Tower,37,14,14,18,83,0,0,14,4,18,37,14,28,22,101,2,16,18,119
12/01/2000,HRL,TX,ASW,CE,Federal Contract Tower,38,14,14,4,70,0,0,20,0,20,38,14,34,4,90,12,2,14,104
12/02/2000,HRL,TX,ASW,CE,Federal Contract Tower,22,9,8,4,43,6,6,5,0,17,28,15,13,4,60,4,8,12,72
12/03/2000,HRL,TX,ASW,CE,Federal Contract Tower,23,8,9,0,40,7,0,2,0,9,30,8,11,0,49,0,0,0,49
12/04/2000,HRL,TX,ASW,CE,Federal Contract Tower,35,18,16,9,78,0,0,1,5,6,35,18,17,14,84,0,18,18,102
12/05/2000,HRL,TX,ASW,CE,Federal Contract Tower,39,14,18,10,81,0,0,6,8,14,39,14,24,18,95,28,14,42,137
12/06/2000,HRL,TX,ASW,CE,Federal Contract Tower,36,15,14,8,73,0,0,10,0,10,36,15,24,8,83,4,14,18,101
12/07/2000,HRL,TX,ASW,CE,Federal Contract Tower,34,14,12,7,67,3,2,21,6,32,37,16,33,13,99,2,56,58,157
12/08/2000,HRL,TX,ASW,CE,Federal Contract Tower,35,14,12,2,63,3,3,36,0,42,38,17,48,2,105,0,4,4,109
12/09/2000,HRL,TX,ASW,CE,Federal Contract Tower,22,10,8,2,42,4,7,20,0,31,26,17,28,2,73,0,0,0,73
12/10/2000,HRL,TX,ASW,CE,Federal Contract Tower,25,10,9,0,44,5,5,3,0,13,30,15,12,0,57,0,0,0,57
12/11/2000,HRL,TX,ASW,CE,Federal Contract Tower,33,14,13,7,67,0,0,17,9,26,33,14,30,16,93,18,94,112,205
12/12/2000,HRL,TX,ASW,CE,Federal Contract Tower,36,14,14,8,72,0,0,7,10,17,36,14,21,18,89,0,6,6,95
12/13/2000,HRL,TX,ASW,CE,Federal Contract Tower,34,14,16,11,75,0,0,13,3,16,34,14,29,14,91,12,14,26,117
12/14/2000,HRL,TX,ASW,CE,Federal Contract Tower,40,13,13,8,74,0,0,8,0,8,40,13,21,8,82,0,4,4,86
12/15/2000,HRL,TX,ASW,CE,Federal Contract Tower,33,10,11,2,56,0,0,14,0,14,33,10,25,2,70,2,0,2,72
12/16/2000,HRL,TX,ASW,CE,Federal Contract Tower,25,11,8,0,44,3,3,14,0,20,28,14,22,0,64,0,0,0,64
12/17/2000,HRL,TX,ASW,CE,Federal Contract Tower,28,11,9,0,48,2,5,20,0,27,30,16,29,0,75,0,0,0,75
12/18/2000,HRL,TX,ASW,CE,Federal Contract Tower,35,12,11,8,66,0,0,21,10,31,35,12,32,18,97,0,136,136,233
12/19/2000,HRL,TX,ASW,CE,Federal Contract Tower,39,14,14,9,76,0,0,9,7,16,39,14,23,16,92,0,14,14,106
12/20/2000,HRL,TX,ASW,CE,Federal Contract Tower,40,15,14,9,78,0,0,9,0,9,40,15,23,9,87,4,10,14,101
12/21/2000,HRL,TX,ASW,CE,Federal Contract Tower,37,14,11,8,70,2,2,15,0,19,39,16,26,8,89,0,2,2,91
12/22/2000,HRL,TX,ASW,CE,Federal Contract Tower,36,14,11,6,67,5,2,13,0,20,41,16,24,6,87,10,2,12,99
12/23/2000,HRL,TX,ASW,CE,Federal Contract Tower,25,9,8,0,42,3,6,1,0,10,28,15,9,0,52,0,0,0,52
12/24/2000,HRL,TX,ASW,CE,Federal Contract Tower,20,7,6,0,33,4,3,0,0,7,24,10,6,0,40,0,0,0,40
12/25/2000,HRL,TX,ASW,CE,Federal Contract Tower,17,6,5,0,28,2,3,3,0,8,19,9,8,0,36,0,0,0,36
12/26/2000,HRL,TX,ASW,CE,Federal Contract Tower,36,13,11,0,60,0,2,13,0,15,36,15,24,0,75,0,0,0,75
12/27/2000,HRL,TX,ASW,CE,Federal Contract Tower,36,14,11,4,65,1,0,15,0,16,37,14,26,4,81,0,0,0,81
12/28/2000,HRL,TX,ASW,CE,Federal Contract Tower,36,13,11,2,62,2,0,26,0,28,38,13,37,2,90,0,6,6,96
12/29/2000,HRL,TX,ASW,CE,Federal Contract Tower,29,12,10,4,55,7,2,20,0,29,36,14,30,4,84,0,0,0,84
12/30/2000,HRL,TX,ASW,CE,Federal Contract Tower,24,10,7,0,41,3,5,9,0,17,27,15,16,0,58,0,0,0,58
12/31/2000,HRL,TX,ASW,CE,Federal Contract Tower,22,9,7,0,38,0,2,3,0,5,22,11,10,0,43,0,0,0,43
01/01/2001,HRL,TX,ASW,CE,Federal Contract Tower,15,6,6,0,27,5,1,0,0,6,20,7,6,0,33,0,0,0,33
01/02/2001,HRL,TX,ASW,CE,Federal Contract Tower,35,8,13,0,56,17,0,0,0,17,52,8,13,0,73,0,0,0,73
01/03/2001,HRL,TX,ASW,CE,Federal Contract Tower,32,12,13,8,65,4,2,8,0,14,36,14,21,8,79,0,2,2,81
01/04/2001,HRL,TX,ASW,CE,Federal Contract Tower,34,14,16,12,76,0,3,21,0,24,34,17,37,12,100,0,10,10,110
01/05/2001,HRL,TX,ASW,CE,Federal Contract Tower,37,14,15,14,80,0,0,20,0,20,37,14,35,14,100,2,32,34,134
01/06/2001,HRL,TX,ASW,CE,Federal Contract Tower,24,9,10,9,52,3,6,19,1,29,27,15,29,10,81,14,40,54,135
01/07/2001,HRL,TX,ASW,CE,Federal Contract Tower,27,11,10,0,48,3,3,17,0,23,30,14,27,0,71,2,0,2,73
01/08/2001,HRL,TX,ASW,CE,Federal Contract Tower,35,13,13,13,74,0,0,6,3,9,35,13,19,16,83,2,16,18,101
01/09/2001,HRL,TX,ASW,CE,Federal Contract Tower,35,14,13,12,74,4,0,12,0,16,39,14,25,12,90,4,148,152,242
01/10/2001,HRL,TX,ASW,CE,Federal Contract Tower,35,14,14,13,76,0,0,4,1,5,35,14,18,14,81,8,10,18,99
01/11/2001,HRL,TX,ASW,CE,Federal Contract Tower,38,8,14,8,68,1,0,33,0,34,39,8,47,8,102,38,6,44,146
01/12/2001,HRL,TX,ASW,CE,Federal Contract Tower,38,14,14,14,80,0,0,16,5,21,38,14,30,19,101,12,0,12,113
01/13/2001,HRL,TX,ASW,CE,Federal Contract Tower,23,9,9,0,41,4,7,13,0,24,27,16,22,0,65,4,0,4,69
01/14/2001,HRL,TX,ASW,CE,Federal Contract Tower,25,9,9,0,43,5,0,9,0,14,30,9,18,0,57,0,0,0,57
01/15/2001,HRL,TX,ASW,CE,Federal Contract Tower,30,12,10,0,52,7,2,19,0,28,37,14,29,0,80,16,0,16,96
01/16/2001,HRL,TX,ASW,CE,Federal Contract Tower,37,15,15,18,85,0,0,7,1,8,37,15,22,19,93,0,46,46,139
01/17/2001,HRL,TX,ASW,CE,Federal Contract Tower,36,13,22,23,94,0,0,3,19,22,36,13,25,42,116,0,190,190,306
01/18/2001,HRL,TX,ASW,CE,Federal Contract Tower,35,13,13,12,73,0,0,12,0,12,35,13,25,12,85,4,6,10,95
01/19/2001,HRL,TX,ASW,CE,Federal Contract Tower,38,13,15,16,82,0,0,21,12,33,38,13,36,28,115,4,18,22,137
01/20/2001,HRL,TX,ASW,CE,Federal Contract Tower,21,6,7,0,34,3,6,38,0,47,24,12,45,0,81,12,0,12,93
01/21/2001,HRL,TX,ASW,CE,Federal Contract Tower,24,9,8,8,49,6,2,12,0,20,30,11,20,8,69,8,0,8,77
01/22/2001,HRL,TX,ASW,CE,Federal Contract Tower,35,12,13,14,74,0,0,39,6,45,35,12,52,20,119,0,18,18,137
01/23/2001,HRL,TX,ASW,CE,Federal Contract Tower,36,14,12,12,74,0,1,26,2,29,36,15,38,14,103,0,122,122,225
01/24/2001,HRL,TX,ASW,CE,Federal Contract Tower,37,15,14,15,81,0,0,19,3,22,37,15,33,18,103,0,110,110,213
01/25/2001,HRL,TX,ASW,CE,Federal Contract Tower,36,13,13,13,75,0,0,24,3,27,36,13,37,16,102,2,70,72,174
01/26/2001,HRL,TX,ASW,CE,Federal Contract Tower,39,16,14,14,83,0,0,26,0,26,39,16,40,14,109,22,164,186,295
01/27/2001,HRL,TX,ASW,CE,Federal Contract Tower,26,10,8,9,53,3,6,8,0,17,29,16,16,9,70,0,18,18,88
01/28/2001,HRL,TX,ASW,CE,Federal Contract Tower,28,11,9,4,52,2,1,12,0,15,30,12,21,4,67,0,4,4,71
01/29/2001,HRL,TX,ASW,CE,Federal Contract Tower,35,14,12,10,71,0,2,16,0,18,35,16,28,10,89,12,10,22,111
01/30/2001,HRL,TX,ASW,CE,Federal Contract Tower,34,13,11,13,71,4,2,23,3,32,38,15,34,16,103,60,136,196,299
01/31/2001,HRL,TX,ASW,CE,Federal Contract Tower,39,16,14,15,84,0,0,22,1,23,39,16,36,16,107,0,22,22,129
02/01/2001,HRL,TX,ASW,CE,Federal Contract Tower,34,16,16,4,70,0,0,11,0,11,34,16,27,4,81,0,2,2,83
02/02/2001,HRL,TX,ASW,CE,Federal Contract Tower,35,16,16,12,79,1,0,18,0,19,36,16,34,12,98,0,22,22,120
02/03/2001,HRL,TX,ASW,CE,Federal Contract Tower,23,11,11,2,47,9,4,9,0,22,32,15,20,2,69,10,0,10,79
02/04/2001,HRL,TX,ASW,CE,Federal Contract Tower,25,12,12,1,50,10,0,32,0,42,35,12,44,1,92,6,0,6,98
02/05/2001,HRL,TX,ASW,CE,Federal Contract Tower,34,15,16,13,78,2,0,21,1,24,36,15,37,14,102,26,74,100,202
02/06/2001,HRL,TX,ASW,CE,Federal Contract Tower,31,14,15,11,71,5,2,26,0,33,36,16,41,11,104,0,2,2,106
02/07/2001,HRL,TX,ASW,CE,Federal Contract Tower,38,13,21,17,89,0,0,35,2,37,38,13,56,19,126,10,64,74,200
02/08/2001,HRL,TX,ASW,CE,Federal Contract Tower,39,15,18,12,84,0,0,7,0,7,39,15,25,12,91,0,100,100,191
02/09/2001,HRL,TX,ASW,CE,Federal Contract Tower,34,15,16,13,78,3,1,22,3,29,37,16,38,16,107,6,8,14,121
02/10/2001,HRL,TX,ASW,CE,Federal Contract Tower,21,10,10,0,41,7,8,11,0,26,28,18,21,0,67,4,0,4,71
02/11/2001,HRL,TX,ASW,CE,Federal Contract Tower,22,10,10,2,44,5,1,0,0,6,27,11,10,2,50,6,0,6,56
02/12/2001,HRL,TX,ASW,CE,Federal Contract Tower,26,12,12,0,50,7,2,1,0,10,33,14,13,0,60,0,0,0,60
02/13/2001,HRL,TX,ASW,CE,Federal Contract Tower,34,12,16,8,70,6,0,26,0,32,40,12,42,8,102,12,2,14,116
02/14/2001,HRL,TX,ASW,CE,Federal Contract Tower,37,16,20,17,90,0,0,10,9,19,37,16,30,26,109,0,90,90,199
02/15/2001,HRL,TX,ASW,CE,Federal Contract Tower,37,15,23,22,97,0,0,0,22,22,37,15,23,44,119,0,200,200,319
02/16/2001,HRL,TX,ASW,CE,Federal Contract Tower,37,15,18,12,82,0,0,49,0,49,37,15,67,12,131,8,18,26,157
02/17/2001,HRL,TX,ASW,CE,Federal Contract Tower,21,8,9,0,38,9,7,22,0,38,30,15,31,0,76,12,0,12,88
02/18/2001,HRL,TX,ASW,CE,Federal Contract Tower,20,8,9,2,39,10,5,7,0,22,30,13,16,2,61,0,2,2,63
02/19/2001,HRL,TX,ASW,CE,Federal Contract Tower,30,13,13,0,56,5,2,24,0,31,35,15,37,0,87,12,0,12,99
02/20/2001,HRL,TX,ASW,CE,Federal Contract Tower,36,18,21,19,94,0,0,21,3,24,36,18,42,22,118,2,114,116,234
02/21/2001,HRL,TX,ASW,CE,Federal Contract Tower,41,14,20,16,91,0,0,28,0,28,41,14,48,16,119,20,18,38,157
02/22/2001,HRL,TX,ASW,CE,Federal Contract Tower,37,17,20,10,84,0,0,30,0,30,37,17,50,10,114,0,46,46,160
02/23/2001,HRL,TX,ASW,CE,Federal Contract Tower,37,17,18,17,89,0,0,11,5,16,37,17,29,22,105,8,20,28,133
02/24/2001,HRL,TX,ASW,CE,Federal Contract Tower,24,9,10,0,43,3,7,20,0,30,27,16,30,0,73,6,0,6,79
02/25/2001,HRL,TX,ASW,CE,Federal Contract Tower,23,9,10,0,42,3,2,14,0,19,26,11,24,0,61,0,0,0,61
02/26/2001,HRL,TX,ASW,CE,Federal Contract Tower,35,14,16,13,78,0,4,14,1,19,35,18,30,14,97,10,0,10,107
02/27/2001,HRL,TX,ASW,CE,Federal Contract Tower,40,16,20,16,92,0,0,14,11,25,40,16,34,27,117,0,56,56,173
02/28/2001,HRL,TX,ASW,CE,Federal Contract Tower,38,22,26,22,108,0,0,16,12,28,38,22,42,34,136,4,64,68,204
03/01/2001,HRL,TX,ASW,CE,Federal Contract Tower,36,17,17,18,88,0,0,18,0,18,36,17,35,18,106,2,4,6,112
03/02/2001,HRL,TX,ASW,CE,Federal Contract Tower,40,19,17,17,93,0,0,10,3,13,40,19,27,20,106,0,10,10,116
03/03/2001,HRL,TX,ASW,CE,Federal Contract Tower,24,12,9,4,49,5,6,8,0,19,29,18,17,4,68,0,2,2,70
03/04/2001,HRL,TX,ASW,CE,Federal Contract Tower,22,11,8,0,41,6,4,19,0,29,28,15,27,0,70,18,0,18,88
03/05/2001,HRL,TX,ASW,CE,Federal Contract Tower,31,15,11,11,68,2,2,33,1,38,33,17,44,12,106,4,60,64,170
03/06/2001,HRL,TX,ASW,CE,Federal Contract Tower,36,18,15,16,85,0,0,34,9,43,36,18,49,25,128,4,130,134,262
03/07/2001,HRL,TX,ASW,CE,Federal Contract Tower,36,17,15,15,83,0,0,19,9,28,36,17,34,24,111,0,160,160,271
03/08/2001,HRL,TX,ASW,CE,Federal Contract Tower,37,15,14,15,81,0,0,31,3,34,37,15,45,18,115,6,82,88,203
03/09/2001,HRL,TX,ASW,CE,Federal Contract Tower,32,14,11,10,67,7,0,23,0,30,39,14,34,10,97,22,68,90,187
03/10/2001,HRL,TX,ASW,CE,Federal Contract Tower,25,12,9,5,51,11,2,15,0,28,36,14,24,5,79,18,4,22,101
03/11/2001,HRL,TX,ASW,CE,Federal Contract Tower,26,12,9,4,51,6,1,14,0,21,32,13,23,4,72,0,6,6,78
03/12/2001,HRL,TX,ASW,CE,Federal Contract Tower,35,19,14,12,80,0,0,28,0,28,35,19,42,12,108,4,8,12,120
03/13/2001,HRL,TX,ASW,CE,Federal Contract Tower,35,17,14,14,80,0,0,22,0,22,35,17,36,14,102,4,30,34,136
03/14/2001,HRL,TX,ASW,CE,Federal Contract Tower,35,17,15,17,84,0,0,17,11,28,35,17,32,28,112,0,76,76,188
03/15/2001,HRL,TX,ASW,CE,Federal Contract Tower,33,15,12,12,72,2,1,20,1,24,35,16,32,13,96,0,44,44,140
03/16/2001,HRL,TX,ASW,CE,Federal Contract Tower,32,15,11,12,70,6,2,28,0,36,38,17,39,12,106,0,0,0,106
03/17/2001,HRL,TX,ASW,CE,Federal Contract Tower,28,13,9,0,50,6,4,14,0,24,34,17,23,0,74,0,0,0,74
03/18/2001,HRL,TX,ASW,CE,Federal Contract Tower,26,11,8,4,49,3,2,15,0,20,29,13,23,4,69,0,2,2,71
03/19/2001,HRL,TX,ASW,CE,Federal Contract Tower,34,14,11,8,67,0,0,20,0,20,34,14,31,8,87,0,8,8,95
03/20/2001,HRL,TX,ASW,CE,Federal Contract Tower,29,12,9,2,52,6,4,29,0,39,35,16,38,2,91,8,0,8,99
03/21/2001,HRL,TX,ASW,CE,Federal Contract Tower,35,15,11,13,74,1,0,20,0,21,36,15,31,13,95,6,34,40,135
03/22/2001,HRL,TX,ASW,CE,Federal Contract Tower,34,15,11,4,64,0,2,34,0,36,34,17,45,4,100,0,8,8,108
03/23/2001,HRL,TX,ASW,CE,Federal Contract Tower,35,15,11,4,65,2,2,15,0,19,37,17,26,4,84,36,22,58,142
03/24/2001,HRL,TX,ASW,CE,Federal Contract Tower,27,11,9,3,50,4,5,20,0,29,31,16,29,3,79,0,8,8,87
03/25/2001,HRL,TX,ASW,CE,Federal Contract Tower,23,9,7,0,39,6,4,15,0,25,29,13,22,0,64,0,0,0,64
03/26/2001,HRL,TX,ASW,CE,Federal Contract Tower,28,12,9,4,53,5,3,12,0,20,33,15,21,4,73,0,0,0,73
03/27/2001,HRL,TX,ASW,CE,Federal Contract Tower,35,15,19,21,90,0,0,10,11,21,35,15,29,32,111,0,72,72,183
03/28/2001,HRL,TX,ASW,CE,Federal Contract Tower,43,16,14,10,83,0,0,9,0,9,43,16,23,10,92,6,8,14,106
03/29/2001,HRL,TX,ASW,CE,Federal Contract Tower,37,16,13,16,82,0,0,29,5,34,37,16,42,21,116,8,250,258,374
03/30/2001,HRL,TX,ASW,CE,Federal Contract Tower,38,17,13,13,81,0,0,24,0,24,38,17,37,13,105,4,4,8,113
03/31/2001,HRL,TX,ASW,CE,Federal Contract Tower,24,11,8,0,43,6,6,25,0,37,30,17,33,0,80,30,0,30,110
04/01/2001,HRL,TX,ASW,CE,Federal Contract Tower,27,14,8,0,49,0,0,33,0,33,27,14,41,0,82,8,0,8,90
04/02/2001,HRL,TX,ASW,CE,Federal Contract Tower,32,15,12,17,76,0,0,11,4,15,32,15,23,21,91,22,12,34,125
04/03/2001,HRL,TX,ASW,CE,Federal Contract Tower,36,18,10,22,86,0,0,11,0,11,36,18,21,22,97,10,222,232,329
04/04/2001,HRL,TX,ASW,CE,Federal Contract Tower,35,15,16,36,102,0,1,23,0,24,35,16,39,36,126,6,424,430,556
04/05/2001,HRL,TX,ASW,CE,Federal Contract Tower,35,16,25,36,112,0,0,24,0,24,35,16,49,36,136,50,340,390,526
04/06/2001,HRL,TX,ASW,CE,Federal Contract Tower,39,16,22,32,109,0,0,10,0,10,39,16,32,32,119,12,292,304,423
04/07/2001,HRL,TX,ASW,CE,Federal Contract Tower,28,15,6,0,49,0,0,9,0,9,28,15,15,0,58,24,0,24,82
04/08/2001,HRL,TX,ASW,CE,Federal Contract Tower,30,13,4,1,48,0,0,12,1,13,30,13,16,2,61,0,0,0,61
04/09/2001,HRL,TX,ASW,CE,Federal Contract Tower,32,15,18,25,90,0,0,18,0,18,32,15,36,25,108,8,52,60,168
04/10/2001,HRL,TX,ASW,CE,Federal Contract Tower,33,19,15,24,91,0,0,28,0,28,33,19,43,24,119,2,66,68,187
04/11/2001,HRL,TX,ASW,CE,Federal Contract Tower,36,16,12,34,98,0,0,19,0,19,36,16,31,34,117,0,80,80,197
04/12/2001,HRL,TX,ASW,CE,Federal Contract Tower,36,21,25,22,104,0,0,31,0,31,36,21,56,22,135,10,218,228,363
04/13/2001,HRL,TX,ASW,CE,Federal Contract Tower,37,16,10,24,87,0,0,16,0,16,37,16,26,24,103,0,130,130,233
04/14/2001,HRL,TX,ASW,CE,Federal Contract Tower,25,14,1,0,40,0,2,20,0,22,25,16,21,0,62,4,0,4,66
04/15/2001,HRL,TX,ASW,CE,Federal Contract Tower,28,13,5,0,46,0,0,9,0,9,28,13,14,0,55,0,0,0,55
04/16/2001,HRL,TX,ASW,CE,Federal Contract Tower,32,21,10,24,87,0,0,23,10,33,32,21,33,34,120,8,144,152,272
04/17/2001,HRL,TX,ASW,CE,Federal Contract Tower,40,17,11,16,84,0,0,9,0,9,40,17,20,16,93,18,100,118,211
04/18/2001,HRL,TX,ASW,CE,Federal Contract Tower,32,17,14,24,87,0,0,31,0,31,32,17,45,24,118,12,72,84,202
04/19/2001,HRL,TX,ASW,CE,Federal Contract Tower,36,17,17,2,72,0,0,30,0,30,36,17,47,2,102,12,14,26,128
04/20/2001,HRL,TX,ASW,CE,Federal Contract Tower,37,18,12,0,67,0,0,23,0,23,37,18,35,0,90,12,0,12,102
04/21/2001,HRL,TX,ASW,CE,Federal Contract Tower,26,19,8,0,53,0,0,14,0,14,26,19,22,0,67,0,0,0,67
04/22/2001,HRL,TX,ASW,CE,Federal Contract Tower,28,13,8,0,49,0,1,17,0,18,28,14,25,0,67,0,0,0,67
04/23/2001,HRL,TX,ASW,CE,Federal Contract Tower,34,15,13,19,81,0,0,11,9,20,34,15,24,28,101,18,8,26,127
04/24/2001,HRL,TX,ASW,CE,Federal Contract Tower,35,19,11,8,73,0,1,16,2,19,35,20,27,10,92,42,4,46,138
04/25/2001,HRL,TX,ASW,CE,Federal Contract Tower,34,18,14,20,86,0,1,18,0,19,34,19,32,20,105,4,138,142,247
04/26/2001,HRL,TX,ASW,CE,Federal Contract Tower,34,21,8,12,75,0,0,33,0,33,34,21,41,12,108,36,78,114,222
04/27/2001,HRL,TX,ASW,CE,Federal Contract Tower,39,17,18,4,78,0,0,16,0,16,39,17,34,4,94,24,0,24,118
04/28/2001,HRL,TX,ASW,CE,Federal Contract Tower,27,18,9,0,54,0,0,27,0,27,27,18,36,0,81,6,0,6,87
04/29/2001,HRL,TX,ASW,CE,Federal Contract Tower,28,13,8,0,49,0,0,22,0,22,28,13,30,0,71,10,0,10,81
04/30/2001,HRL,TX,ASW,CE,Federal Contract Tower,34,17,17,10,78,0,0,24,5,29,34,17,41,15,107,14,18,32,139
05/01/2001,HRL,TX,ASW,CE,Federal Contract Tower,31,18,15,12,76,0,0,19,0,19,31,18,34,12,95,22,64,86,181
05/02/2001,HRL,TX,ASW,CE,Federal Contract Tower,35,17,21,11,84,0,0,23,6,29,35,17,44,17,113,2,4,6,119
05/03/2001,HRL,TX,ASW,CE,Federal Contract Tower,32,16,21,16,85,0,0,31,0,31,32,16,52,16,116,0,16,16,132
05/04/2001,HRL,TX,ASW,CE,Federal Contract Tower,33,16,7,9,65,0,0,19,0,19,33,16,26,9,84,22,6,28,112
05/05/2001,HRL,TX,ASW,CE,Federal Contract Tower,27,18,7,0,52,0,0,11,0,11,27,18,18,0,63,16,0,16,79
05/06/2001,HRL,TX,ASW,CE,Federal Contract Tower,28,14,10,0,52,0,0,9,0,9,28,14,19,0,61,0,0,0,61
05/07/2001,HRL,TX,ASW,CE,Federal Contract Tower,32,16,11,15,74,0,0,14,4,18,32,16,25,19,92,48,46,94,186
05/08/2001,HRL,TX,ASW,CE,Federal Contract Tower,35,19,11,8,73,0,0,10,7,17,35,19,21,15,90,20,12,32,122
05/09/2001,HRL,TX,ASW,CE,Federal Contract Tower,33,16,11,10,70,0,2,39,0,41,33,18,50,10,111,10,36,46,157
05/10/2001,HRL,TX,ASW,CE,Federal Contract Tower,37,20,9,2,68,0,2,29,0,31,37,22,38,2,99,16,0,16,115
05/11/2001,HRL,TX,ASW,CE,Federal Contract Tower,33,17,3,6,59,0,0,17,0,17,33,17,20,6,76,24,30,54,130
05/12/2001,HRL,TX,ASW,CE,Federal Contract Tower,27,18,6,0,51,0,0,15,0,15,27,18,21,0,66,20,0,20,86
05/13/2001,HRL,TX,ASW,CE,Federal Contract Tower,28,13,4,0,45,0,0,19,0,19,28,13,23,0,64,0,0,0,64
05/14/2001,HRL,TX,ASW,CE,Federal Contract Tower,32,14,7,14,67,0,0,35,4,39,32,14,42,18,106,26,90,116,222
05/15/2001,HRL,TX,ASW,CE,Federal Contract Tower,33,16,2,16,67,0,0,40,6,46,33,16,42,22,113,24,52,76,189
05/16/2001,HRL,TX,ASW,CE,Federal Contract Tower,37,19,14,21,91,0,0,16,2,18,37,19,30,23,109,50,144,194,303
05/17/2001,HRL,TX,ASW,CE,Federal Contract Tower,34,20,14,34,102,0,0,34,0,34,34,20,48,34,136,44,72,116,252
05/18/2001,HRL,TX,ASW,CE,Federal Contract Tower,37,16,13,8,74,0,0,15,0,15,37,16,28,8,89,30,4,34,123
05/19/2001,HRL,TX,ASW,CE,Federal Contract Tower,28,15,9,2,54,0,0,10,0,10,28,15,19,2,64,48,0,48,112
05/20/2001,HRL,TX,ASW,CE,Federal Contract Tower,27,12,4,0,43,0,0,15,0,15,27,12,19,0,58,20,0,20,78
05/21/2001,HRL,TX,ASW,CE,Federal Contract Tower,29,15,4,7,55,0,0,15,1,16,29,15,19,8,71,0,4,4,75
05/22/2001,HRL,TX,ASW,CE,Federal Contract Tower,31,18,10,14,73,0,0,25,0,25,31,18,35,14,98,8,22,30,128
05/23/2001,HRL,TX,ASW,CE,Federal Contract Tower,32,14,14,16,76,0,1,21,0,22,32,15,35,16,98,26,28,54,152
05/24/2001,HRL,TX,ASW,CE,Federal Contract Tower,37,17,13,24,91,0,0,37,0,37,37,17,50,24,128,12,36,48,176
05/25/2001,HRL,TX,ASW,CE,Federal Contract Tower,34,16,12,31,93,0,0,25,1,26,34,16,37,32,119,10,62,72,191
05/26/2001,HRL,TX,ASW,CE,Federal Contract Tower,26,14,11,0,51,0,0,15,0,15,26,14,26,0,66,8,0,8,74
05/27/2001,HRL,TX,ASW,CE,Federal Contract Tower,22,12,6,0,40,0,0,6,0,6,22,12,12,0,46,10,0,10,56
05/28/2001,HRL,TX,ASW,CE,Federal Contract Tower,24,13,12,0,49,0,0,13,0,13,24,13,25,0,62,0,0,0,62
05/29/2001,HRL,TX,ASW,CE,Federal Contract Tower,35,20,14,22,91,0,1,32,0,33,35,21,46,22,124,18,68,86,210
05/30/2001,HRL,TX,ASW,CE,Federal Contract Tower,35,20,11,28,94,0,1,23,0,24,35,21,34,28,118,32,62,94,212
05/31/2001,HRL,TX,ASW,CE,Federal Contract Tower,34,15,18,30,97,0,0,16,0,16,34,15,34,30,113,24,112,136,249
06/01/2001,HRL,TX,ASW,CE,Federal Contract Tower,33,17,9,20,79,0,0,22,0,22,33,17,31,20,101,10,132,142,243
06/02/2001,HRL,TX,ASW,CE,Federal Contract Tower,28,18,5,0,51,0,0,30,0,30,28,18,35,0,81,2,0,2,83
06/03/2001,HRL,TX,ASW,CE,Federal Contract Tower,28,12,9,2,51,0,0,10,0,10,28,12,19,2,61,0,2,2,63
06/04/2001,HRL,TX,ASW,CE,Federal Contract Tower,33,17,12,34,96,0,0,21,2,23,33,17,33,36,119,8,98,106,225
06/05/2001,HRL,TX,ASW,CE,Federal Contract Tower,38,18,12,24,92,0,0,18,8,26,38,18,30,32,118,4,260,264,382
06/06/2001,HRL,TX,ASW,CE,Federal Contract Tower,34,20,18,12,84,0,0,27,0,27,34,20,45,12,111,4,16,20,131
06/07/2001,HRL,TX,ASW,CE,Federal Contract Tower,31,23,18,14,86,0,0,12,0,12,31,23,30,14,98,4,14,18,116
06/08/2001,HRL,TX,ASW,CE,Federal Contract Tower,35,18,13,6,72,0,0,16,0,16,35,18,29,6,88,2,8,10,98
06/09/2001,HRL,TX,ASW,CE,Federal Contract Tower,25,13,7,0,45,0,0,16,0,16,25,13,23,0,61,6,0,6,67
06/10/2001,HRL,TX,ASW,CE,Federal Contract Tower,28,11,6,0,45,0,0,15,0,15,28,11,21,0,60,0,0,0,60
06/11/2001,HRL,TX,ASW,CE,Federal Contract Tower,32,15,16,20,83,0,0,13,1,14,32,15,29,21,97,10,60,70,167
06/12/2001,HRL,TX,ASW,CE,Federal Contract Tower,34,20,13,18,85,0,1,21,0,22,34,21,34,18,107,10,28,38,145
06/13/2001,HRL,TX,ASW,CE,Federal Contract Tower,34,26,15,8,83,0,0,17,1,18,34,26,32,9,101,4,6,10,111
06/14/2001,HRL,TX,ASW,CE,Federal Contract Tower,33,22,15,16,86,0,0,20,0,20,33,22,35,16,106,4,26,30,136
06/15/2001,HRL,TX,ASW,CE,Federal Contract Tower,33,16,18,2,69,0,0,12,0,12,33,16,30,2,81,4,2,6,87
06/16/2001,HRL,TX,ASW,CE,Federal Contract Tower,25,18,3,0,46,0,0,32,0,32,25,18,35,0,78,8,0,8,86
06/17/2001,HRL,TX,ASW,CE,Federal Contract Tower,28,13,5,0,46,0,0,11,0,11,28,13,16,0,57,0,0,0,57
06/18/2001,HRL,TX,ASW,CE,Federal Contract Tower,30,14,17,16,77,0,0,25,0,25,30,14,42,16,102,16,8,24,126
06/19/2001,HRL,TX,ASW,CE,Federal Contract Tower,35,19,11,13,78,0,0,25,5,30,35,19,36,18,108,54,8,62,170
06/20/2001,HRL,TX,ASW,CE,Federal Contract Tower,33,17,18,18,86,0,0,29,0,29,33,17,47,18,115,18,52,70,185
06/21/2001,HRL,TX,ASW,CE,Federal Contract Tower,35,17,18,8,78,0,0,31,0,31,35,17,49,8,109,28,6,34,143
06/22/2001,HRL,TX,ASW,CE,Federal Contract Tower,35,7,5,12,59,0,7,36,2,45,35,14,41,14,104,8,10,18,122
06/23/2001,HRL,TX,ASW,CE,Federal Contract Tower,26,19,5,2,52,0,0,16,2,18,26,19,21,4,70,26,0,26,96
06/24/2001,HRL,TX,ASW,CE,Federal Contract Tower,30,18,5,0,53,0,0,8,0,8,30,18,13,0,61,6,0,6,67
06/25/2001,HRL,TX,ASW,CE,Federal Contract Tower,32,16,6,12,66,0,0,23,0,23,32,16,29,12,89,2,70,72,161
06/26/2001,HRL,TX,ASW,CE,Federal Contract Tower,34,18,11,34,97,0,0,38,0,38,34,18,49,34,135,8,8,16,151
06/27/2001,HRL,TX,ASW,CE,Federal Contract Tower,36,18,13,16,83,0,0,25,2,27,36,18,38,18,110,12,12,24,134
06/28/2001,HRL,TX,ASW,CE,Federal Contract Tower,35,18,20,16,89,0,0,25,0,25,35,18,45,16,114,14,6,20,134
06/29/2001,HRL,TX,ASW,CE,Federal Contract Tower,35,14,15,10,74,0,0,28,1,29,35,14,43,11,103,16,16,32,135
06/30/2001,HRL,TX,ASW,CE,Federal Contract Tower,23,19,4,0,46,0,0,21,0,21,23,19,25,0,67,8,0,8,75
07/01/2001,HRL,TX,ASW,CE,Federal Contract Tower,28,15,7,0,50,0,0,13,0,13,28,15,20,0,63,6,0,6,69
07/02/2001,HRL,TX,ASW,CE,Federal Contract Tower,32,9,22,0,63,0,0,13,0,13,32,9,35,0,76,12,0,12,88
07/03/2001,HRL,TX,ASW,CE,Federal Contract Tower,34,11,14,10,69,0,0,25,0,25,34,11,39,10,94,14,8,22,116
07/04/2001,HRL,TX,ASW,CE,Federal Contract Tower,26,9,6,0,41,0,0,19,0,19,26,9,25,0,60,40,0,40,100
07/05/2001,HRL,TX,ASW,CE,Federal Contract Tower,41,12,24,10,87,0,0,15,0,15,41,12,39,10,102,8,10,18,120
07/06/2001,HRL,TX,ASW,CE,Federal Contract Tower,34,15,13,18,80,0,0,48,0,48,34,15,61,18,128,4,10,14,142
07/07/2001,HRL,TX,ASW,CE,Federal Contract Tower,25,19,4,0,48,0,0,32,0,32,25,19,36,0,80,14,0,14,94
07/08/2001,HRL,TX,ASW,CE,Federal Contract Tower,28,13,15,2,58,0,0,17,0,17,28,13,32,2,75,0,4,4,79
07/09/2001,HRL,TX,ASW,CE,Federal Contract Tower,32,13,9,20,74,0,1,34,0,35,32,14,43,20,109,24,112,136,245
07/10/2001,HRL,TX,ASW,CE,Federal Contract Tower,36,15,8,7,66,0,0,39,5,44,36,15,47,12,110,14,184,198,308
07/11/2001,HRL,TX,ASW,CE,Federal Contract Tower,33,15,6,18,72,0,1,49,0,50,33,16,55,18,122,18,12,30,152
07/12/2001,HRL,TX,ASW,CE,Federal Contract Tower,36,15,17,16,84,0,0,44,0,44,36,15,61,16,128,32,50,82,210
07/13/2001,HRL,TX,ASW,CE,Federal Contract Tower,35,12,11,4,62,0,0,37,26,63,35,12,48,30,125,14,232,246,371
07/14/2001,HRL,TX,ASW,CE,Federal Contract Tower,25,17,4,0,46,0,0,30,0,30,25,17,34,0,76,8,0,8,84
07/15/2001,HRL,TX,ASW,CE,Federal Contract Tower,28,13,6,0,47,0,0,13,0,13,28,13,19,0,60,2,0,2,62
07/16/2001,HRL,TX,ASW,CE,Federal Contract Tower,33,9,22,17,81,0,0,51,7,58,33,9,73,24,139,20,96,116,255
07/17/2001,HRL,TX,ASW,CE,Federal Contract Tower,36,15,22,26,99,0,0,27,0,27,36,15,49,26,126,12,64,76,202
07/18/2001,HRL,TX,ASW,CE,Federal Contract Tower,35,17,11,14,77,0,0,34,0,34,35,17,45,14,111,44,84,128,239
07/19/2001,HRL,TX,ASW,CE,Federal Contract Tower,29,14,11,15,69,0,0,35,0,35,29,14,46,15,104,18,20,38,142
07/20/2001,HRL,TX,ASW,CE,Federal Contract Tower,35,14,9,21,79,0,0,45,4,49,35,14,54,25,128,26,158,184,312
07/21/2001,HRL,TX,ASW,CE,Federal Contract Tower,25,19,5,0,49,0,0,16,0,16,25,19,21,0,65,46,0,46,111
07/22/2001,HRL,TX,ASW,CE,Federal Contract Tower,28,13,5,0,46,0,0,19,0,19,28,13,24,0,65,0,0,0,65
07/23/2001,HRL,TX,ASW,CE,Federal Contract Tower,31,13,11,14,69,0,0,39,6,45,31,13,50,20,114,6,28,34,148
07/24/2001,HRL,TX,ASW,CE,Federal Contract Tower,36,17,13,18,84,0,0,25,0,25,36,17,38,18,109,8,16,24,133
07/25/2001,HRL,TX,ASW,CE,Federal Contract Tower,33,14,36,20,103,0,0,7,0,7,33,14,43,20,110,28,24,52,162
07/26/2001,HRL,TX,ASW,CE,Federal Contract Tower,34,25,7,22,88,0,0,18,0,18,34,25,25,22,106,2,68,70,176
07/27/2001,HRL,TX,ASW,CE,Federal Contract Tower,37,13,7,0,57,0,0,12,0,12,37,13,19,0,69,6,0,6,75
07/28/2001,HRL,TX,ASW,CE,Federal Contract Tower,27,18,14,0,59,0,0,17,0,17,27,18,31,0,76,28,0,28,104
07/29/2001,HRL,TX,ASW,CE,Federal Contract Tower,28,13,6,0,47,0,0,7,0,7,28,13,13,0,54,4,0,4,58
07/30/2001,HRL,TX,ASW,CE,Federal Contract Tower,32,13,15,26,86,0,0,15,0,15,32,13,30,26,101,10,14,24,125
07/31/2001,HRL,TX,ASW,CE,Federal Contract Tower,36,16,30,19,101,0,0,20,0,20,36,16,50,19,121,16,4,20,141
08/01/2001,HRL,TX,ASW,CE,Federal Contract Tower,31,24,11,23,89,0,0,16,0,16,31,24,27,23,105,2,70,72,177
08/02/2001,HRL,TX,ASW,CE,Federal Contract Tower,33,28,10,12,83,0,0,30,1,31,33,28,40,13,114,16,72,88,202
08/03/2001,HRL,TX,ASW,CE,Federal Contract Tower,36,14,8,0,58,0,0,14,0,14,36,14,22,0,72,4,0,4,76
08/04/2001,HRL,TX,ASW,CE,Federal Contract Tower,26,16,3,0,45,0,2,19,0,21,26,18,22,0,66,2,0,2,68
08/05/2001,HRL,TX,ASW,CE,Federal Contract Tower,28,13,13,0,54,0,1,6,0,7,28,14,19,0,61,4,0,4,65
08/06/2001,HRL,TX,ASW,CE,Federal Contract Tower,32,14,15,12,73,0,0,37,2,39,32,14,52,14,112,4,46,50,162
08/07/2001,HRL,TX,ASW,CE,Federal Contract Tower,38,13,14,12,77,0,0,14,0,14,38,13,28,12,91,4,10,14,105
08/08/2001,HRL,TX,ASW,CE,Federal Contract Tower,33,15,12,12,72,0,0,16,0,16,33,15,28,12,88,20,54,74,162
08/09/2001,HRL,TX,ASW,CE,Federal Contract Tower,34,13,16,33,96,0,0,23,5,28,34,13,39,38,124,18,100,118,242
08/10/2001,HRL,TX,ASW,CE,Federal Contract Tower,39,14,7,13,73,0,0,31,8,39,39,14,38,21,112,4,18,22,134
08/11/2001,HRL,TX,ASW,CE,Federal Contract Tower,26,18,12,0,56,0,0,26,0,26,26,18,38,0,82,2,0,2,84
08/12/2001,HRL,TX,ASW,CE,Federal Contract Tower,28,13,13,4,58,0,0,2,0,2,28,13,15,4,60,14,18,32,92
08/13/2001,HRL,TX,ASW,CE,Federal Contract Tower,30,13,9,14,66,0,0,20,2,22,30,13,29,16,88,8,12,20,108
08/14/2001,HRL,TX,ASW,CE,Federal Contract Tower,36,20,9,18,83,0,0,16,0,16,36,20,25,18,99,16,14,30,129
08/15/2001,HRL,TX,ASW,CE,Federal Contract Tower,36,14,7,22,79,0,0,33,0,33,36,14,40,22,112,18,80,98,210
08/16/2001,HRL,TX,ASW,CE,Federal Contract Tower,34,17,16,38,105,0,0,50,0,50,34,17,66,38,155,28,54,82,237
08/17/2001,HRL,TX,ASW,CE,Federal Contract Tower,33,14,11,8,66,0,0,16,0,16,33,14,27,8,82,2,6,8,90
08/18/2001,HRL,TX,ASW,CE,Federal Contract Tower,24,13,6,0,43,0,0,17,0,17,24,13,23,0,60,4,0,4,64
08/19/2001,HRL,TX,ASW,CE,Federal Contract Tower,28,15,16,2,61,0,0,12,0,12,28,15,28,2,73,6,12,18,91
08/20/2001,HRL,TX,ASW,CE,Federal Contract Tower,34,15,6,8,63,0,1,17,4,22,34,16,23,12,85,10,8,18,103
08/21/2001,HRL,TX,ASW,CE,Federal Contract Tower,34,13,12,12,71,0,0,25,0,25,34,13,37,12,96,16,12,28,124
08/22/2001,HRL,TX,ASW,CE,Federal Contract Tower,34,14,8,28,84,0,0,20,0,20,34,14,28,28,104,6,44,50,154
08/23/2001,HRL,TX,ASW,CE,Federal Contract Tower,34,17,13,40,104,0,0,19,0,19,34,17,32,40,123,8,28,36,159
08/24/2001,HRL,TX,ASW,CE,Federal Contract Tower,37,13,6,16,72,0,0,18,4,22,37,13,24,20,94,2,12,14,108
08/25/2001,HRL,TX,ASW,CE,Federal Contract Tower,24,14,6,0,44,0,0,18,0,18,24,14,24,0,62,4,0,4,66
08/26/2001,HRL,TX,ASW,CE,Federal Contract Tower,28,13,8,0,49,0,0,17,0,17,28,13,25,0,66,2,0,2,68
08/27/2001,HRL,TX,ASW,CE,Federal Contract Tower,28,14,15,7,64,0,0,17,1,18,28,14,32,8,82,12,6,18,100
08/28/2001,HRL,TX,ASW,CE,Federal Contract Tower,36,19,23,6,84,0,1,2,0,3,36,20,25,6,87,6,4,10,97
08/29/2001,HRL,TX,ASW,CE,Federal Contract Tower,31,25,14,5,75,0,1,9,2,12,31,26,23,7,87,48,50,98,185
08/30/2001,HRL,TX,ASW,CE,Federal Contract Tower,34,13,16,15,78,0,0,17,5,22,34,13,33,20,100,0,6,6,106
08/31/2001,HRL,TX,ASW,CE,Federal Contract Tower,36,11,17,11,75,0,0,12,0,12,36,11,29,11,87,14,12,26,113
09/01/2001,HRL,TX,ASW,CE,Federal Contract Tower,26,11,7,0,44,0,0,16,0,16,26,11,23,0,60,6,0,6,66
09/02/2001,HRL,TX,ASW,CE,Federal Contract Tower,20,8,5,0,33,0,0,9,0,9,20,8,14,0,42,0,0,0,42
09/03/2001,HRL,TX,ASW,CE,Federal Contract Tower,26,11,17,2,56,0,0,15,0,15,26,11,32,2,71,4,0,4,75
09/04/2001,HRL,TX,ASW,CE,Federal Contract Tower,32,13,15,18,78,0,0,15,0,15,32,13,30,18,93,14,44,58,151
09/05/2001,HRL,TX,ASW,CE,Federal Contract Tower,34,15,12,37,98,0,0,16,0,16,34,15,28,37,114,8,102,110,224
09/06/2001,HRL,TX,ASW,CE,Federal Contract Tower,35,16,25,23,99,0,0,40,7,47,35,16,65,30,146,30,40,70,216
09/07/2001,HRL,TX,ASW,CE,Federal Contract Tower,36,12,12,14,74,0,0,28,2,30,36,12,40,16,104,24,12,36,140
09/08/2001,HRL,TX,ASW,CE,Federal Contract Tower,25,11,8,0,44,0,0,13,0,13,25,11,21,0,57,8,0,8,65
09/09/2001,HRL,TX,ASW,CE,Federal Contract Tower,31,8,5,0,44,0,0,13,0,13,31,8,18,0,57,8,0,8,65
09/10/2001,HRL,TX,ASW,CE,Federal Contract Tower,32,13,17,0,62,0,0,13,0,13,32,13,30,0,75,12,0,12,87
09/11/2001,HRL,TX,ASW,CE,Federal Contract Tower,4,1,1,0,6,0,0,0,0,0,4,1,1,0,6,2,0,2,8
09/12/2001,HRL,TX,ASW,CE,Federal Contract Tower,0,0,1,0,1,0,0,0,0,0,0,0,1,0,1,0,0,0,1
09/13/2001,HRL,TX,ASW,CE,Federal Contract Tower,3,11,0,6,20,0,0,5,2,7,3,11,5,8,27,0,0,0,27
09/14/2001,HRL,TX,ASW,CE,Federal Contract Tower,28,25,5,13,71,0,0,1,0,1,28,25,6,13,72,0,48,48,120
09/15/2001,HRL,TX,ASW,CE,Federal Contract Tower,24,14,4,1,43,0,0,0,1,1,24,14,4,2,44,0,0,0,44
09/16/2001,HRL,TX,ASW,CE,Federal Contract Tower,27,11,8,0,46,0,0,6,0,6,27,11,14,0,52,6,0,6,58
09/17/2001,HRL,TX,ASW,CE,Federal Contract Tower,32,21,22,13,88,0,0,11,1,12,32,21,33,14,100,0,84,84,184
09/18/2001,HRL,TX,ASW,CE,Federal Contract Tower,35,16,20,25,96,0,0,9,0,9,35,16,29,25,105,0,182,182,287
09/19/2001,HRL,TX,ASW,CE,Federal Contract Tower,33,18,17,18,86,0,0,8,0,8,33,18,25,18,94,6,24,30,124
09/20/2001,HRL,TX,ASW,CE,Federal Contract Tower,29,15,19,10,73,0,0,11,2,13,29,15,30,12,86,4,8,12,98
09/21/2001,HRL,TX,ASW,CE,Federal Contract Tower,33,15,19,7,74,0,0,21,3,24,33,15,40,10,98,4,6,10,108
09/22/2001,HRL,TX,ASW,CE,Federal Contract Tower,22,14,1,0,37,0,0,6,0,6,22,14,7,0,43,0,0,0,43
09/23/2001,HRL,TX,ASW,CE,Federal Contract Tower,26,14,9,0,49,0,0,12,0,12,26,14,21,0,61,4,0,4,65
09/24/2001,HRL,TX,ASW,CE,Federal Contract Tower,32,14,18,2,66,0,0,30,0,30,32,14,48,2,96,2,4,6,102
09/25/2001,HRL,TX,ASW,CE,Federal Contract Tower,34,15,12,15,76,0,0,32,3,35,34,15,44,18,111,6,10,16,127
09/26/2001,HRL,TX,ASW,CE,Federal Contract Tower,31,15,5,14,65,0,0,38,0,38,31,15,43,14,103,24,10,34,137
09/27/2001,HRL,TX,ASW,CE,Federal Contract Tower,31,15,15,6,67,0,0,24,9,33,31,15,39,15,100,6,2,8,108
09/28/2001,HRL,TX,ASW,CE,Federal Contract Tower,32,14,15,1,62,0,0,44,1,45,32,14,59,2,107,20,0,20,127
09/29/2001,HRL,TX,ASW,CE,Federal Contract Tower,21,13,6,0,40,0,0,30,0,30,21,13,36,0,70,0,0,0,70
09/30/2001,HRL,TX,ASW,CE,Federal Contract Tower,25,13,3,1,42,0,0,9,3,12,25,13,12,4,54,6,6,12,66
10/01/2001,HRL,TX,ASW,CE,Federal Contract Tower,30,15,16,14,75,0,0,19,8,27,30,15,35,22,102,6,138,144,246
10/02/2001,HRL,TX,ASW,CE,Federal Contract Tower,35,17,9,27,88,0,0,28,0,28,35,17,37,27,116,2,42,44,160
10/03/2001,HRL,TX,ASW,CE,Federal Contract Tower,33,14,10,7,64,0,0,20,0,20,33,14,30,7,84,6,80,86,170
10/04/2001,HRL,TX,ASW,CE,Federal Contract Tower,34,13,16,10,73,0,0,24,4,28,34,13,40,14,101,6,6,12,113
10/05/2001,HRL,TX,ASW,CE,Federal Contract Tower,29,13,17,7,66,0,0,26,3,29,29,13,43,10,95,18,4,22,117
10/06/2001,HRL,TX,ASW,CE,Federal Contract Tower,20,14,7,2,43,0,0,4,1,5,20,14,11,3,48,0,14,14,62
10/07/2001,HRL,TX,ASW,CE,Federal Contract Tower,26,12,6,0,44,0,0,16,0,16,26,12,22,0,60,2,0,2,62
10/08/2001,HRL,TX,ASW,CE,Federal Contract Tower,28,18,4,0,50,0,0,19,0,19,28,18,23,0,69,6,0,6,75
10/09/2001,HRL,TX,ASW,CE,Federal Contract Tower,32,14,14,8,68,0,0,10,0,10,32,14,24,8,78,26,8,34,112
10/10/2001,HRL,TX,ASW,CE,Federal Contract Tower,30,14,2,18,64,0,0,31,0,31,30,14,33,18,95,10,28,38,133
10/11/2001,HRL,TX,ASW,CE,Federal Contract Tower,26,11,18,8,63,0,0,31,3,34,26,11,49,11,97,20,80,100,197
10/12/2001,HRL,TX,ASW,CE,Federal Contract Tower,33,9,11,0,53,0,0,14,0,14,33,9,25,0,67,44,0,44,111
10/13/2001,HRL,TX,ASW,CE,Federal Contract Tower,21,16,4,0,41,0,0,42,0,42,21,16,46,0,83,0,0,0,83
10/14/2001,HRL,TX,ASW,CE,Federal Contract Tower,23,13,2,2,40,0,0,15,0,15,23,13,17,2,55,0,0,0,55
10/15/2001,HRL,TX,ASW,CE,Federal Contract Tower,30,13,6,6,55,0,0,24,0,24,30,13,30,6,79,10,16,26,105
10/16/2001,HRL,TX,ASW,CE,Federal Contract Tower,34,15,4,37,90,0,0,24,0,24,34,15,28,37,114,0,308,308,422
10/17/2001,HRL,TX,ASW,CE,Federal Contract Tower,32,14,16,14,76,0,0,27,0,27,32,14,43,14,103,14,8,22,125
10/18/2001,HRL,TX,ASW,CE,Federal Contract Tower,30,14,11,24,79,0,0,27,0,27,30,14,38,24,106,6,28,34,140
10/19/2001,HRL,TX,ASW,CE,Federal Contract Tower,33,11,5,8,57,0,0,29,0,29,33,11,34,8,86,20,10,30,116
10/20/2001,HRL,TX,ASW,CE,Federal Contract Tower,19,11,5,0,35,0,0,16,0,16,19,11,21,0,51,24,0,24,75
10/21/2001,HRL,TX,ASW,CE,Federal Contract Tower,23,10,2,0,35,0,0,10,0,10,23,10,12,0,45,10,0,10,55
10/22/2001,HRL,TX,ASW,CE,Federal Contract Tower,28,14,11,26,79,0,0,20,0,20,28,14,31,26,99,0,54,54,153
10/23/2001,HRL,TX,ASW,CE,Federal Contract Tower,30,14,8,17,69,0,0,19,0,19,30,14,27,17,88,22,14,36,124
10/24/2001,HRL,TX,ASW,CE,Federal Contract Tower,29,12,15,20,76,0,0,20,0,20,29,12,35,20,96,30,20,50,146
10/25/2001,HRL,TX,ASW,CE,Federal Contract Tower,30,11,12,15,68,0,0,33,3,36,30,11,45,18,104,8,102,110,214
10/26/2001,HRL,TX,ASW,CE,Federal Contract Tower,28,12,9,8,57,0,0,28,0,28,28,12,37,8,85,18,10,28,113
10/27/2001,HRL,TX,ASW,CE,Federal Contract Tower,16,13,2,0,31,0,0,16,0,16,16,13,18,0,47,0,0,0,47
10/28/2001,HRL,TX,ASW,CE,Federal Contract Tower,21,10,12,0,43,0,0,20,0,20,21,10,32,0,63,32,0,32,95
10/29/2001,HRL,TX,ASW,CE,Federal Contract Tower,26,11,9,10,56,0,0,20,0,20,26,11,29,10,76,32,4,36,112
10/30/2001,HRL,TX,ASW,CE,Federal Contract Tower,29,13,17,12,71,0,0,33,0,33,29,13,50,12,104,30,16,46,150
10/31/2001,HRL,TX,ASW,CE,Federal Contract Tower,28,14,9,24,75,0,0,31,0,31,28,14,40,24,106,12,26,38,144
11/01/2001,HRL,TX,ASW,CE,Federal Contract Tower,28,11,8,12,59,0,0,21,2,23,28,11,29,14,82,40,10,50,132
11/02/2001,HRL,TX,ASW,CE,Federal Contract Tower,28,13,10,8,59,0,0,21,4,25,28,13,31,12,84,52,112,164,248
11/03/2001,HRL,TX,ASW,CE,Federal Contract Tower,15,14,6,0,35,0,0,10,0,10,15,14,16,0,45,14,0,14,59
11/04/2001,HRL,TX,ASW,CE,Federal Contract Tower,23,12,4,0,39,0,0,17,0,17,23,12,21,0,56,4,0,4,60
11/05/2001,HRL,TX,ASW,CE,Federal Contract Tower,26,13,12,16,67,0,0,20,6,26,26,13,32,22,93,12,108,120,213
11/06/2001,HRL,TX,ASW,CE,Federal Contract Tower,28,13,14,18,73,0,0,28,0,28,28,13,42,18,101,38,30,68,169
11/07/2001,HRL,TX,ASW,CE,Federal Contract Tower,27,16,11,15,69,0,0,26,1,27,27,16,37,16,96,10,166,176,272
11/08/2001,HRL,TX,ASW,CE,Federal Contract Tower,31,12,14,17,74,0,0,30,1,31,31,12,44,18,105,64,16,80,185
11/09/2001,HRL,TX,ASW,CE,Federal Contract Tower,30,12,15,10,67,0,0,10,4,14,30,12,25,14,81,10,6,16,97
11/10/2001,HRL,TX,ASW,CE,Federal Contract Tower,14,10,3,0,27,0,0,20,0,20,14,10,23,0,47,46,0,46,93
11/11/2001,HRL,TX,ASW,CE,Federal Contract Tower,21,14,4,0,39,0,0,11,0,11,21,14,15,0,50,6,0,6,56
11/12/2001,HRL,TX,ASW,CE,Federal Contract Tower,26,10,5,0,41,0,0,20,0,20,26,10,25,0,61,6,0,6,67
11/13/2001,HRL,TX,ASW,CE,Federal Contract Tower,27,12,16,30,85,0,0,18,0,18,27,12,34,30,103,28,90,118,221
11/14/2001,HRL,TX,ASW,CE,Federal Contract Tower,28,14,16,30,88,0,0,20,0,20,28,14,36,30,108,22,164,186,294
11/15/2001,HRL,TX,ASW,CE,Federal Contract Tower,27,13,12,17,69,0,0,23,2,25,27,13,35,19,94,64,10,74,168
11/16/2001,HRL,TX,ASW,CE,Federal Contract Tower,30,11,10,0,51,0,0,5,4,9,30,11,15,4,60,0,0,0,60
11/17/2001,HRL,TX,ASW,CE,Federal Contract Tower,15,13,4,0,32,0,0,9,0,9,15,13,13,0,41,0,0,0,41
11/18/2001,HRL,TX,ASW,CE,Federal Contract Tower,21,10,7,0,38,0,0,12,0,12,21,10,19,0,50,4,0,4,54
11/19/2001,HRL,TX,ASW,CE,Federal Contract Tower,28,9,12,18,67,0,0,8,4,12,28,9,20,22,79,4,16,20,99
11/20/2001,HRL,TX,ASW,CE,Federal Contract Tower,30,13,9,2,54,0,0,11,0,11,30,13,20,2,65,6,2,8,73
11/21/2001,HRL,TX,ASW,CE,Federal Contract Tower,32,12,14,2,60,0,0,19,0,19,32,12,33,2,79,2,2,4,83
11/22/2001,HRL,TX,ASW,CE,Federal Contract Tower,10,8,4,0,22,0,0,6,0,6,10,8,10,0,28,0,0,0,28
11/23/2001,HRL,TX,ASW,CE,Federal Contract Tower,20,9,7,0,36,0,0,13,0,13,20,9,20,0,49,0,0,0,49
11/24/2001,HRL,TX,ASW,CE,Federal Contract Tower,19,12,5,0,36,0,0,10,0,10,19,12,15,0,46,0,0,0,46
11/25/2001,HRL,TX,ASW,CE,Federal Contract Tower,21,10,14,0,45,0,0,16,0,16,21,10,30,0,61,6,0,6,67
11/26/2001,HRL,TX,ASW,CE,Federal Contract Tower,28,12,5,14,59,0,0,12,8,20,28,12,17,22,79,0,90,90,169
11/27/2001,HRL,TX,ASW,CE,Federal Contract Tower,30,17,16,22,85,0,0,19,0,19,30,17,35,22,104,12,44,56,160
11/28/2001,HRL,TX,ASW,CE,Federal Contract Tower,28,16,11,8,63,0,0,8,0,8,28,16,19,8,71,0,8,8,79
11/29/2001,HRL,TX,ASW,CE,Federal Contract Tower,28,15,18,12,73,0,0,9,8,17,28,15,27,20,90,18,4,22,112
11/30/2001,HRL,TX,ASW,CE,Federal Contract Tower,30,14,16,0,60,0,0,9,0,9,30,14,25,0,69,18,0,18,87
12/01/2001,HRL,TX,ASW,CE,Federal Contract Tower,15,12,6,0,33,0,0,9,0,9,15,12,15,0,42,12,0,12,54
12/02/2001,HRL,TX,ASW,CE,Federal Contract Tower,21,15,18,6,60,0,0,2,0,2,21,15,20,6,62,4,0,4,66
12/03/2001,HRL,TX,ASW,CE,Federal Contract Tower,28,13,17,11,69,0,0,7,8,15,28,13,24,19,84,28,6,34,118
12/04/2001,HRL,TX,ASW,CE,Federal Contract Tower,30,14,17,54,115,0,0,18,0,18,30,14,35,54,133,16,24,40,173
12/05/2001,HRL,TX,ASW,CE,Federal Contract Tower,27,16,19,13,75,0,0,7,6,13,27,16,26,19,88,12,62,74,162
12/06/2001,HRL,TX,ASW,CE,Federal Contract Tower,32,12,14,16,74,0,0,14,6,20,32,12,28,22,94,4,54,58,152
12/07/2001,HRL,TX,ASW,CE,Federal Contract Tower,29,17,10,19,75,0,0,9,3,12,29,17,19,22,87,12,10,22,109
12/08/2001,HRL,TX,ASW,CE,Federal Contract Tower,15,14,13,0,42,0,0,13,0,13,15,14,26,0,55,2,0,2,57
12/09/2001,HRL,TX,ASW,CE,Federal Contract Tower,20,12,10,0,42,0,0,9,0,9,20,12,19,0,51,18,0,18,69
12/10/2001,HRL,TX,ASW,CE,Federal Contract Tower,29,17,9,18,73,0,0,13,2,15,29,17,22,20,88,4,66,70,158
12/11/2001,HRL,TX,ASW,CE,Federal Contract Tower,26,18,20,16,80,0,0,4,0,4,26,18,24,16,84,26,140,166,250
12/12/2001,HRL,TX,ASW,CE,Federal Contract Tower,26,17,9,29,81,0,0,21,5,26,26,17,30,34,107,0,24,24,131
12/13/2001,HRL,TX,ASW,CE,Federal Contract Tower,24,19,19,36,98,0,0,22,4,26,24,19,41,40,124,8,34,42,166
12/14/2001,HRL,TX,ASW,CE,Federal Contract Tower,30,15,7,8,60,0,0,27,2,29,30,15,34,10,89,10,6,16,105
12/15/2001,HRL,TX,ASW,CE,Federal Contract Tower,15,15,8,0,38,0,0,11,0,11,15,15,19,0,49,14,0,14,63
12/16/2001,HRL,TX,ASW,CE,Federal Contract Tower,21,10,5,2,38,0,0,13,0,13,21,10,18,2,51,4,4,8,59
12/17/2001,HRL,TX,ASW,CE,Federal Contract Tower,26,18,20,8,72,0,0,25,0,25,26,18,45,8,97,24,14,38,135
12/18/2001,HRL,TX,ASW,CE,Federal Contract Tower,30,24,9,24,87,0,0,43,0,43,30,24,52,24,130,24,76,100,230
12/19/2001,HRL,TX,ASW,CE,Federal Contract Tower,28,23,9,6,66,0,0,29,0,29,28,23,38,6,95,64,0,64,159
12/20/2001,HRL,TX,ASW,CE,Federal Contract Tower,30,18,12,7,67,0,0,16,1,17,30,18,28,8,84,8,6,14,98
12/21/2001,HRL,TX,ASW,CE,Federal Contract Tower,29,17,12,9,67,0,0,24,1,25,29,17,36,10,92,2,10,12,104
12/22/2001,HRL,TX,ASW,CE,Federal Contract Tower,15,10,2,0,27,0,0,11,0,11,15,10,13,0,38,4,0,4,42
12/23/2001,HRL,TX,ASW,CE,Federal Contract Tower,16,13,5,0,34,0,0,10,0,10,16,13,15,0,44,0,0,0,44
12/24/2001,HRL,TX,ASW,CE,Federal Contract Tower,20,10,5,0,35,0,0,14,0,14,20,10,19,0,49,2,0,2,51
12/25/2001,HRL,TX,ASW,CE,Federal Contract Tower,18,8,1,0,27,0,0,12,0,12,18,8,13,0,39,0,0,0,39
12/26/2001,HRL,TX,ASW,CE,Federal Contract Tower,28,11,10,2,51,0,0,30,0,30,28,11,40,2,81,6,6,12,93
12/27/2001,HRL,TX,ASW,CE,Federal Contract Tower,28,11,9,0,48,0,0,23,0,23,28,11,32,0,71,2,0,2,73
12/28/2001,HRL,TX,ASW,CE,Federal Contract Tower,31,12,15,3,61,0,0,30,1,31,31,12,45,4,92,10,2,12,104
12/29/2001,HRL,TX,ASW,CE,Federal Contract Tower,14,13,11,0,38,0,0,22,0,22,14,13,33,0,60,10,0,10,70
12/30/2001,HRL,TX,ASW,CE,Federal Contract Tower,18,10,4,0,32,0,0,15,0,15,18,10,19,0,47,12,0,12,59
12/31/2001,HRL,TX,ASW,CE,Federal Contract Tower,18,11,8,0,37,0,0,4,0,4,18,11,12,0,41,0,0,0,41
01/01/2002,HRL,TX,ASW,CE,Federal Contract Tower,17,9,1,2,29,0,0,2,0,2,17,9,3,2,31,0,6,6,37
01/02/2002,HRL,TX,ASW,CE,Federal Contract Tower,26,10,12,10,58,0,0,20,0,20,26,10,32,10,78,8,14,22,100
01/03/2002,HRL,TX,ASW,CE,Federal Contract Tower,30,11,7,8,56,0,0,38,0,38,30,11,45,8,94,0,10,10,104
01/04/2002,HRL,TX,ASW,CE,Federal Contract Tower,31,13,11,5,60,0,0,23,3,26,31,13,34,8,86,2,0,2,88
01/05/2002,HRL,TX,ASW,CE,Federal Contract Tower,15,16,4,0,35,0,0,4,0,4,15,16,8,0,39,0,0,0,39
01/06/2002,HRL,TX,ASW,CE,Federal Contract Tower,21,13,9,4,47,0,1,26,0,27,21,14,35,4,74,40,0,40,114
01/07/2002,HRL,TX,ASW,CE,Federal Contract Tower,26,13,15,12,66,0,0,26,0,26,26,13,41,12,92,36,8,44,136
01/08/2002,HRL,TX,ASW,CE,Federal Contract Tower,28,13,7,16,64,0,0,32,4,36,28,13,39,20,100,8,76,84,184
01/09/2002,HRL,TX,ASW,CE,Federal Contract Tower,30,21,8,16,75,0,0,31,0,31,30,21,39,16,106,2,56,58,164
01/10/2002,HRL,TX,ASW,CE,Federal Contract Tower,29,10,12,24,75,0,0,33,4,37,29,10,45,28,112,0,148,148,260
01/11/2002,HRL,TX,ASW,CE,Federal Contract Tower,28,15,14,16,73,0,0,13,10,23,28,15,27,26,96,16,24,40,136
01/12/2002,HRL,TX,ASW,CE,Federal Contract Tower,15,14,7,0,36,0,0,23,0,23,15,14,30,0,59,52,0,52,111
01/13/2002,HRL,TX,ASW,CE,Federal Contract Tower,23,11,5,0,39,0,1,15,2,18,23,12,20,2,57,22,0,22,79
01/14/2002,HRL,TX,ASW,CE,Federal Contract Tower,28,10,2,14,54,0,0,19,0,19,28,10,21,14,73,0,48,48,121
01/15/2002,HRL,TX,ASW,CE,Federal Contract Tower,32,14,11,2,59,0,0,37,1,38,32,14,48,3,97,12,66,78,175
01/16/2002,HRL,TX,ASW,CE,Federal Contract Tower,26,12,9,10,57,0,0,24,1,25,26,12,33,11,82,0,12,12,94
01/17/2002,HRL,TX,ASW,CE,Federal Contract Tower,29,8,20,5,62,0,0,27,5,32,29,8,47,10,94,32,0,32,126
01/18/2002,HRL,TX,ASW,CE,Federal Contract Tower,32,18,14,10,74,0,0,14,11,25,32,18,28,21,99,0,36,36,135
01/19/2002,HRL,TX,ASW,CE,Federal Contract Tower,22,14,7,0,43,0,0,18,0,18,22,14,25,0,61,0,0,0,61
01/20/2002,HRL,TX,ASW,CE,Federal Contract Tower,20,13,8,2,43,0,0,11,0,11,20,13,19,2,54,20,0,20,74
01/21/2002,HRL,TX,ASW,CE,Federal Contract Tower,28,13,21,3,65,0,0,0,1,1,28,13,21,4,66,0,0,0,66
01/22/2002,HRL,TX,ASW,CE,Federal Contract Tower,31,10,18,20,79,0,0,16,2,18,31,10,34,22,97,0,74,74,171
01/23/2002,HRL,TX,ASW,CE,Federal Contract Tower,29,14,12,21,76,0,0,15,15,30,29,14,27,36,106,4,276,280,386
01/24/2002,HRL,TX,ASW,CE,Federal Contract Tower,28,9,18,36,91,0,0,13,14,27,28,9,31,50,118,0,218,218,336
01/25/2002,HRL,TX,ASW,CE,Federal Contract Tower,30,13,7,2,52,0,0,35,2,37,30,13,42,4,89,0,36,36,125
01/26/2002,HRL,TX,ASW,CE,Federal Contract Tower,22,14,0,0,36,0,0,38,0,38,22,14,38,0,74,26,0,26,100
01/27/2002,HRL,TX,ASW,CE,Federal Contract Tower,22,11,6,0,39,0,0,32,0,32,22,11,38,0,71,4,0,4,75
01/28/2002,HRL,TX,ASW,CE,Federal Contract Tower,28,13,20,12,73,0,0,4,0,4,28,13,24,12,77,14,90,104,181
01/29/2002,HRL,TX,ASW,CE,Federal Contract Tower,32,14,25,36,107,0,3,18,0,21,32,17,43,36,128,0,192,192,320
01/30/2002,HRL,TX,ASW,CE,Federal Contract Tower,28,9,15,13,65,0,0,9,0,9,28,9,24,13,74,2,80,82,156
01/31/2002,HRL,TX,ASW,CE,Federal Contract Tower,28,10,9,6,53,0,0,12,0,12,28,10,21,6,65,0,48,48,113
02/01/2002,HRL,TX,ASW,CE,Federal Contract Tower,32,18,12,6,68,0,0,22,0,22,32,18,34,6,90,0,12,12,102
02/02/2002,HRL,TX,ASW,CE,Federal Contract Tower,21,14,2,0,37,0,0,23,9,32,21,14,25,9,69,0,0,0,69
02/03/2002,HRL,TX,ASW,CE,Federal Contract Tower,23,13,4,0,40,0,0,14,0,14,23,13,18,0,54,4,0,4,58
02/04/2002,HRL,TX,ASW,CE,Federal Contract Tower,28,11,22,10,71,0,0,2,0,2,28,11,24,10,73,0,8,8,81
02/05/2002,HRL,TX,ASW,CE,Federal Contract Tower,34,11,16,18,79,0,0,7,0,7,34,11,23,18,86,0,22,22,108
02/06/2002,HRL,TX,ASW,CE,Federal Contract Tower,29,12,20,10,71,0,0,15,0,15,29,12,35,10,86,52,6,58,144
02/07/2002,HRL,TX,ASW,CE,Federal Contract Tower,31,20,8,20,79,0,0,37,12,49,31,20,45,32,128,14,14,28,156
02/08/2002,HRL,TX,ASW,CE,Federal Contract Tower,30,17,16,2,65,0,0,27,0,27,30,17,43,2,92,30,4,34,126
02/09/2002,HRL,TX,ASW,CE,Federal Contract Tower,21,19,7,0,47,0,0,24,0,24,21,19,31,0,71,0,0,0,71
02/10/2002,HRL,TX,ASW,CE,Federal Contract Tower,24,10,4,0,38,0,0,22,0,22,24,10,26,0,60,0,0,0,60
02/11/2002,HRL,TX,ASW,CE,Federal Contract Tower,25,14,13,6,58,0,0,13,2,15,25,14,26,8,73,0,0,0,73
02/12/2002,HRL,TX,ASW,CE,Federal Contract Tower,32,10,8,9,59,0,2,40,1,43,32,12,48,10,102,0,8,8,110
02/13/2002,HRL,TX,ASW,CE,Federal Contract Tower,32,16,16,6,70,0,0,22,0,22,32,16,38,6,92,14,16,30,122
02/14/2002,HRL,TX,ASW,CE,Federal Contract Tower,32,13,15,8,68,0,0,10,0,10,32,13,25,8,78,12,10,22,100
02/15/2002,HRL,TX,ASW,CE,Federal Contract Tower,32,12,12,9,65,0,0,25,0,25,32,12,37,9,90,20,8,28,118
02/16/2002,HRL,TX,ASW,CE,Federal Contract Tower,22,16,3,1,42,0,0,21,1,22,22,16,24,2,64,18,0,18,82
02/17/2002,HRL,TX,ASW,CE,Federal Contract Tower,22,14,5,2,43,0,0,29,0,29,22,14,34,2,72,6,0,6,78
02/18/2002,HRL,TX,ASW,CE,Federal Contract Tower,28,11,9,0,48,0,0,16,0,16,28,11,25,0,64,0,0,0,64
02/19/2002,HRL,TX,ASW,CE,Federal Contract Tower,30,12,10,15,67,0,1,10,11,22,30,13,20,26,89,0,86,86,175
02/20/2002,HRL,TX,ASW,CE,Federal Contract Tower,29,9,16,8,62,0,0,23,0,23,29,9,39,8,85,30,28,58,143
02/21/2002,HRL,TX,ASW,CE,Federal Contract Tower,30,16,10,4,60,0,0,27,0,27,30,16,37,4,87,20,40,60,147
02/22/2002,HRL,TX,ASW,CE,Federal Contract Tower,32,16,9,2,59,0,0,15,1,16,32,16,24,3,75,0,44,44,119
02/23/2002,HRL,TX,ASW,CE,Federal Contract Tower,21,13,0,4,38,0,0,33,0,33,21,13,33,4,71,26,6,32,103
02/24/2002,HRL,TX,ASW,CE,Federal Contract Tower,21,11,5,0,37,0,0,18,0,18,21,11,23,0,55,0,0,0,55
02/25/2002,HRL,TX,ASW,CE,Federal Contract Tower,28,15,3,6,52,0,1,26,2,29,28,16,29,8,81,0,10,10,91
02/26/2002,HRL,TX,ASW,CE,Federal Contract Tower,30,14,12,12,68,0,1,7,6,14,30,15,19,18,82,0,6,6,88
02/27/2002,HRL,TX,ASW,CE,Federal Contract Tower,31,12,14,13,70,0,0,23,0,23,31,12,37,13,93,0,10,10,103
02/28/2002,HRL,TX,ASW,CE,Federal Contract Tower,30,16,21,10,77,0,0,0,0,0,30,16,21,10,77,0,4,4,81
03/01/2002,HRL,TX,ASW,CE,Federal Contract Tower,32,15,7,10,64,0,0,13,3,16,32,15,20,13,80,36,10,46,126
03/02/2002,HRL,TX,ASW,CE,Federal Contract Tower,22,15,7,0,44,0,0,10,0,10,22,15,17,0,54,10,0,10,64
03/03/2002,HRL,TX,ASW,CE,Federal Contract Tower,22,11,0,0,33,0,0,7,0,7,22,11,7,0,40,4,0,4,44
03/04/2002,HRL,TX,ASW,CE,Federal Contract Tower,28,12,10,12,62,0,0,29,0,29,28,12,39,12,91,6,4,10,101
03/05/2002,HRL,TX,ASW,CE,Federal Contract Tower,32,14,20,18,84,0,0,16,8,24,32,14,36,26,108,0,246,246,354
03/06/2002,HRL,TX,ASW,CE,Federal Contract Tower,30,13,22,14,79,0,0,13,0,13,30,13,35,14,92,26,8,34,126
03/07/2002,HRL,TX,ASW,CE,Federal Contract Tower,29,16,22,16,83,0,0,33,0,33,29,16,55,16,116,0,18,18,134
03/08/2002,HRL,TX,ASW,CE,Federal Contract Tower,32,14,11,7,64,0,0,11,3,14,32,14,22,10,78,0,42,42,120
03/09/2002,HRL,TX,ASW,CE,Federal Contract Tower,24,14,5,0,43,0,0,7,0,7,24,14,12,0,50,0,0,0,50
03/10/2002,HRL,TX,ASW,CE,Federal Contract Tower,23,10,9,0,42,0,0,1,0,1,23,10,10,0,43,0,0,0,43
03/11/2002,HRL,TX,ASW,CE,Federal Contract Tower,31,11,10,13,65,0,0,17,1,18,31,11,27,14,83,0,32,32,115
03/12/2002,HRL,TX,ASW,CE,Federal Contract Tower,31,11,15,17,74,0,0,41,1,42,31,11,56,18,116,0,20,20,136
03/13/2002,HRL,TX,ASW,CE,Federal Contract Tower,31,19,4,17,71,0,0,30,0,30,31,19,34,17,101,0,368,368,469
03/14/2002,HRL,TX,ASW,CE,Federal Contract Tower,32,17,7,8,64,0,0,20,0,20,32,17,27,8,84,8,36,44,128
03/15/2002,HRL,TX,ASW,CE,Federal Contract Tower,33,17,12,6,68,0,0,18,0,18,33,17,30,6,86,0,10,10,96
03/16/2002,HRL,TX,ASW,CE,Federal Contract Tower,22,18,3,0,43,0,0,28,6,34,22,18,31,6,77,6,0,6,83
03/17/2002,HRL,TX,ASW,CE,Federal Contract Tower,20,10,6,0,36,0,0,16,0,16,20,10,22,0,52,6,0,6,58
03/18/2002,HRL,TX,ASW,CE,Federal Contract Tower,28,12,19,26,85,0,0,30,0,30,28,12,49,26,115,48,12,60,175
03/19/2002,HRL,TX,ASW,CE,Federal Contract Tower,30,13,13,24,80,0,0,10,2,12,30,13,23,26,92,40,94,134,226
03/20/2002,HRL,TX,ASW,CE,Federal Contract Tower,30,12,10,12,64,0,0,23,0,23,30,12,33,12,87,20,58,78,165
03/21/2002,HRL,TX,ASW,CE,Federal Contract Tower,30,10,9,2,51,0,0,18,0,18,30,10,27,2,69,40,10,50,119
03/22/2002,HRL,TX,ASW,CE,Federal Contract Tower,32,11,13,1,57,0,0,19,0,19,32,11,32,1,76,24,14,38,114
03/23/2002,HRL,TX,ASW,CE,Federal Contract Tower,21,14,2,0,37,0,0,17,0,17,21,14,19,0,54,44,0,44,98
03/24/2002,HRL,TX,ASW,CE,Federal Contract Tower,22,10,7,0,39,0,0,10,0,10,22,10,17,0,49,0,0,0,49
03/25/2002,HRL,TX,ASW,CE,Federal Contract Tower,26,13,7,26,72,0,0,14,0,14,26,13,21,26,86,54,26,80,166
03/26/2002,HRL,TX,ASW,CE,Federal Contract Tower,31,11,13,28,83,0,1,26,2,29,31,12,39,30,112,6,26,32,144
03/27/2002,HRL,TX,ASW,CE,Federal Contract Tower,29,9,14,13,65,0,0,15,0,15,29,9,29,13,80,6,22,28,108
03/28/2002,HRL,TX,ASW,CE,Federal Contract Tower,30,9,19,8,66,0,0,38,0,38,30,9,57,8,104,42,26,68,172
03/29/2002,HRL,TX,ASW,CE,Federal Contract Tower,35,12,10,3,60,0,0,26,1,27,35,12,36,4,87,0,2,2,89
03/30/2002,HRL,TX,ASW,CE,Federal Contract Tower,23,11,2,2,38,0,0,17,0,17,23,11,19,2,55,0,0,0,55
03/31/2002,HRL,TX,ASW,CE,Federal Contract Tower,22,10,4,0,36,0,0,22,0,22,22,10,26,0,58,6,0,6,64
04/01/2002,HRL,TX,ASW,CE,Federal Contract Tower,29,11,10,12,62,0,0,21,0,21,29,11,31,12,83,34,68,102,185
04/02/2002,HRL,TX,ASW,CE,Federal Contract Tower,30,13,9,16,68,0,0,38,0,38,30,13,47,16,106,6,66,72,178
04/03/2002,HRL,TX,ASW,CE,Federal Contract Tower,28,10,19,12,69,0,0,14,0,14,28,10,33,12,83,4,18,22,105
04/04/2002,HRL,TX,ASW,CE,Federal Contract Tower,32,15,25,2,74,0,0,1,0,1,32,15,26,2,75,0,0,0,75
04/05/2002,HRL,TX,ASW,CE,Federal Contract Tower,31,12,17,4,64,0,0,6,2,8,31,12,23,6,72,0,4,4,76
04/06/2002,HRL,TX,ASW,CE,Federal Contract Tower,21,19,5,0,45,0,0,4,0,4,21,19,9,0,49,0,0,0,49
04/07/2002,HRL,TX,ASW,CE,Federal Contract Tower,22,10,7,0,39,0,0,3,0,3,22,10,10,0,42,2,0,2,44
04/08/2002,HRL,TX,ASW,CE,Federal Contract Tower,26,14,6,14,60,0,0,22,0,22,26,14,28,14,82,0,230,230,312
04/09/2002,HRL,TX,ASW,CE,Federal Contract Tower,28,15,11,8,62,0,0,19,0,19,28,15,30,8,81,22,12,34,115
04/10/2002,HRL,TX,ASW,CE,Federal Contract Tower,28,17,5,6,56,0,0,14,0,14,28,17,19,6,70,0,16,16,86
04/11/2002,HRL,TX,ASW,CE,Federal Contract Tower,35,17,11,9,72,0,0,20,3,23,35,17,31,12,95,16,106,122,217
04/12/2002,HRL,TX,ASW,CE,Federal Contract Tower,33,15,9,10,67,0,0,19,0,19,33,15,28,10,86,0,98,98,184
04/13/2002,HRL,TX,ASW,CE,Federal Contract Tower,19,18,11,0,48,0,0,13,0,13,19,18,24,0,61,8,0,8,69
04/14/2002,HRL,TX,ASW,CE,Federal Contract Tower,22,15,6,0,43,0,0,6,0,6,22,15,12,0,49,12,0,12,61
04/15/2002,HRL,TX,ASW,CE,Federal Contract Tower,27,14,9,16,66,0,0,8,0,8,27,14,17,16,74,0,260,260,334
04/16/2002,HRL,TX,ASW,CE,Federal Contract Tower,32,19,9,23,83,0,0,24,5,29,32,19,33,28,112,14,24,38,150
04/17/2002,HRL,TX,ASW,CE,Federal Contract Tower,29,17,15,5,66,0,0,35,1,36,29,17,50,6,102,22,2,24,126
04/18/2002,HRL,TX,ASW,CE,Federal Contract Tower,29,19,12,12,72,0,0,38,0,38,29,19,50,12,110,22,56,78,188
04/19/2002,HRL,TX,ASW,CE,Federal Contract Tower,33,21,6,1,61,0,0,32,1,33,33,21,38,2,94,8,0,8,102
04/20/2002,HRL,TX,ASW,CE,Federal Contract Tower,20,16,2,0,38,0,0,5,0,5,20,16,7,0,43,0,0,0,43
04/21/2002,HRL,TX,ASW,CE,Federal Contract Tower,22,11,3,0,36,0,0,14,0,14,22,11,17,0,50,6,0,6,56
04/22/2002,HRL,TX,ASW,CE,Federal Contract Tower,28,18,15,18,79,0,0,27,2,29,28,18,42,20,108,14,10,24,132
04/23/2002,HRL,TX,ASW,CE,Federal Contract Tower,31,16,9,4,60,0,0,18,2,20,31,16,27,6,80,26,4,30,110
04/24/2002,HRL,TX,ASW,CE,Federal Contract Tower,29,13,17,23,82,0,0,32,0,32,29,13,49,23,114,40,132,172,286
04/25/2002,HRL,TX,ASW,CE,Federal Contract Tower,30,14,19,14,77,0,0,22,0,22,30,14,41,14,99,0,116,116,215
04/26/2002,HRL,TX,ASW,CE,Federal Contract Tower,32,12,24,14,82,0,0,18,0,18,32,12,42,14,100,4,46,50,150
04/27/2002,HRL,TX,ASW,CE,Federal Contract Tower,19,17,1,0,37,0,0,4,0,4,19,17,5,0,41,2,0,2,43
04/28/2002,HRL,TX,ASW,CE,Federal Contract Tower,22,9,5,0,36,0,0,16,0,16,22,9,21,0,52,0,0,0,52
04/29/2002,HRL,TX,ASW,CE,Federal Contract Tower,25,14,8,16,63,0,0,38,0,38,25,14,46,16,101,18,8,26,127
04/30/2002,HRL,TX,ASW,CE,Federal Contract Tower,31,18,13,14,76,0,0,29,4,33,31,18,42,18,109,0,110,110,219
05/01/2002,HRL,TX,ASW,CE,Federal Contract Tower,30,16,16,14,76,0,0,18,0,18,30,16,34,14,94,6,56,62,156
05/02/2002,HRL,TX,ASW,CE,Federal Contract Tower,30,12,20,12,74,0,0,28,0,28,30,12,48,12,102,0,14,14,116
05/03/2002,HRL,TX,ASW,CE,Federal Contract Tower,30,19,12,3,64,0,0,0,3,3,30,19,12,6,67,16,18,34,101
05/04/2002,HRL,TX,ASW,CE,Federal Contract Tower,20,14,7,0,41,0,0,22,0,22,20,14,29,0,63,4,0,4,67
05/05/2002,HRL,TX,ASW,CE,Federal Contract Tower,22,12,6,0,40,0,0,6,0,6,22,12,12,0,46,4,0,4,50
05/06/2002,HRL,TX,ASW,CE,Federal Contract Tower,26,15,6,2,49,0,0,18,0,18,26,15,24,2,67,4,6,10,77
05/07/2002,HRL,TX,ASW,CE,Federal Contract Tower,30,21,8,11,70,0,0,27,5,32,30,21,35,16,102,26,194,220,322
05/08/2002,HRL,TX,ASW,CE,Federal Contract Tower,30,18,9,3,60,0,0,28,1,29,30,18,37,4,89,0,28,28,117
05/09/2002,HRL,TX,ASW,CE,Federal Contract Tower,31,23,13,18,85,0,0,17,0,17,31,23,30,18,102,18,284,302,404
05/10/2002,HRL,TX,ASW,CE,Federal Contract Tower,30,18,11,0,59,0,0,21,0,21,30,18,32,0,80,10,0,10,90
05/11/2002,HRL,TX,ASW,CE,Federal Contract Tower,18,16,0,0,34,0,0,19,0,19,18,16,19,0,53,0,0,0,53
05/12/2002,HRL,TX,ASW,CE,Federal Contract Tower,22,10,3,0,35,0,0,22,0,22,22,10,25,0,57,10,0,10,67
05/13/2002,HRL,TX,ASW,CE,Federal Contract Tower,24,17,14,0,55,0,0,15,0,15,24,17,29,0,70,20,0,20,90
05/14/2002,HRL,TX,ASW,CE,Federal Contract Tower,30,17,12,28,87,0,0,40,0,40,30,17,52,28,127,12,136,148,275
05/15/2002,HRL,TX,ASW,CE,Federal Contract Tower,33,23,13,11,80,0,0,25,1,26,33,23,38,12,106,28,70,98,204
05/16/2002,HRL,TX,ASW,CE,Federal Contract Tower,32,19,20,15,86,0,0,26,0,26,32,19,46,15,112,22,44,66,178
05/17/2002,HRL,TX,ASW,CE,Federal Contract Tower,28,22,16,11,77,0,0,11,0,11,28,22,27,11,88,34,14,48,136
05/18/2002,HRL,TX,ASW,CE,Federal Contract Tower,22,16,9,1,48,0,0,0,1,1,22,16,9,2,49,4,14,18,67
05/19/2002,HRL,TX,ASW,CE,Federal Contract Tower,20,12,3,0,35,0,0,16,0,16,20,12,19,0,51,0,0,0,51
05/20/2002,HRL,TX,ASW,CE,Federal Contract Tower,28,19,12,6,65,0,0,34,0,34,28,19,46,6,99,4,4,8,107
05/21/2002,HRL,TX,ASW,CE,Federal Contract Tower,32,24,10,22,88,0,0,32,0,32,32,24,42,22,120,34,26,60,180
05/22/2002,HRL,TX,ASW,CE,Federal Contract Tower,30,17,18,10,75,0,0,14,0,14,30,17,32,10,89,20,24,44,133
05/23/2002,HRL,TX,ASW,CE,Federal Contract Tower,29,16,18,11,74,0,0,18,1,19,29,16,36,12,93,0,8,8,101
05/24/2002,HRL,TX,ASW,CE,Federal Contract Tower,35,20,9,0,64,0,0,16,0,16,35,20,25,0,80,0,0,0,80
05/25/2002,HRL,TX,ASW,CE,Federal Contract Tower,17,15,10,0,42,0,0,21,0,21,17,15,31,0,63,0,0,0,63
05/26/2002,HRL,TX,ASW,CE,Federal Contract Tower,20,13,5,0,38,0,0,8,0,8,20,13,13,0,46,6,0,6,52
05/27/2002,HRL,TX,ASW,CE,Federal Contract Tower,22,10,6,0,38,0,0,15,0,15,22,10,21,0,53,4,0,4,57
05/28/2002,HRL,TX,ASW,CE,Federal Contract Tower,31,15,4,22,72,0,1,23,2,26,31,16,27,24,98,4,178,182,280
05/29/2002,HRL,TX,ASW,CE,Federal Contract Tower,34,14,11,12,71,0,0,7,0,7,34,14,18,12,78,8,6,14,92
05/30/2002,HRL,TX,ASW,CE,Federal Contract Tower,31,15,9,6,61,0,0,19,0,19,31,15,28,6,80,4,12,16,96
05/31/2002,HRL,TX,ASW,CE,Federal Contract Tower,29,14,4,9,56,0,0,16,5,21,29,14,20,14,77,0,24,24,101
06/01/2002,HRL,TX,ASW,CE,Federal Contract Tower,19,14,1,0,34,0,0,16,0,16,19,14,17,0,50,0,0,0,50
06/02/2002,HRL,TX,ASW,CE,Federal Contract Tower,25,9,5,0,39,0,0,8,0,8,25,9,13,0,47,0,0,0,47
06/03/2002,HRL,TX,ASW,CE,Federal Contract Tower,28,13,17,10,68,0,0,25,0,25,28,13,42,10,93,0,4,4,97
06/04/2002,HRL,TX,ASW,CE,Federal Contract Tower,31,14,14,15,74,0,0,19,7,26,31,14,33,22,100,4,84,88,188
06/05/2002,HRL,TX,ASW,CE,Federal Contract Tower,30,13,13,32,88,0,0,36,0,36,30,13,49,32,124,26,132,158,282
06/06/2002,HRL,TX,ASW,CE,Federal Contract Tower,28,17,11,14,70,0,0,13,0,13,28,17,24,14,83,24,6,30,113
06/07/2002,HRL,TX,ASW,CE,Federal Contract Tower,34,15,14,2,65,0,0,13,2,15,34,15,27,4,80,12,50,62,142
06/08/2002,HRL,TX,ASW,CE,Federal Contract Tower,18,18,6,0,42,0,0,21,0,21,18,18,27,0,63,0,0,0,63
06/09/2002,HRL,TX,ASW,CE,Federal Contract Tower,21,14,12,0,47,0,0,15,0,15,21,14,27,0,62,6,0,6,68
06/10/2002,HRL,TX,ASW,CE,Federal Contract Tower,28,12,12,14,66,0,0,8,0,8,28,12,20,14,74,14,8,22,96
06/11/2002,HRL,TX,ASW,CE,Federal Contract Tower,31,19,22,17,89,0,0,9,3,12,31,19,31,20,101,28,32,60,161
06/12/2002,HRL,TX,ASW,CE,Federal Contract Tower,31,15,12,16,74,0,0,23,0,23,31,15,35,16,97,22,24,46,143
06/13/2002,HRL,TX,ASW,CE,Federal Contract Tower,31,17,5,20,73,0,0,40,0,40,31,17,45,20,113,18,12,30,143
06/14/2002,HRL,TX,ASW,CE,Federal Contract Tower,30,16,12,5,63,0,0,27,0,27,30,16,39,5,90,8,58,66,156
06/15/2002,HRL,TX,ASW,CE,Federal Contract Tower,18,14,1,4,37,0,0,10,0,10,18,14,11,4,47,20,12,32,79
06/16/2002,HRL,TX,ASW,CE,Federal Contract Tower,23,11,11,0,45,0,0,11,0,11,23,11,22,0,56,0,0,0,56
06/17/2002,HRL,TX,ASW,CE,Federal Contract Tower,28,11,10,8,57,0,0,23,0,23,28,11,33,8,80,2,10,12,92
06/18/2002,HRL,TX,ASW,CE,Federal Contract Tower,33,18,9,13,73,0,0,18,3,21,33,18,27,16,94,18,10,28,122
06/19/2002,HRL,TX,ASW,CE,Federal Contract Tower,31,13,9,17,70,0,0,27,0,27,31,13,36,17,97,2,128,130,227
06/20/2002,HRL,TX,ASW,CE,Federal Contract Tower,29,18,10,12,69,0,0,24,0,24,29,18,34,12,93,4,86,90,183
06/21/2002,HRL,TX,ASW,CE,Federal Contract Tower,32,12,6,12,62,0,0,24,0,24,32,12,30,12,86,6,22,28,114
06/22/2002,HRL,TX,ASW,CE,Federal Contract Tower,18,13,9,0,40,0,0,18,0,18,18,13,27,0,58,40,0,40,98
06/23/2002,HRL,TX,ASW,CE,Federal Contract Tower,21,16,2,0,39,0,0,25,0,25,21,16,27,0,64,0,0,0,64
06/24/2002,HRL,TX,ASW,CE,Federal Contract Tower,28,13,3,18,62,0,0,23,0,23,28,13,26,18,85,0,72,72,157
06/25/2002,HRL,TX,ASW,CE,Federal Contract Tower,31,13,4,30,78,0,0,23,4,27,31,13,27,34,105,16,178,194,299
06/26/2002,HRL,TX,ASW,CE,Federal Contract Tower,28,17,14,10,69,0,0,32,0,32,28,17,46,10,101,42,10,52,153
06/27/2002,HRL,TX,ASW,CE,Federal Contract Tower,32,29,14,4,79,0,0,44,0,44,32,29,58,4,123,20,14,34,157
06/28/2002,HRL,TX,ASW,CE,Federal Contract Tower,29,16,23,0,68,0,4,21,0,25,29,20,44,0,93,14,0,14,107
06/29/2002,HRL,TX,ASW,CE,Federal Contract Tower,20,14,11,0,45,0,0,8,0,8,20,14,19,0,53,0,0,0,53
06/30/2002,HRL,TX,ASW,CE,Federal Contract Tower,21,11,14,0,46,0,0,6,0,6,21,11,20,0,52,0,0,0,52
07/01/2002,HRL,TX,ASW,CE,Federal Contract Tower,25,10,17,12,64,0,0,14,0,14,25,10,31,12,78,42,2,44,122
07/02/2002,HRL,TX,ASW,CE,Federal Contract Tower,29,11,11,15,66,0,0,23,3,26,29,11,34,18,92,22,12,34,126
07/03/2002,HRL,TX,ASW,CE,Federal Contract Tower,33,15,18,18,84,0,0,34,0,34,33,15,52,18,118,48,160,208,326
07/04/2002,HRL,TX,ASW,CE,Federal Contract Tower,18,9,7,0,34,0,0,17,0,17,18,9,24,0,51,18,0,18,69
07/05/2002,HRL,TX,ASW,CE,Federal Contract Tower,22,11,6,0,39,0,0,26,0,26,22,11,32,0,65,36,0,36,101
07/06/2002,HRL,TX,ASW,CE,Federal Contract Tower,18,14,2,0,34,0,0,15,0,15,18,14,17,0,49,12,0,12,61
07/07/2002,HRL,TX,ASW,CE,Federal Contract Tower,21,10,9,0,40,0,0,6,0,6,21,10,15,0,46,0,0,0,46
07/08/2002,HRL,TX,ASW,CE,Federal Contract Tower,30,10,16,29,85,0,0,29,9,38,30,10,45,38,123,32,2,34,157
07/09/2002,HRL,TX,ASW,CE,Federal Contract Tower,32,11,12,0,55,0,0,29,0,29,32,11,41,0,84,10,0,10,94
07/10/2002,HRL,TX,ASW,CE,Federal Contract Tower,30,14,17,18,79,0,0,37,0,37,30,14,54,18,116,46,14,60,176
07/11/2002,HRL,TX,ASW,CE,Federal Contract Tower,29,14,9,16,68,0,0,41,0,41,29,14,50,16,109,34,18,52,161
07/12/2002,HRL,TX,ASW,CE,Federal Contract Tower,29,12,7,6,54,0,0,49,0,49,29,12,56,6,103,30,6,36,139
07/13/2002,HRL,TX,ASW,CE,Federal Contract Tower,21,14,7,0,42,0,0,29,0,29,21,14,36,0,71,24,0,24,95
07/14/2002,HRL,TX,ASW,CE,Federal Contract Tower,20,7,6,0,33,0,0,7,0,7,20,7,13,0,40,2,0,2,42
07/15/2002,HRL,TX,ASW,CE,Federal Contract Tower,27,10,11,0,48,0,0,22,4,26,27,10,33,4,74,30,36,66,140
07/16/2002,HRL,TX,ASW,CE,Federal Contract Tower,30,11,10,16,67,0,0,31,0,31,30,11,41,16,98,26,18,44,142
07/17/2002,HRL,TX,ASW,CE,Federal Contract Tower,25,11,6,15,57,0,0,37,0,37,25,11,43,15,94,4,60,64,158
07/18/2002,HRL,TX,ASW,CE,Federal Contract Tower,28,11,17,21,77,0,0,28,0,28,28,11,45,21,105,26,106,132,237
07/19/2002,HRL,TX,ASW,CE,Federal Contract Tower,29,11,10,10,60,0,0,29,0,29,29,11,39,10,89,32,132,164,253
07/20/2002,HRL,TX,ASW,CE,Federal Contract Tower,18,14,5,0,37,0,0,14,0,14,18,14,19,0,51,0,0,0,51
07/21/2002,HRL,TX,ASW,CE,Federal Contract Tower,21,13,3,0,37,0,0,18,0,18,21,13,21,0,55,22,0,22,77
07/22/2002,HRL,TX,ASW,CE,Federal Contract Tower,28,12,8,16,64,0,0,45,0,45,28,12,53,16,109,24,24,48,157
07/23/2002,HRL,TX,ASW,CE,Federal Contract Tower,29,17,7,26,79,0,0,34,0,34,29,17,41,26,113,8,70,78,191
07/24/2002,HRL,TX,ASW,CE,Federal Contract Tower,30,15,6,26,77,0,0,35,0,35,30,15,41,26,112,14,36,50,162
07/25/2002,HRL,TX,ASW,CE,Federal Contract Tower,30,13,13,14,70,0,0,22,0,22,30,13,35,14,92,14,136,150,242
07/26/2002,HRL,TX,ASW,CE,Federal Contract Tower,33,13,8,10,64,0,0,28,0,28,33,13,36,10,92,12,70,82,174
07/27/2002,HRL,TX,ASW,CE,Federal Contract Tower,18,16,3,0,37,0,0,17,0,17,18,16,20,0,54,0,0,0,54
07/28/2002,HRL,TX,ASW,CE,Federal Contract Tower,21,10,5,0,36,0,0,4,0,4,21,10,9,0,40,0,0,0,40
07/29/2002,HRL,TX,ASW,CE,Federal Contract Tower,28,11,6,18,63,0,0,18,0,18,28,11,24,18,81,2,52,54,135
07/30/2002,HRL,TX,ASW,CE,Federal Contract Tower,32,12,13,15,72,0,2,30,7,39,32,14,43,22,111,10,18,28,139
07/31/2002,HRL,TX,ASW,CE,Federal Contract Tower,30,21,12,14,77,0,0,22,0,22,30,21,34,14,99,2,10,12,111
08/01/2002,HRL,TX,ASW,CE,Federal Contract Tower,29,16,7,8,60,0,0,41,0,41,29,16,48,8,101,26,10,36,137
08/02/2002,HRL,TX,ASW,CE,Federal Contract Tower,29,16,5,14,64,0,0,31,0,31,29,16,36,14,95,26,72,98,193
08/03/2002,HRL,TX,ASW,CE,Federal Contract Tower,18,15,5,0,38,0,0,22,0,22,18,15,27,0,60,6,0,6,66
08/04/2002,HRL,TX,ASW,CE,Federal Contract Tower,19,10,8,0,37,0,0,13,0,13,19,10,21,0,50,4,0,4,54
08/05/2002,HRL,TX,ASW,CE,Federal Contract Tower,27,18,7,8,60,0,0,11,0,11,27,18,18,8,71,0,2,2,73
08/06/2002,HRL,TX,ASW,CE,Federal Contract Tower,31,16,4,22,73,0,0,36,0,36,31,16,40,22,109,8,28,36,145
08/07/2002,HRL,TX,ASW,CE,Federal Contract Tower,30,14,9,21,74,0,0,27,0,27,30,14,36,21,101,4,188,192,293
08/08/2002,HRL,TX,ASW,CE,Federal Contract Tower,29,13,12,5,59,0,1,30,0,31,29,14,42,5,90,32,12,44,134
08/09/2002,HRL,TX,ASW,CE,Federal Contract Tower,31,14,11,10,66,0,0,28,0,28,31,14,39,10,94,8,12,20,114
08/10/2002,HRL,TX,ASW,CE,Federal Contract Tower,18,15,1,0,34,0,0,22,0,22,18,15,23,0,56,6,0,6,62
08/11/2002,HRL,TX,ASW,CE,Federal Contract Tower,20,14,14,0,48,0,0,13,0,13,20,14,27,0,61,14,0,14,75
08/12/2002,HRL,TX,ASW,CE,Federal Contract Tower,28,14,10,20,72,0,0,18,0,18,28,14,28,20,90,2,198,200,290
08/13/2002,HRL,TX,ASW,CE,Federal Contract Tower,31,18,7,30,86,0,1,33,0,34,31,19,40,30,120,26,34,60,180
08/14/2002,HRL,TX,ASW,CE,Federal Contract Tower,31,12,13,17,73,0,0,13,0,13,31,12,26,17,86,8,18,26,112
08/15/2002,HRL,TX,ASW,CE,Federal Contract Tower,28,10,13,20,71,0,0,27,0,27,28,10,40,20,98,14,36,50,148
08/16/2002,HRL,TX,ASW,CE,Federal Contract Tower,30,14,10,0,54,0,0,29,0,29,30,14,39,0,83,32,0,32,115
08/17/2002,HRL,TX,ASW,CE,Federal Contract Tower,21,13,3,0,37,0,0,20,0,20,21,13,23,0,57,10,0,10,67
08/18/2002,HRL,TX,ASW,CE,Federal Contract Tower,20,9,5,0,34,0,0,19,0,19,20,9,24,0,53,8,0,8,61
08/19/2002,HRL,TX,ASW,CE,Federal Contract Tower,28,10,7,10,55,0,0,30,0,30,28,10,37,10,85,12,10,22,107
08/20/2002,HRL,TX,ASW,CE,Federal Contract Tower,29,14,5,20,68,0,0,19,0,19,29,14,24,20,87,10,40,50,137
08/21/2002,HRL,TX,ASW,CE,Federal Contract Tower,28,20,11,22,81,0,0,31,0,31,28,20,42,22,112,32,64,96,208
08/22/2002,HRL,TX,ASW,CE,Federal Contract Tower,29,14,15,23,81,0,0,28,0,28,29,14,43,23,109,38,42,80,189
08/23/2002,HRL,TX,ASW,CE,Federal Contract Tower,25,12,9,9,55,0,0,44,1,45,25,12,53,10,100,10,52,62,162
08/24/2002,HRL,TX,ASW,CE,Federal Contract Tower,19,17,4,3,43,0,0,26,1,27,19,17,30,4,70,16,16,32,102
08/25/2002,HRL,TX,ASW,CE,Federal Contract Tower,20,11,9,0,40,0,0,18,0,18,20,11,27,0,58,0,0,0,58
08/26/2002,HRL,TX,ASW,CE,Federal Contract Tower,30,12,6,8,56,0,0,33,0,33,30,12,39,8,89,0,4,4,93
08/27/2002,HRL,TX,ASW,CE,Federal Contract Tower,31,12,9,18,70,0,1,36,4,41,31,13,45,22,111,14,48,62,173
08/28/2002,HRL,TX,ASW,CE,Federal Contract Tower,30,13,15,16,74,0,0,16,0,16,30,13,31,16,90,24,26,50,140
08/29/2002,HRL,TX,ASW,CE,Federal Contract Tower,31,16,10,26,83,0,0,38,0,38,31,16,48,26,121,6,18,24,145
08/30/2002,HRL,TX,ASW,CE,Federal Contract Tower,32,14,12,10,68,0,0,39,0,39,32,14,51,10,107,10,82,92,199
08/31/2002,HRL,TX,ASW,CE,Federal Contract Tower,17,14,33,2,66,0,0,0,2,2,17,14,33,4,68,52,4,56,124
09/01/2002,HRL,TX,ASW,CE,Federal Contract Tower,14,9,5,0,28,0,0,33,0,33,14,9,38,0,61,0,0,0,61
09/02/2002,HRL,TX,ASW,CE,Federal Contract Tower,22,10,5,0,37,0,0,17,0,17,22,10,22,0,54,8,0,8,62
09/03/2002,HRL,TX,ASW,CE,Federal Contract Tower,28,13,12,14,67,0,0,19,10,29,28,13,31,24,96,6,10,16,112
09/04/2002,HRL,TX,ASW,CE,Federal Contract Tower,30,21,11,24,86,0,0,17,0,17,30,21,28,24,103,22,44,66,169
09/05/2002,HRL,TX,ASW,CE,Federal Contract Tower,31,13,18,27,89,0,0,26,0,26,31,13,44,27,115,10,74,84,199
09/06/2002,HRL,TX,ASW,CE,Federal Contract Tower,31,15,7,5,58,0,0,43,3,46,31,15,50,8,104,12,118,130,234
09/07/2002,HRL,TX,ASW,CE,Federal Contract Tower,18,16,10,0,44,0,0,30,0,30,18,16,40,0,74,32,0,32,106
09/08/2002,HRL,TX,ASW,CE,Federal Contract Tower,21,9,7,0,37,0,0,25,0,25,21,9,32,0,62,6,0,6,68
09/09/2002,HRL,TX,ASW,CE,Federal Contract Tower,26,12,9,8,55,0,0,2,0,2,26,12,11,8,57,0,2,2,59
09/10/2002,HRL,TX,ASW,CE,Federal Contract Tower,32,15,16,16,79,0,1,16,2,19,32,16,32,18,98,16,14,30,128
09/11/2002,HRL,TX,ASW,CE,Federal Contract Tower,30,9,14,3,56,0,0,11,0,11,30,9,25,3,67,0,54,54,121
09/12/2002,HRL,TX,ASW,CE,Federal Contract Tower,29,10,13,22,74,0,0,25,0,25,29,10,38,22,99,8,48,56,155
09/13/2002,HRL,TX,ASW,CE,Federal Contract Tower,30,11,12,0,53,0,0,32,0,32,30,11,44,0,85,6,10,16,101
09/14/2002,HRL,TX,ASW,CE,Federal Contract Tower,18,12,6,0,36,0,0,4,0,4,18,12,10,0,40,42,0,42,82
09/15/2002,HRL,TX,ASW,CE,Federal Contract Tower,22,9,1,0,32,0,0,12,0,12,22,9,13,0,44,4,0,4,48
09/16/2002,HRL,TX,ASW,CE,Federal Contract Tower,26,10,17,14,67,0,0,4,0,4,26,10,21,14,71,8,196,204,275
09/17/2002,HRL,TX,ASW,CE,Federal Contract Tower,30,15,14,22,81,0,0,22,0,22,30,15,36,22,103,38,26,64,167
09/18/2002,HRL,TX,ASW,CE,Federal Contract Tower,26,15,4,20,65,0,0,21,0,21,26,15,25,20,86,30,112,142,228
09/19/2002,HRL,TX,ASW,CE,Federal Contract Tower,24,12,6,20,62,0,0,54,0,54,24,12,60,20,116,54,89,143,259
09/20/2002,HRL,TX,ASW,CE,Federal Contract Tower,32,14,6,16,68,0,0,28,0,28,32,14,34,16,96,70,106,176,272
09/21/2002,HRL,TX,ASW,CE,Federal Contract Tower,22,12,6,0,40,0,0,19,0,19,22,12,25,0,59,10,0,10,69
09/22/2002,HRL,TX,ASW,CE,Federal Contract Tower,22,11,6,0,39,0,0,17,0,17,22,11,23,0,56,0,0,0,56
09/23/2002,HRL,TX,ASW,CE,Federal Contract Tower,28,15,13,12,68,0,0,17,0,17,28,15,30,12,85,6,0,6,91
09/24/2002,HRL,TX,ASW,CE,Federal Contract Tower,32,13,8,13,66,0,0,36,7,43,32,13,44,20,109,12,78,90,199
09/25/2002,HRL,TX,ASW,CE,Federal Contract Tower,30,17,3,22,72,0,0,26,0,26,30,17,29,22,98,28,38,66,164
09/26/2002,HRL,TX,ASW,CE,Federal Contract Tower,28,10,7,22,67,0,0,32,5,37,28,10,39,27,104,26,92,118,222
09/27/2002,HRL,TX,ASW,CE,Federal Contract Tower,31,14,11,6,62,0,0,30,2,32,31,14,41,8,94,6,30,36,130
09/28/2002,HRL,TX,ASW,CE,Federal Contract Tower,22,14,3,0,39,0,0,20,0,20,22,14,23,0,59,14,0,14,73
09/29/2002,HRL,TX,ASW,CE,Federal Contract Tower,22,11,4,0,37,0,0,26,0,26,22,11,30,0,63,10,0,10,73
09/30/2002,HRL,TX,ASW,CE,Federal Contract Tower,30,13,8,5,56,0,0,41,5,46,30,13,49,10,102,2,22,24,126
10/01/2002,HRL,TX,ASW,CE,Federal Contract Tower,30,13,8,24,75,1,0,17,0,18,31,13,25,24,93,12,138,150,243
10/02/2002,HRL,TX,ASW,CE,Federal Contract Tower,31,10,15,24,80,1,0,32,0,33,32,10,47,24,113,10,92,102,215
10/03/2002,HRL,TX,ASW,CE,Federal Contract Tower,30,14,11,18,73,1,0,41,12,54,31,14,52,30,127,22,72,94,221
10/04/2002,HRL,TX,ASW,CE,Federal Contract Tower,29,10,8,2,49,1,0,24,0,25,30,10,32,2,74,0,16,16,90
10/05/2002,HRL,TX,ASW,CE,Federal Contract Tower,20,15,6,0,41,0,1,19,0,20,20,16,25,0,61,10,0,10,71
10/06/2002,HRL,TX,ASW,CE,Federal Contract Tower,22,8,3,0,33,0,1,21,0,22,22,9,24,0,55,18,0,18,73
10/07/2002,HRL,TX,ASW,CE,Federal Contract Tower,28,10,11,12,61,0,1,22,0,23,28,11,33,12,84,10,24,34,118
10/08/2002,HRL,TX,ASW,CE,Federal Contract Tower,30,14,12,14,70,0,0,11,0,11,30,14,23,14,81,0,12,12,93
10/09/2002,HRL,TX,ASW,CE,Federal Contract Tower,28,12,10,12,62,0,0,15,6,21,28,12,25,18,83,16,70,86,169
10/10/2002,HRL,TX,ASW,CE,Federal Contract Tower,29,10,14,18,71,0,0,23,10,33,29,10,37,28,104,28,58,86,190
10/11/2002,HRL,TX,ASW,CE,Federal Contract Tower,30,10,8,0,48,0,0,37,20,57,30,10,45,20,105,4,32,36,141
10/12/2002,HRL,TX,ASW,CE,Federal Contract Tower,21,13,1,0,35,0,0,11,0,11,21,13,12,0,46,6,0,6,52
10/13/2002,HRL,TX,ASW,CE,Federal Contract Tower,19,8,7,0,34,0,0,14,0,14,19,8,21,0,48,0,0,0,48
10/14/2002,HRL,TX,ASW,CE,Federal Contract Tower,28,9,13,1,51,0,0,23,1,24,28,9,36,2,75,24,0,24,99
10/15/2002,HRL,TX,ASW,CE,Federal Contract Tower,31,10,5,11,57,0,0,19,1,20,31,10,24,12,77,20,16,36,113
10/16/2002,HRL,TX,ASW,CE,Federal Contract Tower,27,11,7,15,60,0,0,18,5,23,27,11,25,20,83,28,10,38,121
10/17/2002,HRL,TX,ASW,CE,Federal Contract Tower,28,16,8,0,52,0,0,26,18,44,28,16,34,18,96,4,52,56,152
10/18/2002,HRL,TX,ASW,CE,Federal Contract Tower,28,18,17,1,64,0,0,21,21,42,28,18,38,22,106,0,22,22,128
10/19/2002,HRL,TX,ASW,CE,Federal Contract Tower,19,17,4,0,40,0,0,11,0,11,19,17,15,0,51,18,0,18,69
10/20/2002,HRL,TX,ASW,CE,Federal Contract Tower,22,9,8,0,39,0,0,5,0,5,22,9,13,0,44,0,0,0,44
10/21/2002,HRL,TX,ASW,CE,Federal Contract Tower,24,16,11,2,53,0,0,21,8,29,24,16,32,10,82,42,18,60,142
10/22/2002,HRL,TX,ASW,CE,Federal Contract Tower,29,16,16,0,61,0,0,28,16,44,29,16,44,16,105,36,18,54,159
10/23/2002,HRL,TX,ASW,CE,Federal Contract Tower,29,15,15,2,61,0,0,14,1,15,29,15,29,3,76,10,2,12,88
10/24/2002,HRL,TX,ASW,CE,Federal Contract Tower,29,16,8,2,55,0,0,18,2,20,29,16,26,4,75,46,8,54,129
10/25/2002,HRL,TX,ASW,CE,Federal Contract Tower,33,12,11,0,56,0,0,15,0,15,33,12,26,0,71,6,0,6,77
10/26/2002,HRL,TX,ASW,CE,Federal Contract Tower,22,14,4,0,40,0,0,0,0,0,22,14,4,0,40,0,0,0,40
10/27/2002,HRL,TX,ASW,CE,Federal Contract Tower,21,9,8,0,38,0,0,9,0,9,21,9,17,0,47,2,0,2,49
10/28/2002,HRL,TX,ASW,CE,Federal Contract Tower,28,11,10,2,51,0,0,16,18,34,28,11,26,20,85,4,84,88,173
10/29/2002,HRL,TX,ASW,CE,Federal Contract Tower,30,16,21,3,70,0,0,14,3,17,30,16,35,6,87,8,52,60,147
10/30/2002,HRL,TX,ASW,CE,Federal Contract Tower,21,14,5,1,41,0,0,23,10,33,21,14,28,11,74,18,18,36,110
10/31/2002,HRL,TX,ASW,CE,Federal Contract Tower,31,13,12,2,58,0,0,13,0,13,31,13,25,2,71,0,0,0,71
11/01/2002,HRL,TX,ASW,CE,Federal Contract Tower,34,11,22,4,71,0,0,5,4,9,34,11,27,8,80,10,58,68,148
11/02/2002,HRL,TX,ASW,CE,Federal Contract Tower,19,14,6,0,39,0,0,10,0,10,19,14,16,0,49,0,0,0,49
11/03/2002,HRL,TX,ASW,CE,Federal Contract Tower,22,10,16,0,48,0,0,3,0,3,22,10,19,0,51,2,0,2,53
11/04/2002,HRL,TX,ASW,CE,Federal Contract Tower,30,14,18,0,62,0,0,0,0,0,30,14,18,0,62,0,0,0,62
11/05/2002,HRL,TX,ASW,CE,Federal Contract Tower,31,9,6,1,47,0,0,30,15,45,31,9,36,16,92,58,56,114,206
11/06/2002,HRL,TX,ASW,CE,Federal Contract Tower,31,11,11,12,65,0,0,29,0,29,31,11,40,12,94,16,24,40,134
11/07/2002,HRL,TX,ASW,CE,Federal Contract Tower,30,10,5,24,69,0,0,53,2,55,30,10,58,26,124,22,18,40,164
11/08/2002,HRL,TX,ASW,CE,Federal Contract Tower,30,10,6,16,62,0,0,25,8,33,30,10,31,24,95,0,0,0,95
11/09/2002,HRL,TX,ASW,CE,Federal Contract Tower,20,14,0,4,38,0,0,16,0,16,20,14,16,4,54,0,10,10,64
11/10/2002,HRL,TX,ASW,CE,Federal Contract Tower,21,9,4,0,34,0,0,13,0,13,21,9,17,0,47,0,0,0,47
11/11/2002,HRL,TX,ASW,CE,Federal Contract Tower,29,9,22,1,61,0,0,6,1,7,29,9,28,2,68,0,0,0,68
11/12/2002,HRL,TX,ASW,CE,Federal Contract Tower,33,12,9,31,85,0,0,43,0,43,33,12,52,31,128,34,96,130,258
11/13/2002,HRL,TX,ASW,CE,Federal Contract Tower,28,9,4,26,67,0,0,23,0,23,28,9,27,26,90,12,42,54,144
11/14/2002,HRL,TX,ASW,CE,Federal Contract Tower,28,9,1,51,89,0,0,39,0,39,28,9,40,51,128,0,54,54,182
11/15/2002,HRL,TX,ASW,CE,Federal Contract Tower,30,10,12,24,76,0,0,15,6,21,30,10,27,30,97,0,56,56,153
11/16/2002,HRL,TX,ASW,CE,Federal Contract Tower,24,13,1,0,38,0,0,19,0,19,24,13,20,0,57,0,0,0,57
11/17/2002,HRL,TX,ASW,CE,Federal Contract Tower,20,12,2,0,34,0,1,11,2,14,20,13,13,2,48,38,0,38,86
11/18/2002,HRL,TX,ASW,CE,Federal Contract Tower,26,9,8,19,62,0,0,21,16,37,26,9,29,35,99,0,20,20,119
11/19/2002,HRL,TX,ASW,CE,Federal Contract Tower,33,9,19,24,85,0,0,30,2,32,33,9,49,26,117,24,56,80,197
11/20/2002,HRL,TX,ASW,CE,Federal Contract Tower,32,14,9,26,81,0,0,29,0,29,32,14,38,26,110,12,4,16,126
11/21/2002,HRL,TX,ASW,CE,Federal Contract Tower,30,12,11,20,73,0,1,37,10,48,30,13,48,30,121,6,24,30,151
11/22/2002,HRL,TX,ASW,CE,Federal Contract Tower,26,9,1,29,65,0,0,58,0,58,26,9,59,29,123,16,50,66,189
11/23/2002,HRL,TX,ASW,CE,Federal Contract Tower,19,14,3,0,36,0,0,21,0,21,19,14,24,0,57,28,0,28,85
11/24/2002,HRL,TX,ASW,CE,Federal Contract Tower,22,9,3,3,37,0,0,15,0,15,22,9,18,3,52,2,12,14,66
11/25/2002,HRL,TX,ASW,CE,Federal Contract Tower,29,10,8,34,81,0,0,25,16,41,29,10,33,50,122,16,8,24,146
11/26/2002,HRL,TX,ASW,CE,Federal Contract Tower,36,11,18,24,89,0,0,12,0,12,36,11,30,24,101,0,20,20,121
11/27/2002,HRL,TX,ASW,CE,Federal Contract Tower,34,12,12,0,58,0,0,17,0,17,34,12,29,0,75,4,0,4,79
11/28/2002,HRL,TX,ASW,CE,Federal Contract Tower,16,6,4,0,26,0,0,4,0,4,16,6,8,0,30,0,0,0,30
11/29/2002,HRL,TX,ASW,CE,Federal Contract Tower,20,9,7,0,36,0,0,26,0,26,20,9,33,0,62,24,0,24,86
11/30/2002,HRL,TX,ASW,CE,Federal Contract Tower,19,12,5,0,36,0,0,21,0,21,19,12,26,0,57,38,0,38,95
12/01/2002,HRL,TX,ASW,CE,Federal Contract Tower,21,9,5,0,35,1,0,32,0,33,22,9,37,0,68,16,0,16,84
12/02/2002,HRL,TX,ASW,CE,Federal Contract Tower,31,11,7,9,58,0,0,18,1,19,31,11,25,10,77,18,42,60,137
12/03/2002,HRL,TX,ASW,CE,Federal Contract Tower,30,11,18,60,119,0,0,10,0,10,30,11,28,60,129,22,50,72,201
12/04/2002,HRL,TX,ASW,CE,Federal Contract Tower,30,12,11,42,95,0,0,18,4,22,30,12,29,46,117,0,72,72,189
12/05/2002,HRL,TX,ASW,CE,Federal Contract Tower,29,13,15,29,86,0,0,23,7,30,29,13,38,36,116,14,50,64,180
12/06/2002,HRL,TX,ASW,CE,Federal Contract Tower,30,13,5,14,62,0,0,39,1,40,30,13,44,15,102,6,82,88,190
12/07/2002,HRL,TX,ASW,CE,Federal Contract Tower,19,12,5,0,36,1,0,18,0,19,20,12,23,0,55,20,0,20,75
12/08/2002,HRL,TX,ASW,CE,Federal Contract Tower,21,9,12,0,42,1,0,7,0,8,22,9,19,0,50,0,0,0,50
12/09/2002,HRL,TX,ASW,CE,Federal Contract Tower,29,8,26,32,95,0,0,6,0,6,29,8,32,32,101,0,4,4,105
12/10/2002,HRL,TX,ASW,CE,Federal Contract Tower,31,9,13,14,67,0,0,39,0,39,31,9,52,14,106,28,2,30,136
12/11/2002,HRL,TX,ASW,CE,Federal Contract Tower,28,11,31,23,93,0,0,0,1,1,28,11,31,24,94,10,94,104,198
12/12/2002,HRL,TX,ASW,CE,Federal Contract Tower,29,11,30,16,86,1,0,0,0,1,30,11,30,16,87,14,13,27,114
12/13/2002,HRL,TX,ASW,CE,Federal Contract Tower,20,13,10,3,46,0,12,26,0,38,20,25,36,3,84,8,2,10,94
12/14/2002,HRL,TX,ASW,CE,Federal Contract Tower,22,14,4,0,40,0,0,30,0,30,22,14,34,0,70,26,0,26,96
12/15/2002,HRL,TX,ASW,CE,Federal Contract Tower,22,12,5,0,39,0,0,7,0,7,22,12,12,0,46,0,0,0,46
12/16/2002,HRL,TX,ASW,CE,Federal Contract Tower,29,11,27,12,79,0,0,5,0,5,29,11,32,12,84,6,38,44,128
12/17/2002,HRL,TX,ASW,CE,Federal Contract Tower,33,9,6,26,74,0,0,23,0,23,33,9,29,26,97,0,26,26,123
12/18/2002,HRL,TX,ASW,CE,Federal Contract Tower,27,15,11,24,77,0,0,11,0,11,27,15,22,24,88,0,8,8,96
12/19/2002,HRL,TX,ASW,CE,Federal Contract Tower,31,15,2,20,68,0,0,34,0,34,31,15,36,20,102,24,10,34,136
12/20/2002,HRL,TX,ASW,CE,Federal Contract Tower,28,22,20,3,73,0,0,25,17,42,28,22,45,20,115,0,4,4,119
12/21/2002,HRL,TX,ASW,CE,Federal Contract Tower,18,18,4,0,40,0,0,13,0,13,18,18,17,0,53,18,0,18,71
12/22/2002,HRL,TX,ASW,CE,Federal Contract Tower,19,12,2,0,33,0,0,7,0,7,19,12,9,0,40,0,0,0,40
12/23/2002,HRL,TX,ASW,CE,Federal Contract Tower,29,13,6,10,58,0,0,13,0,13,29,13,19,10,71,16,20,36,107
12/24/2002,HRL,TX,ASW,CE,Federal Contract Tower,21,10,2,0,33,0,0,10,0,10,21,10,12,0,43,8,0,8,51
12/25/2002,HRL,TX,ASW,CE,Federal Contract Tower,14,9,1,0,24,0,0,7,0,7,14,9,8,0,31,0,0,0,31
12/26/2002,HRL,TX,ASW,CE,Federal Contract Tower,31,12,16,0,59,0,0,0,0,0,31,12,16,0,59,0,0,0,59
12/27/2002,HRL,TX,ASW,CE,Federal Contract Tower,36,17,8,0,61,0,0,15,0,15,36,17,23,0,76,0,0,0,76
12/28/2002,HRL,TX,ASW,CE,Federal Contract Tower,19,17,5,0,41,0,0,20,0,20,19,17,25,0,61,8,0,8,69
12/29/2002,HRL,TX,ASW,CE,Federal Contract Tower,21,13,12,0,46,0,0,5,0,5,21,13,17,0,51,10,0,10,61
12/30/2002,HRL,TX,ASW,CE,Federal Contract Tower,27,10,5,4,46,0,0,15,0,15,27,10,20,4,61,0,10,10,71
12/31/2002,HRL,TX,ASW,CE,Federal Contract Tower,22,12,7,2,43,0,0,18,0,18,22,12,25,2,61,10,0,10,71
01/01/2003,HRL,TX,ASW,CE,Federal Contract Tower,10,10,2,0,22,1,0,6,0,7,11,10,8,0,29,0,0,0,29
01/02/2003,HRL,TX,ASW,CE,Federal Contract Tower,28,13,6,2,49,0,0,19,0,19,28,13,25,2,68,0,2,2,70
01/03/2003,HRL,TX,ASW,CE,Federal Contract Tower,34,20,2,6,62,1,0,20,0,21,35,20,22,6,83,2,2,4,87
01/04/2003,HRL,TX,ASW,CE,Federal Contract Tower,20,14,7,0,41,1,0,12,0,13,21,14,19,0,54,0,0,0,54
01/05/2003,HRL,TX,ASW,CE,Federal Contract Tower,18,13,1,0,32,1,0,19,0,20,19,13,20,0,52,8,0,8,60
01/06/2003,HRL,TX,ASW,CE,Federal Contract Tower,29,10,4,8,51,1,0,16,0,17,30,10,20,8,68,8,8,16,84
01/07/2003,HRL,TX,ASW,CE,Federal Contract Tower,31,10,18,12,71,1,0,32,0,33,32,10,50,12,104,14,94,108,212
01/08/2003,HRL,TX,ASW,CE,Federal Contract Tower,30,10,8,30,78,1,0,26,0,27,31,10,34,30,105,14,34,48,153
01/09/2003,HRL,TX,ASW,CE,Federal Contract Tower,26,12,18,26,82,1,0,14,0,15,27,12,32,26,97,0,26,26,123
01/10/2003,HRL,TX,ASW,CE,Federal Contract Tower,29,16,3,12,60,1,0,23,0,24,30,16,26,12,84,12,2,14,98
01/11/2003,HRL,TX,ASW,CE,Federal Contract Tower,19,14,9,3,45,1,0,4,0,5,20,14,13,3,50,0,0,0,50
01/12/2003,HRL,TX,ASW,CE,Federal Contract Tower,18,10,11,0,39,0,1,0,0,1,18,11,11,0,40,0,0,0,40
01/13/2003,HRL,TX,ASW,CE,Federal Contract Tower,25,9,16,24,74,0,1,13,0,14,25,10,29,24,88,24,8,32,120
01/14/2003,HRL,TX,ASW,CE,Federal Contract Tower,31,15,20,15,81,0,0,35,13,48,31,15,55,28,129,10,60,70,199
01/15/2003,HRL,TX,ASW,CE,Federal Contract Tower,26,12,28,14,80,0,1,26,0,27,26,13,54,14,107,26,18,44,151
01/16/2003,HRL,TX,ASW,CE,Federal Contract Tower,30,11,15,17,73,0,1,9,0,10,30,12,24,17,83,0,204,204,287
01/17/2003,HRL,TX,ASW,CE,Federal Contract Tower,33,13,5,2,53,0,0,35,0,35,33,13,40,2,88,8,0,8,96
01/18/2003,HRL,TX,ASW,CE,Federal Contract Tower,22,13,0,0,35,0,0,15,0,15,22,13,15,0,50,0,0,0,50
01/19/2003,HRL,TX,ASW,CE,Federal Contract Tower,23,12,2,0,37,0,0,16,0,16,23,12,18,0,53,6,0,6,59
01/20/2003,HRL,TX,ASW,CE,Federal Contract Tower,30,14,9,0,53,0,0,15,0,15,30,14,24,0,68,38,0,38,106
01/21/2003,HRL,TX,ASW,CE,Federal Contract Tower,31,10,16,25,82,0,0,16,3,19,31,10,32,28,101,20,106,126,227
01/22/2003,HRL,TX,ASW,CE,Federal Contract Tower,29,11,35,12,87,0,0,2,0,2,29,11,37,12,89,4,104,108,197
01/23/2003,HRL,TX,ASW,CE,Federal Contract Tower,30,14,18,12,74,0,0,14,0,14,30,14,32,12,88,12,42,54,142
01/24/2003,HRL,TX,ASW,CE,Federal Contract Tower,33,11,26,2,72,0,0,10,0,10,33,11,36,2,82,26,2,28,110
01/25/2003,HRL,TX,ASW,CE,Federal Contract Tower,18,11,6,0,35,0,0,0,0,0,18,11,6,0,35,0,0,0,35
01/26/2003,HRL,TX,ASW,CE,Federal Contract Tower,21,11,9,0,41,0,0,0,0,0,21,11,9,0,41,0,0,0,41
01/27/2003,HRL,TX,ASW,CE,Federal Contract Tower,27,13,17,8,65,0,0,0,0,0,27,13,17,8,65,2,0,2,67
01/28/2003,HRL,TX,ASW,CE,Federal Contract Tower,29,12,26,10,77,0,0,0,6,6,29,12,26,16,83,8,4,12,95
01/29/2003,HRL,TX,ASW,CE,Federal Contract Tower,29,15,23,2,69,0,0,38,0,38,29,15,61,2,107,18,8,26,133
01/30/2003,HRL,TX,ASW,CE,Federal Contract Tower,25,12,16,9,62,0,0,18,0,18,25,12,34,9,80,32,20,52,132
01/31/2003,HRL,TX,ASW,CE,Federal Contract Tower,34,11,12,6,63,0,0,21,0,21,34,11,33,6,84,0,2,2,86
02/01/2003,HRL,TX,ASW,CE,Federal Contract Tower,22,13,9,0,44,1,0,16,0,17,23,13,25,0,61,0,0,0,61
02/02/2003,HRL,TX,ASW,CE,Federal Contract Tower,20,12,18,0,50,1,0,0,0,1,21,12,18,0,51,24,0,24,75
02/03/2003,HRL,TX,ASW,CE,Federal Contract Tower,29,15,10,13,67,0,0,18,1,19,29,15,28,14,86,10,0,10,96
02/04/2003,HRL,TX,ASW,CE,Federal Contract Tower,33,14,11,5,63,0,0,20,0,20,33,14,31,5,83,20,40,60,143
02/05/2003,HRL,TX,ASW,CE,Federal Contract Tower,33,20,18,4,75,0,0,12,1,13,33,20,30,5,88,6,0,6,94
02/06/2003,HRL,TX,ASW,CE,Federal Contract Tower,29,13,4,15,61,0,0,21,1,22,29,13,25,16,83,34,6,40,123
02/08/2003,HRL,TX,ASW,CE,Federal Contract Tower,19,11,5,0,35,1,0,0,0,1,20,11,5,0,36,0,0,0,36
02/09/2003,HRL,TX,ASW,CE,Federal Contract Tower,22,11,4,0,37,0,0,11,0,11,22,11,15,0,48,0,0,0,48
02/10/2003,HRL,TX,ASW,CE,Federal Contract Tower,30,12,13,19,74,0,0,29,3,32,30,12,42,22,106,0,34,34,140
02/11/2003,HRL,TX,ASW,CE,Federal Contract Tower,34,19,18,15,86,0,0,23,3,26,34,19,41,18,112,12,6,18,130
02/12/2003,HRL,TX,ASW,CE,Federal Contract Tower,32,15,16,11,74,0,0,22,7,29,32,15,38,18,103,18,110,128,231
02/13/2003,HRL,TX,ASW,CE,Federal Contract Tower,32,19,10,18,79,0,0,28,1,29,32,19,38,19,108,6,318,324,432
02/15/2003,HRL,TX,ASW,CE,Federal Contract Tower,21,16,3,0,40,0,0,9,1,10,21,16,12,1,50,0,0,0,50
02/17/2003,HRL,TX,ASW,CE,Federal Contract Tower,25,12,20,0,57,0,0,13,0,13,25,12,33,0,70,0,0,0,70
02/18/2003,HRL,TX,ASW,CE,Federal Contract Tower,29,13,15,4,61,0,0,20,0,20,29,13,35,4,81,0,2,2,83
02/19/2003,HRL,TX,ASW,CE,Federal Contract Tower,36,17,13,4,70,0,0,12,0,12,36,17,25,4,82,6,2,8,90
02/20/2003,HRL,TX,ASW,CE,Federal Contract Tower,27,13,13,14,67,0,0,13,0,13,27,13,26,14,80,56,6,62,142
02/21/2003,HRL,TX,ASW,CE,Federal Contract Tower,31,20,2,2,55,0,0,9,0,9,31,20,11,2,64,0,2,2,66
02/22/2003,HRL,TX,ASW,CE,Federal Contract Tower,21,16,4,0,41,0,0,23,0,23,21,16,27,0,64,0,0,0,64
02/23/2003,HRL,TX,ASW,CE,Federal Contract Tower,22,12,6,0,40,0,0,9,0,9,22,12,15,0,49,0,0,0,49
02/24/2003,HRL,TX,ASW,CE,Federal Contract Tower,27,12,1,26,66,0,0,37,0,37,27,12,38,26,103,26,54,80,183
02/25/2003,HRL,TX,ASW,CE,Federal Contract Tower,34,9,13,0,56,0,0,1,0,1,34,9,14,0,57,0,0,0,57
02/26/2003,HRL,TX,ASW,CE,Federal Contract Tower,30,20,19,28,97,0,0,0,0,0,30,20,19,28,97,0,18,18,115
02/27/2003,HRL,TX,ASW,CE,Federal Contract Tower,31,14,7,33,85,0,0,19,0,19,31,14,26,33,104,99,170,269,373
02/28/2003,HRL,TX,ASW,CE,Federal Contract Tower,32,16,18,16,82,0,0,5,0,5,32,16,23,16,87,6,52,58,145
03/01/2003,HRL,TX,ASW,CE,Federal Contract Tower,25,13,8,0,46,1,0,0,0,1,26,13,8,0,47,0,0,0,47
03/02/2003,HRL,TX,ASW,CE,Federal Contract Tower,0,0,6,0,6,0,0,150,0,150,0,0,156,0,156,128,0,128,284
03/03/2003,HRL,TX,ASW,CE,Federal Contract Tower,27,8,20,16,71,0,0,0,0,0,27,8,20,16,71,0,16,16,87
03/04/2003,HRL,TX,ASW,CE,Federal Contract Tower,36,14,21,28,99,0,0,1,0,1,36,14,22,28,100,4,52,56,156
03/05/2003,HRL,TX,ASW,CE,Federal Contract Tower,36,18,22,5,81,0,0,21,1,22,36,18,43,6,103,30,24,54,157
03/06/2003,HRL,TX,ASW,CE,Federal Contract Tower,30,15,27,18,90,0,0,9,1,10,30,15,36,19,100,0,14,14,114
03/07/2003,HRL,TX,ASW,CE,Federal Contract Tower,34,14,8,14,70,0,0,26,1,27,34,14,34,15,97,0,20,20,117
03/08/2003,HRL,TX,ASW,CE,Federal Contract Tower,22,14,5,3,44,0,0,24,1,25,22,14,29,4,69,10,0,10,79
03/09/2003,HRL,TX,ASW,CE,Federal Contract Tower,22,11,7,2,42,0,0,8,0,8,22,11,15,2,50,0,2,2,52
03/10/2003,HRL,TX,ASW,CE,Federal Contract Tower,30,11,12,16,69,1,0,12,2,15,31,11,24,18,84,12,76,88,172
03/11/2003,HRL,TX,ASW,CE,Federal Contract Tower,30,11,16,25,82,0,0,7,0,7,30,11,23,25,89,0,14,14,103
03/12/2003,HRL,TX,ASW,CE,Federal Contract Tower,31,11,21,23,86,0,0,17,0,17,31,11,38,23,103,0,82,82,185
03/13/2003,HRL,TX,ASW,CE,Federal Contract Tower,27,13,8,22,70,0,0,23,0,23,27,13,31,22,93,0,26,26,119
03/14/2003,HRL,TX,ASW,CE,Federal Contract Tower,31,14,12,36,93,0,0,22,0,22,31,14,34,36,115,32,6,38,153
03/15/2003,HRL,TX,ASW,CE,Federal Contract Tower,25,14,10,2,51,0,0,7,0,7,25,14,17,2,58,0,0,0,58
03/16/2003,HRL,TX,ASW,CE,Federal Contract Tower,22,10,10,0,42,0,0,13,0,13,22,10,23,0,55,0,0,0,55
03/17/2003,HRL,TX,ASW,CE,Federal Contract Tower,29,8,15,23,75,0,0,18,6,24,29,8,33,29,99,12,110,122,221
03/18/2003,HRL,TX,ASW,CE,Federal Contract Tower,36,11,12,28,87,0,0,43,0,43,36,11,55,28,130,26,34,60,190
03/19/2003,HRL,TX,ASW,CE,Federal Contract Tower,36,13,14,40,103,0,0,32,0,32,36,13,46,40,135,26,124,150,285
03/20/2003,HRL,TX,ASW,CE,Federal Contract Tower,30,12,11,19,72,0,0,18,0,18,30,12,29,19,90,0,14,14,104
03/21/2003,HRL,TX,ASW,CE,Federal Contract Tower,33,12,1,15,61,0,0,39,0,39,33,12,40,15,100,34,8,42,142
03/22/2003,HRL,TX,ASW,CE,Federal Contract Tower,23,13,5,1,42,0,0,10,0,10,23,13,15,1,52,16,0,16,68
03/23/2003,HRL,TX,ASW,CE,Federal Contract Tower,19,12,10,0,41,0,0,10,0,10,19,12,20,0,51,8,0,8,59
03/24/2003,HRL,TX,ASW,CE,Federal Contract Tower,29,11,11,30,81,0,0,30,0,30,29,11,41,30,111,12,84,96,207
03/25/2003,HRL,TX,ASW,CE,Federal Contract Tower,35,14,20,38,107,0,0,13,0,13,35,14,33,38,120,44,8,52,172
03/26/2003,HRL,TX,ASW,CE,Federal Contract Tower,29,15,20,17,81,0,0,31,0,31,29,15,51,17,112,22,10,32,144
03/27/2003,HRL,TX,ASW,CE,Federal Contract Tower,29,14,9,32,84,0,0,39,0,39,29,14,48,32,123,6,2,8,131
03/28/2003,HRL,TX,ASW,CE,Federal Contract Tower,30,14,11,25,80,0,0,28,0,28,30,14,39,25,108,0,8,8,116
03/29/2003,HRL,TX,ASW,CE,Federal Contract Tower,22,13,1,0,36,0,0,19,0,19,22,13,20,0,55,0,0,0,55
03/30/2003,HRL,TX,ASW,CE,Federal Contract Tower,20,9,4,0,33,0,0,18,0,18,20,9,22,0,51,0,0,0,51
03/31/2003,HRL,TX,ASW,CE,Federal Contract Tower,32,10,23,21,86,0,0,25,8,33,32,10,48,29,119,14,10,24,143
04/01/2003,HRL,TX,ASW,CE,Federal Contract Tower,34,10,16,22,82,0,0,32,0,32,34,10,48,22,114,12,78,90,204
04/02/2003,HRL,TX,ASW,CE,Federal Contract Tower,31,14,5,26,76,0,0,45,0,45,31,14,50,26,121,42,0,42,163
04/03/2003,HRL,TX,ASW,CE,Federal Contract Tower,29,12,8,12,61,0,0,35,0,35,29,12,43,12,96,36,98,134,230
04/04/2003,HRL,TX,ASW,CE,Federal Contract Tower,34,20,7,4,65,0,0,27,0,27,34,20,34,4,92,34,0,34,126
04/05/2003,HRL,TX,ASW,CE,Federal Contract Tower,20,18,0,0,38,0,0,16,0,16,20,18,16,0,54,0,0,0,54
04/06/2003,HRL,TX,ASW,CE,Federal Contract Tower,21,11,4,0,36,0,0,10,0,10,21,11,14,0,46,0,0,0,46
04/07/2003,HRL,TX,ASW,CE,Federal Contract Tower,29,11,17,22,79,0,0,13,0,13,29,11,30,22,92,28,8,36,128
04/08/2003,HRL,TX,ASW,CE,Federal Contract Tower,34,14,7,10,65,0,0,16,2,18,34,14,23,12,83,0,70,70,153
04/09/2003,HRL,TX,ASW,CE,Federal Contract Tower,31,13,3,13,60,0,0,34,0,34,31,13,37,13,94,0,0,0,94
04/10/2003,HRL,TX,ASW,CE,Federal Contract Tower,28,12,16,34,90,0,0,42,0,42,28,12,58,34,132,0,40,40,172
04/11/2003,HRL,TX,ASW,CE,Federal Contract Tower,32,13,2,20,67,0,0,31,0,31,32,13,33,20,98,4,0,4,102
04/12/2003,HRL,TX,ASW,CE,Federal Contract Tower,26,12,8,0,46,0,0,22,0,22,26,12,30,0,68,0,0,0,68
04/13/2003,HRL,TX,ASW,CE,Federal Contract Tower,22,12,2,0,36,0,0,16,0,16,22,12,18,0,52,0,0,0,52
04/14/2003,HRL,TX,ASW,CE,Federal Contract Tower,31,10,2,10,53,0,0,33,0,33,31,10,35,10,86,16,12,28,114
04/15/2003,HRL,TX,ASW,CE,Federal Contract Tower,33,11,17,24,85,0,0,29,0,29,33,11,46,24,114,30,68,98,212
04/16/2003,HRL,TX,ASW,CE,Federal Contract Tower,31,15,9,29,84,0,0,28,0,28,31,15,37,29,112,66,152,218,330
04/17/2003,HRL,TX,ASW,CE,Federal Contract Tower,29,11,20,16,76,0,0,27,0,27,29,11,47,16,103,58,6,64,167
04/18/2003,HRL,TX,ASW,CE,Federal Contract Tower,31,15,5,10,61,0,0,20,0,20,31,15,25,10,81,0,14,14,95
04/19/2003,HRL,TX,ASW,CE,Federal Contract Tower,21,15,9,0,45,0,0,0,0,0,21,15,9,0,45,0,0,0,45
04/20/2003,HRL,TX,ASW,CE,Federal Contract Tower,17,9,6,0,32,0,0,3,0,3,17,9,9,0,35,0,0,0,35
04/21/2003,HRL,TX,ASW,CE,Federal Contract Tower,32,12,18,16,78,0,0,2,0,2,32,12,20,16,80,0,0,0,80
04/22/2003,HRL,TX,ASW,CE,Federal Contract Tower,32,10,14,22,78,0,0,22,0,22,32,10,36,22,100,0,230,230,330
04/23/2003,HRL,TX,ASW,CE,Federal Contract Tower,27,11,25,22,85,0,0,4,0,4,27,11,29,22,89,80,128,208,297
04/24/2003,HRL,TX,ASW,CE,Federal Contract Tower,32,14,17,21,84,0,0,11,0,11,32,14,28,21,95,8,8,16,111
04/25/2003,HRL,TX,ASW,CE,Federal Contract Tower,22,19,14,10,65,0,0,28,0,28,22,19,42,10,93,2,4,6,99
04/26/2003,HRL,TX,ASW,CE,Federal Contract Tower,21,12,2,0,35,0,0,27,0,27,21,12,29,0,62,0,20,20,82
04/27/2003,HRL,TX,ASW,CE,Federal Contract Tower,20,9,3,0,32,0,0,12,0,12,20,9,15,0,44,0,0,0,44
04/28/2003,HRL,TX,ASW,CE,Federal Contract Tower,28,12,12,16,68,0,0,7,0,7,28,12,19,16,75,34,0,34,109
04/29/2003,HRL,TX,ASW,CE,Federal Contract Tower,34,13,21,38,106,0,0,16,0,16,34,13,37,38,122,0,34,34,156
04/30/2003,HRL,TX,ASW,CE,Federal Contract Tower,34,10,6,18,68,0,0,24,0,24,34,10,30,18,92,0,112,112,204
05/01/2003,HRL,TX,ASW,CE,Federal Contract Tower,27,16,19,34,96,0,0,24,0,24,27,16,43,34,120,92,8,100,220
05/02/2003,HRL,TX,ASW,CE,Federal Contract Tower,27,9,12,9,57,0,0,9,0,9,27,9,21,9,66,32,48,80,146
05/03/2003,HRL,TX,ASW,CE,Federal Contract Tower,24,12,15,0,51,0,0,0,0,0,24,12,15,0,51,0,0,0,51
05/04/2003,HRL,TX,ASW,CE,Federal Contract Tower,22,9,3,2,36,0,0,14,0,14,22,9,17,2,50,0,0,0,50
05/05/2003,HRL,TX,ASW,CE,Federal Contract Tower,28,9,9,13,59,0,0,24,0,24,28,9,33,13,83,10,66,76,159
05/06/2003,HRL,TX,ASW,CE,Federal Contract Tower,32,14,13,6,65,0,0,20,6,26,32,14,33,12,91,24,2,26,117
05/07/2003,HRL,TX,ASW,CE,Federal Contract Tower,27,12,11,18,68,0,0,33,0,33,27,12,44,18,101,18,140,158,259
05/08/2003,HRL,TX,ASW,CE,Federal Contract Tower,30,12,10,16,68,0,0,24,0,24,30,12,34,16,92,0,54,54,146
05/09/2003,HRL,TX,ASW,CE,Federal Contract Tower,24,15,9,18,66,0,0,23,0,23,24,15,32,18,89,30,0,30,119
05/10/2003,HRL,TX,ASW,CE,Federal Contract Tower,19,12,0,4,35,0,0,10,0,10,19,12,10,4,45,0,0,0,45
05/11/2003,HRL,TX,ASW,CE,Federal Contract Tower,23,7,8,0,38,0,0,8,0,8,23,7,16,0,46,0,0,0,46
05/12/2003,HRL,TX,ASW,CE,Federal Contract Tower,28,8,10,18,64,0,0,19,0,19,28,8,29,18,83,0,46,46,129
05/13/2003,HRL,TX,ASW,CE,Federal Contract Tower,33,8,9,12,62,0,0,40,0,40,33,8,49,12,102,40,4,44,146
05/14/2003,HRL,TX,ASW,CE,Federal Contract Tower,31,9,4,22,66,0,0,28,0,28,31,9,32,22,94,0,0,0,94
05/15/2003,HRL,TX,ASW,CE,Federal Contract Tower,31,11,5,18,65,0,0,15,0,15,31,11,20,18,80,0,134,134,214
05/16/2003,HRL,TX,ASW,CE,Federal Contract Tower,28,11,6,28,73,0,0,30,0,30,28,11,36,28,103,0,24,24,127
05/17/2003,HRL,TX,ASW,CE,Federal Contract Tower,22,23,15,0,60,0,0,0,0,0,22,23,15,0,60,0,0,0,60
05/18/2003,HRL,TX,ASW,CE,Federal Contract Tower,20,9,7,6,42,0,0,9,0,9,20,9,16,6,51,10,16,26,77
05/19/2003,HRL,TX,ASW,CE,Federal Contract Tower,25,9,17,21,72,0,0,21,2,23,25,9,38,23,95,40,86,126,221
05/20/2003,HRL,TX,ASW,CE,Federal Contract Tower,34,13,13,14,74,0,0,27,0,27,34,13,40,14,101,26,48,74,175
05/21/2003,HRL,TX,ASW,CE,Federal Contract Tower,30,12,23,30,95,0,0,18,0,18,30,12,41,30,113,8,54,62,175
05/22/2003,HRL,TX,ASW,CE,Federal Contract Tower,32,9,17,18,76,0,0,8,0,8,32,9,25,18,84,0,4,4,88
05/23/2003,HRL,TX,ASW,CE,Federal Contract Tower,29,10,12,16,67,0,0,20,0,20,29,10,32,16,87,0,56,56,143
05/24/2003,HRL,TX,ASW,CE,Federal Contract Tower,21,12,8,0,41,0,0,21,0,21,21,12,29,0,62,16,0,16,78
05/25/2003,HRL,TX,ASW,CE,Federal Contract Tower,17,5,8,0,30,0,0,9,0,9,17,5,17,0,39,0,0,0,39
05/26/2003,HRL,TX,ASW,CE,Federal Contract Tower,18,9,4,0,31,0,0,6,0,6,18,9,10,0,37,0,0,0,37
05/27/2003,HRL,TX,ASW,CE,Federal Contract Tower,28,14,14,19,75,0,0,23,1,24,28,14,37,20,99,0,0,0,99
05/28/2003,HRL,TX,ASW,CE,Federal Contract Tower,31,11,10,6,58,0,0,12,0,12,31,11,22,6,70,22,2,24,94
05/29/2003,HRL,TX,ASW,CE,Federal Contract Tower,31,9,8,26,74,0,0,38,0,38,31,9,46,26,112,40,30,70,182
05/30/2003,HRL,TX,ASW,CE,Federal Contract Tower,31,14,2,24,71,0,0,33,0,33,31,14,35,24,104,14,30,44,148
05/31/2003,HRL,TX,ASW,CE,Federal Contract Tower,23,12,5,0,40,0,0,23,0,23,23,12,28,0,63,6,0,6,69
06/01/2003,HRL,TX,ASW,CE,Federal Contract Tower,21,8,4,0,33,0,0,5,0,5,21,8,9,0,38,0,0,0,38
06/02/2003,HRL,TX,ASW,CE,Federal Contract Tower,30,8,12,6,56,0,0,15,0,15,30,8,27,6,71,20,20,40,111
06/03/2003,HRL,TX,ASW,CE,Federal Contract Tower,35,10,10,16,71,0,0,30,0,30,35,10,40,16,101,0,6,6,107
06/04/2003,HRL,TX,ASW,CE,Federal Contract Tower,28,11,7,24,70,0,0,20,0,20,28,11,27,24,90,24,2,26,116
06/05/2003,HRL,TX,ASW,CE,Federal Contract Tower,29,9,15,6,59,0,0,47,0,47,29,9,62,6,106,20,0,20,126
06/06/2003,HRL,TX,ASW,CE,Federal Contract Tower,29,12,11,13,65,0,0,28,0,28,29,12,39,13,93,0,38,38,131
06/07/2003,HRL,TX,ASW,CE,Federal Contract Tower,26,14,5,0,45,0,0,18,0,18,26,14,23,0,63,6,0,6,69
06/08/2003,HRL,TX,ASW,CE,Federal Contract Tower,21,9,6,0,36,0,0,18,0,18,21,9,24,0,54,6,0,6,60
06/09/2003,HRL,TX,ASW,CE,Federal Contract Tower,29,8,8,4,49,0,0,37,0,37,29,8,45,4,86,0,0,0,86
06/10/2003,HRL,TX,ASW,CE,Federal Contract Tower,34,9,8,12,63,0,0,15,0,15,34,9,23,12,78,16,2,18,96
06/11/2003,HRL,TX,ASW,CE,Federal Contract Tower,31,12,10,22,75,0,0,26,0,26,31,12,36,22,101,8,30,38,139
06/12/2003,HRL,TX,ASW,CE,Federal Contract Tower,32,12,13,14,71,0,0,32,0,32,32,12,45,14,103,0,6,6,109
06/13/2003,HRL,TX,ASW,CE,Federal Contract Tower,27,8,17,35,87,0,0,16,0,16,27,8,33,35,103,0,36,36,139
06/14/2003,HRL,TX,ASW,CE,Federal Contract Tower,25,10,8,0,43,0,0,10,0,10,25,10,18,0,53,0,0,0,53
06/15/2003,HRL,TX,ASW,CE,Federal Contract Tower,21,8,1,3,33,0,0,5,0,5,21,8,6,3,38,0,0,0,38
06/16/2003,HRL,TX,ASW,CE,Federal Contract Tower,28,9,3,20,60,0,0,18,0,18,28,9,21,20,78,44,6,50,128
06/17/2003,HRL,TX,ASW,CE,Federal Contract Tower,29,12,11,25,77,0,0,30,0,30,29,12,41,25,107,14,8,22,129
06/18/2003,HRL,TX,ASW,CE,Federal Contract Tower,29,14,4,19,66,0,0,43,0,43,29,14,47,19,109,36,14,50,159
06/19/2003,HRL,TX,ASW,CE,Federal Contract Tower,31,9,7,18,65,0,0,35,0,35,31,9,42,18,100,0,2,2,102
06/20/2003,HRL,TX,ASW,CE,Federal Contract Tower,28,10,7,12,57,0,0,31,0,31,28,10,38,12,88,14,6,20,108
06/21/2003,HRL,TX,ASW,CE,Federal Contract Tower,19,13,3,0,35,0,0,7,0,7,19,13,10,0,42,0,0,0,42
06/22/2003,HRL,TX,ASW,CE,Federal Contract Tower,21,8,5,0,34,0,0,6,0,6,21,8,11,0,40,0,0,0,40
06/23/2003,HRL,TX,ASW,CE,Federal Contract Tower,28,8,7,20,63,0,0,20,0,20,28,8,27,20,83,22,0,22,105
06/24/2003,HRL,TX,ASW,CE,Federal Contract Tower,34,13,10,17,74,0,0,16,3,19,34,13,26,20,93,2,8,10,103
06/25/2003,HRL,TX,ASW,CE,Federal Contract Tower,31,13,9,20,73,0,0,34,0,34,31,13,43,20,107,0,0,0,107
06/26/2003,HRL,TX,ASW,CE,Federal Contract Tower,29,11,8,17,65,0,0,27,0,27,29,11,35,17,92,0,10,10,102
06/27/2003,HRL,TX,ASW,CE,Federal Contract Tower,29,7,7,2,45,0,0,22,0,22,29,7,29,2,67,2,0,2,69
06/28/2003,HRL,TX,ASW,CE,Federal Contract Tower,21,12,3,0,36,0,0,10,0,10,21,12,13,0,46,0,0,0,46
06/29/2003,HRL,TX,ASW,CE,Federal Contract Tower,22,8,5,0,35,0,0,9,0,9,22,8,14,0,44,0,0,0,44
06/30/2003,HRL,TX,ASW,CE,Federal Contract Tower,30,8,1,18,57,0,0,29,0,29,30,8,30,18,86,12,0,12,98
07/01/2003,HRL,TX,ASW,CE,Federal Contract Tower,33,10,6,18,67,0,0,32,0,32,33,10,38,18,99,16,4,20,119
07/02/2003,HRL,TX,ASW,CE,Federal Contract Tower,28,11,14,20,73,0,0,26,0,26,28,11,40,20,99,14,0,14,113
07/03/2003,HRL,TX,ASW,CE,Federal Contract Tower,28,9,18,0,55,0,0,35,0,35,28,9,53,0,90,18,0,18,108
07/04/2003,HRL,TX,ASW,CE,Federal Contract Tower,16,8,5,0,29,0,0,5,0,5,16,8,10,0,34,0,0,0,34
07/05/2003,HRL,TX,ASW,CE,Federal Contract Tower,15,13,4,0,32,0,0,19,0,19,15,13,23,0,51,0,0,0,51
07/06/2003,HRL,TX,ASW,CE,Federal Contract Tower,21,8,4,0,33,0,0,15,0,15,21,8,19,0,48,0,0,0,48
07/07/2003,HRL,TX,ASW,CE,Federal Contract Tower,27,6,12,16,61,0,0,26,0,26,27,6,38,16,87,2,0,2,89
07/08/2003,HRL,TX,ASW,CE,Federal Contract Tower,32,12,2,8,54,0,0,25,0,25,32,12,27,8,79,0,14,14,93
07/09/2003,HRL,TX,ASW,CE,Federal Contract Tower,29,10,11,30,80,0,0,12,0,12,29,10,23,30,92,34,16,50,142
07/10/2003,HRL,TX,ASW,CE,Federal Contract Tower,30,11,18,38,97,0,0,44,0,44,30,11,62,38,141,4,12,16,157
07/11/2003,HRL,TX,ASW,CE,Federal Contract Tower,28,7,4,23,62,0,0,45,0,45,28,7,49,23,107,10,2,12,119
07/12/2003,HRL,TX,ASW,CE,Federal Contract Tower,21,11,1,0,33,0,0,24,0,24,21,11,25,0,57,0,0,0,57
07/13/2003,HRL,TX,ASW,CE,Federal Contract Tower,21,8,5,0,34,0,0,23,2,25,21,8,28,2,59,0,0,0,59
07/14/2003,HRL,TX,ASW,CE,Federal Contract Tower,30,9,6,2,47,0,0,33,0,33,30,9,39,2,80,4,2,6,86
07/15/2003,HRL,TX,ASW,CE,Federal Contract Tower,33,9,4,1,47,0,0,20,0,20,33,9,24,1,67,18,0,18,85
07/16/2003,HRL,TX,ASW,CE,Federal Contract Tower,30,8,0,3,41,0,0,30,0,30,30,8,30,3,71,4,0,4,75
07/17/2003,HRL,TX,ASW,CE,Federal Contract Tower,30,10,7,8,55,0,0,29,0,29,30,10,36,8,84,0,0,0,84
07/18/2003,HRL,TX,ASW,CE,Federal Contract Tower,29,8,11,28,76,0,0,39,0,39,29,8,50,28,115,8,10,18,133
07/19/2003,HRL,TX,ASW,CE,Federal Contract Tower,21,9,7,0,37,0,0,11,0,11,21,9,18,0,48,0,0,0,48
07/20/2003,HRL,TX,ASW,CE,Federal Contract Tower,22,12,6,0,40,0,0,29,0,29,22,12,35,0,69,0,0,0,69
07/21/2003,HRL,TX,ASW,CE,Federal Contract Tower,32,9,6,13,60,0,0,43,0,43,32,9,49,13,103,18,12,30,133
07/22/2003,HRL,TX,ASW,CE,Federal Contract Tower,32,9,10,14,65,0,0,39,0,39,32,9,49,14,104,20,0,20,124
07/23/2003,HRL,TX,ASW,CE,Federal Contract Tower,29,9,11,24,73,0,0,59,0,59,29,9,70,24,132,28,2,30,162
07/24/2003,HRL,TX,ASW,CE,Federal Contract Tower,30,11,5,26,72,0,0,56,0,56,30,11,61,26,128,2,0,2,130
07/25/2003,HRL,TX,ASW,CE,Federal Contract Tower,29,11,8,13,61,0,0,25,0,25,29,11,33,13,86,0,10,10,96
07/26/2003,HRL,TX,ASW,CE,Federal Contract Tower,22,11,2,2,37,0,0,22,0,22,22,11,24,2,59,10,0,10,69
07/27/2003,HRL,TX,ASW,CE,Federal Contract Tower,21,8,5,0,34,0,0,12,0,12,21,8,17,0,46,0,0,0,46
07/28/2003,HRL,TX,ASW,CE,Federal Contract Tower,29,9,3,10,51,0,0,15,1,16,29,9,18,11,67,22,16,38,105
07/29/2003,HRL,TX,ASW,CE,Federal Contract Tower,31,11,1,8,51,0,0,24,0,24,31,11,25,8,75,6,0,6,81
07/30/2003,HRL,TX,ASW,CE,Federal Contract Tower,34,11,0,25,70,0,0,26,1,27,34,11,26,26,97,4,0,4,101
07/31/2003,HRL,TX,ASW,CE,Federal Contract Tower,30,10,4,22,66,0,0,31,0,31,30,10,35,22,97,0,0,0,97
08/01/2003,HRL,TX,ASW,CE,Federal Contract Tower,30,9,4,10,53,0,0,23,0,23,30,9,27,10,76,2,0,2,78
08/02/2003,HRL,TX,ASW,CE,Federal Contract Tower,24,9,12,0,45,0,0,17,0,17,24,9,29,0,62,6,0,6,68
08/03/2003,HRL,TX,ASW,CE,Federal Contract Tower,23,8,7,0,38,0,0,11,0,11,23,8,18,0,49,0,0,0,49
08/04/2003,HRL,TX,ASW,CE,Federal Contract Tower,28,8,7,20,63,0,0,18,0,18,28,8,25,20,81,4,2,6,87
08/05/2003,HRL,TX,ASW,CE,Federal Contract Tower,29,10,6,10,55,0,0,18,0,18,29,10,24,10,73,0,0,0,73
08/06/2003,HRL,TX,ASW,CE,Federal Contract Tower,31,12,11,20,74,0,0,20,0,20,31,12,31,20,94,4,0,4,98
08/07/2003,HRL,TX,ASW,CE,Federal Contract Tower,31,8,11,22,72,0,0,16,0,16,31,8,27,22,88,14,38,52,140
08/08/2003,HRL,TX,ASW,CE,Federal Contract Tower,30,9,3,2,44,0,0,23,0,23,30,9,26,2,67,6,0,6,73
08/09/2003,HRL,TX,ASW,CE,Federal Contract Tower,23,16,4,0,43,0,0,18,0,18,23,16,22,0,61,0,0,0,61
08/10/2003,HRL,TX,ASW,CE,Federal Contract Tower,21,7,6,0,34,0,0,17,0,17,21,7,23,0,51,2,0,2,53
08/11/2003,HRL,TX,ASW,CE,Federal Contract Tower,29,8,11,20,68,0,0,19,0,19,29,8,30,20,87,8,12,20,107
08/12/2003,HRL,TX,ASW,CE,Federal Contract Tower,33,9,10,12,64,0,0,28,0,28,33,9,38,12,92,0,12,12,104
08/13/2003,HRL,TX,ASW,CE,Federal Contract Tower,31,13,8,24,76,0,0,24,0,24,31,13,32,24,100,10,8,18,118
08/14/2003,HRL,TX,ASW,CE,Federal Contract Tower,31,9,7,14,61,0,0,11,0,11,31,9,18,14,72,0,0,0,72
08/15/2003,HRL,TX,ASW,CE,Federal Contract Tower,32,10,9,0,51,0,0,13,0,13,32,10,22,0,64,0,0,0,64
08/16/2003,HRL,TX,ASW,CE,Federal Contract Tower,21,10,5,2,38,0,0,0,0,0,21,10,5,2,38,0,0,0,38
08/17/2003,HRL,TX,ASW,CE,Federal Contract Tower,21,8,9,0,38,0,0,19,0,19,21,8,28,0,57,0,0,0,57
08/18/2003,HRL,TX,ASW,CE,Federal Contract Tower,31,8,15,28,82,0,0,25,0,25,31,8,40,28,107,2,0,2,109
08/19/2003,HRL,TX,ASW,CE,Federal Contract Tower,32,9,11,34,86,0,0,35,0,35,32,9,46,34,121,10,22,32,153
08/20/2003,HRL,TX,ASW,CE,Federal Contract Tower,31,10,0,19,60,0,0,41,0,41,31,10,41,19,101,12,82,94,195
08/21/2003,HRL,TX,ASW,CE,Federal Contract Tower,33,10,13,25,81,0,0,32,0,32,33,10,45,25,113,4,102,106,219
08/22/2003,HRL,TX,ASW,CE,Federal Contract Tower,28,9,8,4,49,0,0,24,0,24,28,9,32,4,73,12,0,12,85
08/23/2003,HRL,TX,ASW,CE,Federal Contract Tower,22,12,3,0,37,0,0,16,0,16,22,12,19,0,53,10,0,10,63
08/24/2003,HRL,TX,ASW,CE,Federal Contract Tower,21,6,4,0,31,0,0,19,0,19,21,6,23,0,50,6,0,6,56
08/25/2003,HRL,TX,ASW,CE,Federal Contract Tower,30,11,4,24,69,0,0,35,0,35,30,11,39,24,104,4,12,16,120
08/26/2003,HRL,TX,ASW,CE,Federal Contract Tower,30,15,13,30,88,0,0,19,0,19,30,15,32,30,107,0,64,64,171
08/27/2003,HRL,TX,ASW,CE,Federal Contract Tower,32,11,11,38,92,0,0,12,0,12,32,11,23,38,104,0,24,24,128
08/28/2003,HRL,TX,ASW,CE,Federal Contract Tower,29,10,8,40,87,0,0,39,0,39,29,10,47,40,126,12,24,36,162
08/29/2003,HRL,TX,ASW,CE,Federal Contract Tower,31,11,14,8,64,0,0,43,0,43,31,11,57,8,107,12,2,14,121
08/30/2003,HRL,TX,ASW,CE,Federal Contract Tower,21,10,0,2,33,0,0,19,0,19,21,10,19,2,52,12,0,12,64
08/31/2003,HRL,TX,ASW,CE,Federal Contract Tower,15,6,4,0,25,0,0,14,2,16,15,6,18,2,41,0,0,0,41
09/01/2003,HRL,TX,ASW,CE,Federal Contract Tower,21,9,8,0,38,0,0,14,0,14,21,9,22,0,52,0,0,0,52
09/02/2003,HRL,TX,ASW,CE,Federal Contract Tower,29,12,13,26,80,0,0,23,0,23,29,12,36,26,103,0,22,22,125
09/03/2003,HRL,TX,ASW,CE,Federal Contract Tower,30,13,18,2,63,0,0,18,0,18,30,13,36,2,81,4,0,4,85
09/04/2003,HRL,TX,ASW,CE,Federal Contract Tower,29,10,7,14,60,0,0,25,0,25,29,10,32,14,85,12,0,12,97
09/05/2003,HRL,TX,ASW,CE,Federal Contract Tower,30,11,9,2,52,0,0,17,0,17,30,11,26,2,69,18,0,18,87
09/06/2003,HRL,TX,ASW,CE,Federal Contract Tower,23,11,9,0,43,0,0,25,0,25,23,11,34,0,68,0,0,0,68
09/07/2003,HRL,TX,ASW,CE,Federal Contract Tower,20,7,12,0,39,0,0,19,0,19,20,7,31,0,58,0,0,0,58
09/08/2003,HRL,TX,ASW,CE,Federal Contract Tower,28,10,9,18,65,0,0,26,0,26,28,10,35,18,91,12,22,34,125
09/09/2003,HRL,TX,ASW,CE,Federal Contract Tower,32,8,11,14,65,0,0,19,0,19,32,8,30,14,84,32,4,36,120
09/10/2003,HRL,TX,ASW,CE,Federal Contract Tower,33,10,16,18,77,0,0,29,0,29,33,10,45,18,106,26,24,50,156
09/11/2003,HRL,TX,ASW,CE,Federal Contract Tower,30,12,6,22,70,0,0,37,0,37,30,12,43,22,107,0,0,0,107
09/12/2003,HRL,TX,ASW,CE,Federal Contract Tower,34,12,21,0,67,0,0,10,0,10,34,12,31,0,77,0,0,0,77
09/13/2003,HRL,TX,ASW,CE,Federal Contract Tower,17,13,4,0,34,0,0,20,0,20,17,13,24,0,54,0,0,0,54
09/14/2003,HRL,TX,ASW,CE,Federal Contract Tower,23,7,9,0,39,0,0,6,0,6,23,7,15,0,45,0,0,0,45
09/15/2003,HRL,TX,ASW,CE,Federal Contract Tower,28,9,16,2,55,0,0,9,0,9,28,9,25,2,64,0,0,0,64
09/16/2003,HRL,TX,ASW,CE,Federal Contract Tower,34,12,5,6,57,0,0,22,0,22,34,12,27,6,79,0,40,40,119
09/17/2003,HRL,TX,ASW,CE,Federal Contract Tower,33,10,12,10,65,0,0,28,0,28,33,10,40,10,93,6,2,8,101
09/18/2003,HRL,TX,ASW,CE,Federal Contract Tower,32,10,21,8,71,0,0,14,0,14,32,10,35,8,85,18,4,22,107
09/19/2003,HRL,TX,ASW,CE,Federal Contract Tower,29,11,12,0,52,0,0,1,0,1,29,11,13,0,53,0,0,0,53
09/20/2003,HRL,TX,ASW,CE,Federal Contract Tower,23,17,6,0,46,0,0,6,0,6,23,17,12,0,52,0,0,0,52
09/21/2003,HRL,TX,ASW,CE,Federal Contract Tower,23,9,11,0,43,0,0,9,0,9,23,9,20,0,52,0,0,0,52
09/22/2003,HRL,TX,ASW,CE,Federal Contract Tower,32,9,7,10,58,0,0,16,0,16,32,9,23,10,74,34,4,38,112
09/23/2003,HRL,TX,ASW,CE,Federal Contract Tower,35,11,11,26,83,0,0,22,0,22,35,11,33,26,105,24,4,28,133
09/24/2003,HRL,TX,ASW,CE,Federal Contract Tower,29,11,7,16,63,0,0,39,0,39,29,11,46,16,102,16,36,52,154
09/25/2003,HRL,TX,ASW,CE,Federal Contract Tower,33,8,19,67,127,0,0,26,0,26,33,8,45,67,153,16,44,60,213
09/26/2003,HRL,TX,ASW,CE,Federal Contract Tower,30,17,11,0,58,0,0,26,0,26,30,17,37,0,84,26,0,26,110
09/27/2003,HRL,TX,ASW,CE,Federal Contract Tower,23,13,3,0,39,0,0,22,0,22,23,13,25,0,61,8,0,8,69
09/28/2003,HRL,TX,ASW,CE,Federal Contract Tower,26,10,5,0,41,0,0,26,0,26,26,10,31,0,67,4,0,4,71
09/29/2003,HRL,TX,ASW,CE,Federal Contract Tower,29,6,11,4,50,0,0,20,0,20,29,6,31,4,70,10,0,10,80
09/30/2003,HRL,TX,ASW,CE,Federal Contract Tower,36,8,20,5,69,0,0,23,0,23,36,8,43,5,92,0,88,88,180
10/01/2003,HRL,TX,ASW,CE,Federal Contract Tower,35,8,3,37,83,0,0,27,0,27,35,8,30,37,110,34,158,192,302
10/02/2003,HRL,TX,ASW,CE,Federal Contract Tower,29,16,17,30,92,0,0,25,0,25,29,16,42,30,117,24,84,108,225
10/03/2003,HRL,TX,ASW,CE,Federal Contract Tower,28,11,1,5,45,0,0,29,0,29,28,11,30,5,74,16,0,16,90
10/04/2003,HRL,TX,ASW,CE,Federal Contract Tower,20,12,7,0,39,0,0,7,0,7,20,12,14,0,46,14,0,14,60
10/05/2003,HRL,TX,ASW,CE,Federal Contract Tower,22,8,3,0,33,0,0,11,0,11,22,8,14,0,44,0,0,0,44
10/06/2003,HRL,TX,ASW,CE,Federal Contract Tower,26,9,8,19,62,0,0,16,0,16,26,9,24,19,78,10,52,62,140
10/07/2003,HRL,TX,ASW,CE,Federal Contract Tower,36,10,12,17,75,0,0,10,0,10,36,10,22,17,85,0,54,54,139
10/08/2003,HRL,TX,ASW,CE,Federal Contract Tower,31,8,17,0,56,0,0,24,0,24,31,8,41,0,80,12,0,12,92
10/09/2003,HRL,TX,ASW,CE,Federal Contract Tower,34,9,9,44,96,0,0,22,0,22,34,9,31,44,118,4,8,12,130
10/10/2003,HRL,TX,ASW,CE,Federal Contract Tower,32,10,5,8,55,0,0,16,0,16,32,10,21,8,71,36,0,36,107
10/11/2003,HRL,TX,ASW,CE,Federal Contract Tower,19,13,5,0,37,0,0,17,0,17,19,13,22,0,54,20,0,20,74
10/12/2003,HRL,TX,ASW,CE,Federal Contract Tower,22,9,3,0,34,0,0,1,0,1,22,9,4,0,35,0,0,0,35
10/13/2003,HRL,TX,ASW,CE,Federal Contract Tower,30,9,6,0,45,0,0,5,0,5,30,9,11,0,50,24,0,24,74
10/14/2003,HRL,TX,ASW,CE,Federal Contract Tower,37,10,15,20,82,0,0,17,0,17,37,10,32,20,99,6,8,14,113
10/15/2003,HRL,TX,ASW,CE,Federal Contract Tower,32,7,15,14,68,0,0,22,0,22,32,7,37,14,90,30,0,30,120
10/16/2003,HRL,TX,ASW,CE,Federal Contract Tower,34,9,4,12,59,0,0,29,0,29,34,9,33,12,88,26,2,28,116
10/17/2003,HRL,TX,ASW,CE,Federal Contract Tower,32,7,15,14,68,0,0,11,0,11,32,7,26,14,79,0,4,4,83
10/18/2003,HRL,TX,ASW,CE,Federal Contract Tower,22,16,6,0,44,0,0,13,0,13,22,16,19,0,57,26,0,26,83
10/19/2003,HRL,TX,ASW,CE,Federal Contract Tower,25,8,1,0,34,0,0,14,0,14,25,8,15,0,48,0,0,0,48
10/20/2003,HRL,TX,ASW,CE,Federal Contract Tower,27,7,1,20,55,0,0,22,2,24,27,7,23,22,79,0,0,0,79
10/21/2003,HRL,TX,ASW,CE,Federal Contract Tower,33,10,11,16,70,0,0,26,0,26,33,10,37,16,96,22,8,30,126
10/22/2003,HRL,TX,ASW,CE,Federal Contract Tower,29,9,11,20,69,0,0,20,0,20,29,9,31,20,89,12,14,26,115
10/23/2003,HRL,TX,ASW,CE,Federal Contract Tower,28,11,14,44,97,0,0,19,0,19,28,11,33,44,116,12,28,40,156
10/24/2003,HRL,TX,ASW,CE,Federal Contract Tower,31,9,9,12,61,0,0,28,0,28,31,9,37,12,89,26,6,32,121
10/25/2003,HRL,TX,ASW,CE,Federal Contract Tower,27,12,1,0,40,0,0,27,0,27,27,12,28,0,67,34,0,34,101
10/26/2003,HRL,TX,ASW,CE,Federal Contract Tower,21,8,10,0,39,0,0,2,0,2,21,8,12,0,41,8,0,8,49
10/27/2003,HRL,TX,ASW,CE,Federal Contract Tower,28,10,5,17,60,0,0,16,0,16,28,10,21,17,76,0,0,0,76
10/28/2003,HRL,TX,ASW,CE,Federal Contract Tower,28,14,10,16,68,0,0,30,0,30,28,14,40,16,98,18,14,32,130
10/29/2003,HRL,TX,ASW,CE,Federal Contract Tower,31,11,20,15,77,0,0,44,0,44,31,11,64,15,121,36,18,54,175
10/30/2003,HRL,TX,ASW,CE,Federal Contract Tower,28,10,12,18,68,0,0,22,0,22,28,10,34,18,90,56,0,56,146
10/31/2003,HRL,TX,ASW,CE,Federal Contract Tower,27,10,15,20,72,0,0,27,0,27,27,10,42,20,99,0,4,4,103
11/01/2003,HRL,TX,ASW,CE,Federal Contract Tower,20,12,1,0,33,0,0,22,0,22,20,12,23,0,55,24,0,24,79
11/02/2003,HRL,TX,ASW,CE,Federal Contract Tower,22,8,3,0,33,0,0,15,0,15,22,8,18,0,48,0,0,0,48
11/03/2003,HRL,TX,ASW,CE,Federal Contract Tower,30,9,7,17,63,0,0,25,0,25,30,9,32,17,88,12,0,12,100
11/04/2003,HRL,TX,ASW,CE,Federal Contract Tower,28,9,1,46,84,0,0,43,0,43,28,9,44,46,127,4,2,6,133
11/05/2003,HRL,TX,ASW,CE,Federal Contract Tower,29,9,8,21,67,0,0,56,0,56,29,9,64,21,123,62,0,62,185
11/06/2003,HRL,TX,ASW,CE,Federal Contract Tower,29,12,14,36,91,0,0,16,0,16,29,12,30,36,107,10,0,10,117
11/07/2003,HRL,TX,ASW,CE,Federal Contract Tower,28,11,4,22,65,0,0,25,0,25,28,11,29,22,90,0,30,30,120
11/08/2003,HRL,TX,ASW,CE,Federal Contract Tower,24,13,6,0,43,0,0,5,0,5,24,13,11,0,48,0,0,0,48
11/09/2003,HRL,TX,ASW,CE,Federal Contract Tower,17,8,10,0,35,0,0,5,0,5,17,8,15,0,40,0,0,0,40
11/10/2003,HRL,TX,ASW,CE,Federal Contract Tower,28,11,16,11,66,0,0,9,0,9,28,11,25,11,75,28,0,28,103
11/11/2003,HRL,TX,ASW,CE,Federal Contract Tower,0,0,0,0,0,0,0,0,0,0,0,0,0,0,0,0,0,0,0
11/12/2003,HRL,TX,ASW,CE,Federal Contract Tower,23,13,8,7,51,0,0,29,0,29,23,13,37,7,80,16,0,16,96
11/13/2003,HRL,TX,ASW,CE,Federal Contract Tower,29,12,19,22,82,0,0,16,0,16,29,12,35,22,98,14,150,164,262
11/14/2003,HRL,TX,ASW,CE,Federal Contract Tower,26,14,24,48,112,0,0,16,0,16,26,14,40,48,128,10,11,21,149
11/15/2003,HRL,TX,ASW,CE,Federal Contract Tower,24,9,0,2,35,0,0,16,0,16,24,9,16,2,51,24,0,24,75
11/16/2003,HRL,TX,ASW,CE,Federal Contract Tower,22,8,17,4,51,0,0,0,0,0,22,8,17,4,51,20,0,20,71
11/17/2003,HRL,TX,ASW,CE,Federal Contract Tower,26,7,10,31,74,0,0,11,3,14,26,7,21,34,88,36,29,65,153
11/18/2003,HRL,TX,ASW,CE,Federal Contract Tower,26,10,11,36,83,0,0,34,0,34,26,10,45,36,117,22,74,96,213
11/19/2003,HRL,TX,ASW,CE,Federal Contract Tower,30,12,2,32,76,0,0,41,0,41,30,12,43,32,117,12,0,12,129
11/20/2003,HRL,TX,ASW,CE,Federal Contract Tower,27,16,9,24,76,0,0,33,0,33,27,16,42,24,109,18,6,24,133
11/21/2003,HRL,TX,ASW,CE,Federal Contract Tower,32,9,4,0,45,0,0,28,0,28,32,9,32,0,73,4,0,4,77
11/22/2003,HRL,TX,ASW,CE,Federal Contract Tower,20,9,7,0,36,0,0,16,0,16,20,9,23,0,52,0,0,0,52
11/23/2003,HRL,TX,ASW,CE,Federal Contract Tower,22,8,6,2,38,0,0,12,0,12,22,8,18,2,50,0,0,0,50
11/24/2003,HRL,TX,ASW,CE,Federal Contract Tower,31,8,6,25,70,0,0,18,7,25,31,8,24,32,95,16,54,70,165
11/25/2003,HRL,TX,ASW,CE,Federal Contract Tower,32,14,9,32,87,0,0,24,0,24,32,14,33,32,111,6,6,12,123
11/26/2003,HRL,TX,ASW,CE,Federal Contract Tower,35,17,20,15,87,0,0,19,0,19,35,17,39,15,106,16,26,42,148
11/27/2003,HRL,TX,ASW,CE,Federal Contract Tower,13,4,3,0,20,0,0,5,0,5,13,4,8,0,25,4,0,4,29
11/28/2003,HRL,TX,ASW,CE,Federal Contract Tower,23,8,1,0,32,0,0,31,0,31,23,8,32,0,63,10,0,10,73
11/29/2003,HRL,TX,ASW,CE,Federal Contract Tower,20,8,3,0,31,0,0,17,0,17,20,8,20,0,48,2,0,2,50
11/30/2003,HRL,TX,ASW,CE,Federal Contract Tower,23,7,13,0,43,0,0,19,0,19,23,7,32,0,62,0,0,0,62
12/01/2003,HRL,TX,ASW,CE,Federal Contract Tower,29,10,11,14,64,0,0,11,0,11,29,10,22,14,75,16,12,28,103
12/02/2003,HRL,TX,ASW,CE,Federal Contract Tower,29,12,6,17,64,0,0,34,0,34,29,12,40,17,98,42,8,50,148
12/03/2003,HRL,TX,ASW,CE,Federal Contract Tower,27,9,21,30,87,0,0,22,0,22,27,9,43,30,109,6,8,14,123
12/04/2003,HRL,TX,ASW,CE,Federal Contract Tower,31,13,19,12,75,0,0,12,0,12,31,13,31,12,87,0,6,6,93
12/05/2003,HRL,TX,ASW,CE,Federal Contract Tower,28,12,19,20,79,0,0,13,0,13,28,12,32,20,92,8,72,80,172
12/06/2003,HRL,TX,ASW,CE,Federal Contract Tower,23,10,6,0,39,0,0,19,0,19,23,10,25,0,58,12,0,12,70
12/07/2003,HRL,TX,ASW,CE,Federal Contract Tower,22,9,7,0,38,0,0,13,0,13,22,9,20,0,51,0,0,0,51
12/08/2003,HRL,TX,ASW,CE,Federal Contract Tower,30,10,5,26,71,0,0,34,0,34,30,10,39,26,105,0,10,10,115
12/09/2003,HRL,TX,ASW,CE,Federal Contract Tower,32,11,14,17,74,0,0,13,0,13,32,11,27,17,87,0,56,56,143
12/10/2003,HRL,TX,ASW,CE,Federal Contract Tower,34,12,3,8,57,0,0,16,0,16,34,12,19,8,73,10,2,12,85
12/11/2003,HRL,TX,ASW,CE,Federal Contract Tower,29,10,7,14,60,0,0,33,0,33,29,10,40,14,93,2,8,10,103
12/12/2003,HRL,TX,ASW,CE,Federal Contract Tower,28,8,20,25,81,0,0,12,0,12,28,8,32,25,93,10,32,42,135
12/13/2003,HRL,TX,ASW,CE,Federal Contract Tower,23,7,5,1,36,0,0,4,0,4,23,7,9,1,40,0,0,0,40
12/14/2003,HRL,TX,ASW,CE,Federal Contract Tower,19,7,4,0,30,0,0,22,0,22,19,7,26,0,52,10,0,10,62
12/15/2003,HRL,TX,ASW,CE,Federal Contract Tower,28,9,10,22,69,0,0,9,0,9,28,9,19,22,78,0,44,44,122
12/16/2003,HRL,TX,ASW,CE,Federal Contract Tower,30,8,9,16,63,0,0,11,0,11,30,8,20,16,74,0,4,4,78
12/17/2003,HRL,TX,ASW,CE,Federal Contract Tower,35,14,4,32,85,0,0,0,0,0,35,14,4,32,85,4,28,32,117
12/18/2003,HRL,TX,ASW,CE,Federal Contract Tower,31,13,4,12,60,0,0,38,0,38,31,13,42,12,98,0,0,0,98
12/19/2003,HRL,TX,ASW,CE,Federal Contract Tower,30,18,4,10,62,0,0,31,0,31,30,18,35,10,93,0,4,4,97
12/20/2003,HRL,TX,ASW,CE,Federal Contract Tower,24,13,2,0,39,0,0,32,0,32,24,13,34,0,71,0,0,0,71
12/21/2003,HRL,TX,ASW,CE,Federal Contract Tower,20,10,3,0,33,0,0,13,0,13,20,10,16,0,46,0,0,0,46
12/22/2003,HRL,TX,ASW,CE,Federal Contract Tower,30,14,2,3,49,0,0,10,0,10,30,14,12,3,59,0,4,4,63
12/23/2003,HRL,TX,ASW,CE,Federal Contract Tower,33,12,3,4,52,0,0,20,0,20,33,12,23,4,72,0,2,2,74
12/24/2003,HRL,TX,ASW,CE,Federal Contract Tower,25,10,3,0,38,0,0,13,0,13,25,10,16,0,51,2,0,2,53
12/25/2003,HRL,TX,ASW,CE,Federal Contract Tower,13,10,1,0,24,0,0,5,0,5,13,10,6,0,29,0,0,0,29
12/26/2003,HRL,TX,ASW,CE,Federal Contract Tower,26,16,7,0,49,0,0,19,0,19,26,16,26,0,68,0,0,0,68
12/27/2003,HRL,TX,ASW,CE,Federal Contract Tower,23,11,6,0,40,0,0,11,0,11,23,11,17,0,51,0,0,0,51
12/28/2003,HRL,TX,ASW,CE,Federal Contract Tower,27,10,6,0,43,0,0,4,0,4,27,10,10,0,47,0,0,0,47
12/29/2003,HRL,TX,ASW,CE,Federal Contract Tower,28,11,9,12,60,0,0,28,0,28,28,11,37,12,88,0,4,4,92
12/30/2003,HRL,TX,ASW,CE,Federal Contract Tower,26,14,10,8,58,0,0,32,0,32,26,14,42,8,90,0,2,2,92
12/31/2003,HRL,TX,ASW,CE,Federal Contract Tower,24,11,11,0,46,0,0,8,0,8,24,11,19,0,54,0,0,0,54
01/01/2004,HRL,TX,ASW,CE,Federal Contract Tower,11,10,2,0,23,0,0,2,0,2,11,10,4,0,25,0,0,0,25
01/02/2004,HRL,TX,ASW,CE,Federal Contract Tower,25,18,17,2,62,0,0,18,0,18,25,18,35,2,80,0,6,6,86
01/03/2004,HRL,TX,ASW,CE,Federal Contract Tower,22,10,7,0,39,0,0,5,0,5,22,10,12,0,44,0,0,0,44
01/04/2004,HRL,TX,ASW,CE,Federal Contract Tower,22,10,15,0,47,0,0,6,0,6,22,10,21,0,53,0,0,0,53
01/05/2004,HRL,TX,ASW,CE,Federal Contract Tower,28,11,13,3,55,0,0,6,0,6,28,11,19,3,61,2,30,32,93
01/06/2004,HRL,TX,ASW,CE,Federal Contract Tower,26,22,9,34,91,0,0,39,0,39,26,22,48,34,130,0,8,8,138
01/07/2004,HRL,TX,ASW,CE,Federal Contract Tower,33,13,34,12,92,0,0,5,0,5,33,13,39,12,97,0,0,0,97
01/08/2004,HRL,TX,ASW,CE,Federal Contract Tower,28,25,22,24,99,0,0,0,0,0,28,25,22,24,99,0,14,14,113
01/09/2004,HRL,TX,ASW,CE,Federal Contract Tower,30,19,16,10,75,0,0,21,0,21,30,19,37,10,96,6,0,6,102
01/10/2004,HRL,TX,ASW,CE,Federal Contract Tower,23,13,1,0,37,0,0,22,0,22,23,13,23,0,59,0,0,0,59
01/11/2004,HRL,TX,ASW,CE,Federal Contract Tower,23,8,12,0,43,0,0,12,0,12,23,8,24,0,55,0,0,0,55
01/12/2004,HRL,TX,ASW,CE,Federal Contract Tower,28,21,20,24,93,0,0,30,0,30,28,21,50,24,123,16,20,36,159
01/13/2004,HRL,TX,ASW,CE,Federal Contract Tower,31,22,22,40,115,0,0,14,0,14,31,22,36,40,129,24,20,44,173
01/14/2004,HRL,TX,ASW,CE,Federal Contract Tower,31,14,19,28,92,0,0,15,0,15,31,14,34,28,107,34,2,36,143
01/15/2004,HRL,TX,ASW,CE,Federal Contract Tower,36,18,27,26,107,0,0,4,0,4,36,18,31,26,111,0,17,17,128
01/16/2004,HRL,TX,ASW,CE,Federal Contract Tower,32,17,28,10,87,0,0,4,0,4,32,17,32,10,91,2,2,4,95
01/17/2004,HRL,TX,ASW,CE,Federal Contract Tower,26,11,2,4,43,0,0,13,0,13,26,11,15,4,56,0,14,14,70
01/18/2004,HRL,TX,ASW,CE,Federal Contract Tower,21,11,5,21,58,0,0,19,0,19,21,11,24,21,77,10,100,110,187
01/19/2004,HRL,TX,ASW,CE,Federal Contract Tower,32,10,13,2,57,0,0,20,0,20,32,10,33,2,77,16,0,16,93
01/20/2004,HRL,TX,ASW,CE,Federal Contract Tower,30,11,17,11,69,0,0,25,0,25,30,11,42,11,94,14,8,22,116
01/21/2004,HRL,TX,ASW,CE,Federal Contract Tower,36,16,26,20,98,0,0,2,0,2,36,16,28,20,100,0,8,8,108
01/22/2004,HRL,TX,ASW,CE,Federal Contract Tower,33,14,22,22,91,0,0,7,0,7,33,14,29,22,98,2,7,9,107
01/23/2004,HRL,TX,ASW,CE,Federal Contract Tower,32,14,41,10,97,0,0,0,0,0,32,14,41,10,97,0,7,7,104
01/24/2004,HRL,TX,ASW,CE,Federal Contract Tower,21,11,10,2,44,0,0,6,0,6,21,11,16,2,50,0,1,1,51
01/25/2004,HRL,TX,ASW,CE,Federal Contract Tower,22,8,4,2,36,0,0,15,0,15,22,8,19,2,51,0,0,0,51
01/26/2004,HRL,TX,ASW,CE,Federal Contract Tower,27,12,7,14,60,0,0,20,0,20,27,12,27,14,80,8,2,10,90
01/27/2004,HRL,TX,ASW,CE,Federal Contract Tower,32,10,20,5,67,0,0,36,0,36,32,10,56,5,103,0,4,4,107
01/28/2004,HRL,TX,ASW,CE,Federal Contract Tower,33,14,3,21,71,0,0,36,0,36,33,14,39,21,107,4,8,12,119
01/29/2004,HRL,TX,ASW,CE,Federal Contract Tower,34,12,10,18,74,0,0,16,0,16,34,12,26,18,90,0,2,2,92
01/30/2004,HRL,TX,ASW,CE,Federal Contract Tower,34,14,19,6,73,1,0,11,0,12,35,14,30,6,85,16,2,18,103
01/31/2004,HRL,TX,ASW,CE,Federal Contract Tower,21,11,12,10,54,0,0,23,0,23,21,11,35,10,77,0,28,28,105
02/01/2004,HRL,TX,ASW,CE,Federal Contract Tower,22,8,7,2,39,0,0,10,0,10,22,8,17,2,49,0,2,2,51
02/02/2004,HRL,TX,ASW,CE,Federal Contract Tower,28,10,10,14,62,0,0,14,0,14,28,10,24,14,76,0,62,62,138
02/03/2004,HRL,TX,ASW,CE,Federal Contract Tower,34,21,5,32,92,0,0,26,0,26,34,21,31,32,118,42,12,54,172
02/04/2004,HRL,TX,ASW,CE,Federal Contract Tower,29,14,18,33,94,0,0,18,0,18,29,14,36,33,112,2,46,48,160
02/05/2004,HRL,TX,ASW,CE,Federal Contract Tower,34,15,5,26,80,0,0,39,0,39,34,15,44,26,119,8,0,8,127
02/06/2004,HRL,TX,ASW,CE,Federal Contract Tower,34,11,13,13,71,0,0,29,0,29,34,11,42,13,100,0,0,0,100
02/07/2004,HRL,TX,ASW,CE,Federal Contract Tower,22,12,4,0,38,0,0,22,0,22,22,12,26,0,60,12,0,12,72
02/08/2004,HRL,TX,ASW,CE,Federal Contract Tower,21,10,9,0,40,0,0,19,0,19,21,10,28,0,59,0,0,0,59
02/09/2004,HRL,TX,ASW,CE,Federal Contract Tower,32,10,7,24,73,0,0,12,0,12,32,10,19,24,85,22,0,22,107
02/10/2004,HRL,TX,ASW,CE,Federal Contract Tower,38,14,13,2,67,0,0,5,0,5,38,14,18,2,72,28,24,52,124
02/11/2004,HRL,TX,ASW,CE,Federal Contract Tower,36,15,18,7,76,0,0,3,0,3,36,15,21,7,79,0,0,0,79
02/12/2004,HRL,TX,ASW,CE,Federal Contract Tower,31,9,9,28,77,0,0,21,0,21,31,9,30,28,98,2,0,2,100
02/13/2004,HRL,TX,ASW,CE,Federal Contract Tower,38,14,13,8,73,0,0,3,0,3,38,14,16,8,76,0,0,0,76
02/14/2004,HRL,TX,ASW,CE,Federal Contract Tower,22,13,4,3,42,0,0,31,0,31,22,13,35,3,73,40,0,40,113
02/15/2004,HRL,TX,ASW,CE,Federal Contract Tower,22,9,9,0,40,0,0,20,4,24,22,9,29,4,64,1,0,1,65
02/16/2004,HRL,TX,ASW,CE,Federal Contract Tower,28,13,6,0,47,0,0,23,2,25,28,13,29,2,72,0,0,0,72
02/17/2004,HRL,TX,ASW,CE,Federal Contract Tower,33,12,17,28,90,0,0,22,0,22,33,12,39,28,112,10,111,121,233
02/18/2004,HRL,TX,ASW,CE,Federal Contract Tower,35,13,2,24,74,0,0,46,0,46,35,13,48,24,120,0,74,74,194
02/19/2004,HRL,TX,ASW,CE,Federal Contract Tower,33,14,0,30,77,0,0,28,0,28,33,14,28,30,105,0,65,65,170
02/20/2004,HRL,TX,ASW,CE,Federal Contract Tower,32,11,14,15,72,0,0,29,0,29,32,11,43,15,101,2,8,10,111
02/21/2004,HRL,TX,ASW,CE,Federal Contract Tower,20,8,4,0,32,0,0,9,0,9,20,8,13,0,41,0,0,0,41
02/22/2004,HRL,TX,ASW,CE,Federal Contract Tower,21,9,8,2,40,0,0,10,0,10,21,9,18,2,50,0,0,0,50
02/23/2004,HRL,TX,ASW,CE,Federal Contract Tower,26,9,24,34,93,0,0,6,0,6,26,9,30,34,99,20,160,180,279
02/24/2004,HRL,TX,ASW,CE,Federal Contract Tower,36,11,10,30,87,0,0,17,0,17,36,11,27,30,104,41,12,53,157
02/25/2004,HRL,TX,ASW,CE,Federal Contract Tower,40,11,21,28,100,0,0,5,0,5,40,11,26,28,105,0,156,156,261
02/26/2004,HRL,TX,ASW,CE,Federal Contract Tower,33,12,10,10,65,0,0,25,0,25,33,12,35,10,90,68,6,74,164
02/27/2004,HRL,TX,ASW,CE,Federal Contract Tower,32,16,1,12,61,0,0,45,0,45,32,16,46,12,106,0,32,32,138
02/28/2004,HRL,TX,ASW,CE,Federal Contract Tower,21,10,3,0,34,0,0,15,0,15,21,10,18,0,49,0,0,0,49
02/29/2004,HRL,TX,ASW,CE,Federal Contract Tower,22,10,5,8,45,0,0,10,0,10,22,10,15,8,55,0,0,0,55
03/01/2004,HRL,TX,ASW,CE,Federal Contract Tower,30,10,13,4,57,0,0,25,0,25,30,10,38,4,82,28,6,34,116
03/02/2004,HRL,TX,ASW,CE,Federal Contract Tower,34,10,18,2,64,0,0,12,0,12,34,10,30,2,76,22,10,32,108
03/03/2004,HRL,TX,ASW,CE,Federal Contract Tower,35,12,26,18,91,0,0,0,0,0,35,12,26,18,91,26,180,206,297
03/04/2004,HRL,TX,ASW,CE,Federal Contract Tower,32,13,23,23,91,0,0,2,0,2,32,13,25,23,93,0,67,67,160
03/05/2004,HRL,TX,ASW,CE,Federal Contract Tower,35,8,11,4,58,0,0,31,0,31,35,8,42,4,89,12,0,12,101
03/06/2004,HRL,TX,ASW,CE,Federal Contract Tower,20,10,6,4,40,0,0,19,0,19,20,10,25,4,59,0,2,2,61
03/07/2004,HRL,TX,ASW,CE,Federal Contract Tower,21,10,5,0,36,0,0,19,0,19,21,10,24,0,55,0,0,0,55
03/08/2004,HRL,TX,ASW,CE,Federal Contract Tower,29,14,9,16,68,0,0,22,0,22,29,14,31,16,90,0,4,4,94
03/09/2004,HRL,TX,ASW,CE,Federal Contract Tower,33,8,17,16,74,0,0,41,0,41,33,8,58,16,115,12,14,26,141
03/10/2004,HRL,TX,ASW,CE,Federal Contract Tower,36,12,14,24,86,0,0,27,0,27,36,12,41,24,113,12,16,28,141
03/11/2004,HRL,TX,ASW,CE,Federal Contract Tower,35,12,12,11,70,0,0,17,0,17,35,12,29,11,87,8,70,78,165
03/12/2004,HRL,TX,ASW,CE,Federal Contract Tower,36,11,14,1,62,0,0,25,0,25,36,11,39,1,87,4,56,60,147
03/13/2004,HRL,TX,ASW,CE,Federal Contract Tower,22,12,0,2,36,0,0,25,0,25,22,12,25,2,61,10,0,10,71
03/14/2004,HRL,TX,ASW,CE,Federal Contract Tower,21,10,15,0,46,0,0,7,0,7,21,10,22,0,53,2,0,2,55
03/15/2004,HRL,TX,ASW,CE,Federal Contract Tower,39,11,11,6,67,0,0,15,0,15,39,11,26,6,82,12,2,14,96
03/16/2004,HRL,TX,ASW,CE,Federal Contract Tower,40,14,12,13,79,0,0,31,0,31,40,14,43,13,110,10,18,28,138
03/17/2004,HRL,TX,ASW,CE,Federal Contract Tower,39,13,18,26,96,0,0,26,0,26,39,13,44,26,122,32,108,140,262
03/18/2004,HRL,TX,ASW,CE,Federal Contract Tower,41,10,25,16,92,0,0,16,0,16,41,10,41,16,108,0,26,26,134
03/19/2004,HRL,TX,ASW,CE,Federal Contract Tower,40,12,9,9,70,0,0,28,0,28,40,12,37,9,98,6,142,148,246
03/20/2004,HRL,TX,ASW,CE,Federal Contract Tower,24,9,4,1,38,0,0,11,0,11,24,9,15,1,49,0,0,0,49
03/21/2004,HRL,TX,ASW,CE,Federal Contract Tower,20,10,3,4,37,0,0,8,0,8,20,10,11,4,45,2,12,14,59
03/22/2004,HRL,TX,ASW,CE,Federal Contract Tower,39,11,13,20,83,0,0,14,0,14,39,11,27,20,97,10,6,16,113
03/23/2004,HRL,TX,ASW,CE,Federal Contract Tower,44,30,13,10,97,0,0,30,0,30,44,30,43,10,127,4,4,8,135
03/24/2004,HRL,TX,ASW,CE,Federal Contract Tower,38,15,17,4,74,0,0,14,0,14,38,15,31,4,88,4,0,4,92
03/25/2004,HRL,TX,ASW,CE,Federal Contract Tower,36,9,13,28,86,0,0,13,0,13,36,9,26,28,99,0,56,56,155
03/26/2004,HRL,TX,ASW,CE,Federal Contract Tower,39,12,14,16,81,0,0,11,0,11,39,12,25,16,92,0,12,12,104
03/27/2004,HRL,TX,ASW,CE,Federal Contract Tower,24,10,12,2,48,0,0,8,0,8,24,10,20,2,56,4,2,6,62
03/28/2004,HRL,TX,ASW,CE,Federal Contract Tower,21,10,15,2,48,0,0,15,0,15,21,10,30,2,63,4,0,4,67
03/29/2004,HRL,TX,ASW,CE,Federal Contract Tower,27,9,16,6,58,0,0,22,0,22,27,9,38,6,80,0,2,2,82
03/30/2004,HRL,TX,ASW,CE,Federal Contract Tower,0,0,0,0,0,0,0,0,0,0,0,0,0,0,0,0,0,0,0
03/31/2004,HRL,TX,ASW,CE,Federal Contract Tower,39,11,15,27,92,0,0,28,0,28,39,11,43,27,120,24,12,36,156
04/01/2004,HRL,TX,ASW,CE,Federal Contract Tower,37,11,0,10,58,0,0,48,0,48,37,11,48,10,106,30,14,44,150
04/02/2004,HRL,TX,ASW,CE,Federal Contract Tower,36,12,0,12,60,0,0,19,0,19,36,12,19,12,79,0,0,0,79
04/03/2004,HRL,TX,ASW,CE,Federal Contract Tower,24,11,0,0,35,0,0,16,0,16,24,11,16,0,51,0,0,0,51
04/04/2004,HRL,TX,ASW,CE,Federal Contract Tower,24,10,0,0,34,0,0,22,0,22,24,10,22,0,56,0,0,0,56
04/05/2004,HRL,TX,ASW,CE,Federal Contract Tower,31,11,0,20,62,0,0,31,0,31,31,11,31,20,93,6,14,20,113
04/06/2004,HRL,TX,ASW,CE,Federal Contract Tower,32,13,0,28,73,0,0,23,0,23,32,13,23,28,96,6,54,60,156
04/07/2004,HRL,TX,ASW,CE,Federal Contract Tower,39,14,0,29,82,0,0,38,2,40,39,14,38,31,122,0,70,70,192
04/08/2004,HRL,TX,ASW,CE,Federal Contract Tower,35,13,0,16,64,0,0,58,0,58,35,13,58,16,122,2,12,14,136
04/09/2004,HRL,TX,ASW,CE,Federal Contract Tower,36,12,0,7,55,0,0,35,0,35,36,12,35,7,90,18,2,20,110
04/10/2004,HRL,TX,ASW,CE,Federal Contract Tower,23,10,0,0,33,0,0,26,0,26,23,10,26,0,59,24,0,24,83
04/11/2004,HRL,TX,ASW,CE,Federal Contract Tower,20,10,0,0,30,0,0,12,0,12,20,10,12,0,42,0,0,0,42
04/12/2004,HRL,TX,ASW,CE,Federal Contract Tower,31,9,0,18,58,0,0,22,0,22,31,9,22,18,80,0,12,12,92
04/13/2004,HRL,TX,ASW,CE,Federal Contract Tower,38,8,0,18,64,0,0,71,0,71,38,8,71,18,135,38,66,104,239
04/14/2004,HRL,TX,ASW,CE,Federal Contract Tower,34,15,0,24,73,0,0,47,0,47,34,15,47,24,120,24,14,38,158
04/15/2004,HRL,TX,ASW,CE,Federal Contract Tower,35,12,0,20,67,0,0,51,0,51,35,12,51,20,118,26,2,28,146
04/16/2004,HRL,TX,ASW,CE,Federal Contract Tower,38,12,0,4,54,0,0,44,0,44,38,12,44,4,98,30,0,30,128
04/17/2004,HRL,TX,ASW,CE,Federal Contract Tower,22,11,0,0,33,0,0,13,0,13,22,11,13,0,46,0,0,0,46
04/18/2004,HRL,TX,ASW,CE,Federal Contract Tower,22,10,0,0,32,0,0,11,0,11,22,10,11,0,43,0,0,0,43
04/19/2004,HRL,TX,ASW,CE,Federal Contract Tower,28,9,0,14,51,0,0,31,0,31,28,9,31,14,82,0,26,26,108
04/20/2004,HRL,TX,ASW,CE,Federal Contract Tower,36,12,0,42,90,0,0,44,0,44,36,12,44,42,134,14,12,26,160
04/21/2004,HRL,TX,ASW,CE,Federal Contract Tower,37,11,0,22,70,0,0,23,0,23,37,11,23,22,93,12,0,12,105
04/22/2004,HRL,TX,ASW,CE,Federal Contract Tower,36,12,0,12,60,0,0,49,0,49,36,12,49,12,109,30,8,38,147
04/23/2004,HRL,TX,ASW,CE,Federal Contract Tower,37,11,0,15,63,0,0,33,0,33,37,11,33,15,96,18,22,40,136
04/24/2004,HRL,TX,ASW,CE,Federal Contract Tower,22,9,0,2,33,0,0,11,0,11,22,9,11,2,44,6,0,6,50
04/25/2004,HRL,TX,ASW,CE,Federal Contract Tower,22,11,0,0,33,0,0,6,0,6,22,11,6,0,39,2,0,2,41
04/26/2004,HRL,TX,ASW,CE,Federal Contract Tower,32,13,0,8,53,0,0,15,0,15,32,13,15,8,68,12,82,94,162
04/27/2004,HRL,TX,ASW,CE,Federal Contract Tower,31,11,0,22,64,0,0,37,0,37,31,11,37,22,101,16,76,92,193
04/28/2004,HRL,TX,ASW,CE,Federal Contract Tower,33,14,0,16,63,0,0,39,0,39,33,14,39,16,102,10,38,48,150
04/29/2004,HRL,TX,ASW,CE,Federal Contract Tower,35,12,0,24,71,0,0,51,0,51,35,12,51,24,122,14,98,112,234
04/30/2004,HRL,TX,ASW,CE,Federal Contract Tower,36,12,0,17,65,0,0,30,0,30,36,12,30,17,95,54,28,82,177
05/01/2004,HRL,TX,ASW,CE,Federal Contract Tower,23,14,6,0,43,0,0,5,0,5,23,14,11,0,48,0,0,0,48
05/02/2004,HRL,TX,ASW,CE,Federal Contract Tower,23,11,7,0,41,0,0,9,0,9,23,11,16,0,50,0,0,0,50
05/03/2004,HRL,TX,ASW,CE,Federal Contract Tower,30,10,7,14,61,0,0,37,0,37,30,10,44,14,98,18,24,42,140
05/04/2004,HRL,TX,ASW,CE,Federal Contract Tower,35,21,19,24,99,0,0,16,0,16,35,21,35,24,115,24,72,96,211
05/05/2004,HRL,TX,ASW,CE,Federal Contract Tower,36,11,13,46,106,0,0,16,0,16,36,11,29,46,122,30,20,50,172
05/06/2004,HRL,TX,ASW,CE,Federal Contract Tower,36,11,13,18,78,0,0,32,0,32,36,11,45,18,110,24,2,26,136
05/07/2004,HRL,TX,ASW,CE,Federal Contract Tower,35,10,13,2,60,0,0,15,0,15,35,10,28,2,75,0,4,4,79
05/08/2004,HRL,TX,ASW,CE,Federal Contract Tower,22,9,13,0,44,0,0,8,0,8,22,9,21,0,52,0,0,0,52
05/09/2004,HRL,TX,ASW,CE,Federal Contract Tower,22,13,6,0,41,0,0,6,0,6,22,13,12,0,47,0,0,0,47
05/10/2004,HRL,TX,ASW,CE,Federal Contract Tower,29,12,8,19,68,0,0,27,0,27,29,12,35,19,95,20,72,92,187
05/11/2004,HRL,TX,ASW,CE,Federal Contract Tower,32,7,21,30,90,0,0,11,0,11,32,7,32,30,101,0,0,0,101
05/12/2004,HRL,TX,ASW,CE,Federal Contract Tower,36,15,13,36,100,0,0,6,0,6,36,15,19,36,106,78,162,240,346
05/13/2004,HRL,TX,ASW,CE,Federal Contract Tower,29,8,22,28,87,0,0,13,0,13,29,8,35,28,100,22,0,22,122
05/14/2004,HRL,TX,ASW,CE,Federal Contract Tower,38,10,10,4,62,0,0,11,0,11,38,10,21,4,73,0,0,0,73
05/15/2004,HRL,TX,ASW,CE,Federal Contract Tower,22,10,6,0,38,0,0,11,0,11,22,10,17,0,49,0,0,0,49
05/16/2004,HRL,TX,ASW,CE,Federal Contract Tower,21,11,2,0,34,0,0,14,0,14,21,11,16,0,48,24,0,24,72
05/17/2004,HRL,TX,ASW,CE,Federal Contract Tower,29,13,5,20,67,0,0,23,0,23,29,13,28,20,90,0,140,140,230
05/18/2004,HRL,TX,ASW,CE,Federal Contract Tower,32,15,22,23,92,0,0,20,0,20,32,15,42,23,112,28,20,48,160
05/19/2004,HRL,TX,ASW,CE,Federal Contract Tower,33,10,9,24,76,0,0,28,0,28,33,10,37,24,104,4,56,60,164
05/20/2004,HRL,TX,ASW,CE,Federal Contract Tower,34,14,12,20,80,0,0,27,0,27,34,14,39,20,107,4,6,10,117
05/21/2004,HRL,TX,ASW,CE,Federal Contract Tower,37,11,13,2,63,0,0,33,0,33,37,11,46,2,96,38,16,54,150
05/22/2004,HRL,TX,ASW,CE,Federal Contract Tower,24,10,4,0,38,0,0,26,0,26,24,10,30,0,64,0,0,0,64
05/23/2004,HRL,TX,ASW,CE,Federal Contract Tower,21,9,5,0,35,0,0,23,0,23,21,9,28,0,58,0,0,0,58
05/24/2004,HRL,TX,ASW,CE,Federal Contract Tower,29,13,6,22,70,0,0,22,0,22,29,13,28,22,92,0,6,6,98
05/25/2004,HRL,TX,ASW,CE,Federal Contract Tower,35,14,15,30,94,0,0,0,0,0,35,14,15,30,94,0,54,54,148
05/26/2004,HRL,TX,ASW,CE,Federal Contract Tower,36,12,15,13,76,0,0,18,0,18,36,12,33,13,94,8,8,16,110
05/27/2004,HRL,TX,ASW,CE,Federal Contract Tower,30,13,24,26,93,0,0,12,0,12,30,13,36,26,105,0,92,92,197
05/28/2004,HRL,TX,ASW,CE,Federal Contract Tower,32,15,19,4,70,0,0,31,0,31,32,15,50,4,101,16,2,18,119
05/29/2004,HRL,TX,ASW,CE,Federal Contract Tower,21,10,6,0,37,0,0,13,0,13,21,10,19,0,50,0,0,0,50
05/30/2004,HRL,TX,ASW,CE,Federal Contract Tower,16,9,13,0,38,0,0,13,0,13,16,9,26,0,51,14,0,14,65
05/31/2004,HRL,TX,ASW,CE,Federal Contract Tower,20,9,3,0,32,0,0,23,0,23,20,9,26,0,55,12,0,12,67
06/01/2004,HRL,TX,ASW,CE,Federal Contract Tower,25,8,8,8,49,6,0,30,0,36,31,8,38,8,85,18,4,22,107
06/02/2004,HRL,TX,ASW,CE,Federal Contract Tower,36,10,14,20,80,0,0,17,9,26,36,10,31,29,106,0,20,20,126
06/03/2004,HRL,TX,ASW,CE,Federal Contract Tower,36,9,13,18,76,0,0,9,10,19,36,9,22,28,95,10,112,122,217
06/04/2004,HRL,TX,ASW,CE,Federal Contract Tower,31,12,10,10,63,2,0,25,0,27,33,12,35,10,90,0,4,4,94
06/05/2004,HRL,TX,ASW,CE,Federal Contract Tower,20,8,6,6,40,3,4,18,0,25,23,12,24,6,65,0,2,2,67
06/06/2004,HRL,TX,ASW,CE,Federal Contract Tower,16,6,5,0,27,5,4,6,0,15,21,10,11,0,42,0,0,0,42
06/07/2004,HRL,TX,ASW,CE,Federal Contract Tower,26,11,9,10,56,0,0,11,0,11,26,11,20,10,67,16,2,18,85
06/08/2004,HRL,TX,ASW,CE,Federal Contract Tower,31,9,10,12,62,6,0,3,0,9,37,9,13,12,71,0,0,0,71
06/09/2004,HRL,TX,ASW,CE,Federal Contract Tower,25,10,8,4,47,6,0,8,0,14,31,10,16,4,61,0,2,2,63
06/10/2004,HRL,TX,ASW,CE,Federal Contract Tower,38,13,12,17,80,0,0,15,2,17,38,13,27,19,97,4,0,4,101
06/11/2004,HRL,TX,ASW,CE,Federal Contract Tower,33,11,11,0,55,0,0,42,0,42,33,11,53,0,97,12,0,12,109
06/12/2004,HRL,TX,ASW,CE,Federal Contract Tower,18,7,6,0,31,4,5,16,0,25,22,12,22,0,56,0,0,0,56
06/13/2004,HRL,TX,ASW,CE,Federal Contract Tower,18,6,7,2,33,3,2,15,0,20,21,8,22,2,53,0,2,2,55
06/14/2004,HRL,TX,ASW,CE,Federal Contract Tower,28,10,13,16,67,0,0,24,2,26,28,10,37,18,93,0,10,10,103
06/15/2004,HRL,TX,ASW,CE,Federal Contract Tower,35,10,14,17,76,0,0,38,12,50,35,10,52,29,126,20,16,36,162
06/16/2004,HRL,TX,ASW,CE,Federal Contract Tower,33,11,14,18,76,0,0,25,12,37,33,11,39,30,113,18,0,18,131
06/17/2004,HRL,TX,ASW,CE,Federal Contract Tower,35,14,13,17,79,0,1,27,1,29,35,15,40,18,108,16,0,16,124
06/18/2004,HRL,TX,ASW,CE,Federal Contract Tower,32,12,13,16,73,0,4,27,2,33,32,16,40,18,106,10,2,12,118
06/19/2004,HRL,TX,ASW,CE,Federal Contract Tower,18,6,6,0,30,5,4,20,0,29,23,10,26,0,59,0,0,0,59
06/20/2004,HRL,TX,ASW,CE,Federal Contract Tower,17,5,6,2,30,2,4,5,0,11,19,9,11,2,41,0,10,10,51
06/21/2004,HRL,TX,ASW,CE,Federal Contract Tower,28,10,11,12,61,0,3,20,0,23,28,13,31,12,84,0,2,2,86
06/22/2004,HRL,TX,ASW,CE,Federal Contract Tower,33,8,11,10,62,5,0,20,0,25,38,8,31,10,87,8,76,84,171
06/23/2004,HRL,TX,ASW,CE,Federal Contract Tower,31,10,11,12,64,3,2,17,3,25,34,12,28,15,89,14,142,156,245
06/24/2004,HRL,TX,ASW,CE,Federal Contract Tower,31,9,11,12,63,5,0,6,0,11,36,9,17,12,74,32,6,38,112
06/25/2004,HRL,TX,ASW,CE,Federal Contract Tower,27,9,10,2,48,11,1,18,0,30,38,10,28,2,78,0,2,2,80
06/26/2004,HRL,TX,ASW,CE,Federal Contract Tower,21,7,7,0,35,4,4,20,0,28,25,11,27,0,63,0,0,0,63
06/27/2004,HRL,TX,ASW,CE,Federal Contract Tower,22,7,8,2,39,0,3,14,0,17,22,10,22,2,56,12,6,18,74
06/28/2004,HRL,TX,ASW,CE,Federal Contract Tower,29,13,13,16,71,0,0,14,6,20,29,13,27,22,91,16,58,74,165
06/29/2004,HRL,TX,ASW,CE,Federal Contract Tower,41,11,18,24,94,0,0,30,24,54,41,11,48,48,148,0,172,172,320
06/30/2004,HRL,TX,ASW,CE,Federal Contract Tower,35,9,11,16,71,3,0,42,7,52,38,9,53,23,123,4,100,104,227
07/01/2004,HRL,TX,ASW,CE,Federal Contract Tower,38,12,13,20,83,0,0,52,5,57,38,12,65,25,140,26,4,30,170
07/02/2004,HRL,TX,ASW,CE,Federal Contract Tower,27,7,8,0,42,10,0,54,0,64,37,7,62,0,106,0,0,0,106
07/03/2004,HRL,TX,ASW,CE,Federal Contract Tower,17,7,5,0,29,7,3,21,0,31,24,10,26,0,60,0,0,0,60
07/04/2004,HRL,TX,ASW,CE,Federal Contract Tower,12,5,3,0,20,5,3,7,0,15,17,8,10,0,35,0,0,0,35
07/05/2004,HRL,TX,ASW,CE,Federal Contract Tower,15,7,4,0,26,6,1,24,0,31,21,8,28,0,57,24,0,24,81
07/06/2004,HRL,TX,ASW,CE,Federal Contract Tower,29,10,9,12,60,2,0,30,0,32,31,10,39,12,92,20,38,58,150
07/07/2004,HRL,TX,ASW,CE,Federal Contract Tower,38,9,13,19,79,0,0,37,13,50,38,9,50,32,129,10,16,26,155
07/08/2004,HRL,TX,ASW,CE,Federal Contract Tower,37,12,12,17,78,0,0,21,7,28,37,12,33,24,106,36,10,46,152
07/09/2004,HRL,TX,ASW,CE,Federal Contract Tower,30,12,13,20,75,0,0,19,6,25,30,12,32,26,100,0,40,40,140
07/10/2004,HRL,TX,ASW,CE,Federal Contract Tower,16,6,5,0,27,8,4,17,0,29,24,10,22,0,56,4,0,4,60
07/11/2004,HRL,TX,ASW,CE,Federal Contract Tower,19,6,6,0,31,2,6,12,0,20,21,12,18,0,51,0,0,0,51
07/12/2004,HRL,TX,ASW,CE,Federal Contract Tower,30,9,11,15,65,0,0,17,7,24,30,9,28,22,89,4,14,18,107
07/13/2004,HRL,TX,ASW,CE,Federal Contract Tower,32,7,11,14,64,3,0,29,6,38,35,7,40,20,102,6,20,26,128
07/14/2004,HRL,TX,ASW,CE,Federal Contract Tower,33,13,12,16,74,0,0,30,0,30,33,13,42,16,104,2,14,16,120
07/15/2004,HRL,TX,ASW,CE,Federal Contract Tower,35,10,14,18,77,0,0,15,8,23,35,10,29,26,100,0,40,40,140
07/16/2004,HRL,TX,ASW,CE,Federal Contract Tower,31,10,10,10,61,5,1,19,0,25,36,11,29,10,86,4,32,36,122
07/17/2004,HRL,TX,ASW,CE,Federal Contract Tower,17,6,6,0,29,6,2,21,0,29,23,8,27,0,58,0,0,0,58
07/18/2004,HRL,TX,ASW,CE,Federal Contract Tower,19,6,6,4,35,2,3,15,0,20,21,9,21,4,55,0,0,0,55
07/19/2004,HRL,TX,ASW,CE,Federal Contract Tower,29,10,10,12,61,0,0,7,2,9,29,10,17,14,70,10,36,46,116
07/20/2004,HRL,TX,ASW,CE,Federal Contract Tower,35,9,13,17,74,0,0,20,5,25,35,9,33,22,99,2,2,4,103
07/21/2004,HRL,TX,ASW,CE,Federal Contract Tower,35,11,11,14,71,1,0,11,5,17,36,11,22,19,88,0,62,62,150
07/22/2004,HRL,TX,ASW,CE,Federal Contract Tower,34,13,13,17,77,0,0,7,9,16,34,13,20,26,93,0,70,70,163
07/23/2004,HRL,TX,ASW,CE,Federal Contract Tower,35,11,11,10,67,3,0,18,0,21,38,11,29,10,88,0,4,4,92
07/24/2004,HRL,TX,ASW,CE,Federal Contract Tower,19,6,6,0,31,6,5,13,0,24,25,11,19,0,55,10,0,10,65
07/25/2004,HRL,TX,ASW,CE,Federal Contract Tower,17,5,6,0,28,3,4,13,0,20,20,9,19,0,48,0,0,0,48
07/26/2004,HRL,TX,ASW,CE,Federal Contract Tower,28,10,12,15,65,0,0,2,11,13,28,10,14,26,78,0,16,16,94
07/27/2004,HRL,TX,ASW,CE,Federal Contract Tower,31,8,10,8,57,3,0,14,0,17,34,8,24,8,74,0,6,6,80
07/28/2004,HRL,TX,ASW,CE,Federal Contract Tower,35,15,13,19,82,0,9,8,1,18,35,24,21,20,100,2,50,52,152
07/29/2004,HRL,TX,ASW,CE,Federal Contract Tower,36,12,12,17,77,0,0,15,7,22,36,12,27,24,99,0,64,64,163
07/30/2004,HRL,TX,ASW,CE,Federal Contract Tower,28,9,8,4,49,5,2,26,0,33,33,11,34,4,82,28,5,33,115
07/31/2004,HRL,TX,ASW,CE,Federal Contract Tower,20,6,5,0,31,4,5,17,0,26,24,11,22,0,57,14,0,14,71
08/01/2004,HRL,TX,ASW,CE,Federal Contract Tower,20,8,6,1,35,1,5,11,0,17,21,13,17,1,52,10,0,10,62
08/02/2004,HRL,TX,ASW,CE,Federal Contract Tower,28,11,8,6,53,2,0,22,0,24,30,11,30,6,77,18,34,52,129
08/03/2004,HRL,TX,ASW,CE,Federal Contract Tower,35,11,10,14,70,1,0,12,8,21,36,11,22,22,91,4,134,138,229
08/04/2004,HRL,TX,ASW,CE,Federal Contract Tower,30,13,9,13,65,4,0,15,0,19,34,13,24,13,84,6,34,40,124
08/05/2004,HRL,TX,ASW,CE,Federal Contract Tower,39,19,14,20,92,0,0,28,4,32,39,19,42,24,124,4,40,44,168
08/06/2004,HRL,TX,ASW,CE,Federal Contract Tower,28,11,9,6,54,11,2,19,0,32,39,13,28,6,86,14,56,70,156
08/07/2004,HRL,TX,ASW,CE,Federal Contract Tower,17,7,5,0,29,5,2,16,0,23,22,9,21,0,52,10,0,10,62
08/08/2004,HRL,TX,ASW,CE,Federal Contract Tower,17,8,5,2,32,7,3,18,0,28,24,11,23,2,60,0,2,2,62
08/09/2004,HRL,TX,ASW,CE,Federal Contract Tower,28,11,9,4,52,2,1,14,0,17,30,12,23,4,69,0,6,6,75
08/10/2004,HRL,TX,ASW,CE,Federal Contract Tower,37,9,16,22,84,0,0,25,22,47,37,9,41,44,131,2,20,22,153
08/11/2004,HRL,TX,ASW,CE,Federal Contract Tower,31,9,10,6,56,8,0,25,0,33,39,9,35,6,89,4,4,8,97
08/12/2004,HRL,TX,ASW,CE,Federal Contract Tower,36,13,15,19,83,0,0,24,10,34,36,13,39,29,117,12,268,280,397
08/13/2004,HRL,TX,ASW,CE,Federal Contract Tower,30,10,10,8,58,8,0,23,0,31,38,10,33,8,89,30,36,66,155
08/14/2004,HRL,TX,ASW,CE,Federal Contract Tower,18,7,6,0,31,8,4,13,0,25,26,11,19,0,56,0,0,0,56
08/15/2004,HRL,TX,ASW,CE,Federal Contract Tower,17,7,7,0,31,0,2,9,0,11,17,9,16,0,42,14,0,14,56
08/16/2004,HRL,TX,ASW,CE,Federal Contract Tower,29,9,10,8,56,1,0,22,0,23,30,9,32,8,79,0,12,12,91
08/17/2004,HRL,TX,ASW,CE,Federal Contract Tower,36,11,12,15,74,0,0,13,9,22,36,11,25,24,96,12,6,18,114
08/18/2004,HRL,TX,ASW,CE,Federal Contract Tower,36,11,12,15,74,0,0,25,7,32,36,11,37,22,106,44,40,84,190
08/19/2004,HRL,TX,ASW,CE,Federal Contract Tower,32,14,16,19,81,0,0,24,14,38,32,14,40,33,119,4,56,60,179
08/20/2004,HRL,TX,ASW,CE,Federal Contract Tower,33,15,14,18,80,0,0,27,9,36,33,15,41,27,116,6,102,108,224
08/21/2004,HRL,TX,ASW,CE,Federal Contract Tower,18,7,6,0,31,5,3,15,0,23,23,10,21,0,54,0,0,0,54
08/22/2004,HRL,TX,ASW,CE,Federal Contract Tower,21,7,7,0,35,2,5,31,0,38,23,12,38,0,73,0,0,0,73
08/23/2004,HRL,TX,ASW,CE,Federal Contract Tower,27,9,9,11,56,4,0,9,1,14,31,9,18,12,70,0,272,272,342
08/24/2004,HRL,TX,ASW,CE,Federal Contract Tower,33,14,13,16,76,0,1,18,7,26,33,15,31,23,102,12,2,14,116
08/25/2004,HRL,TX,ASW,CE,Federal Contract Tower,34,12,10,14,70,3,1,45,0,49,37,13,55,14,119,0,32,32,151
08/26/2004,HRL,TX,ASW,CE,Federal Contract Tower,34,17,13,19,83,0,1,32,6,39,34,18,45,25,122,16,30,46,168
08/27/2004,HRL,TX,ASW,CE,Federal Contract Tower,30,11,9,6,56,4,1,48,0,53,34,12,57,6,109,0,16,16,125
08/28/2004,HRL,TX,ASW,CE,Federal Contract Tower,18,6,5,0,29,6,3,12,0,21,24,9,17,0,50,0,0,0,50
08/29/2004,HRL,TX,ASW,CE,Federal Contract Tower,19,8,5,0,32,2,2,11,0,15,21,10,16,0,47,0,0,0,47
08/30/2004,HRL,TX,ASW,CE,Federal Contract Tower,27,10,8,8,53,3,2,18,0,23,30,12,26,8,76,0,2,2,78
08/31/2004,HRL,TX,ASW,CE,Federal Contract Tower,33,10,13,18,74,0,0,30,8,38,33,10,43,26,112,16,22,38,150
09/01/2004,HRL,TX,ASW,CE,Federal Contract Tower,29,12,11,3,55,6,0,12,0,18,35,12,23,3,73,4,36,40,113
09/02/2004,HRL,TX,ASW,CE,Federal Contract Tower,35,10,13,10,68,2,0,28,0,30,37,10,41,10,98,4,0,4,102
09/03/2004,HRL,TX,ASW,CE,Federal Contract Tower,29,11,11,0,51,8,0,35,0,43,37,11,46,0,94,4,0,4,98
09/04/2004,HRL,TX,ASW,CE,Federal Contract Tower,17,7,6,0,30,6,4,24,0,34,23,11,30,0,64,4,0,4,68
09/05/2004,HRL,TX,ASW,CE,Federal Contract Tower,12,6,5,0,23,0,1,29,0,30,12,7,34,0,53,4,0,4,57
09/06/2004,HRL,TX,ASW,CE,Federal Contract Tower,17,7,7,0,31,3,2,41,0,46,20,9,48,0,77,12,0,12,89
09/07/2004,HRL,TX,ASW,CE,Federal Contract Tower,30,12,11,8,61,1,4,29,0,34,31,16,40,8,95,0,0,0,95
09/08/2004,HRL,TX,ASW,CE,Federal Contract Tower,35,14,17,19,85,0,0,22,18,40,35,14,39,37,125,10,170,180,305
09/09/2004,HRL,TX,ASW,CE,Federal Contract Tower,37,13,17,19,86,0,0,20,3,23,37,13,37,22,109,10,44,54,163
09/10/2004,HRL,TX,ASW,CE,Federal Contract Tower,37,15,14,17,83,1,2,36,5,44,38,17,50,22,127,16,0,16,143
09/11/2004,HRL,TX,ASW,CE,Federal Contract Tower,18,7,7,0,32,5,4,34,0,43,23,11,41,0,75,12,0,12,87
09/12/2004,HRL,TX,ASW,CE,Federal Contract Tower,18,7,7,0,32,4,2,25,0,31,22,9,32,0,63,0,0,0,63
09/13/2004,HRL,TX,ASW,CE,Federal Contract Tower,27,11,12,13,63,0,0,30,1,31,27,11,42,14,94,2,46,48,142
09/14/2004,HRL,TX,ASW,CE,Federal Contract Tower,37,13,18,19,87,0,0,25,28,53,37,13,43,47,140,2,14,16,156
09/15/2004,HRL,TX,ASW,CE,Federal Contract Tower,35,9,15,17,76,0,0,23,13,36,35,9,38,30,112,4,18,22,134
09/16/2004,HRL,TX,ASW,CE,Federal Contract Tower,38,13,19,20,90,0,0,30,12,42,38,13,49,32,132,4,26,30,162
09/17/2004,HRL,TX,ASW,CE,Federal Contract Tower,34,12,13,14,73,3,2,20,4,29,37,14,33,18,102,8,0,8,110
09/18/2004,HRL,TX,ASW,CE,Federal Contract Tower,17,6,7,2,32,2,7,14,0,23,19,13,21,2,55,0,12,12,67
09/19/2004,HRL,TX,ASW,CE,Federal Contract Tower,21,7,9,1,38,2,4,28,0,34,23,11,37,1,72,0,0,0,72
09/20/2004,HRL,TX,ASW,CE,Federal Contract Tower,30,11,12,12,65,2,0,36,7,45,32,11,48,19,110,2,12,14,124
09/21/2004,HRL,TX,ASW,CE,Federal Contract Tower,34,9,17,18,78,0,0,25,28,53,34,9,42,46,131,2,244,246,377
09/22/2004,HRL,TX,ASW,CE,Federal Contract Tower,31,9,13,10,63,0,0,38,0,38,31,9,51,10,101,20,8,28,129
09/23/2004,HRL,TX,ASW,CE,Federal Contract Tower,30,12,14,14,70,0,0,44,0,44,30,12,58,14,114,10,42,52,166
09/24/2004,HRL,TX,ASW,CE,Federal Contract Tower,37,13,14,10,74,0,1,28,0,29,37,14,42,10,103,42,26,68,171
09/25/2004,HRL,TX,ASW,CE,Federal Contract Tower,20,7,7,2,36,4,4,15,0,23,24,11,22,2,59,0,2,2,61
09/26/2004,HRL,TX,ASW,CE,Federal Contract Tower,18,6,7,0,31,4,5,17,0,26,22,11,24,0,57,0,0,0,57
09/27/2004,HRL,TX,ASW,CE,Federal Contract Tower,27,11,11,13,62,0,3,5,3,11,27,14,16,16,73,54,0,54,127
09/28/2004,HRL,TX,ASW,CE,Federal Contract Tower,34,12,12,15,73,0,1,34,1,36,34,13,46,16,109,20,0,20,129
09/29/2004,HRL,TX,ASW,CE,Federal Contract Tower,30,7,11,3,51,6,0,58,0,64,36,7,69,3,115,22,0,22,137
09/30/2004,HRL,TX,ASW,CE,Federal Contract Tower,30,9,11,2,52,9,0,45,0,54,39,9,56,2,106,20,24,44,150
10/01/2004,HRL,TX,ASW,CE,Federal Contract Tower,39,17,5,0,61,0,0,38,0,38,39,17,43,0,99,20,0,20,119
10/02/2004,HRL,TX,ASW,CE,Federal Contract Tower,23,11,4,0,38,0,0,27,0,27,23,11,31,0,65,8,0,8,73
10/03/2004,HRL,TX,ASW,CE,Federal Contract Tower,21,9,11,0,41,0,0,12,0,12,21,9,23,0,53,0,0,0,53
10/04/2004,HRL,TX,ASW,CE,Federal Contract Tower,28,13,10,40,91,0,0,26,0,26,28,13,36,40,117,2,118,120,237
10/05/2004,HRL,TX,ASW,CE,Federal Contract Tower,35,12,13,7,67,0,0,25,0,25,35,12,38,7,92,34,0,34,126
10/06/2004,HRL,TX,ASW,CE,Federal Contract Tower,36,12,15,16,79,0,0,19,0,19,36,12,34,16,98,20,0,20,118
10/07/2004,HRL,TX,ASW,CE,Federal Contract Tower,35,12,25,16,88,0,0,22,0,22,35,12,47,16,110,0,14,14,124
10/08/2004,HRL,TX,ASW,CE,Federal Contract Tower,36,14,10,12,72,0,0,19,0,19,36,14,29,12,91,10,0,10,101
10/09/2004,HRL,TX,ASW,CE,Federal Contract Tower,21,9,1,0,31,0,0,19,0,19,21,9,20,0,50,20,0,20,70
10/10/2004,HRL,TX,ASW,CE,Federal Contract Tower,20,9,7,0,36,0,0,32,0,32,20,9,39,0,68,0,0,0,68
10/11/2004,HRL,TX,ASW,CE,Federal Contract Tower,29,9,7,4,49,0,0,33,0,33,29,9,40,4,82,16,0,16,98
10/12/2004,HRL,TX,ASW,CE,Federal Contract Tower,37,9,5,46,97,0,0,43,0,43,37,9,48,46,140,32,74,106,246
10/13/2004,HRL,TX,ASW,CE,Federal Contract Tower,31,9,2,40,82,0,0,33,0,33,31,9,35,40,115,52,12,64,179
10/14/2004,HRL,TX,ASW,CE,Federal Contract Tower,33,11,3,10,57,0,0,25,0,25,33,11,28,10,82,4,246,250,332
10/15/2004,HRL,TX,ASW,CE,Federal Contract Tower,36,13,9,16,74,0,0,29,0,29,36,13,38,16,103,16,6,22,125
10/16/2004,HRL,TX,ASW,CE,Federal Contract Tower,23,11,3,0,37,0,0,13,0,13,23,11,16,0,50,0,0,0,50
10/17/2004,HRL,TX,ASW,CE,Federal Contract Tower,20,9,16,0,45,0,0,7,0,7,20,9,23,0,52,10,0,10,62
10/18/2004,HRL,TX,ASW,CE,Federal Contract Tower,27,10,13,22,72,0,0,8,0,8,27,10,21,22,80,8,36,44,124
10/19/2004,HRL,TX,ASW,CE,Federal Contract Tower,35,11,9,37,92,0,0,38,0,38,35,11,47,37,130,16,42,58,188
10/20/2004,HRL,TX,ASW,CE,Federal Contract Tower,38,10,13,24,85,0,0,29,0,29,38,10,42,24,114,20,26,46,160
10/21/2004,HRL,TX,ASW,CE,Federal Contract Tower,35,13,13,24,85,0,0,27,0,27,35,13,40,24,112,4,10,14,126
10/22/2004,HRL,TX,ASW,CE,Federal Contract Tower,35,14,9,45,103,0,0,21,0,21,35,14,30,45,124,8,2,10,134
10/23/2004,HRL,TX,ASW,CE,Federal Contract Tower,23,12,4,0,39,0,0,18,0,18,23,12,22,0,57,0,0,0,57
10/24/2004,HRL,TX,ASW,CE,Federal Contract Tower,22,11,8,4,45,0,0,7,0,7,22,11,15,4,52,6,0,6,58
10/25/2004,HRL,TX,ASW,CE,Federal Contract Tower,29,11,5,58,103,0,0,28,15,43,29,11,33,73,146,22,68,90,236
10/26/2004,HRL,TX,ASW,CE,Federal Contract Tower,40,12,9,35,96,0,0,29,0,29,40,12,38,35,125,58,124,182,307
10/27/2004,HRL,TX,ASW,CE,Federal Contract Tower,37,13,15,50,115,0,0,36,0,36,37,13,51,50,151,26,108,134,285
10/28/2004,HRL,TX,ASW,CE,Federal Contract Tower,36,12,13,20,81,0,0,33,0,33,36,12,46,20,114,14,40,54,168
10/29/2004,HRL,TX,ASW,CE,Federal Contract Tower,35,12,10,26,83,0,0,33,0,33,35,12,43,26,116,2,18,20,136
10/30/2004,HRL,TX,ASW,CE,Federal Contract Tower,22,16,2,0,40,0,0,17,0,17,22,16,19,0,57,12,0,12,69
10/31/2004,HRL,TX,ASW,CE,Federal Contract Tower,21,12,7,2,42,0,0,21,0,21,21,12,28,2,63,0,0,0,63
11/01/2004,HRL,TX,ASW,CE,Federal Contract Tower,28,10,11,32,81,0,0,15,0,15,28,10,26,32,96,10,60,70,166
11/02/2004,HRL,TX,ASW,CE,Federal Contract Tower,44,10,15,35,104,0,0,24,0,24,44,10,39,35,128,8,4,12,140
11/03/2004,HRL,TX,ASW,CE,Federal Contract Tower,35,10,4,32,81,0,0,36,0,36,35,10,40,32,117,28,24,52,169
11/04/2004,HRL,TX,ASW,CE,Federal Contract Tower,39,9,21,40,109,0,0,38,0,38,39,9,59,40,147,16,46,62,209
11/05/2004,HRL,TX,ASW,CE,Federal Contract Tower,38,12,9,36,95,0,0,31,0,31,38,12,40,36,126,14,0,14,140
11/06/2004,HRL,TX,ASW,CE,Federal Contract Tower,18,11,1,0,30,0,0,25,0,25,18,11,26,0,55,0,0,0,55
11/07/2004,HRL,TX,ASW,CE,Federal Contract Tower,24,12,1,0,37,0,0,34,0,34,24,12,35,0,71,4,0,4,75
11/08/2004,HRL,TX,ASW,CE,Federal Contract Tower,32,10,12,20,74,0,0,33,13,46,32,10,45,33,120,12,40,52,172
11/09/2004,HRL,TX,ASW,CE,Federal Contract Tower,37,9,5,40,91,0,0,43,16,59,37,9,48,56,150,18,12,30,180
11/10/2004,HRL,TX,ASW,CE,Federal Contract Tower,41,11,6,72,130,0,0,20,0,20,41,11,26,72,150,4,10,14,164
11/11/2004,HRL,TX,ASW,CE,Federal Contract Tower,37,13,8,0,58,0,0,14,0,14,37,13,22,0,72,20,0,20,92
11/12/2004,HRL,TX,ASW,CE,Federal Contract Tower,38,13,23,19,93,0,0,20,0,20,38,13,43,19,113,0,100,100,213
11/13/2004,HRL,TX,ASW,CE,Federal Contract Tower,18,12,6,0,36,0,0,14,0,14,18,12,20,0,50,22,0,22,72
11/14/2004,HRL,TX,ASW,CE,Federal Contract Tower,21,11,7,0,39,0,0,7,0,7,21,11,14,0,46,2,0,2,48
11/15/2004,HRL,TX,ASW,CE,Federal Contract Tower,32,14,3,18,67,0,0,20,0,20,32,14,23,18,87,0,4,4,91
11/16/2004,HRL,TX,ASW,CE,Federal Contract Tower,39,9,8,43,99,0,0,37,0,37,39,9,45,43,136,4,8,12,148
11/17/2004,HRL,TX,ASW,CE,Federal Contract Tower,41,10,14,79,144,0,0,26,10,36,41,10,40,89,180,14,128,142,322
11/18/2004,HRL,TX,ASW,CE,Federal Contract Tower,36,14,16,11,77,0,0,29,0,29,36,14,45,11,106,14,30,44,150
11/19/2004,HRL,TX,ASW,CE,Federal Contract Tower,39,9,10,0,58,0,0,26,2,28,39,9,36,2,86,4,12,16,102
11/20/2004,HRL,TX,ASW,CE,Federal Contract Tower,18,11,8,12,49,0,0,16,0,16,18,11,24,12,65,0,0,0,65
11/21/2004,HRL,TX,ASW,CE,Federal Contract Tower,22,10,8,0,40,0,0,16,0,16,22,10,24,0,56,0,0,0,56
11/22/2004,HRL,TX,ASW,CE,Federal Contract Tower,31,4,19,50,104,0,0,8,0,8,31,4,27,50,112,2,96,98,210
11/23/2004,HRL,TX,ASW,CE,Federal Contract Tower,36,9,11,34,90,0,0,11,0,11,36,9,22,34,101,0,60,60,161
11/24/2004,HRL,TX,ASW,CE,Federal Contract Tower,37,12,5,8,62,0,0,28,0,28,37,12,33,8,90,4,62,66,156
11/25/2004,HRL,TX,ASW,CE,Federal Contract Tower,16,5,1,0,22,0,0,20,0,20,16,5,21,0,42,4,0,4,46
11/26/2004,HRL,TX,ASW,CE,Federal Contract Tower,28,8,8,0,44,0,0,10,0,10,28,8,18,0,54,0,0,0,54
11/27/2004,HRL,TX,ASW,CE,Federal Contract Tower,19,14,2,0,35,0,0,21,0,21,19,14,23,0,56,0,0,0,56
11/28/2004,HRL,TX,ASW,CE,Federal Contract Tower,20,10,15,0,45,0,0,18,0,18,20,10,33,0,63,0,0,0,63
11/29/2004,HRL,TX,ASW,CE,Federal Contract Tower,30,9,21,40,100,0,0,4,0,4,30,9,25,40,104,0,48,48,152
11/30/2004,HRL,TX,ASW,CE,Federal Contract Tower,32,15,14,15,76,0,0,24,0,24,32,15,38,15,100,12,1,13,113
12/01/2004,HRL,TX,ASW,CE,Federal Contract Tower,37,13,15,20,85,0,0,43,0,43,37,13,58,20,128,10,14,24,152
12/02/2004,HRL,TX,ASW,CE,Federal Contract Tower,35,15,31,8,89,0,0,7,0,7,35,15,38,8,96,14,4,18,114
12/03/2004,HRL,TX,ASW,CE,Federal Contract Tower,58,18,22,4,102,0,0,0,0,0,58,18,22,4,102,0,0,0,102
12/04/2004,HRL,TX,ASW,CE,Federal Contract Tower,20,9,13,4,46,0,0,0,0,0,20,9,13,4,46,0,0,0,46
12/05/2004,HRL,TX,ASW,CE,Federal Contract Tower,22,12,18,2,54,0,0,3,0,3,22,12,21,2,57,4,2,6,63
12/06/2004,HRL,TX,ASW,CE,Federal Contract Tower,31,12,16,24,83,0,0,20,0,20,31,12,36,24,103,0,4,4,107
12/07/2004,HRL,TX,ASW,CE,Federal Contract Tower,36,23,11,45,115,0,0,35,0,35,36,23,46,45,150,18,14,32,182
12/08/2004,HRL,TX,ASW,CE,Federal Contract Tower,38,19,18,28,103,0,0,22,0,22,38,19,40,28,125,32,4,36,161
12/09/2004,HRL,TX,ASW,CE,Federal Contract Tower,39,10,8,19,76,0,0,39,0,39,39,10,47,19,115,34,74,108,223
12/10/2004,HRL,TX,ASW,CE,Federal Contract Tower,38,15,18,0,71,0,0,48,0,48,38,15,66,0,119,14,0,14,133
12/11/2004,HRL,TX,ASW,CE,Federal Contract Tower,21,10,4,4,39,0,0,29,0,29,21,10,33,4,68,18,12,30,98
12/12/2004,HRL,TX,ASW,CE,Federal Contract Tower,23,8,16,0,47,0,0,15,0,15,23,8,31,0,62,2,0,2,64
12/13/2004,HRL,TX,ASW,CE,Federal Contract Tower,30,13,16,12,71,0,0,14,0,14,30,13,30,12,85,10,0,10,95
12/14/2004,HRL,TX,ASW,CE,Federal Contract Tower,34,13,9,25,81,0,0,22,6,28,34,13,31,31,109,0,2,2,111
12/15/2004,HRL,TX,ASW,CE,Federal Contract Tower,39,16,11,26,92,0,0,35,0,35,39,16,46,26,127,18,0,18,145
12/16/2004,HRL,TX,ASW,CE,Federal Contract Tower,37,18,17,23,95,0,0,18,0,18,37,18,35,23,113,10,0,10,123
12/17/2004,HRL,TX,ASW,CE,Federal Contract Tower,37,15,14,18,84,0,0,15,0,15,37,15,29,18,99,0,10,10,109
12/18/2004,HRL,TX,ASW,CE,Federal Contract Tower,15,11,6,4,36,0,0,12,0,12,15,11,18,4,48,8,5,13,61
12/19/2004,HRL,TX,ASW,CE,Federal Contract Tower,21,10,4,0,35,0,0,16,0,16,21,10,20,0,51,0,0,0,51
12/20/2004,HRL,TX,ASW,CE,Federal Contract Tower,32,10,7,18,67,0,0,18,0,18,32,10,25,18,85,2,0,2,87
12/21/2004,HRL,TX,ASW,CE,Federal Contract Tower,40,14,24,4,82,0,0,16,0,16,40,14,40,4,98,8,28,36,134
12/22/2004,HRL,TX,ASW,CE,Federal Contract Tower,36,14,17,34,101,0,1,26,0,27,36,15,43,34,128,0,10,10,138
12/23/2004,HRL,TX,ASW,CE,Federal Contract Tower,30,14,28,5,77,0,0,0,0,0,30,14,28,5,77,0,36,36,113
12/24/2004,HRL,TX,ASW,CE,Federal Contract Tower,28,8,8,0,44,0,0,0,0,0,28,8,8,0,44,0,0,0,44
12/25/2004,HRL,TX,ASW,CE,Federal Contract Tower,18,8,2,0,28,0,0,12,0,12,18,8,14,0,40,0,0,0,40
12/26/2004,HRL,TX,ASW,CE,Federal Contract Tower,24,13,6,0,43,0,0,29,0,29,24,13,35,0,72,8,0,8,80
12/27/2004,HRL,TX,ASW,CE,Federal Contract Tower,34,12,3,8,57,0,0,21,0,21,34,12,24,8,78,0,0,0,78
12/28/2004,HRL,TX,ASW,CE,Federal Contract Tower,39,15,11,10,75,0,0,31,0,31,39,15,42,10,106,0,4,4,110
12/29/2004,HRL,TX,ASW,CE,Federal Contract Tower,38,10,9,8,65,0,0,33,0,33,38,10,42,8,98,0,0,0,98
12/30/2004,HRL,TX,ASW,CE,Federal Contract Tower,37,11,13,0,61,0,0,22,0,22,37,11,35,0,83,42,0,42,125
12/31/2004,HRL,TX,ASW,CE,Federal Contract Tower,24,8,11,0,43,0,0,25,0,25,24,8,36,0,68,2,0,2,70
01/01/2005,HRL,TX,ASW,CE,Federal Contract Tower,14,7,5,0,26,0,0,11,0,11,14,7,16,0,37,0,0,0,37
01/02/2005,HRL,TX,ASW,CE,Federal Contract Tower,24,11,10,0,45,0,0,2,0,2,24,11,12,0,47,0,0,0,47
01/03/2005,HRL,TX,ASW,CE,Federal Contract Tower,33,14,11,2,60,0,0,18,0,18,33,14,29,2,78,0,0,0,78
01/04/2005,HRL,TX,ASW,CE,Federal Contract Tower,38,9,10,20,77,0,0,13,0,13,38,9,23,20,90,0,68,68,158
01/05/2005,HRL,TX,ASW,CE,Federal Contract Tower,38,12,13,45,108,0,0,22,0,22,38,12,35,45,130,0,226,226,356
01/06/2005,HRL,TX,ASW,CE,Federal Contract Tower,51,18,23,12,104,0,0,5,0,5,51,18,28,12,109,0,4,4,113
01/07/2005,HRL,TX,ASW,CE,Federal Contract Tower,44,14,20,10,88,0,0,0,0,0,44,14,20,10,88,0,0,0,88
01/08/2005,HRL,TX,ASW,CE,Federal Contract Tower,18,11,8,0,37,0,0,0,0,0,18,11,8,0,37,0,0,0,37
01/09/2005,HRL,TX,ASW,CE,Federal Contract Tower,21,10,13,0,44,0,0,11,0,11,21,10,24,0,55,0,0,0,55
01/10/2005,HRL,TX,ASW,CE,Federal Contract Tower,34,12,8,18,72,0,0,25,0,25,34,12,33,18,97,0,0,0,97
01/11/2005,HRL,TX,ASW,CE,Federal Contract Tower,40,15,9,25,89,0,0,32,0,32,40,15,41,25,121,0,18,18,139
01/12/2005,HRL,TX,ASW,CE,Federal Contract Tower,37,17,10,32,96,0,0,26,0,26,37,17,36,32,122,0,242,242,364
01/13/2005,HRL,TX,ASW,CE,Federal Contract Tower,42,13,10,18,83,0,0,31,0,31,42,13,41,18,114,2,178,180,294
01/14/2005,HRL,TX,ASW,CE,Federal Contract Tower,38,17,6,13,74,0,0,34,0,34,38,17,40,13,108,0,14,14,122
01/15/2005,HRL,TX,ASW,CE,Federal Contract Tower,16,10,1,2,29,0,0,38,0,38,16,10,39,2,67,12,0,12,79
01/16/2005,HRL,TX,ASW,CE,Federal Contract Tower,23,13,15,0,51,0,0,17,0,17,23,13,32,0,68,0,0,0,68
01/17/2005,HRL,TX,ASW,CE,Federal Contract Tower,29,11,5,0,45,0,0,27,3,30,29,11,32,3,75,0,0,0,75
01/18/2005,HRL,TX,ASW,CE,Federal Contract Tower,37,12,13,14,76,0,0,9,0,9,37,12,22,14,85,16,58,74,159
01/19/2005,HRL,TX,ASW,CE,Federal Contract Tower,38,17,16,16,87,0,0,31,0,31,38,17,47,16,118,64,0,64,182
01/20/2005,HRL,TX,ASW,CE,Federal Contract Tower,41,15,27,12,95,0,0,35,0,35,41,15,62,12,130,46,14,60,190
01/21/2005,HRL,TX,ASW,CE,Federal Contract Tower,37,20,4,12,73,0,0,24,0,24,37,20,28,12,97,8,4,12,109
01/22/2005,HRL,TX,ASW,CE,Federal Contract Tower,25,12,6,0,43,0,0,27,0,27,25,12,33,0,70,26,0,26,96
01/23/2005,HRL,TX,ASW,CE,Federal Contract Tower,23,12,7,0,42,0,0,19,0,19,23,12,26,0,61,0,0,0,61
01/24/2005,HRL,TX,ASW,CE,Federal Contract Tower,32,12,17,18,79,0,0,23,0,23,32,12,40,18,102,8,10,18,120
01/25/2005,HRL,TX,ASW,CE,Federal Contract Tower,30,10,11,18,69,8,0,52,0,60,38,10,63,18,129,0,134,134,263
01/26/2005,HRL,TX,ASW,CE,Federal Contract Tower,39,13,6,31,89,0,0,45,0,45,39,13,51,31,134,50,128,178,312
01/27/2005,HRL,TX,ASW,CE,Federal Contract Tower,39,16,10,32,97,0,0,26,0,26,39,16,36,32,123,32,96,128,251
01/28/2005,HRL,TX,ASW,CE,Federal Contract Tower,36,11,17,28,92,0,0,15,0,15,36,11,32,28,107,0,0,0,107
01/29/2005,HRL,TX,ASW,CE,Federal Contract Tower,24,10,14,0,48,0,0,10,0,10,24,10,24,0,58,22,0,22,80
01/30/2005,HRL,TX,ASW,CE,Federal Contract Tower,20,9,18,0,47,0,0,6,0,6,20,9,24,0,53,12,0,12,65
01/31/2005,HRL,TX,ASW,CE,Federal Contract Tower,41,12,20,12,85,0,0,1,0,1,41,12,21,12,86,0,2,2,88
02/01/2005,HRL,TX,ASW,CE,Federal Contract Tower,39,8,17,13,77,0,0,0,0,0,39,8,17,13,77,0,4,4,81
02/02/2005,HRL,TX,ASW,CE,Federal Contract Tower,39,15,15,22,91,0,0,16,0,16,39,15,31,22,107,0,2,2,109
02/03/2005,HRL,TX,ASW,CE,Federal Contract Tower,39,19,12,22,92,0,0,24,0,24,39,19,36,22,116,0,0,0,116
02/04/2005,HRL,TX,ASW,CE,Federal Contract Tower,38,10,9,20,77,0,0,22,0,22,38,10,31,20,99,6,36,42,141
02/05/2005,HRL,TX,ASW,CE,Federal Contract Tower,26,11,2,0,39,0,0,17,0,17,26,11,19,0,56,22,0,22,78
02/06/2005,HRL,TX,ASW,CE,Federal Contract Tower,21,12,11,0,44,13,4,12,24,53,34,16,23,24,97,26,4,30,127
02/07/2005,HRL,TX,ASW,CE,Federal Contract Tower,34,16,13,24,87,0,0,10,0,10,34,16,23,24,97,26,4,30,127
02/08/2005,HRL,TX,ASW,CE,Federal Contract Tower,38,13,17,0,68,0,0,14,0,14,38,13,31,0,82,0,0,0,82
02/09/2005,HRL,TX,ASW,CE,Federal Contract Tower,48,9,21,25,103,0,0,7,0,7,48,9,28,25,110,0,26,26,136
02/10/2005,HRL,TX,ASW,CE,Federal Contract Tower,38,11,20,30,99,0,0,11,0,11,38,11,31,30,110,12,52,64,174
02/11/2005,HRL,TX,ASW,CE,Federal Contract Tower,37,11,6,2,56,0,0,35,0,35,37,11,41,2,91,10,0,10,101
02/12/2005,HRL,TX,ASW,CE,Federal Contract Tower,20,11,6,0,37,0,0,26,0,26,20,11,32,0,63,29,0,29,92
02/13/2005,HRL,TX,ASW,CE,Federal Contract Tower,23,9,14,0,46,0,0,22,0,22,23,9,36,0,68,0,0,0,68
02/14/2005,HRL,TX,ASW,CE,Federal Contract Tower,34,12,10,17,73,0,0,42,0,42,34,12,52,17,115,6,42,48,163
02/15/2005,HRL,TX,ASW,CE,Federal Contract Tower,40,8,14,36,98,0,0,35,0,35,40,8,49,36,133,0,72,72,205
02/16/2005,HRL,TX,ASW,CE,Federal Contract Tower,39,15,7,31,92,0,0,38,0,38,39,15,45,31,130,14,42,56,186
02/17/2005,HRL,TX,ASW,CE,Federal Contract Tower,40,12,18,12,82,0,0,31,0,31,40,12,49,12,113,0,98,98,211
02/18/2005,HRL,TX,ASW,CE,Federal Contract Tower,38,10,29,15,92,0,0,19,0,19,38,10,48,15,111,2,72,74,185
02/19/2005,HRL,TX,ASW,CE,Federal Contract Tower,23,14,4,2,43,0,0,17,0,17,23,14,21,2,60,0,0,0,60
02/20/2005,HRL,TX,ASW,CE,Federal Contract Tower,21,11,21,8,61,0,0,19,0,19,21,11,40,8,80,0,6,6,86
02/21/2005,HRL,TX,ASW,CE,Federal Contract Tower,30,6,7,0,43,0,0,12,0,12,30,6,19,0,55,44,0,44,99
02/22/2005,HRL,TX,ASW,CE,Federal Contract Tower,33,10,12,19,74,0,0,29,1,30,33,10,41,20,104,8,266,274,378
02/23/2005,HRL,TX,ASW,CE,Federal Contract Tower,43,19,11,15,88,0,0,38,0,38,43,19,49,15,126,51,114,165,291
02/24/2005,HRL,TX,ASW,CE,Federal Contract Tower,37,13,20,12,82,0,0,8,0,8,37,13,28,12,90,0,2,2,92
02/25/2005,HRL,TX,ASW,CE,Federal Contract Tower,39,13,16,4,72,0,0,10,0,10,39,13,26,4,82,0,0,0,82
02/26/2005,HRL,TX,ASW,CE,Federal Contract Tower,23,15,15,0,53,0,0,0,0,0,23,15,15,0,53,0,0,0,53
02/27/2005,HRL,TX,ASW,CE,Federal Contract Tower,22,10,13,0,45,0,0,14,4,18,22,10,27,4,63,0,0,0,63
02/28/2005,HRL,TX,ASW,CE,Federal Contract Tower,30,9,10,5,54,0,0,17,22,39,30,9,27,27,93,2,85,87,180
03/01/2005,HRL,TX,ASW,CE,Federal Contract Tower,43,9,12,13,77,0,0,22,5,27,43,9,34,18,104,48,90,138,242
03/02/2005,HRL,TX,ASW,CE,Federal Contract Tower,43,12,5,10,70,0,0,29,0,29,43,12,34,10,99,4,144,148,247
03/03/2005,HRL,TX,ASW,CE,Federal Contract Tower,37,11,4,26,78,0,0,23,0,23,37,11,27,26,101,36,148,184,285
03/04/2005,HRL,TX,ASW,CE,Federal Contract Tower,37,9,4,6,56,0,0,29,0,29,37,9,33,6,85,32,4,36,121
03/05/2005,HRL,TX,ASW,CE,Federal Contract Tower,22,11,6,12,51,0,0,19,0,19,22,11,25,12,70,14,136,150,220
03/06/2005,HRL,TX,ASW,CE,Federal Contract Tower,21,11,8,0,40,0,0,11,0,11,21,11,19,0,51,12,0,12,63
03/07/2005,HRL,TX,ASW,CE,Federal Contract Tower,32,13,4,18,67,0,0,28,0,28,32,13,32,18,95,44,201,245,340
03/08/2005,HRL,TX,ASW,CE,Federal Contract Tower,37,8,9,10,64,0,0,22,0,22,37,8,31,10,86,0,76,76,162
03/09/2005,HRL,TX,ASW,CE,Federal Contract Tower,38,11,1,26,76,0,0,35,0,35,38,11,36,26,111,70,0,70,181
03/10/2005,HRL,TX,ASW,CE,Federal Contract Tower,35,14,12,14,75,0,0,46,0,46,35,14,58,14,121,8,6,14,135
03/11/2005,HRL,TX,ASW,CE,Federal Contract Tower,40,11,7,7,65,0,0,35,9,44,40,11,42,16,109,8,237,245,354
03/12/2005,HRL,TX,ASW,CE,Federal Contract Tower,25,12,4,23,64,0,0,41,0,41,25,12,45,23,105,0,22,22,127
03/13/2005,HRL,TX,ASW,CE,Federal Contract Tower,21,10,4,5,40,0,0,14,0,14,21,10,18,5,54,0,0,0,54
03/14/2005,HRL,TX,ASW,CE,Federal Contract Tower,35,12,5,12,64,0,0,13,0,13,35,12,18,12,77,0,86,86,163
03/15/2005,HRL,TX,ASW,CE,Federal Contract Tower,36,14,9,36,95,0,0,8,2,10,36,14,17,38,105,0,204,204,309
03/16/2005,HRL,TX,ASW,CE,Federal Contract Tower,36,14,17,8,75,0,0,17,0,17,36,14,34,8,92,22,84,106,198
03/17/2005,HRL,TX,ASW,CE,Federal Contract Tower,40,13,15,20,88,0,0,32,0,32,40,13,47,20,120,13,34,47,167
03/18/2005,HRL,TX,ASW,CE,Federal Contract Tower,38,9,13,38,98,0,0,51,0,51,38,9,64,38,149,8,306,314,463
03/19/2005,HRL,TX,ASW,CE,Federal Contract Tower,23,13,7,9,52,0,0,24,0,24,23,13,31,9,76,2,0,2,78
03/20/2005,HRL,TX,ASW,CE,Federal Contract Tower,23,8,6,0,37,0,0,14,0,14,23,8,20,0,51,0,0,0,51
03/21/2005,HRL,TX,ASW,CE,Federal Contract Tower,35,11,22,60,128,0,0,5,0,5,35,11,27,60,133,0,88,88,221
03/22/2005,HRL,TX,ASW,CE,Federal Contract Tower,36,13,4,10,63,0,0,29,3,32,36,13,33,13,95,14,0,14,109
03/23/2005,HRL,TX,ASW,CE,Federal Contract Tower,38,12,15,28,93,0,0,32,0,32,38,12,47,28,125,18,28,46,171
03/24/2005,HRL,TX,ASW,CE,Federal Contract Tower,40,9,10,19,78,0,0,29,3,32,40,9,39,22,110,30,92,122,232
03/25/2005,HRL,TX,ASW,CE,Federal Contract Tower,38,12,21,14,85,0,0,21,0,21,38,12,42,14,106,0,76,76,182
03/26/2005,HRL,TX,ASW,CE,Federal Contract Tower,24,11,8,17,60,0,0,15,0,15,24,11,23,17,75,0,4,4,79
03/27/2005,HRL,TX,ASW,CE,Federal Contract Tower,22,10,2,0,34,0,0,22,4,26,22,10,24,4,60,0,0,0,60
03/28/2005,HRL,TX,ASW,CE,Federal Contract Tower,32,11,3,22,68,0,0,23,0,23,32,11,26,22,91,12,80,92,183
03/29/2005,HRL,TX,ASW,CE,Federal Contract Tower,38,16,12,49,115,0,0,28,0,28,38,16,40,49,143,6,22,28,171
03/30/2005,HRL,TX,ASW,CE,Federal Contract Tower,39,11,17,31,98,0,0,24,0,24,39,11,41,31,122,12,8,20,142
03/31/2005,HRL,TX,ASW,CE,Federal Contract Tower,41,12,14,34,101,0,0,23,0,23,41,12,37,34,124,4,92,96,220
04/01/2005,HRL,TX,ASW,CE,Federal Contract Tower,37,14,5,4,60,0,0,17,0,17,37,14,22,4,77,0,0,0,77
04/02/2005,HRL,TX,ASW,CE,Federal Contract Tower,25,10,2,0,37,0,0,33,0,33,25,10,35,0,70,14,0,14,84
04/03/2005,HRL,TX,ASW,CE,Federal Contract Tower,22,9,8,3,42,0,0,12,0,12,22,9,20,3,54,0,16,16,70
04/04/2005,HRL,TX,ASW,CE,Federal Contract Tower,34,14,13,22,83,0,0,22,0,22,34,14,35,22,105,6,64,70,175
04/05/2005,HRL,TX,ASW,CE,Federal Contract Tower,40,11,15,25,91,0,0,23,0,23,40,11,38,25,114,0,88,88,202
04/06/2005,HRL,TX,ASW,CE,Federal Contract Tower,38,12,18,8,76,0,0,31,0,31,38,12,49,8,107,34,22,56,163
04/07/2005,HRL,TX,ASW,CE,Federal Contract Tower,43,11,9,0,63,0,0,35,0,35,43,11,44,0,98,12,0,12,110
04/08/2005,HRL,TX,ASW,CE,Federal Contract Tower,39,10,43,7,99,0,0,0,0,0,39,10,43,7,99,8,6,14,113
04/09/2005,HRL,TX,ASW,CE,Federal Contract Tower,22,14,10,0,46,0,0,20,0,20,22,14,30,0,66,20,0,20,86
04/10/2005,HRL,TX,ASW,CE,Federal Contract Tower,20,10,2,0,32,0,0,5,0,5,20,10,7,0,37,0,0,0,37
04/11/2005,HRL,TX,ASW,CE,Federal Contract Tower,30,11,4,0,45,0,0,23,0,23,30,11,27,0,68,32,0,32,100
04/12/2005,HRL,TX,ASW,CE,Federal Contract Tower,36,14,7,12,69,0,0,50,6,56,36,14,57,18,125,10,32,42,167
04/13/2005,HRL,TX,ASW,CE,Federal Contract Tower,39,13,12,18,82,0,0,32,0,32,39,13,44,18,114,10,6,16,130
04/14/2005,HRL,TX,ASW,CE,Federal Contract Tower,35,10,8,26,79,0,0,38,0,38,35,10,46,26,117,24,308,332,449
04/15/2005,HRL,TX,ASW,CE,Federal Contract Tower,37,10,9,8,64,0,0,29,0,29,37,10,38,8,93,16,262,278,371
04/16/2005,HRL,TX,ASW,CE,Federal Contract Tower,25,10,9,0,44,0,0,26,0,26,25,10,35,0,70,0,0,0,70
04/17/2005,HRL,TX,ASW,CE,Federal Contract Tower,21,11,11,0,43,0,0,10,0,10,21,11,21,0,53,0,0,0,53
04/18/2005,HRL,TX,ASW,CE,Federal Contract Tower,33,10,21,49,113,0,0,18,0,18,33,10,39,49,131,32,44,76,207
04/19/2005,HRL,TX,ASW,CE,Federal Contract Tower,5,12,10,19,46,30,0,41,0,71,35,12,51,19,117,20,56,76,193
04/20/2005,HRL,TX,ASW,CE,Federal Contract Tower,35,11,20,29,95,0,0,39,0,39,35,11,59,29,134,10,14,24,158
04/21/2005,HRL,TX,ASW,CE,Federal Contract Tower,38,10,8,16,72,0,0,28,0,28,38,10,36,16,100,12,54,66,166
04/22/2005,HRL,TX,ASW,CE,Federal Contract Tower,38,11,14,20,83,0,0,25,0,25,38,11,39,20,108,22,412,434,542
04/23/2005,HRL,TX,ASW,CE,Federal Contract Tower,25,11,15,2,53,0,0,12,0,12,25,11,27,2,65,0,6,6,71
04/24/2005,HRL,TX,ASW,CE,Federal Contract Tower,21,10,15,4,50,0,0,0,0,0,21,10,15,4,50,0,0,0,50
04/25/2005,HRL,TX,ASW,CE,Federal Contract Tower,34,9,16,20,79,0,0,10,0,10,34,9,26,20,89,32,8,40,129
04/26/2005,HRL,TX,ASW,CE,Federal Contract Tower,37,10,2,23,72,0,0,25,1,26,37,10,27,24,98,0,4,4,102
04/27/2005,HRL,TX,ASW,CE,Federal Contract Tower,40,10,17,14,81,0,0,22,0,22,40,10,39,14,103,4,378,382,485
04/28/2005,HRL,TX,ASW,CE,Federal Contract Tower,36,13,14,20,83,0,0,19,0,19,36,13,33,20,102,0,153,153,255
04/29/2005,HRL,TX,ASW,CE,Federal Contract Tower,40,12,10,8,70,0,0,20,0,20,40,12,30,8,90,0,196,196,286
04/30/2005,HRL,TX,ASW,CE,Federal Contract Tower,24,10,2,0,36,0,0,11,0,11,24,10,13,0,47,20,0,20,67
05/01/2005,HRL,TX,ASW,CE,Federal Contract Tower,21,11,1,0,33,0,0,16,0,16,21,11,17,0,49,8,0,8,57
05/02/2005,HRL,TX,ASW,CE,Federal Contract Tower,32,10,13,14,69,0,0,30,0,30,32,10,43,14,99,2,4,6,105
05/03/2005,HRL,TX,ASW,CE,Federal Contract Tower,37,10,7,29,83,0,0,21,0,21,37,10,28,29,104,18,130,148,252
05/04/2005,HRL,TX,ASW,CE,Federal Contract Tower,38,15,10,10,73,0,0,17,0,17,38,15,27,10,90,4,8,12,102
05/05/2005,HRL,TX,ASW,CE,Federal Contract Tower,37,10,7,8,62,0,0,35,0,35,37,10,42,8,97,24,39,63,160
05/06/2005,HRL,TX,ASW,CE,Federal Contract Tower,34,13,22,6,75,0,0,18,0,18,34,13,40,6,93,0,14,14,107
05/07/2005,HRL,TX,ASW,CE,Federal Contract Tower,23,12,2,0,37,0,0,11,0,11,23,12,13,0,48,34,0,34,82
05/08/2005,HRL,TX,ASW,CE,Federal Contract Tower,24,8,9,6,47,0,0,6,0,6,24,8,15,6,53,4,8,12,65
05/09/2005,HRL,TX,ASW,CE,Federal Contract Tower,33,7,16,30,86,0,0,24,0,24,33,7,40,30,110,0,105,105,215
05/10/2005,HRL,TX,ASW,CE,Federal Contract Tower,34,9,12,27,82,0,0,17,0,17,34,9,29,27,99,26,190,216,315
05/11/2005,HRL,TX,ASW,CE,Federal Contract Tower,37,11,13,6,67,0,0,23,0,23,37,11,36,6,90,24,0,24,114
05/12/2005,HRL,TX,ASW,CE,Federal Contract Tower,33,10,17,29,89,0,0,17,0,17,33,10,34,29,106,12,82,94,200
05/13/2005,HRL,TX,ASW,CE,Federal Contract Tower,39,14,22,8,83,0,0,20,0,20,39,14,42,8,103,8,68,76,179
05/14/2005,HRL,TX,ASW,CE,Federal Contract Tower,24,11,3,0,38,0,0,22,0,22,24,11,25,0,60,32,0,32,92
05/15/2005,HRL,TX,ASW,CE,Federal Contract Tower,22,10,2,0,34,0,0,25,0,25,22,10,27,0,59,0,0,0,59
05/16/2005,HRL,TX,ASW,CE,Federal Contract Tower,33,11,10,8,62,0,0,17,0,17,33,11,27,8,79,36,60,96,175
05/17/2005,HRL,TX,ASW,CE,Federal Contract Tower,35,11,11,31,88,0,0,29,0,29,35,11,40,31,117,32,94,126,243
05/18/2005,HRL,TX,ASW,CE,Federal Contract Tower,33,13,10,33,89,0,0,42,0,42,33,13,52,33,131,8,142,150,281
05/19/2005,HRL,TX,ASW,CE,Federal Contract Tower,36,13,7,16,72,0,0,30,0,30,36,13,37,16,102,32,74,106,208
05/20/2005,HRL,TX,ASW,CE,Federal Contract Tower,37,15,12,6,70,0,0,25,0,25,37,15,37,6,95,10,48,58,153
05/21/2005,HRL,TX,ASW,CE,Federal Contract Tower,22,12,4,0,38,0,0,14,0,14,22,12,18,0,52,34,0,34,86
05/22/2005,HRL,TX,ASW,CE,Federal Contract Tower,22,10,5,0,37,0,0,2,0,2,22,10,7,0,39,0,0,0,39
05/23/2005,HRL,TX,ASW,CE,Federal Contract Tower,33,10,12,24,79,0,0,22,0,22,33,10,34,24,101,18,6,24,125
05/24/2005,HRL,TX,ASW,CE,Federal Contract Tower,31,10,14,4,59,0,0,12,8,20,31,10,26,12,79,14,4,18,97
05/25/2005,HRL,TX,ASW,CE,Federal Contract Tower,40,13,24,20,97,0,0,29,0,29,40,13,53,20,126,4,86,90,216
05/26/2005,HRL,TX,ASW,CE,Federal Contract Tower,35,11,10,42,98,0,0,10,0,10,35,11,20,42,108,4,188,192,300
05/27/2005,HRL,TX,ASW,CE,Federal Contract Tower,38,12,23,0,73,0,0,24,0,24,38,12,47,0,97,12,0,12,109
05/28/2005,HRL,TX,ASW,CE,Federal Contract Tower,23,12,2,0,37,0,0,15,0,15,23,12,17,0,52,0,0,0,52
05/29/2005,HRL,TX,ASW,CE,Federal Contract Tower,17,7,4,0,28,0,0,9,2,11,17,7,13,2,39,0,0,0,39
05/30/2005,HRL,TX,ASW,CE,Federal Contract Tower,19,8,7,0,34,0,0,7,0,7,19,8,14,0,41,0,0,0,41
05/31/2005,HRL,TX,ASW,CE,Federal Contract Tower,28,11,13,31,83,0,0,44,0,44,28,11,57,31,127,46,360,406,533
06/01/2005,HRL,TX,ASW,CE,Federal Contract Tower,35,12,16,14,77,0,0,14,0,14,35,12,30,14,91,20,4,24,115
06/02/2005,HRL,TX,ASW,CE,Federal Contract Tower,39,12,14,26,91,0,0,18,0,18,39,12,32,26,109,0,8,8,117
06/03/2005,HRL,TX,ASW,CE,Federal Contract Tower,33,9,24,8,74,6,0,9,0,15,39,9,33,8,89,22,20,42,131
06/04/2005,HRL,TX,ASW,CE,Federal Contract Tower,24,11,13,2,50,0,0,7,0,7,24,11,20,2,57,0,0,0,57
06/05/2005,HRL,TX,ASW,CE,Federal Contract Tower,24,11,3,10,48,0,0,11,0,11,24,11,14,10,59,0,0,0,59
06/06/2005,HRL,TX,ASW,CE,Federal Contract Tower,32,9,4,38,83,0,0,30,0,30,32,9,34,38,113,0,402,402,515
06/07/2005,HRL,TX,ASW,CE,Federal Contract Tower,38,8,5,31,82,0,0,18,0,18,38,8,23,31,100,0,226,226,326
06/08/2005,HRL,TX,ASW,CE,Federal Contract Tower,36,10,9,36,91,0,0,26,0,26,36,10,35,36,117,0,526,526,643
06/09/2005,HRL,TX,ASW,CE,Federal Contract Tower,39,13,8,19,79,0,0,25,0,25,39,13,33,19,104,10,96,106,210
06/10/2005,HRL,TX,ASW,CE,Federal Contract Tower,37,10,10,21,78,0,0,27,0,27,37,10,37,21,105,26,30,56,161
06/11/2005,HRL,TX,ASW,CE,Federal Contract Tower,27,11,2,0,40,0,0,21,2,23,27,11,23,2,63,0,0,0,63
06/12/2005,HRL,TX,ASW,CE,Federal Contract Tower,21,8,8,0,37,0,0,10,0,10,21,8,18,0,47,0,0,0,47
06/13/2005,HRL,TX,ASW,CE,Federal Contract Tower,32,12,14,15,73,0,0,32,0,32,32,12,46,15,105,0,84,84,189
06/14/2005,HRL,TX,ASW,CE,Federal Contract Tower,39,11,14,40,104,0,0,25,0,25,39,11,39,40,129,10,130,140,269
06/15/2005,HRL,TX,ASW,CE,Federal Contract Tower,39,15,9,16,79,0,0,24,1,25,39,15,33,17,104,4,162,166,270
06/16/2005,HRL,TX,ASW,CE,Federal Contract Tower,37,11,16,29,93,0,0,9,1,10,37,11,25,30,103,0,172,172,275
06/17/2005,HRL,TX,ASW,CE,Federal Contract Tower,36,14,7,12,69,0,0,18,0,18,36,14,25,12,87,8,4,12,99
06/18/2005,HRL,TX,ASW,CE,Federal Contract Tower,27,11,1,2,41,0,0,10,0,10,27,11,11,2,51,0,0,0,51
06/19/2005,HRL,TX,ASW,CE,Federal Contract Tower,23,10,4,0,37,0,0,11,0,11,23,10,15,0,48,18,0,18,66
06/20/2005,HRL,TX,ASW,CE,Federal Contract Tower,34,9,23,34,100,0,0,0,0,0,34,9,23,34,100,24,166,190,290
06/21/2005,HRL,TX,ASW,CE,Federal Contract Tower,37,11,17,29,94,0,0,17,0,17,37,11,34,29,111,10,80,90,201
06/22/2005,HRL,TX,ASW,CE,Federal Contract Tower,37,10,10,20,77,0,0,32,0,32,37,10,42,20,109,32,14,46,155
06/23/2005,HRL,TX,ASW,CE,Federal Contract Tower,37,11,13,16,77,0,0,20,0,20,37,11,33,16,97,4,6,10,107
06/24/2005,HRL,TX,ASW,CE,Federal Contract Tower,39,17,21,14,91,0,0,22,5,27,39,17,43,19,118,2,46,48,166
06/25/2005,HRL,TX,ASW,CE,Federal Contract Tower,24,13,8,0,45,0,0,18,0,18,24,13,26,0,63,0,0,0,63
06/26/2005,HRL,TX,ASW,CE,Federal Contract Tower,22,12,4,0,38,0,0,10,0,10,22,12,14,0,48,16,0,16,64
06/27/2005,HRL,TX,ASW,CE,Federal Contract Tower,32,14,14,36,96,0,0,15,0,15,32,14,29,36,111,4,104,108,219
06/28/2005,HRL,TX,ASW,CE,Federal Contract Tower,37,9,12,31,89,0,0,20,0,20,37,9,32,31,109,14,93,107,216
06/29/2005,HRL,TX,ASW,CE,Federal Contract Tower,36,11,23,16,86,0,0,17,8,25,36,11,40,24,111,8,118,126,237
06/30/2005,HRL,TX,ASW,CE,Federal Contract Tower,37,10,12,22,81,0,0,16,0,16,37,10,28,22,97,0,146,146,243
07/01/2005,HRL,TX,ASW,CE,Federal Contract Tower,37,12,15,16,80,0,0,30,0,30,37,12,45,16,110,14,10,24,134
07/02/2005,HRL,TX,ASW,CE,Federal Contract Tower,30,10,7,0,47,0,0,12,0,12,30,10,19,0,59,12,0,12,71
07/03/2005,HRL,TX,ASW,CE,Federal Contract Tower,16,9,5,0,30,0,0,10,0,10,16,9,15,0,40,0,0,0,40
07/04/2005,HRL,TX,ASW,CE,Federal Contract Tower,22,10,3,2,37,0,0,6,0,6,22,10,9,2,43,0,0,0,43
07/05/2005,HRL,TX,ASW,CE,Federal Contract Tower,29,12,8,29,78,0,0,22,0,22,29,12,30,29,100,22,82,104,204
07/06/2005,HRL,TX,ASW,CE,Federal Contract Tower,39,13,11,19,82,0,0,34,0,34,39,13,45,19,116,0,120,120,236
07/07/2005,HRL,TX,ASW,CE,Federal Contract Tower,37,12,14,18,81,0,0,37,0,37,37,12,51,18,118,4,8,12,130
07/08/2005,HRL,TX,ASW,CE,Federal Contract Tower,33,12,12,27,84,0,0,36,0,36,33,12,48,27,120,12,72,84,204
07/09/2005,HRL,TX,ASW,CE,Federal Contract Tower,28,13,10,0,51,0,0,9,0,9,28,13,19,0,60,22,0,22,82
07/10/2005,HRL,TX,ASW,CE,Federal Contract Tower,22,9,8,0,39,0,0,3,0,3,22,9,11,0,42,0,0,0,42
07/11/2005,HRL,TX,ASW,CE,Federal Contract Tower,33,9,11,28,81,0,0,33,0,33,33,9,44,28,114,4,14,18,132
07/12/2005,HRL,TX,ASW,CE,Federal Contract Tower,36,13,4,24,77,0,0,30,0,30,36,13,34,24,107,14,22,36,143
07/13/2005,HRL,TX,ASW,CE,Federal Contract Tower,37,9,9,24,79,0,0,29,0,29,37,9,38,24,108,28,88,116,224
07/14/2005,HRL,TX,ASW,CE,Federal Contract Tower,42,11,27,49,129,0,0,40,0,40,42,11,67,49,169,22,56,78,247
07/15/2005,HRL,TX,ASW,CE,Federal Contract Tower,38,11,6,18,73,0,0,28,0,28,38,11,34,18,101,0,320,320,421
07/16/2005,HRL,TX,ASW,CE,Federal Contract Tower,26,9,19,8,62,0,0,0,0,0,26,9,19,8,62,0,72,72,134
07/17/2005,HRL,TX,ASW,CE,Federal Contract Tower,21,7,2,0,30,0,0,3,0,3,21,7,5,0,33,0,0,0,33
07/18/2005,HRL,TX,ASW,CE,Federal Contract Tower,31,6,3,8,48,0,0,23,0,23,31,6,26,8,71,0,84,84,155
07/19/2005,HRL,TX,ASW,CE,Federal Contract Tower,24,4,5,0,33,0,0,4,0,4,24,4,9,0,37,0,0,0,37
07/20/2005,HRL,TX,ASW,CE,Federal Contract Tower,20,4,0,0,24,0,0,2,0,2,20,4,2,0,26,0,0,0,26
07/21/2005,HRL,TX,ASW,CE,Federal Contract Tower,37,11,10,4,62,0,0,8,0,8,37,11,18,4,70,0,0,0,70
07/22/2005,HRL,TX,ASW,CE,Federal Contract Tower,32,16,13,26,87,0,0,18,0,18,32,16,31,26,105,0,8,8,113
07/23/2005,HRL,TX,ASW,CE,Federal Contract Tower,25,14,0,10,49,0,0,7,0,7,25,14,7,10,56,0,0,0,56
07/24/2005,HRL,TX,ASW,CE,Federal Contract Tower,21,11,8,10,50,0,0,1,0,1,21,11,9,10,51,0,2,2,53
07/25/2005,HRL,TX,ASW,CE,Federal Contract Tower,29,11,10,20,70,0,0,19,0,19,29,11,29,20,89,4,70,74,163
07/26/2005,HRL,TX,ASW,CE,Federal Contract Tower,37,11,7,26,81,0,0,27,0,27,37,11,34,26,108,0,278,278,386
07/27/2005,HRL,TX,ASW,CE,Federal Contract Tower,37,12,13,46,108,0,0,31,0,31,37,12,44,46,139,16,222,238,377
07/28/2005,HRL,TX,ASW,CE,Federal Contract Tower,39,10,14,26,89,0,0,21,0,21,39,10,35,26,110,6,96,102,212
07/29/2005,HRL,TX,ASW,CE,Federal Contract Tower,33,14,2,8,57,0,0,25,0,25,33,14,27,8,82,0,0,0,82
07/30/2005,HRL,TX,ASW,CE,Federal Contract Tower,27,10,3,0,40,0,0,7,0,7,27,10,10,0,47,10,0,10,57
07/31/2005,HRL,TX,ASW,CE,Federal Contract Tower,22,10,5,0,37,0,0,15,2,17,22,10,20,2,54,0,0,0,54
08/01/2005,HRL,TX,ASW,CE,Federal Contract Tower,32,10,7,18,67,0,0,17,0,17,32,10,24,18,84,0,228,228,312
08/02/2005,HRL,TX,ASW,CE,Federal Contract Tower,31,8,10,30,79,0,0,29,0,29,31,8,39,30,108,0,212,212,320
08/03/2005,HRL,TX,ASW,CE,Federal Contract Tower,37,10,3,18,68,0,0,37,0,37,37,10,40,18,105,12,104,116,221
08/04/2005,HRL,TX,ASW,CE,Federal Contract Tower,35,14,12,30,91,0,0,23,0,23,35,14,35,30,114,4,156,160,274
08/05/2005,HRL,TX,ASW,CE,Federal Contract Tower,37,13,9,22,81,0,0,17,0,17,37,13,26,22,98,0,214,214,312
08/06/2005,HRL,TX,ASW,CE,Federal Contract Tower,26,10,12,4,52,0,0,16,0,16,26,10,28,4,68,0,4,4,72
08/07/2005,HRL,TX,ASW,CE,Federal Contract Tower,22,10,4,1,37,0,0,13,0,13,22,10,17,1,50,4,50,54,104
08/08/2005,HRL,TX,ASW,CE,Federal Contract Tower,31,12,21,18,82,0,0,10,0,10,31,12,31,18,92,6,72,78,170
08/09/2005,HRL,TX,ASW,CE,Federal Contract Tower,36,7,10,26,79,0,0,22,0,22,36,7,32,26,101,4,242,246,347
08/10/2005,HRL,TX,ASW,CE,Federal Contract Tower,39,11,20,28,98,0,0,11,0,11,39,11,31,28,109,18,92,110,219
08/11/2005,HRL,TX,ASW,CE,Federal Contract Tower,39,12,17,40,108,0,0,12,0,12,39,12,29,40,120,0,8,8,128
08/12/2005,HRL,TX,ASW,CE,Federal Contract Tower,38,13,3,19,73,0,0,33,0,33,38,13,36,19,106,0,112,112,218
08/13/2005,HRL,TX,ASW,CE,Federal Contract Tower,24,11,6,0,41,1,0,8,0,9,25,11,14,0,50,12,0,12,62
08/14/2005,HRL,TX,ASW,CE,Federal Contract Tower,21,10,1,18,50,0,0,16,0,16,21,10,17,18,66,14,10,24,90
08/15/2005,HRL,TX,ASW,CE,Federal Contract Tower,29,12,18,62,121,0,0,5,0,5,29,12,23,62,126,2,239,241,367
08/16/2005,HRL,TX,ASW,CE,Federal Contract Tower,32,9,5,47,93,0,0,30,0,30,32,9,35,47,123,0,278,278,401
08/17/2005,HRL,TX,ASW,CE,Federal Contract Tower,39,12,20,40,111,0,0,29,0,29,39,12,49,40,140,12,24,36,176
08/18/2005,HRL,TX,ASW,CE,Federal Contract Tower,37,14,8,20,79,0,0,37,0,37,37,14,45,20,116,2,16,18,134
08/19/2005,HRL,TX,ASW,CE,Federal Contract Tower,34,12,10,22,78,0,0,30,0,30,34,12,40,22,108,22,0,22,130
08/20/2005,HRL,TX,ASW,CE,Federal Contract Tower,25,12,6,2,45,0,0,29,0,29,25,12,35,2,74,18,0,18,92
08/21/2005,HRL,TX,ASW,CE,Federal Contract Tower,24,10,11,14,59,0,0,28,0,28,24,10,39,14,87,0,2,2,89
08/22/2005,HRL,TX,ASW,CE,Federal Contract Tower,33,11,9,8,61,0,0,20,0,20,33,11,29,8,81,0,16,16,97
08/23/2005,HRL,TX,ASW,CE,Federal Contract Tower,37,11,3,26,77,0,0,21,0,21,37,11,24,26,98,0,22,22,120
08/24/2005,HRL,TX,ASW,CE,Federal Contract Tower,37,10,9,32,88,0,0,35,0,35,37,10,44,32,123,26,164,190,313
08/25/2005,HRL,TX,ASW,CE,Federal Contract Tower,40,12,6,30,88,0,0,24,4,28,40,12,30,34,116,2,16,18,134
08/26/2005,HRL,TX,ASW,CE,Federal Contract Tower,36,15,11,22,84,0,0,38,0,38,36,15,49,22,122,10,98,108,230
08/27/2005,HRL,TX,ASW,CE,Federal Contract Tower,28,13,4,2,47,0,0,24,0,24,28,13,28,2,71,22,0,22,93
08/28/2005,HRL,TX,ASW,CE,Federal Contract Tower,21,9,2,2,34,0,0,19,0,19,21,9,21,2,53,6,6,12,65
08/29/2005,HRL,TX,ASW,CE,Federal Contract Tower,32,9,7,14,62,0,1,14,0,15,32,10,21,14,77,0,94,94,171
08/30/2005,HRL,TX,ASW,CE,Federal Contract Tower,37,9,2,30,78,0,0,24,0,24,37,9,26,30,102,2,138,140,242
08/31/2005,HRL,TX,ASW,CE,Federal Contract Tower,40,10,16,8,74,0,0,26,0,26,40,10,42,8,100,4,0,4,104
09/01/2005,HRL,TX,ASW,CE,Federal Contract Tower,36,13,13,16,78,0,0,8,0,8,36,13,21,16,86,2,0,2,88
09/02/2005,HRL,TX,ASW,CE,Federal Contract Tower,33,12,17,0,62,0,0,14,0,14,33,12,31,0,76,10,0,10,86
09/03/2005,HRL,TX,ASW,CE,Federal Contract Tower,26,10,5,0,41,0,0,25,0,25,26,10,30,0,66,22,0,22,88
09/04/2005,HRL,TX,ASW,CE,Federal Contract Tower,13,6,5,0,24,0,0,7,0,7,13,6,12,0,31,8,0,8,39
09/05/2005,HRL,TX,ASW,CE,Federal Contract Tower,20,10,7,2,39,0,0,16,0,16,20,10,23,2,55,0,2,2,57
09/06/2005,HRL,TX,ASW,CE,Federal Contract Tower,31,12,6,38,87,0,0,28,0,28,31,12,34,38,115,20,192,212,327
09/07/2005,HRL,TX,ASW,CE,Federal Contract Tower,39,9,5,2,55,0,0,19,0,19,39,9,24,2,74,26,0,26,100
09/08/2005,HRL,TX,ASW,CE,Federal Contract Tower,41,12,11,0,64,0,0,11,0,11,41,12,22,0,75,10,0,10,85
09/09/2005,HRL,TX,ASW,CE,Federal Contract Tower,36,12,16,22,86,0,0,14,0,14,36,12,30,22,100,4,50,54,154
09/10/2005,HRL,TX,ASW,CE,Federal Contract Tower,26,8,5,0,39,0,0,9,0,9,26,8,14,0,48,4,0,4,52
09/11/2005,HRL,TX,ASW,CE,Federal Contract Tower,22,10,5,2,39,0,0,13,0,13,22,10,18,2,52,10,0,10,62
09/12/2005,HRL,TX,ASW,CE,Federal Contract Tower,31,10,15,10,66,0,0,21,1,22,31,10,36,11,88,26,42,68,156
09/13/2005,HRL,TX,ASW,CE,Federal Contract Tower,39,11,28,14,92,0,0,17,0,17,39,11,45,14,109,36,30,66,175
09/14/2005,HRL,TX,ASW,CE,Federal Contract Tower,38,11,12,18,79,0,0,21,0,21,38,11,33,18,100,20,14,34,134
09/15/2005,HRL,TX,ASW,CE,Federal Contract Tower,41,16,15,24,96,0,0,9,0,9,41,16,24,24,105,2,68,70,175
09/16/2005,HRL,TX,ASW,CE,Federal Contract Tower,38,12,18,19,87,0,0,29,0,29,38,12,47,19,116,50,6,56,172
09/17/2005,HRL,TX,ASW,CE,Federal Contract Tower,26,6,11,0,43,0,0,18,0,18,26,6,29,0,61,34,0,34,95
09/18/2005,HRL,TX,ASW,CE,Federal Contract Tower,20,11,8,6,45,0,0,20,0,20,20,11,28,6,65,0,6,6,71
09/19/2005,HRL,TX,ASW,CE,Federal Contract Tower,32,10,19,28,89,0,0,36,0,36,32,10,55,28,125,20,110,130,255
09/20/2005,HRL,TX,ASW,CE,Federal Contract Tower,39,8,16,17,80,0,0,38,0,38,39,8,54,17,118,2,20,22,140
09/21/2005,HRL,TX,ASW,CE,Federal Contract Tower,37,10,34,0,81,0,0,6,0,6,37,10,40,0,87,16,0,16,103
09/22/2005,HRL,TX,ASW,CE,Federal Contract Tower,40,12,11,2,65,0,0,29,0,29,40,12,40,2,94,22,16,38,132
09/23/2005,HRL,TX,ASW,CE,Federal Contract Tower,29,2,8,0,39,0,0,20,0,20,29,2,28,0,59,20,0,20,79
09/24/2005,HRL,TX,ASW,CE,Federal Contract Tower,19,1,1,0,21,0,0,8,0,8,19,1,9,0,29,0,0,0,29
09/25/2005,HRL,TX,ASW,CE,Federal Contract Tower,23,2,0,0,25,0,0,12,0,12,23,2,12,0,37,0,0,0,37
09/26/2005,HRL,TX,ASW,CE,Federal Contract Tower,34,12,5,30,81,0,0,20,0,20,34,12,25,30,101,0,20,20,121
09/27/2005,HRL,TX,ASW,CE,Federal Contract Tower,39,12,13,6,70,0,0,19,0,19,39,12,32,6,89,22,4,26,115
09/28/2005,HRL,TX,ASW,CE,Federal Contract Tower,37,9,10,20,76,0,0,24,0,24,37,9,34,20,100,20,46,66,166
09/29/2005,HRL,TX,ASW,CE,Federal Contract Tower,36,11,8,42,97,0,0,27,0,27,36,11,35,42,124,24,210,234,358
09/30/2005,HRL,TX,ASW,CE,Federal Contract Tower,36,11,8,14,69,0,0,47,0,47,36,11,55,14,116,8,72,80,196
10/01/2005,HRL,TX,ASW,CE,Federal Contract Tower,24,13,3,0,40,0,0,24,0,24,24,13,27,0,64,10,0,10,74
10/02/2005,HRL,TX,ASW,CE,Federal Contract Tower,22,10,4,0,36,0,0,12,0,12,22,10,16,0,48,0,0,0,48
10/03/2005,HRL,TX,ASW,CE,Federal Contract Tower,35,10,14,20,79,0,0,12,0,12,35,10,26,20,91,24,46,70,161
10/04/2005,HRL,TX,ASW,CE,Federal Contract Tower,42,13,15,18,88,0,0,1,0,1,42,13,16,18,89,8,14,22,111
10/05/2005,HRL,TX,ASW,CE,Federal Contract Tower,36,15,8,36,95,0,0,13,0,13,36,15,21,36,108,6,8,14,122
10/06/2005,HRL,TX,ASW,CE,Federal Contract Tower,43,14,22,40,119,0,0,15,0,15,43,14,37,40,134,60,124,184,318
10/07/2005,HRL,TX,ASW,CE,Federal Contract Tower,36,12,11,24,83,0,0,18,0,18,36,12,29,24,101,2,78,80,181
10/08/2005,HRL,TX,ASW,CE,Federal Contract Tower,23,10,9,0,42,0,0,19,0,19,23,10,28,0,61,12,0,12,73
10/09/2005,HRL,TX,ASW,CE,Federal Contract Tower,23,13,3,4,43,0,0,14,0,14,23,13,17,4,57,0,0,0,57
10/10/2005,HRL,TX,ASW,CE,Federal Contract Tower,30,11,4,6,51,0,0,42,0,42,30,11,46,6,93,4,0,4,97
10/11/2005,HRL,TX,ASW,CE,Federal Contract Tower,41,11,10,2,64,0,0,8,0,8,41,11,18,2,72,16,2,18,90
10/12/2005,HRL,TX,ASW,CE,Federal Contract Tower,43,13,25,25,106,0,0,0,0,0,43,13,25,25,106,6,48,54,160
10/13/2005,HRL,TX,ASW,CE,Federal Contract Tower,33,10,20,26,89,0,0,14,0,14,33,10,34,26,103,48,82,130,233
10/14/2005,HRL,TX,ASW,CE,Federal Contract Tower,37,12,14,22,85,0,0,23,0,23,37,12,37,22,108,50,20,70,178
10/15/2005,HRL,TX,ASW,CE,Federal Contract Tower,22,11,7,0,40,0,0,8,0,8,22,11,15,0,48,10,0,10,58
10/16/2005,HRL,TX,ASW,CE,Federal Contract Tower,24,10,11,8,53,0,0,7,0,7,24,10,18,8,60,4,10,14,74
10/17/2005,HRL,TX,ASW,CE,Federal Contract Tower,33,11,11,28,83,0,0,23,0,23,33,11,34,28,106,24,26,50,156
10/18/2005,HRL,TX,ASW,CE,Federal Contract Tower,35,10,14,20,79,0,0,12,0,12,35,10,26,20,91,24,46,70,161
10/19/2005,HRL,TX,ASW,CE,Federal Contract Tower,37,11,19,26,93,0,0,16,0,16,37,11,35,26,109,12,42,54,163
10/20/2005,HRL,TX,ASW,CE,Federal Contract Tower,34,11,19,18,82,0,0,21,0,21,34,11,40,18,103,18,6,24,127
10/21/2005,HRL,TX,ASW,CE,Federal Contract Tower,36,12,9,6,63,0,0,29,0,29,36,12,38,6,92,30,14,44,136
10/22/2005,HRL,TX,ASW,CE,Federal Contract Tower,22,10,8,0,40,0,0,21,0,21,22,10,29,0,61,24,0,24,85
10/23/2005,HRL,TX,ASW,CE,Federal Contract Tower,21,10,19,2,52,0,0,0,0,0,21,10,19,2,52,8,4,12,64
10/24/2005,HRL,TX,ASW,CE,Federal Contract Tower,31,11,22,34,98,0,0,14,0,14,31,11,36,34,112,14,4,18,130
10/25/2005,HRL,TX,ASW,CE,Federal Contract Tower,37,11,8,33,89,0,0,29,0,29,37,11,37,33,118,16,40,56,174
10/26/2005,HRL,TX,ASW,CE,Federal Contract Tower,39,9,8,22,78,0,0,49,0,49,39,9,57,22,127,8,186,194,321
10/27/2005,HRL,TX,ASW,CE,Federal Contract Tower,36,13,11,12,72,0,0,13,0,13,36,13,24,12,85,2,6,8,93
10/28/2005,HRL,TX,ASW,CE,Federal Contract Tower,35,12,8,10,65,0,0,30,0,30,35,12,38,10,95,32,8,40,135
10/29/2005,HRL,TX,ASW,CE,Federal Contract Tower,22,10,9,0,41,0,0,14,0,14,22,10,23,0,55,2,0,2,57
10/30/2005,HRL,TX,ASW,CE,Federal Contract Tower,20,9,3,2,34,0,0,21,0,21,20,9,24,2,55,4,2,6,61
10/31/2005,HRL,TX,ASW,CE,Federal Contract Tower,29,11,34,32,106,0,0,1,0,1,29,11,35,32,107,32,92,124,231
11/01/2005,HRL,TX,ASW,CE,Federal Contract Tower,38,10,15,16,79,0,0,19,0,19,38,10,34,16,98,34,10,44,142
11/02/2005,HRL,TX,ASW,CE,Federal Contract Tower,38,11,12,23,84,0,0,26,0,26,38,11,38,23,110,58,176,234,344
11/03/2005,HRL,TX,ASW,CE,Federal Contract Tower,39,11,8,12,70,0,0,23,2,25,39,11,31,14,95,30,0,30,125
11/04/2005,HRL,TX,ASW,CE,Federal Contract Tower,36,13,8,14,71,0,0,35,0,35,36,13,43,14,106,16,4,20,126
11/05/2005,HRL,TX,ASW,CE,Federal Contract Tower,19,12,3,0,34,0,0,14,0,14,19,12,17,0,48,0,0,0,48
11/06/2005,HRL,TX,ASW,CE,Federal Contract Tower,19,11,2,2,34,0,0,9,0,9,19,11,11,2,43,20,12,32,75
11/07/2005,HRL,TX,ASW,CE,Federal Contract Tower,31,11,11,4,57,0,0,6,0,6,31,11,17,4,63,12,8,20,83
11/08/2005,HRL,TX,ASW,CE,Federal Contract Tower,35,11,9,4,59,0,0,18,0,18,35,11,27,4,77,0,214,214,291
11/09/2005,HRL,TX,ASW,CE,Federal Contract Tower,33,13,2,11,59,0,0,44,3,47,33,13,46,14,106,8,194,202,308
11/10/2005,HRL,TX,ASW,CE,Federal Contract Tower,35,11,5,33,84,0,0,30,3,33,35,11,35,36,117,2,68,70,187
11/11/2005,HRL,TX,ASW,CE,Federal Contract Tower,34,10,8,3,55,0,0,23,3,26,34,10,31,6,81,4,12,16,97
11/12/2005,HRL,TX,ASW,CE,Federal Contract Tower,15,10,1,0,26,0,0,10,0,10,15,10,11,0,36,0,0,0,36
11/13/2005,HRL,TX,ASW,CE,Federal Contract Tower,23,13,0,2,38,0,0,26,0,26,23,13,26,2,64,6,0,6,70
11/14/2005,HRL,TX,ASW,CE,Federal Contract Tower,30,11,11,8,60,0,0,21,0,21,30,11,32,8,81,0,8,8,89
11/15/2005,HRL,TX,ASW,CE,Federal Contract Tower,32,9,26,28,95,0,0,14,0,14,32,9,40,28,109,2,182,184,293
11/16/2005,HRL,TX,ASW,CE,Federal Contract Tower,37,9,9,14,69,0,0,33,5,38,37,9,42,19,107,0,142,142,249
11/17/2005,HRL,TX,ASW,CE,Federal Contract Tower,39,12,10,11,72,0,0,23,3,26,39,12,33,14,98,17,160,177,275
11/18/2005,HRL,TX,ASW,CE,Federal Contract Tower,38,14,18,6,76,0,0,19,0,19,38,14,37,6,95,4,18,22,117
11/19/2005,HRL,TX,ASW,CE,Federal Contract Tower,19,12,3,0,34,0,0,14,0,14,19,12,17,0,48,10,0,10,58
11/20/2005,HRL,TX,ASW,CE,Federal Contract Tower,21,13,14,0,48,0,0,19,0,19,21,13,33,0,67,0,0,0,67
11/21/2005,HRL,TX,ASW,CE,Federal Contract Tower,33,8,3,16,60,0,0,23,0,23,33,8,26,16,83,16,116,132,215
11/22/2005,HRL,TX,ASW,CE,Federal Contract Tower,40,11,8,14,73,0,0,18,0,18,40,11,26,14,91,32,285,317,408
11/23/2005,HRL,TX,ASW,CE,Federal Contract Tower,38,10,10,8,66,0,0,35,0,35,38,10,45,8,101,56,52,108,209
11/24/2005,HRL,TX,ASW,CE,Federal Contract Tower,13,6,2,0,21,0,0,10,0,10,13,6,12,0,31,2,0,2,33
11/25/2005,HRL,TX,ASW,CE,Federal Contract Tower,30,9,3,0,42,0,0,23,0,23,30,9,26,0,65,6,0,6,71
11/26/2005,HRL,TX,ASW,CE,Federal Contract Tower,16,10,0,0,26,0,0,9,0,9,16,10,9,0,35,0,0,0,35
11/27/2005,HRL,TX,ASW,CE,Federal Contract Tower,22,13,7,0,42,0,0,12,0,12,22,13,19,0,54,0,0,0,54
11/28/2005,HRL,TX,ASW,CE,Federal Contract Tower,34,10,19,14,77,0,0,13,0,13,34,10,32,14,90,70,12,82,172
11/29/2005,HRL,TX,ASW,CE,Federal Contract Tower,36,11,16,20,83,0,0,35,0,35,36,11,51,20,118,20,88,108,226
11/30/2005,HRL,TX,ASW,CE,Federal Contract Tower,36,9,11,11,67,0,0,44,3,47,36,9,55,14,114,50,122,172,286
12/01/2005,HRL,TX,ASW,CE,Federal Contract Tower,40,13,7,21,81,0,0,22,0,22,40,13,29,21,103,11,166,177,280
12/02/2005,HRL,TX,ASW,CE,Federal Contract Tower,38,10,18,4,70,0,0,18,13,31,38,10,36,17,101,68,94,162,263
12/03/2005,HRL,TX,ASW,CE,Federal Contract Tower,20,10,13,2,45,0,0,5,6,11,20,10,18,8,56,0,4,4,60
12/04/2005,HRL,TX,ASW,CE,Federal Contract Tower,21,10,19,9,59,0,0,3,0,3,21,10,22,9,62,10,166,176,238
12/05/2005,HRL,TX,ASW,CE,Federal Contract Tower,32,11,12,8,63,0,0,23,0,23,32,11,35,8,86,12,72,84,170
12/06/2005,HRL,TX,ASW,CE,Federal Contract Tower,38,7,7,11,63,0,0,31,0,31,38,7,38,11,94,24,256,280,374
12/07/2005,HRL,TX,ASW,CE,Federal Contract Tower,36,10,7,24,77,0,0,14,0,14,36,10,21,24,91,14,69,83,174
12/08/2005,HRL,TX,ASW,CE,Federal Contract Tower,37,14,13,4,68,0,0,3,0,3,37,14,16,4,71,0,12,12,83
12/09/2005,HRL,TX,ASW,CE,Federal Contract Tower,41,10,7,2,60,0,0,18,0,18,41,10,25,2,78,12,0,12,90
12/10/2005,HRL,TX,ASW,CE,Federal Contract Tower,17,12,13,0,42,0,0,3,0,3,17,12,16,0,45,14,0,14,59
12/11/2005,HRL,TX,ASW,CE,Federal Contract Tower,22,13,13,0,48,0,0,13,0,13,22,13,26,0,61,0,0,0,61
12/12/2005,HRL,TX,ASW,CE,Federal Contract Tower,35,10,33,2,80,0,0,7,19,26,35,10,40,21,106,28,242,270,376
12/13/2005,HRL,TX,ASW,CE,Federal Contract Tower,32,9,15,22,78,0,0,16,0,16,32,9,31,22,94,14,100,114,208
12/14/2005,HRL,TX,ASW,CE,Federal Contract Tower,41,13,23,18,95,0,0,23,0,23,41,13,46,18,118,2,0,2,120
12/15/2005,HRL,TX,ASW,CE,Federal Contract Tower,36,13,9,12,70,0,0,35,6,41,36,13,44,18,111,74,202,276,387
12/16/2005,HRL,TX,ASW,CE,Federal Contract Tower,35,15,9,10,69,0,0,13,0,13,35,15,22,10,82,4,8,12,94
12/17/2005,HRL,TX,ASW,CE,Federal Contract Tower,27,9,4,2,42,0,0,0,0,0,27,9,4,2,42,0,0,0,42
12/18/2005,HRL,TX,ASW,CE,Federal Contract Tower,22,12,1,0,35,0,0,8,0,8,22,12,9,0,43,0,0,0,43
12/19/2005,HRL,TX,ASW,CE,Federal Contract Tower,32,11,8,22,73,0,0,15,0,15,32,11,23,22,88,16,130,146,234
12/20/2005,HRL,TX,ASW,CE,Federal Contract Tower,37,11,14,20,82,0,0,16,0,16,37,11,30,20,98,22,168,190,288
12/21/2005,HRL,TX,ASW,CE,Federal Contract Tower,37,12,12,6,67,0,0,25,0,25,37,12,37,6,92,16,8,24,116
12/22/2005,HRL,TX,ASW,CE,Federal Contract Tower,38,13,8,6,65,0,2,19,0,21,38,15,27,6,86,2,2,4,90
12/23/2005,HRL,TX,ASW,CE,Federal Contract Tower,32,15,6,2,55,0,0,9,0,9,32,15,15,2,64,6,24,30,94
12/24/2005,HRL,TX,ASW,CE,Federal Contract Tower,21,9,2,0,32,0,0,11,0,11,21,9,13,0,43,0,0,0,43
12/25/2005,HRL,TX,ASW,CE,Federal Contract Tower,20,9,2,0,31,0,0,8,0,8,20,9,10,0,39,0,0,0,39
12/26/2005,HRL,TX,ASW,CE,Federal Contract Tower,26,12,13,0,51,0,0,18,0,18,26,12,31,0,69,8,0,8,77
12/27/2005,HRL,TX,ASW,CE,Federal Contract Tower,33,11,13,0,57,0,0,20,0,20,33,11,33,0,77,4,0,4,81
12/28/2005,HRL,TX,ASW,CE,Federal Contract Tower,36,10,12,8,66,0,0,16,4,20,36,10,28,12,86,10,36,46,132
12/29/2005,HRL,TX,ASW,CE,Federal Contract Tower,41,12,7,6,66,0,1,16,2,19,41,13,23,8,85,26,0,26,111
12/30/2005,HRL,TX,ASW,CE,Federal Contract Tower,38,15,11,0,64,0,0,15,0,15,38,15,26,0,79,0,0,0,79
12/31/2005,HRL,TX,ASW,CE,Federal Contract Tower,19,6,5,0,30,0,0,11,0,11,19,6,16,0,41,6,0,6,47
01/01/2006,HRL,TX,ASW,CE,Federal Contract Tower,22,13,3,0,38,0,0,4,0,4,22,13,7,0,42,0,0,0,42
01/02/2006,HRL,TX,ASW,CE,Federal Contract Tower,26,8,7,0,41,0,0,20,0,20,26,8,27,0,61,0,0,0,61
01/03/2006,HRL,TX,ASW,CE,Federal Contract Tower,35,17,10,5,67,0,0,14,0,14,35,17,24,5,81,0,12,12,93
01/04/2006,HRL,TX,ASW,CE,Federal Contract Tower,40,10,14,4,68,0,0,18,0,18,40,10,32,4,86,14,6,20,106
01/05/2006,HRL,TX,ASW,CE,Federal Contract Tower,39,17,8,14,78,0,0,25,0,25,39,17,33,14,103,28,322,350,453
01/06/2006,HRL,TX,ASW,CE,Federal Contract Tower,36,13,7,6,62,0,0,19,0,19,36,13,26,6,81,38,114,152,233
01/07/2006,HRL,TX,ASW,CE,Federal Contract Tower,17,10,8,0,35,0,0,14,0,14,17,10,22,0,49,16,0,16,65
01/08/2006,HRL,TX,ASW,CE,Federal Contract Tower,22,11,11,0,44,0,0,17,0,17,22,11,28,0,61,0,0,0,61
01/09/2006,HRL,TX,ASW,CE,Federal Contract Tower,33,27,14,24,98,0,0,22,0,22,33,27,36,24,120,24,24,48,168
01/10/2006,HRL,TX,ASW,CE,Federal Contract Tower,39,16,6,23,84,0,1,18,0,19,39,17,24,23,103,0,46,46,149
01/11/2006,HRL,TX,ASW,CE,Federal Contract Tower,38,9,7,19,73,0,0,38,0,38,38,9,45,19,111,18,30,48,159
01/12/2006,HRL,TX,ASW,CE,Federal Contract Tower,40,12,10,36,98,0,0,22,0,22,40,12,32,36,120,2,128,130,250
01/13/2006,HRL,TX,ASW,CE,Federal Contract Tower,35,15,10,10,70,0,0,29,1,30,35,15,39,11,100,24,26,50,150
01/14/2006,HRL,TX,ASW,CE,Federal Contract Tower,16,10,3,0,29,0,0,34,0,34,16,10,37,0,63,14,0,14,77
01/15/2006,HRL,TX,ASW,CE,Federal Contract Tower,19,12,2,1,34,0,0,17,0,17,19,12,19,1,51,12,18,30,81
01/16/2006,HRL,TX,ASW,CE,Federal Contract Tower,28,11,5,2,46,0,0,16,0,16,28,11,21,2,62,20,0,20,82
01/17/2006,HRL,TX,ASW,CE,Federal Contract Tower,37,10,9,8,64,0,0,22,0,22,37,10,31,8,86,2,6,8,94
01/18/2006,HRL,TX,ASW,CE,Federal Contract Tower,38,13,13,18,82,0,0,33,0,33,38,13,46,18,115,8,10,18,133
01/19/2006,HRL,TX,ASW,CE,Federal Contract Tower,39,11,5,22,77,0,0,14,0,14,39,11,19,22,91,0,38,38,129
01/20/2006,HRL,TX,ASW,CE,Federal Contract Tower,36,11,11,14,72,0,2,11,4,17,36,13,22,18,89,2,0,2,91
01/21/2006,HRL,TX,ASW,CE,Federal Contract Tower,16,12,9,0,37,0,0,1,0,1,16,12,10,0,38,0,0,0,38
01/22/2006,HRL,TX,ASW,CE,Federal Contract Tower,21,10,20,0,51,0,0,2,0,2,21,10,22,0,53,0,0,0,53
01/23/2006,HRL,TX,ASW,CE,Federal Contract Tower,28,7,25,25,85,0,0,4,0,4,28,7,29,25,89,24,150,174,263
01/24/2006,HRL,TX,ASW,CE,Federal Contract Tower,37,10,11,30,88,0,0,35,0,35,37,10,46,30,123,4,190,194,317
01/25/2006,HRL,TX,ASW,CE,Federal Contract Tower,36,11,6,32,85,0,0,49,0,49,36,11,55,32,134,32,206,238,372
01/26/2006,HRL,TX,ASW,CE,Federal Contract Tower,41,11,8,16,76,0,0,38,0,38,41,11,46,16,114,16,46,62,176
01/27/2006,HRL,TX,ASW,CE,Federal Contract Tower,36,14,13,8,71,0,0,24,0,24,36,14,37,8,95,22,4,26,121
01/28/2006,HRL,TX,ASW,CE,Federal Contract Tower,16,11,4,0,31,0,0,8,0,8,16,11,12,0,39,0,0,0,39
01/29/2006,HRL,TX,ASW,CE,Federal Contract Tower,20,8,9,0,37,0,0,27,0,27,20,8,36,0,64,24,0,24,88
01/30/2006,HRL,TX,ASW,CE,Federal Contract Tower,35,11,13,2,61,0,0,26,0,26,35,11,39,2,87,56,2,58,145
01/31/2006,HRL,TX,ASW,CE,Federal Contract Tower,39,12,7,40,98,0,0,42,0,42,39,12,49,40,140,16,148,164,304
02/01/2006,HRL,TX,ASW,CE,Federal Contract Tower,38,11,13,24,86,0,0,28,0,28,38,11,41,24,114,30,182,212,326
02/02/2006,HRL,TX,ASW,CE,Federal Contract Tower,37,19,12,33,101,0,0,29,9,38,37,19,41,42,139,2,306,308,447
02/03/2006,HRL,TX,ASW,CE,Federal Contract Tower,39,15,11,4,69,0,0,17,0,17,39,15,28,4,86,18,18,36,122
02/04/2006,HRL,TX,ASW,CE,Federal Contract Tower,16,9,3,0,28,0,0,20,0,20,16,9,23,0,48,14,0,14,62
02/05/2006,HRL,TX,ASW,CE,Federal Contract Tower,22,10,14,8,54,0,0,14,0,14,22,10,28,8,68,92,0,92,160
02/06/2006,HRL,TX,ASW,CE,Federal Contract Tower,34,15,3,12,64,0,0,25,0,25,34,15,28,12,89,24,493,517,606
02/07/2006,HRL,TX,ASW,CE,Federal Contract Tower,39,12,12,20,83,0,0,47,0,47,39,12,59,20,130,26,12,38,168
02/08/2006,HRL,TX,ASW,CE,Federal Contract Tower,39,10,12,12,73,0,0,31,0,31,39,10,43,12,104,26,2,28,132
02/09/2006,HRL,TX,ASW,CE,Federal Contract Tower,40,15,7,16,78,0,2,36,0,38,40,17,43,16,116,54,20,74,190
02/10/2006,HRL,TX,ASW,CE,Federal Contract Tower,37,14,5,6,62,0,0,24,0,24,37,14,29,6,86,34,28,62,148
02/11/2006,HRL,TX,ASW,CE,Federal Contract Tower,22,11,11,0,44,0,0,16,0,16,22,11,27,0,60,0,0,0,60
02/12/2006,HRL,TX,ASW,CE,Federal Contract Tower,23,16,28,0,67,0,0,15,0,15,23,16,43,0,82,34,0,34,116
02/13/2006,HRL,TX,ASW,CE,Federal Contract Tower,34,11,14,1,60,0,0,23,0,23,34,11,37,1,83,27,74,101,184
02/14/2006,HRL,TX,ASW,CE,Federal Contract Tower,41,11,5,21,78,0,0,24,0,24,41,11,29,21,102,6,42,48,150
02/15/2006,HRL,TX,ASW,CE,Federal Contract Tower,41,14,8,16,79,0,0,36,0,36,41,14,44,16,115,2,30,32,147
02/16/2006,HRL,TX,ASW,CE,Federal Contract Tower,43,12,6,18,79,387,0,20,0,407,430,12,26,18,486,2,18,20,506
02/17/2006,HRL,TX,ASW,CE,Federal Contract Tower,36,14,21,8,79,0,0,10,0,10,36,14,31,8,89,0,0,0,89
02/18/2006,HRL,TX,ASW,CE,Federal Contract Tower,23,11,11,2,47,0,0,1,0,1,23,11,12,2,48,0,0,0,48
02/19/2006,HRL,TX,ASW,CE,Federal Contract Tower,25,12,6,0,43,0,0,0,0,0,25,12,6,0,43,0,0,0,43
02/20/2006,HRL,TX,ASW,CE,Federal Contract Tower,32,12,18,2,64,0,0,9,0,9,32,12,27,2,73,44,0,44,117
02/21/2006,HRL,TX,ASW,CE,Federal Contract Tower,40,18,20,11,89,0,0,9,0,9,40,18,29,11,98,4,20,24,122
02/22/2006,HRL,TX,ASW,CE,Federal Contract Tower,36,7,6,18,67,0,0,26,0,26,36,7,32,18,93,42,44,86,179
02/23/2006,HRL,TX,ASW,CE,Federal Contract Tower,36,12,18,0,66,0,0,0,0,0,36,12,18,0,66,0,0,0,66
02/24/2006,HRL,TX,ASW,CE,Federal Contract Tower,40,11,15,14,80,0,1,8,0,9,40,12,23,14,89,36,54,90,179
02/25/2006,HRL,TX,ASW,CE,Federal Contract Tower,23,13,7,1,44,0,0,18,1,19,23,13,25,2,63,4,8,12,75
02/26/2006,HRL,TX,ASW,CE,Federal Contract Tower,22,11,2,6,41,0,0,17,0,17,22,11,19,6,58,0,0,0,58
02/27/2006,HRL,TX,ASW,CE,Federal Contract Tower,32,10,4,17,63,0,0,24,0,24,32,10,28,17,87,24,181,205,292
02/28/2006,HRL,TX,ASW,CE,Federal Contract Tower,41,13,5,22,81,0,0,37,5,42,41,13,42,27,123,20,136,156,279
03/01/2006,HRL,TX,ASW,CE,Federal Contract Tower,38,16,7,14,75,342,1,46,3,392,380,17,53,17,467,74,160,234,701
03/02/2006,HRL,TX,ASW,CE,Federal Contract Tower,41,17,6,23,87,0,0,29,0,29,41,17,35,23,116,16,52,68,184
03/03/2006,HRL,TX,ASW,CE,Federal Contract Tower,37,10,8,16,71,0,3,17,0,20,37,13,25,16,91,4,4,8,99
03/04/2006,HRL,TX,ASW,CE,Federal Contract Tower,22,10,3,0,35,0,6,15,0,21,22,16,18,0,56,0,0,0,56
03/05/2006,HRL,TX,ASW,CE,Federal Contract Tower,21,10,6,8,45,0,0,10,0,10,21,10,16,8,55,0,0,0,55
03/06/2006,HRL,TX,ASW,CE,Federal Contract Tower,33,10,11,30,84,0,0,18,0,18,33,10,29,30,102,50,72,122,224
03/07/2006,HRL,TX,ASW,CE,Federal Contract Tower,39,12,11,20,82,0,0,23,0,23,39,12,34,20,105,12,4,16,121
03/08/2006,HRL,TX,ASW,CE,Federal Contract Tower,39,12,8,20,79,0,0,10,0,10,39,12,18,20,89,6,144,150,239
03/09/2006,HRL,TX,ASW,CE,Federal Contract Tower,38,12,30,8,88,0,0,0,0,0,38,12,30,8,88,2,12,14,102
03/10/2006,HRL,TX,ASW,CE,Federal Contract Tower,35,11,9,3,58,0,3,19,1,23,35,14,28,4,81,50,0,50,131
03/11/2006,HRL,TX,ASW,CE,Federal Contract Tower,24,11,8,0,43,0,0,16,0,16,24,11,24,0,59,0,0,0,59
03/12/2006,HRL,TX,ASW,CE,Federal Contract Tower,22,10,3,10,45,0,0,18,0,18,22,10,21,10,63,0,0,0,63
03/13/2006,HRL,TX,ASW,CE,Federal Contract Tower,31,15,1,31,78,0,0,22,0,22,31,15,23,31,100,20,188,208,308
03/14/2006,HRL,TX,ASW,CE,Federal Contract Tower,39,14,7,17,77,0,0,28,0,28,39,14,35,17,105,4,75,79,184
03/15/2006,HRL,TX,ASW,CE,Federal Contract Tower,37,13,18,6,74,0,0,18,0,18,37,13,36,6,92,8,32,40,132
03/16/2006,HRL,TX,ASW,CE,Federal Contract Tower,41,10,29,15,95,0,0,0,0,0,41,10,29,15,95,8,98,106,201
03/17/2006,HRL,TX,ASW,CE,Federal Contract Tower,36,11,15,16,78,0,3,9,0,12,36,14,24,16,90,0,108,108,198
03/18/2006,HRL,TX,ASW,CE,Federal Contract Tower,25,10,6,8,49,0,5,8,0,13,25,15,14,8,62,0,0,0,62
03/19/2006,HRL,TX,ASW,CE,Federal Contract Tower,22,10,4,14,50,0,0,8,0,8,22,10,12,14,58,0,50,50,108
03/20/2006,HRL,TX,ASW,CE,Federal Contract Tower,28,10,9,20,67,0,0,31,0,31,28,10,40,20,98,16,88,104,202
03/21/2006,HRL,TX,ASW,CE,Federal Contract Tower,42,10,5,14,71,0,3,35,2,40,42,13,40,16,111,8,193,201,312
03/22/2006,HRL,TX,ASW,CE,Federal Contract Tower,37,12,15,24,88,0,0,28,0,28,37,12,43,24,116,4,160,164,280
03/23/2006,HRL,TX,ASW,CE,Federal Contract Tower,40,14,15,6,75,0,0,10,0,10,40,14,25,6,85,16,6,22,107
03/24/2006,HRL,TX,ASW,CE,Federal Contract Tower,39,13,7,18,77,0,6,41,0,47,39,19,48,18,124,20,6,26,150
03/25/2006,HRL,TX,ASW,CE,Federal Contract Tower,23,11,5,2,41,0,0,27,0,27,23,11,32,2,68,4,8,12,80
03/26/2006,HRL,TX,ASW,CE,Federal Contract Tower,25,11,12,5,53,0,0,9,0,9,25,11,21,5,62,2,8,10,72
03/27/2006,HRL,TX,ASW,CE,Federal Contract Tower,32,14,11,41,98,0,0,24,0,24,32,14,35,41,122,20,222,242,364
03/28/2006,HRL,TX,ASW,CE,Federal Contract Tower,36,11,10,16,73,0,0,18,0,18,36,11,28,16,91,24,6,30,121
03/29/2006,HRL,TX,ASW,CE,Federal Contract Tower,41,11,11,20,83,0,0,22,0,22,41,11,33,20,105,12,88,100,205
03/30/2006,HRL,TX,ASW,CE,Federal Contract Tower,40,13,12,15,80,0,0,9,0,9,40,13,21,15,89,0,50,50,139
03/31/2006,HRL,TX,ASW,CE,Federal Contract Tower,38,12,13,7,70,0,0,19,0,19,38,12,32,7,89,0,56,56,145
04/01/2006,HRL,TX,ASW,CE,Federal Contract Tower,22,10,3,0,35,0,1,13,0,14,22,11,16,0,49,0,0,0,49
04/02/2006,HRL,TX,ASW,CE,Federal Contract Tower,25,13,14,0,52,0,0,10,0,10,25,13,24,0,62,4,1,5,67
04/03/2006,HRL,TX,ASW,CE,Federal Contract Tower,37,11,11,14,73,0,0,24,0,24,37,11,35,14,97,20,72,92,189
04/04/2006,HRL,TX,ASW,CE,Federal Contract Tower,40,15,12,32,99,0,0,21,0,21,40,15,33,32,120,0,154,154,274
04/05/2006,HRL,TX,ASW,CE,Federal Contract Tower,35,13,14,25,87,0,0,24,5,29,35,13,38,30,116,12,119,131,247
04/06/2006,HRL,TX,ASW,CE,Federal Contract Tower,40,12,6,34,92,0,0,18,0,18,40,12,24,34,110,4,104,108,218
04/07/2006,HRL,TX,ASW,CE,Federal Contract Tower,38,12,13,10,73,0,2,25,2,29,38,14,38,12,102,24,130,154,256
04/08/2006,HRL,TX,ASW,CE,Federal Contract Tower,24,11,12,0,47,0,0,28,0,28,24,11,40,0,75,30,0,30,105
04/09/2006,HRL,TX,ASW,CE,Federal Contract Tower,25,10,6,7,48,0,0,17,0,17,25,10,23,7,65,27,24,51,116
04/10/2006,HRL,TX,ASW,CE,Federal Contract Tower,30,14,4,6,54,0,0,24,0,24,30,14,28,6,78,12,55,67,145
04/11/2006,HRL,TX,ASW,CE,Federal Contract Tower,38,11,11,6,66,0,0,28,0,28,38,11,39,6,94,4,2,6,100
04/12/2006,HRL,TX,ASW,CE,Federal Contract Tower,40,11,23,6,80,0,0,31,0,31,40,11,54,6,111,56,66,122,233
04/13/2006,HRL,TX,ASW,CE,Federal Contract Tower,38,10,12,21,81,0,0,33,0,33,38,10,45,21,114,2,48,50,164
04/14/2006,HRL,TX,ASW,CE,Federal Contract Tower,35,11,8,2,56,0,0,33,0,33,35,11,41,2,89,32,0,32,121
04/15/2006,HRL,TX,ASW,CE,Federal Contract Tower,22,10,3,1,36,0,0,13,1,14,22,10,16,2,50,10,0,10,60
04/16/2006,HRL,TX,ASW,CE,Federal Contract Tower,21,11,2,2,36,0,0,14,0,14,21,11,16,2,50,0,0,0,50
04/17/2006,HRL,TX,ASW,CE,Federal Contract Tower,32,12,8,18,70,0,0,35,0,35,32,12,43,18,105,0,132,132,237
04/18/2006,HRL,TX,ASW,CE,Federal Contract Tower,41,21,5,15,82,0,0,32,6,38,41,21,37,21,120,0,163,163,283
04/19/2006,HRL,TX,ASW,CE,Federal Contract Tower,37,17,28,22,104,0,0,16,0,16,37,17,44,22,120,10,160,170,290
04/20/2006,HRL,TX,ASW,CE,Federal Contract Tower,39,11,21,32,103,0,0,12,0,12,39,11,33,32,115,22,56,78,193
04/21/2006,HRL,TX,ASW,CE,Federal Contract Tower,37,14,8,9,68,0,3,22,0,25,37,17,30,9,93,94,128,222,315
04/22/2006,HRL,TX,ASW,CE,Federal Contract Tower,22,10,2,0,34,0,3,11,0,14,22,13,13,0,48,162,0,162,210
04/23/2006,HRL,TX,ASW,CE,Federal Contract Tower,23,11,4,0,38,0,0,17,0,17,23,11,21,0,55,162,0,162,217
04/24/2006,HRL,TX,ASW,CE,Federal Contract Tower,33,12,11,18,74,0,1,13,0,14,33,13,24,18,88,6,196,202,290
04/25/2006,HRL,TX,ASW,CE,Federal Contract Tower,39,11,5,9,64,0,0,36,1,37,39,11,41,10,101,0,58,58,159
04/26/2006,HRL,TX,ASW,CE,Federal Contract Tower,38,16,10,12,76,0,4,26,6,36,38,20,36,18,112,42,0,42,154
04/27/2006,HRL,TX,ASW,CE,Federal Contract Tower,38,9,18,25,90,0,0,26,0,26,38,9,44,25,116,6,15,21,137
04/28/2006,HRL,TX,ASW,CE,Federal Contract Tower,38,12,7,9,66,0,0,20,0,20,38,12,27,9,86,18,26,44,130
04/29/2006,HRL,TX,ASW,CE,Federal Contract Tower,22,14,2,2,40,0,0,28,0,28,22,14,30,2,68,24,10,34,102
04/30/2006,HRL,TX,ASW,CE,Federal Contract Tower,22,10,1,2,35,0,0,14,0,14,22,10,15,2,49,0,0,0,49
05/01/2006,HRL,TX,ASW,CE,Federal Contract Tower,30,17,7,39,93,0,0,26,0,26,30,17,33,39,119,6,188,194,313
05/02/2006,HRL,TX,ASW,CE,Federal Contract Tower,37,12,9,17,75,0,0,24,2,26,37,12,33,19,101,20,80,100,201
05/03/2006,HRL,TX,ASW,CE,Federal Contract Tower,39,13,15,11,78,0,0,31,0,31,39,13,46,11,109,40,6,46,155
05/04/2006,HRL,TX,ASW,CE,Federal Contract Tower,35,12,24,20,91,0,0,9,0,9,35,12,33,20,100,0,41,41,141
05/05/2006,HRL,TX,ASW,CE,Federal Contract Tower,34,16,10,4,64,0,1,19,0,20,34,17,29,4,84,40,2,42,126
05/06/2006,HRL,TX,ASW,CE,Federal Contract Tower,22,10,5,4,41,0,0,9,0,9,22,10,14,4,50,0,0,0,50
05/07/2006,HRL,TX,ASW,CE,Federal Contract Tower,21,10,8,6,45,0,0,15,0,15,21,10,23,6,60,10,2,12,72
05/08/2006,HRL,TX,ASW,CE,Federal Contract Tower,33,11,16,28,88,0,0,12,0,12,33,11,28,28,100,14,24,38,138
05/09/2006,HRL,TX,ASW,CE,Federal Contract Tower,39,12,10,11,72,0,0,32,0,32,39,12,42,11,104,32,82,114,218
05/10/2006,HRL,TX,ASW,CE,Federal Contract Tower,40,15,6,16,77,0,3,27,0,30,40,18,33,16,107,28,148,176,283
05/11/2006,HRL,TX,ASW,CE,Federal Contract Tower,40,18,11,13,82,0,0,32,0,32,40,18,43,13,114,0,170,170,284
05/12/2006,HRL,TX,ASW,CE,Federal Contract Tower,37,17,14,10,78,0,0,22,0,22,37,17,36,10,100,6,2,8,108
05/13/2006,HRL,TX,ASW,CE,Federal Contract Tower,21,10,1,1,33,0,1,20,1,22,21,11,21,2,55,10,4,14,69
05/14/2006,HRL,TX,ASW,CE,Federal Contract Tower,22,10,0,4,36,0,0,13,0,13,22,10,13,4,49,0,2,2,51
05/15/2006,HRL,TX,ASW,CE,Federal Contract Tower,34,12,22,17,85,0,0,4,0,4,34,12,26,17,89,0,12,12,101
05/16/2006,HRL,TX,ASW,CE,Federal Contract Tower,38,12,5,32,87,0,0,35,0,35,38,12,40,32,122,14,86,100,222
05/17/2006,HRL,TX,ASW,CE,Federal Contract Tower,39,16,4,34,93,0,0,49,0,49,39,16,53,34,142,2,116,118,260
05/18/2006,HRL,TX,ASW,CE,Federal Contract Tower,42,11,7,6,66,0,0,38,0,38,42,11,45,6,104,2,6,8,112
05/19/2006,HRL,TX,ASW,CE,Federal Contract Tower,35,11,6,4,56,0,0,39,0,39,35,11,45,4,95,26,138,164,259
05/20/2006,HRL,TX,ASW,CE,Federal Contract Tower,25,10,1,0,36,0,5,13,0,18,25,15,14,0,54,0,0,0,54
05/21/2006,HRL,TX,ASW,CE,Federal Contract Tower,23,10,7,0,40,0,0,23,0,23,23,10,30,0,63,6,0,6,69
05/22/2006,HRL,TX,ASW,CE,Federal Contract Tower,30,14,3,6,53,0,0,26,0,26,30,14,29,6,79,6,24,30,109
05/23/2006,HRL,TX,ASW,CE,Federal Contract Tower,40,8,11,21,80,0,0,23,0,23,40,8,34,21,103,8,34,42,145
05/24/2006,HRL,TX,ASW,CE,Federal Contract Tower,37,15,16,8,76,0,1,25,0,26,37,16,41,8,102,2,10,12,114
05/25/2006,HRL,TX,ASW,CE,Federal Contract Tower,40,12,7,23,82,0,0,21,0,21,40,12,28,23,103,2,26,28,131
05/26/2006,HRL,TX,ASW,CE,Federal Contract Tower,35,12,10,6,63,0,0,30,0,30,35,12,40,6,93,16,0,16,109
05/27/2006,HRL,TX,ASW,CE,Federal Contract Tower,25,11,5,0,41,0,6,23,0,29,25,17,28,0,70,0,0,0,70
05/28/2006,HRL,TX,ASW,CE,Federal Contract Tower,16,10,2,0,28,0,0,11,0,11,16,10,13,0,39,0,0,0,39
05/29/2006,HRL,TX,ASW,CE,Federal Contract Tower,20,7,4,2,33,0,0,15,0,15,20,7,19,2,48,8,0,8,56
05/30/2006,HRL,TX,ASW,CE,Federal Contract Tower,32,12,7,15,66,0,0,19,0,19,32,12,26,15,85,0,114,114,199
05/31/2006,HRL,TX,ASW,CE,Federal Contract Tower,41,13,4,13,71,0,0,16,0,16,41,13,20,13,87,12,82,94,181
06/01/2006,HRL,TX,ASW,CE,Federal Contract Tower,38,11,6,9,64,0,0,6,0,6,38,11,12,9,70,0,38,38,108
06/02/2006,HRL,TX,ASW,CE,Federal Contract Tower,35,17,4,0,56,0,3,9,0,12,35,20,13,0,68,18,0,18,86
06/03/2006,HRL,TX,ASW,CE,Federal Contract Tower,23,10,5,0,38,0,0,22,0,22,23,10,27,0,60,18,0,18,78
06/04/2006,HRL,TX,ASW,CE,Federal Contract Tower,22,10,3,6,41,0,0,17,0,17,22,10,20,6,58,2,0,2,60
06/05/2006,HRL,TX,ASW,CE,Federal Contract Tower,34,13,5,12,64,0,0,50,0,50,34,13,55,12,114,2,64,66,180
06/06/2006,HRL,TX,ASW,CE,Federal Contract Tower,39,17,12,24,92,0,0,26,0,26,39,17,38,24,118,6,8,14,132
06/07/2006,HRL,TX,ASW,CE,Federal Contract Tower,40,17,2,25,84,0,0,41,0,41,40,17,43,25,125,0,82,82,207
06/08/2006,HRL,TX,ASW,CE,Federal Contract Tower,38,18,6,27,89,0,0,48,1,49,38,18,54,28,138,12,10,22,160
06/09/2006,HRL,TX,ASW,CE,Federal Contract Tower,34,15,7,0,56,0,4,55,0,59,34,19,62,0,115,0,0,0,115
06/10/2006,HRL,TX,ASW,CE,Federal Contract Tower,22,10,5,0,37,0,0,25,0,25,22,10,30,0,62,20,0,20,82
06/11/2006,HRL,TX,ASW,CE,Federal Contract Tower,22,10,0,4,36,0,0,16,0,16,22,10,16,4,52,0,2,2,54
06/12/2006,HRL,TX,ASW,CE,Federal Contract Tower,33,10,9,12,64,0,0,20,0,20,33,10,29,12,84,16,20,36,120
06/13/2006,HRL,TX,ASW,CE,Federal Contract Tower,40,13,8,32,93,0,0,31,0,31,40,13,39,32,124,24,2,26,150
06/14/2006,HRL,TX,ASW,CE,Federal Contract Tower,37,14,6,16,73,0,0,34,0,34,37,14,40,16,107,14,90,104,211
06/15/2006,HRL,TX,ASW,CE,Federal Contract Tower,36,11,11,14,72,0,0,39,0,39,36,11,50,14,111,12,41,53,164
06/16/2006,HRL,TX,ASW,CE,Federal Contract Tower,34,12,10,27,83,0,0,13,0,13,34,12,23,27,96,4,18,22,118
06/17/2006,HRL,TX,ASW,CE,Federal Contract Tower,28,9,3,0,40,0,4,7,0,11,28,13,10,0,51,12,0,12,63
06/18/2006,HRL,TX,ASW,CE,Federal Contract Tower,22,9,4,2,37,0,0,13,0,13,22,9,17,2,50,0,0,0,50
06/19/2006,HRL,TX,ASW,CE,Federal Contract Tower,31,10,2,29,72,0,0,21,0,21,31,10,23,29,93,18,95,113,206
06/20/2006,HRL,TX,ASW,CE,Federal Contract Tower,40,19,7,17,83,0,0,29,0,29,40,19,36,17,112,10,62,72,184
06/21/2006,HRL,TX,ASW,CE,Federal Contract Tower,34,13,5,24,76,0,1,33,0,34,34,14,38,24,110,4,84,88,198
06/22/2006,HRL,TX,ASW,CE,Federal Contract Tower,35,15,3,20,73,0,0,30,0,30,35,15,33,20,103,2,34,36,139
06/23/2006,HRL,TX,ASW,CE,Federal Contract Tower,35,15,4,8,62,0,3,13,0,16,35,18,17,8,78,8,54,62,140
06/24/2006,HRL,TX,ASW,CE,Federal Contract Tower,24,9,2,2,37,0,3,7,0,10,24,12,9,2,47,6,0,6,53
06/25/2006,HRL,TX,ASW,CE,Federal Contract Tower,20,14,1,2,37,0,0,16,0,16,20,14,17,2,53,10,0,10,63
06/26/2006,HRL,TX,ASW,CE,Federal Contract Tower,32,11,5,14,62,0,0,17,0,17,32,11,22,14,79,2,153,155,234
06/27/2006,HRL,TX,ASW,CE,Federal Contract Tower,39,15,6,28,88,0,0,35,0,35,39,15,41,28,123,4,107,111,234
06/28/2006,HRL,TX,ASW,CE,Federal Contract Tower,37,16,8,24,85,0,0,46,0,46,37,16,54,24,131,14,60,74,205
06/29/2006,HRL,TX,ASW,CE,Federal Contract Tower,33,17,5,10,65,0,0,36,0,36,33,17,41,10,101,20,2,22,123
06/30/2006,HRL,TX,ASW,CE,Federal Contract Tower,28,14,9,0,51,0,0,13,0,13,28,14,22,0,64,0,0,0,64
07/01/2006,HRL,TX,ASW,CE,Federal Contract Tower,21,9,2,0,32,0,0,12,0,12,21,9,14,0,44,6,0,6,50
07/02/2006,HRL,TX,ASW,CE,Federal Contract Tower,22,10,9,0,41,0,0,4,0,4,22,10,13,0,45,0,0,0,45
07/03/2006,HRL,TX,ASW,CE,Federal Contract Tower,26,9,11,2,48,0,6,12,0,18,26,15,23,2,66,8,2,10,76
07/04/2006,HRL,TX,ASW,CE,Federal Contract Tower,22,9,7,0,38,0,0,8,0,8,22,9,15,0,46,22,0,22,68
07/05/2006,HRL,TX,ASW,CE,Federal Contract Tower,33,3,8,24,68,0,0,40,0,40,33,3,48,24,108,2,10,12,120
07/06/2006,HRL,TX,ASW,CE,Federal Contract Tower,34,14,6,6,60,0,0,39,0,39,34,14,45,6,99,9,30,39,138
07/07/2006,HRL,TX,ASW,CE,Federal Contract Tower,30,9,11,4,54,0,0,48,0,48,30,9,59,4,102,54,0,54,156
07/08/2006,HRL,TX,ASW,CE,Federal Contract Tower,22,8,1,0,31,0,0,16,0,16,22,8,17,0,47,0,0,0,47
07/09/2006,HRL,TX,ASW,CE,Federal Contract Tower,23,10,11,0,44,0,2,15,0,17,23,12,26,0,61,4,0,4,65
07/10/2006,HRL,TX,ASW,CE,Federal Contract Tower,30,9,7,23,69,0,0,37,0,37,30,9,44,23,106,12,90,102,208
07/11/2006,HRL,TX,ASW,CE,Federal Contract Tower,36,10,5,25,76,0,0,47,0,47,36,10,52,25,123,6,100,106,229
07/12/2006,HRL,TX,ASW,CE,Federal Contract Tower,33,15,28,6,82,0,0,50,22,72,33,15,78,28,154,4,78,82,236
07/13/2006,HRL,TX,ASW,CE,Federal Contract Tower,35,12,8,24,79,0,0,42,0,42,35,12,50,24,121,2,69,71,192
07/14/2006,HRL,TX,ASW,CE,Federal Contract Tower,35,13,4,26,78,0,0,32,0,32,35,13,36,26,110,20,36,56,166
07/15/2006,HRL,TX,ASW,CE,Federal Contract Tower,23,9,1,0,33,0,0,23,0,23,23,9,24,0,56,2,0,2,58
07/16/2006,HRL,TX,ASW,CE,Federal Contract Tower,21,10,3,2,36,0,3,10,0,13,21,13,13,2,49,6,2,8,57
07/17/2006,HRL,TX,ASW,CE,Federal Contract Tower,28,10,4,14,56,0,2,22,0,24,28,12,26,14,80,16,122,138,218
07/18/2006,HRL,TX,ASW,CE,Federal Contract Tower,34,3,15,4,56,0,12,11,0,23,34,15,26,4,79,6,18,24,103
07/19/2006,HRL,TX,ASW,CE,Federal Contract Tower,37,19,1,0,57,0,5,30,0,35,37,24,31,0,92,12,0,12,104
07/20/2006,HRL,TX,ASW,CE,Federal Contract Tower,36,12,9,0,57,0,0,35,0,35,36,12,44,0,92,20,0,20,112
07/21/2006,HRL,TX,ASW,CE,Federal Contract Tower,32,9,9,8,58,0,0,30,0,30,32,9,39,8,88,4,4,8,96
07/22/2006,HRL,TX,ASW,CE,Federal Contract Tower,21,9,1,0,31,0,4,24,0,28,21,13,25,0,59,6,0,6,65
07/23/2006,HRL,TX,ASW,CE,Federal Contract Tower,22,9,4,0,35,0,0,6,0,6,22,9,10,0,41,0,0,0,41
07/24/2006,HRL,TX,ASW,CE,Federal Contract Tower,31,10,10,0,51,0,0,12,0,12,31,10,22,0,63,28,0,28,91
07/25/2006,HRL,TX,ASW,CE,Federal Contract Tower,38,11,8,5,62,0,0,23,0,23,38,11,31,5,85,4,20,24,109
07/26/2006,HRL,TX,ASW,CE,Federal Contract Tower,35,8,0,6,49,0,2,19,0,21,35,10,19,6,70,2,166,168,238
07/27/2006,HRL,TX,ASW,CE,Federal Contract Tower,36,14,6,6,62,0,5,26,0,31,36,19,32,6,93,2,100,102,195
07/28/2006,HRL,TX,ASW,CE,Federal Contract Tower,32,17,1,8,58,0,0,48,0,48,32,17,49,8,106,2,6,8,114
07/29/2006,HRL,TX,ASW,CE,Federal Contract Tower,21,20,2,0,43,0,0,10,0,10,21,20,12,0,53,0,0,0,53
07/30/2006,HRL,TX,ASW,CE,Federal Contract Tower,22,13,3,2,40,0,6,9,0,15,22,19,12,2,55,0,0,0,55
07/31/2006,HRL,TX,ASW,CE,Federal Contract Tower,29,10,3,8,50,0,2,14,0,16,29,12,17,8,66,6,100,106,172
08/01/2006,HRL,TX,ASW,CE,Federal Contract Tower,35,13,10,2,60,0,0,13,0,13,35,13,23,2,73,18,0,18,91
08/02/2006,HRL,TX,ASW,CE,Federal Contract Tower,35,10,13,6,64,0,0,35,6,41,35,10,48,12,105,2,134,136,241
08/03/2006,HRL,TX,ASW,CE,Federal Contract Tower,37,15,6,0,58,0,5,21,0,26,37,20,27,0,84,2,0,2,86
08/04/2006,HRL,TX,ASW,CE,Federal Contract Tower,33,11,5,0,49,0,0,23,0,23,33,11,28,0,72,20,0,20,92
08/05/2006,HRL,TX,ASW,CE,Federal Contract Tower,20,8,1,0,29,0,5,15,0,20,20,13,16,0,49,0,0,0,49
08/06/2006,HRL,TX,ASW,CE,Federal Contract Tower,21,10,2,0,33,0,2,8,0,10,21,12,10,0,43,4,0,4,47
08/07/2006,HRL,TX,ASW,CE,Federal Contract Tower,29,13,9,6,57,0,6,13,0,19,29,19,22,6,76,2,4,6,82
08/08/2006,HRL,TX,ASW,CE,Federal Contract Tower,37,17,3,4,61,0,0,12,0,12,37,17,15,4,73,4,142,146,219
08/09/2006,HRL,TX,ASW,CE,Federal Contract Tower,36,12,4,3,55,0,0,25,0,25,36,12,29,3,80,2,62,64,144
08/10/2006,HRL,TX,ASW,CE,Federal Contract Tower,35,12,4,2,53,0,0,21,0,21,35,12,25,2,74,2,0,2,76
08/11/2006,HRL,TX,ASW,CE,Federal Contract Tower,31,15,0,1,47,0,0,32,0,32,31,15,32,1,79,8,103,111,190
08/12/2006,HRL,TX,ASW,CE,Federal Contract Tower,22,12,2,0,36,0,0,8,0,8,22,12,10,0,44,0,0,0,44
08/13/2006,HRL,TX,ASW,CE,Federal Contract Tower,22,10,3,0,35,0,7,12,0,19,22,17,15,0,54,0,0,0,54
08/14/2006,HRL,TX,ASW,CE,Federal Contract Tower,31,10,10,2,53,0,4,25,0,29,31,14,35,2,82,8,62,70,152
08/15/2006,HRL,TX,ASW,CE,Federal Contract Tower,34,14,7,3,58,0,0,14,0,14,34,14,21,3,72,6,32,38,110
08/16/2006,HRL,TX,ASW,CE,Federal Contract Tower,35,13,16,3,67,0,0,14,6,20,35,13,30,9,87,2,90,92,179
08/17/2006,HRL,TX,ASW,CE,Federal Contract Tower,34,9,8,6,57,0,0,31,0,31,34,9,39,6,88,8,32,40,128
08/18/2006,HRL,TX,ASW,CE,Federal Contract Tower,31,11,3,0,45,1,0,20,3,24,32,11,23,3,69,4,62,66,135
08/19/2006,HRL,TX,ASW,CE,Federal Contract Tower,21,14,0,0,35,0,1,14,0,15,21,15,14,0,50,0,0,0,50
08/20/2006,HRL,TX,ASW,CE,Federal Contract Tower,23,10,10,0,43,0,2,28,0,30,23,12,38,0,73,2,0,2,75
08/21/2006,HRL,TX,ASW,CE,Federal Contract Tower,29,11,5,2,47,0,0,18,0,18,29,11,23,2,65,16,0,16,81
08/22/2006,HRL,TX,ASW,CE,Federal Contract Tower,37,15,4,0,56,0,0,22,0,22,37,15,26,0,78,8,0,8,86
08/23/2006,HRL,TX,ASW,CE,Federal Contract Tower,34,10,6,2,52,0,0,31,4,35,34,10,37,6,87,24,0,24,111
08/24/2006,HRL,TX,ASW,CE,Federal Contract Tower,40,18,3,6,67,0,0,39,0,39,40,18,42,6,106,8,2,10,116
08/25/2006,HRL,TX,ASW,CE,Federal Contract Tower,33,10,1,0,44,0,5,28,3,36,33,15,29,3,80,24,52,76,156
08/26/2006,HRL,TX,ASW,CE,Federal Contract Tower,22,8,7,0,37,0,3,20,0,23,22,11,27,0,60,6,0,6,66
08/27/2006,HRL,TX,ASW,CE,Federal Contract Tower,21,10,5,0,36,0,6,19,0,25,21,16,24,0,61,0,0,0,61
08/28/2006,HRL,TX,ASW,CE,Federal Contract Tower,29,10,9,12,60,0,0,22,0,22,29,10,31,12,82,2,98,100,182
08/29/2006,HRL,TX,ASW,CE,Federal Contract Tower,36,8,13,6,63,0,0,18,0,18,36,8,31,6,81,2,24,26,107
08/30/2006,HRL,TX,ASW,CE,Federal Contract Tower,37,8,2,0,47,0,0,33,4,37,37,8,35,4,84,10,106,116,200
08/31/2006,HRL,TX,ASW,CE,Federal Contract Tower,34,11,4,4,53,0,0,39,0,39,34,11,43,4,92,2,40,42,134
09/01/2006,HRL,TX,ASW,CE,Federal Contract Tower,33,9,6,0,48,0,0,28,0,28,33,9,34,0,76,4,0,4,80
09/02/2006,HRL,TX,ASW,CE,Federal Contract Tower,24,11,0,0,35,0,4,24,0,28,24,15,24,0,63,0,0,0,63
09/03/2006,HRL,TX,ASW,CE,Federal Contract Tower,15,6,4,0,25,0,0,12,2,14,15,6,16,2,39,4,0,4,43
09/04/2006,HRL,TX,ASW,CE,Federal Contract Tower,21,10,1,0,32,0,9,23,0,32,21,19,24,0,64,2,0,2,66
09/05/2006,HRL,TX,ASW,CE,Federal Contract Tower,29,17,10,13,69,0,0,15,0,15,29,17,25,13,84,0,288,288,372
09/06/2006,HRL,TX,ASW,CE,Federal Contract Tower,38,13,4,9,64,0,0,23,1,24,38,13,27,10,88,0,96,96,184
09/07/2006,HRL,TX,ASW,CE,Federal Contract Tower,38,12,5,8,63,0,0,38,0,38,38,12,43,8,101,24,64,88,189
09/08/2006,HRL,TX,ASW,CE,Federal Contract Tower,32,15,1,0,48,0,1,13,4,18,32,16,14,4,66,6,52,58,124
09/09/2006,HRL,TX,ASW,CE,Federal Contract Tower,20,7,3,1,31,0,0,5,0,5,20,7,8,1,36,0,0,0,36
09/10/2006,HRL,TX,ASW,CE,Federal Contract Tower,22,10,5,3,40,0,0,16,0,16,22,10,21,3,56,0,0,0,56
09/11/2006,HRL,TX,ASW,CE,Federal Contract Tower,29,12,9,5,55,0,0,24,0,24,29,12,33,5,79,0,0,0,79
09/12/2006,HRL,TX,ASW,CE,Federal Contract Tower,36,8,14,2,60,0,0,8,0,8,36,8,22,2,68,0,8,8,76
09/13/2006,HRL,TX,ASW,CE,Federal Contract Tower,41,8,5,0,54,0,0,21,0,21,41,8,26,0,75,26,0,26,101
09/14/2006,HRL,TX,ASW,CE,Federal Contract Tower,36,12,2,2,52,0,4,27,0,31,36,16,29,2,83,20,0,20,103
09/15/2006,HRL,TX,ASW,CE,Federal Contract Tower,35,10,12,2,59,0,0,22,0,22,35,10,34,2,81,38,2,40,121
09/16/2006,HRL,TX,ASW,CE,Federal Contract Tower,22,8,2,0,32,0,0,9,0,9,22,8,11,0,41,10,0,10,51
09/17/2006,HRL,TX,ASW,CE,Federal Contract Tower,17,11,14,9,51,0,0,22,0,22,17,11,36,9,73,2,12,14,87
09/18/2006,HRL,TX,ASW,CE,Federal Contract Tower,29,12,3,4,48,0,0,8,0,8,29,12,11,4,56,0,0,0,56
09/19/2006,HRL,TX,ASW,CE,Federal Contract Tower,35,9,2,8,54,0,0,31,0,31,35,9,33,8,85,14,64,78,163
09/20/2006,HRL,TX,ASW,CE,Federal Contract Tower,36,12,9,4,61,0,0,43,0,43,36,12,52,4,104,28,2,30,134
09/21/2006,HRL,TX,ASW,CE,Federal Contract Tower,37,11,7,11,66,0,0,28,0,28,37,11,35,11,94,12,48,60,154
09/22/2006,HRL,TX,ASW,CE,Federal Contract Tower,33,16,8,1,58,0,0,30,0,30,33,16,38,1,88,0,100,100,188
09/23/2006,HRL,TX,ASW,CE,Federal Contract Tower,20,10,1,0,31,0,0,13,0,13,20,10,14,0,44,4,0,4,48
09/24/2006,HRL,TX,ASW,CE,Federal Contract Tower,20,10,10,0,40,0,1,14,0,15,20,11,24,0,55,0,0,0,55
09/25/2006,HRL,TX,ASW,CE,Federal Contract Tower,32,10,3,10,55,0,0,23,0,23,32,10,26,10,78,12,168,180,258
09/26/2006,HRL,TX,ASW,CE,Federal Contract Tower,38,12,3,8,61,0,0,27,0,27,38,12,30,8,88,14,76,90,178
09/27/2006,HRL,TX,ASW,CE,Federal Contract Tower,35,15,5,7,62,0,2,28,2,32,35,17,33,9,94,12,66,78,172
09/28/2006,HRL,TX,ASW,CE,Federal Contract Tower,35,10,14,20,79,0,0,31,0,31,35,10,45,20,110,2,62,64,174
09/29/2006,HRL,TX,ASW,CE,Federal Contract Tower,32,12,1,10,55,0,0,22,0,22,32,12,23,10,77,16,4,20,97
09/30/2006,HRL,TX,ASW,CE,Federal Contract Tower,21,8,1,0,30,0,0,19,0,19,21,8,20,0,49,4,0,4,53
10/01/2006,HRL,TX,ASW,CE,Federal Contract Tower,20,11,7,0,38,0,4,26,0,30,20,15,33,0,68,0,0,0,68
10/02/2006,HRL,TX,ASW,CE,Federal Contract Tower,31,12,5,6,54,0,3,18,0,21,31,15,23,6,75,28,50,78,153
10/03/2006,HRL,TX,ASW,CE,Federal Contract Tower,32,12,10,20,74,0,0,24,0,24,32,12,34,20,98,30,56,86,184
10/04/2006,HRL,TX,ASW,CE,Federal Contract Tower,35,11,8,11,65,0,4,16,0,20,35,15,24,11,85,2,22,24,109
10/05/2006,HRL,TX,ASW,CE,Federal Contract Tower,39,14,13,11,77,0,0,29,0,29,39,14,42,11,106,2,60,62,168
10/06/2006,HRL,TX,ASW,CE,Federal Contract Tower,32,10,6,11,59,0,0,16,0,16,32,10,22,11,75,14,0,14,89
10/07/2006,HRL,TX,ASW,CE,Federal Contract Tower,25,11,2,0,38,0,0,10,0,10,25,11,12,0,48,0,0,0,48
10/08/2006,HRL,TX,ASW,CE,Federal Contract Tower,20,13,2,0,35,0,1,25,0,26,20,14,27,0,61,0,0,0,61
10/09/2006,HRL,TX,ASW,CE,Federal Contract Tower,31,10,7,0,48,0,3,20,0,23,31,13,27,0,71,12,0,12,83
10/10/2006,HRL,TX,ASW,CE,Federal Contract Tower,33,11,6,30,80,0,0,16,0,16,33,11,22,30,96,2,172,174,270
10/11/2006,HRL,TX,ASW,CE,Federal Contract Tower,41,11,23,13,88,0,3,16,10,29,41,14,39,23,117,12,96,108,225
10/12/2006,HRL,TX,ASW,CE,Federal Contract Tower,32,8,6,14,60,0,0,32,0,32,32,8,38,14,92,18,54,72,164
10/13/2006,HRL,TX,ASW,CE,Federal Contract Tower,33,12,5,6,56,0,0,17,0,17,33,12,22,6,73,4,4,8,81
10/14/2006,HRL,TX,ASW,CE,Federal Contract Tower,23,9,1,0,33,0,0,1,0,1,23,9,2,0,34,0,0,0,34
10/15/2006,HRL,TX,ASW,CE,Federal Contract Tower,20,12,13,0,45,0,1,5,0,6,20,13,18,0,51,0,0,0,51
10/16/2006,HRL,TX,ASW,CE,Federal Contract Tower,30,7,10,22,69,0,0,14,0,14,30,7,24,22,83,12,174,186,269
10/17/2006,HRL,TX,ASW,CE,Federal Contract Tower,40,8,3,4,55,0,0,17,0,17,40,8,20,4,72,30,0,30,102
10/18/2006,HRL,TX,ASW,CE,Federal Contract Tower,37,10,20,36,103,0,0,36,0,36,37,10,56,36,139,24,56,80,219
10/19/2006,HRL,TX,ASW,CE,Federal Contract Tower,41,11,15,13,80,0,0,1,0,1,41,11,16,13,81,22,18,40,121
10/20/2006,HRL,TX,ASW,CE,Federal Contract Tower,31,14,9,0,54,0,0,23,0,23,31,14,32,0,77,26,0,26,103
10/21/2006,HRL,TX,ASW,CE,Federal Contract Tower,21,10,6,0,37,0,0,11,0,11,21,10,17,0,48,4,0,4,52
10/22/2006,HRL,TX,ASW,CE,Federal Contract Tower,21,13,10,2,46,0,1,6,0,7,21,14,16,2,53,10,2,12,65
10/23/2006,HRL,TX,ASW,CE,Federal Contract Tower,27,11,3,15,56,0,0,17,0,17,27,11,20,15,73,48,46,94,167
10/24/2006,HRL,TX,ASW,CE,Federal Contract Tower,40,14,14,18,86,0,0,27,0,27,40,14,41,18,113,28,4,32,145
10/25/2006,HRL,TX,ASW,CE,Federal Contract Tower,39,11,13,18,81,0,3,20,0,23,39,14,33,18,104,30,8,38,142
10/26/2006,HRL,TX,ASW,CE,Federal Contract Tower,28,8,5,16,57,0,0,18,0,18,28,8,23,16,75,20,22,42,117
10/27/2006,HRL,TX,ASW,CE,Federal Contract Tower,34,15,8,3,60,0,0,20,0,20,34,15,28,3,80,56,4,60,140
10/28/2006,HRL,TX,ASW,CE,Federal Contract Tower,25,9,3,0,37,0,4,20,0,24,25,13,23,0,61,4,0,4,65
10/29/2006,HRL,TX,ASW,CE,Federal Contract Tower,19,10,3,4,36,0,2,23,0,25,19,12,26,4,61,0,18,18,79
10/30/2006,HRL,TX,ASW,CE,Federal Contract Tower,30,11,12,30,83,0,0,12,0,12,30,11,24,30,95,10,94,104,199
10/31/2006,HRL,TX,ASW,CE,Federal Contract Tower,35,9,3,8,55,0,0,31,0,31,35,9,34,8,86,46,8,54,140
11/01/2006,HRL,TX,ASW,CE,Federal Contract Tower,39,12,5,21,77,0,0,33,0,33,39,12,38,21,110,22,58,80,190
11/02/2006,HRL,TX,ASW,CE,Federal Contract Tower,32,11,23,10,76,0,0,1,0,1,32,11,24,10,77,0,6,6,83
11/03/2006,HRL,TX,ASW,CE,Federal Contract Tower,31,10,5,2,48,0,0,14,0,14,31,10,19,2,62,18,0,18,80
11/04/2006,HRL,TX,ASW,CE,Federal Contract Tower,20,11,4,2,37,0,0,11,0,11,20,11,15,2,48,0,0,0,48
11/05/2006,HRL,TX,ASW,CE,Federal Contract Tower,19,11,8,4,42,0,2,20,0,22,19,13,28,4,64,8,2,10,74
11/06/2006,HRL,TX,ASW,CE,Federal Contract Tower,29,7,17,14,67,0,0,21,0,21,29,7,38,14,88,72,10,82,170
11/07/2006,HRL,TX,ASW,CE,Federal Contract Tower,36,10,16,8,70,0,0,20,0,20,36,10,36,8,90,16,2,18,108
11/08/2006,HRL,TX,ASW,CE,Federal Contract Tower,40,11,5,6,62,0,0,41,11,52,40,11,46,17,114,22,152,174,288
11/09/2006,HRL,TX,ASW,CE,Federal Contract Tower,34,11,9,10,64,0,0,24,0,24,34,11,33,10,88,18,0,18,106
11/10/2006,HRL,TX,ASW,CE,Federal Contract Tower,34,9,8,0,51,0,0,27,0,27,34,9,35,0,78,12,0,12,90
11/11/2006,HRL,TX,ASW,CE,Federal Contract Tower,18,12,4,0,34,0,2,19,0,21,18,14,23,0,55,0,0,0,55
11/12/2006,HRL,TX,ASW,CE,Federal Contract Tower,22,12,8,0,42,0,0,12,0,12,22,12,20,0,54,6,0,6,60
11/13/2006,HRL,TX,ASW,CE,Federal Contract Tower,30,13,18,12,73,0,5,16,0,21,30,18,34,12,94,42,76,118,212
11/14/2006,HRL,TX,ASW,CE,Federal Contract Tower,34,14,10,16,74,0,0,21,0,21,34,14,31,16,95,36,24,60,155
11/15/2006,HRL,TX,ASW,CE,Federal Contract Tower,38,12,10,29,89,0,0,19,1,20,38,12,29,30,109,4,76,80,189
11/16/2006,HRL,TX,ASW,CE,Federal Contract Tower,37,22,4,24,87,0,0,29,0,29,37,22,33,24,116,36,208,244,360
11/17/2006,HRL,TX,ASW,CE,Federal Contract Tower,33,15,1,3,52,0,0,22,0,22,33,15,23,3,74,26,30,56,130
11/18/2006,HRL,TX,ASW,CE,Federal Contract Tower,20,9,4,0,33,0,0,21,0,21,20,9,25,0,54,34,0,34,88
11/19/2006,HRL,TX,ASW,CE,Federal Contract Tower,19,14,4,6,43,0,0,13,0,13,19,14,17,6,56,12,10,22,78
11/20/2006,HRL,TX,ASW,CE,Federal Contract Tower,33,10,7,18,68,0,0,24,0,24,33,10,31,18,92,6,142,148,240
11/21/2006,HRL,TX,ASW,CE,Federal Contract Tower,38,11,2,26,77,0,0,37,0,37,38,11,39,26,114,38,32,70,184
11/22/2006,HRL,TX,ASW,CE,Federal Contract Tower,38,13,24,2,77,0,2,23,8,33,38,15,47,10,110,6,0,6,116
11/23/2006,HRL,TX,ASW,CE,Federal Contract Tower,10,8,0,0,18,0,0,10,0,10,10,8,10,0,28,6,0,6,34
11/24/2006,HRL,TX,ASW,CE,Federal Contract Tower,28,12,0,0,40,0,0,17,0,17,28,12,17,0,57,2,0,2,59
11/25/2006,HRL,TX,ASW,CE,Federal Contract Tower,17,15,6,0,38,0,0,19,0,19,17,15,25,0,57,0,0,0,57
11/26/2006,HRL,TX,ASW,CE,Federal Contract Tower,26,11,8,0,45,0,1,13,0,14,26,12,21,0,59,6,0,6,65
11/27/2006,HRL,TX,ASW,CE,Federal Contract Tower,30,10,6,22,68,0,0,21,0,21,30,10,27,22,89,2,56,58,147
11/28/2006,HRL,TX,ASW,CE,Federal Contract Tower,32,12,17,23,84,0,0,33,0,33,32,12,50,23,117,26,24,50,167
11/29/2006,HRL,TX,ASW,CE,Federal Contract Tower,35,10,19,6,70,0,0,4,13,17,35,10,23,19,87,6,18,24,111
11/30/2006,HRL,TX,ASW,CE,Federal Contract Tower,28,13,6,12,59,0,0,18,0,18,28,13,24,12,77,16,32,48,125
12/01/2006,HRL,TX,ASW,CE,Federal Contract Tower,31,14,7,10,62,0,0,25,0,25,31,14,32,10,87,10,20,30,117
12/02/2006,HRL,TX,ASW,CE,Federal Contract Tower,17,10,6,0,33,0,0,13,0,13,17,10,19,0,46,16,0,16,62
12/03/2006,HRL,TX,ASW,CE,Federal Contract Tower,19,10,3,4,36,0,0,8,0,8,19,10,11,4,44,8,4,12,56
12/04/2006,HRL,TX,ASW,CE,Federal Contract Tower,32,12,6,9,59,0,0,25,3,28,32,12,31,12,87,68,66,134,221
12/05/2006,HRL,TX,ASW,CE,Federal Contract Tower,35,11,24,19,89,0,0,8,0,8,35,11,32,19,97,26,56,82,179
12/06/2006,HRL,TX,ASW,CE,Federal Contract Tower,39,10,15,2,66,0,0,19,16,35,39,10,34,18,101,12,85,97,198
12/07/2006,HRL,TX,ASW,CE,Federal Contract Tower,32,7,20,10,69,0,0,0,0,0,32,7,20,10,69,6,6,12,81
12/08/2006,HRL,TX,ASW,CE,Federal Contract Tower,32,10,15,9,66,0,0,10,0,10,32,10,25,9,76,0,82,82,158
12/09/2006,HRL,TX,ASW,CE,Federal Contract Tower,20,12,4,0,36,0,0,4,0,4,20,12,8,0,40,0,0,0,40
12/10/2006,HRL,TX,ASW,CE,Federal Contract Tower,19,15,11,2,47,0,0,10,0,10,19,15,21,2,57,14,0,14,71
12/11/2006,HRL,TX,ASW,CE,Federal Contract Tower,31,11,10,18,70,0,0,27,0,27,31,11,37,18,97,52,110,162,259
12/12/2006,HRL,TX,ASW,CE,Federal Contract Tower,38,12,11,10,71,0,0,16,0,16,38,12,27,10,87,22,2,24,111
12/13/2006,HRL,TX,ASW,CE,Federal Contract Tower,34,12,20,11,77,0,0,25,0,25,34,12,45,11,102,68,78,146,248
12/14/2006,HRL,TX,ASW,CE,Federal Contract Tower,34,10,21,13,78,0,0,22,0,22,34,10,43,13,100,14,42,56,156
12/15/2006,HRL,TX,ASW,CE,Federal Contract Tower,32,12,14,2,60,0,0,40,0,40,32,12,54,2,100,0,26,26,126
12/16/2006,HRL,TX,ASW,CE,Federal Contract Tower,21,12,5,0,38,0,0,17,0,17,21,12,22,0,55,24,0,24,79
12/17/2006,HRL,TX,ASW,CE,Federal Contract Tower,18,11,6,0,35,0,2,13,0,15,18,13,19,0,50,4,0,4,54
12/18/2006,HRL,TX,ASW,CE,Federal Contract Tower,32,13,9,8,62,0,0,18,0,18,32,13,27,8,80,2,38,40,120
12/19/2006,HRL,TX,ASW,CE,Federal Contract Tower,33,14,12,6,65,0,0,15,0,15,33,14,27,6,80,6,52,58,138
12/20/2006,HRL,TX,ASW,CE,Federal Contract Tower,40,12,5,8,65,0,0,24,0,24,40,12,29,8,89,0,24,24,113
12/21/2006,HRL,TX,ASW,CE,Federal Contract Tower,37,20,13,6,76,0,0,8,0,8,37,20,21,6,84,4,0,4,88
12/22/2006,HRL,TX,ASW,CE,Federal Contract Tower,38,11,6,0,55,0,0,29,0,29,38,11,35,0,84,4,12,16,100
12/23/2006,HRL,TX,ASW,CE,Federal Contract Tower,20,9,2,0,31,0,0,0,0,0,20,9,2,0,31,0,0,0,31
12/24/2006,HRL,TX,ASW,CE,Federal Contract Tower,20,7,1,0,28,0,0,2,0,2,20,7,3,0,30,0,0,0,30
12/25/2006,HRL,TX,ASW,CE,Federal Contract Tower,20,11,1,0,32,0,0,5,0,5,20,11,6,0,37,0,0,0,37
12/26/2006,HRL,TX,ASW,CE,Federal Contract Tower,36,8,6,0,50,0,1,25,0,26,36,9,31,0,76,16,0,16,92
12/27/2006,HRL,TX,ASW,CE,Federal Contract Tower,31,18,1,1,51,0,0,35,1,36,31,18,36,2,87,2,2,4,91
12/28/2006,HRL,TX,ASW,CE,Federal Contract Tower,35,10,7,2,54,0,1,8,0,9,35,11,15,2,63,0,0,0,63
12/29/2006,HRL,TX,ASW,CE,Federal Contract Tower,31,9,7,0,47,0,0,5,0,5,31,9,12,0,52,0,0,0,52
12/30/2006,HRL,TX,ASW,CE,Federal Contract Tower,23,8,7,0,38,0,0,19,0,19,23,8,26,0,57,14,0,14,71
12/31/2006,HRL,TX,ASW,CE,Federal Contract Tower,15,10,8,0,33,0,6,21,0,27,15,16,29,0,60,14,0,14,74
01/01/2007,HRL,TX,ASW,CE,Federal Contract Tower,20,13,4,0,37,0,0,10,0,10,20,13,14,0,47,2,0,2,49
01/02/2007,HRL,TX,ASW,CE,Federal Contract Tower,31,11,14,0,56,0,0,20,0,20,31,11,34,0,76,18,0,18,94
01/03/2007,HRL,TX,ASW,CE,Federal Contract Tower,36,9,17,4,66,0,0,2,0,2,36,9,19,4,68,0,4,4,72
01/04/2007,HRL,TX,ASW,CE,Federal Contract Tower,38,9,17,2,66,0,0,10,0,10,38,9,27,2,76,0,2,2,78
01/05/2007,HRL,TX,ASW,CE,Federal Contract Tower,34,12,8,3,57,0,0,39,0,39,34,12,47,3,96,16,46,62,158
01/06/2007,HRL,TX,ASW,CE,Federal Contract Tower,21,12,7,0,40,0,0,3,0,3,21,12,10,0,43,0,55,55,98
01/07/2007,HRL,TX,ASW,CE,Federal Contract Tower,21,15,6,4,46,0,0,15,0,15,21,15,21,4,61,0,60,60,121
01/08/2007,HRL,TX,ASW,CE,Federal Contract Tower,31,9,13,9,62,0,1,64,0,65,31,10,77,9,127,22,74,96,223
01/09/2007,HRL,TX,ASW,CE,Federal Contract Tower,34,19,14,10,77,0,0,34,6,40,34,19,48,16,117,2,8,10,127
01/10/2007,HRL,TX,ASW,CE,Federal Contract Tower,38,13,9,16,76,0,0,38,0,38,38,13,47,16,114,0,88,88,202
01/11/2007,HRL,TX,ASW,CE,Federal Contract Tower,40,17,7,5,69,0,0,21,0,21,40,17,28,5,90,2,56,58,148
01/12/2007,HRL,TX,ASW,CE,Federal Contract Tower,35,13,14,18,80,0,0,3,0,3,35,13,17,18,83,4,36,40,123
01/13/2007,HRL,TX,ASW,CE,Federal Contract Tower,17,8,8,10,43,0,0,0,0,0,17,8,8,10,43,0,8,8,51
01/14/2007,HRL,TX,ASW,CE,Federal Contract Tower,18,13,11,0,42,0,0,9,0,9,18,13,20,0,51,0,0,0,51
01/15/2007,HRL,TX,ASW,CE,Federal Contract Tower,32,8,7,0,47,0,0,0,0,0,32,8,7,0,47,0,0,0,47
01/16/2007,HRL,TX,ASW,CE,Federal Contract Tower,35,10,4,4,53,0,0,4,0,4,35,10,8,4,57,0,0,0,57
01/17/2007,HRL,TX,ASW,CE,Federal Contract Tower,34,5,20,10,69,0,0,5,0,5,34,5,25,10,74,4,2,6,80
01/18/2007,HRL,TX,ASW,CE,Federal Contract Tower,37,11,23,8,79,0,0,2,0,2,37,11,25,8,81,0,2,2,83
01/19/2007,HRL,TX,ASW,CE,Federal Contract Tower,36,11,17,19,83,0,0,0,0,0,36,11,17,19,83,0,16,16,99
01/20/2007,HRL,TX,ASW,CE,Federal Contract Tower,23,12,5,0,40,0,0,1,0,1,23,12,6,0,41,0,0,0,41
01/21/2007,HRL,TX,ASW,CE,Federal Contract Tower,20,16,9,4,49,0,0,12,0,12,20,16,21,4,61,0,4,4,65
01/22/2007,HRL,TX,ASW,CE,Federal Contract Tower,33,11,17,6,67,0,0,0,0,0,33,11,17,6,67,0,0,0,67
01/23/2007,HRL,TX,ASW,CE,Federal Contract Tower,35,9,11,10,65,0,0,0,0,0,35,9,11,10,65,0,10,10,75
01/24/2007,HRL,TX,ASW,CE,Federal Contract Tower,42,9,9,4,64,0,0,0,0,0,42,9,9,4,64,0,6,6,70
01/25/2007,HRL,TX,ASW,CE,Federal Contract Tower,41,10,15,34,100,0,0,13,0,13,41,10,28,34,113,0,114,114,227
01/26/2007,HRL,TX,ASW,CE,Federal Contract Tower,33,12,7,9,61,0,0,34,0,34,33,12,41,9,95,38,132,170,265
01/27/2007,HRL,TX,ASW,CE,Federal Contract Tower,21,10,3,4,38,0,0,4,0,4,21,10,7,4,42,0,0,0,42
01/28/2007,HRL,TX,ASW,CE,Federal Contract Tower,20,13,7,4,44,0,1,13,4,18,20,14,20,8,62,0,110,110,172
01/29/2007,HRL,TX,ASW,CE,Federal Contract Tower,32,10,5,11,58,0,0,12,0,12,32,10,17,11,70,4,196,200,270
01/30/2007,HRL,TX,ASW,CE,Federal Contract Tower,39,11,13,14,77,0,0,0,0,0,39,11,13,14,77,0,8,8,85
01/31/2007,HRL,TX,ASW,CE,Federal Contract Tower,38,13,17,4,72,0,0,0,0,0,38,13,17,4,72,0,12,12,84
02/01/2007,HRL,TX,ASW,CE,Federal Contract Tower,39,20,3,10,72,0,0,6,0,6,39,20,9,10,78,0,10,10,88
02/02/2007,HRL,TX,ASW,CE,Federal Contract Tower,34,11,12,16,73,0,0,9,0,9,34,11,21,16,82,54,2,56,138
02/03/2007,HRL,TX,ASW,CE,Federal Contract Tower,20,14,5,10,49,0,0,9,0,9,20,14,14,10,58,12,68,80,138
02/04/2007,HRL,TX,ASW,CE,Federal Contract Tower,20,17,13,2,52,0,0,8,0,8,20,17,21,2,60,0,2,2,62
02/05/2007,HRL,TX,ASW,CE,Federal Contract Tower,31,11,19,18,79,0,5,19,0,24,31,16,38,18,103,22,100,122,225
02/06/2007,HRL,TX,ASW,CE,Federal Contract Tower,42,8,19,36,105,0,0,24,0,24,42,8,43,36,129,10,10,20,149
02/07/2007,HRL,TX,ASW,CE,Federal Contract Tower,38,10,13,16,77,0,0,37,0,37,38,10,50,16,114,0,224,224,338
02/08/2007,HRL,TX,ASW,CE,Federal Contract Tower,33,9,12,31,85,0,0,17,0,17,33,9,29,31,102,0,88,88,190
02/09/2007,HRL,TX,ASW,CE,Federal Contract Tower,37,13,23,13,86,0,0,18,0,18,37,13,41,13,104,98,0,98,202
02/10/2007,HRL,TX,ASW,CE,Federal Contract Tower,26,14,6,0,46,0,0,0,0,0,26,14,6,0,46,0,0,0,46
02/11/2007,HRL,TX,ASW,CE,Federal Contract Tower,24,14,10,4,52,0,0,0,0,0,24,14,10,4,52,0,6,6,58
02/12/2007,HRL,TX,ASW,CE,Federal Contract Tower,32,9,10,7,58,0,5,18,0,23,32,14,28,7,81,24,112,136,217
02/13/2007,HRL,TX,ASW,CE,Federal Contract Tower,50,11,13,2,76,0,2,24,2,28,50,13,37,4,104,16,106,122,226
02/14/2007,HRL,TX,ASW,CE,Federal Contract Tower,40,20,6,14,80,0,0,17,0,17,40,20,23,14,97,16,410,426,523
02/15/2007,HRL,TX,ASW,CE,Federal Contract Tower,36,28,17,14,95,0,0,25,0,25,36,28,42,14,120,0,122,122,242
02/16/2007,HRL,TX,ASW,CE,Federal Contract Tower,36,13,5,6,60,0,0,17,0,17,36,13,22,6,77,26,4,30,107
02/17/2007,HRL,TX,ASW,CE,Federal Contract Tower,21,11,0,0,32,0,0,24,0,24,21,11,24,0,56,0,0,0,56
02/18/2007,HRL,TX,ASW,CE,Federal Contract Tower,18,12,13,0,43,0,1,23,0,24,18,13,36,0,67,2,0,2,69
02/19/2007,HRL,TX,ASW,CE,Federal Contract Tower,32,9,4,4,49,0,1,18,1,20,32,10,22,5,69,34,4,38,107
02/20/2007,HRL,TX,ASW,CE,Federal Contract Tower,41,15,7,11,74,0,0,21,0,21,41,15,28,11,95,24,142,166,261
02/21/2007,HRL,TX,ASW,CE,Federal Contract Tower,37,14,7,14,72,0,0,32,0,32,37,14,39,14,104,16,10,26,130
02/22/2007,HRL,TX,ASW,CE,Federal Contract Tower,37,10,19,12,78,0,0,9,0,9,37,10,28,12,87,10,116,126,213
02/23/2007,HRL,TX,ASW,CE,Federal Contract Tower,36,14,12,25,87,0,0,15,0,15,36,14,27,25,102,4,168,172,274
02/24/2007,HRL,TX,ASW,CE,Federal Contract Tower,20,10,0,0,30,0,5,8,0,13,20,15,8,0,43,0,0,0,43
02/25/2007,HRL,TX,ASW,CE,Federal Contract Tower,19,15,0,0,34,0,7,15,0,22,19,22,15,0,56,18,0,18,74
02/26/2007,HRL,TX,ASW,CE,Federal Contract Tower,32,9,24,4,69,0,7,29,0,36,32,16,53,4,105,30,62,92,197
02/27/2007,HRL,TX,ASW,CE,Federal Contract Tower,44,11,10,4,69,0,0,33,0,33,44,11,43,4,102,0,156,156,258
02/28/2007,HRL,TX,ASW,CE,Federal Contract Tower,40,10,12,0,62,0,0,23,0,23,40,10,35,0,85,36,54,90,175
03/01/2007,HRL,TX,ASW,CE,Federal Contract Tower,38,11,12,17,78,0,0,21,0,21,38,11,33,17,99,2,106,108,207
03/02/2007,HRL,TX,ASW,CE,Federal Contract Tower,30,18,4,2,54,0,0,27,0,27,30,18,31,2,81,14,0,14,95
03/03/2007,HRL,TX,ASW,CE,Federal Contract Tower,20,12,5,2,39,2,1,9,0,12,22,13,14,2,51,0,66,66,117
03/04/2007,HRL,TX,ASW,CE,Federal Contract Tower,19,10,9,4,42,0,0,12,0,12,19,10,21,4,54,4,0,4,58
03/05/2007,HRL,TX,ASW,CE,Federal Contract Tower,31,9,14,10,64,0,5,31,0,36,31,14,45,10,100,6,166,172,272
03/06/2007,HRL,TX,ASW,CE,Federal Contract Tower,41,14,13,24,92,0,0,32,0,32,41,14,45,24,124,16,134,150,274
03/07/2007,HRL,TX,ASW,CE,Federal Contract Tower,36,19,9,20,84,0,0,42,0,42,36,19,51,20,126,10,136,146,272
03/08/2007,HRL,TX,ASW,CE,Federal Contract Tower,36,13,12,4,65,0,0,20,0,20,36,13,32,4,85,24,0,24,109
03/09/2007,HRL,TX,ASW,CE,Federal Contract Tower,34,11,16,10,71,0,0,17,0,17,34,11,33,10,88,0,32,32,120
03/10/2007,HRL,TX,ASW,CE,Federal Contract Tower,21,13,9,2,45,0,0,7,0,7,21,13,16,2,52,0,0,0,52
03/11/2007,HRL,TX,ASW,CE,Federal Contract Tower,23,7,5,4,39,0,3,8,0,11,23,10,13,4,50,0,4,4,54
03/12/2007,HRL,TX,ASW,CE,Federal Contract Tower,40,10,12,6,68,0,0,1,0,1,40,10,13,6,69,0,2,2,71
03/13/2007,HRL,TX,ASW,CE,Federal Contract Tower,34,14,1,9,58,0,0,15,0,15,34,14,16,9,73,2,29,31,104
03/14/2007,HRL,TX,ASW,CE,Federal Contract Tower,44,10,7,36,97,0,0,16,0,16,44,10,23,36,113,4,32,36,149
03/15/2007,HRL,TX,ASW,CE,Federal Contract Tower,42,10,14,8,74,0,0,11,0,11,42,10,25,8,85,5,4,9,94
03/16/2007,HRL,TX,ASW,CE,Federal Contract Tower,32,19,11,12,74,0,0,30,0,30,32,19,41,12,104,14,40,54,158
03/17/2007,HRL,TX,ASW,CE,Federal Contract Tower,25,15,6,0,46,0,0,15,0,15,25,15,21,0,61,0,6,6,67
03/18/2007,HRL,TX,ASW,CE,Federal Contract Tower,22,13,6,4,45,0,0,17,0,17,22,13,23,4,62,0,0,0,62
03/19/2007,HRL,TX,ASW,CE,Federal Contract Tower,37,12,8,31,88,0,5,20,0,25,37,17,28,31,113,4,110,114,227
03/20/2007,HRL,TX,ASW,CE,Federal Contract Tower,38,13,21,30,102,0,0,15,0,15,38,13,36,30,117,26,76,102,219
03/21/2007,HRL,TX,ASW,CE,Federal Contract Tower,37,15,3,31,86,0,0,31,0,31,37,15,34,31,117,22,12,34,151
03/22/2007,HRL,TX,ASW,CE,Federal Contract Tower,35,10,27,26,98,0,0,18,0,18,35,10,45,26,116,18,14,32,148
03/23/2007,HRL,TX,ASW,CE,Federal Contract Tower,36,11,17,4,68,0,0,6,0,6,36,11,23,4,74,0,8,8,82
03/24/2007,HRL,TX,ASW,CE,Federal Contract Tower,24,12,6,2,44,0,0,11,0,11,24,12,17,2,55,8,0,8,63
03/25/2007,HRL,TX,ASW,CE,Federal Contract Tower,22,9,5,0,36,0,3,9,0,12,22,12,14,0,48,10,0,10,58
03/26/2007,HRL,TX,ASW,CE,Federal Contract Tower,32,8,10,28,78,0,7,16,0,23,32,15,26,28,101,0,230,230,331
03/27/2007,HRL,TX,ASW,CE,Federal Contract Tower,37,14,8,14,73,0,0,24,0,24,37,14,32,14,97,10,48,58,155
03/28/2007,HRL,TX,ASW,CE,Federal Contract Tower,39,17,10,8,74,0,0,29,0,29,39,17,39,8,103,8,94,102,205
03/29/2007,HRL,TX,ASW,CE,Federal Contract Tower,38,16,14,22,90,0,0,12,0,12,38,16,26,22,102,24,14,38,140
03/30/2007,HRL,TX,ASW,CE,Federal Contract Tower,35,10,8,19,72,0,0,12,0,12,35,10,20,19,84,0,152,152,236
03/31/2007,HRL,TX,ASW,CE,Federal Contract Tower,30,11,2,2,45,0,0,7,0,7,30,11,9,2,52,0,0,0,52
04/01/2007,HRL,TX,ASW,CE,Federal Contract Tower,22,11,11,6,50,0,0,7,0,7,22,11,18,6,57,34,0,34,91
04/02/2007,HRL,TX,ASW,CE,Federal Contract Tower,33,9,14,10,66,0,0,26,0,26,33,9,40,10,92,26,98,124,216
04/03/2007,HRL,TX,ASW,CE,Federal Contract Tower,38,21,6,20,85,0,0,29,0,29,38,21,35,20,114,42,54,96,210
04/04/2007,HRL,TX,ASW,CE,Federal Contract Tower,40,14,8,17,79,0,0,17,0,17,40,14,25,17,96,32,52,84,180
04/05/2007,HRL,TX,ASW,CE,Federal Contract Tower,37,7,17,36,97,0,0,29,0,29,37,7,46,36,126,4,86,90,216
04/06/2007,HRL,TX,ASW,CE,Federal Contract Tower,34,13,4,14,65,0,0,25,0,25,34,13,29,14,90,4,60,64,154
04/07/2007,HRL,TX,ASW,CE,Federal Contract Tower,18,10,0,0,28,0,0,3,0,3,18,10,3,0,31,6,0,6,37
04/08/2007,HRL,TX,ASW,CE,Federal Contract Tower,25,11,5,4,45,0,5,0,0,5,25,16,5,4,50,0,0,0,50
04/09/2007,HRL,TX,ASW,CE,Federal Contract Tower,35,19,17,6,77,0,7,1,0,8,35,26,18,6,85,0,8,8,93
04/10/2007,HRL,TX,ASW,CE,Federal Contract Tower,40,12,11,14,77,0,0,40,0,40,40,12,51,14,117,6,188,194,311
04/11/2007,HRL,TX,ASW,CE,Federal Contract Tower,37,20,9,12,78,0,0,26,0,26,37,20,35,12,104,2,58,60,164
04/12/2007,HRL,TX,ASW,CE,Federal Contract Tower,42,13,21,9,85,0,0,22,0,22,42,13,43,9,107,12,54,66,173
04/13/2007,HRL,TX,ASW,CE,Federal Contract Tower,31,10,16,16,73,0,0,10,0,10,31,10,26,16,83,0,76,76,159
04/14/2007,HRL,TX,ASW,CE,Federal Contract Tower,23,10,0,0,33,0,1,8,0,9,23,11,8,0,42,0,0,0,42
04/15/2007,HRL,TX,ASW,CE,Federal Contract Tower,24,12,3,0,39,0,0,19,0,19,24,12,22,0,58,0,0,0,58
04/16/2007,HRL,TX,ASW,CE,Federal Contract Tower,33,15,6,10,64,0,1,26,0,27,33,16,32,10,91,20,16,36,127
04/17/2007,HRL,TX,ASW,CE,Federal Contract Tower,40,18,2,24,84,0,0,16,0,16,40,18,18,24,100,6,164,170,270
04/18/2007,HRL,TX,ASW,CE,Federal Contract Tower,35,16,2,11,64,0,0,40,0,40,35,16,42,11,104,40,112,152,256
04/19/2007,HRL,TX,ASW,CE,Federal Contract Tower,36,9,6,32,83,0,0,26,0,26,36,9,32,32,109,2,158,160,269
04/20/2007,HRL,TX,ASW,CE,Federal Contract Tower,32,15,11,2,60,0,0,23,0,23,32,15,34,2,83,8,2,10,93
04/21/2007,HRL,TX,ASW,CE,Federal Contract Tower,23,7,2,0,32,0,0,5,0,5,23,7,7,0,37,12,0,12,49
04/22/2007,HRL,TX,ASW,CE,Federal Contract Tower,21,10,7,0,38,0,3,9,0,12,21,13,16,0,50,14,0,14,64
04/23/2007,HRL,TX,ASW,CE,Federal Contract Tower,31,11,11,18,71,0,9,14,0,23,31,20,25,18,94,24,252,276,370
04/24/2007,HRL,TX,ASW,CE,Federal Contract Tower,32,13,16,17,78,0,0,3,0,3,32,13,19,17,81,0,118,118,199
04/25/2007,HRL,TX,ASW,CE,Federal Contract Tower,38,12,14,15,79,0,0,32,0,32,38,12,46,15,111,8,52,60,171
04/26/2007,HRL,TX,ASW,CE,Federal Contract Tower,40,13,37,10,100,0,0,0,0,0,40,13,37,10,100,0,2,2,102
04/27/2007,HRL,TX,ASW,CE,Federal Contract Tower,33,11,10,4,58,0,0,17,0,17,33,11,27,4,75,0,0,0,75
04/28/2007,HRL,TX,ASW,CE,Federal Contract Tower,20,11,13,0,44,0,0,12,0,12,20,11,25,0,56,0,0,0,56
04/29/2007,HRL,TX,ASW,CE,Federal Contract Tower,21,13,9,4,47,0,1,25,0,26,21,14,34,4,73,12,4,16,89
04/30/2007,HRL,TX,ASW,CE,Federal Contract Tower,32,11,20,16,79,0,1,18,0,19,32,12,38,16,98,24,76,100,198
05/01/2007,HRL,TX,ASW,CE,Federal Contract Tower,35,12,9,33,89,0,0,11,0,11,35,12,20,33,100,0,298,298,398
05/02/2007,HRL,TX,ASW,CE,Federal Contract Tower,36,11,10,31,88,0,0,25,0,25,36,11,35,31,113,4,116,120,233
05/03/2007,HRL,TX,ASW,CE,Federal Contract Tower,36,8,7,35,86,0,0,41,0,41,36,8,48,35,127,12,212,224,351
05/04/2007,HRL,TX,ASW,CE,Federal Contract Tower,34,12,8,33,87,0,0,5,0,5,34,12,13,33,92,16,74,90,182
05/05/2007,HRL,TX,ASW,CE,Federal Contract Tower,23,9,0,0,32,0,0,6,0,6,23,9,6,0,38,0,0,0,38
05/06/2007,HRL,TX,ASW,CE,Federal Contract Tower,22,10,3,2,37,0,5,5,0,10,22,15,8,2,47,0,0,0,47
05/07/2007,HRL,TX,ASW,CE,Federal Contract Tower,31,9,13,12,65,0,0,16,0,16,31,9,29,12,81,0,116,116,197
05/08/2007,HRL,TX,ASW,CE,Federal Contract Tower,37,16,5,13,71,0,0,20,0,20,37,16,25,13,91,6,70,76,167
05/09/2007,HRL,TX,ASW,CE,Federal Contract Tower,36,12,5,34,87,0,0,30,0,30,36,12,35,34,117,2,231,233,350
05/10/2007,HRL,TX,ASW,CE,Federal Contract Tower,37,11,13,25,86,0,0,19,0,19,37,11,32,25,105,0,66,66,171
05/11/2007,HRL,TX,ASW,CE,Federal Contract Tower,31,11,5,10,57,0,0,20,0,20,31,11,25,10,77,0,22,22,99
05/12/2007,HRL,TX,ASW,CE,Federal Contract Tower,24,9,13,8,54,0,0,13,0,13,24,9,26,8,67,0,2,2,69
05/13/2007,HRL,TX,ASW,CE,Federal Contract Tower,22,9,2,2,35,0,2,9,0,11,22,11,11,2,46,2,2,4,50
05/14/2007,HRL,TX,ASW,CE,Federal Contract Tower,30,9,8,22,69,0,0,14,0,14,30,9,22,22,83,20,8,28,111
05/15/2007,HRL,TX,ASW,CE,Federal Contract Tower,39,11,9,16,75,0,0,32,0,32,39,11,41,16,107,6,14,20,127
05/16/2007,HRL,TX,ASW,CE,Federal Contract Tower,37,14,12,14,77,0,0,35,0,35,37,14,47,14,112,22,58,80,192
05/17/2007,HRL,TX,ASW,CE,Federal Contract Tower,35,10,10,8,63,0,0,32,0,32,35,10,42,8,95,16,2,18,113
05/18/2007,HRL,TX,ASW,CE,Federal Contract Tower,33,11,8,6,58,0,0,16,0,16,33,11,24,6,74,28,2,30,104
05/19/2007,HRL,TX,ASW,CE,Federal Contract Tower,24,9,4,8,45,0,0,21,0,21,24,9,25,8,66,0,0,0,66
05/20/2007,HRL,TX,ASW,CE,Federal Contract Tower,22,11,1,0,34,0,0,11,0,11,22,11,12,0,45,0,0,0,45
05/21/2007,HRL,TX,ASW,CE,Federal Contract Tower,30,10,10,24,74,0,0,23,0,23,30,10,33,24,97,2,128,130,227
05/22/2007,HRL,TX,ASW,CE,Federal Contract Tower,35,13,5,11,64,0,0,17,0,17,35,13,22,11,81,4,72,76,157
05/23/2007,HRL,TX,ASW,CE,Federal Contract Tower,40,10,13,22,85,0,0,23,0,23,40,10,36,22,108,14,30,44,152
05/24/2007,HRL,TX,ASW,CE,Federal Contract Tower,31,14,8,25,78,0,0,16,5,21,31,14,24,30,99,4,78,82,181
05/25/2007,HRL,TX,ASW,CE,Federal Contract Tower,35,14,11,0,60,0,0,8,0,8,35,14,19,0,68,0,0,0,68
05/26/2007,HRL,TX,ASW,CE,Federal Contract Tower,26,10,10,0,46,0,0,15,0,15,26,10,25,0,61,0,0,0,61
05/27/2007,HRL,TX,ASW,CE,Federal Contract Tower,15,10,3,0,28,0,0,5,0,5,15,10,8,0,33,0,0,0,33
05/28/2007,HRL,TX,ASW,CE,Federal Contract Tower,19,11,3,2,35,0,2,9,0,11,19,13,12,2,46,0,0,0,46
05/29/2007,HRL,TX,ASW,CE,Federal Contract Tower,35,14,18,22,89,0,0,15,0,15,35,14,33,22,104,2,8,10,114
05/30/2007,HRL,TX,ASW,CE,Federal Contract Tower,36,15,6,31,88,0,0,17,0,17,36,15,23,31,105,2,94,96,201
05/31/2007,HRL,TX,ASW,CE,Federal Contract Tower,39,11,20,18,88,0,0,25,0,25,39,11,45,18,113,2,112,114,227
06/01/2007,HRL,TX,ASW,CE,Federal Contract Tower,32,10,13,13,68,0,0,29,0,29,32,10,42,13,97,0,34,34,131
06/02/2007,HRL,TX,ASW,CE,Federal Contract Tower,24,10,6,0,40,0,0,16,0,16,24,10,22,0,56,0,0,0,56
06/03/2007,HRL,TX,ASW,CE,Federal Contract Tower,21,15,1,0,37,0,0,25,0,25,21,15,26,0,62,0,0,0,62
06/04/2007,HRL,TX,ASW,CE,Federal Contract Tower,29,13,14,34,90,0,0,24,0,24,29,13,38,34,114,0,108,108,222
06/05/2007,HRL,TX,ASW,CE,Federal Contract Tower,40,20,3,12,75,0,0,40,0,40,40,20,43,12,115,26,8,34,149
06/06/2007,HRL,TX,ASW,CE,Federal Contract Tower,34,13,14,18,79,0,0,27,0,27,34,13,41,18,106,22,146,168,274
06/07/2007,HRL,TX,ASW,CE,Federal Contract Tower,35,11,7,7,60,0,0,21,0,21,35,11,28,7,81,0,160,160,241
06/08/2007,HRL,TX,ASW,CE,Federal Contract Tower,33,23,8,18,82,0,0,30,0,30,33,23,38,18,112,20,6,26,138
06/09/2007,HRL,TX,ASW,CE,Federal Contract Tower,23,10,7,2,42,0,0,11,0,11,23,10,18,2,53,22,0,22,75
06/10/2007,HRL,TX,ASW,CE,Federal Contract Tower,22,9,1,0,32,0,5,14,0,19,22,14,15,0,51,2,0,2,53
06/11/2007,HRL,TX,ASW,CE,Federal Contract Tower,29,12,7,18,66,0,0,10,0,10,29,12,17,18,76,10,244,254,330
06/12/2007,HRL,TX,ASW,CE,Federal Contract Tower,37,14,9,36,96,0,0,30,0,30,37,14,39,36,126,18,18,36,162
06/13/2007,HRL,TX,ASW,CE,Federal Contract Tower,33,11,8,40,92,0,0,28,0,28,33,11,36,40,120,12,140,152,272
06/14/2007,HRL,TX,ASW,CE,Federal Contract Tower,39,12,12,20,83,0,0,25,0,25,39,12,37,20,108,2,58,60,168
06/15/2007,HRL,TX,ASW,CE,Federal Contract Tower,29,11,3,26,69,0,0,28,0,28,29,11,31,26,97,2,50,52,149
06/16/2007,HRL,TX,ASW,CE,Federal Contract Tower,27,10,0,17,54,0,0,15,0,15,27,10,15,17,69,4,22,26,95
06/17/2007,HRL,TX,ASW,CE,Federal Contract Tower,25,7,4,0,36,0,0,15,0,15,25,7,19,0,51,0,0,0,51
06/18/2007,HRL,TX,ASW,CE,Federal Contract Tower,30,11,14,21,76,0,0,23,0,23,30,11,37,21,99,10,6,16,115
06/19/2007,HRL,TX,ASW,CE,Federal Contract Tower,37,19,10,7,73,0,0,22,0,22,37,19,32,7,95,2,22,24,119
06/20/2007,HRL,TX,ASW,CE,Federal Contract Tower,37,14,4,13,68,0,0,21,0,21,37,14,25,13,89,12,2,14,103
06/21/2007,HRL,TX,ASW,CE,Federal Contract Tower,42,8,15,13,78,0,0,24,0,24,42,8,39,13,102,6,18,24,126
06/22/2007,HRL,TX,ASW,CE,Federal Contract Tower,35,12,6,4,57,0,0,16,0,16,35,12,22,4,73,2,0,2,75
06/23/2007,HRL,TX,ASW,CE,Federal Contract Tower,24,8,2,0,34,0,0,0,0,0,24,8,2,0,34,0,0,0,34
06/24/2007,HRL,TX,ASW,CE,Federal Contract Tower,22,10,5,0,37,0,0,5,0,5,22,10,10,0,42,0,0,0,42
06/25/2007,HRL,TX,ASW,CE,Federal Contract Tower,31,5,16,30,82,0,8,20,0,28,31,13,36,30,110,16,54,70,180
06/26/2007,HRL,TX,ASW,CE,Federal Contract Tower,32,12,4,39,87,0,0,16,0,16,32,12,20,39,103,14,160,174,277
06/27/2007,HRL,TX,ASW,CE,Federal Contract Tower,36,10,17,20,83,0,0,32,0,32,36,10,49,20,115,2,32,34,149
06/28/2007,HRL,TX,ASW,CE,Federal Contract Tower,39,12,8,21,80,0,0,48,0,48,39,12,56,21,128,44,104,148,276
06/29/2007,HRL,TX,ASW,CE,Federal Contract Tower,32,9,14,20,75,0,0,19,0,19,32,9,33,20,94,42,16,58,152
06/30/2007,HRL,TX,ASW,CE,Federal Contract Tower,26,9,2,0,37,0,0,5,0,5,26,9,7,0,42,0,0,0,42
07/01/2007,HRL,TX,ASW,CE,Federal Contract Tower,23,9,5,2,39,0,1,4,0,5,23,10,9,2,44,0,2,2,46
07/02/2007,HRL,TX,ASW,CE,Federal Contract Tower,33,8,5,0,46,0,2,12,0,14,33,10,17,0,60,2,0,2,62
07/03/2007,HRL,TX,ASW,CE,Federal Contract Tower,36,8,5,0,49,0,0,25,0,25,36,8,30,0,74,0,0,0,74
07/04/2007,HRL,TX,ASW,CE,Federal Contract Tower,20,6,2,1,29,0,0,31,0,31,20,6,33,1,60,0,0,0,60
07/05/2007,HRL,TX,ASW,CE,Federal Contract Tower,37,10,4,4,55,0,0,18,0,18,37,10,22,4,73,42,2,44,117
07/06/2007,HRL,TX,ASW,CE,Federal Contract Tower,33,7,20,17,77,0,0,19,0,19,33,7,39,17,96,10,14,24,120
07/07/2007,HRL,TX,ASW,CE,Federal Contract Tower,25,9,4,1,39,0,0,12,0,12,25,9,16,1,51,0,0,0,51
07/08/2007,HRL,TX,ASW,CE,Federal Contract Tower,22,9,2,2,35,0,0,11,0,11,22,9,13,2,46,8,0,8,54
07/09/2007,HRL,TX,ASW,CE,Federal Contract Tower,32,11,7,24,74,0,0,36,0,36,32,11,43,24,110,0,52,52,162
07/10/2007,HRL,TX,ASW,CE,Federal Contract Tower,34,11,9,10,64,0,0,39,0,39,34,11,48,10,103,12,10,22,125
07/11/2007,HRL,TX,ASW,CE,Federal Contract Tower,37,12,16,10,75,0,0,48,0,48,37,12,64,10,123,10,4,14,137
07/12/2007,HRL,TX,ASW,CE,Federal Contract Tower,35,10,6,30,81,0,0,24,0,24,35,10,30,30,105,14,70,84,189
07/13/2007,HRL,TX,ASW,CE,Federal Contract Tower,34,10,15,13,72,0,0,24,0,24,34,10,39,13,96,10,38,48,144
07/14/2007,HRL,TX,ASW,CE,Federal Contract Tower,27,8,5,0,40,0,0,19,0,19,27,8,24,0,59,6,0,6,65
07/15/2007,HRL,TX,ASW,CE,Federal Contract Tower,23,10,6,4,43,0,0,13,0,13,23,10,19,4,56,4,54,58,114
07/16/2007,HRL,TX,ASW,CE,Federal Contract Tower,32,11,7,10,60,0,0,20,0,20,32,11,27,10,80,70,24,94,174
07/17/2007,HRL,TX,ASW,CE,Federal Contract Tower,36,11,9,6,62,0,0,19,0,19,36,11,28,6,81,40,2,42,123
07/18/2007,HRL,TX,ASW,CE,Federal Contract Tower,39,10,8,2,59,0,0,11,0,11,39,10,19,2,70,0,2,2,72
07/19/2007,HRL,TX,ASW,CE,Federal Contract Tower,42,9,8,10,69,0,0,19,0,19,42,9,27,10,88,24,6,30,118
07/20/2007,HRL,TX,ASW,CE,Federal Contract Tower,31,10,9,24,74,0,0,11,0,11,31,10,20,24,85,20,6,26,111
07/21/2007,HRL,TX,ASW,CE,Federal Contract Tower,28,9,1,0,38,0,0,26,0,26,28,9,27,0,64,0,0,0,64
07/22/2007,HRL,TX,ASW,CE,Federal Contract Tower,24,9,6,0,39,0,0,26,0,26,24,9,32,0,65,28,0,28,93
07/23/2007,HRL,TX,ASW,CE,Federal Contract Tower,31,9,7,18,65,0,0,22,0,22,31,9,29,18,87,8,58,66,153
07/24/2007,HRL,TX,ASW,CE,Federal Contract Tower,37,9,3,19,68,0,0,34,0,34,37,9,37,19,102,8,16,24,126
07/25/2007,HRL,TX,ASW,CE,Federal Contract Tower,35,9,5,6,55,0,0,26,0,26,35,9,31,6,81,14,2,16,97
07/26/2007,HRL,TX,ASW,CE,Federal Contract Tower,34,14,13,8,69,0,0,42,0,42,34,14,55,8,111,30,6,36,147
07/27/2007,HRL,TX,ASW,CE,Federal Contract Tower,32,10,14,2,58,0,0,21,0,21,32,10,35,2,79,2,32,34,113
07/28/2007,HRL,TX,ASW,CE,Federal Contract Tower,25,10,7,0,42,0,0,17,0,17,25,10,24,0,59,0,0,0,59
07/29/2007,HRL,TX,ASW,CE,Federal Contract Tower,23,10,3,0,36,0,0,3,0,3,23,10,6,0,39,0,0,0,39
07/30/2007,HRL,TX,ASW,CE,Federal Contract Tower,30,15,5,18,68,0,0,27,0,27,30,15,32,18,95,2,14,16,111
07/31/2007,HRL,TX,ASW,CE,Federal Contract Tower,38,13,15,18,84,0,0,47,0,47,38,13,62,18,131,0,146,146,277
08/01/2007,HRL,TX,ASW,CE,Federal Contract Tower,39,10,9,29,87,0,0,43,0,43,39,10,52,29,130,12,124,136,266
08/02/2007,HRL,TX,ASW,CE,Federal Contract Tower,38,9,7,34,88,0,0,33,1,34,38,9,40,35,122,36,261,297,419
08/03/2007,HRL,TX,ASW,CE,Federal Contract Tower,33,13,0,15,61,0,0,35,0,35,33,13,35,15,96,24,146,170,266
08/04/2007,HRL,TX,ASW,CE,Federal Contract Tower,26,10,3,6,45,0,0,23,0,23,26,10,26,6,68,0,0,0,68
08/05/2007,HRL,TX,ASW,CE,Federal Contract Tower,25,10,1,0,36,0,0,7,0,7,25,10,8,0,43,0,0,0,43
08/06/2007,HRL,TX,ASW,CE,Federal Contract Tower,32,13,12,26,83,0,0,38,0,38,32,13,50,26,121,2,108,110,231
08/07/2007,HRL,TX,ASW,CE,Federal Contract Tower,41,12,10,25,88,0,0,46,0,46,41,12,56,25,134,4,50,54,188
08/08/2007,HRL,TX,ASW,CE,Federal Contract Tower,37,11,6,12,66,0,0,34,0,34,37,11,40,12,100,2,18,20,120
08/09/2007,HRL,TX,ASW,CE,Federal Contract Tower,34,11,14,5,64,0,0,37,0,37,34,11,51,5,101,2,94,96,197
08/10/2007,HRL,TX,ASW,CE,Federal Contract Tower,31,11,13,16,71,0,0,42,0,42,31,11,55,16,113,24,74,98,211
08/11/2007,HRL,TX,ASW,CE,Federal Contract Tower,26,11,5,2,44,0,0,23,0,23,26,11,28,2,67,22,4,26,93
08/12/2007,HRL,TX,ASW,CE,Federal Contract Tower,23,9,12,0,44,0,0,20,0,20,23,9,32,0,64,0,0,0,64
08/13/2007,HRL,TX,ASW,CE,Federal Contract Tower,34,11,10,16,71,0,0,26,0,26,34,11,36,16,97,20,32,52,149
08/14/2007,HRL,TX,ASW,CE,Federal Contract Tower,37,13,18,6,74,0,2,12,1,15,37,15,30,7,89,6,0,6,95
08/15/2007,HRL,TX,ASW,CE,Federal Contract Tower,40,11,15,0,66,0,0,23,0,23,40,11,38,0,89,0,0,0,89
08/16/2007,HRL,TX,ASW,CE,Federal Contract Tower,37,9,5,0,51,0,0,27,0,27,37,9,32,0,78,0,0,0,78
08/17/2007,HRL,TX,ASW,CE,Federal Contract Tower,34,8,10,0,52,0,0,18,0,18,34,8,28,0,70,10,0,10,80
08/18/2007,HRL,TX,ASW,CE,Federal Contract Tower,27,10,3,0,40,0,0,10,0,10,27,10,13,0,50,0,0,0,50
08/19/2007,HRL,TX,ASW,CE,Federal Contract Tower,23,10,4,4,41,0,0,23,0,23,23,10,27,4,64,6,4,10,74
08/20/2007,HRL,TX,ASW,CE,Federal Contract Tower,35,11,4,6,56,0,0,24,0,24,35,11,28,6,80,20,56,76,156
08/21/2007,HRL,TX,ASW,CE,Federal Contract Tower,39,11,2,22,74,0,0,32,5,37,39,11,34,27,111,0,108,108,219
08/22/2007,HRL,TX,ASW,CE,Federal Contract Tower,36,13,5,14,68,0,0,10,0,10,36,13,15,14,78,2,6,8,86
08/23/2007,HRL,TX,ASW,CE,Federal Contract Tower,35,13,6,28,82,0,0,16,0,16,35,13,22,28,98,4,62,66,164
08/24/2007,HRL,TX,ASW,CE,Federal Contract Tower,32,12,10,18,72,0,0,5,0,5,32,12,15,18,77,38,6,44,121
08/25/2007,HRL,TX,ASW,CE,Federal Contract Tower,29,11,1,0,41,0,0,25,0,25,29,11,26,0,66,0,0,0,66
08/26/2007,HRL,TX,ASW,CE,Federal Contract Tower,21,11,5,2,39,0,0,21,0,21,21,11,26,2,60,0,0,0,60
08/27/2007,HRL,TX,ASW,CE,Federal Contract Tower,30,11,12,14,67,0,0,19,0,19,30,11,31,14,86,22,2,24,110
08/28/2007,HRL,TX,ASW,CE,Federal Contract Tower,39,11,9,0,59,0,0,30,0,30,39,11,39,0,89,2,0,2,91
08/29/2007,HRL,TX,ASW,CE,Federal Contract Tower,39,14,19,15,87,0,0,10,0,10,39,14,29,15,97,6,16,22,119
08/30/2007,HRL,TX,ASW,CE,Federal Contract Tower,40,13,4,7,64,0,0,26,0,26,40,13,30,7,90,24,136,160,250
08/31/2007,HRL,TX,ASW,CE,Federal Contract Tower,33,10,16,8,67,0,0,26,0,26,33,10,42,8,93,0,2,2,95
09/01/2007,HRL,TX,ASW,CE,Federal Contract Tower,24,7,11,0,42,0,0,10,0,10,24,7,21,0,52,0,0,0,52
09/02/2007,HRL,TX,ASW,CE,Federal Contract Tower,15,9,6,0,30,0,0,7,0,7,15,9,13,0,37,0,0,0,37
09/03/2007,HRL,TX,ASW,CE,Federal Contract Tower,23,7,8,0,38,0,0,24,0,24,23,7,32,0,62,0,0,0,62
09/04/2007,HRL,TX,ASW,CE,Federal Contract Tower,35,13,4,44,96,0,0,23,0,23,35,13,27,44,119,4,126,130,249
09/05/2007,HRL,TX,ASW,CE,Federal Contract Tower,32,9,6,20,67,0,0,31,0,31,32,9,37,20,98,2,150,152,250
09/06/2007,HRL,TX,ASW,CE,Federal Contract Tower,39,13,10,16,78,0,0,48,0,48,39,13,58,16,126,14,126,140,266
09/07/2007,HRL,TX,ASW,CE,Federal Contract Tower,33,16,13,14,76,0,0,30,0,30,33,16,43,14,106,16,2,18,124
09/08/2007,HRL,TX,ASW,CE,Federal Contract Tower,24,8,6,0,38,0,0,10,0,10,24,8,16,0,48,0,0,0,48
09/09/2007,HRL,TX,ASW,CE,Federal Contract Tower,21,10,8,0,39,0,0,23,0,23,21,10,31,0,62,8,0,8,70
09/10/2007,HRL,TX,ASW,CE,Federal Contract Tower,27,13,11,12,63,0,0,33,0,33,27,13,44,12,96,22,242,264,360
09/11/2007,HRL,TX,ASW,CE,Federal Contract Tower,36,10,7,15,68,0,0,50,0,50,36,10,57,15,118,16,206,222,340
09/12/2007,HRL,TX,ASW,CE,Federal Contract Tower,39,11,13,7,70,0,0,28,0,28,39,11,41,7,98,0,56,56,154
09/13/2007,HRL,TX,ASW,CE,Federal Contract Tower,40,19,8,12,79,0,0,38,4,42,40,19,46,16,121,72,60,132,253
09/14/2007,HRL,TX,ASW,CE,Federal Contract Tower,31,13,4,13,61,0,0,28,0,28,31,13,32,13,89,10,84,94,183
09/15/2007,HRL,TX,ASW,CE,Federal Contract Tower,25,7,6,0,38,0,0,19,0,19,25,7,25,0,57,4,10,14,71
09/16/2007,HRL,TX,ASW,CE,Federal Contract Tower,22,10,11,8,51,0,0,14,0,14,22,10,25,8,65,0,0,0,65
09/17/2007,HRL,TX,ASW,CE,Federal Contract Tower,33,12,6,16,67,0,0,18,0,18,33,12,24,16,85,2,76,78,163
09/18/2007,HRL,TX,ASW,CE,Federal Contract Tower,39,10,7,20,76,0,0,35,0,35,39,10,42,20,111,32,100,132,243
09/19/2007,HRL,TX,ASW,CE,Federal Contract Tower,36,9,18,11,74,0,0,37,0,37,36,9,55,11,111,14,260,274,385
09/20/2007,HRL,TX,ASW,CE,Federal Contract Tower,34,10,13,20,77,0,0,30,9,39,34,10,43,29,116,14,98,112,228
09/21/2007,HRL,TX,ASW,CE,Federal Contract Tower,36,10,7,21,74,0,0,33,0,33,36,10,40,21,107,66,97,163,270
09/22/2007,HRL,TX,ASW,CE,Federal Contract Tower,24,7,6,0,37,0,0,23,0,23,24,7,29,0,60,8,0,8,68
09/23/2007,HRL,TX,ASW,CE,Federal Contract Tower,21,10,8,4,43,0,0,22,0,22,21,10,30,4,65,0,0,0,65
09/24/2007,HRL,TX,ASW,CE,Federal Contract Tower,28,10,10,4,52,0,0,20,0,20,28,10,30,4,72,4,72,76,148
09/25/2007,HRL,TX,ASW,CE,Federal Contract Tower,37,11,25,20,93,0,0,27,7,34,37,11,52,27,127,8,294,302,429
09/26/2007,HRL,TX,ASW,CE,Federal Contract Tower,36,9,1,21,67,0,0,45,0,45,36,9,46,21,112,12,112,124,236
09/27/2007,HRL,TX,ASW,CE,Federal Contract Tower,43,11,16,31,101,0,0,33,0,33,43,11,49,31,134,10,276,286,420
09/28/2007,HRL,TX,ASW,CE,Federal Contract Tower,37,10,9,4,60,0,0,13,0,13,37,10,22,4,73,4,4,8,81
09/29/2007,HRL,TX,ASW,CE,Federal Contract Tower,24,8,4,0,36,0,0,15,0,15,24,8,19,0,51,44,0,44,95
09/30/2007,HRL,TX,ASW,CE,Federal Contract Tower,22,10,4,0,36,0,0,27,0,27,22,10,31,0,63,0,0,0,63
10/01/2007,HRL,TX,ASW,CE,Federal Contract Tower,33,10,9,20,72,0,0,39,0,39,33,10,48,20,111,20,22,42,153
10/02/2007,HRL,TX,ASW,CE,Federal Contract Tower,40,10,20,18,88,0,0,25,8,33,40,10,45,26,121,22,66,88,209
10/03/2007,HRL,TX,ASW,CE,Federal Contract Tower,36,11,13,25,85,0,0,45,0,45,36,11,58,25,130,20,86,106,236
10/04/2007,HRL,TX,ASW,CE,Federal Contract Tower,39,10,7,17,73,0,0,26,0,26,39,10,33,17,99,2,76,78,177
10/05/2007,HRL,TX,ASW,CE,Federal Contract Tower,30,9,13,4,56,0,0,23,0,23,30,9,36,4,79,24,2,26,105
10/06/2007,HRL,TX,ASW,CE,Federal Contract Tower,20,7,7,0,34,0,0,33,0,33,20,7,40,0,67,22,0,22,89
10/07/2007,HRL,TX,ASW,CE,Federal Contract Tower,23,11,13,0,47,0,0,25,0,25,23,11,38,0,72,24,0,24,96
10/08/2007,HRL,TX,ASW,CE,Federal Contract Tower,31,11,10,0,52,0,0,25,0,25,31,11,35,0,77,0,0,0,77
10/09/2007,HRL,TX,ASW,CE,Federal Contract Tower,39,14,7,12,72,0,0,20,0,20,39,14,27,12,92,0,8,8,100
10/10/2007,HRL,TX,ASW,CE,Federal Contract Tower,37,10,11,27,85,0,0,32,0,32,37,10,43,27,117,2,42,44,161
10/11/2007,HRL,TX,ASW,CE,Federal Contract Tower,39,9,6,15,69,0,0,41,10,51,39,9,47,25,120,0,140,140,260
10/12/2007,HRL,TX,ASW,CE,Federal Contract Tower,33,8,10,0,51,0,0,29,0,29,33,8,39,0,80,34,0,34,114
10/13/2007,HRL,TX,ASW,CE,Federal Contract Tower,22,7,8,0,37,0,0,20,0,20,22,7,28,0,57,8,0,8,65
10/14/2007,HRL,TX,ASW,CE,Federal Contract Tower,21,12,11,0,44,0,0,21,0,21,21,12,32,0,65,0,0,0,65
10/15/2007,HRL,TX,ASW,CE,Federal Contract Tower,30,8,11,25,74,0,0,20,0,20,30,8,31,25,94,32,64,96,190
10/16/2007,HRL,TX,ASW,CE,Federal Contract Tower,39,10,14,38,101,0,0,18,0,18,39,10,32,38,119,2,220,222,341
10/17/2007,HRL,TX,ASW,CE,Federal Contract Tower,35,11,10,56,112,0,0,29,0,29,35,11,39,56,141,8,234,242,383
10/18/2007,HRL,TX,ASW,CE,Federal Contract Tower,39,9,17,32,97,0,0,17,0,17,39,9,34,32,114,28,176,204,318
10/19/2007,HRL,TX,ASW,CE,Federal Contract Tower,35,11,13,28,87,0,0,31,0,31,35,11,44,28,118,36,0,36,154
10/20/2007,HRL,TX,ASW,CE,Federal Contract Tower,21,10,6,9,46,0,0,17,0,17,21,10,23,9,63,8,0,8,71
10/21/2007,HRL,TX,ASW,CE,Federal Contract Tower,21,12,6,0,39,0,0,9,0,9,21,12,15,0,48,4,0,4,52
10/22/2007,HRL,TX,ASW,CE,Federal Contract Tower,31,8,10,4,53,0,0,11,0,11,31,8,21,4,64,4,0,4,68
10/23/2007,HRL,TX,ASW,CE,Federal Contract Tower,35,11,6,18,70,0,0,20,0,20,35,11,26,18,90,12,90,102,192
10/24/2007,HRL,TX,ASW,CE,Federal Contract Tower,34,11,10,23,78,0,0,39,0,39,34,11,49,23,117,2,38,40,157
10/25/2007,HRL,TX,ASW,CE,Federal Contract Tower,39,10,8,30,87,0,0,20,3,23,39,10,28,33,110,10,76,86,196
10/26/2007,HRL,TX,ASW,CE,Federal Contract Tower,36,10,6,21,73,0,0,16,0,16,36,10,22,21,89,2,14,16,105
10/27/2007,HRL,TX,ASW,CE,Federal Contract Tower,20,7,2,0,29,0,0,15,0,15,20,7,17,0,44,0,0,0,44
10/28/2007,HRL,TX,ASW,CE,Federal Contract Tower,22,11,4,2,39,0,0,25,0,25,22,11,29,2,64,12,2,14,78
10/29/2007,HRL,TX,ASW,CE,Federal Contract Tower,31,9,5,18,63,0,0,23,0,23,31,9,28,18,86,48,12,60,146
10/30/2007,HRL,TX,ASW,CE,Federal Contract Tower,38,10,15,24,87,0,0,26,0,26,38,10,41,24,113,20,190,210,323
10/31/2007,HRL,TX,ASW,CE,Federal Contract Tower,38,10,2,38,88,0,0,27,0,27,38,10,29,38,115,0,78,78,193
11/01/2007,HRL,TX,ASW,CE,Federal Contract Tower,40,10,8,14,72,2,0,37,0,39,42,10,45,14,111,22,96,118,229
11/02/2007,HRL,TX,ASW,CE,Federal Contract Tower,30,9,12,6,57,0,0,28,0,28,30,9,40,6,85,34,116,150,235
11/03/2007,HRL,TX,ASW,CE,Federal Contract Tower,20,7,10,0,37,0,0,14,0,14,20,7,24,0,51,38,0,38,89
11/04/2007,HRL,TX,ASW,CE,Federal Contract Tower,20,9,7,0,36,0,0,15,0,15,20,9,22,0,51,12,0,12,63
11/05/2007,HRL,TX,ASW,CE,Federal Contract Tower,33,8,21,15,77,0,0,29,0,29,33,8,50,15,106,40,10,50,156
11/06/2007,HRL,TX,ASW,CE,Federal Contract Tower,40,10,12,12,74,0,0,22,0,22,40,10,34,12,96,22,120,142,238
11/07/2007,HRL,TX,ASW,CE,Federal Contract Tower,36,10,9,13,68,0,1,37,0,38,36,11,46,13,106,20,84,104,210
11/08/2007,HRL,TX,ASW,CE,Federal Contract Tower,39,13,15,12,79,0,0,36,0,36,39,13,51,12,115,42,86,128,243
11/09/2007,HRL,TX,ASW,CE,Federal Contract Tower,34,9,8,15,66,0,0,22,1,23,34,9,30,16,89,14,80,94,183
11/10/2007,HRL,TX,ASW,CE,Federal Contract Tower,24,7,4,0,35,0,0,21,2,23,24,7,25,2,58,6,0,6,64
11/11/2007,HRL,TX,ASW,CE,Federal Contract Tower,23,10,4,0,37,0,2,31,1,34,23,12,35,1,71,16,0,16,87
11/12/2007,HRL,TX,ASW,CE,Federal Contract Tower,32,15,13,4,64,0,0,27,0,27,32,15,40,4,91,42,2,44,135
11/13/2007,HRL,TX,ASW,CE,Federal Contract Tower,41,10,7,20,78,0,1,39,0,40,41,11,46,20,118,16,176,192,310
11/14/2007,HRL,TX,ASW,CE,Federal Contract Tower,39,8,14,16,77,0,0,30,0,30,39,8,44,16,107,6,78,84,191
11/15/2007,HRL,TX,ASW,CE,Federal Contract Tower,40,17,10,6,73,0,2,24,0,26,40,19,34,6,99,0,82,82,181
11/16/2007,HRL,TX,ASW,CE,Federal Contract Tower,34,9,11,22,76,0,1,27,3,31,34,10,38,25,107,10,120,130,237
11/17/2007,HRL,TX,ASW,CE,Federal Contract Tower,21,7,11,0,39,0,2,13,0,15,21,9,24,0,54,12,0,12,66
11/18/2007,HRL,TX,ASW,CE,Federal Contract Tower,23,12,16,0,51,0,0,17,0,17,23,12,33,0,68,0,0,0,68
11/19/2007,HRL,TX,ASW,CE,Federal Contract Tower,36,8,8,0,52,0,0,19,0,19,36,8,27,0,71,40,0,40,111
11/20/2007,HRL,TX,ASW,CE,Federal Contract Tower,43,13,8,33,97,0,0,21,0,21,43,13,29,33,118,26,180,206,324
11/21/2007,HRL,TX,ASW,CE,Federal Contract Tower,40,12,11,13,76,0,0,30,3,33,40,12,41,16,109,2,0,2,111
11/22/2007,HRL,TX,ASW,CE,Federal Contract Tower,13,8,1,0,22,0,0,4,0,4,13,8,5,0,26,14,0,14,40
11/23/2007,HRL,TX,ASW,CE,Federal Contract Tower,26,9,9,0,44,0,0,0,0,0,26,9,9,0,44,0,0,0,44
11/24/2007,HRL,TX,ASW,CE,Federal Contract Tower,20,11,20,0,51,0,0,0,0,0,20,11,20,0,51,0,0,0,51
11/25/2007,HRL,TX,ASW,CE,Federal Contract Tower,22,14,12,0,48,0,0,4,0,4,22,14,16,0,52,0,0,0,52
11/26/2007,HRL,TX,ASW,CE,Federal Contract Tower,39,11,8,16,74,0,0,35,0,35,39,11,43,16,109,42,4,46,155
11/27/2007,HRL,TX,ASW,CE,Federal Contract Tower,43,12,15,44,114,0,0,30,4,34,43,12,45,48,148,70,230,300,448
11/28/2007,HRL,TX,ASW,CE,Federal Contract Tower,35,7,9,34,85,0,4,33,0,37,35,11,42,34,122,24,72,96,218
11/29/2007,HRL,TX,ASW,CE,Federal Contract Tower,42,11,8,19,80,0,5,21,5,31,42,16,29,24,111,54,278,332,443
11/30/2007,HRL,TX,ASW,CE,Federal Contract Tower,34,13,15,28,90,2,0,2,0,4,36,13,17,28,94,0,80,80,174
12/01/2007,HRL,TX,ASW,CE,Federal Contract Tower,19,6,2,1,28,0,1,11,3,15,19,7,13,4,43,18,0,18,61
12/02/2007,HRL,TX,ASW,CE,Federal Contract Tower,23,11,17,0,51,0,1,10,0,11,23,12,27,0,62,18,0,18,80
12/03/2007,HRL,TX,ASW,CE,Federal Contract Tower,35,9,12,35,91,0,1,19,1,21,35,10,31,36,112,12,262,274,386
12/04/2007,HRL,TX,ASW,CE,Federal Contract Tower,38,7,12,40,97,0,0,31,0,31,38,7,43,40,128,26,62,88,216
12/05/2007,HRL,TX,ASW,CE,Federal Contract Tower,36,8,8,27,79,0,3,39,0,42,36,11,47,27,121,6,59,65,186
12/06/2007,HRL,TX,ASW,CE,Federal Contract Tower,39,12,18,33,102,0,1,23,1,25,39,13,41,34,127,0,12,12,139
12/07/2007,HRL,TX,ASW,CE,Federal Contract Tower,38,10,14,20,82,0,0,14,1,15,38,10,28,21,97,28,42,70,167
12/08/2007,HRL,TX,ASW,CE,Federal Contract Tower,20,6,14,0,40,0,0,5,0,5,20,6,19,0,45,10,0,10,55
12/09/2007,HRL,TX,ASW,CE,Federal Contract Tower,23,10,9,12,54,0,0,11,0,11,23,10,20,12,65,0,14,14,79
12/10/2007,HRL,TX,ASW,CE,Federal Contract Tower,34,8,9,40,91,0,0,18,1,19,34,8,27,41,110,34,132,166,276
12/11/2007,HRL,TX,ASW,CE,Federal Contract Tower,41,9,17,21,88,0,0,17,1,18,41,9,34,22,106,2,98,100,206
12/12/2007,HRL,TX,ASW,CE,Federal Contract Tower,38,14,19,30,101,0,1,10,2,13,38,15,29,32,114,2,46,48,162
12/13/2007,HRL,TX,ASW,CE,Federal Contract Tower,41,12,22,8,83,0,0,0,4,4,41,12,22,12,87,4,0,4,91
12/14/2007,HRL,TX,ASW,CE,Federal Contract Tower,36,11,9,22,78,0,0,8,0,8,36,11,17,22,86,0,18,18,104
12/15/2007,HRL,TX,ASW,CE,Federal Contract Tower,21,9,2,2,34,0,4,0,0,4,21,13,2,2,38,0,2,2,40
12/16/2007,HRL,TX,ASW,CE,Federal Contract Tower,23,9,7,10,49,0,0,21,0,21,23,9,28,10,70,0,0,0,70
12/17/2007,HRL,TX,ASW,CE,Federal Contract Tower,34,8,13,8,63,0,1,26,0,27,34,9,39,8,90,30,66,96,186
12/18/2007,HRL,TX,ASW,CE,Federal Contract Tower,43,10,17,8,78,0,0,23,0,23,43,10,40,8,101,2,30,32,133
12/19/2007,HRL,TX,ASW,CE,Federal Contract Tower,41,9,17,15,82,0,2,18,0,20,41,11,35,15,102,0,44,44,146
12/20/2007,HRL,TX,ASW,CE,Federal Contract Tower,44,11,15,6,76,0,0,33,1,34,44,11,48,7,110,8,0,8,118
12/21/2007,HRL,TX,ASW,CE,Federal Contract Tower,36,9,6,5,56,0,4,19,0,23,36,13,25,5,79,2,2,4,83
12/22/2007,HRL,TX,ASW,CE,Federal Contract Tower,19,12,13,0,44,3,4,12,0,19,22,16,25,0,63,14,0,14,77
12/23/2007,HRL,TX,ASW,CE,Federal Contract Tower,23,12,3,0,38,0,1,14,2,17,23,13,17,2,55,8,10,18,73
12/24/2007,HRL,TX,ASW,CE,Federal Contract Tower,24,6,4,0,34,0,0,20,0,20,24,6,24,0,54,0,0,0,54
12/25/2007,HRL,TX,ASW,CE,Federal Contract Tower,17,9,3,0,29,0,0,10,0,10,17,9,13,0,39,0,0,0,39
12/26/2007,HRL,TX,ASW,CE,Federal Contract Tower,40,13,12,2,67,1,4,15,0,20,41,17,27,2,87,2,2,4,91
12/27/2007,HRL,TX,ASW,CE,Federal Contract Tower,39,13,4,3,59,0,1,26,0,27,39,14,30,3,86,6,0,6,92
12/28/2007,HRL,TX,ASW,CE,Federal Contract Tower,38,9,8,0,55,0,3,23,2,28,38,12,31,2,83,32,0,32,115
12/29/2007,HRL,TX,ASW,CE,Federal Contract Tower,21,9,2,0,32,0,0,11,0,11,21,9,13,0,43,0,0,0,43
12/30/2007,HRL,TX,ASW,CE,Federal Contract Tower,18,10,10,0,38,0,0,5,0,5,18,10,15,0,43,0,0,0,43
12/31/2007,HRL,TX,ASW,CE,Federal Contract Tower,21,7,4,2,34,0,0,26,0,26,21,7,30,2,60,12,0,12,72
01/01/2008,HRL,TX,ASW,CE,Federal Contract Tower,20,8,6,0,34,0,0,10,0,10,20,8,16,0,44,1,0,1,45
01/02/2008,HRL,TX,ASW,CE,Federal Contract Tower,38,12,11,0,61,0,2,17,0,19,38,14,28,0,80,2,0,2,82
01/03/2008,HRL,TX,ASW,CE,Federal Contract Tower,41,19,11,4,75,0,4,19,0,23,41,23,30,4,98,4,20,24,122
01/04/2008,HRL,TX,ASW,CE,Federal Contract Tower,39,9,11,21,80,0,7,36,4,47,39,16,47,25,127,2,126,128,255
01/05/2008,HRL,TX,ASW,CE,Federal Contract Tower,21,10,5,0,36,0,0,18,0,18,21,10,23,0,54,16,0,16,70
01/06/2008,HRL,TX,ASW,CE,Federal Contract Tower,23,10,12,0,45,0,0,7,0,7,23,10,19,0,52,0,0,0,52
01/07/2008,HRL,TX,ASW,CE,Federal Contract Tower,32,10,18,25,85,0,0,9,0,9,32,10,27,25,94,12,126,138,232
01/08/2008,HRL,TX,ASW,CE,Federal Contract Tower,40,11,10,22,83,0,0,28,2,30,40,11,38,24,113,4,124,128,241
01/09/2008,HRL,TX,ASW,CE,Federal Contract Tower,32,9,12,24,77,0,0,28,0,28,32,9,40,24,105,26,68,94,199
01/10/2008,HRL,TX,ASW,CE,Federal Contract Tower,38,13,12,13,76,0,0,20,0,20,38,13,32,13,96,22,52,74,170
01/11/2008,HRL,TX,ASW,CE,Federal Contract Tower,31,11,10,3,55,7,1,21,6,35,38,12,31,9,90,56,6,62,152
01/12/2008,HRL,TX,ASW,CE,Federal Contract Tower,24,8,9,0,41,0,2,25,0,27,24,10,34,0,68,16,0,16,84
01/13/2008,HRL,TX,ASW,CE,Federal Contract Tower,21,9,10,0,40,0,0,16,0,16,21,9,26,0,56,30,0,30,86
01/14/2008,HRL,TX,ASW,CE,Federal Contract Tower,34,9,12,18,73,0,0,35,0,35,34,9,47,18,108,94,150,244,352
01/15/2008,HRL,TX,ASW,CE,Federal Contract Tower,40,8,18,16,82,0,0,12,0,12,40,8,30,16,94,2,0,2,96
01/16/2008,HRL,TX,ASW,CE,Federal Contract Tower,39,14,20,14,87,0,1,19,1,21,39,15,39,15,108,22,44,66,174
01/17/2008,HRL,TX,ASW,CE,Federal Contract Tower,43,14,26,2,85,0,0,0,0,0,43,14,26,2,85,0,2,2,87
01/18/2008,HRL,TX,ASW,CE,Federal Contract Tower,44,11,14,4,73,0,0,0,0,0,44,11,14,4,73,6,0,6,79
01/19/2008,HRL,TX,ASW,CE,Federal Contract Tower,20,10,9,6,45,0,0,16,0,16,20,10,25,6,61,0,0,0,61
01/20/2008,HRL,TX,ASW,CE,Federal Contract Tower,22,8,11,0,41,0,0,21,0,21,22,8,32,0,62,0,0,0,62
01/21/2008,HRL,TX,ASW,CE,Federal Contract Tower,30,10,11,2,53,0,0,34,0,34,30,10,45,2,87,48,0,48,135
01/22/2008,HRL,TX,ASW,CE,Federal Contract Tower,40,11,19,23,93,0,0,20,0,20,40,11,39,23,113,42,14,56,169
01/23/2008,HRL,TX,ASW,CE,Federal Contract Tower,39,15,25,10,89,0,0,0,0,0,39,15,25,10,89,0,0,0,89
01/24/2008,HRL,TX,ASW,CE,Federal Contract Tower,48,18,17,4,87,0,0,0,0,0,48,18,17,4,87,0,0,0,87
01/25/2008,HRL,TX,ASW,CE,Federal Contract Tower,46,16,20,8,90,0,0,0,0,0,46,16,20,8,90,0,4,4,94
01/26/2008,HRL,TX,ASW,CE,Federal Contract Tower,19,9,9,6,43,0,0,4,0,4,19,9,13,6,47,10,0,10,57
01/27/2008,HRL,TX,ASW,CE,Federal Contract Tower,20,13,17,4,54,1,0,11,0,12,21,13,28,4,66,50,48,98,164
01/28/2008,HRL,TX,ASW,CE,Federal Contract Tower,37,12,17,36,102,0,0,24,0,24,37,12,41,36,126,0,194,194,320
01/29/2008,HRL,TX,ASW,CE,Federal Contract Tower,40,18,9,44,111,0,1,21,0,22,40,19,30,44,133,0,80,80,213
01/30/2008,HRL,TX,ASW,CE,Federal Contract Tower,36,8,6,43,93,0,0,33,2,35,36,8,39,45,128,70,16,86,214
01/31/2008,HRL,TX,ASW,CE,Federal Contract Tower,38,8,13,23,82,0,0,11,0,11,38,8,24,23,93,110,212,322,415
02/01/2008,HRL,TX,ASW,CE,Federal Contract Tower,35,11,9,16,71,1,0,32,2,35,36,11,41,18,106,74,32,106,212
02/02/2008,HRL,TX,ASW,CE,Federal Contract Tower,20,13,1,0,34,0,6,20,0,26,20,19,21,0,60,32,0,32,92
02/03/2008,HRL,TX,ASW,CE,Federal Contract Tower,19,9,17,0,45,0,0,15,0,15,19,9,32,0,60,0,0,0,60
02/04/2008,HRL,TX,ASW,CE,Federal Contract Tower,31,12,3,51,97,0,0,17,1,18,31,12,20,52,115,0,236,236,351
02/05/2008,HRL,TX,ASW,CE,Federal Contract Tower,40,12,12,28,92,0,0,19,0,19,40,12,31,28,111,40,166,206,317
02/06/2008,HRL,TX,ASW,CE,Federal Contract Tower,38,12,12,20,82,0,0,34,0,34,38,12,46,20,116,0,70,70,186
02/07/2008,HRL,TX,ASW,CE,Federal Contract Tower,37,14,9,22,82,0,1,37,0,38,37,15,46,22,120,50,196,246,366
02/08/2008,HRL,TX,ASW,CE,Federal Contract Tower,36,9,15,31,91,0,0,37,1,38,36,9,52,32,129,22,72,94,223
02/09/2008,HRL,TX,ASW,CE,Federal Contract Tower,21,9,6,0,36,0,0,16,0,16,21,9,22,0,52,12,0,12,64
02/10/2008,HRL,TX,ASW,CE,Federal Contract Tower,21,13,7,6,47,0,0,5,0,5,21,13,12,6,52,0,0,0,52
02/11/2008,HRL,TX,ASW,CE,Federal Contract Tower,29,8,15,30,82,0,0,18,0,18,29,8,33,30,100,48,92,140,240
02/12/2008,HRL,TX,ASW,CE,Federal Contract Tower,43,12,20,20,95,0,1,5,0,6,43,13,25,20,101,0,98,98,199
02/13/2008,HRL,TX,ASW,CE,Federal Contract Tower,36,18,7,35,96,0,2,45,6,53,36,20,52,41,149,24,174,198,347
02/14/2008,HRL,TX,ASW,CE,Federal Contract Tower,41,10,10,31,92,0,0,21,1,22,41,10,31,32,114,2,24,26,140
02/15/2008,HRL,TX,ASW,CE,Federal Contract Tower,37,13,15,13,78,0,0,12,0,12,37,13,27,13,90,6,32,38,128
02/16/2008,HRL,TX,ASW,CE,Federal Contract Tower,27,8,10,6,51,0,0,1,0,1,27,8,11,6,52,0,4,4,56
02/17/2008,HRL,TX,ASW,CE,Federal Contract Tower,22,8,7,0,37,0,0,16,0,16,22,8,23,0,53,0,0,0,53
02/18/2008,HRL,TX,ASW,CE,Federal Contract Tower,33,12,5,0,50,0,0,27,0,27,33,12,32,0,77,38,0,38,115
02/19/2008,HRL,TX,ASW,CE,Federal Contract Tower,38,14,20,24,96,0,0,14,2,16,38,14,34,26,112,0,30,30,142
02/20/2008,HRL,TX,ASW,CE,Federal Contract Tower,37,16,17,25,95,0,7,11,1,19,37,23,28,26,114,0,12,12,126
02/21/2008,HRL,TX,ASW,CE,Federal Contract Tower,40,8,10,32,90,0,0,12,0,12,40,8,22,32,102,12,60,72,174
02/22/2008,HRL,TX,ASW,CE,Federal Contract Tower,38,8,11,24,81,0,0,27,0,27,38,8,38,24,108,0,298,298,406
02/23/2008,HRL,TX,ASW,CE,Federal Contract Tower,22,9,12,0,43,0,0,12,0,12,22,9,24,0,55,22,0,22,77
02/24/2008,HRL,TX,ASW,CE,Federal Contract Tower,22,10,10,0,42,0,0,11,0,11,22,10,21,0,53,10,0,10,63
02/25/2008,HRL,TX,ASW,CE,Federal Contract Tower,33,8,15,50,106,0,0,5,0,5,33,8,20,50,111,6,94,100,211
02/26/2008,HRL,TX,ASW,CE,Federal Contract Tower,38,9,9,37,93,0,0,28,5,33,38,9,37,42,126,0,122,122,248
02/27/2008,HRL,TX,ASW,CE,Federal Contract Tower,42,9,10,23,84,0,0,35,0,35,42,9,45,23,119,4,216,220,339
02/28/2008,HRL,TX,ASW,CE,Federal Contract Tower,39,9,11,20,79,0,0,23,3,26,39,9,34,23,105,2,64,66,171
02/29/2008,HRL,TX,ASW,CE,Federal Contract Tower,31,10,13,7,61,2,2,19,4,27,33,12,32,11,88,2,212,214,302
03/01/2008,HRL,TX,ASW,CE,Federal Contract Tower,18,8,8,2,36,0,0,8,1,9,18,8,16,3,45,10,0,10,55
03/02/2008,HRL,TX,ASW,CE,Federal Contract Tower,20,11,6,2,39,0,0,8,0,8,20,11,14,2,47,30,0,30,77
03/03/2008,HRL,TX,ASW,CE,Federal Contract Tower,34,10,10,16,70,0,0,17,0,17,34,10,27,16,87,0,96,96,183
03/04/2008,HRL,TX,ASW,CE,Federal Contract Tower,36,12,11,14,73,0,0,28,0,28,36,12,39,14,101,52,2,54,155
03/05/2008,HRL,TX,ASW,CE,Federal Contract Tower,44,10,10,5,69,0,0,30,0,30,44,10,40,5,99,22,78,100,199
03/06/2008,HRL,TX,ASW,CE,Federal Contract Tower,37,15,7,13,72,0,2,34,0,36,37,17,41,13,108,6,10,16,124
03/07/2008,HRL,TX,ASW,CE,Federal Contract Tower,35,11,8,2,56,0,0,15,0,15,35,11,23,2,71,2,36,38,109
03/08/2008,HRL,TX,ASW,CE,Federal Contract Tower,21,8,4,4,37,0,2,21,0,23,21,10,25,4,60,0,8,8,68
03/09/2008,HRL,TX,ASW,CE,Federal Contract Tower,22,10,6,2,40,0,0,3,0,3,22,10,9,2,43,14,10,24,67
03/10/2008,HRL,TX,ASW,CE,Federal Contract Tower,34,8,14,22,78,0,0,22,0,22,34,8,36,22,100,0,226,226,326
03/11/2008,HRL,TX,ASW,CE,Federal Contract Tower,40,12,9,21,82,0,2,26,1,29,40,14,35,22,111,2,188,190,301
03/12/2008,HRL,TX,ASW,CE,Federal Contract Tower,38,11,9,19,77,0,2,39,2,43,38,13,48,21,120,38,166,204,324
03/13/2008,HRL,TX,ASW,CE,Federal Contract Tower,41,9,11,16,77,1,3,23,5,32,42,12,34,21,109,28,60,88,197
03/14/2008,HRL,TX,ASW,CE,Federal Contract Tower,37,7,18,16,78,0,0,13,0,13,37,7,31,16,91,44,104,148,239
03/15/2008,HRL,TX,ASW,CE,Federal Contract Tower,21,9,7,0,37,0,0,31,0,31,21,9,38,0,68,0,0,0,68
03/16/2008,HRL,TX,ASW,CE,Federal Contract Tower,22,10,7,2,41,0,0,7,0,7,22,10,14,2,48,2,18,20,68
03/17/2008,HRL,TX,ASW,CE,Federal Contract Tower,35,12,10,0,57,0,0,8,0,8,35,12,18,0,65,0,0,0,65
03/18/2008,HRL,TX,ASW,CE,Federal Contract Tower,42,2,7,0,51,0,0,0,8,8,42,2,7,8,59,0,0,0,59
03/19/2008,HRL,TX,ASW,CE,Federal Contract Tower,36,7,5,14,62,0,3,25,0,28,36,10,30,14,90,0,66,66,156
03/20/2008,HRL,TX,ASW,CE,Federal Contract Tower,38,9,10,12,69,0,1,32,0,33,38,10,42,12,102,14,0,14,116
03/21/2008,HRL,TX,ASW,CE,Federal Contract Tower,36,10,3,28,77,0,0,23,0,23,36,10,26,28,100,4,64,68,168
03/22/2008,HRL,TX,ASW,CE,Federal Contract Tower,22,8,2,10,42,0,0,22,0,22,22,8,24,10,64,86,0,86,150
03/23/2008,HRL,TX,ASW,CE,Federal Contract Tower,23,12,7,0,42,0,0,3,0,3,23,12,10,0,45,0,0,0,45
03/24/2008,HRL,TX,ASW,CE,Federal Contract Tower,35,11,11,24,81,1,0,11,0,12,36,11,22,24,93,0,90,90,183
03/25/2008,HRL,TX,ASW,CE,Federal Contract Tower,37,11,4,12,64,0,0,30,0,30,37,11,34,12,94,6,0,6,100
03/26/2008,HRL,TX,ASW,CE,Federal Contract Tower,36,10,6,24,76,0,0,11,2,13,36,10,17,26,89,0,124,124,213
03/27/2008,HRL,TX,ASW,CE,Federal Contract Tower,41,12,12,16,81,0,1,22,0,23,41,13,34,16,104,0,28,28,132
03/28/2008,HRL,TX,ASW,CE,Federal Contract Tower,39,10,16,10,75,0,1,4,0,5,39,11,20,10,80,10,0,10,90
03/29/2008,HRL,TX,ASW,CE,Federal Contract Tower,18,10,5,0,33,2,0,10,0,12,20,10,15,0,45,6,0,6,51
03/30/2008,HRL,TX,ASW,CE,Federal Contract Tower,23,11,8,2,44,0,0,9,0,9,23,11,17,2,53,6,2,8,61
03/31/2008,HRL,TX,ASW,CE,Federal Contract Tower,32,10,6,28,76,1,0,15,0,16,33,10,21,28,92,10,330,340,432
04/01/2008,HRL,TX,ASW,CE,Federal Contract Tower,43,19,9,15,86,0,0,20,0,20,43,19,29,15,106,4,132,136,242
04/02/2008,HRL,TX,ASW,CE,Federal Contract Tower,36,8,7,21,72,0,0,23,3,26,36,8,30,24,98,0,80,80,178
04/03/2008,HRL,TX,ASW,CE,Federal Contract Tower,47,10,15,22,94,0,4,21,0,25,47,14,36,22,119,8,164,172,291
04/04/2008,HRL,TX,ASW,CE,Federal Contract Tower,37,11,19,21,88,0,0,18,0,18,37,11,37,21,106,8,334,342,448
04/05/2008,HRL,TX,ASW,CE,Federal Contract Tower,24,15,10,2,51,0,3,14,0,17,24,18,24,2,68,0,0,0,68
04/06/2008,HRL,TX,ASW,CE,Federal Contract Tower,22,12,8,4,46,0,0,15,0,15,22,12,23,4,61,46,0,46,107
04/07/2008,HRL,TX,ASW,CE,Federal Contract Tower,39,11,10,10,70,0,0,23,0,23,39,11,33,10,93,2,300,302,395
04/08/2008,HRL,TX,ASW,CE,Federal Contract Tower,35,10,5,20,70,0,1,32,0,33,35,11,37,20,103,30,140,170,273
04/09/2008,HRL,TX,ASW,CE,Federal Contract Tower,41,12,16,27,96,0,3,21,0,24,41,15,37,27,120,48,220,268,388
04/10/2008,HRL,TX,ASW,CE,Federal Contract Tower,35,8,13,12,68,0,2,22,14,38,35,10,35,26,106,2,12,14,120
04/11/2008,HRL,TX,ASW,CE,Federal Contract Tower,39,11,15,10,75,0,1,25,0,26,39,12,40,10,101,24,0,24,125
04/12/2008,HRL,TX,ASW,CE,Federal Contract Tower,18,7,6,2,33,1,7,14,0,22,19,14,20,2,55,0,2,2,57
04/13/2008,HRL,TX,ASW,CE,Federal Contract Tower,20,11,6,6,43,0,1,19,0,20,20,12,25,6,63,0,4,4,67
04/14/2008,HRL,TX,ASW,CE,Federal Contract Tower,32,10,14,14,70,0,3,28,0,31,32,13,42,14,101,16,76,92,193
04/15/2008,HRL,TX,ASW,CE,Federal Contract Tower,42,9,10,25,86,0,0,29,0,29,42,9,39,25,115,16,40,56,171
04/16/2008,HRL,TX,ASW,CE,Federal Contract Tower,37,12,11,19,79,0,1,31,0,32,37,13,42,19,111,42,78,120,231
04/17/2008,HRL,TX,ASW,CE,Federal Contract Tower,40,12,11,10,73,0,0,14,0,14,40,12,25,10,87,0,66,66,153
04/18/2008,HRL,TX,ASW,CE,Federal Contract Tower,37,11,13,4,65,0,0,21,0,21,37,11,34,4,86,6,42,48,134
04/19/2008,HRL,TX,ASW,CE,Federal Contract Tower,23,8,5,5,41,0,2,22,0,24,23,10,27,5,65,18,4,22,87
04/20/2008,HRL,TX,ASW,CE,Federal Contract Tower,22,11,6,4,43,0,0,11,0,11,22,11,17,4,54,6,10,16,70
04/21/2008,HRL,TX,ASW,CE,Federal Contract Tower,31,11,14,56,112,0,0,18,6,24,31,11,32,62,136,8,166,174,310
04/22/2008,HRL,TX,ASW,CE,Federal Contract Tower,39,10,19,27,95,0,0,26,0,26,39,10,45,27,121,24,190,214,335
04/23/2008,HRL,TX,ASW,CE,Federal Contract Tower,36,14,14,16,80,0,0,34,0,34,36,14,48,16,114,20,62,82,196
04/24/2008,HRL,TX,ASW,CE,Federal Contract Tower,41,10,9,12,72,1,2,26,0,29,42,12,35,12,101,18,68,86,187
04/25/2008,HRL,TX,ASW,CE,Federal Contract Tower,29,8,11,8,56,6,2,11,0,19,35,10,22,8,75,10,4,14,89
04/26/2008,HRL,TX,ASW,CE,Federal Contract Tower,24,8,4,0,36,0,0,8,0,8,24,8,12,0,44,0,0,0,44
04/27/2008,HRL,TX,ASW,CE,Federal Contract Tower,22,11,8,0,41,0,0,3,0,3,22,11,11,0,44,0,0,0,44
04/28/2008,HRL,TX,ASW,CE,Federal Contract Tower,32,8,16,24,80,0,0,32,0,32,32,8,48,24,112,32,132,164,276
04/29/2008,HRL,TX,ASW,CE,Federal Contract Tower,42,11,13,15,81,0,0,34,0,34,42,11,47,15,115,28,100,128,243
04/30/2008,HRL,TX,ASW,CE,Federal Contract Tower,41,9,12,27,89,0,0,28,0,28,41,9,40,27,117,2,86,88,205
05/01/2008,HRL,TX,ASW,CE,Federal Contract Tower,36,13,8,18,75,2,0,13,12,27,38,13,21,30,102,0,94,94,196
05/02/2008,HRL,TX,ASW,CE,Federal Contract Tower,28,12,9,3,52,0,0,29,0,29,28,12,38,3,81,28,0,28,109
05/03/2008,HRL,TX,ASW,CE,Federal Contract Tower,20,10,6,0,36,0,2,14,3,19,20,12,20,3,55,70,0,70,125
05/04/2008,HRL,TX,ASW,CE,Federal Contract Tower,22,10,1,0,33,0,1,4,0,5,22,11,5,0,38,0,0,0,38
05/05/2008,HRL,TX,ASW,CE,Federal Contract Tower,31,9,5,12,57,0,0,25,0,25,31,9,30,12,82,26,10,36,118
05/06/2008,HRL,TX,ASW,CE,Federal Contract Tower,36,13,12,28,89,0,0,25,4,29,36,13,37,32,118,36,2,38,156
05/07/2008,HRL,TX,ASW,CE,Federal Contract Tower,37,11,6,27,81,1,3,19,6,29,38,14,25,33,110,0,262,262,372
05/08/2008,HRL,TX,ASW,CE,Federal Contract Tower,37,14,6,27,84,1,0,19,6,26,38,14,25,33,110,0,262,262,372
05/09/2008,HRL,TX,ASW,CE,Federal Contract Tower,41,9,9,23,82,0,0,33,0,33,41,9,42,23,115,20,78,98,213
05/10/2008,HRL,TX,ASW,CE,Federal Contract Tower,24,9,7,6,46,0,0,5,0,5,24,9,12,6,51,4,10,14,65
05/11/2008,HRL,TX,ASW,CE,Federal Contract Tower,26,8,6,0,40,0,0,9,0,9,26,8,15,0,49,0,0,0,49
05/12/2008,HRL,TX,ASW,CE,Federal Contract Tower,30,12,17,21,80,0,0,9,7,16,30,12,26,28,96,10,68,78,174
05/13/2008,HRL,TX,ASW,CE,Federal Contract Tower,34,9,17,14,74,0,1,24,2,27,34,10,41,16,101,4,242,246,347
05/14/2008,HRL,TX,ASW,CE,Federal Contract Tower,34,10,6,50,100,0,0,24,3,27,34,10,30,53,127,0,194,194,321
05/15/2008,HRL,TX,ASW,CE,Federal Contract Tower,39,9,10,18,76,0,0,37,0,37,39,9,47,18,113,0,120,120,233
05/16/2008,HRL,TX,ASW,CE,Federal Contract Tower,34,9,20,4,67,0,0,15,0,15,34,9,35,4,82,0,0,0,82
05/17/2008,HRL,TX,ASW,CE,Federal Contract Tower,25,12,12,0,49,0,0,14,0,14,25,12,26,0,63,10,0,10,73
05/18/2008,HRL,TX,ASW,CE,Federal Contract Tower,23,11,8,2,44,0,0,19,0,19,23,11,27,2,63,10,0,10,73
05/19/2008,HRL,TX,ASW,CE,Federal Contract Tower,28,9,8,30,75,0,0,28,0,28,28,9,36,30,103,14,150,164,267
05/20/2008,HRL,TX,ASW,CE,Federal Contract Tower,38,11,14,26,89,0,0,19,0,19,38,11,33,26,108,2,130,132,240
05/21/2008,HRL,TX,ASW,CE,Federal Contract Tower,35,11,8,12,66,0,1,31,1,33,35,12,39,13,99,6,32,38,137
05/22/2008,HRL,TX,ASW,CE,Federal Contract Tower,44,10,11,30,95,0,0,13,5,18,44,10,24,35,113,20,478,498,611
05/23/2008,HRL,TX,ASW,CE,Federal Contract Tower,33,9,11,6,59,0,0,38,1,39,33,9,49,7,98,20,54,74,172
05/24/2008,HRL,TX,ASW,CE,Federal Contract Tower,20,6,2,1,29,0,0,17,1,18,20,6,19,2,47,20,0,20,67
05/25/2008,HRL,TX,ASW,CE,Federal Contract Tower,17,7,0,0,24,0,0,5,0,5,17,7,5,0,29,34,0,34,63
05/26/2008,HRL,TX,ASW,CE,Federal Contract Tower,21,9,2,2,34,0,0,18,0,18,21,9,20,2,52,42,0,42,94
05/27/2008,HRL,TX,ASW,CE,Federal Contract Tower,31,12,13,30,86,3,0,29,2,34,34,12,42,32,120,0,48,48,168
05/28/2008,HRL,TX,ASW,CE,Federal Contract Tower,42,11,7,9,69,0,0,34,6,40,42,11,41,15,109,14,112,126,235
05/29/2008,HRL,TX,ASW,CE,Federal Contract Tower,37,9,8,24,78,0,1,28,2,31,37,10,36,26,109,6,184,190,299
05/30/2008,HRL,TX,ASW,CE,Federal Contract Tower,35,12,8,6,61,0,0,28,2,30,35,12,36,8,91,2,99,101,192
05/31/2008,HRL,TX,ASW,CE,Federal Contract Tower,22,9,8,0,39,2,1,11,0,14,24,10,19,0,53,0,0,0,53
06/01/2008,HRL,TX,ASW,CE,Federal Contract Tower,23,10,9,2,44,0,0,10,4,14,23,10,19,6,58,2,0,2,60
06/02/2008,HRL,TX,ASW,CE,Federal Contract Tower,29,8,17,16,70,0,0,15,0,15,29,8,32,16,85,8,52,60,145
06/03/2008,HRL,TX,ASW,CE,Federal Contract Tower,35,15,8,14,72,1,0,25,0,26,36,15,33,14,98,2,6,8,106
06/04/2008,HRL,TX,ASW,CE,Federal Contract Tower,33,10,10,23,76,0,1,12,11,24,33,11,22,34,100,0,100,100,200
06/05/2008,HRL,TX,ASW,CE,Federal Contract Tower,39,11,9,3,62,0,7,20,0,27,39,18,29,3,89,6,58,64,153
06/06/2008,HRL,TX,ASW,CE,Federal Contract Tower,34,16,7,13,70,0,0,22,0,22,34,16,29,13,92,2,76,78,170
06/07/2008,HRL,TX,ASW,CE,Federal Contract Tower,21,9,2,0,32,0,0,9,0,9,21,9,11,0,41,12,0,12,53
06/08/2008,HRL,TX,ASW,CE,Federal Contract Tower,23,9,0,0,32,0,0,5,0,5,23,9,5,0,37,2,0,2,39
06/09/2008,HRL,TX,ASW,CE,Federal Contract Tower,33,8,12,26,79,0,0,20,0,20,33,8,32,26,99,2,6,8,107
06/10/2008,HRL,TX,ASW,CE,Federal Contract Tower,40,9,8,46,103,0,0,21,0,21,40,9,29,46,124,25,102,127,251
06/11/2008,HRL,TX,ASW,CE,Federal Contract Tower,35,11,8,22,76,0,1,22,12,35,35,12,30,34,111,0,161,161,272
06/12/2008,HRL,TX,ASW,CE,Federal Contract Tower,41,10,39,22,112,0,1,0,0,1,41,11,39,22,113,10,66,76,189
06/13/2008,HRL,TX,ASW,CE,Federal Contract Tower,30,10,15,11,66,0,0,22,3,25,30,10,37,14,91,2,52,54,145
06/14/2008,HRL,TX,ASW,CE,Federal Contract Tower,23,9,6,2,40,0,2,14,0,16,23,11,20,2,56,8,0,8,64
06/15/2008,HRL,TX,ASW,CE,Federal Contract Tower,24,10,7,0,41,0,1,7,0,8,24,11,14,0,49,0,0,0,49
06/16/2008,HRL,TX,ASW,CE,Federal Contract Tower,35,9,3,20,67,0,0,31,2,33,35,9,34,22,100,4,156,160,260
06/17/2008,HRL,TX,ASW,CE,Federal Contract Tower,42,15,16,33,106,0,1,27,0,28,42,16,43,33,134,42,198,240,374
06/18/2008,HRL,TX,ASW,CE,Federal Contract Tower,39,10,4,20,73,0,0,30,4,34,39,10,34,24,107,18,114,132,239
06/19/2008,HRL,TX,ASW,CE,Federal Contract Tower,47,14,6,24,91,0,0,41,3,44,47,14,47,27,135,12,36,48,183
06/20/2008,HRL,TX,ASW,CE,Federal Contract Tower,32,10,14,25,81,0,0,15,5,20,32,10,29,30,101,4,66,70,171
06/21/2008,HRL,TX,ASW,CE,Federal Contract Tower,22,8,2,0,32,0,0,9,0,9,22,8,11,0,41,4,0,4,45
06/22/2008,HRL,TX,ASW,CE,Federal Contract Tower,22,10,6,0,38,0,0,6,0,6,22,10,12,0,44,0,0,0,44
06/23/2008,HRL,TX,ASW,CE,Federal Contract Tower,34,10,9,14,67,0,0,30,0,30,34,10,39,14,97,12,84,96,193
06/24/2008,HRL,TX,ASW,CE,Federal Contract Tower,37,12,17,22,88,0,0,20,0,20,37,12,37,22,108,6,42,48,156
06/25/2008,HRL,TX,ASW,CE,Federal Contract Tower,42,19,8,34,103,0,0,25,0,25,42,19,33,34,128,24,20,44,172
06/26/2008,HRL,TX,ASW,CE,Federal Contract Tower,39,9,16,34,98,0,1,33,0,34,39,10,49,34,132,2,46,48,180
06/27/2008,HRL,TX,ASW,CE,Federal Contract Tower,38,10,16,10,74,0,0,32,0,32,38,10,48,10,106,0,8,8,114
06/28/2008,HRL,TX,ASW,CE,Federal Contract Tower,22,9,3,0,34,0,0,17,0,17,22,9,20,0,51,20,0,20,71
06/29/2008,HRL,TX,ASW,CE,Federal Contract Tower,25,9,5,6,45,0,0,12,0,12,25,9,17,6,57,36,0,36,93
06/30/2008,HRL,TX,ASW,CE,Federal Contract Tower,31,16,7,22,76,0,0,18,0,18,31,16,25,22,94,10,54,64,158
07/01/2008,HRL,TX,ASW,CE,Federal Contract Tower,37,13,37,28,115,32,13,12,18,75,69,26,49,46,190,48,105,153,343
07/02/2008,HRL,TX,ASW,CE,Federal Contract Tower,37,7,6,53,103,0,4,8,0,12,37,11,14,53,115,12,8,20,135
07/03/2008,HRL,TX,ASW,CE,Federal Contract Tower,40,10,11,9,70,0,0,47,0,47,40,10,58,9,117,42,14,56,173
07/04/2008,HRL,TX,ASW,CE,Federal Contract Tower,16,6,8,0,30,0,0,0,0,0,16,6,8,0,30,0,0,0,30
07/05/2008,HRL,TX,ASW,CE,Federal Contract Tower,22,9,5,0,36,0,0,0,0,0,22,9,5,0,36,0,0,0,36
07/06/2008,HRL,TX,ASW,CE,Federal Contract Tower,22,8,8,0,38,0,0,1,0,1,22,8,9,0,39,0,0,0,39
07/07/2008,HRL,TX,ASW,CE,Federal Contract Tower,35,9,15,0,59,0,0,7,0,7,35,9,22,0,66,8,0,8,74
07/08/2008,HRL,TX,ASW,CE,Federal Contract Tower,37,11,6,35,89,0,0,17,0,17,37,11,23,35,106,0,3,3,109
07/09/2008,HRL,TX,ASW,CE,Federal Contract Tower,40,9,11,17,77,0,0,30,4,34,40,9,41,21,111,6,45,51,162
07/10/2008,HRL,TX,ASW,CE,Federal Contract Tower,38,12,13,27,90,0,0,37,3,40,38,12,50,30,130,2,116,118,248
07/11/2008,HRL,TX,ASW,CE,Federal Contract Tower,33,12,18,20,83,0,0,44,2,46,33,12,62,22,129,6,18,24,153
07/12/2008,HRL,TX,ASW,CE,Federal Contract Tower,21,9,3,0,33,0,0,16,0,16,21,9,19,0,49,12,0,12,61
07/13/2008,HRL,TX,ASW,CE,Federal Contract Tower,24,9,1,0,34,0,0,13,0,13,24,9,14,0,47,12,0,12,59
07/14/2008,HRL,TX,ASW,CE,Federal Contract Tower,34,9,8,38,89,0,1,39,0,40,34,10,47,38,129,2,86,88,217
07/15/2008,HRL,TX,ASW,CE,Federal Contract Tower,35,12,14,17,78,0,1,51,0,52,35,13,65,17,130,0,7,7,137
07/16/2008,HRL,TX,ASW,CE,Federal Contract Tower,35,13,10,43,101,0,1,47,0,48,35,14,57,43,149,0,26,26,175
07/17/2008,HRL,TX,ASW,CE,Federal Contract Tower,39,11,12,34,96,0,0,39,0,39,39,11,51,34,135,12,10,22,157
07/18/2008,HRL,TX,ASW,CE,Federal Contract Tower,30,11,11,19,71,0,0,33,0,33,30,11,44,19,104,26,5,31,135
07/19/2008,HRL,TX,ASW,CE,Federal Contract Tower,22,9,3,0,34,0,0,15,0,15,22,9,18,0,49,0,0,0,49
07/20/2008,HRL,TX,ASW,CE,Federal Contract Tower,22,11,8,0,41,0,0,15,0,15,22,11,23,0,56,40,0,40,96
07/21/2008,HRL,TX,ASW,CE,Federal Contract Tower,31,13,3,6,53,0,0,38,0,38,31,13,41,6,91,10,56,66,157
07/22/2008,HRL,TX,ASW,CE,Federal Contract Tower,35,7,9,0,51,0,0,24,0,24,35,7,33,0,75,42,0,42,117
07/23/2008,HRL,TX,ASW,CE,Federal Contract Tower,0,0,0,0,0,0,0,0,0,0,0,0,0,0,0,0,0,0,0
07/24/2008,HRL,TX,ASW,CE,Federal Contract Tower,0,0,0,0,0,0,0,0,0,0,0,0,0,0,0,0,0,0,0
07/25/2008,HRL,TX,ASW,CE,Federal Contract Tower,5,4,6,0,15,0,0,18,8,26,5,4,24,8,41,0,0,0,41
07/26/2008,HRL,TX,ASW,CE,Federal Contract Tower,4,2,7,0,13,0,0,11,3,14,4,2,18,3,27,0,0,0,27
07/27/2008,HRL,TX,ASW,CE,Federal Contract Tower,20,7,6,0,33,0,0,9,0,9,20,7,15,0,42,0,0,0,42
07/28/2008,HRL,TX,ASW,CE,Federal Contract Tower,31,12,11,8,62,0,0,27,4,31,31,12,38,12,93,2,2,4,97
07/29/2008,HRL,TX,ASW,CE,Federal Contract Tower,42,12,10,10,74,0,0,28,2,30,42,12,38,12,104,8,46,54,158
07/30/2008,HRL,TX,ASW,CE,Federal Contract Tower,33,11,9,18,71,0,0,17,2,19,33,11,26,20,90,0,64,64,154
07/31/2008,HRL,TX,ASW,CE,Federal Contract Tower,35,11,13,51,110,0,0,28,0,28,35,11,41,51,138,4,140,144,282
08/01/2008,HRL,TX,ASW,CE,Federal Contract Tower,34,9,10,18,71,0,0,20,2,22,34,9,30,20,93,2,62,64,157
08/02/2008,HRL,TX,ASW,CE,Federal Contract Tower,20,10,4,8,42,0,0,10,0,10,20,10,14,8,52,0,0,0,52
08/03/2008,HRL,TX,ASW,CE,Federal Contract Tower,23,9,11,0,43,0,0,17,0,17,23,9,28,0,60,0,0,0,60
08/04/2008,HRL,TX,ASW,CE,Federal Contract Tower,28,10,19,18,75,0,0,27,2,29,28,10,46,20,104,46,8,54,158
08/05/2008,HRL,TX,ASW,CE,Federal Contract Tower,34,8,11,22,75,0,0,31,0,31,34,8,42,22,106,32,92,124,230
08/06/2008,HRL,TX,ASW,CE,Federal Contract Tower,37,11,12,49,109,0,0,39,1,40,37,11,51,50,149,16,182,198,347
08/07/2008,HRL,TX,ASW,CE,Federal Contract Tower,41,11,8,2,62,0,0,34,3,37,41,11,42,5,99,60,46,106,205
08/08/2008,HRL,TX,ASW,CE,Federal Contract Tower,34,11,10,6,61,0,0,31,0,31,34,11,41,6,92,36,0,36,128
08/09/2008,HRL,TX,ASW,CE,Federal Contract Tower,18,12,2,0,32,0,0,14,0,14,18,12,16,0,46,6,0,6,52
08/10/2008,HRL,TX,ASW,CE,Federal Contract Tower,25,11,9,4,49,0,0,13,0,13,25,11,22,4,62,0,0,0,62
08/11/2008,HRL,TX,ASW,CE,Federal Contract Tower,32,9,11,38,90,0,0,22,2,24,32,9,33,40,114,8,52,60,174
08/12/2008,HRL,TX,ASW,CE,Federal Contract Tower,35,9,15,41,100,0,0,46,1,47,35,9,61,42,147,66,138,204,351
08/13/2008,HRL,TX,ASW,CE,Federal Contract Tower,34,9,13,18,74,0,0,31,2,33,34,9,44,20,107,4,23,27,134
08/14/2008,HRL,TX,ASW,CE,Federal Contract Tower,36,11,15,3,65,0,0,30,5,35,36,11,45,8,100,2,28,30,130
08/15/2008,HRL,TX,ASW,CE,Federal Contract Tower,34,9,10,6,59,0,0,19,0,19,34,9,29,6,78,18,6,24,102
08/16/2008,HRL,TX,ASW,CE,Federal Contract Tower,24,10,4,0,38,0,0,5,0,5,24,10,9,0,43,0,0,0,43
08/17/2008,HRL,TX,ASW,CE,Federal Contract Tower,23,13,12,0,48,0,0,0,0,0,23,13,12,0,48,0,0,0,48
08/18/2008,HRL,TX,ASW,CE,Federal Contract Tower,33,11,9,6,59,0,0,9,0,9,33,11,18,6,68,0,0,0,68
08/19/2008,HRL,TX,ASW,CE,Federal Contract Tower,42,13,8,10,73,0,0,18,0,18,42,13,26,10,91,54,0,54,145
08/20/2008,HRL,TX,ASW,CE,Federal Contract Tower,40,10,7,23,80,0,0,30,0,30,40,10,37,23,110,3,76,79,189
08/21/2008,HRL,TX,ASW,CE,Federal Contract Tower,37,7,12,21,77,0,1,24,2,27,37,8,36,23,104,2,88,90,194
08/22/2008,HRL,TX,ASW,CE,Federal Contract Tower,35,10,16,3,64,0,0,12,0,12,35,10,28,3,76,4,48,52,128
08/23/2008,HRL,TX,ASW,CE,Federal Contract Tower,17,9,1,6,33,0,0,5,0,5,17,9,6,6,38,14,4,18,56
08/24/2008,HRL,TX,ASW,CE,Federal Contract Tower,21,9,12,0,42,0,0,3,0,3,21,9,15,0,45,6,0,6,51
08/25/2008,HRL,TX,ASW,CE,Federal Contract Tower,32,9,8,29,78,0,0,13,2,15,32,9,21,31,93,4,66,70,163
08/26/2008,HRL,TX,ASW,CE,Federal Contract Tower,37,11,12,44,104,0,0,21,3,24,37,11,33,47,128,8,66,74,202
08/27/2008,HRL,TX,ASW,CE,Federal Contract Tower,35,14,20,14,83,0,0,34,1,35,35,14,54,15,118,8,66,74,192
08/28/2008,HRL,TX,ASW,CE,Federal Contract Tower,38,10,18,15,81,0,0,41,0,41,38,10,59,15,122,14,6,20,142
08/29/2008,HRL,TX,ASW,CE,Federal Contract Tower,30,13,11,22,76,0,2,32,0,34,30,15,43,22,110,8,2,10,120
08/30/2008,HRL,TX,ASW,CE,Federal Contract Tower,18,8,7,0,33,0,0,9,0,9,18,8,16,0,42,4,0,4,46
08/31/2008,HRL,TX,ASW,CE,Federal Contract Tower,13,9,7,0,29,0,0,7,0,7,13,9,14,0,36,2,0,2,38
09/01/2008,HRL,TX,ASW,CE,Federal Contract Tower,20,9,12,0,41,0,0,13,0,13,20,9,25,0,54,8,0,8,62
09/02/2008,HRL,TX,ASW,CE,Federal Contract Tower,34,10,9,36,89,0,0,41,9,50,34,10,50,45,139,2,106,108,247
09/03/2008,HRL,TX,ASW,CE,Federal Contract Tower,37,12,13,18,80,0,0,18,2,20,37,12,31,20,100,0,4,4,104
09/04/2008,HRL,TX,ASW,CE,Federal Contract Tower,34,8,12,8,62,0,3,29,0,32,34,11,41,8,94,12,72,84,178
09/05/2008,HRL,TX,ASW,CE,Federal Contract Tower,32,9,26,3,70,0,2,21,0,23,32,11,47,3,93,0,2,2,95
09/06/2008,HRL,TX,ASW,CE,Federal Contract Tower,20,7,11,4,42,0,3,11,0,14,20,10,22,4,56,0,4,4,60
09/07/2008,HRL,TX,ASW,CE,Federal Contract Tower,22,10,9,0,41,0,0,22,0,22,22,10,31,0,63,2,0,2,65
09/08/2008,HRL,TX,ASW,CE,Federal Contract Tower,27,9,16,4,56,0,0,16,0,16,27,9,32,4,72,2,0,2,74
09/09/2008,HRL,TX,ASW,CE,Federal Contract Tower,34,9,6,23,72,0,0,27,0,27,34,9,33,23,99,4,6,10,109
09/10/2008,HRL,TX,ASW,CE,Federal Contract Tower,42,11,19,15,87,0,1,38,2,41,42,12,57,17,128,8,0,8,136
09/11/2008,HRL,TX,ASW,CE,Federal Contract Tower,42,8,10,4,64,0,1,27,0,28,42,9,37,4,92,2,0,2,94
09/12/2008,HRL,TX,ASW,CE,Federal Contract Tower,9,2,5,5,21,0,0,21,1,22,9,2,26,6,43,0,2,2,45
09/13/2008,HRL,TX,ASW,CE,Federal Contract Tower,4,0,3,1,8,0,0,11,2,13,4,0,14,3,21,0,0,0,21
09/14/2008,HRL,TX,ASW,CE,Federal Contract Tower,9,0,5,0,14,0,0,7,0,7,9,0,12,0,21,0,0,0,21
09/15/2008,HRL,TX,ASW,CE,Federal Contract Tower,20,9,11,4,44,0,0,7,0,7,20,9,18,4,51,0,4,4,55
09/16/2008,HRL,TX,ASW,CE,Federal Contract Tower,27,13,19,19,78,0,0,45,0,45,27,13,64,19,123,0,184,184,307
09/17/2008,HRL,TX,ASW,CE,Federal Contract Tower,31,10,9,12,62,0,0,35,1,36,31,10,44,13,98,2,192,194,292
09/18/2008,HRL,TX,ASW,CE,Federal Contract Tower,30,9,4,10,53,0,3,38,4,45,30,12,42,14,98,2,118,120,218
09/19/2008,HRL,TX,ASW,CE,Federal Contract Tower,29,9,18,4,60,0,39,0,0,39,29,48,18,4,99,10,0,10,109
09/20/2008,HRL,TX,ASW,CE,Federal Contract Tower,19,8,7,7,41,0,0,12,0,12,19,8,19,7,53,44,0,44,97
09/21/2008,HRL,TX,ASW,CE,Federal Contract Tower,21,10,9,0,40,0,0,13,0,13,21,10,22,0,53,0,0,0,53
09/22/2008,HRL,TX,ASW,CE,Federal Contract Tower,29,9,13,2,53,0,0,11,0,11,29,9,24,2,64,24,0,24,88
09/23/2008,HRL,TX,ASW,CE,Federal Contract Tower,37,11,9,6,63,0,1,24,0,25,37,12,33,6,88,2,0,2,90
09/24/2008,HRL,TX,ASW,CE,Federal Contract Tower,35,7,16,6,64,0,0,8,0,8,35,7,24,6,72,4,2,6,78
09/25/2008,HRL,TX,ASW,CE,Federal Contract Tower,40,9,17,54,120,0,0,40,2,42,40,9,57,56,162,42,16,58,220
09/26/2008,HRL,TX,ASW,CE,Federal Contract Tower,39,9,6,7,61,0,0,35,0,35,39,9,41,7,96,18,88,106,202
09/27/2008,HRL,TX,ASW,CE,Federal Contract Tower,16,7,7,0,30,0,0,19,0,19,16,7,26,0,49,6,0,6,55
09/28/2008,HRL,TX,ASW,CE,Federal Contract Tower,21,8,16,4,49,0,0,17,0,17,21,8,33,4,66,18,2,20,86
09/29/2008,HRL,TX,ASW,CE,Federal Contract Tower,37,12,7,43,99,0,0,40,0,40,37,12,47,43,139,14,8,22,161
09/30/2008,HRL,TX,ASW,CE,Federal Contract Tower,39,9,18,21,87,0,0,48,0,48,39,9,66,21,135,66,8,74,209
10/01/2008,HRL,TX,ASW,CE,Federal Contract Tower,32,7,10,21,70,0,0,41,0,41,32,7,51,21,111,12,10,22,133
10/02/2008,HRL,TX,ASW,CE,Federal Contract Tower,35,9,24,15,83,0,0,31,0,31,35,9,55,15,114,0,54,54,168
10/03/2008,HRL,TX,ASW,CE,Federal Contract Tower,33,9,12,2,56,0,0,26,0,26,33,9,38,2,82,24,0,24,106
10/04/2008,HRL,TX,ASW,CE,Federal Contract Tower,19,7,6,0,32,0,0,13,0,13,19,7,19,0,45,10,0,10,55
10/05/2008,HRL,TX,ASW,CE,Federal Contract Tower,21,9,8,6,44,0,0,19,0,19,21,9,27,6,63,0,4,4,67
10/06/2008,HRL,TX,ASW,CE,Federal Contract Tower,29,10,16,10,65,0,0,25,4,29,29,10,41,14,94,0,174,174,268
10/07/2008,HRL,TX,ASW,CE,Federal Contract Tower,40,9,15,11,75,0,0,22,0,22,40,9,37,11,97,16,72,88,185
10/08/2008,HRL,TX,ASW,CE,Federal Contract Tower,35,10,7,27,79,0,0,47,3,50,35,10,54,30,129,6,26,32,161
10/09/2008,HRL,TX,ASW,CE,Federal Contract Tower,40,10,9,10,69,0,1,49,2,52,40,11,58,12,121,26,62,88,209
10/10/2008,HRL,TX,ASW,CE,Federal Contract Tower,35,10,13,2,60,0,1,30,5,36,35,11,43,7,96,6,0,6,102
10/11/2008,HRL,TX,ASW,CE,Federal Contract Tower,21,9,5,0,35,0,0,17,0,17,21,9,22,0,52,14,0,14,66
10/12/2008,HRL,TX,ASW,CE,Federal Contract Tower,21,9,12,0,42,0,0,7,0,7,21,9,19,0,49,4,0,4,53
10/13/2008,HRL,TX,ASW,CE,Federal Contract Tower,30,10,8,0,48,0,0,18,0,18,30,10,26,0,66,32,0,32,98
10/14/2008,HRL,TX,ASW,CE,Federal Contract Tower,36,7,19,6,68,0,0,34,0,34,36,7,53,6,102,20,74,94,196
10/15/2008,HRL,TX,ASW,CE,Federal Contract Tower,36,9,14,29,88,0,1,15,2,18,36,10,29,31,106,2,40,42,148
10/16/2008,HRL,TX,ASW,CE,Federal Contract Tower,42,13,16,9,80,0,0,0,0,0,42,13,16,9,80,0,6,6,86
10/17/2008,HRL,TX,ASW,CE,Federal Contract Tower,35,9,5,9,58,0,3,48,0,51,35,12,53,9,109,36,2,38,147
10/18/2008,HRL,TX,ASW,CE,Federal Contract Tower,22,10,4,0,36,0,0,19,0,19,22,10,23,0,55,6,0,6,61
10/19/2008,HRL,TX,ASW,CE,Federal Contract Tower,21,9,7,4,41,0,0,21,0,21,21,9,28,4,62,0,6,6,68
10/20/2008,HRL,TX,ASW,CE,Federal Contract Tower,32,8,6,39,85,0,0,44,4,48,32,8,50,43,133,34,90,124,257
10/21/2008,HRL,TX,ASW,CE,Federal Contract Tower,38,11,11,31,91,0,0,48,0,48,38,11,59,31,139,24,6,30,169
10/22/2008,HRL,TX,ASW,CE,Federal Contract Tower,33,11,19,24,87,0,0,53,0,53,33,11,72,24,140,52,4,56,196
10/23/2008,HRL,TX,ASW,CE,Federal Contract Tower,40,9,15,11,75,0,0,28,2,30,40,9,43,13,105,40,42,82,187
10/24/2008,HRL,TX,ASW,CE,Federal Contract Tower,34,12,2,9,57,0,0,48,0,48,34,12,50,9,105,8,2,10,115
10/25/2008,HRL,TX,ASW,CE,Federal Contract Tower,23,7,2,2,34,0,0,16,0,16,23,7,18,2,50,20,0,20,70
10/26/2008,HRL,TX,ASW,CE,Federal Contract Tower,22,12,4,10,48,0,0,0,0,0,22,12,4,10,48,0,80,80,128
10/27/2008,HRL,TX,ASW,CE,Federal Contract Tower,32,9,5,30,76,0,2,19,0,21,32,11,24,30,97,2,84,86,183
10/28/2008,HRL,TX,ASW,CE,Federal Contract Tower,40,8,15,12,75,0,0,41,1,42,40,8,56,13,117,18,184,202,319
10/29/2008,HRL,TX,ASW,CE,Federal Contract Tower,32,7,10,18,67,0,0,38,0,38,32,7,48,18,105,40,86,126,231
10/30/2008,HRL,TX,ASW,CE,Federal Contract Tower,39,12,12,37,100,0,0,36,1,37,39,12,48,38,137,90,84,174,311
10/31/2008,HRL,TX,ASW,CE,Federal Contract Tower,34,9,6,4,53,0,2,38,1,41,34,11,44,5,94,92,2,94,188
11/01/2008,HRL,TX,ASW,CE,Federal Contract Tower,18,8,4,0,30,0,2,13,0,15,18,10,17,0,45,0,0,0,45
11/02/2008,HRL,TX,ASW,CE,Federal Contract Tower,23,9,8,2,42,0,0,16,2,18,23,9,24,4,60,0,4,4,64
11/03/2008,HRL,TX,ASW,CE,Federal Contract Tower,31,10,13,34,88,0,0,16,0,16,31,10,29,34,104,22,148,170,274
11/04/2008,HRL,TX,ASW,CE,Federal Contract Tower,40,6,14,30,90,0,0,23,0,23,40,6,37,30,113,26,158,184,297
11/05/2008,HRL,TX,ASW,CE,Federal Contract Tower,35,8,15,14,72,0,1,23,2,26,35,9,38,16,98,52,94,146,244
11/06/2008,HRL,TX,ASW,CE,Federal Contract Tower,39,11,7,9,66,0,0,27,0,27,39,11,34,9,93,46,6,52,145
11/07/2008,HRL,TX,ASW,CE,Federal Contract Tower,35,10,3,16,64,0,0,20,0,20,35,10,23,16,84,12,39,51,135
11/08/2008,HRL,TX,ASW,CE,Federal Contract Tower,18,7,8,6,39,0,0,17,0,17,18,7,25,6,56,8,0,8,64
11/09/2008,HRL,TX,ASW,CE,Federal Contract Tower,21,10,6,0,37,0,0,8,0,8,21,10,14,0,45,8,0,8,53
11/10/2008,HRL,TX,ASW,CE,Federal Contract Tower,35,12,12,19,78,0,0,18,0,18,35,12,30,19,96,10,56,66,162
11/11/2008,HRL,TX,ASW,CE,Federal Contract Tower,36,9,5,4,54,0,0,29,0,29,36,9,34,4,83,44,4,48,131
11/12/2008,HRL,TX,ASW,CE,Federal Contract Tower,35,11,20,15,81,0,0,14,0,14,35,11,34,15,95,28,154,182,277
11/13/2008,HRL,TX,ASW,CE,Federal Contract Tower,41,11,12,0,64,0,0,4,0,4,41,11,16,0,68,6,0,6,74
11/14/2008,HRL,TX,ASW,CE,Federal Contract Tower,37,9,8,24,78,0,0,26,0,26,37,9,34,24,104,20,6,26,130
11/15/2008,HRL,TX,ASW,CE,Federal Contract Tower,23,8,3,2,36,0,0,11,2,13,23,8,14,4,49,0,0,0,49
11/16/2008,HRL,TX,ASW,CE,Federal Contract Tower,22,9,9,0,40,0,0,20,0,20,22,9,29,0,60,12,0,12,72
11/17/2008,HRL,TX,ASW,CE,Federal Contract Tower,36,10,11,31,88,0,0,24,1,25,36,10,35,32,113,4,66,70,183
11/18/2008,HRL,TX,ASW,CE,Federal Contract Tower,40,7,13,17,77,0,0,38,1,39,40,7,51,18,116,2,128,130,246
11/19/2008,HRL,TX,ASW,CE,Federal Contract Tower,35,11,13,19,78,0,0,28,0,28,35,11,41,19,106,38,118,156,262
11/20/2008,HRL,TX,ASW,CE,Federal Contract Tower,40,10,6,36,92,0,0,30,0,30,40,10,36,36,122,42,44,86,208
11/21/2008,HRL,TX,ASW,CE,Federal Contract Tower,39,9,14,13,75,0,0,8,0,8,39,9,22,13,83,0,4,4,87
11/22/2008,HRL,TX,ASW,CE,Federal Contract Tower,22,7,13,4,46,0,0,1,0,1,22,7,14,4,47,0,0,0,47
11/23/2008,HRL,TX,ASW,CE,Federal Contract Tower,23,9,5,6,43,0,0,16,0,16,23,9,21,6,59,0,8,8,67
11/24/2008,HRL,TX,ASW,CE,Federal Contract Tower,35,7,13,15,70,0,0,17,0,17,35,7,30,15,87,16,98,114,201
11/25/2008,HRL,TX,ASW,CE,Federal Contract Tower,38,7,14,28,87,0,0,17,6,23,38,7,31,34,110,10,128,138,248
11/26/2008,HRL,TX,ASW,CE,Federal Contract Tower,40,10,11,0,61,0,0,29,0,29,40,10,40,0,90,28,0,28,118
11/27/2008,HRL,TX,ASW,CE,Federal Contract Tower,12,7,1,0,20,0,0,15,0,15,12,7,16,0,35,2,0,2,37
11/28/2008,HRL,TX,ASW,CE,Federal Contract Tower,29,7,6,0,42,0,0,18,0,18,29,7,24,0,60,4,0,4,64
11/29/2008,HRL,TX,ASW,CE,Federal Contract Tower,21,10,4,0,35,0,0,10,0,10,21,10,14,0,45,18,0,18,63
11/30/2008,HRL,TX,ASW,CE,Federal Contract Tower,25,12,9,0,46,0,0,15,0,15,25,12,24,0,61,4,0,4,65
12/01/2008,HRL,TX,ASW,CE,Federal Contract Tower,37,10,5,30,82,0,1,26,0,27,37,11,31,30,109,14,58,72,181
12/02/2008,HRL,TX,ASW,CE,Federal Contract Tower,42,12,8,36,98,0,1,43,0,44,42,13,51,36,142,42,84,126,268
12/03/2008,HRL,TX,ASW,CE,Federal Contract Tower,38,10,12,14,74,0,1,16,4,21,38,11,28,18,95,14,238,252,347
12/04/2008,HRL,TX,ASW,CE,Federal Contract Tower,42,9,1,8,60,0,2,15,11,28,42,11,16,19,88,52,102,154,242
12/05/2008,HRL,TX,ASW,CE,Federal Contract Tower,39,9,26,8,82,0,1,2,0,3,39,10,28,8,85,0,0,0,85
12/06/2008,HRL,TX,ASW,CE,Federal Contract Tower,18,8,6,4,36,0,0,15,0,15,18,8,21,4,51,16,6,22,73
12/07/2008,HRL,TX,ASW,CE,Federal Contract Tower,23,10,11,4,48,0,0,15,0,15,23,10,26,4,63,6,4,10,73
12/08/2008,HRL,TX,ASW,CE,Federal Contract Tower,34,12,5,35,86,0,1,21,0,22,34,13,26,35,108,10,70,80,188
12/09/2008,HRL,TX,ASW,CE,Federal Contract Tower,38,11,4,77,130,0,1,19,0,20,38,12,23,77,150,0,332,332,482
12/10/2008,HRL,TX,ASW,CE,Federal Contract Tower,33,11,10,6,60,0,0,23,2,25,33,11,33,8,85,0,116,116,201
12/11/2008,HRL,TX,ASW,CE,Federal Contract Tower,38,12,8,21,79,0,1,27,0,28,38,13,35,21,107,28,130,158,265
12/12/2008,HRL,TX,ASW,CE,Federal Contract Tower,36,11,13,18,78,0,1,22,0,23,36,12,35,18,101,4,6,10,111
12/13/2008,HRL,TX,ASW,CE,Federal Contract Tower,19,7,4,2,32,0,0,14,0,14,19,7,18,2,46,18,20,38,84
12/14/2008,HRL,TX,ASW,CE,Federal Contract Tower,24,9,10,0,43,0,0,11,0,11,24,9,21,0,54,2,0,2,56
12/15/2008,HRL,TX,ASW,CE,Federal Contract Tower,33,9,6,25,73,0,0,5,0,5,33,9,11,25,78,4,48,52,130
12/16/2008,HRL,TX,ASW,CE,Federal Contract Tower,40,11,8,6,65,0,0,0,0,0,40,11,8,6,65,0,0,0,65
12/17/2008,HRL,TX,ASW,CE,Federal Contract Tower,34,20,17,0,71,0,0,0,0,0,34,20,17,0,71,0,0,0,71
12/18/2008,HRL,TX,ASW,CE,Federal Contract Tower,44,13,17,32,106,0,0,12,2,14,44,13,29,34,120,22,38,60,180
12/19/2008,HRL,TX,ASW,CE,Federal Contract Tower,39,12,19,13,83,0,0,22,0,22,39,12,41,13,105,2,76,78,183
12/20/2008,HRL,TX,ASW,CE,Federal Contract Tower,21,10,5,0,36,0,0,8,0,8,21,10,13,0,44,0,4,4,48
12/21/2008,HRL,TX,ASW,CE,Federal Contract Tower,24,14,8,0,46,0,0,2,0,2,24,14,10,0,48,0,0,0,48
12/22/2008,HRL,TX,ASW,CE,Federal Contract Tower,34,14,5,8,61,0,0,4,0,4,34,14,9,8,65,0,8,8,73
12/23/2008,HRL,TX,ASW,CE,Federal Contract Tower,37,12,6,14,69,0,0,2,0,2,37,12,8,14,71,0,0,0,71
12/24/2008,HRL,TX,ASW,CE,Federal Contract Tower,35,10,5,0,50,0,0,18,0,18,35,10,23,0,68,0,0,0,68
12/25/2008,HRL,TX,ASW,CE,Federal Contract Tower,17,8,5,0,30,0,0,7,0,7,17,8,12,0,37,0,0,0,37
12/26/2008,HRL,TX,ASW,CE,Federal Contract Tower,31,12,0,0,43,0,0,8,0,8,31,12,8,0,51,0,0,0,51
12/27/2008,HRL,TX,ASW,CE,Federal Contract Tower,19,10,1,0,30,0,0,6,0,6,19,10,7,0,36,0,0,0,36
12/28/2008,HRL,TX,ASW,CE,Federal Contract Tower,21,13,2,0,36,0,0,9,0,9,21,13,11,0,45,4,0,4,49
12/29/2008,HRL,TX,ASW,CE,Federal Contract Tower,32,11,5,10,58,0,1,16,0,17,32,12,21,10,75,12,0,12,87
12/30/2008,HRL,TX,ASW,CE,Federal Contract Tower,35,12,11,10,68,0,1,40,0,41,35,13,51,10,109,8,0,8,117
12/31/2008,HRL,TX,ASW,CE,Federal Contract Tower,26,7,27,0,60,0,0,7,0,7,26,7,34,0,67,4,0,4,71
01/01/2009,HRL,TX,ASW,CE,Federal Contract Tower,19,13,11,0,43,0,0,10,0,10,19,13,21,0,53,0,0,0,53
01/02/2009,HRL,TX,ASW,CE,Federal Contract Tower,38,11,7,0,56,0,0,8,0,8,38,11,15,0,64,0,0,0,64
01/03/2009,HRL,TX,ASW,CE,Federal Contract Tower,22,10,11,0,43,0,0,13,0,13,22,10,24,0,56,2,0,2,58
01/04/2009,HRL,TX,ASW,CE,Federal Contract Tower,20,12,10,0,42,0,0,8,0,8,20,12,18,0,50,0,0,0,50
01/05/2009,HRL,TX,ASW,CE,Federal Contract Tower,34,12,13,4,63,0,0,3,0,3,34,12,16,4,66,0,6,6,72
01/06/2009,HRL,TX,ASW,CE,Federal Contract Tower,38,8,11,12,69,0,1,19,0,20,38,9,30,12,89,30,76,106,195
01/07/2009,HRL,TX,ASW,CE,Federal Contract Tower,39,9,15,39,102,0,1,46,0,47,39,10,61,39,149,10,184,194,343
01/08/2009,HRL,TX,ASW,CE,Federal Contract Tower,41,12,7,37,97,0,1,43,1,45,41,13,50,38,142,8,54,62,204
01/09/2009,HRL,TX,ASW,CE,Federal Contract Tower,39,10,10,10,69,0,0,10,2,12,39,10,20,12,81,14,28,42,123
01/10/2009,HRL,TX,ASW,CE,Federal Contract Tower,19,7,7,8,41,0,0,3,0,3,19,7,10,8,44,0,46,46,90
01/11/2009,HRL,TX,ASW,CE,Federal Contract Tower,20,11,8,4,43,0,0,16,0,16,20,11,24,4,59,14,18,32,91
01/12/2009,HRL,TX,ASW,CE,Federal Contract Tower,32,10,5,20,67,0,1,26,0,27,32,11,31,20,94,24,142,166,260
01/13/2009,HRL,TX,ASW,CE,Federal Contract Tower,40,12,17,19,88,0,1,28,0,29,40,13,45,19,117,4,20,24,141
01/14/2009,HRL,TX,ASW,CE,Federal Contract Tower,31,11,18,19,79,0,0,52,0,52,31,11,70,19,131,20,2,22,153
01/15/2009,HRL,TX,ASW,CE,Federal Contract Tower,47,12,11,43,113,0,0,33,0,33,47,12,44,43,146,60,42,102,248
01/16/2009,HRL,TX,ASW,CE,Federal Contract Tower,39,13,11,12,75,0,0,17,0,17,39,13,28,12,92,28,0,28,120
01/17/2009,HRL,TX,ASW,CE,Federal Contract Tower,21,9,4,0,34,0,0,23,0,23,21,9,27,0,57,22,0,22,79
01/18/2009,HRL,TX,ASW,CE,Federal Contract Tower,19,9,13,0,41,0,0,16,0,16,19,9,29,0,57,8,0,8,65
01/19/2009,HRL,TX,ASW,CE,Federal Contract Tower,33,9,6,0,48,0,0,34,0,34,33,9,40,0,82,44,0,44,126
01/20/2009,HRL,TX,ASW,CE,Federal Contract Tower,40,6,6,33,85,0,0,40,0,40,40,6,46,33,125,18,216,234,359
01/21/2009,HRL,TX,ASW,CE,Federal Contract Tower,37,7,8,10,62,0,4,44,0,48,37,11,52,10,110,12,56,68,178
01/22/2009,HRL,TX,ASW,CE,Federal Contract Tower,39,15,5,29,88,0,0,23,0,23,39,15,28,29,111,6,92,98,209
01/23/2009,HRL,TX,ASW,CE,Federal Contract Tower,37,15,6,18,76,0,1,20,1,22,37,16,26,19,98,32,34,66,164
01/24/2009,HRL,TX,ASW,CE,Federal Contract Tower,17,6,4,0,27,0,0,16,0,16,17,6,20,0,43,28,0,28,71
01/25/2009,HRL,TX,ASW,CE,Federal Contract Tower,23,10,7,0,40,0,0,14,0,14,23,10,21,0,54,0,0,0,54
01/26/2009,HRL,TX,ASW,CE,Federal Contract Tower,30,12,13,27,82,0,1,11,0,12,30,13,24,27,94,30,58,88,182
01/27/2009,HRL,TX,ASW,CE,Federal Contract Tower,36,10,16,43,105,0,0,14,0,14,36,10,30,43,119,2,216,218,337
01/28/2009,HRL,TX,ASW,CE,Federal Contract Tower,41,10,8,26,85,0,0,13,1,14,41,10,21,27,99,20,128,148,247
01/29/2009,HRL,TX,ASW,CE,Federal Contract Tower,40,9,8,39,96,0,0,38,1,39,40,9,46,40,135,12,130,142,277
01/30/2009,HRL,TX,ASW,CE,Federal Contract Tower,36,11,8,24,79,0,0,22,0,22,36,11,30,24,101,42,142,184,285
01/31/2009,HRL,TX,ASW,CE,Federal Contract Tower,20,10,4,0,34,0,0,18,0,18,20,10,22,0,52,8,0,8,60
02/01/2009,HRL,TX,ASW,CE,Federal Contract Tower,21,16,9,0,46,0,0,16,0,16,21,16,25,0,62,0,0,0,62
02/02/2009,HRL,TX,ASW,CE,Federal Contract Tower,29,7,6,16,58,0,1,21,0,22,29,8,27,16,80,8,0,8,88
02/03/2009,HRL,TX,ASW,CE,Federal Contract Tower,35,10,4,25,74,0,1,44,0,45,35,11,48,25,119,28,138,166,285
02/04/2009,HRL,TX,ASW,CE,Federal Contract Tower,41,12,6,36,95,0,1,35,0,36,41,13,41,36,131,8,52,60,191
02/05/2009,HRL,TX,ASW,CE,Federal Contract Tower,41,16,12,52,121,0,0,27,3,30,41,16,39,55,151,26,54,80,231
02/06/2009,HRL,TX,ASW,CE,Federal Contract Tower,39,15,11,22,87,0,0,12,0,12,39,15,23,22,99,12,0,12,111
02/07/2009,HRL,TX,ASW,CE,Federal Contract Tower,19,9,9,2,39,0,0,18,0,18,19,9,27,2,57,0,0,0,57
02/08/2009,HRL,TX,ASW,CE,Federal Contract Tower,25,16,7,8,56,0,0,16,0,16,25,16,23,8,72,0,0,0,72
02/09/2009,HRL,TX,ASW,CE,Federal Contract Tower,32,14,11,28,85,0,1,16,1,18,32,15,27,29,103,0,130,130,233
02/10/2009,HRL,TX,ASW,CE,Federal Contract Tower,42,13,9,16,80,0,1,10,0,11,42,14,19,16,91,0,8,8,99
02/11/2009,HRL,TX,ASW,CE,Federal Contract Tower,35,11,9,36,91,0,0,31,3,34,35,11,40,39,125,18,116,134,259
02/12/2009,HRL,TX,ASW,CE,Federal Contract Tower,40,8,21,30,99,0,1,39,4,44,40,9,60,34,143,20,46,66,209
02/13/2009,HRL,TX,ASW,CE,Federal Contract Tower,39,10,16,14,79,0,1,15,0,16,39,11,31,14,95,26,196,222,317
02/14/2009,HRL,TX,ASW,CE,Federal Contract Tower,17,9,9,2,37,0,0,10,0,10,17,9,19,2,47,10,0,10,57
02/15/2009,HRL,TX,ASW,CE,Federal Contract Tower,20,13,16,2,51,0,0,0,0,0,20,13,16,2,51,4,0,4,55
02/16/2009,HRL,TX,ASW,CE,Federal Contract Tower,36,11,11,0,58,0,1,14,0,15,36,12,25,0,73,0,0,0,73
02/17/2009,HRL,TX,ASW,CE,Federal Contract Tower,36,12,6,31,85,0,1,13,2,16,36,13,19,33,101,20,174,194,295
02/18/2009,HRL,TX,ASW,CE,Federal Contract Tower,36,16,12,18,82,0,1,25,3,29,36,17,37,21,111,10,152,162,273
02/19/2009,HRL,TX,ASW,CE,Federal Contract Tower,40,11,9,31,91,0,1,16,0,17,40,12,25,31,108,0,218,218,326
02/20/2009,HRL,TX,ASW,CE,Federal Contract Tower,40,13,7,6,66,0,0,31,2,33,40,13,38,8,99,18,0,18,117
02/21/2009,HRL,TX,ASW,CE,Federal Contract Tower,17,10,1,0,28,0,0,5,0,5,17,10,6,0,33,10,0,10,43
02/22/2009,HRL,TX,ASW,CE,Federal Contract Tower,20,11,12,0,43,0,0,27,0,27,20,11,39,0,70,6,0,6,76
02/23/2009,HRL,TX,ASW,CE,Federal Contract Tower,31,13,4,34,82,0,1,38,0,39,31,14,42,34,121,36,68,104,225
02/24/2009,HRL,TX,ASW,CE,Federal Contract Tower,42,9,11,9,71,0,1,29,0,30,42,10,40,9,101,8,2,10,111
02/25/2009,HRL,TX,ASW,CE,Federal Contract Tower,35,11,10,34,90,0,1,25,2,28,35,12,35,36,118,4,176,180,298
02/26/2009,HRL,TX,ASW,CE,Federal Contract Tower,42,10,10,18,80,0,0,19,2,21,42,10,29,20,101,0,80,80,181
02/27/2009,HRL,TX,ASW,CE,Federal Contract Tower,40,10,6,6,62,0,1,18,2,21,40,11,24,8,83,0,122,122,205
02/28/2009,HRL,TX,ASW,CE,Federal Contract Tower,19,9,6,3,37,0,0,2,0,2,19,9,8,3,39,0,0,0,39
03/01/2009,HRL,TX,ASW,CE,Federal Contract Tower,21,9,3,2,35,0,0,26,0,26,21,9,29,2,61,0,0,0,61
03/02/2009,HRL,TX,ASW,CE,Federal Contract Tower,33,10,4,20,67,0,1,23,0,24,33,11,27,20,91,22,206,228,319
03/03/2009,HRL,TX,ASW,CE,Federal Contract Tower,44,8,6,17,75,0,1,37,0,38,44,9,43,17,113,46,2,48,161
03/04/2009,HRL,TX,ASW,CE,Federal Contract Tower,36,12,5,41,94,0,1,19,0,20,36,13,24,41,114,2,14,16,130
03/05/2009,HRL,TX,ASW,CE,Federal Contract Tower,43,13,9,48,113,0,0,15,0,15,43,13,24,48,128,18,108,126,254
03/06/2009,HRL,TX,ASW,CE,Federal Contract Tower,38,12,3,17,70,0,0,11,0,11,38,12,14,17,81,6,158,164,245
03/07/2009,HRL,TX,ASW,CE,Federal Contract Tower,19,9,1,2,31,0,0,5,0,5,19,9,6,2,36,2,0,2,38
03/08/2009,HRL,TX,ASW,CE,Federal Contract Tower,22,11,5,8,46,0,0,11,0,11,22,11,16,8,57,8,4,12,69
03/09/2009,HRL,TX,ASW,CE,Federal Contract Tower,32,10,14,34,90,0,2,17,0,19,32,12,31,34,109,28,196,224,333
03/10/2009,HRL,TX,ASW,CE,Federal Contract Tower,44,10,3,20,77,0,0,20,0,20,44,10,23,20,97,0,136,136,233
03/11/2009,HRL,TX,ASW,CE,Federal Contract Tower,37,13,9,34,93,0,1,22,1,24,37,14,31,35,117,0,12,12,129
03/12/2009,HRL,TX,ASW,CE,Federal Contract Tower,42,10,14,24,90,0,0,3,0,3,42,10,17,24,93,2,6,8,101
03/13/2009,HRL,TX,ASW,CE,Federal Contract Tower,37,10,6,2,55,0,0,0,0,0,37,10,6,2,55,0,0,0,55
03/14/2009,HRL,TX,ASW,CE,Federal Contract Tower,19,9,5,0,33,0,0,2,0,2,19,9,7,0,35,0,0,0,35
03/15/2009,HRL,TX,ASW,CE,Federal Contract Tower,20,13,6,0,39,0,0,5,0,5,20,13,11,0,44,0,0,0,44
03/16/2009,HRL,TX,ASW,CE,Federal Contract Tower,31,10,9,37,87,0,2,30,0,32,31,12,39,37,119,4,18,22,141
03/17/2009,HRL,TX,ASW,CE,Federal Contract Tower,40,15,12,30,97,0,1,18,0,19,40,16,30,30,116,0,36,36,152
03/18/2009,HRL,TX,ASW,CE,Federal Contract Tower,34,11,8,23,76,0,2,24,2,28,34,13,32,25,104,10,30,40,144
03/19/2009,HRL,TX,ASW,CE,Federal Contract Tower,38,11,9,32,90,0,0,21,0,21,38,11,30,32,111,2,10,12,123
03/20/2009,HRL,TX,ASW,CE,Federal Contract Tower,42,9,7,27,85,0,0,21,0,21,42,9,28,27,106,0,10,10,116
03/21/2009,HRL,TX,ASW,CE,Federal Contract Tower,19,9,6,6,40,0,0,17,0,17,19,9,23,6,57,0,8,8,65
03/22/2009,HRL,TX,ASW,CE,Federal Contract Tower,21,10,11,2,44,0,0,15,0,15,21,10,26,2,59,2,0,2,61
03/23/2009,HRL,TX,ASW,CE,Federal Contract Tower,35,13,3,36,87,0,1,14,4,19,35,14,17,40,106,0,152,152,258
03/24/2009,HRL,TX,ASW,CE,Federal Contract Tower,41,17,15,16,89,0,1,16,0,17,41,18,31,16,106,0,60,60,166
03/25/2009,HRL,TX,ASW,CE,Federal Contract Tower,32,9,12,23,76,0,2,22,0,24,32,11,34,23,100,20,74,94,194
03/26/2009,HRL,TX,ASW,CE,Federal Contract Tower,34,10,30,31,105,0,0,20,4,24,34,10,50,35,129,26,62,88,217
03/27/2009,HRL,TX,ASW,CE,Federal Contract Tower,37,11,16,25,89,0,0,2,0,2,37,11,18,25,91,58,112,170,261
03/28/2009,HRL,TX,ASW,CE,Federal Contract Tower,20,10,3,2,35,0,0,20,0,20,20,10,23,2,55,4,0,4,59
03/29/2009,HRL,TX,ASW,CE,Federal Contract Tower,21,12,4,8,45,0,0,17,0,17,21,12,21,8,62,0,4,4,66
03/30/2009,HRL,TX,ASW,CE,Federal Contract Tower,30,10,1,36,77,0,1,13,0,14,30,11,14,36,91,0,160,160,251
03/31/2009,HRL,TX,ASW,CE,Federal Contract Tower,35,16,22,49,122,0,1,19,0,20,35,17,41,49,142,94,2,96,238
04/01/2009,HRL,TX,ASW,CE,Federal Contract Tower,37,10,5,22,74,0,2,21,0,23,37,12,26,22,97,10,142,152,249
04/02/2009,HRL,TX,ASW,CE,Federal Contract Tower,38,13,10,37,98,0,2,18,4,24,38,15,28,41,122,0,116,116,238
04/03/2009,HRL,TX,ASW,CE,Federal Contract Tower,37,9,14,10,70,0,0,31,0,31,37,9,45,10,101,38,94,132,233
04/04/2009,HRL,TX,ASW,CE,Federal Contract Tower,20,9,5,0,34,0,0,13,0,13,20,9,18,0,47,26,0,26,73
04/05/2009,HRL,TX,ASW,CE,Federal Contract Tower,19,10,3,0,32,0,3,7,0,10,19,13,10,0,42,0,0,0,42
04/06/2009,HRL,TX,ASW,CE,Federal Contract Tower,28,14,19,41,102,0,1,30,0,31,28,15,49,41,133,0,212,212,345
04/07/2009,HRL,TX,ASW,CE,Federal Contract Tower,39,11,11,18,79,0,1,27,7,35,39,12,38,25,114,19,96,115,229
04/08/2009,HRL,TX,ASW,CE,Federal Contract Tower,34,15,11,37,97,0,2,33,0,35,34,17,44,37,132,10,72,82,214
04/09/2009,HRL,TX,ASW,CE,Federal Contract Tower,34,10,11,50,105,0,7,15,0,22,34,17,26,50,127,10,100,110,237
04/10/2009,HRL,TX,ASW,CE,Federal Contract Tower,35,12,16,3,66,0,0,13,2,15,35,12,29,5,81,10,20,30,111
04/11/2009,HRL,TX,ASW,CE,Federal Contract Tower,19,9,8,0,36,0,6,2,0,8,19,15,10,0,44,40,0,40,84
04/12/2009,HRL,TX,ASW,CE,Federal Contract Tower,20,12,0,4,36,0,0,4,0,4,20,12,4,4,40,0,0,0,40
04/13/2009,HRL,TX,ASW,CE,Federal Contract Tower,31,13,7,47,98,0,2,16,5,23,31,15,23,52,121,6,132,138,259
04/14/2009,HRL,TX,ASW,CE,Federal Contract Tower,34,12,8,14,68,0,3,43,0,46,34,15,51,14,114,18,136,154,268
04/15/2009,HRL,TX,ASW,CE,Federal Contract Tower,30,12,9,38,89,0,1,34,0,35,30,13,43,38,124,2,26,28,152
04/16/2009,HRL,TX,ASW,CE,Federal Contract Tower,38,9,7,15,69,0,0,20,0,20,38,9,27,15,89,2,74,76,165
04/17/2009,HRL,TX,ASW,CE,Federal Contract Tower,34,13,8,8,63,0,0,6,0,6,34,13,14,8,69,0,0,0,69
04/18/2009,HRL,TX,ASW,CE,Federal Contract Tower,18,8,2,3,31,0,0,10,0,10,18,8,12,3,41,0,2,2,43
04/19/2009,HRL,TX,ASW,CE,Federal Contract Tower,23,8,0,5,36,0,0,14,0,14,23,8,14,5,50,10,2,12,62
04/20/2009,HRL,TX,ASW,CE,Federal Contract Tower,33,10,7,8,58,0,1,24,0,25,33,11,31,8,83,4,0,4,87
04/21/2009,HRL,TX,ASW,CE,Federal Contract Tower,33,12,9,35,89,0,1,24,0,25,33,13,33,35,114,2,134,136,250
04/22/2009,HRL,TX,ASW,CE,Federal Contract Tower,30,13,7,72,122,0,4,29,0,33,30,17,36,72,155,32,172,204,359
04/23/2009,HRL,TX,ASW,CE,Federal Contract Tower,38,8,9,58,113,0,1,21,1,23,38,9,30,59,136,2,44,46,182
04/24/2009,HRL,TX,ASW,CE,Federal Contract Tower,36,11,7,24,78,0,0,13,0,13,36,11,20,24,91,0,36,36,127
04/25/2009,HRL,TX,ASW,CE,Federal Contract Tower,19,8,2,8,37,0,3,6,0,9,19,11,8,8,46,10,0,10,56
04/26/2009,HRL,TX,ASW,CE,Federal Contract Tower,20,11,3,0,34,0,3,7,0,10,20,14,10,0,44,0,0,0,44
04/27/2009,HRL,TX,ASW,CE,Federal Contract Tower,27,12,10,50,99,0,1,11,0,12,27,13,21,50,111,0,202,202,313
04/28/2009,HRL,TX,ASW,CE,Federal Contract Tower,35,11,16,68,130,0,0,8,16,24,35,11,24,84,154,6,172,178,332
04/29/2009,HRL,TX,ASW,CE,Federal Contract Tower,30,11,9,55,105,0,1,20,1,22,30,12,29,56,127,8,284,292,419
04/30/2009,HRL,TX,ASW,CE,Federal Contract Tower,36,12,7,38,93,0,0,27,1,28,36,12,34,39,121,0,370,370,491
05/01/2009,HRL,TX,ASW,CE,Federal Contract Tower,31,13,8,23,75,0,0,13,0,13,31,13,21,23,88,4,100,104,192
05/02/2009,HRL,TX,ASW,CE,Federal Contract Tower,20,11,0,7,38,0,2,12,0,14,20,13,12,7,52,14,2,16,68
05/03/2009,HRL,TX,ASW,CE,Federal Contract Tower,20,10,11,0,41,0,4,15,0,19,20,14,26,0,60,0,0,0,60
05/04/2009,HRL,TX,ASW,CE,Federal Contract Tower,29,11,21,23,84,0,1,23,0,24,29,12,44,23,108,18,4,22,130
05/05/2009,HRL,TX,ASW,CE,Federal Contract Tower,36,14,10,40,100,0,1,29,0,30,36,15,39,40,130,10,6,16,146
05/06/2009,HRL,TX,ASW,CE,Federal Contract Tower,28,14,15,28,85,0,0,30,4,34,28,14,45,32,119,8,112,120,239
05/07/2009,HRL,TX,ASW,CE,Federal Contract Tower,32,12,8,34,86,0,1,47,0,48,32,13,55,34,134,0,166,166,300
05/08/2009,HRL,TX,ASW,CE,Federal Contract Tower,32,12,14,19,77,0,3,17,0,20,32,15,31,19,97,10,76,86,183
05/09/2009,HRL,TX,ASW,CE,Federal Contract Tower,18,12,11,0,41,0,0,13,0,13,18,12,24,0,54,36,0,36,90
05/10/2009,HRL,TX,ASW,CE,Federal Contract Tower,21,10,6,13,50,0,0,12,0,12,21,10,18,13,62,0,2,2,64
05/11/2009,HRL,TX,ASW,CE,Federal Contract Tower,26,9,7,36,78,0,1,24,0,25,26,10,31,36,103,10,284,294,397
05/12/2009,HRL,TX,ASW,CE,Federal Contract Tower,35,9,7,44,95,0,1,38,0,39,35,10,45,44,134,44,6,50,184
05/13/2009,HRL,TX,ASW,CE,Federal Contract Tower,31,10,25,25,91,0,0,28,3,31,31,10,53,28,122,0,70,70,192
05/14/2009,HRL,TX,ASW,CE,Federal Contract Tower,49,14,13,35,111,0,0,34,0,34,49,14,47,35,145,6,76,82,227
05/15/2009,HRL,TX,ASW,CE,Federal Contract Tower,28,9,23,9,69,0,0,18,0,18,28,9,41,9,87,8,4,12,99
05/16/2009,HRL,TX,ASW,CE,Federal Contract Tower,18,10,13,0,41,0,0,5,0,5,18,10,18,0,46,20,0,20,66
05/17/2009,HRL,TX,ASW,CE,Federal Contract Tower,19,10,6,8,43,0,0,7,0,7,19,10,13,8,50,52,0,52,102
05/18/2009,HRL,TX,ASW,CE,Federal Contract Tower,29,11,7,23,70,0,2,17,4,23,29,13,24,27,93,32,42,74,167
05/19/2009,HRL,TX,ASW,CE,Federal Contract Tower,30,11,7,34,82,0,1,37,0,38,30,12,44,34,120,2,128,130,250
05/20/2009,HRL,TX,ASW,CE,Federal Contract Tower,29,10,14,32,85,0,1,44,2,47,29,11,58,34,132,2,76,78,210
05/21/2009,HRL,TX,ASW,CE,Federal Contract Tower,31,10,13,35,89,0,2,42,0,44,31,12,55,35,133,4,110,114,247
05/22/2009,HRL,TX,ASW,CE,Federal Contract Tower,29,10,27,24,90,0,0,21,2,23,29,10,48,26,113,2,178,180,293
05/23/2009,HRL,TX,ASW,CE,Federal Contract Tower,15,9,1,2,27,0,5,11,0,16,15,14,12,2,43,6,0,6,49
05/24/2009,HRL,TX,ASW,CE,Federal Contract Tower,14,5,10,12,41,0,2,7,0,9,14,7,17,12,50,0,8,8,58
05/25/2009,HRL,TX,ASW,CE,Federal Contract Tower,20,9,3,16,48,0,0,13,0,13,20,9,16,16,61,4,4,8,69
05/26/2009,HRL,TX,ASW,CE,Federal Contract Tower,37,10,12,29,88,0,0,21,0,21,37,10,33,29,109,2,142,144,253
05/27/2009,HRL,TX,ASW,CE,Federal Contract Tower,27,17,27,12,83,0,1,19,0,20,27,18,46,12,103,4,0,4,107
05/28/2009,HRL,TX,ASW,CE,Federal Contract Tower,29,10,13,32,84,0,5,23,1,29,29,15,36,33,113,18,20,38,151
05/29/2009,HRL,TX,ASW,CE,Federal Contract Tower,32,11,8,16,67,0,0,19,0,19,32,11,27,16,86,4,0,4,90
05/30/2009,HRL,TX,ASW,CE,Federal Contract Tower,17,10,2,4,33,0,2,7,0,9,17,12,9,4,42,8,0,8,50
05/31/2009,HRL,TX,ASW,CE,Federal Contract Tower,21,9,9,5,44,0,2,4,0,6,21,11,13,5,50,0,10,10,60
06/01/2009,HRL,TX,ASW,CE,Federal Contract Tower,26,13,17,10,66,0,0,21,0,21,26,13,38,10,87,8,64,72,159
06/02/2009,HRL,TX,ASW,CE,Federal Contract Tower,30,13,5,47,95,0,1,17,0,18,30,14,22,47,113,22,140,162,275
06/03/2009,HRL,TX,ASW,CE,Federal Contract Tower,29,11,4,32,76,0,2,34,3,39,29,13,38,35,115,22,80,102,217
06/04/2009,HRL,TX,ASW,CE,Federal Contract Tower,34,13,13,27,87,0,1,31,4,36,34,14,44,31,123,46,132,178,301
06/05/2009,HRL,TX,ASW,CE,Federal Contract Tower,30,9,4,11,54,0,0,42,0,42,30,9,46,11,96,32,0,32,128
06/06/2009,HRL,TX,ASW,CE,Federal Contract Tower,16,9,1,7,33,0,0,12,0,12,16,9,13,7,45,0,4,4,49
06/07/2009,HRL,TX,ASW,CE,Federal Contract Tower,20,10,7,8,45,0,2,22,0,24,20,12,29,8,69,0,12,12,81
06/08/2009,HRL,TX,ASW,CE,Federal Contract Tower,29,10,7,24,70,0,1,23,2,26,29,11,30,26,96,2,134,136,232
06/09/2009,HRL,TX,ASW,CE,Federal Contract Tower,34,11,3,51,99,0,1,47,6,54,34,12,50,57,153,18,62,80,233
06/10/2009,HRL,TX,ASW,CE,Federal Contract Tower,29,8,10,23,70,0,0,28,0,28,29,8,38,23,98,6,126,132,230
06/11/2009,HRL,TX,ASW,CE,Federal Contract Tower,31,10,6,10,57,0,1,25,0,26,31,11,31,10,83,6,162,168,251
06/12/2009,HRL,TX,ASW,CE,Federal Contract Tower,32,9,14,13,68,0,0,22,1,23,32,9,36,14,91,24,106,130,221
06/13/2009,HRL,TX,ASW,CE,Federal Contract Tower,16,8,7,0,31,0,0,28,0,28,16,8,35,0,59,30,0,30,89
06/14/2009,HRL,TX,ASW,CE,Federal Contract Tower,19,8,6,8,41,0,0,8,0,8,19,8,14,8,49,2,14,16,65
06/15/2009,HRL,TX,ASW,CE,Federal Contract Tower,31,7,4,18,60,0,1,34,4,39,31,8,38,22,99,2,190,192,291
06/16/2009,HRL,TX,ASW,CE,Federal Contract Tower,35,8,10,33,86,0,1,30,0,31,35,9,40,33,117,0,128,128,245
06/17/2009,HRL,TX,ASW,CE,Federal Contract Tower,30,13,7,29,79,0,3,44,0,47,30,16,51,29,126,16,40,56,182
06/18/2009,HRL,TX,ASW,CE,Federal Contract Tower,40,8,18,18,84,0,0,37,0,37,40,8,55,18,121,10,0,10,131
06/19/2009,HRL,TX,ASW,CE,Federal Contract Tower,33,9,11,10,63,0,0,25,0,25,33,9,36,10,88,4,14,18,106
06/20/2009,HRL,TX,ASW,CE,Federal Contract Tower,14,8,4,0,26,0,0,15,0,15,14,8,19,0,41,24,0,24,65
06/21/2009,HRL,TX,ASW,CE,Federal Contract Tower,20,8,7,2,37,0,0,11,0,11,20,8,18,2,48,0,0,0,48
06/22/2009,HRL,TX,ASW,CE,Federal Contract Tower,28,12,5,22,67,0,0,36,0,36,28,12,41,22,103,44,156,200,303
06/23/2009,HRL,TX,ASW,CE,Federal Contract Tower,33,14,9,6,62,0,0,31,0,31,33,14,40,6,93,10,0,10,103
06/24/2009,HRL,TX,ASW,CE,Federal Contract Tower,30,12,8,14,64,0,1,34,0,35,30,13,42,14,99,12,76,88,187
06/25/2009,HRL,TX,ASW,CE,Federal Contract Tower,35,11,5,20,71,0,2,43,0,45,35,13,48,20,116,20,175,195,311
06/26/2009,HRL,TX,ASW,CE,Federal Contract Tower,32,9,15,12,68,0,0,29,0,29,32,9,44,12,97,0,0,0,97
06/27/2009,HRL,TX,ASW,CE,Federal Contract Tower,16,8,6,11,41,0,0,22,0,22,16,8,28,11,63,28,6,34,97
06/28/2009,HRL,TX,ASW,CE,Federal Contract Tower,19,8,5,5,37,0,0,11,0,11,19,8,16,5,48,0,0,0,48
06/29/2009,HRL,TX,ASW,CE,Federal Contract Tower,27,11,17,24,79,0,2,40,0,42,27,13,57,24,121,12,14,26,147
06/30/2009,HRL,TX,ASW,CE,Federal Contract Tower,35,11,6,55,107,0,0,58,0,58,35,11,64,55,165,0,132,132,297
07/01/2009,HRL,TX,ASW,CE,Federal Contract Tower,37,5,12,31,85,0,1,30,4,35,37,6,42,35,120,2,12,14,134
07/02/2009,HRL,TX,ASW,CE,Federal Contract Tower,36,11,14,6,67,0,2,20,0,22,36,13,34,6,89,6,10,16,105
07/03/2009,HRL,TX,ASW,CE,Federal Contract Tower,29,5,10,0,44,0,0,34,0,34,29,5,44,0,78,0,0,0,78
07/04/2009,HRL,TX,ASW,CE,Federal Contract Tower,10,7,1,0,18,0,1,11,0,12,10,8,12,0,30,20,0,20,50
07/05/2009,HRL,TX,ASW,CE,Federal Contract Tower,20,10,9,0,39,0,0,6,0,6,20,10,15,0,45,0,0,0,45
07/06/2009,HRL,TX,ASW,CE,Federal Contract Tower,32,11,11,35,89,0,1,29,1,31,32,12,40,36,120,0,152,152,272
07/07/2009,HRL,TX,ASW,CE,Federal Contract Tower,34,8,9,66,117,0,1,28,3,32,34,9,37,69,149,2,94,96,245
07/08/2009,HRL,TX,ASW,CE,Federal Contract Tower,27,16,15,25,83,0,0,37,12,49,27,16,52,37,132,2,290,292,424
07/09/2009,HRL,TX,ASW,CE,Federal Contract Tower,31,10,13,17,71,0,3,34,0,37,31,13,47,17,108,20,98,118,226
07/10/2009,HRL,TX,ASW,CE,Federal Contract Tower,29,9,15,22,75,0,0,35,0,35,29,9,50,22,110,12,20,32,142
07/11/2009,HRL,TX,ASW,CE,Federal Contract Tower,14,8,2,0,24,0,0,15,0,15,14,8,17,0,39,12,0,12,51
07/12/2009,HRL,TX,ASW,CE,Federal Contract Tower,20,8,11,4,43,0,0,12,0,12,20,8,23,4,55,14,10,24,79
07/13/2009,HRL,TX,ASW,CE,Federal Contract Tower,25,11,5,31,72,0,1,22,0,23,25,12,27,31,95,8,166,174,269
07/14/2009,HRL,TX,ASW,CE,Federal Contract Tower,40,14,9,32,95,0,1,39,0,40,40,15,48,32,135,40,86,126,261
07/15/2009,HRL,TX,ASW,CE,Federal Contract Tower,28,11,12,14,65,0,1,31,2,34,28,12,43,16,99,0,2,2,101
07/16/2009,HRL,TX,ASW,CE,Federal Contract Tower,38,10,9,29,86,0,1,22,1,24,38,11,31,30,110,2,4,6,116
07/17/2009,HRL,TX,ASW,CE,Federal Contract Tower,31,13,11,10,65,0,0,29,6,35,31,13,40,16,100,12,4,16,116
07/18/2009,HRL,TX,ASW,CE,Federal Contract Tower,16,8,0,6,30,0,0,11,0,11,16,8,11,6,41,4,0,4,45
07/19/2009,HRL,TX,ASW,CE,Federal Contract Tower,18,11,3,3,35,0,0,5,0,5,18,11,8,3,40,0,2,2,42
07/20/2009,HRL,TX,ASW,CE,Federal Contract Tower,28,15,10,33,86,0,2,37,0,39,28,17,47,33,125,4,64,68,193
07/21/2009,HRL,TX,ASW,CE,Federal Contract Tower,37,14,6,42,99,0,1,21,2,24,37,15,27,44,123,1,78,79,202
07/22/2009,HRL,TX,ASW,CE,Federal Contract Tower,36,10,11,37,94,0,1,36,0,37,36,11,47,37,131,6,26,32,163
07/23/2009,HRL,TX,ASW,CE,Federal Contract Tower,32,10,11,39,92,0,2,49,0,51,32,12,60,39,143,2,94,96,239
07/24/2009,HRL,TX,ASW,CE,Federal Contract Tower,34,10,6,5,55,0,3,30,5,38,34,13,36,10,93,8,40,48,141
07/25/2009,HRL,TX,ASW,CE,Federal Contract Tower,16,5,0,4,25,0,0,11,0,11,16,5,11,4,36,16,0,16,52
07/26/2009,HRL,TX,ASW,CE,Federal Contract Tower,20,10,11,2,43,0,0,24,0,24,20,10,35,2,67,14,0,14,81
07/27/2009,HRL,TX,ASW,CE,Federal Contract Tower,25,11,7,49,92,0,1,24,1,26,25,12,31,50,118,2,86,88,206
07/28/2009,HRL,TX,ASW,CE,Federal Contract Tower,33,16,3,59,111,0,0,18,0,18,33,16,21,59,129,8,228,236,365
07/29/2009,HRL,TX,ASW,CE,Federal Contract Tower,28,10,14,57,109,0,0,26,1,27,28,10,40,58,136,4,146,150,286
07/30/2009,HRL,TX,ASW,CE,Federal Contract Tower,39,10,12,43,104,0,0,22,2,24,39,10,34,45,128,2,12,14,142
07/31/2009,HRL,TX,ASW,CE,Federal Contract Tower,29,9,7,25,70,0,0,27,0,27,29,9,34,25,97,4,16,20,117
08/01/2009,HRL,TX,ASW,CE,Federal Contract Tower,16,6,2,0,24,0,0,11,0,11,16,6,13,0,35,4,0,4,39
08/02/2009,HRL,TX,ASW,CE,Federal Contract Tower,18,8,5,2,33,0,0,11,0,11,18,8,16,2,44,0,0,0,44
08/03/2009,HRL,TX,ASW,CE,Federal Contract Tower,26,11,11,37,85,0,0,17,0,17,26,11,28,37,102,2,224,226,328
08/04/2009,HRL,TX,ASW,CE,Federal Contract Tower,33,11,4,7,55,0,1,16,6,23,33,12,20,13,78,2,168,170,248
08/05/2009,HRL,TX,ASW,CE,Federal Contract Tower,29,12,9,21,71,0,0,22,2,24,29,12,31,23,95,2,6,8,103
08/06/2009,HRL,TX,ASW,CE,Federal Contract Tower,35,10,8,15,68,0,0,23,1,24,35,10,31,16,92,2,0,2,94
08/07/2009,HRL,TX,ASW,CE,Federal Contract Tower,34,10,12,11,67,0,0,23,0,23,34,10,35,11,90,20,56,76,166
08/08/2009,HRL,TX,ASW,CE,Federal Contract Tower,15,7,1,0,23,0,0,13,0,13,15,7,14,0,36,18,14,32,68
08/09/2009,HRL,TX,ASW,CE,Federal Contract Tower,18,8,7,7,40,0,0,7,0,7,18,8,14,7,47,2,2,4,51
08/10/2009,HRL,TX,ASW,CE,Federal Contract Tower,28,15,5,29,77,0,2,31,0,33,28,17,36,29,110,4,82,86,196
08/11/2009,HRL,TX,ASW,CE,Federal Contract Tower,44,12,4,40,100,0,2,29,0,31,44,14,33,40,131,28,144,172,303
08/12/2009,HRL,TX,ASW,CE,Federal Contract Tower,32,12,5,28,77,0,0,32,8,40,32,12,37,36,117,0,54,54,171
08/13/2009,HRL,TX,ASW,CE,Federal Contract Tower,35,12,7,24,78,0,0,26,1,27,35,12,33,25,105,12,8,20,125
08/14/2009,HRL,TX,ASW,CE,Federal Contract Tower,31,7,17,0,55,0,2,23,0,25,31,9,40,0,80,12,0,12,92
08/15/2009,HRL,TX,ASW,CE,Federal Contract Tower,20,8,0,0,28,0,0,12,0,12,20,8,12,0,40,16,0,16,56
08/16/2009,HRL,TX,ASW,CE,Federal Contract Tower,18,8,1,0,27,0,0,23,0,23,18,8,24,0,50,64,0,64,114
08/17/2009,HRL,TX,ASW,CE,Federal Contract Tower,29,13,11,37,90,0,1,29,0,30,29,14,40,37,120,50,76,126,246
08/18/2009,HRL,TX,ASW,CE,Federal Contract Tower,36,15,4,32,87,0,1,23,0,24,36,16,27,32,111,10,48,58,169
08/19/2009,HRL,TX,ASW,CE,Federal Contract Tower,33,11,16,18,78,0,0,32,0,32,33,11,48,18,110,10,82,92,202
08/20/2009,HRL,TX,ASW,CE,Federal Contract Tower,33,9,11,16,69,0,0,31,1,32,33,9,42,17,101,24,54,78,179
08/21/2009,HRL,TX,ASW,CE,Federal Contract Tower,32,11,10,0,53,0,0,26,0,26,32,11,36,0,79,2,0,2,81
08/22/2009,HRL,TX,ASW,CE,Federal Contract Tower,14,8,2,2,26,0,1,22,3,26,14,9,24,5,52,0,80,80,132
08/23/2009,HRL,TX,ASW,CE,Federal Contract Tower,18,7,4,2,31,0,0,19,0,19,18,7,23,2,50,4,0,4,54
08/24/2009,HRL,TX,ASW,CE,Federal Contract Tower,28,11,18,16,73,0,1,31,0,32,28,12,49,16,105,0,58,58,163
08/25/2009,HRL,TX,ASW,CE,Federal Contract Tower,37,15,13,27,92,0,1,21,0,22,37,16,34,27,114,0,52,52,166
08/26/2009,HRL,TX,ASW,CE,Federal Contract Tower,31,10,10,11,62,0,0,46,1,47,31,10,56,12,109,30,10,40,149
08/27/2009,HRL,TX,ASW,CE,Federal Contract Tower,36,10,6,37,89,0,0,30,4,34,36,10,36,41,123,3,18,21,144
08/28/2009,HRL,TX,ASW,CE,Federal Contract Tower,32,12,9,16,69,0,0,26,0,26,32,12,35,16,95,8,52,60,155
08/29/2009,HRL,TX,ASW,CE,Federal Contract Tower,14,8,5,0,27,0,0,11,0,11,14,8,16,0,38,0,0,0,38
08/30/2009,HRL,TX,ASW,CE,Federal Contract Tower,18,7,9,0,34,0,0,4,0,4,18,7,13,0,38,0,0,0,38
08/31/2009,HRL,TX,ASW,CE,Federal Contract Tower,31,17,3,4,55,0,1,23,0,24,31,18,26,4,79,0,2,2,81
09/01/2009,HRL,TX,ASW,CE,Federal Contract Tower,34,15,17,12,78,0,1,24,0,25,34,16,41,12,103,0,70,70,173
09/02/2009,HRL,TX,ASW,CE,Federal Contract Tower,31,9,9,14,63,0,0,32,0,32,31,9,41,14,95,20,20,40,135
09/03/2009,HRL,TX,ASW,CE,Federal Contract Tower,35,13,9,6,63,0,8,33,3,44,35,21,42,9,107,6,134,140,247
09/04/2009,HRL,TX,ASW,CE,Federal Contract Tower,32,10,8,22,72,0,1,25,3,29,32,11,33,25,101,0,66,66,167
09/05/2009,HRL,TX,ASW,CE,Federal Contract Tower,13,9,3,0,25,0,0,11,0,11,13,9,14,0,36,0,0,0,36
09/06/2009,HRL,TX,ASW,CE,Federal Contract Tower,10,7,2,0,19,0,0,10,0,10,10,7,12,0,29,0,0,0,29
09/07/2009,HRL,TX,ASW,CE,Federal Contract Tower,17,8,7,0,32,0,0,20,0,20,17,8,27,0,52,0,0,0,52
09/08/2009,HRL,TX,ASW,CE,Federal Contract Tower,30,12,7,2,51,0,1,11,0,12,30,13,18,2,63,2,0,2,65
09/09/2009,HRL,TX,ASW,CE,Federal Contract Tower,36,6,9,7,58,0,0,17,2,19,36,6,26,9,77,6,88,94,171
09/10/2009,HRL,TX,ASW,CE,Federal Contract Tower,36,13,9,0,58,0,1,10,0,11,36,14,19,0,69,0,0,0,69
09/11/2009,HRL,TX,ASW,CE,Federal Contract Tower,30,12,12,0,54,0,0,11,0,11,30,12,23,0,65,0,0,0,65
09/12/2009,HRL,TX,ASW,CE,Federal Contract Tower,14,7,9,8,38,0,1,5,0,6,14,8,14,8,44,0,0,0,44
09/13/2009,HRL,TX,ASW,CE,Federal Contract Tower,17,10,5,11,43,0,0,8,1,9,17,10,13,12,52,0,6,6,58
09/14/2009,HRL,TX,ASW,CE,Federal Contract Tower,31,12,13,33,89,0,0,24,0,24,31,12,37,33,113,2,60,62,175
09/15/2009,HRL,TX,ASW,CE,Federal Contract Tower,33,10,9,13,65,0,0,26,1,27,33,10,35,14,92,10,8,18,110
09/16/2009,HRL,TX,ASW,CE,Federal Contract Tower,33,9,8,18,68,0,0,14,0,14,33,9,22,18,82,4,6,10,92
09/17/2009,HRL,TX,ASW,CE,Federal Contract Tower,35,9,7,18,69,0,1,25,0,26,35,10,32,18,95,4,0,4,99
09/18/2009,HRL,TX,ASW,CE,Federal Contract Tower,30,9,13,10,62,0,0,20,0,20,30,9,33,10,82,0,0,0,82
09/19/2009,HRL,TX,ASW,CE,Federal Contract Tower,15,7,3,0,25,0,0,13,0,13,15,7,16,0,38,20,0,20,58
09/20/2009,HRL,TX,ASW,CE,Federal Contract Tower,17,10,3,0,30,0,0,7,2,9,17,10,10,2,39,0,0,0,39
09/21/2009,HRL,TX,ASW,CE,Federal Contract Tower,28,12,8,56,104,0,1,13,0,14,28,13,21,56,118,4,28,32,150
09/22/2009,HRL,TX,ASW,CE,Federal Contract Tower,37,11,7,13,68,0,0,14,0,14,37,11,21,13,82,2,2,4,86
09/23/2009,HRL,TX,ASW,CE,Federal Contract Tower,30,8,19,36,93,0,0,10,3,13,30,8,29,39,106,0,0,0,106
09/24/2009,HRL,TX,ASW,CE,Federal Contract Tower,29,7,18,26,80,0,0,8,1,9,29,7,26,27,89,0,0,0,89
09/25/2009,HRL,TX,ASW,CE,Federal Contract Tower,35,8,15,24,82,0,0,9,0,9,35,8,24,24,91,0,4,4,95
09/26/2009,HRL,TX,ASW,CE,Federal Contract Tower,12,8,7,0,27,0,0,11,1,12,12,8,18,1,39,8,0,8,47
09/27/2009,HRL,TX,ASW,CE,Federal Contract Tower,17,12,5,0,34,0,0,24,0,24,17,12,29,0,58,10,0,10,68
09/28/2009,HRL,TX,ASW,CE,Federal Contract Tower,30,14,10,54,108,0,1,28,0,29,30,15,38,54,137,4,16,20,157
09/29/2009,HRL,TX,ASW,CE,Federal Contract Tower,36,12,12,20,80,0,1,20,5,26,36,13,32,25,106,0,30,30,136
09/30/2009,HRL,TX,ASW,CE,Federal Contract Tower,33,10,9,10,62,0,0,33,0,33,33,10,42,10,95,12,4,16,111
10/01/2009,HRL,TX,ASW,CE,Federal Contract Tower,36,9,15,13,73,0,0,35,4,39,36,9,50,17,112,0,86,86,198
10/02/2009,HRL,TX,ASW,CE,Federal Contract Tower,32,9,6,20,67,0,0,26,0,26,32,9,32,20,93,4,2,6,99
10/03/2009,HRL,TX,ASW,CE,Federal Contract Tower,13,6,0,10,29,0,0,10,0,10,13,6,10,10,39,4,0,4,43
10/04/2009,HRL,TX,ASW,CE,Federal Contract Tower,23,14,9,16,62,0,0,17,0,17,23,14,26,16,79,0,0,0,79
10/05/2009,HRL,TX,ASW,CE,Federal Contract Tower,28,14,10,46,98,0,1,24,1,26,28,15,34,47,124,18,120,138,262
10/06/2009,HRL,TX,ASW,CE,Federal Contract Tower,37,13,6,20,76,0,2,20,0,22,37,15,26,20,98,10,24,34,132
10/07/2009,HRL,TX,ASW,CE,Federal Contract Tower,30,13,10,36,89,0,0,25,0,25,30,13,35,36,114,24,50,74,188
10/08/2009,HRL,TX,ASW,CE,Federal Contract Tower,40,15,13,12,80,0,0,18,0,18,40,15,31,12,98,6,18,24,122
10/09/2009,HRL,TX,ASW,CE,Federal Contract Tower,35,17,8,0,60,0,0,4,0,4,35,17,12,0,64,0,0,0,64
10/10/2009,HRL,TX,ASW,CE,Federal Contract Tower,13,7,10,0,30,0,0,8,0,8,13,7,18,0,38,26,0,26,64
10/11/2009,HRL,TX,ASW,CE,Federal Contract Tower,19,10,6,5,40,0,2,9,0,11,19,12,15,5,51,6,0,6,57
10/12/2009,HRL,TX,ASW,CE,Federal Contract Tower,31,14,21,0,66,0,0,1,17,18,31,14,22,17,84,0,0,0,84
10/13/2009,HRL,TX,ASW,CE,Federal Contract Tower,31,14,17,18,80,0,2,17,0,19,31,16,34,18,99,16,2,18,117
10/14/2009,HRL,TX,ASW,CE,Federal Contract Tower,33,10,14,14,71,0,0,25,0,25,33,10,39,14,96,0,0,0,96
10/15/2009,HRL,TX,ASW,CE,Federal Contract Tower,37,9,12,18,76,0,0,28,0,28,37,9,40,18,104,4,2,6,110
10/16/2009,HRL,TX,ASW,CE,Federal Contract Tower,32,14,11,4,61,0,1,3,0,4,32,15,14,4,65,0,2,2,67
10/17/2009,HRL,TX,ASW,CE,Federal Contract Tower,13,7,4,0,24,0,0,16,0,16,13,7,20,0,40,6,0,6,46
10/18/2009,HRL,TX,ASW,CE,Federal Contract Tower,21,9,6,0,36,0,0,21,2,23,21,9,27,2,59,0,0,0,59
10/19/2009,HRL,TX,ASW,CE,Federal Contract Tower,34,12,5,38,89,0,1,24,2,27,34,13,29,40,116,16,46,62,178
10/20/2009,HRL,TX,ASW,CE,Federal Contract Tower,40,14,6,12,72,0,1,36,0,37,40,15,42,12,109,18,8,26,135
10/21/2009,HRL,TX,ASW,CE,Federal Contract Tower,36,11,10,20,77,0,0,21,0,21,36,11,31,20,98,2,0,2,100
10/22/2009,HRL,TX,ASW,CE,Federal Contract Tower,40,10,10,5,65,0,0,26,0,26,40,10,36,5,91,10,2,12,103
10/23/2009,HRL,TX,ASW,CE,Federal Contract Tower,32,12,5,6,55,0,1,34,2,37,32,13,39,8,92,34,0,34,126
10/24/2009,HRL,TX,ASW,CE,Federal Contract Tower,12,8,4,12,36,0,1,21,0,22,12,9,25,12,58,0,0,0,58
10/25/2009,HRL,TX,ASW,CE,Federal Contract Tower,19,11,9,5,44,0,0,19,0,19,19,11,28,5,63,4,4,8,71
10/26/2009,HRL,TX,ASW,CE,Federal Contract Tower,30,12,11,7,60,0,0,15,0,15,30,12,26,7,75,4,0,4,79
10/27/2009,HRL,TX,ASW,CE,Federal Contract Tower,39,10,12,27,88,0,1,24,0,25,39,11,36,27,113,6,4,10,123
10/28/2009,HRL,TX,ASW,CE,Federal Contract Tower,32,10,12,4,58,0,2,37,0,39,32,12,49,4,97,2,0,2,99
10/29/2009,HRL,TX,ASW,CE,Federal Contract Tower,33,6,17,0,56,0,1,0,2,3,33,7,17,2,59,0,0,0,59
10/30/2009,HRL,TX,ASW,CE,Federal Contract Tower,32,10,7,9,58,0,0,17,0,17,32,10,24,9,75,0,16,16,91
10/31/2009,HRL,TX,ASW,CE,Federal Contract Tower,13,7,0,0,20,0,1,23,0,24,13,8,23,0,44,4,0,4,48
11/01/2009,HRL,TX,ASW,CE,Federal Contract Tower,20,9,2,0,31,0,0,12,0,12,20,9,14,0,43,0,0,0,43
11/02/2009,HRL,TX,ASW,CE,Federal Contract Tower,29,13,5,18,65,0,0,20,1,21,29,13,25,19,86,4,0,4,90
11/03/2009,HRL,TX,ASW,CE,Federal Contract Tower,36,12,8,28,84,0,0,23,0,23,36,12,31,28,107,2,64,66,173
11/04/2009,HRL,TX,ASW,CE,Federal Contract Tower,32,9,13,4,58,0,0,30,0,30,32,9,43,4,88,2,0,2,90
11/05/2009,HRL,TX,ASW,CE,Federal Contract Tower,37,10,14,3,64,0,1,21,2,24,37,11,35,5,88,2,20,22,110
11/06/2009,HRL,TX,ASW,CE,Federal Contract Tower,30,9,12,9,60,0,2,22,0,24,30,11,34,9,84,24,0,24,108
11/07/2009,HRL,TX,ASW,CE,Federal Contract Tower,14,8,7,6,35,0,0,11,0,11,14,8,18,6,46,0,0,0,46
11/08/2009,HRL,TX,ASW,CE,Federal Contract Tower,20,9,10,3,42,0,0,1,0,1,20,9,11,3,43,28,2,30,73
11/09/2009,HRL,TX,ASW,CE,Federal Contract Tower,33,13,11,6,63,0,0,3,0,3,33,13,14,6,66,0,0,0,66
11/10/2009,HRL,TX,ASW,CE,Federal Contract Tower,36,13,11,35,95,0,1,23,0,24,36,14,34,35,119,2,0,2,121
11/11/2009,HRL,TX,ASW,CE,Federal Contract Tower,32,11,11,6,60,0,0,20,0,20,32,11,31,6,80,20,0,20,100
11/12/2009,HRL,TX,ASW,CE,Federal Contract Tower,33,8,21,6,68,0,0,37,0,37,33,8,58,6,105,24,2,26,131
11/13/2009,HRL,TX,ASW,CE,Federal Contract Tower,35,16,7,24,82,0,0,28,0,28,35,16,35,24,110,0,18,18,128
11/14/2009,HRL,TX,ASW,CE,Federal Contract Tower,13,7,0,4,24,0,0,10,0,10,13,7,10,4,34,32,4,36,70
11/15/2009,HRL,TX,ASW,CE,Federal Contract Tower,20,9,6,10,45,0,0,15,0,15,20,9,21,10,60,0,8,8,68
11/16/2009,HRL,TX,ASW,CE,Federal Contract Tower,30,11,11,21,73,0,3,9,0,12,30,14,20,21,85,0,2,2,87
11/17/2009,HRL,TX,ASW,CE,Federal Contract Tower,37,13,4,32,86,0,3,27,2,32,37,16,31,34,118,18,48,66,184
11/18/2009,HRL,TX,ASW,CE,Federal Contract Tower,33,10,18,31,92,0,0,31,0,31,33,10,49,31,123,26,58,84,207
11/19/2009,HRL,TX,ASW,CE,Federal Contract Tower,36,10,10,22,78,0,0,18,0,18,36,10,28,22,96,2,70,72,168
11/20/2009,HRL,TX,ASW,CE,Federal Contract Tower,40,13,6,4,63,0,0,11,0,11,40,13,17,4,74,16,0,16,90
11/21/2009,HRL,TX,ASW,CE,Federal Contract Tower,17,5,6,6,34,0,2,5,0,7,17,7,11,6,41,22,0,22,63
11/22/2009,HRL,TX,ASW,CE,Federal Contract Tower,19,12,3,16,50,0,0,9,0,9,19,12,12,16,59,0,4,4,63
11/23/2009,HRL,TX,ASW,CE,Federal Contract Tower,32,10,12,29,83,0,1,21,0,22,32,11,33,29,105,10,4,14,119
11/24/2009,HRL,TX,ASW,CE,Federal Contract Tower,37,12,12,0,61,0,0,3,0,3,37,12,15,0,64,0,0,0,64
11/25/2009,HRL,TX,ASW,CE,Federal Contract Tower,32,11,7,4,54,0,0,23,0,23,32,11,30,4,77,12,0,12,89
11/26/2009,HRL,TX,ASW,CE,Federal Contract Tower,10,6,3,0,19,0,0,15,0,15,10,6,18,0,34,0,0,0,34
11/27/2009,HRL,TX,ASW,CE,Federal Contract Tower,30,10,5,2,47,0,0,2,0,2,30,10,7,2,49,0,0,0,49
11/28/2009,HRL,TX,ASW,CE,Federal Contract Tower,17,5,12,0,34,0,0,17,0,17,17,5,29,0,51,12,0,12,63
11/29/2009,HRL,TX,ASW,CE,Federal Contract Tower,23,9,6,2,40,0,0,8,0,8,23,9,14,2,48,0,0,0,48
11/30/2009,HRL,TX,ASW,CE,Federal Contract Tower,27,13,5,8,53,0,0,0,0,0,27,13,5,8,53,0,0,0,53
12/01/2009,HRL,TX,ASW,CE,Federal Contract Tower,38,24,11,8,81,0,0,0,0,0,38,24,11,8,81,0,0,0,81
12/02/2009,HRL,TX,ASW,CE,Federal Contract Tower,30,10,14,34,88,0,0,22,0,22,30,10,36,34,110,4,0,4,114
12/03/2009,HRL,TX,ASW,CE,Federal Contract Tower,39,12,17,15,83,0,4,22,0,26,39,16,39,15,109,4,26,30,139
12/04/2009,HRL,TX,ASW,CE,Federal Contract Tower,29,5,10,2,46,0,0,5,0,5,29,5,15,2,51,0,0,0,51
12/05/2009,HRL,TX,ASW,CE,Federal Contract Tower,15,8,6,14,43,0,0,20,0,20,15,8,26,14,63,6,0,6,69
12/06/2009,HRL,TX,ASW,CE,Federal Contract Tower,22,9,7,6,44,0,0,3,0,3,22,9,10,6,47,0,0,0,47
12/07/2009,HRL,TX,ASW,CE,Federal Contract Tower,29,14,17,55,115,0,0,7,0,7,29,14,24,55,122,0,54,54,176
12/08/2009,HRL,TX,ASW,CE,Federal Contract Tower,32,12,16,59,119,0,0,6,0,6,32,12,22,59,125,2,36,38,163
12/09/2009,HRL,TX,ASW,CE,Federal Contract Tower,35,12,12,25,84,0,0,15,0,15,35,12,27,25,99,0,0,0,99
12/10/2009,HRL,TX,ASW,CE,Federal Contract Tower,38,13,10,10,71,0,0,11,0,11,38,13,21,10,82,2,60,62,144
12/11/2009,HRL,TX,ASW,CE,Federal Contract Tower,40,9,18,4,71,0,0,0,0,0,40,9,18,4,71,0,0,0,71
12/12/2009,HRL,TX,ASW,CE,Federal Contract Tower,14,12,5,4,35,0,0,0,0,0,14,12,5,4,35,0,0,0,35
12/13/2009,HRL,TX,ASW,CE,Federal Contract Tower,21,9,8,10,48,0,0,0,0,0,21,9,8,10,48,0,0,0,48
12/14/2009,HRL,TX,ASW,CE,Federal Contract Tower,31,13,6,21,71,0,0,9,0,9,31,13,15,21,80,0,0,0,80
12/15/2009,HRL,TX,ASW,CE,Federal Contract Tower,40,15,10,4,69,0,0,0,0,0,40,15,10,4,69,0,0,0,69
12/16/2009,HRL,TX,ASW,CE,Federal Contract Tower,38,14,9,0,61,0,0,0,0,0,38,14,9,0,61,0,0,0,61
12/17/2009,HRL,TX,ASW,CE,Federal Contract Tower,39,10,22,34,105,0,2,0,0,2,39,12,22,34,107,0,0,0,107
12/18/2009,HRL,TX,ASW,CE,Federal Contract Tower,35,9,10,8,62,0,0,0,0,0,35,9,10,8,62,0,0,0,62
12/19/2009,HRL,TX,ASW,CE,Federal Contract Tower,15,10,3,8,36,0,0,13,0,13,15,10,16,8,49,0,16,16,65
12/20/2009,HRL,TX,ASW,CE,Federal Contract Tower,22,9,3,14,48,0,0,12,0,12,22,9,15,14,60,0,4,4,64
12/21/2009,HRL,TX,ASW,CE,Federal Contract Tower,36,12,2,31,81,0,0,31,0,31,36,12,33,31,112,4,2,6,118
12/22/2009,HRL,TX,ASW,CE,Federal Contract Tower,40,23,3,12,78,0,0,17,0,17,40,23,20,12,95,8,10,18,113
12/23/2009,HRL,TX,ASW,CE,Federal Contract Tower,36,16,11,0,63,0,0,11,0,11,36,16,22,0,74,0,0,0,74
12/24/2009,HRL,TX,ASW,CE,Federal Contract Tower,30,8,3,0,41,0,1,4,0,5,30,9,7,0,46,0,0,0,46
12/25/2009,HRL,TX,ASW,CE,Federal Contract Tower,11,7,0,0,18,0,0,6,0,6,11,7,6,0,24,2,0,2,26
12/26/2009,HRL,TX,ASW,CE,Federal Contract Tower,15,11,3,0,29,0,0,0,0,0,15,11,3,0,29,0,0,0,29
12/27/2009,HRL,TX,ASW,CE,Federal Contract Tower,19,11,5,0,35,0,0,5,0,5,19,11,10,0,40,0,0,0,40
12/28/2009,HRL,TX,ASW,CE,Federal Contract Tower,31,15,7,21,74,0,2,12,0,14,31,17,19,21,88,14,2,16,104
12/29/2009,HRL,TX,ASW,CE,Federal Contract Tower,38,13,10,11,72,0,0,6,0,6,38,13,16,11,78,0,2,2,80
12/30/2009,HRL,TX,ASW,CE,Federal Contract Tower,33,20,11,10,74,0,0,14,0,14,33,20,25,10,88,0,0,0,88
12/31/2009,HRL,TX,ASW,CE,Federal Contract Tower,25,10,11,0,46,0,0,27,0,27,25,10,38,0,73,6,0,6,79
01/01/2010,HRL,TX,ASW,CE,Federal Contract Tower,16,9,1,0,26,0,0,8,0,8,16,9,9,0,34,0,0,0,34
01/02/2010,HRL,TX,ASW,CE,Federal Contract Tower,20,8,3,0,31,0,1,21,0,22,20,9,24,0,53,14,0,14,67
01/03/2010,HRL,TX,ASW,CE,Federal Contract Tower,20,7,15,0,42,0,0,0,0,0,20,7,15,0,42,0,0,0,42
01/04/2010,HRL,TX,ASW,CE,Federal Contract Tower,30,14,17,2,63,0,1,23,0,24,30,15,40,2,87,0,0,0,87
01/05/2010,HRL,TX,ASW,CE,Federal Contract Tower,31,10,11,14,66,0,1,21,0,22,31,11,32,14,88,4,2,6,94
01/06/2010,HRL,TX,ASW,CE,Federal Contract Tower,36,11,24,23,94,0,0,25,2,27,36,11,49,25,121,2,110,112,233
01/07/2010,HRL,TX,ASW,CE,Federal Contract Tower,45,15,13,10,83,0,0,0,0,0,45,15,13,10,83,2,0,2,85
01/08/2010,HRL,TX,ASW,CE,Federal Contract Tower,32,11,4,19,66,0,0,15,0,15,32,11,19,19,81,0,14,14,95
01/09/2010,HRL,TX,ASW,CE,Federal Contract Tower,14,7,7,8,36,0,0,20,0,20,14,7,27,8,56,6,12,18,74
01/10/2010,HRL,TX,ASW,CE,Federal Contract Tower,18,7,9,4,38,0,0,7,0,7,18,7,16,4,45,6,0,6,51
01/11/2010,HRL,TX,ASW,CE,Federal Contract Tower,31,10,20,18,79,0,0,20,0,20,31,10,40,18,99,12,10,22,121
01/12/2010,HRL,TX,ASW,CE,Federal Contract Tower,38,14,9,23,84,0,1,15,0,16,38,15,24,23,100,24,6,30,130
01/13/2010,HRL,TX,ASW,CE,Federal Contract Tower,30,9,12,20,71,0,0,26,0,26,30,9,38,20,97,6,0,6,103
01/14/2010,HRL,TX,ASW,CE,Federal Contract Tower,36,9,17,23,85,0,1,9,0,10,36,10,26,23,95,2,2,4,99
01/15/2010,HRL,TX,ASW,CE,Federal Contract Tower,33,9,9,14,65,0,0,7,0,7,33,9,16,14,72,14,0,14,86
01/16/2010,HRL,TX,ASW,CE,Federal Contract Tower,10,9,4,6,29,0,0,8,0,8,10,9,12,6,37,0,0,0,37
01/17/2010,HRL,TX,ASW,CE,Federal Contract Tower,18,8,12,6,44,0,0,23,0,23,18,8,35,6,67,0,0,0,67
01/18/2010,HRL,TX,ASW,CE,Federal Contract Tower,29,11,10,12,62,0,0,20,0,20,29,11,30,12,82,4,62,66,148
01/19/2010,HRL,TX,ASW,CE,Federal Contract Tower,34,12,7,6,59,0,1,19,0,20,34,13,26,6,79,2,42,44,123
01/20/2010,HRL,TX,ASW,CE,Federal Contract Tower,34,10,9,19,72,0,0,17,4,21,34,10,26,23,93,10,28,38,131
01/21/2010,HRL,TX,ASW,CE,Federal Contract Tower,35,11,13,16,75,0,0,18,0,18,35,11,31,16,93,0,0,0,93
01/22/2010,HRL,TX,ASW,CE,Federal Contract Tower,34,11,15,22,82,0,0,17,0,17,34,11,32,22,99,12,0,12,111
01/23/2010,HRL,TX,ASW,CE,Federal Contract Tower,13,9,7,6,35,0,0,4,0,4,13,9,11,6,39,0,0,0,39
01/24/2010,HRL,TX,ASW,CE,Federal Contract Tower,19,8,6,4,37,0,0,16,0,16,19,8,22,4,53,0,0,0,53
01/25/2010,HRL,TX,ASW,CE,Federal Contract Tower,30,14,5,33,82,0,0,29,0,29,30,14,34,33,111,0,2,2,113
01/26/2010,HRL,TX,ASW,CE,Federal Contract Tower,36,15,8,14,73,0,0,24,0,24,36,15,32,14,97,10,0,10,107
01/27/2010,HRL,TX,ASW,CE,Federal Contract Tower,28,10,10,19,67,0,0,17,0,17,28,10,27,19,84,0,0,0,84
01/28/2010,HRL,TX,ASW,CE,Federal Contract Tower,34,13,8,38,93,0,0,19,8,27,34,13,27,46,120,0,2,2,122
01/29/2010,HRL,TX,ASW,CE,Federal Contract Tower,30,11,4,24,69,0,0,17,2,19,30,11,21,26,88,2,60,62,150
01/30/2010,HRL,TX,ASW,CE,Federal Contract Tower,15,9,3,4,31,0,0,18,6,24,15,9,21,10,55,0,60,60,115
01/31/2010,HRL,TX,ASW,CE,Federal Contract Tower,20,11,5,43,79,0,0,11,0,11,20,11,16,43,90,10,2,12,102
02/01/2010,HRL,TX,ASW,CE,Federal Contract Tower,27,12,12,18,69,0,1,5,1,7,27,13,17,19,76,0,62,62,138
02/02/2010,HRL,TX,ASW,CE,Federal Contract Tower,40,11,13,7,71,0,0,2,0,2,40,11,15,7,73,0,6,6,79
02/03/2010,HRL,TX,ASW,CE,Federal Contract Tower,34,11,5,0,50,0,0,0,0,0,34,11,5,0,50,0,0,0,50
02/04/2010,HRL,TX,ASW,CE,Federal Contract Tower,41,12,17,16,86,0,0,9,0,9,41,12,26,16,95,0,0,0,95
02/05/2010,HRL,TX,ASW,CE,Federal Contract Tower,34,10,20,22,86,0,0,15,0,15,34,10,35,22,101,8,76,84,185
02/06/2010,HRL,TX,ASW,CE,Federal Contract Tower,15,9,6,18,48,0,0,15,0,15,15,9,21,18,63,14,4,18,81
02/07/2010,HRL,TX,ASW,CE,Federal Contract Tower,19,9,14,2,44,0,0,17,0,17,19,9,31,2,61,6,6,12,73
02/08/2010,HRL,TX,ASW,CE,Federal Contract Tower,30,12,14,77,133,0,0,20,2,22,30,12,34,79,155,4,90,94,249
02/09/2010,HRL,TX,ASW,CE,Federal Contract Tower,36,11,8,10,65,0,1,12,0,13,36,12,20,10,78,0,0,0,78
02/10/2010,HRL,TX,ASW,CE,Federal Contract Tower,38,9,9,14,70,0,0,13,0,13,38,9,22,14,83,12,0,12,95
02/11/2010,HRL,TX,ASW,CE,Federal Contract Tower,35,9,10,6,60,0,0,0,0,0,35,9,10,6,60,0,0,0,60
02/12/2010,HRL,TX,ASW,CE,Federal Contract Tower,32,9,22,34,97,0,0,16,1,17,32,9,38,35,114,6,154,160,274
02/13/2010,HRL,TX,ASW,CE,Federal Contract Tower,12,9,2,20,43,0,0,10,1,11,12,9,12,21,54,4,30,34,88
02/14/2010,HRL,TX,ASW,CE,Federal Contract Tower,21,11,6,6,44,0,0,10,0,10,21,11,16,6,54,10,0,10,64
02/15/2010,HRL,TX,ASW,CE,Federal Contract Tower,29,10,4,22,65,0,2,21,2,25,29,12,25,24,90,12,4,16,106
02/16/2010,HRL,TX,ASW,CE,Federal Contract Tower,35,13,8,21,77,0,1,21,1,23,35,14,29,22,100,18,54,72,172
02/17/2010,HRL,TX,ASW,CE,Federal Contract Tower,38,13,14,22,87,0,1,24,5,30,38,14,38,27,117,4,196,200,317
02/18/2010,HRL,TX,ASW,CE,Federal Contract Tower,42,23,15,25,105,0,0,13,0,13,42,23,28,25,118,2,0,2,120
02/19/2010,HRL,TX,ASW,CE,Federal Contract Tower,35,10,19,10,74,0,0,1,0,1,35,10,20,10,75,0,0,0,75
02/20/2010,HRL,TX,ASW,CE,Federal Contract Tower,12,8,7,4,31,0,0,7,0,7,12,8,14,4,38,0,2,2,40
02/21/2010,HRL,TX,ASW,CE,Federal Contract Tower,21,13,9,6,49,0,0,5,0,5,21,13,14,6,54,10,0,10,64
02/22/2010,HRL,TX,ASW,CE,Federal Contract Tower,35,11,13,5,64,0,0,15,1,16,35,11,28,6,80,0,0,0,80
02/23/2010,HRL,TX,ASW,CE,Federal Contract Tower,42,12,15,14,83,0,0,0,0,0,42,12,15,14,83,0,0,0,83
02/24/2010,HRL,TX,ASW,CE,Federal Contract Tower,36,16,12,38,102,0,2,29,0,31,36,18,41,38,133,14,16,30,163
02/25/2010,HRL,TX,ASW,CE,Federal Contract Tower,39,11,13,27,90,0,0,37,0,37,39,11,50,27,127,16,0,16,143
02/26/2010,HRL,TX,ASW,CE,Federal Contract Tower,32,10,10,24,76,0,0,23,4,27,32,10,33,28,103,16,94,110,213
02/27/2010,HRL,TX,ASW,CE,Federal Contract Tower,16,9,3,9,37,0,3,19,1,23,16,12,22,10,60,16,88,104,164
02/28/2010,HRL,TX,ASW,CE,Federal Contract Tower,22,11,7,14,54,0,0,7,0,7,22,11,14,14,61,0,0,0,61
03/01/2010,HRL,TX,ASW,CE,Federal Contract Tower,32,10,11,50,103,0,1,13,5,19,32,11,24,55,122,14,58,72,194
03/02/2010,HRL,TX,ASW,CE,Federal Contract Tower,35,10,12,41,98,0,1,23,6,30,35,11,35,47,128,4,106,110,238
03/03/2010,HRL,TX,ASW,CE,Federal Contract Tower,36,13,15,19,83,0,2,17,6,25,36,15,32,25,108,18,62,80,188
03/04/2010,HRL,TX,ASW,CE,Federal Contract Tower,38,10,8,14,70,0,1,33,0,34,38,11,41,14,104,20,0,20,124
03/05/2010,HRL,TX,ASW,CE,Federal Contract Tower,36,18,16,8,78,0,1,14,0,15,36,19,30,8,93,32,0,32,125
03/06/2010,HRL,TX,ASW,CE,Federal Contract Tower,12,13,7,14,46,0,0,9,0,9,12,13,16,14,55,8,2,10,65
03/07/2010,HRL,TX,ASW,CE,Federal Contract Tower,22,12,0,20,54,0,0,6,0,6,22,12,6,20,60,0,0,0,60
03/08/2010,HRL,TX,ASW,CE,Federal Contract Tower,30,10,23,32,95,0,0,13,0,13,30,10,36,32,108,0,46,46,154
03/09/2010,HRL,TX,ASW,CE,Federal Contract Tower,38,11,8,31,88,0,1,21,1,23,38,12,29,32,111,24,174,198,309
03/10/2010,HRL,TX,ASW,CE,Federal Contract Tower,40,13,7,41,101,0,1,25,0,26,40,14,32,41,127,32,34,66,193
03/11/2010,HRL,TX,ASW,CE,Federal Contract Tower,41,9,15,39,104,0,0,7,0,7,41,9,22,39,111,0,6,6,117
03/12/2010,HRL,TX,ASW,CE,Federal Contract Tower,38,11,19,7,75,0,0,21,1,22,38,11,40,8,97,12,108,120,217
03/13/2010,HRL,TX,ASW,CE,Federal Contract Tower,14,8,7,4,33,0,0,15,0,15,14,8,22,4,48,20,0,20,68
03/14/2010,HRL,TX,ASW,CE,Federal Contract Tower,18,10,2,2,32,0,2,10,0,12,18,12,12,2,44,0,0,0,44
03/15/2010,HRL,TX,ASW,CE,Federal Contract Tower,33,12,8,21,74,0,1,19,0,20,33,13,27,21,94,16,58,74,168
03/16/2010,HRL,TX,ASW,CE,Federal Contract Tower,44,12,7,29,92,0,1,2,2,5,44,13,9,31,97,0,0,0,97
03/17/2010,HRL,TX,ASW,CE,Federal Contract Tower,35,11,9,32,87,0,1,30,0,31,35,12,39,32,118,2,0,2,120
03/18/2010,HRL,TX,ASW,CE,Federal Contract Tower,40,9,6,25,80,0,0,37,0,37,40,9,43,25,117,4,2,6,123
03/19/2010,HRL,TX,ASW,CE,Federal Contract Tower,34,17,9,20,80,0,2,18,0,20,34,19,27,20,100,2,56,58,158
03/20/2010,HRL,TX,ASW,CE,Federal Contract Tower,15,9,3,1,28,0,0,5,0,5,15,9,8,1,33,2,0,2,35
03/21/2010,HRL,TX,ASW,CE,Federal Contract Tower,19,10,3,2,34,0,0,15,0,15,19,10,18,2,49,0,0,0,49
03/22/2010,HRL,TX,ASW,CE,Federal Contract Tower,31,14,11,17,73,0,3,24,0,27,31,17,35,17,100,20,2,22,122
03/23/2010,HRL,TX,ASW,CE,Federal Contract Tower,38,13,4,22,77,0,3,29,1,33,38,16,33,23,110,22,0,22,132
03/24/2010,HRL,TX,ASW,CE,Federal Contract Tower,34,9,18,37,98,0,0,23,0,23,34,9,41,37,121,30,64,94,215
03/25/2010,HRL,TX,ASW,CE,Federal Contract Tower,36,10,9,54,109,0,1,15,1,17,36,11,24,55,126,22,10,32,158
03/26/2010,HRL,TX,ASW,CE,Federal Contract Tower,37,10,7,2,56,0,0,14,0,14,37,10,21,2,70,28,0,28,98
03/27/2010,HRL,TX,ASW,CE,Federal Contract Tower,15,9,1,0,25,0,0,11,0,11,15,9,12,0,36,0,0,0,36
03/28/2010,HRL,TX,ASW,CE,Federal Contract Tower,16,12,1,0,29,0,0,9,0,9,16,12,10,0,38,0,0,0,38
03/29/2010,HRL,TX,ASW,CE,Federal Contract Tower,30,17,6,37,90,0,1,46,0,47,30,18,52,37,137,32,74,106,243
03/30/2010,HRL,TX,ASW,CE,Federal Contract Tower,32,9,20,34,95,0,0,23,2,25,32,9,43,36,120,20,0,20,140
03/31/2010,HRL,TX,ASW,CE,Federal Contract Tower,28,13,7,41,89,0,0,30,0,30,28,13,37,41,119,24,2,26,145
04/01/2010,HRL,TX,ASW,CE,Federal Contract Tower,33,9,16,24,82,0,0,7,0,7,33,9,23,24,89,16,0,16,105
04/02/2010,HRL,TX,ASW,CE,Federal Contract Tower,35,10,5,22,72,0,0,19,0,19,35,10,24,22,91,10,36,46,137
04/03/2010,HRL,TX,ASW,CE,Federal Contract Tower,15,8,4,0,27,0,0,4,0,4,15,8,8,0,31,0,0,0,31
04/04/2010,HRL,TX,ASW,CE,Federal Contract Tower,19,10,3,0,32,0,0,5,0,5,19,10,8,0,37,0,0,0,37
04/05/2010,HRL,TX,ASW,CE,Federal Contract Tower,30,10,16,23,79,0,0,13,0,13,30,10,29,23,92,0,88,88,180
04/06/2010,HRL,TX,ASW,CE,Federal Contract Tower,45,10,7,22,84,0,0,27,0,27,45,10,34,22,111,4,4,8,119
04/07/2010,HRL,TX,ASW,CE,Federal Contract Tower,35,11,15,24,85,0,0,16,0,16,35,11,31,24,101,0,30,30,131
04/08/2010,HRL,TX,ASW,CE,Federal Contract Tower,33,12,12,18,75,0,0,35,0,35,33,12,47,18,110,20,4,24,134
04/09/2010,HRL,TX,ASW,CE,Federal Contract Tower,37,11,15,13,76,0,0,35,0,35,37,11,50,13,111,6,2,8,119
04/10/2010,HRL,TX,ASW,CE,Federal Contract Tower,15,8,3,7,33,0,0,9,4,13,15,8,12,11,46,8,0,8,54
04/11/2010,HRL,TX,ASW,CE,Federal Contract Tower,17,8,7,2,34,0,0,3,0,3,17,8,10,2,37,0,0,0,37
04/12/2010,HRL,TX,ASW,CE,Federal Contract Tower,26,14,11,6,57,0,0,2,0,2,26,14,13,6,59,0,0,0,59
04/13/2010,HRL,TX,ASW,CE,Federal Contract Tower,35,8,9,4,56,0,0,8,0,8,35,8,17,4,64,0,0,0,64
04/14/2010,HRL,TX,ASW,CE,Federal Contract Tower,34,11,9,14,68,0,0,16,0,16,34,11,25,14,84,0,0,0,84
04/15/2010,HRL,TX,ASW,CE,Federal Contract Tower,37,13,8,33,91,0,0,27,0,27,37,13,35,33,118,16,28,44,162
04/16/2010,HRL,TX,ASW,CE,Federal Contract Tower,36,10,12,4,62,0,0,0,0,0,36,10,12,4,62,0,0,0,62
04/17/2010,HRL,TX,ASW,CE,Federal Contract Tower,15,8,8,1,32,0,0,4,0,4,15,8,12,1,36,0,2,2,38
04/18/2010,HRL,TX,ASW,CE,Federal Contract Tower,16,8,11,0,35,0,0,3,0,3,16,8,14,0,38,0,0,0,38
04/19/2010,HRL,TX,ASW,CE,Federal Contract Tower,31,9,22,46,108,0,0,28,0,28,31,9,50,46,136,14,4,18,154
04/20/2010,HRL,TX,ASW,CE,Federal Contract Tower,34,10,11,31,86,0,0,11,0,11,34,10,22,31,97,0,20,20,117
04/21/2010,HRL,TX,ASW,CE,Federal Contract Tower,27,12,14,8,61,0,0,37,0,37,27,12,51,8,98,0,0,0,98
04/22/2010,HRL,TX,ASW,CE,Federal Contract Tower,39,11,13,21,84,0,0,15,0,15,39,11,28,21,99,12,8,20,119
04/23/2010,HRL,TX,ASW,CE,Federal Contract Tower,37,12,12,10,71,0,0,17,0,17,37,12,29,10,88,4,0,4,92
04/24/2010,HRL,TX,ASW,CE,Federal Contract Tower,19,7,1,2,29,0,0,7,0,7,19,7,8,2,36,0,0,0,36
04/25/2010,HRL,TX,ASW,CE,Federal Contract Tower,17,8,5,18,48,0,0,16,0,16,17,8,21,18,64,10,0,10,74
04/26/2010,HRL,TX,ASW,CE,Federal Contract Tower,29,13,19,5,66,0,0,42,0,42,29,13,61,5,108,4,12,16,124
04/27/2010,HRL,TX,ASW,CE,Federal Contract Tower,42,9,8,14,73,0,0,35,2,37,42,9,43,16,110,2,50,52,162
04/28/2010,HRL,TX,ASW,CE,Federal Contract Tower,36,12,12,17,77,0,1,36,1,38,36,13,48,18,115,14,106,120,235
04/29/2010,HRL,TX,ASW,CE,Federal Contract Tower,36,9,8,4,57,0,1,24,0,25,36,10,32,4,82,24,0,24,106
04/30/2010,HRL,TX,ASW,CE,Federal Contract Tower,33,8,5,16,62,0,0,14,0,14,33,8,19,16,76,0,55,55,131
05/01/2010,HRL,TX,ASW,CE,Federal Contract Tower,17,5,2,6,30,0,0,2,0,2,17,5,4,6,32,6,0,6,38
05/02/2010,HRL,TX,ASW,CE,Federal Contract Tower,16,12,6,4,38,0,0,8,0,8,16,12,14,4,46,0,6,6,52
05/03/2010,HRL,TX,ASW,CE,Federal Contract Tower,24,9,7,33,73,0,0,31,0,31,24,9,38,33,104,22,0,22,126
05/04/2010,HRL,TX,ASW,CE,Federal Contract Tower,34,9,6,44,93,0,0,31,0,31,34,9,37,44,124,2,28,30,154
05/05/2010,HRL,TX,ASW,CE,Federal Contract Tower,32,10,12,16,70,0,0,28,0,28,32,10,40,16,98,26,0,26,124
05/06/2010,HRL,TX,ASW,CE,Federal Contract Tower,31,11,13,17,72,0,1,26,0,27,31,12,39,17,99,52,94,146,245
05/07/2010,HRL,TX,ASW,CE,Federal Contract Tower,35,12,10,30,87,0,0,15,0,15,35,12,25,30,102,6,0,6,108
05/08/2010,HRL,TX,ASW,CE,Federal Contract Tower,17,6,2,4,29,0,0,6,0,6,17,6,8,4,35,10,4,14,49
05/09/2010,HRL,TX,ASW,CE,Federal Contract Tower,21,10,8,20,59,0,0,3,0,3,21,10,11,20,62,0,0,0,62
05/10/2010,HRL,TX,ASW,CE,Federal Contract Tower,26,9,25,10,70,0,0,17,2,19,26,9,42,12,89,6,34,40,129
05/11/2010,HRL,TX,ASW,CE,Federal Contract Tower,40,13,5,17,75,0,0,16,2,18,40,13,21,19,93,4,26,30,123
05/12/2010,HRL,TX,ASW,CE,Federal Contract Tower,32,10,12,15,69,0,0,14,0,14,32,10,26,15,83,0,46,46,129
05/13/2010,HRL,TX,ASW,CE,Federal Contract Tower,39,11,9,26,85,0,0,13,1,14,39,11,22,27,99,20,40,60,159
05/14/2010,HRL,TX,ASW,CE,Federal Contract Tower,31,11,11,14,67,0,0,12,0,12,31,11,23,14,79,24,0,24,103
05/15/2010,HRL,TX,ASW,CE,Federal Contract Tower,15,6,4,0,25,0,0,7,0,7,15,6,11,0,32,0,0,0,32
05/16/2010,HRL,TX,ASW,CE,Federal Contract Tower,19,8,4,6,37,0,0,0,0,0,19,8,4,6,37,0,0,0,37
05/17/2010,HRL,TX,ASW,CE,Federal Contract Tower,33,10,26,16,85,0,0,22,0,22,33,10,48,16,107,4,4,8,115
05/18/2010,HRL,TX,ASW,CE,Federal Contract Tower,34,7,7,4,52,0,1,7,0,8,34,8,14,4,60,0,0,0,60
05/19/2010,HRL,TX,ASW,CE,Federal Contract Tower,35,11,21,30,97,0,0,22,1,23,35,11,43,31,120,18,86,104,224
05/20/2010,HRL,TX,ASW,CE,Federal Contract Tower,32,10,16,12,70,0,1,18,1,20,32,11,34,13,90,10,46,56,146
05/21/2010,HRL,TX,ASW,CE,Federal Contract Tower,35,11,13,18,77,0,0,13,0,13,35,11,26,18,90,14,30,44,134
05/22/2010,HRL,TX,ASW,CE,Federal Contract Tower,14,8,3,0,25,0,0,2,0,2,14,8,5,0,27,0,0,0,27
05/23/2010,HRL,TX,ASW,CE,Federal Contract Tower,19,9,6,0,34,0,0,9,0,9,19,9,15,0,43,4,0,4,47
05/24/2010,HRL,TX,ASW,CE,Federal Contract Tower,27,8,14,14,63,0,0,11,0,11,27,8,25,14,74,10,2,12,86
05/25/2010,HRL,TX,ASW,CE,Federal Contract Tower,35,12,8,6,61,0,0,13,0,13,35,12,21,6,74,2,0,2,76
05/26/2010,HRL,TX,ASW,CE,Federal Contract Tower,34,8,12,17,71,0,0,21,0,21,34,8,33,17,92,38,10,48,140
05/27/2010,HRL,TX,ASW,CE,Federal Contract Tower,38,10,9,23,80,0,2,31,0,33,38,12,40,23,113,10,6,16,129
05/28/2010,HRL,TX,ASW,CE,Federal Contract Tower,35,14,21,6,76,0,0,23,0,23,35,14,44,6,99,0,0,0,99
05/29/2010,HRL,TX,ASW,CE,Federal Contract Tower,13,7,3,0,23,0,0,13,0,13,13,7,16,0,36,4,0,4,40
05/30/2010,HRL,TX,ASW,CE,Federal Contract Tower,18,8,0,0,26,0,0,2,0,2,18,8,2,0,28,0,0,0,28
05/31/2010,HRL,TX,ASW,CE,Federal Contract Tower,18,10,4,0,32,0,0,15,1,16,18,10,19,1,48,8,0,8,56
06/01/2010,HRL,TX,ASW,CE,Federal Contract Tower,34,12,7,2,55,0,1,25,0,26,34,13,32,2,81,0,4,4,85
06/02/2010,HRL,TX,ASW,CE,Federal Contract Tower,31,15,15,21,82,0,0,24,0,24,31,15,39,21,106,10,6,16,122
06/03/2010,HRL,TX,ASW,CE,Federal Contract Tower,36,10,10,10,66,0,0,26,0,26,36,10,36,10,92,4,0,4,96
06/04/2010,HRL,TX,ASW,CE,Federal Contract Tower,36,12,8,6,62,0,1,14,1,16,36,13,22,7,78,18,60,78,156
06/05/2010,HRL,TX,ASW,CE,Federal Contract Tower,13,7,9,12,41,0,0,13,0,13,13,7,22,12,54,6,0,6,60
06/06/2010,HRL,TX,ASW,CE,Federal Contract Tower,20,9,6,10,45,0,0,29,0,29,20,9,35,10,74,72,2,74,148
06/07/2010,HRL,TX,ASW,CE,Federal Contract Tower,30,8,15,3,56,0,0,22,0,22,30,8,37,3,78,42,14,56,134
06/08/2010,HRL,TX,ASW,CE,Federal Contract Tower,34,9,5,17,65,0,0,32,0,32,34,9,37,17,97,94,0,94,191
06/09/2010,HRL,TX,ASW,CE,Federal Contract Tower,36,11,13,16,76,0,0,23,0,23,36,11,36,16,99,22,16,38,137
06/10/2010,HRL,TX,ASW,CE,Federal Contract Tower,39,9,1,23,72,0,0,32,0,32,39,9,33,23,104,20,42,62,166
06/11/2010,HRL,TX,ASW,CE,Federal Contract Tower,35,9,17,4,65,0,2,23,0,25,35,11,40,4,90,28,6,34,124
06/12/2010,HRL,TX,ASW,CE,Federal Contract Tower,17,6,6,4,33,0,0,23,0,23,17,6,29,4,56,40,0,40,96
06/13/2010,HRL,TX,ASW,CE,Federal Contract Tower,19,9,6,0,34,0,0,28,3,31,19,9,34,3,65,32,0,32,97
06/14/2010,HRL,TX,ASW,CE,Federal Contract Tower,29,8,18,29,84,0,0,34,0,34,29,8,52,29,118,50,4,54,172
06/15/2010,HRL,TX,ASW,CE,Federal Contract Tower,43,15,6,34,98,0,1,38,0,39,43,16,44,34,137,53,90,143,280
06/16/2010,HRL,TX,ASW,CE,Federal Contract Tower,28,9,13,10,60,0,1,25,1,27,28,10,38,11,87,38,0,38,125
06/17/2010,HRL,TX,ASW,CE,Federal Contract Tower,38,14,7,27,86,0,0,34,0,34,38,14,41,27,120,26,54,80,200
06/18/2010,HRL,TX,ASW,CE,Federal Contract Tower,33,10,5,6,54,0,0,36,1,37,33,10,41,7,91,36,44,80,171
06/19/2010,HRL,TX,ASW,CE,Federal Contract Tower,16,7,7,8,38,0,0,10,0,10,16,7,17,8,48,16,60,76,124
06/20/2010,HRL,TX,ASW,CE,Federal Contract Tower,20,10,4,6,40,0,0,12,0,12,20,10,16,6,52,18,0,18,70
06/21/2010,HRL,TX,ASW,CE,Federal Contract Tower,27,10,3,11,51,0,3,33,1,37,27,13,36,12,88,20,128,148,236
06/22/2010,HRL,TX,ASW,CE,Federal Contract Tower,41,15,6,19,81,0,0,35,0,35,41,15,41,19,116,30,44,74,190
06/23/2010,HRL,TX,ASW,CE,Federal Contract Tower,35,10,5,40,90,0,2,42,0,44,35,12,47,40,134,76,82,158,292
06/24/2010,HRL,TX,ASW,CE,Federal Contract Tower,38,7,4,42,91,0,0,23,0,23,38,7,27,42,114,14,86,100,214
06/25/2010,HRL,TX,ASW,CE,Federal Contract Tower,36,10,6,15,67,0,0,31,0,31,36,10,37,15,98,38,2,40,138
06/26/2010,HRL,TX,ASW,CE,Federal Contract Tower,14,7,1,12,34,0,0,21,1,22,14,7,22,13,56,12,60,72,128
06/27/2010,HRL,TX,ASW,CE,Federal Contract Tower,19,10,4,2,35,0,0,20,0,20,19,10,24,2,55,16,6,22,77
06/28/2010,HRL,TX,ASW,CE,Federal Contract Tower,32,13,7,60,112,0,0,36,0,36,32,13,43,60,148,24,14,38,186
06/29/2010,HRL,TX,ASW,CE,Federal Contract Tower,31,11,10,8,60,0,0,18,0,18,31,11,28,8,78,14,6,20,98
06/30/2010,HRL,TX,ASW,CE,Federal Contract Tower,22,2,0,0,24,0,0,0,0,0,22,2,0,0,24,0,0,0,24
07/01/2010,HRL,TX,ASW,CE,Federal Contract Tower,15,8,4,1,28,0,0,15,0,15,15,8,19,1,43,58,0,58,101
07/02/2010,HRL,TX,ASW,CE,Federal Contract Tower,28,3,10,12,53,0,0,16,0,16,28,3,26,12,69,30,0,30,99
07/03/2010,HRL,TX,ASW,CE,Federal Contract Tower,14,8,8,8,38,0,0,11,0,11,14,8,19,8,49,30,0,30,79
07/04/2010,HRL,TX,ASW,CE,Federal Contract Tower,14,7,1,7,29,0,0,17,0,17,14,7,18,7,46,30,2,32,78
07/05/2010,HRL,TX,ASW,CE,Federal Contract Tower,16,13,2,0,31,0,4,44,0,48,16,17,46,0,79,106,0,106,185
07/06/2010,HRL,TX,ASW,CE,Federal Contract Tower,26,10,5,16,57,0,0,69,1,70,26,10,74,17,127,56,40,96,223
07/07/2010,HRL,TX,ASW,CE,Federal Contract Tower,34,9,7,13,63,0,1,61,4,66,34,10,68,17,129,36,2,38,167
07/08/2010,HRL,TX,ASW,CE,Federal Contract Tower,37,11,9,4,61,0,0,3,0,3,37,11,12,4,64,6,0,6,70
07/09/2010,HRL,TX,ASW,CE,Federal Contract Tower,41,9,11,28,89,0,0,8,0,8,41,9,19,28,97,20,8,28,125
07/10/2010,HRL,TX,ASW,CE,Federal Contract Tower,14,6,6,16,42,0,0,67,0,67,14,6,73,16,109,40,0,40,149
07/11/2010,HRL,TX,ASW,CE,Federal Contract Tower,19,10,3,8,40,0,0,47,4,51,19,10,50,12,91,8,0,8,99
07/12/2010,HRL,TX,ASW,CE,Federal Contract Tower,22,8,4,53,87,0,0,61,0,61,22,8,65,53,148,2,61,63,211
07/13/2010,HRL,TX,ASW,CE,Federal Contract Tower,35,11,13,56,115,0,1,62,6,69,35,12,75,62,184,8,126,134,318
07/14/2010,HRL,TX,ASW,CE,Federal Contract Tower,37,8,8,12,65,0,1,39,4,44,37,9,47,16,109,2,110,112,221
07/15/2010,HRL,TX,ASW,CE,Federal Contract Tower,40,7,4,28,79,0,0,65,1,66,40,7,69,29,145,32,40,72,217
07/16/2010,HRL,TX,ASW,CE,Federal Contract Tower,39,9,7,13,68,0,0,50,2,52,39,9,57,15,120,10,18,28,148
07/17/2010,HRL,TX,ASW,CE,Federal Contract Tower,14,7,15,16,52,0,0,71,0,71,14,7,86,16,123,6,0,6,129
07/18/2010,HRL,TX,ASW,CE,Federal Contract Tower,19,9,3,3,34,0,0,9,0,9,19,9,12,3,43,6,0,6,49
07/19/2010,HRL,TX,ASW,CE,Federal Contract Tower,32,12,9,36,89,0,0,56,3,59,32,12,65,39,148,8,114,122,270
07/20/2010,HRL,TX,ASW,CE,Federal Contract Tower,35,12,13,34,94,0,1,35,6,42,35,13,48,40,136,6,2,8,144
07/21/2010,HRL,TX,ASW,CE,Federal Contract Tower,35,11,12,9,67,0,0,25,0,25,35,11,37,9,92,0,2,2,94
07/22/2010,HRL,TX,ASW,CE,Federal Contract Tower,36,10,6,20,72,0,0,19,0,19,36,10,25,20,91,12,24,36,127
07/23/2010,HRL,TX,ASW,CE,Federal Contract Tower,30,9,7,2,48,0,0,16,0,16,30,9,23,2,64,4,0,4,68
07/24/2010,HRL,TX,ASW,CE,Federal Contract Tower,14,8,1,12,35,0,0,17,2,19,14,8,18,14,54,12,50,62,116
07/25/2010,HRL,TX,ASW,CE,Federal Contract Tower,19,9,2,12,42,0,0,17,1,18,19,9,19,13,60,12,0,12,72
07/26/2010,HRL,TX,ASW,CE,Federal Contract Tower,28,6,18,8,60,0,4,10,0,14,28,10,28,8,74,28,0,28,102
07/27/2010,HRL,TX,ASW,CE,Federal Contract Tower,30,12,4,30,76,0,1,23,0,24,30,13,27,30,100,0,8,8,108
07/28/2010,HRL,TX,ASW,CE,Federal Contract Tower,29,14,15,22,80,0,0,12,0,12,29,14,27,22,92,0,0,0,92
07/29/2010,HRL,TX,ASW,CE,Federal Contract Tower,33,9,15,12,69,0,0,42,0,42,33,9,57,12,111,6,14,20,131
07/30/2010,HRL,TX,ASW,CE,Federal Contract Tower,34,9,11,20,74,0,0,24,0,24,34,9,35,20,98,0,10,10,108
07/31/2010,HRL,TX,ASW,CE,Federal Contract Tower,13,7,11,10,41,0,0,9,0,9,13,7,20,10,50,0,0,0,50
08/01/2010,HRL,TX,ASW,CE,Federal Contract Tower,19,13,4,3,39,0,0,32,0,32,19,13,36,3,71,32,4,36,107
08/02/2010,HRL,TX,ASW,CE,Federal Contract Tower,28,7,10,31,76,0,0,39,5,44,28,7,49,36,120,12,58,70,190
08/03/2010,HRL,TX,ASW,CE,Federal Contract Tower,35,11,18,33,97,0,1,43,0,44,35,12,61,33,141,42,38,80,221
08/04/2010,HRL,TX,ASW,CE,Federal Contract Tower,32,9,14,21,76,0,2,22,4,28,32,11,36,25,104,54,62,116,220
08/05/2010,HRL,TX,ASW,CE,Federal Contract Tower,29,10,8,14,61,0,0,41,0,41,29,10,49,14,102,136,4,140,242
08/06/2010,HRL,TX,ASW,CE,Federal Contract Tower,31,9,7,24,71,0,0,28,0,28,31,9,35,24,99,118,2,120,219
08/07/2010,HRL,TX,ASW,CE,Federal Contract Tower,16,7,5,0,28,0,0,24,1,25,16,7,29,1,53,42,36,78,131
08/08/2010,HRL,TX,ASW,CE,Federal Contract Tower,22,9,2,14,47,0,0,21,0,21,22,9,23,14,68,32,0,32,100
08/09/2010,HRL,TX,ASW,CE,Federal Contract Tower,25,10,8,13,56,0,0,33,0,33,25,10,41,13,89,72,2,74,163
08/10/2010,HRL,TX,ASW,CE,Federal Contract Tower,38,11,8,16,73,0,0,33,0,33,38,11,41,16,106,60,6,66,172
08/11/2010,HRL,TX,ASW,CE,Federal Contract Tower,36,11,12,20,79,0,2,23,0,25,36,13,35,20,104,20,116,136,240
08/12/2010,HRL,TX,ASW,CE,Federal Contract Tower,34,10,8,19,71,0,0,20,10,30,34,10,28,29,101,38,126,164,265
08/13/2010,HRL,TX,ASW,CE,Federal Contract Tower,37,9,18,16,80,0,0,23,0,23,37,9,41,16,103,32,0,32,135
08/14/2010,HRL,TX,ASW,CE,Federal Contract Tower,15,7,5,6,33,0,0,21,0,21,15,7,26,6,54,8,0,8,62
08/15/2010,HRL,TX,ASW,CE,Federal Contract Tower,10,6,2,0,18,0,0,9,0,9,10,6,11,0,27,0,0,0,27
08/16/2010,HRL,TX,ASW,CE,Federal Contract Tower,29,8,8,30,75,0,0,17,0,17,29,8,25,30,92,2,20,22,114
08/17/2010,HRL,TX,ASW,CE,Federal Contract Tower,37,9,17,16,79,0,0,10,0,10,37,9,27,16,89,2,14,16,105
08/18/2010,HRL,TX,ASW,CE,Federal Contract Tower,34,7,15,31,87,0,1,16,5,22,34,8,31,36,109,10,154,164,273
08/19/2010,HRL,TX,ASW,CE,Federal Contract Tower,31,11,8,30,80,0,1,15,1,17,31,12,23,31,97,4,0,4,101
08/20/2010,HRL,TX,ASW,CE,Federal Contract Tower,33,11,7,13,64,0,0,10,2,12,33,11,17,15,76,18,30,48,124
08/21/2010,HRL,TX,ASW,CE,Federal Contract Tower,12,7,1,0,20,0,0,24,0,24,12,7,25,0,44,6,0,6,50
08/22/2010,HRL,TX,ASW,CE,Federal Contract Tower,17,13,2,13,45,0,0,22,0,22,17,13,24,13,67,26,6,32,99
08/23/2010,HRL,TX,ASW,CE,Federal Contract Tower,32,10,13,6,61,0,1,31,0,32,32,11,44,6,93,25,0,25,118
08/24/2010,HRL,TX,ASW,CE,Federal Contract Tower,33,7,14,29,83,0,1,31,0,32,33,8,45,29,115,46,78,124,239
08/25/2010,HRL,TX,ASW,CE,Federal Contract Tower,36,10,11,10,67,0,1,31,2,34,36,11,42,12,101,26,0,26,127
08/26/2010,HRL,TX,ASW,CE,Federal Contract Tower,30,8,12,25,75,0,0,27,0,27,30,8,39,25,102,32,6,38,140
08/27/2010,HRL,TX,ASW,CE,Federal Contract Tower,31,11,5,25,72,0,0,22,0,22,31,11,27,25,94,48,2,50,144
08/28/2010,HRL,TX,ASW,CE,Federal Contract Tower,12,8,5,4,29,0,0,13,0,13,12,8,18,4,42,24,0,24,66
08/29/2010,HRL,TX,ASW,CE,Federal Contract Tower,17,12,16,10,55,0,0,12,0,12,17,12,28,10,67,28,0,28,95
08/30/2010,HRL,TX,ASW,CE,Federal Contract Tower,25,7,15,27,74,0,0,39,0,39,25,7,54,27,113,52,48,100,213
08/31/2010,HRL,TX,ASW,CE,Federal Contract Tower,37,9,14,42,102,0,0,29,3,32,37,9,43,45,134,22,50,72,206
09/01/2010,HRL,TX,ASW,CE,Federal Contract Tower,34,7,9,24,74,0,1,25,0,26,34,8,34,24,100,14,20,34,134
09/02/2010,HRL,TX,ASW,CE,Federal Contract Tower,33,8,15,48,104,0,0,25,0,25,33,8,40,48,129,32,8,40,169
09/03/2010,HRL,TX,ASW,CE,Federal Contract Tower,36,11,8,2,57,0,0,11,2,13,36,11,19,4,70,12,28,40,110
09/04/2010,HRL,TX,ASW,CE,Federal Contract Tower,16,7,11,2,36,0,0,10,0,10,16,7,21,2,46,10,20,30,76
09/05/2010,HRL,TX,ASW,CE,Federal Contract Tower,12,5,2,0,19,0,2,11,0,13,12,7,13,0,32,36,0,36,68
09/06/2010,HRL,TX,ASW,CE,Federal Contract Tower,22,9,5,0,36,0,0,5,0,5,22,9,10,0,41,2,0,2,43
09/07/2010,HRL,TX,ASW,CE,Federal Contract Tower,33,5,7,20,65,0,0,13,0,13,33,5,20,20,78,66,50,116,194
09/08/2010,HRL,TX,ASW,CE,Federal Contract Tower,34,8,10,32,84,0,1,10,0,11,34,9,20,32,95,4,80,84,179
09/09/2010,HRL,TX,ASW,CE,Federal Contract Tower,34,9,14,34,91,0,0,23,0,23,34,9,37,34,114,36,46,82,196
09/10/2010,HRL,TX,ASW,CE,Federal Contract Tower,31,11,12,25,79,0,0,26,9,35,31,11,38,34,114,24,104,128,242
09/11/2010,HRL,TX,ASW,CE,Federal Contract Tower,15,10,2,9,36,0,0,13,1,14,15,10,15,10,50,6,56,62,112
09/12/2010,HRL,TX,ASW,CE,Federal Contract Tower,17,8,15,16,56,0,0,25,0,25,17,8,40,16,81,24,20,44,125
09/13/2010,HRL,TX,ASW,CE,Federal Contract Tower,28,9,28,29,94,0,0,22,0,22,28,9,50,29,116,20,128,148,264
09/14/2010,HRL,TX,ASW,CE,Federal Contract Tower,31,6,18,49,104,0,0,29,8,37,31,6,47,57,141,24,122,146,287
09/15/2010,HRL,TX,ASW,CE,Federal Contract Tower,31,7,15,31,84,0,0,18,3,21,31,7,33,34,105,16,114,130,235
09/16/2010,HRL,TX,ASW,CE,Federal Contract Tower,30,9,24,39,102,0,0,34,0,34,30,9,58,39,136,58,14,72,208
09/17/2010,HRL,TX,ASW,CE,Federal Contract Tower,32,9,11,0,52,0,1,8,0,9,32,10,19,0,61,4,0,4,65
09/18/2010,HRL,TX,ASW,CE,Federal Contract Tower,15,9,7,0,31,0,0,0,0,0,15,9,7,0,31,6,0,6,37
09/19/2010,HRL,TX,ASW,CE,Federal Contract Tower,18,9,4,0,31,0,0,13,0,13,18,9,17,0,44,18,0,18,62
09/20/2010,HRL,TX,ASW,CE,Federal Contract Tower,30,13,12,2,57,0,0,11,0,11,30,13,23,2,68,8,0,8,76
09/21/2010,HRL,TX,ASW,CE,Federal Contract Tower,35,8,8,6,57,0,0,15,0,15,35,8,23,6,72,54,0,54,126
09/22/2010,HRL,TX,ASW,CE,Federal Contract Tower,29,12,19,38,98,0,1,18,0,19,29,13,37,38,117,16,2,18,135
09/23/2010,HRL,TX,ASW,CE,Federal Contract Tower,34,10,12,26,82,0,0,30,1,31,34,10,42,27,113,30,12,42,155
09/24/2010,HRL,TX,ASW,CE,Federal Contract Tower,29,10,17,9,65,0,1,26,0,27,29,11,43,9,92,16,4,20,112
09/25/2010,HRL,TX,ASW,CE,Federal Contract Tower,17,8,6,8,39,0,0,16,0,16,17,8,22,8,55,3,0,3,58
09/26/2010,HRL,TX,ASW,CE,Federal Contract Tower,20,9,6,1,36,0,0,3,0,3,20,9,9,1,39,4,4,8,47
09/27/2010,HRL,TX,ASW,CE,Federal Contract Tower,28,9,8,21,66,0,0,28,0,28,28,9,36,21,94,62,58,120,214
09/28/2010,HRL,TX,ASW,CE,Federal Contract Tower,35,8,6,22,71,0,1,45,0,46,35,9,51,22,117,56,14,70,187
09/29/2010,HRL,TX,ASW,CE,Federal Contract Tower,33,14,14,14,75,0,0,41,0,41,33,14,55,14,116,60,0,60,176
09/30/2010,HRL,TX,ASW,CE,Federal Contract Tower,40,7,15,28,90,0,0,29,2,31,40,7,44,30,121,36,52,88,209
10/01/2010,HRL,TX,ASW,CE,Federal Contract Tower,35,8,11,14,68,0,0,22,0,22,35,8,33,14,90,32,0,32,122
10/02/2010,HRL,TX,ASW,CE,Federal Contract Tower,12,7,3,4,26,0,0,20,0,20,12,7,23,4,46,30,0,30,76
10/03/2010,HRL,TX,ASW,CE,Federal Contract Tower,15,11,17,15,58,0,0,18,0,18,15,11,35,15,76,20,18,38,114
10/04/2010,HRL,TX,ASW,CE,Federal Contract Tower,29,9,11,36,85,0,0,30,0,30,29,9,41,36,115,6,12,18,133
10/05/2010,HRL,TX,ASW,CE,Federal Contract Tower,30,9,11,18,68,0,0,31,2,33,30,9,42,20,101,56,164,220,321
10/06/2010,HRL,TX,ASW,CE,Federal Contract Tower,25,6,13,24,68,0,1,33,2,36,25,7,46,26,104,74,56,130,234
10/07/2010,HRL,TX,ASW,CE,Federal Contract Tower,38,10,12,22,82,0,0,23,1,24,38,10,35,23,106,14,40,54,160
10/08/2010,HRL,TX,ASW,CE,Federal Contract Tower,35,11,4,16,66,0,1,31,1,33,35,12,35,17,99,28,64,92,191
10/09/2010,HRL,TX,ASW,CE,Federal Contract Tower,15,8,1,0,24,0,0,24,0,24,15,8,25,0,48,20,0,20,68
10/10/2010,HRL,TX,ASW,CE,Federal Contract Tower,19,7,6,0,32,0,0,21,0,21,19,7,27,0,53,18,0,18,71
10/11/2010,HRL,TX,ASW,CE,Federal Contract Tower,28,8,12,5,53,0,0,22,0,22,28,8,34,5,75,8,4,12,87
10/12/2010,HRL,TX,ASW,CE,Federal Contract Tower,32,10,20,35,97,0,1,17,0,18,32,11,37,35,115,72,2,74,189
10/13/2010,HRL,TX,ASW,CE,Federal Contract Tower,32,9,9,6,56,0,0,20,2,22,32,9,29,8,78,52,146,198,276
10/14/2010,HRL,TX,ASW,CE,Federal Contract Tower,38,8,11,27,84,0,0,14,1,15,38,8,25,28,99,2,52,54,153
10/15/2010,HRL,TX,ASW,CE,Federal Contract Tower,33,10,13,16,72,0,0,32,6,38,33,10,45,22,110,14,154,168,278
10/16/2010,HRL,TX,ASW,CE,Federal Contract Tower,11,8,4,2,25,0,0,22,0,22,11,8,26,2,47,10,0,10,57
10/17/2010,HRL,TX,ASW,CE,Federal Contract Tower,17,10,9,0,36,0,0,27,0,27,17,10,36,0,63,46,2,48,111
10/18/2010,HRL,TX,ASW,CE,Federal Contract Tower,25,9,9,25,68,0,1,24,0,25,25,10,33,25,93,62,98,160,253
10/19/2010,HRL,TX,ASW,CE,Federal Contract Tower,31,7,5,33,76,0,0,25,7,32,31,7,30,40,108,6,26,32,140
10/20/2010,HRL,TX,ASW,CE,Federal Contract Tower,27,9,8,17,61,0,1,23,0,24,27,10,31,17,85,22,86,108,193
10/21/2010,HRL,TX,ASW,CE,Federal Contract Tower,37,9,3,33,82,0,0,17,3,20,37,9,20,36,102,8,66,74,176
10/22/2010,HRL,TX,ASW,CE,Federal Contract Tower,33,8,5,22,68,0,2,11,4,17,33,10,16,26,85,2,160,162,247
10/23/2010,HRL,TX,ASW,CE,Federal Contract Tower,13,9,12,22,56,0,0,12,0,12,13,9,24,22,68,10,0,10,78
10/24/2010,HRL,TX,ASW,CE,Federal Contract Tower,19,9,8,15,51,0,0,24,0,24,19,9,32,15,75,72,2,74,149
10/25/2010,HRL,TX,ASW,CE,Federal Contract Tower,32,16,14,48,110,0,0,19,0,19,32,16,33,48,129,2,212,214,343
10/26/2010,HRL,TX,ASW,CE,Federal Contract Tower,27,11,10,12,60,0,1,21,1,23,27,12,31,13,83,14,194,208,291
10/27/2010,HRL,TX,ASW,CE,Federal Contract Tower,34,6,10,28,78,0,1,20,1,22,34,7,30,29,100,6,32,38,138
10/28/2010,HRL,TX,ASW,CE,Federal Contract Tower,31,8,16,17,72,0,0,9,2,11,31,8,25,19,83,4,100,104,187
10/29/2010,HRL,TX,ASW,CE,Federal Contract Tower,31,8,8,15,62,0,0,40,0,40,31,8,48,15,102,38,50,88,190
10/30/2010,HRL,TX,ASW,CE,Federal Contract Tower,15,8,1,0,24,0,0,0,0,0,15,8,1,0,24,36,0,36,60
10/31/2010,HRL,TX,ASW,CE,Federal Contract Tower,19,8,13,4,44,0,0,26,0,26,19,8,39,4,70,66,0,66,136
11/01/2010,HRL,TX,ASW,CE,Federal Contract Tower,28,13,14,26,81,0,0,32,0,32,28,13,46,26,113,34,13,47,160
11/02/2010,HRL,TX,ASW,CE,Federal Contract Tower,31,7,18,10,66,0,1,21,0,22,31,8,39,10,88,0,0,0,88
11/03/2010,HRL,TX,ASW,CE,Federal Contract Tower,29,8,26,7,70,0,1,19,0,20,29,9,45,7,90,14,44,58,148
11/04/2010,HRL,TX,ASW,CE,Federal Contract Tower,33,11,17,24,85,0,0,15,0,15,33,11,32,24,100,8,0,8,108
11/05/2010,HRL,TX,ASW,CE,Federal Contract Tower,35,9,10,4,58,0,0,24,0,24,35,9,34,4,82,9,0,9,91
11/06/2010,HRL,TX,ASW,CE,Federal Contract Tower,12,8,2,12,34,0,0,30,0,30,12,8,32,12,64,2,0,2,66
11/07/2010,HRL,TX,ASW,CE,Federal Contract Tower,18,9,4,3,34,0,0,40,0,40,18,9,44,3,74,22,6,28,102
11/08/2010,HRL,TX,ASW,CE,Federal Contract Tower,26,10,10,11,57,0,0,32,1,33,26,10,42,12,90,44,2,46,136
11/09/2010,HRL,TX,ASW,CE,Federal Contract Tower,30,8,6,18,62,0,2,27,0,29,30,10,33,18,91,46,20,66,157
11/10/2010,HRL,TX,ASW,CE,Federal Contract Tower,31,10,13,13,67,0,1,26,0,27,31,11,39,13,94,18,24,42,136
11/11/2010,HRL,TX,ASW,CE,Federal Contract Tower,30,12,8,12,62,0,0,25,0,25,30,12,33,12,87,16,0,16,103
11/12/2010,HRL,TX,ASW,CE,Federal Contract Tower,30,9,10,22,71,0,0,27,3,30,30,9,37,25,101,38,58,96,197
11/13/2010,HRL,TX,ASW,CE,Federal Contract Tower,17,8,4,2,31,0,0,10,0,10,17,8,14,2,41,54,0,54,95
11/14/2010,HRL,TX,ASW,CE,Federal Contract Tower,20,13,1,0,34,0,0,28,0,28,20,13,29,0,62,50,0,50,112
11/15/2010,HRL,TX,ASW,CE,Federal Contract Tower,25,10,7,11,53,0,0,23,0,23,25,10,30,11,76,48,60,108,184
11/16/2010,HRL,TX,ASW,CE,Federal Contract Tower,33,11,11,16,71,0,1,24,0,25,33,12,35,16,96,38,2,40,136
11/17/2010,HRL,TX,ASW,CE,Federal Contract Tower,34,6,11,0,51,0,0,41,0,41,34,6,52,0,92,54,0,54,146
11/18/2010,HRL,TX,ASW,CE,Federal Contract Tower,33,14,14,10,71,0,0,31,0,31,33,14,45,10,102,52,0,52,154
11/19/2010,HRL,TX,ASW,CE,Federal Contract Tower,34,10,14,0,58,0,0,32,0,32,34,10,46,0,90,22,0,22,112
11/20/2010,HRL,TX,ASW,CE,Federal Contract Tower,18,8,0,6,32,0,0,9,0,9,18,8,9,6,41,4,0,4,45
11/21/2010,HRL,TX,ASW,CE,Federal Contract Tower,21,16,6,3,46,0,0,7,0,7,21,16,13,3,53,0,6,6,59
11/22/2010,HRL,TX,ASW,CE,Federal Contract Tower,25,7,6,19,57,0,0,12,0,12,25,7,18,19,69,20,10,30,99
11/23/2010,HRL,TX,ASW,CE,Federal Contract Tower,37,7,9,12,65,0,0,15,2,17,37,7,24,14,82,10,0,10,92
11/24/2010,HRL,TX,ASW,CE,Federal Contract Tower,31,11,6,2,50,0,0,12,0,12,31,11,18,2,62,0,0,0,62
11/25/2010,HRL,TX,ASW,CE,Federal Contract Tower,15,8,4,0,27,0,0,0,0,0,15,8,4,0,27,0,0,0,27
11/26/2010,HRL,TX,ASW,CE,Federal Contract Tower,29,7,5,0,41,0,0,4,0,4,29,7,9,0,45,0,0,0,45
11/27/2010,HRL,TX,ASW,CE,Federal Contract Tower,18,8,3,0,29,0,0,12,0,12,18,8,15,0,41,2,0,2,43
11/28/2010,HRL,TX,ASW,CE,Federal Contract Tower,20,15,9,0,44,0,0,4,0,4,20,15,13,0,48,0,0,0,48
11/29/2010,HRL,TX,ASW,CE,Federal Contract Tower,26,14,11,9,60,0,0,30,0,30,26,14,41,9,90,24,2,26,116
11/30/2010,HRL,TX,ASW,CE,Federal Contract Tower,36,8,8,31,83,0,1,28,0,29,36,9,36,31,112,12,10,22,134
12/01/2010,HRL,TX,ASW,CE,Federal Contract Tower,27,10,15,19,71,0,0,20,1,21,27,10,35,20,92,60,12,72,164
12/02/2010,HRL,TX,ASW,CE,Federal Contract Tower,30,10,6,10,56,0,0,26,0,26,30,10,32,10,82,44,0,44,126
12/03/2010,HRL,TX,ASW,CE,Federal Contract Tower,30,13,10,9,62,0,0,26,0,26,30,13,36,9,88,38,4,42,130
12/04/2010,HRL,TX,ASW,CE,Federal Contract Tower,17,9,6,0,32,0,0,19,0,19,17,9,25,0,51,30,0,30,81
12/05/2010,HRL,TX,ASW,CE,Federal Contract Tower,19,16,7,0,42,0,3,15,0,18,19,19,22,0,60,56,0,56,116
12/06/2010,HRL,TX,ASW,CE,Federal Contract Tower,24,9,22,18,73,0,0,19,2,21,24,9,41,20,94,78,10,88,182
12/07/2010,HRL,TX,ASW,CE,Federal Contract Tower,34,7,12,16,69,0,0,22,1,23,34,7,34,17,92,44,62,106,198
12/08/2010,HRL,TX,ASW,CE,Federal Contract Tower,29,8,12,16,65,0,0,14,0,14,29,8,26,16,79,28,0,28,107
12/09/2010,HRL,TX,ASW,CE,Federal Contract Tower,29,9,15,24,77,0,0,28,0,28,29,9,43,24,105,62,0,62,167
12/10/2010,HRL,TX,ASW,CE,Federal Contract Tower,30,9,9,26,74,0,0,24,3,27,30,9,33,29,101,14,26,40,141
12/11/2010,HRL,TX,ASW,CE,Federal Contract Tower,16,8,2,2,28,0,0,24,0,24,16,8,26,2,52,114,0,114,166
12/12/2010,HRL,TX,ASW,CE,Federal Contract Tower,19,13,2,0,34,0,0,23,0,23,19,13,25,0,57,84,0,84,141
12/13/2010,HRL,TX,ASW,CE,Federal Contract Tower,25,9,5,49,88,0,0,23,1,24,25,9,28,50,112,20,28,48,160
12/14/2010,HRL,TX,ASW,CE,Federal Contract Tower,38,8,19,18,83,0,0,28,4,32,38,8,47,22,115,42,0,42,157
12/15/2010,HRL,TX,ASW,CE,Federal Contract Tower,34,11,12,16,73,0,1,17,6,24,34,12,29,22,97,18,62,80,177
12/16/2010,HRL,TX,ASW,CE,Federal Contract Tower,33,10,6,32,81,0,0,28,0,28,33,10,34,32,109,4,0,4,113
12/17/2010,HRL,TX,ASW,CE,Federal Contract Tower,38,11,10,5,64,0,0,8,0,8,38,11,18,5,72,0,0,0,72
12/18/2010,HRL,TX,ASW,CE,Federal Contract Tower,18,8,7,0,33,0,0,8,0,8,18,8,15,0,41,0,0,0,41
12/19/2010,HRL,TX,ASW,CE,Federal Contract Tower,20,12,4,0,36,0,0,6,0,6,20,12,10,0,42,0,2,2,44
12/20/2010,HRL,TX,ASW,CE,Federal Contract Tower,24,11,9,3,47,0,1,12,1,14,24,12,21,4,61,0,6,6,67
12/21/2010,HRL,TX,ASW,CE,Federal Contract Tower,41,8,19,6,74,0,0,7,0,7,41,8,26,6,81,0,0,0,81
12/22/2010,HRL,TX,ASW,CE,Federal Contract Tower,32,11,16,24,83,0,0,9,0,9,32,11,25,24,92,2,0,2,94
12/23/2010,HRL,TX,ASW,CE,Federal Contract Tower,40,11,8,0,59,0,0,10,2,12,40,11,18,2,71,0,48,48,119
12/24/2010,HRL,TX,ASW,CE,Federal Contract Tower,20,12,6,0,38,0,0,6,0,6,20,12,12,0,44,6,0,6,50
12/25/2010,HRL,TX,ASW,CE,Federal Contract Tower,9,8,2,0,19,0,0,3,0,3,9,8,5,0,22,0,0,0,22
12/26/2010,HRL,TX,ASW,CE,Federal Contract Tower,21,13,2,0,36,0,0,7,0,7,21,13,9,0,43,0,0,0,43
12/27/2010,HRL,TX,ASW,CE,Federal Contract Tower,28,11,7,2,48,0,0,7,0,7,28,11,14,2,55,0,4,4,59
12/28/2010,HRL,TX,ASW,CE,Federal Contract Tower,35,9,8,5,57,0,0,7,0,7,35,9,15,5,64,0,6,6,70
12/29/2010,HRL,TX,ASW,CE,Federal Contract Tower,36,14,12,6,68,0,0,15,0,15,36,14,27,6,83,0,0,0,83
12/30/2010,HRL,TX,ASW,CE,Federal Contract Tower,35,8,2,0,45,0,0,9,0,9,35,8,11,0,54,0,0,0,54
12/31/2010,HRL,TX,ASW,CE,Federal Contract Tower,21,8,7,0,36,0,1,10,0,11,21,9,17,0,47,0,0,0,47
01/01/2011,HRL,TX,ASW,CE,Federal Contract Tower,11,9,5,0,25,0,0,8,0,8,11,9,13,0,33,0,0,0,33
01/02/2011,HRL,TX,ASW,CE,Federal Contract Tower,18,8,6,0,32,0,0,13,0,13,18,8,19,0,45,0,0,0,45
01/03/2011,HRL,TX,ASW,CE,Federal Contract Tower,26,10,12,0,48,0,0,17,0,17,26,10,29,0,65,72,0,72,137
01/04/2011,HRL,TX,ASW,CE,Federal Contract Tower,34,9,8,26,77,0,0,18,1,19,34,9,26,27,96,42,78,120,216
01/05/2011,HRL,TX,ASW,CE,Federal Contract Tower,31,12,9,18,70,0,1,31,0,32,31,13,40,18,102,42,0,42,144
01/06/2011,HRL,TX,ASW,CE,Federal Contract Tower,29,9,9,23,70,0,0,40,0,40,29,9,49,23,110,88,22,110,220
01/07/2011,HRL,TX,ASW,CE,Federal Contract Tower,33,10,8,24,75,0,0,19,0,19,33,10,27,24,94,50,34,84,178
01/08/2011,HRL,TX,ASW,CE,Federal Contract Tower,17,6,6,8,37,0,0,3,0,3,17,6,9,8,40,0,0,0,40
01/09/2011,HRL,TX,ASW,CE,Federal Contract Tower,16,8,3,0,27,0,0,13,0,13,16,8,16,0,40,0,0,0,40
01/10/2011,HRL,TX,ASW,CE,Federal Contract Tower,29,9,18,34,90,0,0,31,1,32,29,9,49,35,122,0,106,106,228
01/11/2011,HRL,TX,ASW,CE,Federal Contract Tower,36,10,13,14,73,0,0,2,2,4,36,10,15,16,77,0,2,2,79
01/12/2011,HRL,TX,ASW,CE,Federal Contract Tower,33,14,13,17,77,0,0,6,0,6,33,14,19,17,83,54,2,56,139
01/13/2011,HRL,TX,ASW,CE,Federal Contract Tower,39,10,11,11,71,0,0,5,0,5,39,10,16,11,76,18,14,32,108
01/14/2011,HRL,TX,ASW,CE,Federal Contract Tower,38,9,21,0,68,0,0,2,0,2,38,9,23,0,70,0,0,0,70
01/15/2011,HRL,TX,ASW,CE,Federal Contract Tower,14,7,2,0,23,0,0,0,0,0,14,7,2,0,23,0,0,0,23
01/16/2011,HRL,TX,ASW,CE,Federal Contract Tower,17,11,5,2,35,0,0,11,0,11,17,11,16,2,46,66,0,66,112
01/17/2011,HRL,TX,ASW,CE,Federal Contract Tower,22,10,12,0,44,0,0,10,0,10,22,10,22,0,54,94,0,94,148
01/18/2011,HRL,TX,ASW,CE,Federal Contract Tower,31,6,17,34,88,0,1,15,5,21,31,7,32,39,109,12,6,18,127
01/19/2011,HRL,TX,ASW,CE,Federal Contract Tower,32,9,8,28,77,0,0,29,6,35,32,9,37,34,112,10,12,22,134
01/20/2011,HRL,TX,ASW,CE,Federal Contract Tower,35,10,4,33,82,0,0,6,4,10,35,10,10,37,92,0,16,16,108
01/21/2011,HRL,TX,ASW,CE,Federal Contract Tower,36,9,12,12,69,0,0,37,0,37,36,9,49,12,106,77,4,81,187
01/22/2011,HRL,TX,ASW,CE,Federal Contract Tower,13,7,5,0,25,0,0,35,0,35,13,7,40,0,60,122,0,122,182
01/23/2011,HRL,TX,ASW,CE,Federal Contract Tower,15,7,3,0,25,0,3,22,0,25,15,10,25,0,50,182,0,182,232
01/24/2011,HRL,TX,ASW,CE,Federal Contract Tower,27,11,31,13,82,0,0,9,0,9,27,11,40,13,91,44,10,54,145
01/25/2011,HRL,TX,ASW,CE,Federal Contract Tower,37,10,14,12,73,0,1,24,0,25,37,11,38,12,98,30,0,30,128
01/26/2011,HRL,TX,ASW,CE,Federal Contract Tower,31,11,6,31,79,0,0,40,0,40,31,11,46,31,119,30,2,32,151
01/27/2011,HRL,TX,ASW,CE,Federal Contract Tower,31,13,6,14,64,0,1,56,0,57,31,14,62,14,121,72,4,76,197
01/28/2011,HRL,TX,ASW,CE,Federal Contract Tower,35,13,14,3,65,0,1,33,0,34,35,14,47,3,99,90,0,90,189
01/29/2011,HRL,TX,ASW,CE,Federal Contract Tower,14,7,4,8,33,0,0,12,0,12,14,7,16,8,45,0,0,0,45
01/30/2011,HRL,TX,ASW,CE,Federal Contract Tower,17,10,9,31,67,0,0,24,0,24,17,10,33,31,91,185,0,185,276
01/31/2011,HRL,TX,ASW,CE,Federal Contract Tower,31,15,8,24,78,0,0,12,0,12,31,15,20,24,90,0,24,24,114
02/01/2011,HRL,TX,ASW,CE,Federal Contract Tower,33,8,16,10,67,0,0,6,0,6,33,8,22,10,73,0,0,0,73
02/02/2011,HRL,TX,ASW,CE,Federal Contract Tower,31,11,7,11,60,0,0,5,0,5,31,11,12,11,65,0,36,36,101
02/03/2011,HRL,TX,ASW,CE,Federal Contract Tower,12,4,1,0,17,0,0,1,0,1,12,4,2,0,18,0,0,0,18
02/04/2011,HRL,TX,ASW,CE,Federal Contract Tower,19,9,4,0,32,0,2,3,0,5,19,11,7,0,37,0,0,0,37
02/05/2011,HRL,TX,ASW,CE,Federal Contract Tower,23,8,2,6,39,0,0,25,0,25,23,8,27,6,64,48,0,48,112
02/06/2011,HRL,TX,ASW,CE,Federal Contract Tower,13,6,3,0,22,0,2,24,0,26,13,8,27,0,48,104,0,104,152
02/07/2011,HRL,TX,ASW,CE,Federal Contract Tower,26,11,20,13,70,0,5,32,3,40,26,16,52,16,110,36,82,118,228
02/08/2011,HRL,TX,ASW,CE,Federal Contract Tower,38,8,11,14,71,0,0,18,1,19,38,8,29,15,90,0,0,0,90
02/09/2011,HRL,TX,ASW,CE,Federal Contract Tower,34,11,8,12,65,0,0,2,0,2,34,11,10,12,67,0,30,30,97
02/10/2011,HRL,TX,ASW,CE,Federal Contract Tower,34,18,14,16,82,0,0,28,0,28,34,18,42,16,110,24,0,24,134
02/11/2011,HRL,TX,ASW,CE,Federal Contract Tower,37,18,15,16,86,0,1,28,2,31,37,19,43,18,117,18,60,78,195
02/12/2011,HRL,TX,ASW,CE,Federal Contract Tower,14,7,2,10,33,0,0,40,0,40,14,7,42,10,73,26,0,26,99
02/13/2011,HRL,TX,ASW,CE,Federal Contract Tower,22,6,14,6,48,0,0,32,0,32,22,6,46,6,80,182,0,182,262
02/14/2011,HRL,TX,ASW,CE,Federal Contract Tower,27,11,7,58,103,0,0,19,0,19,27,11,26,58,122,46,0,46,168
02/15/2011,HRL,TX,ASW,CE,Federal Contract Tower,38,9,13,13,73,0,0,30,1,31,38,9,43,14,104,30,14,44,148
02/16/2011,HRL,TX,ASW,CE,Federal Contract Tower,32,8,10,24,74,0,2,25,3,30,32,10,35,27,104,20,52,72,176
02/17/2011,HRL,TX,ASW,CE,Federal Contract Tower,35,11,6,10,62,0,0,22,2,24,35,11,28,12,86,0,78,78,164
02/18/2011,HRL,TX,ASW,CE,Federal Contract Tower,37,9,9,13,68,0,3,27,0,30,37,12,36,13,98,8,0,8,106
02/19/2011,HRL,TX,ASW,CE,Federal Contract Tower,12,10,0,4,26,0,0,15,0,15,12,10,15,4,41,10,0,10,51
02/20/2011,HRL,TX,ASW,CE,Federal Contract Tower,21,9,6,0,36,0,0,6,0,6,21,9,12,0,42,0,0,0,42
02/21/2011,HRL,TX,ASW,CE,Federal Contract Tower,23,9,5,4,41,0,0,34,0,34,23,9,39,4,75,2,0,2,77
02/22/2011,HRL,TX,ASW,CE,Federal Contract Tower,37,11,5,28,81,0,0,15,1,16,37,11,20,29,97,78,84,162,259
02/23/2011,HRL,TX,ASW,CE,Federal Contract Tower,28,11,14,19,72,0,0,23,0,23,28,11,37,19,95,62,40,102,197
02/24/2011,HRL,TX,ASW,CE,Federal Contract Tower,32,14,7,12,65,0,0,34,6,40,32,14,41,18,105,22,82,104,209
02/25/2011,HRL,TX,ASW,CE,Federal Contract Tower,33,8,17,14,72,0,0,47,0,47,33,8,64,14,119,14,0,14,133
02/26/2011,HRL,TX,ASW,CE,Federal Contract Tower,14,7,3,14,38,0,3,24,0,27,14,10,27,14,65,28,0,28,93
02/27/2011,HRL,TX,ASW,CE,Federal Contract Tower,18,14,4,10,46,0,1,9,0,10,18,15,13,10,56,0,0,0,56
02/28/2011,HRL,TX,ASW,CE,Federal Contract Tower,24,11,16,10,61,0,2,38,2,42,24,13,54,12,103,92,36,128,231
03/01/2011,HRL,TX,ASW,CE,Federal Contract Tower,33,10,7,11,61,0,0,46,0,46,33,10,53,11,107,6,78,84,191
03/02/2011,HRL,TX,ASW,CE,Federal Contract Tower,30,11,10,16,67,0,2,35,0,37,30,13,45,16,104,14,0,14,118
03/03/2011,HRL,TX,ASW,CE,Federal Contract Tower,32,8,8,10,58,0,2,23,2,27,32,10,31,12,85,86,0,86,171
03/04/2011,HRL,TX,ASW,CE,Federal Contract Tower,33,12,5,3,53,0,0,23,0,23,33,12,28,3,76,28,0,28,104
03/05/2011,HRL,TX,ASW,CE,Federal Contract Tower,12,8,5,0,25,0,0,3,0,3,12,8,8,0,28,0,0,0,28
03/06/2011,HRL,TX,ASW,CE,Federal Contract Tower,17,14,4,4,39,0,0,42,0,42,17,14,46,4,81,214,0,214,295
03/07/2011,HRL,TX,ASW,CE,Federal Contract Tower,27,8,7,16,58,0,0,36,3,39,27,8,43,19,97,0,0,0,97
03/08/2011,HRL,TX,ASW,CE,Federal Contract Tower,39,8,5,17,69,0,0,25,1,26,39,8,30,18,95,42,92,134,229
03/09/2011,HRL,TX,ASW,CE,Federal Contract Tower,29,7,11,21,68,0,2,29,0,31,29,9,40,21,99,16,0,16,115
03/10/2011,HRL,TX,ASW,CE,Federal Contract Tower,34,9,13,12,68,0,1,32,0,33,34,10,45,12,101,36,0,36,137
03/11/2011,HRL,TX,ASW,CE,Federal Contract Tower,37,12,11,12,72,0,0,22,0,22,37,12,33,12,94,4,0,4,98
03/12/2011,HRL,TX,ASW,CE,Federal Contract Tower,16,8,0,0,24,0,6,3,0,9,16,14,3,0,33,0,0,0,33
03/13/2011,HRL,TX,ASW,CE,Federal Contract Tower,17,9,3,2,31,0,1,7,0,8,17,10,10,2,39,0,0,0,39
03/14/2011,HRL,TX,ASW,CE,Federal Contract Tower,28,11,11,54,104,0,2,13,1,16,28,13,24,55,120,0,24,24,144
03/15/2011,HRL,TX,ASW,CE,Federal Contract Tower,39,10,14,19,82,0,0,14,2,16,39,10,28,21,98,8,34,42,140
03/16/2011,HRL,TX,ASW,CE,Federal Contract Tower,33,7,18,18,76,0,0,23,0,23,33,7,41,18,99,8,22,30,129
03/17/2011,HRL,TX,ASW,CE,Federal Contract Tower,35,8,9,12,64,0,0,16,2,18,35,8,25,14,82,12,110,122,204
03/18/2011,HRL,TX,ASW,CE,Federal Contract Tower,34,11,5,16,66,0,0,14,2,16,34,11,19,18,82,6,91,97,179
03/19/2011,HRL,TX,ASW,CE,Federal Contract Tower,15,10,5,0,30,0,0,10,2,12,15,10,15,2,42,0,0,0,42
03/20/2011,HRL,TX,ASW,CE,Federal Contract Tower,16,9,5,0,30,0,3,15,3,21,16,12,20,3,51,0,2,2,53
03/21/2011,HRL,TX,ASW,CE,Federal Contract Tower,28,12,8,10,58,0,0,21,3,24,28,12,29,13,82,40,64,104,186
03/22/2011,HRL,TX,ASW,CE,Federal Contract Tower,29,16,13,19,77,0,0,10,3,13,29,16,23,22,90,30,222,252,342
03/23/2011,HRL,TX,ASW,CE,Federal Contract Tower,31,8,8,18,65,0,1,25,0,26,31,9,33,18,91,24,66,90,181
03/24/2011,HRL,TX,ASW,CE,Federal Contract Tower,30,12,17,5,64,0,0,34,0,34,30,12,51,5,98,78,34,112,210
03/25/2011,HRL,TX,ASW,CE,Federal Contract Tower,36,15,11,9,71,0,0,25,0,25,36,15,36,9,96,54,10,64,160
03/26/2011,HRL,TX,ASW,CE,Federal Contract Tower,16,9,2,14,41,0,3,20,0,23,16,12,22,14,64,74,4,78,142
03/27/2011,HRL,TX,ASW,CE,Federal Contract Tower,16,8,6,1,31,0,2,27,0,29,16,10,33,1,60,232,2,234,294
03/28/2011,HRL,TX,ASW,CE,Federal Contract Tower,27,10,12,23,72,0,1,25,1,27,27,11,37,24,99,28,58,86,185
03/29/2011,HRL,TX,ASW,CE,Federal Contract Tower,40,10,7,2,59,0,0,16,3,19,40,10,23,5,78,79,78,157,235
03/30/2011,HRL,TX,ASW,CE,Federal Contract Tower,36,19,13,14,82,0,0,18,4,22,36,19,31,18,104,80,114,194,298
03/31/2011,HRL,TX,ASW,CE,Federal Contract Tower,31,8,19,10,68,0,0,33,1,34,31,8,52,11,102,92,44,136,238
04/01/2011,HRL,TX,ASW,CE,Federal Contract Tower,37,6,8,9,60,0,1,26,0,27,37,7,34,9,87,34,62,96,183
04/02/2011,HRL,TX,ASW,CE,Federal Contract Tower,13,8,1,4,26,0,0,18,0,18,13,8,19,4,44,42,20,62,106
04/03/2011,HRL,TX,ASW,CE,Federal Contract Tower,12,6,5,4,27,0,2,6,2,10,12,8,11,6,37,16,8,24,61
04/04/2011,HRL,TX,ASW,CE,Federal Contract Tower,26,8,17,26,77,0,0,10,1,11,26,8,27,27,88,23,106,129,217
04/05/2011,HRL,TX,ASW,CE,Federal Contract Tower,34,10,16,19,79,0,1,38,0,39,34,11,54,19,118,30,52,82,200
04/06/2011,HRL,TX,ASW,CE,Federal Contract Tower,31,9,11,5,56,0,3,41,1,45,31,12,52,6,101,15,36,51,152
04/07/2011,HRL,TX,ASW,CE,Federal Contract Tower,35,7,9,1,52,0,1,19,0,20,35,8,28,1,72,8,2,10,82
04/08/2011,HRL,TX,ASW,CE,Federal Contract Tower,33,9,7,8,57,0,0,18,0,18,33,9,25,8,75,16,6,22,97
04/09/2011,HRL,TX,ASW,CE,Federal Contract Tower,16,9,3,0,28,0,0,6,0,6,16,9,9,0,34,6,0,6,40
04/10/2011,HRL,TX,ASW,CE,Federal Contract Tower,18,7,3,0,28,0,1,2,0,3,18,8,5,0,31,0,0,0,31
04/11/2011,HRL,TX,ASW,CE,Federal Contract Tower,28,8,10,16,62,0,1,32,0,33,28,9,42,16,95,28,76,104,199
04/12/2011,HRL,TX,ASW,CE,Federal Contract Tower,35,10,8,6,59,0,1,43,4,48,35,11,51,10,107,50,24,74,181
04/13/2011,HRL,TX,ASW,CE,Federal Contract Tower,31,10,9,15,65,0,3,35,1,39,31,13,44,16,104,48,26,74,178
04/14/2011,HRL,TX,ASW,CE,Federal Contract Tower,35,11,13,19,78,0,2,30,0,32,35,13,43,19,110,44,80,124,234
04/15/2011,HRL,TX,ASW,CE,Federal Contract Tower,36,14,4,8,62,0,2,20,0,22,36,16,24,8,84,6,14,20,104
04/16/2011,HRL,TX,ASW,CE,Federal Contract Tower,13,8,4,1,26,0,5,12,1,18,13,13,16,2,44,16,4,20,64
04/17/2011,HRL,TX,ASW,CE,Federal Contract Tower,19,10,5,5,39,0,2,22,0,24,19,12,27,5,63,42,10,52,115
04/18/2011,HRL,TX,ASW,CE,Federal Contract Tower,31,10,17,33,91,0,1,16,0,17,31,11,33,33,108,2,120,122,230
04/19/2011,HRL,TX,ASW,CE,Federal Contract Tower,32,7,5,20,64,0,3,14,1,18,32,10,19,21,82,0,122,122,204
04/20/2011,HRL,TX,ASW,CE,Federal Contract Tower,30,13,18,15,76,0,2,51,1,54,30,15,69,16,130,4,74,78,208
04/21/2011,HRL,TX,ASW,CE,Federal Contract Tower,37,10,15,21,83,0,0,27,1,28,37,10,42,22,111,50,157,207,318
04/22/2011,HRL,TX,ASW,CE,Federal Contract Tower,36,9,5,20,70,0,3,9,0,12,36,12,14,20,82,12,32,44,126
04/23/2011,HRL,TX,ASW,CE,Federal Contract Tower,14,9,0,1,24,0,0,16,0,16,14,9,16,1,40,0,2,2,42
04/24/2011,HRL,TX,ASW,CE,Federal Contract Tower,16,8,5,0,29,0,0,10,0,10,16,8,15,0,39,0,0,0,39
04/25/2011,HRL,TX,ASW,CE,Federal Contract Tower,25,10,8,19,62,0,1,30,0,31,25,11,38,19,93,36,34,70,163
04/26/2011,HRL,TX,ASW,CE,Federal Contract Tower,32,10,8,8,58,0,1,37,0,38,32,11,45,8,96,18,74,92,188
04/27/2011,HRL,TX,ASW,CE,Federal Contract Tower,30,12,5,15,62,0,1,35,1,37,30,13,40,16,99,56,26,82,181
04/28/2011,HRL,TX,ASW,CE,Federal Contract Tower,33,15,8,13,69,0,0,34,2,36,33,15,42,15,105,38,76,114,219
04/29/2011,HRL,TX,ASW,CE,Federal Contract Tower,36,6,4,8,54,0,1,28,2,31,36,7,32,10,85,34,54,88,173
04/30/2011,HRL,TX,ASW,CE,Federal Contract Tower,14,10,3,8,35,0,0,11,0,11,14,10,14,8,46,14,16,30,76
05/01/2011,HRL,TX,ASW,CE,Federal Contract Tower,20,9,3,5,37,0,0,3,0,3,20,9,6,5,40,0,54,54,94
05/02/2011,HRL,TX,ASW,CE,Federal Contract Tower,23,14,20,8,65,0,0,18,0,18,23,14,38,8,83,70,10,80,163
05/03/2011,HRL,TX,ASW,CE,Federal Contract Tower,33,10,5,14,62,0,1,29,0,30,33,11,34,14,92,26,26,52,144
05/04/2011,HRL,TX,ASW,CE,Federal Contract Tower,28,18,5,22,73,0,0,42,3,45,28,18,47,25,118,82,66,148,266
05/05/2011,HRL,TX,ASW,CE,Federal Contract Tower,33,10,4,8,55,0,1,33,1,35,33,11,37,9,90,32,62,94,184
05/06/2011,HRL,TX,ASW,CE,Federal Contract Tower,34,11,6,4,55,0,0,30,0,30,34,11,36,4,85,36,6,42,127
05/07/2011,HRL,TX,ASW,CE,Federal Contract Tower,14,8,5,1,28,0,0,32,0,32,14,8,37,1,60,46,0,46,106
05/08/2011,HRL,TX,ASW,CE,Federal Contract Tower,19,9,1,5,34,0,2,21,0,23,19,11,22,5,57,62,10,72,129
05/09/2011,HRL,TX,ASW,CE,Federal Contract Tower,29,7,7,18,61,0,1,24,1,26,29,8,31,19,87,0,82,82,169
05/10/2011,HRL,TX,ASW,CE,Federal Contract Tower,35,9,10,6,60,0,1,23,0,24,35,10,33,6,84,30,12,42,126
05/11/2011,HRL,TX,ASW,CE,Federal Contract Tower,28,12,16,22,78,0,0,20,5,25,28,12,36,27,103,16,44,60,163
05/12/2011,HRL,TX,ASW,CE,Federal Contract Tower,31,9,16,4,60,0,0,20,0,20,31,9,36,4,80,38,10,48,128
05/13/2011,HRL,TX,ASW,CE,Federal Contract Tower,33,15,13,6,67,0,10,35,0,45,33,25,48,6,112,48,12,60,172
05/14/2011,HRL,TX,ASW,CE,Federal Contract Tower,16,9,8,1,34,0,0,21,0,21,16,9,29,1,55,2,2,4,59
05/15/2011,HRL,TX,ASW,CE,Federal Contract Tower,17,8,4,1,30,0,0,16,0,16,17,8,20,1,46,68,2,70,116
05/16/2011,HRL,TX,ASW,CE,Federal Contract Tower,24,11,14,19,68,0,1,21,0,22,24,12,35,19,90,30,8,38,128
05/17/2011,HRL,TX,ASW,CE,Federal Contract Tower,35,9,7,12,63,0,1,41,0,42,35,10,48,12,105,44,20,64,169
05/18/2011,HRL,TX,ASW,CE,Federal Contract Tower,30,10,16,12,68,0,0,10,1,11,30,10,26,13,79,22,24,46,125
05/19/2011,HRL,TX,ASW,CE,Federal Contract Tower,35,11,18,13,77,0,0,2,0,2,35,11,20,13,79,0,42,42,121
05/20/2011,HRL,TX,ASW,CE,Federal Contract Tower,32,11,5,16,64,0,3,25,5,33,32,14,30,21,97,0,132,132,229
05/21/2011,HRL,TX,ASW,CE,Federal Contract Tower,10,8,6,1,25,0,0,20,0,20,10,8,26,1,45,50,2,52,97
05/22/2011,HRL,TX,ASW,CE,Federal Contract Tower,18,9,6,0,33,0,0,7,2,9,18,9,13,2,42,56,0,56,98
05/23/2011,HRL,TX,ASW,CE,Federal Contract Tower,26,10,10,10,56,0,0,26,0,26,26,10,36,10,82,18,2,20,102
05/24/2011,HRL,TX,ASW,CE,Federal Contract Tower,35,7,11,30,83,0,4,33,3,40,35,11,44,33,123,24,51,75,198
05/25/2011,HRL,TX,ASW,CE,Federal Contract Tower,26,5,10,10,51,0,2,43,5,50,26,7,53,15,101,44,42,86,187
05/26/2011,HRL,TX,ASW,CE,Federal Contract Tower,30,10,8,1,49,0,0,55,1,56,30,10,63,2,105,44,2,46,151
05/27/2011,HRL,TX,ASW,CE,Federal Contract Tower,31,14,15,0,60,0,2,43,0,45,31,16,58,0,105,16,0,16,121
05/28/2011,HRL,TX,ASW,CE,Federal Contract Tower,14,6,7,0,27,0,0,10,0,10,14,6,17,0,37,10,0,10,47
05/29/2011,HRL,TX,ASW,CE,Federal Contract Tower,14,7,1,0,22,0,2,12,0,14,14,9,13,0,36,0,0,0,36
05/30/2011,HRL,TX,ASW,CE,Federal Contract Tower,17,8,5,0,30,0,0,20,0,20,17,8,25,0,50,0,0,0,50
05/31/2011,HRL,TX,ASW,CE,Federal Contract Tower,31,7,6,20,64,1,17,0,0,18,32,24,6,20,82,16,38,54,136
06/01/2011,HRL,TX,ASW,CE,Federal Contract Tower,31,9,6,20,66,0,1,33,0,34,31,10,39,20,100,16,42,58,158
06/02/2011,HRL,TX,ASW,CE,Federal Contract Tower,33,10,7,17,67,0,1,32,3,36,33,11,39,20,103,4,108,112,215
06/03/2011,HRL,TX,ASW,CE,Federal Contract Tower,33,12,1,12,58,0,0,44,1,45,33,12,45,13,103,10,28,38,141
06/04/2011,HRL,TX,ASW,CE,Federal Contract Tower,14,7,6,2,29,0,0,18,0,18,14,7,24,2,47,0,4,4,51
06/05/2011,HRL,TX,ASW,CE,Federal Contract Tower,19,8,1,1,29,0,2,36,0,38,19,10,37,1,67,26,2,28,95
06/06/2011,HRL,TX,ASW,CE,Federal Contract Tower,27,8,7,17,59,0,1,32,0,33,27,9,39,17,92,88,126,214,306
06/07/2011,HRL,TX,ASW,CE,Federal Contract Tower,35,6,5,11,57,0,4,39,0,43,35,10,44,11,100,86,55,141,241
06/08/2011,HRL,TX,ASW,CE,Federal Contract Tower,31,14,10,6,61,0,3,36,0,39,31,17,46,6,100,54,18,72,172
06/09/2011,HRL,TX,ASW,CE,Federal Contract Tower,32,9,7,9,57,0,1,39,0,40,32,10,46,9,97,98,14,112,209
06/10/2011,HRL,TX,ASW,CE,Federal Contract Tower,36,11,10,4,61,0,0,36,0,36,36,11,46,4,97,36,6,42,139
06/11/2011,HRL,TX,ASW,CE,Federal Contract Tower,14,6,4,4,28,0,0,21,3,24,14,6,25,7,52,20,14,34,86
06/12/2011,HRL,TX,ASW,CE,Federal Contract Tower,19,9,1,1,30,0,5,19,0,24,19,14,20,1,54,40,2,42,96
06/13/2011,HRL,TX,ASW,CE,Federal Contract Tower,26,11,10,6,53,0,0,39,2,41,26,11,49,8,94,38,132,170,264
06/14/2011,HRL,TX,ASW,CE,Federal Contract Tower,39,9,12,17,77,0,0,39,0,39,39,9,51,17,116,42,30,72,188
06/15/2011,HRL,TX,ASW,CE,Federal Contract Tower,27,12,8,8,55,0,1,38,3,42,27,13,46,11,97,32,54,86,183
06/16/2011,HRL,TX,ASW,CE,Federal Contract Tower,35,11,7,10,63,0,1,29,1,31,35,12,36,11,94,52,28,80,174
06/17/2011,HRL,TX,ASW,CE,Federal Contract Tower,33,11,3,3,50,0,1,30,1,32,33,12,33,4,82,26,96,122,204
06/18/2011,HRL,TX,ASW,CE,Federal Contract Tower,16,7,2,7,32,0,0,8,1,9,16,7,10,8,41,2,64,66,107
06/19/2011,HRL,TX,ASW,CE,Federal Contract Tower,20,11,3,3,37,0,0,22,0,22,20,11,25,3,59,52,6,58,117
06/20/2011,HRL,TX,ASW,CE,Federal Contract Tower,22,8,6,17,53,0,1,33,3,37,22,9,39,20,90,30,110,140,230
06/21/2011,HRL,TX,ASW,CE,Federal Contract Tower,38,8,7,1,54,0,4,18,0,22,38,12,25,1,76,56,2,58,134
06/22/2011,HRL,TX,ASW,CE,Federal Contract Tower,31,10,11,0,52,0,1,9,0,10,31,11,20,0,62,10,0,10,72
06/23/2011,HRL,TX,ASW,CE,Federal Contract Tower,36,10,14,0,60,0,0,9,0,9,36,10,23,0,69,26,0,26,95
06/24/2011,HRL,TX,ASW,CE,Federal Contract Tower,34,7,13,2,56,0,1,22,0,23,34,8,35,2,79,100,0,100,179
06/25/2011,HRL,TX,ASW,CE,Federal Contract Tower,16,6,6,2,30,0,0,22,0,22,16,6,28,2,52,64,4,68,120
06/26/2011,HRL,TX,ASW,CE,Federal Contract Tower,20,9,8,3,40,0,0,25,0,25,20,9,33,3,65,34,6,40,105
06/27/2011,HRL,TX,ASW,CE,Federal Contract Tower,25,10,9,15,59,0,1,36,0,37,25,11,45,15,96,62,30,92,188
06/28/2011,HRL,TX,ASW,CE,Federal Contract Tower,33,12,13,19,77,0,0,24,0,24,33,12,37,19,101,26,6,32,133
06/29/2011,HRL,TX,ASW,CE,Federal Contract Tower,31,13,5,2,51,0,2,13,0,15,31,15,18,2,66,22,10,32,98
06/30/2011,HRL,TX,ASW,CE,Federal Contract Tower,31,10,5,0,46,0,0,1,0,1,31,10,6,0,47,0,0,0,47
07/01/2011,HRL,TX,ASW,CE,Federal Contract Tower,32,11,15,4,62,0,0,12,0,12,32,11,27,4,74,90,0,90,164
07/02/2011,HRL,TX,ASW,CE,Federal Contract Tower,16,6,4,0,26,0,0,11,1,12,16,6,15,1,38,2,0,2,40
07/03/2011,HRL,TX,ASW,CE,Federal Contract Tower,13,7,0,0,20,0,0,6,0,6,13,7,6,0,26,12,0,12,38
07/04/2011,HRL,TX,ASW,CE,Federal Contract Tower,19,6,2,0,27,0,0,15,0,15,19,6,17,0,42,14,0,14,56
07/05/2011,HRL,TX,ASW,CE,Federal Contract Tower,35,13,8,28,84,0,8,19,0,27,35,21,27,28,111,62,28,90,201
07/06/2011,HRL,TX,ASW,CE,Federal Contract Tower,26,10,2,13,51,0,1,54,0,55,26,11,56,13,106,46,26,72,178
07/07/2011,HRL,TX,ASW,CE,Federal Contract Tower,31,18,13,1,63,0,0,70,0,70,31,18,83,1,133,14,2,16,149
07/08/2011,HRL,TX,ASW,CE,Federal Contract Tower,31,8,5,3,47,0,1,55,0,56,31,9,60,3,103,18,6,24,127
07/09/2011,HRL,TX,ASW,CE,Federal Contract Tower,14,6,5,7,32,0,0,56,0,56,14,6,61,7,88,6,14,20,108
07/10/2011,HRL,TX,ASW,CE,Federal Contract Tower,19,9,1,0,29,0,30,0,0,30,19,39,1,0,59,4,0,4,63
07/11/2011,HRL,TX,ASW,CE,Federal Contract Tower,23,10,8,6,47,0,3,60,3,66,23,13,68,9,113,18,32,50,163
07/12/2011,HRL,TX,ASW,CE,Federal Contract Tower,33,9,7,15,64,0,3,63,1,67,33,12,70,16,131,32,18,50,181
07/13/2011,HRL,TX,ASW,CE,Federal Contract Tower,26,11,6,17,60,0,2,48,0,50,26,13,54,17,110,14,76,90,200
07/14/2011,HRL,TX,ASW,CE,Federal Contract Tower,34,9,4,21,68,0,0,27,1,28,34,9,31,22,96,14,115,129,225
07/15/2011,HRL,TX,ASW,CE,Federal Contract Tower,31,10,4,4,49,0,1,20,0,21,31,11,24,4,70,12,28,40,110
07/16/2011,HRL,TX,ASW,CE,Federal Contract Tower,15,7,7,1,30,0,0,16,0,16,15,7,23,1,46,14,2,16,62
07/17/2011,HRL,TX,ASW,CE,Federal Contract Tower,19,8,3,0,30,0,0,10,0,10,19,8,13,0,40,0,0,0,40
07/18/2011,HRL,TX,ASW,CE,Federal Contract Tower,31,13,13,18,75,0,11,20,0,31,31,24,33,18,106,2,12,14,120
07/19/2011,HRL,TX,ASW,CE,Federal Contract Tower,32,10,4,32,78,0,3,24,9,36,32,13,28,41,114,14,80,94,208
07/20/2011,HRL,TX,ASW,CE,Federal Contract Tower,29,11,9,3,52,0,1,15,0,16,29,12,24,3,68,26,2,28,96
07/21/2011,HRL,TX,ASW,CE,Federal Contract Tower,32,10,5,12,59,0,0,27,1,28,32,10,32,13,87,12,77,89,176
07/22/2011,HRL,TX,ASW,CE,Federal Contract Tower,33,12,14,18,77,0,0,13,1,14,33,12,27,19,91,8,60,68,159
07/23/2011,HRL,TX,ASW,CE,Federal Contract Tower,16,6,0,10,32,0,0,13,0,13,16,6,13,10,45,4,19,23,68
07/24/2011,HRL,TX,ASW,CE,Federal Contract Tower,20,8,3,8,39,0,0,3,1,4,20,8,6,9,43,2,60,62,105
07/25/2011,HRL,TX,ASW,CE,Federal Contract Tower,26,9,10,13,58,0,2,22,0,24,26,11,32,13,82,4,2,6,88
07/26/2011,HRL,TX,ASW,CE,Federal Contract Tower,33,14,6,19,72,0,3,23,0,26,33,17,29,19,98,26,30,56,154
07/27/2011,HRL,TX,ASW,CE,Federal Contract Tower,30,11,11,16,68,0,4,29,1,34,30,15,40,17,102,20,70,90,192
07/28/2011,HRL,TX,ASW,CE,Federal Contract Tower,37,8,11,13,69,0,1,28,0,29,37,9,39,13,98,36,40,76,174
07/29/2011,HRL,TX,ASW,CE,Federal Contract Tower,23,8,8,0,39,0,0,13,6,19,23,8,21,6,58,4,0,4,62
07/30/2011,HRL,TX,ASW,CE,Federal Contract Tower,13,9,6,0,28,0,1,10,0,11,13,10,16,0,39,8,0,8,47
07/31/2011,HRL,TX,ASW,CE,Federal Contract Tower,16,9,2,0,27,0,0,15,0,15,16,9,17,0,42,96,0,96,138
08/01/2011,HRL,TX,ASW,CE,Federal Contract Tower,29,11,6,26,72,0,2,44,0,46,29,13,50,26,118,66,106,172,290
08/02/2011,HRL,TX,ASW,CE,Federal Contract Tower,34,10,5,11,60,0,4,34,2,40,34,14,39,13,100,84,68,152,252
08/03/2011,HRL,TX,ASW,CE,Federal Contract Tower,27,10,7,17,61,0,1,42,3,46,27,11,49,20,107,90,16,106,213
08/04/2011,HRL,TX,ASW,CE,Federal Contract Tower,33,9,6,13,61,0,0,48,6,54,33,9,54,19,115,76,96,172,287
08/05/2011,HRL,TX,ASW,CE,Federal Contract Tower,34,9,4,9,56,0,2,29,1,32,34,11,33,10,88,66,8,74,162
08/06/2011,HRL,TX,ASW,CE,Federal Contract Tower,16,7,3,0,26,0,0,26,0,26,16,7,29,0,52,104,54,158,210
08/07/2011,HRL,TX,ASW,CE,Federal Contract Tower,19,9,13,0,41,0,0,21,0,21,19,9,34,0,62,124,0,124,186
08/08/2011,HRL,TX,ASW,CE,Federal Contract Tower,25,11,11,44,91,0,1,37,0,38,25,12,48,44,129,92,74,166,295
08/09/2011,HRL,TX,ASW,CE,Federal Contract Tower,34,10,9,14,67,0,2,38,0,40,34,12,47,14,107,44,6,50,157
08/10/2011,HRL,TX,ASW,CE,Federal Contract Tower,30,17,8,20,75,0,4,46,0,50,30,21,54,20,125,66,0,66,191
08/11/2011,HRL,TX,ASW,CE,Federal Contract Tower,34,13,11,22,80,0,1,31,0,32,34,14,42,22,112,118,18,136,248
08/12/2011,HRL,TX,ASW,CE,Federal Contract Tower,33,9,5,17,64,0,1,33,0,34,33,10,38,17,98,87,14,101,199
08/13/2011,HRL,TX,ASW,CE,Federal Contract Tower,16,9,2,4,31,0,0,10,0,10,16,9,12,4,41,6,8,14,55
08/14/2011,HRL,TX,ASW,CE,Federal Contract Tower,17,10,2,3,32,0,0,8,0,8,17,10,10,3,40,0,6,6,46
08/15/2011,HRL,TX,ASW,CE,Federal Contract Tower,29,8,11,38,86,0,2,23,0,25,29,10,34,38,111,12,4,16,127
08/16/2011,HRL,TX,ASW,CE,Federal Contract Tower,36,7,2,40,85,0,2,24,7,33,36,9,26,47,118,2,46,48,166
08/17/2011,HRL,TX,ASW,CE,Federal Contract Tower,29,7,16,27,79,0,4,13,2,19,29,11,29,29,98,10,34,44,142
08/18/2011,HRL,TX,ASW,CE,Federal Contract Tower,33,10,12,7,62,0,0,26,0,26,33,10,38,7,88,64,10,74,162
08/19/2011,HRL,TX,ASW,CE,Federal Contract Tower,37,7,15,3,62,0,1,31,2,34,37,8,46,5,96,62,46,108,204
08/20/2011,HRL,TX,ASW,CE,Federal Contract Tower,12,7,4,3,26,0,0,11,1,12,12,7,15,4,38,54,0,54,92
08/21/2011,HRL,TX,ASW,CE,Federal Contract Tower,18,8,1,1,28,0,0,12,0,12,18,8,13,1,40,78,2,80,120
08/22/2011,HRL,TX,ASW,CE,Federal Contract Tower,27,11,9,19,66,0,3,22,1,26,27,14,31,20,92,8,0,8,100
08/23/2011,HRL,TX,ASW,CE,Federal Contract Tower,34,9,2,28,73,0,4,24,4,32,34,13,26,32,105,28,52,80,185
08/24/2011,HRL,TX,ASW,CE,Federal Contract Tower,29,7,4,9,49,0,1,33,5,39,29,8,37,14,88,28,48,76,164
08/25/2011,HRL,TX,ASW,CE,Federal Contract Tower,36,10,9,2,57,0,2,31,0,33,36,12,40,2,90,52,12,64,154
08/26/2011,HRL,TX,ASW,CE,Federal Contract Tower,38,10,13,14,75,0,2,42,1,45,38,12,55,15,120,62,10,72,192
08/27/2011,HRL,TX,ASW,CE,Federal Contract Tower,12,6,2,0,20,0,0,18,2,20,12,6,20,2,40,20,0,20,60
08/28/2011,HRL,TX,ASW,CE,Federal Contract Tower,17,11,4,0,32,0,0,30,0,30,17,11,34,0,62,52,0,52,114
08/29/2011,HRL,TX,ASW,CE,Federal Contract Tower,26,10,12,28,76,0,1,32,4,37,26,11,44,32,113,70,14,84,197
08/30/2011,HRL,TX,ASW,CE,Federal Contract Tower,33,10,6,34,83,0,5,33,0,38,33,15,39,34,121,62,0,62,183
08/31/2011,HRL,TX,ASW,CE,Federal Contract Tower,29,8,10,28,75,0,3,37,2,42,29,11,47,30,117,88,36,124,241
09/01/2011,HRL,TX,ASW,CE,Federal Contract Tower,30,9,10,5,54,0,0,31,0,31,30,9,41,5,85,54,62,116,201
09/02/2011,HRL,TX,ASW,CE,Federal Contract Tower,33,8,6,0,47,0,2,22,0,24,33,10,28,0,71,30,0,30,101
09/03/2011,HRL,TX,ASW,CE,Federal Contract Tower,13,11,3,4,31,0,0,50,0,50,13,11,53,4,81,32,6,38,119
09/04/2011,HRL,TX,ASW,CE,Federal Contract Tower,13,7,5,0,25,0,0,20,0,20,13,7,25,0,45,86,0,86,131
09/05/2011,HRL,TX,ASW,CE,Federal Contract Tower,18,10,4,0,32,0,0,31,0,31,18,10,35,0,63,38,0,38,101
09/06/2011,HRL,TX,ASW,CE,Federal Contract Tower,31,15,4,23,73,0,0,24,2,26,31,15,28,25,99,28,90,118,217
09/07/2011,HRL,TX,ASW,CE,Federal Contract Tower,33,11,5,15,64,0,0,36,0,36,33,11,41,15,100,22,6,28,128
09/08/2011,HRL,TX,ASW,CE,Federal Contract Tower,36,11,8,18,73,0,0,36,1,37,36,11,44,19,110,78,29,107,217
09/09/2011,HRL,TX,ASW,CE,Federal Contract Tower,37,8,7,9,61,0,0,32,6,38,37,8,39,15,99,60,20,80,179
09/10/2011,HRL,TX,ASW,CE,Federal Contract Tower,14,8,4,3,29,0,0,18,0,18,14,8,22,3,47,56,6,62,109
09/11/2011,HRL,TX,ASW,CE,Federal Contract Tower,16,8,9,2,35,0,0,10,0,10,16,8,19,2,45,44,4,48,93
09/12/2011,HRL,TX,ASW,CE,Federal Contract Tower,30,13,15,27,85,0,0,42,0,42,30,13,57,27,127,82,42,124,251
09/13/2011,HRL,TX,ASW,CE,Federal Contract Tower,31,10,5,13,59,0,0,40,3,43,31,10,45,16,102,66,72,138,240
09/14/2011,HRL,TX,ASW,CE,Federal Contract Tower,26,10,6,15,57,0,0,23,1,24,26,10,29,16,81,82,60,142,223
09/15/2011,HRL,TX,ASW,CE,Federal Contract Tower,33,11,9,20,73,0,0,28,1,29,33,11,37,21,102,40,38,78,180
09/16/2011,HRL,TX,ASW,CE,Federal Contract Tower,37,11,7,4,59,0,0,12,0,12,37,11,19,4,71,14,8,22,93
09/17/2011,HRL,TX,ASW,CE,Federal Contract Tower,12,9,1,0,22,0,0,16,0,16,12,9,17,0,38,100,0,100,138
09/18/2011,HRL,TX,ASW,CE,Federal Contract Tower,16,12,5,3,36,0,0,7,0,7,16,12,12,3,43,140,0,140,183
09/19/2011,HRL,TX,ASW,CE,Federal Contract Tower,23,14,9,22,68,0,0,28,0,28,23,14,37,22,96,40,8,48,144
09/20/2011,HRL,TX,ASW,CE,Federal Contract Tower,36,13,2,23,74,0,0,37,6,43,36,13,39,29,117,48,52,100,217
09/21/2011,HRL,TX,ASW,CE,Federal Contract Tower,24,13,3,27,67,0,0,34,19,53,24,13,37,46,120,20,64,84,204
09/22/2011,HRL,TX,ASW,CE,Federal Contract Tower,30,13,9,23,75,0,0,50,5,55,30,13,59,28,130,30,38,68,198
09/23/2011,HRL,TX,ASW,CE,Federal Contract Tower,28,10,5,5,48,0,1,17,2,20,28,11,22,7,68,16,8,24,92
09/24/2011,HRL,TX,ASW,CE,Federal Contract Tower,14,8,3,4,29,0,0,18,0,18,14,8,21,4,47,44,0,44,91
09/25/2011,HRL,TX,ASW,CE,Federal Contract Tower,17,12,4,0,33,0,0,18,0,18,17,12,22,0,51,84,0,84,135
09/26/2011,HRL,TX,ASW,CE,Federal Contract Tower,22,14,11,16,63,0,0,38,4,42,22,14,49,20,105,22,190,212,317
09/27/2011,HRL,TX,ASW,CE,Federal Contract Tower,30,13,5,26,74,0,3,33,3,39,30,16,38,29,113,22,98,120,233
09/28/2011,HRL,TX,ASW,CE,Federal Contract Tower,30,13,9,16,68,0,1,32,0,33,30,14,41,16,101,40,50,90,191
09/29/2011,HRL,TX,ASW,CE,Federal Contract Tower,28,10,13,3,54,0,0,22,0,22,28,10,35,3,76,18,72,90,166
09/30/2011,HRL,TX,ASW,CE,Federal Contract Tower,31,9,3,1,44,0,3,31,0,34,31,12,34,1,78,64,2,66,144
10/01/2011,HRL,TX,ASW,CE,Federal Contract Tower,13,9,9,0,31,0,0,11,0,11,13,9,20,0,42,12,0,12,54
10/02/2011,HRL,TX,ASW,CE,Federal Contract Tower,18,7,2,3,30,0,0,15,0,15,18,7,17,3,45,52,6,58,103
10/03/2011,HRL,TX,ASW,CE,Federal Contract Tower,24,11,6,15,56,0,1,25,0,26,24,12,31,15,82,62,56,118,200
10/04/2011,HRL,TX,ASW,CE,Federal Contract Tower,32,9,4,21,66,0,3,48,17,68,32,12,52,38,134,24,82,106,240
10/05/2011,HRL,TX,ASW,CE,Federal Contract Tower,31,9,7,2,49,0,2,42,2,46,31,11,49,4,95,94,48,142,237
10/06/2011,HRL,TX,ASW,CE,Federal Contract Tower,23,17,10,17,67,0,4,42,2,48,23,21,52,19,115,80,46,126,241
10/07/2011,HRL,TX,ASW,CE,Federal Contract Tower,28,17,5,2,52,0,2,23,0,25,28,19,28,2,77,4,8,12,89
10/08/2011,HRL,TX,ASW,CE,Federal Contract Tower,14,10,1,0,25,0,0,20,0,20,14,10,21,0,45,22,0,22,67
10/09/2011,HRL,TX,ASW,CE,Federal Contract Tower,17,7,1,0,25,0,0,15,0,15,17,7,16,0,40,64,0,64,104
10/10/2011,HRL,TX,ASW,CE,Federal Contract Tower,24,16,8,1,49,0,0,20,0,20,24,16,28,1,69,62,2,64,133
10/11/2011,HRL,TX,ASW,CE,Federal Contract Tower,29,9,4,6,48,0,0,27,4,31,29,9,31,10,79,34,8,42,121
10/12/2011,HRL,TX,ASW,CE,Federal Contract Tower,33,8,5,16,62,0,0,41,0,41,33,8,46,16,103,54,90,144,247
10/13/2011,HRL,TX,ASW,CE,Federal Contract Tower,24,17,12,20,73,0,2,36,0,38,24,19,48,20,111,16,72,88,199
10/14/2011,HRL,TX,ASW,CE,Federal Contract Tower,21,15,7,13,56,0,4,34,0,38,21,19,41,13,94,12,20,32,126
10/15/2011,HRL,TX,ASW,CE,Federal Contract Tower,16,9,6,4,35,0,0,28,0,28,16,9,34,4,63,20,48,68,131
10/16/2011,HRL,TX,ASW,CE,Federal Contract Tower,17,10,2,4,33,0,0,27,1,28,17,10,29,5,61,78,46,124,185
10/17/2011,HRL,TX,ASW,CE,Federal Contract Tower,23,9,5,17,54,0,2,36,5,43,23,11,41,22,97,106,34,140,237
10/18/2011,HRL,TX,ASW,CE,Federal Contract Tower,36,8,4,11,59,0,1,38,1,40,36,9,42,12,99,46,108,154,253
10/19/2011,HRL,TX,ASW,CE,Federal Contract Tower,29,9,6,12,56,0,2,48,2,52,29,11,54,14,108,28,58,86,194
10/20/2011,HRL,TX,ASW,CE,Federal Contract Tower,29,14,8,5,56,0,3,52,2,57,29,17,60,7,113,94,58,152,265
10/21/2011,HRL,TX,ASW,CE,Federal Contract Tower,23,18,4,14,59,0,4,31,4,39,23,22,35,18,98,30,28,58,156
10/22/2011,HRL,TX,ASW,CE,Federal Contract Tower,15,8,3,0,26,0,0,24,0,24,15,8,27,0,50,76,0,76,126
10/23/2011,HRL,TX,ASW,CE,Federal Contract Tower,17,7,7,0,31,0,0,21,0,21,17,7,28,0,52,60,4,64,116
10/24/2011,HRL,TX,ASW,CE,Federal Contract Tower,26,9,12,13,60,0,2,51,0,53,26,11,63,13,113,34,56,90,203
10/25/2011,HRL,TX,ASW,CE,Federal Contract Tower,36,8,3,16,63,0,1,40,0,41,36,9,43,16,104,52,8,60,164
10/26/2011,HRL,TX,ASW,CE,Federal Contract Tower,30,8,6,10,54,0,3,39,0,42,30,11,45,10,96,106,22,128,224
10/27/2011,HRL,TX,ASW,CE,Federal Contract Tower,23,16,7,21,67,0,3,39,5,47,23,19,46,26,114,84,140,224,338
10/28/2011,HRL,TX,ASW,CE,Federal Contract Tower,30,17,11,3,61,0,0,0,0,0,30,17,11,3,61,30,6,36,97
10/29/2011,HRL,TX,ASW,CE,Federal Contract Tower,18,7,4,0,29,0,0,16,0,16,18,7,20,0,45,42,0,42,87
10/30/2011,HRL,TX,ASW,CE,Federal Contract Tower,17,9,5,0,31,0,0,37,0,37,17,9,42,0,68,154,0,154,222
10/31/2011,HRL,TX,ASW,CE,Federal Contract Tower,28,10,6,19,63,0,3,38,0,41,28,13,44,19,104,60,26,86,190
11/01/2011,HRL,TX,ASW,CE,Federal Contract Tower,38,10,3,24,75,0,3,39,0,42,38,13,42,24,117,64,106,170,287
11/02/2011,HRL,TX,ASW,CE,Federal Contract Tower,30,8,4,9,51,0,4,49,0,53,30,12,53,9,104,62,20,82,186
11/03/2011,HRL,TX,ASW,CE,Federal Contract Tower,26,16,9,14,65,0,4,26,0,30,26,20,35,14,95,0,78,78,173
11/04/2011,HRL,TX,ASW,CE,Federal Contract Tower,32,12,1,3,48,0,4,21,0,25,32,16,22,3,73,36,10,46,119
11/05/2011,HRL,TX,ASW,CE,Federal Contract Tower,16,10,3,4,33,0,0,17,0,17,16,10,20,4,50,24,6,30,80
11/06/2011,HRL,TX,ASW,CE,Federal Contract Tower,16,11,6,9,42,0,0,11,0,11,16,11,17,9,53,6,68,74,127
11/07/2011,HRL,TX,ASW,CE,Federal Contract Tower,27,12,10,19,68,0,0,19,0,19,27,12,29,19,87,10,20,30,117
11/08/2011,HRL,TX,ASW,CE,Federal Contract Tower,34,10,11,28,83,0,2,27,0,29,34,12,38,28,112,60,126,186,298
11/09/2011,HRL,TX,ASW,CE,Federal Contract Tower,34,13,10,18,75,0,1,32,4,37,34,14,42,22,112,46,82,128,240
11/10/2011,HRL,TX,ASW,CE,Federal Contract Tower,32,12,13,12,69,0,4,29,1,34,32,16,42,13,103,50,70,120,223
11/11/2011,HRL,TX,ASW,CE,Federal Contract Tower,21,12,4,0,37,0,0,25,0,25,21,12,29,0,62,20,0,20,82
11/12/2011,HRL,TX,ASW,CE,Federal Contract Tower,16,8,3,1,28,0,0,6,0,6,16,8,9,1,34,4,0,4,38
11/13/2011,HRL,TX,ASW,CE,Federal Contract Tower,15,9,9,0,33,0,0,7,0,7,15,9,16,0,40,36,0,36,76
11/14/2011,HRL,TX,ASW,CE,Federal Contract Tower,29,8,11,26,74,0,0,18,0,18,29,8,29,26,92,2,142,144,236
11/15/2011,HRL,TX,ASW,CE,Federal Contract Tower,32,10,8,35,85,0,2,23,0,25,32,12,31,35,110,36,82,118,228
11/16/2011,HRL,TX,ASW,CE,Federal Contract Tower,34,11,13,9,67,0,1,34,0,35,34,12,47,9,102,44,108,152,254
11/17/2011,HRL,TX,ASW,CE,Federal Contract Tower,21,11,14,23,69,0,4,21,2,27,21,15,35,25,96,20,42,62,158
11/18/2011,HRL,TX,ASW,CE,Federal Contract Tower,29,13,6,6,54,0,7,21,2,30,29,20,27,8,84,34,8,42,126
11/19/2011,HRL,TX,ASW,CE,Federal Contract Tower,14,8,2,0,24,0,0,10,0,10,14,8,12,0,34,2,0,2,36
11/20/2011,HRL,TX,ASW,CE,Federal Contract Tower,15,8,2,0,25,0,0,4,0,4,15,8,6,0,29,0,0,0,29
11/21/2011,HRL,TX,ASW,CE,Federal Contract Tower,25,11,9,13,58,0,0,11,1,12,25,11,20,14,70,0,34,34,104
11/22/2011,HRL,TX,ASW,CE,Federal Contract Tower,34,11,6,19,70,0,0,19,0,19,34,11,25,19,89,26,36,62,151
11/23/2011,HRL,TX,ASW,CE,Federal Contract Tower,32,15,5,0,52,0,3,35,0,38,32,18,40,0,90,22,0,22,112
11/24/2011,HRL,TX,ASW,CE,Federal Contract Tower,10,6,2,0,18,0,0,15,0,15,10,6,17,0,33,0,0,0,33
11/25/2011,HRL,TX,ASW,CE,Federal Contract Tower,19,13,2,0,34,0,2,17,0,19,19,15,19,0,53,0,2,2,55
11/26/2011,HRL,TX,ASW,CE,Federal Contract Tower,17,8,2,0,27,0,0,0,0,0,17,8,2,0,27,0,0,0,27
11/27/2011,HRL,TX,ASW,CE,Federal Contract Tower,18,10,10,3,41,0,0,4,0,4,18,10,14,3,45,0,0,0,45
11/28/2011,HRL,TX,ASW,CE,Federal Contract Tower,27,11,7,26,71,0,1,29,0,30,27,12,36,26,101,60,24,84,185
11/29/2011,HRL,TX,ASW,CE,Federal Contract Tower,35,8,9,23,75,0,3,35,5,43,35,11,44,28,118,18,20,38,156
11/30/2011,HRL,TX,ASW,CE,Federal Contract Tower,30,7,10,11,58,0,3,50,0,53,30,10,60,11,111,34,58,92,203
12/01/2011,HRL,TX,ASW,CE,Federal Contract Tower,24,16,13,14,67,0,3,9,0,12,24,19,22,14,79,4,58,62,141
12/02/2011,HRL,TX,ASW,CE,Federal Contract Tower,27,21,5,8,61,0,0,18,0,18,27,21,23,8,79,16,28,44,123
12/03/2011,HRL,TX,ASW,CE,Federal Contract Tower,12,10,4,2,28,0,0,2,0,2,12,10,6,2,30,0,0,0,30
12/04/2011,HRL,TX,ASW,CE,Federal Contract Tower,17,10,2,9,38,0,0,3,0,3,17,10,5,9,41,0,58,58,99
12/05/2011,HRL,TX,ASW,CE,Federal Contract Tower,25,12,15,20,72,0,0,20,0,20,25,12,35,20,92,2,39,41,133
12/06/2011,HRL,TX,ASW,CE,Federal Contract Tower,38,10,3,18,69,0,1,28,0,29,38,11,31,18,98,62,192,254,352
12/07/2011,HRL,TX,ASW,CE,Federal Contract Tower,32,8,6,12,58,0,1,46,21,68,32,9,52,33,126,90,34,124,250
12/08/2011,HRL,TX,ASW,CE,Federal Contract Tower,25,16,8,17,66,0,2,23,4,29,25,18,31,21,95,74,24,98,193
12/09/2011,HRL,TX,ASW,CE,Federal Contract Tower,25,13,10,4,52,0,2,33,1,36,25,15,43,5,88,36,60,96,184
12/10/2011,HRL,TX,ASW,CE,Federal Contract Tower,16,11,4,0,31,0,0,1,0,1,16,11,5,0,32,10,0,10,42
12/11/2011,HRL,TX,ASW,CE,Federal Contract Tower,15,9,3,0,27,0,0,0,0,0,15,9,3,0,27,4,0,4,31
12/12/2011,HRL,TX,ASW,CE,Federal Contract Tower,30,7,9,9,55,0,0,10,0,10,30,7,19,9,65,30,22,52,117
12/13/2011,HRL,TX,ASW,CE,Federal Contract Tower,41,12,10,8,71,0,1,15,4,20,41,13,25,12,91,24,12,36,127
12/14/2011,HRL,TX,ASW,CE,Federal Contract Tower,31,12,14,17,74,0,1,21,11,33,31,13,35,28,107,0,112,112,219
12/15/2011,HRL,TX,ASW,CE,Federal Contract Tower,29,17,6,23,75,0,0,27,2,29,29,17,33,25,104,12,66,78,182
12/16/2011,HRL,TX,ASW,CE,Federal Contract Tower,32,22,9,4,67,0,0,0,0,0,32,22,9,4,67,4,10,14,81
12/17/2011,HRL,TX,ASW,CE,Federal Contract Tower,27,12,3,3,45,0,0,0,0,0,27,12,3,3,45,0,2,2,47
12/18/2011,HRL,TX,ASW,CE,Federal Contract Tower,15,8,9,18,50,0,0,3,0,3,15,8,12,18,53,0,10,10,63
12/19/2011,HRL,TX,ASW,CE,Federal Contract Tower,29,8,7,15,59,0,0,18,4,22,29,8,25,19,81,0,80,80,161
12/20/2011,HRL,TX,ASW,CE,Federal Contract Tower,40,13,12,12,77,0,0,15,0,15,40,13,27,12,92,0,54,54,146
12/21/2011,HRL,TX,ASW,CE,Federal Contract Tower,37,12,12,0,61,0,3,30,0,33,37,15,42,0,94,6,0,6,100
12/22/2011,HRL,TX,ASW,CE,Federal Contract Tower,35,12,13,8,68,0,2,18,0,20,35,14,31,8,88,6,8,14,102
12/23/2011,HRL,TX,ASW,CE,Federal Contract Tower,37,12,14,2,65,0,0,0,0,0,37,12,14,2,65,0,4,4,69
12/24/2011,HRL,TX,ASW,CE,Federal Contract Tower,18,7,3,0,28,0,0,0,0,0,18,7,3,0,28,0,0,0,28
12/25/2011,HRL,TX,ASW,CE,Federal Contract Tower,11,8,5,0,24,0,0,0,0,0,11,8,5,0,24,0,0,0,24
12/26/2011,HRL,TX,ASW,CE,Federal Contract Tower,25,9,7,2,43,0,0,7,0,7,25,9,14,2,50,0,0,0,50
12/27/2011,HRL,TX,ASW,CE,Federal Contract Tower,35,10,3,0,48,0,1,27,0,28,35,11,30,0,76,2,0,2,78
12/28/2011,HRL,TX,ASW,CE,Federal Contract Tower,34,10,4,8,56,0,2,40,0,42,34,12,44,8,98,2,20,22,120
12/29/2011,HRL,TX,ASW,CE,Federal Contract Tower,31,10,5,0,46,0,3,25,0,28,31,13,30,0,74,8,0,8,82
12/30/2011,HRL,TX,ASW,CE,Federal Contract Tower,33,18,2,0,53,0,11,6,0,17,33,29,8,0,70,0,0,0,70
12/31/2011,HRL,TX,ASW,CE,Federal Contract Tower,18,8,2,1,29,0,0,7,0,7,18,8,9,1,36,6,0,6,42
01/01/2012,HRL,TX,ASW,CE,Federal Contract Tower,14,11,6,0,31,0,0,3,0,3,14,11,9,0,34,0,0,0,34
01/02/2012,HRL,TX,ASW,CE,Federal Contract Tower,24,9,6,0,39,0,0,19,0,19,24,9,25,0,58,2,0,2,60
01/03/2012,HRL,TX,ASW,CE,Federal Contract Tower,35,8,4,6,53,0,1,23,0,24,35,9,27,6,77,0,0,0,77
01/04/2012,HRL,TX,ASW,CE,Federal Contract Tower,28,9,6,10,53,0,2,23,6,31,28,11,29,16,84,4,57,61,145
01/05/2012,HRL,TX,ASW,CE,Federal Contract Tower,26,16,13,25,80,0,2,15,0,17,26,18,28,25,97,4,52,56,153
01/06/2012,HRL,TX,ASW,CE,Federal Contract Tower,27,18,11,14,70,0,2,33,0,35,27,20,44,14,105,2,26,28,133
01/07/2012,HRL,TX,ASW,CE,Federal Contract Tower,15,7,3,0,25,0,0,10,0,10,15,7,13,0,35,8,10,18,53
01/08/2012,HRL,TX,ASW,CE,Federal Contract Tower,18,9,2,1,30,0,0,4,0,4,18,9,6,1,34,0,2,2,36
01/09/2012,HRL,TX,ASW,CE,Federal Contract Tower,30,13,13,27,83,0,0,7,0,7,30,13,20,27,90,0,82,82,172
01/10/2012,HRL,TX,ASW,CE,Federal Contract Tower,34,8,7,6,55,0,1,37,0,38,34,9,44,6,93,22,4,26,119
01/11/2012,HRL,TX,ASW,CE,Federal Contract Tower,27,8,6,5,46,0,1,29,0,30,27,9,35,5,76,70,6,76,152
01/12/2012,HRL,TX,ASW,CE,Federal Contract Tower,25,13,6,9,53,0,2,43,4,49,25,15,49,13,102,18,166,184,286
01/13/2012,HRL,TX,ASW,CE,Federal Contract Tower,26,14,7,18,65,0,4,36,15,55,26,18,43,33,120,38,10,48,168
01/14/2012,HRL,TX,ASW,CE,Federal Contract Tower,13,6,0,2,21,0,0,21,0,21,13,6,21,2,42,86,6,92,134
01/15/2012,HRL,TX,ASW,CE,Federal Contract Tower,14,11,1,0,26,0,0,7,0,7,14,11,8,0,33,56,0,56,89
01/16/2012,HRL,TX,ASW,CE,Federal Contract Tower,23,9,14,0,46,0,0,25,0,25,23,9,39,0,71,9,0,9,80
01/17/2012,HRL,TX,ASW,CE,Federal Contract Tower,33,16,3,18,70,0,0,19,1,20,33,16,22,19,90,36,101,137,227
01/18/2012,HRL,TX,ASW,CE,Federal Contract Tower,24,14,12,10,60,0,0,28,0,28,24,14,40,10,88,66,74,140,228
01/19/2012,HRL,TX,ASW,CE,Federal Contract Tower,27,17,16,17,77,0,0,22,0,22,27,17,38,17,99,26,62,88,187
01/20/2012,HRL,TX,ASW,CE,Federal Contract Tower,30,19,4,6,59,0,2,17,0,19,30,21,21,6,78,22,22,44,122
01/21/2012,HRL,TX,ASW,CE,Federal Contract Tower,15,7,3,0,25,0,0,13,0,13,15,7,16,0,38,36,0,36,74
01/22/2012,HRL,TX,ASW,CE,Federal Contract Tower,16,10,11,0,37,0,0,8,0,8,16,10,19,0,45,44,0,44,89
01/23/2012,HRL,TX,ASW,CE,Federal Contract Tower,28,12,14,9,63,0,0,7,0,7,28,12,21,9,70,0,8,8,78
01/24/2012,HRL,TX,ASW,CE,Federal Contract Tower,29,11,13,21,74,0,0,11,0,11,29,11,24,21,85,10,40,50,135
01/25/2012,HRL,TX,ASW,CE,Federal Contract Tower,29,6,11,15,61,0,0,19,1,20,29,6,30,16,81,52,24,76,157
01/26/2012,HRL,TX,ASW,CE,Federal Contract Tower,27,14,15,7,63,0,4,45,0,49,27,18,60,7,112,104,4,108,220
01/27/2012,HRL,TX,ASW,CE,Federal Contract Tower,24,14,12,6,56,0,4,31,0,35,24,18,43,6,91,34,22,56,147
01/28/2012,HRL,TX,ASW,CE,Federal Contract Tower,16,7,0,1,24,0,0,9,0,9,16,7,9,1,33,16,50,66,99
01/29/2012,HRL,TX,ASW,CE,Federal Contract Tower,14,10,5,10,39,0,0,11,0,11,14,10,16,10,50,14,72,86,136
01/30/2012,HRL,TX,ASW,CE,Federal Contract Tower,26,9,13,11,59,0,0,19,0,19,26,9,32,11,78,101,22,123,201
01/31/2012,HRL,TX,ASW,CE,Federal Contract Tower,39,13,7,13,72,0,0,21,2,23,39,13,28,15,95,96,40,136,231
02/01/2012,HRL,TX,ASW,CE,Federal Contract Tower,28,14,6,10,58,0,0,18,0,18,28,14,24,10,76,34,20,54,130
02/02/2012,HRL,TX,ASW,CE,Federal Contract Tower,26,23,13,12,74,0,0,9,0,9,26,23,22,12,83,66,22,88,171
02/03/2012,HRL,TX,ASW,CE,Federal Contract Tower,23,17,6,0,46,0,1,19,0,20,23,18,25,0,66,4,2,6,72
02/04/2012,HRL,TX,ASW,CE,Federal Contract Tower,23,8,2,0,33,0,0,2,0,2,23,8,4,0,35,0,0,0,35
02/05/2012,HRL,TX,ASW,CE,Federal Contract Tower,15,11,10,0,36,0,0,1,0,1,15,11,11,0,37,0,0,0,37
02/06/2012,HRL,TX,ASW,CE,Federal Contract Tower,30,12,15,20,77,0,0,11,2,13,30,12,26,22,90,68,74,142,232
02/07/2012,HRL,TX,ASW,CE,Federal Contract Tower,28,12,5,7,52,0,0,26,0,26,28,12,31,7,78,86,52,138,216
02/08/2012,HRL,TX,ASW,CE,Federal Contract Tower,22,10,10,4,46,0,2,5,0,7,22,12,15,4,53,2,6,8,61
02/09/2012,HRL,TX,ASW,CE,Federal Contract Tower,32,17,10,9,68,0,0,5,0,5,32,17,15,9,73,20,18,38,111
02/10/2012,HRL,TX,ASW,CE,Federal Contract Tower,21,17,6,3,47,0,0,1,0,1,21,17,7,3,48,0,6,6,54
02/11/2012,HRL,TX,ASW,CE,Federal Contract Tower,13,7,9,1,30,0,0,3,0,3,13,7,12,1,33,18,0,18,51
02/12/2012,HRL,TX,ASW,CE,Federal Contract Tower,14,8,2,4,28,0,0,4,0,4,14,8,6,4,32,36,6,42,74
02/13/2012,HRL,TX,ASW,CE,Federal Contract Tower,26,11,20,8,65,0,0,4,0,4,26,11,24,8,69,70,12,82,151
02/14/2012,HRL,TX,ASW,CE,Federal Contract Tower,32,13,12,11,68,0,0,25,2,27,32,13,37,13,95,58,20,78,173
02/15/2012,HRL,TX,ASW,CE,Federal Contract Tower,26,10,15,17,68,0,0,24,4,28,26,10,39,21,96,4,136,140,236
02/16/2012,HRL,TX,ASW,CE,Federal Contract Tower,28,15,14,12,69,0,1,18,3,22,28,16,32,15,91,29,46,75,166
02/17/2012,HRL,TX,ASW,CE,Federal Contract Tower,29,19,16,3,67,0,0,0,0,0,29,19,16,3,67,0,8,8,75
02/18/2012,HRL,TX,ASW,CE,Federal Contract Tower,12,9,13,7,41,0,0,2,0,2,12,9,15,7,43,0,0,0,43
02/19/2012,HRL,TX,ASW,CE,Federal Contract Tower,12,11,10,0,33,0,0,37,0,37,12,11,47,0,70,72,0,72,142
02/20/2012,HRL,TX,ASW,CE,Federal Contract Tower,23,12,13,0,48,0,0,22,0,22,23,12,35,0,70,26,0,26,96
02/21/2012,HRL,TX,ASW,CE,Federal Contract Tower,30,15,6,6,57,0,1,39,0,40,30,16,45,6,97,38,12,50,147
02/22/2012,HRL,TX,ASW,CE,Federal Contract Tower,21,11,8,14,54,0,1,21,2,24,21,12,29,16,78,48,18,66,144
02/23/2012,HRL,TX,ASW,CE,Federal Contract Tower,24,14,19,12,69,0,3,7,1,11,24,17,26,13,80,0,28,28,108
02/24/2012,HRL,TX,ASW,CE,Federal Contract Tower,26,11,4,6,47,0,3,9,1,13,26,14,13,7,60,0,56,56,116
02/25/2012,HRL,TX,ASW,CE,Federal Contract Tower,11,9,5,0,25,0,0,14,0,14,11,9,19,0,39,20,54,74,113
02/26/2012,HRL,TX,ASW,CE,Federal Contract Tower,15,9,3,0,27,0,0,33,4,37,15,9,36,4,64,78,0,78,142
02/27/2012,HRL,TX,ASW,CE,Federal Contract Tower,29,10,13,15,67,0,0,7,0,7,29,10,20,15,74,70,70,140,214
02/28/2012,HRL,TX,ASW,CE,Federal Contract Tower,33,8,12,24,77,0,1,17,2,20,33,9,29,26,97,0,85,85,182
02/29/2012,HRL,TX,ASW,CE,Federal Contract Tower,27,8,7,12,54,0,3,28,2,33,27,11,35,14,87,26,18,44,131
03/01/2012,HRL,TX,ASW,CE,Federal Contract Tower,28,13,16,15,72,0,3,20,9,32,28,16,36,24,104,12,160,172,276
03/02/2012,HRL,TX,ASW,CE,Federal Contract Tower,27,13,4,6,50,0,0,0,0,0,27,13,4,6,50,12,52,64,114
03/03/2012,HRL,TX,ASW,CE,Federal Contract Tower,11,10,3,2,26,0,0,5,5,10,11,10,8,7,36,0,0,0,36
03/04/2012,HRL,TX,ASW,CE,Federal Contract Tower,15,10,6,1,32,0,0,33,8,41,15,10,39,9,73,94,0,94,167
03/05/2012,HRL,TX,ASW,CE,Federal Contract Tower,28,9,11,15,63,0,2,17,2,21,28,11,28,17,84,4,25,29,113
03/06/2012,HRL,TX,ASW,CE,Federal Contract Tower,31,7,6,7,51,0,0,19,5,24,31,7,25,12,75,2,102,104,179
03/07/2012,HRL,TX,ASW,CE,Federal Contract Tower,26,10,8,9,53,0,0,13,9,22,26,10,21,18,75,0,80,80,155
03/08/2012,HRL,TX,ASW,CE,Federal Contract Tower,31,15,7,4,57,0,0,12,5,17,31,15,19,9,74,0,68,68,142
03/09/2012,HRL,TX,ASW,CE,Federal Contract Tower,25,14,12,5,56,0,0,2,0,2,25,14,14,5,58,0,26,26,84
03/10/2012,HRL,TX,ASW,CE,Federal Contract Tower,13,8,4,0,25,0,0,3,7,10,13,8,7,7,35,0,0,0,35
03/11/2012,HRL,TX,ASW,CE,Federal Contract Tower,13,6,7,0,26,0,0,2,7,9,13,6,9,7,35,0,0,0,35
03/12/2012,HRL,TX,ASW,CE,Federal Contract Tower,27,16,11,6,60,0,0,15,5,20,27,16,26,11,80,0,14,14,94
03/13/2012,HRL,TX,ASW,CE,Federal Contract Tower,31,10,15,24,80,0,0,16,7,23,31,10,31,31,103,0,234,234,337
03/14/2012,HRL,TX,ASW,CE,Federal Contract Tower,32,10,9,7,58,0,2,19,18,39,32,12,28,25,97,12,62,74,171
03/15/2012,HRL,TX,ASW,CE,Federal Contract Tower,32,7,12,17,68,0,0,22,11,33,32,7,34,28,101,0,8,8,109
03/16/2012,HRL,TX,ASW,CE,Federal Contract Tower,27,12,5,5,49,0,2,14,9,25,27,14,19,14,74,10,2,12,86
03/17/2012,HRL,TX,ASW,CE,Federal Contract Tower,12,11,9,0,32,0,0,12,7,19,12,11,21,7,51,26,4,30,81
03/18/2012,HRL,TX,ASW,CE,Federal Contract Tower,15,10,5,0,30,0,0,4,0,4,15,10,9,0,34,0,0,0,34
03/19/2012,HRL,TX,ASW,CE,Federal Contract Tower,32,14,14,31,91,0,0,8,12,20,32,14,22,43,111,0,38,38,149
03/20/2012,HRL,TX,ASW,CE,Federal Contract Tower,34,12,12,13,71,0,1,16,5,22,34,13,28,18,93,14,18,32,125
03/21/2012,HRL,TX,ASW,CE,Federal Contract Tower,29,10,12,3,54,0,4,26,16,46,29,14,38,19,100,34,58,92,192
03/22/2012,HRL,TX,ASW,CE,Federal Contract Tower,31,13,9,1,54,0,3,37,5,45,31,16,46,6,99,4,60,64,163
03/23/2012,HRL,TX,ASW,CE,Federal Contract Tower,27,16,5,2,50,0,5,39,9,53,27,21,44,11,103,54,14,68,171
03/24/2012,HRL,TX,ASW,CE,Federal Contract Tower,13,10,8,10,41,0,0,21,6,27,13,10,29,16,68,54,8,62,130
03/25/2012,HRL,TX,ASW,CE,Federal Contract Tower,13,12,3,1,29,0,0,19,9,28,13,12,22,10,57,48,48,96,153
03/26/2012,HRL,TX,ASW,CE,Federal Contract Tower,26,15,14,5,60,0,0,25,11,36,26,15,39,16,96,18,100,118,214
03/27/2012,HRL,TX,ASW,CE,Federal Contract Tower,33,9,11,9,62,0,0,30,9,39,33,9,41,18,101,66,54,120,221
03/28/2012,HRL,TX,ASW,CE,Federal Contract Tower,27,10,4,3,44,0,2,22,8,32,27,12,26,11,76,28,10,38,114
03/29/2012,HRL,TX,ASW,CE,Federal Contract Tower,25,20,18,6,69,0,0,12,8,20,25,20,30,14,89,4,18,22,111
03/30/2012,HRL,TX,ASW,CE,Federal Contract Tower,28,14,3,5,50,0,0,20,8,28,28,14,23,13,78,52,8,60,138
03/31/2012,HRL,TX,ASW,CE,Federal Contract Tower,15,10,3,0,28,0,0,19,9,28,15,10,22,9,56,16,12,28,84
04/01/2012,HRL,TX,ASW,CE,Federal Contract Tower,13,13,9,0,35,0,0,14,8,22,13,13,23,8,57,78,12,90,147
04/02/2012,HRL,TX,ASW,CE,Federal Contract Tower,30,10,9,24,73,0,2,13,10,25,30,12,22,34,98,18,104,122,220
04/03/2012,HRL,TX,ASW,CE,Federal Contract Tower,35,9,4,15,63,0,1,29,9,39,35,10,33,24,102,94,68,162,264
04/04/2012,HRL,TX,ASW,CE,Federal Contract Tower,25,10,11,0,46,0,0,22,10,32,25,10,33,10,78,46,6,52,130
04/05/2012,HRL,TX,ASW,CE,Federal Contract Tower,26,11,14,1,52,0,2,16,7,25,26,13,30,8,77,12,10,22,99
04/06/2012,HRL,TX,ASW,CE,Federal Contract Tower,27,14,4,7,52,0,3,18,10,31,27,17,22,17,83,24,10,34,117
04/07/2012,HRL,TX,ASW,CE,Federal Contract Tower,12,8,0,0,20,0,0,17,4,21,12,8,17,4,41,28,0,28,69
04/08/2012,HRL,TX,ASW,CE,Federal Contract Tower,15,7,3,1,26,0,0,16,10,26,15,7,19,11,52,0,0,0,52
04/09/2012,HRL,TX,ASW,CE,Federal Contract Tower,24,12,4,8,48,0,1,25,6,32,24,13,29,14,80,36,4,40,120
04/10/2012,HRL,TX,ASW,CE,Federal Contract Tower,27,9,22,13,71,0,0,26,10,36,27,9,48,23,107,32,22,54,161
04/11/2012,HRL,TX,ASW,CE,Federal Contract Tower,26,10,11,3,50,0,0,28,14,42,26,10,39,17,92,8,50,58,150
04/12/2012,HRL,TX,ASW,CE,Federal Contract Tower,23,16,5,14,58,0,0,22,10,32,23,16,27,24,90,22,54,76,166
04/13/2012,HRL,TX,ASW,CE,Federal Contract Tower,28,17,5,10,60,0,0,18,8,26,28,17,23,18,86,6,8,14,100
04/14/2012,HRL,TX,ASW,CE,Federal Contract Tower,14,9,4,0,27,0,0,5,6,11,14,9,9,6,38,0,0,0,38
04/15/2012,HRL,TX,ASW,CE,Federal Contract Tower,12,8,1,0,21,0,0,2,1,3,12,8,3,1,24,0,0,0,24
04/16/2012,HRL,TX,ASW,CE,Federal Contract Tower,28,14,18,0,60,0,0,5,0,5,28,14,23,0,65,2,0,2,67
04/17/2012,HRL,TX,ASW,CE,Federal Contract Tower,31,10,4,12,57,0,0,21,14,35,31,10,25,26,92,44,22,66,158
04/18/2012,HRL,TX,ASW,CE,Federal Contract Tower,29,10,15,12,66,0,0,36,14,50,29,10,51,26,116,28,10,38,154
04/19/2012,HRL,TX,ASW,CE,Federal Contract Tower,26,7,4,9,46,0,3,36,12,51,26,10,40,21,97,64,8,72,169
04/20/2012,HRL,TX,ASW,CE,Federal Contract Tower,35,13,14,3,65,0,0,21,1,22,35,13,35,4,87,34,12,46,133
04/21/2012,HRL,TX,ASW,CE,Federal Contract Tower,16,9,2,8,35,0,0,8,3,11,16,9,10,11,46,8,38,46,92
04/22/2012,HRL,TX,ASW,CE,Federal Contract Tower,12,11,9,2,34,0,0,19,5,24,12,11,28,7,58,16,0,16,74
04/23/2012,HRL,TX,ASW,CE,Federal Contract Tower,31,14,7,4,56,0,0,31,2,33,31,14,38,6,89,30,0,30,119
04/24/2012,HRL,TX,ASW,CE,Federal Contract Tower,34,9,6,7,56,0,3,23,5,31,34,12,29,12,87,16,10,26,113
04/25/2012,HRL,TX,ASW,CE,Federal Contract Tower,23,8,7,0,38,0,2,36,5,43,23,10,43,5,81,44,4,48,129
04/26/2012,HRL,TX,ASW,CE,Federal Contract Tower,23,13,8,4,48,0,4,22,3,29,23,17,30,7,77,0,8,8,85
04/27/2012,HRL,TX,ASW,CE,Federal Contract Tower,25,12,6,0,43,0,4,19,1,24,25,16,25,1,67,0,4,4,71
04/28/2012,HRL,TX,ASW,CE,Federal Contract Tower,17,8,1,4,30,0,0,14,0,14,17,8,15,4,44,16,0,16,60
04/29/2012,HRL,TX,ASW,CE,Federal Contract Tower,12,10,13,9,44,0,1,5,3,9,12,11,18,12,53,22,6,28,81
04/30/2012,HRL,TX,ASW,CE,Federal Contract Tower,25,14,7,19,65,0,0,30,3,33,25,14,37,22,98,30,0,30,128
05/01/2012,HRL,TX,ASW,CE,Federal Contract Tower,27,7,6,13,53,0,2,27,5,34,27,9,33,18,87,52,26,78,165
05/02/2012,HRL,TX,ASW,CE,Federal Contract Tower,23,12,5,6,46,0,2,29,3,34,23,14,34,9,80,24,28,52,132
05/03/2012,HRL,TX,ASW,CE,Federal Contract Tower,28,14,4,9,55,0,0,32,2,34,28,14,36,11,89,16,18,34,123
05/04/2012,HRL,TX,ASW,CE,Federal Contract Tower,29,9,8,5,51,0,2,10,1,13,29,11,18,6,64,16,56,72,136
05/05/2012,HRL,TX,ASW,CE,Federal Contract Tower,10,4,1,0,15,0,0,8,2,10,10,4,9,2,25,40,0,40,65
05/06/2012,HRL,TX,ASW,CE,Federal Contract Tower,12,8,3,0,23,0,0,3,2,5,12,8,6,2,28,16,0,16,44
05/07/2012,HRL,TX,ASW,CE,Federal Contract Tower,29,11,16,13,69,0,7,20,1,28,29,18,36,14,97,32,42,74,171
05/08/2012,HRL,TX,ASW,CE,Federal Contract Tower,32,10,17,2,61,0,0,20,0,20,32,10,37,2,81,22,40,62,143
05/09/2012,HRL,TX,ASW,CE,Federal Contract Tower,27,11,9,10,57,0,0,16,0,16,27,11,25,10,73,40,0,40,113
05/10/2012,HRL,TX,ASW,CE,Federal Contract Tower,29,12,4,0,45,0,0,22,0,22,29,12,26,0,67,2,0,2,69
05/11/2012,HRL,TX,ASW,CE,Federal Contract Tower,31,13,6,0,50,0,0,27,0,27,31,13,33,0,77,40,0,40,117
05/12/2012,HRL,TX,ASW,CE,Federal Contract Tower,13,8,6,3,30,0,0,8,1,9,13,8,14,4,39,20,10,30,69
05/13/2012,HRL,TX,ASW,CE,Federal Contract Tower,13,8,8,0,29,0,0,14,4,18,13,8,22,4,47,20,10,30,77
05/14/2012,HRL,TX,ASW,CE,Federal Contract Tower,28,12,10,25,75,0,0,30,3,33,28,12,40,28,108,64,8,72,180
05/15/2012,HRL,TX,ASW,CE,Federal Contract Tower,25,15,3,19,62,0,0,30,0,30,25,15,33,19,92,30,78,108,200
05/16/2012,HRL,TX,ASW,CE,Federal Contract Tower,25,12,19,6,62,0,0,46,2,48,25,12,65,8,110,50,4,54,164
05/17/2012,HRL,TX,ASW,CE,Federal Contract Tower,27,12,14,23,76,0,0,34,6,40,27,12,48,29,116,24,38,62,178
05/18/2012,HRL,TX,ASW,CE,Federal Contract Tower,27,13,8,4,52,0,0,27,2,29,27,13,35,6,81,26,0,26,107
05/19/2012,HRL,TX,ASW,CE,Federal Contract Tower,17,7,2,4,30,0,0,28,1,29,17,7,30,5,59,56,24,80,139
05/20/2012,HRL,TX,ASW,CE,Federal Contract Tower,13,8,3,2,26,0,0,15,0,15,13,8,18,2,41,46,0,46,87
05/21/2012,HRL,TX,ASW,CE,Federal Contract Tower,32,8,19,19,78,0,0,20,4,24,32,8,39,23,102,2,8,10,112
05/22/2012,HRL,TX,ASW,CE,Federal Contract Tower,30,9,11,23,73,0,0,35,3,38,30,9,46,26,111,0,12,12,123
05/23/2012,HRL,TX,ASW,CE,Federal Contract Tower,24,8,21,9,62,0,0,37,3,40,24,8,58,12,102,22,48,70,172
05/24/2012,HRL,TX,ASW,CE,Federal Contract Tower,25,13,8,11,57,0,0,22,2,24,25,13,30,13,81,6,14,20,101
05/25/2012,HRL,TX,ASW,CE,Federal Contract Tower,33,12,17,4,66,0,0,20,1,21,33,12,37,5,87,4,2,6,93
05/26/2012,HRL,TX,ASW,CE,Federal Contract Tower,18,8,7,2,35,0,0,8,0,8,18,8,15,2,43,4,0,4,47
05/27/2012,HRL,TX,ASW,CE,Federal Contract Tower,12,6,5,3,26,0,0,7,1,8,12,6,12,4,34,4,0,4,38
05/28/2012,HRL,TX,ASW,CE,Federal Contract Tower,20,8,6,1,35,0,0,19,6,25,20,8,25,7,60,6,0,6,66
05/29/2012,HRL,TX,ASW,CE,Federal Contract Tower,33,14,5,13,65,0,1,20,7,28,33,15,25,20,93,6,56,62,155
05/30/2012,HRL,TX,ASW,CE,Federal Contract Tower,27,8,11,7,53,0,0,22,5,27,27,8,33,12,80,10,132,142,222
05/31/2012,HRL,TX,ASW,CE,Federal Contract Tower,24,17,6,6,53,0,0,25,4,29,24,17,31,10,82,4,44,48,130
06/01/2012,HRL,TX,ASW,CE,Federal Contract Tower,29,10,10,13,62,0,0,13,5,18,29,10,23,18,80,0,28,28,108
06/02/2012,HRL,TX,ASW,CE,Federal Contract Tower,15,8,1,5,29,0,0,3,1,4,15,8,4,6,33,0,80,80,113
06/03/2012,HRL,TX,ASW,CE,Federal Contract Tower,15,11,8,9,43,0,0,3,6,9,15,11,11,15,52,2,18,20,72
06/04/2012,HRL,TX,ASW,CE,Federal Contract Tower,28,11,10,18,67,0,0,23,9,32,28,11,33,27,99,4,10,14,113
06/05/2012,HRL,TX,ASW,CE,Federal Contract Tower,31,13,4,10,58,0,2,25,4,31,31,15,29,14,89,6,10,16,105
06/06/2012,HRL,TX,ASW,CE,Federal Contract Tower,23,17,12,16,68,30,0,22,10,62,53,17,34,26,130,6,86,92,222
06/07/2012,HRL,TX,ASW,CE,Federal Contract Tower,28,10,15,10,63,0,0,28,5,33,28,10,43,15,96,4,78,82,178
06/08/2012,HRL,TX,ASW,CE,Federal Contract Tower,28,12,10,3,53,0,0,13,5,18,28,12,23,8,71,4,0,4,75
06/09/2012,HRL,TX,ASW,CE,Federal Contract Tower,13,8,2,2,25,0,0,9,4,13,13,8,11,6,38,2,0,2,40
06/10/2012,HRL,TX,ASW,CE,Federal Contract Tower,14,9,5,1,29,0,0,14,7,21,14,9,19,8,50,0,8,8,58
06/11/2012,HRL,TX,ASW,CE,Federal Contract Tower,34,10,11,9,64,2,1,20,11,34,36,11,31,20,98,0,80,80,178
06/12/2012,HRL,TX,ASW,CE,Federal Contract Tower,25,8,15,14,62,0,0,21,9,30,25,8,36,23,92,0,94,94,186
06/13/2012,HRL,TX,ASW,CE,Federal Contract Tower,28,9,12,16,65,0,0,32,12,44,28,9,44,28,109,4,106,110,219
06/14/2012,HRL,TX,ASW,CE,Federal Contract Tower,26,13,16,8,63,0,0,12,6,18,26,13,28,14,81,4,42,46,127
06/15/2012,HRL,TX,ASW,CE,Federal Contract Tower,28,9,5,14,56,0,1,22,6,29,28,10,27,20,85,4,50,54,139
06/16/2012,HRL,TX,ASW,CE,Federal Contract Tower,19,10,6,4,39,0,0,6,6,12,19,10,12,10,51,4,36,40,91
06/17/2012,HRL,TX,ASW,CE,Federal Contract Tower,18,11,5,1,35,0,0,4,8,12,18,11,9,9,47,10,30,40,87
06/18/2012,HRL,TX,ASW,CE,Federal Contract Tower,26,13,12,1,52,0,0,14,20,34,26,13,26,21,86,14,62,76,162
06/19/2012,HRL,TX,ASW,CE,Federal Contract Tower,28,13,8,8,57,0,0,25,7,32,28,13,33,15,89,4,62,66,155
06/20/2012,HRL,TX,ASW,CE,Federal Contract Tower,26,12,7,4,49,0,1,29,3,33,26,13,36,7,82,4,58,62,144
06/21/2012,HRL,TX,ASW,CE,Federal Contract Tower,32,12,13,3,60,0,0,25,5,30,32,12,38,8,90,20,0,20,110
06/22/2012,HRL,TX,ASW,CE,Federal Contract Tower,29,11,6,4,50,0,0,19,7,26,29,11,25,11,76,4,56,60,136
06/23/2012,HRL,TX,ASW,CE,Federal Contract Tower,18,7,0,5,30,0,0,17,8,25,18,7,17,13,55,4,6,10,65
06/24/2012,HRL,TX,ASW,CE,Federal Contract Tower,14,9,0,3,26,0,0,12,11,23,14,9,12,14,49,0,0,0,49
06/25/2012,HRL,TX,ASW,CE,Federal Contract Tower,29,11,14,9,63,0,0,17,13,30,29,11,31,22,93,4,12,16,109
06/26/2012,HRL,TX,ASW,CE,Federal Contract Tower,28,9,9,13,59,0,0,36,8,44,28,9,45,21,103,4,58,62,165
06/27/2012,HRL,TX,ASW,CE,Federal Contract Tower,26,10,11,14,61,0,0,30,11,41,26,10,41,25,102,2,74,76,178
06/28/2012,HRL,TX,ASW,CE,Federal Contract Tower,26,15,21,10,72,0,0,13,7,20,26,15,34,17,92,8,54,62,154
06/29/2012,HRL,TX,ASW,CE,Federal Contract Tower,29,13,2,10,54,0,0,20,7,27,29,13,22,17,81,4,18,22,103
06/30/2012,HRL,TX,ASW,CE,Federal Contract Tower,17,7,7,0,31,0,0,3,0,3,17,7,10,0,34,4,0,4,38
07/01/2012,HRL,TX,ASW,CE,Federal Contract Tower,16,9,6,8,39,0,0,1,0,1,16,9,7,8,40,0,0,0,40
07/02/2012,HRL,TX,ASW,CE,Federal Contract Tower,26,12,19,19,76,0,0,17,2,19,26,12,36,21,95,14,34,48,143
07/03/2012,HRL,TX,ASW,CE,Federal Contract Tower,25,11,12,3,51,0,0,57,4,61,25,11,69,7,112,4,2,6,118
07/04/2012,HRL,TX,ASW,CE,Federal Contract Tower,14,7,2,2,25,0,0,56,1,57,14,7,58,3,82,2,10,12,94
07/05/2012,HRL,TX,ASW,CE,Federal Contract Tower,24,13,12,8,57,0,0,60,4,64,24,13,72,12,121,2,14,16,137
07/06/2012,HRL,TX,ASW,CE,Federal Contract Tower,33,8,8,9,58,0,0,45,2,47,33,8,53,11,105,4,16,20,125
07/07/2012,HRL,TX,ASW,CE,Federal Contract Tower,16,4,7,0,27,0,0,6,1,7,16,4,13,1,34,0,0,0,34
07/08/2012,HRL,TX,ASW,CE,Federal Contract Tower,16,7,2,1,26,0,0,37,5,42,16,7,39,6,68,0,6,6,74
07/09/2012,HRL,TX,ASW,CE,Federal Contract Tower,27,13,14,40,94,0,0,53,9,62,27,13,67,49,156,2,104,106,262
07/10/2012,HRL,TX,ASW,CE,Federal Contract Tower,26,8,7,34,75,0,0,49,3,52,26,8,56,37,127,4,90,94,221
07/11/2012,HRL,TX,ASW,CE,Federal Contract Tower,30,11,8,32,81,0,0,56,3,59,30,11,64,35,140,14,102,116,256
07/12/2012,HRL,TX,ASW,CE,Federal Contract Tower,31,17,5,9,62,0,0,46,2,48,31,17,51,11,110,6,22,28,138
07/13/2012,HRL,TX,ASW,CE,Federal Contract Tower,31,8,10,24,73,0,0,37,4,41,31,8,47,28,114,8,16,24,138
07/14/2012,HRL,TX,ASW,CE,Federal Contract Tower,15,7,2,0,24,0,0,13,4,17,15,7,15,4,41,4,0,4,45
07/15/2012,HRL,TX,ASW,CE,Federal Contract Tower,16,7,2,0,25,0,0,5,2,7,16,7,7,2,32,0,0,0,32
07/16/2012,HRL,TX,ASW,CE,Federal Contract Tower,28,12,10,13,63,0,0,15,5,20,28,12,25,18,83,14,70,84,167
07/17/2012,HRL,TX,ASW,CE,Federal Contract Tower,36,8,9,16,69,0,0,20,6,26,36,8,29,22,95,22,28,50,145
07/18/2012,HRL,TX,ASW,CE,Federal Contract Tower,28,12,14,12,66,0,0,27,6,33,28,12,41,18,99,8,58,66,165
07/19/2012,HRL,TX,ASW,CE,Federal Contract Tower,26,12,8,0,46,0,0,37,2,39,26,12,45,2,85,32,46,78,163
07/20/2012,HRL,TX,ASW,CE,Federal Contract Tower,31,11,7,4,53,0,0,30,1,31,31,11,37,5,84,14,40,54,138
07/21/2012,HRL,TX,ASW,CE,Federal Contract Tower,17,7,3,0,27,0,0,10,4,14,17,7,13,4,41,0,0,0,41
07/22/2012,HRL,TX,ASW,CE,Federal Contract Tower,16,7,3,5,31,0,0,3,7,10,16,7,6,12,41,0,34,34,75
07/23/2012,HRL,TX,ASW,CE,Federal Contract Tower,30,11,11,14,66,0,0,20,10,30,30,11,31,24,96,12,55,67,163
07/24/2012,HRL,TX,ASW,CE,Federal Contract Tower,33,11,12,7,63,0,0,21,7,28,33,11,33,14,91,10,96,106,197
07/25/2012,HRL,TX,ASW,CE,Federal Contract Tower,24,11,15,14,64,0,0,42,11,53,24,11,57,25,117,10,6,16,133
07/26/2012,HRL,TX,ASW,CE,Federal Contract Tower,28,14,13,6,61,0,1,34,7,42,28,15,47,13,103,8,82,90,193
07/27/2012,HRL,TX,ASW,CE,Federal Contract Tower,29,11,25,8,73,0,0,30,3,33,29,11,55,11,106,24,4,28,134
07/28/2012,HRL,TX,ASW,CE,Federal Contract Tower,12,4,5,11,32,0,0,7,2,9,12,4,12,13,41,0,36,36,77
07/29/2012,HRL,TX,ASW,CE,Federal Contract Tower,15,7,4,4,30,0,0,11,3,14,15,7,15,7,44,20,42,62,106
07/30/2012,HRL,TX,ASW,CE,Federal Contract Tower,32,12,4,17,65,0,0,23,2,25,32,12,27,19,90,28,60,88,178
07/31/2012,HRL,TX,ASW,CE,Federal Contract Tower,36,8,7,3,54,0,2,23,13,38,36,10,30,16,92,64,40,104,196
08/01/2012,HRL,TX,ASW,CE,Federal Contract Tower,24,9,13,34,80,0,1,19,4,24,24,10,32,38,104,42,22,64,168
08/02/2012,HRL,TX,ASW,CE,Federal Contract Tower,25,9,12,9,55,6,1,34,8,49,31,10,46,17,104,12,82,94,198
08/03/2012,HRL,TX,ASW,CE,Federal Contract Tower,32,9,5,0,46,0,0,18,2,20,32,9,23,2,66,14,0,14,80
08/04/2012,HRL,TX,ASW,CE,Federal Contract Tower,17,7,6,3,33,0,0,15,2,17,17,7,21,5,50,8,0,8,58
08/05/2012,HRL,TX,ASW,CE,Federal Contract Tower,17,6,7,0,30,0,0,6,2,8,17,6,13,2,38,0,0,0,38
08/06/2012,HRL,TX,ASW,CE,Federal Contract Tower,33,8,17,3,61,0,1,13,6,20,33,9,30,9,81,18,0,18,99
08/07/2012,HRL,TX,ASW,CE,Federal Contract Tower,31,8,8,21,68,0,0,23,8,31,31,8,31,29,99,30,12,42,141
08/08/2012,HRL,TX,ASW,CE,Federal Contract Tower,24,7,12,15,58,0,3,27,8,38,24,10,39,23,96,18,20,38,134
08/09/2012,HRL,TX,ASW,CE,Federal Contract Tower,29,8,8,4,49,0,5,24,1,30,29,13,32,5,79,48,12,60,139
08/10/2012,HRL,TX,ASW,CE,Federal Contract Tower,35,19,18,1,73,0,1,36,10,47,35,20,54,11,120,32,2,34,154
08/11/2012,HRL,TX,ASW,CE,Federal Contract Tower,16,5,3,8,32,0,0,7,4,11,16,5,10,12,43,4,12,16,59
08/12/2012,HRL,TX,ASW,CE,Federal Contract Tower,12,8,7,2,29,0,0,11,3,14,12,8,18,5,43,14,16,30,73
08/13/2012,HRL,TX,ASW,CE,Federal Contract Tower,28,9,7,20,64,0,0,8,10,18,28,9,15,30,82,14,54,68,150
08/14/2012,HRL,TX,ASW,CE,Federal Contract Tower,27,5,10,3,45,0,3,15,11,29,27,8,25,14,74,46,54,100,174
08/15/2012,HRL,TX,ASW,CE,Federal Contract Tower,29,5,7,8,49,0,2,24,7,33,29,7,31,15,82,4,54,58,140
08/16/2012,HRL,TX,ASW,CE,Federal Contract Tower,29,9,4,3,45,0,2,26,2,30,29,11,30,5,75,72,6,78,153
08/17/2012,HRL,TX,ASW,CE,Federal Contract Tower,31,7,8,10,56,0,4,24,5,33,31,11,32,15,89,34,8,42,131
08/18/2012,HRL,TX,ASW,CE,Federal Contract Tower,11,5,3,2,21,0,0,29,6,35,11,5,32,8,56,34,4,38,94
08/19/2012,HRL,TX,ASW,CE,Federal Contract Tower,16,6,1,0,23,0,0,9,3,12,16,6,10,3,35,0,4,4,39
08/20/2012,HRL,TX,ASW,CE,Federal Contract Tower,31,10,4,12,57,0,2,18,4,24,31,12,22,16,81,8,40,48,129
08/21/2012,HRL,TX,ASW,CE,Federal Contract Tower,26,6,6,11,49,0,4,28,8,40,26,10,34,19,89,41,18,59,148
08/22/2012,HRL,TX,ASW,CE,Federal Contract Tower,29,8,6,3,46,0,4,21,6,31,29,12,27,9,77,80,48,128,205
08/23/2012,HRL,TX,ASW,CE,Federal Contract Tower,29,9,9,0,47,0,3,29,8,40,29,12,38,8,87,42,70,112,199
08/24/2012,HRL,TX,ASW,CE,Federal Contract Tower,33,11,7,18,69,0,10,22,6,38,33,21,29,24,107,54,0,54,161
08/25/2012,HRL,TX,ASW,CE,Federal Contract Tower,11,7,1,2,21,0,0,17,4,21,11,7,18,6,42,18,2,20,62
08/26/2012,HRL,TX,ASW,CE,Federal Contract Tower,16,7,1,2,26,0,0,15,6,21,16,7,16,8,47,22,36,58,105
08/27/2012,HRL,TX,ASW,CE,Federal Contract Tower,26,7,9,21,63,0,2,55,1,58,26,9,64,22,121,24,82,106,227
08/28/2012,HRL,TX,ASW,CE,Federal Contract Tower,36,5,1,7,49,0,2,28,40,70,36,7,29,47,119,56,40,96,215
08/29/2012,HRL,TX,ASW,CE,Federal Contract Tower,25,9,10,5,49,0,0,20,6,26,25,9,30,11,75,2,38,40,115
08/30/2012,HRL,TX,ASW,CE,Federal Contract Tower,28,9,12,6,55,0,2,21,4,27,28,11,33,10,82,56,12,68,150
08/31/2012,HRL,TX,ASW,CE,Federal Contract Tower,28,8,5,1,42,0,2,11,4,17,28,10,16,5,59,50,0,50,109
09/01/2012,HRL,TX,ASW,CE,Federal Contract Tower,12,5,3,0,20,0,0,11,3,14,12,5,14,3,34,20,0,20,54
09/02/2012,HRL,TX,ASW,CE,Federal Contract Tower,14,7,0,3,24,0,1,25,2,28,14,8,25,5,52,48,0,48,100
09/03/2012,HRL,TX,ASW,CE,Federal Contract Tower,22,4,5,0,31,0,0,32,4,36,22,4,37,4,67,16,0,16,83
09/04/2012,HRL,TX,ASW,CE,Federal Contract Tower,27,6,8,4,45,0,3,30,3,36,27,9,38,7,81,32,24,56,137
09/05/2012,HRL,TX,ASW,CE,Federal Contract Tower,29,6,5,20,60,0,2,30,9,41,29,8,35,29,101,6,62,68,169
09/06/2012,HRL,TX,ASW,CE,Federal Contract Tower,27,7,28,11,73,0,5,25,8,38,27,12,53,19,111,12,80,92,203
09/07/2012,HRL,TX,ASW,CE,Federal Contract Tower,30,11,11,14,66,0,4,19,2,25,30,15,30,16,91,4,0,4,95
09/08/2012,HRL,TX,ASW,CE,Federal Contract Tower,10,5,7,6,28,0,0,16,8,24,10,5,23,14,52,12,0,12,64
09/09/2012,HRL,TX,ASW,CE,Federal Contract Tower,16,6,5,0,27,0,0,11,4,15,16,6,16,4,42,8,0,8,50
09/10/2012,HRL,TX,ASW,CE,Federal Contract Tower,30,8,8,11,57,0,2,19,7,28,30,10,27,18,85,14,44,58,143
09/11/2012,HRL,TX,ASW,CE,Federal Contract Tower,32,7,7,16,62,0,0,29,9,38,32,7,36,25,100,12,18,30,130
09/12/2012,HRL,TX,ASW,CE,Federal Contract Tower,28,6,7,6,47,0,4,24,7,35,28,10,31,13,82,12,114,126,208
09/13/2012,HRL,TX,ASW,CE,Federal Contract Tower,31,11,7,12,61,0,2,15,3,20,31,13,22,15,81,18,14,32,113
09/14/2012,HRL,TX,ASW,CE,Federal Contract Tower,31,10,6,1,48,0,1,13,2,16,31,11,19,3,64,4,0,4,68
09/15/2012,HRL,TX,ASW,CE,Federal Contract Tower,10,6,2,0,18,0,0,9,2,11,10,6,11,2,29,8,0,8,37
09/16/2012,HRL,TX,ASW,CE,Federal Contract Tower,14,9,1,5,29,0,0,13,2,15,14,9,14,7,44,10,6,16,60
09/17/2012,HRL,TX,ASW,CE,Federal Contract Tower,25,12,5,15,57,0,0,25,3,28,25,12,30,18,85,22,42,64,149
09/18/2012,HRL,TX,ASW,CE,Federal Contract Tower,35,5,7,17,64,0,2,13,14,29,35,7,20,31,93,22,52,74,167
09/19/2012,HRL,TX,ASW,CE,Federal Contract Tower,23,6,8,32,69,0,2,34,3,39,23,8,42,35,108,2,58,60,168
09/20/2012,HRL,TX,ASW,CE,Federal Contract Tower,28,10,3,16,57,0,0,28,12,40,28,10,31,28,97,4,82,86,183
09/21/2012,HRL,TX,ASW,CE,Federal Contract Tower,35,8,7,5,55,1,4,29,9,43,36,12,36,14,98,6,0,6,104
09/22/2012,HRL,TX,ASW,CE,Federal Contract Tower,8,5,6,0,19,0,0,25,2,27,8,5,31,2,46,28,0,28,74
09/23/2012,HRL,TX,ASW,CE,Federal Contract Tower,16,14,5,0,35,0,0,14,3,17,16,14,19,3,52,12,0,12,64
09/24/2012,HRL,TX,ASW,CE,Federal Contract Tower,28,7,12,19,66,0,0,25,6,31,28,7,37,25,97,46,70,116,213
09/25/2012,HRL,TX,ASW,CE,Federal Contract Tower,31,4,4,12,51,0,2,29,0,31,31,6,33,12,82,42,10,52,134
09/26/2012,HRL,TX,ASW,CE,Federal Contract Tower,24,7,8,5,44,0,3,19,10,32,24,10,27,15,76,40,102,142,218
09/27/2012,HRL,TX,ASW,CE,Federal Contract Tower,27,12,13,6,58,0,1,26,4,31,27,13,39,10,89,6,30,36,125
09/28/2012,HRL,TX,ASW,CE,Federal Contract Tower,29,11,8,6,54,0,0,5,4,9,29,11,13,10,63,16,0,16,79
09/29/2012,HRL,TX,ASW,CE,Federal Contract Tower,10,5,2,0,17,0,0,20,3,23,10,5,22,3,40,4,0,4,44
09/30/2012,HRL,TX,ASW,CE,Federal Contract Tower,16,8,2,0,26,0,0,27,0,27,16,8,29,0,53,2,0,2,55
10/01/2012,HRL,TX,ASW,CE,Federal Contract Tower,28,16,16,8,68,0,2,33,7,42,28,18,49,15,110,28,66,94,204
10/02/2012,HRL,TX,ASW,CE,Federal Contract Tower,29,13,2,15,59,0,9,20,7,36,29,22,22,22,95,40,92,132,227
10/03/2012,HRL,TX,ASW,CE,Federal Contract Tower,27,6,10,20,63,0,1,33,5,39,27,7,43,25,102,2,6,8,110
10/04/2012,HRL,TX,ASW,CE,Federal Contract Tower,28,9,12,9,58,0,3,30,5,38,28,12,42,14,96,44,12,56,152
10/05/2012,HRL,TX,ASW,CE,Federal Contract Tower,32,10,7,6,55,0,1,16,1,18,32,11,23,7,73,4,0,4,77
10/06/2012,HRL,TX,ASW,CE,Federal Contract Tower,13,6,4,8,31,0,0,21,3,24,13,6,25,11,55,7,0,7,62
10/07/2012,HRL,TX,ASW,CE,Federal Contract Tower,14,7,6,0,27,0,0,2,0,2,14,7,8,0,29,0,0,0,29
10/08/2012,HRL,TX,ASW,CE,Federal Contract Tower,21,6,14,4,45,0,0,19,3,22,21,6,33,7,67,36,20,56,123
10/09/2012,HRL,TX,ASW,CE,Federal Contract Tower,27,11,13,20,71,0,0,36,5,41,27,11,49,25,112,38,54,92,204
10/10/2012,HRL,TX,ASW,CE,Federal Contract Tower,33,11,6,21,71,0,2,35,2,39,33,13,41,23,110,30,50,80,190
10/11/2012,HRL,TX,ASW,CE,Federal Contract Tower,29,12,15,27,83,0,2,25,5,32,29,14,40,32,115,22,104,126,241
10/12/2012,HRL,TX,ASW,CE,Federal Contract Tower,32,7,8,12,59,0,2,20,1,23,32,9,28,13,82,50,14,64,146
10/13/2012,HRL,TX,ASW,CE,Federal Contract Tower,13,5,1,6,25,0,0,20,2,22,13,5,21,8,47,4,6,10,57
10/14/2012,HRL,TX,ASW,CE,Federal Contract Tower,17,7,6,6,36,0,0,21,5,26,17,7,27,11,62,20,18,38,100
10/15/2012,HRL,TX,ASW,CE,Federal Contract Tower,31,10,12,18,71,0,0,19,3,22,31,10,31,21,93,14,77,91,184
10/16/2012,HRL,TX,ASW,CE,Federal Contract Tower,31,8,6,24,69,0,1,29,7,37,31,9,35,31,106,40,70,110,216
10/17/2012,HRL,TX,ASW,CE,Federal Contract Tower,32,7,7,17,63,0,2,30,8,40,32,9,37,25,103,30,62,92,195
10/18/2012,HRL,TX,ASW,CE,Federal Contract Tower,28,9,1,6,44,0,0,32,2,34,28,9,33,8,78,30,10,40,118
10/19/2012,HRL,TX,ASW,CE,Federal Contract Tower,32,9,9,24,74,0,1,21,4,26,32,10,30,28,100,4,4,8,108
10/20/2012,HRL,TX,ASW,CE,Federal Contract Tower,12,4,0,1,17,0,0,27,4,31,12,4,27,5,48,46,0,46,94
10/21/2012,HRL,TX,ASW,CE,Federal Contract Tower,17,7,1,1,26,0,0,24,0,24,17,7,25,1,50,22,0,22,72
10/22/2012,HRL,TX,ASW,CE,Federal Contract Tower,29,12,8,23,72,0,0,13,1,14,29,12,21,24,86,24,84,108,194
10/23/2012,HRL,TX,ASW,CE,Federal Contract Tower,31,9,4,17,61,0,2,32,4,38,31,11,36,21,99,28,22,50,149
10/24/2012,HRL,TX,ASW,CE,Federal Contract Tower,26,6,14,23,69,0,3,25,3,31,26,9,39,26,100,28,0,28,128
10/25/2012,HRL,TX,ASW,CE,Federal Contract Tower,27,10,9,19,65,0,1,41,8,50,27,11,50,27,115,4,18,22,137
10/26/2012,HRL,TX,ASW,CE,Federal Contract Tower,39,8,14,4,65,0,0,11,2,13,39,8,25,6,78,12,0,12,90
10/27/2012,HRL,TX,ASW,CE,Federal Contract Tower,14,6,0,10,30,0,0,17,3,20,14,6,17,13,50,18,0,18,68
10/28/2012,HRL,TX,ASW,CE,Federal Contract Tower,15,7,10,10,42,0,0,21,6,27,15,7,31,16,69,82,0,82,151
10/29/2012,HRL,TX,ASW,CE,Federal Contract Tower,27,8,16,17,68,0,1,23,4,28,27,9,39,21,96,12,2,14,110
10/30/2012,HRL,TX,ASW,CE,Federal Contract Tower,32,7,6,24,69,0,2,20,4,26,32,9,26,28,95,28,32,60,155
10/31/2012,HRL,TX,ASW,CE,Federal Contract Tower,30,12,18,8,68,0,2,21,8,31,30,14,39,16,99,18,64,82,181
11/01/2012,HRL,TX,ASW,CE,Federal Contract Tower,27,13,12,17,69,0,1,25,8,34,27,14,37,25,103,34,12,46,149
11/02/2012,HRL,TX,ASW,CE,Federal Contract Tower,34,9,4,3,50,0,3,25,8,36,34,12,29,11,86,8,2,10,96
11/03/2012,HRL,TX,ASW,CE,Federal Contract Tower,12,6,3,1,22,0,0,29,4,33,12,6,32,5,55,22,0,22,77
11/04/2012,HRL,TX,ASW,CE,Federal Contract Tower,16,10,5,1,32,0,0,7,2,9,16,10,12,3,41,6,0,6,47
11/05/2012,HRL,TX,ASW,CE,Federal Contract Tower,31,12,19,19,81,0,0,33,8,41,31,12,52,27,122,62,10,72,194
11/06/2012,HRL,TX,ASW,CE,Federal Contract Tower,33,9,6,11,59,0,2,24,12,38,33,11,30,23,97,9,38,47,144
11/07/2012,HRL,TX,ASW,CE,Federal Contract Tower,27,8,15,15,65,0,3,24,7,34,27,11,39,22,99,42,38,80,179
11/08/2012,HRL,TX,ASW,CE,Federal Contract Tower,23,10,8,19,60,0,2,20,9,31,23,12,28,28,91,12,50,62,153
11/09/2012,HRL,TX,ASW,CE,Federal Contract Tower,36,7,10,2,55,0,0,23,8,31,36,7,33,10,86,9,0,9,95
11/10/2012,HRL,TX,ASW,CE,Federal Contract Tower,12,9,5,0,26,0,0,23,5,28,12,9,28,5,54,4,0,4,58
11/11/2012,HRL,TX,ASW,CE,Federal Contract Tower,20,7,2,0,29,0,0,10,1,11,20,7,12,1,40,0,0,0,40
11/12/2012,HRL,TX,ASW,CE,Federal Contract Tower,29,6,7,0,42,0,0,13,5,18,29,6,20,5,60,26,12,38,98
11/13/2012,HRL,TX,ASW,CE,Federal Contract Tower,33,7,5,18,63,0,0,23,2,25,33,7,28,20,88,14,12,26,114
11/14/2012,HRL,TX,ASW,CE,Federal Contract Tower,24,12,10,18,64,0,0,27,6,33,24,12,37,24,97,56,46,102,199
11/15/2012,HRL,TX,ASW,CE,Federal Contract Tower,28,14,10,32,84,0,5,18,2,25,28,19,28,34,109,24,30,54,163
11/16/2012,HRL,TX,ASW,CE,Federal Contract Tower,33,10,16,16,75,0,0,17,2,19,33,10,33,18,94,0,10,10,104
11/17/2012,HRL,TX,ASW,CE,Federal Contract Tower,15,6,1,0,22,0,0,9,2,11,15,6,10,2,33,0,0,0,33
11/18/2012,HRL,TX,ASW,CE,Federal Contract Tower,19,6,4,2,31,0,0,6,2,8,19,6,10,4,39,0,0,0,39
11/19/2012,HRL,TX,ASW,CE,Federal Contract Tower,39,11,7,7,64,3,0,10,4,17,42,11,17,11,81,6,12,18,99
11/20/2012,HRL,TX,ASW,CE,Federal Contract Tower,27,9,7,14,57,0,2,11,7,20,27,11,18,21,77,4,16,20,97
11/21/2012,HRL,TX,ASW,CE,Federal Contract Tower,27,15,7,6,55,0,2,14,3,19,27,17,21,9,74,4,0,4,78
11/22/2012,HRL,TX,ASW,CE,Federal Contract Tower,14,5,0,0,19,0,0,13,1,14,14,5,13,1,33,4,0,4,37
11/23/2012,HRL,TX,ASW,CE,Federal Contract Tower,37,11,3,1,52,0,0,9,2,11,37,11,12,3,63,4,0,4,67
11/24/2012,HRL,TX,ASW,CE,Federal Contract Tower,18,9,4,2,33,0,0,16,3,19,18,9,20,5,52,6,2,8,60
11/25/2012,HRL,TX,ASW,CE,Federal Contract Tower,19,12,16,2,49,0,0,9,4,13,19,12,25,6,62,16,0,16,78
11/26/2012,HRL,TX,ASW,CE,Federal Contract Tower,32,10,5,20,67,0,1,22,2,25,32,11,27,22,92,34,75,109,201
11/27/2012,HRL,TX,ASW,CE,Federal Contract Tower,34,6,1,19,60,0,4,13,8,25,34,10,14,27,85,2,34,36,121
11/28/2012,HRL,TX,ASW,CE,Federal Contract Tower,33,8,13,10,64,0,0,31,5,36,33,8,44,15,100,10,58,68,168
11/29/2012,HRL,TX,ASW,CE,Federal Contract Tower,28,10,12,11,61,0,2,39,5,46,28,12,51,16,107,38,132,170,277
11/30/2012,HRL,TX,ASW,CE,Federal Contract Tower,36,13,10,10,69,0,2,16,7,25,36,15,26,17,94,34,90,124,218
12/01/2012,HRL,TX,ASW,CE,Federal Contract Tower,17,6,1,3,27,0,0,16,5,21,17,6,17,8,48,24,2,26,74
12/02/2012,HRL,TX,ASW,CE,Federal Contract Tower,20,10,9,8,47,0,0,25,4,29,20,10,34,12,76,36,16,52,128
12/03/2012,HRL,TX,ASW,CE,Federal Contract Tower,30,7,11,6,54,0,0,32,5,37,30,7,43,11,91,48,88,136,227
12/04/2012,HRL,TX,ASW,CE,Federal Contract Tower,28,10,5,22,65,0,0,26,5,31,28,10,31,27,96,4,108,112,208
12/05/2012,HRL,TX,ASW,CE,Federal Contract Tower,29,10,10,12,61,0,0,24,0,24,29,10,34,12,85,26,38,64,149
12/06/2012,HRL,TX,ASW,CE,Federal Contract Tower,27,9,11,11,58,0,2,25,0,27,27,11,36,11,85,6,16,22,107
12/07/2012,HRL,TX,ASW,CE,Federal Contract Tower,28,12,10,7,57,0,1,23,1,25,28,13,33,8,82,16,42,58,140
12/08/2012,HRL,TX,ASW,CE,Federal Contract Tower,18,8,4,2,32,0,0,12,0,12,18,8,16,2,44,18,0,18,62
12/09/2012,HRL,TX,ASW,CE,Federal Contract Tower,21,15,6,0,42,0,0,19,0,19,21,15,25,0,61,38,0,38,99
12/10/2012,HRL,TX,ASW,CE,Federal Contract Tower,30,6,17,27,80,0,0,15,0,15,30,6,32,27,95,0,30,30,125
12/11/2012,HRL,TX,ASW,CE,Federal Contract Tower,35,10,9,9,63,0,0,17,0,17,35,10,26,9,80,26,40,66,146
12/12/2012,HRL,TX,ASW,CE,Federal Contract Tower,30,10,8,12,60,0,3,32,1,36,30,13,40,13,96,6,44,50,146
12/13/2012,HRL,TX,ASW,CE,Federal Contract Tower,34,11,14,3,62,0,0,27,1,28,34,11,41,4,90,2,60,62,152
12/14/2012,HRL,TX,ASW,CE,Federal Contract Tower,32,15,8,7,62,0,0,9,2,11,32,15,17,9,73,22,114,136,209
12/15/2012,HRL,TX,ASW,CE,Federal Contract Tower,14,6,0,2,22,0,0,16,0,16,14,6,16,2,38,42,2,44,82
12/16/2012,HRL,TX,ASW,CE,Federal Contract Tower,21,10,6,3,40,0,0,10,2,12,21,10,16,5,52,60,4,64,116
12/17/2012,HRL,TX,ASW,CE,Federal Contract Tower,30,11,5,34,80,0,1,14,0,15,30,12,19,34,95,2,88,90,185
12/18/2012,HRL,TX,ASW,CE,Federal Contract Tower,36,12,5,18,71,0,0,30,3,33,36,12,35,21,104,4,92,96,200
12/19/2012,HRL,TX,ASW,CE,Federal Contract Tower,30,11,8,13,62,0,0,11,1,12,30,11,19,14,74,0,162,162,236
12/20/2012,HRL,TX,ASW,CE,Federal Contract Tower,33,11,7,7,58,0,4,14,2,20,33,15,21,9,78,0,52,52,130
12/21/2012,HRL,TX,ASW,CE,Federal Contract Tower,38,8,7,3,56,0,1,28,0,29,38,9,35,3,85,12,0,12,97
12/22/2012,HRL,TX,ASW,CE,Federal Contract Tower,22,8,4,2,36,0,0,4,0,4,22,8,8,2,40,10,2,12,52
12/23/2012,HRL,TX,ASW,CE,Federal Contract Tower,22,7,0,0,29,0,0,6,0,6,22,7,6,0,35,0,0,0,35
12/24/2012,HRL,TX,ASW,CE,Federal Contract Tower,21,6,5,0,32,0,1,10,0,11,21,7,15,0,43,2,0,2,45
12/25/2012,HRL,TX,ASW,CE,Federal Contract Tower,14,13,2,3,32,0,0,3,0,3,14,13,5,3,35,2,0,2,37
12/26/2012,HRL,TX,ASW,CE,Federal Contract Tower,25,12,9,2,48,0,1,15,0,16,25,13,24,2,64,16,0,16,80
12/27/2012,HRL,TX,ASW,CE,Federal Contract Tower,27,13,2,2,44,0,0,17,0,17,27,13,19,2,61,4,2,6,67
12/28/2012,HRL,TX,ASW,CE,Federal Contract Tower,29,8,8,1,46,0,0,15,0,15,29,8,23,1,61,0,0,0,61
12/29/2012,HRL,TX,ASW,CE,Federal Contract Tower,13,6,4,2,25,0,0,8,0,8,13,6,12,2,33,4,0,4,37
12/30/2012,HRL,TX,ASW,CE,Federal Contract Tower,20,11,2,0,33,0,0,2,0,2,20,11,4,0,35,0,0,0,35
12/31/2012,HRL,TX,ASW,CE,Federal Contract Tower,24,13,4,0,41,0,0,4,0,4,24,13,8,0,45,2,0,2,47
01/01/2013,HRL,TX,ASW,CE,Federal Contract Tower,18,5,1,2,26,0,0,3,0,3,18,5,4,2,29,0,0,0,29
01/02/2013,HRL,TX,ASW,CE,Federal Contract Tower,32,9,5,0,46,0,0,5,0,5,32,9,10,0,51,2,0,2,53
01/03/2013,HRL,TX,ASW,CE,Federal Contract Tower,23,20,7,9,59,0,0,1,0,1,23,20,8,9,60,0,8,8,68
01/04/2013,HRL,TX,ASW,CE,Federal Contract Tower,35,7,17,17,76,0,0,2,0,2,35,7,19,17,78,0,2,2,80
01/05/2013,HRL,TX,ASW,CE,Federal Contract Tower,13,6,6,8,33,0,0,1,2,3,13,6,7,10,36,0,0,0,36
01/06/2013,HRL,TX,ASW,CE,Federal Contract Tower,18,8,2,0,28,0,0,13,1,14,18,8,15,1,42,0,0,0,42
01/07/2013,HRL,TX,ASW,CE,Federal Contract Tower,26,8,16,10,60,0,1,23,0,24,26,9,39,10,84,20,46,66,150
01/08/2013,HRL,TX,ASW,CE,Federal Contract Tower,31,15,7,1,54,0,0,2,0,2,31,15,9,1,56,0,0,0,56
01/09/2013,HRL,TX,ASW,CE,Federal Contract Tower,28,14,6,1,49,0,0,0,0,0,28,14,6,1,49,0,4,4,53
01/10/2013,HRL,TX,ASW,CE,Federal Contract Tower,26,10,9,5,50,0,1,26,5,32,26,11,35,10,82,40,10,50,132
01/11/2013,HRL,TX,ASW,CE,Federal Contract Tower,33,13,8,3,57,0,0,27,3,30,33,13,35,6,87,10,5,15,102
01/12/2013,HRL,TX,ASW,CE,Federal Contract Tower,13,10,6,2,31,0,0,2,6,8,13,10,8,8,39,2,0,2,41
01/13/2013,HRL,TX,ASW,CE,Federal Contract Tower,16,13,2,4,35,0,0,7,2,9,16,13,9,6,44,0,4,4,48
01/14/2013,HRL,TX,ASW,CE,Federal Contract Tower,30,12,8,17,67,0,0,5,0,5,30,12,13,17,72,2,12,14,86
01/15/2013,HRL,TX,ASW,CE,Federal Contract Tower,26,14,11,12,63,0,0,0,1,1,26,14,11,13,64,0,20,20,84
01/16/2013,HRL,TX,ASW,CE,Federal Contract Tower,27,10,6,8,51,0,5,17,4,26,27,15,23,12,77,4,24,28,105
01/17/2013,HRL,TX,ASW,CE,Federal Contract Tower,30,13,12,6,61,0,0,29,4,33,30,13,41,10,94,6,90,96,190
01/18/2013,HRL,TX,ASW,CE,Federal Contract Tower,30,9,6,1,46,0,0,54,1,55,30,9,60,2,101,18,2,20,121
01/19/2013,HRL,TX,ASW,CE,Federal Contract Tower,12,9,7,0,28,0,0,23,3,26,12,9,30,3,54,24,0,24,78
01/20/2013,HRL,TX,ASW,CE,Federal Contract Tower,18,10,6,0,34,0,0,18,2,20,18,10,24,2,54,90,0,90,144
01/21/2013,HRL,TX,ASW,CE,Federal Contract Tower,25,10,8,2,45,0,0,29,3,32,25,10,37,5,77,14,0,14,91
01/22/2013,HRL,TX,ASW,CE,Federal Contract Tower,31,8,7,16,62,0,1,28,6,35,31,9,35,22,97,36,138,174,271
01/23/2013,HRL,TX,ASW,CE,Federal Contract Tower,32,9,14,6,61,0,0,26,3,29,32,9,40,9,90,16,48,64,154
01/24/2013,HRL,TX,ASW,CE,Federal Contract Tower,26,15,13,10,64,0,0,24,9,33,26,15,37,19,97,38,82,120,217
01/25/2013,HRL,TX,ASW,CE,Federal Contract Tower,34,13,17,4,68,0,1,20,3,24,34,14,37,7,92,30,6,36,128
01/26/2013,HRL,TX,ASW,CE,Federal Contract Tower,13,12,6,2,33,0,0,9,5,14,13,12,15,7,47,48,0,48,95
01/27/2013,HRL,TX,ASW,CE,Federal Contract Tower,18,9,3,6,36,0,0,5,1,6,18,9,8,7,42,32,8,40,82
01/28/2013,HRL,TX,ASW,CE,Federal Contract Tower,25,8,15,22,70,0,0,12,7,19,25,8,27,29,89,12,78,90,179
01/29/2013,HRL,TX,ASW,CE,Federal Contract Tower,36,12,5,21,74,0,0,10,1,11,36,12,15,22,85,0,116,116,201
01/30/2013,HRL,TX,ASW,CE,Federal Contract Tower,27,11,5,12,55,0,2,21,8,31,27,13,26,20,86,12,26,38,124
01/31/2013,HRL,TX,ASW,CE,Federal Contract Tower,28,11,7,6,52,0,0,35,6,41,28,11,42,12,93,46,10,56,149
02/01/2013,HRL,TX,ASW,CE,Federal Contract Tower,38,13,6,6,63,0,0,23,4,27,38,13,29,10,90,16,58,74,164
02/02/2013,HRL,TX,ASW,CE,Federal Contract Tower,13,11,8,14,46,0,0,27,4,31,13,11,35,18,77,30,22,52,129
02/03/2013,HRL,TX,ASW,CE,Federal Contract Tower,19,9,5,0,33,0,0,18,2,20,19,9,23,2,53,12,0,12,65
02/04/2013,HRL,TX,ASW,CE,Federal Contract Tower,31,10,12,5,58,0,0,35,9,44,31,10,47,14,102,26,62,88,190
02/05/2013,HRL,TX,ASW,CE,Federal Contract Tower,32,10,7,17,66,0,0,41,4,45,32,10,48,21,111,42,96,138,249
02/06/2013,HRL,TX,ASW,CE,Federal Contract Tower,28,10,9,10,57,0,0,11,12,23,28,10,20,22,80,12,10,22,102
02/07/2013,HRL,TX,ASW,CE,Federal Contract Tower,24,15,5,10,54,0,0,20,9,29,24,15,25,19,83,88,44,132,215
02/08/2013,HRL,TX,ASW,CE,Federal Contract Tower,36,10,11,1,58,0,2,25,7,34,36,12,36,8,92,48,8,56,148
02/09/2013,HRL,TX,ASW,CE,Federal Contract Tower,13,7,2,0,22,0,0,11,7,18,13,7,13,7,40,64,0,64,104
02/10/2013,HRL,TX,ASW,CE,Federal Contract Tower,20,8,5,16,49,0,0,11,6,17,20,8,16,22,66,10,22,32,98
02/11/2013,HRL,TX,ASW,CE,Federal Contract Tower,31,9,13,9,62,0,0,13,2,15,31,9,26,11,77,12,6,18,95
02/12/2013,HRL,TX,ASW,CE,Federal Contract Tower,34,11,11,8,64,0,1,14,5,20,34,12,25,13,84,36,6,42,126
02/13/2013,HRL,TX,ASW,CE,Federal Contract Tower,28,11,11,9,59,0,1,24,6,31,28,12,35,15,90,16,70,86,176
02/14/2013,HRL,TX,ASW,CE,Federal Contract Tower,29,12,2,4,47,0,1,35,5,41,29,13,37,9,88,50,50,100,188
02/15/2013,HRL,TX,ASW,CE,Federal Contract Tower,33,11,11,6,61,0,0,22,7,29,33,11,33,13,90,2,2,4,94
02/16/2013,HRL,TX,ASW,CE,Federal Contract Tower,13,11,0,2,26,0,0,33,4,37,13,11,33,6,63,38,4,42,105
02/17/2013,HRL,TX,ASW,CE,Federal Contract Tower,20,6,6,3,35,0,0,5,2,7,20,6,11,5,42,10,2,12,54
02/18/2013,HRL,TX,ASW,CE,Federal Contract Tower,28,10,8,1,47,0,1,24,10,35,28,11,32,11,82,24,6,30,112
02/19/2013,HRL,TX,ASW,CE,Federal Contract Tower,34,9,3,4,50,0,0,11,8,19,34,9,14,12,69,10,0,10,79
02/20/2013,HRL,TX,ASW,CE,Federal Contract Tower,27,15,3,10,55,0,2,6,8,16,27,17,9,18,71,2,72,74,145
02/21/2013,HRL,TX,ASW,CE,Federal Contract Tower,27,14,4,19,64,0,0,13,8,21,27,14,17,27,85,48,46,94,179
02/22/2013,HRL,TX,ASW,CE,Federal Contract Tower,34,14,9,14,71,0,0,8,4,12,34,14,17,18,83,0,26,26,109
02/23/2013,HRL,TX,ASW,CE,Federal Contract Tower,16,6,1,1,24,0,0,19,9,28,16,6,20,10,52,38,4,42,94
02/24/2013,HRL,TX,ASW,CE,Federal Contract Tower,18,4,10,2,34,0,0,7,2,9,18,4,17,4,43,20,0,20,63
02/25/2013,HRL,TX,ASW,CE,Federal Contract Tower,28,6,6,0,40,0,4,11,7,22,28,10,17,7,62,0,0,0,62
02/26/2013,HRL,TX,ASW,CE,Federal Contract Tower,35,13,6,11,65,0,0,45,6,51,35,13,51,17,116,50,72,122,238
02/27/2013,HRL,TX,ASW,CE,Federal Contract Tower,30,10,6,16,62,0,0,31,10,41,30,10,37,26,103,28,168,196,299
02/28/2013,HRL,TX,ASW,CE,Federal Contract Tower,26,13,9,9,57,0,0,14,9,23,26,13,23,18,80,12,96,108,188
03/01/2013,HRL,TX,ASW,CE,Federal Contract Tower,34,11,7,2,54,0,0,17,4,21,34,11,24,6,75,44,0,44,119
03/02/2013,HRL,TX,ASW,CE,Federal Contract Tower,13,9,2,16,40,0,0,23,9,32,13,9,25,25,72,4,122,126,198
03/03/2013,HRL,TX,ASW,CE,Federal Contract Tower,18,9,9,4,40,0,0,11,8,19,18,9,20,12,59,24,28,52,111
03/04/2013,HRL,TX,ASW,CE,Federal Contract Tower,28,10,17,11,66,0,0,17,8,25,28,10,34,19,91,8,156,164,255
03/05/2013,HRL,TX,ASW,CE,Federal Contract Tower,31,11,4,19,65,0,0,22,5,27,31,11,26,24,92,12,112,124,216
03/06/2013,HRL,TX,ASW,CE,Federal Contract Tower,31,11,9,7,58,0,2,31,9,42,31,13,40,16,100,6,68,74,174
03/07/2013,HRL,TX,ASW,CE,Federal Contract Tower,32,13,3,7,55,0,0,19,9,28,32,13,22,16,83,18,12,30,113
03/08/2013,HRL,TX,ASW,CE,Federal Contract Tower,34,15,12,6,67,0,0,6,3,9,34,15,18,9,76,14,40,54,130
03/09/2013,HRL,TX,ASW,CE,Federal Contract Tower,14,9,6,1,30,0,0,1,1,2,14,9,7,2,32,0,0,0,32
03/10/2013,HRL,TX,ASW,CE,Federal Contract Tower,21,7,7,0,35,0,0,12,6,18,21,7,19,6,53,0,0,0,53
03/11/2013,HRL,TX,ASW,CE,Federal Contract Tower,36,9,9,7,61,0,2,24,13,39,36,11,33,20,100,20,64,84,184
03/12/2013,HRL,TX,ASW,CE,Federal Contract Tower,34,8,7,8,57,0,0,30,6,36,34,8,37,14,93,0,24,24,117
03/13/2013,HRL,TX,ASW,CE,Federal Contract Tower,32,8,9,8,57,0,1,20,1,22,32,9,29,9,79,14,28,42,121
03/14/2013,HRL,TX,ASW,CE,Federal Contract Tower,29,13,5,10,57,0,3,15,3,21,29,16,20,13,78,34,18,52,130
03/15/2013,HRL,TX,ASW,CE,Federal Contract Tower,33,9,2,8,52,0,0,15,4,19,33,9,17,12,71,16,52,68,139
03/16/2013,HRL,TX,ASW,CE,Federal Contract Tower,15,10,7,4,36,0,0,8,3,11,15,10,15,7,47,4,98,102,149
03/17/2013,HRL,TX,ASW,CE,Federal Contract Tower,22,9,5,2,38,0,0,4,4,8,22,9,9,6,46,0,42,42,88
03/18/2013,HRL,TX,ASW,CE,Federal Contract Tower,26,11,12,22,71,0,2,21,2,25,26,13,33,24,96,26,12,38,134
03/19/2013,HRL,TX,ASW,CE,Federal Contract Tower,28,12,8,8,56,0,0,31,8,39,28,12,39,16,95,24,100,124,219
03/20/2013,HRL,TX,ASW,CE,Federal Contract Tower,25,15,11,11,62,0,0,7,3,10,25,15,18,14,72,4,4,8,80
03/21/2013,HRL,TX,ASW,CE,Federal Contract Tower,30,12,6,11,59,0,2,19,6,27,30,14,25,17,86,42,44,86,172
03/22/2013,HRL,TX,ASW,CE,Federal Contract Tower,32,11,7,12,62,0,0,8,4,12,32,11,15,16,74,56,16,72,146
03/23/2013,HRL,TX,ASW,CE,Federal Contract Tower,15,11,2,0,28,0,0,22,4,26,15,11,24,4,54,30,0,30,84
03/24/2013,HRL,TX,ASW,CE,Federal Contract Tower,18,7,6,4,35,0,0,6,2,8,18,7,12,6,43,4,6,10,53
03/25/2013,HRL,TX,ASW,CE,Federal Contract Tower,28,15,7,16,66,0,0,12,4,16,28,15,19,20,82,24,88,112,194
03/26/2013,HRL,TX,ASW,CE,Federal Contract Tower,33,10,8,8,59,0,2,26,4,32,33,12,34,12,91,22,38,60,151
03/27/2013,HRL,TX,ASW,CE,Federal Contract Tower,29,14,10,6,59,0,1,23,5,29,29,15,33,11,88,16,8,24,112
03/28/2013,HRL,TX,ASW,CE,Federal Contract Tower,26,13,11,8,58,0,1,28,7,36,26,14,39,15,94,26,28,54,148
03/29/2013,HRL,TX,ASW,CE,Federal Contract Tower,34,17,0,10,61,0,0,23,7,30,34,17,23,17,91,34,14,48,139
03/30/2013,HRL,TX,ASW,CE,Federal Contract Tower,13,10,2,4,29,0,0,20,2,22,13,10,22,6,51,94,2,96,147
03/31/2013,HRL,TX,ASW,CE,Federal Contract Tower,20,8,3,0,31,0,0,11,6,17,20,8,14,6,48,18,0,18,66
04/01/2013,HRL,TX,ASW,CE,Federal Contract Tower,32,8,9,9,58,2,0,23,5,30,34,8,32,14,88,24,38,62,150
04/02/2013,HRL,TX,ASW,CE,Federal Contract Tower,27,16,4,9,56,0,0,16,8,24,27,16,20,17,80,52,8,60,140
04/03/2013,HRL,TX,ASW,CE,Federal Contract Tower,28,11,9,7,55,0,0,19,7,26,28,11,28,14,81,28,70,98,179
04/04/2013,HRL,TX,ASW,CE,Federal Contract Tower,32,9,7,10,58,0,0,35,3,38,32,9,42,13,96,32,61,93,189
04/05/2013,HRL,TX,ASW,CE,Federal Contract Tower,32,7,3,4,46,0,2,13,3,18,32,9,16,7,64,14,4,18,82
04/06/2013,HRL,TX,ASW,CE,Federal Contract Tower,15,9,1,8,33,0,0,29,4,33,15,9,30,12,66,62,4,66,132
04/07/2013,HRL,TX,ASW,CE,Federal Contract Tower,19,10,6,3,38,0,0,5,5,10,19,10,11,8,48,18,0,18,66
04/08/2013,HRL,TX,ASW,CE,Federal Contract Tower,23,9,9,26,67,0,0,11,4,15,23,9,20,30,82,2,8,10,92
04/09/2013,HRL,TX,ASW,CE,Federal Contract Tower,30,13,7,10,60,0,1,24,5,30,30,14,31,15,90,37,56,93,183
04/10/2013,HRL,TX,ASW,CE,Federal Contract Tower,32,10,4,8,54,0,0,12,5,17,32,10,16,13,71,10,32,42,113
04/11/2013,HRL,TX,ASW,CE,Federal Contract Tower,29,9,9,13,60,0,1,26,6,33,29,10,35,19,93,36,32,68,161
04/12/2013,HRL,TX,ASW,CE,Federal Contract Tower,30,12,10,0,52,0,1,16,3,20,30,13,26,3,72,24,108,132,204
04/13/2013,HRL,TX,ASW,CE,Federal Contract Tower,18,7,3,4,32,0,0,21,4,25,18,7,24,8,57,122,2,124,181
04/14/2013,HRL,TX,ASW,CE,Federal Contract Tower,20,9,4,0,33,0,0,15,4,19,20,9,19,4,52,54,0,54,106
04/15/2013,HRL,TX,ASW,CE,Federal Contract Tower,29,13,21,12,75,0,0,24,3,27,29,13,45,15,102,26,30,56,158
04/16/2013,HRL,TX,ASW,CE,Federal Contract Tower,29,15,9,6,59,0,0,22,3,25,29,15,31,9,84,68,42,110,194
04/17/2013,HRL,TX,ASW,CE,Federal Contract Tower,28,12,22,12,74,0,0,18,6,24,28,12,40,18,98,20,68,88,186
04/18/2013,HRL,TX,ASW,CE,Federal Contract Tower,30,16,6,9,61,0,0,6,4,10,30,16,12,13,71,0,34,34,105
04/19/2013,HRL,TX,ASW,CE,Federal Contract Tower,36,12,12,12,72,0,0,27,5,32,36,12,39,17,104,30,56,86,190
04/20/2013,HRL,TX,ASW,CE,Federal Contract Tower,10,8,2,0,20,0,1,25,4,30,10,9,27,4,50,44,0,44,94
04/21/2013,HRL,TX,ASW,CE,Federal Contract Tower,22,8,6,5,41,0,0,20,3,23,22,8,26,8,64,14,10,24,88
04/22/2013,HRL,TX,ASW,CE,Federal Contract Tower,27,9,10,4,50,0,5,16,5,26,27,14,26,9,76,44,6,50,126
04/23/2013,HRL,TX,ASW,CE,Federal Contract Tower,33,17,7,16,73,0,2,12,0,14,33,19,19,16,87,74,116,190,277
04/24/2013,HRL,TX,ASW,CE,Federal Contract Tower,28,16,9,4,57,0,0,0,0,0,28,16,9,4,57,0,10,10,67
04/25/2013,HRL,TX,ASW,CE,Federal Contract Tower,30,21,13,2,66,0,0,13,0,13,30,21,26,2,79,8,0,8,87
04/26/2013,HRL,TX,ASW,CE,Federal Contract Tower,32,11,8,13,64,0,0,18,3,21,32,11,26,16,85,4,24,28,113
04/27/2013,HRL,TX,ASW,CE,Federal Contract Tower,13,10,2,5,30,0,0,17,4,21,13,10,19,9,51,41,0,41,92
04/28/2013,HRL,TX,ASW,CE,Federal Contract Tower,17,9,2,0,28,0,0,8,7,15,17,9,10,7,43,4,0,4,47
04/29/2013,HRL,TX,ASW,CE,Federal Contract Tower,28,7,12,15,62,0,0,18,3,21,28,7,30,18,83,52,26,78,161
04/30/2013,HRL,TX,ASW,CE,Federal Contract Tower,29,13,3,17,62,0,0,26,7,33,29,13,29,24,95,38,76,114,209
05/01/2013,HRL,TX,ASW,CE,Federal Contract Tower,35,13,8,16,72,0,1,29,10,40,35,14,37,26,112,56,34,90,202
05/02/2013,HRL,TX,ASW,CE,Federal Contract Tower,26,18,3,17,64,0,2,21,2,25,26,20,24,19,89,4,24,28,117
05/03/2013,HRL,TX,ASW,CE,Federal Contract Tower,32,11,4,3,50,0,1,10,8,19,32,12,14,11,69,32,4,36,105
05/04/2013,HRL,TX,ASW,CE,Federal Contract Tower,12,10,0,4,26,0,0,22,4,26,12,10,22,8,52,48,0,48,100
05/05/2013,HRL,TX,ASW,CE,Federal Contract Tower,22,7,1,0,30,0,0,22,6,28,22,7,23,6,58,12,0,12,70
05/06/2013,HRL,TX,ASW,CE,Federal Contract Tower,30,11,19,21,81,0,2,20,4,26,30,13,39,25,107,28,88,116,223
05/07/2013,HRL,TX,ASW,CE,Federal Contract Tower,27,11,8,7,53,0,0,30,6,36,27,11,38,13,89,18,48,66,155
05/08/2013,HRL,TX,ASW,CE,Federal Contract Tower,31,13,15,8,67,0,0,23,7,30,31,13,38,15,97,38,4,42,139
05/09/2013,HRL,TX,ASW,CE,Federal Contract Tower,30,12,14,18,74,0,0,18,7,25,30,12,32,25,99,18,58,76,175
05/10/2013,HRL,TX,ASW,CE,Federal Contract Tower,36,14,10,11,71,0,0,10,3,13,36,14,20,14,84,24,68,92,176
05/11/2013,HRL,TX,ASW,CE,Federal Contract Tower,12,8,5,2,27,0,0,12,5,17,12,8,17,7,44,4,0,4,48
05/12/2013,HRL,TX,ASW,CE,Federal Contract Tower,20,7,1,3,31,0,0,7,4,11,20,7,8,7,42,32,2,34,76
05/13/2013,HRL,TX,ASW,CE,Federal Contract Tower,24,11,10,16,61,0,3,32,5,40,24,14,42,21,101,73,18,91,192
05/14/2013,HRL,TX,ASW,CE,Federal Contract Tower,33,10,9,7,59,0,0,32,6,38,33,10,41,13,97,36,46,82,179
05/15/2013,HRL,TX,ASW,CE,Federal Contract Tower,31,12,8,4,55,0,0,13,4,17,31,12,21,8,72,32,10,42,114
05/16/2013,HRL,TX,ASW,CE,Federal Contract Tower,25,13,11,7,56,0,0,30,11,41,25,13,41,18,97,22,56,78,175
05/17/2013,HRL,TX,ASW,CE,Federal Contract Tower,34,13,8,4,59,0,0,18,5,23,34,13,26,9,82,4,54,58,140
05/18/2013,HRL,TX,ASW,CE,Federal Contract Tower,12,11,5,1,29,0,0,21,4,25,12,11,26,5,54,42,2,44,98
05/19/2013,HRL,TX,ASW,CE,Federal Contract Tower,22,9,6,0,37,0,0,7,3,10,22,9,13,3,47,10,0,10,57
05/20/2013,HRL,TX,ASW,CE,Federal Contract Tower,31,12,10,7,60,0,0,21,4,25,31,12,31,11,85,26,66,92,177
05/21/2013,HRL,TX,ASW,CE,Federal Contract Tower,23,13,7,9,52,0,0,22,2,24,23,13,29,11,76,6,14,20,96
05/22/2013,HRL,TX,ASW,CE,Federal Contract Tower,29,14,19,16,78,0,0,20,4,24,29,14,39,20,102,8,104,112,214
05/23/2013,HRL,TX,ASW,CE,Federal Contract Tower,27,13,13,6,59,0,0,18,2,20,27,13,31,8,79,16,2,18,97
05/24/2013,HRL,TX,ASW,CE,Federal Contract Tower,33,12,6,1,52,0,1,14,1,16,33,13,20,2,68,22,0,22,90
05/25/2013,HRL,TX,ASW,CE,Federal Contract Tower,15,11,6,4,36,0,0,22,3,25,15,11,28,7,61,8,0,8,69
05/26/2013,HRL,TX,ASW,CE,Federal Contract Tower,18,8,9,1,36,0,2,10,5,17,18,10,19,6,53,2,4,6,59
05/27/2013,HRL,TX,ASW,CE,Federal Contract Tower,24,10,11,2,47,0,0,26,2,28,24,10,37,4,75,30,4,34,109
05/28/2013,HRL,TX,ASW,CE,Federal Contract Tower,31,9,7,12,59,0,3,22,2,27,31,12,29,14,86,16,62,78,164
05/29/2013,HRL,TX,ASW,CE,Federal Contract Tower,33,12,9,3,57,0,0,22,5,27,33,12,31,8,84,12,50,62,146
05/30/2013,HRL,TX,ASW,CE,Federal Contract Tower,30,13,6,6,55,0,0,23,5,28,30,13,29,11,83,10,6,16,99
05/31/2013,HRL,TX,ASW,CE,Federal Contract Tower,30,15,6,4,55,0,3,21,3,27,30,18,27,7,82,10,102,112,194
06/01/2013,HRL,TX,ASW,CE,Federal Contract Tower,11,8,13,11,43,0,0,8,2,10,11,8,21,13,53,0,8,8,61
06/02/2013,HRL,TX,ASW,CE,Federal Contract Tower,16,8,8,0,32,0,0,3,3,6,16,8,11,3,38,4,0,4,42
06/03/2013,HRL,TX,ASW,CE,Federal Contract Tower,23,10,14,5,52,0,1,26,8,35,23,11,40,13,87,34,0,34,121
06/04/2013,HRL,TX,ASW,CE,Federal Contract Tower,34,9,7,6,56,0,0,21,4,25,34,9,28,10,81,18,46,64,145
06/05/2013,HRL,TX,ASW,CE,Federal Contract Tower,25,10,13,6,54,0,1,23,3,27,25,11,36,9,81,18,42,60,141
06/06/2013,HRL,TX,ASW,CE,Federal Contract Tower,26,12,9,15,62,0,0,17,3,20,26,12,26,18,82,8,72,80,162
06/07/2013,HRL,TX,ASW,CE,Federal Contract Tower,32,12,7,3,54,0,0,6,4,10,32,12,13,7,64,10,76,86,150
06/08/2013,HRL,TX,ASW,CE,Federal Contract Tower,16,6,7,4,33,0,0,10,1,11,16,6,17,5,44,4,4,8,52
06/09/2013,HRL,TX,ASW,CE,Federal Contract Tower,14,6,10,6,36,0,0,7,6,13,14,6,17,12,49,6,4,10,59
06/10/2013,HRL,TX,ASW,CE,Federal Contract Tower,25,11,10,3,49,0,5,6,3,14,25,16,16,6,63,2,2,4,67
06/11/2013,HRL,TX,ASW,CE,Federal Contract Tower,32,9,6,21,68,0,2,9,2,13,32,11,15,23,81,10,72,82,163
06/12/2013,HRL,TX,ASW,CE,Federal Contract Tower,25,10,12,2,49,0,0,20,2,22,25,10,32,4,71,4,4,8,79
06/13/2013,HRL,TX,ASW,CE,Federal Contract Tower,27,13,7,4,51,0,0,17,3,20,27,13,24,7,71,22,30,52,123
06/14/2013,HRL,TX,ASW,CE,Federal Contract Tower,25,12,8,1,46,0,0,15,7,22,25,12,23,8,68,38,94,132,200
06/15/2013,HRL,TX,ASW,CE,Federal Contract Tower,22,5,4,5,36,0,7,7,2,16,22,12,11,7,52,16,4,20,72
06/16/2013,HRL,TX,ASW,CE,Federal Contract Tower,18,9,2,6,35,0,0,3,5,8,18,9,5,11,43,4,16,20,63
06/17/2013,HRL,TX,ASW,CE,Federal Contract Tower,21,13,13,22,69,0,2,21,9,32,21,15,34,31,101,58,30,88,189
06/18/2013,HRL,TX,ASW,CE,Federal Contract Tower,29,11,5,17,62,0,0,20,2,22,29,11,25,19,84,24,20,44,128
06/19/2013,HRL,TX,ASW,CE,Federal Contract Tower,30,14,8,19,71,0,2,30,5,37,30,16,38,24,108,2,110,112,220
06/20/2013,HRL,TX,ASW,CE,Federal Contract Tower,26,10,10,13,59,0,0,16,3,19,26,10,26,16,78,16,54,70,148
06/21/2013,HRL,TX,ASW,CE,Federal Contract Tower,29,11,6,4,50,0,3,20,6,29,29,14,26,10,79,8,24,32,111
06/22/2013,HRL,TX,ASW,CE,Federal Contract Tower,18,5,0,8,31,0,0,8,6,14,18,5,8,14,45,2,52,54,99
06/23/2013,HRL,TX,ASW,CE,Federal Contract Tower,16,7,1,7,31,0,0,3,4,7,16,7,4,11,38,0,4,4,42
06/24/2013,HRL,TX,ASW,CE,Federal Contract Tower,20,9,10,4,43,0,1,23,5,29,20,10,33,9,72,16,4,20,92
06/25/2013,HRL,TX,ASW,CE,Federal Contract Tower,30,11,15,16,72,0,0,29,5,34,30,11,44,21,106,56,54,110,216
06/26/2013,HRL,TX,ASW,CE,Federal Contract Tower,25,11,5,5,46,0,0,27,5,32,25,11,32,10,78,54,52,106,184
06/27/2013,HRL,TX,ASW,CE,Federal Contract Tower,27,10,7,9,53,0,0,31,7,38,27,10,38,16,91,64,171,235,326
06/28/2013,HRL,TX,ASW,CE,Federal Contract Tower,29,9,7,9,54,0,1,31,3,35,29,10,38,12,89,62,96,158,247
06/29/2013,HRL,TX,ASW,CE,Federal Contract Tower,17,7,4,0,28,0,1,16,3,20,17,8,20,3,48,8,0,8,56
06/30/2013,HRL,TX,ASW,CE,Federal Contract Tower,14,9,1,2,26,0,2,2,4,8,14,11,3,6,34,2,2,4,38
07/01/2013,HRL,TX,ASW,CE,Federal Contract Tower,25,14,12,8,59,0,1,23,3,27,25,15,35,11,86,64,14,78,164
07/02/2013,HRL,TX,ASW,CE,Federal Contract Tower,28,12,3,7,50,0,4,13,5,22,28,16,16,12,72,24,6,30,102
07/03/2013,HRL,TX,ASW,CE,Federal Contract Tower,23,8,7,5,43,0,1,62,4,67,23,9,69,9,110,26,64,90,200
07/04/2013,HRL,TX,ASW,CE,Federal Contract Tower,15,3,4,2,24,0,0,45,8,53,15,3,49,10,77,40,4,44,121
07/05/2013,HRL,TX,ASW,CE,Federal Contract Tower,30,7,7,0,44,0,5,47,7,59,30,12,54,7,103,40,0,40,143
07/06/2013,HRL,TX,ASW,CE,Federal Contract Tower,17,8,3,0,28,0,0,39,2,41,17,8,42,2,69,30,0,30,99
07/07/2013,HRL,TX,ASW,CE,Federal Contract Tower,16,8,8,0,32,0,0,10,7,17,16,8,18,7,49,4,0,4,53
07/08/2013,HRL,TX,ASW,CE,Federal Contract Tower,20,12,10,13,55,0,0,44,5,49,20,12,54,18,104,24,2,26,130
07/09/2013,HRL,TX,ASW,CE,Federal Contract Tower,31,14,10,25,80,0,0,57,3,60,31,14,67,28,140,52,100,152,292
07/10/2013,HRL,TX,ASW,CE,Federal Contract Tower,27,6,13,7,53,0,1,37,3,41,27,7,50,10,94,18,118,136,230
07/11/2013,HRL,TX,ASW,CE,Federal Contract Tower,27,15,14,16,72,0,0,47,6,53,27,15,61,22,125,72,97,169,294
07/12/2013,HRL,TX,ASW,CE,Federal Contract Tower,27,12,8,13,60,0,1,18,12,31,27,13,26,25,91,8,26,34,125
07/13/2013,HRL,TX,ASW,CE,Federal Contract Tower,18,5,0,11,34,0,0,7,4,11,18,5,7,15,45,14,4,18,63
07/14/2013,HRL,TX,ASW,CE,Federal Contract Tower,15,6,4,0,25,0,0,8,2,10,15,6,12,2,35,0,0,0,35
07/15/2013,HRL,TX,ASW,CE,Federal Contract Tower,22,15,3,66,106,0,0,12,2,14,22,15,15,68,120,2,258,260,380
07/16/2013,HRL,TX,ASW,CE,Federal Contract Tower,33,11,3,6,53,0,0,16,3,19,33,11,19,9,72,4,8,12,84
07/17/2013,HRL,TX,ASW,CE,Federal Contract Tower,29,7,8,4,48,0,1,17,3,21,29,8,25,7,69,8,4,12,81
07/18/2013,HRL,TX,ASW,CE,Federal Contract Tower,26,10,17,7,60,0,0,12,6,18,26,10,29,13,78,6,16,22,100
07/19/2013,HRL,TX,ASW,CE,Federal Contract Tower,25,11,1,1,38,0,1,30,6,37,25,12,31,7,75,14,26,40,115
07/20/2013,HRL,TX,ASW,CE,Federal Contract Tower,21,6,8,4,39,0,0,9,3,12,21,6,17,7,51,18,26,44,95
07/21/2013,HRL,TX,ASW,CE,Federal Contract Tower,18,6,1,5,30,0,0,3,4,7,18,6,4,9,37,0,66,66,103
07/22/2013,HRL,TX,ASW,CE,Federal Contract Tower,26,10,10,8,54,0,0,20,5,25,26,10,30,13,79,12,74,86,165
07/23/2013,HRL,TX,ASW,CE,Federal Contract Tower,25,8,3,22,58,0,2,24,2,28,25,10,27,24,86,28,62,90,176
07/24/2013,HRL,TX,ASW,CE,Federal Contract Tower,26,9,14,14,63,0,1,33,6,40,26,10,47,20,103,16,66,82,185
07/25/2013,HRL,TX,ASW,CE,Federal Contract Tower,27,11,14,21,73,0,0,21,7,28,27,11,35,28,101,10,66,76,177
07/26/2013,HRL,TX,ASW,CE,Federal Contract Tower,27,13,8,5,53,0,0,14,5,19,27,13,22,10,72,4,68,72,144
07/27/2013,HRL,TX,ASW,CE,Federal Contract Tower,20,3,7,5,35,0,0,8,3,11,20,3,15,8,46,10,0,10,56
07/28/2013,HRL,TX,ASW,CE,Federal Contract Tower,16,7,1,4,28,0,0,0,2,2,16,7,1,6,30,0,0,0,30
07/29/2013,HRL,TX,ASW,CE,Federal Contract Tower,20,12,12,5,49,0,1,12,5,18,20,13,24,10,67,6,150,156,223
07/30/2013,HRL,TX,ASW,CE,Federal Contract Tower,32,12,10,7,61,0,2,15,3,20,32,14,25,10,81,12,80,92,173
07/31/2013,HRL,TX,ASW,CE,Federal Contract Tower,25,10,10,17,62,0,0,19,8,27,25,10,29,25,89,2,124,126,215
08/01/2013,HRL,TX,ASW,CE,Federal Contract Tower,28,11,15,16,70,0,0,15,7,22,28,11,30,23,92,16,74,90,182
08/02/2013,HRL,TX,ASW,CE,Federal Contract Tower,26,11,8,5,50,0,1,15,9,25,26,12,23,14,75,28,24,52,127
08/03/2013,HRL,TX,ASW,CE,Federal Contract Tower,16,7,2,33,58,0,2,9,15,26,16,9,11,48,84,60,102,162,246
08/04/2013,HRL,TX,ASW,CE,Federal Contract Tower,16,9,4,0,29,0,0,6,5,11,16,9,10,5,40,14,50,64,104
08/05/2013,HRL,TX,ASW,CE,Federal Contract Tower,21,11,11,33,76,0,0,13,5,18,21,11,24,38,94,14,46,60,154
08/06/2013,HRL,TX,ASW,CE,Federal Contract Tower,30,12,8,18,68,0,0,16,9,25,30,12,24,27,93,34,174,208,301
08/07/2013,HRL,TX,ASW,CE,Federal Contract Tower,28,8,8,20,64,0,1,20,11,32,28,9,28,31,96,20,72,92,188
08/08/2013,HRL,TX,ASW,CE,Federal Contract Tower,21,13,8,16,58,0,0,20,9,29,21,13,28,25,87,2,168,170,257
08/09/2013,HRL,TX,ASW,CE,Federal Contract Tower,28,10,10,6,54,0,1,22,4,27,28,11,32,10,81,36,17,53,134
08/10/2013,HRL,TX,ASW,CE,Federal Contract Tower,16,8,3,2,29,0,0,6,9,15,16,8,9,11,44,6,30,36,80
08/11/2013,HRL,TX,ASW,CE,Federal Contract Tower,16,8,5,0,29,0,0,2,3,5,16,8,7,3,34,16,8,24,58
08/12/2013,HRL,TX,ASW,CE,Federal Contract Tower,28,13,14,17,72,0,1,18,5,24,28,14,32,22,96,48,106,154,250
08/13/2013,HRL,TX,ASW,CE,Federal Contract Tower,32,9,15,31,87,0,0,17,6,23,32,9,32,37,110,52,120,172,282
08/14/2013,HRL,TX,ASW,CE,Federal Contract Tower,26,15,6,13,60,0,1,18,9,28,26,16,24,22,88,78,160,238,326
08/15/2013,HRL,TX,ASW,CE,Federal Contract Tower,31,12,13,23,79,0,0,14,6,20,31,12,27,29,99,40,144,184,283
08/16/2013,HRL,TX,ASW,CE,Federal Contract Tower,29,10,5,3,47,0,2,16,7,25,29,12,21,10,72,22,48,70,142
08/17/2013,HRL,TX,ASW,CE,Federal Contract Tower,12,6,8,2,28,0,0,8,6,14,12,6,16,8,42,10,0,10,52
08/18/2013,HRL,TX,ASW,CE,Federal Contract Tower,18,10,2,3,33,0,0,4,11,15,18,10,6,14,48,0,8,8,56
08/19/2013,HRL,TX,ASW,CE,Federal Contract Tower,27,8,7,5,47,0,2,19,2,23,27,10,26,7,70,14,50,64,134
08/20/2013,HRL,TX,ASW,CE,Federal Contract Tower,34,10,6,4,54,0,1,21,3,25,34,11,27,7,79,14,22,36,115
08/21/2013,HRL,TX,ASW,CE,Federal Contract Tower,31,12,15,20,78,0,0,9,3,12,31,12,24,23,90,2,50,52,142
08/22/2013,HRL,TX,ASW,CE,Federal Contract Tower,29,12,10,6,57,0,1,16,10,27,29,13,26,16,84,20,22,42,126
08/23/2013,HRL,TX,ASW,CE,Federal Contract Tower,28,10,9,7,54,0,1,25,4,30,28,11,34,11,84,62,0,62,146
08/24/2013,HRL,TX,ASW,CE,Federal Contract Tower,11,5,7,2,25,0,0,14,3,17,11,5,21,5,42,14,4,18,60
08/25/2013,HRL,TX,ASW,CE,Federal Contract Tower,13,8,12,0,33,0,0,5,2,7,13,8,17,2,40,36,0,36,76
08/26/2013,HRL,TX,ASW,CE,Federal Contract Tower,26,6,9,7,48,0,0,10,6,16,26,6,19,13,64,46,12,58,122
08/27/2013,HRL,TX,ASW,CE,Federal Contract Tower,31,7,10,18,66,0,1,22,6,29,31,8,32,24,95,36,38,74,169
08/28/2013,HRL,TX,ASW,CE,Federal Contract Tower,25,9,6,24,64,0,3,22,4,29,25,12,28,28,93,60,14,74,167
08/29/2013,HRL,TX,ASW,CE,Federal Contract Tower,30,7,14,7,58,0,1,24,8,33,30,8,38,15,91,30,48,78,169
08/30/2013,HRL,TX,ASW,CE,Federal Contract Tower,32,6,6,0,44,0,1,23,3,27,32,7,29,3,71,24,0,24,95
08/31/2013,HRL,TX,ASW,CE,Federal Contract Tower,10,5,1,1,17,0,0,15,4,19,10,5,16,5,36,40,0,40,76
09/01/2013,HRL,TX,ASW,CE,Federal Contract Tower,16,6,3,0,25,0,0,13,3,16,16,6,16,3,41,0,0,0,41
09/02/2013,HRL,TX,ASW,CE,Federal Contract Tower,15,7,7,0,29,0,0,18,4,22,15,7,25,4,51,4,0,4,55
09/03/2013,HRL,TX,ASW,CE,Federal Contract Tower,31,5,1,14,51,0,1,23,1,25,31,6,24,15,76,2,16,18,94
09/04/2013,HRL,TX,ASW,CE,Federal Contract Tower,27,9,10,12,58,0,0,41,5,46,27,9,51,17,104,108,8,116,220
09/05/2013,HRL,TX,ASW,CE,Federal Contract Tower,36,6,6,4,52,0,2,16,1,19,36,8,22,5,71,22,14,36,107
09/06/2013,HRL,TX,ASW,CE,Federal Contract Tower,32,7,6,11,56,0,1,10,3,14,32,8,16,14,70,10,10,20,90
09/07/2013,HRL,TX,ASW,CE,Federal Contract Tower,10,5,1,3,19,0,0,23,2,25,10,5,24,5,44,42,0,42,86
09/08/2013,HRL,TX,ASW,CE,Federal Contract Tower,16,6,4,2,28,0,0,10,4,14,16,6,14,6,42,38,0,38,80
09/09/2013,HRL,TX,ASW,CE,Federal Contract Tower,24,8,6,1,39,0,0,25,5,30,24,8,31,6,69,50,56,106,175
09/10/2013,HRL,TX,ASW,CE,Federal Contract Tower,32,6,8,11,57,0,0,21,2,23,32,6,29,13,80,50,24,74,154
09/11/2013,HRL,TX,ASW,CE,Federal Contract Tower,25,10,9,9,53,0,1,35,12,48,25,11,44,21,101,48,142,190,291
09/12/2013,HRL,TX,ASW,CE,Federal Contract Tower,29,8,5,8,50,0,2,27,8,37,29,10,32,16,87,30,14,44,131
09/13/2013,HRL,TX,ASW,CE,Federal Contract Tower,32,13,8,0,53,0,2,5,1,8,32,15,13,1,61,22,38,60,121
09/14/2013,HRL,TX,ASW,CE,Federal Contract Tower,12,5,6,0,23,0,0,8,0,8,12,5,14,0,31,12,0,12,43
09/15/2013,HRL,TX,ASW,CE,Federal Contract Tower,20,5,1,0,26,0,0,4,1,5,20,5,5,1,31,10,14,24,55
09/16/2013,HRL,TX,ASW,CE,Federal Contract Tower,25,9,5,2,41,0,0,6,2,8,25,9,11,4,49,4,0,4,53
09/17/2013,HRL,TX,ASW,CE,Federal Contract Tower,27,7,3,18,55,0,0,16,5,21,27,7,19,23,76,8,10,18,94
09/18/2013,HRL,TX,ASW,CE,Federal Contract Tower,31,7,7,17,62,0,0,18,8,26,31,7,25,25,88,24,24,48,136
09/19/2013,HRL,TX,ASW,CE,Federal Contract Tower,34,8,8,20,70,0,0,35,7,42,34,8,43,27,112,78,86,164,276
09/20/2013,HRL,TX,ASW,CE,Federal Contract Tower,32,11,9,4,56,0,0,23,2,25,32,11,32,6,81,36,8,44,125
09/21/2013,HRL,TX,ASW,CE,Federal Contract Tower,17,1,3,1,22,0,0,2,2,4,17,1,5,3,26,4,2,6,32
09/22/2013,HRL,TX,ASW,CE,Federal Contract Tower,23,6,3,1,33,0,0,35,2,37,23,6,38,3,70,44,0,44,114
09/23/2013,HRL,TX,ASW,CE,Federal Contract Tower,22,9,13,40,84,0,0,29,2,31,22,9,42,42,115,32,72,104,219
09/24/2013,HRL,TX,ASW,CE,Federal Contract Tower,34,13,6,15,68,0,0,34,9,43,34,13,40,24,111,56,118,174,285
09/25/2013,HRL,TX,ASW,CE,Federal Contract Tower,32,6,6,17,61,0,0,37,4,41,32,6,43,21,102,86,28,114,216
09/26/2013,HRL,TX,ASW,CE,Federal Contract Tower,30,10,9,22,71,0,4,32,3,39,30,14,41,25,110,18,94,112,222
09/27/2013,HRL,TX,ASW,CE,Federal Contract Tower,32,9,12,7,60,0,1,39,4,44,32,10,51,11,104,42,10,52,156
09/28/2013,HRL,TX,ASW,CE,Federal Contract Tower,15,2,2,2,21,0,0,29,4,33,15,2,31,6,54,40,0,40,94
09/29/2013,HRL,TX,ASW,CE,Federal Contract Tower,19,5,11,3,38,0,2,26,2,30,19,7,37,5,68,168,2,170,238
09/30/2013,HRL,TX,ASW,CE,Federal Contract Tower,22,12,14,15,63,0,1,28,5,34,22,13,42,20,97,70,18,88,185
10/01/2013,HRL,TX,ASW,CE,Federal Contract Tower,31,6,5,0,42,0,1,43,1,45,31,7,48,1,87,103,0,103,190
10/02/2013,HRL,TX,ASW,CE,Federal Contract Tower,29,6,9,23,67,0,1,37,6,44,29,7,46,29,111,98,158,256,367
10/03/2013,HRL,TX,ASW,CE,Federal Contract Tower,30,9,12,14,65,0,1,43,6,50,30,10,55,20,115,56,18,74,189
10/04/2013,HRL,TX,ASW,CE,Federal Contract Tower,34,9,1,9,53,0,0,34,6,40,34,9,35,15,93,30,72,102,195
10/05/2013,HRL,TX,ASW,CE,Federal Contract Tower,21,3,0,0,24,0,0,29,5,34,21,3,29,5,58,60,0,60,118
10/06/2013,HRL,TX,ASW,CE,Federal Contract Tower,18,7,2,0,27,0,2,9,7,18,18,9,11,7,45,28,0,28,73
10/07/2013,HRL,TX,ASW,CE,Federal Contract Tower,24,8,13,6,51,0,1,38,7,46,24,9,51,13,97,52,0,52,149
10/08/2013,HRL,TX,ASW,CE,Federal Contract Tower,31,8,6,0,45,0,2,28,8,38,31,10,34,8,83,54,0,54,137
10/09/2013,HRL,TX,ASW,CE,Federal Contract Tower,27,5,11,0,43,0,3,30,9,42,27,8,41,9,85,62,0,62,147
10/10/2013,HRL,TX,ASW,CE,Federal Contract Tower,29,6,10,0,45,0,4,37,17,58,29,10,47,17,103,58,8,66,169
10/11/2013,HRL,TX,ASW,CE,Federal Contract Tower,30,7,6,0,43,0,2,20,11,33,30,9,26,11,76,26,0,26,102
10/12/2013,HRL,TX,ASW,CE,Federal Contract Tower,19,3,2,0,24,0,0,17,10,27,19,3,19,10,51,12,0,12,63
10/13/2013,HRL,TX,ASW,CE,Federal Contract Tower,22,8,1,0,31,0,0,19,11,30,22,8,20,11,61,88,0,88,149
10/14/2013,HRL,TX,ASW,CE,Federal Contract Tower,27,7,10,0,44,0,2,24,6,32,27,9,34,6,76,50,0,50,126
10/15/2013,HRL,TX,ASW,CE,Federal Contract Tower,32,11,6,14,63,0,0,23,10,33,32,11,29,24,96,10,24,34,130
10/16/2013,HRL,TX,ASW,CE,Federal Contract Tower,32,5,8,13,58,0,1,27,6,34,32,6,35,19,92,16,22,38,130
10/17/2013,HRL,TX,ASW,CE,Federal Contract Tower,33,13,8,5,59,0,0,0,1,1,33,13,8,6,60,12,24,36,96
10/18/2013,HRL,TX,ASW,CE,Federal Contract Tower,32,9,4,2,47,0,1,21,17,39,32,10,25,19,86,38,38,76,162
10/19/2013,HRL,TX,ASW,CE,Federal Contract Tower,19,4,0,0,23,0,0,7,4,11,19,4,7,4,34,0,0,0,34
10/20/2013,HRL,TX,ASW,CE,Federal Contract Tower,20,5,2,0,27,0,0,30,2,32,20,5,32,2,59,36,0,36,95
10/21/2013,HRL,TX,ASW,CE,Federal Contract Tower,24,10,9,1,44,0,0,16,1,17,24,10,25,2,61,26,2,28,89
10/22/2013,HRL,TX,ASW,CE,Federal Contract Tower,37,8,4,4,53,0,2,21,5,28,37,10,25,9,81,84,12,96,177
10/23/2013,HRL,TX,ASW,CE,Federal Contract Tower,25,5,6,25,61,0,2,30,4,36,25,7,36,29,97,32,36,68,165
10/24/2013,HRL,TX,ASW,CE,Federal Contract Tower,26,6,4,9,45,0,4,44,5,53,26,10,48,14,98,50,10,60,158
10/25/2013,HRL,TX,ASW,CE,Federal Contract Tower,22,5,5,4,36,0,4,16,4,24,22,9,21,8,60,24,8,32,92
10/26/2013,HRL,TX,ASW,CE,Federal Contract Tower,19,3,3,0,25,0,0,21,4,25,19,3,24,4,50,58,0,58,108
10/27/2013,HRL,TX,ASW,CE,Federal Contract Tower,22,5,5,0,32,0,0,43,11,54,22,5,48,11,86,108,0,108,194
10/28/2013,HRL,TX,ASW,CE,Federal Contract Tower,22,9,9,25,65,0,1,29,5,35,22,10,38,30,100,30,110,140,240
10/29/2013,HRL,TX,ASW,CE,Federal Contract Tower,21,9,8,13,51,0,2,22,5,29,21,11,30,18,80,66,18,84,164
10/30/2013,HRL,TX,ASW,CE,Federal Contract Tower,25,7,6,10,48,0,1,16,8,25,25,8,22,18,73,2,92,94,167
10/31/2013,HRL,TX,ASW,CE,Federal Contract Tower,24,8,8,10,50,0,2,26,7,35,24,10,34,17,85,28,10,38,123
11/01/2013,HRL,TX,ASW,CE,Federal Contract Tower,26,11,7,1,45,0,1,10,5,16,26,12,17,6,61,22,2,24,85
11/02/2013,HRL,TX,ASW,CE,Federal Contract Tower,18,3,4,7,32,0,0,26,5,31,18,3,30,12,63,12,46,58,121
11/03/2013,HRL,TX,ASW,CE,Federal Contract Tower,16,7,6,0,29,0,0,9,7,16,16,7,15,7,45,0,0,0,45
11/04/2013,HRL,TX,ASW,CE,Federal Contract Tower,21,12,11,3,47,0,0,27,8,35,21,12,38,11,82,14,6,20,102
11/05/2013,HRL,TX,ASW,CE,Federal Contract Tower,21,16,7,8,52,0,1,30,3,34,21,17,37,11,86,20,16,36,122
11/06/2013,HRL,TX,ASW,CE,Federal Contract Tower,28,7,14,4,53,0,0,17,3,20,28,7,31,7,73,6,4,10,83
11/07/2013,HRL,TX,ASW,CE,Federal Contract Tower,23,9,9,10,51,0,1,31,4,36,23,10,40,14,87,14,34,48,135
11/08/2013,HRL,TX,ASW,CE,Federal Contract Tower,26,10,5,3,44,0,1,37,6,44,26,11,42,9,88,64,60,124,212
11/09/2013,HRL,TX,ASW,CE,Federal Contract Tower,15,4,1,0,20,0,0,37,9,46,15,4,38,9,66,64,0,64,130
11/10/2013,HRL,TX,ASW,CE,Federal Contract Tower,18,10,5,0,33,0,0,29,3,32,18,10,34,3,65,94,0,94,159
11/11/2013,HRL,TX,ASW,CE,Federal Contract Tower,21,9,7,0,37,0,0,21,3,24,21,9,28,3,61,2,0,2,63
11/12/2013,HRL,TX,ASW,CE,Federal Contract Tower,22,14,12,6,54,0,0,16,4,20,22,14,28,10,74,4,50,54,128
11/13/2013,HRL,TX,ASW,CE,Federal Contract Tower,23,6,12,11,52,0,1,17,3,21,23,7,29,14,73,30,24,54,127
11/14/2013,HRL,TX,ASW,CE,Federal Contract Tower,24,7,7,9,47,0,2,14,2,18,24,9,21,11,65,8,10,18,83
11/15/2013,HRL,TX,ASW,CE,Federal Contract Tower,25,6,11,4,46,0,2,12,1,15,25,8,23,5,61,28,0,28,89
11/16/2013,HRL,TX,ASW,CE,Federal Contract Tower,17,3,4,2,26,0,2,15,3,20,17,5,19,5,46,22,4,26,72
11/17/2013,HRL,TX,ASW,CE,Federal Contract Tower,19,6,8,1,34,0,0,15,2,17,19,6,23,3,51,6,2,8,59
11/18/2013,HRL,TX,ASW,CE,Federal Contract Tower,22,12,15,1,50,0,0,11,0,11,22,12,26,1,61,0,0,0,61
11/19/2013,HRL,TX,ASW,CE,Federal Contract Tower,22,6,11,1,40,0,0,19,8,27,22,6,30,9,67,20,12,32,99
11/20/2013,HRL,TX,ASW,CE,Federal Contract Tower,25,7,10,10,52,0,0,23,4,27,25,7,33,14,79,70,12,82,161
11/21/2013,HRL,TX,ASW,CE,Federal Contract Tower,23,11,7,11,52,0,0,15,7,22,23,11,22,18,74,10,64,74,148
11/22/2013,HRL,TX,ASW,CE,Federal Contract Tower,25,4,6,3,38,0,0,8,1,9,25,4,14,4,47,4,0,4,51
11/23/2013,HRL,TX,ASW,CE,Federal Contract Tower,19,4,2,0,25,0,0,1,0,1,19,4,3,0,26,0,0,0,26
11/24/2013,HRL,TX,ASW,CE,Federal Contract Tower,19,5,4,3,31,0,0,0,0,0,19,5,4,3,31,0,4,4,35
11/25/2013,HRL,TX,ASW,CE,Federal Contract Tower,22,7,9,0,38,0,0,0,0,0,22,7,9,0,38,0,0,0,38
11/26/2013,HRL,TX,ASW,CE,Federal Contract Tower,19,10,9,13,51,0,0,14,2,16,19,10,23,15,67,2,12,14,81
11/27/2013,HRL,TX,ASW,CE,Federal Contract Tower,25,6,4,1,36,0,2,24,6,32,25,8,28,7,68,46,0,46,114
11/28/2013,HRL,TX,ASW,CE,Federal Contract Tower,12,4,2,0,18,0,0,5,2,7,12,4,7,2,25,0,0,0,25
11/29/2013,HRL,TX,ASW,CE,Federal Contract Tower,22,8,4,1,35,0,5,10,4,19,22,13,14,5,54,0,0,0,54
11/30/2013,HRL,TX,ASW,CE,Federal Contract Tower,14,4,2,0,20,0,0,16,4,20,14,4,18,4,40,52,0,52,92
12/01/2013,HRL,TX,ASW,CE,Federal Contract Tower,19,6,6,0,31,0,0,9,7,16,19,6,15,7,47,20,0,20,67
12/02/2013,HRL,TX,ASW,CE,Federal Contract Tower,21,9,6,3,39,0,2,15,18,35,21,11,21,21,74,2,106,108,182
12/03/2013,HRL,TX,ASW,CE,Federal Contract Tower,30,6,5,17,58,0,2,15,4,21,30,8,20,21,79,0,32,32,111
12/04/2013,HRL,TX,ASW,CE,Federal Contract Tower,21,12,8,19,60,0,0,15,10,25,21,12,23,29,85,14,40,54,139
12/05/2013,HRL,TX,ASW,CE,Federal Contract Tower,21,11,6,19,57,0,0,16,11,27,21,11,22,30,84,34,24,58,142
12/06/2013,HRL,TX,ASW,CE,Federal Contract Tower,26,7,6,10,49,0,1,6,4,11,26,8,12,14,60,0,12,12,72
12/07/2013,HRL,TX,ASW,CE,Federal Contract Tower,15,5,0,4,24,0,0,11,10,21,15,5,11,14,45,24,2,26,71
12/08/2013,HRL,TX,ASW,CE,Federal Contract Tower,17,5,4,1,27,0,0,4,0,4,17,5,8,1,31,24,0,24,55
12/09/2013,HRL,TX,ASW,CE,Federal Contract Tower,21,8,21,5,55,0,0,0,1,1,21,8,21,6,56,4,6,10,66
12/10/2013,HRL,TX,ASW,CE,Federal Contract Tower,20,12,8,12,52,0,1,13,7,21,20,13,21,19,73,8,14,22,95
12/11/2013,HRL,TX,ASW,CE,Federal Contract Tower,22,11,10,3,46,0,0,8,2,10,22,11,18,5,56,10,0,10,66
12/12/2013,HRL,TX,ASW,CE,Federal Contract Tower,22,11,13,2,48,0,1,19,10,30,22,12,32,12,78,0,4,4,82
12/13/2013,HRL,TX,ASW,CE,Federal Contract Tower,23,12,7,10,52,0,0,9,8,17,23,12,16,18,69,18,4,22,91
12/14/2013,HRL,TX,ASW,CE,Federal Contract Tower,13,9,1,0,23,0,0,14,11,25,13,9,15,11,48,2,14,16,64
12/15/2013,HRL,TX,ASW,CE,Federal Contract Tower,15,12,2,2,31,0,0,19,12,31,15,12,21,14,62,4,4,8,70
12/16/2013,HRL,TX,ASW,CE,Federal Contract Tower,24,11,9,1,45,0,3,29,2,34,24,14,38,3,79,14,2,16,95
12/17/2013,HRL,TX,ASW,CE,Federal Contract Tower,26,7,3,5,41,0,3,24,3,30,26,10,27,8,71,34,38,72,143
12/18/2013,HRL,TX,ASW,CE,Federal Contract Tower,26,10,5,5,46,0,0,6,3,9,26,10,11,8,55,2,4,6,61
12/19/2013,HRL,TX,ASW,CE,Federal Contract Tower,26,13,15,3,57,0,1,11,3,15,26,14,26,6,72,16,6,22,94
12/20/2013,HRL,TX,ASW,CE,Federal Contract Tower,26,9,8,13,56,0,0,3,0,3,26,9,11,13,59,2,0,2,61
12/21/2013,HRL,TX,ASW,CE,Federal Contract Tower,17,9,2,0,28,0,0,8,4,12,17,9,10,4,40,8,0,8,48
12/22/2013,HRL,TX,ASW,CE,Federal Contract Tower,19,8,6,0,33,0,2,2,2,6,19,10,8,2,39,0,0,0,39
12/23/2013,HRL,TX,ASW,CE,Federal Contract Tower,25,11,9,0,45,0,2,6,5,13,25,13,15,5,58,18,4,22,80
12/24/2013,HRL,TX,ASW,CE,Federal Contract Tower,20,6,1,0,27,0,1,10,3,14,20,7,11,3,41,4,0,4,45
12/25/2013,HRL,TX,ASW,CE,Federal Contract Tower,14,7,0,0,21,0,0,0,0,0,14,7,0,0,21,0,0,0,21
12/26/2013,HRL,TX,ASW,CE,Federal Contract Tower,29,13,11,1,54,0,0,2,2,4,29,13,13,3,58,2,0,2,60
12/27/2013,HRL,TX,ASW,CE,Federal Contract Tower,25,11,10,1,47,0,0,4,0,4,25,11,14,1,51,16,0,16,67
12/28/2013,HRL,TX,ASW,CE,Federal Contract Tower,16,10,2,0,28,0,0,7,1,8,16,10,9,1,36,2,0,2,38
12/29/2013,HRL,TX,ASW,CE,Federal Contract Tower,18,14,1,0,33,0,0,4,0,4,18,14,5,0,37,4,0,4,41
12/30/2013,HRL,TX,ASW,CE,Federal Contract Tower,24,14,2,0,40,0,0,2,0,2,24,14,4,0,42,0,0,0,42
12/31/2013,HRL,TX,ASW,CE,Federal Contract Tower,22,19,3,0,44,0,0,0,0,0,22,19,3,0,44,0,0,0,44
01/01/2014,HRL,TX,ASW,CE,Federal Contract Tower,24,7,0,0,31,0,0,0,0,0,24,7,0,0,31,0,0,0,31
01/02/2014,HRL,TX,ASW,CE,Federal Contract Tower,24,10,12,3,49,0,2,7,0,9,24,12,19,3,58,0,6,6,64
01/03/2014,HRL,TX,ASW,CE,Federal Contract Tower,27,5,4,5,41,0,3,20,0,23,27,8,24,5,64,18,2,20,84
01/04/2014,HRL,TX,ASW,CE,Federal Contract Tower,15,6,7,1,29,0,0,28,5,33,15,6,35,6,62,4,0,4,66
01/05/2014,HRL,TX,ASW,CE,Federal Contract Tower,18,6,3,1,28,0,0,5,0,5,18,6,8,1,33,0,2,2,35
01/06/2014,HRL,TX,ASW,CE,Federal Contract Tower,23,10,12,4,49,0,1,14,0,15,23,11,26,4,64,0,4,4,68
01/07/2014,HRL,TX,ASW,CE,Federal Contract Tower,28,11,2,9,50,0,2,15,1,18,28,13,17,10,68,2,10,12,80
01/08/2014,HRL,TX,ASW,CE,Federal Contract Tower,27,10,8,5,50,0,0,11,3,14,27,10,19,8,64,2,40,42,106
01/09/2014,HRL,TX,ASW,CE,Federal Contract Tower,26,12,8,19,65,0,0,8,0,8,26,12,16,19,73,20,44,64,137
01/10/2014,HRL,TX,ASW,CE,Federal Contract Tower,25,12,10,5,52,0,2,1,7,10,25,14,11,12,62,4,112,116,178
01/11/2014,HRL,TX,ASW,CE,Federal Contract Tower,10,6,4,0,20,0,0,17,2,19,10,6,21,2,39,10,0,10,49
01/12/2014,HRL,TX,ASW,CE,Federal Contract Tower,16,7,3,2,28,0,1,11,5,17,16,8,14,7,45,8,2,10,55
01/13/2014,HRL,TX,ASW,CE,Federal Contract Tower,23,4,9,3,39,0,1,15,10,26,23,5,24,13,65,2,2,4,69
01/14/2014,HRL,TX,ASW,CE,Federal Contract Tower,26,7,4,16,53,0,5,16,4,25,26,12,20,20,78,6,28,34,112
01/15/2014,HRL,TX,ASW,CE,Federal Contract Tower,25,7,8,2,42,0,4,26,6,36,25,11,34,8,78,2,0,2,80
01/16/2014,HRL,TX,ASW,CE,Federal Contract Tower,24,10,5,2,41,0,4,24,3,31,24,14,29,5,72,18,0,18,90
01/17/2014,HRL,TX,ASW,CE,Federal Contract Tower,23,10,4,7,44,0,3,12,3,18,23,13,16,10,62,2,10,12,74
01/18/2014,HRL,TX,ASW,CE,Federal Contract Tower,13,6,1,0,20,0,0,27,3,30,13,6,28,3,50,50,0,50,100
01/19/2014,HRL,TX,ASW,CE,Federal Contract Tower,17,7,1,0,25,0,0,18,4,22,17,7,19,4,47,42,0,42,89
01/20/2014,HRL,TX,ASW,CE,Federal Contract Tower,23,9,14,2,48,0,0,27,1,28,23,9,41,3,76,18,0,18,94
01/21/2014,HRL,TX,ASW,CE,Federal Contract Tower,24,6,11,17,58,0,2,22,3,27,24,8,33,20,85,18,62,80,165
01/22/2014,HRL,TX,ASW,CE,Federal Contract Tower,25,10,11,7,53,0,2,26,8,36,25,12,37,15,89,16,52,68,157
01/23/2014,HRL,TX,ASW,CE,Federal Contract Tower,26,14,7,1,48,0,0,20,5,25,26,14,27,6,73,12,42,54,127
01/24/2014,HRL,TX,ASW,CE,Federal Contract Tower,27,13,7,0,47,0,0,2,3,5,27,13,9,3,52,0,0,0,52
01/25/2014,HRL,TX,ASW,CE,Federal Contract Tower,11,4,2,1,18,0,2,22,6,30,11,6,24,7,48,52,2,54,102
01/26/2014,HRL,TX,ASW,CE,Federal Contract Tower,16,7,4,1,28,0,0,17,4,21,16,7,21,5,49,52,2,54,103
01/27/2014,HRL,TX,ASW,CE,Federal Contract Tower,23,8,7,4,42,0,0,21,10,31,23,8,28,14,73,16,4,20,93
01/28/2014,HRL,TX,ASW,CE,Federal Contract Tower,24,3,8,7,42,0,0,7,9,16,24,3,15,16,58,26,112,138,196
01/29/2014,HRL,TX,ASW,CE,Federal Contract Tower,24,11,8,6,49,0,0,14,3,17,24,11,22,9,66,0,0,0,66
01/30/2014,HRL,TX,ASW,CE,Federal Contract Tower,24,12,13,1,50,0,0,25,9,34,24,12,38,10,84,38,2,40,124
01/31/2014,HRL,TX,ASW,CE,Federal Contract Tower,22,15,5,3,45,0,6,14,5,25,22,21,19,8,70,16,46,62,132
02/01/2014,HRL,TX,ASW,CE,Federal Contract Tower,14,5,3,0,22,0,0,4,8,12,14,5,7,8,34,20,0,20,54
02/02/2014,HRL,TX,ASW,CE,Federal Contract Tower,17,8,2,1,28,0,0,13,0,13,17,8,15,1,41,56,2,58,99
02/03/2014,HRL,TX,ASW,CE,Federal Contract Tower,21,17,18,7,63,0,0,5,0,5,21,17,23,7,68,12,2,14,82
02/04/2014,HRL,TX,ASW,CE,Federal Contract Tower,25,11,4,20,60,0,0,5,4,9,25,11,9,24,69,8,12,20,89
02/05/2014,HRL,TX,ASW,CE,Federal Contract Tower,22,20,18,12,72,0,0,14,5,19,22,20,32,17,91,28,8,36,127
02/06/2014,HRL,TX,ASW,CE,Federal Contract Tower,25,10,12,1,48,0,0,5,3,8,25,10,17,4,56,12,2,14,70
02/07/2014,HRL,TX,ASW,CE,Federal Contract Tower,33,7,15,4,59,0,0,0,0,0,33,7,15,4,59,0,0,0,59
02/08/2014,HRL,TX,ASW,CE,Federal Contract Tower,12,6,3,5,26,0,0,7,6,13,12,6,10,11,39,40,2,42,81
02/09/2014,HRL,TX,ASW,CE,Federal Contract Tower,15,9,19,5,48,0,0,10,11,21,15,9,29,16,69,52,62,114,183
02/10/2014,HRL,TX,ASW,CE,Federal Contract Tower,22,13,19,52,106,0,0,18,0,18,22,13,37,52,124,34,192,226,350
02/11/2014,HRL,TX,ASW,CE,Federal Contract Tower,25,6,7,19,57,0,0,0,0,0,25,6,7,19,57,0,0,0,57
02/12/2014,HRL,TX,ASW,CE,Federal Contract Tower,24,9,8,20,61,0,4,19,7,30,24,13,27,27,91,24,42,66,157
02/13/2014,HRL,TX,ASW,CE,Federal Contract Tower,26,9,13,8,56,0,9,21,8,38,26,18,34,16,94,16,70,86,180
02/14/2014,HRL,TX,ASW,CE,Federal Contract Tower,24,7,4,5,40,0,8,27,11,46,24,15,31,16,86,20,216,236,322
02/15/2014,HRL,TX,ASW,CE,Federal Contract Tower,13,5,4,3,25,0,1,17,0,18,13,6,21,3,43,26,2,28,71
02/16/2014,HRL,TX,ASW,CE,Federal Contract Tower,16,8,7,1,32,0,0,28,1,29,16,8,35,2,61,112,2,114,175
02/17/2014,HRL,TX,ASW,CE,Federal Contract Tower,22,13,16,2,53,0,2,31,3,36,22,15,47,5,89,36,0,36,125
02/18/2014,HRL,TX,ASW,CE,Federal Contract Tower,25,14,12,9,60,0,1,24,4,29,25,15,36,13,89,12,12,24,113
02/19/2014,HRL,TX,ASW,CE,Federal Contract Tower,26,12,14,19,71,0,2,16,9,27,26,14,30,28,98,14,34,48,146
02/20/2014,HRL,TX,ASW,CE,Federal Contract Tower,24,13,7,19,63,0,5,13,13,31,24,18,20,32,94,32,88,120,214
02/21/2014,HRL,TX,ASW,CE,Federal Contract Tower,25,9,7,6,47,0,5,29,9,43,25,14,36,15,90,66,78,144,234
02/22/2014,HRL,TX,ASW,CE,Federal Contract Tower,13,8,2,9,32,0,2,19,0,21,13,10,21,9,53,26,2,28,81
02/23/2014,HRL,TX,ASW,CE,Federal Contract Tower,17,7,9,9,42,0,0,12,0,12,17,7,21,9,54,22,14,36,90
02/24/2014,HRL,TX,ASW,CE,Federal Contract Tower,23,17,9,1,50,0,1,2,0,3,23,18,11,1,53,12,2,14,67
02/25/2014,HRL,TX,ASW,CE,Federal Contract Tower,28,8,8,18,62,0,0,12,3,15,28,8,20,21,77,32,66,98,175
02/26/2014,HRL,TX,ASW,CE,Federal Contract Tower,27,12,9,17,65,0,0,0,4,4,27,12,9,21,69,0,26,26,95
02/27/2014,HRL,TX,ASW,CE,Federal Contract Tower,26,10,10,5,51,0,14,29,9,52,26,24,39,14,103,0,14,14,117
02/28/2014,HRL,TX,ASW,CE,Federal Contract Tower,26,10,5,5,46,0,5,20,17,42,26,15,25,22,88,28,166,194,282
03/01/2014,HRL,TX,ASW,CE,Federal Contract Tower,13,9,6,1,29,0,0,16,10,26,13,9,22,11,55,18,2,20,75
03/02/2014,HRL,TX,ASW,CE,Federal Contract Tower,15,8,0,2,25,0,2,9,9,20,15,10,9,11,45,0,0,0,45
03/03/2014,HRL,TX,ASW,CE,Federal Contract Tower,23,9,19,3,54,0,0,6,1,7,23,9,25,4,61,50,6,56,117
03/04/2014,HRL,TX,ASW,CE,Federal Contract Tower,23,7,5,6,41,0,0,0,0,0,23,7,5,6,41,0,4,4,45
03/05/2014,HRL,TX,ASW,CE,Federal Contract Tower,26,14,8,4,52,0,0,0,0,0,26,14,8,4,52,0,4,4,56
03/06/2014,HRL,TX,ASW,CE,Federal Contract Tower,24,11,9,9,53,0,4,31,10,45,24,15,40,19,98,8,8,16,114
03/07/2014,HRL,TX,ASW,CE,Federal Contract Tower,28,9,7,9,53,0,4,27,20,51,28,13,34,29,104,6,56,62,166
03/08/2014,HRL,TX,ASW,CE,Federal Contract Tower,18,8,8,0,34,0,0,12,9,21,18,8,20,9,55,10,0,10,65
03/09/2014,HRL,TX,ASW,CE,Federal Contract Tower,18,11,7,2,38,0,0,0,0,0,18,11,7,2,38,0,4,4,42
03/10/2014,HRL,TX,ASW,CE,Federal Contract Tower,25,14,4,1,44,0,0,1,0,1,25,14,5,1,45,0,2,2,47
03/11/2014,HRL,TX,ASW,CE,Federal Contract Tower,27,10,12,14,63,0,4,19,12,35,27,14,31,26,98,16,8,24,122
03/12/2014,HRL,TX,ASW,CE,Federal Contract Tower,25,8,9,11,53,0,2,12,16,30,25,10,21,27,83,2,202,204,287
03/13/2014,HRL,TX,ASW,CE,Federal Contract Tower,26,11,8,8,53,0,16,23,6,45,26,27,31,14,98,6,36,42,140
03/14/2014,HRL,TX,ASW,CE,Federal Contract Tower,26,9,9,6,50,0,7,32,15,54,26,16,41,21,104,14,64,78,182
03/15/2014,HRL,TX,ASW,CE,Federal Contract Tower,17,7,5,4,33,0,2,6,8,16,17,9,11,12,49,6,4,10,59
03/16/2014,HRL,TX,ASW,CE,Federal Contract Tower,18,7,2,4,31,0,0,7,0,7,18,7,9,4,38,0,4,4,42
03/17/2014,HRL,TX,ASW,CE,Federal Contract Tower,23,12,9,28,72,0,3,27,4,34,23,15,36,32,106,54,68,122,228
03/18/2014,HRL,TX,ASW,CE,Federal Contract Tower,26,9,4,25,64,0,2,24,6,32,26,11,28,31,96,16,44,60,156
03/19/2014,HRL,TX,ASW,CE,Federal Contract Tower,27,12,6,4,49,0,0,28,6,34,27,12,34,10,83,16,22,38,121
03/20/2014,HRL,TX,ASW,CE,Federal Contract Tower,26,7,8,8,49,0,6,34,7,47,26,13,42,15,96,26,132,158,254
03/21/2014,HRL,TX,ASW,CE,Federal Contract Tower,26,9,7,14,56,0,0,13,4,17,26,9,20,18,73,14,64,78,151
03/22/2014,HRL,TX,ASW,CE,Federal Contract Tower,17,7,6,6,36,0,0,9,6,15,17,7,15,12,51,52,12,64,115
03/23/2014,HRL,TX,ASW,CE,Federal Contract Tower,18,7,5,1,31,0,0,0,0,0,18,7,5,1,31,0,1,1,32
03/24/2014,HRL,TX,ASW,CE,Federal Contract Tower,26,10,11,6,53,0,0,0,0,0,26,10,11,6,53,2,4,6,59
03/25/2014,HRL,TX,ASW,CE,Federal Contract Tower,26,12,6,2,46,0,0,15,4,19,26,12,21,6,65,16,4,20,85
03/26/2014,HRL,TX,ASW,CE,Federal Contract Tower,26,10,8,18,62,0,0,15,4,19,26,10,23,22,81,8,82,90,171
03/27/2014,HRL,TX,ASW,CE,Federal Contract Tower,27,11,13,8,59,0,4,12,9,25,27,15,25,17,84,20,140,160,244
03/28/2014,HRL,TX,ASW,CE,Federal Contract Tower,27,11,10,7,55,0,14,7,4,25,27,25,17,11,80,0,76,76,156
03/29/2014,HRL,TX,ASW,CE,Federal Contract Tower,17,10,4,0,31,0,1,19,3,23,17,11,23,3,54,6,0,6,60
03/30/2014,HRL,TX,ASW,CE,Federal Contract Tower,17,8,2,0,27,0,0,12,3,15,17,8,14,3,42,12,0,12,54
03/31/2014,HRL,TX,ASW,CE,Federal Contract Tower,24,10,11,12,57,0,0,16,6,22,24,10,27,18,79,10,146,156,235
04/01/2014,HRL,TX,ASW,CE,Federal Contract Tower,47,12,3,16,78,0,0,14,5,19,47,12,17,21,97,20,74,94,191
04/02/2014,HRL,TX,ASW,CE,Federal Contract Tower,26,9,6,13,54,0,0,26,3,29,26,9,32,16,83,26,130,156,239
04/03/2014,HRL,TX,ASW,CE,Federal Contract Tower,26,11,6,18,61,0,2,21,4,27,26,13,27,22,88,20,188,208,296
04/04/2014,HRL,TX,ASW,CE,Federal Contract Tower,28,12,6,7,53,0,0,16,2,18,28,12,22,9,71,20,20,40,111
04/05/2014,HRL,TX,ASW,CE,Federal Contract Tower,17,12,2,2,33,0,0,6,1,7,17,12,8,3,40,16,4,20,60
04/06/2014,HRL,TX,ASW,CE,Federal Contract Tower,17,7,6,3,33,0,0,0,0,0,17,7,6,3,33,0,6,6,39
04/07/2014,HRL,TX,ASW,CE,Federal Contract Tower,24,13,21,18,76,0,1,32,5,38,24,14,53,23,114,32,164,196,310
04/08/2014,HRL,TX,ASW,CE,Federal Contract Tower,26,7,5,14,52,0,1,26,11,38,26,8,31,25,90,16,40,56,146
04/09/2014,HRL,TX,ASW,CE,Federal Contract Tower,24,7,12,9,52,0,2,33,7,42,24,9,45,16,94,30,2,32,126
04/10/2014,HRL,TX,ASW,CE,Federal Contract Tower,24,8,4,7,43,0,9,13,22,44,24,17,17,29,87,16,192,208,295
04/11/2014,HRL,TX,ASW,CE,Federal Contract Tower,24,11,5,10,50,0,6,25,13,44,24,17,30,23,94,4,76,80,174
04/12/2014,HRL,TX,ASW,CE,Federal Contract Tower,12,8,2,0,22,0,0,13,2,15,12,8,15,2,37,34,0,34,71
04/13/2014,HRL,TX,ASW,CE,Federal Contract Tower,16,8,0,4,28,0,0,19,2,21,16,8,19,6,49,28,4,32,81
04/14/2014,HRL,TX,ASW,CE,Federal Contract Tower,21,12,10,20,63,0,0,12,1,13,21,12,22,21,76,0,102,102,178
04/15/2014,HRL,TX,ASW,CE,Federal Contract Tower,26,13,3,13,55,0,5,29,6,40,26,18,32,19,95,22,50,72,167
04/16/2014,HRL,TX,ASW,CE,Federal Contract Tower,23,8,15,13,59,0,3,24,5,32,23,11,39,18,91,48,10,58,149
04/17/2014,HRL,TX,ASW,CE,Federal Contract Tower,25,14,13,20,72,0,1,14,7,22,25,15,27,27,94,20,94,114,208
04/18/2014,HRL,TX,ASW,CE,Federal Contract Tower,25,11,9,12,57,0,1,11,4,16,25,12,20,16,73,16,10,26,99
04/19/2014,HRL,TX,ASW,CE,Federal Contract Tower,12,7,2,0,21,0,0,21,2,23,12,7,23,2,44,36,2,38,82
04/20/2014,HRL,TX,ASW,CE,Federal Contract Tower,16,7,4,1,28,0,0,3,1,4,16,7,7,2,32,0,2,2,34
04/21/2014,HRL,TX,ASW,CE,Federal Contract Tower,23,10,11,19,63,0,0,25,5,30,23,10,36,24,93,30,74,104,197
04/22/2014,HRL,TX,ASW,CE,Federal Contract Tower,26,9,6,15,56,0,2,30,4,36,26,11,36,19,92,30,104,134,226
04/23/2014,HRL,TX,ASW,CE,Federal Contract Tower,24,10,14,20,68,0,3,24,12,39,24,13,38,32,107,54,96,150,257
04/24/2014,HRL,TX,ASW,CE,Federal Contract Tower,25,9,8,7,49,0,2,15,5,22,25,11,23,12,71,20,4,24,95
04/25/2014,HRL,TX,ASW,CE,Federal Contract Tower,24,13,9,6,52,0,0,15,8,23,24,13,24,14,75,0,62,62,137
04/26/2014,HRL,TX,ASW,CE,Federal Contract Tower,10,7,7,3,27,0,1,20,2,23,10,8,27,5,50,2,2,4,54
04/27/2014,HRL,TX,ASW,CE,Federal Contract Tower,16,6,2,6,30,0,0,10,1,11,16,6,12,7,41,42,0,42,83
04/28/2014,HRL,TX,ASW,CE,Federal Contract Tower,27,9,4,17,57,0,1,16,3,20,27,10,20,20,77,68,50,118,195
04/29/2014,HRL,TX,ASW,CE,Federal Contract Tower,25,8,0,25,58,0,2,21,2,25,25,10,21,27,83,26,148,174,257
04/30/2014,HRL,TX,ASW,CE,Federal Contract Tower,25,4,9,5,43,0,1,23,9,33,25,5,32,14,76,46,54,100,176
05/01/2014,HRL,TX,ASW,CE,Federal Contract Tower,24,10,6,6,46,0,4,24,8,36,24,14,30,14,82,18,102,120,202
05/02/2014,HRL,TX,ASW,CE,Federal Contract Tower,24,7,6,2,39,0,8,37,2,47,24,15,43,4,86,24,0,24,110
05/03/2014,HRL,TX,ASW,CE,Federal Contract Tower,10,7,1,0,18,0,0,10,1,11,10,7,11,1,29,4,0,4,33
05/04/2014,HRL,TX,ASW,CE,Federal Contract Tower,16,7,1,4,28,0,0,4,2,6,16,7,5,6,34,4,8,12,46
05/05/2014,HRL,TX,ASW,CE,Federal Contract Tower,17,11,9,13,50,1,3,35,3,42,18,14,44,16,92,4,50,54,146
05/06/2014,HRL,TX,ASW,CE,Federal Contract Tower,22,15,4,8,49,0,1,9,2,12,22,16,13,10,61,0,44,44,105
05/07/2014,HRL,TX,ASW,CE,Federal Contract Tower,24,18,9,3,54,0,3,15,2,20,24,21,24,5,74,26,16,42,116
05/08/2014,HRL,TX,ASW,CE,Federal Contract Tower,19,17,4,7,47,0,0,6,0,6,19,17,10,7,53,32,6,38,91
05/09/2014,HRL,TX,ASW,CE,Federal Contract Tower,25,15,12,0,52,0,1,20,1,22,25,16,32,1,74,144,0,144,218
05/10/2014,HRL,TX,ASW,CE,Federal Contract Tower,10,6,4,4,24,0,0,13,9,22,10,6,17,13,46,6,4,10,56
05/11/2014,HRL,TX,ASW,CE,Federal Contract Tower,14,6,5,0,25,0,0,1,11,12,14,6,6,11,37,0,0,0,37
05/12/2014,HRL,TX,ASW,CE,Federal Contract Tower,17,8,12,6,43,0,0,12,2,14,17,8,24,8,57,58,0,58,115
05/13/2014,HRL,TX,ASW,CE,Federal Contract Tower,21,12,6,7,46,0,0,2,2,4,21,12,8,9,50,10,36,46,96
05/14/2014,HRL,TX,ASW,CE,Federal Contract Tower,25,11,11,15,62,0,0,18,4,22,25,11,29,19,84,0,96,96,180
05/15/2014,HRL,TX,ASW,CE,Federal Contract Tower,23,10,7,22,62,0,3,24,3,30,23,13,31,25,92,16,16,32,124
05/16/2014,HRL,TX,ASW,CE,Federal Contract Tower,22,8,1,8,39,0,6,27,10,43,22,14,28,18,82,36,100,136,218
05/17/2014,HRL,TX,ASW,CE,Federal Contract Tower,8,6,3,4,21,0,0,10,2,12,8,6,13,6,33,2,8,10,43
05/18/2014,HRL,TX,ASW,CE,Federal Contract Tower,15,6,2,6,29,0,0,4,4,8,15,6,6,10,37,0,20,20,57
05/19/2014,HRL,TX,ASW,CE,Federal Contract Tower,22,11,11,17,61,0,0,13,10,23,22,11,24,27,84,52,114,166,250
05/20/2014,HRL,TX,ASW,CE,Federal Contract Tower,21,12,6,12,51,0,3,15,4,22,21,15,21,16,73,16,76,92,165
05/21/2014,HRL,TX,ASW,CE,Federal Contract Tower,22,9,11,10,52,0,3,17,7,27,22,12,28,17,79,10,12,22,101
05/22/2014,HRL,TX,ASW,CE,Federal Contract Tower,22,14,14,7,57,0,2,15,2,19,22,16,29,9,76,10,8,18,94
05/23/2014,HRL,TX,ASW,CE,Federal Contract Tower,25,8,14,1,48,0,2,15,2,19,25,10,29,3,67,10,2,12,79
05/24/2014,HRL,TX,ASW,CE,Federal Contract Tower,11,6,4,0,21,0,4,8,4,16,11,10,12,4,37,2,0,2,39
05/25/2014,HRL,TX,ASW,CE,Federal Contract Tower,12,9,5,0,26,0,1,6,2,9,12,10,11,2,35,10,0,10,45
05/26/2014,HRL,TX,ASW,CE,Federal Contract Tower,14,9,5,0,28,0,0,19,1,20,14,9,24,1,48,14,1,15,63
05/27/2014,HRL,TX,ASW,CE,Federal Contract Tower,20,8,18,12,58,0,1,19,8,28,20,9,37,20,86,12,100,112,198
05/28/2014,HRL,TX,ASW,CE,Federal Contract Tower,23,8,14,6,51,0,1,17,3,21,23,9,31,9,72,2,48,50,122
05/29/2014,HRL,TX,ASW,CE,Federal Contract Tower,25,10,10,24,69,0,1,17,3,21,25,11,27,27,90,6,46,52,142
05/30/2014,HRL,TX,ASW,CE,Federal Contract Tower,23,13,1,10,47,0,0,17,4,21,23,13,18,14,68,30,56,86,154
05/31/2014,HRL,TX,ASW,CE,Federal Contract Tower,11,5,3,11,30,0,0,17,2,19,11,5,20,13,49,10,10,20,69
06/01/2014,HRL,TX,ASW,CE,Federal Contract Tower,14,6,7,6,33,0,2,5,5,12,14,8,12,11,45,0,4,4,49
06/02/2014,HRL,TX,ASW,CE,Federal Contract Tower,21,11,17,35,84,0,0,15,8,23,21,11,32,43,107,2,18,20,127
06/03/2014,HRL,TX,ASW,CE,Federal Contract Tower,21,6,2,23,52,0,0,18,5,23,21,6,20,28,75,2,42,44,119
06/04/2014,HRL,TX,ASW,CE,Federal Contract Tower,21,7,6,13,47,0,2,17,6,25,21,9,23,19,72,22,98,120,192
06/05/2014,HRL,TX,ASW,CE,Federal Contract Tower,21,7,10,13,51,0,4,20,7,31,21,11,30,20,82,0,44,44,126
06/06/2014,HRL,TX,ASW,CE,Federal Contract Tower,21,8,2,9,40,0,5,11,0,16,21,13,13,9,56,14,8,22,78
06/07/2014,HRL,TX,ASW,CE,Federal Contract Tower,12,5,2,7,26,0,0,16,5,21,12,5,18,12,47,16,6,22,69
06/08/2014,HRL,TX,ASW,CE,Federal Contract Tower,10,5,1,10,26,0,0,2,4,6,10,5,3,14,32,0,10,10,42
06/09/2014,HRL,TX,ASW,CE,Federal Contract Tower,15,2,9,30,56,0,2,16,4,22,15,4,25,34,78,0,160,160,238
06/10/2014,HRL,TX,ASW,CE,Federal Contract Tower,18,6,7,4,35,0,2,13,1,16,18,8,20,5,51,50,52,102,153
06/11/2014,HRL,TX,ASW,CE,Federal Contract Tower,19,7,4,5,35,0,3,16,1,20,19,10,20,6,55,82,6,88,143
06/12/2014,HRL,TX,ASW,CE,Federal Contract Tower,18,7,18,11,54,0,2,33,8,43,18,9,51,19,97,8,166,174,271
06/13/2014,HRL,TX,ASW,CE,Federal Contract Tower,20,8,4,2,34,0,5,12,9,26,20,13,16,11,60,4,112,116,176
06/14/2014,HRL,TX,ASW,CE,Federal Contract Tower,11,5,2,0,18,0,0,8,2,10,11,5,10,2,28,6,0,6,34
06/15/2014,HRL,TX,ASW,CE,Federal Contract Tower,10,8,1,0,19,0,0,4,0,4,10,8,5,0,23,0,0,0,23
06/16/2014,HRL,TX,ASW,CE,Federal Contract Tower,15,12,10,14,51,0,1,19,4,24,15,13,29,18,75,2,54,56,131
06/17/2014,HRL,TX,ASW,CE,Federal Contract Tower,18,12,6,15,51,0,3,8,6,17,18,15,14,21,68,0,4,4,72
06/18/2014,HRL,TX,ASW,CE,Federal Contract Tower,18,9,9,9,45,0,0,13,6,19,18,9,22,15,64,2,142,144,208
06/19/2014,HRL,TX,ASW,CE,Federal Contract Tower,18,13,12,15,58,0,2,20,4,26,18,15,32,19,84,4,96,100,184
06/20/2014,HRL,TX,ASW,CE,Federal Contract Tower,18,11,2,16,47,0,0,16,3,19,18,11,18,19,66,16,53,69,135
06/21/2014,HRL,TX,ASW,CE,Federal Contract Tower,11,5,4,1,21,0,2,13,4,19,11,7,17,5,40,12,4,16,56
06/22/2014,HRL,TX,ASW,CE,Federal Contract Tower,10,6,2,10,28,0,0,2,4,6,10,6,4,14,34,4,8,12,46
06/23/2014,HRL,TX,ASW,CE,Federal Contract Tower,16,12,11,22,61,0,0,17,11,28,16,12,28,33,89,24,118,142,231
06/24/2014,HRL,TX,ASW,CE,Federal Contract Tower,20,10,7,13,50,0,0,10,6,16,20,10,17,19,66,2,54,56,122
06/25/2014,HRL,TX,ASW,CE,Federal Contract Tower,17,9,5,17,48,0,0,5,6,11,17,9,10,23,59,2,56,58,117
06/26/2014,HRL,TX,ASW,CE,Federal Contract Tower,17,11,6,20,54,0,1,13,5,19,17,12,19,25,73,20,30,50,123
06/27/2014,HRL,TX,ASW,CE,Federal Contract Tower,23,10,12,18,63,0,0,11,4,15,23,10,23,22,78,40,28,68,146
06/28/2014,HRL,TX,ASW,CE,Federal Contract Tower,13,6,6,2,27,0,0,8,1,9,13,6,14,3,36,0,0,0,36
06/29/2014,HRL,TX,ASW,CE,Federal Contract Tower,10,5,2,3,20,0,0,5,4,9,10,5,7,7,29,0,0,0,29
06/30/2014,HRL,TX,ASW,CE,Federal Contract Tower,15,10,8,24,57,0,0,27,3,30,15,10,35,27,87,36,168,204,291
07/01/2014,HRL,TX,ASW,CE,Federal Contract Tower,17,10,3,17,47,0,0,38,5,43,17,10,41,22,90,36,24,60,150
07/02/2014,HRL,TX,ASW,CE,Federal Contract Tower,20,11,5,11,47,0,0,43,6,49,20,11,48,17,96,36,58,94,190
07/03/2014,HRL,TX,ASW,CE,Federal Contract Tower,18,15,2,0,35,0,1,42,7,50,18,16,44,7,85,82,0,82,167
07/04/2014,HRL,TX,ASW,CE,Federal Contract Tower,5,5,0,0,10,0,2,40,0,42,5,7,40,0,52,66,0,66,118
07/05/2014,HRL,TX,ASW,CE,Federal Contract Tower,9,6,10,0,25,0,1,20,2,23,9,7,30,2,48,90,0,90,138
07/06/2014,HRL,TX,ASW,CE,Federal Contract Tower,9,6,7,0,22,0,0,6,3,9,9,6,13,3,31,0,0,0,31
07/07/2014,HRL,TX,ASW,CE,Federal Contract Tower,15,11,11,15,52,0,2,36,5,43,15,13,47,20,95,58,92,150,245
07/08/2014,HRL,TX,ASW,CE,Federal Contract Tower,17,9,11,5,42,0,3,47,3,53,17,12,58,8,95,54,8,62,157
07/09/2014,HRL,TX,ASW,CE,Federal Contract Tower,18,7,9,2,36,0,1,45,2,48,18,8,54,4,84,62,44,106,190
07/10/2014,HRL,TX,ASW,CE,Federal Contract Tower,18,11,6,0,35,0,0,24,2,26,18,11,30,2,61,52,0,52,113
07/11/2014,HRL,TX,ASW,CE,Federal Contract Tower,18,12,5,11,46,0,1,37,5,43,18,13,42,16,89,104,42,146,235
07/12/2014,HRL,TX,ASW,CE,Federal Contract Tower,11,7,4,10,32,0,0,40,5,45,11,7,44,15,77,62,18,80,157
07/13/2014,HRL,TX,ASW,CE,Federal Contract Tower,9,9,0,11,29,0,4,10,0,14,9,13,10,11,43,4,42,46,89
07/14/2014,HRL,TX,ASW,CE,Federal Contract Tower,15,12,6,9,42,0,1,38,3,42,15,13,44,12,84,122,14,136,220
07/15/2014,HRL,TX,ASW,CE,Federal Contract Tower,17,9,16,13,55,0,1,43,2,46,17,10,59,15,101,114,28,142,243
07/16/2014,HRL,TX,ASW,CE,Federal Contract Tower,17,11,6,18,52,0,2,43,8,53,17,13,49,26,105,96,128,224,329
07/17/2014,HRL,TX,ASW,CE,Federal Contract Tower,17,8,10,16,51,0,0,31,4,35,17,8,41,20,86,34,104,138,224
07/18/2014,HRL,TX,ASW,CE,Federal Contract Tower,19,9,4,0,32,0,0,24,3,27,19,9,28,3,59,38,0,38,97
07/19/2014,HRL,TX,ASW,CE,Federal Contract Tower,11,5,8,6,30,0,0,19,8,27,11,5,27,14,57,34,72,106,163
07/20/2014,HRL,TX,ASW,CE,Federal Contract Tower,10,7,6,5,28,0,0,9,0,9,10,7,15,5,37,8,8,16,53
07/21/2014,HRL,TX,ASW,CE,Federal Contract Tower,17,10,7,21,55,0,0,24,7,31,17,10,31,28,86,42,140,182,268
07/22/2014,HRL,TX,ASW,CE,Federal Contract Tower,19,14,1,12,46,0,1,15,6,22,19,15,16,18,68,2,36,38,106
07/23/2014,HRL,TX,ASW,CE,Federal Contract Tower,18,11,8,10,47,0,1,26,4,31,18,12,34,14,78,50,16,66,144
07/24/2014,HRL,TX,ASW,CE,Federal Contract Tower,17,11,5,8,41,0,1,25,6,32,17,12,30,14,73,38,60,98,171
07/25/2014,HRL,TX,ASW,CE,Federal Contract Tower,20,11,10,6,47,0,0,26,2,28,20,11,36,8,75,34,20,54,129
07/26/2014,HRL,TX,ASW,CE,Federal Contract Tower,11,5,7,0,23,0,3,17,2,22,11,8,24,2,45,18,0,18,63
07/27/2014,HRL,TX,ASW,CE,Federal Contract Tower,9,7,1,1,18,0,2,12,2,16,9,9,13,3,34,10,14,24,58
07/28/2014,HRL,TX,ASW,CE,Federal Contract Tower,15,12,13,5,45,0,0,24,4,28,15,12,37,9,73,8,62,70,143
07/29/2014,HRL,TX,ASW,CE,Federal Contract Tower,17,16,1,11,45,0,0,15,5,20,17,16,16,16,65,0,48,48,113
07/30/2014,HRL,TX,ASW,CE,Federal Contract Tower,17,12,7,11,47,0,0,16,7,23,17,12,23,18,70,8,100,108,178
07/31/2014,HRL,TX,ASW,CE,Federal Contract Tower,16,9,7,18,50,0,2,14,5,21,16,11,21,23,71,4,42,46,117
08/01/2014,HRL,TX,ASW,CE,Federal Contract Tower,17,12,1,14,44,0,1,12,11,24,17,13,13,25,68,16,146,162,230
08/02/2014,HRL,TX,ASW,CE,Federal Contract Tower,10,4,0,0,14,0,0,5,4,9,10,4,5,4,23,10,0,10,33
08/03/2014,HRL,TX,ASW,CE,Federal Contract Tower,11,7,0,0,18,0,0,7,2,9,11,7,7,2,27,0,0,0,27
08/04/2014,HRL,TX,ASW,CE,Federal Contract Tower,15,11,10,16,52,0,1,31,4,36,15,12,41,20,88,44,60,104,192
08/05/2014,HRL,TX,ASW,CE,Federal Contract Tower,17,10,7,18,52,0,1,20,4,25,17,11,27,22,77,36,42,78,155
08/06/2014,HRL,TX,ASW,CE,Federal Contract Tower,17,10,5,18,50,0,1,27,8,36,17,11,32,26,86,46,122,168,254
08/07/2014,HRL,TX,ASW,CE,Federal Contract Tower,18,12,7,12,49,0,4,21,2,27,18,16,28,14,76,58,16,74,150
08/08/2014,HRL,TX,ASW,CE,Federal Contract Tower,18,14,0,5,37,0,0,12,3,15,18,14,12,8,52,42,10,52,104
08/09/2014,HRL,TX,ASW,CE,Federal Contract Tower,10,5,2,7,24,0,0,11,2,13,10,5,13,9,37,4,6,10,47
08/10/2014,HRL,TX,ASW,CE,Federal Contract Tower,10,9,4,2,25,0,0,10,2,12,10,9,14,4,37,0,4,4,41
08/11/2014,HRL,TX,ASW,CE,Federal Contract Tower,15,10,4,13,42,0,0,13,1,14,15,10,17,14,56,16,166,182,238
08/12/2014,HRL,TX,ASW,CE,Federal Contract Tower,18,11,7,19,55,0,0,33,3,36,18,11,40,22,91,28,234,262,353
08/13/2014,HRL,TX,ASW,CE,Federal Contract Tower,18,10,10,16,54,0,2,22,11,35,18,12,32,27,89,0,118,118,207
08/14/2014,HRL,TX,ASW,CE,Federal Contract Tower,18,10,7,16,51,0,0,14,6,20,18,10,21,22,71,24,36,60,131
08/15/2014,HRL,TX,ASW,CE,Federal Contract Tower,17,11,1,12,41,0,0,13,11,24,17,11,14,23,65,22,78,100,165
08/16/2014,HRL,TX,ASW,CE,Federal Contract Tower,9,5,2,0,16,0,0,22,3,25,9,5,24,3,41,18,0,18,59
08/17/2014,HRL,TX,ASW,CE,Federal Contract Tower,10,7,3,7,27,0,0,3,1,4,10,7,6,8,31,0,4,4,35
08/18/2014,HRL,TX,ASW,CE,Federal Contract Tower,15,10,6,10,41,0,0,21,6,27,15,10,27,16,68,10,142,152,220
08/19/2014,HRL,TX,ASW,CE,Federal Contract Tower,19,9,11,13,52,0,1,18,5,24,19,10,29,18,76,12,24,36,112
08/20/2014,HRL,TX,ASW,CE,Federal Contract Tower,17,10,12,17,56,0,0,19,9,28,17,10,31,26,84,24,126,150,234
08/21/2014,HRL,TX,ASW,CE,Federal Contract Tower,18,14,8,11,51,0,0,14,4,18,18,14,22,15,69,4,42,46,115
08/22/2014,HRL,TX,ASW,CE,Federal Contract Tower,17,11,5,10,43,0,0,18,8,26,17,11,23,18,69,8,60,68,137
08/23/2014,HRL,TX,ASW,CE,Federal Contract Tower,9,5,1,4,19,0,0,12,1,13,9,5,13,5,32,26,8,34,66
08/24/2014,HRL,TX,ASW,CE,Federal Contract Tower,10,7,9,2,28,0,0,5,1,6,10,7,14,3,34,0,4,4,38
08/25/2014,HRL,TX,ASW,CE,Federal Contract Tower,14,10,15,12,51,0,0,17,4,21,14,10,32,16,72,18,26,44,116
08/26/2014,HRL,TX,ASW,CE,Federal Contract Tower,18,9,8,14,49,0,0,17,2,19,18,9,25,16,68,18,46,64,132
08/27/2014,HRL,TX,ASW,CE,Federal Contract Tower,17,11,9,4,41,0,0,13,3,16,17,11,22,7,57,18,34,52,109
08/28/2014,HRL,TX,ASW,CE,Federal Contract Tower,18,14,11,6,49,0,1,10,1,12,18,15,21,7,61,24,12,36,97
08/29/2014,HRL,TX,ASW,CE,Federal Contract Tower,20,15,10,0,45,0,0,4,2,6,20,15,14,2,51,32,0,32,83
08/30/2014,HRL,TX,ASW,CE,Federal Contract Tower,6,6,1,0,13,0,0,4,1,5,6,6,5,1,18,2,0,2,20
08/31/2014,HRL,TX,ASW,CE,Federal Contract Tower,10,7,3,0,20,0,0,5,1,6,10,7,8,1,26,2,0,2,28
09/01/2014,HRL,TX,ASW,CE,Federal Contract Tower,12,7,7,0,26,0,1,13,4,18,12,8,20,4,44,6,6,12,56
09/02/2014,HRL,TX,ASW,CE,Federal Contract Tower,15,11,2,14,42,0,0,21,3,24,15,11,23,17,66,16,44,60,126
09/03/2014,HRL,TX,ASW,CE,Federal Contract Tower,20,10,16,7,53,0,0,10,0,10,20,10,26,7,63,12,14,26,89
09/04/2014,HRL,TX,ASW,CE,Federal Contract Tower,17,9,13,15,54,0,0,3,2,5,17,9,16,17,59,22,30,52,111
09/05/2014,HRL,TX,ASW,CE,Federal Contract Tower,18,9,4,5,36,0,0,11,2,13,18,9,15,7,49,12,10,22,71
09/06/2014,HRL,TX,ASW,CE,Federal Contract Tower,9,5,1,0,15,0,0,18,2,20,9,5,19,2,35,30,0,30,65
09/07/2014,HRL,TX,ASW,CE,Federal Contract Tower,10,6,1,0,17,0,0,12,3,15,10,6,13,3,32,34,0,34,66
09/08/2014,HRL,TX,ASW,CE,Federal Contract Tower,15,11,11,18,55,0,0,17,4,21,15,11,28,22,76,18,64,82,158
09/09/2014,HRL,TX,ASW,CE,Federal Contract Tower,20,8,6,4,38,0,0,27,2,29,20,8,33,6,67,10,6,16,83
09/10/2014,HRL,TX,ASW,CE,Federal Contract Tower,18,9,6,1,34,0,0,14,4,18,18,9,20,5,52,2,6,8,60
09/11/2014,HRL,TX,ASW,CE,Federal Contract Tower,19,7,10,0,36,0,3,18,2,23,19,10,28,2,59,38,0,38,97
09/12/2014,HRL,TX,ASW,CE,Federal Contract Tower,17,12,12,0,41,0,3,13,0,16,17,15,25,0,57,30,0,30,87
09/13/2014,HRL,TX,ASW,CE,Federal Contract Tower,9,5,2,0,16,0,0,2,2,4,9,5,4,2,20,0,0,0,20
09/14/2014,HRL,TX,ASW,CE,Federal Contract Tower,10,12,7,0,29,0,0,1,1,2,10,12,8,1,31,0,0,0,31
09/15/2014,HRL,TX,ASW,CE,Federal Contract Tower,16,12,7,0,35,0,0,7,1,8,16,12,14,1,43,0,0,0,43
09/16/2014,HRL,TX,ASW,CE,Federal Contract Tower,16,10,7,1,34,0,0,16,1,17,16,10,23,2,51,14,2,16,67
09/17/2014,HRL,TX,ASW,CE,Federal Contract Tower,18,9,9,1,37,0,0,22,10,32,18,9,31,11,69,42,82,124,193
09/18/2014,HRL,TX,ASW,CE,Federal Contract Tower,17,8,3,7,35,0,0,23,3,26,17,8,26,10,61,16,46,62,123
09/19/2014,HRL,TX,ASW,CE,Federal Contract Tower,17,16,17,26,76,0,0,28,2,30,17,16,45,28,106,18,80,98,204
09/20/2014,HRL,TX,ASW,CE,Federal Contract Tower,9,7,3,0,19,0,0,14,4,18,9,7,17,4,37,8,44,52,89
09/21/2014,HRL,TX,ASW,CE,Federal Contract Tower,9,8,7,0,24,0,0,18,2,20,9,8,25,2,44,24,0,24,68
09/22/2014,HRL,TX,ASW,CE,Federal Contract Tower,15,11,10,10,46,0,0,23,3,26,15,11,33,13,72,10,52,62,134
09/23/2014,HRL,TX,ASW,CE,Federal Contract Tower,17,10,5,5,37,0,0,22,1,23,17,10,27,6,60,10,4,14,74
09/24/2014,HRL,TX,ASW,CE,Federal Contract Tower,18,15,9,7,49,0,0,13,4,17,18,15,22,11,66,2,12,14,80
09/25/2014,HRL,TX,ASW,CE,Federal Contract Tower,17,12,7,6,42,0,0,37,2,39,17,12,44,8,81,32,10,42,123
09/26/2014,HRL,TX,ASW,CE,Federal Contract Tower,18,13,8,0,39,0,0,8,1,9,18,13,16,1,48,4,0,4,52
09/27/2014,HRL,TX,ASW,CE,Federal Contract Tower,11,9,6,0,26,0,0,0,0,0,11,9,6,0,26,0,0,0,26
09/28/2014,HRL,TX,ASW,CE,Federal Contract Tower,12,9,6,1,28,0,2,10,2,14,12,11,16,3,42,14,2,16,58
09/29/2014,HRL,TX,ASW,CE,Federal Contract Tower,15,12,9,18,54,0,0,11,1,12,15,12,20,19,66,0,36,36,102
09/30/2014,HRL,TX,ASW,CE,Federal Contract Tower,19,8,8,12,47,0,0,11,1,12,19,8,19,13,59,8,62,70,129
10/01/2014,HRL,TX,ASW,CE,Federal Contract Tower,20,12,17,9,58,0,1,19,1,21,20,13,36,10,79,8,30,38,117
10/02/2014,HRL,TX,ASW,CE,Federal Contract Tower,19,10,7,15,51,0,0,26,6,32,19,10,33,21,83,6,126,132,215
10/03/2014,HRL,TX,ASW,CE,Federal Contract Tower,19,13,3,0,35,0,0,21,1,22,19,13,24,1,57,32,0,32,89
10/04/2014,HRL,TX,ASW,CE,Federal Contract Tower,9,5,1,5,20,0,0,23,2,25,9,5,24,7,45,2,10,12,57
10/05/2014,HRL,TX,ASW,CE,Federal Contract Tower,10,5,2,12,29,0,0,23,2,25,10,5,25,14,54,16,70,86,140
10/06/2014,HRL,TX,ASW,CE,Federal Contract Tower,16,13,15,9,53,0,0,22,4,26,16,13,37,13,79,52,102,154,233
10/07/2014,HRL,TX,ASW,CE,Federal Contract Tower,20,8,4,12,44,0,0,25,5,30,20,8,29,17,74,4,26,30,104
10/08/2014,HRL,TX,ASW,CE,Federal Contract Tower,19,14,10,3,46,0,1,26,4,31,19,15,36,7,77,22,6,28,105
10/09/2014,HRL,TX,ASW,CE,Federal Contract Tower,18,9,7,11,45,0,2,22,7,31,18,11,29,18,76,4,60,64,140
10/10/2014,HRL,TX,ASW,CE,Federal Contract Tower,18,10,5,20,53,0,1,22,6,29,18,11,27,26,82,12,136,148,230
10/11/2014,HRL,TX,ASW,CE,Federal Contract Tower,9,5,0,0,14,0,0,9,1,10,9,5,9,1,24,2,0,2,26
10/12/2014,HRL,TX,ASW,CE,Federal Contract Tower,10,6,3,0,19,0,0,2,2,4,10,6,5,2,23,0,0,0,23
10/13/2014,HRL,TX,ASW,CE,Federal Contract Tower,16,7,8,0,31,0,0,10,4,14,16,7,18,4,45,2,0,2,47
10/14/2014,HRL,TX,ASW,CE,Federal Contract Tower,20,12,6,14,52,0,8,25,5,38,20,20,31,19,90,4,172,176,266
10/15/2014,HRL,TX,ASW,CE,Federal Contract Tower,17,13,19,12,61,0,3,38,3,44,17,16,57,15,105,32,20,52,157
10/16/2014,HRL,TX,ASW,CE,Federal Contract Tower,19,14,7,5,45,0,5,11,3,19,19,19,18,8,64,4,10,14,78
10/17/2014,HRL,TX,ASW,CE,Federal Contract Tower,19,13,7,6,45,0,1,29,3,33,19,14,36,9,78,18,10,28,106
10/18/2014,HRL,TX,ASW,CE,Federal Contract Tower,8,7,3,0,18,0,0,12,3,15,8,7,15,3,33,6,0,6,39
10/19/2014,HRL,TX,ASW,CE,Federal Contract Tower,10,7,1,1,19,0,0,7,1,8,10,7,8,2,27,0,2,2,29
10/20/2014,HRL,TX,ASW,CE,Federal Contract Tower,18,13,9,13,53,0,0,18,1,19,18,13,27,14,72,26,46,72,144
10/21/2014,HRL,TX,ASW,CE,Federal Contract Tower,19,10,9,3,41,0,0,9,3,12,19,10,18,6,53,6,6,12,65
10/22/2014,HRL,TX,ASW,CE,Federal Contract Tower,18,9,6,3,36,0,0,19,5,24,18,9,25,8,60,2,8,10,70
10/23/2014,HRL,TX,ASW,CE,Federal Contract Tower,18,14,12,5,49,0,1,30,4,35,18,15,42,9,84,38,92,130,214
10/24/2014,HRL,TX,ASW,CE,Federal Contract Tower,21,8,7,6,42,0,1,36,3,40,21,9,43,9,82,34,30,64,146
10/25/2014,HRL,TX,ASW,CE,Federal Contract Tower,9,7,6,0,22,0,0,18,4,22,9,7,24,4,44,10,0,10,54
10/26/2014,HRL,TX,ASW,CE,Federal Contract Tower,10,8,2,0,20,0,0,13,2,15,10,8,15,2,35,2,0,2,37
10/27/2014,HRL,TX,ASW,CE,Federal Contract Tower,16,9,11,7,43,0,2,26,6,34,16,11,37,13,77,48,66,114,191
10/28/2014,HRL,TX,ASW,CE,Federal Contract Tower,20,12,8,11,51,0,1,22,9,32,20,13,30,20,83,6,84,90,173
10/29/2014,HRL,TX,ASW,CE,Federal Contract Tower,19,12,8,8,47,0,2,35,9,46,19,14,43,17,93,28,12,40,133
10/30/2014,HRL,TX,ASW,CE,Federal Contract Tower,20,13,11,12,56,0,0,29,9,38,20,13,40,21,94,10,60,70,164
10/31/2014,HRL,TX,ASW,CE,Federal Contract Tower,19,11,10,0,40,0,1,9,1,11,19,12,19,1,51,0,0,0,51
11/01/2014,HRL,TX,ASW,CE,Federal Contract Tower,8,7,3,11,29,0,0,15,6,21,8,7,18,17,50,26,50,76,126
11/02/2014,HRL,TX,ASW,CE,Federal Contract Tower,8,7,4,1,20,0,0,10,6,16,8,7,14,7,36,2,8,10,46
11/03/2014,HRL,TX,ASW,CE,Federal Contract Tower,18,11,14,11,54,0,0,17,8,25,18,11,31,19,79,20,124,144,223
11/04/2014,HRL,TX,ASW,CE,Federal Contract Tower,18,9,6,24,57,0,0,18,2,20,18,9,24,26,77,14,68,82,159
11/05/2014,HRL,TX,ASW,CE,Federal Contract Tower,18,14,9,18,59,0,0,10,2,12,18,14,19,20,71,2,76,78,149
11/06/2014,HRL,TX,ASW,CE,Federal Contract Tower,23,14,7,1,45,0,0,0,0,0,23,14,7,1,45,0,4,4,49
11/07/2014,HRL,TX,ASW,CE,Federal Contract Tower,19,11,9,7,46,0,1,15,0,16,19,12,24,7,62,30,14,44,106
11/08/2014,HRL,TX,ASW,CE,Federal Contract Tower,11,7,2,0,20,0,0,13,3,16,11,7,15,3,36,32,6,38,74
11/09/2014,HRL,TX,ASW,CE,Federal Contract Tower,8,7,5,1,21,0,0,15,4,19,8,7,20,5,40,6,6,12,52
11/10/2014,HRL,TX,ASW,CE,Federal Contract Tower,16,7,4,5,32,0,0,18,2,20,16,7,22,7,52,2,10,12,64
11/11/2014,HRL,TX,ASW,CE,Federal Contract Tower,17,5,7,0,29,0,2,10,1,13,17,7,17,1,42,0,0,0,42
11/12/2014,HRL,TX,ASW,CE,Federal Contract Tower,18,10,4,7,39,0,0,2,0,2,18,10,6,7,41,0,26,26,67
11/13/2014,HRL,TX,ASW,CE,Federal Contract Tower,19,13,5,7,44,0,0,19,1,20,19,13,24,8,64,12,14,26,90
11/14/2014,HRL,TX,ASW,CE,Federal Contract Tower,18,12,9,18,57,0,0,19,1,20,18,12,28,19,77,32,98,130,207
11/15/2014,HRL,TX,ASW,CE,Federal Contract Tower,11,7,5,2,25,0,0,0,0,0,11,7,5,2,25,2,4,6,31
11/16/2014,HRL,TX,ASW,CE,Federal Contract Tower,8,8,1,1,18,0,0,2,0,2,8,8,3,1,20,0,15,15,35
11/17/2014,HRL,TX,ASW,CE,Federal Contract Tower,17,13,7,8,45,0,0,24,2,26,17,13,31,10,71,46,56,102,173
11/18/2014,HRL,TX,ASW,CE,Federal Contract Tower,18,11,9,6,44,0,9,20,1,30,18,20,29,7,74,38,96,134,208
11/19/2014,HRL,TX,ASW,CE,Federal Contract Tower,17,11,10,8,46,0,1,16,2,19,17,12,26,10,65,6,74,80,145
11/20/2014,HRL,TX,ASW,CE,Federal Contract Tower,20,14,11,10,55,0,0,9,5,14,20,14,20,15,69,12,148,160,229
11/21/2014,HRL,TX,ASW,CE,Federal Contract Tower,18,16,10,14,58,0,3,9,1,13,18,19,19,15,71,10,48,58,129
11/22/2014,HRL,TX,ASW,CE,Federal Contract Tower,12,7,3,1,23,0,0,2,0,2,12,7,5,1,25,16,0,16,41
11/23/2014,HRL,TX,ASW,CE,Federal Contract Tower,8,7,0,0,15,0,0,6,3,9,8,7,6,3,24,12,0,12,36
11/24/2014,HRL,TX,ASW,CE,Federal Contract Tower,17,6,5,7,35,0,2,22,1,25,17,8,27,8,60,6,56,62,122
11/25/2014,HRL,TX,ASW,CE,Federal Contract Tower,20,5,13,12,50,0,4,29,2,35,20,9,42,14,85,6,184,190,275
11/26/2014,HRL,TX,ASW,CE,Federal Contract Tower,17,7,9,3,36,0,2,10,2,14,17,9,19,5,50,0,24,24,74
11/27/2014,HRL,TX,ASW,CE,Federal Contract Tower,7,7,4,1,19,0,2,17,1,20,7,9,21,2,39,16,0,16,55
11/28/2014,HRL,TX,ASW,CE,Federal Contract Tower,19,14,2,0,35,0,1,11,4,16,19,15,13,4,51,2,0,2,53
11/29/2014,HRL,TX,ASW,CE,Federal Contract Tower,11,11,4,0,26,0,0,13,1,14,11,11,17,1,40,4,0,4,44
11/30/2014,HRL,TX,ASW,CE,Federal Contract Tower,14,10,10,1,35,0,0,6,0,6,14,10,16,1,41,16,0,16,57
12/01/2014,HRL,TX,ASW,CE,Federal Contract Tower,17,10,4,15,46,0,2,13,0,15,17,12,17,15,61,0,162,162,223
12/02/2014,HRL,TX,ASW,CE,Federal Contract Tower,25,13,6,18,62,0,0,4,0,4,25,13,10,18,66,0,26,26,92
12/03/2014,HRL,TX,ASW,CE,Federal Contract Tower,20,7,6,6,39,0,0,4,3,7,20,7,10,9,46,20,38,58,104
12/04/2014,HRL,TX,ASW,CE,Federal Contract Tower,25,12,8,10,55,0,0,23,4,27,25,12,31,14,82,6,116,122,204
12/05/2014,HRL,TX,ASW,CE,Federal Contract Tower,20,12,4,8,44,0,1,14,7,22,20,13,18,15,66,28,109,137,203
12/06/2014,HRL,TX,ASW,CE,Federal Contract Tower,11,7,6,1,25,0,0,2,0,2,11,7,8,1,27,4,2,6,33
12/07/2014,HRL,TX,ASW,CE,Federal Contract Tower,7,8,10,0,25,0,0,0,0,0,7,8,10,0,25,6,0,6,31
12/08/2014,HRL,TX,ASW,CE,Federal Contract Tower,17,12,11,9,49,0,0,0,3,3,17,12,11,12,52,0,18,18,70
12/09/2014,HRL,TX,ASW,CE,Federal Contract Tower,24,8,8,16,56,0,5,20,3,28,24,13,28,19,84,10,92,102,186
12/10/2014,HRL,TX,ASW,CE,Federal Contract Tower,22,9,11,12,54,0,1,23,8,32,22,10,34,20,86,18,100,118,204
12/11/2014,HRL,TX,ASW,CE,Federal Contract Tower,21,8,6,9,44,0,4,24,17,45,21,12,30,26,89,10,226,236,325
12/12/2014,HRL,TX,ASW,CE,Federal Contract Tower,21,17,7,5,50,0,2,35,6,43,21,19,42,11,93,26,16,42,135
12/13/2014,HRL,TX,ASW,CE,Federal Contract Tower,11,8,1,0,20,0,0,17,4,21,11,8,18,4,41,22,2,24,65
12/14/2014,HRL,TX,ASW,CE,Federal Contract Tower,8,8,5,0,21,0,0,10,2,12,8,8,15,2,33,10,2,12,45
12/15/2014,HRL,TX,ASW,CE,Federal Contract Tower,16,11,9,16,52,0,0,17,15,32,16,11,26,31,84,34,148,182,266
12/16/2014,HRL,TX,ASW,CE,Federal Contract Tower,25,8,15,10,58,0,0,11,3,14,25,8,26,13,72,14,96,110,182
12/17/2014,HRL,TX,ASW,CE,Federal Contract Tower,23,11,9,14,57,0,0,19,1,20,23,11,28,15,77,22,59,81,158
12/18/2014,HRL,TX,ASW,CE,Federal Contract Tower,27,9,9,14,59,0,0,7,2,9,27,9,16,16,68,4,68,72,140
12/19/2014,HRL,TX,ASW,CE,Federal Contract Tower,24,20,10,5,59,0,0,2,0,2,24,20,12,5,61,4,6,10,71
12/20/2014,HRL,TX,ASW,CE,Federal Contract Tower,12,10,7,3,32,0,2,0,0,2,12,12,7,3,34,4,12,16,50
12/21/2014,HRL,TX,ASW,CE,Federal Contract Tower,9,10,3,4,26,0,0,2,1,3,9,10,5,5,29,0,4,4,33
12/22/2014,HRL,TX,ASW,CE,Federal Contract Tower,19,12,11,4,46,0,0,20,4,24,19,12,31,8,70,32,8,40,110
12/23/2014,HRL,TX,ASW,CE,Federal Contract Tower,27,9,17,11,64,0,1,13,5,19,27,10,30,16,83,6,22,28,111
12/24/2014,HRL,TX,ASW,CE,Federal Contract Tower,18,6,3,0,27,0,3,17,2,22,18,9,20,2,49,0,0,0,49
12/25/2014,HRL,TX,ASW,CE,Federal Contract Tower,8,5,2,0,15,0,0,8,1,9,8,5,10,1,24,0,0,0,24
12/26/2014,HRL,TX,ASW,CE,Federal Contract Tower,18,13,3,0,34,0,6,10,1,17,18,19,13,1,51,0,0,0,51
12/27/2014,HRL,TX,ASW,CE,Federal Contract Tower,13,6,2,2,23,0,0,1,0,1,13,6,3,2,24,0,2,2,26
12/28/2014,HRL,TX,ASW,CE,Federal Contract Tower,12,9,2,0,23,0,0,1,2,3,12,9,3,2,26,0,0,0,26
12/29/2014,HRL,TX,ASW,CE,Federal Contract Tower,20,11,6,3,40,0,0,9,2,11,20,11,15,5,51,10,12,22,73
12/30/2014,HRL,TX,ASW,CE,Federal Contract Tower,22,17,8,4,51,0,0,13,6,19,22,17,21,10,70,4,8,12,82
12/31/2014,HRL,TX,ASW,CE,Federal Contract Tower,16,15,5,0,36,0,0,0,0,0,16,15,5,0,36,2,0,2,38
01/01/2015,HRL,TX,ASW,CE,Federal Contract Tower,9,12,1,0,22,0,0,0,0,0,9,12,1,0,22,0,0,0,22
01/02/2015,HRL,TX,ASW,CE,Federal Contract Tower,19,22,3,0,44,0,0,0,0,0,19,22,3,0,44,2,0,2,46
01/03/2015,HRL,TX,ASW,CE,Federal Contract Tower,14,15,7,0,36,0,0,0,1,1,14,15,7,1,37,0,0,0,37
01/04/2015,HRL,TX,ASW,CE,Federal Contract Tower,15,8,5,0,28,0,0,19,0,19,15,8,24,0,47,2,0,2,49
01/05/2015,HRL,TX,ASW,CE,Federal Contract Tower,21,10,8,6,45,0,1,23,0,24,21,11,31,6,69,4,8,12,81
01/06/2015,HRL,TX,ASW,CE,Federal Contract Tower,20,6,2,7,35,0,3,34,1,38,20,9,36,8,73,8,10,18,91
01/07/2015,HRL,TX,ASW,CE,Federal Contract Tower,20,12,8,6,46,0,1,7,0,8,20,13,15,6,54,2,8,10,64
01/08/2015,HRL,TX,ASW,CE,Federal Contract Tower,18,16,8,13,55,0,0,1,7,8,18,16,9,20,63,0,26,26,89
01/09/2015,HRL,TX,ASW,CE,Federal Contract Tower,20,20,8,1,49,0,0,0,0,0,20,20,8,1,49,0,2,2,51
01/10/2015,HRL,TX,ASW,CE,Federal Contract Tower,13,11,5,0,29,0,0,0,0,0,13,11,5,0,29,0,0,0,29
01/11/2015,HRL,TX,ASW,CE,Federal Contract Tower,9,10,4,0,23,0,7,4,4,15,9,17,8,4,38,2,0,2,40
01/12/2015,HRL,TX,ASW,CE,Federal Contract Tower,21,13,10,15,59,0,0,17,0,17,21,13,27,15,76,6,114,120,196
01/13/2015,HRL,TX,ASW,CE,Federal Contract Tower,18,9,12,20,59,0,0,3,0,3,18,9,15,20,62,0,36,36,98
01/14/2015,HRL,TX,ASW,CE,Federal Contract Tower,20,11,13,4,48,0,0,2,0,2,20,11,15,4,50,0,8,8,58
01/15/2015,HRL,TX,ASW,CE,Federal Contract Tower,20,18,25,16,79,0,1,16,6,23,20,19,41,22,102,28,32,60,162
01/16/2015,HRL,TX,ASW,CE,Federal Contract Tower,22,17,14,14,67,0,4,33,10,47,22,21,47,24,114,50,90,140,254
01/17/2015,HRL,TX,ASW,CE,Federal Contract Tower,11,10,15,3,39,0,0,27,1,28,11,10,42,4,67,38,6,44,111
01/18/2015,HRL,TX,ASW,CE,Federal Contract Tower,9,13,11,2,35,0,0,12,2,14,9,13,23,4,49,36,4,40,89
01/19/2015,HRL,TX,ASW,CE,Federal Contract Tower,18,10,7,5,40,0,0,15,2,17,18,10,22,7,57,18,8,26,83
01/20/2015,HRL,TX,ASW,CE,Federal Contract Tower,14,11,6,16,47,0,1,23,7,31,14,12,29,23,78,10,26,36,114
01/21/2015,HRL,TX,ASW,CE,Federal Contract Tower,15,14,21,7,57,0,0,17,1,18,15,14,38,8,75,34,12,46,121
01/22/2015,HRL,TX,ASW,CE,Federal Contract Tower,19,13,14,31,77,0,0,5,1,6,19,13,19,32,83,0,54,54,137
01/23/2015,HRL,TX,ASW,CE,Federal Contract Tower,18,15,15,18,66,0,0,14,4,18,18,15,29,22,84,2,196,198,282
01/24/2015,HRL,TX,ASW,CE,Federal Contract Tower,10,7,4,2,23,0,0,33,3,36,10,7,37,5,59,46,4,50,109
01/25/2015,HRL,TX,ASW,CE,Federal Contract Tower,9,9,2,0,20,3,0,30,2,35,12,9,32,2,55,40,0,40,95
01/26/2015,HRL,TX,ASW,CE,Federal Contract Tower,17,9,13,11,50,0,1,30,2,33,17,10,43,13,83,40,22,62,145
01/27/2015,HRL,TX,ASW,CE,Federal Contract Tower,17,7,7,18,49,0,3,32,1,36,17,10,39,19,85,14,120,134,219
01/28/2015,HRL,TX,ASW,CE,Federal Contract Tower,20,10,12,0,42,0,4,37,5,46,20,14,49,5,88,54,78,132,220
01/29/2015,HRL,TX,ASW,CE,Federal Contract Tower,20,16,20,19,75,0,3,24,3,30,20,19,44,22,105,22,98,120,225
01/30/2015,HRL,TX,ASW,CE,Federal Contract Tower,19,13,13,14,59,0,0,8,6,14,19,13,21,20,73,26,20,46,119
01/31/2015,HRL,TX,ASW,CE,Federal Contract Tower,17,5,0,0,22,0,0,14,3,17,17,5,14,3,39,36,0,36,75
02/01/2015,HRL,TX,ASW,CE,Federal Contract Tower,11,6,10,0,27,0,0,11,1,12,11,6,21,1,39,28,0,28,67
02/02/2015,HRL,TX,ASW,CE,Federal Contract Tower,19,8,21,9,57,0,2,25,4,31,19,10,46,13,88,30,16,46,134
02/03/2015,HRL,TX,ASW,CE,Federal Contract Tower,19,9,6,5,39,1,0,7,0,8,20,9,13,5,47,0,8,8,55
02/04/2015,HRL,TX,ASW,CE,Federal Contract Tower,18,12,11,6,47,0,0,1,0,1,18,12,12,6,48,0,6,6,54
02/05/2015,HRL,TX,ASW,CE,Federal Contract Tower,19,12,11,14,56,0,0,11,7,18,19,12,22,21,74,2,66,68,142
02/06/2015,HRL,TX,ASW,CE,Federal Contract Tower,19,14,15,7,55,0,0,20,9,29,19,14,35,16,84,68,138,206,290
02/07/2015,HRL,TX,ASW,CE,Federal Contract Tower,11,9,5,3,28,0,2,18,0,20,11,11,23,3,48,46,6,52,100
02/08/2015,HRL,TX,ASW,CE,Federal Contract Tower,9,11,9,4,33,0,0,7,4,11,9,11,16,8,44,8,8,16,60
02/09/2015,HRL,TX,ASW,CE,Federal Contract Tower,22,7,9,3,41,0,0,14,5,19,22,7,23,8,60,20,42,62,122
02/10/2015,HRL,TX,ASW,CE,Federal Contract Tower,19,5,9,16,49,0,0,35,3,38,19,5,44,19,87,34,46,80,167
02/11/2015,HRL,TX,ASW,CE,Federal Contract Tower,19,13,14,12,58,0,2,24,5,31,19,15,38,17,89,12,54,66,155
02/12/2015,HRL,TX,ASW,CE,Federal Contract Tower,20,10,9,6,45,0,2,16,4,22,20,12,25,10,67,8,90,98,165
02/13/2015,HRL,TX,ASW,CE,Federal Contract Tower,22,10,7,7,46,0,2,32,2,36,22,12,39,9,82,28,24,52,134
02/14/2015,HRL,TX,ASW,CE,Federal Contract Tower,10,10,4,3,27,0,0,27,3,30,10,10,31,6,57,70,6,76,133
02/15/2015,HRL,TX,ASW,CE,Federal Contract Tower,7,11,15,0,33,0,0,15,4,19,7,11,30,4,52,52,0,52,104
02/16/2015,HRL,TX,ASW,CE,Federal Contract Tower,19,7,13,4,43,0,0,8,3,11,19,7,21,7,54,4,52,56,110
02/17/2015,HRL,TX,ASW,CE,Federal Contract Tower,21,6,16,16,59,0,0,16,1,17,21,6,32,17,76,0,46,46,122
02/18/2015,HRL,TX,ASW,CE,Federal Contract Tower,22,8,10,12,52,0,0,45,8,53,22,8,55,20,105,64,102,166,271
02/19/2015,HRL,TX,ASW,CE,Federal Contract Tower,23,9,16,22,70,0,0,24,6,30,23,9,40,28,100,45,72,117,217
02/20/2015,HRL,TX,ASW,CE,Federal Contract Tower,19,7,13,10,49,0,0,14,4,18,19,7,27,14,67,2,88,90,157
02/21/2015,HRL,TX,ASW,CE,Federal Contract Tower,15,11,5,5,36,0,0,13,5,18,15,11,18,10,54,12,10,22,76
02/22/2015,HRL,TX,ASW,CE,Federal Contract Tower,13,9,10,5,37,0,0,16,0,16,13,9,26,5,53,18,6,24,77
02/23/2015,HRL,TX,ASW,CE,Federal Contract Tower,22,8,4,12,46,0,0,0,0,0,22,8,4,12,46,0,22,22,68
02/24/2015,HRL,TX,ASW,CE,Federal Contract Tower,23,8,14,20,65,0,0,1,0,1,23,8,15,20,66,0,30,30,96
02/25/2015,HRL,TX,ASW,CE,Federal Contract Tower,29,13,9,13,64,0,1,45,6,52,29,14,54,19,116,68,22,90,206
02/26/2015,HRL,TX,ASW,CE,Federal Contract Tower,28,9,7,6,50,0,0,42,5,47,28,9,49,11,97,88,48,136,233
02/27/2015,HRL,TX,ASW,CE,Federal Contract Tower,24,9,9,18,60,0,0,6,1,7,24,9,15,19,67,6,82,88,155
02/28/2015,HRL,TX,ASW,CE,Federal Contract Tower,21,9,4,0,34,0,0,0,0,0,21,9,4,0,34,2,0,2,36
03/01/2015,HRL,TX,ASW,CE,Federal Contract Tower,13,6,9,0,28,0,0,0,0,0,13,6,9,0,28,0,0,0,28
03/02/2015,HRL,TX,ASW,CE,Federal Contract Tower,21,8,10,3,42,0,0,0,0,0,21,8,10,3,42,0,4,4,46
03/03/2015,HRL,TX,ASW,CE,Federal Contract Tower,20,11,7,5,43,0,0,12,2,14,20,11,19,7,57,14,14,28,85
03/04/2015,HRL,TX,ASW,CE,Federal Contract Tower,20,10,4,24,58,0,0,16,3,19,20,10,20,27,77,10,314,324,401
03/05/2015,HRL,TX,ASW,CE,Federal Contract Tower,16,10,8,4,38,0,7,7,2,16,16,17,15,6,54,14,70,84,138
03/06/2015,HRL,TX,ASW,CE,Federal Contract Tower,21,9,7,6,43,0,0,23,9,32,21,9,30,15,75,20,108,128,203
03/07/2015,HRL,TX,ASW,CE,Federal Contract Tower,12,9,3,3,27,0,6,45,1,52,12,15,48,4,79,78,40,118,197
03/08/2015,HRL,TX,ASW,CE,Federal Contract Tower,11,9,8,13,41,0,0,0,1,1,11,9,8,14,42,6,26,32,74
03/09/2015,HRL,TX,ASW,CE,Federal Contract Tower,18,8,8,5,39,0,0,12,0,12,18,8,20,5,51,16,8,24,75
03/10/2015,HRL,TX,ASW,CE,Federal Contract Tower,21,7,7,1,36,0,2,5,2,9,21,9,12,3,45,6,2,8,53
03/11/2015,HRL,TX,ASW,CE,Federal Contract Tower,24,9,12,11,56,0,0,0,1,1,24,9,12,12,57,0,16,16,73
03/12/2015,HRL,TX,ASW,CE,Federal Contract Tower,20,9,12,20,61,0,2,33,18,53,20,11,45,38,114,32,134,166,280
03/13/2015,HRL,TX,ASW,CE,Federal Contract Tower,18,9,9,18,54,0,3,22,13,38,18,12,31,31,92,48,64,112,204
03/14/2015,HRL,TX,ASW,CE,Federal Contract Tower,15,8,7,0,30,0,0,24,3,27,15,8,31,3,57,24,0,24,81
03/15/2015,HRL,TX,ASW,CE,Federal Contract Tower,11,9,1,0,21,0,5,6,6,17,11,14,7,6,38,12,0,12,50
03/16/2015,HRL,TX,ASW,CE,Federal Contract Tower,18,10,9,9,46,0,0,0,2,2,18,10,9,11,48,0,14,14,62
03/17/2015,HRL,TX,ASW,CE,Federal Contract Tower,23,5,8,4,40,0,2,1,2,5,23,7,9,6,45,2,8,10,55
03/18/2015,HRL,TX,ASW,CE,Federal Contract Tower,20,10,14,11,55,0,0,7,0,7,20,10,21,11,62,4,20,24,86
03/19/2015,HRL,TX,ASW,CE,Federal Contract Tower,20,12,12,10,54,0,4,14,3,21,20,16,26,13,75,12,14,26,101
03/20/2015,HRL,TX,ASW,CE,Federal Contract Tower,19,13,15,15,62,0,6,8,8,22,19,19,23,23,84,16,46,62,146
03/21/2015,HRL,TX,ASW,CE,Federal Contract Tower,10,9,4,2,25,0,0,0,2,2,10,9,4,4,27,0,0,0,27
03/22/2015,HRL,TX,ASW,CE,Federal Contract Tower,12,8,3,1,24,0,0,16,4,20,12,8,19,5,44,6,34,40,84
03/23/2015,HRL,TX,ASW,CE,Federal Contract Tower,19,13,12,3,47,0,0,29,6,35,19,13,41,9,82,40,6,46,128
03/24/2015,HRL,TX,ASW,CE,Federal Contract Tower,24,8,11,5,48,0,0,32,8,40,24,8,43,13,88,26,8,34,122
03/25/2015,HRL,TX,ASW,CE,Federal Contract Tower,21,9,9,20,59,0,2,14,8,24,21,11,23,28,83,0,84,84,167
03/26/2015,HRL,TX,ASW,CE,Federal Contract Tower,20,9,11,10,50,0,0,6,3,9,20,9,17,13,59,4,16,20,79
03/27/2015,HRL,TX,ASW,CE,Federal Contract Tower,20,10,8,11,49,0,0,47,14,61,20,10,55,25,110,46,70,116,226
03/28/2015,HRL,TX,ASW,CE,Federal Contract Tower,13,10,3,5,31,0,6,49,8,63,13,16,52,13,94,18,6,24,118
03/29/2015,HRL,TX,ASW,CE,Federal Contract Tower,12,10,4,2,28,0,0,15,3,18,12,10,19,5,46,4,0,4,50
03/30/2015,HRL,TX,ASW,CE,Federal Contract Tower,20,6,12,18,56,0,0,31,7,38,20,6,43,25,94,12,98,110,204
03/31/2015,HRL,TX,ASW,CE,Federal Contract Tower,22,4,5,11,42,0,0,7,3,10,22,4,12,14,52,2,36,38,90
04/01/2015,HRL,TX,ASW,CE,Federal Contract Tower,20,8,11,8,47,0,1,7,9,17,20,9,18,17,64,20,42,62,126
04/02/2015,HRL,TX,ASW,CE,Federal Contract Tower,20,7,14,6,47,0,0,25,13,38,20,7,39,19,85,28,46,74,159
04/03/2015,HRL,TX,ASW,CE,Federal Contract Tower,19,9,1,2,31,0,0,19,4,23,19,9,20,6,54,26,4,30,84
04/04/2015,HRL,TX,ASW,CE,Federal Contract Tower,14,13,2,0,29,0,0,0,1,1,14,13,2,1,30,0,0,0,30
04/05/2015,HRL,TX,ASW,CE,Federal Contract Tower,11,10,4,1,26,0,0,6,2,8,11,10,10,3,34,6,2,8,42
04/06/2015,HRL,TX,ASW,CE,Federal Contract Tower,18,8,9,7,42,0,0,11,3,14,18,8,20,10,56,8,40,48,104
04/07/2015,HRL,TX,ASW,CE,Federal Contract Tower,22,6,6,23,57,0,0,14,7,21,22,6,20,30,78,20,156,176,254
04/08/2015,HRL,TX,ASW,CE,Federal Contract Tower,21,11,13,21,66,0,0,22,7,29,21,11,35,28,95,50,116,166,261
04/09/2015,HRL,TX,ASW,CE,Federal Contract Tower,20,9,10,13,52,0,0,15,23,38,20,9,25,36,90,0,172,172,262
04/10/2015,HRL,TX,ASW,CE,Federal Contract Tower,19,11,8,0,38,0,0,24,2,26,19,11,32,2,64,42,0,42,106
04/11/2015,HRL,TX,ASW,CE,Federal Contract Tower,11,8,4,1,24,0,0,19,4,23,11,8,23,5,47,34,0,34,81
04/12/2015,HRL,TX,ASW,CE,Federal Contract Tower,13,8,8,4,33,0,1,9,2,12,13,9,17,6,45,22,2,24,69
04/13/2015,HRL,TX,ASW,CE,Federal Contract Tower,19,9,13,11,52,0,0,19,25,44,19,9,32,36,96,2,96,98,194
04/14/2015,HRL,TX,ASW,CE,Federal Contract Tower,23,7,1,1,32,0,0,16,4,20,23,7,17,5,52,10,2,12,64
04/15/2015,HRL,TX,ASW,CE,Federal Contract Tower,21,11,6,4,42,0,0,23,5,28,21,11,29,9,70,34,8,42,112
04/16/2015,HRL,TX,ASW,CE,Federal Contract Tower,19,9,11,11,50,0,0,15,10,25,19,9,26,21,75,22,28,50,125
04/17/2015,HRL,TX,ASW,CE,Federal Contract Tower,17,7,7,0,31,0,0,19,6,25,17,7,26,6,56,18,0,18,74
04/18/2015,HRL,TX,ASW,CE,Federal Contract Tower,13,7,3,3,26,0,0,7,2,9,13,7,10,5,35,18,4,22,57
04/19/2015,HRL,TX,ASW,CE,Federal Contract Tower,11,6,8,0,25,0,0,8,0,8,11,6,16,0,33,22,0,22,55
04/20/2015,HRL,TX,ASW,CE,Federal Contract Tower,18,8,9,8,43,0,0,16,7,23,18,8,25,15,66,0,16,16,82
04/21/2015,HRL,TX,ASW,CE,Federal Contract Tower,22,4,9,8,43,0,0,22,2,24,22,4,31,10,67,6,16,22,89
04/22/2015,HRL,TX,ASW,CE,Federal Contract Tower,19,9,17,6,51,0,0,13,2,15,19,9,30,8,66,46,68,114,180
04/23/2015,HRL,TX,ASW,CE,Federal Contract Tower,20,12,15,4,51,0,0,31,2,33,20,12,46,6,84,36,64,100,184
04/24/2015,HRL,TX,ASW,CE,Federal Contract Tower,20,10,7,4,41,0,0,14,9,23,20,10,21,13,64,16,50,66,130
04/25/2015,HRL,TX,ASW,CE,Federal Contract Tower,9,6,8,7,30,0,0,16,2,18,9,6,24,9,48,22,10,32,80
04/26/2015,HRL,TX,ASW,CE,Federal Contract Tower,12,8,7,4,31,0,0,10,6,16,12,8,17,10,47,26,8,34,81
04/27/2015,HRL,TX,ASW,CE,Federal Contract Tower,17,8,19,18,62,0,1,16,0,17,17,9,35,18,79,2,28,30,109
04/28/2015,HRL,TX,ASW,CE,Federal Contract Tower,25,6,20,24,75,0,0,16,4,20,25,6,36,28,95,10,98,108,203
04/29/2015,HRL,TX,ASW,CE,Federal Contract Tower,20,6,13,9,48,0,0,37,9,46,20,6,50,18,94,6,54,60,154
04/30/2015,HRL,TX,ASW,CE,Federal Contract Tower,20,11,15,10,56,0,0,33,6,39,20,11,48,16,95,58,68,126,221
05/01/2015,HRL,TX,ASW,CE,Federal Contract Tower,18,7,11,9,45,0,0,42,8,50,18,7,53,17,95,24,32,56,151
05/02/2015,HRL,TX,ASW,CE,Federal Contract Tower,13,6,5,1,25,0,0,34,2,36,13,6,39,3,61,58,2,60,121
05/03/2015,HRL,TX,ASW,CE,Federal Contract Tower,12,7,4,6,29,0,0,19,1,20,12,7,23,7,49,20,12,32,81
05/04/2015,HRL,TX,ASW,CE,Federal Contract Tower,15,8,10,9,42,0,0,24,12,36,15,8,34,21,78,82,122,204,282
05/05/2015,HRL,TX,ASW,CE,Federal Contract Tower,18,4,7,12,41,0,0,17,4,21,18,4,24,16,62,6,96,102,164
05/06/2015,HRL,TX,ASW,CE,Federal Contract Tower,18,8,11,13,50,0,0,20,7,27,18,8,31,20,77,18,92,110,187
05/07/2015,HRL,TX,ASW,CE,Federal Contract Tower,18,7,19,10,54,0,0,15,9,24,18,7,34,19,78,24,108,132,210
05/08/2015,HRL,TX,ASW,CE,Federal Contract Tower,16,7,12,5,40,0,0,16,4,20,16,7,28,9,60,13,10,23,83
05/09/2015,HRL,TX,ASW,CE,Federal Contract Tower,12,5,1,2,20,0,0,17,4,21,12,5,18,6,41,14,4,18,59
05/10/2015,HRL,TX,ASW,CE,Federal Contract Tower,9,6,3,2,20,0,0,6,6,12,9,6,9,8,32,0,4,4,36
05/11/2015,HRL,TX,ASW,CE,Federal Contract Tower,18,9,10,13,50,0,0,15,7,22,18,9,25,20,72,62,14,76,148
05/12/2015,HRL,TX,ASW,CE,Federal Contract Tower,17,10,12,7,46,0,0,6,2,8,17,10,18,9,54,24,20,44,98
05/13/2015,HRL,TX,ASW,CE,Federal Contract Tower,18,7,13,0,38,0,0,13,6,19,18,7,26,6,57,26,2,28,85
05/14/2015,HRL,TX,ASW,CE,Federal Contract Tower,18,13,8,13,52,0,0,39,9,48,18,13,47,22,100,32,34,66,166
05/15/2015,HRL,TX,ASW,CE,Federal Contract Tower,21,11,6,0,38,0,0,20,2,22,21,11,26,2,60,30,0,30,90
05/16/2015,HRL,TX,ASW,CE,Federal Contract Tower,10,5,0,2,17,0,4,34,6,44,10,9,34,8,61,28,8,36,97
05/17/2015,HRL,TX,ASW,CE,Federal Contract Tower,10,6,4,5,25,0,0,5,0,5,10,6,9,5,30,0,10,10,40
05/18/2015,HRL,TX,ASW,CE,Federal Contract Tower,13,9,18,5,45,0,0,15,12,27,13,9,33,17,72,26,108,134,206
05/19/2015,HRL,TX,ASW,CE,Federal Contract Tower,18,7,11,15,51,0,1,16,6,23,18,8,27,21,74,4,186,190,264
05/20/2015,HRL,TX,ASW,CE,Federal Contract Tower,18,8,5,8,39,0,0,20,6,26,18,8,25,14,65,20,12,32,97
05/21/2015,HRL,TX,ASW,CE,Federal Contract Tower,15,6,20,1,42,0,0,12,5,17,15,6,32,6,59,4,0,4,63
05/22/2015,HRL,TX,ASW,CE,Federal Contract Tower,18,7,11,1,37,0,0,20,6,26,18,7,31,7,63,10,2,12,75
05/23/2015,HRL,TX,ASW,CE,Federal Contract Tower,9,7,0,0,16,0,0,29,3,32,9,7,29,3,48,42,0,42,90
05/24/2015,HRL,TX,ASW,CE,Federal Contract Tower,10,7,4,0,21,0,0,9,5,14,10,7,13,5,35,14,0,14,49
05/25/2015,HRL,TX,ASW,CE,Federal Contract Tower,12,6,3,0,21,0,0,17,3,20,12,6,20,3,41,18,0,18,59
05/26/2015,HRL,TX,ASW,CE,Federal Contract Tower,14,7,6,13,40,0,0,18,2,20,14,7,24,15,60,0,78,78,138
05/27/2015,HRL,TX,ASW,CE,Federal Contract Tower,16,8,17,16,57,0,3,22,10,35,16,11,39,26,92,12,110,122,214
05/28/2015,HRL,TX,ASW,CE,Federal Contract Tower,17,8,12,17,54,0,0,26,9,35,17,8,38,26,89,6,68,74,163
05/29/2015,HRL,TX,ASW,CE,Federal Contract Tower,19,9,6,2,36,0,3,16,10,29,19,12,22,12,65,2,4,6,71
05/30/2015,HRL,TX,ASW,CE,Federal Contract Tower,12,6,6,14,38,0,0,43,1,44,12,6,49,15,82,24,18,42,124
05/31/2015,HRL,TX,ASW,CE,Federal Contract Tower,9,6,9,4,28,0,0,11,2,13,9,6,20,6,41,18,8,26,67
06/01/2015,HRL,TX,ASW,CE,Federal Contract Tower,14,7,10,24,55,0,0,15,8,23,14,7,25,32,78,10,70,80,158
06/02/2015,HRL,TX,ASW,CE,Federal Contract Tower,18,6,7,6,37,0,0,25,16,41,18,6,32,22,78,34,100,134,212
06/03/2015,HRL,TX,ASW,CE,Federal Contract Tower,18,6,8,9,41,0,4,23,8,35,18,10,31,17,76,30,14,44,120
06/04/2015,HRL,TX,ASW,CE,Federal Contract Tower,17,7,10,15,49,0,5,32,11,48,17,12,42,26,97,20,138,158,255
06/05/2015,HRL,TX,ASW,CE,Federal Contract Tower,18,7,8,10,43,0,3,18,7,28,18,10,26,17,71,10,94,104,175
06/06/2015,HRL,TX,ASW,CE,Federal Contract Tower,11,8,4,2,25,0,0,25,4,29,11,8,29,6,54,8,4,12,66
06/07/2015,HRL,TX,ASW,CE,Federal Contract Tower,10,6,4,0,20,0,0,11,5,16,10,6,15,5,36,12,0,12,48
06/08/2015,HRL,TX,ASW,CE,Federal Contract Tower,15,8,8,13,44,0,2,39,16,57,15,10,47,29,101,10,118,128,229
06/09/2015,HRL,TX,ASW,CE,Federal Contract Tower,18,6,6,29,59,0,0,27,5,32,18,6,33,34,91,2,118,120,211
06/10/2015,HRL,TX,ASW,CE,Federal Contract Tower,18,12,3,12,45,0,0,19,11,30,18,12,22,23,75,2,160,162,237
06/11/2015,HRL,TX,ASW,CE,Federal Contract Tower,17,6,7,29,59,0,8,22,12,42,17,14,29,41,101,4,152,156,257
06/12/2015,HRL,TX,ASW,CE,Federal Contract Tower,18,8,11,6,43,0,0,34,4,38,18,8,45,10,81,12,10,22,103
06/13/2015,HRL,TX,ASW,CE,Federal Contract Tower,10,9,1,6,26,0,1,23,8,32,10,10,24,14,58,20,20,40,98
06/14/2015,HRL,TX,ASW,CE,Federal Contract Tower,10,5,2,7,24,0,0,17,3,20,10,5,19,10,44,16,14,30,74
06/15/2015,HRL,TX,ASW,CE,Federal Contract Tower,14,6,10,0,30,0,0,13,6,19,14,6,23,6,49,16,32,48,97
06/16/2015,HRL,TX,ASW,CE,Federal Contract Tower,16,4,13,1,34,0,2,15,0,17,16,6,28,1,51,12,12,24,75
06/17/2015,HRL,TX,ASW,CE,Federal Contract Tower,16,10,11,3,40,0,0,18,0,18,16,10,29,3,58,10,0,10,68
06/18/2015,HRL,TX,ASW,CE,Federal Contract Tower,17,8,16,3,44,0,0,17,5,22,17,8,33,8,66,32,14,46,112
06/19/2015,HRL,TX,ASW,CE,Federal Contract Tower,19,7,5,15,46,0,0,13,9,22,19,7,18,24,68,16,32,48,116
06/20/2015,HRL,TX,ASW,CE,Federal Contract Tower,11,7,0,0,18,0,0,8,3,11,11,7,8,3,29,22,0,22,51
06/21/2015,HRL,TX,ASW,CE,Federal Contract Tower,11,5,5,3,24,0,2,5,1,8,11,7,10,4,32,8,6,14,46
06/22/2015,HRL,TX,ASW,CE,Federal Contract Tower,15,7,11,18,51,0,0,18,14,32,15,7,29,32,83,24,70,94,177
06/23/2015,HRL,TX,ASW,CE,Federal Contract Tower,18,6,2,18,44,0,0,37,1,38,18,6,39,19,82,0,26,26,108
06/24/2015,HRL,TX,ASW,CE,Federal Contract Tower,17,5,18,15,55,0,0,21,8,29,17,5,39,23,84,18,85,103,187
06/25/2015,HRL,TX,ASW,CE,Federal Contract Tower,17,7,7,6,37,0,0,21,7,28,17,7,28,13,65,24,56,80,145
06/26/2015,HRL,TX,ASW,CE,Federal Contract Tower,18,7,11,19,55,0,0,32,5,37,18,7,43,24,92,40,30,70,162
06/27/2015,HRL,TX,ASW,CE,Federal Contract Tower,9,10,10,13,42,0,0,44,3,47,9,10,54,16,89,20,24,44,133
06/28/2015,HRL,TX,ASW,CE,Federal Contract Tower,9,5,6,4,24,0,0,12,4,16,9,5,18,8,40,20,2,22,62
06/29/2015,HRL,TX,ASW,CE,Federal Contract Tower,16,7,15,16,54,0,0,25,5,30,16,7,40,21,84,24,36,60,144
06/30/2015,HRL,TX,ASW,CE,Federal Contract Tower,16,4,10,3,33,0,1,15,4,20,16,5,25,7,53,2,2,4,57
07/01/2015,HRL,TX,ASW,CE,Federal Contract Tower,18,6,8,5,37,0,0,13,9,22,18,6,21,14,59,6,32,38,97
07/02/2015,HRL,TX,ASW,CE,Federal Contract Tower,16,8,8,5,37,0,0,41,6,47,16,8,49,11,84,44,8,52,136
07/03/2015,HRL,TX,ASW,CE,Federal Contract Tower,18,4,12,0,34,0,0,37,3,40,18,4,49,3,74,42,0,42,116
07/04/2015,HRL,TX,ASW,CE,Federal Contract Tower,6,5,1,1,13,0,0,41,1,42,6,5,42,2,55,46,0,46,101
07/05/2015,HRL,TX,ASW,CE,Federal Contract Tower,10,5,10,0,25,0,0,9,3,12,10,5,19,3,37,14,0,14,51
07/06/2015,HRL,TX,ASW,CE,Federal Contract Tower,14,7,11,23,55,0,1,14,5,20,14,8,25,28,75,0,44,44,119
07/07/2015,HRL,TX,ASW,CE,Federal Contract Tower,19,7,12,23,61,0,1,37,6,44,19,8,49,29,105,18,64,82,187
07/08/2015,HRL,TX,ASW,CE,Federal Contract Tower,18,13,6,20,57,0,0,39,7,46,18,13,45,27,103,2,36,38,141
07/09/2015,HRL,TX,ASW,CE,Federal Contract Tower,18,7,11,11,47,0,2,42,9,53,18,9,53,20,100,8,78,86,186
07/10/2015,HRL,TX,ASW,CE,Federal Contract Tower,17,7,9,11,44,0,2,32,9,43,17,9,41,20,87,50,68,118,205
07/11/2015,HRL,TX,ASW,CE,Federal Contract Tower,12,5,8,2,27,0,0,39,5,44,12,5,47,7,71,60,2,62,133
07/12/2015,HRL,TX,ASW,CE,Federal Contract Tower,10,5,2,1,18,1,2,14,2,19,11,7,16,3,37,6,2,8,45
07/13/2015,HRL,TX,ASW,CE,Federal Contract Tower,14,7,4,8,33,0,0,35,15,50,14,7,39,23,83,36,56,92,175
07/14/2015,HRL,TX,ASW,CE,Federal Contract Tower,18,4,11,3,36,0,0,40,7,47,18,4,51,10,83,6,96,102,185
07/15/2015,HRL,TX,ASW,CE,Federal Contract Tower,19,7,8,6,40,0,7,24,7,38,19,14,32,13,78,8,46,54,132
07/16/2015,HRL,TX,ASW,CE,Federal Contract Tower,19,7,9,8,43,0,0,15,10,25,19,7,24,18,68,24,24,48,116
07/17/2015,HRL,TX,ASW,CE,Federal Contract Tower,18,9,3,3,33,0,2,23,8,33,18,11,26,11,66,14,4,18,84
07/18/2015,HRL,TX,ASW,CE,Federal Contract Tower,12,7,7,0,26,0,0,15,2,17,12,7,22,2,43,32,0,32,75
07/19/2015,HRL,TX,ASW,CE,Federal Contract Tower,11,5,4,1,21,0,0,5,4,9,11,5,9,5,30,2,0,2,32
07/20/2015,HRL,TX,ASW,CE,Federal Contract Tower,17,9,8,17,51,0,0,14,5,19,17,9,22,22,70,2,92,94,164
07/21/2015,HRL,TX,ASW,CE,Federal Contract Tower,18,17,8,22,65,0,0,20,11,31,18,17,28,33,96,12,76,88,184
07/22/2015,HRL,TX,ASW,CE,Federal Contract Tower,19,7,10,12,48,0,2,24,9,35,19,9,34,21,83,14,64,78,161
07/23/2015,HRL,TX,ASW,CE,Federal Contract Tower,18,6,7,17,48,0,0,33,7,40,18,6,40,24,88,38,28,66,154
07/24/2015,HRL,TX,ASW,CE,Federal Contract Tower,19,10,10,10,49,0,0,31,5,36,19,10,41,15,85,34,62,96,181
07/25/2015,HRL,TX,ASW,CE,Federal Contract Tower,11,7,9,10,37,0,0,28,6,34,11,7,37,16,71,38,18,56,127
07/26/2015,HRL,TX,ASW,CE,Federal Contract Tower,9,6,4,7,26,0,2,8,3,13,9,8,12,10,39,12,10,22,61
07/27/2015,HRL,TX,ASW,CE,Federal Contract Tower,15,7,8,7,37,0,0,18,13,31,15,7,26,20,68,8,90,98,166
07/28/2015,HRL,TX,ASW,CE,Federal Contract Tower,18,9,2,8,37,0,2,27,5,34,18,11,29,13,71,26,14,40,111
07/29/2015,HRL,TX,ASW,CE,Federal Contract Tower,19,10,16,6,51,0,1,29,5,35,19,11,45,11,86,50,56,106,192
07/30/2015,HRL,TX,ASW,CE,Federal Contract Tower,18,7,10,16,51,0,0,31,8,39,18,7,41,24,90,38,58,96,186
07/31/2015,HRL,TX,ASW,CE,Federal Contract Tower,18,12,1,10,41,0,0,32,18,50,18,12,33,28,91,30,110,140,231
08/01/2015,HRL,TX,ASW,CE,Federal Contract Tower,11,5,4,2,22,0,1,19,3,23,11,6,23,5,45,18,2,20,65
08/02/2015,HRL,TX,ASW,CE,Federal Contract Tower,9,7,14,0,30,0,6,8,2,16,9,13,22,2,46,24,0,24,70
08/03/2015,HRL,TX,ASW,CE,Federal Contract Tower,16,9,7,9,41,0,0,35,3,38,16,9,42,12,79,22,42,64,143
08/04/2015,HRL,TX,ASW,CE,Federal Contract Tower,19,7,11,6,43,0,4,32,8,44,19,11,43,14,87,20,48,68,155
08/05/2015,HRL,TX,ASW,CE,Federal Contract Tower,18,7,6,16,47,0,0,31,8,39,18,7,37,24,86,56,138,194,280
08/06/2015,HRL,TX,ASW,CE,Federal Contract Tower,18,11,6,19,54,0,0,34,9,43,18,11,40,28,97,16,54,70,167
08/07/2015,HRL,TX,ASW,CE,Federal Contract Tower,18,10,3,17,48,0,0,31,4,35,18,10,34,21,83,41,34,75,158
08/08/2015,HRL,TX,ASW,CE,Federal Contract Tower,11,5,3,2,21,0,0,19,5,24,11,5,22,7,45,44,2,46,91
08/09/2015,HRL,TX,ASW,CE,Federal Contract Tower,12,5,8,1,26,0,0,14,6,20,12,5,22,7,46,16,0,16,62
08/10/2015,HRL,TX,ASW,CE,Federal Contract Tower,15,6,9,8,38,0,0,24,6,30,15,6,33,14,68,2,12,14,82
08/11/2015,HRL,TX,ASW,CE,Federal Contract Tower,16,6,8,7,37,0,0,25,12,37,16,6,33,19,74,24,108,132,206
08/12/2015,HRL,TX,ASW,CE,Federal Contract Tower,17,8,10,16,51,0,0,28,4,32,17,8,38,20,83,62,31,93,176
08/13/2015,HRL,TX,ASW,CE,Federal Contract Tower,19,7,6,20,52,0,0,29,6,35,19,7,35,26,87,64,128,192,279
08/14/2015,HRL,TX,ASW,CE,Federal Contract Tower,17,7,3,5,32,0,0,33,6,39,17,7,36,11,71,8,34,42,113
08/15/2015,HRL,TX,ASW,CE,Federal Contract Tower,8,5,4,2,19,0,0,18,6,24,8,5,22,8,43,16,4,20,63
08/16/2015,HRL,TX,ASW,CE,Federal Contract Tower,10,6,1,0,17,0,3,15,2,20,10,9,16,2,37,8,0,8,45
08/17/2015,HRL,TX,ASW,CE,Federal Contract Tower,15,8,6,5,34,0,0,10,9,19,15,8,16,14,53,2,42,44,97
08/18/2015,HRL,TX,ASW,CE,Federal Contract Tower,18,5,11,9,43,0,0,17,8,25,18,5,28,17,68,32,218,250,318
08/19/2015,HRL,TX,ASW,CE,Federal Contract Tower,19,9,8,23,59,0,0,17,16,33,19,9,25,39,92,2,182,184,276
08/20/2015,HRL,TX,ASW,CE,Federal Contract Tower,17,7,14,6,44,0,0,5,5,10,17,7,19,11,54,0,0,0,54
08/21/2015,HRL,TX,ASW,CE,Federal Contract Tower,20,6,7,19,52,0,2,16,11,29,20,8,23,30,81,22,94,116,197
08/22/2015,HRL,TX,ASW,CE,Federal Contract Tower,9,5,9,4,27,0,0,20,3,23,9,5,29,7,50,38,8,46,96
08/23/2015,HRL,TX,ASW,CE,Federal Contract Tower,10,8,6,2,26,0,0,13,3,16,10,8,19,5,42,12,2,14,56
08/24/2015,HRL,TX,ASW,CE,Federal Contract Tower,14,8,4,15,41,0,0,19,12,31,14,8,23,27,72,20,108,128,200
08/25/2015,HRL,TX,ASW,CE,Federal Contract Tower,18,5,0,25,48,0,0,15,6,21,18,5,15,31,69,4,136,140,209
08/26/2015,HRL,TX,ASW,CE,Federal Contract Tower,18,6,13,6,43,0,0,18,5,23,18,6,31,11,66,20,40,60,126
08/27/2015,HRL,TX,ASW,CE,Federal Contract Tower,19,10,7,17,53,0,0,28,15,43,19,10,35,32,96,18,68,86,182
08/28/2015,HRL,TX,ASW,CE,Federal Contract Tower,19,7,4,2,32,0,0,24,6,30,19,7,28,8,62,20,2,22,84
08/29/2015,HRL,TX,ASW,CE,Federal Contract Tower,9,6,0,6,21,0,0,24,8,32,9,6,24,14,53,188,8,196,249
08/30/2015,HRL,TX,ASW,CE,Federal Contract Tower,11,5,2,3,21,0,0,7,8,15,11,5,9,11,36,36,6,42,78
08/31/2015,HRL,TX,ASW,CE,Federal Contract Tower,16,7,7,2,32,0,0,9,2,11,16,7,16,4,43,0,24,24,67
09/01/2015,HRL,TX,ASW,CE,Federal Contract Tower,17,5,2,13,37,0,0,10,4,14,17,5,12,17,51,0,36,36,87
09/02/2015,HRL,TX,ASW,CE,Federal Contract Tower,21,5,8,11,45,0,0,17,14,31,21,5,25,25,76,6,106,112,188
09/03/2015,HRL,TX,ASW,CE,Federal Contract Tower,19,9,10,15,53,0,0,31,17,48,19,9,41,32,101,12,146,158,259
09/04/2015,HRL,TX,ASW,CE,Federal Contract Tower,18,7,6,6,37,0,0,23,3,26,18,7,29,9,63,16,42,58,121
09/05/2015,HRL,TX,ASW,CE,Federal Contract Tower,7,7,6,0,20,0,0,8,3,11,7,7,14,3,31,8,0,8,39
09/06/2015,HRL,TX,ASW,CE,Federal Contract Tower,8,6,3,0,17,0,4,3,4,11,8,10,6,4,28,0,0,0,28
09/07/2015,HRL,TX,ASW,CE,Federal Contract Tower,12,6,6,1,25,0,0,20,2,22,12,6,26,3,47,36,2,38,85
09/08/2015,HRL,TX,ASW,CE,Federal Contract Tower,20,7,4,11,42,0,6,21,8,35,20,13,25,19,77,2,180,182,259
09/09/2015,HRL,TX,ASW,CE,Federal Contract Tower,20,7,6,34,67,0,0,18,5,23,20,7,24,39,90,26,64,90,180
09/10/2015,HRL,TX,ASW,CE,Federal Contract Tower,23,5,10,16,54,0,0,29,10,39,23,5,39,26,93,6,102,108,201
09/11/2015,HRL,TX,ASW,CE,Federal Contract Tower,21,5,9,11,46,0,0,11,8,19,21,5,20,19,65,10,114,124,189
09/12/2015,HRL,TX,ASW,CE,Federal Contract Tower,8,5,4,4,21,0,0,0,2,2,8,5,4,6,23,0,2,2,25
09/13/2015,HRL,TX,ASW,CE,Federal Contract Tower,10,6,8,2,26,0,5,11,2,18,10,11,19,4,44,12,4,16,60
09/14/2015,HRL,TX,ASW,CE,Federal Contract Tower,16,8,6,2,32,0,0,20,5,25,16,8,26,7,57,28,56,84,141
09/15/2015,HRL,TX,ASW,CE,Federal Contract Tower,20,6,2,10,38,0,0,9,2,11,20,6,11,12,49,16,98,114,163
09/16/2015,HRL,TX,ASW,CE,Federal Contract Tower,20,7,12,38,77,0,0,26,8,34,20,7,38,46,111,20,78,98,209
09/17/2015,HRL,TX,ASW,CE,Federal Contract Tower,20,7,13,22,62,0,0,28,8,36,20,7,41,30,98,10,48,58,156
09/18/2015,HRL,TX,ASW,CE,Federal Contract Tower,18,7,4,7,36,0,0,14,4,18,18,7,18,11,54,26,10,36,90
09/19/2015,HRL,TX,ASW,CE,Federal Contract Tower,16,6,8,0,30,0,0,10,3,13,16,6,18,3,43,18,2,20,63
09/20/2015,HRL,TX,ASW,CE,Federal Contract Tower,10,6,5,2,23,0,2,9,2,13,10,8,14,4,36,14,4,18,54
09/21/2015,HRL,TX,ASW,CE,Federal Contract Tower,16,6,9,12,43,0,0,13,7,20,16,6,22,19,63,6,16,22,85
09/22/2015,HRL,TX,ASW,CE,Federal Contract Tower,24,5,6,17,52,0,0,9,4,13,24,5,15,21,65,0,76,76,141
09/23/2015,HRL,TX,ASW,CE,Federal Contract Tower,20,5,10,7,42,0,3,23,6,32,20,8,33,13,74,40,60,100,174
09/24/2015,HRL,TX,ASW,CE,Federal Contract Tower,19,7,7,12,45,0,0,28,11,39,19,7,35,23,84,24,28,52,136
09/25/2015,HRL,TX,ASW,CE,Federal Contract Tower,19,7,6,1,33,0,0,5,6,11,19,7,11,7,44,4,0,4,48
09/26/2015,HRL,TX,ASW,CE,Federal Contract Tower,9,7,1,2,19,0,0,33,1,34,9,7,34,3,53,8,0,8,61
09/27/2015,HRL,TX,ASW,CE,Federal Contract Tower,10,7,6,3,26,0,2,19,2,23,10,9,25,5,49,16,2,18,67
09/28/2015,HRL,TX,ASW,CE,Federal Contract Tower,16,7,8,21,52,0,2,24,5,31,16,9,32,26,83,10,38,48,131
09/29/2015,HRL,TX,ASW,CE,Federal Contract Tower,19,5,6,13,43,0,4,25,2,31,19,9,31,15,74,24,26,50,124
09/30/2015,HRL,TX,ASW,CE,Federal Contract Tower,20,8,7,9,44,0,4,32,6,42,20,12,39,15,86,24,56,80,166
10/01/2015,HRL,TX,ASW,CE,Federal Contract Tower,20,8,16,13,57,0,10,29,5,44,20,18,45,18,101,16,44,60,161
10/02/2015,HRL,TX,ASW,CE,Federal Contract Tower,18,11,8,5,42,0,0,29,4,33,18,11,37,9,75,22,10,32,107
10/03/2015,HRL,TX,ASW,CE,Federal Contract Tower,10,5,5,0,20,0,0,14,3,17,10,5,19,3,37,24,0,24,61
10/04/2015,HRL,TX,ASW,CE,Federal Contract Tower,10,8,7,0,25,0,2,10,2,14,10,10,17,2,39,0,0,0,39
10/05/2015,HRL,TX,ASW,CE,Federal Contract Tower,16,7,7,15,45,0,0,25,5,30,16,7,32,20,75,4,136,140,215
10/06/2015,HRL,TX,ASW,CE,Federal Contract Tower,20,10,5,19,54,0,0,28,2,30,20,10,33,21,84,22,30,52,136
10/07/2015,HRL,TX,ASW,CE,Federal Contract Tower,20,8,13,6,47,0,0,29,6,35,20,8,42,12,82,12,90,102,184
10/08/2015,HRL,TX,ASW,CE,Federal Contract Tower,20,9,10,13,52,0,0,19,4,23,20,9,29,17,75,20,38,58,133
10/09/2015,HRL,TX,ASW,CE,Federal Contract Tower,19,9,7,0,35,0,0,23,2,25,19,9,30,2,60,26,0,26,86
10/10/2015,HRL,TX,ASW,CE,Federal Contract Tower,9,5,0,1,15,0,0,23,2,25,9,5,23,3,40,42,0,42,82
10/11/2015,HRL,TX,ASW,CE,Federal Contract Tower,12,10,2,2,26,0,0,5,5,10,12,10,7,7,36,0,0,0,36
10/12/2015,HRL,TX,ASW,CE,Federal Contract Tower,17,7,9,0,33,0,0,23,3,26,17,7,32,3,59,18,0,18,77
10/13/2015,HRL,TX,ASW,CE,Federal Contract Tower,19,9,14,4,46,0,0,16,5,21,19,9,30,9,67,28,14,42,109
10/14/2015,HRL,TX,ASW,CE,Federal Contract Tower,22,7,11,10,50,0,0,24,4,28,22,7,35,14,78,12,44,56,134
10/15/2015,HRL,TX,ASW,CE,Federal Contract Tower,20,7,12,19,58,0,2,18,8,28,20,9,30,27,86,18,24,42,128
10/16/2015,HRL,TX,ASW,CE,Federal Contract Tower,20,7,8,13,48,0,0,43,3,46,20,7,51,16,94,36,22,58,152
10/17/2015,HRL,TX,ASW,CE,Federal Contract Tower,9,7,5,0,21,0,0,32,1,33,9,7,37,1,54,40,0,40,94
10/18/2015,HRL,TX,ASW,CE,Federal Contract Tower,10,8,3,1,22,0,1,11,3,15,10,9,14,4,37,8,0,8,45
10/19/2015,HRL,TX,ASW,CE,Federal Contract Tower,14,8,14,18,54,0,0,22,4,26,14,8,36,22,80,22,76,98,178
10/20/2015,HRL,TX,ASW,CE,Federal Contract Tower,21,4,8,9,42,0,0,28,5,33,21,4,36,14,75,40,64,104,179
10/21/2015,HRL,TX,ASW,CE,Federal Contract Tower,20,8,7,18,53,0,0,16,2,18,20,8,23,20,71,4,32,36,107
10/22/2015,HRL,TX,ASW,CE,Federal Contract Tower,22,8,7,12,49,0,0,9,0,9,22,8,16,12,58,6,10,16,74
10/23/2015,HRL,TX,ASW,CE,Federal Contract Tower,19,9,6,12,46,0,0,16,1,17,19,9,22,13,63,4,16,20,83
10/24/2015,HRL,TX,ASW,CE,Federal Contract Tower,10,5,0,0,15,0,0,0,0,0,10,5,0,0,15,0,0,0,15
10/25/2015,HRL,TX,ASW,CE,Federal Contract Tower,10,6,3,3,22,0,0,3,1,4,10,6,6,4,26,0,2,2,28
10/26/2015,HRL,TX,ASW,CE,Federal Contract Tower,15,5,9,4,33,0,0,29,3,32,15,5,38,7,65,10,64,74,139
10/27/2015,HRL,TX,ASW,CE,Federal Contract Tower,19,7,9,20,55,0,0,50,1,51,19,7,59,21,106,12,36,48,154
10/28/2015,HRL,TX,ASW,CE,Federal Contract Tower,20,7,19,26,72,0,0,30,3,33,20,7,49,29,105,45,90,135,240
10/29/2015,HRL,TX,ASW,CE,Federal Contract Tower,19,9,9,30,67,0,4,18,8,30,19,13,27,38,97,8,58,66,163
10/30/2015,HRL,TX,ASW,CE,Federal Contract Tower,19,7,9,0,35,0,0,9,2,11,19,7,18,2,46,0,0,0,46
10/31/2015,HRL,TX,ASW,CE,Federal Contract Tower,12,2,0,0,14,0,0,12,2,14,12,2,12,2,28,36,0,36,64
11/01/2015,HRL,TX,ASW,CE,Federal Contract Tower,10,7,1,4,22,0,0,26,7,33,10,7,27,11,55,24,8,32,87
11/02/2015,HRL,TX,ASW,CE,Federal Contract Tower,18,6,4,13,41,0,0,19,14,33,18,6,23,27,74,14,150,164,238
11/03/2015,HRL,TX,ASW,CE,Federal Contract Tower,18,3,9,9,39,0,0,42,6,48,18,3,51,15,87,58,40,98,185
11/04/2015,HRL,TX,ASW,CE,Federal Contract Tower,18,8,11,13,50,0,0,20,6,26,18,8,31,19,76,28,94,122,198
11/05/2015,HRL,TX,ASW,CE,Federal Contract Tower,17,9,5,12,43,0,0,21,3,24,17,9,26,15,67,10,24,34,101
11/06/2015,HRL,TX,ASW,CE,Federal Contract Tower,18,8,10,13,49,0,0,16,8,24,18,8,26,21,73,12,76,88,161
11/07/2015,HRL,TX,ASW,CE,Federal Contract Tower,11,7,5,4,27,0,0,8,0,8,11,7,13,4,35,8,8,16,51
11/08/2015,HRL,TX,ASW,CE,Federal Contract Tower,10,9,5,2,26,0,0,3,1,4,10,9,8,3,30,5,4,9,39
11/09/2015,HRL,TX,ASW,CE,Federal Contract Tower,17,8,7,18,50,0,0,21,8,29,17,8,28,26,79,48,50,98,177
11/10/2015,HRL,TX,ASW,CE,Federal Contract Tower,17,3,5,5,30,0,0,24,5,29,17,3,29,10,59,10,12,22,81
11/11/2015,HRL,TX,ASW,CE,Federal Contract Tower,18,9,12,4,43,0,0,16,5,21,18,9,28,9,64,14,4,18,82
11/12/2015,HRL,TX,ASW,CE,Federal Contract Tower,19,7,11,7,44,0,4,26,5,35,19,11,37,12,79,0,8,8,87
11/13/2015,HRL,TX,ASW,CE,Federal Contract Tower,17,7,11,10,45,0,0,18,4,22,17,7,29,14,67,6,12,18,85
11/14/2015,HRL,TX,ASW,CE,Federal Contract Tower,11,7,4,4,26,0,0,18,5,23,11,7,22,9,49,8,0,8,57
11/15/2015,HRL,TX,ASW,CE,Federal Contract Tower,9,6,3,14,32,0,2,20,4,26,9,8,23,18,58,14,28,42,100
11/16/2015,HRL,TX,ASW,CE,Federal Contract Tower,13,9,14,24,60,0,0,18,15,33,13,9,32,39,93,38,142,180,273
11/17/2015,HRL,TX,ASW,CE,Federal Contract Tower,20,7,12,36,75,0,0,12,6,18,20,7,24,42,93,0,143,143,236
11/18/2015,HRL,TX,ASW,CE,Federal Contract Tower,19,9,21,15,64,0,0,35,4,39,19,9,56,19,103,24,36,60,163
11/19/2015,HRL,TX,ASW,CE,Federal Contract Tower,20,7,13,1,41,0,0,43,4,47,20,7,56,5,88,32,14,46,134
11/20/2015,HRL,TX,ASW,CE,Federal Contract Tower,17,10,18,1,46,0,0,5,0,5,17,10,23,1,51,6,0,6,57
11/21/2015,HRL,TX,ASW,CE,Federal Contract Tower,13,6,3,1,23,0,0,5,4,9,13,6,8,5,32,8,0,8,40
11/22/2015,HRL,TX,ASW,CE,Federal Contract Tower,10,8,4,5,27,0,0,20,7,27,10,8,24,12,54,20,10,30,84
11/23/2015,HRL,TX,ASW,CE,Federal Contract Tower,15,5,8,23,51,0,0,23,5,28,15,5,31,28,79,32,58,90,169
11/24/2015,HRL,TX,ASW,CE,Federal Contract Tower,18,5,4,15,42,0,0,23,5,28,18,5,27,20,70,2,70,72,142
11/25/2015,HRL,TX,ASW,CE,Federal Contract Tower,18,8,11,11,48,0,0,10,1,11,18,8,21,12,59,2,20,22,81
11/26/2015,HRL,TX,ASW,CE,Federal Contract Tower,6,7,11,1,25,0,0,0,4,4,6,7,11,5,29,2,0,2,31
11/27/2015,HRL,TX,ASW,CE,Federal Contract Tower,14,7,5,5,31,0,0,6,6,12,14,7,11,11,43,8,10,18,61
11/28/2015,HRL,TX,ASW,CE,Federal Contract Tower,12,7,9,0,28,0,0,0,0,0,12,7,9,0,28,0,0,0,28
11/29/2015,HRL,TX,ASW,CE,Federal Contract Tower,12,11,10,4,37,0,0,0,0,0,12,11,10,4,37,4,0,4,41
11/30/2015,HRL,TX,ASW,CE,Federal Contract Tower,15,10,3,1,29,0,0,2,0,2,15,10,5,1,31,4,2,6,37
12/01/2015,HRL,TX,ASW,CE,Federal Contract Tower,20,4,14,6,44,0,0,0,0,0,20,4,14,6,44,8,12,20,64
12/02/2015,HRL,TX,ASW,CE,Federal Contract Tower,20,5,7,8,40,0,0,24,3,27,20,5,31,11,67,8,52,60,127
12/03/2015,HRL,TX,ASW,CE,Federal Contract Tower,20,9,8,5,42,0,0,43,6,49,20,9,51,11,91,30,54,84,175
12/04/2015,HRL,TX,ASW,CE,Federal Contract Tower,17,8,7,3,35,0,5,43,4,52,17,13,50,7,87,36,6,42,129
12/05/2015,HRL,TX,ASW,CE,Federal Contract Tower,11,7,3,2,23,0,0,22,0,22,11,7,25,2,45,12,4,16,61
12/06/2015,HRL,TX,ASW,CE,Federal Contract Tower,10,6,4,0,20,0,0,9,0,9,10,6,13,0,29,4,0,4,33
12/07/2015,HRL,TX,ASW,CE,Federal Contract Tower,15,8,15,3,41,0,0,16,9,25,15,8,31,12,66,20,24,44,110
12/08/2015,HRL,TX,ASW,CE,Federal Contract Tower,19,6,11,9,45,0,2,32,6,40,19,8,43,15,85,46,17,63,148
12/09/2015,HRL,TX,ASW,CE,Federal Contract Tower,20,7,12,21,60,0,0,26,8,34,20,7,38,29,94,12,78,90,184
12/10/2015,HRL,TX,ASW,CE,Federal Contract Tower,19,9,10,7,45,0,0,23,8,31,19,9,33,15,76,14,62,76,152
12/11/2015,HRL,TX,ASW,CE,Federal Contract Tower,17,12,9,12,50,0,0,6,4,10,17,12,15,16,60,4,28,32,92
12/12/2015,HRL,TX,ASW,CE,Federal Contract Tower,11,9,6,0,26,0,0,4,1,5,11,9,10,1,31,18,0,18,49
12/13/2015,HRL,TX,ASW,CE,Federal Contract Tower,10,6,7,2,25,0,0,11,7,18,10,6,18,9,43,6,4,10,53
12/14/2015,HRL,TX,ASW,CE,Federal Contract Tower,14,7,13,14,48,0,0,38,9,47,14,7,51,23,95,58,28,86,181
12/15/2015,HRL,TX,ASW,CE,Federal Contract Tower,22,5,6,11,44,0,0,19,1,20,22,5,25,12,64,62,50,112,176
12/16/2015,HRL,TX,ASW,CE,Federal Contract Tower,22,8,10,7,47,0,0,23,1,24,22,8,33,8,71,52,8,60,131
12/17/2015,HRL,TX,ASW,CE,Federal Contract Tower,21,5,8,13,47,0,0,37,0,37,21,5,45,13,84,8,22,30,114
12/18/2015,HRL,TX,ASW,CE,Federal Contract Tower,17,7,6,9,39,0,1,36,3,40,17,8,42,12,79,6,30,36,115
12/19/2015,HRL,TX,ASW,CE,Federal Contract Tower,13,8,2,0,23,0,1,0,0,1,13,9,2,0,24,22,0,22,46
12/20/2015,HRL,TX,ASW,CE,Federal Contract Tower,13,7,6,1,27,0,0,7,0,7,13,7,13,1,34,6,2,8,42
12/21/2015,HRL,TX,ASW,CE,Federal Contract Tower,17,8,10,2,37,0,1,21,0,22,17,9,31,2,59,24,4,28,87
12/22/2015,HRL,TX,ASW,CE,Federal Contract Tower,22,5,9,2,38,0,0,18,0,18,22,5,27,2,56,4,4,8,64
12/23/2015,HRL,TX,ASW,CE,Federal Contract Tower,21,9,4,0,34,0,0,21,0,21,21,9,25,0,55,2,0,2,57
12/24/2015,HRL,TX,ASW,CE,Federal Contract Tower,15,6,1,0,22,0,10,7,0,17,15,16,8,0,39,6,0,6,45
12/25/2015,HRL,TX,ASW,CE,Federal Contract Tower,11,15,3,0,29,0,2,0,0,2,11,17,3,0,31,0,0,0,31
12/26/2015,HRL,TX,ASW,CE,Federal Contract Tower,14,7,2,0,23,0,0,0,0,0,14,7,2,0,23,0,0,0,23
12/27/2015,HRL,TX,ASW,CE,Federal Contract Tower,12,6,7,0,25,0,0,0,0,0,12,6,7,0,25,0,0,0,25
12/28/2015,HRL,TX,ASW,CE,Federal Contract Tower,20,6,5,2,33,0,0,24,1,25,20,6,29,3,58,16,2,18,76
12/29/2015,HRL,TX,ASW,CE,Federal Contract Tower,25,7,17,6,55,0,0,25,0,25,25,7,42,6,80,14,30,44,124
12/30/2015,HRL,TX,ASW,CE,Federal Contract Tower,25,8,9,1,43,0,0,0,0,0,25,8,9,1,43,0,2,2,45
12/31/2015,HRL,TX,ASW,CE,Federal Contract Tower,16,10,6,3,35,0,0,0,0,0,16,10,6,3,35,4,0,4,39
01/01/2016,HRL,TX,ASW,CE,Federal Contract Tower,15,7,4,0,26,0,0,0,0,0,15,7,4,0,26,0,0,0,26
01/02/2016,HRL,TX,ASW,CE,Federal Contract Tower,13,9,3,0,25,0,0,0,0,0,13,9,3,0,25,0,0,0,25
01/03/2016,HRL,TX,ASW,CE,Federal Contract Tower,12,12,5,4,33,0,2,3,0,5,12,14,8,4,38,4,8,12,50
01/04/2016,HRL,TX,ASW,CE,Federal Contract Tower,17,6,3,6,32,0,2,29,0,31,17,8,32,6,63,24,26,50,113
01/05/2016,HRL,TX,ASW,CE,Federal Contract Tower,19,4,6,7,36,0,0,12,0,12,19,4,18,7,48,12,14,26,74
01/06/2016,HRL,TX,ASW,CE,Federal Contract Tower,21,6,12,9,48,0,0,21,2,23,21,6,33,11,71,32,66,98,169
01/07/2016,HRL,TX,ASW,CE,Federal Contract Tower,22,6,15,13,56,0,0,13,0,13,22,6,28,13,69,32,18,50,119
01/08/2016,HRL,TX,ASW,CE,Federal Contract Tower,17,8,19,9,53,0,0,29,5,34,17,8,48,14,87,20,92,112,199
01/09/2016,HRL,TX,ASW,CE,Federal Contract Tower,11,7,1,8,27,0,5,30,0,35,11,12,31,8,62,0,16,16,78
01/10/2016,HRL,TX,ASW,CE,Federal Contract Tower,12,6,7,2,27,0,0,9,0,9,12,6,16,2,36,0,4,4,40
01/11/2016,HRL,TX,ASW,CE,Federal Contract Tower,16,3,15,7,41,0,0,14,3,17,16,3,29,10,58,0,16,16,74
01/12/2016,HRL,TX,ASW,CE,Federal Contract Tower,20,5,8,11,44,0,0,24,1,25,20,5,32,12,69,14,26,40,109
01/13/2016,HRL,TX,ASW,CE,Federal Contract Tower,20,6,13,15,54,0,0,21,5,26,20,6,34,20,80,10,92,102,182
01/14/2016,HRL,TX,ASW,CE,Federal Contract Tower,22,8,17,9,56,0,0,38,8,46,22,8,55,17,102,20,14,34,136
01/15/2016,HRL,TX,ASW,CE,Federal Contract Tower,18,11,10,12,51,0,0,17,9,26,18,11,27,21,77,20,108,128,205
01/16/2016,HRL,TX,ASW,CE,Federal Contract Tower,9,6,7,2,24,0,0,8,0,8,9,6,15,2,32,4,4,8,40
01/17/2016,HRL,TX,ASW,CE,Federal Contract Tower,10,6,1,5,22,0,0,23,0,23,10,6,24,5,45,4,10,14,59
01/18/2016,HRL,TX,ASW,CE,Federal Contract Tower,18,1,9,9,37,0,2,33,4,39,18,3,42,13,76,44,18,62,138
01/19/2016,HRL,TX,ASW,CE,Federal Contract Tower,17,4,15,15,51,0,1,22,4,27,17,5,37,19,78,56,26,82,160
01/20/2016,HRL,TX,ASW,CE,Federal Contract Tower,23,8,12,13,56,0,0,16,6,22,23,8,28,19,78,18,18,36,114
01/21/2016,HRL,TX,ASW,CE,Federal Contract Tower,20,8,11,16,55,0,0,11,4,15,20,8,22,20,70,4,106,110,180
01/22/2016,HRL,TX,ASW,CE,Federal Contract Tower,22,10,19,14,65,0,0,20,4,24,22,10,39,18,89,26,68,94,183
01/25/2016,HRL,TX,ASW,CE,Federal Contract Tower,21,3,9,10,43,0,0,17,6,23,21,3,26,16,66,12,56,68,134
01/26/2016,HRL,TX,ASW,CE,Federal Contract Tower,20,3,7,5,35,0,0,5,4,9,20,3,12,9,44,6,24,30,74
01/27/2016,HRL,TX,ASW,CE,Federal Contract Tower,21,4,6,3,34,0,0,11,1,12,21,4,17,4,46,2,4,6,52
01/28/2016,HRL,TX,ASW,CE,Federal Contract Tower,20,7,7,24,58,0,0,27,3,30,20,7,34,27,88,48,42,90,178
01/29/2016,HRL,TX,ASW,CE,Federal Contract Tower,20,7,12,10,49,0,1,19,5,25,20,8,31,15,74,20,64,84,158
01/30/2016,HRL,TX,ASW,CE,Federal Contract Tower,9,5,6,2,22,0,0,6,3,9,9,5,12,5,31,2,14,16,47
01/31/2016,HRL,TX,ASW,CE,Federal Contract Tower,12,5,16,2,35,0,0,9,4,13,12,5,25,6,48,0,6,6,54
02/01/2016,HRL,TX,ASW,CE,Federal Contract Tower,18,3,10,20,51,0,0,12,4,16,18,3,22,24,67,4,94,98,165
02/02/2016,HRL,TX,ASW,CE,Federal Contract Tower,20,5,6,16,47,0,0,20,3,23,20,5,26,19,70,24,32,56,126
02/03/2016,HRL,TX,ASW,CE,Federal Contract Tower,20,5,13,12,50,0,0,23,4,27,20,5,36,16,77,24,30,54,131
02/04/2016,HRL,TX,ASW,CE,Federal Contract Tower,18,7,4,6,35,0,0,19,2,21,18,7,23,8,56,0,12,12,68
02/05/2016,HRL,TX,ASW,CE,Federal Contract Tower,19,8,9,4,40,0,0,11,5,16,19,8,20,9,56,0,8,8,64
02/06/2016,HRL,TX,ASW,CE,Federal Contract Tower,9,4,4,3,20,0,0,22,3,25,9,4,26,6,45,6,6,12,57
02/07/2016,HRL,TX,ASW,CE,Federal Contract Tower,10,6,2,2,20,0,2,21,3,26,10,8,23,5,46,4,4,8,54
02/08/2016,HRL,TX,ASW,CE,Federal Contract Tower,18,3,8,8,37,0,0,27,3,30,18,3,35,11,67,14,64,78,145
02/09/2016,HRL,TX,ASW,CE,Federal Contract Tower,20,3,9,5,37,0,0,26,2,28,20,3,35,7,65,0,8,8,73
02/10/2016,HRL,TX,ASW,CE,Federal Contract Tower,20,5,21,13,59,0,0,25,0,25,20,5,46,13,84,0,26,26,110
02/11/2016,HRL,TX,ASW,CE,Federal Contract Tower,19,13,6,19,57,0,0,23,0,23,19,13,29,19,80,22,34,56,136
02/12/2016,HRL,TX,ASW,CE,Federal Contract Tower,20,9,13,13,55,0,4,16,4,24,20,13,29,17,79,22,84,106,185
02/13/2016,HRL,TX,ASW,CE,Federal Contract Tower,9,8,5,4,26,0,2,27,1,30,9,10,32,5,56,14,4,18,74
02/14/2016,HRL,TX,ASW,CE,Federal Contract Tower,13,4,3,2,22,0,0,12,8,20,13,4,15,10,42,4,2,6,48
02/15/2016,HRL,TX,ASW,CE,Federal Contract Tower,19,8,8,1,36,0,0,28,2,30,19,8,36,3,66,2,2,4,70
02/16/2016,HRL,TX,ASW,CE,Federal Contract Tower,18,7,4,14,43,0,0,15,4,19,18,7,19,18,62,0,28,28,90
02/17/2016,HRL,TX,ASW,CE,Federal Contract Tower,19,4,8,15,46,0,0,26,0,26,19,4,34,15,72,20,40,60,132
02/18/2016,HRL,TX,ASW,CE,Federal Contract Tower,20,7,14,9,50,0,0,30,3,33,20,7,44,12,83,10,140,150,233
02/19/2016,HRL,TX,ASW,CE,Federal Contract Tower,20,7,4,13,44,0,0,14,12,26,20,7,18,25,70,4,88,92,162
02/20/2016,HRL,TX,ASW,CE,Federal Contract Tower,9,5,4,4,22,0,0,18,4,22,9,5,22,8,44,8,8,16,60
02/21/2016,HRL,TX,ASW,CE,Federal Contract Tower,12,4,10,11,37,0,1,16,2,19,12,5,26,13,56,6,22,28,84
02/22/2016,HRL,TX,ASW,CE,Federal Contract Tower,18,8,8,9,43,0,0,19,3,22,18,8,27,12,65,36,16,52,117
02/23/2016,HRL,TX,ASW,CE,Federal Contract Tower,22,2,6,1,31,0,0,21,6,27,22,2,27,7,58,10,36,46,104
02/24/2016,HRL,TX,ASW,CE,Federal Contract Tower,21,8,10,9,48,0,2,26,2,30,21,10,36,11,78,40,10,50,128
02/25/2016,HRL,TX,ASW,CE,Federal Contract Tower,23,10,11,7,51,0,6,27,7,40,23,16,38,14,91,43,14,57,148
02/26/2016,HRL,TX,ASW,CE,Federal Contract Tower,19,13,12,17,61,0,1,18,8,27,19,14,30,25,88,8,46,54,142
02/28/2016,HRL,TX,ASW,CE,Federal Contract Tower,10,9,6,3,28,0,0,10,3,13,10,9,16,6,41,12,6,18,59
02/29/2016,HRL,TX,ASW,CE,Federal Contract Tower,18,4,7,4,33,0,0,20,6,26,18,4,27,10,59,32,46,78,137
03/01/2016,HRL,TX,ASW,CE,Federal Contract Tower,20,5,2,6,33,0,0,18,2,20,20,5,20,8,53,10,56,66,119
03/02/2016,HRL,TX,ASW,CE,Federal Contract Tower,20,5,12,2,39,0,0,24,4,28,20,5,36,6,67,46,4,50,117
03/03/2016,HRL,TX,ASW,CE,Federal Contract Tower,22,5,5,1,33,0,0,28,4,32,22,5,33,5,65,38,36,74,139
03/04/2016,HRL,TX,ASW,CE,Federal Contract Tower,21,6,6,8,41,0,4,35,2,41,21,10,41,10,82,30,20,50,132
03/05/2016,HRL,TX,ASW,CE,Federal Contract Tower,9,7,12,4,32,0,0,15,6,21,9,7,27,10,53,52,8,60,113
03/06/2016,HRL,TX,ASW,CE,Federal Contract Tower,10,8,8,1,27,0,0,12,6,18,10,8,20,7,45,0,0,0,45
03/07/2016,HRL,TX,ASW,CE,Federal Contract Tower,21,2,1,12,36,0,0,7,2,9,21,2,8,14,45,0,56,56,101
03/08/2016,HRL,TX,ASW,CE,Federal Contract Tower,21,4,7,21,53,0,2,12,0,14,21,6,19,21,67,4,142,146,213
03/09/2016,HRL,TX,ASW,CE,Federal Contract Tower,18,2,2,0,22,0,0,9,0,9,18,2,11,0,31,0,0,0,31
03/10/2016,HRL,TX,ASW,CE,Federal Contract Tower,20,8,7,4,39,0,0,26,5,31,20,8,33,9,70,58,30,88,158
03/11/2016,HRL,TX,ASW,CE,Federal Contract Tower,19,9,14,31,73,0,0,24,2,26,19,9,38,33,99,4,96,100,199
03/12/2016,HRL,TX,ASW,CE,Federal Contract Tower,11,9,3,35,58,0,6,29,9,44,11,15,32,44,102,48,88,136,238
03/13/2016,HRL,TX,ASW,CE,Federal Contract Tower,11,7,4,2,24,0,0,18,3,21,11,7,22,5,45,26,4,30,75
03/14/2016,HRL,TX,ASW,CE,Federal Contract Tower,18,7,10,15,50,0,0,24,4,28,18,7,34,19,78,4,126,130,208
03/15/2016,HRL,TX,ASW,CE,Federal Contract Tower,20,7,9,10,46,0,2,15,3,20,20,9,24,13,66,6,16,22,88
03/16/2016,HRL,TX,ASW,CE,Federal Contract Tower,20,4,11,6,41,0,0,21,4,25,20,4,32,10,66,0,60,60,126
03/17/2016,HRL,TX,ASW,CE,Federal Contract Tower,20,6,22,24,72,0,0,19,9,28,20,6,41,33,100,6,88,94,194
03/18/2016,HRL,TX,ASW,CE,Federal Contract Tower,15,9,6,14,44,0,2,19,8,29,15,11,25,22,73,0,66,66,139
03/19/2016,HRL,TX,ASW,CE,Federal Contract Tower,12,8,5,0,25,0,0,18,4,22,12,8,23,4,47,0,0,0,47
03/20/2016,HRL,TX,ASW,CE,Federal Contract Tower,11,12,0,7,30,0,3,15,5,23,11,15,15,12,53,0,48,48,101
03/21/2016,HRL,TX,ASW,CE,Federal Contract Tower,18,13,10,14,55,0,0,39,4,43,18,13,49,18,98,46,64,110,208
03/22/2016,HRL,TX,ASW,CE,Federal Contract Tower,22,6,6,3,37,0,0,23,4,27,22,6,29,7,64,0,18,18,82
03/23/2016,HRL,TX,ASW,CE,Federal Contract Tower,20,9,3,15,47,0,0,11,6,17,20,9,14,21,64,0,100,100,164
03/24/2016,HRL,TX,ASW,CE,Federal Contract Tower,20,8,10,4,42,0,1,16,8,25,20,9,26,12,67,2,48,50,117
03/25/2016,HRL,TX,ASW,CE,Federal Contract Tower,22,7,6,10,45,0,0,35,3,38,22,7,41,13,83,22,40,62,145
03/26/2016,HRL,TX,ASW,CE,Federal Contract Tower,13,5,8,1,27,0,0,26,5,31,13,5,34,6,58,20,10,30,88
03/27/2016,HRL,TX,ASW,CE,Federal Contract Tower,12,6,6,2,26,0,0,7,2,9,12,6,13,4,35,8,0,8,43
03/28/2016,HRL,TX,ASW,CE,Federal Contract Tower,17,9,16,2,44,0,2,28,3,33,17,11,44,5,77,56,4,60,137
03/29/2016,HRL,TX,ASW,CE,Federal Contract Tower,23,11,13,14,61,0,0,10,0,10,23,11,23,14,71,0,28,28,99
03/30/2016,HRL,TX,ASW,CE,Federal Contract Tower,19,8,16,13,56,0,2,17,6,25,19,10,33,19,81,24,150,174,255
03/31/2016,HRL,TX,ASW,CE,Federal Contract Tower,21,12,8,14,55,0,1,27,2,30,21,13,35,16,85,18,66,84,169
04/01/2016,HRL,TX,ASW,CE,Federal Contract Tower,20,9,13,27,69,0,0,9,2,11,20,9,22,29,80,0,52,52,132
04/02/2016,HRL,TX,ASW,CE,Federal Contract Tower,13,6,2,2,23,0,2,25,4,31,13,8,27,6,54,12,4,16,70
04/03/2016,HRL,TX,ASW,CE,Federal Contract Tower,15,8,3,5,31,0,0,23,2,25,15,8,26,7,56,18,10,28,84
04/04/2016,HRL,TX,ASW,CE,Federal Contract Tower,22,3,4,12,41,3,0,43,3,49,25,3,47,15,90,80,24,104,194
04/05/2016,HRL,TX,ASW,CE,Federal Contract Tower,20,7,5,11,43,0,2,43,2,47,20,9,48,13,90,58,16,74,164
04/06/2016,HRL,TX,ASW,CE,Federal Contract Tower,23,12,8,19,62,0,0,38,0,38,23,12,46,19,100,22,36,58,158
04/07/2016,HRL,TX,ASW,CE,Federal Contract Tower,20,5,4,31,60,0,0,32,6,38,20,5,36,37,98,42,66,108,206
04/08/2016,HRL,TX,ASW,CE,Federal Contract Tower,21,4,7,11,43,0,1,18,3,22,21,5,25,14,65,30,22,52,117
04/09/2016,HRL,TX,ASW,CE,Federal Contract Tower,11,3,3,10,27,0,0,22,3,25,11,3,25,13,52,38,58,96,148
04/10/2016,HRL,TX,ASW,CE,Federal Contract Tower,13,3,8,1,25,0,0,6,4,10,13,3,14,5,35,16,0,16,51
04/11/2016,HRL,TX,ASW,CE,Federal Contract Tower,17,5,11,31,64,0,0,18,3,21,17,5,29,34,85,50,165,215,300
04/12/2016,HRL,TX,ASW,CE,Federal Contract Tower,22,5,11,33,71,0,0,29,1,30,22,5,40,34,101,102,208,310,411
04/13/2016,HRL,TX,ASW,CE,Federal Contract Tower,22,5,9,15,51,0,0,9,0,9,22,5,18,15,60,6,24,30,90
04/14/2016,HRL,TX,ASW,CE,Federal Contract Tower,21,3,9,11,44,0,2,37,9,48,21,5,46,20,92,24,96,120,212
04/15/2016,HRL,TX,ASW,CE,Federal Contract Tower,24,2,12,13,51,0,0,18,2,20,24,2,30,15,71,2,74,76,147
04/16/2016,HRL,TX,ASW,CE,Federal Contract Tower,11,5,1,0,17,0,0,10,8,18,11,5,11,8,35,4,2,6,41
04/17/2016,HRL,TX,ASW,CE,Federal Contract Tower,11,7,4,0,22,0,0,1,3,4,11,7,5,3,26,0,10,10,36
04/18/2016,HRL,TX,ASW,CE,Federal Contract Tower,10,1,4,11,26,0,0,20,6,26,10,1,24,17,52,4,67,71,123
04/19/2016,HRL,TX,ASW,CE,Federal Contract Tower,20,9,7,58,94,0,1,26,0,27,20,10,33,58,121,44,198,242,363
04/20/2016,HRL,TX,ASW,CE,Federal Contract Tower,18,5,9,30,62,0,1,35,6,42,18,6,44,36,104,28,104,132,236
04/21/2016,HRL,TX,ASW,CE,Federal Contract Tower,21,2,13,7,43,0,11,20,9,40,21,13,33,16,83,36,34,70,153
04/22/2016,HRL,TX,ASW,CE,Federal Contract Tower,17,2,9,7,35,0,4,24,5,33,17,6,33,12,68,8,20,28,96
04/23/2016,HRL,TX,ASW,CE,Federal Contract Tower,11,4,6,8,29,0,0,17,5,22,11,4,23,13,51,0,16,16,67
04/24/2016,HRL,TX,ASW,CE,Federal Contract Tower,12,3,6,5,26,0,0,7,4,11,12,3,13,9,37,10,12,22,59
04/25/2016,HRL,TX,ASW,CE,Federal Contract Tower,15,5,4,14,38,0,0,27,4,31,15,5,31,18,69,18,90,108,177
04/26/2016,HRL,TX,ASW,CE,Federal Contract Tower,21,5,9,20,55,0,0,19,0,19,21,5,28,20,74,26,50,76,150
04/27/2016,HRL,TX,ASW,CE,Federal Contract Tower,22,9,6,12,49,0,0,21,7,28,22,9,27,19,77,20,28,48,125
04/28/2016,HRL,TX,ASW,CE,Federal Contract Tower,21,2,14,27,64,0,0,19,5,24,21,2,33,32,88,38,48,86,174
04/29/2016,HRL,TX,ASW,CE,Federal Contract Tower,19,4,9,14,46,0,0,19,4,23,19,4,28,18,69,2,134,136,205
04/30/2016,HRL,TX,ASW,CE,Federal Contract Tower,11,3,0,6,20,0,0,5,7,12,11,3,5,13,32,10,34,44,76
05/01/2016,HRL,TX,ASW,CE,Federal Contract Tower,13,17,8,3,41,0,0,6,5,11,13,17,14,8,52,24,6,30,82
05/02/2016,HRL,TX,ASW,CE,Federal Contract Tower,16,4,13,12,45,0,0,15,5,20,16,4,28,17,65,0,68,68,133
05/03/2016,HRL,TX,ASW,CE,Federal Contract Tower,22,4,7,11,44,0,0,18,3,21,22,4,25,14,65,38,102,140,205
05/04/2016,HRL,TX,ASW,CE,Federal Contract Tower,20,5,6,18,49,0,0,42,7,49,20,5,48,25,98,30,116,146,244
05/05/2016,HRL,TX,ASW,CE,Federal Contract Tower,20,4,10,15,49,0,0,43,4,47,20,4,53,19,96,20,86,106,202
05/06/2016,HRL,TX,ASW,CE,Federal Contract Tower,18,6,7,17,48,0,2,34,4,40,18,8,41,21,88,36,34,70,158
05/07/2016,HRL,TX,ASW,CE,Federal Contract Tower,11,5,6,2,24,0,0,27,5,32,11,5,33,7,56,10,14,24,80
05/08/2016,HRL,TX,ASW,CE,Federal Contract Tower,11,5,4,1,21,0,0,2,2,4,11,5,6,3,25,0,12,12,37
05/09/2016,HRL,TX,ASW,CE,Federal Contract Tower,17,4,7,41,69,0,0,21,5,26,17,4,28,46,95,38,158,196,291
05/10/2016,HRL,TX,ASW,CE,Federal Contract Tower,20,5,7,6,38,0,0,21,3,24,20,5,28,9,62,4,14,18,80
05/11/2016,HRL,TX,ASW,CE,Federal Contract Tower,20,7,6,21,54,0,0,27,4,31,20,7,33,25,85,6,76,82,167
05/12/2016,HRL,TX,ASW,CE,Federal Contract Tower,19,5,5,15,44,0,0,28,6,34,19,5,33,21,78,18,52,70,148
05/13/2016,HRL,TX,ASW,CE,Federal Contract Tower,19,5,6,6,36,0,0,22,7,29,19,5,28,13,65,14,12,26,91
05/14/2016,HRL,TX,ASW,CE,Federal Contract Tower,11,4,3,5,23,0,1,22,0,23,11,5,25,5,46,34,12,46,92
05/15/2016,HRL,TX,ASW,CE,Federal Contract Tower,13,3,3,0,19,0,1,6,2,9,13,4,9,2,28,18,0,18,46
05/16/2016,HRL,TX,ASW,CE,Federal Contract Tower,16,8,11,23,58,0,0,23,6,29,16,8,34,29,87,8,44,52,139
05/17/2016,HRL,TX,ASW,CE,Federal Contract Tower,21,8,12,20,61,0,0,33,0,33,21,8,45,20,94,26,74,100,194
05/18/2016,HRL,TX,ASW,CE,Federal Contract Tower,20,6,9,0,35,0,0,23,5,28,20,6,32,5,63,26,50,76,139
05/19/2016,HRL,TX,ASW,CE,Federal Contract Tower,19,8,13,3,43,0,0,23,0,23,19,8,36,3,66,32,8,40,106
05/20/2016,HRL,TX,ASW,CE,Federal Contract Tower,20,5,5,10,40,0,0,14,0,14,20,5,19,10,54,8,16,24,78
05/21/2016,HRL,TX,ASW,CE,Federal Contract Tower,10,5,0,4,19,0,0,15,0,15,10,5,15,4,34,30,6,36,70
05/22/2016,HRL,TX,ASW,CE,Federal Contract Tower,13,8,10,8,39,0,0,8,1,9,13,8,18,9,48,32,36,68,116
05/23/2016,HRL,TX,ASW,CE,Federal Contract Tower,16,6,4,14,40,0,0,17,0,17,16,6,21,14,57,10,28,38,95
05/24/2016,HRL,TX,ASW,CE,Federal Contract Tower,20,6,3,8,37,0,0,31,6,37,20,6,34,14,74,28,80,108,182
05/25/2016,HRL,TX,ASW,CE,Federal Contract Tower,19,5,11,19,54,0,0,22,8,30,19,5,33,27,84,58,206,264,348
05/26/2016,HRL,TX,ASW,CE,Federal Contract Tower,18,5,8,18,49,0,1,29,6,36,18,6,37,24,85,32,54,86,171
05/27/2016,HRL,TX,ASW,CE,Federal Contract Tower,14,5,7,1,27,0,0,17,5,22,14,5,24,6,49,10,2,12,61
05/28/2016,HRL,TX,ASW,CE,Federal Contract Tower,12,4,1,1,18,0,0,8,5,13,12,4,9,6,31,6,2,8,39
05/29/2016,HRL,TX,ASW,CE,Federal Contract Tower,10,3,0,0,13,0,0,3,5,8,10,3,3,5,21,4,0,4,25
05/30/2016,HRL,TX,ASW,CE,Federal Contract Tower,13,5,5,2,25,0,0,12,5,17,13,5,17,7,42,0,4,4,46
05/31/2016,HRL,TX,ASW,CE,Federal Contract Tower,18,5,7,15,45,0,0,29,0,29,18,5,36,15,74,14,30,44,118
06/01/2016,HRL,TX,ASW,CE,Federal Contract Tower,20,9,13,19,61,0,1,21,1,23,20,10,34,20,84,44,94,138,222
06/02/2016,HRL,TX,ASW,CE,Federal Contract Tower,20,14,3,0,37,0,2,13,2,17,20,16,16,2,54,14,0,14,68
06/03/2016,HRL,TX,ASW,CE,Federal Contract Tower,19,8,2,1,30,0,0,31,2,33,19,8,33,3,63,14,42,56,119
06/04/2016,HRL,TX,ASW,CE,Federal Contract Tower,13,4,4,0,21,0,0,3,0,3,13,4,7,0,24,34,0,34,58
06/05/2016,HRL,TX,ASW,CE,Federal Contract Tower,15,7,2,0,24,0,0,3,3,6,15,7,5,3,30,6,0,6,36
06/06/2016,HRL,TX,ASW,CE,Federal Contract Tower,14,5,11,8,38,0,0,53,7,60,14,5,64,15,98,66,10,76,174
06/07/2016,HRL,TX,ASW,CE,Federal Contract Tower,23,7,5,5,40,0,0,32,6,38,23,7,37,11,78,16,62,78,156
06/08/2016,HRL,TX,ASW,CE,Federal Contract Tower,24,7,8,4,43,0,2,25,3,30,24,9,33,7,73,12,4,16,89
06/09/2016,HRL,TX,ASW,CE,Federal Contract Tower,24,7,9,6,46,0,0,86,2,88,24,7,95,8,134,40,12,52,186
06/10/2016,HRL,TX,ASW,CE,Federal Contract Tower,19,5,3,1,28,0,0,57,6,63,19,5,60,7,91,34,2,36,127
06/11/2016,HRL,TX,ASW,CE,Federal Contract Tower,10,5,8,3,26,0,0,27,2,29,10,5,35,5,55,38,6,44,99
06/12/2016,HRL,TX,ASW,CE,Federal Contract Tower,13,5,5,6,29,0,0,2,4,6,13,5,7,10,35,1,12,13,48
06/13/2016,HRL,TX,ASW,CE,Federal Contract Tower,16,5,13,17,51,0,0,22,6,28,16,5,35,23,79,43,20,63,142
06/14/2016,HRL,TX,ASW,CE,Federal Contract Tower,21,6,10,10,47,0,4,30,2,36,21,10,40,12,83,12,32,44,127
06/15/2016,HRL,TX,ASW,CE,Federal Contract Tower,19,4,10,13,46,0,0,23,11,34,19,4,33,24,80,28,80,108,188
06/16/2016,HRL,TX,ASW,CE,Federal Contract Tower,20,7,9,6,42,0,0,27,9,36,20,7,36,15,78,12,12,24,102
06/17/2016,HRL,TX,ASW,CE,Federal Contract Tower,17,5,2,3,27,0,0,30,2,32,17,5,32,5,59,26,6,32,91
06/18/2016,HRL,TX,ASW,CE,Federal Contract Tower,9,5,5,0,19,0,0,25,7,32,9,5,30,7,51,10,0,10,61
06/19/2016,HRL,TX,ASW,CE,Federal Contract Tower,14,5,1,1,21,0,0,5,1,6,14,5,6,2,27,22,2,24,51
06/20/2016,HRL,TX,ASW,CE,Federal Contract Tower,14,4,7,4,29,0,0,24,2,26,14,4,31,6,55,26,10,36,91
06/21/2016,HRL,TX,ASW,CE,Federal Contract Tower,18,5,11,11,45,0,0,33,8,41,18,5,44,19,86,20,24,44,130
06/22/2016,HRL,TX,ASW,CE,Federal Contract Tower,20,5,9,7,41,0,0,18,5,23,20,5,27,12,64,12,12,24,88
06/23/2016,HRL,TX,ASW,CE,Federal Contract Tower,20,5,15,4,44,0,0,30,5,35,20,5,45,9,79,18,4,22,101
06/24/2016,HRL,TX,ASW,CE,Federal Contract Tower,19,5,8,7,39,0,0,30,7,37,19,5,38,14,76,50,16,66,142
06/25/2016,HRL,TX,ASW,CE,Federal Contract Tower,11,6,3,1,21,0,0,13,10,23,11,6,16,11,44,10,32,42,86
06/26/2016,HRL,TX,ASW,CE,Federal Contract Tower,14,10,5,2,31,0,0,16,7,23,14,10,21,9,54,18,4,22,76
06/27/2016,HRL,TX,ASW,CE,Federal Contract Tower,15,13,13,11,52,0,0,28,10,38,15,13,41,21,90,24,32,56,146
06/28/2016,HRL,TX,ASW,CE,Federal Contract Tower,20,6,0,9,35,0,0,58,4,62,20,6,58,13,97,2,64,66,163
06/29/2016,HRL,TX,ASW,CE,Federal Contract Tower,20,7,7,4,38,0,0,44,7,51,20,7,51,11,89,26,8,34,123
06/30/2016,HRL,TX,ASW,CE,Federal Contract Tower,18,5,8,8,39,0,2,43,7,52,18,7,51,15,91,10,64,74,165
07/01/2016,HRL,TX,ASW,CE,Federal Contract Tower,17,5,7,2,31,0,4,43,3,50,17,9,50,5,81,26,30,56,137
07/02/2016,HRL,TX,ASW,CE,Federal Contract Tower,11,7,3,0,21,0,1,41,5,47,11,8,44,5,68,34,0,34,102
07/03/2016,HRL,TX,ASW,CE,Federal Contract Tower,15,4,1,0,20,0,0,23,9,32,15,4,24,9,52,0,2,2,54
07/04/2016,HRL,TX,ASW,CE,Federal Contract Tower,13,5,3,0,21,0,1,27,0,28,13,6,30,0,49,0,0,0,49
07/05/2016,HRL,TX,ASW,CE,Federal Contract Tower,17,7,5,0,29,0,0,36,1,37,17,7,41,1,66,26,0,26,92
07/06/2016,HRL,TX,ASW,CE,Federal Contract Tower,20,5,6,6,37,0,6,34,8,48,20,11,40,14,85,0,120,120,205
07/07/2016,HRL,TX,ASW,CE,Federal Contract Tower,19,5,4,7,35,0,0,28,6,34,19,5,32,13,69,20,104,124,193
07/08/2016,HRL,TX,ASW,CE,Federal Contract Tower,20,4,7,4,35,0,0,36,3,39,20,4,43,7,74,32,8,40,114
07/09/2016,HRL,TX,ASW,CE,Federal Contract Tower,9,6,2,2,19,0,0,31,2,33,9,6,33,4,52,16,4,20,72
07/10/2016,HRL,TX,ASW,CE,Federal Contract Tower,14,7,6,0,27,0,2,10,1,13,14,9,16,1,40,12,0,12,52
07/11/2016,HRL,TX,ASW,CE,Federal Contract Tower,16,5,7,5,33,0,0,20,5,25,16,5,27,10,58,0,86,86,144
07/12/2016,HRL,TX,ASW,CE,Federal Contract Tower,20,10,4,7,41,0,0,25,6,31,20,10,29,13,72,8,14,22,94
07/13/2016,HRL,TX,ASW,CE,Federal Contract Tower,19,7,13,3,42,0,0,13,5,18,19,7,26,8,60,14,46,60,120
07/14/2016,HRL,TX,ASW,CE,Federal Contract Tower,20,5,6,9,40,0,1,18,8,27,20,6,24,17,67,12,72,84,151
07/15/2016,HRL,TX,ASW,CE,Federal Contract Tower,20,5,9,1,35,0,0,22,3,25,20,5,31,4,60,16,2,18,78
07/16/2016,HRL,TX,ASW,CE,Federal Contract Tower,12,5,3,0,20,0,0,15,7,22,12,5,18,7,42,18,0,18,60
07/17/2016,HRL,TX,ASW,CE,Federal Contract Tower,14,5,2,3,24,0,0,13,1,14,14,5,15,4,38,12,12,24,62
07/18/2016,HRL,TX,ASW,CE,Federal Contract Tower,15,5,7,14,41,0,0,23,8,31,15,5,30,22,72,26,42,68,140
07/19/2016,HRL,TX,ASW,CE,Federal Contract Tower,19,5,7,8,39,0,2,14,5,21,19,7,21,13,60,2,44,46,106
07/20/2016,HRL,TX,ASW,CE,Federal Contract Tower,19,7,8,8,42,0,2,33,2,37,19,9,41,10,79,44,12,56,135
07/21/2016,HRL,TX,ASW,CE,Federal Contract Tower,13,5,12,6,36,0,4,24,9,37,13,9,36,15,73,68,12,80,153
07/22/2016,HRL,TX,ASW,CE,Federal Contract Tower,18,5,11,3,37,0,0,30,0,30,18,5,41,3,67,50,6,56,123
07/23/2016,HRL,TX,ASW,CE,Federal Contract Tower,13,7,1,0,21,0,0,19,0,19,13,7,20,0,40,0,0,0,40
07/24/2016,HRL,TX,ASW,CE,Federal Contract Tower,14,6,3,0,23,0,0,12,2,14,14,6,15,2,37,26,0,26,63
07/25/2016,HRL,TX,ASW,CE,Federal Contract Tower,15,5,6,14,40,0,2,17,3,22,15,7,23,17,62,16,56,72,134
07/26/2016,HRL,TX,ASW,CE,Federal Contract Tower,21,5,4,26,56,0,0,17,8,25,21,5,21,34,81,28,152,180,261
07/27/2016,HRL,TX,ASW,CE,Federal Contract Tower,20,5,13,5,43,0,3,29,6,38,20,8,42,11,81,42,10,52,133
07/28/2016,HRL,TX,ASW,CE,Federal Contract Tower,20,3,7,17,47,0,0,24,6,30,20,3,31,23,77,32,120,152,229
07/29/2016,HRL,TX,ASW,CE,Federal Contract Tower,18,7,10,9,44,0,0,16,4,20,18,7,26,13,64,16,20,36,100
07/30/2016,HRL,TX,ASW,CE,Federal Contract Tower,13,7,9,0,29,0,0,14,4,18,13,7,23,4,47,22,0,22,69
07/31/2016,HRL,TX,ASW,CE,Federal Contract Tower,14,6,7,0,27,0,0,10,0,10,14,6,17,0,37,10,0,10,47
08/01/2016,HRL,TX,ASW,CE,Federal Contract Tower,17,5,9,10,41,0,0,16,2,18,17,5,25,12,59,4,18,22,81
08/02/2016,HRL,TX,ASW,CE,Federal Contract Tower,18,5,4,8,35,0,0,19,4,23,18,5,23,12,58,38,58,96,154
08/03/2016,HRL,TX,ASW,CE,Federal Contract Tower,22,4,7,9,42,0,0,29,4,33,22,4,36,13,75,50,84,134,209
08/04/2016,HRL,TX,ASW,CE,Federal Contract Tower,20,5,8,1,34,0,0,27,5,32,20,5,35,6,66,6,2,8,74
08/05/2016,HRL,TX,ASW,CE,Federal Contract Tower,21,5,1,2,29,0,0,26,4,30,21,5,27,6,59,10,4,14,73
08/06/2016,HRL,TX,ASW,CE,Federal Contract Tower,11,5,0,1,17,0,0,10,2,12,11,5,10,3,29,12,2,14,43
08/08/2016,HRL,TX,ASW,CE,Federal Contract Tower,15,5,7,10,37,0,0,24,4,28,15,5,31,14,65,6,100,106,171
08/09/2016,HRL,TX,ASW,CE,Federal Contract Tower,20,4,10,11,45,0,0,26,4,30,20,4,36,15,75,20,28,48,123
08/10/2016,HRL,TX,ASW,CE,Federal Contract Tower,21,11,5,13,50,0,0,24,3,27,21,11,29,16,77,2,26,28,105
08/11/2016,HRL,TX,ASW,CE,Federal Contract Tower,18,5,6,7,36,0,0,13,8,21,18,5,19,15,57,2,58,60,117
08/12/2016,HRL,TX,ASW,CE,Federal Contract Tower,18,7,3,15,43,0,0,19,5,24,18,7,22,20,67,32,76,108,175
08/13/2016,HRL,TX,ASW,CE,Federal Contract Tower,11,6,4,11,32,0,0,9,1,10,11,6,13,12,42,4,20,24,66
08/14/2016,HRL,TX,ASW,CE,Federal Contract Tower,13,5,7,0,25,0,1,7,2,10,13,6,14,2,35,4,0,4,39
08/15/2016,HRL,TX,ASW,CE,Federal Contract Tower,15,15,6,11,47,0,0,9,2,11,15,15,15,13,58,2,62,64,122
08/16/2016,HRL,TX,ASW,CE,Federal Contract Tower,26,7,4,15,52,0,0,5,6,11,26,7,9,21,63,0,88,88,151
08/17/2016,HRL,TX,ASW,CE,Federal Contract Tower,20,7,7,7,41,0,0,15,6,21,20,7,22,13,62,18,64,82,144
08/18/2016,HRL,TX,ASW,CE,Federal Contract Tower,20,6,7,24,57,0,0,21,6,27,20,6,28,30,84,16,123,139,223
08/19/2016,HRL,TX,ASW,CE,Federal Contract Tower,18,6,5,4,33,0,0,22,2,24,18,6,27,6,57,12,8,20,77
08/20/2016,HRL,TX,ASW,CE,Federal Contract Tower,9,4,4,1,18,0,3,10,0,13,9,7,14,1,31,2,0,2,33
08/21/2016,HRL,TX,ASW,CE,Federal Contract Tower,14,8,9,1,32,0,0,1,1,2,14,8,10,2,34,0,0,0,34
08/22/2016,HRL,TX,ASW,CE,Federal Contract Tower,16,2,6,9,33,0,0,12,13,25,16,2,18,22,58,10,26,36,94
08/23/2016,HRL,TX,ASW,CE,Federal Contract Tower,20,5,10,5,40,0,0,18,6,24,20,5,28,11,64,26,8,34,98
08/24/2016,HRL,TX,ASW,CE,Federal Contract Tower,19,7,9,7,42,0,2,21,3,26,19,9,30,10,68,4,14,18,86
08/25/2016,HRL,TX,ASW,CE,Federal Contract Tower,21,6,4,6,37,0,0,26,4,30,21,6,30,10,67,10,42,52,119
08/26/2016,HRL,TX,ASW,CE,Federal Contract Tower,19,6,7,3,35,0,2,23,4,29,19,8,30,7,64,26,22,48,112
08/27/2016,HRL,TX,ASW,CE,Federal Contract Tower,9,3,6,4,22,0,0,17,0,17,9,3,23,4,39,20,17,37,76
08/28/2016,HRL,TX,ASW,CE,Federal Contract Tower,13,4,4,0,21,0,0,11,2,13,13,4,15,2,34,4,0,4,38
08/29/2016,HRL,TX,ASW,CE,Federal Contract Tower,17,7,6,11,41,0,0,23,4,27,17,7,29,15,68,18,58,76,144
08/30/2016,HRL,TX,ASW,CE,Federal Contract Tower,19,6,8,4,37,0,0,12,7,19,19,6,20,11,56,2,24,26,82
08/31/2016,HRL,TX,ASW,CE,Federal Contract Tower,18,5,7,11,41,0,0,29,0,29,18,5,36,11,70,12,86,98,168
09/01/2016,HRL,TX,ASW,CE,Federal Contract Tower,20,5,12,14,51,0,2,23,7,32,20,7,35,21,83,34,26,60,143
09/02/2016,HRL,TX,ASW,CE,Federal Contract Tower,16,6,10,9,41,0,2,18,9,29,16,8,28,18,70,12,80,92,162
09/03/2016,HRL,TX,ASW,CE,Federal Contract Tower,7,5,7,0,19,0,0,14,1,15,7,5,21,1,34,40,0,40,74
09/04/2016,HRL,TX,ASW,CE,Federal Contract Tower,13,12,5,0,30,0,0,3,0,3,13,12,8,0,33,0,0,0,33
09/05/2016,HRL,TX,ASW,CE,Federal Contract Tower,10,6,14,0,30,0,0,17,2,19,10,6,31,2,49,10,0,10,59
09/06/2016,HRL,TX,ASW,CE,Federal Contract Tower,18,5,2,6,31,0,0,17,6,23,18,5,19,12,54,6,74,80,134
09/07/2016,HRL,TX,ASW,CE,Federal Contract Tower,19,5,10,14,48,0,0,32,3,35,19,5,42,17,83,32,60,92,175
09/08/2016,HRL,TX,ASW,CE,Federal Contract Tower,21,4,8,6,39,0,0,32,3,35,21,4,40,9,74,16,54,70,144
09/09/2016,HRL,TX,ASW,CE,Federal Contract Tower,22,3,7,3,35,0,1,25,2,28,22,4,32,5,63,18,72,90,153
09/10/2016,HRL,TX,ASW,CE,Federal Contract Tower,9,2,2,6,19,0,0,21,2,23,9,2,23,8,42,24,18,42,84
09/11/2016,HRL,TX,ASW,CE,Federal Contract Tower,15,2,4,3,24,0,0,6,3,9,15,2,10,6,33,0,32,32,65
09/12/2016,HRL,TX,ASW,CE,Federal Contract Tower,13,4,7,10,34,0,0,19,4,23,13,4,26,14,57,42,16,58,115
09/13/2016,HRL,TX,ASW,CE,Federal Contract Tower,21,7,12,8,48,0,0,22,1,23,21,7,34,9,71,14,40,54,125
09/14/2016,HRL,TX,ASW,CE,Federal Contract Tower,22,4,9,14,49,0,0,22,4,26,22,4,31,18,75,22,28,50,125
09/15/2016,HRL,TX,ASW,CE,Federal Contract Tower,20,5,5,14,44,0,4,38,7,49,20,9,43,21,93,56,24,80,173
09/16/2016,HRL,TX,ASW,CE,Federal Contract Tower,18,4,3,2,27,0,2,27,2,31,18,6,30,4,58,32,30,62,120
09/17/2016,HRL,TX,ASW,CE,Federal Contract Tower,10,2,2,3,17,0,0,14,3,17,10,2,16,6,34,18,8,26,60
09/18/2016,HRL,TX,ASW,CE,Federal Contract Tower,16,2,1,4,23,0,0,20,3,23,16,2,21,7,46,6,12,18,64
09/19/2016,HRL,TX,ASW,CE,Federal Contract Tower,19,7,5,18,49,0,0,17,6,23,19,7,22,24,72,22,80,102,174
09/20/2016,HRL,TX,ASW,CE,Federal Contract Tower,23,18,10,6,57,0,0,25,2,27,23,18,35,8,84,2,48,50,134
09/21/2016,HRL,TX,ASW,CE,Federal Contract Tower,21,5,3,9,38,0,0,28,5,33,21,5,31,14,71,2,38,40,111
09/22/2016,HRL,TX,ASW,CE,Federal Contract Tower,20,5,14,5,44,0,1,27,3,31,20,6,41,8,75,34,76,110,185
09/23/2016,HRL,TX,ASW,CE,Federal Contract Tower,21,5,6,11,43,0,0,20,1,21,21,5,26,12,64,6,78,84,148
09/24/2016,HRL,TX,ASW,CE,Federal Contract Tower,10,3,5,1,19,0,0,7,1,8,10,3,12,2,27,4,2,6,33
09/25/2016,HRL,TX,ASW,CE,Federal Contract Tower,15,4,8,1,28,0,0,14,0,14,15,4,22,1,42,4,2,6,48
09/26/2016,HRL,TX,ASW,CE,Federal Contract Tower,18,5,12,17,52,0,0,9,2,11,18,5,21,19,63,0,34,34,97
09/27/2016,HRL,TX,ASW,CE,Federal Contract Tower,23,6,6,2,37,0,0,7,1,8,23,6,13,3,45,0,8,8,53
09/28/2016,HRL,TX,ASW,CE,Federal Contract Tower,21,7,4,7,39,0,1,20,0,21,21,8,24,7,60,46,16,62,122
09/29/2016,HRL,TX,ASW,CE,Federal Contract Tower,21,6,13,10,50,0,0,26,12,38,21,6,39,22,88,4,72,76,164
09/30/2016,HRL,TX,ASW,CE,Federal Contract Tower,18,5,6,0,29,0,0,26,1,27,18,5,32,1,56,42,0,42,98
10/01/2016,HRL,TX,ASW,CE,Federal Contract Tower,10,3,1,0,14,0,1,18,1,20,10,4,19,1,34,30,0,30,64
10/02/2016,HRL,TX,ASW,CE,Federal Contract Tower,16,3,11,0,30,0,0,12,1,13,16,3,23,1,43,0,0,0,43
10/03/2016,HRL,TX,ASW,CE,Federal Contract Tower,16,7,10,12,45,0,0,30,3,33,16,7,40,15,78,4,60,64,142
10/04/2016,HRL,TX,ASW,CE,Federal Contract Tower,21,3,14,18,56,0,0,36,4,40,21,3,50,22,96,14,84,98,194
10/05/2016,HRL,TX,ASW,CE,Federal Contract Tower,21,6,8,8,43,0,2,27,1,30,21,8,35,9,73,2,16,18,91
10/06/2016,HRL,TX,ASW,CE,Federal Contract Tower,25,4,10,10,49,0,6,27,4,37,25,10,37,14,86,28,32,60,146
10/07/2016,HRL,TX,ASW,CE,Federal Contract Tower,25,6,10,4,45,0,1,23,5,29,25,7,33,9,74,4,62,66,140
10/08/2016,HRL,TX,ASW,CE,Federal Contract Tower,11,3,5,0,19,0,0,4,2,6,11,3,9,2,25,14,0,14,39
10/09/2016,HRL,TX,ASW,CE,Federal Contract Tower,15,4,1,0,20,0,0,2,0,2,15,4,3,0,22,4,0,4,26
10/10/2016,HRL,TX,ASW,CE,Federal Contract Tower,19,4,7,0,30,0,0,32,2,34,19,4,39,2,64,44,0,44,108
10/11/2016,HRL,TX,ASW,CE,Federal Contract Tower,23,5,7,7,42,0,2,31,10,43,23,7,38,17,85,12,52,64,149
10/12/2016,HRL,TX,ASW,CE,Federal Contract Tower,23,2,3,8,36,0,6,24,3,33,23,8,27,11,69,40,16,56,125
10/13/2016,HRL,TX,ASW,CE,Federal Contract Tower,21,4,18,5,48,0,1,39,3,43,21,5,57,8,91,42,12,54,145
10/14/2016,HRL,TX,ASW,CE,Federal Contract Tower,19,4,8,17,48,0,0,19,2,21,19,4,27,19,69,24,74,98,167
10/15/2016,HRL,TX,ASW,CE,Federal Contract Tower,9,4,1,2,16,0,0,14,3,17,9,4,15,5,33,32,0,32,65
10/16/2016,HRL,TX,ASW,CE,Federal Contract Tower,17,3,2,2,24,0,0,23,0,23,17,3,25,2,47,26,4,30,77
10/17/2016,HRL,TX,ASW,CE,Federal Contract Tower,18,2,10,12,42,0,0,32,2,34,18,2,42,14,76,30,94,124,200
10/18/2016,HRL,TX,ASW,CE,Federal Contract Tower,21,2,19,15,57,0,0,27,4,31,21,2,46,19,88,38,140,178,266
10/19/2016,HRL,TX,ASW,CE,Federal Contract Tower,25,2,10,12,49,0,0,25,7,32,25,2,35,19,81,2,126,128,209
10/20/2016,HRL,TX,ASW,CE,Federal Contract Tower,24,4,10,0,38,0,0,19,5,24,24,4,29,5,62,15,6,21,83
10/21/2016,HRL,TX,ASW,CE,Federal Contract Tower,18,6,0,10,34,0,2,23,4,29,18,8,23,14,63,6,24,30,93
10/22/2016,HRL,TX,ASW,CE,Federal Contract Tower,12,2,3,0,17,0,0,17,9,26,12,2,20,9,43,14,0,14,57
10/23/2016,HRL,TX,ASW,CE,Federal Contract Tower,12,9,0,0,21,0,0,12,0,12,12,9,12,0,33,4,0,4,37
10/24/2016,HRL,TX,ASW,CE,Federal Contract Tower,16,8,18,5,47,0,0,14,2,16,16,8,32,7,63,8,24,32,95
10/25/2016,HRL,TX,ASW,CE,Federal Contract Tower,22,4,8,21,55,0,0,20,4,24,22,4,28,25,79,26,62,88,167
10/26/2016,HRL,TX,ASW,CE,Federal Contract Tower,23,6,8,7,44,0,0,22,8,30,23,6,30,15,74,24,124,148,222
10/27/2016,HRL,TX,ASW,CE,Federal Contract Tower,22,3,8,10,43,0,0,29,6,35,22,3,37,16,78,36,42,78,156
10/28/2016,HRL,TX,ASW,CE,Federal Contract Tower,20,2,6,7,35,0,2,19,5,26,20,4,25,12,61,18,72,90,151
10/29/2016,HRL,TX,ASW,CE,Federal Contract Tower,12,2,2,0,16,0,0,18,1,19,12,2,20,1,35,16,0,16,51
10/30/2016,HRL,TX,ASW,CE,Federal Contract Tower,16,4,5,2,27,0,0,7,1,8,16,4,12,3,35,36,4,40,75
10/31/2016,HRL,TX,ASW,CE,Federal Contract Tower,21,3,9,16,49,0,0,21,8,29,21,3,30,24,78,10,138,148,226
11/01/2016,HRL,TX,ASW,CE,Federal Contract Tower,20,5,6,11,42,0,0,21,6,27,20,5,27,17,69,2,82,84,153
11/02/2016,HRL,TX,ASW,CE,Federal Contract Tower,23,4,8,9,44,0,0,14,8,22,23,4,22,17,66,10,66,76,142
11/03/2016,HRL,TX,ASW,CE,Federal Contract Tower,20,4,6,14,44,0,6,31,3,40,20,10,37,17,84,18,92,110,194
11/04/2016,HRL,TX,ASW,CE,Federal Contract Tower,21,4,6,3,34,0,0,18,2,20,21,4,24,5,54,10,6,16,70
11/05/2016,HRL,TX,ASW,CE,Federal Contract Tower,12,5,3,0,20,0,0,9,0,9,12,5,12,0,29,42,0,42,71
11/06/2016,HRL,TX,ASW,CE,Federal Contract Tower,12,6,4,8,30,0,0,13,4,17,12,6,17,12,47,0,20,20,67
11/07/2016,HRL,TX,ASW,CE,Federal Contract Tower,22,4,5,15,46,0,3,16,4,23,22,7,21,19,69,10,152,162,231
11/08/2016,HRL,TX,ASW,CE,Federal Contract Tower,22,2,10,1,35,0,3,7,0,10,22,5,17,1,45,14,2,16,61
11/09/2016,HRL,TX,ASW,CE,Federal Contract Tower,24,4,13,1,42,0,0,14,5,19,24,4,27,6,61,0,2,2,63
11/10/2016,HRL,TX,ASW,CE,Federal Contract Tower,25,4,10,2,41,0,0,14,2,16,25,4,24,4,57,8,2,10,67
11/11/2016,HRL,TX,ASW,CE,Federal Contract Tower,21,4,8,0,33,0,0,12,3,15,21,4,20,3,48,14,0,14,62
11/12/2016,HRL,TX,ASW,CE,Federal Contract Tower,12,6,0,3,21,0,0,9,1,10,12,6,9,4,31,14,4,18,49
11/13/2016,HRL,TX,ASW,CE,Federal Contract Tower,15,6,5,2,28,0,0,8,0,8,15,6,13,2,36,10,4,14,50
11/14/2016,HRL,TX,ASW,CE,Federal Contract Tower,17,5,9,10,41,0,0,12,2,14,17,5,21,12,55,12,84,96,151
11/15/2016,HRL,TX,ASW,CE,Federal Contract Tower,25,2,3,11,41,0,0,28,2,30,25,2,31,13,71,6,22,28,99
11/16/2016,HRL,TX,ASW,CE,Federal Contract Tower,23,6,10,8,47,0,3,42,7,52,23,9,52,15,99,20,64,84,183
11/17/2016,HRL,TX,ASW,CE,Federal Contract Tower,23,4,4,4,35,0,0,25,6,31,23,4,29,10,66,18,18,36,102
11/18/2016,HRL,TX,ASW,CE,Federal Contract Tower,23,6,2,8,39,0,0,11,0,11,23,6,13,8,50,6,30,36,86
11/19/2016,HRL,TX,ASW,CE,Federal Contract Tower,12,5,4,0,21,0,0,10,2,12,12,5,14,2,33,0,0,0,33
11/20/2016,HRL,TX,ASW,CE,Federal Contract Tower,17,4,5,4,30,0,0,6,1,7,17,4,11,5,37,6,8,14,51
11/21/2016,HRL,TX,ASW,CE,Federal Contract Tower,30,6,8,13,57,0,0,34,2,36,30,6,42,15,93,12,84,96,189
11/22/2016,HRL,TX,ASW,CE,Federal Contract Tower,18,8,11,3,40,0,0,21,4,25,18,8,32,7,65,16,28,44,109
11/23/2016,HRL,TX,ASW,CE,Federal Contract Tower,23,17,14,8,62,0,0,19,5,24,23,17,33,13,86,16,52,68,154
11/24/2016,HRL,TX,ASW,CE,Federal Contract Tower,14,4,2,0,20,0,4,17,0,21,14,8,19,0,41,6,0,6,47
11/25/2016,HRL,TX,ASW,CE,Federal Contract Tower,17,8,4,1,30,0,0,19,4,23,17,8,23,5,53,4,0,4,57
11/26/2016,HRL,TX,ASW,CE,Federal Contract Tower,14,9,4,0,27,0,0,8,1,9,14,9,12,1,36,22,0,22,58
11/27/2016,HRL,TX,ASW,CE,Federal Contract Tower,19,8,12,0,39,0,0,6,0,6,19,8,18,0,45,4,0,4,49
11/28/2016,HRL,TX,ASW,CE,Federal Contract Tower,18,6,13,23,60,0,0,24,5,29,18,6,37,28,89,0,124,124,213
11/29/2016,HRL,TX,ASW,CE,Federal Contract Tower,20,3,7,19,49,0,0,25,3,28,20,3,32,22,77,2,50,52,129
11/30/2016,HRL,TX,ASW,CE,Federal Contract Tower,22,2,6,9,39,0,0,17,4,21,22,2,23,13,60,0,54,54,114
12/01/2016,HRL,TX,ASW,CE,Federal Contract Tower,24,6,7,6,43,0,0,37,2,39,24,6,44,8,82,24,14,38,120
12/02/2016,HRL,TX,ASW,CE,Federal Contract Tower,21,2,8,11,42,0,0,5,2,7,21,2,13,13,49,24,48,72,121
12/03/2016,HRL,TX,ASW,CE,Federal Contract Tower,13,2,5,13,33,0,0,3,1,4,13,2,8,14,37,14,24,38,75
12/04/2016,HRL,TX,ASW,CE,Federal Contract Tower,17,2,9,0,28,0,0,0,0,0,17,2,9,0,28,0,0,0,28
12/05/2016,HRL,TX,ASW,CE,Federal Contract Tower,19,4,10,17,50,0,0,18,4,22,19,4,28,21,72,14,78,92,164
12/06/2016,HRL,TX,ASW,CE,Federal Contract Tower,24,6,8,9,47,0,0,23,7,30,24,6,31,16,77,14,116,130,207
12/07/2016,HRL,TX,ASW,CE,Federal Contract Tower,23,6,13,18,60,0,0,17,1,18,23,6,30,19,78,28,110,138,216
12/08/2016,HRL,TX,ASW,CE,Federal Contract Tower,23,3,8,1,35,0,0,0,0,0,23,3,8,1,35,0,2,2,37
12/09/2016,HRL,TX,ASW,CE,Federal Contract Tower,19,4,2,0,25,0,0,12,0,12,19,4,14,0,37,0,0,0,37
12/10/2016,HRL,TX,ASW,CE,Federal Contract Tower,12,2,10,3,27,0,0,5,0,5,12,2,15,3,32,40,6,46,78
12/11/2016,HRL,TX,ASW,CE,Federal Contract Tower,16,3,3,4,26,0,0,1,0,1,16,3,4,4,27,0,8,8,35
12/12/2016,HRL,TX,ASW,CE,Federal Contract Tower,14,2,13,8,37,0,0,12,5,17,14,2,25,13,54,28,76,104,158
12/13/2016,HRL,TX,ASW,CE,Federal Contract Tower,24,2,16,20,62,0,0,16,1,17,24,2,32,21,79,36,60,96,175
12/14/2016,HRL,TX,ASW,CE,Federal Contract Tower,21,2,6,10,39,0,0,5,4,9,21,2,11,14,48,4,56,60,108
12/15/2016,HRL,TX,ASW,CE,Federal Contract Tower,24,5,12,7,48,0,2,8,0,10,24,7,20,7,58,2,14,16,74
12/16/2016,HRL,TX,ASW,CE,Federal Contract Tower,16,10,10,12,48,0,0,9,0,9,16,10,19,12,57,0,70,70,127
12/17/2016,HRL,TX,ASW,CE,Federal Contract Tower,14,4,0,1,19,0,0,7,2,9,14,4,7,3,28,2,0,2,30
12/18/2016,HRL,TX,ASW,CE,Federal Contract Tower,17,10,5,4,36,0,0,3,1,4,17,10,8,5,40,0,4,4,44
12/19/2016,HRL,TX,ASW,CE,Federal Contract Tower,17,4,6,5,32,0,1,21,0,22,17,5,27,5,54,12,8,20,74
12/20/2016,HRL,TX,ASW,CE,Federal Contract Tower,22,4,10,0,36,0,0,25,0,25,22,4,35,0,61,2,0,2,63
12/21/2016,HRL,TX,ASW,CE,Federal Contract Tower,23,4,12,8,47,0,0,21,0,21,23,4,33,8,68,4,16,20,88
12/22/2016,HRL,TX,ASW,CE,Federal Contract Tower,24,5,13,2,44,0,0,7,0,7,24,5,20,2,51,0,4,4,55
12/23/2016,HRL,TX,ASW,CE,Federal Contract Tower,21,6,4,0,31,0,0,15,0,15,21,6,19,0,46,0,0,0,46
12/24/2016,HRL,TX,ASW,CE,Federal Contract Tower,16,4,0,0,20,0,0,9,0,9,16,4,9,0,29,0,0,0,29
12/25/2016,HRL,TX,ASW,CE,Federal Contract Tower,16,6,2,0,24,0,2,1,0,3,16,8,3,0,27,0,0,0,27
12/26/2016,HRL,TX,ASW,CE,Federal Contract Tower,14,4,5,3,26,0,0,13,1,14,14,4,18,4,40,12,12,24,64
12/27/2016,HRL,TX,ASW,CE,Federal Contract Tower,26,5,14,3,48,0,0,9,1,10,26,5,23,4,58,2,26,28,86
12/28/2016,HRL,TX,ASW,CE,Federal Contract Tower,23,7,11,0,41,0,0,17,0,17,23,7,28,0,58,8,0,8,66
12/29/2016,HRL,TX,ASW,CE,Federal Contract Tower,27,8,3,0,38,0,0,11,2,13,27,8,14,2,51,2,0,2,53
12/30/2016,HRL,TX,ASW,CE,Federal Contract Tower,22,4,5,0,31,0,2,15,0,17,22,6,20,0,48,12,0,12,60
12/31/2016,HRL,TX,ASW,CE,Federal Contract Tower,18,4,2,3,27,0,0,4,0,4,18,4,6,3,31,0,6,6,37
01/01/2017,HRL,TX,ASW,CE,Federal Contract Tower,15,6,5,0,26,0,0,0,0,0,15,6,5,0,26,0,0,0,26
01/02/2017,HRL,TX,ASW,CE,Federal Contract Tower,15,4,4,0,23,0,0,16,0,16,15,4,20,0,39,4,0,4,43
01/03/2017,HRL,TX,ASW,CE,Federal Contract Tower,19,4,10,7,40,0,0,13,0,13,19,4,23,7,53,6,29,35,88
01/04/2017,HRL,TX,ASW,CE,Federal Contract Tower,29,0,19,8,56,0,0,14,0,14,29,0,33,8,70,4,12,16,86
01/05/2017,HRL,TX,ASW,CE,Federal Contract Tower,27,5,5,17,54,0,2,19,2,23,27,7,24,19,77,16,34,50,127
01/06/2017,HRL,TX,ASW,CE,Federal Contract Tower,26,8,2,3,39,0,0,2,0,2,26,8,4,3,41,2,4,6,47
01/07/2017,HRL,TX,ASW,CE,Federal Contract Tower,14,1,3,6,24,0,0,5,0,5,14,1,8,6,29,20,12,32,61
01/08/2017,HRL,TX,ASW,CE,Federal Contract Tower,18,7,4,1,30,0,0,12,0,12,18,7,16,1,42,18,2,20,62
01/09/2017,HRL,TX,ASW,CE,Federal Contract Tower,25,0,7,13,45,0,0,18,0,18,25,0,25,13,63,0,40,40,103
01/10/2017,HRL,TX,ASW,CE,Federal Contract Tower,27,2,11,9,49,0,0,16,2,18,27,2,27,11,67,14,150,164,231
01/11/2017,HRL,TX,ASW,CE,Federal Contract Tower,25,3,11,10,49,0,0,10,1,11,25,3,21,11,60,0,34,34,94
01/12/2017,HRL,TX,ASW,CE,Federal Contract Tower,25,3,11,7,46,0,0,16,4,20,25,3,27,11,66,20,62,82,148
01/13/2017,HRL,TX,ASW,CE,Federal Contract Tower,26,2,11,21,60,0,0,13,0,13,26,2,24,21,73,20,98,118,191
01/14/2017,HRL,TX,ASW,CE,Federal Contract Tower,11,3,3,4,21,0,0,14,0,14,11,3,17,4,35,8,6,14,49
01/15/2017,HRL,TX,ASW,CE,Federal Contract Tower,17,2,4,7,30,0,0,2,0,2,17,2,6,7,32,0,12,12,44
01/16/2017,HRL,TX,ASW,CE,Federal Contract Tower,19,7,10,1,37,0,0,8,0,8,19,7,18,1,45,6,2,8,53
01/17/2017,HRL,TX,ASW,CE,Federal Contract Tower,30,3,8,31,72,0,0,15,3,18,30,3,23,34,90,22,74,96,186
01/18/2017,HRL,TX,ASW,CE,Federal Contract Tower,27,8,7,27,69,0,0,12,0,12,27,8,19,27,81,28,46,74,155
01/19/2017,HRL,TX,ASW,CE,Federal Contract Tower,30,0,13,13,56,0,0,4,0,4,30,0,17,13,60,2,22,24,84
01/20/2017,HRL,TX,ASW,CE,Federal Contract Tower,21,9,3,2,35,0,0,5,0,5,21,9,8,2,40,2,4,6,46
01/21/2017,HRL,TX,ASW,CE,Federal Contract Tower,19,1,2,6,28,0,0,14,0,14,19,1,16,6,42,10,12,22,64
01/22/2017,HRL,TX,ASW,CE,Federal Contract Tower,18,5,8,0,31,0,0,2,0,2,18,5,10,0,33,0,0,0,33
01/23/2017,HRL,TX,ASW,CE,Federal Contract Tower,23,2,12,15,52,0,0,27,0,27,23,2,39,15,79,22,31,53,132
01/24/2017,HRL,TX,ASW,CE,Federal Contract Tower,28,0,4,22,54,0,0,19,9,28,28,0,23,31,82,0,98,98,180
01/25/2017,HRL,TX,ASW,CE,Federal Contract Tower,25,4,16,9,54,0,0,23,0,23,25,4,39,9,77,16,20,36,113
01/26/2017,HRL,TX,ASW,CE,Federal Contract Tower,28,4,13,7,52,0,2,15,1,18,28,6,28,8,70,6,50,56,126
01/27/2017,HRL,TX,ASW,CE,Federal Contract Tower,23,4,9,9,45,0,0,10,2,12,23,4,19,11,57,8,24,32,89
01/28/2017,HRL,TX,ASW,CE,Federal Contract Tower,14,0,7,3,24,0,0,1,0,1,14,0,8,3,25,0,8,8,33
01/29/2017,HRL,TX,ASW,CE,Federal Contract Tower,17,4,6,2,29,0,0,12,0,12,17,4,18,2,41,32,2,34,75
01/30/2017,HRL,TX,ASW,CE,Federal Contract Tower,24,1,11,12,48,0,0,31,3,34,24,1,42,15,82,4,52,56,138
01/31/2017,HRL,TX,ASW,CE,Federal Contract Tower,31,3,8,20,62,0,0,18,1,19,31,3,26,21,81,16,122,138,219
02/01/2017,HRL,TX,ASW,CE,Federal Contract Tower,24,3,5,27,59,0,0,24,1,25,24,3,29,28,84,10,116,126,210
02/02/2017,HRL,TX,ASW,CE,Federal Contract Tower,28,4,14,8,54,0,0,16,4,20,28,4,30,12,74,8,54,62,136
02/03/2017,HRL,TX,ASW,CE,Federal Contract Tower,26,6,12,6,50,0,2,13,0,15,26,8,25,6,65,4,12,16,81
02/04/2017,HRL,TX,ASW,CE,Federal Contract Tower,20,4,6,3,33,0,0,0,0,0,20,4,6,3,33,0,6,6,39
02/05/2017,HRL,TX,ASW,CE,Federal Contract Tower,17,3,6,1,27,0,0,12,0,12,17,3,18,1,39,28,10,38,77
02/06/2017,HRL,TX,ASW,CE,Federal Contract Tower,22,3,10,17,52,0,0,26,0,26,22,3,36,17,78,16,28,44,122
02/07/2017,HRL,TX,ASW,CE,Federal Contract Tower,32,0,11,6,49,0,0,23,2,25,32,0,34,8,74,2,10,12,86
02/08/2017,HRL,TX,ASW,CE,Federal Contract Tower,25,4,9,12,50,0,0,34,1,35,25,4,43,13,85,10,100,110,195
02/09/2017,HRL,TX,ASW,CE,Federal Contract Tower,28,3,11,12,54,0,0,31,2,33,28,3,42,14,87,18,40,58,145
02/10/2017,HRL,TX,ASW,CE,Federal Contract Tower,26,4,5,4,39,0,0,21,0,21,26,4,26,4,60,14,6,20,80
02/11/2017,HRL,TX,ASW,CE,Federal Contract Tower,14,1,8,7,30,0,0,11,0,11,14,1,19,7,41,20,14,34,75
02/12/2017,HRL,TX,ASW,CE,Federal Contract Tower,21,8,7,0,36,0,0,1,0,1,21,8,8,0,37,0,0,0,37
02/13/2017,HRL,TX,ASW,CE,Federal Contract Tower,23,6,7,20,56,0,0,21,4,25,23,6,28,24,81,8,136,144,225
02/14/2017,HRL,TX,ASW,CE,Federal Contract Tower,27,5,6,13,51,0,0,17,3,20,27,5,23,16,71,14,72,86,157
02/15/2017,HRL,TX,ASW,CE,Federal Contract Tower,25,0,14,10,49,0,2,23,0,25,25,2,37,10,74,28,38,66,140
02/16/2017,HRL,TX,ASW,CE,Federal Contract Tower,27,4,9,5,45,0,0,42,5,47,27,4,51,10,92,20,44,64,156
02/17/2017,HRL,TX,ASW,CE,Federal Contract Tower,24,6,12,7,49,0,0,44,1,45,24,6,56,8,94,20,28,48,142
02/18/2017,HRL,TX,ASW,CE,Federal Contract Tower,12,4,5,5,26,0,0,20,0,20,12,4,25,5,46,30,2,32,78
02/19/2017,HRL,TX,ASW,CE,Federal Contract Tower,16,4,3,4,27,0,0,5,0,5,16,4,8,4,32,6,22,28,60
02/20/2017,HRL,TX,ASW,CE,Federal Contract Tower,20,4,7,0,31,0,0,14,0,14,20,4,21,0,45,2,0,2,47
02/21/2017,HRL,TX,ASW,CE,Federal Contract Tower,30,2,5,5,42,0,0,24,2,26,30,2,29,7,68,6,28,34,102
02/22/2017,HRL,TX,ASW,CE,Federal Contract Tower,21,8,29,15,73,0,0,30,5,35,21,8,59,20,108,56,20,76,184
02/23/2017,HRL,TX,ASW,CE,Federal Contract Tower,27,10,16,11,64,0,0,29,1,30,27,10,45,12,94,22,20,42,136
02/24/2017,HRL,TX,ASW,CE,Federal Contract Tower,24,5,9,2,40,0,2,21,0,23,24,7,30,2,63,14,2,16,79
02/25/2017,HRL,TX,ASW,CE,Federal Contract Tower,12,5,0,3,20,0,0,21,3,24,12,5,21,6,44,26,42,68,112
02/26/2017,HRL,TX,ASW,CE,Federal Contract Tower,17,3,6,0,26,0,1,17,2,20,17,4,23,2,46,12,24,36,82
02/27/2017,HRL,TX,ASW,CE,Federal Contract Tower,21,5,14,12,52,0,0,16,1,17,21,5,30,13,69,2,24,26,95
02/28/2017,HRL,TX,ASW,CE,Federal Contract Tower,24,9,16,6,55,0,0,14,0,14,24,9,30,6,69,0,22,22,91
03/01/2017,HRL,TX,ASW,CE,Federal Contract Tower,21,6,17,12,56,0,0,17,1,18,21,6,34,13,74,6,58,64,138
03/02/2017,HRL,TX,ASW,CE,Federal Contract Tower,24,6,13,11,54,0,0,20,2,22,24,6,33,13,76,0,12,12,88
03/03/2017,HRL,TX,ASW,CE,Federal Contract Tower,22,4,4,4,34,0,0,18,0,18,22,4,22,4,52,6,24,30,82
03/04/2017,HRL,TX,ASW,CE,Federal Contract Tower,10,4,2,0,16,0,0,0,0,0,10,4,2,0,16,0,0,0,16
03/05/2017,HRL,TX,ASW,CE,Federal Contract Tower,14,4,5,0,23,0,0,11,0,11,14,4,16,0,34,6,0,6,40
03/06/2017,HRL,TX,ASW,CE,Federal Contract Tower,25,4,9,14,52,0,0,26,0,26,25,4,35,14,78,10,30,40,118
03/07/2017,HRL,TX,ASW,CE,Federal Contract Tower,25,4,6,13,48,0,0,16,0,16,25,4,22,13,64,14,52,66,130
03/08/2017,HRL,TX,ASW,CE,Federal Contract Tower,21,5,11,1,38,0,0,8,2,10,21,5,19,3,48,2,2,4,52
03/09/2017,HRL,TX,ASW,CE,Federal Contract Tower,24,5,5,3,37,0,0,10,0,10,24,5,15,3,47,0,6,6,53
03/10/2017,HRL,TX,ASW,CE,Federal Contract Tower,22,4,8,0,34,0,0,3,0,3,22,4,11,0,37,2,0,2,39
03/11/2017,HRL,TX,ASW,CE,Federal Contract Tower,14,3,7,0,24,0,0,8,0,8,14,3,15,0,32,34,0,34,66
03/12/2017,HRL,TX,ASW,CE,Federal Contract Tower,15,4,4,3,26,0,0,1,0,1,15,4,5,3,27,6,2,8,35
03/13/2017,HRL,TX,ASW,CE,Federal Contract Tower,18,4,10,7,39,0,0,3,0,3,18,4,13,7,42,2,14,16,58
03/14/2017,HRL,TX,ASW,CE,Federal Contract Tower,26,2,7,14,49,0,0,20,0,20,26,2,27,14,69,30,38,68,137
03/15/2017,HRL,TX,ASW,CE,Federal Contract Tower,21,4,6,9,40,0,0,26,0,26,21,4,32,9,66,10,18,28,94
03/16/2017,HRL,TX,ASW,CE,Federal Contract Tower,24,4,7,19,54,0,0,24,0,24,24,4,31,19,78,4,38,42,120
03/17/2017,HRL,TX,ASW,CE,Federal Contract Tower,21,4,4,7,36,0,2,13,0,15,21,6,17,7,51,0,14,14,65
03/18/2017,HRL,TX,ASW,CE,Federal Contract Tower,14,4,3,11,32,0,0,11,3,14,14,4,14,14,46,12,34,46,92
03/19/2017,HRL,TX,ASW,CE,Federal Contract Tower,17,6,9,0,32,0,0,10,0,10,17,6,19,0,42,0,0,0,42
03/20/2017,HRL,TX,ASW,CE,Federal Contract Tower,21,0,8,5,34,0,0,21,1,22,21,0,29,6,56,16,6,22,78
03/21/2017,HRL,TX,ASW,CE,Federal Contract Tower,28,4,9,8,49,0,0,24,5,29,28,4,33,13,78,36,16,52,130
03/22/2017,HRL,TX,ASW,CE,Federal Contract Tower,23,2,8,4,37,0,0,31,1,32,23,2,39,5,69,28,6,34,103
03/23/2017,HRL,TX,ASW,CE,Federal Contract Tower,27,2,7,3,39,0,0,19,3,22,27,2,26,6,61,2,130,132,193
03/24/2017,HRL,TX,ASW,CE,Federal Contract Tower,23,3,9,18,53,0,0,7,2,9,23,3,16,20,62,0,76,76,138
03/25/2017,HRL,TX,ASW,CE,Federal Contract Tower,15,5,5,9,34,0,0,20,0,20,15,5,25,9,54,2,16,18,72
03/26/2017,HRL,TX,ASW,CE,Federal Contract Tower,17,4,9,3,33,0,1,10,0,11,17,5,19,3,44,4,6,10,54
03/27/2017,HRL,TX,ASW,CE,Federal Contract Tower,21,2,5,7,35,0,0,25,0,25,21,2,30,7,60,8,64,72,132
03/28/2017,HRL,TX,ASW,CE,Federal Contract Tower,26,2,18,35,81,0,0,20,4,24,26,2,38,39,105,26,130,156,261
03/29/2017,HRL,TX,ASW,CE,Federal Contract Tower,23,2,10,7,42,0,0,18,1,19,23,2,28,8,61,0,62,62,123
03/30/2017,HRL,TX,ASW,CE,Federal Contract Tower,27,2,14,9,52,0,5,36,2,43,27,7,50,11,95,26,32,58,153
03/31/2017,HRL,TX,ASW,CE,Federal Contract Tower,24,2,10,13,49,0,0,38,0,38,24,2,48,13,87,20,34,54,141
04/01/2017,HRL,TX,ASW,CE,Federal Contract Tower,13,3,3,1,20,0,0,9,0,9,13,3,12,1,29,8,0,8,37
04/02/2017,HRL,TX,ASW,CE,Federal Contract Tower,14,2,1,0,17,0,0,22,0,22,14,2,23,0,39,40,0,40,79
04/03/2017,HRL,TX,ASW,CE,Federal Contract Tower,23,4,6,12,45,0,0,27,4,31,23,4,33,16,76,42,28,70,146
04/04/2017,HRL,TX,ASW,CE,Federal Contract Tower,23,6,8,10,47,0,0,31,0,31,23,6,39,10,78,2,58,60,138
04/05/2017,HRL,TX,ASW,CE,Federal Contract Tower,19,5,10,10,44,0,0,21,2,23,19,5,31,12,67,32,32,64,131
04/07/2017,HRL,TX,ASW,CE,Federal Contract Tower,22,5,1,3,31,0,0,32,1,33,22,5,33,4,64,20,12,32,96
04/08/2017,HRL,TX,ASW,CE,Federal Contract Tower,11,2,2,3,18,0,1,11,0,12,11,3,13,3,30,18,6,24,54
04/09/2017,HRL,TX,ASW,CE,Federal Contract Tower,17,5,3,0,25,0,0,8,0,8,17,5,11,0,33,4,0,4,37
04/10/2017,HRL,TX,ASW,CE,Federal Contract Tower,18,3,15,6,42,0,2,15,0,17,18,5,30,6,59,28,84,112,171
04/11/2017,HRL,TX,ASW,CE,Federal Contract Tower,21,5,31,17,74,0,0,22,2,24,21,5,53,19,98,90,54,144,242
04/12/2017,HRL,TX,ASW,CE,Federal Contract Tower,19,7,10,13,49,0,0,10,0,10,19,7,20,13,59,22,86,108,167
04/13/2017,HRL,TX,ASW,CE,Federal Contract Tower,24,3,15,14,56,0,0,17,1,18,24,3,32,15,74,36,74,110,184
04/14/2017,HRL,TX,ASW,CE,Federal Contract Tower,19,3,2,4,28,0,0,15,0,15,19,3,17,4,43,14,8,22,65
04/15/2017,HRL,TX,ASW,CE,Federal Contract Tower,10,4,3,0,17,0,0,25,0,25,10,4,28,0,42,20,0,20,62
04/16/2017,HRL,TX,ASW,CE,Federal Contract Tower,16,4,5,0,25,0,2,1,0,3,16,6,6,0,28,2,0,2,30
04/17/2017,HRL,TX,ASW,CE,Federal Contract Tower,18,3,7,16,44,0,0,29,1,30,18,3,36,17,74,30,40,70,144
04/18/2017,HRL,TX,ASW,CE,Federal Contract Tower,23,5,16,19,63,0,0,22,1,23,23,5,38,20,86,52,64,116,202
04/19/2017,HRL,TX,ASW,CE,Federal Contract Tower,22,4,11,10,47,0,0,33,0,33,22,4,44,10,80,16,16,32,112
04/20/2017,HRL,TX,ASW,CE,Federal Contract Tower,24,4,21,5,54,0,0,29,2,31,24,4,50,7,85,42,86,128,213
04/21/2017,HRL,TX,ASW,CE,Federal Contract Tower,19,4,10,2,35,0,2,22,5,29,19,6,32,7,64,8,14,22,86
04/22/2017,HRL,TX,ASW,CE,Federal Contract Tower,14,3,3,13,33,0,0,28,1,29,14,3,31,14,62,34,24,58,120
04/23/2017,HRL,TX,ASW,CE,Federal Contract Tower,15,4,6,3,28,0,0,16,0,16,15,4,22,3,44,2,6,8,52
04/24/2017,HRL,TX,ASW,CE,Federal Contract Tower,19,1,8,8,36,0,0,33,0,33,19,1,41,8,69,44,36,80,149
04/25/2017,HRL,TX,ASW,CE,Federal Contract Tower,22,7,6,5,40,0,2,23,0,25,22,9,29,5,65,28,56,84,149
04/26/2017,HRL,TX,ASW,CE,Federal Contract Tower,21,12,12,3,48,0,0,17,2,19,21,12,29,5,67,20,64,84,151
04/27/2017,HRL,TX,ASW,CE,Federal Contract Tower,22,5,19,16,62,0,0,21,1,22,22,5,40,17,84,10,29,39,123
04/28/2017,HRL,TX,ASW,CE,Federal Contract Tower,20,2,9,4,35,0,0,14,2,16,20,2,23,6,51,6,18,24,75
04/29/2017,HRL,TX,ASW,CE,Federal Contract Tower,10,2,3,6,21,0,2,2,0,4,10,4,5,6,25,14,4,18,43
04/30/2017,HRL,TX,ASW,CE,Federal Contract Tower,12,4,5,3,24,0,0,6,0,6,12,4,11,3,30,20,4,24,54
05/01/2017,HRL,TX,ASW,CE,Federal Contract Tower,22,2,3,12,39,0,0,35,1,36,22,2,38,13,75,72,48,120,195
05/02/2017,HRL,TX,ASW,CE,Federal Contract Tower,20,5,10,2,37,0,0,30,1,31,20,5,40,3,68,38,32,70,138
05/03/2017,HRL,TX,ASW,CE,Federal Contract Tower,20,3,22,11,56,0,0,17,3,20,20,3,39,14,76,18,86,104,180
05/04/2017,HRL,TX,ASW,CE,Federal Contract Tower,24,1,14,3,42,0,0,22,3,25,24,1,36,6,67,10,12,22,89
05/05/2017,HRL,TX,ASW,CE,Federal Contract Tower,23,4,7,5,39,0,0,25,0,25,23,4,32,5,64,38,10,48,112
05/06/2017,HRL,TX,ASW,CE,Federal Contract Tower,15,1,1,5,22,0,1,17,0,18,15,2,18,5,40,14,10,24,64
05/07/2017,HRL,TX,ASW,CE,Federal Contract Tower,13,2,12,2,29,0,0,12,0,12,13,2,24,2,41,32,4,36,77
05/08/2017,HRL,TX,ASW,CE,Federal Contract Tower,25,4,13,7,49,0,0,22,0,22,25,4,35,7,71,16,78,94,165
05/09/2017,HRL,TX,ASW,CE,Federal Contract Tower,25,1,17,18,61,0,0,17,1,18,25,1,34,19,79,26,40,66,145
05/10/2017,HRL,TX,ASW,CE,Federal Contract Tower,22,4,14,18,58,0,0,15,0,15,22,4,29,18,73,18,137,155,228
05/11/2017,HRL,TX,ASW,CE,Federal Contract Tower,25,2,11,9,47,0,0,34,4,38,25,2,45,13,85,24,116,140,225
05/12/2017,HRL,TX,ASW,CE,Federal Contract Tower,24,0,5,0,29,0,0,11,0,11,24,0,16,0,40,8,0,8,48
05/13/2017,HRL,TX,ASW,CE,Federal Contract Tower,15,1,3,3,22,0,0,9,0,9,15,1,12,3,31,52,6,58,89
05/14/2017,HRL,TX,ASW,CE,Federal Contract Tower,15,0,1,1,17,0,0,16,0,16,15,0,17,1,33,12,2,14,47
05/15/2017,HRL,TX,ASW,CE,Federal Contract Tower,22,0,5,4,31,0,0,25,1,26,22,0,30,5,57,28,8,36,93
05/16/2017,HRL,TX,ASW,CE,Federal Contract Tower,25,2,8,9,44,0,0,19,3,22,25,2,27,12,66,40,16,56,122
05/17/2017,HRL,TX,ASW,CE,Federal Contract Tower,24,4,6,8,42,0,3,13,1,17,24,7,19,9,59,10,102,112,171
05/18/2017,HRL,TX,ASW,CE,Federal Contract Tower,22,2,14,4,42,0,0,20,1,21,22,2,34,5,63,6,8,14,77
05/19/2017,HRL,TX,ASW,CE,Federal Contract Tower,24,1,11,3,39,0,0,7,0,7,24,1,18,3,46,8,26,34,80
05/20/2017,HRL,TX,ASW,CE,Federal Contract Tower,16,0,6,2,24,0,6,22,0,28,16,6,28,2,52,0,2,2,54
05/21/2017,HRL,TX,ASW,CE,Federal Contract Tower,13,1,3,9,26,0,0,11,5,16,13,1,14,14,42,8,10,18,60
05/22/2017,HRL,TX,ASW,CE,Federal Contract Tower,17,2,5,11,35,0,0,18,3,21,17,2,23,14,56,2,68,70,126
05/23/2017,HRL,TX,ASW,CE,Federal Contract Tower,26,0,8,5,39,0,0,17,7,24,26,0,25,12,63,34,6,40,103
05/24/2017,HRL,TX,ASW,CE,Federal Contract Tower,23,2,13,9,47,0,2,29,1,32,23,4,42,10,79,0,22,22,101
05/25/2017,HRL,TX,ASW,CE,Federal Contract Tower,25,2,16,3,46,0,0,27,7,34,25,2,43,10,80,12,48,60,140
05/26/2017,HRL,TX,ASW,CE,Federal Contract Tower,23,3,20,5,51,0,0,13,8,21,23,3,33,13,72,10,64,74,146
05/27/2017,HRL,TX,ASW,CE,Federal Contract Tower,18,0,5,0,23,0,0,11,0,11,18,0,16,0,34,0,0,0,34
05/28/2017,HRL,TX,ASW,CE,Federal Contract Tower,15,2,5,5,27,0,0,9,0,9,15,2,14,5,36,4,6,10,46
05/29/2017,HRL,TX,ASW,CE,Federal Contract Tower,17,2,8,2,29,0,0,15,0,15,17,2,23,2,44,12,4,16,60
05/30/2017,HRL,TX,ASW,CE,Federal Contract Tower,22,2,14,8,46,0,0,21,0,21,22,2,35,8,67,8,20,28,95
05/31/2017,HRL,TX,ASW,CE,Federal Contract Tower,27,3,11,2,43,0,0,11,2,13,27,3,22,4,56,0,4,4,60
06/01/2017,HRL,TX,ASW,CE,Federal Contract Tower,28,1,10,6,45,0,0,30,4,34,28,1,40,10,79,22,114,136,215
06/02/2017,HRL,TX,ASW,CE,Federal Contract Tower,24,1,15,10,50,0,0,21,0,21,24,1,36,10,71,18,38,56,127
06/03/2017,HRL,TX,ASW,CE,Federal Contract Tower,15,1,6,3,25,0,0,19,0,19,15,1,25,3,44,10,6,16,60
06/04/2017,HRL,TX,ASW,CE,Federal Contract Tower,16,0,5,7,28,0,1,6,0,7,16,1,11,7,35,0,6,6,41
06/05/2017,HRL,TX,ASW,CE,Federal Contract Tower,22,0,4,0,26,0,0,47,0,47,22,0,51,0,73,0,0,0,73
06/06/2017,HRL,TX,ASW,CE,Federal Contract Tower,26,2,7,14,49,0,0,39,5,44,26,2,46,19,93,25,46,71,164
06/07/2017,HRL,TX,ASW,CE,Federal Contract Tower,21,3,12,2,38,0,1,41,0,42,21,4,53,2,80,2,16,18,98
06/08/2017,HRL,TX,ASW,CE,Federal Contract Tower,21,4,12,12,49,0,0,42,2,44,21,4,54,14,93,8,82,90,183
06/09/2017,HRL,TX,ASW,CE,Federal Contract Tower,20,4,8,1,33,0,0,36,0,36,20,4,44,1,69,14,2,16,85
06/10/2017,HRL,TX,ASW,CE,Federal Contract Tower,13,4,6,0,23,0,0,23,0,23,13,4,29,0,46,10,0,10,56
06/11/2017,HRL,TX,ASW,CE,Federal Contract Tower,12,5,7,1,25,0,0,14,1,15,12,5,21,2,40,6,2,8,48
06/12/2017,HRL,TX,ASW,CE,Federal Contract Tower,11,12,14,16,53,0,0,22,0,22,11,12,36,16,75,20,52,72,147
06/13/2017,HRL,TX,ASW,CE,Federal Contract Tower,24,4,11,5,44,0,2,9,0,11,24,6,20,5,55,0,10,10,65
06/14/2017,HRL,TX,ASW,CE,Federal Contract Tower,23,4,8,1,36,0,0,27,1,28,23,4,35,2,64,24,30,54,118
06/15/2017,HRL,TX,ASW,CE,Federal Contract Tower,22,4,18,7,51,0,0,18,2,20,22,4,36,9,71,4,24,28,99
06/16/2017,HRL,TX,ASW,CE,Federal Contract Tower,24,5,14,0,43,0,0,19,1,20,24,5,33,1,63,8,0,8,71
06/17/2017,HRL,TX,ASW,CE,Federal Contract Tower,14,7,3,0,24,0,2,23,1,26,14,9,26,1,50,16,0,16,66
06/18/2017,HRL,TX,ASW,CE,Federal Contract Tower,13,1,5,0,19,0,0,7,3,10,13,1,12,3,29,0,0,0,29
06/19/2017,HRL,TX,ASW,CE,Federal Contract Tower,19,3,9,14,45,0,0,35,1,36,19,3,44,15,81,36,36,72,153
06/20/2017,HRL,TX,ASW,CE,Federal Contract Tower,24,4,6,10,44,0,0,19,2,21,24,4,25,12,65,14,40,54,119
06/21/2017,HRL,TX,ASW,CE,Federal Contract Tower,21,6,8,18,53,0,0,23,4,27,21,6,31,22,80,4,48,52,132
06/22/2017,HRL,TX,ASW,CE,Federal Contract Tower,23,1,4,2,30,0,0,22,4,26,23,1,26,6,56,4,44,48,104
06/23/2017,HRL,TX,ASW,CE,Federal Contract Tower,23,4,4,9,40,0,0,14,10,24,23,4,18,19,64,0,70,70,134
06/24/2017,HRL,TX,ASW,CE,Federal Contract Tower,14,8,4,5,31,0,0,12,2,14,14,8,16,7,45,4,34,38,83
06/25/2017,HRL,TX,ASW,CE,Federal Contract Tower,13,5,3,0,21,0,0,3,4,7,13,5,6,4,28,6,0,6,34
06/26/2017,HRL,TX,ASW,CE,Federal Contract Tower,19,3,7,25,54,0,0,15,2,17,19,3,22,27,71,2,90,92,163
06/27/2017,HRL,TX,ASW,CE,Federal Contract Tower,24,2,9,10,45,0,0,11,0,11,24,2,20,10,56,0,32,32,88
06/29/2017,HRL,TX,ASW,CE,Federal Contract Tower,23,9,8,9,49,0,0,39,4,43,23,9,47,13,92,14,162,176,268
06/30/2017,HRL,TX,ASW,CE,Federal Contract Tower,20,3,13,3,39,0,6,16,2,24,20,9,29,5,63,2,6,8,71
07/01/2017,HRL,TX,ASW,CE,Federal Contract Tower,14,5,6,0,25,0,1,24,0,25,14,6,30,0,50,22,0,22,72
07/02/2017,HRL,TX,ASW,CE,Federal Contract Tower,10,6,4,0,20,0,0,8,0,8,10,6,12,0,28,4,0,4,32
07/03/2017,HRL,TX,ASW,CE,Federal Contract Tower,16,5,11,1,33,0,0,23,0,23,16,5,34,1,56,28,0,28,84
07/04/2017,HRL,TX,ASW,CE,Federal Contract Tower,14,2,1,0,17,0,0,25,0,25,14,2,26,0,42,0,0,0,42
07/05/2017,HRL,TX,ASW,CE,Federal Contract Tower,22,4,8,5,39,0,0,37,2,39,22,4,45,7,78,8,10,18,96
07/06/2017,HRL,TX,ASW,CE,Federal Contract Tower,24,2,11,11,48,0,0,31,6,37,24,2,42,17,85,12,64,76,161
07/07/2017,HRL,TX,ASW,CE,Federal Contract Tower,23,2,8,2,35,0,0,20,0,20,23,2,28,2,55,36,4,40,95
07/08/2017,HRL,TX,ASW,CE,Federal Contract Tower,16,1,2,1,20,0,1,33,0,34,16,2,35,1,54,32,2,34,88
07/09/2017,HRL,TX,ASW,CE,Federal Contract Tower,11,5,7,0,23,0,0,11,3,14,11,5,18,3,37,10,0,10,47
07/10/2017,HRL,TX,ASW,CE,Federal Contract Tower,18,4,6,3,31,0,0,36,0,36,18,4,42,3,67,16,6,22,89
07/11/2017,HRL,TX,ASW,CE,Federal Contract Tower,23,5,6,6,40,0,0,34,0,34,23,5,40,6,74,12,35,47,121
07/12/2017,HRL,TX,ASW,CE,Federal Contract Tower,20,4,14,15,53,0,0,10,1,11,20,4,24,16,64,12,46,58,122
07/13/2017,HRL,TX,ASW,CE,Federal Contract Tower,22,4,16,5,47,0,0,26,2,28,22,4,42,7,75,44,54,98,173
07/14/2017,HRL,TX,ASW,CE,Federal Contract Tower,20,5,10,5,40,0,0,30,0,30,20,5,40,5,70,26,24,50,120
07/15/2017,HRL,TX,ASW,CE,Federal Contract Tower,15,0,8,4,27,0,0,23,4,27,15,0,31,8,54,16,78,94,148
07/16/2017,HRL,TX,ASW,CE,Federal Contract Tower,10,7,5,0,22,0,2,16,0,18,10,9,21,0,40,18,0,18,58
07/17/2017,HRL,TX,ASW,CE,Federal Contract Tower,19,2,13,4,38,0,0,32,0,32,19,2,45,4,70,22,54,76,146
07/18/2017,HRL,TX,ASW,CE,Federal Contract Tower,22,4,15,13,54,0,0,31,0,31,22,4,46,13,85,14,26,40,125
07/19/2017,HRL,TX,ASW,CE,Federal Contract Tower,21,5,5,4,35,0,0,48,1,49,21,5,53,5,84,72,44,116,200
07/20/2017,HRL,TX,ASW,CE,Federal Contract Tower,23,4,8,2,37,0,0,28,3,31,23,4,36,5,68,18,4,22,90
07/21/2017,HRL,TX,ASW,CE,Federal Contract Tower,22,6,5,8,41,0,0,27,2,29,22,6,32,10,70,16,22,38,108
07/22/2017,HRL,TX,ASW,CE,Federal Contract Tower,16,0,4,6,26,0,0,35,2,37,16,0,39,8,63,48,38,86,149
07/23/2017,HRL,TX,ASW,CE,Federal Contract Tower,9,4,5,3,21,0,0,13,5,18,9,4,18,8,39,10,2,12,51
07/24/2017,HRL,TX,ASW,CE,Federal Contract Tower,19,2,4,5,30,0,0,24,0,24,19,2,28,5,54,30,46,76,130
07/25/2017,HRL,TX,ASW,CE,Federal Contract Tower,25,4,10,5,44,0,0,19,0,19,25,4,29,5,63,11,64,75,138
07/26/2017,HRL,TX,ASW,CE,Federal Contract Tower,23,2,6,8,39,0,0,26,4,30,23,2,32,12,69,18,56,74,143
07/27/2017,HRL,TX,ASW,CE,Federal Contract Tower,22,4,4,13,43,0,0,21,3,24,22,4,25,16,67,2,64,66,133
07/28/2017,HRL,TX,ASW,CE,Federal Contract Tower,18,3,9,6,36,0,0,26,0,26,18,3,35,6,62,28,10,38,100
07/29/2017,HRL,TX,ASW,CE,Federal Contract Tower,17,0,3,4,24,0,0,18,0,18,17,0,21,4,42,28,8,36,78
07/30/2017,HRL,TX,ASW,CE,Federal Contract Tower,10,4,4,5,23,0,0,17,0,17,10,4,21,5,40,2,6,8,48
07/31/2017,HRL,TX,ASW,CE,Federal Contract Tower,18,2,5,2,27,0,0,19,0,19,18,2,24,2,46,42,4,46,92
08/01/2017,HRL,TX,ASW,CE,Federal Contract Tower,22,3,7,8,40,0,1,26,0,27,22,4,33,8,67,50,16,66,133
08/02/2017,HRL,TX,ASW,CE,Federal Contract Tower,21,5,9,7,42,0,0,25,0,25,21,5,34,7,67,76,14,90,157
08/03/2017,HRL,TX,ASW,CE,Federal Contract Tower,21,8,6,1,36,0,0,18,2,20,21,8,24,3,56,14,2,16,72
08/04/2017,HRL,TX,ASW,CE,Federal Contract Tower,23,6,9,2,40,0,0,23,1,24,23,6,32,3,64,40,30,70,134
08/05/2017,HRL,TX,ASW,CE,Federal Contract Tower,18,0,1,0,19,0,0,30,0,30,18,0,31,0,49,64,2,66,115
08/06/2017,HRL,TX,ASW,CE,Federal Contract Tower,13,6,6,0,25,0,0,11,2,13,13,6,17,2,38,18,0,18,56
08/07/2017,HRL,TX,ASW,CE,Federal Contract Tower,15,2,5,6,28,3,0,7,0,10,18,2,12,6,38,24,34,58,96
08/08/2017,HRL,TX,ASW,CE,Federal Contract Tower,20,3,7,12,42,0,0,20,3,23,20,3,27,15,65,30,70,100,165
08/09/2017,HRL,TX,ASW,CE,Federal Contract Tower,23,6,1,5,35,0,2,18,5,25,23,8,19,10,60,2,94,96,156
08/10/2017,HRL,TX,ASW,CE,Federal Contract Tower,19,4,6,0,29,0,0,22,0,22,19,4,28,0,51,14,0,14,65
08/11/2017,HRL,TX,ASW,CE,Federal Contract Tower,21,3,7,3,34,0,0,37,0,37,21,3,44,3,71,66,6,72,143
08/12/2017,HRL,TX,ASW,CE,Federal Contract Tower,15,3,5,0,23,0,3,21,5,29,15,6,26,5,52,28,22,50,102
08/13/2017,HRL,TX,ASW,CE,Federal Contract Tower,9,4,3,0,16,0,0,10,0,10,9,4,13,0,26,22,0,22,48
08/14/2017,HRL,TX,ASW,CE,Federal Contract Tower,21,2,8,3,34,0,0,17,0,17,21,2,25,3,51,18,48,66,117
08/15/2017,HRL,TX,ASW,CE,Federal Contract Tower,22,5,10,7,44,0,0,28,1,29,22,5,38,8,73,34,68,102,175
08/16/2017,HRL,TX,ASW,CE,Federal Contract Tower,22,3,10,9,44,0,0,17,2,19,22,3,27,11,63,8,106,114,177
08/17/2017,HRL,TX,ASW,CE,Federal Contract Tower,20,4,9,3,36,0,0,29,3,32,20,4,38,6,68,16,60,76,144
08/18/2017,HRL,TX,ASW,CE,Federal Contract Tower,20,3,4,1,28,0,4,13,3,20,20,7,17,4,48,4,22,26,74
08/19/2017,HRL,TX,ASW,CE,Federal Contract Tower,14,2,3,7,26,0,0,13,0,13,14,2,16,7,39,22,6,28,67
08/20/2017,HRL,TX,ASW,CE,Federal Contract Tower,12,4,9,1,26,0,0,14,0,14,12,4,23,1,40,6,2,8,48
08/21/2017,HRL,TX,ASW,CE,Federal Contract Tower,19,5,13,1,38,0,0,14,0,14,19,5,27,1,52,8,4,12,64
08/22/2017,HRL,TX,ASW,CE,Federal Contract Tower,22,8,7,2,39,0,1,21,1,23,22,9,28,3,62,5,40,45,107
08/23/2017,HRL,TX,ASW,CE,Federal Contract Tower,24,4,10,2,40,0,0,40,1,41,24,4,50,3,81,8,0,8,89
08/24/2017,HRL,TX,ASW,CE,Federal Contract Tower,22,1,5,0,28,0,0,6,0,6,22,1,11,0,34,12,0,12,46
08/25/2017,HRL,TX,ASW,CE,Federal Contract Tower,12,2,0,0,14,0,0,0,0,0,12,2,0,0,14,0,0,0,14
08/26/2017,HRL,TX,ASW,CE,Federal Contract Tower,2,0,2,0,4,0,0,8,0,8,2,0,10,0,12,0,0,0,12
08/27/2017,HRL,TX,ASW,CE,Federal Contract Tower,8,1,2,1,12,0,0,12,0,12,8,1,14,1,24,0,0,0,24
08/28/2017,HRL,TX,ASW,CE,Federal Contract Tower,7,0,2,0,9,0,3,22,0,25,7,3,24,0,34,0,0,0,34
08/29/2017,HRL,TX,ASW,CE,Federal Contract Tower,17,1,5,0,23,0,1,32,0,33,17,2,37,0,56,0,0,0,56
08/30/2017,HRL,TX,ASW,CE,Federal Contract Tower,12,0,6,0,18,0,1,36,2,39,12,1,42,2,57,12,0,12,69
08/31/2017,HRL,TX,ASW,CE,Federal Contract Tower,11,3,5,1,20,0,5,37,0,42,11,8,42,1,62,24,0,24,86
09/01/2017,HRL,TX,ASW,CE,Federal Contract Tower,11,0,3,3,17,0,0,39,0,39,11,0,42,3,56,32,0,32,88
09/02/2017,HRL,TX,ASW,CE,Federal Contract Tower,9,0,3,0,12,0,0,21,0,21,9,0,24,0,33,20,0,20,53
09/03/2017,HRL,TX,ASW,CE,Federal Contract Tower,6,1,5,0,12,0,0,16,0,16,6,1,21,0,28,8,0,8,36
09/04/2017,HRL,TX,ASW,CE,Federal Contract Tower,14,0,5,0,19,0,0,22,0,22,14,0,27,0,41,18,0,18,59
09/05/2017,HRL,TX,ASW,CE,Federal Contract Tower,19,0,10,1,30,0,0,24,0,24,19,0,34,1,54,26,0,26,80
09/06/2017,HRL,TX,ASW,CE,Federal Contract Tower,20,5,9,11,45,0,0,25,0,25,20,5,34,11,70,4,18,22,92
09/07/2017,HRL,TX,ASW,CE,Federal Contract Tower,26,3,5,10,44,0,1,28,1,30,26,4,33,11,74,8,88,96,170
09/08/2017,HRL,TX,ASW,CE,Federal Contract Tower,20,4,6,0,30,0,0,10,0,10,20,4,16,0,40,14,0,14,54
09/09/2017,HRL,TX,ASW,CE,Federal Contract Tower,13,3,4,8,28,0,0,12,0,12,13,3,16,8,40,26,14,40,80
09/10/2017,HRL,TX,ASW,CE,Federal Contract Tower,13,2,5,0,20,0,0,9,0,9,13,2,14,0,29,18,0,18,47
09/11/2017,HRL,TX,ASW,CE,Federal Contract Tower,20,2,5,12,39,0,0,19,1,20,20,2,24,13,59,22,48,70,129
09/12/2017,HRL,TX,ASW,CE,Federal Contract Tower,23,2,8,10,43,0,0,27,0,27,23,2,35,10,70,38,38,76,146
09/13/2017,HRL,TX,ASW,CE,Federal Contract Tower,22,2,7,7,38,0,0,33,6,39,22,2,40,13,77,32,48,80,157
09/14/2017,HRL,TX,ASW,CE,Federal Contract Tower,22,4,13,7,46,0,0,14,0,14,22,4,27,7,60,8,10,18,78
09/15/2017,HRL,TX,ASW,CE,Federal Contract Tower,23,4,14,3,44,0,0,21,4,25,23,4,35,7,69,36,10,46,115
09/16/2017,HRL,TX,ASW,CE,Federal Contract Tower,13,6,3,4,26,0,0,28,1,29,13,6,31,5,55,16,10,26,81
09/17/2017,HRL,TX,ASW,CE,Federal Contract Tower,14,3,3,0,20,0,0,14,0,14,14,3,17,0,34,20,0,20,54
09/18/2017,HRL,TX,ASW,CE,Federal Contract Tower,19,2,10,13,44,0,0,18,3,21,19,2,28,16,65,44,26,70,135
09/19/2017,HRL,TX,ASW,CE,Federal Contract Tower,23,3,11,6,43,0,0,23,1,24,23,3,34,7,67,40,16,56,123
09/20/2017,HRL,TX,ASW,CE,Federal Contract Tower,23,9,11,7,50,0,0,22,1,23,23,9,33,8,73,8,16,24,97
09/21/2017,HRL,TX,ASW,CE,Federal Contract Tower,23,2,12,4,41,0,2,24,10,36,23,4,36,14,77,14,92,106,183
09/22/2017,HRL,TX,ASW,CE,Federal Contract Tower,22,6,12,3,43,0,0,18,0,18,22,6,30,3,61,54,2,56,117
09/23/2017,HRL,TX,ASW,CE,Federal Contract Tower,12,7,5,4,28,0,0,26,7,33,12,7,31,11,61,32,8,40,101
09/24/2017,HRL,TX,ASW,CE,Federal Contract Tower,12,1,8,5,26,0,0,13,6,19,12,1,21,11,45,0,10,10,55
09/25/2017,HRL,TX,ASW,CE,Federal Contract Tower,19,2,8,2,31,0,0,24,4,28,19,2,32,6,59,28,14,42,101
09/26/2017,HRL,TX,ASW,CE,Federal Contract Tower,22,2,13,15,52,0,0,21,0,21,22,2,34,15,73,28,20,48,121
09/27/2017,HRL,TX,ASW,CE,Federal Contract Tower,21,6,9,5,41,0,0,22,1,23,21,6,31,6,64,16,66,82,146
09/28/2017,HRL,TX,ASW,CE,Federal Contract Tower,24,7,14,3,48,0,0,13,0,13,24,7,27,3,61,42,6,48,109
09/29/2017,HRL,TX,ASW,CE,Federal Contract Tower,24,5,14,6,49,0,0,32,0,32,24,5,46,6,81,18,6,24,105
09/30/2017,HRL,TX,ASW,CE,Federal Contract Tower,10,3,1,4,18,0,0,8,0,8,10,3,9,4,26,28,8,36,62
10/01/2017,HRL,TX,ASW,CE,Federal Contract Tower,13,3,6,0,22,0,0,19,0,19,13,3,25,0,41,82,0,82,123
10/02/2017,HRL,TX,ASW,CE,Federal Contract Tower,22,2,6,2,32,0,0,16,0,16,22,2,22,2,48,2,4,6,54
10/03/2017,HRL,TX,ASW,CE,Federal Contract Tower,25,1,8,0,34,0,0,6,4,10,25,1,14,4,44,0,0,0,44
10/04/2017,HRL,TX,ASW,CE,Federal Contract Tower,25,7,9,4,45,0,0,13,0,13,25,7,22,4,58,0,14,14,72
10/05/2017,HRL,TX,ASW,CE,Federal Contract Tower,26,2,13,6,47,0,0,6,2,8,26,2,19,8,55,0,60,60,115
10/06/2017,HRL,TX,ASW,CE,Federal Contract Tower,22,6,2,3,33,0,2,23,2,27,22,8,25,5,60,50,62,112,172
10/07/2017,HRL,TX,ASW,CE,Federal Contract Tower,13,4,2,1,20,0,0,26,1,27,13,4,28,2,47,24,2,26,73
10/08/2017,HRL,TX,ASW,CE,Federal Contract Tower,15,5,5,4,29,0,0,14,3,17,15,5,19,7,46,38,40,78,124
10/09/2017,HRL,TX,ASW,CE,Federal Contract Tower,18,4,13,0,35,0,0,33,0,33,18,4,46,0,68,22,0,22,90
10/10/2017,HRL,TX,ASW,CE,Federal Contract Tower,23,4,10,1,38,0,0,8,0,8,23,4,18,1,46,12,17,29,75
10/11/2017,HRL,TX,ASW,CE,Federal Contract Tower,25,8,9,2,44,0,3,3,0,6,25,11,12,2,50,0,4,4,54
10/12/2017,HRL,TX,ASW,CE,Federal Contract Tower,25,8,10,3,46,0,3,31,2,36,25,11,41,5,82,14,4,18,100
10/13/2017,HRL,TX,ASW,CE,Federal Contract Tower,22,6,8,4,40,0,1,34,0,35,22,7,42,4,75,12,28,40,115
10/14/2017,HRL,TX,ASW,CE,Federal Contract Tower,13,4,5,4,26,0,0,15,1,16,13,4,20,5,42,50,4,54,96
10/15/2017,HRL,TX,ASW,CE,Federal Contract Tower,14,2,5,3,24,0,0,18,6,24,14,2,23,9,48,42,16,58,106
10/16/2017,HRL,TX,ASW,CE,Federal Contract Tower,19,3,12,9,43,0,0,21,0,21,19,3,33,9,64,10,18,28,92
10/17/2017,HRL,TX,ASW,CE,Federal Contract Tower,24,2,8,10,44,0,0,39,0,39,24,2,47,10,83,18,20,38,121
10/18/2017,HRL,TX,ASW,CE,Federal Contract Tower,27,2,9,9,47,0,1,27,1,29,27,3,36,10,76,28,18,46,122
10/19/2017,HRL,TX,ASW,CE,Federal Contract Tower,24,3,9,4,40,0,7,36,2,45,24,10,45,6,85,54,6,60,145
10/20/2017,HRL,TX,ASW,CE,Federal Contract Tower,20,3,16,4,43,0,6,15,0,21,20,9,31,4,64,16,68,84,148
10/21/2017,HRL,TX,ASW,CE,Federal Contract Tower,12,4,6,2,24,0,0,19,1,20,12,4,25,3,44,44,40,84,128
10/22/2017,HRL,TX,ASW,CE,Federal Contract Tower,17,1,6,1,25,0,0,11,3,14,17,1,17,4,39,48,2,50,89
10/23/2017,HRL,TX,ASW,CE,Federal Contract Tower,20,4,10,7,41,0,0,30,0,30,20,4,40,7,71,46,14,60,131
10/24/2017,HRL,TX,ASW,CE,Federal Contract Tower,25,4,9,1,39,0,0,20,4,24,25,4,29,5,63,12,68,80,143
10/25/2017,HRL,TX,ASW,CE,Federal Contract Tower,25,2,7,8,42,0,0,22,0,22,25,2,29,8,64,30,16,46,110
10/26/2017,HRL,TX,ASW,CE,Federal Contract Tower,24,2,17,9,52,0,1,26,1,28,24,3,43,10,80,10,16,26,106
10/27/2017,HRL,TX,ASW,CE,Federal Contract Tower,24,4,12,5,45,0,0,22,0,22,24,4,34,5,67,12,6,18,85
10/28/2017,HRL,TX,ASW,CE,Federal Contract Tower,12,3,1,6,22,0,0,20,1,21,12,3,21,7,43,0,8,8,51
10/29/2017,HRL,TX,ASW,CE,Federal Contract Tower,17,2,4,0,23,0,1,20,0,21,17,3,24,0,44,12,0,12,56
10/30/2017,HRL,TX,ASW,CE,Federal Contract Tower,18,3,4,2,27,0,0,17,0,17,18,3,21,2,44,14,4,18,62
10/31/2017,HRL,TX,ASW,CE,Federal Contract Tower,25,2,11,22,60,0,0,18,0,18,25,2,29,22,78,28,146,174,252
11/02/2017,HRL,TX,ASW,CE,Federal Contract Tower,29,2,10,9,50,0,0,17,5,22,29,2,27,14,72,18,130,148,220
11/03/2017,HRL,TX,ASW,CE,Federal Contract Tower,22,2,8,3,35,0,0,18,0,18,22,2,26,3,53,14,6,20,73
11/04/2017,HRL,TX,ASW,CE,Federal Contract Tower,16,2,2,4,24,0,0,16,1,17,16,2,18,5,41,18,4,22,63
11/05/2017,HRL,TX,ASW,CE,Federal Contract Tower,17,3,3,0,23,0,0,17,0,17,17,3,20,0,40,26,0,26,66
11/06/2017,HRL,TX,ASW,CE,Federal Contract Tower,22,2,4,9,37,0,2,27,0,29,22,4,31,9,66,20,62,82,148
11/07/2017,HRL,TX,ASW,CE,Federal Contract Tower,29,2,10,15,56,0,0,18,2,20,29,2,28,17,76,18,90,108,184
11/08/2017,HRL,TX,ASW,CE,Federal Contract Tower,27,0,9,22,58,0,0,18,0,18,27,0,27,22,76,32,102,134,210
11/09/2017,HRL,TX,ASW,CE,Federal Contract Tower,30,1,19,5,55,0,0,7,0,7,30,1,26,5,62,0,10,10,72
11/10/2017,HRL,TX,ASW,CE,Federal Contract Tower,25,3,13,4,45,0,0,3,0,3,25,3,16,4,48,10,4,14,62
11/11/2017,HRL,TX,ASW,CE,Federal Contract Tower,16,2,1,0,19,0,0,11,3,14,16,2,12,3,33,14,0,14,47
11/12/2017,HRL,TX,ASW,CE,Federal Contract Tower,19,1,3,1,24,0,0,4,2,6,19,1,7,3,30,22,0,22,52
11/13/2017,HRL,TX,ASW,CE,Federal Contract Tower,22,2,10,6,40,0,0,18,0,18,22,2,28,6,58,2,12,14,72
11/14/2017,HRL,TX,ASW,CE,Federal Contract Tower,29,0,12,6,47,0,0,19,4,23,29,0,31,10,70,22,158,180,250
11/16/2017,HRL,TX,ASW,CE,Federal Contract Tower,29,0,13,1,43,0,0,18,2,20,29,0,31,3,63,20,22,42,105
11/17/2017,HRL,TX,ASW,CE,Federal Contract Tower,24,4,20,4,52,0,0,27,0,27,24,4,47,4,79,28,10,38,117
11/18/2017,HRL,TX,ASW,CE,Federal Contract Tower,18,6,5,0,29,0,2,17,2,21,18,8,22,2,50,16,2,18,68
11/19/2017,HRL,TX,ASW,CE,Federal Contract Tower,20,1,4,1,26,0,0,8,4,12,20,1,12,5,38,14,0,14,52
11/20/2017,HRL,TX,ASW,CE,Federal Contract Tower,20,1,10,3,34,0,0,12,0,12,20,1,22,3,46,8,6,14,60
11/21/2017,HRL,TX,ASW,CE,Federal Contract Tower,31,1,14,6,52,0,0,25,2,27,31,1,39,8,79,20,12,32,111
11/22/2017,HRL,TX,ASW,CE,Federal Contract Tower,28,3,6,1,38,0,0,25,2,27,28,3,31,3,65,8,22,30,95
11/23/2017,HRL,TX,ASW,CE,Federal Contract Tower,13,4,4,0,21,0,0,9,0,9,13,4,13,0,30,22,0,22,52
11/24/2017,HRL,TX,ASW,CE,Federal Contract Tower,18,6,9,2,35,0,0,18,0,18,18,6,27,2,53,26,4,30,83
11/25/2017,HRL,TX,ASW,CE,Federal Contract Tower,18,4,5,0,27,0,0,15,0,15,18,4,20,0,42,14,0,14,56
11/26/2017,HRL,TX,ASW,CE,Federal Contract Tower,22,4,8,0,34,0,0,20,0,20,22,4,28,0,54,0,0,0,54
11/27/2017,HRL,TX,ASW,CE,Federal Contract Tower,21,2,9,4,36,0,1,34,0,35,21,3,43,4,71,28,14,42,113
11/28/2017,HRL,TX,ASW,CE,Federal Contract Tower,32,0,15,12,59,0,0,19,3,22,32,0,34,15,81,4,62,66,147
11/29/2017,HRL,TX,ASW,CE,Federal Contract Tower,25,4,18,2,49,0,0,25,1,26,25,4,43,3,75,16,68,84,159
11/30/2017,HRL,TX,ASW,CE,Federal Contract Tower,30,2,6,0,38,0,0,15,0,15,30,2,21,0,53,12,0,12,65
12/01/2017,HRL,TX,ASW,CE,Federal Contract Tower,24,4,9,6,43,0,0,33,0,33,24,4,42,6,76,26,12,38,114
12/02/2017,HRL,TX,ASW,CE,Federal Contract Tower,15,1,3,3,22,0,0,22,2,24,15,1,25,5,46,66,6,72,118
12/03/2017,HRL,TX,ASW,CE,Federal Contract Tower,17,2,4,5,28,0,0,6,2,8,17,2,10,7,36,20,6,26,62
12/04/2017,HRL,TX,ASW,CE,Federal Contract Tower,21,5,14,0,40,0,0,21,0,21,21,5,35,0,61,22,14,36,97
12/05/2017,HRL,TX,ASW,CE,Federal Contract Tower,32,0,6,12,50,0,0,25,2,27,32,0,31,14,77,72,48,120,197
12/06/2017,HRL,TX,ASW,CE,Federal Contract Tower,27,0,13,12,52,0,0,0,0,0,27,0,13,12,52,0,24,24,76
12/07/2017,HRL,TX,ASW,CE,Federal Contract Tower,28,0,10,0,38,0,0,0,0,0,28,0,10,0,38,0,0,0,38
12/08/2017,HRL,TX,ASW,CE,Federal Contract Tower,15,6,3,0,24,0,2,5,0,7,15,8,8,0,31,0,0,0,31
12/09/2017,HRL,TX,ASW,CE,Federal Contract Tower,16,1,2,4,23,0,2,22,1,25,16,3,24,5,48,32,30,62,110
12/10/2017,HRL,TX,ASW,CE,Federal Contract Tower,17,8,5,9,39,0,0,17,0,17,17,8,22,9,56,26,10,36,92
12/11/2017,HRL,TX,ASW,CE,Federal Contract Tower,20,1,13,7,41,0,0,20,0,20,20,1,33,7,61,28,26,54,115
12/12/2017,HRL,TX,ASW,CE,Federal Contract Tower,31,2,13,7,53,0,0,16,0,16,31,2,29,7,69,24,14,38,107
12/13/2017,HRL,TX,ASW,CE,Federal Contract Tower,26,2,14,10,52,0,2,22,0,24,26,4,36,10,76,32,74,106,182
12/14/2017,HRL,TX,ASW,CE,Federal Contract Tower,28,0,9,0,37,0,0,26,1,27,28,0,35,1,64,8,22,30,94
12/15/2017,HRL,TX,ASW,CE,Federal Contract Tower,26,3,10,6,45,0,0,6,1,7,26,3,16,7,52,2,74,76,128
12/16/2017,HRL,TX,ASW,CE,Federal Contract Tower,18,2,5,0,25,0,0,0,0,0,18,2,5,0,25,0,4,4,29
12/17/2017,HRL,TX,ASW,CE,Federal Contract Tower,23,6,5,0,34,0,0,0,0,0,23,6,5,0,34,0,0,0,34
12/18/2017,HRL,TX,ASW,CE,Federal Contract Tower,26,0,11,6,43,0,0,0,0,0,26,0,11,6,43,0,10,10,53
12/19/2017,HRL,TX,ASW,CE,Federal Contract Tower,31,0,14,6,51,0,0,12,1,13,31,0,26,7,64,6,72,78,142
12/20/2017,HRL,TX,ASW,CE,Federal Contract Tower,31,1,11,2,45,0,0,22,2,24,31,1,33,4,69,6,4,10,79
12/21/2017,HRL,TX,ASW,CE,Federal Contract Tower,31,5,13,5,54,0,0,14,0,14,31,5,27,5,68,0,12,12,80
12/22/2017,HRL,TX,ASW,CE,Federal Contract Tower,24,5,10,5,44,0,3,11,5,19,24,8,21,10,63,0,40,40,103
12/23/2017,HRL,TX,ASW,CE,Federal Contract Tower,18,2,5,0,25,0,2,9,0,11,18,4,14,0,36,8,0,8,44
12/24/2017,HRL,TX,ASW,CE,Federal Contract Tower,16,4,1,0,21,0,0,9,0,9,16,4,10,0,30,42,0,42,72
12/25/2017,HRL,TX,ASW,CE,Federal Contract Tower,21,3,0,0,24,0,0,0,0,0,21,3,0,0,24,0,0,0,24
12/26/2017,HRL,TX,ASW,CE,Federal Contract Tower,24,0,5,0,29,0,0,6,0,6,24,0,11,0,35,20,0,20,55
12/27/2017,HRL,TX,ASW,CE,Federal Contract Tower,28,2,17,2,49,0,0,5,0,5,28,2,22,2,54,0,2,2,56
12/28/2017,HRL,TX,ASW,CE,Federal Contract Tower,33,6,10,0,49,0,0,0,0,0,33,6,10,0,49,0,0,0,49
12/29/2017,HRL,TX,ASW,CE,Federal Contract Tower,23,12,8,0,43,0,0,0,0,0,23,12,8,0,43,2,0,2,45
12/30/2017,HRL,TX,ASW,CE,Federal Contract Tower,19,3,4,0,26,0,0,0,0,0,19,3,4,0,26,0,0,0,26
12/31/2017,HRL,TX,ASW,CE,Federal Contract Tower,24,3,2,0,29,0,0,1,0,1,24,3,3,0,30,0,0,0,30
01/01/2018,HRL,TX,ASW,CE,Federal Contract Tower,19,0,3,0,22,0,0,0,0,0,19,0,3,0,22,0,0,0,22
01/02/2018,HRL,TX,ASW,CE,Federal Contract Tower,28,0,7,1,36,0,0,3,1,4,28,0,10,2,40,0,0,0,40
01/03/2018,HRL,TX,ASW,CE,Federal Contract Tower,25,4,9,0,38,0,1,13,0,14,25,5,22,0,52,4,0,4,56
01/05/2018,HRL,TX,ASW,CE,Federal Contract Tower,23,3,14,6,46,0,0,29,0,29,23,3,43,6,75,58,20,78,153
01/06/2018,HRL,TX,ASW,CE,Federal Contract Tower,15,8,3,3,29,0,2,20,1,23,15,10,23,4,52,68,58,126,178
01/07/2018,HRL,TX,ASW,CE,Federal Contract Tower,19,2,5,1,27,0,0,7,5,12,19,2,12,6,39,42,12,54,93
01/08/2018,HRL,TX,ASW,CE,Federal Contract Tower,22,5,5,7,39,0,0,11,0,11,22,5,16,7,50,16,14,30,80
01/09/2018,HRL,TX,ASW,CE,Federal Contract Tower,26,5,13,10,54,0,0,30,2,32,26,5,43,12,86,42,105,147,233
01/10/2018,HRL,TX,ASW,CE,Federal Contract Tower,24,4,5,7,40,0,0,25,0,25,24,4,30,7,65,16,14,30,95
01/11/2018,HRL,TX,ASW,CE,Federal Contract Tower,27,5,8,9,49,0,0,17,0,17,27,5,25,9,66,4,18,22,88
01/12/2018,HRL,TX,ASW,CE,Federal Contract Tower,19,5,8,1,33,0,0,16,0,16,19,5,24,1,49,58,2,60,109
01/13/2018,HRL,TX,ASW,CE,Federal Contract Tower,13,5,2,4,24,0,0,35,1,36,13,5,37,5,60,40,62,102,162
01/14/2018,HRL,TX,ASW,CE,Federal Contract Tower,15,6,11,2,34,0,0,17,0,17,15,6,28,2,51,30,4,34,85
01/15/2018,HRL,TX,ASW,CE,Federal Contract Tower,20,8,8,0,36,0,0,23,0,23,20,8,31,0,59,36,0,36,95
01/16/2018,HRL,TX,ASW,CE,Federal Contract Tower,14,0,7,0,21,0,0,4,0,4,14,0,11,0,25,0,0,0,25
01/17/2018,HRL,TX,ASW,CE,Federal Contract Tower,23,7,14,3,47,0,0,6,0,6,23,7,20,3,53,10,0,10,63
01/18/2018,HRL,TX,ASW,CE,Federal Contract Tower,27,5,6,3,41,0,0,8,0,8,27,5,14,3,49,0,6,6,55
01/19/2018,HRL,TX,ASW,CE,Federal Contract Tower,22,8,2,2,34,0,0,0,0,0,22,8,2,2,34,0,4,4,38
01/20/2018,HRL,TX,ASW,CE,Federal Contract Tower,15,7,7,3,32,0,0,12,1,13,15,7,19,4,45,26,4,30,75
01/21/2018,HRL,TX,ASW,CE,Federal Contract Tower,15,13,6,3,37,0,0,6,2,8,15,13,12,5,45,0,16,16,61
01/22/2018,HRL,TX,ASW,CE,Federal Contract Tower,18,9,11,8,46,0,0,23,0,23,18,9,34,8,69,14,12,26,95
01/23/2018,HRL,TX,ASW,CE,Federal Contract Tower,31,7,8,6,52,0,0,30,0,30,31,7,38,6,82,20,62,82,164
01/24/2018,HRL,TX,ASW,CE,Federal Contract Tower,26,9,9,10,54,0,0,19,1,20,26,9,28,11,74,12,60,72,146
01/25/2018,HRL,TX,ASW,CE,Federal Contract Tower,24,4,12,4,44,0,0,19,2,21,24,4,31,6,65,44,42,86,151
01/26/2018,HRL,TX,ASW,CE,Federal Contract Tower,23,8,14,1,46,0,0,11,2,13,23,8,25,3,59,24,56,80,139
01/27/2018,HRL,TX,ASW,CE,Federal Contract Tower,14,4,3,0,21,0,0,0,0,0,14,4,3,0,21,0,0,0,21
01/28/2018,HRL,TX,ASW,CE,Federal Contract Tower,17,9,5,4,35,0,0,11,0,11,17,9,16,4,46,40,8,48,94
01/29/2018,HRL,TX,ASW,CE,Federal Contract Tower,19,5,8,4,36,0,0,23,0,23,19,5,31,4,59,22,10,32,91
01/30/2018,HRL,TX,ASW,CE,Federal Contract Tower,28,4,7,3,42,0,0,29,0,29,28,4,36,3,71,38,44,82,153
01/31/2018,HRL,TX,ASW,CE,Federal Contract Tower,23,12,11,2,48,0,4,24,5,33,23,16,35,7,81,28,28,56,137
02/01/2018,HRL,TX,ASW,CE,Federal Contract Tower,26,3,11,6,46,0,0,16,0,16,26,3,27,6,62,40,12,52,114
02/02/2018,HRL,TX,ASW,CE,Federal Contract Tower,24,13,18,9,64,0,0,9,0,9,24,13,27,9,73,4,10,14,87
02/03/2018,HRL,TX,ASW,CE,Federal Contract Tower,14,11,5,1,31,0,0,13,0,13,14,11,18,1,44,54,0,54,98
02/04/2018,HRL,TX,ASW,CE,Federal Contract Tower,14,8,4,1,27,0,2,5,4,11,14,10,9,5,38,32,0,32,70
02/05/2018,HRL,TX,ASW,CE,Federal Contract Tower,21,4,8,0,33,0,0,0,0,0,21,4,8,0,33,0,0,0,33
02/06/2018,HRL,TX,ASW,CE,Federal Contract Tower,29,5,13,18,65,0,0,20,2,22,29,5,33,20,87,0,90,90,177
02/07/2018,HRL,TX,ASW,CE,Federal Contract Tower,22,10,8,14,54,0,0,2,0,2,22,10,10,14,56,0,24,24,80
02/08/2018,HRL,TX,ASW,CE,Federal Contract Tower,26,5,17,6,54,0,0,19,1,20,26,5,36,7,74,0,50,50,124
02/09/2018,HRL,TX,ASW,CE,Federal Contract Tower,23,8,19,4,54,0,0,0,0,0,23,8,19,4,54,0,6,6,60
02/10/2018,HRL,TX,ASW,CE,Federal Contract Tower,19,7,2,0,28,0,0,9,0,9,19,7,11,0,37,38,12,50,87
02/11/2018,HRL,TX,ASW,CE,Federal Contract Tower,16,8,2,3,29,0,0,0,0,0,16,8,2,3,29,0,4,4,33
02/12/2018,HRL,TX,ASW,CE,Federal Contract Tower,21,7,13,10,51,0,0,20,0,20,21,7,33,10,71,50,36,86,157
02/13/2018,HRL,TX,ASW,CE,Federal Contract Tower,27,7,7,2,43,0,0,0,0,0,27,7,7,2,43,0,4,4,47
02/14/2018,HRL,TX,ASW,CE,Federal Contract Tower,25,4,8,16,53,0,0,16,0,16,25,4,24,16,69,28,52,80,149
02/15/2018,HRL,TX,ASW,CE,Federal Contract Tower,31,7,8,24,70,0,0,14,2,16,31,7,22,26,86,0,70,70,156
02/16/2018,HRL,TX,ASW,CE,Federal Contract Tower,26,7,12,8,53,0,0,15,0,15,26,7,27,8,68,4,12,16,84
02/17/2018,HRL,TX,ASW,CE,Federal Contract Tower,16,4,8,1,29,0,0,7,2,9,16,4,15,3,38,10,78,88,126
02/18/2018,HRL,TX,ASW,CE,Federal Contract Tower,17,4,10,0,31,0,0,3,0,3,17,4,13,0,34,22,0,22,56
02/19/2018,HRL,TX,ASW,CE,Federal Contract Tower,23,7,13,11,54,0,0,14,0,14,23,7,27,11,68,0,18,18,86
02/20/2018,HRL,TX,ASW,CE,Federal Contract Tower,28,5,12,12,57,0,0,12,1,13,28,5,24,13,70,0,80,80,150
02/21/2018,HRL,TX,ASW,CE,Federal Contract Tower,21,3,14,37,75,0,2,14,11,27,21,5,28,48,102,6,196,202,304
02/22/2018,HRL,TX,ASW,CE,Federal Contract Tower,35,5,14,0,54,0,0,1,0,1,35,5,15,0,55,0,0,0,55
02/23/2018,HRL,TX,ASW,CE,Federal Contract Tower,27,7,21,8,63,0,0,17,4,21,27,7,38,12,84,40,88,128,212
02/24/2018,HRL,TX,ASW,CE,Federal Contract Tower,15,14,8,7,44,0,0,11,5,16,15,14,19,12,60,0,22,22,82
02/25/2018,HRL,TX,ASW,CE,Federal Contract Tower,18,4,23,3,48,0,0,12,0,12,18,4,35,3,60,64,4,68,128
02/27/2018,HRL,TX,ASW,CE,Federal Contract Tower,29,4,11,10,54,0,0,22,1,23,29,4,33,11,77,0,80,80,157
02/28/2018,HRL,TX,ASW,CE,Federal Contract Tower,29,6,10,6,51,0,0,15,3,18,29,6,25,9,69,0,90,90,159
03/01/2018,HRL,TX,ASW,CE,Federal Contract Tower,29,6,12,11,58,0,0,17,1,18,29,6,29,12,76,10,89,99,175
03/02/2018,HRL,TX,ASW,CE,Federal Contract Tower,23,4,11,5,43,0,0,20,0,20,23,4,31,5,63,2,20,22,85
03/03/2018,HRL,TX,ASW,CE,Federal Contract Tower,16,2,7,7,32,0,0,6,0,6,16,2,13,7,38,14,14,28,66
03/04/2018,HRL,TX,ASW,CE,Federal Contract Tower,16,5,8,3,32,0,0,10,1,11,16,5,18,4,43,26,12,38,81
03/05/2018,HRL,TX,ASW,CE,Federal Contract Tower,24,3,13,10,50,0,0,13,0,13,24,3,26,10,63,0,98,98,161
03/06/2018,HRL,TX,ASW,CE,Federal Contract Tower,29,4,12,12,57,0,0,2,0,2,29,4,14,12,59,0,24,24,83
03/07/2018,HRL,TX,ASW,CE,Federal Contract Tower,27,2,22,10,61,0,6,42,3,51,27,8,64,13,112,10,92,102,214
03/08/2018,HRL,TX,ASW,CE,Federal Contract Tower,28,2,6,11,47,0,4,28,2,34,28,6,34,13,81,36,34,70,151
03/09/2018,HRL,TX,ASW,CE,Federal Contract Tower,28,4,10,9,51,0,0,17,1,18,28,4,27,10,69,16,20,36,105
03/10/2018,HRL,TX,ASW,CE,Federal Contract Tower,20,2,6,5,33,0,0,14,2,16,20,2,20,7,49,12,10,22,71
03/11/2018,HRL,TX,ASW,CE,Federal Contract Tower,18,2,4,4,28,0,0,3,0,3,18,2,7,4,31,44,6,50,81
03/12/2018,HRL,TX,ASW,CE,Federal Contract Tower,25,3,8,7,43,0,0,19,4,23,25,3,27,11,66,0,58,58,124
03/13/2018,HRL,TX,ASW,CE,Federal Contract Tower,29,4,14,5,52,0,0,19,2,21,29,4,33,7,73,58,190,248,321
03/14/2018,HRL,TX,ASW,CE,Federal Contract Tower,28,5,3,15,51,0,2,38,0,40,28,7,41,15,91,46,54,100,191
03/15/2018,HRL,TX,ASW,CE,Federal Contract Tower,28,4,14,15,61,0,0,20,1,21,28,4,34,16,82,12,58,70,152
03/16/2018,HRL,TX,ASW,CE,Federal Contract Tower,23,7,9,5,44,0,9,12,0,21,23,16,21,5,65,12,50,62,127
03/17/2018,HRL,TX,ASW,CE,Federal Contract Tower,18,3,7,7,35,0,2,8,2,12,18,5,15,9,47,26,14,40,87
03/18/2018,HRL,TX,ASW,CE,Federal Contract Tower,17,2,11,3,33,0,2,6,2,10,17,4,17,5,43,36,26,62,105
03/19/2018,HRL,TX,ASW,CE,Federal Contract Tower,24,5,18,10,57,0,0,14,0,14,24,5,32,10,71,12,106,118,189
03/20/2018,HRL,TX,ASW,CE,Federal Contract Tower,31,4,13,8,56,0,0,36,0,36,31,4,49,8,92,56,22,78,170
03/21/2018,HRL,TX,ASW,CE,Federal Contract Tower,28,6,15,16,65,0,0,34,4,38,28,6,49,20,103,18,146,164,267
03/22/2018,HRL,TX,ASW,CE,Federal Contract Tower,29,7,8,31,75,0,0,26,3,29,29,7,34,34,104,30,120,150,254
03/23/2018,HRL,TX,ASW,CE,Federal Contract Tower,25,5,10,14,54,0,0,18,4,22,25,5,28,18,76,16,104,120,196
03/24/2018,HRL,TX,ASW,CE,Federal Contract Tower,20,2,1,13,36,0,0,9,3,12,20,2,10,16,48,18,48,66,114
03/25/2018,HRL,TX,ASW,CE,Federal Contract Tower,20,4,7,7,38,0,0,14,5,19,20,4,21,12,57,19,108,127,184
03/26/2018,HRL,TX,ASW,CE,Federal Contract Tower,26,5,9,8,48,0,0,13,1,14,26,5,22,9,62,16,110,126,188
03/27/2018,HRL,TX,ASW,CE,Federal Contract Tower,34,2,15,14,65,0,0,16,1,17,34,2,31,15,82,20,22,42,124
03/28/2018,HRL,TX,ASW,CE,Federal Contract Tower,30,0,12,17,59,0,0,26,1,27,30,0,38,18,86,52,52,104,190
03/29/2018,HRL,TX,ASW,CE,Federal Contract Tower,31,2,6,15,54,0,0,33,3,36,31,2,39,18,90,12,80,92,182
03/30/2018,HRL,TX,ASW,CE,Federal Contract Tower,28,4,3,7,42,0,0,32,0,32,28,4,35,7,74,68,14,82,156
03/31/2018,HRL,TX,ASW,CE,Federal Contract Tower,22,5,7,0,34,0,0,21,0,21,22,5,28,0,55,18,0,18,73
04/01/2018,HRL,TX,ASW,CE,Federal Contract Tower,19,2,7,2,30,0,0,9,1,10,19,2,16,3,40,1,14,15,55
04/02/2018,HRL,TX,ASW,CE,Federal Contract Tower,25,1,10,11,47,0,0,10,1,11,25,1,20,12,58,0,116,116,174
04/03/2018,HRL,TX,ASW,CE,Federal Contract Tower,32,3,9,26,70,0,0,17,0,17,32,3,26,26,87,0,48,48,135
04/04/2018,HRL,TX,ASW,CE,Federal Contract Tower,27,5,23,6,61,0,0,8,0,8,27,5,31,6,69,12,8,20,89
04/05/2018,HRL,TX,ASW,CE,Federal Contract Tower,30,2,14,3,49,0,0,15,3,18,30,2,29,6,67,16,4,20,87
04/06/2018,HRL,TX,ASW,CE,Federal Contract Tower,25,3,9,10,47,0,0,15,6,21,25,3,24,16,68,18,50,68,136
04/07/2018,HRL,TX,ASW,CE,Federal Contract Tower,18,3,7,5,33,0,0,5,1,6,18,3,12,6,39,30,36,66,105
04/08/2018,HRL,TX,ASW,CE,Federal Contract Tower,15,4,10,0,29,0,0,14,0,14,15,4,24,0,43,24,4,28,71
04/09/2018,HRL,TX,ASW,CE,Federal Contract Tower,26,3,11,16,56,0,0,18,0,18,26,3,29,16,74,20,258,278,352
04/10/2018,HRL,TX,ASW,CE,Federal Contract Tower,30,1,7,5,43,0,0,4,0,4,30,1,11,5,47,0,67,67,114
04/11/2018,HRL,TX,ASW,CE,Federal Contract Tower,28,7,11,12,58,0,0,37,1,38,28,7,48,13,96,16,56,72,168
04/12/2018,HRL,TX,ASW,CE,Federal Contract Tower,26,3,21,10,60,0,1,19,2,22,26,4,40,12,82,10,20,30,112
04/13/2018,HRL,TX,ASW,CE,Federal Contract Tower,25,2,16,5,48,0,2,12,0,14,25,4,28,5,62,2,58,60,122
04/14/2018,HRL,TX,ASW,CE,Federal Contract Tower,16,6,4,17,43,0,0,10,1,11,16,6,14,18,54,10,64,74,128
04/15/2018,HRL,TX,ASW,CE,Federal Contract Tower,19,0,2,0,21,0,0,25,4,29,19,0,27,4,50,26,0,26,76
04/16/2018,HRL,TX,ASW,CE,Federal Contract Tower,21,4,7,12,44,0,0,21,1,22,21,4,28,13,66,2,30,32,98
04/17/2018,HRL,TX,ASW,CE,Federal Contract Tower,26,7,8,3,44,0,0,14,0,14,26,7,22,3,58,4,4,8,66
04/18/2018,HRL,TX,ASW,CE,Federal Contract Tower,29,4,15,8,56,0,0,28,1,29,29,4,43,9,85,4,16,20,105
04/19/2018,HRL,TX,ASW,CE,Federal Contract Tower,28,3,16,3,50,0,0,22,4,26,28,3,38,7,76,2,54,56,132
04/20/2018,HRL,TX,ASW,CE,Federal Contract Tower,25,1,15,6,47,0,0,24,0,24,25,1,39,6,71,40,12,52,123
04/21/2018,HRL,TX,ASW,CE,Federal Contract Tower,13,5,4,16,38,0,0,5,2,7,13,5,9,18,45,42,58,100,145
04/22/2018,HRL,TX,ASW,CE,Federal Contract Tower,17,1,10,4,32,0,0,15,4,19,17,1,25,8,51,2,6,8,59
04/23/2018,HRL,TX,ASW,CE,Federal Contract Tower,27,0,9,5,41,0,2,21,0,23,27,2,30,5,64,0,8,8,72
04/24/2018,HRL,TX,ASW,CE,Federal Contract Tower,28,0,28,6,62,0,2,37,2,41,28,2,65,8,103,42,14,56,159
04/25/2018,HRL,TX,ASW,CE,Federal Contract Tower,26,1,13,12,52,0,1,38,4,43,26,2,51,16,95,46,98,144,239
04/26/2018,HRL,TX,ASW,CE,Federal Contract Tower,28,3,15,6,52,0,0,18,5,23,28,3,33,11,75,4,152,156,231
04/27/2018,HRL,TX,ASW,CE,Federal Contract Tower,24,1,10,0,35,0,3,29,0,32,24,4,39,0,67,46,0,46,113
04/28/2018,HRL,TX,ASW,CE,Federal Contract Tower,17,2,7,2,28,0,0,4,0,4,17,2,11,2,32,8,4,12,44
04/29/2018,HRL,TX,ASW,CE,Federal Contract Tower,19,0,6,2,27,0,0,9,0,9,19,0,15,2,36,22,26,48,84
04/30/2018,HRL,TX,ASW,CE,Federal Contract Tower,23,2,4,12,41,0,0,18,0,18,23,2,22,12,59,22,58,80,139
05/01/2018,HRL,TX,ASW,CE,Federal Contract Tower,30,1,10,16,57,0,0,8,0,8,30,1,18,16,65,10,84,94,159
05/02/2018,HRL,TX,ASW,CE,Federal Contract Tower,27,5,8,20,60,0,2,8,1,11,27,7,16,21,71,0,62,62,133
05/03/2018,HRL,TX,ASW,CE,Federal Contract Tower,30,4,12,18,64,0,0,19,2,21,30,4,31,20,85,6,84,90,175
05/04/2018,HRL,TX,ASW,CE,Federal Contract Tower,25,0,6,10,41,0,0,18,0,18,25,0,24,10,59,2,28,30,89
05/05/2018,HRL,TX,ASW,CE,Federal Contract Tower,18,0,0,1,19,0,0,14,0,14,18,0,14,1,33,12,2,14,47
05/06/2018,HRL,TX,ASW,CE,Federal Contract Tower,21,1,2,2,26,0,0,15,0,15,21,1,17,2,41,34,4,38,79
05/07/2018,HRL,TX,ASW,CE,Federal Contract Tower,26,0,11,4,41,0,0,24,4,28,26,0,35,8,69,32,48,80,149
05/08/2018,HRL,TX,ASW,CE,Federal Contract Tower,30,1,5,11,47,0,0,28,2,30,30,1,33,13,77,18,42,60,137
05/09/2018,HRL,TX,ASW,CE,Federal Contract Tower,25,2,12,9,48,0,0,24,2,26,25,2,36,11,74,24,62,86,160
05/10/2018,HRL,TX,ASW,CE,Federal Contract Tower,30,1,11,4,46,0,0,22,5,27,30,1,33,9,73,20,74,94,167
05/11/2018,HRL,TX,ASW,CE,Federal Contract Tower,24,2,7,8,41,0,0,23,0,23,24,2,30,8,64,22,16,38,102
05/12/2018,HRL,TX,ASW,CE,Federal Contract Tower,18,5,7,15,45,0,1,16,0,17,18,6,23,15,62,20,46,66,128
05/13/2018,HRL,TX,ASW,CE,Federal Contract Tower,19,0,5,0,24,0,0,11,0,11,19,0,16,0,35,26,0,26,61
05/14/2018,HRL,TX,ASW,CE,Federal Contract Tower,21,2,8,9,40,0,1,21,2,24,21,3,29,11,64,18,18,36,100
05/15/2018,HRL,TX,ASW,CE,Federal Contract Tower,30,0,11,31,72,0,0,23,1,24,30,0,34,32,96,32,82,114,210
05/16/2018,HRL,TX,ASW,CE,Federal Contract Tower,28,2,11,12,53,0,0,27,0,27,28,2,38,12,80,22,28,50,130
05/17/2018,HRL,TX,ASW,CE,Federal Contract Tower,31,5,7,1,44,0,0,34,2,36,31,5,41,3,80,26,2,28,108
05/18/2018,HRL,TX,ASW,CE,Federal Contract Tower,24,4,11,0,39,0,0,20,0,20,24,4,31,0,59,10,0,10,69
05/19/2018,HRL,TX,ASW,CE,Federal Contract Tower,17,0,1,0,18,0,0,16,4,20,17,0,17,4,38,22,20,42,80
05/20/2018,HRL,TX,ASW,CE,Federal Contract Tower,17,0,12,3,32,0,0,15,4,19,17,0,27,7,51,20,6,26,77
05/21/2018,HRL,TX,ASW,CE,Federal Contract Tower,21,4,13,10,48,0,0,11,2,13,21,4,24,12,61,48,92,140,201
05/22/2018,HRL,TX,ASW,CE,Federal Contract Tower,28,3,12,8,51,0,0,40,0,40,28,3,52,8,91,40,68,108,199
05/23/2018,HRL,TX,ASW,CE,Federal Contract Tower,27,2,5,11,45,0,0,27,4,31,27,2,32,15,76,30,68,98,174
05/24/2018,HRL,TX,ASW,CE,Federal Contract Tower,30,3,9,11,53,0,1,35,3,39,30,4,44,14,92,24,66,90,182
05/25/2018,HRL,TX,ASW,CE,Federal Contract Tower,24,1,12,2,39,0,0,18,0,18,24,1,30,2,57,8,4,12,69
05/26/2018,HRL,TX,ASW,CE,Federal Contract Tower,16,2,0,0,18,0,0,18,0,18,16,2,18,0,36,34,0,34,70
05/27/2018,HRL,TX,ASW,CE,Federal Contract Tower,14,1,4,4,23,0,0,9,1,10,14,1,13,5,33,10,18,28,61
05/28/2018,HRL,TX,ASW,CE,Federal Contract Tower,23,3,7,0,33,0,0,17,0,17,23,3,24,0,50,2,0,2,52
05/29/2018,HRL,TX,ASW,CE,Federal Contract Tower,23,2,4,14,43,0,2,29,3,34,23,4,33,17,77,0,118,118,195
05/30/2018,HRL,TX,ASW,CE,Federal Contract Tower,24,2,12,8,46,0,2,18,3,23,24,4,30,11,69,0,48,48,117
05/31/2018,HRL,TX,ASW,CE,Federal Contract Tower,28,3,9,4,44,0,0,27,2,29,28,3,36,6,73,28,8,36,109
06/01/2018,HRL,TX,ASW,CE,Federal Contract Tower,25,0,10,2,37,0,2,16,0,18,25,2,26,2,55,4,26,30,85
06/02/2018,HRL,TX,ASW,CE,Federal Contract Tower,17,2,2,8,29,0,0,15,1,16,17,2,17,9,45,28,20,48,93
06/03/2018,HRL,TX,ASW,CE,Federal Contract Tower,17,0,4,1,22,0,0,21,0,21,17,0,25,1,43,48,4,52,95
06/04/2018,HRL,TX,ASW,CE,Federal Contract Tower,24,4,12,7,47,0,0,28,0,28,24,4,40,7,75,54,96,150,225
06/05/2018,HRL,TX,ASW,CE,Federal Contract Tower,30,3,9,6,48,0,0,57,1,58,30,3,66,7,106,26,44,70,176
06/06/2018,HRL,TX,ASW,CE,Federal Contract Tower,26,5,11,4,46,0,3,22,2,27,26,8,33,6,73,28,44,72,145
06/07/2018,HRL,TX,ASW,CE,Federal Contract Tower,25,4,5,7,41,0,1,60,4,65,25,5,65,11,106,42,74,116,222
06/08/2018,HRL,TX,ASW,CE,Federal Contract Tower,23,3,8,6,40,0,0,54,0,54,23,3,62,6,94,26,10,36,130
06/09/2018,HRL,TX,ASW,CE,Federal Contract Tower,17,2,0,0,19,0,0,9,5,14,17,2,9,5,33,48,6,54,87
06/10/2018,HRL,TX,ASW,CE,Federal Contract Tower,13,5,6,5,29,0,0,14,3,17,13,5,20,8,46,2,6,8,54
06/11/2018,HRL,TX,ASW,CE,Federal Contract Tower,19,3,2,19,43,0,0,19,5,24,19,3,21,24,67,0,110,110,177
06/12/2018,HRL,TX,ASW,CE,Federal Contract Tower,28,4,5,12,49,0,0,25,1,26,28,4,30,13,75,22,36,58,133
06/13/2018,HRL,TX,ASW,CE,Federal Contract Tower,29,3,5,12,49,0,0,34,0,34,29,3,39,12,83,6,22,28,111
06/14/2018,HRL,TX,ASW,CE,Federal Contract Tower,25,4,7,10,46,0,0,15,4,19,25,4,22,14,65,30,60,90,155
06/15/2018,HRL,TX,ASW,CE,Federal Contract Tower,22,5,6,4,37,0,0,18,5,23,22,5,24,9,60,52,30,82,142
06/16/2018,HRL,TX,ASW,CE,Federal Contract Tower,15,3,2,7,27,0,0,12,5,17,15,3,14,12,44,34,70,104,148
06/17/2018,HRL,TX,ASW,CE,Federal Contract Tower,13,4,4,0,21,0,0,14,0,14,13,4,18,0,35,30,0,30,65
06/18/2018,HRL,TX,ASW,CE,Federal Contract Tower,18,5,5,3,31,0,0,13,0,13,18,5,18,3,44,2,22,24,68
06/19/2018,HRL,TX,ASW,CE,Federal Contract Tower,21,4,3,0,28,0,0,12,0,12,21,4,15,0,40,22,0,22,62
06/20/2018,HRL,TX,ASW,CE,Federal Contract Tower,24,4,5,0,33,0,0,2,0,2,24,4,7,0,35,18,0,18,53
06/21/2018,HRL,TX,ASW,CE,Federal Contract Tower,24,5,9,0,38,0,0,5,8,13,24,5,14,8,51,0,0,0,51
06/22/2018,HRL,TX,ASW,CE,Federal Contract Tower,20,5,2,7,34,0,0,25,0,25,20,5,27,7,59,30,14,44,103
06/23/2018,HRL,TX,ASW,CE,Federal Contract Tower,14,8,6,3,31,0,1,22,6,29,14,9,28,9,60,22,6,28,88
06/24/2018,HRL,TX,ASW,CE,Federal Contract Tower,13,4,5,1,23,0,0,24,1,25,13,4,29,2,48,36,2,38,86
06/25/2018,HRL,TX,ASW,CE,Federal Contract Tower,23,4,8,5,40,0,0,18,3,21,23,4,26,8,61,6,28,34,95
06/26/2018,HRL,TX,ASW,CE,Federal Contract Tower,24,5,7,6,42,0,0,36,5,41,24,5,43,11,83,92,106,198,281
06/27/2018,HRL,TX,ASW,CE,Federal Contract Tower,25,4,3,6,38,0,0,16,3,19,25,4,19,9,57,10,74,84,141
06/28/2018,HRL,TX,ASW,CE,Federal Contract Tower,24,7,7,2,40,0,0,29,5,34,24,7,36,7,74,10,34,44,118
06/29/2018,HRL,TX,ASW,CE,Federal Contract Tower,22,3,7,1,33,0,0,17,5,22,22,3,24,6,55,4,2,6,61
06/30/2018,HRL,TX,ASW,CE,Federal Contract Tower,16,2,4,1,23,0,0,26,0,26,16,2,30,1,49,28,2,30,79
07/01/2018,HRL,TX,ASW,CE,Federal Contract Tower,12,5,4,0,21,0,0,17,0,17,12,5,21,0,38,0,0,0,38
07/02/2018,HRL,TX,ASW,CE,Federal Contract Tower,18,5,3,4,30,0,0,26,1,27,18,5,29,5,57,0,20,20,77
07/03/2018,HRL,TX,ASW,CE,Federal Contract Tower,26,7,5,9,47,0,0,23,3,26,26,7,28,12,73,12,50,62,135
07/04/2018,HRL,TX,ASW,CE,Federal Contract Tower,14,6,3,0,23,0,0,17,0,17,14,6,20,0,40,12,0,12,52
07/05/2018,HRL,TX,ASW,CE,Federal Contract Tower,23,4,9,5,41,0,0,21,6,27,23,4,30,11,68,62,68,130,198
07/06/2018,HRL,TX,ASW,CE,Federal Contract Tower,19,8,7,3,37,0,0,5,3,8,19,8,12,6,45,60,16,76,121
07/07/2018,HRL,TX,ASW,CE,Federal Contract Tower,17,4,1,4,26,0,0,18,3,21,17,4,19,7,47,30,2,32,79
07/08/2018,HRL,TX,ASW,CE,Federal Contract Tower,12,8,6,1,27,0,0,22,0,22,12,8,28,1,49,12,0,12,61
07/09/2018,HRL,TX,ASW,CE,Federal Contract Tower,15,6,6,17,44,0,2,33,2,37,15,8,39,19,81,8,66,74,155
07/10/2018,HRL,TX,ASW,CE,Federal Contract Tower,23,4,11,6,44,1,1,35,4,41,24,5,46,10,85,4,106,110,195
07/11/2018,HRL,TX,ASW,CE,Federal Contract Tower,25,5,9,9,48,0,0,27,2,29,25,5,36,11,77,0,66,66,143
07/12/2018,HRL,TX,ASW,CE,Federal Contract Tower,23,4,10,2,39,0,0,34,0,34,23,4,44,2,73,27,42,69,142
07/13/2018,HRL,TX,ASW,CE,Federal Contract Tower,19,6,8,2,35,0,0,42,1,43,19,6,50,3,78,6,0,6,84
07/14/2018,HRL,TX,ASW,CE,Federal Contract Tower,15,4,3,6,28,0,0,24,2,26,15,4,27,8,54,32,28,60,114
07/15/2018,HRL,TX,ASW,CE,Federal Contract Tower,16,5,1,0,22,0,0,15,0,15,16,5,16,0,37,12,6,18,55
07/16/2018,HRL,TX,ASW,CE,Federal Contract Tower,20,4,5,2,31,0,0,30,0,30,20,4,35,2,61,42,38,80,141
07/17/2018,HRL,TX,ASW,CE,Federal Contract Tower,26,5,7,3,41,0,0,23,3,26,26,5,30,6,67,14,24,38,105
07/18/2018,HRL,TX,ASW,CE,Federal Contract Tower,23,6,9,3,41,0,0,38,1,39,23,6,47,4,80,18,18,36,116
07/19/2018,HRL,TX,ASW,CE,Federal Contract Tower,24,3,13,3,43,0,0,26,6,32,24,3,39,9,75,36,6,42,117
07/20/2018,HRL,TX,ASW,CE,Federal Contract Tower,20,8,6,0,34,0,2,13,2,17,20,10,19,2,51,16,36,52,103
07/21/2018,HRL,TX,ASW,CE,Federal Contract Tower,15,2,2,4,23,0,0,12,3,15,15,2,14,7,38,8,48,56,94
07/22/2018,HRL,TX,ASW,CE,Federal Contract Tower,14,8,10,3,35,0,0,18,0,18,14,8,28,3,53,0,2,2,55
07/24/2018,HRL,TX,ASW,CE,Federal Contract Tower,26,15,8,15,64,0,0,16,0,16,26,15,24,15,80,48,56,104,184
07/25/2018,HRL,TX,ASW,CE,Federal Contract Tower,27,9,10,2,48,0,0,14,0,14,27,9,24,2,62,56,4,60,122
07/26/2018,HRL,TX,ASW,CE,Federal Contract Tower,22,8,5,2,37,0,0,18,2,20,22,8,23,4,57,0,58,58,115
07/27/2018,HRL,TX,ASW,CE,Federal Contract Tower,22,6,6,8,42,0,0,16,1,17,22,6,22,9,59,54,65,119,178
07/28/2018,HRL,TX,ASW,CE,Federal Contract Tower,19,2,6,0,27,0,0,18,4,22,19,2,24,4,49,40,0,40,89
07/29/2018,HRL,TX,ASW,CE,Federal Contract Tower,14,6,1,3,24,0,0,12,5,17,14,6,13,8,41,46,2,48,89
07/30/2018,HRL,TX,ASW,CE,Federal Contract Tower,17,5,7,6,35,0,0,18,2,20,17,5,25,8,55,0,53,53,108
07/31/2018,HRL,TX,ASW,CE,Federal Contract Tower,24,6,8,2,40,0,0,8,2,10,24,6,16,4,50,12,2,14,64
08/01/2018,HRL,TX,ASW,CE,Federal Contract Tower,26,3,7,17,53,0,0,28,0,28,26,3,35,17,81,8,46,54,135
08/02/2018,HRL,TX,ASW,CE,Federal Contract Tower,22,10,5,3,40,0,0,17,3,20,22,10,22,6,60,16,70,86,146
08/03/2018,HRL,TX,ASW,CE,Federal Contract Tower,20,4,8,3,35,0,0,17,2,19,20,4,25,5,54,12,4,16,70
08/04/2018,HRL,TX,ASW,CE,Federal Contract Tower,16,2,4,1,23,0,0,11,4,15,16,2,15,5,38,0,14,14,52
08/05/2018,HRL,TX,ASW,CE,Federal Contract Tower,12,4,3,0,19,0,0,8,0,8,12,4,11,0,27,30,0,30,57
08/06/2018,HRL,TX,ASW,CE,Federal Contract Tower,18,6,14,6,44,0,0,7,1,8,18,6,21,7,52,12,36,48,100
08/07/2018,HRL,TX,ASW,CE,Federal Contract Tower,25,4,8,2,39,0,0,17,0,17,25,4,25,2,56,24,0,24,80
08/08/2018,HRL,TX,ASW,CE,Federal Contract Tower,24,5,10,14,53,0,0,24,1,25,24,5,34,15,78,28,30,58,136
08/09/2018,HRL,TX,ASW,CE,Federal Contract Tower,22,7,7,6,42,0,0,31,4,35,22,7,38,10,77,62,12,74,151
08/10/2018,HRL,TX,ASW,CE,Federal Contract Tower,22,4,24,17,67,0,2,24,6,32,22,6,48,23,99,22,12,34,133
08/11/2018,HRL,TX,ASW,CE,Federal Contract Tower,12,3,3,10,28,0,0,12,2,14,12,3,15,12,42,16,4,20,62
08/12/2018,HRL,TX,ASW,CE,Federal Contract Tower,16,1,6,6,29,0,0,4,1,5,16,1,10,7,34,0,14,14,48
08/14/2018,HRL,TX,ASW,CE,Federal Contract Tower,25,11,18,8,62,0,0,21,0,21,25,11,39,8,83,10,62,72,155
08/15/2018,HRL,TX,ASW,CE,Federal Contract Tower,25,3,7,9,44,0,0,19,2,21,25,3,26,11,65,2,52,54,119
08/16/2018,HRL,TX,ASW,CE,Federal Contract Tower,24,3,5,10,42,0,2,14,4,20,24,5,19,14,62,14,68,82,144
08/17/2018,HRL,TX,ASW,CE,Federal Contract Tower,23,2,9,13,47,0,2,21,4,27,23,4,30,17,74,18,60,78,152
08/18/2018,HRL,TX,ASW,CE,Federal Contract Tower,14,3,2,6,25,0,0,8,8,16,14,3,10,14,41,20,8,28,69
08/19/2018,HRL,TX,ASW,CE,Federal Contract Tower,17,2,3,8,30,0,0,16,4,20,17,2,19,12,50,14,20,34,84
08/20/2018,HRL,TX,ASW,CE,Federal Contract Tower,19,7,6,5,37,0,0,28,3,31,19,7,34,8,68,14,38,52,120
08/21/2018,HRL,TX,ASW,CE,Federal Contract Tower,27,6,4,12,49,0,2,20,9,31,27,8,24,21,80,34,88,122,202
08/22/2018,HRL,TX,ASW,CE,Federal Contract Tower,28,2,7,11,48,0,0,33,3,36,28,2,40,14,84,26,94,120,204
08/23/2018,HRL,TX,ASW,CE,Federal Contract Tower,26,5,8,1,40,0,0,18,7,25,26,5,26,8,65,14,100,114,179
08/24/2018,HRL,TX,ASW,CE,Federal Contract Tower,22,1,9,4,36,0,1,16,2,19,22,2,25,6,55,30,4,34,89
08/25/2018,HRL,TX,ASW,CE,Federal Contract Tower,16,2,2,0,20,0,2,21,2,25,16,4,23,2,45,30,12,42,87
08/26/2018,HRL,TX,ASW,CE,Federal Contract Tower,14,3,4,2,23,0,0,25,2,27,14,3,29,4,50,46,2,48,98
08/27/2018,HRL,TX,ASW,CE,Federal Contract Tower,21,5,11,6,43,0,0,19,2,21,21,5,30,8,64,14,24,38,102
08/28/2018,HRL,TX,ASW,CE,Federal Contract Tower,25,3,11,8,47,0,0,13,1,14,25,3,24,9,61,26,14,40,101
08/30/2018,HRL,TX,ASW,CE,Federal Contract Tower,24,2,8,10,44,0,2,25,11,38,24,4,33,21,82,12,56,68,150
08/31/2018,HRL,TX,ASW,CE,Federal Contract Tower,24,1,14,3,42,0,0,23,6,29,24,1,37,9,71,28,4,32,103
09/01/2018,HRL,TX,ASW,CE,Federal Contract Tower,15,0,9,9,33,0,0,15,3,18,15,0,24,12,51,34,18,52,103
09/02/2018,HRL,TX,ASW,CE,Federal Contract Tower,13,2,5,0,20,0,0,18,1,19,13,2,23,1,39,26,0,26,65
09/03/2018,HRL,TX,ASW,CE,Federal Contract Tower,14,0,5,6,25,0,0,13,0,13,14,0,18,6,38,14,12,26,64
09/04/2018,HRL,TX,ASW,CE,Federal Contract Tower,24,6,6,8,44,0,3,18,14,35,24,9,24,22,79,12,36,48,127
09/05/2018,HRL,TX,ASW,CE,Federal Contract Tower,27,5,12,14,58,0,0,13,1,14,27,5,25,15,72,16,56,72,144
09/06/2018,HRL,TX,ASW,CE,Federal Contract Tower,28,3,8,8,47,0,0,9,1,10,28,3,17,9,57,36,44,80,137
09/07/2018,HRL,TX,ASW,CE,Federal Contract Tower,23,1,6,15,45,0,0,18,3,21,23,1,24,18,66,0,74,74,140
09/08/2018,HRL,TX,ASW,CE,Federal Contract Tower,16,1,7,3,27,0,0,22,4,26,16,1,29,7,53,56,6,62,115
09/09/2018,HRL,TX,ASW,CE,Federal Contract Tower,15,0,5,0,20,0,0,14,6,20,15,0,19,6,40,34,0,34,74
09/10/2018,HRL,TX,ASW,CE,Federal Contract Tower,23,4,4,5,36,0,0,5,2,7,23,4,9,7,43,4,26,30,73
09/11/2018,HRL,TX,ASW,CE,Federal Contract Tower,32,3,14,10,59,0,0,7,3,10,32,3,21,13,69,22,12,34,103
09/12/2018,HRL,TX,ASW,CE,Federal Contract Tower,28,12,19,6,65,0,1,7,0,8,28,13,26,6,73,8,10,18,91
09/13/2018,HRL,TX,ASW,CE,Federal Contract Tower,25,2,11,3,41,0,0,17,4,21,25,2,28,7,62,30,5,35,97
09/14/2018,HRL,TX,ASW,CE,Federal Contract Tower,25,1,4,0,30,0,0,2,0,2,25,1,6,0,32,0,0,0,32
09/15/2018,HRL,TX,ASW,CE,Federal Contract Tower,18,0,0,0,18,0,0,5,0,5,18,0,5,0,23,50,0,50,73
09/16/2018,HRL,TX,ASW,CE,Federal Contract Tower,19,0,2,0,21,0,0,14,1,15,19,0,16,1,36,32,20,52,88
09/17/2018,HRL,TX,ASW,CE,Federal Contract Tower,22,0,5,13,40,0,1,44,0,45,22,1,49,13,85,12,24,36,121
09/18/2018,HRL,TX,ASW,CE,Federal Contract Tower,27,5,7,20,59,0,0,28,7,35,27,5,35,27,94,24,74,98,192
09/19/2018,HRL,TX,ASW,CE,Federal Contract Tower,27,2,19,9,57,0,0,22,1,23,27,2,41,10,80,10,52,62,142
09/20/2018,HRL,TX,ASW,CE,Federal Contract Tower,20,7,9,34,70,0,0,21,6,27,20,7,30,40,97,8,120,128,225
09/21/2018,HRL,TX,ASW,CE,Federal Contract Tower,27,4,12,6,49,2,0,14,2,18,29,4,26,8,67,12,6,18,85
09/22/2018,HRL,TX,ASW,CE,Federal Contract Tower,14,2,2,8,26,0,0,9,4,13,14,2,11,12,39,8,54,62,101
09/23/2018,HRL,TX,ASW,CE,Federal Contract Tower,16,6,6,4,32,0,0,24,5,29,16,6,30,9,61,6,18,24,85
09/24/2018,HRL,TX,ASW,CE,Federal Contract Tower,19,8,12,15,54,0,2,12,4,18,19,10,24,19,72,14,78,92,164
09/25/2018,HRL,TX,ASW,CE,Federal Contract Tower,20,8,8,15,51,3,0,12,11,26,23,8,20,26,77,14,136,150,227
09/26/2018,HRL,TX,ASW,CE,Federal Contract Tower,21,8,13,22,64,0,0,22,3,25,21,8,35,25,89,0,86,86,175
09/27/2018,HRL,TX,ASW,CE,Federal Contract Tower,25,2,9,2,38,0,0,13,11,24,25,2,22,13,62,30,50,80,142
09/28/2018,HRL,TX,ASW,CE,Federal Contract Tower,24,2,7,0,33,0,0,11,4,15,24,2,18,4,48,26,0,26,74
09/29/2018,HRL,TX,ASW,CE,Federal Contract Tower,15,4,1,1,21,0,0,7,0,7,15,4,8,1,28,18,0,18,46
09/30/2018,HRL,TX,ASW,CE,Federal Contract Tower,16,2,8,0,26,0,2,5,0,7,16,4,13,0,33,20,0,20,53
10/01/2018,HRL,TX,ASW,CE,Federal Contract Tower,21,2,11,8,42,0,0,11,1,12,21,2,22,9,54,18,74,92,146
10/02/2018,HRL,TX,ASW,CE,Federal Contract Tower,30,1,5,5,41,0,0,18,10,28,30,1,23,15,69,10,124,134,203
10/03/2018,HRL,TX,ASW,CE,Federal Contract Tower,28,1,20,11,60,0,0,23,5,28,28,1,43,16,88,22,120,142,230
10/04/2018,HRL,TX,ASW,CE,Federal Contract Tower,23,1,11,4,39,0,0,27,12,39,23,1,38,16,78,0,110,110,188
10/05/2018,HRL,TX,ASW,CE,Federal Contract Tower,20,5,10,13,48,0,0,29,6,35,20,5,39,19,83,8,66,74,157
10/06/2018,HRL,TX,ASW,CE,Federal Contract Tower,13,4,0,0,17,0,0,20,6,26,13,4,20,6,43,30,0,30,73
10/07/2018,HRL,TX,ASW,CE,Federal Contract Tower,9,6,5,2,22,0,0,14,5,19,9,6,19,7,41,20,4,24,65
10/08/2018,HRL,TX,ASW,CE,Federal Contract Tower,21,6,12,6,45,0,0,19,1,20,21,6,31,7,65,30,12,42,107
10/09/2018,HRL,TX,ASW,CE,Federal Contract Tower,24,8,16,19,67,0,0,20,5,25,24,8,36,24,92,16,136,152,244
10/10/2018,HRL,TX,ASW,CE,Federal Contract Tower,23,6,14,16,59,0,0,12,1,13,23,6,26,17,72,8,62,70,142
10/11/2018,HRL,TX,ASW,CE,Federal Contract Tower,28,4,12,2,46,0,0,14,1,15,28,4,26,3,61,4,18,22,83
10/12/2018,HRL,TX,ASW,CE,Federal Contract Tower,20,4,8,4,36,0,1,15,5,21,20,5,23,9,57,10,42,52,109
10/13/2018,HRL,TX,ASW,CE,Federal Contract Tower,12,10,3,8,33,0,0,18,6,24,12,10,21,14,57,12,12,24,81
10/14/2018,HRL,TX,ASW,CE,Federal Contract Tower,10,7,11,5,33,0,0,32,2,34,10,7,43,7,67,12,12,24,91
10/15/2018,HRL,TX,ASW,CE,Federal Contract Tower,18,4,5,4,31,0,0,9,1,10,18,4,14,5,41,0,46,46,87
10/16/2018,HRL,TX,ASW,CE,Federal Contract Tower,24,5,16,36,81,0,0,8,1,9,24,5,24,37,90,10,144,154,244
10/17/2018,HRL,TX,ASW,CE,Federal Contract Tower,23,6,9,17,55,0,0,2,0,2,23,6,11,17,57,0,28,28,85
10/18/2018,HRL,TX,ASW,CE,Federal Contract Tower,22,8,9,5,44,0,0,0,0,0,22,8,9,5,44,0,10,10,54
10/19/2018,HRL,TX,ASW,CE,Federal Contract Tower,20,8,7,6,41,0,0,0,0,0,20,8,7,6,41,10,4,14,55
10/20/2018,HRL,TX,ASW,CE,Federal Contract Tower,12,6,3,2,23,0,0,1,1,2,12,6,4,3,25,12,42,54,79
10/21/2018,HRL,TX,ASW,CE,Federal Contract Tower,11,8,7,0,26,0,0,0,0,0,11,8,7,0,26,6,0,6,32
10/22/2018,HRL,TX,ASW,CE,Federal Contract Tower,23,7,12,3,45,0,0,10,0,10,23,7,22,3,55,0,8,8,63
10/23/2018,HRL,TX,ASW,CE,Federal Contract Tower,24,9,14,12,59,0,0,8,2,10,24,9,22,14,69,2,98,100,169
10/24/2018,HRL,TX,ASW,CE,Federal Contract Tower,21,6,17,8,52,0,0,0,0,0,21,6,17,8,52,2,14,16,68
10/25/2018,HRL,TX,ASW,CE,Federal Contract Tower,26,4,5,2,37,0,0,10,0,10,26,4,15,2,47,38,6,44,91
10/26/2018,HRL,TX,ASW,CE,Federal Contract Tower,21,5,6,8,40,0,0,21,3,24,21,5,27,11,64,42,11,53,117
10/27/2018,HRL,TX,ASW,CE,Federal Contract Tower,15,6,1,5,27,0,0,23,3,26,15,6,24,8,53,24,8,32,85
10/28/2018,HRL,TX,ASW,CE,Federal Contract Tower,12,5,5,0,22,0,0,25,0,25,12,5,30,0,47,6,0,6,53
10/30/2018,HRL,TX,ASW,CE,Federal Contract Tower,23,6,16,4,49,0,0,23,2,25,23,6,39,6,74,26,36,62,136
10/31/2018,HRL,TX,ASW,CE,Federal Contract Tower,25,2,18,8,53,0,0,26,7,33,25,2,44,15,86,2,130,132,218
11/01/2018,HRL,TX,ASW,CE,Federal Contract Tower,25,3,12,9,49,0,0,28,5,33,25,3,40,14,82,30,24,54,136
11/02/2018,HRL,TX,ASW,CE,Federal Contract Tower,23,1,5,10,39,0,0,14,7,21,23,1,19,17,60,12,52,64,124
11/03/2018,HRL,TX,ASW,CE,Federal Contract Tower,14,2,4,2,22,0,2,12,2,16,14,4,16,4,38,12,4,16,54
11/04/2018,HRL,TX,ASW,CE,Federal Contract Tower,13,3,5,0,21,0,0,19,2,21,13,3,24,2,42,68,0,68,110
11/06/2018,HRL,TX,ASW,CE,Federal Contract Tower,30,1,4,5,40,0,0,17,7,24,30,1,21,12,64,28,154,182,246
11/07/2018,HRL,TX,ASW,CE,Federal Contract Tower,29,3,8,34,74,0,0,13,23,36,29,3,21,57,110,24,142,166,276
11/08/2018,HRL,TX,ASW,CE,Federal Contract Tower,24,5,13,24,66,0,0,26,4,30,24,5,39,28,96,18,90,108,204
11/09/2018,HRL,TX,ASW,CE,Federal Contract Tower,25,4,6,14,49,0,0,1,0,1,25,4,7,14,50,10,22,32,82
11/10/2018,HRL,TX,ASW,CE,Federal Contract Tower,15,4,4,0,23,0,0,0,0,0,15,4,4,0,23,8,0,8,31
11/11/2018,HRL,TX,ASW,CE,Federal Contract Tower,14,2,12,0,28,0,0,0,0,0,14,2,12,0,28,0,0,0,28
11/12/2018,HRL,TX,ASW,CE,Federal Contract Tower,24,4,14,0,42,0,0,2,0,2,24,4,16,0,44,0,0,0,44
11/13/2018,HRL,TX,ASW,CE,Federal Contract Tower,26,3,9,11,49,0,0,15,1,16,26,3,24,12,65,0,30,30,95
11/14/2018,HRL,TX,ASW,CE,Federal Contract Tower,24,4,11,4,43,0,0,13,1,14,24,4,24,5,57,0,42,42,99
11/15/2018,HRL,TX,ASW,CE,Federal Contract Tower,27,6,10,1,44,0,0,28,0,28,27,6,38,1,72,30,2,32,104
11/16/2018,HRL,TX,ASW,CE,Federal Contract Tower,22,2,9,3,36,0,0,8,3,11,22,2,17,6,47,0,50,50,97
11/17/2018,HRL,TX,ASW,CE,Federal Contract Tower,18,1,7,3,29,0,0,13,1,14,18,1,20,4,43,0,4,4,47
11/18/2018,HRL,TX,ASW,CE,Federal Contract Tower,13,3,11,6,33,0,0,5,1,6,13,3,16,7,39,0,62,62,101
11/20/2018,HRL,TX,ASW,CE,Federal Contract Tower,25,2,8,3,38,0,0,13,1,14,25,2,21,4,52,0,34,34,86
11/21/2018,HRL,TX,ASW,CE,Federal Contract Tower,29,5,15,3,52,0,0,0,0,0,29,5,15,3,52,8,6,14,66
11/22/2018,HRL,TX,ASW,CE,Federal Contract Tower,17,4,1,0,22,0,0,0,0,0,17,4,1,0,22,4,0,4,26
11/23/2018,HRL,TX,ASW,CE,Federal Contract Tower,30,2,4,4,40,0,0,0,0,0,30,2,4,4,40,0,0,0,40
11/24/2018,HRL,TX,ASW,CE,Federal Contract Tower,20,6,6,2,34,0,1,13,1,15,20,7,19,3,49,58,0,58,107
11/25/2018,HRL,TX,ASW,CE,Federal Contract Tower,18,4,12,0,34,0,2,13,0,15,18,6,25,0,49,46,0,46,95
11/26/2018,HRL,TX,ASW,CE,Federal Contract Tower,20,4,6,16,46,0,2,20,1,23,20,6,26,17,69,32,52,84,153
11/27/2018,HRL,TX,ASW,CE,Federal Contract Tower,29,2,10,6,47,0,1,34,6,41,29,3,44,12,88,0,240,240,328
11/28/2018,HRL,TX,ASW,CE,Federal Contract Tower,27,6,14,12,59,0,0,26,0,26,27,6,40,12,85,24,22,46,131
11/29/2018,HRL,TX,ASW,CE,Federal Contract Tower,27,3,22,13,65,0,0,3,2,5,27,3,25,15,70,6,30,36,106
11/30/2018,HRL,TX,ASW,CE,Federal Contract Tower,22,5,8,5,40,0,0,9,2,11,22,5,17,7,51,16,58,74,125
12/01/2018,HRL,TX,ASW,CE,Federal Contract Tower,15,5,1,7,28,0,0,4,3,7,15,5,5,10,35,0,8,8,43
12/02/2018,HRL,TX,ASW,CE,Federal Contract Tower,19,2,10,1,32,0,0,30,5,35,19,2,40,6,67,68,10,78,145
12/03/2018,HRL,TX,ASW,CE,Federal Contract Tower,21,6,5,5,37,0,2,18,2,22,21,8,23,7,59,42,30,72,131
12/04/2018,HRL,TX,ASW,CE,Federal Contract Tower,27,5,7,14,53,0,0,21,2,23,27,5,28,16,76,38,110,148,224
12/05/2018,HRL,TX,ASW,CE,Federal Contract Tower,30,5,9,6,50,0,0,6,2,8,30,5,15,8,58,0,16,16,74
12/06/2018,HRL,TX,ASW,CE,Federal Contract Tower,29,3,10,21,63,0,0,14,5,19,29,3,24,26,82,20,74,94,176
12/08/2018,HRL,TX,ASW,CE,Federal Contract Tower,15,3,2,5,25,0,0,2,1,3,15,3,4,6,28,0,52,52,80
12/09/2018,HRL,TX,ASW,CE,Federal Contract Tower,18,6,6,3,33,0,0,13,6,19,18,6,19,9,52,0,38,38,90
12/10/2018,HRL,TX,ASW,CE,Federal Contract Tower,21,2,5,11,39,0,0,15,0,15,21,2,20,11,54,10,44,54,108
12/11/2018,HRL,TX,ASW,CE,Federal Contract Tower,24,5,12,4,45,0,0,19,3,22,24,5,31,7,67,12,76,88,155
12/12/2018,HRL,TX,ASW,CE,Federal Contract Tower,27,7,21,5,60,0,0,15,1,16,27,7,36,6,76,0,68,68,144
12/13/2018,HRL,TX,ASW,CE,Federal Contract Tower,22,6,20,11,59,0,0,18,5,23,22,6,38,16,82,14,32,46,128
12/14/2018,HRL,TX,ASW,CE,Federal Contract Tower,20,6,8,4,38,0,0,5,1,6,20,6,13,5,44,0,12,12,56
12/15/2018,HRL,TX,ASW,CE,Federal Contract Tower,16,4,6,4,30,0,0,22,1,23,16,4,28,5,53,0,6,6,59
12/16/2018,HRL,TX,ASW,CE,Federal Contract Tower,15,11,8,3,37,0,0,18,4,22,15,11,26,7,59,42,44,86,145
12/18/2018,HRL,TX,ASW,CE,Federal Contract Tower,30,3,13,18,64,0,0,16,10,26,30,3,29,28,90,20,80,100,190
12/19/2018,HRL,TX,ASW,CE,Federal Contract Tower,28,7,13,9,57,0,0,18,5,23,28,7,31,14,80,0,28,28,108
12/20/2018,HRL,TX,ASW,CE,Federal Contract Tower,22,6,9,18,55,0,0,20,7,27,22,6,29,25,82,0,92,92,174
12/21/2018,HRL,TX,ASW,CE,Federal Contract Tower,20,9,6,5,40,0,0,15,3,18,20,9,21,8,58,2,6,8,66
12/22/2018,HRL,TX,ASW,CE,Federal Contract Tower,17,6,3,0,26,0,0,9,0,9,17,6,12,0,35,10,0,10,45
12/23/2018,HRL,TX,ASW,CE,Federal Contract Tower,13,7,4,1,25,0,0,12,0,12,13,7,16,1,37,20,0,20,57
12/24/2018,HRL,TX,ASW,CE,Federal Contract Tower,22,1,5,0,28,0,0,12,0,12,22,1,17,0,40,10,0,10,50
12/25/2018,HRL,TX,ASW,CE,Federal Contract Tower,18,5,3,0,26,0,1,0,0,1,18,6,3,0,27,0,0,0,27
12/26/2018,HRL,TX,ASW,CE,Federal Contract Tower,22,4,1,0,27,0,0,7,0,7,22,4,8,0,34,0,0,0,34
12/27/2018,HRL,TX,ASW,CE,Federal Contract Tower,22,4,9,4,39,0,0,21,2,23,22,4,30,6,62,34,6,40,102
12/28/2018,HRL,TX,ASW,CE,Federal Contract Tower,18,8,7,0,33,0,0,15,0,15,18,8,22,0,48,12,0,12,60
12/29/2018,HRL,TX,ASW,CE,Federal Contract Tower,20,5,5,0,30,0,0,3,0,3,20,5,8,0,33,0,0,0,33
12/30/2018,HRL,TX,ASW,CE,Federal Contract Tower,17,3,5,0,25,0,0,0,0,0,17,3,5,0,25,0,0,0,25
12/31/2018,HRL,TX,ASW,CE,Federal Contract Tower,25,1,0,2,28,0,0,9,0,9,25,1,9,2,37,28,0,28,65
01/01/2019,HRL,TX,ASW,CE,Federal Contract Tower,20,6,4,0,30,0,0,5,0,5,20,6,9,0,35,56,0,56,91
01/02/2019,HRL,TX,ASW,CE,Federal Contract Tower,25,9,8,13,55,0,0,1,0,1,25,9,9,13,56,2,24,26,82
01/03/2019,HRL,TX,ASW,CE,Federal Contract Tower,28,6,8,9,51,0,0,15,2,17,28,6,23,11,68,10,36,46,114
01/04/2019,HRL,TX,ASW,CE,Federal Contract Tower,27,4,1,9,41,0,0,19,3,22,27,4,20,12,63,58,18,76,139
01/05/2019,HRL,TX,ASW,CE,Federal Contract Tower,15,6,3,4,28,0,0,20,1,21,15,6,23,5,49,36,4,40,89
01/06/2019,HRL,TX,ASW,CE,Federal Contract Tower,13,9,7,2,31,0,0,23,0,23,13,9,30,2,54,70,0,70,124
01/07/2019,HRL,TX,ASW,CE,Federal Contract Tower,27,1,4,18,50,0,0,15,5,20,27,1,19,23,70,6,120,126,196
01/08/2019,HRL,TX,ASW,CE,Federal Contract Tower,26,7,8,9,50,0,0,9,4,13,26,7,17,13,63,14,139,153,216
01/09/2019,HRL,TX,ASW,CE,Federal Contract Tower,25,12,15,10,62,0,2,13,0,15,25,14,28,10,77,0,20,20,97
01/10/2019,HRL,TX,ASW,CE,Federal Contract Tower,25,6,19,4,54,0,0,14,4,18,25,6,33,8,72,6,20,26,98
01/11/2019,HRL,TX,ASW,CE,Federal Contract Tower,27,6,15,19,67,0,2,11,2,15,27,8,26,21,82,32,32,64,146
01/12/2019,HRL,TX,ASW,CE,Federal Contract Tower,16,6,5,8,35,0,0,16,1,17,16,6,21,9,52,26,56,82,134
01/13/2019,HRL,TX,ASW,CE,Federal Contract Tower,21,6,7,1,35,0,0,13,1,14,21,6,20,2,49,10,28,38,87
01/14/2019,HRL,TX,ASW,CE,Federal Contract Tower,22,4,9,8,43,0,2,11,0,13,22,6,20,8,56,10,42,52,108
01/15/2019,HRL,TX,ASW,CE,Federal Contract Tower,26,6,15,7,54,0,0,3,0,3,26,6,18,7,57,4,14,18,75
01/16/2019,HRL,TX,ASW,CE,Federal Contract Tower,27,7,15,6,55,0,0,7,0,7,27,7,22,6,62,12,12,24,86
01/17/2019,HRL,TX,ASW,CE,Federal Contract Tower,26,10,13,7,56,0,0,13,4,17,26,10,26,11,73,26,42,68,141
01/18/2019,HRL,TX,ASW,CE,Federal Contract Tower,21,10,10,6,47,0,0,12,3,15,21,10,22,9,62,78,26,104,166
01/19/2019,HRL,TX,ASW,CE,Federal Contract Tower,14,4,5,10,33,0,0,13,0,13,14,4,18,10,46,0,18,18,64
01/20/2019,HRL,TX,ASW,CE,Federal Contract Tower,17,8,8,1,34,0,0,28,5,33,17,8,36,6,67,42,14,56,123
01/21/2019,HRL,TX,ASW,CE,Federal Contract Tower,33,7,10,2,52,0,0,21,0,21,33,7,31,2,73,28,0,28,101
01/22/2019,HRL,TX,ASW,CE,Federal Contract Tower,24,8,21,4,57,0,0,8,0,8,24,8,29,4,65,0,8,8,73
01/23/2019,HRL,TX,ASW,CE,Federal Contract Tower,26,16,10,4,56,0,0,25,1,26,26,16,35,5,82,0,46,46,128
01/24/2019,HRL,TX,ASW,CE,Federal Contract Tower,28,8,8,18,62,0,0,28,8,36,28,8,36,26,98,48,60,108,206
01/25/2019,HRL,TX,ASW,CE,Federal Contract Tower,25,4,11,6,46,0,0,27,3,30,25,4,38,9,76,14,8,22,98
01/26/2019,HRL,TX,ASW,CE,Federal Contract Tower,14,4,3,3,24,0,0,2,0,2,14,4,5,3,26,0,6,6,32
01/27/2019,HRL,TX,ASW,CE,Federal Contract Tower,17,7,7,1,32,0,0,17,2,19,17,7,24,3,51,60,0,60,111
01/28/2019,HRL,TX,ASW,CE,Federal Contract Tower,22,6,10,5,43,0,0,37,1,38,22,6,47,6,81,0,42,42,123
01/29/2019,HRL,TX,ASW,CE,Federal Contract Tower,28,4,10,0,42,0,0,48,0,48,28,4,58,0,90,44,50,94,184
01/30/2019,HRL,TX,ASW,CE,Federal Contract Tower,25,9,25,0,59,0,0,12,0,12,25,9,37,0,71,6,0,6,77
01/31/2019,HRL,TX,ASW,CE,Federal Contract Tower,28,7,15,10,60,0,0,6,0,6,28,7,21,10,66,22,36,58,124
02/01/2019,HRL,TX,ASW,CE,Federal Contract Tower,25,9,26,6,66,0,0,2,0,2,25,9,28,6,68,0,14,14,82
02/02/2019,HRL,TX,ASW,CE,Federal Contract Tower,13,4,4,0,21,0,0,2,0,2,13,4,6,0,23,0,0,0,23
02/03/2019,HRL,TX,ASW,CE,Federal Contract Tower,18,7,11,1,37,0,0,17,0,17,18,7,28,1,54,44,2,46,100
02/04/2019,HRL,TX,ASW,CE,Federal Contract Tower,25,6,8,19,58,0,0,12,0,12,25,6,20,19,70,10,94,104,174
02/05/2019,HRL,TX,ASW,CE,Federal Contract Tower,25,6,5,5,41,0,0,10,0,10,25,6,15,5,51,0,32,32,83
02/06/2019,HRL,TX,ASW,CE,Federal Contract Tower,24,8,7,18,57,0,0,15,1,16,24,8,22,19,73,0,86,86,159
02/07/2019,HRL,TX,ASW,CE,Federal Contract Tower,27,6,8,5,46,0,0,19,2,21,27,6,27,7,67,10,150,160,227
02/08/2019,HRL,TX,ASW,CE,Federal Contract Tower,25,6,18,13,62,0,0,16,0,16,25,6,34,13,78,24,22,46,124
02/09/2019,HRL,TX,ASW,CE,Federal Contract Tower,13,6,1,2,22,0,0,0,0,0,13,6,1,2,22,0,4,4,26
02/10/2019,HRL,TX,ASW,CE,Federal Contract Tower,19,6,7,1,33,0,0,14,2,16,19,6,21,3,49,20,0,20,69
02/11/2019,HRL,TX,ASW,CE,Federal Contract Tower,23,1,18,22,64,0,1,11,0,12,23,2,29,22,76,36,46,82,158
02/12/2019,HRL,TX,ASW,CE,Federal Contract Tower,29,4,13,5,51,0,0,31,3,34,29,4,44,8,85,20,50,70,155
02/13/2019,HRL,TX,ASW,CE,Federal Contract Tower,26,7,15,5,53,0,0,44,2,46,26,7,59,7,99,2,34,36,135
02/14/2019,HRL,TX,ASW,CE,Federal Contract Tower,24,6,8,13,51,0,0,25,0,25,24,6,33,13,76,20,24,44,120
02/15/2019,HRL,TX,ASW,CE,Federal Contract Tower,24,7,16,4,51,0,0,7,5,12,24,7,23,9,63,52,96,148,211
02/16/2019,HRL,TX,ASW,CE,Federal Contract Tower,14,4,5,2,25,0,0,8,0,8,14,4,13,2,33,44,6,50,83
02/17/2019,HRL,TX,ASW,CE,Federal Contract Tower,19,11,14,3,47,0,0,1,0,1,19,11,15,3,48,0,6,6,54
02/18/2019,HRL,TX,ASW,CE,Federal Contract Tower,29,1,18,0,48,0,0,13,0,13,29,1,31,0,61,6,0,6,67
02/19/2019,HRL,TX,ASW,CE,Federal Contract Tower,29,6,11,6,52,2,0,0,0,2,31,6,11,6,54,2,12,14,68
02/20/2019,HRL,TX,ASW,CE,Federal Contract Tower,30,7,24,3,64,0,0,25,0,25,30,7,49,3,89,10,32,42,131
02/21/2019,HRL,TX,ASW,CE,Federal Contract Tower,36,6,15,0,57,0,0,4,0,4,36,6,19,0,61,0,0,0,61
02/22/2019,HRL,TX,ASW,CE,Federal Contract Tower,25,4,15,0,44,0,0,0,0,0,25,4,15,0,44,0,0,0,44
02/23/2019,HRL,TX,ASW,CE,Federal Contract Tower,18,0,11,0,29,0,0,8,1,9,18,0,19,1,38,42,0,42,80
02/24/2019,HRL,TX,ASW,CE,Federal Contract Tower,19,4,8,1,32,0,0,13,0,13,19,4,21,1,45,0,4,4,49
02/25/2019,HRL,TX,ASW,CE,Federal Contract Tower,22,5,14,9,50,0,0,19,1,20,22,5,33,10,70,0,46,46,116
02/26/2019,HRL,TX,ASW,CE,Federal Contract Tower,28,8,9,2,47,0,0,7,1,8,28,8,16,3,55,34,0,34,89
02/27/2019,HRL,TX,ASW,CE,Federal Contract Tower,31,4,16,1,52,0,0,18,2,20,31,4,34,3,72,28,66,94,166
02/28/2019,HRL,TX,ASW,CE,Federal Contract Tower,26,7,13,8,54,0,0,20,4,24,26,7,33,12,78,66,104,170,248
03/01/2019,HRL,TX,ASW,CE,Federal Contract Tower,23,18,12,1,54,0,0,0,0,0,23,18,12,1,54,28,2,30,84
03/02/2019,HRL,TX,ASW,CE,Federal Contract Tower,17,0,1,1,19,0,0,11,0,11,17,0,12,1,30,62,48,110,140
03/04/2019,HRL,TX,ASW,CE,Federal Contract Tower,33,2,5,0,40,0,0,0,0,0,33,2,5,0,40,0,0,0,40
03/05/2019,HRL,TX,ASW,CE,Federal Contract Tower,37,7,9,5,58,0,0,33,4,37,37,7,42,9,95,8,54,62,157
03/06/2019,HRL,TX,ASW,CE,Federal Contract Tower,29,9,17,9,64,0,0,18,0,18,29,9,35,9,82,4,18,22,104
03/07/2019,HRL,TX,ASW,CE,Federal Contract Tower,30,11,8,18,67,0,0,7,7,14,30,11,15,25,81,0,180,180,261
03/08/2019,HRL,TX,ASW,CE,Federal Contract Tower,26,7,10,4,47,0,0,8,4,12,26,7,18,8,59,0,56,56,115
03/09/2019,HRL,TX,ASW,CE,Federal Contract Tower,22,6,4,4,36,0,0,4,0,4,22,6,8,4,40,12,6,18,58
03/10/2019,HRL,TX,ASW,CE,Federal Contract Tower,27,5,8,1,41,0,0,7,2,9,27,5,15,3,50,0,0,0,50
03/12/2019,HRL,TX,ASW,CE,Federal Contract Tower,36,4,6,37,83,0,0,16,4,20,36,4,22,41,103,0,174,174,277
03/13/2019,HRL,TX,ASW,CE,Federal Contract Tower,28,8,10,11,57,0,0,10,3,13,28,8,20,14,70,0,74,74,144
03/14/2019,HRL,TX,ASW,CE,Federal Contract Tower,25,14,13,4,56,0,0,7,0,7,25,14,20,4,63,2,2,4,67
03/15/2019,HRL,TX,ASW,CE,Federal Contract Tower,30,4,5,1,40,0,0,9,0,9,30,4,14,1,49,0,42,42,91
03/16/2019,HRL,TX,ASW,CE,Federal Contract Tower,22,6,5,6,39,0,0,7,0,7,22,6,12,6,46,0,14,14,60
03/17/2019,HRL,TX,ASW,CE,Federal Contract Tower,25,7,4,2,38,0,0,15,0,15,25,7,19,2,53,8,4,12,65
03/18/2019,HRL,TX,ASW,CE,Federal Contract Tower,26,4,9,6,45,0,2,15,0,17,26,6,24,6,62,38,8,46,108
03/19/2019,HRL,TX,ASW,CE,Federal Contract Tower,33,11,15,4,63,0,0,6,0,6,33,11,21,4,69,4,8,12,81
03/20/2019,HRL,TX,ASW,CE,Federal Contract Tower,33,6,17,1,57,0,0,11,0,11,33,6,28,1,68,0,2,2,70
03/21/2019,HRL,TX,ASW,CE,Federal Contract Tower,29,13,11,5,58,0,0,31,9,40,29,13,42,14,98,20,92,112,210
03/22/2019,HRL,TX,ASW,CE,Federal Contract Tower,21,8,11,2,42,0,0,19,2,21,21,8,30,4,63,12,52,64,127
03/23/2019,HRL,TX,ASW,CE,Federal Contract Tower,26,2,5,4,37,0,0,14,2,16,26,2,19,6,53,14,54,68,121
03/24/2019,HRL,TX,ASW,CE,Federal Contract Tower,26,9,6,3,44,0,0,5,2,7,26,9,11,5,51,0,4,4,55
03/25/2019,HRL,TX,ASW,CE,Federal Contract Tower,25,7,14,6,52,0,0,11,0,11,25,7,25,6,63,52,52,104,167
03/26/2019,HRL,TX,ASW,CE,Federal Contract Tower,37,6,4,7,54,0,0,2,1,3,37,6,6,8,57,0,8,8,65
03/27/2019,HRL,TX,ASW,CE,Federal Contract Tower,30,9,7,7,53,0,0,41,0,41,30,9,48,7,94,30,28,58,152
03/28/2019,HRL,TX,ASW,CE,Federal Contract Tower,39,13,10,6,68,0,0,27,1,28,39,13,37,7,96,26,46,72,168
03/29/2019,HRL,TX,ASW,CE,Federal Contract Tower,27,15,24,2,68,0,0,16,4,20,27,15,40,6,88,6,60,66,154
03/30/2019,HRL,TX,ASW,CE,Federal Contract Tower,25,7,12,0,44,0,0,15,4,19,25,7,27,4,63,46,0,46,109
03/31/2019,HRL,TX,ASW,CE,Federal Contract Tower,28,5,8,0,41,0,0,1,0,1,28,5,9,0,42,0,0,0,42
04/01/2019,HRL,TX,ASW,CE,Federal Contract Tower,35,2,11,1,49,0,0,0,0,0,35,2,11,1,49,0,2,2,51
04/02/2019,HRL,TX,ASW,CE,Federal Contract Tower,30,13,10,11,64,0,0,17,2,19,30,13,27,13,83,20,40,60,143
04/03/2019,HRL,TX,ASW,CE,Federal Contract Tower,29,10,11,13,63,0,0,6,0,6,29,10,17,13,69,0,64,64,133
04/04/2019,HRL,TX,ASW,CE,Federal Contract Tower,23,13,11,8,55,0,0,7,4,11,23,13,18,12,66,2,64,66,132
04/05/2019,HRL,TX,ASW,CE,Federal Contract Tower,20,11,7,6,44,0,0,8,0,8,20,11,15,6,52,34,10,44,96
04/06/2019,HRL,TX,ASW,CE,Federal Contract Tower,20,8,1,0,29,0,0,0,0,0,20,8,1,0,29,0,0,0,29
04/07/2019,HRL,TX,ASW,CE,Federal Contract Tower,14,3,2,3,22,0,0,13,0,13,14,3,15,3,35,4,6,10,45
04/08/2019,HRL,TX,ASW,CE,Federal Contract Tower,26,5,12,5,48,0,0,30,0,30,26,5,42,5,78,62,10,72,150
04/09/2019,HRL,TX,ASW,CE,Federal Contract Tower,34,6,6,6,52,0,0,22,1,23,34,6,28,7,75,16,14,30,105
04/10/2019,HRL,TX,ASW,CE,Federal Contract Tower,30,10,8,13,61,0,0,12,1,13,30,10,20,14,74,0,70,70,144
04/11/2019,HRL,TX,ASW,CE,Federal Contract Tower,26,11,13,7,57,0,0,32,7,39,26,11,45,14,96,0,6,6,102
04/12/2019,HRL,TX,ASW,CE,Federal Contract Tower,20,12,14,10,56,0,0,6,0,6,20,12,20,10,62,42,4,46,108
04/13/2019,HRL,TX,ASW,CE,Federal Contract Tower,17,3,2,8,30,0,0,14,4,18,17,3,16,12,48,0,24,24,72
04/14/2019,HRL,TX,ASW,CE,Federal Contract Tower,17,10,4,4,35,0,0,22,0,22,17,10,26,4,57,28,6,34,91
04/15/2019,HRL,TX,ASW,CE,Federal Contract Tower,21,5,11,0,37,0,0,31,0,31,21,5,42,0,68,18,53,71,139
04/16/2019,HRL,TX,ASW,CE,Federal Contract Tower,34,5,9,0,48,0,0,19,2,21,34,5,28,2,69,6,0,6,75
04/17/2019,HRL,TX,ASW,CE,Federal Contract Tower,24,10,10,2,46,0,0,11,1,12,24,10,21,3,58,1,4,5,63
04/18/2019,HRL,TX,ASW,CE,Federal Contract Tower,28,12,6,0,46,0,0,15,0,15,28,12,21,0,61,0,0,0,61
04/19/2019,HRL,TX,ASW,CE,Federal Contract Tower,20,10,1,1,32,0,0,29,0,29,20,10,30,1,61,28,0,28,89
04/20/2019,HRL,TX,ASW,CE,Federal Contract Tower,22,6,3,3,34,0,0,18,0,18,22,6,21,3,52,68,6,74,126
04/21/2019,HRL,TX,ASW,CE,Federal Contract Tower,19,7,3,0,29,0,0,4,0,4,19,7,7,0,33,0,0,0,33
04/22/2019,HRL,TX,ASW,CE,Federal Contract Tower,26,8,5,39,78,0,0,24,5,29,26,8,29,44,107,12,206,218,325
04/25/2019,HRL,TX,ASW,CE,Federal Contract Tower,25,10,22,7,64,0,0,18,6,24,25,10,40,13,88,13,48,61,149
04/26/2019,HRL,TX,ASW,CE,Federal Contract Tower,25,8,14,7,54,0,0,19,6,25,25,8,33,13,79,4,90,94,173
04/27/2019,HRL,TX,ASW,CE,Federal Contract Tower,17,8,2,1,28,0,0,13,3,16,17,8,15,4,44,4,0,4,48
04/28/2019,HRL,TX,ASW,CE,Federal Contract Tower,22,11,20,0,53,0,3,24,0,27,22,14,44,0,80,16,0,16,96
04/29/2019,HRL,TX,ASW,CE,Federal Contract Tower,25,4,13,17,59,0,0,20,2,22,25,4,33,19,81,18,106,124,205
04/30/2019,HRL,TX,ASW,CE,Federal Contract Tower,35,7,11,19,72,0,0,6,1,7,35,7,17,20,79,2,86,88,167
05/01/2019,HRL,TX,ASW,CE,Federal Contract Tower,26,8,15,6,55,0,0,8,2,10,26,8,23,8,65,0,12,12,77
05/02/2019,HRL,TX,ASW,CE,Federal Contract Tower,23,19,17,22,81,0,0,12,8,20,23,19,29,30,101,4,114,118,219
05/03/2019,HRL,TX,ASW,CE,Federal Contract Tower,23,10,10,0,43,0,0,14,0,14,23,10,24,0,57,2,0,2,59
05/04/2019,HRL,TX,ASW,CE,Federal Contract Tower,20,6,6,3,35,0,0,14,2,16,20,6,20,5,51,6,6,12,63
05/05/2019,HRL,TX,ASW,CE,Federal Contract Tower,17,9,3,1,30,0,0,21,0,21,17,9,24,1,51,16,0,16,67
05/06/2019,HRL,TX,ASW,CE,Federal Contract Tower,28,6,7,15,56,0,0,15,2,17,28,6,22,17,73,0,86,86,159
05/07/2019,HRL,TX,ASW,CE,Federal Contract Tower,25,6,7,25,63,0,0,19,0,19,25,6,26,25,82,2,111,113,195
05/08/2019,HRL,TX,ASW,CE,Federal Contract Tower,25,9,10,24,68,0,1,20,4,25,25,10,30,28,93,40,154,194,287
05/09/2019,HRL,TX,ASW,CE,Federal Contract Tower,21,15,10,12,58,0,0,21,0,21,21,15,31,12,79,22,78,100,179
05/10/2019,HRL,TX,ASW,CE,Federal Contract Tower,26,17,19,6,68,0,0,3,2,5,26,17,22,8,73,8,16,24,97
05/11/2019,HRL,TX,ASW,CE,Federal Contract Tower,19,4,5,10,38,0,0,2,0,2,19,4,7,10,40,0,14,14,54
05/12/2019,HRL,TX,ASW,CE,Federal Contract Tower,19,4,8,3,34,0,0,6,0,6,19,4,14,3,40,70,4,74,114
05/13/2019,HRL,TX,ASW,CE,Federal Contract Tower,26,13,14,7,60,0,0,10,0,10,26,13,24,7,70,34,8,42,112
05/14/2019,HRL,TX,ASW,CE,Federal Contract Tower,28,6,13,4,51,0,0,2,0,2,28,6,15,4,53,0,6,6,59
05/15/2019,HRL,TX,ASW,CE,Federal Contract Tower,27,12,22,7,68,0,0,32,1,33,27,12,54,8,101,0,12,12,113
05/16/2019,HRL,TX,ASW,CE,Federal Contract Tower,16,12,9,5,42,0,0,14,7,21,16,12,23,12,63,20,4,24,87
05/17/2019,HRL,TX,ASW,CE,Federal Contract Tower,24,14,10,1,49,0,1,22,0,23,24,15,32,1,72,6,0,6,78
05/18/2019,HRL,TX,ASW,CE,Federal Contract Tower,16,9,8,3,36,0,0,13,0,13,16,9,21,3,49,62,6,68,117
05/19/2019,HRL,TX,ASW,CE,Federal Contract Tower,13,8,4,10,35,0,0,12,1,13,13,8,16,11,48,84,12,96,144
05/21/2019,HRL,TX,ASW,CE,Federal Contract Tower,25,7,14,22,68,0,0,19,2,21,25,7,33,24,89,2,74,76,165
05/22/2019,HRL,TX,ASW,CE,Federal Contract Tower,25,9,13,8,55,0,0,18,0,18,25,9,31,8,73,16,8,24,97
05/23/2019,HRL,TX,ASW,CE,Federal Contract Tower,23,12,9,10,54,0,0,10,3,13,23,12,19,13,67,0,20,20,87
05/24/2019,HRL,TX,ASW,CE,Federal Contract Tower,29,9,7,4,49,0,0,5,0,5,29,9,12,4,54,0,4,4,58
05/25/2019,HRL,TX,ASW,CE,Federal Contract Tower,13,8,8,0,29,0,0,15,0,15,13,8,23,0,44,26,0,26,70
05/26/2019,HRL,TX,ASW,CE,Federal Contract Tower,12,9,2,1,24,0,0,16,0,16,12,9,18,1,40,34,0,34,74
05/27/2019,HRL,TX,ASW,CE,Federal Contract Tower,16,7,10,1,34,0,0,17,0,17,16,7,27,1,51,10,2,12,63
05/28/2019,HRL,TX,ASW,CE,Federal Contract Tower,20,9,7,5,41,0,0,12,3,15,20,9,19,8,56,0,8,8,64
05/29/2019,HRL,TX,ASW,CE,Federal Contract Tower,24,9,6,14,53,0,0,18,4,22,24,9,24,18,75,2,142,144,219
05/30/2019,HRL,TX,ASW,CE,Federal Contract Tower,26,10,18,10,64,0,0,31,5,36,26,10,49,15,100,20,60,80,180
05/31/2019,HRL,TX,ASW,CE,Federal Contract Tower,31,10,10,9,60,0,0,22,2,24,31,10,32,11,84,0,16,16,100
06/01/2019,HRL,TX,ASW,CE,Federal Contract Tower,13,11,3,1,28,0,0,6,0,6,13,11,9,1,34,0,0,0,34
06/02/2019,HRL,TX,ASW,CE,Federal Contract Tower,11,8,1,0,20,0,0,11,2,13,11,8,12,2,33,36,10,46,79
06/03/2019,HRL,TX,ASW,CE,Federal Contract Tower,24,13,5,4,46,0,0,19,1,20,24,13,24,5,66,4,78,82,148
06/04/2019,HRL,TX,ASW,CE,Federal Contract Tower,27,10,5,6,48,0,0,36,0,36,27,10,41,6,84,2,12,14,98
06/05/2019,HRL,TX,ASW,CE,Federal Contract Tower,19,12,8,9,48,0,0,30,3,33,19,12,38,12,81,0,36,36,117
06/06/2019,HRL,TX,ASW,CE,Federal Contract Tower,22,11,5,7,45,0,2,24,1,27,22,13,29,8,72,16,6,22,94
06/07/2019,HRL,TX,ASW,CE,Federal Contract Tower,26,8,9,8,51,0,0,52,1,53,26,8,61,9,104,18,12,30,134
06/08/2019,HRL,TX,ASW,CE,Federal Contract Tower,12,10,3,6,31,0,2,38,5,45,12,12,41,11,76,18,60,78,154
06/09/2019,HRL,TX,ASW,CE,Federal Contract Tower,10,13,5,6,34,0,0,14,3,17,10,13,19,9,51,30,8,38,89
06/10/2019,HRL,TX,ASW,CE,Federal Contract Tower,20,12,14,0,46,0,0,19,0,19,20,12,33,0,65,8,14,22,87
06/11/2019,HRL,TX,ASW,CE,Federal Contract Tower,26,7,9,7,49,0,0,24,1,25,26,7,33,8,74,8,60,68,142
06/12/2019,HRL,TX,ASW,CE,Federal Contract Tower,22,10,8,5,45,0,0,17,5,22,22,10,25,10,67,14,22,36,103
06/13/2019,HRL,TX,ASW,CE,Federal Contract Tower,21,10,7,13,51,0,0,25,3,28,21,10,32,16,79,38,72,110,189
06/14/2019,HRL,TX,ASW,CE,Federal Contract Tower,28,6,5,11,50,0,1,45,14,60,28,7,50,25,110,10,16,26,136
06/15/2019,HRL,TX,ASW,CE,Federal Contract Tower,14,9,7,4,34,0,0,34,2,36,14,9,41,6,70,12,10,22,92
06/16/2019,HRL,TX,ASW,CE,Federal Contract Tower,10,9,5,5,29,0,0,14,11,25,10,9,19,16,54,56,12,68,122
06/17/2019,HRL,TX,ASW,CE,Federal Contract Tower,22,8,10,8,48,0,0,14,0,14,22,8,24,8,62,36,22,58,120
06/18/2019,HRL,TX,ASW,CE,Federal Contract Tower,23,11,4,11,49,0,0,44,6,50,23,11,48,17,99,130,26,156,255
06/19/2019,HRL,TX,ASW,CE,Federal Contract Tower,23,8,11,6,48,0,0,27,8,35,23,8,38,14,83,38,36,74,157
06/20/2019,HRL,TX,ASW,CE,Federal Contract Tower,21,12,6,13,52,0,0,17,4,21,21,12,23,17,73,12,64,76,149
06/21/2019,HRL,TX,ASW,CE,Federal Contract Tower,26,10,10,5,51,0,0,10,0,10,26,10,20,5,61,0,4,4,65
06/22/2019,HRL,TX,ASW,CE,Federal Contract Tower,14,9,5,0,28,0,0,36,14,50,14,9,41,14,78,112,44,156,234
06/23/2019,HRL,TX,ASW,CE,Federal Contract Tower,10,10,2,6,28,0,0,7,9,16,10,10,9,15,44,0,48,48,92
06/24/2019,HRL,TX,ASW,CE,Federal Contract Tower,7,9,10,5,31,0,0,14,0,14,7,9,24,5,45,82,120,202,247
06/25/2019,HRL,TX,ASW,CE,Federal Contract Tower,24,8,9,9,50,0,0,15,4,19,24,8,24,13,69,2,10,12,81
06/26/2019,HRL,TX,ASW,CE,Federal Contract Tower,21,18,8,12,59,0,0,29,1,30,21,18,37,13,89,32,10,42,131
06/27/2019,HRL,TX,ASW,CE,Federal Contract Tower,25,10,9,20,64,0,0,25,11,36,25,10,34,31,100,44,72,116,216
06/28/2019,HRL,TX,ASW,CE,Federal Contract Tower,26,9,14,9,58,0,0,26,4,30,26,9,40,13,88,28,50,78,166
06/29/2019,HRL,TX,ASW,CE,Federal Contract Tower,15,8,6,1,30,0,0,23,9,32,15,8,29,10,62,14,44,58,120
06/30/2019,HRL,TX,ASW,CE,Federal Contract Tower,10,13,3,4,30,0,0,13,8,21,10,13,16,12,51,28,12,40,91
07/02/2019,HRL,TX,ASW,CE,Federal Contract Tower,19,14,12,12,57,0,0,9,1,10,19,14,21,13,67,10,30,40,107
07/03/2019,HRL,TX,ASW,CE,Federal Contract Tower,22,6,6,8,42,0,0,23,4,27,22,6,29,12,69,2,52,54,123
07/04/2019,HRL,TX,ASW,CE,Federal Contract Tower,13,3,4,0,20,0,1,20,2,23,13,4,24,2,43,18,0,18,61
07/05/2019,HRL,TX,ASW,CE,Federal Contract Tower,23,11,3,0,37,0,6,32,3,41,23,17,35,3,78,0,0,0,78
07/06/2019,HRL,TX,ASW,CE,Federal Contract Tower,14,8,4,2,28,0,0,14,3,17,14,8,18,5,45,16,18,34,79
07/07/2019,HRL,TX,ASW,CE,Federal Contract Tower,10,16,2,0,28,0,0,30,4,34,10,16,32,4,62,14,0,14,76
07/08/2019,HRL,TX,ASW,CE,Federal Contract Tower,21,14,12,12,59,0,0,26,3,29,21,14,38,15,88,2,72,74,162
07/09/2019,HRL,TX,ASW,CE,Federal Contract Tower,24,14,6,8,52,0,0,28,7,35,24,14,34,15,87,102,76,178,265
07/10/2019,HRL,TX,ASW,CE,Federal Contract Tower,20,10,8,9,47,0,0,28,3,31,20,10,36,12,78,0,48,48,126
07/11/2019,HRL,TX,ASW,CE,Federal Contract Tower,20,17,10,10,57,0,1,43,6,50,20,18,53,16,107,0,16,16,123
07/12/2019,HRL,TX,ASW,CE,Federal Contract Tower,23,12,10,17,62,0,2,37,5,44,23,14,47,22,106,20,26,46,152
07/13/2019,HRL,TX,ASW,CE,Federal Contract Tower,15,9,7,0,31,0,0,39,0,39,15,9,46,0,70,110,0,110,180
07/14/2019,HRL,TX,ASW,CE,Federal Contract Tower,12,12,6,2,32,0,0,27,0,27,12,12,33,2,59,86,0,86,145
07/15/2019,HRL,TX,ASW,CE,Federal Contract Tower,24,9,10,13,56,0,0,26,0,26,24,9,36,13,82,14,48,62,144
07/16/2019,HRL,TX,ASW,CE,Federal Contract Tower,28,7,8,15,58,0,0,13,1,14,28,7,21,16,72,18,76,94,166
07/17/2019,HRL,TX,ASW,CE,Federal Contract Tower,31,9,6,9,55,0,0,25,0,25,31,9,31,9,80,6,12,18,98
07/18/2019,HRL,TX,ASW,CE,Federal Contract Tower,20,12,13,13,58,0,1,28,7,36,20,13,41,20,94,22,72,94,188
07/19/2019,HRL,TX,ASW,CE,Federal Contract Tower,24,10,8,8,50,0,0,30,1,31,24,10,38,9,81,22,46,68,149
07/20/2019,HRL,TX,ASW,CE,Federal Contract Tower,17,8,3,4,32,0,0,27,3,30,17,8,30,7,62,26,6,32,94
07/21/2019,HRL,TX,ASW,CE,Federal Contract Tower,14,10,2,4,30,0,0,12,4,16,14,10,14,8,46,6,8,14,60
07/23/2019,HRL,TX,ASW,CE,Federal Contract Tower,25,8,10,0,43,0,0,15,0,15,25,8,25,0,58,34,42,76,134
07/24/2019,HRL,TX,ASW,CE,Federal Contract Tower,24,8,7,7,46,0,0,18,4,22,24,8,25,11,68,12,52,64,132
07/25/2019,HRL,TX,ASW,CE,Federal Contract Tower,21,10,4,7,42,0,0,29,3,32,21,10,33,10,74,58,24,82,156
07/26/2019,HRL,TX,ASW,CE,Federal Contract Tower,24,12,9,4,49,0,0,15,3,18,24,12,24,7,67,6,2,8,75
07/27/2019,HRL,TX,ASW,CE,Federal Contract Tower,17,8,3,4,32,0,0,20,4,24,17,8,23,8,56,36,14,50,106
07/28/2019,HRL,TX,ASW,CE,Federal Contract Tower,15,13,11,1,40,0,0,22,3,25,15,13,33,4,65,20,2,22,87
07/30/2019,HRL,TX,ASW,CE,Federal Contract Tower,25,5,12,6,48,0,0,14,3,17,25,5,26,9,65,64,32,96,161
07/31/2019,HRL,TX,ASW,CE,Federal Contract Tower,27,9,11,13,60,0,0,24,3,27,27,9,35,16,87,38,78,116,203
08/01/2019,HRL,TX,ASW,CE,Federal Contract Tower,21,15,8,9,53,0,0,21,11,32,21,15,29,20,85,8,48,56,141
08/02/2019,HRL,TX,ASW,CE,Federal Contract Tower,22,10,5,4,41,0,0,35,0,35,22,10,40,4,76,10,62,72,148
08/03/2019,HRL,TX,ASW,CE,Federal Contract Tower,18,9,4,2,33,0,0,30,4,34,18,9,34,6,67,30,6,36,103
08/04/2019,HRL,TX,ASW,CE,Federal Contract Tower,13,11,3,9,36,0,0,10,4,14,13,11,13,13,50,6,20,26,76
08/05/2019,HRL,TX,ASW,CE,Federal Contract Tower,24,13,5,8,50,0,0,12,0,12,24,13,17,8,62,0,66,66,128
08/06/2019,HRL,TX,ASW,CE,Federal Contract Tower,25,9,6,13,53,0,0,19,0,19,25,9,25,13,72,0,18,18,90
08/07/2019,HRL,TX,ASW,CE,Federal Contract Tower,24,8,10,1,43,0,0,22,6,28,24,8,32,7,71,26,62,88,159
08/08/2019,HRL,TX,ASW,CE,Federal Contract Tower,20,12,7,8,47,0,0,26,5,31,20,12,33,13,78,26,80,106,184
08/09/2019,HRL,TX,ASW,CE,Federal Contract Tower,27,13,16,12,68,0,0,28,2,30,27,13,44,14,98,14,18,32,130
08/10/2019,HRL,TX,ASW,CE,Federal Contract Tower,13,13,1,9,36,0,0,19,4,23,13,13,20,13,59,32,18,50,109
08/11/2019,HRL,TX,ASW,CE,Federal Contract Tower,13,10,9,6,38,0,0,11,3,14,13,10,20,9,52,2,6,8,60
08/12/2019,HRL,TX,ASW,CE,Federal Contract Tower,21,8,10,2,41,0,0,23,1,24,21,8,33,3,65,20,46,66,131
08/13/2019,HRL,TX,ASW,CE,Federal Contract Tower,26,8,8,7,49,0,0,17,0,17,26,8,25,7,66,16,16,32,98
08/14/2019,HRL,TX,ASW,CE,Federal Contract Tower,22,11,10,7,50,0,0,9,0,9,22,11,19,7,59,2,24,26,85
08/15/2019,HRL,TX,ASW,CE,Federal Contract Tower,22,12,11,6,51,0,2,17,0,19,22,14,28,6,70,10,78,88,158
08/16/2019,HRL,TX,ASW,CE,Federal Contract Tower,24,10,7,6,47,0,0,13,5,18,24,10,20,11,65,16,138,154,219
08/17/2019,HRL,TX,ASW,CE,Federal Contract Tower,18,5,2,7,32,0,0,12,4,16,18,5,14,11,48,12,20,32,80
08/18/2019,HRL,TX,ASW,CE,Federal Contract Tower,17,6,1,2,26,0,0,24,5,29,17,6,25,7,55,28,0,28,83
08/19/2019,HRL,TX,ASW,CE,Federal Contract Tower,22,9,6,16,53,0,0,35,1,36,22,9,41,17,89,10,40,50,139
08/20/2019,HRL,TX,ASW,CE,Federal Contract Tower,28,5,12,11,56,0,4,20,1,25,28,9,32,12,81,0,82,82,163
08/21/2019,HRL,TX,ASW,CE,Federal Contract Tower,22,8,10,8,48,0,0,11,3,14,22,8,21,11,62,0,60,60,122
08/22/2019,HRL,TX,ASW,CE,Federal Contract Tower,20,12,7,3,42,0,0,18,6,24,20,12,25,9,66,12,48,60,126
08/23/2019,HRL,TX,ASW,CE,Federal Contract Tower,23,7,4,6,40,0,2,23,4,29,23,9,27,10,69,16,20,36,105
08/24/2019,HRL,TX,ASW,CE,Federal Contract Tower,13,7,1,4,25,0,0,18,2,20,13,7,19,6,45,56,2,58,103
08/25/2019,HRL,TX,ASW,CE,Federal Contract Tower,16,4,12,1,33,0,0,9,0,9,16,4,21,1,42,24,0,24,66
08/26/2019,HRL,TX,ASW,CE,Federal Contract Tower,27,6,11,21,65,0,0,21,0,21,27,6,32,21,86,0,36,36,122
08/27/2019,HRL,TX,ASW,CE,Federal Contract Tower,23,6,7,26,62,0,0,6,5,11,23,6,13,31,73,12,62,74,147
08/28/2019,HRL,TX,ASW,CE,Federal Contract Tower,24,5,4,29,62,0,0,20,0,20,24,5,24,29,82,10,66,76,158
08/29/2019,HRL,TX,ASW,CE,Federal Contract Tower,20,14,9,9,52,0,0,20,5,25,20,14,29,14,77,20,58,78,155
08/30/2019,HRL,TX,ASW,CE,Federal Contract Tower,21,6,12,9,48,0,0,22,7,29,21,6,34,16,77,0,122,122,199
08/31/2019,HRL,TX,ASW,CE,Federal Contract Tower,14,5,6,5,30,0,0,7,4,11,14,5,13,9,41,22,18,40,81
09/01/2019,HRL,TX,ASW,CE,Federal Contract Tower,9,5,8,4,26,0,0,10,0,10,9,5,18,4,36,8,10,18,54
09/02/2019,HRL,TX,ASW,CE,Federal Contract Tower,21,11,9,0,41,0,1,14,0,15,21,12,23,0,56,4,0,4,60
09/03/2019,HRL,TX,ASW,CE,Federal Contract Tower,23,4,2,0,29,0,0,4,0,4,23,4,6,0,33,0,0,0,33
09/04/2019,HRL,TX,ASW,CE,Federal Contract Tower,19,11,10,0,40,0,0,3,0,3,19,11,13,0,43,0,0,0,43
09/05/2019,HRL,TX,ASW,CE,Federal Contract Tower,21,10,4,0,35,0,0,16,1,17,21,10,20,1,52,12,2,14,66
09/07/2019,HRL,TX,ASW,CE,Federal Contract Tower,17,8,2,2,29,0,0,10,5,15,17,8,12,7,44,8,4,12,56
09/08/2019,HRL,TX,ASW,CE,Federal Contract Tower,15,8,9,4,36,0,0,7,5,12,15,8,16,9,48,0,8,8,56
09/10/2019,HRL,TX,ASW,CE,Federal Contract Tower,23,8,10,31,72,0,0,19,0,19,23,8,29,31,91,54,98,152,243
09/11/2019,HRL,TX,ASW,CE,Federal Contract Tower,24,5,11,12,52,0,0,11,7,18,24,5,22,19,70,0,32,32,102
09/12/2019,HRL,TX,ASW,CE,Federal Contract Tower,22,11,5,5,43,0,0,25,3,28,22,11,30,8,71,22,82,104,175
09/13/2019,HRL,TX,ASW,CE,Federal Contract Tower,21,12,13,6,52,0,0,19,0,19,21,12,32,6,71,16,8,24,95
09/14/2019,HRL,TX,ASW,CE,Federal Contract Tower,16,12,1,0,29,0,0,21,3,24,16,12,22,3,53,10,0,10,63
09/15/2019,HRL,TX,ASW,CE,Federal Contract Tower,13,13,10,0,36,0,0,9,4,13,13,13,19,4,49,50,0,50,99
09/16/2019,HRL,TX,ASW,CE,Federal Contract Tower,25,7,11,4,47,0,0,10,2,12,25,7,21,6,59,24,90,114,173
09/17/2019,HRL,TX,ASW,CE,Federal Contract Tower,40,3,5,9,57,0,0,19,1,20,40,3,24,10,77,10,30,40,117
09/18/2019,HRL,TX,ASW,CE,Federal Contract Tower,28,6,6,27,67,0,0,30,2,32,28,6,36,29,99,6,57,63,162
09/19/2019,HRL,TX,ASW,CE,Federal Contract Tower,18,5,14,36,73,0,0,25,0,25,18,5,39,36,98,34,142,176,274
09/20/2019,HRL,TX,ASW,CE,Federal Contract Tower,29,9,9,13,60,0,0,20,0,20,29,9,29,13,80,0,36,36,116
09/21/2019,HRL,TX,ASW,CE,Federal Contract Tower,13,14,3,0,30,0,0,20,0,20,13,14,23,0,50,12,0,12,62
09/22/2019,HRL,TX,ASW,CE,Federal Contract Tower,18,10,6,1,35,0,3,18,0,21,18,13,24,1,56,6,2,8,64
09/23/2019,HRL,TX,ASW,CE,Federal Contract Tower,24,8,10,9,51,0,0,17,0,17,24,8,27,9,68,16,76,92,160
09/24/2019,HRL,TX,ASW,CE,Federal Contract Tower,25,7,6,18,56,0,0,28,4,32,25,7,34,22,88,36,78,114,202
09/25/2019,HRL,TX,ASW,CE,Federal Contract Tower,22,10,9,8,49,0,0,30,2,32,22,10,39,10,81,18,16,34,115
09/26/2019,HRL,TX,ASW,CE,Federal Contract Tower,20,12,9,10,51,0,0,30,2,32,20,12,39,12,83,32,12,44,127
09/27/2019,HRL,TX,ASW,CE,Federal Contract Tower,27,8,9,5,49,0,0,26,7,33,27,8,35,12,82,16,42,58,140
09/28/2019,HRL,TX,ASW,CE,Federal Contract Tower,18,10,6,0,34,0,0,19,3,22,18,10,25,3,56,0,0,0,56
09/29/2019,HRL,TX,ASW,CE,Federal Contract Tower,14,8,5,1,28,0,0,8,4,12,14,8,13,5,40,18,4,22,62
09/30/2019,HRL,TX,ASW,CE,Federal Contract Tower,28,6,7,9,50,0,0,16,0,16,28,6,23,9,66,18,14,32,98
10/01/2019,HRL,TX,ASW,CE,Federal Contract Tower,26,4,7,10,47,0,0,18,1,19,26,4,25,11,66,36,34,70,136
10/02/2019,HRL,TX,ASW,CE,Federal Contract Tower,26,7,9,6,48,0,0,27,6,33,26,7,36,12,81,54,122,176,257
10/03/2019,HRL,TX,ASW,CE,Federal Contract Tower,20,17,13,0,50,0,0,18,0,18,20,17,31,0,68,26,0,26,94
10/04/2019,HRL,TX,ASW,CE,Federal Contract Tower,24,11,15,2,52,0,0,23,0,23,24,11,38,2,75,20,10,30,105
10/05/2019,HRL,TX,ASW,CE,Federal Contract Tower,10,12,8,7,37,0,0,22,0,22,10,12,30,7,59,20,14,34,93
10/06/2019,HRL,TX,ASW,CE,Federal Contract Tower,15,7,9,6,37,0,0,13,2,15,15,7,22,8,52,16,8,24,76
10/07/2019,HRL,TX,ASW,CE,Federal Contract Tower,24,6,11,6,47,0,0,24,1,25,24,6,35,7,72,34,10,44,116
10/08/2019,HRL,TX,ASW,CE,Federal Contract Tower,20,12,11,10,53,0,0,19,1,20,20,12,30,11,73,30,20,50,123
10/09/2019,HRL,TX,ASW,CE,Federal Contract Tower,23,7,8,6,44,0,0,21,3,24,23,7,29,9,68,12,24,36,104
10/10/2019,HRL,TX,ASW,CE,Federal Contract Tower,22,8,14,10,54,0,1,30,3,34,22,9,44,13,88,40,84,124,212
10/11/2019,HRL,TX,ASW,CE,Federal Contract Tower,29,8,10,1,48,0,0,8,0,8,29,8,18,1,56,8,16,24,80
10/12/2019,HRL,TX,ASW,CE,Federal Contract Tower,10,11,4,2,27,0,0,8,0,8,10,11,12,2,35,2,4,6,41
10/13/2019,HRL,TX,ASW,CE,Federal Contract Tower,15,10,12,0,37,0,0,5,0,5,15,10,17,0,42,2,0,2,44
10/14/2019,HRL,TX,ASW,CE,Federal Contract Tower,23,10,9,2,44,0,0,24,0,24,23,10,33,2,68,32,4,36,104
10/15/2019,HRL,TX,ASW,CE,Federal Contract Tower,21,9,15,19,64,0,0,20,2,22,21,9,35,21,86,28,70,98,184
10/16/2019,HRL,TX,ASW,CE,Federal Contract Tower,22,9,6,17,54,0,0,16,0,16,22,9,22,17,70,12,28,40,110
10/17/2019,HRL,TX,ASW,CE,Federal Contract Tower,19,14,14,11,58,0,0,16,1,17,19,14,30,12,75,38,60,98,173
10/18/2019,HRL,TX,ASW,CE,Federal Contract Tower,25,13,10,6,54,0,1,21,1,23,25,14,31,7,77,16,10,26,103
10/19/2019,HRL,TX,ASW,CE,Federal Contract Tower,13,9,2,3,27,0,0,17,0,17,13,9,19,3,44,16,10,26,70
10/20/2019,HRL,TX,ASW,CE,Federal Contract Tower,16,5,3,11,35,0,0,2,0,2,16,5,5,11,37,24,18,42,79
10/22/2019,HRL,TX,ASW,CE,Federal Contract Tower,22,8,7,10,47,0,0,28,0,28,22,8,35,10,75,40,84,124,199
10/23/2019,HRL,TX,ASW,CE,Federal Contract Tower,20,11,11,3,45,0,0,24,1,25,20,11,35,4,70,12,80,92,162
10/24/2019,HRL,TX,ASW,CE,Federal Contract Tower,21,6,7,6,40,0,0,9,1,10,21,6,16,7,50,0,24,24,74
10/25/2019,HRL,TX,ASW,CE,Federal Contract Tower,22,11,8,5,46,0,0,4,1,5,22,11,12,6,51,0,8,8,59
10/26/2019,HRL,TX,ASW,CE,Federal Contract Tower,11,11,3,5,30,0,0,19,0,19,11,11,22,5,49,12,12,24,73
10/27/2019,HRL,TX,ASW,CE,Federal Contract Tower,13,9,6,5,33,0,0,18,0,18,13,9,24,5,51,18,10,28,79
10/28/2019,HRL,TX,ASW,CE,Federal Contract Tower,27,13,13,8,61,0,0,20,0,20,27,13,33,8,81,34,14,48,129
10/29/2019,HRL,TX,ASW,CE,Federal Contract Tower,24,5,11,32,72,0,1,20,5,26,24,6,31,37,98,4,86,90,188
10/30/2019,HRL,TX,ASW,CE,Federal Contract Tower,24,7,17,18,66,0,0,13,1,14,24,7,30,19,80,22,82,104,184
10/31/2019,HRL,TX,ASW,CE,Federal Contract Tower,19,9,10,14,52,0,0,6,0,6,19,9,16,14,58,6,28,34,92
11/01/2019,HRL,TX,ASW,CE,Federal Contract Tower,25,13,9,6,53,0,0,19,3,22,25,13,28,9,75,0,58,58,133
11/02/2019,HRL,TX,ASW,CE,Federal Contract Tower,15,9,3,5,32,0,0,13,1,14,15,9,16,6,46,4,40,44,90
11/03/2019,HRL,TX,ASW,CE,Federal Contract Tower,16,7,7,0,30,0,0,11,3,14,16,7,18,3,44,16,0,16,60
11/04/2019,HRL,TX,ASW,CE,Federal Contract Tower,20,16,5,10,51,0,2,27,1,30,20,18,32,11,81,52,102,154,235
11/05/2019,HRL,TX,ASW,CE,Federal Contract Tower,21,12,12,3,48,0,0,25,1,26,21,12,37,4,74,36,4,40,114
11/06/2019,HRL,TX,ASW,CE,Federal Contract Tower,20,9,16,11,56,0,0,26,5,31,20,9,42,16,87,28,108,136,223
11/07/2019,HRL,TX,ASW,CE,Federal Contract Tower,17,12,13,10,52,0,0,33,0,33,17,12,46,10,85,38,10,48,133
11/08/2019,HRL,TX,ASW,CE,Federal Contract Tower,19,14,15,2,50,0,0,3,0,3,19,14,18,2,53,22,6,28,81
11/09/2019,HRL,TX,ASW,CE,Federal Contract Tower,15,10,4,0,29,0,0,18,2,20,15,10,22,2,49,28,0,28,77
11/10/2019,HRL,TX,ASW,CE,Federal Contract Tower,18,8,9,2,37,0,0,18,2,20,18,8,27,4,57,0,4,4,61
11/11/2019,HRL,TX,ASW,CE,Federal Contract Tower,23,8,14,3,48,0,0,10,0,10,23,8,24,3,58,24,6,30,88
11/12/2019,HRL,TX,ASW,CE,Federal Contract Tower,19,8,3,0,30,0,0,0,1,1,19,8,3,1,31,0,0,0,31
11/13/2019,HRL,TX,ASW,CE,Federal Contract Tower,19,11,7,1,38,0,2,11,8,21,19,13,18,9,59,0,18,18,77
11/14/2019,HRL,TX,ASW,CE,Federal Contract Tower,21,9,9,1,40,0,0,4,3,7,21,9,13,4,47,12,0,12,59
11/15/2019,HRL,TX,ASW,CE,Federal Contract Tower,15,13,10,1,39,0,0,24,0,24,15,13,34,1,63,64,34,98,161
11/16/2019,HRL,TX,ASW,CE,Federal Contract Tower,19,8,1,0,28,0,0,29,0,29,19,8,30,0,57,22,0,22,79
11/17/2019,HRL,TX,ASW,CE,Federal Contract Tower,15,9,4,2,30,0,0,20,0,20,15,9,24,2,50,2,4,6,56
11/18/2019,HRL,TX,ASW,CE,Federal Contract Tower,26,9,11,12,58,0,0,30,1,31,26,9,41,13,89,42,34,76,165
11/19/2019,HRL,TX,ASW,CE,Federal Contract Tower,18,12,7,11,48,0,0,34,5,39,18,12,41,16,87,30,80,110,197
11/20/2019,HRL,TX,ASW,CE,Federal Contract Tower,17,13,16,9,55,0,0,25,4,29,17,13,41,13,84,41,64,105,189
11/21/2019,HRL,TX,ASW,CE,Federal Contract Tower,22,13,16,10,61,0,0,23,4,27,22,13,39,14,88,30,64,94,182
11/22/2019,HRL,TX,ASW,CE,Federal Contract Tower,17,17,13,13,60,0,0,23,2,25,17,17,36,15,85,36,70,106,191
11/23/2019,HRL,TX,ASW,CE,Federal Contract Tower,21,11,5,3,40,0,0,10,3,13,21,11,15,6,53,30,50,80,133
11/24/2019,HRL,TX,ASW,CE,Federal Contract Tower,18,9,6,0,33,0,0,17,0,17,18,9,23,0,50,8,0,8,58
11/25/2019,HRL,TX,ASW,CE,Federal Contract Tower,25,9,16,11,61,0,0,18,3,21,25,9,34,14,82,76,22,98,180
11/26/2019,HRL,TX,ASW,CE,Federal Contract Tower,24,8,9,14,55,0,0,14,3,17,24,8,23,17,72,10,122,132,204
11/27/2019,HRL,TX,ASW,CE,Federal Contract Tower,22,9,6,5,42,0,0,0,0,0,22,9,6,5,42,0,10,10,52
11/28/2019,HRL,TX,ASW,CE,Federal Contract Tower,13,6,3,0,22,0,0,4,0,4,13,6,7,0,26,0,0,0,26
11/29/2019,HRL,TX,ASW,CE,Federal Contract Tower,13,11,7,0,31,0,0,3,0,3,13,11,10,0,34,6,0,6,40
11/30/2019,HRL,TX,ASW,CE,Federal Contract Tower,25,6,6,2,39,0,0,5,0,5,25,6,11,2,44,0,4,4,48
12/01/2019,HRL,TX,ASW,CE,Federal Contract Tower,18,10,11,2,41,0,0,7,0,7,18,10,18,2,48,0,4,4,52
12/02/2019,HRL,TX,ASW,CE,Federal Contract Tower,24,7,11,10,52,0,0,35,2,37,24,7,46,12,89,12,28,40,129
12/03/2019,HRL,TX,ASW,CE,Federal Contract Tower,31,10,8,10,59,0,0,38,4,42,31,10,46,14,101,58,54,112,213
12/04/2019,HRL,TX,ASW,CE,Federal Contract Tower,22,8,10,6,46,0,0,26,1,27,22,8,36,7,73,24,8,32,105
12/05/2019,HRL,TX,ASW,CE,Federal Contract Tower,27,9,11,3,50,0,2,18,1,21,27,11,29,4,71,18,4,22,93
12/06/2019,HRL,TX,ASW,CE,Federal Contract Tower,21,12,13,0,46,0,0,7,0,7,21,12,20,0,53,34,0,34,87
12/07/2019,HRL,TX,ASW,CE,Federal Contract Tower,18,3,5,0,26,0,0,26,2,28,18,3,31,2,54,10,60,70,124
12/08/2019,HRL,TX,ASW,CE,Federal Contract Tower,16,6,6,2,30,0,0,28,0,28,16,6,34,2,58,34,4,38,96
12/09/2019,HRL,TX,ASW,CE,Federal Contract Tower,22,7,13,6,48,0,0,22,0,22,22,7,35,6,70,32,46,78,148
12/10/2019,HRL,TX,ASW,CE,Federal Contract Tower,22,13,12,15,62,0,0,2,0,2,22,13,14,15,64,10,40,50,114
12/11/2019,HRL,TX,ASW,CE,Federal Contract Tower,25,14,17,10,66,0,1,21,2,24,25,15,38,12,90,44,80,124,214
12/12/2019,HRL,TX,ASW,CE,Federal Contract Tower,23,10,13,7,53,0,0,25,2,27,23,10,38,9,80,24,54,78,158
12/13/2019,HRL,TX,ASW,CE,Federal Contract Tower,17,13,11,3,44,0,0,30,2,32,17,13,41,5,76,22,22,44,120
12/14/2019,HRL,TX,ASW,CE,Federal Contract Tower,16,7,6,2,31,0,0,24,3,27,16,7,30,5,58,24,52,76,134
12/15/2019,HRL,TX,ASW,CE,Federal Contract Tower,16,7,8,6,37,0,0,7,0,7,16,7,15,6,44,10,10,20,64
12/16/2019,HRL,TX,ASW,CE,Federal Contract Tower,25,6,8,13,52,0,0,21,2,23,25,6,29,15,75,4,80,84,159
12/17/2019,HRL,TX,ASW,CE,Federal Contract Tower,24,8,9,4,45,0,0,14,2,16,24,8,23,6,61,0,24,24,85
12/18/2019,HRL,TX,ASW,CE,Federal Contract Tower,25,16,14,3,58,0,0,28,3,31,25,16,42,6,89,14,58,72,161
12/19/2019,HRL,TX,ASW,CE,Federal Contract Tower,27,11,13,4,55,0,0,16,0,16,27,11,29,4,71,8,4,12,83
12/20/2019,HRL,TX,ASW,CE,Federal Contract Tower,20,11,12,1,44,0,0,1,0,1,20,11,13,1,45,0,2,2,47
12/21/2019,HRL,TX,ASW,CE,Federal Contract Tower,26,3,9,0,38,0,0,0,0,0,26,3,9,0,38,0,0,0,38
12/22/2019,HRL,TX,ASW,CE,Federal Contract Tower,21,7,4,3,35,0,0,15,0,15,21,7,19,3,50,4,6,10,60
12/23/2019,HRL,TX,ASW,CE,Federal Contract Tower,26,5,14,0,45,0,0,20,0,20,26,5,34,0,65,6,0,6,71
12/24/2019,HRL,TX,ASW,CE,Federal Contract Tower,28,9,5,1,43,0,0,16,1,17,28,9,21,2,60,0,0,0,60
12/25/2019,HRL,TX,ASW,CE,Federal Contract Tower,14,13,3,2,32,0,0,2,1,3,14,13,5,3,35,0,0,0,35
12/26/2019,HRL,TX,ASW,CE,Federal Contract Tower,28,7,4,4,43,0,0,9,1,10,28,7,13,5,53,14,4,18,71
12/27/2019,HRL,TX,ASW,CE,Federal Contract Tower,22,10,3,8,43,0,0,27,0,27,22,10,30,8,70,62,16,78,148
12/28/2019,HRL,TX,ASW,CE,Federal Contract Tower,21,9,5,0,35,0,0,11,0,11,21,9,16,0,46,14,0,14,60
12/29/2019,HRL,TX,ASW,CE,Federal Contract Tower,24,6,3,0,33,0,0,3,0,3,24,6,6,0,36,0,0,0,36
12/30/2019,HRL,TX,ASW,CE,Federal Contract Tower,25,7,10,6,48,0,0,24,0,24,25,7,34,6,72,12,8,20,92
12/31/2019,HRL,TX,ASW,CE,Federal Contract Tower,28,6,6,1,41,0,0,27,0,27,28,6,33,1,68,50,0,50,118
01/01/2020,HRL,TX,ASW,CE,Federal Contract Tower,13,16,5,0,34,0,0,0,0,0,13,16,5,0,34,0,0,0,34
01/02/2020,HRL,TX,ASW,CE,Federal Contract Tower,24,13,9,10,56,0,0,9,3,12,24,13,18,13,68,8,18,26,94
01/03/2020,HRL,TX,ASW,CE,Federal Contract Tower,24,14,7,1,46,0,0,12,2,14,24,14,19,3,60,6,30,36,96
01/04/2020,HRL,TX,ASW,CE,Federal Contract Tower,23,6,4,2,35,0,0,20,0,20,23,6,24,2,55,38,2,40,95
01/05/2020,HRL,TX,ASW,CE,Federal Contract Tower,17,16,10,2,45,0,0,8,1,9,17,16,18,3,54,16,18,34,88
01/07/2020,HRL,TX,ASW,CE,Federal Contract Tower,26,7,10,12,55,0,0,14,3,17,26,7,24,15,72,4,12,16,88
01/08/2020,HRL,TX,ASW,CE,Federal Contract Tower,22,18,7,6,53,0,0,16,0,16,22,18,23,6,69,26,8,34,103
01/09/2020,HRL,TX,ASW,CE,Federal Contract Tower,27,14,16,5,62,0,5,19,7,31,27,19,35,12,93,8,18,26,119
01/10/2020,HRL,TX,ASW,CE,Federal Contract Tower,23,13,11,3,50,0,0,5,4,9,23,13,16,7,59,0,150,150,209
01/11/2020,HRL,TX,ASW,CE,Federal Contract Tower,17,9,8,5,39,0,0,13,3,16,17,9,21,8,55,0,46,46,101
01/12/2020,HRL,TX,ASW,CE,Federal Contract Tower,19,10,3,7,39,0,0,21,1,22,19,10,24,8,61,16,96,112,173
01/13/2020,HRL,TX,ASW,CE,Federal Contract Tower,27,9,13,3,52,0,0,3,0,3,27,9,16,3,55,6,32,38,93
01/15/2020,HRL,TX,ASW,CE,Federal Contract Tower,22,13,8,11,54,0,0,8,4,12,22,13,16,15,66,0,104,104,170
01/16/2020,HRL,TX,ASW,CE,Federal Contract Tower,27,12,13,21,73,0,0,10,10,20,27,12,23,31,93,48,208,256,349
01/17/2020,HRL,TX,ASW,CE,Federal Contract Tower,23,16,6,19,64,0,0,21,3,24,23,16,27,22,88,22,90,112,200
01/18/2020,HRL,TX,ASW,CE,Federal Contract Tower,17,9,10,6,42,0,0,9,2,11,17,9,19,8,53,24,56,80,133
01/19/2020,HRL,TX,ASW,CE,Federal Contract Tower,19,9,7,0,35,0,0,8,0,8,19,9,15,0,43,0,0,0,43
01/21/2020,HRL,TX,ASW,CE,Federal Contract Tower,33,1,13,9,56,0,0,17,2,19,33,1,30,11,75,30,26,56,131
01/22/2020,HRL,TX,ASW,CE,Federal Contract Tower,27,13,9,16,65,0,0,9,7,16,27,13,18,23,81,46,92,138,219
01/23/2020,HRL,TX,ASW,CE,Federal Contract Tower,25,13,19,11,68,0,0,20,3,23,25,13,39,14,91,58,20,78,169
01/24/2020,HRL,TX,ASW,CE,Federal Contract Tower,22,12,14,4,52,0,0,18,4,22,22,12,32,8,74,50,48,98,172
01/25/2020,HRL,TX,ASW,CE,Federal Contract Tower,18,8,4,9,39,0,0,16,0,16,18,8,20,9,55,28,14,42,97
01/26/2020,HRL,TX,ASW,CE,Federal Contract Tower,16,11,6,3,36,0,0,12,0,12,16,11,18,3,48,62,18,80,128
01/28/2020,HRL,TX,ASW,CE,Federal Contract Tower,26,8,9,11,54,0,0,11,3,14,26,8,20,14,68,64,56,120,188
01/29/2020,HRL,TX,ASW,CE,Federal Contract Tower,24,12,16,13,65,0,0,32,1,33,24,12,48,14,98,116,10,126,224
01/30/2020,HRL,TX,ASW,CE,Federal Contract Tower,29,11,8,26,74,0,0,27,3,30,29,11,35,29,104,122,104,226,330
01/31/2020,HRL,TX,ASW,CE,Federal Contract Tower,24,13,15,8,60,0,0,10,0,10,24,13,25,8,70,80,10,90,160
02/01/2020,HRL,TX,ASW,CE,Federal Contract Tower,15,8,3,1,27,0,0,25,3,28,15,8,28,4,55,166,22,188,243
02/02/2020,HRL,TX,ASW,CE,Federal Contract Tower,18,17,7,2,44,0,0,19,0,19,18,17,26,2,63,102,4,106,169
02/03/2020,HRL,TX,ASW,CE,Federal Contract Tower,21,13,7,7,48,0,0,9,1,10,21,13,16,8,58,30,72,102,160
02/04/2020,HRL,TX,ASW,CE,Federal Contract Tower,25,11,9,20,65,0,0,22,1,23,25,11,31,21,88,66,208,274,362
02/05/2020,HRL,TX,ASW,CE,Federal Contract Tower,22,14,10,45,91,0,0,5,6,11,22,14,15,51,102,62,152,214,316
02/06/2020,HRL,TX,ASW,CE,Federal Contract Tower,26,15,17,13,71,0,0,32,0,32,26,15,49,13,103,71,34,105,208
02/07/2020,HRL,TX,ASW,CE,Federal Contract Tower,24,18,20,9,71,0,0,26,2,28,24,18,46,11,99,6,68,74,173
02/08/2020,HRL,TX,ASW,CE,Federal Contract Tower,13,9,5,2,29,0,0,14,0,14,13,9,19,2,43,2,10,12,55
02/09/2020,HRL,TX,ASW,CE,Federal Contract Tower,17,11,11,0,39,0,0,4,0,4,17,11,15,0,43,28,0,28,71
02/10/2020,HRL,TX,ASW,CE,Federal Contract Tower,32,8,12,18,70,5,0,6,0,11,37,8,18,18,81,16,104,120,201
02/11/2020,HRL,TX,ASW,CE,Federal Contract Tower,30,5,11,9,55,0,0,2,0,2,30,5,13,9,57,28,18,46,103
02/12/2020,HRL,TX,ASW,CE,Federal Contract Tower,24,14,17,13,68,0,0,13,1,14,24,14,30,14,82,68,66,134,216
02/13/2020,HRL,TX,ASW,CE,Federal Contract Tower,26,14,11,3,54,0,1,21,5,27,26,15,32,8,81,0,60,60,141
02/14/2020,HRL,TX,ASW,CE,Federal Contract Tower,21,18,6,2,47,0,1,21,3,25,21,19,27,5,72,30,20,50,122
02/15/2020,HRL,TX,ASW,CE,Federal Contract Tower,19,8,6,4,37,0,0,8,0,8,19,8,14,4,45,0,8,8,53
02/16/2020,HRL,TX,ASW,CE,Federal Contract Tower,19,12,8,0,39,0,0,6,0,6,19,12,14,0,45,38,0,38,83
02/17/2020,HRL,TX,ASW,CE,Federal Contract Tower,23,12,9,2,46,0,0,18,0,18,23,12,27,2,64,56,2,58,122
02/18/2020,HRL,TX,ASW,CE,Federal Contract Tower,23,13,10,16,62,0,0,25,4,29,23,13,35,20,91,65,220,285,376
02/19/2020,HRL,TX,ASW,CE,Federal Contract Tower,25,14,9,9,57,0,0,1,1,2,25,14,10,10,59,16,34,50,109
02/20/2020,HRL,TX,ASW,CE,Federal Contract Tower,23,16,20,15,74,0,0,1,0,1,23,16,21,15,75,0,24,24,99
02/21/2020,HRL,TX,ASW,CE,Federal Contract Tower,20,21,11,3,55,0,0,17,1,18,20,21,28,4,73,92,58,150,223
02/22/2020,HRL,TX,ASW,CE,Federal Contract Tower,14,15,5,6,40,0,0,31,0,31,14,15,36,6,71,62,10,72,143
02/23/2020,HRL,TX,ASW,CE,Federal Contract Tower,15,13,15,5,48,0,0,17,3,20,15,13,32,8,68,132,58,190,258
02/24/2020,HRL,TX,ASW,CE,Federal Contract Tower,19,15,7,12,53,0,0,19,1,20,19,15,26,13,73,42,56,98,171
02/25/2020,HRL,TX,ASW,CE,Federal Contract Tower,22,13,7,6,48,4,0,10,1,15,26,13,17,7,63,62,36,98,161
02/26/2020,HRL,TX,ASW,CE,Federal Contract Tower,25,12,5,9,51,0,0,24,6,30,25,12,29,15,81,54,88,142,223
02/27/2020,HRL,TX,ASW,CE,Federal Contract Tower,26,17,11,5,59,0,0,40,2,42,26,17,51,7,101,48,56,104,205
02/28/2020,HRL,TX,ASW,CE,Federal Contract Tower,23,15,13,2,53,0,0,23,2,25,23,15,36,4,78,18,46,64,142
02/29/2020,HRL,TX,ASW,CE,Federal Contract Tower,18,17,4,0,39,0,0,12,1,13,18,17,16,1,52,0,18,18,70
03/01/2020,HRL,TX,ASW,CE,Federal Contract Tower,14,14,5,0,33,0,0,7,0,7,14,14,12,0,40,0,0,0,40
03/02/2020,HRL,TX,ASW,CE,Federal Contract Tower,18,15,10,16,59,0,0,7,1,8,18,15,17,17,67,0,54,54,121
03/03/2020,HRL,TX,ASW,CE,Federal Contract Tower,23,12,12,23,70,0,0,11,0,11,23,12,23,23,81,18,111,129,210
03/04/2020,HRL,TX,ASW,CE,Federal Contract Tower,22,15,11,27,75,0,2,9,3,14,22,17,20,30,89,74,86,160,249
03/05/2020,HRL,TX,ASW,CE,Federal Contract Tower,28,15,11,14,68,0,0,33,2,35,28,15,44,16,103,118,22,140,243
03/06/2020,HRL,TX,ASW,CE,Federal Contract Tower,22,9,10,17,58,0,1,35,3,39,22,10,45,20,97,162,62,224,321
03/07/2020,HRL,TX,ASW,CE,Federal Contract Tower,17,12,5,3,37,0,0,28,2,30,17,12,33,5,67,88,2,90,157
03/08/2020,HRL,TX,ASW,CE,Federal Contract Tower,13,11,5,3,32,0,0,7,0,7,13,11,12,3,39,38,2,40,79
03/09/2020,HRL,TX,ASW,CE,Federal Contract Tower,21,15,4,8,48,0,0,16,3,19,21,15,20,11,67,34,58,92,159
03/10/2020,HRL,TX,ASW,CE,Federal Contract Tower,25,10,9,9,53,0,0,4,1,5,25,10,13,10,58,0,14,14,72
03/11/2020,HRL,TX,ASW,CE,Federal Contract Tower,20,14,2,8,44,0,0,14,4,18,20,14,16,12,62,26,64,90,152
03/12/2020,HRL,TX,ASW,CE,Federal Contract Tower,26,12,8,8,54,0,0,14,4,18,26,12,22,12,72,2,18,20,92
03/13/2020,HRL,TX,ASW,CE,Federal Contract Tower,26,11,4,8,49,0,0,14,1,15,26,11,18,9,64,12,34,46,110
03/14/2020,HRL,TX,ASW,CE,Federal Contract Tower,16,12,5,5,38,0,0,18,3,21,16,12,23,8,59,2,84,86,145
03/15/2020,HRL,TX,ASW,CE,Federal Contract Tower,14,13,4,2,33,0,0,3,0,3,14,13,7,2,36,12,2,14,50
03/16/2020,HRL,TX,ASW,CE,Federal Contract Tower,22,14,14,28,78,0,0,8,1,9,22,14,22,29,87,2,72,74,161
03/17/2020,HRL,TX,ASW,CE,Federal Contract Tower,19,11,10,12,52,0,0,10,6,16,19,11,20,18,68,0,88,88,156
03/18/2020,HRL,TX,ASW,CE,Federal Contract Tower,21,12,5,11,49,0,0,11,6,17,21,12,16,17,66,34,126,160,226
03/19/2020,HRL,TX,ASW,CE,Federal Contract Tower,24,10,9,10,53,0,0,6,2,8,24,10,15,12,61,0,22,22,83
03/20/2020,HRL,TX,ASW,CE,Federal Contract Tower,18,10,3,17,48,0,0,11,2,13,18,10,14,19,61,0,68,68,129
03/21/2020,HRL,TX,ASW,CE,Federal Contract Tower,13,15,0,0,28,0,0,1,0,1,13,15,1,0,29,10,0,10,39
03/22/2020,HRL,TX,ASW,CE,Federal Contract Tower,13,11,5,13,42,0,0,1,0,1,13,11,6,13,43,0,84,84,127
03/23/2020,HRL,TX,ASW,CE,Federal Contract Tower,19,9,7,32,67,0,0,5,9,14,19,9,12,41,81,0,60,60,141
03/24/2020,HRL,TX,ASW,CE,Federal Contract Tower,25,8,5,13,51,0,0,21,8,29,25,8,26,21,80,16,128,144,224
03/25/2020,HRL,TX,ASW,CE,Federal Contract Tower,21,9,8,19,57,0,0,15,4,19,21,9,23,23,76,0,68,68,144
03/26/2020,HRL,TX,ASW,CE,Federal Contract Tower,24,4,1,23,52,0,0,6,4,10,24,4,7,27,62,0,78,78,140
03/27/2020,HRL,TX,ASW,CE,Federal Contract Tower,17,3,2,23,45,0,0,7,4,11,17,3,9,27,56,0,56,56,112
03/28/2020,HRL,TX,ASW,CE,Federal Contract Tower,9,9,1,13,32,0,0,6,0,6,9,9,7,13,38,0,152,152,190
03/29/2020,HRL,TX,ASW,CE,Federal Contract Tower,11,6,4,4,25,0,0,0,0,0,11,6,4,4,25,0,16,16,41
03/30/2020,HRL,TX,ASW,CE,Federal Contract Tower,13,7,2,15,37,0,0,1,4,5,13,7,3,19,42,0,168,168,210
03/31/2020,HRL,TX,ASW,CE,Federal Contract Tower,18,6,1,25,50,0,0,19,6,25,18,6,20,31,75,0,108,108,183
04/01/2020,HRL,TX,ASW,CE,Federal Contract Tower,17,7,3,17,44,0,0,13,5,18,17,7,16,22,62,0,74,74,136
04/02/2020,HRL,TX,ASW,CE,Federal Contract Tower,17,2,3,43,65,0,0,12,2,14,17,2,15,45,79,0,121,121,200
04/03/2020,HRL,TX,ASW,CE,Federal Contract Tower,16,5,4,10,35,0,0,8,3,11,16,5,12,13,46,0,32,32,78
04/04/2020,HRL,TX,ASW,CE,Federal Contract Tower,4,12,2,0,18,0,0,2,0,2,4,12,4,0,20,0,0,0,20
04/05/2020,HRL,TX,ASW,CE,Federal Contract Tower,6,6,0,1,13,0,0,0,0,0,6,6,0,1,13,0,4,4,17
04/06/2020,HRL,TX,ASW,CE,Federal Contract Tower,13,5,7,17,42,0,0,1,1,2,13,5,8,18,44,0,44,44,88
04/07/2020,HRL,TX,ASW,CE,Federal Contract Tower,17,3,5,19,44,0,0,7,11,18,17,3,12,30,62,0,76,76,138
04/08/2020,HRL,TX,ASW,CE,Federal Contract Tower,14,3,7,15,39,0,0,12,5,17,14,3,19,20,56,16,30,46,102
04/09/2020,HRL,TX,ASW,CE,Federal Contract Tower,20,4,2,16,42,0,0,18,6,24,20,4,20,22,66,4,144,148,214
04/10/2020,HRL,TX,ASW,CE,Federal Contract Tower,15,3,1,26,45,0,0,7,9,16,15,3,8,35,61,0,234,234,295
04/11/2020,HRL,TX,ASW,CE,Federal Contract Tower,8,2,3,1,14,0,0,3,1,4,8,2,6,2,18,0,0,0,18
04/12/2020,HRL,TX,ASW,CE,Federal Contract Tower,6,2,0,4,12,0,0,4,0,4,6,2,4,4,16,0,4,4,20
04/13/2020,HRL,TX,ASW,CE,Federal Contract Tower,11,3,3,25,42,0,0,22,6,28,11,3,25,31,70,0,160,160,230
04/14/2020,HRL,TX,ASW,CE,Federal Contract Tower,15,0,1,1,17,0,0,11,5,16,15,0,12,6,33,0,54,54,87
04/15/2020,HRL,TX,ASW,CE,Federal Contract Tower,17,2,4,9,32,0,0,15,8,23,17,2,19,17,55,0,44,44,99
04/16/2020,HRL,TX,ASW,CE,Federal Contract Tower,18,0,4,18,40,0,0,19,6,25,18,0,23,24,65,0,76,76,141
04/17/2020,HRL,TX,ASW,CE,Federal Contract Tower,19,2,2,14,37,0,0,7,1,8,19,2,9,15,45,14,118,132,177
04/18/2020,HRL,TX,ASW,CE,Federal Contract Tower,6,3,0,8,17,0,0,1,4,5,6,3,1,12,22,10,100,110,132
04/19/2020,HRL,TX,ASW,CE,Federal Contract Tower,6,4,3,9,22,0,0,4,0,4,6,4,7,9,26,0,64,64,90
04/20/2020,HRL,TX,ASW,CE,Federal Contract Tower,11,0,1,14,26,0,0,14,1,15,11,0,15,15,41,0,56,56,97
04/21/2020,HRL,TX,ASW,CE,Federal Contract Tower,11,1,2,30,44,0,0,11,7,18,11,1,13,37,62,0,140,140,202
04/22/2020,HRL,TX,ASW,CE,Federal Contract Tower,15,2,7,42,66,0,0,10,19,29,15,2,17,61,95,0,264,264,359
04/23/2020,HRL,TX,ASW,CE,Federal Contract Tower,20,0,3,17,40,0,0,9,4,13,20,0,12,21,53,14,146,160,213
04/24/2020,HRL,TX,ASW,CE,Federal Contract Tower,15,2,2,26,45,0,0,12,0,12,15,2,14,26,57,0,84,84,141
04/25/2020,HRL,TX,ASW,CE,Federal Contract Tower,9,4,3,8,24,0,0,10,0,10,9,4,13,8,34,4,16,20,54
04/26/2020,HRL,TX,ASW,CE,Federal Contract Tower,8,6,2,6,22,0,0,12,3,15,8,6,14,9,37,42,26,68,105
04/27/2020,HRL,TX,ASW,CE,Federal Contract Tower,10,3,4,12,29,0,0,10,3,13,10,3,14,15,42,30,44,74,116
04/28/2020,HRL,TX,ASW,CE,Federal Contract Tower,18,0,6,28,52,0,0,12,1,13,18,0,18,29,65,42,98,140,205
04/29/2020,HRL,TX,ASW,CE,Federal Contract Tower,14,2,4,20,40,0,0,17,11,28,14,2,21,31,68,32,64,96,164
04/30/2020,HRL,TX,ASW,CE,Federal Contract Tower,16,0,1,13,30,0,0,39,2,41,16,0,40,15,71,12,22,34,105
05/01/2020,HRL,TX,ASW,CE,Federal Contract Tower,14,1,5,9,29,0,0,26,5,31,14,1,31,14,60,6,40,46,106
05/02/2020,HRL,TX,ASW,CE,Federal Contract Tower,9,3,1,5,18,0,0,5,0,5,9,3,6,5,23,2,46,48,71
05/03/2020,HRL,TX,ASW,CE,Federal Contract Tower,12,4,3,3,22,0,0,15,0,15,12,4,18,3,37,20,4,24,61
05/04/2020,HRL,TX,ASW,CE,Federal Contract Tower,9,4,7,11,31,0,0,12,4,16,9,4,19,15,47,24,166,190,237
05/05/2020,HRL,TX,ASW,CE,Federal Contract Tower,14,4,7,31,56,0,0,6,7,13,14,4,13,38,69,0,176,176,245
05/06/2020,HRL,TX,ASW,CE,Federal Contract Tower,12,4,7,10,33,0,0,18,4,22,12,4,25,14,55,20,56,76,131
05/07/2020,HRL,TX,ASW,CE,Federal Contract Tower,12,5,5,20,42,0,0,9,1,10,12,5,14,21,52,0,116,116,168
05/08/2020,HRL,TX,ASW,CE,Federal Contract Tower,10,4,9,21,44,0,0,22,6,28,10,4,31,27,72,2,88,90,162
05/09/2020,HRL,TX,ASW,CE,Federal Contract Tower,10,4,3,1,18,0,0,2,0,2,10,4,5,1,20,0,2,2,22
05/10/2020,HRL,TX,ASW,CE,Federal Contract Tower,4,6,1,6,17,0,0,11,0,11,4,6,12,6,28,0,10,10,38
05/11/2020,HRL,TX,ASW,CE,Federal Contract Tower,7,6,3,18,34,0,0,25,1,26,7,6,28,19,60,18,52,70,130
05/12/2020,HRL,TX,ASW,CE,Federal Contract Tower,11,4,8,43,66,0,0,17,13,30,11,4,25,56,96,0,212,212,308
05/13/2020,HRL,TX,ASW,CE,Federal Contract Tower,10,4,11,25,50,0,7,21,7,35,10,11,32,32,85,4,94,98,183
05/14/2020,HRL,TX,ASW,CE,Federal Contract Tower,14,5,4,30,53,0,0,19,2,21,14,5,23,32,74,34,110,144,218
05/15/2020,HRL,TX,ASW,CE,Federal Contract Tower,10,4,8,23,45,0,0,12,1,13,10,4,20,24,58,62,28,90,148
05/16/2020,HRL,TX,ASW,CE,Federal Contract Tower,9,4,3,8,24,0,0,3,0,3,9,4,6,8,27,16,16,32,59
05/17/2020,HRL,TX,ASW,CE,Federal Contract Tower,5,7,0,12,24,0,0,8,1,9,5,7,8,13,33,18,12,30,63
05/18/2020,HRL,TX,ASW,CE,Federal Contract Tower,8,6,8,33,55,0,0,18,3,21,8,6,26,36,76,34,158,192,268
05/19/2020,HRL,TX,ASW,CE,Federal Contract Tower,12,4,14,28,58,0,0,26,5,31,12,4,40,33,89,26,232,258,347
05/20/2020,HRL,TX,ASW,CE,Federal Contract Tower,10,10,9,39,68,0,0,21,8,29,10,10,30,47,97,8,114,122,219
05/21/2020,HRL,TX,ASW,CE,Federal Contract Tower,14,6,7,10,37,0,0,14,3,17,14,6,21,13,54,14,10,24,78
05/22/2020,HRL,TX,ASW,CE,Federal Contract Tower,9,5,8,5,27,0,0,19,3,22,9,5,27,8,49,24,50,74,123
05/23/2020,HRL,TX,ASW,CE,Federal Contract Tower,6,4,0,11,21,0,0,18,3,21,6,4,18,14,42,0,50,50,92
05/24/2020,HRL,TX,ASW,CE,Federal Contract Tower,5,8,0,15,28,0,0,5,0,5,5,8,5,15,33,0,24,24,57
05/25/2020,HRL,TX,ASW,CE,Federal Contract Tower,5,9,2,4,20,0,0,16,0,16,5,9,18,4,36,26,8,34,70
05/26/2020,HRL,TX,ASW,CE,Federal Contract Tower,9,3,10,10,32,0,0,19,4,23,9,3,29,14,55,12,18,30,85
05/27/2020,HRL,TX,ASW,CE,Federal Contract Tower,10,7,4,28,49,0,0,36,16,52,10,7,40,44,101,50,140,190,291
05/28/2020,HRL,TX,ASW,CE,Federal Contract Tower,14,6,4,37,61,0,4,24,8,36,14,10,28,45,97,40,106,146,243
05/29/2020,HRL,TX,ASW,CE,Federal Contract Tower,10,6,7,1,24,0,0,21,0,21,10,6,28,1,45,26,0,26,71
05/30/2020,HRL,TX,ASW,CE,Federal Contract Tower,8,4,1,0,13,0,0,10,0,10,8,4,11,0,23,12,0,12,35
05/31/2020,HRL,TX,ASW,CE,Federal Contract Tower,5,7,3,0,15,0,0,1,0,1,5,7,4,0,16,0,0,0,16
06/01/2020,HRL,TX,ASW,CE,Federal Contract Tower,8,9,12,2,31,0,0,11,0,11,8,9,23,2,42,0,0,0,42
06/02/2020,HRL,TX,ASW,CE,Federal Contract Tower,14,4,8,35,61,0,0,10,12,22,14,4,18,47,83,8,166,174,257
06/03/2020,HRL,TX,ASW,CE,Federal Contract Tower,11,5,7,40,63,0,0,29,19,48,11,5,36,59,111,48,136,184,295
06/04/2020,HRL,TX,ASW,CE,Federal Contract Tower,15,6,21,41,83,0,0,29,10,39,15,6,50,51,122,6,146,152,274
06/05/2020,HRL,TX,ASW,CE,Federal Contract Tower,10,5,5,9,29,0,0,25,3,28,10,5,30,12,57,40,26,66,123
06/06/2020,HRL,TX,ASW,CE,Federal Contract Tower,10,6,0,5,21,0,0,20,4,24,10,6,20,9,45,2,38,40,85
06/07/2020,HRL,TX,ASW,CE,Federal Contract Tower,6,5,4,2,17,0,0,11,0,11,6,5,15,2,28,4,18,22,50
06/08/2020,HRL,TX,ASW,CE,Federal Contract Tower,11,6,8,38,63,0,0,25,3,28,11,6,33,41,91,14,60,74,165
06/09/2020,HRL,TX,ASW,CE,Federal Contract Tower,14,4,9,34,61,0,0,33,9,42,14,4,42,43,103,28,132,160,263
06/10/2020,HRL,TX,ASW,CE,Federal Contract Tower,11,8,12,14,45,0,0,26,4,30,11,8,38,18,75,62,90,152,227
06/11/2020,HRL,TX,ASW,CE,Federal Contract Tower,13,7,9,28,57,0,0,44,10,54,13,7,53,38,111,32,94,126,237
06/12/2020,HRL,TX,ASW,CE,Federal Contract Tower,9,10,8,19,46,2,0,30,6,38,11,10,38,25,84,32,58,90,174
06/13/2020,HRL,TX,ASW,CE,Federal Contract Tower,10,4,5,9,28,0,0,16,0,16,10,4,21,9,44,6,18,24,68
06/14/2020,HRL,TX,ASW,CE,Federal Contract Tower,5,4,1,24,34,0,2,21,0,23,5,6,22,24,57,0,46,46,103
06/15/2020,HRL,TX,ASW,CE,Federal Contract Tower,10,7,9,12,38,0,0,17,2,19,10,7,26,14,57,6,64,70,127
06/16/2020,HRL,TX,ASW,CE,Federal Contract Tower,12,4,13,9,38,0,0,23,1,24,12,4,36,10,62,0,13,13,75
06/17/2020,HRL,TX,ASW,CE,Federal Contract Tower,11,10,8,3,32,0,0,12,3,15,11,10,20,6,47,32,6,38,85
06/18/2020,HRL,TX,ASW,CE,Federal Contract Tower,13,5,12,8,38,0,0,11,5,16,13,5,23,13,54,0,74,74,128
06/19/2020,HRL,TX,ASW,CE,Federal Contract Tower,9,5,10,5,29,0,0,23,0,23,9,5,33,5,52,0,10,10,62
06/20/2020,HRL,TX,ASW,CE,Federal Contract Tower,10,4,1,15,30,0,0,17,4,21,10,4,18,19,51,0,50,50,101
06/21/2020,HRL,TX,ASW,CE,Federal Contract Tower,5,4,6,3,18,0,0,3,0,3,5,4,9,3,21,0,6,6,27
06/22/2020,HRL,TX,ASW,CE,Federal Contract Tower,10,6,10,17,43,0,1,12,4,17,10,7,22,21,60,14,128,142,202
06/23/2020,HRL,TX,ASW,CE,Federal Contract Tower,11,6,8,12,37,0,0,14,3,17,11,6,22,15,54,26,78,104,158
06/24/2020,HRL,TX,ASW,CE,Federal Contract Tower,11,6,9,4,30,0,0,24,7,31,11,6,33,11,61,0,40,40,101
06/25/2020,HRL,TX,ASW,CE,Federal Contract Tower,13,6,10,8,37,0,0,19,0,19,13,6,29,8,56,28,10,38,94
06/26/2020,HRL,TX,ASW,CE,Federal Contract Tower,10,5,10,2,27,0,0,6,1,7,10,5,16,3,34,0,70,70,104
06/27/2020,HRL,TX,ASW,CE,Federal Contract Tower,10,4,3,15,32,0,0,7,0,7,10,4,10,15,39,40,24,64,103
06/28/2020,HRL,TX,ASW,CE,Federal Contract Tower,5,4,2,22,33,0,0,11,0,11,5,4,13,22,44,20,30,50,94
06/29/2020,HRL,TX,ASW,CE,Federal Contract Tower,8,5,7,34,54,0,0,20,5,25,8,5,27,39,79,0,216,216,295
06/30/2020,HRL,TX,ASW,CE,Federal Contract Tower,12,4,7,45,68,0,0,19,6,25,12,4,26,51,93,24,126,150,243
07/01/2020,HRL,TX,ASW,CE,Federal Contract Tower,12,6,10,40,68,0,0,20,12,32,12,6,30,52,100,0,180,180,280
07/02/2020,HRL,TX,ASW,CE,Federal Contract Tower,12,6,9,8,35,0,6,19,1,26,12,12,28,9,61,52,38,90,151
07/03/2020,HRL,TX,ASW,CE,Federal Contract Tower,9,5,3,2,19,0,0,18,0,18,9,5,21,2,37,20,2,22,59
07/04/2020,HRL,TX,ASW,CE,Federal Contract Tower,8,5,0,0,13,0,0,9,0,9,8,5,9,0,22,34,0,34,56
07/05/2020,HRL,TX,ASW,CE,Federal Contract Tower,4,5,4,0,13,0,0,15,0,15,4,5,19,0,28,2,10,12,40
07/06/2020,HRL,TX,ASW,CE,Federal Contract Tower,10,9,8,4,31,0,0,14,0,14,10,9,22,4,45,10,8,18,63
07/07/2020,HRL,TX,ASW,CE,Federal Contract Tower,13,7,9,12,41,0,0,21,7,28,13,7,30,19,69,0,66,66,135
07/08/2020,HRL,TX,ASW,CE,Federal Contract Tower,7,10,6,12,35,0,0,8,5,13,7,10,14,17,48,0,130,130,178
07/09/2020,HRL,TX,ASW,CE,Federal Contract Tower,15,7,3,31,56,0,0,14,0,14,15,7,17,31,70,0,58,58,128
07/10/2020,HRL,TX,ASW,CE,Federal Contract Tower,13,8,7,27,55,0,0,34,7,41,13,8,41,34,96,84,56,140,236
07/11/2020,HRL,TX,ASW,CE,Federal Contract Tower,10,8,2,4,24,0,0,28,0,28,10,8,30,4,52,72,8,80,132
07/12/2020,HRL,TX,ASW,CE,Federal Contract Tower,7,8,1,5,21,0,0,15,5,20,7,8,16,10,41,84,56,140,181
07/13/2020,HRL,TX,ASW,CE,Federal Contract Tower,10,7,15,21,53,0,0,19,3,22,10,7,34,24,75,34,130,164,239
07/14/2020,HRL,TX,ASW,CE,Federal Contract Tower,14,7,5,22,48,0,0,38,8,46,14,7,43,30,94,74,114,188,282
07/15/2020,HRL,TX,ASW,CE,Federal Contract Tower,15,9,8,26,58,0,0,36,12,48,15,9,44,38,106,56,56,112,218
07/16/2020,HRL,TX,ASW,CE,Federal Contract Tower,13,10,8,32,63,0,0,39,5,44,13,10,47,37,107,22,168,190,297
07/17/2020,HRL,TX,ASW,CE,Federal Contract Tower,12,9,4,8,33,0,0,16,4,20,12,9,20,12,53,0,60,60,113
07/18/2020,HRL,TX,ASW,CE,Federal Contract Tower,10,8,4,4,26,0,0,23,0,23,10,8,27,4,49,62,6,68,117
07/19/2020,HRL,TX,ASW,CE,Federal Contract Tower,5,10,4,7,26,0,0,14,1,15,5,10,18,8,41,44,8,52,93
07/20/2020,HRL,TX,ASW,CE,Federal Contract Tower,9,9,4,52,74,0,0,46,10,56,9,9,50,62,130,46,106,152,282
07/21/2020,HRL,TX,ASW,CE,Federal Contract Tower,14,9,6,32,61,0,0,9,11,20,14,9,15,43,81,0,100,100,181
07/22/2020,HRL,TX,ASW,CE,Federal Contract Tower,13,9,5,45,72,0,0,32,10,42,13,9,37,55,114,12,110,122,236
07/23/2020,HRL,TX,ASW,CE,Federal Contract Tower,18,8,3,40,69,0,0,26,0,26,18,8,29,40,95,12,52,64,159
07/24/2020,HRL,TX,ASW,CE,Federal Contract Tower,12,8,8,7,35,0,0,31,5,36,12,8,39,12,71,12,44,56,127
07/25/2020,HRL,TX,ASW,CE,Federal Contract Tower,5,2,0,0,7,0,0,1,0,1,5,2,1,0,8,0,0,0,8
07/26/2020,HRL,TX,ASW,CE,Federal Contract Tower,2,0,0,0,2,0,0,0,0,0,2,0,0,0,2,0,0,0,2
07/27/2020,HRL,TX,ASW,CE,Federal Contract Tower,10,11,1,2,24,0,1,5,1,7,10,12,6,3,31,0,4,4,35
07/28/2020,HRL,TX,ASW,CE,Federal Contract Tower,12,14,5,48,79,0,0,2,5,7,12,14,7,53,86,0,92,92,178
07/29/2020,HRL,TX,ASW,CE,Federal Contract Tower,12,10,9,26,57,0,0,5,5,10,12,10,14,31,67,0,80,80,147
07/30/2020,HRL,TX,ASW,CE,Federal Contract Tower,14,11,15,37,77,0,0,27,6,33,14,11,42,43,110,8,102,110,220
07/31/2020,HRL,TX,ASW,CE,Federal Contract Tower,13,7,13,33,66,0,0,28,11,39,13,7,41,44,105,12,144,156,261
08/01/2020,HRL,TX,ASW,CE,Federal Contract Tower,11,13,6,11,41,0,0,18,3,21,11,13,24,14,62,10,52,62,124
08/02/2020,HRL,TX,ASW,CE,Federal Contract Tower,5,8,6,4,23,0,0,19,0,19,5,8,25,4,42,12,4,16,58
08/03/2020,HRL,TX,ASW,CE,Federal Contract Tower,12,6,4,21,43,0,3,24,10,37,12,9,28,31,80,24,94,118,198
08/04/2020,HRL,TX,ASW,CE,Federal Contract Tower,14,8,6,44,72,0,0,11,10,21,14,8,17,54,93,4,84,88,181
08/05/2020,HRL,TX,ASW,CE,Federal Contract Tower,12,13,3,22,50,0,1,16,23,40,12,14,19,45,90,8,118,126,216
08/06/2020,HRL,TX,ASW,CE,Federal Contract Tower,12,10,12,31,65,0,0,18,13,31,12,10,30,44,96,20,126,146,242
08/07/2020,HRL,TX,ASW,CE,Federal Contract Tower,12,10,3,16,41,0,0,29,4,33,12,10,32,20,74,52,44,96,170
08/08/2020,HRL,TX,ASW,CE,Federal Contract Tower,14,8,2,4,28,0,0,1,0,1,14,8,3,4,29,6,8,14,43
08/09/2020,HRL,TX,ASW,CE,Federal Contract Tower,7,10,2,21,40,0,0,10,0,10,7,10,12,21,50,0,38,38,88
08/10/2020,HRL,TX,ASW,CE,Federal Contract Tower,9,7,8,9,33,0,0,25,11,36,9,7,33,20,69,22,136,158,227
08/11/2020,HRL,TX,ASW,CE,Federal Contract Tower,18,15,5,27,65,0,0,21,4,25,18,15,26,31,90,22,48,70,160
08/12/2020,HRL,TX,ASW,CE,Federal Contract Tower,13,10,13,25,61,0,0,12,11,23,13,10,25,36,84,0,212,212,296
08/13/2020,HRL,TX,ASW,CE,Federal Contract Tower,16,8,12,38,74,0,0,25,4,29,16,8,37,42,103,0,96,96,199
08/14/2020,HRL,TX,ASW,CE,Federal Contract Tower,15,8,2,8,33,0,0,20,0,20,15,8,22,8,53,14,12,26,79
08/15/2020,HRL,TX,ASW,CE,Federal Contract Tower,12,10,2,10,34,0,0,6,1,7,12,10,8,11,41,12,104,116,157
08/16/2020,HRL,TX,ASW,CE,Federal Contract Tower,8,12,8,2,30,0,0,14,0,14,8,12,22,2,44,0,4,4,48
08/17/2020,HRL,TX,ASW,CE,Federal Contract Tower,11,9,6,29,55,0,0,11,7,18,11,9,17,36,73,14,142,156,229
08/18/2020,HRL,TX,ASW,CE,Federal Contract Tower,14,10,8,28,60,0,0,25,9,34,14,10,33,37,94,0,112,112,206
08/19/2020,HRL,TX,ASW,CE,Federal Contract Tower,15,7,9,10,41,0,0,23,18,41,15,7,32,28,82,48,72,120,202
08/20/2020,HRL,TX,ASW,CE,Federal Contract Tower,16,10,9,17,52,0,0,27,12,39,16,10,36,29,91,36,82,118,209
08/21/2020,HRL,TX,ASW,CE,Federal Contract Tower,15,10,6,24,55,0,0,23,4,27,15,10,29,28,82,28,78,106,188
08/22/2020,HRL,TX,ASW,CE,Federal Contract Tower,12,9,3,3,27,0,0,11,4,15,12,9,14,7,42,12,10,22,64
08/23/2020,HRL,TX,ASW,CE,Federal Contract Tower,7,11,4,3,25,0,0,7,0,7,7,11,11,3,32,0,64,64,96
08/24/2020,HRL,TX,ASW,CE,Federal Contract Tower,13,8,8,33,62,0,0,23,9,32,13,8,31,42,94,2,104,106,200
08/26/2020,HRL,TX,ASW,CE,Federal Contract Tower,12,8,8,30,58,0,0,38,18,56,12,8,46,48,114,38,180,218,332
08/27/2020,HRL,TX,ASW,CE,Federal Contract Tower,13,15,10,38,76,0,0,33,12,45,13,15,43,50,121,42,198,240,361
08/28/2020,HRL,TX,ASW,CE,Federal Contract Tower,14,10,7,24,55,0,0,17,1,18,14,10,24,25,73,68,50,118,191
08/29/2020,HRL,TX,ASW,CE,Federal Contract Tower,12,9,1,11,33,0,0,11,4,15,12,9,12,15,48,0,10,10,58
08/30/2020,HRL,TX,ASW,CE,Federal Contract Tower,6,10,0,8,24,0,0,9,1,10,6,10,9,9,34,0,12,12,46
08/31/2020,HRL,TX,ASW,CE,Federal Contract Tower,13,8,10,58,89,0,0,13,11,24,13,8,23,69,113,0,280,280,393
09/01/2020,HRL,TX,ASW,CE,Federal Contract Tower,16,9,8,48,81,0,0,13,11,24,16,9,21,59,105,12,242,254,359
09/03/2020,HRL,TX,ASW,CE,Federal Contract Tower,15,11,9,41,76,0,0,31,14,45,15,11,40,55,121,42,228,270,391
09/04/2020,HRL,TX,ASW,CE,Federal Contract Tower,17,9,5,3,34,0,1,24,0,25,17,10,29,3,59,30,6,36,95
09/05/2020,HRL,TX,ASW,CE,Federal Contract Tower,14,11,7,1,33,0,0,0,0,0,14,11,7,1,33,0,2,2,35
09/06/2020,HRL,TX,ASW,CE,Federal Contract Tower,7,16,18,0,41,0,0,8,0,8,7,16,26,0,49,26,0,26,75
09/07/2020,HRL,TX,ASW,CE,Federal Contract Tower,7,13,19,2,41,0,0,17,2,19,7,13,36,4,60,26,4,30,90
09/08/2020,HRL,TX,ASW,CE,Federal Contract Tower,8,10,18,46,82,0,0,29,28,57,8,10,47,74,139,30,208,238,377
09/09/2020,HRL,TX,ASW,CE,Federal Contract Tower,14,8,14,53,89,0,0,17,21,38,14,8,31,74,127,12,132,144,271
09/10/2020,HRL,TX,ASW,CE,Federal Contract Tower,14,9,17,19,59,0,0,9,1,10,14,9,26,20,69,38,24,62,131
09/11/2020,HRL,TX,ASW,CE,Federal Contract Tower,14,8,8,6,36,0,0,1,0,1,14,8,9,6,37,0,12,12,49
09/12/2020,HRL,TX,ASW,CE,Federal Contract Tower,9,6,9,8,32,0,2,23,1,26,9,8,32,9,58,30,30,60,118
09/13/2020,HRL,TX,ASW,CE,Federal Contract Tower,6,9,1,1,17,0,2,9,0,11,6,11,10,1,28,4,2,6,34
09/14/2020,HRL,TX,ASW,CE,Federal Contract Tower,8,11,6,1,26,0,0,11,0,11,8,11,17,1,37,20,2,22,59
09/15/2020,HRL,TX,ASW,CE,Federal Contract Tower,11,10,13,3,37,0,0,20,1,21,11,10,33,4,58,64,32,96,154
09/16/2020,HRL,TX,ASW,CE,Federal Contract Tower,13,12,7,6,38,0,0,17,3,20,13,12,24,9,58,10,26,36,94
09/17/2020,HRL,TX,ASW,CE,Federal Contract Tower,16,10,14,7,47,0,0,19,1,20,16,10,33,8,67,40,14,54,121
09/18/2020,HRL,TX,ASW,CE,Federal Contract Tower,13,9,7,4,33,0,0,25,0,25,13,9,32,4,58,58,4,62,120
09/19/2020,HRL,TX,ASW,CE,Federal Contract Tower,10,7,0,0,17,0,0,35,0,35,10,7,35,0,52,100,0,100,152
09/20/2020,HRL,TX,ASW,CE,Federal Contract Tower,9,6,4,0,19,0,0,9,0,9,9,6,13,0,28,32,0,32,60
09/21/2020,HRL,TX,ASW,CE,Federal Contract Tower,10,9,6,0,25,0,0,16,0,16,10,9,22,0,41,26,0,26,67
09/22/2020,HRL,TX,ASW,CE,Federal Contract Tower,13,9,5,71,98,0,2,24,14,40,13,11,29,85,138,28,293,321,459
09/23/2020,HRL,TX,ASW,CE,Federal Contract Tower,13,11,8,35,67,0,0,33,15,48,13,11,41,50,115,36,148,184,299
09/24/2020,HRL,TX,ASW,CE,Federal Contract Tower,13,8,12,25,58,0,0,30,5,35,13,8,42,30,93,32,96,128,221
09/25/2020,HRL,TX,ASW,CE,Federal Contract Tower,14,13,13,12,52,0,0,28,5,33,14,13,41,17,85,12,64,76,161
09/26/2020,HRL,TX,ASW,CE,Federal Contract Tower,14,6,3,19,42,0,0,22,1,23,14,6,25,20,65,40,36,76,141
09/27/2020,HRL,TX,ASW,CE,Federal Contract Tower,9,5,3,20,37,0,0,15,5,20,9,5,18,25,57,26,40,66,123
09/28/2020,HRL,TX,ASW,CE,Federal Contract Tower,9,9,6,26,50,0,0,18,6,24,9,9,24,32,74,12,136,148,222
09/29/2020,HRL,TX,ASW,CE,Federal Contract Tower,13,8,9,37,67,0,5,28,13,46,13,13,37,50,113,22,230,252,365
09/30/2020,HRL,TX,ASW,CE,Federal Contract Tower,10,12,6,18,46,0,0,33,14,47,10,12,39,32,93,24,72,96,189
10/01/2020,HRL,TX,ASW,CE,Federal Contract Tower,16,5,17,17,55,0,0,35,10,45,16,5,52,27,100,66,178,244,344
10/02/2020,HRL,TX,ASW,CE,Federal Contract Tower,14,11,15,11,51,0,0,23,2,25,14,11,38,13,76,0,80,80,156
10/03/2020,HRL,TX,ASW,CE,Federal Contract Tower,16,5,3,2,26,0,0,19,5,24,16,5,22,7,50,32,152,184,234
10/04/2020,HRL,TX,ASW,CE,Federal Contract Tower,7,9,7,2,25,0,0,21,0,21,7,9,28,2,46,18,2,20,66
10/05/2020,HRL,TX,ASW,CE,Federal Contract Tower,12,5,4,16,37,0,2,33,9,44,12,7,37,25,81,18,128,146,227
10/06/2020,HRL,TX,ASW,CE,Federal Contract Tower,10,8,7,32,57,0,0,35,3,38,10,8,42,35,95,26,56,82,177
10/07/2020,HRL,TX,ASW,CE,Federal Contract Tower,12,7,7,12,38,0,0,27,3,30,12,7,34,15,68,62,79,141,209
10/08/2020,HRL,TX,ASW,CE,Federal Contract Tower,14,4,10,14,42,0,2,28,16,46,14,6,38,30,88,60,222,282,370
10/09/2020,HRL,TX,ASW,CE,Federal Contract Tower,12,10,14,32,68,0,2,20,6,28,12,12,34,38,96,46,98,144,240
10/10/2020,HRL,TX,ASW,CE,Federal Contract Tower,11,6,3,15,35,0,0,23,0,23,11,6,26,15,58,76,28,104,162
10/11/2020,HRL,TX,ASW,CE,Federal Contract Tower,7,7,8,9,31,0,0,10,0,10,7,7,18,9,41,0,10,10,51
10/12/2020,HRL,TX,ASW,CE,Federal Contract Tower,22,9,7,8,46,4,0,20,1,25,26,9,27,9,71,0,18,18,89
10/13/2020,HRL,TX,ASW,CE,Federal Contract Tower,14,7,8,10,39,0,0,21,14,35,14,7,29,24,74,40,100,140,214
10/14/2020,HRL,TX,ASW,CE,Federal Contract Tower,14,5,6,16,41,0,0,20,8,28,14,5,26,24,69,52,66,118,187
10/15/2020,HRL,TX,ASW,CE,Federal Contract Tower,16,6,7,28,57,0,0,36,9,45,16,6,43,37,102,60,196,256,358
10/16/2020,HRL,TX,ASW,CE,Federal Contract Tower,10,9,7,9,35,0,0,9,2,11,10,9,16,11,46,12,58,70,116
10/17/2020,HRL,TX,ASW,CE,Federal Contract Tower,15,6,3,12,36,0,0,12,0,12,15,6,15,12,48,4,20,24,72
10/18/2020,HRL,TX,ASW,CE,Federal Contract Tower,7,10,8,9,34,0,0,15,0,15,7,10,23,9,49,2,30,32,81
10/19/2020,HRL,TX,ASW,CE,Federal Contract Tower,8,11,5,31,55,0,0,33,14,47,8,11,38,45,102,16,186,202,304
10/20/2020,HRL,TX,ASW,CE,Federal Contract Tower,11,6,8,26,51,2,0,43,14,59,13,6,51,40,110,52,122,174,284
10/21/2020,HRL,TX,ASW,CE,Federal Contract Tower,10,7,9,47,73,0,0,33,15,48,10,7,42,62,121,58,120,178,299
10/22/2020,HRL,TX,ASW,CE,Federal Contract Tower,16,4,16,25,61,0,0,32,6,38,16,4,48,31,99,42,94,136,235
10/23/2020,HRL,TX,ASW,CE,Federal Contract Tower,11,6,10,22,49,0,0,17,6,23,11,6,27,28,72,6,94,100,172
10/24/2020,HRL,TX,ASW,CE,Federal Contract Tower,13,9,12,2,36,0,0,8,2,10,13,9,20,4,46,32,2,34,80
10/25/2020,HRL,TX,ASW,CE,Federal Contract Tower,9,7,6,2,24,0,0,12,1,13,9,7,18,3,37,8,2,10,47
10/26/2020,HRL,TX,ASW,CE,Federal Contract Tower,7,7,15,4,33,0,3,18,2,23,7,10,33,6,56,26,40,66,122
10/27/2020,HRL,TX,ASW,CE,Federal Contract Tower,10,10,18,42,80,0,0,24,1,25,10,10,42,43,105,64,52,116,221
10/28/2020,HRL,TX,ASW,CE,Federal Contract Tower,15,7,5,42,69,0,0,9,2,11,15,7,14,44,80,14,190,204,284
10/29/2020,HRL,TX,ASW,CE,Federal Contract Tower,15,4,9,19,47,0,0,28,5,33,15,4,37,24,80,30,124,154,234
10/30/2020,HRL,TX,ASW,CE,Federal Contract Tower,10,8,13,12,43,0,0,25,1,26,10,8,38,13,69,56,0,56,125
10/31/2020,HRL,TX,ASW,CE,Federal Contract Tower,14,6,6,3,29,0,0,28,1,29,14,6,34,4,58,46,32,78,136
11/01/2020,HRL,TX,ASW,CE,Federal Contract Tower,8,8,4,2,22,0,0,23,2,25,8,8,27,4,47,48,24,72,119
11/02/2020,HRL,TX,ASW,CE,Federal Contract Tower,7,9,6,21,43,0,0,48,7,55,7,9,54,28,98,66,66,132,230
11/03/2020,HRL,TX,ASW,CE,Federal Contract Tower,11,5,12,28,56,0,0,48,4,52,11,5,60,32,108,72,94,166,274
11/04/2020,HRL,TX,ASW,CE,Federal Contract Tower,8,12,5,25,50,0,0,58,11,69,8,12,63,36,119,42,124,166,285
11/05/2020,HRL,TX,ASW,CE,Federal Contract Tower,14,10,12,21,57,0,0,33,5,38,14,10,45,26,95,42,128,170,265
11/06/2020,HRL,TX,ASW,CE,Federal Contract Tower,11,9,6,20,46,0,0,31,3,34,11,9,37,23,80,34,118,152,232
11/07/2020,HRL,TX,ASW,CE,Federal Contract Tower,19,6,6,9,40,0,0,28,6,34,19,6,34,15,74,42,44,86,160
11/08/2020,HRL,TX,ASW,CE,Federal Contract Tower,14,5,9,10,38,0,0,21,7,28,14,5,30,17,66,10,42,52,118
11/09/2020,HRL,TX,ASW,CE,Federal Contract Tower,11,8,10,22,51,0,0,20,4,24,11,8,30,26,75,56,88,144,219
11/10/2020,HRL,TX,ASW,CE,Federal Contract Tower,10,9,11,29,59,0,2,32,6,40,10,11,43,35,99,82,68,150,249
11/11/2020,HRL,TX,ASW,CE,Federal Contract Tower,16,10,10,6,42,0,0,31,8,39,16,10,41,14,81,26,28,54,135
11/12/2020,HRL,TX,ASW,CE,Federal Contract Tower,16,7,12,18,53,0,0,21,5,26,16,7,33,23,79,58,70,128,207
11/13/2020,HRL,TX,ASW,CE,Federal Contract Tower,11,8,11,15,45,0,0,36,12,48,11,8,47,27,93,44,74,118,211
11/14/2020,HRL,TX,ASW,CE,Federal Contract Tower,15,9,3,9,36,0,0,7,7,14,15,9,10,16,50,10,26,36,86
11/15/2020,HRL,TX,ASW,CE,Federal Contract Tower,13,6,7,3,29,0,0,12,3,15,13,6,19,6,44,22,0,22,66
11/16/2020,HRL,TX,ASW,CE,Federal Contract Tower,9,8,10,20,47,0,0,21,2,23,9,8,31,22,70,14,42,56,126
11/17/2020,HRL,TX,ASW,CE,Federal Contract Tower,15,11,13,24,63,0,2,24,17,43,15,13,37,41,106,102,148,250,356
11/18/2020,HRL,TX,ASW,CE,Federal Contract Tower,12,13,8,27,60,0,0,30,4,34,12,13,38,31,94,44,76,120,214
11/19/2020,HRL,TX,ASW,CE,Federal Contract Tower,11,11,13,23,58,0,0,33,15,48,11,11,46,38,106,92,208,300,406
11/20/2020,HRL,TX,ASW,CE,Federal Contract Tower,12,10,8,23,53,0,0,25,8,33,12,10,33,31,86,20,50,70,156
11/21/2020,HRL,TX,ASW,CE,Federal Contract Tower,15,16,6,24,61,0,0,24,3,27,15,16,30,27,88,64,64,128,216
11/22/2020,HRL,TX,ASW,CE,Federal Contract Tower,14,4,7,18,43,0,0,11,3,14,14,4,18,21,57,34,64,98,155
11/23/2020,HRL,TX,ASW,CE,Federal Contract Tower,16,4,16,33,69,0,0,26,6,32,16,4,42,39,101,56,102,158,259
11/24/2020,HRL,TX,ASW,CE,Federal Contract Tower,29,14,19,20,82,0,0,26,8,34,29,14,45,28,116,12,64,76,192
11/25/2020,HRL,TX,ASW,CE,Federal Contract Tower,15,11,14,16,56,0,0,17,1,18,15,11,31,17,74,56,18,74,148
11/26/2020,HRL,TX,ASW,CE,Federal Contract Tower,9,5,7,1,22,0,0,6,0,6,9,5,13,1,28,2,0,2,30
11/27/2020,HRL,TX,ASW,CE,Federal Contract Tower,8,9,6,20,43,0,0,3,1,4,8,9,9,21,47,0,28,28,75
11/28/2020,HRL,TX,ASW,CE,Federal Contract Tower,16,12,6,0,34,0,0,2,0,2,16,12,8,0,36,28,0,28,64
11/29/2020,HRL,TX,ASW,CE,Federal Contract Tower,20,8,12,2,42,0,0,6,1,7,20,8,18,3,49,0,2,2,51
11/30/2020,HRL,TX,ASW,CE,Federal Contract Tower,16,11,9,29,65,0,2,16,9,27,16,13,25,38,92,30,82,112,204
12/01/2020,HRL,TX,ASW,CE,Federal Contract Tower,12,9,7,37,65,0,5,44,11,60,12,14,51,48,125,86,54,140,265
12/02/2020,HRL,TX,ASW,CE,Federal Contract Tower,18,5,12,35,70,0,0,35,4,39,18,5,47,39,109,96,88,184,293
12/03/2020,HRL,TX,ASW,CE,Federal Contract Tower,13,9,12,16,50,0,2,39,2,43,13,11,51,18,93,86,48,134,227
12/04/2020,HRL,TX,ASW,CE,Federal Contract Tower,14,5,11,17,47,0,0,19,6,25,14,5,30,23,72,84,36,120,192
12/05/2020,HRL,TX,ASW,CE,Federal Contract Tower,13,8,4,2,27,0,0,1,0,1,13,8,5,2,28,4,6,10,38
12/06/2020,HRL,TX,ASW,CE,Federal Contract Tower,16,3,5,8,32,0,0,14,6,20,16,3,19,14,52,0,4,4,56
12/07/2020,HRL,TX,ASW,CE,Federal Contract Tower,12,10,3,12,37,0,0,37,6,43,12,10,40,18,80,38,82,120,200
12/08/2020,HRL,TX,ASW,CE,Federal Contract Tower,12,8,5,20,45,0,0,32,7,39,12,8,37,27,84,38,88,126,210
12/09/2020,HRL,TX,ASW,CE,Federal Contract Tower,18,9,10,28,65,0,0,40,3,43,18,9,50,31,108,36,126,162,270
12/10/2020,HRL,TX,ASW,CE,Federal Contract Tower,13,18,8,22,61,0,0,35,8,43,13,18,43,30,104,50,108,158,262
12/11/2020,HRL,TX,ASW,CE,Federal Contract Tower,13,9,7,30,59,0,0,13,3,16,13,9,20,33,75,14,104,118,193
12/12/2020,HRL,TX,ASW,CE,Federal Contract Tower,14,5,3,9,31,0,0,12,2,14,14,5,15,11,45,12,38,50,95
12/13/2020,HRL,TX,ASW,CE,Federal Contract Tower,12,6,4,24,46,0,0,3,0,3,12,6,7,24,49,4,26,30,79
12/14/2020,HRL,TX,ASW,CE,Federal Contract Tower,11,9,15,31,66,0,0,26,2,28,11,9,41,33,94,2,74,76,170
12/15/2020,HRL,TX,ASW,CE,Federal Contract Tower,15,5,7,13,40,0,0,25,11,36,15,5,32,24,76,76,96,172,248
12/16/2020,HRL,TX,ASW,CE,Federal Contract Tower,18,6,9,19,52,0,0,18,5,23,18,6,27,24,75,6,86,92,167
12/17/2020,HRL,TX,ASW,CE,Federal Contract Tower,20,5,10,15,50,0,0,33,6,39,20,5,43,21,89,10,62,72,161
12/18/2020,HRL,TX,ASW,CE,Federal Contract Tower,13,10,16,20,59,0,0,17,3,20,13,10,33,23,79,10,123,133,212
12/19/2020,HRL,TX,ASW,CE,Federal Contract Tower,17,5,5,3,30,0,0,6,7,13,17,5,11,10,43,12,10,22,65
12/20/2020,HRL,TX,ASW,CE,Federal Contract Tower,17,4,5,3,29,0,0,13,0,13,17,4,18,3,42,0,0,0,42
12/21/2020,HRL,TX,ASW,CE,Federal Contract Tower,17,9,12,16,54,0,0,16,3,19,17,9,28,19,73,42,64,106,179
12/22/2020,HRL,TX,ASW,CE,Federal Contract Tower,17,11,10,11,49,0,0,28,3,31,17,11,38,14,80,12,80,92,172
12/23/2020,HRL,TX,ASW,CE,Federal Contract Tower,18,9,11,5,43,0,0,13,4,17,18,9,24,9,60,16,80,96,156
12/25/2020,HRL,TX,ASW,CE,Federal Contract Tower,7,11,0,0,18,0,0,4,0,4,7,11,4,0,22,0,0,0,22
12/26/2020,HRL,TX,ASW,CE,Federal Contract Tower,19,9,2,0,30,0,0,5,0,5,19,9,7,0,35,0,0,0,35
12/27/2020,HRL,TX,ASW,CE,Federal Contract Tower,17,7,10,0,34,0,0,9,0,9,17,7,19,0,43,0,0,0,43
12/28/2020,HRL,TX,ASW,CE,Federal Contract Tower,14,8,4,2,28,0,4,15,2,21,14,12,19,4,49,44,0,44,93
12/29/2020,HRL,TX,ASW,CE,Federal Contract Tower,17,14,5,4,40,0,0,12,1,13,17,14,17,5,53,28,6,34,87
12/30/2020,HRL,TX,ASW,CE,Federal Contract Tower,13,10,4,9,36,0,0,6,3,9,13,10,10,12,45,0,46,46,91
12/31/2020,HRL,TX,ASW,CE,Federal Contract Tower,14,6,0,0,20,0,0,6,0,6,14,6,6,0,26,0,0,0,26
01/01/2021,HRL,TX,ASW,CE,Federal Contract Tower,10,6,6,0,22,0,0,7,0,7,10,6,13,0,29,14,0,14,43
01/02/2021,HRL,TX,ASW,CE,Federal Contract Tower,19,5,2,0,26,0,0,11,0,11,19,5,13,0,37,0,0,0,37
01/03/2021,HRL,TX,ASW,CE,Federal Contract Tower,20,4,6,0,30,0,0,3,0,3,20,4,9,0,33,0,0,0,33
01/04/2021,HRL,TX,ASW,CE,Federal Contract Tower,20,7,6,8,41,0,0,26,0,26,20,7,32,8,67,20,16,36,103
01/05/2021,HRL,TX,ASW,CE,Federal Contract Tower,14,8,11,12,45,0,0,16,9,25,14,8,27,21,70,6,50,56,126
01/06/2021,HRL,TX,ASW,CE,Federal Contract Tower,12,13,16,32,73,0,0,16,9,25,12,13,32,41,98,14,110,124,222
01/07/2021,HRL,TX,ASW,CE,Federal Contract Tower,17,6,12,6,41,0,0,13,4,17,17,6,25,10,58,8,28,36,94
01/08/2021,HRL,TX,ASW,CE,Federal Contract Tower,11,14,8,33,66,0,0,12,0,12,11,14,20,33,78,24,28,52,130
01/09/2021,HRL,TX,ASW,CE,Federal Contract Tower,13,7,6,11,37,0,0,16,0,16,13,7,22,11,53,46,4,50,103
01/10/2021,HRL,TX,ASW,CE,Federal Contract Tower,8,9,6,2,25,0,0,0,0,0,8,9,6,2,25,0,2,2,27
01/11/2021,HRL,TX,ASW,CE,Federal Contract Tower,10,9,6,35,60,0,0,16,12,28,10,9,22,47,88,40,52,92,180
01/12/2021,HRL,TX,ASW,CE,Federal Contract Tower,14,8,4,2,28,0,0,4,1,5,14,8,8,3,33,0,4,4,37
01/13/2021,HRL,TX,ASW,CE,Federal Contract Tower,12,8,12,18,50,0,0,19,8,27,12,8,31,26,77,44,67,111,188
01/14/2021,HRL,TX,ASW,CE,Federal Contract Tower,15,7,15,25,62,0,0,35,1,36,15,7,50,26,98,76,50,126,224
01/15/2021,HRL,TX,ASW,CE,Federal Contract Tower,11,7,13,17,48,0,0,31,0,31,11,7,44,17,79,48,44,92,171
01/16/2021,HRL,TX,ASW,CE,Federal Contract Tower,13,8,1,6,28,0,0,22,5,27,13,8,23,11,55,58,20,78,133
01/17/2021,HRL,TX,ASW,CE,Federal Contract Tower,11,6,17,3,37,0,0,11,0,11,11,6,28,3,48,18,4,22,70
01/18/2021,HRL,TX,ASW,CE,Federal Contract Tower,13,7,10,3,33,0,0,18,0,18,13,7,28,3,51,28,18,46,97
01/19/2021,HRL,TX,ASW,CE,Federal Contract Tower,13,9,12,19,53,0,0,17,3,20,13,9,29,22,73,22,52,74,147
01/20/2021,HRL,TX,ASW,CE,Federal Contract Tower,11,18,17,22,68,0,0,4,1,5,11,18,21,23,73,0,34,34,107
01/21/2021,HRL,TX,ASW,CE,Federal Contract Tower,17,7,10,2,36,0,0,0,0,0,17,7,10,2,36,0,6,6,42
01/22/2021,HRL,TX,ASW,CE,Federal Contract Tower,12,8,12,17,49,0,0,4,0,4,12,8,16,17,53,46,28,74,127
01/23/2021,HRL,TX,ASW,CE,Federal Contract Tower,14,8,7,7,36,0,0,1,2,3,14,8,8,9,39,0,18,18,57
01/24/2021,HRL,TX,ASW,CE,Federal Contract Tower,11,6,6,18,41,0,0,5,3,8,11,6,11,21,49,2,20,22,71
01/25/2021,HRL,TX,ASW,CE,Federal Contract Tower,8,8,8,18,42,0,0,18,3,21,8,8,26,21,63,24,158,182,245
01/26/2021,HRL,TX,ASW,CE,Federal Contract Tower,13,12,10,30,65,0,0,16,3,19,13,12,26,33,84,16,36,52,136
01/27/2021,HRL,TX,ASW,CE,Federal Contract Tower,12,7,9,14,42,0,0,12,3,15,12,7,21,17,57,6,102,108,165
01/28/2021,HRL,TX,ASW,CE,Federal Contract Tower,15,8,3,25,51,0,0,36,7,43,15,8,39,32,94,38,98,136,230
01/29/2021,HRL,TX,ASW,CE,Federal Contract Tower,9,7,11,27,54,0,0,37,6,43,9,7,48,33,97,50,110,160,257
01/30/2021,HRL,TX,ASW,CE,Federal Contract Tower,13,8,0,12,33,0,0,12,13,25,13,8,12,25,58,20,56,76,134
01/31/2021,HRL,TX,ASW,CE,Federal Contract Tower,10,7,6,12,35,0,0,11,5,16,10,7,17,17,51,0,82,82,133
02/01/2021,HRL,TX,ASW,CE,Federal Contract Tower,8,8,7,14,37,0,0,30,0,30,8,8,37,14,67,24,18,42,109
02/02/2021,HRL,TX,ASW,CE,Federal Contract Tower,12,8,7,24,51,2,0,46,2,50,14,8,53,26,101,92,104,196,297
02/03/2021,HRL,TX,ASW,CE,Federal Contract Tower,12,13,15,17,57,0,0,38,14,52,12,13,53,31,109,60,154,214,323
02/05/2021,HRL,TX,ASW,CE,Federal Contract Tower,12,7,10,18,47,0,0,10,3,13,12,7,20,21,60,76,30,106,166
02/06/2021,HRL,TX,ASW,CE,Federal Contract Tower,13,7,6,6,32,0,2,3,0,5,13,9,9,6,37,16,10,26,63
02/07/2021,HRL,TX,ASW,CE,Federal Contract Tower,9,11,9,8,37,0,4,14,2,20,9,15,23,10,57,24,2,26,83
02/08/2021,HRL,TX,ASW,CE,Federal Contract Tower,11,7,5,5,28,0,0,24,1,25,11,7,29,6,53,48,4,52,105
02/09/2021,HRL,TX,ASW,CE,Federal Contract Tower,10,9,13,19,51,0,0,14,3,17,10,9,27,22,68,64,26,90,158
02/10/2021,HRL,TX,ASW,CE,Federal Contract Tower,12,12,14,30,68,0,0,24,16,40,12,12,38,46,108,44,84,128,236
02/11/2021,HRL,TX,ASW,CE,Federal Contract Tower,16,4,3,0,23,0,0,0,0,0,16,4,3,0,23,2,0,2,25
02/12/2021,HRL,TX,ASW,CE,Federal Contract Tower,12,11,8,1,32,0,0,0,0,0,12,11,8,1,32,2,2,4,36
02/13/2021,HRL,TX,ASW,CE,Federal Contract Tower,14,8,4,7,33,0,0,0,0,0,14,8,4,7,33,0,8,8,41
02/14/2021,HRL,TX,ASW,CE,Federal Contract Tower,7,4,2,0,13,0,0,0,0,0,7,4,2,0,13,0,0,0,13
02/15/2021,HRL,TX,ASW,CE,Federal Contract Tower,3,0,0,0,3,0,0,0,0,0,3,0,0,0,3,0,0,0,3
02/16/2021,HRL,TX,ASW,CE,Federal Contract Tower,0,0,0,0,0,0,0,0,0,0,0,0,0,0,0,0,0,0,0
02/17/2021,HRL,TX,ASW,CE,Federal Contract Tower,3,0,2,0,5,0,0,0,0,0,3,0,2,0,5,0,0,0,5
02/18/2021,HRL,TX,ASW,CE,Federal Contract Tower,9,2,4,4,19,0,0,0,0,0,9,2,4,4,19,0,0,0,19
02/19/2021,HRL,TX,ASW,CE,Federal Contract Tower,9,8,7,0,24,0,0,27,0,27,9,8,34,0,51,22,0,22,73
02/20/2021,HRL,TX,ASW,CE,Federal Contract Tower,11,6,9,20,46,0,0,38,7,45,11,6,47,27,91,44,64,108,199
02/21/2021,HRL,TX,ASW,CE,Federal Contract Tower,14,4,8,9,35,0,0,12,5,17,14,4,20,14,52,6,48,54,106
02/22/2021,HRL,TX,ASW,CE,Federal Contract Tower,14,10,7,18,49,0,0,15,4,19,14,10,22,22,68,12,42,54,122
02/23/2021,HRL,TX,ASW,CE,Federal Contract Tower,17,5,9,38,69,0,0,27,8,35,17,5,36,46,104,32,144,176,280
02/24/2021,HRL,TX,ASW,CE,Federal Contract Tower,14,5,12,22,53,0,1,25,1,27,14,6,37,23,80,84,58,142,222
02/25/2021,HRL,TX,ASW,CE,Federal Contract Tower,16,7,17,24,64,0,0,17,2,19,16,7,34,26,83,34,114,148,231
02/26/2021,HRL,TX,ASW,CE,Federal Contract Tower,13,7,16,28,64,0,0,26,16,42,13,7,42,44,106,40,196,236,342
02/27/2021,HRL,TX,ASW,CE,Federal Contract Tower,12,8,17,14,51,0,0,6,2,8,12,8,23,16,59,14,10,24,83
02/28/2021,HRL,TX,ASW,CE,Federal Contract Tower,10,6,9,3,28,0,0,3,0,3,10,6,12,3,31,0,2,2,33
03/01/2021,HRL,TX,ASW,CE,Federal Contract Tower,13,7,12,26,58,0,0,18,0,18,13,7,30,26,76,0,160,160,236
03/02/2021,HRL,TX,ASW,CE,Federal Contract Tower,19,5,9,10,43,0,0,37,11,48,19,5,46,21,91,42,80,122,213
03/03/2021,HRL,TX,ASW,CE,Federal Contract Tower,15,7,7,17,46,0,2,25,21,48,15,9,32,38,94,80,164,244,338
03/04/2021,HRL,TX,ASW,CE,Federal Contract Tower,17,8,12,2,39,0,0,13,2,15,17,8,25,4,54,0,4,4,58
03/05/2021,HRL,TX,ASW,CE,Federal Contract Tower,11,9,7,1,28,0,0,13,2,15,11,9,20,3,43,40,2,42,85
03/06/2021,HRL,TX,ASW,CE,Federal Contract Tower,17,7,5,2,31,0,0,25,7,32,17,7,30,9,63,48,66,114,177
03/07/2021,HRL,TX,ASW,CE,Federal Contract Tower,15,5,1,4,25,0,0,22,6,28,15,5,23,10,53,96,4,100,153
03/08/2021,HRL,TX,ASW,CE,Federal Contract Tower,17,6,5,22,50,0,6,23,1,30,17,12,28,23,80,22,30,52,132
03/09/2021,HRL,TX,ASW,CE,Federal Contract Tower,16,7,5,16,44,0,0,26,11,37,16,7,31,27,81,36,130,166,247
03/10/2021,HRL,TX,ASW,CE,Federal Contract Tower,14,9,9,13,45,0,0,7,10,17,14,9,16,23,62,0,32,32,94
03/11/2021,HRL,TX,ASW,CE,Federal Contract Tower,18,12,14,18,62,0,0,6,10,16,18,12,20,28,78,2,128,130,208
03/12/2021,HRL,TX,ASW,CE,Federal Contract Tower,14,12,8,11,45,0,0,3,0,3,14,12,11,11,48,2,24,26,74
03/13/2021,HRL,TX,ASW,CE,Federal Contract Tower,14,11,6,9,40,0,0,0,0,0,14,11,6,9,40,0,20,20,60
03/14/2021,HRL,TX,ASW,CE,Federal Contract Tower,16,7,1,13,37,0,0,5,0,5,16,7,6,13,42,4,22,26,68
03/15/2021,HRL,TX,ASW,CE,Federal Contract Tower,16,8,9,12,45,0,0,31,0,31,16,8,40,12,76,64,22,86,162
03/16/2021,HRL,TX,ASW,CE,Federal Contract Tower,20,12,9,29,70,0,0,22,6,28,20,12,31,35,98,56,190,246,344
03/17/2021,HRL,TX,ASW,CE,Federal Contract Tower,15,9,8,17,49,0,0,19,1,20,15,9,27,18,69,46,144,190,259
03/18/2021,HRL,TX,ASW,CE,Federal Contract Tower,18,10,15,9,52,0,0,29,11,40,18,10,44,20,92,52,96,148,240
03/19/2021,HRL,TX,ASW,CE,Federal Contract Tower,14,12,13,1,40,0,0,25,5,30,14,12,38,6,70,58,30,88,158
03/20/2021,HRL,TX,ASW,CE,Federal Contract Tower,21,10,3,6,40,0,0,25,4,29,21,10,28,10,69,74,6,80,149
03/21/2021,HRL,TX,ASW,CE,Federal Contract Tower,16,4,4,11,35,0,0,14,4,18,16,4,18,15,53,6,14,20,73
03/22/2021,HRL,TX,ASW,CE,Federal Contract Tower,18,8,11,56,93,0,0,17,7,24,18,8,28,63,117,12,214,226,343
03/23/2021,HRL,TX,ASW,CE,Federal Contract Tower,20,11,14,18,63,0,0,39,2,41,20,11,53,20,104,68,32,100,204
03/24/2021,HRL,TX,ASW,CE,Federal Contract Tower,17,10,23,40,90,0,0,27,3,30,17,10,50,43,120,62,80,142,262
03/25/2021,HRL,TX,ASW,CE,Federal Contract Tower,19,11,6,34,70,0,0,16,1,17,19,11,22,35,87,28,238,266,353
03/26/2021,HRL,TX,ASW,CE,Federal Contract Tower,20,6,11,5,42,0,0,11,0,11,20,6,22,5,53,34,6,40,93
03/27/2021,HRL,TX,ASW,CE,Federal Contract Tower,24,11,8,18,61,0,0,7,0,7,24,11,15,18,68,0,28,28,96
03/28/2021,HRL,TX,ASW,CE,Federal Contract Tower,16,9,6,5,36,0,0,2,0,2,16,9,8,5,38,0,6,6,44
03/29/2021,HRL,TX,ASW,CE,Federal Contract Tower,15,9,14,2,40,0,0,21,0,21,15,9,35,2,61,30,0,30,91
03/30/2021,HRL,TX,ASW,CE,Federal Contract Tower,18,12,12,20,62,0,0,26,7,33,18,12,38,27,95,18,124,142,237
03/31/2021,HRL,TX,ASW,CE,Federal Contract Tower,17,13,18,18,66,0,0,26,10,36,17,13,44,28,102,34,128,162,264
04/01/2021,HRL,TX,ASW,CE,Federal Contract Tower,18,14,14,11,57,0,0,28,0,28,18,14,42,11,85,22,20,42,127
04/02/2021,HRL,TX,ASW,CE,Federal Contract Tower,17,10,22,7,56,0,0,32,2,34,17,10,54,9,90,30,10,40,130
04/03/2021,HRL,TX,ASW,CE,Federal Contract Tower,21,10,7,3,41,0,0,18,8,26,21,10,25,11,67,6,20,26,93
04/04/2021,HRL,TX,ASW,CE,Federal Contract Tower,14,8,7,0,29,0,0,8,0,8,14,8,15,0,37,0,0,0,37
04/05/2021,HRL,TX,ASW,CE,Federal Contract Tower,16,10,14,18,58,0,0,17,10,27,16,10,31,28,85,4,158,162,247
04/06/2021,HRL,TX,ASW,CE,Federal Contract Tower,17,9,17,35,78,0,2,10,3,15,17,11,27,38,93,28,58,86,179
04/07/2021,HRL,TX,ASW,CE,Federal Contract Tower,19,9,10,20,58,0,0,16,7,23,19,9,26,27,81,18,61,79,160
04/08/2021,HRL,TX,ASW,CE,Federal Contract Tower,16,7,21,15,59,0,0,22,0,22,16,7,43,15,81,44,16,60,141
04/09/2021,HRL,TX,ASW,CE,Federal Contract Tower,17,11,3,21,52,0,0,21,1,22,17,11,24,22,74,34,88,122,196
04/10/2021,HRL,TX,ASW,CE,Federal Contract Tower,16,11,6,3,36,0,2,5,2,9,16,13,11,5,45,24,14,38,83
04/11/2021,HRL,TX,ASW,CE,Federal Contract Tower,14,12,9,3,38,0,0,17,3,20,14,12,26,6,58,0,0,0,58
04/12/2021,HRL,TX,ASW,CE,Federal Contract Tower,13,9,8,11,41,0,0,19,1,20,13,9,27,12,61,28,182,210,271
04/13/2021,HRL,TX,ASW,CE,Federal Contract Tower,15,11,12,2,40,0,0,18,2,20,15,11,30,4,60,22,76,98,158
04/14/2021,HRL,TX,ASW,CE,Federal Contract Tower,13,16,8,15,52,0,0,12,4,16,13,16,20,19,68,14,27,41,109
04/15/2021,HRL,TX,ASW,CE,Federal Contract Tower,15,10,11,24,60,0,0,14,5,19,15,10,25,29,79,60,208,268,347
04/16/2021,HRL,TX,ASW,CE,Federal Contract Tower,14,10,10,22,56,0,0,18,2,20,14,10,28,24,76,78,112,190,266
04/17/2021,HRL,TX,ASW,CE,Federal Contract Tower,17,13,5,4,39,0,2,1,0,3,17,15,6,4,42,0,0,0,42
04/18/2021,HRL,TX,ASW,CE,Federal Contract Tower,12,9,9,1,31,0,0,20,4,24,12,9,29,5,55,8,2,10,65
04/19/2021,HRL,TX,ASW,CE,Federal Contract Tower,11,11,7,23,52,0,0,30,6,36,11,11,37,29,88,34,110,144,232
04/20/2021,HRL,TX,ASW,CE,Federal Contract Tower,14,12,15,15,56,0,0,35,0,35,14,12,50,15,91,56,14,70,161
04/21/2021,HRL,TX,ASW,CE,Federal Contract Tower,13,14,14,23,64,0,4,24,7,35,13,18,38,30,99,44,148,192,291
04/22/2021,HRL,TX,ASW,CE,Federal Contract Tower,15,13,11,18,57,0,0,23,0,23,15,13,34,18,80,100,60,160,240
04/23/2021,HRL,TX,ASW,CE,Federal Contract Tower,13,13,9,45,80,0,0,15,5,20,13,13,24,50,100,28,180,208,308
04/24/2021,HRL,TX,ASW,CE,Federal Contract Tower,17,11,12,37,77,0,0,15,6,21,17,11,27,43,98,0,20,20,118
04/25/2021,HRL,TX,ASW,CE,Federal Contract Tower,12,12,6,5,35,0,2,30,4,36,12,14,36,9,71,16,12,28,99
04/26/2021,HRL,TX,ASW,CE,Federal Contract Tower,11,14,9,21,55,0,0,33,2,35,11,14,42,23,90,110,38,148,238
04/27/2021,HRL,TX,ASW,CE,Federal Contract Tower,14,12,9,67,102,0,0,34,19,53,14,12,43,86,155,62,330,392,547
04/28/2021,HRL,TX,ASW,CE,Federal Contract Tower,12,14,23,16,65,0,0,34,18,52,12,14,57,34,117,48,178,226,343
04/29/2021,HRL,TX,ASW,CE,Federal Contract Tower,15,11,11,37,74,0,2,35,5,42,15,13,46,42,116,128,158,286,402
04/30/2021,HRL,TX,ASW,CE,Federal Contract Tower,10,9,23,1,43,0,0,26,0,26,10,9,49,1,69,70,2,72,141
05/01/2021,HRL,TX,ASW,CE,Federal Contract Tower,16,12,13,0,41,0,0,2,0,2,16,12,15,0,43,12,0,12,55
05/02/2021,HRL,TX,ASW,CE,Federal Contract Tower,10,10,9,2,31,0,0,33,0,33,10,10,42,2,64,50,0,50,114
05/03/2021,HRL,TX,ASW,CE,Federal Contract Tower,11,9,12,19,51,0,0,47,4,51,11,9,59,23,102,38,62,100,202
05/04/2021,HRL,TX,ASW,CE,Federal Contract Tower,15,16,29,26,86,0,0,32,0,32,15,16,61,26,118,52,136,188,306
05/05/2021,HRL,TX,ASW,CE,Federal Contract Tower,15,13,12,19,59,0,0,30,3,33,15,13,42,22,92,50,34,84,176
05/06/2021,HRL,TX,ASW,CE,Federal Contract Tower,18,10,16,12,56,0,0,18,2,20,18,10,34,14,76,36,100,136,212
05/07/2021,HRL,TX,ASW,CE,Federal Contract Tower,16,11,7,4,38,0,0,22,4,26,16,11,29,8,64,36,28,64,128
05/08/2021,HRL,TX,ASW,CE,Federal Contract Tower,22,4,3,0,29,0,4,11,4,19,22,8,14,4,48,16,0,16,64
05/09/2021,HRL,TX,ASW,CE,Federal Contract Tower,14,10,9,6,39,0,0,3,0,3,14,10,12,6,42,2,10,12,54
05/10/2021,HRL,TX,ASW,CE,Federal Contract Tower,13,11,11,12,47,0,0,18,8,26,13,11,29,20,73,34,146,180,253
05/11/2021,HRL,TX,ASW,CE,Federal Contract Tower,16,8,17,27,68,0,0,25,2,27,16,8,42,29,95,18,46,64,159
05/12/2021,HRL,TX,ASW,CE,Federal Contract Tower,18,9,8,15,50,0,0,0,1,1,18,9,8,16,51,0,70,70,121
05/13/2021,HRL,TX,ASW,CE,Federal Contract Tower,29,11,16,33,89,0,0,19,5,24,29,11,35,38,113,20,178,198,311
05/14/2021,HRL,TX,ASW,CE,Federal Contract Tower,19,7,15,11,52,0,0,19,3,22,19,7,34,14,74,58,22,80,154
05/15/2021,HRL,TX,ASW,CE,Federal Contract Tower,18,8,5,0,31,0,0,3,2,5,18,8,8,2,36,22,0,22,58
05/16/2021,HRL,TX,ASW,CE,Federal Contract Tower,18,5,5,11,39,0,0,0,2,2,18,5,5,13,41,0,18,18,59
05/17/2021,HRL,TX,ASW,CE,Federal Contract Tower,13,9,8,53,83,0,4,18,7,29,13,13,26,60,112,20,128,148,260
05/18/2021,HRL,TX,ASW,CE,Federal Contract Tower,18,7,8,38,71,0,0,22,2,24,18,7,30,40,95,38,80,118,213
05/19/2021,HRL,TX,ASW,CE,Federal Contract Tower,18,5,1,0,24,0,0,1,0,1,18,5,2,0,25,0,0,0,25
05/20/2021,HRL,TX,ASW,CE,Federal Contract Tower,17,11,8,22,58,0,2,20,4,26,17,13,28,26,84,28,96,124,208
05/21/2021,HRL,TX,ASW,CE,Federal Contract Tower,14,13,13,31,71,0,0,29,10,39,14,13,42,41,110,36,166,202,312
05/22/2021,HRL,TX,ASW,CE,Federal Contract Tower,25,5,4,23,57,0,0,10,5,15,25,5,14,28,72,12,56,68,140
05/23/2021,HRL,TX,ASW,CE,Federal Contract Tower,14,12,11,2,39,0,1,16,0,17,14,13,27,2,56,34,4,38,94
05/24/2021,HRL,TX,ASW,CE,Federal Contract Tower,15,6,7,13,41,0,0,9,3,12,15,6,16,16,53,24,46,70,123
05/25/2021,HRL,TX,ASW,CE,Federal Contract Tower,16,7,17,23,63,0,0,16,14,30,16,7,33,37,93,20,298,318,411
05/26/2021,HRL,TX,ASW,CE,Federal Contract Tower,13,15,9,43,80,0,0,30,15,45,13,15,39,58,125,34,184,218,343
05/27/2021,HRL,TX,ASW,CE,Federal Contract Tower,16,20,8,20,64,0,0,12,2,14,16,20,20,22,78,4,44,48,126
05/28/2021,HRL,TX,ASW,CE,Federal Contract Tower,17,10,18,9,54,0,0,15,1,16,17,10,33,10,70,16,12,28,98
05/29/2021,HRL,TX,ASW,CE,Federal Contract Tower,20,7,3,0,30,0,2,10,2,14,20,9,13,2,44,16,0,16,60
05/30/2021,HRL,TX,ASW,CE,Federal Contract Tower,11,12,5,1,29,0,0,14,5,19,11,12,19,6,48,16,0,16,64
05/31/2021,HRL,TX,ASW,CE,Federal Contract Tower,14,9,7,6,36,0,2,23,0,25,14,11,30,6,61,10,4,14,75
06/01/2021,HRL,TX,ASW,CE,Federal Contract Tower,12,10,4,10,36,0,1,8,3,12,12,11,12,13,48,18,50,68,116
06/02/2021,HRL,TX,ASW,CE,Federal Contract Tower,19,9,13,13,54,0,0,18,10,28,19,9,31,23,82,18,126,144,226
06/03/2021,HRL,TX,ASW,CE,Federal Contract Tower,15,10,9,6,40,0,0,18,0,18,15,10,27,6,58,20,8,28,86
06/04/2021,HRL,TX,ASW,CE,Federal Contract Tower,12,17,15,13,57,0,0,8,5,13,12,17,23,18,70,12,30,42,112
06/05/2021,HRL,TX,ASW,CE,Federal Contract Tower,21,11,2,12,46,0,0,13,6,19,21,11,15,18,65,34,44,78,143
06/06/2021,HRL,TX,ASW,CE,Federal Contract Tower,14,9,2,11,36,0,2,10,4,16,14,11,12,15,52,2,14,16,68
06/07/2021,HRL,TX,ASW,CE,Federal Contract Tower,17,12,7,38,74,0,0,6,8,14,17,12,13,46,88,0,172,172,260
06/08/2021,HRL,TX,ASW,CE,Federal Contract Tower,18,13,8,28,67,0,0,26,8,34,18,13,34,36,101,40,110,150,251
06/09/2021,HRL,TX,ASW,CE,Federal Contract Tower,19,11,10,12,52,0,0,17,9,26,19,11,27,21,78,42,130,172,250
06/10/2021,HRL,TX,ASW,CE,Federal Contract Tower,20,10,3,23,56,0,0,23,2,25,20,10,26,25,81,22,72,94,175
06/11/2021,HRL,TX,ASW,CE,Federal Contract Tower,16,12,2,18,48,0,0,29,1,30,16,12,31,19,78,16,42,58,136
06/12/2021,HRL,TX,ASW,CE,Federal Contract Tower,21,10,5,5,41,0,0,29,10,39,21,10,34,15,80,52,28,80,160
06/13/2021,HRL,TX,ASW,CE,Federal Contract Tower,13,13,3,8,37,0,0,17,7,24,13,13,20,15,61,0,24,24,85
06/14/2021,HRL,TX,ASW,CE,Federal Contract Tower,14,10,6,14,44,0,0,27,4,31,14,10,33,18,75,30,94,124,199
06/15/2021,HRL,TX,ASW,CE,Federal Contract Tower,16,13,5,26,60,0,4,39,9,52,16,17,44,35,112,70,110,180,292
06/16/2021,HRL,TX,ASW,CE,Federal Contract Tower,19,13,7,14,53,0,21,24,4,49,19,34,31,18,102,58,50,108,210
06/17/2021,HRL,TX,ASW,CE,Federal Contract Tower,19,13,15,7,54,0,0,30,3,33,19,13,45,10,87,54,20,74,161
06/18/2021,HRL,TX,ASW,CE,Federal Contract Tower,15,14,5,2,36,0,0,37,0,37,15,14,42,2,73,72,12,84,157
06/19/2021,HRL,TX,ASW,CE,Federal Contract Tower,19,9,5,4,37,0,0,17,2,19,19,9,22,6,56,28,6,34,90
06/20/2021,HRL,TX,ASW,CE,Federal Contract Tower,16,12,3,4,35,0,0,13,0,13,16,12,16,4,48,42,8,50,98
06/21/2021,HRL,TX,ASW,CE,Federal Contract Tower,15,10,6,39,70,0,0,20,17,37,15,10,26,56,107,60,66,126,233
06/22/2021,HRL,TX,ASW,CE,Federal Contract Tower,19,12,17,0,48,0,0,12,0,12,19,12,29,0,60,16,0,16,76
06/23/2021,HRL,TX,ASW,CE,Federal Contract Tower,19,13,9,18,59,0,0,7,0,7,19,13,16,18,66,0,36,36,102
06/24/2021,HRL,TX,ASW,CE,Federal Contract Tower,21,19,14,26,80,0,0,27,5,32,21,19,41,31,112,14,146,160,272
06/25/2021,HRL,TX,ASW,CE,Federal Contract Tower,19,14,10,12,55,0,0,23,10,33,19,14,33,22,88,24,52,76,164
06/26/2021,HRL,TX,ASW,CE,Federal Contract Tower,17,10,7,6,40,0,0,25,4,29,17,10,32,10,69,68,12,80,149
06/27/2021,HRL,TX,ASW,CE,Federal Contract Tower,15,10,8,3,36,0,0,18,9,27,15,10,26,12,63,46,6,52,115
06/28/2021,HRL,TX,ASW,CE,Federal Contract Tower,14,14,6,30,64,0,0,8,5,13,14,14,14,35,77,12,96,108,185
06/29/2021,HRL,TX,ASW,CE,Federal Contract Tower,18,13,12,12,55,0,0,17,4,21,18,13,29,16,76,16,78,94,170
06/30/2021,HRL,TX,ASW,CE,Federal Contract Tower,19,16,11,56,102,0,2,19,6,27,19,18,30,62,129,15,192,207,336
07/01/2021,HRL,TX,ASW,CE,Federal Contract Tower,20,12,10,6,48,0,2,24,2,28,20,14,34,8,76,24,26,50,126
07/02/2021,HRL,TX,ASW,CE,Federal Contract Tower,17,14,10,1,42,0,0,50,6,56,17,14,60,7,98,82,0,82,180
07/03/2021,HRL,TX,ASW,CE,Federal Contract Tower,14,14,5,3,36,0,0,33,0,33,14,14,38,3,69,66,0,66,135
07/04/2021,HRL,TX,ASW,CE,Federal Contract Tower,13,10,2,0,25,0,0,33,0,33,13,10,35,0,58,56,0,56,114
07/05/2021,HRL,TX,ASW,CE,Federal Contract Tower,14,11,9,3,37,0,0,15,2,17,14,11,24,5,54,0,6,6,60
07/06/2021,HRL,TX,ASW,CE,Federal Contract Tower,18,13,6,0,37,0,0,19,0,19,18,13,25,0,56,58,0,58,114
07/07/2021,HRL,TX,ASW,CE,Federal Contract Tower,23,11,7,8,49,0,0,0,0,0,23,11,7,8,49,0,0,0,49
07/08/2021,HRL,TX,ASW,CE,Federal Contract Tower,17,14,2,39,72,0,0,29,5,34,17,14,31,44,106,82,46,128,234
07/09/2021,HRL,TX,ASW,CE,Federal Contract Tower,17,15,13,8,53,0,0,2,1,3,17,15,15,9,56,0,36,36,92
07/10/2021,HRL,TX,ASW,CE,Federal Contract Tower,17,15,1,5,38,0,0,34,2,36,17,15,35,7,74,184,38,222,296
07/11/2021,HRL,TX,ASW,CE,Federal Contract Tower,14,14,8,21,57,0,0,31,6,37,14,14,39,27,94,72,44,116,210
07/12/2021,HRL,TX,ASW,CE,Federal Contract Tower,15,20,11,41,87,0,0,46,13,59,15,20,57,54,146,74,72,146,292
07/13/2021,HRL,TX,ASW,CE,Federal Contract Tower,18,12,13,10,53,0,0,15,2,17,18,12,28,12,70,2,12,14,84
07/14/2021,HRL,TX,ASW,CE,Federal Contract Tower,19,12,9,24,64,0,0,29,27,56,19,12,38,51,120,50,176,226,346
07/15/2021,HRL,TX,ASW,CE,Federal Contract Tower,17,16,3,26,62,0,0,42,4,46,17,16,45,30,108,46,34,80,188
07/16/2021,HRL,TX,ASW,CE,Federal Contract Tower,17,19,9,18,63,0,0,28,9,37,17,19,37,27,100,58,94,152,252
07/17/2021,HRL,TX,ASW,CE,Federal Contract Tower,20,16,3,0,39,0,0,7,3,10,20,16,10,3,49,24,0,24,73
07/18/2021,HRL,TX,ASW,CE,Federal Contract Tower,18,14,5,9,46,0,0,11,4,15,18,14,16,13,61,18,10,28,89
07/19/2021,HRL,TX,ASW,CE,Federal Contract Tower,15,13,9,35,72,0,0,16,1,17,15,13,25,36,89,0,98,98,187
07/20/2021,HRL,TX,ASW,CE,Federal Contract Tower,20,19,7,18,64,0,0,28,8,36,20,19,35,26,100,20,104,124,224
07/21/2021,HRL,TX,ASW,CE,Federal Contract Tower,20,15,10,2,47,0,0,14,5,19,20,15,24,7,66,18,78,96,162
07/22/2021,HRL,TX,ASW,CE,Federal Contract Tower,17,17,9,31,74,0,0,21,17,38,17,17,30,48,112,22,2,24,136
07/23/2021,HRL,TX,ASW,CE,Federal Contract Tower,17,18,14,14,63,0,0,23,1,24,17,18,37,15,87,12,50,62,149
07/24/2021,HRL,TX,ASW,CE,Federal Contract Tower,19,15,11,11,56,0,0,7,8,15,19,15,18,19,71,0,38,38,109
07/25/2021,HRL,TX,ASW,CE,Federal Contract Tower,14,12,2,4,32,0,0,15,3,18,14,12,17,7,50,8,8,16,66
07/26/2021,HRL,TX,ASW,CE,Federal Contract Tower,15,17,8,32,72,0,0,13,2,15,15,17,21,34,87,0,46,46,133
07/27/2021,HRL,TX,ASW,CE,Federal Contract Tower,19,24,7,9,59,0,1,17,0,18,19,25,24,9,77,30,18,48,125
07/28/2021,HRL,TX,ASW,CE,Federal Contract Tower,21,15,11,9,56,0,0,10,7,17,21,15,21,16,73,0,56,56,129
07/29/2021,HRL,TX,ASW,CE,Federal Contract Tower,19,12,8,19,58,0,0,18,4,22,19,12,26,23,80,30,62,92,172
07/30/2021,HRL,TX,ASW,CE,Federal Contract Tower,19,16,10,6,51,0,0,27,0,27,19,16,37,6,78,0,22,22,100
07/31/2021,HRL,TX,ASW,CE,Federal Contract Tower,18,18,7,0,43,0,0,14,1,15,18,18,21,1,58,12,0,12,70
08/01/2021,HRL,TX,ASW,CE,Federal Contract Tower,16,12,7,5,40,0,0,7,2,9,16,12,14,7,49,10,16,26,75
08/02/2021,HRL,TX,ASW,CE,Federal Contract Tower,16,12,6,46,80,0,2,22,11,35,16,14,28,57,115,36,156,192,307
08/03/2021,HRL,TX,ASW,CE,Federal Contract Tower,20,15,8,15,58,0,0,26,13,39,20,15,34,28,97,60,124,184,281
08/04/2021,HRL,TX,ASW,CE,Federal Contract Tower,19,16,14,45,94,0,0,28,15,43,19,16,42,60,137,16,216,232,369
08/05/2021,HRL,TX,ASW,CE,Federal Contract Tower,19,16,6,3,44,0,0,22,6,28,19,16,28,9,72,40,58,98,170
08/06/2021,HRL,TX,ASW,CE,Federal Contract Tower,18,17,12,8,55,0,0,25,10,35,18,17,37,18,90,30,98,128,218
08/07/2021,HRL,TX,ASW,CE,Federal Contract Tower,19,14,6,4,43,0,2,23,2,27,19,16,29,6,70,56,6,62,132
08/08/2021,HRL,TX,ASW,CE,Federal Contract Tower,15,16,4,1,36,0,0,15,0,15,15,16,19,1,51,12,4,16,67
08/09/2021,HRL,TX,ASW,CE,Federal Contract Tower,13,15,19,24,71,0,1,12,0,13,13,16,31,24,84,0,30,30,114
08/10/2021,HRL,TX,ASW,CE,Federal Contract Tower,15,21,5,31,72,0,0,22,14,36,15,21,27,45,108,36,86,122,230
08/11/2021,HRL,TX,ASW,CE,Federal Contract Tower,17,19,14,38,88,0,0,29,0,29,17,19,43,38,117,20,106,126,243
08/12/2021,HRL,TX,ASW,CE,Federal Contract Tower,20,15,22,13,70,0,0,27,4,31,20,15,49,17,101,42,40,82,183
08/13/2021,HRL,TX,ASW,CE,Federal Contract Tower,19,13,6,15,53,0,0,25,6,31,19,13,31,21,84,48,142,190,274
08/14/2021,HRL,TX,ASW,CE,Federal Contract Tower,20,11,2,4,37,0,0,10,4,14,20,11,12,8,51,48,58,106,157
08/15/2021,HRL,TX,ASW,CE,Federal Contract Tower,15,12,6,18,51,0,0,18,3,21,15,12,24,21,72,18,56,74,146
08/16/2021,HRL,TX,ASW,CE,Federal Contract Tower,16,11,4,63,94,0,0,26,12,38,16,11,30,75,132,28,228,256,388
08/17/2021,HRL,TX,ASW,CE,Federal Contract Tower,22,14,8,40,84,0,0,30,5,35,22,14,38,45,119,24,122,146,265
08/18/2021,HRL,TX,ASW,CE,Federal Contract Tower,24,16,12,38,90,0,0,12,9,21,24,16,24,47,111,0,158,158,269
08/19/2021,HRL,TX,ASW,CE,Federal Contract Tower,24,12,8,14,58,0,0,23,4,27,24,12,31,18,85,42,66,108,193
08/20/2021,HRL,TX,ASW,CE,Federal Contract Tower,25,13,1,8,47,0,0,16,7,23,25,13,17,15,70,52,64,116,186
08/21/2021,HRL,TX,ASW,CE,Federal Contract Tower,21,11,2,3,37,0,0,4,2,6,21,11,6,5,43,0,6,6,49
08/22/2021,HRL,TX,ASW,CE,Federal Contract Tower,18,12,6,0,36,0,0,3,0,3,18,12,9,0,39,2,0,2,41
08/23/2021,HRL,TX,ASW,CE,Federal Contract Tower,17,14,2,22,55,0,0,11,10,21,17,14,13,32,76,100,118,218,294
08/24/2021,HRL,TX,ASW,CE,Federal Contract Tower,23,10,6,23,62,0,0,29,2,31,23,10,35,25,93,76,88,164,257
08/25/2021,HRL,TX,ASW,CE,Federal Contract Tower,23,16,10,16,65,0,0,26,24,50,23,16,36,40,115,18,208,226,341
08/26/2021,HRL,TX,ASW,CE,Federal Contract Tower,23,16,12,20,71,0,0,18,29,47,23,16,30,49,118,20,88,108,226
08/27/2021,HRL,TX,ASW,CE,Federal Contract Tower,23,16,9,12,60,0,0,26,6,32,23,16,35,18,92,78,68,146,238
08/28/2021,HRL,TX,ASW,CE,Federal Contract Tower,22,15,2,8,47,0,0,21,3,24,22,15,23,11,71,8,34,42,113
08/29/2021,HRL,TX,ASW,CE,Federal Contract Tower,19,10,3,7,39,0,0,2,6,8,19,10,5,13,47,2,76,78,125
08/30/2021,HRL,TX,ASW,CE,Federal Contract Tower,21,8,9,20,58,0,2,18,8,28,21,10,27,28,86,36,104,140,226
08/31/2021,HRL,TX,ASW,CE,Federal Contract Tower,22,11,3,29,65,0,0,20,6,26,22,11,23,35,91,74,50,124,215
09/01/2021,HRL,TX,ASW,CE,Federal Contract Tower,21,17,10,40,88,0,0,26,10,36,21,17,36,50,124,36,100,136,260
09/02/2021,HRL,TX,ASW,CE,Federal Contract Tower,23,10,12,15,60,0,0,35,5,40,23,10,47,20,100,34,188,222,322
09/03/2021,HRL,TX,ASW,CE,Federal Contract Tower,25,15,12,6,58,0,0,18,0,18,25,15,30,6,76,54,32,86,162
09/04/2021,HRL,TX,ASW,CE,Federal Contract Tower,25,12,5,2,44,0,0,9,0,9,25,12,14,2,53,56,0,56,109
09/05/2021,HRL,TX,ASW,CE,Federal Contract Tower,21,6,5,0,32,0,0,11,0,11,21,6,16,0,43,52,0,52,95
09/06/2021,HRL,TX,ASW,CE,Federal Contract Tower,17,13,4,6,40,0,0,26,0,26,17,13,30,6,66,48,12,60,126
09/07/2021,HRL,TX,ASW,CE,Federal Contract Tower,20,9,3,6,38,0,0,24,0,24,20,9,27,6,62,88,18,106,168
09/08/2021,HRL,TX,ASW,CE,Federal Contract Tower,24,15,7,26,72,0,0,25,6,31,24,15,32,32,103,52,48,100,203
09/10/2021,HRL,TX,ASW,CE,Federal Contract Tower,26,15,16,6,63,0,0,31,3,34,26,15,47,9,97,76,22,98,195
09/11/2021,HRL,TX,ASW,CE,Federal Contract Tower,19,11,0,1,31,0,2,21,8,31,19,13,21,9,62,34,2,36,98
09/12/2021,HRL,TX,ASW,CE,Federal Contract Tower,23,11,9,0,43,0,0,3,0,3,23,11,12,0,46,22,0,22,68
09/13/2021,HRL,TX,ASW,CE,Federal Contract Tower,9,6,11,0,26,0,2,2,0,4,9,8,13,0,30,24,0,24,54
09/15/2021,HRL,TX,ASW,CE,Federal Contract Tower,19,15,10,16,60,0,0,32,2,34,19,15,42,18,94,86,48,134,228
09/16/2021,HRL,TX,ASW,CE,Federal Contract Tower,27,10,9,12,58,0,0,18,2,20,27,10,27,14,78,48,10,58,136
09/17/2021,HRL,TX,ASW,CE,Federal Contract Tower,21,15,9,12,57,0,0,18,11,29,21,15,27,23,86,18,98,116,202
09/18/2021,HRL,TX,ASW,CE,Federal Contract Tower,21,9,3,15,48,0,0,18,3,21,21,9,21,18,69,6,34,40,109
09/19/2021,HRL,TX,ASW,CE,Federal Contract Tower,18,13,12,0,43,0,0,8,0,8,18,13,20,0,51,8,0,8,59
09/20/2021,HRL,TX,ASW,CE,Federal Contract Tower,21,20,7,9,57,0,0,17,6,23,21,20,24,15,80,20,66,86,166
09/21/2021,HRL,TX,ASW,CE,Federal Contract Tower,27,13,18,2,60,0,0,18,0,18,27,13,36,2,78,38,4,42,120
09/22/2021,HRL,TX,ASW,CE,Federal Contract Tower,22,14,9,1,46,0,0,9,1,10,22,14,18,2,56,14,0,14,70
09/23/2021,HRL,TX,ASW,CE,Federal Contract Tower,28,14,11,7,60,0,0,33,7,40,28,14,44,14,100,78,24,102,202
09/24/2021,HRL,TX,ASW,CE,Federal Contract Tower,26,17,11,0,54,0,0,24,1,25,26,17,35,1,79,18,0,18,97
09/25/2021,HRL,TX,ASW,CE,Federal Contract Tower,26,13,3,0,42,0,0,20,0,20,26,13,23,0,62,16,0,16,78
09/26/2021,HRL,TX,ASW,CE,Federal Contract Tower,29,12,9,0,50,0,0,7,0,7,29,12,16,0,57,0,0,0,57
09/27/2021,HRL,TX,ASW,CE,Federal Contract Tower,22,13,6,23,64,0,0,24,10,34,22,13,30,33,98,72,100,172,270
09/28/2021,HRL,TX,ASW,CE,Federal Contract Tower,30,18,9,25,82,0,0,34,21,55,30,18,43,46,137,76,200,276,413
09/29/2021,HRL,TX,ASW,CE,Federal Contract Tower,32,18,10,2,62,0,0,23,0,23,32,18,33,2,85,20,4,24,109
09/30/2021,HRL,TX,ASW,CE,Federal Contract Tower,31,16,9,16,72,0,0,29,2,31,31,16,38,18,103,48,134,182,285
10/01/2021,HRL,TX,ASW,CE,Federal Contract Tower,24,14,2,0,40,0,0,14,0,14,24,14,16,0,54,14,0,14,68
10/02/2021,HRL,TX,ASW,CE,Federal Contract Tower,27,5,6,5,43,0,0,6,0,6,27,5,12,5,49,28,8,36,85
10/03/2021,HRL,TX,ASW,CE,Federal Contract Tower,22,12,5,2,41,0,0,5,1,6,22,12,10,3,47,8,32,40,87
10/04/2021,HRL,TX,ASW,CE,Federal Contract Tower,24,11,5,17,57,0,0,23,7,30,24,11,28,24,87,6,142,148,235
10/05/2021,HRL,TX,ASW,CE,Federal Contract Tower,23,15,9,28,75,0,0,32,2,34,23,15,41,30,109,66,102,168,277
10/06/2021,HRL,TX,ASW,CE,Federal Contract Tower,23,18,11,9,61,0,1,24,7,32,23,19,35,16,93,36,56,92,185
10/07/2021,HRL,TX,ASW,CE,Federal Contract Tower,26,10,9,15,60,0,0,20,14,34,26,10,29,29,94,54,126,180,274
10/08/2021,HRL,TX,ASW,CE,Federal Contract Tower,23,10,4,11,48,0,0,24,5,29,23,10,28,16,77,44,22,66,143
10/09/2021,HRL,TX,ASW,CE,Federal Contract Tower,21,8,2,6,37,0,0,16,0,16,21,8,18,6,53,48,12,60,113
10/10/2021,HRL,TX,ASW,CE,Federal Contract Tower,21,8,12,2,43,0,0,7,0,7,21,8,19,2,50,0,4,4,54
10/11/2021,HRL,TX,ASW,CE,Federal Contract Tower,19,9,15,0,43,0,0,35,0,35,19,9,50,0,78,64,0,64,142
10/12/2021,HRL,TX,ASW,CE,Federal Contract Tower,19,15,31,35,100,0,0,36,4,40,19,15,67,39,140,62,96,158,298
10/13/2021,HRL,TX,ASW,CE,Federal Contract Tower,19,16,10,4,49,0,0,20,3,23,19,16,30,7,72,62,54,116,188
10/14/2021,HRL,TX,ASW,CE,Federal Contract Tower,20,10,12,14,56,0,0,17,11,28,20,10,29,25,84,20,276,296,380
10/15/2021,HRL,TX,ASW,CE,Federal Contract Tower,26,13,10,24,73,0,0,10,4,14,26,13,20,28,87,8,54,62,149
10/16/2021,HRL,TX,ASW,CE,Federal Contract Tower,19,11,4,3,37,0,0,5,1,6,19,11,9,4,43,0,10,10,53
10/17/2021,HRL,TX,ASW,CE,Federal Contract Tower,17,14,7,5,43,0,0,8,1,9,17,14,15,6,52,0,6,6,58
10/18/2021,HRL,TX,ASW,CE,Federal Contract Tower,13,14,8,27,62,0,0,26,7,33,13,14,34,34,95,34,124,158,253
10/19/2021,HRL,TX,ASW,CE,Federal Contract Tower,24,11,10,18,63,0,0,29,1,30,24,11,39,19,93,16,126,142,235
10/20/2021,HRL,TX,ASW,CE,Federal Contract Tower,23,15,13,1,52,0,2,29,0,31,23,17,42,1,83,54,2,56,139
10/21/2021,HRL,TX,ASW,CE,Federal Contract Tower,20,18,10,27,75,0,0,20,0,20,20,18,30,27,95,86,36,122,217
10/22/2021,HRL,TX,ASW,CE,Federal Contract Tower,22,13,8,3,46,0,0,14,3,17,22,13,22,6,63,0,0,0,63
10/23/2021,HRL,TX,ASW,CE,Federal Contract Tower,17,11,3,21,52,0,0,8,5,13,17,11,11,26,65,0,46,46,111
10/24/2021,HRL,TX,ASW,CE,Federal Contract Tower,21,14,5,16,56,0,0,11,4,15,21,14,16,20,71,10,36,46,117
10/25/2021,HRL,TX,ASW,CE,Federal Contract Tower,15,10,8,1,34,0,0,22,2,24,15,10,30,3,58,32,34,66,124
10/26/2021,HRL,TX,ASW,CE,Federal Contract Tower,21,13,8,11,53,0,0,24,13,37,21,13,32,24,90,24,74,98,188
10/27/2021,HRL,TX,ASW,CE,Federal Contract Tower,23,10,5,21,59,0,0,29,1,30,23,10,34,22,89,58,4,62,151
10/28/2021,HRL,TX,ASW,CE,Federal Contract Tower,22,14,8,20,64,0,0,34,2,36,22,14,42,22,100,56,6,62,162
10/29/2021,HRL,TX,ASW,CE,Federal Contract Tower,22,12,4,16,54,0,0,29,6,35,22,12,33,22,89,12,26,38,127
10/30/2021,HRL,TX,ASW,CE,Federal Contract Tower,24,9,4,3,40,0,0,16,1,17,24,9,20,4,57,24,4,28,85
10/31/2021,HRL,TX,ASW,CE,Federal Contract Tower,20,9,3,2,34,0,0,6,0,6,20,9,9,2,40,2,0,2,42
11/01/2021,HRL,TX,ASW,CE,Federal Contract Tower,19,10,6,20,55,0,0,31,4,35,19,10,37,24,90,40,130,170,260
11/02/2021,HRL,TX,ASW,CE,Federal Contract Tower,20,16,17,15,68,0,0,29,1,30,20,16,46,16,98,56,28,84,182
11/03/2021,HRL,TX,ASW,CE,Federal Contract Tower,34,14,13,33,94,0,0,33,0,33,34,14,46,33,127,56,14,70,197
11/04/2021,HRL,TX,ASW,CE,Federal Contract Tower,24,21,4,25,74,0,0,5,0,5,24,21,9,25,79,0,12,12,91
11/05/2021,HRL,TX,ASW,CE,Federal Contract Tower,31,12,19,10,72,0,0,16,2,18,31,12,35,12,90,46,24,70,160
11/06/2021,HRL,TX,ASW,CE,Federal Contract Tower,16,18,1,4,39,0,0,8,1,9,16,18,9,5,48,34,8,42,90
11/07/2021,HRL,TX,ASW,CE,Federal Contract Tower,17,11,9,2,39,0,0,14,0,14,17,11,23,2,53,18,4,22,75
11/08/2021,HRL,TX,ASW,CE,Federal Contract Tower,22,13,13,9,57,0,0,17,0,17,22,13,30,9,74,8,40,48,122
11/09/2021,HRL,TX,ASW,CE,Federal Contract Tower,20,14,6,17,57,0,0,19,4,23,20,14,25,21,80,16,20,36,116
11/10/2021,HRL,TX,ASW,CE,Federal Contract Tower,31,14,18,7,70,0,0,20,1,21,31,14,38,8,91,42,22,64,155
11/11/2021,HRL,TX,ASW,CE,Federal Contract Tower,20,19,14,6,59,0,0,30,2,32,20,19,44,8,91,26,12,38,129
11/12/2021,HRL,TX,ASW,CE,Federal Contract Tower,29,21,6,4,60,0,0,24,0,24,29,21,30,4,84,0,10,10,94
11/13/2021,HRL,TX,ASW,CE,Federal Contract Tower,18,15,2,5,40,0,0,13,0,13,18,15,15,5,53,4,0,4,57
11/14/2021,HRL,TX,ASW,CE,Federal Contract Tower,22,13,12,3,50,0,0,7,0,7,22,13,19,3,57,0,2,2,59
11/15/2021,HRL,TX,ASW,CE,Federal Contract Tower,23,14,9,8,54,0,0,28,11,39,23,14,37,19,93,18,40,58,151
11/16/2021,HRL,TX,ASW,CE,Federal Contract Tower,22,16,9,18,65,0,0,35,14,49,22,16,44,32,114,42,156,198,312
11/17/2021,HRL,TX,ASW,CE,Federal Contract Tower,27,15,10,24,76,0,0,20,18,38,27,15,30,42,114,10,218,228,342
11/18/2021,HRL,TX,ASW,CE,Federal Contract Tower,22,15,20,2,59,0,0,12,0,12,22,15,32,2,71,24,0,24,95
11/19/2021,HRL,TX,ASW,CE,Federal Contract Tower,32,13,10,22,77,0,0,20,9,29,32,13,30,31,106,44,116,160,266
11/20/2021,HRL,TX,ASW,CE,Federal Contract Tower,23,9,6,12,50,0,0,12,7,19,23,9,18,19,69,12,12,24,93
11/21/2021,HRL,TX,ASW,CE,Federal Contract Tower,17,11,0,9,37,0,0,11,0,11,17,11,11,9,48,22,12,34,82
11/22/2021,HRL,TX,ASW,CE,Federal Contract Tower,25,18,10,4,57,0,0,16,3,19,25,18,26,7,76,6,68,74,150
11/23/2021,HRL,TX,ASW,CE,Federal Contract Tower,22,18,13,28,81,0,0,36,10,46,22,18,49,38,127,34,106,140,267
11/24/2021,HRL,TX,ASW,CE,Federal Contract Tower,35,15,22,0,72,0,0,19,0,19,35,15,41,0,91,10,0,10,101
11/25/2021,HRL,TX,ASW,CE,Federal Contract Tower,15,10,0,0,25,0,0,0,0,0,15,10,0,0,25,0,0,0,25
11/26/2021,HRL,TX,ASW,CE,Federal Contract Tower,25,11,0,1,37,0,0,9,0,9,25,11,9,1,46,12,2,14,60
11/27/2021,HRL,TX,ASW,CE,Federal Contract Tower,23,16,11,0,50,0,0,4,0,4,23,16,15,0,54,0,0,0,54
11/28/2021,HRL,TX,ASW,CE,Federal Contract Tower,20,18,12,2,52,0,0,5,0,5,20,18,17,2,57,18,0,18,75
11/29/2021,HRL,TX,ASW,CE,Federal Contract Tower,24,11,9,30,74,0,0,30,3,33,24,11,39,33,107,38,8,46,153
11/30/2021,HRL,TX,ASW,CE,Federal Contract Tower,21,15,15,16,67,0,0,36,6,42,21,15,51,22,109,28,118,146,255
12/01/2021,HRL,TX,ASW,CE,Federal Contract Tower,27,17,8,25,77,0,0,35,0,35,27,17,43,25,112,72,10,82,194
12/02/2021,HRL,TX,ASW,CE,Federal Contract Tower,17,10,18,12,57,0,0,17,2,19,17,10,35,14,76,10,74,84,160
12/03/2021,HRL,TX,ASW,CE,Federal Contract Tower,31,12,13,7,63,0,0,15,6,21,31,12,28,13,84,14,34,48,132
12/04/2021,HRL,TX,ASW,CE,Federal Contract Tower,16,10,6,4,36,0,0,3,0,3,16,10,9,4,39,6,6,12,51
12/05/2021,HRL,TX,ASW,CE,Federal Contract Tower,19,8,5,5,37,0,0,1,2,3,19,8,6,7,40,0,6,6,46
12/06/2021,HRL,TX,ASW,CE,Federal Contract Tower,22,13,20,30,85,0,0,9,16,25,22,13,29,46,110,22,150,172,282
12/07/2021,HRL,TX,ASW,CE,Federal Contract Tower,20,12,13,12,57,0,0,12,6,18,20,12,25,18,75,10,24,34,109
12/08/2021,HRL,TX,ASW,CE,Federal Contract Tower,27,17,25,6,75,0,0,11,1,12,27,17,36,7,87,2,12,14,101
12/09/2021,HRL,TX,ASW,CE,Federal Contract Tower,22,13,9,23,67,0,0,17,1,18,22,13,26,24,85,44,80,124,209
12/10/2021,HRL,TX,ASW,CE,Federal Contract Tower,33,11,13,25,82,0,0,8,10,18,33,11,21,35,100,0,172,172,272
12/11/2021,HRL,TX,ASW,CE,Federal Contract Tower,19,14,2,8,43,0,0,0,1,1,19,14,2,9,44,0,14,14,58
12/12/2021,HRL,TX,ASW,CE,Federal Contract Tower,14,10,2,1,27,0,0,13,0,13,14,10,15,1,40,14,0,14,54
12/13/2021,HRL,TX,ASW,CE,Federal Contract Tower,22,14,14,6,56,0,2,16,7,25,22,16,30,13,81,2,74,76,157
12/14/2021,HRL,TX,ASW,CE,Federal Contract Tower,20,14,11,10,55,0,2,12,11,25,20,16,23,21,80,26,56,82,162
12/15/2021,HRL,TX,ASW,CE,Federal Contract Tower,33,17,10,8,68,0,0,22,5,27,33,17,32,13,95,16,86,102,197
12/16/2021,HRL,TX,ASW,CE,Federal Contract Tower,21,10,14,4,49,0,19,31,10,60,21,29,45,14,109,48,24,72,181
12/17/2021,HRL,TX,ASW,CE,Federal Contract Tower,35,18,14,15,82,0,0,15,5,20,35,18,29,20,102,22,112,134,236
12/18/2021,HRL,TX,ASW,CE,Federal Contract Tower,23,4,4,6,37,0,0,3,0,3,23,4,7,6,40,0,8,8,48
12/19/2021,HRL,TX,ASW,CE,Federal Contract Tower,18,13,7,0,38,0,0,2,0,2,18,13,9,0,40,0,0,0,40
12/20/2021,HRL,TX,ASW,CE,Federal Contract Tower,23,13,15,15,66,0,0,24,0,24,23,13,39,15,90,6,10,16,106
12/21/2021,HRL,TX,ASW,CE,Federal Contract Tower,25,14,8,17,64,0,0,28,6,34,25,14,36,23,98,12,152,164,262
12/22/2021,HRL,TX,ASW,CE,Federal Contract Tower,27,16,10,10,63,0,0,25,9,34,27,16,35,19,97,4,70,74,171
12/23/2021,HRL,TX,ASW,CE,Federal Contract Tower,24,13,2,0,39,0,0,25,0,25,24,13,27,0,64,22,0,22,86
12/24/2021,HRL,TX,ASW,CE,Federal Contract Tower,23,11,7,0,41,0,0,8,0,8,23,11,15,0,49,14,0,14,63
12/25/2021,HRL,TX,ASW,CE,Federal Contract Tower,12,6,4,0,22,0,0,1,0,1,12,6,5,0,23,0,0,0,23
12/26/2021,HRL,TX,ASW,CE,Federal Contract Tower,19,12,8,0,39,0,0,3,0,3,19,12,11,0,42,4,0,4,46
12/27/2021,HRL,TX,ASW,CE,Federal Contract Tower,27,14,9,16,66,0,0,11,1,12,27,14,20,17,78,0,32,32,110
12/28/2021,HRL,TX,ASW,CE,Federal Contract Tower,23,17,12,22,74,0,0,16,3,19,23,17,28,25,93,14,48,62,155
12/29/2021,HRL,TX,ASW,CE,Federal Contract Tower,20,10,14,5,49,0,0,13,2,15,20,10,27,7,64,4,60,64,128
12/30/2021,HRL,TX,ASW,CE,Federal Contract Tower,22,13,2,0,37,0,0,25,0,25,22,13,27,0,62,32,0,32,94
12/31/2021,HRL,TX,ASW,CE,Federal Contract Tower,23,7,6,0,36,0,0,3,0,3,23,7,9,0,39,14,0,14,53
01/01/2022,HRL,TX,ASW,CE,Federal Contract Tower,14,4,4,0,22,0,0,2,0,2,14,4,6,0,24,0,0,0,24
01/02/2022,HRL,TX,ASW,CE,Federal Contract Tower,18,9,3,0,30,0,0,0,0,0,18,9,3,0,30,0,0,0,30
01/03/2022,HRL,TX,ASW,CE,Federal Contract Tower,21,13,11,2,47,0,0,23,0,23,21,13,34,2,70,10,2,12,82
01/04/2022,HRL,TX,ASW,CE,Federal Contract Tower,28,10,13,0,51,0,0,17,0,17,28,10,30,0,68,28,0,28,96
01/05/2022,HRL,TX,ASW,CE,Federal Contract Tower,22,14,11,10,57,0,3,23,19,45,22,17,34,29,102,14,292,306,408
01/06/2022,HRL,TX,ASW,CE,Federal Contract Tower,22,15,15,18,70,0,0,23,7,30,22,15,38,25,100,2,64,66,166
01/07/2022,HRL,TX,ASW,CE,Federal Contract Tower,24,12,20,2,58,0,0,0,0,0,24,12,20,2,58,4,4,8,66
01/08/2022,HRL,TX,ASW,CE,Federal Contract Tower,20,19,6,9,54,0,0,2,0,2,20,19,8,9,56,0,14,14,70
01/09/2022,HRL,TX,ASW,CE,Federal Contract Tower,17,20,17,0,54,0,0,4,2,6,17,20,21,2,60,0,2,2,62
01/10/2022,HRL,TX,ASW,CE,Federal Contract Tower,19,13,6,15,53,0,0,5,0,5,19,13,11,15,58,22,10,32,90
01/11/2022,HRL,TX,ASW,CE,Federal Contract Tower,28,10,9,25,72,0,0,22,3,25,28,10,31,28,97,22,98,120,217
01/12/2022,HRL,TX,ASW,CE,Federal Contract Tower,19,10,19,10,58,0,0,11,0,11,19,10,30,10,69,0,14,14,83
01/13/2022,HRL,TX,ASW,CE,Federal Contract Tower,29,9,9,18,65,0,2,29,5,36,29,11,38,23,101,44,26,70,171
01/14/2022,HRL,TX,ASW,CE,Federal Contract Tower,26,12,12,18,68,0,0,25,6,31,26,12,37,24,99,42,70,112,211
01/15/2022,HRL,TX,ASW,CE,Federal Contract Tower,13,14,1,0,28,0,0,1,0,1,13,14,2,0,29,0,0,0,29
01/16/2022,HRL,TX,ASW,CE,Federal Contract Tower,15,12,4,0,31,0,0,12,13,25,15,12,16,13,56,0,0,0,56
01/17/2022,HRL,TX,ASW,CE,Federal Contract Tower,24,9,8,0,41,0,0,23,0,23,24,9,31,0,64,30,0,30,94
01/18/2022,HRL,TX,ASW,CE,Federal Contract Tower,24,11,5,12,52,0,0,22,7,29,24,11,27,19,81,62,108,170,251
01/19/2022,HRL,TX,ASW,CE,Federal Contract Tower,22,18,11,17,68,0,0,27,5,32,22,18,38,22,100,32,178,210,310
01/20/2022,HRL,TX,ASW,CE,Federal Contract Tower,24,8,1,0,33,0,0,3,0,3,24,8,4,0,36,0,0,0,36
01/21/2022,HRL,TX,ASW,CE,Federal Contract Tower,22,16,8,0,46,0,0,2,0,2,22,16,10,0,48,0,0,0,48
01/22/2022,HRL,TX,ASW,CE,Federal Contract Tower,19,11,11,23,64,0,0,0,0,0,19,11,11,23,64,8,34,42,106
01/23/2022,HRL,TX,ASW,CE,Federal Contract Tower,17,14,8,6,45,0,0,0,0,0,17,14,8,6,45,0,9,9,54
01/24/2022,HRL,TX,ASW,CE,Federal Contract Tower,24,11,6,10,51,0,0,0,0,0,24,11,6,10,51,0,16,16,67
01/25/2022,HRL,TX,ASW,CE,Federal Contract Tower,24,9,9,29,71,0,0,32,12,44,24,9,41,41,115,32,214,246,361
01/26/2022,HRL,TX,ASW,CE,Federal Contract Tower,23,7,14,11,55,0,0,18,5,23,23,7,32,16,78,20,62,82,160
01/27/2022,HRL,TX,ASW,CE,Federal Contract Tower,31,7,16,20,74,0,0,10,2,12,31,7,26,22,86,16,24,40,126
01/28/2022,HRL,TX,ASW,CE,Federal Contract Tower,22,10,4,8,44,0,0,8,0,8,22,10,12,8,52,32,12,44,96
01/29/2022,HRL,TX,ASW,CE,Federal Contract Tower,13,12,5,3,33,0,0,29,3,32,13,12,34,6,65,40,8,48,113
01/30/2022,HRL,TX,ASW,CE,Federal Contract Tower,15,8,7,4,34,0,0,16,5,21,15,8,23,9,55,14,8,22,77
01/31/2022,HRL,TX,ASW,CE,Federal Contract Tower,18,12,7,24,61,0,0,15,5,20,18,12,22,29,81,12,86,98,179
02/01/2022,HRL,TX,ASW,CE,Federal Contract Tower,20,14,7,24,65,0,0,19,9,28,20,14,26,33,93,32,56,88,181
02/02/2022,HRL,TX,ASW,CE,Federal Contract Tower,28,13,9,27,77,0,0,18,3,21,28,13,27,30,98,38,120,158,256
02/03/2022,HRL,TX,ASW,CE,Federal Contract Tower,16,11,11,6,44,0,0,0,0,0,16,11,11,6,44,0,8,8,52
02/04/2022,HRL,TX,ASW,CE,Federal Contract Tower,21,11,6,12,50,0,0,8,0,8,21,11,14,12,58,0,18,18,76
02/05/2022,HRL,TX,ASW,CE,Federal Contract Tower,13,22,6,1,42,0,0,24,4,28,13,22,30,5,70,14,18,32,102
02/06/2022,HRL,TX,ASW,CE,Federal Contract Tower,12,14,8,10,44,0,0,7,0,7,12,14,15,10,51,4,10,14,65
02/07/2022,HRL,TX,ASW,CE,Federal Contract Tower,25,13,11,17,66,0,0,13,0,13,25,13,24,17,79,10,14,24,103
02/08/2022,HRL,TX,ASW,CE,Federal Contract Tower,22,12,5,3,42,0,2,37,4,43,22,14,42,7,85,66,58,124,209
02/09/2022,HRL,TX,ASW,CE,Federal Contract Tower,27,11,12,21,71,0,0,36,0,36,27,11,48,21,107,36,24,60,167
02/10/2022,HRL,TX,ASW,CE,Federal Contract Tower,30,8,7,10,55,0,0,32,0,32,30,8,39,10,87,54,34,88,175
02/11/2022,HRL,TX,ASW,CE,Federal Contract Tower,25,8,12,11,56,0,0,20,5,25,25,8,32,16,81,44,42,86,167
02/12/2022,HRL,TX,ASW,CE,Federal Contract Tower,15,16,7,12,50,0,0,2,1,3,15,16,9,13,53,12,22,34,87
02/13/2022,HRL,TX,ASW,CE,Federal Contract Tower,19,9,12,4,44,0,2,6,0,8,19,11,18,4,52,20,8,28,80
02/14/2022,HRL,TX,ASW,CE,Federal Contract Tower,25,9,2,26,62,0,0,39,2,41,25,9,41,28,103,60,130,190,293
02/15/2022,HRL,TX,ASW,CE,Federal Contract Tower,20,12,12,9,53,0,6,22,4,32,20,18,34,13,85,16,64,80,165
02/16/2022,HRL,TX,ASW,CE,Federal Contract Tower,29,13,9,23,74,0,0,14,6,20,29,13,23,29,94,0,186,186,280
02/17/2022,HRL,TX,ASW,CE,Federal Contract Tower,26,12,8,25,71,0,0,38,9,47,26,12,46,34,118,34,44,78,196
02/18/2022,HRL,TX,ASW,CE,Federal Contract Tower,35,12,19,3,69,0,0,31,14,45,35,12,50,17,114,44,104,148,262
02/19/2022,HRL,TX,ASW,CE,Federal Contract Tower,14,11,4,9,38,0,0,12,11,23,14,11,16,20,61,22,16,38,99
02/20/2022,HRL,TX,ASW,CE,Federal Contract Tower,14,14,12,0,40,0,0,8,0,8,14,14,20,0,48,2,0,2,50
02/21/2022,HRL,TX,ASW,CE,Federal Contract Tower,30,6,6,4,46,0,0,13,0,13,30,6,19,4,59,2,8,10,69
02/22/2022,HRL,TX,ASW,CE,Federal Contract Tower,24,13,13,29,79,0,0,7,8,15,24,13,20,37,94,2,114,116,210
02/23/2022,HRL,TX,ASW,CE,Federal Contract Tower,27,9,11,16,63,0,0,13,0,13,27,9,24,16,76,26,14,40,116
02/24/2022,HRL,TX,ASW,CE,Federal Contract Tower,24,13,7,7,51,0,0,1,0,1,24,13,8,7,52,0,8,8,60
02/25/2022,HRL,TX,ASW,CE,Federal Contract Tower,31,12,16,0,59,0,0,0,0,0,31,12,16,0,59,0,0,0,59
02/26/2022,HRL,TX,ASW,CE,Federal Contract Tower,15,17,4,0,36,0,0,0,0,0,15,17,4,0,36,0,0,0,36
02/27/2022,HRL,TX,ASW,CE,Federal Contract Tower,14,12,10,0,36,0,0,1,0,1,14,12,11,0,37,0,0,0,37
02/28/2022,HRL,TX,ASW,CE,Federal Contract Tower,26,8,8,21,63,0,0,46,11,57,26,8,54,32,120,50,46,96,216
03/01/2022,HRL,TX,ASW,CE,Federal Contract Tower,22,10,10,33,75,0,0,40,5,45,22,10,50,38,120,84,122,206,326
03/02/2022,HRL,TX,ASW,CE,Federal Contract Tower,32,8,25,28,93,0,0,35,10,45,32,8,60,38,138,40,160,200,338
03/03/2022,HRL,TX,ASW,CE,Federal Contract Tower,27,19,10,20,76,0,0,30,8,38,27,19,40,28,114,42,56,98,212
03/04/2022,HRL,TX,ASW,CE,Federal Contract Tower,32,15,8,15,70,0,0,13,1,14,32,15,21,16,84,14,26,40,124
03/05/2022,HRL,TX,ASW,CE,Federal Contract Tower,15,15,3,11,44,0,0,2,1,3,15,15,5,12,47,0,20,20,67
03/06/2022,HRL,TX,ASW,CE,Federal Contract Tower,17,12,5,2,36,0,0,2,0,2,17,12,7,2,38,2,4,6,44
03/07/2022,HRL,TX,ASW,CE,Federal Contract Tower,30,8,8,8,54,0,0,4,0,4,30,8,12,8,58,0,10,10,68
03/08/2022,HRL,TX,ASW,CE,Federal Contract Tower,24,8,16,10,58,0,0,8,0,8,24,8,24,10,66,2,8,10,76
03/09/2022,HRL,TX,ASW,CE,Federal Contract Tower,33,12,20,9,74,0,0,21,0,21,33,12,41,9,95,14,22,36,131
03/10/2022,HRL,TX,ASW,CE,Federal Contract Tower,34,14,19,14,81,0,3,19,6,28,34,17,38,20,109,20,46,66,175
03/11/2022,HRL,TX,ASW,CE,Federal Contract Tower,33,14,15,11,73,0,3,16,0,19,33,17,31,11,92,2,12,14,106
03/12/2022,HRL,TX,ASW,CE,Federal Contract Tower,18,15,9,4,46,0,0,20,1,21,18,15,29,5,67,32,6,38,105
03/13/2022,HRL,TX,ASW,CE,Federal Contract Tower,24,12,12,5,53,0,0,7,0,7,24,12,19,5,60,14,6,20,80
03/14/2022,HRL,TX,ASW,CE,Federal Contract Tower,27,13,8,51,99,0,0,22,12,34,27,13,30,63,133,16,122,138,271
03/15/2022,HRL,TX,ASW,CE,Federal Contract Tower,29,8,5,17,59,0,0,22,1,23,29,8,27,18,82,26,10,36,118
03/16/2022,HRL,TX,ASW,CE,Federal Contract Tower,35,11,10,15,71,0,0,27,4,31,35,11,37,19,102,42,56,98,200
03/17/2022,HRL,TX,ASW,CE,Federal Contract Tower,30,14,8,37,89,0,0,20,12,32,30,14,28,49,121,24,186,210,331
03/18/2022,HRL,TX,ASW,CE,Federal Contract Tower,37,15,5,5,62,0,0,8,0,8,37,15,13,5,70,0,8,8,78
03/19/2022,HRL,TX,ASW,CE,Federal Contract Tower,20,13,8,0,41,0,0,15,0,15,20,13,23,0,56,24,0,24,80
03/20/2022,HRL,TX,ASW,CE,Federal Contract Tower,20,15,3,0,38,0,0,10,0,10,20,15,13,0,48,2,0,2,50
03/21/2022,HRL,TX,ASW,CE,Federal Contract Tower,24,6,5,13,48,0,0,5,4,9,24,6,10,17,57,0,76,76,133
03/22/2022,HRL,TX,ASW,CE,Federal Contract Tower,28,6,5,15,54,0,0,27,13,40,28,6,32,28,94,22,86,108,202
03/23/2022,HRL,TX,ASW,CE,Federal Contract Tower,33,11,14,8,66,0,0,20,9,29,33,11,34,17,95,8,114,122,217
03/24/2022,HRL,TX,ASW,CE,Federal Contract Tower,33,11,8,15,67,0,0,31,6,37,33,11,39,21,104,26,26,52,156
03/25/2022,HRL,TX,ASW,CE,Federal Contract Tower,37,7,6,10,60,0,0,34,6,40,37,7,40,16,100,58,104,162,262
03/26/2022,HRL,TX,ASW,CE,Federal Contract Tower,16,14,4,6,40,0,0,18,2,20,16,14,22,8,60,2,8,10,70
03/27/2022,HRL,TX,ASW,CE,Federal Contract Tower,22,11,4,5,42,0,0,11,0,11,22,11,15,5,53,2,2,4,57
03/28/2022,HRL,TX,ASW,CE,Federal Contract Tower,27,8,9,37,81,0,0,34,9,43,27,8,43,46,124,14,110,124,248
03/29/2022,HRL,TX,ASW,CE,Federal Contract Tower,28,11,5,20,64,0,0,9,0,9,28,11,14,20,73,0,46,46,119
03/30/2022,HRL,TX,ASW,CE,Federal Contract Tower,33,14,10,8,65,0,0,31,7,38,33,14,41,15,103,12,28,40,143
03/31/2022,HRL,TX,ASW,CE,Federal Contract Tower,31,13,13,19,76,0,0,25,3,28,31,13,38,22,104,34,60,94,198
04/01/2022,HRL,TX,ASW,CE,Federal Contract Tower,35,9,9,10,63,0,0,24,1,25,35,9,33,11,88,16,28,44,132
04/02/2022,HRL,TX,ASW,CE,Federal Contract Tower,21,11,4,10,46,0,0,12,0,12,21,11,16,10,58,40,12,52,110
04/03/2022,HRL,TX,ASW,CE,Federal Contract Tower,25,10,7,6,48,0,0,8,0,8,25,10,15,6,56,0,0,0,56
04/04/2022,HRL,TX,ASW,CE,Federal Contract Tower,27,9,12,9,57,0,0,24,3,27,27,9,36,12,84,50,88,138,222
04/05/2022,HRL,TX,ASW,CE,Federal Contract Tower,27,8,12,8,55,0,0,20,6,26,27,8,32,14,81,30,30,60,141
04/06/2022,HRL,TX,ASW,CE,Federal Contract Tower,34,11,6,20,71,0,0,26,1,27,34,11,32,21,98,22,72,94,192
04/07/2022,HRL,TX,ASW,CE,Federal Contract Tower,33,11,13,6,63,0,0,37,0,37,33,11,50,6,100,26,2,28,128
04/08/2022,HRL,TX,ASW,CE,Federal Contract Tower,33,6,10,17,66,0,0,21,4,25,33,6,31,21,91,14,58,72,163
04/09/2022,HRL,TX,ASW,CE,Federal Contract Tower,12,14,5,5,36,0,0,13,0,13,12,14,18,5,49,6,10,16,65
04/10/2022,HRL,TX,ASW,CE,Federal Contract Tower,21,10,7,4,42,0,0,6,0,6,21,10,13,4,48,4,6,10,58
04/11/2022,HRL,TX,ASW,CE,Federal Contract Tower,30,7,6,20,63,0,0,15,9,24,30,7,21,29,87,12,142,154,241
04/12/2022,HRL,TX,ASW,CE,Federal Contract Tower,29,6,10,23,68,0,0,16,0,16,29,6,26,23,84,12,48,60,144
04/13/2022,HRL,TX,ASW,CE,Federal Contract Tower,29,6,10,15,60,0,0,29,5,34,29,6,39,20,94,46,66,112,206
04/14/2022,HRL,TX,ASW,CE,Federal Contract Tower,24,9,11,3,47,0,0,10,0,10,24,9,21,3,57,0,6,6,63
04/15/2022,HRL,TX,ASW,CE,Federal Contract Tower,27,8,12,9,56,0,0,16,0,16,27,8,28,9,72,34,48,82,154
04/16/2022,HRL,TX,ASW,CE,Federal Contract Tower,24,7,5,0,36,0,0,16,0,16,24,7,21,0,52,36,0,36,88
04/17/2022,HRL,TX,ASW,CE,Federal Contract Tower,21,11,3,2,37,0,0,7,4,11,21,11,10,6,48,16,10,26,74
04/18/2022,HRL,TX,ASW,CE,Federal Contract Tower,25,7,9,23,64,0,0,33,9,42,25,7,42,32,106,50,104,154,260
04/19/2022,HRL,TX,ASW,CE,Federal Contract Tower,32,7,10,5,54,0,0,9,0,9,32,7,19,5,63,16,2,18,81
04/20/2022,HRL,TX,ASW,CE,Federal Contract Tower,39,6,13,17,75,0,0,31,1,32,39,6,44,18,107,6,42,48,155
04/21/2022,HRL,TX,ASW,CE,Federal Contract Tower,30,12,9,19,70,0,1,32,3,36,30,13,41,22,106,36,30,66,172
04/22/2022,HRL,TX,ASW,CE,Federal Contract Tower,35,9,14,0,58,0,0,20,10,30,35,9,34,10,88,62,102,164,252
04/23/2022,HRL,TX,ASW,CE,Federal Contract Tower,15,15,6,6,42,0,0,10,0,10,15,15,16,6,52,26,8,34,86
04/24/2022,HRL,TX,ASW,CE,Federal Contract Tower,18,10,5,2,35,0,0,3,0,3,18,10,8,2,38,2,2,4,42
04/25/2022,HRL,TX,ASW,CE,Federal Contract Tower,26,12,11,10,59,0,0,18,9,27,26,12,29,19,86,46,48,94,180
04/26/2022,HRL,TX,ASW,CE,Federal Contract Tower,30,8,9,2,49,0,0,5,0,5,30,8,14,2,54,8,0,8,62
04/27/2022,HRL,TX,ASW,CE,Federal Contract Tower,38,8,11,9,66,0,0,35,2,37,38,8,46,11,103,58,48,106,209
04/28/2022,HRL,TX,ASW,CE,Federal Contract Tower,34,10,11,29,84,0,0,33,5,38,34,10,44,34,122,42,74,116,238
04/29/2022,HRL,TX,ASW,CE,Federal Contract Tower,37,7,13,9,66,0,0,30,14,44,37,7,43,23,110,72,93,165,275
04/30/2022,HRL,TX,ASW,CE,Federal Contract Tower,18,8,1,5,32,0,0,17,1,18,18,8,18,6,50,26,6,32,82
05/01/2022,HRL,TX,ASW,CE,Federal Contract Tower,24,9,7,3,43,0,0,10,0,10,24,9,17,3,53,6,6,12,65
05/02/2022,HRL,TX,ASW,CE,Federal Contract Tower,33,6,10,24,73,0,0,19,2,21,33,6,29,26,94,28,88,116,210
05/03/2022,HRL,TX,ASW,CE,Federal Contract Tower,29,21,10,15,75,0,0,25,0,25,29,21,35,15,100,28,78,106,206
05/04/2022,HRL,TX,ASW,CE,Federal Contract Tower,33,11,9,18,71,0,0,19,6,25,33,11,28,24,96,2,106,108,204
05/05/2022,HRL,TX,ASW,CE,Federal Contract Tower,30,5,12,25,72,0,0,24,3,27,30,5,36,28,99,42,44,86,185
05/06/2022,HRL,TX,ASW,CE,Federal Contract Tower,33,6,7,14,60,0,0,21,4,25,33,6,28,18,85,46,40,86,171
05/07/2022,HRL,TX,ASW,CE,Federal Contract Tower,22,5,6,1,34,0,1,23,0,24,22,6,29,1,58,0,62,62,120
05/08/2022,HRL,TX,ASW,CE,Federal Contract Tower,22,9,7,5,43,0,0,9,0,9,22,9,16,5,52,2,6,8,60
05/09/2022,HRL,TX,ASW,CE,Federal Contract Tower,28,6,11,12,57,0,0,38,0,38,28,6,49,12,95,42,16,58,153
05/10/2022,HRL,TX,ASW,CE,Federal Contract Tower,29,10,17,14,70,0,0,23,7,30,29,10,40,21,100,34,48,82,182
05/11/2022,HRL,TX,ASW,CE,Federal Contract Tower,38,5,10,10,63,0,4,41,0,45,38,9,51,10,108,58,6,64,172
05/12/2022,HRL,TX,ASW,CE,Federal Contract Tower,34,8,8,18,68,0,2,33,7,42,34,10,41,25,110,14,120,134,244
05/13/2022,HRL,TX,ASW,CE,Federal Contract Tower,39,3,6,10,58,0,0,18,1,19,39,3,24,11,77,78,56,134,211
05/14/2022,HRL,TX,ASW,CE,Federal Contract Tower,22,6,1,2,31,0,0,38,1,39,22,6,39,3,70,36,2,38,108
05/15/2022,HRL,TX,ASW,CE,Federal Contract Tower,28,5,1,13,47,0,0,14,2,16,28,5,15,15,63,14,18,32,95
05/16/2022,HRL,TX,ASW,CE,Federal Contract Tower,33,4,11,13,61,0,1,30,10,41,33,5,41,23,102,16,36,52,154
05/17/2022,HRL,TX,ASW,CE,Federal Contract Tower,30,6,6,16,58,0,0,17,15,32,30,6,23,31,90,18,102,120,210
05/18/2022,HRL,TX,ASW,CE,Federal Contract Tower,39,7,12,7,65,1,0,20,0,21,40,7,32,7,86,10,8,18,104
05/19/2022,HRL,TX,ASW,CE,Federal Contract Tower,31,9,13,17,70,0,0,20,24,44,31,9,33,41,114,20,192,212,326
05/20/2022,HRL,TX,ASW,CE,Federal Contract Tower,33,7,11,9,60,0,0,4,6,10,33,7,15,15,70,4,120,124,194
05/21/2022,HRL,TX,ASW,CE,Federal Contract Tower,20,9,5,12,46,0,0,8,0,8,20,9,13,12,54,4,18,22,76
05/22/2022,HRL,TX,ASW,CE,Federal Contract Tower,30,5,5,2,42,0,0,4,0,4,30,5,9,2,46,14,0,14,60
05/23/2022,HRL,TX,ASW,CE,Federal Contract Tower,29,5,9,14,57,0,0,18,5,23,29,5,27,19,80,28,44,72,152
05/24/2022,HRL,TX,ASW,CE,Federal Contract Tower,34,6,5,25,70,0,0,5,6,11,34,6,10,31,81,22,76,98,179
05/25/2022,HRL,TX,ASW,CE,Federal Contract Tower,37,6,14,17,74,0,0,22,2,24,37,6,36,19,98,30,18,48,146
05/26/2022,HRL,TX,ASW,CE,Federal Contract Tower,38,7,9,9,63,1,0,21,2,24,39,7,30,11,87,30,56,86,173
05/27/2022,HRL,TX,ASW,CE,Federal Contract Tower,38,3,13,3,57,0,0,18,2,20,38,3,31,5,77,48,2,50,127
05/28/2022,HRL,TX,ASW,CE,Federal Contract Tower,23,11,2,0,36,0,0,13,0,13,23,11,15,0,49,2,0,2,51
05/29/2022,HRL,TX,ASW,CE,Federal Contract Tower,23,7,4,0,34,0,0,7,0,7,23,7,11,0,41,2,0,2,43
05/30/2022,HRL,TX,ASW,CE,Federal Contract Tower,35,5,4,0,44,0,0,18,2,20,35,5,22,2,64,18,0,18,82
05/31/2022,HRL,TX,ASW,CE,Federal Contract Tower,32,6,15,26,79,0,0,19,0,19,32,6,34,26,98,36,36,72,170
06/01/2022,HRL,TX,ASW,CE,Federal Contract Tower,33,5,13,30,81,0,0,14,2,16,33,5,27,32,97,38,90,128,225
06/02/2022,HRL,TX,ASW,CE,Federal Contract Tower,31,7,5,17,60,0,0,22,7,29,31,7,27,24,89,38,16,54,143
06/03/2022,HRL,TX,ASW,CE,Federal Contract Tower,33,10,6,8,57,0,0,16,1,17,33,10,22,9,74,18,30,48,122
06/04/2022,HRL,TX,ASW,CE,Federal Contract Tower,19,9,0,15,43,0,1,16,3,20,19,10,16,18,63,0,20,20,83
06/05/2022,HRL,TX,ASW,CE,Federal Contract Tower,20,10,6,3,39,0,0,8,2,10,20,10,14,5,49,0,2,2,51
06/06/2022,HRL,TX,ASW,CE,Federal Contract Tower,27,11,2,12,52,0,0,7,11,18,27,11,9,23,70,4,114,118,188
06/07/2022,HRL,TX,ASW,CE,Federal Contract Tower,34,8,13,22,77,0,2,17,12,31,34,10,30,34,108,34,140,174,282
06/08/2022,HRL,TX,ASW,CE,Federal Contract Tower,43,8,6,12,69,0,0,17,1,18,43,8,23,13,87,14,24,38,125
06/09/2022,HRL,TX,ASW,CE,Federal Contract Tower,25,10,11,21,67,0,0,29,6,35,25,10,40,27,102,18,26,44,146
06/10/2022,HRL,TX,ASW,CE,Federal Contract Tower,35,9,4,11,59,0,0,26,8,34,35,9,30,19,93,12,56,68,161
06/11/2022,HRL,TX,ASW,CE,Federal Contract Tower,25,11,3,10,49,0,0,12,3,15,25,11,15,13,64,2,40,42,106
06/12/2022,HRL,TX,ASW,CE,Federal Contract Tower,23,9,7,3,42,0,0,8,0,8,23,9,15,3,50,4,6,10,60
06/13/2022,HRL,TX,ASW,CE,Federal Contract Tower,33,8,3,0,44,0,0,17,1,18,33,8,20,1,62,10,2,12,74
06/14/2022,HRL,TX,ASW,CE,Federal Contract Tower,36,7,17,17,77,0,0,9,9,18,36,7,26,26,95,30,182,212,307
06/15/2022,HRL,TX,ASW,CE,Federal Contract Tower,41,8,15,29,93,0,0,14,0,14,41,8,29,29,107,2,38,40,147
06/16/2022,HRL,TX,ASW,CE,Federal Contract Tower,26,9,9,14,58,0,0,18,0,18,26,9,27,14,76,46,20,66,142
06/17/2022,HRL,TX,ASW,CE,Federal Contract Tower,37,11,10,14,72,0,0,21,15,36,37,11,31,29,108,11,114,125,233
06/18/2022,HRL,TX,ASW,CE,Federal Contract Tower,23,11,2,7,43,0,0,16,0,16,23,11,18,7,59,0,6,6,65
06/19/2022,HRL,TX,ASW,CE,Federal Contract Tower,24,8,6,7,45,0,0,2,6,8,24,8,8,13,53,0,12,12,65
06/20/2022,HRL,TX,ASW,CE,Federal Contract Tower,34,11,10,9,64,0,0,22,0,22,34,11,32,9,86,8,10,18,104
06/21/2022,HRL,TX,ASW,CE,Federal Contract Tower,32,7,8,14,61,0,0,18,4,22,32,7,26,18,83,16,2,18,101
06/22/2022,HRL,TX,ASW,CE,Federal Contract Tower,47,7,8,29,91,0,0,23,5,28,47,7,31,34,119,30,96,126,245
06/23/2022,HRL,TX,ASW,CE,Federal Contract Tower,31,7,11,26,75,0,0,15,2,17,31,7,26,28,92,0,8,8,100
06/24/2022,HRL,TX,ASW,CE,Federal Contract Tower,43,3,3,7,56,0,0,14,10,24,43,3,17,17,80,2,26,28,108
06/25/2022,HRL,TX,ASW,CE,Federal Contract Tower,24,8,7,3,42,0,0,20,6,26,24,8,27,9,68,12,56,68,136
06/26/2022,HRL,TX,ASW,CE,Federal Contract Tower,25,2,2,4,33,0,0,3,3,6,25,2,5,7,39,2,16,18,57
06/27/2022,HRL,TX,ASW,CE,Federal Contract Tower,36,5,7,10,58,0,0,12,0,12,36,5,19,10,70,24,10,34,104
06/28/2022,HRL,TX,ASW,CE,Federal Contract Tower,32,6,12,17,67,0,0,11,0,11,32,6,23,17,78,6,28,34,112
06/29/2022,HRL,TX,ASW,CE,Federal Contract Tower,42,6,18,14,80,0,0,21,2,23,42,6,39,16,103,10,64,74,177
06/30/2022,HRL,TX,ASW,CE,Federal Contract Tower,31,4,15,13,63,0,1,39,8,48,31,5,54,21,111,8,71,79,190
07/01/2022,HRL,TX,ASW,CE,Federal Contract Tower,34,6,4,3,47,0,2,41,2,45,34,8,45,5,92,22,6,28,120
07/02/2022,HRL,TX,ASW,CE,Federal Contract Tower,19,12,2,1,34,0,2,33,1,36,19,14,35,2,70,60,20,80,150
07/03/2022,HRL,TX,ASW,CE,Federal Contract Tower,22,8,1,0,31,0,0,0,0,0,22,8,1,0,31,0,0,0,31
07/04/2022,HRL,TX,ASW,CE,Federal Contract Tower,27,8,4,0,39,0,0,12,0,12,27,8,16,0,51,4,0,4,55
07/05/2022,HRL,TX,ASW,CE,Federal Contract Tower,28,6,9,1,44,0,0,29,1,30,28,6,38,2,74,14,2,16,90
07/06/2022,HRL,TX,ASW,CE,Federal Contract Tower,42,7,7,6,62,0,0,39,7,46,42,7,46,13,108,16,94,110,218
07/07/2022,HRL,TX,ASW,CE,Federal Contract Tower,30,9,7,16,62,0,0,35,3,38,30,9,42,19,100,20,30,50,150
07/08/2022,HRL,TX,ASW,CE,Federal Contract Tower,35,7,1,16,59,0,2,20,6,28,35,9,21,22,87,0,34,34,121
07/09/2022,HRL,TX,ASW,CE,Federal Contract Tower,24,8,2,9,43,0,1,29,0,30,24,9,31,9,73,12,12,24,97
07/10/2022,HRL,TX,ASW,CE,Federal Contract Tower,20,5,4,0,29,0,0,27,2,29,20,5,31,2,58,2,0,2,60
07/11/2022,HRL,TX,ASW,CE,Federal Contract Tower,32,7,14,7,60,0,2,24,8,34,32,9,38,15,94,0,32,32,126
07/12/2022,HRL,TX,ASW,CE,Federal Contract Tower,32,8,5,15,60,0,0,21,7,28,32,8,26,22,88,20,30,50,138
07/13/2022,HRL,TX,ASW,CE,Federal Contract Tower,44,6,12,12,74,0,0,35,4,39,44,6,47,16,113,20,42,62,175
07/14/2022,HRL,TX,ASW,CE,Federal Contract Tower,35,8,4,11,58,0,0,34,1,35,35,8,38,12,93,4,16,20,113
07/15/2022,HRL,TX,ASW,CE,Federal Contract Tower,38,8,12,10,68,0,0,18,6,24,38,8,30,16,92,0,62,62,154
07/16/2022,HRL,TX,ASW,CE,Federal Contract Tower,20,8,2,0,30,0,17,0,3,20,20,25,2,3,50,28,0,28,78
07/17/2022,HRL,TX,ASW,CE,Federal Contract Tower,24,7,5,4,40,0,0,15,2,17,24,7,20,6,57,12,10,22,79
07/18/2022,HRL,TX,ASW,CE,Federal Contract Tower,33,7,17,21,78,0,0,34,3,37,33,7,51,24,115,32,56,88,203
07/19/2022,HRL,TX,ASW,CE,Federal Contract Tower,31,8,5,37,81,0,0,20,10,30,31,8,25,47,111,16,248,264,375
07/20/2022,HRL,TX,ASW,CE,Federal Contract Tower,40,7,16,30,93,0,0,7,1,8,40,7,23,31,101,0,68,68,169
07/21/2022,HRL,TX,ASW,CE,Federal Contract Tower,32,6,12,25,75,0,2,20,6,28,32,8,32,31,103,50,112,162,265
07/22/2022,HRL,TX,ASW,CE,Federal Contract Tower,34,6,10,6,56,0,0,29,0,29,34,6,39,6,85,36,12,48,133
07/23/2022,HRL,TX,ASW,CE,Federal Contract Tower,25,10,4,13,52,0,0,14,0,14,25,10,18,13,66,10,20,30,96
07/24/2022,HRL,TX,ASW,CE,Federal Contract Tower,24,5,7,0,36,0,0,2,0,2,24,5,9,0,38,0,0,0,38
07/25/2022,HRL,TX,ASW,CE,Federal Contract Tower,28,6,3,25,62,0,0,25,5,30,28,6,28,30,92,18,32,50,142
07/26/2022,HRL,TX,ASW,CE,Federal Contract Tower,30,9,7,23,69,0,0,26,4,30,30,9,33,27,99,24,38,62,161
07/27/2022,HRL,TX,ASW,CE,Federal Contract Tower,42,10,10,6,68,0,0,24,0,24,42,10,34,6,92,22,4,26,118
07/28/2022,HRL,TX,ASW,CE,Federal Contract Tower,36,10,9,24,79,0,0,21,0,21,36,10,30,24,100,42,52,94,194
07/29/2022,HRL,TX,ASW,CE,Federal Contract Tower,44,6,10,4,64,0,0,19,0,19,44,6,29,4,83,52,4,56,139
07/30/2022,HRL,TX,ASW,CE,Federal Contract Tower,25,9,2,5,41,0,0,13,2,15,25,9,15,7,56,10,6,16,72
07/31/2022,HRL,TX,ASW,CE,Federal Contract Tower,24,5,10,2,41,0,0,7,0,7,24,5,17,2,48,12,28,40,88
08/01/2022,HRL,TX,ASW,CE,Federal Contract Tower,30,8,5,12,55,0,0,19,5,24,30,8,24,17,79,26,72,98,177
08/02/2022,HRL,TX,ASW,CE,Federal Contract Tower,32,6,10,15,63,0,2,28,6,36,32,8,38,21,99,26,102,128,227
08/03/2022,HRL,TX,ASW,CE,Federal Contract Tower,41,11,10,20,82,0,0,32,7,39,41,11,42,27,121,8,130,138,259
08/04/2022,HRL,TX,ASW,CE,Federal Contract Tower,30,6,3,17,56,0,0,26,4,30,30,6,29,21,86,8,100,108,194
08/05/2022,HRL,TX,ASW,CE,Federal Contract Tower,32,6,4,19,61,0,0,27,6,33,32,6,31,25,94,14,32,46,140
08/06/2022,HRL,TX,ASW,CE,Federal Contract Tower,25,8,1,6,40,0,1,17,1,19,25,9,18,7,59,26,4,30,89
08/07/2022,HRL,TX,ASW,CE,Federal Contract Tower,25,7,5,1,38,0,0,12,0,12,25,7,17,1,50,6,2,8,58
08/08/2022,HRL,TX,ASW,CE,Federal Contract Tower,27,7,13,35,82,0,0,13,2,15,27,7,26,37,97,2,58,60,157
08/09/2022,HRL,TX,ASW,CE,Federal Contract Tower,29,7,9,17,62,0,0,29,5,34,29,7,38,22,96,18,162,180,276
08/10/2022,HRL,TX,ASW,CE,Federal Contract Tower,31,6,12,28,77,0,0,21,2,23,31,6,33,30,100,32,60,92,192
08/11/2022,HRL,TX,ASW,CE,Federal Contract Tower,32,9,10,18,69,0,0,27,7,34,32,9,37,25,103,20,34,54,157
08/12/2022,HRL,TX,ASW,CE,Federal Contract Tower,31,6,7,0,44,0,0,25,0,25,31,6,32,0,69,12,0,12,81
08/13/2022,HRL,TX,ASW,CE,Federal Contract Tower,23,10,12,0,45,0,0,7,0,7,23,10,19,0,52,10,0,10,62
08/14/2022,HRL,TX,ASW,CE,Federal Contract Tower,23,6,4,1,34,0,0,1,0,1,23,6,5,1,35,0,0,0,35
08/15/2022,HRL,TX,ASW,CE,Federal Contract Tower,29,8,11,3,51,0,0,14,0,14,29,8,25,3,65,2,18,20,85
08/16/2022,HRL,TX,ASW,CE,Federal Contract Tower,37,10,15,6,68,0,0,23,2,25,37,10,38,8,93,26,10,36,129
08/17/2022,HRL,TX,ASW,CE,Federal Contract Tower,38,8,4,15,65,0,0,23,0,23,38,8,27,15,88,13,18,31,119
08/18/2022,HRL,TX,ASW,CE,Federal Contract Tower,36,5,13,24,78,0,0,23,4,27,36,5,36,28,105,38,60,98,203
08/19/2022,HRL,TX,ASW,CE,Federal Contract Tower,32,7,5,31,75,0,0,19,6,25,32,7,24,37,100,18,34,52,152
08/20/2022,HRL,TX,ASW,CE,Federal Contract Tower,22,13,8,4,47,0,0,11,0,11,22,13,19,4,58,10,6,16,74
08/21/2022,HRL,TX,ASW,CE,Federal Contract Tower,24,4,5,10,43,0,0,3,0,3,24,4,8,10,46,4,20,24,70
08/22/2022,HRL,TX,ASW,CE,Federal Contract Tower,26,7,11,38,82,0,1,24,13,38,26,8,35,51,120,24,78,102,222
08/23/2022,HRL,TX,ASW,CE,Federal Contract Tower,37,11,15,32,95,0,0,30,7,37,37,11,45,39,132,22,58,80,212
08/24/2022,HRL,TX,ASW,CE,Federal Contract Tower,44,3,16,25,88,0,0,29,11,40,44,3,45,36,128,74,92,166,294
08/25/2022,HRL,TX,ASW,CE,Federal Contract Tower,43,6,8,17,74,0,0,19,0,19,43,6,27,17,93,0,30,30,123
08/26/2022,HRL,TX,ASW,CE,Federal Contract Tower,47,8,19,0,74,0,0,10,0,10,47,8,29,0,84,2,0,2,86
08/27/2022,HRL,TX,ASW,CE,Federal Contract Tower,26,7,4,8,45,0,0,13,3,16,26,7,17,11,61,14,6,20,81
08/28/2022,HRL,TX,ASW,CE,Federal Contract Tower,31,7,15,3,56,0,0,9,3,12,31,7,24,6,68,2,16,18,86
08/29/2022,HRL,TX,ASW,CE,Federal Contract Tower,33,4,8,25,70,0,1,15,14,30,33,5,23,39,100,22,174,196,296
08/30/2022,HRL,TX,ASW,CE,Federal Contract Tower,43,6,8,62,119,0,0,30,11,41,43,6,38,73,160,59,184,243,403
08/31/2022,HRL,TX,ASW,CE,Federal Contract Tower,47,3,7,36,93,0,0,16,11,27,47,3,23,47,120,92,62,154,274
09/01/2022,HRL,TX,ASW,CE,Federal Contract Tower,39,6,5,7,57,0,0,24,8,32,39,6,29,15,89,38,20,58,147
09/02/2022,HRL,TX,ASW,CE,Federal Contract Tower,45,7,10,8,70,0,0,23,0,23,45,7,33,8,93,24,12,36,129
09/03/2022,HRL,TX,ASW,CE,Federal Contract Tower,23,7,7,0,37,0,0,7,2,9,23,7,14,2,46,10,4,14,60
09/04/2022,HRL,TX,ASW,CE,Federal Contract Tower,18,8,2,0,28,0,0,1,0,1,18,8,3,0,29,0,0,0,29
09/05/2022,HRL,TX,ASW,CE,Federal Contract Tower,38,8,2,6,54,0,0,11,0,11,38,8,13,6,65,24,4,28,93
09/06/2022,HRL,TX,ASW,CE,Federal Contract Tower,40,7,9,3,59,0,0,21,9,30,40,7,30,12,89,34,44,78,167
09/07/2022,HRL,TX,ASW,CE,Federal Contract Tower,38,11,9,19,77,0,0,17,4,21,38,11,26,23,98,26,58,84,182
09/08/2022,HRL,TX,ASW,CE,Federal Contract Tower,39,7,6,26,78,0,0,20,11,31,39,7,26,37,109,52,35,87,196
09/09/2022,HRL,TX,ASW,CE,Federal Contract Tower,37,8,16,9,70,0,0,28,8,36,37,8,44,17,106,26,50,76,182
09/10/2022,HRL,TX,ASW,CE,Federal Contract Tower,27,5,6,0,38,0,0,12,0,12,27,5,18,0,50,2,0,2,52
09/11/2022,HRL,TX,ASW,CE,Federal Contract Tower,26,6,8,0,40,0,0,9,0,9,26,6,17,0,49,0,0,0,49
09/12/2022,HRL,TX,ASW,CE,Federal Contract Tower,34,7,11,18,70,0,0,22,3,25,34,7,33,21,95,34,36,70,165
09/13/2022,HRL,TX,ASW,CE,Federal Contract Tower,33,9,7,30,79,0,0,39,8,47,33,9,46,38,126,50,48,98,224
09/14/2022,HRL,TX,ASW,CE,Federal Contract Tower,41,9,12,1,63,0,0,25,2,27,41,9,37,3,90,28,2,30,120
09/15/2022,HRL,TX,ASW,CE,Federal Contract Tower,37,6,9,0,52,0,0,19,4,23,37,6,28,4,75,0,2,2,77
09/16/2022,HRL,TX,ASW,CE,Federal Contract Tower,38,7,12,13,70,0,0,17,6,23,38,7,29,19,93,38,62,100,193
09/17/2022,HRL,TX,ASW,CE,Federal Contract Tower,26,7,1,5,39,0,0,8,2,10,26,7,9,7,49,34,6,40,89
09/18/2022,HRL,TX,ASW,CE,Federal Contract Tower,25,6,5,3,39,0,0,8,2,10,25,6,13,5,49,8,6,14,63
09/19/2022,HRL,TX,ASW,CE,Federal Contract Tower,32,8,10,10,60,0,0,34,1,35,32,8,44,11,95,26,56,82,177
09/20/2022,HRL,TX,ASW,CE,Federal Contract Tower,34,9,9,10,62,0,0,30,4,34,34,9,39,14,96,6,16,22,118
09/21/2022,HRL,TX,ASW,CE,Federal Contract Tower,39,7,18,8,72,0,0,26,10,36,39,7,44,18,108,8,130,138,246
09/22/2022,HRL,TX,ASW,CE,Federal Contract Tower,42,6,20,19,87,0,0,19,5,24,42,6,39,24,111,6,92,98,209
09/23/2022,HRL,TX,ASW,CE,Federal Contract Tower,35,7,8,14,64,0,1,15,4,20,35,8,23,18,84,34,44,78,162
09/24/2022,HRL,TX,ASW,CE,Federal Contract Tower,25,5,13,0,43,0,0,1,0,1,25,5,14,0,44,2,0,2,46
09/25/2022,HRL,TX,ASW,CE,Federal Contract Tower,25,3,9,3,40,0,0,1,0,1,25,3,10,3,41,10,2,12,53
09/26/2022,HRL,TX,ASW,CE,Federal Contract Tower,34,5,12,6,57,0,1,18,0,19,34,6,30,6,76,8,56,64,140
09/27/2022,HRL,TX,ASW,CE,Federal Contract Tower,34,7,12,6,59,0,0,12,5,17,34,7,24,11,76,34,62,96,172
09/28/2022,HRL,TX,ASW,CE,Federal Contract Tower,41,5,6,11,63,0,0,32,0,32,41,5,38,11,95,14,24,38,133
09/29/2022,HRL,TX,ASW,CE,Federal Contract Tower,34,4,13,13,64,0,0,14,3,17,34,4,27,16,81,36,68,104,185
09/30/2022,HRL,TX,ASW,CE,Federal Contract Tower,36,10,10,7,63,0,2,23,3,28,36,12,33,10,91,20,8,28,119
10/01/2022,HRL,TX,ASW,CE,Federal Contract Tower,25,4,9,9,47,0,0,13,2,15,25,4,22,11,62,20,10,30,92
10/02/2022,HRL,TX,ASW,CE,Federal Contract Tower,27,6,5,0,38,0,0,4,1,5,27,6,9,1,43,2,0,2,45
10/03/2022,HRL,TX,ASW,CE,Federal Contract Tower,39,6,7,9,61,0,0,26,0,26,39,6,33,9,87,2,50,52,139
10/04/2022,HRL,TX,ASW,CE,Federal Contract Tower,40,5,5,27,77,0,0,35,7,42,40,5,40,34,119,42,106,148,267
10/05/2022,HRL,TX,ASW,CE,Federal Contract Tower,39,6,6,13,64,0,0,18,4,22,39,6,24,17,86,22,116,138,224
10/06/2022,HRL,TX,ASW,CE,Federal Contract Tower,37,4,14,25,80,0,0,28,2,30,37,4,42,27,110,14,64,78,188
10/07/2022,HRL,TX,ASW,CE,Federal Contract Tower,33,7,14,5,59,0,0,13,1,14,33,7,27,6,73,10,34,44,117
10/08/2022,HRL,TX,ASW,CE,Federal Contract Tower,27,4,6,0,37,0,0,14,0,14,27,4,20,0,51,46,0,46,97
10/09/2022,HRL,TX,ASW,CE,Federal Contract Tower,25,4,7,0,36,0,0,10,0,10,25,4,17,0,46,0,0,0,46
10/10/2022,HRL,TX,ASW,CE,Federal Contract Tower,29,6,3,0,38,0,0,10,0,10,29,6,13,0,48,0,0,0,48
10/11/2022,HRL,TX,ASW,CE,Federal Contract Tower,37,5,11,18,71,0,0,29,0,29,37,5,40,18,100,28,20,48,148
10/12/2022,HRL,TX,ASW,CE,Federal Contract Tower,42,5,11,10,68,0,0,26,0,26,42,5,37,10,94,66,64,130,224
10/13/2022,HRL,TX,ASW,CE,Federal Contract Tower,33,4,13,23,73,0,0,18,8,26,33,4,31,31,99,32,152,184,283
10/14/2022,HRL,TX,ASW,CE,Federal Contract Tower,43,7,9,6,65,0,0,6,4,10,43,7,15,10,75,30,88,118,193
10/15/2022,HRL,TX,ASW,CE,Federal Contract Tower,29,4,1,2,36,0,0,8,1,9,29,4,9,3,45,20,18,38,83
10/16/2022,HRL,TX,ASW,CE,Federal Contract Tower,22,10,9,2,43,0,0,7,0,7,22,10,16,2,50,6,2,8,58
10/17/2022,HRL,TX,ASW,CE,Federal Contract Tower,31,10,12,27,80,0,0,12,9,21,31,10,24,36,101,8,162,170,271
10/18/2022,HRL,TX,ASW,CE,Federal Contract Tower,37,9,14,8,68,0,0,10,7,17,37,9,24,15,85,14,180,194,279
10/19/2022,HRL,TX,ASW,CE,Federal Contract Tower,42,6,13,12,73,0,0,21,0,21,42,6,34,12,94,64,12,76,170
10/20/2022,HRL,TX,ASW,CE,Federal Contract Tower,30,17,16,12,75,0,0,27,8,35,30,17,43,20,110,58,54,112,222
10/21/2022,HRL,TX,ASW,CE,Federal Contract Tower,40,8,7,2,57,0,0,13,3,16,40,8,20,5,73,8,12,20,93
10/22/2022,HRL,TX,ASW,CE,Federal Contract Tower,24,6,5,7,42,0,0,20,0,20,24,6,25,7,62,24,10,34,96
10/23/2022,HRL,TX,ASW,CE,Federal Contract Tower,24,9,13,4,50,0,0,10,1,11,24,9,23,5,61,20,8,28,89
10/24/2022,HRL,TX,ASW,CE,Federal Contract Tower,31,14,5,33,83,0,1,14,1,16,31,15,19,34,99,8,224,232,331
10/25/2022,HRL,TX,ASW,CE,Federal Contract Tower,36,5,9,16,66,0,0,35,20,55,36,5,44,36,121,52,196,248,369
10/26/2022,HRL,TX,ASW,CE,Federal Contract Tower,41,6,19,15,81,0,0,21,5,26,41,6,40,20,107,24,52,76,183
10/27/2022,HRL,TX,ASW,CE,Federal Contract Tower,38,6,10,16,70,0,0,22,4,26,38,6,32,20,96,26,24,50,146
10/28/2022,HRL,TX,ASW,CE,Federal Contract Tower,40,4,5,19,68,0,2,16,7,25,40,6,21,26,93,16,48,64,157
10/29/2022,HRL,TX,ASW,CE,Federal Contract Tower,27,7,8,3,45,0,1,18,0,19,27,8,26,3,64,6,2,8,72
10/30/2022,HRL,TX,ASW,CE,Federal Contract Tower,29,9,12,0,50,0,0,3,0,3,29,9,15,0,53,0,0,0,53
10/31/2022,HRL,TX,ASW,CE,Federal Contract Tower,27,6,12,16,61,0,0,8,2,10,27,6,20,18,71,0,18,18,89
11/01/2022,HRL,TX,ASW,CE,Federal Contract Tower,32,9,10,15,66,0,0,12,1,13,32,9,22,16,79,22,42,64,143
11/02/2022,HRL,TX,ASW,CE,Federal Contract Tower,52,5,7,10,74,0,0,4,0,4,52,5,11,10,78,42,6,48,126
11/03/2022,HRL,TX,ASW,CE,Federal Contract Tower,45,9,13,14,81,0,0,27,15,42,45,9,40,29,123,54,194,248,371
11/04/2022,HRL,TX,ASW,CE,Federal Contract Tower,36,4,9,17,66,0,0,11,6,17,36,4,20,23,83,0,26,26,109
11/05/2022,HRL,TX,ASW,CE,Federal Contract Tower,24,7,3,6,40,0,0,8,0,8,24,7,11,6,48,42,12,54,102
11/06/2022,HRL,TX,ASW,CE,Federal Contract Tower,26,4,5,7,42,0,0,6,0,6,26,4,11,7,48,18,6,24,72
11/07/2022,HRL,TX,ASW,CE,Federal Contract Tower,32,5,18,2,57,0,0,15,0,15,32,5,33,2,72,8,0,8,80
11/08/2022,HRL,TX,ASW,CE,Federal Contract Tower,40,4,9,2,55,0,2,25,8,35,40,6,34,10,90,28,62,90,180
11/09/2022,HRL,TX,ASW,CE,Federal Contract Tower,47,9,9,4,69,0,0,30,24,54,47,9,39,28,123,0,160,160,283
11/10/2022,HRL,TX,ASW,CE,Federal Contract Tower,35,8,12,14,69,0,0,26,4,30,35,8,38,18,99,12,28,40,139
11/11/2022,HRL,TX,ASW,CE,Federal Contract Tower,35,7,12,0,54,0,0,11,0,11,35,7,23,0,65,24,0,24,89
11/12/2022,HRL,TX,ASW,CE,Federal Contract Tower,22,6,6,6,40,0,0,11,0,11,22,6,17,6,51,14,8,22,73
11/13/2022,HRL,TX,ASW,CE,Federal Contract Tower,29,7,10,0,46,0,0,1,0,1,29,7,11,0,47,0,0,0,47
11/14/2022,HRL,TX,ASW,CE,Federal Contract Tower,26,8,8,30,72,0,0,18,7,25,26,8,26,37,97,56,106,162,259
11/15/2022,HRL,TX,ASW,CE,Federal Contract Tower,34,10,7,14,65,0,0,25,0,25,34,10,32,14,90,50,10,60,150
11/16/2022,HRL,TX,ASW,CE,Federal Contract Tower,35,9,15,18,77,0,0,15,0,15,35,9,30,18,92,58,20,78,170
11/17/2022,HRL,TX,ASW,CE,Federal Contract Tower,38,10,12,14,74,0,0,2,3,5,38,10,14,17,79,2,22,24,103
11/18/2022,HRL,TX,ASW,CE,Federal Contract Tower,39,13,18,4,74,0,0,0,0,0,39,13,18,4,74,0,4,4,78
11/19/2022,HRL,TX,ASW,CE,Federal Contract Tower,25,19,6,1,51,0,0,0,0,0,25,19,6,1,51,0,2,2,53
11/20/2022,HRL,TX,ASW,CE,Federal Contract Tower,28,5,5,2,40,0,0,0,0,0,28,5,5,2,40,0,4,4,44
11/21/2022,HRL,TX,ASW,CE,Federal Contract Tower,25,11,4,25,65,0,0,0,0,0,25,11,4,25,65,0,26,26,91
11/22/2022,HRL,TX,ASW,CE,Federal Contract Tower,42,4,12,1,59,0,0,0,1,1,42,4,12,2,60,0,0,0,60
11/23/2022,HRL,TX,ASW,CE,Federal Contract Tower,39,8,12,0,59,0,0,0,0,0,39,8,12,0,59,0,0,0,59
11/24/2022,HRL,TX,ASW,CE,Federal Contract Tower,29,8,0,0,37,0,0,1,0,1,29,8,1,0,38,2,0,2,40
11/25/2022,HRL,TX,ASW,CE,Federal Contract Tower,35,2,2,0,39,0,0,0,0,0,35,2,2,0,39,0,0,0,39
11/26/2022,HRL,TX,ASW,CE,Federal Contract Tower,24,10,7,0,41,0,0,17,0,17,24,10,24,0,58,32,0,32,90
11/27/2022,HRL,TX,ASW,CE,Federal Contract Tower,29,6,19,0,54,0,0,21,1,22,29,6,40,1,76,8,0,8,84
11/28/2022,HRL,TX,ASW,CE,Federal Contract Tower,37,8,20,3,68,0,0,15,2,17,37,8,35,5,85,52,8,60,145
11/29/2022,HRL,TX,ASW,CE,Federal Contract Tower,38,13,16,27,94,0,0,31,8,39,38,13,47,35,133,22,224,246,379
11/30/2022,HRL,TX,ASW,CE,Federal Contract Tower,35,11,6,5,57,0,0,4,0,4,35,11,10,5,61,36,6,42,103
12/01/2022,HRL,TX,ASW,CE,Federal Contract Tower,43,6,17,4,70,0,0,7,0,7,43,6,24,4,77,22,8,30,107
12/02/2022,HRL,TX,ASW,CE,Federal Contract Tower,48,6,20,4,78,0,0,0,0,0,48,6,20,4,78,14,10,24,102
12/03/2022,HRL,TX,ASW,CE,Federal Contract Tower,23,6,3,0,32,0,0,2,0,2,23,6,5,0,34,18,0,18,52
12/04/2022,HRL,TX,ASW,CE,Federal Contract Tower,28,4,4,1,37,0,0,4,1,5,28,4,8,2,42,10,0,10,52
12/05/2022,HRL,TX,ASW,CE,Federal Contract Tower,40,7,15,35,97,0,0,27,6,33,40,7,42,41,130,26,168,194,324
12/06/2022,HRL,TX,ASW,CE,Federal Contract Tower,44,7,9,33,93,0,2,31,1,34,44,9,40,34,127,80,62,142,269
12/07/2022,HRL,TX,ASW,CE,Federal Contract Tower,41,7,15,19,82,0,1,25,4,30,41,8,40,23,112,12,56,68,180
12/08/2022,HRL,TX,ASW,CE,Federal Contract Tower,34,4,15,1,54,0,0,27,8,35,34,4,42,9,89,34,72,106,195
12/09/2022,HRL,TX,ASW,CE,Federal Contract Tower,38,5,17,17,77,0,0,14,0,14,38,5,31,17,91,28,50,78,169
12/10/2022,HRL,TX,ASW,CE,Federal Contract Tower,19,6,4,3,32,0,0,10,1,11,19,6,14,4,43,4,8,12,55
12/11/2022,HRL,TX,ASW,CE,Federal Contract Tower,31,7,11,7,56,0,1,8,1,10,31,8,19,8,66,6,2,8,74
12/12/2022,HRL,TX,ASW,CE,Federal Contract Tower,32,7,10,27,76,0,0,7,8,15,32,7,17,35,91,10,148,158,249
12/13/2022,HRL,TX,ASW,CE,Federal Contract Tower,39,9,7,32,87,0,0,15,3,18,39,9,22,35,105,0,124,124,229
12/14/2022,HRL,TX,ASW,CE,Federal Contract Tower,35,8,14,22,79,0,0,13,4,17,35,8,27,26,96,2,66,68,164
12/15/2022,HRL,TX,ASW,CE,Federal Contract Tower,37,5,4,14,60,0,0,36,0,36,37,5,40,14,96,16,66,82,178
12/16/2022,HRL,TX,ASW,CE,Federal Contract Tower,37,5,8,13,63,0,0,26,1,27,37,5,34,14,90,18,20,38,128
12/17/2022,HRL,TX,ASW,CE,Federal Contract Tower,25,8,8,4,45,0,0,3,0,3,25,8,11,4,48,0,2,2,50
12/18/2022,HRL,TX,ASW,CE,Federal Contract Tower,33,10,1,4,48,0,0,4,1,5,33,10,5,5,53,28,8,36,89
12/19/2022,HRL,TX,ASW,CE,Federal Contract Tower,34,6,16,22,78,0,2,0,2,4,34,8,16,24,82,4,52,56,138
12/20/2022,HRL,TX,ASW,CE,Federal Contract Tower,41,10,9,11,71,0,0,4,0,4,41,10,13,11,75,0,28,28,103
12/21/2022,HRL,TX,ASW,CE,Federal Contract Tower,40,2,13,31,86,0,0,12,6,18,40,2,25,37,104,16,36,52,156
12/22/2022,HRL,TX,ASW,CE,Federal Contract Tower,37,5,13,5,60,0,0,15,0,15,37,5,28,5,75,22,4,26,101
12/23/2022,HRL,TX,ASW,CE,Federal Contract Tower,29,4,11,0,44,0,0,11,0,11,29,4,22,0,55,0,0,0,55
12/24/2022,HRL,TX,ASW,CE,Federal Contract Tower,11,0,0,0,11,0,0,4,0,4,11,0,4,0,15,0,0,0,15
12/25/2022,HRL,TX,ASW,CE,Federal Contract Tower,17,3,0,0,20,0,0,3,0,3,17,3,3,0,23,0,0,0,23
12/26/2022,HRL,TX,ASW,CE,Federal Contract Tower,17,5,6,0,28,0,2,24,0,26,17,7,30,0,54,72,0,72,126
12/27/2022,HRL,TX,ASW,CE,Federal Contract Tower,23,5,10,1,39,0,0,10,3,13,23,5,20,4,52,6,2,8,60
12/28/2022,HRL,TX,ASW,CE,Federal Contract Tower,35,4,12,2,53,0,0,10,3,13,35,4,22,5,66,0,6,6,72
12/29/2022,HRL,TX,ASW,CE,Federal Contract Tower,30,4,9,0,43,0,0,15,1,16,30,4,24,1,59,2,22,24,83
12/30/2022,HRL,TX,ASW,CE,Federal Contract Tower,33,6,6,0,45,0,0,2,0,2,33,6,8,0,47,0,0,0,47
12/31/2022,HRL,TX,ASW,CE,Federal Contract Tower,22,5,4,0,31,0,0,5,0,5,22,5,9,0,36,0,0,0,36
01/02/2023,HRL,TX,ASW,CE,Federal Contract Tower,25,5,6,0,36,0,0,11,2,13,25,5,17,2,49,18,0,18,67
01/03/2023,HRL,TX,ASW,CE,Federal Contract Tower,36,4,5,5,50,0,0,2,0,2,36,4,7,5,52,16,10,26,78
01/04/2023,HRL,TX,ASW,CE,Federal Contract Tower,39,8,8,16,71,0,0,19,7,26,39,8,27,23,97,18,98,116,213
01/05/2023,HRL,TX,ASW,CE,Federal Contract Tower,35,3,21,17,76,0,2,29,3,34,35,5,50,20,110,22,42,64,174
01/06/2023,HRL,TX,ASW,CE,Federal Contract Tower,32,4,12,12,60,0,0,17,4,21,32,4,29,16,81,20,66,86,167
01/07/2023,HRL,TX,ASW,CE,Federal Contract Tower,19,9,8,5,41,0,0,7,0,7,19,9,15,5,48,18,10,28,76
01/09/2023,HRL,TX,ASW,CE,Federal Contract Tower,22,8,7,17,54,0,0,15,11,26,22,8,22,28,80,32,80,112,192
01/10/2023,HRL,TX,ASW,CE,Federal Contract Tower,29,6,8,22,65,0,0,30,1,31,29,6,38,23,96,8,44,52,148
01/11/2023,HRL,TX,ASW,CE,Federal Contract Tower,31,8,12,28,79,0,0,20,29,49,31,8,32,57,128,16,206,222,350
01/12/2023,HRL,TX,ASW,CE,Federal Contract Tower,39,7,11,19,76,0,0,20,3,23,39,7,31,22,99,4,40,44,143
01/13/2023,HRL,TX,ASW,CE,Federal Contract Tower,32,9,9,8,58,0,0,21,4,25,32,9,30,12,83,26,2,28,111
01/14/2023,HRL,TX,ASW,CE,Federal Contract Tower,19,8,6,4,37,0,0,6,0,6,19,8,12,4,43,0,4,4,47
01/15/2023,HRL,TX,ASW,CE,Federal Contract Tower,22,8,7,0,37,0,0,7,0,7,22,8,14,0,44,0,0,0,44
01/16/2023,HRL,TX,ASW,CE,Federal Contract Tower,20,9,10,0,39,0,2,31,0,33,20,11,41,0,72,50,0,50,122
01/18/2023,HRL,TX,ASW,CE,Federal Contract Tower,30,6,12,31,79,0,0,16,2,18,30,6,28,33,97,32,136,168,265
01/19/2023,HRL,TX,ASW,CE,Federal Contract Tower,34,9,14,6,63,0,0,36,0,36,34,9,50,6,99,32,56,88,187
01/20/2023,HRL,TX,ASW,CE,Federal Contract Tower,31,4,11,13,59,0,0,11,0,11,31,4,22,13,70,16,20,36,106
01/21/2023,HRL,TX,ASW,CE,Federal Contract Tower,19,5,2,8,34,0,0,1,0,1,19,5,3,8,35,2,8,10,45
01/22/2023,HRL,TX,ASW,CE,Federal Contract Tower,25,8,4,6,43,0,0,6,5,11,25,8,10,11,54,2,2,4,58
01/23/2023,HRL,TX,ASW,CE,Federal Contract Tower,25,7,7,10,49,0,0,28,2,30,25,7,35,12,79,32,60,92,171
01/24/2023,HRL,TX,ASW,CE,Federal Contract Tower,28,8,9,23,68,0,0,4,4,8,28,8,13,27,76,4,104,108,184
01/25/2023,HRL,TX,ASW,CE,Federal Contract Tower,34,5,13,17,69,0,0,29,5,34,34,5,42,22,103,36,106,142,245
01/26/2023,HRL,TX,ASW,CE,Federal Contract Tower,34,4,9,20,67,0,2,31,1,34,34,6,40,21,101,50,32,82,183
01/27/2023,HRL,TX,ASW,CE,Federal Contract Tower,34,6,20,8,68,0,0,3,0,3,34,6,23,8,71,0,12,12,83
01/28/2023,HRL,TX,ASW,CE,Federal Contract Tower,19,7,4,6,36,0,0,14,0,14,19,7,18,6,50,26,30,56,106
01/29/2023,HRL,TX,ASW,CE,Federal Contract Tower,21,6,6,10,43,0,0,0,0,0,21,6,6,10,43,0,14,14,57
01/30/2023,HRL,TX,ASW,CE,Federal Contract Tower,21,9,14,8,52,0,0,29,0,29,21,9,43,8,81,84,2,86,167
01/31/2023,HRL,TX,ASW,CE,Federal Contract Tower,20,6,5,7,38,0,0,0,0,0,20,6,5,7,38,0,6,6,44
02/01/2023,HRL,TX,ASW,CE,Federal Contract Tower,16,8,11,18,53,0,0,0,0,0,16,8,11,18,53,0,22,22,75
02/02/2023,HRL,TX,ASW,CE,Federal Contract Tower,33,5,10,37,85,0,0,0,1,1,33,5,10,38,86,0,44,44,130
02/03/2023,HRL,TX,ASW,CE,Federal Contract Tower,37,8,13,11,69,0,1,19,0,20,37,9,32,11,89,16,28,44,133
02/04/2023,HRL,TX,ASW,CE,Federal Contract Tower,18,11,4,7,40,0,0,22,2,24,18,11,26,9,64,0,36,36,100
02/05/2023,HRL,TX,ASW,CE,Federal Contract Tower,21,11,6,8,46,0,0,12,0,12,21,11,18,8,58,0,10,10,68
02/06/2023,HRL,TX,ASW,CE,Federal Contract Tower,30,7,6,28,71,0,0,18,13,31,30,7,24,41,102,22,120,142,244
02/07/2023,HRL,TX,ASW,CE,Federal Contract Tower,39,3,11,30,83,0,0,6,7,13,39,3,17,37,96,0,94,94,190
02/08/2023,HRL,TX,ASW,CE,Federal Contract Tower,33,5,6,17,61,0,0,14,3,17,33,5,20,20,78,26,38,64,142
02/09/2023,HRL,TX,ASW,CE,Federal Contract Tower,33,5,11,15,64,0,0,25,3,28,33,5,36,18,92,36,12,48,140
02/10/2023,HRL,TX,ASW,CE,Federal Contract Tower,41,5,11,14,71,0,0,7,10,17,41,5,18,24,88,6,72,78,166
02/11/2023,HRL,TX,ASW,CE,Federal Contract Tower,24,4,4,2,34,0,0,31,0,31,24,4,35,2,65,56,4,60,125
02/12/2023,HRL,TX,ASW,CE,Federal Contract Tower,23,6,2,0,31,0,0,18,2,20,23,6,20,2,51,14,0,14,65
02/13/2023,HRL,TX,ASW,CE,Federal Contract Tower,40,2,13,26,81,0,0,10,16,26,40,2,23,42,107,46,148,194,301
02/14/2023,HRL,TX,ASW,CE,Federal Contract Tower,37,2,8,12,59,0,0,24,6,30,37,2,32,18,89,22,80,102,191
02/15/2023,HRL,TX,ASW,CE,Federal Contract Tower,39,8,11,13,71,0,0,15,2,17,39,8,26,15,88,42,40,82,170
02/16/2023,HRL,TX,ASW,CE,Federal Contract Tower,42,6,12,3,63,0,0,15,1,16,42,6,27,4,79,22,4,26,105
02/17/2023,HRL,TX,ASW,CE,Federal Contract Tower,35,5,5,3,48,0,0,25,1,26,35,5,30,4,74,29,8,37,111
02/18/2023,HRL,TX,ASW,CE,Federal Contract Tower,22,5,6,0,33,0,0,16,1,17,22,5,22,1,50,62,0,62,112
02/19/2023,HRL,TX,ASW,CE,Federal Contract Tower,30,5,5,0,40,0,0,10,0,10,30,5,15,0,50,28,0,28,78
02/20/2023,HRL,TX,ASW,CE,Federal Contract Tower,36,2,5,1,44,0,0,26,0,26,36,2,31,1,70,52,2,54,124
02/21/2023,HRL,TX,ASW,CE,Federal Contract Tower,42,10,9,10,71,0,0,19,0,19,42,10,28,10,90,12,48,60,150
02/22/2023,HRL,TX,ASW,CE,Federal Contract Tower,35,4,14,26,79,0,0,40,8,48,35,4,54,34,127,42,62,104,231
02/23/2023,HRL,TX,ASW,CE,Federal Contract Tower,41,2,7,14,64,0,0,32,6,38,41,2,39,20,102,38,54,92,194
02/24/2023,HRL,TX,ASW,CE,Federal Contract Tower,42,7,14,9,72,0,0,17,1,18,42,7,31,10,90,54,40,94,184
02/25/2023,HRL,TX,ASW,CE,Federal Contract Tower,27,7,4,12,50,0,0,18,1,19,27,7,22,13,69,32,50,82,151
02/26/2023,HRL,TX,ASW,CE,Federal Contract Tower,23,9,10,7,49,0,0,3,0,3,23,9,13,7,52,0,10,10,62
02/27/2023,HRL,TX,ASW,CE,Federal Contract Tower,38,8,7,20,73,0,6,23,0,29,38,14,30,20,102,60,30,90,192
02/28/2023,HRL,TX,ASW,CE,Federal Contract Tower,34,10,8,26,78,0,0,29,2,31,34,10,37,28,109,34,66,100,209
03/01/2023,HRL,TX,ASW,CE,Federal Contract Tower,41,2,14,9,66,0,0,19,6,25,41,2,33,15,91,50,22,72,163
03/02/2023,HRL,TX,ASW,CE,Federal Contract Tower,41,5,16,26,88,0,0,30,3,33,41,5,46,29,121,44,100,144,265
03/03/2023,HRL,TX,ASW,CE,Federal Contract Tower,47,4,11,20,82,0,2,27,6,35,47,6,38,26,117,68,46,114,231
03/04/2023,HRL,TX,ASW,CE,Federal Contract Tower,23,11,4,6,44,0,0,9,0,9,23,11,13,6,53,76,4,80,133
03/05/2023,HRL,TX,ASW,CE,Federal Contract Tower,32,9,13,3,57,0,0,12,0,12,32,9,25,3,69,52,8,60,129
03/06/2023,HRL,TX,ASW,CE,Federal Contract Tower,38,4,19,23,84,0,0,27,1,28,38,4,46,24,112,92,42,134,246
03/07/2023,HRL,TX,ASW,CE,Federal Contract Tower,47,6,10,39,102,0,0,26,10,36,47,6,36,49,138,22,98,120,258
03/08/2023,HRL,TX,ASW,CE,Federal Contract Tower,39,4,16,18,77,0,0,30,2,32,39,4,46,20,109,98,22,120,229
03/09/2023,HRL,TX,ASW,CE,Federal Contract Tower,37,0,14,13,64,0,0,22,6,28,37,0,36,19,92,36,20,56,148
03/10/2023,HRL,TX,ASW,CE,Federal Contract Tower,44,5,13,11,73,0,0,27,4,31,44,5,40,15,104,76,56,132,236
03/11/2023,HRL,TX,ASW,CE,Federal Contract Tower,31,2,5,4,42,0,0,8,0,8,31,2,13,4,50,42,4,46,96
03/12/2023,HRL,TX,ASW,CE,Federal Contract Tower,26,5,3,2,36,0,0,9,3,12,26,5,12,5,48,58,44,102,150
03/13/2023,HRL,TX,ASW,CE,Federal Contract Tower,38,2,4,25,69,0,0,22,0,22,38,2,26,25,91,42,38,80,171
03/14/2023,HRL,TX,ASW,CE,Federal Contract Tower,43,6,9,13,71,0,0,14,0,14,43,6,23,13,85,40,14,54,139
03/15/2023,HRL,TX,ASW,CE,Federal Contract Tower,41,1,7,21,70,0,0,17,0,17,41,1,24,21,87,30,24,54,141
03/16/2023,HRL,TX,ASW,CE,Federal Contract Tower,37,0,9,43,89,0,0,10,5,15,37,0,19,48,104,26,158,184,288
03/17/2023,HRL,TX,ASW,CE,Federal Contract Tower,42,2,12,25,81,0,0,13,3,16,42,2,25,28,97,68,58,126,223
03/18/2023,HRL,TX,ASW,CE,Federal Contract Tower,26,3,3,2,34,0,0,20,2,22,26,3,23,4,56,64,2,66,122
03/19/2023,HRL,TX,ASW,CE,Federal Contract Tower,26,5,9,0,40,0,0,4,2,6,26,5,13,2,46,0,6,6,52
03/20/2023,HRL,TX,ASW,CE,Federal Contract Tower,42,4,21,47,114,0,0,33,2,35,42,4,54,49,149,78,54,132,281
03/21/2023,HRL,TX,ASW,CE,Federal Contract Tower,40,3,12,15,70,0,0,28,2,30,40,3,40,17,100,102,22,124,224
03/22/2023,HRL,TX,ASW,CE,Federal Contract Tower,42,2,17,29,90,0,2,25,8,35,42,4,42,37,125,28,128,156,281
03/23/2023,HRL,TX,ASW,CE,Federal Contract Tower,40,0,10,15,65,0,0,18,4,22,40,0,28,19,87,8,70,78,165
03/24/2023,HRL,TX,ASW,CE,Federal Contract Tower,42,5,16,13,76,0,0,12,6,18,42,5,28,19,94,62,74,136,230
03/25/2023,HRL,TX,ASW,CE,Federal Contract Tower,29,1,5,1,36,0,0,34,0,34,29,1,39,1,70,46,0,46,116
03/26/2023,HRL,TX,ASW,CE,Federal Contract Tower,25,2,7,2,36,0,0,15,0,15,25,2,22,2,51,78,18,96,147
03/27/2023,HRL,TX,ASW,CE,Federal Contract Tower,34,2,17,15,68,0,0,22,5,27,34,2,39,20,95,96,66,162,257
03/28/2023,HRL,TX,ASW,CE,Federal Contract Tower,40,2,11,0,53,0,0,0,0,0,40,2,11,0,53,0,0,0,53
03/30/2023,HRL,TX,ASW,CE,Federal Contract Tower,39,2,15,18,74,0,0,15,1,16,39,2,30,19,90,100,26,126,216
03/31/2023,HRL,TX,ASW,CE,Federal Contract Tower,41,0,8,11,60,0,0,24,11,35,41,0,32,22,95,82,120,202,297
04/01/2023,HRL,TX,ASW,CE,Federal Contract Tower,27,0,6,4,37,0,0,10,2,12,27,0,16,6,49,32,22,54,103
04/02/2023,HRL,TX,ASW,CE,Federal Contract Tower,27,2,2,20,51,0,0,9,2,11,27,2,11,22,62,0,20,20,82
04/03/2023,HRL,TX,ASW,CE,Federal Contract Tower,39,0,11,1,51,0,0,18,1,19,39,0,29,2,70,30,16,46,116
04/04/2023,HRL,TX,ASW,CE,Federal Contract Tower,48,0,7,17,72,0,0,8,14,22,48,0,15,31,94,10,160,170,264
04/05/2023,HRL,TX,ASW,CE,Federal Contract Tower,35,1,9,11,56,0,0,14,7,21,35,1,23,18,77,44,28,72,149
04/06/2023,HRL,TX,ASW,CE,Federal Contract Tower,44,2,18,0,64,0,0,2,0,2,44,2,20,0,66,2,0,2,68
04/07/2023,HRL,TX,ASW,CE,Federal Contract Tower,42,7,12,0,61,0,0,0,0,0,42,7,12,0,61,0,0,0,61
04/08/2023,HRL,TX,ASW,CE,Federal Contract Tower,26,4,4,6,40,0,0,1,0,1,26,4,5,6,41,0,8,8,49
04/09/2023,HRL,TX,ASW,CE,Federal Contract Tower,32,3,7,1,43,0,0,2,3,5,32,3,9,4,48,0,12,12,60
04/10/2023,HRL,TX,ASW,CE,Federal Contract Tower,38,3,12,7,60,0,0,23,2,25,38,3,35,9,85,56,10,66,151
04/11/2023,HRL,TX,ASW,CE,Federal Contract Tower,48,7,17,17,89,0,0,29,26,55,48,7,46,43,144,40,106,146,290
04/12/2023,HRL,TX,ASW,CE,Federal Contract Tower,42,3,11,20,76,0,0,47,12,59,42,3,58,32,135,76,146,222,357
04/13/2023,HRL,TX,ASW,CE,Federal Contract Tower,42,2,7,18,69,0,1,40,9,50,42,3,47,27,119,36,14,50,169
04/14/2023,HRL,TX,ASW,CE,Federal Contract Tower,42,2,23,31,98,0,0,15,1,16,42,2,38,32,114,82,76,158,272
04/15/2023,HRL,TX,ASW,CE,Federal Contract Tower,27,10,4,0,41,0,0,28,2,30,27,10,32,2,71,80,0,80,151
04/16/2023,HRL,TX,ASW,CE,Federal Contract Tower,34,4,13,1,52,0,0,19,3,22,34,4,32,4,74,0,2,2,76
04/17/2023,HRL,TX,ASW,CE,Federal Contract Tower,48,3,9,18,78,0,0,35,2,37,48,3,44,20,115,0,28,28,143
04/18/2023,HRL,TX,ASW,CE,Federal Contract Tower,40,3,9,20,72,0,0,30,3,33,40,3,39,23,105,52,80,132,237
04/19/2023,HRL,TX,ASW,CE,Federal Contract Tower,42,12,29,5,88,0,0,16,3,19,42,12,45,8,107,36,28,64,171
04/20/2023,HRL,TX,ASW,CE,Federal Contract Tower,42,5,19,37,103,0,0,21,3,24,42,5,40,40,127,58,42,100,227
04/21/2023,HRL,TX,ASW,CE,Federal Contract Tower,39,7,13,4,63,0,0,3,0,3,39,7,16,4,66,34,8,42,108
04/22/2023,HRL,TX,ASW,CE,Federal Contract Tower,26,8,6,0,40,0,0,19,1,20,26,8,25,1,60,16,0,16,76
04/23/2023,HRL,TX,ASW,CE,Federal Contract Tower,27,6,9,1,43,0,0,0,2,2,27,6,9,3,45,0,2,2,47
04/24/2023,HRL,TX,ASW,CE,Federal Contract Tower,32,5,15,16,68,0,0,6,2,8,32,5,21,18,76,12,62,74,150
04/25/2023,HRL,TX,ASW,CE,Federal Contract Tower,45,5,13,15,78,0,0,2,4,6,45,5,15,19,84,0,74,74,158
04/26/2023,HRL,TX,ASW,CE,Federal Contract Tower,36,6,9,17,68,0,0,26,6,32,36,6,35,23,100,24,42,66,166
04/27/2023,HRL,TX,ASW,CE,Federal Contract Tower,45,4,7,6,62,0,0,15,4,19,45,4,22,10,81,0,28,28,109
04/28/2023,HRL,TX,ASW,CE,Federal Contract Tower,43,4,5,3,55,0,0,14,2,16,43,4,19,5,71,40,6,46,117
04/29/2023,HRL,TX,ASW,CE,Federal Contract Tower,27,5,4,2,38,0,0,2,1,3,27,5,6,3,41,0,2,2,43
04/30/2023,HRL,TX,ASW,CE,Federal Contract Tower,29,5,3,4,41,0,0,11,2,13,29,5,14,6,54,14,6,20,74
05/01/2023,HRL,TX,ASW,CE,Federal Contract Tower,36,4,5,15,60,0,0,37,2,39,36,4,42,17,99,92,36,128,227
05/02/2023,HRL,TX,ASW,CE,Federal Contract Tower,40,2,16,9,67,0,0,44,2,46,40,2,60,11,113,46,60,106,219
05/03/2023,HRL,TX,ASW,CE,Federal Contract Tower,36,6,12,5,59,0,0,23,1,24,36,6,35,6,83,16,8,24,107
05/04/2023,HRL,TX,ASW,CE,Federal Contract Tower,45,5,13,2,65,0,0,25,0,25,45,5,38,2,90,22,4,26,116
05/05/2023,HRL,TX,ASW,CE,Federal Contract Tower,40,0,12,0,52,0,0,16,0,16,40,0,28,0,68,76,0,76,144
05/06/2023,HRL,TX,ASW,CE,Federal Contract Tower,22,7,6,0,35,0,0,8,0,8,22,7,14,0,43,10,0,10,53
05/07/2023,HRL,TX,ASW,CE,Federal Contract Tower,21,4,4,0,29,0,0,2,0,2,21,4,6,0,31,8,0,8,39
05/08/2023,HRL,TX,ASW,CE,Federal Contract Tower,33,5,10,28,76,0,0,25,6,31,33,5,35,34,107,52,80,132,239
05/09/2023,HRL,TX,ASW,CE,Federal Contract Tower,33,5,15,33,86,0,0,29,5,34,33,5,44,38,120,84,130,214,334
05/10/2023,HRL,TX,ASW,CE,Federal Contract Tower,37,1,9,15,62,0,2,19,8,29,37,3,28,23,91,14,26,40,131
05/11/2023,HRL,TX,ASW,CE,Federal Contract Tower,39,7,17,12,75,0,0,26,3,29,39,7,43,15,104,60,50,110,214
05/12/2023,HRL,TX,ASW,CE,Federal Contract Tower,38,1,9,7,55,0,0,3,2,5,38,1,12,9,60,0,42,42,102
05/13/2023,HRL,TX,ASW,CE,Federal Contract Tower,19,5,2,0,26,0,0,3,0,3,19,5,5,0,29,12,0,12,41
05/14/2023,HRL,TX,ASW,CE,Federal Contract Tower,24,1,2,0,27,0,0,0,0,0,24,1,2,0,27,0,0,0,27
05/15/2023,HRL,TX,ASW,CE,Federal Contract Tower,27,4,7,19,57,0,0,21,6,27,27,4,28,25,84,0,116,116,200
05/16/2023,HRL,TX,ASW,CE,Federal Contract Tower,31,4,24,11,70,0,0,15,4,19,31,4,39,15,89,52,110,162,251
05/17/2023,HRL,TX,ASW,CE,Federal Contract Tower,34,4,6,4,48,0,0,8,6,14,34,4,14,10,62,14,4,18,80
05/18/2023,HRL,TX,ASW,CE,Federal Contract Tower,35,4,5,5,49,0,0,8,3,11,35,4,13,8,60,0,12,12,72
05/19/2023,HRL,TX,ASW,CE,Federal Contract Tower,34,2,9,14,59,0,0,29,3,32,34,2,38,17,91,0,90,90,181
05/20/2023,HRL,TX,ASW,CE,Federal Contract Tower,21,12,2,11,46,0,0,6,2,8,21,12,8,13,54,26,12,38,92
05/21/2023,HRL,TX,ASW,CE,Federal Contract Tower,24,6,6,11,47,0,0,9,2,11,24,6,15,13,58,0,8,8,66
05/22/2023,HRL,TX,ASW,CE,Federal Contract Tower,28,7,7,10,52,0,0,18,4,22,28,7,25,14,74,32,34,66,140
05/23/2023,HRL,TX,ASW,CE,Federal Contract Tower,28,5,18,18,69,0,0,31,1,32,28,5,49,19,101,38,30,68,169
05/24/2023,HRL,TX,ASW,CE,Federal Contract Tower,35,7,26,17,85,0,0,29,3,32,35,7,55,20,117,14,52,66,183
05/25/2023,HRL,TX,ASW,CE,Federal Contract Tower,31,1,11,13,56,0,0,24,3,27,31,1,35,16,83,4,42,46,129
05/26/2023,HRL,TX,ASW,CE,Federal Contract Tower,37,0,9,3,49,0,0,18,4,22,37,0,27,7,71,24,2,26,97
05/27/2023,HRL,TX,ASW,CE,Federal Contract Tower,16,5,4,0,25,0,0,5,0,5,16,5,9,0,30,12,0,12,42
05/28/2023,HRL,TX,ASW,CE,Federal Contract Tower,20,3,1,0,24,0,0,3,0,3,20,3,4,0,27,4,0,4,31
05/29/2023,HRL,TX,ASW,CE,Federal Contract Tower,23,3,10,0,36,0,0,14,1,15,23,3,24,1,51,0,0,0,51
05/30/2023,HRL,TX,ASW,CE,Federal Contract Tower,28,7,10,4,49,0,0,23,2,25,28,7,33,6,74,10,2,12,86
05/31/2023,HRL,TX,ASW,CE,Federal Contract Tower,36,7,11,14,68,0,0,26,1,27,36,7,37,15,95,30,24,54,149
06/01/2023,HRL,TX,ASW,CE,Federal Contract Tower,31,6,7,13,57,0,0,30,2,32,31,6,37,15,89,10,10,20,109
06/02/2023,HRL,TX,ASW,CE,Federal Contract Tower,37,10,11,11,69,0,0,28,1,29,37,10,39,12,98,56,8,64,162
06/03/2023,HRL,TX,ASW,CE,Federal Contract Tower,25,2,4,4,35,0,0,17,0,17,25,2,21,4,52,22,0,22,74
06/04/2023,HRL,TX,ASW,CE,Federal Contract Tower,19,6,4,3,32,0,0,20,1,21,19,6,24,4,53,44,0,44,97
06/05/2023,HRL,TX,ASW,CE,Federal Contract Tower,27,5,9,1,42,0,0,24,2,26,27,5,33,3,68,48,2,50,118
06/06/2023,HRL,TX,ASW,CE,Federal Contract Tower,32,5,7,10,54,0,0,27,1,28,32,5,34,11,82,12,10,22,104
06/07/2023,HRL,TX,ASW,CE,Federal Contract Tower,36,6,17,6,65,0,0,34,0,34,36,6,51,6,99,32,10,42,141
06/08/2023,HRL,TX,ASW,CE,Federal Contract Tower,35,9,7,12,63,0,0,29,10,39,35,9,36,22,102,42,60,102,204
06/09/2023,HRL,TX,ASW,CE,Federal Contract Tower,41,5,7,4,57,0,4,18,2,24,41,9,25,6,81,16,4,20,101
06/10/2023,HRL,TX,ASW,CE,Federal Contract Tower,22,6,0,2,30,0,0,13,0,13,22,6,13,2,43,16,0,16,59
06/11/2023,HRL,TX,ASW,CE,Federal Contract Tower,22,4,3,0,29,0,0,3,0,3,22,4,6,0,32,0,0,0,32
06/12/2023,HRL,TX,ASW,CE,Federal Contract Tower,31,6,12,10,59,0,0,25,0,25,31,6,37,10,84,110,14,124,208
06/13/2023,HRL,TX,ASW,CE,Federal Contract Tower,29,9,9,13,60,0,0,20,2,22,29,9,29,15,82,60,28,88,170
06/14/2023,HRL,TX,ASW,CE,Federal Contract Tower,34,5,13,23,75,0,0,34,8,42,34,5,47,31,117,48,64,112,229
06/15/2023,HRL,TX,ASW,CE,Federal Contract Tower,30,6,11,13,60,0,0,25,10,35,30,6,36,23,95,16,52,68,163
06/16/2023,HRL,TX,ASW,CE,Federal Contract Tower,32,5,8,17,62,0,0,11,0,11,32,5,19,17,73,50,44,94,167
06/17/2023,HRL,TX,ASW,CE,Federal Contract Tower,27,6,1,4,38,0,0,9,0,9,27,6,10,4,47,22,4,26,73
06/18/2023,HRL,TX,ASW,CE,Federal Contract Tower,26,10,1,0,37,0,0,5,0,5,26,10,6,0,42,10,0,10,52
06/19/2023,HRL,TX,ASW,CE,Federal Contract Tower,29,7,12,0,48,0,0,16,0,16,29,7,28,0,64,0,0,0,64
06/20/2023,HRL,TX,ASW,CE,Federal Contract Tower,31,10,13,10,64,0,0,30,3,33,31,10,43,13,97,6,22,28,125
06/21/2023,HRL,TX,ASW,CE,Federal Contract Tower,34,10,8,8,60,0,0,24,2,26,34,10,32,10,86,0,10,10,96
06/22/2023,HRL,TX,ASW,CE,Federal Contract Tower,31,5,11,13,60,0,1,16,3,20,31,6,27,16,80,6,20,26,106
06/23/2023,HRL,TX,ASW,CE,Federal Contract Tower,30,6,10,0,46,0,0,28,1,29,30,6,38,1,75,2,0,2,77
06/24/2023,HRL,TX,ASW,CE,Federal Contract Tower,23,8,10,3,44,0,0,9,4,13,23,8,19,7,57,20,2,22,79
06/25/2023,HRL,TX,ASW,CE,Federal Contract Tower,22,7,14,4,47,0,0,5,0,5,22,7,19,4,52,0,0,0,52
06/26/2023,HRL,TX,ASW,CE,Federal Contract Tower,32,7,11,0,50,0,0,25,4,29,32,7,36,4,79,10,0,10,89
06/27/2023,HRL,TX,ASW,CE,Federal Contract Tower,30,7,17,1,55,0,0,25,0,25,30,7,42,1,80,0,2,2,82
06/28/2023,HRL,TX,ASW,CE,Federal Contract Tower,37,7,4,0,48,0,0,48,3,51,37,7,52,3,99,28,0,28,127
06/29/2023,HRL,TX,ASW,CE,Federal Contract Tower,31,5,16,2,54,0,0,38,6,44,31,5,54,8,98,48,32,80,178
06/30/2023,HRL,TX,ASW,CE,Federal Contract Tower,34,3,9,2,48,0,0,40,0,40,34,3,49,2,88,38,50,88,176
07/01/2023,HRL,TX,ASW,CE,Federal Contract Tower,23,4,0,2,29,0,0,20,0,20,23,4,20,2,49,2,4,6,55
07/02/2023,HRL,TX,ASW,CE,Federal Contract Tower,19,3,0,0,22,0,0,26,0,26,19,3,26,0,48,0,0,0,48
07/03/2023,HRL,TX,ASW,CE,Federal Contract Tower,23,3,12,0,38,0,0,45,1,46,23,3,57,1,84,76,0,76,160
07/04/2023,HRL,TX,ASW,CE,Federal Contract Tower,25,5,1,0,31,0,0,20,0,20,25,5,21,0,51,20,0,20,71
07/05/2023,HRL,TX,ASW,CE,Federal Contract Tower,28,4,5,9,46,0,0,19,0,19,28,4,24,9,65,4,12,16,81
07/06/2023,HRL,TX,ASW,CE,Federal Contract Tower,26,6,14,2,48,0,0,7,0,7,26,6,21,2,55,3,4,7,62
07/07/2023,HRL,TX,ASW,CE,Federal Contract Tower,28,7,12,1,48,0,0,22,1,23,28,7,34,2,71,24,0,24,95
07/08/2023,HRL,TX,ASW,CE,Federal Contract Tower,24,6,3,3,36,0,0,29,9,38,24,6,32,12,74,52,4,56,130
07/09/2023,HRL,TX,ASW,CE,Federal Contract Tower,24,5,5,0,34,0,0,6,0,6,24,5,11,0,40,0,0,0,40
07/10/2023,HRL,TX,ASW,CE,Federal Contract Tower,25,4,5,10,44,0,0,26,4,30,25,4,31,14,74,0,14,14,88
07/11/2023,HRL,TX,ASW,CE,Federal Contract Tower,26,5,10,12,53,0,2,20,0,22,26,7,30,12,75,30,12,42,117
07/12/2023,HRL,TX,ASW,CE,Federal Contract Tower,37,7,12,17,73,0,0,19,0,19,37,7,31,17,92,12,18,30,122
07/13/2023,HRL,TX,ASW,CE,Federal Contract Tower,35,4,7,16,62,0,0,14,4,18,35,4,21,20,80,0,54,54,134
07/14/2023,HRL,TX,ASW,CE,Federal Contract Tower,37,2,2,1,42,0,0,13,0,13,37,2,15,1,55,0,0,0,55
07/15/2023,HRL,TX,ASW,CE,Federal Contract Tower,22,8,0,5,35,0,0,15,2,17,22,8,15,7,52,22,4,26,78
07/16/2023,HRL,TX,ASW,CE,Federal Contract Tower,21,4,4,2,31,0,0,3,0,3,21,4,7,2,34,20,4,24,58
07/17/2023,HRL,TX,ASW,CE,Federal Contract Tower,26,6,10,13,55,0,0,16,2,18,26,6,26,15,73,0,16,16,89
07/18/2023,HRL,TX,ASW,CE,Federal Contract Tower,30,8,9,14,61,0,0,18,0,18,30,8,27,14,79,34,26,60,139
07/19/2023,HRL,TX,ASW,CE,Federal Contract Tower,36,7,9,3,55,0,0,12,1,13,36,7,21,4,68,8,4,12,80
07/20/2023,HRL,TX,ASW,CE,Federal Contract Tower,35,6,12,9,62,0,0,12,5,17,35,6,24,14,79,0,68,68,147
07/21/2023,HRL,TX,ASW,CE,Federal Contract Tower,34,6,8,12,60,0,0,13,8,21,34,6,21,20,81,22,52,74,155
07/22/2023,HRL,TX,ASW,CE,Federal Contract Tower,25,4,7,0,36,0,0,9,0,9,25,4,16,0,45,2,0,2,47
07/23/2023,HRL,TX,ASW,CE,Federal Contract Tower,20,6,3,3,32,0,0,4,0,4,20,6,7,3,36,14,6,20,56
07/24/2023,HRL,TX,ASW,CE,Federal Contract Tower,39,5,7,2,53,0,0,30,0,30,39,5,37,2,83,22,4,26,109
07/25/2023,HRL,TX,ASW,CE,Federal Contract Tower,36,4,10,11,61,0,0,23,6,29,36,4,33,17,90,4,30,34,124
07/26/2023,HRL,TX,ASW,CE,Federal Contract Tower,37,5,11,9,62,0,0,38,9,47,37,5,49,18,109,52,54,106,215
07/27/2023,HRL,TX,ASW,CE,Federal Contract Tower,34,4,9,5,52,0,0,28,1,29,34,4,37,6,81,8,2,10,91
07/28/2023,HRL,TX,ASW,CE,Federal Contract Tower,28,3,6,0,37,0,0,7,1,8,28,3,13,1,45,0,22,22,67
07/29/2023,HRL,TX,ASW,CE,Federal Contract Tower,25,4,0,3,32,0,0,9,0,9,25,4,9,3,41,14,2,16,57
07/30/2023,HRL,TX,ASW,CE,Federal Contract Tower,23,4,5,1,33,0,1,11,1,13,23,5,16,2,46,0,0,0,46
07/31/2023,HRL,TX,ASW,CE,Federal Contract Tower,31,2,9,14,56,0,0,23,1,24,31,2,32,15,80,18,14,32,112
08/01/2023,HRL,TX,ASW,CE,Federal Contract Tower,28,10,7,9,54,0,0,23,2,25,28,10,30,11,79,0,64,64,143
08/02/2023,HRL,TX,ASW,CE,Federal Contract Tower,39,6,10,3,58,0,0,9,1,10,39,6,19,4,68,0,0,0,68
08/03/2023,HRL,TX,ASW,CE,Federal Contract Tower,33,6,18,8,65,0,0,12,5,17,33,6,30,13,82,0,10,10,92
08/04/2023,HRL,TX,ASW,CE,Federal Contract Tower,35,2,6,0,43,0,0,17,0,17,35,2,23,0,60,18,0,18,78
08/05/2023,HRL,TX,ASW,CE,Federal Contract Tower,29,3,2,2,36,0,0,7,0,7,29,3,9,2,43,30,2,32,75
08/06/2023,HRL,TX,ASW,CE,Federal Contract Tower,24,3,7,0,34,0,0,2,0,2,24,3,9,0,36,0,0,0,36
08/07/2023,HRL,TX,ASW,CE,Federal Contract Tower,31,5,6,13,55,0,0,20,9,29,31,5,26,22,84,8,44,52,136
08/08/2023,HRL,TX,ASW,CE,Federal Contract Tower,30,11,11,11,63,0,0,24,12,36,30,11,35,23,99,10,56,66,165
08/09/2023,HRL,TX,ASW,CE,Federal Contract Tower,34,4,11,3,52,0,0,21,1,22,34,4,32,4,74,0,14,14,88
08/10/2023,HRL,TX,ASW,CE,Federal Contract Tower,35,4,13,9,61,0,0,22,1,23,35,4,35,10,84,12,64,76,160
08/11/2023,HRL,TX,ASW,CE,Federal Contract Tower,36,7,12,6,61,0,0,18,19,37,36,7,30,25,98,0,4,4,102
08/12/2023,HRL,TX,ASW,CE,Federal Contract Tower,25,3,5,5,38,0,0,6,0,6,25,3,11,5,44,12,10,22,66
08/13/2023,HRL,TX,ASW,CE,Federal Contract Tower,20,3,10,4,37,0,0,3,0,3,20,3,13,4,40,28,0,28,68
08/14/2023,HRL,TX,ASW,CE,Federal Contract Tower,34,6,17,4,61,0,0,9,1,10,34,6,26,5,71,2,4,6,77
08/15/2023,HRL,TX,ASW,CE,Federal Contract Tower,30,5,11,0,46,0,0,21,2,23,30,5,32,2,69,18,0,18,87
08/16/2023,HRL,TX,ASW,CE,Federal Contract Tower,40,8,7,6,61,0,0,30,1,31,40,8,37,7,92,30,36,66,158
08/17/2023,HRL,TX,ASW,CE,Federal Contract Tower,36,6,14,11,67,0,0,9,6,15,36,6,23,17,82,38,30,68,150
08/18/2023,HRL,TX,ASW,CE,Federal Contract Tower,35,3,5,11,54,0,0,23,3,26,35,3,28,14,80,32,12,44,124
08/19/2023,HRL,TX,ASW,CE,Federal Contract Tower,23,7,2,0,32,0,0,12,0,12,23,7,14,0,44,10,0,10,54
08/20/2023,HRL,TX,ASW,CE,Federal Contract Tower,25,6,4,6,41,0,0,2,7,9,25,6,6,13,50,18,10,28,78
08/21/2023,HRL,TX,ASW,CE,Federal Contract Tower,33,3,9,2,47,0,0,12,0,12,33,3,21,2,59,12,0,12,71
08/22/2023,HRL,TX,ASW,CE,Federal Contract Tower,37,4,1,0,42,0,0,17,0,17,37,4,18,0,59,14,0,14,73
08/23/2023,HRL,TX,ASW,CE,Federal Contract Tower,38,3,6,2,49,0,0,29,2,31,38,3,35,4,80,10,2,12,92
08/24/2023,HRL,TX,ASW,CE,Federal Contract Tower,38,1,16,7,62,0,0,34,4,38,38,1,50,11,100,36,4,40,140
08/25/2023,HRL,TX,ASW,CE,Federal Contract Tower,38,3,9,6,56,0,0,18,1,19,38,3,27,7,75,28,6,34,109
08/26/2023,HRL,TX,ASW,CE,Federal Contract Tower,25,4,9,3,41,0,0,18,2,20,25,4,27,5,61,70,2,72,133
08/27/2023,HRL,TX,ASW,CE,Federal Contract Tower,25,3,2,6,36,0,0,8,2,10,25,3,10,8,46,10,4,14,60
08/28/2023,HRL,TX,ASW,CE,Federal Contract Tower,33,3,14,9,59,0,0,22,10,32,33,3,36,19,91,52,44,96,187
08/29/2023,HRL,TX,ASW,CE,Federal Contract Tower,30,9,17,3,59,0,0,18,6,24,30,9,35,9,83,36,18,54,137
08/30/2023,HRL,TX,ASW,CE,Federal Contract Tower,37,3,4,15,59,0,0,37,7,44,37,3,41,22,103,46,10,56,159
08/31/2023,HRL,TX,ASW,CE,Federal Contract Tower,35,0,11,5,51,0,0,29,1,30,35,0,40,6,81,30,6,36,117
