08/01/2007,HSA,MS,ASO,CE,Federal Contract Tower,0,0,4,0,4,0,0,8,0,8,0,0,12,0,12,7,0,7,19
08/02/2007,HSA,MS,ASO,CE,Federal Contract Tower,0,0,2,3,5,0,0,39,24,63,0,0,41,27,68,38,26,64,132
08/03/2007,HSA,MS,ASO,CE,Federal Contract Tower,0,0,9,0,9,0,0,22,0,22,0,0,31,0,31,24,20,44,75
08/04/2007,HSA,MS,ASO,CE,Federal Contract Tower,0,0,4,0,4,0,0,26,2,28,0,0,30,2,32,38,0,38,70
08/05/2007,HSA,MS,ASO,CE,Federal Contract Tower,0,0,2,0,2,0,0,16,2,18,0,0,18,2,20,18,2,20,40
08/06/2007,HSA,MS,ASO,CE,Federal Contract Tower,0,0,3,4,7,0,0,27,4,31,0,0,30,8,38,20,30,50,88
08/07/2007,HSA,MS,ASO,CE,Federal Contract Tower,0,0,6,2,8,0,0,19,17,36,0,0,25,19,44,6,8,14,58
08/08/2007,HSA,MS,ASO,CE,Federal Contract Tower,0,0,4,0,4,0,0,30,2,32,0,0,34,2,36,6,0,6,42
08/09/2007,HSA,MS,ASO,CE,Federal Contract Tower,0,0,9,11,20,0,0,20,6,26,0,0,29,17,46,5,41,46,92
08/10/2007,HSA,MS,ASO,CE,Federal Contract Tower,0,0,8,0,8,0,0,18,0,18,0,0,26,0,26,18,0,18,44
08/11/2007,HSA,MS,ASO,CE,Federal Contract Tower,0,0,1,0,1,0,0,29,0,29,0,0,30,0,30,30,0,30,60
08/12/2007,HSA,MS,ASO,CE,Federal Contract Tower,0,0,8,0,8,0,0,23,0,23,0,0,31,0,31,22,0,22,53
08/13/2007,HSA,MS,ASO,CE,Federal Contract Tower,0,0,4,0,4,0,0,8,4,12,0,0,12,4,16,16,10,26,42
08/14/2007,HSA,MS,ASO,CE,Federal Contract Tower,0,0,3,3,6,0,0,24,8,32,0,0,27,11,38,22,46,68,106
08/15/2007,HSA,MS,ASO,CE,Federal Contract Tower,0,0,4,4,8,0,0,17,2,19,0,0,21,6,27,0,15,15,42
08/16/2007,HSA,MS,ASO,CE,Federal Contract Tower,0,0,8,4,12,0,0,16,3,19,0,0,24,7,31,26,21,47,78
08/17/2007,HSA,MS,ASO,CE,Federal Contract Tower,0,0,7,0,7,0,0,18,0,18,0,0,25,0,25,10,0,10,35
08/18/2007,HSA,MS,ASO,CE,Federal Contract Tower,0,0,4,0,4,0,0,16,0,16,0,0,20,0,20,8,0,8,28
08/19/2007,HSA,MS,ASO,CE,Federal Contract Tower,0,0,7,0,7,0,0,19,4,23,0,0,26,4,30,20,2,22,52
08/20/2007,HSA,MS,ASO,CE,Federal Contract Tower,0,0,1,0,1,0,0,21,0,21,0,0,22,0,22,0,0,0,22
08/21/2007,HSA,MS,ASO,CE,Federal Contract Tower,0,0,5,4,9,0,0,22,20,42,0,0,27,24,51,0,38,38,89
08/22/2007,HSA,MS,ASO,CE,Federal Contract Tower,0,1,2,10,13,0,0,28,0,28,0,1,30,10,41,0,11,11,52
08/23/2007,HSA,MS,ASO,CE,Federal Contract Tower,0,1,22,10,33,0,0,24,12,36,0,1,46,22,69,10,51,61,130
08/24/2007,HSA,MS,ASO,CE,Federal Contract Tower,0,0,11,0,11,0,0,32,0,32,0,0,43,0,43,18,0,18,61
08/25/2007,HSA,MS,ASO,CE,Federal Contract Tower,0,0,1,0,1,0,0,25,2,27,0,0,26,2,28,42,0,42,70
08/26/2007,HSA,MS,ASO,CE,Federal Contract Tower,0,0,5,0,5,0,0,18,0,18,0,0,23,0,23,22,0,22,45
08/27/2007,HSA,MS,ASO,CE,Federal Contract Tower,0,0,0,0,0,0,0,20,0,20,0,0,20,0,20,22,0,22,42
08/28/2007,HSA,MS,ASO,CE,Federal Contract Tower,0,0,9,0,9,0,0,21,2,23,0,0,30,2,32,10,0,10,42
08/29/2007,HSA,MS,ASO,CE,Federal Contract Tower,0,0,17,0,17,0,0,14,0,14,0,0,31,0,31,2,0,2,33
08/30/2007,HSA,MS,ASO,CE,Federal Contract Tower,0,0,10,6,16,0,0,11,8,19,0,0,21,14,35,0,0,0,35
08/31/2007,HSA,MS,ASO,CE,Federal Contract Tower,0,0,11,0,11,0,0,17,0,17,0,0,28,0,28,14,0,14,42
09/01/2007,HSA,MS,ASO,CE,Federal Contract Tower,0,0,5,0,5,0,0,11,0,11,0,0,16,0,16,21,0,21,37
09/02/2007,HSA,MS,ASO,CE,Federal Contract Tower,0,0,1,0,1,0,0,0,0,0,0,0,1,0,1,46,0,46,47
09/03/2007,HSA,MS,ASO,CE,Federal Contract Tower,0,0,6,0,6,0,0,11,0,11,0,0,17,0,17,0,0,0,17
09/04/2007,HSA,MS,ASO,CE,Federal Contract Tower,0,0,4,0,4,0,0,18,6,24,0,0,22,6,28,29,0,29,57
09/05/2007,HSA,MS,ASO,CE,Federal Contract Tower,0,0,5,0,5,0,0,28,0,28,0,0,33,0,33,20,0,20,53
09/06/2007,HSA,MS,ASO,CE,Federal Contract Tower,0,0,6,4,10,0,0,15,14,29,0,0,21,18,39,125,76,201,240
09/07/2007,HSA,MS,ASO,CE,Federal Contract Tower,0,0,12,15,27,0,0,12,7,19,0,0,24,22,46,45,40,85,131
09/08/2007,HSA,MS,ASO,CE,Federal Contract Tower,0,0,1,0,1,0,0,33,0,33,0,0,34,0,34,2,0,2,36
09/09/2007,HSA,MS,ASO,CE,Federal Contract Tower,0,0,0,0,0,0,0,21,1,22,0,0,21,1,22,20,2,22,44
09/10/2007,HSA,MS,ASO,CE,Federal Contract Tower,0,0,4,0,4,0,0,18,0,18,0,0,22,0,22,2,0,2,24
09/11/2007,HSA,MS,ASO,CE,Federal Contract Tower,0,0,2,2,4,0,0,18,6,24,0,0,20,8,28,0,18,18,46
09/12/2007,HSA,MS,ASO,CE,Federal Contract Tower,0,0,2,0,2,0,0,16,5,21,0,0,18,5,23,0,8,8,31
09/13/2007,HSA,MS,ASO,CE,Federal Contract Tower,0,0,3,0,3,0,0,7,0,7,0,0,10,0,10,0,0,0,10
09/14/2007,HSA,MS,ASO,CE,Federal Contract Tower,0,0,5,0,5,0,0,14,6,20,0,0,19,6,25,11,0,11,36
09/15/2007,HSA,MS,ASO,CE,Federal Contract Tower,0,0,8,0,8,0,0,19,2,21,0,0,27,2,29,2,0,2,31
09/16/2007,HSA,MS,ASO,CE,Federal Contract Tower,0,0,4,0,4,0,0,32,0,32,0,0,36,0,36,0,0,0,36
09/17/2007,HSA,MS,ASO,CE,Federal Contract Tower,0,0,8,0,8,0,0,26,2,28,0,0,34,2,36,5,22,27,63
09/18/2007,HSA,MS,ASO,CE,Federal Contract Tower,0,0,6,1,7,0,0,49,6,55,0,0,55,7,62,4,32,36,98
09/19/2007,HSA,MS,ASO,CE,Federal Contract Tower,0,0,7,12,19,0,0,30,0,30,0,0,37,12,49,18,0,18,67
09/20/2007,HSA,MS,ASO,CE,Federal Contract Tower,0,0,2,4,6,0,0,29,2,31,0,0,31,6,37,8,12,20,57
09/21/2007,HSA,MS,ASO,CE,Federal Contract Tower,0,0,6,0,6,0,0,6,0,6,0,0,12,0,12,0,0,0,12
09/22/2007,HSA,MS,ASO,CE,Federal Contract Tower,0,0,6,0,6,0,0,11,0,11,0,0,17,0,17,0,0,0,17
09/23/2007,HSA,MS,ASO,CE,Federal Contract Tower,0,0,4,0,4,0,0,8,0,8,0,0,12,0,12,0,0,0,12
09/24/2007,HSA,MS,ASO,CE,Federal Contract Tower,0,0,8,3,11,0,0,3,5,8,0,0,11,8,19,0,16,16,35
09/25/2007,HSA,MS,ASO,CE,Federal Contract Tower,0,0,3,2,5,0,0,18,16,34,0,0,21,18,39,4,0,4,43
09/26/2007,HSA,MS,ASO,CE,Federal Contract Tower,0,0,3,1,4,0,0,21,1,22,0,0,24,2,26,10,12,22,48
09/27/2007,HSA,MS,ASO,CE,Federal Contract Tower,0,0,15,5,20,0,0,17,12,29,0,0,32,17,49,0,18,18,67
09/28/2007,HSA,MS,ASO,CE,Federal Contract Tower,0,0,13,2,15,0,0,19,0,19,0,0,32,2,34,2,6,8,42
09/29/2007,HSA,MS,ASO,CE,Federal Contract Tower,0,0,2,0,2,0,0,48,0,48,0,0,50,0,50,44,0,44,94
09/30/2007,HSA,MS,ASO,CE,Federal Contract Tower,0,2,7,1,10,0,0,30,0,30,0,2,37,1,40,0,0,0,40
10/01/2007,HSA,MS,ASO,CE,Federal Contract Tower,0,0,6,0,6,0,0,38,0,38,0,0,44,0,44,14,0,14,58
10/02/2007,HSA,MS,ASO,CE,Federal Contract Tower,0,0,0,6,6,0,0,33,5,38,0,0,33,11,44,12,49,61,105
10/03/2007,HSA,MS,ASO,CE,Federal Contract Tower,0,0,2,8,10,0,0,29,3,32,0,0,31,11,42,0,80,80,122
10/04/2007,HSA,MS,ASO,CE,Federal Contract Tower,0,2,9,3,14,0,0,21,13,34,0,2,30,16,48,45,10,55,103
10/05/2007,HSA,MS,ASO,CE,Federal Contract Tower,0,0,6,2,8,0,0,22,0,22,0,0,28,2,30,0,0,0,30
10/06/2007,HSA,MS,ASO,CE,Federal Contract Tower,0,0,2,0,2,0,0,19,0,19,0,0,21,0,21,0,0,0,21
10/07/2007,HSA,MS,ASO,CE,Federal Contract Tower,0,0,0,0,0,0,0,18,0,18,0,0,18,0,18,0,0,0,18
10/08/2007,HSA,MS,ASO,CE,Federal Contract Tower,0,0,5,0,5,0,0,33,0,33,0,0,38,0,38,0,0,0,38
10/09/2007,HSA,MS,ASO,CE,Federal Contract Tower,0,0,5,0,5,0,0,25,0,25,0,0,30,0,30,0,0,0,30
10/10/2007,HSA,MS,ASO,CE,Federal Contract Tower,0,0,5,3,8,0,0,33,1,34,0,0,38,4,42,5,14,19,61
10/11/2007,HSA,MS,ASO,CE,Federal Contract Tower,0,0,6,3,9,0,0,26,19,45,0,0,32,22,54,21,40,61,115
10/12/2007,HSA,MS,ASO,CE,Federal Contract Tower,0,0,5,0,5,0,0,12,0,12,0,0,17,0,17,3,0,3,20
10/13/2007,HSA,MS,ASO,CE,Federal Contract Tower,0,0,10,2,12,0,0,0,0,0,0,0,10,2,12,27,2,29,41
10/14/2007,HSA,MS,ASO,CE,Federal Contract Tower,0,0,8,1,9,0,0,43,0,43,0,0,51,1,52,3,0,3,55
10/15/2007,HSA,MS,ASO,CE,Federal Contract Tower,0,0,3,0,3,0,0,23,0,23,0,0,26,0,26,0,0,0,26
10/16/2007,HSA,MS,ASO,CE,Federal Contract Tower,0,0,7,9,16,0,0,18,3,21,0,0,25,12,37,106,7,113,150
10/17/2007,HSA,MS,ASO,CE,Federal Contract Tower,0,0,6,0,6,0,0,20,0,20,0,0,26,0,26,18,0,18,44
10/18/2007,HSA,MS,ASO,CE,Federal Contract Tower,0,0,6,0,6,0,0,15,0,15,0,0,21,0,21,79,0,79,100
10/19/2007,HSA,MS,ASO,CE,Federal Contract Tower,0,0,5,0,5,0,0,17,0,17,0,0,22,0,22,55,0,55,77
10/20/2007,HSA,MS,ASO,CE,Federal Contract Tower,0,0,4,0,4,0,0,55,0,55,0,0,59,0,59,6,0,6,65
10/21/2007,HSA,MS,ASO,CE,Federal Contract Tower,0,0,3,0,3,0,0,30,2,32,0,0,33,2,35,6,0,6,41
10/22/2007,HSA,MS,ASO,CE,Federal Contract Tower,0,0,4,0,4,0,0,0,0,0,0,0,4,0,4,0,0,0,4
10/23/2007,HSA,MS,ASO,CE,Federal Contract Tower,0,0,3,12,15,0,0,7,0,7,0,0,10,12,22,0,7,7,29
10/24/2007,HSA,MS,ASO,CE,Federal Contract Tower,0,0,6,0,6,0,0,15,0,15,0,0,21,0,21,0,0,0,21
10/25/2007,HSA,MS,ASO,CE,Federal Contract Tower,0,0,8,0,8,0,0,46,13,59,0,0,54,13,67,4,34,38,105
10/26/2007,HSA,MS,ASO,CE,Federal Contract Tower,0,0,5,8,13,0,0,23,4,27,0,0,28,12,40,48,0,48,88
10/27/2007,HSA,MS,ASO,CE,Federal Contract Tower,0,0,1,0,1,0,0,24,0,24,0,0,25,0,25,6,0,6,31
10/28/2007,HSA,MS,ASO,CE,Federal Contract Tower,0,0,2,0,2,0,0,34,0,34,0,0,36,0,36,0,0,0,36
10/29/2007,HSA,MS,ASO,CE,Federal Contract Tower,0,0,5,2,7,0,0,21,0,21,0,0,26,2,28,6,0,6,34
10/30/2007,HSA,MS,ASO,CE,Federal Contract Tower,0,0,1,15,16,0,0,17,18,35,0,0,18,33,51,2,45,47,98
10/31/2007,HSA,MS,ASO,CE,Federal Contract Tower,0,0,4,12,16,0,0,20,1,21,0,0,24,13,37,10,12,22,59
11/01/2007,HSA,MS,ASO,CE,Federal Contract Tower,0,0,9,4,13,0,0,17,4,21,0,0,26,8,34,4,6,10,44
11/02/2007,HSA,MS,ASO,CE,Federal Contract Tower,0,2,10,0,12,0,0,27,4,31,0,2,37,4,43,9,16,25,68
11/03/2007,HSA,MS,ASO,CE,Federal Contract Tower,0,0,1,0,1,0,0,31,0,31,0,0,32,0,32,14,0,14,46
11/04/2007,HSA,MS,ASO,CE,Federal Contract Tower,0,0,3,0,3,0,0,50,0,50,0,0,53,0,53,2,0,2,55
11/05/2007,HSA,MS,ASO,CE,Federal Contract Tower,0,0,3,0,3,0,0,21,0,21,0,0,24,0,24,0,0,0,24
11/06/2007,HSA,MS,ASO,CE,Federal Contract Tower,0,0,9,4,13,0,0,15,32,47,0,0,24,36,60,7,12,19,79
11/07/2007,HSA,MS,ASO,CE,Federal Contract Tower,0,0,13,4,17,0,0,30,1,31,0,0,43,5,48,63,14,77,125
11/08/2007,HSA,MS,ASO,CE,Federal Contract Tower,0,0,9,10,19,0,0,27,0,27,0,0,36,10,46,29,25,54,100
11/09/2007,HSA,MS,ASO,CE,Federal Contract Tower,0,0,4,0,4,0,0,52,0,52,0,0,56,0,56,61,0,61,117
11/10/2007,HSA,MS,ASO,CE,Federal Contract Tower,0,0,0,0,0,0,0,49,0,49,0,0,49,0,49,20,0,20,69
11/11/2007,HSA,MS,ASO,CE,Federal Contract Tower,0,0,1,2,3,0,0,43,0,43,0,0,44,2,46,14,0,14,60
11/12/2007,HSA,MS,ASO,CE,Federal Contract Tower,0,0,0,0,0,0,0,36,0,36,0,0,36,0,36,0,0,0,36
11/13/2007,HSA,MS,ASO,CE,Federal Contract Tower,0,0,7,4,11,0,0,32,0,32,0,0,39,4,43,4,38,42,85
11/14/2007,HSA,MS,ASO,CE,Federal Contract Tower,0,0,7,17,24,0,0,27,23,50,0,0,34,40,74,10,27,37,111
11/15/2007,HSA,MS,ASO,CE,Federal Contract Tower,0,0,2,2,4,0,0,22,22,44,0,0,24,24,48,0,26,26,74
11/16/2007,HSA,MS,ASO,CE,Federal Contract Tower,0,0,9,0,9,0,0,35,2,37,0,0,44,2,46,48,0,48,94
11/17/2007,HSA,MS,ASO,CE,Federal Contract Tower,0,0,1,0,1,0,0,44,0,44,0,0,45,0,45,6,0,6,51
11/18/2007,HSA,MS,ASO,CE,Federal Contract Tower,0,0,3,0,3,0,0,67,0,67,0,0,70,0,70,20,0,20,90
11/19/2007,HSA,MS,ASO,CE,Federal Contract Tower,0,2,7,0,9,0,0,39,6,45,0,2,46,6,54,20,22,42,96
11/20/2007,HSA,MS,ASO,CE,Federal Contract Tower,0,0,4,9,13,0,0,39,6,45,0,0,43,15,58,14,38,52,110
11/21/2007,HSA,MS,ASO,CE,Federal Contract Tower,0,0,5,0,5,0,0,35,0,35,0,0,40,0,40,49,0,49,89
11/22/2007,HSA,MS,ASO,CE,Federal Contract Tower,0,0,3,0,3,0,0,7,0,7,0,0,10,0,10,0,0,0,10
11/23/2007,HSA,MS,ASO,CE,Federal Contract Tower,0,0,4,0,4,0,0,30,0,30,0,0,34,0,34,24,0,24,58
11/24/2007,HSA,MS,ASO,CE,Federal Contract Tower,0,0,4,0,4,0,0,19,0,19,0,0,23,0,23,18,0,18,41
11/25/2007,HSA,MS,ASO,CE,Federal Contract Tower,0,0,4,0,4,0,0,0,0,0,0,0,4,0,4,0,0,0,4
11/26/2007,HSA,MS,ASO,CE,Federal Contract Tower,0,0,2,1,3,0,0,27,0,27,0,0,29,1,30,0,0,0,30
11/27/2007,HSA,MS,ASO,CE,Federal Contract Tower,0,0,3,7,10,0,0,13,17,30,0,0,16,24,40,0,0,0,40
11/28/2007,HSA,MS,ASO,CE,Federal Contract Tower,0,0,0,1,1,0,0,38,1,39,0,0,38,2,40,46,30,76,116
11/29/2007,HSA,MS,ASO,CE,Federal Contract Tower,0,0,18,6,24,0,0,32,4,36,0,0,50,10,60,15,64,79,139
11/30/2007,HSA,MS,ASO,CE,Federal Contract Tower,0,0,8,2,10,0,0,29,6,35,0,0,37,8,45,62,30,92,137
12/01/2007,HSA,MS,ASO,CE,Federal Contract Tower,0,0,6,0,6,0,0,50,0,50,0,0,56,0,56,36,0,36,92
12/02/2007,HSA,MS,ASO,CE,Federal Contract Tower,0,0,2,0,2,0,0,21,0,21,0,0,23,0,23,0,0,0,23
12/03/2007,HSA,MS,ASO,CE,Federal Contract Tower,0,0,7,0,7,0,0,18,2,20,0,0,25,2,27,8,22,30,57
12/04/2007,HSA,MS,ASO,CE,Federal Contract Tower,0,0,11,8,19,0,0,20,16,36,0,0,31,24,55,16,20,36,91
12/05/2007,HSA,MS,ASO,CE,Federal Contract Tower,0,0,0,1,1,0,0,14,0,14,0,0,14,1,15,0,13,13,28
12/06/2007,HSA,MS,ASO,CE,Federal Contract Tower,0,0,0,0,0,0,0,37,0,37,0,0,37,0,37,31,0,31,68
12/07/2007,HSA,MS,ASO,CE,Federal Contract Tower,0,0,9,0,9,0,0,14,5,19,0,0,23,5,28,4,30,34,62
12/08/2007,HSA,MS,ASO,CE,Federal Contract Tower,0,0,5,0,5,0,0,12,0,12,0,0,17,0,17,12,0,12,29
12/09/2007,HSA,MS,ASO,CE,Federal Contract Tower,0,0,12,0,12,0,0,3,0,3,0,0,15,0,15,0,0,0,15
12/10/2007,HSA,MS,ASO,CE,Federal Contract Tower,0,0,2,0,2,0,0,19,0,19,0,0,21,0,21,20,0,20,41
12/11/2007,HSA,MS,ASO,CE,Federal Contract Tower,0,0,10,2,12,0,0,10,2,12,0,0,20,4,24,3,0,3,27
12/12/2007,HSA,MS,ASO,CE,Federal Contract Tower,0,0,9,3,12,0,0,12,6,18,0,0,21,9,30,2,14,16,46
12/13/2007,HSA,MS,ASO,CE,Federal Contract Tower,0,0,9,20,29,0,0,18,3,21,0,0,27,23,50,0,13,13,63
12/14/2007,HSA,MS,ASO,CE,Federal Contract Tower,0,0,12,0,12,0,0,11,0,11,0,0,23,0,23,4,0,4,27
12/15/2007,HSA,MS,ASO,CE,Federal Contract Tower,0,0,2,0,2,0,0,23,2,25,0,0,25,2,27,6,0,6,33
12/16/2007,HSA,MS,ASO,CE,Federal Contract Tower,0,0,8,0,8,0,0,13,0,13,0,0,21,0,21,4,0,4,25
12/17/2007,HSA,MS,ASO,CE,Federal Contract Tower,0,0,1,7,8,0,0,25,1,26,0,0,26,8,34,2,18,20,54
12/18/2007,HSA,MS,ASO,CE,Federal Contract Tower,0,0,0,4,4,0,0,28,13,41,0,0,28,17,45,2,18,20,65
12/19/2007,HSA,MS,ASO,CE,Federal Contract Tower,0,0,1,18,19,0,0,25,2,27,0,0,26,20,46,4,4,8,54
12/20/2007,HSA,MS,ASO,CE,Federal Contract Tower,0,0,2,0,2,0,0,1,0,1,0,0,3,0,3,0,0,0,3
12/21/2007,HSA,MS,ASO,CE,Federal Contract Tower,0,0,10,0,10,0,0,13,0,13,0,0,23,0,23,6,0,6,29
12/22/2007,HSA,MS,ASO,CE,Federal Contract Tower,0,0,2,0,2,0,0,13,0,13,0,0,15,0,15,0,0,0,15
12/23/2007,HSA,MS,ASO,CE,Federal Contract Tower,0,0,1,0,1,0,0,12,0,12,0,0,13,0,13,10,0,10,23
12/24/2007,HSA,MS,ASO,CE,Federal Contract Tower,0,0,1,0,1,0,0,14,0,14,0,0,15,0,15,0,0,0,15
12/25/2007,HSA,MS,ASO,CE,Federal Contract Tower,0,0,0,0,0,0,0,7,0,7,0,0,7,0,7,20,0,20,27
12/26/2007,HSA,MS,ASO,CE,Federal Contract Tower,0,0,7,0,7,0,0,11,0,11,0,0,18,0,18,0,0,0,18
12/27/2007,HSA,MS,ASO,CE,Federal Contract Tower,0,0,7,0,7,0,0,38,0,38,0,0,45,0,45,7,0,7,52
12/28/2007,HSA,MS,ASO,CE,Federal Contract Tower,0,0,3,0,3,0,0,15,0,15,0,0,18,0,18,3,0,3,21
12/29/2007,HSA,MS,ASO,CE,Federal Contract Tower,0,0,0,0,0,0,0,7,0,7,0,0,7,0,7,18,0,18,25
12/30/2007,HSA,MS,ASO,CE,Federal Contract Tower,0,0,0,0,0,0,0,25,0,25,0,0,25,0,25,0,0,0,25
12/31/2007,HSA,MS,ASO,CE,Federal Contract Tower,0,0,1,0,1,0,0,35,0,35,0,0,36,0,36,14,0,14,50
01/01/2008,HSA,MS,ASO,CE,Federal Contract Tower,0,0,1,0,1,0,0,4,0,4,0,0,5,0,5,0,0,0,5
01/02/2008,HSA,MS,ASO,CE,Federal Contract Tower,0,0,4,0,4,0,0,22,0,22,0,0,26,0,26,0,0,0,26
01/03/2008,HSA,MS,ASO,CE,Federal Contract Tower,0,0,3,8,11,0,0,25,0,25,0,0,28,8,36,15,15,30,66
01/04/2008,HSA,MS,ASO,CE,Federal Contract Tower,0,0,5,4,9,0,0,25,4,29,0,0,30,8,38,0,0,0,38
01/05/2008,HSA,MS,ASO,CE,Federal Contract Tower,0,0,2,0,2,0,0,38,4,42,0,0,40,4,44,6,0,6,50
01/06/2008,HSA,MS,ASO,CE,Federal Contract Tower,0,0,2,0,2,0,0,17,0,17,0,0,19,0,19,22,0,22,41
01/07/2008,HSA,MS,ASO,CE,Federal Contract Tower,0,0,7,0,7,0,0,17,0,17,0,0,24,0,24,0,0,0,24
01/08/2008,HSA,MS,ASO,CE,Federal Contract Tower,0,0,5,12,17,0,0,8,18,26,0,0,13,30,43,40,2,42,85
01/09/2008,HSA,MS,ASO,CE,Federal Contract Tower,0,0,4,4,8,0,0,17,2,19,0,0,21,6,27,0,0,0,27
01/10/2008,HSA,MS,ASO,CE,Federal Contract Tower,0,0,6,0,6,0,0,0,0,0,0,0,6,0,6,0,0,0,6
01/11/2008,HSA,MS,ASO,CE,Federal Contract Tower,0,0,11,5,16,0,0,40,5,45,0,0,51,10,61,37,0,37,98
01/12/2008,HSA,MS,ASO,CE,Federal Contract Tower,0,0,1,10,11,0,0,37,14,51,0,0,38,24,62,13,19,32,94
01/13/2008,HSA,MS,ASO,CE,Federal Contract Tower,0,0,4,2,6,0,0,29,9,38,0,0,33,11,44,32,6,38,82
01/14/2008,HSA,MS,ASO,CE,Federal Contract Tower,0,0,11,0,11,0,0,13,4,17,0,0,24,4,28,12,0,12,40
01/15/2008,HSA,MS,ASO,CE,Federal Contract Tower,0,0,4,3,7,0,0,24,8,32,0,0,28,11,39,0,46,46,85
01/16/2008,HSA,MS,ASO,CE,Federal Contract Tower,0,0,8,0,8,0,0,4,0,4,0,0,12,0,12,0,0,0,12
01/17/2008,HSA,MS,ASO,CE,Federal Contract Tower,0,0,14,5,19,0,0,10,1,11,0,0,24,6,30,4,33,37,67
01/18/2008,HSA,MS,ASO,CE,Federal Contract Tower,0,0,9,9,18,0,0,26,3,29,0,0,35,12,47,0,18,18,65
01/19/2008,HSA,MS,ASO,CE,Federal Contract Tower,0,0,3,0,3,0,0,1,0,1,0,0,4,0,4,0,0,0,4
01/20/2008,HSA,MS,ASO,CE,Federal Contract Tower,0,0,3,0,3,0,0,41,0,41,0,0,44,0,44,10,0,10,54
01/21/2008,HSA,MS,ASO,CE,Federal Contract Tower,0,0,2,1,3,0,0,17,1,18,0,0,19,2,21,4,0,4,25
01/22/2008,HSA,MS,ASO,CE,Federal Contract Tower,0,0,0,18,18,0,0,5,0,5,0,0,5,18,23,0,0,0,23
01/23/2008,HSA,MS,ASO,CE,Federal Contract Tower,0,0,12,0,12,0,0,20,0,20,0,0,32,0,32,0,0,0,32
01/24/2008,HSA,MS,ASO,CE,Federal Contract Tower,0,0,7,5,12,0,0,5,6,11,0,0,12,11,23,0,8,8,31
01/25/2008,HSA,MS,ASO,CE,Federal Contract Tower,0,2,15,2,19,0,0,17,2,19,0,2,32,4,38,0,0,0,38
01/26/2008,HSA,MS,ASO,CE,Federal Contract Tower,0,0,4,0,4,0,0,4,0,4,0,0,8,0,8,2,0,2,10
01/27/2008,HSA,MS,ASO,CE,Federal Contract Tower,0,0,6,0,6,0,0,106,0,106,0,0,112,0,112,16,0,16,128
01/28/2008,HSA,MS,ASO,CE,Federal Contract Tower,0,0,2,0,2,0,0,198,2,200,0,0,200,2,202,0,0,0,202
01/29/2008,HSA,MS,ASO,CE,Federal Contract Tower,0,0,4,9,13,0,0,42,26,68,0,0,46,35,81,0,20,20,101
01/30/2008,HSA,MS,ASO,CE,Federal Contract Tower,0,0,3,0,3,0,0,26,7,33,0,0,29,7,36,4,0,4,40
01/31/2008,HSA,MS,ASO,CE,Federal Contract Tower,0,0,0,0,0,0,0,18,0,18,0,0,18,0,18,0,0,0,18
02/01/2008,HSA,MS,ASO,CE,Federal Contract Tower,0,0,3,2,5,0,0,15,6,21,0,0,18,8,26,16,0,16,42
02/02/2008,HSA,MS,ASO,CE,Federal Contract Tower,0,0,0,0,0,0,0,72,2,74,0,0,72,2,74,16,3,19,93
02/03/2008,HSA,MS,ASO,CE,Federal Contract Tower,0,0,3,0,3,0,0,27,0,27,0,0,30,0,30,10,0,10,40
02/04/2008,HSA,MS,ASO,CE,Federal Contract Tower,0,0,1,2,3,0,0,12,5,17,0,0,13,7,20,0,0,0,20
02/05/2008,HSA,MS,ASO,CE,Federal Contract Tower,0,0,7,4,11,0,0,0,5,5,0,0,7,9,16,0,24,24,40
02/06/2008,HSA,MS,ASO,CE,Federal Contract Tower,0,0,9,1,10,0,0,25,0,25,0,0,34,1,35,0,0,0,35
02/07/2008,HSA,MS,ASO,CE,Federal Contract Tower,0,0,4,12,16,0,0,22,14,36,0,0,26,26,52,0,34,34,86
02/08/2008,HSA,MS,ASO,CE,Federal Contract Tower,0,0,10,0,10,0,0,38,0,38,0,0,48,0,48,8,0,8,56
02/09/2008,HSA,MS,ASO,CE,Federal Contract Tower,0,0,3,0,3,0,0,34,0,34,0,0,37,0,37,22,0,22,59
02/10/2008,HSA,MS,ASO,CE,Federal Contract Tower,0,0,4,0,4,0,0,39,0,39,0,0,43,0,43,33,0,33,76
02/11/2008,HSA,MS,ASO,CE,Federal Contract Tower,0,0,5,14,19,0,0,36,3,39,0,0,41,17,58,58,36,94,152
02/12/2008,HSA,MS,ASO,CE,Federal Contract Tower,0,0,4,1,5,0,0,4,0,4,0,0,8,1,9,0,17,17,26
02/13/2008,HSA,MS,ASO,CE,Federal Contract Tower,0,0,6,1,7,0,0,23,27,50,0,0,29,28,57,6,38,44,101
02/14/2008,HSA,MS,ASO,CE,Federal Contract Tower,0,0,6,8,14,0,0,31,11,42,0,0,37,19,56,78,10,88,144
02/15/2008,HSA,MS,ASO,CE,Federal Contract Tower,0,0,8,0,8,0,0,35,6,41,0,0,43,6,49,4,2,6,55
02/16/2008,HSA,MS,ASO,CE,Federal Contract Tower,0,0,2,1,3,0,0,49,1,50,0,0,51,2,53,13,0,13,66
02/17/2008,HSA,MS,ASO,CE,Federal Contract Tower,0,0,1,1,2,0,0,7,0,7,0,0,8,1,9,0,0,0,9
02/18/2008,HSA,MS,ASO,CE,Federal Contract Tower,0,0,2,0,2,0,0,43,0,43,0,0,45,0,45,6,0,6,51
02/19/2008,HSA,MS,ASO,CE,Federal Contract Tower,0,0,2,1,3,0,0,28,9,37,0,0,30,10,40,26,0,26,66
02/20/2008,HSA,MS,ASO,CE,Federal Contract Tower,0,0,4,1,5,0,0,43,6,49,0,0,47,7,54,2,9,11,65
02/21/2008,HSA,MS,ASO,CE,Federal Contract Tower,0,0,9,1,10,0,0,3,6,9,0,0,12,7,19,0,0,0,19
02/22/2008,HSA,MS,ASO,CE,Federal Contract Tower,0,0,11,2,13,0,0,11,0,11,0,0,22,2,24,0,0,0,24
02/23/2008,HSA,MS,ASO,CE,Federal Contract Tower,0,0,3,0,3,0,0,39,0,39,0,0,42,0,42,30,0,30,72
02/24/2008,HSA,MS,ASO,CE,Federal Contract Tower,0,0,8,0,8,0,0,8,0,8,0,0,16,0,16,4,0,4,20
02/25/2008,HSA,MS,ASO,CE,Federal Contract Tower,0,0,7,0,7,0,0,9,0,9,0,0,16,0,16,0,0,0,16
02/26/2008,HSA,MS,ASO,CE,Federal Contract Tower,0,0,6,4,10,0,0,9,0,9,0,0,15,4,19,0,0,0,19
02/27/2008,HSA,MS,ASO,CE,Federal Contract Tower,0,0,7,4,11,0,0,46,14,60,0,0,53,18,71,43,0,43,114
02/28/2008,HSA,MS,ASO,CE,Federal Contract Tower,0,0,6,6,12,0,0,21,1,22,0,0,27,7,34,102,21,123,157
02/29/2008,HSA,MS,ASO,CE,Federal Contract Tower,0,0,3,4,7,0,0,25,8,33,0,0,28,12,40,30,0,30,70
03/01/2008,HSA,MS,ASO,CE,Federal Contract Tower,0,0,3,0,3,0,0,69,0,69,0,0,72,0,72,40,0,40,112
03/02/2008,HSA,MS,ASO,CE,Federal Contract Tower,0,0,4,1,5,0,0,25,0,25,0,0,29,1,30,10,0,10,40
03/03/2008,HSA,MS,ASO,CE,Federal Contract Tower,0,0,3,8,11,0,0,4,0,4,0,0,7,8,15,0,0,0,15
03/04/2008,HSA,MS,ASO,CE,Federal Contract Tower,0,0,3,0,3,0,0,14,3,17,0,0,17,3,20,0,0,0,20
03/05/2008,HSA,MS,ASO,CE,Federal Contract Tower,0,0,3,4,7,0,0,26,2,28,0,0,29,6,35,16,0,16,51
03/06/2008,HSA,MS,ASO,CE,Federal Contract Tower,0,0,1,14,15,0,0,28,2,30,0,0,29,16,45,11,35,46,91
03/07/2008,HSA,MS,ASO,CE,Federal Contract Tower,0,0,12,0,12,0,0,12,0,12,0,0,24,0,24,0,0,0,24
03/08/2008,HSA,MS,ASO,CE,Federal Contract Tower,0,0,4,0,4,0,0,19,2,21,0,0,23,2,25,18,0,18,43
03/09/2008,HSA,MS,ASO,CE,Federal Contract Tower,0,0,0,0,0,0,0,24,0,24,0,0,24,0,24,30,0,30,54
03/10/2008,HSA,MS,ASO,CE,Federal Contract Tower,0,0,2,0,2,0,0,29,0,29,0,0,31,0,31,2,0,2,33
03/11/2008,HSA,MS,ASO,CE,Federal Contract Tower,0,0,4,2,6,0,0,14,16,30,0,0,18,18,36,0,32,32,68
03/12/2008,HSA,MS,ASO,CE,Federal Contract Tower,0,0,6,4,10,0,0,47,0,47,0,0,53,4,57,53,4,57,114
03/13/2008,HSA,MS,ASO,CE,Federal Contract Tower,0,0,3,1,4,0,0,15,1,16,0,0,18,2,20,12,6,18,38
03/14/2008,HSA,MS,ASO,CE,Federal Contract Tower,0,0,4,2,6,0,0,22,6,28,0,0,26,8,34,2,0,2,36
03/15/2008,HSA,MS,ASO,CE,Federal Contract Tower,0,0,4,0,4,0,0,7,2,9,0,0,11,2,13,0,0,0,13
03/16/2008,HSA,MS,ASO,CE,Federal Contract Tower,0,0,0,0,0,0,0,43,2,45,0,0,43,2,45,46,0,46,91
03/17/2008,HSA,MS,ASO,CE,Federal Contract Tower,0,0,7,0,7,0,0,18,0,18,0,0,25,0,25,5,0,5,30
03/18/2008,HSA,MS,ASO,CE,Federal Contract Tower,0,0,1,2,3,0,0,2,0,2,0,0,3,2,5,0,0,0,5
03/19/2008,HSA,MS,ASO,CE,Federal Contract Tower,0,0,0,0,0,0,0,7,0,7,0,0,7,0,7,0,0,0,7
03/20/2008,HSA,MS,ASO,CE,Federal Contract Tower,0,0,15,7,22,0,0,47,0,47,0,0,62,7,69,24,68,92,161
03/21/2008,HSA,MS,ASO,CE,Federal Contract Tower,0,0,8,0,8,0,0,37,0,37,0,0,45,0,45,20,0,20,65
03/22/2008,HSA,MS,ASO,CE,Federal Contract Tower,0,0,5,0,5,0,0,41,0,41,0,0,46,0,46,21,0,21,67
03/23/2008,HSA,MS,ASO,CE,Federal Contract Tower,0,0,5,0,5,0,0,20,0,20,0,0,25,0,25,8,0,8,33
03/24/2008,HSA,MS,ASO,CE,Federal Contract Tower,0,0,6,2,8,0,0,32,0,32,0,0,38,2,40,18,32,50,90
03/25/2008,HSA,MS,ASO,CE,Federal Contract Tower,0,0,6,1,7,0,0,26,0,26,0,0,32,1,33,11,0,11,44
03/26/2008,HSA,MS,ASO,CE,Federal Contract Tower,0,0,14,0,14,0,0,16,0,16,0,0,30,0,30,30,0,30,60
03/27/2008,HSA,MS,ASO,CE,Federal Contract Tower,0,0,5,2,7,0,0,20,5,25,0,0,25,7,32,0,0,0,32
03/28/2008,HSA,MS,ASO,CE,Federal Contract Tower,0,0,6,0,6,0,0,21,0,21,0,0,27,0,27,2,0,2,29
03/29/2008,HSA,MS,ASO,CE,Federal Contract Tower,0,0,2,0,2,0,0,15,4,19,0,0,17,4,21,12,0,12,33
03/30/2008,HSA,MS,ASO,CE,Federal Contract Tower,0,0,9,0,9,0,0,9,0,9,0,0,18,0,18,6,0,6,24
03/31/2008,HSA,MS,ASO,CE,Federal Contract Tower,0,0,8,0,8,0,0,10,0,10,0,0,18,0,18,0,0,0,18
04/01/2008,HSA,MS,ASO,CE,Federal Contract Tower,0,1,0,5,6,0,0,1,3,4,0,1,1,8,10,0,8,8,18
04/02/2008,HSA,MS,ASO,CE,Federal Contract Tower,0,0,5,0,5,0,0,7,0,7,0,0,12,0,12,0,0,0,12
04/03/2008,HSA,MS,ASO,CE,Federal Contract Tower,0,0,11,1,12,0,0,12,0,12,0,0,23,1,24,0,14,14,38
04/04/2008,HSA,MS,ASO,CE,Federal Contract Tower,0,0,7,0,7,0,0,9,0,9,0,0,16,0,16,6,0,6,22
04/05/2008,HSA,MS,ASO,CE,Federal Contract Tower,0,0,3,0,3,0,0,2,0,2,0,0,5,0,5,0,0,0,5
04/06/2008,HSA,MS,ASO,CE,Federal Contract Tower,0,0,5,0,5,0,0,34,4,38,0,0,39,4,43,4,8,12,55
04/07/2008,HSA,MS,ASO,CE,Federal Contract Tower,0,0,2,4,6,0,0,43,2,45,0,0,45,6,51,14,30,44,95
04/08/2008,HSA,MS,ASO,CE,Federal Contract Tower,0,0,12,2,14,0,0,16,1,17,0,0,28,3,31,10,18,28,59
04/09/2008,HSA,MS,ASO,CE,Federal Contract Tower,0,0,11,2,13,0,0,9,0,9,0,0,20,2,22,0,0,0,22
04/10/2008,HSA,MS,ASO,CE,Federal Contract Tower,0,0,9,0,9,0,0,4,0,4,0,0,13,0,13,0,0,0,13
04/11/2008,HSA,MS,ASO,CE,Federal Contract Tower,0,0,4,0,4,0,0,10,0,10,0,0,14,0,14,0,0,0,14
04/12/2008,HSA,MS,ASO,CE,Federal Contract Tower,0,0,11,2,13,0,0,36,0,36,0,0,47,2,49,6,0,6,55
04/13/2008,HSA,MS,ASO,CE,Federal Contract Tower,0,0,4,3,7,0,0,23,0,23,0,0,27,3,30,0,0,0,30
04/14/2008,HSA,MS,ASO,CE,Federal Contract Tower,0,0,2,0,2,0,0,25,0,25,0,0,27,0,27,10,0,10,37
04/15/2008,HSA,MS,ASO,CE,Federal Contract Tower,0,0,3,4,7,0,0,12,20,32,0,0,15,24,39,2,72,74,113
04/16/2008,HSA,MS,ASO,CE,Federal Contract Tower,0,0,11,0,11,0,0,12,10,22,0,0,23,10,33,12,30,42,75
04/17/2008,HSA,MS,ASO,CE,Federal Contract Tower,0,0,4,0,4,0,0,60,9,69,0,0,64,9,73,56,10,66,139
04/18/2008,HSA,MS,ASO,CE,Federal Contract Tower,0,0,5,2,7,0,0,6,11,17,0,0,11,13,24,0,22,22,46
04/19/2008,HSA,MS,ASO,CE,Federal Contract Tower,0,0,0,0,0,0,0,43,2,45,0,0,43,2,45,10,0,10,55
04/20/2008,HSA,MS,ASO,CE,Federal Contract Tower,0,0,0,1,1,0,0,40,0,40,0,0,40,1,41,8,0,8,49
04/21/2008,HSA,MS,ASO,CE,Federal Contract Tower,0,0,9,2,11,0,0,39,10,49,0,0,48,12,60,28,12,40,100
04/22/2008,HSA,MS,ASO,CE,Federal Contract Tower,0,0,9,0,9,0,0,29,9,38,0,0,38,9,47,28,20,48,95
04/23/2008,HSA,MS,ASO,CE,Federal Contract Tower,0,0,9,0,9,0,0,34,0,34,0,0,43,0,43,8,0,8,51
04/24/2008,HSA,MS,ASO,CE,Federal Contract Tower,0,0,7,2,9,0,0,8,4,12,0,0,15,6,21,0,2,2,23
04/25/2008,HSA,MS,ASO,CE,Federal Contract Tower,0,0,3,1,4,0,0,5,0,5,0,0,8,1,9,20,0,20,29
04/26/2008,HSA,MS,ASO,CE,Federal Contract Tower,0,0,2,0,2,0,0,9,0,9,0,0,11,0,11,0,0,0,11
04/27/2008,HSA,MS,ASO,CE,Federal Contract Tower,0,0,0,0,0,0,0,7,0,7,0,0,7,0,7,0,0,0,7
04/28/2008,HSA,MS,ASO,CE,Federal Contract Tower,0,0,5,0,5,0,0,35,14,49,0,0,40,14,54,16,14,30,84
04/29/2008,HSA,MS,ASO,CE,Federal Contract Tower,0,0,4,1,5,0,0,36,15,51,0,0,40,16,56,51,53,104,160
04/30/2008,HSA,MS,ASO,CE,Federal Contract Tower,0,0,33,0,33,0,0,48,4,52,0,0,81,4,85,62,0,62,147
05/01/2008,HSA,MS,ASO,CE,Federal Contract Tower,0,0,2,0,2,0,0,16,0,16,0,0,18,0,18,6,12,18,36
05/02/2008,HSA,MS,ASO,CE,Federal Contract Tower,0,0,5,0,5,0,0,8,0,8,0,0,13,0,13,0,0,0,13
05/03/2008,HSA,MS,ASO,CE,Federal Contract Tower,0,0,2,0,2,0,0,15,0,15,0,0,17,0,17,0,0,0,17
05/04/2008,HSA,MS,ASO,CE,Federal Contract Tower,0,0,5,0,5,0,0,49,2,51,0,0,54,2,56,0,0,0,56
05/05/2008,HSA,MS,ASO,CE,Federal Contract Tower,0,0,2,0,2,0,0,30,0,30,0,0,32,0,32,31,0,31,63
05/06/2008,HSA,MS,ASO,CE,Federal Contract Tower,0,0,1,2,3,0,0,26,16,42,0,0,27,18,45,42,22,64,109
05/07/2008,HSA,MS,ASO,CE,Federal Contract Tower,0,0,6,2,8,0,0,18,12,30,0,0,24,14,38,17,28,45,83
05/08/2008,HSA,MS,ASO,CE,Federal Contract Tower,0,0,1,14,15,0,0,10,10,20,0,0,11,24,35,0,18,18,53
05/09/2008,HSA,MS,ASO,CE,Federal Contract Tower,0,0,7,3,10,0,0,13,1,14,0,0,20,4,24,19,4,23,47
05/10/2008,HSA,MS,ASO,CE,Federal Contract Tower,0,0,1,0,1,0,0,23,0,23,0,0,24,0,24,18,0,18,42
05/11/2008,HSA,MS,ASO,CE,Federal Contract Tower,0,0,0,0,0,0,0,16,0,16,0,0,16,0,16,54,0,54,70
05/12/2008,HSA,MS,ASO,CE,Federal Contract Tower,0,0,8,1,9,0,0,9,3,12,0,0,17,4,21,0,16,16,37
05/13/2008,HSA,MS,ASO,CE,Federal Contract Tower,0,0,7,10,17,0,0,16,2,18,0,0,23,12,35,0,40,40,75
05/14/2008,HSA,MS,ASO,CE,Federal Contract Tower,0,0,9,5,14,0,0,12,7,19,0,0,21,12,33,0,10,10,43
05/15/2008,HSA,MS,ASO,CE,Federal Contract Tower,0,0,0,2,2,0,0,6,10,16,0,0,6,12,18,0,31,31,49
05/16/2008,HSA,MS,ASO,CE,Federal Contract Tower,0,0,2,0,2,0,0,0,2,2,0,0,2,2,4,0,0,0,4
05/17/2008,HSA,MS,ASO,CE,Federal Contract Tower,0,0,4,0,4,0,0,53,0,53,0,0,57,0,57,61,0,61,118
05/18/2008,HSA,MS,ASO,CE,Federal Contract Tower,0,0,1,0,1,0,0,16,0,16,0,0,17,0,17,102,0,102,119
05/19/2008,HSA,MS,ASO,CE,Federal Contract Tower,0,0,7,6,13,0,0,32,0,32,0,0,39,6,45,8,24,32,77
05/20/2008,HSA,MS,ASO,CE,Federal Contract Tower,0,0,6,13,19,0,0,45,12,57,0,0,51,25,76,0,53,53,129
05/21/2008,HSA,MS,ASO,CE,Federal Contract Tower,0,0,13,0,13,0,0,19,2,21,0,0,32,2,34,38,0,38,72
05/22/2008,HSA,MS,ASO,CE,Federal Contract Tower,0,0,3,0,3,0,0,14,0,14,0,0,17,0,17,18,0,18,35
05/23/2008,HSA,MS,ASO,CE,Federal Contract Tower,0,0,8,0,8,0,0,17,0,17,0,0,25,0,25,0,0,0,25
05/24/2008,HSA,MS,ASO,CE,Federal Contract Tower,0,0,2,0,2,0,0,25,0,25,0,0,27,0,27,15,0,15,42
05/25/2008,HSA,MS,ASO,CE,Federal Contract Tower,0,0,4,0,4,0,0,24,0,24,0,0,28,0,28,14,0,14,42
05/26/2008,HSA,MS,ASO,CE,Federal Contract Tower,0,0,3,0,3,0,0,27,0,27,0,0,30,0,30,32,0,32,62
05/27/2008,HSA,MS,ASO,CE,Federal Contract Tower,0,0,8,1,9,0,0,20,3,23,0,0,28,4,32,4,7,11,43
05/28/2008,HSA,MS,ASO,CE,Federal Contract Tower,0,0,7,10,17,0,0,19,2,21,0,0,26,12,38,7,2,9,47
05/29/2008,HSA,MS,ASO,CE,Federal Contract Tower,0,0,7,10,17,0,0,28,3,31,0,0,35,13,48,58,3,61,109
05/30/2008,HSA,MS,ASO,CE,Federal Contract Tower,0,0,8,2,10,0,0,31,0,31,0,0,39,2,41,16,14,30,71
05/31/2008,HSA,MS,ASO,CE,Federal Contract Tower,0,0,3,0,3,0,0,39,0,39,0,0,42,0,42,29,0,29,71
06/01/2008,HSA,MS,ASO,CE,Federal Contract Tower,0,0,4,0,4,0,0,42,0,42,0,0,46,0,46,10,0,10,56
06/02/2008,HSA,MS,ASO,CE,Federal Contract Tower,0,0,11,0,11,0,0,20,0,20,0,0,31,0,31,6,0,6,37
06/03/2008,HSA,MS,ASO,CE,Federal Contract Tower,0,0,2,6,8,0,0,41,21,62,0,0,43,27,70,14,4,18,88
06/04/2008,HSA,MS,ASO,CE,Federal Contract Tower,0,0,0,11,11,0,0,31,2,33,0,0,31,13,44,10,14,24,68
06/05/2008,HSA,MS,ASO,CE,Federal Contract Tower,0,0,2,0,2,0,0,69,10,79,0,0,71,10,81,0,4,4,85
06/06/2008,HSA,MS,ASO,CE,Federal Contract Tower,0,0,6,0,6,0,0,51,8,59,0,0,57,8,65,26,6,32,97
06/07/2008,HSA,MS,ASO,CE,Federal Contract Tower,0,0,4,0,4,0,0,115,0,115,0,0,119,0,119,0,0,0,119
06/08/2008,HSA,MS,ASO,CE,Federal Contract Tower,0,0,3,2,5,0,0,31,2,33,0,0,34,4,38,6,0,6,44
06/09/2008,HSA,MS,ASO,CE,Federal Contract Tower,0,0,11,5,16,0,0,50,3,53,0,0,61,8,69,6,0,6,75
06/10/2008,HSA,MS,ASO,CE,Federal Contract Tower,0,0,5,9,14,0,0,12,13,25,0,0,17,22,39,0,0,0,39
06/11/2008,HSA,MS,ASO,CE,Federal Contract Tower,0,0,0,0,0,0,0,21,0,21,0,0,21,0,21,5,0,5,26
06/12/2008,HSA,MS,ASO,CE,Federal Contract Tower,0,0,1,4,5,0,0,26,6,32,0,0,27,10,37,45,40,85,122
06/13/2008,HSA,MS,ASO,CE,Federal Contract Tower,0,0,7,2,9,0,0,24,1,25,0,0,31,3,34,20,0,20,54
06/14/2008,HSA,MS,ASO,CE,Federal Contract Tower,0,0,2,0,2,0,0,23,0,23,0,0,25,0,25,0,0,0,25
06/15/2008,HSA,MS,ASO,CE,Federal Contract Tower,0,0,8,0,8,0,0,12,0,12,0,0,20,0,20,8,0,8,28
06/16/2008,HSA,MS,ASO,CE,Federal Contract Tower,0,0,3,7,10,0,0,36,5,41,0,0,39,12,51,20,12,32,83
06/17/2008,HSA,MS,ASO,CE,Federal Contract Tower,0,0,8,3,11,0,0,11,17,28,0,0,19,20,39,19,30,49,88
06/18/2008,HSA,MS,ASO,CE,Federal Contract Tower,0,0,6,7,13,0,0,28,4,32,0,0,34,11,45,25,32,57,102
06/19/2008,HSA,MS,ASO,CE,Federal Contract Tower,0,0,7,2,9,0,0,53,2,55,0,0,60,4,64,9,30,39,103
06/20/2008,HSA,MS,ASO,CE,Federal Contract Tower,0,0,7,0,7,0,0,22,0,22,0,0,29,0,29,24,0,24,53
06/21/2008,HSA,MS,ASO,CE,Federal Contract Tower,0,0,12,0,12,0,0,16,0,16,0,0,28,0,28,6,0,6,34
06/22/2008,HSA,MS,ASO,CE,Federal Contract Tower,0,0,5,0,5,0,0,24,1,25,0,0,29,1,30,0,0,0,30
06/23/2008,HSA,MS,ASO,CE,Federal Contract Tower,0,2,6,4,12,0,0,39,2,41,0,2,45,6,53,11,26,37,90
06/24/2008,HSA,MS,ASO,CE,Federal Contract Tower,0,0,3,2,5,0,0,28,0,28,0,0,31,2,33,30,0,30,63
06/25/2008,HSA,MS,ASO,CE,Federal Contract Tower,0,0,4,0,4,0,0,11,2,13,0,0,15,2,17,11,0,11,28
06/26/2008,HSA,MS,ASO,CE,Federal Contract Tower,0,0,4,0,4,0,0,23,10,33,0,0,27,10,37,8,18,26,63
06/27/2008,HSA,MS,ASO,CE,Federal Contract Tower,0,0,6,3,9,0,0,11,7,18,0,0,17,10,27,16,50,66,93
06/28/2008,HSA,MS,ASO,CE,Federal Contract Tower,0,0,1,0,1,0,0,17,0,17,0,0,18,0,18,17,0,17,35
06/29/2008,HSA,MS,ASO,CE,Federal Contract Tower,0,0,3,0,3,0,0,19,0,19,0,0,22,0,22,14,0,14,36
06/30/2008,HSA,MS,ASO,CE,Federal Contract Tower,0,0,2,0,2,0,0,30,2,32,0,0,32,2,34,6,0,6,40
07/01/2008,HSA,MS,ASO,CE,Federal Contract Tower,0,0,5,3,8,0,0,48,25,73,0,0,53,28,81,8,18,26,107
07/02/2008,HSA,MS,ASO,CE,Federal Contract Tower,0,0,1,5,6,0,0,26,3,29,0,0,27,8,35,26,34,60,95
07/03/2008,HSA,MS,ASO,CE,Federal Contract Tower,0,0,12,1,13,0,0,19,3,22,0,0,31,4,35,27,24,51,86
07/04/2008,HSA,MS,ASO,CE,Federal Contract Tower,0,0,9,0,9,0,0,9,0,9,0,0,18,0,18,14,0,14,32
07/05/2008,HSA,MS,ASO,CE,Federal Contract Tower,0,0,1,0,1,0,0,32,0,32,0,0,33,0,33,18,0,18,51
07/06/2008,HSA,MS,ASO,CE,Federal Contract Tower,0,0,7,0,7,0,0,25,0,25,0,0,32,0,32,0,0,0,32
07/07/2008,HSA,MS,ASO,CE,Federal Contract Tower,0,0,2,0,2,0,0,25,0,25,0,0,27,0,27,12,0,12,39
07/08/2008,HSA,MS,ASO,CE,Federal Contract Tower,0,0,5,14,19,0,0,20,16,36,0,0,25,30,55,30,38,68,123
07/09/2008,HSA,MS,ASO,CE,Federal Contract Tower,0,0,3,2,5,0,0,30,0,30,0,0,33,2,35,34,4,38,73
07/10/2008,HSA,MS,ASO,CE,Federal Contract Tower,0,0,4,3,7,0,0,21,5,26,0,0,25,8,33,43,0,43,76
07/11/2008,HSA,MS,ASO,CE,Federal Contract Tower,0,0,9,1,10,0,0,15,6,21,0,0,24,7,31,52,18,70,101
07/12/2008,HSA,MS,ASO,CE,Federal Contract Tower,0,0,25,1,26,0,0,0,0,0,0,0,25,1,26,39,12,51,77
07/13/2008,HSA,MS,ASO,CE,Federal Contract Tower,0,0,1,2,3,0,0,6,2,8,0,0,7,4,11,6,7,13,24
07/14/2008,HSA,MS,ASO,CE,Federal Contract Tower,0,0,8,0,8,0,0,15,18,33,0,0,23,18,41,24,0,24,65
07/15/2008,HSA,MS,ASO,CE,Federal Contract Tower,0,0,5,0,5,0,0,13,17,30,0,0,18,17,35,4,0,4,39
07/16/2008,HSA,MS,ASO,CE,Federal Contract Tower,0,0,4,1,5,0,0,17,12,29,0,0,21,13,34,33,0,33,67
07/17/2008,HSA,MS,ASO,CE,Federal Contract Tower,0,0,4,8,12,0,0,13,19,32,0,0,17,27,44,35,16,51,95
07/18/2008,HSA,MS,ASO,CE,Federal Contract Tower,0,0,7,8,15,0,0,19,1,20,0,0,26,9,35,18,23,41,76
07/19/2008,HSA,MS,ASO,CE,Federal Contract Tower,0,0,21,0,21,0,0,21,2,23,0,0,42,2,44,26,0,26,70
07/20/2008,HSA,MS,ASO,CE,Federal Contract Tower,0,0,2,0,2,0,0,8,0,8,0,0,10,0,10,4,0,4,14
07/21/2008,HSA,MS,ASO,CE,Federal Contract Tower,0,0,3,0,3,0,0,17,1,18,0,0,20,1,21,43,3,46,67
07/22/2008,HSA,MS,ASO,CE,Federal Contract Tower,0,0,9,1,10,0,0,15,6,21,0,0,24,7,31,0,27,27,58
07/23/2008,HSA,MS,ASO,CE,Federal Contract Tower,0,0,5,9,14,0,0,13,3,16,0,0,18,12,30,2,22,24,54
07/24/2008,HSA,MS,ASO,CE,Federal Contract Tower,0,0,6,0,6,0,0,7,4,11,0,0,13,4,17,0,2,2,19
07/25/2008,HSA,MS,ASO,CE,Federal Contract Tower,0,0,6,2,8,0,0,15,1,16,0,0,21,3,24,40,18,58,82
07/26/2008,HSA,MS,ASO,CE,Federal Contract Tower,0,0,0,0,0,0,0,16,0,16,0,0,16,0,16,50,0,50,66
07/27/2008,HSA,MS,ASO,CE,Federal Contract Tower,0,0,1,0,1,0,0,6,0,6,0,0,7,0,7,0,0,0,7
07/28/2008,HSA,MS,ASO,CE,Federal Contract Tower,0,0,1,36,37,0,0,16,39,55,0,0,17,75,92,8,82,90,182
07/29/2008,HSA,MS,ASO,CE,Federal Contract Tower,0,0,9,8,17,0,0,6,8,14,0,0,15,16,31,24,26,50,81
07/30/2008,HSA,MS,ASO,CE,Federal Contract Tower,0,0,5,3,8,0,0,7,8,15,0,0,12,11,23,21,10,31,54
07/31/2008,HSA,MS,ASO,CE,Federal Contract Tower,0,0,3,0,3,0,0,8,4,12,0,0,11,4,15,20,12,32,47
08/01/2008,HSA,MS,ASO,CE,Federal Contract Tower,0,0,2,0,2,0,0,3,0,3,0,0,5,0,5,10,0,10,15
08/02/2008,HSA,MS,ASO,CE,Federal Contract Tower,0,0,0,0,0,0,0,14,0,14,0,0,14,0,14,28,0,28,42
08/03/2008,HSA,MS,ASO,CE,Federal Contract Tower,0,0,0,0,0,0,0,6,0,6,0,0,6,0,6,0,0,0,6
08/04/2008,HSA,MS,ASO,CE,Federal Contract Tower,0,0,4,0,4,0,0,13,0,13,0,0,17,0,17,11,0,11,28
08/05/2008,HSA,MS,ASO,CE,Federal Contract Tower,0,0,6,3,9,0,0,12,18,30,0,0,18,21,39,0,58,58,97
08/06/2008,HSA,MS,ASO,CE,Federal Contract Tower,0,0,7,5,12,0,0,11,0,11,0,0,18,5,23,4,12,16,39
08/07/2008,HSA,MS,ASO,CE,Federal Contract Tower,0,0,1,36,37,0,0,15,14,29,0,0,16,50,66,24,138,162,228
08/08/2008,HSA,MS,ASO,CE,Federal Contract Tower,0,0,2,0,2,0,0,6,0,6,0,0,8,0,8,13,0,13,21
08/09/2008,HSA,MS,ASO,CE,Federal Contract Tower,0,0,11,0,11,0,0,31,0,31,0,0,42,0,42,31,0,31,73
08/10/2008,HSA,MS,ASO,CE,Federal Contract Tower,0,0,0,0,0,0,0,12,0,12,0,0,12,0,12,10,0,10,22
08/11/2008,HSA,MS,ASO,CE,Federal Contract Tower,0,0,0,0,0,0,0,5,0,5,0,0,5,0,5,0,0,0,5
08/12/2008,HSA,MS,ASO,CE,Federal Contract Tower,0,0,1,1,2,0,0,4,2,6,0,0,5,3,8,0,22,22,30
08/13/2008,HSA,MS,ASO,CE,Federal Contract Tower,0,0,3,8,11,0,0,0,0,0,0,0,3,8,11,12,14,26,37
08/14/2008,HSA,MS,ASO,CE,Federal Contract Tower,0,0,2,6,8,0,0,14,0,14,0,0,16,6,22,26,19,45,67
08/15/2008,HSA,MS,ASO,CE,Federal Contract Tower,0,0,2,0,2,0,0,8,0,8,0,0,10,0,10,16,0,16,26
08/16/2008,HSA,MS,ASO,CE,Federal Contract Tower,0,0,0,0,0,0,0,3,0,3,0,0,3,0,3,0,0,0,3
08/17/2008,HSA,MS,ASO,CE,Federal Contract Tower,0,0,2,0,2,0,0,3,0,3,0,0,5,0,5,0,0,0,5
08/18/2008,HSA,MS,ASO,CE,Federal Contract Tower,0,0,2,6,8,0,0,5,6,11,0,0,7,12,19,0,0,0,19
08/19/2008,HSA,MS,ASO,CE,Federal Contract Tower,0,0,4,17,21,0,0,9,10,19,0,0,13,27,40,16,14,30,70
08/20/2008,HSA,MS,ASO,CE,Federal Contract Tower,0,0,4,10,14,0,0,1,2,3,0,0,5,12,17,0,9,9,26
08/21/2008,HSA,MS,ASO,CE,Federal Contract Tower,0,0,8,9,17,0,0,23,1,24,0,0,31,10,41,11,39,50,91
08/22/2008,HSA,MS,ASO,CE,Federal Contract Tower,0,0,2,13,15,0,0,7,6,13,0,0,9,19,28,19,19,38,66
08/23/2008,HSA,MS,ASO,CE,Federal Contract Tower,0,0,2,0,2,0,0,8,0,8,0,0,10,0,10,17,0,17,27
08/24/2008,HSA,MS,ASO,CE,Federal Contract Tower,0,0,4,0,4,0,0,0,0,0,0,0,4,0,4,0,0,0,4
08/25/2008,HSA,MS,ASO,CE,Federal Contract Tower,0,0,0,5,5,0,0,0,5,5,0,0,0,10,10,10,17,27,37
08/26/2008,HSA,MS,ASO,CE,Federal Contract Tower,0,0,3,17,20,0,0,15,2,17,0,0,18,19,37,42,60,102,139
08/27/2008,HSA,MS,ASO,CE,Federal Contract Tower,0,0,5,1,6,0,0,15,6,21,0,0,20,7,27,19,23,42,69
08/28/2008,HSA,MS,ASO,CE,Federal Contract Tower,0,0,8,5,13,0,0,12,9,21,0,0,20,14,34,13,42,55,89
08/29/2008,HSA,MS,ASO,CE,Federal Contract Tower,0,0,1,12,13,0,0,18,6,24,0,0,19,18,37,40,54,94,131
08/30/2008,HSA,MS,ASO,CE,Federal Contract Tower,0,0,2,0,2,0,0,7,0,7,0,0,9,0,9,10,0,10,19
08/31/2008,HSA,MS,ASO,CE,Federal Contract Tower,0,0,8,0,8,0,0,12,2,14,0,0,20,2,22,0,0,0,22
09/02/2008,HSA,MS,ASO,CE,Federal Contract Tower,0,0,2,0,2,0,0,18,1,19,0,0,20,1,21,0,0,0,21
09/03/2008,HSA,MS,ASO,CE,Federal Contract Tower,0,0,11,0,11,0,0,26,0,26,0,0,37,0,37,0,0,0,37
09/04/2008,HSA,MS,ASO,CE,Federal Contract Tower,0,0,8,3,11,0,0,29,3,32,0,0,37,6,43,0,16,16,59
09/05/2008,HSA,MS,ASO,CE,Federal Contract Tower,0,0,7,4,11,0,0,29,2,31,0,0,36,6,42,12,54,66,108
09/06/2008,HSA,MS,ASO,CE,Federal Contract Tower,0,0,31,6,37,0,0,31,6,37,0,0,62,12,74,2,0,2,76
09/07/2008,HSA,MS,ASO,CE,Federal Contract Tower,0,0,6,0,6,0,0,41,0,41,0,0,47,0,47,27,0,27,74
09/08/2008,HSA,MS,ASO,CE,Federal Contract Tower,0,0,2,22,24,0,0,18,23,41,0,0,20,45,65,0,62,62,127
09/09/2008,HSA,MS,ASO,CE,Federal Contract Tower,0,0,11,12,23,0,0,27,39,66,0,0,38,51,89,7,65,72,161
09/10/2008,HSA,MS,ASO,CE,Federal Contract Tower,0,0,9,4,13,0,0,25,0,25,0,0,34,4,38,6,40,46,84
09/11/2008,HSA,MS,ASO,CE,Federal Contract Tower,0,0,10,9,19,0,0,3,1,4,0,0,13,10,23,2,34,36,59
09/12/2008,HSA,MS,ASO,CE,Federal Contract Tower,0,0,0,0,0,0,0,0,0,0,0,0,0,0,0,0,0,0,0
09/13/2008,HSA,MS,ASO,CE,Federal Contract Tower,0,0,3,0,3,0,0,4,0,4,0,0,7,0,7,0,0,0,7
09/14/2008,HSA,MS,ASO,CE,Federal Contract Tower,0,0,3,2,5,0,0,24,7,31,0,0,27,9,36,0,54,54,90
09/15/2008,HSA,MS,ASO,CE,Federal Contract Tower,0,0,16,4,20,0,0,22,8,30,0,0,38,12,50,12,0,12,62
09/16/2008,HSA,MS,ASO,CE,Federal Contract Tower,0,0,4,20,24,0,0,26,24,50,0,0,30,44,74,18,72,90,164
09/17/2008,HSA,MS,ASO,CE,Federal Contract Tower,0,0,1,26,27,0,0,26,5,31,0,0,27,31,58,10,76,86,144
09/18/2008,HSA,MS,ASO,CE,Federal Contract Tower,0,0,3,4,7,0,0,21,14,35,0,0,24,18,42,21,48,69,111
09/19/2008,HSA,MS,ASO,CE,Federal Contract Tower,0,0,14,1,15,0,0,27,3,30,0,0,41,4,45,10,16,26,71
09/20/2008,HSA,MS,ASO,CE,Federal Contract Tower,0,0,3,1,4,0,0,18,2,20,0,0,21,3,24,15,0,15,39
09/21/2008,HSA,MS,ASO,CE,Federal Contract Tower,0,0,4,0,4,0,0,17,0,17,0,0,21,0,21,5,0,5,26
09/22/2008,HSA,MS,ASO,CE,Federal Contract Tower,0,0,11,7,18,0,0,34,7,41,0,0,45,14,59,0,14,14,73
09/23/2008,HSA,MS,ASO,CE,Federal Contract Tower,0,0,9,10,19,0,0,18,12,30,0,0,27,22,49,0,36,36,85
09/24/2008,HSA,MS,ASO,CE,Federal Contract Tower,0,0,3,3,6,0,0,20,0,20,0,0,23,3,26,10,18,28,54
09/25/2008,HSA,MS,ASO,CE,Federal Contract Tower,0,0,6,12,18,0,0,18,0,18,0,0,24,12,36,3,32,35,71
09/26/2008,HSA,MS,ASO,CE,Federal Contract Tower,0,0,5,9,14,0,0,15,4,19,0,0,20,13,33,17,47,64,97
09/27/2008,HSA,MS,ASO,CE,Federal Contract Tower,0,0,5,0,5,0,0,23,0,23,0,0,28,0,28,30,0,30,58
09/28/2008,HSA,MS,ASO,CE,Federal Contract Tower,0,0,2,0,2,0,0,28,0,28,0,0,30,0,30,25,0,25,55
09/29/2008,HSA,MS,ASO,CE,Federal Contract Tower,0,0,8,18,26,0,0,24,24,48,0,0,32,42,74,0,44,44,118
09/30/2008,HSA,MS,ASO,CE,Federal Contract Tower,0,0,2,4,6,0,0,19,18,37,0,0,21,22,43,12,25,37,80
10/01/2008,HSA,MS,ASO,CE,Federal Contract Tower,0,0,2,2,4,0,0,22,0,22,0,0,24,2,26,59,19,78,104
10/02/2008,HSA,MS,ASO,CE,Federal Contract Tower,0,0,2,12,14,0,0,16,6,22,0,0,18,18,36,6,39,45,81
10/03/2008,HSA,MS,ASO,CE,Federal Contract Tower,0,0,7,1,8,0,0,22,4,26,0,0,29,5,34,10,50,60,94
10/04/2008,HSA,MS,ASO,CE,Federal Contract Tower,0,0,1,0,1,0,0,16,0,16,0,0,17,0,17,21,0,21,38
10/05/2008,HSA,MS,ASO,CE,Federal Contract Tower,0,2,2,6,10,0,0,9,1,10,0,2,11,7,20,0,14,14,34
10/06/2008,HSA,MS,ASO,CE,Federal Contract Tower,0,0,2,12,14,0,0,1,2,3,0,0,3,14,17,0,30,30,47
10/07/2008,HSA,MS,ASO,CE,Federal Contract Tower,0,0,11,9,20,0,0,11,11,22,0,0,22,20,42,2,25,27,69
10/08/2008,HSA,MS,ASO,CE,Federal Contract Tower,0,0,6,5,11,0,0,12,2,14,0,0,18,7,25,2,46,48,73
10/09/2008,HSA,MS,ASO,CE,Federal Contract Tower,0,0,5,21,26,0,0,16,6,22,0,0,21,27,48,21,61,82,130
10/10/2008,HSA,MS,ASO,CE,Federal Contract Tower,0,0,5,4,9,0,0,10,2,12,0,0,15,6,21,6,8,14,35
10/11/2008,HSA,MS,ASO,CE,Federal Contract Tower,0,0,0,0,0,16,0,16,0,32,16,0,16,0,32,28,0,28,60
10/12/2008,HSA,MS,ASO,CE,Federal Contract Tower,0,0,1,0,1,0,0,21,0,21,0,0,22,0,22,22,0,22,44
10/13/2008,HSA,MS,ASO,CE,Federal Contract Tower,0,0,4,0,4,0,0,5,0,5,0,0,9,0,9,0,0,0,9
10/14/2008,HSA,MS,ASO,CE,Federal Contract Tower,0,0,0,4,4,0,0,9,14,23,0,0,9,18,27,0,8,8,35
10/15/2008,HSA,MS,ASO,CE,Federal Contract Tower,0,0,8,12,20,0,0,10,3,13,0,0,18,15,33,27,38,65,98
10/16/2008,HSA,MS,ASO,CE,Federal Contract Tower,0,0,8,7,15,0,0,22,1,23,0,0,30,8,38,4,21,25,63
10/17/2008,HSA,MS,ASO,CE,Federal Contract Tower,0,0,6,1,7,0,0,6,2,8,0,0,12,3,15,0,32,32,47
10/18/2008,HSA,MS,ASO,CE,Federal Contract Tower,0,0,6,0,6,0,0,15,0,15,0,0,21,0,21,49,0,49,70
10/19/2008,HSA,MS,ASO,CE,Federal Contract Tower,0,0,2,0,2,0,0,20,0,20,0,0,22,0,22,16,0,16,38
10/20/2008,HSA,MS,ASO,CE,Federal Contract Tower,0,4,3,9,16,0,0,12,15,27,0,4,15,24,43,2,94,96,139
10/21/2008,HSA,MS,ASO,CE,Federal Contract Tower,0,0,5,16,21,0,0,17,19,36,0,0,22,35,57,8,81,89,146
10/22/2008,HSA,MS,ASO,CE,Federal Contract Tower,0,1,22,2,25,0,0,19,17,36,0,1,41,19,61,2,59,61,122
10/23/2008,HSA,MS,ASO,CE,Federal Contract Tower,0,0,6,24,30,0,0,5,0,5,0,0,11,24,35,0,0,0,35
10/24/2008,HSA,MS,ASO,CE,Federal Contract Tower,0,0,18,0,18,0,0,7,0,7,0,0,25,0,25,8,0,8,33
10/25/2008,HSA,MS,ASO,CE,Federal Contract Tower,0,0,3,1,4,0,0,26,1,27,0,0,29,2,31,22,10,32,63
10/26/2008,HSA,MS,ASO,CE,Federal Contract Tower,0,0,11,2,13,0,0,19,0,19,0,0,30,2,32,0,0,0,32
10/27/2008,HSA,MS,ASO,CE,Federal Contract Tower,0,0,3,6,9,0,0,5,4,9,0,0,8,10,18,0,4,4,22
10/28/2008,HSA,MS,ASO,CE,Federal Contract Tower,0,0,5,8,13,0,0,18,30,48,0,0,23,38,61,17,50,67,128
10/29/2008,HSA,MS,ASO,CE,Federal Contract Tower,0,0,7,3,10,0,0,10,5,15,0,0,17,8,25,8,10,18,43
10/30/2008,HSA,MS,ASO,CE,Federal Contract Tower,0,0,6,18,24,0,0,13,3,16,0,0,19,21,40,18,65,83,123
10/31/2008,HSA,MS,ASO,CE,Federal Contract Tower,0,0,2,2,4,0,0,16,0,16,0,0,18,2,20,21,21,42,62
11/01/2008,HSA,MS,ASO,CE,Federal Contract Tower,0,0,5,0,5,0,0,25,0,25,0,0,30,0,30,40,0,40,70
11/02/2008,HSA,MS,ASO,CE,Federal Contract Tower,0,0,2,1,3,0,0,3,1,4,0,0,5,2,7,0,6,6,13
11/03/2008,HSA,MS,ASO,CE,Federal Contract Tower,0,0,4,2,6,0,0,4,3,7,0,0,8,5,13,9,25,34,47
11/04/2008,HSA,MS,ASO,CE,Federal Contract Tower,0,1,7,3,11,0,0,24,16,40,0,1,31,19,51,16,0,16,67
11/05/2008,HSA,MS,ASO,CE,Federal Contract Tower,0,3,2,12,17,0,0,13,0,13,0,3,15,12,30,45,2,47,77
11/06/2008,HSA,MS,ASO,CE,Federal Contract Tower,0,0,10,14,24,0,0,16,6,22,0,0,26,20,46,21,13,34,80
11/07/2008,HSA,MS,ASO,CE,Federal Contract Tower,0,0,5,6,11,0,0,1,1,2,0,0,6,7,13,9,25,34,47
11/08/2008,HSA,MS,ASO,CE,Federal Contract Tower,0,0,8,0,8,0,0,25,2,27,0,0,33,2,35,10,0,10,45
11/09/2008,HSA,MS,ASO,CE,Federal Contract Tower,0,0,9,0,9,0,0,26,0,26,0,0,35,0,35,30,0,30,65
11/10/2008,HSA,MS,ASO,CE,Federal Contract Tower,0,0,7,9,16,0,0,13,5,18,0,0,20,14,34,0,50,50,84
11/11/2008,HSA,MS,ASO,CE,Federal Contract Tower,0,0,12,0,12,0,0,17,0,17,0,0,29,0,29,14,0,14,43
11/12/2008,HSA,MS,ASO,CE,Federal Contract Tower,0,0,3,19,22,0,0,3,2,5,0,0,6,21,27,2,42,44,71
11/13/2008,HSA,MS,ASO,CE,Federal Contract Tower,0,0,5,12,17,0,0,6,11,17,0,0,11,23,34,10,32,42,76
11/14/2008,HSA,MS,ASO,CE,Federal Contract Tower,0,0,0,0,0,0,0,0,0,0,0,0,0,0,0,0,0,0,0
11/15/2008,HSA,MS,ASO,CE,Federal Contract Tower,0,0,0,0,0,0,0,2,0,2,0,0,2,0,2,2,0,2,4
11/16/2008,HSA,MS,ASO,CE,Federal Contract Tower,0,0,4,0,4,0,0,9,0,9,0,0,13,0,13,2,0,2,15
11/17/2008,HSA,MS,ASO,CE,Federal Contract Tower,0,0,7,5,12,0,0,14,1,15,0,0,21,6,27,2,26,28,55
11/18/2008,HSA,MS,ASO,CE,Federal Contract Tower,0,0,7,11,18,0,0,6,34,40,0,0,13,45,58,7,4,11,69
11/19/2008,HSA,MS,ASO,CE,Federal Contract Tower,0,0,3,2,5,0,0,14,1,15,0,0,17,3,20,14,14,28,48
11/20/2008,HSA,MS,ASO,CE,Federal Contract Tower,0,0,11,29,40,0,0,13,8,21,0,0,24,37,61,16,78,94,155
11/21/2008,HSA,MS,ASO,CE,Federal Contract Tower,0,0,13,0,13,0,0,15,1,16,0,0,28,1,29,5,0,5,34
11/22/2008,HSA,MS,ASO,CE,Federal Contract Tower,0,0,6,0,6,17,0,0,0,17,17,0,6,0,23,10,0,10,33
11/23/2008,HSA,MS,ASO,CE,Federal Contract Tower,0,0,3,0,3,0,0,9,0,9,0,0,12,0,12,0,0,0,12
11/24/2008,HSA,MS,ASO,CE,Federal Contract Tower,0,0,4,2,6,0,0,12,0,12,0,0,16,2,18,3,0,3,21
11/25/2008,HSA,MS,ASO,CE,Federal Contract Tower,0,0,3,12,15,0,0,18,32,50,0,0,21,44,65,2,79,81,146
11/26/2008,HSA,MS,ASO,CE,Federal Contract Tower,0,0,12,3,15,0,0,17,0,17,0,0,29,3,32,8,18,26,58
11/27/2008,HSA,MS,ASO,CE,Federal Contract Tower,0,0,4,0,4,0,0,11,0,11,0,0,15,0,15,2,0,2,17
11/28/2008,HSA,MS,ASO,CE,Federal Contract Tower,0,0,6,0,6,0,0,7,0,7,0,0,13,0,13,0,0,0,13
11/29/2008,HSA,MS,ASO,CE,Federal Contract Tower,0,0,3,0,3,0,0,4,0,4,0,0,7,0,7,10,0,10,17
11/30/2008,HSA,MS,ASO,CE,Federal Contract Tower,0,0,6,0,6,0,0,7,0,7,0,0,13,0,13,0,0,0,13
12/01/2008,HSA,MS,ASO,CE,Federal Contract Tower,0,0,6,9,15,0,0,17,4,21,0,0,23,13,36,0,34,34,70
12/02/2008,HSA,MS,ASO,CE,Federal Contract Tower,0,0,7,13,20,0,0,9,29,38,0,0,16,42,58,2,51,53,111
12/03/2008,HSA,MS,ASO,CE,Federal Contract Tower,0,0,4,17,21,0,0,12,5,17,0,0,16,22,38,5,52,57,95
12/04/2008,HSA,MS,ASO,CE,Federal Contract Tower,0,0,2,49,51,0,0,0,0,0,0,0,2,49,51,0,16,16,67
12/05/2008,HSA,MS,ASO,CE,Federal Contract Tower,0,0,1,0,1,0,0,10,0,10,0,0,11,0,11,22,0,22,33
12/06/2008,HSA,MS,ASO,CE,Federal Contract Tower,0,0,2,3,5,0,0,25,2,27,0,0,27,5,32,39,0,39,71
12/07/2008,HSA,MS,ASO,CE,Federal Contract Tower,0,0,3,0,3,0,0,22,0,22,0,0,25,0,25,17,0,17,42
12/08/2008,HSA,MS,ASO,CE,Federal Contract Tower,0,2,0,5,7,0,0,10,1,11,0,2,10,6,18,0,18,18,36
12/09/2008,HSA,MS,ASO,CE,Federal Contract Tower,0,0,2,6,8,0,0,3,9,12,0,0,5,15,20,0,14,14,34
12/10/2008,HSA,MS,ASO,CE,Federal Contract Tower,0,0,4,4,8,0,0,0,0,0,0,0,4,4,8,0,0,0,8
12/11/2008,HSA,MS,ASO,CE,Federal Contract Tower,0,0,2,0,2,0,0,0,0,0,0,0,2,0,2,0,0,0,2
12/12/2008,HSA,MS,ASO,CE,Federal Contract Tower,0,0,5,2,7,0,0,12,2,14,0,0,17,4,21,0,4,4,25
12/13/2008,HSA,MS,ASO,CE,Federal Contract Tower,0,0,0,0,0,0,0,5,0,5,0,0,5,0,5,0,0,0,5
12/14/2008,HSA,MS,ASO,CE,Federal Contract Tower,0,0,0,0,0,0,0,9,0,9,0,0,9,0,9,0,0,0,9
12/15/2008,HSA,MS,ASO,CE,Federal Contract Tower,0,0,0,0,0,0,0,0,0,0,0,0,0,0,0,0,0,0,0
12/16/2008,HSA,MS,ASO,CE,Federal Contract Tower,0,2,3,2,7,0,0,0,0,0,0,2,3,2,7,0,0,0,7
12/17/2008,HSA,MS,ASO,CE,Federal Contract Tower,0,0,6,0,6,0,0,0,0,0,0,0,6,0,6,8,0,8,14
12/18/2008,HSA,MS,ASO,CE,Federal Contract Tower,0,0,22,2,24,0,0,1,0,1,0,0,23,2,25,20,0,20,45
12/19/2008,HSA,MS,ASO,CE,Federal Contract Tower,0,0,13,1,14,0,0,7,3,10,0,0,20,4,24,126,0,126,150
12/20/2008,HSA,MS,ASO,CE,Federal Contract Tower,0,0,2,0,2,0,0,1,0,1,0,0,3,0,3,47,0,47,50
12/21/2008,HSA,MS,ASO,CE,Federal Contract Tower,0,0,2,0,2,0,0,5,0,5,0,0,7,0,7,0,0,0,7
12/22/2008,HSA,MS,ASO,CE,Federal Contract Tower,0,0,9,0,9,0,0,24,0,24,0,0,33,0,33,29,0,29,62
12/23/2008,HSA,MS,ASO,CE,Federal Contract Tower,0,0,9,0,9,0,0,6,0,6,0,0,15,0,15,10,0,10,25
12/24/2008,HSA,MS,ASO,CE,Federal Contract Tower,0,0,0,0,0,0,0,1,0,1,0,0,1,0,1,0,0,0,1
12/25/2008,HSA,MS,ASO,CE,Federal Contract Tower,0,0,0,0,0,0,0,0,0,0,0,0,0,0,0,0,0,0,0
12/26/2008,HSA,MS,ASO,CE,Federal Contract Tower,0,0,3,0,3,0,0,4,0,4,0,0,7,0,7,5,0,5,12
12/27/2008,HSA,MS,ASO,CE,Federal Contract Tower,0,0,0,0,0,0,0,0,0,0,0,0,0,0,0,0,0,0,0
12/28/2008,HSA,MS,ASO,CE,Federal Contract Tower,0,0,2,0,2,0,0,0,0,0,0,0,2,0,2,0,0,0,2
12/29/2008,HSA,MS,ASO,CE,Federal Contract Tower,0,0,7,0,7,0,0,7,0,7,0,0,14,0,14,0,0,0,14
12/30/2008,HSA,MS,ASO,CE,Federal Contract Tower,0,0,3,3,6,0,0,18,3,21,0,0,21,6,27,0,49,49,76
12/31/2008,HSA,MS,ASO,CE,Federal Contract Tower,0,0,7,0,7,0,0,29,0,29,0,0,36,0,36,4,0,4,40
01/01/2009,HSA,MS,ASO,CE,Federal Contract Tower,0,0,7,0,7,0,0,16,0,16,0,0,23,0,23,0,0,0,23
01/02/2009,HSA,MS,ASO,CE,Federal Contract Tower,0,2,1,0,3,0,0,10,0,10,0,2,11,0,13,0,0,0,13
01/03/2009,HSA,MS,ASO,CE,Federal Contract Tower,0,0,1,0,1,0,0,0,0,0,0,0,1,0,1,4,0,4,5
01/04/2009,HSA,MS,ASO,CE,Federal Contract Tower,0,0,15,0,15,0,0,9,0,9,0,0,24,0,24,0,0,0,24
01/05/2009,HSA,MS,ASO,CE,Federal Contract Tower,0,0,5,0,5,0,0,2,0,2,0,0,7,0,7,0,0,0,7
01/06/2009,HSA,MS,ASO,CE,Federal Contract Tower,0,1,4,0,5,0,0,0,0,0,0,1,4,0,5,0,0,0,5
01/07/2009,HSA,MS,ASO,CE,Federal Contract Tower,0,0,6,8,14,0,0,14,15,29,0,0,20,23,43,18,20,38,81
01/08/2009,HSA,MS,ASO,CE,Federal Contract Tower,0,0,4,11,15,0,0,13,10,23,0,0,17,21,38,14,36,50,88
01/09/2009,HSA,MS,ASO,CE,Federal Contract Tower,0,0,7,2,9,0,0,4,1,5,0,0,11,3,14,0,19,19,33
01/10/2009,HSA,MS,ASO,CE,Federal Contract Tower,0,0,0,0,0,0,0,2,0,2,0,0,2,0,2,0,0,0,2
01/11/2009,HSA,MS,ASO,CE,Federal Contract Tower,0,0,4,3,7,0,0,16,1,17,0,0,20,4,24,51,0,51,75
01/12/2009,HSA,MS,ASO,CE,Federal Contract Tower,0,0,6,7,13,0,0,23,25,48,0,0,29,32,61,0,0,0,61
01/13/2009,HSA,MS,ASO,CE,Federal Contract Tower,0,0,12,11,23,0,0,10,2,12,0,0,22,13,35,26,47,73,108
01/14/2009,HSA,MS,ASO,CE,Federal Contract Tower,0,0,5,1,6,0,0,26,4,30,0,0,31,5,36,18,27,45,81
01/15/2009,HSA,MS,ASO,CE,Federal Contract Tower,0,0,3,0,3,0,0,10,10,20,0,0,13,10,23,4,10,14,37
01/16/2009,HSA,MS,ASO,CE,Federal Contract Tower,0,2,10,2,14,0,0,23,6,29,0,2,33,8,43,24,14,38,81
01/17/2009,HSA,MS,ASO,CE,Federal Contract Tower,0,0,5,0,5,0,0,16,0,16,0,0,21,0,21,26,0,26,47
01/18/2009,HSA,MS,ASO,CE,Federal Contract Tower,0,0,1,0,1,0,0,9,0,9,0,0,10,0,10,4,0,4,14
01/19/2009,HSA,MS,ASO,CE,Federal Contract Tower,0,0,3,0,3,0,0,12,0,12,0,0,15,0,15,0,0,0,15
01/20/2009,HSA,MS,ASO,CE,Federal Contract Tower,0,0,5,21,26,0,0,13,13,26,0,0,18,34,52,0,58,58,110
01/21/2009,HSA,MS,ASO,CE,Federal Contract Tower,0,0,0,0,0,0,0,19,1,20,0,0,19,1,20,6,0,6,26
01/22/2009,HSA,MS,ASO,CE,Federal Contract Tower,0,0,1,14,15,0,0,13,5,18,0,0,14,19,33,20,45,65,98
01/23/2009,HSA,MS,ASO,CE,Federal Contract Tower,0,0,6,0,6,0,0,6,0,6,0,0,12,0,12,18,0,18,30
01/24/2009,HSA,MS,ASO,CE,Federal Contract Tower,0,0,1,0,1,0,0,9,0,9,0,0,10,0,10,10,0,10,20
01/25/2009,HSA,MS,ASO,CE,Federal Contract Tower,0,0,2,0,2,0,0,2,0,2,0,0,4,0,4,0,0,0,4
01/26/2009,HSA,MS,ASO,CE,Federal Contract Tower,0,0,4,6,10,0,0,3,0,3,0,0,7,6,13,0,0,0,13
01/27/2009,HSA,MS,ASO,CE,Federal Contract Tower,0,0,5,16,21,0,0,6,12,18,0,0,11,28,39,0,14,14,53
01/28/2009,HSA,MS,ASO,CE,Federal Contract Tower,0,0,6,0,6,0,0,5,0,5,0,0,11,0,11,4,0,4,15
01/29/2009,HSA,MS,ASO,CE,Federal Contract Tower,0,0,7,4,11,0,0,19,7,26,0,0,26,11,37,13,32,45,82
01/30/2009,HSA,MS,ASO,CE,Federal Contract Tower,0,0,3,2,5,0,0,14,2,16,0,0,17,4,21,0,0,0,21
01/31/2009,HSA,MS,ASO,CE,Federal Contract Tower,0,0,1,0,1,0,0,28,0,28,0,0,29,0,29,27,0,27,56
02/01/2009,HSA,MS,ASO,CE,Federal Contract Tower,0,0,0,0,0,0,0,9,0,9,0,0,9,0,9,0,0,0,9
02/02/2009,HSA,MS,ASO,CE,Federal Contract Tower,0,0,0,0,0,0,0,3,0,3,0,0,3,0,3,0,0,0,3
02/03/2009,HSA,MS,ASO,CE,Federal Contract Tower,0,0,0,0,0,0,0,14,30,44,0,0,14,30,44,2,4,6,50
02/04/2009,HSA,MS,ASO,CE,Federal Contract Tower,0,0,7,15,22,0,0,9,12,21,0,0,16,27,43,21,52,73,116
02/05/2009,HSA,MS,ASO,CE,Federal Contract Tower,0,0,1,10,11,0,0,22,9,31,0,0,23,19,42,28,34,62,104
02/06/2009,HSA,MS,ASO,CE,Federal Contract Tower,0,0,10,0,10,0,0,20,2,22,0,0,30,2,32,16,0,16,48
02/07/2009,HSA,MS,ASO,CE,Federal Contract Tower,0,0,6,0,6,0,0,15,0,15,0,0,21,0,21,23,0,23,44
02/08/2009,HSA,MS,ASO,CE,Federal Contract Tower,0,0,4,0,4,0,0,23,0,23,0,0,27,0,27,19,0,19,46
02/09/2009,HSA,MS,ASO,CE,Federal Contract Tower,0,0,7,0,7,0,0,102,3,105,0,0,109,3,112,4,40,44,156
02/10/2009,HSA,MS,ASO,CE,Federal Contract Tower,0,0,4,8,12,0,0,5,4,9,0,0,9,12,21,0,44,44,65
02/11/2009,HSA,MS,ASO,CE,Federal Contract Tower,0,0,7,8,15,0,0,10,0,10,0,0,17,8,25,0,9,9,34
02/12/2009,HSA,MS,ASO,CE,Federal Contract Tower,0,0,0,7,7,0,0,22,10,32,0,0,22,17,39,16,30,46,85
02/13/2009,HSA,MS,ASO,CE,Federal Contract Tower,0,0,8,1,9,0,0,1,0,1,0,0,9,1,10,0,0,0,10
02/14/2009,HSA,MS,ASO,CE,Federal Contract Tower,0,0,0,2,2,0,0,0,3,3,0,0,0,5,5,0,38,38,43
02/15/2009,HSA,MS,ASO,CE,Federal Contract Tower,0,0,6,1,7,0,0,9,0,9,0,0,15,1,16,2,0,2,18
02/16/2009,HSA,MS,ASO,CE,Federal Contract Tower,0,0,5,0,5,0,0,10,0,10,0,0,15,0,15,0,0,0,15
02/17/2009,HSA,MS,ASO,CE,Federal Contract Tower,0,0,6,13,19,0,0,12,6,18,0,0,18,19,37,7,107,114,151
02/18/2009,HSA,MS,ASO,CE,Federal Contract Tower,0,0,2,14,16,0,0,4,6,10,0,0,6,20,26,0,25,25,51
02/19/2009,HSA,MS,ASO,CE,Federal Contract Tower,0,2,7,17,26,0,0,18,6,24,0,2,25,23,50,7,66,73,123
02/20/2009,HSA,MS,ASO,CE,Federal Contract Tower,0,0,7,9,16,0,0,18,0,18,0,0,25,9,34,10,12,22,56
02/21/2009,HSA,MS,ASO,CE,Federal Contract Tower,0,0,3,6,9,0,0,10,0,10,0,0,13,6,19,34,0,34,53
02/22/2009,HSA,MS,ASO,CE,Federal Contract Tower,0,0,3,0,3,0,0,10,0,10,0,0,13,0,13,29,0,29,42
02/23/2009,HSA,MS,ASO,CE,Federal Contract Tower,0,0,6,9,15,0,0,20,0,20,0,0,26,9,35,44,12,56,91
02/24/2009,HSA,MS,ASO,CE,Federal Contract Tower,0,0,13,8,21,0,0,27,1,28,0,0,40,9,49,50,12,62,111
02/25/2009,HSA,MS,ASO,CE,Federal Contract Tower,0,0,0,8,8,0,0,13,4,17,0,0,13,12,25,3,66,69,94
02/26/2009,HSA,MS,ASO,CE,Federal Contract Tower,0,0,0,14,14,0,0,5,4,9,0,0,5,18,23,0,41,41,64
02/27/2009,HSA,MS,ASO,CE,Federal Contract Tower,0,0,1,0,1,0,0,7,0,7,0,0,8,0,8,4,0,4,12
02/28/2009,HSA,MS,ASO,CE,Federal Contract Tower,0,0,1,1,2,0,0,0,0,0,0,0,1,1,2,0,0,0,2
03/01/2009,HSA,MS,ASO,CE,Federal Contract Tower,0,0,0,0,0,0,0,0,0,0,0,0,0,0,0,0,0,0,0
03/02/2009,HSA,MS,ASO,CE,Federal Contract Tower,0,0,10,0,10,0,0,21,0,21,0,0,31,0,31,13,0,13,44
03/03/2009,HSA,MS,ASO,CE,Federal Contract Tower,0,0,5,23,28,0,0,17,13,30,0,0,22,36,58,10,40,50,108
03/04/2009,HSA,MS,ASO,CE,Federal Contract Tower,0,0,2,24,26,0,0,8,2,10,0,0,10,26,36,16,48,64,100
03/05/2009,HSA,MS,ASO,CE,Federal Contract Tower,0,0,7,14,21,0,0,13,4,17,0,0,20,18,38,15,36,51,89
03/06/2009,HSA,MS,ASO,CE,Federal Contract Tower,2,0,6,2,10,0,0,19,0,19,2,0,25,2,29,2,14,16,45
03/07/2009,HSA,MS,ASO,CE,Federal Contract Tower,0,0,1,0,1,0,0,15,4,19,0,0,16,4,20,18,0,18,38
03/08/2009,HSA,MS,ASO,CE,Federal Contract Tower,0,0,4,0,4,0,0,12,0,12,0,0,16,0,16,14,0,14,30
03/09/2009,HSA,MS,ASO,CE,Federal Contract Tower,0,0,0,13,13,0,0,5,5,10,0,0,5,18,23,18,62,80,103
03/10/2009,HSA,MS,ASO,CE,Federal Contract Tower,0,0,5,1,6,0,0,8,22,30,0,0,13,23,36,11,109,120,156
03/11/2009,HSA,MS,ASO,CE,Federal Contract Tower,0,0,4,24,28,0,0,5,3,8,0,0,9,27,36,18,39,57,93
03/12/2009,HSA,MS,ASO,CE,Federal Contract Tower,0,0,3,3,6,0,0,6,12,18,0,0,9,15,24,10,6,16,40
03/13/2009,HSA,MS,ASO,CE,Federal Contract Tower,0,0,4,7,11,0,0,2,2,4,0,0,6,9,15,0,3,3,18
03/14/2009,HSA,MS,ASO,CE,Federal Contract Tower,0,0,0,0,0,0,0,4,0,4,0,0,4,0,4,4,0,4,8
03/15/2009,HSA,MS,ASO,CE,Federal Contract Tower,0,0,2,0,2,0,0,0,0,0,0,0,2,0,2,4,0,4,6
03/16/2009,HSA,MS,ASO,CE,Federal Contract Tower,0,0,5,1,6,0,0,0,2,2,0,0,5,3,8,0,6,6,14
03/17/2009,HSA,MS,ASO,CE,Federal Contract Tower,0,0,2,9,11,0,0,20,20,40,0,0,22,29,51,31,23,54,105
03/18/2009,HSA,MS,ASO,CE,Federal Contract Tower,0,0,4,42,46,0,0,8,6,14,0,0,12,48,60,2,74,76,136
03/19/2009,HSA,MS,ASO,CE,Federal Contract Tower,0,0,2,3,5,0,0,12,6,18,0,0,14,9,23,22,12,34,57
03/20/2009,HSA,MS,ASO,CE,Federal Contract Tower,0,0,7,1,8,0,0,10,3,13,0,0,17,4,21,0,0,0,21
03/21/2009,HSA,MS,ASO,CE,Federal Contract Tower,0,0,0,0,0,0,0,17,0,17,0,0,17,0,17,12,0,12,29
03/22/2009,HSA,MS,ASO,CE,Federal Contract Tower,0,0,5,0,5,0,0,17,0,17,0,0,22,0,22,2,0,2,24
03/23/2009,HSA,MS,ASO,CE,Federal Contract Tower,0,0,2,22,24,0,0,13,9,22,0,0,15,31,46,24,50,74,120
03/24/2009,HSA,MS,ASO,CE,Federal Contract Tower,0,0,6,12,18,0,0,2,0,2,0,0,8,12,20,0,0,0,20
03/25/2009,HSA,MS,ASO,CE,Federal Contract Tower,0,0,4,4,8,0,0,3,3,6,0,0,7,7,14,0,0,0,14
03/26/2009,HSA,MS,ASO,CE,Federal Contract Tower,0,0,0,2,2,0,0,2,0,2,0,0,2,2,4,0,0,0,4
03/27/2009,HSA,MS,ASO,CE,Federal Contract Tower,0,0,2,7,9,0,0,0,0,0,0,0,2,7,9,0,4,4,13
03/28/2009,HSA,MS,ASO,CE,Federal Contract Tower,0,0,4,0,4,0,0,0,0,0,0,0,4,0,4,0,0,0,4
03/29/2009,HSA,MS,ASO,CE,Federal Contract Tower,0,0,2,0,2,0,0,13,0,13,0,0,15,0,15,22,0,22,37
03/30/2009,HSA,MS,ASO,CE,Federal Contract Tower,0,0,14,21,35,0,0,21,1,22,0,0,35,22,57,21,66,87,144
03/31/2009,HSA,MS,ASO,CE,Federal Contract Tower,0,0,2,3,5,0,0,0,0,0,0,0,2,3,5,0,0,0,5
04/01/2009,HSA,MS,ASO,CE,Federal Contract Tower,0,0,5,1,6,0,0,20,3,23,0,0,25,4,29,14,9,23,52
04/02/2009,HSA,MS,ASO,CE,Federal Contract Tower,0,0,2,2,4,0,0,6,0,6,0,0,8,2,10,7,0,7,17
04/03/2009,HSA,MS,ASO,CE,Federal Contract Tower,0,0,3,0,3,0,0,30,2,32,0,0,33,2,35,23,0,23,58
04/04/2009,HSA,MS,ASO,CE,Federal Contract Tower,0,0,0,0,0,0,0,4,0,4,0,0,4,0,4,8,0,8,12
04/05/2009,HSA,MS,ASO,CE,Federal Contract Tower,0,0,0,0,0,0,0,4,0,4,0,0,4,0,4,0,0,0,4
04/06/2009,HSA,MS,ASO,CE,Federal Contract Tower,0,0,5,1,6,0,0,14,10,24,0,0,19,11,30,0,14,14,44
04/07/2009,HSA,MS,ASO,CE,Federal Contract Tower,0,0,5,6,11,0,0,13,5,18,0,0,18,11,29,30,40,70,99
04/08/2009,HSA,MS,ASO,CE,Federal Contract Tower,0,0,6,12,18,0,0,27,6,33,0,0,33,18,51,18,62,80,131
04/09/2009,HSA,MS,ASO,CE,Federal Contract Tower,0,0,5,8,13,0,0,11,1,12,0,0,16,9,25,20,29,49,74
04/10/2009,HSA,MS,ASO,CE,Federal Contract Tower,0,0,3,22,25,0,0,7,4,11,0,0,10,26,36,3,52,55,91
04/11/2009,HSA,MS,ASO,CE,Federal Contract Tower,0,0,2,0,2,0,0,16,0,16,0,0,18,0,18,10,0,10,28
04/12/2009,HSA,MS,ASO,CE,Federal Contract Tower,0,0,1,0,1,0,0,0,0,0,0,0,1,0,1,0,0,0,1
04/13/2009,HSA,MS,ASO,CE,Federal Contract Tower,0,0,2,0,2,0,0,4,0,4,0,0,6,0,6,4,0,4,10
04/14/2009,HSA,MS,ASO,CE,Federal Contract Tower,0,0,0,16,16,0,0,7,14,21,0,0,7,30,37,0,63,63,100
04/15/2009,HSA,MS,ASO,CE,Federal Contract Tower,0,0,5,1,6,0,0,18,1,19,0,0,23,2,25,28,8,36,61
04/16/2009,HSA,MS,ASO,CE,Federal Contract Tower,0,0,5,24,29,0,0,16,3,19,0,0,21,27,48,20,52,72,120
04/17/2009,HSA,MS,ASO,CE,Federal Contract Tower,0,0,2,4,6,0,0,0,0,0,0,0,2,4,6,0,0,0,6
04/18/2009,HSA,MS,ASO,CE,Federal Contract Tower,0,0,2,2,4,0,0,4,0,4,0,0,6,2,8,0,0,0,8
04/19/2009,HSA,MS,ASO,CE,Federal Contract Tower,0,0,0,0,0,0,0,2,0,2,0,0,2,0,2,0,0,0,2
04/20/2009,HSA,MS,ASO,CE,Federal Contract Tower,0,0,4,0,4,0,0,27,18,45,0,0,31,18,49,18,4,22,71
04/21/2009,HSA,MS,ASO,CE,Federal Contract Tower,0,0,3,5,8,0,0,6,8,14,0,0,9,13,22,4,33,37,59
04/22/2009,HSA,MS,ASO,CE,Federal Contract Tower,0,0,2,41,43,0,0,20,8,28,0,0,22,49,71,6,87,93,164
04/23/2009,HSA,MS,ASO,CE,Federal Contract Tower,0,0,6,21,27,0,0,15,9,24,0,0,21,30,51,44,87,131,182
04/24/2009,HSA,MS,ASO,CE,Federal Contract Tower,0,2,6,0,8,0,0,21,2,23,0,2,27,2,31,27,0,27,58
04/25/2009,HSA,MS,ASO,CE,Federal Contract Tower,0,0,8,2,10,0,0,14,0,14,0,0,22,2,24,13,0,13,37
04/26/2009,HSA,MS,ASO,CE,Federal Contract Tower,0,0,3,0,3,0,0,16,0,16,0,0,19,0,19,4,0,4,23
04/27/2009,HSA,MS,ASO,CE,Federal Contract Tower,0,0,5,0,5,0,0,9,2,11,0,0,14,2,16,7,35,42,58
04/28/2009,HSA,MS,ASO,CE,Federal Contract Tower,0,0,1,16,17,0,0,9,5,14,0,0,10,21,31,24,42,66,97
04/29/2009,HSA,MS,ASO,CE,Federal Contract Tower,0,0,5,17,22,0,0,14,5,19,0,0,19,22,41,10,38,48,89
04/30/2009,HSA,MS,ASO,CE,Federal Contract Tower,0,0,2,3,5,0,0,7,4,11,0,0,9,7,16,36,2,38,54
05/01/2009,HSA,MS,ASO,CE,Federal Contract Tower,0,0,4,24,28,0,0,9,1,10,0,0,13,25,38,15,31,46,84
05/02/2009,HSA,MS,ASO,CE,Federal Contract Tower,0,0,3,2,5,0,0,6,0,6,0,0,9,2,11,11,10,21,32
05/03/2009,HSA,MS,ASO,CE,Federal Contract Tower,0,0,2,1,3,0,0,0,0,0,0,0,2,1,3,0,0,0,3
05/04/2009,HSA,MS,ASO,CE,Federal Contract Tower,0,0,0,2,2,0,0,2,0,2,0,0,2,2,4,0,0,0,4
05/05/2009,HSA,MS,ASO,CE,Federal Contract Tower,0,0,7,14,21,0,0,10,9,19,0,0,17,23,40,10,106,116,156
05/06/2009,HSA,MS,ASO,CE,Federal Contract Tower,0,0,1,14,15,0,0,6,1,7,0,0,7,15,22,12,72,84,106
05/07/2009,HSA,MS,ASO,CE,Federal Contract Tower,0,0,4,4,8,0,0,19,5,24,0,0,23,9,32,39,30,69,101
05/08/2009,HSA,MS,ASO,CE,Federal Contract Tower,0,0,5,2,7,0,0,26,0,26,0,0,31,2,33,42,0,42,75
05/09/2009,HSA,MS,ASO,CE,Federal Contract Tower,0,0,7,0,7,0,0,25,0,25,0,0,32,0,32,74,0,74,106
05/10/2009,HSA,MS,ASO,CE,Federal Contract Tower,0,0,2,0,2,0,0,25,4,29,0,0,27,4,31,37,0,37,68
05/11/2009,HSA,MS,ASO,CE,Federal Contract Tower,0,0,1,10,11,0,0,17,1,18,0,0,18,11,29,15,43,58,87
05/12/2009,HSA,MS,ASO,CE,Federal Contract Tower,0,0,4,4,8,0,0,9,23,32,0,0,13,27,40,0,45,45,85
05/13/2009,HSA,MS,ASO,CE,Federal Contract Tower,0,0,3,18,21,0,0,17,7,24,0,0,20,25,45,36,46,82,127
05/14/2009,HSA,MS,ASO,CE,Federal Contract Tower,0,0,3,4,7,0,0,2,5,7,0,0,5,9,14,4,0,4,18
05/15/2009,HSA,MS,ASO,CE,Federal Contract Tower,0,0,4,0,4,0,0,8,0,8,0,0,12,0,12,2,0,2,14
05/16/2009,HSA,MS,ASO,CE,Federal Contract Tower,0,0,4,2,6,0,0,14,9,23,0,0,18,11,29,32,12,44,73
05/17/2009,HSA,MS,ASO,CE,Federal Contract Tower,0,0,4,2,6,0,0,3,2,5,0,0,7,4,11,0,8,8,19
05/18/2009,HSA,MS,ASO,CE,Federal Contract Tower,0,0,7,1,8,0,0,25,1,26,0,0,32,2,34,6,0,6,40
05/19/2009,HSA,MS,ASO,CE,Federal Contract Tower,0,0,3,2,5,0,0,27,3,30,0,0,30,5,35,22,32,54,89
05/20/2009,HSA,MS,ASO,CE,Federal Contract Tower,0,0,5,32,37,0,0,22,0,22,0,0,27,32,59,40,48,88,147
05/21/2009,HSA,MS,ASO,CE,Federal Contract Tower,0,0,1,10,11,0,0,10,10,20,0,0,11,20,31,20,38,58,89
05/22/2009,HSA,MS,ASO,CE,Federal Contract Tower,0,0,3,0,3,0,0,4,0,4,0,0,7,0,7,0,0,0,7
05/23/2009,HSA,MS,ASO,CE,Federal Contract Tower,0,0,1,0,1,0,0,3,0,3,0,0,4,0,4,0,0,0,4
05/24/2009,HSA,MS,ASO,CE,Federal Contract Tower,0,0,1,0,1,0,0,12,0,12,0,0,13,0,13,22,0,22,35
05/25/2009,HSA,MS,ASO,CE,Federal Contract Tower,0,0,0,0,0,0,0,2,0,2,0,0,2,0,2,0,0,0,2
05/26/2009,HSA,MS,ASO,CE,Federal Contract Tower,0,0,10,12,22,0,0,8,6,14,0,0,18,18,36,6,22,28,64
05/27/2009,HSA,MS,ASO,CE,Federal Contract Tower,0,0,2,35,37,0,0,7,2,9,0,0,9,37,46,6,71,77,123
05/28/2009,HSA,MS,ASO,CE,Federal Contract Tower,0,0,0,7,7,0,0,4,9,13,0,0,4,16,20,26,9,35,55
05/29/2009,HSA,MS,ASO,CE,Federal Contract Tower,0,0,14,0,14,0,0,7,0,7,0,0,21,0,21,0,0,0,21
05/30/2009,HSA,MS,ASO,CE,Federal Contract Tower,0,0,0,0,0,0,0,38,0,38,0,0,38,0,38,32,0,32,70
05/31/2009,HSA,MS,ASO,CE,Federal Contract Tower,0,0,1,0,1,0,0,17,0,17,0,0,18,0,18,7,0,7,25
06/01/2009,HSA,MS,ASO,CE,Federal Contract Tower,0,0,2,7,9,0,0,17,3,20,0,0,19,10,29,60,51,111,140
06/02/2009,HSA,MS,ASO,CE,Federal Contract Tower,0,0,6,19,25,0,0,20,1,21,0,0,26,20,46,21,68,89,135
06/03/2009,HSA,MS,ASO,CE,Federal Contract Tower,0,0,0,18,18,0,0,6,0,6,0,0,6,18,24,39,58,97,121
06/04/2009,HSA,MS,ASO,CE,Federal Contract Tower,0,0,2,31,33,0,0,9,1,10,0,0,11,32,43,2,40,42,85
06/05/2009,HSA,MS,ASO,CE,Federal Contract Tower,0,0,1,14,15,0,0,6,4,10,0,0,7,18,25,2,16,18,43
06/06/2009,HSA,MS,ASO,CE,Federal Contract Tower,0,0,10,1,11,0,0,26,0,26,0,0,36,1,37,26,0,26,63
06/07/2009,HSA,MS,ASO,CE,Federal Contract Tower,0,0,5,2,7,0,0,19,0,19,0,0,24,2,26,30,0,30,56
06/08/2009,HSA,MS,ASO,CE,Federal Contract Tower,0,0,5,4,9,0,0,23,0,23,0,0,28,4,32,46,6,52,84
06/09/2009,HSA,MS,ASO,CE,Federal Contract Tower,0,0,9,11,20,0,0,15,4,19,0,0,24,15,39,29,18,47,86
06/10/2009,HSA,MS,ASO,CE,Federal Contract Tower,0,0,7,30,37,0,0,17,0,17,0,0,24,30,54,20,35,55,109
06/11/2009,HSA,MS,ASO,CE,Federal Contract Tower,0,0,1,2,3,0,0,12,2,14,0,0,13,4,17,2,0,2,19
06/12/2009,HSA,MS,ASO,CE,Federal Contract Tower,0,0,7,4,11,0,0,23,0,23,0,0,30,4,34,12,0,12,46
06/13/2009,HSA,MS,ASO,CE,Federal Contract Tower,0,0,2,0,2,0,0,24,0,24,0,0,26,0,26,40,0,40,66
06/14/2009,HSA,MS,ASO,CE,Federal Contract Tower,0,0,2,0,2,0,0,20,0,20,0,0,22,0,22,18,0,18,40
06/15/2009,HSA,MS,ASO,CE,Federal Contract Tower,0,0,9,0,9,0,0,26,0,26,0,0,35,0,35,59,0,59,94
06/16/2009,HSA,MS,ASO,CE,Federal Contract Tower,0,0,3,7,10,0,0,7,6,13,0,0,10,13,23,24,10,34,57
06/17/2009,HSA,MS,ASO,CE,Federal Contract Tower,0,0,6,20,26,0,0,26,6,32,0,0,32,26,58,64,16,80,138
06/18/2009,HSA,MS,ASO,CE,Federal Contract Tower,0,0,6,1,7,0,0,29,7,36,0,0,35,8,43,15,0,15,58
06/19/2009,HSA,MS,ASO,CE,Federal Contract Tower,0,0,9,24,33,0,0,14,2,16,0,0,23,26,49,4,72,76,125
06/20/2009,HSA,MS,ASO,CE,Federal Contract Tower,0,0,5,0,5,0,0,23,0,23,0,0,28,0,28,8,0,8,36
06/21/2009,HSA,MS,ASO,CE,Federal Contract Tower,0,0,4,0,4,0,0,17,0,17,0,0,21,0,21,4,0,4,25
06/22/2009,HSA,MS,ASO,CE,Federal Contract Tower,0,0,2,18,20,0,0,11,0,11,0,0,13,18,31,0,39,39,70
06/23/2009,HSA,MS,ASO,CE,Federal Contract Tower,0,0,5,18,23,0,0,13,1,14,0,0,18,19,37,10,32,42,79
06/24/2009,HSA,MS,ASO,CE,Federal Contract Tower,0,0,3,26,29,0,0,8,0,8,0,0,11,26,37,33,35,68,105
06/25/2009,HSA,MS,ASO,CE,Federal Contract Tower,0,0,12,9,21,0,0,10,5,15,0,0,22,14,36,40,16,56,92
06/26/2009,HSA,MS,ASO,CE,Federal Contract Tower,0,2,7,7,16,0,0,10,2,12,0,2,17,9,28,12,33,45,73
06/27/2009,HSA,MS,ASO,CE,Federal Contract Tower,0,0,2,0,2,0,0,16,0,16,0,0,18,0,18,39,0,39,57
06/28/2009,HSA,MS,ASO,CE,Federal Contract Tower,0,0,0,0,0,0,0,28,0,28,0,0,28,0,28,29,0,29,57
06/29/2009,HSA,MS,ASO,CE,Federal Contract Tower,0,0,2,0,2,0,0,9,0,9,0,0,11,0,11,0,0,0,11
06/30/2009,HSA,MS,ASO,CE,Federal Contract Tower,0,0,3,0,3,0,0,14,16,30,0,0,17,16,33,4,12,16,49
07/01/2009,HSA,MS,ASO,CE,Federal Contract Tower,0,0,2,44,46,0,0,15,3,18,0,0,17,47,64,8,60,68,132
07/02/2009,HSA,MS,ASO,CE,Federal Contract Tower,0,2,4,0,6,0,0,7,0,7,0,2,11,0,13,20,0,20,33
07/03/2009,HSA,MS,ASO,CE,Federal Contract Tower,0,0,4,0,4,0,0,25,0,25,0,0,29,0,29,16,0,16,45
07/04/2009,HSA,MS,ASO,CE,Federal Contract Tower,0,0,3,0,3,0,0,16,0,16,0,0,19,0,19,6,0,6,25
07/05/2009,HSA,MS,ASO,CE,Federal Contract Tower,0,0,3,0,3,0,0,17,0,17,0,0,20,0,20,24,0,24,44
07/06/2009,HSA,MS,ASO,CE,Federal Contract Tower,0,0,2,0,2,0,0,11,0,11,0,0,13,0,13,24,0,24,37
07/07/2009,HSA,MS,ASO,CE,Federal Contract Tower,0,0,3,17,20,0,0,3,1,4,0,0,6,18,24,0,15,15,39
07/08/2009,HSA,MS,ASO,CE,Federal Contract Tower,0,0,2,3,5,0,0,5,3,8,0,0,7,6,13,0,27,27,40
07/09/2009,HSA,MS,ASO,CE,Federal Contract Tower,0,0,0,25,25,0,0,14,16,30,0,0,14,41,55,12,72,84,139
07/10/2009,HSA,MS,ASO,CE,Federal Contract Tower,0,0,0,11,11,0,0,21,3,24,0,0,21,14,35,12,27,39,74
07/11/2009,HSA,MS,ASO,CE,Federal Contract Tower,0,0,4,0,4,0,0,13,0,13,0,0,17,0,17,15,0,15,32
07/12/2009,HSA,MS,ASO,CE,Federal Contract Tower,0,0,2,0,2,0,0,20,0,20,0,0,22,0,22,4,0,4,26
07/13/2009,HSA,MS,ASO,CE,Federal Contract Tower,0,0,1,19,20,0,0,6,1,7,0,0,7,20,27,18,30,48,75
07/14/2009,HSA,MS,ASO,CE,Federal Contract Tower,0,0,0,2,2,0,0,20,25,45,0,0,20,27,47,12,39,51,98
07/15/2009,HSA,MS,ASO,CE,Federal Contract Tower,0,0,2,19,21,0,0,10,10,20,0,0,12,29,41,16,98,114,155
07/16/2009,HSA,MS,ASO,CE,Federal Contract Tower,0,0,2,11,13,0,0,18,4,22,0,0,20,15,35,35,9,44,79
07/17/2009,HSA,MS,ASO,CE,Federal Contract Tower,0,0,12,0,12,0,0,1,1,2,0,0,13,1,14,0,23,23,37
07/18/2009,HSA,MS,ASO,CE,Federal Contract Tower,0,0,0,4,4,0,0,21,0,21,0,0,21,4,25,22,8,30,55
07/19/2009,HSA,MS,ASO,CE,Federal Contract Tower,0,0,5,0,5,0,0,29,0,29,0,0,34,0,34,44,0,44,78
07/20/2009,HSA,MS,ASO,CE,Federal Contract Tower,0,0,5,3,8,0,0,26,0,26,0,0,31,3,34,0,0,0,34
07/21/2009,HSA,MS,ASO,CE,Federal Contract Tower,0,0,1,19,20,0,0,9,23,32,0,0,10,42,52,16,31,47,99
07/22/2009,HSA,MS,ASO,CE,Federal Contract Tower,0,0,12,26,38,0,0,18,3,21,0,0,30,29,59,40,50,90,149
07/23/2009,HSA,MS,ASO,CE,Federal Contract Tower,0,0,2,22,24,0,0,7,18,25,0,0,9,40,49,4,25,29,78
07/24/2009,HSA,MS,ASO,CE,Federal Contract Tower,0,2,0,4,6,0,0,12,0,12,0,2,12,4,18,2,4,6,24
07/25/2009,HSA,MS,ASO,CE,Federal Contract Tower,0,0,4,0,4,0,0,24,0,24,0,0,28,0,28,24,0,24,52
07/26/2009,HSA,MS,ASO,CE,Federal Contract Tower,0,0,2,0,2,0,0,16,0,16,0,0,18,0,18,0,0,0,18
07/27/2009,HSA,MS,ASO,CE,Federal Contract Tower,0,0,3,11,14,0,0,13,0,13,0,0,16,11,27,10,12,22,49
07/28/2009,HSA,MS,ASO,CE,Federal Contract Tower,0,0,4,13,17,0,0,5,15,20,0,0,9,28,37,6,53,59,96
07/29/2009,HSA,MS,ASO,CE,Federal Contract Tower,0,0,4,32,36,0,0,16,4,20,0,0,20,36,56,21,91,112,168
07/30/2009,HSA,MS,ASO,CE,Federal Contract Tower,0,0,1,13,14,0,0,2,6,8,0,0,3,19,22,0,40,40,62
07/31/2009,HSA,MS,ASO,CE,Federal Contract Tower,0,0,7,10,17,0,0,13,0,13,0,0,20,10,30,5,0,5,35
08/01/2009,HSA,MS,ASO,CE,Federal Contract Tower,0,0,5,0,5,0,0,14,0,14,0,0,19,0,19,13,0,13,32
08/02/2009,HSA,MS,ASO,CE,Federal Contract Tower,0,0,0,0,0,0,0,20,0,20,0,0,20,0,20,30,0,30,50
08/03/2009,HSA,MS,ASO,CE,Federal Contract Tower,0,0,1,27,28,0,0,18,2,20,0,0,19,29,48,12,36,48,96
08/04/2009,HSA,MS,ASO,CE,Federal Contract Tower,0,0,8,25,33,0,0,10,8,18,0,0,18,33,51,10,52,62,113
08/05/2009,HSA,MS,ASO,CE,Federal Contract Tower,0,0,0,31,31,0,0,11,5,16,0,0,11,36,47,2,29,31,78
08/06/2009,HSA,MS,ASO,CE,Federal Contract Tower,0,0,1,4,5,0,0,8,0,8,0,0,9,4,13,4,16,20,33
08/07/2009,HSA,MS,ASO,CE,Federal Contract Tower,0,0,3,2,5,0,0,25,6,31,0,0,28,8,36,4,24,28,64
08/08/2009,HSA,MS,ASO,CE,Federal Contract Tower,0,0,6,0,6,0,0,12,0,12,0,0,18,0,18,0,0,0,18
08/09/2009,HSA,MS,ASO,CE,Federal Contract Tower,0,0,4,0,4,0,0,19,0,19,0,0,23,0,23,4,0,4,27
08/10/2009,HSA,MS,ASO,CE,Federal Contract Tower,0,0,3,5,8,0,0,12,1,13,0,0,15,6,21,14,0,14,35
08/11/2009,HSA,MS,ASO,CE,Federal Contract Tower,0,0,1,3,4,0,0,10,19,29,0,0,11,22,33,8,22,30,63
08/12/2009,HSA,MS,ASO,CE,Federal Contract Tower,0,0,5,2,7,0,0,15,4,19,0,0,20,6,26,5,38,43,69
08/13/2009,HSA,MS,ASO,CE,Federal Contract Tower,0,1,0,17,18,0,0,17,10,27,0,1,17,27,45,34,58,92,137
08/14/2009,HSA,MS,ASO,CE,Federal Contract Tower,0,0,11,17,28,0,0,19,2,21,0,0,30,19,49,52,20,72,121
08/15/2009,HSA,MS,ASO,CE,Federal Contract Tower,0,0,5,0,5,0,0,22,0,22,0,0,27,0,27,29,0,29,56
08/16/2009,HSA,MS,ASO,CE,Federal Contract Tower,0,0,1,0,1,0,0,15,0,15,0,0,16,0,16,0,0,0,16
08/17/2009,HSA,MS,ASO,CE,Federal Contract Tower,0,0,4,11,15,0,0,8,0,8,0,0,12,11,23,0,8,8,31
08/18/2009,HSA,MS,ASO,CE,Federal Contract Tower,0,0,1,16,17,0,0,1,3,4,0,0,2,19,21,0,35,35,56
08/19/2009,HSA,MS,ASO,CE,Federal Contract Tower,0,0,2,4,6,0,0,8,0,8,0,0,10,4,14,2,6,8,22
08/20/2009,HSA,MS,ASO,CE,Federal Contract Tower,0,0,2,9,11,0,0,6,6,12,0,0,8,15,23,27,23,50,73
08/21/2009,HSA,MS,ASO,CE,Federal Contract Tower,0,0,4,5,9,0,0,6,2,8,0,0,10,7,17,0,10,10,27
08/22/2009,HSA,MS,ASO,CE,Federal Contract Tower,0,0,5,0,5,0,0,33,2,35,0,0,38,2,40,11,11,22,62
08/23/2009,HSA,MS,ASO,CE,Federal Contract Tower,0,0,11,0,11,0,0,31,0,31,0,0,42,0,42,10,0,10,52
08/24/2009,HSA,MS,ASO,CE,Federal Contract Tower,0,0,1,7,8,0,0,24,0,24,0,0,25,7,32,16,40,56,88
08/25/2009,HSA,MS,ASO,CE,Federal Contract Tower,0,0,3,12,15,0,0,14,0,14,0,0,17,12,29,0,16,16,45
08/26/2009,HSA,MS,ASO,CE,Federal Contract Tower,0,0,0,18,18,0,0,7,3,10,0,0,7,21,28,30,17,47,75
08/27/2009,HSA,MS,ASO,CE,Federal Contract Tower,0,0,2,1,3,1,0,8,2,11,1,0,10,3,14,24,0,24,38
08/28/2009,HSA,MS,ASO,CE,Federal Contract Tower,0,0,6,2,8,0,0,15,0,15,0,0,21,2,23,31,0,31,54
08/29/2009,HSA,MS,ASO,CE,Federal Contract Tower,0,0,2,0,2,0,0,17,0,17,0,0,19,0,19,24,0,24,43
08/30/2009,HSA,MS,ASO,CE,Federal Contract Tower,0,0,2,0,2,0,0,16,0,16,0,0,18,0,18,0,0,0,18
08/31/2009,HSA,MS,ASO,CE,Federal Contract Tower,0,0,6,3,9,0,0,17,11,28,0,0,23,14,37,6,53,59,96
09/01/2009,HSA,MS,ASO,CE,Federal Contract Tower,0,0,0,0,0,0,0,0,0,0,0,0,0,0,0,0,0,0,0
09/02/2009,HSA,MS,ASO,CE,Federal Contract Tower,0,0,6,20,26,0,0,19,13,32,0,0,25,33,58,17,71,88,146
09/03/2009,HSA,MS,ASO,CE,Federal Contract Tower,0,0,11,7,18,0,0,4,4,8,0,0,15,11,26,14,81,95,121
09/04/2009,HSA,MS,ASO,CE,Federal Contract Tower,0,0,4,0,4,0,0,18,0,18,0,0,22,0,22,11,0,11,33
09/05/2009,HSA,MS,ASO,CE,Federal Contract Tower,0,0,3,2,5,0,0,6,0,6,0,0,9,2,11,0,0,0,11
09/06/2009,HSA,MS,ASO,CE,Federal Contract Tower,0,0,0,0,0,0,0,7,0,7,0,0,7,0,7,18,0,18,25
09/07/2009,HSA,MS,ASO,CE,Federal Contract Tower,0,0,2,0,2,0,0,7,0,7,0,0,9,0,9,0,0,0,9
09/08/2009,HSA,MS,ASO,CE,Federal Contract Tower,0,0,4,4,8,0,0,12,2,14,0,0,16,6,22,2,25,27,49
09/09/2009,HSA,MS,ASO,CE,Federal Contract Tower,0,0,2,10,12,0,0,6,3,9,0,0,8,13,21,22,69,91,112
09/10/2009,HSA,MS,ASO,CE,Federal Contract Tower,0,0,9,0,9,0,0,6,0,6,0,0,15,0,15,13,0,13,28
09/11/2009,HSA,MS,ASO,CE,Federal Contract Tower,0,0,3,0,3,0,0,7,0,7,0,0,10,0,10,5,0,5,15
09/12/2009,HSA,MS,ASO,CE,Federal Contract Tower,0,0,2,0,2,0,0,2,0,2,0,0,4,0,4,0,0,0,4
09/13/2009,HSA,MS,ASO,CE,Federal Contract Tower,0,0,3,0,3,0,0,8,3,11,0,0,11,3,14,30,16,46,60
09/14/2009,HSA,MS,ASO,CE,Federal Contract Tower,0,0,3,26,29,0,0,4,1,5,0,0,7,27,34,6,60,66,100
09/15/2009,HSA,MS,ASO,CE,Federal Contract Tower,0,0,0,44,44,0,0,6,9,15,0,0,6,53,59,0,111,111,170
09/16/2009,HSA,MS,ASO,CE,Federal Contract Tower,0,0,0,42,42,0,0,19,5,24,0,0,19,47,66,29,79,108,174
09/17/2009,HSA,MS,ASO,CE,Federal Contract Tower,0,0,1,12,13,0,0,3,0,3,0,0,4,12,16,14,30,44,60
09/18/2009,HSA,MS,ASO,CE,Federal Contract Tower,0,0,17,6,23,0,0,11,8,19,0,0,28,14,42,38,0,38,80
09/19/2009,HSA,MS,ASO,CE,Federal Contract Tower,0,0,1,0,1,0,0,15,0,15,0,0,16,0,16,12,0,12,28
09/20/2009,HSA,MS,ASO,CE,Federal Contract Tower,0,0,0,2,2,0,0,25,0,25,0,0,25,2,27,19,0,19,46
09/21/2009,HSA,MS,ASO,CE,Federal Contract Tower,0,0,0,15,15,0,0,16,1,17,0,0,16,16,32,22,48,70,102
09/22/2009,HSA,MS,ASO,CE,Federal Contract Tower,0,0,8,0,8,0,0,17,0,17,0,0,25,0,25,8,0,8,33
09/23/2009,HSA,MS,ASO,CE,Federal Contract Tower,0,0,3,2,5,0,0,6,0,6,0,0,9,2,11,7,0,7,18
09/24/2009,HSA,MS,ASO,CE,Federal Contract Tower,0,2,3,18,23,0,0,8,13,21,0,2,11,31,44,30,49,79,123
09/25/2009,HSA,MS,ASO,CE,Federal Contract Tower,0,0,9,12,21,0,0,13,0,13,0,0,22,12,34,11,20,31,65
09/26/2009,HSA,MS,ASO,CE,Federal Contract Tower,0,0,2,2,4,0,0,8,0,8,0,0,10,2,12,3,0,3,15
09/27/2009,HSA,MS,ASO,CE,Federal Contract Tower,0,0,4,0,4,0,0,26,0,26,0,0,30,0,30,6,0,6,36
09/28/2009,HSA,MS,ASO,CE,Federal Contract Tower,0,0,5,4,9,0,0,25,10,35,0,0,30,14,44,6,30,36,80
09/29/2009,HSA,MS,ASO,CE,Federal Contract Tower,0,0,3,6,9,0,0,20,2,22,0,0,23,8,31,2,46,48,79
09/30/2009,HSA,MS,ASO,CE,Federal Contract Tower,0,0,5,16,21,0,0,21,2,23,0,0,26,18,44,48,30,78,122
10/01/2009,HSA,MS,ASO,CE,Federal Contract Tower,0,0,5,49,54,0,0,19,8,27,0,0,24,57,81,22,112,134,215
10/02/2009,HSA,MS,ASO,CE,Federal Contract Tower,0,0,4,5,9,0,0,12,1,13,0,0,16,6,22,6,0,6,28
10/03/2009,HSA,MS,ASO,CE,Federal Contract Tower,0,0,9,2,11,0,0,19,0,19,0,0,28,2,30,10,0,10,40
10/04/2009,HSA,MS,ASO,CE,Federal Contract Tower,0,0,3,0,3,0,0,11,0,11,0,0,14,0,14,0,0,0,14
10/05/2009,HSA,MS,ASO,CE,Federal Contract Tower,0,0,9,15,24,0,0,9,1,10,0,0,18,16,34,0,40,40,74
10/06/2009,HSA,MS,ASO,CE,Federal Contract Tower,0,0,2,23,25,0,0,3,1,4,0,0,5,24,29,12,40,52,81
10/07/2009,HSA,MS,ASO,CE,Federal Contract Tower,0,0,4,18,22,0,0,8,0,8,0,0,12,18,30,14,44,58,88
10/08/2009,HSA,MS,ASO,CE,Federal Contract Tower,0,0,14,26,40,0,0,11,5,16,0,0,25,31,56,0,51,51,107
10/09/2009,HSA,MS,ASO,CE,Federal Contract Tower,0,0,0,8,8,0,0,1,2,3,0,0,1,10,11,0,34,34,45
10/10/2009,HSA,MS,ASO,CE,Federal Contract Tower,0,0,13,0,13,0,0,21,0,21,0,0,34,0,34,32,0,32,66
10/11/2009,HSA,MS,ASO,CE,Federal Contract Tower,0,0,3,0,3,0,0,12,0,12,0,0,15,0,15,18,0,18,33
10/12/2009,HSA,MS,ASO,CE,Federal Contract Tower,0,0,3,0,3,0,0,17,0,17,0,0,20,0,20,18,0,18,38
10/13/2009,HSA,MS,ASO,CE,Federal Contract Tower,0,0,9,6,15,0,0,0,0,0,0,0,9,6,15,0,0,0,15
10/14/2009,HSA,MS,ASO,CE,Federal Contract Tower,0,0,3,11,14,0,0,14,0,14,0,0,17,11,28,6,18,24,52
10/15/2009,HSA,MS,ASO,CE,Federal Contract Tower,0,0,3,14,17,0,0,6,8,14,0,0,9,22,31,14,26,40,71
10/16/2009,HSA,MS,ASO,CE,Federal Contract Tower,0,0,0,16,16,0,0,13,0,13,0,0,13,16,29,12,2,14,43
10/17/2009,HSA,MS,ASO,CE,Federal Contract Tower,0,0,4,0,4,0,0,60,0,60,0,0,64,0,64,111,0,111,175
10/18/2009,HSA,MS,ASO,CE,Federal Contract Tower,0,0,5,0,5,0,0,27,0,27,0,0,32,0,32,14,0,14,46
10/19/2009,HSA,MS,ASO,CE,Federal Contract Tower,0,0,9,41,50,0,0,38,2,40,0,0,47,43,90,46,106,152,242
10/20/2009,HSA,MS,ASO,CE,Federal Contract Tower,0,0,5,5,10,0,0,27,3,30,0,0,32,8,40,57,13,70,110
10/21/2009,HSA,MS,ASO,CE,Federal Contract Tower,0,0,7,4,11,0,0,10,0,10,0,0,17,4,21,25,0,25,46
10/22/2009,HSA,MS,ASO,CE,Federal Contract Tower,0,0,5,4,9,0,0,2,4,6,0,0,7,8,15,10,32,42,57
10/23/2009,HSA,MS,ASO,CE,Federal Contract Tower,0,0,14,5,19,0,0,14,10,24,0,0,28,15,43,0,6,6,49
10/24/2009,HSA,MS,ASO,CE,Federal Contract Tower,0,0,3,0,3,0,0,31,0,31,0,0,34,0,34,37,0,37,71
10/25/2009,HSA,MS,ASO,CE,Federal Contract Tower,0,0,9,0,9,0,0,47,0,47,0,0,56,0,56,24,0,24,80
10/26/2009,HSA,MS,ASO,CE,Federal Contract Tower,0,0,9,28,37,0,0,5,1,6,0,0,14,29,43,40,49,89,132
10/27/2009,HSA,MS,ASO,CE,Federal Contract Tower,0,0,3,43,46,0,0,4,0,4,0,0,7,43,50,8,38,46,96
10/28/2009,HSA,MS,ASO,CE,Federal Contract Tower,0,0,3,34,37,0,0,26,0,26,0,0,29,34,63,59,44,103,166
10/29/2009,HSA,MS,ASO,CE,Federal Contract Tower,0,0,3,4,7,0,0,0,0,0,0,0,3,4,7,0,0,0,7
10/30/2009,HSA,MS,ASO,CE,Federal Contract Tower,0,0,3,0,3,0,0,0,0,0,0,0,3,0,3,0,0,0,3
10/31/2009,HSA,MS,ASO,CE,Federal Contract Tower,0,0,8,0,8,0,0,12,0,12,0,0,20,0,20,10,0,10,30
11/01/2009,HSA,MS,ASO,CE,Federal Contract Tower,0,0,6,0,6,0,0,24,0,24,0,0,30,0,30,46,0,46,76
11/02/2009,HSA,MS,ASO,CE,Federal Contract Tower,0,0,3,8,11,0,0,16,2,18,0,0,19,10,29,6,38,44,73
11/03/2009,HSA,MS,ASO,CE,Federal Contract Tower,0,0,10,52,62,0,0,21,4,25,0,0,31,56,87,18,109,127,214
11/04/2009,HSA,MS,ASO,CE,Federal Contract Tower,0,0,4,19,23,0,0,32,0,32,0,0,36,19,55,12,32,44,99
11/05/2009,HSA,MS,ASO,CE,Federal Contract Tower,0,0,2,15,17,0,0,22,9,31,0,0,24,24,48,33,28,61,109
11/06/2009,HSA,MS,ASO,CE,Federal Contract Tower,0,0,13,8,21,0,0,26,0,26,0,0,39,8,47,26,10,36,83
11/07/2009,HSA,MS,ASO,CE,Federal Contract Tower,0,0,18,4,22,0,0,22,0,22,0,0,40,4,44,67,0,67,111
11/08/2009,HSA,MS,ASO,CE,Federal Contract Tower,0,0,6,0,6,0,0,22,4,26,0,0,28,4,32,8,2,10,42
11/09/2009,HSA,MS,ASO,CE,Federal Contract Tower,0,0,2,0,2,0,0,1,0,1,0,0,3,0,3,0,0,0,3
11/10/2009,HSA,MS,ASO,CE,Federal Contract Tower,0,0,0,1,1,0,0,0,1,1,0,0,0,2,2,0,10,10,12
11/11/2009,HSA,MS,ASO,CE,Federal Contract Tower,0,0,0,0,0,0,0,7,2,9,0,0,7,2,9,8,12,20,29
11/12/2009,HSA,MS,ASO,CE,Federal Contract Tower,0,0,11,4,15,0,0,23,0,23,0,0,34,4,38,58,0,58,96
11/13/2009,HSA,MS,ASO,CE,Federal Contract Tower,0,0,0,0,0,0,0,22,0,22,0,0,22,0,22,22,8,30,52
11/14/2009,HSA,MS,ASO,CE,Federal Contract Tower,0,0,1,2,3,0,0,27,0,27,0,0,28,2,30,24,0,24,54
11/15/2009,HSA,MS,ASO,CE,Federal Contract Tower,0,0,9,0,9,0,0,22,0,22,0,0,31,0,31,50,0,50,81
11/16/2009,HSA,MS,ASO,CE,Federal Contract Tower,0,0,8,22,30,0,0,10,0,10,0,0,18,22,40,16,46,62,102
11/17/2009,HSA,MS,ASO,CE,Federal Contract Tower,0,0,0,11,11,0,0,26,3,29,0,0,26,14,40,30,37,67,107
11/18/2009,HSA,MS,ASO,CE,Federal Contract Tower,0,0,4,35,39,0,0,11,1,12,0,0,15,36,51,4,64,68,119
11/19/2009,HSA,MS,ASO,CE,Federal Contract Tower,0,0,0,27,27,0,0,17,3,20,0,0,17,30,47,0,57,57,104
11/20/2009,HSA,MS,ASO,CE,Federal Contract Tower,0,0,4,13,17,0,0,16,12,28,0,0,20,25,45,10,75,85,130
11/21/2009,HSA,MS,ASO,CE,Federal Contract Tower,0,0,4,0,4,0,0,8,0,8,0,0,12,0,12,2,0,2,14
11/22/2009,HSA,MS,ASO,CE,Federal Contract Tower,0,0,0,0,0,0,0,5,0,5,0,0,5,0,5,6,0,6,11
11/23/2009,HSA,MS,ASO,CE,Federal Contract Tower,0,0,5,16,21,0,0,6,0,6,0,0,11,16,27,18,4,22,49
11/24/2009,HSA,MS,ASO,CE,Federal Contract Tower,0,0,6,10,16,0,0,8,3,11,0,0,14,13,27,18,8,26,53
11/25/2009,HSA,MS,ASO,CE,Federal Contract Tower,0,1,7,7,15,0,0,29,1,30,0,1,36,8,45,17,22,39,84
11/26/2009,HSA,MS,ASO,CE,Federal Contract Tower,0,0,0,0,0,0,0,4,0,4,0,0,4,0,4,4,0,4,8
11/27/2009,HSA,MS,ASO,CE,Federal Contract Tower,0,1,2,0,3,0,0,13,0,13,0,1,15,0,16,0,0,0,16
11/28/2009,HSA,MS,ASO,CE,Federal Contract Tower,0,0,7,0,7,0,0,28,0,28,0,0,35,0,35,20,0,20,55
11/29/2009,HSA,MS,ASO,CE,Federal Contract Tower,0,0,4,0,4,0,0,26,0,26,0,0,30,0,30,20,0,20,50
11/30/2009,HSA,MS,ASO,CE,Federal Contract Tower,0,0,2,5,7,0,0,0,4,4,0,0,2,9,11,0,0,0,11
12/01/2009,HSA,MS,ASO,CE,Federal Contract Tower,0,0,6,0,6,0,0,3,0,3,0,0,9,0,9,0,0,0,9
12/02/2009,HSA,MS,ASO,CE,Federal Contract Tower,0,0,3,14,17,0,0,1,0,1,0,0,4,14,18,26,26,52,70
12/03/2009,HSA,MS,ASO,CE,Federal Contract Tower,0,0,5,34,39,0,0,23,17,40,0,0,28,51,79,49,55,104,183
12/04/2009,HSA,MS,ASO,CE,Federal Contract Tower,0,0,3,10,13,0,0,4,0,4,0,0,7,10,17,10,4,14,31
12/05/2009,HSA,MS,ASO,CE,Federal Contract Tower,0,0,3,10,13,0,0,17,0,17,0,0,20,10,30,30,11,41,71
12/06/2009,HSA,MS,ASO,CE,Federal Contract Tower,0,0,0,0,0,0,0,22,0,22,0,0,22,0,22,16,0,16,38
12/07/2009,HSA,MS,ASO,CE,Federal Contract Tower,0,0,0,1,1,0,0,0,1,1,0,0,0,2,2,0,6,6,8
12/08/2009,HSA,MS,ASO,CE,Federal Contract Tower,0,0,1,0,1,0,0,0,0,0,0,0,1,0,1,0,0,0,1
12/09/2009,HSA,MS,ASO,CE,Federal Contract Tower,0,0,0,6,6,0,0,5,2,7,0,0,5,8,13,20,59,79,92
12/10/2009,HSA,MS,ASO,CE,Federal Contract Tower,0,0,8,10,18,0,0,24,6,30,0,0,32,16,48,36,34,70,118
12/11/2009,HSA,MS,ASO,CE,Federal Contract Tower,0,0,12,2,14,0,0,13,4,17,0,0,25,6,31,12,16,28,59
12/12/2009,HSA,MS,ASO,CE,Federal Contract Tower,0,0,0,2,2,0,0,0,0,0,0,0,0,2,2,0,0,0,2
12/13/2009,HSA,MS,ASO,CE,Federal Contract Tower,0,0,7,0,7,0,0,0,0,0,0,0,7,0,7,0,0,0,7
12/14/2009,HSA,MS,ASO,CE,Federal Contract Tower,0,0,1,0,1,0,0,0,0,0,0,0,1,0,1,0,0,0,1
12/15/2009,HSA,MS,ASO,CE,Federal Contract Tower,0,0,6,18,24,0,0,0,0,0,0,0,6,18,24,0,0,0,24
12/16/2009,HSA,MS,ASO,CE,Federal Contract Tower,0,0,2,1,3,0,0,18,7,25,0,0,20,8,28,0,22,22,50
12/17/2009,HSA,MS,ASO,CE,Federal Contract Tower,0,0,5,7,12,0,0,8,1,9,0,0,13,8,21,0,7,7,28
12/18/2009,HSA,MS,ASO,CE,Federal Contract Tower,0,0,6,16,22,0,0,3,0,3,0,0,9,16,25,0,8,8,33
12/19/2009,HSA,MS,ASO,CE,Federal Contract Tower,0,0,7,0,7,0,0,22,0,22,0,0,29,0,29,14,0,14,43
12/20/2009,HSA,MS,ASO,CE,Federal Contract Tower,0,0,3,0,3,0,0,21,0,21,0,0,24,0,24,26,0,26,50
12/21/2009,HSA,MS,ASO,CE,Federal Contract Tower,0,0,5,14,19,0,0,18,4,22,0,0,23,18,41,14,0,14,55
12/22/2009,HSA,MS,ASO,CE,Federal Contract Tower,0,2,16,11,29,0,0,18,1,19,0,2,34,12,48,19,20,39,87
12/23/2009,HSA,MS,ASO,CE,Federal Contract Tower,0,0,3,1,4,0,0,16,0,16,0,0,19,1,20,10,0,10,30
12/24/2009,HSA,MS,ASO,CE,Federal Contract Tower,0,0,1,0,1,0,0,1,0,1,0,0,2,0,2,0,0,0,2
12/25/2009,HSA,MS,ASO,CE,Federal Contract Tower,0,0,4,0,4,0,0,3,0,3,0,0,7,0,7,0,0,0,7
12/26/2009,HSA,MS,ASO,CE,Federal Contract Tower,0,0,1,0,1,0,0,11,0,11,0,0,12,0,12,14,0,14,26
12/27/2009,HSA,MS,ASO,CE,Federal Contract Tower,0,0,7,0,7,0,0,23,0,23,0,0,30,0,30,32,0,32,62
12/28/2009,HSA,MS,ASO,CE,Federal Contract Tower,0,0,1,2,3,0,0,15,0,15,0,0,16,2,18,33,18,51,69
12/29/2009,HSA,MS,ASO,CE,Federal Contract Tower,0,0,6,2,8,0,0,34,0,34,0,0,40,2,42,54,26,80,122
12/30/2009,HSA,MS,ASO,CE,Federal Contract Tower,0,0,7,0,7,0,0,6,0,6,0,0,13,0,13,14,0,14,27
12/31/2009,HSA,MS,ASO,CE,Federal Contract Tower,0,0,2,12,14,0,0,23,0,23,0,0,25,12,37,16,0,16,53
01/01/2010,HSA,MS,ASO,CE,Federal Contract Tower,0,0,4,0,4,0,0,20,0,20,0,0,24,0,24,2,0,2,26
01/02/2010,HSA,MS,ASO,CE,Federal Contract Tower,0,0,11,0,11,0,0,42,0,42,0,0,53,0,53,26,0,26,79
01/03/2010,HSA,MS,ASO,CE,Federal Contract Tower,0,0,8,0,8,0,0,25,0,25,0,0,33,0,33,26,0,26,59
01/04/2010,HSA,MS,ASO,CE,Federal Contract Tower,0,0,1,0,1,0,0,9,0,9,0,0,10,0,10,6,0,6,16
01/05/2010,HSA,MS,ASO,CE,Federal Contract Tower,0,0,3,25,28,0,0,10,1,11,0,0,13,26,39,12,44,56,95
01/06/2010,HSA,MS,ASO,CE,Federal Contract Tower,0,0,11,31,42,0,0,22,4,26,0,0,33,35,68,49,69,118,186
01/07/2010,HSA,MS,ASO,CE,Federal Contract Tower,0,0,2,0,2,0,0,3,0,3,0,0,5,0,5,0,0,0,5
01/08/2010,HSA,MS,ASO,CE,Federal Contract Tower,0,1,3,2,6,0,0,4,0,4,0,1,7,2,10,0,0,0,10
01/09/2010,HSA,MS,ASO,CE,Federal Contract Tower,0,0,4,6,10,0,0,14,0,14,0,0,18,6,24,0,0,0,24
01/10/2010,HSA,MS,ASO,CE,Federal Contract Tower,0,0,1,0,1,0,0,18,0,18,0,0,19,0,19,20,0,20,39
01/11/2010,HSA,MS,ASO,CE,Federal Contract Tower,0,0,3,9,12,0,0,24,0,24,0,0,27,9,36,40,62,102,138
01/12/2010,HSA,MS,ASO,CE,Federal Contract Tower,0,0,6,7,13,0,0,13,3,16,0,0,19,10,29,31,8,39,68
01/13/2010,HSA,MS,ASO,CE,Federal Contract Tower,0,0,7,11,18,0,0,24,6,30,0,0,31,17,48,5,67,72,120
01/14/2010,HSA,MS,ASO,CE,Federal Contract Tower,0,0,1,36,37,0,0,13,4,17,0,0,14,40,54,24,14,38,92
01/15/2010,HSA,MS,ASO,CE,Federal Contract Tower,0,0,4,26,30,0,0,26,0,26,0,0,30,26,56,14,12,26,82
01/16/2010,HSA,MS,ASO,CE,Federal Contract Tower,0,0,3,0,3,0,0,0,0,0,0,0,3,0,3,0,0,0,3
01/17/2010,HSA,MS,ASO,CE,Federal Contract Tower,0,0,5,0,5,0,0,23,0,23,0,0,28,0,28,0,0,0,28
01/18/2010,HSA,MS,ASO,CE,Federal Contract Tower,0,0,5,0,5,0,0,50,0,50,0,0,55,0,55,15,0,15,70
01/19/2010,HSA,MS,ASO,CE,Federal Contract Tower,0,0,26,6,32,0,0,47,0,47,0,0,73,6,79,30,33,63,142
01/20/2010,HSA,MS,ASO,CE,Federal Contract Tower,0,1,5,1,7,0,0,0,0,0,0,1,5,1,7,0,0,0,7
01/21/2010,HSA,MS,ASO,CE,Federal Contract Tower,0,1,9,22,32,0,0,21,2,23,0,1,30,24,55,28,30,58,113
01/22/2010,HSA,MS,ASO,CE,Federal Contract Tower,0,0,18,17,35,0,0,29,5,34,0,0,47,22,69,27,0,27,96
01/23/2010,HSA,MS,ASO,CE,Federal Contract Tower,0,0,7,2,9,0,0,8,0,8,0,0,15,2,17,5,0,5,22
01/24/2010,HSA,MS,ASO,CE,Federal Contract Tower,0,0,0,3,3,0,0,8,1,9,0,0,8,4,12,0,0,0,12
01/25/2010,HSA,MS,ASO,CE,Federal Contract Tower,0,0,0,2,2,0,0,12,0,12,0,0,12,2,14,8,0,8,22
01/26/2010,HSA,MS,ASO,CE,Federal Contract Tower,0,0,6,5,11,0,0,13,25,38,0,0,19,30,49,2,20,22,71
01/27/2010,HSA,MS,ASO,CE,Federal Contract Tower,0,0,11,30,41,0,0,27,16,43,0,0,38,46,84,47,67,114,198
01/28/2010,HSA,MS,ASO,CE,Federal Contract Tower,0,0,2,11,13,0,0,17,2,19,0,0,19,13,32,29,26,55,87
01/29/2010,HSA,MS,ASO,CE,Federal Contract Tower,0,0,2,2,4,0,0,1,0,1,0,0,3,2,5,0,0,0,5
01/30/2010,HSA,MS,ASO,CE,Federal Contract Tower,0,0,2,9,11,0,0,0,0,0,0,0,2,9,11,0,0,0,11
01/31/2010,HSA,MS,ASO,CE,Federal Contract Tower,0,0,1,10,11,0,0,29,6,35,0,0,30,16,46,4,2,6,52
02/01/2010,HSA,MS,ASO,CE,Federal Contract Tower,0,0,0,6,6,0,0,5,6,11,0,0,5,12,17,0,36,36,53
02/02/2010,HSA,MS,ASO,CE,Federal Contract Tower,0,0,7,32,39,0,0,8,21,29,0,0,15,53,68,26,47,73,141
02/03/2010,HSA,MS,ASO,CE,Federal Contract Tower,0,0,7,27,34,0,0,23,19,42,0,0,30,46,76,29,80,109,185
02/04/2010,HSA,MS,ASO,CE,Federal Contract Tower,0,1,1,0,2,0,0,0,0,0,0,1,1,0,2,0,0,0,2
02/05/2010,HSA,MS,ASO,CE,Federal Contract Tower,0,0,13,6,19,0,0,8,2,10,0,0,21,8,29,0,46,46,75
02/06/2010,HSA,MS,ASO,CE,Federal Contract Tower,0,0,3,0,3,0,0,17,0,17,0,0,20,0,20,4,0,4,24
02/07/2010,HSA,MS,ASO,CE,Federal Contract Tower,0,0,1,0,1,0,0,12,0,12,0,0,13,0,13,24,0,24,37
02/08/2010,HSA,MS,ASO,CE,Federal Contract Tower,0,0,7,9,16,0,0,13,4,17,0,0,20,13,33,8,94,102,135
02/09/2010,HSA,MS,ASO,CE,Federal Contract Tower,0,0,2,2,4,0,0,0,4,4,0,0,2,6,8,0,72,72,80
02/10/2010,HSA,MS,ASO,CE,Federal Contract Tower,0,0,10,0,10,0,0,18,3,21,0,0,28,3,31,36,24,60,91
02/11/2010,HSA,MS,ASO,CE,Federal Contract Tower,0,0,2,4,6,0,0,20,3,23,0,0,22,7,29,8,20,28,57
02/12/2010,HSA,MS,ASO,CE,Federal Contract Tower,0,0,2,0,2,0,0,2,0,2,0,0,4,0,4,0,0,0,4
02/13/2010,HSA,MS,ASO,CE,Federal Contract Tower,0,0,0,0,0,0,0,18,0,18,0,0,18,0,18,28,0,28,46
02/14/2010,HSA,MS,ASO,CE,Federal Contract Tower,0,1,7,0,8,0,0,14,0,14,0,1,21,0,22,28,0,28,50
02/15/2010,HSA,MS,ASO,CE,Federal Contract Tower,0,1,1,0,2,0,0,2,2,4,0,1,3,2,6,10,12,22,28
02/16/2010,HSA,MS,ASO,CE,Federal Contract Tower,0,0,0,23,23,0,0,11,3,14,0,0,11,26,37,15,52,67,104
02/17/2010,HSA,MS,ASO,CE,Federal Contract Tower,0,0,3,2,5,0,0,27,22,49,0,0,30,24,54,31,22,53,107
02/18/2010,HSA,MS,ASO,CE,Federal Contract Tower,0,0,0,23,23,0,0,18,21,39,0,0,18,44,62,6,128,134,196
02/19/2010,HSA,MS,ASO,CE,Federal Contract Tower,0,0,4,12,16,0,0,12,2,14,0,0,16,14,30,4,18,22,52
02/20/2010,HSA,MS,ASO,CE,Federal Contract Tower,0,0,6,1,7,0,0,16,16,32,0,0,22,17,39,8,84,92,131
02/21/2010,HSA,MS,ASO,CE,Federal Contract Tower,0,0,3,4,7,0,0,13,2,15,0,0,16,6,22,10,42,52,74
02/22/2010,HSA,MS,ASO,CE,Federal Contract Tower,0,0,1,3,4,0,0,6,10,16,0,0,7,13,20,0,48,48,68
02/23/2010,HSA,MS,ASO,CE,Federal Contract Tower,0,0,3,2,5,0,0,4,6,10,0,0,7,8,15,27,24,51,66
02/24/2010,HSA,MS,ASO,CE,Federal Contract Tower,0,2,1,13,16,0,0,9,9,18,0,2,10,22,34,6,82,88,122
02/25/2010,HSA,MS,ASO,CE,Federal Contract Tower,0,0,5,6,11,0,0,24,25,49,0,0,29,31,60,16,110,126,186
02/26/2010,HSA,MS,ASO,CE,Federal Contract Tower,0,0,2,11,13,0,0,38,17,55,0,0,40,28,68,38,124,162,230
02/27/2010,HSA,MS,ASO,CE,Federal Contract Tower,0,0,7,1,8,0,0,12,12,24,0,0,19,13,32,20,16,36,68
02/28/2010,HSA,MS,ASO,CE,Federal Contract Tower,0,0,4,1,5,0,0,33,14,47,0,0,37,15,52,16,72,88,140
03/01/2010,HSA,MS,ASO,CE,Federal Contract Tower,0,0,6,2,8,0,0,11,0,11,0,0,17,2,19,4,0,4,23
03/02/2010,HSA,MS,ASO,CE,Federal Contract Tower,0,0,2,2,4,0,0,3,8,11,0,0,5,10,15,14,32,46,61
03/03/2010,HSA,MS,ASO,CE,Federal Contract Tower,0,0,0,3,3,0,0,18,8,26,0,0,18,11,29,34,42,76,105
03/04/2010,HSA,MS,ASO,CE,Federal Contract Tower,0,0,2,12,14,0,0,40,0,40,0,0,42,12,54,28,10,38,92
03/05/2010,HSA,MS,ASO,CE,Federal Contract Tower,0,2,6,21,29,0,0,26,11,37,0,2,32,32,66,14,56,70,136
03/06/2010,HSA,MS,ASO,CE,Federal Contract Tower,0,0,6,0,6,0,0,39,2,41,0,0,45,2,47,18,8,26,73
03/07/2010,HSA,MS,ASO,CE,Federal Contract Tower,0,0,3,0,3,0,0,31,0,31,0,0,34,0,34,48,0,48,82
03/08/2010,HSA,MS,ASO,CE,Federal Contract Tower,0,0,5,18,23,0,0,10,2,12,0,0,15,20,35,28,68,96,131
03/09/2010,HSA,MS,ASO,CE,Federal Contract Tower,0,0,1,34,35,0,0,3,7,10,0,0,4,41,45,0,47,47,92
03/10/2010,HSA,MS,ASO,CE,Federal Contract Tower,0,0,4,2,6,0,0,9,0,9,0,0,13,2,15,18,0,18,33
03/11/2010,HSA,MS,ASO,CE,Federal Contract Tower,0,0,14,8,22,0,0,10,8,18,0,0,24,16,40,18,12,30,70
03/12/2010,HSA,MS,ASO,CE,Federal Contract Tower,0,0,6,12,18,0,0,30,15,45,0,0,36,27,63,12,92,104,167
03/13/2010,HSA,MS,ASO,CE,Federal Contract Tower,0,0,3,0,3,0,0,14,0,14,0,0,17,0,17,30,0,30,47
03/14/2010,HSA,MS,ASO,CE,Federal Contract Tower,0,0,5,0,5,0,0,21,0,21,0,0,26,0,26,36,0,36,62
03/15/2010,HSA,MS,ASO,CE,Federal Contract Tower,0,0,1,2,3,0,0,12,2,14,0,0,13,4,17,9,9,18,35
03/16/2010,HSA,MS,ASO,CE,Federal Contract Tower,0,0,3,2,5,0,0,13,18,31,0,0,16,20,36,18,48,66,102
03/17/2010,HSA,MS,ASO,CE,Federal Contract Tower,0,0,4,24,28,0,0,11,4,15,0,0,15,28,43,17,68,85,128
03/18/2010,HSA,MS,ASO,CE,Federal Contract Tower,0,0,7,16,23,0,0,16,20,36,0,0,23,36,59,38,56,94,153
03/19/2010,HSA,MS,ASO,CE,Federal Contract Tower,0,0,5,0,5,0,0,37,0,37,0,0,42,0,42,20,0,20,62
03/20/2010,HSA,MS,ASO,CE,Federal Contract Tower,0,0,3,2,5,0,0,10,0,10,0,0,13,2,15,0,0,0,15
03/21/2010,HSA,MS,ASO,CE,Federal Contract Tower,0,0,2,0,2,0,0,10,0,10,0,0,12,0,12,12,0,12,24
03/22/2010,HSA,MS,ASO,CE,Federal Contract Tower,0,0,13,6,19,0,0,6,13,19,0,0,19,19,38,16,24,40,78
03/23/2010,HSA,MS,ASO,CE,Federal Contract Tower,0,0,2,17,19,0,0,14,38,52,0,0,16,55,71,8,50,58,129
03/24/2010,HSA,MS,ASO,CE,Federal Contract Tower,0,0,2,12,14,0,0,89,6,95,0,0,91,18,109,30,46,76,185
03/25/2010,HSA,MS,ASO,CE,Federal Contract Tower,0,0,4,21,25,0,0,80,20,100,0,0,84,41,125,8,31,39,164
03/26/2010,HSA,MS,ASO,CE,Federal Contract Tower,0,0,1,15,16,0,0,27,8,35,0,0,28,23,51,36,63,99,150
03/27/2010,HSA,MS,ASO,CE,Federal Contract Tower,0,0,8,8,16,0,0,17,1,18,0,0,25,9,34,31,23,54,88
03/28/2010,HSA,MS,ASO,CE,Federal Contract Tower,0,0,0,4,4,0,0,0,0,0,0,0,0,4,4,28,0,28,32
03/29/2010,HSA,MS,ASO,CE,Federal Contract Tower,0,0,3,12,15,0,0,23,1,24,0,0,26,13,39,12,44,56,95
03/30/2010,HSA,MS,ASO,CE,Federal Contract Tower,0,0,5,25,30,0,0,15,15,30,0,0,20,40,60,16,73,89,149
03/31/2010,HSA,MS,ASO,CE,Federal Contract Tower,0,0,7,25,32,0,0,30,5,35,0,0,37,30,67,35,26,61,128
04/01/2010,HSA,MS,ASO,CE,Federal Contract Tower,0,0,8,7,15,0,0,30,22,52,0,0,38,29,67,30,44,74,141
04/02/2010,HSA,MS,ASO,CE,Federal Contract Tower,0,0,7,5,12,0,0,28,0,28,0,0,35,5,40,32,0,32,72
04/03/2010,HSA,MS,ASO,CE,Federal Contract Tower,0,0,1,1,2,0,0,10,0,10,0,0,11,1,12,8,2,10,22
04/04/2010,HSA,MS,ASO,CE,Federal Contract Tower,0,0,7,0,7,0,0,7,0,7,0,0,14,0,14,8,0,8,22
04/05/2010,HSA,MS,ASO,CE,Federal Contract Tower,0,0,6,4,10,0,0,12,0,12,0,0,18,4,22,47,20,67,89
04/06/2010,HSA,MS,ASO,CE,Federal Contract Tower,0,0,2,16,18,0,0,23,32,55,0,0,25,48,73,8,28,36,109
04/07/2010,HSA,MS,ASO,CE,Federal Contract Tower,0,0,1,40,41,0,0,6,2,8,0,0,7,42,49,20,38,58,107
04/08/2010,HSA,MS,ASO,CE,Federal Contract Tower,0,0,10,10,20,0,0,6,52,58,0,0,16,62,78,0,14,14,92
04/09/2010,HSA,MS,ASO,CE,Federal Contract Tower,0,0,0,2,2,0,0,28,1,29,0,0,28,3,31,20,14,34,65
04/10/2010,HSA,MS,ASO,CE,Federal Contract Tower,0,0,1,6,7,0,0,34,0,34,0,0,35,6,41,30,0,30,71
04/11/2010,HSA,MS,ASO,CE,Federal Contract Tower,0,0,9,2,11,0,0,12,0,12,0,0,21,2,23,6,23,29,52
04/12/2010,HSA,MS,ASO,CE,Federal Contract Tower,0,0,2,3,5,0,0,20,2,22,0,0,22,5,27,58,8,66,93
04/13/2010,HSA,MS,ASO,CE,Federal Contract Tower,0,0,3,16,19,0,0,18,16,34,0,0,21,32,53,4,16,20,73
04/14/2010,HSA,MS,ASO,CE,Federal Contract Tower,0,0,9,17,26,0,0,23,6,29,0,0,32,23,55,2,22,24,79
04/15/2010,HSA,MS,ASO,CE,Federal Contract Tower,0,0,5,19,24,0,0,17,2,19,0,0,22,21,43,0,42,42,85
04/16/2010,HSA,MS,ASO,CE,Federal Contract Tower,0,0,2,0,2,0,0,15,0,15,0,0,17,0,17,20,0,20,37
04/17/2010,HSA,MS,ASO,CE,Federal Contract Tower,0,0,5,0,5,0,0,19,0,19,0,0,24,0,24,43,0,43,67
04/18/2010,HSA,MS,ASO,CE,Federal Contract Tower,0,0,7,0,7,0,0,19,0,19,0,0,26,0,26,9,18,27,53
04/19/2010,HSA,MS,ASO,CE,Federal Contract Tower,0,2,1,12,15,0,0,12,6,18,0,2,13,18,33,0,70,70,103
04/20/2010,HSA,MS,ASO,CE,Federal Contract Tower,0,0,2,14,16,0,0,7,10,17,0,0,9,24,33,18,46,64,97
04/21/2010,HSA,MS,ASO,CE,Federal Contract Tower,0,0,10,18,28,0,0,24,8,32,0,0,34,26,60,37,50,87,147
04/22/2010,HSA,MS,ASO,CE,Federal Contract Tower,0,0,3,25,28,0,0,10,3,13,0,0,13,28,41,22,48,70,111
04/23/2010,HSA,MS,ASO,CE,Federal Contract Tower,0,0,3,0,3,0,0,7,2,9,0,0,10,2,12,6,0,6,18
04/24/2010,HSA,MS,ASO,CE,Federal Contract Tower,0,0,1,0,1,0,0,0,0,0,0,0,1,0,1,0,0,0,1
04/25/2010,HSA,MS,ASO,CE,Federal Contract Tower,0,0,5,0,5,0,0,36,0,36,0,0,41,0,41,41,0,41,82
04/26/2010,HSA,MS,ASO,CE,Federal Contract Tower,0,0,4,7,11,0,0,20,2,22,0,0,24,9,33,6,23,29,62
04/27/2010,HSA,MS,ASO,CE,Federal Contract Tower,0,0,8,14,22,0,0,33,12,45,0,0,41,26,67,6,20,26,93
04/28/2010,HSA,MS,ASO,CE,Federal Contract Tower,0,0,10,10,20,0,0,67,9,76,0,0,77,19,96,10,28,38,134
04/29/2010,HSA,MS,ASO,CE,Federal Contract Tower,0,0,17,14,31,0,0,43,4,47,0,0,60,18,78,4,18,22,100
04/30/2010,HSA,MS,ASO,CE,Federal Contract Tower,0,0,12,0,12,0,0,2,0,2,0,0,14,0,14,0,0,0,14
05/01/2010,HSA,MS,ASO,CE,Federal Contract Tower,0,0,12,8,20,0,0,3,0,3,0,0,15,8,23,0,0,0,23
05/02/2010,HSA,MS,ASO,CE,Federal Contract Tower,0,0,8,3,11,0,0,0,0,0,0,0,8,3,11,0,0,0,11
05/03/2010,HSA,MS,ASO,CE,Federal Contract Tower,0,0,14,13,27,0,0,13,0,13,0,0,27,13,40,2,0,2,42
05/04/2010,HSA,MS,ASO,CE,Federal Contract Tower,0,0,18,21,39,0,0,46,20,66,0,0,64,41,105,14,66,80,185
05/05/2010,HSA,MS,ASO,CE,Federal Contract Tower,0,0,12,25,37,0,0,67,25,92,0,0,79,50,129,32,35,67,196
05/06/2010,HSA,MS,ASO,CE,Federal Contract Tower,0,0,6,17,23,0,0,53,35,88,0,0,59,52,111,29,74,103,214
05/07/2010,HSA,MS,ASO,CE,Federal Contract Tower,0,0,10,7,17,0,0,43,8,51,0,0,53,15,68,22,16,38,106
05/08/2010,HSA,MS,ASO,CE,Federal Contract Tower,0,0,17,4,21,0,0,52,12,64,0,0,69,16,85,8,0,8,93
05/09/2010,HSA,MS,ASO,CE,Federal Contract Tower,0,0,2,2,4,0,0,63,19,82,0,0,65,21,86,18,0,18,104
05/10/2010,HSA,MS,ASO,CE,Federal Contract Tower,0,0,9,37,46,0,0,62,23,85,0,0,71,60,131,14,85,99,230
05/11/2010,HSA,MS,ASO,CE,Federal Contract Tower,0,0,21,30,51,0,0,23,19,42,0,0,44,49,93,0,94,94,187
05/12/2010,HSA,MS,ASO,CE,Federal Contract Tower,0,0,21,22,43,0,0,34,14,48,0,0,55,36,91,0,28,28,119
05/13/2010,HSA,MS,ASO,CE,Federal Contract Tower,0,0,17,26,43,0,0,46,28,74,0,0,63,54,117,0,47,47,164
05/14/2010,HSA,MS,ASO,CE,Federal Contract Tower,0,0,12,9,21,0,0,59,13,72,0,0,71,22,93,12,14,26,119
05/15/2010,HSA,MS,ASO,CE,Federal Contract Tower,0,2,5,0,7,0,0,26,7,33,0,2,31,7,40,10,0,10,50
05/16/2010,HSA,MS,ASO,CE,Federal Contract Tower,0,2,6,0,8,0,0,10,0,10,0,2,16,0,18,12,0,12,30
05/17/2010,HSA,MS,ASO,CE,Federal Contract Tower,0,0,4,22,26,0,0,35,3,38,0,0,39,25,64,12,32,44,108
05/18/2010,HSA,MS,ASO,CE,Federal Contract Tower,0,0,5,0,5,0,0,22,0,22,0,0,27,0,27,0,0,0,27
05/19/2010,HSA,MS,ASO,CE,Federal Contract Tower,0,0,3,19,22,0,0,36,3,39,0,0,39,22,61,24,32,56,117
05/20/2010,HSA,MS,ASO,CE,Federal Contract Tower,0,0,2,15,17,0,0,32,6,38,0,0,34,21,55,8,20,28,83
05/21/2010,HSA,MS,ASO,CE,Federal Contract Tower,0,0,10,0,10,0,0,53,9,62,0,0,63,9,72,0,0,0,72
05/22/2010,HSA,MS,ASO,CE,Federal Contract Tower,0,0,4,3,7,0,0,72,14,86,0,0,76,17,93,72,0,72,165
05/23/2010,HSA,MS,ASO,CE,Federal Contract Tower,0,0,7,0,7,0,0,55,4,59,0,0,62,4,66,2,0,2,68
05/24/2010,HSA,MS,ASO,CE,Federal Contract Tower,0,0,4,9,13,0,0,28,2,30,0,0,32,11,43,8,12,20,63
05/25/2010,HSA,MS,ASO,CE,Federal Contract Tower,0,0,5,0,5,0,0,30,14,44,0,0,35,14,49,22,4,26,75
05/26/2010,HSA,MS,ASO,CE,Federal Contract Tower,0,0,8,0,8,0,0,40,0,40,0,0,48,0,48,52,0,52,100
05/27/2010,HSA,MS,ASO,CE,Federal Contract Tower,0,1,2,10,13,0,0,34,11,45,0,1,36,21,58,4,19,23,81
05/28/2010,HSA,MS,ASO,CE,Federal Contract Tower,0,0,4,8,12,0,0,33,5,38,0,0,37,13,50,14,20,34,84
05/29/2010,HSA,MS,ASO,CE,Federal Contract Tower,0,0,2,0,2,0,0,30,0,30,0,0,32,0,32,8,0,8,40
05/30/2010,HSA,MS,ASO,CE,Federal Contract Tower,0,2,3,0,5,0,0,25,4,29,0,2,28,4,34,0,0,0,34
05/31/2010,HSA,MS,ASO,CE,Federal Contract Tower,0,0,7,0,7,0,0,28,6,34,0,0,35,6,41,2,0,2,43
06/01/2010,HSA,MS,ASO,CE,Federal Contract Tower,0,0,9,0,9,0,0,14,0,14,0,0,23,0,23,0,0,0,23
06/02/2010,HSA,MS,ASO,CE,Federal Contract Tower,0,0,0,23,23,0,0,34,7,41,0,0,34,30,64,42,36,78,142
06/03/2010,HSA,MS,ASO,CE,Federal Contract Tower,0,0,5,16,21,0,0,29,8,37,0,0,34,24,58,0,24,24,82
06/04/2010,HSA,MS,ASO,CE,Federal Contract Tower,0,0,2,11,13,0,0,28,3,31,0,0,30,14,44,9,17,26,70
06/05/2010,HSA,MS,ASO,CE,Federal Contract Tower,0,0,7,0,7,0,0,40,0,40,0,0,47,0,47,12,0,12,59
06/06/2010,HSA,MS,ASO,CE,Federal Contract Tower,0,0,8,0,8,0,0,18,0,18,0,0,26,0,26,8,0,8,34
06/07/2010,HSA,MS,ASO,CE,Federal Contract Tower,0,0,11,0,11,0,0,54,4,58,0,0,65,4,69,12,0,12,81
06/08/2010,HSA,MS,ASO,CE,Federal Contract Tower,0,0,14,11,25,0,0,46,17,63,0,0,60,28,88,24,45,69,157
06/09/2010,HSA,MS,ASO,CE,Federal Contract Tower,0,0,10,13,23,0,0,45,2,47,0,0,55,15,70,68,32,100,170
06/10/2010,HSA,MS,ASO,CE,Federal Contract Tower,0,0,8,2,10,0,0,53,26,79,0,0,61,28,89,19,23,42,131
06/11/2010,HSA,MS,ASO,CE,Federal Contract Tower,0,0,11,11,22,0,0,44,2,46,0,0,55,13,68,14,25,39,107
06/12/2010,HSA,MS,ASO,CE,Federal Contract Tower,0,0,2,0,2,0,0,50,0,50,0,0,52,0,52,40,0,40,92
06/13/2010,HSA,MS,ASO,CE,Federal Contract Tower,0,0,7,0,7,0,0,58,0,58,0,0,65,0,65,60,0,60,125
06/14/2010,HSA,MS,ASO,CE,Federal Contract Tower,0,0,4,0,4,0,0,25,0,25,0,0,29,0,29,0,4,4,33
06/15/2010,HSA,MS,ASO,CE,Federal Contract Tower,0,0,7,19,26,0,0,44,25,69,0,0,51,44,95,30,48,78,173
06/16/2010,HSA,MS,ASO,CE,Federal Contract Tower,0,0,7,1,8,0,0,48,2,50,0,0,55,3,58,26,0,26,84
06/17/2010,HSA,MS,ASO,CE,Federal Contract Tower,0,0,4,1,5,0,0,33,23,56,0,0,37,24,61,0,18,18,79
06/18/2010,HSA,MS,ASO,CE,Federal Contract Tower,0,0,6,6,12,0,0,44,0,44,0,0,50,6,56,4,12,16,72
06/19/2010,HSA,MS,ASO,CE,Federal Contract Tower,0,0,4,0,4,0,0,49,0,49,0,0,53,0,53,22,0,22,75
06/20/2010,HSA,MS,ASO,CE,Federal Contract Tower,0,0,5,2,7,0,0,39,0,39,0,0,44,2,46,10,0,10,56
06/21/2010,HSA,MS,ASO,CE,Federal Contract Tower,0,0,6,8,14,0,0,52,0,52,0,0,58,8,66,38,6,44,110
06/22/2010,HSA,MS,ASO,CE,Federal Contract Tower,0,0,3,20,23,0,0,22,8,30,0,0,25,28,53,26,48,74,127
06/23/2010,HSA,MS,ASO,CE,Federal Contract Tower,0,0,3,7,10,0,0,36,2,38,0,0,39,9,48,24,16,40,88
06/24/2010,HSA,MS,ASO,CE,Federal Contract Tower,0,0,10,1,11,0,0,57,3,60,0,0,67,4,71,28,8,36,107
06/25/2010,HSA,MS,ASO,CE,Federal Contract Tower,0,0,5,0,5,0,0,38,46,84,0,0,43,46,89,0,0,0,89
06/26/2010,HSA,MS,ASO,CE,Federal Contract Tower,0,0,1,0,1,0,0,52,37,89,0,0,53,37,90,2,0,2,92
06/27/2010,HSA,MS,ASO,CE,Federal Contract Tower,0,0,7,1,8,0,0,32,0,32,0,0,39,1,40,6,0,6,46
06/28/2010,HSA,MS,ASO,CE,Federal Contract Tower,0,0,1,6,7,0,0,0,0,0,0,0,1,6,7,6,0,6,13
06/29/2010,HSA,MS,ASO,CE,Federal Contract Tower,0,0,4,0,4,0,0,8,4,12,0,0,12,4,16,0,14,14,30
06/30/2010,HSA,MS,ASO,CE,Federal Contract Tower,0,0,0,8,8,0,0,17,3,20,0,0,17,11,28,0,26,26,54
07/01/2010,HSA,MS,ASO,CE,Federal Contract Tower,0,0,1,4,5,0,0,35,1,36,0,0,36,5,41,0,0,0,41
07/02/2010,HSA,MS,ASO,CE,Federal Contract Tower,0,0,3,0,3,0,0,48,0,48,0,0,51,0,51,20,0,20,71
07/03/2010,HSA,MS,ASO,CE,Federal Contract Tower,0,0,3,0,3,0,0,29,0,29,0,0,32,0,32,20,0,20,52
07/04/2010,HSA,MS,ASO,CE,Federal Contract Tower,0,0,1,0,1,0,0,29,0,29,0,0,30,0,30,9,0,9,39
07/05/2010,HSA,MS,ASO,CE,Federal Contract Tower,0,0,6,0,6,0,0,17,0,17,0,0,23,0,23,0,0,0,23
07/06/2010,HSA,MS,ASO,CE,Federal Contract Tower,0,0,5,11,16,0,0,2,11,13,0,0,7,22,29,0,24,24,53
07/07/2010,HSA,MS,ASO,CE,Federal Contract Tower,0,0,7,8,15,0,0,35,0,35,0,0,42,8,50,4,0,4,54
07/08/2010,HSA,MS,ASO,CE,Federal Contract Tower,0,0,5,18,23,0,0,46,18,64,0,0,51,36,87,20,16,36,123
07/09/2010,HSA,MS,ASO,CE,Federal Contract Tower,0,0,7,13,20,0,0,53,2,55,0,0,60,15,75,26,14,40,115
07/10/2010,HSA,MS,ASO,CE,Federal Contract Tower,0,0,9,0,9,0,0,38,0,38,0,0,47,0,47,18,0,18,65
07/11/2010,HSA,MS,ASO,CE,Federal Contract Tower,0,0,4,2,6,0,0,34,0,34,0,0,38,2,40,0,0,0,40
07/12/2010,HSA,MS,ASO,CE,Federal Contract Tower,0,0,4,20,24,0,0,42,0,42,0,0,46,20,66,3,14,17,83
07/13/2010,HSA,MS,ASO,CE,Federal Contract Tower,0,0,5,16,21,0,0,32,3,35,0,0,37,19,56,2,32,34,90
07/14/2010,HSA,MS,ASO,CE,Federal Contract Tower,0,0,0,34,34,0,0,43,14,57,0,0,43,48,91,36,46,82,173
07/15/2010,HSA,MS,ASO,CE,Federal Contract Tower,0,0,3,45,48,0,0,34,22,56,0,0,37,67,104,8,110,118,222
07/16/2010,HSA,MS,ASO,CE,Federal Contract Tower,0,0,7,10,17,0,0,15,18,33,0,0,22,28,50,12,14,26,76
07/17/2010,HSA,MS,ASO,CE,Federal Contract Tower,0,0,6,0,6,0,0,39,0,39,0,0,45,0,45,18,0,18,63
07/18/2010,HSA,MS,ASO,CE,Federal Contract Tower,0,0,5,0,5,0,0,27,0,27,0,0,32,0,32,4,0,4,36
07/19/2010,HSA,MS,ASO,CE,Federal Contract Tower,0,0,3,2,5,0,0,21,0,21,0,0,24,2,26,4,0,4,30
07/20/2010,HSA,MS,ASO,CE,Federal Contract Tower,0,0,5,9,14,0,0,15,5,20,0,0,20,14,34,0,10,10,44
07/21/2010,HSA,MS,ASO,CE,Federal Contract Tower,0,0,5,25,30,0,0,32,7,39,0,0,37,32,69,22,76,98,167
07/22/2010,HSA,MS,ASO,CE,Federal Contract Tower,0,0,19,18,37,0,0,37,11,48,0,0,56,29,85,20,36,56,141
07/23/2010,HSA,MS,ASO,CE,Federal Contract Tower,0,0,5,2,7,0,0,25,0,25,0,0,30,2,32,12,0,12,44
07/24/2010,HSA,MS,ASO,CE,Federal Contract Tower,0,0,6,0,6,0,0,11,0,11,0,0,17,0,17,0,0,0,17
07/25/2010,HSA,MS,ASO,CE,Federal Contract Tower,0,0,4,2,6,0,0,3,0,3,0,0,7,2,9,2,2,4,13
07/26/2010,HSA,MS,ASO,CE,Federal Contract Tower,0,0,11,0,11,0,0,7,0,7,0,0,18,0,18,0,0,0,18
07/27/2010,HSA,MS,ASO,CE,Federal Contract Tower,0,0,0,15,15,0,0,20,20,40,0,0,20,35,55,10,56,66,121
07/28/2010,HSA,MS,ASO,CE,Federal Contract Tower,0,0,1,17,18,0,0,32,19,51,0,0,33,36,69,34,38,72,141
07/29/2010,HSA,MS,ASO,CE,Federal Contract Tower,0,0,9,20,29,0,0,20,11,31,0,0,29,31,60,6,80,86,146
07/30/2010,HSA,MS,ASO,CE,Federal Contract Tower,0,0,6,4,10,0,0,31,3,34,0,0,37,7,44,31,26,57,101
07/31/2010,HSA,MS,ASO,CE,Federal Contract Tower,0,2,8,0,10,0,0,38,0,38,0,2,46,0,48,36,0,36,84
08/01/2010,HSA,MS,ASO,CE,Federal Contract Tower,0,0,6,2,8,0,0,29,0,29,0,0,35,2,37,32,0,32,69
08/02/2010,HSA,MS,ASO,CE,Federal Contract Tower,0,0,3,25,28,0,0,23,1,24,0,0,26,26,52,14,42,56,108
08/03/2010,HSA,MS,ASO,CE,Federal Contract Tower,0,0,3,7,10,0,0,23,19,42,0,0,26,26,52,2,38,40,92
08/04/2010,HSA,MS,ASO,CE,Federal Contract Tower,0,0,0,2,2,0,0,28,0,28,0,0,28,2,30,0,0,0,30
08/05/2010,HSA,MS,ASO,CE,Federal Contract Tower,0,0,7,8,15,0,0,33,1,34,0,0,40,9,49,16,10,26,75
08/06/2010,HSA,MS,ASO,CE,Federal Contract Tower,0,0,14,2,16,0,0,18,0,18,0,0,32,2,34,6,0,6,40
08/07/2010,HSA,MS,ASO,CE,Federal Contract Tower,0,0,8,2,10,0,0,23,0,23,0,0,31,2,33,20,18,38,71
08/08/2010,HSA,MS,ASO,CE,Federal Contract Tower,0,0,5,1,6,0,0,24,0,24,0,0,29,1,30,22,0,22,52
08/09/2010,HSA,MS,ASO,CE,Federal Contract Tower,0,0,6,0,6,0,0,18,0,18,0,0,24,0,24,16,6,22,46
08/10/2010,HSA,MS,ASO,CE,Federal Contract Tower,0,0,2,4,6,0,0,22,26,48,0,0,24,30,54,0,96,96,150
08/11/2010,HSA,MS,ASO,CE,Federal Contract Tower,0,0,3,22,25,0,0,19,18,37,0,0,22,40,62,18,92,110,172
08/12/2010,HSA,MS,ASO,CE,Federal Contract Tower,0,0,3,0,3,0,0,9,0,9,0,0,12,0,12,0,0,0,12
08/13/2010,HSA,MS,ASO,CE,Federal Contract Tower,0,0,1,26,27,0,0,14,40,54,0,0,15,66,81,14,46,60,141
08/14/2010,HSA,MS,ASO,CE,Federal Contract Tower,0,0,1,0,1,0,0,11,0,11,0,0,12,0,12,10,0,10,22
08/15/2010,HSA,MS,ASO,CE,Federal Contract Tower,0,0,1,2,3,0,0,25,1,26,0,0,26,3,29,6,10,16,45
08/16/2010,HSA,MS,ASO,CE,Federal Contract Tower,0,0,4,14,18,0,0,24,4,28,0,0,28,18,46,14,38,52,98
08/17/2010,HSA,MS,ASO,CE,Federal Contract Tower,0,0,1,25,26,0,0,3,19,22,0,0,4,44,48,0,62,62,110
08/18/2010,HSA,MS,ASO,CE,Federal Contract Tower,0,0,3,15,18,0,0,27,0,27,0,0,30,15,45,31,44,75,120
08/19/2010,HSA,MS,ASO,CE,Federal Contract Tower,0,1,4,12,17,0,0,27,16,43,0,1,31,28,60,14,40,54,114
08/20/2010,HSA,MS,ASO,CE,Federal Contract Tower,0,1,6,9,16,0,0,27,5,32,0,1,33,14,48,8,54,62,110
08/21/2010,HSA,MS,ASO,CE,Federal Contract Tower,0,0,5,2,7,0,0,27,0,27,0,0,32,2,34,62,0,62,96
08/22/2010,HSA,MS,ASO,CE,Federal Contract Tower,0,0,19,1,20,0,0,24,0,24,0,0,43,1,44,14,0,14,58
08/23/2010,HSA,MS,ASO,CE,Federal Contract Tower,0,0,5,18,23,0,0,20,1,21,0,0,25,19,44,0,36,36,80
08/24/2010,HSA,MS,ASO,CE,Federal Contract Tower,0,0,3,10,13,0,0,29,0,29,0,0,32,10,42,5,9,14,56
08/25/2010,HSA,MS,ASO,CE,Federal Contract Tower,0,2,2,13,17,0,0,30,0,30,0,2,32,13,47,30,20,50,97
08/26/2010,HSA,MS,ASO,CE,Federal Contract Tower,0,0,5,7,12,0,0,20,2,22,0,0,25,9,34,10,52,62,96
08/27/2010,HSA,MS,ASO,CE,Federal Contract Tower,0,0,7,0,7,0,0,12,0,12,0,0,19,0,19,8,0,8,27
08/28/2010,HSA,MS,ASO,CE,Federal Contract Tower,0,0,3,0,3,0,0,0,0,0,0,0,3,0,3,0,0,0,3
08/29/2010,HSA,MS,ASO,CE,Federal Contract Tower,0,0,2,0,2,0,0,2,0,2,0,0,4,0,4,0,0,0,4
08/30/2010,HSA,MS,ASO,CE,Federal Contract Tower,3,0,0,0,3,0,0,2,0,2,3,0,2,0,5,0,0,0,5
08/31/2010,HSA,MS,ASO,CE,Federal Contract Tower,0,0,5,2,7,0,0,18,16,34,0,0,23,18,41,4,0,4,45
09/01/2010,HSA,MS,ASO,CE,Federal Contract Tower,0,0,12,27,39,0,0,30,1,31,0,0,42,28,70,62,56,118,188
09/02/2010,HSA,MS,ASO,CE,Federal Contract Tower,0,0,18,11,29,0,0,22,12,34,0,0,40,23,63,58,58,116,179
09/03/2010,HSA,MS,ASO,CE,Federal Contract Tower,0,0,10,10,20,0,0,19,1,20,0,0,29,11,40,22,26,48,88
09/04/2010,HSA,MS,ASO,CE,Federal Contract Tower,0,0,7,0,7,0,0,29,0,29,0,0,36,0,36,26,0,26,62
09/05/2010,HSA,MS,ASO,CE,Federal Contract Tower,0,0,4,0,4,0,0,27,0,27,0,0,31,0,31,5,0,5,36
09/06/2010,HSA,MS,ASO,CE,Federal Contract Tower,0,0,8,0,8,0,0,0,0,0,0,0,8,0,8,34,0,34,42
09/07/2010,HSA,MS,ASO,CE,Federal Contract Tower,0,0,4,16,20,0,0,13,1,14,0,0,17,17,34,8,56,64,98
09/08/2010,HSA,MS,ASO,CE,Federal Contract Tower,0,2,9,12,23,0,0,15,0,15,0,2,24,12,38,24,54,78,116
09/09/2010,HSA,MS,ASO,CE,Federal Contract Tower,0,0,8,4,12,0,0,19,6,25,0,0,27,10,37,6,46,52,89
09/10/2010,HSA,MS,ASO,CE,Federal Contract Tower,0,0,9,11,20,0,0,21,0,21,0,0,30,11,41,20,12,32,73
09/11/2010,HSA,MS,ASO,CE,Federal Contract Tower,0,0,3,0,3,0,0,17,4,21,0,0,20,4,24,18,10,28,52
09/12/2010,HSA,MS,ASO,CE,Federal Contract Tower,0,0,3,0,3,0,0,23,2,25,0,0,26,2,28,30,0,30,58
09/13/2010,HSA,MS,ASO,CE,Federal Contract Tower,0,0,2,4,6,0,0,26,0,26,0,0,28,4,32,10,0,10,42
09/14/2010,HSA,MS,ASO,CE,Federal Contract Tower,0,0,3,46,49,0,0,43,13,56,0,0,46,59,105,26,95,121,226
09/15/2010,HSA,MS,ASO,CE,Federal Contract Tower,0,0,3,17,20,0,0,23,2,25,0,0,26,19,45,55,69,124,169
09/16/2010,HSA,MS,ASO,CE,Federal Contract Tower,0,0,10,25,35,0,0,23,22,45,0,0,33,47,80,24,34,58,138
09/17/2010,HSA,MS,ASO,CE,Federal Contract Tower,0,0,6,2,8,0,0,36,0,36,0,0,42,2,44,24,0,24,68
09/18/2010,HSA,MS,ASO,CE,Federal Contract Tower,0,0,2,0,2,0,0,41,0,41,0,0,43,0,43,18,0,18,61
09/19/2010,HSA,MS,ASO,CE,Federal Contract Tower,0,0,9,2,11,0,0,18,0,18,0,0,27,2,29,24,0,24,53
09/20/2010,HSA,MS,ASO,CE,Federal Contract Tower,0,0,3,0,3,0,0,12,0,12,0,0,15,0,15,0,0,0,15
09/21/2010,HSA,MS,ASO,CE,Federal Contract Tower,0,0,8,17,25,0,0,22,25,47,0,0,30,42,72,4,70,74,146
09/22/2010,HSA,MS,ASO,CE,Federal Contract Tower,0,0,5,27,32,0,0,20,2,22,0,0,25,29,54,2,40,42,96
09/23/2010,HSA,MS,ASO,CE,Federal Contract Tower,0,0,6,21,27,0,0,21,9,30,0,0,27,30,57,7,66,73,130
09/24/2010,HSA,MS,ASO,CE,Federal Contract Tower,0,0,7,2,9,0,0,10,3,13,0,0,17,5,22,36,6,42,64
09/25/2010,HSA,MS,ASO,CE,Federal Contract Tower,0,0,7,0,7,0,0,28,0,28,0,0,35,0,35,33,0,33,68
09/26/2010,HSA,MS,ASO,CE,Federal Contract Tower,0,0,4,2,6,0,0,10,0,10,0,0,14,2,16,22,0,22,38
09/27/2010,HSA,MS,ASO,CE,Federal Contract Tower,0,0,1,0,1,0,0,32,1,33,0,0,33,1,34,14,12,26,60
09/28/2010,HSA,MS,ASO,CE,Federal Contract Tower,0,0,7,22,29,0,0,31,18,49,0,0,38,40,78,24,63,87,165
09/29/2010,HSA,MS,ASO,CE,Federal Contract Tower,0,0,5,15,20,0,0,20,1,21,0,0,25,16,41,26,26,52,93
09/30/2010,HSA,MS,ASO,CE,Federal Contract Tower,0,1,4,14,19,0,0,33,13,46,0,1,37,27,65,24,0,24,89
10/01/2010,HSA,MS,ASO,CE,Federal Contract Tower,0,1,2,8,11,0,0,19,2,21,0,1,21,10,32,10,38,48,80
10/02/2010,HSA,MS,ASO,CE,Federal Contract Tower,0,0,8,0,8,0,0,26,2,28,0,0,34,2,36,18,0,18,54
10/03/2010,HSA,MS,ASO,CE,Federal Contract Tower,0,0,2,2,4,0,0,17,0,17,0,0,19,2,21,10,0,10,31
10/04/2010,HSA,MS,ASO,CE,Federal Contract Tower,0,0,0,13,13,0,0,21,2,23,0,0,21,15,36,1,34,35,71
10/05/2010,HSA,MS,ASO,CE,Federal Contract Tower,0,2,2,11,15,0,0,15,18,33,0,2,17,29,48,0,42,42,90
10/06/2010,HSA,MS,ASO,CE,Federal Contract Tower,0,0,0,8,8,0,0,10,0,10,0,0,10,8,18,0,0,0,18
10/07/2010,HSA,MS,ASO,CE,Federal Contract Tower,0,0,8,3,11,0,0,19,12,31,0,0,27,15,42,14,30,44,86
10/08/2010,HSA,MS,ASO,CE,Federal Contract Tower,0,0,11,4,15,0,0,23,0,23,0,0,34,4,38,25,0,25,63
10/09/2010,HSA,MS,ASO,CE,Federal Contract Tower,0,0,4,7,11,0,0,29,1,30,0,0,33,8,41,8,6,14,55
10/10/2010,HSA,MS,ASO,CE,Federal Contract Tower,0,0,1,0,1,0,0,8,0,8,0,0,9,0,9,6,0,6,15
10/11/2010,HSA,MS,ASO,CE,Federal Contract Tower,0,0,5,0,5,0,0,14,0,14,0,0,19,0,19,23,0,23,42
10/12/2010,HSA,MS,ASO,CE,Federal Contract Tower,0,0,3,16,19,0,0,13,15,28,0,0,16,31,47,16,122,138,185
10/13/2010,HSA,MS,ASO,CE,Federal Contract Tower,0,0,5,4,9,0,0,22,3,25,0,0,27,7,34,26,0,26,60
10/14/2010,HSA,MS,ASO,CE,Federal Contract Tower,0,2,5,10,17,0,0,11,15,26,0,2,16,25,43,10,4,14,57
10/15/2010,HSA,MS,ASO,CE,Federal Contract Tower,0,3,12,12,27,0,0,23,3,26,0,3,35,15,53,28,42,70,123
10/16/2010,HSA,MS,ASO,CE,Federal Contract Tower,0,0,6,0,6,0,0,35,0,35,0,0,41,0,41,18,0,18,59
10/17/2010,HSA,MS,ASO,CE,Federal Contract Tower,0,0,4,0,4,0,0,21,0,21,0,0,25,0,25,26,0,26,51
10/18/2010,HSA,MS,ASO,CE,Federal Contract Tower,0,0,6,14,20,0,0,10,1,11,0,0,16,15,31,38,30,68,99
10/19/2010,HSA,MS,ASO,CE,Federal Contract Tower,0,0,2,19,21,0,0,13,0,13,0,0,15,19,34,31,77,108,142
10/20/2010,HSA,MS,ASO,CE,Federal Contract Tower,0,1,17,0,18,0,0,20,7,27,0,1,37,7,45,14,38,52,97
10/21/2010,HSA,MS,ASO,CE,Federal Contract Tower,0,0,9,4,13,0,0,25,8,33,0,0,34,12,46,12,8,20,66
10/22/2010,HSA,MS,ASO,CE,Federal Contract Tower,0,0,6,6,12,0,0,18,4,22,0,0,24,10,34,6,46,52,86
10/23/2010,HSA,MS,ASO,CE,Federal Contract Tower,0,0,1,0,1,0,0,23,0,23,0,0,24,0,24,31,0,31,55
10/24/2010,HSA,MS,ASO,CE,Federal Contract Tower,0,0,3,0,3,0,0,10,0,10,0,0,13,0,13,0,0,0,13
10/25/2010,HSA,MS,ASO,CE,Federal Contract Tower,0,0,6,2,8,0,0,5,0,5,0,0,11,2,13,0,0,0,13
10/26/2010,HSA,MS,ASO,CE,Federal Contract Tower,0,0,3,30,33,0,0,3,8,11,0,0,6,38,44,0,43,43,87
10/27/2010,HSA,MS,ASO,CE,Federal Contract Tower,0,0,15,0,15,0,0,12,0,12,0,0,27,0,27,4,0,4,31
10/28/2010,HSA,MS,ASO,CE,Federal Contract Tower,0,0,3,2,5,0,0,14,4,18,0,0,17,6,23,16,76,92,115
10/29/2010,HSA,MS,ASO,CE,Federal Contract Tower,0,1,8,29,38,0,0,23,3,26,0,1,31,32,64,12,60,72,136
10/30/2010,HSA,MS,ASO,CE,Federal Contract Tower,0,1,10,7,18,0,0,25,0,25,0,1,35,7,43,20,14,34,77
10/31/2010,HSA,MS,ASO,CE,Federal Contract Tower,0,0,4,0,4,0,0,21,0,21,0,0,25,0,25,8,0,8,33
11/01/2010,HSA,MS,ASO,CE,Federal Contract Tower,0,0,1,1,2,0,0,12,1,13,0,0,13,2,15,0,4,4,19
11/02/2010,HSA,MS,ASO,CE,Federal Contract Tower,0,0,3,0,3,0,0,4,0,4,0,0,7,0,7,2,0,2,9
11/03/2010,HSA,MS,ASO,CE,Federal Contract Tower,0,0,6,1,7,0,0,5,1,6,0,0,11,2,13,0,0,0,13
11/04/2010,HSA,MS,ASO,CE,Federal Contract Tower,0,0,2,17,19,0,0,14,4,18,0,0,16,21,37,0,75,75,112
11/05/2010,HSA,MS,ASO,CE,Federal Contract Tower,0,2,7,8,17,0,0,22,0,22,0,2,29,8,39,4,6,10,49
11/06/2010,HSA,MS,ASO,CE,Federal Contract Tower,0,0,5,0,5,0,0,40,0,40,0,0,45,0,45,26,0,26,71
11/07/2010,HSA,MS,ASO,CE,Federal Contract Tower,0,0,2,0,2,0,0,23,0,23,0,0,25,0,25,10,0,10,35
11/08/2010,HSA,MS,ASO,CE,Federal Contract Tower,0,0,4,21,25,0,0,10,25,35,0,0,14,46,60,0,76,76,136
11/09/2010,HSA,MS,ASO,CE,Federal Contract Tower,0,0,13,18,31,0,0,18,16,34,0,0,31,34,65,40,89,129,194
11/10/2010,HSA,MS,ASO,CE,Federal Contract Tower,0,0,3,6,9,0,0,12,0,12,0,0,15,6,21,0,0,0,21
11/11/2010,HSA,MS,ASO,CE,Federal Contract Tower,0,0,1,0,1,0,0,31,0,31,0,0,32,0,32,4,0,4,36
11/12/2010,HSA,MS,ASO,CE,Federal Contract Tower,0,1,14,0,15,0,0,30,0,30,0,1,44,0,45,38,0,38,83
11/13/2010,HSA,MS,ASO,CE,Federal Contract Tower,0,1,4,0,5,0,0,18,2,20,0,1,22,2,25,0,0,0,25
11/14/2010,HSA,MS,ASO,CE,Federal Contract Tower,0,0,7,1,8,0,0,9,1,10,0,0,16,2,18,10,0,10,28
11/15/2010,HSA,MS,ASO,CE,Federal Contract Tower,0,0,7,0,7,0,0,0,0,0,0,0,7,0,7,0,0,0,7
11/16/2010,HSA,MS,ASO,CE,Federal Contract Tower,0,0,3,32,35,0,0,8,22,30,0,0,11,54,65,0,62,62,127
11/17/2010,HSA,MS,ASO,CE,Federal Contract Tower,0,0,0,21,21,0,0,23,0,23,0,0,23,21,44,14,22,36,80
11/18/2010,HSA,MS,ASO,CE,Federal Contract Tower,0,0,4,25,29,0,0,18,8,26,0,0,22,33,55,2,16,18,73
11/19/2010,HSA,MS,ASO,CE,Federal Contract Tower,0,0,9,7,16,0,0,11,29,40,0,0,20,36,56,0,10,10,66
11/20/2010,HSA,MS,ASO,CE,Federal Contract Tower,0,0,5,2,7,0,0,14,0,14,0,0,19,2,21,14,0,14,35
11/21/2010,HSA,MS,ASO,CE,Federal Contract Tower,0,0,2,0,2,0,0,5,0,5,0,0,7,0,7,0,0,0,7
11/22/2010,HSA,MS,ASO,CE,Federal Contract Tower,0,0,2,1,3,0,0,11,10,21,0,0,13,11,24,0,0,0,24
11/23/2010,HSA,MS,ASO,CE,Federal Contract Tower,0,0,2,1,3,0,0,9,6,15,0,0,11,7,18,4,6,10,28
11/24/2010,HSA,MS,ASO,CE,Federal Contract Tower,0,0,12,5,17,0,0,14,0,14,0,0,26,5,31,18,42,60,91
11/25/2010,HSA,MS,ASO,CE,Federal Contract Tower,0,0,1,0,1,0,0,1,0,1,0,0,2,0,2,0,0,0,2
11/26/2010,HSA,MS,ASO,CE,Federal Contract Tower,0,0,2,0,2,0,0,0,0,0,0,0,2,0,2,0,0,0,2
11/27/2010,HSA,MS,ASO,CE,Federal Contract Tower,0,0,21,0,21,0,0,24,0,24,0,0,45,0,45,36,0,36,81
11/28/2010,HSA,MS,ASO,CE,Federal Contract Tower,0,0,6,0,6,0,0,12,0,12,0,0,18,0,18,2,0,2,20
11/29/2010,HSA,MS,ASO,CE,Federal Contract Tower,0,0,3,0,3,0,0,0,0,0,0,0,3,0,3,0,0,0,3
11/30/2010,HSA,MS,ASO,CE,Federal Contract Tower,0,0,1,14,15,0,0,0,0,0,0,0,1,14,15,0,42,42,57
12/01/2010,HSA,MS,ASO,CE,Federal Contract Tower,0,0,8,39,47,0,0,11,13,24,0,0,19,52,71,41,57,98,169
12/02/2010,HSA,MS,ASO,CE,Federal Contract Tower,0,0,12,20,32,0,0,9,12,21,0,0,21,32,53,48,25,73,126
12/03/2010,HSA,MS,ASO,CE,Federal Contract Tower,0,0,7,8,15,0,0,29,7,36,0,0,36,15,51,24,42,66,117
12/04/2010,HSA,MS,ASO,CE,Federal Contract Tower,0,0,3,0,3,0,0,18,0,18,0,0,21,0,21,21,0,21,42
12/05/2010,HSA,MS,ASO,CE,Federal Contract Tower,0,0,2,0,2,0,0,12,0,12,0,0,14,0,14,10,0,10,24
12/06/2010,HSA,MS,ASO,CE,Federal Contract Tower,0,0,4,17,21,0,0,14,8,22,0,0,18,25,43,12,50,62,105
12/07/2010,HSA,MS,ASO,CE,Federal Contract Tower,0,0,3,29,32,0,0,6,13,19,0,0,9,42,51,32,24,56,107
12/08/2010,HSA,MS,ASO,CE,Federal Contract Tower,0,0,8,6,14,0,0,9,4,13,0,0,17,10,27,0,26,26,53
12/09/2010,HSA,MS,ASO,CE,Federal Contract Tower,0,0,6,14,20,0,0,8,20,28,0,0,14,34,48,0,79,79,127
12/10/2010,HSA,MS,ASO,CE,Federal Contract Tower,0,0,20,9,29,0,0,16,2,18,0,0,36,11,47,11,23,34,81
12/11/2010,HSA,MS,ASO,CE,Federal Contract Tower,0,0,8,2,10,0,0,10,0,10,0,0,18,2,20,14,28,42,62
12/12/2010,HSA,MS,ASO,CE,Federal Contract Tower,0,2,2,0,4,0,0,2,2,4,0,2,4,2,8,0,20,20,28
12/13/2010,HSA,MS,ASO,CE,Federal Contract Tower,0,0,6,0,6,0,0,5,6,11,0,0,11,6,17,2,20,22,39
12/14/2010,HSA,MS,ASO,CE,Federal Contract Tower,0,0,16,22,38,0,0,8,11,19,0,0,24,33,57,6,29,35,92
12/15/2010,HSA,MS,ASO,CE,Federal Contract Tower,0,0,3,27,30,0,0,13,1,14,0,0,16,28,44,10,20,30,74
12/16/2010,HSA,MS,ASO,CE,Federal Contract Tower,0,0,7,4,11,0,0,19,11,30,0,0,26,15,41,0,38,38,79
12/17/2010,HSA,MS,ASO,CE,Federal Contract Tower,0,0,12,0,12,0,0,5,2,7,0,0,17,2,19,5,0,5,24
12/18/2010,HSA,MS,ASO,CE,Federal Contract Tower,0,0,8,0,8,0,0,10,0,10,0,0,18,0,18,8,0,8,26
12/19/2010,HSA,MS,ASO,CE,Federal Contract Tower,0,0,1,0,1,0,0,24,0,24,0,0,25,0,25,24,0,24,49
12/20/2010,HSA,MS,ASO,CE,Federal Contract Tower,0,0,6,6,12,0,0,8,6,14,0,0,14,12,26,4,32,36,62
12/21/2010,HSA,MS,ASO,CE,Federal Contract Tower,0,0,16,11,27,0,0,17,28,45,0,0,33,39,72,6,46,52,124
12/22/2010,HSA,MS,ASO,CE,Federal Contract Tower,0,0,11,9,20,0,0,7,0,7,0,0,18,9,27,6,20,26,53
12/23/2010,HSA,MS,ASO,CE,Federal Contract Tower,0,0,0,0,0,0,0,15,0,15,0,0,15,0,15,0,0,0,15
12/24/2010,HSA,MS,ASO,CE,Federal Contract Tower,0,0,8,0,8,0,0,12,0,12,0,0,20,0,20,0,0,0,20
12/25/2010,HSA,MS,ASO,CE,Federal Contract Tower,0,0,0,0,0,0,0,0,0,0,0,0,0,0,0,0,0,0,0
12/26/2010,HSA,MS,ASO,CE,Federal Contract Tower,0,0,9,0,9,0,0,0,0,0,0,0,9,0,9,0,0,0,9
12/27/2010,HSA,MS,ASO,CE,Federal Contract Tower,0,0,1,8,9,0,0,4,0,4,0,0,5,8,13,0,0,0,13
12/28/2010,HSA,MS,ASO,CE,Federal Contract Tower,0,0,5,14,19,0,0,15,0,15,0,0,20,14,34,6,31,37,71
12/29/2010,HSA,MS,ASO,CE,Federal Contract Tower,0,0,7,0,7,0,0,13,4,17,0,0,20,4,24,22,28,50,74
12/30/2010,HSA,MS,ASO,CE,Federal Contract Tower,0,0,4,2,6,0,0,3,2,5,0,0,7,4,11,20,0,20,31
12/31/2010,HSA,MS,ASO,CE,Federal Contract Tower,0,0,18,0,18,0,0,4,0,4,0,0,22,0,22,0,0,0,22
01/01/2011,HSA,MS,ASO,CE,Federal Contract Tower,0,0,3,0,3,0,0,1,0,1,0,0,4,0,4,0,0,0,4
01/02/2011,HSA,MS,ASO,CE,Federal Contract Tower,0,0,4,0,4,0,0,25,0,25,0,0,29,0,29,2,0,2,31
01/03/2011,HSA,MS,ASO,CE,Federal Contract Tower,0,0,11,1,12,0,0,19,0,19,0,0,30,1,31,0,0,0,31
01/04/2011,HSA,MS,ASO,CE,Federal Contract Tower,0,0,5,0,5,0,0,34,0,34,0,0,39,0,39,6,0,6,45
01/05/2011,HSA,MS,ASO,CE,Federal Contract Tower,0,0,4,10,14,0,0,7,0,7,0,0,11,10,21,6,40,46,67
01/06/2011,HSA,MS,ASO,CE,Federal Contract Tower,0,0,11,17,28,0,0,22,6,28,0,0,33,23,56,14,21,35,91
01/07/2011,HSA,MS,ASO,CE,Federal Contract Tower,0,0,2,4,6,0,0,25,4,29,0,0,27,8,35,12,34,46,81
01/08/2011,HSA,MS,ASO,CE,Federal Contract Tower,0,0,6,0,6,0,0,42,0,42,0,0,48,0,48,15,0,15,63
01/09/2011,HSA,MS,ASO,CE,Federal Contract Tower,0,0,11,0,11,0,0,1,0,1,0,0,12,0,12,0,0,0,12
01/10/2011,HSA,MS,ASO,CE,Federal Contract Tower,0,0,2,22,24,0,0,0,0,0,0,0,2,22,24,0,28,28,52
01/11/2011,HSA,MS,ASO,CE,Federal Contract Tower,0,0,0,25,25,0,0,8,9,17,0,0,8,34,42,2,106,108,150
01/12/2011,HSA,MS,ASO,CE,Federal Contract Tower,0,0,9,1,10,0,0,5,2,7,0,0,14,3,17,7,30,37,54
01/13/2011,HSA,MS,ASO,CE,Federal Contract Tower,0,0,4,34,38,0,0,8,1,9,0,0,12,35,47,0,90,90,137
01/14/2011,HSA,MS,ASO,CE,Federal Contract Tower,0,0,8,17,25,0,0,38,6,44,0,0,46,23,69,18,78,96,165
01/15/2011,HSA,MS,ASO,CE,Federal Contract Tower,0,0,1,0,1,0,0,43,0,43,0,0,44,0,44,30,0,30,74
01/16/2011,HSA,MS,ASO,CE,Federal Contract Tower,0,0,3,4,7,0,0,8,0,8,0,0,11,4,15,20,0,20,35
01/17/2011,HSA,MS,ASO,CE,Federal Contract Tower,0,0,6,0,6,0,0,27,0,27,0,0,33,0,33,14,0,14,47
01/18/2011,HSA,MS,ASO,CE,Federal Contract Tower,0,0,11,4,15,0,0,5,4,9,0,0,16,8,24,0,6,6,30
01/19/2011,HSA,MS,ASO,CE,Federal Contract Tower,0,0,21,13,34,0,0,18,7,25,0,0,39,20,59,8,90,98,157
01/20/2011,HSA,MS,ASO,CE,Federal Contract Tower,0,0,8,12,20,0,0,10,2,12,0,0,18,14,32,0,40,40,72
01/21/2011,HSA,MS,ASO,CE,Federal Contract Tower,0,0,15,8,23,0,0,24,2,26,0,0,39,10,49,14,8,22,71
01/22/2011,HSA,MS,ASO,CE,Federal Contract Tower,0,0,8,0,8,0,0,38,0,38,0,0,46,0,46,8,0,8,54
01/23/2011,HSA,MS,ASO,CE,Federal Contract Tower,0,0,1,0,1,0,0,11,0,11,0,0,12,0,12,30,0,30,42
01/24/2011,HSA,MS,ASO,CE,Federal Contract Tower,0,0,3,8,11,0,0,3,2,5,0,0,6,10,16,0,6,6,22
01/25/2011,HSA,MS,ASO,CE,Federal Contract Tower,0,0,5,26,31,0,0,0,0,0,0,0,5,26,31,0,0,0,31
01/26/2011,HSA,MS,ASO,CE,Federal Contract Tower,0,0,6,16,22,0,0,13,4,17,0,0,19,20,39,59,57,116,155
01/27/2011,HSA,MS,ASO,CE,Federal Contract Tower,0,0,1,32,33,0,0,17,10,27,0,0,18,42,60,8,88,96,156
01/28/2011,HSA,MS,ASO,CE,Federal Contract Tower,0,0,11,15,26,0,0,33,2,35,0,0,44,17,61,6,26,32,93
01/29/2011,HSA,MS,ASO,CE,Federal Contract Tower,0,0,7,0,7,0,0,31,0,31,0,0,38,0,38,22,0,22,60
01/30/2011,HSA,MS,ASO,CE,Federal Contract Tower,0,0,2,0,2,0,0,17,0,17,0,0,19,0,19,8,0,8,27
01/31/2011,HSA,MS,ASO,CE,Federal Contract Tower,0,0,6,4,10,0,0,4,0,4,0,0,10,4,14,4,12,16,30
02/01/2011,HSA,MS,ASO,CE,Federal Contract Tower,0,0,1,0,1,0,0,1,0,1,0,0,2,0,2,0,0,0,2
02/02/2011,HSA,MS,ASO,CE,Federal Contract Tower,0,0,4,23,27,0,0,4,1,5,0,0,8,24,32,6,55,61,93
02/03/2011,HSA,MS,ASO,CE,Federal Contract Tower,0,0,3,8,11,0,0,2,0,2,0,0,5,8,13,0,6,6,19
02/04/2011,HSA,MS,ASO,CE,Federal Contract Tower,0,0,3,0,3,0,0,0,0,0,0,0,3,0,3,0,0,0,3
02/05/2011,HSA,MS,ASO,CE,Federal Contract Tower,0,0,5,0,5,0,0,23,0,23,0,0,28,0,28,42,0,42,70
02/06/2011,HSA,MS,ASO,CE,Federal Contract Tower,0,0,4,0,4,0,0,28,0,28,0,0,32,0,32,34,0,34,66
02/07/2011,HSA,MS,ASO,CE,Federal Contract Tower,0,0,5,10,15,0,0,4,1,5,0,0,9,11,20,3,16,19,39
02/08/2011,HSA,MS,ASO,CE,Federal Contract Tower,0,0,7,16,23,0,0,21,5,26,0,0,28,21,49,8,74,82,131
02/09/2011,HSA,MS,ASO,CE,Federal Contract Tower,0,0,5,37,42,0,0,4,2,6,0,0,9,39,48,2,56,58,106
02/10/2011,HSA,MS,ASO,CE,Federal Contract Tower,0,0,4,17,21,0,0,1,0,1,0,0,5,17,22,6,56,62,84
02/11/2011,HSA,MS,ASO,CE,Federal Contract Tower,0,0,3,17,20,0,0,20,1,21,0,0,23,18,41,16,43,59,100
02/12/2011,HSA,MS,ASO,CE,Federal Contract Tower,0,0,10,0,10,0,0,35,0,35,0,0,45,0,45,40,0,40,85
02/13/2011,HSA,MS,ASO,CE,Federal Contract Tower,0,0,2,1,3,0,0,19,0,19,0,0,21,1,22,20,0,20,42
02/14/2011,HSA,MS,ASO,CE,Federal Contract Tower,0,0,4,21,25,0,0,27,9,36,0,0,31,30,61,14,62,76,137
02/15/2011,HSA,MS,ASO,CE,Federal Contract Tower,0,0,5,22,27,0,0,19,41,60,0,0,24,63,87,25,83,108,195
02/16/2011,HSA,MS,ASO,CE,Federal Contract Tower,0,3,2,41,46,0,0,5,3,8,0,3,7,44,54,6,52,58,112
02/17/2011,HSA,MS,ASO,CE,Federal Contract Tower,0,0,4,35,39,0,0,5,10,15,0,0,9,45,54,0,94,94,148
02/18/2011,HSA,MS,ASO,CE,Federal Contract Tower,0,0,9,4,13,0,0,16,5,21,0,0,25,9,34,0,32,32,66
02/19/2011,HSA,MS,ASO,CE,Federal Contract Tower,0,0,5,0,5,0,0,18,16,34,0,0,23,16,39,6,38,44,83
02/20/2011,HSA,MS,ASO,CE,Federal Contract Tower,0,0,7,2,9,0,0,15,2,17,0,0,22,4,26,21,30,51,77
02/21/2011,HSA,MS,ASO,CE,Federal Contract Tower,0,0,3,0,3,0,0,7,0,7,0,0,10,0,10,4,0,4,14
02/22/2011,HSA,MS,ASO,CE,Federal Contract Tower,0,0,1,14,15,0,0,9,7,16,0,0,10,21,31,14,56,70,101
02/23/2011,HSA,MS,ASO,CE,Federal Contract Tower,0,0,6,18,24,0,0,6,5,11,0,0,12,23,35,15,69,84,119
02/24/2011,HSA,MS,ASO,CE,Federal Contract Tower,0,0,5,20,25,0,0,4,0,4,0,0,9,20,29,8,44,52,81
02/25/2011,HSA,MS,ASO,CE,Federal Contract Tower,0,0,7,39,46,0,0,19,0,19,0,0,26,39,65,24,80,104,169
02/26/2011,HSA,MS,ASO,CE,Federal Contract Tower,0,0,6,0,6,0,0,13,0,13,0,0,19,0,19,32,0,32,51
02/27/2011,HSA,MS,ASO,CE,Federal Contract Tower,0,0,2,0,2,0,0,9,0,9,0,0,11,0,11,36,0,36,47
02/28/2011,HSA,MS,ASO,CE,Federal Contract Tower,0,0,5,14,19,0,0,2,2,4,0,0,7,16,23,0,12,12,35
03/01/2011,HSA,MS,ASO,CE,Federal Contract Tower,0,0,8,6,14,0,0,9,14,23,0,0,17,20,37,9,59,68,105
03/02/2011,HSA,MS,ASO,CE,Federal Contract Tower,0,0,6,26,32,0,0,13,3,16,0,0,19,29,48,0,62,62,110
03/03/2011,HSA,MS,ASO,CE,Federal Contract Tower,0,0,4,32,36,0,0,2,12,14,0,0,6,44,50,0,54,54,104
03/04/2011,HSA,MS,ASO,CE,Federal Contract Tower,0,0,5,2,7,0,0,0,0,0,0,0,5,2,7,0,0,0,7
03/05/2011,HSA,MS,ASO,CE,Federal Contract Tower,0,0,1,0,1,0,0,0,0,0,0,0,1,0,1,0,0,0,1
03/06/2011,HSA,MS,ASO,CE,Federal Contract Tower,0,0,4,0,4,0,0,18,0,18,0,0,22,0,22,32,0,32,54
03/07/2011,HSA,MS,ASO,CE,Federal Contract Tower,0,0,6,5,11,0,0,4,2,6,0,0,10,7,17,25,20,45,62
03/08/2011,HSA,MS,ASO,CE,Federal Contract Tower,0,0,1,2,3,0,0,0,0,0,0,0,1,2,3,0,0,0,3
03/09/2011,HSA,MS,ASO,CE,Federal Contract Tower,0,0,6,14,20,0,0,2,0,2,0,0,8,14,22,20,89,109,131
03/10/2011,HSA,MS,ASO,CE,Federal Contract Tower,0,0,7,15,22,0,0,23,0,23,0,0,30,15,45,29,31,60,105
03/11/2011,HSA,MS,ASO,CE,Federal Contract Tower,0,0,4,8,12,0,0,26,0,26,0,0,30,8,38,24,8,32,70
03/12/2011,HSA,MS,ASO,CE,Federal Contract Tower,0,0,10,0,10,0,0,32,0,32,0,0,42,0,42,30,0,30,72
03/13/2011,HSA,MS,ASO,CE,Federal Contract Tower,0,0,7,2,9,0,0,29,0,29,0,0,36,2,38,50,0,50,88
03/14/2011,HSA,MS,ASO,CE,Federal Contract Tower,0,0,4,5,9,0,0,7,1,8,0,0,11,6,17,0,18,18,35
03/15/2011,HSA,MS,ASO,CE,Federal Contract Tower,0,0,8,20,28,0,0,13,0,13,0,0,21,20,41,19,52,71,112
03/16/2011,HSA,MS,ASO,CE,Federal Contract Tower,0,0,5,13,18,0,0,9,10,19,0,0,14,23,37,28,81,109,146
03/17/2011,HSA,MS,ASO,CE,Federal Contract Tower,0,0,4,2,6,0,0,17,11,28,0,0,21,13,34,42,34,76,110
03/18/2011,HSA,MS,ASO,CE,Federal Contract Tower,0,0,4,14,18,0,0,21,6,27,0,0,25,20,45,43,48,91,136
03/19/2011,HSA,MS,ASO,CE,Federal Contract Tower,0,0,6,0,6,0,0,21,0,21,0,0,27,0,27,0,0,0,27
03/20/2011,HSA,MS,ASO,CE,Federal Contract Tower,0,0,8,0,8,0,0,27,0,27,0,0,35,0,35,11,0,11,46
03/21/2011,HSA,MS,ASO,CE,Federal Contract Tower,0,0,6,25,31,0,0,10,1,11,0,0,16,26,42,6,59,65,107
03/22/2011,HSA,MS,ASO,CE,Federal Contract Tower,0,0,3,22,25,0,0,8,1,9,0,0,11,23,34,4,20,24,58
03/23/2011,HSA,MS,ASO,CE,Federal Contract Tower,1,0,10,16,27,0,0,6,8,14,1,0,16,24,41,2,22,24,65
03/24/2011,HSA,MS,ASO,CE,Federal Contract Tower,0,0,4,17,21,0,0,16,9,25,0,0,20,26,46,38,24,62,108
03/25/2011,HSA,MS,ASO,CE,Federal Contract Tower,0,2,11,3,16,0,0,23,2,25,0,2,34,5,41,14,14,28,69
03/26/2011,HSA,MS,ASO,CE,Federal Contract Tower,0,0,6,0,6,0,0,21,0,21,0,0,27,0,27,34,0,34,61
03/27/2011,HSA,MS,ASO,CE,Federal Contract Tower,0,0,3,1,4,0,0,13,1,14,0,0,16,2,18,4,19,23,41
03/28/2011,HSA,MS,ASO,CE,Federal Contract Tower,0,0,5,18,23,0,0,14,3,17,0,0,19,21,40,25,28,53,93
03/29/2011,HSA,MS,ASO,CE,Federal Contract Tower,0,0,11,28,39,0,0,2,0,2,0,0,13,28,41,0,0,0,41
03/30/2011,HSA,MS,ASO,CE,Federal Contract Tower,0,0,7,4,11,0,0,4,4,8,0,0,11,8,19,8,4,12,31
03/31/2011,HSA,MS,ASO,CE,Federal Contract Tower,0,0,8,14,22,0,0,21,0,21,0,0,29,14,43,22,0,22,65
04/01/2011,HSA,MS,ASO,CE,Federal Contract Tower,0,0,4,7,11,0,0,19,7,26,0,0,23,14,37,16,12,28,65
04/02/2011,HSA,MS,ASO,CE,Federal Contract Tower,0,0,11,2,13,0,0,21,0,21,0,0,32,2,34,31,19,50,84
04/03/2011,HSA,MS,ASO,CE,Federal Contract Tower,0,0,8,0,8,0,0,14,0,14,0,0,22,0,22,8,0,8,30
04/04/2011,HSA,MS,ASO,CE,Federal Contract Tower,0,0,5,0,5,0,0,3,0,3,0,0,8,0,8,0,0,0,8
04/05/2011,HSA,MS,ASO,CE,Federal Contract Tower,0,0,10,17,27,0,0,15,30,45,0,0,25,47,72,23,75,98,170
04/06/2011,HSA,MS,ASO,CE,Federal Contract Tower,0,0,2,5,7,0,0,9,8,17,0,0,11,13,24,2,23,25,49
04/07/2011,HSA,MS,ASO,CE,Federal Contract Tower,0,0,2,5,7,0,0,10,8,18,0,0,12,13,25,0,18,18,43
04/08/2011,HSA,MS,ASO,CE,Federal Contract Tower,0,0,5,6,11,0,0,10,0,10,0,0,15,6,21,22,10,32,53
04/09/2011,HSA,MS,ASO,CE,Federal Contract Tower,0,0,8,8,16,0,0,20,0,20,0,0,28,8,36,8,0,8,44
04/10/2011,HSA,MS,ASO,CE,Federal Contract Tower,0,0,9,2,11,0,0,8,0,8,0,0,17,2,19,36,0,36,55
04/11/2011,HSA,MS,ASO,CE,Federal Contract Tower,0,0,2,1,3,0,0,0,2,2,0,0,2,3,5,0,0,0,5
04/12/2011,HSA,MS,ASO,CE,Federal Contract Tower,0,0,9,34,43,0,0,12,20,32,0,0,21,54,75,14,70,84,159
04/13/2011,HSA,MS,ASO,CE,Federal Contract Tower,0,2,4,16,22,0,0,16,8,24,0,2,20,24,46,10,63,73,119
04/14/2011,HSA,MS,ASO,CE,Federal Contract Tower,0,2,4,30,36,0,0,9,9,18,0,2,13,39,54,11,42,53,107
04/15/2011,HSA,MS,ASO,CE,Federal Contract Tower,0,0,0,1,1,0,0,1,0,1,0,0,1,1,2,0,0,0,2
04/16/2011,HSA,MS,ASO,CE,Federal Contract Tower,0,0,0,0,0,0,0,17,0,17,0,0,17,0,17,0,0,0,17
04/17/2011,HSA,MS,ASO,CE,Federal Contract Tower,0,0,8,0,8,0,0,13,0,13,0,0,21,0,21,0,0,0,21
04/18/2011,HSA,MS,ASO,CE,Federal Contract Tower,0,0,4,10,14,0,0,0,3,3,0,0,4,13,17,2,37,39,56
04/19/2011,HSA,MS,ASO,CE,Federal Contract Tower,0,0,8,23,31,0,0,9,18,27,0,0,17,41,58,6,20,26,84
04/20/2011,HSA,MS,ASO,CE,Federal Contract Tower,0,0,13,22,35,0,0,3,2,5,0,0,16,24,40,9,24,33,73
04/21/2011,HSA,MS,ASO,CE,Federal Contract Tower,0,0,5,10,15,0,0,7,6,13,0,0,12,16,28,10,6,16,44
04/22/2011,HSA,MS,ASO,CE,Federal Contract Tower,0,0,1,0,1,0,0,9,0,9,0,0,10,0,10,17,0,17,27
04/23/2011,HSA,MS,ASO,CE,Federal Contract Tower,0,0,2,2,4,0,0,19,0,19,0,0,21,2,23,8,0,8,31
04/24/2011,HSA,MS,ASO,CE,Federal Contract Tower,0,0,1,0,1,0,0,15,0,15,0,0,16,0,16,2,0,2,18
04/25/2011,HSA,MS,ASO,CE,Federal Contract Tower,0,0,4,9,13,0,0,4,1,5,0,0,8,10,18,0,26,26,44
04/26/2011,HSA,MS,ASO,CE,Federal Contract Tower,0,0,3,4,7,0,0,5,12,17,0,0,8,16,24,0,4,4,28
04/27/2011,HSA,MS,ASO,CE,Federal Contract Tower,0,0,7,6,13,0,0,3,1,4,0,0,10,7,17,0,16,16,33
04/28/2011,HSA,MS,ASO,CE,Federal Contract Tower,0,0,3,16,19,0,0,15,9,24,0,0,18,25,43,10,79,89,132
04/29/2011,HSA,MS,ASO,CE,Federal Contract Tower,0,3,6,2,11,0,0,23,9,32,0,3,29,11,43,4,36,40,83
04/30/2011,HSA,MS,ASO,CE,Federal Contract Tower,0,0,4,1,5,0,0,24,0,24,0,0,28,1,29,26,0,26,55
05/01/2011,HSA,MS,ASO,CE,Federal Contract Tower,0,0,3,4,7,0,0,9,1,10,0,0,12,5,17,0,10,10,27
05/02/2011,HSA,MS,ASO,CE,Federal Contract Tower,0,0,4,0,4,0,0,7,0,7,0,0,11,0,11,11,0,11,22
05/03/2011,HSA,MS,ASO,CE,Federal Contract Tower,0,0,6,5,11,0,0,1,8,9,0,0,7,13,20,2,15,17,37
05/04/2011,HSA,MS,ASO,CE,Federal Contract Tower,0,0,6,13,19,0,0,9,5,14,0,0,15,18,33,0,61,61,94
05/05/2011,HSA,MS,ASO,CE,Federal Contract Tower,0,0,0,30,30,0,0,11,18,29,0,0,11,48,59,0,92,92,151
05/06/2011,HSA,MS,ASO,CE,Federal Contract Tower,0,0,3,33,36,0,0,17,4,21,0,0,20,37,57,0,24,24,81
05/07/2011,HSA,MS,ASO,CE,Federal Contract Tower,0,1,10,1,12,0,0,25,0,25,0,1,35,1,37,14,0,14,51
05/08/2011,HSA,MS,ASO,CE,Federal Contract Tower,0,2,2,0,4,0,0,6,2,8,0,2,8,2,12,8,8,16,28
05/09/2011,HSA,MS,ASO,CE,Federal Contract Tower,0,1,2,5,8,0,0,8,0,8,0,1,10,5,16,17,10,27,43
05/10/2011,HSA,MS,ASO,CE,Federal Contract Tower,0,0,9,12,21,0,0,11,6,17,0,0,20,18,38,18,20,38,76
05/11/2011,HSA,MS,ASO,CE,Federal Contract Tower,0,0,5,0,5,0,0,5,6,11,0,0,10,6,16,0,33,33,49
05/12/2011,HSA,MS,ASO,CE,Federal Contract Tower,0,0,2,6,8,0,0,6,0,6,0,0,8,6,14,18,5,23,37
05/13/2011,HSA,MS,ASO,CE,Federal Contract Tower,0,0,1,0,1,0,0,7,0,7,0,0,8,0,8,6,0,6,14
05/14/2011,HSA,MS,ASO,CE,Federal Contract Tower,0,0,2,2,4,0,0,15,0,15,0,0,17,2,19,16,18,34,53
05/15/2011,HSA,MS,ASO,CE,Federal Contract Tower,0,1,6,0,7,0,0,19,0,19,0,1,25,0,26,8,0,8,34
05/16/2011,HSA,MS,ASO,CE,Federal Contract Tower,0,1,8,21,30,0,0,15,1,16,0,1,23,22,46,11,41,52,98
05/17/2011,HSA,MS,ASO,CE,Federal Contract Tower,0,2,7,6,15,0,0,12,0,12,0,2,19,6,27,0,32,32,59
05/18/2011,HSA,MS,ASO,CE,Federal Contract Tower,0,0,3,40,43,0,0,16,6,22,0,0,19,46,65,10,82,92,157
05/19/2011,HSA,MS,ASO,CE,Federal Contract Tower,0,0,1,13,14,0,0,2,0,2,0,0,3,13,16,29,54,83,99
05/20/2011,HSA,MS,ASO,CE,Federal Contract Tower,0,0,3,0,3,0,0,3,0,3,0,0,6,0,6,0,0,0,6
05/21/2011,HSA,MS,ASO,CE,Federal Contract Tower,0,0,8,0,8,0,0,29,0,29,0,0,37,0,37,22,0,22,59
05/22/2011,HSA,MS,ASO,CE,Federal Contract Tower,0,1,10,0,11,0,8,0,0,8,0,9,10,0,19,0,0,0,19
05/23/2011,HSA,MS,ASO,CE,Federal Contract Tower,0,0,3,12,15,0,0,9,3,12,0,0,12,15,27,0,27,27,54
05/24/2011,HSA,MS,ASO,CE,Federal Contract Tower,0,0,4,3,7,0,0,5,10,15,0,0,9,13,22,3,14,17,39
05/25/2011,HSA,MS,ASO,CE,Federal Contract Tower,0,0,2,9,11,0,0,15,6,21,0,0,17,15,32,0,98,98,130
05/26/2011,HSA,MS,ASO,CE,Federal Contract Tower,0,0,2,12,14,0,0,1,1,2,0,0,3,13,16,0,17,17,33
05/27/2011,HSA,MS,ASO,CE,Federal Contract Tower,0,0,6,0,6,0,0,9,0,9,0,0,15,0,15,24,0,24,39
05/28/2011,HSA,MS,ASO,CE,Federal Contract Tower,0,0,6,0,6,0,0,25,0,25,0,0,31,0,31,54,0,54,85
05/29/2011,HSA,MS,ASO,CE,Federal Contract Tower,0,0,2,0,2,0,0,14,0,14,0,0,16,0,16,93,0,93,109
05/30/2011,HSA,MS,ASO,CE,Federal Contract Tower,0,0,10,0,10,0,0,19,0,19,0,0,29,0,29,63,0,63,92
05/31/2011,HSA,MS,ASO,CE,Federal Contract Tower,0,0,16,22,38,0,0,13,17,30,0,0,29,39,68,41,83,124,192
06/01/2011,HSA,MS,ASO,CE,Federal Contract Tower,0,0,2,11,13,0,0,10,2,12,0,0,12,13,25,4,15,19,44
06/02/2011,HSA,MS,ASO,CE,Federal Contract Tower,0,0,4,10,14,0,0,14,7,21,0,0,18,17,35,16,26,42,77
06/03/2011,HSA,MS,ASO,CE,Federal Contract Tower,0,0,5,2,7,0,0,16,0,16,0,0,21,2,23,6,0,6,29
06/04/2011,HSA,MS,ASO,CE,Federal Contract Tower,0,0,11,0,11,0,0,24,0,24,0,0,35,0,35,24,0,24,59
06/05/2011,HSA,MS,ASO,CE,Federal Contract Tower,0,0,6,0,6,0,0,6,0,6,0,0,12,0,12,14,0,14,26
06/06/2011,HSA,MS,ASO,CE,Federal Contract Tower,0,0,8,8,16,0,0,11,3,14,0,0,19,11,30,4,16,20,50
06/07/2011,HSA,MS,ASO,CE,Federal Contract Tower,0,0,9,17,26,0,0,3,21,24,0,0,12,38,50,2,62,64,114
06/08/2011,HSA,MS,ASO,CE,Federal Contract Tower,0,2,5,24,31,0,0,8,2,10,0,2,13,26,41,9,26,35,76
06/09/2011,HSA,MS,ASO,CE,Federal Contract Tower,0,2,8,12,22,0,0,13,4,17,0,2,21,16,39,22,8,30,69
06/10/2011,HSA,MS,ASO,CE,Federal Contract Tower,0,0,15,2,17,0,0,18,0,18,0,0,33,2,35,0,0,0,35
06/11/2011,HSA,MS,ASO,CE,Federal Contract Tower,0,0,3,2,5,0,0,25,2,27,0,0,28,4,32,8,0,8,40
06/12/2011,HSA,MS,ASO,CE,Federal Contract Tower,0,0,0,0,0,0,0,20,0,20,0,0,20,0,20,0,0,0,20
06/13/2011,HSA,MS,ASO,CE,Federal Contract Tower,0,0,5,0,5,0,0,5,0,5,0,0,10,0,10,0,0,0,10
06/14/2011,HSA,MS,ASO,CE,Federal Contract Tower,0,0,6,42,48,0,0,2,12,14,0,0,8,54,62,10,45,55,117
06/15/2011,HSA,MS,ASO,CE,Federal Contract Tower,0,0,2,10,12,0,0,18,3,21,0,0,20,13,33,6,19,25,58
06/16/2011,HSA,MS,ASO,CE,Federal Contract Tower,0,0,5,19,24,0,0,8,7,15,0,0,13,26,39,4,19,23,62
06/17/2011,HSA,MS,ASO,CE,Federal Contract Tower,0,1,3,11,15,0,0,16,0,16,0,1,19,11,31,12,16,28,59
06/18/2011,HSA,MS,ASO,CE,Federal Contract Tower,0,0,1,0,1,0,0,20,0,20,0,0,21,0,21,26,0,26,47
06/19/2011,HSA,MS,ASO,CE,Federal Contract Tower,0,0,4,0,4,0,0,21,0,21,0,0,25,0,25,14,0,14,39
06/20/2011,HSA,MS,ASO,CE,Federal Contract Tower,0,1,7,6,14,0,0,13,3,16,0,1,20,9,30,30,10,40,70
06/21/2011,HSA,MS,ASO,CE,Federal Contract Tower,0,1,6,8,15,0,0,3,0,3,0,1,9,8,18,4,10,14,32
06/22/2011,HSA,MS,ASO,CE,Federal Contract Tower,0,0,1,0,1,0,0,4,2,6,0,0,5,2,7,0,27,27,34
06/23/2011,HSA,MS,ASO,CE,Federal Contract Tower,0,0,3,8,11,0,0,7,2,9,0,0,10,10,20,10,35,45,65
06/24/2011,HSA,MS,ASO,CE,Federal Contract Tower,0,0,7,8,15,0,0,11,5,16,0,0,18,13,31,16,10,26,57
06/25/2011,HSA,MS,ASO,CE,Federal Contract Tower,0,0,10,5,15,0,0,32,7,39,0,0,42,12,54,24,4,28,82
06/26/2011,HSA,MS,ASO,CE,Federal Contract Tower,0,0,4,3,7,0,0,12,1,13,0,0,16,4,20,14,10,24,44
06/27/2011,HSA,MS,ASO,CE,Federal Contract Tower,0,0,8,5,13,0,0,4,1,5,0,0,12,6,18,9,0,9,27
06/28/2011,HSA,MS,ASO,CE,Federal Contract Tower,0,0,19,9,28,0,0,9,16,25,0,0,28,25,53,4,4,8,61
06/29/2011,HSA,MS,ASO,CE,Federal Contract Tower,0,0,3,17,20,0,0,10,4,14,0,0,13,21,34,17,64,81,115
06/30/2011,HSA,MS,ASO,CE,Federal Contract Tower,0,0,2,11,13,0,0,8,8,16,0,0,10,19,29,22,54,76,105
07/01/2011,HSA,MS,ASO,CE,Federal Contract Tower,0,0,6,0,6,0,0,17,0,17,0,0,23,0,23,14,0,14,37
07/02/2011,HSA,MS,ASO,CE,Federal Contract Tower,0,0,1,0,1,0,0,13,0,13,0,0,14,0,14,0,0,0,14
07/03/2011,HSA,MS,ASO,CE,Federal Contract Tower,0,0,9,0,9,0,0,20,0,20,0,0,29,0,29,21,0,21,50
07/04/2011,HSA,MS,ASO,CE,Federal Contract Tower,0,0,3,0,3,0,0,7,0,7,0,0,10,0,10,4,0,4,14
07/05/2011,HSA,MS,ASO,CE,Federal Contract Tower,0,0,9,7,16,0,0,13,14,27,0,0,22,21,43,10,0,10,53
07/06/2011,HSA,MS,ASO,CE,Federal Contract Tower,0,0,6,7,13,0,0,6,3,9,0,0,12,10,22,9,35,44,66
07/07/2011,HSA,MS,ASO,CE,Federal Contract Tower,0,2,12,7,21,0,0,3,2,5,0,2,15,9,26,32,0,32,58
07/08/2011,HSA,MS,ASO,CE,Federal Contract Tower,0,0,7,5,12,0,0,27,0,27,0,0,34,5,39,30,12,42,81
07/09/2011,HSA,MS,ASO,CE,Federal Contract Tower,0,0,8,2,10,0,0,22,0,22,0,0,30,2,32,6,0,6,38
07/10/2011,HSA,MS,ASO,CE,Federal Contract Tower,0,0,4,16,20,0,0,8,2,10,0,0,12,18,30,14,21,35,65
07/11/2011,HSA,MS,ASO,CE,Federal Contract Tower,0,0,0,0,0,0,0,4,9,13,0,0,4,9,13,0,55,55,68
07/12/2011,HSA,MS,ASO,CE,Federal Contract Tower,0,0,2,9,11,0,0,6,3,9,0,0,8,12,20,2,33,35,55
07/13/2011,HSA,MS,ASO,CE,Federal Contract Tower,0,0,4,19,23,0,0,14,9,23,0,0,18,28,46,12,32,44,90
07/14/2011,HSA,MS,ASO,CE,Federal Contract Tower,0,0,2,10,12,0,0,1,0,1,0,0,3,10,13,0,19,19,32
07/15/2011,HSA,MS,ASO,CE,Federal Contract Tower,0,0,5,5,10,0,0,10,1,11,0,0,15,6,21,0,38,38,59
07/16/2011,HSA,MS,ASO,CE,Federal Contract Tower,0,0,2,3,5,0,0,12,1,13,0,0,14,4,18,6,38,44,62
07/17/2011,HSA,MS,ASO,CE,Federal Contract Tower,0,0,1,0,1,0,0,2,4,6,0,0,3,4,7,25,12,37,44
07/18/2011,HSA,MS,ASO,CE,Federal Contract Tower,0,0,2,0,2,0,0,2,1,3,0,0,4,1,5,0,0,0,5
07/19/2011,HSA,MS,ASO,CE,Federal Contract Tower,0,0,5,18,23,0,0,14,18,32,0,0,19,36,55,0,62,62,117
07/20/2011,HSA,MS,ASO,CE,Federal Contract Tower,0,0,1,8,9,0,0,25,12,37,0,0,26,20,46,8,44,52,98
07/21/2011,HSA,MS,ASO,CE,Federal Contract Tower,0,0,1,10,11,0,0,28,7,35,0,0,29,17,46,26,64,90,136
07/22/2011,HSA,MS,ASO,CE,Federal Contract Tower,0,0,2,3,5,0,0,6,12,18,0,0,8,15,23,0,20,20,43
07/23/2011,HSA,MS,ASO,CE,Federal Contract Tower,0,0,1,2,3,0,0,12,2,14,0,0,13,4,17,30,80,110,127
07/24/2011,HSA,MS,ASO,CE,Federal Contract Tower,0,0,1,0,1,0,0,11,0,11,0,0,12,0,12,0,0,0,12
07/25/2011,HSA,MS,ASO,CE,Federal Contract Tower,0,0,1,5,6,0,0,12,2,14,0,0,13,7,20,6,6,12,32
07/26/2011,HSA,MS,ASO,CE,Federal Contract Tower,0,0,7,27,34,0,0,16,13,29,0,0,23,40,63,18,67,85,148
07/27/2011,HSA,MS,ASO,CE,Federal Contract Tower,0,0,3,24,27,0,0,10,3,13,0,0,13,27,40,11,28,39,79
07/28/2011,HSA,MS,ASO,CE,Federal Contract Tower,0,0,3,16,19,0,0,9,8,17,0,0,12,24,36,8,20,28,64
07/29/2011,HSA,MS,ASO,CE,Federal Contract Tower,0,0,4,3,7,0,0,19,5,24,0,0,23,8,31,4,14,18,49
07/30/2011,HSA,MS,ASO,CE,Federal Contract Tower,0,0,5,4,9,0,0,21,0,21,0,0,26,4,30,36,0,36,66
07/31/2011,HSA,MS,ASO,CE,Federal Contract Tower,0,0,5,0,5,0,0,5,0,5,0,0,10,0,10,16,0,16,26
08/01/2011,HSA,MS,ASO,CE,Federal Contract Tower,0,0,0,0,0,0,0,7,0,7,0,0,7,0,7,0,0,0,7
08/02/2011,HSA,MS,ASO,CE,Federal Contract Tower,0,0,2,6,8,0,0,12,3,15,0,0,14,9,23,12,14,26,49
08/03/2011,HSA,MS,ASO,CE,Federal Contract Tower,0,0,8,14,22,0,0,9,0,9,0,0,17,14,31,24,24,48,79
08/04/2011,HSA,MS,ASO,CE,Federal Contract Tower,0,0,0,13,13,0,0,1,6,7,0,0,1,19,20,0,10,10,30
08/05/2011,HSA,MS,ASO,CE,Federal Contract Tower,0,0,3,6,9,0,0,10,2,12,0,0,13,8,21,6,30,36,57
08/06/2011,HSA,MS,ASO,CE,Federal Contract Tower,0,0,4,0,4,0,0,24,0,24,0,0,28,0,28,8,0,8,36
08/07/2011,HSA,MS,ASO,CE,Federal Contract Tower,0,0,2,6,8,0,0,7,1,8,0,0,9,7,16,9,20,29,45
08/08/2011,HSA,MS,ASO,CE,Federal Contract Tower,0,0,2,8,10,0,0,5,0,5,0,0,7,8,15,4,0,4,19
08/09/2011,HSA,MS,ASO,CE,Federal Contract Tower,0,0,6,5,11,0,0,5,6,11,0,0,11,11,22,19,0,19,41
08/10/2011,HSA,MS,ASO,CE,Federal Contract Tower,0,0,4,9,13,0,0,3,9,12,0,0,7,18,25,4,49,53,78
08/11/2011,HSA,MS,ASO,CE,Federal Contract Tower,0,0,5,0,5,0,0,2,4,6,0,0,7,4,11,0,0,0,11
08/12/2011,HSA,MS,ASO,CE,Federal Contract Tower,0,0,5,4,9,0,0,12,0,12,0,0,17,4,21,9,22,31,52
08/13/2011,HSA,MS,ASO,CE,Federal Contract Tower,0,0,3,2,5,0,0,31,0,31,0,0,34,2,36,24,0,24,60
08/14/2011,HSA,MS,ASO,CE,Federal Contract Tower,0,1,3,1,5,0,0,7,0,7,0,1,10,1,12,8,0,8,20
08/15/2011,HSA,MS,ASO,CE,Federal Contract Tower,0,0,6,10,16,0,0,8,0,8,0,0,14,10,24,2,14,16,40
08/16/2011,HSA,MS,ASO,CE,Federal Contract Tower,0,0,20,28,48,0,0,11,3,14,0,0,31,31,62,34,72,106,168
08/17/2011,HSA,MS,ASO,CE,Federal Contract Tower,0,0,6,1,7,0,0,14,20,34,0,0,20,21,41,2,27,29,70
08/18/2011,HSA,MS,ASO,CE,Federal Contract Tower,0,0,5,1,6,0,0,10,9,19,0,0,15,10,25,10,50,60,85
08/19/2011,HSA,MS,ASO,CE,Federal Contract Tower,0,18,7,0,25,0,0,8,0,8,0,18,15,0,33,0,2,2,35
08/20/2011,HSA,MS,ASO,CE,Federal Contract Tower,0,0,16,0,16,0,0,47,2,49,0,0,63,2,65,30,0,30,95
08/21/2011,HSA,MS,ASO,CE,Federal Contract Tower,0,0,7,4,11,0,0,9,3,12,0,0,16,7,23,2,0,2,25
08/22/2011,HSA,MS,ASO,CE,Federal Contract Tower,0,0,3,33,36,0,0,7,20,27,0,0,10,53,63,0,118,118,181
08/23/2011,HSA,MS,ASO,CE,Federal Contract Tower,0,0,10,15,25,0,0,6,18,24,0,0,16,33,49,0,66,66,115
08/24/2011,HSA,MS,ASO,CE,Federal Contract Tower,0,0,6,6,12,0,0,5,4,9,0,0,11,10,21,9,21,30,51
08/25/2011,HSA,MS,ASO,CE,Federal Contract Tower,0,0,10,26,36,0,0,3,4,7,0,0,13,30,43,2,56,58,101
08/26/2011,HSA,MS,ASO,CE,Federal Contract Tower,0,0,2,14,16,0,0,5,0,5,0,0,7,14,21,4,30,34,55
08/27/2011,HSA,MS,ASO,CE,Federal Contract Tower,0,0,3,0,3,0,0,12,0,12,0,0,15,0,15,24,0,24,39
08/28/2011,HSA,MS,ASO,CE,Federal Contract Tower,0,0,0,6,6,0,0,10,0,10,0,0,10,6,16,12,24,36,52
08/29/2011,HSA,MS,ASO,CE,Federal Contract Tower,0,0,7,14,21,0,0,7,20,27,0,0,14,34,48,26,38,64,112
08/30/2011,HSA,MS,ASO,CE,Federal Contract Tower,0,0,12,36,48,0,0,12,22,34,0,0,24,58,82,10,32,42,124
08/31/2011,HSA,MS,ASO,CE,Federal Contract Tower,0,0,2,13,15,0,0,8,7,15,0,0,10,20,30,0,60,60,90
09/01/2011,HSA,MS,ASO,CE,Federal Contract Tower,0,0,1,0,1,0,0,3,0,3,0,0,4,0,4,0,0,0,4
09/02/2011,HSA,MS,ASO,CE,Federal Contract Tower,0,0,1,0,1,0,0,0,0,0,0,0,1,0,1,0,0,0,1
09/03/2011,HSA,MS,ASO,CE,Federal Contract Tower,0,0,0,0,0,0,0,0,0,0,0,0,0,0,0,0,0,0,0
09/04/2011,HSA,MS,ASO,CE,Federal Contract Tower,0,0,0,0,0,0,0,0,0,0,0,0,0,0,0,0,0,0,0
09/05/2011,HSA,MS,ASO,CE,Federal Contract Tower,0,0,0,0,0,0,0,0,0,0,0,0,0,0,0,0,0,0,0
09/06/2011,HSA,MS,ASO,CE,Federal Contract Tower,0,0,7,0,7,0,0,8,0,8,0,0,15,0,15,2,0,2,17
09/07/2011,HSA,MS,ASO,CE,Federal Contract Tower,0,0,0,14,14,0,0,0,0,0,0,0,0,14,14,8,51,59,73
09/08/2011,HSA,MS,ASO,CE,Federal Contract Tower,0,0,4,10,14,0,0,14,4,18,0,0,18,14,32,28,46,74,106
09/09/2011,HSA,MS,ASO,CE,Federal Contract Tower,0,0,7,4,11,0,0,16,0,16,0,0,23,4,27,2,18,20,47
09/10/2011,HSA,MS,ASO,CE,Federal Contract Tower,0,0,0,2,2,0,0,27,0,27,0,0,27,2,29,2,0,2,31
09/11/2011,HSA,MS,ASO,CE,Federal Contract Tower,0,0,4,0,4,0,0,23,0,23,0,0,27,0,27,0,0,0,27
09/12/2011,HSA,MS,ASO,CE,Federal Contract Tower,0,0,4,4,8,0,0,17,6,23,0,0,21,10,31,14,45,59,90
09/13/2011,HSA,MS,ASO,CE,Federal Contract Tower,0,0,3,13,16,0,0,6,9,15,0,0,9,22,31,4,44,48,79
09/14/2011,HSA,MS,ASO,CE,Federal Contract Tower,0,0,7,18,25,0,0,4,3,7,0,0,11,21,32,13,26,39,71
09/15/2011,HSA,MS,ASO,CE,Federal Contract Tower,0,2,7,9,18,0,0,8,3,11,0,2,15,12,29,4,6,10,39
09/16/2011,HSA,MS,ASO,CE,Federal Contract Tower,0,0,14,2,16,0,0,9,0,9,0,0,23,2,25,20,0,20,45
09/17/2011,HSA,MS,ASO,CE,Federal Contract Tower,0,0,12,0,12,0,0,22,0,22,0,0,34,0,34,10,0,10,44
09/18/2011,HSA,MS,ASO,CE,Federal Contract Tower,0,0,6,0,6,0,0,13,0,13,0,0,19,0,19,9,0,9,28
09/19/2011,HSA,MS,ASO,CE,Federal Contract Tower,0,2,1,4,7,0,0,1,16,17,0,2,2,20,24,6,2,8,32
09/20/2011,HSA,MS,ASO,CE,Federal Contract Tower,0,0,9,5,14,0,0,5,21,26,0,0,14,26,40,22,31,53,93
09/21/2011,HSA,MS,ASO,CE,Federal Contract Tower,0,0,0,0,0,0,0,5,0,5,0,0,5,0,5,10,0,10,15
09/22/2011,HSA,MS,ASO,CE,Federal Contract Tower,0,0,2,4,6,0,0,4,0,4,0,0,6,4,10,2,8,10,20
09/23/2011,HSA,MS,ASO,CE,Federal Contract Tower,0,0,18,2,20,0,0,2,0,2,0,0,20,2,22,0,0,0,22
09/24/2011,HSA,MS,ASO,CE,Federal Contract Tower,0,0,5,0,5,0,0,14,0,14,0,0,19,0,19,6,0,6,25
09/25/2011,HSA,MS,ASO,CE,Federal Contract Tower,0,0,3,2,5,0,0,14,0,14,0,0,17,2,19,8,0,8,27
09/26/2011,HSA,MS,ASO,CE,Federal Contract Tower,0,0,1,8,9,0,0,9,9,18,0,0,10,17,27,2,21,23,50
09/27/2011,HSA,MS,ASO,CE,Federal Contract Tower,0,0,13,18,31,0,0,15,23,38,0,0,28,41,69,7,52,59,128
09/28/2011,HSA,MS,ASO,CE,Federal Contract Tower,0,0,3,4,7,0,0,10,0,10,0,0,13,4,17,0,0,0,17
09/29/2011,HSA,MS,ASO,CE,Federal Contract Tower,0,0,6,30,36,0,0,11,0,11,0,0,17,30,47,12,42,54,101
09/30/2011,HSA,MS,ASO,CE,Federal Contract Tower,0,2,4,5,11,0,0,23,0,23,0,2,27,5,34,0,0,0,34
10/01/2011,HSA,MS,ASO,CE,Federal Contract Tower,0,0,0,0,0,0,0,13,0,13,0,0,13,0,13,8,0,8,21
10/02/2011,HSA,MS,ASO,CE,Federal Contract Tower,0,0,3,0,3,0,0,23,0,23,0,0,26,0,26,0,0,0,26
10/03/2011,HSA,MS,ASO,CE,Federal Contract Tower,0,0,2,18,20,0,0,18,12,30,0,0,20,30,50,26,19,45,95
10/04/2011,HSA,MS,ASO,CE,Federal Contract Tower,0,0,3,49,52,0,0,6,15,21,0,0,9,64,73,29,62,91,164
10/05/2011,HSA,MS,ASO,CE,Federal Contract Tower,0,0,2,39,41,0,0,14,3,17,0,0,16,42,58,21,51,72,130
10/06/2011,HSA,MS,ASO,CE,Federal Contract Tower,0,0,6,10,16,0,0,3,9,12,0,0,9,19,28,8,8,16,44
10/07/2011,HSA,MS,ASO,CE,Federal Contract Tower,0,2,6,15,23,0,0,6,3,9,0,2,12,18,32,0,38,38,70
10/08/2011,HSA,MS,ASO,CE,Federal Contract Tower,0,0,3,2,5,0,0,11,0,11,0,0,14,2,16,0,0,0,16
10/09/2011,HSA,MS,ASO,CE,Federal Contract Tower,0,0,2,2,4,0,0,4,0,4,0,0,6,2,8,0,0,0,8
10/10/2011,HSA,MS,ASO,CE,Federal Contract Tower,0,0,14,0,14,0,0,12,0,12,0,0,26,0,26,60,0,60,86
10/11/2011,HSA,MS,ASO,CE,Federal Contract Tower,0,0,5,39,44,0,0,8,2,10,0,0,13,41,54,26,58,84,138
10/12/2011,HSA,MS,ASO,CE,Federal Contract Tower,0,0,9,25,34,0,0,11,0,11,0,0,20,25,45,51,27,78,123
10/13/2011,HSA,MS,ASO,CE,Federal Contract Tower,0,0,5,12,17,0,0,9,0,9,0,0,14,12,26,20,32,52,78
10/14/2011,HSA,MS,ASO,CE,Federal Contract Tower,0,0,3,2,5,0,0,18,4,22,0,0,21,6,27,2,70,72,99
10/15/2011,HSA,MS,ASO,CE,Federal Contract Tower,0,0,6,0,6,0,0,18,0,18,0,0,24,0,24,35,0,35,59
10/16/2011,HSA,MS,ASO,CE,Federal Contract Tower,0,0,1,0,1,0,0,15,0,15,0,0,16,0,16,4,0,4,20
10/17/2011,HSA,MS,ASO,CE,Federal Contract Tower,0,0,7,18,25,0,0,6,0,6,0,0,13,18,31,33,14,47,78
10/18/2011,HSA,MS,ASO,CE,Federal Contract Tower,0,0,14,23,37,0,0,8,0,8,0,0,22,23,45,28,33,61,106
10/19/2011,HSA,MS,ASO,CE,Federal Contract Tower,0,0,2,12,14,0,0,7,13,20,0,0,9,25,34,7,32,39,73
10/20/2011,HSA,MS,ASO,CE,Federal Contract Tower,0,0,8,48,56,0,0,15,11,26,0,0,23,59,82,19,24,43,125
10/21/2011,HSA,MS,ASO,CE,Federal Contract Tower,0,1,3,0,4,0,0,20,0,20,0,1,23,0,24,16,0,16,40
10/22/2011,HSA,MS,ASO,CE,Federal Contract Tower,0,1,0,2,3,0,0,17,0,17,0,1,17,2,20,31,0,31,51
10/23/2011,HSA,MS,ASO,CE,Federal Contract Tower,0,0,1,0,1,0,0,20,0,20,0,0,21,0,21,50,0,50,71
10/24/2011,HSA,MS,ASO,CE,Federal Contract Tower,0,0,2,2,4,0,0,5,0,5,0,0,7,2,9,7,20,27,36
10/25/2011,HSA,MS,ASO,CE,Federal Contract Tower,0,0,12,2,14,0,0,3,19,22,0,0,15,21,36,16,69,85,121
10/26/2011,HSA,MS,ASO,CE,Federal Contract Tower,0,0,5,17,22,0,0,7,6,13,0,0,12,23,35,39,55,94,129
10/27/2011,HSA,MS,ASO,CE,Federal Contract Tower,0,0,6,2,8,0,0,6,10,16,0,0,12,12,24,22,75,97,121
10/28/2011,HSA,MS,ASO,CE,Federal Contract Tower,0,0,3,0,3,0,0,1,0,1,0,0,4,0,4,0,0,0,4
10/29/2011,HSA,MS,ASO,CE,Federal Contract Tower,0,0,10,0,10,0,0,6,0,6,0,0,16,0,16,0,0,0,16
10/30/2011,HSA,MS,ASO,CE,Federal Contract Tower,0,0,2,0,2,0,0,2,0,2,0,0,4,0,4,0,0,0,4
10/31/2011,HSA,MS,ASO,CE,Federal Contract Tower,0,0,0,7,7,0,0,9,11,20,0,0,9,18,27,15,30,45,72
11/01/2011,HSA,MS,ASO,CE,Federal Contract Tower,0,2,8,23,33,0,0,9,14,23,0,2,17,37,56,12,87,99,155
11/02/2011,HSA,MS,ASO,CE,Federal Contract Tower,0,0,4,16,20,0,0,7,6,13,0,0,11,22,33,20,28,48,81
11/03/2011,HSA,MS,ASO,CE,Federal Contract Tower,0,2,2,42,46,0,0,3,0,3,0,2,5,42,49,0,10,10,59
11/04/2011,HSA,MS,ASO,CE,Federal Contract Tower,0,0,6,16,22,0,0,18,1,19,0,0,24,17,41,20,24,44,85
11/05/2011,HSA,MS,ASO,CE,Federal Contract Tower,0,0,2,0,2,0,0,16,0,16,0,0,18,0,18,12,0,12,30
11/06/2011,HSA,MS,ASO,CE,Federal Contract Tower,0,2,4,10,16,0,0,7,2,9,0,2,11,12,25,8,10,18,43
11/07/2011,HSA,MS,ASO,CE,Federal Contract Tower,0,0,7,6,13,0,0,7,15,22,0,0,14,21,35,28,43,71,106
11/08/2011,HSA,MS,ASO,CE,Federal Contract Tower,0,2,9,6,17,0,0,6,11,17,0,2,15,17,34,2,76,78,112
11/09/2011,HSA,MS,ASO,CE,Federal Contract Tower,0,0,6,2,8,0,0,5,4,9,0,0,11,6,17,4,16,20,37
11/10/2011,HSA,MS,ASO,CE,Federal Contract Tower,0,0,3,19,22,0,0,11,9,20,0,0,14,28,42,2,35,37,79
11/11/2011,HSA,MS,ASO,CE,Federal Contract Tower,0,0,1,1,2,0,0,10,2,12,0,0,11,3,14,8,6,14,28
11/12/2011,HSA,MS,ASO,CE,Federal Contract Tower,0,0,2,0,2,0,0,17,0,17,0,0,19,0,19,16,0,16,35
11/13/2011,HSA,MS,ASO,CE,Federal Contract Tower,0,0,1,0,1,0,0,9,0,9,0,0,10,0,10,4,0,4,14
11/14/2011,HSA,MS,ASO,CE,Federal Contract Tower,0,0,3,8,11,0,0,1,0,1,0,0,4,8,12,0,0,0,12
11/15/2011,HSA,MS,ASO,CE,Federal Contract Tower,0,0,5,6,11,0,0,12,0,12,0,0,17,6,23,8,6,14,37
11/16/2011,HSA,MS,ASO,CE,Federal Contract Tower,0,0,3,2,5,0,0,9,0,9,0,0,12,2,14,4,0,4,18
11/17/2011,HSA,MS,ASO,CE,Federal Contract Tower,0,0,4,0,4,0,0,12,4,16,0,0,16,4,20,8,18,26,46
11/18/2011,HSA,MS,ASO,CE,Federal Contract Tower,0,2,1,21,24,0,0,9,4,13,0,2,10,25,37,11,51,62,99
11/19/2011,HSA,MS,ASO,CE,Federal Contract Tower,0,0,4,0,4,0,0,18,0,18,0,0,22,0,22,36,0,36,58
11/20/2011,HSA,MS,ASO,CE,Federal Contract Tower,0,0,8,1,9,0,0,1,0,1,0,0,9,1,10,0,0,0,10
11/21/2011,HSA,MS,ASO,CE,Federal Contract Tower,0,0,11,7,18,0,0,0,0,0,0,0,11,7,18,0,0,0,18
11/22/2011,HSA,MS,ASO,CE,Federal Contract Tower,0,2,0,0,2,0,0,5,0,5,0,2,5,0,7,7,0,7,14
11/23/2011,HSA,MS,ASO,CE,Federal Contract Tower,0,0,6,0,6,0,0,9,0,9,0,0,15,0,15,37,0,37,52
11/24/2011,HSA,MS,ASO,CE,Federal Contract Tower,0,0,1,0,1,0,0,1,0,1,0,0,2,0,2,2,0,2,4
11/25/2011,HSA,MS,ASO,CE,Federal Contract Tower,0,0,5,0,5,0,0,7,0,7,0,0,12,0,12,6,0,6,18
11/26/2011,HSA,MS,ASO,CE,Federal Contract Tower,0,0,2,0,2,0,0,3,0,3,0,0,5,0,5,0,0,0,5
11/27/2011,HSA,MS,ASO,CE,Federal Contract Tower,0,3,0,0,3,0,0,1,0,1,0,3,1,0,4,0,0,0,4
11/28/2011,HSA,MS,ASO,CE,Federal Contract Tower,0,0,3,15,18,0,0,7,4,11,0,0,10,19,29,14,3,17,46
11/29/2011,HSA,MS,ASO,CE,Federal Contract Tower,0,0,0,18,18,0,0,11,17,28,0,0,11,35,46,10,35,45,91
11/30/2011,HSA,MS,ASO,CE,Federal Contract Tower,0,0,11,5,16,0,0,11,0,11,0,0,22,5,27,20,56,76,103
12/01/2011,HSA,MS,ASO,CE,Federal Contract Tower,0,0,5,18,23,0,0,8,2,10,0,0,13,20,33,4,50,54,87
12/02/2011,HSA,MS,ASO,CE,Federal Contract Tower,0,0,9,0,9,0,0,14,0,14,0,0,23,0,23,12,0,12,35
12/03/2011,HSA,MS,ASO,CE,Federal Contract Tower,0,0,1,0,1,0,0,9,0,9,0,0,10,0,10,0,0,0,10
12/04/2011,HSA,MS,ASO,CE,Federal Contract Tower,0,0,1,8,9,0,0,12,0,12,0,0,13,8,21,0,0,0,21
12/05/2011,HSA,MS,ASO,CE,Federal Contract Tower,0,0,3,3,6,0,0,2,4,6,0,0,5,7,12,0,20,20,32
12/06/2011,HSA,MS,ASO,CE,Federal Contract Tower,0,0,3,36,39,0,0,0,0,0,0,0,3,36,39,0,0,0,39
12/07/2011,HSA,MS,ASO,CE,Federal Contract Tower,0,0,0,19,19,0,0,0,0,0,0,0,0,19,19,8,18,26,45
12/08/2011,HSA,MS,ASO,CE,Federal Contract Tower,0,0,0,6,6,0,0,10,22,32,0,0,10,28,38,6,44,50,88
12/09/2011,HSA,MS,ASO,CE,Federal Contract Tower,0,0,2,3,5,0,0,22,0,22,0,0,24,3,27,32,30,62,89
12/10/2011,HSA,MS,ASO,CE,Federal Contract Tower,0,0,2,0,2,0,0,4,0,4,0,0,6,0,6,0,0,0,6
12/11/2011,HSA,MS,ASO,CE,Federal Contract Tower,0,0,4,2,6,0,0,6,0,6,0,0,10,2,12,8,0,8,20
12/12/2011,HSA,MS,ASO,CE,Federal Contract Tower,0,0,1,12,13,0,0,10,12,22,0,0,11,24,35,0,40,40,75
12/13/2011,HSA,MS,ASO,CE,Federal Contract Tower,0,0,1,29,30,0,0,0,5,5,0,0,1,34,35,0,50,50,85
12/14/2011,HSA,MS,ASO,CE,Federal Contract Tower,0,0,6,14,20,0,0,1,6,7,0,0,7,20,27,0,16,16,43
12/15/2011,HSA,MS,ASO,CE,Federal Contract Tower,0,2,7,28,37,0,0,1,11,12,0,2,8,39,49,8,66,74,123
12/16/2011,HSA,MS,ASO,CE,Federal Contract Tower,0,0,3,6,9,0,0,7,0,7,0,0,10,6,16,15,0,15,31
12/17/2011,HSA,MS,ASO,CE,Federal Contract Tower,0,0,3,5,8,0,0,8,4,12,0,0,11,9,20,20,56,76,96
12/18/2011,HSA,MS,ASO,CE,Federal Contract Tower,0,0,1,0,1,0,0,24,0,24,0,0,25,0,25,26,0,26,51
12/19/2011,HSA,MS,ASO,CE,Federal Contract Tower,0,0,4,18,22,0,0,6,10,16,0,0,10,28,38,4,76,80,118
12/20/2011,HSA,MS,ASO,CE,Federal Contract Tower,0,0,7,18,25,0,0,0,0,0,0,0,7,18,25,0,24,24,49
12/21/2011,HSA,MS,ASO,CE,Federal Contract Tower,0,0,1,3,4,0,0,6,0,6,0,0,7,3,10,14,10,24,34
12/22/2011,HSA,MS,ASO,CE,Federal Contract Tower,0,2,0,5,7,0,0,0,1,1,0,2,0,6,8,0,0,0,8
12/23/2011,HSA,MS,ASO,CE,Federal Contract Tower,0,0,0,4,4,0,0,11,0,11,0,0,11,4,15,0,0,0,15
12/24/2011,HSA,MS,ASO,CE,Federal Contract Tower,0,0,3,0,3,0,0,1,0,1,0,0,4,0,4,0,0,0,4
12/25/2011,HSA,MS,ASO,CE,Federal Contract Tower,0,0,0,0,0,0,0,0,0,0,0,0,0,0,0,0,0,0,0
12/26/2011,HSA,MS,ASO,CE,Federal Contract Tower,0,2,0,0,2,0,0,0,0,0,0,2,0,0,2,0,0,0,2
12/27/2011,HSA,MS,ASO,CE,Federal Contract Tower,0,0,1,10,11,0,0,9,0,9,0,0,10,10,20,8,2,10,30
12/28/2011,HSA,MS,ASO,CE,Federal Contract Tower,0,0,3,5,8,0,0,13,5,18,0,0,16,10,26,19,28,47,73
12/29/2011,HSA,MS,ASO,CE,Federal Contract Tower,0,0,0,2,2,0,0,15,1,16,0,0,15,3,18,16,12,28,46
12/30/2011,HSA,MS,ASO,CE,Federal Contract Tower,0,0,4,0,4,0,0,5,0,5,0,0,9,0,9,12,0,12,21
12/31/2011,HSA,MS,ASO,CE,Federal Contract Tower,0,0,12,0,12,0,0,25,0,25,0,0,37,0,37,26,0,26,63
01/01/2012,HSA,MS,ASO,CE,Federal Contract Tower,0,0,11,6,17,0,0,0,0,0,0,0,11,6,17,8,0,8,25
01/02/2012,HSA,MS,ASO,CE,Federal Contract Tower,0,0,3,0,3,0,0,16,0,16,0,0,19,0,19,0,0,0,19
01/03/2012,HSA,MS,ASO,CE,Federal Contract Tower,0,0,2,6,8,0,0,7,16,23,0,0,9,22,31,0,0,0,31
01/04/2012,HSA,MS,ASO,CE,Federal Contract Tower,0,0,2,28,30,0,0,0,0,0,0,0,2,28,30,10,28,38,68
01/05/2012,HSA,MS,ASO,CE,Federal Contract Tower,0,0,2,3,5,0,0,19,13,32,0,0,21,16,37,14,32,46,83
01/06/2012,HSA,MS,ASO,CE,Federal Contract Tower,0,0,2,7,9,0,0,6,3,9,0,0,8,10,18,4,8,12,30
01/07/2012,HSA,MS,ASO,CE,Federal Contract Tower,0,0,2,1,3,0,0,7,2,9,0,0,9,3,12,0,18,18,30
01/08/2012,HSA,MS,ASO,CE,Federal Contract Tower,0,0,4,12,16,0,0,16,9,25,0,0,20,21,41,18,22,40,81
01/09/2012,HSA,MS,ASO,CE,Federal Contract Tower,0,0,2,36,38,0,0,6,13,19,0,0,8,49,57,6,12,18,75
01/10/2012,HSA,MS,ASO,CE,Federal Contract Tower,0,0,1,24,25,0,0,3,2,5,0,0,4,26,30,0,28,28,58
01/11/2012,HSA,MS,ASO,CE,Federal Contract Tower,0,0,0,24,24,0,0,3,9,12,0,0,3,33,36,6,42,48,84
01/12/2012,HSA,MS,ASO,CE,Federal Contract Tower,0,1,2,13,16,0,0,7,17,24,0,1,9,30,40,8,24,32,72
01/13/2012,HSA,MS,ASO,CE,Federal Contract Tower,0,0,4,13,17,0,0,19,3,22,0,0,23,16,39,42,12,54,93
01/14/2012,HSA,MS,ASO,CE,Federal Contract Tower,0,0,3,0,3,0,0,21,0,21,0,0,24,0,24,121,0,121,145
01/15/2012,HSA,MS,ASO,CE,Federal Contract Tower,0,0,5,0,5,0,0,7,0,7,0,0,12,0,12,6,0,6,18
01/16/2012,HSA,MS,ASO,CE,Federal Contract Tower,0,0,5,0,5,0,0,10,0,10,0,0,15,0,15,13,0,13,28
01/17/2012,HSA,MS,ASO,CE,Federal Contract Tower,0,1,4,7,12,0,0,5,2,7,0,1,9,9,19,0,6,6,25
01/18/2012,HSA,MS,ASO,CE,Federal Contract Tower,0,3,2,30,35,0,0,18,9,27,0,3,20,39,62,30,48,78,140
01/19/2012,HSA,MS,ASO,CE,Federal Contract Tower,0,0,2,36,38,0,0,7,16,23,0,0,9,52,61,4,60,64,125
01/20/2012,HSA,MS,ASO,CE,Federal Contract Tower,0,0,2,2,4,0,0,4,0,4,0,0,6,2,8,12,0,12,20
01/21/2012,HSA,MS,ASO,CE,Federal Contract Tower,0,0,7,0,7,0,0,2,0,2,0,0,9,0,9,0,0,0,9
01/22/2012,HSA,MS,ASO,CE,Federal Contract Tower,0,0,1,2,3,0,0,7,0,7,0,0,8,2,10,0,0,0,10
01/23/2012,HSA,MS,ASO,CE,Federal Contract Tower,0,0,16,33,49,0,0,5,9,14,0,0,21,42,63,0,54,54,117
01/24/2012,HSA,MS,ASO,CE,Federal Contract Tower,0,0,13,24,37,0,0,5,3,8,0,0,18,27,45,6,35,41,86
01/25/2012,HSA,MS,ASO,CE,Federal Contract Tower,0,0,1,2,3,0,0,2,3,5,0,0,3,5,8,0,16,16,24
01/26/2012,HSA,MS,ASO,CE,Federal Contract Tower,0,0,2,12,14,0,0,0,20,20,0,0,2,32,34,0,38,38,72
01/27/2012,HSA,MS,ASO,CE,Federal Contract Tower,0,0,4,11,15,0,0,12,20,32,0,0,16,31,47,8,12,20,67
01/28/2012,HSA,MS,ASO,CE,Federal Contract Tower,0,0,5,1,6,0,0,15,0,15,0,0,20,1,21,13,0,13,34
01/29/2012,HSA,MS,ASO,CE,Federal Contract Tower,0,0,6,0,6,0,0,35,0,35,0,0,41,0,41,75,0,75,116
01/30/2012,HSA,MS,ASO,CE,Federal Contract Tower,0,0,6,3,9,0,0,25,1,26,0,0,31,4,35,67,8,75,110
01/31/2012,HSA,MS,ASO,CE,Federal Contract Tower,0,0,9,8,17,0,0,14,0,14,0,0,23,8,31,4,0,4,35
02/01/2012,HSA,MS,ASO,CE,Federal Contract Tower,0,0,2,2,4,0,0,0,0,0,0,0,2,2,4,0,0,0,4
02/02/2012,HSA,MS,ASO,CE,Federal Contract Tower,0,0,2,4,6,0,0,5,0,5,0,0,7,4,11,8,0,8,19
02/03/2012,HSA,MS,ASO,CE,Federal Contract Tower,0,0,6,20,26,0,0,0,0,0,0,0,6,20,26,0,0,0,26
02/04/2012,HSA,MS,ASO,CE,Federal Contract Tower,0,0,2,2,4,0,0,0,0,0,0,0,2,2,4,0,0,0,4
02/05/2012,HSA,MS,ASO,CE,Federal Contract Tower,0,0,5,0,5,0,0,5,0,5,0,0,10,0,10,0,0,0,10
02/06/2012,HSA,MS,ASO,CE,Federal Contract Tower,0,0,0,9,9,0,0,8,1,9,0,0,8,10,18,6,6,12,30
02/07/2012,HSA,MS,ASO,CE,Federal Contract Tower,0,0,2,3,5,0,0,15,18,33,0,0,17,21,38,24,0,24,62
02/08/2012,HSA,MS,ASO,CE,Federal Contract Tower,0,0,1,29,30,0,0,13,5,18,0,0,14,34,48,23,74,97,145
02/09/2012,HSA,MS,ASO,CE,Federal Contract Tower,0,0,4,7,11,0,0,8,15,23,0,0,12,22,34,18,2,20,54
02/10/2012,HSA,MS,ASO,CE,Federal Contract Tower,0,0,4,6,10,0,0,7,2,9,0,0,11,8,19,0,14,14,33
02/11/2012,HSA,MS,ASO,CE,Federal Contract Tower,0,0,8,1,9,0,0,4,0,4,0,0,12,1,13,0,0,0,13
02/12/2012,HSA,MS,ASO,CE,Federal Contract Tower,0,0,5,4,9,0,0,12,2,14,0,0,17,6,23,12,4,16,39
02/13/2012,HSA,MS,ASO,CE,Federal Contract Tower,0,0,4,49,53,0,0,11,26,37,0,0,15,75,90,18,93,111,201
02/14/2012,HSA,MS,ASO,CE,Federal Contract Tower,0,0,0,6,6,0,0,7,20,27,0,0,7,26,33,18,34,52,85
02/15/2012,HSA,MS,ASO,CE,Federal Contract Tower,0,0,2,24,26,0,0,2,0,2,0,0,4,24,28,0,20,20,48
02/16/2012,HSA,MS,ASO,CE,Federal Contract Tower,0,0,4,20,24,0,0,3,4,7,0,0,7,24,31,2,45,47,78
02/17/2012,HSA,MS,ASO,CE,Federal Contract Tower,0,0,10,22,32,0,0,5,0,5,0,0,15,22,37,24,0,24,61
02/18/2012,HSA,MS,ASO,CE,Federal Contract Tower,0,0,2,0,2,0,0,0,0,0,0,0,2,0,2,0,0,0,2
02/19/2012,HSA,MS,ASO,CE,Federal Contract Tower,0,0,0,0,0,0,0,1,0,1,0,0,1,0,1,0,0,0,1
02/20/2012,HSA,MS,ASO,CE,Federal Contract Tower,0,0,18,0,18,0,0,37,0,37,0,0,55,0,55,10,0,10,65
02/21/2012,HSA,MS,ASO,CE,Federal Contract Tower,0,0,7,0,7,0,0,17,0,17,0,0,24,0,24,12,0,12,36
02/22/2012,HSA,MS,ASO,CE,Federal Contract Tower,0,0,9,69,78,0,0,4,0,4,0,0,13,69,82,0,35,35,117
02/23/2012,HSA,MS,ASO,CE,Federal Contract Tower,0,2,2,60,64,0,0,5,2,7,0,2,7,62,71,0,60,60,131
02/24/2012,HSA,MS,ASO,CE,Federal Contract Tower,0,0,7,5,12,0,0,13,0,13,0,0,20,5,25,16,8,24,49
02/25/2012,HSA,MS,ASO,CE,Federal Contract Tower,0,0,4,8,12,0,0,16,0,16,0,0,20,8,28,2,0,2,30
02/26/2012,HSA,MS,ASO,CE,Federal Contract Tower,0,0,7,1,8,0,0,1,0,1,0,0,8,1,9,6,0,6,15
02/27/2012,HSA,MS,ASO,CE,Federal Contract Tower,0,0,3,2,5,0,0,0,0,0,0,0,3,2,5,0,0,0,5
02/28/2012,HSA,MS,ASO,CE,Federal Contract Tower,0,0,18,0,18,0,0,0,0,0,0,0,18,0,18,0,0,0,18
02/29/2012,HSA,MS,ASO,CE,Federal Contract Tower,0,0,4,27,31,0,0,3,3,6,0,0,7,30,37,0,15,15,52
03/01/2012,HSA,MS,ASO,CE,Federal Contract Tower,0,0,4,16,20,0,0,3,0,3,0,0,7,16,23,6,24,30,53
03/02/2012,HSA,MS,ASO,CE,Federal Contract Tower,0,0,2,9,11,0,0,0,0,0,0,0,2,9,11,0,0,0,11
03/03/2012,HSA,MS,ASO,CE,Federal Contract Tower,0,0,2,3,5,0,0,0,0,0,0,0,2,3,5,0,0,0,5
03/04/2012,HSA,MS,ASO,CE,Federal Contract Tower,0,0,7,3,10,0,0,13,10,23,0,0,20,13,33,0,58,58,91
03/05/2012,HSA,MS,ASO,CE,Federal Contract Tower,0,0,7,2,9,0,0,14,18,32,0,0,21,20,41,2,66,68,109
03/06/2012,HSA,MS,ASO,CE,Federal Contract Tower,0,0,9,2,11,0,0,9,11,20,0,0,18,13,31,2,58,60,91
03/07/2012,HSA,MS,ASO,CE,Federal Contract Tower,0,1,3,13,17,0,0,4,26,30,0,1,7,39,47,0,0,0,47
03/08/2012,HSA,MS,ASO,CE,Federal Contract Tower,0,1,2,14,17,0,0,0,5,5,0,1,2,19,22,0,31,31,53
03/09/2012,HSA,MS,ASO,CE,Federal Contract Tower,0,0,4,23,27,0,0,3,6,9,0,0,7,29,36,6,60,66,102
03/10/2012,HSA,MS,ASO,CE,Federal Contract Tower,0,0,0,2,2,0,0,21,25,46,0,0,21,27,48,4,40,44,92
03/11/2012,HSA,MS,ASO,CE,Federal Contract Tower,0,0,7,12,19,0,0,3,0,3,0,0,10,12,22,0,0,0,22
03/12/2012,HSA,MS,ASO,CE,Federal Contract Tower,0,0,3,4,7,0,0,0,0,0,0,0,3,4,7,0,0,0,7
03/13/2012,HSA,MS,ASO,CE,Federal Contract Tower,0,0,6,21,27,0,0,5,14,19,0,0,11,35,46,4,55,59,105
03/14/2012,HSA,MS,ASO,CE,Federal Contract Tower,0,1,3,9,13,0,0,10,5,15,0,1,13,14,28,21,70,91,119
03/15/2012,HSA,MS,ASO,CE,Federal Contract Tower,0,0,2,29,31,0,0,8,28,36,0,0,10,57,67,20,75,95,162
03/16/2012,HSA,MS,ASO,CE,Federal Contract Tower,0,0,3,5,8,0,0,5,1,6,0,0,8,6,14,8,20,28,42
03/17/2012,HSA,MS,ASO,CE,Federal Contract Tower,0,0,3,1,4,0,0,6,0,6,0,0,9,1,10,36,0,36,46
03/18/2012,HSA,MS,ASO,CE,Federal Contract Tower,0,0,6,4,10,0,0,15,0,15,0,0,21,4,25,40,0,40,65
03/19/2012,HSA,MS,ASO,CE,Federal Contract Tower,0,2,8,6,16,0,0,7,5,12,0,2,15,11,28,22,14,36,64
03/20/2012,HSA,MS,ASO,CE,Federal Contract Tower,0,0,5,26,31,0,0,2,7,9,0,0,7,33,40,2,18,20,60
03/21/2012,HSA,MS,ASO,CE,Federal Contract Tower,0,0,2,2,4,0,0,0,0,0,0,0,2,2,4,0,0,0,4
03/22/2012,HSA,MS,ASO,CE,Federal Contract Tower,0,0,1,4,5,0,0,0,4,4,0,0,1,8,9,0,0,0,9
03/23/2012,HSA,MS,ASO,CE,Federal Contract Tower,0,0,6,1,7,0,0,2,4,6,0,0,8,5,13,16,0,16,29
03/24/2012,HSA,MS,ASO,CE,Federal Contract Tower,0,0,4,0,4,0,0,19,0,19,0,0,23,0,23,52,0,52,75
03/25/2012,HSA,MS,ASO,CE,Federal Contract Tower,0,0,5,0,5,0,0,27,0,27,0,0,32,0,32,26,0,26,58
03/26/2012,HSA,MS,ASO,CE,Federal Contract Tower,0,0,1,11,12,0,0,17,10,27,0,0,18,21,39,20,41,61,100
03/27/2012,HSA,MS,ASO,CE,Federal Contract Tower,0,0,5,22,27,0,0,14,18,32,0,0,19,40,59,14,60,74,133
03/28/2012,HSA,MS,ASO,CE,Federal Contract Tower,0,2,16,0,18,0,0,10,2,12,0,2,26,2,30,0,21,21,51
03/29/2012,HSA,MS,ASO,CE,Federal Contract Tower,0,0,3,15,18,0,0,13,4,17,0,0,16,19,35,14,52,66,101
03/30/2012,HSA,MS,ASO,CE,Federal Contract Tower,0,0,3,3,6,0,0,8,0,8,0,0,11,3,14,4,0,4,18
03/31/2012,HSA,MS,ASO,CE,Federal Contract Tower,0,0,2,0,2,0,0,11,0,11,0,0,13,0,13,32,0,32,45
04/01/2012,HSA,MS,ASO,CE,Federal Contract Tower,0,0,5,0,5,0,0,21,0,21,0,0,26,0,26,0,0,0,26
04/02/2012,HSA,MS,ASO,CE,Federal Contract Tower,0,0,5,18,23,0,0,8,4,12,0,0,13,22,35,6,12,18,53
04/03/2012,HSA,MS,ASO,CE,Federal Contract Tower,0,0,14,33,47,0,0,23,17,40,0,0,37,50,87,14,70,84,171
04/04/2012,HSA,MS,ASO,CE,Federal Contract Tower,0,0,0,13,13,0,0,3,2,5,0,0,3,15,18,2,4,6,24
04/05/2012,HSA,MS,ASO,CE,Federal Contract Tower,0,0,5,25,30,0,0,9,2,11,0,0,14,27,41,0,18,18,59
04/06/2012,HSA,MS,ASO,CE,Federal Contract Tower,0,0,7,11,18,0,0,15,0,15,0,0,22,11,33,4,24,28,61
04/07/2012,HSA,MS,ASO,CE,Federal Contract Tower,0,0,3,0,3,0,0,9,0,9,0,0,12,0,12,6,0,6,18
04/08/2012,HSA,MS,ASO,CE,Federal Contract Tower,0,0,1,0,1,0,0,16,0,16,0,0,17,0,17,4,0,4,21
04/09/2012,HSA,MS,ASO,CE,Federal Contract Tower,0,0,5,19,24,0,0,15,3,18,0,0,20,22,42,16,51,67,109
04/10/2012,HSA,MS,ASO,CE,Federal Contract Tower,0,0,1,34,35,0,0,22,4,26,0,0,23,38,61,18,38,56,117
04/11/2012,HSA,MS,ASO,CE,Federal Contract Tower,0,0,6,38,44,0,0,14,4,18,0,0,20,42,62,12,40,52,114
04/12/2012,HSA,MS,ASO,CE,Federal Contract Tower,0,0,8,20,28,0,0,15,16,31,0,0,23,36,59,5,41,46,105
04/13/2012,HSA,MS,ASO,CE,Federal Contract Tower,0,6,0,0,6,0,0,12,6,18,0,6,12,6,24,44,8,52,76
04/14/2012,HSA,MS,ASO,CE,Federal Contract Tower,0,0,1,0,1,0,0,5,2,7,0,0,6,2,8,4,18,22,30
04/15/2012,HSA,MS,ASO,CE,Federal Contract Tower,0,0,0,2,2,0,0,5,0,5,0,0,5,2,7,0,0,0,7
04/16/2012,HSA,MS,ASO,CE,Federal Contract Tower,0,2,4,1,7,0,0,10,4,14,0,2,14,5,21,0,10,10,31
04/17/2012,HSA,MS,ASO,CE,Federal Contract Tower,0,0,2,1,3,0,0,2,0,2,0,0,4,1,5,0,0,0,5
04/18/2012,HSA,MS,ASO,CE,Federal Contract Tower,0,0,5,20,25,0,0,6,4,10,0,0,11,24,35,2,38,40,75
04/19/2012,HSA,MS,ASO,CE,Federal Contract Tower,0,0,4,11,15,0,0,12,3,15,0,0,16,14,30,15,24,39,69
04/20/2012,HSA,MS,ASO,CE,Federal Contract Tower,0,0,0,18,18,0,0,23,0,23,0,0,23,18,41,20,0,20,61
04/21/2012,HSA,MS,ASO,CE,Federal Contract Tower,0,0,8,0,8,0,0,0,0,0,0,0,8,0,8,0,0,0,8
04/22/2012,HSA,MS,ASO,CE,Federal Contract Tower,0,0,6,2,8,0,0,11,0,11,0,0,17,2,19,32,0,32,51
04/23/2012,HSA,MS,ASO,CE,Federal Contract Tower,0,0,1,8,9,0,0,15,26,41,0,0,16,34,50,20,38,58,108
04/24/2012,HSA,MS,ASO,CE,Federal Contract Tower,0,0,3,15,18,0,0,37,13,50,0,0,40,28,68,26,61,87,155
04/25/2012,HSA,MS,ASO,CE,Federal Contract Tower,0,0,6,17,23,0,0,28,3,31,0,0,34,20,54,26,22,48,102
04/26/2012,HSA,MS,ASO,CE,Federal Contract Tower,0,0,2,12,14,0,0,10,0,10,0,0,12,12,24,4,36,40,64
04/27/2012,HSA,MS,ASO,CE,Federal Contract Tower,0,0,3,0,3,0,0,25,4,29,0,0,28,4,32,64,6,70,102
04/28/2012,HSA,MS,ASO,CE,Federal Contract Tower,0,0,7,3,10,0,0,12,0,12,0,0,19,3,22,42,0,42,64
04/29/2012,HSA,MS,ASO,CE,Federal Contract Tower,0,0,3,0,3,0,0,14,2,16,0,0,17,2,19,34,18,52,71
04/30/2012,HSA,MS,ASO,CE,Federal Contract Tower,0,0,5,34,39,0,0,13,14,27,0,0,18,48,66,14,34,48,114
05/01/2012,HSA,MS,ASO,CE,Federal Contract Tower,0,0,8,28,36,0,0,14,27,41,0,0,22,55,77,0,68,68,145
05/02/2012,HSA,MS,ASO,CE,Federal Contract Tower,0,0,3,0,3,0,0,1,0,1,0,0,4,0,4,0,0,0,4
05/03/2012,HSA,MS,ASO,CE,Federal Contract Tower,0,0,8,22,30,0,0,6,2,8,0,0,14,24,38,10,46,56,94
05/04/2012,HSA,MS,ASO,CE,Federal Contract Tower,0,0,4,26,30,0,0,19,3,22,0,0,23,29,52,12,11,23,75
05/05/2012,HSA,MS,ASO,CE,Federal Contract Tower,0,0,5,0,5,0,0,7,0,7,0,0,12,0,12,40,0,40,52
05/06/2012,HSA,MS,ASO,CE,Federal Contract Tower,0,0,5,1,6,0,0,8,0,8,0,0,13,1,14,2,0,2,16
05/07/2012,HSA,MS,ASO,CE,Federal Contract Tower,0,0,1,10,11,0,0,21,0,21,0,0,22,10,32,4,8,12,44
05/08/2012,HSA,MS,ASO,CE,Federal Contract Tower,0,2,3,22,27,0,0,19,14,33,0,2,22,36,60,16,42,58,118
05/09/2012,HSA,MS,ASO,CE,Federal Contract Tower,0,0,6,11,17,0,0,15,1,16,0,0,21,12,33,10,9,19,52
05/10/2012,HSA,MS,ASO,CE,Federal Contract Tower,0,0,6,0,6,0,0,19,5,24,0,0,25,5,30,6,20,26,56
05/11/2012,HSA,MS,ASO,CE,Federal Contract Tower,0,0,1,0,1,0,0,6,4,10,0,0,7,4,11,0,4,4,15
05/12/2012,HSA,MS,ASO,CE,Federal Contract Tower,0,0,1,4,5,0,0,3,0,3,0,0,4,4,8,0,0,0,8
05/13/2012,HSA,MS,ASO,CE,Federal Contract Tower,0,2,3,0,5,0,0,0,0,0,0,2,3,0,5,0,0,0,5
05/14/2012,HSA,MS,ASO,CE,Federal Contract Tower,0,0,5,16,21,0,0,29,6,35,0,0,34,22,56,0,36,36,92
05/15/2012,HSA,MS,ASO,CE,Federal Contract Tower,0,0,7,19,26,0,0,21,13,34,0,0,28,32,60,22,91,113,173
05/16/2012,HSA,MS,ASO,CE,Federal Contract Tower,0,2,0,17,19,0,0,10,8,18,0,2,10,25,37,0,58,58,95
05/17/2012,HSA,MS,ASO,CE,Federal Contract Tower,0,0,3,7,10,0,0,21,1,22,0,0,24,8,32,12,4,16,48
05/18/2012,HSA,MS,ASO,CE,Federal Contract Tower,0,0,5,7,12,0,0,20,5,25,0,0,25,12,37,10,126,136,173
05/19/2012,HSA,MS,ASO,CE,Federal Contract Tower,0,0,4,0,4,0,0,15,0,15,0,0,19,0,19,50,0,50,69
05/20/2012,HSA,MS,ASO,CE,Federal Contract Tower,0,1,2,0,3,0,0,20,0,20,0,1,22,0,23,32,2,34,57
05/21/2012,HSA,MS,ASO,CE,Federal Contract Tower,0,0,2,5,7,0,0,20,10,30,0,0,22,15,37,37,0,37,74
05/22/2012,HSA,MS,ASO,CE,Federal Contract Tower,0,0,4,10,14,0,0,18,16,34,0,0,22,26,48,22,125,147,195
05/23/2012,HSA,MS,ASO,CE,Federal Contract Tower,0,0,1,6,7,0,0,17,4,21,0,0,18,10,28,4,34,38,66
05/24/2012,HSA,MS,ASO,CE,Federal Contract Tower,0,0,2,0,2,0,0,14,5,19,0,0,16,5,21,0,60,60,81
05/25/2012,HSA,MS,ASO,CE,Federal Contract Tower,0,0,8,0,8,0,0,11,0,11,0,0,19,0,19,4,0,4,23
05/26/2012,HSA,MS,ASO,CE,Federal Contract Tower,0,0,1,0,1,0,0,13,0,13,0,0,14,0,14,50,0,50,64
05/27/2012,HSA,MS,ASO,CE,Federal Contract Tower,0,0,0,0,0,0,0,7,0,7,0,0,7,0,7,4,0,4,11
05/28/2012,HSA,MS,ASO,CE,Federal Contract Tower,0,0,6,0,6,0,0,15,0,15,0,0,21,0,21,0,0,0,21
05/29/2012,HSA,MS,ASO,CE,Federal Contract Tower,0,0,1,15,16,0,0,3,1,4,0,0,4,16,20,0,14,14,34
05/30/2012,HSA,MS,ASO,CE,Federal Contract Tower,0,0,4,18,22,0,0,18,4,22,0,0,22,22,44,2,10,12,56
05/31/2012,HSA,MS,ASO,CE,Federal Contract Tower,0,0,8,31,39,0,0,7,8,15,0,0,15,39,54,2,60,62,116
06/01/2012,HSA,MS,ASO,CE,Federal Contract Tower,0,0,12,17,29,0,0,12,5,17,0,0,24,22,46,10,38,48,94
06/02/2012,HSA,MS,ASO,CE,Federal Contract Tower,0,0,5,0,5,0,0,17,1,18,0,0,22,1,23,30,4,34,57
06/03/2012,HSA,MS,ASO,CE,Federal Contract Tower,0,0,5,2,7,0,0,25,0,25,0,0,30,2,32,8,0,8,40
06/04/2012,HSA,MS,ASO,CE,Federal Contract Tower,0,0,2,12,14,0,0,4,20,24,0,0,6,32,38,10,76,86,124
06/05/2012,HSA,MS,ASO,CE,Federal Contract Tower,0,0,4,56,60,0,0,16,21,37,0,0,20,77,97,26,84,110,207
06/06/2012,HSA,MS,ASO,CE,Federal Contract Tower,0,0,3,28,31,0,0,8,1,9,0,0,11,29,40,0,38,38,78
06/07/2012,HSA,MS,ASO,CE,Federal Contract Tower,0,0,8,11,19,0,0,9,2,11,0,0,17,13,30,6,26,32,62
06/08/2012,HSA,MS,ASO,CE,Federal Contract Tower,0,0,2,3,5,0,0,2,1,3,0,0,4,4,8,0,0,0,8
06/09/2012,HSA,MS,ASO,CE,Federal Contract Tower,0,0,2,0,2,0,0,3,0,3,0,0,5,0,5,0,0,0,5
06/10/2012,HSA,MS,ASO,CE,Federal Contract Tower,0,0,1,0,1,0,0,0,0,0,0,0,1,0,1,0,0,0,1
06/11/2012,HSA,MS,ASO,CE,Federal Contract Tower,0,0,6,12,18,0,0,21,6,27,0,0,27,18,45,0,0,0,45
06/12/2012,HSA,MS,ASO,CE,Federal Contract Tower,0,0,1,20,21,0,0,19,10,29,0,0,20,30,50,2,40,42,92
06/13/2012,HSA,MS,ASO,CE,Federal Contract Tower,0,0,9,17,26,0,0,26,9,35,0,0,35,26,61,8,33,41,102
06/14/2012,HSA,MS,ASO,CE,Federal Contract Tower,0,0,5,5,10,0,0,19,8,27,0,0,24,13,37,10,21,31,68
06/15/2012,HSA,MS,ASO,CE,Federal Contract Tower,0,0,7,12,19,0,0,25,13,38,0,0,32,25,57,4,54,58,115
06/16/2012,HSA,MS,ASO,CE,Federal Contract Tower,0,0,1,0,1,0,0,10,0,10,0,0,11,0,11,48,0,48,59
06/17/2012,HSA,MS,ASO,CE,Federal Contract Tower,0,0,3,0,3,0,0,7,1,8,0,0,10,1,11,38,0,38,49
06/18/2012,HSA,MS,ASO,CE,Federal Contract Tower,0,1,1,7,9,0,0,4,22,26,0,1,5,29,35,0,38,38,73
06/19/2012,HSA,MS,ASO,CE,Federal Contract Tower,0,0,5,7,12,0,0,13,20,33,0,0,18,27,45,0,4,4,49
06/20/2012,HSA,MS,ASO,CE,Federal Contract Tower,0,0,5,21,26,0,0,14,11,25,0,0,19,32,51,14,53,67,118
06/21/2012,HSA,MS,ASO,CE,Federal Contract Tower,0,0,2,25,27,0,0,30,19,49,0,0,32,44,76,2,108,110,186
06/22/2012,HSA,MS,ASO,CE,Federal Contract Tower,0,2,4,4,10,0,0,6,2,8,0,2,10,6,18,0,0,0,18
06/23/2012,HSA,MS,ASO,CE,Federal Contract Tower,0,1,4,0,5,0,0,13,3,16,0,1,17,3,21,54,0,54,75
06/24/2012,HSA,MS,ASO,CE,Federal Contract Tower,0,0,4,0,4,0,0,11,0,11,0,0,15,0,15,28,0,28,43
06/25/2012,HSA,MS,ASO,CE,Federal Contract Tower,0,0,1,11,12,0,0,11,12,23,0,0,12,23,35,0,19,19,54
06/26/2012,HSA,MS,ASO,CE,Federal Contract Tower,0,0,4,17,21,0,0,18,35,53,0,0,22,52,74,32,23,55,129
06/27/2012,HSA,MS,ASO,CE,Federal Contract Tower,0,0,3,17,20,0,0,14,7,21,0,0,17,24,41,13,38,51,92
06/28/2012,HSA,MS,ASO,CE,Federal Contract Tower,0,0,3,6,9,0,0,6,13,19,0,0,9,19,28,0,0,0,28
06/29/2012,HSA,MS,ASO,CE,Federal Contract Tower,0,0,5,2,7,0,0,4,0,4,0,0,9,2,11,4,0,4,15
06/30/2012,HSA,MS,ASO,CE,Federal Contract Tower,0,0,3,2,5,0,0,25,0,25,0,0,28,2,30,14,0,14,44
07/01/2012,HSA,MS,ASO,CE,Federal Contract Tower,0,0,1,0,1,0,0,6,0,6,0,0,7,0,7,0,0,0,7
07/02/2012,HSA,MS,ASO,CE,Federal Contract Tower,0,0,1,4,5,0,0,5,14,19,0,0,6,18,24,0,14,14,38
07/03/2012,HSA,MS,ASO,CE,Federal Contract Tower,0,1,5,11,17,0,0,13,7,20,0,1,18,18,37,14,10,24,61
07/04/2012,HSA,MS,ASO,CE,Federal Contract Tower,0,0,1,2,3,0,0,16,0,16,0,0,17,2,19,6,0,6,25
07/05/2012,HSA,MS,ASO,CE,Federal Contract Tower,0,0,2,11,13,0,0,20,18,38,0,0,22,29,51,22,6,28,79
07/06/2012,HSA,MS,ASO,CE,Federal Contract Tower,0,0,2,0,2,0,0,14,0,14,0,0,16,0,16,6,0,6,22
07/07/2012,HSA,MS,ASO,CE,Federal Contract Tower,0,0,2,1,3,0,0,9,0,9,0,0,11,1,12,24,0,24,36
07/08/2012,HSA,MS,ASO,CE,Federal Contract Tower,0,0,3,0,3,0,0,8,0,8,0,0,11,0,11,8,0,8,19
07/09/2012,HSA,MS,ASO,CE,Federal Contract Tower,0,0,0,6,6,0,0,9,6,15,0,0,9,12,21,12,0,12,33
07/10/2012,HSA,MS,ASO,CE,Federal Contract Tower,0,0,3,2,5,0,0,1,5,6,0,0,4,7,11,0,10,10,21
07/11/2012,HSA,MS,ASO,CE,Federal Contract Tower,0,0,3,9,12,0,0,20,15,35,0,0,23,24,47,0,39,39,86
07/12/2012,HSA,MS,ASO,CE,Federal Contract Tower,0,0,5,23,28,0,0,3,2,5,0,0,8,25,33,0,44,44,77
07/13/2012,HSA,MS,ASO,CE,Federal Contract Tower,0,0,2,5,7,0,0,11,19,30,0,0,13,24,37,6,2,8,45
07/14/2012,HSA,MS,ASO,CE,Federal Contract Tower,0,1,4,0,5,0,0,0,0,0,0,1,4,0,5,0,0,0,5
07/15/2012,HSA,MS,ASO,CE,Federal Contract Tower,0,0,6,13,19,0,0,11,0,11,0,0,17,13,30,8,0,8,38
07/16/2012,HSA,MS,ASO,CE,Federal Contract Tower,0,0,3,20,23,0,0,23,23,46,0,0,26,43,69,4,92,96,165
07/17/2012,HSA,MS,ASO,CE,Federal Contract Tower,0,0,15,0,15,0,0,9,30,39,0,0,24,30,54,2,48,50,104
07/18/2012,HSA,MS,ASO,CE,Federal Contract Tower,0,0,2,26,28,0,0,11,31,42,0,0,13,57,70,12,60,72,142
07/19/2012,HSA,MS,ASO,CE,Federal Contract Tower,0,0,0,8,8,0,0,14,14,28,0,0,14,22,36,0,40,40,76
07/20/2012,HSA,MS,ASO,CE,Federal Contract Tower,0,0,8,4,12,0,0,5,14,19,0,0,13,18,31,0,0,0,31
07/21/2012,HSA,MS,ASO,CE,Federal Contract Tower,0,0,2,5,7,0,0,17,32,49,0,0,19,37,56,8,8,16,72
07/22/2012,HSA,MS,ASO,CE,Federal Contract Tower,0,0,1,0,1,0,0,13,25,38,0,0,14,25,39,18,14,32,71
07/23/2012,HSA,MS,ASO,CE,Federal Contract Tower,0,0,2,12,14,0,0,15,29,44,0,0,17,41,58,8,58,66,124
07/24/2012,HSA,MS,ASO,CE,Federal Contract Tower,0,0,3,24,27,0,0,15,16,31,0,0,18,40,58,0,70,70,128
07/25/2012,HSA,MS,ASO,CE,Federal Contract Tower,0,0,8,12,20,0,0,6,21,27,0,0,14,33,47,0,138,138,185
07/26/2012,HSA,MS,ASO,CE,Federal Contract Tower,0,0,5,10,15,0,0,8,10,18,0,0,13,20,33,0,47,47,80
07/27/2012,HSA,MS,ASO,CE,Federal Contract Tower,0,0,1,7,8,0,0,10,24,34,0,0,11,31,42,6,0,6,48
07/28/2012,HSA,MS,ASO,CE,Federal Contract Tower,0,0,0,1,1,0,0,9,0,9,0,0,9,1,10,2,0,2,12
07/29/2012,HSA,MS,ASO,CE,Federal Contract Tower,0,0,5,3,8,0,0,19,0,19,0,0,24,3,27,12,0,12,39
07/30/2012,HSA,MS,ASO,CE,Federal Contract Tower,0,0,2,5,7,0,0,13,8,21,0,0,15,13,28,16,6,22,50
07/31/2012,HSA,MS,ASO,CE,Federal Contract Tower,0,0,7,18,25,0,0,11,23,34,0,0,18,41,59,12,29,41,100
08/01/2012,HSA,MS,ASO,CE,Federal Contract Tower,0,0,4,3,7,0,0,21,2,23,0,0,25,5,30,12,32,44,74
08/02/2012,HSA,MS,ASO,CE,Federal Contract Tower,0,0,2,8,10,0,0,21,12,33,0,0,23,20,43,30,30,60,103
08/03/2012,HSA,MS,ASO,CE,Federal Contract Tower,0,0,5,7,12,0,0,11,0,11,0,0,16,7,23,0,0,0,23
08/04/2012,HSA,MS,ASO,CE,Federal Contract Tower,0,0,0,2,2,0,0,19,0,19,0,0,19,2,21,22,0,22,43
08/05/2012,HSA,MS,ASO,CE,Federal Contract Tower,0,0,4,2,6,0,0,11,0,11,0,0,15,2,17,28,0,28,45
08/06/2012,HSA,MS,ASO,CE,Federal Contract Tower,0,2,3,10,15,0,0,13,9,22,0,2,16,19,37,0,22,22,59
08/07/2012,HSA,MS,ASO,CE,Federal Contract Tower,0,0,10,31,41,0,0,21,10,31,0,0,31,41,72,39,42,81,153
08/08/2012,HSA,MS,ASO,CE,Federal Contract Tower,0,0,4,11,15,0,0,19,3,22,0,0,23,14,37,10,30,40,77
08/09/2012,HSA,MS,ASO,CE,Federal Contract Tower,0,0,2,2,4,0,0,7,0,7,0,0,9,2,11,0,0,0,11
08/10/2012,HSA,MS,ASO,CE,Federal Contract Tower,0,0,3,1,4,0,0,12,0,12,0,0,15,1,16,0,0,0,16
08/11/2012,HSA,MS,ASO,CE,Federal Contract Tower,0,0,1,0,1,0,0,6,0,6,0,0,7,0,7,4,0,4,11
08/12/2012,HSA,MS,ASO,CE,Federal Contract Tower,0,0,7,3,10,0,0,18,0,18,0,0,25,3,28,10,0,10,38
08/13/2012,HSA,MS,ASO,CE,Federal Contract Tower,0,0,4,7,11,0,0,9,5,14,0,0,13,12,25,12,20,32,57
08/14/2012,HSA,MS,ASO,CE,Federal Contract Tower,0,0,2,17,19,0,0,18,41,59,0,0,20,58,78,6,92,98,176
08/15/2012,HSA,MS,ASO,CE,Federal Contract Tower,0,0,7,15,22,0,0,10,4,14,0,0,17,19,36,6,44,50,86
08/16/2012,HSA,MS,ASO,CE,Federal Contract Tower,0,1,6,4,11,0,0,14,6,20,0,1,20,10,31,4,10,14,45
08/17/2012,HSA,MS,ASO,CE,Federal Contract Tower,0,0,4,6,10,0,0,2,3,5,0,0,6,9,15,0,6,6,21
08/18/2012,HSA,MS,ASO,CE,Federal Contract Tower,0,0,2,0,2,0,0,10,0,10,0,0,12,0,12,10,0,10,22
08/19/2012,HSA,MS,ASO,CE,Federal Contract Tower,0,0,1,0,1,0,0,1,0,1,0,0,2,0,2,0,0,0,2
08/20/2012,HSA,MS,ASO,CE,Federal Contract Tower,0,0,1,4,5,0,0,12,16,28,0,0,13,20,33,10,52,62,95
08/21/2012,HSA,MS,ASO,CE,Federal Contract Tower,0,0,4,23,27,0,0,11,17,28,0,0,15,40,55,2,87,89,144
08/22/2012,HSA,MS,ASO,CE,Federal Contract Tower,0,0,1,32,33,0,0,19,2,21,0,0,20,34,54,15,22,37,91
08/23/2012,HSA,MS,ASO,CE,Federal Contract Tower,0,2,10,5,17,0,0,16,4,20,0,2,26,9,37,4,48,52,89
08/24/2012,HSA,MS,ASO,CE,Federal Contract Tower,0,0,5,0,5,0,0,12,0,12,0,0,17,0,17,8,0,8,25
08/25/2012,HSA,MS,ASO,CE,Federal Contract Tower,0,0,6,5,11,0,0,15,0,15,0,0,21,5,26,12,0,12,38
08/26/2012,HSA,MS,ASO,CE,Federal Contract Tower,0,0,1,1,2,0,0,17,0,17,0,0,18,1,19,4,0,4,23
08/27/2012,HSA,MS,ASO,CE,Federal Contract Tower,0,0,5,4,9,0,0,11,2,13,0,0,16,6,22,2,6,8,30
08/28/2012,HSA,MS,ASO,CE,Federal Contract Tower,0,0,0,0,0,0,0,0,0,0,0,0,0,0,0,0,0,0,0
08/29/2012,HSA,MS,ASO,CE,Federal Contract Tower,0,0,0,0,0,0,0,0,0,0,0,0,0,0,0,0,0,0,0
08/30/2012,HSA,MS,ASO,CE,Federal Contract Tower,0,0,1,0,1,0,0,5,0,5,0,0,6,0,6,0,0,0,6
08/31/2012,HSA,MS,ASO,CE,Federal Contract Tower,0,0,6,0,6,0,0,17,4,21,0,0,23,4,27,0,8,8,35
09/01/2012,HSA,MS,ASO,CE,Federal Contract Tower,0,0,6,2,8,0,0,14,0,14,0,0,20,2,22,8,0,8,30
09/02/2012,HSA,MS,ASO,CE,Federal Contract Tower,0,1,1,4,6,0,0,9,6,15,0,1,10,10,21,0,0,0,21
09/03/2012,HSA,MS,ASO,CE,Federal Contract Tower,0,1,6,0,7,0,0,18,0,18,0,1,24,0,25,2,0,2,27
09/04/2012,HSA,MS,ASO,CE,Federal Contract Tower,0,0,3,10,13,0,0,3,0,3,0,0,6,10,16,0,0,0,16
09/05/2012,HSA,MS,ASO,CE,Federal Contract Tower,0,0,5,15,20,0,0,8,6,14,0,0,13,21,34,10,0,10,44
09/06/2012,HSA,MS,ASO,CE,Federal Contract Tower,0,0,1,1,2,0,0,16,0,16,0,0,17,1,18,4,0,4,22
09/07/2012,HSA,MS,ASO,CE,Federal Contract Tower,0,0,6,17,23,0,0,18,0,18,0,0,24,17,41,10,38,48,89
09/08/2012,HSA,MS,ASO,CE,Federal Contract Tower,0,0,3,1,4,0,0,14,0,14,0,0,17,1,18,10,0,10,28
09/09/2012,HSA,MS,ASO,CE,Federal Contract Tower,0,0,1,0,1,0,0,28,0,28,0,0,29,0,29,24,0,24,53
09/10/2012,HSA,MS,ASO,CE,Federal Contract Tower,0,2,2,6,10,0,0,23,0,23,0,2,25,6,33,8,8,16,49
09/11/2012,HSA,MS,ASO,CE,Federal Contract Tower,0,2,3,38,43,0,0,17,9,26,0,2,20,47,69,2,67,69,138
09/12/2012,HSA,MS,ASO,CE,Federal Contract Tower,0,0,13,25,38,0,0,16,4,20,0,0,29,29,58,10,10,20,78
09/13/2012,HSA,MS,ASO,CE,Federal Contract Tower,0,0,3,11,14,0,0,20,4,24,0,0,23,15,38,2,47,49,87
09/14/2012,HSA,MS,ASO,CE,Federal Contract Tower,0,0,8,8,16,0,0,22,0,22,0,0,30,8,38,20,0,20,58
09/15/2012,HSA,MS,ASO,CE,Federal Contract Tower,0,0,3,3,6,0,0,16,0,16,0,0,19,3,22,12,0,12,34
09/16/2012,HSA,MS,ASO,CE,Federal Contract Tower,0,0,3,12,15,0,0,25,0,25,0,0,28,12,40,2,14,16,56
09/17/2012,HSA,MS,ASO,CE,Federal Contract Tower,0,0,5,0,5,0,0,5,0,5,0,0,10,0,10,0,0,0,10
09/18/2012,HSA,MS,ASO,CE,Federal Contract Tower,0,2,2,23,27,0,0,7,12,19,0,2,9,35,46,0,36,36,82
09/19/2012,HSA,MS,ASO,CE,Federal Contract Tower,0,0,2,6,8,0,0,23,6,29,0,0,25,12,37,29,10,39,76
09/20/2012,HSA,MS,ASO,CE,Federal Contract Tower,0,0,7,22,29,0,0,16,0,16,0,0,23,22,45,23,6,29,74
09/21/2012,HSA,MS,ASO,CE,Federal Contract Tower,0,0,5,16,21,0,0,24,2,26,0,0,29,18,47,14,44,58,105
09/22/2012,HSA,MS,ASO,CE,Federal Contract Tower,0,0,5,2,7,0,0,18,0,18,0,0,23,2,25,44,0,44,69
09/23/2012,HSA,MS,ASO,CE,Federal Contract Tower,0,0,5,11,16,0,0,15,0,15,0,0,20,11,31,2,26,28,59
09/24/2012,HSA,MS,ASO,CE,Federal Contract Tower,0,0,4,18,22,0,0,19,0,19,0,0,23,18,41,6,18,24,65
09/25/2012,HSA,MS,ASO,CE,Federal Contract Tower,0,0,7,34,41,0,0,18,22,40,0,0,25,56,81,10,76,86,167
09/26/2012,HSA,MS,ASO,CE,Federal Contract Tower,0,0,3,18,21,0,0,8,0,8,0,0,11,18,29,10,48,58,87
09/27/2012,HSA,MS,ASO,CE,Federal Contract Tower,0,0,4,28,32,0,0,13,0,13,0,0,17,28,45,2,42,44,89
09/28/2012,HSA,MS,ASO,CE,Federal Contract Tower,0,0,4,24,28,0,0,6,2,8,0,0,10,26,36,0,36,36,72
09/29/2012,HSA,MS,ASO,CE,Federal Contract Tower,0,0,2,0,2,0,0,0,0,0,0,0,2,0,2,0,0,0,2
09/30/2012,HSA,MS,ASO,CE,Federal Contract Tower,0,0,0,0,0,0,0,0,0,0,0,0,0,0,0,0,0,0,0
10/01/2012,HSA,MS,ASO,CE,Federal Contract Tower,0,0,1,23,24,0,0,8,0,8,0,0,9,23,32,0,14,14,46
10/02/2012,HSA,MS,ASO,CE,Federal Contract Tower,0,0,2,34,36,0,0,22,17,39,0,0,24,51,75,24,137,161,236
10/03/2012,HSA,MS,ASO,CE,Federal Contract Tower,0,0,3,26,29,0,0,17,1,18,0,0,20,27,47,6,38,44,91
10/04/2012,HSA,MS,ASO,CE,Federal Contract Tower,0,0,2,20,22,0,0,13,2,15,0,0,15,22,37,4,26,30,67
10/05/2012,HSA,MS,ASO,CE,Federal Contract Tower,0,2,5,13,20,0,0,15,0,15,0,2,20,13,35,6,0,6,41
10/06/2012,HSA,MS,ASO,CE,Federal Contract Tower,0,0,10,6,16,0,0,27,4,31,0,0,37,10,47,10,6,16,63
10/07/2012,HSA,MS,ASO,CE,Federal Contract Tower,0,0,6,0,6,0,0,11,10,21,0,0,17,10,27,0,0,0,27
10/08/2012,HSA,MS,ASO,CE,Federal Contract Tower,0,0,8,1,9,0,0,11,0,11,0,0,19,1,20,7,0,7,27
10/09/2012,HSA,MS,ASO,CE,Federal Contract Tower,0,0,5,8,13,0,0,15,30,45,0,0,20,38,58,0,46,46,104
10/10/2012,HSA,MS,ASO,CE,Federal Contract Tower,0,0,4,47,51,0,0,19,10,29,0,0,23,57,80,4,68,72,152
10/11/2012,HSA,MS,ASO,CE,Federal Contract Tower,0,0,3,10,13,0,0,11,7,18,0,0,14,17,31,16,14,30,61
10/12/2012,HSA,MS,ASO,CE,Federal Contract Tower,0,0,1,10,11,0,0,10,3,13,0,0,11,13,24,20,40,60,84
10/13/2012,HSA,MS,ASO,CE,Federal Contract Tower,0,0,2,3,5,0,0,10,1,11,0,0,12,4,16,8,14,22,38
10/14/2012,HSA,MS,ASO,CE,Federal Contract Tower,0,0,6,0,6,0,0,6,0,6,0,0,12,0,12,7,0,7,19
10/15/2012,HSA,MS,ASO,CE,Federal Contract Tower,0,0,2,28,30,0,0,12,1,13,0,0,14,29,43,15,40,55,98
10/16/2012,HSA,MS,ASO,CE,Federal Contract Tower,0,0,4,30,34,0,0,15,24,39,0,0,19,54,73,8,18,26,99
10/17/2012,HSA,MS,ASO,CE,Federal Contract Tower,0,0,9,21,30,0,0,11,21,32,0,0,20,42,62,8,77,85,147
10/18/2012,HSA,MS,ASO,CE,Federal Contract Tower,0,0,6,25,31,0,0,2,4,6,0,0,8,29,37,0,70,70,107
10/19/2012,HSA,MS,ASO,CE,Federal Contract Tower,0,0,8,15,23,0,0,37,3,40,0,0,45,18,63,20,16,36,99
10/20/2012,HSA,MS,ASO,CE,Federal Contract Tower,0,0,1,2,3,0,0,16,0,16,0,0,17,2,19,8,0,8,27
10/21/2012,HSA,MS,ASO,CE,Federal Contract Tower,0,0,3,12,15,0,0,19,0,19,0,0,22,12,34,14,8,22,56
10/22/2012,HSA,MS,ASO,CE,Federal Contract Tower,0,0,1,17,18,0,0,13,16,29,0,0,14,33,47,0,32,32,79
10/23/2012,HSA,MS,ASO,CE,Federal Contract Tower,0,0,4,30,34,0,0,6,17,23,0,0,10,47,57,10,43,53,110
10/24/2012,HSA,MS,ASO,CE,Federal Contract Tower,0,0,1,17,18,0,0,11,4,15,0,0,12,21,33,10,40,50,83
10/25/2012,HSA,MS,ASO,CE,Federal Contract Tower,0,2,4,28,34,0,0,31,11,42,0,2,35,39,76,8,32,40,116
10/26/2012,HSA,MS,ASO,CE,Federal Contract Tower,0,0,1,15,16,0,0,17,0,17,0,0,18,15,33,12,8,20,53
10/27/2012,HSA,MS,ASO,CE,Federal Contract Tower,0,0,3,4,7,0,0,0,0,0,0,0,3,4,7,0,0,0,7
10/28/2012,HSA,MS,ASO,CE,Federal Contract Tower,0,0,1,0,1,0,0,24,0,24,0,0,25,0,25,24,0,24,49
10/29/2012,HSA,MS,ASO,CE,Federal Contract Tower,0,0,5,4,9,0,0,5,19,24,0,0,10,23,33,0,49,49,82
10/30/2012,HSA,MS,ASO,CE,Federal Contract Tower,0,0,5,12,17,0,0,9,29,38,0,0,14,41,55,0,18,18,73
10/31/2012,HSA,MS,ASO,CE,Federal Contract Tower,0,0,3,40,43,0,0,16,6,22,0,0,19,46,65,8,41,49,114
11/01/2012,HSA,MS,ASO,CE,Federal Contract Tower,0,0,5,2,7,0,0,15,0,15,0,0,20,2,22,10,0,10,32
11/02/2012,HSA,MS,ASO,CE,Federal Contract Tower,0,0,5,10,15,0,0,4,2,6,0,0,9,12,21,10,4,14,35
11/03/2012,HSA,MS,ASO,CE,Federal Contract Tower,0,0,1,0,1,0,0,39,0,39,0,0,40,0,40,40,0,40,80
11/04/2012,HSA,MS,ASO,CE,Federal Contract Tower,0,0,2,0,2,0,0,9,7,16,0,0,11,7,18,18,0,18,36
11/05/2012,HSA,MS,ASO,CE,Federal Contract Tower,0,0,2,19,21,0,0,10,25,35,0,0,12,44,56,14,44,58,114
11/06/2012,HSA,MS,ASO,CE,Federal Contract Tower,0,0,6,22,28,0,0,8,24,32,0,0,14,46,60,2,10,12,72
11/07/2012,HSA,MS,ASO,CE,Federal Contract Tower,0,0,6,42,48,0,0,7,14,21,0,0,13,56,69,0,50,50,119
11/08/2012,HSA,MS,ASO,CE,Federal Contract Tower,0,0,3,16,19,0,0,10,12,22,0,0,13,28,41,28,14,42,83
11/09/2012,HSA,MS,ASO,CE,Federal Contract Tower,0,0,4,5,9,0,0,10,6,16,0,0,14,11,25,12,18,30,55
11/10/2012,HSA,MS,ASO,CE,Federal Contract Tower,0,0,0,1,1,0,0,4,1,5,0,0,4,2,6,16,0,16,22
11/11/2012,HSA,MS,ASO,CE,Federal Contract Tower,0,0,3,0,3,0,0,13,0,13,0,0,16,0,16,34,0,34,50
11/12/2012,HSA,MS,ASO,CE,Federal Contract Tower,0,0,6,0,6,0,0,5,0,5,0,0,11,0,11,0,0,0,11
11/13/2012,HSA,MS,ASO,CE,Federal Contract Tower,0,0,6,25,31,0,0,22,7,29,0,0,28,32,60,32,51,83,143
11/14/2012,HSA,MS,ASO,CE,Federal Contract Tower,0,0,6,2,8,0,0,11,3,14,0,0,17,5,22,26,22,48,70
11/15/2012,HSA,MS,ASO,CE,Federal Contract Tower,0,0,6,24,30,0,0,11,9,20,0,0,17,33,50,8,13,21,71
11/16/2012,HSA,MS,ASO,CE,Federal Contract Tower,0,0,9,4,13,0,0,10,0,10,0,0,19,4,23,28,0,28,51
11/17/2012,HSA,MS,ASO,CE,Federal Contract Tower,0,2,0,0,2,0,0,18,0,18,0,2,18,0,20,16,8,24,44
11/18/2012,HSA,MS,ASO,CE,Federal Contract Tower,0,0,1,8,9,0,0,8,2,10,0,0,9,10,19,0,20,20,39
11/19/2012,HSA,MS,ASO,CE,Federal Contract Tower,0,0,1,24,25,0,0,2,26,28,0,0,3,50,53,0,71,71,124
11/20/2012,HSA,MS,ASO,CE,Federal Contract Tower,0,1,11,26,38,0,0,12,28,40,0,1,23,54,78,10,47,57,135
11/21/2012,HSA,MS,ASO,CE,Federal Contract Tower,0,1,6,10,17,0,0,17,0,17,0,1,23,10,34,13,0,13,47
11/22/2012,HSA,MS,ASO,CE,Federal Contract Tower,0,0,1,0,1,0,0,5,0,5,0,0,6,0,6,0,0,0,6
11/23/2012,HSA,MS,ASO,CE,Federal Contract Tower,0,0,3,10,13,0,0,14,0,14,0,0,17,10,27,4,0,4,31
11/24/2012,HSA,MS,ASO,CE,Federal Contract Tower,0,2,5,0,7,0,0,12,0,12,0,2,17,0,19,14,0,14,33
11/25/2012,HSA,MS,ASO,CE,Federal Contract Tower,0,2,0,0,2,0,0,8,0,8,0,2,8,0,10,15,0,15,25
11/26/2012,HSA,MS,ASO,CE,Federal Contract Tower,0,0,5,23,28,0,0,8,12,20,0,0,13,35,48,0,9,9,57
11/27/2012,HSA,MS,ASO,CE,Federal Contract Tower,0,0,0,12,12,0,0,0,0,0,0,0,0,12,12,0,0,0,12
11/28/2012,HSA,MS,ASO,CE,Federal Contract Tower,0,0,0,2,2,0,0,10,2,12,0,0,10,4,14,88,0,88,102
11/29/2012,HSA,MS,ASO,CE,Federal Contract Tower,0,0,6,15,21,0,0,22,2,24,0,0,28,17,45,129,50,179,224
11/30/2012,HSA,MS,ASO,CE,Federal Contract Tower,0,0,10,0,10,0,0,19,2,21,0,0,29,2,31,72,0,72,103
12/01/2012,HSA,MS,ASO,CE,Federal Contract Tower,0,0,2,4,6,0,0,8,0,8,0,0,10,4,14,0,0,0,14
12/02/2012,HSA,MS,ASO,CE,Federal Contract Tower,0,0,0,0,0,0,0,21,6,27,0,0,21,6,27,16,8,24,51
12/03/2012,HSA,MS,ASO,CE,Federal Contract Tower,0,0,2,21,23,0,0,4,22,26,0,0,6,43,49,0,14,14,63
12/04/2012,HSA,MS,ASO,CE,Federal Contract Tower,0,0,3,9,12,0,0,4,26,30,0,0,7,35,42,8,12,20,62
12/05/2012,HSA,MS,ASO,CE,Federal Contract Tower,0,0,5,34,39,0,0,0,8,8,0,0,5,42,47,0,72,72,119
12/06/2012,HSA,MS,ASO,CE,Federal Contract Tower,0,0,9,19,28,0,0,3,7,10,0,0,12,26,38,0,64,64,102
12/07/2012,HSA,MS,ASO,CE,Federal Contract Tower,0,0,5,11,16,0,0,4,9,13,0,0,9,20,29,0,0,0,29
12/08/2012,HSA,MS,ASO,CE,Federal Contract Tower,0,0,3,22,25,0,0,17,0,17,0,0,20,22,42,10,0,10,52
12/09/2012,HSA,MS,ASO,CE,Federal Contract Tower,0,0,3,0,3,0,0,4,0,4,0,0,7,0,7,0,0,0,7
12/10/2012,HSA,MS,ASO,CE,Federal Contract Tower,0,0,2,24,26,0,0,0,0,0,0,0,2,24,26,0,19,19,45
12/11/2012,HSA,MS,ASO,CE,Federal Contract Tower,0,0,7,14,21,0,0,17,12,29,0,0,24,26,50,18,40,58,108
12/12/2012,HSA,MS,ASO,CE,Federal Contract Tower,0,0,3,26,29,0,0,8,12,20,0,0,11,38,49,0,70,70,119
12/13/2012,HSA,MS,ASO,CE,Federal Contract Tower,0,0,8,20,28,0,0,11,9,20,0,0,19,29,48,0,2,2,50
12/14/2012,HSA,MS,ASO,CE,Federal Contract Tower,0,0,3,3,6,0,0,11,14,25,0,0,14,17,31,10,16,26,57
12/15/2012,HSA,MS,ASO,CE,Federal Contract Tower,0,0,2,2,4,0,0,11,0,11,0,0,13,2,15,16,0,16,31
12/16/2012,HSA,MS,ASO,CE,Federal Contract Tower,0,0,9,1,10,0,0,15,0,15,0,0,24,1,25,6,0,6,31
12/17/2012,HSA,MS,ASO,CE,Federal Contract Tower,0,0,0,34,34,0,0,0,13,13,0,0,0,47,47,0,60,60,107
12/18/2012,HSA,MS,ASO,CE,Federal Contract Tower,0,0,9,11,20,0,0,26,26,52,0,0,35,37,72,42,47,89,161
12/19/2012,HSA,MS,ASO,CE,Federal Contract Tower,0,0,2,25,27,0,0,4,7,11,0,0,6,32,38,4,12,16,54
12/20/2012,HSA,MS,ASO,CE,Federal Contract Tower,0,0,0,5,5,0,0,0,0,0,0,0,0,5,5,0,28,28,33
12/21/2012,HSA,MS,ASO,CE,Federal Contract Tower,0,0,0,18,18,0,0,11,0,11,0,0,11,18,29,12,68,80,109
12/22/2012,HSA,MS,ASO,CE,Federal Contract Tower,0,0,2,0,2,0,0,8,0,8,0,0,10,0,10,16,0,16,26
12/23/2012,HSA,MS,ASO,CE,Federal Contract Tower,0,0,4,0,4,0,0,0,0,0,0,0,4,0,4,0,0,0,4
12/24/2012,HSA,MS,ASO,CE,Federal Contract Tower,0,0,0,0,0,0,0,0,0,0,0,0,0,0,0,0,0,0,0
12/25/2012,HSA,MS,ASO,CE,Federal Contract Tower,0,0,0,0,0,0,0,0,0,0,0,0,0,0,0,0,0,0,0
12/26/2012,HSA,MS,ASO,CE,Federal Contract Tower,0,0,2,2,4,0,0,3,0,3,0,0,5,2,7,0,20,20,27
12/27/2012,HSA,MS,ASO,CE,Federal Contract Tower,0,0,7,6,13,0,0,6,5,11,0,0,13,11,24,2,12,14,38
12/28/2012,HSA,MS,ASO,CE,Federal Contract Tower,0,0,0,0,0,0,0,1,0,1,0,0,1,0,1,0,0,0,1
12/29/2012,HSA,MS,ASO,CE,Federal Contract Tower,0,0,7,0,7,0,0,9,0,9,0,0,16,0,16,0,0,0,16
12/30/2012,HSA,MS,ASO,CE,Federal Contract Tower,0,0,1,0,1,0,0,18,0,18,0,0,19,0,19,24,0,24,43
12/31/2012,HSA,MS,ASO,CE,Federal Contract Tower,0,0,12,0,12,0,0,25,0,25,0,0,37,0,37,6,0,6,43
01/01/2013,HSA,MS,ASO,CE,Federal Contract Tower,0,0,9,0,9,0,0,8,0,8,0,0,17,0,17,0,0,0,17
01/02/2013,HSA,MS,ASO,CE,Federal Contract Tower,0,0,5,0,5,0,0,8,0,8,0,0,13,0,13,0,0,0,13
01/03/2013,HSA,MS,ASO,CE,Federal Contract Tower,0,0,3,33,36,0,0,7,2,9,0,0,10,35,45,46,88,134,179
01/04/2013,HSA,MS,ASO,CE,Federal Contract Tower,0,0,4,18,22,0,0,27,3,30,0,0,31,21,52,46,14,60,112
01/05/2013,HSA,MS,ASO,CE,Federal Contract Tower,0,0,4,2,6,0,0,18,0,18,0,0,22,2,24,52,0,52,76
01/06/2013,HSA,MS,ASO,CE,Federal Contract Tower,0,0,6,1,7,0,0,0,0,0,0,0,6,1,7,0,0,0,7
01/07/2013,HSA,MS,ASO,CE,Federal Contract Tower,0,0,3,9,12,0,0,11,22,33,0,0,14,31,45,4,36,40,85
01/08/2013,HSA,MS,ASO,CE,Federal Contract Tower,0,0,2,4,6,0,0,0,0,0,0,0,2,4,6,0,0,0,6
01/09/2013,HSA,MS,ASO,CE,Federal Contract Tower,0,0,1,3,4,0,0,0,0,0,0,0,1,3,4,0,0,0,4
01/10/2013,HSA,MS,ASO,CE,Federal Contract Tower,0,0,0,1,1,0,0,0,0,0,0,0,0,1,1,0,0,0,1
01/11/2013,HSA,MS,ASO,CE,Federal Contract Tower,0,0,6,0,6,0,0,1,0,1,0,0,7,0,7,0,0,0,7
01/12/2013,HSA,MS,ASO,CE,Federal Contract Tower,0,0,2,0,2,0,0,7,0,7,0,0,9,0,9,8,0,8,17
01/13/2013,HSA,MS,ASO,CE,Federal Contract Tower,0,0,3,0,3,0,0,1,0,1,0,0,4,0,4,0,0,0,4
01/14/2013,HSA,MS,ASO,CE,Federal Contract Tower,0,0,0,0,0,0,0,0,0,0,0,0,0,0,0,0,0,0,0
01/15/2013,HSA,MS,ASO,CE,Federal Contract Tower,0,0,7,0,7,0,0,0,0,0,0,0,7,0,7,0,0,0,7
01/16/2013,HSA,MS,ASO,CE,Federal Contract Tower,0,0,6,0,6,0,0,0,0,0,0,0,6,0,6,0,0,0,6
01/17/2013,HSA,MS,ASO,CE,Federal Contract Tower,0,0,8,15,23,0,0,4,5,9,0,0,12,20,32,0,32,32,64
01/18/2013,HSA,MS,ASO,CE,Federal Contract Tower,0,0,6,9,15,0,0,12,2,14,0,0,18,11,29,20,32,52,81
01/19/2013,HSA,MS,ASO,CE,Federal Contract Tower,0,0,0,0,0,0,0,23,0,23,0,0,23,0,23,34,0,34,57
01/20/2013,HSA,MS,ASO,CE,Federal Contract Tower,0,0,0,0,0,0,0,26,0,26,0,0,26,0,26,26,0,26,52
01/21/2013,HSA,MS,ASO,CE,Federal Contract Tower,0,0,4,0,4,0,0,16,0,16,0,0,20,0,20,14,0,14,34
01/22/2013,HSA,MS,ASO,CE,Federal Contract Tower,0,0,2,14,16,0,0,10,6,16,0,0,12,20,32,8,60,68,100
01/23/2013,HSA,MS,ASO,CE,Federal Contract Tower,0,0,4,53,57,0,0,15,4,19,0,0,19,57,76,6,50,56,132
01/24/2013,HSA,MS,ASO,CE,Federal Contract Tower,0,0,4,31,35,0,0,11,16,27,0,0,15,47,62,8,52,60,122
01/25/2013,HSA,MS,ASO,CE,Federal Contract Tower,0,0,0,8,8,0,0,12,0,12,0,0,12,8,20,22,0,22,42
01/26/2013,HSA,MS,ASO,CE,Federal Contract Tower,0,0,3,0,3,0,0,9,0,9,0,0,12,0,12,0,0,0,12
01/27/2013,HSA,MS,ASO,CE,Federal Contract Tower,0,0,4,0,4,0,0,9,0,9,0,0,13,0,13,38,0,38,51
01/28/2013,HSA,MS,ASO,CE,Federal Contract Tower,0,0,4,16,20,0,0,11,0,11,0,0,15,16,31,32,0,32,63
01/29/2013,HSA,MS,ASO,CE,Federal Contract Tower,0,2,1,6,9,0,0,0,0,0,0,2,1,6,9,10,0,10,19
01/30/2013,HSA,MS,ASO,CE,Federal Contract Tower,0,0,0,2,2,0,0,2,8,10,0,0,2,10,12,18,10,28,40
01/31/2013,HSA,MS,ASO,CE,Federal Contract Tower,0,2,4,43,49,0,0,10,27,37,0,2,14,70,86,40,55,95,181
02/01/2013,HSA,MS,ASO,CE,Federal Contract Tower,0,3,13,19,35,0,0,7,2,9,0,3,20,21,44,36,49,85,129
02/02/2013,HSA,MS,ASO,CE,Federal Contract Tower,0,1,2,0,3,0,0,9,0,9,0,1,11,0,12,12,0,12,24
02/03/2013,HSA,MS,ASO,CE,Federal Contract Tower,0,4,6,1,11,0,0,4,0,4,0,4,10,1,15,4,5,9,24
02/04/2013,HSA,MS,ASO,CE,Federal Contract Tower,0,2,14,20,36,0,0,7,13,20,0,2,21,33,56,30,34,64,120
02/05/2013,HSA,MS,ASO,CE,Federal Contract Tower,0,4,33,0,37,0,0,3,0,3,0,4,36,0,40,0,36,36,76
02/06/2013,HSA,MS,ASO,CE,Federal Contract Tower,0,0,5,10,15,0,0,13,2,15,0,0,18,12,30,16,42,58,88
02/07/2013,HSA,MS,ASO,CE,Federal Contract Tower,0,0,1,7,8,0,0,1,26,27,0,0,2,33,35,2,64,66,101
02/08/2013,HSA,MS,ASO,CE,Federal Contract Tower,0,0,9,54,63,0,0,11,2,13,0,0,20,56,76,14,54,68,144
02/09/2013,HSA,MS,ASO,CE,Federal Contract Tower,0,0,2,4,6,0,0,6,5,11,0,0,8,9,17,0,40,40,57
02/10/2013,HSA,MS,ASO,CE,Federal Contract Tower,0,0,1,0,1,0,0,0,0,0,0,0,1,0,1,0,0,0,1
02/11/2013,HSA,MS,ASO,CE,Federal Contract Tower,0,0,0,1,1,0,0,3,0,3,0,0,3,1,4,0,0,0,4
02/12/2013,HSA,MS,ASO,CE,Federal Contract Tower,0,0,0,5,5,0,0,0,0,0,0,0,0,5,5,0,0,0,5
02/13/2013,HSA,MS,ASO,CE,Federal Contract Tower,0,0,1,19,20,0,0,2,5,7,0,0,3,24,27,0,28,28,55
02/14/2013,HSA,MS,ASO,CE,Federal Contract Tower,0,2,8,58,68,0,0,16,6,22,0,2,24,64,90,118,80,198,288
02/15/2013,HSA,MS,ASO,CE,Federal Contract Tower,0,0,0,0,0,0,0,10,18,28,0,0,10,18,28,50,6,56,84
02/16/2013,HSA,MS,ASO,CE,Federal Contract Tower,0,0,3,0,3,0,0,7,0,7,0,0,10,0,10,58,0,58,68
02/17/2013,HSA,MS,ASO,CE,Federal Contract Tower,0,0,2,3,5,0,0,12,0,12,0,0,14,3,17,4,0,4,21
02/18/2013,HSA,MS,ASO,CE,Federal Contract Tower,0,0,0,0,0,0,0,10,0,10,0,0,10,0,10,26,0,26,36
02/19/2013,HSA,MS,ASO,CE,Federal Contract Tower,0,0,0,24,24,0,0,8,15,23,0,0,8,39,47,8,10,18,65
02/20/2013,HSA,MS,ASO,CE,Federal Contract Tower,0,0,2,17,19,0,0,12,0,12,0,0,14,17,31,10,10,20,51
02/21/2013,HSA,MS,ASO,CE,Federal Contract Tower,0,0,2,3,5,0,0,0,3,3,0,0,2,6,8,0,0,0,8
02/22/2013,HSA,MS,ASO,CE,Federal Contract Tower,0,0,0,0,0,0,0,2,0,2,0,0,2,0,2,2,0,2,4
02/23/2013,HSA,MS,ASO,CE,Federal Contract Tower,0,0,5,0,5,0,0,2,0,2,0,0,7,0,7,0,0,0,7
02/24/2013,HSA,MS,ASO,CE,Federal Contract Tower,0,0,1,0,1,0,0,0,0,0,0,0,1,0,1,4,0,4,5
02/25/2013,HSA,MS,ASO,CE,Federal Contract Tower,0,1,0,17,18,0,0,0,0,0,0,1,0,17,18,0,0,0,18
02/26/2013,HSA,MS,ASO,CE,Federal Contract Tower,0,0,0,1,1,0,0,6,15,21,0,0,6,16,22,4,0,4,26
02/27/2013,HSA,MS,ASO,CE,Federal Contract Tower,0,0,0,6,6,0,0,20,16,36,0,0,20,22,42,14,36,50,92
02/28/2013,HSA,MS,ASO,CE,Federal Contract Tower,0,0,2,0,2,0,0,6,6,12,0,0,8,6,14,0,12,12,26
03/01/2013,HSA,MS,ASO,CE,Federal Contract Tower,0,1,3,16,20,0,0,12,4,16,0,1,15,20,36,10,25,35,71
03/02/2013,HSA,MS,ASO,CE,Federal Contract Tower,0,2,2,0,4,0,0,10,2,12,0,2,12,2,16,22,0,22,38
03/03/2013,HSA,MS,ASO,CE,Federal Contract Tower,0,3,0,5,8,0,0,8,3,11,0,3,8,8,19,4,0,4,23
03/04/2013,HSA,MS,ASO,CE,Federal Contract Tower,0,0,1,17,18,0,0,5,3,8,0,0,6,20,26,0,36,36,62
03/05/2013,HSA,MS,ASO,CE,Federal Contract Tower,0,0,2,18,20,0,0,2,18,20,0,0,4,36,40,8,36,44,84
03/06/2013,HSA,MS,ASO,CE,Federal Contract Tower,0,0,4,27,31,0,0,11,0,11,0,0,15,27,42,5,52,57,99
03/07/2013,HSA,MS,ASO,CE,Federal Contract Tower,0,0,10,22,32,0,0,15,2,17,0,0,25,24,49,20,80,100,149
03/08/2013,HSA,MS,ASO,CE,Federal Contract Tower,0,0,11,0,11,0,0,8,4,12,0,0,19,4,23,48,0,48,71
03/09/2013,HSA,MS,ASO,CE,Federal Contract Tower,0,0,12,0,12,0,0,15,4,19,0,0,27,4,31,28,0,28,59
03/10/2013,HSA,MS,ASO,CE,Federal Contract Tower,0,0,3,0,3,0,0,6,7,13,0,0,9,7,16,0,0,0,16
03/11/2013,HSA,MS,ASO,CE,Federal Contract Tower,0,0,0,1,1,0,0,6,4,10,0,0,6,5,11,6,6,12,23
03/12/2013,HSA,MS,ASO,CE,Federal Contract Tower,0,0,4,22,26,0,0,8,10,18,0,0,12,32,44,24,16,40,84
03/13/2013,HSA,MS,ASO,CE,Federal Contract Tower,0,0,6,30,36,0,0,6,2,8,0,0,12,32,44,14,25,39,83
03/14/2013,HSA,MS,ASO,CE,Federal Contract Tower,0,0,4,15,19,0,0,5,5,10,0,0,9,20,29,30,14,44,73
03/15/2013,HSA,MS,ASO,CE,Federal Contract Tower,0,0,12,8,20,0,0,12,1,13,0,0,24,9,33,12,22,34,67
03/16/2013,HSA,MS,ASO,CE,Federal Contract Tower,0,0,5,27,32,0,0,17,0,17,0,0,22,27,49,8,0,8,57
03/17/2013,HSA,MS,ASO,CE,Federal Contract Tower,0,0,3,2,5,0,0,8,1,9,0,0,11,3,14,4,0,4,18
03/18/2013,HSA,MS,ASO,CE,Federal Contract Tower,0,0,0,39,39,0,0,5,1,6,0,0,5,40,45,22,0,22,67
03/19/2013,HSA,MS,ASO,CE,Federal Contract Tower,0,0,3,0,3,0,0,6,13,19,0,0,9,13,22,4,14,18,40
03/20/2013,HSA,MS,ASO,CE,Federal Contract Tower,0,0,6,8,14,0,0,4,2,6,0,0,10,10,20,14,42,56,76
03/21/2013,HSA,MS,ASO,CE,Federal Contract Tower,0,0,7,0,7,0,0,20,0,20,0,0,27,0,27,18,0,18,45
03/22/2013,HSA,MS,ASO,CE,Federal Contract Tower,0,0,0,0,0,0,0,7,0,7,0,0,7,0,7,0,42,42,49
03/23/2013,HSA,MS,ASO,CE,Federal Contract Tower,0,0,1,1,2,0,0,0,0,0,0,0,1,1,2,0,0,0,2
03/24/2013,HSA,MS,ASO,CE,Federal Contract Tower,0,0,8,5,13,0,0,5,0,5,0,0,13,5,18,0,0,0,18
03/25/2013,HSA,MS,ASO,CE,Federal Contract Tower,0,0,1,10,11,0,0,5,6,11,0,0,6,16,22,2,0,2,24
03/26/2013,HSA,MS,ASO,CE,Federal Contract Tower,0,0,1,9,10,0,0,5,8,13,0,0,6,17,23,4,28,32,55
03/27/2013,HSA,MS,ASO,CE,Federal Contract Tower,0,0,7,6,13,0,0,8,6,14,0,0,15,12,27,6,32,38,65
03/28/2013,HSA,MS,ASO,CE,Federal Contract Tower,0,0,6,21,27,0,0,20,22,42,0,0,26,43,69,30,46,76,145
03/29/2013,HSA,MS,ASO,CE,Federal Contract Tower,0,0,4,2,6,0,0,16,0,16,0,0,20,2,22,64,8,72,94
03/30/2013,HSA,MS,ASO,CE,Federal Contract Tower,0,0,1,4,5,0,0,4,0,4,0,0,5,4,9,0,0,0,9
03/31/2013,HSA,MS,ASO,CE,Federal Contract Tower,0,0,0,0,0,0,0,1,0,1,0,0,1,0,1,0,0,0,1
04/01/2013,HSA,MS,ASO,CE,Federal Contract Tower,0,2,2,10,14,0,0,3,0,3,0,2,5,10,17,4,24,28,45
04/02/2013,HSA,MS,ASO,CE,Federal Contract Tower,0,0,0,13,13,0,0,20,18,38,0,0,20,31,51,2,38,40,91
04/03/2013,HSA,MS,ASO,CE,Federal Contract Tower,0,0,0,0,0,0,0,1,0,1,0,0,1,0,1,0,0,0,1
04/04/2013,HSA,MS,ASO,CE,Federal Contract Tower,0,0,6,18,24,0,0,0,10,10,0,0,6,28,34,0,8,8,42
04/05/2013,HSA,MS,ASO,CE,Federal Contract Tower,0,0,4,2,6,0,0,22,0,22,0,0,26,2,28,12,12,24,52
04/06/2013,HSA,MS,ASO,CE,Federal Contract Tower,0,0,1,2,3,0,0,8,0,8,0,0,9,2,11,4,16,20,31
04/07/2013,HSA,MS,ASO,CE,Federal Contract Tower,0,0,4,0,4,0,0,5,0,5,0,0,9,0,9,10,0,10,19
04/08/2013,HSA,MS,ASO,CE,Federal Contract Tower,0,0,3,4,7,0,0,8,13,21,0,0,11,17,28,2,46,48,76
04/09/2013,HSA,MS,ASO,CE,Federal Contract Tower,0,0,9,22,31,0,0,8,2,10,0,0,17,24,41,0,10,10,51
04/10/2013,HSA,MS,ASO,CE,Federal Contract Tower,0,0,4,62,66,0,0,7,12,19,0,0,11,74,85,0,0,0,85
04/11/2013,HSA,MS,ASO,CE,Federal Contract Tower,0,0,6,0,6,0,0,2,4,6,0,0,8,4,12,0,0,0,12
04/12/2013,HSA,MS,ASO,CE,Federal Contract Tower,0,0,4,23,27,0,0,28,2,30,0,0,32,25,57,30,32,62,119
04/13/2013,HSA,MS,ASO,CE,Federal Contract Tower,0,0,7,1,8,0,0,52,0,52,0,0,59,1,60,60,0,60,120
04/14/2013,HSA,MS,ASO,CE,Federal Contract Tower,0,0,0,10,10,0,0,4,0,4,0,0,4,10,14,0,0,0,14
04/15/2013,HSA,MS,ASO,CE,Federal Contract Tower,0,1,9,0,10,0,0,16,0,16,0,1,25,0,26,0,0,0,26
04/16/2013,HSA,MS,ASO,CE,Federal Contract Tower,0,0,5,24,29,0,0,31,0,31,0,0,36,24,60,0,0,0,60
04/17/2013,HSA,MS,ASO,CE,Federal Contract Tower,0,0,1,12,13,0,0,33,2,35,0,0,34,14,48,0,2,2,50
04/18/2013,HSA,MS,ASO,CE,Federal Contract Tower,0,0,2,41,43,0,0,12,4,16,0,0,14,45,59,10,8,18,77
04/19/2013,HSA,MS,ASO,CE,Federal Contract Tower,0,0,4,18,22,0,0,4,0,4,0,0,8,18,26,14,18,32,58
04/20/2013,HSA,MS,ASO,CE,Federal Contract Tower,0,0,2,1,3,0,0,83,0,83,0,0,85,1,86,34,0,34,120
04/21/2013,HSA,MS,ASO,CE,Federal Contract Tower,0,0,3,0,3,0,0,59,0,59,0,0,62,0,62,2,0,2,64
04/22/2013,HSA,MS,ASO,CE,Federal Contract Tower,0,0,4,3,7,0,0,13,0,13,0,0,17,3,20,6,50,56,76
04/23/2013,HSA,MS,ASO,CE,Federal Contract Tower,0,0,12,17,29,0,0,7,13,20,0,0,19,30,49,4,28,32,81
04/24/2013,HSA,MS,ASO,CE,Federal Contract Tower,0,0,3,4,7,0,0,6,0,6,0,0,9,4,13,0,0,0,13
04/25/2013,HSA,MS,ASO,CE,Federal Contract Tower,0,0,7,45,52,0,0,10,19,29,0,0,17,64,81,45,145,190,271
04/26/2013,HSA,MS,ASO,CE,Federal Contract Tower,0,0,3,14,17,0,0,26,6,32,0,0,29,20,49,6,58,64,113
04/27/2013,HSA,MS,ASO,CE,Federal Contract Tower,0,0,9,0,9,0,0,29,0,29,0,0,38,0,38,4,0,4,42
04/28/2013,HSA,MS,ASO,CE,Federal Contract Tower,0,0,4,0,4,0,0,8,0,8,0,0,12,0,12,2,0,2,14
04/29/2013,HSA,MS,ASO,CE,Federal Contract Tower,0,0,1,21,22,0,0,21,3,24,0,0,22,24,46,6,40,46,92
04/30/2013,HSA,MS,ASO,CE,Federal Contract Tower,0,0,6,10,16,0,0,1,2,3,0,0,7,12,19,0,6,6,25
05/01/2013,HSA,MS,ASO,CE,Federal Contract Tower,0,0,7,32,39,0,0,7,0,7,0,0,14,32,46,0,2,2,48
05/02/2013,HSA,MS,ASO,CE,Federal Contract Tower,0,0,2,1,3,0,0,4,0,4,0,0,6,1,7,0,0,0,7
05/03/2013,HSA,MS,ASO,CE,Federal Contract Tower,0,0,6,14,20,0,0,12,4,16,0,0,18,18,36,0,0,0,36
05/04/2013,HSA,MS,ASO,CE,Federal Contract Tower,0,0,0,2,2,0,0,27,7,34,0,0,27,9,36,32,0,32,68
05/05/2013,HSA,MS,ASO,CE,Federal Contract Tower,0,0,2,0,2,0,0,15,0,15,0,0,17,0,17,31,0,31,48
05/06/2013,HSA,MS,ASO,CE,Federal Contract Tower,0,0,3,10,13,0,0,19,13,32,0,0,22,23,45,14,38,52,97
05/07/2013,HSA,MS,ASO,CE,Federal Contract Tower,0,0,7,12,19,0,0,10,11,21,0,0,17,23,40,0,40,40,80
05/08/2013,HSA,MS,ASO,CE,Federal Contract Tower,0,0,5,40,45,0,0,16,14,30,0,0,21,54,75,4,34,38,113
05/09/2013,HSA,MS,ASO,CE,Federal Contract Tower,0,0,6,36,42,0,0,9,13,22,0,0,15,49,64,16,81,97,161
05/10/2013,HSA,MS,ASO,CE,Federal Contract Tower,0,0,3,4,7,0,0,0,0,0,0,0,3,4,7,0,0,0,7
05/11/2013,HSA,MS,ASO,CE,Federal Contract Tower,0,2,0,2,4,0,0,0,0,0,0,2,0,2,4,0,0,0,4
05/12/2013,HSA,MS,ASO,CE,Federal Contract Tower,0,0,5,0,5,0,0,14,0,14,0,0,19,0,19,0,0,0,19
05/13/2013,HSA,MS,ASO,CE,Federal Contract Tower,0,0,0,26,26,0,0,5,6,11,0,0,5,32,37,0,42,42,79
05/14/2013,HSA,MS,ASO,CE,Federal Contract Tower,0,0,10,20,30,0,0,10,8,18,0,0,20,28,48,28,54,82,130
05/15/2013,HSA,MS,ASO,CE,Federal Contract Tower,0,0,6,42,48,0,0,22,10,32,0,0,28,52,80,34,62,96,176
05/16/2013,HSA,MS,ASO,CE,Federal Contract Tower,0,0,3,35,38,0,0,21,20,41,0,0,24,55,79,2,78,80,159
05/17/2013,HSA,MS,ASO,CE,Federal Contract Tower,0,2,6,15,23,0,0,7,2,9,0,2,13,17,32,0,34,34,66
05/18/2013,HSA,MS,ASO,CE,Federal Contract Tower,0,0,8,1,9,0,0,53,4,57,0,0,61,5,66,66,6,72,138
05/19/2013,HSA,MS,ASO,CE,Federal Contract Tower,0,1,4,0,5,0,0,9,0,9,0,1,13,0,14,6,0,6,20
05/20/2013,HSA,MS,ASO,CE,Federal Contract Tower,0,0,1,5,6,0,0,12,1,13,0,0,13,6,19,10,0,10,29
05/21/2013,HSA,MS,ASO,CE,Federal Contract Tower,0,1,2,61,64,0,0,17,13,30,0,1,19,74,94,6,54,60,154
05/22/2013,HSA,MS,ASO,CE,Federal Contract Tower,0,0,1,10,11,0,0,0,0,0,0,0,1,10,11,30,10,40,51
05/23/2013,HSA,MS,ASO,CE,Federal Contract Tower,0,0,8,18,26,0,0,13,6,19,0,0,21,24,45,0,36,36,81
05/24/2013,HSA,MS,ASO,CE,Federal Contract Tower,0,0,7,0,7,0,0,11,0,11,0,0,18,0,18,28,0,28,46
05/25/2013,HSA,MS,ASO,CE,Federal Contract Tower,0,0,0,0,0,0,0,6,0,6,0,0,6,0,6,0,0,0,6
05/26/2013,HSA,MS,ASO,CE,Federal Contract Tower,0,0,0,2,2,0,0,13,0,13,0,0,13,2,15,10,0,10,25
05/27/2013,HSA,MS,ASO,CE,Federal Contract Tower,0,0,3,0,3,0,0,4,0,4,0,0,7,0,7,10,0,10,17
05/28/2013,HSA,MS,ASO,CE,Federal Contract Tower,0,0,4,35,39,0,0,5,2,7,0,0,9,37,46,6,35,41,87
05/29/2013,HSA,MS,ASO,CE,Federal Contract Tower,0,0,3,46,49,0,0,4,2,6,0,0,7,48,55,0,88,88,143
05/30/2013,HSA,MS,ASO,CE,Federal Contract Tower,0,0,11,27,38,0,0,3,6,9,0,0,14,33,47,4,2,6,53
05/31/2013,HSA,MS,ASO,CE,Federal Contract Tower,0,0,16,0,16,0,0,6,0,6,0,0,22,0,22,0,0,0,22
06/01/2013,HSA,MS,ASO,CE,Federal Contract Tower,0,0,20,4,24,0,0,10,0,10,0,0,30,4,34,12,0,12,46
06/02/2013,HSA,MS,ASO,CE,Federal Contract Tower,0,0,0,0,0,0,0,6,0,6,0,0,6,0,6,8,0,8,14
06/03/2013,HSA,MS,ASO,CE,Federal Contract Tower,0,0,7,35,42,0,0,3,4,7,0,0,10,39,49,94,16,110,159
06/04/2013,HSA,MS,ASO,CE,Federal Contract Tower,0,0,4,26,30,0,0,14,8,22,0,0,18,34,52,6,58,64,116
06/05/2013,HSA,MS,ASO,CE,Federal Contract Tower,0,0,7,20,27,0,0,23,8,31,0,0,30,28,58,16,58,74,132
06/06/2013,HSA,MS,ASO,CE,Federal Contract Tower,0,0,4,15,19,0,0,22,0,22,0,0,26,15,41,4,12,16,57
06/07/2013,HSA,MS,ASO,CE,Federal Contract Tower,0,0,12,13,25,0,0,7,1,8,0,0,19,14,33,0,12,12,45
06/08/2013,HSA,MS,ASO,CE,Federal Contract Tower,0,0,4,0,4,0,0,10,0,10,0,0,14,0,14,12,0,12,26
06/09/2013,HSA,MS,ASO,CE,Federal Contract Tower,0,0,4,0,4,0,0,8,0,8,0,0,12,0,12,8,0,8,20
06/10/2013,HSA,MS,ASO,CE,Federal Contract Tower,0,0,2,11,13,0,0,5,2,7,0,0,7,13,20,0,14,14,34
06/11/2013,HSA,MS,ASO,CE,Federal Contract Tower,0,0,3,37,40,0,0,15,11,26,0,0,18,48,66,18,82,100,166
06/12/2013,HSA,MS,ASO,CE,Federal Contract Tower,0,0,4,32,36,0,0,7,4,11,0,0,11,36,47,6,96,102,149
06/13/2013,HSA,MS,ASO,CE,Federal Contract Tower,0,0,3,28,31,0,0,4,13,17,0,0,7,41,48,0,56,56,104
06/14/2013,HSA,MS,ASO,CE,Federal Contract Tower,0,0,7,10,17,0,0,22,0,22,0,0,29,10,39,8,0,8,47
06/15/2013,HSA,MS,ASO,CE,Federal Contract Tower,0,0,3,0,3,0,0,10,0,10,0,0,13,0,13,2,0,2,15
06/16/2013,HSA,MS,ASO,CE,Federal Contract Tower,0,0,1,0,1,0,0,14,0,14,0,0,15,0,15,14,0,14,29
06/17/2013,HSA,MS,ASO,CE,Federal Contract Tower,0,0,0,19,19,0,0,7,5,12,0,0,7,24,31,0,28,28,59
06/18/2013,HSA,MS,ASO,CE,Federal Contract Tower,0,0,3,20,23,0,0,10,14,24,0,0,13,34,47,2,50,52,99
06/19/2013,HSA,MS,ASO,CE,Federal Contract Tower,0,0,2,20,22,0,0,13,4,17,0,0,15,24,39,10,48,58,97
06/20/2013,HSA,MS,ASO,CE,Federal Contract Tower,0,0,0,11,11,0,0,7,3,10,0,0,7,14,21,0,34,34,55
06/21/2013,HSA,MS,ASO,CE,Federal Contract Tower,0,2,5,6,13,0,0,27,2,29,0,2,32,8,42,10,2,12,54
06/22/2013,HSA,MS,ASO,CE,Federal Contract Tower,0,0,1,0,1,0,0,8,0,8,0,0,9,0,9,12,0,12,21
06/23/2013,HSA,MS,ASO,CE,Federal Contract Tower,0,0,3,0,3,0,0,7,0,7,0,0,10,0,10,10,0,10,20
06/24/2013,HSA,MS,ASO,CE,Federal Contract Tower,0,0,2,10,12,0,0,3,1,4,0,0,5,11,16,0,36,36,52
06/25/2013,HSA,MS,ASO,CE,Federal Contract Tower,0,0,11,29,40,0,0,9,12,21,0,0,20,41,61,0,38,38,99
06/26/2013,HSA,MS,ASO,CE,Federal Contract Tower,0,1,0,13,14,0,0,9,10,19,0,1,9,23,33,10,58,68,101
06/27/2013,HSA,MS,ASO,CE,Federal Contract Tower,0,0,3,12,15,0,0,7,12,19,0,0,10,24,34,22,48,70,104
06/28/2013,HSA,MS,ASO,CE,Federal Contract Tower,0,0,17,0,17,0,0,15,0,15,0,0,32,0,32,14,0,14,46
06/29/2013,HSA,MS,ASO,CE,Federal Contract Tower,0,0,0,0,0,0,0,12,0,12,0,0,12,0,12,36,0,36,48
06/30/2013,HSA,MS,ASO,CE,Federal Contract Tower,0,0,0,0,0,0,0,3,0,3,0,0,3,0,3,8,0,8,11
07/01/2013,HSA,MS,ASO,CE,Federal Contract Tower,0,0,4,18,22,0,0,18,2,20,0,0,22,20,42,4,48,52,94
07/02/2013,HSA,MS,ASO,CE,Federal Contract Tower,0,2,2,16,20,0,0,14,8,22,0,2,16,24,42,10,10,20,62
07/03/2013,HSA,MS,ASO,CE,Federal Contract Tower,0,0,2,23,25,0,0,8,7,15,0,0,10,30,40,14,32,46,86
07/04/2013,HSA,MS,ASO,CE,Federal Contract Tower,0,0,1,0,1,0,0,2,0,2,0,0,3,0,3,32,0,32,35
07/05/2013,HSA,MS,ASO,CE,Federal Contract Tower,0,3,3,0,6,0,0,0,0,0,0,3,3,0,6,0,0,0,6
07/06/2013,HSA,MS,ASO,CE,Federal Contract Tower,0,1,2,0,3,0,0,0,0,0,0,1,2,0,3,16,0,16,19
07/07/2013,HSA,MS,ASO,CE,Federal Contract Tower,0,0,2,1,3,0,0,4,0,4,0,0,6,1,7,0,0,0,7
07/08/2013,HSA,MS,ASO,CE,Federal Contract Tower,0,0,2,31,33,0,0,8,4,12,0,0,10,35,45,16,0,16,61
07/09/2013,HSA,MS,ASO,CE,Federal Contract Tower,0,0,4,18,22,0,0,9,16,25,0,0,13,34,47,8,14,22,69
07/10/2013,HSA,MS,ASO,CE,Federal Contract Tower,0,0,2,8,10,0,0,15,5,20,0,0,17,13,30,22,16,38,68
07/11/2013,HSA,MS,ASO,CE,Federal Contract Tower,0,0,0,11,11,0,0,6,25,31,0,0,6,36,42,8,24,32,74
07/12/2013,HSA,MS,ASO,CE,Federal Contract Tower,0,0,6,16,22,0,0,15,1,16,0,0,21,17,38,24,46,70,108
07/13/2013,HSA,MS,ASO,CE,Federal Contract Tower,0,0,0,15,15,0,0,18,6,24,0,0,18,21,39,0,0,0,39
07/14/2013,HSA,MS,ASO,CE,Federal Contract Tower,0,0,6,0,6,0,0,5,6,11,0,0,11,6,17,6,0,6,23
07/15/2013,HSA,MS,ASO,CE,Federal Contract Tower,0,0,4,9,13,0,0,10,4,14,0,0,14,13,27,2,0,2,29
07/16/2013,HSA,MS,ASO,CE,Federal Contract Tower,0,0,9,15,24,0,0,2,12,14,0,0,11,27,38,10,6,16,54
07/17/2013,HSA,MS,ASO,CE,Federal Contract Tower,0,0,0,30,30,0,0,30,9,39,0,0,30,39,69,21,50,71,140
07/18/2013,HSA,MS,ASO,CE,Federal Contract Tower,0,0,0,25,25,0,0,20,16,36,0,0,20,41,61,12,38,50,111
07/19/2013,HSA,MS,ASO,CE,Federal Contract Tower,0,0,6,12,18,0,0,13,4,17,0,0,19,16,35,8,38,46,81
07/20/2013,HSA,MS,ASO,CE,Federal Contract Tower,0,0,5,6,11,0,0,11,2,13,0,0,16,8,24,28,0,28,52
07/21/2013,HSA,MS,ASO,CE,Federal Contract Tower,0,0,3,2,5,0,0,5,0,5,0,0,8,2,10,6,0,6,16
07/22/2013,HSA,MS,ASO,CE,Federal Contract Tower,0,0,2,8,10,0,0,11,4,15,0,0,13,12,25,0,0,0,25
07/23/2013,HSA,MS,ASO,CE,Federal Contract Tower,0,0,6,18,24,0,0,10,9,19,0,0,16,27,43,10,80,90,133
07/24/2013,HSA,MS,ASO,CE,Federal Contract Tower,0,2,2,56,60,0,0,12,7,19,0,2,14,63,79,10,130,140,219
07/25/2013,HSA,MS,ASO,CE,Federal Contract Tower,0,0,3,35,38,0,0,7,26,33,0,0,10,61,71,16,31,47,118
07/26/2013,HSA,MS,ASO,CE,Federal Contract Tower,0,0,8,10,18,0,0,25,0,25,0,0,33,10,43,40,0,40,83
07/27/2013,HSA,MS,ASO,CE,Federal Contract Tower,0,0,2,4,6,0,0,0,0,0,0,0,2,4,6,0,0,0,6
07/28/2013,HSA,MS,ASO,CE,Federal Contract Tower,0,0,2,0,2,0,0,11,0,11,0,0,13,0,13,6,6,12,25
07/29/2013,HSA,MS,ASO,CE,Federal Contract Tower,0,0,2,32,34,0,0,11,0,11,0,0,13,32,45,4,40,44,89
07/30/2013,HSA,MS,ASO,CE,Federal Contract Tower,0,2,6,23,31,0,0,16,4,20,0,2,22,27,51,36,58,94,145
07/31/2013,HSA,MS,ASO,CE,Federal Contract Tower,0,0,0,37,37,0,0,20,7,27,0,0,20,44,64,82,32,114,178
08/01/2013,HSA,MS,ASO,CE,Federal Contract Tower,0,0,4,3,7,0,0,19,11,30,0,0,23,14,37,34,14,48,85
08/02/2013,HSA,MS,ASO,CE,Federal Contract Tower,0,0,1,6,7,0,0,28,0,28,0,0,29,6,35,0,2,2,37
08/03/2013,HSA,MS,ASO,CE,Federal Contract Tower,0,0,6,0,6,0,0,7,0,7,0,0,13,0,13,12,0,12,25
08/04/2013,HSA,MS,ASO,CE,Federal Contract Tower,0,0,1,0,1,0,0,5,0,5,0,0,6,0,6,14,0,14,20
08/05/2013,HSA,MS,ASO,CE,Federal Contract Tower,0,0,5,0,5,0,0,21,0,21,0,0,26,0,26,6,0,6,32
08/06/2013,HSA,MS,ASO,CE,Federal Contract Tower,0,0,2,34,36,0,0,2,2,4,0,0,4,36,40,0,10,10,50
08/07/2013,HSA,MS,ASO,CE,Federal Contract Tower,0,0,4,19,23,0,0,13,6,19,0,0,17,25,42,8,71,79,121
08/08/2013,HSA,MS,ASO,CE,Federal Contract Tower,0,0,3,16,19,0,0,6,8,14,0,0,9,24,33,8,72,80,113
08/09/2013,HSA,MS,ASO,CE,Federal Contract Tower,0,0,3,0,3,0,0,8,0,8,0,0,11,0,11,0,0,0,11
08/10/2013,HSA,MS,ASO,CE,Federal Contract Tower,0,0,1,0,1,0,0,0,0,0,0,0,1,0,1,4,0,4,5
08/11/2013,HSA,MS,ASO,CE,Federal Contract Tower,0,0,3,0,3,0,0,6,0,6,0,0,9,0,9,9,0,9,18
08/12/2013,HSA,MS,ASO,CE,Federal Contract Tower,0,0,4,2,6,0,0,11,3,14,0,0,15,5,20,8,10,18,38
08/13/2013,HSA,MS,ASO,CE,Federal Contract Tower,0,0,7,28,35,0,0,8,2,10,0,0,15,30,45,0,42,42,87
08/14/2013,HSA,MS,ASO,CE,Federal Contract Tower,0,0,1,24,25,0,0,5,1,6,0,0,6,25,31,4,11,15,46
08/15/2013,HSA,MS,ASO,CE,Federal Contract Tower,0,0,7,4,11,0,0,4,24,28,0,0,11,28,39,0,10,10,49
08/16/2013,HSA,MS,ASO,CE,Federal Contract Tower,0,0,3,9,12,0,0,8,1,9,0,0,11,10,21,16,22,38,59
08/17/2013,HSA,MS,ASO,CE,Federal Contract Tower,0,0,6,0,6,0,0,1,0,1,0,0,7,0,7,2,0,2,9
08/18/2013,HSA,MS,ASO,CE,Federal Contract Tower,0,0,1,0,1,0,0,2,3,5,0,0,3,3,6,0,0,0,6
08/19/2013,HSA,MS,ASO,CE,Federal Contract Tower,0,0,4,34,38,0,0,12,0,12,0,0,16,34,50,0,72,72,122
08/20/2013,HSA,MS,ASO,CE,Federal Contract Tower,0,0,1,32,33,0,0,6,25,31,0,0,7,57,64,0,94,94,158
08/21/2013,HSA,MS,ASO,CE,Federal Contract Tower,0,0,9,24,33,0,0,15,13,28,0,0,24,37,61,21,60,81,142
08/22/2013,HSA,MS,ASO,CE,Federal Contract Tower,0,0,0,10,10,0,0,12,40,52,0,0,12,50,62,4,92,96,158
08/23/2013,HSA,MS,ASO,CE,Federal Contract Tower,0,0,3,7,10,0,0,6,9,15,0,0,9,16,25,26,34,60,85
08/24/2013,HSA,MS,ASO,CE,Federal Contract Tower,0,0,3,3,6,0,0,5,0,5,0,0,8,3,11,18,0,18,29
08/25/2013,HSA,MS,ASO,CE,Federal Contract Tower,0,0,0,1,1,0,0,2,0,2,0,0,2,1,3,0,0,0,3
08/26/2013,HSA,MS,ASO,CE,Federal Contract Tower,0,0,0,19,19,0,0,27,0,27,0,0,27,19,46,16,12,28,74
08/27/2013,HSA,MS,ASO,CE,Federal Contract Tower,0,2,3,31,36,0,0,16,9,25,0,2,19,40,61,8,10,18,79
08/28/2013,HSA,MS,ASO,CE,Federal Contract Tower,0,0,1,41,42,0,0,11,11,22,0,0,12,52,64,24,47,71,135
08/29/2013,HSA,MS,ASO,CE,Federal Contract Tower,0,0,3,38,41,0,0,20,20,40,0,0,23,58,81,8,59,67,148
08/30/2013,HSA,MS,ASO,CE,Federal Contract Tower,0,2,4,16,22,0,0,18,5,23,0,2,22,21,45,6,4,10,55
08/31/2013,HSA,MS,ASO,CE,Federal Contract Tower,0,0,2,0,2,0,0,17,0,17,0,0,19,0,19,0,0,0,19
09/01/2013,HSA,MS,ASO,CE,Federal Contract Tower,0,0,4,0,4,0,0,12,0,12,0,0,16,0,16,14,0,14,30
09/02/2013,HSA,MS,ASO,CE,Federal Contract Tower,0,2,9,1,12,0,0,23,0,23,0,2,32,1,35,8,0,8,43
09/03/2013,HSA,MS,ASO,CE,Federal Contract Tower,0,0,3,5,8,0,0,15,3,18,0,0,18,8,26,24,0,24,50
09/04/2013,HSA,MS,ASO,CE,Federal Contract Tower,0,0,0,16,16,0,0,11,18,29,0,0,11,34,45,20,30,50,95
09/05/2013,HSA,MS,ASO,CE,Federal Contract Tower,0,0,6,35,41,0,0,12,2,14,0,0,18,37,55,0,24,24,79
09/06/2013,HSA,MS,ASO,CE,Federal Contract Tower,0,1,8,8,17,0,0,25,2,27,0,1,33,10,44,19,0,19,63
09/07/2013,HSA,MS,ASO,CE,Federal Contract Tower,0,0,7,19,26,0,0,18,1,19,0,0,25,20,45,6,2,8,53
09/08/2013,HSA,MS,ASO,CE,Federal Contract Tower,0,0,5,4,9,0,0,15,0,15,0,0,20,4,24,16,12,28,52
09/09/2013,HSA,MS,ASO,CE,Federal Contract Tower,0,0,1,14,15,0,0,8,0,8,0,0,9,14,23,20,14,34,57
09/10/2013,HSA,MS,ASO,CE,Federal Contract Tower,0,0,1,31,32,0,0,15,11,26,0,0,16,42,58,4,74,78,136
09/11/2013,HSA,MS,ASO,CE,Federal Contract Tower,0,0,3,45,48,0,0,16,5,21,0,0,19,50,69,0,16,16,85
09/12/2013,HSA,MS,ASO,CE,Federal Contract Tower,0,0,3,24,27,0,0,15,10,25,0,0,18,34,52,8,48,56,108
09/13/2013,HSA,MS,ASO,CE,Federal Contract Tower,0,0,8,6,14,0,0,24,4,28,0,0,32,10,42,34,0,34,76
09/14/2013,HSA,MS,ASO,CE,Federal Contract Tower,0,0,2,0,2,0,0,10,0,10,0,0,12,0,12,0,0,0,12
09/15/2013,HSA,MS,ASO,CE,Federal Contract Tower,0,0,4,0,4,0,0,14,0,14,0,0,18,0,18,8,0,8,26
09/16/2013,HSA,MS,ASO,CE,Federal Contract Tower,0,0,0,42,42,0,0,13,0,13,0,0,13,42,55,4,0,4,59
09/17/2013,HSA,MS,ASO,CE,Federal Contract Tower,0,0,6,52,58,0,0,20,13,33,0,0,26,65,91,6,73,79,170
09/18/2013,HSA,MS,ASO,CE,Federal Contract Tower,0,0,1,16,17,0,0,7,10,17,0,0,8,26,34,16,20,36,70
09/19/2013,HSA,MS,ASO,CE,Federal Contract Tower,0,0,6,16,22,0,0,7,0,7,0,0,13,16,29,0,24,24,53
09/20/2013,HSA,MS,ASO,CE,Federal Contract Tower,0,0,4,1,5,0,0,5,0,5,0,0,9,1,10,0,0,0,10
09/21/2013,HSA,MS,ASO,CE,Federal Contract Tower,0,0,5,0,5,0,0,1,0,1,0,0,6,0,6,0,0,0,6
09/22/2013,HSA,MS,ASO,CE,Federal Contract Tower,0,0,2,0,2,0,0,6,0,6,0,0,8,0,8,12,0,12,20
09/23/2013,HSA,MS,ASO,CE,Federal Contract Tower,0,0,55,0,55,0,0,8,5,13,0,0,63,5,68,8,68,76,144
09/24/2013,HSA,MS,ASO,CE,Federal Contract Tower,0,0,3,14,17,0,0,1,6,7,0,0,4,20,24,0,10,10,34
09/25/2013,HSA,MS,ASO,CE,Federal Contract Tower,0,0,1,45,46,0,0,9,1,10,0,0,10,46,56,48,30,78,134
09/26/2013,HSA,MS,ASO,CE,Federal Contract Tower,0,0,4,18,22,0,0,12,13,25,0,0,16,31,47,0,29,29,76
09/27/2013,HSA,MS,ASO,CE,Federal Contract Tower,0,0,8,15,23,0,0,14,0,14,0,0,22,15,37,0,0,0,37
09/28/2013,HSA,MS,ASO,CE,Federal Contract Tower,0,0,4,0,4,0,0,12,0,12,0,0,16,0,16,20,0,20,36
09/29/2013,HSA,MS,ASO,CE,Federal Contract Tower,0,0,0,0,0,0,0,8,0,8,0,0,8,0,8,0,0,0,8
09/30/2013,HSA,MS,ASO,CE,Federal Contract Tower,0,0,0,1,1,0,0,7,0,7,0,0,7,1,8,0,0,0,8
10/01/2013,HSA,MS,ASO,CE,Federal Contract Tower,0,1,3,20,24,0,0,2,0,2,0,1,5,20,26,2,26,28,54
10/02/2013,HSA,MS,ASO,CE,Federal Contract Tower,0,0,2,15,17,0,0,0,0,0,0,0,2,15,17,0,0,0,17
10/03/2013,HSA,MS,ASO,CE,Federal Contract Tower,0,0,3,10,13,0,0,5,0,5,0,0,8,10,18,0,0,0,18
10/04/2013,HSA,MS,ASO,CE,Federal Contract Tower,0,0,2,2,4,0,0,8,0,8,0,0,10,2,12,0,0,0,12
10/05/2013,HSA,MS,ASO,CE,Federal Contract Tower,0,0,2,0,2,0,0,4,0,4,0,0,6,0,6,0,0,0,6
10/06/2013,HSA,MS,ASO,CE,Federal Contract Tower,0,0,1,2,3,0,0,0,0,0,0,0,1,2,3,0,0,0,3
10/07/2013,HSA,MS,ASO,CE,Federal Contract Tower,0,0,3,6,9,0,0,9,1,10,0,0,12,7,19,0,12,12,31
10/08/2013,HSA,MS,ASO,CE,Federal Contract Tower,0,0,6,6,12,0,0,9,2,11,0,0,15,8,23,0,2,2,25
10/09/2013,HSA,MS,ASO,CE,Federal Contract Tower,0,0,0,23,23,0,0,14,2,16,0,0,14,25,39,8,30,38,77
10/10/2013,HSA,MS,ASO,CE,Federal Contract Tower,0,8,6,8,22,0,0,12,0,12,0,8,18,8,34,2,0,2,36
10/11/2013,HSA,MS,ASO,CE,Federal Contract Tower,0,0,8,12,20,0,0,18,0,18,0,0,26,12,38,2,0,2,40
10/12/2013,HSA,MS,ASO,CE,Federal Contract Tower,0,0,3,0,3,0,0,13,0,13,0,0,16,0,16,4,0,4,20
10/13/2013,HSA,MS,ASO,CE,Federal Contract Tower,0,0,3,0,3,0,0,16,0,16,0,0,19,0,19,2,0,2,21
10/14/2013,HSA,MS,ASO,CE,Federal Contract Tower,0,0,1,0,1,0,0,13,0,13,0,0,14,0,14,26,0,26,40
10/15/2013,HSA,MS,ASO,CE,Federal Contract Tower,0,0,2,7,9,0,0,13,4,17,0,0,15,11,26,0,4,4,30
10/16/2013,HSA,MS,ASO,CE,Federal Contract Tower,0,1,2,18,21,0,0,30,4,34,0,1,32,22,55,0,0,0,55
10/17/2013,HSA,MS,ASO,CE,Federal Contract Tower,0,0,2,8,10,0,0,4,3,7,0,0,6,11,17,0,0,0,17
10/18/2013,HSA,MS,ASO,CE,Federal Contract Tower,0,2,2,6,10,0,0,17,2,19,0,2,19,8,29,0,0,0,29
10/19/2013,HSA,MS,ASO,CE,Federal Contract Tower,0,0,4,2,6,0,0,2,0,2,0,0,6,2,8,0,0,0,8
10/20/2013,HSA,MS,ASO,CE,Federal Contract Tower,0,2,8,1,11,0,0,13,0,13,0,2,21,1,24,16,0,16,40
10/21/2013,HSA,MS,ASO,CE,Federal Contract Tower,0,0,1,8,9,0,0,6,0,6,0,0,7,8,15,0,0,0,15
10/22/2013,HSA,MS,ASO,CE,Federal Contract Tower,0,0,4,34,38,0,0,7,16,23,0,0,11,50,61,0,106,106,167
10/23/2013,HSA,MS,ASO,CE,Federal Contract Tower,0,0,3,16,19,0,0,12,10,22,0,0,15,26,41,0,14,14,55
10/24/2013,HSA,MS,ASO,CE,Federal Contract Tower,0,0,4,14,18,0,0,6,10,16,0,0,10,24,34,0,42,42,76
10/25/2013,HSA,MS,ASO,CE,Federal Contract Tower,0,0,5,5,10,0,0,8,10,18,0,0,13,15,28,0,38,38,66
10/26/2013,HSA,MS,ASO,CE,Federal Contract Tower,0,1,0,0,1,0,0,16,0,16,0,1,16,0,17,28,0,28,45
10/27/2013,HSA,MS,ASO,CE,Federal Contract Tower,0,0,5,0,5,0,0,12,0,12,0,0,17,0,17,0,0,0,17
10/28/2013,HSA,MS,ASO,CE,Federal Contract Tower,0,0,4,10,14,0,0,14,0,14,0,0,18,10,28,0,0,0,28
10/29/2013,HSA,MS,ASO,CE,Federal Contract Tower,0,0,8,23,31,0,0,9,8,17,0,0,17,31,48,0,72,72,120
10/30/2013,HSA,MS,ASO,CE,Federal Contract Tower,0,0,12,40,52,0,0,26,8,34,0,0,38,48,86,7,46,53,139
10/31/2013,HSA,MS,ASO,CE,Federal Contract Tower,0,2,1,11,14,0,0,15,4,19,0,2,16,15,33,0,35,35,68
11/01/2013,HSA,MS,ASO,CE,Federal Contract Tower,0,0,3,12,15,0,0,3,4,7,0,0,6,16,22,0,68,68,90
11/02/2013,HSA,MS,ASO,CE,Federal Contract Tower,0,0,2,17,19,0,0,8,2,10,0,0,10,19,29,0,18,18,47
11/03/2013,HSA,MS,ASO,CE,Federal Contract Tower,0,0,4,2,6,0,0,11,0,11,0,0,15,2,17,0,0,0,17
11/04/2013,HSA,MS,ASO,CE,Federal Contract Tower,0,2,4,12,18,0,0,0,1,1,0,2,4,13,19,0,4,4,23
11/05/2013,HSA,MS,ASO,CE,Federal Contract Tower,0,0,2,23,25,0,0,4,15,19,0,0,6,38,44,0,18,18,62
11/06/2013,HSA,MS,ASO,CE,Federal Contract Tower,0,0,0,53,53,0,0,1,10,11,0,0,1,63,64,0,20,20,84
11/07/2013,HSA,MS,ASO,CE,Federal Contract Tower,0,0,3,15,18,0,0,1,0,1,0,0,4,15,19,0,50,50,69
11/08/2013,HSA,MS,ASO,CE,Federal Contract Tower,0,0,3,7,10,0,0,6,1,7,0,0,9,8,17,0,0,0,17
11/09/2013,HSA,MS,ASO,CE,Federal Contract Tower,0,0,2,0,2,0,0,21,0,21,0,0,23,0,23,6,0,6,29
11/10/2013,HSA,MS,ASO,CE,Federal Contract Tower,0,0,2,1,3,0,0,16,0,16,0,0,18,1,19,0,0,0,19
11/11/2013,HSA,MS,ASO,CE,Federal Contract Tower,0,0,1,1,2,0,0,8,0,8,0,0,9,1,10,20,0,20,30
11/12/2013,HSA,MS,ASO,CE,Federal Contract Tower,0,2,3,28,33,0,0,2,21,23,0,2,5,49,56,4,72,76,132
11/13/2013,HSA,MS,ASO,CE,Federal Contract Tower,0,0,9,35,44,0,0,0,2,2,0,0,9,37,46,0,43,43,89
11/14/2013,HSA,MS,ASO,CE,Federal Contract Tower,0,0,5,34,39,0,0,6,16,22,0,0,11,50,61,0,36,36,97
11/15/2013,HSA,MS,ASO,CE,Federal Contract Tower,0,0,7,32,39,0,0,0,0,0,0,0,7,32,39,0,0,0,39
11/16/2013,HSA,MS,ASO,CE,Federal Contract Tower,0,0,2,0,2,0,0,3,0,3,0,0,5,0,5,0,0,0,5
11/17/2013,HSA,MS,ASO,CE,Federal Contract Tower,0,0,2,0,2,0,0,0,0,0,0,0,2,0,2,0,0,0,2
11/18/2013,HSA,MS,ASO,CE,Federal Contract Tower,0,0,0,21,21,0,0,0,0,0,0,0,0,21,21,18,0,18,39
11/19/2013,HSA,MS,ASO,CE,Federal Contract Tower,0,0,10,13,23,0,0,5,13,18,0,0,15,26,41,4,38,42,83
11/20/2013,HSA,MS,ASO,CE,Federal Contract Tower,0,0,4,31,35,0,0,15,5,20,0,0,19,36,55,16,40,56,111
11/21/2013,HSA,MS,ASO,CE,Federal Contract Tower,0,0,2,10,12,0,0,2,0,2,0,0,4,10,14,0,0,0,14
11/22/2013,HSA,MS,ASO,CE,Federal Contract Tower,0,0,1,13,14,0,0,2,0,2,0,0,3,13,16,0,0,0,16
11/23/2013,HSA,MS,ASO,CE,Federal Contract Tower,0,1,0,0,1,0,0,0,0,0,0,1,0,0,1,0,0,0,1
11/24/2013,HSA,MS,ASO,CE,Federal Contract Tower,0,0,6,0,6,0,0,1,0,1,0,0,7,0,7,10,0,10,17
11/25/2013,HSA,MS,ASO,CE,Federal Contract Tower,0,2,3,0,5,0,0,0,0,0,0,2,3,0,5,0,0,0,5
11/26/2013,HSA,MS,ASO,CE,Federal Contract Tower,0,0,0,16,16,0,0,0,2,2,0,0,0,18,18,0,0,0,18
11/27/2013,HSA,MS,ASO,CE,Federal Contract Tower,0,0,4,6,10,0,0,11,0,11,0,0,15,6,21,10,6,16,37
11/28/2013,HSA,MS,ASO,CE,Federal Contract Tower,0,1,0,0,1,0,0,0,0,0,0,1,0,0,1,0,0,0,1
11/29/2013,HSA,MS,ASO,CE,Federal Contract Tower,0,0,2,0,2,0,0,16,0,16,0,0,18,0,18,22,0,22,40
11/30/2013,HSA,MS,ASO,CE,Federal Contract Tower,0,2,5,0,7,0,0,19,0,19,0,2,24,0,26,0,0,0,26
12/01/2013,HSA,MS,ASO,CE,Federal Contract Tower,0,0,13,0,13,0,0,21,0,21,0,0,34,0,34,10,0,10,44
12/02/2013,HSA,MS,ASO,CE,Federal Contract Tower,0,0,3,2,5,0,0,7,0,7,0,0,10,2,12,0,0,0,12
12/03/2013,HSA,MS,ASO,CE,Federal Contract Tower,0,0,2,19,21,0,0,1,2,3,0,0,3,21,24,2,26,28,52
12/04/2013,HSA,MS,ASO,CE,Federal Contract Tower,0,0,1,18,19,0,0,5,0,5,0,0,6,18,24,0,0,0,24
12/05/2013,HSA,MS,ASO,CE,Federal Contract Tower,0,0,4,0,4,0,0,0,0,0,0,0,4,0,4,0,0,0,4
12/06/2013,HSA,MS,ASO,CE,Federal Contract Tower,0,0,3,0,3,0,0,0,0,0,0,0,3,0,3,0,0,0,3
12/07/2013,HSA,MS,ASO,CE,Federal Contract Tower,0,0,1,0,1,0,0,0,0,0,0,0,1,0,1,0,0,0,1
12/08/2013,HSA,MS,ASO,CE,Federal Contract Tower,0,0,0,0,0,0,0,0,0,0,0,0,0,0,0,0,0,0,0
12/09/2013,HSA,MS,ASO,CE,Federal Contract Tower,0,0,1,21,22,0,0,0,0,0,0,0,1,21,22,0,0,0,22
12/10/2013,HSA,MS,ASO,CE,Federal Contract Tower,0,0,3,40,43,0,0,0,5,5,0,0,3,45,48,4,56,60,108
12/11/2013,HSA,MS,ASO,CE,Federal Contract Tower,0,0,5,23,28,0,0,14,2,16,0,0,19,25,44,0,94,94,138
12/12/2013,HSA,MS,ASO,CE,Federal Contract Tower,0,0,4,23,27,0,0,13,20,33,0,0,17,43,60,20,16,36,96
12/13/2013,HSA,MS,ASO,CE,Federal Contract Tower,0,0,5,18,23,0,0,2,13,15,0,0,7,31,38,10,26,36,74
12/14/2013,HSA,MS,ASO,CE,Federal Contract Tower,0,0,3,0,3,0,0,1,0,1,0,0,4,0,4,0,0,0,4
12/15/2013,HSA,MS,ASO,CE,Federal Contract Tower,0,0,7,5,12,0,0,10,0,10,0,0,17,5,22,16,0,16,38
12/16/2013,HSA,MS,ASO,CE,Federal Contract Tower,0,0,2,6,8,0,0,7,0,7,0,0,9,6,15,34,0,34,49
12/17/2013,HSA,MS,ASO,CE,Federal Contract Tower,0,0,5,32,37,0,0,13,11,24,0,0,18,43,61,28,54,82,143
12/18/2013,HSA,MS,ASO,CE,Federal Contract Tower,0,0,1,2,3,0,8,7,1,16,0,8,8,3,19,24,18,42,61
12/19/2013,HSA,MS,ASO,CE,Federal Contract Tower,0,0,0,9,9,0,0,14,7,21,0,0,14,16,30,18,2,20,50
12/20/2013,HSA,MS,ASO,CE,Federal Contract Tower,0,1,6,12,19,0,0,1,0,1,0,1,7,12,20,0,2,2,22
12/21/2013,HSA,MS,ASO,CE,Federal Contract Tower,0,0,0,0,0,0,0,0,0,0,0,0,0,0,0,0,0,0,0
12/22/2013,HSA,MS,ASO,CE,Federal Contract Tower,0,0,1,0,1,0,0,0,0,0,0,0,1,0,1,0,0,0,1
12/23/2013,HSA,MS,ASO,CE,Federal Contract Tower,0,0,0,9,9,0,0,2,0,2,0,0,2,9,11,0,66,66,77
12/24/2013,HSA,MS,ASO,CE,Federal Contract Tower,0,0,1,0,1,0,0,4,0,4,0,0,5,0,5,6,0,6,11
12/25/2013,HSA,MS,ASO,CE,Federal Contract Tower,0,0,0,0,0,0,0,0,0,0,0,0,0,0,0,0,0,0,0
12/26/2013,HSA,MS,ASO,CE,Federal Contract Tower,0,0,2,0,2,0,0,3,0,3,0,0,5,0,5,0,0,0,5
12/27/2013,HSA,MS,ASO,CE,Federal Contract Tower,0,0,5,24,29,0,0,3,2,5,0,0,8,26,34,0,36,36,70
12/28/2013,HSA,MS,ASO,CE,Federal Contract Tower,0,0,2,0,2,0,0,0,0,0,0,0,2,0,2,0,0,0,2
12/29/2013,HSA,MS,ASO,CE,Federal Contract Tower,0,0,0,0,0,0,0,6,0,6,0,0,6,0,6,0,0,0,6
12/30/2013,HSA,MS,ASO,CE,Federal Contract Tower,0,0,2,7,9,0,0,15,0,15,0,0,17,7,24,88,24,112,136
12/31/2013,HSA,MS,ASO,CE,Federal Contract Tower,0,0,15,2,17,0,0,37,0,37,0,0,52,2,54,8,0,8,62
01/01/2014,HSA,MS,ASO,CE,Federal Contract Tower,0,0,10,0,10,0,0,8,0,8,0,0,18,0,18,0,0,0,18
01/02/2014,HSA,MS,ASO,CE,Federal Contract Tower,0,0,17,1,18,0,0,32,2,34,0,0,49,3,52,14,10,24,76
01/03/2014,HSA,MS,ASO,CE,Federal Contract Tower,0,0,1,36,37,0,0,11,1,12,0,0,12,37,49,3,95,98,147
01/04/2014,HSA,MS,ASO,CE,Federal Contract Tower,0,0,2,0,2,0,0,2,0,2,0,0,4,0,4,0,0,0,4
01/05/2014,HSA,MS,ASO,CE,Federal Contract Tower,0,0,2,0,2,0,0,7,0,7,0,0,9,0,9,0,0,0,9
01/06/2014,HSA,MS,ASO,CE,Federal Contract Tower,0,0,2,4,6,0,0,5,0,5,0,0,7,4,11,10,0,10,21
01/07/2014,HSA,MS,ASO,CE,Federal Contract Tower,0,0,2,48,50,0,0,5,13,18,0,0,7,61,68,10,56,66,134
01/08/2014,HSA,MS,ASO,CE,Federal Contract Tower,0,0,2,18,20,0,0,0,0,0,0,0,2,18,20,22,54,76,96
01/09/2014,HSA,MS,ASO,CE,Federal Contract Tower,0,0,5,58,63,0,0,17,18,35,0,0,22,76,98,10,44,54,152
01/10/2014,HSA,MS,ASO,CE,Federal Contract Tower,0,0,6,0,6,0,0,0,0,0,0,0,6,0,6,0,0,0,6
01/11/2014,HSA,MS,ASO,CE,Federal Contract Tower,0,0,0,4,4,0,0,6,0,6,0,0,6,4,10,0,0,0,10
01/12/2014,HSA,MS,ASO,CE,Federal Contract Tower,0,0,0,20,20,0,0,10,4,14,0,0,10,24,34,12,16,28,62
01/13/2014,HSA,MS,ASO,CE,Federal Contract Tower,0,0,3,5,8,0,0,0,0,0,0,0,3,5,8,0,0,0,8
01/14/2014,HSA,MS,ASO,CE,Federal Contract Tower,0,0,4,17,21,0,0,2,10,12,0,0,6,27,33,6,56,62,95
01/15/2014,HSA,MS,ASO,CE,Federal Contract Tower,0,0,4,42,46,0,0,9,16,25,0,0,13,58,71,4,84,88,159
01/16/2014,HSA,MS,ASO,CE,Federal Contract Tower,0,1,11,22,34,0,0,6,8,14,0,1,17,30,48,0,66,66,114
01/17/2014,HSA,MS,ASO,CE,Federal Contract Tower,0,0,0,6,6,0,0,7,3,10,0,0,7,9,16,2,18,20,36
01/18/2014,HSA,MS,ASO,CE,Federal Contract Tower,0,0,3,0,3,0,0,19,0,19,0,0,22,0,22,11,0,11,33
01/19/2014,HSA,MS,ASO,CE,Federal Contract Tower,0,0,3,0,3,0,0,6,0,6,0,0,9,0,9,0,0,0,9
01/20/2014,HSA,MS,ASO,CE,Federal Contract Tower,0,0,3,0,3,0,0,5,0,5,0,0,8,0,8,4,0,4,12
01/21/2014,HSA,MS,ASO,CE,Federal Contract Tower,0,0,2,8,10,0,0,11,3,14,0,0,13,11,24,14,16,30,54
01/22/2014,HSA,MS,ASO,CE,Federal Contract Tower,0,0,5,42,47,0,0,9,9,18,0,0,14,51,65,0,64,64,129
01/23/2014,HSA,MS,ASO,CE,Federal Contract Tower,0,0,3,20,23,0,0,12,3,15,0,0,15,23,38,12,70,82,120
01/24/2014,HSA,MS,ASO,CE,Federal Contract Tower,0,0,0,2,2,0,0,0,0,0,0,0,0,2,2,0,0,0,2
01/25/2014,HSA,MS,ASO,CE,Federal Contract Tower,0,0,4,0,4,0,0,21,0,21,0,0,25,0,25,16,0,16,41
01/26/2014,HSA,MS,ASO,CE,Federal Contract Tower,0,0,0,0,0,0,0,8,0,8,0,0,8,0,8,0,0,0,8
01/27/2014,HSA,MS,ASO,CE,Federal Contract Tower,0,0,1,0,1,0,0,8,0,8,0,0,9,0,9,0,0,0,9
01/28/2014,HSA,MS,ASO,CE,Federal Contract Tower,0,0,0,0,0,0,0,0,0,0,0,0,0,0,0,0,0,0,0
01/29/2014,HSA,MS,ASO,CE,Federal Contract Tower,1,0,0,3,4,0,0,0,0,0,1,0,0,3,4,0,0,0,4
01/30/2014,HSA,MS,ASO,CE,Federal Contract Tower,0,1,1,8,10,0,0,1,6,7,0,1,2,14,17,0,30,30,47
01/31/2014,HSA,MS,ASO,CE,Federal Contract Tower,0,0,10,7,17,0,0,0,0,0,0,0,10,7,17,25,2,27,44
02/01/2014,HSA,MS,ASO,CE,Federal Contract Tower,0,0,6,2,8,0,0,16,0,16,0,0,22,2,24,26,0,26,50
02/02/2014,HSA,MS,ASO,CE,Federal Contract Tower,0,0,0,1,1,0,0,0,0,0,0,0,0,1,1,0,0,0,1
02/03/2014,HSA,MS,ASO,CE,Federal Contract Tower,0,0,8,10,18,0,0,2,0,2,0,0,10,10,20,32,0,32,52
02/04/2014,HSA,MS,ASO,CE,Federal Contract Tower,0,0,3,0,3,0,0,0,0,0,0,0,3,0,3,0,0,0,3
02/05/2014,HSA,MS,ASO,CE,Federal Contract Tower,0,2,7,37,46,0,0,7,8,15,0,2,14,45,61,2,56,58,119
02/06/2014,HSA,MS,ASO,CE,Federal Contract Tower,0,0,4,19,23,0,0,3,4,7,0,0,7,23,30,6,34,40,70
02/07/2014,HSA,MS,ASO,CE,Federal Contract Tower,0,1,7,12,20,0,0,1,0,1,0,1,8,12,21,6,0,6,27
02/08/2014,HSA,MS,ASO,CE,Federal Contract Tower,0,0,5,2,7,0,0,24,2,26,0,0,29,4,33,6,10,16,49
02/09/2014,HSA,MS,ASO,CE,Federal Contract Tower,0,2,10,15,27,0,0,13,3,16,0,2,23,18,43,2,30,32,75
02/10/2014,HSA,MS,ASO,CE,Federal Contract Tower,0,0,2,4,6,0,0,8,0,8,0,0,10,4,14,0,0,0,14
02/11/2014,HSA,MS,ASO,CE,Federal Contract Tower,0,0,2,2,4,0,0,0,0,0,0,0,2,2,4,0,0,0,4
02/12/2014,HSA,MS,ASO,CE,Federal Contract Tower,0,0,4,1,5,0,0,0,0,0,0,0,4,1,5,0,0,0,5
02/13/2014,HSA,MS,ASO,CE,Federal Contract Tower,0,2,5,39,46,0,0,10,11,21,0,2,15,50,67,6,64,70,137
02/14/2014,HSA,MS,ASO,CE,Federal Contract Tower,0,0,4,4,8,0,0,15,2,17,0,0,19,6,25,10,8,18,43
02/15/2014,HSA,MS,ASO,CE,Federal Contract Tower,0,0,8,0,8,0,0,26,4,30,0,0,34,4,38,2,0,2,40
02/16/2014,HSA,MS,ASO,CE,Federal Contract Tower,0,0,8,0,8,0,0,21,0,21,0,0,29,0,29,18,0,18,47
02/17/2014,HSA,MS,ASO,CE,Federal Contract Tower,0,0,6,0,6,0,0,2,0,2,0,0,8,0,8,16,0,16,24
02/18/2014,HSA,MS,ASO,CE,Federal Contract Tower,0,0,6,16,22,0,0,4,8,12,0,0,10,24,34,10,0,10,44
02/19/2014,HSA,MS,ASO,CE,Federal Contract Tower,0,0,10,32,42,0,0,2,0,2,0,0,12,32,44,0,10,10,54
02/20/2014,HSA,MS,ASO,CE,Federal Contract Tower,0,0,4,2,6,0,0,0,0,0,0,0,4,2,6,0,0,0,6
02/21/2014,HSA,MS,ASO,CE,Federal Contract Tower,0,0,0,7,7,0,0,8,9,17,0,0,8,16,24,46,63,109,133
02/22/2014,HSA,MS,ASO,CE,Federal Contract Tower,0,0,3,0,3,0,0,8,0,8,0,0,11,0,11,4,0,4,15
02/23/2014,HSA,MS,ASO,CE,Federal Contract Tower,0,0,0,0,0,0,0,0,0,0,0,0,0,0,0,0,0,0,0
02/24/2014,HSA,MS,ASO,CE,Federal Contract Tower,0,2,4,42,48,0,0,9,10,19,0,2,13,52,67,50,50,100,167
02/25/2014,HSA,MS,ASO,CE,Federal Contract Tower,0,0,8,5,13,0,0,4,11,15,0,0,12,16,28,22,32,54,82
02/26/2014,HSA,MS,ASO,CE,Federal Contract Tower,0,3,4,17,24,0,0,0,2,2,0,3,4,19,26,0,22,22,48
02/27/2014,HSA,MS,ASO,CE,Federal Contract Tower,0,1,5,22,28,0,0,11,10,21,0,1,16,32,49,14,94,108,157
02/28/2014,HSA,MS,ASO,CE,Federal Contract Tower,0,0,4,6,10,0,0,9,0,9,0,0,13,6,19,8,0,8,27
03/01/2014,HSA,MS,ASO,CE,Federal Contract Tower,0,0,7,2,9,0,0,10,4,14,0,0,17,6,23,26,16,42,65
03/02/2014,HSA,MS,ASO,CE,Federal Contract Tower,0,0,9,0,9,0,0,11,0,11,0,0,20,0,20,8,0,8,28
03/03/2014,HSA,MS,ASO,CE,Federal Contract Tower,0,0,1,0,1,0,0,2,0,2,0,0,3,0,3,10,0,10,13
03/04/2014,HSA,MS,ASO,CE,Federal Contract Tower,0,0,2,3,5,0,0,0,0,0,0,0,2,3,5,0,0,0,5
03/05/2014,HSA,MS,ASO,CE,Federal Contract Tower,0,0,2,19,21,0,0,3,0,3,0,0,5,19,24,0,8,8,32
03/06/2014,HSA,MS,ASO,CE,Federal Contract Tower,0,0,0,33,33,0,0,23,1,24,0,0,23,34,57,32,6,38,95
03/07/2014,HSA,MS,ASO,CE,Federal Contract Tower,0,2,3,4,9,0,0,31,19,50,0,2,34,23,59,38,6,44,103
03/08/2014,HSA,MS,ASO,CE,Federal Contract Tower,0,0,0,3,3,0,0,24,2,26,0,0,24,5,29,40,50,90,119
03/09/2014,HSA,MS,ASO,CE,Federal Contract Tower,0,0,4,0,4,0,0,12,0,12,0,0,16,0,16,30,0,30,46
03/10/2014,HSA,MS,ASO,CE,Federal Contract Tower,0,0,7,42,49,0,0,16,6,22,0,0,23,48,71,4,92,96,167
03/11/2014,HSA,MS,ASO,CE,Federal Contract Tower,0,0,3,4,7,0,0,0,0,0,0,0,3,4,7,0,0,0,7
03/12/2014,HSA,MS,ASO,CE,Federal Contract Tower,0,0,2,27,29,0,0,6,10,16,0,0,8,37,45,0,66,66,111
03/13/2014,HSA,MS,ASO,CE,Federal Contract Tower,0,0,3,12,15,0,0,4,17,21,0,0,7,29,36,2,34,36,72
03/14/2014,HSA,MS,ASO,CE,Federal Contract Tower,0,0,5,4,9,0,0,13,1,14,0,0,18,5,23,23,62,85,108
03/15/2014,HSA,MS,ASO,CE,Federal Contract Tower,0,0,10,6,16,0,0,7,0,7,0,0,17,6,23,0,0,0,23
03/16/2014,HSA,MS,ASO,CE,Federal Contract Tower,0,0,5,0,5,0,0,2,0,2,0,0,7,0,7,0,0,0,7
03/17/2014,HSA,MS,ASO,CE,Federal Contract Tower,0,0,4,15,19,0,0,6,7,13,0,0,10,22,32,0,28,28,60
03/18/2014,HSA,MS,ASO,CE,Federal Contract Tower,0,0,3,22,25,0,0,16,29,45,0,0,19,51,70,4,116,120,190
03/19/2014,HSA,MS,ASO,CE,Federal Contract Tower,0,0,11,25,36,0,0,9,6,15,0,0,20,31,51,8,100,108,159
03/20/2014,HSA,MS,ASO,CE,Federal Contract Tower,0,0,4,31,35,0,0,11,9,20,0,0,15,40,55,0,80,80,135
03/21/2014,HSA,MS,ASO,CE,Federal Contract Tower,0,1,4,3,8,0,0,21,0,21,0,1,25,3,29,32,6,38,67
03/22/2014,HSA,MS,ASO,CE,Federal Contract Tower,0,0,9,5,14,0,0,18,0,18,0,0,27,5,32,8,0,8,40
03/23/2014,HSA,MS,ASO,CE,Federal Contract Tower,0,0,4,0,4,0,0,3,0,3,0,0,7,0,7,0,0,0,7
03/24/2014,HSA,MS,ASO,CE,Federal Contract Tower,0,0,1,13,14,0,0,6,6,12,0,0,7,19,26,4,34,38,64
03/25/2014,HSA,MS,ASO,CE,Federal Contract Tower,0,0,6,19,25,0,0,6,18,24,0,0,12,37,49,0,66,66,115
03/26/2014,HSA,MS,ASO,CE,Federal Contract Tower,0,1,8,26,35,0,0,16,6,22,0,1,24,32,57,12,38,50,107
03/27/2014,HSA,MS,ASO,CE,Federal Contract Tower,0,2,4,22,28,0,0,8,4,12,0,2,12,26,40,8,30,38,78
03/28/2014,HSA,MS,ASO,CE,Federal Contract Tower,0,2,2,0,4,0,0,0,0,0,0,2,2,0,4,0,0,0,4
03/29/2014,HSA,MS,ASO,CE,Federal Contract Tower,0,0,3,2,5,0,0,2,9,11,0,0,5,11,16,0,12,12,28
03/30/2014,HSA,MS,ASO,CE,Federal Contract Tower,0,0,2,2,4,0,0,10,0,10,0,0,12,2,14,44,0,44,58
03/31/2014,HSA,MS,ASO,CE,Federal Contract Tower,0,0,5,38,43,0,0,21,2,23,0,0,26,40,66,30,24,54,120
04/01/2014,HSA,MS,ASO,CE,Federal Contract Tower,0,0,8,18,26,0,0,13,16,29,0,0,21,34,55,0,34,34,89
04/02/2014,HSA,MS,ASO,CE,Federal Contract Tower,0,0,4,15,19,0,0,4,2,6,0,0,8,17,25,6,8,14,39
04/03/2014,HSA,MS,ASO,CE,Federal Contract Tower,0,1,9,4,14,0,0,3,5,8,0,1,12,9,22,0,0,0,22
04/04/2014,HSA,MS,ASO,CE,Federal Contract Tower,0,0,13,1,14,0,0,4,3,7,0,0,17,4,21,0,14,14,35
04/05/2014,HSA,MS,ASO,CE,Federal Contract Tower,0,2,0,2,4,0,0,0,32,32,0,2,0,34,36,0,0,0,36
04/06/2014,HSA,MS,ASO,CE,Federal Contract Tower,0,0,7,2,9,0,0,0,0,0,0,0,7,2,9,0,0,0,9
04/07/2014,HSA,MS,ASO,CE,Federal Contract Tower,0,0,1,30,31,0,0,0,2,2,0,0,1,32,33,10,52,62,95
04/08/2014,HSA,MS,ASO,CE,Federal Contract Tower,0,0,3,4,7,0,0,0,4,4,0,0,3,8,11,0,26,26,37
04/09/2014,HSA,MS,ASO,CE,Federal Contract Tower,0,0,4,32,36,0,0,24,6,30,0,0,28,38,66,0,66,66,132
04/10/2014,HSA,MS,ASO,CE,Federal Contract Tower,0,0,2,10,12,0,0,29,18,47,0,0,31,28,59,6,80,86,145
04/11/2014,HSA,MS,ASO,CE,Federal Contract Tower,0,0,5,6,11,0,0,19,9,28,0,0,24,15,39,12,32,44,83
04/12/2014,HSA,MS,ASO,CE,Federal Contract Tower,0,0,1,2,3,0,0,1,14,15,0,0,2,16,18,0,36,36,54
04/13/2014,HSA,MS,ASO,CE,Federal Contract Tower,0,0,4,2,6,0,0,15,8,23,0,0,19,10,29,14,20,34,63
04/14/2014,HSA,MS,ASO,CE,Federal Contract Tower,0,0,3,19,22,0,0,0,1,1,0,0,3,20,23,10,0,10,33
04/15/2014,HSA,MS,ASO,CE,Federal Contract Tower,0,2,9,17,28,0,0,14,26,40,0,2,23,43,68,0,84,84,152
04/16/2014,HSA,MS,ASO,CE,Federal Contract Tower,0,0,3,46,49,0,0,8,1,9,0,0,11,47,58,4,42,46,104
04/17/2014,HSA,MS,ASO,CE,Federal Contract Tower,0,0,8,29,37,0,0,6,7,13,0,0,14,36,50,0,30,30,80
04/18/2014,HSA,MS,ASO,CE,Federal Contract Tower,0,0,5,5,10,0,0,0,0,0,0,0,5,5,10,0,0,0,10
04/19/2014,HSA,MS,ASO,CE,Federal Contract Tower,0,2,5,0,7,0,0,8,1,9,0,2,13,1,16,29,0,29,45
04/20/2014,HSA,MS,ASO,CE,Federal Contract Tower,0,0,3,0,3,0,0,9,0,9,0,0,12,0,12,6,0,6,18
04/21/2014,HSA,MS,ASO,CE,Federal Contract Tower,0,4,9,13,26,0,0,26,1,27,0,4,35,14,53,12,4,16,69
04/22/2014,HSA,MS,ASO,CE,Federal Contract Tower,0,0,5,8,13,0,0,8,16,24,0,0,13,24,37,0,142,142,179
04/23/2014,HSA,MS,ASO,CE,Federal Contract Tower,0,0,1,28,29,0,0,15,7,22,0,0,16,35,51,10,97,107,158
04/24/2014,HSA,MS,ASO,CE,Federal Contract Tower,0,0,5,10,15,0,0,7,16,23,0,0,12,26,38,2,44,46,84
04/25/2014,HSA,MS,ASO,CE,Federal Contract Tower,0,0,2,0,2,0,0,24,4,28,0,0,26,4,30,22,0,22,52
04/26/2014,HSA,MS,ASO,CE,Federal Contract Tower,0,0,3,5,8,0,0,14,0,14,0,0,17,5,22,8,0,8,30
04/27/2014,HSA,MS,ASO,CE,Federal Contract Tower,0,0,2,3,5,0,0,7,2,9,0,0,9,5,14,0,8,8,22
04/28/2014,HSA,MS,ASO,CE,Federal Contract Tower,0,0,12,15,27,0,0,8,0,8,0,0,20,15,35,0,0,0,35
04/29/2014,HSA,MS,ASO,CE,Federal Contract Tower,0,0,7,0,7,0,0,3,2,5,0,0,10,2,12,0,0,0,12
04/30/2014,HSA,MS,ASO,CE,Federal Contract Tower,0,0,4,11,15,0,0,10,9,19,0,0,14,20,34,2,20,22,56
05/01/2014,HSA,MS,ASO,CE,Federal Contract Tower,0,0,4,7,11,0,0,25,10,35,0,0,29,17,46,0,28,28,74
05/02/2014,HSA,MS,ASO,CE,Federal Contract Tower,0,0,3,20,23,0,0,18,22,40,0,0,21,42,63,0,28,28,91
05/03/2014,HSA,MS,ASO,CE,Federal Contract Tower,0,0,1,3,4,0,0,15,1,16,0,0,16,4,20,16,50,66,86
05/04/2014,HSA,MS,ASO,CE,Federal Contract Tower,0,0,3,0,3,0,0,10,0,10,0,0,13,0,13,0,0,0,13
05/05/2014,HSA,MS,ASO,CE,Federal Contract Tower,1,0,0,29,30,0,0,16,7,23,1,0,16,36,53,0,44,44,97
05/06/2014,HSA,MS,ASO,CE,Federal Contract Tower,0,0,3,13,16,0,0,22,33,55,0,0,25,46,71,6,36,42,113
05/07/2014,HSA,MS,ASO,CE,Federal Contract Tower,0,0,4,19,23,0,0,21,14,35,0,0,25,33,58,4,40,44,102
05/08/2014,HSA,MS,ASO,CE,Federal Contract Tower,0,0,6,18,24,0,0,16,17,33,0,0,22,35,57,2,26,28,85
05/09/2014,HSA,MS,ASO,CE,Federal Contract Tower,0,2,1,0,3,0,0,3,0,3,0,2,4,0,6,0,0,0,6
05/10/2014,HSA,MS,ASO,CE,Federal Contract Tower,0,0,1,0,1,0,0,0,0,0,0,0,1,0,1,0,0,0,1
05/11/2014,HSA,MS,ASO,CE,Federal Contract Tower,0,0,2,1,3,0,0,1,0,1,0,0,3,1,4,0,0,0,4
05/12/2014,HSA,MS,ASO,CE,Federal Contract Tower,0,2,18,15,35,0,0,26,1,27,0,2,44,16,62,44,20,64,126
05/13/2014,HSA,MS,ASO,CE,Federal Contract Tower,0,0,5,2,7,0,0,14,1,15,0,0,19,3,22,32,20,52,74
05/14/2014,HSA,MS,ASO,CE,Federal Contract Tower,0,0,0,4,4,0,0,3,0,3,0,0,3,4,7,0,12,12,19
05/15/2014,HSA,MS,ASO,CE,Federal Contract Tower,0,0,5,12,17,0,0,16,10,26,0,0,21,22,43,16,28,44,87
05/16/2014,HSA,MS,ASO,CE,Federal Contract Tower,0,0,4,22,26,0,0,52,9,61,0,0,56,31,87,50,27,77,164
05/17/2014,HSA,MS,ASO,CE,Federal Contract Tower,0,0,0,2,2,0,0,125,2,127,0,0,125,4,129,28,2,30,159
05/18/2014,HSA,MS,ASO,CE,Federal Contract Tower,0,0,9,0,9,0,0,23,0,23,0,0,32,0,32,22,0,22,54
05/19/2014,HSA,MS,ASO,CE,Federal Contract Tower,0,0,1,37,38,0,0,10,2,12,0,0,11,39,50,8,40,48,98
05/20/2014,HSA,MS,ASO,CE,Federal Contract Tower,0,0,8,15,23,0,0,13,0,13,0,0,21,15,36,24,44,68,104
05/21/2014,HSA,MS,ASO,CE,Federal Contract Tower,0,0,0,27,27,0,0,18,6,24,0,0,18,33,51,6,48,54,105
05/22/2014,HSA,MS,ASO,CE,Federal Contract Tower,0,0,11,0,11,0,0,12,22,34,0,0,23,22,45,22,26,48,93
05/23/2014,HSA,MS,ASO,CE,Federal Contract Tower,0,0,12,0,12,0,0,22,0,22,0,0,34,0,34,50,0,50,84
05/24/2014,HSA,MS,ASO,CE,Federal Contract Tower,0,0,6,0,6,0,0,12,0,12,0,0,18,0,18,22,0,22,40
05/25/2014,HSA,MS,ASO,CE,Federal Contract Tower,0,0,1,0,1,0,0,24,0,24,0,0,25,0,25,18,0,18,43
05/26/2014,HSA,MS,ASO,CE,Federal Contract Tower,0,0,6,0,6,0,0,18,0,18,0,0,24,0,24,14,0,14,38
05/27/2014,HSA,MS,ASO,CE,Federal Contract Tower,0,0,2,3,5,0,0,5,1,6,0,0,7,4,11,0,8,8,19
05/28/2014,HSA,MS,ASO,CE,Federal Contract Tower,0,0,2,0,2,0,0,2,0,2,0,0,4,0,4,4,0,4,8
05/29/2014,HSA,MS,ASO,CE,Federal Contract Tower,0,0,2,18,20,0,0,7,0,7,0,0,9,18,27,6,0,6,33
05/30/2014,HSA,MS,ASO,CE,Federal Contract Tower,0,0,4,4,8,0,0,5,0,5,0,0,9,4,13,0,2,2,15
05/31/2014,HSA,MS,ASO,CE,Federal Contract Tower,0,0,0,0,0,0,0,4,0,4,0,0,4,0,4,0,0,0,4
06/01/2014,HSA,MS,ASO,CE,Federal Contract Tower,0,0,9,0,9,0,0,2,0,2,0,0,11,0,11,18,0,18,29
06/02/2014,HSA,MS,ASO,CE,Federal Contract Tower,0,0,2,18,20,0,0,8,0,8,0,0,10,18,28,30,0,30,58
06/03/2014,HSA,MS,ASO,CE,Federal Contract Tower,0,0,10,30,40,0,0,15,1,16,0,0,25,31,56,36,14,50,106
06/04/2014,HSA,MS,ASO,CE,Federal Contract Tower,0,0,3,8,11,0,0,19,2,21,0,0,22,10,32,32,4,36,68
06/05/2014,HSA,MS,ASO,CE,Federal Contract Tower,0,0,4,51,55,0,0,19,2,21,0,0,23,53,76,18,36,54,130
06/06/2014,HSA,MS,ASO,CE,Federal Contract Tower,0,0,6,7,13,0,0,25,4,29,0,0,31,11,42,43,8,51,93
06/07/2014,HSA,MS,ASO,CE,Federal Contract Tower,0,0,0,2,2,0,0,19,0,19,0,0,19,2,21,4,0,4,25
06/08/2014,HSA,MS,ASO,CE,Federal Contract Tower,0,0,3,0,3,0,0,16,0,16,0,0,19,0,19,0,0,0,19
06/09/2014,HSA,MS,ASO,CE,Federal Contract Tower,0,0,4,15,19,0,0,15,2,17,0,0,19,17,36,20,24,44,80
06/10/2014,HSA,MS,ASO,CE,Federal Contract Tower,0,0,3,4,7,0,0,7,0,7,0,0,10,4,14,27,2,29,43
06/11/2014,HSA,MS,ASO,CE,Federal Contract Tower,0,0,1,9,10,0,0,21,2,23,0,0,22,11,33,52,22,74,107
06/12/2014,HSA,MS,ASO,CE,Federal Contract Tower,0,2,4,10,16,0,0,23,4,27,0,2,27,14,43,44,8,52,95
06/13/2014,HSA,MS,ASO,CE,Federal Contract Tower,0,0,3,6,9,0,0,10,0,10,0,0,13,6,19,0,34,34,53
06/14/2014,HSA,MS,ASO,CE,Federal Contract Tower,0,0,0,7,7,0,0,16,0,16,0,0,16,7,23,16,0,16,39
06/15/2014,HSA,MS,ASO,CE,Federal Contract Tower,0,0,1,0,1,0,0,8,0,8,0,0,9,0,9,0,0,0,9
06/16/2014,HSA,MS,ASO,CE,Federal Contract Tower,0,0,3,6,9,0,0,17,0,17,0,0,20,6,26,10,0,10,36
06/17/2014,HSA,MS,ASO,CE,Federal Contract Tower,0,2,3,9,14,0,0,24,0,24,0,2,27,9,38,0,2,2,40
06/18/2014,HSA,MS,ASO,CE,Federal Contract Tower,0,0,3,4,7,0,0,14,0,14,0,0,17,4,21,10,8,18,39
06/19/2014,HSA,MS,ASO,CE,Federal Contract Tower,0,0,2,31,33,0,0,23,10,33,0,0,25,41,66,20,38,58,124
06/20/2014,HSA,MS,ASO,CE,Federal Contract Tower,0,0,1,7,8,0,0,26,0,26,0,0,27,7,34,8,6,14,48
06/21/2014,HSA,MS,ASO,CE,Federal Contract Tower,0,0,3,0,3,0,0,22,0,22,0,0,25,0,25,26,0,26,51
06/22/2014,HSA,MS,ASO,CE,Federal Contract Tower,0,2,3,6,11,0,0,13,0,13,0,2,16,6,24,0,10,10,34
06/23/2014,HSA,MS,ASO,CE,Federal Contract Tower,0,0,2,0,2,0,0,21,0,21,0,0,23,0,23,10,0,10,33
06/24/2014,HSA,MS,ASO,CE,Federal Contract Tower,0,0,2,15,17,0,0,13,9,22,0,0,15,24,39,6,18,24,63
06/25/2014,HSA,MS,ASO,CE,Federal Contract Tower,0,0,9,2,11,0,0,11,14,25,0,0,20,16,36,8,24,32,68
06/26/2014,HSA,MS,ASO,CE,Federal Contract Tower,0,0,0,1,1,0,0,13,6,19,0,0,13,7,20,0,40,40,60
06/27/2014,HSA,MS,ASO,CE,Federal Contract Tower,0,0,12,4,16,0,0,5,4,9,0,0,17,8,25,0,8,8,33
06/28/2014,HSA,MS,ASO,CE,Federal Contract Tower,0,2,2,0,4,0,0,4,0,4,0,2,6,0,8,0,0,0,8
06/29/2014,HSA,MS,ASO,CE,Federal Contract Tower,0,0,6,6,12,0,0,16,0,16,0,0,22,6,28,20,0,20,48
06/30/2014,HSA,MS,ASO,CE,Federal Contract Tower,0,0,6,10,16,0,0,16,0,16,0,0,22,10,32,6,0,6,38
07/01/2014,HSA,MS,ASO,CE,Federal Contract Tower,0,0,8,6,14,0,0,25,32,57,0,0,33,38,71,54,42,96,167
07/02/2014,HSA,MS,ASO,CE,Federal Contract Tower,0,0,2,7,9,0,0,15,16,31,0,0,17,23,40,22,26,48,88
07/03/2014,HSA,MS,ASO,CE,Federal Contract Tower,0,0,2,7,9,0,0,12,0,12,0,0,14,7,21,22,4,26,47
07/04/2014,HSA,MS,ASO,CE,Federal Contract Tower,0,1,1,0,2,0,0,12,0,12,0,1,13,0,14,6,0,6,20
07/05/2014,HSA,MS,ASO,CE,Federal Contract Tower,0,0,2,0,2,0,0,21,0,21,0,0,23,0,23,10,0,10,33
07/06/2014,HSA,MS,ASO,CE,Federal Contract Tower,0,0,1,0,1,0,0,13,0,13,0,0,14,0,14,0,0,0,14
07/07/2014,HSA,MS,ASO,CE,Federal Contract Tower,0,0,2,12,14,0,0,28,0,28,0,0,30,12,42,28,2,30,72
07/08/2014,HSA,MS,ASO,CE,Federal Contract Tower,0,0,4,3,7,0,0,11,6,17,0,0,15,9,24,30,0,30,54
07/09/2014,HSA,MS,ASO,CE,Federal Contract Tower,0,0,5,19,24,0,7,0,0,7,0,7,5,19,31,2,0,2,33
07/10/2014,HSA,MS,ASO,CE,Federal Contract Tower,0,0,4,7,11,0,0,21,3,24,0,0,25,10,35,8,32,40,75
07/11/2014,HSA,MS,ASO,CE,Federal Contract Tower,0,0,3,15,18,0,0,21,0,21,0,0,24,15,39,16,16,32,71
07/12/2014,HSA,MS,ASO,CE,Federal Contract Tower,0,0,5,0,5,0,0,27,0,27,0,0,32,0,32,64,0,64,96
07/13/2014,HSA,MS,ASO,CE,Federal Contract Tower,0,0,1,8,9,0,0,12,0,12,0,0,13,8,21,68,0,68,89
07/14/2014,HSA,MS,ASO,CE,Federal Contract Tower,0,0,2,13,15,0,0,15,4,19,0,0,17,17,34,20,14,34,68
07/15/2014,HSA,MS,ASO,CE,Federal Contract Tower,0,0,0,18,18,0,0,4,8,12,0,0,4,26,30,22,48,70,100
07/16/2014,HSA,MS,ASO,CE,Federal Contract Tower,0,3,0,12,15,0,0,11,30,41,0,3,11,42,56,16,14,30,86
07/17/2014,HSA,MS,ASO,CE,Federal Contract Tower,0,0,1,35,36,0,0,9,14,23,0,0,10,49,59,40,110,150,209
07/18/2014,HSA,MS,ASO,CE,Federal Contract Tower,0,0,6,2,8,0,0,0,0,0,0,0,6,2,8,0,0,0,8
07/19/2014,HSA,MS,ASO,CE,Federal Contract Tower,0,0,4,1,5,0,0,4,1,5,0,0,8,2,10,8,8,16,26
07/20/2014,HSA,MS,ASO,CE,Federal Contract Tower,0,2,8,2,12,0,0,10,0,10,0,2,18,2,22,12,10,22,44
07/21/2014,HSA,MS,ASO,CE,Federal Contract Tower,0,0,2,12,14,0,0,19,7,26,0,0,21,19,40,44,56,100,140
07/22/2014,HSA,MS,ASO,CE,Federal Contract Tower,0,0,14,7,21,0,0,19,3,22,0,0,33,10,43,4,26,30,73
07/23/2014,HSA,MS,ASO,CE,Federal Contract Tower,0,2,5,14,21,0,0,20,10,30,0,2,25,24,51,66,20,86,137
07/24/2014,HSA,MS,ASO,CE,Federal Contract Tower,0,0,1,36,37,0,0,20,21,41,0,0,21,57,78,0,87,87,165
07/25/2014,HSA,MS,ASO,CE,Federal Contract Tower,0,0,6,15,21,0,0,17,0,17,0,0,23,15,38,8,70,78,116
07/26/2014,HSA,MS,ASO,CE,Federal Contract Tower,0,0,2,0,2,0,0,22,0,22,0,0,24,0,24,14,0,14,38
07/27/2014,HSA,MS,ASO,CE,Federal Contract Tower,0,0,0,0,0,0,0,17,0,17,0,0,17,0,17,4,0,4,21
07/28/2014,HSA,MS,ASO,CE,Federal Contract Tower,0,0,5,5,10,0,0,24,3,27,0,0,29,8,37,2,28,30,67
07/29/2014,HSA,MS,ASO,CE,Federal Contract Tower,0,0,6,22,28,0,0,42,18,60,0,0,48,40,88,34,78,112,200
07/30/2014,HSA,MS,ASO,CE,Federal Contract Tower,0,0,5,9,14,0,0,13,6,19,0,0,18,15,33,6,10,16,49
07/31/2014,HSA,MS,ASO,CE,Federal Contract Tower,0,0,3,11,14,0,0,24,3,27,0,0,27,14,41,10,22,32,73
08/01/2014,HSA,MS,ASO,CE,Federal Contract Tower,0,0,1,19,20,0,0,24,11,35,0,0,25,30,55,31,55,86,141
08/02/2014,HSA,MS,ASO,CE,Federal Contract Tower,0,0,2,1,3,0,0,21,1,22,0,0,23,2,25,0,20,20,45
08/03/2014,HSA,MS,ASO,CE,Federal Contract Tower,0,0,6,2,8,0,0,5,1,6,0,0,11,3,14,0,14,14,28
08/04/2014,HSA,MS,ASO,CE,Federal Contract Tower,0,0,1,3,4,0,0,11,1,12,0,0,12,4,16,4,22,26,42
08/05/2014,HSA,MS,ASO,CE,Federal Contract Tower,0,0,6,14,20,0,0,17,0,17,0,0,23,14,37,32,0,32,69
08/06/2014,HSA,MS,ASO,CE,Federal Contract Tower,0,0,2,2,4,0,0,12,2,14,0,0,14,4,18,4,30,34,52
08/07/2014,HSA,MS,ASO,CE,Federal Contract Tower,0,0,1,16,17,0,0,21,7,28,0,0,22,23,45,74,6,80,125
08/08/2014,HSA,MS,ASO,CE,Federal Contract Tower,0,0,10,0,10,0,0,23,0,23,0,0,33,0,33,6,30,36,69
08/09/2014,HSA,MS,ASO,CE,Federal Contract Tower,0,0,7,2,9,0,0,10,0,10,0,0,17,2,19,0,0,0,19
08/10/2014,HSA,MS,ASO,CE,Federal Contract Tower,0,0,1,0,1,0,0,7,0,7,0,0,8,0,8,0,0,0,8
08/11/2014,HSA,MS,ASO,CE,Federal Contract Tower,0,0,9,10,19,0,0,6,3,9,0,0,15,13,28,4,18,22,50
08/12/2014,HSA,MS,ASO,CE,Federal Contract Tower,0,0,5,17,22,0,0,23,6,29,0,0,28,23,51,26,48,74,125
08/13/2014,HSA,MS,ASO,CE,Federal Contract Tower,0,0,9,2,11,0,0,13,4,17,0,0,22,6,28,18,0,18,46
08/14/2014,HSA,MS,ASO,CE,Federal Contract Tower,0,0,5,11,16,0,0,14,9,23,0,0,19,20,39,28,30,58,97
08/15/2014,HSA,MS,ASO,CE,Federal Contract Tower,0,0,7,11,18,0,0,12,2,14,0,0,19,13,32,36,44,80,112
08/16/2014,HSA,MS,ASO,CE,Federal Contract Tower,0,0,4,2,6,0,0,21,21,42,0,0,25,23,48,20,4,24,72
08/17/2014,HSA,MS,ASO,CE,Federal Contract Tower,0,0,0,5,5,0,0,9,1,10,0,0,9,6,15,10,4,14,29
08/18/2014,HSA,MS,ASO,CE,Federal Contract Tower,0,0,9,44,53,0,0,10,9,19,0,0,19,53,72,0,40,40,112
08/19/2014,HSA,MS,ASO,CE,Federal Contract Tower,0,0,8,20,28,0,0,19,13,32,0,0,27,33,60,8,12,20,80
08/20/2014,HSA,MS,ASO,CE,Federal Contract Tower,0,0,2,9,11,0,0,17,14,31,0,0,19,23,42,2,11,13,55
08/21/2014,HSA,MS,ASO,CE,Federal Contract Tower,0,0,5,17,22,0,0,19,16,35,0,0,24,33,57,0,54,54,111
08/22/2014,HSA,MS,ASO,CE,Federal Contract Tower,0,1,5,14,20,0,0,26,12,38,0,1,31,26,58,4,71,75,133
08/23/2014,HSA,MS,ASO,CE,Federal Contract Tower,0,0,5,0,5,0,0,20,6,26,0,0,25,6,31,16,10,26,57
08/24/2014,HSA,MS,ASO,CE,Federal Contract Tower,0,0,2,4,6,0,0,11,2,13,0,0,13,6,19,0,0,0,19
08/25/2014,HSA,MS,ASO,CE,Federal Contract Tower,0,0,0,10,10,0,0,13,2,15,0,0,13,12,25,18,40,58,83
08/26/2014,HSA,MS,ASO,CE,Federal Contract Tower,0,0,3,20,23,0,0,27,11,38,0,0,30,31,61,44,10,54,115
08/27/2014,HSA,MS,ASO,CE,Federal Contract Tower,0,0,1,14,15,0,0,4,10,14,0,0,5,24,29,0,4,4,33
08/28/2014,HSA,MS,ASO,CE,Federal Contract Tower,0,0,1,27,28,0,0,23,12,35,0,0,24,39,63,2,20,22,85
08/29/2014,HSA,MS,ASO,CE,Federal Contract Tower,0,2,3,1,6,0,0,9,0,9,0,2,12,1,15,20,0,20,35
08/30/2014,HSA,MS,ASO,CE,Federal Contract Tower,0,2,5,5,12,0,0,5,0,5,0,2,10,5,17,0,0,0,17
08/31/2014,HSA,MS,ASO,CE,Federal Contract Tower,0,0,10,2,12,0,0,17,0,17,0,0,27,2,29,8,0,8,37
09/01/2014,HSA,MS,ASO,CE,Federal Contract Tower,0,0,11,0,11,0,0,23,0,23,0,0,34,0,34,20,0,20,54
09/02/2014,HSA,MS,ASO,CE,Federal Contract Tower,0,0,8,6,14,0,0,16,6,22,0,0,24,12,36,0,14,14,50
09/03/2014,HSA,MS,ASO,CE,Federal Contract Tower,0,0,5,16,21,0,0,17,4,21,0,0,22,20,42,20,22,42,84
09/04/2014,HSA,MS,ASO,CE,Federal Contract Tower,0,2,2,6,10,0,0,24,9,33,0,2,26,15,43,0,26,26,69
09/05/2014,HSA,MS,ASO,CE,Federal Contract Tower,0,0,4,5,9,0,0,23,7,30,0,0,27,12,39,18,17,35,74
09/06/2014,HSA,MS,ASO,CE,Federal Contract Tower,0,0,0,1,1,0,0,15,0,15,0,0,15,1,16,14,0,14,30
09/07/2014,HSA,MS,ASO,CE,Federal Contract Tower,0,0,6,1,7,0,0,17,0,17,0,0,23,1,24,12,0,12,36
09/08/2014,HSA,MS,ASO,CE,Federal Contract Tower,0,0,4,17,21,0,0,24,0,24,0,0,28,17,45,0,8,8,53
09/09/2014,HSA,MS,ASO,CE,Federal Contract Tower,0,0,4,50,54,0,0,22,13,35,0,0,26,63,89,2,70,72,161
09/10/2014,HSA,MS,ASO,CE,Federal Contract Tower,0,0,12,49,61,0,0,19,2,21,0,0,31,51,82,30,16,46,128
09/11/2014,HSA,MS,ASO,CE,Federal Contract Tower,0,0,2,13,15,0,0,7,17,24,0,0,9,30,39,2,90,92,131
09/12/2014,HSA,MS,ASO,CE,Federal Contract Tower,0,0,3,12,15,0,0,17,7,24,0,0,20,19,39,2,24,26,65
09/13/2014,HSA,MS,ASO,CE,Federal Contract Tower,0,0,5,0,5,0,0,8,5,13,0,0,13,5,18,6,22,28,46
09/14/2014,HSA,MS,ASO,CE,Federal Contract Tower,0,0,0,0,0,0,0,16,8,24,0,0,16,8,24,4,36,40,64
09/15/2014,HSA,MS,ASO,CE,Federal Contract Tower,0,0,0,47,47,0,0,13,8,21,0,0,13,55,68,10,74,84,152
09/16/2014,HSA,MS,ASO,CE,Federal Contract Tower,0,0,3,37,40,0,0,12,6,18,0,0,15,43,58,0,24,24,82
09/17/2014,HSA,MS,ASO,CE,Federal Contract Tower,0,0,4,22,26,0,0,20,10,30,0,0,24,32,56,12,32,44,100
09/18/2014,HSA,MS,ASO,CE,Federal Contract Tower,0,0,2,27,29,0,0,9,6,15,0,0,11,33,44,0,53,53,97
09/19/2014,HSA,MS,ASO,CE,Federal Contract Tower,0,0,2,20,22,0,0,15,0,15,0,0,17,20,37,6,32,38,75
09/20/2014,HSA,MS,ASO,CE,Federal Contract Tower,0,0,1,0,1,0,0,25,0,25,0,0,26,0,26,0,0,0,26
09/21/2014,HSA,MS,ASO,CE,Federal Contract Tower,0,0,1,1,2,0,0,18,1,19,0,0,19,2,21,40,18,58,79
09/22/2014,HSA,MS,ASO,CE,Federal Contract Tower,0,0,2,11,13,0,0,18,2,20,0,0,20,13,33,22,50,72,105
09/23/2014,HSA,MS,ASO,CE,Federal Contract Tower,0,0,2,4,6,0,0,23,2,25,0,0,25,6,31,16,18,34,65
09/24/2014,HSA,MS,ASO,CE,Federal Contract Tower,0,0,6,6,12,0,0,11,6,17,0,0,17,12,29,14,0,14,43
09/25/2014,HSA,MS,ASO,CE,Federal Contract Tower,0,0,6,13,19,0,0,37,13,50,0,0,43,26,69,42,44,86,155
09/26/2014,HSA,MS,ASO,CE,Federal Contract Tower,0,0,6,8,14,0,0,18,9,27,0,0,24,17,41,50,50,100,141
09/27/2014,HSA,MS,ASO,CE,Federal Contract Tower,0,0,0,4,4,0,0,18,0,18,0,0,18,4,22,53,0,53,75
09/28/2014,HSA,MS,ASO,CE,Federal Contract Tower,0,0,13,0,13,0,0,8,6,14,0,0,21,6,27,0,0,0,27
09/29/2014,HSA,MS,ASO,CE,Federal Contract Tower,0,0,1,12,13,0,0,7,2,9,0,0,8,14,22,8,24,32,54
09/30/2014,HSA,MS,ASO,CE,Federal Contract Tower,0,0,2,8,10,0,0,23,2,25,0,0,25,10,35,20,24,44,79
10/01/2014,HSA,MS,ASO,CE,Federal Contract Tower,0,0,4,12,16,0,14,5,0,19,0,14,9,12,35,0,40,40,75
10/02/2014,HSA,MS,ASO,CE,Federal Contract Tower,0,0,1,33,34,0,0,13,2,15,0,0,14,35,49,4,20,24,73
10/03/2014,HSA,MS,ASO,CE,Federal Contract Tower,0,1,0,8,9,0,0,10,2,12,0,1,10,10,21,16,4,20,41
10/04/2014,HSA,MS,ASO,CE,Federal Contract Tower,0,0,0,0,0,0,0,29,0,29,0,0,29,0,29,2,0,2,31
10/05/2014,HSA,MS,ASO,CE,Federal Contract Tower,0,0,2,3,5,0,0,12,1,13,0,0,14,4,18,10,8,18,36
10/06/2014,HSA,MS,ASO,CE,Federal Contract Tower,0,0,11,31,42,0,0,10,0,10,0,0,21,31,52,24,0,24,76
10/07/2014,HSA,MS,ASO,CE,Federal Contract Tower,0,0,15,18,33,0,0,28,14,42,0,0,43,32,75,28,86,114,189
10/08/2014,HSA,MS,ASO,CE,Federal Contract Tower,0,0,12,17,29,0,0,16,1,17,0,0,28,18,46,18,20,38,84
10/09/2014,HSA,MS,ASO,CE,Federal Contract Tower,0,0,9,36,45,0,0,9,1,10,0,0,18,37,55,10,74,84,139
10/10/2014,HSA,MS,ASO,CE,Federal Contract Tower,0,2,8,16,26,0,0,21,0,21,0,2,29,16,47,0,0,0,47
10/11/2014,HSA,MS,ASO,CE,Federal Contract Tower,0,0,10,3,13,0,0,16,1,17,0,0,26,4,30,34,0,34,64
10/12/2014,HSA,MS,ASO,CE,Federal Contract Tower,0,0,6,0,6,0,0,11,0,11,0,0,17,0,17,0,0,0,17
10/13/2014,HSA,MS,ASO,CE,Federal Contract Tower,0,0,0,0,0,0,0,13,0,13,0,0,13,0,13,2,0,2,15
10/14/2014,HSA,MS,ASO,CE,Federal Contract Tower,0,0,4,24,28,0,0,18,7,25,0,0,22,31,53,18,60,78,131
10/15/2014,HSA,MS,ASO,CE,Federal Contract Tower,0,0,10,28,38,0,0,27,11,38,0,0,37,39,76,10,30,40,116
10/16/2014,HSA,MS,ASO,CE,Federal Contract Tower,0,0,5,16,21,0,0,44,2,46,0,0,49,18,67,8,6,14,81
10/17/2014,HSA,MS,ASO,CE,Federal Contract Tower,0,0,3,5,8,0,0,23,4,27,0,0,26,9,35,70,27,97,132
10/18/2014,HSA,MS,ASO,CE,Federal Contract Tower,0,0,6,1,7,0,0,16,3,19,0,0,22,4,26,52,6,58,84
10/19/2014,HSA,MS,ASO,CE,Federal Contract Tower,0,0,6,0,6,0,0,35,2,37,0,0,41,2,43,58,0,58,101
10/20/2014,HSA,MS,ASO,CE,Federal Contract Tower,0,0,5,35,40,0,0,21,15,36,0,0,26,50,76,14,28,42,118
10/21/2014,HSA,MS,ASO,CE,Federal Contract Tower,0,0,8,28,36,0,0,28,3,31,0,0,36,31,67,14,34,48,115
10/22/2014,HSA,MS,ASO,CE,Federal Contract Tower,0,0,1,21,22,0,0,32,4,36,0,0,33,25,58,12,24,36,94
10/23/2014,HSA,MS,ASO,CE,Federal Contract Tower,0,0,3,23,26,0,0,20,10,30,0,0,23,33,56,2,50,52,108
10/24/2014,HSA,MS,ASO,CE,Federal Contract Tower,0,0,6,9,15,0,0,20,5,25,0,0,26,14,40,12,10,22,62
10/25/2014,HSA,MS,ASO,CE,Federal Contract Tower,0,0,5,2,7,0,0,22,0,22,0,0,27,2,29,40,4,44,73
10/26/2014,HSA,MS,ASO,CE,Federal Contract Tower,0,0,2,3,5,0,0,26,0,26,0,0,28,3,31,62,0,62,93
10/27/2014,HSA,MS,ASO,CE,Federal Contract Tower,0,0,5,25,30,0,0,36,9,45,0,0,41,34,75,8,34,42,117
10/28/2014,HSA,MS,ASO,CE,Federal Contract Tower,0,0,3,20,23,0,0,32,13,45,0,0,35,33,68,80,32,112,180
10/29/2014,HSA,MS,ASO,CE,Federal Contract Tower,0,0,10,4,14,0,0,19,3,22,0,0,29,7,36,4,18,22,58
10/30/2014,HSA,MS,ASO,CE,Federal Contract Tower,0,0,4,7,11,0,0,36,11,47,0,0,40,18,58,8,24,32,90
10/31/2014,HSA,MS,ASO,CE,Federal Contract Tower,0,0,3,4,7,0,0,31,0,31,0,0,34,4,38,6,22,28,66
11/01/2014,HSA,MS,ASO,CE,Federal Contract Tower,0,1,1,0,2,0,0,29,0,29,0,1,30,0,31,28,0,28,59
11/02/2014,HSA,MS,ASO,CE,Federal Contract Tower,0,4,0,0,4,0,0,18,2,20,0,4,18,2,24,6,0,6,30
11/03/2014,HSA,MS,ASO,CE,Federal Contract Tower,0,0,3,24,27,0,0,24,5,29,0,0,27,29,56,8,10,18,74
11/04/2014,HSA,MS,ASO,CE,Federal Contract Tower,0,0,10,36,46,0,0,14,31,45,0,0,24,67,91,28,70,98,189
11/05/2014,HSA,MS,ASO,CE,Federal Contract Tower,0,0,8,44,52,0,0,28,15,43,0,0,36,59,95,18,40,58,153
11/06/2014,HSA,MS,ASO,CE,Federal Contract Tower,0,0,3,4,7,0,0,2,3,5,0,0,5,7,12,2,18,20,32
11/07/2014,HSA,MS,ASO,CE,Federal Contract Tower,0,0,3,8,11,0,0,23,2,25,0,0,26,10,36,28,52,80,116
11/08/2014,HSA,MS,ASO,CE,Federal Contract Tower,0,0,3,0,3,0,0,77,0,77,0,0,80,0,80,20,0,20,100
11/09/2014,HSA,MS,ASO,CE,Federal Contract Tower,0,0,1,2,3,0,0,25,0,25,0,0,26,2,28,6,0,6,34
11/10/2014,HSA,MS,ASO,CE,Federal Contract Tower,0,0,2,18,20,0,0,15,1,16,0,0,17,19,36,8,36,44,80
11/11/2014,HSA,MS,ASO,CE,Federal Contract Tower,0,0,0,0,0,0,0,13,0,13,0,0,13,0,13,10,0,10,23
11/12/2014,HSA,MS,ASO,CE,Federal Contract Tower,0,0,7,10,17,0,0,14,10,24,0,0,21,20,41,20,22,42,83
11/13/2014,HSA,MS,ASO,CE,Federal Contract Tower,0,0,0,6,6,0,0,2,2,4,0,0,2,8,10,4,0,4,14
11/14/2014,HSA,MS,ASO,CE,Federal Contract Tower,0,1,12,5,18,0,0,19,2,21,0,1,31,7,39,5,38,43,82
11/15/2014,HSA,MS,ASO,CE,Federal Contract Tower,0,1,7,2,10,0,0,33,6,39,0,1,40,8,49,8,0,8,57
11/16/2014,HSA,MS,ASO,CE,Federal Contract Tower,0,2,1,2,5,0,0,24,0,24,0,2,25,2,29,0,0,0,29
11/17/2014,HSA,MS,ASO,CE,Federal Contract Tower,0,1,3,14,18,0,0,0,5,5,0,1,3,19,23,0,81,81,104
11/18/2014,HSA,MS,ASO,CE,Federal Contract Tower,0,1,8,33,42,0,0,15,10,25,0,1,23,43,67,10,59,69,136
11/19/2014,HSA,MS,ASO,CE,Federal Contract Tower,0,0,9,18,27,0,0,9,7,16,0,0,18,25,43,16,44,60,103
11/20/2014,HSA,MS,ASO,CE,Federal Contract Tower,0,1,12,35,48,0,0,19,18,37,0,1,31,53,85,36,46,82,167
11/21/2014,HSA,MS,ASO,CE,Federal Contract Tower,0,0,8,13,21,0,0,16,17,33,0,0,24,30,54,0,20,20,74
11/22/2014,HSA,MS,ASO,CE,Federal Contract Tower,0,0,8,4,12,0,0,19,0,19,0,0,27,4,31,42,0,42,73
11/23/2014,HSA,MS,ASO,CE,Federal Contract Tower,0,0,2,0,2,0,0,8,0,8,0,0,10,0,10,4,0,4,14
11/24/2014,HSA,MS,ASO,CE,Federal Contract Tower,0,0,3,22,25,0,0,23,10,33,0,0,26,32,58,20,30,50,108
11/25/2014,HSA,MS,ASO,CE,Federal Contract Tower,0,2,4,12,18,0,0,10,13,23,0,2,14,25,41,16,44,60,101
11/26/2014,HSA,MS,ASO,CE,Federal Contract Tower,0,0,6,2,8,0,0,19,0,19,0,0,25,2,27,6,0,6,33
11/27/2014,HSA,MS,ASO,CE,Federal Contract Tower,0,0,0,0,0,0,0,4,0,4,0,0,4,0,4,0,0,0,4
11/28/2014,HSA,MS,ASO,CE,Federal Contract Tower,0,0,1,0,1,0,0,9,0,9,0,0,10,0,10,12,0,12,22
11/29/2014,HSA,MS,ASO,CE,Federal Contract Tower,0,0,6,0,6,0,0,15,0,15,0,0,21,0,21,27,0,27,48
11/30/2014,HSA,MS,ASO,CE,Federal Contract Tower,0,0,3,0,3,0,0,31,0,31,0,0,34,0,34,14,0,14,48
12/01/2014,HSA,MS,ASO,CE,Federal Contract Tower,0,0,0,31,31,0,0,6,4,10,0,0,6,35,41,0,16,16,57
12/02/2014,HSA,MS,ASO,CE,Federal Contract Tower,0,0,5,24,29,0,0,22,10,32,0,0,27,34,61,6,50,56,117
12/03/2014,HSA,MS,ASO,CE,Federal Contract Tower,0,0,4,19,23,0,0,8,20,28,0,0,12,39,51,8,56,64,115
12/04/2014,HSA,MS,ASO,CE,Federal Contract Tower,0,0,1,19,20,0,0,6,18,24,0,0,7,37,44,24,54,78,122
12/05/2014,HSA,MS,ASO,CE,Federal Contract Tower,0,2,7,11,20,0,0,11,4,15,0,2,18,15,35,4,24,28,63
12/06/2014,HSA,MS,ASO,CE,Federal Contract Tower,0,0,8,2,10,0,0,7,0,7,0,0,15,2,17,0,6,6,23
12/07/2014,HSA,MS,ASO,CE,Federal Contract Tower,0,0,0,8,8,0,0,11,4,15,0,0,11,12,23,0,20,20,43
12/08/2014,HSA,MS,ASO,CE,Federal Contract Tower,0,0,0,29,29,0,0,22,5,27,0,0,22,34,56,26,20,46,102
12/09/2014,HSA,MS,ASO,CE,Federal Contract Tower,0,0,5,43,48,0,0,17,10,27,0,0,22,53,75,2,24,26,101
12/10/2014,HSA,MS,ASO,CE,Federal Contract Tower,0,0,7,16,23,0,0,5,11,16,0,0,12,27,39,0,78,78,117
12/11/2014,HSA,MS,ASO,CE,Federal Contract Tower,0,0,0,29,29,0,0,16,5,21,0,0,16,34,50,6,10,16,66
12/12/2014,HSA,MS,ASO,CE,Federal Contract Tower,0,0,1,30,31,0,0,26,2,28,0,0,27,32,59,0,60,60,119
12/13/2014,HSA,MS,ASO,CE,Federal Contract Tower,0,0,1,0,1,0,0,22,0,22,0,0,23,0,23,4,0,4,27
12/14/2014,HSA,MS,ASO,CE,Federal Contract Tower,0,0,1,0,1,0,0,29,0,29,0,0,30,0,30,0,0,0,30
12/15/2014,HSA,MS,ASO,CE,Federal Contract Tower,0,0,4,15,19,0,0,10,21,31,0,0,14,36,50,12,82,94,144
12/16/2014,HSA,MS,ASO,CE,Federal Contract Tower,0,0,2,14,16,0,0,16,17,33,0,0,18,31,49,0,43,43,92
12/17/2014,HSA,MS,ASO,CE,Federal Contract Tower,0,1,2,38,41,0,0,14,10,24,0,1,16,48,65,4,106,110,175
12/18/2014,HSA,MS,ASO,CE,Federal Contract Tower,0,1,8,20,29,0,0,11,22,33,0,1,19,42,62,4,72,76,138
12/19/2014,HSA,MS,ASO,CE,Federal Contract Tower,0,0,14,2,16,0,0,0,0,0,0,0,14,2,16,0,0,0,16
12/20/2014,HSA,MS,ASO,CE,Federal Contract Tower,0,1,3,0,4,0,0,0,0,0,0,1,3,0,4,0,0,0,4
12/21/2014,HSA,MS,ASO,CE,Federal Contract Tower,0,0,1,1,2,0,0,9,1,10,0,0,10,2,12,2,0,2,14
12/22/2014,HSA,MS,ASO,CE,Federal Contract Tower,0,0,2,2,4,0,0,0,0,0,0,0,2,2,4,2,0,2,6
12/23/2014,HSA,MS,ASO,CE,Federal Contract Tower,0,0,0,0,0,0,0,0,0,0,0,0,0,0,0,0,0,0,0
12/24/2014,HSA,MS,ASO,CE,Federal Contract Tower,0,0,0,0,0,0,0,6,0,6,0,0,6,0,6,0,0,0,6
12/25/2014,HSA,MS,ASO,CE,Federal Contract Tower,0,0,0,0,0,0,0,2,0,2,0,0,2,0,2,4,0,4,6
12/26/2014,HSA,MS,ASO,CE,Federal Contract Tower,0,0,4,0,4,0,0,2,0,2,0,0,6,0,6,0,0,0,6
12/27/2014,HSA,MS,ASO,CE,Federal Contract Tower,0,0,0,0,0,0,0,0,0,0,0,0,0,0,0,0,0,0,0
12/28/2014,HSA,MS,ASO,CE,Federal Contract Tower,0,0,4,0,4,0,0,2,0,2,0,0,6,0,6,0,0,0,6
12/29/2014,HSA,MS,ASO,CE,Federal Contract Tower,0,0,0,14,14,0,0,0,0,0,0,0,0,14,14,0,14,14,28
12/30/2014,HSA,MS,ASO,CE,Federal Contract Tower,0,0,6,6,12,0,0,14,0,14,0,0,20,6,26,21,0,21,47
12/31/2014,HSA,MS,ASO,CE,Federal Contract Tower,0,0,17,0,17,0,0,33,0,33,0,0,50,0,50,68,0,68,118
01/01/2015,HSA,MS,ASO,CE,Federal Contract Tower,0,0,4,0,4,0,0,11,0,11,0,0,15,0,15,6,0,6,21
01/02/2015,HSA,MS,ASO,CE,Federal Contract Tower,0,0,18,0,18,0,0,20,0,20,0,0,38,0,38,0,0,0,38
01/03/2015,HSA,MS,ASO,CE,Federal Contract Tower,0,0,0,0,0,0,0,0,0,0,0,0,0,0,0,0,0,0,0
01/04/2015,HSA,MS,ASO,CE,Federal Contract Tower,0,0,0,0,0,0,0,9,0,9,0,0,9,0,9,8,0,8,17
01/05/2015,HSA,MS,ASO,CE,Federal Contract Tower,2,0,2,3,7,0,0,14,3,17,2,0,16,6,24,4,16,20,44
01/06/2015,HSA,MS,ASO,CE,Federal Contract Tower,0,0,5,30,35,0,0,32,17,49,0,0,37,47,84,16,94,110,194
01/07/2015,HSA,MS,ASO,CE,Federal Contract Tower,0,0,1,18,19,0,0,15,7,22,0,0,16,25,41,6,48,54,95
01/08/2015,HSA,MS,ASO,CE,Federal Contract Tower,0,0,6,21,27,0,0,9,8,17,0,0,15,29,44,2,58,60,104
01/09/2015,HSA,MS,ASO,CE,Federal Contract Tower,0,0,4,18,22,0,0,0,21,21,0,0,4,39,43,0,24,24,67
01/10/2015,HSA,MS,ASO,CE,Federal Contract Tower,0,0,3,0,3,0,0,31,0,31,0,0,34,0,34,10,0,10,44
01/11/2015,HSA,MS,ASO,CE,Federal Contract Tower,0,2,3,2,7,0,0,3,0,3,0,2,6,2,10,2,0,2,12
01/12/2015,HSA,MS,ASO,CE,Federal Contract Tower,0,0,11,10,21,0,0,2,1,3,0,0,13,11,24,0,14,14,38
01/13/2015,HSA,MS,ASO,CE,Federal Contract Tower,0,0,4,14,18,0,0,1,0,1,0,0,5,14,19,8,0,8,27
01/14/2015,HSA,MS,ASO,CE,Federal Contract Tower,0,0,0,23,23,0,0,0,4,4,0,0,0,27,27,0,28,28,55
01/15/2015,HSA,MS,ASO,CE,Federal Contract Tower,0,0,2,0,2,0,0,0,0,0,0,0,2,0,2,0,0,0,2
01/16/2015,HSA,MS,ASO,CE,Federal Contract Tower,0,0,8,5,13,0,0,39,3,42,0,0,47,8,55,2,32,34,89
01/17/2015,HSA,MS,ASO,CE,Federal Contract Tower,0,0,1,0,1,0,0,16,0,16,0,0,17,0,17,6,0,6,23
01/18/2015,HSA,MS,ASO,CE,Federal Contract Tower,0,0,3,0,3,0,0,20,0,20,0,0,23,0,23,42,0,42,65
01/19/2015,HSA,MS,ASO,CE,Federal Contract Tower,0,0,5,0,5,0,0,39,0,39,0,0,44,0,44,8,0,8,52
01/20/2015,HSA,MS,ASO,CE,Federal Contract Tower,0,0,4,33,37,0,0,11,24,35,0,0,15,57,72,10,53,63,135
01/21/2015,HSA,MS,ASO,CE,Federal Contract Tower,0,1,5,37,43,0,0,15,23,38,0,1,20,60,81,8,33,41,122
01/22/2015,HSA,MS,ASO,CE,Federal Contract Tower,0,2,6,13,21,0,0,7,4,11,0,2,13,17,32,0,2,2,34
01/23/2015,HSA,MS,ASO,CE,Federal Contract Tower,0,1,4,3,8,0,0,0,0,0,0,1,4,3,8,0,0,0,8
01/24/2015,HSA,MS,ASO,CE,Federal Contract Tower,0,0,2,10,12,0,0,18,1,19,0,0,20,11,31,4,14,18,49
01/25/2015,HSA,MS,ASO,CE,Federal Contract Tower,0,0,3,2,5,0,0,10,0,10,0,0,13,2,15,0,0,0,15
01/26/2015,HSA,MS,ASO,CE,Federal Contract Tower,0,0,5,13,18,0,0,23,8,31,0,0,28,21,49,3,4,7,56
01/27/2015,HSA,MS,ASO,CE,Federal Contract Tower,0,1,5,19,25,0,0,21,22,43,0,1,26,41,68,4,24,28,96
01/28/2015,HSA,MS,ASO,CE,Federal Contract Tower,0,0,3,38,41,0,0,27,7,34,0,0,30,45,75,10,10,20,95
01/29/2015,HSA,MS,ASO,CE,Federal Contract Tower,0,0,12,34,46,0,0,13,28,41,0,0,25,62,87,0,8,8,95
01/30/2015,HSA,MS,ASO,CE,Federal Contract Tower,2,0,8,26,36,0,0,20,14,34,2,0,28,40,70,0,18,18,88
01/31/2015,HSA,MS,ASO,CE,Federal Contract Tower,0,0,4,0,4,0,0,24,0,24,0,0,28,0,28,4,0,4,32
02/01/2015,HSA,MS,ASO,CE,Federal Contract Tower,0,0,0,0,0,0,0,2,0,2,0,0,2,0,2,0,0,0,2
02/02/2015,HSA,MS,ASO,CE,Federal Contract Tower,0,0,7,22,29,0,0,21,19,40,0,0,28,41,69,0,48,48,117
02/03/2015,HSA,MS,ASO,CE,Federal Contract Tower,0,0,11,5,16,0,0,26,10,36,0,0,37,15,52,2,36,38,90
02/04/2015,HSA,MS,ASO,CE,Federal Contract Tower,0,1,0,2,3,0,0,0,2,2,0,1,0,4,5,0,0,0,5
02/05/2015,HSA,MS,ASO,CE,Federal Contract Tower,0,1,3,19,23,0,0,6,24,30,0,1,9,43,53,10,60,70,123
02/06/2015,HSA,MS,ASO,CE,Federal Contract Tower,0,1,5,10,16,0,2,16,8,26,0,3,21,18,42,0,4,4,46
02/07/2015,HSA,MS,ASO,CE,Federal Contract Tower,0,0,5,0,5,0,0,27,0,27,0,0,32,0,32,6,2,8,40
02/08/2015,HSA,MS,ASO,CE,Federal Contract Tower,0,0,3,2,5,0,0,27,6,33,0,0,30,8,38,4,10,14,52
02/09/2015,HSA,MS,ASO,CE,Federal Contract Tower,0,2,2,5,9,0,0,23,13,36,0,2,25,18,45,12,38,50,95
02/10/2015,HSA,MS,ASO,CE,Federal Contract Tower,0,0,7,14,21,0,0,13,20,33,0,0,20,34,54,8,24,32,86
02/11/2015,HSA,MS,ASO,CE,Federal Contract Tower,0,0,11,27,38,0,0,24,24,48,0,0,35,51,86,20,50,70,156
02/12/2015,HSA,MS,ASO,CE,Federal Contract Tower,0,0,11,12,23,0,0,9,22,31,0,0,20,34,54,10,16,26,80
02/13/2015,HSA,MS,ASO,CE,Federal Contract Tower,0,0,5,21,26,0,0,14,19,33,0,0,19,40,59,0,20,20,79
02/14/2015,HSA,MS,ASO,CE,Federal Contract Tower,0,0,1,4,5,0,0,17,2,19,0,0,18,6,24,16,6,22,46
02/15/2015,HSA,MS,ASO,CE,Federal Contract Tower,0,0,2,0,2,0,0,21,0,21,0,0,23,0,23,8,0,8,31
02/16/2015,HSA,MS,ASO,CE,Federal Contract Tower,0,0,2,0,2,0,0,4,0,4,0,0,6,0,6,0,0,0,6
02/17/2015,HSA,MS,ASO,CE,Federal Contract Tower,0,0,5,1,6,0,0,6,0,6,0,0,11,1,12,2,7,9,21
02/18/2015,HSA,MS,ASO,CE,Federal Contract Tower,0,1,7,21,29,0,0,6,22,28,0,1,13,43,57,0,98,98,155
02/19/2015,HSA,MS,ASO,CE,Federal Contract Tower,0,0,0,27,27,0,0,16,16,32,0,0,16,43,59,6,38,44,103
02/20/2015,HSA,MS,ASO,CE,Federal Contract Tower,0,1,0,17,18,0,0,14,12,26,0,1,14,29,44,12,20,32,76
02/21/2015,HSA,MS,ASO,CE,Federal Contract Tower,0,1,2,2,5,0,0,2,0,2,0,1,4,2,7,0,0,0,7
02/22/2015,HSA,MS,ASO,CE,Federal Contract Tower,0,0,3,2,5,0,0,14,0,14,0,0,17,2,19,20,0,20,39
02/23/2015,HSA,MS,ASO,CE,Federal Contract Tower,0,0,6,2,8,0,0,1,0,1,0,0,7,2,9,0,0,0,9
02/24/2015,HSA,MS,ASO,CE,Federal Contract Tower,0,0,17,30,47,0,0,5,7,12,0,0,22,37,59,35,22,57,116
02/25/2015,HSA,MS,ASO,CE,Federal Contract Tower,0,0,1,4,5,0,0,0,0,0,0,0,1,4,5,0,0,0,5
02/26/2015,HSA,MS,ASO,CE,Federal Contract Tower,0,2,11,65,78,0,0,9,5,14,0,2,20,70,92,4,28,32,124
02/27/2015,HSA,MS,ASO,CE,Federal Contract Tower,0,0,2,13,15,0,0,22,22,44,0,0,24,35,59,40,42,82,141
02/28/2015,HSA,MS,ASO,CE,Federal Contract Tower,0,0,3,2,5,0,0,13,0,13,0,0,16,2,18,28,0,28,46
03/01/2015,HSA,MS,ASO,CE,Federal Contract Tower,0,0,4,0,4,0,0,0,0,0,0,0,4,0,4,2,0,2,6
03/02/2015,HSA,MS,ASO,CE,Federal Contract Tower,0,1,4,6,11,0,0,0,0,0,0,1,4,6,11,0,0,0,11
03/03/2015,HSA,MS,ASO,CE,Federal Contract Tower,0,0,10,28,38,0,0,12,0,12,0,0,22,28,50,6,0,6,56
03/04/2015,HSA,MS,ASO,CE,Federal Contract Tower,0,0,6,18,24,0,0,13,5,18,0,0,19,23,42,20,38,58,100
03/05/2015,HSA,MS,ASO,CE,Federal Contract Tower,0,0,4,0,4,0,0,0,0,0,0,0,4,0,4,0,0,0,4
03/06/2015,HSA,MS,ASO,CE,Federal Contract Tower,0,0,7,21,28,0,0,7,9,16,0,0,14,30,44,10,40,50,94
03/07/2015,HSA,MS,ASO,CE,Federal Contract Tower,0,0,2,10,12,0,0,22,2,24,0,0,24,12,36,20,18,38,74
03/08/2015,HSA,MS,ASO,CE,Federal Contract Tower,0,0,1,0,1,0,0,36,2,38,0,0,37,2,39,40,2,42,81
03/09/2015,HSA,MS,ASO,CE,Federal Contract Tower,0,0,0,0,0,0,0,0,0,0,0,0,0,0,0,0,0,0,0
03/10/2015,HSA,MS,ASO,CE,Federal Contract Tower,0,0,14,9,23,0,0,0,4,4,0,0,14,13,27,0,26,26,53
03/11/2015,HSA,MS,ASO,CE,Federal Contract Tower,0,0,5,17,22,0,0,0,0,0,0,0,5,17,22,0,20,20,42
03/12/2015,HSA,MS,ASO,CE,Federal Contract Tower,0,1,6,2,9,0,0,0,0,0,0,1,6,2,9,0,0,0,9
03/13/2015,HSA,MS,ASO,CE,Federal Contract Tower,0,0,8,1,9,0,0,0,0,0,0,0,8,1,9,0,0,0,9
03/14/2015,HSA,MS,ASO,CE,Federal Contract Tower,0,1,3,6,10,0,0,10,5,15,0,1,13,11,25,28,0,28,53
03/15/2015,HSA,MS,ASO,CE,Federal Contract Tower,0,0,6,8,14,0,0,31,0,31,0,0,37,8,45,38,0,38,83
03/16/2015,HSA,MS,ASO,CE,Federal Contract Tower,0,0,13,35,48,0,0,26,21,47,0,0,39,56,95,32,92,124,219
03/17/2015,HSA,MS,ASO,CE,Federal Contract Tower,0,0,8,52,60,0,0,29,21,50,0,0,37,73,110,28,193,221,331
03/18/2015,HSA,MS,ASO,CE,Federal Contract Tower,0,1,1,79,81,0,0,5,18,23,0,1,6,97,104,18,84,102,206
03/19/2015,HSA,MS,ASO,CE,Federal Contract Tower,0,0,6,64,70,0,0,29,13,42,0,0,35,77,112,30,72,102,214
03/20/2015,HSA,MS,ASO,CE,Federal Contract Tower,0,0,5,54,59,0,0,10,15,25,0,0,15,69,84,8,88,96,180
03/21/2015,HSA,MS,ASO,CE,Federal Contract Tower,0,0,5,1,6,0,0,10,0,10,0,0,15,1,16,26,0,26,42
03/22/2015,HSA,MS,ASO,CE,Federal Contract Tower,0,0,2,0,2,0,0,0,0,0,0,0,2,0,2,0,0,0,2
03/23/2015,HSA,MS,ASO,CE,Federal Contract Tower,0,0,2,22,24,0,0,10,3,13,0,0,12,25,37,0,12,12,49
03/24/2015,HSA,MS,ASO,CE,Federal Contract Tower,0,0,6,29,35,0,0,11,13,24,0,0,17,42,59,16,50,66,125
03/25/2015,HSA,MS,ASO,CE,Federal Contract Tower,0,0,8,19,27,0,0,14,13,27,0,0,22,32,54,0,36,36,90
03/26/2015,HSA,MS,ASO,CE,Federal Contract Tower,0,0,7,4,11,0,0,5,0,5,0,0,12,4,16,8,0,8,24
03/27/2015,HSA,MS,ASO,CE,Federal Contract Tower,0,0,1,22,23,0,0,19,9,28,0,0,20,31,51,2,92,94,145
03/28/2015,HSA,MS,ASO,CE,Federal Contract Tower,0,0,0,4,4,0,0,14,0,14,0,0,14,4,18,24,6,30,48
03/29/2015,HSA,MS,ASO,CE,Federal Contract Tower,0,2,4,7,13,0,0,17,6,23,0,2,21,13,36,26,10,36,72
03/30/2015,HSA,MS,ASO,CE,Federal Contract Tower,0,2,4,12,18,0,0,18,20,38,0,2,22,32,56,20,72,92,148
03/31/2015,HSA,MS,ASO,CE,Federal Contract Tower,0,5,16,20,41,0,0,23,10,33,0,5,39,30,74,24,72,96,170
04/01/2015,HSA,MS,ASO,CE,Federal Contract Tower,0,0,12,18,30,0,0,15,18,33,0,0,27,36,63,10,88,98,161
04/02/2015,HSA,MS,ASO,CE,Federal Contract Tower,0,0,3,36,39,0,0,22,26,48,0,0,25,62,87,32,98,130,217
04/03/2015,HSA,MS,ASO,CE,Federal Contract Tower,0,2,3,25,30,0,0,0,0,0,0,2,3,25,30,0,50,50,80
04/04/2015,HSA,MS,ASO,CE,Federal Contract Tower,0,0,1,7,8,0,0,6,1,7,0,0,7,8,15,0,22,22,37
04/05/2015,HSA,MS,ASO,CE,Federal Contract Tower,0,0,2,1,3,0,0,6,0,6,0,0,8,1,9,12,0,12,21
04/06/2015,HSA,MS,ASO,CE,Federal Contract Tower,0,0,0,21,21,0,0,9,0,9,0,0,9,21,30,20,0,20,50
04/07/2015,HSA,MS,ASO,CE,Federal Contract Tower,0,2,1,15,18,0,0,28,9,37,0,2,29,24,55,26,0,26,81
04/08/2015,HSA,MS,ASO,CE,Federal Contract Tower,0,1,8,11,20,0,0,11,2,13,0,1,19,13,33,16,24,40,73
04/09/2015,HSA,MS,ASO,CE,Federal Contract Tower,0,0,7,23,30,0,0,13,5,18,0,0,20,28,48,4,14,18,66
04/10/2015,HSA,MS,ASO,CE,Federal Contract Tower,0,2,3,4,9,0,0,1,3,4,0,2,4,7,13,0,2,2,15
04/11/2015,HSA,MS,ASO,CE,Federal Contract Tower,0,0,7,0,7,0,0,1,0,1,0,0,8,0,8,2,0,2,10
04/12/2015,HSA,MS,ASO,CE,Federal Contract Tower,0,0,2,2,4,0,0,0,2,2,0,0,2,4,6,0,0,0,6
04/13/2015,HSA,MS,ASO,CE,Federal Contract Tower,0,0,0,14,14,0,0,12,2,14,0,0,12,16,28,17,0,17,45
04/14/2015,HSA,MS,ASO,CE,Federal Contract Tower,0,0,0,4,4,0,0,0,0,0,0,0,0,4,4,0,0,0,4
04/15/2015,HSA,MS,ASO,CE,Federal Contract Tower,0,2,0,9,11,0,0,3,7,10,0,2,3,16,21,10,14,24,45
04/16/2015,HSA,MS,ASO,CE,Federal Contract Tower,0,0,6,4,10,0,0,8,2,10,0,0,14,6,20,10,0,10,30
04/17/2015,HSA,MS,ASO,CE,Federal Contract Tower,0,2,5,18,25,0,0,9,4,13,0,2,14,22,38,18,2,20,58
04/18/2015,HSA,MS,ASO,CE,Federal Contract Tower,0,0,0,0,0,0,0,0,0,0,0,0,0,0,0,0,0,0,0
04/19/2015,HSA,MS,ASO,CE,Federal Contract Tower,0,0,3,0,3,0,0,6,4,10,0,0,9,4,13,2,0,2,15
04/20/2015,HSA,MS,ASO,CE,Federal Contract Tower,0,1,3,22,26,0,0,33,3,36,0,1,36,25,62,26,28,54,116
04/21/2015,HSA,MS,ASO,CE,Federal Contract Tower,0,2,0,44,46,0,0,34,17,51,0,2,34,61,97,22,32,54,151
04/22/2015,HSA,MS,ASO,CE,Federal Contract Tower,0,0,4,28,32,0,0,50,31,81,0,0,54,59,113,32,52,84,197
04/23/2015,HSA,MS,ASO,CE,Federal Contract Tower,0,3,10,8,21,0,0,12,11,23,0,3,22,19,44,12,12,24,68
04/24/2015,HSA,MS,ASO,CE,Federal Contract Tower,0,1,11,19,31,0,0,16,8,24,0,1,27,27,55,30,30,60,115
04/25/2015,HSA,MS,ASO,CE,Federal Contract Tower,0,0,1,0,1,0,0,2,0,2,0,0,3,0,3,0,0,0,3
04/26/2015,HSA,MS,ASO,CE,Federal Contract Tower,0,0,12,1,13,0,0,23,4,27,0,0,35,5,40,34,5,39,79
04/27/2015,HSA,MS,ASO,CE,Federal Contract Tower,0,0,1,3,4,0,0,4,0,4,0,0,5,3,8,0,0,0,8
04/28/2015,HSA,MS,ASO,CE,Federal Contract Tower,0,0,0,33,33,0,0,23,9,32,0,0,23,42,65,4,54,58,123
04/29/2015,HSA,MS,ASO,CE,Federal Contract Tower,0,0,2,37,39,0,0,30,14,44,0,0,32,51,83,8,56,64,147
04/30/2015,HSA,MS,ASO,CE,Federal Contract Tower,0,2,8,20,30,0,0,43,23,66,0,2,51,43,96,30,24,54,150
05/01/2015,HSA,MS,ASO,CE,Federal Contract Tower,0,0,10,23,33,0,0,43,25,68,0,0,53,48,101,10,106,116,217
05/02/2015,HSA,MS,ASO,CE,Federal Contract Tower,0,0,6,5,11,0,0,12,3,15,0,0,18,8,26,17,41,58,84
05/03/2015,HSA,MS,ASO,CE,Federal Contract Tower,0,0,7,3,10,0,0,16,2,18,0,0,23,5,28,10,2,12,40
05/04/2015,HSA,MS,ASO,CE,Federal Contract Tower,0,0,8,13,21,0,0,30,10,40,0,0,38,23,61,18,33,51,112
05/05/2015,HSA,MS,ASO,CE,Federal Contract Tower,0,0,8,25,33,0,0,30,16,46,0,0,38,41,79,28,34,62,141
05/06/2015,HSA,MS,ASO,CE,Federal Contract Tower,0,1,15,78,94,0,0,15,28,43,0,1,30,106,137,12,84,96,233
05/07/2015,HSA,MS,ASO,CE,Federal Contract Tower,0,2,9,28,39,0,0,38,13,51,0,2,47,41,90,16,38,54,144
05/08/2015,HSA,MS,ASO,CE,Federal Contract Tower,0,2,4,27,33,0,0,27,12,39,0,2,31,39,72,20,14,34,106
05/09/2015,HSA,MS,ASO,CE,Federal Contract Tower,0,0,3,0,3,0,0,13,0,13,0,0,16,0,16,6,0,6,22
05/10/2015,HSA,MS,ASO,CE,Federal Contract Tower,0,2,3,2,7,0,0,27,11,38,0,2,30,13,45,6,22,28,73
05/11/2015,HSA,MS,ASO,CE,Federal Contract Tower,0,0,2,31,33,0,0,19,7,26,0,0,21,38,59,0,8,8,67
05/12/2015,HSA,MS,ASO,CE,Federal Contract Tower,0,0,14,13,27,0,0,14,17,31,0,0,28,30,58,0,10,10,68
05/13/2015,HSA,MS,ASO,CE,Federal Contract Tower,0,0,2,42,44,0,0,28,26,54,0,0,30,68,98,38,60,98,196
05/14/2015,HSA,MS,ASO,CE,Federal Contract Tower,0,2,4,14,20,0,0,28,21,49,0,2,32,35,69,58,40,98,167
05/15/2015,HSA,MS,ASO,CE,Federal Contract Tower,2,0,5,25,32,0,10,2,0,12,2,10,7,25,44,32,10,42,86
05/16/2015,HSA,MS,ASO,CE,Federal Contract Tower,0,0,1,0,1,0,0,10,0,10,0,0,11,0,11,0,0,0,11
05/17/2015,HSA,MS,ASO,CE,Federal Contract Tower,0,3,10,17,30,0,0,8,11,19,0,3,18,28,49,2,46,48,97
05/18/2015,HSA,MS,ASO,CE,Federal Contract Tower,0,0,2,13,15,0,0,14,4,18,0,0,16,17,33,0,4,4,37
05/19/2015,HSA,MS,ASO,CE,Federal Contract Tower,0,2,5,16,23,0,0,23,15,38,0,2,28,31,61,14,30,44,105
05/20/2015,HSA,MS,ASO,CE,Federal Contract Tower,0,0,3,31,34,0,0,29,24,53,0,0,32,55,87,28,84,112,199
05/21/2015,HSA,MS,ASO,CE,Federal Contract Tower,0,0,4,30,34,0,0,34,24,58,0,0,38,54,92,40,100,140,232
05/22/2015,HSA,MS,ASO,CE,Federal Contract Tower,0,2,2,0,4,0,0,25,0,25,0,2,27,0,29,0,0,0,29
05/23/2015,HSA,MS,ASO,CE,Federal Contract Tower,0,1,1,0,2,0,0,13,0,13,0,1,14,0,15,14,0,14,29
05/24/2015,HSA,MS,ASO,CE,Federal Contract Tower,0,0,4,0,4,0,0,0,0,0,0,0,4,0,4,0,0,0,4
05/25/2015,HSA,MS,ASO,CE,Federal Contract Tower,0,1,4,0,5,0,0,3,0,3,0,1,7,0,8,0,0,0,8
05/26/2015,HSA,MS,ASO,CE,Federal Contract Tower,0,0,0,24,24,0,0,6,22,28,0,0,6,46,52,0,34,34,86
05/27/2015,HSA,MS,ASO,CE,Federal Contract Tower,0,0,1,6,7,0,0,17,8,25,0,0,18,14,32,4,4,8,40
05/28/2015,HSA,MS,ASO,CE,Federal Contract Tower,0,0,1,40,41,0,0,24,4,28,0,0,25,44,69,20,32,52,121
05/29/2015,HSA,MS,ASO,CE,Federal Contract Tower,0,1,0,10,11,0,0,37,2,39,0,1,37,12,50,16,18,34,84
05/30/2015,HSA,MS,ASO,CE,Federal Contract Tower,0,0,0,0,0,0,0,15,0,15,0,0,15,0,15,8,0,8,23
05/31/2015,HSA,MS,ASO,CE,Federal Contract Tower,0,0,4,0,4,0,0,12,0,12,0,0,16,0,16,28,0,28,44
06/01/2015,HSA,MS,ASO,CE,Federal Contract Tower,0,0,3,29,32,0,0,19,15,34,0,0,22,44,66,12,121,133,199
06/02/2015,HSA,MS,ASO,CE,Federal Contract Tower,0,0,5,23,28,0,0,29,4,33,0,0,34,27,61,18,24,42,103
06/03/2015,HSA,MS,ASO,CE,Federal Contract Tower,0,0,11,16,27,0,0,44,13,57,0,0,55,29,84,24,48,72,156
06/04/2015,HSA,MS,ASO,CE,Federal Contract Tower,0,0,6,23,29,0,0,31,22,53,0,0,37,45,82,34,40,74,156
06/05/2015,HSA,MS,ASO,CE,Federal Contract Tower,0,0,7,17,24,0,0,31,3,34,0,0,38,20,58,18,22,40,98
06/06/2015,HSA,MS,ASO,CE,Federal Contract Tower,0,0,0,3,3,0,0,19,3,22,0,0,19,6,25,12,4,16,41
06/07/2015,HSA,MS,ASO,CE,Federal Contract Tower,0,0,2,7,9,0,0,16,14,30,0,0,18,21,39,4,9,13,52
06/08/2015,HSA,MS,ASO,CE,Federal Contract Tower,0,0,14,22,36,0,0,18,23,41,0,0,32,45,77,4,16,20,97
06/09/2015,HSA,MS,ASO,CE,Federal Contract Tower,0,4,0,16,20,0,0,4,10,14,0,4,4,26,34,6,52,58,92
06/10/2015,HSA,MS,ASO,CE,Federal Contract Tower,0,0,3,21,24,0,0,40,35,75,0,0,43,56,99,2,38,40,139
06/12/2015,HSA,MS,ASO,CE,Federal Contract Tower,0,0,0,1,1,0,0,11,0,11,0,0,11,1,12,4,0,4,16
06/13/2015,HSA,MS,ASO,CE,Federal Contract Tower,0,2,2,1,5,0,0,5,0,5,0,2,7,1,10,0,0,0,10
06/14/2015,HSA,MS,ASO,CE,Federal Contract Tower,0,0,2,0,2,0,0,8,2,10,0,0,10,2,12,5,0,5,17
06/15/2015,HSA,MS,ASO,CE,Federal Contract Tower,0,1,12,21,34,0,0,3,9,12,0,1,15,30,46,10,30,40,86
06/16/2015,HSA,MS,ASO,CE,Federal Contract Tower,0,0,3,21,24,0,0,33,12,45,0,0,36,33,69,4,39,43,112
06/17/2015,HSA,MS,ASO,CE,Federal Contract Tower,0,0,10,57,67,0,0,35,22,57,0,0,45,79,124,30,111,141,265
06/18/2015,HSA,MS,ASO,CE,Federal Contract Tower,0,0,6,25,31,0,0,27,13,40,0,0,33,38,71,8,4,12,83
06/19/2015,HSA,MS,ASO,CE,Federal Contract Tower,0,0,14,20,34,0,0,36,6,42,0,0,50,26,76,14,8,22,98
06/20/2015,HSA,MS,ASO,CE,Federal Contract Tower,0,0,8,0,8,0,0,11,0,11,0,0,19,0,19,0,0,0,19
06/21/2015,HSA,MS,ASO,CE,Federal Contract Tower,0,1,2,9,12,0,0,18,2,20,0,1,20,11,32,6,18,24,56
06/22/2015,HSA,MS,ASO,CE,Federal Contract Tower,0,1,1,63,65,0,0,16,5,21,0,1,17,68,86,30,96,126,212
06/23/2015,HSA,MS,ASO,CE,Federal Contract Tower,0,1,6,17,24,0,0,30,34,64,0,1,36,51,88,14,54,68,156
06/24/2015,HSA,MS,ASO,CE,Federal Contract Tower,0,2,5,21,28,0,0,28,22,50,0,2,33,43,78,0,27,27,105
06/25/2015,HSA,MS,ASO,CE,Federal Contract Tower,0,2,4,8,14,0,0,17,9,26,0,2,21,17,40,10,28,38,78
06/26/2015,HSA,MS,ASO,CE,Federal Contract Tower,0,2,5,14,21,0,0,19,8,27,0,2,24,22,48,10,14,24,72
06/27/2015,HSA,MS,ASO,CE,Federal Contract Tower,0,0,2,2,4,0,0,2,5,7,0,0,4,7,11,4,8,12,23
06/28/2015,HSA,MS,ASO,CE,Federal Contract Tower,0,0,2,0,2,0,0,7,0,7,0,0,9,0,9,0,0,0,9
06/29/2015,HSA,MS,ASO,CE,Federal Contract Tower,0,0,3,15,18,0,0,11,3,14,0,0,14,18,32,26,0,26,58
06/30/2015,HSA,MS,ASO,CE,Federal Contract Tower,0,0,3,22,25,0,0,36,7,43,0,0,39,29,68,6,26,32,100
07/01/2015,HSA,MS,ASO,CE,Federal Contract Tower,0,0,5,23,28,0,18,4,0,22,0,18,9,23,50,6,22,28,78
07/02/2015,HSA,MS,ASO,CE,Federal Contract Tower,1,0,2,15,18,0,0,10,3,13,1,0,12,18,31,2,34,36,67
07/03/2015,HSA,MS,ASO,CE,Federal Contract Tower,0,0,4,4,8,0,0,19,1,20,0,0,23,5,28,26,0,26,54
07/04/2015,HSA,MS,ASO,CE,Federal Contract Tower,0,0,1,1,2,0,0,3,1,4,0,0,4,2,6,4,0,4,10
07/05/2015,HSA,MS,ASO,CE,Federal Contract Tower,0,0,2,0,2,0,0,2,0,2,0,0,4,0,4,0,0,0,4
07/06/2015,HSA,MS,ASO,CE,Federal Contract Tower,0,0,1,16,17,0,0,14,4,18,0,0,15,20,35,6,24,30,65
07/07/2015,HSA,MS,ASO,CE,Federal Contract Tower,0,0,6,33,39,0,0,29,17,46,0,0,35,50,85,44,72,116,201
07/08/2015,HSA,MS,ASO,CE,Federal Contract Tower,0,0,2,67,69,0,0,24,13,37,0,0,26,80,106,14,60,74,180
07/09/2015,HSA,MS,ASO,CE,Federal Contract Tower,0,0,9,14,23,0,0,42,8,50,0,0,51,22,73,6,4,10,83
07/10/2015,HSA,MS,ASO,CE,Federal Contract Tower,0,0,4,23,27,0,0,23,4,27,0,0,27,27,54,10,22,32,86
07/11/2015,HSA,MS,ASO,CE,Federal Contract Tower,0,0,1,0,1,0,0,15,1,16,0,0,16,1,17,8,0,8,25
07/12/2015,HSA,MS,ASO,CE,Federal Contract Tower,0,0,2,0,2,0,0,8,3,11,0,0,10,3,13,8,0,8,21
07/13/2015,HSA,MS,ASO,CE,Federal Contract Tower,0,0,5,30,35,0,0,28,8,36,0,0,33,38,71,12,58,70,141
07/14/2015,HSA,MS,ASO,CE,Federal Contract Tower,0,0,1,61,62,0,0,27,9,36,0,0,28,70,98,6,66,72,170
07/15/2015,HSA,MS,ASO,CE,Federal Contract Tower,0,0,9,39,48,0,0,38,15,53,0,0,47,54,101,8,59,67,168
07/16/2015,HSA,MS,ASO,CE,Federal Contract Tower,0,0,4,33,37,0,0,31,10,41,0,0,35,43,78,12,86,98,176
07/17/2015,HSA,MS,ASO,CE,Federal Contract Tower,0,0,7,27,34,0,0,36,15,51,0,0,43,42,85,12,42,54,139
07/18/2015,HSA,MS,ASO,CE,Federal Contract Tower,0,0,3,8,11,0,0,12,14,26,0,0,15,22,37,2,54,56,93
07/19/2015,HSA,MS,ASO,CE,Federal Contract Tower,0,0,2,0,2,0,0,18,0,18,0,0,20,0,20,0,0,0,20
07/20/2015,HSA,MS,ASO,CE,Federal Contract Tower,0,0,5,25,30,0,0,33,4,37,0,0,38,29,67,4,28,32,99
07/21/2015,HSA,MS,ASO,CE,Federal Contract Tower,0,0,12,30,42,0,0,18,22,40,0,0,30,52,82,8,72,80,162
07/22/2015,HSA,MS,ASO,CE,Federal Contract Tower,0,0,3,25,28,0,0,26,15,41,0,0,29,40,69,18,28,46,115
07/23/2015,HSA,MS,ASO,CE,Federal Contract Tower,0,3,0,19,22,0,0,18,6,24,0,3,18,25,46,0,4,4,50
07/24/2015,HSA,MS,ASO,CE,Federal Contract Tower,0,0,0,25,25,0,0,33,7,40,0,0,33,32,65,4,18,22,87
07/25/2015,HSA,MS,ASO,CE,Federal Contract Tower,0,1,1,1,3,0,0,4,0,4,0,1,5,1,7,0,0,0,7
07/26/2015,HSA,MS,ASO,CE,Federal Contract Tower,0,0,1,1,2,0,0,17,4,21,0,0,18,5,23,6,0,6,29
07/27/2015,HSA,MS,ASO,CE,Federal Contract Tower,0,2,2,27,31,0,0,38,6,44,0,2,40,33,75,2,28,30,105
07/28/2015,HSA,MS,ASO,CE,Federal Contract Tower,0,2,7,27,36,0,0,35,27,62,0,2,42,54,98,24,80,104,202
07/29/2015,HSA,MS,ASO,CE,Federal Contract Tower,0,0,1,2,3,0,0,33,1,34,0,0,34,3,37,8,8,16,53
07/30/2015,HSA,MS,ASO,CE,Federal Contract Tower,0,0,3,14,17,0,0,17,2,19,0,0,20,16,36,4,16,20,56
07/31/2015,HSA,MS,ASO,CE,Federal Contract Tower,0,0,5,8,13,0,0,36,4,40,0,0,41,12,53,6,10,16,69
08/01/2015,HSA,MS,ASO,CE,Federal Contract Tower,0,2,2,1,5,0,0,14,4,18,0,2,16,5,23,10,0,10,33
08/02/2015,HSA,MS,ASO,CE,Federal Contract Tower,0,0,2,0,2,0,0,11,0,11,0,0,13,0,13,6,0,6,19
08/03/2015,HSA,MS,ASO,CE,Federal Contract Tower,0,1,4,39,44,0,0,29,8,37,0,1,33,47,81,15,12,27,108
08/04/2015,HSA,MS,ASO,CE,Federal Contract Tower,0,0,9,34,43,0,0,28,2,30,0,0,37,36,73,30,16,46,119
08/05/2015,HSA,MS,ASO,CE,Federal Contract Tower,0,2,10,25,37,0,0,20,1,21,0,2,30,26,58,10,24,34,92
08/06/2015,HSA,MS,ASO,CE,Federal Contract Tower,0,0,3,27,30,0,0,29,15,44,0,0,32,42,74,20,30,50,124
08/07/2015,HSA,MS,ASO,CE,Federal Contract Tower,0,0,0,46,46,0,0,29,7,36,0,0,29,53,82,18,64,82,164
08/08/2015,HSA,MS,ASO,CE,Federal Contract Tower,0,0,4,1,5,0,0,17,1,18,0,0,21,2,23,15,0,15,38
08/09/2015,HSA,MS,ASO,CE,Federal Contract Tower,0,2,3,5,10,0,0,19,0,19,0,2,22,5,29,0,0,0,29
08/10/2015,HSA,MS,ASO,CE,Federal Contract Tower,0,0,7,38,45,0,0,30,4,34,0,0,37,42,79,21,26,47,126
08/11/2015,HSA,MS,ASO,CE,Federal Contract Tower,0,0,10,9,19,0,0,25,10,35,0,0,35,19,54,14,66,80,134
08/12/2015,HSA,MS,ASO,CE,Federal Contract Tower,0,0,11,15,26,0,0,28,9,37,0,0,39,24,63,6,32,38,101
08/13/2015,HSA,MS,ASO,CE,Federal Contract Tower,0,2,10,16,28,0,0,34,13,47,0,2,44,29,75,12,2,14,89
08/14/2015,HSA,MS,ASO,CE,Federal Contract Tower,0,2,3,25,30,0,0,17,18,35,0,2,20,43,65,18,24,42,107
08/15/2015,HSA,MS,ASO,CE,Federal Contract Tower,0,0,6,6,12,0,0,14,3,17,0,0,20,9,29,4,4,8,37
08/16/2015,HSA,MS,ASO,CE,Federal Contract Tower,0,0,2,0,2,0,0,2,0,2,0,0,4,0,4,0,0,0,4
08/17/2015,HSA,MS,ASO,CE,Federal Contract Tower,0,0,2,18,20,0,0,8,2,10,0,0,10,20,30,0,20,20,50
08/18/2015,HSA,MS,ASO,CE,Federal Contract Tower,0,0,0,13,13,0,0,19,1,20,0,0,19,14,33,0,6,6,39
08/19/2015,HSA,MS,ASO,CE,Federal Contract Tower,0,0,5,22,27,0,0,20,1,21,0,0,25,23,48,24,10,34,82
08/20/2015,HSA,MS,ASO,CE,Federal Contract Tower,0,2,3,10,15,0,0,14,5,19,0,2,17,15,34,4,0,4,38
08/21/2015,HSA,MS,ASO,CE,Federal Contract Tower,0,2,3,13,18,0,0,14,8,22,0,2,17,21,40,6,24,30,70
08/22/2015,HSA,MS,ASO,CE,Federal Contract Tower,0,0,4,0,4,0,0,12,0,12,0,0,16,0,16,26,0,26,42
08/23/2015,HSA,MS,ASO,CE,Federal Contract Tower,0,0,10,6,16,0,0,18,2,20,0,0,28,8,36,13,0,13,49
08/24/2015,HSA,MS,ASO,CE,Federal Contract Tower,0,0,7,27,34,0,0,17,13,30,0,0,24,40,64,8,64,72,136
08/25/2015,HSA,MS,ASO,CE,Federal Contract Tower,0,0,11,27,38,0,0,25,12,37,0,0,36,39,75,14,26,40,115
08/26/2015,HSA,MS,ASO,CE,Federal Contract Tower,0,0,4,19,23,0,0,36,33,69,0,0,40,52,92,18,66,84,176
08/27/2015,HSA,MS,ASO,CE,Federal Contract Tower,0,0,11,11,22,0,0,28,4,32,0,0,39,15,54,26,18,44,98
08/28/2015,HSA,MS,ASO,CE,Federal Contract Tower,0,0,4,31,35,0,0,43,4,47,0,0,47,35,82,8,42,50,132
08/29/2015,HSA,MS,ASO,CE,Federal Contract Tower,0,0,0,0,0,0,0,8,0,8,0,0,8,0,8,8,0,8,16
08/30/2015,HSA,MS,ASO,CE,Federal Contract Tower,0,0,6,2,8,0,0,20,1,21,0,0,26,3,29,2,8,10,39
08/31/2015,HSA,MS,ASO,CE,Federal Contract Tower,0,0,0,30,30,0,0,17,8,25,0,0,17,38,55,8,28,36,91
09/01/2015,HSA,MS,ASO,CE,Federal Contract Tower,0,0,0,31,31,0,0,21,19,40,0,0,21,50,71,22,64,86,157
09/02/2015,HSA,MS,ASO,CE,Federal Contract Tower,0,0,2,39,41,0,0,29,9,38,0,0,31,48,79,42,56,98,177
09/03/2015,HSA,MS,ASO,CE,Federal Contract Tower,0,2,3,22,27,0,0,17,4,21,0,2,20,26,48,10,12,22,70
09/04/2015,HSA,MS,ASO,CE,Federal Contract Tower,0,0,7,13,20,0,0,17,3,20,0,0,24,16,40,16,0,16,56
09/05/2015,HSA,MS,ASO,CE,Federal Contract Tower,0,0,6,0,6,0,0,9,0,9,0,0,15,0,15,2,0,2,17
09/06/2015,HSA,MS,ASO,CE,Federal Contract Tower,0,0,8,2,10,0,0,17,0,17,0,0,25,2,27,14,0,14,41
09/07/2015,HSA,MS,ASO,CE,Federal Contract Tower,0,2,7,0,9,0,0,26,0,26,0,2,33,0,35,10,0,10,45
09/08/2015,HSA,MS,ASO,CE,Federal Contract Tower,0,0,4,19,23,0,0,33,5,38,0,0,37,24,61,2,14,16,77
09/09/2015,HSA,MS,ASO,CE,Federal Contract Tower,0,0,14,53,67,0,0,26,13,39,0,0,40,66,106,0,22,22,128
09/10/2015,HSA,MS,ASO,CE,Federal Contract Tower,0,0,7,22,29,0,0,16,10,26,0,0,23,32,55,10,24,34,89
09/11/2015,HSA,MS,ASO,CE,Federal Contract Tower,0,0,2,0,2,0,0,5,0,5,0,0,7,0,7,0,0,0,7
09/12/2015,HSA,MS,ASO,CE,Federal Contract Tower,0,0,6,0,6,0,0,17,2,19,0,0,23,2,25,13,0,13,38
09/13/2015,HSA,MS,ASO,CE,Federal Contract Tower,0,0,1,0,1,0,0,6,0,6,0,0,7,0,7,12,0,12,19
09/14/2015,HSA,MS,ASO,CE,Federal Contract Tower,0,0,8,8,16,0,0,38,17,55,0,0,46,25,71,22,22,44,115
09/15/2015,HSA,MS,ASO,CE,Federal Contract Tower,0,6,16,22,44,0,0,22,23,45,0,6,38,45,89,0,56,56,145
09/16/2015,HSA,MS,ASO,CE,Federal Contract Tower,0,0,8,21,29,0,0,13,27,40,0,0,21,48,69,6,52,58,127
09/17/2015,HSA,MS,ASO,CE,Federal Contract Tower,0,1,10,45,56,0,0,10,4,14,0,1,20,49,70,8,18,26,96
09/18/2015,HSA,MS,ASO,CE,Federal Contract Tower,0,10,6,23,39,0,0,35,7,42,0,10,41,30,81,24,32,56,137
09/19/2015,HSA,MS,ASO,CE,Federal Contract Tower,0,0,1,5,6,0,0,11,4,15,0,0,12,9,21,34,10,44,65
09/20/2015,HSA,MS,ASO,CE,Federal Contract Tower,0,3,5,7,15,0,0,25,0,25,0,3,30,7,40,51,0,51,91
09/21/2015,HSA,MS,ASO,CE,Federal Contract Tower,0,0,4,18,22,0,0,6,2,8,0,0,10,20,30,14,50,64,94
09/22/2015,HSA,MS,ASO,CE,Federal Contract Tower,0,0,3,14,17,0,0,29,11,40,0,0,32,25,57,22,22,44,101
09/23/2015,HSA,MS,ASO,CE,Federal Contract Tower,0,0,2,25,27,0,0,36,36,72,0,0,38,61,99,12,70,82,181
09/24/2015,HSA,MS,ASO,CE,Federal Contract Tower,0,0,7,23,30,0,0,20,8,28,0,0,27,31,58,2,48,50,108
09/25/2015,HSA,MS,ASO,CE,Federal Contract Tower,0,0,6,20,26,0,0,32,4,36,0,0,38,24,62,20,16,36,98
09/26/2015,HSA,MS,ASO,CE,Federal Contract Tower,0,1,3,2,6,0,0,21,10,31,0,1,24,12,37,20,2,22,59
09/27/2015,HSA,MS,ASO,CE,Federal Contract Tower,0,0,3,5,8,0,0,2,0,2,0,0,5,5,10,0,0,0,10
09/28/2015,HSA,MS,ASO,CE,Federal Contract Tower,0,0,7,17,24,0,0,8,0,8,0,0,15,17,32,12,4,16,48
09/29/2015,HSA,MS,ASO,CE,Federal Contract Tower,0,0,4,32,36,0,0,24,17,41,0,0,28,49,77,30,42,72,149
09/30/2015,HSA,MS,ASO,CE,Federal Contract Tower,2,0,0,31,33,0,0,18,18,36,2,0,18,49,69,4,44,48,117
10/01/2015,HSA,MS,ASO,CE,Federal Contract Tower,0,0,4,26,30,0,0,22,8,30,0,0,26,34,60,6,30,36,96
10/02/2015,HSA,MS,ASO,CE,Federal Contract Tower,0,0,2,46,48,0,0,20,6,26,0,0,22,52,74,28,30,58,132
10/03/2015,HSA,MS,ASO,CE,Federal Contract Tower,0,1,4,15,20,0,0,11,5,16,0,1,15,20,36,12,18,30,66
10/04/2015,HSA,MS,ASO,CE,Federal Contract Tower,0,0,5,15,20,0,0,16,0,16,0,0,21,15,36,14,0,14,50
10/05/2015,HSA,MS,ASO,CE,Federal Contract Tower,0,0,6,23,29,0,0,19,25,44,0,0,25,48,73,18,30,48,121
10/06/2015,HSA,MS,ASO,CE,Federal Contract Tower,0,0,7,18,25,0,0,11,25,36,0,0,18,43,61,14,46,60,121
10/07/2015,HSA,MS,ASO,CE,Federal Contract Tower,0,2,6,57,65,0,0,24,23,47,0,2,30,80,112,20,64,84,196
10/08/2015,HSA,MS,ASO,CE,Federal Contract Tower,0,0,2,27,29,0,0,25,14,39,0,0,27,41,68,4,58,62,130
10/09/2015,HSA,MS,ASO,CE,Federal Contract Tower,0,0,5,17,22,0,0,27,11,38,0,0,32,28,60,0,42,42,102
10/10/2015,HSA,MS,ASO,CE,Federal Contract Tower,0,0,2,4,6,0,0,11,0,11,0,0,13,4,17,8,12,20,37
10/11/2015,HSA,MS,ASO,CE,Federal Contract Tower,0,0,5,0,5,0,0,23,4,27,0,0,28,4,32,30,0,30,62
10/12/2015,HSA,MS,ASO,CE,Federal Contract Tower,0,0,0,0,0,0,0,16,0,16,0,0,16,0,16,18,0,18,34
10/13/2015,HSA,MS,ASO,CE,Federal Contract Tower,0,0,2,23,25,0,0,27,11,38,0,0,29,34,63,26,0,26,89
10/14/2015,HSA,MS,ASO,CE,Federal Contract Tower,0,0,5,35,40,0,0,30,46,76,0,0,35,81,116,4,98,102,218
10/15/2015,HSA,MS,ASO,CE,Federal Contract Tower,0,0,8,41,49,0,0,25,6,31,0,0,33,47,80,4,88,92,172
10/16/2015,HSA,MS,ASO,CE,Federal Contract Tower,0,0,1,18,19,0,0,28,26,54,0,0,29,44,73,14,16,30,103
10/17/2015,HSA,MS,ASO,CE,Federal Contract Tower,0,0,2,1,3,0,0,17,3,20,0,0,19,4,23,6,44,50,73
10/18/2015,HSA,MS,ASO,CE,Federal Contract Tower,0,0,1,3,4,0,0,12,2,14,0,0,13,5,18,6,4,10,28
10/19/2015,HSA,MS,ASO,CE,Federal Contract Tower,0,0,2,19,21,0,0,17,12,29,0,0,19,31,50,2,29,31,81
10/20/2015,HSA,MS,ASO,CE,Federal Contract Tower,0,0,1,50,51,0,0,28,25,53,0,0,29,75,104,26,124,150,254
10/21/2015,HSA,MS,ASO,CE,Federal Contract Tower,0,0,4,25,29,0,0,26,22,48,0,0,30,47,77,18,68,86,163
10/22/2015,HSA,MS,ASO,CE,Federal Contract Tower,0,0,10,38,48,0,0,24,12,36,0,0,34,50,84,18,36,54,138
10/23/2015,HSA,MS,ASO,CE,Federal Contract Tower,0,1,15,28,44,0,0,27,13,40,0,1,42,41,84,6,46,52,136
10/24/2015,HSA,MS,ASO,CE,Federal Contract Tower,0,1,0,0,1,0,0,2,0,2,0,1,2,0,3,2,0,2,5
10/25/2015,HSA,MS,ASO,CE,Federal Contract Tower,0,1,7,0,8,0,0,0,0,0,0,1,7,0,8,0,0,0,8
10/26/2015,HSA,MS,ASO,CE,Federal Contract Tower,0,0,0,0,0,0,0,2,0,2,0,0,2,0,2,0,0,0,2
10/27/2015,HSA,MS,ASO,CE,Federal Contract Tower,0,0,0,38,38,0,0,19,8,27,0,0,19,46,65,8,60,68,133
10/28/2015,HSA,MS,ASO,CE,Federal Contract Tower,0,0,2,27,29,0,0,24,35,59,0,0,26,62,88,44,78,122,210
10/29/2015,HSA,MS,ASO,CE,Federal Contract Tower,0,0,4,36,40,0,0,38,11,49,0,0,42,47,89,42,62,104,193
10/30/2015,HSA,MS,ASO,CE,Federal Contract Tower,0,0,3,36,39,0,0,12,12,24,0,0,15,48,63,0,38,38,101
10/31/2015,HSA,MS,ASO,CE,Federal Contract Tower,0,0,3,0,3,0,0,5,0,5,0,0,8,0,8,2,0,2,10
11/01/2015,HSA,MS,ASO,CE,Federal Contract Tower,0,0,1,4,5,0,0,0,0,0,0,0,1,4,5,0,0,0,5
11/02/2015,HSA,MS,ASO,CE,Federal Contract Tower,0,0,4,36,40,0,0,0,4,4,0,0,4,40,44,0,0,0,44
11/03/2015,HSA,MS,ASO,CE,Federal Contract Tower,0,0,1,37,38,0,0,9,14,23,0,0,10,51,61,18,30,48,109
11/04/2015,HSA,MS,ASO,CE,Federal Contract Tower,0,0,14,45,59,0,0,15,22,37,0,0,29,67,96,40,50,90,186
11/05/2015,HSA,MS,ASO,CE,Federal Contract Tower,0,0,3,26,29,0,0,4,4,8,0,0,7,30,37,0,18,18,55
11/06/2015,HSA,MS,ASO,CE,Federal Contract Tower,0,0,18,12,30,0,0,0,2,2,0,0,18,14,32,10,12,22,54
11/07/2015,HSA,MS,ASO,CE,Federal Contract Tower,0,0,0,2,2,0,0,3,0,3,0,0,3,2,5,0,10,10,15
11/08/2015,HSA,MS,ASO,CE,Federal Contract Tower,0,0,3,2,5,0,0,0,4,4,0,0,3,6,9,0,2,2,11
11/09/2015,HSA,MS,ASO,CE,Federal Contract Tower,0,2,8,27,37,0,0,4,6,10,0,2,12,33,47,9,14,23,70
11/10/2015,HSA,MS,ASO,CE,Federal Contract Tower,0,0,19,23,42,0,0,10,16,26,0,0,29,39,68,56,18,74,142
11/11/2015,HSA,MS,ASO,CE,Federal Contract Tower,0,0,1,13,14,0,0,32,9,41,0,0,33,22,55,27,13,40,95
11/12/2015,HSA,MS,ASO,CE,Federal Contract Tower,0,0,0,27,27,0,0,11,18,29,0,0,11,45,56,0,2,2,58
11/13/2015,HSA,MS,ASO,CE,Federal Contract Tower,0,0,7,31,38,0,0,10,2,12,0,0,17,33,50,8,12,20,70
11/14/2015,HSA,MS,ASO,CE,Federal Contract Tower,0,1,3,1,5,0,0,21,10,31,0,1,24,11,36,0,8,8,44
11/15/2015,HSA,MS,ASO,CE,Federal Contract Tower,0,0,3,8,11,0,0,17,11,28,0,0,20,19,39,0,0,0,39
11/16/2015,HSA,MS,ASO,CE,Federal Contract Tower,0,0,20,11,31,0,0,6,5,11,0,0,26,16,42,4,12,16,58
11/17/2015,HSA,MS,ASO,CE,Federal Contract Tower,0,0,0,16,16,0,0,0,0,0,0,0,0,16,16,0,12,12,28
11/18/2015,HSA,MS,ASO,CE,Federal Contract Tower,0,0,2,12,14,0,0,0,0,0,0,0,2,12,14,0,6,6,20
11/19/2015,HSA,MS,ASO,CE,Federal Contract Tower,0,0,6,35,41,0,0,16,13,29,0,0,22,48,70,22,28,50,120
11/20/2015,HSA,MS,ASO,CE,Federal Contract Tower,0,0,5,16,21,0,0,21,26,47,0,0,26,42,68,10,46,56,124
11/21/2015,HSA,MS,ASO,CE,Federal Contract Tower,0,0,2,1,3,0,0,12,1,13,0,0,14,2,16,6,0,6,22
11/22/2015,HSA,MS,ASO,CE,Federal Contract Tower,0,2,1,10,13,0,0,9,4,13,0,2,10,14,26,6,0,6,32
11/23/2015,HSA,MS,ASO,CE,Federal Contract Tower,0,0,6,13,19,0,0,13,19,32,0,0,19,32,51,9,47,56,107
11/24/2015,HSA,MS,ASO,CE,Federal Contract Tower,0,2,5,18,25,0,0,15,13,28,0,2,20,31,53,12,80,92,145
11/25/2015,HSA,MS,ASO,CE,Federal Contract Tower,0,0,3,4,7,0,0,16,3,19,0,0,19,7,26,0,10,10,36
11/26/2015,HSA,MS,ASO,CE,Federal Contract Tower,0,0,2,0,2,0,0,3,0,3,0,0,5,0,5,0,0,0,5
11/27/2015,HSA,MS,ASO,CE,Federal Contract Tower,0,0,3,0,3,0,0,5,0,5,0,0,8,0,8,6,0,6,14
11/28/2015,HSA,MS,ASO,CE,Federal Contract Tower,0,2,2,0,4,0,0,12,0,12,0,2,14,0,16,20,0,20,36
11/29/2015,HSA,MS,ASO,CE,Federal Contract Tower,0,0,2,5,7,0,0,11,0,11,0,0,13,5,18,10,0,10,28
11/30/2015,HSA,MS,ASO,CE,Federal Contract Tower,0,0,7,19,26,0,0,6,15,21,0,0,13,34,47,6,16,22,69
12/01/2015,HSA,MS,ASO,CE,Federal Contract Tower,0,0,0,8,8,0,0,0,1,1,0,0,0,9,9,0,0,0,9
12/02/2015,HSA,MS,ASO,CE,Federal Contract Tower,0,0,2,18,20,0,0,4,12,16,0,0,6,30,36,20,42,62,98
12/03/2015,HSA,MS,ASO,CE,Federal Contract Tower,0,0,3,35,38,0,0,15,20,35,0,0,18,55,73,6,64,70,143
12/04/2015,HSA,MS,ASO,CE,Federal Contract Tower,1,0,6,16,23,0,0,23,9,32,1,0,29,25,55,14,28,42,97
12/05/2015,HSA,MS,ASO,CE,Federal Contract Tower,0,0,7,0,7,0,0,28,0,28,0,0,35,0,35,14,2,16,51
12/06/2015,HSA,MS,ASO,CE,Federal Contract Tower,0,1,2,6,9,0,0,24,2,26,0,1,26,8,35,4,0,4,39
12/07/2015,HSA,MS,ASO,CE,Federal Contract Tower,0,2,5,21,28,0,0,18,23,41,0,2,23,44,69,7,40,47,116
12/08/2015,HSA,MS,ASO,CE,Federal Contract Tower,0,2,8,34,44,0,0,33,20,53,0,2,41,54,97,14,103,117,214
12/09/2015,HSA,MS,ASO,CE,Federal Contract Tower,0,0,5,56,61,0,0,12,15,27,0,0,17,71,88,26,31,57,145
12/10/2015,HSA,MS,ASO,CE,Federal Contract Tower,0,0,13,39,52,0,0,11,13,24,0,0,24,52,76,4,18,22,98
12/11/2015,HSA,MS,ASO,CE,Federal Contract Tower,0,1,5,14,20,0,0,12,6,18,0,1,17,20,38,10,2,12,50
12/12/2015,HSA,MS,ASO,CE,Federal Contract Tower,1,0,1,0,2,0,0,5,0,5,1,0,6,0,7,8,0,8,15
12/13/2015,HSA,MS,ASO,CE,Federal Contract Tower,0,0,1,0,1,0,0,2,0,2,0,0,3,0,3,0,0,0,3
12/14/2015,HSA,MS,ASO,CE,Federal Contract Tower,0,0,8,46,54,0,0,19,14,33,0,0,27,60,87,29,28,57,144
12/15/2015,HSA,MS,ASO,CE,Federal Contract Tower,0,2,13,34,49,0,0,24,14,38,0,2,37,48,87,10,126,136,223
12/16/2015,HSA,MS,ASO,CE,Federal Contract Tower,0,0,9,4,13,0,0,0,0,0,0,0,9,4,13,0,0,0,13
12/17/2015,HSA,MS,ASO,CE,Federal Contract Tower,0,0,11,31,42,0,0,5,24,29,0,0,16,55,71,12,92,104,175
12/18/2015,HSA,MS,ASO,CE,Federal Contract Tower,0,0,7,10,17,0,0,21,15,36,0,0,28,25,53,8,47,55,108
12/19/2015,HSA,MS,ASO,CE,Federal Contract Tower,0,2,3,2,7,0,0,22,0,22,0,2,25,2,29,24,0,24,53
12/20/2015,HSA,MS,ASO,CE,Federal Contract Tower,0,2,1,0,3,0,0,19,7,26,0,2,20,7,29,14,36,50,79
12/21/2015,HSA,MS,ASO,CE,Federal Contract Tower,0,0,7,6,13,0,0,4,1,5,0,0,11,7,18,0,8,8,26
12/22/2015,HSA,MS,ASO,CE,Federal Contract Tower,0,0,0,0,0,0,0,0,0,0,0,0,0,0,0,0,0,0,0
12/23/2015,HSA,MS,ASO,CE,Federal Contract Tower,0,3,0,4,7,0,0,0,0,0,0,3,0,4,7,0,0,0,7
12/24/2015,HSA,MS,ASO,CE,Federal Contract Tower,0,4,0,0,4,0,0,0,0,0,0,4,0,0,4,0,0,0,4
12/25/2015,HSA,MS,ASO,CE,Federal Contract Tower,0,1,0,0,1,0,0,0,0,0,0,1,0,0,1,0,0,0,1
12/26/2015,HSA,MS,ASO,CE,Federal Contract Tower,0,0,1,0,1,0,0,0,0,0,0,0,1,0,1,0,0,0,1
12/27/2015,HSA,MS,ASO,CE,Federal Contract Tower,0,0,0,0,0,0,0,1,0,1,0,0,1,0,1,0,0,0,1
12/28/2015,HSA,MS,ASO,CE,Federal Contract Tower,0,2,6,0,8,0,0,7,0,7,0,2,13,0,15,0,0,0,15
12/29/2015,HSA,MS,ASO,CE,Federal Contract Tower,0,2,12,9,23,0,0,22,5,27,0,2,34,14,50,12,39,51,101
12/30/2015,HSA,MS,ASO,CE,Federal Contract Tower,0,2,11,0,13,0,0,7,0,7,0,2,18,0,20,0,0,0,20
12/31/2015,HSA,MS,ASO,CE,Federal Contract Tower,0,0,14,0,14,0,0,42,0,42,0,0,56,0,56,22,0,22,78
01/01/2016,HSA,MS,ASO,CE,Federal Contract Tower,0,0,10,0,10,0,0,16,0,16,0,0,26,0,26,0,0,0,26
01/02/2016,HSA,MS,ASO,CE,Federal Contract Tower,0,0,6,0,6,0,0,39,0,39,0,0,45,0,45,32,0,32,77
01/03/2016,HSA,MS,ASO,CE,Federal Contract Tower,0,0,9,2,11,0,0,22,0,22,0,0,31,2,33,24,0,24,57
01/04/2016,HSA,MS,ASO,CE,Federal Contract Tower,0,0,0,13,13,0,0,26,1,27,0,0,26,14,40,14,12,26,66
01/05/2016,HSA,MS,ASO,CE,Federal Contract Tower,0,2,3,22,27,0,0,11,12,23,0,2,14,34,50,14,52,66,116
01/06/2016,HSA,MS,ASO,CE,Federal Contract Tower,0,0,0,20,20,0,0,17,18,35,0,0,17,38,55,11,49,60,115
01/07/2016,HSA,MS,ASO,CE,Federal Contract Tower,0,0,1,27,28,0,0,0,1,1,0,0,1,28,29,0,0,0,29
01/08/2016,HSA,MS,ASO,CE,Federal Contract Tower,0,0,4,11,15,0,0,8,1,9,0,0,12,12,24,36,5,41,65
01/09/2016,HSA,MS,ASO,CE,Federal Contract Tower,0,0,2,10,12,0,0,8,2,10,0,0,10,12,22,9,25,34,56
01/10/2016,HSA,MS,ASO,CE,Federal Contract Tower,0,0,2,7,9,0,0,2,6,8,0,0,4,13,17,24,0,24,41
01/11/2016,HSA,MS,ASO,CE,Federal Contract Tower,0,0,2,33,35,0,0,21,3,24,0,0,23,36,59,28,32,60,119
01/12/2016,HSA,MS,ASO,CE,Federal Contract Tower,0,0,12,15,27,0,0,19,7,26,0,0,31,22,53,47,30,77,130
01/13/2016,HSA,MS,ASO,CE,Federal Contract Tower,0,0,8,23,31,0,0,33,17,50,0,0,41,40,81,56,52,108,189
01/14/2016,HSA,MS,ASO,CE,Federal Contract Tower,0,0,8,26,34,0,0,23,11,34,0,0,31,37,68,104,36,140,208
01/15/2016,HSA,MS,ASO,CE,Federal Contract Tower,0,0,4,20,24,0,0,15,0,15,0,0,19,20,39,36,0,36,75
01/16/2016,HSA,MS,ASO,CE,Federal Contract Tower,0,0,4,3,7,0,0,18,6,24,0,0,22,9,31,68,12,80,111
01/17/2016,HSA,MS,ASO,CE,Federal Contract Tower,0,0,1,2,3,0,0,10,2,12,0,0,11,4,15,0,0,0,15
01/18/2016,HSA,MS,ASO,CE,Federal Contract Tower,0,0,3,0,3,0,0,24,2,26,0,0,27,2,29,28,0,28,57
01/19/2016,HSA,MS,ASO,CE,Federal Contract Tower,0,0,5,45,50,0,0,15,10,25,0,0,20,55,75,32,50,82,157
01/20/2016,HSA,MS,ASO,CE,Federal Contract Tower,0,0,9,37,46,0,0,23,25,48,0,0,32,62,94,79,66,145,239
01/21/2016,HSA,MS,ASO,CE,Federal Contract Tower,0,0,14,0,14,0,0,0,0,0,0,0,14,0,14,0,0,0,14
01/22/2016,HSA,MS,ASO,CE,Federal Contract Tower,0,1,10,11,22,0,0,1,6,7,0,1,11,17,29,0,24,24,53
01/23/2016,HSA,MS,ASO,CE,Federal Contract Tower,0,2,9,0,11,0,0,10,2,12,0,2,19,2,23,0,0,0,23
01/24/2016,HSA,MS,ASO,CE,Federal Contract Tower,1,0,16,9,26,0,0,16,2,18,1,0,32,11,44,18,13,31,75
01/25/2016,HSA,MS,ASO,CE,Federal Contract Tower,1,0,5,14,20,0,0,10,5,15,1,0,15,19,35,34,22,56,91
01/26/2016,HSA,MS,ASO,CE,Federal Contract Tower,0,0,3,21,24,0,0,2,0,2,0,0,5,21,26,20,6,26,52
01/27/2016,HSA,MS,ASO,CE,Federal Contract Tower,0,0,1,23,24,0,0,0,22,22,0,0,1,45,46,0,19,19,65
01/28/2016,HSA,MS,ASO,CE,Federal Contract Tower,0,0,1,29,30,0,0,14,10,24,0,0,15,39,54,10,84,94,148
01/29/2016,HSA,MS,ASO,CE,Federal Contract Tower,0,0,14,32,46,0,0,28,13,41,0,0,42,45,87,32,36,68,155
01/30/2016,HSA,MS,ASO,CE,Federal Contract Tower,0,0,10,0,10,0,0,25,0,25,0,0,35,0,35,48,0,48,83
01/31/2016,HSA,MS,ASO,CE,Federal Contract Tower,0,0,8,2,10,0,0,10,2,12,0,0,18,4,22,10,12,22,44
02/01/2016,HSA,MS,ASO,CE,Federal Contract Tower,0,0,2,0,2,0,0,0,0,0,0,0,2,0,2,8,0,8,10
02/02/2016,HSA,MS,ASO,CE,Federal Contract Tower,0,0,2,2,4,0,0,0,0,0,0,0,2,2,4,0,0,0,4
02/03/2016,HSA,MS,ASO,CE,Federal Contract Tower,0,2,6,27,35,0,0,4,11,15,0,2,10,38,50,8,31,39,89
02/04/2016,HSA,MS,ASO,CE,Federal Contract Tower,0,0,9,23,32,0,0,21,9,30,0,0,30,32,62,2,65,67,129
02/05/2016,HSA,MS,ASO,CE,Federal Contract Tower,0,0,6,12,18,0,0,31,11,42,0,0,37,23,60,8,0,8,68
02/06/2016,HSA,MS,ASO,CE,Federal Contract Tower,0,2,2,3,7,0,0,22,1,23,0,2,24,4,30,28,18,46,76
02/07/2016,HSA,MS,ASO,CE,Federal Contract Tower,0,0,1,2,3,0,0,17,0,17,0,0,18,2,20,22,0,22,42
02/08/2016,HSA,MS,ASO,CE,Federal Contract Tower,0,0,10,17,27,0,0,4,11,15,0,0,14,28,42,2,42,44,86
02/09/2016,HSA,MS,ASO,CE,Federal Contract Tower,0,0,3,22,25,0,0,1,12,13,0,0,4,34,38,0,34,34,72
02/10/2016,HSA,MS,ASO,CE,Federal Contract Tower,0,0,5,12,17,0,0,21,13,34,0,0,26,25,51,14,53,67,118
02/11/2016,HSA,MS,ASO,CE,Federal Contract Tower,0,0,4,20,24,0,0,28,5,33,0,0,32,25,57,18,22,40,97
02/12/2016,HSA,MS,ASO,CE,Federal Contract Tower,0,0,5,19,24,0,0,25,2,27,0,0,30,21,51,10,16,26,77
02/13/2016,HSA,MS,ASO,CE,Federal Contract Tower,0,1,1,3,5,0,0,16,2,18,0,1,17,5,23,26,6,32,55
02/14/2016,HSA,MS,ASO,CE,Federal Contract Tower,0,1,2,2,5,0,0,0,0,0,0,1,2,2,5,2,0,2,7
02/15/2016,HSA,MS,ASO,CE,Federal Contract Tower,0,2,0,0,2,0,0,0,0,0,0,2,0,0,2,0,0,0,2
02/16/2016,HSA,MS,ASO,CE,Federal Contract Tower,0,0,0,27,27,0,0,16,11,27,0,0,16,38,54,10,34,44,98
02/17/2016,HSA,MS,ASO,CE,Federal Contract Tower,0,2,2,20,24,0,0,25,17,42,0,2,27,37,66,36,54,90,156
02/18/2016,HSA,MS,ASO,CE,Federal Contract Tower,0,0,8,36,44,0,0,16,21,37,0,0,24,57,81,8,67,75,156
02/19/2016,HSA,MS,ASO,CE,Federal Contract Tower,0,2,5,29,36,0,0,26,10,36,0,2,31,39,72,0,4,4,76
02/20/2016,HSA,MS,ASO,CE,Federal Contract Tower,0,2,1,0,3,0,0,12,4,16,0,2,13,4,19,16,10,26,45
02/21/2016,HSA,MS,ASO,CE,Federal Contract Tower,0,1,3,0,4,0,0,4,0,4,0,1,7,0,8,4,0,4,12
02/22/2016,HSA,MS,ASO,CE,Federal Contract Tower,0,1,3,4,8,0,0,3,0,3,0,1,6,4,11,0,0,0,11
02/23/2016,HSA,MS,ASO,CE,Federal Contract Tower,0,0,0,1,1,0,0,0,0,0,0,0,0,1,1,0,0,0,1
02/24/2016,HSA,MS,ASO,CE,Federal Contract Tower,0,0,1,10,11,0,0,2,11,13,0,0,3,21,24,23,31,54,78
02/25/2016,HSA,MS,ASO,CE,Federal Contract Tower,0,0,6,19,25,0,0,33,5,38,0,0,39,24,63,12,76,88,151
02/26/2016,HSA,MS,ASO,CE,Federal Contract Tower,0,2,7,19,28,0,0,34,17,51,0,2,41,36,79,26,50,76,155
02/27/2016,HSA,MS,ASO,CE,Federal Contract Tower,0,0,0,6,6,0,0,57,0,57,0,0,57,6,63,14,0,14,77
02/28/2016,HSA,MS,ASO,CE,Federal Contract Tower,0,2,2,3,7,0,0,13,1,14,0,2,15,4,21,4,0,4,25
02/29/2016,HSA,MS,ASO,CE,Federal Contract Tower,0,0,12,32,44,0,0,13,15,28,0,0,25,47,72,14,92,106,178
03/01/2016,HSA,MS,ASO,CE,Federal Contract Tower,0,0,3,39,42,0,0,10,14,24,0,0,13,53,66,6,45,51,117
03/02/2016,HSA,MS,ASO,CE,Federal Contract Tower,0,0,1,30,31,0,0,20,41,61,0,0,21,71,92,55,54,109,201
03/03/2016,HSA,MS,ASO,CE,Federal Contract Tower,0,0,0,79,79,0,0,2,11,13,0,0,2,90,92,0,16,16,108
03/04/2016,HSA,MS,ASO,CE,Federal Contract Tower,0,0,6,21,27,0,0,34,23,57,0,0,40,44,84,50,24,74,158
03/05/2016,HSA,MS,ASO,CE,Federal Contract Tower,0,0,2,5,7,0,0,16,1,17,0,0,18,6,24,16,40,56,80
03/06/2016,HSA,MS,ASO,CE,Federal Contract Tower,0,0,0,2,2,0,0,17,0,17,0,0,17,2,19,8,0,8,27
03/07/2016,HSA,MS,ASO,CE,Federal Contract Tower,1,0,3,24,28,0,0,14,10,24,1,0,17,34,52,16,10,26,78
03/08/2016,HSA,MS,ASO,CE,Federal Contract Tower,0,1,1,21,23,0,0,17,21,38,0,1,18,42,61,16,12,28,89
03/09/2016,HSA,MS,ASO,CE,Federal Contract Tower,0,0,1,13,14,0,0,4,3,7,0,0,5,16,21,0,11,11,32
03/10/2016,HSA,MS,ASO,CE,Federal Contract Tower,0,1,2,5,8,0,0,2,0,2,0,1,4,5,10,0,0,0,10
03/11/2016,HSA,MS,ASO,CE,Federal Contract Tower,0,0,0,1,1,0,0,0,0,0,0,0,0,1,1,0,0,0,1
03/12/2016,HSA,MS,ASO,CE,Federal Contract Tower,0,4,4,0,8,0,0,0,0,0,0,4,4,0,8,0,0,0,8
03/13/2016,HSA,MS,ASO,CE,Federal Contract Tower,0,0,5,4,9,0,0,15,2,17,0,0,20,6,26,40,8,48,74
03/14/2016,HSA,MS,ASO,CE,Federal Contract Tower,0,1,0,48,49,0,0,16,13,29,0,1,16,61,78,24,38,62,140
03/15/2016,HSA,MS,ASO,CE,Federal Contract Tower,0,2,7,70,79,0,0,33,22,55,0,2,40,92,134,10,43,53,187
03/16/2016,HSA,MS,ASO,CE,Federal Contract Tower,0,0,7,30,37,0,0,26,39,65,0,0,33,69,102,10,70,80,182
03/17/2016,HSA,MS,ASO,CE,Federal Contract Tower,0,0,6,5,11,0,0,0,0,0,0,0,6,5,11,0,0,0,11
03/18/2016,HSA,MS,ASO,CE,Federal Contract Tower,0,0,6,0,6,0,0,0,0,0,0,0,6,0,6,0,0,0,6
03/19/2016,HSA,MS,ASO,CE,Federal Contract Tower,0,0,1,1,2,0,0,0,0,0,0,0,1,1,2,0,0,0,2
03/20/2016,HSA,MS,ASO,CE,Federal Contract Tower,0,0,4,5,9,0,0,4,0,4,0,0,8,5,13,0,0,0,13
03/21/2016,HSA,MS,ASO,CE,Federal Contract Tower,0,1,7,12,20,0,0,19,16,35,0,1,26,28,55,14,58,72,127
03/22/2016,HSA,MS,ASO,CE,Federal Contract Tower,0,0,6,43,49,0,0,47,50,97,0,0,53,93,146,17,66,83,229
03/23/2016,HSA,MS,ASO,CE,Federal Contract Tower,0,1,7,35,43,0,0,27,30,57,0,1,34,65,100,24,35,59,159
03/24/2016,HSA,MS,ASO,CE,Federal Contract Tower,0,0,1,6,7,0,0,0,15,15,0,0,1,21,22,0,0,0,22
03/25/2016,HSA,MS,ASO,CE,Federal Contract Tower,0,0,11,40,51,0,0,35,19,54,0,0,46,59,105,28,62,90,195
03/26/2016,HSA,MS,ASO,CE,Federal Contract Tower,0,0,4,0,4,0,0,7,0,7,0,0,11,0,11,4,0,4,15
03/27/2016,HSA,MS,ASO,CE,Federal Contract Tower,0,0,3,0,3,0,0,1,0,1,0,0,4,0,4,0,0,0,4
03/29/2016,HSA,MS,ASO,CE,Federal Contract Tower,0,0,4,54,58,0,0,27,10,37,0,0,31,64,95,10,108,118,213
03/30/2016,HSA,MS,ASO,CE,Federal Contract Tower,0,0,14,20,34,0,0,0,0,0,0,0,14,20,34,0,0,0,34
03/31/2016,HSA,MS,ASO,CE,Federal Contract Tower,0,0,2,24,26,0,0,2,1,3,0,0,4,25,29,0,22,22,51
04/01/2016,HSA,MS,ASO,CE,Federal Contract Tower,0,0,6,0,6,0,0,0,0,0,0,0,6,0,6,0,0,0,6
04/02/2016,HSA,MS,ASO,CE,Federal Contract Tower,0,0,2,2,4,0,0,26,0,26,0,0,28,2,30,8,6,14,44
04/03/2016,HSA,MS,ASO,CE,Federal Contract Tower,0,0,7,0,7,0,0,27,0,27,0,0,34,0,34,8,0,8,42
04/04/2016,HSA,MS,ASO,CE,Federal Contract Tower,0,0,8,21,29,0,0,26,5,31,0,0,34,26,60,26,14,40,100
04/05/2016,HSA,MS,ASO,CE,Federal Contract Tower,0,0,6,28,34,0,0,18,1,19,0,0,24,29,53,28,52,80,133
04/06/2016,HSA,MS,ASO,CE,Federal Contract Tower,0,0,2,23,25,0,0,26,3,29,0,0,28,26,54,30,20,50,104
04/07/2016,HSA,MS,ASO,CE,Federal Contract Tower,0,0,1,37,38,0,0,20,10,30,0,0,21,47,68,30,22,52,120
04/08/2016,HSA,MS,ASO,CE,Federal Contract Tower,0,0,10,22,32,0,0,21,11,32,0,0,31,33,64,0,24,24,88
04/09/2016,HSA,MS,ASO,CE,Federal Contract Tower,0,0,1,0,1,0,0,17,0,17,0,0,18,0,18,20,0,20,38
04/10/2016,HSA,MS,ASO,CE,Federal Contract Tower,0,0,3,8,11,0,0,12,2,14,0,0,15,10,25,0,38,38,63
04/11/2016,HSA,MS,ASO,CE,Federal Contract Tower,0,1,3,23,27,0,0,6,9,15,0,1,9,32,42,12,22,34,76
04/12/2016,HSA,MS,ASO,CE,Federal Contract Tower,0,0,1,13,14,0,0,0,1,1,0,0,1,14,15,0,8,8,23
04/13/2016,HSA,MS,ASO,CE,Federal Contract Tower,0,0,3,1,4,0,0,0,0,0,0,0,3,1,4,0,0,0,4
04/14/2016,HSA,MS,ASO,CE,Federal Contract Tower,0,1,4,7,12,0,0,2,2,4,0,1,6,9,16,0,15,15,31
04/15/2016,HSA,MS,ASO,CE,Federal Contract Tower,0,0,2,36,38,0,0,4,6,10,0,0,6,42,48,0,0,0,48
04/17/2016,HSA,MS,ASO,CE,Federal Contract Tower,0,0,2,0,2,0,0,0,0,0,0,0,2,0,2,0,0,0,2
04/18/2016,HSA,MS,ASO,CE,Federal Contract Tower,0,0,2,18,20,0,0,25,3,28,0,0,27,21,48,10,48,58,106
04/19/2016,HSA,MS,ASO,CE,Federal Contract Tower,0,0,5,47,52,0,0,22,3,25,0,0,27,50,77,6,20,26,103
04/20/2016,HSA,MS,ASO,CE,Federal Contract Tower,0,0,2,49,51,0,0,35,20,55,0,0,37,69,106,32,43,75,181
04/21/2016,HSA,MS,ASO,CE,Federal Contract Tower,0,0,3,43,46,0,0,17,14,31,0,0,20,57,77,12,34,46,123
04/22/2016,HSA,MS,ASO,CE,Federal Contract Tower,0,0,7,16,23,0,0,33,6,39,0,0,40,22,62,14,36,50,112
04/23/2016,HSA,MS,ASO,CE,Federal Contract Tower,0,1,5,0,6,0,0,27,0,27,0,1,32,0,33,58,0,58,91
04/24/2016,HSA,MS,ASO,CE,Federal Contract Tower,0,1,5,0,6,0,0,16,0,16,0,1,21,0,22,0,0,0,22
04/25/2016,HSA,MS,ASO,CE,Federal Contract Tower,0,0,3,20,23,0,0,23,6,29,0,0,26,26,52,6,58,64,116
04/26/2016,HSA,MS,ASO,CE,Federal Contract Tower,0,2,12,18,32,0,0,23,5,28,0,2,35,23,60,24,24,48,108
04/28/2016,HSA,MS,ASO,CE,Federal Contract Tower,0,0,5,0,5,0,0,1,8,9,0,0,6,8,14,0,8,8,22
04/29/2016,HSA,MS,ASO,CE,Federal Contract Tower,0,0,19,33,52,0,0,31,8,39,0,0,50,41,91,28,12,40,131
04/30/2016,HSA,MS,ASO,CE,Federal Contract Tower,1,1,2,1,5,0,0,4,2,6,1,1,6,3,11,0,2,2,13
05/01/2016,HSA,MS,ASO,CE,Federal Contract Tower,0,0,3,1,4,0,0,0,0,0,0,0,3,1,4,0,0,0,4
05/02/2016,HSA,MS,ASO,CE,Federal Contract Tower,0,0,0,5,5,0,0,9,0,9,0,0,9,5,14,18,0,18,32
05/03/2016,HSA,MS,ASO,CE,Federal Contract Tower,0,2,2,46,50,0,0,14,1,15,0,2,16,47,65,44,18,62,127
05/04/2016,HSA,MS,ASO,CE,Federal Contract Tower,0,2,12,31,45,0,0,32,27,59,0,2,44,58,104,32,52,84,188
05/05/2016,HSA,MS,ASO,CE,Federal Contract Tower,0,0,2,18,20,0,0,32,6,38,0,0,34,24,58,79,38,117,175
05/06/2016,HSA,MS,ASO,CE,Federal Contract Tower,0,1,3,24,28,0,0,39,21,60,0,1,42,45,88,82,54,136,224
05/07/2016,HSA,MS,ASO,CE,Federal Contract Tower,0,2,0,2,4,0,0,5,0,5,0,2,5,2,9,0,0,0,9
05/08/2016,HSA,MS,ASO,CE,Federal Contract Tower,0,0,1,0,1,0,0,7,2,9,0,0,8,2,10,10,8,18,28
05/09/2016,HSA,MS,ASO,CE,Federal Contract Tower,0,0,4,25,29,0,0,27,9,36,0,0,31,34,65,10,12,22,87
05/10/2016,HSA,MS,ASO,CE,Federal Contract Tower,0,0,7,36,43,0,0,33,7,40,0,0,40,43,83,18,87,105,188
05/11/2016,HSA,MS,ASO,CE,Federal Contract Tower,0,3,2,41,46,0,0,30,40,70,0,3,32,81,116,8,71,79,195
05/12/2016,HSA,MS,ASO,CE,Federal Contract Tower,0,0,3,42,45,0,0,15,20,35,0,0,18,62,80,0,24,24,104
05/13/2016,HSA,MS,ASO,CE,Federal Contract Tower,0,0,2,20,22,0,0,28,38,66,0,0,30,58,88,34,28,62,150
05/14/2016,HSA,MS,ASO,CE,Federal Contract Tower,0,0,0,0,0,0,0,22,0,22,0,0,22,0,22,24,0,24,46
05/15/2016,HSA,MS,ASO,CE,Federal Contract Tower,0,2,0,2,4,0,0,13,1,14,0,2,13,3,18,12,0,12,30
05/16/2016,HSA,MS,ASO,CE,Federal Contract Tower,0,0,0,32,32,0,0,17,8,25,0,0,17,40,57,4,34,38,95
05/17/2016,HSA,MS,ASO,CE,Federal Contract Tower,0,0,0,39,39,0,0,1,0,1,0,0,1,39,40,0,0,0,40
05/18/2016,HSA,MS,ASO,CE,Federal Contract Tower,0,0,5,33,38,0,0,3,6,9,0,0,8,39,47,0,0,0,47
05/19/2016,HSA,MS,ASO,CE,Federal Contract Tower,0,0,2,29,31,0,0,21,16,37,0,0,23,45,68,24,16,40,108
05/20/2016,HSA,MS,ASO,CE,Federal Contract Tower,0,0,6,20,26,0,0,7,6,13,0,0,13,26,39,14,2,16,55
05/21/2016,HSA,MS,ASO,CE,Federal Contract Tower,0,0,6,0,6,0,0,84,0,84,0,0,90,0,90,0,0,0,90
05/22/2016,HSA,MS,ASO,CE,Federal Contract Tower,0,2,3,1,6,0,0,12,10,22,0,2,15,11,28,8,12,20,48
05/23/2016,HSA,MS,ASO,CE,Federal Contract Tower,0,0,2,37,39,0,0,44,9,53,0,0,46,46,92,18,14,32,124
05/24/2016,HSA,MS,ASO,CE,Federal Contract Tower,0,0,4,58,62,0,0,21,6,27,0,0,25,64,89,4,82,86,175
05/25/2016,HSA,MS,ASO,CE,Federal Contract Tower,0,0,12,34,46,0,0,30,23,53,0,0,42,57,99,24,22,46,145
05/26/2016,HSA,MS,ASO,CE,Federal Contract Tower,0,2,9,31,42,0,0,40,49,89,0,2,49,80,131,9,51,60,191
05/27/2016,HSA,MS,ASO,CE,Federal Contract Tower,0,0,6,0,6,0,0,45,0,45,0,0,51,0,51,8,0,8,59
05/28/2016,HSA,MS,ASO,CE,Federal Contract Tower,0,0,4,0,4,0,0,16,0,16,0,0,20,0,20,2,0,2,22
05/29/2016,HSA,MS,ASO,CE,Federal Contract Tower,0,0,6,0,6,0,0,14,0,14,0,0,20,0,20,16,0,16,36
05/30/2016,HSA,MS,ASO,CE,Federal Contract Tower,0,2,1,0,3,0,0,29,0,29,0,2,30,0,32,8,0,8,40
05/31/2016,HSA,MS,ASO,CE,Federal Contract Tower,0,0,0,11,11,0,0,29,8,37,0,0,29,19,48,22,6,28,76
06/01/2016,HSA,MS,ASO,CE,Federal Contract Tower,0,0,5,22,27,0,0,32,28,60,0,0,37,50,87,14,85,99,186
06/02/2016,HSA,MS,ASO,CE,Federal Contract Tower,0,0,7,26,33,0,0,32,17,49,0,0,39,43,82,6,34,40,122
06/03/2016,HSA,MS,ASO,CE,Federal Contract Tower,0,0,9,28,37,0,0,31,17,48,0,0,40,45,85,18,32,50,135
06/04/2016,HSA,MS,ASO,CE,Federal Contract Tower,0,2,1,0,3,0,0,2,0,2,0,2,3,0,5,0,0,0,5
06/05/2016,HSA,MS,ASO,CE,Federal Contract Tower,0,0,1,2,3,0,0,4,0,4,0,0,5,2,7,6,0,6,13
06/06/2016,HSA,MS,ASO,CE,Federal Contract Tower,0,0,3,7,10,0,0,21,12,33,0,0,24,19,43,8,0,8,51
06/07/2016,HSA,MS,ASO,CE,Federal Contract Tower,0,3,1,13,17,0,0,28,2,30,0,3,29,15,47,14,16,30,77
06/08/2016,HSA,MS,ASO,CE,Federal Contract Tower,0,1,7,22,30,0,0,29,13,42,0,1,36,35,72,18,106,124,196
06/09/2016,HSA,MS,ASO,CE,Federal Contract Tower,0,0,2,52,54,0,0,32,37,69,0,0,34,89,123,9,56,65,188
06/10/2016,HSA,MS,ASO,CE,Federal Contract Tower,0,0,3,11,14,0,0,24,16,40,0,0,27,27,54,18,10,28,82
06/11/2016,HSA,MS,ASO,CE,Federal Contract Tower,0,2,1,0,3,0,0,10,0,10,0,2,11,0,13,18,0,18,31
06/12/2016,HSA,MS,ASO,CE,Federal Contract Tower,0,0,5,0,5,0,0,7,0,7,0,0,12,0,12,0,0,0,12
06/13/2016,HSA,MS,ASO,CE,Federal Contract Tower,0,0,0,11,11,0,0,10,11,21,0,0,10,22,32,8,24,32,64
06/14/2016,HSA,MS,ASO,CE,Federal Contract Tower,0,0,1,21,22,0,0,19,10,29,0,0,20,31,51,48,36,84,135
06/15/2016,HSA,MS,ASO,CE,Federal Contract Tower,0,0,8,31,39,0,0,21,21,42,0,0,29,52,81,0,16,16,97
06/16/2016,HSA,MS,ASO,CE,Federal Contract Tower,0,0,5,50,55,0,0,40,10,50,0,0,45,60,105,0,86,86,191
06/17/2016,HSA,MS,ASO,CE,Federal Contract Tower,0,0,5,32,37,0,0,38,20,58,0,0,43,52,95,4,44,48,143
06/18/2016,HSA,MS,ASO,CE,Federal Contract Tower,0,0,1,0,1,0,0,8,0,8,0,0,9,0,9,16,0,16,25
06/19/2016,HSA,MS,ASO,CE,Federal Contract Tower,0,0,0,0,0,0,0,0,0,0,0,0,0,0,0,12,0,12,12
06/20/2016,HSA,MS,ASO,CE,Federal Contract Tower,0,2,0,34,36,0,0,25,18,43,0,2,25,52,79,2,56,58,137
06/21/2016,HSA,MS,ASO,CE,Federal Contract Tower,0,0,16,46,62,0,0,21,11,32,0,0,37,57,94,28,66,94,188
06/22/2016,HSA,MS,ASO,CE,Federal Contract Tower,0,0,2,77,79,0,0,17,39,56,0,0,19,116,135,0,108,108,243
06/23/2016,HSA,MS,ASO,CE,Federal Contract Tower,0,1,12,46,59,0,0,28,11,39,0,1,40,57,98,22,56,78,176
06/24/2016,HSA,MS,ASO,CE,Federal Contract Tower,0,0,3,29,32,0,0,45,11,56,0,0,48,40,88,49,43,92,180
06/25/2016,HSA,MS,ASO,CE,Federal Contract Tower,0,1,4,4,9,0,0,21,0,21,0,1,25,4,30,20,0,20,50
06/26/2016,HSA,MS,ASO,CE,Federal Contract Tower,0,0,3,0,3,0,0,15,0,15,0,0,18,0,18,0,0,0,18
06/27/2016,HSA,MS,ASO,CE,Federal Contract Tower,0,0,6,14,20,0,0,20,2,22,0,0,26,16,42,14,10,24,66
06/28/2016,HSA,MS,ASO,CE,Federal Contract Tower,0,1,4,10,15,0,0,17,6,23,0,1,21,16,38,6,10,16,54
06/29/2016,HSA,MS,ASO,CE,Federal Contract Tower,0,0,5,25,30,0,0,14,13,27,0,0,19,38,57,6,34,40,97
06/30/2016,HSA,MS,ASO,CE,Federal Contract Tower,0,0,5,18,23,0,0,25,14,39,0,0,30,32,62,18,24,42,104
07/01/2016,HSA,MS,ASO,CE,Federal Contract Tower,0,0,10,23,33,0,0,26,5,31,0,0,36,28,64,8,0,8,72
07/02/2016,HSA,MS,ASO,CE,Federal Contract Tower,0,0,1,0,1,0,0,13,0,13,0,0,14,0,14,12,0,12,26
07/03/2016,HSA,MS,ASO,CE,Federal Contract Tower,0,0,4,0,4,0,0,21,0,21,0,0,25,0,25,6,0,6,31
07/04/2016,HSA,MS,ASO,CE,Federal Contract Tower,0,0,4,0,4,0,0,21,0,21,0,0,25,0,25,0,0,0,25
07/05/2016,HSA,MS,ASO,CE,Federal Contract Tower,0,0,1,12,13,0,0,15,4,19,0,0,16,16,32,4,26,30,62
07/06/2016,HSA,MS,ASO,CE,Federal Contract Tower,0,2,7,9,18,0,0,23,13,36,0,2,30,22,54,24,36,60,114
07/07/2016,HSA,MS,ASO,CE,Federal Contract Tower,0,0,6,17,23,0,0,28,8,36,0,0,34,25,59,38,50,88,147
07/08/2016,HSA,MS,ASO,CE,Federal Contract Tower,0,0,4,28,32,0,0,19,9,28,0,0,23,37,60,32,10,42,102
07/09/2016,HSA,MS,ASO,CE,Federal Contract Tower,0,0,1,3,4,0,0,5,17,22,0,0,6,20,26,0,4,4,30
07/10/2016,HSA,MS,ASO,CE,Federal Contract Tower,0,0,3,0,3,0,0,2,0,2,0,0,5,0,5,0,0,0,5
07/11/2016,HSA,MS,ASO,CE,Federal Contract Tower,0,0,1,10,11,0,0,17,2,19,0,0,18,12,30,18,4,22,52
07/12/2016,HSA,MS,ASO,CE,Federal Contract Tower,0,0,2,21,23,0,0,28,12,40,0,0,30,33,63,24,28,52,115
07/13/2016,HSA,MS,ASO,CE,Federal Contract Tower,0,0,7,16,23,0,0,18,10,28,0,0,25,26,51,20,26,46,97
07/14/2016,HSA,MS,ASO,CE,Federal Contract Tower,0,0,11,19,30,0,0,31,7,38,0,0,42,26,68,6,50,56,124
07/15/2016,HSA,MS,ASO,CE,Federal Contract Tower,0,0,5,8,13,0,0,15,5,20,0,0,20,13,33,20,0,20,53
07/16/2016,HSA,MS,ASO,CE,Federal Contract Tower,0,0,2,0,2,0,0,7,4,11,0,0,9,4,13,4,0,4,17
07/17/2016,HSA,MS,ASO,CE,Federal Contract Tower,0,0,5,1,6,0,0,18,8,26,0,0,23,9,32,18,22,40,72
07/18/2016,HSA,MS,ASO,CE,Federal Contract Tower,0,0,2,24,26,0,0,19,13,32,0,0,21,37,58,36,24,60,118
07/19/2016,HSA,MS,ASO,CE,Federal Contract Tower,0,0,7,28,35,0,0,28,5,33,0,0,35,33,68,10,0,10,78
07/20/2016,HSA,MS,ASO,CE,Federal Contract Tower,0,0,2,26,28,0,0,33,15,48,0,0,35,41,76,0,16,16,92
07/21/2016,HSA,MS,ASO,CE,Federal Contract Tower,0,0,6,30,36,0,0,27,23,50,0,0,33,53,86,16,56,72,158
07/22/2016,HSA,MS,ASO,CE,Federal Contract Tower,0,0,2,5,7,0,0,17,1,18,0,0,19,6,25,16,0,16,41
07/24/2016,HSA,MS,ASO,CE,Federal Contract Tower,0,0,5,0,5,0,0,8,0,8,0,0,13,0,13,36,0,36,49
07/25/2016,HSA,MS,ASO,CE,Federal Contract Tower,0,0,0,24,24,0,0,24,14,38,0,0,24,38,62,0,32,32,94
07/26/2016,HSA,MS,ASO,CE,Federal Contract Tower,0,0,0,4,4,0,0,2,0,2,0,0,2,4,6,0,0,0,6
07/27/2016,HSA,MS,ASO,CE,Federal Contract Tower,0,0,4,3,7,0,0,12,6,18,0,0,16,9,25,44,28,72,97
07/28/2016,HSA,MS,ASO,CE,Federal Contract Tower,0,0,8,27,35,0,0,29,6,35,0,0,37,33,70,2,22,24,94
07/29/2016,HSA,MS,ASO,CE,Federal Contract Tower,0,0,15,21,36,0,0,37,3,40,0,0,52,24,76,0,2,2,78
07/30/2016,HSA,MS,ASO,CE,Federal Contract Tower,0,0,3,1,4,0,0,9,0,9,0,0,12,1,13,0,0,0,13
08/01/2016,HSA,MS,ASO,CE,Federal Contract Tower,0,0,12,27,39,0,0,30,1,31,0,0,42,28,70,64,83,147,217
08/02/2016,HSA,MS,ASO,CE,Federal Contract Tower,0,0,2,5,7,0,0,38,16,54,0,0,40,21,61,44,12,56,117
08/03/2016,HSA,MS,ASO,CE,Federal Contract Tower,0,0,1,7,8,0,0,18,7,25,0,0,19,14,33,0,54,54,87
08/04/2016,HSA,MS,ASO,CE,Federal Contract Tower,0,0,4,5,9,0,0,10,3,13,0,0,14,8,22,0,8,8,30
08/05/2016,HSA,MS,ASO,CE,Federal Contract Tower,0,0,13,14,27,0,0,29,8,37,0,0,42,22,64,12,12,24,88
08/06/2016,HSA,MS,ASO,CE,Federal Contract Tower,0,0,6,2,8,0,0,9,10,19,0,0,15,12,27,0,0,0,27
08/07/2016,HSA,MS,ASO,CE,Federal Contract Tower,0,0,0,8,8,0,0,5,26,31,0,0,5,34,39,0,9,9,48
08/08/2016,HSA,MS,ASO,CE,Federal Contract Tower,0,0,8,15,23,0,0,24,3,27,0,0,32,18,50,12,16,28,78
08/09/2016,HSA,MS,ASO,CE,Federal Contract Tower,0,0,8,37,45,0,0,19,19,38,0,0,27,56,83,2,54,56,139
08/10/2016,HSA,MS,ASO,CE,Federal Contract Tower,0,0,0,10,10,0,0,7,12,19,0,0,7,22,29,12,6,18,47
08/11/2016,HSA,MS,ASO,CE,Federal Contract Tower,0,0,2,3,5,0,0,0,0,0,0,0,2,3,5,0,0,0,5
08/12/2016,HSA,MS,ASO,CE,Federal Contract Tower,0,0,1,1,2,0,0,0,0,0,0,0,1,1,2,0,0,0,2
08/13/2016,HSA,MS,ASO,CE,Federal Contract Tower,0,2,4,3,9,0,0,3,2,5,0,2,7,5,14,0,0,0,14
08/14/2016,HSA,MS,ASO,CE,Federal Contract Tower,2,0,5,4,11,0,0,0,4,4,2,0,5,8,15,0,4,4,19
08/15/2016,HSA,MS,ASO,CE,Federal Contract Tower,0,0,4,36,40,0,0,24,5,29,0,0,28,41,69,14,22,36,105
08/16/2016,HSA,MS,ASO,CE,Federal Contract Tower,0,0,9,65,74,0,18,18,0,36,0,18,27,65,110,24,62,86,196
08/17/2016,HSA,MS,ASO,CE,Federal Contract Tower,0,0,11,25,36,0,0,35,9,44,0,0,46,34,80,6,30,36,116
08/18/2016,HSA,MS,ASO,CE,Federal Contract Tower,0,0,2,44,46,0,0,37,18,55,0,0,39,62,101,30,50,80,181
08/19/2016,HSA,MS,ASO,CE,Federal Contract Tower,0,0,1,20,21,0,0,26,21,47,0,0,27,41,68,0,4,4,72
08/20/2016,HSA,MS,ASO,CE,Federal Contract Tower,0,0,2,0,2,0,0,5,0,5,0,0,7,0,7,2,0,2,9
08/21/2016,HSA,MS,ASO,CE,Federal Contract Tower,0,0,7,10,17,0,0,11,0,11,0,0,18,10,28,10,12,22,50
08/22/2016,HSA,MS,ASO,CE,Federal Contract Tower,0,0,1,26,27,0,0,33,24,57,0,0,34,50,84,32,70,102,186
08/23/2016,HSA,MS,ASO,CE,Federal Contract Tower,0,0,9,29,38,0,0,23,14,37,0,0,32,43,75,28,40,68,143
08/24/2016,HSA,MS,ASO,CE,Federal Contract Tower,0,0,4,24,28,0,0,28,2,30,0,0,32,26,58,6,14,20,78
08/25/2016,HSA,MS,ASO,CE,Federal Contract Tower,0,0,10,29,39,0,0,21,11,32,0,0,31,40,71,0,40,40,111
08/26/2016,HSA,MS,ASO,CE,Federal Contract Tower,0,0,5,14,19,0,0,36,9,45,0,0,41,23,64,24,8,32,96
08/27/2016,HSA,MS,ASO,CE,Federal Contract Tower,0,4,3,2,9,0,0,9,0,9,0,4,12,2,18,10,0,10,28
08/28/2016,HSA,MS,ASO,CE,Federal Contract Tower,0,0,2,0,2,0,0,15,1,16,0,0,17,1,18,10,0,10,28
08/29/2016,HSA,MS,ASO,CE,Federal Contract Tower,0,0,2,18,20,0,0,25,3,28,0,0,27,21,48,14,54,68,116
08/30/2016,HSA,MS,ASO,CE,Federal Contract Tower,0,0,12,30,42,0,0,42,22,64,0,0,54,52,106,42,52,94,200
08/31/2016,HSA,MS,ASO,CE,Federal Contract Tower,0,0,12,30,42,0,0,39,23,62,0,0,51,53,104,28,67,95,199
09/01/2016,HSA,MS,ASO,CE,Federal Contract Tower,0,0,8,19,27,0,0,36,14,50,0,0,44,33,77,4,55,59,136
09/02/2016,HSA,MS,ASO,CE,Federal Contract Tower,0,1,1,6,8,0,0,41,1,42,0,1,42,7,50,32,0,32,82
09/03/2016,HSA,MS,ASO,CE,Federal Contract Tower,0,0,13,2,15,0,0,22,0,22,0,0,35,2,37,10,0,10,47
09/04/2016,HSA,MS,ASO,CE,Federal Contract Tower,0,0,1,0,1,0,0,6,0,6,0,0,7,0,7,34,0,34,41
09/05/2016,HSA,MS,ASO,CE,Federal Contract Tower,0,0,2,0,2,0,0,11,0,11,0,0,13,0,13,0,0,0,13
09/06/2016,HSA,MS,ASO,CE,Federal Contract Tower,0,0,5,28,33,0,0,17,0,17,0,0,22,28,50,38,28,66,116
09/07/2016,HSA,MS,ASO,CE,Federal Contract Tower,0,0,7,57,64,0,0,28,20,48,0,0,35,77,112,54,46,100,212
09/08/2016,HSA,MS,ASO,CE,Federal Contract Tower,0,0,9,33,42,0,0,44,18,62,0,0,53,51,104,48,22,70,174
09/09/2016,HSA,MS,ASO,CE,Federal Contract Tower,0,0,6,47,53,0,0,33,7,40,0,0,39,54,93,40,60,100,193
09/10/2016,HSA,MS,ASO,CE,Federal Contract Tower,0,0,5,10,15,0,0,15,7,22,0,0,20,17,37,6,0,6,43
09/11/2016,HSA,MS,ASO,CE,Federal Contract Tower,0,0,4,1,5,0,0,4,24,28,0,0,8,25,33,0,4,4,37
09/12/2016,HSA,MS,ASO,CE,Federal Contract Tower,0,0,1,14,15,0,0,31,8,39,0,0,32,22,54,16,54,70,124
09/13/2016,HSA,MS,ASO,CE,Federal Contract Tower,0,0,4,11,15,0,0,16,7,23,0,0,20,18,38,32,0,32,70
09/14/2016,HSA,MS,ASO,CE,Federal Contract Tower,0,0,0,23,23,0,0,35,5,40,0,0,35,28,63,24,37,61,124
09/15/2016,HSA,MS,ASO,CE,Federal Contract Tower,0,0,2,47,49,0,0,26,25,51,0,0,28,72,100,20,105,125,225
09/16/2016,HSA,MS,ASO,CE,Federal Contract Tower,0,0,2,20,22,0,0,12,0,12,0,0,14,20,34,8,6,14,48
09/17/2016,HSA,MS,ASO,CE,Federal Contract Tower,0,0,0,0,0,0,0,0,0,0,0,0,0,0,0,0,0,0,0
09/18/2016,HSA,MS,ASO,CE,Federal Contract Tower,0,0,3,0,3,0,0,5,0,5,0,0,8,0,8,0,0,0,8
09/19/2016,HSA,MS,ASO,CE,Federal Contract Tower,0,0,1,14,15,0,0,20,2,22,0,0,21,16,37,22,10,32,69
09/20/2016,HSA,MS,ASO,CE,Federal Contract Tower,0,0,7,31,38,0,0,33,10,43,0,0,40,41,81,54,56,110,191
09/21/2016,HSA,MS,ASO,CE,Federal Contract Tower,0,0,5,32,37,0,0,29,10,39,0,0,34,42,76,10,50,60,136
09/22/2016,HSA,MS,ASO,CE,Federal Contract Tower,0,0,14,27,41,0,0,40,28,68,0,0,54,55,109,24,31,55,164
09/23/2016,HSA,MS,ASO,CE,Federal Contract Tower,0,0,5,14,19,0,0,36,11,47,0,0,41,25,66,20,0,20,86
09/24/2016,HSA,MS,ASO,CE,Federal Contract Tower,0,0,5,4,9,0,0,24,0,24,0,0,29,4,33,14,0,14,47
09/25/2016,HSA,MS,ASO,CE,Federal Contract Tower,0,0,5,1,6,0,0,10,9,19,0,0,15,10,25,0,0,0,25
09/26/2016,HSA,MS,ASO,CE,Federal Contract Tower,0,0,0,19,19,0,0,15,5,20,0,0,15,24,39,12,4,16,55
09/27/2016,HSA,MS,ASO,CE,Federal Contract Tower,0,0,10,30,40,0,0,21,8,29,0,0,31,38,69,6,6,12,81
09/28/2016,HSA,MS,ASO,CE,Federal Contract Tower,0,0,7,39,46,0,0,17,16,33,0,0,24,55,79,16,98,114,193
09/29/2016,HSA,MS,ASO,CE,Federal Contract Tower,0,0,9,34,43,0,0,25,12,37,0,0,34,46,80,14,21,35,115
09/30/2016,HSA,MS,ASO,CE,Federal Contract Tower,0,0,3,36,39,0,0,33,21,54,0,0,36,57,93,22,16,38,131
10/01/2016,HSA,MS,ASO,CE,Federal Contract Tower,0,0,0,0,0,0,0,15,0,15,0,0,15,0,15,18,0,18,33
10/02/2016,HSA,MS,ASO,CE,Federal Contract Tower,0,2,3,4,9,0,0,11,1,12,0,2,14,5,21,0,14,14,35
10/03/2016,HSA,MS,ASO,CE,Federal Contract Tower,0,0,1,56,57,0,0,33,16,49,0,0,34,72,106,22,82,104,210
10/04/2016,HSA,MS,ASO,CE,Federal Contract Tower,0,0,2,29,31,0,0,25,34,59,0,0,27,63,90,10,20,30,120
10/05/2016,HSA,MS,ASO,CE,Federal Contract Tower,0,1,5,68,74,0,0,29,31,60,0,1,34,99,134,12,121,133,267
10/06/2016,HSA,MS,ASO,CE,Federal Contract Tower,0,0,4,33,37,0,0,22,13,35,0,0,26,46,72,20,52,72,144
10/07/2016,HSA,MS,ASO,CE,Federal Contract Tower,0,0,4,21,25,0,0,24,6,30,0,0,28,27,55,16,12,28,83
10/08/2016,HSA,MS,ASO,CE,Federal Contract Tower,0,0,0,8,8,0,0,9,0,9,0,0,9,8,17,6,6,12,29
10/09/2016,HSA,MS,ASO,CE,Federal Contract Tower,0,0,1,3,4,0,0,12,0,12,0,0,13,3,16,0,0,0,16
10/10/2016,HSA,MS,ASO,CE,Federal Contract Tower,0,0,5,0,5,0,0,18,0,18,0,0,23,0,23,16,0,16,39
10/11/2016,HSA,MS,ASO,CE,Federal Contract Tower,0,0,2,33,35,0,0,31,15,46,0,0,33,48,81,24,51,75,156
10/12/2016,HSA,MS,ASO,CE,Federal Contract Tower,0,0,6,22,28,0,0,32,32,64,0,0,38,54,92,18,69,87,179
10/13/2016,HSA,MS,ASO,CE,Federal Contract Tower,0,0,9,40,49,0,0,39,31,70,0,0,48,71,119,18,97,115,234
10/14/2016,HSA,MS,ASO,CE,Federal Contract Tower,0,0,1,32,33,0,0,38,24,62,0,0,39,56,95,24,56,80,175
10/15/2016,HSA,MS,ASO,CE,Federal Contract Tower,0,0,5,1,6,0,0,8,4,12,0,0,13,5,18,20,20,40,58
10/16/2016,HSA,MS,ASO,CE,Federal Contract Tower,0,0,1,6,7,0,0,9,9,18,0,0,10,15,25,10,12,22,47
10/17/2016,HSA,MS,ASO,CE,Federal Contract Tower,0,0,8,51,59,0,0,0,0,0,0,0,8,51,59,12,48,60,119
10/18/2016,HSA,MS,ASO,CE,Federal Contract Tower,0,0,7,45,52,0,0,17,15,32,0,0,24,60,84,6,18,24,108
10/19/2016,HSA,MS,ASO,CE,Federal Contract Tower,0,0,3,19,22,0,0,27,8,35,0,0,30,27,57,16,46,62,119
10/20/2016,HSA,MS,ASO,CE,Federal Contract Tower,0,1,8,45,54,0,0,32,20,52,0,1,40,65,106,42,52,94,200
10/21/2016,HSA,MS,ASO,CE,Federal Contract Tower,0,0,2,37,39,0,0,13,15,28,0,0,15,52,67,16,8,24,91
10/22/2016,HSA,MS,ASO,CE,Federal Contract Tower,0,0,0,6,6,0,0,10,4,14,0,0,10,10,20,2,18,20,40
10/23/2016,HSA,MS,ASO,CE,Federal Contract Tower,0,0,7,2,9,0,0,15,0,15,0,0,22,2,24,8,0,8,32
10/24/2016,HSA,MS,ASO,CE,Federal Contract Tower,0,0,4,54,58,0,0,18,10,28,0,0,22,64,86,18,46,64,150
10/25/2016,HSA,MS,ASO,CE,Federal Contract Tower,0,0,6,80,86,0,0,43,20,63,0,0,49,100,149,12,110,122,271
10/26/2016,HSA,MS,ASO,CE,Federal Contract Tower,0,0,8,51,59,0,0,18,20,38,0,0,26,71,97,26,54,80,177
10/27/2016,HSA,MS,ASO,CE,Federal Contract Tower,0,0,5,48,53,0,0,31,26,57,0,0,36,74,110,24,44,68,178
10/28/2016,HSA,MS,ASO,CE,Federal Contract Tower,0,0,6,30,36,0,0,22,21,43,0,0,28,51,79,0,48,48,127
10/29/2016,HSA,MS,ASO,CE,Federal Contract Tower,0,0,1,2,3,0,0,9,0,9,0,0,10,2,12,4,0,4,16
10/30/2016,HSA,MS,ASO,CE,Federal Contract Tower,0,0,7,4,11,0,0,6,0,6,0,0,13,4,17,8,0,8,25
10/31/2016,HSA,MS,ASO,CE,Federal Contract Tower,0,0,4,23,27,0,0,34,5,39,0,0,38,28,66,32,34,66,132
11/01/2016,HSA,MS,ASO,CE,Federal Contract Tower,0,0,4,25,29,0,0,32,23,55,0,0,36,48,84,18,24,42,126
11/02/2016,HSA,MS,ASO,CE,Federal Contract Tower,0,0,4,56,60,0,0,20,28,48,0,0,24,84,108,29,65,94,202
11/03/2016,HSA,MS,ASO,CE,Federal Contract Tower,0,0,3,44,47,0,0,14,23,37,0,0,17,67,84,26,26,52,136
11/04/2016,HSA,MS,ASO,CE,Federal Contract Tower,0,0,2,42,44,0,0,19,16,35,0,0,21,58,79,8,74,82,161
11/05/2016,HSA,MS,ASO,CE,Federal Contract Tower,0,1,0,2,3,0,0,17,0,17,0,1,17,2,20,10,0,10,30
11/06/2016,HSA,MS,ASO,CE,Federal Contract Tower,0,0,5,5,10,0,0,15,12,27,0,0,20,17,37,6,28,34,71
11/07/2016,HSA,MS,ASO,CE,Federal Contract Tower,0,2,9,11,22,0,0,6,4,10,0,2,15,15,32,70,0,70,102
11/08/2016,HSA,MS,ASO,CE,Federal Contract Tower,0,0,7,15,22,0,0,3,0,3,0,0,10,15,25,10,0,10,35
11/09/2016,HSA,MS,ASO,CE,Federal Contract Tower,0,0,15,32,47,0,0,16,23,39,0,0,31,55,86,6,40,46,132
11/10/2016,HSA,MS,ASO,CE,Federal Contract Tower,0,0,1,20,21,0,0,16,23,39,0,0,17,43,60,25,40,65,125
11/11/2016,HSA,MS,ASO,CE,Federal Contract Tower,0,0,1,1,2,0,0,3,1,4,0,0,4,2,6,8,0,8,14
11/12/2016,HSA,MS,ASO,CE,Federal Contract Tower,0,0,1,1,2,0,0,12,1,13,0,0,13,2,15,24,0,24,39
11/13/2016,HSA,MS,ASO,CE,Federal Contract Tower,0,0,6,0,6,0,0,15,2,17,0,0,21,2,23,16,6,22,45
11/14/2016,HSA,MS,ASO,CE,Federal Contract Tower,0,0,10,16,26,0,0,24,17,41,0,0,34,33,67,44,26,70,137
11/15/2016,HSA,MS,ASO,CE,Federal Contract Tower,0,0,7,42,49,0,0,11,29,40,0,0,18,71,89,32,154,186,275
11/17/2016,HSA,MS,ASO,CE,Federal Contract Tower,0,0,3,39,42,0,0,19,29,48,0,0,22,68,90,38,44,82,172
11/18/2016,HSA,MS,ASO,CE,Federal Contract Tower,1,0,6,51,58,0,0,16,24,40,1,0,22,75,98,8,80,88,186
11/19/2016,HSA,MS,ASO,CE,Federal Contract Tower,0,0,6,6,12,0,0,4,2,6,0,0,10,8,18,0,0,0,18
11/20/2016,HSA,MS,ASO,CE,Federal Contract Tower,0,2,1,3,6,0,5,8,0,13,0,7,9,3,19,0,8,8,27
11/21/2016,HSA,MS,ASO,CE,Federal Contract Tower,0,0,2,44,46,0,0,27,20,47,0,0,29,64,93,46,88,134,227
11/22/2016,HSA,MS,ASO,CE,Federal Contract Tower,0,0,4,53,57,0,0,29,21,50,0,0,33,74,107,14,46,60,167
11/23/2016,HSA,MS,ASO,CE,Federal Contract Tower,0,0,2,7,9,0,0,15,0,15,0,0,17,7,24,12,0,12,36
11/24/2016,HSA,MS,ASO,CE,Federal Contract Tower,0,0,1,0,1,0,0,0,0,0,0,0,1,0,1,0,0,0,1
11/25/2016,HSA,MS,ASO,CE,Federal Contract Tower,0,0,4,0,4,0,0,32,0,32,0,0,36,0,36,54,0,54,90
11/26/2016,HSA,MS,ASO,CE,Federal Contract Tower,0,2,6,0,8,0,0,2,0,2,0,2,8,0,10,4,0,4,14
11/27/2016,HSA,MS,ASO,CE,Federal Contract Tower,0,0,6,1,7,0,0,18,0,18,0,0,24,1,25,0,0,0,25
11/28/2016,HSA,MS,ASO,CE,Federal Contract Tower,0,0,7,62,69,0,0,4,6,10,0,0,11,68,79,52,46,98,177
11/29/2016,HSA,MS,ASO,CE,Federal Contract Tower,0,0,5,32,37,0,0,1,4,5,0,0,6,36,42,0,6,6,48
11/30/2016,HSA,MS,ASO,CE,Federal Contract Tower,0,0,3,10,13,0,0,1,8,9,0,0,4,18,22,44,29,73,95
12/01/2016,HSA,MS,ASO,CE,Federal Contract Tower,0,0,6,61,67,0,0,24,31,55,0,0,30,92,122,34,155,189,311
12/02/2016,HSA,MS,ASO,CE,Federal Contract Tower,0,0,3,46,49,0,0,32,28,60,0,0,35,74,109,72,42,114,223
12/03/2016,HSA,MS,ASO,CE,Federal Contract Tower,0,0,1,2,3,0,0,2,3,5,0,0,3,5,8,12,4,16,24
12/04/2016,HSA,MS,ASO,CE,Federal Contract Tower,0,0,2,0,2,0,0,0,0,0,0,0,2,0,2,0,0,0,2
12/05/2016,HSA,MS,ASO,CE,Federal Contract Tower,0,0,2,1,3,0,0,0,0,0,0,0,2,1,3,0,0,0,3
12/06/2016,HSA,MS,ASO,CE,Federal Contract Tower,0,0,2,71,73,0,0,5,12,17,0,0,7,83,90,32,110,142,232
12/07/2016,HSA,MS,ASO,CE,Federal Contract Tower,0,0,11,56,67,0,0,15,19,34,0,0,26,75,101,8,51,59,160
12/08/2016,HSA,MS,ASO,CE,Federal Contract Tower,0,0,2,27,29,0,0,5,10,15,0,0,7,37,44,2,24,26,70
12/09/2016,HSA,MS,ASO,CE,Federal Contract Tower,0,0,8,51,59,0,0,24,18,42,0,0,32,69,101,6,70,76,177
12/10/2016,HSA,MS,ASO,CE,Federal Contract Tower,0,0,2,6,8,0,0,20,2,22,0,0,22,8,30,0,14,14,44
12/11/2016,HSA,MS,ASO,CE,Federal Contract Tower,0,0,7,19,26,0,0,6,4,10,0,0,13,23,36,0,20,20,56
12/12/2016,HSA,MS,ASO,CE,Federal Contract Tower,0,0,2,33,35,0,0,28,11,39,0,0,30,44,74,16,4,20,94
12/13/2016,HSA,MS,ASO,CE,Federal Contract Tower,0,0,5,7,12,0,0,0,0,0,0,0,5,7,12,0,0,0,12
12/14/2016,HSA,MS,ASO,CE,Federal Contract Tower,0,3,7,8,18,0,0,0,0,0,0,3,7,8,18,0,0,0,18
12/15/2016,HSA,MS,ASO,CE,Federal Contract Tower,0,0,8,43,51,0,0,12,37,49,0,0,20,80,100,4,62,66,166
12/17/2016,HSA,MS,ASO,CE,Federal Contract Tower,0,0,2,2,4,0,0,0,2,2,0,0,2,4,6,0,0,0,6
12/18/2016,HSA,MS,ASO,CE,Federal Contract Tower,0,0,1,0,1,0,0,0,0,0,0,0,1,0,1,0,0,0,1
12/19/2016,HSA,MS,ASO,CE,Federal Contract Tower,0,0,2,13,15,0,0,4,1,5,0,0,6,14,20,0,16,16,36
12/20/2016,HSA,MS,ASO,CE,Federal Contract Tower,0,1,2,31,34,0,0,16,16,32,0,1,18,47,66,12,96,108,174
12/21/2016,HSA,MS,ASO,CE,Federal Contract Tower,0,0,2,27,29,0,0,6,16,22,0,0,8,43,51,14,50,64,115
12/22/2016,HSA,MS,ASO,CE,Federal Contract Tower,0,0,8,17,25,0,0,10,0,10,0,0,18,17,35,26,10,36,71
12/23/2016,HSA,MS,ASO,CE,Federal Contract Tower,0,2,1,0,3,0,0,11,0,11,0,2,12,0,14,8,0,8,22
12/24/2016,HSA,MS,ASO,CE,Federal Contract Tower,0,0,0,0,0,0,0,4,0,4,0,0,4,0,4,0,0,0,4
12/25/2016,HSA,MS,ASO,CE,Federal Contract Tower,0,1,0,0,1,0,0,2,0,2,0,1,2,0,3,0,0,0,3
12/26/2016,HSA,MS,ASO,CE,Federal Contract Tower,0,5,1,0,6,0,0,0,0,0,0,5,1,0,6,0,0,0,6
12/27/2016,HSA,MS,ASO,CE,Federal Contract Tower,0,0,2,0,2,0,0,3,0,3,0,0,5,0,5,0,0,0,5
12/28/2016,HSA,MS,ASO,CE,Federal Contract Tower,0,2,4,4,10,0,0,5,2,7,0,2,9,6,17,6,10,16,33
12/29/2016,HSA,MS,ASO,CE,Federal Contract Tower,0,0,0,2,2,0,0,3,2,5,0,0,3,4,7,0,0,0,7
12/30/2016,HSA,MS,ASO,CE,Federal Contract Tower,0,0,7,0,7,0,0,50,0,50,0,0,57,0,57,16,0,16,73
12/31/2016,HSA,MS,ASO,CE,Federal Contract Tower,0,0,12,0,12,0,0,9,0,9,0,0,21,0,21,0,0,0,21
01/01/2017,HSA,MS,ASO,CE,Federal Contract Tower,0,7,0,0,7,0,0,0,0,0,0,7,0,0,7,6,0,6,13
01/02/2017,HSA,MS,ASO,CE,Federal Contract Tower,0,5,3,0,8,0,23,0,0,23,0,28,3,0,31,0,0,0,31
01/03/2017,HSA,MS,ASO,CE,Federal Contract Tower,0,5,9,13,27,0,0,21,16,37,0,5,30,29,64,26,22,48,112
01/04/2017,HSA,MS,ASO,CE,Federal Contract Tower,0,1,2,24,27,0,2,23,10,35,0,3,25,34,62,32,8,40,102
01/05/2017,HSA,MS,ASO,CE,Federal Contract Tower,0,0,26,21,47,0,0,20,10,30,0,0,46,31,77,12,50,62,139
01/06/2017,HSA,MS,ASO,CE,Federal Contract Tower,0,0,1,0,1,0,0,0,0,0,0,0,1,0,1,0,0,0,1
01/08/2017,HSA,MS,ASO,CE,Federal Contract Tower,0,0,0,2,2,0,0,16,4,20,0,0,16,6,22,0,0,0,22
01/09/2017,HSA,MS,ASO,CE,Federal Contract Tower,0,0,7,43,50,0,0,26,19,45,0,0,33,62,95,28,26,54,149
01/10/2017,HSA,MS,ASO,CE,Federal Contract Tower,1,2,4,50,57,0,0,17,35,52,1,2,21,85,109,42,60,102,211
01/11/2017,HSA,MS,ASO,CE,Federal Contract Tower,0,0,0,32,32,0,0,9,11,20,0,0,9,43,52,18,6,24,76
01/12/2017,HSA,MS,ASO,CE,Federal Contract Tower,0,0,4,57,61,0,0,4,11,15,0,0,8,68,76,18,84,102,178
01/13/2017,HSA,MS,ASO,CE,Federal Contract Tower,0,3,13,38,54,0,0,9,26,35,0,3,22,64,89,2,37,39,128
01/14/2017,HSA,MS,ASO,CE,Federal Contract Tower,0,3,3,0,6,0,0,19,0,19,0,3,22,0,25,28,0,28,53
01/15/2017,HSA,MS,ASO,CE,Federal Contract Tower,0,2,1,3,6,0,0,4,2,6,0,2,5,5,12,0,4,4,16
01/16/2017,HSA,MS,ASO,CE,Federal Contract Tower,0,0,2,1,3,0,0,20,2,22,0,0,22,3,25,18,0,18,43
01/17/2017,HSA,MS,ASO,CE,Federal Contract Tower,0,0,1,40,41,0,0,3,3,6,0,0,4,43,47,0,34,34,81
01/18/2017,HSA,MS,ASO,CE,Federal Contract Tower,0,0,7,22,29,0,0,4,0,4,0,0,11,22,33,7,2,9,42
01/19/2017,HSA,MS,ASO,CE,Federal Contract Tower,0,0,1,0,1,0,0,4,0,4,0,0,5,0,5,2,0,2,7
01/20/2017,HSA,MS,ASO,CE,Federal Contract Tower,0,0,8,42,50,0,0,14,15,29,0,0,22,57,79,10,95,105,184
01/21/2017,HSA,MS,ASO,CE,Federal Contract Tower,0,0,1,3,4,0,0,0,1,1,0,0,1,4,5,0,0,0,5
01/22/2017,HSA,MS,ASO,CE,Federal Contract Tower,0,0,0,1,1,0,0,0,1,1,0,0,0,2,2,0,2,2,4
01/23/2017,HSA,MS,ASO,CE,Federal Contract Tower,0,0,3,24,27,0,0,17,21,38,0,0,20,45,65,14,76,90,155
01/24/2017,HSA,MS,ASO,CE,Federal Contract Tower,0,1,3,62,66,0,0,28,42,70,0,1,31,104,136,48,92,140,276
01/25/2017,HSA,MS,ASO,CE,Federal Contract Tower,0,0,12,49,61,0,0,13,9,22,0,0,25,58,83,18,42,60,143
01/26/2017,HSA,MS,ASO,CE,Federal Contract Tower,0,0,0,41,41,0,0,11,20,31,0,0,11,61,72,10,24,34,106
01/27/2017,HSA,MS,ASO,CE,Federal Contract Tower,0,0,7,29,36,0,0,17,14,31,0,0,24,43,67,6,14,20,87
01/28/2017,HSA,MS,ASO,CE,Federal Contract Tower,0,0,4,2,6,0,0,19,8,27,0,0,23,10,33,4,8,12,45
01/29/2017,HSA,MS,ASO,CE,Federal Contract Tower,0,0,1,0,1,0,0,8,13,21,0,0,9,13,22,0,38,38,60
01/30/2017,HSA,MS,ASO,CE,Federal Contract Tower,0,0,2,59,61,0,0,25,40,65,0,0,27,99,126,38,76,114,240
01/31/2017,HSA,MS,ASO,CE,Federal Contract Tower,0,0,8,66,74,0,0,21,27,48,0,0,29,93,122,24,81,105,227
02/01/2017,HSA,MS,ASO,CE,Federal Contract Tower,0,0,9,44,53,0,0,18,7,25,0,0,27,51,78,14,36,50,128
02/02/2017,HSA,MS,ASO,CE,Federal Contract Tower,0,0,1,17,18,0,0,13,23,36,0,0,14,40,54,8,52,60,114
02/03/2017,HSA,MS,ASO,CE,Federal Contract Tower,0,0,1,10,11,0,0,2,6,8,0,0,3,16,19,0,0,0,19
02/04/2017,HSA,MS,ASO,CE,Federal Contract Tower,0,0,0,2,2,0,0,25,12,37,0,0,25,14,39,12,0,12,51
02/05/2017,HSA,MS,ASO,CE,Federal Contract Tower,0,0,0,0,0,0,0,15,0,15,0,0,15,0,15,18,0,18,33
02/06/2017,HSA,MS,ASO,CE,Federal Contract Tower,0,0,4,51,55,0,0,16,34,50,0,0,20,85,105,34,46,80,185
02/07/2017,HSA,MS,ASO,CE,Federal Contract Tower,0,3,0,19,22,0,0,2,3,5,0,3,2,22,27,0,24,24,51
02/08/2017,HSA,MS,ASO,CE,Federal Contract Tower,0,1,5,23,29,0,0,6,9,15,0,1,11,32,44,0,20,20,64
02/09/2017,HSA,MS,ASO,CE,Federal Contract Tower,0,0,3,23,26,0,0,15,34,49,0,0,18,57,75,12,94,106,181
02/10/2017,HSA,MS,ASO,CE,Federal Contract Tower,0,1,6,37,44,0,0,35,30,65,0,1,41,67,109,16,29,45,154
02/11/2017,HSA,MS,ASO,CE,Federal Contract Tower,0,2,8,0,10,0,0,11,7,18,0,2,19,7,28,10,34,44,72
02/12/2017,HSA,MS,ASO,CE,Federal Contract Tower,0,0,1,6,7,0,0,8,4,12,0,0,9,10,19,0,0,0,19
02/13/2017,HSA,MS,ASO,CE,Federal Contract Tower,0,0,4,42,46,0,0,26,19,45,0,0,30,61,91,32,0,32,123
02/14/2017,HSA,MS,ASO,CE,Federal Contract Tower,0,0,4,62,66,0,0,6,24,30,0,0,10,86,96,28,104,132,228
02/15/2017,HSA,MS,ASO,CE,Federal Contract Tower,0,0,8,34,42,0,0,5,5,10,0,0,13,39,52,8,18,26,78
02/16/2017,HSA,MS,ASO,CE,Federal Contract Tower,0,0,4,35,39,0,0,31,29,60,0,0,35,64,99,52,60,112,211
02/17/2017,HSA,MS,ASO,CE,Federal Contract Tower,0,2,4,8,14,0,0,26,0,26,0,2,30,8,40,6,0,6,46
02/18/2017,HSA,MS,ASO,CE,Federal Contract Tower,0,0,2,15,17,0,0,17,7,24,0,0,19,22,41,24,34,58,99
02/19/2017,HSA,MS,ASO,CE,Federal Contract Tower,0,0,1,6,7,0,0,14,2,16,0,0,15,8,23,0,10,10,33
02/20/2017,HSA,MS,ASO,CE,Federal Contract Tower,0,0,1,0,1,0,0,7,0,7,0,0,8,0,8,62,0,62,70
02/21/2017,HSA,MS,ASO,CE,Federal Contract Tower,0,0,3,40,43,0,0,3,7,10,0,0,6,47,53,16,76,92,145
02/22/2017,HSA,MS,ASO,CE,Federal Contract Tower,0,0,9,65,74,0,0,5,15,20,0,0,14,80,94,14,161,175,269
02/23/2017,HSA,MS,ASO,CE,Federal Contract Tower,0,0,10,63,73,0,32,29,0,61,0,32,39,63,134,14,90,104,238
02/24/2017,HSA,MS,ASO,CE,Federal Contract Tower,0,0,4,41,45,0,0,18,33,51,0,0,22,74,96,4,67,71,167
02/25/2017,HSA,MS,ASO,CE,Federal Contract Tower,0,2,1,14,17,0,0,22,16,38,0,2,23,30,55,24,0,24,79
02/26/2017,HSA,MS,ASO,CE,Federal Contract Tower,0,0,1,0,1,0,0,18,4,22,0,0,19,4,23,4,12,16,39
02/27/2017,HSA,MS,ASO,CE,Federal Contract Tower,0,0,2,19,21,0,0,0,7,7,0,0,2,26,28,0,18,18,46
02/28/2017,HSA,MS,ASO,CE,Federal Contract Tower,0,0,5,25,30,0,0,0,2,2,0,0,5,27,32,0,0,0,32
03/01/2017,HSA,MS,ASO,CE,Federal Contract Tower,0,0,1,20,21,0,0,4,4,8,0,0,5,24,29,0,0,0,29
03/02/2017,HSA,MS,ASO,CE,Federal Contract Tower,0,2,5,22,29,0,0,23,10,33,0,2,28,32,62,18,56,74,136
03/03/2017,HSA,MS,ASO,CE,Federal Contract Tower,0,0,20,32,52,0,0,31,27,58,0,0,51,59,110,14,32,46,156
03/04/2017,HSA,MS,ASO,CE,Federal Contract Tower,0,0,2,3,5,0,0,34,2,36,0,0,36,5,41,18,0,18,59
03/05/2017,HSA,MS,ASO,CE,Federal Contract Tower,0,0,3,4,7,0,0,6,8,14,0,0,9,12,21,50,0,50,71
03/06/2017,HSA,MS,ASO,CE,Federal Contract Tower,0,0,0,43,43,0,0,7,18,25,0,0,7,61,68,14,52,66,134
03/07/2017,HSA,MS,ASO,CE,Federal Contract Tower,0,0,0,28,28,0,0,2,2,4,0,0,2,30,32,14,34,48,80
03/08/2017,HSA,MS,ASO,CE,Federal Contract Tower,0,0,6,30,36,0,0,17,10,27,0,0,23,40,63,10,46,56,119
03/09/2017,HSA,MS,ASO,CE,Federal Contract Tower,0,0,5,24,29,0,0,15,13,28,0,0,20,37,57,14,36,50,107
03/10/2017,HSA,MS,ASO,CE,Federal Contract Tower,0,1,1,12,14,0,0,6,12,18,0,1,7,24,32,14,2,16,48
03/11/2017,HSA,MS,ASO,CE,Federal Contract Tower,0,0,1,6,7,0,0,8,0,8,0,0,9,6,15,26,18,44,59
03/12/2017,HSA,MS,ASO,CE,Federal Contract Tower,0,0,1,2,3,0,0,1,0,1,0,0,2,2,4,2,0,2,6
03/13/2017,HSA,MS,ASO,CE,Federal Contract Tower,0,0,2,15,17,0,0,0,0,0,0,0,2,15,17,0,0,0,17
03/14/2017,HSA,MS,ASO,CE,Federal Contract Tower,0,0,3,27,30,0,0,34,3,37,0,0,37,30,67,20,10,30,97
03/15/2017,HSA,MS,ASO,CE,Federal Contract Tower,0,0,0,45,45,0,0,23,31,54,0,0,23,76,99,6,58,64,163
03/16/2017,HSA,MS,ASO,CE,Federal Contract Tower,0,0,2,63,65,0,0,23,25,48,0,0,25,88,113,4,30,34,147
03/17/2017,HSA,MS,ASO,CE,Federal Contract Tower,0,2,1,45,48,0,0,23,25,48,0,2,24,70,96,0,4,4,100
03/18/2017,HSA,MS,ASO,CE,Federal Contract Tower,0,0,1,10,11,0,0,22,3,25,0,0,23,13,36,22,0,22,58
03/19/2017,HSA,MS,ASO,CE,Federal Contract Tower,0,0,5,10,15,0,0,7,4,11,0,0,12,14,26,0,8,8,34
03/20/2017,HSA,MS,ASO,CE,Federal Contract Tower,0,0,1,52,53,0,0,14,13,27,0,0,15,65,80,12,10,22,102
03/21/2017,HSA,MS,ASO,CE,Federal Contract Tower,0,2,3,45,50,0,0,18,27,45,0,2,21,72,95,2,38,40,135
03/22/2017,HSA,MS,ASO,CE,Federal Contract Tower,0,0,3,27,30,0,0,24,9,33,0,0,27,36,63,38,60,98,161
03/23/2017,HSA,MS,ASO,CE,Federal Contract Tower,0,0,3,79,82,0,0,21,13,34,0,0,24,92,116,6,60,66,182
03/24/2017,HSA,MS,ASO,CE,Federal Contract Tower,0,1,2,21,24,0,0,1,12,13,0,1,3,33,37,0,0,0,37
03/25/2017,HSA,MS,ASO,CE,Federal Contract Tower,0,0,1,0,1,0,0,0,0,0,0,0,1,0,1,0,0,0,1
03/26/2017,HSA,MS,ASO,CE,Federal Contract Tower,0,2,2,15,19,0,0,5,11,16,0,2,7,26,35,4,8,12,47
03/27/2017,HSA,MS,ASO,CE,Federal Contract Tower,0,0,1,41,42,0,0,13,5,18,0,0,14,46,60,44,12,56,116
03/28/2017,HSA,MS,ASO,CE,Federal Contract Tower,0,0,2,50,52,0,0,22,27,49,0,0,24,77,101,34,62,96,197
03/29/2017,HSA,MS,ASO,CE,Federal Contract Tower,0,0,1,46,47,0,0,28,12,40,0,0,29,58,87,40,64,104,191
03/30/2017,HSA,MS,ASO,CE,Federal Contract Tower,0,0,0,0,0,0,0,0,0,0,0,0,0,0,0,0,0,0,0
03/31/2017,HSA,MS,ASO,CE,Federal Contract Tower,0,0,3,52,55,0,0,35,49,84,0,0,38,101,139,62,48,110,249
04/01/2017,HSA,MS,ASO,CE,Federal Contract Tower,0,0,1,7,8,0,0,27,3,30,0,0,28,10,38,22,0,22,60
04/02/2017,HSA,MS,ASO,CE,Federal Contract Tower,0,0,0,8,8,0,0,1,6,7,0,0,1,14,15,10,4,14,29
04/03/2017,HSA,MS,ASO,CE,Federal Contract Tower,0,0,0,8,8,0,0,5,0,5,0,0,5,8,13,0,0,0,13
04/04/2017,HSA,MS,ASO,CE,Federal Contract Tower,0,0,6,49,55,0,0,32,34,66,0,0,38,83,121,26,28,54,175
04/05/2017,HSA,MS,ASO,CE,Federal Contract Tower,0,0,3,7,10,0,0,3,3,6,0,0,6,10,16,0,0,0,16
04/06/2017,HSA,MS,ASO,CE,Federal Contract Tower,0,1,1,33,35,0,0,32,32,64,0,1,33,65,99,22,62,84,183
04/07/2017,HSA,MS,ASO,CE,Federal Contract Tower,0,0,5,38,43,0,0,41,36,77,0,0,46,74,120,27,75,102,222
04/08/2017,HSA,MS,ASO,CE,Federal Contract Tower,0,5,0,0,5,0,0,17,3,20,0,5,17,3,25,24,14,38,63
04/09/2017,HSA,MS,ASO,CE,Federal Contract Tower,0,2,2,0,4,0,0,11,3,14,0,2,13,3,18,2,6,8,26
04/10/2017,HSA,MS,ASO,CE,Federal Contract Tower,1,3,2,45,51,0,0,69,14,83,1,3,71,59,134,26,50,76,210
04/11/2017,HSA,MS,ASO,CE,Federal Contract Tower,0,0,5,35,40,0,0,25,30,55,0,0,30,65,95,22,42,64,159
04/12/2017,HSA,MS,ASO,CE,Federal Contract Tower,0,2,6,68,76,0,0,22,19,41,0,2,28,87,117,22,90,112,229
04/13/2017,HSA,MS,ASO,CE,Federal Contract Tower,0,0,7,31,38,0,0,28,24,52,0,0,35,55,90,46,42,88,178
04/14/2017,HSA,MS,ASO,CE,Federal Contract Tower,0,0,13,0,13,0,0,17,0,17,0,0,30,0,30,10,0,10,40
04/15/2017,HSA,MS,ASO,CE,Federal Contract Tower,0,0,1,0,1,0,0,6,0,6,0,0,7,0,7,0,0,0,7
04/16/2017,HSA,MS,ASO,CE,Federal Contract Tower,0,0,1,0,1,0,0,4,0,4,0,0,5,0,5,0,0,0,5
04/17/2017,HSA,MS,ASO,CE,Federal Contract Tower,0,0,4,24,28,0,0,22,12,34,0,0,26,36,62,26,12,38,100
04/18/2017,HSA,MS,ASO,CE,Federal Contract Tower,0,0,3,75,78,0,0,20,27,47,0,0,23,102,125,6,74,80,205
04/19/2017,HSA,MS,ASO,CE,Federal Contract Tower,0,0,9,42,51,0,0,33,25,58,0,0,42,67,109,6,60,66,175
04/20/2017,HSA,MS,ASO,CE,Federal Contract Tower,0,0,4,52,56,0,0,24,12,36,0,0,28,64,92,4,46,50,142
04/21/2017,HSA,MS,ASO,CE,Federal Contract Tower,0,0,3,23,26,0,0,26,10,36,0,0,29,33,62,12,16,28,90
04/22/2017,HSA,MS,ASO,CE,Federal Contract Tower,0,0,0,10,10,0,0,14,3,17,0,0,14,13,27,8,0,8,35
04/23/2017,HSA,MS,ASO,CE,Federal Contract Tower,0,0,3,2,5,0,0,3,0,3,0,0,6,2,8,0,0,0,8
04/24/2017,HSA,MS,ASO,CE,Federal Contract Tower,0,1,5,47,53,0,0,28,17,45,0,1,33,64,98,0,88,88,186
04/25/2017,HSA,MS,ASO,CE,Federal Contract Tower,0,0,2,42,44,0,0,51,33,84,0,0,53,75,128,14,48,62,190
04/26/2017,HSA,MS,ASO,CE,Federal Contract Tower,0,0,10,43,53,0,0,12,13,25,0,0,22,56,78,0,6,6,84
04/27/2017,HSA,MS,ASO,CE,Federal Contract Tower,0,4,8,49,61,0,0,30,23,53,0,4,38,72,114,44,82,126,240
04/28/2017,HSA,MS,ASO,CE,Federal Contract Tower,0,0,7,62,69,0,0,5,2,7,0,0,12,64,76,0,0,0,76
04/29/2017,HSA,MS,ASO,CE,Federal Contract Tower,0,0,3,1,4,0,0,1,0,1,0,0,4,1,5,0,0,0,5
04/30/2017,HSA,MS,ASO,CE,Federal Contract Tower,0,0,0,3,3,0,0,0,0,0,0,0,0,3,3,0,0,0,3
05/01/2017,HSA,MS,ASO,CE,Federal Contract Tower,0,0,4,34,38,0,0,36,21,57,0,0,40,55,95,46,56,102,197
05/02/2017,HSA,MS,ASO,CE,Federal Contract Tower,0,0,4,53,57,0,0,36,34,70,0,0,40,87,127,52,60,112,239
05/03/2017,HSA,MS,ASO,CE,Federal Contract Tower,0,0,4,27,31,0,0,16,3,19,0,0,20,30,50,6,42,48,98
05/04/2017,HSA,MS,ASO,CE,Federal Contract Tower,0,2,5,24,31,0,0,6,1,7,0,2,11,25,38,0,8,8,46
05/05/2017,HSA,MS,ASO,CE,Federal Contract Tower,0,0,4,38,42,0,0,14,15,29,0,0,18,53,71,0,59,59,130
05/06/2017,HSA,MS,ASO,CE,Federal Contract Tower,0,0,0,0,0,0,0,25,0,25,0,0,25,0,25,56,0,56,81
05/07/2017,HSA,MS,ASO,CE,Federal Contract Tower,0,0,3,0,3,0,0,12,20,32,0,0,15,20,35,22,0,22,57
05/08/2017,HSA,MS,ASO,CE,Federal Contract Tower,0,2,0,41,43,0,0,41,18,59,0,2,41,59,102,36,38,74,176
05/09/2017,HSA,MS,ASO,CE,Federal Contract Tower,0,0,2,29,31,0,0,35,13,48,0,0,37,42,79,22,114,136,215
05/10/2017,HSA,MS,ASO,CE,Federal Contract Tower,0,0,8,41,49,0,0,37,20,57,0,0,45,61,106,54,76,130,236
05/11/2017,HSA,MS,ASO,CE,Federal Contract Tower,0,0,9,45,54,0,0,38,15,53,0,0,47,60,107,16,84,100,207
05/12/2017,HSA,MS,ASO,CE,Federal Contract Tower,0,2,1,0,3,0,0,5,0,5,0,2,6,0,8,0,0,0,8
05/13/2017,HSA,MS,ASO,CE,Federal Contract Tower,0,0,4,2,6,0,0,9,0,9,0,0,13,2,15,36,0,36,51
05/14/2017,HSA,MS,ASO,CE,Federal Contract Tower,0,0,1,7,8,0,0,7,1,8,0,0,8,8,16,22,4,26,42
05/15/2017,HSA,MS,ASO,CE,Federal Contract Tower,0,0,11,43,54,0,0,37,26,63,0,0,48,69,117,46,34,80,197
05/16/2017,HSA,MS,ASO,CE,Federal Contract Tower,0,0,12,52,64,0,0,41,45,86,0,0,53,97,150,48,120,168,318
05/17/2017,HSA,MS,ASO,CE,Federal Contract Tower,0,0,3,37,40,0,0,22,17,39,0,0,25,54,79,48,64,112,191
05/18/2017,HSA,MS,ASO,CE,Federal Contract Tower,0,0,6,31,37,0,0,17,1,18,0,0,23,32,55,0,6,6,61
05/19/2017,HSA,MS,ASO,CE,Federal Contract Tower,0,0,11,50,61,0,0,39,15,54,0,0,50,65,115,6,52,58,173
05/20/2017,HSA,MS,ASO,CE,Federal Contract Tower,0,2,1,1,4,0,0,3,1,4,0,2,4,2,8,0,0,0,8
05/21/2017,HSA,MS,ASO,CE,Federal Contract Tower,0,1,0,0,1,0,0,2,0,2,0,1,2,0,3,0,0,0,3
05/22/2017,HSA,MS,ASO,CE,Federal Contract Tower,0,2,9,10,21,0,0,11,0,11,0,2,20,10,32,2,0,2,34
05/23/2017,HSA,MS,ASO,CE,Federal Contract Tower,0,3,6,47,56,0,0,11,14,25,0,3,17,61,81,0,50,50,131
05/24/2017,HSA,MS,ASO,CE,Federal Contract Tower,0,0,3,32,35,0,0,19,18,37,0,0,22,50,72,10,20,30,102
05/25/2017,HSA,MS,ASO,CE,Federal Contract Tower,0,0,1,23,24,0,0,63,36,99,0,0,64,59,123,44,81,125,248
05/26/2017,HSA,MS,ASO,CE,Federal Contract Tower,0,2,5,0,7,0,0,31,0,31,0,2,36,0,38,0,0,0,38
05/27/2017,HSA,MS,ASO,CE,Federal Contract Tower,0,0,0,0,0,0,0,9,0,9,0,0,9,0,9,10,0,10,19
05/28/2017,HSA,MS,ASO,CE,Federal Contract Tower,0,0,3,0,3,0,0,5,0,5,0,0,8,0,8,0,0,0,8
05/29/2017,HSA,MS,ASO,CE,Federal Contract Tower,0,0,0,0,0,0,0,8,0,8,0,0,8,0,8,0,0,0,8
05/30/2017,HSA,MS,ASO,CE,Federal Contract Tower,0,0,1,6,7,0,0,22,2,24,0,0,23,8,31,34,0,34,65
05/31/2017,HSA,MS,ASO,CE,Federal Contract Tower,0,0,1,9,10,0,0,10,1,11,0,0,11,10,21,18,0,18,39
06/01/2017,HSA,MS,ASO,CE,Federal Contract Tower,0,1,1,10,12,0,0,14,7,21,0,1,15,17,33,51,2,53,86
06/02/2017,HSA,MS,ASO,CE,Federal Contract Tower,0,4,0,29,33,0,0,31,16,47,0,4,31,45,80,86,18,104,184
06/03/2017,HSA,MS,ASO,CE,Federal Contract Tower,0,1,1,6,8,0,0,2,0,2,0,1,3,6,10,0,0,0,10
06/04/2017,HSA,MS,ASO,CE,Federal Contract Tower,0,2,4,2,8,0,0,4,0,4,0,2,8,2,12,18,0,18,30
06/05/2017,HSA,MS,ASO,CE,Federal Contract Tower,0,0,0,18,18,0,0,18,0,18,0,0,18,18,36,34,28,62,98
06/06/2017,HSA,MS,ASO,CE,Federal Contract Tower,0,0,7,0,7,0,0,15,0,15,0,0,22,0,22,2,0,2,24
06/07/2017,HSA,MS,ASO,CE,Federal Contract Tower,0,0,1,37,38,0,0,37,11,48,0,0,38,48,86,20,22,42,128
06/08/2017,HSA,MS,ASO,CE,Federal Contract Tower,0,2,4,12,18,0,0,30,21,51,0,2,34,33,69,20,48,68,137
06/09/2017,HSA,MS,ASO,CE,Federal Contract Tower,0,0,12,21,33,0,0,40,19,59,0,0,52,40,92,30,40,70,162
06/10/2017,HSA,MS,ASO,CE,Federal Contract Tower,0,0,2,3,5,0,0,11,4,15,0,0,13,7,20,0,0,0,20
06/12/2017,HSA,MS,ASO,CE,Federal Contract Tower,0,0,2,11,13,0,0,30,18,48,0,0,32,29,61,30,26,56,117
06/13/2017,HSA,MS,ASO,CE,Federal Contract Tower,0,0,0,21,21,0,0,22,3,25,0,0,22,24,46,40,28,68,114
06/14/2017,HSA,MS,ASO,CE,Federal Contract Tower,0,2,2,15,19,0,0,29,4,33,0,2,31,19,52,10,58,68,120
06/15/2017,HSA,MS,ASO,CE,Federal Contract Tower,0,0,2,30,32,0,0,24,13,37,0,0,26,43,69,24,82,106,175
06/16/2017,HSA,MS,ASO,CE,Federal Contract Tower,0,1,0,45,46,0,0,32,29,61,0,1,32,74,107,76,89,165,272
06/17/2017,HSA,MS,ASO,CE,Federal Contract Tower,0,1,3,0,4,0,0,22,2,24,0,1,25,2,28,46,0,46,74
06/18/2017,HSA,MS,ASO,CE,Federal Contract Tower,0,3,1,2,6,0,0,9,0,9,0,3,10,2,15,8,0,8,23
06/19/2017,HSA,MS,ASO,CE,Federal Contract Tower,0,1,1,40,42,0,0,46,19,65,0,1,47,59,107,48,52,100,207
06/20/2017,HSA,MS,ASO,CE,Federal Contract Tower,0,0,3,0,3,0,0,0,0,0,0,0,3,0,3,0,0,0,3
06/21/2017,HSA,MS,ASO,CE,Federal Contract Tower,0,0,0,0,0,0,0,0,0,0,0,0,0,0,0,0,0,0,0
06/22/2017,HSA,MS,ASO,CE,Federal Contract Tower,0,0,0,0,0,0,0,0,0,0,0,0,0,0,0,0,0,0,0
06/23/2017,HSA,MS,ASO,CE,Federal Contract Tower,0,0,1,32,33,0,0,8,9,17,0,0,9,41,50,6,14,20,70
06/24/2017,HSA,MS,ASO,CE,Federal Contract Tower,0,0,1,2,3,0,0,2,2,4,0,0,3,4,7,18,0,18,25
06/25/2017,HSA,MS,ASO,CE,Federal Contract Tower,0,0,0,7,7,0,0,8,4,12,0,0,8,11,19,8,0,8,27
06/26/2017,HSA,MS,ASO,CE,Federal Contract Tower,0,0,6,25,31,0,0,58,22,80,0,0,64,47,111,58,90,148,259
06/27/2017,HSA,MS,ASO,CE,Federal Contract Tower,0,0,2,50,52,0,0,42,28,70,0,0,44,78,122,36,62,98,220
06/28/2017,HSA,MS,ASO,CE,Federal Contract Tower,0,0,9,6,15,0,0,17,7,24,0,0,26,13,39,50,82,132,171
06/29/2017,HSA,MS,ASO,CE,Federal Contract Tower,0,0,5,3,8,0,0,2,0,2,0,0,7,3,10,0,8,8,18
06/30/2017,HSA,MS,ASO,CE,Federal Contract Tower,0,0,4,31,35,0,0,20,10,30,0,0,24,41,65,22,67,89,154
07/01/2017,HSA,MS,ASO,CE,Federal Contract Tower,0,0,0,0,0,0,0,16,0,16,0,0,16,0,16,43,0,43,59
07/02/2017,HSA,MS,ASO,CE,Federal Contract Tower,0,0,0,1,1,0,0,12,1,13,0,0,12,2,14,20,12,32,46
07/03/2017,HSA,MS,ASO,CE,Federal Contract Tower,0,0,1,1,2,0,0,14,2,16,0,0,15,3,18,30,10,40,58
07/04/2017,HSA,MS,ASO,CE,Federal Contract Tower,0,0,0,0,0,0,0,4,0,4,0,0,4,0,4,0,0,0,4
07/05/2017,HSA,MS,ASO,CE,Federal Contract Tower,0,0,6,21,27,0,0,0,0,0,0,0,6,21,27,20,62,82,109
07/06/2017,HSA,MS,ASO,CE,Federal Contract Tower,0,0,3,26,29,0,0,34,15,49,0,0,37,41,78,32,18,50,128
07/07/2017,HSA,MS,ASO,CE,Federal Contract Tower,0,0,4,24,28,0,0,34,14,48,0,0,38,38,76,70,34,104,180
07/08/2017,HSA,MS,ASO,CE,Federal Contract Tower,0,0,0,3,3,0,0,9,2,11,0,0,9,5,14,0,0,0,14
07/09/2017,HSA,MS,ASO,CE,Federal Contract Tower,0,0,1,7,8,0,0,0,2,2,0,0,1,9,10,0,16,16,26
07/10/2017,HSA,MS,ASO,CE,Federal Contract Tower,0,0,1,45,46,0,0,29,24,53,0,0,30,69,99,22,98,120,219
07/11/2017,HSA,MS,ASO,CE,Federal Contract Tower,0,0,3,58,61,0,0,20,31,51,0,0,23,89,112,0,48,48,160
07/12/2017,HSA,MS,ASO,CE,Federal Contract Tower,0,0,2,26,28,0,0,17,17,34,0,0,19,43,62,4,60,64,126
07/13/2017,HSA,MS,ASO,CE,Federal Contract Tower,0,0,3,17,20,0,0,17,21,38,0,0,20,38,58,10,30,40,98
07/14/2017,HSA,MS,ASO,CE,Federal Contract Tower,0,0,2,21,23,0,0,32,5,37,0,0,34,26,60,36,28,64,124
07/15/2017,HSA,MS,ASO,CE,Federal Contract Tower,0,0,1,1,2,0,0,16,1,17,0,0,17,2,19,9,0,9,28
07/16/2017,HSA,MS,ASO,CE,Federal Contract Tower,0,0,0,0,0,0,0,21,0,21,0,0,21,0,21,10,0,10,31
07/17/2017,HSA,MS,ASO,CE,Federal Contract Tower,0,0,0,29,29,0,0,21,7,28,0,0,21,36,57,4,40,44,101
07/18/2017,HSA,MS,ASO,CE,Federal Contract Tower,0,0,8,7,15,0,0,23,18,41,0,0,31,25,56,34,22,56,112
07/19/2017,HSA,MS,ASO,CE,Federal Contract Tower,0,0,0,36,36,0,0,37,12,49,0,0,37,48,85,48,64,112,197
07/20/2017,HSA,MS,ASO,CE,Federal Contract Tower,0,0,4,30,34,0,0,44,28,72,0,0,48,58,106,54,92,146,252
07/21/2017,HSA,MS,ASO,CE,Federal Contract Tower,0,2,7,13,22,0,0,35,6,41,0,2,42,19,63,2,0,2,65
07/22/2017,HSA,MS,ASO,CE,Federal Contract Tower,0,1,0,2,3,0,0,12,2,14,0,1,12,4,17,28,8,36,53
07/23/2017,HSA,MS,ASO,CE,Federal Contract Tower,0,1,3,0,4,0,0,7,0,7,0,1,10,0,11,22,0,22,33
07/24/2017,HSA,MS,ASO,CE,Federal Contract Tower,0,0,0,8,8,0,0,13,0,13,0,0,13,8,21,0,0,0,21
07/25/2017,HSA,MS,ASO,CE,Federal Contract Tower,0,0,11,16,27,0,0,30,0,30,0,0,41,16,57,38,38,76,133
07/26/2017,HSA,MS,ASO,CE,Federal Contract Tower,0,0,2,25,27,0,0,29,13,42,0,0,31,38,69,12,24,36,105
07/27/2017,HSA,MS,ASO,CE,Federal Contract Tower,0,0,5,32,37,0,0,28,28,56,0,0,33,60,93,24,44,68,161
07/28/2017,HSA,MS,ASO,CE,Federal Contract Tower,0,0,2,49,51,0,0,48,32,80,0,0,50,81,131,46,12,58,189
07/29/2017,HSA,MS,ASO,CE,Federal Contract Tower,0,0,1,2,3,0,0,2,0,2,0,0,3,2,5,0,0,0,5
07/30/2017,HSA,MS,ASO,CE,Federal Contract Tower,0,0,3,8,11,0,0,15,3,18,0,0,18,11,29,26,4,30,59
07/31/2017,HSA,MS,ASO,CE,Federal Contract Tower,0,0,3,54,57,0,0,49,31,80,0,0,52,85,137,38,64,102,239
08/01/2017,HSA,MS,ASO,CE,Federal Contract Tower,0,0,3,31,34,0,0,49,34,83,0,0,52,65,117,28,100,128,245
08/02/2017,HSA,MS,ASO,CE,Federal Contract Tower,0,0,3,35,38,0,0,42,21,63,0,0,45,56,101,2,76,78,179
08/03/2017,HSA,MS,ASO,CE,Federal Contract Tower,0,0,1,2,3,0,0,12,4,16,0,0,13,6,19,0,4,4,23
08/04/2017,HSA,MS,ASO,CE,Federal Contract Tower,0,0,2,12,14,0,0,2,2,4,0,0,4,14,18,0,0,0,18
08/05/2017,HSA,MS,ASO,CE,Federal Contract Tower,0,0,2,2,4,0,0,2,0,2,0,0,4,2,6,0,0,0,6
08/06/2017,HSA,MS,ASO,CE,Federal Contract Tower,0,1,8,1,10,0,0,16,2,18,0,1,24,3,28,12,12,24,52
08/07/2017,HSA,MS,ASO,CE,Federal Contract Tower,0,0,1,51,52,0,0,34,18,52,0,0,35,69,104,26,42,68,172
08/08/2017,HSA,MS,ASO,CE,Federal Contract Tower,0,1,4,36,41,0,0,40,34,74,0,1,44,70,115,40,48,88,203
08/09/2017,HSA,MS,ASO,CE,Federal Contract Tower,0,1,5,60,66,0,0,21,19,40,0,1,26,79,106,4,72,76,182
08/10/2017,HSA,MS,ASO,CE,Federal Contract Tower,0,0,3,7,10,0,0,29,1,30,0,0,32,8,40,28,0,28,68
08/11/2017,HSA,MS,ASO,CE,Federal Contract Tower,0,0,0,12,12,0,0,25,4,29,0,0,25,16,41,6,12,18,59
08/12/2017,HSA,MS,ASO,CE,Federal Contract Tower,0,2,3,2,7,0,0,11,12,23,0,2,14,14,30,10,10,20,50
08/13/2017,HSA,MS,ASO,CE,Federal Contract Tower,0,0,2,5,7,0,0,8,2,10,0,0,10,7,17,12,0,12,29
08/14/2017,HSA,MS,ASO,CE,Federal Contract Tower,0,0,10,32,42,0,0,36,11,47,0,0,46,43,89,18,60,78,167
08/15/2017,HSA,MS,ASO,CE,Federal Contract Tower,0,0,1,25,26,0,0,21,20,41,0,0,22,45,67,10,42,52,119
08/16/2017,HSA,MS,ASO,CE,Federal Contract Tower,0,0,12,18,30,0,0,32,17,49,0,0,44,35,79,24,46,70,149
08/17/2017,HSA,MS,ASO,CE,Federal Contract Tower,0,0,4,40,44,0,0,45,13,58,0,0,49,53,102,70,60,130,232
08/18/2017,HSA,MS,ASO,CE,Federal Contract Tower,0,0,10,17,27,0,0,41,9,50,0,0,51,26,77,14,4,18,95
08/19/2017,HSA,MS,ASO,CE,Federal Contract Tower,0,0,0,1,1,0,0,17,4,21,0,0,17,5,22,8,0,8,30
08/20/2017,HSA,MS,ASO,CE,Federal Contract Tower,0,0,4,3,7,0,0,13,1,14,0,0,17,4,21,10,0,10,31
08/21/2017,HSA,MS,ASO,CE,Federal Contract Tower,0,1,2,24,27,0,0,20,9,29,0,1,22,33,56,72,10,82,138
08/22/2017,HSA,MS,ASO,CE,Federal Contract Tower,0,1,9,51,61,0,0,39,23,62,0,1,48,74,123,32,86,118,241
08/23/2017,HSA,MS,ASO,CE,Federal Contract Tower,0,0,3,37,40,0,0,30,21,51,0,0,33,58,91,8,50,58,149
08/24/2017,HSA,MS,ASO,CE,Federal Contract Tower,0,2,6,18,26,0,0,40,22,62,0,2,46,40,88,40,10,50,138
08/25/2017,HSA,MS,ASO,CE,Federal Contract Tower,0,0,1,15,16,0,0,19,14,33,0,0,20,29,49,0,0,0,49
08/26/2017,HSA,MS,ASO,CE,Federal Contract Tower,0,0,0,2,2,0,0,4,3,7,0,0,4,5,9,8,0,8,17
08/27/2017,HSA,MS,ASO,CE,Federal Contract Tower,0,0,0,0,0,0,0,12,0,12,0,0,12,0,12,0,0,0,12
08/28/2017,HSA,MS,ASO,CE,Federal Contract Tower,0,0,0,0,0,0,0,6,2,8,0,0,6,2,8,0,0,0,8
08/29/2017,HSA,MS,ASO,CE,Federal Contract Tower,0,0,0,1,1,0,0,0,0,0,0,0,0,1,1,0,0,0,1
08/30/2017,HSA,MS,ASO,CE,Federal Contract Tower,0,0,2,0,2,0,0,5,0,5,0,0,7,0,7,4,2,6,13
08/31/2017,HSA,MS,ASO,CE,Federal Contract Tower,0,0,4,3,7,0,0,4,0,4,0,0,8,3,11,0,0,0,11
09/01/2017,HSA,MS,ASO,CE,Federal Contract Tower,0,0,2,5,7,0,0,11,0,11,0,0,13,5,18,0,0,0,18
09/02/2017,HSA,MS,ASO,CE,Federal Contract Tower,0,0,0,2,2,0,0,29,0,29,0,0,29,2,31,34,0,34,65
09/03/2017,HSA,MS,ASO,CE,Federal Contract Tower,0,0,1,0,1,0,0,12,2,14,0,0,13,2,15,2,0,2,17
09/04/2017,HSA,MS,ASO,CE,Federal Contract Tower,0,0,3,0,3,0,0,20,0,20,0,0,23,0,23,10,0,10,33
09/05/2017,HSA,MS,ASO,CE,Federal Contract Tower,0,0,4,14,18,0,0,29,27,56,0,0,33,41,74,16,28,44,118
09/06/2017,HSA,MS,ASO,CE,Federal Contract Tower,0,0,13,38,51,0,0,16,5,21,0,0,29,43,72,0,21,21,93
09/07/2017,HSA,MS,ASO,CE,Federal Contract Tower,0,0,7,27,34,0,0,29,16,45,0,0,36,43,79,40,36,76,155
09/08/2017,HSA,MS,ASO,CE,Federal Contract Tower,0,0,8,33,41,0,0,41,14,55,0,0,49,47,96,55,22,77,173
09/09/2017,HSA,MS,ASO,CE,Federal Contract Tower,0,0,5,1,6,0,0,30,5,35,0,0,35,6,41,0,1,1,42
09/10/2017,HSA,MS,ASO,CE,Federal Contract Tower,0,0,0,2,2,0,0,2,5,7,0,0,2,7,9,0,0,0,9
09/11/2017,HSA,MS,ASO,CE,Federal Contract Tower,0,1,2,6,9,0,0,31,5,36,0,1,33,11,45,10,20,30,75
09/12/2017,HSA,MS,ASO,CE,Federal Contract Tower,0,0,6,39,45,0,0,19,52,71,0,0,25,91,116,10,70,80,196
09/13/2017,HSA,MS,ASO,CE,Federal Contract Tower,0,2,3,77,82,0,0,19,25,44,0,2,22,102,126,6,70,76,202
09/14/2017,HSA,MS,ASO,CE,Federal Contract Tower,0,0,2,47,49,0,0,24,25,49,0,0,26,72,98,18,24,42,140
09/15/2017,HSA,MS,ASO,CE,Federal Contract Tower,0,0,2,18,20,0,0,33,19,52,0,0,35,37,72,12,36,48,120
09/16/2017,HSA,MS,ASO,CE,Federal Contract Tower,0,0,3,4,7,0,0,2,0,2,0,0,5,4,9,0,0,0,9
09/17/2017,HSA,MS,ASO,CE,Federal Contract Tower,0,0,2,4,6,0,0,17,10,27,0,0,19,14,33,0,8,8,41
09/18/2017,HSA,MS,ASO,CE,Federal Contract Tower,0,0,21,35,56,0,0,30,15,45,0,0,51,50,101,50,56,106,207
09/19/2017,HSA,MS,ASO,CE,Federal Contract Tower,0,0,5,34,39,0,0,26,18,44,0,0,31,52,83,38,32,70,153
09/20/2017,HSA,MS,ASO,CE,Federal Contract Tower,0,2,9,33,44,0,0,26,13,39,0,2,35,46,83,14,44,58,141
09/21/2017,HSA,MS,ASO,CE,Federal Contract Tower,0,0,2,33,35,0,0,27,12,39,0,0,29,45,74,12,32,44,118
09/22/2017,HSA,MS,ASO,CE,Federal Contract Tower,0,0,2,59,61,0,0,34,23,57,0,0,36,82,118,12,28,40,158
09/23/2017,HSA,MS,ASO,CE,Federal Contract Tower,0,0,6,1,7,0,0,24,2,26,0,0,30,3,33,20,6,26,59
09/24/2017,HSA,MS,ASO,CE,Federal Contract Tower,0,0,0,0,0,0,0,9,4,13,0,0,9,4,13,34,6,40,53
09/25/2017,HSA,MS,ASO,CE,Federal Contract Tower,0,0,7,39,46,0,0,32,29,61,0,0,39,68,107,36,104,140,247
09/26/2017,HSA,MS,ASO,CE,Federal Contract Tower,0,0,6,52,58,0,0,29,17,46,0,0,35,69,104,18,78,96,200
09/27/2017,HSA,MS,ASO,CE,Federal Contract Tower,0,0,2,57,59,0,0,23,19,42,0,0,25,76,101,24,108,132,233
09/28/2017,HSA,MS,ASO,CE,Federal Contract Tower,0,0,3,45,48,0,0,17,18,35,0,0,20,63,83,24,28,52,135
09/29/2017,HSA,MS,ASO,CE,Federal Contract Tower,0,0,2,50,52,0,0,19,15,34,0,0,21,65,86,6,30,36,122
09/30/2017,HSA,MS,ASO,CE,Federal Contract Tower,0,0,3,6,9,0,0,15,5,20,0,0,18,11,29,28,0,28,57
10/01/2017,HSA,MS,ASO,CE,Federal Contract Tower,0,0,8,6,14,0,0,11,1,12,0,0,19,7,26,2,22,24,50
10/02/2017,HSA,MS,ASO,CE,Federal Contract Tower,0,0,2,21,23,0,0,0,0,0,0,0,2,21,23,0,0,0,23
10/03/2017,HSA,MS,ASO,CE,Federal Contract Tower,0,0,10,41,51,0,0,21,12,33,0,0,31,53,84,20,45,65,149
10/04/2017,HSA,MS,ASO,CE,Federal Contract Tower,0,0,0,24,24,0,0,11,12,23,0,0,11,36,47,18,26,44,91
10/05/2017,HSA,MS,ASO,CE,Federal Contract Tower,0,0,2,16,18,0,0,22,17,39,0,0,24,33,57,131,26,157,214
10/07/2017,HSA,MS,ASO,CE,Federal Contract Tower,0,0,1,2,3,0,0,1,0,1,0,0,2,2,4,0,0,0,4
10/08/2017,HSA,MS,ASO,CE,Federal Contract Tower,0,0,3,1,4,0,0,5,0,5,0,0,8,1,9,0,0,0,9
10/09/2017,HSA,MS,ASO,CE,Federal Contract Tower,0,0,6,2,8,0,0,0,0,0,0,0,6,2,8,0,0,0,8
10/10/2017,HSA,MS,ASO,CE,Federal Contract Tower,0,0,4,23,27,0,0,23,0,23,0,0,27,23,50,2,0,2,52
10/11/2017,HSA,MS,ASO,CE,Federal Contract Tower,0,0,7,37,44,0,0,39,15,54,0,0,46,52,98,12,38,50,148
10/12/2017,HSA,MS,ASO,CE,Federal Contract Tower,0,0,8,58,66,0,0,44,10,54,0,0,52,68,120,8,48,56,176
10/13/2017,HSA,MS,ASO,CE,Federal Contract Tower,0,0,1,48,49,0,0,39,30,69,0,0,40,78,118,122,16,138,256
10/14/2017,HSA,MS,ASO,CE,Federal Contract Tower,0,0,2,0,2,0,0,19,0,19,0,0,21,0,21,4,0,4,25
10/15/2017,HSA,MS,ASO,CE,Federal Contract Tower,0,0,3,3,6,0,0,0,1,1,0,0,3,4,7,0,4,4,11
10/16/2017,HSA,MS,ASO,CE,Federal Contract Tower,0,2,3,36,41,0,0,23,26,49,0,2,26,62,90,14,86,100,190
10/17/2017,HSA,MS,ASO,CE,Federal Contract Tower,0,2,11,65,78,0,0,28,36,64,0,2,39,101,142,44,92,136,278
10/18/2017,HSA,MS,ASO,CE,Federal Contract Tower,0,2,19,56,77,0,0,30,33,63,0,2,49,89,140,32,106,138,278
10/19/2017,HSA,MS,ASO,CE,Federal Contract Tower,0,2,10,26,38,0,0,25,7,32,0,2,35,33,70,20,66,86,156
10/20/2017,HSA,MS,ASO,CE,Federal Contract Tower,0,2,2,24,28,0,0,26,15,41,0,2,28,39,69,34,34,68,137
10/21/2017,HSA,MS,ASO,CE,Federal Contract Tower,0,0,5,4,9,0,0,7,0,7,0,0,12,4,16,28,0,28,44
10/22/2017,HSA,MS,ASO,CE,Federal Contract Tower,0,2,0,0,2,0,0,6,2,8,0,2,6,2,10,0,0,0,10
10/23/2017,HSA,MS,ASO,CE,Federal Contract Tower,0,0,5,71,76,0,0,29,40,69,0,0,34,111,145,64,104,168,313
10/24/2017,HSA,MS,ASO,CE,Federal Contract Tower,0,0,4,37,41,0,0,35,36,71,0,0,39,73,112,8,82,90,202
10/25/2017,HSA,MS,ASO,CE,Federal Contract Tower,0,0,6,24,30,0,0,0,0,0,0,0,6,24,30,24,99,123,153
10/26/2017,HSA,MS,ASO,CE,Federal Contract Tower,0,0,4,41,45,0,0,37,19,56,0,0,41,60,101,28,86,114,215
10/27/2017,HSA,MS,ASO,CE,Federal Contract Tower,0,0,10,23,33,0,0,18,19,37,0,0,28,42,70,10,18,28,98
10/28/2017,HSA,MS,ASO,CE,Federal Contract Tower,0,0,3,0,3,0,0,22,0,22,0,0,25,0,25,14,0,14,39
10/29/2017,HSA,MS,ASO,CE,Federal Contract Tower,0,0,0,8,8,0,0,14,4,18,0,0,14,12,26,8,0,8,34
10/30/2017,HSA,MS,ASO,CE,Federal Contract Tower,0,0,10,46,56,0,0,61,31,92,0,0,71,77,148,54,32,86,234
10/31/2017,HSA,MS,ASO,CE,Federal Contract Tower,0,2,8,54,64,0,0,53,46,99,0,2,61,100,163,38,92,130,293
11/01/2017,HSA,MS,ASO,CE,Federal Contract Tower,0,0,3,20,23,0,0,34,20,54,0,0,37,40,77,16,48,64,141
11/02/2017,HSA,MS,ASO,CE,Federal Contract Tower,0,4,3,18,25,0,0,20,19,39,0,4,23,37,64,10,26,36,100
11/03/2017,HSA,MS,ASO,CE,Federal Contract Tower,0,2,4,50,56,0,0,17,50,67,0,2,21,100,123,30,106,136,259
11/04/2017,HSA,MS,ASO,CE,Federal Contract Tower,0,0,4,2,6,0,0,13,2,15,0,0,17,4,21,18,8,26,47
11/05/2017,HSA,MS,ASO,CE,Federal Contract Tower,0,0,2,1,3,0,0,8,21,29,0,0,10,22,32,0,14,14,46
11/06/2017,HSA,MS,ASO,CE,Federal Contract Tower,0,0,2,51,53,0,0,26,27,53,0,0,28,78,106,24,24,48,154
11/07/2017,HSA,MS,ASO,CE,Federal Contract Tower,0,0,16,60,76,0,1,2,17,20,0,1,18,77,96,28,72,100,196
11/08/2017,HSA,MS,ASO,CE,Federal Contract Tower,0,0,2,17,19,0,0,2,0,2,0,0,4,17,21,0,0,0,21
11/10/2017,HSA,MS,ASO,CE,Federal Contract Tower,0,1,2,0,3,0,0,22,0,22,0,1,24,0,25,14,0,14,39
11/11/2017,HSA,MS,ASO,CE,Federal Contract Tower,0,1,2,0,3,0,0,15,0,15,0,1,17,0,18,30,0,30,48
11/12/2017,HSA,MS,ASO,CE,Federal Contract Tower,0,2,7,4,13,0,0,0,0,0,0,2,7,4,13,0,0,0,13
11/13/2017,HSA,MS,ASO,CE,Federal Contract Tower,1,0,6,28,35,0,0,29,36,65,1,0,35,64,100,26,98,124,224
11/14/2017,HSA,MS,ASO,CE,Federal Contract Tower,0,0,4,62,66,0,0,30,43,73,0,0,34,105,139,50,132,182,321
11/15/2017,HSA,MS,ASO,CE,Federal Contract Tower,0,0,8,40,48,0,0,0,0,0,0,0,8,40,48,18,84,102,150
11/16/2017,HSA,MS,ASO,CE,Federal Contract Tower,0,0,6,23,29,0,0,33,16,49,0,0,39,39,78,26,26,52,130
11/17/2017,HSA,MS,ASO,CE,Federal Contract Tower,0,1,5,24,30,0,0,16,29,45,0,1,21,53,75,16,16,32,107
11/18/2017,HSA,MS,ASO,CE,Federal Contract Tower,0,0,1,2,3,0,0,26,4,30,0,0,27,6,33,16,20,36,69
11/19/2017,HSA,MS,ASO,CE,Federal Contract Tower,0,2,1,12,15,0,0,1,2,3,0,2,2,14,18,0,12,12,30
11/20/2017,HSA,MS,ASO,CE,Federal Contract Tower,0,0,4,27,31,0,0,21,16,37,0,0,25,43,68,42,38,80,148
11/21/2017,HSA,MS,ASO,CE,Federal Contract Tower,0,0,1,19,20,0,0,21,24,45,0,0,22,43,65,48,48,96,161
11/22/2017,HSA,MS,ASO,CE,Federal Contract Tower,0,0,1,0,1,0,0,11,0,11,0,0,12,0,12,10,0,10,22
11/24/2017,HSA,MS,ASO,CE,Federal Contract Tower,0,0,0,0,0,0,0,17,0,17,0,0,17,0,17,34,0,34,51
11/25/2017,HSA,MS,ASO,CE,Federal Contract Tower,0,1,5,0,6,0,0,24,0,24,0,1,29,0,30,23,0,23,53
11/26/2017,HSA,MS,ASO,CE,Federal Contract Tower,0,0,5,0,5,0,1,17,0,18,0,1,22,0,23,40,0,40,63
11/27/2017,HSA,MS,ASO,CE,Federal Contract Tower,0,0,6,39,45,0,0,21,26,47,0,0,27,65,92,66,64,130,222
11/28/2017,HSA,MS,ASO,CE,Federal Contract Tower,0,0,5,46,51,0,0,25,40,65,0,0,30,86,116,24,86,110,226
11/29/2017,HSA,MS,ASO,CE,Federal Contract Tower,0,0,0,37,37,0,0,0,0,0,0,0,0,37,37,29,38,67,104
11/30/2017,HSA,MS,ASO,CE,Federal Contract Tower,0,0,1,28,29,0,0,1,0,1,0,0,2,28,30,0,24,24,54
12/01/2017,HSA,MS,ASO,CE,Federal Contract Tower,0,0,2,41,43,0,0,25,36,61,0,0,27,77,104,18,53,71,175
12/02/2017,HSA,MS,ASO,CE,Federal Contract Tower,0,0,1,0,1,0,0,5,0,5,0,0,6,0,6,16,0,16,22
12/03/2017,HSA,MS,ASO,CE,Federal Contract Tower,0,0,3,2,5,0,0,29,9,38,0,0,32,11,43,24,4,28,71
12/04/2017,HSA,MS,ASO,CE,Federal Contract Tower,0,0,5,58,63,0,0,28,7,35,0,0,33,65,98,40,14,54,152
12/05/2017,HSA,MS,ASO,CE,Federal Contract Tower,0,0,4,40,44,0,0,8,33,41,0,0,12,73,85,0,78,78,163
12/06/2017,HSA,MS,ASO,CE,Federal Contract Tower,0,0,4,6,10,0,0,0,0,0,0,0,4,6,10,0,14,14,24
12/07/2017,HSA,MS,ASO,CE,Federal Contract Tower,0,0,2,10,12,0,0,4,8,12,0,0,6,18,24,12,34,46,70
12/08/2017,HSA,MS,ASO,CE,Federal Contract Tower,0,0,0,0,0,0,0,0,0,0,0,0,0,0,0,0,0,0,0
12/09/2017,HSA,MS,ASO,CE,Federal Contract Tower,0,0,4,12,16,0,0,13,0,13,0,0,17,12,29,12,0,12,41
12/10/2017,HSA,MS,ASO,CE,Federal Contract Tower,0,0,1,0,1,0,0,14,0,14,0,0,15,0,15,10,0,10,25
12/11/2017,HSA,MS,ASO,CE,Federal Contract Tower,0,2,1,37,40,0,0,24,19,43,0,2,25,56,83,14,52,66,149
12/12/2017,HSA,MS,ASO,CE,Federal Contract Tower,0,2,0,34,36,0,0,21,57,78,0,2,21,91,114,18,78,96,210
12/13/2017,HSA,MS,ASO,CE,Federal Contract Tower,0,1,4,73,78,0,0,15,30,45,0,1,19,103,123,16,78,94,217
12/14/2017,HSA,MS,ASO,CE,Federal Contract Tower,0,0,13,16,29,0,0,18,23,41,0,0,31,39,70,10,34,44,114
12/15/2017,HSA,MS,ASO,CE,Federal Contract Tower,0,0,5,12,17,0,0,12,3,15,0,0,17,15,32,22,0,22,54
12/16/2017,HSA,MS,ASO,CE,Federal Contract Tower,0,0,0,2,2,0,0,23,1,24,0,0,23,3,26,46,0,46,72
12/17/2017,HSA,MS,ASO,CE,Federal Contract Tower,0,2,1,0,3,0,0,2,0,2,0,2,3,0,5,10,0,10,15
12/18/2017,HSA,MS,ASO,CE,Federal Contract Tower,0,0,2,6,8,0,0,0,0,0,0,0,2,6,8,0,0,0,8
12/19/2017,HSA,MS,ASO,CE,Federal Contract Tower,0,0,7,6,13,0,0,0,0,0,0,0,7,6,13,0,0,0,13
12/20/2017,HSA,MS,ASO,CE,Federal Contract Tower,0,0,4,1,5,0,0,9,1,10,0,0,13,2,15,8,0,8,23
12/21/2017,HSA,MS,ASO,CE,Federal Contract Tower,0,2,12,70,84,0,0,36,48,84,0,2,48,118,168,40,146,186,354
12/23/2017,HSA,MS,ASO,CE,Federal Contract Tower,0,2,0,0,2,0,0,8,0,8,0,2,8,0,10,14,0,14,24
12/24/2017,HSA,MS,ASO,CE,Federal Contract Tower,0,0,0,0,0,0,0,9,0,9,0,0,9,0,9,28,0,28,37
12/25/2017,HSA,MS,ASO,CE,Federal Contract Tower,0,0,1,0,1,0,0,3,0,3,0,0,4,0,4,0,0,0,4
12/26/2017,HSA,MS,ASO,CE,Federal Contract Tower,0,0,9,1,10,0,0,16,0,16,0,0,25,1,26,20,0,20,46
12/27/2017,HSA,MS,ASO,CE,Federal Contract Tower,0,0,2,2,4,0,0,0,0,0,0,0,2,2,4,0,0,0,4
12/29/2017,HSA,MS,ASO,CE,Federal Contract Tower,0,0,3,24,27,0,0,52,15,67,0,0,55,39,94,62,30,92,186
12/30/2017,HSA,MS,ASO,CE,Federal Contract Tower,0,2,6,0,8,0,0,25,0,25,0,2,31,0,33,20,0,20,53
12/31/2017,HSA,MS,ASO,CE,Federal Contract Tower,0,0,16,0,16,0,0,0,0,0,0,0,16,0,16,0,0,0,16
01/01/2018,HSA,MS,ASO,CE,Federal Contract Tower,0,0,6,0,6,0,0,20,0,20,0,0,26,0,26,8,0,8,34
01/02/2018,HSA,MS,ASO,CE,Federal Contract Tower,0,3,4,0,7,0,6,39,0,45,0,9,43,0,52,24,0,24,76
01/04/2018,HSA,MS,ASO,CE,Federal Contract Tower,0,0,2,23,25,0,0,10,14,24,0,0,12,37,49,6,76,82,131
01/05/2018,HSA,MS,ASO,CE,Federal Contract Tower,0,0,54,0,54,0,0,19,20,39,0,0,73,20,93,18,114,132,225
01/06/2018,HSA,MS,ASO,CE,Federal Contract Tower,0,0,2,11,13,0,0,17,6,23,0,0,19,17,36,10,38,48,84
01/07/2018,HSA,MS,ASO,CE,Federal Contract Tower,0,0,0,5,5,0,0,2,5,7,0,0,2,10,12,0,18,18,30
01/08/2018,HSA,MS,ASO,CE,Federal Contract Tower,0,0,2,10,12,0,0,0,0,0,0,0,2,10,12,0,0,0,12
01/09/2018,HSA,MS,ASO,CE,Federal Contract Tower,0,0,2,2,4,0,0,0,0,0,0,0,2,2,4,0,0,0,4
01/10/2018,HSA,MS,ASO,CE,Federal Contract Tower,0,0,3,54,57,0,0,9,15,24,0,0,12,69,81,6,28,34,115
01/11/2018,HSA,MS,ASO,CE,Federal Contract Tower,0,0,1,27,28,0,0,4,2,6,0,0,5,29,34,10,0,10,44
01/12/2018,HSA,MS,ASO,CE,Federal Contract Tower,0,0,4,42,46,0,0,3,0,3,0,0,7,42,49,0,12,12,61
01/13/2018,HSA,MS,ASO,CE,Federal Contract Tower,0,0,4,0,4,0,0,19,0,19,0,0,23,0,23,10,0,10,33
01/14/2018,HSA,MS,ASO,CE,Federal Contract Tower,0,2,0,0,2,0,0,18,0,18,0,2,18,0,20,54,0,54,74
01/15/2018,HSA,MS,ASO,CE,Federal Contract Tower,0,0,1,0,1,0,0,35,0,35,0,0,36,0,36,30,0,30,66
01/16/2018,HSA,MS,ASO,CE,Federal Contract Tower,0,0,1,0,1,0,0,3,0,3,0,0,4,0,4,0,16,16,20
01/17/2018,HSA,MS,ASO,CE,Federal Contract Tower,0,0,1,1,2,0,0,3,2,5,0,0,4,3,7,0,0,0,7
01/18/2018,HSA,MS,ASO,CE,Federal Contract Tower,0,0,3,27,30,0,0,10,33,43,0,0,13,60,73,14,88,102,175
01/19/2018,HSA,MS,ASO,CE,Federal Contract Tower,0,0,4,35,39,0,0,23,14,37,0,0,27,49,76,38,40,78,154
01/20/2018,HSA,MS,ASO,CE,Federal Contract Tower,0,2,2,12,16,0,0,10,3,13,0,2,12,15,29,18,12,30,59
01/21/2018,HSA,MS,ASO,CE,Federal Contract Tower,0,0,1,0,1,0,0,4,0,4,0,0,5,0,5,0,0,0,5
01/22/2018,HSA,MS,ASO,CE,Federal Contract Tower,0,0,1,25,26,0,0,0,6,6,0,0,1,31,32,0,48,48,80
01/23/2018,HSA,MS,ASO,CE,Federal Contract Tower,0,2,2,29,33,0,0,28,17,45,0,2,30,46,78,21,71,92,170
01/24/2018,HSA,MS,ASO,CE,Federal Contract Tower,0,1,2,48,51,0,0,13,43,56,0,1,15,91,107,18,82,100,207
01/26/2018,HSA,MS,ASO,CE,Federal Contract Tower,1,0,1,32,34,0,0,23,16,39,1,0,24,48,73,8,10,18,91
01/27/2018,HSA,MS,ASO,CE,Federal Contract Tower,0,0,1,2,3,0,0,0,0,0,0,0,1,2,3,0,0,0,3
01/28/2018,HSA,MS,ASO,CE,Federal Contract Tower,0,0,1,2,3,0,0,0,6,6,0,0,1,8,9,0,0,0,9
01/29/2018,HSA,MS,ASO,CE,Federal Contract Tower,0,0,2,28,30,0,0,26,21,47,0,0,28,49,77,7,74,81,158
01/30/2018,HSA,MS,ASO,CE,Federal Contract Tower,0,0,2,34,36,0,0,22,48,70,0,0,24,82,106,6,99,105,211
01/31/2018,HSA,MS,ASO,CE,Federal Contract Tower,0,0,3,62,65,0,0,17,40,57,0,0,20,102,122,24,116,140,262
02/02/2018,HSA,MS,ASO,CE,Federal Contract Tower,0,0,0,21,21,0,0,6,19,25,0,0,6,40,46,0,60,60,106
02/03/2018,HSA,MS,ASO,CE,Federal Contract Tower,0,0,0,20,20,0,0,2,5,7,0,0,2,25,27,2,14,16,43
02/04/2018,HSA,MS,ASO,CE,Federal Contract Tower,0,0,3,4,7,0,0,7,0,7,0,0,10,4,14,10,0,10,24
02/05/2018,HSA,MS,ASO,CE,Federal Contract Tower,0,0,1,24,25,0,0,28,33,61,0,0,29,57,86,24,119,143,229
02/06/2018,HSA,MS,ASO,CE,Federal Contract Tower,0,0,6,4,10,0,0,3,1,4,0,0,9,5,14,0,0,0,14
02/07/2018,HSA,MS,ASO,CE,Federal Contract Tower,0,0,0,13,13,0,0,0,2,2,0,0,0,15,15,0,0,0,15
02/08/2018,HSA,MS,ASO,CE,Federal Contract Tower,0,0,5,48,53,0,0,27,38,65,0,0,32,86,118,14,106,120,238
02/09/2018,HSA,MS,ASO,CE,Federal Contract Tower,0,0,2,63,65,0,0,10,6,16,0,0,12,69,81,22,64,86,167
02/10/2018,HSA,MS,ASO,CE,Federal Contract Tower,0,2,0,0,2,0,0,0,0,0,0,2,0,0,2,0,0,0,2
02/11/2018,HSA,MS,ASO,CE,Federal Contract Tower,0,0,0,0,0,0,0,4,0,4,0,0,4,0,4,0,0,0,4
02/12/2018,HSA,MS,ASO,CE,Federal Contract Tower,0,0,2,16,18,0,0,0,0,0,0,0,2,16,18,0,0,0,18
02/13/2018,HSA,MS,ASO,CE,Federal Contract Tower,0,0,1,19,20,0,0,11,9,20,0,0,12,28,40,19,55,74,114
02/14/2018,HSA,MS,ASO,CE,Federal Contract Tower,0,0,2,38,40,0,0,0,0,0,0,0,2,38,40,0,0,0,40
02/15/2018,HSA,MS,ASO,CE,Federal Contract Tower,0,0,4,50,54,0,0,14,32,46,0,0,18,82,100,0,112,112,212
02/16/2018,HSA,MS,ASO,CE,Federal Contract Tower,0,2,2,26,30,0,0,10,16,26,0,2,12,42,56,6,78,84,140
02/17/2018,HSA,MS,ASO,CE,Federal Contract Tower,0,0,2,2,4,0,0,9,2,11,0,0,11,4,15,10,16,26,41
02/18/2018,HSA,MS,ASO,CE,Federal Contract Tower,0,2,2,3,7,0,0,10,4,14,0,2,12,7,21,32,5,37,58
02/19/2018,HSA,MS,ASO,CE,Federal Contract Tower,0,0,9,5,14,0,0,17,0,17,0,0,26,5,31,12,4,16,47
02/20/2018,HSA,MS,ASO,CE,Federal Contract Tower,0,0,1,30,31,0,0,11,0,11,0,0,12,30,42,0,0,0,42
02/21/2018,HSA,MS,ASO,CE,Federal Contract Tower,0,0,5,38,43,0,0,0,0,0,0,0,5,38,43,0,0,0,43
02/22/2018,HSA,MS,ASO,CE,Federal Contract Tower,0,0,12,43,55,0,0,7,9,16,0,0,19,52,71,2,32,34,105
02/23/2018,HSA,MS,ASO,CE,Federal Contract Tower,0,2,2,0,4,0,0,2,0,2,0,2,4,0,6,0,0,0,6
02/24/2018,HSA,MS,ASO,CE,Federal Contract Tower,0,0,2,2,4,0,0,10,0,10,0,0,12,2,14,2,0,2,16
02/25/2018,HSA,MS,ASO,CE,Federal Contract Tower,0,1,0,0,1,0,0,0,0,0,0,1,0,0,1,0,0,0,1
02/26/2018,HSA,MS,ASO,CE,Federal Contract Tower,0,3,7,21,31,0,0,9,17,26,0,3,16,38,57,10,96,106,163
02/27/2018,HSA,MS,ASO,CE,Federal Contract Tower,0,1,7,32,40,0,0,33,25,58,0,1,40,57,98,15,87,102,200
02/28/2018,HSA,MS,ASO,CE,Federal Contract Tower,0,1,0,96,97,0,0,9,12,21,0,1,9,108,118,32,48,80,198
03/01/2018,HSA,MS,ASO,CE,Federal Contract Tower,0,0,4,39,43,0,0,8,13,21,0,0,12,52,64,0,29,29,93
03/02/2018,HSA,MS,ASO,CE,Federal Contract Tower,0,2,4,24,30,0,0,22,5,27,0,2,26,29,57,20,21,41,98
03/03/2018,HSA,MS,ASO,CE,Federal Contract Tower,0,0,5,2,7,0,0,22,2,24,0,0,27,4,31,18,0,18,49
03/04/2018,HSA,MS,ASO,CE,Federal Contract Tower,0,0,0,1,1,0,0,18,1,19,0,0,18,2,20,30,0,30,50
03/05/2018,HSA,MS,ASO,CE,Federal Contract Tower,0,1,0,50,51,0,0,11,29,40,0,1,11,79,91,10,87,97,188
03/06/2018,HSA,MS,ASO,CE,Federal Contract Tower,0,0,6,30,36,0,0,23,17,40,0,0,29,47,76,8,44,52,128
03/07/2018,HSA,MS,ASO,CE,Federal Contract Tower,0,0,0,49,49,0,0,26,41,67,0,0,26,90,116,2,122,124,240
03/08/2018,HSA,MS,ASO,CE,Federal Contract Tower,0,0,4,44,48,0,0,18,26,44,0,0,22,70,92,30,94,124,216
03/09/2018,HSA,MS,ASO,CE,Federal Contract Tower,0,0,2,41,43,0,0,24,17,41,0,0,26,58,84,14,44,58,142
03/10/2018,HSA,MS,ASO,CE,Federal Contract Tower,0,0,4,0,4,0,0,7,3,10,0,0,11,3,14,6,14,20,34
03/11/2018,HSA,MS,ASO,CE,Federal Contract Tower,0,0,1,8,9,0,0,7,2,9,0,0,8,10,18,10,10,20,38
03/12/2018,HSA,MS,ASO,CE,Federal Contract Tower,0,0,6,43,49,0,0,28,19,47,0,0,34,62,96,32,88,120,216
03/13/2018,HSA,MS,ASO,CE,Federal Contract Tower,0,0,7,60,67,0,0,26,29,55,0,0,33,89,122,35,128,163,285
03/14/2018,HSA,MS,ASO,CE,Federal Contract Tower,0,2,1,43,46,0,0,22,30,52,0,2,23,73,98,16,114,130,228
03/15/2018,HSA,MS,ASO,CE,Federal Contract Tower,0,0,3,31,34,0,0,27,20,47,0,0,30,51,81,30,56,86,167
03/16/2018,HSA,MS,ASO,CE,Federal Contract Tower,0,0,6,29,35,0,0,1,0,1,0,0,7,29,36,0,0,0,36
03/17/2018,HSA,MS,ASO,CE,Federal Contract Tower,0,0,0,2,2,0,0,2,0,2,0,0,2,2,4,10,0,10,14
03/18/2018,HSA,MS,ASO,CE,Federal Contract Tower,0,0,4,0,4,0,0,1,0,1,0,0,5,0,5,0,0,0,5
03/19/2018,HSA,MS,ASO,CE,Federal Contract Tower,0,0,0,8,8,0,0,5,2,7,0,0,5,10,15,0,24,24,39
03/20/2018,HSA,MS,ASO,CE,Federal Contract Tower,0,0,1,38,39,0,0,17,42,59,0,0,18,80,98,17,38,55,153
03/21/2018,HSA,MS,ASO,CE,Federal Contract Tower,0,0,2,49,51,0,0,19,32,51,0,0,21,81,102,10,38,48,150
03/22/2018,HSA,MS,ASO,CE,Federal Contract Tower,0,0,0,37,37,0,0,14,25,39,0,0,14,62,76,36,102,138,214
03/23/2018,HSA,MS,ASO,CE,Federal Contract Tower,0,0,1,24,25,0,0,26,14,40,0,0,27,38,65,26,51,77,142
03/24/2018,HSA,MS,ASO,CE,Federal Contract Tower,0,0,2,1,3,0,0,10,1,11,0,0,12,2,14,2,4,6,20
03/25/2018,HSA,MS,ASO,CE,Federal Contract Tower,0,0,1,0,1,0,0,14,0,14,0,0,15,0,15,2,0,2,17
03/26/2018,HSA,MS,ASO,CE,Federal Contract Tower,0,0,0,31,31,0,0,0,1,1,0,0,0,32,32,0,10,10,42
03/27/2018,HSA,MS,ASO,CE,Federal Contract Tower,0,0,8,36,44,0,0,11,1,12,0,0,19,37,56,0,6,6,62
03/28/2018,HSA,MS,ASO,CE,Federal Contract Tower,0,0,2,43,45,0,0,14,12,26,0,0,16,55,71,22,68,90,161
03/29/2018,HSA,MS,ASO,CE,Federal Contract Tower,0,0,1,2,3,0,0,0,0,0,0,0,1,2,3,0,0,0,3
03/30/2018,HSA,MS,ASO,CE,Federal Contract Tower,0,0,8,21,29,0,0,36,16,52,0,0,44,37,81,14,30,44,125
03/31/2018,HSA,MS,ASO,CE,Federal Contract Tower,0,0,1,0,1,0,0,27,0,27,0,0,28,0,28,36,0,36,64
04/01/2018,HSA,MS,ASO,CE,Federal Contract Tower,0,2,2,0,4,0,0,17,0,17,0,2,19,0,21,20,0,20,41
04/02/2018,HSA,MS,ASO,CE,Federal Contract Tower,0,1,8,29,38,0,0,28,20,48,0,1,36,49,86,16,52,68,154
04/03/2018,HSA,MS,ASO,CE,Federal Contract Tower,0,0,13,28,41,0,0,17,16,33,0,0,30,44,74,45,48,93,167
04/04/2018,HSA,MS,ASO,CE,Federal Contract Tower,0,0,1,22,23,0,0,12,26,38,0,0,13,48,61,16,76,92,153
04/05/2018,HSA,MS,ASO,CE,Federal Contract Tower,0,0,5,37,42,0,0,32,31,63,0,0,37,68,105,55,66,121,226
04/06/2018,HSA,MS,ASO,CE,Federal Contract Tower,0,0,5,32,37,0,0,32,6,38,0,0,37,38,75,0,28,28,103
04/07/2018,HSA,MS,ASO,CE,Federal Contract Tower,0,0,2,0,2,0,0,2,0,2,0,0,4,0,4,0,0,0,4
04/08/2018,HSA,MS,ASO,CE,Federal Contract Tower,0,1,15,1,17,0,0,0,0,0,0,1,15,1,17,0,0,0,17
04/09/2018,HSA,MS,ASO,CE,Federal Contract Tower,0,1,5,31,37,0,0,27,20,47,0,1,32,51,84,14,41,55,139
04/10/2018,HSA,MS,ASO,CE,Federal Contract Tower,0,1,1,21,23,0,0,17,19,36,0,1,18,40,59,13,8,21,80
04/11/2018,HSA,MS,ASO,CE,Federal Contract Tower,0,0,0,23,23,0,0,17,36,53,0,0,17,59,76,32,92,124,200
04/12/2018,HSA,MS,ASO,CE,Federal Contract Tower,0,0,5,18,23,0,0,36,23,59,0,0,41,41,82,30,59,89,171
04/13/2018,HSA,MS,ASO,CE,Federal Contract Tower,0,0,5,46,51,0,0,10,14,24,0,0,15,60,75,0,54,54,129
04/14/2018,HSA,MS,ASO,CE,Federal Contract Tower,0,0,0,0,0,0,0,0,0,0,0,0,0,0,0,0,0,0,0
04/15/2018,HSA,MS,ASO,CE,Federal Contract Tower,0,0,4,9,13,0,0,16,13,29,0,0,20,22,42,0,2,2,44
04/16/2018,HSA,MS,ASO,CE,Federal Contract Tower,0,2,2,8,12,0,0,34,20,54,0,2,36,28,66,2,51,53,119
04/17/2018,HSA,MS,ASO,CE,Federal Contract Tower,0,0,3,28,31,0,0,45,25,70,0,0,48,53,101,58,10,68,169
04/18/2018,HSA,MS,ASO,CE,Federal Contract Tower,0,2,2,38,42,0,0,24,18,42,0,2,26,56,84,26,38,64,148
04/19/2018,HSA,MS,ASO,CE,Federal Contract Tower,0,0,2,23,25,0,0,30,25,55,0,0,32,48,80,44,42,86,166
04/20/2018,HSA,MS,ASO,CE,Federal Contract Tower,0,0,3,20,23,0,0,28,9,37,0,0,31,29,60,10,12,22,82
04/21/2018,HSA,MS,ASO,CE,Federal Contract Tower,0,0,3,11,14,0,0,4,3,7,0,0,7,14,21,4,4,8,29
04/22/2018,HSA,MS,ASO,CE,Federal Contract Tower,0,0,2,0,2,0,0,1,0,1,0,0,3,0,3,0,0,0,3
04/23/2018,HSA,MS,ASO,CE,Federal Contract Tower,0,2,0,38,40,0,0,35,30,65,0,2,35,68,105,6,120,126,231
04/24/2018,HSA,MS,ASO,CE,Federal Contract Tower,0,0,2,38,40,0,0,36,49,85,0,0,38,87,125,15,89,104,229
04/26/2018,HSA,MS,ASO,CE,Federal Contract Tower,0,0,14,11,25,0,0,12,14,26,0,0,26,25,51,26,6,32,83
04/27/2018,HSA,MS,ASO,CE,Federal Contract Tower,0,0,3,38,41,0,0,27,2,29,0,0,30,40,70,34,42,76,146
04/28/2018,HSA,MS,ASO,CE,Federal Contract Tower,0,0,0,0,0,0,0,0,0,0,0,0,0,0,0,6,0,6,6
04/29/2018,HSA,MS,ASO,CE,Federal Contract Tower,0,0,3,4,7,0,0,27,0,27,0,0,30,4,34,0,0,0,34
04/30/2018,HSA,MS,ASO,CE,Federal Contract Tower,0,0,4,29,33,0,0,33,23,56,0,0,37,52,89,20,30,50,139
05/01/2018,HSA,MS,ASO,CE,Federal Contract Tower,0,0,4,37,41,0,0,27,16,43,0,0,31,53,84,23,65,88,172
05/03/2018,HSA,MS,ASO,CE,Federal Contract Tower,0,0,8,41,49,0,0,39,22,61,0,0,47,63,110,24,66,90,200
05/04/2018,HSA,MS,ASO,CE,Federal Contract Tower,0,0,4,34,38,0,0,31,16,47,0,0,35,50,85,36,64,100,185
05/05/2018,HSA,MS,ASO,CE,Federal Contract Tower,0,0,0,0,0,0,0,6,0,6,0,0,6,0,6,28,0,28,34
05/06/2018,HSA,MS,ASO,CE,Federal Contract Tower,0,0,2,2,4,0,0,18,2,20,0,0,20,4,24,0,8,8,32
05/07/2018,HSA,MS,ASO,CE,Federal Contract Tower,0,0,1,27,28,0,0,33,32,65,0,0,34,59,93,22,86,108,201
05/08/2018,HSA,MS,ASO,CE,Federal Contract Tower,0,0,6,37,43,0,0,37,10,47,0,0,43,47,90,46,86,132,222
05/09/2018,HSA,MS,ASO,CE,Federal Contract Tower,0,0,2,38,40,0,0,17,33,50,0,0,19,71,90,0,70,70,160
05/10/2018,HSA,MS,ASO,CE,Federal Contract Tower,0,0,1,35,36,0,0,37,29,66,0,0,38,64,102,56,64,120,222
05/11/2018,HSA,MS,ASO,CE,Federal Contract Tower,0,0,3,28,31,0,0,38,18,56,0,0,41,46,87,18,42,60,147
05/12/2018,HSA,MS,ASO,CE,Federal Contract Tower,0,0,2,2,4,0,0,0,0,0,0,0,2,2,4,18,0,18,22
05/13/2018,HSA,MS,ASO,CE,Federal Contract Tower,0,2,2,4,8,0,0,11,0,11,0,2,13,4,19,20,24,44,63
05/14/2018,HSA,MS,ASO,CE,Federal Contract Tower,0,0,1,27,28,0,0,33,27,60,0,0,34,54,88,24,34,58,146
05/15/2018,HSA,MS,ASO,CE,Federal Contract Tower,0,0,0,46,46,0,0,23,20,43,0,0,23,66,89,0,52,52,141
05/16/2018,HSA,MS,ASO,CE,Federal Contract Tower,0,0,1,30,31,0,0,12,7,19,0,0,13,37,50,10,24,34,84
05/17/2018,HSA,MS,ASO,CE,Federal Contract Tower,0,0,4,44,48,0,0,34,14,48,0,0,38,58,96,36,62,98,194
05/18/2018,HSA,MS,ASO,CE,Federal Contract Tower,0,0,7,13,20,0,0,27,4,31,0,0,34,17,51,34,12,46,97
05/19/2018,HSA,MS,ASO,CE,Federal Contract Tower,0,0,2,4,6,0,0,12,2,14,0,0,14,6,20,38,0,38,58
05/20/2018,HSA,MS,ASO,CE,Federal Contract Tower,0,0,1,2,3,0,0,11,1,12,0,0,12,3,15,18,0,18,33
05/21/2018,HSA,MS,ASO,CE,Federal Contract Tower,0,0,3,30,33,0,0,25,16,41,0,0,28,46,74,6,27,33,107
05/22/2018,HSA,MS,ASO,CE,Federal Contract Tower,0,0,7,27,34,0,0,37,16,53,0,0,44,43,87,90,74,164,251
05/23/2018,HSA,MS,ASO,CE,Federal Contract Tower,0,0,3,17,20,0,0,23,12,35,0,0,26,29,55,12,30,42,97
05/24/2018,HSA,MS,ASO,CE,Federal Contract Tower,0,4,4,20,28,0,0,33,5,38,0,4,37,25,66,50,28,78,144
05/25/2018,HSA,MS,ASO,CE,Federal Contract Tower,0,2,1,4,7,0,0,16,0,16,0,2,17,4,23,18,0,18,41
05/26/2018,HSA,MS,ASO,CE,Federal Contract Tower,0,0,3,0,3,0,0,3,0,3,0,0,6,0,6,0,0,0,6
05/27/2018,HSA,MS,ASO,CE,Federal Contract Tower,0,0,2,0,2,0,0,3,0,3,0,0,5,0,5,14,0,14,19
05/28/2018,HSA,MS,ASO,CE,Federal Contract Tower,0,0,1,0,1,0,0,12,0,12,0,0,13,0,13,0,0,0,13
05/29/2018,HSA,MS,ASO,CE,Federal Contract Tower,0,0,0,24,24,0,0,37,16,53,0,0,37,40,77,32,93,125,202
05/30/2018,HSA,MS,ASO,CE,Federal Contract Tower,0,0,2,12,14,0,0,20,11,31,0,0,22,23,45,26,54,80,125
05/31/2018,HSA,MS,ASO,CE,Federal Contract Tower,0,0,9,25,34,0,0,28,15,43,0,0,37,40,77,34,54,88,165
06/01/2018,HSA,MS,ASO,CE,Federal Contract Tower,0,0,1,23,24,0,0,27,10,37,0,0,28,33,61,26,48,74,135
06/02/2018,HSA,MS,ASO,CE,Federal Contract Tower,0,0,2,0,2,0,0,21,0,21,0,0,23,0,23,20,0,20,43
06/03/2018,HSA,MS,ASO,CE,Federal Contract Tower,0,0,6,4,10,0,0,14,1,15,0,0,20,5,25,4,0,4,29
06/04/2018,HSA,MS,ASO,CE,Federal Contract Tower,0,0,3,26,29,0,0,36,20,56,0,0,39,46,85,24,78,102,187
06/05/2018,HSA,MS,ASO,CE,Federal Contract Tower,0,0,3,5,8,0,0,26,5,31,0,0,29,10,39,0,2,2,41
06/06/2018,HSA,MS,ASO,CE,Federal Contract Tower,0,2,11,13,26,0,0,28,14,42,0,2,39,27,68,22,36,58,126
06/07/2018,HSA,MS,ASO,CE,Federal Contract Tower,0,0,5,16,21,0,0,35,22,57,0,0,40,38,78,10,24,34,112
06/08/2018,HSA,MS,ASO,CE,Federal Contract Tower,0,0,7,16,23,0,0,36,13,49,0,0,43,29,72,34,24,58,130
06/09/2018,HSA,MS,ASO,CE,Federal Contract Tower,0,0,4,0,4,0,0,19,0,19,0,0,23,0,23,28,0,28,51
06/10/2018,HSA,MS,ASO,CE,Federal Contract Tower,0,0,4,0,4,0,0,15,0,15,0,0,19,0,19,8,0,8,27
06/11/2018,HSA,MS,ASO,CE,Federal Contract Tower,0,1,2,6,9,0,2,26,5,33,0,3,28,11,42,2,16,18,60
06/12/2018,HSA,MS,ASO,CE,Federal Contract Tower,0,0,3,21,24,0,0,35,10,45,0,0,38,31,69,10,8,18,87
06/13/2018,HSA,MS,ASO,CE,Federal Contract Tower,0,0,4,25,29,0,0,28,42,70,0,0,32,67,99,0,8,8,107
06/14/2018,HSA,MS,ASO,CE,Federal Contract Tower,0,3,3,25,31,0,0,22,24,46,0,3,25,49,77,26,48,74,151
06/15/2018,HSA,MS,ASO,CE,Federal Contract Tower,0,1,1,10,12,0,0,33,10,43,0,1,34,20,55,32,8,40,95
06/16/2018,HSA,MS,ASO,CE,Federal Contract Tower,0,2,4,2,8,0,0,7,0,7,0,2,11,2,15,12,0,12,27
06/17/2018,HSA,MS,ASO,CE,Federal Contract Tower,0,0,1,0,1,0,0,1,0,1,0,0,2,0,2,6,0,6,8
06/18/2018,HSA,MS,ASO,CE,Federal Contract Tower,0,1,3,15,19,0,0,29,11,40,0,1,32,26,59,41,12,53,112
06/19/2018,HSA,MS,ASO,CE,Federal Contract Tower,0,0,1,27,28,0,0,26,14,40,0,0,27,41,68,47,42,89,157
06/20/2018,HSA,MS,ASO,CE,Federal Contract Tower,0,0,5,37,42,0,0,38,29,67,0,0,43,66,109,80,46,126,235
06/21/2018,HSA,MS,ASO,CE,Federal Contract Tower,0,2,5,16,23,0,0,41,25,66,0,2,46,41,89,0,18,18,107
06/22/2018,HSA,MS,ASO,CE,Federal Contract Tower,0,0,9,58,67,0,0,20,18,38,0,0,29,76,105,2,118,120,225
06/23/2018,HSA,MS,ASO,CE,Federal Contract Tower,0,0,0,0,0,0,0,0,0,0,0,0,0,0,0,0,0,0,0
06/24/2018,HSA,MS,ASO,CE,Federal Contract Tower,0,0,0,0,0,0,0,10,0,10,0,0,10,0,10,4,0,4,14
06/25/2018,HSA,MS,ASO,CE,Federal Contract Tower,0,0,12,27,39,0,0,27,33,60,0,0,39,60,99,14,42,56,155
06/26/2018,HSA,MS,ASO,CE,Federal Contract Tower,0,0,6,15,21,0,0,24,22,46,0,0,30,37,67,38,22,60,127
06/27/2018,HSA,MS,ASO,CE,Federal Contract Tower,0,0,4,22,26,0,0,21,8,29,0,0,25,30,55,16,40,56,111
06/28/2018,HSA,MS,ASO,CE,Federal Contract Tower,0,0,2,19,21,0,0,15,8,23,0,0,17,27,44,20,8,28,72
06/29/2018,HSA,MS,ASO,CE,Federal Contract Tower,0,0,2,24,26,0,0,11,3,14,0,0,13,27,40,2,28,30,70
06/30/2018,HSA,MS,ASO,CE,Federal Contract Tower,0,2,3,1,6,0,0,5,1,6,0,2,8,2,12,8,6,14,26
07/01/2018,HSA,MS,ASO,CE,Federal Contract Tower,0,0,0,0,0,0,0,20,2,22,0,0,20,2,22,12,0,12,34
07/02/2018,HSA,MS,ASO,CE,Federal Contract Tower,0,0,0,25,25,0,0,17,3,20,0,0,17,28,45,0,6,6,51
07/03/2018,HSA,MS,ASO,CE,Federal Contract Tower,0,2,1,14,17,0,0,19,0,19,0,2,20,14,36,0,0,0,36
07/04/2018,HSA,MS,ASO,CE,Federal Contract Tower,0,0,8,0,8,0,0,24,0,24,0,0,32,0,32,10,0,10,42
07/05/2018,HSA,MS,ASO,CE,Federal Contract Tower,0,0,6,24,30,0,0,34,17,51,0,0,40,41,81,0,0,0,81
07/06/2018,HSA,MS,ASO,CE,Federal Contract Tower,0,4,33,5,42,0,0,24,14,38,0,4,57,19,80,8,26,34,114
07/07/2018,HSA,MS,ASO,CE,Federal Contract Tower,0,0,4,0,4,0,0,7,0,7,0,0,11,0,11,18,0,18,29
07/08/2018,HSA,MS,ASO,CE,Federal Contract Tower,0,0,3,0,3,0,0,9,0,9,0,0,12,0,12,2,0,2,14
07/09/2018,HSA,MS,ASO,CE,Federal Contract Tower,0,0,5,37,42,0,0,34,18,52,0,0,39,55,94,0,83,83,177
07/10/2018,HSA,MS,ASO,CE,Federal Contract Tower,0,0,3,31,34,0,0,17,39,56,0,0,20,70,90,10,54,64,154
07/11/2018,HSA,MS,ASO,CE,Federal Contract Tower,0,0,2,11,13,0,0,19,11,30,0,0,21,22,43,0,18,18,61
07/12/2018,HSA,MS,ASO,CE,Federal Contract Tower,0,0,9,32,41,0,0,40,40,80,0,0,49,72,121,8,66,74,195
07/13/2018,HSA,MS,ASO,CE,Federal Contract Tower,0,0,1,34,35,0,0,38,11,49,0,0,39,45,84,0,52,52,136
07/14/2018,HSA,MS,ASO,CE,Federal Contract Tower,0,0,2,4,6,0,0,11,2,13,0,0,13,6,19,16,0,16,35
07/15/2018,HSA,MS,ASO,CE,Federal Contract Tower,0,0,5,12,17,0,0,20,0,20,0,0,25,12,37,24,8,32,69
07/16/2018,HSA,MS,ASO,CE,Federal Contract Tower,0,0,4,19,23,0,0,28,10,38,0,0,32,29,61,12,20,32,93
07/17/2018,HSA,MS,ASO,CE,Federal Contract Tower,0,0,2,16,18,0,3,12,8,23,0,3,14,24,41,2,52,54,95
07/19/2018,HSA,MS,ASO,CE,Federal Contract Tower,0,0,3,23,26,0,0,26,16,42,0,0,29,39,68,20,66,86,154
07/20/2018,HSA,MS,ASO,CE,Federal Contract Tower,0,0,3,38,41,0,0,27,20,47,0,0,30,58,88,30,34,64,152
07/21/2018,HSA,MS,ASO,CE,Federal Contract Tower,0,0,2,26,28,0,0,7,4,11,0,0,9,30,39,4,28,32,71
07/22/2018,HSA,MS,ASO,CE,Federal Contract Tower,0,0,0,0,0,0,0,6,0,6,0,0,6,0,6,0,0,0,6
07/23/2018,HSA,MS,ASO,CE,Federal Contract Tower,0,0,2,29,31,0,0,20,23,43,0,0,22,52,74,10,42,52,126
07/24/2018,HSA,MS,ASO,CE,Federal Contract Tower,0,0,6,34,40,0,0,22,33,55,0,0,28,67,95,18,39,57,152
07/25/2018,HSA,MS,ASO,CE,Federal Contract Tower,0,0,12,43,55,0,0,35,29,64,0,0,47,72,119,24,44,68,187
07/26/2018,HSA,MS,ASO,CE,Federal Contract Tower,0,0,10,27,37,0,0,39,18,57,0,0,49,45,94,30,36,66,160
07/27/2018,HSA,MS,ASO,CE,Federal Contract Tower,0,0,6,38,44,0,0,26,9,35,0,0,32,47,79,0,22,22,101
07/28/2018,HSA,MS,ASO,CE,Federal Contract Tower,0,0,1,0,1,0,0,12,0,12,0,0,13,0,13,12,0,12,25
07/29/2018,HSA,MS,ASO,CE,Federal Contract Tower,0,0,3,5,8,0,0,17,3,20,0,0,20,8,28,0,48,48,76
07/30/2018,HSA,MS,ASO,CE,Federal Contract Tower,0,0,8,45,53,0,0,19,16,35,0,0,27,61,88,12,71,83,171
07/31/2018,HSA,MS,ASO,CE,Federal Contract Tower,0,0,1,6,7,0,0,26,4,30,0,0,27,10,37,4,26,30,67
08/01/2018,HSA,MS,ASO,CE,Federal Contract Tower,0,1,5,15,21,0,0,6,1,7,0,1,11,16,28,26,30,56,84
08/02/2018,HSA,MS,ASO,CE,Federal Contract Tower,0,2,2,41,45,0,0,31,26,57,0,2,33,67,102,18,66,84,186
08/03/2018,HSA,MS,ASO,CE,Federal Contract Tower,0,0,5,47,52,0,0,25,8,33,0,0,30,55,85,42,22,64,149
08/04/2018,HSA,MS,ASO,CE,Federal Contract Tower,0,0,0,0,0,0,0,14,0,14,0,0,14,0,14,14,0,14,28
08/05/2018,HSA,MS,ASO,CE,Federal Contract Tower,0,0,2,3,5,0,0,11,2,13,0,0,13,5,18,12,8,20,38
08/06/2018,HSA,MS,ASO,CE,Federal Contract Tower,0,0,4,29,33,0,0,40,21,61,0,0,44,50,94,8,28,36,130
08/07/2018,HSA,MS,ASO,CE,Federal Contract Tower,0,2,5,38,45,0,0,23,19,42,0,2,28,57,87,52,34,86,173
08/08/2018,HSA,MS,ASO,CE,Federal Contract Tower,0,0,4,31,35,0,0,21,16,37,0,0,25,47,72,22,38,60,132
08/09/2018,HSA,MS,ASO,CE,Federal Contract Tower,0,0,5,32,37,0,0,32,12,44,0,0,37,44,81,30,34,64,145
08/10/2018,HSA,MS,ASO,CE,Federal Contract Tower,0,0,5,27,32,0,0,27,14,41,0,0,32,41,73,18,14,32,105
08/11/2018,HSA,MS,ASO,CE,Federal Contract Tower,0,0,2,0,2,0,0,11,3,14,0,0,13,3,16,28,0,28,44
08/12/2018,HSA,MS,ASO,CE,Federal Contract Tower,0,1,2,7,10,0,0,10,3,13,0,1,12,10,23,0,0,0,23
08/13/2018,HSA,MS,ASO,CE,Federal Contract Tower,0,0,9,22,31,0,0,62,38,100,0,0,71,60,131,40,50,90,221
08/14/2018,HSA,MS,ASO,CE,Federal Contract Tower,0,0,6,44,50,0,0,51,28,79,0,0,57,72,129,28,90,118,247
08/15/2018,HSA,MS,ASO,CE,Federal Contract Tower,0,2,7,28,37,0,0,16,27,43,0,2,23,55,80,0,80,80,160
08/16/2018,HSA,MS,ASO,CE,Federal Contract Tower,0,0,3,24,27,0,0,29,21,50,0,0,32,45,77,2,36,38,115
08/17/2018,HSA,MS,ASO,CE,Federal Contract Tower,0,0,16,0,16,0,0,15,2,17,0,0,31,2,33,0,0,0,33
08/18/2018,HSA,MS,ASO,CE,Federal Contract Tower,0,0,2,0,2,0,0,2,0,2,0,0,4,0,4,0,0,0,4
08/19/2018,HSA,MS,ASO,CE,Federal Contract Tower,0,0,0,1,1,0,0,2,1,3,0,0,2,2,4,7,0,7,11
08/20/2018,HSA,MS,ASO,CE,Federal Contract Tower,0,0,5,10,15,0,0,21,7,28,0,0,26,17,43,0,46,46,89
08/21/2018,HSA,MS,ASO,CE,Federal Contract Tower,0,1,3,53,57,0,0,21,25,46,0,1,24,78,103,0,65,65,168
08/22/2018,HSA,MS,ASO,CE,Federal Contract Tower,0,2,4,42,48,0,0,29,48,77,0,2,33,90,125,38,76,114,239
08/23/2018,HSA,MS,ASO,CE,Federal Contract Tower,0,0,9,35,44,0,0,37,17,54,0,0,46,52,98,14,34,48,146
08/24/2018,HSA,MS,ASO,CE,Federal Contract Tower,0,0,4,32,36,0,0,33,6,39,0,0,37,38,75,30,12,42,117
08/25/2018,HSA,MS,ASO,CE,Federal Contract Tower,0,0,3,5,8,0,0,18,0,18,0,0,21,5,26,2,4,6,32
08/26/2018,HSA,MS,ASO,CE,Federal Contract Tower,0,0,1,2,3,0,0,7,0,7,0,0,8,2,10,22,0,22,32
08/27/2018,HSA,MS,ASO,CE,Federal Contract Tower,0,0,7,35,42,0,0,36,25,61,0,0,43,60,103,14,70,84,187
08/28/2018,HSA,MS,ASO,CE,Federal Contract Tower,0,0,8,38,46,0,0,27,40,67,0,0,35,78,113,46,89,135,248
08/29/2018,HSA,MS,ASO,CE,Federal Contract Tower,0,1,4,27,32,0,0,14,6,20,0,1,18,33,52,20,42,62,114
08/30/2018,HSA,MS,ASO,CE,Federal Contract Tower,0,4,8,20,32,0,0,32,7,39,0,4,40,27,71,0,38,38,109
08/31/2018,HSA,MS,ASO,CE,Federal Contract Tower,1,1,3,0,5,0,0,1,1,2,1,1,4,1,7,0,0,0,7
09/01/2018,HSA,MS,ASO,CE,Federal Contract Tower,0,0,2,0,2,0,0,0,0,0,0,0,2,0,2,0,0,0,2
09/02/2018,HSA,MS,ASO,CE,Federal Contract Tower,0,0,0,0,0,0,0,3,0,3,0,0,3,0,3,0,0,0,3
09/03/2018,HSA,MS,ASO,CE,Federal Contract Tower,0,0,2,0,2,0,0,4,0,4,0,0,6,0,6,0,0,0,6
09/04/2018,HSA,MS,ASO,CE,Federal Contract Tower,0,0,1,4,5,0,0,0,0,0,0,0,1,4,5,0,0,0,5
09/05/2018,HSA,MS,ASO,CE,Federal Contract Tower,0,0,3,0,3,0,0,14,2,16,0,0,17,2,19,4,0,4,23
09/06/2018,HSA,MS,ASO,CE,Federal Contract Tower,0,2,1,7,10,0,0,11,2,13,0,2,12,9,23,10,0,10,33
09/07/2018,HSA,MS,ASO,CE,Federal Contract Tower,0,0,7,28,35,0,0,28,6,34,0,0,35,34,69,26,14,40,109
09/08/2018,HSA,MS,ASO,CE,Federal Contract Tower,0,0,7,0,7,0,0,5,11,16,0,0,12,11,23,10,4,14,37
09/09/2018,HSA,MS,ASO,CE,Federal Contract Tower,0,0,2,0,2,0,0,15,2,17,0,0,17,2,19,12,10,22,41
09/10/2018,HSA,MS,ASO,CE,Federal Contract Tower,0,0,1,11,12,0,0,30,27,57,0,0,31,38,69,6,72,78,147
09/11/2018,HSA,MS,ASO,CE,Federal Contract Tower,0,0,3,30,33,0,0,18,30,48,0,0,21,60,81,14,41,55,136
09/12/2018,HSA,MS,ASO,CE,Federal Contract Tower,0,0,11,18,29,0,0,27,28,55,0,0,38,46,84,16,74,90,174
09/13/2018,HSA,MS,ASO,CE,Federal Contract Tower,0,0,7,29,36,0,0,32,41,73,0,0,39,70,109,28,78,106,215
09/14/2018,HSA,MS,ASO,CE,Federal Contract Tower,0,0,6,36,42,0,0,40,33,73,0,0,46,69,115,16,72,88,203
09/15/2018,HSA,MS,ASO,CE,Federal Contract Tower,0,0,2,3,5,0,0,27,0,27,0,0,29,3,32,24,0,24,56
09/16/2018,HSA,MS,ASO,CE,Federal Contract Tower,0,2,5,0,7,0,0,14,0,14,0,2,19,0,21,0,0,0,21
09/17/2018,HSA,MS,ASO,CE,Federal Contract Tower,0,0,0,30,30,0,0,27,37,64,0,0,27,67,94,20,99,119,213
09/18/2018,HSA,MS,ASO,CE,Federal Contract Tower,0,0,1,36,37,0,0,22,23,45,0,0,23,59,82,0,50,50,132
09/19/2018,HSA,MS,ASO,CE,Federal Contract Tower,0,0,9,16,25,0,0,15,22,37,0,0,24,38,62,0,32,32,94
09/20/2018,HSA,MS,ASO,CE,Federal Contract Tower,0,0,1,38,39,0,0,38,19,57,0,0,39,57,96,26,28,54,150
09/21/2018,HSA,MS,ASO,CE,Federal Contract Tower,0,0,4,32,36,0,0,31,11,42,0,0,35,43,78,10,32,42,120
09/22/2018,HSA,MS,ASO,CE,Federal Contract Tower,0,0,9,5,14,0,0,9,0,9,0,0,18,5,23,16,2,18,41
09/23/2018,HSA,MS,ASO,CE,Federal Contract Tower,0,1,6,3,10,0,0,5,2,7,0,1,11,5,17,0,4,4,21
09/24/2018,HSA,MS,ASO,CE,Federal Contract Tower,0,0,2,10,12,0,0,29,5,34,0,0,31,15,46,0,12,12,58
09/25/2018,HSA,MS,ASO,CE,Federal Contract Tower,0,1,5,13,19,0,0,23,8,31,0,1,28,21,50,0,12,12,62
09/26/2018,HSA,MS,ASO,CE,Federal Contract Tower,0,0,1,23,24,0,0,29,16,45,0,0,30,39,69,18,56,74,143
09/27/2018,HSA,MS,ASO,CE,Federal Contract Tower,0,0,5,2,7,0,0,10,0,10,0,0,15,2,17,0,4,4,21
09/28/2018,HSA,MS,ASO,CE,Federal Contract Tower,0,0,5,9,14,0,0,2,10,12,0,0,7,19,26,0,4,4,30
09/29/2018,HSA,MS,ASO,CE,Federal Contract Tower,0,0,13,1,14,0,0,2,0,2,0,0,15,1,16,0,0,0,16
09/30/2018,HSA,MS,ASO,CE,Federal Contract Tower,0,0,1,4,5,0,0,4,3,7,0,0,5,7,12,0,4,4,16
10/01/2018,HSA,MS,ASO,CE,Federal Contract Tower,0,0,1,35,36,0,0,33,17,50,0,0,34,52,86,0,32,32,118
10/02/2018,HSA,MS,ASO,CE,Federal Contract Tower,0,0,4,53,57,0,0,37,39,76,0,0,41,92,133,4,70,74,207
10/03/2018,HSA,MS,ASO,CE,Federal Contract Tower,0,2,9,39,50,0,0,26,25,51,0,2,35,64,101,16,92,108,209
10/04/2018,HSA,MS,ASO,CE,Federal Contract Tower,0,0,3,56,59,0,0,30,32,62,0,0,33,88,121,8,98,106,227
10/05/2018,HSA,MS,ASO,CE,Federal Contract Tower,0,0,3,35,38,0,0,11,29,40,0,0,14,64,78,16,58,74,152
10/06/2018,HSA,MS,ASO,CE,Federal Contract Tower,0,0,5,2,7,0,0,11,0,11,0,0,16,2,18,10,0,10,28
10/07/2018,HSA,MS,ASO,CE,Federal Contract Tower,0,2,5,0,7,0,0,21,0,21,0,2,26,0,28,20,0,20,48
10/08/2018,HSA,MS,ASO,CE,Federal Contract Tower,0,0,1,0,1,0,0,16,0,16,0,0,17,0,17,30,0,30,47
10/09/2018,HSA,MS,ASO,CE,Federal Contract Tower,0,0,1,10,11,0,0,0,4,4,0,0,1,14,15,0,0,0,15
10/10/2018,HSA,MS,ASO,CE,Federal Contract Tower,0,1,5,0,6,0,0,13,0,13,0,1,18,0,19,22,0,22,41
10/11/2018,HSA,MS,ASO,CE,Federal Contract Tower,0,0,6,14,20,0,0,29,10,39,0,0,35,24,59,34,32,66,125
10/12/2018,HSA,MS,ASO,CE,Federal Contract Tower,0,0,9,51,60,0,0,24,9,33,0,0,33,60,93,4,64,68,161
10/13/2018,HSA,MS,ASO,CE,Federal Contract Tower,0,0,3,7,10,0,0,5,0,5,0,0,8,7,15,2,0,2,17
10/14/2018,HSA,MS,ASO,CE,Federal Contract Tower,0,0,6,7,13,0,0,18,4,22,0,0,24,11,35,0,20,20,55
10/15/2018,HSA,MS,ASO,CE,Federal Contract Tower,0,0,7,39,46,0,0,29,9,38,0,0,36,48,84,8,16,24,108
10/16/2018,HSA,MS,ASO,CE,Federal Contract Tower,0,0,1,42,43,0,0,20,21,41,0,0,21,63,84,12,77,89,173
10/17/2018,HSA,MS,ASO,CE,Federal Contract Tower,0,2,0,24,26,0,0,4,4,8,0,2,4,28,34,0,16,16,50
10/18/2018,HSA,MS,ASO,CE,Federal Contract Tower,0,0,10,40,50,0,0,28,24,52,0,0,38,64,102,6,84,90,192
10/19/2018,HSA,MS,ASO,CE,Federal Contract Tower,0,0,0,46,46,0,0,18,16,34,0,0,18,62,80,18,32,50,130
10/20/2018,HSA,MS,ASO,CE,Federal Contract Tower,0,0,4,2,6,0,0,9,2,11,0,0,13,4,17,10,0,10,27
10/21/2018,HSA,MS,ASO,CE,Federal Contract Tower,0,2,0,4,6,0,0,6,0,6,0,2,6,4,12,0,0,0,12
10/22/2018,HSA,MS,ASO,CE,Federal Contract Tower,0,0,5,37,42,0,0,43,20,63,0,0,48,57,105,14,70,84,189
10/23/2018,HSA,MS,ASO,CE,Federal Contract Tower,0,0,2,21,23,0,0,4,2,6,0,0,6,23,29,0,0,0,29
10/24/2018,HSA,MS,ASO,CE,Federal Contract Tower,0,0,5,64,69,0,0,29,28,57,0,0,34,92,126,14,40,54,180
10/25/2018,HSA,MS,ASO,CE,Federal Contract Tower,0,0,3,16,19,0,0,0,0,0,0,0,3,16,19,0,0,0,19
10/26/2018,HSA,MS,ASO,CE,Federal Contract Tower,0,0,4,39,43,0,0,19,17,36,0,0,23,56,79,10,78,88,167
10/27/2018,HSA,MS,ASO,CE,Federal Contract Tower,0,2,1,14,17,0,0,11,2,13,0,2,12,16,30,0,8,8,38
10/28/2018,HSA,MS,ASO,CE,Federal Contract Tower,0,0,2,5,7,0,0,9,0,9,0,0,11,5,16,6,0,6,22
10/29/2018,HSA,MS,ASO,CE,Federal Contract Tower,0,0,5,31,36,0,0,21,25,46,0,0,26,56,82,16,28,44,126
10/30/2018,HSA,MS,ASO,CE,Federal Contract Tower,0,0,1,31,32,0,0,25,34,59,0,0,26,65,91,0,82,82,173
10/31/2018,HSA,MS,ASO,CE,Federal Contract Tower,0,0,5,31,36,0,0,36,15,51,0,0,41,46,87,24,74,98,185
11/01/2018,HSA,MS,ASO,CE,Federal Contract Tower,0,0,3,12,15,0,0,2,0,2,0,0,5,12,17,0,18,18,35
11/02/2018,HSA,MS,ASO,CE,Federal Contract Tower,0,0,8,35,43,0,0,22,17,39,0,0,30,52,82,24,50,74,156
11/03/2018,HSA,MS,ASO,CE,Federal Contract Tower,0,0,2,3,5,0,0,11,7,18,0,0,13,10,23,24,0,24,47
11/04/2018,HSA,MS,ASO,CE,Federal Contract Tower,0,0,4,4,8,0,0,7,0,7,0,0,11,4,15,6,0,6,21
11/05/2018,HSA,MS,ASO,CE,Federal Contract Tower,0,0,5,83,88,0,0,6,17,23,0,0,11,100,111,0,70,70,181
11/06/2018,HSA,MS,ASO,CE,Federal Contract Tower,0,0,1,34,35,0,0,10,0,10,0,0,11,34,45,0,0,0,45
11/07/2018,HSA,MS,ASO,CE,Federal Contract Tower,0,0,3,13,16,0,0,2,5,7,0,0,5,18,23,0,36,36,59
11/08/2018,HSA,MS,ASO,CE,Federal Contract Tower,0,0,3,34,37,0,0,2,0,2,0,0,5,34,39,0,0,0,39
11/09/2018,HSA,MS,ASO,CE,Federal Contract Tower,0,0,2,11,13,0,0,0,0,0,0,0,2,11,13,0,0,0,13
11/10/2018,HSA,MS,ASO,CE,Federal Contract Tower,0,0,10,6,16,0,0,12,3,15,0,0,22,9,31,14,10,24,55
11/11/2018,HSA,MS,ASO,CE,Federal Contract Tower,0,0,3,0,3,0,0,6,0,6,0,0,9,0,9,6,0,6,15
11/12/2018,HSA,MS,ASO,CE,Federal Contract Tower,0,0,2,0,2,0,0,3,0,3,0,0,5,0,5,0,0,0,5
11/13/2018,HSA,MS,ASO,CE,Federal Contract Tower,0,0,3,0,3,0,0,2,0,2,0,0,5,0,5,0,0,0,5
11/14/2018,HSA,MS,ASO,CE,Federal Contract Tower,0,0,1,11,12,0,0,0,8,8,0,0,1,19,20,0,6,6,26
11/15/2018,HSA,MS,ASO,CE,Federal Contract Tower,0,0,4,51,55,0,0,28,43,71,0,0,32,94,126,22,172,194,320
11/16/2018,HSA,MS,ASO,CE,Federal Contract Tower,0,0,19,34,53,0,0,24,15,39,0,0,43,49,92,22,68,90,182
11/17/2018,HSA,MS,ASO,CE,Federal Contract Tower,0,0,5,16,21,0,0,21,0,21,0,0,26,16,42,20,12,32,74
11/18/2018,HSA,MS,ASO,CE,Federal Contract Tower,0,0,4,0,4,0,0,4,7,11,0,0,8,7,15,0,6,6,21
11/19/2018,HSA,MS,ASO,CE,Federal Contract Tower,0,0,10,33,43,0,0,15,10,25,0,0,25,43,68,22,18,40,108
11/20/2018,HSA,MS,ASO,CE,Federal Contract Tower,0,0,11,37,48,0,0,5,28,33,0,0,16,65,81,10,110,120,201
11/21/2018,HSA,MS,ASO,CE,Federal Contract Tower,0,0,6,2,8,0,0,28,0,28,0,0,34,2,36,12,6,18,54
11/22/2018,HSA,MS,ASO,CE,Federal Contract Tower,0,0,1,0,1,0,0,3,0,3,0,0,4,0,4,10,0,10,14
11/23/2018,HSA,MS,ASO,CE,Federal Contract Tower,0,0,2,0,2,0,0,8,0,8,0,0,10,0,10,0,0,0,10
11/24/2018,HSA,MS,ASO,CE,Federal Contract Tower,0,2,3,0,5,0,0,8,0,8,0,2,11,0,13,0,0,0,13
11/25/2018,HSA,MS,ASO,CE,Federal Contract Tower,0,0,3,0,3,0,0,0,0,0,0,0,3,0,3,0,0,0,3
11/26/2018,HSA,MS,ASO,CE,Federal Contract Tower,0,0,8,14,22,0,0,7,16,23,0,0,15,30,45,0,18,18,63
11/27/2018,HSA,MS,ASO,CE,Federal Contract Tower,0,1,11,44,56,0,0,15,44,59,0,1,26,88,115,16,122,138,253
11/28/2018,HSA,MS,ASO,CE,Federal Contract Tower,0,0,2,29,31,0,0,18,55,73,0,0,20,84,104,0,60,60,164
11/29/2018,HSA,MS,ASO,CE,Federal Contract Tower,0,1,5,42,48,0,0,13,40,53,0,1,18,82,101,32,72,104,205
11/30/2018,HSA,MS,ASO,CE,Federal Contract Tower,0,0,6,36,42,0,0,7,3,10,0,0,13,39,52,14,24,38,90
12/01/2018,HSA,MS,ASO,CE,Federal Contract Tower,0,1,4,0,5,0,0,0,0,0,0,1,4,0,5,0,0,0,5
12/02/2018,HSA,MS,ASO,CE,Federal Contract Tower,0,1,12,10,23,0,0,28,1,29,0,1,40,11,52,28,4,32,84
12/03/2018,HSA,MS,ASO,CE,Federal Contract Tower,0,0,5,47,52,0,0,28,42,70,0,0,33,89,122,18,50,68,190
12/04/2018,HSA,MS,ASO,CE,Federal Contract Tower,0,0,0,36,36,0,0,17,38,55,0,0,17,74,91,16,106,122,213
12/05/2018,HSA,MS,ASO,CE,Federal Contract Tower,0,0,9,1,10,0,0,17,2,19,0,0,26,3,29,6,6,12,41
12/06/2018,HSA,MS,ASO,CE,Federal Contract Tower,0,0,2,44,46,0,0,8,29,37,0,0,10,73,83,4,50,54,137
12/07/2018,HSA,MS,ASO,CE,Federal Contract Tower,0,0,5,45,50,0,0,13,12,25,0,0,18,57,75,8,6,14,89
12/08/2018,HSA,MS,ASO,CE,Federal Contract Tower,0,0,0,1,1,0,0,0,0,0,0,0,0,1,1,0,0,0,1
12/09/2018,HSA,MS,ASO,CE,Federal Contract Tower,0,0,7,3,10,0,0,0,2,2,0,0,7,5,12,0,10,10,22
12/10/2018,HSA,MS,ASO,CE,Federal Contract Tower,0,0,2,37,39,0,0,12,24,36,0,0,14,61,75,0,78,78,153
12/11/2018,HSA,MS,ASO,CE,Federal Contract Tower,0,0,7,29,36,0,0,14,30,44,0,0,21,59,80,0,96,96,176
12/12/2018,HSA,MS,ASO,CE,Federal Contract Tower,0,2,3,45,50,0,0,5,19,24,0,2,8,64,74,0,62,62,136
12/13/2018,HSA,MS,ASO,CE,Federal Contract Tower,0,0,4,19,23,0,0,0,6,6,0,0,4,25,29,0,26,26,55
12/14/2018,HSA,MS,ASO,CE,Federal Contract Tower,0,0,0,50,50,0,0,0,18,18,0,0,0,68,68,0,62,62,130
12/15/2018,HSA,MS,ASO,CE,Federal Contract Tower,0,0,8,0,8,0,0,4,2,6,0,0,12,2,14,8,2,10,24
12/16/2018,HSA,MS,ASO,CE,Federal Contract Tower,0,0,3,2,5,0,0,11,8,19,0,0,14,10,24,2,8,10,34
12/17/2018,HSA,MS,ASO,CE,Federal Contract Tower,0,0,5,27,32,0,0,26,17,43,0,0,31,44,75,28,82,110,185
12/18/2018,HSA,MS,ASO,CE,Federal Contract Tower,0,0,7,53,60,0,0,22,40,62,0,0,29,93,122,14,131,145,267
12/19/2018,HSA,MS,ASO,CE,Federal Contract Tower,0,0,3,20,23,0,0,4,14,18,0,0,7,34,41,22,18,40,81
12/20/2018,HSA,MS,ASO,CE,Federal Contract Tower,0,0,8,11,19,0,0,0,0,0,0,0,8,11,19,6,0,6,25
12/21/2018,HSA,MS,ASO,CE,Federal Contract Tower,0,0,8,8,16,0,0,12,2,14,0,0,20,10,30,6,10,16,46
12/22/2018,HSA,MS,ASO,CE,Federal Contract Tower,0,2,1,0,3,0,0,9,0,9,0,2,10,0,12,14,0,14,26
12/23/2018,HSA,MS,ASO,CE,Federal Contract Tower,0,0,0,0,0,0,0,4,0,4,0,0,4,0,4,8,0,8,12
12/24/2018,HSA,MS,ASO,CE,Federal Contract Tower,0,2,0,0,2,0,0,2,0,2,0,2,2,0,4,2,0,2,6
12/25/2018,HSA,MS,ASO,CE,Federal Contract Tower,0,0,0,0,0,0,0,2,0,2,0,0,2,0,2,0,0,0,2
12/26/2018,HSA,MS,ASO,CE,Federal Contract Tower,0,2,5,10,17,0,0,9,5,14,0,2,14,15,31,42,8,50,81
12/27/2018,HSA,MS,ASO,CE,Federal Contract Tower,0,0,1,4,5,0,0,0,0,0,0,0,1,4,5,0,0,0,5
12/28/2018,HSA,MS,ASO,CE,Federal Contract Tower,0,0,4,2,6,0,0,0,0,0,0,0,4,2,6,0,0,0,6
12/29/2018,HSA,MS,ASO,CE,Federal Contract Tower,0,5,1,0,6,0,0,0,0,0,0,5,1,0,6,0,0,0,6
12/30/2018,HSA,MS,ASO,CE,Federal Contract Tower,0,0,1,0,1,0,0,0,0,0,0,0,1,0,1,0,0,0,1
12/31/2018,HSA,MS,ASO,CE,Federal Contract Tower,0,29,1,0,30,0,1,0,0,1,0,30,1,0,31,0,0,0,31
01/01/2019,HSA,MS,ASO,CE,Federal Contract Tower,0,2,11,0,13,0,0,0,0,0,0,2,11,0,13,0,0,0,13
01/02/2019,HSA,MS,ASO,CE,Federal Contract Tower,0,21,2,1,24,0,0,0,0,0,0,21,2,1,24,0,0,0,24
01/03/2019,HSA,MS,ASO,CE,Federal Contract Tower,0,0,1,20,21,0,11,0,13,24,0,11,1,33,45,0,14,14,59
01/04/2019,HSA,MS,ASO,CE,Federal Contract Tower,0,0,3,31,34,0,0,10,21,31,0,0,13,52,65,14,36,50,115
01/05/2019,HSA,MS,ASO,CE,Federal Contract Tower,0,0,1,0,1,0,2,19,2,23,0,2,20,2,24,32,0,32,56
01/06/2019,HSA,MS,ASO,CE,Federal Contract Tower,0,0,5,3,8,0,0,10,1,11,0,0,15,4,19,0,8,8,27
01/07/2019,HSA,MS,ASO,CE,Federal Contract Tower,0,2,4,38,44,0,0,10,7,17,0,2,14,45,61,22,52,74,135
01/09/2019,HSA,MS,ASO,CE,Federal Contract Tower,0,0,1,40,41,0,0,13,27,40,0,0,14,67,81,24,88,112,193
01/10/2019,HSA,MS,ASO,CE,Federal Contract Tower,0,0,2,40,42,0,0,30,23,53,0,0,32,63,95,50,134,184,279
01/11/2019,HSA,MS,ASO,CE,Federal Contract Tower,0,0,3,67,70,0,0,24,54,78,0,0,27,121,148,34,100,134,282
01/12/2019,HSA,MS,ASO,CE,Federal Contract Tower,0,0,0,2,2,0,0,6,8,14,0,0,6,10,16,22,14,36,52
01/13/2019,HSA,MS,ASO,CE,Federal Contract Tower,0,0,4,11,15,0,3,0,0,3,0,3,4,11,18,0,0,0,18
01/14/2019,HSA,MS,ASO,CE,Federal Contract Tower,0,1,0,37,38,0,0,14,2,16,0,1,14,39,54,26,40,66,120
01/15/2019,HSA,MS,ASO,CE,Federal Contract Tower,0,1,0,17,18,0,0,13,2,15,0,1,13,19,33,16,22,38,71
01/16/2019,HSA,MS,ASO,CE,Federal Contract Tower,0,0,2,26,28,0,0,21,33,54,0,0,23,59,82,42,70,112,194
01/17/2019,HSA,MS,ASO,CE,Federal Contract Tower,0,0,0,35,35,0,0,7,21,28,0,0,7,56,63,4,58,62,125
01/18/2019,HSA,MS,ASO,CE,Federal Contract Tower,0,0,3,20,23,0,0,0,2,2,0,0,3,22,25,0,12,12,37
01/19/2019,HSA,MS,ASO,CE,Federal Contract Tower,0,0,0,0,0,0,0,0,8,8,0,0,0,8,8,0,14,14,22
01/20/2019,HSA,MS,ASO,CE,Federal Contract Tower,0,0,4,0,4,0,0,7,3,10,0,0,11,3,14,6,4,10,24
01/21/2019,HSA,MS,ASO,CE,Federal Contract Tower,0,0,8,0,8,0,0,16,0,16,0,0,24,0,24,12,2,14,38
01/22/2019,HSA,MS,ASO,CE,Federal Contract Tower,0,0,70,0,70,0,0,10,14,24,0,0,80,14,94,0,74,74,168
01/23/2019,HSA,MS,ASO,CE,Federal Contract Tower,0,0,2,0,2,0,0,0,0,0,0,0,2,0,2,0,0,0,2
01/24/2019,HSA,MS,ASO,CE,Federal Contract Tower,0,0,5,94,99,0,0,13,39,52,0,0,18,133,151,2,132,134,285
01/25/2019,HSA,MS,ASO,CE,Federal Contract Tower,0,0,9,63,72,0,0,25,44,69,0,0,34,107,141,6,106,112,253
01/26/2019,HSA,MS,ASO,CE,Federal Contract Tower,0,0,0,0,0,0,0,20,4,24,0,0,20,4,24,14,10,24,48
01/27/2019,HSA,MS,ASO,CE,Federal Contract Tower,0,0,6,0,6,0,0,23,8,31,0,0,29,8,37,18,20,38,75
01/28/2019,HSA,MS,ASO,CE,Federal Contract Tower,0,2,5,26,33,0,0,16,9,25,0,2,21,35,58,0,70,70,128
01/29/2019,HSA,MS,ASO,CE,Federal Contract Tower,0,0,5,19,24,0,0,2,25,27,0,0,7,44,51,14,60,74,125
01/30/2019,HSA,MS,ASO,CE,Federal Contract Tower,0,0,0,35,35,0,0,12,26,38,0,0,12,61,73,16,52,68,141
01/31/2019,HSA,MS,ASO,CE,Federal Contract Tower,0,0,18,39,57,0,0,25,29,54,0,0,43,68,111,24,94,118,229
02/01/2019,HSA,MS,ASO,CE,Federal Contract Tower,0,0,5,28,33,0,0,14,12,26,0,0,19,40,59,0,42,42,101
02/02/2019,HSA,MS,ASO,CE,Federal Contract Tower,0,0,2,2,4,0,2,1,4,7,0,2,3,6,11,0,4,4,15
02/03/2019,HSA,MS,ASO,CE,Federal Contract Tower,0,2,4,6,12,0,0,4,0,4,0,2,8,6,16,0,0,0,16
02/04/2019,HSA,MS,ASO,CE,Federal Contract Tower,0,0,0,4,4,0,0,0,0,0,0,0,0,4,4,0,0,0,4
02/05/2019,HSA,MS,ASO,CE,Federal Contract Tower,0,0,1,0,1,0,0,0,0,0,0,0,1,0,1,0,0,0,1
02/06/2019,HSA,MS,ASO,CE,Federal Contract Tower,0,0,7,10,17,0,0,1,3,4,0,0,8,13,21,18,0,18,39
02/07/2019,HSA,MS,ASO,CE,Federal Contract Tower,0,0,6,15,21,0,0,3,7,10,0,0,9,22,31,0,0,0,31
02/08/2019,HSA,MS,ASO,CE,Federal Contract Tower,0,0,9,26,35,0,0,23,26,49,0,0,32,52,84,10,42,52,136
02/09/2019,HSA,MS,ASO,CE,Federal Contract Tower,0,0,4,2,6,0,0,14,4,18,0,0,18,6,24,10,8,18,42
02/10/2019,HSA,MS,ASO,CE,Federal Contract Tower,0,0,4,6,10,0,0,0,4,4,0,0,4,10,14,0,0,0,14
02/11/2019,HSA,MS,ASO,CE,Federal Contract Tower,0,2,1,30,33,0,0,0,0,0,0,2,1,30,33,0,0,0,33
02/12/2019,HSA,MS,ASO,CE,Federal Contract Tower,0,0,4,9,13,0,0,1,3,4,0,0,5,12,17,18,16,34,51
02/13/2019,HSA,MS,ASO,CE,Federal Contract Tower,0,0,12,21,33,0,0,33,37,70,0,0,45,58,103,0,70,70,173
02/14/2019,HSA,MS,ASO,CE,Federal Contract Tower,0,0,8,21,29,0,0,14,33,47,0,0,22,54,76,6,32,38,114
02/15/2019,HSA,MS,ASO,CE,Federal Contract Tower,0,0,3,45,48,0,0,10,6,16,0,0,13,51,64,26,18,44,108
02/16/2019,HSA,MS,ASO,CE,Federal Contract Tower,0,1,3,0,4,0,0,1,0,1,0,1,4,0,5,8,0,8,13
02/17/2019,HSA,MS,ASO,CE,Federal Contract Tower,0,1,3,17,21,0,0,0,0,0,0,1,3,17,21,0,0,0,21
02/18/2019,HSA,MS,ASO,CE,Federal Contract Tower,0,1,1,15,17,0,0,8,5,13,0,1,9,20,30,12,8,20,50
02/19/2019,HSA,MS,ASO,CE,Federal Contract Tower,0,1,4,27,32,0,0,0,0,0,0,1,4,27,32,4,6,10,42
02/20/2019,HSA,MS,ASO,CE,Federal Contract Tower,0,0,1,0,1,0,0,0,0,0,0,0,1,0,1,0,0,0,1
02/21/2019,HSA,MS,ASO,CE,Federal Contract Tower,0,0,3,8,11,0,0,0,0,0,0,0,3,8,11,0,0,0,11
02/22/2019,HSA,MS,ASO,CE,Federal Contract Tower,0,2,3,15,20,0,0,0,0,0,0,2,3,15,20,0,2,2,22
02/23/2019,HSA,MS,ASO,CE,Federal Contract Tower,0,0,1,0,1,0,0,0,0,0,0,0,1,0,1,0,0,0,1
02/24/2019,HSA,MS,ASO,CE,Federal Contract Tower,0,0,1,5,6,0,0,23,2,25,0,0,24,7,31,9,0,9,40
02/25/2019,HSA,MS,ASO,CE,Federal Contract Tower,0,0,12,32,44,0,0,16,14,30,0,0,28,46,74,18,46,64,138
02/26/2019,HSA,MS,ASO,CE,Federal Contract Tower,0,0,5,20,25,0,0,16,9,25,0,0,21,29,50,48,4,52,102
02/27/2019,HSA,MS,ASO,CE,Federal Contract Tower,0,0,4,29,33,0,0,15,23,38,0,0,19,52,71,28,72,100,171
02/28/2019,HSA,MS,ASO,CE,Federal Contract Tower,0,0,4,21,25,0,0,3,4,7,0,0,7,25,32,4,0,4,36
03/01/2019,HSA,MS,ASO,CE,Federal Contract Tower,0,0,5,44,49,0,0,8,12,20,0,0,13,56,69,0,92,92,161
03/02/2019,HSA,MS,ASO,CE,Federal Contract Tower,0,0,6,6,12,0,0,0,0,0,0,0,6,6,12,0,0,0,12
03/03/2019,HSA,MS,ASO,CE,Federal Contract Tower,0,0,0,0,0,0,0,0,0,0,0,0,0,0,0,0,0,0,0
03/04/2019,HSA,MS,ASO,CE,Federal Contract Tower,0,0,0,22,22,0,0,6,15,21,0,0,6,37,43,0,46,46,89
03/05/2019,HSA,MS,ASO,CE,Federal Contract Tower,0,2,6,21,29,0,0,19,17,36,0,2,25,38,65,16,56,72,137
03/06/2019,HSA,MS,ASO,CE,Federal Contract Tower,0,0,4,20,24,0,0,27,33,60,0,0,31,53,84,18,92,110,194
03/07/2019,HSA,MS,ASO,CE,Federal Contract Tower,0,0,3,20,23,0,0,32,13,45,0,0,35,33,68,36,14,50,118
03/08/2019,HSA,MS,ASO,CE,Federal Contract Tower,0,0,1,27,28,0,0,18,22,40,0,0,19,49,68,20,16,36,104
03/09/2019,HSA,MS,ASO,CE,Federal Contract Tower,0,0,0,0,0,0,0,0,0,0,0,0,0,0,0,0,0,0,0
03/10/2019,HSA,MS,ASO,CE,Federal Contract Tower,0,0,2,1,3,0,0,3,6,9,0,0,5,7,12,0,0,0,12
03/11/2019,HSA,MS,ASO,CE,Federal Contract Tower,0,0,6,12,18,0,0,4,4,8,0,0,10,16,26,26,8,34,60
03/12/2019,HSA,MS,ASO,CE,Federal Contract Tower,0,0,6,61,67,0,0,36,21,57,0,0,42,82,124,22,138,160,284
03/13/2019,HSA,MS,ASO,CE,Federal Contract Tower,0,0,10,31,41,0,0,1,2,3,0,0,11,33,44,8,32,40,84
03/14/2019,HSA,MS,ASO,CE,Federal Contract Tower,0,0,2,18,20,0,0,1,0,1,0,0,3,18,21,14,2,16,37
03/15/2019,HSA,MS,ASO,CE,Federal Contract Tower,0,0,17,14,31,0,0,18,7,25,0,0,35,21,56,20,92,112,168
03/16/2019,HSA,MS,ASO,CE,Federal Contract Tower,0,0,5,3,8,0,0,21,3,24,0,0,26,6,32,42,10,52,84
03/17/2019,HSA,MS,ASO,CE,Federal Contract Tower,0,0,5,0,5,0,0,10,0,10,0,0,15,0,15,0,0,0,15
03/18/2019,HSA,MS,ASO,CE,Federal Contract Tower,0,0,14,32,46,0,0,27,15,42,0,0,41,47,88,44,132,176,264
03/19/2019,HSA,MS,ASO,CE,Federal Contract Tower,0,2,7,29,38,0,0,20,12,32,0,2,27,41,70,28,52,80,150
03/20/2019,HSA,MS,ASO,CE,Federal Contract Tower,0,0,8,36,44,0,0,27,24,51,0,0,35,60,95,60,64,124,219
03/21/2019,HSA,MS,ASO,CE,Federal Contract Tower,0,2,3,76,81,0,0,43,34,77,0,2,46,110,158,14,90,104,262
03/22/2019,HSA,MS,ASO,CE,Federal Contract Tower,0,0,10,45,55,0,0,19,27,46,0,0,29,72,101,0,86,86,187
03/23/2019,HSA,MS,ASO,CE,Federal Contract Tower,0,0,6,2,8,0,0,9,0,9,0,0,15,2,17,8,0,8,25
03/24/2019,HSA,MS,ASO,CE,Federal Contract Tower,0,2,2,0,4,0,0,5,2,7,0,2,7,2,11,0,12,12,23
03/25/2019,HSA,MS,ASO,CE,Federal Contract Tower,0,0,2,19,21,0,0,21,24,45,0,0,23,43,66,32,6,38,104
03/26/2019,HSA,MS,ASO,CE,Federal Contract Tower,0,0,4,40,44,0,0,8,20,28,0,0,12,60,72,60,70,130,202
03/27/2019,HSA,MS,ASO,CE,Federal Contract Tower,0,0,5,21,26,0,0,16,33,49,0,0,21,54,75,52,69,121,196
03/28/2019,HSA,MS,ASO,CE,Federal Contract Tower,0,0,9,50,59,0,0,35,41,76,0,0,44,91,135,24,84,108,243
03/29/2019,HSA,MS,ASO,CE,Federal Contract Tower,0,0,5,36,41,0,0,31,21,52,0,0,36,57,93,62,44,106,199
03/30/2019,HSA,MS,ASO,CE,Federal Contract Tower,0,1,5,14,20,0,0,10,0,10,0,1,15,14,30,20,32,52,82
03/31/2019,HSA,MS,ASO,CE,Federal Contract Tower,0,1,4,4,9,0,0,0,2,2,0,1,4,6,11,0,0,0,11
04/01/2019,HSA,MS,ASO,CE,Federal Contract Tower,0,0,2,42,44,0,0,12,28,40,0,0,14,70,84,12,58,70,154
04/02/2019,HSA,MS,ASO,CE,Federal Contract Tower,0,0,9,25,34,0,0,30,26,56,0,0,39,51,90,46,26,72,162
04/03/2019,HSA,MS,ASO,CE,Federal Contract Tower,0,0,6,41,47,0,0,28,48,76,0,0,34,89,123,0,80,80,203
04/04/2019,HSA,MS,ASO,CE,Federal Contract Tower,0,0,0,0,0,0,0,0,0,0,0,0,0,0,0,0,0,0,0
04/05/2019,HSA,MS,ASO,CE,Federal Contract Tower,0,0,4,2,6,0,0,0,0,0,0,0,4,2,6,0,0,0,6
04/06/2019,HSA,MS,ASO,CE,Federal Contract Tower,0,0,4,2,6,0,0,2,0,2,0,0,6,2,8,0,0,0,8
04/07/2019,HSA,MS,ASO,CE,Federal Contract Tower,0,0,1,5,6,0,0,0,0,0,0,0,1,5,6,0,0,0,6
04/08/2019,HSA,MS,ASO,CE,Federal Contract Tower,0,0,0,29,29,0,0,2,4,6,0,0,2,33,35,14,68,82,117
04/09/2019,HSA,MS,ASO,CE,Federal Contract Tower,0,0,4,32,36,0,0,12,16,28,0,0,16,48,64,4,52,56,120
04/10/2019,HSA,MS,ASO,CE,Federal Contract Tower,0,2,11,45,58,0,0,22,50,72,0,2,33,95,130,36,109,145,275
04/11/2019,HSA,MS,ASO,CE,Federal Contract Tower,0,0,11,48,59,0,0,29,18,47,0,0,40,66,106,0,104,104,210
04/12/2019,HSA,MS,ASO,CE,Federal Contract Tower,0,0,16,26,42,0,0,24,23,47,0,0,40,49,89,2,24,26,115
04/13/2019,HSA,MS,ASO,CE,Federal Contract Tower,0,0,4,3,7,0,0,0,4,4,0,0,4,7,11,0,0,0,11
04/14/2019,HSA,MS,ASO,CE,Federal Contract Tower,0,0,3,5,8,0,0,12,6,18,0,0,15,11,26,0,0,0,26
04/15/2019,HSA,MS,ASO,CE,Federal Contract Tower,0,1,7,43,51,0,0,49,21,70,0,1,56,64,121,62,72,134,255
04/16/2019,HSA,MS,ASO,CE,Federal Contract Tower,0,0,16,32,48,0,0,49,20,69,0,0,65,52,117,2,38,40,157
04/17/2019,HSA,MS,ASO,CE,Federal Contract Tower,0,0,13,30,43,0,0,44,23,67,0,0,57,53,110,4,64,68,178
04/18/2019,HSA,MS,ASO,CE,Federal Contract Tower,0,0,1,6,7,0,0,8,2,10,0,0,9,8,17,0,0,0,17
04/19/2019,HSA,MS,ASO,CE,Federal Contract Tower,0,0,2,7,9,0,0,10,7,17,0,0,12,14,26,10,8,18,44
04/20/2019,HSA,MS,ASO,CE,Federal Contract Tower,0,0,2,0,2,0,0,18,0,18,0,0,20,0,20,0,0,0,20
04/21/2019,HSA,MS,ASO,CE,Federal Contract Tower,0,0,3,0,3,0,0,14,0,14,0,0,17,0,17,10,0,10,27
04/22/2019,HSA,MS,ASO,CE,Federal Contract Tower,0,2,19,23,44,0,0,35,27,62,0,2,54,50,106,26,62,88,194
04/23/2019,HSA,MS,ASO,CE,Federal Contract Tower,0,0,10,48,58,0,0,23,22,45,0,0,33,70,103,2,76,78,181
04/24/2019,HSA,MS,ASO,CE,Federal Contract Tower,0,2,10,30,42,0,0,23,16,39,0,2,33,46,81,4,60,64,145
04/25/2019,HSA,MS,ASO,CE,Federal Contract Tower,0,1,3,0,4,0,0,3,0,3,0,1,6,0,7,0,0,0,7
04/26/2019,HSA,MS,ASO,CE,Federal Contract Tower,0,0,8,37,45,0,0,32,35,67,0,0,40,72,112,2,78,80,192
04/27/2019,HSA,MS,ASO,CE,Federal Contract Tower,0,0,3,6,9,0,0,15,1,16,0,0,18,7,25,14,8,22,47
04/28/2019,HSA,MS,ASO,CE,Federal Contract Tower,0,0,2,4,6,0,0,15,8,23,0,0,17,12,29,0,12,12,41
04/29/2019,HSA,MS,ASO,CE,Federal Contract Tower,0,0,7,55,62,0,0,18,33,51,0,0,25,88,113,0,152,152,265
04/30/2019,HSA,MS,ASO,CE,Federal Contract Tower,0,0,13,42,55,0,0,35,21,56,0,0,48,63,111,12,84,96,207
05/01/2019,HSA,MS,ASO,CE,Federal Contract Tower,0,0,9,47,56,0,0,21,18,39,0,0,30,65,95,6,71,77,172
05/02/2019,HSA,MS,ASO,CE,Federal Contract Tower,0,1,11,64,76,0,0,51,58,109,0,1,62,122,185,40,51,91,276
05/03/2019,HSA,MS,ASO,CE,Federal Contract Tower,0,0,3,37,40,0,0,24,24,48,0,0,27,61,88,14,79,93,181
05/04/2019,HSA,MS,ASO,CE,Federal Contract Tower,0,1,1,0,2,0,0,0,0,0,0,1,1,0,2,0,0,0,2
05/05/2019,HSA,MS,ASO,CE,Federal Contract Tower,0,2,3,1,6,0,1,8,0,9,0,3,11,1,15,8,0,8,23
05/06/2019,HSA,MS,ASO,CE,Federal Contract Tower,0,0,0,46,46,0,0,25,14,39,0,0,25,60,85,34,78,112,197
05/07/2019,HSA,MS,ASO,CE,Federal Contract Tower,0,0,11,46,57,0,0,20,27,47,0,0,31,73,104,34,64,98,202
05/08/2019,HSA,MS,ASO,CE,Federal Contract Tower,0,0,1,62,63,0,0,30,21,51,0,0,31,83,114,8,50,58,172
05/09/2019,HSA,MS,ASO,CE,Federal Contract Tower,0,0,3,19,22,0,0,6,1,7,0,0,9,20,29,16,6,22,51
05/10/2019,HSA,MS,ASO,CE,Federal Contract Tower,0,0,4,4,8,0,0,2,2,4,0,0,6,6,12,0,28,28,40
05/11/2019,HSA,MS,ASO,CE,Federal Contract Tower,0,0,1,0,1,0,0,1,0,1,0,0,2,0,2,0,0,0,2
05/12/2019,HSA,MS,ASO,CE,Federal Contract Tower,0,0,3,1,4,0,0,7,1,8,0,0,10,2,12,6,8,14,26
05/13/2019,HSA,MS,ASO,CE,Federal Contract Tower,0,0,2,32,34,0,0,20,13,33,0,0,22,45,67,2,20,22,89
05/14/2019,HSA,MS,ASO,CE,Federal Contract Tower,0,0,9,32,41,0,0,20,15,35,0,0,29,47,76,12,2,14,90
05/15/2019,HSA,MS,ASO,CE,Federal Contract Tower,0,0,21,49,70,0,0,32,29,61,0,0,53,78,131,20,66,86,217
05/16/2019,HSA,MS,ASO,CE,Federal Contract Tower,0,0,7,26,33,0,0,35,19,54,0,0,42,45,87,14,34,48,135
05/17/2019,HSA,MS,ASO,CE,Federal Contract Tower,0,0,6,36,42,0,0,27,18,45,0,0,33,54,87,4,38,42,129
05/18/2019,HSA,MS,ASO,CE,Federal Contract Tower,0,0,7,23,30,0,0,18,16,34,0,0,25,39,64,12,14,26,90
05/19/2019,HSA,MS,ASO,CE,Federal Contract Tower,0,0,1,12,13,0,0,0,0,0,0,0,1,12,13,0,0,0,13
05/22/2019,HSA,MS,ASO,CE,Federal Contract Tower,0,0,18,43,61,0,0,17,26,43,0,0,35,69,104,12,40,52,156
05/23/2019,HSA,MS,ASO,CE,Federal Contract Tower,0,2,6,37,45,0,0,13,18,31,0,2,19,55,76,36,52,88,164
05/24/2019,HSA,MS,ASO,CE,Federal Contract Tower,0,0,11,1,12,0,0,24,3,27,0,0,35,4,39,30,0,30,69
05/26/2019,HSA,MS,ASO,CE,Federal Contract Tower,0,0,2,0,2,0,0,13,0,13,0,0,15,0,15,6,0,6,21
05/27/2019,HSA,MS,ASO,CE,Federal Contract Tower,0,2,0,0,2,0,0,21,0,21,0,2,21,0,23,18,0,18,41
05/28/2019,HSA,MS,ASO,CE,Federal Contract Tower,0,0,6,46,52,0,0,0,0,0,0,0,6,46,52,20,80,100,152
05/29/2019,HSA,MS,ASO,CE,Federal Contract Tower,0,0,9,55,64,0,0,18,8,26,0,0,27,63,90,18,40,58,148
05/30/2019,HSA,MS,ASO,CE,Federal Contract Tower,0,0,8,43,51,0,0,21,20,41,0,0,29,63,92,30,88,118,210
05/31/2019,HSA,MS,ASO,CE,Federal Contract Tower,0,2,11,37,50,0,0,20,9,29,0,2,31,46,79,14,6,20,99
06/01/2019,HSA,MS,ASO,CE,Federal Contract Tower,0,2,5,3,10,0,0,23,3,26,0,2,28,6,36,0,8,8,44
06/02/2019,HSA,MS,ASO,CE,Federal Contract Tower,0,0,2,3,5,0,0,6,2,8,0,0,8,5,13,8,4,12,25
06/03/2019,HSA,MS,ASO,CE,Federal Contract Tower,0,0,7,56,63,0,0,14,18,32,0,0,21,74,95,8,22,30,125
06/04/2019,HSA,MS,ASO,CE,Federal Contract Tower,0,0,7,68,75,0,0,33,7,40,0,0,40,75,115,14,44,58,173
06/05/2019,HSA,MS,ASO,CE,Federal Contract Tower,0,0,3,14,17,0,0,7,1,8,0,0,10,15,25,2,0,2,27
06/06/2019,HSA,MS,ASO,CE,Federal Contract Tower,0,0,4,6,10,0,0,15,15,30,0,0,19,21,40,0,0,0,40
06/07/2019,HSA,MS,ASO,CE,Federal Contract Tower,0,0,4,28,32,0,0,11,21,32,0,0,15,49,64,0,4,4,68
06/08/2019,HSA,MS,ASO,CE,Federal Contract Tower,0,0,5,1,6,0,0,7,1,8,0,0,12,2,14,0,0,0,14
06/10/2019,HSA,MS,ASO,CE,Federal Contract Tower,0,0,4,42,46,0,0,18,17,35,0,0,22,59,81,12,92,104,185
06/11/2019,HSA,MS,ASO,CE,Federal Contract Tower,0,0,4,37,41,0,0,24,22,46,0,0,28,59,87,28,12,40,127
06/12/2019,HSA,MS,ASO,CE,Federal Contract Tower,0,0,3,38,41,0,0,27,29,56,0,0,30,67,97,12,92,104,201
06/13/2019,HSA,MS,ASO,CE,Federal Contract Tower,0,4,4,36,44,0,0,31,35,66,0,4,35,71,110,18,58,76,186
06/14/2019,HSA,MS,ASO,CE,Federal Contract Tower,0,0,5,34,39,0,0,27,16,43,0,0,32,50,82,18,40,58,140
06/15/2019,HSA,MS,ASO,CE,Federal Contract Tower,0,0,1,2,3,0,0,9,1,10,0,0,10,3,13,8,8,16,29
06/16/2019,HSA,MS,ASO,CE,Federal Contract Tower,0,0,4,0,4,0,0,7,0,7,0,0,11,0,11,12,0,12,23
06/17/2019,HSA,MS,ASO,CE,Federal Contract Tower,0,0,2,45,47,0,0,14,1,15,0,0,16,46,62,0,14,14,76
06/18/2019,HSA,MS,ASO,CE,Federal Contract Tower,0,0,5,5,10,0,0,10,9,19,0,0,15,14,29,0,16,16,45
06/19/2019,HSA,MS,ASO,CE,Federal Contract Tower,0,0,10,66,76,0,0,21,34,55,0,0,31,100,131,2,52,54,185
06/20/2019,HSA,MS,ASO,CE,Federal Contract Tower,0,0,14,45,59,0,0,32,20,52,0,0,46,65,111,18,45,63,174
06/21/2019,HSA,MS,ASO,CE,Federal Contract Tower,0,0,3,23,26,0,0,23,15,38,0,0,26,38,64,18,28,46,110
06/22/2019,HSA,MS,ASO,CE,Federal Contract Tower,0,2,1,17,20,0,0,19,3,22,0,2,20,20,42,0,12,12,54
06/23/2019,HSA,MS,ASO,CE,Federal Contract Tower,0,0,0,3,3,0,0,6,1,7,0,0,6,4,10,0,0,0,10
06/24/2019,HSA,MS,ASO,CE,Federal Contract Tower,0,0,0,11,11,0,0,9,6,15,0,0,9,17,26,18,18,36,62
06/26/2019,HSA,MS,ASO,CE,Federal Contract Tower,0,1,13,47,61,0,0,22,17,39,0,1,35,64,100,8,42,50,150
06/27/2019,HSA,MS,ASO,CE,Federal Contract Tower,0,0,10,26,36,0,0,17,3,20,0,0,27,29,56,0,10,10,66
06/28/2019,HSA,MS,ASO,CE,Federal Contract Tower,0,0,6,22,28,0,0,22,9,31,0,0,28,31,59,0,14,14,73
06/29/2019,HSA,MS,ASO,CE,Federal Contract Tower,0,1,6,0,7,0,2,13,0,15,0,3,19,0,22,8,0,8,30
06/30/2019,HSA,MS,ASO,CE,Federal Contract Tower,0,1,2,0,3,0,0,13,2,15,0,1,15,2,18,16,4,20,38
07/01/2019,HSA,MS,ASO,CE,Federal Contract Tower,0,1,6,45,52,0,0,27,17,44,0,1,33,62,96,0,72,72,168
07/02/2019,HSA,MS,ASO,CE,Federal Contract Tower,0,0,9,33,42,0,0,21,6,27,0,0,30,39,69,22,44,66,135
07/03/2019,HSA,MS,ASO,CE,Federal Contract Tower,0,0,5,25,30,0,0,15,6,21,0,0,20,31,51,4,12,16,67
07/04/2019,HSA,MS,ASO,CE,Federal Contract Tower,0,0,1,0,1,0,0,9,0,9,0,0,10,0,10,8,0,8,18
07/05/2019,HSA,MS,ASO,CE,Federal Contract Tower,0,0,3,2,5,0,0,10,1,11,0,0,13,3,16,12,6,18,34
07/06/2019,HSA,MS,ASO,CE,Federal Contract Tower,0,0,2,0,2,0,0,23,0,23,0,0,25,0,25,12,0,12,37
07/07/2019,HSA,MS,ASO,CE,Federal Contract Tower,0,0,5,0,5,0,0,10,0,10,0,0,15,0,15,6,0,6,21
07/08/2019,HSA,MS,ASO,CE,Federal Contract Tower,0,0,3,18,21,0,0,20,3,23,0,0,23,21,44,12,22,34,78
07/09/2019,HSA,MS,ASO,CE,Federal Contract Tower,0,0,8,23,31,0,0,16,9,25,0,0,24,32,56,10,18,28,84
07/10/2019,HSA,MS,ASO,CE,Federal Contract Tower,0,0,2,14,16,0,0,9,4,13,0,0,11,18,29,8,24,32,61
07/11/2019,HSA,MS,ASO,CE,Federal Contract Tower,0,3,2,6,11,0,6,16,9,31,0,9,18,15,42,0,22,22,64
07/12/2019,HSA,MS,ASO,CE,Federal Contract Tower,0,0,3,4,7,0,0,1,0,1,0,0,4,4,8,0,0,0,8
07/13/2019,HSA,MS,ASO,CE,Federal Contract Tower,0,0,0,0,0,0,0,0,0,0,0,0,0,0,0,0,0,0,0
07/14/2019,HSA,MS,ASO,CE,Federal Contract Tower,0,5,0,3,8,0,5,1,1,7,0,10,1,4,15,0,0,0,15
07/15/2019,HSA,MS,ASO,CE,Federal Contract Tower,0,0,2,9,11,0,0,3,4,7,0,0,5,13,18,0,10,10,28
07/16/2019,HSA,MS,ASO,CE,Federal Contract Tower,0,2,4,28,34,0,0,7,6,13,0,2,11,34,47,6,10,16,63
07/17/2019,HSA,MS,ASO,CE,Federal Contract Tower,0,0,1,42,43,0,0,13,22,35,0,0,14,64,78,0,110,110,188
07/18/2019,HSA,MS,ASO,CE,Federal Contract Tower,0,0,3,51,54,0,0,29,20,49,0,0,32,71,103,21,33,54,157
07/19/2019,HSA,MS,ASO,CE,Federal Contract Tower,0,0,9,25,34,0,0,37,20,57,0,0,46,45,91,42,52,94,185
07/22/2019,HSA,MS,ASO,CE,Federal Contract Tower,0,0,5,21,26,0,0,18,4,22,0,0,23,25,48,24,38,62,110
07/24/2019,HSA,MS,ASO,CE,Federal Contract Tower,0,0,10,31,41,0,0,19,27,46,0,0,29,58,87,0,102,102,189
07/25/2019,HSA,MS,ASO,CE,Federal Contract Tower,0,0,6,16,22,0,0,25,18,43,0,0,31,34,65,2,68,70,135
07/26/2019,HSA,MS,ASO,CE,Federal Contract Tower,0,2,6,53,61,0,0,23,16,39,0,2,29,69,100,6,76,82,182
07/27/2019,HSA,MS,ASO,CE,Federal Contract Tower,0,0,2,5,7,0,0,7,0,7,0,0,9,5,14,28,10,38,52
07/28/2019,HSA,MS,ASO,CE,Federal Contract Tower,0,0,6,3,9,0,0,21,2,23,0,0,27,5,32,6,0,6,38
07/29/2019,HSA,MS,ASO,CE,Federal Contract Tower,0,0,4,44,48,0,0,18,6,24,0,0,22,50,72,8,50,58,130
07/30/2019,HSA,MS,ASO,CE,Federal Contract Tower,0,0,3,36,39,0,0,17,5,22,0,0,20,41,61,8,22,30,91
07/31/2019,HSA,MS,ASO,CE,Federal Contract Tower,0,0,0,56,56,0,0,27,20,47,0,0,27,76,103,10,75,85,188
08/01/2019,HSA,MS,ASO,CE,Federal Contract Tower,0,0,9,62,71,0,0,20,21,41,0,0,29,83,112,22,54,76,188
08/02/2019,HSA,MS,ASO,CE,Federal Contract Tower,0,1,10,16,27,0,0,35,12,47,0,1,45,28,74,4,38,42,116
08/03/2019,HSA,MS,ASO,CE,Federal Contract Tower,0,1,1,5,7,0,0,9,2,11,0,1,10,7,18,42,6,48,66
08/04/2019,HSA,MS,ASO,CE,Federal Contract Tower,0,0,2,2,4,0,0,5,0,5,0,0,7,2,9,0,0,0,9
08/05/2019,HSA,MS,ASO,CE,Federal Contract Tower,0,0,1,33,34,0,0,16,2,18,0,0,17,35,52,32,0,32,84
08/06/2019,HSA,MS,ASO,CE,Federal Contract Tower,0,0,6,51,57,0,0,24,8,32,0,0,30,59,89,24,30,54,143
08/09/2019,HSA,MS,ASO,CE,Federal Contract Tower,0,0,4,50,54,0,0,23,37,60,0,0,27,87,114,0,36,36,150
08/10/2019,HSA,MS,ASO,CE,Federal Contract Tower,0,0,0,1,1,0,0,16,0,16,0,0,16,1,17,8,2,10,27
08/11/2019,HSA,MS,ASO,CE,Federal Contract Tower,0,0,0,4,4,0,0,12,1,13,0,0,12,5,17,8,0,8,25
08/12/2019,HSA,MS,ASO,CE,Federal Contract Tower,0,0,10,77,87,0,0,12,23,35,0,0,22,100,122,4,60,64,186
08/14/2019,HSA,MS,ASO,CE,Federal Contract Tower,0,0,4,33,37,0,0,20,13,33,0,0,24,46,70,0,12,12,82
08/15/2019,HSA,MS,ASO,CE,Federal Contract Tower,0,0,12,16,28,0,0,24,17,41,0,0,36,33,69,16,60,76,145
08/16/2019,HSA,MS,ASO,CE,Federal Contract Tower,0,0,9,61,70,0,0,23,35,58,0,0,32,96,128,12,50,62,190
08/17/2019,HSA,MS,ASO,CE,Federal Contract Tower,0,0,3,8,11,0,0,14,3,17,0,0,17,11,28,57,6,63,91
08/18/2019,HSA,MS,ASO,CE,Federal Contract Tower,0,0,0,0,0,0,0,5,0,5,0,0,5,0,5,16,0,16,21
08/19/2019,HSA,MS,ASO,CE,Federal Contract Tower,0,1,4,17,22,0,1,7,1,9,0,2,11,18,31,12,2,14,45
08/20/2019,HSA,MS,ASO,CE,Federal Contract Tower,0,2,1,22,25,0,0,7,5,12,0,2,8,27,37,8,28,36,73
08/21/2019,HSA,MS,ASO,CE,Federal Contract Tower,0,0,15,19,34,0,0,19,17,36,0,0,34,36,70,23,32,55,125
08/22/2019,HSA,MS,ASO,CE,Federal Contract Tower,0,0,9,59,68,0,0,25,30,55,0,0,34,89,123,42,73,115,238
08/23/2019,HSA,MS,ASO,CE,Federal Contract Tower,0,0,6,11,17,0,0,26,8,34,0,0,32,19,51,14,10,24,75
08/24/2019,HSA,MS,ASO,CE,Federal Contract Tower,0,0,3,2,5,0,0,21,5,26,0,0,24,7,31,16,6,22,53
08/25/2019,HSA,MS,ASO,CE,Federal Contract Tower,0,0,0,2,2,0,0,6,1,7,0,0,6,3,9,6,0,6,15
08/26/2019,HSA,MS,ASO,CE,Federal Contract Tower,0,0,0,2,2,0,0,2,0,2,0,0,2,2,4,0,0,0,4
08/27/2019,HSA,MS,ASO,CE,Federal Contract Tower,0,0,7,59,66,0,0,20,33,53,0,0,27,92,119,0,42,42,161
08/28/2019,HSA,MS,ASO,CE,Federal Contract Tower,0,0,5,43,48,0,0,19,36,55,0,0,24,79,103,6,66,72,175
08/29/2019,HSA,MS,ASO,CE,Federal Contract Tower,0,0,9,38,47,0,0,41,50,91,0,0,50,88,138,44,94,138,276
08/30/2019,HSA,MS,ASO,CE,Federal Contract Tower,0,0,16,7,23,0,0,48,2,50,0,0,64,9,73,54,0,54,127
08/31/2019,HSA,MS,ASO,CE,Federal Contract Tower,0,0,2,8,10,0,0,11,1,12,0,0,13,9,22,4,10,14,36
09/01/2019,HSA,MS,ASO,CE,Federal Contract Tower,0,0,2,1,3,0,0,4,0,4,0,0,6,1,7,16,0,16,23
09/02/2019,HSA,MS,ASO,CE,Federal Contract Tower,0,0,2,1,3,0,0,14,0,14,0,0,16,1,17,0,0,0,17
09/03/2019,HSA,MS,ASO,CE,Federal Contract Tower,0,0,2,28,30,0,0,25,15,40,0,0,27,43,70,28,104,132,202
09/04/2019,HSA,MS,ASO,CE,Federal Contract Tower,0,0,5,42,47,0,0,36,48,84,0,0,41,90,131,62,16,78,209
09/05/2019,HSA,MS,ASO,CE,Federal Contract Tower,0,0,4,32,36,0,0,41,40,81,0,0,45,72,117,28,38,66,183
09/06/2019,HSA,MS,ASO,CE,Federal Contract Tower,0,0,3,41,44,0,0,28,28,56,0,0,31,69,100,26,58,84,184
09/07/2019,HSA,MS,ASO,CE,Federal Contract Tower,0,1,6,10,17,0,0,12,3,15,0,1,18,13,32,0,16,16,48
09/08/2019,HSA,MS,ASO,CE,Federal Contract Tower,0,0,1,1,2,0,0,7,7,14,0,0,8,8,16,2,22,24,40
09/09/2019,HSA,MS,ASO,CE,Federal Contract Tower,0,0,6,19,25,0,0,15,16,31,0,0,21,35,56,16,44,60,116
09/10/2019,HSA,MS,ASO,CE,Federal Contract Tower,0,0,1,54,55,0,0,0,0,0,0,0,1,54,55,22,94,116,171
09/11/2019,HSA,MS,ASO,CE,Federal Contract Tower,0,0,5,37,42,0,0,23,29,52,0,0,28,66,94,0,70,70,164
09/12/2019,HSA,MS,ASO,CE,Federal Contract Tower,0,0,0,32,32,0,0,24,19,43,0,0,24,51,75,36,38,74,149
09/13/2019,HSA,MS,ASO,CE,Federal Contract Tower,0,0,5,48,53,0,0,41,21,62,0,0,46,69,115,12,52,64,179
09/14/2019,HSA,MS,ASO,CE,Federal Contract Tower,0,0,0,3,3,0,0,9,3,12,0,0,9,6,15,20,8,28,43
09/15/2019,HSA,MS,ASO,CE,Federal Contract Tower,0,2,2,1,5,0,0,9,1,10,0,2,11,2,15,8,0,8,23
09/16/2019,HSA,MS,ASO,CE,Federal Contract Tower,0,0,10,69,79,0,0,36,17,53,0,0,46,86,132,26,72,98,230
09/17/2019,HSA,MS,ASO,CE,Federal Contract Tower,0,0,3,37,40,0,0,17,23,40,0,0,20,60,80,30,68,98,178
09/18/2019,HSA,MS,ASO,CE,Federal Contract Tower,0,0,6,61,67,0,0,25,39,64,0,0,31,100,131,16,70,86,217
09/19/2019,HSA,MS,ASO,CE,Federal Contract Tower,0,0,5,10,15,0,0,20,8,28,0,0,25,18,43,14,4,18,61
09/20/2019,HSA,MS,ASO,CE,Federal Contract Tower,0,0,4,16,20,0,0,17,14,31,0,0,21,30,51,8,24,32,83
09/21/2019,HSA,MS,ASO,CE,Federal Contract Tower,0,0,4,0,4,0,0,61,0,61,0,0,65,0,65,34,0,34,99
09/23/2019,HSA,MS,ASO,CE,Federal Contract Tower,0,0,4,94,98,0,0,16,7,23,0,0,20,101,121,18,56,74,195
09/24/2019,HSA,MS,ASO,CE,Federal Contract Tower,0,0,9,59,68,0,0,20,22,42,0,0,29,81,110,12,88,100,210
09/25/2019,HSA,MS,ASO,CE,Federal Contract Tower,0,0,6,96,102,0,0,18,31,49,0,0,24,127,151,6,65,71,222
09/26/2019,HSA,MS,ASO,CE,Federal Contract Tower,0,0,11,53,64,0,0,26,53,79,0,0,37,106,143,20,104,124,267
09/27/2019,HSA,MS,ASO,CE,Federal Contract Tower,0,0,8,53,61,0,0,32,14,46,0,0,40,67,107,18,22,40,147
09/28/2019,HSA,MS,ASO,CE,Federal Contract Tower,0,0,4,7,11,0,0,14,0,14,0,0,18,7,25,0,0,0,25
09/29/2019,HSA,MS,ASO,CE,Federal Contract Tower,0,0,4,2,6,0,0,13,2,15,0,0,17,4,21,0,10,10,31
10/01/2019,HSA,MS,ASO,CE,Federal Contract Tower,0,0,5,38,43,0,0,29,24,53,0,0,34,62,96,2,48,50,146
10/02/2019,HSA,MS,ASO,CE,Federal Contract Tower,0,0,7,51,58,0,0,31,18,49,0,0,38,69,107,16,32,48,155
10/03/2019,HSA,MS,ASO,CE,Federal Contract Tower,0,0,9,41,50,0,0,17,26,43,0,0,26,67,93,4,36,40,133
10/04/2019,HSA,MS,ASO,CE,Federal Contract Tower,0,0,3,35,38,0,0,21,15,36,0,0,24,50,74,30,24,54,128
10/05/2019,HSA,MS,ASO,CE,Federal Contract Tower,0,0,7,13,20,0,0,31,6,37,0,0,38,19,57,62,12,74,131
10/06/2019,HSA,MS,ASO,CE,Federal Contract Tower,0,0,6,4,10,0,0,13,0,13,0,0,19,4,23,28,0,28,51
10/07/2019,HSA,MS,ASO,CE,Federal Contract Tower,0,0,3,24,27,0,0,17,11,28,0,0,20,35,55,6,14,20,75
10/08/2019,HSA,MS,ASO,CE,Federal Contract Tower,0,0,2,27,29,0,0,0,0,0,0,0,2,27,29,55,36,91,120
10/09/2019,HSA,MS,ASO,CE,Federal Contract Tower,0,2,10,14,26,0,0,23,22,45,0,2,33,36,71,2,35,37,108
10/10/2019,HSA,MS,ASO,CE,Federal Contract Tower,0,0,3,19,22,0,0,24,14,38,0,0,27,33,60,6,34,40,100
10/11/2019,HSA,MS,ASO,CE,Federal Contract Tower,0,0,2,15,17,0,0,12,4,16,0,0,14,19,33,22,8,30,63
10/12/2019,HSA,MS,ASO,CE,Federal Contract Tower,0,1,1,0,2,0,0,2,2,4,0,1,3,2,6,0,2,2,8
10/13/2019,HSA,MS,ASO,CE,Federal Contract Tower,0,0,5,0,5,0,0,4,2,6,0,0,9,2,11,8,0,8,19
10/14/2019,HSA,MS,ASO,CE,Federal Contract Tower,0,0,2,0,2,0,0,19,0,19,0,0,21,0,21,14,0,14,35
10/15/2019,HSA,MS,ASO,CE,Federal Contract Tower,0,0,3,75,78,0,0,19,18,37,0,0,22,93,115,32,98,130,245
10/16/2019,HSA,MS,ASO,CE,Federal Contract Tower,0,0,6,35,41,0,0,5,10,15,0,0,11,45,56,0,4,4,60
10/17/2019,HSA,MS,ASO,CE,Federal Contract Tower,0,0,0,29,29,0,0,18,34,52,0,0,18,63,81,30,34,64,145
10/18/2019,HSA,MS,ASO,CE,Federal Contract Tower,0,0,4,9,13,0,0,3,0,3,0,0,7,9,16,0,0,0,16
10/19/2019,HSA,MS,ASO,CE,Federal Contract Tower,0,1,2,2,5,0,0,1,2,3,0,1,3,4,8,0,0,0,8
10/20/2019,HSA,MS,ASO,CE,Federal Contract Tower,0,0,2,3,5,0,0,23,3,26,0,0,25,6,31,42,0,42,73
10/21/2019,HSA,MS,ASO,CE,Federal Contract Tower,0,0,0,4,4,0,0,7,3,10,0,0,7,7,14,10,2,12,26
10/22/2019,HSA,MS,ASO,CE,Federal Contract Tower,0,2,6,32,40,0,0,27,19,46,0,2,33,51,86,42,34,76,162
10/23/2019,HSA,MS,ASO,CE,Federal Contract Tower,0,0,8,36,44,0,0,34,28,62,0,0,42,64,106,2,52,54,160
10/24/2019,HSA,MS,ASO,CE,Federal Contract Tower,0,0,3,41,44,0,0,19,7,26,0,0,22,48,70,54,20,74,144
10/25/2019,HSA,MS,ASO,CE,Federal Contract Tower,0,0,0,0,0,0,0,2,0,2,0,0,2,0,2,0,0,0,2
10/26/2019,HSA,MS,ASO,CE,Federal Contract Tower,0,2,0,1,3,0,2,0,2,4,0,4,0,3,7,0,8,8,15
10/27/2019,HSA,MS,ASO,CE,Federal Contract Tower,0,1,2,3,6,0,0,16,0,16,0,1,18,3,22,38,0,38,60
10/28/2019,HSA,MS,ASO,CE,Federal Contract Tower,0,0,6,47,53,0,0,31,29,60,0,0,37,76,113,16,102,118,231
10/29/2019,HSA,MS,ASO,CE,Federal Contract Tower,0,1,0,9,10,0,0,0,3,3,0,1,0,12,13,0,0,0,13
10/30/2019,HSA,MS,ASO,CE,Federal Contract Tower,0,0,3,6,9,0,0,0,0,0,0,0,3,6,9,0,0,0,9
10/31/2019,HSA,MS,ASO,CE,Federal Contract Tower,0,2,2,21,25,0,0,0,17,17,0,2,2,38,42,0,28,28,70
11/01/2019,HSA,MS,ASO,CE,Federal Contract Tower,0,0,2,30,32,0,0,28,28,56,0,0,30,58,88,10,54,64,152
11/02/2019,HSA,MS,ASO,CE,Federal Contract Tower,0,0,6,1,7,0,0,28,1,29,0,0,34,2,36,30,0,30,66
11/03/2019,HSA,MS,ASO,CE,Federal Contract Tower,0,0,4,10,14,0,0,31,0,31,0,0,35,10,45,38,0,38,83
11/04/2019,HSA,MS,ASO,CE,Federal Contract Tower,0,0,4,42,46,0,0,22,17,39,0,0,26,59,85,8,66,74,159
11/05/2019,HSA,MS,ASO,CE,Federal Contract Tower,0,0,2,36,38,0,0,25,28,53,0,0,27,64,91,16,84,100,191
11/06/2019,HSA,MS,ASO,CE,Federal Contract Tower,0,0,11,47,58,0,0,27,27,54,0,0,38,74,112,43,81,124,236
11/07/2019,HSA,MS,ASO,CE,Federal Contract Tower,0,0,10,23,33,0,0,0,18,18,0,0,10,41,51,2,41,43,94
11/08/2019,HSA,MS,ASO,CE,Federal Contract Tower,0,0,9,17,26,0,0,4,13,17,0,0,13,30,43,0,70,70,113
11/09/2019,HSA,MS,ASO,CE,Federal Contract Tower,0,1,3,2,6,0,0,24,0,24,0,1,27,2,30,16,0,16,46
11/10/2019,HSA,MS,ASO,CE,Federal Contract Tower,0,0,2,1,3,0,0,15,0,15,0,0,17,1,18,25,0,25,43
11/11/2019,HSA,MS,ASO,CE,Federal Contract Tower,0,0,1,0,1,0,0,26,0,26,0,0,27,0,27,70,0,70,97
11/12/2019,HSA,MS,ASO,CE,Federal Contract Tower,0,0,3,35,38,0,0,0,15,15,0,0,3,50,53,6,60,66,119
11/13/2019,HSA,MS,ASO,CE,Federal Contract Tower,0,1,3,36,40,0,0,24,37,61,0,1,27,73,101,29,52,81,182
11/14/2019,HSA,MS,ASO,CE,Federal Contract Tower,0,0,6,33,39,0,2,14,29,45,0,2,20,62,84,0,121,121,205
11/15/2019,HSA,MS,ASO,CE,Federal Contract Tower,0,2,0,37,39,0,0,21,52,73,0,2,21,89,112,53,28,81,193
11/16/2019,HSA,MS,ASO,CE,Federal Contract Tower,0,0,4,6,10,0,0,24,2,26,0,0,28,8,36,25,0,25,61
11/17/2019,HSA,MS,ASO,CE,Federal Contract Tower,0,0,2,19,21,0,0,7,16,23,0,0,9,35,44,20,22,42,86
11/18/2019,HSA,MS,ASO,CE,Federal Contract Tower,0,0,4,54,58,0,0,14,30,44,0,0,18,84,102,16,64,80,182
11/19/2019,HSA,MS,ASO,CE,Federal Contract Tower,0,0,4,44,48,0,0,35,26,61,0,0,39,70,109,4,22,26,135
11/20/2019,HSA,MS,ASO,CE,Federal Contract Tower,0,0,7,90,97,0,0,16,47,63,0,0,23,137,160,16,74,90,250
11/21/2019,HSA,MS,ASO,CE,Federal Contract Tower,0,2,8,34,44,0,0,11,55,66,0,2,19,89,110,20,89,109,219
11/22/2019,HSA,MS,ASO,CE,Federal Contract Tower,0,0,5,55,60,0,0,13,39,52,0,0,18,94,112,8,132,140,252
11/23/2019,HSA,MS,ASO,CE,Federal Contract Tower,0,0,2,8,10,0,0,2,0,2,0,0,4,8,12,4,0,4,16
11/24/2019,HSA,MS,ASO,CE,Federal Contract Tower,0,0,4,5,9,0,0,15,4,19,0,0,19,9,28,24,0,24,52
11/25/2019,HSA,MS,ASO,CE,Federal Contract Tower,0,0,9,37,46,0,0,12,23,35,0,0,21,60,81,0,56,56,137
11/26/2019,HSA,MS,ASO,CE,Federal Contract Tower,0,0,4,33,37,0,0,7,23,30,0,0,11,56,67,4,50,54,121
11/27/2019,HSA,MS,ASO,CE,Federal Contract Tower,0,0,4,0,4,0,0,7,0,7,0,0,11,0,11,4,0,4,15
11/28/2019,HSA,MS,ASO,CE,Federal Contract Tower,0,0,0,0,0,0,0,0,0,0,0,0,0,0,0,0,0,0,0
11/29/2019,HSA,MS,ASO,CE,Federal Contract Tower,0,0,2,0,2,0,0,19,0,19,0,0,21,0,21,60,0,60,81
11/30/2019,HSA,MS,ASO,CE,Federal Contract Tower,0,2,7,0,9,0,0,2,0,2,0,2,9,0,11,4,0,4,15
12/01/2019,HSA,MS,ASO,CE,Federal Contract Tower,0,0,2,0,2,0,0,7,0,7,0,0,9,0,9,0,0,0,9
12/02/2019,HSA,MS,ASO,CE,Federal Contract Tower,0,0,9,42,51,0,0,14,17,31,0,0,23,59,82,4,18,22,104
12/03/2019,HSA,MS,ASO,CE,Federal Contract Tower,0,0,8,48,56,0,0,20,33,53,0,0,28,81,109,28,88,116,225
12/04/2019,HSA,MS,ASO,CE,Federal Contract Tower,0,0,12,85,97,0,0,23,60,83,0,0,35,145,180,10,110,120,300
12/05/2019,HSA,MS,ASO,CE,Federal Contract Tower,0,0,7,35,42,0,0,21,33,54,0,0,28,68,96,24,97,121,217
12/06/2019,HSA,MS,ASO,CE,Federal Contract Tower,0,0,6,5,11,0,0,5,5,10,0,0,11,10,21,2,0,2,23
12/07/2019,HSA,MS,ASO,CE,Federal Contract Tower,0,0,4,6,10,0,0,6,0,6,0,0,10,6,16,0,0,0,16
12/08/2019,HSA,MS,ASO,CE,Federal Contract Tower,0,0,1,13,14,0,0,17,1,18,0,0,18,14,32,20,0,20,52
12/09/2019,HSA,MS,ASO,CE,Federal Contract Tower,0,0,2,33,35,0,0,3,1,4,0,0,5,34,39,2,34,36,75
12/10/2019,HSA,MS,ASO,CE,Federal Contract Tower,0,0,8,14,22,0,0,0,0,0,0,0,8,14,22,0,0,0,22
12/11/2019,HSA,MS,ASO,CE,Federal Contract Tower,0,0,5,33,38,0,0,16,40,56,0,0,21,73,94,26,39,65,159
12/12/2019,HSA,MS,ASO,CE,Federal Contract Tower,0,0,3,27,30,0,0,4,8,12,0,0,7,35,42,4,44,48,90
12/13/2019,HSA,MS,ASO,CE,Federal Contract Tower,0,0,0,12,12,0,0,0,0,0,0,0,0,12,12,0,0,0,12
12/14/2019,HSA,MS,ASO,CE,Federal Contract Tower,0,0,4,0,4,0,0,8,0,8,0,0,12,0,12,4,0,4,16
12/15/2019,HSA,MS,ASO,CE,Federal Contract Tower,0,0,5,2,7,0,0,16,0,16,0,0,21,2,23,16,0,16,39
12/16/2019,HSA,MS,ASO,CE,Federal Contract Tower,0,0,0,11,11,0,0,0,0,0,0,0,0,11,11,0,4,4,15
12/17/2019,HSA,MS,ASO,CE,Federal Contract Tower,0,0,5,37,42,0,0,0,12,12,0,0,5,49,54,0,24,24,78
12/18/2019,HSA,MS,ASO,CE,Federal Contract Tower,0,0,10,23,33,0,0,22,33,55,0,0,32,56,88,4,75,79,167
12/19/2019,HSA,MS,ASO,CE,Federal Contract Tower,0,0,2,38,40,0,0,26,45,71,0,0,28,83,111,16,82,98,209
12/20/2019,HSA,MS,ASO,CE,Federal Contract Tower,0,0,13,27,40,0,0,34,22,56,0,0,47,49,96,34,18,52,148
12/21/2019,HSA,MS,ASO,CE,Federal Contract Tower,0,2,0,0,2,0,0,0,0,0,0,2,0,0,2,0,0,0,2
12/22/2019,HSA,MS,ASO,CE,Federal Contract Tower,0,0,5,8,13,0,0,0,0,0,0,0,5,8,13,0,0,0,13
12/23/2019,HSA,MS,ASO,CE,Federal Contract Tower,0,0,4,22,26,0,0,3,11,14,0,0,7,33,40,18,26,44,84
12/24/2019,HSA,MS,ASO,CE,Federal Contract Tower,0,0,2,0,2,0,0,12,0,12,0,0,14,0,14,22,0,22,36
12/25/2019,HSA,MS,ASO,CE,Federal Contract Tower,0,2,5,0,7,0,0,2,0,2,0,2,7,0,9,0,0,0,9
12/26/2019,HSA,MS,ASO,CE,Federal Contract Tower,0,0,8,0,8,0,0,2,0,2,0,0,10,0,10,0,0,0,10
12/27/2019,HSA,MS,ASO,CE,Federal Contract Tower,0,0,6,16,22,0,0,4,8,12,0,0,10,24,34,0,8,8,42
12/28/2019,HSA,MS,ASO,CE,Federal Contract Tower,0,0,3,2,5,0,0,0,0,0,0,0,3,2,5,0,0,0,5
12/30/2019,HSA,MS,ASO,CE,Federal Contract Tower,0,1,4,14,19,0,6,13,7,26,0,7,17,21,45,0,24,24,69
12/31/2019,HSA,MS,ASO,CE,Federal Contract Tower,0,0,9,0,9,0,0,50,0,50,0,0,59,0,59,0,0,0,59
01/01/2020,HSA,MS,ASO,CE,Federal Contract Tower,0,0,4,0,4,0,0,22,0,22,0,0,26,0,26,12,0,12,38
01/02/2020,HSA,MS,ASO,CE,Federal Contract Tower,0,0,4,9,13,0,0,7,0,7,0,0,11,9,20,0,0,0,20
01/03/2020,HSA,MS,ASO,CE,Federal Contract Tower,0,0,2,0,2,0,0,2,0,2,0,0,4,0,4,0,0,0,4
01/04/2020,HSA,MS,ASO,CE,Federal Contract Tower,0,0,1,3,4,0,0,51,5,56,0,0,52,8,60,8,0,8,68
01/05/2020,HSA,MS,ASO,CE,Federal Contract Tower,0,0,0,0,0,0,0,23,0,23,0,0,23,0,23,4,0,4,27
01/06/2020,HSA,MS,ASO,CE,Federal Contract Tower,0,0,4,23,27,0,0,24,14,38,0,0,28,37,65,34,18,52,117
01/07/2020,HSA,MS,ASO,CE,Federal Contract Tower,0,2,2,47,51,0,0,22,45,67,0,2,24,92,118,6,92,98,216
01/08/2020,HSA,MS,ASO,CE,Federal Contract Tower,0,0,0,32,32,0,0,10,20,30,0,0,10,52,62,16,4,20,82
01/09/2020,HSA,MS,ASO,CE,Federal Contract Tower,0,0,4,42,46,0,0,9,30,39,0,0,13,72,85,6,50,56,141
01/10/2020,HSA,MS,ASO,CE,Federal Contract Tower,0,0,3,7,10,0,0,0,0,0,0,0,3,7,10,0,0,0,10
01/11/2020,HSA,MS,ASO,CE,Federal Contract Tower,0,1,3,2,6,0,0,0,2,2,0,1,3,4,8,0,0,0,8
01/12/2020,HSA,MS,ASO,CE,Federal Contract Tower,0,0,6,6,12,0,0,18,2,20,0,0,24,8,32,20,4,24,56
01/13/2020,HSA,MS,ASO,CE,Federal Contract Tower,0,1,1,2,4,0,0,0,0,0,0,1,1,2,4,0,0,0,4
01/14/2020,HSA,MS,ASO,CE,Federal Contract Tower,0,1,5,2,8,0,0,9,2,11,0,1,14,4,19,6,0,6,25
01/15/2020,HSA,MS,ASO,CE,Federal Contract Tower,0,0,7,23,30,0,0,10,2,12,0,0,17,25,42,0,16,16,58
01/16/2020,HSA,MS,ASO,CE,Federal Contract Tower,1,0,4,31,36,0,0,0,5,5,1,0,4,36,41,0,2,2,43
01/17/2020,HSA,MS,ASO,CE,Federal Contract Tower,0,0,4,48,52,0,0,13,15,28,0,0,17,63,80,14,30,44,124
01/18/2020,HSA,MS,ASO,CE,Federal Contract Tower,0,0,4,2,6,0,0,8,0,8,0,0,12,2,14,0,0,0,14
01/19/2020,HSA,MS,ASO,CE,Federal Contract Tower,0,2,3,1,6,0,0,2,5,7,0,2,5,6,13,8,6,14,27
01/20/2020,HSA,MS,ASO,CE,Federal Contract Tower,0,0,2,0,2,0,0,10,0,10,0,0,12,0,12,12,0,12,24
01/21/2020,HSA,MS,ASO,CE,Federal Contract Tower,0,0,4,28,32,0,0,15,33,48,0,0,19,61,80,14,52,66,146
01/22/2020,HSA,MS,ASO,CE,Federal Contract Tower,0,0,1,37,38,0,0,6,20,26,0,0,7,57,64,2,76,78,142
01/23/2020,HSA,MS,ASO,CE,Federal Contract Tower,0,0,1,13,14,0,0,0,3,3,0,0,1,16,17,0,16,16,33
01/24/2020,HSA,MS,ASO,CE,Federal Contract Tower,0,0,14,61,75,0,0,17,44,61,0,0,31,105,136,20,118,138,274
01/25/2020,HSA,MS,ASO,CE,Federal Contract Tower,0,0,3,0,3,0,0,17,2,19,0,0,20,2,22,44,8,52,74
01/26/2020,HSA,MS,ASO,CE,Federal Contract Tower,0,2,0,2,4,0,0,0,0,0,0,2,0,2,4,0,0,0,4
01/27/2020,HSA,MS,ASO,CE,Federal Contract Tower,0,0,4,23,27,0,0,0,3,3,0,0,4,26,30,0,18,18,48
01/28/2020,HSA,MS,ASO,CE,Federal Contract Tower,0,0,5,43,48,0,0,33,42,75,0,0,38,85,123,4,16,20,143
01/29/2020,HSA,MS,ASO,CE,Federal Contract Tower,0,0,31,0,31,0,0,0,0,0,0,0,31,0,31,0,26,26,57
01/30/2020,HSA,MS,ASO,CE,Federal Contract Tower,0,0,6,22,28,0,0,19,38,57,0,0,25,60,85,16,42,58,143
01/31/2020,HSA,MS,ASO,CE,Federal Contract Tower,0,0,5,39,44,0,0,0,17,17,0,0,5,56,61,0,66,66,127
02/01/2020,HSA,MS,ASO,CE,Federal Contract Tower,0,0,5,4,9,0,0,18,8,26,0,0,23,12,35,2,16,18,53
02/02/2020,HSA,MS,ASO,CE,Federal Contract Tower,0,0,3,2,5,0,0,22,4,26,0,0,25,6,31,0,16,16,47
02/03/2020,HSA,MS,ASO,CE,Federal Contract Tower,0,0,5,45,50,0,0,7,13,20,0,0,12,58,70,10,104,114,184
02/04/2020,HSA,MS,ASO,CE,Federal Contract Tower,0,0,5,30,35,0,0,9,13,22,0,0,14,43,57,4,44,48,105
02/05/2020,HSA,MS,ASO,CE,Federal Contract Tower,0,5,1,2,8,0,0,0,0,0,0,5,1,2,8,0,0,0,8
02/06/2020,HSA,MS,ASO,CE,Federal Contract Tower,0,0,1,6,7,0,0,0,2,2,0,0,1,8,9,0,32,32,41
02/07/2020,HSA,MS,ASO,CE,Federal Contract Tower,0,0,11,44,55,0,0,30,30,60,0,0,41,74,115,14,54,68,183
02/08/2020,HSA,MS,ASO,CE,Federal Contract Tower,0,0,9,7,16,0,0,24,9,33,0,0,33,16,49,77,10,87,136
02/09/2020,HSA,MS,ASO,CE,Federal Contract Tower,0,2,2,18,22,0,0,11,2,13,0,2,13,20,35,2,20,22,57
02/10/2020,HSA,MS,ASO,CE,Federal Contract Tower,0,2,4,14,20,0,0,0,0,0,0,2,4,14,20,0,0,0,20
02/11/2020,HSA,MS,ASO,CE,Federal Contract Tower,0,0,10,24,34,0,0,3,3,6,0,0,13,27,40,6,10,16,56
02/12/2020,HSA,MS,ASO,CE,Federal Contract Tower,0,0,2,1,3,0,0,2,0,2,0,0,4,1,5,0,0,0,5
02/13/2020,HSA,MS,ASO,CE,Federal Contract Tower,0,0,7,31,38,0,0,10,12,22,0,0,17,43,60,6,62,68,128
02/14/2020,HSA,MS,ASO,CE,Federal Contract Tower,0,0,10,36,46,0,0,30,34,64,0,0,40,70,110,40,92,132,242
02/15/2020,HSA,MS,ASO,CE,Federal Contract Tower,0,0,6,2,8,0,0,22,6,28,0,0,28,8,36,34,0,34,70
02/16/2020,HSA,MS,ASO,CE,Federal Contract Tower,0,0,0,0,0,0,0,0,0,0,0,0,0,0,0,0,0,0,0
02/17/2020,HSA,MS,ASO,CE,Federal Contract Tower,0,0,5,4,9,0,0,0,0,0,0,0,5,4,9,0,0,0,9
02/18/2020,HSA,MS,ASO,CE,Federal Contract Tower,0,0,0,6,6,0,0,0,0,0,0,0,0,6,6,6,0,6,12
02/19/2020,HSA,MS,ASO,CE,Federal Contract Tower,0,0,7,43,50,0,0,0,11,11,0,0,7,54,61,0,24,24,85
02/20/2020,HSA,MS,ASO,CE,Federal Contract Tower,0,0,0,12,12,0,0,0,4,4,0,0,0,16,16,0,2,2,18
02/21/2020,HSA,MS,ASO,CE,Federal Contract Tower,0,1,4,38,43,0,0,26,37,63,0,1,30,75,106,26,55,81,187
02/22/2020,HSA,MS,ASO,CE,Federal Contract Tower,0,0,3,2,5,0,0,39,7,46,0,0,42,9,51,13,6,19,70
02/23/2020,HSA,MS,ASO,CE,Federal Contract Tower,0,0,3,2,5,0,0,11,3,14,0,0,14,5,19,4,6,10,29
02/24/2020,HSA,MS,ASO,CE,Federal Contract Tower,0,0,7,28,35,0,0,10,9,19,0,0,17,37,54,18,48,66,120
02/25/2020,HSA,MS,ASO,CE,Federal Contract Tower,0,0,9,34,43,0,0,25,32,57,0,0,34,66,100,28,38,66,166
02/26/2020,HSA,MS,ASO,CE,Federal Contract Tower,0,1,3,22,26,0,0,1,19,20,0,1,4,41,46,40,0,40,86
02/27/2020,HSA,MS,ASO,CE,Federal Contract Tower,0,1,3,10,14,0,0,20,21,41,0,1,23,31,55,22,24,46,101
02/28/2020,HSA,MS,ASO,CE,Federal Contract Tower,0,0,12,40,52,0,0,23,18,41,0,0,35,58,93,18,17,35,128
02/29/2020,HSA,MS,ASO,CE,Federal Contract Tower,0,2,3,14,19,0,0,42,4,46,0,2,45,18,65,12,6,18,83
03/01/2020,HSA,MS,ASO,CE,Federal Contract Tower,0,0,6,2,8,0,0,13,0,13,0,0,19,2,21,16,2,18,39
03/02/2020,HSA,MS,ASO,CE,Federal Contract Tower,0,0,3,31,34,0,0,6,10,16,0,0,9,41,50,2,60,62,112
03/03/2020,HSA,MS,ASO,CE,Federal Contract Tower,0,0,6,23,29,0,0,5,9,14,0,0,11,32,43,0,20,20,63
03/04/2020,HSA,MS,ASO,CE,Federal Contract Tower,0,0,0,2,2,0,0,0,0,0,0,0,0,2,2,0,0,0,2
03/05/2020,HSA,MS,ASO,CE,Federal Contract Tower,0,0,8,17,25,0,0,7,17,24,0,0,15,34,49,24,18,42,91
03/06/2020,HSA,MS,ASO,CE,Federal Contract Tower,0,0,7,32,39,0,0,25,24,49,0,0,32,56,88,30,44,74,162
03/07/2020,HSA,MS,ASO,CE,Federal Contract Tower,0,0,6,13,19,0,0,26,0,26,0,0,32,13,45,14,26,40,85
03/08/2020,HSA,MS,ASO,CE,Federal Contract Tower,0,0,2,13,15,0,0,14,5,19,0,0,16,18,34,4,0,4,38
03/09/2020,HSA,MS,ASO,CE,Federal Contract Tower,0,0,4,33,37,0,0,16,40,56,0,0,20,73,93,16,82,98,191
03/10/2020,HSA,MS,ASO,CE,Federal Contract Tower,0,0,3,43,46,0,0,1,21,22,0,0,4,64,68,0,56,56,124
03/11/2020,HSA,MS,ASO,CE,Federal Contract Tower,0,1,0,53,54,0,0,7,13,20,0,1,7,66,74,38,2,40,114
03/12/2020,HSA,MS,ASO,CE,Federal Contract Tower,0,0,7,38,45,0,0,3,10,13,0,0,10,48,58,0,4,4,62
03/13/2020,HSA,MS,ASO,CE,Federal Contract Tower,0,0,3,22,25,0,0,17,13,30,0,0,20,35,55,28,12,40,95
03/14/2020,HSA,MS,ASO,CE,Federal Contract Tower,0,0,6,4,10,0,0,2,0,2,0,0,8,4,12,0,0,0,12
03/15/2020,HSA,MS,ASO,CE,Federal Contract Tower,0,0,0,7,7,0,0,6,1,7,0,0,6,8,14,6,6,12,26
03/16/2020,HSA,MS,ASO,CE,Federal Contract Tower,0,2,3,18,23,0,0,21,11,32,0,2,24,29,55,22,84,106,161
03/17/2020,HSA,MS,ASO,CE,Federal Contract Tower,0,0,2,38,40,0,0,2,2,4,0,0,4,40,44,26,4,30,74
03/18/2020,HSA,MS,ASO,CE,Federal Contract Tower,0,0,1,42,43,0,0,7,9,16,0,0,8,51,59,8,8,16,75
03/19/2020,HSA,MS,ASO,CE,Federal Contract Tower,0,0,3,31,34,0,0,6,7,13,0,0,9,38,47,0,24,24,71
03/20/2020,HSA,MS,ASO,CE,Federal Contract Tower,0,0,2,29,31,0,0,2,19,21,0,0,4,48,52,10,0,10,62
03/21/2020,HSA,MS,ASO,CE,Federal Contract Tower,0,1,6,1,8,0,0,3,0,3,0,1,9,1,11,2,0,2,13
03/22/2020,HSA,MS,ASO,CE,Federal Contract Tower,0,3,2,5,10,0,0,6,1,7,0,3,8,6,17,0,0,0,17
03/24/2020,HSA,MS,ASO,CE,Federal Contract Tower,0,0,18,15,33,0,0,9,23,32,0,0,27,38,65,6,24,30,95
03/25/2020,HSA,MS,ASO,CE,Federal Contract Tower,0,0,8,20,28,0,0,10,8,18,0,0,18,28,46,20,26,46,92
03/26/2020,HSA,MS,ASO,CE,Federal Contract Tower,0,0,2,16,18,0,0,7,7,14,0,0,9,23,32,2,24,26,58
03/27/2020,HSA,MS,ASO,CE,Federal Contract Tower,0,0,5,54,59,0,0,15,27,42,0,0,20,81,101,0,58,58,159
03/28/2020,HSA,MS,ASO,CE,Federal Contract Tower,0,0,2,7,9,0,0,2,9,11,0,0,4,16,20,0,22,22,42
03/29/2020,HSA,MS,ASO,CE,Federal Contract Tower,0,0,1,1,2,0,0,12,3,15,0,0,13,4,17,14,10,24,41
03/30/2020,HSA,MS,ASO,CE,Federal Contract Tower,0,0,0,32,32,0,0,17,18,35,0,0,17,50,67,14,30,44,111
03/31/2020,HSA,MS,ASO,CE,Federal Contract Tower,0,0,3,12,15,0,0,4,16,20,0,0,7,28,35,8,10,18,53
04/01/2020,HSA,MS,ASO,CE,Federal Contract Tower,0,0,2,15,17,0,0,17,12,29,0,0,19,27,46,28,12,40,86
04/02/2020,HSA,MS,ASO,CE,Federal Contract Tower,0,0,2,17,19,0,0,15,16,31,0,0,17,33,50,24,12,36,86
04/03/2020,HSA,MS,ASO,CE,Federal Contract Tower,0,0,4,19,23,0,0,28,8,36,0,0,32,27,59,36,28,64,123
04/04/2020,HSA,MS,ASO,CE,Federal Contract Tower,0,0,0,2,2,0,0,15,0,15,0,0,15,2,17,20,0,20,37
04/05/2020,HSA,MS,ASO,CE,Federal Contract Tower,0,0,4,0,4,0,0,4,3,7,0,0,8,3,11,22,6,28,39
04/06/2020,HSA,MS,ASO,CE,Federal Contract Tower,0,0,2,12,14,0,0,14,14,28,0,0,16,26,42,16,18,34,76
04/07/2020,HSA,MS,ASO,CE,Federal Contract Tower,0,0,3,18,21,0,0,0,0,0,0,0,3,18,21,34,0,34,55
04/08/2020,HSA,MS,ASO,CE,Federal Contract Tower,0,0,2,23,25,0,0,7,5,12,0,0,9,28,37,2,6,8,45
04/09/2020,HSA,MS,ASO,CE,Federal Contract Tower,0,0,0,18,18,0,0,3,16,19,0,0,3,34,37,0,78,78,115
04/10/2020,HSA,MS,ASO,CE,Federal Contract Tower,0,0,1,1,2,0,0,18,1,19,0,0,19,2,21,24,0,24,45
04/11/2020,HSA,MS,ASO,CE,Federal Contract Tower,0,1,3,0,4,0,0,3,0,3,0,1,6,0,7,4,0,4,11
04/12/2020,HSA,MS,ASO,CE,Federal Contract Tower,0,1,0,0,1,0,0,0,0,0,0,1,0,0,1,0,0,0,1
04/13/2020,HSA,MS,ASO,CE,Federal Contract Tower,0,0,1,14,15,0,0,22,11,33,0,0,23,25,48,42,18,60,108
04/14/2020,HSA,MS,ASO,CE,Federal Contract Tower,0,0,3,10,13,0,0,14,9,23,0,0,17,19,36,14,0,14,50
04/15/2020,HSA,MS,ASO,CE,Federal Contract Tower,0,0,1,17,18,0,0,15,13,28,0,0,16,30,46,26,2,28,74
04/16/2020,HSA,MS,ASO,CE,Federal Contract Tower,0,0,0,20,20,0,0,28,14,42,0,0,28,34,62,28,2,30,92
04/17/2020,HSA,MS,ASO,CE,Federal Contract Tower,0,0,3,17,20,0,0,17,10,27,0,0,20,27,47,26,0,26,73
04/18/2020,HSA,MS,ASO,CE,Federal Contract Tower,0,0,0,2,2,0,0,2,0,2,0,0,2,2,4,4,0,4,8
04/20/2020,HSA,MS,ASO,CE,Federal Contract Tower,0,0,1,16,17,0,0,15,19,34,0,0,16,35,51,8,28,36,87
04/21/2020,HSA,MS,ASO,CE,Federal Contract Tower,0,0,3,18,21,0,0,40,13,53,0,0,43,31,74,32,48,80,154
04/22/2020,HSA,MS,ASO,CE,Federal Contract Tower,0,0,0,20,20,0,0,24,19,43,0,0,24,39,63,2,8,10,73
04/23/2020,HSA,MS,ASO,CE,Federal Contract Tower,0,0,0,0,0,0,0,2,11,13,0,0,2,11,13,0,26,26,39
04/24/2020,HSA,MS,ASO,CE,Federal Contract Tower,0,0,0,35,35,0,0,43,39,82,0,0,43,74,117,58,17,75,192
04/25/2020,HSA,MS,ASO,CE,Federal Contract Tower,0,0,4,4,8,0,0,5,0,5,0,0,9,4,13,0,0,0,13
04/26/2020,HSA,MS,ASO,CE,Federal Contract Tower,0,0,5,2,7,0,0,13,0,13,0,0,18,2,20,10,0,10,30
04/27/2020,HSA,MS,ASO,CE,Federal Contract Tower,0,0,1,63,64,0,0,23,18,41,0,0,24,81,105,28,14,42,147
04/28/2020,HSA,MS,ASO,CE,Federal Contract Tower,0,0,4,21,25,0,0,28,20,48,0,0,32,41,73,36,10,46,119
04/29/2020,HSA,MS,ASO,CE,Federal Contract Tower,0,0,0,18,18,0,0,4,6,10,0,0,4,24,28,0,12,12,40
04/30/2020,HSA,MS,ASO,CE,Federal Contract Tower,0,2,2,15,19,0,0,18,12,30,0,2,20,27,49,40,30,70,119
05/01/2020,HSA,MS,ASO,CE,Federal Contract Tower,0,0,7,25,32,0,0,47,24,71,0,0,54,49,103,36,62,98,201
05/02/2020,HSA,MS,ASO,CE,Federal Contract Tower,0,0,8,0,8,0,0,25,7,32,0,0,33,7,40,32,0,32,72
05/03/2020,HSA,MS,ASO,CE,Federal Contract Tower,0,0,2,0,2,0,0,16,3,19,0,0,18,3,21,0,16,16,37
05/04/2020,HSA,MS,ASO,CE,Federal Contract Tower,0,0,1,20,21,0,0,15,8,23,0,0,16,28,44,20,26,46,90
05/05/2020,HSA,MS,ASO,CE,Federal Contract Tower,0,0,0,22,22,0,0,43,16,59,0,0,43,38,81,30,12,42,123
05/06/2020,HSA,MS,ASO,CE,Federal Contract Tower,0,0,1,11,12,0,0,29,12,41,0,0,30,23,53,22,8,30,83
05/07/2020,HSA,MS,ASO,CE,Federal Contract Tower,0,0,2,23,25,0,0,25,14,39,0,0,27,37,64,4,32,36,100
05/08/2020,HSA,MS,ASO,CE,Federal Contract Tower,0,0,2,9,11,0,0,14,0,14,0,0,16,9,25,10,4,14,39
05/09/2020,HSA,MS,ASO,CE,Federal Contract Tower,0,1,2,16,19,0,0,13,1,14,0,1,15,17,33,0,0,0,33
05/10/2020,HSA,MS,ASO,CE,Federal Contract Tower,0,3,1,1,5,0,0,14,2,16,0,3,15,3,21,12,0,12,33
05/11/2020,HSA,MS,ASO,CE,Federal Contract Tower,0,1,1,24,26,0,0,23,27,50,0,1,24,51,76,16,18,34,110
05/12/2020,HSA,MS,ASO,CE,Federal Contract Tower,0,5,8,31,44,0,0,31,17,48,0,5,39,48,92,14,43,57,149
05/13/2020,HSA,MS,ASO,CE,Federal Contract Tower,0,0,4,32,36,0,0,31,15,46,0,0,35,47,82,32,62,94,176
05/14/2020,HSA,MS,ASO,CE,Federal Contract Tower,0,0,5,12,17,0,0,1,10,11,0,0,6,22,28,0,0,0,28
05/15/2020,HSA,MS,ASO,CE,Federal Contract Tower,0,0,3,26,29,0,0,0,1,1,0,0,3,27,30,0,1,1,31
05/16/2020,HSA,MS,ASO,CE,Federal Contract Tower,0,0,2,0,2,0,0,5,3,8,0,0,7,3,10,4,0,4,14
05/17/2020,HSA,MS,ASO,CE,Federal Contract Tower,0,0,0,1,1,0,0,8,0,8,0,0,8,1,9,30,0,30,39
05/18/2020,HSA,MS,ASO,CE,Federal Contract Tower,0,0,0,21,21,0,0,15,23,38,0,0,15,44,59,14,48,62,121
05/19/2020,HSA,MS,ASO,CE,Federal Contract Tower,0,0,6,14,20,0,0,34,23,57,0,0,40,37,77,64,0,64,141
05/20/2020,HSA,MS,ASO,CE,Federal Contract Tower,0,0,2,0,2,0,0,1,2,3,0,0,3,2,5,2,0,2,7
05/21/2020,HSA,MS,ASO,CE,Federal Contract Tower,0,0,2,55,57,0,0,22,14,36,0,0,24,69,93,32,48,80,173
05/22/2020,HSA,MS,ASO,CE,Federal Contract Tower,0,5,2,0,7,0,0,25,0,25,0,5,27,0,32,2,0,2,34
05/23/2020,HSA,MS,ASO,CE,Federal Contract Tower,0,0,1,0,1,0,0,21,0,21,0,0,22,0,22,12,0,12,34
05/24/2020,HSA,MS,ASO,CE,Federal Contract Tower,0,0,1,0,1,0,0,10,0,10,0,0,11,0,11,22,0,22,33
05/25/2020,HSA,MS,ASO,CE,Federal Contract Tower,0,0,7,0,7,0,0,13,0,13,0,0,20,0,20,8,0,8,28
05/26/2020,HSA,MS,ASO,CE,Federal Contract Tower,0,0,3,0,3,0,0,2,1,3,0,0,5,1,6,4,0,4,10
05/28/2020,HSA,MS,ASO,CE,Federal Contract Tower,0,4,8,29,41,0,0,42,26,68,0,4,50,55,109,38,44,82,191
05/29/2020,HSA,MS,ASO,CE,Federal Contract Tower,0,0,7,33,40,0,0,25,31,56,0,0,32,64,96,28,4,32,128
05/30/2020,HSA,MS,ASO,CE,Federal Contract Tower,0,0,0,2,2,0,0,26,0,26,0,0,26,2,28,32,0,32,60
05/31/2020,HSA,MS,ASO,CE,Federal Contract Tower,0,0,7,1,8,0,0,13,1,14,0,0,20,2,22,4,6,10,32
06/01/2020,HSA,MS,ASO,CE,Federal Contract Tower,0,0,4,62,66,0,0,40,63,103,0,0,44,125,169,42,38,80,249
06/02/2020,HSA,MS,ASO,CE,Federal Contract Tower,0,0,4,48,52,0,0,18,19,37,0,0,22,67,89,0,28,28,117
06/03/2020,HSA,MS,ASO,CE,Federal Contract Tower,0,0,3,10,13,0,0,13,1,14,0,0,16,11,27,28,10,38,65
06/04/2020,HSA,MS,ASO,CE,Federal Contract Tower,0,5,1,29,35,0,0,26,20,46,0,5,27,49,81,32,8,40,121
06/05/2020,HSA,MS,ASO,CE,Federal Contract Tower,0,0,3,14,17,0,0,28,12,40,0,0,31,26,57,48,8,56,113
06/06/2020,HSA,MS,ASO,CE,Federal Contract Tower,0,0,1,0,1,0,0,4,0,4,0,0,5,0,5,6,0,6,11
06/07/2020,HSA,MS,ASO,CE,Federal Contract Tower,0,0,0,0,0,0,0,0,0,0,0,0,0,0,0,0,0,0,0
06/08/2020,HSA,MS,ASO,CE,Federal Contract Tower,0,0,0,1,1,0,0,0,1,1,0,0,0,2,2,0,0,0,2
06/09/2020,HSA,MS,ASO,CE,Federal Contract Tower,0,0,2,21,23,0,0,3,17,20,0,0,5,38,43,0,32,32,75
06/10/2020,HSA,MS,ASO,CE,Federal Contract Tower,0,0,0,49,49,0,0,14,29,43,0,0,14,78,92,26,48,74,166
06/11/2020,HSA,MS,ASO,CE,Federal Contract Tower,0,0,3,46,49,0,0,24,35,59,0,0,27,81,108,32,38,70,178
06/12/2020,HSA,MS,ASO,CE,Federal Contract Tower,0,0,3,27,30,0,0,17,55,72,0,0,20,82,102,18,18,36,138
06/13/2020,HSA,MS,ASO,CE,Federal Contract Tower,0,0,1,7,8,0,0,24,7,31,0,0,25,14,39,10,18,28,67
06/14/2020,HSA,MS,ASO,CE,Federal Contract Tower,0,2,3,0,5,0,0,14,2,16,0,2,17,2,21,22,0,22,43
06/15/2020,HSA,MS,ASO,CE,Federal Contract Tower,0,0,9,44,53,0,0,31,42,73,0,0,40,86,126,26,58,84,210
06/16/2020,HSA,MS,ASO,CE,Federal Contract Tower,0,0,6,36,42,0,0,36,40,76,0,0,42,76,118,34,28,62,180
06/17/2020,HSA,MS,ASO,CE,Federal Contract Tower,0,0,1,42,43,0,0,30,38,68,0,0,31,80,111,46,31,77,188
06/18/2020,HSA,MS,ASO,CE,Federal Contract Tower,0,0,5,55,60,0,0,18,22,40,0,0,23,77,100,0,42,42,142
06/19/2020,HSA,MS,ASO,CE,Federal Contract Tower,0,1,2,58,61,0,0,21,75,96,0,1,23,133,157,6,76,82,239
06/20/2020,HSA,MS,ASO,CE,Federal Contract Tower,0,0,0,0,0,0,0,8,0,8,0,0,8,0,8,8,0,8,16
06/21/2020,HSA,MS,ASO,CE,Federal Contract Tower,0,4,0,1,5,0,0,11,10,21,0,4,11,11,26,18,0,18,44
06/22/2020,HSA,MS,ASO,CE,Federal Contract Tower,0,2,2,9,13,0,0,7,2,9,0,2,9,11,22,0,0,0,22
06/23/2020,HSA,MS,ASO,CE,Federal Contract Tower,0,0,0,31,31,0,0,23,18,41,0,0,23,49,72,8,10,18,90
06/24/2020,HSA,MS,ASO,CE,Federal Contract Tower,0,0,4,5,9,0,0,1,2,3,0,0,5,7,12,0,0,0,12
06/25/2020,HSA,MS,ASO,CE,Federal Contract Tower,0,0,6,28,34,0,0,6,2,8,0,0,12,30,42,6,6,12,54
06/26/2020,HSA,MS,ASO,CE,Federal Contract Tower,0,0,5,44,49,0,0,8,21,29,0,0,13,65,78,12,12,24,102
06/27/2020,HSA,MS,ASO,CE,Federal Contract Tower,0,0,3,0,3,0,0,8,1,9,0,0,11,1,12,10,0,10,22
06/28/2020,HSA,MS,ASO,CE,Federal Contract Tower,0,0,1,4,5,0,0,13,0,13,0,0,14,4,18,16,0,16,34
06/29/2020,HSA,MS,ASO,CE,Federal Contract Tower,0,0,0,31,31,0,0,20,17,37,0,0,20,48,68,4,12,16,84
06/30/2020,HSA,MS,ASO,CE,Federal Contract Tower,0,0,3,37,40,0,0,23,21,44,0,0,26,58,84,24,52,76,160
07/01/2020,HSA,MS,ASO,CE,Federal Contract Tower,0,0,2,13,15,0,0,17,10,27,0,0,19,23,42,6,6,12,54
07/02/2020,HSA,MS,ASO,CE,Federal Contract Tower,0,2,9,10,21,0,0,4,1,5,0,2,13,11,26,8,0,8,34
07/03/2020,HSA,MS,ASO,CE,Federal Contract Tower,0,0,8,2,10,0,0,23,0,23,0,0,31,2,33,20,0,20,53
07/04/2020,HSA,MS,ASO,CE,Federal Contract Tower,0,0,2,0,2,0,0,13,0,13,0,0,15,0,15,36,0,36,51
07/05/2020,HSA,MS,ASO,CE,Federal Contract Tower,0,0,2,0,2,0,0,5,0,5,0,0,7,0,7,0,0,0,7
07/06/2020,HSA,MS,ASO,CE,Federal Contract Tower,0,0,4,3,7,0,0,10,1,11,0,0,14,4,18,6,0,6,24
07/07/2020,HSA,MS,ASO,CE,Federal Contract Tower,0,0,1,5,6,0,0,13,11,24,0,0,14,16,30,10,0,10,40
07/08/2020,HSA,MS,ASO,CE,Federal Contract Tower,0,4,8,16,28,0,0,12,23,35,0,4,20,39,63,4,41,45,108
07/09/2020,HSA,MS,ASO,CE,Federal Contract Tower,0,0,2,52,54,0,0,31,28,59,0,0,33,80,113,14,46,60,173
07/10/2020,HSA,MS,ASO,CE,Federal Contract Tower,0,0,7,33,40,0,0,37,43,80,0,0,44,76,120,44,52,96,216
07/11/2020,HSA,MS,ASO,CE,Federal Contract Tower,0,1,2,10,13,0,0,25,7,32,0,1,27,17,45,60,0,60,105
07/12/2020,HSA,MS,ASO,CE,Federal Contract Tower,0,1,2,1,4,0,0,32,2,34,0,1,34,3,38,18,0,18,56
07/13/2020,HSA,MS,ASO,CE,Federal Contract Tower,0,0,8,9,17,0,0,36,26,62,0,0,44,35,79,46,12,58,137
07/14/2020,HSA,MS,ASO,CE,Federal Contract Tower,0,0,2,35,37,0,0,27,22,49,0,0,29,57,86,8,24,32,118
07/15/2020,HSA,MS,ASO,CE,Federal Contract Tower,0,2,4,6,12,0,0,13,4,17,0,2,17,10,29,10,28,38,67
07/16/2020,HSA,MS,ASO,CE,Federal Contract Tower,0,0,8,34,42,0,0,16,16,32,0,0,24,50,74,0,16,16,90
07/17/2020,HSA,MS,ASO,CE,Federal Contract Tower,0,0,1,45,46,0,0,40,41,81,0,0,41,86,127,28,46,74,201
07/18/2020,HSA,MS,ASO,CE,Federal Contract Tower,0,0,1,7,8,0,0,17,1,18,0,0,18,8,26,37,4,41,67
07/19/2020,HSA,MS,ASO,CE,Federal Contract Tower,0,0,0,0,0,0,0,17,0,17,0,0,17,0,17,32,0,32,49
07/20/2020,HSA,MS,ASO,CE,Federal Contract Tower,0,0,3,41,44,0,0,27,56,83,0,0,30,97,127,4,56,60,187
07/21/2020,HSA,MS,ASO,CE,Federal Contract Tower,0,0,3,20,23,0,0,19,51,70,0,0,22,71,93,26,24,50,143
07/22/2020,HSA,MS,ASO,CE,Federal Contract Tower,0,0,3,34,37,0,0,14,23,37,0,0,17,57,74,0,24,24,98
07/23/2020,HSA,MS,ASO,CE,Federal Contract Tower,0,0,3,14,17,0,0,4,6,10,0,0,7,20,27,24,0,24,51
07/24/2020,HSA,MS,ASO,CE,Federal Contract Tower,0,0,6,1,7,0,0,0,0,0,0,0,6,1,7,0,0,0,7
07/25/2020,HSA,MS,ASO,CE,Federal Contract Tower,0,2,4,0,6,0,0,0,0,0,0,2,4,0,6,0,0,0,6
07/26/2020,HSA,MS,ASO,CE,Federal Contract Tower,0,0,4,0,4,0,0,0,0,0,0,0,4,0,4,0,0,0,4
07/27/2020,HSA,MS,ASO,CE,Federal Contract Tower,0,0,1,2,3,0,0,2,0,2,0,0,3,2,5,2,0,2,7
07/28/2020,HSA,MS,ASO,CE,Federal Contract Tower,0,1,5,9,15,0,0,16,12,28,0,1,21,21,43,0,0,0,43
07/29/2020,HSA,MS,ASO,CE,Federal Contract Tower,0,0,8,23,31,0,0,26,12,38,0,0,34,35,69,22,0,22,91
07/30/2020,HSA,MS,ASO,CE,Federal Contract Tower,0,0,11,19,30,0,0,19,25,44,0,0,30,44,74,0,24,24,98
07/31/2020,HSA,MS,ASO,CE,Federal Contract Tower,0,0,3,42,45,0,0,35,37,72,0,0,38,79,117,12,50,62,179
08/01/2020,HSA,MS,ASO,CE,Federal Contract Tower,0,0,0,1,1,0,0,7,2,9,0,0,7,3,10,8,8,16,26
08/02/2020,HSA,MS,ASO,CE,Federal Contract Tower,0,0,0,1,1,0,0,4,2,6,0,0,4,3,7,14,0,14,21
08/03/2020,HSA,MS,ASO,CE,Federal Contract Tower,0,0,2,37,39,0,0,26,24,50,0,0,28,61,89,32,14,46,135
08/04/2020,HSA,MS,ASO,CE,Federal Contract Tower,2,0,1,24,27,0,0,28,26,54,2,0,29,50,81,32,28,60,141
08/05/2020,HSA,MS,ASO,CE,Federal Contract Tower,0,0,1,31,32,0,0,30,29,59,0,0,31,60,91,42,62,104,195
08/06/2020,HSA,MS,ASO,CE,Federal Contract Tower,0,2,2,26,30,0,0,16,23,39,0,2,18,49,69,18,8,26,95
08/07/2020,HSA,MS,ASO,CE,Federal Contract Tower,0,0,0,46,46,0,0,26,43,69,0,0,26,89,115,10,18,28,143
08/08/2020,HSA,MS,ASO,CE,Federal Contract Tower,0,0,4,5,9,0,0,23,11,34,0,0,27,16,43,0,6,6,49
08/09/2020,HSA,MS,ASO,CE,Federal Contract Tower,0,0,4,2,6,0,0,5,2,7,0,0,9,4,13,16,0,16,29
08/10/2020,HSA,MS,ASO,CE,Federal Contract Tower,0,0,2,58,60,0,0,19,35,54,0,0,21,93,114,22,30,52,166
08/11/2020,HSA,MS,ASO,CE,Federal Contract Tower,0,2,12,21,35,0,0,36,36,72,0,2,48,57,107,12,42,54,161
08/12/2020,HSA,MS,ASO,CE,Federal Contract Tower,0,0,0,16,16,0,0,26,8,34,0,0,26,24,50,18,2,20,70
08/13/2020,HSA,MS,ASO,CE,Federal Contract Tower,0,0,3,23,26,0,0,16,8,24,0,0,19,31,50,0,34,34,84
08/14/2020,HSA,MS,ASO,CE,Federal Contract Tower,0,0,3,9,12,0,0,19,4,23,0,0,22,13,35,8,14,22,57
08/15/2020,HSA,MS,ASO,CE,Federal Contract Tower,0,2,0,8,10,0,0,21,7,28,0,2,21,15,38,14,6,20,58
08/17/2020,HSA,MS,ASO,CE,Federal Contract Tower,0,0,4,32,36,0,0,19,50,69,0,0,23,82,105,4,54,58,163
08/18/2020,HSA,MS,ASO,CE,Federal Contract Tower,0,0,6,21,27,0,0,24,43,67,0,0,30,64,94,16,60,76,170
08/19/2020,HSA,MS,ASO,CE,Federal Contract Tower,0,0,2,15,17,0,0,20,23,43,0,0,22,38,60,0,40,40,100
08/20/2020,HSA,MS,ASO,CE,Federal Contract Tower,0,0,4,0,4,0,0,16,7,23,0,0,20,7,27,6,0,6,33
08/21/2020,HSA,MS,ASO,CE,Federal Contract Tower,0,0,3,42,45,0,0,32,51,83,0,0,35,93,128,32,42,74,202
08/22/2020,HSA,MS,ASO,CE,Federal Contract Tower,0,0,4,2,6,0,0,35,0,35,0,0,39,2,41,22,0,22,63
08/23/2020,HSA,MS,ASO,CE,Federal Contract Tower,0,0,5,2,7,0,0,6,0,6,0,0,11,2,13,6,0,6,19
08/24/2020,HSA,MS,ASO,CE,Federal Contract Tower,0,0,2,0,2,0,0,1,0,1,0,0,3,0,3,4,0,4,7
08/25/2020,HSA,MS,ASO,CE,Federal Contract Tower,0,0,2,2,4,0,0,0,0,0,0,0,2,2,4,0,2,2,6
08/26/2020,HSA,MS,ASO,CE,Federal Contract Tower,0,2,0,9,11,0,0,0,10,10,0,2,0,19,21,0,14,14,35
08/28/2020,HSA,MS,ASO,CE,Federal Contract Tower,0,0,5,1,6,0,0,9,2,11,0,0,14,3,17,0,0,0,17
08/29/2020,HSA,MS,ASO,CE,Federal Contract Tower,0,0,3,0,3,0,0,18,6,24,0,0,21,6,27,48,24,72,99
08/30/2020,HSA,MS,ASO,CE,Federal Contract Tower,0,0,0,6,6,0,0,3,3,6,0,0,3,9,12,0,10,10,22
08/31/2020,HSA,MS,ASO,CE,Federal Contract Tower,0,1,11,19,31,0,0,34,17,51,0,1,45,36,82,20,8,28,110
09/01/2020,HSA,MS,ASO,CE,Federal Contract Tower,0,1,2,76,79,0,0,31,36,67,0,1,33,112,146,70,12,82,228
09/02/2020,HSA,MS,ASO,CE,Federal Contract Tower,0,0,9,60,69,0,0,21,21,42,0,0,30,81,111,14,90,104,215
09/03/2020,HSA,MS,ASO,CE,Federal Contract Tower,0,0,6,34,40,0,0,21,36,57,0,0,27,70,97,2,26,28,125
09/04/2020,HSA,MS,ASO,CE,Federal Contract Tower,0,0,4,2,6,0,0,18,6,24,0,0,22,8,30,30,56,86,116
09/05/2020,HSA,MS,ASO,CE,Federal Contract Tower,0,0,4,0,4,0,0,14,0,14,0,0,18,0,18,35,0,35,53
09/06/2020,HSA,MS,ASO,CE,Federal Contract Tower,0,0,1,0,1,0,0,15,0,15,0,0,16,0,16,12,0,12,28
09/07/2020,HSA,MS,ASO,CE,Federal Contract Tower,0,0,2,0,2,0,0,36,0,36,0,0,38,0,38,28,0,28,66
09/08/2020,HSA,MS,ASO,CE,Federal Contract Tower,0,0,6,52,58,0,0,42,35,77,0,0,48,87,135,94,54,148,283
09/09/2020,HSA,MS,ASO,CE,Federal Contract Tower,0,0,4,48,52,0,0,17,11,28,0,0,21,59,80,22,94,116,196
09/10/2020,HSA,MS,ASO,CE,Federal Contract Tower,0,0,3,38,41,0,0,25,41,66,0,0,28,79,107,18,58,76,183
09/11/2020,HSA,MS,ASO,CE,Federal Contract Tower,0,1,10,17,28,0,0,26,15,41,0,1,36,32,69,36,6,42,111
09/12/2020,HSA,MS,ASO,CE,Federal Contract Tower,0,0,4,0,4,0,0,15,9,24,0,0,19,9,28,28,0,28,56
09/13/2020,HSA,MS,ASO,CE,Federal Contract Tower,0,0,2,0,2,0,0,20,0,20,0,0,22,0,22,4,0,4,26
09/14/2020,HSA,MS,ASO,CE,Federal Contract Tower,0,0,1,0,1,0,0,0,0,0,0,0,1,0,1,0,0,0,1
09/15/2020,HSA,MS,ASO,CE,Federal Contract Tower,0,0,0,0,0,0,0,0,0,0,0,0,0,0,0,0,0,0,0
09/16/2020,HSA,MS,ASO,CE,Federal Contract Tower,0,0,0,0,0,0,0,3,0,3,0,0,3,0,3,0,0,0,3
09/17/2020,HSA,MS,ASO,CE,Federal Contract Tower,0,0,4,22,26,0,0,17,5,22,0,0,21,27,48,8,22,30,78
09/18/2020,HSA,MS,ASO,CE,Federal Contract Tower,0,2,1,15,18,0,0,16,13,29,0,2,17,28,47,52,30,82,129
09/19/2020,HSA,MS,ASO,CE,Federal Contract Tower,0,0,3,0,3,0,0,0,0,0,0,0,3,0,3,0,0,0,3
09/20/2020,HSA,MS,ASO,CE,Federal Contract Tower,0,0,2,2,4,0,0,0,0,0,0,0,2,2,4,0,0,0,4
09/21/2020,HSA,MS,ASO,CE,Federal Contract Tower,0,0,0,6,6,0,0,2,0,2,0,0,2,6,8,0,0,0,8
09/22/2020,HSA,MS,ASO,CE,Federal Contract Tower,0,0,4,19,23,0,0,1,4,5,0,0,5,23,28,0,18,18,46
09/23/2020,HSA,MS,ASO,CE,Federal Contract Tower,0,0,1,27,28,0,0,5,9,14,0,0,6,36,42,14,6,20,62
09/24/2020,HSA,MS,ASO,CE,Federal Contract Tower,0,1,3,79,83,0,0,18,26,44,0,1,21,105,127,0,12,12,139
09/25/2020,HSA,MS,ASO,CE,Federal Contract Tower,0,0,7,31,38,0,0,25,19,44,0,0,32,50,82,24,20,44,126
09/26/2020,HSA,MS,ASO,CE,Federal Contract Tower,0,0,0,8,8,0,0,6,1,7,0,0,6,9,15,20,0,20,35
09/27/2020,HSA,MS,ASO,CE,Federal Contract Tower,0,2,1,4,7,0,0,30,3,33,0,2,31,7,40,28,0,28,68
09/28/2020,HSA,MS,ASO,CE,Federal Contract Tower,0,0,8,19,27,0,0,12,7,19,0,0,20,26,46,20,2,22,68
09/29/2020,HSA,MS,ASO,CE,Federal Contract Tower,0,2,4,37,43,0,0,18,27,45,0,2,22,64,88,26,26,52,140
09/30/2020,HSA,MS,ASO,CE,Federal Contract Tower,0,0,6,24,30,0,0,22,17,39,0,0,28,41,69,36,18,54,123
10/01/2020,HSA,MS,ASO,CE,Federal Contract Tower,0,0,7,35,42,0,0,31,16,47,0,0,38,51,89,44,26,70,159
10/02/2020,HSA,MS,ASO,CE,Federal Contract Tower,0,2,4,22,28,0,0,32,31,63,0,2,36,53,91,24,18,42,133
10/03/2020,HSA,MS,ASO,CE,Federal Contract Tower,0,0,8,19,27,0,0,42,20,62,0,0,50,39,89,52,6,58,147
10/04/2020,HSA,MS,ASO,CE,Federal Contract Tower,0,0,4,2,6,0,0,11,1,12,0,0,15,3,18,0,0,0,18
10/05/2020,HSA,MS,ASO,CE,Federal Contract Tower,0,0,0,13,13,0,0,30,22,52,0,0,30,35,65,60,4,64,129
10/06/2020,HSA,MS,ASO,CE,Federal Contract Tower,0,0,2,23,25,0,0,18,11,29,0,0,20,34,54,28,36,64,118
10/07/2020,HSA,MS,ASO,CE,Federal Contract Tower,0,0,8,19,27,0,0,10,9,19,0,0,18,28,46,48,16,64,110
10/08/2020,HSA,MS,ASO,CE,Federal Contract Tower,0,0,7,9,16,0,0,9,3,12,0,0,16,12,28,10,0,10,38
10/09/2020,HSA,MS,ASO,CE,Federal Contract Tower,0,0,0,0,0,0,0,0,0,0,0,0,0,0,0,0,0,0,0
10/10/2020,HSA,MS,ASO,CE,Federal Contract Tower,0,0,0,0,0,0,0,0,0,0,0,0,0,0,0,0,0,0,0
10/11/2020,HSA,MS,ASO,CE,Federal Contract Tower,0,0,2,0,2,0,0,19,0,19,0,0,21,0,21,12,0,12,33
10/12/2020,HSA,MS,ASO,CE,Federal Contract Tower,0,2,4,6,12,0,0,18,0,18,0,2,22,6,30,14,0,14,44
10/13/2020,HSA,MS,ASO,CE,Federal Contract Tower,0,0,2,44,46,0,0,23,31,54,0,0,25,75,100,48,28,76,176
10/14/2020,HSA,MS,ASO,CE,Federal Contract Tower,0,0,7,47,54,0,0,20,16,36,0,0,27,63,90,50,16,66,156
10/15/2020,HSA,MS,ASO,CE,Federal Contract Tower,0,0,2,48,50,0,0,20,15,35,0,0,22,63,85,10,18,28,113
10/16/2020,HSA,MS,ASO,CE,Federal Contract Tower,0,0,0,44,44,0,0,6,19,25,0,0,6,63,69,0,2,2,71
10/17/2020,HSA,MS,ASO,CE,Federal Contract Tower,0,0,4,0,4,0,0,21,0,21,0,0,25,0,25,14,0,14,39
10/18/2020,HSA,MS,ASO,CE,Federal Contract Tower,0,4,6,8,18,0,0,28,0,28,0,4,34,8,46,16,0,16,62
10/19/2020,HSA,MS,ASO,CE,Federal Contract Tower,0,0,9,43,52,0,0,20,22,42,0,0,29,65,94,22,62,84,178
10/20/2020,HSA,MS,ASO,CE,Federal Contract Tower,0,0,1,63,64,0,0,12,36,48,0,0,13,99,112,8,52,60,172
10/21/2020,HSA,MS,ASO,CE,Federal Contract Tower,0,0,3,66,69,0,0,22,48,70,0,0,25,114,139,40,106,146,285
10/22/2020,HSA,MS,ASO,CE,Federal Contract Tower,0,0,7,31,38,0,0,11,18,29,0,0,18,49,67,20,10,30,97
10/23/2020,HSA,MS,ASO,CE,Federal Contract Tower,0,1,2,60,63,0,0,23,34,57,0,1,25,94,120,18,16,34,154
10/24/2020,HSA,MS,ASO,CE,Federal Contract Tower,0,0,1,0,1,0,0,4,0,4,0,0,5,0,5,8,0,8,13
10/25/2020,HSA,MS,ASO,CE,Federal Contract Tower,0,2,1,0,3,0,0,3,0,3,0,2,4,0,6,0,0,0,6
10/26/2020,HSA,MS,ASO,CE,Federal Contract Tower,0,4,3,6,13,0,0,18,5,23,0,4,21,11,36,12,6,18,54
10/27/2020,HSA,MS,ASO,CE,Federal Contract Tower,0,0,2,16,18,0,0,12,1,13,0,0,14,17,31,0,18,18,49
10/28/2020,HSA,MS,ASO,CE,Federal Contract Tower,0,0,0,0,0,0,0,0,0,0,0,0,0,0,0,0,0,0,0
10/29/2020,HSA,MS,ASO,CE,Federal Contract Tower,0,2,2,0,4,0,0,4,0,4,0,2,6,0,8,0,0,0,8
10/30/2020,HSA,MS,ASO,CE,Federal Contract Tower,0,1,0,10,11,0,0,6,23,29,0,1,6,33,40,8,34,42,82
10/31/2020,HSA,MS,ASO,CE,Federal Contract Tower,0,2,4,1,7,0,0,36,7,43,0,2,40,8,50,36,40,76,126
11/01/2020,HSA,MS,ASO,CE,Federal Contract Tower,0,0,1,0,1,0,0,30,0,30,0,0,31,0,31,8,0,8,39
11/02/2020,HSA,MS,ASO,CE,Federal Contract Tower,0,0,1,23,24,0,0,34,27,61,0,0,35,50,85,20,42,62,147
11/03/2020,HSA,MS,ASO,CE,Federal Contract Tower,0,0,3,43,46,0,0,25,27,52,0,0,28,70,98,20,88,108,206
11/04/2020,HSA,MS,ASO,CE,Federal Contract Tower,0,0,0,35,35,0,0,20,23,43,0,0,20,58,78,8,16,24,102
11/05/2020,HSA,MS,ASO,CE,Federal Contract Tower,0,0,8,26,34,0,0,22,22,44,0,0,30,48,78,24,54,78,156
11/06/2020,HSA,MS,ASO,CE,Federal Contract Tower,0,0,1,29,30,0,0,26,32,58,0,0,27,61,88,30,54,84,172
11/07/2020,HSA,MS,ASO,CE,Federal Contract Tower,0,0,0,2,2,0,0,15,2,17,0,0,15,4,19,26,12,38,57
11/08/2020,HSA,MS,ASO,CE,Federal Contract Tower,0,0,4,0,4,0,0,5,2,7,0,0,9,2,11,0,0,0,11
11/09/2020,HSA,MS,ASO,CE,Federal Contract Tower,0,2,6,51,59,0,0,7,24,31,0,2,13,75,90,0,37,37,127
11/10/2020,HSA,MS,ASO,CE,Federal Contract Tower,0,0,0,109,109,0,0,0,5,5,0,0,0,114,114,0,20,20,134
11/11/2020,HSA,MS,ASO,CE,Federal Contract Tower,0,0,1,2,3,0,0,8,2,10,0,0,9,4,13,8,6,14,27
11/12/2020,HSA,MS,ASO,CE,Federal Contract Tower,0,0,9,36,45,0,0,16,38,54,0,0,25,74,99,4,24,28,127
11/13/2020,HSA,MS,ASO,CE,Federal Contract Tower,0,0,0,47,47,0,0,27,35,62,0,0,27,82,109,48,30,78,187
11/14/2020,HSA,MS,ASO,CE,Federal Contract Tower,0,0,10,7,17,0,0,23,7,30,0,0,33,14,47,38,2,40,87
11/15/2020,HSA,MS,ASO,CE,Federal Contract Tower,0,0,1,0,1,0,0,9,2,11,0,0,10,2,12,18,4,22,34
11/16/2020,HSA,MS,ASO,CE,Federal Contract Tower,0,2,4,48,54,0,0,17,53,70,0,2,21,101,124,44,50,94,218
11/17/2020,HSA,MS,ASO,CE,Federal Contract Tower,0,0,1,41,42,0,0,17,42,59,0,0,18,83,101,24,76,100,201
11/18/2020,HSA,MS,ASO,CE,Federal Contract Tower,0,0,4,41,45,0,0,8,36,44,0,0,12,77,89,10,108,118,207
11/19/2020,HSA,MS,ASO,CE,Federal Contract Tower,0,0,3,65,68,0,0,11,37,48,0,0,14,102,116,0,50,50,166
11/20/2020,HSA,MS,ASO,CE,Federal Contract Tower,0,0,15,73,88,0,0,17,35,52,0,0,32,108,140,10,58,68,208
11/21/2020,HSA,MS,ASO,CE,Federal Contract Tower,0,0,1,13,14,0,0,7,1,8,0,0,8,14,22,18,8,26,48
11/22/2020,HSA,MS,ASO,CE,Federal Contract Tower,0,0,4,8,12,0,0,22,7,29,0,0,26,15,41,20,36,56,97
11/23/2020,HSA,MS,ASO,CE,Federal Contract Tower,0,0,0,52,52,0,0,20,36,56,0,0,20,88,108,14,78,92,200
11/24/2020,HSA,MS,ASO,CE,Federal Contract Tower,0,0,2,38,40,0,0,15,12,27,0,0,17,50,67,20,30,50,117
11/25/2020,HSA,MS,ASO,CE,Federal Contract Tower,0,1,0,0,1,0,0,6,1,7,0,1,6,1,8,16,0,16,24
11/26/2020,HSA,MS,ASO,CE,Federal Contract Tower,0,0,2,0,2,0,0,0,0,0,0,0,2,0,2,0,0,0,2
11/27/2020,HSA,MS,ASO,CE,Federal Contract Tower,0,0,8,8,16,0,0,0,0,0,0,0,8,8,16,0,0,0,16
11/28/2020,HSA,MS,ASO,CE,Federal Contract Tower,0,2,2,0,4,0,0,0,0,0,0,2,2,0,4,0,0,0,4
11/29/2020,HSA,MS,ASO,CE,Federal Contract Tower,0,1,6,0,7,0,0,0,0,0,0,1,6,0,7,0,0,0,7
11/30/2020,HSA,MS,ASO,CE,Federal Contract Tower,0,0,2,47,49,0,0,0,46,46,0,0,2,93,95,0,58,58,153
12/01/2020,HSA,MS,ASO,CE,Federal Contract Tower,0,0,0,41,41,0,0,31,48,79,0,0,31,89,120,8,66,74,194
12/02/2020,HSA,MS,ASO,CE,Federal Contract Tower,0,0,1,66,67,0,0,21,37,58,0,0,22,103,125,18,14,32,157
12/03/2020,HSA,MS,ASO,CE,Federal Contract Tower,0,0,0,38,38,0,0,5,12,17,0,0,5,50,55,18,24,42,97
12/04/2020,HSA,MS,ASO,CE,Federal Contract Tower,0,0,7,56,63,0,0,16,29,45,0,0,23,85,108,2,47,49,157
12/05/2020,HSA,MS,ASO,CE,Federal Contract Tower,0,0,1,9,10,0,0,39,9,48,0,0,40,18,58,59,12,71,129
12/06/2020,HSA,MS,ASO,CE,Federal Contract Tower,0,0,6,0,6,0,0,13,2,15,0,0,19,2,21,8,0,8,29
12/07/2020,HSA,MS,ASO,CE,Federal Contract Tower,0,0,5,42,47,0,0,13,25,38,0,0,18,67,85,10,32,42,127
12/08/2020,HSA,MS,ASO,CE,Federal Contract Tower,0,0,0,61,61,0,0,20,30,50,0,0,20,91,111,26,38,64,175
12/09/2020,HSA,MS,ASO,CE,Federal Contract Tower,0,0,1,63,64,0,0,31,22,53,0,0,32,85,117,22,76,98,215
12/10/2020,HSA,MS,ASO,CE,Federal Contract Tower,0,0,3,31,34,0,0,18,22,40,0,0,21,53,74,36,28,64,138
12/11/2020,HSA,MS,ASO,CE,Federal Contract Tower,0,0,7,39,46,0,0,22,32,54,0,0,29,71,100,31,20,51,151
12/12/2020,HSA,MS,ASO,CE,Federal Contract Tower,0,0,2,0,2,0,0,0,0,0,0,0,2,0,2,0,0,0,2
12/13/2020,HSA,MS,ASO,CE,Federal Contract Tower,0,0,0,7,7,0,0,0,1,1,0,0,0,8,8,0,16,16,24
12/14/2020,HSA,MS,ASO,CE,Federal Contract Tower,0,0,2,60,62,0,0,5,41,46,0,0,7,101,108,0,68,68,176
12/15/2020,HSA,MS,ASO,CE,Federal Contract Tower,0,0,0,47,47,0,0,7,18,25,0,0,7,65,72,10,6,16,88
12/16/2020,HSA,MS,ASO,CE,Federal Contract Tower,0,1,2,35,38,0,0,10,0,10,0,1,12,35,48,0,50,50,98
12/17/2020,HSA,MS,ASO,CE,Federal Contract Tower,0,0,7,41,48,0,0,10,26,36,0,0,17,67,84,10,25,35,119
12/18/2020,HSA,MS,ASO,CE,Federal Contract Tower,0,0,6,42,48,0,0,23,52,75,0,0,29,94,123,18,32,50,173
12/19/2020,HSA,MS,ASO,CE,Federal Contract Tower,0,0,1,4,5,0,0,25,10,35,0,0,26,14,40,43,6,49,89
12/20/2020,HSA,MS,ASO,CE,Federal Contract Tower,0,0,0,2,2,0,0,0,0,0,0,0,0,2,2,0,0,0,2
12/21/2020,HSA,MS,ASO,CE,Federal Contract Tower,0,0,8,30,38,0,0,33,20,53,0,0,41,50,91,62,26,88,179
12/22/2020,HSA,MS,ASO,CE,Federal Contract Tower,0,2,1,26,29,0,0,30,29,59,0,2,31,55,88,25,40,65,153
12/23/2020,HSA,MS,ASO,CE,Federal Contract Tower,0,0,2,17,19,0,0,8,1,9,0,0,10,18,28,18,0,18,46
12/24/2020,HSA,MS,ASO,CE,Federal Contract Tower,0,0,2,0,2,0,0,0,0,0,0,0,2,0,2,6,0,6,8
12/25/2020,HSA,MS,ASO,CE,Federal Contract Tower,0,0,0,0,0,0,0,1,0,1,0,0,1,0,1,0,0,0,1
12/26/2020,HSA,MS,ASO,CE,Federal Contract Tower,0,2,3,0,5,0,0,35,0,35,0,2,38,0,40,44,0,44,84
12/27/2020,HSA,MS,ASO,CE,Federal Contract Tower,0,0,3,0,3,0,0,22,0,22,0,0,25,0,25,45,0,45,70
12/28/2020,HSA,MS,ASO,CE,Federal Contract Tower,0,0,0,34,34,0,0,32,31,63,0,0,32,65,97,26,24,50,147
12/29/2020,HSA,MS,ASO,CE,Federal Contract Tower,0,1,7,18,26,0,0,23,26,49,0,1,30,44,75,23,10,33,108
12/30/2020,HSA,MS,ASO,CE,Federal Contract Tower,0,3,8,21,32,0,12,27,25,64,0,15,35,46,96,10,22,32,128
12/31/2020,HSA,MS,ASO,CE,Federal Contract Tower,0,9,3,0,12,0,17,8,0,25,0,26,11,0,37,0,0,0,37
01/01/2021,HSA,MS,ASO,CE,Federal Contract Tower,0,2,0,0,2,0,0,8,0,8,0,2,8,0,10,16,0,16,26
01/02/2021,HSA,MS,ASO,CE,Federal Contract Tower,0,0,11,0,11,0,0,16,0,16,0,0,27,0,27,47,0,47,74
01/03/2021,HSA,MS,ASO,CE,Federal Contract Tower,0,3,4,0,7,0,40,17,0,57,0,43,21,0,64,26,0,26,90
01/04/2021,HSA,MS,ASO,CE,Federal Contract Tower,0,0,7,31,38,0,3,32,35,70,0,3,39,66,108,64,6,70,178
01/05/2021,HSA,MS,ASO,CE,Federal Contract Tower,0,0,15,21,36,0,0,27,46,73,0,0,42,67,109,4,105,109,218
01/06/2021,HSA,MS,ASO,CE,Federal Contract Tower,0,0,7,29,36,0,0,13,25,38,0,0,20,54,74,28,40,68,142
01/07/2021,HSA,MS,ASO,CE,Federal Contract Tower,0,0,0,44,44,0,0,3,15,18,0,0,3,59,62,0,14,14,76
01/08/2021,HSA,MS,ASO,CE,Federal Contract Tower,0,0,8,20,28,0,0,7,15,22,0,0,15,35,50,0,30,30,80
01/09/2021,HSA,MS,ASO,CE,Federal Contract Tower,0,0,10,6,16,0,0,13,4,17,0,0,23,10,33,0,72,72,105
01/10/2021,HSA,MS,ASO,CE,Federal Contract Tower,0,0,0,3,3,0,0,2,0,2,0,0,2,3,5,0,8,8,13
01/11/2021,HSA,MS,ASO,CE,Federal Contract Tower,0,0,2,10,12,0,0,0,0,0,0,0,2,10,12,0,0,0,12
01/12/2021,HSA,MS,ASO,CE,Federal Contract Tower,0,0,9,48,57,0,0,0,27,27,0,0,9,75,84,0,36,36,120
01/13/2021,HSA,MS,ASO,CE,Federal Contract Tower,0,0,3,72,75,0,0,16,45,61,0,0,19,117,136,36,22,58,194
01/14/2021,HSA,MS,ASO,CE,Federal Contract Tower,0,0,6,67,73,0,0,22,38,60,0,0,28,105,133,4,46,50,183
01/15/2021,HSA,MS,ASO,CE,Federal Contract Tower,0,0,9,17,26,0,0,14,23,37,0,0,23,40,63,44,36,80,143
01/16/2021,HSA,MS,ASO,CE,Federal Contract Tower,0,4,4,1,9,0,0,19,0,19,0,4,23,1,28,36,0,36,64
01/17/2021,HSA,MS,ASO,CE,Federal Contract Tower,0,0,5,0,5,0,0,13,0,13,0,0,18,0,18,60,0,60,78
01/18/2021,HSA,MS,ASO,CE,Federal Contract Tower,0,2,0,0,2,0,0,17,0,17,0,2,17,0,19,4,0,4,23
01/19/2021,HSA,MS,ASO,CE,Federal Contract Tower,0,0,6,55,61,0,0,28,48,76,0,0,34,103,137,12,66,78,215
01/20/2021,HSA,MS,ASO,CE,Federal Contract Tower,0,0,3,60,63,0,0,27,53,80,0,0,30,113,143,18,65,83,226
01/21/2021,HSA,MS,ASO,CE,Federal Contract Tower,0,0,1,58,59,0,0,18,29,47,0,0,19,87,106,24,64,88,194
01/23/2021,HSA,MS,ASO,CE,Federal Contract Tower,0,0,1,2,3,0,0,9,0,9,0,0,10,2,12,10,0,10,22
01/24/2021,HSA,MS,ASO,CE,Federal Contract Tower,0,0,4,0,4,0,0,0,0,0,0,0,4,0,4,0,0,0,4
01/25/2021,HSA,MS,ASO,CE,Federal Contract Tower,0,0,3,50,53,0,0,1,0,1,0,0,4,50,54,18,18,36,90
01/26/2021,HSA,MS,ASO,CE,Federal Contract Tower,0,0,10,16,26,0,0,0,0,0,0,0,10,16,26,0,0,0,26
01/27/2021,HSA,MS,ASO,CE,Federal Contract Tower,0,0,1,34,35,0,0,6,15,21,0,0,7,49,56,2,44,46,102
01/28/2021,HSA,MS,ASO,CE,Federal Contract Tower,0,0,2,51,53,0,0,12,43,55,0,0,14,94,108,10,66,76,184
01/29/2021,HSA,MS,ASO,CE,Federal Contract Tower,0,0,4,62,66,0,0,16,35,51,0,0,20,97,117,10,36,46,163
01/30/2021,HSA,MS,ASO,CE,Federal Contract Tower,0,0,1,11,12,0,0,20,1,21,0,0,21,12,33,2,0,2,35
01/31/2021,HSA,MS,ASO,CE,Federal Contract Tower,0,0,2,3,5,0,0,4,1,5,0,0,6,4,10,2,0,2,12
02/01/2021,HSA,MS,ASO,CE,Federal Contract Tower,0,0,0,50,50,0,0,9,35,44,0,0,9,85,94,4,98,102,196
02/02/2021,HSA,MS,ASO,CE,Federal Contract Tower,0,0,2,41,43,0,0,23,30,53,0,0,25,71,96,16,14,30,126
02/03/2021,HSA,MS,ASO,CE,Federal Contract Tower,0,1,11,67,79,0,0,27,43,70,0,1,38,110,149,27,113,140,289
02/04/2021,HSA,MS,ASO,CE,Federal Contract Tower,0,0,7,37,44,0,0,12,49,61,0,0,19,86,105,14,34,48,153
02/05/2021,HSA,MS,ASO,CE,Federal Contract Tower,0,0,4,40,44,0,0,8,4,12,0,0,12,44,56,4,2,6,62
02/06/2021,HSA,MS,ASO,CE,Federal Contract Tower,0,0,0,0,0,0,0,0,0,0,0,0,0,0,0,0,0,0,0
02/07/2021,HSA,MS,ASO,CE,Federal Contract Tower,0,0,4,4,8,0,0,12,7,19,0,0,16,11,27,18,0,18,45
02/08/2021,HSA,MS,ASO,CE,Federal Contract Tower,0,2,0,26,28,0,0,24,12,36,0,2,24,38,64,20,12,32,96
02/09/2021,HSA,MS,ASO,CE,Federal Contract Tower,0,0,5,44,49,0,0,13,36,49,0,0,18,80,98,29,37,66,164
02/10/2021,HSA,MS,ASO,CE,Federal Contract Tower,0,0,2,19,21,0,0,0,2,2,0,0,2,21,23,0,0,0,23
02/11/2021,HSA,MS,ASO,CE,Federal Contract Tower,0,0,3,5,8,0,0,0,0,0,0,0,3,5,8,0,0,0,8
02/12/2021,HSA,MS,ASO,CE,Federal Contract Tower,0,0,2,0,2,0,0,0,0,0,0,0,2,0,2,0,0,0,2
02/13/2021,HSA,MS,ASO,CE,Federal Contract Tower,0,0,4,0,4,0,0,0,0,0,0,0,4,0,4,0,0,0,4
02/14/2021,HSA,MS,ASO,CE,Federal Contract Tower,0,0,0,0,0,0,0,0,2,2,0,0,0,2,2,0,6,6,8
02/15/2021,HSA,MS,ASO,CE,Federal Contract Tower,0,0,3,0,3,0,0,0,0,0,0,0,3,0,3,0,0,0,3
02/16/2021,HSA,MS,ASO,CE,Federal Contract Tower,0,0,0,24,24,0,0,6,54,60,0,0,6,78,84,0,93,93,177
02/17/2021,HSA,MS,ASO,CE,Federal Contract Tower,0,2,0,18,20,0,0,0,27,27,0,2,0,45,47,0,26,26,73
02/18/2021,HSA,MS,ASO,CE,Federal Contract Tower,0,0,5,19,24,0,0,0,1,1,0,0,5,20,25,0,14,14,39
02/19/2021,HSA,MS,ASO,CE,Federal Contract Tower,0,2,9,29,40,0,0,16,34,50,0,2,25,63,90,16,42,58,148
02/20/2021,HSA,MS,ASO,CE,Federal Contract Tower,0,0,7,6,13,0,0,24,0,24,0,0,31,6,37,34,0,34,71
02/21/2021,HSA,MS,ASO,CE,Federal Contract Tower,0,0,5,2,7,0,0,18,0,18,0,0,23,2,25,12,0,12,37
02/22/2021,HSA,MS,ASO,CE,Federal Contract Tower,0,0,3,77,80,0,0,22,82,104,0,0,25,159,184,18,95,113,297
02/23/2021,HSA,MS,ASO,CE,Federal Contract Tower,0,0,5,45,50,0,0,23,62,85,0,0,28,107,135,16,64,80,215
02/24/2021,HSA,MS,ASO,CE,Federal Contract Tower,0,2,6,59,67,0,0,37,38,75,0,2,43,97,142,16,45,61,203
02/25/2021,HSA,MS,ASO,CE,Federal Contract Tower,0,0,5,27,32,0,0,7,14,21,0,0,12,41,53,31,14,45,98
02/26/2021,HSA,MS,ASO,CE,Federal Contract Tower,0,0,7,24,31,0,0,7,24,31,0,0,14,48,62,0,24,24,86
02/27/2021,HSA,MS,ASO,CE,Federal Contract Tower,0,2,3,0,5,0,0,2,3,5,0,2,5,3,10,0,0,0,10
02/28/2021,HSA,MS,ASO,CE,Federal Contract Tower,0,0,4,4,8,0,0,0,6,6,0,0,4,10,14,0,10,10,24
03/01/2021,HSA,MS,ASO,CE,Federal Contract Tower,0,0,3,34,37,0,0,2,2,4,0,0,5,36,41,0,22,22,63
03/02/2021,HSA,MS,ASO,CE,Federal Contract Tower,0,0,2,8,10,0,0,0,0,0,0,0,2,8,10,0,0,0,10
03/03/2021,HSA,MS,ASO,CE,Federal Contract Tower,0,0,9,60,69,0,0,33,42,75,0,0,42,102,144,25,104,129,273
03/04/2021,HSA,MS,ASO,CE,Federal Contract Tower,0,0,9,33,42,0,0,29,20,49,0,0,38,53,91,34,67,101,192
03/05/2021,HSA,MS,ASO,CE,Federal Contract Tower,0,0,2,51,53,0,0,21,24,45,0,0,23,75,98,30,54,84,182
03/06/2021,HSA,MS,ASO,CE,Federal Contract Tower,0,0,4,7,11,0,0,21,6,27,0,0,25,13,38,18,10,28,66
03/07/2021,HSA,MS,ASO,CE,Federal Contract Tower,0,0,3,1,4,0,0,19,3,22,0,0,22,4,26,2,12,14,40
03/08/2021,HSA,MS,ASO,CE,Federal Contract Tower,0,0,6,38,44,0,0,34,30,64,0,0,40,68,108,24,29,53,161
03/09/2021,HSA,MS,ASO,CE,Federal Contract Tower,0,1,2,66,69,0,0,29,32,61,0,1,31,98,130,20,49,69,199
03/10/2021,HSA,MS,ASO,CE,Federal Contract Tower,0,0,1,35,36,0,0,12,41,53,0,0,13,76,89,12,38,50,139
03/11/2021,HSA,MS,ASO,CE,Federal Contract Tower,0,0,13,57,70,0,0,19,29,48,0,0,32,86,118,24,38,62,180
03/12/2021,HSA,MS,ASO,CE,Federal Contract Tower,0,0,3,56,59,0,0,32,24,56,0,0,35,80,115,28,34,62,177
03/13/2021,HSA,MS,ASO,CE,Federal Contract Tower,0,0,3,4,7,0,0,17,3,20,0,0,20,7,27,46,0,46,73
03/14/2021,HSA,MS,ASO,CE,Federal Contract Tower,0,2,14,10,26,0,0,11,0,11,0,2,25,10,37,32,0,32,69
03/15/2021,HSA,MS,ASO,CE,Federal Contract Tower,0,0,3,18,21,0,0,5,2,7,0,0,8,20,28,0,0,0,28
03/16/2021,HSA,MS,ASO,CE,Federal Contract Tower,0,0,6,38,44,0,0,2,34,36,0,0,8,72,80,0,24,24,104
03/17/2021,HSA,MS,ASO,CE,Federal Contract Tower,0,0,0,6,6,0,0,0,5,5,0,0,0,11,11,0,6,6,17
03/18/2021,HSA,MS,ASO,CE,Federal Contract Tower,0,0,11,38,49,0,0,14,35,49,0,0,25,73,98,24,30,54,152
03/19/2021,HSA,MS,ASO,CE,Federal Contract Tower,0,0,6,44,50,0,0,8,14,22,0,0,14,58,72,0,28,28,100
03/20/2021,HSA,MS,ASO,CE,Federal Contract Tower,0,0,5,20,25,0,0,12,3,15,0,0,17,23,40,10,4,14,54
03/21/2021,HSA,MS,ASO,CE,Federal Contract Tower,0,0,1,1,2,0,0,21,1,22,0,0,22,2,24,0,6,6,30
03/22/2021,HSA,MS,ASO,CE,Federal Contract Tower,0,0,6,53,59,0,0,20,29,49,0,0,26,82,108,22,22,44,152
03/23/2021,HSA,MS,ASO,CE,Federal Contract Tower,0,0,0,6,6,0,0,2,0,2,0,0,2,6,8,0,0,0,8
03/24/2021,HSA,MS,ASO,CE,Federal Contract Tower,0,0,2,9,11,0,0,0,3,3,0,0,2,12,14,0,6,6,20
03/25/2021,HSA,MS,ASO,CE,Federal Contract Tower,0,0,0,12,12,0,0,0,0,0,0,0,0,12,12,0,0,0,12
03/26/2021,HSA,MS,ASO,CE,Federal Contract Tower,0,0,4,35,39,0,0,5,11,16,0,0,9,46,55,8,16,24,79
03/27/2021,HSA,MS,ASO,CE,Federal Contract Tower,0,0,6,3,9,0,0,7,2,9,0,0,13,5,18,2,0,2,20
03/28/2021,HSA,MS,ASO,CE,Federal Contract Tower,0,0,3,7,10,0,0,3,12,15,0,0,6,19,25,0,4,4,29
03/29/2021,HSA,MS,ASO,CE,Federal Contract Tower,0,0,4,30,34,0,0,36,38,74,0,0,40,68,108,32,52,84,192
03/30/2021,HSA,MS,ASO,CE,Federal Contract Tower,0,0,6,30,36,0,0,3,4,7,0,0,9,34,43,0,0,0,43
03/31/2021,HSA,MS,ASO,CE,Federal Contract Tower,0,0,0,11,11,0,0,1,6,7,0,0,1,17,18,4,10,14,32
04/01/2021,HSA,MS,ASO,CE,Federal Contract Tower,0,0,5,56,61,0,0,7,25,32,0,0,12,81,93,0,28,28,121
04/02/2021,HSA,MS,ASO,CE,Federal Contract Tower,0,0,9,0,9,0,0,35,5,40,0,0,44,5,49,52,0,52,101
04/03/2021,HSA,MS,ASO,CE,Federal Contract Tower,0,0,3,0,3,0,0,36,0,36,0,0,39,0,39,12,0,12,51
04/04/2021,HSA,MS,ASO,CE,Federal Contract Tower,0,0,1,0,1,0,0,19,0,19,0,0,20,0,20,40,0,40,60
04/05/2021,HSA,MS,ASO,CE,Federal Contract Tower,0,2,2,76,80,0,0,25,43,68,0,2,27,119,148,46,82,128,276
04/06/2021,HSA,MS,ASO,CE,Federal Contract Tower,0,0,5,45,50,0,0,35,61,96,0,0,40,106,146,69,74,143,289
04/07/2021,HSA,MS,ASO,CE,Federal Contract Tower,0,2,1,47,50,0,0,18,27,45,0,2,19,74,95,0,58,58,153
04/08/2021,HSA,MS,ASO,CE,Federal Contract Tower,0,0,4,25,29,0,0,15,27,42,0,0,19,52,71,8,37,45,116
04/09/2021,HSA,MS,ASO,CE,Federal Contract Tower,0,0,1,14,15,0,0,0,1,1,0,0,1,15,16,0,0,0,16
04/10/2021,HSA,MS,ASO,CE,Federal Contract Tower,0,0,3,0,3,0,0,4,0,4,0,0,7,0,7,16,0,16,23
04/11/2021,HSA,MS,ASO,CE,Federal Contract Tower,0,1,3,6,10,0,0,45,3,48,0,1,48,9,58,17,14,31,89
04/12/2021,HSA,MS,ASO,CE,Federal Contract Tower,0,0,5,49,54,0,0,45,43,88,0,0,50,92,142,48,16,64,206
04/13/2021,HSA,MS,ASO,CE,Federal Contract Tower,0,0,3,15,18,0,0,8,10,18,0,0,11,25,36,18,40,58,94
04/14/2021,HSA,MS,ASO,CE,Federal Contract Tower,0,1,1,7,9,0,0,3,1,4,0,1,4,8,13,8,4,12,25
04/15/2021,HSA,MS,ASO,CE,Federal Contract Tower,0,0,4,17,21,0,0,9,5,14,0,0,13,22,35,14,8,22,57
04/16/2021,HSA,MS,ASO,CE,Federal Contract Tower,0,2,3,12,17,0,0,6,0,6,0,2,9,12,23,11,6,17,40
04/17/2021,HSA,MS,ASO,CE,Federal Contract Tower,0,0,2,2,4,0,0,0,2,2,0,0,2,4,6,0,24,24,30
04/18/2021,HSA,MS,ASO,CE,Federal Contract Tower,0,0,1,4,5,0,0,31,4,35,0,0,32,8,40,42,0,42,82
04/19/2021,HSA,MS,ASO,CE,Federal Contract Tower,0,0,6,41,47,0,0,43,31,74,0,0,49,72,121,29,35,64,185
04/20/2021,HSA,MS,ASO,CE,Federal Contract Tower,0,0,3,73,76,0,0,28,61,89,0,0,31,134,165,8,56,64,229
04/21/2021,HSA,MS,ASO,CE,Federal Contract Tower,0,0,10,27,37,0,0,28,39,67,0,0,38,66,104,20,58,78,182
04/22/2021,HSA,MS,ASO,CE,Federal Contract Tower,0,0,0,41,41,0,0,21,39,60,0,0,21,80,101,52,54,106,207
04/23/2021,HSA,MS,ASO,CE,Federal Contract Tower,0,2,10,45,57,0,0,11,23,34,0,2,21,68,91,38,30,68,159
04/24/2021,HSA,MS,ASO,CE,Federal Contract Tower,0,0,4,0,4,0,0,3,0,3,0,0,7,0,7,4,0,4,11
04/26/2021,HSA,MS,ASO,CE,Federal Contract Tower,0,1,8,41,50,0,0,42,41,83,0,1,50,82,133,16,64,80,213
04/27/2021,HSA,MS,ASO,CE,Federal Contract Tower,0,0,7,68,75,0,0,20,50,70,0,0,27,118,145,0,42,42,187
04/28/2021,HSA,MS,ASO,CE,Federal Contract Tower,0,0,9,43,52,0,0,17,14,31,0,0,26,57,83,49,18,67,150
04/29/2021,HSA,MS,ASO,CE,Federal Contract Tower,0,1,14,56,71,0,0,30,28,58,0,1,44,84,129,56,54,110,239
04/30/2021,HSA,MS,ASO,CE,Federal Contract Tower,0,2,2,16,20,0,0,5,0,5,0,2,7,16,25,26,12,38,63
05/01/2021,HSA,MS,ASO,CE,Federal Contract Tower,0,2,4,3,9,0,0,15,1,16,0,2,19,4,25,34,0,34,59
05/02/2021,HSA,MS,ASO,CE,Federal Contract Tower,0,2,0,0,2,0,0,0,0,0,0,2,0,0,2,0,0,0,2
05/03/2021,HSA,MS,ASO,CE,Federal Contract Tower,0,3,3,24,30,0,0,13,11,24,0,3,16,35,54,0,4,4,58
05/04/2021,HSA,MS,ASO,CE,Federal Contract Tower,0,0,1,51,52,0,0,9,13,22,0,0,10,64,74,0,6,6,80
05/05/2021,HSA,MS,ASO,CE,Federal Contract Tower,0,0,2,7,9,0,0,0,4,4,0,0,2,11,13,0,4,4,17
05/06/2021,HSA,MS,ASO,CE,Federal Contract Tower,0,0,8,22,30,0,0,36,42,78,0,0,44,64,108,39,50,89,197
05/07/2021,HSA,MS,ASO,CE,Federal Contract Tower,0,0,12,30,42,0,0,23,18,41,0,0,35,48,83,42,28,70,153
05/08/2021,HSA,MS,ASO,CE,Federal Contract Tower,0,0,7,0,7,0,0,19,2,21,0,0,26,2,28,47,0,47,75
05/09/2021,HSA,MS,ASO,CE,Federal Contract Tower,0,1,1,0,2,0,0,10,0,10,0,1,11,0,12,16,0,16,28
05/10/2021,HSA,MS,ASO,CE,Federal Contract Tower,0,1,0,21,22,0,0,6,12,18,0,1,6,33,40,0,0,0,40
05/11/2021,HSA,MS,ASO,CE,Federal Contract Tower,0,0,1,16,17,0,0,0,2,2,0,0,1,18,19,0,28,28,47
05/12/2021,HSA,MS,ASO,CE,Federal Contract Tower,0,0,7,24,31,0,0,6,10,16,0,0,13,34,47,0,0,0,47
05/13/2021,HSA,MS,ASO,CE,Federal Contract Tower,0,0,7,40,47,0,0,16,31,47,0,0,23,71,94,0,30,30,124
05/14/2021,HSA,MS,ASO,CE,Federal Contract Tower,0,0,4,12,16,0,0,26,16,42,0,0,30,28,58,16,2,18,76
05/15/2021,HSA,MS,ASO,CE,Federal Contract Tower,0,2,5,3,10,0,0,15,4,19,0,2,20,7,29,0,0,0,29
05/16/2021,HSA,MS,ASO,CE,Federal Contract Tower,0,1,2,3,6,0,0,6,1,7,0,1,8,4,13,6,0,6,19
05/17/2021,HSA,MS,ASO,CE,Federal Contract Tower,0,0,1,14,15,0,0,17,2,19,0,0,18,16,34,6,8,14,48
05/18/2021,HSA,MS,ASO,CE,Federal Contract Tower,0,0,9,16,25,0,0,0,0,0,0,0,9,16,25,0,18,18,43
05/19/2021,HSA,MS,ASO,CE,Federal Contract Tower,0,0,7,11,18,0,0,0,0,0,0,0,7,11,18,6,0,6,24
05/20/2021,HSA,MS,ASO,CE,Federal Contract Tower,0,0,5,11,16,0,0,0,10,10,0,0,5,21,26,0,4,4,30
05/21/2021,HSA,MS,ASO,CE,Federal Contract Tower,0,0,1,37,38,0,0,3,11,14,0,0,4,48,52,0,12,12,64
05/22/2021,HSA,MS,ASO,CE,Federal Contract Tower,2,0,3,4,9,0,0,5,3,8,2,0,8,7,17,18,0,18,35
05/23/2021,HSA,MS,ASO,CE,Federal Contract Tower,0,0,1,12,13,0,0,22,2,24,0,0,23,14,37,24,0,24,61
05/24/2021,HSA,MS,ASO,CE,Federal Contract Tower,0,0,9,56,65,0,0,28,29,57,0,0,37,85,122,43,39,82,204
05/25/2021,HSA,MS,ASO,CE,Federal Contract Tower,0,0,7,65,72,0,0,31,35,66,0,0,38,100,138,42,63,105,243
05/26/2021,HSA,MS,ASO,CE,Federal Contract Tower,0,0,6,69,75,0,0,16,38,54,0,0,22,107,129,22,54,76,205
05/27/2021,HSA,MS,ASO,CE,Federal Contract Tower,0,0,10,62,72,0,0,23,12,35,0,0,33,74,107,42,8,50,157
05/28/2021,HSA,MS,ASO,CE,Federal Contract Tower,0,0,4,12,16,0,0,35,6,41,0,0,39,18,57,20,0,20,77
05/29/2021,HSA,MS,ASO,CE,Federal Contract Tower,0,2,6,3,11,0,0,15,0,15,0,2,21,3,26,18,0,18,44
05/30/2021,HSA,MS,ASO,CE,Federal Contract Tower,0,0,5,2,7,0,0,16,1,17,0,0,21,3,24,12,4,16,40
05/31/2021,HSA,MS,ASO,CE,Federal Contract Tower,0,0,3,0,3,0,0,23,0,23,0,0,26,0,26,8,0,8,34
06/01/2021,HSA,MS,ASO,CE,Federal Contract Tower,0,0,1,33,34,0,0,26,40,66,0,0,27,73,100,22,65,87,187
06/02/2021,HSA,MS,ASO,CE,Federal Contract Tower,0,0,2,15,17,0,0,6,5,11,0,0,8,20,28,0,23,23,51
06/03/2021,HSA,MS,ASO,CE,Federal Contract Tower,0,5,10,22,37,0,0,22,28,50,0,5,32,50,87,29,38,67,154
06/04/2021,HSA,MS,ASO,CE,Federal Contract Tower,0,0,9,8,17,0,0,7,15,22,0,0,16,23,39,0,30,30,69
06/05/2021,HSA,MS,ASO,CE,Federal Contract Tower,0,0,5,0,5,0,0,2,0,2,0,0,7,0,7,0,0,0,7
06/06/2021,HSA,MS,ASO,CE,Federal Contract Tower,0,4,1,0,5,0,0,0,0,0,0,4,1,0,5,0,0,0,5
06/07/2021,HSA,MS,ASO,CE,Federal Contract Tower,0,0,13,54,67,0,0,26,22,48,0,0,39,76,115,6,22,28,143
06/08/2021,HSA,MS,ASO,CE,Federal Contract Tower,0,2,6,29,37,0,0,32,29,61,0,2,38,58,98,12,78,90,188
06/09/2021,HSA,MS,ASO,CE,Federal Contract Tower,0,2,2,19,23,0,0,11,15,26,0,2,13,34,49,0,4,4,53
06/10/2021,HSA,MS,ASO,CE,Federal Contract Tower,0,0,21,45,66,0,0,35,39,74,0,0,56,84,140,6,66,72,212
06/11/2021,HSA,MS,ASO,CE,Federal Contract Tower,0,0,6,51,57,0,0,17,18,35,0,0,23,69,92,46,40,86,178
06/12/2021,HSA,MS,ASO,CE,Federal Contract Tower,0,2,2,9,13,0,0,25,1,26,0,2,27,10,39,18,0,18,57
06/13/2021,HSA,MS,ASO,CE,Federal Contract Tower,0,0,2,1,3,0,0,5,5,10,0,0,7,6,13,0,0,0,13
06/14/2021,HSA,MS,ASO,CE,Federal Contract Tower,0,0,6,37,43,0,0,46,40,86,0,0,52,77,129,66,59,125,254
06/15/2021,HSA,MS,ASO,CE,Federal Contract Tower,0,0,4,18,22,0,0,25,27,52,0,0,29,45,74,10,4,14,88
06/16/2021,HSA,MS,ASO,CE,Federal Contract Tower,0,0,6,45,51,0,0,24,31,55,0,0,30,76,106,14,42,56,162
06/17/2021,HSA,MS,ASO,CE,Federal Contract Tower,0,0,8,29,37,0,0,38,24,62,0,0,46,53,99,37,20,57,156
06/18/2021,HSA,MS,ASO,CE,Federal Contract Tower,0,0,0,0,0,0,0,1,0,1,0,0,1,0,1,0,0,0,1
06/19/2021,HSA,MS,ASO,CE,Federal Contract Tower,0,0,0,0,0,0,0,2,0,2,0,0,2,0,2,0,0,0,2
06/20/2021,HSA,MS,ASO,CE,Federal Contract Tower,0,0,0,0,0,0,0,0,0,0,0,0,0,0,0,0,0,0,0
06/21/2021,HSA,MS,ASO,CE,Federal Contract Tower,0,2,4,0,6,0,0,0,5,5,0,2,4,5,11,26,0,26,37
06/22/2021,HSA,MS,ASO,CE,Federal Contract Tower,0,0,6,21,27,0,0,10,19,29,0,0,16,40,56,2,16,18,74
06/23/2021,HSA,MS,ASO,CE,Federal Contract Tower,0,0,5,7,12,0,0,15,12,27,0,0,20,19,39,22,30,52,91
06/24/2021,HSA,MS,ASO,CE,Federal Contract Tower,0,0,8,17,25,0,0,14,10,24,0,0,22,27,49,0,16,16,65
06/25/2021,HSA,MS,ASO,CE,Federal Contract Tower,0,0,3,4,7,0,0,15,2,17,0,0,18,6,24,23,0,23,47
06/26/2021,HSA,MS,ASO,CE,Federal Contract Tower,0,0,2,0,2,0,0,82,0,82,0,0,84,0,84,44,0,44,128
06/27/2021,HSA,MS,ASO,CE,Federal Contract Tower,0,0,4,10,14,0,0,6,0,6,0,0,10,10,20,0,2,2,22
06/28/2021,HSA,MS,ASO,CE,Federal Contract Tower,0,0,6,11,17,0,0,9,9,18,0,0,15,20,35,0,14,14,49
06/29/2021,HSA,MS,ASO,CE,Federal Contract Tower,0,0,0,29,29,0,0,24,14,38,0,0,24,43,67,0,84,84,151
06/30/2021,HSA,MS,ASO,CE,Federal Contract Tower,0,0,12,13,25,0,0,5,12,17,0,0,17,25,42,4,36,40,82
07/01/2021,HSA,MS,ASO,CE,Federal Contract Tower,0,0,9,54,63,0,0,14,15,29,0,0,23,69,92,20,32,52,144
07/02/2021,HSA,MS,ASO,CE,Federal Contract Tower,0,0,10,2,12,0,0,13,0,13,0,0,23,2,25,8,0,8,33
07/03/2021,HSA,MS,ASO,CE,Federal Contract Tower,0,0,0,0,0,0,0,1,0,1,0,0,1,0,1,0,0,0,1
07/04/2021,HSA,MS,ASO,CE,Federal Contract Tower,0,0,2,0,2,0,0,7,0,7,0,0,9,0,9,0,0,0,9
07/05/2021,HSA,MS,ASO,CE,Federal Contract Tower,0,0,1,0,1,0,0,21,8,29,0,0,22,8,30,0,0,0,30
07/06/2021,HSA,MS,ASO,CE,Federal Contract Tower,0,0,2,18,20,0,0,9,4,13,0,0,11,22,33,2,0,2,35
07/07/2021,HSA,MS,ASO,CE,Federal Contract Tower,0,3,4,40,47,0,0,16,11,27,0,3,20,51,74,14,42,56,130
07/08/2021,HSA,MS,ASO,CE,Federal Contract Tower,0,0,4,60,64,0,0,22,18,40,0,0,26,78,104,18,40,58,162
07/09/2021,HSA,MS,ASO,CE,Federal Contract Tower,0,0,4,12,16,0,0,10,0,10,0,0,14,12,26,16,4,20,46
07/10/2021,HSA,MS,ASO,CE,Federal Contract Tower,0,0,4,5,9,0,0,5,0,5,0,0,9,5,14,2,0,2,16
07/11/2021,HSA,MS,ASO,CE,Federal Contract Tower,0,0,0,0,0,0,0,2,0,2,0,0,2,0,2,6,0,6,8
07/12/2021,HSA,MS,ASO,CE,Federal Contract Tower,0,2,3,14,19,0,0,23,8,31,0,2,26,22,50,12,18,30,80
07/13/2021,HSA,MS,ASO,CE,Federal Contract Tower,0,0,7,88,95,0,0,35,46,81,0,0,42,134,176,22,53,75,251
07/14/2021,HSA,MS,ASO,CE,Federal Contract Tower,0,0,10,59,69,0,0,34,35,69,0,0,44,94,138,21,60,81,219
07/15/2021,HSA,MS,ASO,CE,Federal Contract Tower,0,0,4,44,48,0,0,26,22,48,0,0,30,66,96,16,40,56,152
07/16/2021,HSA,MS,ASO,CE,Federal Contract Tower,0,0,1,15,16,0,0,10,8,18,0,0,11,23,34,10,0,10,44
07/17/2021,HSA,MS,ASO,CE,Federal Contract Tower,0,0,1,0,1,0,0,0,0,0,0,0,1,0,1,12,0,12,13
07/18/2021,HSA,MS,ASO,CE,Federal Contract Tower,0,0,5,4,9,0,0,2,2,4,0,0,7,6,13,10,0,10,23
07/19/2021,HSA,MS,ASO,CE,Federal Contract Tower,0,0,5,27,32,0,0,20,17,37,0,0,25,44,69,28,22,50,119
07/20/2021,HSA,MS,ASO,CE,Federal Contract Tower,0,2,7,16,25,0,0,11,14,25,0,2,18,30,50,22,76,98,148
07/21/2021,HSA,MS,ASO,CE,Federal Contract Tower,0,1,12,41,54,0,0,36,19,55,0,1,48,60,109,20,44,64,173
07/22/2021,HSA,MS,ASO,CE,Federal Contract Tower,0,2,21,80,103,0,0,39,40,79,0,2,60,120,182,50,60,110,292
07/23/2021,HSA,MS,ASO,CE,Federal Contract Tower,0,0,2,34,36,0,0,26,11,37,0,0,28,45,73,40,18,58,131
07/24/2021,HSA,MS,ASO,CE,Federal Contract Tower,0,0,8,7,15,0,0,20,1,21,0,0,28,8,36,12,0,12,48
07/25/2021,HSA,MS,ASO,CE,Federal Contract Tower,0,0,2,8,10,0,0,7,5,12,0,0,9,13,22,8,20,28,50
07/26/2021,HSA,MS,ASO,CE,Federal Contract Tower,0,0,3,64,67,0,0,22,45,67,0,0,25,109,134,24,58,82,216
07/27/2021,HSA,MS,ASO,CE,Federal Contract Tower,0,0,11,105,116,0,0,35,63,98,0,0,46,168,214,22,82,104,318
07/28/2021,HSA,MS,ASO,CE,Federal Contract Tower,0,0,11,23,34,0,0,18,23,41,0,0,29,46,75,20,43,63,138
07/29/2021,HSA,MS,ASO,CE,Federal Contract Tower,0,2,3,17,22,0,0,23,32,55,0,2,26,49,77,18,72,90,167
07/30/2021,HSA,MS,ASO,CE,Federal Contract Tower,0,2,8,21,31,0,0,28,13,41,0,2,36,34,72,36,46,82,154
07/31/2021,HSA,MS,ASO,CE,Federal Contract Tower,0,0,1,0,1,0,0,8,1,9,0,0,9,1,10,36,0,36,46
08/01/2021,HSA,MS,ASO,CE,Federal Contract Tower,0,2,4,0,6,0,0,9,0,9,0,2,13,0,15,6,0,6,21
08/02/2021,HSA,MS,ASO,CE,Federal Contract Tower,0,1,10,5,16,0,0,10,4,14,0,1,20,9,30,14,6,20,50
08/03/2021,HSA,MS,ASO,CE,Federal Contract Tower,0,3,0,14,17,0,2,8,6,16,0,5,8,20,33,0,2,2,35
08/04/2021,HSA,MS,ASO,CE,Federal Contract Tower,0,0,10,21,31,0,0,19,23,42,0,0,29,44,73,40,32,72,145
08/05/2021,HSA,MS,ASO,CE,Federal Contract Tower,0,0,2,50,52,0,0,30,34,64,0,0,32,84,116,0,88,88,204
08/06/2021,HSA,MS,ASO,CE,Federal Contract Tower,0,0,5,41,46,0,0,27,33,60,0,0,32,74,106,14,82,96,202
08/07/2021,HSA,MS,ASO,CE,Federal Contract Tower,0,0,0,20,20,0,0,2,19,21,0,0,2,39,41,20,18,38,79
08/08/2021,HSA,MS,ASO,CE,Federal Contract Tower,0,0,4,0,4,0,0,5,0,5,0,0,9,0,9,6,0,6,15
08/09/2021,HSA,MS,ASO,CE,Federal Contract Tower,0,2,0,39,41,0,0,14,38,52,0,2,14,77,93,18,19,37,130
08/10/2021,HSA,MS,ASO,CE,Federal Contract Tower,0,0,3,25,28,0,0,14,18,32,0,0,17,43,60,2,36,38,98
08/11/2021,HSA,MS,ASO,CE,Federal Contract Tower,0,0,0,40,40,0,0,21,33,54,0,0,21,73,94,10,48,58,152
08/12/2021,HSA,MS,ASO,CE,Federal Contract Tower,0,1,4,21,26,0,0,14,15,29,0,1,18,36,55,0,28,28,83
08/13/2021,HSA,MS,ASO,CE,Federal Contract Tower,0,0,3,29,32,0,0,22,5,27,0,0,25,34,59,18,2,20,79
08/14/2021,HSA,MS,ASO,CE,Federal Contract Tower,0,0,2,0,2,0,0,17,0,17,0,0,19,0,19,30,0,30,49
08/15/2021,HSA,MS,ASO,CE,Federal Contract Tower,0,0,4,4,8,0,0,13,1,14,0,0,17,5,22,8,0,8,30
08/16/2021,HSA,MS,ASO,CE,Federal Contract Tower,0,2,5,17,24,0,0,14,9,23,0,2,19,26,47,8,42,50,97
08/17/2021,HSA,MS,ASO,CE,Federal Contract Tower,0,0,4,73,77,0,0,26,48,74,0,0,30,121,151,2,34,36,187
08/18/2021,HSA,MS,ASO,CE,Federal Contract Tower,0,0,7,53,60,0,0,27,41,68,0,0,34,94,128,16,112,128,256
08/19/2021,HSA,MS,ASO,CE,Federal Contract Tower,0,0,4,39,43,0,0,12,31,43,0,0,16,70,86,0,18,18,104
08/20/2021,HSA,MS,ASO,CE,Federal Contract Tower,0,0,6,34,40,0,0,26,11,37,0,0,32,45,77,8,18,26,103
08/21/2021,HSA,MS,ASO,CE,Federal Contract Tower,0,0,6,7,13,0,0,17,4,21,0,0,23,11,34,26,14,40,74
08/22/2021,HSA,MS,ASO,CE,Federal Contract Tower,0,0,4,4,8,0,0,19,0,19,0,0,23,4,27,0,0,0,27
08/23/2021,HSA,MS,ASO,CE,Federal Contract Tower,0,0,0,37,37,0,0,13,37,50,0,0,13,74,87,18,70,88,175
08/24/2021,HSA,MS,ASO,CE,Federal Contract Tower,0,0,5,63,68,0,0,28,43,71,0,0,33,106,139,0,75,75,214
08/25/2021,HSA,MS,ASO,CE,Federal Contract Tower,0,2,6,39,47,0,0,15,22,37,0,2,21,61,84,20,52,72,156
08/26/2021,HSA,MS,ASO,CE,Federal Contract Tower,0,0,0,16,16,0,0,2,12,14,0,0,2,28,30,0,36,36,66
08/27/2021,HSA,MS,ASO,CE,Federal Contract Tower,0,0,2,2,4,0,0,0,2,2,0,0,2,4,6,0,0,0,6
08/31/2021,HSA,MS,ASO,CE,Federal Contract Tower,0,15,3,20,38,0,34,15,23,72,0,49,18,43,110,0,20,20,130
09/01/2021,HSA,MS,ASO,CE,Federal Contract Tower,0,9,4,27,40,0,16,28,37,81,0,25,32,64,121,0,22,22,143
09/02/2021,HSA,MS,ASO,CE,Federal Contract Tower,0,6,3,13,22,0,24,24,23,71,0,30,27,36,93,0,45,45,138
09/03/2021,HSA,MS,ASO,CE,Federal Contract Tower,0,0,6,0,6,0,11,27,6,44,0,11,33,6,50,32,0,32,82
09/04/2021,HSA,MS,ASO,CE,Federal Contract Tower,0,1,10,1,12,0,29,11,1,41,0,30,21,2,53,16,2,18,71
09/05/2021,HSA,MS,ASO,CE,Federal Contract Tower,0,6,13,4,23,0,31,9,5,45,0,37,22,9,68,14,2,16,84
09/06/2021,HSA,MS,ASO,CE,Federal Contract Tower,0,6,5,0,11,0,30,5,0,35,0,36,10,0,46,4,0,4,50
09/07/2021,HSA,MS,ASO,CE,Federal Contract Tower,0,12,2,25,39,0,34,9,16,59,0,46,11,41,98,6,24,30,128
09/08/2021,HSA,MS,ASO,CE,Federal Contract Tower,0,7,3,33,43,0,28,15,21,64,0,35,18,54,107,0,24,24,131
09/09/2021,HSA,MS,ASO,CE,Federal Contract Tower,0,6,7,55,68,0,24,34,52,110,0,30,41,107,178,2,90,92,270
09/10/2021,HSA,MS,ASO,CE,Federal Contract Tower,0,3,3,33,39,0,34,19,26,79,0,37,22,59,118,6,18,24,142
09/11/2021,HSA,MS,ASO,CE,Federal Contract Tower,0,7,1,11,19,0,16,13,1,30,0,23,14,12,49,26,8,34,83
09/12/2021,HSA,MS,ASO,CE,Federal Contract Tower,0,10,3,2,15,0,7,7,0,14,0,17,10,2,29,14,0,14,43
09/13/2021,HSA,MS,ASO,CE,Federal Contract Tower,0,15,0,41,56,0,14,24,20,58,0,29,24,61,114,14,0,14,128
09/14/2021,HSA,MS,ASO,CE,Federal Contract Tower,0,11,1,0,12,0,0,0,0,0,0,11,1,0,12,0,0,0,12
09/15/2021,HSA,MS,ASO,CE,Federal Contract Tower,0,14,0,0,14,0,2,0,0,2,0,16,0,0,16,0,0,0,16
09/16/2021,HSA,MS,ASO,CE,Federal Contract Tower,0,20,4,26,50,0,1,0,1,2,0,21,4,27,52,0,28,28,80
09/17/2021,HSA,MS,ASO,CE,Federal Contract Tower,0,16,5,0,21,0,0,1,0,1,0,16,6,0,22,0,0,0,22
09/18/2021,HSA,MS,ASO,CE,Federal Contract Tower,0,12,16,0,28,0,0,1,9,10,0,12,17,9,38,6,0,6,44
09/19/2021,HSA,MS,ASO,CE,Federal Contract Tower,0,12,6,0,18,0,10,3,0,13,0,22,9,0,31,0,0,0,31
09/20/2021,HSA,MS,ASO,CE,Federal Contract Tower,0,15,6,30,51,0,6,20,12,38,0,21,26,42,89,22,32,54,143
09/21/2021,HSA,MS,ASO,CE,Federal Contract Tower,0,16,2,23,41,0,7,17,10,34,0,23,19,33,75,0,20,20,95
09/22/2021,HSA,MS,ASO,CE,Federal Contract Tower,0,25,4,53,82,0,19,27,19,65,0,44,31,72,147,22,78,100,247
09/23/2021,HSA,MS,ASO,CE,Federal Contract Tower,0,12,6,24,42,0,21,34,37,92,0,33,40,61,134,4,54,58,192
09/24/2021,HSA,MS,ASO,CE,Federal Contract Tower,0,14,4,24,42,0,23,28,21,72,0,37,32,45,114,26,84,110,224
09/25/2021,HSA,MS,ASO,CE,Federal Contract Tower,0,2,3,6,11,0,0,6,17,23,0,2,9,23,34,18,0,18,52
09/26/2021,HSA,MS,ASO,CE,Federal Contract Tower,0,6,4,0,10,0,11,31,0,42,0,17,35,0,52,22,0,22,74
09/27/2021,HSA,MS,ASO,CE,Federal Contract Tower,0,15,1,38,54,0,20,32,38,90,0,35,33,76,144,14,32,46,190
09/28/2021,HSA,MS,ASO,CE,Federal Contract Tower,0,16,8,18,42,0,10,1,7,18,0,26,9,25,60,0,0,0,60
09/29/2021,HSA,MS,ASO,CE,Federal Contract Tower,0,23,9,16,48,0,6,3,5,14,0,29,12,21,62,0,6,6,68
09/30/2021,HSA,MS,ASO,CE,Federal Contract Tower,0,23,3,27,53,0,9,14,13,36,0,32,17,40,89,0,54,54,143
10/01/2021,HSA,MS,ASO,CE,Federal Contract Tower,0,14,7,25,46,3,10,22,19,54,3,24,29,44,100,10,24,34,134
10/02/2021,HSA,MS,ASO,CE,Federal Contract Tower,0,16,10,8,34,0,5,10,1,16,0,21,20,9,50,10,0,10,60
10/03/2021,HSA,MS,ASO,CE,Federal Contract Tower,0,9,4,0,13,0,18,4,0,22,0,27,8,0,35,3,0,3,38
10/04/2021,HSA,MS,ASO,CE,Federal Contract Tower,0,17,0,26,43,0,17,3,1,21,0,34,3,27,64,0,4,4,68
10/05/2021,HSA,MS,ASO,CE,Federal Contract Tower,0,21,5,27,53,0,11,15,0,26,0,32,20,27,79,4,30,34,113
10/06/2021,HSA,MS,ASO,CE,Federal Contract Tower,0,11,12,63,86,0,16,32,20,68,0,27,44,83,154,34,190,224,378
10/07/2021,HSA,MS,ASO,CE,Federal Contract Tower,0,19,4,50,73,0,17,29,41,87,0,36,33,91,160,18,64,82,242
10/08/2021,HSA,MS,ASO,CE,Federal Contract Tower,2,17,9,37,65,0,15,20,8,43,2,32,29,45,108,14,44,58,166
10/09/2021,HSA,MS,ASO,CE,Federal Contract Tower,0,7,3,0,10,0,7,30,0,37,0,14,33,0,47,38,0,38,85
10/10/2021,HSA,MS,ASO,CE,Federal Contract Tower,0,9,4,0,13,0,17,15,0,32,0,26,19,0,45,0,0,0,45
10/11/2021,HSA,MS,ASO,CE,Federal Contract Tower,0,15,4,1,20,0,11,25,0,36,0,26,29,1,56,12,0,12,68
10/12/2021,HSA,MS,ASO,CE,Federal Contract Tower,0,11,0,72,83,0,25,16,31,72,0,36,16,103,155,48,99,147,302
10/13/2021,HSA,MS,ASO,CE,Federal Contract Tower,0,23,11,49,83,0,14,40,29,83,0,37,51,78,166,43,48,91,257
10/14/2021,HSA,MS,ASO,CE,Federal Contract Tower,0,26,3,81,110,0,8,22,29,59,0,34,25,110,169,12,58,70,239
10/15/2021,HSA,MS,ASO,CE,Federal Contract Tower,0,24,10,36,70,0,8,8,11,27,0,32,18,47,97,24,50,74,171
10/16/2021,HSA,MS,ASO,CE,Federal Contract Tower,0,6,3,0,9,0,0,3,3,6,0,6,6,3,15,8,0,8,23
10/17/2021,HSA,MS,ASO,CE,Federal Contract Tower,0,16,2,3,21,0,6,13,0,19,0,22,15,3,40,0,0,0,40
10/18/2021,HSA,MS,ASO,CE,Federal Contract Tower,0,20,9,51,80,0,9,28,27,64,0,29,37,78,144,1,58,59,203
10/19/2021,HSA,MS,ASO,CE,Federal Contract Tower,0,12,9,44,65,0,22,30,35,87,0,34,39,79,152,48,90,138,290
10/20/2021,HSA,MS,ASO,CE,Federal Contract Tower,0,23,3,18,44,0,8,11,6,25,0,31,14,24,69,0,30,30,99
10/21/2021,HSA,MS,ASO,CE,Federal Contract Tower,0,15,14,27,56,0,6,12,11,29,0,21,26,38,85,50,64,114,199
10/23/2021,HSA,MS,ASO,CE,Federal Contract Tower,0,2,14,3,19,0,4,39,7,50,0,6,53,10,69,24,12,36,105
10/24/2021,HSA,MS,ASO,CE,Federal Contract Tower,0,3,3,12,18,0,0,7,3,10,0,3,10,15,28,0,0,0,28
10/25/2021,HSA,MS,ASO,CE,Federal Contract Tower,0,25,9,45,79,0,2,6,19,27,0,27,15,64,106,24,60,84,190
10/26/2021,HSA,MS,ASO,CE,Federal Contract Tower,0,16,12,41,69,0,19,24,21,64,0,35,36,62,133,10,32,42,175
10/27/2021,HSA,MS,ASO,CE,Federal Contract Tower,0,17,8,21,46,0,1,7,8,16,0,18,15,29,62,4,66,70,132
10/28/2021,HSA,MS,ASO,CE,Federal Contract Tower,0,12,2,37,51,0,12,4,24,40,0,24,6,61,91,2,64,66,157
10/29/2021,HSA,MS,ASO,CE,Federal Contract Tower,0,19,3,31,53,0,0,0,0,0,0,19,3,31,53,2,38,40,93
10/30/2021,HSA,MS,ASO,CE,Federal Contract Tower,0,0,4,4,8,0,4,18,2,24,0,4,22,6,32,36,14,50,82
10/31/2021,HSA,MS,ASO,CE,Federal Contract Tower,0,0,4,4,8,0,1,17,4,22,0,1,21,8,30,6,0,6,36
11/01/2021,HSA,MS,ASO,CE,Federal Contract Tower,0,0,6,65,71,0,0,28,46,74,0,0,34,111,145,30,82,112,257
11/02/2021,HSA,MS,ASO,CE,Federal Contract Tower,0,0,11,30,41,0,0,24,39,63,0,0,35,69,104,2,60,62,166
11/03/2021,HSA,MS,ASO,CE,Federal Contract Tower,0,0,3,45,48,0,2,11,51,64,0,2,14,96,112,28,56,84,196
11/04/2021,HSA,MS,ASO,CE,Federal Contract Tower,0,0,3,57,60,0,0,3,24,27,0,0,6,81,87,2,70,72,159
11/05/2021,HSA,MS,ASO,CE,Federal Contract Tower,0,0,1,41,42,0,0,6,23,29,0,0,7,64,71,0,18,18,89
11/06/2021,HSA,MS,ASO,CE,Federal Contract Tower,0,0,1,3,4,0,0,13,1,14,0,0,14,4,18,8,2,10,28
11/07/2021,HSA,MS,ASO,CE,Federal Contract Tower,0,0,2,16,18,0,0,17,28,45,0,0,19,44,63,6,46,52,115
11/08/2021,HSA,MS,ASO,CE,Federal Contract Tower,0,4,7,66,77,0,0,26,55,81,0,4,33,121,158,4,76,80,238
11/09/2021,HSA,MS,ASO,CE,Federal Contract Tower,0,0,6,59,65,0,0,13,26,39,0,0,19,85,104,0,116,116,220
11/10/2021,HSA,MS,ASO,CE,Federal Contract Tower,0,0,4,53,57,0,0,17,24,41,0,0,21,77,98,12,24,36,134
11/11/2021,HSA,MS,ASO,CE,Federal Contract Tower,0,1,2,5,8,0,0,18,3,21,0,1,20,8,29,86,2,88,117
11/12/2021,HSA,MS,ASO,CE,Federal Contract Tower,0,0,5,22,27,0,0,30,0,30,0,0,35,22,57,130,24,154,211
11/13/2021,HSA,MS,ASO,CE,Federal Contract Tower,0,0,4,0,4,0,0,17,0,17,0,0,21,0,21,46,0,46,67
11/14/2021,HSA,MS,ASO,CE,Federal Contract Tower,0,0,5,0,5,0,0,0,0,0,0,0,5,0,5,0,0,0,5
11/15/2021,HSA,MS,ASO,CE,Federal Contract Tower,0,1,7,59,67,0,1,25,44,70,0,2,32,103,137,50,40,90,227
11/16/2021,HSA,MS,ASO,CE,Federal Contract Tower,0,0,7,58,65,0,0,21,59,80,0,0,28,117,145,18,152,170,315
11/17/2021,HSA,MS,ASO,CE,Federal Contract Tower,0,0,0,46,46,0,0,26,38,64,0,0,26,84,110,28,55,83,193
11/18/2021,HSA,MS,ASO,CE,Federal Contract Tower,0,0,1,12,13,0,0,14,4,18,0,0,15,16,31,22,32,54,85
11/19/2021,HSA,MS,ASO,CE,Federal Contract Tower,1,0,2,36,39,0,0,28,26,54,1,0,30,62,93,64,20,84,177
11/20/2021,HSA,MS,ASO,CE,Federal Contract Tower,0,0,4,0,4,0,0,22,0,22,0,0,26,0,26,14,0,14,40
11/21/2021,HSA,MS,ASO,CE,Federal Contract Tower,0,2,4,1,7,0,0,8,3,11,0,2,12,4,18,0,6,6,24
11/22/2021,HSA,MS,ASO,CE,Federal Contract Tower,0,0,4,33,37,0,0,9,25,34,0,0,13,58,71,8,56,64,135
11/23/2021,HSA,MS,ASO,CE,Federal Contract Tower,0,0,4,31,35,0,0,35,46,81,0,0,39,77,116,12,73,85,201
11/24/2021,HSA,MS,ASO,CE,Federal Contract Tower,0,0,14,7,21,0,0,9,0,9,0,0,23,7,30,12,0,12,42
11/25/2021,HSA,MS,ASO,CE,Federal Contract Tower,0,0,0,0,0,0,0,7,0,7,0,0,7,0,7,4,0,4,11
11/26/2021,HSA,MS,ASO,CE,Federal Contract Tower,0,2,4,0,6,0,0,15,0,15,0,2,19,0,21,0,0,0,21
11/27/2021,HSA,MS,ASO,CE,Federal Contract Tower,0,2,4,0,6,0,0,7,0,7,0,2,11,0,13,8,0,8,21
11/28/2021,HSA,MS,ASO,CE,Federal Contract Tower,0,4,1,2,7,0,0,14,0,14,0,4,15,2,21,16,0,16,37
11/29/2021,HSA,MS,ASO,CE,Federal Contract Tower,0,0,6,44,50,0,0,12,30,42,0,0,18,74,92,30,68,98,190
11/30/2021,HSA,MS,ASO,CE,Federal Contract Tower,0,1,6,63,70,0,0,16,46,62,0,1,22,109,132,8,80,88,220
12/01/2021,HSA,MS,ASO,CE,Federal Contract Tower,0,0,9,71,80,0,0,21,62,83,0,0,30,133,163,30,98,128,291
12/02/2021,HSA,MS,ASO,CE,Federal Contract Tower,0,2,5,54,61,0,0,17,28,45,0,2,22,82,106,4,46,50,156
12/03/2021,HSA,MS,ASO,CE,Federal Contract Tower,0,1,14,37,52,0,0,13,13,26,0,1,27,50,78,14,6,20,98
12/04/2021,HSA,MS,ASO,CE,Federal Contract Tower,0,2,1,4,7,0,0,17,0,17,0,2,18,4,24,28,0,28,52
12/05/2021,HSA,MS,ASO,CE,Federal Contract Tower,0,0,5,11,16,0,0,24,0,24,0,0,29,11,40,12,0,12,52
12/06/2021,HSA,MS,ASO,CE,Federal Contract Tower,0,1,6,14,21,0,0,4,7,11,0,1,10,21,32,0,38,38,70
12/07/2021,HSA,MS,ASO,CE,Federal Contract Tower,0,5,2,26,33,0,0,0,0,0,0,5,2,26,33,0,0,0,33
12/08/2021,HSA,MS,ASO,CE,Federal Contract Tower,0,0,4,14,18,0,0,5,15,20,0,0,9,29,38,8,20,28,66
12/09/2021,HSA,MS,ASO,CE,Federal Contract Tower,0,0,13,34,47,0,0,0,3,3,0,0,13,37,50,0,0,0,50
12/10/2021,HSA,MS,ASO,CE,Federal Contract Tower,0,1,8,49,58,0,0,4,9,13,0,1,12,58,71,0,22,22,93
12/11/2021,HSA,MS,ASO,CE,Federal Contract Tower,0,0,4,0,4,0,0,5,0,5,0,0,9,0,9,0,0,0,9
12/12/2021,HSA,MS,ASO,CE,Federal Contract Tower,0,0,2,0,2,0,0,39,2,41,0,0,41,2,43,20,4,24,67
12/13/2021,HSA,MS,ASO,CE,Federal Contract Tower,0,0,7,52,59,0,0,11,31,42,0,0,18,83,101,8,35,43,144
12/14/2021,HSA,MS,ASO,CE,Federal Contract Tower,0,0,5,89,94,0,0,0,4,4,0,0,5,93,98,0,27,27,125
12/15/2021,HSA,MS,ASO,CE,Federal Contract Tower,0,2,11,80,93,0,0,12,19,31,0,2,23,99,124,2,34,36,160
12/16/2021,HSA,MS,ASO,CE,Federal Contract Tower,0,0,4,65,69,0,0,14,21,35,0,0,18,86,104,10,24,34,138
12/17/2021,HSA,MS,ASO,CE,Federal Contract Tower,0,0,6,11,17,0,0,0,0,0,0,0,6,11,17,0,0,0,17
12/18/2021,HSA,MS,ASO,CE,Federal Contract Tower,0,0,0,0,0,0,0,3,0,3,0,0,3,0,3,6,0,6,9
12/19/2021,HSA,MS,ASO,CE,Federal Contract Tower,0,0,1,8,9,0,0,0,0,0,0,0,1,8,9,0,0,0,9
12/20/2021,HSA,MS,ASO,CE,Federal Contract Tower,0,0,3,26,29,0,0,15,7,22,0,0,18,33,51,34,12,46,97
12/21/2021,HSA,MS,ASO,CE,Federal Contract Tower,0,0,2,47,49,0,0,0,18,18,0,0,2,65,67,0,8,8,75
12/22/2021,HSA,MS,ASO,CE,Federal Contract Tower,0,2,2,18,22,0,0,45,25,70,0,2,47,43,92,29,44,73,165
12/23/2021,HSA,MS,ASO,CE,Federal Contract Tower,0,0,17,5,22,0,0,12,9,21,0,0,29,14,43,24,30,54,97
12/25/2021,HSA,MS,ASO,CE,Federal Contract Tower,0,0,0,0,0,0,0,2,0,2,0,0,2,0,2,4,0,4,6
12/26/2021,HSA,MS,ASO,CE,Federal Contract Tower,0,0,5,0,5,0,0,5,0,5,0,0,10,0,10,6,0,6,16
12/27/2021,HSA,MS,ASO,CE,Federal Contract Tower,0,0,2,18,20,0,4,8,4,16,0,4,10,22,36,32,12,44,80
12/28/2021,HSA,MS,ASO,CE,Federal Contract Tower,0,0,1,28,29,0,0,4,28,32,0,0,5,56,61,0,28,28,89
12/29/2021,HSA,MS,ASO,CE,Federal Contract Tower,0,2,5,13,20,0,0,0,4,4,0,2,5,17,24,0,6,6,30
12/30/2021,HSA,MS,ASO,CE,Federal Contract Tower,0,4,2,2,8,0,0,9,10,19,0,4,11,12,27,12,0,12,39
12/31/2021,HSA,MS,ASO,CE,Federal Contract Tower,0,15,20,0,35,0,0,9,7,16,0,15,29,7,51,0,0,0,51
01/01/2022,HSA,MS,ASO,CE,Federal Contract Tower,0,1,7,0,8,0,0,0,0,0,0,1,7,0,8,0,0,0,8
01/02/2022,HSA,MS,ASO,CE,Federal Contract Tower,0,13,4,0,17,0,21,0,0,21,0,34,4,0,38,0,0,0,38
01/03/2022,HSA,MS,ASO,CE,Federal Contract Tower,0,0,12,0,12,0,0,10,0,10,0,0,22,0,22,20,0,20,42
01/04/2022,HSA,MS,ASO,CE,Federal Contract Tower,0,0,13,24,37,0,1,13,27,41,0,1,26,51,78,0,50,50,128
01/05/2022,HSA,MS,ASO,CE,Federal Contract Tower,0,0,4,75,79,0,3,27,46,76,0,3,31,121,155,24,82,106,261
01/06/2022,HSA,MS,ASO,CE,Federal Contract Tower,0,0,4,49,53,0,0,10,26,36,0,0,14,75,89,2,86,88,177
01/07/2022,HSA,MS,ASO,CE,Federal Contract Tower,0,0,13,58,71,0,0,20,23,43,0,0,33,81,114,34,53,87,201
01/08/2022,HSA,MS,ASO,CE,Federal Contract Tower,0,0,5,2,7,0,0,15,2,17,0,0,20,4,24,18,0,18,42
01/09/2022,HSA,MS,ASO,CE,Federal Contract Tower,0,0,1,2,3,0,0,4,0,4,0,0,5,2,7,17,0,17,24
01/10/2022,HSA,MS,ASO,CE,Federal Contract Tower,0,0,8,17,25,0,0,10,11,21,0,0,18,28,46,10,24,34,80
01/11/2022,HSA,MS,ASO,CE,Federal Contract Tower,0,0,4,43,47,0,0,17,26,43,0,0,21,69,90,6,84,90,180
01/12/2022,HSA,MS,ASO,CE,Federal Contract Tower,0,1,5,45,51,0,0,27,50,77,0,1,32,95,128,38,144,182,310
01/13/2022,HSA,MS,ASO,CE,Federal Contract Tower,0,0,5,66,71,0,0,20,52,72,0,0,25,118,143,2,117,119,262
01/14/2022,HSA,MS,ASO,CE,Federal Contract Tower,0,0,9,51,60,0,0,30,18,48,0,0,39,69,108,0,16,16,124
01/15/2022,HSA,MS,ASO,CE,Federal Contract Tower,0,6,2,0,8,0,0,7,2,9,0,6,9,2,17,30,6,36,53
01/16/2022,HSA,MS,ASO,CE,Federal Contract Tower,0,1,0,2,3,0,0,2,6,8,0,1,2,8,11,4,0,4,15
01/17/2022,HSA,MS,ASO,CE,Federal Contract Tower,0,0,2,4,6,0,0,21,3,24,0,0,23,7,30,26,14,40,70
01/18/2022,HSA,MS,ASO,CE,Federal Contract Tower,0,0,17,69,86,0,0,21,38,59,0,0,38,107,145,2,62,64,209
01/19/2022,HSA,MS,ASO,CE,Federal Contract Tower,0,0,19,69,88,0,0,19,47,66,0,0,38,116,154,14,70,84,238
01/20/2022,HSA,MS,ASO,CE,Federal Contract Tower,0,0,4,8,12,0,0,0,0,0,0,0,4,8,12,0,0,0,12
01/21/2022,HSA,MS,ASO,CE,Federal Contract Tower,0,0,4,11,15,0,0,0,10,10,0,0,4,21,25,0,44,44,69
01/22/2022,HSA,MS,ASO,CE,Federal Contract Tower,0,0,4,2,6,0,0,24,4,28,0,0,28,6,34,49,0,49,83
01/23/2022,HSA,MS,ASO,CE,Federal Contract Tower,0,5,1,5,11,0,0,16,6,22,0,5,17,11,33,0,0,0,33
01/24/2022,HSA,MS,ASO,CE,Federal Contract Tower,0,0,6,27,33,0,0,15,18,33,0,0,21,45,66,2,36,38,104
01/25/2022,HSA,MS,ASO,CE,Federal Contract Tower,0,0,1,8,9,0,0,0,15,15,0,0,1,23,24,0,0,0,24
01/26/2022,HSA,MS,ASO,CE,Federal Contract Tower,0,0,5,62,67,0,0,28,48,76,0,0,33,110,143,14,114,128,271
01/27/2022,HSA,MS,ASO,CE,Federal Contract Tower,0,0,3,46,49,0,2,25,51,78,0,2,28,97,127,6,86,92,219
01/28/2022,HSA,MS,ASO,CE,Federal Contract Tower,0,2,5,42,49,0,0,11,41,52,0,2,16,83,101,7,54,61,162
01/29/2022,HSA,MS,ASO,CE,Federal Contract Tower,0,0,3,1,4,0,0,28,2,30,0,0,31,3,34,30,0,30,64
01/30/2022,HSA,MS,ASO,CE,Federal Contract Tower,0,0,1,6,7,0,0,11,10,21,0,0,12,16,28,2,0,2,30
01/31/2022,HSA,MS,ASO,CE,Federal Contract Tower,0,0,13,44,57,0,0,14,31,45,0,0,27,75,102,30,36,66,168
02/01/2022,HSA,MS,ASO,CE,Federal Contract Tower,0,0,1,41,42,0,2,6,19,27,0,2,7,60,69,0,24,24,93
02/02/2022,HSA,MS,ASO,CE,Federal Contract Tower,0,0,3,1,4,0,0,0,3,3,0,0,3,4,7,0,0,0,7
02/03/2022,HSA,MS,ASO,CE,Federal Contract Tower,0,0,3,13,16,0,0,0,0,0,0,0,3,13,16,0,0,0,16
02/04/2022,HSA,MS,ASO,CE,Federal Contract Tower,0,0,0,1,1,0,0,0,0,0,0,0,0,1,1,0,0,0,1
02/05/2022,HSA,MS,ASO,CE,Federal Contract Tower,0,0,2,3,5,0,0,23,10,33,0,0,25,13,38,35,32,67,105
02/06/2022,HSA,MS,ASO,CE,Federal Contract Tower,0,0,0,4,4,0,0,18,14,32,0,0,18,18,36,0,10,10,46
02/07/2022,HSA,MS,ASO,CE,Federal Contract Tower,0,2,5,33,40,0,2,10,6,18,0,4,15,39,58,2,46,48,106
02/08/2022,HSA,MS,ASO,CE,Federal Contract Tower,0,0,3,59,62,0,0,14,51,65,0,0,17,110,127,2,44,46,173
02/09/2022,HSA,MS,ASO,CE,Federal Contract Tower,0,1,6,82,89,0,1,20,67,88,0,2,26,149,177,14,114,128,305
02/10/2022,HSA,MS,ASO,CE,Federal Contract Tower,0,0,5,63,68,0,0,21,42,63,0,0,26,105,131,0,120,120,251
02/11/2022,HSA,MS,ASO,CE,Federal Contract Tower,0,0,5,61,66,0,0,32,30,62,0,0,37,91,128,67,82,149,277
02/12/2022,HSA,MS,ASO,CE,Federal Contract Tower,0,0,2,15,17,0,0,14,4,18,0,0,16,19,35,0,30,30,65
02/13/2022,HSA,MS,ASO,CE,Federal Contract Tower,0,2,1,2,5,0,0,12,5,17,0,2,13,7,22,2,0,2,24
02/14/2022,HSA,MS,ASO,CE,Federal Contract Tower,0,0,1,61,62,0,0,12,46,58,0,0,13,107,120,42,88,130,250
02/15/2022,HSA,MS,ASO,CE,Federal Contract Tower,0,0,10,79,89,0,6,25,39,70,0,6,35,118,159,0,84,84,243
02/16/2022,HSA,MS,ASO,CE,Federal Contract Tower,0,0,8,113,121,0,1,18,39,58,0,1,26,152,179,0,60,60,239
02/17/2022,HSA,MS,ASO,CE,Federal Contract Tower,0,0,0,23,23,0,0,0,0,0,0,0,0,23,23,0,0,0,23
02/18/2022,HSA,MS,ASO,CE,Federal Contract Tower,0,0,5,46,51,0,0,6,28,34,0,0,11,74,85,8,18,26,111
02/19/2022,HSA,MS,ASO,CE,Federal Contract Tower,0,0,5,6,11,0,1,12,1,14,0,1,17,7,25,8,0,8,33
02/20/2022,HSA,MS,ASO,CE,Federal Contract Tower,0,0,3,4,7,0,0,11,0,11,0,0,14,4,18,0,0,0,18
02/21/2022,HSA,MS,ASO,CE,Federal Contract Tower,0,0,7,2,9,0,0,0,2,2,0,0,7,4,11,0,0,0,11
02/22/2022,HSA,MS,ASO,CE,Federal Contract Tower,0,0,2,58,60,0,0,2,15,17,0,0,4,73,77,0,4,4,81
02/23/2022,HSA,MS,ASO,CE,Federal Contract Tower,0,0,8,32,40,0,0,5,22,27,0,0,13,54,67,0,34,34,101
02/24/2022,HSA,MS,ASO,CE,Federal Contract Tower,0,0,1,31,32,0,0,5,8,13,0,0,6,39,45,0,54,54,99
02/25/2022,HSA,MS,ASO,CE,Federal Contract Tower,0,2,0,17,19,0,0,0,15,15,0,2,0,32,34,0,48,48,82
02/26/2022,HSA,MS,ASO,CE,Federal Contract Tower,0,3,7,0,10,0,0,6,1,7,0,3,13,1,17,0,0,0,17
02/27/2022,HSA,MS,ASO,CE,Federal Contract Tower,0,0,2,3,5,0,0,1,0,1,0,0,3,3,6,0,0,0,6
02/28/2022,HSA,MS,ASO,CE,Federal Contract Tower,0,0,3,30,33,0,0,16,45,61,0,0,19,75,94,0,80,80,174
03/01/2022,HSA,MS,ASO,CE,Federal Contract Tower,0,0,9,79,88,0,0,34,84,118,0,0,43,163,206,14,206,220,426
03/02/2022,HSA,MS,ASO,CE,Federal Contract Tower,0,0,14,60,74,0,0,46,60,106,0,0,60,120,180,14,151,165,345
03/03/2022,HSA,MS,ASO,CE,Federal Contract Tower,0,2,6,82,90,0,0,30,64,94,0,2,36,146,184,26,125,151,335
03/04/2022,HSA,MS,ASO,CE,Federal Contract Tower,0,2,6,53,61,0,0,21,37,58,0,2,27,90,119,16,67,83,202
03/05/2022,HSA,MS,ASO,CE,Federal Contract Tower,0,1,6,12,19,0,0,23,0,23,0,1,29,12,42,38,14,52,94
03/06/2022,HSA,MS,ASO,CE,Federal Contract Tower,0,1,10,2,13,0,0,4,3,7,0,1,14,5,20,0,0,0,20
03/07/2022,HSA,MS,ASO,CE,Federal Contract Tower,0,0,8,24,32,0,0,2,0,2,0,0,10,24,34,2,4,6,40
03/08/2022,HSA,MS,ASO,CE,Federal Contract Tower,0,0,2,36,38,0,0,0,0,0,0,0,2,36,38,0,0,0,38
03/09/2022,HSA,MS,ASO,CE,Federal Contract Tower,0,0,5,23,28,0,1,0,6,7,0,1,5,29,35,0,0,0,35
03/10/2022,HSA,MS,ASO,CE,Federal Contract Tower,0,0,4,75,79,0,0,31,40,71,0,0,35,115,150,22,84,106,256
03/11/2022,HSA,MS,ASO,CE,Federal Contract Tower,0,0,1,12,13,0,0,0,0,0,0,0,1,12,13,0,0,0,13
03/12/2022,HSA,MS,ASO,CE,Federal Contract Tower,0,1,5,2,8,0,0,2,0,2,0,1,7,2,10,0,0,0,10
03/13/2022,HSA,MS,ASO,CE,Federal Contract Tower,0,0,16,4,20,0,0,20,0,20,0,0,36,4,40,0,0,0,40
03/14/2022,HSA,MS,ASO,CE,Federal Contract Tower,0,2,7,40,49,0,3,12,22,37,0,5,19,62,86,12,54,66,152
03/15/2022,HSA,MS,ASO,CE,Federal Contract Tower,0,0,17,52,69,0,0,21,25,46,0,0,38,77,115,4,58,62,177
03/16/2022,HSA,MS,ASO,CE,Federal Contract Tower,0,1,12,110,123,0,1,22,38,61,0,2,34,148,184,10,125,135,319
03/17/2022,HSA,MS,ASO,CE,Federal Contract Tower,0,0,12,43,55,0,0,34,36,70,0,0,46,79,125,34,87,121,246
03/18/2022,HSA,MS,ASO,CE,Federal Contract Tower,0,4,2,9,15,0,0,5,3,8,0,4,7,12,23,0,0,0,23
03/19/2022,HSA,MS,ASO,CE,Federal Contract Tower,0,0,7,1,8,0,0,10,0,10,0,0,17,1,18,0,0,0,18
03/20/2022,HSA,MS,ASO,CE,Federal Contract Tower,0,0,7,6,13,0,0,17,0,17,0,0,24,6,30,4,0,4,34
03/21/2022,HSA,MS,ASO,CE,Federal Contract Tower,0,0,0,55,55,0,0,10,20,30,0,0,10,75,85,0,58,58,143
03/22/2022,HSA,MS,ASO,CE,Federal Contract Tower,0,0,0,6,6,0,0,0,0,0,0,0,0,6,6,0,0,0,6
03/23/2022,HSA,MS,ASO,CE,Federal Contract Tower,0,0,12,68,80,0,0,12,46,58,0,0,24,114,138,7,114,121,259
03/24/2022,HSA,MS,ASO,CE,Federal Contract Tower,0,0,39,106,145,0,0,23,67,90,0,0,62,173,235,6,98,104,339
03/25/2022,HSA,MS,ASO,CE,Federal Contract Tower,0,1,4,56,61,0,0,26,29,55,0,1,30,85,116,16,56,72,188
03/26/2022,HSA,MS,ASO,CE,Federal Contract Tower,0,0,6,3,9,0,0,12,3,15,0,0,18,6,24,8,21,29,53
03/27/2022,HSA,MS,ASO,CE,Federal Contract Tower,0,0,2,4,6,0,0,15,4,19,0,0,17,8,25,0,14,14,39
03/28/2022,HSA,MS,ASO,CE,Federal Contract Tower,0,0,6,55,61,0,0,10,16,26,0,0,16,71,87,0,34,34,121
03/29/2022,HSA,MS,ASO,CE,Federal Contract Tower,0,1,15,24,40,0,0,17,27,44,0,1,32,51,84,10,80,90,174
03/30/2022,HSA,MS,ASO,CE,Federal Contract Tower,0,3,2,12,17,0,0,3,2,5,0,3,5,14,22,0,0,0,22
03/31/2022,HSA,MS,ASO,CE,Federal Contract Tower,0,0,24,36,60,0,0,47,29,76,0,0,71,65,136,40,38,78,214
04/01/2022,HSA,MS,ASO,CE,Federal Contract Tower,0,0,25,42,67,0,0,18,32,50,0,0,43,74,117,22,30,52,169
04/02/2022,HSA,MS,ASO,CE,Federal Contract Tower,0,2,3,2,7,0,0,15,1,16,0,2,18,3,23,12,0,12,35
04/03/2022,HSA,MS,ASO,CE,Federal Contract Tower,0,3,5,1,9,0,0,28,4,32,0,3,33,5,41,44,0,44,85
04/04/2022,HSA,MS,ASO,CE,Federal Contract Tower,0,0,6,53,59,0,0,19,22,41,0,0,25,75,100,32,58,90,190
04/05/2022,HSA,MS,ASO,CE,Federal Contract Tower,0,0,2,0,2,0,0,0,2,2,0,0,2,2,4,0,0,0,4
04/06/2022,HSA,MS,ASO,CE,Federal Contract Tower,0,0,2,62,64,0,0,6,12,18,0,0,8,74,82,6,22,28,110
04/07/2022,HSA,MS,ASO,CE,Federal Contract Tower,0,2,5,53,60,0,0,3,44,47,0,2,8,97,107,0,40,40,147
04/08/2022,HSA,MS,ASO,CE,Federal Contract Tower,0,0,6,50,56,0,0,10,21,31,0,0,16,71,87,4,40,44,131
04/09/2022,HSA,MS,ASO,CE,Federal Contract Tower,0,0,2,9,11,0,0,9,2,11,0,0,11,11,22,8,12,20,42
04/10/2022,HSA,MS,ASO,CE,Federal Contract Tower,0,0,4,6,10,0,0,11,7,18,0,0,15,13,28,10,0,10,38
04/11/2022,HSA,MS,ASO,CE,Federal Contract Tower,0,2,6,16,24,0,0,6,7,13,0,2,12,23,37,0,12,12,49
04/12/2022,HSA,MS,ASO,CE,Federal Contract Tower,0,0,3,49,52,0,0,4,17,21,0,0,7,66,73,14,36,50,123
04/13/2022,HSA,MS,ASO,CE,Federal Contract Tower,0,0,7,58,65,0,7,13,0,20,0,7,20,58,85,0,20,20,105
04/14/2022,HSA,MS,ASO,CE,Federal Contract Tower,0,0,10,31,41,0,0,6,19,25,0,0,16,50,66,10,16,26,92
04/15/2022,HSA,MS,ASO,CE,Federal Contract Tower,0,0,4,3,7,0,0,19,4,23,0,0,23,7,30,10,0,10,40
04/16/2022,HSA,MS,ASO,CE,Federal Contract Tower,0,5,0,0,5,0,0,12,0,12,0,5,12,0,17,4,0,4,21
04/17/2022,HSA,MS,ASO,CE,Federal Contract Tower,0,0,2,0,2,0,0,2,0,2,0,0,4,0,4,6,0,6,10
04/18/2022,HSA,MS,ASO,CE,Federal Contract Tower,0,0,6,13,19,0,0,17,5,22,0,0,23,18,41,10,12,22,63
04/19/2022,HSA,MS,ASO,CE,Federal Contract Tower,0,2,14,55,71,0,7,24,30,61,0,9,38,85,132,32,58,90,222
04/20/2022,HSA,MS,ASO,CE,Federal Contract Tower,0,0,16,73,89,0,5,23,48,76,0,5,39,121,165,8,48,56,221
04/21/2022,HSA,MS,ASO,CE,Federal Contract Tower,0,2,2,102,106,0,8,24,44,76,0,10,26,146,182,18,135,153,335
04/22/2022,HSA,MS,ASO,CE,Federal Contract Tower,0,0,4,57,61,0,1,14,30,45,0,1,18,87,106,2,40,42,148
04/23/2022,HSA,MS,ASO,CE,Federal Contract Tower,0,2,3,7,12,0,0,7,3,10,0,2,10,10,22,0,0,0,22
04/24/2022,HSA,MS,ASO,CE,Federal Contract Tower,0,0,3,7,10,0,0,4,1,5,0,0,7,8,15,0,0,0,15
04/25/2022,HSA,MS,ASO,CE,Federal Contract Tower,0,0,3,50,53,0,0,19,22,41,0,0,22,72,94,17,45,62,156
04/26/2022,HSA,MS,ASO,CE,Federal Contract Tower,0,0,4,69,73,2,1,10,8,21,2,1,14,77,94,8,28,36,130
04/27/2022,HSA,MS,ASO,CE,Federal Contract Tower,0,1,3,68,72,0,5,38,52,95,0,6,41,120,167,8,80,88,255
04/28/2022,HSA,MS,ASO,CE,Federal Contract Tower,0,0,13,98,111,0,5,39,39,83,0,5,52,137,194,14,76,90,284
04/29/2022,HSA,MS,ASO,CE,Federal Contract Tower,0,2,5,50,57,0,3,24,23,50,0,5,29,73,107,8,10,18,125
04/30/2022,HSA,MS,ASO,CE,Federal Contract Tower,0,0,3,10,13,0,0,16,4,20,0,0,19,14,33,4,18,22,55
05/01/2022,HSA,MS,ASO,CE,Federal Contract Tower,0,2,6,1,9,0,0,6,1,7,0,2,12,2,16,0,0,0,16
05/02/2022,HSA,MS,ASO,CE,Federal Contract Tower,0,0,9,68,77,0,7,21,19,47,0,7,30,87,124,4,80,84,208
05/03/2022,HSA,MS,ASO,CE,Federal Contract Tower,0,0,7,97,104,0,7,14,37,58,0,7,21,134,162,0,46,46,208
05/04/2022,HSA,MS,ASO,CE,Federal Contract Tower,0,0,15,72,87,0,3,23,38,64,0,3,38,110,151,12,64,76,227
05/05/2022,HSA,MS,ASO,CE,Federal Contract Tower,0,0,5,30,35,0,5,11,37,53,0,5,16,67,88,13,60,73,161
05/06/2022,HSA,MS,ASO,CE,Federal Contract Tower,0,0,5,5,10,0,0,8,3,11,0,0,13,8,21,8,0,8,29
05/07/2022,HSA,MS,ASO,CE,Federal Contract Tower,0,0,6,5,11,0,0,33,5,38,0,0,39,10,49,14,0,14,63
05/08/2022,HSA,MS,ASO,CE,Federal Contract Tower,0,0,2,0,2,0,0,13,0,13,0,0,15,0,15,14,0,14,29
05/09/2022,HSA,MS,ASO,CE,Federal Contract Tower,0,0,17,63,80,0,3,10,6,19,0,3,27,69,99,14,8,22,121
05/10/2022,HSA,MS,ASO,CE,Federal Contract Tower,0,0,10,66,76,0,3,18,35,56,0,3,28,101,132,22,108,130,262
05/11/2022,HSA,MS,ASO,CE,Federal Contract Tower,0,0,13,81,94,0,4,34,46,84,0,4,47,127,178,28,152,180,358
05/12/2022,HSA,MS,ASO,CE,Federal Contract Tower,0,0,8,40,48,0,3,19,25,47,0,3,27,65,95,61,62,123,218
05/13/2022,HSA,MS,ASO,CE,Federal Contract Tower,0,1,8,22,31,0,0,4,4,8,0,1,12,26,39,16,54,70,109
05/14/2022,HSA,MS,ASO,CE,Federal Contract Tower,0,0,5,5,10,0,0,7,2,9,0,0,12,7,19,0,10,10,29
05/15/2022,HSA,MS,ASO,CE,Federal Contract Tower,0,2,9,10,21,0,0,16,4,20,0,2,25,14,41,0,26,26,67
05/16/2022,HSA,MS,ASO,CE,Federal Contract Tower,0,0,11,49,60,0,3,40,32,75,0,3,51,81,135,22,44,66,201
05/17/2022,HSA,MS,ASO,CE,Federal Contract Tower,0,2,24,51,77,0,6,26,12,44,0,8,50,63,121,8,69,77,198
05/18/2022,HSA,MS,ASO,CE,Federal Contract Tower,0,0,13,44,57,0,2,29,20,51,0,2,42,64,108,65,42,107,215
05/19/2022,HSA,MS,ASO,CE,Federal Contract Tower,0,1,22,87,110,0,4,19,21,44,0,5,41,108,154,20,54,74,228
05/20/2022,HSA,MS,ASO,CE,Federal Contract Tower,0,0,8,59,67,0,0,24,29,53,0,0,32,88,120,26,38,64,184
05/21/2022,HSA,MS,ASO,CE,Federal Contract Tower,0,0,8,8,16,0,0,7,1,8,0,0,15,9,24,0,0,0,24
05/22/2022,HSA,MS,ASO,CE,Federal Contract Tower,0,0,2,2,4,0,0,0,1,1,0,0,2,3,5,0,6,6,11
05/23/2022,HSA,MS,ASO,CE,Federal Contract Tower,0,1,3,20,24,0,2,5,2,9,0,3,8,22,33,1,6,7,40
05/24/2022,HSA,MS,ASO,CE,Federal Contract Tower,0,1,6,19,26,0,6,7,2,15,0,7,13,21,41,0,66,66,107
05/25/2022,HSA,MS,ASO,CE,Federal Contract Tower,0,0,0,2,2,0,1,1,2,4,0,1,1,4,6,10,10,20,26
05/26/2022,HSA,MS,ASO,CE,Federal Contract Tower,0,0,8,27,35,0,0,15,21,36,0,0,23,48,71,0,64,64,135
05/27/2022,HSA,MS,ASO,CE,Federal Contract Tower,0,0,11,4,15,0,0,28,0,28,0,0,39,4,43,24,0,24,67
05/28/2022,HSA,MS,ASO,CE,Federal Contract Tower,0,6,13,0,19,0,0,37,0,37,0,6,50,0,56,22,8,30,86
05/29/2022,HSA,MS,ASO,CE,Federal Contract Tower,0,0,4,0,4,0,0,25,0,25,0,0,29,0,29,20,0,20,49
05/30/2022,HSA,MS,ASO,CE,Federal Contract Tower,0,0,0,0,0,0,6,14,0,20,0,6,14,0,20,0,0,0,20
05/31/2022,HSA,MS,ASO,CE,Federal Contract Tower,0,0,8,65,73,0,9,19,13,41,0,9,27,78,114,12,42,54,168
06/01/2022,HSA,MS,ASO,CE,Federal Contract Tower,0,7,9,25,41,0,7,18,12,37,0,14,27,37,78,38,38,76,154
06/02/2022,HSA,MS,ASO,CE,Federal Contract Tower,0,2,9,70,81,0,2,22,31,55,0,4,31,101,136,28,76,104,240
06/03/2022,HSA,MS,ASO,CE,Federal Contract Tower,0,2,7,40,49,0,5,17,35,57,0,7,24,75,106,67,39,106,212
06/04/2022,HSA,MS,ASO,CE,Federal Contract Tower,0,1,0,6,7,0,0,32,2,34,0,1,32,8,41,38,12,50,91
06/05/2022,HSA,MS,ASO,CE,Federal Contract Tower,0,0,2,8,10,0,0,12,5,17,0,0,14,13,27,24,32,56,83
06/06/2022,HSA,MS,ASO,CE,Federal Contract Tower,0,2,9,66,77,0,8,24,17,49,0,10,33,83,126,40,76,116,242
06/07/2022,HSA,MS,ASO,CE,Federal Contract Tower,0,1,26,85,112,0,3,21,36,60,0,4,47,121,172,20,92,112,284
06/08/2022,HSA,MS,ASO,CE,Federal Contract Tower,0,0,17,89,106,0,7,32,46,85,0,7,49,135,191,29,32,61,252
06/09/2022,HSA,MS,ASO,CE,Federal Contract Tower,0,0,3,21,24,0,6,22,7,35,0,6,25,28,59,10,24,34,93
06/10/2022,HSA,MS,ASO,CE,Federal Contract Tower,0,0,5,3,8,0,0,9,4,13,0,0,14,7,21,4,5,9,30
06/11/2022,HSA,MS,ASO,CE,Federal Contract Tower,0,0,4,2,6,0,0,26,1,27,0,0,30,3,33,0,1,1,34
06/12/2022,HSA,MS,ASO,CE,Federal Contract Tower,0,0,2,3,5,0,0,12,4,16,0,0,14,7,21,12,2,14,35
06/13/2022,HSA,MS,ASO,CE,Federal Contract Tower,0,0,8,30,38,0,11,14,0,25,0,11,22,30,63,30,24,54,117
06/14/2022,HSA,MS,ASO,CE,Federal Contract Tower,0,0,5,54,59,0,5,28,24,57,0,5,33,78,116,32,50,82,198
06/15/2022,HSA,MS,ASO,CE,Federal Contract Tower,0,0,18,43,61,0,2,40,26,68,0,2,58,69,129,44,51,95,224
06/16/2022,HSA,MS,ASO,CE,Federal Contract Tower,0,0,14,56,70,0,2,16,23,41,0,2,30,79,111,0,8,8,119
06/17/2022,HSA,MS,ASO,CE,Federal Contract Tower,0,0,9,46,55,0,5,25,32,62,0,5,34,78,117,57,28,85,202
06/18/2022,HSA,MS,ASO,CE,Federal Contract Tower,0,2,25,3,30,0,0,23,0,23,0,2,48,3,53,36,0,36,89
06/19/2022,HSA,MS,ASO,CE,Federal Contract Tower,0,0,6,3,9,0,0,15,4,19,0,0,21,7,28,12,6,18,46
06/20/2022,HSA,MS,ASO,CE,Federal Contract Tower,0,1,4,4,9,0,0,24,0,24,0,1,28,4,33,30,0,30,63
06/21/2022,HSA,MS,ASO,CE,Federal Contract Tower,0,0,4,77,81,0,1,19,22,42,0,1,23,99,123,36,42,78,201
06/22/2022,HSA,MS,ASO,CE,Federal Contract Tower,0,0,17,71,88,0,7,24,42,73,0,7,41,113,161,46,32,78,239
06/23/2022,HSA,MS,ASO,CE,Federal Contract Tower,0,0,8,55,63,0,2,27,36,65,0,2,35,91,128,4,30,34,162
06/24/2022,HSA,MS,ASO,CE,Federal Contract Tower,0,0,21,50,71,0,0,32,26,58,0,0,53,76,129,36,27,63,192
06/25/2022,HSA,MS,ASO,CE,Federal Contract Tower,0,0,7,1,8,0,0,20,1,21,0,0,27,2,29,31,0,31,60
06/26/2022,HSA,MS,ASO,CE,Federal Contract Tower,0,0,1,0,1,0,0,15,0,15,0,0,16,0,16,30,0,30,46
06/27/2022,HSA,MS,ASO,CE,Federal Contract Tower,0,1,1,73,75,0,5,17,30,52,0,6,18,103,127,47,34,81,208
06/28/2022,HSA,MS,ASO,CE,Federal Contract Tower,0,0,4,31,35,0,4,15,18,37,0,4,19,49,72,22,50,72,144
06/29/2022,HSA,MS,ASO,CE,Federal Contract Tower,0,2,9,8,19,0,8,13,6,27,0,10,22,14,46,2,30,32,78
06/30/2022,HSA,MS,ASO,CE,Federal Contract Tower,0,0,1,14,15,0,8,5,5,18,0,8,6,19,33,7,17,24,57
07/01/2022,HSA,MS,ASO,CE,Federal Contract Tower,0,1,11,8,20,0,0,18,0,18,0,1,29,8,38,45,0,45,83
07/02/2022,HSA,MS,ASO,CE,Federal Contract Tower,0,0,4,0,4,0,0,5,0,5,0,0,9,0,9,0,0,0,9
07/03/2022,HSA,MS,ASO,CE,Federal Contract Tower,0,0,4,0,4,0,1,3,0,4,0,1,7,0,8,0,0,0,8
07/04/2022,HSA,MS,ASO,CE,Federal Contract Tower,0,0,0,6,6,0,0,7,0,7,0,0,7,6,13,16,0,16,29
07/05/2022,HSA,MS,ASO,CE,Federal Contract Tower,0,2,2,15,19,0,0,17,3,20,0,2,19,18,39,0,10,10,49
07/06/2022,HSA,MS,ASO,CE,Federal Contract Tower,2,0,9,29,40,0,4,23,17,44,2,4,32,46,84,20,22,42,126
07/07/2022,HSA,MS,ASO,CE,Federal Contract Tower,0,0,14,79,93,0,7,27,23,57,0,7,41,102,150,64,22,86,236
07/08/2022,HSA,MS,ASO,CE,Federal Contract Tower,0,3,9,36,48,0,0,28,19,47,0,3,37,55,95,36,10,46,141
07/09/2022,HSA,MS,ASO,CE,Federal Contract Tower,0,0,12,6,18,0,0,30,0,30,0,0,42,6,48,40,0,40,88
07/10/2022,HSA,MS,ASO,CE,Federal Contract Tower,0,0,2,0,2,0,0,6,0,6,0,0,8,0,8,23,0,23,31
07/11/2022,HSA,MS,ASO,CE,Federal Contract Tower,0,1,4,32,37,0,0,23,0,23,0,1,27,32,60,10,0,10,70
07/12/2022,HSA,MS,ASO,CE,Federal Contract Tower,0,0,4,25,29,0,11,16,13,40,0,11,20,38,69,8,18,26,95
07/13/2022,HSA,MS,ASO,CE,Federal Contract Tower,0,0,4,32,36,0,6,10,19,35,0,6,14,51,71,38,48,86,157
07/14/2022,HSA,MS,ASO,CE,Federal Contract Tower,0,0,4,46,50,0,8,15,30,53,0,8,19,76,103,30,62,92,195
07/15/2022,HSA,MS,ASO,CE,Federal Contract Tower,0,2,11,14,27,0,7,18,22,47,0,9,29,36,74,26,2,28,102
07/16/2022,HSA,MS,ASO,CE,Federal Contract Tower,0,0,9,0,9,0,0,143,0,143,0,0,152,0,152,14,0,14,166
07/17/2022,HSA,MS,ASO,CE,Federal Contract Tower,0,0,10,0,10,0,0,8,0,8,0,0,18,0,18,22,0,22,40
07/18/2022,HSA,MS,ASO,CE,Federal Contract Tower,0,0,10,29,39,0,7,30,24,61,0,7,40,53,100,30,76,106,206
07/19/2022,HSA,MS,ASO,CE,Federal Contract Tower,0,0,18,48,66,0,4,18,35,57,0,4,36,83,123,14,114,128,251
07/20/2022,HSA,MS,ASO,CE,Federal Contract Tower,0,2,5,35,42,0,0,24,26,50,0,2,29,61,92,36,52,88,180
07/21/2022,HSA,MS,ASO,CE,Federal Contract Tower,0,0,19,51,70,0,0,33,26,59,0,0,52,77,129,15,55,70,199
07/22/2022,HSA,MS,ASO,CE,Federal Contract Tower,0,0,9,36,45,6,0,16,26,48,6,0,25,62,93,40,36,76,169
07/23/2022,HSA,MS,ASO,CE,Federal Contract Tower,0,0,10,0,10,0,0,9,0,9,0,0,19,0,19,6,0,6,25
07/24/2022,HSA,MS,ASO,CE,Federal Contract Tower,0,0,2,0,2,0,0,8,0,8,0,0,10,0,10,12,0,12,22
07/25/2022,HSA,MS,ASO,CE,Federal Contract Tower,0,0,6,17,23,0,0,10,5,15,0,0,16,22,38,0,8,8,46
07/26/2022,HSA,MS,ASO,CE,Federal Contract Tower,0,0,4,17,21,0,0,11,16,27,0,0,15,33,48,14,38,52,100
07/27/2022,HSA,MS,ASO,CE,Federal Contract Tower,0,0,17,63,80,0,0,19,41,60,0,0,36,104,140,12,74,86,226
07/28/2022,HSA,MS,ASO,CE,Federal Contract Tower,0,0,1,39,40,0,2,31,17,50,0,2,32,56,90,14,12,26,116
07/29/2022,HSA,MS,ASO,CE,Federal Contract Tower,0,2,6,25,33,0,2,16,9,27,0,4,22,34,60,18,0,18,78
07/30/2022,HSA,MS,ASO,CE,Federal Contract Tower,0,0,8,1,9,0,0,19,2,21,0,0,27,3,30,4,0,4,34
07/31/2022,HSA,MS,ASO,CE,Federal Contract Tower,0,0,9,0,9,0,0,12,0,12,0,0,21,0,21,14,0,14,35
08/01/2022,HSA,MS,ASO,CE,Federal Contract Tower,0,0,5,10,15,0,0,12,14,26,0,0,17,24,41,0,6,6,47
08/02/2022,HSA,MS,ASO,CE,Federal Contract Tower,0,1,5,6,12,0,1,5,11,17,0,2,10,17,29,0,10,10,39
08/03/2022,HSA,MS,ASO,CE,Federal Contract Tower,0,1,10,15,26,0,6,17,7,30,0,7,27,22,56,54,2,56,112
08/04/2022,HSA,MS,ASO,CE,Federal Contract Tower,0,1,11,23,35,0,5,11,12,28,0,6,22,35,63,0,18,18,81
08/05/2022,HSA,MS,ASO,CE,Federal Contract Tower,0,2,8,23,33,0,2,17,19,38,0,4,25,42,71,33,36,69,140
08/06/2022,HSA,MS,ASO,CE,Federal Contract Tower,0,1,2,2,5,0,0,2,0,2,0,1,4,2,7,0,0,0,7
08/07/2022,HSA,MS,ASO,CE,Federal Contract Tower,0,0,3,0,3,0,0,3,10,13,0,0,6,10,16,0,36,36,52
08/08/2022,HSA,MS,ASO,CE,Federal Contract Tower,0,0,10,20,30,0,8,8,6,22,0,8,18,26,52,10,18,28,80
08/09/2022,HSA,MS,ASO,CE,Federal Contract Tower,0,0,11,32,43,0,10,12,27,49,0,10,23,59,92,56,50,106,198
08/10/2022,HSA,MS,ASO,CE,Federal Contract Tower,0,1,11,16,28,0,11,13,6,30,0,12,24,22,58,2,6,8,66
08/11/2022,HSA,MS,ASO,CE,Federal Contract Tower,0,0,16,11,27,0,5,20,10,35,0,5,36,21,62,0,24,24,86
08/12/2022,HSA,MS,ASO,CE,Federal Contract Tower,0,0,10,49,59,0,4,10,16,30,0,4,20,65,89,0,12,12,101
08/13/2022,HSA,MS,ASO,CE,Federal Contract Tower,0,0,5,2,7,0,0,8,0,8,0,0,13,2,15,8,22,30,45
08/14/2022,HSA,MS,ASO,CE,Federal Contract Tower,0,0,5,4,9,0,0,12,0,12,0,0,17,4,21,32,0,32,53
08/15/2022,HSA,MS,ASO,CE,Federal Contract Tower,0,1,3,28,32,0,5,37,18,60,0,6,40,46,92,86,20,106,198
08/16/2022,HSA,MS,ASO,CE,Federal Contract Tower,0,0,13,24,37,0,11,19,15,45,0,11,32,39,82,10,64,74,156
08/17/2022,HSA,MS,ASO,CE,Federal Contract Tower,0,2,5,38,45,0,6,20,36,62,0,8,25,74,107,25,92,117,224
08/18/2022,HSA,MS,ASO,CE,Federal Contract Tower,0,3,9,27,39,0,0,26,27,53,0,3,35,54,92,8,34,42,134
08/19/2022,HSA,MS,ASO,CE,Federal Contract Tower,0,0,4,8,12,0,0,10,7,17,0,0,14,15,29,12,22,34,63
08/20/2022,HSA,MS,ASO,CE,Federal Contract Tower,0,2,3,0,5,0,0,3,0,3,0,2,6,0,8,8,0,8,16
08/21/2022,HSA,MS,ASO,CE,Federal Contract Tower,0,0,1,0,1,0,0,6,0,6,0,0,7,0,7,0,0,0,7
08/22/2022,HSA,MS,ASO,CE,Federal Contract Tower,0,0,15,15,30,0,1,18,23,42,0,1,33,38,72,4,12,16,88
08/23/2022,HSA,MS,ASO,CE,Federal Contract Tower,0,0,0,6,6,0,7,2,2,11,0,7,2,8,17,0,8,8,25
08/24/2022,HSA,MS,ASO,CE,Federal Contract Tower,0,0,3,3,6,0,2,6,0,8,0,2,9,3,14,14,0,14,28
08/25/2022,HSA,MS,ASO,CE,Federal Contract Tower,0,0,1,11,12,0,3,13,1,17,0,3,14,12,29,4,0,4,33
08/26/2022,HSA,MS,ASO,CE,Federal Contract Tower,0,0,3,12,15,0,0,8,3,11,0,0,11,15,26,2,34,36,62
08/27/2022,HSA,MS,ASO,CE,Federal Contract Tower,0,3,8,0,11,0,0,23,0,23,0,3,31,0,34,0,0,0,34
08/28/2022,HSA,MS,ASO,CE,Federal Contract Tower,0,0,6,3,9,0,0,15,0,15,0,0,21,3,24,6,0,6,30
08/29/2022,HSA,MS,ASO,CE,Federal Contract Tower,0,2,10,44,56,0,5,14,33,52,0,7,24,77,108,18,60,78,186
08/30/2022,HSA,MS,ASO,CE,Federal Contract Tower,0,0,19,28,47,0,13,12,23,48,0,13,31,51,95,16,42,58,153
08/31/2022,HSA,MS,ASO,CE,Federal Contract Tower,0,0,6,69,75,0,2,27,54,83,0,2,33,123,158,28,88,116,274
09/01/2022,HSA,MS,ASO,CE,Federal Contract Tower,0,0,9,60,69,0,0,31,45,76,0,0,40,105,145,38,57,95,240
09/02/2022,HSA,MS,ASO,CE,Federal Contract Tower,0,12,11,11,34,0,0,36,6,42,0,12,47,17,76,36,0,36,112
09/03/2022,HSA,MS,ASO,CE,Federal Contract Tower,0,0,4,0,4,0,0,6,0,6,0,0,10,0,10,6,0,6,16
09/04/2022,HSA,MS,ASO,CE,Federal Contract Tower,0,0,10,0,10,0,0,3,0,3,0,0,13,0,13,0,0,0,13
09/05/2022,HSA,MS,ASO,CE,Federal Contract Tower,0,0,4,2,6,0,0,9,0,9,0,0,13,2,15,6,0,6,21
09/06/2022,HSA,MS,ASO,CE,Federal Contract Tower,0,0,11,58,69,0,10,22,18,50,0,10,33,76,119,34,34,68,187
09/07/2022,HSA,MS,ASO,CE,Federal Contract Tower,0,0,19,45,64,0,1,37,27,65,0,1,56,72,129,32,22,54,183
09/08/2022,HSA,MS,ASO,CE,Federal Contract Tower,0,0,4,57,61,0,2,17,29,48,0,2,21,86,109,14,78,92,201
09/09/2022,HSA,MS,ASO,CE,Federal Contract Tower,0,1,7,15,23,0,0,8,12,20,0,1,15,27,43,0,2,2,45
09/10/2022,HSA,MS,ASO,CE,Federal Contract Tower,0,0,1,4,5,0,0,17,1,18,0,0,18,5,23,24,0,24,47
09/11/2022,HSA,MS,ASO,CE,Federal Contract Tower,0,0,4,2,6,0,0,6,2,8,0,0,10,4,14,0,0,0,14
09/12/2022,HSA,MS,ASO,CE,Federal Contract Tower,0,0,17,74,91,0,4,30,24,58,0,4,47,98,149,26,72,98,247
09/13/2022,HSA,MS,ASO,CE,Federal Contract Tower,0,1,27,59,87,0,3,20,40,63,0,4,47,99,150,36,64,100,250
09/14/2022,HSA,MS,ASO,CE,Federal Contract Tower,0,0,10,45,55,0,1,33,45,79,0,1,43,90,134,58,74,132,266
09/15/2022,HSA,MS,ASO,CE,Federal Contract Tower,0,0,5,54,59,0,0,22,37,59,0,0,27,91,118,40,48,88,206
09/16/2022,HSA,MS,ASO,CE,Federal Contract Tower,0,0,4,48,52,0,0,26,14,40,0,0,30,62,92,20,58,78,170
09/17/2022,HSA,MS,ASO,CE,Federal Contract Tower,0,0,9,2,11,0,0,11,0,11,0,0,20,2,22,0,0,0,22
09/18/2022,HSA,MS,ASO,CE,Federal Contract Tower,0,2,13,0,15,0,0,18,0,18,0,2,31,0,33,48,0,48,81
09/19/2022,HSA,MS,ASO,CE,Federal Contract Tower,0,1,18,85,104,0,2,9,30,41,0,3,27,115,145,36,68,104,249
09/20/2022,HSA,MS,ASO,CE,Federal Contract Tower,0,1,9,62,72,0,4,25,39,68,0,5,34,101,140,46,138,184,324
09/21/2022,HSA,MS,ASO,CE,Federal Contract Tower,0,1,3,90,94,0,6,31,41,78,0,7,34,131,172,52,110,162,334
09/22/2022,HSA,MS,ASO,CE,Federal Contract Tower,0,0,6,75,81,0,1,18,44,63,0,1,24,119,144,34,196,230,374
09/23/2022,HSA,MS,ASO,CE,Federal Contract Tower,0,0,9,45,54,0,9,19,27,55,0,9,28,72,109,40,30,70,179
09/24/2022,HSA,MS,ASO,CE,Federal Contract Tower,0,0,7,8,15,0,0,29,7,36,0,0,36,15,51,34,0,34,85
09/25/2022,HSA,MS,ASO,CE,Federal Contract Tower,0,0,2,6,8,0,0,7,11,18,0,0,9,17,26,10,0,10,36
09/26/2022,HSA,MS,ASO,CE,Federal Contract Tower,0,0,6,55,61,0,2,16,23,41,0,2,22,78,102,18,78,96,198
09/27/2022,HSA,MS,ASO,CE,Federal Contract Tower,0,0,3,45,48,0,8,17,21,46,0,8,20,66,94,8,96,104,198
09/28/2022,HSA,MS,ASO,CE,Federal Contract Tower,0,0,3,12,15,0,0,27,24,51,0,0,30,36,66,18,40,58,124
09/29/2022,HSA,MS,ASO,CE,Federal Contract Tower,0,0,8,37,45,0,1,9,30,40,0,1,17,67,85,0,60,60,145
09/30/2022,HSA,MS,ASO,CE,Federal Contract Tower,0,2,8,47,57,0,0,21,30,51,0,2,29,77,108,30,46,76,184
10/01/2022,HSA,MS,ASO,CE,Federal Contract Tower,0,0,4,4,8,0,0,8,2,10,0,0,12,6,18,18,10,28,46
10/02/2022,HSA,MS,ASO,CE,Federal Contract Tower,0,2,0,0,2,0,0,20,0,20,0,2,20,0,22,16,0,16,38
10/03/2022,HSA,MS,ASO,CE,Federal Contract Tower,0,0,8,67,75,0,2,21,40,63,0,2,29,107,138,16,106,122,260
10/04/2022,HSA,MS,ASO,CE,Federal Contract Tower,0,2,9,31,42,0,4,15,17,36,0,6,24,48,78,4,50,54,132
10/05/2022,HSA,MS,ASO,CE,Federal Contract Tower,0,0,8,62,70,0,4,25,45,74,0,4,33,107,144,40,120,160,304
10/06/2022,HSA,MS,ASO,CE,Federal Contract Tower,0,0,7,57,64,0,4,29,30,63,0,4,36,87,127,32,78,110,237
10/07/2022,HSA,MS,ASO,CE,Federal Contract Tower,0,1,7,30,38,0,1,30,18,49,0,2,37,48,87,84,30,114,201
10/08/2022,HSA,MS,ASO,CE,Federal Contract Tower,0,0,5,2,7,0,0,25,0,25,0,0,30,2,32,24,0,24,56
10/09/2022,HSA,MS,ASO,CE,Federal Contract Tower,0,2,22,0,24,0,0,17,0,17,0,2,39,0,41,16,0,16,57
10/10/2022,HSA,MS,ASO,CE,Federal Contract Tower,0,1,20,0,21,0,2,22,0,24,0,3,42,0,45,10,0,10,55
10/11/2022,HSA,MS,ASO,CE,Federal Contract Tower,0,0,22,67,89,0,1,23,35,59,0,1,45,102,148,26,110,136,284
10/12/2022,HSA,MS,ASO,CE,Federal Contract Tower,0,1,2,10,13,0,7,4,6,17,0,8,6,16,30,2,4,6,36
10/13/2022,HSA,MS,ASO,CE,Federal Contract Tower,0,0,10,51,61,0,0,24,16,40,0,0,34,67,101,76,102,178,279
10/14/2022,HSA,MS,ASO,CE,Federal Contract Tower,0,0,6,33,39,0,10,37,15,62,0,10,43,48,101,38,74,112,213
10/15/2022,HSA,MS,ASO,CE,Federal Contract Tower,0,4,5,1,10,0,0,21,1,22,0,4,26,2,32,42,8,50,82
10/16/2022,HSA,MS,ASO,CE,Federal Contract Tower,0,0,2,13,15,0,0,13,12,25,0,0,15,25,40,0,4,4,44
10/17/2022,HSA,MS,ASO,CE,Federal Contract Tower,0,0,8,28,36,0,2,10,6,18,0,2,18,34,54,10,18,28,82
10/18/2022,HSA,MS,ASO,CE,Federal Contract Tower,0,0,6,35,41,0,8,31,36,75,0,8,37,71,116,44,52,96,212
10/19/2022,HSA,MS,ASO,CE,Federal Contract Tower,0,1,14,48,63,0,1,36,60,97,0,2,50,108,160,68,112,180,340
10/20/2022,HSA,MS,ASO,CE,Federal Contract Tower,0,1,4,45,50,0,2,9,42,53,0,3,13,87,103,18,98,116,219
10/21/2022,HSA,MS,ASO,CE,Federal Contract Tower,0,7,6,29,42,0,2,33,21,56,0,9,39,50,98,54,20,74,172
10/22/2022,HSA,MS,ASO,CE,Federal Contract Tower,0,2,2,1,5,0,0,16,1,17,0,2,18,2,22,0,0,0,22
10/23/2022,HSA,MS,ASO,CE,Federal Contract Tower,0,3,2,10,15,0,0,8,5,13,0,3,10,15,28,0,0,0,28
10/24/2022,HSA,MS,ASO,CE,Federal Contract Tower,0,0,5,48,53,0,4,22,20,46,0,4,27,68,99,6,52,58,157
10/25/2022,HSA,MS,ASO,CE,Federal Contract Tower,0,0,3,11,14,0,0,3,17,20,0,0,6,28,34,0,14,14,48
10/26/2022,HSA,MS,ASO,CE,Federal Contract Tower,0,0,6,56,62,0,10,30,35,75,0,10,36,91,137,52,144,196,333
10/27/2022,HSA,MS,ASO,CE,Federal Contract Tower,0,0,3,33,36,0,4,21,48,73,0,4,24,81,109,10,84,94,203
10/28/2022,HSA,MS,ASO,CE,Federal Contract Tower,0,0,7,51,58,0,8,15,28,51,0,8,22,79,109,60,86,146,255
10/29/2022,HSA,MS,ASO,CE,Federal Contract Tower,0,0,2,0,2,0,0,4,0,4,0,0,6,0,6,24,0,24,30
10/30/2022,HSA,MS,ASO,CE,Federal Contract Tower,0,0,4,2,6,0,0,8,1,9,0,0,12,3,15,8,4,12,27
10/31/2022,HSA,MS,ASO,CE,Federal Contract Tower,0,1,2,64,67,0,2,11,36,49,0,3,13,100,116,0,98,98,214
11/01/2022,HSA,MS,ASO,CE,Federal Contract Tower,0,0,4,50,54,0,2,12,24,38,0,2,16,74,92,14,104,118,210
11/02/2022,HSA,MS,ASO,CE,Federal Contract Tower,0,0,3,57,60,0,2,15,41,58,0,2,18,98,118,60,62,122,240
11/03/2022,HSA,MS,ASO,CE,Federal Contract Tower,0,2,5,45,52,0,2,39,29,70,0,4,44,74,122,40,70,110,232
11/04/2022,HSA,MS,ASO,CE,Federal Contract Tower,0,1,6,18,25,0,1,15,14,30,0,2,21,32,55,0,54,54,109
11/05/2022,HSA,MS,ASO,CE,Federal Contract Tower,0,1,0,0,1,0,0,0,0,0,0,1,0,0,1,0,0,0,1
11/06/2022,HSA,MS,ASO,CE,Federal Contract Tower,0,1,1,5,7,0,0,35,5,40,0,1,36,10,47,132,12,144,191
11/07/2022,HSA,MS,ASO,CE,Federal Contract Tower,0,1,8,39,48,0,0,24,9,33,0,1,32,48,81,30,50,80,161
11/08/2022,HSA,MS,ASO,CE,Federal Contract Tower,0,0,7,57,64,0,0,10,34,44,0,0,17,91,108,10,112,122,230
11/09/2022,HSA,MS,ASO,CE,Federal Contract Tower,0,0,8,56,64,0,0,22,39,61,0,0,30,95,125,66,68,134,259
11/10/2022,HSA,MS,ASO,CE,Federal Contract Tower,0,0,2,18,20,0,0,20,11,31,0,0,22,29,51,40,10,50,101
11/11/2022,HSA,MS,ASO,CE,Federal Contract Tower,2,2,11,11,26,0,0,0,0,0,2,2,11,11,26,16,4,20,46
11/12/2022,HSA,MS,ASO,CE,Federal Contract Tower,0,0,0,0,0,0,0,0,0,0,0,0,0,0,0,0,0,0,0
11/13/2022,HSA,MS,ASO,CE,Federal Contract Tower,0,0,1,7,8,0,0,9,0,9,0,0,10,7,17,0,0,0,17
11/14/2022,HSA,MS,ASO,CE,Federal Contract Tower,0,1,5,17,23,0,0,1,13,14,0,1,6,30,37,0,8,8,45
11/15/2022,HSA,MS,ASO,CE,Federal Contract Tower,0,0,6,49,55,0,0,7,0,7,0,0,13,49,62,0,54,54,116
11/16/2022,HSA,MS,ASO,CE,Federal Contract Tower,0,0,7,38,45,0,0,22,39,61,0,0,29,77,106,66,78,144,250
11/17/2022,HSA,MS,ASO,CE,Federal Contract Tower,0,0,14,52,66,0,1,14,44,59,0,1,28,96,125,20,98,118,243
11/18/2022,HSA,MS,ASO,CE,Federal Contract Tower,0,0,5,38,43,0,0,29,29,58,0,0,34,67,101,58,70,128,229
11/19/2022,HSA,MS,ASO,CE,Federal Contract Tower,0,0,0,1,1,0,0,10,0,10,0,0,10,1,11,42,0,42,53
11/20/2022,HSA,MS,ASO,CE,Federal Contract Tower,0,0,9,4,13,0,0,9,0,9,0,0,18,4,22,0,0,0,22
11/21/2022,HSA,MS,ASO,CE,Federal Contract Tower,0,0,4,45,49,0,0,12,33,45,0,0,16,78,94,10,92,102,196
11/22/2022,HSA,MS,ASO,CE,Federal Contract Tower,0,0,7,29,36,0,0,14,20,34,0,0,21,49,70,0,14,14,84
11/23/2022,HSA,MS,ASO,CE,Federal Contract Tower,0,0,11,22,33,0,0,23,2,25,0,0,34,24,58,30,0,30,88
11/24/2022,HSA,MS,ASO,CE,Federal Contract Tower,0,0,0,0,0,0,0,0,0,0,0,0,0,0,0,0,0,0,0
11/25/2022,HSA,MS,ASO,CE,Federal Contract Tower,0,2,0,0,2,0,0,0,0,0,0,2,0,0,2,0,0,0,2
11/26/2022,HSA,MS,ASO,CE,Federal Contract Tower,0,2,0,0,2,0,0,0,0,0,0,2,0,0,2,0,0,0,2
11/27/2022,HSA,MS,ASO,CE,Federal Contract Tower,0,1,4,0,5,0,0,10,0,10,0,1,14,0,15,0,0,0,15
11/28/2022,HSA,MS,ASO,CE,Federal Contract Tower,0,0,8,46,54,0,0,9,15,24,0,0,17,61,78,0,14,14,92
11/29/2022,HSA,MS,ASO,CE,Federal Contract Tower,0,0,6,27,33,0,0,0,0,0,0,0,6,27,33,0,0,0,33
11/30/2022,HSA,MS,ASO,CE,Federal Contract Tower,0,0,1,29,30,0,0,8,40,48,0,0,9,69,78,20,54,74,152
12/01/2022,HSA,MS,ASO,CE,Federal Contract Tower,0,1,10,49,60,0,0,9,41,50,0,1,19,90,110,2,94,96,206
12/02/2022,HSA,MS,ASO,CE,Federal Contract Tower,0,0,2,53,55,0,0,17,22,39,0,0,19,75,94,38,111,149,243
12/03/2022,HSA,MS,ASO,CE,Federal Contract Tower,0,0,0,0,0,0,0,2,0,2,0,0,2,0,2,0,0,0,2
12/04/2022,HSA,MS,ASO,CE,Federal Contract Tower,0,0,2,6,8,0,0,4,4,8,0,0,6,10,16,10,10,20,36
12/05/2022,HSA,MS,ASO,CE,Federal Contract Tower,0,2,3,15,20,0,0,0,0,0,0,2,3,15,20,0,0,0,20
12/06/2022,HSA,MS,ASO,CE,Federal Contract Tower,0,0,5,76,81,0,4,13,23,40,0,4,18,99,121,12,108,120,241
12/07/2022,HSA,MS,ASO,CE,Federal Contract Tower,0,0,9,45,54,0,0,16,14,30,0,0,25,59,84,12,36,48,132
12/08/2022,HSA,MS,ASO,CE,Federal Contract Tower,0,0,1,25,26,0,0,5,10,15,0,0,6,35,41,6,10,16,57
12/09/2022,HSA,MS,ASO,CE,Federal Contract Tower,0,0,4,26,30,0,0,5,2,7,0,0,9,28,37,20,6,26,63
12/10/2022,HSA,MS,ASO,CE,Federal Contract Tower,0,1,8,0,9,0,0,4,0,4,0,1,12,0,13,20,0,20,33
12/11/2022,HSA,MS,ASO,CE,Federal Contract Tower,0,1,0,0,1,0,0,0,0,0,0,1,0,0,1,0,0,0,1
12/12/2022,HSA,MS,ASO,CE,Federal Contract Tower,0,0,3,53,56,0,0,5,13,18,0,0,8,66,74,40,32,72,146
12/13/2022,HSA,MS,ASO,CE,Federal Contract Tower,0,0,1,44,45,0,0,0,3,3,0,0,1,47,48,0,12,12,60
12/14/2022,HSA,MS,ASO,CE,Federal Contract Tower,0,0,0,5,5,0,0,1,0,1,0,0,1,5,6,0,0,0,6
12/15/2022,HSA,MS,ASO,CE,Federal Contract Tower,0,0,4,55,59,0,0,32,43,75,0,0,36,98,134,30,106,136,270
12/16/2022,HSA,MS,ASO,CE,Federal Contract Tower,0,1,15,37,53,0,0,41,32,73,0,1,56,69,126,44,84,128,254
12/17/2022,HSA,MS,ASO,CE,Federal Contract Tower,0,0,2,6,8,0,0,8,0,8,0,0,10,6,16,8,0,8,24
12/18/2022,HSA,MS,ASO,CE,Federal Contract Tower,0,1,4,2,7,0,0,14,0,14,0,1,18,2,21,10,0,10,31
12/19/2022,HSA,MS,ASO,CE,Federal Contract Tower,0,1,0,17,18,0,0,9,3,12,0,1,9,20,30,18,2,20,50
12/20/2022,HSA,MS,ASO,CE,Federal Contract Tower,0,0,0,2,2,0,0,0,0,0,0,0,0,2,2,0,0,0,2
12/21/2022,HSA,MS,ASO,CE,Federal Contract Tower,0,0,10,34,44,0,0,0,0,0,0,0,10,34,44,0,0,0,44
12/22/2022,HSA,MS,ASO,CE,Federal Contract Tower,0,0,4,28,32,0,0,7,0,7,0,0,11,28,39,0,16,16,55
12/23/2022,HSA,MS,ASO,CE,Federal Contract Tower,0,0,3,2,5,0,0,2,0,2,0,0,5,2,7,0,0,0,7
12/24/2022,HSA,MS,ASO,CE,Federal Contract Tower,0,2,1,0,3,0,0,0,0,0,0,2,1,0,3,0,0,0,3
12/25/2022,HSA,MS,ASO,CE,Federal Contract Tower,0,2,1,0,3,0,0,2,0,2,0,2,3,0,5,0,0,0,5
12/26/2022,HSA,MS,ASO,CE,Federal Contract Tower,0,0,8,0,8,0,0,31,0,31,0,0,39,0,39,0,0,0,39
12/27/2022,HSA,MS,ASO,CE,Federal Contract Tower,0,0,11,21,32,0,0,26,13,39,0,0,37,34,71,18,0,18,89
12/28/2022,HSA,MS,ASO,CE,Federal Contract Tower,0,0,6,28,34,0,0,21,17,38,0,0,27,45,72,2,10,12,84
12/29/2022,HSA,MS,ASO,CE,Federal Contract Tower,0,0,5,44,49,0,0,16,19,35,0,0,21,63,84,14,6,20,104
12/30/2022,HSA,MS,ASO,CE,Federal Contract Tower,0,1,0,0,1,0,0,0,0,0,0,1,0,0,1,0,0,0,1
12/31/2022,HSA,MS,ASO,CE,Federal Contract Tower,0,8,1,2,11,0,0,0,0,0,0,8,1,2,11,0,0,0,11
01/01/2023,HSA,MS,ASO,CE,Federal Contract Tower,0,5,8,0,13,0,0,2,0,2,0,5,10,0,15,0,0,0,15
01/02/2023,HSA,MS,ASO,CE,Federal Contract Tower,0,8,0,8,16,0,0,0,0,0,0,8,0,8,16,0,0,0,16
01/03/2023,HSA,MS,ASO,CE,Federal Contract Tower,0,1,0,0,1,0,0,0,0,0,0,1,0,0,1,0,0,0,1
01/04/2023,HSA,MS,ASO,CE,Federal Contract Tower,0,0,4,56,60,0,1,21,27,49,0,1,25,83,109,22,76,98,207
01/05/2023,HSA,MS,ASO,CE,Federal Contract Tower,0,0,15,53,68,0,0,21,29,50,0,0,36,82,118,26,69,95,213
01/06/2023,HSA,MS,ASO,CE,Federal Contract Tower,0,0,19,46,65,0,0,27,20,47,0,0,46,66,112,64,40,104,216
01/07/2023,HSA,MS,ASO,CE,Federal Contract Tower,0,2,11,2,15,0,0,21,4,25,0,2,32,6,40,26,0,26,66
01/08/2023,HSA,MS,ASO,CE,Federal Contract Tower,0,0,2,2,4,0,0,5,0,5,0,0,7,2,9,10,0,10,19
01/09/2023,HSA,MS,ASO,CE,Federal Contract Tower,0,0,12,41,53,0,0,24,41,65,0,0,36,82,118,8,52,60,178
01/10/2023,HSA,MS,ASO,CE,Federal Contract Tower,0,2,1,54,57,0,0,11,37,48,0,2,12,91,105,14,50,64,169
01/11/2023,HSA,MS,ASO,CE,Federal Contract Tower,0,6,4,33,43,0,0,8,14,22,0,6,12,47,65,12,34,46,111
01/12/2023,HSA,MS,ASO,CE,Federal Contract Tower,0,1,1,4,6,0,0,4,7,11,0,1,5,11,17,8,0,8,25
01/13/2023,HSA,MS,ASO,CE,Federal Contract Tower,0,0,6,29,35,0,0,8,16,24,0,0,14,45,59,54,12,66,125
01/14/2023,HSA,MS,ASO,CE,Federal Contract Tower,0,1,7,4,12,0,0,16,3,19,0,1,23,7,31,8,0,8,39
01/15/2023,HSA,MS,ASO,CE,Federal Contract Tower,0,1,8,6,15,0,0,39,0,39,0,1,47,6,54,30,8,38,92
01/16/2023,HSA,MS,ASO,CE,Federal Contract Tower,0,2,4,27,33,0,0,15,4,19,0,2,19,31,52,14,0,14,66
01/17/2023,HSA,MS,ASO,CE,Federal Contract Tower,0,2,7,62,71,0,0,20,35,55,0,2,27,97,126,22,64,86,212
01/18/2023,HSA,MS,ASO,CE,Federal Contract Tower,0,0,4,69,73,0,0,8,31,39,0,0,12,100,112,12,64,76,188
01/19/2023,HSA,MS,ASO,CE,Federal Contract Tower,0,0,12,31,43,0,0,30,31,61,0,0,42,62,104,7,90,97,201
01/20/2023,HSA,MS,ASO,CE,Federal Contract Tower,0,0,3,34,37,0,0,29,36,65,0,0,32,70,102,32,46,78,180
01/21/2023,HSA,MS,ASO,CE,Federal Contract Tower,0,1,0,2,3,0,0,3,0,3,0,1,3,2,6,2,0,2,8
01/22/2023,HSA,MS,ASO,CE,Federal Contract Tower,0,0,4,2,6,0,0,0,0,0,0,0,4,2,6,0,0,0,6
01/23/2023,HSA,MS,ASO,CE,Federal Contract Tower,0,0,2,48,50,0,2,30,69,101,0,2,32,117,151,43,117,160,311
01/24/2023,HSA,MS,ASO,CE,Federal Contract Tower,0,0,1,6,7,0,0,0,4,4,0,0,1,10,11,0,0,0,11
01/25/2023,HSA,MS,ASO,CE,Federal Contract Tower,0,0,4,42,46,0,0,16,42,58,0,0,20,84,104,6,96,102,206
01/26/2023,HSA,MS,ASO,CE,Federal Contract Tower,0,0,9,27,36,0,0,70,50,120,0,0,79,77,156,88,130,218,374
01/27/2023,HSA,MS,ASO,CE,Federal Contract Tower,0,0,16,14,30,0,0,35,5,40,0,0,51,19,70,18,12,30,100
01/28/2023,HSA,MS,ASO,CE,Federal Contract Tower,0,0,2,12,14,0,0,11,0,11,0,0,13,12,25,0,0,0,25
01/29/2023,HSA,MS,ASO,CE,Federal Contract Tower,0,0,1,0,1,0,0,2,0,2,0,0,3,0,3,0,0,0,3
01/30/2023,HSA,MS,ASO,CE,Federal Contract Tower,0,0,0,4,4,0,0,0,0,0,0,0,0,4,4,0,0,0,4
01/31/2023,HSA,MS,ASO,CE,Federal Contract Tower,0,0,0,9,9,0,0,2,0,2,0,0,2,9,11,6,0,6,17
02/01/2023,HSA,MS,ASO,CE,Federal Contract Tower,0,0,5,9,14,0,0,0,0,0,0,0,5,9,14,0,0,0,14
02/02/2023,HSA,MS,ASO,CE,Federal Contract Tower,0,0,0,9,9,0,0,0,0,0,0,0,0,9,9,0,0,0,9
02/03/2023,HSA,MS,ASO,CE,Federal Contract Tower,0,0,7,34,41,0,0,20,12,32,0,0,27,46,73,28,68,96,169
02/04/2023,HSA,MS,ASO,CE,Federal Contract Tower,0,2,4,6,12,0,0,19,4,23,0,2,23,10,35,38,14,52,87
02/05/2023,HSA,MS,ASO,CE,Federal Contract Tower,0,0,4,7,11,0,0,29,7,36,0,0,33,14,47,36,18,54,101
02/06/2023,HSA,MS,ASO,CE,Federal Contract Tower,0,0,26,44,70,0,0,18,43,61,0,0,44,87,131,2,80,82,213
02/07/2023,HSA,MS,ASO,CE,Federal Contract Tower,0,1,6,43,50,0,0,8,11,19,0,1,14,54,69,10,46,56,125
02/08/2023,HSA,MS,ASO,CE,Federal Contract Tower,0,1,4,3,8,0,0,0,0,0,0,1,4,3,8,0,0,0,8
02/09/2023,HSA,MS,ASO,CE,Federal Contract Tower,0,1,12,15,28,0,0,0,10,10,0,1,12,25,38,0,72,72,110
02/10/2023,HSA,MS,ASO,CE,Federal Contract Tower,0,0,10,14,24,0,1,5,17,23,0,1,15,31,47,2,66,68,115
02/11/2023,HSA,MS,ASO,CE,Federal Contract Tower,0,0,0,5,5,0,0,0,0,0,0,0,0,5,5,0,0,0,5
02/12/2023,HSA,MS,ASO,CE,Federal Contract Tower,0,0,2,4,6,0,0,15,3,18,0,0,17,7,24,0,0,0,24
02/13/2023,HSA,MS,ASO,CE,Federal Contract Tower,0,1,5,39,45,0,0,17,35,52,0,1,22,74,97,24,62,86,183
02/14/2023,HSA,MS,ASO,CE,Federal Contract Tower,0,5,15,46,66,0,0,9,18,27,0,5,24,64,93,19,66,85,178
02/15/2023,HSA,MS,ASO,CE,Federal Contract Tower,0,2,7,49,58,0,0,10,17,27,0,2,17,66,85,45,38,83,168
02/16/2023,HSA,MS,ASO,CE,Federal Contract Tower,0,0,4,18,22,0,0,1,1,2,0,0,5,19,24,12,10,22,46
02/17/2023,HSA,MS,ASO,CE,Federal Contract Tower,0,0,9,16,25,0,2,10,6,18,0,2,19,22,43,30,28,58,101
02/18/2023,HSA,MS,ASO,CE,Federal Contract Tower,0,0,7,2,9,0,0,8,2,10,0,0,15,4,19,0,0,0,19
02/19/2023,HSA,MS,ASO,CE,Federal Contract Tower,0,0,2,2,4,0,0,16,3,19,0,0,18,5,23,14,0,14,37
02/20/2023,HSA,MS,ASO,CE,Federal Contract Tower,0,0,0,8,8,0,0,6,1,7,0,0,6,9,15,14,0,14,29
02/21/2023,HSA,MS,ASO,CE,Federal Contract Tower,0,6,11,45,62,0,0,6,8,14,0,6,17,53,76,2,0,2,78
02/22/2023,HSA,MS,ASO,CE,Federal Contract Tower,0,2,7,37,46,0,0,4,9,13,0,2,11,46,59,0,28,28,87
02/23/2023,HSA,MS,ASO,CE,Federal Contract Tower,0,1,4,49,54,0,2,3,2,7,0,3,7,51,61,0,4,4,65
02/24/2023,HSA,MS,ASO,CE,Federal Contract Tower,0,0,2,28,30,0,0,5,2,7,0,0,7,30,37,0,0,0,37
02/25/2023,HSA,MS,ASO,CE,Federal Contract Tower,0,1,2,2,5,0,0,3,0,3,0,1,5,2,8,0,0,0,8
02/26/2023,HSA,MS,ASO,CE,Federal Contract Tower,0,2,10,8,20,0,0,16,5,21,0,2,26,13,41,12,0,12,53
02/27/2023,HSA,MS,ASO,CE,Federal Contract Tower,0,4,3,42,49,0,2,4,26,32,0,6,7,68,81,0,43,43,124
02/28/2023,HSA,MS,ASO,CE,Federal Contract Tower,0,0,6,60,66,0,0,22,25,47,0,0,28,85,113,26,78,104,217
03/01/2023,HSA,MS,ASO,CE,Federal Contract Tower,0,0,12,56,68,0,0,12,12,24,0,0,24,68,92,10,60,70,162
03/02/2023,HSA,MS,ASO,CE,Federal Contract Tower,0,0,15,53,68,0,0,2,10,12,0,0,17,63,80,6,38,44,124
03/03/2023,HSA,MS,ASO,CE,Federal Contract Tower,0,0,10,20,30,0,0,2,7,9,0,0,12,27,39,6,8,14,53
03/04/2023,HSA,MS,ASO,CE,Federal Contract Tower,0,4,5,10,19,0,0,37,2,39,0,4,42,12,58,24,0,24,82
03/05/2023,HSA,MS,ASO,CE,Federal Contract Tower,0,0,11,8,19,0,0,43,8,51,0,0,54,16,70,60,4,64,134
03/06/2023,HSA,MS,ASO,CE,Federal Contract Tower,0,0,9,37,46,0,0,3,4,7,0,0,12,41,53,8,0,8,61
03/07/2023,HSA,MS,ASO,CE,Federal Contract Tower,0,1,19,47,67,0,0,21,28,49,0,1,40,75,116,18,32,50,166
03/08/2023,HSA,MS,ASO,CE,Federal Contract Tower,0,0,26,53,79,0,0,4,24,28,0,0,30,77,107,12,22,34,141
03/09/2023,HSA,MS,ASO,CE,Federal Contract Tower,0,0,39,55,94,0,3,24,26,53,0,3,63,81,147,30,124,154,301
03/10/2023,HSA,MS,ASO,CE,Federal Contract Tower,0,0,32,57,89,0,0,26,27,53,0,0,58,84,142,40,54,94,236
03/11/2023,HSA,MS,ASO,CE,Federal Contract Tower,0,0,10,5,15,0,0,10,3,13,0,0,20,8,28,40,0,40,68
03/12/2023,HSA,MS,ASO,CE,Federal Contract Tower,0,0,10,11,21,0,0,7,1,8,0,0,17,12,29,0,0,0,29
03/13/2023,HSA,MS,ASO,CE,Federal Contract Tower,0,2,19,40,61,0,4,22,33,59,0,6,41,73,120,34,101,135,255
03/14/2023,HSA,MS,ASO,CE,Federal Contract Tower,0,0,21,43,64,0,0,37,27,64,0,0,58,70,128,66,46,112,240
03/15/2023,HSA,MS,ASO,CE,Federal Contract Tower,0,0,18,37,55,0,0,37,35,72,0,0,55,72,127,24,43,67,194
03/16/2023,HSA,MS,ASO,CE,Federal Contract Tower,0,1,19,43,63,0,30,23,48,101,0,31,42,91,164,16,78,94,258
03/17/2023,HSA,MS,ASO,CE,Federal Contract Tower,0,0,4,0,4,0,0,0,0,0,0,0,4,0,4,0,0,0,4
03/18/2023,HSA,MS,ASO,CE,Federal Contract Tower,0,0,8,10,18,0,0,12,8,20,0,0,20,18,38,0,10,10,48
03/19/2023,HSA,MS,ASO,CE,Federal Contract Tower,0,0,5,4,9,0,0,12,6,18,0,0,17,10,27,2,2,4,31
03/20/2023,HSA,MS,ASO,CE,Federal Contract Tower,0,3,28,54,85,0,0,37,27,64,0,3,65,81,149,74,54,128,277
03/21/2023,HSA,MS,ASO,CE,Federal Contract Tower,0,0,27,58,85,0,5,31,26,62,0,5,58,84,147,94,14,108,255
03/22/2023,HSA,MS,ASO,CE,Federal Contract Tower,0,0,13,65,78,0,0,35,35,70,0,0,48,100,148,28,162,190,338
03/23/2023,HSA,MS,ASO,CE,Federal Contract Tower,0,0,23,38,61,0,0,2,7,9,0,0,25,45,70,3,48,51,121
03/24/2023,HSA,MS,ASO,CE,Federal Contract Tower,0,0,17,52,69,0,0,0,5,5,0,0,17,57,74,0,12,12,86
03/25/2023,HSA,MS,ASO,CE,Federal Contract Tower,0,1,10,1,12,0,1,11,1,13,0,2,21,2,25,18,0,18,43
03/26/2023,HSA,MS,ASO,CE,Federal Contract Tower,0,0,12,3,15,0,0,11,0,11,0,0,23,3,26,42,0,42,68
03/27/2023,HSA,MS,ASO,CE,Federal Contract Tower,0,4,0,8,12,0,0,0,0,0,0,4,0,8,12,0,0,0,12
03/28/2023,HSA,MS,ASO,CE,Federal Contract Tower,0,2,15,0,17,0,0,21,0,21,0,2,36,0,38,0,22,22,60
03/29/2023,HSA,MS,ASO,CE,Federal Contract Tower,0,0,17,39,56,0,0,27,36,63,0,0,44,75,119,24,54,78,197
03/30/2023,HSA,MS,ASO,CE,Federal Contract Tower,0,0,33,39,72,0,0,29,17,46,0,0,62,56,118,14,58,72,190
03/31/2023,HSA,MS,ASO,CE,Federal Contract Tower,0,0,23,54,77,0,0,5,2,7,0,0,28,56,84,0,10,10,94
04/01/2023,HSA,MS,ASO,CE,Federal Contract Tower,0,1,1,7,9,0,0,8,5,13,0,1,9,12,22,10,16,26,48
04/02/2023,HSA,MS,ASO,CE,Federal Contract Tower,0,0,6,3,9,0,0,27,6,33,0,0,33,9,42,20,16,36,78
04/03/2023,HSA,MS,ASO,CE,Federal Contract Tower,0,0,12,54,66,0,0,8,20,28,0,0,20,74,94,0,12,12,106
04/04/2023,HSA,MS,ASO,CE,Federal Contract Tower,0,1,11,65,77,0,0,4,7,11,0,1,15,72,88,14,16,30,118
04/05/2023,HSA,MS,ASO,CE,Federal Contract Tower,0,0,16,47,63,0,0,8,2,10,0,0,24,49,73,0,0,0,73
04/06/2023,HSA,MS,ASO,CE,Federal Contract Tower,0,0,19,46,65,0,0,2,15,17,0,0,21,61,82,0,32,32,114
04/07/2023,HSA,MS,ASO,CE,Federal Contract Tower,0,0,16,23,39,0,0,0,0,0,0,0,16,23,39,0,0,0,39
04/08/2023,HSA,MS,ASO,CE,Federal Contract Tower,0,5,4,0,9,0,0,0,0,0,0,5,4,0,9,0,0,0,9
04/09/2023,HSA,MS,ASO,CE,Federal Contract Tower,0,2,4,0,6,0,0,5,0,5,0,2,9,0,11,0,0,0,11
04/10/2023,HSA,MS,ASO,CE,Federal Contract Tower,0,0,28,59,87,0,1,32,24,57,0,1,60,83,144,30,12,42,186
04/11/2023,HSA,MS,ASO,CE,Federal Contract Tower,0,3,27,51,81,0,2,9,31,42,0,5,36,82,123,10,40,50,173
04/12/2023,HSA,MS,ASO,CE,Federal Contract Tower,0,4,23,48,75,0,0,11,19,30,0,4,34,67,105,10,36,46,151
04/13/2023,HSA,MS,ASO,CE,Federal Contract Tower,0,0,18,38,56,0,0,2,17,19,0,0,20,55,75,0,8,8,83
04/14/2023,HSA,MS,ASO,CE,Federal Contract Tower,0,1,28,67,96,0,0,57,32,89,0,1,85,99,185,42,60,102,287
04/15/2023,HSA,MS,ASO,CE,Federal Contract Tower,0,1,6,3,10,0,0,3,1,4,0,1,9,4,14,0,4,4,18
04/16/2023,HSA,MS,ASO,CE,Federal Contract Tower,0,0,12,9,21,0,0,21,21,42,0,0,33,30,63,4,0,4,67
04/17/2023,HSA,MS,ASO,CE,Federal Contract Tower,0,0,22,47,69,0,3,39,41,83,0,3,61,88,152,28,66,94,246
04/18/2023,HSA,MS,ASO,CE,Federal Contract Tower,0,0,12,67,79,0,4,40,35,79,0,4,52,102,158,36,90,126,284
04/19/2023,HSA,MS,ASO,CE,Federal Contract Tower,0,0,23,42,65,0,2,26,40,68,0,2,49,82,133,52,64,116,249
04/20/2023,HSA,MS,ASO,CE,Federal Contract Tower,0,0,17,55,72,0,1,18,37,56,0,1,35,92,128,20,60,80,208
04/21/2023,HSA,MS,ASO,CE,Federal Contract Tower,0,0,4,16,20,0,0,5,18,23,0,0,9,34,43,0,58,58,101
04/22/2023,HSA,MS,ASO,CE,Federal Contract Tower,0,0,2,6,8,0,0,13,9,22,0,0,15,15,30,16,38,54,84
04/23/2023,HSA,MS,ASO,CE,Federal Contract Tower,0,1,2,2,5,0,0,13,0,13,0,1,15,2,18,20,0,20,38
04/24/2023,HSA,MS,ASO,CE,Federal Contract Tower,0,1,5,62,68,0,2,31,40,73,0,3,36,102,141,43,52,95,236
04/25/2023,HSA,MS,ASO,CE,Federal Contract Tower,0,0,13,53,66,0,0,39,41,80,0,0,52,94,146,78,78,156,302
04/26/2023,HSA,MS,ASO,CE,Federal Contract Tower,0,0,10,59,69,0,2,29,43,74,0,2,39,102,143,78,56,134,277
04/27/2023,HSA,MS,ASO,CE,Federal Contract Tower,0,0,0,11,11,0,1,11,12,24,0,1,11,23,35,2,18,20,55
04/28/2023,HSA,MS,ASO,CE,Federal Contract Tower,0,0,18,32,50,0,3,20,23,46,0,3,38,55,96,20,117,137,233
04/29/2023,HSA,MS,ASO,CE,Federal Contract Tower,0,0,1,3,4,0,2,6,0,8,0,2,7,3,12,54,0,54,66
04/30/2023,HSA,MS,ASO,CE,Federal Contract Tower,0,0,5,0,5,0,0,25,0,25,0,0,30,0,30,0,0,0,30
05/01/2023,HSA,MS,ASO,CE,Federal Contract Tower,0,0,8,69,77,0,1,26,39,66,0,1,34,108,143,18,30,48,191
05/02/2023,HSA,MS,ASO,CE,Federal Contract Tower,0,0,8,62,70,0,1,24,53,78,0,1,32,115,148,38,121,159,307
05/03/2023,HSA,MS,ASO,CE,Federal Contract Tower,0,0,24,61,85,0,1,25,54,80,0,1,49,115,165,84,92,176,341
05/04/2023,HSA,MS,ASO,CE,Federal Contract Tower,0,1,14,64,79,0,0,20,46,66,0,1,34,110,145,0,36,36,181
05/05/2023,HSA,MS,ASO,CE,Federal Contract Tower,0,0,9,9,18,0,0,8,4,12,0,0,17,13,30,0,0,0,30
05/06/2023,HSA,MS,ASO,CE,Federal Contract Tower,0,0,6,0,6,0,0,2,0,2,0,0,8,0,8,0,0,0,8
05/07/2023,HSA,MS,ASO,CE,Federal Contract Tower,0,0,10,0,10,0,0,30,0,30,0,0,40,0,40,10,0,10,50
05/08/2023,HSA,MS,ASO,CE,Federal Contract Tower,0,0,4,24,28,0,2,19,5,26,0,2,23,29,54,0,14,14,68
05/09/2023,HSA,MS,ASO,CE,Federal Contract Tower,0,0,6,13,19,0,1,15,5,21,0,1,21,18,40,0,20,20,60
05/10/2023,HSA,MS,ASO,CE,Federal Contract Tower,0,1,11,52,64,0,2,26,28,56,0,3,37,80,120,59,63,122,242
05/11/2023,HSA,MS,ASO,CE,Federal Contract Tower,0,0,7,26,33,0,0,10,7,17,0,0,17,33,50,1,13,14,64
05/12/2023,HSA,MS,ASO,CE,Federal Contract Tower,0,3,1,56,60,0,3,5,14,22,0,6,6,70,82,26,6,32,114
05/13/2023,HSA,MS,ASO,CE,Federal Contract Tower,0,0,4,13,17,0,2,27,8,37,0,2,31,21,54,0,0,0,54
05/14/2023,HSA,MS,ASO,CE,Federal Contract Tower,0,2,3,7,12,0,1,10,2,13,0,3,13,9,25,2,0,2,27
05/15/2023,HSA,MS,ASO,CE,Federal Contract Tower,0,0,4,47,51,0,0,22,25,47,0,0,26,72,98,4,30,34,132
05/16/2023,HSA,MS,ASO,CE,Federal Contract Tower,0,1,14,36,51,0,1,40,24,65,0,2,54,60,116,2,8,10,126
05/17/2023,HSA,MS,ASO,CE,Federal Contract Tower,0,1,9,28,38,0,2,19,11,32,0,3,28,39,70,4,10,14,84
05/18/2023,HSA,MS,ASO,CE,Federal Contract Tower,0,0,4,78,82,0,4,25,61,90,0,4,29,139,172,0,82,82,254
05/19/2023,HSA,MS,ASO,CE,Federal Contract Tower,0,1,10,44,55,0,4,18,20,42,0,5,28,64,97,10,68,78,175
05/20/2023,HSA,MS,ASO,CE,Federal Contract Tower,0,0,5,16,21,0,2,9,8,19,0,2,14,24,40,0,10,10,50
05/21/2023,HSA,MS,ASO,CE,Federal Contract Tower,0,1,6,19,26,0,5,25,12,42,0,6,31,31,68,34,2,36,104
05/22/2023,HSA,MS,ASO,CE,Federal Contract Tower,0,2,12,109,123,0,1,39,51,91,0,3,51,160,214,17,150,167,381
05/23/2023,HSA,MS,ASO,CE,Federal Contract Tower,0,0,29,61,90,0,4,27,37,68,0,4,56,98,158,12,166,178,336
05/24/2023,HSA,MS,ASO,CE,Federal Contract Tower,0,0,26,37,63,0,3,14,5,22,0,3,40,42,85,46,42,88,173
05/25/2023,HSA,MS,ASO,CE,Federal Contract Tower,0,0,18,57,75,0,0,31,30,61,0,0,49,87,136,41,21,62,198
05/26/2023,HSA,MS,ASO,CE,Federal Contract Tower,0,3,19,13,35,0,7,26,10,43,0,10,45,23,78,10,0,10,88
05/27/2023,HSA,MS,ASO,CE,Federal Contract Tower,0,3,20,2,25,0,4,5,1,10,0,7,25,3,35,10,2,12,47
05/28/2023,HSA,MS,ASO,CE,Federal Contract Tower,0,0,18,5,23,0,0,18,1,19,0,0,36,6,42,42,0,42,84
05/29/2023,HSA,MS,ASO,CE,Federal Contract Tower,0,0,3,0,3,0,12,17,0,29,0,12,20,0,32,38,0,38,70
05/30/2023,HSA,MS,ASO,CE,Federal Contract Tower,0,0,11,38,49,0,4,5,18,27,0,4,16,56,76,12,44,56,132
05/31/2023,HSA,MS,ASO,CE,Federal Contract Tower,0,0,19,80,99,0,6,33,25,64,0,6,52,105,163,44,42,86,249
06/01/2023,HSA,MS,ASO,CE,Federal Contract Tower,0,0,10,69,79,0,3,29,34,66,0,3,39,103,145,48,54,102,247
06/02/2023,HSA,MS,ASO,CE,Federal Contract Tower,0,1,19,73,93,0,5,20,36,61,0,6,39,109,154,30,50,80,234
06/03/2023,HSA,MS,ASO,CE,Federal Contract Tower,0,1,14,0,15,0,0,6,2,8,0,1,20,2,23,0,0,0,23
06/04/2023,HSA,MS,ASO,CE,Federal Contract Tower,0,1,8,3,12,0,0,23,9,32,0,1,31,12,44,44,2,46,90
06/05/2023,HSA,MS,ASO,CE,Federal Contract Tower,0,0,33,45,78,0,2,20,33,55,0,2,53,78,133,10,38,48,181
06/06/2023,HSA,MS,ASO,CE,Federal Contract Tower,0,0,12,16,28,0,0,17,16,33,0,0,29,32,61,2,26,28,89
06/07/2023,HSA,MS,ASO,CE,Federal Contract Tower,0,2,14,92,108,0,2,21,40,63,0,4,35,132,171,8,46,54,225
06/08/2023,HSA,MS,ASO,CE,Federal Contract Tower,0,0,26,29,55,0,0,21,16,37,0,0,47,45,92,30,36,66,158
06/09/2023,HSA,MS,ASO,CE,Federal Contract Tower,0,4,19,87,110,0,0,39,37,76,0,4,58,124,186,14,62,76,262
06/10/2023,HSA,MS,ASO,CE,Federal Contract Tower,0,0,21,0,21,0,0,2,0,2,0,0,23,0,23,18,0,18,41
06/11/2023,HSA,MS,ASO,CE,Federal Contract Tower,0,0,10,9,19,0,0,19,5,24,0,0,29,14,43,24,28,52,95
06/12/2023,HSA,MS,ASO,CE,Federal Contract Tower,0,1,9,53,63,0,6,14,24,44,0,7,23,77,107,0,68,68,175
06/13/2023,HSA,MS,ASO,CE,Federal Contract Tower,0,0,26,71,97,0,3,28,47,78,0,3,54,118,175,26,74,100,275
06/14/2023,HSA,MS,ASO,CE,Federal Contract Tower,0,0,20,64,84,0,3,9,37,49,0,3,29,101,133,4,52,56,189
06/15/2023,HSA,MS,ASO,CE,Federal Contract Tower,0,3,17,9,29,0,0,12,8,20,0,3,29,17,49,0,12,12,61
06/16/2023,HSA,MS,ASO,CE,Federal Contract Tower,0,3,20,28,51,0,0,28,5,33,0,3,48,33,84,26,4,30,114
06/17/2023,HSA,MS,ASO,CE,Federal Contract Tower,0,1,11,4,16,0,0,7,3,10,0,1,18,7,26,72,18,90,116
06/18/2023,HSA,MS,ASO,CE,Federal Contract Tower,0,1,4,2,7,0,0,8,4,12,0,1,12,6,19,6,8,14,33
06/19/2023,HSA,MS,ASO,CE,Federal Contract Tower,0,1,6,0,7,0,3,5,0,8,0,4,11,0,15,8,0,8,23
06/20/2023,HSA,MS,ASO,CE,Federal Contract Tower,0,0,2,17,19,0,4,8,13,25,0,4,10,30,44,6,22,28,72
06/21/2023,HSA,MS,ASO,CE,Federal Contract Tower,0,0,9,62,71,0,1,29,35,65,0,1,38,97,136,0,86,86,222
06/22/2023,HSA,MS,ASO,CE,Federal Contract Tower,0,1,23,42,66,0,0,22,20,42,0,1,45,62,108,4,8,12,120
06/23/2023,HSA,MS,ASO,CE,Federal Contract Tower,0,0,15,43,58,0,0,25,21,46,0,0,40,64,104,14,12,26,130
06/24/2023,HSA,MS,ASO,CE,Federal Contract Tower,0,4,8,10,22,0,0,11,5,16,0,4,19,15,38,30,24,54,92
06/25/2023,HSA,MS,ASO,CE,Federal Contract Tower,0,0,3,16,19,0,0,22,1,23,0,0,25,17,42,40,8,48,90
06/26/2023,HSA,MS,ASO,CE,Federal Contract Tower,0,0,15,37,52,0,8,21,22,51,0,8,36,59,103,6,34,40,143
06/27/2023,HSA,MS,ASO,CE,Federal Contract Tower,0,0,6,75,81,0,24,48,17,89,0,24,54,92,170,8,34,42,212
06/28/2023,HSA,MS,ASO,CE,Federal Contract Tower,0,7,30,53,90,0,11,33,38,82,0,18,63,91,172,54,44,98,270
06/29/2023,HSA,MS,ASO,CE,Federal Contract Tower,0,0,9,61,70,0,0,52,32,84,0,0,61,93,154,48,38,86,240
06/30/2023,HSA,MS,ASO,CE,Federal Contract Tower,0,0,11,19,30,0,0,28,13,41,0,0,39,32,71,52,24,76,147
07/01/2023,HSA,MS,ASO,CE,Federal Contract Tower,0,0,12,0,12,0,0,14,0,14,0,0,26,0,26,68,0,68,94
07/02/2023,HSA,MS,ASO,CE,Federal Contract Tower,0,0,12,0,12,0,0,9,0,9,0,0,21,0,21,2,0,2,23
07/03/2023,HSA,MS,ASO,CE,Federal Contract Tower,0,0,5,0,5,0,0,19,0,19,0,0,24,0,24,54,0,54,78
07/04/2023,HSA,MS,ASO,CE,Federal Contract Tower,0,0,8,0,8,0,0,17,0,17,0,0,25,0,25,4,0,4,29
07/05/2023,HSA,MS,ASO,CE,Federal Contract Tower,0,3,3,44,50,0,7,24,27,58,0,10,27,71,108,50,22,72,180
07/06/2023,HSA,MS,ASO,CE,Federal Contract Tower,0,4,14,44,62,0,2,35,34,71,0,6,49,78,133,50,22,72,205
07/07/2023,HSA,MS,ASO,CE,Federal Contract Tower,0,1,5,56,62,0,1,18,26,45,0,2,23,82,107,44,36,80,187
07/08/2023,HSA,MS,ASO,CE,Federal Contract Tower,0,0,6,2,8,0,0,11,0,11,0,0,17,2,19,6,0,6,25
07/09/2023,HSA,MS,ASO,CE,Federal Contract Tower,0,0,2,0,2,0,0,13,0,13,0,0,15,0,15,2,0,2,17
07/10/2023,HSA,MS,ASO,CE,Federal Contract Tower,0,0,16,10,26,0,3,26,0,29,0,3,42,10,55,14,0,14,69
07/11/2023,HSA,MS,ASO,CE,Federal Contract Tower,0,3,7,46,56,0,8,15,19,42,0,11,22,65,98,4,40,44,142
07/12/2023,HSA,MS,ASO,CE,Federal Contract Tower,0,0,20,22,42,0,5,21,14,40,0,5,41,36,82,36,14,50,132
07/13/2023,HSA,MS,ASO,CE,Federal Contract Tower,0,3,2,39,44,0,2,4,41,47,0,5,6,80,91,0,72,72,163
07/14/2023,HSA,MS,ASO,CE,Federal Contract Tower,0,3,19,49,71,0,3,23,19,45,0,6,42,68,116,36,40,76,192
07/15/2023,HSA,MS,ASO,CE,Federal Contract Tower,0,0,18,21,39,0,0,12,4,16,0,0,30,25,55,4,0,4,59
07/16/2023,HSA,MS,ASO,CE,Federal Contract Tower,0,1,9,2,12,0,3,10,12,25,0,4,19,14,37,4,0,4,41
07/17/2023,HSA,MS,ASO,CE,Federal Contract Tower,0,3,23,55,81,0,2,27,47,76,0,5,50,102,157,24,40,64,221
07/18/2023,HSA,MS,ASO,CE,Federal Contract Tower,0,2,6,79,87,0,0,30,50,80,0,2,36,129,167,44,86,130,297
07/19/2023,HSA,MS,ASO,CE,Federal Contract Tower,0,4,13,52,69,0,0,20,39,59,0,4,33,91,128,24,76,100,228
07/20/2023,HSA,MS,ASO,CE,Federal Contract Tower,0,0,20,70,90,0,0,37,43,80,0,0,57,113,170,38,90,128,298
07/21/2023,HSA,MS,ASO,CE,Federal Contract Tower,0,0,29,70,99,0,0,30,35,65,0,0,59,105,164,34,72,106,270
07/22/2023,HSA,MS,ASO,CE,Federal Contract Tower,0,2,3,0,5,0,0,12,2,14,0,2,15,2,19,26,0,26,45
07/23/2023,HSA,MS,ASO,CE,Federal Contract Tower,0,2,3,0,5,0,3,13,0,16,0,5,16,0,21,22,0,22,43
07/24/2023,HSA,MS,ASO,CE,Federal Contract Tower,0,4,11,55,70,0,1,40,41,82,0,5,51,96,152,50,70,120,272
07/25/2023,HSA,MS,ASO,CE,Federal Contract Tower,0,0,23,94,117,0,0,49,41,90,0,0,72,135,207,18,72,90,297
07/26/2023,HSA,MS,ASO,CE,Federal Contract Tower,0,4,5,56,65,0,0,31,46,77,0,4,36,102,142,28,80,108,250
07/27/2023,HSA,MS,ASO,CE,Federal Contract Tower,0,2,13,63,78,0,0,38,32,70,0,2,51,95,148,24,56,80,228
07/28/2023,HSA,MS,ASO,CE,Federal Contract Tower,0,0,1,62,63,0,0,20,26,46,0,0,21,88,109,32,30,62,171
07/29/2023,HSA,MS,ASO,CE,Federal Contract Tower,0,0,4,0,4,0,0,15,0,15,0,0,19,0,19,6,0,6,25
07/30/2023,HSA,MS,ASO,CE,Federal Contract Tower,0,0,4,11,15,0,0,16,6,22,0,0,20,17,37,12,0,12,49
07/31/2023,HSA,MS,ASO,CE,Federal Contract Tower,0,1,18,60,79,0,0,37,39,76,0,1,55,99,155,10,68,78,233
08/01/2023,HSA,MS,ASO,CE,Federal Contract Tower,0,0,19,53,72,0,0,37,45,82,0,0,56,98,154,36,46,82,236
08/02/2023,HSA,MS,ASO,CE,Federal Contract Tower,0,3,13,59,75,0,5,22,58,85,0,8,35,117,160,18,66,84,244
08/03/2023,HSA,MS,ASO,CE,Federal Contract Tower,0,4,14,67,85,0,4,29,35,68,0,8,43,102,153,14,100,114,267
08/04/2023,HSA,MS,ASO,CE,Federal Contract Tower,0,0,7,42,49,0,0,28,40,68,0,0,35,82,117,2,30,32,149
08/05/2023,HSA,MS,ASO,CE,Federal Contract Tower,0,0,7,8,15,0,0,19,2,21,0,0,26,10,36,46,0,46,82
08/06/2023,HSA,MS,ASO,CE,Federal Contract Tower,0,2,6,9,17,0,0,14,6,20,0,2,20,15,37,10,0,10,47
08/07/2023,HSA,MS,ASO,CE,Federal Contract Tower,0,3,8,60,71,0,5,17,44,66,0,8,25,104,137,8,56,64,201
08/08/2023,HSA,MS,ASO,CE,Federal Contract Tower,0,4,7,38,49,0,1,23,25,49,0,5,30,63,98,10,30,40,138
08/09/2023,HSA,MS,ASO,CE,Federal Contract Tower,0,0,9,115,124,0,6,21,43,70,0,6,30,158,194,8,72,80,274
08/10/2023,HSA,MS,ASO,CE,Federal Contract Tower,0,0,18,70,88,0,0,26,30,56,0,0,44,100,144,22,42,64,208
08/11/2023,HSA,MS,ASO,CE,Federal Contract Tower,0,1,0,58,59,0,0,13,25,38,0,1,13,83,97,10,38,48,145
08/12/2023,HSA,MS,ASO,CE,Federal Contract Tower,0,0,11,0,11,0,0,17,0,17,0,0,28,0,28,10,0,10,38
08/13/2023,HSA,MS,ASO,CE,Federal Contract Tower,0,1,16,20,37,0,0,41,4,45,0,1,57,24,82,81,0,81,163
08/14/2023,HSA,MS,ASO,CE,Federal Contract Tower,0,0,28,84,112,0,6,23,30,59,0,6,51,114,171,20,12,32,203
08/15/2023,HSA,MS,ASO,CE,Federal Contract Tower,0,0,9,42,51,0,2,10,13,25,0,2,19,55,76,6,32,38,114
08/16/2023,HSA,MS,ASO,CE,Federal Contract Tower,0,1,27,70,98,0,1,30,40,71,0,2,57,110,169,52,18,70,239
08/17/2023,HSA,MS,ASO,CE,Federal Contract Tower,0,0,12,59,71,0,0,31,39,70,0,0,43,98,141,8,52,60,201
08/18/2023,HSA,MS,ASO,CE,Federal Contract Tower,0,0,14,48,62,0,0,16,22,38,0,0,30,70,100,12,42,54,154
08/19/2023,HSA,MS,ASO,CE,Federal Contract Tower,0,1,9,17,27,0,0,21,10,31,0,1,30,27,58,10,60,70,128
08/20/2023,HSA,MS,ASO,CE,Federal Contract Tower,0,3,4,10,17,0,4,9,2,15,0,7,13,12,32,10,6,16,48
08/21/2023,HSA,MS,ASO,CE,Federal Contract Tower,0,4,13,35,52,0,0,11,31,42,0,4,24,66,94,0,32,32,126
08/22/2023,HSA,MS,ASO,CE,Federal Contract Tower,0,0,14,68,82,0,5,30,34,69,0,5,44,102,151,8,84,92,243
08/23/2023,HSA,MS,ASO,CE,Federal Contract Tower,0,2,9,65,76,0,8,42,35,85,0,10,51,100,161,6,20,26,187
08/24/2023,HSA,MS,ASO,CE,Federal Contract Tower,0,1,10,58,69,0,0,11,34,45,0,1,21,92,114,0,60,60,174
08/25/2023,HSA,MS,ASO,CE,Federal Contract Tower,0,1,14,61,76,0,0,26,26,52,0,1,40,87,128,20,40,60,188
08/26/2023,HSA,MS,ASO,CE,Federal Contract Tower,0,6,5,0,11,0,0,16,2,18,0,6,21,2,29,8,6,14,43
08/27/2023,HSA,MS,ASO,CE,Federal Contract Tower,0,1,4,10,15,0,2,16,5,23,0,3,20,15,38,9,0,9,47
08/28/2023,HSA,MS,ASO,CE,Federal Contract Tower,0,5,2,10,17,0,2,10,2,14,0,7,12,12,31,14,0,14,45
08/29/2023,HSA,MS,ASO,CE,Federal Contract Tower,0,5,6,13,24,0,1,19,9,29,0,6,25,22,53,6,36,42,95
08/30/2023,HSA,MS,ASO,CE,Federal Contract Tower,0,0,24,39,63,0,0,31,46,77,0,0,55,85,140,20,72,92,232
08/31/2023,HSA,MS,ASO,CE,Federal Contract Tower,0,2,17,33,52,0,0,13,13,26,0,2,30,46,78,28,16,44,122
