01/01/2000,HSV,AL,ASO,CE,Towers with Radar,21,11,18,0,50,7,0,3,0,10,28,11,21,0,60,10,0,10,70
01/02/2000,HSV,AL,ASO,CE,Towers with Radar,32,23,40,0,95,0,1,6,0,7,32,24,46,0,102,12,0,12,114
01/03/2000,HSV,AL,ASO,CE,Towers with Radar,32,17,15,9,73,15,0,0,0,15,47,17,15,9,88,4,34,38,126
01/04/2000,HSV,AL,ASO,CE,Towers with Radar,38,24,33,20,115,0,9,0,6,15,38,33,33,26,130,29,40,69,199
01/05/2000,HSV,AL,ASO,CE,Towers with Radar,44,26,33,12,115,3,2,23,0,28,47,28,56,12,143,51,42,93,236
01/06/2000,HSV,AL,ASO,CE,Towers with Radar,42,26,34,21,123,0,15,32,6,53,42,41,66,27,176,60,65,125,301
01/07/2000,HSV,AL,ASO,CE,Towers with Radar,43,31,44,27,145,0,0,16,50,66,43,31,60,77,211,86,218,304,515
01/08/2000,HSV,AL,ASO,CE,Towers with Radar,38,10,29,0,77,6,0,30,0,36,44,10,59,0,113,27,0,27,140
01/09/2000,HSV,AL,ASO,CE,Towers with Radar,25,15,15,6,61,11,9,0,0,20,36,24,15,6,81,16,0,16,97
01/10/2000,HSV,AL,ASO,CE,Towers with Radar,45,22,35,22,124,3,0,21,24,48,48,22,56,46,172,35,132,167,339
01/11/2000,HSV,AL,ASO,CE,Towers with Radar,48,27,37,23,135,0,0,46,5,51,48,27,83,28,186,31,82,113,299
01/12/2000,HSV,AL,ASO,CE,Towers with Radar,39,33,45,28,145,0,0,9,26,35,39,33,54,54,180,51,59,110,290
01/13/2000,HSV,AL,ASO,CE,Towers with Radar,51,26,42,26,145,0,0,13,27,40,51,26,55,53,185,102,66,168,353
01/14/2000,HSV,AL,ASO,CE,Towers with Radar,47,28,42,26,143,0,0,29,11,40,47,28,71,37,183,37,158,195,378
01/15/2000,HSV,AL,ASO,CE,Towers with Radar,36,17,29,0,82,0,0,77,0,77,36,17,106,0,159,29,0,29,188
01/16/2000,HSV,AL,ASO,CE,Towers with Radar,38,20,30,0,88,0,0,6,0,6,38,20,36,0,94,2,0,2,96
01/17/2000,HSV,AL,ASO,CE,Towers with Radar,39,21,30,0,90,5,0,5,0,10,44,21,35,0,100,2,0,2,102
01/18/2000,HSV,AL,ASO,CE,Towers with Radar,44,28,41,19,132,0,0,15,0,15,44,28,56,19,147,36,0,36,183
01/19/2000,HSV,AL,ASO,CE,Towers with Radar,45,33,45,28,151,0,0,32,1,33,45,33,77,29,184,48,42,90,274
01/20/2000,HSV,AL,ASO,CE,Towers with Radar,43,26,34,22,125,6,3,19,1,29,49,29,53,23,154,70,87,157,311
01/21/2000,HSV,AL,ASO,CE,Towers with Radar,49,30,39,12,130,0,4,48,0,52,49,34,87,12,182,30,69,99,281
01/22/2000,HSV,AL,ASO,CE,Towers with Radar,12,8,2,0,22,13,4,0,0,17,25,12,2,0,39,0,1,1,40
01/23/2000,HSV,AL,ASO,CE,Towers with Radar,34,14,27,4,79,6,0,12,0,18,40,14,39,4,97,6,0,6,103
01/24/2000,HSV,AL,ASO,CE,Towers with Radar,42,14,33,21,110,10,0,4,6,20,52,14,37,27,130,12,114,126,256
01/25/2000,HSV,AL,ASO,CE,Towers with Radar,45,25,36,22,128,0,0,26,12,38,45,25,62,34,166,25,80,105,271
01/26/2000,HSV,AL,ASO,CE,Towers with Radar,50,27,41,25,143,0,0,21,24,45,50,27,62,49,188,33,74,107,295
01/27/2000,HSV,AL,ASO,CE,Towers with Radar,38,23,43,26,130,0,0,11,35,46,38,23,54,61,176,86,73,159,335
01/28/2000,HSV,AL,ASO,CE,Towers with Radar,20,11,10,0,41,12,16,0,0,28,32,27,10,0,69,2,0,2,71
01/29/2000,HSV,AL,ASO,CE,Towers with Radar,11,5,2,0,18,13,5,0,0,18,24,10,2,0,36,0,0,0,36
01/30/2000,HSV,AL,ASO,CE,Towers with Radar,23,14,21,0,58,0,7,15,0,22,23,21,36,0,80,18,0,18,98
01/31/2000,HSV,AL,ASO,CE,Towers with Radar,37,25,35,10,107,0,2,20,0,22,37,27,55,10,129,9,76,85,214
02/01/2000,HSV,AL,ASO,CE,Towers with Radar,39,23,40,21,123,12,0,33,2,47,51,23,73,23,170,38,75,113,283
02/02/2000,HSV,AL,ASO,CE,Towers with Radar,50,27,53,27,157,0,0,33,27,60,50,27,86,54,217,87,93,180,397
02/03/2000,HSV,AL,ASO,CE,Towers with Radar,44,26,46,23,139,2,0,21,18,41,46,26,67,41,180,47,97,144,324
02/04/2000,HSV,AL,ASO,CE,Towers with Radar,48,29,49,23,149,0,1,21,0,22,48,30,70,23,171,36,70,106,277
02/05/2000,HSV,AL,ASO,CE,Towers with Radar,31,17,32,0,80,1,0,69,0,70,32,17,101,0,150,82,0,82,232
02/06/2000,HSV,AL,ASO,CE,Towers with Radar,35,19,36,2,92,7,0,52,0,59,42,19,88,2,151,40,3,43,194
02/07/2000,HSV,AL,ASO,CE,Towers with Radar,39,24,41,15,119,3,6,36,0,45,42,30,77,15,164,46,45,91,255
02/08/2000,HSV,AL,ASO,CE,Towers with Radar,35,27,47,23,132,0,13,42,2,57,35,40,89,25,189,78,109,187,376
02/09/2000,HSV,AL,ASO,CE,Towers with Radar,38,29,49,23,139,0,1,34,5,40,38,30,83,28,179,31,81,112,291
02/10/2000,HSV,AL,ASO,CE,Towers with Radar,47,29,48,24,148,10,1,0,16,27,57,30,48,40,175,51,94,145,320
02/11/2000,HSV,AL,ASO,CE,Towers with Radar,46,28,53,24,151,0,0,22,14,36,46,28,75,38,187,60,38,98,285
02/12/2000,HSV,AL,ASO,CE,Towers with Radar,26,12,28,1,67,14,0,3,0,17,40,12,31,1,84,6,0,6,90
02/13/2000,HSV,AL,ASO,CE,Towers with Radar,22,14,18,3,57,17,5,0,0,22,39,19,18,3,79,7,12,19,98
02/14/2000,HSV,AL,ASO,CE,Towers with Radar,48,18,53,26,145,0,0,27,11,38,48,18,80,37,183,46,21,67,250
02/15/2000,HSV,AL,ASO,CE,Towers with Radar,45,28,69,34,176,0,0,64,13,77,45,28,133,47,253,144,72,216,469
02/16/2000,HSV,AL,ASO,CE,Towers with Radar,42,31,56,27,156,0,1,36,4,41,42,32,92,31,197,191,65,256,453
02/17/2000,HSV,AL,ASO,CE,Towers with Radar,44,27,44,24,139,0,2,0,6,8,44,29,44,30,147,62,52,114,261
02/18/2000,HSV,AL,ASO,CE,Towers with Radar,40,23,41,4,108,6,1,17,0,24,46,24,58,4,132,23,0,23,155
02/19/2000,HSV,AL,ASO,CE,Towers with Radar,33,24,42,0,99,0,6,22,0,28,33,30,64,0,127,42,0,42,169
02/20/2000,HSV,AL,ASO,CE,Towers with Radar,35,20,36,14,105,3,2,42,0,47,38,22,78,14,152,47,4,51,203
02/21/2000,HSV,AL,ASO,CE,Towers with Radar,39,23,41,2,105,1,6,40,0,47,40,29,81,2,152,71,0,71,223
02/22/2000,HSV,AL,ASO,CE,Towers with Radar,45,29,52,18,144,0,4,42,0,46,45,33,94,18,190,82,37,119,309
02/23/2000,HSV,AL,ASO,CE,Towers with Radar,46,32,57,29,164,0,2,41,11,54,46,34,98,40,218,54,158,212,430
02/24/2000,HSV,AL,ASO,CE,Towers with Radar,50,26,52,19,147,0,0,13,0,13,50,26,65,19,160,41,114,155,315
02/25/2000,HSV,AL,ASO,CE,Towers with Radar,40,27,50,22,139,0,0,42,0,42,40,27,92,22,181,64,46,110,291
02/26/2000,HSV,AL,ASO,CE,Towers with Radar,24,14,23,12,73,6,4,20,10,40,30,18,43,22,113,23,0,23,136
02/27/2000,HSV,AL,ASO,CE,Towers with Radar,35,17,35,2,89,7,0,26,0,33,42,17,61,2,122,48,10,58,180
02/28/2000,HSV,AL,ASO,CE,Towers with Radar,44,23,44,23,134,6,0,32,16,54,50,23,76,39,188,55,195,250,438
02/29/2000,HSV,AL,ASO,CE,Towers with Radar,48,31,54,27,160,0,1,37,24,62,48,32,91,51,222,67,99,166,388
03/01/2000,HSV,AL,ASO,CE,Towers with Radar,49,31,54,22,156,0,3,5,8,16,49,34,59,30,172,17,163,180,352
03/02/2000,HSV,AL,ASO,CE,Towers with Radar,48,22,57,24,151,0,0,55,23,78,48,22,112,47,229,63,133,196,425
03/03/2000,HSV,AL,ASO,CE,Towers with Radar,38,26,44,14,122,0,7,5,0,12,38,33,49,14,134,29,14,43,177
03/04/2000,HSV,AL,ASO,CE,Towers with Radar,28,16,31,2,77,9,0,51,0,60,37,16,82,2,137,26,0,26,163
03/05/2000,HSV,AL,ASO,CE,Towers with Radar,30,14,33,11,88,15,0,51,0,66,45,14,84,11,154,43,7,50,204
03/06/2000,HSV,AL,ASO,CE,Towers with Radar,44,28,48,21,141,1,1,47,2,51,45,29,95,23,192,69,88,157,349
03/07/2000,HSV,AL,ASO,CE,Towers with Radar,37,33,56,24,150,0,8,47,22,77,37,41,103,46,227,63,83,146,373
03/08/2000,HSV,AL,ASO,CE,Towers with Radar,31,25,46,19,121,0,0,35,22,57,31,25,81,41,178,25,47,72,250
03/09/2000,HSV,AL,ASO,CE,Towers with Radar,40,26,47,7,120,0,0,7,0,7,40,26,54,7,127,54,2,56,183
03/10/2000,HSV,AL,ASO,CE,Towers with Radar,42,27,46,6,121,9,4,12,0,25,51,31,58,6,146,5,12,17,163
03/11/2000,HSV,AL,ASO,CE,Towers with Radar,17,12,17,0,46,13,4,0,0,17,30,16,17,0,63,2,0,2,65
03/12/2000,HSV,AL,ASO,CE,Towers with Radar,38,10,41,2,91,13,0,43,0,56,51,10,84,2,147,44,8,52,199
03/13/2000,HSV,AL,ASO,CE,Towers with Radar,43,27,47,20,137,2,1,23,32,58,45,28,70,52,195,61,69,130,325
03/14/2000,HSV,AL,ASO,CE,Towers with Radar,41,32,56,23,152,0,3,45,16,64,41,35,101,39,216,78,84,162,378
03/15/2000,HSV,AL,ASO,CE,Towers with Radar,47,34,60,24,165,0,1,10,7,18,47,35,70,31,183,37,76,113,296
03/16/2000,HSV,AL,ASO,CE,Towers with Radar,46,28,46,20,140,0,8,0,5,13,46,36,46,25,153,13,7,20,173
03/17/2000,HSV,AL,ASO,CE,Towers with Radar,44,29,53,7,133,0,8,22,0,30,44,37,75,7,163,18,6,24,187
03/18/2000,HSV,AL,ASO,CE,Towers with Radar,33,19,38,0,90,0,0,34,0,34,33,19,72,0,124,19,0,19,143
03/19/2000,HSV,AL,ASO,CE,Towers with Radar,24,14,15,3,56,20,10,0,0,30,44,24,15,3,86,2,0,2,88
03/20/2000,HSV,AL,ASO,CE,Towers with Radar,53,25,62,25,165,0,0,23,12,35,53,25,85,37,200,54,114,168,368
03/21/2000,HSV,AL,ASO,CE,Towers with Radar,43,30,54,23,150,0,12,29,0,41,43,42,83,23,191,54,175,229,420
03/22/2000,HSV,AL,ASO,CE,Towers with Radar,49,28,55,23,155,0,0,52,5,57,49,28,107,28,212,65,56,121,333
03/23/2000,HSV,AL,ASO,CE,Towers with Radar,41,33,60,25,159,0,2,56,10,68,41,35,116,35,227,83,63,146,373
03/24/2000,HSV,AL,ASO,CE,Towers with Radar,52,27,61,17,157,0,0,70,0,70,52,27,131,17,227,72,78,150,377
03/25/2000,HSV,AL,ASO,CE,Towers with Radar,38,11,41,2,92,6,0,29,0,35,44,11,70,2,127,44,0,44,171
03/26/2000,HSV,AL,ASO,CE,Towers with Radar,21,12,24,4,61,0,2,15,0,17,21,14,39,4,78,24,0,24,102
03/27/2000,HSV,AL,ASO,CE,Towers with Radar,44,20,48,20,132,6,0,18,26,50,50,20,66,46,182,66,40,106,288
03/28/2000,HSV,AL,ASO,CE,Towers with Radar,42,26,48,14,130,0,7,24,0,31,42,33,72,14,161,20,33,53,214
03/29/2000,HSV,AL,ASO,CE,Towers with Radar,47,29,49,18,143,2,3,0,0,5,49,32,49,18,148,56,42,98,246
03/30/2000,HSV,AL,ASO,CE,Towers with Radar,40,29,52,22,143,0,0,0,8,8,40,29,52,30,151,49,174,223,374
03/31/2000,HSV,AL,ASO,CE,Towers with Radar,45,20,48,10,123,14,0,51,0,65,59,20,99,10,188,22,5,27,215
04/01/2000,HSV,AL,ASO,CE,Towers with Radar,39,25,43,2,109,0,7,29,0,36,39,32,72,2,145,75,0,75,220
04/02/2000,HSV,AL,ASO,CE,Towers with Radar,24,16,17,2,59,23,4,0,0,27,47,20,17,2,86,3,0,3,89
04/03/2000,HSV,AL,ASO,CE,Towers with Radar,25,17,22,0,64,16,10,0,0,26,41,27,22,0,90,0,0,0,90
04/04/2000,HSV,AL,ASO,CE,Towers with Radar,46,29,51,18,144,8,0,10,0,18,54,29,61,18,162,35,44,79,241
04/05/2000,HSV,AL,ASO,CE,Towers with Radar,43,33,57,22,155,0,2,47,32,81,43,35,104,54,236,79,109,188,424
04/06/2000,HSV,AL,ASO,CE,Towers with Radar,49,24,55,20,148,0,0,38,0,38,49,24,93,20,186,42,75,117,303
04/07/2000,HSV,AL,ASO,CE,Towers with Radar,39,31,55,21,146,0,2,36,12,50,39,33,91,33,196,20,69,89,285
04/08/2000,HSV,AL,ASO,CE,Towers with Radar,31,11,35,4,81,8,0,21,0,29,39,11,56,4,110,47,0,47,157
04/09/2000,HSV,AL,ASO,CE,Towers with Radar,40,26,44,4,114,0,0,54,0,54,40,26,98,4,168,41,0,41,209
04/10/2000,HSV,AL,ASO,CE,Towers with Radar,44,32,55,20,151,0,2,19,44,65,44,34,74,64,216,49,247,296,512
04/11/2000,HSV,AL,ASO,CE,Towers with Radar,46,30,52,14,142,0,7,2,0,9,46,37,54,14,151,20,30,50,201
04/12/2000,HSV,AL,ASO,CE,Towers with Radar,37,40,59,26,162,0,3,0,53,56,37,43,59,79,218,64,180,244,462
04/13/2000,HSV,AL,ASO,CE,Towers with Radar,53,21,51,15,140,7,0,0,0,7,60,21,51,15,147,13,36,49,196
04/14/2000,HSV,AL,ASO,CE,Towers with Radar,50,26,58,21,155,0,0,16,4,20,50,26,74,25,175,28,49,77,252
04/15/2000,HSV,AL,ASO,CE,Towers with Radar,34,18,51,14,117,0,0,26,0,26,34,18,77,14,143,32,0,32,175
04/16/2000,HSV,AL,ASO,CE,Towers with Radar,37,18,39,6,100,6,0,37,0,43,43,18,76,6,143,51,0,51,194
04/17/2000,HSV,AL,ASO,CE,Towers with Radar,36,22,39,15,112,10,5,6,13,34,46,27,45,28,146,39,109,148,294
04/18/2000,HSV,AL,ASO,CE,Towers with Radar,43,30,53,20,146,0,2,35,3,40,43,32,88,23,186,26,23,49,235
04/19/2000,HSV,AL,ASO,CE,Towers with Radar,55,21,60,22,158,8,0,62,6,76,63,21,122,28,234,58,89,147,381
04/20/2000,HSV,AL,ASO,CE,Towers with Radar,50,30,70,26,176,0,1,16,3,20,50,31,86,29,196,50,100,150,346
04/21/2000,HSV,AL,ASO,CE,Towers with Radar,40,33,60,2,135,0,4,26,0,30,40,37,86,2,165,27,16,43,208
04/22/2000,HSV,AL,ASO,CE,Towers with Radar,31,15,34,0,80,3,0,34,0,37,34,15,68,0,117,39,0,39,156
04/23/2000,HSV,AL,ASO,CE,Towers with Radar,33,21,36,1,91,2,4,17,0,23,35,25,53,1,114,29,0,29,143
04/24/2000,HSV,AL,ASO,CE,Towers with Radar,34,21,27,7,89,12,7,0,0,19,46,28,27,7,108,6,0,6,114
04/25/2000,HSV,AL,ASO,CE,Towers with Radar,45,34,59,22,160,0,0,26,8,34,45,34,85,30,194,111,73,184,378
04/26/2000,HSV,AL,ASO,CE,Towers with Radar,45,30,54,20,149,0,4,30,24,58,45,34,84,44,207,56,111,167,374
04/27/2000,HSV,AL,ASO,CE,Towers with Radar,46,24,50,18,138,8,0,42,13,63,54,24,92,31,201,65,158,223,424
04/28/2000,HSV,AL,ASO,CE,Towers with Radar,43,31,53,14,141,0,9,37,0,46,43,40,90,14,187,39,67,106,293
04/29/2000,HSV,AL,ASO,CE,Towers with Radar,29,18,33,0,80,0,0,64,0,64,29,18,97,0,144,66,0,66,210
04/30/2000,HSV,AL,ASO,CE,Towers with Radar,34,22,38,3,97,0,8,62,0,70,34,30,100,3,167,45,2,47,214
05/01/2000,HSV,AL,ASO,CE,Towers with Radar,49,23,63,42,177,0,0,43,2,45,49,23,106,44,222,72,178,250,472
05/02/2000,HSV,AL,ASO,CE,Towers with Radar,48,30,47,27,152,0,0,18,1,19,48,30,65,28,171,37,56,93,264
05/03/2000,HSV,AL,ASO,CE,Towers with Radar,45,30,52,8,135,0,0,34,2,36,45,30,86,10,171,21,0,21,192
05/04/2000,HSV,AL,ASO,CE,Towers with Radar,45,31,53,17,146,0,6,30,13,49,45,37,83,30,195,42,120,162,357
05/05/2000,HSV,AL,ASO,CE,Towers with Radar,47,32,58,27,164,0,0,40,1,41,47,32,98,28,205,37,169,206,411
05/06/2000,HSV,AL,ASO,CE,Towers with Radar,38,15,18,0,71,0,0,47,3,50,38,15,65,3,121,96,0,96,217
05/07/2000,HSV,AL,ASO,CE,Towers with Radar,41,29,49,5,124,0,0,51,1,52,41,29,100,6,176,43,0,43,219
05/08/2000,HSV,AL,ASO,CE,Towers with Radar,43,31,53,42,169,0,0,46,2,48,43,31,99,44,217,83,124,207,424
05/09/2000,HSV,AL,ASO,CE,Towers with Radar,43,35,58,19,155,0,3,12,21,36,43,38,70,40,191,49,78,127,318
05/10/2000,HSV,AL,ASO,CE,Towers with Radar,42,34,56,19,151,0,2,48,6,56,42,36,104,25,207,103,37,140,347
05/11/2000,HSV,AL,ASO,CE,Towers with Radar,43,37,64,21,165,0,0,30,2,32,43,37,94,23,197,53,62,115,312
05/12/2000,HSV,AL,ASO,CE,Towers with Radar,43,40,62,17,162,0,0,44,1,45,43,40,106,18,207,50,38,88,295
05/13/2000,HSV,AL,ASO,CE,Towers with Radar,35,13,36,1,85,0,0,23,1,24,35,13,59,2,109,115,10,125,234
05/14/2000,HSV,AL,ASO,CE,Towers with Radar,30,19,34,3,86,0,11,28,0,39,30,30,62,3,125,47,0,47,172
05/15/2000,HSV,AL,ASO,CE,Towers with Radar,45,25,52,18,140,0,0,27,2,29,45,25,79,20,169,69,53,122,291
05/16/2000,HSV,AL,ASO,CE,Towers with Radar,55,28,62,20,165,1,0,55,24,80,56,28,117,44,245,39,130,169,414
05/17/2000,HSV,AL,ASO,CE,Towers with Radar,48,29,67,19,163,0,0,31,2,33,48,29,98,21,196,50,72,122,318
05/18/2000,HSV,AL,ASO,CE,Towers with Radar,54,20,53,18,145,0,1,23,2,26,54,21,76,20,171,26,64,90,261
05/19/2000,HSV,AL,ASO,CE,Towers with Radar,40,34,44,39,157,0,0,9,1,10,40,34,53,40,167,34,170,204,371
05/20/2000,HSV,AL,ASO,CE,Towers with Radar,24,18,31,2,75,0,14,9,0,23,24,32,40,2,98,53,1,54,152
05/21/2000,HSV,AL,ASO,CE,Towers with Radar,43,11,49,8,111,11,0,16,0,27,54,11,65,8,138,16,2,18,156
05/22/2000,HSV,AL,ASO,CE,Towers with Radar,45,30,51,16,142,2,2,28,5,37,47,32,79,21,179,40,92,132,311
05/23/2000,HSV,AL,ASO,CE,Towers with Radar,45,29,57,11,142,0,0,23,1,24,45,29,80,12,166,31,86,117,283
05/24/2000,HSV,AL,ASO,CE,Towers with Radar,38,47,61,20,166,0,0,25,4,29,38,47,86,24,195,26,78,104,299
05/25/2000,HSV,AL,ASO,CE,Towers with Radar,37,21,41,7,106,1,0,20,0,21,38,21,61,7,127,30,0,30,157
05/26/2000,HSV,AL,ASO,CE,Towers with Radar,45,32,50,5,132,0,0,16,1,17,45,32,66,6,149,0,12,12,161
05/27/2000,HSV,AL,ASO,CE,Towers with Radar,23,15,26,0,64,3,2,8,0,13,26,17,34,0,77,14,0,14,91
05/28/2000,HSV,AL,ASO,CE,Towers with Radar,25,18,29,0,72,8,5,19,0,32,33,23,48,0,104,15,0,15,119
05/29/2000,HSV,AL,ASO,CE,Towers with Radar,37,25,42,0,104,3,0,34,0,37,40,25,76,0,141,35,3,38,179
05/30/2000,HSV,AL,ASO,CE,Towers with Radar,48,37,40,30,155,0,0,38,0,38,48,37,78,30,193,49,39,88,281
05/31/2000,HSV,AL,ASO,CE,Towers with Radar,26,12,26,0,64,13,0,0,0,13,39,12,26,0,77,35,0,35,112
06/01/2000,HSV,AL,ASO,CE,Towers with Radar,48,32,54,25,159,5,0,57,0,62,53,32,111,25,221,47,46,93,314
06/02/2000,HSV,AL,ASO,CE,Towers with Radar,44,43,58,36,181,1,0,38,1,40,45,43,96,37,221,57,46,103,324
06/03/2000,HSV,AL,ASO,CE,Towers with Radar,35,20,28,0,83,1,0,32,0,33,36,20,60,0,116,27,0,27,143
06/04/2000,HSV,AL,ASO,CE,Towers with Radar,35,27,55,13,130,1,0,24,0,25,36,27,79,13,155,34,1,35,190
06/05/2000,HSV,AL,ASO,CE,Towers with Radar,31,25,25,8,89,9,11,0,0,20,40,36,25,8,109,23,0,23,132
06/06/2000,HSV,AL,ASO,CE,Towers with Radar,40,32,44,16,132,8,0,30,0,38,48,32,74,16,170,25,23,48,218
06/07/2000,HSV,AL,ASO,CE,Towers with Radar,40,36,49,23,148,0,10,44,2,56,40,46,93,25,204,95,96,191,395
06/08/2000,HSV,AL,ASO,CE,Towers with Radar,50,36,54,25,165,4,0,61,4,69,54,36,115,29,234,83,44,127,361
06/09/2000,HSV,AL,ASO,CE,Towers with Radar,48,31,54,15,148,0,0,38,0,38,48,31,92,15,186,29,45,74,260
06/10/2000,HSV,AL,ASO,CE,Towers with Radar,36,20,39,4,99,0,0,70,3,73,36,20,109,7,172,71,0,71,243
06/11/2000,HSV,AL,ASO,CE,Towers with Radar,42,24,42,3,111,0,0,30,0,30,42,24,72,3,141,48,0,48,189
06/12/2000,HSV,AL,ASO,CE,Towers with Radar,44,32,27,40,143,0,0,27,1,28,44,32,54,41,171,56,136,192,363
06/13/2000,HSV,AL,ASO,CE,Towers with Radar,48,26,50,19,143,0,0,12,0,12,48,26,62,19,155,31,90,121,276
06/14/2000,HSV,AL,ASO,CE,Towers with Radar,44,41,41,56,182,0,0,21,0,21,44,41,62,56,203,51,86,137,340
06/15/2000,HSV,AL,ASO,CE,Towers with Radar,41,32,45,22,140,1,5,9,3,18,42,37,54,25,158,26,57,83,241
06/16/2000,HSV,AL,ASO,CE,Towers with Radar,35,33,70,17,155,0,0,11,0,11,35,33,81,17,166,41,12,53,219
06/17/2000,HSV,AL,ASO,CE,Towers with Radar,29,23,42,4,98,0,1,24,0,25,29,24,66,4,123,49,0,49,172
06/18/2000,HSV,AL,ASO,CE,Towers with Radar,33,23,46,13,115,0,1,12,0,13,33,24,58,13,128,15,16,31,159
06/19/2000,HSV,AL,ASO,CE,Towers with Radar,44,27,48,22,141,0,0,18,0,18,44,27,66,22,159,64,46,110,269
06/20/2000,HSV,AL,ASO,CE,Towers with Radar,46,43,39,25,153,0,1,18,5,24,46,44,57,30,177,43,96,139,316
06/21/2000,HSV,AL,ASO,CE,Towers with Radar,41,39,56,26,162,0,4,16,17,37,41,43,72,43,199,65,104,169,368
06/22/2000,HSV,AL,ASO,CE,Towers with Radar,55,34,63,29,181,0,0,20,24,44,55,34,83,53,225,77,56,133,358
06/23/2000,HSV,AL,ASO,CE,Towers with Radar,44,35,62,28,169,0,0,51,7,58,44,35,113,35,227,87,130,217,444
06/24/2000,HSV,AL,ASO,CE,Towers with Radar,33,19,42,0,94,0,0,38,0,38,33,19,80,0,132,109,2,111,243
06/25/2000,HSV,AL,ASO,CE,Towers with Radar,43,28,58,0,129,0,0,30,0,30,43,28,88,0,159,66,2,68,227
06/26/2000,HSV,AL,ASO,CE,Towers with Radar,40,41,31,41,153,0,0,34,1,35,40,41,65,42,188,87,94,181,369
06/27/2000,HSV,AL,ASO,CE,Towers with Radar,38,37,41,24,140,0,4,22,0,26,38,41,63,24,166,37,84,121,287
06/28/2000,HSV,AL,ASO,CE,Towers with Radar,46,44,57,19,166,0,0,16,4,20,46,44,73,23,186,78,18,96,282
06/29/2000,HSV,AL,ASO,CE,Towers with Radar,52,33,56,22,163,0,0,23,1,24,52,33,79,23,187,62,63,125,312
06/30/2000,HSV,AL,ASO,CE,Towers with Radar,43,43,38,34,158,0,0,40,2,42,43,43,78,36,200,70,91,161,361
07/01/2000,HSV,AL,ASO,CE,Towers with Radar,35,24,28,0,87,0,1,43,0,44,35,25,71,0,131,86,0,86,217
07/02/2000,HSV,AL,ASO,CE,Towers with Radar,41,26,45,1,113,0,1,31,0,32,41,27,76,1,145,43,0,43,188
07/03/2000,HSV,AL,ASO,CE,Towers with Radar,29,26,26,0,81,0,1,24,0,25,29,27,50,0,106,46,0,46,152
07/04/2000,HSV,AL,ASO,CE,Towers with Radar,24,22,28,0,74,0,1,19,0,20,24,23,47,0,94,15,0,15,109
07/05/2000,HSV,AL,ASO,CE,Towers with Radar,34,36,36,23,129,0,1,26,3,30,34,37,62,26,159,68,71,139,298
07/06/2000,HSV,AL,ASO,CE,Towers with Radar,42,29,50,18,139,3,6,1,0,10,45,35,51,18,149,34,108,142,291
07/07/2000,HSV,AL,ASO,CE,Towers with Radar,42,38,64,31,175,0,2,30,3,35,42,40,94,34,210,65,132,197,407
07/08/2000,HSV,AL,ASO,CE,Towers with Radar,37,18,44,9,108,13,0,19,0,32,50,18,63,9,140,96,73,169,309
07/09/2000,HSV,AL,ASO,CE,Towers with Radar,37,24,53,5,119,0,1,23,0,24,37,25,76,5,143,34,0,34,177
07/10/2000,HSV,AL,ASO,CE,Towers with Radar,44,30,24,37,135,0,1,22,0,23,44,31,46,37,158,47,88,135,293
07/11/2000,HSV,AL,ASO,CE,Towers with Radar,47,37,60,25,169,0,2,12,31,45,47,39,72,56,214,60,108,168,382
07/12/2000,HSV,AL,ASO,CE,Towers with Radar,44,42,53,59,198,0,0,19,0,19,44,42,72,59,217,29,128,157,374
07/13/2000,HSV,AL,ASO,CE,Towers with Radar,41,39,61,40,181,0,0,25,3,28,41,39,86,43,209,61,127,188,397
07/14/2000,HSV,AL,ASO,CE,Towers with Radar,44,40,66,40,190,0,0,36,3,39,44,40,102,43,229,100,132,232,461
07/15/2000,HSV,AL,ASO,CE,Towers with Radar,35,27,68,4,134,0,0,77,1,78,35,27,145,5,212,54,0,54,266
07/16/2000,HSV,AL,ASO,CE,Towers with Radar,38,28,62,3,131,0,0,34,0,34,38,28,96,3,165,44,0,44,209
07/17/2000,HSV,AL,ASO,CE,Towers with Radar,43,27,50,20,140,0,0,36,4,40,43,27,86,24,180,41,53,94,274
07/18/2000,HSV,AL,ASO,CE,Towers with Radar,43,37,65,29,174,0,1,23,1,25,43,38,88,30,199,68,98,166,365
07/19/2000,HSV,AL,ASO,CE,Towers with Radar,47,36,41,63,187,0,0,23,1,24,47,36,64,64,211,68,55,123,334
07/20/2000,HSV,AL,ASO,CE,Towers with Radar,49,37,47,32,165,0,1,14,0,15,49,38,61,32,180,33,92,125,305
07/21/2000,HSV,AL,ASO,CE,Towers with Radar,56,25,65,17,163,0,0,20,1,21,56,25,85,18,184,34,26,60,244
07/22/2000,HSV,AL,ASO,CE,Towers with Radar,35,19,46,0,100,0,1,38,0,39,35,20,84,0,139,66,0,66,205
07/23/2000,HSV,AL,ASO,CE,Towers with Radar,40,25,48,2,115,19,0,24,0,43,59,25,72,2,158,31,0,31,189
07/24/2000,HSV,AL,ASO,CE,Towers with Radar,42,34,56,22,154,0,4,28,13,45,42,38,84,35,199,81,140,221,420
07/25/2000,HSV,AL,ASO,CE,Towers with Radar,47,35,79,21,182,0,1,38,2,41,47,36,117,23,223,49,48,97,320
07/26/2000,HSV,AL,ASO,CE,Towers with Radar,50,28,65,26,169,0,0,36,12,48,50,28,101,38,217,50,132,182,399
07/27/2000,HSV,AL,ASO,CE,Towers with Radar,41,41,60,31,173,0,0,34,3,37,41,41,94,34,210,31,128,159,369
07/28/2000,HSV,AL,ASO,CE,Towers with Radar,44,37,52,27,160,0,0,32,2,34,44,37,84,29,194,43,83,126,320
07/29/2000,HSV,AL,ASO,CE,Towers with Radar,29,22,45,2,98,0,1,32,0,33,29,23,77,2,131,52,2,54,185
07/30/2000,HSV,AL,ASO,CE,Towers with Radar,42,19,75,0,136,0,0,19,0,19,42,19,94,0,155,55,0,55,210
07/31/2000,HSV,AL,ASO,CE,Towers with Radar,39,29,48,11,127,3,4,15,0,22,42,33,63,11,149,36,2,38,187
08/01/2000,HSV,AL,ASO,CE,Towers with Radar,45,33,56,18,152,1,1,14,1,17,46,34,70,19,169,70,82,152,321
08/02/2000,HSV,AL,ASO,CE,Towers with Radar,42,32,50,45,169,0,2,11,1,14,42,34,61,46,183,52,92,144,327
08/03/2000,HSV,AL,ASO,CE,Towers with Radar,46,33,56,25,160,0,0,7,6,13,46,33,63,31,173,35,88,123,296
08/04/2000,HSV,AL,ASO,CE,Towers with Radar,46,24,57,13,140,0,2,28,1,31,46,26,85,14,171,40,70,110,281
08/05/2000,HSV,AL,ASO,CE,Towers with Radar,33,23,35,0,91,0,2,44,0,46,33,25,79,0,137,21,0,21,158
08/06/2000,HSV,AL,ASO,CE,Towers with Radar,31,20,34,9,94,1,5,39,0,45,32,25,73,9,139,77,0,77,216
08/07/2000,HSV,AL,ASO,CE,Towers with Radar,34,34,28,17,113,0,1,15,2,18,34,35,43,19,131,47,79,126,257
08/08/2000,HSV,AL,ASO,CE,Towers with Radar,51,33,55,25,164,0,2,34,2,38,51,35,89,27,202,114,120,234,436
08/09/2000,HSV,AL,ASO,CE,Towers with Radar,40,33,38,54,165,0,1,15,3,19,40,34,53,57,184,77,232,309,493
08/10/2000,HSV,AL,ASO,CE,Towers with Radar,47,35,40,9,131,0,1,11,3,15,47,36,51,12,146,43,37,80,226
08/11/2000,HSV,AL,ASO,CE,Towers with Radar,38,38,53,25,154,0,1,36,4,41,38,39,89,29,195,69,73,142,337
08/12/2000,HSV,AL,ASO,CE,Towers with Radar,31,20,46,13,110,0,1,33,2,36,31,21,79,15,146,38,14,52,198
08/13/2000,HSV,AL,ASO,CE,Towers with Radar,38,22,29,0,89,0,1,27,1,29,38,23,56,1,118,74,0,74,192
08/14/2000,HSV,AL,ASO,CE,Towers with Radar,46,38,26,18,128,0,1,39,3,43,46,39,65,21,171,47,130,177,348
08/15/2000,HSV,AL,ASO,CE,Towers with Radar,44,34,76,35,189,0,1,30,1,32,44,35,106,36,221,80,61,141,362
08/16/2000,HSV,AL,ASO,CE,Towers with Radar,45,38,41,25,149,0,1,39,1,41,45,39,80,26,190,86,107,193,383
08/17/2000,HSV,AL,ASO,CE,Towers with Radar,42,30,46,16,134,4,0,23,0,27,46,30,69,16,161,30,87,117,278
08/18/2000,HSV,AL,ASO,CE,Towers with Radar,45,34,65,10,154,0,2,32,4,38,45,36,97,14,192,37,33,70,262
08/19/2000,HSV,AL,ASO,CE,Towers with Radar,31,23,39,0,93,0,6,60,0,66,31,29,99,0,159,74,0,74,233
08/20/2000,HSV,AL,ASO,CE,Towers with Radar,39,21,41,5,106,2,0,41,0,43,41,21,82,5,149,41,20,61,210
08/21/2000,HSV,AL,ASO,CE,Towers with Radar,53,35,58,67,213,0,2,29,1,32,53,37,87,68,245,109,147,256,501
08/22/2000,HSV,AL,ASO,CE,Towers with Radar,34,15,36,2,87,3,0,65,0,68,37,15,101,2,155,41,0,41,196
08/23/2000,HSV,AL,ASO,CE,Towers with Radar,45,17,47,19,128,0,0,50,31,81,45,17,97,50,209,43,115,158,367
08/24/2000,HSV,AL,ASO,CE,Towers with Radar,45,37,33,17,132,0,1,25,2,28,45,38,58,19,160,41,51,92,252
08/25/2000,HSV,AL,ASO,CE,Towers with Radar,40,38,49,30,157,0,1,42,4,47,40,39,91,34,204,54,11,65,269
08/26/2000,HSV,AL,ASO,CE,Towers with Radar,43,21,23,0,87,0,1,32,0,33,43,22,55,0,120,100,0,100,220
08/27/2000,HSV,AL,ASO,CE,Towers with Radar,47,25,35,0,107,0,1,7,0,8,47,26,42,0,115,75,0,75,190
08/28/2000,HSV,AL,ASO,CE,Towers with Radar,57,33,50,37,177,0,1,24,4,29,57,34,74,41,206,105,118,223,429
08/29/2000,HSV,AL,ASO,CE,Towers with Radar,46,39,33,27,145,0,1,36,4,41,46,40,69,31,186,108,246,354,540
08/30/2000,HSV,AL,ASO,CE,Towers with Radar,44,35,62,26,167,1,1,44,3,49,45,36,106,29,216,163,74,237,453
08/31/2000,HSV,AL,ASO,CE,Towers with Radar,46,22,49,16,133,3,0,67,0,70,49,22,116,16,203,72,118,190,393
09/01/2000,HSV,AL,ASO,CE,Towers with Radar,47,29,50,12,138,2,0,26,0,28,49,29,76,12,166,78,83,161,327
09/02/2000,HSV,AL,ASO,CE,Towers with Radar,26,20,33,0,79,0,8,29,0,37,26,28,62,0,116,54,0,54,170
09/03/2000,HSV,AL,ASO,CE,Towers with Radar,24,25,39,0,88,2,0,19,0,21,26,25,58,0,109,32,0,32,141
09/04/2000,HSV,AL,ASO,CE,Towers with Radar,39,25,60,2,126,2,0,28,0,30,41,25,88,2,156,25,0,25,181
09/05/2000,HSV,AL,ASO,CE,Towers with Radar,49,35,62,27,173,0,0,20,1,21,49,35,82,28,194,67,36,103,297
09/06/2000,HSV,AL,ASO,CE,Towers with Radar,42,37,88,16,183,2,0,4,0,6,44,37,92,16,189,146,82,228,417
09/07/2000,HSV,AL,ASO,CE,Towers with Radar,46,37,91,40,214,0,0,10,4,14,46,37,101,44,228,83,54,137,365
09/08/2000,HSV,AL,ASO,CE,Towers with Radar,42,34,61,86,223,1,0,8,1,10,43,34,69,87,233,104,164,268,501
09/09/2000,HSV,AL,ASO,CE,Towers with Radar,35,23,48,2,108,2,0,19,1,22,37,23,67,3,130,29,0,29,159
09/10/2000,HSV,AL,ASO,CE,Towers with Radar,35,34,54,9,132,1,0,55,1,57,36,34,109,10,189,61,12,73,262
09/11/2000,HSV,AL,ASO,CE,Towers with Radar,35,38,35,43,151,0,0,29,0,29,35,38,64,43,180,84,129,213,393
09/12/2000,HSV,AL,ASO,CE,Towers with Radar,48,41,46,12,147,0,0,6,1,7,48,41,52,13,154,27,8,35,189
09/13/2000,HSV,AL,ASO,CE,Towers with Radar,45,35,64,56,200,1,0,32,9,42,46,35,96,65,242,74,185,259,501
09/14/2000,HSV,AL,ASO,CE,Towers with Radar,54,28,49,31,162,1,0,19,0,20,55,28,68,31,182,43,123,166,348
09/15/2000,HSV,AL,ASO,CE,Towers with Radar,45,32,51,24,152,2,2,3,20,27,47,34,54,44,179,24,100,124,303
09/16/2000,HSV,AL,ASO,CE,Towers with Radar,37,21,23,0,81,1,1,46,0,48,38,22,69,0,129,73,0,73,202
09/17/2000,HSV,AL,ASO,CE,Towers with Radar,38,28,33,21,120,1,0,41,0,42,39,28,74,21,162,22,9,31,193
09/18/2000,HSV,AL,ASO,CE,Towers with Radar,42,31,28,22,123,0,0,26,0,26,42,31,54,22,149,55,82,137,286
09/19/2000,HSV,AL,ASO,CE,Towers with Radar,41,41,45,14,141,1,0,26,2,29,42,41,71,16,170,104,42,146,316
09/20/2000,HSV,AL,ASO,CE,Towers with Radar,56,25,58,45,184,1,0,16,1,18,57,25,74,46,202,67,94,161,363
09/21/2000,HSV,AL,ASO,CE,Towers with Radar,57,32,69,40,198,0,0,25,3,28,57,32,94,43,226,85,48,133,359
09/22/2000,HSV,AL,ASO,CE,Towers with Radar,47,32,41,20,140,1,0,17,0,18,48,32,58,20,158,24,1,25,183
09/23/2000,HSV,AL,ASO,CE,Towers with Radar,39,18,59,5,121,0,0,7,0,7,39,18,66,5,128,24,0,24,152
09/24/2000,HSV,AL,ASO,CE,Towers with Radar,36,29,35,6,106,1,0,13,0,14,37,29,48,6,120,33,0,33,153
09/25/2000,HSV,AL,ASO,CE,Towers with Radar,39,28,44,19,130,2,1,1,0,4,41,29,45,19,134,24,0,24,158
09/26/2000,HSV,AL,ASO,CE,Towers with Radar,46,39,32,31,148,1,0,32,0,33,47,39,64,31,181,82,115,197,378
09/27/2000,HSV,AL,ASO,CE,Towers with Radar,77,36,37,35,185,1,0,43,2,46,78,36,80,37,231,152,85,237,468
09/28/2000,HSV,AL,ASO,CE,Towers with Radar,43,32,56,26,157,1,0,39,5,45,44,32,95,31,202,56,43,99,301
09/29/2000,HSV,AL,ASO,CE,Towers with Radar,51,31,55,13,150,0,0,39,0,39,51,31,94,13,189,64,23,87,276
09/30/2000,HSV,AL,ASO,CE,Towers with Radar,35,23,48,0,106,1,0,47,1,49,36,23,95,1,155,32,0,32,187
10/01/2000,HSV,AL,ASO,CE,Towers with Radar,34,23,61,0,118,2,0,39,0,41,36,23,100,0,159,45,0,45,204
10/02/2000,HSV,AL,ASO,CE,Towers with Radar,43,37,32,27,139,1,0,34,3,38,44,37,66,30,177,85,116,201,378
10/03/2000,HSV,AL,ASO,CE,Towers with Radar,42,41,66,46,195,1,0,35,3,39,43,41,101,49,234,99,146,245,479
10/04/2000,HSV,AL,ASO,CE,Towers with Radar,59,29,36,41,165,1,0,33,9,43,60,29,69,50,208,125,125,250,458
10/05/2000,HSV,AL,ASO,CE,Towers with Radar,47,35,66,30,178,0,0,50,5,55,47,35,116,35,233,57,86,143,376
10/06/2000,HSV,AL,ASO,CE,Towers with Radar,49,28,47,58,182,0,1,2,2,5,49,29,49,60,187,100,58,158,345
10/07/2000,HSV,AL,ASO,CE,Towers with Radar,38,17,19,1,75,0,1,31,3,35,38,18,50,4,110,30,0,30,140
10/08/2000,HSV,AL,ASO,CE,Towers with Radar,31,23,39,8,101,0,13,26,0,39,31,36,65,8,140,20,0,20,160
10/09/2000,HSV,AL,ASO,CE,Towers with Radar,41,40,38,1,120,0,1,37,2,40,41,41,75,3,160,102,14,116,276
10/10/2000,HSV,AL,ASO,CE,Towers with Radar,39,40,44,34,157,1,0,38,2,41,40,40,82,36,198,73,132,205,403
10/11/2000,HSV,AL,ASO,CE,Towers with Radar,46,32,49,22,149,1,1,41,2,45,47,33,90,24,194,39,145,184,378
10/12/2000,HSV,AL,ASO,CE,Towers with Radar,47,35,65,30,177,0,0,51,5,56,47,35,116,35,233,57,86,143,376
10/13/2000,HSV,AL,ASO,CE,Towers with Radar,42,39,45,27,153,1,0,48,2,51,43,39,93,29,204,46,206,252,456
10/14/2000,HSV,AL,ASO,CE,Towers with Radar,38,20,37,2,97,1,0,53,2,56,39,20,90,4,153,61,0,61,214
10/15/2000,HSV,AL,ASO,CE,Towers with Radar,29,28,49,2,108,1,0,25,2,28,30,28,74,4,136,35,18,53,189
10/16/2000,HSV,AL,ASO,CE,Towers with Radar,44,40,42,30,156,1,0,25,4,30,45,40,67,34,186,91,211,302,488
10/17/2000,HSV,AL,ASO,CE,Towers with Radar,56,29,55,32,172,1,0,30,2,33,57,29,85,34,205,62,133,195,400
10/18/2000,HSV,AL,ASO,CE,Towers with Radar,60,27,59,28,174,1,0,21,3,25,61,27,80,31,199,24,97,121,320
10/19/2000,HSV,AL,ASO,CE,Towers with Radar,45,39,52,21,157,1,0,28,2,31,46,39,80,23,188,99,87,186,374
10/20/2000,HSV,AL,ASO,CE,Towers with Radar,50,37,58,36,181,1,0,39,6,46,51,37,97,42,227,49,88,137,364
10/21/2000,HSV,AL,ASO,CE,Towers with Radar,37,23,46,0,106,1,0,40,1,42,38,23,86,1,148,75,0,75,223
10/22/2000,HSV,AL,ASO,CE,Towers with Radar,31,32,28,2,93,1,0,31,2,34,32,32,59,4,127,48,7,55,182
10/23/2000,HSV,AL,ASO,CE,Towers with Radar,44,32,34,39,149,1,2,20,2,25,45,34,54,41,174,49,192,241,415
10/24/2000,HSV,AL,ASO,CE,Towers with Radar,47,34,75,66,222,1,2,26,18,47,48,36,101,84,269,62,140,202,471
10/25/2000,HSV,AL,ASO,CE,Towers with Radar,59,19,59,56,193,1,1,26,11,39,60,20,85,67,232,38,106,144,376
10/26/2000,HSV,AL,ASO,CE,Towers with Radar,55,33,83,39,210,1,3,25,5,34,56,36,108,44,244,83,114,197,441
10/27/2000,HSV,AL,ASO,CE,Towers with Radar,45,35,61,16,157,0,5,16,0,21,45,40,77,16,178,50,34,84,262
10/28/2000,HSV,AL,ASO,CE,Towers with Radar,37,16,45,2,100,2,0,68,0,70,39,16,113,2,170,34,0,34,204
10/29/2000,HSV,AL,ASO,CE,Towers with Radar,34,31,53,5,123,1,0,43,2,46,35,31,96,7,169,28,0,28,197
10/30/2000,HSV,AL,ASO,CE,Towers with Radar,37,40,52,23,152,1,0,35,4,40,38,40,87,27,192,81,105,186,378
10/31/2000,HSV,AL,ASO,CE,Towers with Radar,47,37,65,25,174,1,0,14,7,22,48,37,79,32,196,89,97,186,382
11/01/2000,HSV,AL,ASO,CE,Towers with Radar,45,37,86,33,201,2,0,32,4,38,47,37,118,37,239,59,90,149,388
11/02/2000,HSV,AL,ASO,CE,Towers with Radar,42,40,65,42,189,2,0,32,4,38,44,40,97,46,227,59,130,189,416
11/03/2000,HSV,AL,ASO,CE,Towers with Radar,44,33,56,26,159,0,0,35,15,50,44,33,91,41,209,66,72,138,347
11/04/2000,HSV,AL,ASO,CE,Towers with Radar,31,29,43,9,112,0,2,44,0,46,31,31,87,9,158,32,2,34,192
11/05/2000,HSV,AL,ASO,CE,Towers with Radar,29,31,41,9,110,2,0,46,0,48,31,31,87,9,158,32,2,34,192
11/06/2000,HSV,AL,ASO,CE,Towers with Radar,48,22,25,18,113,1,1,1,0,3,49,23,26,18,116,16,0,16,132
11/07/2000,HSV,AL,ASO,CE,Towers with Radar,39,27,41,18,125,11,0,10,3,24,50,27,51,21,149,38,52,90,239
11/08/2000,HSV,AL,ASO,CE,Towers with Radar,46,32,37,10,125,1,1,1,1,4,47,33,38,11,129,11,0,11,140
11/09/2000,HSV,AL,ASO,CE,Towers with Radar,44,37,30,11,122,1,1,4,1,7,45,38,34,12,129,10,0,10,139
11/10/2000,HSV,AL,ASO,CE,Towers with Radar,43,33,55,1,132,0,0,13,0,13,43,33,68,1,145,9,0,9,154
11/11/2000,HSV,AL,ASO,CE,Towers with Radar,31,20,59,0,110,1,0,45,0,46,32,20,104,0,156,114,0,114,270
11/12/2000,HSV,AL,ASO,CE,Towers with Radar,31,27,38,5,101,0,6,48,0,54,31,33,86,5,155,54,4,58,213
11/13/2000,HSV,AL,ASO,CE,Towers with Radar,45,28,23,24,120,1,0,2,0,3,46,28,25,24,123,15,60,75,198
11/14/2000,HSV,AL,ASO,CE,Towers with Radar,55,26,53,41,175,1,0,33,7,41,56,26,86,48,216,60,104,164,380
11/15/2000,HSV,AL,ASO,CE,Towers with Radar,53,30,57,26,166,0,0,46,9,55,53,30,103,35,221,84,110,194,415
11/16/2000,HSV,AL,ASO,CE,Towers with Radar,41,39,48,26,154,0,2,0,30,32,41,41,48,56,186,25,4,29,215
11/17/2000,HSV,AL,ASO,CE,Towers with Radar,47,39,59,37,182,1,0,39,0,40,48,39,98,37,222,43,91,134,356
11/18/2000,HSV,AL,ASO,CE,Towers with Radar,34,25,43,0,102,1,0,18,0,19,35,25,61,0,121,41,8,49,170
11/19/2000,HSV,AL,ASO,CE,Towers with Radar,36,34,16,1,87,1,0,16,0,17,37,34,32,1,104,67,0,67,171
11/20/2000,HSV,AL,ASO,CE,Towers with Radar,49,31,48,25,153,1,0,28,0,29,50,31,76,25,182,62,48,110,292
11/21/2000,HSV,AL,ASO,CE,Towers with Radar,53,27,66,19,165,1,0,50,2,53,54,27,116,21,218,125,62,187,405
11/22/2000,HSV,AL,ASO,CE,Towers with Radar,47,34,47,48,176,1,0,42,6,49,48,34,89,54,225,69,101,170,395
11/23/2000,HSV,AL,ASO,CE,Towers with Radar,23,22,14,0,59,1,0,17,0,18,24,22,31,0,77,11,0,11,88
11/24/2000,HSV,AL,ASO,CE,Towers with Radar,25,26,26,0,77,1,0,5,0,6,26,26,31,0,83,8,0,8,91
11/25/2000,HSV,AL,ASO,CE,Towers with Radar,26,20,28,0,74,9,3,3,0,15,35,23,31,0,89,11,0,11,100
11/26/2000,HSV,AL,ASO,CE,Towers with Radar,39,29,42,0,110,1,0,33,0,34,40,29,75,0,144,60,2,62,206
11/27/2000,HSV,AL,ASO,CE,Towers with Radar,43,32,47,21,143,0,3,28,3,34,43,35,75,24,177,58,80,138,315
11/28/2000,HSV,AL,ASO,CE,Towers with Radar,59,25,64,37,185,1,0,29,0,30,60,25,93,37,215,97,93,190,405
11/29/2000,HSV,AL,ASO,CE,Towers with Radar,47,37,44,33,161,1,0,23,1,25,48,37,67,34,186,30,116,146,332
11/30/2000,HSV,AL,ASO,CE,Towers with Radar,58,35,57,32,182,1,0,44,5,50,59,35,101,37,232,65,88,153,385
12/01/2000,HSV,AL,ASO,CE,Towers with Radar,43,40,46,21,150,0,0,18,13,31,43,40,64,34,181,52,92,144,325
12/02/2000,HSV,AL,ASO,CE,Towers with Radar,23,23,37,6,89,3,2,25,0,30,26,25,62,6,119,68,4,72,191
12/03/2000,HSV,AL,ASO,CE,Towers with Radar,28,26,26,0,80,4,4,0,0,8,32,30,26,0,88,7,0,7,95
12/04/2000,HSV,AL,ASO,CE,Towers with Radar,37,37,38,41,153,3,0,34,3,40,40,37,72,44,193,41,202,243,436
12/05/2000,HSV,AL,ASO,CE,Towers with Radar,42,38,32,68,180,3,0,23,4,30,45,38,55,72,210,78,199,277,487
12/06/2000,HSV,AL,ASO,CE,Towers with Radar,43,41,47,21,152,0,0,10,11,21,43,41,57,32,173,69,46,115,288
12/07/2000,HSV,AL,ASO,CE,Towers with Radar,45,30,47,41,163,3,0,37,1,41,48,30,84,42,204,47,108,155,359
12/08/2000,HSV,AL,ASO,CE,Towers with Radar,45,37,50,23,155,0,0,46,3,49,45,37,96,26,204,43,125,168,372
12/09/2000,HSV,AL,ASO,CE,Towers with Radar,32,21,65,2,120,3,0,43,0,46,35,21,108,2,166,169,4,173,339
12/10/2000,HSV,AL,ASO,CE,Towers with Radar,28,28,27,14,97,3,0,0,0,3,31,28,27,14,100,19,12,31,131
12/11/2000,HSV,AL,ASO,CE,Towers with Radar,46,28,35,19,128,2,0,4,0,6,48,28,39,19,134,24,72,96,230
12/12/2000,HSV,AL,ASO,CE,Towers with Radar,51,31,69,36,187,2,0,15,5,22,53,31,84,41,209,57,122,179,388
12/13/2000,HSV,AL,ASO,CE,Towers with Radar,35,33,35,16,119,0,0,18,7,25,35,33,53,23,144,9,86,95,239
12/14/2000,HSV,AL,ASO,CE,Towers with Radar,46,43,33,22,144,2,0,4,0,6,48,43,37,22,150,33,0,33,183
12/15/2000,HSV,AL,ASO,CE,Towers with Radar,38,40,66,17,161,2,0,8,0,10,40,40,74,17,171,52,13,65,236
12/16/2000,HSV,AL,ASO,CE,Towers with Radar,26,20,5,0,51,2,0,0,0,2,28,20,5,0,53,0,0,0,53
12/17/2000,HSV,AL,ASO,CE,Towers with Radar,38,19,19,1,77,2,0,12,0,14,40,19,31,1,91,0,0,0,91
12/18/2000,HSV,AL,ASO,CE,Towers with Radar,51,21,22,20,114,2,1,19,1,23,53,22,41,21,137,33,46,79,216
12/19/2000,HSV,AL,ASO,CE,Towers with Radar,46,37,28,6,117,2,0,2,0,4,48,37,30,6,121,7,16,23,144
12/20/2000,HSV,AL,ASO,CE,Towers with Radar,38,47,51,26,162,2,0,37,0,39,40,47,88,26,201,48,80,128,329
12/21/2000,HSV,AL,ASO,CE,Towers with Radar,33,33,10,0,76,2,0,0,0,2,35,33,10,0,78,1,0,1,79
12/22/2000,HSV,AL,ASO,CE,Towers with Radar,39,37,30,4,110,1,1,21,2,25,40,38,51,6,135,11,4,15,150
12/23/2000,HSV,AL,ASO,CE,Towers with Radar,30,19,17,0,66,1,1,32,0,34,31,20,49,0,100,31,0,31,131
12/24/2000,HSV,AL,ASO,CE,Towers with Radar,0,19,15,2,36,0,8,15,13,36,0,27,30,15,72,23,0,23,95
12/25/2000,HSV,AL,ASO,CE,Towers with Radar,30,16,9,0,55,1,1,6,0,8,31,17,15,0,63,10,0,10,73
12/26/2000,HSV,AL,ASO,CE,Towers with Radar,21,37,22,0,80,1,1,8,0,10,22,38,30,0,90,5,0,5,95
12/27/2000,HSV,AL,ASO,CE,Towers with Radar,34,44,16,3,97,1,1,0,0,2,35,45,16,3,99,1,0,1,100
12/28/2000,HSV,AL,ASO,CE,Towers with Radar,44,36,41,20,141,1,1,4,1,7,45,37,45,21,148,33,54,87,235
12/29/2000,HSV,AL,ASO,CE,Towers with Radar,46,34,28,2,110,1,1,6,0,8,47,35,34,2,118,14,0,14,132
12/30/2000,HSV,AL,ASO,CE,Towers with Radar,37,18,23,0,78,1,1,3,0,5,38,19,26,0,83,11,0,11,94
12/31/2000,HSV,AL,ASO,CE,Towers with Radar,26,24,23,0,73,1,1,22,0,24,27,25,45,0,97,10,0,10,107
01/01/2001,HSV,AL,ASO,CE,Towers with Radar,26,27,5,0,58,0,1,2,0,3,26,28,7,0,61,0,0,0,61
01/02/2001,HSV,AL,ASO,CE,Towers with Radar,32,32,35,18,117,7,11,0,0,18,39,43,35,18,135,15,12,27,162
01/03/2001,HSV,AL,ASO,CE,Towers with Radar,44,43,47,22,156,0,1,38,0,39,44,44,85,22,195,33,141,174,369
01/04/2001,HSV,AL,ASO,CE,Towers with Radar,41,47,52,37,177,2,0,33,0,35,43,47,85,37,212,88,98,186,398
01/05/2001,HSV,AL,ASO,CE,Towers with Radar,35,44,52,31,162,2,0,21,2,25,37,44,73,33,187,85,78,163,350
01/06/2001,HSV,AL,ASO,CE,Towers with Radar,31,12,47,13,103,2,0,58,0,60,33,12,105,13,163,103,8,111,274
01/07/2001,HSV,AL,ASO,CE,Towers with Radar,30,39,34,15,118,1,0,12,0,13,31,39,46,15,131,46,0,46,177
01/08/2001,HSV,AL,ASO,CE,Towers with Radar,47,37,45,42,171,1,0,18,0,19,48,37,63,42,190,26,168,194,384
01/09/2001,HSV,AL,ASO,CE,Towers with Radar,46,48,39,35,168,1,0,22,0,23,47,48,61,35,191,63,105,168,359
01/10/2001,HSV,AL,ASO,CE,Towers with Radar,38,38,52,29,157,0,0,49,11,60,38,38,101,40,217,51,79,130,347
01/11/2001,HSV,AL,ASO,CE,Towers with Radar,42,38,20,20,120,1,0,4,0,5,43,38,24,20,125,18,16,34,159
01/12/2001,HSV,AL,ASO,CE,Towers with Radar,38,44,75,23,180,1,0,6,0,7,39,44,81,23,187,54,1,55,242
01/13/2001,HSV,AL,ASO,CE,Towers with Radar,32,25,37,0,94,0,0,79,0,79,32,25,116,0,173,71,0,71,244
01/14/2001,HSV,AL,ASO,CE,Towers with Radar,31,28,34,2,95,14,0,1,0,15,45,28,35,2,110,10,0,10,120
01/15/2001,HSV,AL,ASO,CE,Towers with Radar,54,22,36,1,113,1,1,25,0,27,55,23,61,1,140,11,0,11,151
01/16/2001,HSV,AL,ASO,CE,Towers with Radar,37,42,56,33,168,0,0,18,43,61,37,42,74,76,229,65,141,206,435
01/17/2001,HSV,AL,ASO,CE,Towers with Radar,52,38,59,19,168,1,1,4,0,6,53,39,63,19,174,14,40,54,228
01/18/2001,HSV,AL,ASO,CE,Towers with Radar,42,40,24,4,110,1,1,0,0,2,43,41,24,4,112,2,2,4,116
01/19/2001,HSV,AL,ASO,CE,Towers with Radar,37,47,13,0,97,1,1,1,0,3,38,48,14,0,100,2,0,2,102
01/20/2001,HSV,AL,ASO,CE,Towers with Radar,29,19,11,15,74,1,1,2,0,4,30,20,13,15,78,28,21,49,127
01/21/2001,HSV,AL,ASO,CE,Towers with Radar,32,32,52,7,123,1,1,33,0,35,33,33,85,7,158,28,2,30,188
01/22/2001,HSV,AL,ASO,CE,Towers with Radar,40,38,35,34,147,1,1,42,0,44,41,39,77,34,191,66,88,154,345
01/23/2001,HSV,AL,ASO,CE,Towers with Radar,46,43,49,26,164,0,0,25,3,28,46,43,74,29,192,21,80,101,293
01/24/2001,HSV,AL,ASO,CE,Towers with Radar,45,48,66,14,173,1,1,32,8,42,46,49,98,22,215,51,52,103,318
01/25/2001,HSV,AL,ASO,CE,Towers with Radar,44,36,61,17,158,1,0,35,3,39,45,36,96,20,197,40,127,167,364
01/26/2001,HSV,AL,ASO,CE,Towers with Radar,38,43,46,31,158,1,0,25,0,26,39,43,71,31,184,35,97,132,316
01/27/2001,HSV,AL,ASO,CE,Towers with Radar,27,30,48,13,118,1,2,45,0,48,28,32,93,13,166,89,3,92,258
01/28/2001,HSV,AL,ASO,CE,Towers with Radar,33,29,34,2,98,0,1,46,0,47,33,30,80,2,145,21,0,21,166
01/29/2001,HSV,AL,ASO,CE,Towers with Radar,38,34,14,12,98,0,1,13,0,14,38,35,27,12,112,8,24,32,144
01/30/2001,HSV,AL,ASO,CE,Towers with Radar,35,41,46,25,147,0,5,2,45,52,35,46,48,70,199,85,143,228,427
01/31/2001,HSV,AL,ASO,CE,Towers with Radar,45,36,38,44,163,0,1,45,9,55,45,37,83,53,218,113,136,249,467
02/01/2001,HSV,AL,ASO,CE,Towers with Radar,48,41,49,45,183,1,0,36,15,52,49,41,85,60,235,92,174,266,501
02/02/2001,HSV,AL,ASO,CE,Towers with Radar,49,31,33,24,137,0,0,28,7,35,49,31,61,31,172,48,89,137,309
02/03/2001,HSV,AL,ASO,CE,Towers with Radar,30,17,32,0,79,3,0,68,0,71,33,17,100,0,150,99,0,99,249
02/04/2001,HSV,AL,ASO,CE,Towers with Radar,34,31,34,2,101,0,0,45,3,48,34,31,79,5,149,23,4,27,176
02/05/2001,HSV,AL,ASO,CE,Towers with Radar,36,39,41,30,146,0,0,30,9,39,36,39,71,39,185,35,132,167,352
02/06/2001,HSV,AL,ASO,CE,Towers with Radar,49,36,59,40,184,0,0,28,3,31,49,36,87,43,215,35,172,207,422
02/07/2001,HSV,AL,ASO,CE,Towers with Radar,46,42,53,27,168,0,2,27,9,38,46,44,80,36,206,47,58,105,311
02/08/2001,HSV,AL,ASO,CE,Towers with Radar,43,42,64,51,200,0,1,35,6,42,43,43,99,57,242,68,50,118,360
02/09/2001,HSV,AL,ASO,CE,Towers with Radar,41,35,21,66,163,0,0,9,6,15,41,35,30,72,178,37,102,139,317
02/10/2001,HSV,AL,ASO,CE,Towers with Radar,30,21,50,13,114,0,0,14,2,16,30,21,64,15,130,73,14,87,217
02/11/2001,HSV,AL,ASO,CE,Towers with Radar,32,28,46,11,117,1,0,32,1,34,33,28,78,12,151,28,5,33,184
02/12/2001,HSV,AL,ASO,CE,Towers with Radar,37,33,39,7,116,0,7,0,0,7,37,40,39,7,123,8,0,8,131
02/13/2001,HSV,AL,ASO,CE,Towers with Radar,48,35,51,25,159,0,0,0,2,2,48,35,51,27,161,18,1,19,180
02/14/2001,HSV,AL,ASO,CE,Towers with Radar,46,55,37,23,161,0,0,0,2,2,46,55,37,25,163,24,0,24,187
02/15/2001,HSV,AL,ASO,CE,Towers with Radar,40,38,48,20,146,0,5,4,0,9,40,43,52,20,155,20,26,46,201
02/16/2001,HSV,AL,ASO,CE,Towers with Radar,26,22,21,0,69,21,6,0,0,27,47,28,21,0,96,3,0,3,99
02/17/2001,HSV,AL,ASO,CE,Towers with Radar,34,20,31,0,85,0,0,32,3,35,34,20,63,3,120,16,0,16,136
02/18/2001,HSV,AL,ASO,CE,Towers with Radar,33,28,36,4,101,1,2,52,0,55,34,30,88,4,156,47,4,51,207
02/19/2001,HSV,AL,ASO,CE,Towers with Radar,46,30,31,0,107,0,0,46,2,48,46,30,77,2,155,62,0,62,217
02/20/2001,HSV,AL,ASO,CE,Towers with Radar,44,40,51,26,161,0,2,19,0,21,44,42,70,26,182,58,54,112,294
02/21/2001,HSV,AL,ASO,CE,Towers with Radar,51,44,60,30,185,0,0,1,19,20,51,44,61,49,205,64,70,134,339
02/22/2001,HSV,AL,ASO,CE,Towers with Radar,41,37,56,26,160,0,0,13,0,13,41,37,69,26,173,39,9,48,221
02/23/2001,HSV,AL,ASO,CE,Towers with Radar,40,41,63,22,166,0,0,38,4,42,40,41,101,26,208,74,66,140,348
02/24/2001,HSV,AL,ASO,CE,Towers with Radar,40,11,26,0,77,0,0,2,0,2,40,11,28,0,79,1,0,1,80
02/25/2001,HSV,AL,ASO,CE,Towers with Radar,32,28,36,0,96,0,0,38,0,38,32,28,74,0,134,18,0,18,152
02/26/2001,HSV,AL,ASO,CE,Towers with Radar,41,42,43,29,155,0,0,32,3,35,41,42,75,32,190,41,174,215,405
02/27/2001,HSV,AL,ASO,CE,Towers with Radar,42,45,67,24,178,0,0,12,9,21,42,45,79,33,199,34,66,100,299
02/28/2001,HSV,AL,ASO,CE,Towers with Radar,37,46,36,67,186,0,0,28,7,35,37,46,64,74,221,108,236,344,565
03/01/2001,HSV,AL,ASO,CE,Towers with Radar,47,37,62,62,208,2,0,37,5,44,49,37,99,67,252,64,135,199,451
03/02/2001,HSV,AL,ASO,CE,Towers with Radar,33,47,34,60,174,2,0,6,0,8,35,47,40,60,182,37,41,78,260
03/03/2001,HSV,AL,ASO,CE,Towers with Radar,26,21,21,0,68,2,0,0,0,2,28,21,21,0,70,8,0,8,78
03/04/2001,HSV,AL,ASO,CE,Towers with Radar,43,23,70,0,136,2,0,1,0,3,45,23,71,0,139,12,2,14,153
03/05/2001,HSV,AL,ASO,CE,Towers with Radar,43,39,53,27,162,8,0,23,22,53,51,39,76,49,215,46,32,78,293
03/06/2001,HSV,AL,ASO,CE,Towers with Radar,48,48,28,24,148,0,0,36,0,36,48,48,64,24,184,39,118,157,341
03/07/2001,HSV,AL,ASO,CE,Towers with Radar,38,46,42,19,145,2,0,29,5,36,40,46,71,24,181,56,51,107,288
03/08/2001,HSV,AL,ASO,CE,Towers with Radar,46,51,44,25,166,2,1,31,0,34,48,52,75,25,200,73,46,119,319
03/09/2001,HSV,AL,ASO,CE,Towers with Radar,37,49,48,21,155,1,0,25,2,28,38,49,73,23,183,21,53,74,257
03/10/2001,HSV,AL,ASO,CE,Towers with Radar,34,16,44,12,106,0,0,57,0,57,34,16,101,12,163,71,18,89,252
03/11/2001,HSV,AL,ASO,CE,Towers with Radar,27,44,37,9,117,2,0,41,0,43,29,44,78,9,160,3,10,13,173
03/12/2001,HSV,AL,ASO,CE,Towers with Radar,24,25,18,11,78,15,17,0,0,32,39,42,18,11,110,11,24,35,145
03/13/2001,HSV,AL,ASO,CE,Towers with Radar,36,40,47,46,169,0,1,20,1,22,36,41,67,47,191,73,107,180,371
03/14/2001,HSV,AL,ASO,CE,Towers with Radar,38,47,86,57,228,2,0,29,4,35,40,47,115,61,263,70,113,183,446
03/15/2001,HSV,AL,ASO,CE,Towers with Radar,40,45,39,7,131,2,1,19,0,22,42,46,58,7,153,29,10,39,192
03/16/2001,HSV,AL,ASO,CE,Towers with Radar,42,39,43,17,141,0,0,15,0,15,42,39,58,17,156,32,20,52,208
03/17/2001,HSV,AL,ASO,CE,Towers with Radar,33,18,43,0,94,2,0,36,0,38,35,18,79,0,132,62,0,62,194
03/18/2001,HSV,AL,ASO,CE,Towers with Radar,38,23,59,9,129,0,0,41,1,42,38,23,100,10,171,59,7,66,237
03/19/2001,HSV,AL,ASO,CE,Towers with Radar,40,46,22,25,133,0,0,18,12,30,40,46,40,37,163,17,62,79,242
03/20/2001,HSV,AL,ASO,CE,Towers with Radar,41,37,33,12,123,1,0,1,0,2,42,37,34,12,125,13,1,14,139
03/21/2001,HSV,AL,ASO,CE,Towers with Radar,40,48,36,35,159,1,0,10,5,16,41,48,46,40,175,22,91,113,288
03/22/2001,HSV,AL,ASO,CE,Towers with Radar,46,42,59,36,183,1,0,44,0,45,47,42,103,36,228,44,40,84,312
03/23/2001,HSV,AL,ASO,CE,Towers with Radar,38,47,73,19,177,0,1,52,2,55,38,48,125,21,232,59,38,97,329
03/24/2001,HSV,AL,ASO,CE,Towers with Radar,33,18,39,0,90,0,0,28,0,28,33,18,67,0,118,36,0,36,154
03/25/2001,HSV,AL,ASO,CE,Towers with Radar,29,30,44,4,107,1,1,47,0,49,30,31,91,4,156,41,0,41,197
03/26/2001,HSV,AL,ASO,CE,Towers with Radar,31,36,47,9,123,1,0,43,0,44,32,36,90,9,167,64,46,110,277
03/27/2001,HSV,AL,ASO,CE,Towers with Radar,40,40,59,23,162,1,0,45,2,48,41,40,104,25,210,66,31,97,307
03/28/2001,HSV,AL,ASO,CE,Towers with Radar,45,38,56,55,194,1,0,23,1,25,46,38,79,56,219,48,72,120,339
03/29/2001,HSV,AL,ASO,CE,Towers with Radar,42,36,36,39,153,1,0,2,0,3,43,36,38,39,156,81,21,102,258
03/30/2001,HSV,AL,ASO,CE,Towers with Radar,37,41,36,16,130,0,0,1,0,1,37,41,37,16,131,13,0,13,144
03/31/2001,HSV,AL,ASO,CE,Towers with Radar,29,20,58,1,108,1,0,9,0,10,30,20,67,1,118,26,0,26,144
04/01/2001,HSV,AL,ASO,CE,Towers with Radar,33,27,73,1,134,1,0,24,0,25,34,27,97,1,159,34,0,34,193
04/02/2001,HSV,AL,ASO,CE,Towers with Radar,39,35,39,49,162,0,0,35,3,38,39,35,74,52,200,65,103,168,368
04/03/2001,HSV,AL,ASO,CE,Towers with Radar,35,43,28,0,106,0,0,4,0,4,35,43,32,0,110,7,0,7,117
04/04/2001,HSV,AL,ASO,CE,Towers with Radar,43,36,35,0,114,0,0,3,1,4,43,36,38,1,118,2,0,2,120
04/05/2001,HSV,AL,ASO,CE,Towers with Radar,54,31,49,9,143,0,0,4,1,5,54,31,53,10,148,37,0,37,185
04/06/2001,HSV,AL,ASO,CE,Towers with Radar,37,36,42,30,145,0,0,38,6,44,37,36,80,36,189,60,80,140,329
04/07/2001,HSV,AL,ASO,CE,Towers with Radar,29,12,33,4,78,0,0,38,1,39,29,12,71,5,117,24,13,37,154
04/08/2001,HSV,AL,ASO,CE,Towers with Radar,33,25,37,7,102,0,0,14,1,15,33,25,51,8,117,27,0,27,144
04/09/2001,HSV,AL,ASO,CE,Towers with Radar,41,32,55,35,163,0,0,32,1,33,41,32,87,36,196,60,149,209,405
04/10/2001,HSV,AL,ASO,CE,Towers with Radar,37,41,57,38,173,0,0,34,5,39,37,41,91,43,212,43,95,138,350
04/11/2001,HSV,AL,ASO,CE,Towers with Radar,47,34,55,52,188,0,0,48,3,51,47,34,103,55,239,68,182,250,489
04/12/2001,HSV,AL,ASO,CE,Towers with Radar,46,35,43,10,134,0,0,1,1,2,46,35,44,11,136,20,2,22,158
04/13/2001,HSV,AL,ASO,CE,Towers with Radar,48,27,55,11,141,0,0,22,0,22,48,27,77,11,163,32,24,56,219
04/14/2001,HSV,AL,ASO,CE,Towers with Radar,20,19,49,1,89,1,0,30,0,31,21,19,79,1,120,31,0,31,151
04/15/2001,HSV,AL,ASO,CE,Towers with Radar,30,27,19,2,78,1,0,3,0,4,31,27,22,2,82,7,10,17,99
04/16/2001,HSV,AL,ASO,CE,Towers with Radar,43,32,38,26,139,1,0,41,0,42,44,32,79,26,181,49,36,85,266
04/17/2001,HSV,AL,ASO,CE,Towers with Radar,44,39,37,28,148,0,0,18,3,21,44,39,55,31,169,22,122,144,313
04/18/2001,HSV,AL,ASO,CE,Towers with Radar,53,30,74,23,180,0,4,50,1,55,53,34,124,24,235,102,65,167,402
04/19/2001,HSV,AL,ASO,CE,Towers with Radar,46,37,86,32,201,0,0,51,0,51,46,37,137,32,252,80,85,165,417
04/20/2001,HSV,AL,ASO,CE,Towers with Radar,39,40,64,27,170,0,0,35,0,35,39,40,99,27,205,46,95,141,346
04/21/2001,HSV,AL,ASO,CE,Towers with Radar,34,12,54,27,127,1,0,29,0,30,35,12,83,27,157,46,74,120,277
04/22/2001,HSV,AL,ASO,CE,Towers with Radar,33,29,43,2,107,1,0,47,0,48,34,29,90,2,155,32,0,32,187
04/23/2001,HSV,AL,ASO,CE,Towers with Radar,0,0,0,0,0,0,0,0,0,0,0,0,0,0,0,0,0,0,0
04/24/2001,HSV,AL,ASO,CE,Towers with Radar,46,28,56,32,162,0,0,20,1,21,46,28,76,33,183,45,120,165,348
04/25/2001,HSV,AL,ASO,CE,Towers with Radar,52,32,37,16,137,0,0,39,5,44,52,32,76,21,181,41,44,85,266
04/26/2001,HSV,AL,ASO,CE,Towers with Radar,0,0,0,0,0,0,0,0,0,0,0,0,0,0,0,0,0,0,0
04/27/2001,HSV,AL,ASO,CE,Towers with Radar,38,31,47,18,134,0,10,53,2,65,38,41,100,20,199,35,35,70,269
04/28/2001,HSV,AL,ASO,CE,Towers with Radar,25,14,28,0,67,6,0,46,0,52,31,14,74,0,119,19,0,19,138
04/29/2001,HSV,AL,ASO,CE,Towers with Radar,40,26,40,1,107,0,0,42,0,42,40,26,82,1,149,40,0,40,189
04/30/2001,HSV,AL,ASO,CE,Towers with Radar,37,42,48,11,138,0,0,28,2,30,37,42,76,13,168,38,8,46,214
05/01/2001,HSV,AL,ASO,CE,Towers with Radar,57,26,53,9,145,2,0,25,3,30,59,26,78,12,175,48,24,72,247
05/02/2001,HSV,AL,ASO,CE,Towers with Radar,45,41,54,3,143,1,0,34,0,35,46,41,88,3,178,23,1,24,202
05/03/2001,HSV,AL,ASO,CE,Towers with Radar,38,42,46,8,134,0,0,30,7,37,38,42,76,15,171,19,10,29,200
05/04/2001,HSV,AL,ASO,CE,Towers with Radar,40,32,45,18,135,0,6,28,8,42,40,38,73,26,177,47,25,72,249
05/05/2001,HSV,AL,ASO,CE,Towers with Radar,34,10,44,0,88,2,0,34,0,36,36,10,78,0,124,59,0,59,183
05/06/2001,HSV,AL,ASO,CE,Towers with Radar,35,27,40,6,108,1,0,51,0,52,36,27,91,6,160,51,0,51,211
05/07/2001,HSV,AL,ASO,CE,Towers with Radar,38,38,32,43,151,0,0,27,1,28,38,38,59,44,179,20,202,222,401
05/08/2001,HSV,AL,ASO,CE,Towers with Radar,51,34,39,36,160,0,0,9,8,17,51,34,48,44,177,41,38,79,256
05/09/2001,HSV,AL,ASO,CE,Towers with Radar,43,41,53,25,162,0,0,10,5,15,43,41,63,30,177,28,84,112,289
05/10/2001,HSV,AL,ASO,CE,Towers with Radar,43,44,39,31,157,0,0,15,5,20,43,44,54,36,177,40,85,125,302
05/11/2001,HSV,AL,ASO,CE,Towers with Radar,43,37,34,11,125,0,0,18,1,19,43,37,52,12,144,11,9,20,164
05/12/2001,HSV,AL,ASO,CE,Towers with Radar,31,17,34,1,83,1,0,21,2,24,32,17,55,3,107,13,7,20,127
05/13/2001,HSV,AL,ASO,CE,Towers with Radar,26,31,46,0,103,1,0,33,0,34,27,31,79,0,137,27,0,27,164
05/14/2001,HSV,AL,ASO,CE,Towers with Radar,41,33,53,21,148,0,0,43,17,60,41,33,96,38,208,50,187,237,445
05/15/2001,HSV,AL,ASO,CE,Towers with Radar,45,25,52,20,142,0,0,27,0,27,45,25,79,20,169,69,53,122,291
05/16/2001,HSV,AL,ASO,CE,Towers with Radar,45,40,48,39,172,1,0,26,0,27,46,40,74,39,199,14,62,76,275
05/17/2001,HSV,AL,ASO,CE,Towers with Radar,43,41,55,31,170,1,0,25,2,28,44,41,80,33,198,45,71,116,314
05/18/2001,HSV,AL,ASO,CE,Towers with Radar,43,42,58,19,162,0,1,36,0,37,43,43,94,19,199,83,92,175,374
05/19/2001,HSV,AL,ASO,CE,Towers with Radar,30,12,21,0,63,0,0,5,0,5,30,12,26,0,68,4,0,4,72
05/20/2001,HSV,AL,ASO,CE,Towers with Radar,31,28,29,3,91,0,0,14,0,14,31,28,43,3,105,15,0,15,120
05/21/2001,HSV,AL,ASO,CE,Towers with Radar,52,17,32,45,146,1,0,6,0,7,53,17,38,45,153,12,27,39,192
05/22/2001,HSV,AL,ASO,CE,Towers with Radar,46,31,40,55,172,0,0,18,2,20,46,31,58,57,192,52,127,179,371
05/23/2001,HSV,AL,ASO,CE,Towers with Radar,44,37,45,44,170,1,0,33,4,38,45,37,78,48,208,37,142,179,387
05/24/2001,HSV,AL,ASO,CE,Towers with Radar,37,29,41,17,124,0,0,10,2,12,37,29,51,19,136,0,17,17,153
05/25/2001,HSV,AL,ASO,CE,Towers with Radar,44,38,70,6,158,1,0,40,0,41,45,38,110,6,199,45,1,46,245
05/26/2001,HSV,AL,ASO,CE,Towers with Radar,31,14,67,0,112,1,0,30,0,31,32,14,97,0,143,41,0,41,184
05/27/2001,HSV,AL,ASO,CE,Towers with Radar,27,18,22,0,67,1,0,21,0,22,28,18,43,0,89,17,0,17,106
05/28/2001,HSV,AL,ASO,CE,Towers with Radar,46,13,33,2,94,0,0,3,0,3,46,13,36,2,97,11,0,11,108
05/29/2001,HSV,AL,ASO,CE,Towers with Radar,52,20,65,18,155,1,0,20,2,23,53,20,85,20,178,59,62,121,299
05/30/2001,HSV,AL,ASO,CE,Towers with Radar,43,44,46,30,163,0,0,13,2,15,43,44,59,32,178,27,90,117,295
05/31/2001,HSV,AL,ASO,CE,Towers with Radar,40,31,44,2,117,2,16,9,0,27,42,47,53,2,144,20,2,22,166
06/01/2001,HSV,AL,ASO,CE,Towers with Radar,40,36,55,24,155,0,5,17,0,22,40,41,72,24,177,27,79,106,283
06/02/2001,HSV,AL,ASO,CE,Towers with Radar,31,14,37,2,84,1,0,17,0,18,32,14,54,2,102,50,0,50,152
06/03/2001,HSV,AL,ASO,CE,Towers with Radar,28,21,46,5,100,0,0,20,0,20,28,21,66,5,120,7,0,7,127
06/04/2001,HSV,AL,ASO,CE,Towers with Radar,40,29,42,30,141,0,0,5,0,5,40,29,47,30,146,30,14,44,190
06/05/2001,HSV,AL,ASO,CE,Towers with Radar,53,29,43,49,174,0,0,22,4,26,53,29,65,53,200,66,215,281,481
06/06/2001,HSV,AL,ASO,CE,Towers with Radar,44,41,38,37,160,1,0,22,2,25,45,41,60,39,185,80,120,200,385
06/07/2001,HSV,AL,ASO,CE,Towers with Radar,54,35,61,2,152,1,0,2,0,3,55,35,63,2,155,20,1,21,176
06/08/2001,HSV,AL,ASO,CE,Towers with Radar,51,33,61,23,168,1,0,29,0,30,52,33,90,23,198,45,48,93,291
06/09/2001,HSV,AL,ASO,CE,Towers with Radar,28,11,36,13,88,6,0,35,0,41,34,11,71,13,129,50,47,97,226
06/10/2001,HSV,AL,ASO,CE,Towers with Radar,30,28,45,24,127,1,0,28,3,32,31,28,73,27,159,54,16,70,229
06/11/2001,HSV,AL,ASO,CE,Towers with Radar,47,33,78,90,248,0,1,19,0,20,47,34,97,90,268,83,174,257,525
06/12/2001,HSV,AL,ASO,CE,Towers with Radar,44,40,62,48,194,0,0,32,0,32,44,40,94,48,226,57,183,240,466
06/13/2001,HSV,AL,ASO,CE,Towers with Radar,40,42,61,35,178,0,0,43,0,43,40,42,104,35,221,97,150,247,468
06/14/2001,HSV,AL,ASO,CE,Towers with Radar,38,43,55,25,161,0,0,12,2,14,38,43,67,27,175,62,22,84,259
06/15/2001,HSV,AL,ASO,CE,Towers with Radar,37,37,53,4,131,0,0,12,0,12,37,37,65,4,143,27,0,27,170
06/16/2001,HSV,AL,ASO,CE,Towers with Radar,33,17,47,2,99,0,0,46,0,46,33,17,93,2,145,51,0,51,196
06/17/2001,HSV,AL,ASO,CE,Towers with Radar,33,31,49,0,113,0,0,36,0,36,33,31,85,0,149,35,0,35,184
06/18/2001,HSV,AL,ASO,CE,Towers with Radar,37,28,46,21,132,8,0,42,0,50,45,28,88,21,182,24,82,106,288
06/19/2001,HSV,AL,ASO,CE,Towers with Radar,39,42,44,32,157,0,1,27,0,28,39,43,71,32,185,20,106,126,311
06/20/2001,HSV,AL,ASO,CE,Towers with Radar,37,37,61,29,164,0,6,28,24,58,37,43,89,53,222,63,191,254,476
06/21/2001,HSV,AL,ASO,CE,Towers with Radar,44,39,61,29,173,0,2,9,19,30,44,41,70,48,203,88,137,225,428
06/22/2001,HSV,AL,ASO,CE,Towers with Radar,41,38,46,45,170,0,0,15,1,16,41,38,61,46,186,58,18,76,262
06/23/2001,HSV,AL,ASO,CE,Towers with Radar,36,11,48,1,96,0,2,16,1,19,36,13,64,2,115,18,0,18,133
06/24/2001,HSV,AL,ASO,CE,Towers with Radar,40,25,50,7,122,0,0,31,0,31,40,25,81,7,153,23,5,28,181
06/25/2001,HSV,AL,ASO,CE,Towers with Radar,41,34,35,20,130,0,0,32,1,33,41,34,67,21,163,34,93,127,290
06/26/2001,HSV,AL,ASO,CE,Towers with Radar,37,40,43,17,137,0,0,15,0,15,37,40,58,17,152,15,52,67,219
06/27/2001,HSV,AL,ASO,CE,Towers with Radar,46,38,44,14,142,0,0,17,0,17,46,38,61,14,159,34,54,88,247
06/28/2001,HSV,AL,ASO,CE,Towers with Radar,53,35,58,23,169,0,0,18,4,22,53,35,76,27,191,47,83,130,321
06/29/2001,HSV,AL,ASO,CE,Towers with Radar,43,31,95,25,194,0,0,17,0,17,43,31,112,25,211,39,49,88,299
06/30/2001,HSV,AL,ASO,CE,Towers with Radar,43,34,55,26,158,0,9,23,10,42,43,43,78,36,200,70,91,161,361
07/01/2001,HSV,AL,ASO,CE,Towers with Radar,28,18,37,16,99,0,0,0,2,2,28,18,37,18,101,92,10,102,203
07/02/2001,HSV,AL,ASO,CE,Towers with Radar,46,23,45,26,140,1,1,28,3,33,47,24,73,29,173,45,73,118,291
07/03/2001,HSV,AL,ASO,CE,Towers with Radar,34,34,51,22,141,0,0,3,12,15,34,34,54,34,156,34,120,154,310
07/04/2001,HSV,AL,ASO,CE,Towers with Radar,26,24,30,0,80,1,1,8,0,10,27,25,38,0,90,8,0,8,98
07/05/2001,HSV,AL,ASO,CE,Towers with Radar,35,32,47,14,128,5,8,9,0,22,40,40,56,14,150,8,1,9,159
07/06/2001,HSV,AL,ASO,CE,Towers with Radar,37,41,72,41,191,1,1,28,1,31,38,42,100,42,222,101,63,164,386
07/07/2001,HSV,AL,ASO,CE,Towers with Radar,31,18,42,5,96,4,0,40,0,44,35,18,82,5,140,36,24,60,200
07/08/2001,HSV,AL,ASO,CE,Towers with Radar,36,26,52,0,114,1,1,21,0,23,37,27,73,0,137,43,1,44,181
07/09/2001,HSV,AL,ASO,CE,Towers with Radar,50,20,39,38,147,1,1,23,1,26,51,21,62,39,173,56,65,121,294
07/10/2001,HSV,AL,ASO,CE,Towers with Radar,40,46,30,8,124,1,1,13,3,18,41,47,43,11,142,1,14,15,157
07/11/2001,HSV,AL,ASO,CE,Towers with Radar,41,39,59,34,173,1,1,13,1,16,42,40,72,35,189,36,56,92,281
07/12/2001,HSV,AL,ASO,CE,Towers with Radar,39,41,59,17,156,0,5,28,0,33,39,46,87,17,189,77,11,88,277
07/13/2001,HSV,AL,ASO,CE,Towers with Radar,38,44,60,3,145,1,3,30,1,35,39,47,90,4,180,41,2,43,223
07/14/2001,HSV,AL,ASO,CE,Towers with Radar,27,23,37,10,97,1,0,54,0,55,28,23,91,10,152,56,19,75,227
07/15/2001,HSV,AL,ASO,CE,Towers with Radar,36,28,49,17,130,4,0,48,0,52,40,28,97,17,182,77,11,88,270
07/16/2001,HSV,AL,ASO,CE,Towers with Radar,36,39,47,84,206,1,1,23,4,29,37,40,70,88,235,93,260,353,588
07/17/2001,HSV,AL,ASO,CE,Towers with Radar,39,35,53,23,150,3,11,37,15,66,42,46,90,38,216,82,167,249,465
07/18/2001,HSV,AL,ASO,CE,Towers with Radar,44,40,63,28,175,0,0,46,0,46,44,40,109,28,221,36,80,116,337
07/19/2001,HSV,AL,ASO,CE,Towers with Radar,45,42,63,16,166,0,0,39,0,39,45,42,102,16,205,45,68,113,318
07/20/2001,HSV,AL,ASO,CE,Towers with Radar,38,45,59,1,143,1,1,5,0,7,39,46,64,1,150,10,1,11,161
07/21/2001,HSV,AL,ASO,CE,Towers with Radar,28,20,27,11,86,4,0,0,0,4,32,20,27,11,90,15,34,49,139
07/22/2001,HSV,AL,ASO,CE,Towers with Radar,32,35,51,9,127,1,1,35,0,37,33,36,86,9,164,64,4,68,232
07/23/2001,HSV,AL,ASO,CE,Towers with Radar,43,35,40,12,130,1,1,23,2,27,44,36,63,14,157,43,70,113,270
07/24/2001,HSV,AL,ASO,CE,Towers with Radar,40,37,55,24,156,0,9,14,0,23,40,46,69,24,179,36,50,86,265
07/25/2001,HSV,AL,ASO,CE,Towers with Radar,39,44,61,42,186,0,1,10,1,12,39,45,71,43,198,46,82,128,326
07/26/2001,HSV,AL,ASO,CE,Towers with Radar,52,41,63,38,194,0,0,11,0,11,52,41,74,38,205,71,167,238,443
07/27/2001,HSV,AL,ASO,CE,Towers with Radar,41,54,58,36,189,0,1,34,4,39,41,55,92,40,228,60,145,205,433
07/28/2001,HSV,AL,ASO,CE,Towers with Radar,34,24,50,19,127,1,1,16,0,18,35,25,66,19,145,56,10,66,211
07/29/2001,HSV,AL,ASO,CE,Towers with Radar,30,30,43,7,110,0,6,16,0,22,30,36,59,7,132,24,0,24,156
07/30/2001,HSV,AL,ASO,CE,Towers with Radar,49,55,48,7,159,1,0,22,3,26,50,55,70,10,185,22,58,80,265
07/31/2001,HSV,AL,ASO,CE,Towers with Radar,51,35,67,29,182,0,0,27,48,75,51,35,94,77,257,88,236,324,581
08/01/2001,HSV,AL,ASO,CE,Towers with Radar,41,46,65,24,176,0,5,32,4,41,41,51,97,28,217,91,119,210,427
08/02/2001,HSV,AL,ASO,CE,Towers with Radar,50,36,74,26,186,0,0,41,1,42,50,36,115,27,228,45,72,117,345
08/03/2001,HSV,AL,ASO,CE,Towers with Radar,53,35,41,10,139,0,1,13,2,16,53,36,54,12,155,15,10,25,180
08/04/2001,HSV,AL,ASO,CE,Towers with Radar,26,22,35,3,86,20,0,0,0,20,46,22,35,3,106,29,0,29,135
08/05/2001,HSV,AL,ASO,CE,Towers with Radar,41,26,42,5,114,0,1,26,2,29,41,27,68,7,143,26,0,26,169
08/06/2001,HSV,AL,ASO,CE,Towers with Radar,41,36,44,7,128,0,2,11,1,14,41,38,55,8,142,25,64,89,231
08/07/2001,HSV,AL,ASO,CE,Towers with Radar,36,52,58,35,181,0,2,10,3,15,36,54,68,38,196,47,59,106,302
08/08/2001,HSV,AL,ASO,CE,Towers with Radar,47,47,66,23,183,0,2,5,1,8,47,49,71,24,191,22,6,28,219
08/09/2001,HSV,AL,ASO,CE,Towers with Radar,51,35,70,5,161,0,2,12,1,15,51,37,82,6,176,31,0,31,207
08/10/2001,HSV,AL,ASO,CE,Towers with Radar,29,39,31,6,105,0,2,4,1,7,29,41,35,7,112,3,0,3,115
08/11/2001,HSV,AL,ASO,CE,Towers with Radar,27,19,39,10,95,0,2,2,1,5,27,21,41,11,100,21,0,21,121
08/12/2001,HSV,AL,ASO,CE,Towers with Radar,30,32,44,5,111,0,1,6,1,8,30,33,50,6,119,8,0,8,127
08/13/2001,HSV,AL,ASO,CE,Towers with Radar,37,41,46,17,141,0,1,1,1,3,37,42,47,18,144,5,12,17,161
08/14/2001,HSV,AL,ASO,CE,Towers with Radar,42,40,58,21,161,1,6,25,11,43,43,46,83,32,204,84,50,134,338
08/15/2001,HSV,AL,ASO,CE,Towers with Radar,42,51,65,35,193,0,1,37,2,40,42,52,102,37,233,52,58,110,343
08/16/2001,HSV,AL,ASO,CE,Towers with Radar,39,47,87,24,197,0,1,23,4,28,39,48,110,28,225,32,57,89,314
08/17/2001,HSV,AL,ASO,CE,Towers with Radar,46,30,49,15,140,0,1,39,4,44,46,31,88,19,184,43,87,130,314
08/18/2001,HSV,AL,ASO,CE,Towers with Radar,35,20,48,16,119,0,0,30,0,30,35,20,78,16,149,63,10,73,222
08/19/2001,HSV,AL,ASO,CE,Towers with Radar,33,36,73,15,157,0,1,14,2,17,33,37,87,17,174,11,0,11,185
08/20/2001,HSV,AL,ASO,CE,Towers with Radar,26,44,48,58,176,0,2,36,1,39,26,46,84,59,215,74,185,259,474
08/21/2001,HSV,AL,ASO,CE,Towers with Radar,49,43,67,26,185,0,0,63,7,70,49,43,130,33,255,67,144,211,466
08/22/2001,HSV,AL,ASO,CE,Towers with Radar,41,39,48,32,160,0,1,46,2,49,41,40,94,34,209,42,85,127,336
08/23/2001,HSV,AL,ASO,CE,Towers with Radar,39,44,40,17,140,0,1,27,3,31,39,45,67,20,171,33,77,110,281
08/24/2001,HSV,AL,ASO,CE,Towers with Radar,33,48,64,44,189,0,1,25,2,28,33,49,89,46,217,41,89,130,347
08/25/2001,HSV,AL,ASO,CE,Towers with Radar,36,19,44,25,124,0,1,38,1,40,36,20,82,26,164,80,63,143,307
08/26/2001,HSV,AL,ASO,CE,Towers with Radar,26,35,32,8,101,0,1,33,4,38,26,36,65,12,139,59,20,79,218
08/27/2001,HSV,AL,ASO,CE,Towers with Radar,37,40,36,10,123,0,1,12,1,14,37,41,48,11,137,15,50,65,202
08/28/2001,HSV,AL,ASO,CE,Towers with Radar,49,47,60,41,197,0,1,18,4,23,49,48,78,45,220,23,134,157,377
08/29/2001,HSV,AL,ASO,CE,Towers with Radar,43,43,70,49,205,0,1,19,11,31,43,44,89,60,236,50,156,206,442
08/30/2001,HSV,AL,ASO,CE,Towers with Radar,38,50,70,20,178,0,0,16,0,16,38,50,86,20,194,35,0,35,229
08/31/2001,HSV,AL,ASO,CE,Towers with Radar,40,33,45,7,125,8,0,0,0,8,48,33,45,7,133,14,0,14,147
09/01/2001,HSV,AL,ASO,CE,Towers with Radar,30,15,46,0,91,2,0,4,0,6,32,15,50,0,97,21,0,21,118
09/02/2001,HSV,AL,ASO,CE,Towers with Radar,25,38,13,0,76,0,0,23,0,23,25,38,36,0,99,47,0,47,146
09/03/2001,HSV,AL,ASO,CE,Towers with Radar,28,31,13,0,72,0,0,25,0,25,28,31,38,0,97,20,0,20,117
09/04/2001,HSV,AL,ASO,CE,Towers with Radar,42,39,5,18,104,0,0,72,6,78,42,39,77,24,182,34,98,132,314
09/05/2001,HSV,AL,ASO,CE,Towers with Radar,36,40,38,38,152,0,0,43,2,45,36,40,81,40,197,79,116,195,392
09/06/2001,HSV,AL,ASO,CE,Towers with Radar,36,52,46,51,185,0,0,42,1,43,36,52,88,52,228,35,57,92,320
09/07/2001,HSV,AL,ASO,CE,Towers with Radar,33,46,25,26,130,0,0,35,3,38,33,46,60,29,168,44,57,101,269
09/08/2001,HSV,AL,ASO,CE,Towers with Radar,32,35,0,1,68,0,0,37,0,37,32,35,37,1,105,50,0,50,155
09/09/2001,HSV,AL,ASO,CE,Towers with Radar,32,38,29,2,101,0,0,35,0,35,32,38,64,2,136,47,0,47,183
09/10/2001,HSV,AL,ASO,CE,Towers with Radar,40,44,29,22,135,0,0,30,5,35,40,44,59,27,170,28,107,135,305
09/11/2001,HSV,AL,ASO,CE,Towers with Radar,10,6,0,0,16,0,0,5,0,5,10,6,5,0,21,0,0,0,21
09/12/2001,HSV,AL,ASO,CE,Towers with Radar,0,1,0,0,1,0,0,3,0,3,0,1,3,0,4,0,0,0,4
09/13/2001,HSV,AL,ASO,CE,Towers with Radar,8,10,0,3,21,0,0,1,7,8,8,10,1,10,29,5,12,17,46
09/14/2001,HSV,AL,ASO,CE,Towers with Radar,20,24,0,17,61,0,0,14,1,15,20,24,14,18,76,3,52,55,131
09/15/2001,HSV,AL,ASO,CE,Towers with Radar,19,23,40,10,92,0,0,21,0,21,19,23,61,10,113,22,12,34,147
09/16/2001,HSV,AL,ASO,CE,Towers with Radar,23,29,0,0,52,0,0,32,0,32,23,29,32,0,84,6,2,8,92
09/17/2001,HSV,AL,ASO,CE,Towers with Radar,31,36,60,42,169,0,0,22,0,22,31,36,82,42,191,35,166,201,392
09/18/2001,HSV,AL,ASO,CE,Towers with Radar,36,39,13,25,113,0,0,55,18,73,36,39,68,43,186,19,178,197,383
09/19/2001,HSV,AL,ASO,CE,Towers with Radar,28,35,15,6,84,0,0,20,0,20,28,35,35,6,104,10,0,10,114
09/20/2001,HSV,AL,ASO,CE,Towers with Radar,36,41,57,42,176,0,0,30,4,34,36,41,87,46,210,50,111,161,371
09/21/2001,HSV,AL,ASO,CE,Towers with Radar,31,34,9,21,95,0,0,67,13,80,31,34,76,34,175,23,116,139,314
09/22/2001,HSV,AL,ASO,CE,Towers with Radar,23,19,13,18,73,0,0,60,7,67,23,19,73,25,140,25,168,193,333
09/23/2001,HSV,AL,ASO,CE,Towers with Radar,27,21,8,0,56,0,0,48,0,48,27,21,56,0,104,23,0,23,127
09/24/2001,HSV,AL,ASO,CE,Towers with Radar,30,41,28,33,132,0,0,32,0,32,30,41,60,33,164,32,6,38,202
09/25/2001,HSV,AL,ASO,CE,Towers with Radar,34,46,21,13,114,0,0,47,5,52,34,46,68,18,166,11,96,107,273
09/26/2001,HSV,AL,ASO,CE,Towers with Radar,29,40,38,17,124,0,0,46,1,47,29,40,84,18,171,42,82,124,295
09/27/2001,HSV,AL,ASO,CE,Towers with Radar,44,41,62,26,173,0,0,42,3,45,44,41,104,29,218,64,78,142,360
09/28/2001,HSV,AL,ASO,CE,Towers with Radar,28,38,50,11,127,0,0,58,0,58,28,38,108,11,185,26,1,27,212
09/29/2001,HSV,AL,ASO,CE,Towers with Radar,26,25,17,0,68,0,0,59,0,59,26,25,76,0,127,38,0,38,165
09/30/2001,HSV,AL,ASO,CE,Towers with Radar,36,23,0,1,60,0,0,95,0,95,36,23,95,1,155,32,0,32,187
10/01/2001,HSV,AL,ASO,CE,Towers with Radar,29,31,42,14,116,6,1,24,0,31,35,32,66,14,147,29,52,81,228
10/02/2001,HSV,AL,ASO,CE,Towers with Radar,41,31,56,49,177,0,0,31,1,32,41,31,87,50,209,127,116,243,452
10/03/2001,HSV,AL,ASO,CE,Towers with Radar,33,39,62,19,153,0,0,47,7,54,33,39,109,26,207,72,126,198,405
10/04/2001,HSV,AL,ASO,CE,Towers with Radar,41,33,55,30,159,0,0,30,1,31,41,33,85,31,190,30,84,114,304
10/05/2001,HSV,AL,ASO,CE,Towers with Radar,32,34,41,20,127,0,2,10,1,13,32,36,51,21,140,31,35,66,206
10/06/2001,HSV,AL,ASO,CE,Towers with Radar,26,27,46,10,109,0,0,8,1,9,26,27,54,11,118,31,32,63,181
10/07/2001,HSV,AL,ASO,CE,Towers with Radar,25,21,30,8,84,0,36,1,0,37,25,57,31,8,121,21,8,29,150
10/08/2001,HSV,AL,ASO,CE,Towers with Radar,32,41,49,0,122,0,0,21,0,21,32,41,70,0,143,29,5,34,177
10/09/2001,HSV,AL,ASO,CE,Towers with Radar,33,44,53,39,169,0,0,26,0,26,33,44,79,39,195,52,86,138,333
10/10/2001,HSV,AL,ASO,CE,Towers with Radar,44,37,53,50,184,0,0,17,2,19,44,37,70,52,203,44,83,127,330
10/11/2001,HSV,AL,ASO,CE,Towers with Radar,32,41,52,12,137,0,0,2,0,2,32,41,54,12,139,18,36,54,193
10/12/2001,HSV,AL,ASO,CE,Towers with Radar,30,37,32,31,130,0,0,6,0,6,30,37,38,31,136,17,116,133,269
10/13/2001,HSV,AL,ASO,CE,Towers with Radar,22,33,12,2,69,0,0,1,0,1,22,33,13,2,70,2,0,2,72
10/14/2001,HSV,AL,ASO,CE,Towers with Radar,28,28,43,1,100,0,0,15,0,15,28,28,58,1,115,51,0,51,166
10/15/2001,HSV,AL,ASO,CE,Towers with Radar,26,39,39,28,132,0,0,33,1,34,26,39,72,29,166,34,102,136,302
10/16/2001,HSV,AL,ASO,CE,Towers with Radar,31,42,60,21,154,0,0,16,5,21,31,42,76,26,175,59,70,129,304
10/17/2001,HSV,AL,ASO,CE,Towers with Radar,28,51,63,19,161,0,0,35,0,35,28,51,98,19,196,35,67,102,298
10/18/2001,HSV,AL,ASO,CE,Towers with Radar,41,36,39,39,155,0,1,32,1,34,41,37,71,40,189,44,80,124,313
10/19/2001,HSV,AL,ASO,CE,Towers with Radar,31,42,37,9,119,0,0,31,0,31,31,42,68,9,150,32,38,70,220
10/20/2001,HSV,AL,ASO,CE,Towers with Radar,26,27,52,3,108,0,0,34,0,34,26,27,86,3,142,20,0,20,162
10/21/2001,HSV,AL,ASO,CE,Towers with Radar,22,35,58,0,115,0,0,55,0,55,22,35,113,0,170,55,0,55,225
10/22/2001,HSV,AL,ASO,CE,Towers with Radar,31,36,47,54,168,0,0,25,0,25,31,36,72,54,193,63,151,214,407
10/23/2001,HSV,AL,ASO,CE,Towers with Radar,31,41,37,22,131,0,0,19,0,19,31,41,56,22,150,47,58,105,255
10/24/2001,HSV,AL,ASO,CE,Towers with Radar,33,41,100,25,199,0,1,1,0,2,33,42,101,25,201,44,53,97,298
10/25/2001,HSV,AL,ASO,CE,Towers with Radar,38,38,45,28,149,0,0,18,0,18,38,38,63,28,167,30,127,157,324
10/26/2001,HSV,AL,ASO,CE,Towers with Radar,27,42,40,13,122,0,3,23,0,26,27,45,63,13,148,15,71,86,234
10/27/2001,HSV,AL,ASO,CE,Towers with Radar,22,31,38,0,91,0,0,23,0,23,22,31,61,0,114,22,0,22,136
10/28/2001,HSV,AL,ASO,CE,Towers with Radar,32,30,35,6,103,0,0,45,0,45,32,30,80,6,148,51,4,55,203
10/29/2001,HSV,AL,ASO,CE,Towers with Radar,34,34,49,24,141,0,0,38,0,38,34,34,87,24,179,74,84,158,337
10/30/2001,HSV,AL,ASO,CE,Towers with Radar,33,48,47,50,178,0,0,38,2,40,33,48,85,52,218,90,105,195,413
10/31/2001,HSV,AL,ASO,CE,Towers with Radar,30,42,46,30,148,0,0,18,0,18,30,42,64,30,166,42,154,196,362
11/01/2001,HSV,AL,ASO,CE,Towers with Radar,34,39,75,18,166,0,1,20,0,21,34,40,95,18,187,23,64,87,274
11/02/2001,HSV,AL,ASO,CE,Towers with Radar,21,39,58,23,141,0,0,60,18,78,21,39,118,41,219,67,125,192,411
11/03/2001,HSV,AL,ASO,CE,Towers with Radar,22,25,34,5,86,5,0,37,0,42,27,25,71,5,128,25,7,32,160
11/04/2001,HSV,AL,ASO,CE,Towers with Radar,21,32,69,9,131,0,1,33,1,35,21,33,102,10,166,39,28,67,233
11/05/2001,HSV,AL,ASO,CE,Towers with Radar,24,36,46,20,126,0,10,11,8,29,24,46,57,28,155,26,78,104,259
11/06/2001,HSV,AL,ASO,CE,Towers with Radar,25,23,26,16,90,24,0,0,2,26,49,23,26,18,116,16,0,16,132
11/07/2001,HSV,AL,ASO,CE,Towers with Radar,45,36,42,35,158,0,1,52,3,56,45,37,94,38,214,82,70,152,366
11/08/2001,HSV,AL,ASO,CE,Towers with Radar,33,44,46,11,134,0,1,38,2,41,33,45,84,13,175,72,41,113,288
11/09/2001,HSV,AL,ASO,CE,Towers with Radar,33,35,61,20,149,0,1,24,0,25,33,36,85,20,174,46,114,160,334
11/10/2001,HSV,AL,ASO,CE,Towers with Radar,20,35,53,5,113,0,1,25,0,26,20,36,78,5,139,76,1,77,216
11/11/2001,HSV,AL,ASO,CE,Towers with Radar,26,27,38,0,91,0,1,14,0,15,26,28,52,0,106,1,0,1,107
11/12/2001,HSV,AL,ASO,CE,Towers with Radar,29,42,67,3,141,0,6,18,2,26,29,48,85,5,167,15,0,15,182
11/13/2001,HSV,AL,ASO,CE,Towers with Radar,27,50,53,36,166,0,1,30,0,31,27,51,83,36,197,58,97,155,352
11/14/2001,HSV,AL,ASO,CE,Towers with Radar,30,40,67,26,163,0,2,24,2,28,30,42,91,28,191,48,153,201,392
11/15/2001,HSV,AL,ASO,CE,Towers with Radar,30,41,58,39,168,0,1,33,0,34,30,42,91,39,202,58,65,123,325
11/16/2001,HSV,AL,ASO,CE,Towers with Radar,25,36,46,19,126,0,3,30,5,38,25,39,76,24,164,25,156,181,345
11/17/2001,HSV,AL,ASO,CE,Towers with Radar,25,29,34,1,89,0,1,42,0,43,25,30,76,1,132,69,0,69,201
11/18/2001,HSV,AL,ASO,CE,Towers with Radar,21,30,36,3,90,0,1,33,0,34,21,31,69,3,124,21,4,25,149
11/19/2001,HSV,AL,ASO,CE,Towers with Radar,22,37,30,37,126,0,1,11,0,12,22,38,41,37,138,52,170,222,360
11/20/2001,HSV,AL,ASO,CE,Towers with Radar,23,52,49,15,139,0,1,18,0,19,23,53,67,15,158,31,117,148,306
11/21/2001,HSV,AL,ASO,CE,Towers with Radar,33,43,54,22,152,0,1,48,2,51,33,44,102,24,203,42,37,79,282
11/22/2001,HSV,AL,ASO,CE,Towers with Radar,22,23,35,0,80,0,1,16,0,17,22,24,51,0,97,6,0,6,103
11/23/2001,HSV,AL,ASO,CE,Towers with Radar,14,36,25,0,75,0,4,2,0,6,14,40,27,0,81,0,0,0,81
11/24/2001,HSV,AL,ASO,CE,Towers with Radar,22,30,6,0,58,0,1,0,0,1,22,31,6,0,59,0,0,0,59
11/25/2001,HSV,AL,ASO,CE,Towers with Radar,27,28,71,0,126,0,1,44,0,45,27,29,115,0,171,41,0,41,212
11/26/2001,HSV,AL,ASO,CE,Towers with Radar,24,37,37,56,154,0,0,8,0,8,24,37,45,56,162,67,154,221,383
11/27/2001,HSV,AL,ASO,CE,Towers with Radar,33,34,22,7,96,0,0,0,0,0,33,34,22,7,96,7,18,25,121
11/28/2001,HSV,AL,ASO,CE,Towers with Radar,36,38,45,67,186,0,0,11,1,12,36,38,56,68,198,36,160,196,394
11/29/2001,HSV,AL,ASO,CE,Towers with Radar,29,41,12,0,82,0,0,0,0,0,29,41,12,0,82,0,0,0,82
11/30/2001,HSV,AL,ASO,CE,Towers with Radar,41,35,65,27,168,18,0,36,10,64,59,35,101,37,232,65,88,153,385
12/01/2001,HSV,AL,ASO,CE,Towers with Radar,30,19,70,28,147,1,0,25,0,26,31,19,95,28,173,41,2,43,216
12/02/2001,HSV,AL,ASO,CE,Towers with Radar,20,35,37,13,105,0,1,52,0,53,20,36,89,13,158,42,14,56,214
12/03/2001,HSV,AL,ASO,CE,Towers with Radar,29,29,37,14,109,10,0,15,2,27,39,29,52,16,136,49,44,93,229
12/04/2001,HSV,AL,ASO,CE,Towers with Radar,38,33,51,19,141,6,0,42,17,65,44,33,93,36,206,61,136,197,403
12/05/2001,HSV,AL,ASO,CE,Towers with Radar,29,50,30,22,131,0,3,41,0,44,29,53,71,22,175,47,47,94,269
12/06/2001,HSV,AL,ASO,CE,Towers with Radar,28,45,69,33,175,0,2,14,0,16,28,47,83,33,191,96,80,176,367
12/07/2001,HSV,AL,ASO,CE,Towers with Radar,25,44,58,12,139,0,2,2,0,4,25,46,60,12,143,31,0,31,174
12/08/2001,HSV,AL,ASO,CE,Towers with Radar,23,27,21,2,73,0,2,0,0,2,23,29,21,2,75,22,0,22,97
12/09/2001,HSV,AL,ASO,CE,Towers with Radar,21,35,60,4,120,0,2,31,0,33,21,37,91,4,153,55,47,102,255
12/10/2001,HSV,AL,ASO,CE,Towers with Radar,20,41,52,13,126,0,2,3,0,5,20,43,55,13,131,11,0,11,142
12/11/2001,HSV,AL,ASO,CE,Towers with Radar,31,42,51,19,143,0,0,3,23,26,31,42,54,42,169,44,106,150,319
12/12/2001,HSV,AL,ASO,CE,Towers with Radar,29,40,45,18,132,0,3,4,27,34,29,43,49,45,166,27,102,129,295
12/13/2001,HSV,AL,ASO,CE,Towers with Radar,26,40,32,6,104,0,2,0,0,2,26,42,32,6,106,8,1,9,115
12/14/2001,HSV,AL,ASO,CE,Towers with Radar,36,33,48,18,135,4,0,7,3,14,40,33,55,21,149,35,66,101,250
12/15/2001,HSV,AL,ASO,CE,Towers with Radar,24,26,56,2,108,0,2,38,0,40,24,28,94,2,148,77,4,81,229
12/16/2001,HSV,AL,ASO,CE,Towers with Radar,28,26,27,0,81,0,2,2,0,4,28,28,29,0,85,18,0,18,103
12/17/2001,HSV,AL,ASO,CE,Towers with Radar,24,27,28,9,88,10,6,0,0,16,34,33,28,9,104,10,0,10,114
12/18/2001,HSV,AL,ASO,CE,Towers with Radar,33,46,51,18,148,0,4,34,0,38,33,50,85,18,186,39,96,135,321
12/19/2001,HSV,AL,ASO,CE,Towers with Radar,30,48,38,17,133,0,2,16,0,18,30,50,54,17,151,22,10,32,183
12/20/2001,HSV,AL,ASO,CE,Towers with Radar,26,50,31,36,143,0,2,32,0,34,26,52,63,36,177,19,80,99,276
12/21/2001,HSV,AL,ASO,CE,Towers with Radar,30,34,41,23,128,0,2,35,0,37,30,36,76,23,165,27,56,83,248
12/22/2001,HSV,AL,ASO,CE,Towers with Radar,22,26,25,0,73,0,2,24,0,26,22,28,49,0,99,59,0,59,158
12/23/2001,HSV,AL,ASO,CE,Towers with Radar,18,31,18,0,67,0,3,6,0,9,18,34,24,0,76,8,0,8,84
12/24/2001,HSV,AL,ASO,CE,Towers with Radar,19,27,18,0,64,0,2,23,0,25,19,29,41,0,89,13,2,15,104
12/25/2001,HSV,AL,ASO,CE,Towers with Radar,24,17,17,0,58,0,1,10,0,11,24,18,27,0,69,0,0,0,69
12/26/2001,HSV,AL,ASO,CE,Towers with Radar,21,41,34,0,96,0,4,23,0,27,21,45,57,0,123,61,0,61,184
12/27/2001,HSV,AL,ASO,CE,Towers with Radar,20,45,33,16,114,0,1,30,0,31,20,46,63,16,145,32,37,69,214
12/28/2001,HSV,AL,ASO,CE,Towers with Radar,20,28,30,1,79,0,1,19,0,20,20,29,49,1,99,29,0,29,128
12/29/2001,HSV,AL,ASO,CE,Towers with Radar,28,24,36,4,92,12,0,29,0,41,40,24,65,4,133,53,0,53,186
12/30/2001,HSV,AL,ASO,CE,Towers with Radar,32,26,26,0,84,0,0,35,0,35,32,26,61,0,119,51,0,51,170
12/31/2001,HSV,AL,ASO,CE,Towers with Radar,37,23,16,0,76,0,0,26,0,26,37,23,42,0,102,21,0,21,123
01/01/2002,HSV,AL,ASO,CE,Towers with Radar,24,22,25,0,71,1,1,19,0,21,25,23,44,0,92,30,0,30,122
01/02/2002,HSV,AL,ASO,CE,Towers with Radar,15,31,24,0,70,1,1,15,0,17,16,32,39,0,87,29,0,29,116
01/03/2002,HSV,AL,ASO,CE,Towers with Radar,32,34,9,4,79,0,1,10,1,12,32,35,19,5,91,16,0,16,107
01/04/2002,HSV,AL,ASO,CE,Towers with Radar,27,30,40,21,118,8,0,26,10,44,35,30,66,31,162,23,134,157,319
01/05/2002,HSV,AL,ASO,CE,Towers with Radar,15,23,23,0,61,4,13,30,0,47,19,36,53,0,108,46,0,46,154
01/06/2002,HSV,AL,ASO,CE,Towers with Radar,0,0,0,0,0,0,0,0,0,0,0,0,0,0,0,0,0,0,0
01/07/2002,HSV,AL,ASO,CE,Towers with Radar,24,38,21,45,128,1,2,13,0,16,25,40,34,45,144,36,62,98,242
01/08/2002,HSV,AL,ASO,CE,Towers with Radar,26,46,47,44,163,1,1,23,10,35,27,47,70,54,198,55,146,201,399
01/09/2002,HSV,AL,ASO,CE,Towers with Radar,31,47,72,47,197,0,0,17,9,26,31,47,89,56,223,68,226,294,517
01/10/2002,HSV,AL,ASO,CE,Towers with Radar,39,41,51,35,166,1,1,7,0,9,40,42,58,35,175,44,116,160,335
01/11/2002,HSV,AL,ASO,CE,Towers with Radar,24,50,41,19,134,0,0,31,1,32,24,50,72,20,166,16,158,174,340
01/12/2002,HSV,AL,ASO,CE,Towers with Radar,13,33,18,0,64,1,2,30,1,34,14,35,48,1,98,8,0,8,106
01/13/2002,HSV,AL,ASO,CE,Towers with Radar,32,26,42,6,106,1,1,37,0,39,33,27,79,6,145,39,0,39,184
01/14/2002,HSV,AL,ASO,CE,Towers with Radar,42,38,31,26,137,0,0,12,0,12,42,38,43,26,149,33,86,119,268
01/15/2002,HSV,AL,ASO,CE,Towers with Radar,23,48,37,42,150,1,1,25,1,28,24,49,62,43,178,57,123,180,358
01/16/2002,HSV,AL,ASO,CE,Towers with Radar,28,46,48,26,148,0,0,28,12,40,28,46,76,38,188,56,153,209,397
01/17/2002,HSV,AL,ASO,CE,Towers with Radar,36,41,74,19,170,1,0,40,12,53,37,41,114,31,223,65,169,234,457
01/18/2002,HSV,AL,ASO,CE,Towers with Radar,24,53,58,19,154,1,0,11,4,16,25,53,69,23,170,24,78,102,272
01/19/2002,HSV,AL,ASO,CE,Towers with Radar,13,30,14,1,58,1,0,0,0,1,14,30,14,1,59,5,0,5,64
01/20/2002,HSV,AL,ASO,CE,Towers with Radar,27,31,33,1,92,1,0,37,0,38,28,31,70,1,130,42,0,42,172
01/21/2002,HSV,AL,ASO,CE,Towers with Radar,25,46,43,23,137,0,7,26,0,33,25,53,69,23,170,24,78,102,272
01/22/2002,HSV,AL,ASO,CE,Towers with Radar,23,53,34,28,138,1,0,18,0,19,24,53,52,28,157,8,126,134,291
01/23/2002,HSV,AL,ASO,CE,Towers with Radar,28,44,41,22,135,0,1,11,1,13,28,45,52,23,148,11,38,49,197
01/24/2002,HSV,AL,ASO,CE,Towers with Radar,28,50,35,0,113,1,0,0,0,1,29,50,35,0,114,6,0,6,120
01/25/2002,HSV,AL,ASO,CE,Towers with Radar,35,43,45,47,170,1,0,21,3,25,36,43,66,50,195,34,135,169,364
01/26/2002,HSV,AL,ASO,CE,Towers with Radar,16,31,31,11,89,0,0,50,0,50,16,31,81,11,139,41,10,51,190
01/27/2002,HSV,AL,ASO,CE,Towers with Radar,20,38,46,1,105,0,1,35,0,36,20,39,81,1,141,68,13,81,222
01/28/2002,HSV,AL,ASO,CE,Towers with Radar,29,46,38,31,144,0,0,4,0,4,29,46,42,31,148,26,52,78,226
01/29/2002,HSV,AL,ASO,CE,Towers with Radar,21,53,51,28,153,0,6,8,0,14,21,59,59,28,167,33,40,73,240
01/30/2002,HSV,AL,ASO,CE,Towers with Radar,28,55,52,40,175,0,0,18,0,18,28,55,70,40,193,61,234,295,488
01/31/2002,HSV,AL,ASO,CE,Towers with Radar,38,40,54,42,174,0,2,13,0,15,38,42,67,42,189,18,132,150,339
02/01/2002,HSV,AL,ASO,CE,Towers with Radar,27,46,44,27,144,1,0,10,0,11,28,46,54,27,155,35,74,109,264
02/02/2002,HSV,AL,ASO,CE,Towers with Radar,18,30,32,0,80,0,0,36,0,36,18,30,68,0,116,32,0,32,148
02/03/2002,HSV,AL,ASO,CE,Towers with Radar,23,33,41,7,104,0,0,6,0,6,23,33,47,7,110,80,0,80,190
02/04/2002,HSV,AL,ASO,CE,Towers with Radar,24,47,25,19,115,0,0,27,7,34,24,47,52,26,149,34,81,115,264
02/05/2002,HSV,AL,ASO,CE,Towers with Radar,21,50,48,13,132,0,9,11,29,49,21,59,59,42,181,37,212,249,430
02/06/2002,HSV,AL,ASO,CE,Towers with Radar,26,42,11,0,79,0,0,1,0,1,26,42,12,0,80,0,0,0,80
02/07/2002,HSV,AL,ASO,CE,Towers with Radar,34,39,35,9,117,0,0,3,0,3,34,39,38,9,120,12,0,12,132
02/08/2002,HSV,AL,ASO,CE,Towers with Radar,30,49,51,14,144,0,0,23,0,23,30,49,74,14,167,24,0,24,191
02/09/2002,HSV,AL,ASO,CE,Towers with Radar,19,30,32,5,86,0,0,44,0,44,19,30,76,5,130,64,16,80,210
02/10/2002,HSV,AL,ASO,CE,Towers with Radar,28,29,18,2,77,0,0,9,0,9,28,29,27,2,86,18,0,18,104
02/11/2002,HSV,AL,ASO,CE,Towers with Radar,21,51,37,9,118,0,0,27,0,27,21,51,64,9,145,20,22,42,187
02/12/2002,HSV,AL,ASO,CE,Towers with Radar,30,43,36,6,115,0,0,33,0,33,30,43,69,6,148,23,3,26,174
02/13/2002,HSV,AL,ASO,CE,Towers with Radar,31,46,89,17,183,0,0,31,0,31,31,46,120,17,214,86,28,114,328
02/14/2002,HSV,AL,ASO,CE,Towers with Radar,27,56,39,33,155,0,0,38,0,38,27,56,77,33,193,72,69,141,334
02/15/2002,HSV,AL,ASO,CE,Towers with Radar,25,46,50,8,129,0,0,36,0,36,25,46,86,8,165,63,30,93,258
02/16/2002,HSV,AL,ASO,CE,Towers with Radar,18,34,10,2,64,0,0,36,0,36,18,34,46,2,100,16,4,20,120
02/17/2002,HSV,AL,ASO,CE,Towers with Radar,24,32,35,6,97,4,0,15,0,19,28,32,50,6,116,39,2,41,157
02/18/2002,HSV,AL,ASO,CE,Towers with Radar,27,51,59,2,139,0,0,47,0,47,27,51,106,2,186,78,0,78,264
02/19/2002,HSV,AL,ASO,CE,Towers with Radar,24,41,40,6,111,0,10,16,0,26,24,51,56,6,137,44,8,52,189
02/20/2002,HSV,AL,ASO,CE,Towers with Radar,22,43,41,11,117,0,10,14,6,30,22,53,55,17,147,11,58,69,216
02/21/2002,HSV,AL,ASO,CE,Towers with Radar,27,49,50,14,140,0,0,19,5,24,27,49,69,19,164,10,46,56,220
02/22/2002,HSV,AL,ASO,CE,Towers with Radar,30,46,41,12,129,0,0,13,0,13,30,46,54,12,142,17,22,39,181
02/23/2002,HSV,AL,ASO,CE,Towers with Radar,24,23,52,7,106,0,1,43,0,44,24,24,95,7,150,47,1,48,198
02/24/2002,HSV,AL,ASO,CE,Towers with Radar,24,32,65,10,131,0,0,41,8,49,24,32,106,18,180,25,78,103,283
02/25/2002,HSV,AL,ASO,CE,Towers with Radar,27,39,44,12,122,9,0,20,0,29,36,39,64,12,151,42,6,48,199
02/26/2002,HSV,AL,ASO,CE,Towers with Radar,28,43,42,12,125,7,5,11,5,28,35,48,53,17,153,34,20,54,207
02/27/2002,HSV,AL,ASO,CE,Towers with Radar,39,38,81,2,160,0,4,23,1,28,39,42,104,3,188,35,0,35,223
02/28/2002,HSV,AL,ASO,CE,Towers with Radar,28,48,40,20,136,0,1,49,2,52,28,49,89,22,188,37,24,61,249
03/01/2002,HSV,AL,ASO,CE,Towers with Radar,18,49,61,25,153,2,1,23,2,28,20,50,84,27,181,36,10,46,227
03/02/2002,HSV,AL,ASO,CE,Towers with Radar,15,30,16,2,63,1,0,0,0,1,16,30,16,2,64,12,0,12,76
03/03/2002,HSV,AL,ASO,CE,Towers with Radar,28,29,32,2,91,1,0,10,0,11,29,29,42,2,102,29,0,29,131
03/04/2002,HSV,AL,ASO,CE,Towers with Radar,24,38,44,12,118,1,0,22,9,32,25,38,66,21,150,70,88,158,308
03/05/2002,HSV,AL,ASO,CE,Towers with Radar,34,44,45,8,131,1,0,19,1,21,35,44,64,9,152,33,60,93,245
03/06/2002,HSV,AL,ASO,CE,Towers with Radar,28,46,45,9,128,5,0,40,0,45,33,46,85,9,173,38,20,58,231
03/07/2002,HSV,AL,ASO,CE,Towers with Radar,28,47,32,28,135,1,0,19,3,23,29,47,51,31,158,36,12,48,206
03/08/2002,HSV,AL,ASO,CE,Towers with Radar,30,42,57,13,142,1,2,22,2,27,31,44,79,15,169,16,0,16,185
03/09/2002,HSV,AL,ASO,CE,Towers with Radar,20,29,15,0,64,0,1,8,2,11,20,30,23,2,75,0,0,0,75
03/10/2002,HSV,AL,ASO,CE,Towers with Radar,18,38,41,0,97,0,1,40,0,41,18,39,81,0,138,9,0,9,147
03/11/2002,HSV,AL,ASO,CE,Towers with Radar,25,48,25,12,110,0,1,21,2,24,25,49,46,14,134,32,0,32,166
03/12/2002,HSV,AL,ASO,CE,Towers with Radar,27,42,40,6,115,0,1,0,0,1,27,43,40,6,116,13,0,13,129
03/13/2002,HSV,AL,ASO,CE,Towers with Radar,30,46,80,21,177,0,1,10,0,11,30,47,90,21,188,39,0,39,227
03/14/2002,HSV,AL,ASO,CE,Towers with Radar,28,41,53,21,143,0,5,41,3,49,28,46,94,24,192,38,6,44,236
03/15/2002,HSV,AL,ASO,CE,Towers with Radar,27,43,37,11,118,0,0,0,10,10,27,43,37,21,128,34,25,59,187
03/16/2002,HSV,AL,ASO,CE,Towers with Radar,23,36,42,5,106,0,1,3,0,4,23,37,45,5,110,47,0,47,157
03/17/2002,HSV,AL,ASO,CE,Towers with Radar,24,36,37,3,100,0,1,10,0,11,24,37,47,3,111,7,0,7,118
03/18/2002,HSV,AL,ASO,CE,Towers with Radar,35,39,61,20,155,0,5,8,0,13,35,44,69,20,168,31,16,47,215
03/19/2002,HSV,AL,ASO,CE,Towers with Radar,26,56,54,13,149,0,1,15,8,24,26,57,69,21,173,31,0,31,204
03/20/2002,HSV,AL,ASO,CE,Towers with Radar,22,53,51,2,128,0,0,3,0,3,22,53,54,2,131,3,0,3,134
03/21/2002,HSV,AL,ASO,CE,Towers with Radar,29,56,35,9,129,0,0,24,2,26,29,56,59,11,155,37,21,58,213
03/22/2002,HSV,AL,ASO,CE,Towers with Radar,25,55,52,10,142,0,1,28,0,29,25,56,80,10,171,15,93,108,279
03/23/2002,HSV,AL,ASO,CE,Towers with Radar,34,18,70,0,122,0,0,47,0,47,34,18,117,0,169,79,0,79,248
03/24/2002,HSV,AL,ASO,CE,Towers with Radar,19,44,39,2,104,0,0,31,0,31,19,44,70,2,135,48,0,48,183
03/25/2002,HSV,AL,ASO,CE,Towers with Radar,22,54,21,14,111,0,0,25,0,25,22,54,46,14,136,23,78,101,237
03/26/2002,HSV,AL,ASO,CE,Towers with Radar,30,58,33,0,121,0,0,4,0,4,30,58,37,0,125,18,0,18,143
03/27/2002,HSV,AL,ASO,CE,Towers with Radar,25,51,42,9,127,0,0,26,2,28,25,51,68,11,155,11,81,92,247
03/28/2002,HSV,AL,ASO,CE,Towers with Radar,26,56,36,24,142,0,0,36,0,36,26,56,72,24,178,48,112,160,338
03/29/2002,HSV,AL,ASO,CE,Towers with Radar,27,48,29,9,113,0,0,13,0,13,27,48,42,9,126,31,9,40,166
03/30/2002,HSV,AL,ASO,CE,Towers with Radar,27,27,15,0,69,0,0,0,0,0,27,27,15,0,69,0,0,0,69
03/31/2002,HSV,AL,ASO,CE,Towers with Radar,26,38,17,0,81,0,0,0,0,0,26,38,17,0,81,5,0,5,86
04/01/2002,HSV,AL,ASO,CE,Towers with Radar,23,52,51,22,148,0,0,27,6,33,23,52,78,28,181,64,66,130,311
04/02/2002,HSV,AL,ASO,CE,Towers with Radar,26,46,54,17,143,0,1,27,3,31,26,47,81,20,174,35,75,110,284
04/03/2002,HSV,AL,ASO,CE,Towers with Radar,30,45,51,28,154,0,1,20,0,21,30,46,71,28,175,61,74,135,310
04/04/2002,HSV,AL,ASO,CE,Towers with Radar,25,50,52,25,152,1,1,28,4,34,26,51,80,29,186,30,12,42,228
04/05/2002,HSV,AL,ASO,CE,Towers with Radar,22,49,38,2,111,1,1,36,0,38,23,50,74,2,149,55,0,55,204
04/06/2002,HSV,AL,ASO,CE,Towers with Radar,19,31,28,0,78,1,1,41,0,43,20,32,69,0,121,45,0,45,166
04/07/2002,HSV,AL,ASO,CE,Towers with Radar,21,34,26,7,88,1,1,25,0,27,22,35,51,7,115,32,0,32,147
04/08/2002,HSV,AL,ASO,CE,Towers with Radar,19,51,33,2,105,0,0,8,0,8,19,51,41,2,113,10,0,10,123
04/09/2002,HSV,AL,ASO,CE,Towers with Radar,33,50,40,26,149,0,0,7,0,7,33,50,47,26,156,35,103,138,294
04/10/2002,HSV,AL,ASO,CE,Towers with Radar,27,55,61,28,171,0,1,32,2,35,27,56,93,30,206,48,76,124,330
04/11/2002,HSV,AL,ASO,CE,Towers with Radar,25,59,61,27,172,1,0,3,0,4,26,59,64,27,176,25,56,81,257
04/12/2002,HSV,AL,ASO,CE,Towers with Radar,35,44,58,24,161,0,0,6,0,6,35,44,64,24,167,18,18,36,203
04/13/2002,HSV,AL,ASO,CE,Towers with Radar,21,38,33,8,100,1,0,13,0,14,22,38,46,8,114,29,10,39,153
04/14/2002,HSV,AL,ASO,CE,Towers with Radar,15,42,37,14,108,0,5,15,0,20,15,47,52,14,128,22,0,22,150
04/15/2002,HSV,AL,ASO,CE,Towers with Radar,25,49,46,21,141,3,0,9,17,29,28,49,55,38,170,71,170,241,411
04/16/2002,HSV,AL,ASO,CE,Towers with Radar,21,62,41,41,165,0,0,28,0,28,21,62,69,41,193,85,217,302,495
04/17/2002,HSV,AL,ASO,CE,Towers with Radar,17,52,67,24,160,0,1,27,0,28,17,53,94,24,188,70,51,121,309
04/18/2002,HSV,AL,ASO,CE,Towers with Radar,25,54,52,44,175,1,3,51,2,57,26,57,103,46,232,105,110,215,447
04/19/2002,HSV,AL,ASO,CE,Towers with Radar,22,56,49,17,144,1,0,36,0,37,23,56,85,17,181,43,115,158,339
04/20/2002,HSV,AL,ASO,CE,Towers with Radar,19,36,13,4,72,1,0,31,0,32,20,36,44,4,104,9,0,9,113
04/21/2002,HSV,AL,ASO,CE,Towers with Radar,16,45,37,6,104,1,0,30,1,32,17,45,67,7,136,18,0,18,154
04/22/2002,HSV,AL,ASO,CE,Towers with Radar,29,52,39,30,150,0,1,24,0,25,29,53,63,30,175,27,154,181,356
04/23/2002,HSV,AL,ASO,CE,Towers with Radar,25,45,54,41,165,1,0,21,3,25,26,45,75,44,190,92,114,206,396
04/24/2002,HSV,AL,ASO,CE,Towers with Radar,25,56,46,20,147,0,0,12,1,13,25,56,58,21,160,44,79,123,283
04/25/2002,HSV,AL,ASO,CE,Towers with Radar,0,0,0,0,0,0,0,0,0,0,0,0,0,0,0,0,0,0,0
04/26/2002,HSV,AL,ASO,CE,Towers with Radar,30,50,79,23,182,0,2,15,0,17,30,52,94,23,199,75,73,148,347
04/27/2002,HSV,AL,ASO,CE,Towers with Radar,29,31,25,6,91,1,0,18,0,19,30,31,43,6,110,75,12,87,197
04/28/2002,HSV,AL,ASO,CE,Towers with Radar,21,39,25,2,87,1,0,6,2,9,22,39,31,4,96,0,0,0,96
04/29/2002,HSV,AL,ASO,CE,Towers with Radar,24,49,49,27,149,0,0,46,1,47,24,49,95,28,196,57,151,208,404
04/30/2002,HSV,AL,ASO,CE,Towers with Radar,29,56,27,3,115,0,0,2,0,2,29,56,29,3,117,0,0,0,117
05/01/2002,HSV,AL,ASO,CE,Towers with Radar,20,58,33,24,135,1,1,8,3,13,21,59,41,27,148,47,46,93,241
05/02/2002,HSV,AL,ASO,CE,Towers with Radar,22,51,49,11,133,0,1,9,0,10,22,52,58,11,143,29,38,67,210
05/03/2002,HSV,AL,ASO,CE,Towers with Radar,15,50,28,2,95,1,1,7,0,9,16,51,35,2,104,0,0,0,104
05/04/2002,HSV,AL,ASO,CE,Towers with Radar,17,26,31,8,82,5,0,9,0,14,22,26,40,8,96,59,0,59,155
05/05/2002,HSV,AL,ASO,CE,Towers with Radar,16,47,54,6,123,1,0,54,2,57,17,47,108,8,180,66,0,66,246
05/06/2002,HSV,AL,ASO,CE,Towers with Radar,30,47,55,23,155,3,0,10,17,30,33,47,65,40,185,23,47,70,255
05/07/2002,HSV,AL,ASO,CE,Towers with Radar,27,51,48,35,161,1,1,18,1,21,28,52,66,36,182,59,139,198,380
05/08/2002,HSV,AL,ASO,CE,Towers with Radar,31,47,56,20,154,1,0,21,0,22,32,47,77,20,176,42,83,125,301
05/09/2002,HSV,AL,ASO,CE,Towers with Radar,24,49,42,10,125,1,0,11,0,12,25,49,53,10,137,14,2,16,153
05/10/2002,HSV,AL,ASO,CE,Towers with Radar,24,56,41,4,125,0,1,11,0,12,24,57,52,4,137,14,0,14,151
05/11/2002,HSV,AL,ASO,CE,Towers with Radar,24,29,44,0,97,0,1,24,0,25,24,30,68,0,122,51,0,51,173
05/12/2002,HSV,AL,ASO,CE,Towers with Radar,21,40,28,1,90,0,1,20,0,21,21,41,48,1,111,3,0,3,114
05/13/2002,HSV,AL,ASO,CE,Towers with Radar,22,49,33,10,114,0,1,2,0,3,22,50,35,10,117,28,24,52,169
05/14/2002,HSV,AL,ASO,CE,Towers with Radar,28,50,51,12,141,0,2,39,0,41,28,52,90,12,182,50,118,168,350
05/15/2002,HSV,AL,ASO,CE,Towers with Radar,27,55,29,19,130,0,2,49,0,51,27,57,78,19,181,33,180,213,394
05/16/2002,HSV,AL,ASO,CE,Towers with Radar,28,57,55,26,166,0,2,35,1,38,28,59,90,27,204,36,160,196,400
05/17/2002,HSV,AL,ASO,CE,Towers with Radar,19,47,42,16,124,0,11,0,3,14,19,58,42,19,138,34,52,86,224
05/18/2002,HSV,AL,ASO,CE,Towers with Radar,24,34,27,6,91,0,1,7,0,8,24,35,34,6,99,38,4,42,141
05/19/2002,HSV,AL,ASO,CE,Towers with Radar,21,38,23,12,94,0,1,25,0,26,21,39,48,12,120,45,59,104,224
05/20/2002,HSV,AL,ASO,CE,Towers with Radar,22,47,41,21,131,0,1,17,4,22,22,48,58,25,153,43,154,197,350
05/21/2002,HSV,AL,ASO,CE,Towers with Radar,25,53,70,34,182,0,1,39,2,42,25,54,109,36,224,77,109,186,410
05/22/2002,HSV,AL,ASO,CE,Towers with Radar,30,44,64,39,177,0,1,34,10,45,30,45,98,49,222,55,76,131,353
05/23/2002,HSV,AL,ASO,CE,Towers with Radar,24,58,59,50,191,0,1,45,0,46,24,59,104,50,237,100,158,258,495
05/24/2002,HSV,AL,ASO,CE,Towers with Radar,26,53,52,17,148,0,0,38,0,38,26,53,90,17,186,29,2,31,217
05/25/2002,HSV,AL,ASO,CE,Towers with Radar,20,36,34,8,98,0,1,38,0,39,20,37,72,8,137,0,0,0,137
05/26/2002,HSV,AL,ASO,CE,Towers with Radar,21,37,32,0,90,0,1,17,0,18,21,38,49,0,108,63,0,63,171
05/27/2002,HSV,AL,ASO,CE,Towers with Radar,21,41,56,1,119,0,1,20,1,22,21,42,76,2,141,19,0,19,160
05/28/2002,HSV,AL,ASO,CE,Towers with Radar,32,47,34,30,143,0,1,12,0,13,32,48,46,30,156,36,139,175,331
05/29/2002,HSV,AL,ASO,CE,Towers with Radar,27,51,49,12,139,0,1,9,0,10,27,52,58,12,149,28,15,43,192
05/30/2002,HSV,AL,ASO,CE,Towers with Radar,24,54,44,24,146,0,1,17,1,19,24,55,61,25,165,23,44,67,232
05/31/2002,HSV,AL,ASO,CE,Towers with Radar,24,56,54,21,155,0,0,40,0,40,24,56,94,21,195,44,38,82,277
06/01/2002,HSV,AL,ASO,CE,Towers with Radar,18,33,32,0,83,1,0,47,0,48,19,33,79,0,131,39,0,39,170
06/02/2002,HSV,AL,ASO,CE,Towers with Radar,19,36,37,15,107,0,0,20,1,21,19,36,57,16,128,34,30,64,192
06/03/2002,HSV,AL,ASO,CE,Towers with Radar,23,46,28,34,131,0,1,17,1,19,23,47,45,35,150,49,74,123,273
06/04/2002,HSV,AL,ASO,CE,Towers with Radar,35,50,31,38,154,0,0,17,3,20,35,50,48,41,174,42,186,228,402
06/05/2002,HSV,AL,ASO,CE,Towers with Radar,28,50,46,20,144,0,0,30,1,31,28,50,76,21,175,67,107,174,349
06/06/2002,HSV,AL,ASO,CE,Towers with Radar,25,47,40,2,114,1,3,13,0,17,26,50,53,2,131,4,0,4,135
06/07/2002,HSV,AL,ASO,CE,Towers with Radar,25,47,49,26,147,0,0,51,16,67,25,47,100,42,214,56,114,170,384
06/08/2002,HSV,AL,ASO,CE,Towers with Radar,20,34,48,0,102,1,0,24,0,25,21,34,72,0,127,37,0,37,164
06/09/2002,HSV,AL,ASO,CE,Towers with Radar,31,31,53,1,116,1,0,33,1,35,32,31,86,2,151,106,0,106,257
06/10/2002,HSV,AL,ASO,CE,Towers with Radar,25,54,45,34,158,1,8,17,2,28,26,62,62,36,186,74,96,170,356
06/11/2002,HSV,AL,ASO,CE,Towers with Radar,28,60,45,16,149,1,0,38,2,41,29,60,83,18,190,100,59,159,349
06/12/2002,HSV,AL,ASO,CE,Towers with Radar,35,55,89,16,195,1,0,51,2,54,36,55,140,18,249,149,71,220,469
06/13/2002,HSV,AL,ASO,CE,Towers with Radar,26,52,44,14,136,3,9,0,0,12,29,61,44,14,148,46,63,109,257
06/14/2002,HSV,AL,ASO,CE,Towers with Radar,24,70,49,6,149,1,0,13,1,15,25,70,62,7,164,22,0,22,186
06/15/2002,HSV,AL,ASO,CE,Towers with Radar,21,39,48,1,109,1,0,33,0,34,22,39,81,1,143,18,0,18,161
06/16/2002,HSV,AL,ASO,CE,Towers with Radar,24,49,22,0,95,1,0,32,0,33,25,49,54,0,128,24,6,30,158
06/17/2002,HSV,AL,ASO,CE,Towers with Radar,22,59,36,74,191,1,0,24,0,25,23,59,60,74,216,57,98,155,371
06/18/2002,HSV,AL,ASO,CE,Towers with Radar,29,56,43,47,175,1,0,34,0,35,30,56,77,47,210,97,98,195,405
06/19/2002,HSV,AL,ASO,CE,Towers with Radar,28,65,33,47,173,1,3,30,2,36,29,68,63,49,209,96,150,246,455
06/20/2002,HSV,AL,ASO,CE,Towers with Radar,32,63,37,115,247,0,1,20,5,26,32,64,57,120,273,69,160,229,502
06/21/2002,HSV,AL,ASO,CE,Towers with Radar,30,57,46,29,162,0,1,29,1,31,30,58,75,30,193,42,142,184,377
06/22/2002,HSV,AL,ASO,CE,Towers with Radar,21,40,43,3,107,0,1,34,0,35,21,41,77,3,142,77,0,77,219
06/23/2002,HSV,AL,ASO,CE,Towers with Radar,23,52,32,0,107,0,1,14,0,15,23,53,46,0,122,82,0,82,204
06/24/2002,HSV,AL,ASO,CE,Towers with Radar,29,61,45,34,169,0,0,22,4,26,29,61,67,38,195,87,190,277,472
06/25/2002,HSV,AL,ASO,CE,Towers with Radar,30,54,70,33,187,0,0,15,0,15,30,54,85,33,202,74,6,80,282
06/26/2002,HSV,AL,ASO,CE,Towers with Radar,26,58,50,38,172,0,0,15,5,20,26,58,65,43,192,49,72,121,313
06/27/2002,HSV,AL,ASO,CE,Towers with Radar,32,61,52,27,172,0,9,0,0,9,32,70,52,27,181,51,74,125,306
06/28/2002,HSV,AL,ASO,CE,Towers with Radar,21,59,54,29,163,0,0,9,8,17,21,59,63,37,180,42,10,52,232
06/29/2002,HSV,AL,ASO,CE,Towers with Radar,24,43,40,6,113,0,0,13,0,13,24,43,53,6,126,74,0,74,200
06/30/2002,HSV,AL,ASO,CE,Towers with Radar,29,49,34,1,113,0,0,22,0,22,29,49,56,1,135,19,0,19,154
07/01/2002,HSV,AL,ASO,CE,Towers with Radar,34,47,42,21,144,0,1,18,2,21,34,48,60,23,165,31,59,90,255
07/02/2002,HSV,AL,ASO,CE,Towers with Radar,32,49,50,18,149,11,0,27,0,38,43,49,77,18,187,55,26,81,268
07/03/2002,HSV,AL,ASO,CE,Towers with Radar,26,55,38,18,137,0,1,23,1,25,26,56,61,19,162,59,80,139,301
07/04/2002,HSV,AL,ASO,CE,Towers with Radar,18,37,27,0,82,0,1,13,0,14,18,38,40,0,96,11,0,11,107
07/05/2002,HSV,AL,ASO,CE,Towers with Radar,20,44,22,1,87,0,1,20,1,22,20,45,42,2,109,46,0,46,155
07/06/2002,HSV,AL,ASO,CE,Towers with Radar,26,36,17,0,79,0,1,12,0,13,26,37,29,0,92,24,0,24,116
07/07/2002,HSV,AL,ASO,CE,Towers with Radar,0,0,0,0,0,0,0,0,0,0,0,0,0,0,0,0,0,0,0
07/08/2002,HSV,AL,ASO,CE,Towers with Radar,28,58,33,32,151,0,1,18,3,22,28,59,51,35,173,92,67,159,332
07/09/2002,HSV,AL,ASO,CE,Towers with Radar,28,50,40,17,135,4,8,0,3,15,32,58,40,20,150,56,90,146,296
07/10/2002,HSV,AL,ASO,CE,Towers with Radar,32,58,50,20,160,3,4,9,8,24,35,62,59,28,184,89,46,135,319
07/11/2002,HSV,AL,ASO,CE,Towers with Radar,23,67,55,59,204,0,0,22,1,23,23,67,77,60,227,60,242,302,529
07/12/2002,HSV,AL,ASO,CE,Towers with Radar,25,56,35,8,124,0,0,7,1,8,25,56,42,9,132,66,62,128,260
07/13/2002,HSV,AL,ASO,CE,Towers with Radar,27,52,43,11,133,0,0,3,1,4,27,52,46,12,137,24,3,27,164
07/14/2002,HSV,AL,ASO,CE,Towers with Radar,21,47,25,4,97,0,0,13,1,14,21,47,38,5,111,7,0,7,118
07/15/2002,HSV,AL,ASO,CE,Towers with Radar,31,55,55,18,159,0,0,25,1,26,31,55,80,19,185,40,34,74,259
07/16/2002,HSV,AL,ASO,CE,Towers with Radar,27,55,62,31,175,0,0,31,2,33,27,55,93,33,208,99,68,167,375
07/17/2002,HSV,AL,ASO,CE,Towers with Radar,21,63,71,14,169,0,0,34,1,35,21,63,105,15,204,64,108,172,376
07/18/2002,HSV,AL,ASO,CE,Towers with Radar,28,66,54,24,172,0,6,14,15,35,28,72,68,39,207,98,154,252,459
07/19/2002,HSV,AL,ASO,CE,Towers with Radar,0,0,0,0,0,0,0,0,0,0,0,0,0,0,0,93,68,161,161
07/20/2002,HSV,AL,ASO,CE,Towers with Radar,21,40,33,2,96,1,4,20,0,25,22,44,53,2,121,34,0,34,155
07/21/2002,HSV,AL,ASO,CE,Towers with Radar,28,56,34,16,134,0,0,19,1,20,28,56,53,17,154,17,0,17,171
07/22/2002,HSV,AL,ASO,CE,Towers with Radar,29,40,46,18,133,19,0,8,0,27,48,40,54,18,160,49,26,75,235
07/23/2002,HSV,AL,ASO,CE,Towers with Radar,39,52,48,40,179,0,0,17,1,18,39,52,65,41,197,110,190,300,497
07/24/2002,HSV,AL,ASO,CE,Towers with Radar,27,62,64,62,215,0,0,25,3,28,27,62,89,65,243,78,229,307,550
07/25/2002,HSV,AL,ASO,CE,Towers with Radar,25,65,54,2,146,0,0,35,0,35,25,65,89,2,181,70,0,70,251
07/26/2002,HSV,AL,ASO,CE,Towers with Radar,20,61,49,18,148,0,0,14,2,16,20,61,63,20,164,56,78,134,298
07/27/2002,HSV,AL,ASO,CE,Towers with Radar,22,45,79,5,151,0,0,31,3,34,22,45,110,8,185,123,6,129,314
07/28/2002,HSV,AL,ASO,CE,Towers with Radar,26,48,46,0,120,0,0,29,2,31,26,48,75,2,151,14,0,14,165
07/29/2002,HSV,AL,ASO,CE,Towers with Radar,25,60,43,41,169,0,0,10,3,13,25,60,53,44,182,53,70,123,305
07/30/2002,HSV,AL,ASO,CE,Towers with Radar,28,60,46,28,162,0,0,24,1,25,28,60,70,29,187,51,81,132,319
07/31/2002,HSV,AL,ASO,CE,Towers with Radar,30,69,73,38,210,0,0,14,0,14,30,69,87,38,224,63,148,211,435
08/01/2002,HSV,AL,ASO,CE,Towers with Radar,24,62,95,24,205,2,4,31,0,37,26,66,126,24,242,62,174,236,478
08/02/2002,HSV,AL,ASO,CE,Towers with Radar,23,55,46,22,146,3,4,29,0,36,26,59,75,22,182,30,91,121,303
08/03/2002,HSV,AL,ASO,CE,Towers with Radar,22,42,29,0,93,4,5,33,0,42,26,47,62,0,135,52,0,52,187
08/04/2002,HSV,AL,ASO,CE,Towers with Radar,23,52,28,2,105,3,5,25,0,33,26,57,53,2,138,58,24,82,220
08/05/2002,HSV,AL,ASO,CE,Towers with Radar,20,63,29,22,134,3,7,29,0,39,23,70,58,22,173,69,172,241,414
08/06/2002,HSV,AL,ASO,CE,Towers with Radar,24,56,47,23,150,0,15,30,13,58,24,71,77,36,208,87,153,240,448
08/07/2002,HSV,AL,ASO,CE,Towers with Radar,24,52,44,22,142,2,10,32,2,46,26,62,76,24,188,26,83,109,297
08/08/2002,HSV,AL,ASO,CE,Towers with Radar,30,58,64,55,207,2,4,33,0,39,32,62,97,55,246,89,198,287,533
08/09/2002,HSV,AL,ASO,CE,Towers with Radar,26,55,47,24,152,3,6,7,3,19,29,61,54,27,171,63,26,89,260
08/10/2002,HSV,AL,ASO,CE,Towers with Radar,16,40,28,12,96,3,5,29,0,37,19,45,57,12,133,72,0,72,205
08/11/2002,HSV,AL,ASO,CE,Towers with Radar,29,49,51,2,131,2,3,15,0,20,31,52,66,2,151,102,0,102,253
08/12/2002,HSV,AL,ASO,CE,Towers with Radar,29,61,44,30,164,2,7,46,0,55,31,68,90,30,219,123,116,239,458
08/13/2002,HSV,AL,ASO,CE,Towers with Radar,27,63,25,38,153,2,3,38,6,49,29,66,63,44,202,95,111,206,408
08/14/2002,HSV,AL,ASO,CE,Towers with Radar,25,60,49,24,158,0,7,36,13,56,25,67,85,37,214,35,129,164,378
08/15/2002,HSV,AL,ASO,CE,Towers with Radar,25,50,50,43,168,2,3,30,0,35,27,53,80,43,203,59,184,243,446
08/16/2002,HSV,AL,ASO,CE,Towers with Radar,25,49,27,21,122,2,3,19,0,24,27,52,46,21,146,31,100,131,277
08/17/2002,HSV,AL,ASO,CE,Towers with Radar,18,35,31,2,86,3,5,18,0,26,21,40,49,2,112,42,0,42,154
08/18/2002,HSV,AL,ASO,CE,Towers with Radar,22,45,33,4,104,3,4,5,0,12,25,49,38,4,116,12,0,12,128
08/19/2002,HSV,AL,ASO,CE,Towers with Radar,24,53,43,21,141,2,5,7,15,29,26,58,50,36,170,54,130,184,354
08/20/2002,HSV,AL,ASO,CE,Towers with Radar,23,61,47,18,149,2,3,20,1,26,25,64,67,19,175,61,2,63,238
08/21/2002,HSV,AL,ASO,CE,Towers with Radar,29,59,33,36,157,2,3,28,0,33,31,62,61,36,190,52,54,106,296
08/22/2002,HSV,AL,ASO,CE,Towers with Radar,30,62,58,29,179,0,0,29,18,47,30,62,87,47,226,79,122,201,427
08/23/2002,HSV,AL,ASO,CE,Towers with Radar,25,58,34,15,132,3,3,22,0,28,28,61,56,15,160,36,111,147,307
08/24/2002,HSV,AL,ASO,CE,Towers with Radar,28,30,42,2,102,3,3,17,0,23,31,33,59,2,125,51,0,51,176
08/25/2002,HSV,AL,ASO,CE,Towers with Radar,21,44,43,15,123,2,3,20,0,25,23,47,63,15,148,28,8,36,184
08/26/2002,HSV,AL,ASO,CE,Towers with Radar,0,0,0,0,0,0,0,0,0,0,0,0,0,0,0,0,0,0,0
08/27/2002,HSV,AL,ASO,CE,Towers with Radar,31,55,49,14,149,1,10,32,0,43,32,65,81,14,192,57,45,102,294
08/28/2002,HSV,AL,ASO,CE,Towers with Radar,33,58,56,27,174,4,0,37,0,41,37,58,93,27,215,41,76,117,332
08/29/2002,HSV,AL,ASO,CE,Towers with Radar,0,0,0,0,0,0,0,0,0,0,0,0,0,0,0,0,0,0,0
08/30/2002,HSV,AL,ASO,CE,Towers with Radar,28,58,39,25,150,1,7,23,2,33,29,65,62,27,183,82,142,224,407
08/31/2002,HSV,AL,ASO,CE,Towers with Radar,12,39,40,0,91,2,4,23,0,29,14,43,63,0,120,49,0,49,169
09/01/2002,HSV,AL,ASO,CE,Towers with Radar,23,45,36,4,108,0,0,23,0,23,23,45,59,4,131,16,4,20,151
09/02/2002,HSV,AL,ASO,CE,Towers with Radar,0,0,0,0,0,0,0,0,0,0,0,0,0,0,0,0,0,0,0
09/03/2002,HSV,AL,ASO,CE,Towers with Radar,33,58,45,26,162,0,4,23,0,27,33,62,68,26,189,53,119,172,361
09/04/2002,HSV,AL,ASO,CE,Towers with Radar,28,49,38,21,136,2,2,28,0,32,30,51,66,21,168,19,119,138,306
09/05/2002,HSV,AL,ASO,CE,Towers with Radar,32,61,48,30,171,0,1,42,0,43,32,62,90,30,214,47,90,137,351
09/06/2002,HSV,AL,ASO,CE,Towers with Radar,28,59,47,70,204,0,3,32,1,36,28,62,79,71,240,54,95,149,389
09/07/2002,HSV,AL,ASO,CE,Towers with Radar,21,41,35,12,109,1,2,43,0,46,22,43,78,12,155,62,0,62,217
09/08/2002,HSV,AL,ASO,CE,Towers with Radar,0,0,0,0,0,0,0,0,0,0,0,0,0,0,0,0,0,0,0
09/09/2002,HSV,AL,ASO,CE,Towers with Radar,28,55,43,25,151,0,0,2,33,35,28,55,45,58,186,29,166,195,381
09/10/2002,HSV,AL,ASO,CE,Towers with Radar,28,50,72,40,190,1,1,31,0,33,29,51,103,40,223,67,84,151,374
09/11/2002,HSV,AL,ASO,CE,Towers with Radar,25,47,35,39,146,1,3,19,0,23,26,50,54,39,169,29,138,167,336
09/12/2002,HSV,AL,ASO,CE,Towers with Radar,53,64,44,48,209,0,2,39,0,41,53,66,83,48,250,82,90,172,422
09/13/2002,HSV,AL,ASO,CE,Towers with Radar,32,54,49,35,170,0,3,16,0,19,32,57,65,35,189,51,94,145,334
09/14/2002,HSV,AL,ASO,CE,Towers with Radar,27,30,52,5,114,1,0,27,0,28,28,30,79,5,142,70,0,70,212
09/15/2002,HSV,AL,ASO,CE,Towers with Radar,19,53,39,4,115,1,1,12,0,14,20,54,51,4,129,29,0,29,158
09/16/2002,HSV,AL,ASO,CE,Towers with Radar,33,53,21,8,115,0,0,8,0,8,33,53,29,8,123,5,20,25,148
09/17/2002,HSV,AL,ASO,CE,Towers with Radar,25,62,29,18,134,1,0,15,2,18,26,62,44,20,152,16,6,22,174
09/18/2002,HSV,AL,ASO,CE,Towers with Radar,33,52,36,13,134,1,0,6,0,7,34,52,42,13,141,41,8,49,190
09/19/2002,HSV,AL,ASO,CE,Towers with Radar,27,63,60,21,171,1,0,19,1,21,28,63,79,22,192,40,62,102,294
09/20/2002,HSV,AL,ASO,CE,Towers with Radar,22,63,48,25,158,1,2,25,0,28,23,65,73,25,186,52,72,124,310
09/21/2002,HSV,AL,ASO,CE,Towers with Radar,21,36,30,1,88,11,0,14,0,25,32,36,44,1,113,22,0,22,135
09/22/2002,HSV,AL,ASO,CE,Towers with Radar,28,45,35,2,110,0,1,12,0,13,28,46,47,2,123,27,0,27,150
09/23/2002,HSV,AL,ASO,CE,Towers with Radar,26,58,55,18,157,0,1,43,0,44,26,59,98,18,201,29,50,79,280
09/24/2002,HSV,AL,ASO,CE,Towers with Radar,23,61,56,32,172,0,0,4,40,44,23,61,60,72,216,35,149,184,400
09/25/2002,HSV,AL,ASO,CE,Towers with Radar,39,49,30,26,144,0,1,1,0,2,39,50,31,26,146,9,2,11,157
09/26/2002,HSV,AL,ASO,CE,Towers with Radar,30,60,4,0,94,0,1,2,0,3,30,61,6,0,97,0,0,0,97
09/27/2002,HSV,AL,ASO,CE,Towers with Radar,25,63,48,34,170,0,4,8,0,12,25,67,56,34,182,28,30,58,240
09/28/2002,HSV,AL,ASO,CE,Towers with Radar,31,28,36,11,106,0,1,30,0,31,31,29,66,11,137,23,0,23,160
09/29/2002,HSV,AL,ASO,CE,Towers with Radar,24,43,32,4,103,0,1,49,2,52,24,44,81,6,155,44,0,44,199
09/30/2002,HSV,AL,ASO,CE,Towers with Radar,33,51,44,1,129,0,1,8,1,10,33,52,52,2,139,7,0,7,146
10/01/2002,HSV,AL,ASO,CE,Towers with Radar,33,56,52,4,145,1,0,23,0,24,34,56,75,4,169,44,51,95,264
10/02/2002,HSV,AL,ASO,CE,Towers with Radar,34,56,75,68,233,0,0,56,0,56,34,56,131,68,289,108,154,262,551
10/03/2002,HSV,AL,ASO,CE,Towers with Radar,26,58,40,49,173,0,1,29,3,33,26,59,69,52,206,109,199,308,514
10/04/2002,HSV,AL,ASO,CE,Towers with Radar,30,48,13,9,100,0,0,8,0,8,30,48,21,9,108,25,8,33,141
10/05/2002,HSV,AL,ASO,CE,Towers with Radar,25,35,55,2,117,1,0,22,0,23,26,35,77,2,140,27,0,27,167
10/06/2002,HSV,AL,ASO,CE,Towers with Radar,23,46,40,4,113,1,5,49,0,55,24,51,89,4,168,99,0,99,267
10/07/2002,HSV,AL,ASO,CE,Towers with Radar,34,55,48,60,197,1,0,7,1,9,35,55,55,61,206,23,103,126,332
10/08/2002,HSV,AL,ASO,CE,Towers with Radar,28,59,70,36,193,0,1,32,3,36,28,60,102,39,229,114,183,297,526
10/09/2002,HSV,AL,ASO,CE,Towers with Radar,20,63,62,35,180,0,0,6,56,62,20,63,68,91,242,67,204,271,513
10/10/2002,HSV,AL,ASO,CE,Towers with Radar,26,75,49,15,165,0,0,2,0,2,26,75,51,15,167,20,0,20,187
10/11/2002,HSV,AL,ASO,CE,Towers with Radar,29,61,55,49,194,0,0,12,3,15,29,61,67,52,209,55,10,65,274
10/12/2002,HSV,AL,ASO,CE,Towers with Radar,31,31,20,1,83,0,0,10,0,10,31,31,30,1,93,5,0,5,98
10/13/2002,HSV,AL,ASO,CE,Towers with Radar,20,41,35,6,102,7,4,16,0,27,27,45,51,6,129,24,4,28,157
10/14/2002,HSV,AL,ASO,CE,Towers with Radar,29,58,79,4,170,0,0,20,0,20,29,58,99,4,190,83,4,87,277
10/15/2002,HSV,AL,ASO,CE,Towers with Radar,39,58,51,2,150,0,0,1,0,1,39,58,52,2,151,4,0,4,155
10/16/2002,HSV,AL,ASO,CE,Towers with Radar,25,59,52,29,165,0,0,43,1,44,25,59,95,30,209,76,149,225,434
10/17/2002,HSV,AL,ASO,CE,Towers with Radar,24,66,45,31,166,0,0,28,1,29,24,66,73,32,195,61,101,162,357
10/18/2002,HSV,AL,ASO,CE,Towers with Radar,31,58,50,30,169,0,4,31,3,38,31,62,81,33,207,66,141,207,414
10/19/2002,HSV,AL,ASO,CE,Towers with Radar,22,43,36,8,109,3,5,15,0,23,25,48,51,8,132,12,4,16,148
10/20/2002,HSV,AL,ASO,CE,Towers with Radar,21,51,42,4,118,0,0,5,1,6,21,51,47,5,124,12,0,12,136
10/21/2002,HSV,AL,ASO,CE,Towers with Radar,31,51,45,32,159,0,1,2,1,4,31,52,47,33,163,56,64,120,283
10/22/2002,HSV,AL,ASO,CE,Towers with Radar,36,57,62,40,195,0,1,30,2,33,36,58,92,42,228,77,72,149,377
10/23/2002,HSV,AL,ASO,CE,Towers with Radar,23,64,58,30,175,0,0,16,1,17,23,64,74,31,192,73,66,139,331
10/24/2002,HSV,AL,ASO,CE,Towers with Radar,14,75,54,30,173,0,1,15,0,16,14,76,69,30,189,44,63,107,296
10/25/2002,HSV,AL,ASO,CE,Towers with Radar,28,61,52,57,198,0,0,9,0,9,28,61,61,57,207,27,54,81,288
10/26/2002,HSV,AL,ASO,CE,Towers with Radar,21,41,45,22,129,0,0,0,0,0,21,41,45,22,129,13,0,13,142
10/27/2002,HSV,AL,ASO,CE,Towers with Radar,21,43,33,4,101,8,1,0,0,9,29,44,33,4,110,23,61,84,194
10/28/2002,HSV,AL,ASO,CE,Towers with Radar,29,49,28,28,134,0,0,6,0,6,29,49,34,28,140,34,0,34,174
10/29/2002,HSV,AL,ASO,CE,Towers with Radar,29,70,31,40,170,0,2,5,1,8,29,72,36,41,178,34,96,130,308
10/30/2002,HSV,AL,ASO,CE,Towers with Radar,31,65,52,13,161,0,0,7,0,7,31,65,59,13,168,51,68,119,287
10/31/2002,HSV,AL,ASO,CE,Towers with Radar,28,66,52,24,170,0,0,24,0,24,28,66,76,24,194,75,149,224,418
11/01/2002,HSV,AL,ASO,CE,Towers with Radar,23,76,62,22,183,0,0,50,3,53,23,76,112,25,236,34,6,40,276
11/02/2002,HSV,AL,ASO,CE,Towers with Radar,22,44,32,7,105,1,1,39,1,42,23,45,71,8,147,27,0,27,174
11/03/2002,HSV,AL,ASO,CE,Towers with Radar,22,50,32,6,110,1,1,0,0,2,23,51,32,6,112,27,0,27,139
11/04/2002,HSV,AL,ASO,CE,Towers with Radar,34,57,67,23,181,1,1,0,1,3,35,58,67,24,184,37,66,103,287
11/05/2002,HSV,AL,ASO,CE,Towers with Radar,24,63,17,17,121,1,0,0,1,2,25,63,17,18,123,22,0,22,145
11/06/2002,HSV,AL,ASO,CE,Towers with Radar,23,71,56,18,168,0,0,37,1,38,23,71,93,19,206,88,19,107,313
11/07/2002,HSV,AL,ASO,CE,Towers with Radar,37,51,58,12,158,1,0,62,5,68,38,51,120,17,226,114,50,164,390
11/08/2002,HSV,AL,ASO,CE,Towers with Radar,21,68,36,11,136,1,3,37,1,42,22,71,73,12,178,170,135,305,483
11/09/2002,HSV,AL,ASO,CE,Towers with Radar,18,50,44,4,116,1,0,24,1,26,19,50,68,5,142,30,12,42,184
11/10/2002,HSV,AL,ASO,CE,Towers with Radar,16,47,14,12,89,1,0,2,1,4,17,47,16,13,93,25,8,33,126
11/11/2002,HSV,AL,ASO,CE,Towers with Radar,25,59,45,0,129,1,0,21,0,22,26,59,66,0,151,75,0,75,226
11/12/2002,HSV,AL,ASO,CE,Towers with Radar,26,60,44,14,144,2,4,11,3,20,28,64,55,17,164,19,86,105,269
11/13/2002,HSV,AL,ASO,CE,Towers with Radar,22,71,53,18,164,0,0,47,10,57,22,71,100,28,221,65,86,151,372
11/14/2002,HSV,AL,ASO,CE,Towers with Radar,20,62,60,27,169,1,0,26,1,28,21,62,86,28,197,48,148,196,393
11/15/2002,HSV,AL,ASO,CE,Towers with Radar,35,63,41,4,143,1,0,1,1,3,36,63,42,5,146,17,6,23,169
11/16/2002,HSV,AL,ASO,CE,Towers with Radar,22,45,30,0,97,1,0,2,0,3,23,45,32,0,100,11,0,11,111
11/17/2002,HSV,AL,ASO,CE,Towers with Radar,23,51,46,9,129,1,0,20,2,23,24,51,66,11,152,43,34,77,229
11/18/2002,HSV,AL,ASO,CE,Towers with Radar,30,56,41,35,162,1,1,28,0,30,31,57,69,35,192,55,121,176,368
11/19/2002,HSV,AL,ASO,CE,Towers with Radar,27,63,35,36,161,1,0,19,0,20,28,63,54,36,181,61,133,194,375
11/20/2002,HSV,AL,ASO,CE,Towers with Radar,25,68,58,21,172,1,0,1,0,2,26,68,59,21,174,20,0,20,194
11/21/2002,HSV,AL,ASO,CE,Towers with Radar,26,66,49,20,161,1,0,21,5,27,27,66,70,25,188,79,52,131,319
11/22/2002,HSV,AL,ASO,CE,Towers with Radar,25,67,31,40,163,0,3,25,3,31,25,70,56,43,194,54,57,111,305
11/23/2002,HSV,AL,ASO,CE,Towers with Radar,22,40,24,0,86,0,1,22,1,24,22,41,46,1,110,11,0,11,121
11/24/2002,HSV,AL,ASO,CE,Towers with Radar,18,40,30,2,90,0,8,64,0,72,18,48,94,2,162,103,0,103,265
11/25/2002,HSV,AL,ASO,CE,Towers with Radar,49,43,38,37,167,0,1,34,2,37,49,44,72,39,204,64,94,158,362
11/26/2002,HSV,AL,ASO,CE,Towers with Radar,32,68,49,6,155,0,1,1,0,2,32,69,50,6,157,19,6,25,182
11/27/2002,HSV,AL,ASO,CE,Towers with Radar,22,69,27,30,148,0,2,28,1,31,22,71,55,31,179,27,101,128,307
11/28/2002,HSV,AL,ASO,CE,Towers with Radar,19,32,14,1,66,0,1,16,0,17,19,33,30,1,83,20,0,20,103
11/29/2002,HSV,AL,ASO,CE,Towers with Radar,11,38,33,0,82,0,4,17,0,21,11,42,50,0,103,20,1,21,124
11/30/2002,HSV,AL,ASO,CE,Towers with Radar,15,26,25,0,66,17,0,36,0,53,32,26,61,0,119,12,0,12,131
12/01/2002,HSV,AL,ASO,CE,Towers with Radar,29,53,41,0,123,1,0,33,0,34,30,53,74,0,157,60,0,60,217
12/02/2002,HSV,AL,ASO,CE,Towers with Radar,27,62,35,16,140,0,0,25,1,26,27,62,60,17,166,24,84,108,274
12/03/2002,HSV,AL,ASO,CE,Towers with Radar,24,56,46,39,165,0,0,26,10,36,24,56,72,49,201,59,142,201,402
12/04/2002,HSV,AL,ASO,CE,Towers with Radar,34,58,29,7,128,0,0,1,1,2,34,58,30,8,130,6,0,6,136
12/05/2002,HSV,AL,ASO,CE,Towers with Radar,26,69,19,20,134,0,0,1,1,2,26,69,20,21,136,7,0,7,143
12/06/2002,HSV,AL,ASO,CE,Towers with Radar,19,74,52,12,157,0,0,42,2,44,19,74,94,14,201,35,8,43,244
12/07/2002,HSV,AL,ASO,CE,Towers with Radar,13,47,26,6,92,0,8,26,0,34,13,55,52,6,126,21,0,21,147
12/08/2002,HSV,AL,ASO,CE,Towers with Radar,39,31,47,14,131,0,0,31,1,32,39,31,78,15,163,61,0,61,224
12/09/2002,HSV,AL,ASO,CE,Towers with Radar,25,66,35,21,147,0,0,27,1,28,25,66,62,22,175,28,147,175,350
12/10/2002,HSV,AL,ASO,CE,Towers with Radar,20,75,47,8,150,0,0,0,1,1,20,75,47,9,151,11,0,11,162
12/11/2002,HSV,AL,ASO,CE,Towers with Radar,25,71,57,3,156,0,0,0,1,1,25,71,57,4,157,22,0,22,179
12/12/2002,HSV,AL,ASO,CE,Towers with Radar,34,63,66,19,182,0,0,4,3,7,34,63,70,22,189,39,0,39,228
12/13/2002,HSV,AL,ASO,CE,Towers with Radar,26,62,16,4,108,0,0,0,1,1,26,62,16,5,109,4,0,4,113
12/14/2002,HSV,AL,ASO,CE,Towers with Radar,19,43,25,0,87,0,0,14,2,16,19,43,39,2,103,51,0,51,154
12/15/2002,HSV,AL,ASO,CE,Towers with Radar,36,42,29,4,111,0,0,45,5,50,36,42,74,9,161,51,2,53,214
12/16/2002,HSV,AL,ASO,CE,Towers with Radar,27,72,44,17,160,0,0,39,3,42,27,72,83,20,202,45,42,87,289
12/17/2002,HSV,AL,ASO,CE,Towers with Radar,30,67,45,35,177,0,0,22,0,22,30,67,67,35,199,42,107,149,348
12/18/2002,HSV,AL,ASO,CE,Towers with Radar,25,64,37,37,163,0,0,9,2,11,25,64,46,39,174,20,119,139,313
12/19/2002,HSV,AL,ASO,CE,Towers with Radar,20,52,22,5,99,3,17,0,0,20,23,69,22,5,119,2,0,2,121
12/20/2002,HSV,AL,ASO,CE,Towers with Radar,26,74,45,13,158,0,0,23,2,25,26,74,68,15,183,39,13,52,235
12/21/2002,HSV,AL,ASO,CE,Towers with Radar,17,47,45,0,109,1,0,44,2,47,18,47,89,2,156,73,0,73,229
12/22/2002,HSV,AL,ASO,CE,Towers with Radar,19,59,29,1,108,1,0,41,0,42,20,59,70,1,150,31,0,31,181
12/23/2002,HSV,AL,ASO,CE,Towers with Radar,26,72,25,24,147,1,0,19,1,21,27,72,44,25,168,43,11,54,222
12/24/2002,HSV,AL,ASO,CE,Towers with Radar,23,61,17,0,101,1,0,0,0,1,24,61,17,0,102,9,0,9,111
12/25/2002,HSV,AL,ASO,CE,Towers with Radar,25,40,8,0,73,1,0,5,0,6,26,40,13,0,79,0,0,0,79
12/26/2002,HSV,AL,ASO,CE,Towers with Radar,19,61,44,0,124,1,1,26,0,28,20,62,70,0,152,12,0,12,164
12/27/2002,HSV,AL,ASO,CE,Towers with Radar,26,63,26,2,117,1,0,30,2,33,27,63,56,4,150,39,30,69,219
12/28/2002,HSV,AL,ASO,CE,Towers with Radar,21,51,30,0,102,1,0,24,0,25,22,51,54,0,127,41,0,41,168
12/29/2002,HSV,AL,ASO,CE,Towers with Radar,21,51,29,0,101,1,7,39,0,47,22,58,68,0,148,51,0,51,199
12/30/2002,HSV,AL,ASO,CE,Towers with Radar,27,61,37,9,134,1,0,14,3,18,28,61,51,12,152,43,76,119,271
12/31/2002,HSV,AL,ASO,CE,Towers with Radar,29,44,5,0,78,0,0,5,0,5,29,44,10,0,83,4,0,4,87
01/01/2003,HSV,AL,ASO,CE,Towers with Radar,17,47,17,0,81,1,0,0,0,1,18,47,17,0,82,1,0,1,83
01/02/2003,HSV,AL,ASO,CE,Towers with Radar,15,53,26,0,94,6,14,0,0,20,21,67,26,0,114,7,0,7,121
01/03/2003,HSV,AL,ASO,CE,Towers with Radar,19,65,27,28,139,2,0,10,1,13,21,65,37,29,152,26,36,62,214
01/04/2003,HSV,AL,ASO,CE,Towers with Radar,34,34,29,4,101,2,0,40,0,42,36,34,69,4,143,39,0,39,182
01/05/2003,HSV,AL,ASO,CE,Towers with Radar,19,61,44,12,136,2,0,48,1,51,21,61,92,13,187,68,20,88,275
01/06/2003,HSV,AL,ASO,CE,Towers with Radar,23,66,13,27,129,2,0,18,0,20,25,66,31,27,149,43,84,127,276
01/07/2003,HSV,AL,ASO,CE,Towers with Radar,27,70,44,19,160,2,0,31,0,33,29,70,75,19,193,49,105,154,347
01/08/2003,HSV,AL,ASO,CE,Towers with Radar,18,73,38,20,149,2,0,24,0,26,20,73,62,20,175,29,105,134,309
01/09/2003,HSV,AL,ASO,CE,Towers with Radar,21,74,55,30,180,2,0,22,2,26,23,74,77,32,206,30,131,161,367
01/10/2003,HSV,AL,ASO,CE,Towers with Radar,18,71,46,26,161,0,0,24,47,71,18,71,70,73,232,94,169,263,495
01/11/2003,HSV,AL,ASO,CE,Towers with Radar,18,44,46,18,126,2,0,48,0,50,20,44,94,18,176,58,32,90,266
01/12/2003,HSV,AL,ASO,CE,Towers with Radar,19,59,22,38,138,1,0,20,0,21,20,59,42,38,159,38,210,248,407
01/13/2003,HSV,AL,ASO,CE,Towers with Radar,15,73,16,25,129,1,0,11,0,12,16,73,27,25,141,29,99,128,269
01/14/2003,HSV,AL,ASO,CE,Towers with Radar,34,62,50,52,198,1,0,9,7,17,35,62,59,59,215,84,103,187,402
01/15/2003,HSV,AL,ASO,CE,Towers with Radar,29,69,44,17,159,1,2,26,2,31,30,71,70,19,190,52,81,133,323
01/16/2003,HSV,AL,ASO,CE,Towers with Radar,17,70,35,7,129,1,0,2,0,3,18,70,37,7,132,4,6,10,142
01/17/2003,HSV,AL,ASO,CE,Towers with Radar,21,63,21,11,116,1,0,11,0,12,22,63,32,11,128,12,60,72,200
01/18/2003,HSV,AL,ASO,CE,Towers with Radar,23,48,20,0,91,1,0,14,0,15,24,48,34,0,106,26,0,26,132
01/19/2003,HSV,AL,ASO,CE,Towers with Radar,19,63,49,2,133,0,1,17,0,18,19,64,66,2,151,84,0,84,235
01/20/2003,HSV,AL,ASO,CE,Towers with Radar,22,64,34,2,122,1,12,2,0,15,23,76,36,2,137,18,0,18,155
01/21/2003,HSV,AL,ASO,CE,Towers with Radar,21,86,32,21,160,0,0,2,1,3,21,86,34,22,163,16,25,41,204
01/22/2003,HSV,AL,ASO,CE,Towers with Radar,27,78,43,23,171,1,0,14,17,32,28,78,57,40,203,29,151,180,383
01/23/2003,HSV,AL,ASO,CE,Towers with Radar,19,72,38,10,139,0,2,19,0,21,19,74,57,10,160,41,29,70,230
01/24/2003,HSV,AL,ASO,CE,Towers with Radar,19,79,35,25,158,0,1,27,0,28,19,80,62,25,186,27,25,52,238
01/25/2003,HSV,AL,ASO,CE,Towers with Radar,21,56,33,6,116,0,0,48,0,48,21,56,81,6,164,94,0,94,258
01/26/2003,HSV,AL,ASO,CE,Towers with Radar,13,43,23,2,81,0,26,3,0,29,13,69,26,2,110,38,0,38,148
01/27/2003,HSV,AL,ASO,CE,Towers with Radar,41,62,23,16,142,0,2,29,2,33,41,64,52,18,175,32,114,146,321
01/28/2003,HSV,AL,ASO,CE,Towers with Radar,29,74,49,30,182,0,0,20,2,22,29,74,69,32,204,50,62,112,316
01/29/2003,HSV,AL,ASO,CE,Towers with Radar,22,83,50,14,169,0,0,0,0,0,22,83,50,14,169,17,0,17,186
01/30/2003,HSV,AL,ASO,CE,Towers with Radar,25,77,47,25,174,0,0,4,10,14,25,77,51,35,188,23,2,25,213
01/31/2003,HSV,AL,ASO,CE,Towers with Radar,22,75,45,24,166,0,0,5,7,12,22,75,50,31,178,26,34,60,238
02/01/2003,HSV,AL,ASO,CE,Towers with Radar,12,50,39,12,113,1,0,13,0,14,13,50,52,12,127,51,0,51,178
02/02/2003,HSV,AL,ASO,CE,Towers with Radar,13,61,30,1,105,0,0,31,0,31,13,61,61,1,136,76,0,76,212
02/03/2003,HSV,AL,ASO,CE,Towers with Radar,23,83,26,31,163,0,0,1,1,2,23,83,27,32,165,20,128,148,313
02/04/2003,HSV,AL,ASO,CE,Towers with Radar,23,79,37,40,179,0,0,24,0,24,23,79,61,40,203,85,122,207,410
02/05/2003,HSV,AL,ASO,CE,Towers with Radar,26,76,43,37,182,0,0,49,5,54,26,76,92,42,236,61,90,151,387
02/06/2003,HSV,AL,ASO,CE,Towers with Radar,23,73,13,1,110,0,0,0,0,0,23,73,13,1,110,0,0,0,110
02/07/2003,HSV,AL,ASO,CE,Towers with Radar,28,70,28,19,145,1,1,2,5,9,29,71,30,24,154,12,17,29,183
02/08/2003,HSV,AL,ASO,CE,Towers with Radar,9,57,51,8,125,1,0,34,1,36,10,57,85,9,161,107,12,119,280
02/09/2003,HSV,AL,ASO,CE,Towers with Radar,14,60,31,16,121,0,1,31,4,36,14,61,62,20,157,53,14,67,224
02/10/2003,HSV,AL,ASO,CE,Towers with Radar,39,67,41,14,161,1,0,3,1,5,40,67,44,15,166,23,78,101,267
02/11/2003,HSV,AL,ASO,CE,Towers with Radar,22,87,43,29,181,0,0,33,0,33,22,87,76,29,214,110,197,307,521
02/12/2003,HSV,AL,ASO,CE,Towers with Radar,25,77,58,29,189,0,6,40,2,48,25,83,98,31,237,55,137,192,429
02/13/2003,HSV,AL,ASO,CE,Towers with Radar,17,94,57,52,220,0,1,36,4,41,17,95,93,56,261,56,197,253,514
02/14/2003,HSV,AL,ASO,CE,Towers with Radar,26,68,32,10,136,0,1,3,0,4,26,69,35,10,140,5,0,5,145
02/15/2003,HSV,AL,ASO,CE,Towers with Radar,15,50,10,0,75,0,1,0,0,1,15,51,10,0,76,1,0,1,77
02/16/2003,HSV,AL,ASO,CE,Towers with Radar,15,43,8,0,66,0,1,0,0,1,15,44,8,0,67,0,0,0,67
02/17/2003,HSV,AL,ASO,CE,Towers with Radar,18,51,8,0,77,9,7,0,0,16,27,58,8,0,93,4,0,4,97
02/18/2003,HSV,AL,ASO,CE,Towers with Radar,26,74,42,13,155,0,1,5,2,8,26,75,47,15,163,5,0,5,168
02/19/2003,HSV,AL,ASO,CE,Towers with Radar,25,78,43,21,167,0,0,36,21,57,25,78,79,42,224,98,122,220,444
02/20/2003,HSV,AL,ASO,CE,Towers with Radar,27,74,38,21,160,2,0,0,1,3,29,74,38,22,163,30,1,31,194
02/21/2003,HSV,AL,ASO,CE,Towers with Radar,19,71,23,7,120,0,0,2,0,2,19,71,25,7,122,6,0,6,128
02/22/2003,HSV,AL,ASO,CE,Towers with Radar,12,36,12,1,61,0,0,2,0,2,12,36,14,1,63,6,0,6,69
02/23/2003,HSV,AL,ASO,CE,Towers with Radar,20,68,75,5,168,0,0,14,0,14,20,68,89,5,182,75,2,77,259
02/24/2003,HSV,AL,ASO,CE,Towers with Radar,22,69,42,46,179,0,4,26,0,30,22,73,68,46,209,62,109,171,380
02/25/2003,HSV,AL,ASO,CE,Towers with Radar,12,52,16,1,81,0,0,4,0,4,12,52,20,1,85,2,0,2,87
02/26/2003,HSV,AL,ASO,CE,Towers with Radar,21,73,31,36,161,0,0,1,0,1,21,73,32,36,162,22,4,26,188
02/27/2003,HSV,AL,ASO,CE,Towers with Radar,24,81,42,11,158,0,0,1,0,1,24,81,43,11,159,5,0,5,164
02/28/2003,HSV,AL,ASO,CE,Towers with Radar,47,51,30,11,139,0,0,3,0,3,47,51,33,11,142,8,0,8,150
03/01/2003,HSV,AL,ASO,CE,Towers with Radar,12,52,31,7,102,0,1,6,1,8,12,53,37,8,110,54,16,70,180
03/02/2003,HSV,AL,ASO,CE,Towers with Radar,31,48,54,4,137,0,1,4,0,5,31,49,58,4,142,9,0,9,151
03/03/2003,HSV,AL,ASO,CE,Towers with Radar,25,66,44,24,159,8,0,18,16,42,33,66,62,40,201,67,229,296,497
03/04/2003,HSV,AL,ASO,CE,Towers with Radar,25,77,46,57,205,0,1,36,5,42,25,78,82,62,247,41,149,190,437
03/05/2003,HSV,AL,ASO,CE,Towers with Radar,29,82,44,31,186,0,1,8,0,9,29,83,52,31,195,20,148,168,363
03/06/2003,HSV,AL,ASO,CE,Towers with Radar,24,78,53,32,187,0,1,8,0,9,24,79,61,32,196,49,52,101,297
03/07/2003,HSV,AL,ASO,CE,Towers with Radar,19,82,52,25,178,0,2,34,0,36,19,84,86,25,214,98,53,151,365
03/08/2003,HSV,AL,ASO,CE,Towers with Radar,17,42,34,10,103,0,0,55,0,55,17,42,89,10,158,52,8,60,218
03/09/2003,HSV,AL,ASO,CE,Towers with Radar,21,52,39,4,116,7,0,46,0,53,28,52,85,4,169,48,0,48,217
03/10/2003,HSV,AL,ASO,CE,Towers with Radar,22,75,45,27,169,0,1,26,1,28,22,76,71,28,197,33,57,90,287
03/11/2003,HSV,AL,ASO,CE,Towers with Radar,20,81,42,27,170,0,1,33,1,35,20,82,75,28,205,26,154,180,385
03/12/2003,HSV,AL,ASO,CE,Towers with Radar,21,81,49,27,178,0,6,8,18,32,21,87,57,45,210,41,71,112,322
03/13/2003,HSV,AL,ASO,CE,Towers with Radar,20,63,38,5,126,8,0,5,0,13,28,63,43,5,139,29,0,29,168
03/14/2003,HSV,AL,ASO,CE,Towers with Radar,21,76,52,49,198,0,1,12,1,14,21,77,64,50,212,41,165,206,418
03/15/2003,HSV,AL,ASO,CE,Towers with Radar,14,50,60,31,155,0,1,13,0,14,14,51,73,31,169,49,18,67,236
03/16/2003,HSV,AL,ASO,CE,Towers with Radar,28,46,53,27,154,0,1,12,0,13,28,47,65,27,167,63,0,63,230
03/17/2003,HSV,AL,ASO,CE,Towers with Radar,22,73,33,11,139,0,1,1,0,2,22,74,34,11,141,31,2,33,174
03/18/2003,HSV,AL,ASO,CE,Towers with Radar,21,73,41,25,160,0,8,0,16,24,21,81,41,41,184,22,7,29,213
03/19/2003,HSV,AL,ASO,CE,Towers with Radar,26,89,50,20,185,0,4,9,0,13,26,93,59,20,198,44,19,63,261
03/20/2003,HSV,AL,ASO,CE,Towers with Radar,24,80,60,27,191,0,1,23,2,26,24,81,83,29,217,90,100,190,407
03/21/2003,HSV,AL,ASO,CE,Towers with Radar,18,75,59,33,185,0,1,17,0,18,18,76,76,33,203,35,100,135,338
03/22/2003,HSV,AL,ASO,CE,Towers with Radar,19,55,64,10,148,0,2,26,0,28,19,57,90,10,176,30,6,36,212
03/23/2003,HSV,AL,ASO,CE,Towers with Radar,15,63,44,4,126,0,1,18,2,21,15,64,62,6,147,18,6,24,171
03/24/2003,HSV,AL,ASO,CE,Towers with Radar,18,78,33,12,141,0,1,35,1,37,18,79,68,13,178,58,12,70,248
03/25/2003,HSV,AL,ASO,CE,Towers with Radar,24,77,17,19,137,0,1,21,0,22,24,78,38,19,159,52,13,65,224
03/26/2003,HSV,AL,ASO,CE,Towers with Radar,22,87,30,33,172,0,1,16,9,26,22,88,46,42,198,51,54,105,303
03/27/2003,HSV,AL,ASO,CE,Towers with Radar,18,75,36,15,144,0,1,46,0,47,18,76,82,15,191,46,285,331,522
03/28/2003,HSV,AL,ASO,CE,Towers with Radar,21,92,22,25,160,0,1,28,5,34,21,93,50,30,194,58,93,151,345
03/29/2003,HSV,AL,ASO,CE,Towers with Radar,22,44,34,4,104,0,1,22,0,23,22,45,56,4,127,5,0,5,132
03/30/2003,HSV,AL,ASO,CE,Towers with Radar,18,69,28,14,129,0,2,40,3,45,18,71,68,17,174,10,0,10,184
03/31/2003,HSV,AL,ASO,CE,Towers with Radar,22,75,27,27,151,0,0,37,3,40,22,75,64,30,191,50,38,88,279
04/01/2003,HSV,AL,ASO,CE,Towers with Radar,19,80,64,46,209,1,0,36,3,40,20,80,100,49,249,52,49,101,350
04/02/2003,HSV,AL,ASO,CE,Towers with Radar,27,74,44,36,181,0,0,35,4,39,27,74,79,40,220,28,90,118,338
04/03/2003,HSV,AL,ASO,CE,Towers with Radar,24,86,34,19,163,0,0,31,3,34,24,86,65,22,197,89,60,149,346
04/04/2003,HSV,AL,ASO,CE,Towers with Radar,17,74,25,43,159,0,0,17,3,20,17,74,42,46,179,14,143,157,336
04/05/2003,HSV,AL,ASO,CE,Towers with Radar,16,41,40,21,118,9,0,12,5,26,25,41,52,26,144,62,41,103,247
04/06/2003,HSV,AL,ASO,CE,Towers with Radar,9,57,35,7,108,0,6,19,0,25,9,63,54,7,133,8,0,8,141
04/07/2003,HSV,AL,ASO,CE,Towers with Radar,17,76,41,24,158,0,0,21,3,24,17,76,62,27,182,64,196,260,442
04/08/2003,HSV,AL,ASO,CE,Towers with Radar,17,68,42,14,141,0,2,5,0,7,17,70,47,14,148,14,8,22,170
04/09/2003,HSV,AL,ASO,CE,Towers with Radar,18,72,44,9,143,4,6,8,0,18,22,78,52,9,161,34,6,40,201
04/10/2003,HSV,AL,ASO,CE,Towers with Radar,18,87,40,5,150,0,1,2,3,6,18,88,42,8,156,3,0,3,159
04/11/2003,HSV,AL,ASO,CE,Towers with Radar,12,82,45,23,162,0,0,31,6,37,12,82,76,29,199,37,81,118,317
04/12/2003,HSV,AL,ASO,CE,Towers with Radar,12,52,25,57,146,0,0,39,3,42,12,52,64,60,188,21,52,73,261
04/13/2003,HSV,AL,ASO,CE,Towers with Radar,14,65,22,19,120,0,0,44,2,46,14,65,66,21,166,27,4,31,197
04/14/2003,HSV,AL,ASO,CE,Towers with Radar,17,84,33,18,152,0,0,32,2,34,17,84,65,20,186,47,88,135,321
04/15/2003,HSV,AL,ASO,CE,Towers with Radar,18,78,47,26,169,0,3,11,8,22,18,81,58,34,191,24,130,154,345
04/16/2003,HSV,AL,ASO,CE,Towers with Radar,19,77,57,42,195,0,0,22,2,24,19,77,79,44,219,38,168,206,425
04/17/2003,HSV,AL,ASO,CE,Towers with Radar,20,85,64,10,179,0,0,6,3,9,20,85,70,13,188,20,6,26,214
04/18/2003,HSV,AL,ASO,CE,Towers with Radar,16,82,63,14,175,0,0,32,2,34,16,82,95,16,209,53,67,120,329
04/19/2003,HSV,AL,ASO,CE,Towers with Radar,25,39,46,3,113,0,0,20,2,22,25,39,66,5,135,88,15,103,238
04/20/2003,HSV,AL,ASO,CE,Towers with Radar,14,70,31,1,116,0,0,11,2,13,14,70,42,3,129,16,1,17,146
04/21/2003,HSV,AL,ASO,CE,Towers with Radar,14,71,42,4,131,0,5,25,0,30,14,76,67,4,161,18,6,24,185
04/22/2003,HSV,AL,ASO,CE,Towers with Radar,16,85,47,28,176,0,0,28,2,30,16,85,75,30,206,48,78,126,332
04/23/2003,HSV,AL,ASO,CE,Towers with Radar,18,73,63,57,211,0,1,35,5,41,18,74,98,62,252,81,170,251,503
04/24/2003,HSV,AL,ASO,CE,Towers with Radar,16,82,32,1,131,0,0,1,1,2,16,82,33,2,133,10,0,10,143
04/25/2003,HSV,AL,ASO,CE,Towers with Radar,18,82,37,22,159,0,0,10,1,11,18,82,47,23,170,22,84,106,276
04/26/2003,HSV,AL,ASO,CE,Towers with Radar,14,52,41,25,132,0,0,6,1,7,14,52,47,26,139,32,0,32,171
04/27/2003,HSV,AL,ASO,CE,Towers with Radar,11,67,47,25,150,0,0,38,2,40,11,67,85,27,190,32,42,74,264
04/28/2003,HSV,AL,ASO,CE,Towers with Radar,14,67,40,23,144,0,7,22,0,29,14,74,62,23,173,38,82,120,293
04/29/2003,HSV,AL,ASO,CE,Towers with Radar,27,70,57,40,194,0,0,29,2,31,27,70,86,42,225,81,143,224,449
04/30/2003,HSV,AL,ASO,CE,Towers with Radar,18,77,52,58,205,0,0,34,1,35,18,77,86,59,240,52,153,205,445
05/01/2003,HSV,AL,ASO,CE,Towers with Radar,16,82,33,30,161,1,2,14,2,19,17,84,47,32,180,19,144,163,343
05/02/2003,HSV,AL,ASO,CE,Towers with Radar,31,65,58,25,179,1,2,12,2,17,32,67,70,27,196,17,82,99,295
05/03/2003,HSV,AL,ASO,CE,Towers with Radar,14,52,38,7,111,0,0,29,0,29,14,52,67,7,140,41,4,45,185
05/04/2003,HSV,AL,ASO,CE,Towers with Radar,11,68,27,9,115,0,1,23,1,25,11,69,50,10,140,34,12,46,186
05/05/2003,HSV,AL,ASO,CE,Towers with Radar,18,68,12,2,100,0,1,3,1,5,18,69,15,3,105,6,0,6,111
05/06/2003,HSV,AL,ASO,CE,Towers with Radar,24,71,19,4,118,0,1,2,1,4,24,72,21,5,122,7,33,40,162
05/07/2003,HSV,AL,ASO,CE,Towers with Radar,21,83,29,14,147,0,1,2,0,3,21,84,31,14,150,20,29,49,199
05/08/2003,HSV,AL,ASO,CE,Towers with Radar,15,89,75,51,230,0,7,5,0,12,15,96,80,51,242,55,74,129,371
05/09/2003,HSV,AL,ASO,CE,Towers with Radar,14,82,45,32,173,0,4,22,2,28,14,86,67,34,201,53,129,182,383
05/10/2003,HSV,AL,ASO,CE,Towers with Radar,13,47,28,11,99,0,2,9,8,19,13,49,37,19,118,10,36,46,164
05/11/2003,HSV,AL,ASO,CE,Towers with Radar,13,47,28,11,99,0,2,9,8,19,13,49,37,19,118,10,36,46,164
05/12/2003,HSV,AL,ASO,CE,Towers with Radar,17,89,62,38,206,0,2,34,0,36,17,91,96,38,242,59,100,159,401
05/13/2003,HSV,AL,ASO,CE,Towers with Radar,18,77,60,48,203,0,0,37,3,40,18,77,97,51,243,66,165,231,474
05/14/2003,HSV,AL,ASO,CE,Towers with Radar,19,79,34,0,132,0,0,2,0,2,19,79,36,0,134,8,0,8,142
05/15/2003,HSV,AL,ASO,CE,Towers with Radar,19,97,57,38,211,0,0,8,0,8,19,97,65,38,219,41,56,97,316
05/16/2003,HSV,AL,ASO,CE,Towers with Radar,35,64,42,17,158,0,0,12,2,14,35,64,54,19,172,26,117,143,315
05/17/2003,HSV,AL,ASO,CE,Towers with Radar,12,56,12,4,84,0,0,3,3,6,12,56,15,7,90,13,2,15,105
05/18/2003,HSV,AL,ASO,CE,Towers with Radar,16,66,34,14,130,0,0,8,0,8,16,66,42,14,138,17,8,25,163
05/19/2003,HSV,AL,ASO,CE,Towers with Radar,17,77,49,44,187,0,1,13,2,16,17,78,62,46,203,30,114,144,347
05/20/2003,HSV,AL,ASO,CE,Towers with Radar,14,83,27,18,142,0,0,4,0,4,14,83,31,18,146,28,0,28,174
05/21/2003,HSV,AL,ASO,CE,Towers with Radar,21,86,57,8,172,0,0,2,0,2,21,86,59,8,174,30,0,30,204
05/22/2003,HSV,AL,ASO,CE,Towers with Radar,18,87,91,11,207,0,0,13,0,13,18,87,104,11,220,17,19,36,256
05/23/2003,HSV,AL,ASO,CE,Towers with Radar,16,89,60,15,180,0,3,17,0,20,16,92,77,15,200,52,0,52,252
05/24/2003,HSV,AL,ASO,CE,Towers with Radar,13,56,55,0,124,0,0,27,0,27,13,56,82,0,151,68,0,68,219
05/25/2003,HSV,AL,ASO,CE,Towers with Radar,12,55,39,0,106,0,0,6,0,6,12,55,45,0,112,16,0,16,128
05/26/2003,HSV,AL,ASO,CE,Towers with Radar,32,49,36,1,118,0,0,17,0,17,32,49,53,1,135,74,8,82,217
05/27/2003,HSV,AL,ASO,CE,Towers with Radar,16,80,38,18,152,0,2,33,0,35,16,82,71,18,187,39,68,107,294
05/28/2003,HSV,AL,ASO,CE,Towers with Radar,24,76,60,21,181,0,0,33,0,33,24,76,93,21,214,82,108,190,404
05/29/2003,HSV,AL,ASO,CE,Towers with Radar,33,70,43,28,174,0,1,24,0,25,33,71,67,28,199,14,82,96,295
05/30/2003,HSV,AL,ASO,CE,Towers with Radar,17,86,36,33,172,0,0,20,2,22,17,86,56,35,194,24,99,123,317
05/31/2003,HSV,AL,ASO,CE,Towers with Radar,11,56,16,2,85,0,0,19,1,20,11,56,35,3,105,33,0,33,138
06/01/2003,HSV,AL,ASO,CE,Towers with Radar,12,64,54,0,130,1,1,46,0,48,13,65,100,0,178,36,0,36,214
06/02/2003,HSV,AL,ASO,CE,Towers with Radar,13,75,51,26,165,0,1,8,3,12,13,76,59,29,177,36,42,78,255
06/03/2003,HSV,AL,ASO,CE,Towers with Radar,18,82,43,34,177,0,1,12,3,16,18,83,55,37,193,63,36,99,292
06/04/2003,HSV,AL,ASO,CE,Towers with Radar,17,83,42,48,190,0,1,26,1,28,17,84,68,49,218,36,113,149,367
06/05/2003,HSV,AL,ASO,CE,Towers with Radar,22,77,44,42,185,0,1,44,1,46,22,78,88,43,231,32,99,131,362
06/06/2003,HSV,AL,ASO,CE,Towers with Radar,22,81,26,30,159,0,1,2,1,4,22,82,28,31,163,21,26,47,210
06/07/2003,HSV,AL,ASO,CE,Towers with Radar,10,62,36,6,114,0,1,7,1,9,10,63,43,7,123,41,4,45,168
06/08/2003,HSV,AL,ASO,CE,Towers with Radar,13,69,42,15,139,0,1,23,1,25,13,70,65,16,164,58,0,58,222
06/09/2003,HSV,AL,ASO,CE,Towers with Radar,19,73,47,24,163,2,0,57,2,61,21,73,104,26,224,42,66,108,332
06/10/2003,HSV,AL,ASO,CE,Towers with Radar,20,81,35,41,177,0,1,26,2,29,20,82,61,43,206,24,42,66,272
06/11/2003,HSV,AL,ASO,CE,Towers with Radar,24,81,43,22,170,3,0,7,1,11,27,81,50,23,181,53,14,67,248
06/12/2003,HSV,AL,ASO,CE,Towers with Radar,31,57,83,47,218,1,0,22,1,24,32,57,105,48,242,36,96,132,374
06/13/2003,HSV,AL,ASO,CE,Towers with Radar,15,73,52,23,163,1,0,24,1,26,16,73,76,24,189,22,37,59,248
06/14/2003,HSV,AL,ASO,CE,Towers with Radar,15,69,24,6,114,0,0,14,1,15,15,69,38,7,129,44,6,50,179
06/15/2003,HSV,AL,ASO,CE,Towers with Radar,13,76,36,0,125,0,0,8,1,9,13,76,44,1,134,16,0,16,150
06/16/2003,HSV,AL,ASO,CE,Towers with Radar,16,84,17,37,154,0,0,11,1,12,16,84,28,38,166,39,80,119,285
06/17/2003,HSV,AL,ASO,CE,Towers with Radar,18,91,31,32,172,0,0,13,1,14,18,91,44,33,186,15,127,142,328
06/18/2003,HSV,AL,ASO,CE,Towers with Radar,20,88,37,43,188,0,0,9,1,10,20,88,46,44,198,51,10,61,259
06/19/2003,HSV,AL,ASO,CE,Towers with Radar,17,88,48,11,164,0,11,8,0,19,17,99,56,11,183,16,40,56,239
06/20/2003,HSV,AL,ASO,CE,Towers with Radar,18,90,54,23,185,0,0,39,0,39,18,90,93,23,224,50,109,159,383
06/21/2003,HSV,AL,ASO,CE,Towers with Radar,11,66,36,2,115,0,0,34,4,38,11,66,70,6,153,30,2,32,185
06/22/2003,HSV,AL,ASO,CE,Towers with Radar,17,78,34,5,134,0,1,32,1,34,17,79,66,6,168,45,2,47,215
06/23/2003,HSV,AL,ASO,CE,Towers with Radar,21,88,42,19,170,0,2,44,2,48,21,90,86,21,218,28,62,90,308
06/24/2003,HSV,AL,ASO,CE,Towers with Radar,16,96,43,19,174,0,1,33,2,36,16,97,76,21,210,37,4,41,251
06/25/2003,HSV,AL,ASO,CE,Towers with Radar,19,94,56,27,196,0,1,35,3,39,19,95,91,30,235,37,90,127,362
06/26/2003,HSV,AL,ASO,CE,Towers with Radar,21,88,41,22,172,0,1,21,0,22,21,89,62,22,194,30,99,129,323
06/27/2003,HSV,AL,ASO,CE,Towers with Radar,15,85,54,17,171,0,1,9,0,10,15,86,63,17,181,30,37,67,248
06/28/2003,HSV,AL,ASO,CE,Towers with Radar,25,63,44,29,161,0,1,27,1,29,25,64,71,30,190,47,90,137,327
06/29/2003,HSV,AL,ASO,CE,Towers with Radar,15,81,42,0,138,0,1,44,0,45,15,82,86,0,183,73,0,73,256
06/30/2003,HSV,AL,ASO,CE,Towers with Radar,16,89,32,18,155,0,1,1,0,2,16,90,33,18,157,8,6,14,171
07/01/2003,HSV,AL,ASO,CE,Towers with Radar,16,99,30,6,151,1,1,0,0,2,17,100,30,6,153,4,0,4,157
07/02/2003,HSV,AL,ASO,CE,Towers with Radar,21,78,37,27,163,0,0,24,0,24,21,78,61,27,187,45,63,108,295
07/03/2003,HSV,AL,ASO,CE,Towers with Radar,18,81,47,7,153,0,0,35,0,35,18,81,82,7,188,43,3,46,234
07/04/2003,HSV,AL,ASO,CE,Towers with Radar,13,55,27,3,98,0,0,21,0,21,13,55,48,3,119,23,4,27,146
07/05/2003,HSV,AL,ASO,CE,Towers with Radar,11,53,32,2,98,0,1,15,0,16,11,54,47,2,114,31,0,31,145
07/06/2003,HSV,AL,ASO,CE,Towers with Radar,33,53,30,0,116,0,1,5,0,6,33,54,35,0,122,14,0,14,136
07/07/2003,HSV,AL,ASO,CE,Towers with Radar,16,81,48,4,149,0,1,19,0,20,16,82,67,4,169,35,13,48,217
07/08/2003,HSV,AL,ASO,CE,Towers with Radar,15,82,41,30,168,0,1,28,0,29,15,83,69,30,197,41,126,167,364
07/09/2003,HSV,AL,ASO,CE,Towers with Radar,19,84,49,30,182,1,6,24,0,31,20,90,73,30,213,50,52,102,315
07/10/2003,HSV,AL,ASO,CE,Towers with Radar,17,86,48,22,173,0,0,21,0,21,17,86,69,22,194,39,62,101,295
07/11/2003,HSV,AL,ASO,CE,Towers with Radar,14,81,53,36,184,1,1,33,4,39,15,82,86,40,223,77,93,170,393
07/12/2003,HSV,AL,ASO,CE,Towers with Radar,19,57,47,38,161,1,0,26,0,27,20,57,73,38,188,48,84,132,320
07/13/2003,HSV,AL,ASO,CE,Towers with Radar,13,72,43,27,155,1,0,28,0,29,14,72,71,27,184,50,28,78,262
07/14/2003,HSV,AL,ASO,CE,Towers with Radar,16,85,29,37,167,1,0,37,0,38,17,85,66,37,205,71,64,135,340
07/15/2003,HSV,AL,ASO,CE,Towers with Radar,16,94,51,31,192,0,12,12,4,28,16,106,63,35,220,50,40,90,310
07/16/2003,HSV,AL,ASO,CE,Towers with Radar,18,92,48,18,176,1,0,20,4,25,19,92,68,22,201,50,80,130,331
07/17/2003,HSV,AL,ASO,CE,Towers with Radar,15,84,49,30,178,0,0,17,10,27,15,84,66,40,205,39,95,134,339
07/18/2003,HSV,AL,ASO,CE,Towers with Radar,19,79,53,31,182,0,0,35,35,70,19,79,88,66,252,54,170,224,476
07/19/2003,HSV,AL,ASO,CE,Towers with Radar,37,40,47,40,164,0,0,28,0,28,37,40,75,40,192,43,118,161,353
07/20/2003,HSV,AL,ASO,CE,Towers with Radar,17,79,43,45,184,0,0,21,0,21,17,79,64,45,205,67,130,197,402
07/21/2003,HSV,AL,ASO,CE,Towers with Radar,16,92,35,35,178,0,0,12,0,12,16,92,47,35,190,34,66,100,290
07/22/2003,HSV,AL,ASO,CE,Towers with Radar,13,56,32,8,109,5,18,9,0,32,18,74,41,8,141,16,3,19,160
07/23/2003,HSV,AL,ASO,CE,Towers with Radar,19,88,37,51,195,0,0,47,0,47,19,88,84,51,242,95,107,202,444
07/24/2003,HSV,AL,ASO,CE,Towers with Radar,21,79,51,30,181,3,0,48,8,59,24,79,99,38,240,84,90,174,414
07/25/2003,HSV,AL,ASO,CE,Towers with Radar,18,98,87,47,250,0,0,35,2,37,18,98,122,49,287,35,42,77,364
07/26/2003,HSV,AL,ASO,CE,Towers with Radar,22,53,39,5,119,0,0,32,0,32,22,53,71,5,151,54,6,60,211
07/27/2003,HSV,AL,ASO,CE,Towers with Radar,14,72,41,23,150,0,0,29,0,29,14,72,70,23,179,56,21,77,256
07/28/2003,HSV,AL,ASO,CE,Towers with Radar,16,84,30,31,161,0,0,21,0,21,16,84,51,31,182,23,146,169,351
07/29/2003,HSV,AL,ASO,CE,Towers with Radar,18,88,59,4,169,0,0,16,0,16,18,88,75,4,185,50,0,50,235
07/30/2003,HSV,AL,ASO,CE,Towers with Radar,20,87,51,28,186,0,0,20,0,20,20,87,71,28,206,58,122,180,386
07/31/2003,HSV,AL,ASO,CE,Towers with Radar,23,83,43,15,164,0,0,9,0,9,23,83,52,15,173,28,36,64,237
08/01/2003,HSV,AL,ASO,CE,Towers with Radar,16,74,45,20,155,0,2,18,0,20,16,76,63,20,175,70,26,96,271
08/02/2003,HSV,AL,ASO,CE,Towers with Radar,15,62,37,13,127,0,2,23,1,26,15,64,60,14,153,56,2,58,211
08/03/2003,HSV,AL,ASO,CE,Towers with Radar,17,69,23,0,109,0,2,17,0,19,17,71,40,0,128,59,0,59,187
08/04/2003,HSV,AL,ASO,CE,Towers with Radar,23,70,32,61,186,0,2,21,0,23,23,72,53,61,209,68,120,188,397
08/05/2003,HSV,AL,ASO,CE,Towers with Radar,21,80,21,41,163,0,2,19,0,21,21,82,40,41,184,49,90,139,323
08/06/2003,HSV,AL,ASO,CE,Towers with Radar,20,92,21,27,160,0,2,3,0,5,20,94,24,27,165,36,19,55,220
08/07/2003,HSV,AL,ASO,CE,Towers with Radar,17,84,53,29,183,0,0,30,4,34,17,84,83,33,217,25,146,171,388
08/08/2003,HSV,AL,ASO,CE,Towers with Radar,18,75,48,24,165,0,0,37,0,37,18,75,85,24,202,51,16,67,269
08/09/2003,HSV,AL,ASO,CE,Towers with Radar,15,61,40,24,140,0,0,34,1,35,15,61,74,25,175,48,68,116,291
08/10/2003,HSV,AL,ASO,CE,Towers with Radar,13,73,45,8,139,0,2,34,0,36,13,75,79,8,175,71,4,75,250
08/11/2003,HSV,AL,ASO,CE,Towers with Radar,34,61,59,15,169,0,2,9,0,11,34,63,68,15,180,88,30,118,298
08/12/2003,HSV,AL,ASO,CE,Towers with Radar,18,73,34,24,149,0,13,0,8,21,18,86,34,32,170,58,86,144,314
08/13/2003,HSV,AL,ASO,CE,Towers with Radar,18,85,53,31,187,0,0,9,11,20,18,85,62,42,207,84,34,118,325
08/14/2003,HSV,AL,ASO,CE,Towers with Radar,20,85,46,36,187,0,2,31,1,34,20,87,77,37,221,66,47,113,334
08/15/2003,HSV,AL,ASO,CE,Towers with Radar,22,72,48,16,158,0,2,16,0,18,22,74,64,16,176,43,44,87,263
08/16/2003,HSV,AL,ASO,CE,Towers with Radar,18,65,35,1,119,0,2,43,0,45,18,67,78,1,164,98,2,100,264
08/17/2003,HSV,AL,ASO,CE,Towers with Radar,14,70,27,11,122,0,2,13,0,15,14,72,40,11,137,57,38,95,232
08/18/2003,HSV,AL,ASO,CE,Towers with Radar,20,82,63,34,199,0,1,23,0,24,20,83,86,34,223,92,101,193,416
08/19/2003,HSV,AL,ASO,CE,Towers with Radar,18,84,46,22,170,0,3,27,1,31,18,87,73,23,201,85,106,191,392
08/20/2003,HSV,AL,ASO,CE,Towers with Radar,20,82,46,22,170,3,8,5,0,16,23,90,51,22,186,12,36,48,234
08/21/2003,HSV,AL,ASO,CE,Towers with Radar,19,91,57,28,195,0,1,23,0,24,19,92,80,28,219,28,54,82,301
08/22/2003,HSV,AL,ASO,CE,Towers with Radar,26,82,50,46,204,0,1,14,0,15,26,83,64,46,219,40,75,115,334
08/23/2003,HSV,AL,ASO,CE,Towers with Radar,12,63,15,6,96,0,1,28,0,29,12,64,43,6,125,53,3,56,181
08/24/2003,HSV,AL,ASO,CE,Towers with Radar,14,58,33,2,107,3,12,29,0,44,17,70,62,2,151,31,0,31,182
08/25/2003,HSV,AL,ASO,CE,Towers with Radar,24,81,42,29,176,0,1,11,1,13,24,82,53,30,189,58,46,104,293
08/26/2003,HSV,AL,ASO,CE,Towers with Radar,18,80,61,31,190,0,1,26,0,27,18,81,87,31,217,41,191,232,449
08/27/2003,HSV,AL,ASO,CE,Towers with Radar,23,90,51,35,199,0,1,8,0,9,23,91,59,35,208,16,74,90,298
08/28/2003,HSV,AL,ASO,CE,Towers with Radar,29,79,64,36,208,18,0,24,14,56,47,79,88,50,264,62,56,118,382
08/29/2003,HSV,AL,ASO,CE,Towers with Radar,20,80,46,31,177,0,1,28,0,29,20,81,74,31,206,53,85,138,344
08/30/2003,HSV,AL,ASO,CE,Towers with Radar,8,58,57,1,124,0,1,8,0,9,8,59,65,1,133,20,0,20,153
08/31/2003,HSV,AL,ASO,CE,Towers with Radar,12,61,17,8,98,0,1,15,0,16,12,62,32,8,114,12,0,12,126
09/01/2003,HSV,AL,ASO,CE,Towers with Radar,12,66,50,7,135,1,1,18,0,20,13,67,68,7,155,40,0,40,195
09/02/2003,HSV,AL,ASO,CE,Towers with Radar,16,81,31,33,161,0,0,20,0,20,16,81,51,33,181,88,120,208,389
09/03/2003,HSV,AL,ASO,CE,Towers with Radar,21,88,37,17,163,0,1,5,1,7,21,89,42,18,170,36,64,100,270
09/04/2003,HSV,AL,ASO,CE,Towers with Radar,22,84,64,23,193,0,2,30,0,32,22,86,94,23,225,43,14,57,282
09/05/2003,HSV,AL,ASO,CE,Towers with Radar,16,85,32,36,169,0,1,36,0,37,16,86,68,36,206,57,146,203,409
09/06/2003,HSV,AL,ASO,CE,Towers with Radar,13,64,31,13,121,0,1,25,0,26,13,65,56,13,147,39,10,49,196
09/07/2003,HSV,AL,ASO,CE,Towers with Radar,18,59,40,7,124,11,0,38,0,49,29,59,78,7,173,47,2,49,222
09/08/2003,HSV,AL,ASO,CE,Towers with Radar,14,87,30,21,152,1,1,35,5,42,15,88,65,26,194,34,73,107,301
09/09/2003,HSV,AL,ASO,CE,Towers with Radar,15,82,37,38,172,2,1,28,6,37,17,83,65,44,209,68,112,180,389
09/10/2003,HSV,AL,ASO,CE,Towers with Radar,19,82,40,11,152,1,1,33,2,37,20,83,73,13,189,115,28,143,332
09/11/2003,HSV,AL,ASO,CE,Towers with Radar,21,84,48,16,169,0,0,27,2,29,21,84,75,18,198,38,64,102,300
09/12/2003,HSV,AL,ASO,CE,Towers with Radar,20,80,49,22,171,1,1,36,2,40,21,81,85,24,211,43,120,163,374
09/13/2003,HSV,AL,ASO,CE,Towers with Radar,11,63,33,11,118,0,2,32,0,34,11,65,65,11,152,66,9,75,227
09/14/2003,HSV,AL,ASO,CE,Towers with Radar,15,71,17,0,103,0,0,18,0,18,15,71,35,0,121,21,0,21,142
09/15/2003,HSV,AL,ASO,CE,Towers with Radar,16,85,47,22,170,0,2,21,0,23,16,87,68,22,193,47,46,93,286
09/16/2003,HSV,AL,ASO,CE,Towers with Radar,23,75,51,19,168,0,2,25,6,33,23,77,76,25,201,30,69,99,300
09/17/2003,HSV,AL,ASO,CE,Towers with Radar,18,85,43,35,181,0,2,29,0,31,18,87,72,35,212,35,83,118,330
09/18/2003,HSV,AL,ASO,CE,Towers with Radar,18,68,35,23,144,0,2,19,0,21,18,70,54,23,165,45,54,99,264
09/19/2003,HSV,AL,ASO,CE,Towers with Radar,20,76,40,15,151,0,2,17,1,20,20,78,57,16,171,11,110,121,292
09/20/2003,HSV,AL,ASO,CE,Towers with Radar,14,64,45,0,123,0,2,25,0,27,14,66,70,0,150,110,0,110,260
09/21/2003,HSV,AL,ASO,CE,Towers with Radar,17,73,29,0,119,0,4,2,1,7,17,77,31,1,126,4,0,4,130
09/22/2003,HSV,AL,ASO,CE,Towers with Radar,24,87,32,10,153,0,1,4,1,6,24,88,36,11,159,35,0,35,194
09/23/2003,HSV,AL,ASO,CE,Towers with Radar,17,89,56,8,170,0,1,30,2,33,17,90,86,10,203,40,8,48,251
09/24/2003,HSV,AL,ASO,CE,Towers with Radar,13,80,55,7,155,0,5,44,1,50,13,85,99,8,205,53,20,73,278
09/25/2003,HSV,AL,ASO,CE,Towers with Radar,22,79,50,5,156,0,1,33,4,38,22,80,83,9,194,37,4,41,235
09/26/2003,HSV,AL,ASO,CE,Towers with Radar,20,83,45,0,148,0,1,25,0,26,20,84,70,0,174,31,0,31,205
09/27/2003,HSV,AL,ASO,CE,Towers with Radar,15,58,20,0,93,0,2,15,0,17,15,60,35,0,110,15,0,15,125
09/28/2003,HSV,AL,ASO,CE,Towers with Radar,16,74,32,1,123,0,3,42,1,46,16,77,74,2,169,50,1,51,220
09/29/2003,HSV,AL,ASO,CE,Towers with Radar,16,79,45,2,142,0,1,28,3,32,16,80,73,5,174,62,0,62,236
09/30/2003,HSV,AL,ASO,CE,Towers with Radar,23,90,39,4,156,0,3,37,0,40,23,93,76,4,196,55,0,55,251
10/01/2003,HSV,AL,ASO,CE,Towers with Radar,18,83,54,21,176,0,0,38,9,47,18,83,92,30,223,33,63,96,319
10/02/2003,HSV,AL,ASO,CE,Towers with Radar,21,85,50,12,168,0,7,32,0,39,21,92,82,12,207,15,12,27,234
10/03/2003,HSV,AL,ASO,CE,Towers with Radar,20,80,48,16,164,0,8,43,0,51,20,88,91,16,215,39,87,126,341
10/04/2003,HSV,AL,ASO,CE,Towers with Radar,11,69,45,17,142,0,0,27,0,27,11,69,72,17,169,61,8,69,238
10/05/2003,HSV,AL,ASO,CE,Towers with Radar,13,65,43,9,130,0,0,25,0,25,13,65,68,9,155,36,2,38,193
10/06/2003,HSV,AL,ASO,CE,Towers with Radar,18,87,55,20,180,0,0,8,26,34,18,87,63,46,214,80,92,172,386
10/07/2003,HSV,AL,ASO,CE,Towers with Radar,24,88,60,23,195,1,0,36,37,74,25,88,96,60,269,57,168,225,494
10/08/2003,HSV,AL,ASO,CE,Towers with Radar,24,82,62,18,186,2,0,33,0,35,26,82,95,18,221,128,46,174,395
10/09/2003,HSV,AL,ASO,CE,Towers with Radar,24,81,64,25,194,4,0,21,14,39,28,81,85,39,233,55,96,151,384
10/10/2003,HSV,AL,ASO,CE,Towers with Radar,17,85,54,18,174,0,0,1,0,1,17,85,55,18,175,33,11,44,219
10/11/2003,HSV,AL,ASO,CE,Towers with Radar,10,59,36,0,105,0,9,22,0,31,10,68,58,0,136,14,0,14,150
10/12/2003,HSV,AL,ASO,CE,Towers with Radar,17,66,45,2,130,1,0,30,0,31,18,66,75,2,161,44,0,44,205
10/13/2003,HSV,AL,ASO,CE,Towers with Radar,17,77,47,6,147,1,5,10,0,16,18,82,57,6,163,48,0,48,211
10/14/2003,HSV,AL,ASO,CE,Towers with Radar,16,69,42,7,134,1,14,4,0,19,17,83,46,7,153,32,57,89,242
10/15/2003,HSV,AL,ASO,CE,Towers with Radar,19,82,49,15,165,2,18,24,0,44,21,100,73,15,209,56,65,121,330
10/16/2003,HSV,AL,ASO,CE,Towers with Radar,18,80,47,19,164,0,1,28,7,36,18,81,75,26,200,31,108,139,339
10/17/2003,HSV,AL,ASO,CE,Towers with Radar,16,78,45,18,157,0,7,0,0,7,16,85,45,18,164,21,22,43,207
10/18/2003,HSV,AL,ASO,CE,Towers with Radar,13,62,43,12,130,0,0,60,0,60,13,62,103,12,190,43,0,43,233
10/19/2003,HSV,AL,ASO,CE,Towers with Radar,13,60,35,0,108,3,10,62,0,75,16,70,97,0,183,35,6,41,224
10/20/2003,HSV,AL,ASO,CE,Towers with Radar,14,71,41,16,142,0,21,24,3,48,14,92,65,19,190,44,71,115,305
10/21/2003,HSV,AL,ASO,CE,Towers with Radar,17,84,49,20,170,0,9,43,5,57,17,93,92,25,227,71,20,91,318
10/22/2003,HSV,AL,ASO,CE,Towers with Radar,20,85,49,20,174,6,0,77,2,85,26,85,126,22,259,88,28,116,375
10/23/2003,HSV,AL,ASO,CE,Towers with Radar,18,77,48,18,161,12,0,49,0,61,30,77,97,18,222,81,53,134,356
10/24/2003,HSV,AL,ASO,CE,Towers with Radar,18,89,53,16,176,0,0,61,0,61,18,89,114,16,237,81,24,105,342
10/25/2003,HSV,AL,ASO,CE,Towers with Radar,11,57,33,2,103,0,13,44,0,57,11,70,77,2,160,31,0,31,191
10/26/2003,HSV,AL,ASO,CE,Towers with Radar,15,79,47,19,160,0,0,12,7,19,15,79,59,26,179,28,0,28,207
10/27/2003,HSV,AL,ASO,CE,Towers with Radar,19,82,47,16,164,0,3,19,0,22,19,85,66,16,186,23,45,68,254
10/28/2003,HSV,AL,ASO,CE,Towers with Radar,20,88,51,20,179,9,4,55,5,73,29,92,106,25,252,84,34,118,370
10/29/2003,HSV,AL,ASO,CE,Towers with Radar,20,81,49,20,170,1,0,49,15,65,21,81,98,35,235,90,16,106,341
10/30/2003,HSV,AL,ASO,CE,Towers with Radar,17,83,52,21,173,0,0,43,16,59,17,83,95,37,232,48,49,97,329
10/31/2003,HSV,AL,ASO,CE,Towers with Radar,16,74,43,15,148,1,15,31,0,47,17,89,74,15,195,46,110,156,351
11/01/2003,HSV,AL,ASO,CE,Towers with Radar,11,69,38,11,129,0,0,70,7,77,11,69,108,18,206,58,14,72,278
11/02/2003,HSV,AL,ASO,CE,Towers with Radar,16,68,33,6,123,6,0,62,0,68,22,68,95,6,191,68,0,68,259
11/03/2003,HSV,AL,ASO,CE,Towers with Radar,14,78,38,10,140,0,3,50,5,58,14,81,88,15,198,39,60,99,297
11/04/2003,HSV,AL,ASO,CE,Towers with Radar,19,87,43,12,161,8,0,25,0,33,27,87,68,12,194,34,58,92,286
11/05/2003,HSV,AL,ASO,CE,Towers with Radar,19,93,46,14,172,0,0,15,10,25,19,93,61,24,197,43,98,141,338
11/06/2003,HSV,AL,ASO,CE,Towers with Radar,20,93,45,9,167,4,7,1,0,12,24,100,46,9,179,22,0,22,201
11/07/2003,HSV,AL,ASO,CE,Towers with Radar,18,92,55,16,181,0,0,14,8,22,18,92,69,24,203,22,22,44,247
11/08/2003,HSV,AL,ASO,CE,Towers with Radar,12,61,30,4,107,0,5,33,0,38,12,66,63,4,145,66,12,78,223
11/09/2003,HSV,AL,ASO,CE,Towers with Radar,15,74,36,8,133,2,1,35,0,38,17,75,71,8,171,67,23,90,261
11/10/2003,HSV,AL,ASO,CE,Towers with Radar,16,79,39,12,146,1,11,42,4,58,17,90,81,16,204,81,104,185,389
11/11/2003,HSV,AL,ASO,CE,Towers with Radar,15,74,36,2,127,2,15,43,0,60,17,89,79,2,187,42,0,42,229
11/12/2003,HSV,AL,ASO,CE,Towers with Radar,21,91,47,14,173,1,0,14,1,16,22,91,61,15,189,46,38,84,273
11/13/2003,HSV,AL,ASO,CE,Towers with Radar,18,90,44,13,165,0,1,19,6,26,18,91,63,19,191,42,12,54,245
11/14/2003,HSV,AL,ASO,CE,Towers with Radar,17,95,53,11,176,0,0,69,0,69,17,95,122,11,245,53,10,63,308
11/15/2003,HSV,AL,ASO,CE,Towers with Radar,13,61,30,4,108,1,7,45,0,53,14,68,75,4,161,36,7,43,204
11/16/2003,HSV,AL,ASO,CE,Towers with Radar,16,76,37,0,129,8,13,5,0,26,24,89,42,0,155,2,0,2,157
11/17/2003,HSV,AL,ASO,CE,Towers with Radar,21,80,49,14,164,1,0,15,39,55,22,80,64,53,219,52,88,140,359
11/18/2003,HSV,AL,ASO,CE,Towers with Radar,12,59,11,7,89,7,44,0,0,51,19,103,11,7,140,6,0,6,146
11/19/2003,HSV,AL,ASO,CE,Towers with Radar,20,92,43,5,160,2,0,15,0,17,22,92,58,5,177,40,1,41,218
11/20/2003,HSV,AL,ASO,CE,Towers with Radar,14,90,47,11,162,0,0,34,0,34,14,90,81,11,196,45,60,105,301
11/21/2003,HSV,AL,ASO,CE,Towers with Radar,20,88,46,13,167,2,0,35,0,37,22,88,81,13,204,98,42,140,344
11/22/2003,HSV,AL,ASO,CE,Towers with Radar,16,67,36,0,119,3,0,28,0,31,19,67,64,0,150,50,1,51,201
11/23/2003,HSV,AL,ASO,CE,Towers with Radar,13,74,35,10,132,0,2,33,2,37,13,76,68,12,169,58,8,66,235
11/24/2003,HSV,AL,ASO,CE,Towers with Radar,15,72,33,10,130,12,9,16,3,40,27,81,49,13,170,55,28,83,253
11/25/2003,HSV,AL,ASO,CE,Towers with Radar,19,108,55,16,198,0,0,33,16,49,19,108,88,32,247,73,68,141,388
11/26/2003,HSV,AL,ASO,CE,Towers with Radar,19,100,59,17,195,0,0,35,1,36,19,100,94,18,231,67,40,107,338
11/27/2003,HSV,AL,ASO,CE,Towers with Radar,6,30,1,0,37,0,29,0,0,29,6,59,1,0,66,0,0,0,66
11/28/2003,HSV,AL,ASO,CE,Towers with Radar,11,51,20,0,82,0,12,0,0,12,11,63,20,0,94,0,0,0,94
11/29/2003,HSV,AL,ASO,CE,Towers with Radar,12,74,36,5,127,0,0,40,0,40,12,74,76,5,167,18,0,18,185
11/30/2003,HSV,AL,ASO,CE,Towers with Radar,15,79,47,0,141,0,0,39,0,39,15,79,86,0,180,64,0,64,244
12/01/2003,HSV,AL,ASO,CE,Towers with Radar,17,84,36,14,151,1,7,28,7,43,18,91,64,21,194,15,57,72,266
12/02/2003,HSV,AL,ASO,CE,Towers with Radar,17,98,44,18,177,0,0,37,8,45,17,98,81,26,222,56,17,73,295
12/03/2003,HSV,AL,ASO,CE,Towers with Radar,20,93,42,16,171,0,0,17,17,34,20,93,59,33,205,59,41,100,305
12/04/2003,HSV,AL,ASO,CE,Towers with Radar,17,84,36,8,145,0,13,3,0,16,17,97,39,8,161,12,0,12,173
12/05/2003,HSV,AL,ASO,CE,Towers with Radar,17,82,36,12,147,3,3,3,3,12,20,85,39,15,159,19,10,29,188
12/06/2003,HSV,AL,ASO,CE,Towers with Radar,15,60,27,4,106,3,0,0,0,3,18,60,27,4,109,55,0,55,164
12/07/2003,HSV,AL,ASO,CE,Towers with Radar,16,80,36,14,146,0,0,36,2,38,16,80,72,16,184,40,11,51,235
12/08/2003,HSV,AL,ASO,CE,Towers with Radar,23,82,46,17,168,5,0,32,8,45,28,82,78,25,213,45,92,137,350
12/09/2003,HSV,AL,ASO,CE,Towers with Radar,19,103,46,16,184,0,5,11,1,17,19,108,57,17,201,42,72,114,315
12/10/2003,HSV,AL,ASO,CE,Towers with Radar,16,77,35,11,139,2,19,0,0,21,18,96,35,11,160,2,52,54,214
12/11/2003,HSV,AL,ASO,CE,Towers with Radar,19,94,45,9,167,0,0,46,0,46,19,94,91,9,213,45,0,45,258
12/12/2003,HSV,AL,ASO,CE,Towers with Radar,20,97,45,6,168,0,0,17,0,17,20,97,62,6,185,24,3,27,212
12/13/2003,HSV,AL,ASO,CE,Towers with Radar,11,50,23,0,84,4,22,6,0,32,15,72,29,0,116,11,0,11,127
12/14/2003,HSV,AL,ASO,CE,Towers with Radar,13,59,27,1,100,12,10,2,0,24,25,69,29,1,124,9,0,9,133
12/15/2003,HSV,AL,ASO,CE,Towers with Radar,20,73,41,14,148,3,0,32,19,54,23,73,73,33,202,39,26,65,267
12/16/2003,HSV,AL,ASO,CE,Towers with Radar,22,105,46,17,190,0,0,1,17,18,22,105,47,34,208,26,54,80,288
12/17/2003,HSV,AL,ASO,CE,Towers with Radar,21,93,44,15,173,2,0,15,13,30,23,93,59,28,203,48,77,125,328
12/18/2003,HSV,AL,ASO,CE,Towers with Radar,15,114,48,18,195,0,17,0,5,22,15,131,48,23,217,25,19,44,261
12/19/2003,HSV,AL,ASO,CE,Towers with Radar,18,97,43,16,174,0,2,4,15,21,18,99,47,31,195,25,50,75,270
12/20/2003,HSV,AL,ASO,CE,Towers with Radar,15,66,32,3,116,0,0,36,0,36,15,66,68,3,152,38,0,38,190
12/21/2003,HSV,AL,ASO,CE,Towers with Radar,13,76,34,3,126,0,5,46,0,51,13,81,80,3,177,64,6,70,247
12/22/2003,HSV,AL,ASO,CE,Towers with Radar,20,95,42,16,173,0,0,16,13,29,20,95,58,29,202,86,52,138,340
12/23/2003,HSV,AL,ASO,CE,Towers with Radar,14,70,19,0,103,5,26,0,0,31,19,96,19,0,134,1,0,1,135
12/24/2003,HSV,AL,ASO,CE,Towers with Radar,11,70,33,0,114,0,0,18,0,18,11,70,51,0,132,7,1,8,140
12/25/2003,HSV,AL,ASO,CE,Towers with Radar,10,44,18,0,72,7,15,1,0,23,17,59,19,0,95,1,0,1,96
12/26/2003,HSV,AL,ASO,CE,Towers with Radar,14,76,35,0,125,0,0,35,0,35,14,76,70,0,160,39,0,39,199
12/27/2003,HSV,AL,ASO,CE,Towers with Radar,11,65,31,0,107,0,0,27,0,27,11,65,58,0,134,40,0,40,174
12/28/2003,HSV,AL,ASO,CE,Towers with Radar,16,71,33,0,120,1,0,18,0,19,17,71,51,0,139,32,0,32,171
12/29/2003,HSV,AL,ASO,CE,Towers with Radar,17,81,26,12,136,0,0,0,20,20,17,81,26,32,156,21,0,21,177
12/30/2003,HSV,AL,ASO,CE,Towers with Radar,16,93,40,5,154,0,0,24,0,24,16,93,64,5,178,31,0,31,209
12/31/2003,HSV,AL,ASO,CE,Towers with Radar,18,70,35,13,136,4,0,38,1,43,22,70,73,14,179,86,15,101,280
01/01/2004,HSV,AL,ASO,CE,Towers with Radar,10,49,23,0,82,0,0,21,0,21,10,49,44,0,103,33,0,33,136
01/02/2004,HSV,AL,ASO,CE,Towers with Radar,17,71,29,0,117,1,4,0,0,5,18,75,29,0,122,4,0,4,126
01/03/2004,HSV,AL,ASO,CE,Towers with Radar,7,68,32,0,107,0,0,17,0,17,7,68,49,0,124,36,0,36,160
01/04/2004,HSV,AL,ASO,CE,Towers with Radar,14,34,27,4,79,22,0,42,0,64,36,34,69,4,143,39,0,39,182
01/05/2004,HSV,AL,ASO,CE,Towers with Radar,16,66,18,14,114,8,13,0,1,22,24,79,18,15,136,17,0,17,153
01/06/2004,HSV,AL,ASO,CE,Towers with Radar,18,87,40,18,163,0,8,8,21,37,18,95,48,39,200,38,86,124,324
01/07/2004,HSV,AL,ASO,CE,Towers with Radar,23,68,43,20,154,16,0,53,3,72,39,68,96,23,226,52,79,131,357
01/08/2004,HSV,AL,ASO,CE,Towers with Radar,18,76,35,15,144,5,9,1,15,30,23,85,36,30,174,58,125,183,357
01/09/2004,HSV,AL,ASO,CE,Towers with Radar,16,73,32,14,135,0,22,0,2,24,16,95,32,16,159,17,4,21,180
01/10/2004,HSV,AL,ASO,CE,Towers with Radar,11,61,30,4,106,0,0,34,0,34,11,61,64,4,140,76,0,76,216
01/11/2004,HSV,AL,ASO,CE,Towers with Radar,15,71,34,14,134,0,3,42,18,63,15,74,76,32,197,115,10,125,322
01/12/2004,HSV,AL,ASO,CE,Towers with Radar,19,79,38,16,152,0,12,29,31,72,19,91,67,47,224,61,70,131,355
01/13/2004,HSV,AL,ASO,CE,Towers with Radar,18,102,48,21,189,0,0,41,24,65,18,102,89,45,254,65,48,113,367
01/14/2004,HSV,AL,ASO,CE,Towers with Radar,25,81,48,19,173,0,0,29,0,29,25,81,77,19,202,68,54,122,324
01/15/2004,HSV,AL,ASO,CE,Towers with Radar,16,86,41,12,155,0,2,22,0,24,16,88,63,12,179,38,0,38,217
01/16/2004,HSV,AL,ASO,CE,Towers with Radar,19,86,42,18,165,0,0,28,9,37,19,86,70,27,202,126,63,189,391
01/17/2004,HSV,AL,ASO,CE,Towers with Radar,9,59,28,2,98,0,6,13,0,19,9,65,41,2,117,55,2,57,174
01/18/2004,HSV,AL,ASO,CE,Towers with Radar,15,71,34,2,122,0,2,9,0,11,15,73,43,2,133,12,0,12,145
01/19/2004,HSV,AL,ASO,CE,Towers with Radar,21,83,40,3,147,0,10,9,0,19,21,93,49,3,166,2,0,2,168
01/20/2004,HSV,AL,ASO,CE,Towers with Radar,19,77,37,15,148,0,16,41,3,60,19,93,78,18,208,25,28,53,261
01/21/2004,HSV,AL,ASO,CE,Towers with Radar,23,80,45,16,164,13,0,47,0,60,36,80,92,16,224,59,66,125,349
01/22/2004,HSV,AL,ASO,CE,Towers with Radar,17,97,47,18,179,0,0,24,0,24,17,97,71,18,203,33,26,59,262
01/23/2004,HSV,AL,ASO,CE,Towers with Radar,18,94,45,19,176,0,0,37,18,55,18,94,82,37,231,37,70,107,338
01/24/2004,HSV,AL,ASO,CE,Towers with Radar,16,57,32,7,112,0,0,28,0,28,16,57,60,7,140,112,8,120,260
01/25/2004,HSV,AL,ASO,CE,Towers with Radar,12,46,14,9,81,5,18,0,0,23,17,64,14,9,104,6,0,6,110
01/26/2004,HSV,AL,ASO,CE,Towers with Radar,15,58,26,10,109,0,16,8,0,24,15,74,34,10,133,45,0,45,178
01/27/2004,HSV,AL,ASO,CE,Towers with Radar,17,66,30,13,126,7,0,5,6,18,24,66,35,19,144,6,39,45,189
01/28/2004,HSV,AL,ASO,CE,Towers with Radar,19,92,42,16,169,0,4,21,0,25,19,96,63,16,194,50,49,99,293
01/29/2004,HSV,AL,ASO,CE,Towers with Radar,19,86,40,17,162,0,3,22,10,35,19,89,62,27,197,70,30,100,297
01/30/2004,HSV,AL,ASO,CE,Towers with Radar,19,86,44,19,168,0,0,32,4,36,19,86,76,23,204,12,24,36,240
01/31/2004,HSV,AL,ASO,CE,Towers with Radar,18,65,33,6,122,0,0,80,0,80,18,65,113,6,202,87,6,93,295
02/01/2004,HSV,AL,ASO,CE,Towers with Radar,15,65,29,15,124,3,9,31,0,43,18,74,60,15,167,32,8,40,207
02/02/2004,HSV,AL,ASO,CE,Towers with Radar,15,68,19,15,117,3,15,0,24,42,18,83,19,39,159,21,0,21,180
02/03/2004,HSV,AL,ASO,CE,Towers with Radar,18,82,34,18,152,3,4,0,7,14,21,86,34,25,166,10,54,64,230
02/04/2004,HSV,AL,ASO,CE,Towers with Radar,22,88,48,23,181,6,0,21,14,41,28,88,69,37,222,48,90,138,360
02/05/2004,HSV,AL,ASO,CE,Towers with Radar,11,51,23,0,85,4,36,0,0,40,15,87,23,0,125,0,0,0,125
02/06/2004,HSV,AL,ASO,CE,Towers with Radar,14,65,21,9,109,3,26,0,0,29,17,91,21,9,138,0,0,0,138
02/07/2004,HSV,AL,ASO,CE,Towers with Radar,11,55,26,2,94,0,13,11,0,24,11,68,37,2,118,30,0,30,148
02/08/2004,HSV,AL,ASO,CE,Towers with Radar,14,77,40,10,141,0,0,60,0,60,14,77,100,10,201,26,6,32,233
02/09/2004,HSV,AL,ASO,CE,Towers with Radar,18,84,43,20,165,0,0,21,13,34,18,84,64,33,199,47,73,120,319
02/10/2004,HSV,AL,ASO,CE,Towers with Radar,19,77,40,19,155,13,0,10,1,24,32,77,50,20,179,38,0,38,217
02/11/2004,HSV,AL,ASO,CE,Towers with Radar,21,87,44,21,173,1,0,32,8,41,22,87,76,29,214,110,197,307,521
02/12/2004,HSV,AL,ASO,CE,Towers with Radar,19,84,43,20,166,0,0,5,16,21,19,84,48,36,187,22,0,22,209
02/13/2004,HSV,AL,ASO,CE,Towers with Radar,19,92,49,4,164,0,0,26,0,26,19,92,75,4,190,49,0,49,239
02/14/2004,HSV,AL,ASO,CE,Towers with Radar,13,58,28,0,99,0,0,32,0,32,13,58,60,0,131,90,0,90,221
02/15/2004,HSV,AL,ASO,CE,Towers with Radar,11,50,17,0,78,4,31,0,0,35,15,81,17,0,113,15,0,15,128
02/16/2004,HSV,AL,ASO,CE,Towers with Radar,15,79,37,6,137,0,0,4,0,4,15,79,41,6,141,40,0,40,181
02/17/2004,HSV,AL,ASO,CE,Towers with Radar,15,68,28,9,120,5,13,0,0,18,20,81,28,9,138,6,0,6,144
02/18/2004,HSV,AL,ASO,CE,Towers with Radar,21,93,46,23,183,0,0,39,4,43,21,93,85,27,226,45,118,163,389
02/19/2004,HSV,AL,ASO,CE,Towers with Radar,17,92,47,24,180,0,0,51,18,69,17,92,98,42,249,70,89,159,408
02/20/2004,HSV,AL,ASO,CE,Towers with Radar,18,87,40,14,159,0,0,14,0,14,18,87,54,14,173,31,50,81,254
02/21/2004,HSV,AL,ASO,CE,Towers with Radar,12,64,29,15,120,0,0,35,10,45,12,64,64,25,165,101,8,109,274
02/22/2004,HSV,AL,ASO,CE,Towers with Radar,16,76,37,15,144,0,0,49,0,49,16,76,86,15,193,27,6,33,226
02/23/2004,HSV,AL,ASO,CE,Towers with Radar,19,87,39,20,165,0,0,18,11,29,19,87,57,31,194,85,77,162,356
02/24/2004,HSV,AL,ASO,CE,Towers with Radar,20,90,47,24,181,0,0,0,34,34,20,90,47,58,215,85,170,255,470
02/25/2004,HSV,AL,ASO,CE,Towers with Radar,18,80,36,18,152,0,7,2,13,22,18,87,38,31,174,32,40,72,246
02/26/2004,HSV,AL,ASO,CE,Towers with Radar,14,70,31,0,115,0,12,2,0,14,14,82,33,0,129,7,0,7,136
02/27/2004,HSV,AL,ASO,CE,Towers with Radar,16,90,51,16,173,0,0,8,0,8,16,90,59,16,181,90,28,118,299
02/28/2004,HSV,AL,ASO,CE,Towers with Radar,11,64,31,11,117,0,0,64,0,64,11,64,95,11,181,141,10,151,332
02/29/2004,HSV,AL,ASO,CE,Towers with Radar,18,76,36,18,148,1,0,35,1,37,19,76,71,19,185,25,8,33,218
03/01/2004,HSV,AL,ASO,CE,Towers with Radar,15,61,22,14,112,20,7,0,0,27,35,68,22,14,139,8,30,38,177
03/02/2004,HSV,AL,ASO,CE,Towers with Radar,19,77,30,20,146,1,6,0,8,15,20,83,30,28,161,48,16,64,225
03/03/2004,HSV,AL,ASO,CE,Towers with Radar,22,79,43,23,167,1,0,24,25,50,23,79,67,48,217,23,68,91,308
03/04/2004,HSV,AL,ASO,CE,Towers with Radar,21,69,46,25,161,0,0,25,27,52,21,69,71,52,213,44,145,189,402
03/05/2004,HSV,AL,ASO,CE,Towers with Radar,16,60,22,16,114,19,0,0,2,21,35,60,22,18,135,9,22,31,166
03/06/2004,HSV,AL,ASO,CE,Towers with Radar,8,55,31,7,101,0,0,64,0,64,8,55,95,7,165,70,0,70,235
03/07/2004,HSV,AL,ASO,CE,Towers with Radar,12,65,32,5,114,0,10,16,0,26,12,75,48,5,140,5,0,5,145
03/08/2004,HSV,AL,ASO,CE,Towers with Radar,19,79,39,19,156,0,3,29,22,54,19,82,68,41,210,72,45,117,327
03/09/2004,HSV,AL,ASO,CE,Towers with Radar,18,77,38,19,152,8,13,14,5,40,26,90,52,24,192,14,75,89,281
03/10/2004,HSV,AL,ASO,CE,Towers with Radar,22,90,49,25,186,0,0,57,17,74,22,90,106,42,260,117,212,329,589
03/11/2004,HSV,AL,ASO,CE,Towers with Radar,19,83,44,20,166,0,0,37,0,37,19,83,81,20,203,34,57,91,294
03/12/2004,HSV,AL,ASO,CE,Towers with Radar,17,86,42,21,166,0,9,34,6,49,17,95,76,27,215,27,125,152,367
03/13/2004,HSV,AL,ASO,CE,Towers with Radar,12,63,31,2,108,0,4,47,0,51,12,67,78,2,159,69,0,69,228
03/14/2004,HSV,AL,ASO,CE,Towers with Radar,16,77,38,16,147,0,2,26,0,28,16,79,64,16,175,63,8,71,246
03/15/2004,HSV,AL,ASO,CE,Towers with Radar,18,78,28,20,144,1,6,0,16,23,19,84,28,36,167,13,0,13,180
03/16/2004,HSV,AL,ASO,CE,Towers with Radar,18,78,28,20,144,1,6,0,16,23,19,84,28,36,167,13,0,13,180
03/17/2004,HSV,AL,ASO,CE,Towers with Radar,15,87,46,25,173,0,0,38,3,41,15,87,84,28,214,55,60,115,329
03/18/2004,HSV,AL,ASO,CE,Towers with Radar,17,88,43,13,161,0,6,26,0,32,17,94,69,13,193,114,110,224,417
03/19/2004,HSV,AL,ASO,CE,Towers with Radar,21,73,50,20,164,0,0,62,0,62,21,73,112,20,226,58,96,154,380
03/20/2004,HSV,AL,ASO,CE,Towers with Radar,13,68,33,1,115,0,5,24,0,29,13,73,57,1,144,75,0,75,219
03/21/2004,HSV,AL,ASO,CE,Towers with Radar,16,69,32,7,124,1,3,17,0,21,17,72,49,7,145,22,0,22,167
03/22/2004,HSV,AL,ASO,CE,Towers with Radar,18,77,36,19,150,0,12,25,0,37,18,89,61,19,187,27,41,68,255
03/23/2004,HSV,AL,ASO,CE,Towers with Radar,16,92,43,23,174,0,1,67,1,69,16,93,110,24,243,29,127,156,399
03/24/2004,HSV,AL,ASO,CE,Towers with Radar,20,86,40,20,166,2,0,35,0,37,22,86,75,20,203,63,72,135,338
03/25/2004,HSV,AL,ASO,CE,Towers with Radar,20,88,41,23,172,2,2,33,11,48,22,90,74,34,220,91,36,127,347
03/26/2004,HSV,AL,ASO,CE,Towers with Radar,18,80,40,21,159,0,0,40,2,42,18,80,80,23,201,28,33,61,262
03/27/2004,HSV,AL,ASO,CE,Towers with Radar,13,72,34,8,127,0,1,34,0,35,13,73,68,8,162,82,0,82,244
03/28/2004,HSV,AL,ASO,CE,Towers with Radar,19,79,37,20,155,2,14,13,10,39,21,93,50,30,194,58,83,141,335
03/29/2004,HSV,AL,ASO,CE,Towers with Radar,17,71,33,4,125,2,11,6,0,19,19,82,39,4,144,6,0,6,150
03/30/2004,HSV,AL,ASO,CE,Towers with Radar,18,78,37,15,148,0,16,5,0,21,18,94,42,15,169,47,72,119,288
03/31/2004,HSV,AL,ASO,CE,Towers with Radar,22,93,45,18,178,2,0,18,0,20,24,93,63,18,198,40,16,56,254
04/01/2004,HSV,AL,ASO,CE,Towers with Radar,18,88,42,24,172,0,0,16,0,16,18,88,58,24,188,73,52,125,313
04/02/2004,HSV,AL,ASO,CE,Towers with Radar,17,94,47,26,184,0,0,13,20,33,17,94,60,46,217,73,115,188,405
04/03/2004,HSV,AL,ASO,CE,Towers with Radar,13,62,30,2,107,0,0,63,0,63,13,62,93,2,170,87,0,87,257
04/04/2004,HSV,AL,ASO,CE,Towers with Radar,14,65,32,4,115,6,0,5,0,11,20,65,37,4,126,20,0,20,146
04/05/2004,HSV,AL,ASO,CE,Towers with Radar,18,86,42,23,169,0,7,9,20,36,18,93,51,43,205,50,157,207,412
04/06/2004,HSV,AL,ASO,CE,Towers with Radar,18,95,46,26,185,0,1,39,17,57,18,96,85,43,242,44,148,192,434
04/07/2004,HSV,AL,ASO,CE,Towers with Radar,17,76,37,20,150,0,0,25,7,32,17,76,62,27,182,64,196,260,442
04/08/2004,HSV,AL,ASO,CE,Towers with Radar,18,102,51,27,198,0,0,18,2,20,18,102,69,29,218,55,6,61,279
04/09/2004,HSV,AL,ASO,CE,Towers with Radar,17,88,43,9,157,0,1,66,0,67,17,89,109,9,224,45,76,121,345
04/10/2004,HSV,AL,ASO,CE,Towers with Radar,9,61,30,0,100,0,4,26,0,30,9,65,56,0,130,34,0,34,164
04/11/2004,HSV,AL,ASO,CE,Towers with Radar,13,60,31,0,104,16,0,9,0,25,29,60,40,0,129,5,0,5,134
04/12/2004,HSV,AL,ASO,CE,Towers with Radar,15,74,36,19,144,6,9,0,0,15,21,83,36,19,159,13,2,15,174
04/13/2004,HSV,AL,ASO,CE,Towers with Radar,15,74,36,19,144,6,9,0,0,15,21,83,36,19,159,13,2,15,174
04/14/2004,HSV,AL,ASO,CE,Towers with Radar,19,94,51,28,192,0,0,30,4,34,19,94,81,32,226,35,77,112,338
04/15/2004,HSV,AL,ASO,CE,Towers with Radar,21,94,46,19,180,3,1,43,0,47,24,95,89,19,227,81,74,155,382
04/16/2004,HSV,AL,ASO,CE,Towers with Radar,19,90,48,27,184,0,0,52,0,52,19,90,100,27,236,33,46,79,315
04/17/2004,HSV,AL,ASO,CE,Towers with Radar,12,64,30,1,107,0,4,61,0,65,12,68,91,1,172,42,0,42,214
04/18/2004,HSV,AL,ASO,CE,Towers with Radar,14,69,32,0,115,0,8,42,0,50,14,77,74,0,165,64,0,64,229
04/19/2004,HSV,AL,ASO,CE,Towers with Radar,17,76,36,21,150,1,4,22,9,36,18,80,58,30,186,28,82,110,296
04/20/2004,HSV,AL,ASO,CE,Towers with Radar,18,84,39,21,162,1,11,48,0,60,19,95,87,21,222,89,77,166,388
04/21/2004,HSV,AL,ASO,CE,Towers with Radar,19,92,44,19,174,1,0,9,0,10,20,92,53,19,184,27,44,71,255
04/22/2004,HSV,AL,ASO,CE,Towers with Radar,20,94,45,14,173,0,0,25,0,25,20,94,70,14,198,25,60,85,283
04/23/2004,HSV,AL,ASO,CE,Towers with Radar,17,91,44,25,177,0,0,15,5,20,17,91,59,30,197,51,61,112,309
04/24/2004,HSV,AL,ASO,CE,Towers with Radar,11,52,24,1,88,1,12,22,0,35,12,64,46,1,123,35,0,35,158
04/25/2004,HSV,AL,ASO,CE,Towers with Radar,16,74,34,1,125,1,7,8,0,16,17,81,42,1,141,6,0,6,147
04/26/2004,HSV,AL,ASO,CE,Towers with Radar,15,75,35,17,142,0,20,11,0,31,15,95,46,17,173,57,60,117,290
04/27/2004,HSV,AL,ASO,CE,Towers with Radar,18,89,45,26,178,0,0,51,30,81,18,89,96,56,259,44,56,100,359
04/28/2004,HSV,AL,ASO,CE,Towers with Radar,20,89,45,26,180,1,0,45,16,62,21,89,90,42,242,74,69,143,385
04/29/2004,HSV,AL,ASO,CE,Towers with Radar,19,98,53,31,201,0,0,10,48,58,19,98,63,79,259,30,172,202,461
04/30/2004,HSV,AL,ASO,CE,Towers with Radar,18,86,46,27,177,0,0,6,43,49,18,86,52,70,226,57,61,118,344
05/01/2004,HSV,AL,ASO,CE,Towers with Radar,11,63,59,2,135,0,0,2,0,2,11,63,61,2,137,52,0,52,189
05/02/2004,HSV,AL,ASO,CE,Towers with Radar,14,72,33,14,133,0,3,26,0,29,14,75,59,14,162,72,12,84,246
05/03/2004,HSV,AL,ASO,CE,Towers with Radar,12,89,46,30,177,0,0,11,16,27,12,89,57,46,204,63,80,143,347
05/04/2004,HSV,AL,ASO,CE,Towers with Radar,17,79,38,21,155,2,23,45,0,70,19,102,83,21,225,54,64,118,343
05/05/2004,HSV,AL,ASO,CE,Towers with Radar,16,78,38,20,152,0,17,52,0,69,16,95,90,20,221,111,111,222,443
05/06/2004,HSV,AL,ASO,CE,Towers with Radar,20,91,44,26,181,0,0,62,0,62,20,91,106,26,243,54,95,149,392
05/07/2004,HSV,AL,ASO,CE,Towers with Radar,15,88,45,27,175,0,0,47,4,51,15,88,92,31,226,48,117,165,391
05/08/2004,HSV,AL,ASO,CE,Towers with Radar,14,46,29,0,89,18,0,60,0,78,32,46,89,0,167,76,0,76,243
05/09/2004,HSV,AL,ASO,CE,Towers with Radar,18,75,36,0,129,11,1,37,0,49,29,76,73,0,178,57,0,57,235
05/10/2004,HSV,AL,ASO,CE,Towers with Radar,15,72,35,13,135,0,14,19,0,33,15,86,54,13,168,32,12,44,212
05/11/2004,HSV,AL,ASO,CE,Towers with Radar,17,90,48,29,184,0,0,13,55,68,17,90,61,84,252,64,158,222,474
05/12/2004,HSV,AL,ASO,CE,Towers with Radar,22,96,48,29,195,3,0,10,33,46,25,96,58,62,241,107,266,373,614
05/13/2004,HSV,AL,ASO,CE,Towers with Radar,16,70,34,12,132,3,18,7,0,28,19,88,41,12,160,5,1,6,166
05/14/2004,HSV,AL,ASO,CE,Towers with Radar,15,92,46,28,181,0,0,11,52,63,15,92,57,80,244,49,121,170,414
05/15/2004,HSV,AL,ASO,CE,Towers with Radar,19,97,49,30,195,0,0,16,8,24,19,97,65,38,219,41,56,97,316
05/16/2004,HSV,AL,ASO,CE,Towers with Radar,16,69,34,0,119,7,6,8,0,21,23,75,42,0,140,91,0,91,231
05/17/2004,HSV,AL,ASO,CE,Towers with Radar,17,89,43,26,175,0,0,38,37,75,17,89,81,63,250,122,58,180,430
05/18/2004,HSV,AL,ASO,CE,Towers with Radar,21,92,45,27,185,0,0,33,18,51,21,92,78,45,236,97,146,243,479
05/19/2004,HSV,AL,ASO,CE,Towers with Radar,21,96,46,29,192,0,7,25,8,40,21,103,71,37,232,132,78,210,442
05/20/2004,HSV,AL,ASO,CE,Towers with Radar,15,92,44,23,174,0,4,37,0,41,15,96,81,23,215,86,11,97,312
05/21/2004,HSV,AL,ASO,CE,Towers with Radar,18,71,35,11,135,22,0,39,0,61,40,71,74,11,196,60,46,106,302
05/22/2004,HSV,AL,ASO,CE,Towers with Radar,14,65,32,11,122,0,0,30,0,30,14,65,62,11,152,79,6,85,237
05/23/2004,HSV,AL,ASO,CE,Towers with Radar,17,67,33,9,126,3,0,27,0,30,20,67,60,9,156,110,8,118,274
05/24/2004,HSV,AL,ASO,CE,Towers with Radar,18,81,37,24,160,6,4,9,6,25,24,85,46,30,185,75,99,174,359
05/25/2004,HSV,AL,ASO,CE,Towers with Radar,20,88,43,27,178,2,0,12,18,32,22,88,55,45,210,120,141,261,471
05/26/2004,HSV,AL,ASO,CE,Towers with Radar,17,79,36,18,150,1,11,28,0,40,18,90,64,18,190,60,10,70,260
05/27/2004,HSV,AL,ASO,CE,Towers with Radar,0,90,42,27,159,0,0,26,3,29,0,90,68,30,188,46,82,128,316
05/28/2004,HSV,AL,ASO,CE,Towers with Radar,16,80,37,12,145,0,9,7,0,16,16,89,44,12,161,16,39,55,216
05/29/2004,HSV,AL,ASO,CE,Towers with Radar,11,63,29,1,104,0,2,2,0,4,11,65,31,1,108,4,0,4,112
05/30/2004,HSV,AL,ASO,CE,Towers with Radar,11,49,22,0,82,1,15,11,0,27,12,64,33,0,109,16,0,16,125
05/31/2004,HSV,AL,ASO,CE,Towers with Radar,11,63,29,4,107,0,12,11,0,23,11,75,40,4,130,74,26,100,230
06/01/2004,HSV,AL,ASO,CE,Towers with Radar,20,89,36,27,172,0,3,0,18,21,20,92,36,45,193,95,112,207,400
06/02/2004,HSV,AL,ASO,CE,Towers with Radar,19,84,41,10,154,0,11,7,0,18,19,95,48,10,172,57,101,158,330
06/03/2004,HSV,AL,ASO,CE,Towers with Radar,16,97,48,25,186,0,0,17,0,17,16,97,65,25,203,47,0,47,250
06/04/2004,HSV,AL,ASO,CE,Towers with Radar,25,70,54,32,181,9,0,48,41,98,34,70,102,73,279,110,117,227,506
06/05/2004,HSV,AL,ASO,CE,Towers with Radar,14,58,29,8,109,1,6,38,0,45,15,64,67,8,154,119,0,119,273
06/06/2004,HSV,AL,ASO,CE,Towers with Radar,14,71,35,12,132,0,8,30,0,38,14,79,65,12,170,57,11,68,238
06/07/2004,HSV,AL,ASO,CE,Towers with Radar,15,73,37,23,148,0,0,3,17,20,15,73,40,40,168,41,35,76,244
06/08/2004,HSV,AL,ASO,CE,Towers with Radar,18,86,42,26,172,0,10,23,11,44,18,96,65,37,216,59,130,189,405
06/09/2004,HSV,AL,ASO,CE,Towers with Radar,21,89,52,32,194,0,0,30,19,49,21,89,82,51,243,74,270,344,587
06/10/2004,HSV,AL,ASO,CE,Towers with Radar,17,83,46,28,174,0,0,23,6,29,17,83,69,34,203,56,61,117,320
06/11/2004,HSV,AL,ASO,CE,Towers with Radar,21,83,47,15,166,5,0,30,0,35,26,83,77,15,201,28,14,42,243
06/12/2004,HSV,AL,ASO,CE,Towers with Radar,13,63,36,22,134,0,0,26,11,37,13,63,62,33,171,97,26,123,294
06/13/2004,HSV,AL,ASO,CE,Towers with Radar,14,73,37,12,136,0,0,10,0,10,14,73,47,12,146,63,4,67,213
06/14/2004,HSV,AL,ASO,CE,Towers with Radar,19,83,41,25,168,0,4,16,8,28,19,87,57,33,196,41,97,138,334
06/15/2004,HSV,AL,ASO,CE,Towers with Radar,19,82,34,26,161,8,3,0,31,42,27,85,34,57,203,37,26,63,266
06/16/2004,HSV,AL,ASO,CE,Towers with Radar,18,92,45,28,183,0,5,17,3,25,18,97,62,31,208,91,95,186,394
06/17/2004,HSV,AL,ASO,CE,Towers with Radar,22,94,48,30,194,2,0,27,0,29,24,94,75,30,223,69,101,170,393
06/18/2004,HSV,AL,ASO,CE,Towers with Radar,17,90,45,27,179,0,0,18,0,18,17,90,63,27,197,64,52,116,313
06/19/2004,HSV,AL,ASO,CE,Towers with Radar,11,65,31,17,124,0,0,33,0,33,11,65,64,17,157,124,33,157,314
06/20/2004,HSV,AL,ASO,CE,Towers with Radar,15,73,34,15,137,0,1,47,0,48,15,74,81,15,185,77,24,101,286
06/21/2004,HSV,AL,ASO,CE,Towers with Radar,18,79,37,18,152,6,9,6,0,21,24,88,43,18,173,58,110,168,341
06/22/2004,HSV,AL,ASO,CE,Towers with Radar,18,79,32,24,153,2,13,0,4,19,20,92,32,28,172,17,98,115,287
06/23/2004,HSV,AL,ASO,CE,Towers with Radar,17,78,35,13,143,6,18,0,0,24,23,96,35,13,167,12,7,19,186
06/24/2004,HSV,AL,ASO,CE,Towers with Radar,19,97,46,21,183,0,3,8,0,11,19,100,54,21,194,39,4,43,237
06/25/2004,HSV,AL,ASO,CE,Towers with Radar,16,83,39,13,151,0,9,11,0,20,16,92,50,13,171,14,8,22,193
06/26/2004,HSV,AL,ASO,CE,Towers with Radar,12,66,31,3,112,0,1,32,0,33,12,67,63,3,145,47,0,47,192
06/27/2004,HSV,AL,ASO,CE,Towers with Radar,15,68,32,0,115,11,10,0,0,21,26,78,32,0,136,24,0,24,160
06/28/2004,HSV,AL,ASO,CE,Towers with Radar,17,72,34,13,136,6,15,23,0,44,23,87,57,13,180,75,8,83,263
06/29/2004,HSV,AL,ASO,CE,Towers with Radar,19,92,52,34,197,0,0,48,24,72,19,92,100,58,269,94,121,215,484
06/30/2004,HSV,AL,ASO,CE,Towers with Radar,18,84,40,25,167,0,16,4,0,20,18,100,44,25,187,81,77,158,345
07/01/2004,HSV,AL,ASO,CE,Towers with Radar,13,88,49,26,176,0,0,6,9,15,13,88,55,35,191,14,131,145,336
07/02/2004,HSV,AL,ASO,CE,Towers with Radar,17,90,51,11,169,0,0,14,0,14,17,90,65,11,183,81,0,81,264
07/03/2004,HSV,AL,ASO,CE,Towers with Radar,11,54,29,2,96,0,7,23,0,30,11,61,52,2,126,54,0,54,180
07/04/2004,HSV,AL,ASO,CE,Towers with Radar,9,45,24,1,79,6,13,4,0,23,15,58,28,1,102,8,0,8,110
07/05/2004,HSV,AL,ASO,CE,Towers with Radar,14,67,36,4,121,3,12,6,0,21,17,79,42,4,142,42,0,42,184
07/06/2004,HSV,AL,ASO,CE,Towers with Radar,18,83,45,25,171,4,6,11,3,24,22,89,56,28,195,14,120,134,329
07/07/2004,HSV,AL,ASO,CE,Towers with Radar,17,82,45,25,169,8,3,7,7,25,25,85,52,32,194,90,0,90,284
07/08/2004,HSV,AL,ASO,CE,Towers with Radar,17,84,48,25,174,0,0,15,18,33,17,84,63,43,207,79,131,210,417
07/09/2004,HSV,AL,ASO,CE,Towers with Radar,18,89,52,27,186,0,0,14,13,27,18,89,66,40,213,107,92,199,412
07/10/2004,HSV,AL,ASO,CE,Towers with Radar,8,55,31,11,105,0,13,37,0,50,8,68,68,11,155,105,0,105,260
07/11/2004,HSV,AL,ASO,CE,Towers with Radar,15,76,44,23,158,0,0,30,14,44,15,76,74,37,202,99,7,106,308
07/12/2004,HSV,AL,ASO,CE,Towers with Radar,16,79,44,23,162,5,13,8,13,39,21,92,52,36,201,37,98,135,336
07/13/2004,HSV,AL,ASO,CE,Towers with Radar,17,81,45,23,166,1,12,35,8,56,18,93,80,31,222,62,87,149,371
07/14/2004,HSV,AL,ASO,CE,Towers with Radar,16,74,41,9,140,12,10,24,0,46,28,84,65,9,186,39,71,110,296
07/15/2004,HSV,AL,ASO,CE,Towers with Radar,16,92,51,22,181,0,1,49,0,50,16,93,100,22,231,34,95,129,360
07/16/2004,HSV,AL,ASO,CE,Towers with Radar,17,92,53,28,190,0,0,37,19,56,17,92,90,47,246,49,2,51,297
07/17/2004,HSV,AL,ASO,CE,Towers with Radar,8,65,46,24,143,0,0,23,12,35,8,65,69,36,178,48,34,82,260
07/18/2004,HSV,AL,ASO,CE,Towers with Radar,15,71,40,9,135,0,5,20,0,25,15,76,60,9,160,38,6,44,204
07/19/2004,HSV,AL,ASO,CE,Towers with Radar,19,91,49,25,184,0,0,29,28,57,19,91,78,53,241,123,147,270,511
07/20/2004,HSV,AL,ASO,CE,Towers with Radar,18,92,49,26,185,0,15,42,10,67,18,107,91,36,252,141,71,212,464
07/21/2004,HSV,AL,ASO,CE,Towers with Radar,19,91,50,27,187,3,0,32,9,44,22,91,82,36,231,95,64,159,390
07/22/2004,HSV,AL,ASO,CE,Towers with Radar,16,90,55,30,191,0,0,29,4,33,16,90,84,34,224,33,48,81,305
07/23/2004,HSV,AL,ASO,CE,Towers with Radar,17,98,54,20,189,0,0,22,0,22,17,98,76,20,211,143,41,184,395
07/24/2004,HSV,AL,ASO,CE,Towers with Radar,11,63,33,0,107,0,6,23,0,29,11,69,56,0,136,69,0,69,205
07/25/2004,HSV,AL,ASO,CE,Towers with Radar,18,57,45,5,125,18,0,39,0,57,36,57,84,5,182,36,0,36,218
07/26/2004,HSV,AL,ASO,CE,Towers with Radar,17,81,44,17,159,0,6,15,0,21,17,87,59,17,180,58,36,94,274
07/27/2004,HSV,AL,ASO,CE,Towers with Radar,19,88,55,30,192,0,0,16,3,19,19,88,71,33,211,59,0,59,270
07/28/2004,HSV,AL,ASO,CE,Towers with Radar,19,86,48,16,169,4,0,47,0,51,23,86,95,16,220,88,126,214,434
07/29/2004,HSV,AL,ASO,CE,Towers with Radar,16,91,52,29,188,0,0,32,24,56,16,91,84,53,244,104,110,214,458
07/30/2004,HSV,AL,ASO,CE,Towers with Radar,14,91,54,29,188,0,0,7,21,28,14,91,61,50,216,47,58,105,321
07/31/2004,HSV,AL,ASO,CE,Towers with Radar,9,56,30,0,95,0,9,4,0,13,9,65,34,0,108,10,0,10,118
08/01/2004,HSV,AL,ASO,CE,Towers with Radar,11,72,37,9,129,0,0,39,0,39,11,72,76,9,168,23,1,24,192
08/02/2004,HSV,AL,ASO,CE,Towers with Radar,15,64,35,14,128,0,0,25,0,25,15,64,60,14,153,56,2,58,211
08/03/2004,HSV,AL,ASO,CE,Towers with Radar,19,88,44,21,172,1,4,16,12,33,20,92,60,33,205,148,110,258,463
08/04/2004,HSV,AL,ASO,CE,Towers with Radar,21,91,50,23,185,4,0,35,2,41,25,91,85,25,226,60,45,105,331
08/05/2004,HSV,AL,ASO,CE,Towers with Radar,21,97,54,12,184,7,0,4,0,11,28,97,58,12,195,25,70,95,290
08/06/2004,HSV,AL,ASO,CE,Towers with Radar,19,100,51,19,189,0,0,42,0,42,19,100,93,19,231,80,48,128,359
08/07/2004,HSV,AL,ASO,CE,Towers with Radar,11,63,32,0,106,0,0,53,0,53,11,63,85,0,159,33,4,37,196
08/08/2004,HSV,AL,ASO,CE,Towers with Radar,14,66,34,11,125,3,9,36,0,48,17,75,70,11,173,27,18,45,218
08/09/2004,HSV,AL,ASO,CE,Towers with Radar,18,91,46,22,177,0,0,25,18,43,18,91,71,40,220,95,53,148,368
08/10/2004,HSV,AL,ASO,CE,Towers with Radar,15,94,47,24,180,0,0,36,17,53,15,94,83,41,233,119,20,139,372
08/11/2004,HSV,AL,ASO,CE,Towers with Radar,16,87,44,22,169,0,0,24,10,34,16,87,68,32,203,55,0,55,258
08/12/2004,HSV,AL,ASO,CE,Towers with Radar,18,89,45,23,175,0,6,8,6,20,18,95,53,29,195,69,94,163,358
08/13/2004,HSV,AL,ASO,CE,Towers with Radar,15,92,49,24,180,0,0,57,1,58,15,92,106,25,238,32,76,108,346
08/14/2004,HSV,AL,ASO,CE,Towers with Radar,9,68,33,13,123,0,15,49,0,64,9,83,82,13,187,74,16,90,277
08/15/2004,HSV,AL,ASO,CE,Towers with Radar,14,75,40,19,148,0,0,27,1,28,14,75,67,20,176,84,6,90,266
08/16/2004,HSV,AL,ASO,CE,Towers with Radar,17,88,43,22,170,0,0,37,10,47,17,88,80,32,217,68,123,191,408
08/17/2004,HSV,AL,ASO,CE,Towers with Radar,18,92,45,23,178,4,0,51,6,61,22,92,96,29,239,75,53,128,367
08/18/2004,HSV,AL,ASO,CE,Towers with Radar,16,94,47,23,180,0,0,47,3,50,16,94,94,26,230,113,163,276,506
08/19/2004,HSV,AL,ASO,CE,Towers with Radar,19,96,53,23,191,0,0,38,0,38,19,96,91,23,229,87,38,125,354
08/20/2004,HSV,AL,ASO,CE,Towers with Radar,14,91,43,23,171,0,3,0,20,23,14,94,43,43,194,23,41,64,258
08/21/2004,HSV,AL,ASO,CE,Towers with Radar,14,55,34,18,121,1,0,0,7,8,15,55,34,25,129,11,13,24,153
08/22/2004,HSV,AL,ASO,CE,Towers with Radar,13,76,37,6,132,0,0,16,0,16,13,76,53,6,148,99,14,113,261
08/23/2004,HSV,AL,ASO,CE,Towers with Radar,17,84,41,21,163,1,8,2,13,24,18,92,43,34,187,38,46,84,271
08/24/2004,HSV,AL,ASO,CE,Towers with Radar,18,92,46,24,180,2,0,9,16,27,20,92,55,40,207,78,53,131,338
08/25/2004,HSV,AL,ASO,CE,Towers with Radar,15,78,38,12,143,3,14,19,0,36,18,92,57,12,179,53,0,53,232
08/26/2004,HSV,AL,ASO,CE,Towers with Radar,20,93,49,18,180,2,0,19,0,21,22,93,68,18,201,42,43,85,286
08/27/2004,HSV,AL,ASO,CE,Towers with Radar,17,89,44,23,173,0,0,17,21,38,17,89,61,44,211,57,54,111,322
08/28/2004,HSV,AL,ASO,CE,Towers with Radar,10,54,26,2,92,0,9,17,0,26,10,63,43,2,118,65,6,71,189
08/29/2004,HSV,AL,ASO,CE,Towers with Radar,14,72,35,2,123,3,3,21,0,27,17,75,56,2,150,40,0,40,190
08/30/2004,HSV,AL,ASO,CE,Towers with Radar,17,89,45,13,164,2,8,13,0,23,19,97,58,13,187,63,13,76,263
08/31/2004,HSV,AL,ASO,CE,Towers with Radar,19,98,49,11,177,5,8,22,0,35,24,106,71,11,212,38,11,49,261
09/01/2004,HSV,AL,ASO,CE,Towers with Radar,20,93,48,21,182,0,2,15,2,19,20,95,63,23,201,49,10,59,260
09/02/2004,HSV,AL,ASO,CE,Towers with Radar,21,88,45,8,162,1,5,21,0,27,22,93,66,8,189,49,0,49,238
09/03/2004,HSV,AL,ASO,CE,Towers with Radar,18,93,49,23,183,0,0,14,1,15,18,93,63,24,198,36,26,62,260
09/04/2004,HSV,AL,ASO,CE,Towers with Radar,9,47,24,5,85,0,14,22,0,36,9,61,46,5,121,46,6,52,173
09/05/2004,HSV,AL,ASO,CE,Towers with Radar,10,49,28,1,88,0,0,47,0,47,10,49,75,1,135,71,0,71,206
09/06/2004,HSV,AL,ASO,CE,Towers with Radar,12,52,26,1,91,5,20,15,0,40,17,72,41,1,131,15,0,15,146
09/07/2004,HSV,AL,ASO,CE,Towers with Radar,13,55,4,3,75,4,35,0,0,39,17,90,4,3,114,5,0,5,119
09/08/2004,HSV,AL,ASO,CE,Towers with Radar,19,91,47,19,176,0,0,11,4,15,19,91,58,23,191,24,54,78,269
09/09/2004,HSV,AL,ASO,CE,Towers with Radar,21,96,59,25,201,0,0,54,25,79,21,96,113,50,280,66,84,150,430
09/10/2004,HSV,AL,ASO,CE,Towers with Radar,26,91,56,24,197,0,0,38,1,39,26,91,94,25,236,58,37,95,331
09/11/2004,HSV,AL,ASO,CE,Towers with Radar,7,61,33,8,109,0,4,59,0,63,7,65,92,8,172,62,22,84,256
09/12/2004,HSV,AL,ASO,CE,Towers with Radar,10,73,39,6,128,0,5,30,0,35,10,78,69,6,163,58,0,58,221
09/13/2004,HSV,AL,ASO,CE,Towers with Radar,19,73,40,17,149,14,0,6,12,32,33,73,46,29,181,26,60,86,267
09/14/2004,HSV,AL,ASO,CE,Towers with Radar,20,97,55,23,195,0,0,23,21,44,20,97,78,44,239,62,143,205,444
09/15/2004,HSV,AL,ASO,CE,Towers with Radar,17,87,46,14,164,0,5,17,0,22,17,92,63,14,186,22,78,100,286
09/16/2004,HSV,AL,ASO,CE,Towers with Radar,4,19,5,0,28,1,21,0,0,22,5,40,5,0,50,0,0,0,50
09/17/2004,HSV,AL,ASO,CE,Towers with Radar,15,58,31,11,115,0,20,3,0,23,15,78,34,11,138,12,12,24,162
09/18/2004,HSV,AL,ASO,CE,Towers with Radar,9,59,32,4,104,0,5,47,0,52,9,64,79,4,156,82,10,92,248
09/19/2004,HSV,AL,ASO,CE,Towers with Radar,15,60,32,5,112,1,15,39,0,55,16,75,71,5,167,74,0,74,241
09/20/2004,HSV,AL,ASO,CE,Towers with Radar,20,81,43,17,161,1,7,22,1,31,21,88,65,18,192,40,14,54,246
09/21/2004,HSV,AL,ASO,CE,Towers with Radar,18,87,51,21,177,0,0,51,9,60,18,87,102,30,237,95,126,221,458
09/22/2004,HSV,AL,ASO,CE,Towers with Radar,22,85,45,19,171,1,7,17,18,43,23,92,62,37,214,85,77,162,376
09/23/2004,HSV,AL,ASO,CE,Towers with Radar,25,84,54,22,185,3,0,10,22,35,28,84,64,44,220,85,131,216,436
09/24/2004,HSV,AL,ASO,CE,Towers with Radar,15,85,45,18,163,0,1,34,0,35,15,86,79,18,198,97,44,141,339
09/25/2004,HSV,AL,ASO,CE,Towers with Radar,12,64,38,0,114,0,0,73,0,73,12,64,111,0,187,124,0,124,311
09/26/2004,HSV,AL,ASO,CE,Towers with Radar,20,72,40,0,132,0,0,39,0,39,20,72,79,0,171,76,0,76,247
09/27/2004,HSV,AL,ASO,CE,Towers with Radar,24,70,49,21,164,48,0,16,21,85,72,70,65,42,249,19,32,51,300
09/28/2004,HSV,AL,ASO,CE,Towers with Radar,27,84,58,24,193,4,0,53,27,84,31,84,111,51,277,80,57,137,414
09/29/2004,HSV,AL,ASO,CE,Towers with Radar,21,97,53,22,193,0,0,30,12,42,21,97,83,34,235,103,30,133,368
09/30/2004,HSV,AL,ASO,CE,Towers with Radar,20,97,50,16,183,0,3,60,0,63,20,100,110,16,246,93,2,95,341
10/01/2004,HSV,AL,ASO,CE,Combined TRACON& Tower with Radar,22,106,55,26,209,0,0,35,0,35,22,106,90,26,244,62,86,148,392
10/02/2004,HSV,AL,ASO,CE,Combined TRACON& Tower with Radar,9,73,36,0,118,0,0,35,0,35,9,73,71,0,153,76,0,76,229
10/03/2004,HSV,AL,ASO,CE,Combined TRACON& Tower with Radar,17,83,46,2,148,0,0,36,0,36,17,83,82,2,184,82,0,82,266
10/04/2004,HSV,AL,ASO,CE,Combined TRACON& Tower with Radar,21,96,33,29,179,0,0,21,1,22,21,96,54,30,201,68,118,186,387
10/05/2004,HSV,AL,ASO,CE,Combined TRACON& Tower with Radar,24,94,33,38,189,2,2,43,3,50,26,96,76,41,239,105,96,201,440
10/06/2004,HSV,AL,ASO,CE,Combined TRACON& Tower with Radar,35,92,41,32,200,0,0,37,1,38,35,92,78,33,238,47,173,220,458
10/07/2004,HSV,AL,ASO,CE,Combined TRACON& Tower with Radar,16,111,67,35,229,0,0,10,1,11,16,111,77,36,240,24,2,26,266
10/08/2004,HSV,AL,ASO,CE,Combined TRACON& Tower with Radar,16,104,67,35,222,1,0,35,4,40,17,104,102,39,262,101,247,348,610
10/09/2004,HSV,AL,ASO,CE,Combined TRACON& Tower with Radar,17,65,39,2,123,0,1,3,2,6,17,66,42,4,129,27,0,27,156
10/10/2004,HSV,AL,ASO,CE,Combined TRACON& Tower with Radar,32,72,49,6,159,0,0,10,2,12,32,72,59,8,171,51,0,51,222
10/11/2004,HSV,AL,ASO,CE,Combined TRACON& Tower with Radar,19,109,49,4,181,1,4,12,0,17,20,113,61,4,198,27,0,27,225
10/12/2004,HSV,AL,ASO,CE,Combined TRACON& Tower with Radar,23,104,33,20,180,0,0,3,0,3,23,104,36,20,183,15,60,75,258
10/13/2004,HSV,AL,ASO,CE,Combined TRACON& Tower with Radar,23,102,49,65,239,0,0,1,0,1,23,102,50,65,240,68,172,240,480
10/14/2004,HSV,AL,ASO,CE,Combined TRACON& Tower with Radar,20,102,60,25,207,0,0,9,0,9,20,102,69,25,216,30,44,74,290
10/15/2004,HSV,AL,ASO,CE,Combined TRACON& Tower with Radar,20,105,67,10,202,0,0,45,1,46,20,105,112,11,248,92,90,182,430
10/16/2004,HSV,AL,ASO,CE,Combined TRACON& Tower with Radar,15,62,34,5,116,0,0,53,0,53,15,62,87,5,169,94,23,117,286
10/17/2004,HSV,AL,ASO,CE,Combined TRACON& Tower with Radar,17,84,41,3,145,0,0,8,0,8,17,84,49,3,153,36,0,36,189
10/18/2004,HSV,AL,ASO,CE,Combined TRACON& Tower with Radar,14,106,28,3,151,0,0,1,2,3,14,106,29,5,154,8,0,8,162
10/19/2004,HSV,AL,ASO,CE,Combined TRACON& Tower with Radar,20,98,15,0,133,0,0,3,0,3,20,98,18,0,136,10,0,10,146
10/20/2004,HSV,AL,ASO,CE,Combined TRACON& Tower with Radar,24,110,71,30,235,0,0,4,0,4,24,110,75,30,239,33,15,48,287
10/21/2004,HSV,AL,ASO,CE,Combined TRACON& Tower with Radar,24,103,81,36,244,0,0,18,1,19,24,103,99,37,263,52,65,117,380
10/22/2004,HSV,AL,ASO,CE,Combined TRACON& Tower with Radar,19,105,63,28,215,0,0,11,2,13,19,105,74,30,228,51,68,119,347
10/23/2004,HSV,AL,ASO,CE,Combined TRACON& Tower with Radar,13,76,37,14,140,0,1,8,1,10,13,77,45,15,150,23,30,53,203
10/24/2004,HSV,AL,ASO,CE,Combined TRACON& Tower with Radar,32,64,76,9,181,0,0,31,0,31,32,64,107,9,212,71,0,71,283
10/25/2004,HSV,AL,ASO,CE,Combined TRACON& Tower with Radar,21,95,47,58,221,0,0,45,2,47,21,95,92,60,268,66,140,206,474
10/26/2004,HSV,AL,ASO,CE,Combined TRACON& Tower with Radar,25,106,42,21,194,0,1,39,3,43,25,107,81,24,237,38,79,117,354
10/27/2004,HSV,AL,ASO,CE,Combined TRACON& Tower with Radar,27,106,69,42,244,0,3,11,2,16,27,109,80,44,260,48,34,82,342
10/28/2004,HSV,AL,ASO,CE,Combined TRACON& Tower with Radar,27,96,63,15,201,0,0,4,0,4,27,96,67,15,205,38,4,42,247
10/29/2004,HSV,AL,ASO,CE,Combined TRACON& Tower with Radar,17,107,49,23,196,0,0,29,0,29,17,107,78,23,225,39,52,91,316
10/30/2004,HSV,AL,ASO,CE,Combined TRACON& Tower with Radar,12,71,39,0,122,0,0,8,0,8,12,71,47,0,130,92,0,92,222
10/31/2004,HSV,AL,ASO,CE,Combined TRACON& Tower with Radar,14,89,53,0,156,0,1,21,0,22,14,90,74,0,178,34,0,34,212
11/01/2004,HSV,AL,ASO,CE,Combined TRACON& Tower with Radar,36,103,38,9,186,0,1,23,1,25,36,104,61,10,211,101,16,117,328
11/02/2004,HSV,AL,ASO,CE,Combined TRACON& Tower with Radar,19,106,32,21,178,0,1,8,0,9,19,107,40,21,187,22,14,36,223
11/03/2004,HSV,AL,ASO,CE,Combined TRACON& Tower with Radar,24,114,33,0,171,0,0,1,0,1,24,114,34,0,172,3,0,3,175
11/04/2004,HSV,AL,ASO,CE,Combined TRACON& Tower with Radar,20,128,62,15,225,0,2,16,0,18,20,130,78,15,243,40,54,94,337
11/05/2004,HSV,AL,ASO,CE,Combined TRACON& Tower with Radar,18,113,48,13,192,0,0,71,0,71,18,113,119,13,263,133,11,144,407
11/06/2004,HSV,AL,ASO,CE,Combined TRACON& Tower with Radar,29,72,37,1,139,0,0,53,0,53,29,72,90,1,192,33,8,41,233
11/07/2004,HSV,AL,ASO,CE,Combined TRACON& Tower with Radar,14,101,36,18,169,0,0,47,0,47,14,101,83,18,216,71,0,71,287
11/08/2004,HSV,AL,ASO,CE,Combined TRACON& Tower with Radar,16,111,32,17,176,1,1,22,2,26,17,112,54,19,202,23,49,72,274
11/09/2004,HSV,AL,ASO,CE,Combined TRACON& Tower with Radar,22,112,45,29,208,0,5,40,1,46,22,117,85,30,254,53,52,105,359
11/10/2004,HSV,AL,ASO,CE,Combined TRACON& Tower with Radar,26,104,51,24,205,1,0,43,0,44,27,104,94,24,249,90,40,130,379
11/11/2004,HSV,AL,ASO,CE,Combined TRACON& Tower with Radar,18,108,68,8,202,0,0,0,0,0,18,108,68,8,202,18,0,18,220
11/12/2004,HSV,AL,ASO,CE,Combined TRACON& Tower with Radar,20,104,63,43,230,0,0,0,0,0,20,104,63,43,230,30,0,30,260
11/13/2004,HSV,AL,ASO,CE,Combined TRACON& Tower with Radar,13,88,61,15,177,0,0,18,0,18,13,88,79,15,195,52,9,61,256
11/14/2004,HSV,AL,ASO,CE,Combined TRACON& Tower with Radar,16,97,26,17,156,0,1,40,0,41,16,98,66,17,197,30,10,40,237
11/15/2004,HSV,AL,ASO,CE,Combined TRACON& Tower with Radar,16,118,36,51,221,0,1,35,2,38,16,119,71,53,259,36,155,191,450
11/16/2004,HSV,AL,ASO,CE,Combined TRACON& Tower with Radar,21,109,62,29,221,0,3,39,2,44,21,112,101,31,265,56,94,150,415
11/17/2004,HSV,AL,ASO,CE,Combined TRACON& Tower with Radar,15,121,63,34,233,0,0,35,1,36,15,121,98,35,269,77,55,132,401
11/18/2004,HSV,AL,ASO,CE,Combined TRACON& Tower with Radar,18,130,45,33,226,0,0,32,5,37,18,130,77,38,263,47,56,103,366
11/19/2004,HSV,AL,ASO,CE,Combined TRACON& Tower with Radar,16,121,42,30,209,2,2,2,0,6,18,123,44,30,215,21,10,31,246
11/20/2004,HSV,AL,ASO,CE,Combined TRACON& Tower with Radar,15,85,34,2,136,0,0,17,0,17,15,85,51,2,153,34,8,42,195
11/21/2004,HSV,AL,ASO,CE,Combined TRACON& Tower with Radar,18,106,28,18,170,0,0,4,0,4,18,106,32,18,174,28,1,29,203
11/22/2004,HSV,AL,ASO,CE,Combined TRACON& Tower with Radar,14,121,38,2,175,2,2,0,0,4,16,123,38,2,179,0,0,0,179
11/23/2004,HSV,AL,ASO,CE,Combined TRACON& Tower with Radar,18,115,30,8,171,0,4,2,0,6,18,119,32,8,177,10,28,38,215
11/24/2004,HSV,AL,ASO,CE,Combined TRACON& Tower with Radar,30,108,39,27,204,0,0,6,0,6,30,108,45,27,210,43,68,111,321
11/25/2004,HSV,AL,ASO,CE,Combined TRACON& Tower with Radar,9,85,12,0,106,0,0,11,0,11,9,85,23,0,117,2,0,2,119
11/26/2004,HSV,AL,ASO,CE,Combined TRACON& Tower with Radar,10,87,52,0,149,0,0,46,0,46,10,87,98,0,195,80,0,80,275
11/27/2004,HSV,AL,ASO,CE,Combined TRACON& Tower with Radar,11,86,11,0,108,0,0,1,0,1,11,86,12,0,109,7,0,7,116
11/28/2004,HSV,AL,ASO,CE,Combined TRACON& Tower with Radar,18,101,31,0,150,0,0,35,0,35,18,101,66,0,185,44,0,44,229
11/29/2004,HSV,AL,ASO,CE,Combined TRACON& Tower with Radar,20,118,46,41,225,0,1,26,2,29,20,119,72,43,254,41,101,142,396
11/30/2004,HSV,AL,ASO,CE,Combined TRACON& Tower with Radar,27,102,25,17,171,0,0,0,0,0,27,102,25,17,171,11,22,33,204
12/01/2004,HSV,AL,ASO,CE,Combined TRACON& Tower with Radar,28,102,42,33,205,0,0,34,1,35,28,102,76,34,240,63,105,168,408
12/02/2004,HSV,AL,ASO,CE,Combined TRACON& Tower with Radar,25,107,36,20,188,0,1,34,5,40,25,108,70,25,228,54,75,129,357
12/03/2004,HSV,AL,ASO,CE,Combined TRACON& Tower with Radar,16,108,62,20,206,0,0,39,1,40,16,108,101,21,246,52,88,140,386
12/04/2004,HSV,AL,ASO,CE,Combined TRACON& Tower with Radar,11,81,80,8,180,0,0,44,0,44,11,81,124,8,224,74,17,91,315
12/05/2004,HSV,AL,ASO,CE,Combined TRACON& Tower with Radar,16,93,33,7,149,0,0,9,2,11,16,93,42,9,160,47,0,47,207
12/06/2004,HSV,AL,ASO,CE,Combined TRACON& Tower with Radar,20,105,29,10,164,0,0,0,0,0,20,105,29,10,164,2,0,2,166
12/07/2004,HSV,AL,ASO,CE,Combined TRACON& Tower with Radar,20,98,23,40,181,0,0,8,0,8,20,98,31,40,189,48,76,124,313
12/08/2004,HSV,AL,ASO,CE,Combined TRACON& Tower with Radar,24,103,65,50,242,0,2,37,4,43,24,105,102,54,285,72,92,164,449
12/09/2004,HSV,AL,ASO,CE,Combined TRACON& Tower with Radar,19,108,44,11,182,2,1,5,0,8,21,109,49,11,190,17,0,17,207
12/10/2004,HSV,AL,ASO,CE,Combined TRACON& Tower with Radar,21,101,50,20,192,0,0,9,0,9,21,101,59,20,201,32,56,88,289
12/11/2004,HSV,AL,ASO,CE,Combined TRACON& Tower with Radar,13,83,21,9,126,0,0,0,1,1,13,83,21,10,127,47,0,47,174
12/12/2004,HSV,AL,ASO,CE,Combined TRACON& Tower with Radar,24,83,41,13,161,0,0,25,0,25,24,83,66,13,186,73,4,77,263
12/13/2004,HSV,AL,ASO,CE,Combined TRACON& Tower with Radar,20,113,39,36,208,0,3,30,0,33,20,116,69,36,241,21,161,182,423
12/14/2004,HSV,AL,ASO,CE,Combined TRACON& Tower with Radar,37,90,46,28,201,0,0,30,0,30,37,90,76,28,231,44,86,130,361
12/15/2004,HSV,AL,ASO,CE,Combined TRACON& Tower with Radar,17,113,38,23,191,0,2,23,0,25,17,115,61,23,216,100,28,128,344
12/16/2004,HSV,AL,ASO,CE,Combined TRACON& Tower with Radar,20,111,46,22,199,0,1,51,0,52,20,112,97,22,251,47,86,133,384
12/17/2004,HSV,AL,ASO,CE,Combined TRACON& Tower with Radar,25,112,49,7,193,0,3,34,0,37,25,115,83,7,230,51,9,60,290
12/18/2004,HSV,AL,ASO,CE,Combined TRACON& Tower with Radar,11,76,31,0,118,0,0,39,0,39,11,76,70,0,157,60,0,60,217
12/19/2004,HSV,AL,ASO,CE,Combined TRACON& Tower with Radar,20,91,5,2,118,0,0,6,0,6,20,91,11,2,124,4,0,4,128
12/20/2004,HSV,AL,ASO,CE,Combined TRACON& Tower with Radar,19,101,31,17,168,0,0,13,0,13,19,101,44,17,181,17,46,63,244
12/21/2004,HSV,AL,ASO,CE,Combined TRACON& Tower with Radar,22,113,24,42,201,0,1,13,0,14,22,114,37,42,215,39,106,145,360
12/22/2004,HSV,AL,ASO,CE,Combined TRACON& Tower with Radar,16,108,17,15,156,0,2,0,0,2,16,110,17,15,158,9,24,33,191
12/23/2004,HSV,AL,ASO,CE,Combined TRACON& Tower with Radar,14,97,18,9,138,0,0,3,0,3,14,97,21,9,141,12,0,12,153
12/24/2004,HSV,AL,ASO,CE,Combined TRACON& Tower with Radar,10,73,14,0,97,0,0,8,0,8,10,73,22,0,105,4,0,4,109
12/25/2004,HSV,AL,ASO,CE,Combined TRACON& Tower with Radar,9,55,9,0,73,0,0,13,0,13,9,55,22,0,86,1,0,1,87
12/26/2004,HSV,AL,ASO,CE,Combined TRACON& Tower with Radar,20,69,50,0,139,0,0,0,0,0,20,69,50,0,139,13,0,13,152
12/27/2004,HSV,AL,ASO,CE,Combined TRACON& Tower with Radar,19,88,37,7,151,0,0,39,0,39,19,88,76,7,190,81,1,82,272
12/28/2004,HSV,AL,ASO,CE,Combined TRACON& Tower with Radar,12,90,59,0,161,0,0,47,0,47,12,90,106,0,208,20,0,20,228
12/29/2004,HSV,AL,ASO,CE,Combined TRACON& Tower with Radar,21,103,33,10,167,0,0,23,0,23,21,103,56,10,190,40,4,44,234
12/30/2004,HSV,AL,ASO,CE,Combined TRACON& Tower with Radar,21,98,41,13,173,0,0,30,0,30,21,98,71,13,203,31,15,46,249
12/31/2004,HSV,AL,ASO,CE,Combined TRACON& Tower with Radar,15,83,35,0,133,0,0,22,0,22,15,83,57,0,155,48,0,48,203
01/01/2005,HSV,AL,ASO,CE,Combined TRACON& Tower with Radar,12,62,18,0,92,0,0,19,0,19,12,62,37,0,111,15,0,15,126
01/02/2005,HSV,AL,ASO,CE,Combined TRACON& Tower with Radar,14,93,43,0,150,0,1,18,0,19,14,94,61,0,169,6,0,6,175
01/03/2005,HSV,AL,ASO,CE,Combined TRACON& Tower with Radar,18,107,25,9,159,0,1,22,0,23,18,108,47,9,182,23,74,97,279
01/04/2005,HSV,AL,ASO,CE,Combined TRACON& Tower with Radar,20,110,25,32,187,0,0,21,0,21,20,110,46,32,208,79,114,193,401
01/05/2005,HSV,AL,ASO,CE,Combined TRACON& Tower with Radar,21,109,44,66,240,0,0,2,0,2,21,109,46,66,242,78,20,98,340
01/06/2005,HSV,AL,ASO,CE,Combined TRACON& Tower with Radar,19,101,66,44,230,0,0,3,2,5,19,101,69,46,235,49,16,65,300
01/07/2005,HSV,AL,ASO,CE,Combined TRACON& Tower with Radar,10,87,27,42,166,0,0,6,0,6,10,87,33,42,172,38,203,241,413
01/08/2005,HSV,AL,ASO,CE,Combined TRACON& Tower with Radar,11,76,42,27,156,0,0,20,0,20,11,76,62,27,176,55,2,57,233
01/09/2005,HSV,AL,ASO,CE,Combined TRACON& Tower with Radar,11,91,44,8,154,0,0,38,1,39,11,91,82,9,193,76,0,76,269
01/10/2005,HSV,AL,ASO,CE,Combined TRACON& Tower with Radar,16,102,26,25,169,0,1,22,1,24,16,103,48,26,193,28,194,222,415
01/11/2005,HSV,AL,ASO,CE,Combined TRACON& Tower with Radar,15,103,59,28,205,0,2,20,0,22,15,105,79,28,227,69,1,70,297
01/12/2005,HSV,AL,ASO,CE,Combined TRACON& Tower with Radar,18,102,54,49,223,0,4,2,1,7,18,106,56,50,230,34,113,147,377
01/13/2005,HSV,AL,ASO,CE,Combined TRACON& Tower with Radar,23,106,19,6,154,0,0,0,0,0,23,106,19,6,154,0,2,2,156
01/14/2005,HSV,AL,ASO,CE,Combined TRACON& Tower with Radar,16,104,58,18,196,0,0,26,0,26,16,104,84,18,222,35,55,90,312
01/15/2005,HSV,AL,ASO,CE,Combined TRACON& Tower with Radar,10,79,46,3,138,0,0,45,0,45,10,79,91,3,183,17,12,29,212
01/16/2005,HSV,AL,ASO,CE,Combined TRACON& Tower with Radar,11,88,18,2,119,0,0,14,0,14,11,88,32,2,133,20,3,23,156
01/17/2005,HSV,AL,ASO,CE,Combined TRACON& Tower with Radar,15,102,30,3,150,0,2,41,1,44,15,104,71,4,194,31,12,43,237
01/18/2005,HSV,AL,ASO,CE,Combined TRACON& Tower with Radar,18,98,39,16,171,0,2,12,3,17,18,100,51,19,188,19,26,45,233
01/19/2005,HSV,AL,ASO,CE,Combined TRACON& Tower with Radar,19,102,36,54,211,0,2,19,0,21,19,104,55,54,232,100,186,286,518
01/20/2005,HSV,AL,ASO,CE,Combined TRACON& Tower with Radar,20,100,47,20,187,0,1,33,4,38,20,101,80,24,225,35,68,103,328
01/21/2005,HSV,AL,ASO,CE,Combined TRACON& Tower with Radar,19,103,29,24,175,0,1,38,0,39,19,104,67,24,214,24,61,85,299
01/22/2005,HSV,AL,ASO,CE,Combined TRACON& Tower with Radar,12,66,9,6,93,0,0,8,0,8,12,66,17,6,101,38,0,38,139
01/23/2005,HSV,AL,ASO,CE,Combined TRACON& Tower with Radar,13,82,21,14,130,0,0,17,0,17,13,82,38,14,147,33,0,33,180
01/24/2005,HSV,AL,ASO,CE,Combined TRACON& Tower with Radar,17,105,24,34,180,0,1,39,5,45,17,106,63,39,225,53,59,112,337
01/25/2005,HSV,AL,ASO,CE,Combined TRACON& Tower with Radar,23,109,53,24,209,0,0,33,2,35,23,109,86,26,244,63,12,75,319
01/26/2005,HSV,AL,ASO,CE,Combined TRACON& Tower with Radar,18,104,41,51,214,0,0,25,2,27,18,104,66,53,241,40,106,146,387
01/27/2005,HSV,AL,ASO,CE,Combined TRACON& Tower with Radar,20,103,25,35,183,0,0,26,1,27,20,103,51,36,210,75,93,168,378
01/28/2005,HSV,AL,ASO,CE,Combined TRACON& Tower with Radar,14,102,31,18,165,0,0,8,0,8,14,102,39,18,173,13,13,26,199
01/29/2005,HSV,AL,ASO,CE,Combined TRACON& Tower with Radar,8,60,4,0,72,0,0,0,0,0,8,60,4,0,72,2,0,2,74
01/30/2005,HSV,AL,ASO,CE,Combined TRACON& Tower with Radar,14,84,29,18,145,0,0,2,0,2,14,84,31,18,147,27,0,27,174
01/31/2005,HSV,AL,ASO,CE,Combined TRACON& Tower with Radar,13,97,26,42,178,0,0,3,5,8,13,97,29,47,186,72,77,149,335
02/01/2005,HSV,AL,ASO,CE,Combined TRACON& Tower with Radar,14,100,18,57,189,0,3,18,2,23,14,103,36,59,212,27,166,193,405
02/02/2005,HSV,AL,ASO,CE,Combined TRACON& Tower with Radar,18,82,24,34,158,0,0,3,0,3,18,82,27,34,161,44,0,44,205
02/03/2005,HSV,AL,ASO,CE,Combined TRACON& Tower with Radar,15,95,50,8,168,0,2,0,2,4,15,97,50,10,172,10,4,14,186
02/04/2005,HSV,AL,ASO,CE,Combined TRACON& Tower with Radar,12,97,44,20,173,0,0,44,0,44,12,97,88,20,217,33,26,59,276
02/05/2005,HSV,AL,ASO,CE,Combined TRACON& Tower with Radar,11,72,44,1,128,0,0,53,0,53,11,72,97,1,181,51,0,51,232
02/06/2005,HSV,AL,ASO,CE,Combined TRACON& Tower with Radar,12,81,33,5,131,0,0,29,1,30,12,81,62,6,161,95,8,103,264
02/07/2005,HSV,AL,ASO,CE,Combined TRACON& Tower with Radar,13,96,22,34,165,1,0,24,1,26,14,96,46,35,191,44,180,224,415
02/08/2005,HSV,AL,ASO,CE,Combined TRACON& Tower with Radar,17,95,14,4,130,0,0,0,0,0,17,95,14,4,130,3,0,3,133
02/09/2005,HSV,AL,ASO,CE,Combined TRACON& Tower with Radar,17,101,38,11,167,0,0,0,0,0,17,101,38,11,167,6,0,6,173
02/10/2005,HSV,AL,ASO,CE,Combined TRACON& Tower with Radar,16,104,49,17,186,0,3,12,1,16,16,107,61,18,202,93,62,155,357
02/11/2005,HSV,AL,ASO,CE,Combined TRACON& Tower with Radar,19,115,29,7,170,0,3,34,2,39,19,118,63,9,209,46,8,54,263
02/12/2005,HSV,AL,ASO,CE,Combined TRACON& Tower with Radar,12,71,33,7,123,0,0,47,0,47,12,71,80,7,170,78,4,82,252
02/13/2005,HSV,AL,ASO,CE,Combined TRACON& Tower with Radar,12,81,22,4,119,0,0,1,0,1,12,81,23,4,120,7,0,7,127
02/14/2005,HSV,AL,ASO,CE,Combined TRACON& Tower with Radar,18,103,16,9,146,1,15,47,0,63,19,118,63,9,209,46,8,54,263
02/15/2005,HSV,AL,ASO,CE,Combined TRACON& Tower with Radar,16,108,38,43,205,0,1,27,0,28,16,109,65,43,233,88,117,205,438
02/16/2005,HSV,AL,ASO,CE,Combined TRACON& Tower with Radar,21,101,36,29,187,0,1,4,0,5,21,102,40,29,192,14,97,111,303
02/17/2005,HSV,AL,ASO,CE,Combined TRACON& Tower with Radar,15,100,37,19,171,0,1,32,0,33,15,101,69,19,204,35,69,104,308
02/18/2005,HSV,AL,ASO,CE,Combined TRACON& Tower with Radar,15,96,57,16,184,0,0,31,0,31,15,96,88,16,215,140,2,142,357
02/19/2005,HSV,AL,ASO,CE,Combined TRACON& Tower with Radar,10,64,38,1,113,0,0,38,0,38,10,64,76,1,151,84,0,84,235
02/20/2005,HSV,AL,ASO,CE,Combined TRACON& Tower with Radar,13,82,22,0,117,0,0,0,0,0,13,82,22,0,117,35,0,35,152
02/21/2005,HSV,AL,ASO,CE,Combined TRACON& Tower with Radar,10,89,15,7,121,0,0,1,0,1,10,89,16,7,122,5,0,5,127
02/22/2005,HSV,AL,ASO,CE,Combined TRACON& Tower with Radar,15,94,45,27,181,0,0,18,3,21,15,94,63,30,202,31,46,77,279
02/23/2005,HSV,AL,ASO,CE,Combined TRACON& Tower with Radar,18,100,29,53,200,0,0,13,2,15,18,100,42,55,215,42,192,234,449
02/24/2005,HSV,AL,ASO,CE,Combined TRACON& Tower with Radar,16,98,43,84,241,0,5,20,4,29,16,103,63,88,270,32,141,173,443
02/25/2005,HSV,AL,ASO,CE,Combined TRACON& Tower with Radar,20,84,61,24,189,0,0,45,1,46,20,84,106,25,235,77,88,165,400
02/26/2005,HSV,AL,ASO,CE,Combined TRACON& Tower with Radar,12,67,39,12,130,0,0,63,1,64,12,67,102,13,194,86,49,135,329
02/27/2005,HSV,AL,ASO,CE,Combined TRACON& Tower with Radar,10,83,13,5,111,0,0,7,0,7,10,83,20,5,118,4,0,4,122
02/28/2005,HSV,AL,ASO,CE,Combined TRACON& Tower with Radar,8,88,33,12,141,0,0,5,0,5,8,88,38,12,146,26,51,77,223
03/01/2005,HSV,AL,ASO,CE,Combined TRACON& Tower with Radar,18,96,38,50,202,0,0,8,1,9,18,96,46,51,211,60,55,115,326
03/02/2005,HSV,AL,ASO,CE,Combined TRACON& Tower with Radar,23,92,39,33,187,0,1,38,0,39,23,93,77,33,226,84,147,231,457
03/03/2005,HSV,AL,ASO,CE,Combined TRACON& Tower with Radar,11,89,52,34,186,0,8,28,0,36,11,97,80,34,222,39,83,122,344
03/04/2005,HSV,AL,ASO,CE,Combined TRACON& Tower with Radar,17,101,47,27,192,0,1,30,0,31,17,102,77,27,223,29,86,115,338
03/05/2005,HSV,AL,ASO,CE,Combined TRACON& Tower with Radar,10,61,20,4,95,0,0,26,0,26,10,61,46,4,121,37,0,37,158
03/06/2005,HSV,AL,ASO,CE,Combined TRACON& Tower with Radar,13,84,54,15,166,0,0,42,1,43,13,84,96,16,209,51,3,54,263
03/07/2005,HSV,AL,ASO,CE,Combined TRACON& Tower with Radar,19,98,17,28,162,0,0,0,0,0,19,98,17,28,162,23,42,65,227
03/08/2005,HSV,AL,ASO,CE,Combined TRACON& Tower with Radar,18,98,46,25,187,0,0,17,2,19,18,98,63,27,206,19,92,111,317
03/09/2005,HSV,AL,ASO,CE,Combined TRACON& Tower with Radar,24,97,46,22,189,0,0,11,1,12,24,97,57,23,201,33,71,104,305
03/10/2005,HSV,AL,ASO,CE,Combined TRACON& Tower with Radar,14,93,45,53,205,0,0,25,0,25,14,93,70,53,230,32,138,170,400
03/11/2005,HSV,AL,ASO,CE,Combined TRACON& Tower with Radar,14,89,26,24,153,0,1,12,0,13,14,90,38,24,166,3,50,53,219
03/12/2005,HSV,AL,ASO,CE,Combined TRACON& Tower with Radar,11,61,20,4,96,0,0,15,1,16,11,61,35,5,112,8,0,8,120
03/13/2005,HSV,AL,ASO,CE,Combined TRACON& Tower with Radar,15,85,34,7,141,0,0,21,0,21,15,85,55,7,162,71,0,71,233
03/14/2005,HSV,AL,ASO,CE,Combined TRACON& Tower with Radar,16,101,32,45,194,0,0,33,0,33,16,101,65,45,227,26,170,196,423
03/15/2005,HSV,AL,ASO,CE,Combined TRACON& Tower with Radar,15,97,51,24,187,0,0,6,0,6,15,97,57,24,193,41,134,175,368
03/16/2005,HSV,AL,ASO,CE,Combined TRACON& Tower with Radar,16,111,39,13,179,0,0,2,0,2,16,111,41,13,181,10,2,12,193
03/17/2005,HSV,AL,ASO,CE,Combined TRACON& Tower with Radar,14,95,27,42,178,0,1,10,1,12,14,96,37,43,190,38,98,136,326
03/18/2005,HSV,AL,ASO,CE,Combined TRACON& Tower with Radar,16,92,52,17,177,0,0,34,0,34,16,92,86,17,211,65,64,129,340
03/19/2005,HSV,AL,ASO,CE,Combined TRACON& Tower with Radar,22,73,48,0,143,0,0,19,0,19,22,73,67,0,162,50,0,50,212
03/20/2005,HSV,AL,ASO,CE,Combined TRACON& Tower with Radar,14,82,38,32,166,0,2,26,0,28,14,84,64,32,194,45,32,77,271
03/21/2005,HSV,AL,ASO,CE,Combined TRACON& Tower with Radar,16,97,46,60,219,0,0,24,4,28,16,97,70,64,247,57,160,217,464
03/22/2005,HSV,AL,ASO,CE,Combined TRACON& Tower with Radar,11,98,25,8,142,0,0,6,0,6,11,98,31,8,148,23,42,65,213
03/23/2005,HSV,AL,ASO,CE,Combined TRACON& Tower with Radar,19,94,46,39,198,0,0,7,2,9,19,94,53,41,207,43,84,127,334
03/24/2005,HSV,AL,ASO,CE,Combined TRACON& Tower with Radar,9,75,44,21,149,0,0,13,0,13,9,75,57,21,162,44,88,132,294
03/25/2005,HSV,AL,ASO,CE,Combined TRACON& Tower with Radar,15,95,32,16,158,0,0,47,0,47,15,95,79,16,205,83,77,160,365
03/26/2005,HSV,AL,ASO,CE,Combined TRACON& Tower with Radar,10,66,21,2,99,1,0,38,1,40,11,66,59,3,139,93,16,109,248
03/27/2005,HSV,AL,ASO,CE,Combined TRACON& Tower with Radar,13,77,16,1,107,0,0,1,0,1,13,77,17,1,108,0,0,0,108
03/28/2005,HSV,AL,ASO,CE,Combined TRACON& Tower with Radar,15,95,31,32,173,0,0,18,0,18,15,95,49,32,191,13,44,57,248
03/29/2005,HSV,AL,ASO,CE,Combined TRACON& Tower with Radar,17,103,64,29,213,0,7,40,1,48,17,110,104,30,261,48,75,123,384
03/30/2005,HSV,AL,ASO,CE,Combined TRACON& Tower with Radar,11,91,37,52,191,0,1,21,0,22,11,92,58,52,213,73,99,172,385
03/31/2005,HSV,AL,ASO,CE,Combined TRACON& Tower with Radar,21,101,23,25,170,0,1,20,0,21,21,102,43,25,191,57,56,113,304
04/01/2005,HSV,AL,ASO,CE,Combined TRACON& Tower with Radar,13,91,38,5,147,0,0,0,0,0,13,91,38,5,147,6,0,6,153
04/02/2005,HSV,AL,ASO,CE,Combined TRACON& Tower with Radar,11,69,28,2,110,0,0,9,0,9,11,69,37,2,119,5,0,5,124
04/03/2005,HSV,AL,ASO,CE,Combined TRACON& Tower with Radar,14,78,38,8,138,0,0,34,0,34,14,78,72,8,172,69,0,69,241
04/04/2005,HSV,AL,ASO,CE,Combined TRACON& Tower with Radar,20,91,38,56,205,0,0,28,1,29,20,91,66,57,234,57,120,177,411
04/05/2005,HSV,AL,ASO,CE,Combined TRACON& Tower with Radar,20,104,34,49,207,0,1,44,0,45,20,105,78,49,252,58,106,164,416
04/06/2005,HSV,AL,ASO,CE,Combined TRACON& Tower with Radar,20,92,16,3,131,2,5,1,0,8,22,97,17,3,139,2,0,2,141
04/07/2005,HSV,AL,ASO,CE,Combined TRACON& Tower with Radar,19,94,44,13,170,0,0,7,0,7,19,94,51,13,177,8,12,20,197
04/08/2005,HSV,AL,ASO,CE,Combined TRACON& Tower with Radar,18,94,55,12,179,0,0,18,0,18,18,94,73,12,197,27,0,27,224
04/09/2005,HSV,AL,ASO,CE,Combined TRACON& Tower with Radar,14,73,63,0,150,0,0,52,0,52,14,73,115,0,202,62,0,62,264
04/10/2005,HSV,AL,ASO,CE,Combined TRACON& Tower with Radar,16,76,50,10,152,0,1,40,0,41,16,77,90,10,193,136,6,142,335
04/11/2005,HSV,AL,ASO,CE,Combined TRACON& Tower with Radar,13,93,26,7,139,0,0,10,0,10,13,93,36,7,149,23,22,45,194
04/12/2005,HSV,AL,ASO,CE,Combined TRACON& Tower with Radar,19,104,28,42,193,0,0,6,0,6,19,104,34,42,199,52,99,151,350
04/13/2005,HSV,AL,ASO,CE,Combined TRACON& Tower with Radar,15,88,27,40,170,0,6,14,0,20,15,94,41,40,190,36,112,148,338
04/14/2005,HSV,AL,ASO,CE,Combined TRACON& Tower with Radar,18,98,42,20,178,0,0,38,4,42,18,98,80,24,220,53,36,89,309
04/15/2005,HSV,AL,ASO,CE,Combined TRACON& Tower with Radar,19,97,45,21,182,0,0,31,1,32,19,97,76,22,214,87,57,144,358
04/16/2005,HSV,AL,ASO,CE,Combined TRACON& Tower with Radar,4,73,22,8,107,10,0,30,2,42,14,73,52,10,149,130,17,147,296
04/17/2005,HSV,AL,ASO,CE,Combined TRACON& Tower with Radar,16,84,34,15,149,0,0,30,0,30,16,84,64,15,179,62,35,97,276
04/18/2005,HSV,AL,ASO,CE,Combined TRACON& Tower with Radar,14,96,33,33,176,0,0,25,0,25,14,96,58,33,201,20,108,128,329
04/19/2005,HSV,AL,ASO,CE,Combined TRACON& Tower with Radar,20,95,40,42,197,0,4,42,1,47,20,99,82,43,244,33,145,178,422
04/20/2005,HSV,AL,ASO,CE,Combined TRACON& Tower with Radar,20,95,49,14,178,0,0,29,1,30,20,95,78,15,208,60,69,129,337
04/21/2005,HSV,AL,ASO,CE,Combined TRACON& Tower with Radar,18,94,26,18,156,0,1,16,1,18,18,95,42,19,174,22,57,79,253
04/22/2005,HSV,AL,ASO,CE,Combined TRACON& Tower with Radar,20,86,27,18,151,0,0,5,1,6,20,86,32,19,157,19,8,27,184
04/23/2005,HSV,AL,ASO,CE,Combined TRACON& Tower with Radar,13,75,19,0,107,0,0,7,0,7,13,75,26,0,114,8,0,8,122
04/24/2005,HSV,AL,ASO,CE,Combined TRACON& Tower with Radar,21,78,27,10,136,0,0,22,1,23,21,78,49,11,159,33,4,37,196
04/25/2005,HSV,AL,ASO,CE,Combined TRACON& Tower with Radar,17,96,26,40,179,0,2,22,1,25,17,98,48,41,204,72,172,244,448
04/26/2005,HSV,AL,ASO,CE,Combined TRACON& Tower with Radar,16,92,11,7,126,0,0,2,0,2,16,92,13,7,128,3,0,3,131
04/27/2005,HSV,AL,ASO,CE,Combined TRACON& Tower with Radar,25,95,57,15,192,1,0,28,2,31,26,95,85,17,223,54,62,116,339
04/28/2005,HSV,AL,ASO,CE,Combined TRACON& Tower with Radar,15,85,53,31,184,0,1,25,0,26,15,86,78,31,210,43,80,123,333
04/29/2005,HSV,AL,ASO,CE,Combined TRACON& Tower with Radar,12,84,55,15,166,2,4,9,0,15,14,88,64,15,181,37,5,42,223
04/30/2005,HSV,AL,ASO,CE,Combined TRACON& Tower with Radar,14,69,16,3,102,4,3,4,3,14,18,72,20,6,116,58,0,58,174
05/01/2005,HSV,AL,ASO,CE,Combined TRACON& Tower with Radar,16,78,42,5,141,0,1,41,4,46,16,79,83,9,187,76,2,78,265
05/02/2005,HSV,AL,ASO,CE,Combined TRACON& Tower with Radar,19,88,37,39,183,0,0,30,1,31,19,88,67,40,214,58,80,138,352
05/03/2005,HSV,AL,ASO,CE,Combined TRACON& Tower with Radar,16,95,50,45,206,1,3,28,2,34,17,98,78,47,240,95,75,170,410
05/04/2005,HSV,AL,ASO,CE,Combined TRACON& Tower with Radar,20,94,43,27,184,0,0,33,0,33,20,94,76,27,217,75,82,157,374
05/05/2005,HSV,AL,ASO,CE,Combined TRACON& Tower with Radar,14,96,67,46,223,0,1,27,0,28,14,97,94,46,251,63,146,209,460
05/06/2005,HSV,AL,ASO,CE,Combined TRACON& Tower with Radar,14,100,33,32,179,2,1,19,1,23,16,101,52,33,202,125,56,181,383
05/07/2005,HSV,AL,ASO,CE,Combined TRACON& Tower with Radar,14,72,37,0,123,0,0,44,0,44,14,72,81,0,167,104,0,104,271
05/08/2005,HSV,AL,ASO,CE,Combined TRACON& Tower with Radar,21,70,23,0,114,0,0,30,0,30,21,70,53,0,144,109,0,109,253
05/09/2005,HSV,AL,ASO,CE,Combined TRACON& Tower with Radar,20,88,36,19,163,0,1,14,0,15,20,89,50,19,178,63,0,63,241
05/10/2005,HSV,AL,ASO,CE,Combined TRACON& Tower with Radar,17,112,41,43,213,0,1,23,3,27,17,113,64,46,240,51,57,108,348
05/11/2005,HSV,AL,ASO,CE,Combined TRACON& Tower with Radar,20,92,54,41,207,0,1,29,3,33,20,93,83,44,240,31,21,52,292
05/12/2005,HSV,AL,ASO,CE,Combined TRACON& Tower with Radar,20,97,58,22,197,0,1,40,1,42,20,98,98,23,239,32,67,99,338
05/13/2005,HSV,AL,ASO,CE,Combined TRACON& Tower with Radar,16,90,33,34,173,0,0,30,0,30,16,90,63,34,203,76,42,118,321
05/14/2005,HSV,AL,ASO,CE,Combined TRACON& Tower with Radar,14,80,30,2,126,0,0,12,2,14,14,80,42,4,140,76,2,78,218
05/15/2005,HSV,AL,ASO,CE,Combined TRACON& Tower with Radar,13,81,42,2,138,0,0,27,0,27,13,81,69,2,165,26,0,26,191
05/16/2005,HSV,AL,ASO,CE,Combined TRACON& Tower with Radar,16,91,46,25,178,1,2,28,1,32,17,93,74,26,210,52,35,87,297
05/17/2005,HSV,AL,ASO,CE,Combined TRACON& Tower with Radar,17,89,48,20,174,0,0,45,4,49,17,89,93,24,223,60,72,132,355
05/18/2005,HSV,AL,ASO,CE,Combined TRACON& Tower with Radar,22,103,54,56,235,0,2,44,3,49,22,105,98,59,284,55,123,178,462
05/19/2005,HSV,AL,ASO,CE,Combined TRACON& Tower with Radar,16,101,47,35,199,0,0,28,0,28,16,101,75,35,227,80,54,134,361
05/20/2005,HSV,AL,ASO,CE,Combined TRACON& Tower with Radar,21,93,26,3,143,0,0,15,0,15,21,93,41,3,158,37,0,37,195
05/21/2005,HSV,AL,ASO,CE,Combined TRACON& Tower with Radar,15,67,39,7,128,0,0,28,0,28,15,67,67,7,156,57,0,57,213
05/22/2005,HSV,AL,ASO,CE,Combined TRACON& Tower with Radar,13,74,44,1,132,0,0,14,0,14,13,74,58,1,146,97,2,99,245
05/23/2005,HSV,AL,ASO,CE,Combined TRACON& Tower with Radar,15,87,45,29,176,0,2,22,0,24,15,89,67,29,200,31,68,99,299
05/24/2005,HSV,AL,ASO,CE,Combined TRACON& Tower with Radar,20,103,52,52,227,0,0,38,3,41,20,103,90,55,268,87,131,218,486
05/25/2005,HSV,AL,ASO,CE,Combined TRACON& Tower with Radar,15,93,56,39,203,0,0,25,0,25,15,93,81,39,228,42,70,112,340
05/26/2005,HSV,AL,ASO,CE,Combined TRACON& Tower with Radar,16,97,49,40,202,0,3,26,1,30,16,100,75,41,232,97,62,159,391
05/27/2005,HSV,AL,ASO,CE,Combined TRACON& Tower with Radar,15,93,49,2,159,0,0,40,0,40,15,93,89,2,199,55,0,55,254
05/28/2005,HSV,AL,ASO,CE,Combined TRACON& Tower with Radar,13,60,38,0,111,0,0,28,0,28,13,60,66,0,139,37,0,37,176
05/29/2005,HSV,AL,ASO,CE,Combined TRACON& Tower with Radar,16,71,22,0,109,1,1,7,0,9,17,72,29,0,118,10,0,10,128
05/30/2005,HSV,AL,ASO,CE,Combined TRACON& Tower with Radar,10,78,38,2,128,0,1,0,0,1,10,79,38,2,129,14,0,14,143
05/31/2005,HSV,AL,ASO,CE,Combined TRACON& Tower with Radar,14,89,40,28,171,0,0,18,0,18,14,89,58,28,189,56,46,102,291
06/01/2005,HSV,AL,ASO,CE,Combined TRACON& Tower with Radar,22,86,26,6,140,0,0,1,0,1,22,86,27,6,141,2,2,4,145
06/02/2005,HSV,AL,ASO,CE,Combined TRACON& Tower with Radar,16,93,46,28,183,0,1,13,1,15,16,94,59,29,198,63,47,110,308
06/03/2005,HSV,AL,ASO,CE,Combined TRACON& Tower with Radar,22,98,59,49,228,1,0,25,0,26,23,98,84,49,254,168,15,183,437
06/04/2005,HSV,AL,ASO,CE,Combined TRACON& Tower with Radar,13,78,69,4,164,0,0,25,0,25,13,78,94,4,189,160,4,164,353
06/05/2005,HSV,AL,ASO,CE,Combined TRACON& Tower with Radar,17,76,50,5,148,0,0,24,4,28,17,76,74,9,176,84,0,84,260
06/06/2005,HSV,AL,ASO,CE,Combined TRACON& Tower with Radar,20,86,40,19,165,0,1,17,1,19,20,87,57,20,184,18,20,38,222
06/07/2005,HSV,AL,ASO,CE,Combined TRACON& Tower with Radar,19,100,42,21,182,0,0,15,0,15,19,100,57,21,197,49,12,61,258
06/08/2005,HSV,AL,ASO,CE,Combined TRACON& Tower with Radar,23,97,69,10,199,0,0,24,0,24,23,97,93,10,223,105,9,114,337
06/09/2005,HSV,AL,ASO,CE,Combined TRACON& Tower with Radar,16,100,41,40,197,0,0,16,1,17,16,100,57,41,214,87,63,150,364
06/10/2005,HSV,AL,ASO,CE,Combined TRACON& Tower with Radar,15,98,56,25,194,0,1,22,0,23,15,99,78,25,217,43,72,115,332
06/11/2005,HSV,AL,ASO,CE,Combined TRACON& Tower with Radar,15,69,35,8,127,0,0,2,0,2,15,69,37,8,129,19,8,27,156
06/12/2005,HSV,AL,ASO,CE,Combined TRACON& Tower with Radar,15,74,24,3,116,0,0,3,0,3,15,74,27,3,119,14,0,14,133
06/13/2005,HSV,AL,ASO,CE,Combined TRACON& Tower with Radar,16,95,28,4,143,0,1,18,0,19,16,96,46,4,162,13,0,13,175
06/14/2005,HSV,AL,ASO,CE,Combined TRACON& Tower with Radar,16,91,52,43,202,0,1,24,0,25,16,92,76,43,227,52,116,168,395
06/15/2005,HSV,AL,ASO,CE,Combined TRACON& Tower with Radar,20,100,45,28,193,0,3,21,0,24,20,103,66,28,217,41,86,127,344
06/16/2005,HSV,AL,ASO,CE,Combined TRACON& Tower with Radar,18,96,58,11,183,0,1,34,0,35,18,97,92,11,218,36,0,36,254
06/17/2005,HSV,AL,ASO,CE,Combined TRACON& Tower with Radar,17,96,51,20,184,0,2,43,0,45,17,98,94,20,229,47,72,119,348
06/18/2005,HSV,AL,ASO,CE,Combined TRACON& Tower with Radar,28,72,32,0,132,0,0,44,0,44,28,72,76,0,176,9,0,9,185
06/19/2005,HSV,AL,ASO,CE,Combined TRACON& Tower with Radar,14,79,48,18,159,0,0,32,0,32,14,79,80,18,191,81,14,95,286
06/20/2005,HSV,AL,ASO,CE,Combined TRACON& Tower with Radar,16,87,51,28,182,0,0,10,0,10,16,87,61,28,192,25,34,59,251
06/21/2005,HSV,AL,ASO,CE,Combined TRACON& Tower with Radar,17,101,34,29,181,0,0,32,0,32,17,101,66,29,213,62,56,118,331
06/22/2005,HSV,AL,ASO,CE,Combined TRACON& Tower with Radar,20,99,41,15,175,0,0,19,1,20,20,99,60,16,195,53,42,95,290
06/23/2005,HSV,AL,ASO,CE,Combined TRACON& Tower with Radar,17,98,56,20,191,0,0,15,0,15,17,98,71,20,206,70,46,116,322
06/24/2005,HSV,AL,ASO,CE,Combined TRACON& Tower with Radar,15,101,44,24,184,0,0,23,0,23,15,101,67,24,207,54,92,146,353
06/25/2005,HSV,AL,ASO,CE,Combined TRACON& Tower with Radar,13,74,38,3,128,0,0,23,0,23,13,74,61,3,151,48,9,57,208
06/26/2005,HSV,AL,ASO,CE,Combined TRACON& Tower with Radar,15,77,27,4,123,0,0,15,0,15,15,77,42,4,138,29,0,29,167
06/27/2005,HSV,AL,ASO,CE,Combined TRACON& Tower with Radar,17,92,37,23,169,0,0,24,0,24,17,92,61,23,193,75,66,141,334
06/28/2005,HSV,AL,ASO,CE,Combined TRACON& Tower with Radar,15,96,59,29,199,0,0,28,1,29,15,96,87,30,228,86,100,186,414
06/29/2005,HSV,AL,ASO,CE,Combined TRACON& Tower with Radar,28,93,39,28,188,0,0,16,2,18,28,93,55,30,206,65,30,95,301
06/30/2005,HSV,AL,ASO,CE,Combined TRACON& Tower with Radar,15,95,36,19,165,0,3,26,0,29,15,98,62,19,194,38,46,84,278
07/01/2005,HSV,AL,ASO,CE,Combined TRACON& Tower with Radar,24,93,39,0,156,0,2,26,0,28,24,95,65,0,184,9,0,9,193
07/02/2005,HSV,AL,ASO,CE,Combined TRACON& Tower with Radar,12,66,21,1,100,0,0,29,1,30,12,66,50,2,130,8,0,8,138
07/03/2005,HSV,AL,ASO,CE,Combined TRACON& Tower with Radar,11,65,16,0,92,0,0,12,0,12,11,65,28,0,104,3,0,3,107
07/04/2005,HSV,AL,ASO,CE,Combined TRACON& Tower with Radar,15,77,21,2,115,0,0,13,0,13,15,77,34,2,128,2,0,2,130
07/05/2005,HSV,AL,ASO,CE,Combined TRACON& Tower with Radar,15,103,35,10,163,0,0,0,0,0,15,103,35,10,163,16,4,20,183
07/06/2005,HSV,AL,ASO,CE,Combined TRACON& Tower with Radar,29,96,21,6,152,0,0,6,0,6,29,96,27,6,158,47,10,57,215
07/07/2005,HSV,AL,ASO,CE,Combined TRACON& Tower with Radar,14,103,42,16,175,0,0,19,0,19,14,103,61,16,194,36,102,138,332
07/08/2005,HSV,AL,ASO,CE,Combined TRACON& Tower with Radar,16,100,38,40,194,0,0,31,0,31,16,100,69,40,225,71,115,186,411
07/09/2005,HSV,AL,ASO,CE,Combined TRACON& Tower with Radar,14,77,32,0,123,0,0,27,0,27,14,77,59,0,150,93,0,93,243
07/10/2005,HSV,AL,ASO,CE,Combined TRACON& Tower with Radar,17,74,26,14,131,0,0,14,0,14,17,74,40,14,145,41,10,51,196
07/11/2005,HSV,AL,ASO,CE,Combined TRACON& Tower with Radar,16,90,8,1,115,0,0,0,0,0,16,90,8,1,115,2,0,2,117
07/12/2005,HSV,AL,ASO,CE,Combined TRACON& Tower with Radar,13,97,38,14,162,2,4,6,1,13,15,101,44,15,175,56,2,58,233
07/13/2005,HSV,AL,ASO,CE,Combined TRACON& Tower with Radar,19,93,37,27,176,0,0,13,4,17,19,93,50,31,193,44,26,70,263
07/14/2005,HSV,AL,ASO,CE,Combined TRACON& Tower with Radar,16,98,42,25,181,0,0,13,1,14,16,98,55,26,195,78,72,150,345
07/15/2005,HSV,AL,ASO,CE,Combined TRACON& Tower with Radar,26,110,43,31,210,0,0,10,2,12,26,110,53,33,222,28,112,140,362
07/16/2005,HSV,AL,ASO,CE,Combined TRACON& Tower with Radar,13,69,55,26,163,0,0,2,0,2,13,69,57,26,165,39,28,67,232
07/17/2005,HSV,AL,ASO,CE,Combined TRACON& Tower with Radar,15,79,40,12,146,0,0,20,0,20,15,79,60,12,166,54,5,59,225
07/18/2005,HSV,AL,ASO,CE,Combined TRACON& Tower with Radar,17,97,50,23,187,0,0,28,0,28,17,97,78,23,215,76,45,121,336
07/19/2005,HSV,AL,ASO,CE,Combined TRACON& Tower with Radar,26,105,40,47,218,0,2,25,0,27,26,107,65,47,245,63,171,234,479
07/20/2005,HSV,AL,ASO,CE,Combined TRACON& Tower with Radar,19,91,28,14,152,0,0,20,1,21,19,91,48,15,173,26,34,60,233
07/21/2005,HSV,AL,ASO,CE,Combined TRACON& Tower with Radar,26,100,42,23,191,0,1,20,2,23,26,101,62,25,214,57,113,170,384
07/22/2005,HSV,AL,ASO,CE,Combined TRACON& Tower with Radar,17,103,45,13,178,0,0,28,1,29,17,103,73,14,207,32,4,36,243
07/23/2005,HSV,AL,ASO,CE,Combined TRACON& Tower with Radar,17,68,43,5,133,0,0,42,0,42,17,68,85,5,175,95,16,111,286
07/24/2005,HSV,AL,ASO,CE,Combined TRACON& Tower with Radar,10,69,33,7,119,0,0,30,2,32,10,69,63,9,151,69,6,75,226
07/25/2005,HSV,AL,ASO,CE,Combined TRACON& Tower with Radar,22,94,30,19,165,0,0,23,1,24,22,94,53,20,189,95,68,163,352
07/26/2005,HSV,AL,ASO,CE,Combined TRACON& Tower with Radar,20,93,47,36,196,0,0,12,2,14,20,93,59,38,210,64,60,124,334
07/27/2005,HSV,AL,ASO,CE,Combined TRACON& Tower with Radar,24,99,39,24,186,0,0,19,1,20,24,99,58,25,206,66,4,70,276
07/28/2005,HSV,AL,ASO,CE,Combined TRACON& Tower with Radar,20,99,40,35,194,0,0,18,0,18,20,99,58,35,212,45,49,94,306
07/29/2005,HSV,AL,ASO,CE,Combined TRACON& Tower with Radar,26,91,29,33,179,0,0,23,0,23,26,91,52,33,202,77,20,97,299
07/30/2005,HSV,AL,ASO,CE,Combined TRACON& Tower with Radar,14,72,39,31,156,0,0,22,0,22,14,72,61,31,178,55,20,75,253
07/31/2005,HSV,AL,ASO,CE,Combined TRACON& Tower with Radar,11,82,38,26,157,0,0,19,1,20,11,82,57,27,177,37,10,47,224
08/01/2005,HSV,AL,ASO,CE,Combined TRACON& Tower with Radar,16,83,33,35,167,0,0,25,2,27,16,83,58,37,194,131,153,284,478
08/02/2005,HSV,AL,ASO,CE,Combined TRACON& Tower with Radar,18,102,51,33,204,1,2,27,3,33,19,104,78,36,237,138,168,306,543
08/03/2005,HSV,AL,ASO,CE,Combined TRACON& Tower with Radar,22,92,54,25,193,0,0,28,3,31,22,92,82,28,224,58,97,155,379
08/04/2005,HSV,AL,ASO,CE,Combined TRACON& Tower with Radar,26,94,50,54,224,0,0,31,2,33,26,94,81,56,257,120,154,274,531
08/05/2005,HSV,AL,ASO,CE,Combined TRACON& Tower with Radar,17,95,44,31,187,0,0,19,0,19,17,95,63,31,206,65,56,121,327
08/06/2005,HSV,AL,ASO,CE,Combined TRACON& Tower with Radar,11,73,20,12,116,0,0,15,1,16,11,73,35,13,132,68,0,68,200
08/07/2005,HSV,AL,ASO,CE,Combined TRACON& Tower with Radar,8,81,33,18,140,0,0,14,1,15,8,81,47,19,155,47,14,61,216
08/08/2005,HSV,AL,ASO,CE,Combined TRACON& Tower with Radar,18,87,28,37,170,0,0,21,2,23,18,87,49,39,193,24,156,180,373
08/09/2005,HSV,AL,ASO,CE,Combined TRACON& Tower with Radar,18,93,56,36,203,0,0,16,0,16,18,93,72,36,219,44,14,58,277
08/10/2005,HSV,AL,ASO,CE,Combined TRACON& Tower with Radar,27,89,40,49,205,0,0,19,2,21,27,89,59,51,226,112,24,136,362
08/11/2005,HSV,AL,ASO,CE,Combined TRACON& Tower with Radar,20,96,48,25,189,0,1,30,0,31,20,97,78,25,220,95,94,189,409
08/12/2005,HSV,AL,ASO,CE,Combined TRACON& Tower with Radar,18,93,44,15,170,0,0,25,2,27,18,93,69,17,197,14,51,65,262
08/13/2005,HSV,AL,ASO,CE,Combined TRACON& Tower with Radar,13,67,19,2,101,0,0,10,1,11,13,67,29,3,112,24,0,24,136
08/14/2005,HSV,AL,ASO,CE,Combined TRACON& Tower with Radar,21,72,28,16,137,0,0,24,0,24,21,72,52,16,161,50,28,78,239
08/15/2005,HSV,AL,ASO,CE,Combined TRACON& Tower with Radar,17,84,26,16,143,1,3,12,1,17,18,87,38,17,160,10,20,30,190
08/16/2005,HSV,AL,ASO,CE,Combined TRACON& Tower with Radar,23,99,31,21,174,0,0,32,5,37,23,99,63,26,211,110,123,233,444
08/17/2005,HSV,AL,ASO,CE,Combined TRACON& Tower with Radar,20,92,34,9,155,0,0,21,2,23,20,92,55,11,178,51,31,82,260
08/18/2005,HSV,AL,ASO,CE,Combined TRACON& Tower with Radar,27,87,31,25,170,0,0,9,1,10,27,87,40,26,180,64,20,84,264
08/19/2005,HSV,AL,ASO,CE,Combined TRACON& Tower with Radar,20,93,44,34,191,0,0,42,2,44,20,93,86,36,235,108,96,204,439
08/20/2005,HSV,AL,ASO,CE,Combined TRACON& Tower with Radar,17,63,28,2,110,0,0,49,0,49,17,63,77,2,159,106,0,106,265
08/21/2005,HSV,AL,ASO,CE,Combined TRACON& Tower with Radar,12,81,24,1,118,0,0,15,0,15,12,81,39,1,133,29,0,29,162
08/22/2005,HSV,AL,ASO,CE,Combined TRACON& Tower with Radar,21,88,20,26,155,0,0,10,0,10,21,88,30,26,165,33,48,81,246
08/23/2005,HSV,AL,ASO,CE,Combined TRACON& Tower with Radar,28,91,24,3,146,0,0,21,1,22,28,91,45,4,168,29,0,29,197
08/24/2005,HSV,AL,ASO,CE,Combined TRACON& Tower with Radar,23,87,44,16,170,0,2,22,1,25,23,89,66,17,195,30,94,124,319
08/25/2005,HSV,AL,ASO,CE,Combined TRACON& Tower with Radar,21,97,44,28,190,0,0,25,2,27,21,97,69,30,217,34,94,128,345
08/26/2005,HSV,AL,ASO,CE,Combined TRACON& Tower with Radar,17,92,41,32,182,0,0,29,0,29,17,92,70,32,211,112,93,205,416
08/27/2005,HSV,AL,ASO,CE,Combined TRACON& Tower with Radar,12,74,22,2,110,0,0,34,0,34,12,74,56,2,144,125,14,139,283
08/28/2005,HSV,AL,ASO,CE,Combined TRACON& Tower with Radar,11,77,34,25,147,0,0,25,10,35,11,77,59,35,182,76,9,85,267
08/29/2005,HSV,AL,ASO,CE,Combined TRACON& Tower with Radar,10,78,9,1,98,0,0,4,0,4,10,78,13,1,102,1,0,1,103
08/30/2005,HSV,AL,ASO,CE,Combined TRACON& Tower with Radar,17,75,5,3,100,0,0,0,0,0,17,75,5,3,100,4,0,4,104
08/31/2005,HSV,AL,ASO,CE,Combined TRACON& Tower with Radar,26,92,25,16,159,0,0,32,0,32,26,92,57,16,191,53,25,78,269
09/01/2005,HSV,AL,ASO,CE,Combined TRACON& Tower with Radar,27,95,32,25,179,0,1,26,0,27,27,96,58,25,206,138,75,213,419
09/02/2005,HSV,AL,ASO,CE,Combined TRACON& Tower with Radar,19,95,55,20,189,0,0,39,1,40,19,95,94,21,229,55,61,116,345
09/03/2005,HSV,AL,ASO,CE,Combined TRACON& Tower with Radar,13,56,32,1,102,0,0,26,3,29,13,56,58,4,131,90,3,93,224
09/04/2005,HSV,AL,ASO,CE,Combined TRACON& Tower with Radar,10,59,13,0,82,0,1,22,3,26,10,60,35,3,108,33,0,33,141
09/05/2005,HSV,AL,ASO,CE,Combined TRACON& Tower with Radar,15,72,37,0,124,0,0,21,0,21,15,72,58,0,145,46,0,46,191
09/06/2005,HSV,AL,ASO,CE,Combined TRACON& Tower with Radar,20,89,31,34,174,0,0,15,3,18,20,89,46,37,192,28,143,171,363
09/07/2005,HSV,AL,ASO,CE,Combined TRACON& Tower with Radar,23,87,28,41,179,0,3,23,0,26,23,90,51,41,205,81,170,251,456
09/08/2005,HSV,AL,ASO,CE,Combined TRACON& Tower with Radar,19,89,48,38,194,0,1,36,3,40,19,90,84,41,234,108,102,210,444
09/09/2005,HSV,AL,ASO,CE,Combined TRACON& Tower with Radar,24,93,47,41,205,0,0,35,1,36,24,93,82,42,241,49,146,195,436
09/10/2005,HSV,AL,ASO,CE,Combined TRACON& Tower with Radar,18,65,43,23,149,0,1,35,0,36,18,66,78,23,185,90,24,114,299
09/11/2005,HSV,AL,ASO,CE,Combined TRACON& Tower with Radar,16,66,30,17,129,0,1,29,0,30,16,67,59,17,159,69,12,81,240
09/12/2005,HSV,AL,ASO,CE,Combined TRACON& Tower with Radar,18,88,38,40,184,0,0,17,1,18,18,88,55,41,202,43,163,206,408
09/13/2005,HSV,AL,ASO,CE,Combined TRACON& Tower with Radar,24,84,29,34,171,0,0,26,3,29,24,84,55,37,200,45,105,150,350
09/14/2005,HSV,AL,ASO,CE,Combined TRACON& Tower with Radar,24,82,36,47,189,0,0,36,2,38,24,82,72,49,227,85,110,195,422
09/15/2005,HSV,AL,ASO,CE,Combined TRACON& Tower with Radar,21,91,35,19,166,1,0,12,1,14,22,91,47,20,180,41,56,97,277
09/16/2005,HSV,AL,ASO,CE,Combined TRACON& Tower with Radar,22,87,27,15,151,0,0,15,0,15,22,87,42,15,166,58,0,58,224
09/17/2005,HSV,AL,ASO,CE,Combined TRACON& Tower with Radar,19,60,40,0,119,0,0,26,0,26,19,60,66,0,145,56,0,56,201
09/18/2005,HSV,AL,ASO,CE,Combined TRACON& Tower with Radar,16,72,25,4,117,0,0,30,0,30,16,72,55,4,147,52,0,52,199
09/19/2005,HSV,AL,ASO,CE,Combined TRACON& Tower with Radar,27,84,24,23,158,2,1,25,1,29,29,85,49,24,187,79,102,181,368
09/20/2005,HSV,AL,ASO,CE,Combined TRACON& Tower with Radar,21,75,36,34,166,0,2,32,3,37,21,77,68,37,203,36,102,138,341
09/21/2005,HSV,AL,ASO,CE,Combined TRACON& Tower with Radar,24,87,26,36,173,0,0,22,3,25,24,87,48,39,198,69,147,216,414
09/22/2005,HSV,AL,ASO,CE,Combined TRACON& Tower with Radar,20,77,43,53,193,0,0,32,0,32,20,77,75,53,225,143,136,279,504
09/23/2005,HSV,AL,ASO,CE,Combined TRACON& Tower with Radar,23,85,40,13,161,0,0,46,2,48,23,85,86,15,209,56,75,131,340
09/24/2005,HSV,AL,ASO,CE,Combined TRACON& Tower with Radar,17,64,14,5,100,0,0,18,0,18,17,64,32,5,118,50,2,52,170
09/25/2005,HSV,AL,ASO,CE,Combined TRACON& Tower with Radar,17,75,8,4,104,0,0,3,0,3,17,75,11,4,107,0,0,0,107
09/26/2005,HSV,AL,ASO,CE,Combined TRACON& Tower with Radar,21,83,22,51,177,0,0,8,1,9,21,83,30,52,186,55,75,130,316
09/27/2005,HSV,AL,ASO,CE,Combined TRACON& Tower with Radar,25,85,24,32,166,0,0,19,0,19,25,85,43,32,185,42,56,98,283
09/28/2005,HSV,AL,ASO,CE,Combined TRACON& Tower with Radar,22,85,30,38,175,0,0,21,0,21,22,85,51,38,196,48,63,111,307
09/29/2005,HSV,AL,ASO,CE,Combined TRACON& Tower with Radar,25,94,54,3,176,0,1,21,0,22,25,95,75,3,198,46,0,46,244
09/30/2005,HSV,AL,ASO,CE,Combined TRACON& Tower with Radar,25,84,18,16,143,0,0,44,0,44,25,84,62,16,187,77,10,87,274
10/01/2005,HSV,AL,ASO,CE,Combined TRACON& Tower with Radar,16,60,54,4,134,0,0,23,0,23,16,60,77,4,157,64,0,64,221
10/02/2005,HSV,AL,ASO,CE,Combined TRACON& Tower with Radar,19,68,23,4,114,0,0,28,0,28,19,68,51,4,142,5,0,5,147
10/03/2005,HSV,AL,ASO,CE,Combined TRACON& Tower with Radar,19,83,17,36,155,0,0,15,2,17,19,83,32,38,172,56,170,226,398
10/04/2005,HSV,AL,ASO,CE,Combined TRACON& Tower with Radar,23,78,26,83,210,0,0,29,3,32,23,78,55,86,242,85,48,133,375
10/05/2005,HSV,AL,ASO,CE,Combined TRACON& Tower with Radar,24,80,35,56,195,0,1,23,2,26,24,81,58,58,221,58,92,150,371
10/06/2005,HSV,AL,ASO,CE,Combined TRACON& Tower with Radar,20,84,28,68,200,0,0,13,1,14,20,84,41,69,214,37,91,128,342
10/07/2005,HSV,AL,ASO,CE,Combined TRACON& Tower with Radar,25,81,49,16,171,0,0,0,0,0,25,81,49,16,171,52,0,52,223
10/08/2005,HSV,AL,ASO,CE,Combined TRACON& Tower with Radar,19,62,22,8,111,0,0,0,0,0,19,62,22,8,111,51,0,51,162
10/09/2005,HSV,AL,ASO,CE,Combined TRACON& Tower with Radar,14,69,38,1,122,0,0,5,0,5,14,69,43,1,127,9,0,9,136
10/10/2005,HSV,AL,ASO,CE,Combined TRACON& Tower with Radar,21,87,32,5,145,0,0,18,3,21,21,87,50,8,166,32,34,66,232
10/11/2005,HSV,AL,ASO,CE,Combined TRACON& Tower with Radar,26,80,58,25,189,0,0,13,0,13,26,80,71,25,202,77,7,84,286
10/12/2005,HSV,AL,ASO,CE,Combined TRACON& Tower with Radar,27,87,38,49,201,0,0,22,0,22,27,87,60,49,223,92,105,197,420
10/13/2005,HSV,AL,ASO,CE,Combined TRACON& Tower with Radar,27,78,49,56,210,0,0,24,3,27,27,78,73,59,237,43,104,147,384
10/14/2005,HSV,AL,ASO,CE,Combined TRACON& Tower with Radar,21,86,59,53,219,0,1,39,1,41,21,87,98,54,260,63,69,132,392
10/15/2005,HSV,AL,ASO,CE,Combined TRACON& Tower with Radar,15,57,36,19,127,0,0,50,0,50,15,57,86,19,177,47,13,60,237
10/16/2005,HSV,AL,ASO,CE,Combined TRACON& Tower with Radar,15,73,32,10,130,0,0,34,0,34,15,73,66,10,164,23,14,37,201
10/17/2005,HSV,AL,ASO,CE,Combined TRACON& Tower with Radar,23,84,35,57,199,0,0,27,4,31,23,84,62,61,230,44,97,141,371
10/18/2005,HSV,AL,ASO,CE,Combined TRACON& Tower with Radar,23,83,32,50,188,0,0,26,0,26,23,83,58,50,214,108,68,176,390
10/19/2005,HSV,AL,ASO,CE,Combined TRACON& Tower with Radar,26,78,39,48,191,0,0,26,1,27,26,78,65,49,218,58,126,184,402
10/20/2005,HSV,AL,ASO,CE,Combined TRACON& Tower with Radar,20,81,50,25,176,0,0,26,2,28,20,81,76,27,204,11,44,55,259
10/21/2005,HSV,AL,ASO,CE,Combined TRACON& Tower with Radar,23,78,46,45,192,0,0,21,0,21,23,78,67,45,213,27,115,142,355
10/22/2005,HSV,AL,ASO,CE,Combined TRACON& Tower with Radar,17,58,41,4,120,0,0,18,1,19,17,58,59,5,139,15,0,15,154
10/23/2005,HSV,AL,ASO,CE,Combined TRACON& Tower with Radar,16,74,34,4,128,0,0,19,0,19,16,74,53,4,147,10,18,28,175
10/24/2005,HSV,AL,ASO,CE,Combined TRACON& Tower with Radar,21,82,20,29,152,0,0,11,0,11,21,82,31,29,163,46,71,117,280
10/25/2005,HSV,AL,ASO,CE,Combined TRACON& Tower with Radar,23,87,35,22,167,0,0,17,3,20,23,87,52,25,187,54,20,74,261
10/26/2005,HSV,AL,ASO,CE,Combined TRACON& Tower with Radar,24,88,35,19,166,0,1,23,0,24,24,89,58,19,190,27,98,125,315
10/27/2005,HSV,AL,ASO,CE,Combined TRACON& Tower with Radar,23,89,42,31,185,0,0,25,3,28,23,89,67,34,213,54,49,103,316
10/28/2005,HSV,AL,ASO,CE,Combined TRACON& Tower with Radar,21,78,41,18,158,0,0,23,0,23,21,78,64,18,181,71,30,101,282
10/29/2005,HSV,AL,ASO,CE,Combined TRACON& Tower with Radar,16,57,26,10,109,2,0,38,0,40,18,57,64,10,149,16,0,16,165
10/30/2005,HSV,AL,ASO,CE,Combined TRACON& Tower with Radar,18,67,27,1,113,0,0,45,0,45,18,67,72,1,158,34,0,34,192
10/31/2005,HSV,AL,ASO,CE,Combined TRACON& Tower with Radar,20,79,37,39,175,0,0,19,0,19,20,79,56,39,194,27,87,114,308
11/01/2005,HSV,AL,ASO,CE,Combined TRACON& Tower with Radar,22,80,43,34,179,0,4,6,4,14,22,84,49,38,193,79,50,129,322
11/02/2005,HSV,AL,ASO,CE,Combined TRACON& Tower with Radar,22,85,37,16,160,0,0,24,3,27,22,85,61,19,187,45,86,131,318
11/03/2005,HSV,AL,ASO,CE,Combined TRACON& Tower with Radar,20,84,41,18,163,0,0,38,0,38,20,84,79,18,201,97,102,199,400
11/04/2005,HSV,AL,ASO,CE,Combined TRACON& Tower with Radar,22,80,36,60,198,0,0,9,4,13,22,80,45,64,211,88,136,224,435
11/05/2005,HSV,AL,ASO,CE,Combined TRACON& Tower with Radar,23,52,29,39,143,0,0,19,0,19,23,52,48,39,162,60,47,107,269
11/06/2005,HSV,AL,ASO,CE,Combined TRACON& Tower with Radar,15,68,40,23,146,0,0,22,0,22,15,68,62,23,168,84,54,138,306
11/07/2005,HSV,AL,ASO,CE,Combined TRACON& Tower with Radar,18,77,65,11,171,0,0,25,0,25,18,77,90,11,196,67,76,143,339
11/08/2005,HSV,AL,ASO,CE,Combined TRACON& Tower with Radar,22,79,69,22,192,0,0,27,3,30,22,79,96,25,222,95,25,120,342
11/09/2005,HSV,AL,ASO,CE,Combined TRACON& Tower with Radar,22,87,56,24,189,0,0,16,0,16,22,87,72,24,205,59,127,186,391
11/10/2005,HSV,AL,ASO,CE,Combined TRACON& Tower with Radar,20,87,24,46,177,0,0,23,1,24,20,87,47,47,201,54,78,132,333
11/11/2005,HSV,AL,ASO,CE,Combined TRACON& Tower with Radar,21,84,33,3,141,0,0,46,0,46,21,84,79,3,187,64,0,64,251
11/12/2005,HSV,AL,ASO,CE,Combined TRACON& Tower with Radar,15,52,30,4,101,0,0,45,0,45,15,52,75,4,146,55,3,58,204
11/13/2005,HSV,AL,ASO,CE,Combined TRACON& Tower with Radar,14,72,23,0,109,0,0,12,0,12,14,72,35,0,121,7,0,7,128
11/14/2005,HSV,AL,ASO,CE,Combined TRACON& Tower with Radar,19,89,20,0,128,0,0,0,0,0,19,89,20,0,128,2,0,2,130
11/15/2005,HSV,AL,ASO,CE,Combined TRACON& Tower with Radar,20,85,41,16,162,0,0,4,1,5,20,85,45,17,167,200,37,237,404
11/16/2005,HSV,AL,ASO,CE,Combined TRACON& Tower with Radar,23,84,36,18,161,0,0,10,1,11,23,84,46,19,172,60,50,110,282
11/17/2005,HSV,AL,ASO,CE,Combined TRACON& Tower with Radar,21,80,50,44,195,0,0,30,1,31,21,80,80,45,226,79,81,160,386
11/18/2005,HSV,AL,ASO,CE,Combined TRACON& Tower with Radar,18,78,42,16,154,0,0,38,6,44,18,78,80,22,198,80,83,163,361
11/19/2005,HSV,AL,ASO,CE,Combined TRACON& Tower with Radar,16,56,28,8,108,0,0,33,0,33,16,56,61,8,141,99,2,101,242
11/20/2005,HSV,AL,ASO,CE,Combined TRACON& Tower with Radar,11,73,26,3,113,0,0,21,4,25,11,73,47,7,138,33,10,43,181
11/21/2005,HSV,AL,ASO,CE,Combined TRACON& Tower with Radar,17,81,12,0,110,0,0,7,0,7,17,81,19,0,117,3,0,3,120
11/22/2005,HSV,AL,ASO,CE,Combined TRACON& Tower with Radar,20,83,43,10,156,0,0,22,1,23,20,83,65,11,179,80,30,110,289
11/23/2005,HSV,AL,ASO,CE,Combined TRACON& Tower with Radar,29,79,28,6,142,0,0,26,0,26,29,79,54,6,168,42,10,52,220
11/24/2005,HSV,AL,ASO,CE,Combined TRACON& Tower with Radar,2,57,7,0,66,0,2,16,0,18,2,59,23,0,84,0,0,0,84
11/25/2005,HSV,AL,ASO,CE,Combined TRACON& Tower with Radar,8,63,15,0,86,0,0,31,0,31,8,63,46,0,117,29,0,29,146
11/26/2005,HSV,AL,ASO,CE,Combined TRACON& Tower with Radar,14,63,39,0,116,0,0,20,0,20,14,63,59,0,136,52,0,52,188
11/27/2005,HSV,AL,ASO,CE,Combined TRACON& Tower with Radar,12,77,40,0,129,0,0,1,0,1,12,77,41,0,130,16,0,16,146
11/28/2005,HSV,AL,ASO,CE,Combined TRACON& Tower with Radar,18,91,9,2,120,0,0,0,0,0,18,91,9,2,120,0,0,0,120
11/29/2005,HSV,AL,ASO,CE,Combined TRACON& Tower with Radar,26,79,29,20,154,0,0,20,1,21,26,79,49,21,175,42,70,112,287
11/30/2005,HSV,AL,ASO,CE,Combined TRACON& Tower with Radar,30,75,45,27,177,0,0,43,1,44,30,75,88,28,221,43,74,117,338
12/01/2005,HSV,AL,ASO,CE,Combined TRACON& Tower with Radar,14,85,38,15,152,0,0,12,1,13,14,85,50,16,165,42,14,56,221
12/02/2005,HSV,AL,ASO,CE,Combined TRACON& Tower with Radar,22,83,31,40,176,0,0,33,3,36,22,83,64,43,212,85,19,104,316
12/03/2005,HSV,AL,ASO,CE,Combined TRACON& Tower with Radar,13,54,24,3,94,0,0,4,0,4,13,54,28,3,98,103,0,103,201
12/04/2005,HSV,AL,ASO,CE,Combined TRACON& Tower with Radar,14,71,11,6,102,0,0,0,0,0,14,71,11,6,102,0,0,0,102
12/05/2005,HSV,AL,ASO,CE,Combined TRACON& Tower with Radar,18,78,15,34,145,0,0,3,0,3,18,78,18,34,148,18,59,77,225
12/06/2005,HSV,AL,ASO,CE,Combined TRACON& Tower with Radar,19,75,50,14,158,0,1,23,1,25,19,76,73,15,183,70,10,80,263
12/07/2005,HSV,AL,ASO,CE,Combined TRACON& Tower with Radar,20,82,29,16,147,0,0,22,0,22,20,82,51,16,169,19,18,37,206
12/08/2005,HSV,AL,ASO,CE,Combined TRACON& Tower with Radar,20,76,20,12,128,0,0,1,0,1,20,76,21,12,129,19,0,19,148
12/09/2005,HSV,AL,ASO,CE,Combined TRACON& Tower with Radar,23,78,33,29,163,0,0,28,1,29,23,78,61,30,192,48,75,123,315
12/10/2005,HSV,AL,ASO,CE,Combined TRACON& Tower with Radar,14,55,36,0,105,0,0,41,0,41,14,55,77,0,146,61,0,61,207
12/11/2005,HSV,AL,ASO,CE,Combined TRACON& Tower with Radar,14,73,20,4,111,0,0,25,0,25,14,73,45,4,136,7,13,20,156
12/12/2005,HSV,AL,ASO,CE,Combined TRACON& Tower with Radar,18,79,49,14,160,0,0,14,3,17,18,79,63,17,177,57,65,122,299
12/13/2005,HSV,AL,ASO,CE,Combined TRACON& Tower with Radar,22,76,29,8,135,0,0,40,1,41,22,76,69,9,176,59,38,97,273
12/14/2005,HSV,AL,ASO,CE,Combined TRACON& Tower with Radar,20,78,17,27,142,0,0,2,1,3,20,78,19,28,145,11,46,57,202
12/15/2005,HSV,AL,ASO,CE,Combined TRACON& Tower with Radar,19,88,32,8,147,0,0,6,0,6,19,88,38,8,153,15,0,15,168
12/16/2005,HSV,AL,ASO,CE,Combined TRACON& Tower with Radar,17,82,51,22,172,0,0,27,0,27,17,82,78,22,199,59,88,147,346
12/17/2005,HSV,AL,ASO,CE,Combined TRACON& Tower with Radar,10,59,26,0,95,0,0,32,0,32,10,59,58,0,127,84,0,84,211
12/18/2005,HSV,AL,ASO,CE,Combined TRACON& Tower with Radar,13,70,22,3,108,0,0,22,1,23,13,70,44,4,131,39,0,39,170
12/19/2005,HSV,AL,ASO,CE,Combined TRACON& Tower with Radar,16,88,38,29,171,0,0,25,0,25,16,88,63,29,196,81,81,162,358
12/20/2005,HSV,AL,ASO,CE,Combined TRACON& Tower with Radar,19,84,32,29,164,0,1,27,0,28,19,85,59,29,192,47,94,141,333
12/21/2005,HSV,AL,ASO,CE,Combined TRACON& Tower with Radar,22,85,42,38,187,0,0,27,1,28,22,85,69,39,215,68,76,144,359
12/22/2005,HSV,AL,ASO,CE,Combined TRACON& Tower with Radar,20,90,53,4,167,0,0,41,0,41,20,90,94,4,208,58,0,58,266
12/23/2005,HSV,AL,ASO,CE,Combined TRACON& Tower with Radar,17,72,33,0,122,0,0,24,0,24,17,72,57,0,146,63,0,63,209
12/24/2005,HSV,AL,ASO,CE,Combined TRACON& Tower with Radar,12,54,15,0,81,0,0,4,0,4,12,54,19,0,85,11,0,11,96
12/25/2005,HSV,AL,ASO,CE,Combined TRACON& Tower with Radar,13,62,3,0,78,0,0,0,0,0,13,62,3,0,78,2,0,2,80
12/26/2005,HSV,AL,ASO,CE,Combined TRACON& Tower with Radar,13,82,48,0,143,0,0,9,0,9,13,82,57,0,152,36,0,36,188
12/27/2005,HSV,AL,ASO,CE,Combined TRACON& Tower with Radar,19,83,32,4,138,0,0,19,0,19,19,83,51,4,157,48,0,48,205
12/28/2005,HSV,AL,ASO,CE,Combined TRACON& Tower with Radar,17,73,26,6,122,0,0,4,0,4,17,73,30,6,126,10,6,16,142
12/29/2005,HSV,AL,ASO,CE,Combined TRACON& Tower with Radar,19,82,49,7,157,0,0,6,0,6,19,82,55,7,163,70,0,70,233
12/30/2005,HSV,AL,ASO,CE,Combined TRACON& Tower with Radar,18,73,64,0,155,0,0,25,0,25,18,73,89,0,180,109,0,109,289
12/31/2005,HSV,AL,ASO,CE,Combined TRACON& Tower with Radar,21,49,19,0,89,0,0,31,0,31,21,49,50,0,120,17,0,17,137
01/01/2006,HSV,AL,ASO,CE,Combined TRACON& Tower with Radar,15,64,22,6,107,0,0,2,0,2,15,64,24,6,109,31,0,31,140
01/02/2006,HSV,AL,ASO,CE,Combined TRACON& Tower with Radar,12,63,27,2,104,0,0,9,0,9,12,63,36,2,113,20,0,20,133
01/03/2006,HSV,AL,ASO,CE,Combined TRACON& Tower with Radar,16,88,35,16,155,0,0,15,1,16,16,88,50,17,171,95,50,145,316
01/04/2006,HSV,AL,ASO,CE,Combined TRACON& Tower with Radar,20,69,32,22,143,0,0,28,2,30,20,69,60,24,173,54,44,98,271
01/05/2006,HSV,AL,ASO,CE,Combined TRACON& Tower with Radar,17,79,30,31,157,0,0,22,2,24,17,79,52,33,181,66,52,118,299
01/06/2006,HSV,AL,ASO,CE,Combined TRACON& Tower with Radar,19,71,25,14,129,0,0,15,0,15,19,71,40,14,144,30,18,48,192
01/07/2006,HSV,AL,ASO,CE,Combined TRACON& Tower with Radar,12,48,40,5,105,0,0,47,1,48,12,48,87,6,153,87,0,87,240
01/08/2006,HSV,AL,ASO,CE,Combined TRACON& Tower with Radar,13,62,18,6,99,0,0,16,0,16,13,62,34,6,115,11,18,29,144
01/09/2006,HSV,AL,ASO,CE,Combined TRACON& Tower with Radar,15,72,40,29,156,0,0,13,0,13,15,72,53,29,169,60,42,102,271
01/10/2006,HSV,AL,ASO,CE,Combined TRACON& Tower with Radar,14,71,18,28,131,0,0,10,0,10,14,71,28,28,141,56,82,138,279
01/11/2006,HSV,AL,ASO,CE,Combined TRACON& Tower with Radar,17,69,38,20,144,0,1,21,0,22,17,70,59,20,166,32,46,78,244
01/12/2006,HSV,AL,ASO,CE,Combined TRACON& Tower with Radar,19,69,35,31,154,0,0,43,2,45,19,69,78,33,199,96,76,172,371
01/13/2006,HSV,AL,ASO,CE,Combined TRACON& Tower with Radar,20,64,21,0,105,0,0,1,0,1,20,64,22,0,106,0,0,0,106
01/14/2006,HSV,AL,ASO,CE,Combined TRACON& Tower with Radar,11,46,21,9,87,0,0,25,3,28,11,46,46,12,115,42,19,61,176
01/15/2006,HSV,AL,ASO,CE,Combined TRACON& Tower with Radar,13,68,29,6,116,0,0,46,0,46,13,68,75,6,162,47,5,52,214
01/16/2006,HSV,AL,ASO,CE,Combined TRACON& Tower with Radar,15,74,34,5,128,0,0,10,0,10,15,74,44,5,138,59,0,59,197
01/17/2006,HSV,AL,ASO,CE,Combined TRACON& Tower with Radar,16,76,15,7,114,0,0,0,0,0,16,76,15,7,114,3,0,3,117
01/18/2006,HSV,AL,ASO,CE,Combined TRACON& Tower with Radar,21,74,37,31,163,0,0,28,1,29,21,74,65,32,192,69,86,155,347
01/19/2006,HSV,AL,ASO,CE,Combined TRACON& Tower with Radar,18,77,45,35,175,0,0,36,0,36,18,77,81,35,211,98,128,226,437
01/20/2006,HSV,AL,ASO,CE,Combined TRACON& Tower with Radar,21,75,51,28,175,0,0,36,0,36,21,75,87,28,211,126,160,286,497
01/21/2006,HSV,AL,ASO,CE,Combined TRACON& Tower with Radar,13,49,29,13,104,0,0,0,0,0,13,49,29,13,104,40,0,40,144
01/22/2006,HSV,AL,ASO,CE,Combined TRACON& Tower with Radar,12,63,20,5,100,0,0,0,0,0,12,63,20,5,100,1,0,1,101
01/23/2006,HSV,AL,ASO,CE,Combined TRACON& Tower with Radar,14,79,28,13,134,0,0,0,0,0,14,79,28,13,134,5,0,5,139
01/24/2006,HSV,AL,ASO,CE,Combined TRACON& Tower with Radar,22,68,27,22,139,0,0,49,2,51,22,68,76,24,190,140,74,214,404
01/25/2006,HSV,AL,ASO,CE,Combined TRACON& Tower with Radar,18,78,38,46,180,0,0,38,1,39,18,78,76,47,219,56,148,204,423
01/26/2006,HSV,AL,ASO,CE,Combined TRACON& Tower with Radar,19,74,39,29,161,0,0,39,0,39,19,74,78,29,200,83,62,145,345
01/27/2006,HSV,AL,ASO,CE,Combined TRACON& Tower with Radar,19,73,29,48,169,0,0,49,0,49,19,73,78,48,218,109,54,163,381
01/28/2006,HSV,AL,ASO,CE,Combined TRACON& Tower with Radar,20,46,24,4,94,0,0,29,3,32,20,46,53,7,126,27,48,75,201
01/29/2006,HSV,AL,ASO,CE,Combined TRACON& Tower with Radar,15,65,14,10,104,0,0,27,1,28,15,65,41,11,132,20,12,32,164
01/30/2006,HSV,AL,ASO,CE,Combined TRACON& Tower with Radar,16,76,40,26,158,0,0,12,0,12,16,76,52,26,170,31,86,117,287
01/31/2006,HSV,AL,ASO,CE,Combined TRACON& Tower with Radar,16,72,31,46,165,0,0,52,1,53,16,72,83,47,218,131,98,229,447
02/01/2006,HSV,AL,ASO,CE,Combined TRACON& Tower with Radar,16,78,52,33,179,0,0,35,4,39,16,78,87,37,218,65,74,139,357
02/02/2006,HSV,AL,ASO,CE,Combined TRACON& Tower with Radar,19,77,17,15,128,0,0,3,0,3,19,77,20,15,131,8,10,18,149
02/03/2006,HSV,AL,ASO,CE,Combined TRACON& Tower with Radar,20,78,29,21,148,0,0,3,0,3,20,78,32,21,151,78,22,100,251
02/04/2006,HSV,AL,ASO,CE,Combined TRACON& Tower with Radar,11,44,10,3,68,0,0,9,1,10,11,44,19,4,78,5,0,5,83
02/05/2006,HSV,AL,ASO,CE,Combined TRACON& Tower with Radar,16,71,31,3,121,0,0,37,0,37,16,71,68,3,158,35,0,35,193
02/06/2006,HSV,AL,ASO,CE,Combined TRACON& Tower with Radar,17,89,4,13,123,0,0,0,0,0,17,89,4,13,123,5,4,9,132
02/07/2006,HSV,AL,ASO,CE,Combined TRACON& Tower with Radar,19,74,16,26,135,0,0,39,0,39,19,74,55,26,174,49,14,63,237
02/08/2006,HSV,AL,ASO,CE,Combined TRACON& Tower with Radar,19,71,35,42,167,0,0,12,2,14,19,71,47,44,181,75,116,191,372
02/09/2006,HSV,AL,ASO,CE,Combined TRACON& Tower with Radar,18,79,42,37,176,0,0,25,3,28,18,79,67,40,204,53,84,137,341
02/10/2006,HSV,AL,ASO,CE,Combined TRACON& Tower with Radar,21,70,25,41,157,0,0,21,2,23,21,70,46,43,180,77,161,238,418
02/11/2006,HSV,AL,ASO,CE,Combined TRACON& Tower with Radar,14,48,13,3,78,0,0,5,0,5,14,48,18,3,83,23,0,23,106
02/12/2006,HSV,AL,ASO,CE,Combined TRACON& Tower with Radar,13,65,24,0,102,0,0,2,0,2,13,65,26,0,104,30,0,30,134
02/13/2006,HSV,AL,ASO,CE,Combined TRACON& Tower with Radar,17,78,37,18,150,0,0,33,9,42,17,78,70,27,192,61,51,112,304
02/14/2006,HSV,AL,ASO,CE,Combined TRACON& Tower with Radar,18,73,34,7,132,0,0,28,0,28,18,73,62,7,160,56,37,93,253
02/15/2006,HSV,AL,ASO,CE,Combined TRACON& Tower with Radar,19,74,41,19,153,0,0,30,4,34,19,74,71,23,187,37,60,97,284
02/16/2006,HSV,AL,ASO,CE,Combined TRACON& Tower with Radar,22,77,37,13,149,0,0,24,0,24,22,77,61,13,173,25,62,87,260
02/17/2006,HSV,AL,ASO,CE,Combined TRACON& Tower with Radar,19,84,33,28,164,0,0,3,1,4,19,84,36,29,168,59,22,81,249
02/18/2006,HSV,AL,ASO,CE,Combined TRACON& Tower with Radar,12,42,1,0,55,0,0,0,0,0,12,42,1,0,55,0,0,0,55
02/19/2006,HSV,AL,ASO,CE,Combined TRACON& Tower with Radar,14,61,11,4,90,0,0,19,0,19,14,61,30,4,109,40,0,40,149
02/20/2006,HSV,AL,ASO,CE,Combined TRACON& Tower with Radar,18,72,13,4,107,0,0,6,0,6,18,72,19,4,113,10,0,10,123
02/21/2006,HSV,AL,ASO,CE,Combined TRACON& Tower with Radar,16,79,28,32,155,0,0,10,1,11,16,79,38,33,166,56,137,193,359
02/22/2006,HSV,AL,ASO,CE,Combined TRACON& Tower with Radar,26,73,36,9,144,0,0,0,0,0,26,73,36,9,144,7,0,7,151
02/23/2006,HSV,AL,ASO,CE,Combined TRACON& Tower with Radar,39,78,51,40,208,0,0,40,4,44,39,78,91,44,252,57,233,290,542
02/24/2006,HSV,AL,ASO,CE,Combined TRACON& Tower with Radar,24,75,58,22,179,0,0,37,2,39,24,75,95,24,218,48,14,62,280
02/25/2006,HSV,AL,ASO,CE,Combined TRACON& Tower with Radar,13,52,28,4,97,0,0,20,0,20,13,52,48,4,117,62,16,78,195
02/26/2006,HSV,AL,ASO,CE,Combined TRACON& Tower with Radar,15,69,24,9,117,0,0,29,0,29,15,69,53,9,146,34,2,36,182
02/27/2006,HSV,AL,ASO,CE,Combined TRACON& Tower with Radar,20,69,25,36,150,0,0,30,3,33,20,69,55,39,183,76,130,206,389
02/28/2006,HSV,AL,ASO,CE,Combined TRACON& Tower with Radar,18,67,31,25,141,0,1,31,1,33,18,68,62,26,174,53,22,75,249
03/01/2006,HSV,AL,ASO,CE,Combined TRACON& Tower with Radar,21,68,46,42,177,0,0,29,2,31,21,68,75,44,208,123,142,265,473
03/02/2006,HSV,AL,ASO,CE,Combined TRACON& Tower with Radar,20,76,41,37,174,0,0,23,0,23,20,76,64,37,197,103,92,195,392
03/03/2006,HSV,AL,ASO,CE,Combined TRACON& Tower with Radar,22,77,45,47,191,0,0,33,0,33,22,77,78,47,224,124,105,229,453
03/04/2006,HSV,AL,ASO,CE,Combined TRACON& Tower with Radar,16,48,48,5,117,0,0,57,1,58,16,48,105,6,175,56,0,56,231
03/05/2006,HSV,AL,ASO,CE,Combined TRACON& Tower with Radar,14,67,44,8,133,0,0,39,4,43,14,67,83,12,176,121,3,124,300
03/06/2006,HSV,AL,ASO,CE,Combined TRACON& Tower with Radar,21,69,24,39,153,0,0,16,1,17,21,69,40,40,170,47,129,176,346
03/07/2006,HSV,AL,ASO,CE,Combined TRACON& Tower with Radar,18,64,46,31,159,0,0,24,4,28,18,64,70,35,187,28,80,108,295
03/08/2006,HSV,AL,ASO,CE,Combined TRACON& Tower with Radar,18,71,40,44,173,0,1,23,2,26,18,72,63,46,199,88,82,170,369
03/09/2006,HSV,AL,ASO,CE,Combined TRACON& Tower with Radar,18,74,9,50,151,0,0,0,0,0,18,74,9,50,151,29,73,102,253
03/10/2006,HSV,AL,ASO,CE,Combined TRACON& Tower with Radar,20,72,35,11,138,0,0,41,0,41,20,72,76,11,179,128,76,204,383
03/11/2006,HSV,AL,ASO,CE,Combined TRACON& Tower with Radar,17,52,28,3,100,0,0,10,0,10,17,52,38,3,110,89,0,89,199
03/12/2006,HSV,AL,ASO,CE,Combined TRACON& Tower with Radar,11,66,30,22,129,0,0,14,0,14,11,66,44,22,143,69,19,88,231
03/13/2006,HSV,AL,ASO,CE,Combined TRACON& Tower with Radar,20,67,13,18,118,0,0,1,0,1,20,67,14,18,119,9,42,51,170
03/14/2006,HSV,AL,ASO,CE,Combined TRACON& Tower with Radar,17,73,40,20,150,0,0,36,0,36,17,73,76,20,186,62,29,91,277
03/15/2006,HSV,AL,ASO,CE,Combined TRACON& Tower with Radar,20,72,58,30,180,0,0,40,0,40,20,72,98,30,220,130,72,202,422
03/16/2006,HSV,AL,ASO,CE,Combined TRACON& Tower with Radar,26,68,37,22,153,0,0,29,2,31,26,68,66,24,184,58,66,124,308
03/17/2006,HSV,AL,ASO,CE,Combined TRACON& Tower with Radar,21,79,36,20,156,0,1,30,2,33,21,80,66,22,189,53,65,118,307
03/18/2006,HSV,AL,ASO,CE,Combined TRACON& Tower with Radar,17,49,41,13,120,0,0,48,0,48,17,49,89,13,168,71,6,77,245
03/19/2006,HSV,AL,ASO,CE,Combined TRACON& Tower with Radar,16,67,25,5,113,0,0,21,0,21,16,67,46,5,134,44,0,44,178
03/20/2006,HSV,AL,ASO,CE,Combined TRACON& Tower with Radar,19,67,15,0,101,0,0,0,0,0,19,67,15,0,101,2,0,2,103
03/21/2006,HSV,AL,ASO,CE,Combined TRACON& Tower with Radar,27,69,26,31,153,0,0,1,0,1,27,69,27,31,154,32,14,46,200
03/22/2006,HSV,AL,ASO,CE,Combined TRACON& Tower with Radar,19,76,41,52,188,0,0,30,0,30,19,76,71,52,218,67,84,151,369
03/23/2006,HSV,AL,ASO,CE,Combined TRACON& Tower with Radar,22,78,33,18,151,0,0,30,0,30,22,78,63,18,181,65,46,111,292
03/24/2006,HSV,AL,ASO,CE,Combined TRACON& Tower with Radar,22,73,44,41,180,0,0,30,2,32,22,73,74,43,212,55,129,184,396
03/25/2006,HSV,AL,ASO,CE,Combined TRACON& Tower with Radar,15,56,30,0,101,0,1,35,0,36,15,57,65,0,137,48,0,48,185
03/26/2006,HSV,AL,ASO,CE,Combined TRACON& Tower with Radar,14,73,52,7,146,0,0,63,1,64,14,73,115,8,210,49,0,49,259
03/27/2006,HSV,AL,ASO,CE,Combined TRACON& Tower with Radar,19,76,41,18,154,0,0,39,0,39,19,76,80,18,193,87,58,145,338
03/28/2006,HSV,AL,ASO,CE,Combined TRACON& Tower with Radar,18,81,25,22,146,0,0,12,0,12,18,81,37,22,158,49,36,85,243
03/29/2006,HSV,AL,ASO,CE,Combined TRACON& Tower with Radar,18,74,42,35,169,0,0,48,3,51,18,74,90,38,220,53,122,175,395
03/30/2006,HSV,AL,ASO,CE,Combined TRACON& Tower with Radar,20,75,43,30,168,0,0,33,0,33,20,75,76,30,201,43,23,66,267
03/31/2006,HSV,AL,ASO,CE,Combined TRACON& Tower with Radar,16,72,20,42,150,0,0,8,0,8,16,72,28,42,158,33,105,138,296
04/01/2006,HSV,AL,ASO,CE,Combined TRACON& Tower with Radar,16,54,36,3,109,0,0,26,0,26,16,54,62,3,135,36,0,36,171
04/02/2006,HSV,AL,ASO,CE,Combined TRACON& Tower with Radar,15,69,17,2,103,0,0,15,0,15,15,69,32,2,118,2,0,2,120
04/03/2006,HSV,AL,ASO,CE,Combined TRACON& Tower with Radar,23,74,23,11,131,0,2,9,2,13,23,76,32,13,144,35,4,39,183
04/04/2006,HSV,AL,ASO,CE,Combined TRACON& Tower with Radar,34,65,28,27,154,1,0,30,1,32,35,65,58,28,186,69,95,164,350
04/05/2006,HSV,AL,ASO,CE,Combined TRACON& Tower with Radar,20,78,56,28,182,0,0,46,2,48,20,78,102,30,230,93,49,142,372
04/06/2006,HSV,AL,ASO,CE,Combined TRACON& Tower with Radar,20,79,34,15,148,0,0,18,0,18,20,79,52,15,166,10,62,72,238
04/07/2006,HSV,AL,ASO,CE,Combined TRACON& Tower with Radar,14,73,31,11,129,0,0,4,0,4,14,73,35,11,133,41,26,67,200
04/08/2006,HSV,AL,ASO,CE,Combined TRACON& Tower with Radar,13,48,26,6,93,0,0,8,0,8,13,48,34,6,101,8,0,8,109
04/09/2006,HSV,AL,ASO,CE,Combined TRACON& Tower with Radar,14,69,31,13,127,0,0,39,0,39,14,69,70,13,166,21,12,33,199
04/10/2006,HSV,AL,ASO,CE,Combined TRACON& Tower with Radar,19,84,22,41,166,0,0,36,1,37,19,84,58,42,203,98,99,197,400
04/11/2006,HSV,AL,ASO,CE,Combined TRACON& Tower with Radar,22,76,33,37,168,0,0,37,2,39,22,76,70,39,207,73,164,237,444
04/12/2006,HSV,AL,ASO,CE,Combined TRACON& Tower with Radar,14,85,40,71,210,0,0,29,4,33,14,85,69,75,243,31,104,135,378
04/13/2006,HSV,AL,ASO,CE,Combined TRACON& Tower with Radar,19,80,46,38,183,0,1,29,3,33,19,81,75,41,216,64,105,169,385
04/14/2006,HSV,AL,ASO,CE,Combined TRACON& Tower with Radar,19,77,43,14,153,0,0,29,9,38,19,77,72,23,191,56,85,141,332
04/15/2006,HSV,AL,ASO,CE,Combined TRACON& Tower with Radar,13,53,14,0,80,0,0,36,0,36,13,53,50,0,116,69,2,71,187
04/16/2006,HSV,AL,ASO,CE,Combined TRACON& Tower with Radar,11,66,21,5,103,0,0,11,0,11,11,66,32,5,114,1,0,1,115
04/17/2006,HSV,AL,ASO,CE,Combined TRACON& Tower with Radar,17,83,25,34,159,0,0,29,0,29,17,83,54,34,188,40,210,250,438
04/18/2006,HSV,AL,ASO,CE,Combined TRACON& Tower with Radar,19,76,37,45,177,0,1,29,0,30,19,77,66,45,207,58,65,123,330
04/19/2006,HSV,AL,ASO,CE,Combined TRACON& Tower with Radar,16,85,38,37,176,0,0,22,2,24,16,85,60,39,200,43,57,100,300
04/20/2006,HSV,AL,ASO,CE,Combined TRACON& Tower with Radar,21,102,45,5,173,0,0,27,1,28,21,102,72,6,201,90,48,138,339
04/21/2006,HSV,AL,ASO,CE,Combined TRACON& Tower with Radar,18,79,25,4,126,0,0,2,2,4,18,79,27,6,130,1,7,8,138
04/22/2006,HSV,AL,ASO,CE,Combined TRACON& Tower with Radar,11,56,38,14,119,0,1,39,0,40,11,57,77,14,159,77,0,77,236
04/23/2006,HSV,AL,ASO,CE,Combined TRACON& Tower with Radar,13,71,18,11,113,0,0,29,1,30,13,71,47,12,143,51,0,51,194
04/24/2006,HSV,AL,ASO,CE,Combined TRACON& Tower with Radar,21,79,38,10,148,0,0,29,0,29,21,79,67,10,177,23,21,44,221
04/25/2006,HSV,AL,ASO,CE,Combined TRACON& Tower with Radar,18,82,33,31,164,0,1,24,1,26,18,83,57,32,190,22,98,120,310
04/26/2006,HSV,AL,ASO,CE,Combined TRACON& Tower with Radar,21,75,28,34,158,0,0,0,0,0,21,75,28,34,158,18,14,32,190
04/27/2006,HSV,AL,ASO,CE,Combined TRACON& Tower with Radar,22,78,26,31,157,0,0,52,6,58,22,78,78,37,215,65,44,109,324
04/28/2006,HSV,AL,ASO,CE,Combined TRACON& Tower with Radar,16,80,49,23,168,0,1,43,0,44,16,81,92,23,212,31,12,43,255
04/29/2006,HSV,AL,ASO,CE,Combined TRACON& Tower with Radar,12,55,30,5,102,0,0,14,0,14,12,55,44,5,116,17,6,23,139
04/30/2006,HSV,AL,ASO,CE,Combined TRACON& Tower with Radar,48,34,10,5,97,0,0,0,0,0,48,34,10,5,97,0,0,0,97
05/01/2006,HSV,AL,ASO,CE,Combined TRACON& Tower with Radar,18,83,23,34,158,0,0,34,0,34,18,83,57,34,192,32,135,167,359
05/02/2006,HSV,AL,ASO,CE,Combined TRACON& Tower with Radar,14,77,32,23,146,0,0,13,1,14,14,77,45,24,160,58,65,123,283
05/03/2006,HSV,AL,ASO,CE,Combined TRACON& Tower with Radar,18,87,37,21,163,0,0,19,1,20,18,87,56,22,183,73,80,153,336
05/04/2006,HSV,AL,ASO,CE,Combined TRACON& Tower with Radar,19,78,39,23,159,0,0,12,0,12,19,78,51,23,171,39,70,109,280
05/05/2006,HSV,AL,ASO,CE,Combined TRACON& Tower with Radar,16,80,53,34,183,0,0,7,0,7,16,80,60,34,190,20,2,22,212
05/06/2006,HSV,AL,ASO,CE,Combined TRACON& Tower with Radar,12,51,38,2,103,0,0,35,0,35,12,51,73,2,138,109,0,109,247
05/07/2006,HSV,AL,ASO,CE,Combined TRACON& Tower with Radar,13,73,27,41,154,0,0,6,1,7,13,73,33,42,161,31,0,31,192
05/08/2006,HSV,AL,ASO,CE,Combined TRACON& Tower with Radar,17,79,35,27,158,0,0,30,1,31,17,79,65,28,189,81,28,109,298
05/09/2006,HSV,AL,ASO,CE,Combined TRACON& Tower with Radar,17,91,39,40,187,0,1,3,0,4,17,92,42,40,191,56,118,174,365
05/10/2006,HSV,AL,ASO,CE,Combined TRACON& Tower with Radar,18,91,19,2,130,0,0,4,0,4,18,91,23,2,134,1,10,11,145
05/11/2006,HSV,AL,ASO,CE,Combined TRACON& Tower with Radar,18,75,41,6,140,0,0,18,1,19,18,75,59,7,159,35,8,43,202
05/12/2006,HSV,AL,ASO,CE,Combined TRACON& Tower with Radar,16,76,34,24,150,0,0,27,3,30,16,76,61,27,180,38,42,80,260
05/13/2006,HSV,AL,ASO,CE,Combined TRACON& Tower with Radar,14,51,33,6,104,0,2,34,1,37,14,53,67,7,141,44,1,45,186
05/14/2006,HSV,AL,ASO,CE,Combined TRACON& Tower with Radar,12,65,21,1,99,0,0,26,0,26,12,65,47,1,125,23,0,23,148
05/15/2006,HSV,AL,ASO,CE,Combined TRACON& Tower with Radar,18,77,33,47,175,0,0,17,1,18,18,77,50,48,193,47,45,92,285
05/16/2006,HSV,AL,ASO,CE,Combined TRACON& Tower with Radar,16,75,30,5,126,0,0,9,0,9,16,75,39,5,135,45,6,51,186
05/17/2006,HSV,AL,ASO,CE,Combined TRACON& Tower with Radar,18,84,38,15,155,0,0,15,1,16,18,84,53,16,171,55,33,88,259
05/18/2006,HSV,AL,ASO,CE,Combined TRACON& Tower with Radar,16,83,28,17,144,0,0,21,1,22,16,83,49,18,166,14,103,117,283
05/19/2006,HSV,AL,ASO,CE,Combined TRACON& Tower with Radar,19,72,52,34,177,0,0,15,1,16,19,72,67,35,193,85,83,168,361
05/20/2006,HSV,AL,ASO,CE,Combined TRACON& Tower with Radar,12,48,30,6,96,0,0,21,4,25,12,48,51,10,121,22,2,24,145
05/21/2006,HSV,AL,ASO,CE,Combined TRACON& Tower with Radar,16,66,25,4,111,0,0,30,0,30,16,66,55,4,141,44,0,44,185
05/22/2006,HSV,AL,ASO,CE,Combined TRACON& Tower with Radar,17,82,41,27,167,0,0,18,1,19,17,82,59,28,186,85,117,202,388
05/23/2006,HSV,AL,ASO,CE,Combined TRACON& Tower with Radar,15,75,42,31,163,0,0,48,2,50,15,75,90,33,213,86,160,246,459
05/24/2006,HSV,AL,ASO,CE,Combined TRACON& Tower with Radar,17,74,39,20,150,0,0,35,0,35,17,74,74,20,185,63,60,123,308
05/25/2006,HSV,AL,ASO,CE,Combined TRACON& Tower with Radar,19,86,30,29,164,0,0,24,2,26,19,86,54,31,190,41,32,73,263
05/26/2006,HSV,AL,ASO,CE,Combined TRACON& Tower with Radar,18,70,39,0,127,0,0,23,0,23,18,70,62,0,150,14,0,14,164
05/27/2006,HSV,AL,ASO,CE,Combined TRACON& Tower with Radar,14,47,23,5,89,0,0,25,0,25,14,47,48,5,114,50,0,50,164
05/28/2006,HSV,AL,ASO,CE,Combined TRACON& Tower with Radar,14,54,8,0,76,0,0,15,0,15,14,54,23,0,91,44,0,44,135
05/29/2006,HSV,AL,ASO,CE,Combined TRACON& Tower with Radar,9,67,37,0,113,0,0,19,0,19,9,67,56,0,132,25,0,25,157
05/30/2006,HSV,AL,ASO,CE,Combined TRACON& Tower with Radar,16,70,33,21,140,0,1,23,1,25,16,71,56,22,165,52,101,153,318
05/31/2006,HSV,AL,ASO,CE,Combined TRACON& Tower with Radar,19,76,41,34,170,0,0,14,5,19,19,76,55,39,189,51,109,160,349
06/01/2006,HSV,AL,ASO,CE,Combined TRACON& Tower with Radar,14,68,29,18,129,0,0,20,0,20,14,68,49,18,149,21,10,31,180
06/02/2006,HSV,AL,ASO,CE,Combined TRACON& Tower with Radar,24,77,41,29,171,0,0,15,1,16,24,77,56,30,187,22,31,53,240
06/03/2006,HSV,AL,ASO,CE,Combined TRACON& Tower with Radar,14,47,54,19,134,0,0,37,1,38,14,47,91,20,172,76,2,78,250
06/04/2006,HSV,AL,ASO,CE,Combined TRACON& Tower with Radar,13,66,23,14,116,0,0,29,0,29,13,66,52,14,145,18,15,33,178
06/05/2006,HSV,AL,ASO,CE,Combined TRACON& Tower with Radar,18,82,25,33,158,0,0,24,0,24,18,82,49,33,182,44,172,216,398
06/06/2006,HSV,AL,ASO,CE,Combined TRACON& Tower with Radar,15,77,31,39,162,0,0,36,0,36,15,77,67,39,198,83,111,194,392
06/07/2006,HSV,AL,ASO,CE,Combined TRACON& Tower with Radar,20,73,30,33,156,0,1,21,3,25,20,74,51,36,181,41,62,103,284
06/08/2006,HSV,AL,ASO,CE,Combined TRACON& Tower with Radar,16,80,34,16,146,0,0,23,3,26,16,80,57,19,172,47,64,111,283
06/09/2006,HSV,AL,ASO,CE,Combined TRACON& Tower with Radar,18,72,37,33,160,0,0,42,2,44,18,72,79,35,204,68,119,187,391
06/10/2006,HSV,AL,ASO,CE,Combined TRACON& Tower with Radar,10,66,28,6,110,0,0,38,0,38,10,66,66,6,148,81,0,81,229
06/11/2006,HSV,AL,ASO,CE,Combined TRACON& Tower with Radar,12,69,47,3,131,0,0,19,0,19,12,69,66,3,150,15,8,23,173
06/12/2006,HSV,AL,ASO,CE,Combined TRACON& Tower with Radar,18,89,38,33,178,0,0,12,0,12,18,89,50,33,190,45,150,195,385
06/13/2006,HSV,AL,ASO,CE,Combined TRACON& Tower with Radar,16,86,43,50,195,0,1,30,0,31,16,87,73,50,226,65,138,203,429
06/14/2006,HSV,AL,ASO,CE,Combined TRACON& Tower with Radar,18,80,41,20,159,0,0,30,5,35,18,80,71,25,194,34,20,54,248
06/15/2006,HSV,AL,ASO,CE,Combined TRACON& Tower with Radar,18,76,34,35,163,0,0,29,0,29,18,76,63,35,192,35,51,86,278
06/16/2006,HSV,AL,ASO,CE,Combined TRACON& Tower with Radar,18,76,36,40,170,0,0,25,1,26,18,76,61,41,196,27,95,122,318
06/17/2006,HSV,AL,ASO,CE,Combined TRACON& Tower with Radar,11,69,26,5,111,0,0,28,0,28,11,69,54,5,139,57,0,57,196
06/18/2006,HSV,AL,ASO,CE,Combined TRACON& Tower with Radar,14,70,28,9,121,0,0,17,0,17,14,70,45,9,138,12,26,38,176
06/19/2006,HSV,AL,ASO,CE,Combined TRACON& Tower with Radar,15,81,19,33,148,0,0,6,0,6,15,81,25,33,154,13,92,105,259
06/20/2006,HSV,AL,ASO,CE,Combined TRACON& Tower with Radar,16,81,24,29,150,0,0,36,1,37,16,81,60,30,187,61,32,93,280
06/21/2006,HSV,AL,ASO,CE,Combined TRACON& Tower with Radar,17,69,32,42,160,0,0,19,3,22,17,69,51,45,182,27,57,84,266
06/22/2006,HSV,AL,ASO,CE,Combined TRACON& Tower with Radar,19,73,22,27,141,0,1,20,3,24,19,74,42,30,165,26,62,88,253
06/23/2006,HSV,AL,ASO,CE,Combined TRACON& Tower with Radar,16,88,37,20,161,0,0,21,2,23,16,88,58,22,184,17,59,76,260
06/24/2006,HSV,AL,ASO,CE,Combined TRACON& Tower with Radar,16,57,26,3,102,0,0,21,0,21,16,57,47,3,123,24,0,24,147
06/25/2006,HSV,AL,ASO,CE,Combined TRACON& Tower with Radar,10,67,61,4,142,0,0,13,0,13,10,67,74,4,155,26,0,26,181
06/26/2006,HSV,AL,ASO,CE,Combined TRACON& Tower with Radar,20,79,44,28,171,0,0,8,1,9,20,79,52,29,180,27,37,64,244
06/27/2006,HSV,AL,ASO,CE,Combined TRACON& Tower with Radar,17,79,48,43,187,0,1,40,0,41,17,80,88,43,228,31,123,154,382
06/28/2006,HSV,AL,ASO,CE,Combined TRACON& Tower with Radar,19,83,47,31,180,0,1,17,3,21,19,84,64,34,201,84,77,161,362
06/29/2006,HSV,AL,ASO,CE,Combined TRACON& Tower with Radar,22,77,49,41,189,0,0,30,2,32,22,77,79,43,221,41,62,103,324
06/30/2006,HSV,AL,ASO,CE,Combined TRACON& Tower with Radar,21,77,42,35,175,0,0,35,1,36,21,77,77,36,211,32,83,115,326
07/01/2006,HSV,AL,ASO,CE,Combined TRACON& Tower with Radar,14,59,32,5,110,0,0,32,0,32,14,59,64,5,142,52,0,52,194
07/02/2006,HSV,AL,ASO,CE,Combined TRACON& Tower with Radar,11,70,16,4,101,0,0,28,0,28,11,70,44,4,129,10,0,10,139
07/03/2006,HSV,AL,ASO,CE,Combined TRACON& Tower with Radar,19,66,23,2,110,0,0,13,0,13,19,66,36,2,123,15,0,15,138
07/04/2006,HSV,AL,ASO,CE,Combined TRACON& Tower with Radar,9,63,25,0,97,0,0,26,0,26,9,63,51,0,123,35,0,35,158
07/05/2006,HSV,AL,ASO,CE,Combined TRACON& Tower with Radar,21,67,25,7,120,0,0,9,1,10,21,67,34,8,130,9,29,38,168
07/06/2006,HSV,AL,ASO,CE,Combined TRACON& Tower with Radar,22,75,50,98,245,0,1,25,1,27,22,76,75,99,272,58,177,235,507
07/07/2006,HSV,AL,ASO,CE,Combined TRACON& Tower with Radar,19,68,38,58,183,0,0,28,0,28,19,68,66,58,211,76,105,181,392
07/08/2006,HSV,AL,ASO,CE,Combined TRACON& Tower with Radar,12,55,25,19,111,0,0,32,2,34,12,55,57,21,145,118,23,141,286
07/09/2006,HSV,AL,ASO,CE,Combined TRACON& Tower with Radar,14,73,33,15,135,0,0,26,6,32,14,73,59,21,167,33,0,33,200
07/10/2006,HSV,AL,ASO,CE,Combined TRACON& Tower with Radar,19,71,22,62,174,0,0,14,2,16,19,71,36,64,190,47,98,145,335
07/11/2006,HSV,AL,ASO,CE,Combined TRACON& Tower with Radar,16,72,37,62,187,0,0,31,3,34,16,72,68,65,221,50,113,163,384
07/12/2006,HSV,AL,ASO,CE,Combined TRACON& Tower with Radar,23,73,29,31,156,0,0,19,0,19,23,73,48,31,175,33,88,121,296
07/13/2006,HSV,AL,ASO,CE,Combined TRACON& Tower with Radar,20,74,49,49,192,0,0,28,2,30,20,74,77,51,222,97,119,216,438
07/14/2006,HSV,AL,ASO,CE,Combined TRACON& Tower with Radar,20,64,23,46,153,0,0,0,0,0,20,64,23,46,153,43,30,73,226
07/15/2006,HSV,AL,ASO,CE,Combined TRACON& Tower with Radar,20,58,11,14,103,0,0,31,0,31,20,58,42,14,134,76,22,98,232
07/16/2006,HSV,AL,ASO,CE,Combined TRACON& Tower with Radar,13,73,23,4,113,0,0,26,0,26,13,73,49,4,139,14,0,14,153
07/17/2006,HSV,AL,ASO,CE,Combined TRACON& Tower with Radar,19,137,25,38,219,0,0,19,0,19,19,137,44,38,238,23,114,137,375
07/18/2006,HSV,AL,ASO,CE,Combined TRACON& Tower with Radar,17,79,37,17,150,0,0,30,4,34,17,79,67,21,184,27,32,59,243
07/19/2006,HSV,AL,ASO,CE,Combined TRACON& Tower with Radar,19,80,25,33,157,0,0,31,2,33,19,80,56,35,190,40,71,111,301
07/20/2006,HSV,AL,ASO,CE,Combined TRACON& Tower with Radar,19,80,41,19,159,0,0,23,1,24,19,80,64,20,183,26,85,111,294
07/21/2006,HSV,AL,ASO,CE,Combined TRACON& Tower with Radar,17,71,28,20,136,0,0,33,0,33,17,71,61,20,169,43,40,83,252
07/22/2006,HSV,AL,ASO,CE,Combined TRACON& Tower with Radar,11,61,25,0,97,0,0,11,0,11,11,61,36,0,108,28,0,28,136
07/23/2006,HSV,AL,ASO,CE,Combined TRACON& Tower with Radar,12,66,35,4,117,0,0,27,0,27,12,66,62,4,144,41,0,41,185
07/24/2006,HSV,AL,ASO,CE,Combined TRACON& Tower with Radar,27,66,21,35,149,0,0,30,3,33,27,66,51,38,182,37,96,133,315
07/25/2006,HSV,AL,ASO,CE,Combined TRACON& Tower with Radar,16,71,33,58,178,0,0,44,0,44,16,71,77,58,222,48,183,231,453
07/26/2006,HSV,AL,ASO,CE,Combined TRACON& Tower with Radar,19,74,33,49,175,0,0,22,0,22,19,74,55,49,197,38,122,160,357
07/27/2006,HSV,AL,ASO,CE,Combined TRACON& Tower with Radar,23,67,37,59,186,0,0,26,0,26,23,67,63,59,212,45,110,155,367
07/28/2006,HSV,AL,ASO,CE,Combined TRACON& Tower with Radar,22,73,32,25,152,0,0,18,0,18,22,73,50,25,170,29,69,98,268
07/29/2006,HSV,AL,ASO,CE,Combined TRACON& Tower with Radar,21,61,11,1,94,0,0,9,0,9,21,61,20,1,103,23,0,23,126
07/30/2006,HSV,AL,ASO,CE,Combined TRACON& Tower with Radar,10,65,36,4,115,0,0,32,1,33,10,65,68,5,148,29,19,48,196
07/31/2006,HSV,AL,ASO,CE,Combined TRACON& Tower with Radar,19,78,25,46,168,0,0,20,0,20,19,78,45,46,188,36,117,153,341
08/01/2006,HSV,AL,ASO,CE,Combined TRACON& Tower with Radar,22,86,31,57,196,0,0,16,3,19,22,86,47,60,215,40,171,211,426
08/02/2006,HSV,AL,ASO,CE,Combined TRACON& Tower with Radar,20,68,39,32,159,0,0,20,1,21,20,68,59,33,180,26,156,182,362
08/03/2006,HSV,AL,ASO,CE,Combined TRACON& Tower with Radar,20,86,36,37,179,0,8,16,1,25,20,94,52,38,204,44,152,196,400
08/04/2006,HSV,AL,ASO,CE,Combined TRACON& Tower with Radar,21,73,33,41,168,0,0,23,1,24,21,73,56,42,192,41,99,140,332
08/05/2006,HSV,AL,ASO,CE,Combined TRACON& Tower with Radar,14,57,40,0,111,0,0,33,0,33,14,57,73,0,144,92,2,94,238
08/06/2006,HSV,AL,ASO,CE,Combined TRACON& Tower with Radar,18,66,24,2,110,0,0,28,0,28,18,66,52,2,138,33,0,33,171
08/07/2006,HSV,AL,ASO,CE,Combined TRACON& Tower with Radar,17,74,16,19,126,0,0,20,0,20,17,74,36,19,146,36,11,47,193
08/08/2006,HSV,AL,ASO,CE,Combined TRACON& Tower with Radar,18,86,33,24,161,0,3,21,1,25,18,89,54,25,186,26,56,82,268
08/09/2006,HSV,AL,ASO,CE,Combined TRACON& Tower with Radar,26,79,30,42,177,0,0,26,0,26,26,79,56,42,203,93,63,156,359
08/10/2006,HSV,AL,ASO,CE,Combined TRACON& Tower with Radar,32,74,28,19,153,0,0,16,1,17,32,74,44,20,170,15,173,188,358
08/11/2006,HSV,AL,ASO,CE,Combined TRACON& Tower with Radar,19,74,32,9,134,0,0,8,1,9,19,74,40,10,143,11,9,20,163
08/12/2006,HSV,AL,ASO,CE,Combined TRACON& Tower with Radar,14,60,41,2,117,0,0,8,0,8,14,60,49,2,125,50,0,50,175
08/13/2006,HSV,AL,ASO,CE,Combined TRACON& Tower with Radar,12,70,24,1,107,0,0,15,0,15,12,70,39,1,122,2,0,2,124
08/14/2006,HSV,AL,ASO,CE,Combined TRACON& Tower with Radar,17,77,23,13,130,0,0,20,0,20,17,77,43,13,150,21,8,29,179
08/15/2006,HSV,AL,ASO,CE,Combined TRACON& Tower with Radar,19,77,55,13,164,0,0,22,0,22,19,77,77,13,186,70,2,72,258
08/16/2006,HSV,AL,ASO,CE,Combined TRACON& Tower with Radar,18,79,38,38,173,0,0,30,1,31,18,79,68,39,204,41,29,70,274
08/17/2006,HSV,AL,ASO,CE,Combined TRACON& Tower with Radar,19,65,48,59,191,0,0,24,2,26,19,65,72,61,217,60,113,173,390
08/18/2006,HSV,AL,ASO,CE,Combined TRACON& Tower with Radar,18,78,35,23,154,0,0,32,4,36,18,78,67,27,190,46,20,66,256
08/19/2006,HSV,AL,ASO,CE,Combined TRACON& Tower with Radar,12,58,24,0,94,0,0,42,0,42,12,58,66,0,136,86,0,86,222
08/20/2006,HSV,AL,ASO,CE,Combined TRACON& Tower with Radar,25,73,18,2,118,0,0,11,0,11,25,73,29,2,129,2,0,2,131
08/21/2006,HSV,AL,ASO,CE,Combined TRACON& Tower with Radar,21,82,34,34,171,0,0,5,1,6,21,82,39,35,177,35,70,105,282
08/22/2006,HSV,AL,ASO,CE,Combined TRACON& Tower with Radar,18,77,52,27,174,0,0,5,2,7,18,77,57,29,181,46,35,81,262
08/23/2006,HSV,AL,ASO,CE,Combined TRACON& Tower with Radar,21,74,52,44,191,0,0,23,1,24,21,74,75,45,215,70,163,233,448
08/24/2006,HSV,AL,ASO,CE,Combined TRACON& Tower with Radar,20,82,42,23,167,0,0,27,1,28,20,82,69,24,195,19,97,116,311
08/25/2006,HSV,AL,ASO,CE,Combined TRACON& Tower with Radar,18,89,47,12,166,0,0,17,0,17,18,89,64,12,183,62,73,135,318
08/26/2006,HSV,AL,ASO,CE,Combined TRACON& Tower with Radar,12,54,35,25,126,0,0,26,0,26,12,54,61,25,152,110,25,135,287
08/27/2006,HSV,AL,ASO,CE,Combined TRACON& Tower with Radar,11,64,22,2,99,0,0,28,5,33,11,64,50,7,132,70,2,72,204
08/28/2006,HSV,AL,ASO,CE,Combined TRACON& Tower with Radar,21,74,25,40,160,0,0,13,0,13,21,74,38,40,173,14,106,120,293
08/29/2006,HSV,AL,ASO,CE,Combined TRACON& Tower with Radar,19,76,51,34,180,0,0,15,6,21,19,76,66,40,201,45,22,67,268
08/30/2006,HSV,AL,ASO,CE,Combined TRACON& Tower with Radar,19,71,46,6,142,0,0,15,0,15,19,71,61,6,157,34,3,37,194
08/31/2006,HSV,AL,ASO,CE,Combined TRACON& Tower with Radar,20,78,53,49,200,0,0,20,0,20,20,78,73,49,220,71,41,112,332
09/01/2006,HSV,AL,ASO,CE,Combined TRACON& Tower with Radar,17,74,41,15,147,0,0,26,1,27,17,74,67,16,174,13,0,13,187
09/02/2006,HSV,AL,ASO,CE,Combined TRACON& Tower with Radar,14,55,32,0,101,0,0,22,0,22,14,55,54,0,123,43,0,43,166
09/03/2006,HSV,AL,ASO,CE,Combined TRACON& Tower with Radar,11,55,26,0,92,0,0,28,0,28,11,55,54,0,120,19,0,19,139
09/04/2006,HSV,AL,ASO,CE,Combined TRACON& Tower with Radar,15,68,33,6,122,0,0,16,0,16,15,68,49,6,138,5,0,5,143
09/05/2006,HSV,AL,ASO,CE,Combined TRACON& Tower with Radar,17,71,24,32,144,0,0,18,0,18,17,71,42,32,162,46,106,152,314
09/06/2006,HSV,AL,ASO,CE,Combined TRACON& Tower with Radar,16,80,15,17,128,0,0,21,0,21,16,80,36,17,149,19,100,119,268
09/07/2006,HSV,AL,ASO,CE,Combined TRACON& Tower with Radar,17,89,31,47,184,0,0,24,0,24,17,89,55,47,208,69,185,254,462
09/08/2006,HSV,AL,ASO,CE,Combined TRACON& Tower with Radar,16,75,45,4,140,0,0,33,1,34,16,75,78,5,174,27,20,47,221
09/09/2006,HSV,AL,ASO,CE,Combined TRACON& Tower with Radar,11,50,33,9,103,0,0,17,0,17,11,50,50,9,120,41,0,41,161
09/10/2006,HSV,AL,ASO,CE,Combined TRACON& Tower with Radar,12,63,28,12,115,0,0,26,0,26,12,63,54,12,141,30,0,30,171
09/11/2006,HSV,AL,ASO,CE,Combined TRACON& Tower with Radar,15,73,38,30,156,0,0,19,0,19,15,73,57,30,175,54,142,196,371
09/12/2006,HSV,AL,ASO,CE,Combined TRACON& Tower with Radar,16,69,19,9,113,0,0,1,0,1,16,69,20,9,114,9,0,9,123
09/13/2006,HSV,AL,ASO,CE,Combined TRACON& Tower with Radar,16,68,60,60,204,0,0,27,0,27,16,68,87,60,231,136,91,227,458
09/14/2006,HSV,AL,ASO,CE,Combined TRACON& Tower with Radar,18,79,56,53,206,0,0,36,0,36,18,79,92,53,242,49,148,197,439
09/15/2006,HSV,AL,ASO,CE,Combined TRACON& Tower with Radar,19,80,64,30,193,0,0,44,0,44,19,80,108,30,237,85,76,161,398
09/16/2006,HSV,AL,ASO,CE,Combined TRACON& Tower with Radar,9,51,46,18,124,0,0,30,1,31,9,51,76,19,155,75,13,88,243
09/17/2006,HSV,AL,ASO,CE,Combined TRACON& Tower with Radar,11,60,32,28,131,0,1,20,0,21,11,61,52,28,152,68,14,82,234
09/18/2006,HSV,AL,ASO,CE,Combined TRACON& Tower with Radar,17,78,25,23,143,0,0,1,0,1,17,78,26,23,144,17,10,27,171
09/19/2006,HSV,AL,ASO,CE,Combined TRACON& Tower with Radar,12,71,41,44,168,0,0,22,3,25,12,71,63,47,193,79,184,263,456
09/20/2006,HSV,AL,ASO,CE,Combined TRACON& Tower with Radar,17,71,43,23,154,0,0,35,1,36,17,71,78,24,190,35,145,180,370
09/21/2006,HSV,AL,ASO,CE,Combined TRACON& Tower with Radar,15,79,33,47,174,0,0,42,2,44,15,79,75,49,218,52,122,174,392
09/22/2006,HSV,AL,ASO,CE,Combined TRACON& Tower with Radar,16,78,34,10,138,0,0,0,0,0,16,78,34,10,138,25,0,25,163
09/23/2006,HSV,AL,ASO,CE,Combined TRACON& Tower with Radar,8,43,24,2,77,0,0,9,0,9,8,43,33,2,86,14,0,14,100
09/24/2006,HSV,AL,ASO,CE,Combined TRACON& Tower with Radar,13,77,11,3,104,0,0,10,0,10,13,77,21,3,114,33,0,33,147
09/25/2006,HSV,AL,ASO,CE,Combined TRACON& Tower with Radar,13,74,34,15,136,0,0,26,1,27,13,74,60,16,163,40,123,163,326
09/26/2006,HSV,AL,ASO,CE,Combined TRACON& Tower with Radar,15,76,30,18,139,0,0,36,1,37,15,76,66,19,176,46,114,160,336
09/27/2006,HSV,AL,ASO,CE,Combined TRACON& Tower with Radar,17,75,36,17,145,0,0,26,2,28,17,75,62,19,173,61,99,160,333
09/28/2006,HSV,AL,ASO,CE,Combined TRACON& Tower with Radar,15,80,23,4,122,0,0,9,3,12,15,80,32,7,134,10,0,10,144
09/29/2006,HSV,AL,ASO,CE,Combined TRACON& Tower with Radar,18,72,35,13,138,0,0,56,1,57,18,72,91,14,195,75,23,98,293
09/30/2006,HSV,AL,ASO,CE,Combined TRACON& Tower with Radar,11,54,41,2,108,0,0,46,0,46,11,54,87,2,154,82,0,82,236
10/01/2006,HSV,AL,ASO,CE,Combined TRACON& Tower with Radar,9,62,27,2,100,0,3,22,0,25,9,65,49,2,125,22,0,22,147
10/02/2006,HSV,AL,ASO,CE,Combined TRACON& Tower with Radar,18,71,12,11,112,0,2,38,0,40,18,73,50,11,152,7,86,93,245
10/03/2006,HSV,AL,ASO,CE,Combined TRACON& Tower with Radar,13,74,47,32,166,0,0,27,3,30,13,74,74,35,196,56,129,185,381
10/04/2006,HSV,AL,ASO,CE,Combined TRACON& Tower with Radar,15,81,30,47,173,0,0,33,0,33,15,81,63,47,206,61,165,226,432
10/05/2006,HSV,AL,ASO,CE,Combined TRACON& Tower with Radar,15,76,30,29,150,0,0,20,3,23,15,76,50,32,173,21,89,110,283
10/06/2006,HSV,AL,ASO,CE,Combined TRACON& Tower with Radar,17,77,34,33,161,0,0,19,0,19,17,77,53,33,180,44,53,97,277
10/07/2006,HSV,AL,ASO,CE,Combined TRACON& Tower with Radar,9,51,34,7,101,0,0,31,0,31,9,51,65,7,132,17,24,41,173
10/08/2006,HSV,AL,ASO,CE,Combined TRACON& Tower with Radar,12,64,36,0,112,0,0,23,0,23,12,64,59,0,135,43,0,43,178
10/09/2006,HSV,AL,ASO,CE,Combined TRACON& Tower with Radar,17,77,18,7,119,0,0,32,1,33,17,77,50,8,152,53,46,99,251
10/10/2006,HSV,AL,ASO,CE,Combined TRACON& Tower with Radar,16,68,33,39,156,0,2,22,1,25,16,70,55,40,181,56,116,172,353
10/11/2006,HSV,AL,ASO,CE,Combined TRACON& Tower with Radar,21,76,40,23,160,0,0,26,4,30,21,76,66,27,190,45,146,191,381
10/12/2006,HSV,AL,ASO,CE,Combined TRACON& Tower with Radar,13,73,38,40,164,0,0,23,2,25,13,73,61,42,189,56,101,157,346
10/13/2006,HSV,AL,ASO,CE,Combined TRACON& Tower with Radar,15,72,52,44,183,0,0,21,0,21,15,72,73,44,204,56,64,120,324
10/14/2006,HSV,AL,ASO,CE,Combined TRACON& Tower with Radar,10,50,29,37,126,0,0,38,0,38,10,50,67,37,164,29,25,54,218
10/15/2006,HSV,AL,ASO,CE,Combined TRACON& Tower with Radar,11,63,29,17,120,0,0,32,0,32,11,63,61,17,152,42,0,42,194
10/16/2006,HSV,AL,ASO,CE,Combined TRACON& Tower with Radar,17,72,23,20,132,0,0,3,0,3,17,72,26,20,135,14,25,39,174
10/17/2006,HSV,AL,ASO,CE,Combined TRACON& Tower with Radar,14,70,26,44,154,0,0,1,0,1,14,70,27,44,155,33,66,99,254
10/18/2006,HSV,AL,ASO,CE,Combined TRACON& Tower with Radar,20,79,58,38,195,0,0,19,0,19,20,79,77,38,214,63,6,69,283
10/19/2006,HSV,AL,ASO,CE,Combined TRACON& Tower with Radar,14,78,27,26,145,0,0,0,0,0,14,78,27,26,145,14,0,14,159
10/20/2006,HSV,AL,ASO,CE,Combined TRACON& Tower with Radar,18,82,28,42,170,0,0,12,0,12,18,82,40,42,182,39,28,67,249
10/21/2006,HSV,AL,ASO,CE,Combined TRACON& Tower with Radar,10,50,46,22,128,0,1,33,3,37,10,51,79,25,165,54,51,105,270
10/22/2006,HSV,AL,ASO,CE,Combined TRACON& Tower with Radar,10,64,35,12,121,0,0,18,0,18,10,64,53,12,139,14,6,20,159
10/23/2006,HSV,AL,ASO,CE,Combined TRACON& Tower with Radar,12,76,34,55,177,0,0,17,1,18,12,76,51,56,195,77,136,213,408
10/24/2006,HSV,AL,ASO,CE,Combined TRACON& Tower with Radar,16,73,62,39,190,0,0,16,2,18,16,73,78,41,208,80,158,238,446
10/25/2006,HSV,AL,ASO,CE,Combined TRACON& Tower with Radar,19,73,50,41,183,0,0,11,0,11,19,73,61,41,194,45,192,237,431
10/26/2006,HSV,AL,ASO,CE,Combined TRACON& Tower with Radar,16,77,36,86,215,0,0,11,1,12,16,77,47,87,227,68,163,231,458
10/27/2006,HSV,AL,ASO,CE,Combined TRACON& Tower with Radar,17,79,15,3,114,0,0,1,0,1,17,79,16,3,115,2,0,2,117
10/28/2006,HSV,AL,ASO,CE,Combined TRACON& Tower with Radar,9,48,35,6,98,0,0,37,2,39,9,48,72,8,137,66,0,66,203
10/29/2006,HSV,AL,ASO,CE,Combined TRACON& Tower with Radar,15,65,38,2,120,0,0,46,0,46,15,65,84,2,166,59,0,59,225
10/30/2006,HSV,AL,ASO,CE,Combined TRACON& Tower with Radar,16,72,48,11,147,0,0,10,0,10,16,72,58,11,157,48,45,93,250
10/31/2006,HSV,AL,ASO,CE,Combined TRACON& Tower with Radar,14,66,32,48,160,0,0,11,0,11,14,66,43,48,171,41,167,208,379
11/01/2006,HSV,AL,ASO,CE,Combined TRACON& Tower with Radar,13,81,45,37,176,0,0,1,0,1,13,81,46,37,177,16,106,122,299
11/02/2006,HSV,AL,ASO,CE,Combined TRACON& Tower with Radar,14,84,30,42,170,0,0,36,0,36,14,84,66,42,206,93,163,256,462
11/03/2006,HSV,AL,ASO,CE,Combined TRACON& Tower with Radar,16,76,48,18,158,0,0,38,3,41,16,76,86,21,199,33,7,40,239
11/04/2006,HSV,AL,ASO,CE,Combined TRACON& Tower with Radar,9,47,25,0,81,0,0,40,0,40,9,47,65,0,121,35,0,35,156
11/05/2006,HSV,AL,ASO,CE,Combined TRACON& Tower with Radar,12,61,45,12,130,0,0,25,0,25,12,61,70,12,155,18,0,18,173
11/06/2006,HSV,AL,ASO,CE,Combined TRACON& Tower with Radar,15,69,21,27,132,0,0,14,1,15,15,69,35,28,147,18,99,117,264
11/07/2006,HSV,AL,ASO,CE,Combined TRACON& Tower with Radar,18,72,23,34,147,0,0,2,0,2,18,72,25,34,149,24,17,41,190
11/08/2006,HSV,AL,ASO,CE,Combined TRACON& Tower with Radar,15,81,49,22,167,0,0,14,5,19,15,81,63,27,186,44,50,94,280
11/09/2006,HSV,AL,ASO,CE,Combined TRACON& Tower with Radar,17,80,48,31,176,0,0,28,0,28,17,80,76,31,204,117,53,170,374
11/10/2006,HSV,AL,ASO,CE,Combined TRACON& Tower with Radar,15,82,42,2,141,0,0,33,0,33,15,82,75,2,174,55,0,55,229
11/11/2006,HSV,AL,ASO,CE,Combined TRACON& Tower with Radar,12,56,24,2,94,0,0,2,0,2,12,56,26,2,96,17,0,17,113
11/12/2006,HSV,AL,ASO,CE,Combined TRACON& Tower with Radar,13,66,33,9,121,0,0,27,1,28,13,66,60,10,149,107,10,117,266
11/13/2006,HSV,AL,ASO,CE,Combined TRACON& Tower with Radar,17,70,22,30,139,0,0,24,0,24,17,70,46,30,163,17,50,67,230
11/14/2006,HSV,AL,ASO,CE,Combined TRACON& Tower with Radar,18,69,38,37,162,0,0,14,0,14,18,69,52,37,176,15,237,252,428
11/15/2006,HSV,AL,ASO,CE,Combined TRACON& Tower with Radar,12,68,24,10,114,0,0,0,0,0,12,68,24,10,114,0,34,34,148
11/16/2006,HSV,AL,ASO,CE,Combined TRACON& Tower with Radar,17,72,23,20,132,0,0,3,0,3,17,72,26,20,135,14,25,39,174
11/17/2006,HSV,AL,ASO,CE,Combined TRACON& Tower with Radar,15,75,51,20,161,0,0,43,10,53,15,75,94,30,214,32,3,35,249
11/18/2006,HSV,AL,ASO,CE,Combined TRACON& Tower with Radar,9,54,33,9,105,0,0,39,0,39,9,54,72,9,144,30,60,90,234
11/19/2006,HSV,AL,ASO,CE,Combined TRACON& Tower with Radar,11,61,25,5,102,0,0,17,0,17,11,61,42,5,119,17,0,17,136
11/20/2006,HSV,AL,ASO,CE,Combined TRACON& Tower with Radar,15,73,37,18,143,0,0,24,0,24,15,73,61,18,167,23,39,62,229
11/21/2006,HSV,AL,ASO,CE,Combined TRACON& Tower with Radar,16,79,47,38,180,0,0,39,1,40,16,79,86,39,220,59,8,67,287
11/22/2006,HSV,AL,ASO,CE,Combined TRACON& Tower with Radar,14,80,39,12,145,0,0,33,0,33,14,80,72,12,178,44,24,68,246
11/23/2006,HSV,AL,ASO,CE,Combined TRACON& Tower with Radar,8,45,5,0,58,0,0,12,0,12,8,45,17,0,70,0,0,0,70
11/24/2006,HSV,AL,ASO,CE,Combined TRACON& Tower with Radar,11,46,27,0,84,0,0,34,0,34,11,46,61,0,118,18,0,18,136
11/25/2006,HSV,AL,ASO,CE,Combined TRACON& Tower with Radar,8,55,25,0,88,0,0,32,0,32,8,55,57,0,120,9,0,9,129
11/26/2006,HSV,AL,ASO,CE,Combined TRACON& Tower with Radar,14,66,38,1,119,0,0,40,0,40,14,66,78,1,159,74,0,74,233
11/27/2006,HSV,AL,ASO,CE,Combined TRACON& Tower with Radar,17,78,31,35,161,0,0,23,0,23,17,78,54,35,184,33,66,99,283
11/28/2006,HSV,AL,ASO,CE,Combined TRACON& Tower with Radar,14,84,44,35,177,0,0,9,0,9,14,84,53,35,186,15,70,85,271
11/29/2006,HSV,AL,ASO,CE,Combined TRACON& Tower with Radar,17,78,31,46,172,0,0,6,2,8,17,78,37,48,180,23,103,126,306
11/30/2006,HSV,AL,ASO,CE,Combined TRACON& Tower with Radar,15,80,21,50,166,0,0,0,0,0,15,80,21,50,166,23,111,134,300
12/01/2006,HSV,AL,ASO,CE,Combined TRACON& Tower with Radar,15,70,12,7,104,0,0,14,2,16,15,70,26,9,120,14,4,18,138
12/02/2006,HSV,AL,ASO,CE,Combined TRACON& Tower with Radar,12,46,28,0,86,0,0,30,0,30,12,46,58,0,116,12,0,12,128
12/03/2006,HSV,AL,ASO,CE,Combined TRACON& Tower with Radar,12,61,25,14,112,0,0,36,0,36,12,61,61,14,148,53,8,61,209
12/04/2006,HSV,AL,ASO,CE,Combined TRACON& Tower with Radar,20,77,14,31,142,0,0,15,3,18,20,77,29,34,160,8,73,81,241
12/05/2006,HSV,AL,ASO,CE,Combined TRACON& Tower with Radar,23,70,35,54,182,0,0,18,5,23,23,70,53,59,205,30,102,132,337
12/06/2006,HSV,AL,ASO,CE,Combined TRACON& Tower with Radar,17,70,35,20,142,0,0,13,0,13,17,70,48,20,155,32,38,70,225
12/07/2006,HSV,AL,ASO,CE,Combined TRACON& Tower with Radar,18,80,33,47,178,0,0,10,0,10,18,80,43,47,188,22,96,118,306
12/08/2006,HSV,AL,ASO,CE,Combined TRACON& Tower with Radar,18,73,46,18,155,0,1,14,1,16,18,74,60,19,171,64,15,79,250
12/09/2006,HSV,AL,ASO,CE,Combined TRACON& Tower with Radar,13,48,23,0,84,0,1,35,0,36,13,49,58,0,120,100,0,100,220
12/10/2006,HSV,AL,ASO,CE,Combined TRACON& Tower with Radar,22,62,31,0,115,0,0,27,0,27,22,62,58,0,142,93,0,93,235
12/11/2006,HSV,AL,ASO,CE,Combined TRACON& Tower with Radar,17,67,29,35,148,0,0,31,4,35,17,67,60,39,183,51,150,201,384
12/12/2006,HSV,AL,ASO,CE,Combined TRACON& Tower with Radar,18,71,29,27,145,0,1,5,0,6,18,72,34,27,151,16,63,79,230
12/13/2006,HSV,AL,ASO,CE,Combined TRACON& Tower with Radar,18,74,45,54,191,0,2,24,0,26,18,76,69,54,217,65,74,139,356
12/14/2006,HSV,AL,ASO,CE,Combined TRACON& Tower with Radar,17,63,30,34,144,0,0,19,0,19,17,63,49,34,163,38,37,75,238
12/15/2006,HSV,AL,ASO,CE,Combined TRACON& Tower with Radar,17,78,27,53,175,0,0,17,0,17,17,78,44,53,192,56,75,131,323
12/16/2006,HSV,AL,ASO,CE,Combined TRACON& Tower with Radar,11,49,31,0,91,0,0,32,2,34,11,49,63,2,125,18,0,18,143
12/17/2006,HSV,AL,ASO,CE,Combined TRACON& Tower with Radar,8,61,24,2,95,0,1,31,2,34,8,62,55,4,129,11,0,11,140
12/18/2006,HSV,AL,ASO,CE,Combined TRACON& Tower with Radar,23,70,31,37,161,0,0,32,2,34,23,70,63,39,195,20,265,285,480
12/19/2006,HSV,AL,ASO,CE,Combined TRACON& Tower with Radar,18,77,37,8,140,0,0,10,0,10,18,77,47,8,150,27,32,59,209
12/20/2006,HSV,AL,ASO,CE,Combined TRACON& Tower with Radar,16,84,31,18,149,0,1,19,1,21,16,85,50,19,170,34,18,52,222
12/21/2006,HSV,AL,ASO,CE,Combined TRACON& Tower with Radar,14,77,32,69,192,0,1,2,2,5,14,78,34,71,197,31,107,138,335
12/22/2006,HSV,AL,ASO,CE,Combined TRACON& Tower with Radar,16,80,34,0,130,0,0,1,0,1,16,80,35,0,131,0,0,0,131
12/23/2006,HSV,AL,ASO,CE,Combined TRACON& Tower with Radar,8,60,34,0,102,0,0,46,0,46,8,60,80,0,148,59,1,60,208
12/24/2006,HSV,AL,ASO,CE,Combined TRACON& Tower with Radar,10,46,14,0,70,0,0,8,0,8,10,46,22,0,78,10,0,10,88
12/25/2006,HSV,AL,ASO,CE,Combined TRACON& Tower with Radar,9,55,14,0,78,0,0,0,0,0,9,55,14,0,78,4,0,4,82
12/26/2006,HSV,AL,ASO,CE,Combined TRACON& Tower with Radar,15,77,17,0,109,0,0,2,0,2,15,77,19,0,111,0,0,0,111
12/27/2006,HSV,AL,ASO,CE,Combined TRACON& Tower with Radar,14,68,26,8,116,0,1,38,0,39,14,69,64,8,155,35,41,76,231
12/28/2006,HSV,AL,ASO,CE,Combined TRACON& Tower with Radar,17,68,33,20,138,0,0,23,0,23,17,68,56,20,161,15,23,38,199
12/29/2006,HSV,AL,ASO,CE,Combined TRACON& Tower with Radar,11,62,42,7,122,0,0,29,0,29,11,62,71,7,151,26,2,28,179
12/30/2006,HSV,AL,ASO,CE,Combined TRACON& Tower with Radar,6,51,16,0,73,0,0,7,0,7,6,51,23,0,80,22,0,22,102
12/31/2006,HSV,AL,ASO,CE,Combined TRACON& Tower with Radar,8,43,10,0,61,0,0,6,0,6,8,43,16,0,67,6,0,6,73
01/01/2007,HSV,AL,ASO,CE,Combined TRACON& Tower with Radar,7,62,18,0,87,0,0,5,0,5,7,62,23,0,92,0,0,0,92
01/02/2007,HSV,AL,ASO,CE,Combined TRACON& Tower with Radar,14,67,23,4,108,0,0,31,0,31,14,67,54,4,139,38,0,38,177
01/03/2007,HSV,AL,ASO,CE,Combined TRACON& Tower with Radar,13,69,23,8,113,0,0,26,2,28,13,69,49,10,141,17,18,35,176
01/04/2007,HSV,AL,ASO,CE,Combined TRACON& Tower with Radar,15,76,29,61,181,0,0,0,0,0,15,76,29,61,181,41,0,41,222
01/05/2007,HSV,AL,ASO,CE,Combined TRACON& Tower with Radar,22,68,29,28,147,0,0,4,0,4,22,68,33,28,151,16,36,52,203
01/06/2007,HSV,AL,ASO,CE,Combined TRACON& Tower with Radar,11,44,44,0,99,0,0,8,0,8,11,44,52,0,107,57,0,57,164
01/07/2007,HSV,AL,ASO,CE,Combined TRACON& Tower with Radar,15,71,12,2,100,0,0,0,0,0,15,71,12,2,100,4,0,4,104
01/08/2007,HSV,AL,ASO,CE,Combined TRACON& Tower with Radar,15,74,22,51,162,0,0,23,1,24,15,74,45,52,186,45,140,185,371
01/09/2007,HSV,AL,ASO,CE,Combined TRACON& Tower with Radar,16,67,31,52,166,0,0,12,3,15,16,67,43,55,181,11,38,49,230
01/10/2007,HSV,AL,ASO,CE,Combined TRACON& Tower with Radar,13,76,29,25,143,0,0,31,4,35,13,76,60,29,178,41,30,71,249
01/11/2007,HSV,AL,ASO,CE,Combined TRACON& Tower with Radar,16,67,47,27,157,0,0,28,1,29,16,67,75,28,186,45,72,117,303
01/12/2007,HSV,AL,ASO,CE,Combined TRACON& Tower with Radar,17,74,22,21,134,0,0,9,0,9,17,74,31,21,143,61,188,249,392
01/13/2007,HSV,AL,ASO,CE,Combined TRACON& Tower with Radar,5,46,35,3,89,0,0,31,2,33,5,46,66,5,122,17,8,25,147
01/14/2007,HSV,AL,ASO,CE,Combined TRACON& Tower with Radar,8,58,15,11,92,0,0,16,0,16,8,58,31,11,108,54,26,80,188
01/15/2007,HSV,AL,ASO,CE,Combined TRACON& Tower with Radar,15,69,26,1,111,0,0,0,0,0,15,69,26,1,111,6,0,6,117
01/16/2007,HSV,AL,ASO,CE,Combined TRACON& Tower with Radar,17,75,26,8,126,0,0,1,2,3,17,75,27,10,129,8,62,70,199
01/17/2007,HSV,AL,ASO,CE,Combined TRACON& Tower with Radar,11,63,27,37,138,0,0,23,0,23,11,63,50,37,161,37,156,193,354
01/18/2007,HSV,AL,ASO,CE,Combined TRACON& Tower with Radar,14,64,23,35,136,0,0,3,0,3,14,64,26,35,139,48,2,50,189
01/19/2007,HSV,AL,ASO,CE,Combined TRACON& Tower with Radar,16,67,34,29,146,0,0,21,0,21,16,67,55,29,167,33,30,63,230
01/20/2007,HSV,AL,ASO,CE,Combined TRACON& Tower with Radar,10,45,55,47,157,0,0,41,0,41,10,45,96,47,198,123,23,146,344
01/21/2007,HSV,AL,ASO,CE,Combined TRACON& Tower with Radar,9,56,4,7,76,0,0,0,0,0,9,56,4,7,76,1,0,1,77
01/22/2007,HSV,AL,ASO,CE,Combined TRACON& Tower with Radar,15,72,34,22,143,0,0,4,0,4,15,72,38,22,147,38,63,101,248
01/23/2007,HSV,AL,ASO,CE,Combined TRACON& Tower with Radar,16,65,28,48,157,0,0,21,2,23,16,65,49,50,180,34,133,167,347
01/24/2007,HSV,AL,ASO,CE,Combined TRACON& Tower with Radar,16,69,39,44,168,0,0,20,4,24,16,69,59,48,192,51,107,158,350
01/25/2007,HSV,AL,ASO,CE,Combined TRACON& Tower with Radar,15,75,37,26,153,0,0,14,0,14,15,75,51,26,167,88,34,122,289
01/26/2007,HSV,AL,ASO,CE,Combined TRACON& Tower with Radar,17,71,54,53,195,0,0,35,3,38,17,71,89,56,233,39,95,134,367
01/27/2007,HSV,AL,ASO,CE,Combined TRACON& Tower with Radar,10,48,35,26,119,0,0,40,0,40,10,48,75,26,159,83,6,89,248
01/28/2007,HSV,AL,ASO,CE,Combined TRACON& Tower with Radar,8,64,25,10,107,0,0,9,1,10,8,64,34,11,117,4,0,4,121
01/29/2007,HSV,AL,ASO,CE,Combined TRACON& Tower with Radar,24,64,22,53,163,0,0,24,1,25,24,64,46,54,188,32,56,88,276
01/30/2007,HSV,AL,ASO,CE,Combined TRACON& Tower with Radar,16,71,39,35,161,0,0,9,1,10,16,71,48,36,171,51,134,185,356
01/31/2007,HSV,AL,ASO,CE,Combined TRACON& Tower with Radar,15,74,50,43,182,0,0,14,1,15,15,74,64,44,197,60,132,192,389
02/01/2007,HSV,AL,ASO,CE,Combined TRACON& Tower with Radar,12,59,12,9,92,0,0,0,0,0,12,59,12,9,92,11,0,11,103
02/02/2007,HSV,AL,ASO,CE,Combined TRACON& Tower with Radar,17,78,33,10,138,0,0,3,0,3,17,78,36,10,141,5,0,5,146
02/03/2007,HSV,AL,ASO,CE,Combined TRACON& Tower with Radar,9,53,11,8,81,0,0,33,0,33,9,53,44,8,114,94,2,96,210
02/04/2007,HSV,AL,ASO,CE,Combined TRACON& Tower with Radar,9,63,21,2,95,0,0,12,2,14,9,63,33,4,109,55,0,55,164
02/05/2007,HSV,AL,ASO,CE,Combined TRACON& Tower with Radar,19,71,23,22,135,0,0,28,0,28,19,71,51,22,163,45,16,61,224
02/06/2007,HSV,AL,ASO,CE,Combined TRACON& Tower with Radar,16,59,15,31,121,0,0,19,1,20,16,59,34,32,141,65,82,147,288
02/07/2007,HSV,AL,ASO,CE,Combined TRACON& Tower with Radar,14,71,44,24,153,0,0,35,0,35,14,71,79,24,188,40,120,160,348
02/08/2007,HSV,AL,ASO,CE,Combined TRACON& Tower with Radar,15,71,38,28,152,0,0,12,3,15,15,71,50,31,167,64,110,174,341
02/09/2007,HSV,AL,ASO,CE,Combined TRACON& Tower with Radar,17,67,17,13,114,0,0,10,0,10,17,67,27,13,124,6,0,6,130
02/10/2007,HSV,AL,ASO,CE,Combined TRACON& Tower with Radar,9,48,19,35,111,0,0,35,1,36,9,48,54,36,147,80,2,82,229
02/11/2007,HSV,AL,ASO,CE,Combined TRACON& Tower with Radar,11,64,29,4,108,0,0,38,0,38,11,64,67,4,146,7,0,7,153
02/12/2007,HSV,AL,ASO,CE,Combined TRACON& Tower with Radar,17,78,40,32,167,0,0,19,1,20,17,78,59,33,187,26,64,90,277
02/13/2007,HSV,AL,ASO,CE,Combined TRACON& Tower with Radar,15,63,24,9,111,0,0,0,0,0,15,63,24,9,111,9,20,29,140
02/14/2007,HSV,AL,ASO,CE,Combined TRACON& Tower with Radar,16,72,17,20,125,0,0,5,0,5,16,72,22,20,130,5,18,23,153
02/15/2007,HSV,AL,ASO,CE,Combined TRACON& Tower with Radar,18,69,52,25,164,0,0,24,0,24,18,69,76,25,188,69,109,178,366
02/16/2007,HSV,AL,ASO,CE,Combined TRACON& Tower with Radar,16,77,47,25,165,0,3,22,0,25,16,80,69,25,190,62,100,162,352
02/17/2007,HSV,AL,ASO,CE,Combined TRACON& Tower with Radar,10,51,21,0,82,0,0,5,0,5,10,51,26,0,87,27,0,27,114
02/18/2007,HSV,AL,ASO,CE,Combined TRACON& Tower with Radar,9,66,27,0,102,0,0,21,0,21,9,66,48,0,123,17,0,17,140
02/19/2007,HSV,AL,ASO,CE,Combined TRACON& Tower with Radar,17,70,38,0,125,0,0,20,0,20,17,70,58,0,145,39,0,39,184
02/20/2007,HSV,AL,ASO,CE,Combined TRACON& Tower with Radar,19,71,33,35,158,0,0,3,2,5,19,71,36,37,163,22,214,236,399
02/21/2007,HSV,AL,ASO,CE,Combined TRACON& Tower with Radar,8,74,40,26,148,0,0,12,0,12,8,74,52,26,160,25,58,83,243
02/22/2007,HSV,AL,ASO,CE,Combined TRACON& Tower with Radar,15,76,34,49,174,0,1,38,7,46,15,77,72,56,220,84,175,259,479
02/23/2007,HSV,AL,ASO,CE,Combined TRACON& Tower with Radar,17,81,40,40,178,0,0,40,4,44,17,81,80,44,222,114,144,258,480
02/24/2007,HSV,AL,ASO,CE,Combined TRACON& Tower with Radar,8,52,6,2,68,0,0,12,0,12,8,52,18,2,80,58,0,58,138
02/25/2007,HSV,AL,ASO,CE,Combined TRACON& Tower with Radar,9,60,24,2,95,0,0,5,0,5,9,60,29,2,100,28,0,28,128
02/26/2007,HSV,AL,ASO,CE,Combined TRACON& Tower with Radar,15,73,15,57,160,0,0,22,1,23,15,73,37,58,183,76,157,233,416
02/27/2007,HSV,AL,ASO,CE,Combined TRACON& Tower with Radar,16,75,43,65,199,0,0,27,0,27,16,75,70,65,226,94,156,250,476
02/28/2007,HSV,AL,ASO,CE,Combined TRACON& Tower with Radar,14,78,39,44,175,0,0,24,1,25,14,78,63,45,200,77,76,153,353
03/01/2007,HSV,AL,ASO,CE,Combined TRACON& Tower with Radar,16,73,15,2,106,0,0,0,0,0,16,73,15,2,106,202,0,202,308
03/02/2007,HSV,AL,ASO,CE,Combined TRACON& Tower with Radar,17,71,48,36,172,0,0,15,1,16,17,71,63,37,188,52,74,126,314
03/03/2007,HSV,AL,ASO,CE,Combined TRACON& Tower with Radar,8,51,10,0,69,0,0,15,0,15,8,51,25,0,84,76,0,76,160
03/04/2007,HSV,AL,ASO,CE,Combined TRACON& Tower with Radar,9,63,19,10,101,0,0,36,4,40,9,63,55,14,141,118,6,124,265
03/05/2007,HSV,AL,ASO,CE,Combined TRACON& Tower with Radar,19,72,26,20,137,0,1,23,0,24,19,73,49,20,161,59,20,79,240
03/06/2007,HSV,AL,ASO,CE,Combined TRACON& Tower with Radar,20,70,36,39,165,0,0,18,3,21,20,70,54,42,186,91,45,136,322
03/07/2007,HSV,AL,ASO,CE,Combined TRACON& Tower with Radar,17,74,30,19,140,0,0,14,2,16,17,74,44,21,156,37,33,70,226
03/08/2007,HSV,AL,ASO,CE,Combined TRACON& Tower with Radar,17,75,31,39,162,0,1,27,2,30,17,76,58,41,192,101,65,166,358
03/09/2007,HSV,AL,ASO,CE,Combined TRACON& Tower with Radar,18,73,25,36,152,0,0,23,0,23,18,73,48,36,175,30,52,82,257
03/10/2007,HSV,AL,ASO,CE,Combined TRACON& Tower with Radar,10,52,32,0,94,0,0,16,0,16,10,52,48,0,110,34,1,35,145
03/11/2007,HSV,AL,ASO,CE,Combined TRACON& Tower with Radar,9,62,25,6,102,0,0,14,0,14,9,62,39,6,116,60,0,60,176
03/12/2007,HSV,AL,ASO,CE,Combined TRACON& Tower with Radar,18,73,38,28,157,0,0,24,0,24,18,73,62,28,181,21,28,49,230
03/13/2007,HSV,AL,ASO,CE,Combined TRACON& Tower with Radar,17,72,44,63,196,0,0,34,2,36,17,72,78,65,232,48,140,188,420
03/14/2007,HSV,AL,ASO,CE,Combined TRACON& Tower with Radar,15,84,27,49,175,0,0,28,6,34,15,84,55,55,209,33,103,136,345
03/15/2007,HSV,AL,ASO,CE,Combined TRACON& Tower with Radar,20,74,34,22,150,0,0,5,0,5,20,74,39,22,155,21,67,88,243
03/16/2007,HSV,AL,ASO,CE,Combined TRACON& Tower with Radar,19,68,35,19,141,0,0,25,1,26,19,68,60,20,167,11,9,20,187
03/17/2007,HSV,AL,ASO,CE,Combined TRACON& Tower with Radar,11,53,16,3,83,0,0,34,0,34,11,53,50,3,117,68,1,69,186
03/18/2007,HSV,AL,ASO,CE,Combined TRACON& Tower with Radar,13,58,23,8,102,0,1,32,1,34,13,59,55,9,136,62,1,63,199
03/19/2007,HSV,AL,ASO,CE,Combined TRACON& Tower with Radar,16,63,26,17,122,0,0,10,0,10,16,63,36,17,132,28,20,48,180
03/20/2007,HSV,AL,ASO,CE,Combined TRACON& Tower with Radar,19,69,33,64,185,0,0,26,1,27,19,69,59,65,212,69,101,170,382
03/21/2007,HSV,AL,ASO,CE,Combined TRACON& Tower with Radar,16,72,34,32,154,0,1,26,3,30,16,73,60,35,184,75,37,112,296
03/22/2007,HSV,AL,ASO,CE,Combined TRACON& Tower with Radar,17,72,33,27,149,0,0,49,0,49,17,72,82,27,198,98,68,166,364
03/23/2007,HSV,AL,ASO,CE,Combined TRACON& Tower with Radar,24,77,42,31,174,0,0,35,6,41,24,77,77,37,215,44,80,124,339
03/24/2007,HSV,AL,ASO,CE,Combined TRACON& Tower with Radar,12,49,18,0,79,0,0,44,0,44,12,49,62,0,123,99,0,99,222
03/25/2007,HSV,AL,ASO,CE,Combined TRACON& Tower with Radar,11,62,30,20,123,0,0,17,1,18,11,62,47,21,141,78,4,82,223
03/26/2007,HSV,AL,ASO,CE,Combined TRACON& Tower with Radar,18,82,27,12,139,0,0,15,0,15,18,82,42,12,154,30,0,30,184
03/27/2007,HSV,AL,ASO,CE,Combined TRACON& Tower with Radar,16,75,23,58,172,0,0,11,0,11,16,75,34,58,183,57,142,199,382
03/28/2007,HSV,AL,ASO,CE,Combined TRACON& Tower with Radar,18,88,28,29,163,0,0,11,1,12,18,88,39,30,175,65,149,214,389
03/29/2007,HSV,AL,ASO,CE,Combined TRACON& Tower with Radar,19,77,27,82,205,0,0,31,0,31,19,77,58,82,236,66,136,202,438
03/30/2007,HSV,AL,ASO,CE,Combined TRACON& Tower with Radar,16,74,42,17,149,0,0,15,0,15,16,74,57,17,164,89,63,152,316
03/31/2007,HSV,AL,ASO,CE,Combined TRACON& Tower with Radar,9,50,44,2,105,0,0,47,0,47,9,50,91,2,152,76,11,87,239
04/01/2007,HSV,AL,ASO,CE,Combined TRACON& Tower with Radar,10,61,20,4,95,0,0,7,0,7,10,61,27,4,102,90,0,90,192
04/02/2007,HSV,AL,ASO,CE,Combined TRACON& Tower with Radar,22,78,56,71,227,0,0,14,0,14,22,78,70,71,241,47,29,76,317
04/03/2007,HSV,AL,ASO,CE,Combined TRACON& Tower with Radar,23,68,42,32,165,0,1,18,0,19,23,69,60,32,184,48,104,152,336
04/04/2007,HSV,AL,ASO,CE,Combined TRACON& Tower with Radar,21,80,41,48,190,0,0,29,2,31,21,80,70,50,221,86,40,126,347
04/05/2007,HSV,AL,ASO,CE,Combined TRACON& Tower with Radar,19,85,50,38,192,0,2,37,5,44,19,87,87,43,236,108,105,213,449
04/06/2007,HSV,AL,ASO,CE,Combined TRACON& Tower with Radar,20,76,24,23,143,0,0,27,3,30,20,76,51,26,173,64,46,110,283
04/07/2007,HSV,AL,ASO,CE,Combined TRACON& Tower with Radar,15,54,30,8,107,0,0,36,0,36,15,54,66,8,143,77,1,78,221
04/08/2007,HSV,AL,ASO,CE,Combined TRACON& Tower with Radar,10,68,26,2,106,0,0,11,0,11,10,68,37,2,117,9,0,9,126
04/09/2007,HSV,AL,ASO,CE,Combined TRACON& Tower with Radar,19,77,38,17,151,0,2,15,0,17,19,79,53,17,168,47,2,49,217
04/10/2007,HSV,AL,ASO,CE,Combined TRACON& Tower with Radar,21,69,40,17,147,0,0,15,1,16,21,69,55,18,163,136,92,228,391
04/11/2007,HSV,AL,ASO,CE,Combined TRACON& Tower with Radar,14,75,21,0,110,0,0,2,0,2,14,75,23,0,112,0,0,0,112
04/12/2007,HSV,AL,ASO,CE,Combined TRACON& Tower with Radar,19,74,35,13,141,0,0,14,2,16,19,74,49,15,157,71,58,129,286
04/13/2007,HSV,AL,ASO,CE,Combined TRACON& Tower with Radar,19,84,33,17,153,0,0,26,2,28,19,84,59,19,181,115,39,154,335
04/14/2007,HSV,AL,ASO,CE,Combined TRACON& Tower with Radar,8,55,5,0,68,0,0,2,0,2,8,55,7,0,70,0,0,0,70
04/15/2007,HSV,AL,ASO,CE,Combined TRACON& Tower with Radar,11,66,23,4,104,0,0,14,0,14,11,66,37,4,118,4,0,4,122
04/16/2007,HSV,AL,ASO,CE,Combined TRACON& Tower with Radar,17,78,27,43,165,0,2,7,2,11,17,80,34,45,176,40,63,103,279
04/17/2007,HSV,AL,ASO,CE,Combined TRACON& Tower with Radar,20,66,34,59,179,0,2,32,2,36,20,68,66,61,215,77,93,170,385
04/18/2007,HSV,AL,ASO,CE,Combined TRACON& Tower with Radar,22,76,39,81,218,0,0,22,0,22,22,76,61,81,240,127,73,200,440
04/19/2007,HSV,AL,ASO,CE,Combined TRACON& Tower with Radar,24,71,45,21,161,0,0,29,0,29,24,71,74,21,190,54,54,108,298
04/20/2007,HSV,AL,ASO,CE,Combined TRACON& Tower with Radar,22,72,43,34,171,0,0,31,2,33,22,72,74,36,204,39,88,127,331
04/21/2007,HSV,AL,ASO,CE,Combined TRACON& Tower with Radar,10,46,32,2,90,0,0,38,0,38,10,46,70,2,128,145,0,145,273
04/22/2007,HSV,AL,ASO,CE,Combined TRACON& Tower with Radar,9,66,32,6,113,0,0,29,0,29,9,66,61,6,142,104,0,104,246
04/23/2007,HSV,AL,ASO,CE,Combined TRACON& Tower with Radar,18,81,17,19,135,0,0,9,2,11,18,81,26,21,146,42,85,127,273
04/24/2007,HSV,AL,ASO,CE,Combined TRACON& Tower with Radar,18,67,45,26,156,0,0,18,1,19,18,67,63,27,175,85,80,165,340
04/25/2007,HSV,AL,ASO,CE,Combined TRACON& Tower with Radar,18,68,67,51,204,0,0,9,0,9,18,68,76,51,213,63,115,178,391
04/26/2007,HSV,AL,ASO,CE,Combined TRACON& Tower with Radar,18,76,52,6,152,0,1,0,0,1,18,77,52,6,153,15,26,41,194
04/27/2007,HSV,AL,ASO,CE,Combined TRACON& Tower with Radar,20,72,50,40,182,0,0,19,2,21,20,72,69,42,203,90,40,130,333
04/28/2007,HSV,AL,ASO,CE,Combined TRACON& Tower with Radar,12,46,29,2,89,0,0,14,0,14,12,46,43,2,103,96,0,96,199
04/29/2007,HSV,AL,ASO,CE,Combined TRACON& Tower with Radar,14,59,48,17,138,0,0,12,0,12,14,59,60,17,150,35,0,35,185
04/30/2007,HSV,AL,ASO,CE,Combined TRACON& Tower with Radar,17,84,34,34,169,0,0,40,1,41,17,84,74,35,210,116,78,194,404
05/01/2007,HSV,AL,ASO,CE,Combined TRACON& Tower with Radar,19,74,31,82,206,0,0,24,0,24,19,74,55,82,230,74,85,159,389
05/02/2007,HSV,AL,ASO,CE,Combined TRACON& Tower with Radar,20,69,42,96,227,0,0,10,0,10,20,69,52,96,237,38,139,177,414
05/03/2007,HSV,AL,ASO,CE,Combined TRACON& Tower with Radar,20,74,32,71,197,0,0,10,3,13,20,74,42,74,210,103,204,307,517
05/04/2007,HSV,AL,ASO,CE,Combined TRACON& Tower with Radar,20,81,46,32,179,0,0,7,1,8,20,81,53,33,187,69,99,168,355
05/05/2007,HSV,AL,ASO,CE,Combined TRACON& Tower with Radar,10,53,30,5,98,0,0,1,1,2,10,53,31,6,100,16,0,16,116
05/06/2007,HSV,AL,ASO,CE,Combined TRACON& Tower with Radar,9,70,26,5,110,0,0,20,0,20,9,70,46,5,130,97,0,97,227
05/07/2007,HSV,AL,ASO,CE,Combined TRACON& Tower with Radar,18,80,29,37,164,0,0,17,3,20,18,80,46,40,184,49,83,132,316
05/08/2007,HSV,AL,ASO,CE,Combined TRACON& Tower with Radar,17,86,58,34,195,0,0,39,1,40,17,86,97,35,235,125,92,217,452
05/09/2007,HSV,AL,ASO,CE,Combined TRACON& Tower with Radar,19,74,38,22,153,0,0,14,2,16,19,74,52,24,169,25,122,147,316
05/10/2007,HSV,AL,ASO,CE,Combined TRACON& Tower with Radar,21,86,23,26,156,0,0,15,0,15,21,86,38,26,171,63,72,135,306
05/11/2007,HSV,AL,ASO,CE,Combined TRACON& Tower with Radar,30,93,24,26,173,0,0,9,3,12,30,93,33,29,185,25,108,133,318
05/12/2007,HSV,AL,ASO,CE,Combined TRACON& Tower with Radar,28,66,40,10,144,0,0,20,0,20,28,66,60,10,164,17,0,17,181
05/13/2007,HSV,AL,ASO,CE,Combined TRACON& Tower with Radar,11,81,22,4,118,0,0,21,0,21,11,81,43,4,139,49,0,49,188
05/14/2007,HSV,AL,ASO,CE,Combined TRACON& Tower with Radar,15,82,17,37,151,0,0,10,2,12,15,82,27,39,163,21,86,107,270
05/15/2007,HSV,AL,ASO,CE,Combined TRACON& Tower with Radar,20,88,35,36,179,0,1,20,3,24,20,89,55,39,203,27,54,81,284
05/16/2007,HSV,AL,ASO,CE,Combined TRACON& Tower with Radar,20,96,27,22,165,0,1,13,1,15,20,97,40,23,180,21,1,22,202
05/17/2007,HSV,AL,ASO,CE,Combined TRACON& Tower with Radar,17,80,37,41,175,0,2,35,6,43,17,82,72,47,218,46,76,122,340
05/18/2007,HSV,AL,ASO,CE,Combined TRACON& Tower with Radar,20,89,13,18,140,0,0,17,3,20,20,89,30,21,160,10,45,55,215
05/19/2007,HSV,AL,ASO,CE,Combined TRACON& Tower with Radar,8,72,13,16,109,0,3,35,0,38,8,75,48,16,147,112,10,122,269
05/20/2007,HSV,AL,ASO,CE,Combined TRACON& Tower with Radar,13,71,23,18,125,0,0,29,0,29,13,71,52,18,154,132,4,136,290
05/21/2007,HSV,AL,ASO,CE,Combined TRACON& Tower with Radar,21,83,26,39,169,0,0,25,0,25,21,83,51,39,194,54,21,75,269
05/22/2007,HSV,AL,ASO,CE,Combined TRACON& Tower with Radar,19,74,34,39,166,0,0,25,2,27,19,74,59,41,193,12,110,122,315
05/23/2007,HSV,AL,ASO,CE,Combined TRACON& Tower with Radar,22,78,40,13,153,0,0,22,1,23,22,78,62,14,176,45,46,91,267
05/24/2007,HSV,AL,ASO,CE,Combined TRACON& Tower with Radar,20,73,28,39,160,0,0,14,1,15,20,73,42,40,175,115,30,145,320
05/25/2007,HSV,AL,ASO,CE,Combined TRACON& Tower with Radar,22,76,40,8,146,0,1,18,1,20,22,77,58,9,166,20,0,20,186
05/26/2007,HSV,AL,ASO,CE,Combined TRACON& Tower with Radar,10,51,28,0,89,0,0,22,0,22,10,51,50,0,111,16,0,16,127
05/27/2007,HSV,AL,ASO,CE,Combined TRACON& Tower with Radar,14,55,13,0,82,0,0,20,0,20,14,55,33,0,102,2,0,2,104
05/28/2007,HSV,AL,ASO,CE,Combined TRACON& Tower with Radar,17,62,29,4,112,0,0,20,0,20,17,62,49,4,132,30,0,30,162
05/29/2007,HSV,AL,ASO,CE,Combined TRACON& Tower with Radar,19,84,24,22,149,0,0,16,2,18,19,84,40,24,167,31,121,152,319
05/30/2007,HSV,AL,ASO,CE,Combined TRACON& Tower with Radar,19,72,31,49,171,0,0,11,0,11,19,72,42,49,182,51,26,77,259
05/31/2007,HSV,AL,ASO,CE,Combined TRACON& Tower with Radar,20,72,16,27,135,0,0,17,1,18,20,72,33,28,153,59,56,115,268
06/01/2007,HSV,AL,ASO,CE,Combined TRACON& Tower with Radar,20,71,41,29,161,0,0,22,0,22,20,71,63,29,183,29,150,179,362
06/02/2007,HSV,AL,ASO,CE,Combined TRACON& Tower with Radar,9,50,25,4,88,0,0,19,1,20,9,50,44,5,108,36,1,37,145
06/03/2007,HSV,AL,ASO,CE,Combined TRACON& Tower with Radar,13,58,37,6,114,0,0,13,0,13,13,58,50,6,127,4,0,4,131
06/04/2007,HSV,AL,ASO,CE,Combined TRACON& Tower with Radar,21,72,23,23,139,0,0,6,4,10,21,72,29,27,149,13,69,82,231
06/05/2007,HSV,AL,ASO,CE,Combined TRACON& Tower with Radar,23,78,22,45,168,0,0,28,3,31,23,78,50,48,199,67,72,139,338
06/06/2007,HSV,AL,ASO,CE,Combined TRACON& Tower with Radar,20,76,37,31,164,0,1,41,3,45,20,77,78,34,209,72,106,178,387
06/07/2007,HSV,AL,ASO,CE,Combined TRACON& Tower with Radar,24,75,28,25,152,0,0,20,0,20,24,75,48,25,172,85,100,185,357
06/08/2007,HSV,AL,ASO,CE,Combined TRACON& Tower with Radar,27,77,23,19,146,0,1,13,3,17,27,78,36,22,163,25,94,119,282
06/09/2007,HSV,AL,ASO,CE,Combined TRACON& Tower with Radar,13,59,32,44,148,0,0,14,1,15,13,59,46,45,163,39,0,39,202
06/10/2007,HSV,AL,ASO,CE,Combined TRACON& Tower with Radar,15,64,23,9,111,0,0,33,1,34,15,64,56,10,145,35,2,37,182
06/11/2007,HSV,AL,ASO,CE,Combined TRACON& Tower with Radar,20,73,20,19,132,0,0,19,2,21,20,73,39,21,153,12,42,54,207
06/12/2007,HSV,AL,ASO,CE,Combined TRACON& Tower with Radar,29,92,29,33,183,0,0,33,2,35,29,92,62,35,218,34,38,72,290
06/13/2007,HSV,AL,ASO,CE,Combined TRACON& Tower with Radar,11,81,22,4,118,0,0,21,0,21,11,81,43,4,139,49,0,49,188
06/14/2007,HSV,AL,ASO,CE,Combined TRACON& Tower with Radar,27,74,35,20,156,0,0,17,2,19,27,74,52,22,175,13,26,39,214
06/15/2007,HSV,AL,ASO,CE,Combined TRACON& Tower with Radar,29,77,32,30,168,0,0,22,7,29,29,77,54,37,197,17,27,44,241
06/16/2007,HSV,AL,ASO,CE,Combined TRACON& Tower with Radar,14,55,22,17,108,0,1,27,0,28,14,56,49,17,136,53,2,55,191
06/17/2007,HSV,AL,ASO,CE,Combined TRACON& Tower with Radar,17,66,24,11,118,0,0,22,4,26,17,66,46,15,144,17,16,33,177
06/18/2007,HSV,AL,ASO,CE,Combined TRACON& Tower with Radar,26,71,24,29,150,0,0,16,2,18,26,71,40,31,168,22,49,71,239
06/19/2007,HSV,AL,ASO,CE,Combined TRACON& Tower with Radar,19,74,25,4,122,0,0,0,0,0,19,74,25,4,122,5,0,5,127
06/20/2007,HSV,AL,ASO,CE,Combined TRACON& Tower with Radar,19,72,27,29,147,0,0,25,0,25,19,72,52,29,172,24,138,162,334
06/21/2007,HSV,AL,ASO,CE,Combined TRACON& Tower with Radar,26,72,10,15,123,0,1,25,2,28,26,73,35,17,151,46,4,50,201
06/22/2007,HSV,AL,ASO,CE,Combined TRACON& Tower with Radar,22,76,31,30,159,0,0,24,5,29,22,76,55,35,188,18,18,36,224
06/23/2007,HSV,AL,ASO,CE,Combined TRACON& Tower with Radar,14,55,33,1,103,0,0,34,0,34,14,55,67,1,137,23,3,26,163
06/24/2007,HSV,AL,ASO,CE,Combined TRACON& Tower with Radar,16,64,32,18,130,0,0,16,0,16,16,64,48,18,146,48,10,58,204
06/25/2007,HSV,AL,ASO,CE,Combined TRACON& Tower with Radar,25,75,20,28,148,0,3,9,0,12,25,78,29,28,160,28,45,73,233
06/26/2007,HSV,AL,ASO,CE,Combined TRACON& Tower with Radar,20,75,31,60,186,0,1,10,5,16,20,76,41,65,202,34,32,66,268
06/27/2007,HSV,AL,ASO,CE,Combined TRACON& Tower with Radar,20,68,27,47,162,0,2,13,1,16,20,70,40,48,178,48,118,166,344
06/28/2007,HSV,AL,ASO,CE,Combined TRACON& Tower with Radar,22,78,25,14,139,0,1,26,4,31,22,79,51,18,170,11,44,55,225
06/29/2007,HSV,AL,ASO,CE,Combined TRACON& Tower with Radar,23,72,37,20,152,0,0,22,1,23,23,72,59,21,175,44,67,111,286
06/30/2007,HSV,AL,ASO,CE,Combined TRACON& Tower with Radar,17,57,18,0,92,0,0,24,0,24,17,57,42,0,116,23,0,23,139
07/01/2007,HSV,AL,ASO,CE,Combined TRACON& Tower with Radar,16,57,21,13,107,0,0,22,0,22,16,57,43,13,129,23,5,28,157
07/02/2007,HSV,AL,ASO,CE,Combined TRACON& Tower with Radar,19,57,16,32,124,0,0,10,2,12,19,57,26,34,136,8,72,80,216
07/03/2007,HSV,AL,ASO,CE,Combined TRACON& Tower with Radar,19,72,29,33,153,0,1,21,2,24,19,73,50,35,177,42,88,130,307
07/04/2007,HSV,AL,ASO,CE,Combined TRACON& Tower with Radar,17,45,17,0,79,0,0,23,2,25,17,45,40,2,104,14,0,14,118
07/05/2007,HSV,AL,ASO,CE,Combined TRACON& Tower with Radar,23,65,38,14,140,0,0,34,0,34,23,65,72,14,174,113,32,145,319
07/06/2007,HSV,AL,ASO,CE,Combined TRACON& Tower with Radar,24,62,18,19,123,0,0,3,0,3,24,62,21,19,126,67,12,79,205
07/07/2007,HSV,AL,ASO,CE,Combined TRACON& Tower with Radar,16,47,30,0,93,0,0,4,0,4,16,47,34,0,97,15,1,16,113
07/08/2007,HSV,AL,ASO,CE,Combined TRACON& Tower with Radar,16,62,41,14,133,0,0,21,3,24,16,62,62,17,157,15,10,25,182
07/09/2007,HSV,AL,ASO,CE,Combined TRACON& Tower with Radar,26,87,17,22,152,0,1,6,1,8,26,88,23,23,160,17,40,57,217
07/10/2007,HSV,AL,ASO,CE,Combined TRACON& Tower with Radar,20,82,25,10,137,0,3,3,1,7,20,85,28,11,144,9,39,48,192
07/11/2007,HSV,AL,ASO,CE,Combined TRACON& Tower with Radar,29,86,35,46,196,0,0,12,0,12,29,86,47,46,208,65,26,91,299
07/12/2007,HSV,AL,ASO,CE,Combined TRACON& Tower with Radar,23,76,69,39,207,0,1,27,0,28,23,77,96,39,235,71,106,177,412
07/13/2007,HSV,AL,ASO,CE,Combined TRACON& Tower with Radar,25,71,54,43,193,0,0,12,2,14,25,71,66,45,207,29,62,91,298
07/14/2007,HSV,AL,ASO,CE,Combined TRACON& Tower with Radar,16,55,38,2,111,0,0,22,0,22,16,55,60,2,133,36,16,52,185
07/15/2007,HSV,AL,ASO,CE,Combined TRACON& Tower with Radar,19,66,21,6,112,0,0,17,0,17,19,66,38,6,129,44,9,53,182
07/16/2007,HSV,AL,ASO,CE,Combined TRACON& Tower with Radar,16,75,63,69,223,0,0,13,2,15,16,75,76,71,238,85,111,196,434
07/17/2007,HSV,AL,ASO,CE,Combined TRACON& Tower with Radar,24,74,24,33,155,0,1,12,3,16,24,75,36,36,171,80,42,122,293
07/18/2007,HSV,AL,ASO,CE,Combined TRACON& Tower with Radar,21,72,19,37,149,0,0,7,1,8,21,72,26,38,157,84,82,166,323
07/19/2007,HSV,AL,ASO,CE,Combined TRACON& Tower with Radar,39,90,36,33,198,0,0,20,0,20,39,90,56,33,218,60,74,134,352
07/20/2007,HSV,AL,ASO,CE,Combined TRACON& Tower with Radar,24,81,39,40,184,0,0,10,0,10,24,81,49,40,194,71,5,76,270
07/21/2007,HSV,AL,ASO,CE,Combined TRACON& Tower with Radar,13,54,30,11,108,0,0,29,2,31,13,54,59,13,139,68,29,97,236
07/22/2007,HSV,AL,ASO,CE,Combined TRACON& Tower with Radar,17,65,40,12,134,0,0,23,0,23,17,65,63,12,157,84,0,84,241
07/23/2007,HSV,AL,ASO,CE,Combined TRACON& Tower with Radar,20,73,21,8,122,0,0,13,1,14,20,73,34,9,136,4,30,34,170
07/24/2007,HSV,AL,ASO,CE,Combined TRACON& Tower with Radar,24,83,36,28,171,0,0,29,1,30,24,83,65,29,201,40,80,120,321
07/25/2007,HSV,AL,ASO,CE,Combined TRACON& Tower with Radar,19,69,20,38,146,0,0,15,2,17,19,69,35,40,163,35,80,115,278
07/26/2007,HSV,AL,ASO,CE,Combined TRACON& Tower with Radar,21,71,46,31,169,0,0,29,1,30,21,71,75,32,199,59,26,85,284
07/27/2007,HSV,AL,ASO,CE,Combined TRACON& Tower with Radar,23,76,46,26,171,0,0,29,1,30,23,76,75,27,201,66,90,156,357
07/28/2007,HSV,AL,ASO,CE,Combined TRACON& Tower with Radar,15,51,23,1,90,0,0,13,0,13,15,51,36,1,103,54,0,54,157
07/29/2007,HSV,AL,ASO,CE,Combined TRACON& Tower with Radar,33,69,30,5,137,0,0,11,0,11,33,69,41,5,148,6,0,6,154
07/30/2007,HSV,AL,ASO,CE,Combined TRACON& Tower with Radar,26,70,20,40,156,0,0,15,1,16,26,70,35,41,172,51,72,123,295
07/31/2007,HSV,AL,ASO,CE,Combined TRACON& Tower with Radar,26,76,31,59,192,0,3,15,2,20,26,79,46,61,212,45,94,139,351
08/01/2007,HSV,AL,ASO,CE,Combined TRACON& Tower with Radar,21,71,25,56,173,0,0,26,2,28,21,71,51,58,201,50,120,170,371
08/02/2007,HSV,AL,ASO,CE,Combined TRACON& Tower with Radar,20,80,20,33,153,0,0,29,3,32,20,80,49,36,185,83,110,193,378
08/03/2007,HSV,AL,ASO,CE,Combined TRACON& Tower with Radar,27,74,38,48,187,0,0,17,1,18,27,74,55,49,205,93,102,195,400
08/04/2007,HSV,AL,ASO,CE,Combined TRACON& Tower with Radar,17,52,34,1,104,0,0,23,0,23,17,52,57,1,127,46,0,46,173
08/05/2007,HSV,AL,ASO,CE,Combined TRACON& Tower with Radar,21,68,27,2,118,0,0,9,0,9,21,68,36,2,127,65,0,65,192
08/06/2007,HSV,AL,ASO,CE,Combined TRACON& Tower with Radar,20,73,39,25,157,0,0,12,0,12,20,73,51,25,169,21,82,103,272
08/07/2007,HSV,AL,ASO,CE,Combined TRACON& Tower with Radar,20,74,24,24,142,0,0,31,1,32,20,74,55,25,174,106,40,146,320
08/08/2007,HSV,AL,ASO,CE,Combined TRACON& Tower with Radar,20,72,40,58,190,0,0,27,3,30,20,72,67,61,220,79,81,160,380
08/09/2007,HSV,AL,ASO,CE,Combined TRACON& Tower with Radar,22,67,28,17,134,0,0,34,0,34,22,67,62,17,168,30,90,120,288
08/10/2007,HSV,AL,ASO,CE,Combined TRACON& Tower with Radar,19,77,38,26,160,0,0,24,0,24,19,77,62,26,184,47,38,85,269
08/11/2007,HSV,AL,ASO,CE,Combined TRACON& Tower with Radar,14,51,15,2,82,0,1,19,0,20,14,52,34,2,102,23,0,23,125
08/12/2007,HSV,AL,ASO,CE,Combined TRACON& Tower with Radar,17,72,17,21,127,0,0,20,2,22,17,72,37,23,149,67,18,85,234
08/13/2007,HSV,AL,ASO,CE,Combined TRACON& Tower with Radar,21,74,35,20,150,0,1,13,2,16,21,75,48,22,166,13,60,73,239
08/14/2007,HSV,AL,ASO,CE,Combined TRACON& Tower with Radar,22,76,22,41,161,0,1,34,2,37,22,77,56,43,198,41,48,89,287
08/15/2007,HSV,AL,ASO,CE,Combined TRACON& Tower with Radar,22,78,31,41,172,0,0,22,4,26,22,78,53,45,198,33,78,111,309
08/16/2007,HSV,AL,ASO,CE,Combined TRACON& Tower with Radar,24,66,37,46,173,0,1,22,6,29,24,67,59,52,202,49,72,121,323
08/17/2007,HSV,AL,ASO,CE,Combined TRACON& Tower with Radar,24,76,38,28,166,0,1,21,5,27,24,77,59,33,193,29,51,80,273
08/18/2007,HSV,AL,ASO,CE,Combined TRACON& Tower with Radar,15,60,31,4,110,0,0,26,1,27,15,60,57,5,137,81,5,86,223
08/19/2007,HSV,AL,ASO,CE,Combined TRACON& Tower with Radar,15,70,24,5,114,0,0,14,0,14,15,70,38,5,128,11,0,11,139
08/20/2007,HSV,AL,ASO,CE,Combined TRACON& Tower with Radar,23,68,30,62,183,0,0,23,1,24,23,68,53,63,207,63,50,113,320
08/21/2007,HSV,AL,ASO,CE,Combined TRACON& Tower with Radar,20,73,32,80,205,0,0,12,0,12,20,73,44,80,217,63,67,130,347
08/22/2007,HSV,AL,ASO,CE,Combined TRACON& Tower with Radar,23,75,35,22,155,0,0,19,2,21,23,75,54,24,176,17,90,107,283
08/23/2007,HSV,AL,ASO,CE,Combined TRACON& Tower with Radar,46,78,24,43,191,0,0,27,4,31,46,78,51,47,222,65,50,115,337
08/24/2007,HSV,AL,ASO,CE,Combined TRACON& Tower with Radar,44,82,28,30,184,0,0,19,2,21,44,82,47,32,205,30,12,42,247
08/25/2007,HSV,AL,ASO,CE,Combined TRACON& Tower with Radar,14,53,24,0,91,0,0,18,0,18,14,53,42,0,109,29,0,29,138
08/26/2007,HSV,AL,ASO,CE,Combined TRACON& Tower with Radar,18,64,19,8,109,0,0,20,0,20,18,64,39,8,129,20,16,36,165
08/27/2007,HSV,AL,ASO,CE,Combined TRACON& Tower with Radar,24,93,16,46,179,0,1,12,0,13,24,94,28,46,192,37,83,120,312
08/28/2007,HSV,AL,ASO,CE,Combined TRACON& Tower with Radar,27,74,32,74,207,0,0,15,1,16,27,74,47,75,223,86,114,200,423
08/29/2007,HSV,AL,ASO,CE,Combined TRACON& Tower with Radar,32,82,46,46,206,0,0,14,2,16,32,82,60,48,222,57,145,202,424
08/30/2007,HSV,AL,ASO,CE,Combined TRACON& Tower with Radar,25,72,26,23,146,0,1,7,4,12,25,73,33,27,158,64,93,157,315
08/31/2007,HSV,AL,ASO,CE,Combined TRACON& Tower with Radar,26,76,41,12,155,0,0,12,1,13,26,76,53,13,168,44,8,52,220
09/01/2007,HSV,AL,ASO,CE,Combined TRACON& Tower with Radar,14,45,18,0,77,0,0,20,0,20,14,45,38,0,97,19,0,19,116
09/02/2007,HSV,AL,ASO,CE,Combined TRACON& Tower with Radar,18,51,8,0,77,0,0,10,0,10,18,51,18,0,87,8,0,8,95
09/03/2007,HSV,AL,ASO,CE,Combined TRACON& Tower with Radar,15,53,35,0,103,0,0,20,0,20,15,53,55,0,123,15,53,68,191
09/04/2007,HSV,AL,ASO,CE,Combined TRACON& Tower with Radar,28,69,21,45,163,0,0,25,0,25,28,69,46,45,188,84,54,138,326
09/05/2007,HSV,AL,ASO,CE,Combined TRACON& Tower with Radar,20,69,38,41,168,0,0,14,1,15,20,69,52,42,183,88,134,222,405
09/06/2007,HSV,AL,ASO,CE,Combined TRACON& Tower with Radar,24,69,33,37,163,0,0,27,1,28,24,69,60,38,191,79,49,128,319
09/07/2007,HSV,AL,ASO,CE,Combined TRACON& Tower with Radar,26,74,31,27,158,0,0,44,1,45,26,74,75,28,203,54,108,162,365
09/08/2007,HSV,AL,ASO,CE,Combined TRACON& Tower with Radar,12,49,14,13,88,0,0,31,0,31,12,49,45,13,119,40,37,77,196
09/09/2007,HSV,AL,ASO,CE,Combined TRACON& Tower with Radar,19,63,22,7,111,0,0,12,0,12,19,63,34,7,123,9,0,9,132
09/10/2007,HSV,AL,ASO,CE,Combined TRACON& Tower with Radar,17,82,13,22,134,0,1,3,0,4,17,83,16,22,138,13,61,74,212
09/11/2007,HSV,AL,ASO,CE,Combined TRACON& Tower with Radar,26,66,30,19,141,0,0,5,0,5,26,66,35,19,146,13,0,13,159
09/12/2007,HSV,AL,ASO,CE,Combined TRACON& Tower with Radar,26,77,52,73,228,0,0,54,4,58,26,77,106,77,286,99,165,264,550
09/13/2007,HSV,AL,ASO,CE,Combined TRACON& Tower with Radar,38,81,35,37,191,0,0,26,2,28,38,81,61,39,219,56,104,160,379
09/14/2007,HSV,AL,ASO,CE,Combined TRACON& Tower with Radar,25,75,17,8,125,0,0,7,0,7,25,75,24,8,132,28,2,30,162
09/15/2007,HSV,AL,ASO,CE,Combined TRACON& Tower with Radar,17,51,20,1,89,0,0,33,1,34,17,51,53,2,123,40,0,40,163
09/16/2007,HSV,AL,ASO,CE,Combined TRACON& Tower with Radar,18,63,22,5,108,0,0,31,3,34,18,63,53,8,142,2,0,2,144
09/17/2007,HSV,AL,ASO,CE,Combined TRACON& Tower with Radar,23,71,23,28,145,0,1,19,6,26,23,72,42,34,171,60,53,113,284
09/18/2007,HSV,AL,ASO,CE,Combined TRACON& Tower with Radar,25,84,54,28,191,0,0,28,1,29,25,84,82,29,220,61,91,152,372
09/19/2007,HSV,AL,ASO,CE,Combined TRACON& Tower with Radar,24,82,43,16,165,0,1,35,1,37,24,83,78,17,202,108,121,229,431
09/20/2007,HSV,AL,ASO,CE,Combined TRACON& Tower with Radar,27,72,52,66,217,0,0,19,8,27,27,72,71,74,244,70,129,199,443
09/21/2007,HSV,AL,ASO,CE,Combined TRACON& Tower with Radar,27,80,35,33,175,0,0,22,2,24,27,80,57,35,199,66,90,156,355
09/22/2007,HSV,AL,ASO,CE,Combined TRACON& Tower with Radar,11,51,25,20,107,0,0,32,0,32,11,51,57,20,139,40,49,89,228
09/23/2007,HSV,AL,ASO,CE,Combined TRACON& Tower with Radar,16,71,28,18,133,0,0,25,20,45,16,71,53,38,178,25,22,47,225
09/24/2007,HSV,AL,ASO,CE,Combined TRACON& Tower with Radar,30,80,27,42,179,0,2,25,4,31,30,82,52,46,210,71,76,147,357
09/25/2007,HSV,AL,ASO,CE,Combined TRACON& Tower with Radar,17,82,35,50,184,0,3,30,3,36,17,85,65,53,220,84,161,245,465
09/26/2007,HSV,AL,ASO,CE,Combined TRACON& Tower with Radar,22,77,36,41,176,0,0,18,5,23,22,77,54,46,199,56,138,194,393
09/27/2007,HSV,AL,ASO,CE,Combined TRACON& Tower with Radar,25,80,33,6,144,0,0,15,2,17,25,80,48,8,161,57,0,57,218
09/28/2007,HSV,AL,ASO,CE,Combined TRACON& Tower with Radar,25,71,26,0,122,0,9,22,8,39,25,80,48,8,161,66,0,66,227
09/29/2007,HSV,AL,ASO,CE,Combined TRACON& Tower with Radar,13,49,23,0,85,0,1,32,1,34,13,50,55,1,119,36,0,36,155
09/30/2007,HSV,AL,ASO,CE,Combined TRACON& Tower with Radar,17,68,35,0,120,0,0,39,2,41,17,68,74,2,161,17,0,17,178
10/01/2007,HSV,AL,ASO,CE,Combined TRACON& Tower with Radar,24,75,25,13,137,0,0,29,1,30,24,75,54,14,167,80,82,162,329
10/02/2007,HSV,AL,ASO,CE,Combined TRACON& Tower with Radar,28,76,36,33,173,0,0,38,5,43,28,76,74,38,216,180,46,226,442
10/03/2007,HSV,AL,ASO,CE,Combined TRACON& Tower with Radar,20,82,21,35,158,0,0,25,8,33,20,82,46,43,191,45,126,171,362
10/04/2007,HSV,AL,ASO,CE,Combined TRACON& Tower with Radar,26,79,37,19,161,0,0,15,0,15,26,79,52,19,176,28,55,83,259
10/05/2007,HSV,AL,ASO,CE,Combined TRACON& Tower with Radar,29,83,33,18,163,0,1,18,2,21,29,84,51,20,184,12,69,81,265
10/06/2007,HSV,AL,ASO,CE,Combined TRACON& Tower with Radar,12,51,40,13,116,0,0,19,0,19,12,51,59,13,135,41,0,41,176
10/07/2007,HSV,AL,ASO,CE,Combined TRACON& Tower with Radar,15,65,24,2,106,0,0,33,0,33,15,65,57,2,139,43,0,43,182
10/08/2007,HSV,AL,ASO,CE,Combined TRACON& Tower with Radar,27,76,37,6,146,0,0,31,3,34,27,76,68,9,180,48,10,58,238
10/09/2007,HSV,AL,ASO,CE,Combined TRACON& Tower with Radar,28,72,32,20,152,0,1,21,1,23,28,73,53,21,175,119,30,149,324
10/10/2007,HSV,AL,ASO,CE,Combined TRACON& Tower with Radar,24,77,29,16,146,0,1,13,3,17,24,78,42,19,163,16,86,102,265
10/11/2007,HSV,AL,ASO,CE,Combined TRACON& Tower with Radar,34,70,32,13,149,0,0,50,1,51,34,70,82,14,200,61,22,83,283
10/12/2007,HSV,AL,ASO,CE,Combined TRACON& Tower with Radar,31,77,26,34,168,0,2,35,3,40,31,79,61,37,208,102,68,170,378
10/13/2007,HSV,AL,ASO,CE,Combined TRACON& Tower with Radar,19,45,32,7,103,0,0,28,0,28,19,45,60,7,131,44,5,49,180
10/14/2007,HSV,AL,ASO,CE,Combined TRACON& Tower with Radar,20,63,40,39,162,0,2,24,1,27,20,65,64,40,189,29,33,62,251
10/15/2007,HSV,AL,ASO,CE,Combined TRACON& Tower with Radar,30,74,23,64,191,0,0,30,2,32,30,74,53,66,223,53,168,221,444
10/16/2007,HSV,AL,ASO,CE,Combined TRACON& Tower with Radar,29,74,47,50,200,0,0,9,3,12,29,74,56,53,212,77,122,199,411
10/17/2007,HSV,AL,ASO,CE,Combined TRACON& Tower with Radar,25,87,27,50,189,0,0,21,0,21,25,87,48,50,210,77,174,251,461
10/18/2007,HSV,AL,ASO,CE,Combined TRACON& Tower with Radar,27,67,15,25,134,0,0,1,0,1,27,67,16,25,135,15,56,71,206
10/19/2007,HSV,AL,ASO,CE,Combined TRACON& Tower with Radar,31,72,17,28,148,0,0,13,4,17,31,72,30,32,165,65,71,136,301
10/20/2007,HSV,AL,ASO,CE,Combined TRACON& Tower with Radar,15,46,19,4,84,0,0,26,0,26,15,46,45,4,110,62,6,68,178
10/21/2007,HSV,AL,ASO,CE,Combined TRACON& Tower with Radar,17,64,21,8,110,0,0,26,0,26,17,64,47,8,136,7,7,14,150
10/22/2007,HSV,AL,ASO,CE,Combined TRACON& Tower with Radar,30,77,38,53,198,0,0,1,0,1,30,77,39,53,199,32,54,86,285
10/23/2007,HSV,AL,ASO,CE,Combined TRACON& Tower with Radar,31,77,27,14,149,0,0,0,0,0,31,77,27,14,149,26,0,26,175
10/24/2007,HSV,AL,ASO,CE,Combined TRACON& Tower with Radar,27,74,44,34,179,0,0,1,0,1,27,74,45,34,180,73,94,167,347
10/25/2007,HSV,AL,ASO,CE,Combined TRACON& Tower with Radar,27,75,33,34,169,0,0,14,0,14,27,75,47,34,183,45,126,171,354
10/26/2007,HSV,AL,ASO,CE,Combined TRACON& Tower with Radar,30,68,42,22,162,0,0,16,1,17,30,68,58,23,179,67,20,87,266
10/27/2007,HSV,AL,ASO,CE,Combined TRACON& Tower with Radar,21,49,29,3,102,0,0,23,0,23,21,49,52,3,125,53,8,61,186
10/28/2007,HSV,AL,ASO,CE,Combined TRACON& Tower with Radar,16,62,33,9,120,0,0,27,2,29,16,62,60,11,149,50,14,64,213
10/29/2007,HSV,AL,ASO,CE,Combined TRACON& Tower with Radar,30,73,35,25,163,0,1,19,1,21,30,74,54,26,184,150,52,202,386
10/30/2007,HSV,AL,ASO,CE,Combined TRACON& Tower with Radar,28,69,47,25,169,0,0,29,0,29,28,69,76,25,198,68,65,133,331
10/31/2007,HSV,AL,ASO,CE,Combined TRACON& Tower with Radar,19,80,34,21,154,0,1,35,0,36,19,81,69,21,190,45,22,67,257
11/01/2007,HSV,AL,ASO,CE,Combined TRACON& Tower with Radar,29,78,51,44,202,0,0,24,3,27,29,78,75,47,229,72,111,183,412
11/02/2007,HSV,AL,ASO,CE,Combined TRACON& Tower with Radar,24,73,36,34,167,0,0,44,3,47,24,73,80,37,214,76,29,105,319
11/03/2007,HSV,AL,ASO,CE,Combined TRACON& Tower with Radar,17,49,19,12,97,0,0,33,2,35,17,49,52,14,132,22,13,35,167
11/04/2007,HSV,AL,ASO,CE,Combined TRACON& Tower with Radar,18,64,29,26,137,0,0,27,2,29,18,64,56,28,166,19,76,95,261
11/05/2007,HSV,AL,ASO,CE,Combined TRACON& Tower with Radar,32,72,18,36,158,0,0,17,2,19,32,72,35,38,177,49,65,114,291
11/06/2007,HSV,AL,ASO,CE,Combined TRACON& Tower with Radar,29,70,41,42,182,0,0,10,3,13,29,70,51,45,195,49,60,109,304
11/07/2007,HSV,AL,ASO,CE,Combined TRACON& Tower with Radar,25,85,29,18,157,0,1,38,1,40,25,86,67,19,197,37,35,72,269
11/08/2007,HSV,AL,ASO,CE,Combined TRACON& Tower with Radar,32,73,44,41,190,0,0,26,0,26,32,73,70,41,216,102,104,206,422
11/09/2007,HSV,AL,ASO,CE,Combined TRACON& Tower with Radar,26,71,30,45,172,0,1,24,7,32,26,72,54,52,204,148,66,214,418
11/10/2007,HSV,AL,ASO,CE,Combined TRACON& Tower with Radar,19,48,32,10,109,0,0,32,1,33,19,48,64,11,142,86,20,106,248
11/11/2007,HSV,AL,ASO,CE,Combined TRACON& Tower with Radar,25,59,39,3,126,0,0,30,1,31,25,59,69,4,157,41,10,51,208
11/12/2007,HSV,AL,ASO,CE,Combined TRACON& Tower with Radar,30,73,37,8,148,0,0,32,1,33,30,73,69,9,181,51,10,61,242
11/13/2007,HSV,AL,ASO,CE,Combined TRACON& Tower with Radar,35,67,24,20,146,0,1,14,2,17,35,68,38,22,163,46,56,102,265
11/14/2007,HSV,AL,ASO,CE,Combined TRACON& Tower with Radar,33,84,34,22,173,0,0,8,1,9,33,84,42,23,182,12,80,92,274
11/15/2007,HSV,AL,ASO,CE,Combined TRACON& Tower with Radar,31,70,24,36,161,0,0,16,4,20,31,70,40,40,181,27,181,208,389
11/16/2007,HSV,AL,ASO,CE,Combined TRACON& Tower with Radar,31,72,32,29,164,0,0,49,2,51,31,72,81,31,215,117,100,217,432
11/17/2007,HSV,AL,ASO,CE,Combined TRACON& Tower with Radar,19,45,22,23,109,0,0,31,1,32,19,45,53,24,141,68,7,75,216
11/18/2007,HSV,AL,ASO,CE,Combined TRACON& Tower with Radar,22,61,22,9,114,0,0,39,0,39,22,61,61,9,153,12,0,12,165
11/19/2007,HSV,AL,ASO,CE,Combined TRACON& Tower with Radar,34,73,24,36,167,0,2,23,11,36,34,75,47,47,203,61,59,120,323
11/20/2007,HSV,AL,ASO,CE,Combined TRACON& Tower with Radar,34,75,32,20,161,0,1,35,0,36,34,76,67,20,197,37,63,100,297
11/21/2007,HSV,AL,ASO,CE,Combined TRACON& Tower with Radar,27,73,40,40,180,0,0,4,0,4,27,73,44,40,184,38,0,38,222
11/22/2007,HSV,AL,ASO,CE,Combined TRACON& Tower with Radar,15,45,7,0,67,0,0,1,0,1,15,45,8,0,68,2,0,2,70
11/23/2007,HSV,AL,ASO,CE,Combined TRACON& Tower with Radar,22,46,10,0,78,0,0,22,0,22,22,46,32,0,100,40,0,40,140
11/24/2007,HSV,AL,ASO,CE,Combined TRACON& Tower with Radar,19,69,29,0,117,0,0,18,0,18,19,69,47,0,135,21,0,21,156
11/25/2007,HSV,AL,ASO,CE,Combined TRACON& Tower with Radar,23,69,31,0,123,0,0,1,0,1,23,69,32,0,124,7,0,7,131
11/26/2007,HSV,AL,ASO,CE,Combined TRACON& Tower with Radar,28,69,33,19,149,0,0,2,0,2,28,69,35,19,151,21,11,32,183
11/27/2007,HSV,AL,ASO,CE,Combined TRACON& Tower with Radar,37,72,34,42,185,0,0,20,2,22,37,72,54,44,207,48,65,113,320
11/28/2007,HSV,AL,ASO,CE,Combined TRACON& Tower with Radar,23,71,47,15,156,0,0,48,1,49,23,71,95,16,205,72,80,152,357
11/29/2007,HSV,AL,ASO,CE,Combined TRACON& Tower with Radar,31,70,32,56,189,0,0,44,0,44,31,70,76,56,233,55,84,139,372
11/30/2007,HSV,AL,ASO,CE,Combined TRACON& Tower with Radar,28,66,45,19,158,0,0,44,1,45,28,66,89,20,203,78,85,163,366
12/01/2007,HSV,AL,ASO,CE,Combined TRACON& Tower with Radar,18,43,26,4,91,0,0,37,1,38,18,43,63,5,129,87,1,88,217
12/02/2007,HSV,AL,ASO,CE,Combined TRACON& Tower with Radar,18,61,20,19,118,0,0,5,0,5,18,61,25,19,123,13,20,33,156
12/03/2007,HSV,AL,ASO,CE,Combined TRACON& Tower with Radar,32,65,20,41,158,0,0,22,0,22,32,65,42,41,180,32,68,100,280
12/04/2007,HSV,AL,ASO,CE,Combined TRACON& Tower with Radar,31,75,18,33,157,0,2,36,2,40,31,77,54,35,197,43,98,141,338
12/05/2007,HSV,AL,ASO,CE,Combined TRACON& Tower with Radar,23,71,22,34,150,0,3,22,5,30,23,74,44,39,180,53,74,127,307
12/06/2007,HSV,AL,ASO,CE,Combined TRACON& Tower with Radar,30,71,27,52,180,0,1,28,6,35,30,72,55,58,215,33,86,119,334
12/07/2007,HSV,AL,ASO,CE,Combined TRACON& Tower with Radar,29,75,35,29,168,0,2,19,5,26,29,77,54,34,194,53,90,143,337
12/08/2007,HSV,AL,ASO,CE,Combined TRACON& Tower with Radar,24,50,59,11,144,0,0,0,0,0,24,50,59,11,144,53,0,53,197
12/09/2007,HSV,AL,ASO,CE,Combined TRACON& Tower with Radar,22,64,25,16,127,0,0,4,1,5,22,64,29,17,132,25,1,26,158
12/10/2007,HSV,AL,ASO,CE,Combined TRACON& Tower with Radar,31,72,36,40,179,0,0,22,0,22,31,72,58,40,201,28,37,65,266
12/11/2007,HSV,AL,ASO,CE,Combined TRACON& Tower with Radar,31,70,38,41,180,0,0,42,9,51,31,70,80,50,231,52,80,132,363
12/12/2007,HSV,AL,ASO,CE,Combined TRACON& Tower with Radar,35,77,20,12,144,0,0,1,0,1,35,77,21,12,145,10,0,10,155
12/13/2007,HSV,AL,ASO,CE,Combined TRACON& Tower with Radar,34,78,42,43,197,0,1,3,0,4,34,79,45,43,201,50,4,54,255
12/14/2007,HSV,AL,ASO,CE,Combined TRACON& Tower with Radar,25,69,31,41,166,0,0,19,10,29,25,69,50,51,195,78,137,215,410
12/15/2007,HSV,AL,ASO,CE,Combined TRACON& Tower with Radar,25,49,13,0,87,0,0,1,1,2,25,49,14,1,89,28,3,31,120
12/16/2007,HSV,AL,ASO,CE,Combined TRACON& Tower with Radar,23,59,7,5,94,0,0,9,1,10,23,59,16,6,104,3,1,4,108
12/17/2007,HSV,AL,ASO,CE,Combined TRACON& Tower with Radar,33,71,20,43,167,0,1,18,5,24,33,72,38,48,191,22,53,75,266
12/18/2007,HSV,AL,ASO,CE,Combined TRACON& Tower with Radar,29,65,36,61,191,0,0,38,2,40,29,65,74,63,231,102,103,205,436
12/19/2007,HSV,AL,ASO,CE,Combined TRACON& Tower with Radar,30,77,22,51,180,0,0,2,0,2,30,77,24,51,182,15,63,78,260
12/20/2007,HSV,AL,ASO,CE,Combined TRACON& Tower with Radar,25,77,25,8,135,0,0,0,0,0,25,77,25,8,135,7,2,9,144
12/21/2007,HSV,AL,ASO,CE,Combined TRACON& Tower with Radar,31,75,37,12,155,0,0,8,1,9,31,75,45,13,164,19,2,21,185
12/22/2007,HSV,AL,ASO,CE,Combined TRACON& Tower with Radar,19,48,15,0,82,0,0,0,0,0,19,48,15,0,82,37,0,37,119
12/23/2007,HSV,AL,ASO,CE,Combined TRACON& Tower with Radar,25,54,9,0,88,0,0,7,0,7,25,54,16,0,95,0,0,0,95
12/24/2007,HSV,AL,ASO,CE,Combined TRACON& Tower with Radar,19,43,17,0,79,0,1,31,0,32,19,44,48,0,111,14,0,14,125
12/25/2007,HSV,AL,ASO,CE,Combined TRACON& Tower with Radar,18,41,6,0,65,0,0,16,0,16,18,41,22,0,81,3,0,3,84
12/26/2007,HSV,AL,ASO,CE,Combined TRACON& Tower with Radar,28,53,26,3,110,0,0,20,0,20,28,53,46,3,130,36,0,36,166
12/27/2007,HSV,AL,ASO,CE,Combined TRACON& Tower with Radar,25,68,24,11,128,0,0,6,0,6,25,68,30,11,134,22,8,30,164
12/28/2007,HSV,AL,ASO,CE,Combined TRACON& Tower with Radar,27,61,3,4,95,0,0,2,0,2,27,61,5,4,97,4,0,4,101
12/29/2007,HSV,AL,ASO,CE,Combined TRACON& Tower with Radar,18,51,15,0,84,0,0,18,0,18,18,51,33,0,102,54,0,54,156
12/30/2007,HSV,AL,ASO,CE,Combined TRACON& Tower with Radar,22,60,10,0,92,0,0,10,0,10,22,60,20,0,102,2,0,2,104
12/31/2007,HSV,AL,ASO,CE,Combined TRACON& Tower with Radar,24,48,21,0,93,0,0,28,0,28,24,48,49,0,121,21,0,21,142
01/01/2008,HSV,AL,ASO,CE,Combined TRACON& Tower with Radar,19,43,4,0,66,0,0,6,0,6,19,43,10,0,72,0,0,0,72
01/02/2008,HSV,AL,ASO,CE,Combined TRACON& Tower with Radar,24,70,19,14,127,0,0,13,0,13,24,70,32,14,140,17,21,38,178
01/03/2008,HSV,AL,ASO,CE,Combined TRACON& Tower with Radar,25,76,25,30,156,0,0,29,5,34,25,76,54,35,190,54,44,98,288
01/04/2008,HSV,AL,ASO,CE,Combined TRACON& Tower with Radar,28,64,32,18,142,0,0,19,1,20,28,64,51,19,162,53,56,109,271
01/05/2008,HSV,AL,ASO,CE,Combined TRACON& Tower with Radar,19,51,17,2,89,0,0,24,0,24,19,51,41,2,113,58,0,58,171
01/06/2008,HSV,AL,ASO,CE,Combined TRACON& Tower with Radar,25,51,15,8,99,0,0,8,2,10,25,51,23,10,109,19,40,59,168
01/07/2008,HSV,AL,ASO,CE,Combined TRACON& Tower with Radar,27,69,18,54,168,0,0,18,3,21,27,69,36,57,189,65,88,153,342
01/08/2008,HSV,AL,ASO,CE,Combined TRACON& Tower with Radar,28,65,30,39,162,0,0,7,1,8,28,65,37,40,170,15,60,75,245
01/09/2008,HSV,AL,ASO,CE,Combined TRACON& Tower with Radar,28,70,30,18,146,0,1,19,4,24,28,71,49,22,170,20,68,88,258
01/10/2008,HSV,AL,ASO,CE,Combined TRACON& Tower with Radar,33,76,17,3,129,0,0,0,0,0,33,76,17,3,129,7,0,7,136
01/11/2008,HSV,AL,ASO,CE,Combined TRACON& Tower with Radar,28,74,37,63,202,0,0,23,2,25,28,74,60,65,227,63,135,198,425
01/12/2008,HSV,AL,ASO,CE,Combined TRACON& Tower with Radar,17,42,30,37,126,0,0,56,3,59,17,42,86,40,185,88,64,152,337
01/13/2008,HSV,AL,ASO,CE,Combined TRACON& Tower with Radar,24,60,24,19,127,0,0,10,1,11,24,60,34,20,138,24,0,24,162
01/14/2008,HSV,AL,ASO,CE,Combined TRACON& Tower with Radar,30,70,40,19,159,0,0,33,1,34,30,70,73,20,193,26,96,122,315
01/15/2008,HSV,AL,ASO,CE,Combined TRACON& Tower with Radar,36,70,36,28,170,0,2,34,5,41,36,72,70,33,211,42,87,129,340
01/16/2008,HSV,AL,ASO,CE,Combined TRACON& Tower with Radar,33,72,25,29,159,0,0,8,0,8,33,72,33,29,167,42,56,98,265
01/17/2008,HSV,AL,ASO,CE,Combined TRACON& Tower with Radar,31,73,44,33,181,0,0,1,0,1,31,73,45,33,182,26,0,26,208
01/18/2008,HSV,AL,ASO,CE,Combined TRACON& Tower with Radar,28,69,43,27,167,0,0,30,1,31,28,69,73,28,198,29,84,113,311
01/19/2008,HSV,AL,ASO,CE,Combined TRACON& Tower with Radar,18,36,1,0,55,0,0,15,0,15,18,36,16,0,70,76,0,76,146
01/20/2008,HSV,AL,ASO,CE,Combined TRACON& Tower with Radar,26,53,16,7,102,0,0,27,2,29,26,53,43,9,131,10,31,41,172
01/21/2008,HSV,AL,ASO,CE,Combined TRACON& Tower with Radar,27,73,26,10,136,0,0,37,2,39,27,73,63,12,175,11,4,15,190
01/22/2008,HSV,AL,ASO,CE,Combined TRACON& Tower with Radar,29,58,25,16,128,0,0,0,0,0,29,58,25,16,128,17,0,17,145
01/23/2008,HSV,AL,ASO,CE,Combined TRACON& Tower with Radar,29,64,17,46,156,0,0,4,0,4,29,64,21,46,160,24,32,56,216
01/24/2008,HSV,AL,ASO,CE,Combined TRACON& Tower with Radar,35,64,64,51,214,0,0,24,3,27,35,64,88,54,241,29,94,123,364
01/25/2008,HSV,AL,ASO,CE,Combined TRACON& Tower with Radar,31,64,23,21,139,0,0,23,2,25,31,64,46,23,164,56,37,93,257
01/26/2008,HSV,AL,ASO,CE,Combined TRACON& Tower with Radar,14,43,9,3,69,0,0,0,0,0,14,43,9,3,69,2,0,2,71
01/27/2008,HSV,AL,ASO,CE,Combined TRACON& Tower with Radar,22,57,31,1,111,0,0,39,1,40,22,57,70,2,151,39,0,39,190
01/28/2008,HSV,AL,ASO,CE,Combined TRACON& Tower with Radar,27,70,24,47,168,0,0,24,3,27,27,70,48,50,195,29,204,233,428
01/29/2008,HSV,AL,ASO,CE,Combined TRACON& Tower with Radar,37,64,19,12,132,0,0,2,0,2,37,64,21,12,134,7,0,7,141
01/30/2008,HSV,AL,ASO,CE,Combined TRACON& Tower with Radar,27,72,29,72,200,0,0,19,4,23,27,72,48,76,223,138,134,272,495
01/31/2008,HSV,AL,ASO,CE,Combined TRACON& Tower with Radar,33,69,20,17,139,0,0,9,1,10,33,69,29,18,149,10,112,122,271
02/01/2008,HSV,AL,ASO,CE,Combined TRACON& Tower with Radar,31,68,28,15,142,0,1,16,1,18,31,69,44,16,160,37,62,99,259
02/02/2008,HSV,AL,ASO,CE,Combined TRACON& Tower with Radar,26,35,16,0,77,0,0,51,0,51,26,35,67,0,128,74,0,74,202
02/03/2008,HSV,AL,ASO,CE,Combined TRACON& Tower with Radar,21,63,9,2,95,0,0,7,0,7,21,63,16,2,102,17,0,17,119
02/04/2008,HSV,AL,ASO,CE,Combined TRACON& Tower with Radar,24,62,24,16,126,0,0,0,0,0,24,62,24,16,126,26,0,26,152
02/05/2008,HSV,AL,ASO,CE,Combined TRACON& Tower with Radar,24,73,48,27,172,0,1,5,0,6,24,74,53,27,178,40,69,109,287
02/06/2008,HSV,AL,ASO,CE,Combined TRACON& Tower with Radar,28,57,15,10,110,0,0,4,0,4,28,57,19,10,114,47,4,51,165
02/07/2008,HSV,AL,ASO,CE,Combined TRACON& Tower with Radar,28,71,34,44,177,0,0,34,7,41,28,71,68,51,218,75,98,173,391
02/08/2008,HSV,AL,ASO,CE,Combined TRACON& Tower with Radar,30,71,29,29,159,0,5,40,6,51,30,76,69,35,210,56,16,72,282
02/09/2008,HSV,AL,ASO,CE,Combined TRACON& Tower with Radar,20,37,20,11,88,0,0,54,0,54,20,37,74,11,142,89,0,89,231
02/10/2008,HSV,AL,ASO,CE,Combined TRACON& Tower with Radar,25,58,29,8,120,0,0,50,1,51,25,58,79,9,171,36,2,38,209
02/11/2008,HSV,AL,ASO,CE,Combined TRACON& Tower with Radar,29,65,26,21,141,0,0,28,0,28,29,65,54,21,169,25,58,83,252
02/12/2008,HSV,AL,ASO,CE,Combined TRACON& Tower with Radar,28,59,24,33,144,0,0,3,0,3,28,59,27,33,147,18,62,80,227
02/13/2008,HSV,AL,ASO,CE,Combined TRACON& Tower with Radar,29,65,23,9,126,0,0,2,0,2,29,65,25,9,128,2,2,4,132
02/14/2008,HSV,AL,ASO,CE,Combined TRACON& Tower with Radar,33,68,26,23,150,0,0,27,4,31,33,68,53,27,181,64,39,103,284
02/15/2008,HSV,AL,ASO,CE,Combined TRACON& Tower with Radar,31,68,33,18,150,0,0,10,1,11,31,68,43,19,161,16,26,42,203
02/16/2008,HSV,AL,ASO,CE,Combined TRACON& Tower with Radar,15,52,45,0,112,0,0,25,0,25,15,52,70,0,137,27,0,27,164
02/17/2008,HSV,AL,ASO,CE,Combined TRACON& Tower with Radar,42,57,10,0,109,0,0,9,0,9,42,57,19,0,118,6,0,6,124
02/18/2008,HSV,AL,ASO,CE,Combined TRACON& Tower with Radar,31,57,35,1,124,0,0,35,0,35,31,57,70,1,159,21,0,21,180
02/19/2008,HSV,AL,ASO,CE,Combined TRACON& Tower with Radar,30,64,36,30,160,0,0,14,1,15,30,64,50,31,175,14,38,52,227
02/20/2008,HSV,AL,ASO,CE,Combined TRACON& Tower with Radar,27,70,64,63,224,0,0,39,3,42,27,70,103,66,266,61,74,135,401
02/21/2008,HSV,AL,ASO,CE,Combined TRACON& Tower with Radar,31,71,42,22,166,0,0,10,2,12,31,71,52,24,178,28,104,132,310
02/22/2008,HSV,AL,ASO,CE,Combined TRACON& Tower with Radar,31,66,34,6,137,0,0,0,0,0,31,66,34,6,137,4,0,4,141
02/23/2008,HSV,AL,ASO,CE,Combined TRACON& Tower with Radar,12,52,18,2,84,0,0,13,2,15,12,52,31,4,99,60,0,60,159
02/24/2008,HSV,AL,ASO,CE,Combined TRACON& Tower with Radar,20,63,33,14,130,0,0,24,2,26,20,63,57,16,156,84,25,109,265
02/25/2008,HSV,AL,ASO,CE,Combined TRACON& Tower with Radar,55,75,34,26,190,0,0,27,2,29,55,75,61,28,219,31,101,132,351
02/26/2008,HSV,AL,ASO,CE,Combined TRACON& Tower with Radar,33,62,12,8,115,0,0,1,0,1,33,62,13,8,116,5,0,5,121
02/27/2008,HSV,AL,ASO,CE,Combined TRACON& Tower with Radar,29,73,35,29,166,0,0,15,2,17,29,73,50,31,183,50,30,80,263
02/28/2008,HSV,AL,ASO,CE,Combined TRACON& Tower with Radar,37,68,26,63,194,0,0,30,2,32,37,68,56,65,226,70,57,127,353
02/29/2008,HSV,AL,ASO,CE,Combined TRACON& Tower with Radar,34,76,25,21,156,0,0,11,0,11,34,76,36,21,167,6,41,47,214
03/01/2008,HSV,AL,ASO,CE,Combined TRACON& Tower with Radar,17,55,34,0,106,0,4,48,0,52,17,59,82,0,158,103,2,105,263
03/02/2008,HSV,AL,ASO,CE,Combined TRACON& Tower with Radar,24,63,27,24,138,0,0,40,0,40,24,63,67,24,178,60,0,60,238
03/03/2008,HSV,AL,ASO,CE,Combined TRACON& Tower with Radar,33,63,20,36,152,0,0,13,0,13,33,63,33,36,165,31,105,136,301
03/04/2008,HSV,AL,ASO,CE,Combined TRACON& Tower with Radar,50,64,4,9,127,0,0,3,0,3,50,64,7,9,130,7,10,17,147
03/05/2008,HSV,AL,ASO,CE,Combined TRACON& Tower with Radar,30,70,39,35,174,0,0,16,1,17,30,70,55,36,191,65,66,131,322
03/06/2008,HSV,AL,ASO,CE,Combined TRACON& Tower with Radar,30,64,35,26,155,0,0,29,5,34,30,64,64,31,189,104,28,132,321
03/07/2008,HSV,AL,ASO,CE,Combined TRACON& Tower with Radar,28,58,14,0,100,0,0,0,0,0,28,58,14,0,100,41,0,41,141
03/08/2008,HSV,AL,ASO,CE,Combined TRACON& Tower with Radar,18,46,7,0,71,0,0,16,0,16,18,46,23,0,87,5,0,5,92
03/09/2008,HSV,AL,ASO,CE,Combined TRACON& Tower with Radar,24,57,27,0,108,0,0,30,0,30,24,57,57,0,138,74,2,76,214
03/10/2008,HSV,AL,ASO,CE,Combined TRACON& Tower with Radar,31,64,35,13,143,0,0,16,0,16,31,64,51,13,159,51,7,58,217
03/11/2008,HSV,AL,ASO,CE,Combined TRACON& Tower with Radar,42,69,32,30,173,0,0,22,3,25,42,69,54,33,198,38,69,107,305
03/12/2008,HSV,AL,ASO,CE,Combined TRACON& Tower with Radar,32,68,36,25,161,0,0,41,3,44,32,68,77,28,205,137,42,179,384
03/13/2008,HSV,AL,ASO,CE,Combined TRACON& Tower with Radar,32,68,45,22,167,0,0,50,2,52,32,68,95,24,219,30,6,36,255
03/14/2008,HSV,AL,ASO,CE,Combined TRACON& Tower with Radar,32,59,32,14,137,0,0,7,1,8,32,59,39,15,145,15,12,27,172
03/15/2008,HSV,AL,ASO,CE,Combined TRACON& Tower with Radar,13,50,11,11,85,0,0,4,0,4,13,50,15,11,89,7,20,27,116
03/16/2008,HSV,AL,ASO,CE,Combined TRACON& Tower with Radar,23,61,46,22,152,0,0,35,0,35,23,61,81,22,187,42,6,48,235
03/17/2008,HSV,AL,ASO,CE,Combined TRACON& Tower with Radar,31,69,34,29,163,0,0,14,4,18,31,69,48,33,181,20,116,136,317
03/18/2008,HSV,AL,ASO,CE,Combined TRACON& Tower with Radar,33,59,30,42,164,0,0,5,1,6,33,59,35,43,170,24,129,153,323
03/19/2008,HSV,AL,ASO,CE,Combined TRACON& Tower with Radar,31,64,13,6,114,0,0,3,0,3,31,64,16,6,117,1,0,1,118
03/20/2008,HSV,AL,ASO,CE,Combined TRACON& Tower with Radar,34,64,54,24,176,0,0,53,0,53,34,64,107,24,229,74,36,110,339
03/21/2008,HSV,AL,ASO,CE,Combined TRACON& Tower with Radar,27,68,40,23,158,0,0,48,1,49,27,68,88,24,207,90,51,141,348
03/22/2008,HSV,AL,ASO,CE,Combined TRACON& Tower with Radar,19,46,23,0,88,0,0,33,0,33,19,46,56,0,121,41,0,41,162
03/23/2008,HSV,AL,ASO,CE,Combined TRACON& Tower with Radar,24,60,27,2,113,0,0,18,0,18,24,60,45,2,131,39,0,39,170
03/24/2008,HSV,AL,ASO,CE,Combined TRACON& Tower with Radar,33,71,42,25,171,0,0,22,1,23,33,71,64,26,194,52,85,137,331
03/25/2008,HSV,AL,ASO,CE,Combined TRACON& Tower with Radar,37,82,28,32,179,0,0,24,0,24,37,82,52,32,203,78,86,164,367
03/26/2008,HSV,AL,ASO,CE,Combined TRACON& Tower with Radar,30,75,26,21,152,0,0,36,2,38,30,75,62,23,190,40,73,113,303
03/27/2008,HSV,AL,ASO,CE,Combined TRACON& Tower with Radar,36,63,35,36,170,0,0,26,1,27,36,63,61,37,197,68,22,90,287
03/28/2008,HSV,AL,ASO,CE,Combined TRACON& Tower with Radar,29,72,35,28,164,0,1,5,0,6,29,73,40,28,170,37,62,99,269
03/29/2008,HSV,AL,ASO,CE,Combined TRACON& Tower with Radar,17,43,21,1,82,0,0,0,0,0,17,43,21,1,82,7,0,7,89
03/30/2008,HSV,AL,ASO,CE,Combined TRACON& Tower with Radar,30,49,23,27,129,0,0,0,1,1,30,49,23,28,130,18,29,47,177
03/31/2008,HSV,AL,ASO,CE,Combined TRACON& Tower with Radar,41,64,27,12,144,0,0,21,0,21,41,64,48,12,165,31,48,79,244
04/01/2008,HSV,AL,ASO,CE,Combined TRACON& Tower with Radar,36,63,37,20,156,0,0,16,0,16,36,63,53,20,172,53,50,103,275
04/02/2008,HSV,AL,ASO,CE,Combined TRACON& Tower with Radar,35,66,37,37,175,0,0,13,5,18,35,66,50,42,193,29,77,106,299
04/03/2008,HSV,AL,ASO,CE,Combined TRACON& Tower with Radar,39,67,26,21,153,0,0,19,0,19,39,67,45,21,172,32,44,76,248
04/04/2008,HSV,AL,ASO,CE,Combined TRACON& Tower with Radar,31,61,8,2,102,0,0,0,0,0,31,61,8,2,102,0,0,0,102
04/05/2008,HSV,AL,ASO,CE,Combined TRACON& Tower with Radar,17,49,51,13,130,0,0,1,0,1,17,49,52,13,131,10,0,10,141
04/06/2008,HSV,AL,ASO,CE,Combined TRACON& Tower with Radar,23,59,43,66,191,0,0,20,0,20,23,59,63,66,211,52,60,112,323
04/07/2008,HSV,AL,ASO,CE,Combined TRACON& Tower with Radar,33,61,29,18,141,0,0,35,0,35,33,61,64,18,176,49,21,70,246
04/08/2008,HSV,AL,ASO,CE,Combined TRACON& Tower with Radar,34,66,36,42,178,0,0,21,0,21,34,66,57,42,199,100,66,166,365
04/09/2008,HSV,AL,ASO,CE,Combined TRACON& Tower with Radar,23,70,41,27,161,0,0,422,2,424,23,70,463,29,585,29,64,93,678
04/10/2008,HSV,AL,ASO,CE,Combined TRACON& Tower with Radar,31,65,31,31,158,0,0,15,3,18,31,65,46,34,176,29,64,93,269
04/11/2008,HSV,AL,ASO,CE,Combined TRACON& Tower with Radar,21,74,9,2,106,0,0,5,0,5,21,74,14,2,111,4,0,4,115
04/12/2008,HSV,AL,ASO,CE,Combined TRACON& Tower with Radar,21,37,23,0,81,0,0,23,0,23,21,37,46,0,104,29,0,29,133
04/13/2008,HSV,AL,ASO,CE,Combined TRACON& Tower with Radar,24,61,17,4,106,0,0,21,1,22,24,61,38,5,128,15,6,21,149
04/14/2008,HSV,AL,ASO,CE,Combined TRACON& Tower with Radar,30,67,12,12,121,0,1,3,1,5,30,68,15,13,126,5,26,31,157
04/15/2008,HSV,AL,ASO,CE,Combined TRACON& Tower with Radar,31,64,40,25,160,0,0,47,1,48,31,64,87,26,208,60,72,132,340
04/16/2008,HSV,AL,ASO,CE,Combined TRACON& Tower with Radar,38,72,62,11,183,0,0,31,1,32,38,72,93,12,215,101,41,142,357
04/17/2008,HSV,AL,ASO,CE,Combined TRACON& Tower with Radar,32,70,48,20,170,0,2,33,4,39,32,72,81,24,209,57,35,92,301
04/18/2008,HSV,AL,ASO,CE,Combined TRACON& Tower with Radar,30,68,34,27,159,0,0,24,0,24,30,68,58,27,183,21,46,67,250
04/19/2008,HSV,AL,ASO,CE,Combined TRACON& Tower with Radar,24,43,17,2,86,0,0,22,0,22,24,43,39,2,108,75,0,75,183
04/20/2008,HSV,AL,ASO,CE,Combined TRACON& Tower with Radar,23,65,37,5,130,0,0,54,1,55,23,65,91,6,185,55,0,55,240
04/21/2008,HSV,AL,ASO,CE,Combined TRACON& Tower with Radar,33,69,36,29,167,0,1,43,2,46,33,70,79,31,213,48,89,137,350
04/22/2008,HSV,AL,ASO,CE,Combined TRACON& Tower with Radar,32,73,35,46,186,0,1,31,0,32,32,74,66,46,218,67,213,280,498
04/23/2008,HSV,AL,ASO,CE,Combined TRACON& Tower with Radar,30,73,51,23,177,0,1,46,4,51,30,74,97,27,228,63,27,90,318
04/24/2008,HSV,AL,ASO,CE,Combined TRACON& Tower with Radar,44,65,34,9,152,0,2,34,0,36,44,67,68,9,188,62,6,68,256
04/25/2008,HSV,AL,ASO,CE,Combined TRACON& Tower with Radar,30,69,32,8,139,0,0,19,3,22,30,69,51,11,161,22,40,62,223
04/26/2008,HSV,AL,ASO,CE,Combined TRACON& Tower with Radar,24,37,15,2,78,0,0,11,0,11,24,37,26,2,89,34,0,34,123
04/27/2008,HSV,AL,ASO,CE,Combined TRACON& Tower with Radar,25,63,12,0,100,0,0,1,0,1,25,63,13,0,101,7,1,8,109
04/28/2008,HSV,AL,ASO,CE,Combined TRACON& Tower with Radar,28,69,39,15,151,0,2,4,1,7,28,71,43,16,158,34,16,50,208
04/29/2008,HSV,AL,ASO,CE,Combined TRACON& Tower with Radar,28,68,35,14,145,0,2,28,2,32,28,70,63,16,177,35,11,46,223
04/30/2008,HSV,AL,ASO,CE,Combined TRACON& Tower with Radar,25,71,36,32,164,0,0,33,2,35,25,71,69,34,199,73,83,156,355
05/01/2008,HSV,AL,ASO,CE,Combined TRACON& Tower with Radar,34,74,38,27,173,0,0,12,1,13,34,74,50,28,186,44,24,68,254
05/02/2008,HSV,AL,ASO,CE,Combined TRACON& Tower with Radar,38,64,18,14,134,0,0,7,1,8,38,64,25,15,142,39,0,39,181
05/03/2008,HSV,AL,ASO,CE,Combined TRACON& Tower with Radar,16,33,18,0,67,0,0,8,0,8,16,33,26,0,75,14,0,14,89
05/04/2008,HSV,AL,ASO,CE,Combined TRACON& Tower with Radar,25,57,32,3,117,0,0,38,4,42,25,57,70,7,159,22,0,22,181
05/05/2008,HSV,AL,ASO,CE,Combined TRACON& Tower with Radar,31,61,22,9,123,0,0,25,0,25,31,61,47,9,148,11,0,11,159
05/06/2008,HSV,AL,ASO,CE,Combined TRACON& Tower with Radar,32,78,33,15,158,0,2,26,1,29,32,80,59,16,187,80,126,206,393
05/07/2008,HSV,AL,ASO,CE,Combined TRACON& Tower with Radar,28,68,30,22,148,0,0,47,2,49,28,68,77,24,197,54,55,109,306
05/08/2008,HSV,AL,ASO,CE,Combined TRACON& Tower with Radar,34,64,11,0,109,0,0,5,2,7,34,64,16,2,116,24,0,24,140
05/09/2008,HSV,AL,ASO,CE,Combined TRACON& Tower with Radar,30,63,36,14,143,0,0,36,2,38,30,63,72,16,181,18,12,30,211
05/10/2008,HSV,AL,ASO,CE,Combined TRACON& Tower with Radar,19,41,19,0,79,0,0,40,2,42,19,41,59,2,121,39,2,41,162
05/11/2008,HSV,AL,ASO,CE,Combined TRACON& Tower with Radar,23,58,5,0,86,0,0,3,0,3,23,58,8,0,89,4,0,4,93
05/12/2008,HSV,AL,ASO,CE,Combined TRACON& Tower with Radar,25,61,28,19,133,0,0,41,1,42,25,61,69,20,175,19,101,120,295
05/13/2008,HSV,AL,ASO,CE,Combined TRACON& Tower with Radar,25,60,38,6,129,0,0,41,1,42,25,60,79,7,171,40,29,69,240
05/14/2008,HSV,AL,ASO,CE,Combined TRACON& Tower with Radar,29,69,42,31,171,0,0,12,0,12,29,69,54,31,183,32,128,160,343
05/15/2008,HSV,AL,ASO,CE,Combined TRACON& Tower with Radar,34,64,22,7,127,0,0,0,0,0,34,64,22,7,127,27,13,40,167
05/16/2008,HSV,AL,ASO,CE,Combined TRACON& Tower with Radar,29,70,35,33,167,0,0,24,0,24,29,70,59,33,191,32,111,143,334
05/17/2008,HSV,AL,ASO,CE,Combined TRACON& Tower with Radar,20,38,27,0,85,0,0,56,0,56,20,38,83,0,141,40,0,40,181
05/18/2008,HSV,AL,ASO,CE,Combined TRACON& Tower with Radar,22,63,22,4,111,0,0,14,2,16,22,63,36,6,127,56,2,58,185
05/19/2008,HSV,AL,ASO,CE,Combined TRACON& Tower with Radar,30,66,18,13,127,0,0,33,0,33,30,66,51,13,160,17,44,61,221
05/20/2008,HSV,AL,ASO,CE,Combined TRACON& Tower with Radar,28,74,27,21,150,0,0,20,1,21,28,74,47,22,171,45,26,71,242
05/21/2008,HSV,AL,ASO,CE,Combined TRACON& Tower with Radar,26,80,36,25,167,0,0,57,0,57,26,80,93,25,224,73,86,159,383
05/22/2008,HSV,AL,ASO,CE,Combined TRACON& Tower with Radar,33,63,44,36,176,0,0,23,0,23,33,63,67,36,199,64,66,130,329
05/23/2008,HSV,AL,ASO,CE,Combined TRACON& Tower with Radar,31,68,21,19,139,0,0,25,3,28,31,68,46,22,167,37,15,52,219
05/24/2008,HSV,AL,ASO,CE,Combined TRACON& Tower with Radar,17,48,15,0,80,0,0,28,0,28,17,48,43,0,108,84,0,84,192
05/25/2008,HSV,AL,ASO,CE,Combined TRACON& Tower with Radar,21,44,22,0,87,0,0,24,0,24,21,44,46,0,111,48,0,48,159
05/26/2008,HSV,AL,ASO,CE,Combined TRACON& Tower with Radar,20,56,15,0,91,0,0,6,0,6,20,56,21,0,97,5,0,5,102
05/27/2008,HSV,AL,ASO,CE,Combined TRACON& Tower with Radar,24,64,17,6,111,0,0,0,0,0,24,64,17,6,111,5,6,11,122
05/28/2008,HSV,AL,ASO,CE,Combined TRACON& Tower with Radar,31,74,33,5,143,0,0,3,3,6,31,74,36,8,149,13,1,14,163
05/29/2008,HSV,AL,ASO,CE,Combined TRACON& Tower with Radar,36,73,32,36,177,0,0,9,0,9,36,73,41,36,186,35,8,43,229
05/30/2008,HSV,AL,ASO,CE,Combined TRACON& Tower with Radar,34,67,43,41,185,0,0,14,2,16,34,67,57,43,201,41,97,138,339
05/31/2008,HSV,AL,ASO,CE,Combined TRACON& Tower with Radar,20,51,27,8,106,0,4,51,0,55,20,55,78,8,161,67,9,76,237
06/01/2008,HSV,AL,ASO,CE,Combined TRACON& Tower with Radar,20,64,9,5,98,0,0,2,1,3,20,64,11,6,101,2,11,13,114
06/02/2008,HSV,AL,ASO,CE,Combined TRACON& Tower with Radar,33,71,27,26,157,0,0,13,2,15,33,71,40,28,172,43,128,171,343
06/03/2008,HSV,AL,ASO,CE,Combined TRACON& Tower with Radar,31,75,23,41,170,0,0,19,3,22,31,75,42,44,192,169,59,228,420
06/04/2008,HSV,AL,ASO,CE,Combined TRACON& Tower with Radar,22,62,34,29,147,0,0,38,4,42,22,62,72,33,189,76,27,103,292
06/05/2008,HSV,AL,ASO,CE,Combined TRACON& Tower with Radar,33,66,30,45,174,0,0,38,2,40,33,66,68,47,214,48,76,124,338
06/06/2008,HSV,AL,ASO,CE,Combined TRACON& Tower with Radar,32,66,37,10,145,0,0,42,0,42,32,66,79,10,187,58,30,88,275
06/07/2008,HSV,AL,ASO,CE,Combined TRACON& Tower with Radar,22,48,14,1,85,0,0,51,0,51,22,48,65,1,136,39,0,39,175
06/08/2008,HSV,AL,ASO,CE,Combined TRACON& Tower with Radar,25,49,42,2,118,0,0,21,0,21,25,49,63,2,139,15,0,15,154
06/09/2008,HSV,AL,ASO,CE,Combined TRACON& Tower with Radar,34,67,39,24,164,0,0,31,4,35,34,67,70,28,199,32,91,123,322
06/10/2008,HSV,AL,ASO,CE,Combined TRACON& Tower with Radar,31,69,45,31,176,0,4,30,2,36,31,73,75,33,212,69,19,88,300
06/11/2008,HSV,AL,ASO,CE,Combined TRACON& Tower with Radar,34,66,49,36,185,0,1,26,2,29,34,67,75,38,214,82,93,175,389
06/12/2008,HSV,AL,ASO,CE,Combined TRACON& Tower with Radar,34,65,26,18,143,0,0,22,1,23,34,65,48,19,166,38,33,71,237
06/13/2008,HSV,AL,ASO,CE,Combined TRACON& Tower with Radar,36,62,36,11,145,0,0,23,5,28,36,62,59,16,173,10,24,34,207
06/14/2008,HSV,AL,ASO,CE,Combined TRACON& Tower with Radar,34,44,20,0,98,0,0,21,0,21,34,44,41,0,119,30,0,30,149
06/15/2008,HSV,AL,ASO,CE,Combined TRACON& Tower with Radar,33,51,28,0,112,0,1,39,0,40,33,52,67,0,152,60,0,60,212
06/16/2008,HSV,AL,ASO,CE,Combined TRACON& Tower with Radar,38,55,32,18,143,0,0,20,1,21,38,55,52,19,164,57,47,104,268
06/17/2008,HSV,AL,ASO,CE,Combined TRACON& Tower with Radar,30,67,24,30,151,0,0,31,13,44,30,67,55,43,195,60,97,157,352
06/18/2008,HSV,AL,ASO,CE,Combined TRACON& Tower with Radar,32,71,37,44,184,0,0,28,7,35,32,71,65,51,219,57,86,143,362
06/19/2008,HSV,AL,ASO,CE,Combined TRACON& Tower with Radar,34,70,45,23,172,0,0,48,2,50,34,70,93,25,222,77,40,117,339
06/20/2008,HSV,AL,ASO,CE,Combined TRACON& Tower with Radar,34,72,19,22,147,0,1,32,3,36,34,73,51,25,183,25,52,77,260
06/21/2008,HSV,AL,ASO,CE,Combined TRACON& Tower with Radar,27,44,19,42,132,0,0,14,8,22,27,44,33,50,154,34,19,53,207
06/22/2008,HSV,AL,ASO,CE,Combined TRACON& Tower with Radar,26,59,17,7,109,0,0,34,0,34,26,59,51,7,143,55,7,62,205
06/23/2008,HSV,AL,ASO,CE,Combined TRACON& Tower with Radar,34,58,23,25,140,0,0,22,2,24,34,58,45,27,164,19,46,65,229
06/24/2008,HSV,AL,ASO,CE,Combined TRACON& Tower with Radar,35,59,60,61,215,0,0,24,7,31,35,59,84,68,246,54,24,78,324
06/25/2008,HSV,AL,ASO,CE,Combined TRACON& Tower with Radar,30,67,29,34,160,0,0,21,6,27,30,67,50,40,187,49,82,131,318
06/26/2008,HSV,AL,ASO,CE,Combined TRACON& Tower with Radar,31,56,44,11,142,0,0,33,2,35,31,56,77,13,177,38,46,84,261
06/27/2008,HSV,AL,ASO,CE,Combined TRACON& Tower with Radar,34,59,34,17,144,0,1,31,7,39,34,60,65,24,183,24,30,54,237
06/28/2008,HSV,AL,ASO,CE,Combined TRACON& Tower with Radar,24,45,13,4,86,0,2,36,2,40,24,47,49,6,126,26,0,26,152
06/29/2008,HSV,AL,ASO,CE,Combined TRACON& Tower with Radar,32,47,10,14,103,0,0,19,0,19,32,47,29,14,122,30,12,42,164
06/30/2008,HSV,AL,ASO,CE,Combined TRACON& Tower with Radar,32,61,17,21,131,0,0,22,6,28,32,61,39,27,159,11,27,38,197
07/01/2008,HSV,AL,ASO,CE,Combined TRACON& Tower with Radar,15,81,32,10,138,0,0,34,1,35,15,81,66,11,173,22,70,92,265
07/02/2008,HSV,AL,ASO,CE,Combined TRACON& Tower with Radar,30,65,25,21,141,0,0,35,11,46,30,65,60,32,187,4,72,76,263
07/03/2008,HSV,AL,ASO,CE,Combined TRACON& Tower with Radar,34,57,26,17,134,0,0,26,1,27,34,57,52,18,161,60,0,60,221
07/04/2008,HSV,AL,ASO,CE,Combined TRACON& Tower with Radar,22,36,11,0,69,0,4,14,0,18,22,40,25,0,87,0,0,0,87
07/05/2008,HSV,AL,ASO,CE,Combined TRACON& Tower with Radar,29,44,17,0,90,0,0,9,0,9,29,44,26,0,99,14,0,14,113
07/06/2008,HSV,AL,ASO,CE,Combined TRACON& Tower with Radar,39,60,30,0,129,0,0,6,0,6,39,60,36,0,135,10,0,10,145
07/07/2008,HSV,AL,ASO,CE,Combined TRACON& Tower with Radar,37,61,29,26,153,0,0,34,2,36,37,61,63,28,189,20,45,65,254
07/08/2008,HSV,AL,ASO,CE,Combined TRACON& Tower with Radar,30,68,26,40,164,0,0,36,5,41,30,68,62,45,205,45,34,79,284
07/09/2008,HSV,AL,ASO,CE,Combined TRACON& Tower with Radar,29,70,19,51,169,0,0,7,1,8,29,70,26,52,177,6,90,96,273
07/10/2008,HSV,AL,ASO,CE,Combined TRACON& Tower with Radar,59,70,37,30,196,0,0,19,0,19,59,70,56,30,215,53,3,56,271
07/11/2008,HSV,AL,ASO,CE,Combined TRACON& Tower with Radar,38,61,31,29,159,0,0,18,1,19,38,61,49,30,178,45,36,81,259
07/12/2008,HSV,AL,ASO,CE,Combined TRACON& Tower with Radar,29,46,16,9,100,0,0,23,2,25,29,46,39,11,125,44,5,49,174
07/13/2008,HSV,AL,ASO,CE,Combined TRACON& Tower with Radar,29,56,19,8,112,0,0,6,0,6,29,56,25,8,118,0,0,0,118
07/14/2008,HSV,AL,ASO,CE,Combined TRACON& Tower with Radar,34,67,33,27,161,0,0,28,6,34,34,67,61,33,195,7,50,57,252
07/15/2008,HSV,AL,ASO,CE,Combined TRACON& Tower with Radar,30,64,53,46,193,0,1,56,3,60,30,65,109,49,253,49,84,133,386
07/16/2008,HSV,AL,ASO,CE,Combined TRACON& Tower with Radar,28,64,61,60,213,0,0,34,1,35,28,64,95,61,248,23,83,106,354
07/17/2008,HSV,AL,ASO,CE,Combined TRACON& Tower with Radar,34,61,64,31,190,0,0,70,2,72,34,61,134,33,262,43,52,95,357
07/18/2008,HSV,AL,ASO,CE,Combined TRACON& Tower with Radar,32,64,29,25,150,0,0,36,5,41,32,64,65,30,191,15,63,78,269
07/19/2008,HSV,AL,ASO,CE,Combined TRACON& Tower with Radar,23,43,15,13,94,0,1,36,0,37,23,44,51,13,131,66,14,80,211
07/20/2008,HSV,AL,ASO,CE,Combined TRACON& Tower with Radar,22,60,19,17,118,0,0,16,1,17,22,60,35,18,135,38,10,48,183
07/21/2008,HSV,AL,ASO,CE,Combined TRACON& Tower with Radar,32,69,13,21,135,0,0,28,6,34,32,69,41,27,169,26,36,62,231
07/22/2008,HSV,AL,ASO,CE,Combined TRACON& Tower with Radar,29,63,15,11,118,0,0,12,2,14,29,63,27,13,132,0,39,39,171
07/23/2008,HSV,AL,ASO,CE,Combined TRACON& Tower with Radar,31,60,42,20,153,0,0,21,4,25,31,60,63,24,178,12,24,36,214
07/24/2008,HSV,AL,ASO,CE,Combined TRACON& Tower with Radar,33,67,55,61,216,0,0,36,5,41,33,67,91,66,257,67,64,131,388
07/25/2008,HSV,AL,ASO,CE,Combined TRACON& Tower with Radar,31,71,12,27,141,0,0,23,3,26,31,71,35,30,167,19,39,58,225
07/26/2008,HSV,AL,ASO,CE,Combined TRACON& Tower with Radar,32,48,30,0,110,0,0,17,0,17,32,48,47,0,127,8,0,8,135
07/27/2008,HSV,AL,ASO,CE,Combined TRACON& Tower with Radar,48,65,24,12,149,0,0,28,3,31,48,65,52,15,180,28,2,30,210
07/28/2008,HSV,AL,ASO,CE,Combined TRACON& Tower with Radar,30,67,25,3,125,0,0,25,0,25,30,67,50,3,150,0,36,36,186
07/29/2008,HSV,AL,ASO,CE,Combined TRACON& Tower with Radar,32,70,44,31,177,0,1,25,1,27,32,71,69,32,204,26,22,48,252
07/30/2008,HSV,AL,ASO,CE,Combined TRACON& Tower with Radar,28,67,43,85,223,0,0,29,4,33,28,67,72,89,256,14,128,142,398
07/31/2008,HSV,AL,ASO,CE,Combined TRACON& Tower with Radar,35,61,37,35,168,0,0,20,4,24,35,61,57,39,192,2,107,109,301
08/01/2008,HSV,AL,ASO,CE,Combined TRACON& Tower with Radar,29,66,32,84,211,0,0,23,13,36,29,66,55,97,247,43,172,215,462
08/02/2008,HSV,AL,ASO,CE,Combined TRACON& Tower with Radar,30,42,19,0,91,0,0,22,0,22,30,42,41,0,113,60,0,60,173
08/03/2008,HSV,AL,ASO,CE,Combined TRACON& Tower with Radar,22,61,28,28,139,0,0,34,5,39,22,61,62,33,178,70,24,94,272
08/04/2008,HSV,AL,ASO,CE,Combined TRACON& Tower with Radar,34,60,18,42,154,0,2,31,2,35,34,62,49,44,189,24,62,86,275
08/05/2008,HSV,AL,ASO,CE,Combined TRACON& Tower with Radar,29,59,25,32,145,0,2,40,11,53,29,61,65,43,198,16,86,102,300
08/06/2008,HSV,AL,ASO,CE,Combined TRACON& Tower with Radar,33,65,27,43,168,0,1,44,5,50,33,66,71,48,218,12,24,36,254
08/07/2008,HSV,AL,ASO,CE,Combined TRACON& Tower with Radar,34,61,16,16,127,0,0,15,1,16,34,61,31,17,143,0,12,12,155
08/08/2008,HSV,AL,ASO,CE,Combined TRACON& Tower with Radar,33,60,26,41,160,0,0,38,7,45,33,60,64,48,205,18,28,46,251
08/09/2008,HSV,AL,ASO,CE,Combined TRACON& Tower with Radar,25,44,13,0,82,0,0,57,3,60,25,44,70,3,142,30,0,30,172
08/10/2008,HSV,AL,ASO,CE,Combined TRACON& Tower with Radar,22,58,28,22,130,0,0,33,3,36,22,58,61,25,166,49,6,55,221
08/11/2008,HSV,AL,ASO,CE,Combined TRACON& Tower with Radar,36,59,35,23,153,5,0,40,10,55,41,59,75,33,208,58,120,178,386
08/12/2008,HSV,AL,ASO,CE,Combined TRACON& Tower with Radar,30,60,29,42,161,0,1,14,3,18,30,61,43,45,179,5,47,52,231
08/13/2008,HSV,AL,ASO,CE,Combined TRACON& Tower with Radar,30,59,45,27,161,0,0,44,1,45,30,59,89,28,206,30,80,110,316
08/14/2008,HSV,AL,ASO,CE,Combined TRACON& Tower with Radar,34,56,44,47,181,0,2,40,7,49,34,58,84,54,230,14,71,85,315
08/15/2008,HSV,AL,ASO,CE,Combined TRACON& Tower with Radar,31,61,17,28,137,0,0,35,1,36,31,61,52,29,173,38,34,72,245
08/16/2008,HSV,AL,ASO,CE,Combined TRACON& Tower with Radar,28,43,20,0,91,0,0,27,0,27,28,43,47,0,118,64,0,64,182
08/17/2008,HSV,AL,ASO,CE,Combined TRACON& Tower with Radar,19,60,15,30,124,0,0,30,3,33,19,60,45,33,157,2,10,12,169
08/18/2008,HSV,AL,ASO,CE,Combined TRACON& Tower with Radar,33,65,20,18,136,0,0,16,3,19,33,65,36,21,155,7,19,26,181
08/19/2008,HSV,AL,ASO,CE,Combined TRACON& Tower with Radar,27,64,22,50,163,0,0,28,0,28,27,64,50,50,191,12,56,68,259
08/20/2008,HSV,AL,ASO,CE,Combined TRACON& Tower with Radar,33,61,32,76,202,0,0,17,2,19,33,61,49,78,221,14,134,148,369
08/21/2008,HSV,AL,ASO,CE,Combined TRACON& Tower with Radar,34,72,25,60,191,0,0,30,5,35,34,72,55,65,226,17,147,164,390
08/22/2008,HSV,AL,ASO,CE,Combined TRACON& Tower with Radar,31,70,26,18,145,0,0,12,2,14,31,70,38,20,159,0,0,0,159
08/23/2008,HSV,AL,ASO,CE,Combined TRACON& Tower with Radar,22,36,7,3,68,0,0,10,0,10,22,36,17,3,78,24,0,24,102
08/24/2008,HSV,AL,ASO,CE,Combined TRACON& Tower with Radar,18,59,10,0,87,0,0,1,1,2,18,59,11,1,89,0,0,0,89
08/25/2008,HSV,AL,ASO,CE,Combined TRACON& Tower with Radar,40,64,17,0,121,0,0,3,0,3,40,64,20,0,124,0,0,0,124
08/26/2008,HSV,AL,ASO,CE,Combined TRACON& Tower with Radar,26,66,54,7,153,0,0,9,0,9,26,66,63,7,162,6,0,6,168
08/27/2008,HSV,AL,ASO,CE,Combined TRACON& Tower with Radar,34,63,38,40,175,0,0,24,2,26,34,63,62,42,201,30,60,90,291
08/28/2008,HSV,AL,ASO,CE,Combined TRACON& Tower with Radar,34,63,35,53,185,0,0,30,3,33,34,63,65,56,218,34,93,127,345
08/29/2008,HSV,AL,ASO,CE,Combined TRACON& Tower with Radar,32,65,20,10,127,0,0,39,3,42,32,65,59,13,169,24,22,46,215
08/30/2008,HSV,AL,ASO,CE,Combined TRACON& Tower with Radar,23,35,24,0,82,0,2,38,0,40,23,37,62,0,122,45,0,45,167
08/31/2008,HSV,AL,ASO,CE,Combined TRACON& Tower with Radar,22,34,18,2,76,0,0,24,22,46,22,34,42,24,122,7,0,7,129
09/01/2008,HSV,AL,ASO,CE,Combined TRACON& Tower with Radar,25,53,19,5,102,0,0,9,4,13,25,53,28,9,115,10,0,10,125
09/02/2008,HSV,AL,ASO,CE,Combined TRACON& Tower with Radar,31,59,15,67,172,0,0,21,37,58,31,59,36,104,230,12,108,120,350
09/03/2008,HSV,AL,ASO,CE,Combined TRACON& Tower with Radar,32,76,22,65,195,0,0,34,1,35,32,76,56,66,230,24,169,193,423
09/04/2008,HSV,AL,ASO,CE,Combined TRACON& Tower with Radar,37,64,27,48,176,0,0,25,4,29,37,64,52,52,205,36,198,234,439
09/05/2008,HSV,AL,ASO,CE,Combined TRACON& Tower with Radar,36,61,33,35,165,0,0,10,4,14,36,61,43,39,179,22,106,128,307
09/06/2008,HSV,AL,ASO,CE,Combined TRACON& Tower with Radar,23,41,37,8,109,0,0,3,0,3,23,41,40,8,112,2,0,2,114
09/07/2008,HSV,AL,ASO,CE,Combined TRACON& Tower with Radar,26,59,21,5,111,0,0,28,0,28,26,59,49,5,139,32,0,32,171
09/08/2008,HSV,AL,ASO,CE,Combined TRACON& Tower with Radar,52,67,34,12,165,0,1,15,5,21,52,68,49,17,186,2,60,62,248
09/09/2008,HSV,AL,ASO,CE,Combined TRACON& Tower with Radar,27,69,22,24,142,0,0,12,4,16,27,69,34,28,158,42,55,97,255
09/10/2008,HSV,AL,ASO,CE,Combined TRACON& Tower with Radar,40,54,39,52,185,0,0,20,5,25,40,54,59,57,210,16,112,128,338
09/11/2008,HSV,AL,ASO,CE,Combined TRACON& Tower with Radar,34,66,34,43,177,0,0,21,0,21,34,66,55,43,198,18,103,121,319
09/12/2008,HSV,AL,ASO,CE,Combined TRACON& Tower with Radar,32,62,25,61,180,0,0,43,6,49,32,62,68,67,229,20,150,170,399
09/13/2008,HSV,AL,ASO,CE,Combined TRACON& Tower with Radar,24,40,22,19,105,0,0,36,6,42,24,40,58,25,147,18,22,40,187
09/14/2008,HSV,AL,ASO,CE,Combined TRACON& Tower with Radar,27,55,9,6,97,0,0,1,1,2,27,55,10,7,99,0,0,0,99
09/15/2008,HSV,AL,ASO,CE,Combined TRACON& Tower with Radar,36,58,23,19,136,0,0,17,2,19,36,58,40,21,155,4,28,32,187
09/16/2008,HSV,AL,ASO,CE,Combined TRACON& Tower with Radar,31,62,31,26,150,0,0,31,4,35,31,62,62,30,185,0,24,24,209
09/17/2008,HSV,AL,ASO,CE,Combined TRACON& Tower with Radar,25,69,26,35,155,0,0,29,19,48,25,69,55,54,203,12,86,98,301
09/18/2008,HSV,AL,ASO,CE,Combined TRACON& Tower with Radar,38,58,46,5,147,0,0,26,4,30,38,58,72,9,177,30,50,80,257
09/19/2008,HSV,AL,ASO,CE,Combined TRACON& Tower with Radar,31,75,16,24,146,0,0,26,4,30,31,75,42,28,176,27,12,39,215
09/20/2008,HSV,AL,ASO,CE,Combined TRACON& Tower with Radar,22,41,20,5,88,0,0,28,4,32,22,41,48,9,120,40,20,60,180
09/21/2008,HSV,AL,ASO,CE,Combined TRACON& Tower with Radar,28,57,15,12,112,0,0,29,1,30,28,57,44,13,142,0,0,0,142
09/22/2008,HSV,AL,ASO,CE,Combined TRACON& Tower with Radar,34,61,21,18,134,0,0,38,9,47,34,61,59,27,181,20,88,108,289
09/23/2008,HSV,AL,ASO,CE,Combined TRACON& Tower with Radar,39,75,27,30,171,0,1,33,12,46,39,76,60,42,217,0,34,34,251
09/24/2008,HSV,AL,ASO,CE,Combined TRACON& Tower with Radar,36,62,21,33,152,0,0,24,12,36,36,62,45,45,188,14,74,88,276
09/25/2008,HSV,AL,ASO,CE,Combined TRACON& Tower with Radar,39,58,17,47,161,0,0,37,6,43,39,58,54,53,204,52,54,106,310
09/26/2008,HSV,AL,ASO,CE,Combined TRACON& Tower with Radar,37,64,20,16,137,0,1,33,4,38,37,65,53,20,175,0,2,2,177
09/27/2008,HSV,AL,ASO,CE,Combined TRACON& Tower with Radar,21,43,16,0,80,0,0,32,0,32,21,43,48,0,112,8,0,8,120
09/28/2008,HSV,AL,ASO,CE,Combined TRACON& Tower with Radar,29,53,30,5,117,0,0,32,0,32,29,53,62,5,149,54,0,54,203
09/29/2008,HSV,AL,ASO,CE,Combined TRACON& Tower with Radar,38,57,30,9,134,0,0,32,5,37,38,57,62,14,171,10,40,50,221
09/30/2008,HSV,AL,ASO,CE,Combined TRACON& Tower with Radar,34,58,26,18,136,0,0,25,4,29,34,58,51,22,165,14,6,20,185
10/01/2008,HSV,AL,ASO,CE,Combined TRACON& Tower with Radar,35,61,12,33,141,0,0,28,6,34,35,61,40,39,175,11,14,25,200
10/02/2008,HSV,AL,ASO,CE,Combined TRACON& Tower with Radar,38,58,20,44,160,0,0,41,7,48,38,58,61,51,208,2,62,64,272
10/03/2008,HSV,AL,ASO,CE,Combined TRACON& Tower with Radar,40,62,30,44,176,0,2,34,2,38,40,64,64,46,214,0,44,44,258
10/04/2008,HSV,AL,ASO,CE,Combined TRACON& Tower with Radar,21,44,23,17,105,0,0,43,2,45,21,44,66,19,150,20,0,20,170
10/05/2008,HSV,AL,ASO,CE,Combined TRACON& Tower with Radar,37,45,31,13,126,2,1,21,3,27,39,46,52,16,153,48,8,56,209
10/06/2008,HSV,AL,ASO,CE,Combined TRACON& Tower with Radar,40,57,22,13,132,0,0,21,7,28,40,57,43,20,160,24,4,28,188
10/07/2008,HSV,AL,ASO,CE,Combined TRACON& Tower with Radar,30,59,19,17,125,0,0,5,0,5,30,59,24,17,130,0,0,0,130
10/08/2008,HSV,AL,ASO,CE,Combined TRACON& Tower with Radar,47,57,20,26,150,0,0,5,0,5,47,57,25,26,155,10,2,12,167
10/09/2008,HSV,AL,ASO,CE,Combined TRACON& Tower with Radar,38,61,24,35,158,0,0,13,1,14,38,61,37,36,172,58,6,64,236
10/10/2008,HSV,AL,ASO,CE,Combined TRACON& Tower with Radar,38,57,36,12,143,0,0,29,2,31,38,57,65,14,174,12,20,32,206
10/11/2008,HSV,AL,ASO,CE,Combined TRACON& Tower with Radar,22,46,25,0,93,1,0,37,1,39,23,46,62,1,132,14,0,14,146
10/12/2008,HSV,AL,ASO,CE,Combined TRACON& Tower with Radar,34,52,15,14,115,0,0,8,0,8,34,52,23,14,123,0,0,0,123
10/13/2008,HSV,AL,ASO,CE,Combined TRACON& Tower with Radar,41,55,21,1,118,0,0,20,0,20,41,55,41,1,138,4,0,4,142
10/14/2008,HSV,AL,ASO,CE,Combined TRACON& Tower with Radar,28,61,31,15,135,0,0,31,1,32,28,61,62,16,167,0,26,26,193
10/15/2008,HSV,AL,ASO,CE,Combined TRACON& Tower with Radar,44,51,25,21,141,0,0,36,1,37,44,51,61,22,178,4,14,18,196
10/16/2008,HSV,AL,ASO,CE,Combined TRACON& Tower with Radar,41,52,42,32,167,0,1,7,1,9,41,53,49,33,176,7,76,83,259
10/17/2008,HSV,AL,ASO,CE,Combined TRACON& Tower with Radar,35,59,40,25,159,0,0,16,1,17,35,59,56,26,176,30,4,34,210
10/18/2008,HSV,AL,ASO,CE,Combined TRACON& Tower with Radar,24,39,22,0,85,0,1,54,1,56,24,40,76,1,141,42,0,42,183
10/19/2008,HSV,AL,ASO,CE,Combined TRACON& Tower with Radar,31,51,32,1,115,0,0,38,4,42,31,51,70,5,157,32,0,32,189
10/20/2008,HSV,AL,ASO,CE,Combined TRACON& Tower with Radar,42,53,17,22,134,0,0,26,8,34,42,53,43,30,168,14,26,40,208
10/21/2008,HSV,AL,ASO,CE,Combined TRACON& Tower with Radar,29,68,19,29,145,1,0,40,8,49,30,68,59,37,194,48,6,54,248
10/22/2008,HSV,AL,ASO,CE,Combined TRACON& Tower with Radar,31,63,44,18,156,0,0,27,1,28,31,63,71,19,184,12,30,42,226
10/23/2008,HSV,AL,ASO,CE,Combined TRACON& Tower with Radar,36,54,23,37,150,0,0,15,3,18,36,54,38,40,168,2,58,60,228
10/24/2008,HSV,AL,ASO,CE,Combined TRACON& Tower with Radar,37,57,16,4,114,0,0,4,4,8,37,57,20,8,122,2,0,2,124
10/25/2008,HSV,AL,ASO,CE,Combined TRACON& Tower with Radar,25,37,37,2,101,0,0,17,3,20,25,37,54,5,121,8,0,8,129
10/26/2008,HSV,AL,ASO,CE,Combined TRACON& Tower with Radar,32,50,17,2,101,0,0,36,5,41,32,50,53,7,142,66,0,66,208
10/27/2008,HSV,AL,ASO,CE,Combined TRACON& Tower with Radar,39,53,12,35,139,0,0,23,7,30,39,53,35,42,169,0,56,56,225
10/28/2008,HSV,AL,ASO,CE,Combined TRACON& Tower with Radar,36,60,27,28,151,0,0,21,4,25,36,60,48,32,176,16,32,48,224
10/29/2008,HSV,AL,ASO,CE,Combined TRACON& Tower with Radar,31,58,18,41,148,0,1,30,3,34,31,59,48,44,182,2,73,75,257
10/30/2008,HSV,AL,ASO,CE,Combined TRACON& Tower with Radar,36,56,47,32,171,0,0,30,13,43,36,56,77,45,214,2,18,20,234
10/31/2008,HSV,AL,ASO,CE,Combined TRACON& Tower with Radar,37,58,18,7,120,0,0,17,0,17,37,58,35,7,137,0,0,0,137
11/01/2008,HSV,AL,ASO,CE,Combined TRACON& Tower with Radar,24,34,18,1,77,0,0,34,0,34,24,34,52,1,111,2,0,2,113
11/02/2008,HSV,AL,ASO,CE,Combined TRACON& Tower with Radar,27,52,5,1,85,0,2,35,0,37,27,54,40,1,122,38,0,38,160
11/03/2008,HSV,AL,ASO,CE,Combined TRACON& Tower with Radar,39,61,17,14,131,0,2,30,3,35,39,63,47,17,166,39,33,72,238
11/04/2008,HSV,AL,ASO,CE,Combined TRACON& Tower with Radar,31,57,24,41,153,0,0,29,5,34,31,57,53,46,187,6,36,42,229
11/05/2008,HSV,AL,ASO,CE,Combined TRACON& Tower with Radar,36,58,19,10,123,0,0,32,6,38,36,58,51,16,161,11,0,11,172
11/06/2008,HSV,AL,ASO,CE,Combined TRACON& Tower with Radar,46,57,33,6,142,0,0,32,6,38,46,57,65,12,180,0,14,14,194
11/07/2008,HSV,AL,ASO,CE,Combined TRACON& Tower with Radar,36,60,32,12,140,0,0,12,4,16,36,60,44,16,156,10,4,14,170
11/08/2008,HSV,AL,ASO,CE,Combined TRACON& Tower with Radar,25,30,18,6,79,0,0,23,4,27,25,30,41,10,106,4,2,6,112
11/09/2008,HSV,AL,ASO,CE,Combined TRACON& Tower with Radar,35,46,20,2,103,0,0,31,5,36,35,46,51,7,139,56,10,66,205
11/10/2008,HSV,AL,ASO,CE,Combined TRACON& Tower with Radar,36,57,19,17,129,0,0,18,1,19,36,57,37,18,148,24,20,44,192
11/11/2008,HSV,AL,ASO,CE,Combined TRACON& Tower with Radar,38,60,13,2,113,0,0,20,0,20,38,60,33,2,133,8,0,8,141
11/12/2008,HSV,AL,ASO,CE,Combined TRACON& Tower with Radar,41,53,17,14,125,0,0,11,6,17,41,53,28,20,142,9,58,67,209
11/13/2008,HSV,AL,ASO,CE,Combined TRACON& Tower with Radar,33,58,39,55,185,0,0,2,2,4,33,58,41,57,189,0,28,28,217
11/14/2008,HSV,AL,ASO,CE,Combined TRACON& Tower with Radar,36,55,16,25,132,0,0,0,1,1,36,55,16,26,133,0,0,0,133
11/15/2008,HSV,AL,ASO,CE,Combined TRACON& Tower with Radar,18,39,31,1,89,0,0,0,0,0,18,39,31,1,89,0,0,0,89
11/16/2008,HSV,AL,ASO,CE,Combined TRACON& Tower with Radar,32,48,19,7,106,0,0,40,1,41,32,48,59,8,147,37,0,37,184
11/17/2008,HSV,AL,ASO,CE,Combined TRACON& Tower with Radar,38,56,23,23,140,0,0,29,3,32,38,56,52,26,172,4,42,46,218
11/18/2008,HSV,AL,ASO,CE,Combined TRACON& Tower with Radar,32,53,13,22,120,0,1,22,3,26,32,54,35,25,146,6,12,18,164
11/19/2008,HSV,AL,ASO,CE,Combined TRACON& Tower with Radar,36,57,22,15,130,0,0,21,6,27,36,57,43,21,157,2,20,22,179
11/20/2008,HSV,AL,ASO,CE,Combined TRACON& Tower with Radar,33,60,19,46,158,0,0,33,10,43,33,60,52,56,201,8,28,36,237
11/21/2008,HSV,AL,ASO,CE,Combined TRACON& Tower with Radar,35,55,15,16,121,0,0,16,8,24,35,55,31,24,145,2,46,48,193
11/22/2008,HSV,AL,ASO,CE,Combined TRACON& Tower with Radar,18,29,19,9,75,0,0,46,1,47,18,29,65,10,122,58,0,58,180
11/23/2008,HSV,AL,ASO,CE,Combined TRACON& Tower with Radar,19,54,35,1,109,0,0,8,0,8,19,54,43,1,117,14,1,15,132
11/24/2008,HSV,AL,ASO,CE,Combined TRACON& Tower with Radar,34,48,9,4,95,0,0,3,0,3,34,48,12,4,98,0,0,0,98
11/25/2008,HSV,AL,ASO,CE,Combined TRACON& Tower with Radar,38,50,37,19,144,0,0,34,5,39,38,50,71,24,183,0,56,56,239
11/26/2008,HSV,AL,ASO,CE,Combined TRACON& Tower with Radar,37,53,38,28,156,0,0,28,13,41,37,53,66,41,197,16,38,54,251
11/27/2008,HSV,AL,ASO,CE,Combined TRACON& Tower with Radar,17,28,7,0,52,0,0,18,0,18,17,28,25,0,70,0,0,0,70
11/28/2008,HSV,AL,ASO,CE,Combined TRACON& Tower with Radar,18,33,13,0,64,0,0,15,0,15,18,33,28,0,79,0,0,0,79
11/29/2008,HSV,AL,ASO,CE,Combined TRACON& Tower with Radar,17,48,38,0,103,0,0,2,0,2,17,48,40,0,105,0,0,0,105
11/30/2008,HSV,AL,ASO,CE,Combined TRACON& Tower with Radar,29,62,40,0,131,0,0,5,0,5,29,62,45,0,136,0,0,0,136
12/01/2008,HSV,AL,ASO,CE,Combined TRACON& Tower with Radar,56,53,16,1,126,0,0,0,0,0,56,53,16,1,126,6,0,6,132
12/02/2008,HSV,AL,ASO,CE,Combined TRACON& Tower with Radar,29,56,36,24,145,0,0,27,2,29,29,56,63,26,174,4,6,10,184
12/03/2008,HSV,AL,ASO,CE,Combined TRACON& Tower with Radar,32,57,38,35,162,0,0,35,6,41,32,57,73,41,203,32,18,50,253
12/04/2008,HSV,AL,ASO,CE,Combined TRACON& Tower with Radar,35,55,47,3,140,0,0,3,0,3,35,55,50,3,143,0,0,0,143
12/05/2008,HSV,AL,ASO,CE,Combined TRACON& Tower with Radar,33,60,20,42,155,0,0,38,7,45,33,60,58,49,200,42,88,130,330
12/06/2008,HSV,AL,ASO,CE,Combined TRACON& Tower with Radar,20,33,38,14,105,0,0,34,1,35,20,33,72,15,140,40,8,48,188
12/07/2008,HSV,AL,ASO,CE,Combined TRACON& Tower with Radar,30,52,50,4,136,0,0,33,3,36,30,52,83,7,172,38,0,38,210
12/08/2008,HSV,AL,ASO,CE,Combined TRACON& Tower with Radar,43,55,21,22,141,0,0,16,6,22,43,55,37,28,163,12,8,20,183
12/09/2008,HSV,AL,ASO,CE,Combined TRACON& Tower with Radar,31,69,6,19,125,0,0,2,2,4,31,69,8,21,129,1,6,7,136
12/10/2008,HSV,AL,ASO,CE,Combined TRACON& Tower with Radar,37,51,21,34,143,0,0,1,0,1,37,51,22,34,144,0,1,1,145
12/11/2008,HSV,AL,ASO,CE,Combined TRACON& Tower with Radar,36,50,10,0,96,0,0,0,0,0,36,50,10,0,96,0,0,0,96
12/12/2008,HSV,AL,ASO,CE,Combined TRACON& Tower with Radar,36,55,50,39,180,0,0,28,11,39,36,55,78,50,219,12,60,72,291
12/13/2008,HSV,AL,ASO,CE,Combined TRACON& Tower with Radar,16,39,30,2,87,0,4,23,2,29,16,43,53,4,116,14,0,14,130
12/14/2008,HSV,AL,ASO,CE,Combined TRACON& Tower with Radar,25,48,6,27,106,0,2,7,4,13,25,50,13,31,119,0,8,8,127
12/15/2008,HSV,AL,ASO,CE,Combined TRACON& Tower with Radar,38,55,28,20,141,0,0,0,0,0,38,55,28,20,141,0,18,18,159
12/16/2008,HSV,AL,ASO,CE,Combined TRACON& Tower with Radar,33,52,27,19,131,0,0,0,0,0,33,52,27,19,131,0,0,0,131
12/17/2008,HSV,AL,ASO,CE,Combined TRACON& Tower with Radar,35,58,21,4,118,0,0,0,0,0,35,58,21,4,118,0,0,0,118
12/18/2008,HSV,AL,ASO,CE,Combined TRACON& Tower with Radar,27,60,28,27,142,0,0,0,0,0,27,60,28,27,142,0,0,0,142
12/19/2008,HSV,AL,ASO,CE,Combined TRACON& Tower with Radar,26,59,24,3,112,0,0,3,1,4,26,59,27,4,116,18,0,18,134
12/20/2008,HSV,AL,ASO,CE,Combined TRACON& Tower with Radar,17,43,28,0,88,0,0,1,0,1,17,43,29,0,89,0,0,0,89
12/21/2008,HSV,AL,ASO,CE,Combined TRACON& Tower with Radar,21,58,10,8,97,0,0,12,1,13,21,58,22,9,110,0,24,24,134
12/22/2008,HSV,AL,ASO,CE,Combined TRACON& Tower with Radar,25,52,17,21,115,0,0,21,2,23,25,52,38,23,138,16,0,16,154
12/23/2008,HSV,AL,ASO,CE,Combined TRACON& Tower with Radar,17,63,3,2,85,0,0,6,0,6,17,63,9,2,91,0,13,13,104
12/24/2008,HSV,AL,ASO,CE,Combined TRACON& Tower with Radar,17,45,7,0,69,0,0,5,0,5,17,45,12,0,74,0,0,0,74
12/25/2008,HSV,AL,ASO,CE,Combined TRACON& Tower with Radar,9,42,4,0,55,0,0,13,0,13,9,42,17,0,68,0,0,0,68
12/26/2008,HSV,AL,ASO,CE,Combined TRACON& Tower with Radar,16,62,42,0,120,0,0,0,0,0,16,62,42,0,120,0,0,0,120
12/27/2008,HSV,AL,ASO,CE,Combined TRACON& Tower with Radar,16,41,4,0,61,0,0,15,0,15,16,41,19,0,76,4,0,4,80
12/28/2008,HSV,AL,ASO,CE,Combined TRACON& Tower with Radar,17,57,28,0,102,0,0,23,0,23,17,57,51,0,125,0,0,0,125
12/29/2008,HSV,AL,ASO,CE,Combined TRACON& Tower with Radar,24,51,17,4,96,0,0,37,1,38,24,51,54,5,134,24,0,24,158
12/30/2008,HSV,AL,ASO,CE,Combined TRACON& Tower with Radar,16,59,24,0,99,0,0,46,2,48,16,59,70,2,147,25,0,25,172
12/31/2008,HSV,AL,ASO,CE,Combined TRACON& Tower with Radar,12,47,10,0,69,0,0,17,0,17,12,47,27,0,86,8,0,8,94
01/01/2009,HSV,AL,ASO,CE,Combined TRACON& Tower with Radar,14,45,6,2,67,0,0,14,0,14,14,45,20,2,81,0,0,0,81
01/02/2009,HSV,AL,ASO,CE,Combined TRACON& Tower with Radar,22,57,20,0,99,0,0,2,0,2,22,57,22,0,101,0,0,0,101
01/03/2009,HSV,AL,ASO,CE,Combined TRACON& Tower with Radar,14,47,24,0,85,0,0,0,1,1,14,47,24,1,86,1,0,1,87
01/04/2009,HSV,AL,ASO,CE,Combined TRACON& Tower with Radar,14,56,27,0,97,0,0,0,0,0,14,56,27,0,97,0,0,0,97
01/05/2009,HSV,AL,ASO,CE,Combined TRACON& Tower with Radar,29,64,12,31,136,0,0,1,0,1,29,64,13,31,137,0,0,0,137
01/06/2009,HSV,AL,ASO,CE,Combined TRACON& Tower with Radar,30,52,6,3,91,0,0,0,1,1,30,52,6,4,92,0,0,0,92
01/07/2009,HSV,AL,ASO,CE,Combined TRACON& Tower with Radar,28,56,10,5,99,0,0,5,2,7,28,56,15,7,106,1,4,5,111
01/08/2009,HSV,AL,ASO,CE,Combined TRACON& Tower with Radar,24,65,20,26,135,0,1,46,6,53,24,66,66,32,188,39,78,117,305
01/09/2009,HSV,AL,ASO,CE,Combined TRACON& Tower with Radar,33,52,9,36,130,0,0,39,24,63,33,52,48,60,193,6,160,166,359
01/10/2009,HSV,AL,ASO,CE,Combined TRACON& Tower with Radar,17,31,18,0,66,0,0,0,0,0,17,31,18,0,66,0,0,0,66
01/11/2009,HSV,AL,ASO,CE,Combined TRACON& Tower with Radar,20,49,20,4,93,0,0,3,0,3,20,49,23,4,96,0,0,0,96
01/12/2009,HSV,AL,ASO,CE,Combined TRACON& Tower with Radar,32,53,11,18,114,0,0,12,7,19,32,53,23,25,133,0,47,47,180
01/13/2009,HSV,AL,ASO,CE,Combined TRACON& Tower with Radar,26,56,25,37,144,0,0,20,6,26,26,56,45,43,170,0,26,26,196
01/14/2009,HSV,AL,ASO,CE,Combined TRACON& Tower with Radar,31,55,27,38,151,0,0,19,7,26,31,55,46,45,177,2,60,62,239
01/15/2009,HSV,AL,ASO,CE,Combined TRACON& Tower with Radar,25,61,13,38,137,0,0,14,1,15,25,61,27,39,152,0,22,22,174
01/16/2009,HSV,AL,ASO,CE,Combined TRACON& Tower with Radar,29,60,21,35,145,0,0,10,3,13,29,60,31,38,158,11,66,77,235
01/17/2009,HSV,AL,ASO,CE,Combined TRACON& Tower with Radar,18,28,16,2,64,0,0,40,2,42,18,28,56,4,106,14,0,14,120
01/18/2009,HSV,AL,ASO,CE,Combined TRACON& Tower with Radar,18,54,17,7,96,0,0,22,2,24,18,54,39,9,120,13,2,15,135
01/19/2009,HSV,AL,ASO,CE,Combined TRACON& Tower with Radar,31,63,21,0,115,0,0,20,0,20,31,63,41,0,135,26,0,26,161
01/20/2009,HSV,AL,ASO,CE,Combined TRACON& Tower with Radar,29,56,6,36,127,0,0,10,10,20,29,56,16,46,147,4,73,77,224
01/21/2009,HSV,AL,ASO,CE,Combined TRACON& Tower with Radar,27,57,54,12,150,0,0,27,11,38,27,57,81,23,188,0,24,24,212
01/22/2009,HSV,AL,ASO,CE,Combined TRACON& Tower with Radar,21,65,19,61,166,0,0,39,3,42,21,65,58,64,208,33,73,106,314
01/23/2009,HSV,AL,ASO,CE,Combined TRACON& Tower with Radar,35,56,23,32,146,0,0,8,2,10,35,56,31,34,156,24,16,40,196
01/24/2009,HSV,AL,ASO,CE,Combined TRACON& Tower with Radar,19,31,18,9,77,0,0,45,2,47,19,31,63,11,124,14,38,52,176
01/25/2009,HSV,AL,ASO,CE,Combined TRACON& Tower with Radar,27,46,25,31,129,0,0,18,0,18,27,46,43,31,147,0,0,0,147
01/26/2009,HSV,AL,ASO,CE,Combined TRACON& Tower with Radar,31,64,24,77,196,0,0,11,19,30,31,64,35,96,226,6,102,108,334
01/27/2009,HSV,AL,ASO,CE,Combined TRACON& Tower with Radar,18,53,31,51,153,0,0,13,14,27,18,53,44,65,180,30,54,84,264
01/28/2009,HSV,AL,ASO,CE,Combined TRACON& Tower with Radar,29,46,34,20,129,0,0,1,1,2,29,46,35,21,131,0,66,66,197
01/29/2009,HSV,AL,ASO,CE,Combined TRACON& Tower with Radar,22,68,38,29,157,0,0,33,18,51,22,68,71,47,208,6,238,244,452
01/30/2009,HSV,AL,ASO,CE,Combined TRACON& Tower with Radar,31,56,19,21,127,0,0,29,1,30,31,56,48,22,157,66,62,128,285
01/31/2009,HSV,AL,ASO,CE,Combined TRACON& Tower with Radar,19,28,24,3,74,0,0,64,1,65,19,28,88,4,139,28,0,28,167
02/01/2009,HSV,AL,ASO,CE,Combined TRACON& Tower with Radar,24,45,15,0,84,0,0,61,0,61,24,45,76,0,145,0,0,0,145
02/02/2009,HSV,AL,ASO,CE,Combined TRACON& Tower with Radar,30,56,16,21,123,0,0,5,2,7,30,56,21,23,130,6,28,34,164
02/03/2009,HSV,AL,ASO,CE,Combined TRACON& Tower with Radar,28,57,16,42,143,0,0,16,5,21,28,57,32,47,164,0,94,94,258
02/04/2009,HSV,AL,ASO,CE,Combined TRACON& Tower with Radar,26,52,11,24,113,0,0,11,3,14,26,52,22,27,127,20,118,138,265
02/05/2009,HSV,AL,ASO,CE,Combined TRACON& Tower with Radar,21,61,19,56,157,0,0,40,11,51,21,61,59,67,208,6,133,139,347
02/06/2009,HSV,AL,ASO,CE,Combined TRACON& Tower with Radar,33,52,15,29,129,0,0,32,3,35,33,52,47,32,164,14,96,110,274
02/07/2009,HSV,AL,ASO,CE,Combined TRACON& Tower with Radar,18,31,10,10,69,0,0,50,0,50,18,31,60,10,119,4,42,46,165
02/08/2009,HSV,AL,ASO,CE,Combined TRACON& Tower with Radar,30,46,22,19,117,0,0,27,1,28,30,46,49,20,145,89,28,117,262
02/09/2009,HSV,AL,ASO,CE,Combined TRACON& Tower with Radar,33,63,17,27,140,0,0,12,9,21,33,63,29,36,161,0,0,0,161
02/10/2009,HSV,AL,ASO,CE,Combined TRACON& Tower with Radar,27,53,14,48,142,0,0,15,15,30,27,53,29,63,172,6,140,146,318
02/11/2009,HSV,AL,ASO,CE,Combined TRACON& Tower with Radar,32,52,11,2,97,0,0,1,0,1,32,52,12,2,98,0,0,0,98
02/12/2009,HSV,AL,ASO,CE,Combined TRACON& Tower with Radar,21,62,38,26,147,0,0,50,4,54,21,62,88,30,201,24,90,114,315
02/13/2009,HSV,AL,ASO,CE,Combined TRACON& Tower with Radar,25,58,38,44,165,0,0,37,3,40,25,58,75,47,205,42,106,148,353
02/14/2009,HSV,AL,ASO,CE,Combined TRACON& Tower with Radar,17,30,33,2,82,0,0,20,0,20,17,30,53,2,102,29,0,29,131
02/15/2009,HSV,AL,ASO,CE,Combined TRACON& Tower with Radar,17,49,32,0,98,0,1,33,5,39,17,50,65,5,137,0,0,0,137
02/16/2009,HSV,AL,ASO,CE,Combined TRACON& Tower with Radar,29,57,17,0,103,0,4,31,0,35,29,61,48,0,138,19,0,19,157
02/17/2009,HSV,AL,ASO,CE,Combined TRACON& Tower with Radar,26,54,24,23,127,0,0,17,1,18,26,54,41,24,145,6,16,22,167
02/18/2009,HSV,AL,ASO,CE,Combined TRACON& Tower with Radar,32,56,13,9,110,0,0,4,1,5,32,56,17,10,115,0,2,2,117
02/19/2009,HSV,AL,ASO,CE,Combined TRACON& Tower with Radar,19,61,24,31,135,0,0,17,2,19,19,61,41,33,154,8,36,44,198
02/20/2009,HSV,AL,ASO,CE,Combined TRACON& Tower with Radar,37,43,26,16,122,0,0,39,3,42,37,43,65,19,164,20,50,70,234
02/21/2009,HSV,AL,ASO,CE,Combined TRACON& Tower with Radar,21,27,19,2,69,0,0,12,1,13,21,27,31,3,82,32,0,32,114
02/22/2009,HSV,AL,ASO,CE,Combined TRACON& Tower with Radar,27,44,20,23,114,0,0,56,2,58,27,44,76,25,172,4,6,10,182
02/23/2009,HSV,AL,ASO,CE,Combined TRACON& Tower with Radar,26,60,5,10,101,0,0,13,2,15,26,60,18,12,116,8,22,30,146
02/24/2009,HSV,AL,ASO,CE,Combined TRACON& Tower with Radar,26,54,21,23,124,0,0,18,6,24,26,54,39,29,148,18,60,78,226
02/25/2009,HSV,AL,ASO,CE,Combined TRACON& Tower with Radar,30,62,32,17,141,0,1,5,4,10,30,63,37,21,151,0,2,2,153
02/26/2009,HSV,AL,ASO,CE,Combined TRACON& Tower with Radar,20,63,36,49,168,0,0,11,4,15,20,63,47,53,183,0,31,31,214
02/27/2009,HSV,AL,ASO,CE,Combined TRACON& Tower with Radar,31,59,16,0,106,0,0,2,0,2,31,59,18,0,108,0,0,0,108
02/28/2009,HSV,AL,ASO,CE,Combined TRACON& Tower with Radar,13,35,18,0,66,0,0,1,0,1,13,35,19,0,67,1,0,1,68
03/01/2009,HSV,AL,ASO,CE,Combined TRACON& Tower with Radar,16,45,11,0,72,0,0,5,0,5,16,45,16,0,77,0,1,1,78
03/02/2009,HSV,AL,ASO,CE,Combined TRACON& Tower with Radar,20,57,23,28,128,0,0,15,8,23,20,57,38,36,151,1,42,43,194
03/03/2009,HSV,AL,ASO,CE,Combined TRACON& Tower with Radar,20,60,24,51,155,0,0,39,7,46,20,60,63,58,201,34,62,96,297
03/04/2009,HSV,AL,ASO,CE,Combined TRACON& Tower with Radar,26,58,13,37,134,0,2,31,3,36,26,60,44,40,170,4,86,90,260
03/05/2009,HSV,AL,ASO,CE,Combined TRACON& Tower with Radar,16,65,47,9,137,0,0,37,3,40,16,65,84,12,177,32,62,94,271
03/06/2009,HSV,AL,ASO,CE,Combined TRACON& Tower with Radar,23,64,24,26,137,0,0,34,5,39,23,64,58,31,176,16,6,22,198
03/07/2009,HSV,AL,ASO,CE,Combined TRACON& Tower with Radar,13,38,17,9,77,0,0,40,3,43,13,38,57,12,120,4,0,4,124
03/08/2009,HSV,AL,ASO,CE,Combined TRACON& Tower with Radar,22,54,10,14,100,0,0,1,0,1,22,54,11,14,101,0,0,0,101
03/09/2009,HSV,AL,ASO,CE,Combined TRACON& Tower with Radar,24,56,15,32,127,0,0,15,1,16,24,56,30,33,143,3,110,113,256
03/10/2009,HSV,AL,ASO,CE,Combined TRACON& Tower with Radar,25,59,29,30,143,0,0,34,8,42,25,59,63,38,185,26,148,174,359
03/11/2009,HSV,AL,ASO,CE,Combined TRACON& Tower with Radar,26,56,23,26,131,0,0,8,9,17,26,56,31,35,148,1,114,115,263
03/12/2009,HSV,AL,ASO,CE,Combined TRACON& Tower with Radar,25,55,19,13,112,0,0,13,1,14,25,55,32,14,126,12,4,16,142
03/13/2009,HSV,AL,ASO,CE,Combined TRACON& Tower with Radar,30,61,10,8,109,0,0,6,0,6,30,61,16,8,115,0,4,4,119
03/14/2009,HSV,AL,ASO,CE,Combined TRACON& Tower with Radar,13,34,14,0,61,0,0,0,0,0,13,34,14,0,61,0,0,0,61
03/15/2009,HSV,AL,ASO,CE,Combined TRACON& Tower with Radar,22,52,49,0,123,0,0,6,0,6,22,52,55,0,129,18,0,18,147
03/16/2009,HSV,AL,ASO,CE,Combined TRACON& Tower with Radar,27,56,20,7,110,0,0,2,1,3,27,56,22,8,113,36,26,62,175
03/17/2009,HSV,AL,ASO,CE,Combined TRACON& Tower with Radar,23,68,29,24,144,0,0,55,4,59,23,68,84,28,203,10,52,62,265
03/18/2009,HSV,AL,ASO,CE,Combined TRACON& Tower with Radar,19,67,35,45,166,0,0,37,22,59,19,67,72,67,225,42,98,140,365
03/19/2009,HSV,AL,ASO,CE,Combined TRACON& Tower with Radar,22,61,29,26,138,0,0,21,8,29,22,61,50,34,167,18,75,93,260
03/20/2009,HSV,AL,ASO,CE,Combined TRACON& Tower with Radar,27,57,21,38,143,0,0,49,7,56,27,57,70,45,199,26,94,120,319
03/21/2009,HSV,AL,ASO,CE,Combined TRACON& Tower with Radar,12,41,12,0,65,0,0,44,1,45,12,41,56,1,110,1,1,2,112
03/22/2009,HSV,AL,ASO,CE,Combined TRACON& Tower with Radar,29,44,24,0,97,0,0,32,0,32,29,44,56,0,129,6,2,8,137
03/23/2009,HSV,AL,ASO,CE,Combined TRACON& Tower with Radar,31,56,15,14,116,0,38,2,0,40,31,94,17,14,156,0,34,34,190
03/24/2009,HSV,AL,ASO,CE,Combined TRACON& Tower with Radar,21,68,25,38,152,0,0,40,2,42,21,68,65,40,194,28,128,156,350
03/25/2009,HSV,AL,ASO,CE,Combined TRACON& Tower with Radar,23,58,18,1,100,0,0,0,1,1,23,58,18,2,101,0,0,0,101
03/26/2009,HSV,AL,ASO,CE,Combined TRACON& Tower with Radar,25,68,27,52,172,0,0,30,5,35,25,68,57,57,207,0,64,64,271
03/27/2009,HSV,AL,ASO,CE,Combined TRACON& Tower with Radar,32,58,18,62,170,0,0,16,5,21,32,58,34,67,191,22,16,38,229
03/28/2009,HSV,AL,ASO,CE,Combined TRACON& Tower with Radar,11,42,4,0,57,0,0,11,0,11,11,42,15,0,68,0,0,0,68
03/29/2009,HSV,AL,ASO,CE,Combined TRACON& Tower with Radar,21,49,27,0,97,0,0,26,0,26,21,49,53,0,123,2,0,2,125
03/30/2009,HSV,AL,ASO,CE,Combined TRACON& Tower with Radar,25,59,32,43,159,0,2,78,1,81,25,61,110,44,240,18,30,48,288
03/31/2009,HSV,AL,ASO,CE,Combined TRACON& Tower with Radar,26,56,24,26,132,0,0,12,2,14,26,56,36,28,146,33,10,43,189
04/01/2009,HSV,AL,ASO,CE,Combined TRACON& Tower with Radar,24,63,28,57,172,0,0,50,10,60,24,63,78,67,232,36,112,148,380
04/02/2009,HSV,AL,ASO,CE,Combined TRACON& Tower with Radar,28,61,9,31,129,0,0,0,0,0,28,61,9,31,129,0,22,22,151
04/03/2009,HSV,AL,ASO,CE,Combined TRACON& Tower with Radar,27,58,21,36,142,0,0,27,6,33,27,58,48,42,175,12,34,46,221
04/04/2009,HSV,AL,ASO,CE,Combined TRACON& Tower with Radar,11,37,40,9,97,0,0,91,6,97,11,37,131,15,194,26,2,28,222
04/05/2009,HSV,AL,ASO,CE,Combined TRACON& Tower with Radar,22,52,17,7,98,0,0,16,0,16,22,52,33,7,114,12,0,12,126
04/06/2009,HSV,AL,ASO,CE,Combined TRACON& Tower with Radar,26,57,11,12,106,0,0,3,2,5,26,57,14,14,111,0,14,14,125
04/07/2009,HSV,AL,ASO,CE,Combined TRACON& Tower with Radar,23,56,30,27,136,0,0,22,7,29,23,56,52,34,165,16,28,44,209
04/08/2009,HSV,AL,ASO,CE,Combined TRACON& Tower with Radar,26,58,51,22,157,0,0,51,5,56,26,58,102,27,213,20,50,70,283
04/09/2009,HSV,AL,ASO,CE,Combined TRACON& Tower with Radar,26,64,26,30,146,0,0,21,12,33,26,64,47,42,179,2,120,122,301
04/10/2009,HSV,AL,ASO,CE,Combined TRACON& Tower with Radar,41,58,17,20,136,0,0,0,1,1,41,58,17,21,137,0,40,40,177
04/11/2009,HSV,AL,ASO,CE,Combined TRACON& Tower with Radar,9,38,52,1,100,0,0,30,0,30,9,38,82,1,130,98,0,98,228
04/12/2009,HSV,AL,ASO,CE,Combined TRACON& Tower with Radar,19,53,14,0,86,0,0,40,0,40,19,53,54,0,126,6,0,6,132
04/13/2009,HSV,AL,ASO,CE,Combined TRACON& Tower with Radar,36,72,7,24,139,0,0,5,0,5,36,72,12,24,144,0,32,32,176
04/14/2009,HSV,AL,ASO,CE,Combined TRACON& Tower with Radar,29,56,34,44,163,0,0,37,17,54,29,56,71,61,217,22,56,78,295
04/15/2009,HSV,AL,ASO,CE,Combined TRACON& Tower with Radar,27,55,38,34,154,0,0,51,1,52,27,55,89,35,206,88,82,170,376
04/16/2009,HSV,AL,ASO,CE,Combined TRACON& Tower with Radar,25,62,25,9,121,0,0,69,6,75,25,62,94,15,196,4,34,38,234
04/17/2009,HSV,AL,ASO,CE,Combined TRACON& Tower with Radar,28,56,29,36,149,0,0,32,4,36,28,56,61,40,185,16,38,54,239
04/18/2009,HSV,AL,ASO,CE,Combined TRACON& Tower with Radar,10,36,19,4,69,0,0,33,0,33,10,36,52,4,102,20,8,28,130
04/19/2009,HSV,AL,ASO,CE,Combined TRACON& Tower with Radar,31,40,5,0,76,0,0,0,0,0,31,40,5,0,76,0,0,0,76
04/20/2009,HSV,AL,ASO,CE,Combined TRACON& Tower with Radar,25,66,24,30,145,0,0,10,8,18,25,66,34,38,163,72,82,154,317
04/21/2009,HSV,AL,ASO,CE,Combined TRACON& Tower with Radar,24,65,23,40,152,0,0,23,5,28,24,65,46,45,180,0,87,87,267
04/22/2009,HSV,AL,ASO,CE,Combined TRACON& Tower with Radar,27,59,21,9,116,0,0,57,6,63,27,59,78,15,179,24,78,102,281
04/23/2009,HSV,AL,ASO,CE,Combined TRACON& Tower with Radar,54,70,33,17,174,0,1,75,5,81,54,71,108,22,255,11,62,73,328
04/24/2009,HSV,AL,ASO,CE,Combined TRACON& Tower with Radar,31,59,34,65,189,0,0,36,11,47,31,59,70,76,236,8,84,92,328
04/25/2009,HSV,AL,ASO,CE,Combined TRACON& Tower with Radar,21,33,12,4,70,0,0,28,0,28,21,33,40,4,98,8,0,8,106
04/26/2009,HSV,AL,ASO,CE,Combined TRACON& Tower with Radar,32,54,36,2,124,0,0,39,2,41,32,54,75,4,165,22,0,22,187
04/27/2009,HSV,AL,ASO,CE,Combined TRACON& Tower with Radar,28,61,22,54,165,0,0,19,5,24,28,61,41,59,189,4,104,108,297
04/28/2009,HSV,AL,ASO,CE,Combined TRACON& Tower with Radar,24,59,27,71,181,0,3,25,6,34,24,62,52,77,215,6,127,133,348
04/29/2009,HSV,AL,ASO,CE,Combined TRACON& Tower with Radar,30,55,36,20,141,0,0,24,1,25,30,55,60,21,166,28,76,104,270
04/30/2009,HSV,AL,ASO,CE,Combined TRACON& Tower with Radar,24,64,28,83,199,0,2,32,0,34,24,66,60,83,233,4,84,88,321
05/01/2009,HSV,AL,ASO,CE,Combined TRACON& Tower with Radar,29,60,11,7,107,0,0,0,0,0,29,60,11,7,107,0,0,0,107
05/02/2009,HSV,AL,ASO,CE,Combined TRACON& Tower with Radar,16,34,16,0,66,0,0,3,0,3,16,34,19,0,69,4,0,4,73
05/03/2009,HSV,AL,ASO,CE,Combined TRACON& Tower with Radar,24,51,6,2,83,0,0,0,0,0,24,51,6,2,83,0,0,0,83
05/04/2009,HSV,AL,ASO,CE,Combined TRACON& Tower with Radar,30,63,16,27,136,0,1,8,1,10,30,64,24,28,146,22,20,42,188
05/05/2009,HSV,AL,ASO,CE,Combined TRACON& Tower with Radar,26,61,31,31,149,0,0,18,0,18,26,61,49,31,167,22,23,45,212
05/06/2009,HSV,AL,ASO,CE,Combined TRACON& Tower with Radar,28,56,11,26,121,0,0,3,0,3,28,56,14,26,124,0,68,68,192
05/07/2009,HSV,AL,ASO,CE,Combined TRACON& Tower with Radar,26,59,36,82,203,0,0,9,1,10,26,59,45,83,213,0,123,123,336
05/08/2009,HSV,AL,ASO,CE,Combined TRACON& Tower with Radar,27,58,35,56,176,0,0,12,0,12,27,58,47,56,188,30,81,111,299
05/09/2009,HSV,AL,ASO,CE,Combined TRACON& Tower with Radar,18,29,10,0,57,0,1,2,0,3,18,30,12,0,60,6,33,39,99
05/10/2009,HSV,AL,ASO,CE,Combined TRACON& Tower with Radar,29,50,12,0,91,0,0,8,0,8,29,50,20,0,99,32,0,32,131
05/11/2009,HSV,AL,ASO,CE,Combined TRACON& Tower with Radar,26,60,8,71,165,0,0,11,1,12,26,60,19,72,177,0,0,0,177
05/12/2009,HSV,AL,ASO,CE,Combined TRACON& Tower with Radar,27,64,29,117,237,0,0,29,2,31,27,64,58,119,268,56,182,238,506
05/13/2009,HSV,AL,ASO,CE,Combined TRACON& Tower with Radar,28,55,24,16,123,0,0,10,2,12,28,55,34,18,135,26,6,32,167
05/14/2009,HSV,AL,ASO,CE,Combined TRACON& Tower with Radar,26,60,18,45,149,0,0,16,1,17,26,60,34,46,166,46,122,168,334
05/15/2009,HSV,AL,ASO,CE,Combined TRACON& Tower with Radar,28,63,14,29,134,0,0,17,1,18,28,63,31,30,152,10,86,96,248
05/16/2009,HSV,AL,ASO,CE,Combined TRACON& Tower with Radar,17,34,10,3,64,0,0,13,0,13,17,34,23,3,77,19,0,19,96
05/17/2009,HSV,AL,ASO,CE,Combined TRACON& Tower with Radar,26,48,13,20,107,0,0,18,1,19,26,48,31,21,126,0,0,0,126
05/18/2009,HSV,AL,ASO,CE,Combined TRACON& Tower with Radar,30,62,23,42,157,0,0,54,2,56,30,62,77,44,213,31,50,81,294
05/19/2009,HSV,AL,ASO,CE,Combined TRACON& Tower with Radar,25,59,31,53,168,0,2,53,11,66,25,61,84,64,234,2,12,14,248
05/20/2009,HSV,AL,ASO,CE,Combined TRACON& Tower with Radar,28,57,34,82,201,0,2,25,5,32,28,59,59,87,233,78,56,134,367
05/21/2009,HSV,AL,ASO,CE,Combined TRACON& Tower with Radar,27,61,28,33,149,0,0,18,4,22,27,61,46,37,171,18,32,50,221
05/22/2009,HSV,AL,ASO,CE,Combined TRACON& Tower with Radar,28,61,32,2,123,0,2,7,2,11,28,63,39,4,134,12,0,12,146
05/23/2009,HSV,AL,ASO,CE,Combined TRACON& Tower with Radar,15,29,16,0,60,0,0,7,0,7,15,29,23,0,67,4,0,4,71
05/24/2009,HSV,AL,ASO,CE,Combined TRACON& Tower with Radar,22,33,12,0,67,0,0,2,0,2,22,33,14,0,69,8,0,8,77
05/25/2009,HSV,AL,ASO,CE,Combined TRACON& Tower with Radar,24,57,43,0,124,0,0,7,0,7,24,57,50,0,131,54,0,54,185
05/26/2009,HSV,AL,ASO,CE,Combined TRACON& Tower with Radar,30,61,17,15,123,0,0,4,1,5,30,61,21,16,128,56,28,84,212
05/27/2009,HSV,AL,ASO,CE,Combined TRACON& Tower with Radar,27,57,21,23,128,0,0,9,1,10,27,57,30,24,138,10,0,10,148
05/28/2009,HSV,AL,ASO,CE,Combined TRACON& Tower with Radar,28,59,26,26,139,0,0,18,1,19,28,59,44,27,158,28,16,44,202
05/29/2009,HSV,AL,ASO,CE,Combined TRACON& Tower with Radar,30,58,27,59,174,0,0,22,6,28,30,58,49,65,202,40,48,88,290
05/30/2009,HSV,AL,ASO,CE,Combined TRACON& Tower with Radar,15,31,29,2,77,0,0,35,1,36,15,31,64,3,113,14,0,14,127
05/31/2009,HSV,AL,ASO,CE,Combined TRACON& Tower with Radar,28,48,18,13,107,0,0,37,4,41,28,48,55,17,148,0,0,0,148
06/01/2009,HSV,AL,ASO,CE,Combined TRACON& Tower with Radar,28,63,16,38,145,0,0,16,5,21,28,63,32,43,166,0,58,58,224
06/02/2009,HSV,AL,ASO,CE,Combined TRACON& Tower with Radar,22,60,36,13,131,0,2,30,2,34,22,62,66,15,165,58,38,96,261
06/03/2009,HSV,AL,ASO,CE,Combined TRACON& Tower with Radar,28,50,26,138,242,0,2,26,3,31,28,52,52,141,273,36,156,192,465
06/04/2009,HSV,AL,ASO,CE,Combined TRACON& Tower with Radar,31,58,25,16,130,0,1,10,0,11,31,59,35,16,141,20,68,88,229
06/05/2009,HSV,AL,ASO,CE,Combined TRACON& Tower with Radar,34,61,38,46,179,0,0,23,7,30,34,61,61,53,209,12,32,44,253
06/06/2009,HSV,AL,ASO,CE,Combined TRACON& Tower with Radar,18,39,23,9,89,0,0,80,2,82,18,39,103,11,171,26,0,26,197
06/07/2009,HSV,AL,ASO,CE,Combined TRACON& Tower with Radar,31,60,29,26,146,0,0,42,8,50,31,60,71,34,196,0,0,0,196
06/08/2009,HSV,AL,ASO,CE,Combined TRACON& Tower with Radar,31,57,25,87,200,0,1,39,3,43,31,58,64,90,243,14,10,24,267
06/09/2009,HSV,AL,ASO,CE,Combined TRACON& Tower with Radar,29,56,23,69,177,0,1,31,7,39,29,57,54,76,216,12,116,128,344
06/10/2009,HSV,AL,ASO,CE,Combined TRACON& Tower with Radar,30,57,24,36,147,0,1,24,2,27,30,58,48,38,174,2,36,38,212
06/11/2009,HSV,AL,ASO,CE,Combined TRACON& Tower with Radar,26,56,18,21,121,0,0,14,6,20,26,56,32,27,141,0,0,0,141
06/12/2009,HSV,AL,ASO,CE,Combined TRACON& Tower with Radar,31,53,20,19,123,0,4,27,3,34,31,57,47,22,157,25,44,69,226
06/13/2009,HSV,AL,ASO,CE,Combined TRACON& Tower with Radar,23,34,13,0,70,0,0,14,0,14,23,34,27,0,84,40,0,40,124
06/14/2009,HSV,AL,ASO,CE,Combined TRACON& Tower with Radar,32,47,17,3,99,0,0,14,1,15,32,47,31,4,114,20,0,20,134
06/15/2009,HSV,AL,ASO,CE,Combined TRACON& Tower with Radar,31,54,21,13,119,0,0,11,2,13,31,54,32,15,132,18,84,102,234
06/16/2009,HSV,AL,ASO,CE,Combined TRACON& Tower with Radar,32,57,34,34,157,0,0,40,7,47,32,57,74,41,204,38,36,74,278
06/17/2009,HSV,AL,ASO,CE,Combined TRACON& Tower with Radar,31,56,37,32,156,0,4,31,5,40,31,60,68,37,196,42,57,99,295
06/18/2009,HSV,AL,ASO,CE,Combined TRACON& Tower with Radar,31,53,35,47,166,0,0,31,6,37,31,53,66,53,203,24,46,70,273
06/19/2009,HSV,AL,ASO,CE,Combined TRACON& Tower with Radar,33,65,24,20,142,0,0,33,4,37,33,65,57,24,179,41,62,103,282
06/20/2009,HSV,AL,ASO,CE,Combined TRACON& Tower with Radar,18,37,18,2,75,0,0,32,0,32,18,37,50,2,107,39,0,39,146
06/21/2009,HSV,AL,ASO,CE,Combined TRACON& Tower with Radar,31,48,24,11,114,0,0,28,1,29,31,48,52,12,143,16,0,16,159
06/22/2009,HSV,AL,ASO,CE,Combined TRACON& Tower with Radar,29,58,20,19,126,0,0,21,4,25,29,58,41,23,151,44,40,84,235
06/23/2009,HSV,AL,ASO,CE,Combined TRACON& Tower with Radar,29,66,15,62,172,0,0,25,8,33,29,66,40,70,205,86,114,200,405
06/24/2009,HSV,AL,ASO,CE,Combined TRACON& Tower with Radar,31,64,17,27,139,0,0,38,1,39,31,64,55,28,178,50,42,92,270
06/25/2009,HSV,AL,ASO,CE,Combined TRACON& Tower with Radar,33,56,20,25,134,0,0,20,2,22,33,56,40,27,156,24,74,98,254
06/26/2009,HSV,AL,ASO,CE,Combined TRACON& Tower with Radar,31,57,29,41,158,0,3,27,3,33,31,60,56,44,191,25,87,112,303
06/27/2009,HSV,AL,ASO,CE,Combined TRACON& Tower with Radar,20,35,15,1,71,0,1,30,0,31,20,36,45,1,102,6,0,6,108
06/28/2009,HSV,AL,ASO,CE,Combined TRACON& Tower with Radar,30,48,19,16,113,0,0,17,2,19,30,48,36,18,132,0,0,0,132
06/29/2009,HSV,AL,ASO,CE,Combined TRACON& Tower with Radar,31,55,26,16,128,0,0,33,4,37,31,55,59,20,165,10,26,36,201
06/30/2009,HSV,AL,ASO,CE,Combined TRACON& Tower with Radar,31,66,26,33,156,0,1,31,1,33,31,67,57,34,189,86,222,308,497
07/01/2009,HSV,AL,ASO,CE,Combined TRACON& Tower with Radar,31,54,30,19,134,0,0,33,2,35,31,54,63,21,169,8,31,39,208
07/02/2009,HSV,AL,ASO,CE,Combined TRACON& Tower with Radar,31,66,26,9,132,0,0,34,4,38,31,66,60,13,170,44,42,86,256
07/03/2009,HSV,AL,ASO,CE,Combined TRACON& Tower with Radar,25,45,23,0,93,0,1,42,0,43,25,46,65,0,136,27,0,27,163
07/04/2009,HSV,AL,ASO,CE,Combined TRACON& Tower with Radar,16,31,12,0,59,0,0,32,0,32,16,31,44,0,91,8,0,8,99
07/05/2009,HSV,AL,ASO,CE,Combined TRACON& Tower with Radar,26,58,19,0,103,0,0,4,0,4,26,58,23,0,107,0,0,0,107
07/06/2009,HSV,AL,ASO,CE,Combined TRACON& Tower with Radar,36,60,34,6,136,0,0,12,0,12,36,60,46,6,148,12,61,73,221
07/07/2009,HSV,AL,ASO,CE,Combined TRACON& Tower with Radar,29,57,34,28,148,0,10,33,4,47,29,67,67,32,195,6,78,84,279
07/08/2009,HSV,AL,ASO,CE,Combined TRACON& Tower with Radar,32,57,31,46,166,0,0,33,11,44,32,57,64,57,210,40,112,152,362
07/09/2009,HSV,AL,ASO,CE,Combined TRACON& Tower with Radar,31,60,19,23,133,0,5,19,1,25,31,65,38,24,158,66,62,128,286
07/10/2009,HSV,AL,ASO,CE,Combined TRACON& Tower with Radar,34,68,27,63,192,0,0,24,3,27,34,68,51,66,219,44,66,110,329
07/11/2009,HSV,AL,ASO,CE,Combined TRACON& Tower with Radar,20,36,18,11,85,0,0,29,1,30,20,36,47,12,115,2,8,10,125
07/12/2009,HSV,AL,ASO,CE,Combined TRACON& Tower with Radar,29,58,11,14,112,0,0,15,0,15,29,58,26,14,127,24,8,32,159
07/13/2009,HSV,AL,ASO,CE,Combined TRACON& Tower with Radar,31,61,35,34,161,0,0,9,9,18,31,61,44,43,179,2,88,90,269
07/14/2009,HSV,AL,ASO,CE,Combined TRACON& Tower with Radar,29,80,28,68,205,0,2,38,1,41,29,82,66,69,246,0,0,0,246
07/15/2009,HSV,AL,ASO,CE,Combined TRACON& Tower with Radar,31,64,39,21,155,0,0,24,4,28,31,64,63,25,183,104,44,148,331
07/16/2009,HSV,AL,ASO,CE,Combined TRACON& Tower with Radar,32,61,21,8,122,0,0,12,2,14,32,61,33,10,136,0,16,16,152
07/17/2009,HSV,AL,ASO,CE,Combined TRACON& Tower with Radar,31,59,36,22,148,0,0,12,0,12,31,59,48,22,160,12,0,12,172
07/18/2009,HSV,AL,ASO,CE,Combined TRACON& Tower with Radar,19,35,28,4,86,0,1,51,0,52,19,36,79,4,138,58,4,62,200
07/19/2009,HSV,AL,ASO,CE,Combined TRACON& Tower with Radar,27,56,18,15,116,0,0,29,5,34,27,56,47,20,150,46,0,46,196
07/20/2009,HSV,AL,ASO,CE,Combined TRACON& Tower with Radar,31,54,30,21,136,0,1,28,0,29,31,55,58,21,165,60,59,119,284
07/21/2009,HSV,AL,ASO,CE,Combined TRACON& Tower with Radar,29,62,28,25,144,0,0,19,0,19,29,62,47,25,163,26,64,90,253
07/22/2009,HSV,AL,ASO,CE,Combined TRACON& Tower with Radar,31,58,28,27,144,0,0,16,7,23,31,58,44,34,167,40,68,108,275
07/23/2009,HSV,AL,ASO,CE,Combined TRACON& Tower with Radar,29,71,33,29,162,0,1,33,1,35,29,72,66,30,197,46,121,167,364
07/24/2009,HSV,AL,ASO,CE,Combined TRACON& Tower with Radar,33,69,28,24,154,0,0,25,3,28,33,69,53,27,182,22,74,96,278
07/25/2009,HSV,AL,ASO,CE,Combined TRACON& Tower with Radar,20,34,28,0,82,0,0,38,0,38,20,34,66,0,120,32,0,32,152
07/26/2009,HSV,AL,ASO,CE,Combined TRACON& Tower with Radar,26,57,15,11,109,0,0,11,2,13,26,57,26,13,122,42,18,60,182
07/27/2009,HSV,AL,ASO,CE,Combined TRACON& Tower with Radar,31,58,32,35,156,0,0,16,3,19,31,58,48,38,175,36,96,132,307
07/28/2009,HSV,AL,ASO,CE,Combined TRACON& Tower with Radar,28,58,27,20,133,0,0,1,0,1,28,58,28,20,134,60,0,60,194
07/29/2009,HSV,AL,ASO,CE,Combined TRACON& Tower with Radar,36,68,41,85,230,0,0,37,2,39,36,68,78,87,269,27,112,139,408
07/30/2009,HSV,AL,ASO,CE,Combined TRACON& Tower with Radar,35,63,22,30,150,0,0,19,1,20,35,63,41,31,170,76,6,82,252
07/31/2009,HSV,AL,ASO,CE,Combined TRACON& Tower with Radar,52,68,31,55,206,0,0,20,7,27,52,68,51,62,233,19,70,89,322
08/01/2009,HSV,AL,ASO,CE,Combined TRACON& Tower with Radar,20,40,27,8,95,0,0,33,0,33,20,40,60,8,128,58,20,78,206
08/02/2009,HSV,AL,ASO,CE,Combined TRACON& Tower with Radar,27,57,25,29,138,0,2,18,9,29,27,59,43,38,167,0,0,0,167
08/03/2009,HSV,AL,ASO,CE,Combined TRACON& Tower with Radar,32,61,30,53,176,0,0,52,1,53,32,61,82,54,229,57,106,163,392
08/04/2009,HSV,AL,ASO,CE,Combined TRACON& Tower with Radar,30,64,28,51,173,0,0,36,7,43,30,64,64,58,216,70,134,204,420
08/05/2009,HSV,AL,ASO,CE,Combined TRACON& Tower with Radar,26,63,27,46,162,0,1,38,1,40,26,64,65,47,202,51,36,87,289
08/06/2009,HSV,AL,ASO,CE,Combined TRACON& Tower with Radar,28,65,19,40,152,0,1,43,4,48,28,66,62,44,200,49,62,111,311
08/07/2009,HSV,AL,ASO,CE,Combined TRACON& Tower with Radar,30,56,26,31,143,0,0,49,10,59,30,56,75,41,202,0,0,0,202
08/08/2009,HSV,AL,ASO,CE,Combined TRACON& Tower with Radar,17,43,11,2,73,0,1,54,1,56,17,44,65,3,129,70,10,80,209
08/09/2009,HSV,AL,ASO,CE,Combined TRACON& Tower with Radar,24,58,38,8,128,0,0,51,2,53,24,58,89,10,181,41,8,49,230
08/10/2009,HSV,AL,ASO,CE,Combined TRACON& Tower with Radar,33,58,27,56,174,0,0,29,9,38,33,58,56,65,212,76,105,181,393
08/11/2009,HSV,AL,ASO,CE,Combined TRACON& Tower with Radar,31,58,21,39,149,0,1,13,3,17,31,59,34,42,166,0,0,0,166
08/12/2009,HSV,AL,ASO,CE,Combined TRACON& Tower with Radar,30,79,34,20,163,0,0,31,6,37,30,79,65,26,200,95,52,147,347
08/13/2009,HSV,AL,ASO,CE,Combined TRACON& Tower with Radar,29,62,30,70,191,0,0,39,9,48,29,62,69,79,239,32,50,82,321
08/14/2009,HSV,AL,ASO,CE,Combined TRACON& Tower with Radar,32,65,31,53,181,0,0,33,13,46,32,65,64,66,227,66,44,110,337
08/15/2009,HSV,AL,ASO,CE,Combined TRACON& Tower with Radar,20,38,25,32,115,0,0,50,1,51,20,38,75,33,166,0,0,0,166
08/16/2009,HSV,AL,ASO,CE,Combined TRACON& Tower with Radar,26,61,39,32,158,0,0,24,1,25,26,61,63,33,183,47,2,49,232
08/17/2009,HSV,AL,ASO,CE,Combined TRACON& Tower with Radar,34,66,25,18,143,0,0,6,13,19,34,66,31,31,162,39,44,83,245
08/18/2009,HSV,AL,ASO,CE,Combined TRACON& Tower with Radar,28,61,23,34,146,0,0,6,2,8,28,61,29,36,154,22,1,23,177
08/19/2009,HSV,AL,ASO,CE,Combined TRACON& Tower with Radar,29,62,53,35,179,0,0,25,2,27,29,62,78,37,206,28,46,74,280
08/20/2009,HSV,AL,ASO,CE,Combined TRACON& Tower with Radar,41,71,17,28,157,0,0,2,1,3,41,71,19,29,160,0,4,4,164
08/21/2009,HSV,AL,ASO,CE,Combined TRACON& Tower with Radar,28,64,32,17,141,0,0,20,6,26,28,64,52,23,167,44,18,62,229
08/22/2009,HSV,AL,ASO,CE,Combined TRACON& Tower with Radar,19,33,42,2,96,0,0,84,0,84,19,33,126,2,180,36,0,36,216
08/23/2009,HSV,AL,ASO,CE,Combined TRACON& Tower with Radar,28,55,37,4,124,0,2,29,3,34,28,57,66,7,158,58,0,58,216
08/24/2009,HSV,AL,ASO,CE,Combined TRACON& Tower with Radar,31,59,33,35,158,0,0,25,2,27,31,59,58,37,185,53,12,65,250
08/25/2009,HSV,AL,ASO,CE,Combined TRACON& Tower with Radar,27,68,37,31,163,0,0,46,1,47,27,68,83,32,210,32,76,108,318
08/26/2009,HSV,AL,ASO,CE,Combined TRACON& Tower with Radar,31,69,25,87,212,0,0,34,2,36,31,69,59,89,248,38,132,170,418
08/27/2009,HSV,AL,ASO,CE,Combined TRACON& Tower with Radar,31,59,22,18,130,0,0,27,0,27,31,59,49,18,157,12,18,30,187
08/28/2009,HSV,AL,ASO,CE,Combined TRACON& Tower with Radar,29,62,32,38,161,0,0,17,4,21,29,62,49,42,182,24,34,58,240
08/29/2009,HSV,AL,ASO,CE,Combined TRACON& Tower with Radar,27,30,23,7,87,0,0,39,0,39,27,30,62,7,126,70,0,70,196
08/30/2009,HSV,AL,ASO,CE,Combined TRACON& Tower with Radar,35,55,23,23,136,0,0,26,6,32,35,55,49,29,168,0,0,0,168
08/31/2009,HSV,AL,ASO,CE,Combined TRACON& Tower with Radar,29,72,18,35,154,0,0,52,0,52,29,72,70,35,206,48,108,156,362
09/01/2009,HSV,AL,ASO,CE,Combined TRACON& Tower with Radar,26,73,24,41,164,0,1,35,1,37,26,74,59,42,201,62,100,162,363
09/02/2009,HSV,AL,ASO,CE,Combined TRACON& Tower with Radar,29,65,43,37,174,0,2,33,3,38,29,67,76,40,212,122,124,246,458
09/03/2009,HSV,AL,ASO,CE,Combined TRACON& Tower with Radar,31,62,35,21,149,0,0,47,10,57,31,62,82,31,206,68,28,96,302
09/04/2009,HSV,AL,ASO,CE,Combined TRACON& Tower with Radar,32,64,44,9,149,0,0,62,0,62,32,64,106,9,211,38,0,38,249
09/05/2009,HSV,AL,ASO,CE,Combined TRACON& Tower with Radar,20,37,14,2,73,0,0,20,0,20,20,37,34,2,93,46,0,46,139
09/06/2009,HSV,AL,ASO,CE,Combined TRACON& Tower with Radar,21,28,11,0,60,0,0,11,0,11,21,28,22,0,71,0,0,0,71
09/07/2009,HSV,AL,ASO,CE,Combined TRACON& Tower with Radar,25,56,25,12,118,0,0,40,2,42,25,56,65,14,160,24,0,24,184
09/08/2009,HSV,AL,ASO,CE,Combined TRACON& Tower with Radar,27,72,14,15,128,0,2,30,0,32,27,74,44,15,160,0,0,0,160
09/09/2009,HSV,AL,ASO,CE,Combined TRACON& Tower with Radar,27,81,37,22,167,0,4,64,16,84,27,85,101,38,251,0,0,0,251
09/10/2009,HSV,AL,ASO,CE,Combined TRACON& Tower with Radar,30,75,32,58,195,0,0,22,3,25,30,75,54,61,220,67,108,175,395
09/11/2009,HSV,AL,ASO,CE,Combined TRACON& Tower with Radar,31,63,26,58,178,0,0,24,5,29,31,63,50,63,207,62,26,88,295
09/12/2009,HSV,AL,ASO,CE,Combined TRACON& Tower with Radar,22,32,42,3,99,0,0,55,2,57,22,32,97,5,156,95,0,95,251
09/13/2009,HSV,AL,ASO,CE,Combined TRACON& Tower with Radar,28,52,15,21,116,0,1,25,0,26,28,53,40,21,142,0,0,0,142
09/14/2009,HSV,AL,ASO,CE,Combined TRACON& Tower with Radar,31,70,30,25,156,0,0,1,1,2,31,70,31,26,158,32,12,44,202
09/15/2009,HSV,AL,ASO,CE,Combined TRACON& Tower with Radar,27,59,23,68,177,0,0,15,2,17,27,59,38,70,194,42,150,192,386
09/16/2009,HSV,AL,ASO,CE,Combined TRACON& Tower with Radar,28,94,30,36,188,0,0,7,0,7,28,94,37,36,195,26,50,76,271
09/17/2009,HSV,AL,ASO,CE,Combined TRACON& Tower with Radar,31,67,31,10,139,0,0,5,0,5,31,67,36,10,144,0,12,12,156
09/18/2009,HSV,AL,ASO,CE,Combined TRACON& Tower with Radar,31,63,52,70,216,0,0,20,2,22,31,63,72,72,238,0,0,0,238
09/19/2009,HSV,AL,ASO,CE,Combined TRACON& Tower with Radar,21,31,28,0,80,0,0,3,0,3,21,31,31,0,83,40,30,70,153
09/20/2009,HSV,AL,ASO,CE,Combined TRACON& Tower with Radar,28,50,18,4,100,0,0,15,2,17,28,50,33,6,117,33,0,33,150
09/21/2009,HSV,AL,ASO,CE,Combined TRACON& Tower with Radar,46,56,14,26,142,0,1,8,2,11,46,57,22,28,153,69,0,69,222
09/22/2009,HSV,AL,ASO,CE,Combined TRACON& Tower with Radar,25,70,36,19,150,0,0,29,0,29,25,70,65,19,179,102,2,104,283
09/23/2009,HSV,AL,ASO,CE,Combined TRACON& Tower with Radar,28,68,39,14,149,0,4,16,1,21,28,72,55,15,170,60,0,60,230
09/24/2009,HSV,AL,ASO,CE,Combined TRACON& Tower with Radar,29,65,36,49,179,0,1,30,6,37,29,66,66,55,216,32,116,148,364
09/25/2009,HSV,AL,ASO,CE,Combined TRACON& Tower with Radar,29,65,32,27,153,0,1,20,0,21,29,66,52,27,174,12,22,34,208
09/26/2009,HSV,AL,ASO,CE,Combined TRACON& Tower with Radar,24,38,15,2,79,0,0,1,0,1,24,38,16,2,80,0,0,0,80
09/27/2009,HSV,AL,ASO,CE,Combined TRACON& Tower with Radar,28,53,28,13,122,0,0,53,1,54,28,53,81,14,176,0,0,0,176
09/28/2009,HSV,AL,ASO,CE,Combined TRACON& Tower with Radar,30,62,27,5,124,0,1,20,4,25,30,63,47,9,149,44,0,44,193
09/29/2009,HSV,AL,ASO,CE,Combined TRACON& Tower with Radar,30,66,28,11,135,0,0,45,3,48,30,66,73,14,183,36,18,54,237
09/30/2009,HSV,AL,ASO,CE,Combined TRACON& Tower with Radar,30,89,45,37,201,0,4,74,6,84,30,93,119,43,285,70,234,304,589
10/01/2009,HSV,AL,ASO,CE,Combined TRACON& Tower with Radar,31,64,38,20,153,0,0,55,13,68,31,64,93,33,221,59,62,121,342
10/02/2009,HSV,AL,ASO,CE,Combined TRACON& Tower with Radar,36,59,22,30,147,0,0,35,1,36,36,59,57,31,183,40,70,110,293
10/03/2009,HSV,AL,ASO,CE,Combined TRACON& Tower with Radar,18,35,24,4,81,0,0,74,0,74,18,35,98,4,155,34,6,40,195
10/04/2009,HSV,AL,ASO,CE,Combined TRACON& Tower with Radar,29,60,30,10,129,0,0,33,2,35,29,60,63,12,164,62,12,74,238
10/05/2009,HSV,AL,ASO,CE,Combined TRACON& Tower with Radar,32,62,48,60,202,1,1,4,0,6,33,63,52,60,208,0,0,0,208
10/06/2009,HSV,AL,ASO,CE,Combined TRACON& Tower with Radar,29,62,33,19,143,0,0,0,0,0,29,62,33,19,143,27,113,140,283
10/07/2009,HSV,AL,ASO,CE,Combined TRACON& Tower with Radar,33,102,64,103,302,0,0,51,9,60,33,102,115,112,362,30,244,274,636
10/08/2009,HSV,AL,ASO,CE,Combined TRACON& Tower with Radar,37,106,39,65,247,0,1,37,2,40,37,107,76,67,287,28,240,268,555
10/09/2009,HSV,AL,ASO,CE,Combined TRACON& Tower with Radar,38,67,19,26,150,0,0,2,0,2,38,67,21,26,152,0,76,76,228
10/10/2009,HSV,AL,ASO,CE,Combined TRACON& Tower with Radar,16,35,23,24,98,0,0,0,0,0,16,35,23,24,98,0,0,0,98
10/11/2009,HSV,AL,ASO,CE,Combined TRACON& Tower with Radar,26,55,32,0,113,0,0,23,1,24,26,55,55,1,137,64,0,64,201
10/12/2009,HSV,AL,ASO,CE,Combined TRACON& Tower with Radar,31,58,37,1,127,0,0,0,0,0,31,58,37,1,127,0,0,0,127
10/13/2009,HSV,AL,ASO,CE,Combined TRACON& Tower with Radar,29,83,29,33,174,0,0,13,1,14,29,83,42,34,188,2,84,86,274
10/14/2009,HSV,AL,ASO,CE,Combined TRACON& Tower with Radar,33,64,32,44,173,0,0,1,0,1,33,64,33,44,174,0,0,0,174
10/15/2009,HSV,AL,ASO,CE,Combined TRACON& Tower with Radar,39,60,34,42,175,0,0,7,0,7,39,60,41,42,182,6,40,46,228
10/16/2009,HSV,AL,ASO,CE,Combined TRACON& Tower with Radar,33,64,44,33,174,0,0,9,3,12,33,64,53,36,186,0,0,0,186
10/17/2009,HSV,AL,ASO,CE,Combined TRACON& Tower with Radar,17,34,17,6,74,0,0,7,0,7,17,34,24,6,81,67,19,86,167
10/18/2009,HSV,AL,ASO,CE,Combined TRACON& Tower with Radar,24,55,33,12,124,0,1,50,6,57,24,56,83,18,181,54,16,70,251
10/19/2009,HSV,AL,ASO,CE,Combined TRACON& Tower with Radar,32,65,27,19,143,0,2,43,11,56,32,67,70,30,199,24,138,162,361
10/20/2009,HSV,AL,ASO,CE,Combined TRACON& Tower with Radar,26,65,28,28,147,0,1,55,12,68,26,66,83,40,215,12,48,60,275
10/21/2009,HSV,AL,ASO,CE,Combined TRACON& Tower with Radar,34,62,45,36,177,0,0,54,5,59,34,62,99,41,236,47,143,190,426
10/22/2009,HSV,AL,ASO,CE,Combined TRACON& Tower with Radar,33,93,41,56,223,0,0,34,4,38,33,93,75,60,261,4,214,218,479
10/23/2009,HSV,AL,ASO,CE,Combined TRACON& Tower with Radar,33,64,21,40,158,0,0,7,1,8,33,64,28,41,166,0,0,0,166
10/24/2009,HSV,AL,ASO,CE,Combined TRACON& Tower with Radar,20,35,31,3,89,0,0,32,0,32,20,35,63,3,121,36,0,36,157
10/25/2009,HSV,AL,ASO,CE,Combined TRACON& Tower with Radar,23,60,34,2,119,0,0,60,0,60,23,60,94,2,179,8,0,8,187
10/26/2009,HSV,AL,ASO,CE,Combined TRACON& Tower with Radar,44,65,21,56,186,0,1,34,2,37,44,66,55,58,223,0,0,0,223
10/27/2009,HSV,AL,ASO,CE,Combined TRACON& Tower with Radar,28,68,41,15,152,0,0,0,0,0,28,68,41,15,152,61,110,171,323
10/28/2009,HSV,AL,ASO,CE,Combined TRACON& Tower with Radar,29,80,40,28,177,0,0,33,2,35,29,80,73,30,212,6,48,54,266
10/29/2009,HSV,AL,ASO,CE,Combined TRACON& Tower with Radar,28,81,48,29,186,0,0,16,0,16,28,81,64,29,202,16,118,134,336
10/30/2009,HSV,AL,ASO,CE,Combined TRACON& Tower with Radar,32,82,14,55,183,0,0,4,0,4,32,82,18,55,187,24,60,84,271
10/31/2009,HSV,AL,ASO,CE,Combined TRACON& Tower with Radar,17,41,19,0,77,0,0,10,0,10,17,41,29,0,87,21,0,21,108
11/01/2009,HSV,AL,ASO,CE,Combined TRACON& Tower with Radar,24,63,32,0,119,0,0,60,0,60,24,63,92,0,179,46,0,46,225
11/02/2009,HSV,AL,ASO,CE,Combined TRACON& Tower with Radar,25,68,29,17,139,0,0,45,12,57,25,68,74,29,196,0,0,0,196
11/03/2009,HSV,AL,ASO,CE,Combined TRACON& Tower with Radar,24,77,25,21,147,0,0,46,11,57,24,77,71,32,204,6,64,70,274
11/04/2009,HSV,AL,ASO,CE,Combined TRACON& Tower with Radar,30,68,50,19,167,0,0,46,8,54,30,68,96,27,221,61,37,98,319
11/05/2009,HSV,AL,ASO,CE,Combined TRACON& Tower with Radar,28,70,24,28,150,0,6,22,3,31,28,76,46,31,181,46,106,152,333
11/06/2009,HSV,AL,ASO,CE,Combined TRACON& Tower with Radar,30,76,23,40,169,0,0,43,4,47,30,76,66,44,216,42,114,156,372
11/07/2009,HSV,AL,ASO,CE,Combined TRACON& Tower with Radar,13,41,39,1,94,0,0,55,3,58,13,41,94,4,152,66,114,180,332
11/08/2009,HSV,AL,ASO,CE,Combined TRACON& Tower with Radar,23,59,21,2,105,0,0,40,2,42,23,59,61,4,147,0,0,0,147
11/09/2009,HSV,AL,ASO,CE,Combined TRACON& Tower with Radar,28,80,18,36,162,0,0,14,7,21,28,80,32,43,183,25,142,167,350
11/10/2009,HSV,AL,ASO,CE,Combined TRACON& Tower with Radar,24,64,8,0,96,0,0,0,0,0,24,64,8,0,96,0,0,0,96
11/11/2009,HSV,AL,ASO,CE,Combined TRACON& Tower with Radar,27,65,19,9,120,0,0,26,1,27,27,65,45,10,147,0,0,0,147
11/12/2009,HSV,AL,ASO,CE,Combined TRACON& Tower with Radar,29,73,22,29,153,0,0,26,6,32,29,73,48,35,185,0,30,30,215
11/13/2009,HSV,AL,ASO,CE,Combined TRACON& Tower with Radar,28,65,16,27,136,0,0,28,6,34,28,65,44,33,170,0,0,0,170
11/14/2009,HSV,AL,ASO,CE,Combined TRACON& Tower with Radar,13,43,22,0,78,0,0,34,0,34,13,43,56,0,112,52,20,72,184
11/15/2009,HSV,AL,ASO,CE,Combined TRACON& Tower with Radar,21,65,21,40,147,0,0,39,1,40,21,65,60,41,187,18,0,18,205
11/16/2009,HSV,AL,ASO,CE,Combined TRACON& Tower with Radar,31,76,39,52,198,0,0,17,4,21,31,76,56,56,219,4,62,66,285
11/17/2009,HSV,AL,ASO,CE,Combined TRACON& Tower with Radar,22,65,33,36,156,0,0,2,0,2,22,65,35,36,158,12,28,40,198
11/18/2009,HSV,AL,ASO,CE,Combined TRACON& Tower with Radar,29,82,33,88,232,0,0,31,1,32,29,82,64,89,264,12,138,150,414
11/19/2009,HSV,AL,ASO,CE,Combined TRACON& Tower with Radar,26,78,31,20,155,0,0,42,3,45,26,78,73,23,200,36,82,118,318
11/20/2009,HSV,AL,ASO,CE,Combined TRACON& Tower with Radar,29,65,26,90,210,0,1,50,13,64,29,66,76,103,274,0,0,0,274
11/21/2009,HSV,AL,ASO,CE,Combined TRACON& Tower with Radar,15,39,27,14,95,0,0,50,5,55,15,39,77,19,150,149,116,265,415
11/22/2009,HSV,AL,ASO,CE,Combined TRACON& Tower with Radar,23,66,16,4,109,0,1,2,1,4,23,67,18,5,113,0,0,0,113
11/23/2009,HSV,AL,ASO,CE,Combined TRACON& Tower with Radar,26,59,35,57,177,0,0,4,4,8,26,59,39,61,185,0,0,0,185
11/24/2009,HSV,AL,ASO,CE,Combined TRACON& Tower with Radar,28,92,41,29,190,0,0,25,5,30,28,92,66,34,220,40,96,136,356
11/25/2009,HSV,AL,ASO,CE,Combined TRACON& Tower with Radar,29,70,40,12,151,0,0,39,5,44,29,70,79,17,195,51,36,87,282
11/26/2009,HSV,AL,ASO,CE,Combined TRACON& Tower with Radar,13,35,14,0,62,0,0,15,0,15,13,35,29,0,77,0,0,0,77
11/27/2009,HSV,AL,ASO,CE,Combined TRACON& Tower with Radar,18,41,17,1,77,0,0,35,0,35,18,41,52,1,112,25,0,25,137
11/28/2009,HSV,AL,ASO,CE,Combined TRACON& Tower with Radar,16,53,24,1,94,0,0,48,2,50,16,53,72,3,144,0,0,0,144
11/29/2009,HSV,AL,ASO,CE,Combined TRACON& Tower with Radar,21,71,33,5,130,0,0,21,2,23,21,71,54,7,153,8,0,8,161
11/30/2009,HSV,AL,ASO,CE,Combined TRACON& Tower with Radar,30,63,20,15,128,0,0,2,0,2,30,63,22,15,130,26,4,30,160
12/01/2009,HSV,AL,ASO,CE,Combined TRACON& Tower with Radar,30,69,28,54,181,0,2,16,5,23,30,71,44,59,204,2,54,56,260
12/02/2009,HSV,AL,ASO,CE,Combined TRACON& Tower with Radar,35,75,22,15,147,0,0,0,0,0,35,75,22,15,147,0,0,0,147
12/03/2009,HSV,AL,ASO,CE,Combined TRACON& Tower with Radar,32,75,23,26,156,0,1,3,0,4,32,76,26,26,160,29,16,45,205
12/04/2009,HSV,AL,ASO,CE,Combined TRACON& Tower with Radar,32,88,35,29,184,0,4,33,0,37,32,92,68,29,221,30,70,100,321
12/05/2009,HSV,AL,ASO,CE,Combined TRACON& Tower with Radar,14,42,16,4,76,0,0,19,0,19,14,42,35,4,95,67,0,67,162
12/06/2009,HSV,AL,ASO,CE,Combined TRACON& Tower with Radar,19,62,21,4,106,0,0,21,0,21,19,62,42,4,127,0,0,0,127
12/07/2009,HSV,AL,ASO,CE,Combined TRACON& Tower with Radar,30,78,12,45,165,0,0,2,0,2,30,78,14,45,167,22,41,63,230
12/08/2009,HSV,AL,ASO,CE,Combined TRACON& Tower with Radar,28,60,13,2,103,0,0,0,0,0,28,60,13,2,103,0,0,0,103
12/09/2009,HSV,AL,ASO,CE,Combined TRACON& Tower with Radar,30,65,15,36,146,0,0,5,2,7,30,65,20,38,153,16,48,64,217
12/10/2009,HSV,AL,ASO,CE,Combined TRACON& Tower with Radar,30,68,20,55,173,0,0,36,9,45,30,68,56,64,218,60,84,144,362
12/11/2009,HSV,AL,ASO,CE,Combined TRACON& Tower with Radar,30,72,22,40,164,0,1,28,4,33,30,73,50,44,197,0,0,0,197
12/12/2009,HSV,AL,ASO,CE,Combined TRACON& Tower with Radar,13,38,11,20,82,0,0,15,2,17,13,38,26,22,99,24,2,26,125
12/13/2009,HSV,AL,ASO,CE,Combined TRACON& Tower with Radar,20,72,31,7,130,0,0,0,0,0,20,72,31,7,130,0,0,0,130
12/14/2009,HSV,AL,ASO,CE,Combined TRACON& Tower with Radar,35,62,25,15,137,0,0,4,0,4,35,62,29,15,141,0,0,0,141
12/15/2009,HSV,AL,ASO,CE,Combined TRACON& Tower with Radar,31,94,32,36,193,0,0,4,1,5,31,94,36,37,198,33,128,161,359
12/16/2009,HSV,AL,ASO,CE,Combined TRACON& Tower with Radar,34,73,23,21,151,0,2,28,7,37,34,75,51,28,188,10,24,34,222
12/17/2009,HSV,AL,ASO,CE,Combined TRACON& Tower with Radar,29,77,28,32,166,0,0,18,7,25,29,77,46,39,191,8,94,102,293
12/18/2009,HSV,AL,ASO,CE,Combined TRACON& Tower with Radar,25,63,27,4,119,0,0,2,0,2,25,63,29,4,121,0,0,0,121
12/19/2009,HSV,AL,ASO,CE,Combined TRACON& Tower with Radar,13,47,17,0,77,0,0,0,1,1,13,47,17,1,78,30,0,30,108
12/20/2009,HSV,AL,ASO,CE,Combined TRACON& Tower with Radar,12,53,14,11,90,0,3,17,6,26,12,56,31,17,116,0,0,0,116
12/21/2009,HSV,AL,ASO,CE,Combined TRACON& Tower with Radar,23,72,21,34,150,0,2,31,3,36,23,74,52,37,186,27,97,124,310
12/22/2009,HSV,AL,ASO,CE,Combined TRACON& Tower with Radar,26,67,32,17,142,0,2,33,5,40,26,69,65,22,182,9,38,47,229
12/23/2009,HSV,AL,ASO,CE,Combined TRACON& Tower with Radar,19,66,28,56,169,0,0,20,0,20,19,66,48,56,189,2,76,78,267
12/24/2009,HSV,AL,ASO,CE,Combined TRACON& Tower with Radar,9,46,4,0,59,0,0,3,0,3,9,46,7,0,62,4,0,4,66
12/25/2009,HSV,AL,ASO,CE,Combined TRACON& Tower with Radar,14,39,1,0,54,0,0,0,0,0,14,39,1,0,54,0,0,0,54
12/26/2009,HSV,AL,ASO,CE,Combined TRACON& Tower with Radar,10,53,20,0,83,0,0,27,0,27,10,53,47,0,110,10,0,10,120
12/27/2009,HSV,AL,ASO,CE,Combined TRACON& Tower with Radar,12,60,21,0,93,0,0,16,0,16,12,60,37,0,109,10,0,10,119
12/28/2009,HSV,AL,ASO,CE,Combined TRACON& Tower with Radar,17,61,15,5,98,0,0,19,0,19,17,61,34,5,117,24,3,27,144
12/29/2009,HSV,AL,ASO,CE,Combined TRACON& Tower with Radar,14,67,20,14,115,0,0,20,5,25,14,67,40,19,140,20,4,24,164
12/30/2009,HSV,AL,ASO,CE,Combined TRACON& Tower with Radar,17,60,18,23,118,0,0,9,0,9,17,60,27,23,127,0,22,22,149
12/31/2009,HSV,AL,ASO,CE,Combined TRACON& Tower with Radar,12,39,7,0,58,0,0,1,0,1,12,39,8,0,59,0,0,0,59
01/01/2010,HSV,AL,ASO,CE,Combined TRACON& Tower with Radar,12,40,8,0,60,0,0,11,0,11,12,40,19,0,71,23,0,23,94
01/02/2010,HSV,AL,ASO,CE,Combined TRACON& Tower with Radar,10,47,19,0,76,0,0,18,0,18,10,47,37,0,94,23,0,23,117
01/03/2010,HSV,AL,ASO,CE,Combined TRACON& Tower with Radar,17,56,8,0,81,0,0,18,0,18,17,56,26,0,99,26,0,26,125
01/04/2010,HSV,AL,ASO,CE,Combined TRACON& Tower with Radar,23,61,21,21,126,0,0,12,0,12,23,61,33,21,138,16,18,34,172
01/05/2010,HSV,AL,ASO,CE,Combined TRACON& Tower with Radar,29,60,8,40,137,0,0,9,4,13,29,60,17,44,150,0,30,30,180
01/06/2010,HSV,AL,ASO,CE,Combined TRACON& Tower with Radar,29,57,39,32,157,0,0,18,3,21,29,57,57,35,178,6,30,36,214
01/07/2010,HSV,AL,ASO,CE,Combined TRACON& Tower with Radar,28,43,3,12,86,0,0,0,0,0,28,43,3,12,86,0,0,0,86
01/08/2010,HSV,AL,ASO,CE,Combined TRACON& Tower with Radar,27,55,3,22,107,0,0,4,1,5,27,55,7,23,112,4,12,16,128
01/09/2010,HSV,AL,ASO,CE,Combined TRACON& Tower with Radar,17,32,5,6,60,0,0,2,0,2,17,32,7,6,62,0,0,0,62
01/10/2010,HSV,AL,ASO,CE,Combined TRACON& Tower with Radar,30,50,7,49,136,0,2,16,0,18,30,52,23,49,154,72,0,72,226
01/11/2010,HSV,AL,ASO,CE,Combined TRACON& Tower with Radar,32,61,19,64,176,0,0,5,7,12,32,61,24,71,188,36,92,128,316
01/12/2010,HSV,AL,ASO,CE,Combined TRACON& Tower with Radar,28,55,33,46,162,0,0,13,9,22,28,55,46,55,184,0,14,14,198
01/13/2010,HSV,AL,ASO,CE,Combined TRACON& Tower with Radar,29,57,23,33,142,0,0,14,11,25,29,57,37,44,167,8,28,36,203
01/14/2010,HSV,AL,ASO,CE,Combined TRACON& Tower with Radar,31,58,16,52,157,0,0,23,3,26,31,58,39,55,183,0,44,44,227
01/15/2010,HSV,AL,ASO,CE,Combined TRACON& Tower with Radar,30,57,23,45,155,0,1,36,2,39,30,58,59,47,194,0,0,0,194
01/16/2010,HSV,AL,ASO,CE,Combined TRACON& Tower with Radar,17,32,16,10,75,0,0,0,0,0,17,32,16,10,75,14,20,34,109
01/17/2010,HSV,AL,ASO,CE,Combined TRACON& Tower with Radar,22,51,7,10,90,0,0,0,0,0,22,51,7,10,90,0,0,0,90
01/18/2010,HSV,AL,ASO,CE,Combined TRACON& Tower with Radar,31,53,29,0,113,0,0,19,0,19,31,53,48,0,132,0,0,0,132
01/19/2010,HSV,AL,ASO,CE,Combined TRACON& Tower with Radar,29,59,26,100,214,0,0,12,1,13,29,59,38,101,227,10,99,109,336
01/20/2010,HSV,AL,ASO,CE,Combined TRACON& Tower with Radar,28,83,34,50,195,0,0,9,3,12,28,83,43,53,207,40,42,82,289
01/21/2010,HSV,AL,ASO,CE,Combined TRACON& Tower with Radar,29,61,20,35,145,0,0,5,0,5,29,61,25,35,150,0,8,8,158
01/22/2010,HSV,AL,ASO,CE,Combined TRACON& Tower with Radar,30,61,26,31,148,0,0,11,1,12,30,61,37,32,160,20,0,20,180
01/23/2010,HSV,AL,ASO,CE,Combined TRACON& Tower with Radar,17,35,12,23,87,0,1,4,0,5,17,36,16,23,92,8,0,8,100
01/24/2010,HSV,AL,ASO,CE,Combined TRACON& Tower with Radar,48,53,12,20,133,0,0,3,0,3,48,53,15,20,136,4,0,4,140
01/25/2010,HSV,AL,ASO,CE,Combined TRACON& Tower with Radar,32,55,11,13,111,0,0,6,4,10,32,55,17,17,121,2,0,2,123
01/26/2010,HSV,AL,ASO,CE,Combined TRACON& Tower with Radar,29,58,22,21,130,0,0,18,4,22,29,58,40,25,152,20,36,56,208
01/27/2010,HSV,AL,ASO,CE,Combined TRACON& Tower with Radar,30,67,23,52,172,0,0,33,7,40,30,67,56,59,212,42,80,122,334
01/28/2010,HSV,AL,ASO,CE,Combined TRACON& Tower with Radar,31,57,25,41,154,0,0,26,2,28,31,57,51,43,182,4,115,119,301
01/29/2010,HSV,AL,ASO,CE,Combined TRACON& Tower with Radar,19,36,6,2,63,0,0,0,2,2,19,36,6,4,65,0,0,0,65
01/30/2010,HSV,AL,ASO,CE,Combined TRACON& Tower with Radar,10,38,1,0,49,0,0,0,0,0,10,38,1,0,49,0,0,0,49
01/31/2010,HSV,AL,ASO,CE,Combined TRACON& Tower with Radar,24,50,8,6,88,0,0,25,0,25,24,50,33,6,113,42,4,46,159
02/01/2010,HSV,AL,ASO,CE,Combined TRACON& Tower with Radar,31,90,27,37,185,0,1,30,18,49,31,91,57,55,234,6,170,176,410
02/02/2010,HSV,AL,ASO,CE,Combined TRACON& Tower with Radar,28,64,34,51,177,0,0,8,1,9,28,64,42,52,186,10,88,98,284
02/03/2010,HSV,AL,ASO,CE,Combined TRACON& Tower with Radar,33,73,27,51,184,0,0,23,10,33,33,73,50,61,217,10,160,170,387
02/04/2010,HSV,AL,ASO,CE,Combined TRACON& Tower with Radar,34,70,33,42,179,0,0,3,0,3,34,70,36,42,182,0,161,161,343
02/05/2010,HSV,AL,ASO,CE,Combined TRACON& Tower with Radar,27,60,7,22,116,0,0,0,0,0,27,60,7,22,116,0,0,0,116
02/06/2010,HSV,AL,ASO,CE,Combined TRACON& Tower with Radar,15,34,10,6,65,0,0,0,3,3,15,34,10,9,68,0,0,0,68
02/07/2010,HSV,AL,ASO,CE,Combined TRACON& Tower with Radar,22,45,6,13,86,0,0,3,3,6,22,45,9,16,92,50,18,68,160
02/08/2010,HSV,AL,ASO,CE,Combined TRACON& Tower with Radar,30,38,15,22,105,0,0,2,1,3,30,38,17,23,108,0,0,0,108
02/09/2010,HSV,AL,ASO,CE,Combined TRACON& Tower with Radar,25,44,7,6,82,0,0,0,3,3,25,44,7,9,85,0,24,24,109
02/10/2010,HSV,AL,ASO,CE,Combined TRACON& Tower with Radar,27,46,24,30,127,0,0,17,5,22,27,46,41,35,149,40,10,50,199
02/11/2010,HSV,AL,ASO,CE,Combined TRACON& Tower with Radar,25,57,21,108,211,0,0,20,8,28,25,57,41,116,239,0,92,92,331
02/12/2010,HSV,AL,ASO,CE,Combined TRACON& Tower with Radar,19,58,29,40,146,0,1,11,3,15,19,59,40,43,161,47,52,99,260
02/13/2010,HSV,AL,ASO,CE,Combined TRACON& Tower with Radar,15,33,20,9,77,0,0,33,0,33,15,33,53,9,110,52,0,52,162
02/14/2010,HSV,AL,ASO,CE,Combined TRACON& Tower with Radar,22,45,7,0,74,0,0,2,0,2,22,45,9,0,76,0,0,0,76
02/15/2010,HSV,AL,ASO,CE,Combined TRACON& Tower with Radar,32,51,16,0,99,0,1,1,0,2,32,52,17,0,101,10,0,10,111
02/16/2010,HSV,AL,ASO,CE,Combined TRACON& Tower with Radar,29,66,20,31,146,0,0,12,0,12,29,66,32,31,158,0,80,80,238
02/17/2010,HSV,AL,ASO,CE,Combined TRACON& Tower with Radar,32,62,30,35,159,0,1,12,20,33,32,63,42,55,192,14,22,36,228
02/18/2010,HSV,AL,ASO,CE,Combined TRACON& Tower with Radar,32,65,24,52,173,0,0,32,10,42,32,65,56,62,215,40,24,64,279
02/19/2010,HSV,AL,ASO,CE,Combined TRACON& Tower with Radar,29,60,22,38,149,0,0,46,5,51,29,60,68,43,200,72,77,149,349
02/20/2010,HSV,AL,ASO,CE,Combined TRACON& Tower with Radar,13,39,14,56,122,0,1,54,5,60,13,40,68,61,182,105,88,193,375
02/21/2010,HSV,AL,ASO,CE,Combined TRACON& Tower with Radar,22,50,14,16,102,0,1,31,7,39,22,51,45,23,141,0,0,0,141
02/22/2010,HSV,AL,ASO,CE,Combined TRACON& Tower with Radar,37,61,39,68,205,0,1,0,0,1,37,62,39,68,206,8,40,48,254
02/23/2010,HSV,AL,ASO,CE,Combined TRACON& Tower with Radar,24,55,36,10,125,0,0,7,0,7,24,55,43,10,132,0,14,14,146
02/24/2010,HSV,AL,ASO,CE,Combined TRACON& Tower with Radar,27,73,25,89,214,0,4,21,1,26,27,77,46,90,240,7,138,145,385
02/25/2010,HSV,AL,ASO,CE,Combined TRACON& Tower with Radar,29,66,22,41,158,0,0,36,9,45,29,66,58,50,203,6,72,78,281
02/26/2010,HSV,AL,ASO,CE,Combined TRACON& Tower with Radar,25,56,25,90,196,0,0,29,5,34,25,56,54,95,230,12,93,105,335
02/27/2010,HSV,AL,ASO,CE,Combined TRACON& Tower with Radar,12,39,24,22,97,0,0,29,2,31,12,39,53,24,128,0,0,0,128
02/28/2010,HSV,AL,ASO,CE,Combined TRACON& Tower with Radar,20,53,38,9,120,0,1,39,2,42,20,54,77,11,162,34,48,82,244
03/01/2010,HSV,AL,ASO,CE,Combined TRACON& Tower with Radar,33,59,33,43,168,0,6,13,1,20,33,65,46,44,188,0,0,0,188
03/02/2010,HSV,AL,ASO,CE,Combined TRACON& Tower with Radar,28,50,8,42,128,0,0,1,0,1,28,50,9,42,129,36,116,152,281
03/03/2010,HSV,AL,ASO,CE,Combined TRACON& Tower with Radar,28,66,2,38,134,0,2,4,3,9,28,68,6,41,143,0,22,22,165
03/04/2010,HSV,AL,ASO,CE,Combined TRACON& Tower with Radar,30,64,15,88,197,0,0,29,6,35,30,64,44,94,232,16,134,150,382
03/05/2010,HSV,AL,ASO,CE,Combined TRACON& Tower with Radar,26,69,26,52,173,0,3,34,3,40,26,72,60,55,213,6,58,64,277
03/06/2010,HSV,AL,ASO,CE,Combined TRACON& Tower with Radar,11,41,15,19,86,0,0,35,2,37,11,41,50,21,123,16,0,16,139
03/07/2010,HSV,AL,ASO,CE,Combined TRACON& Tower with Radar,29,53,16,17,115,0,0,41,2,43,29,53,57,19,158,0,0,0,158
03/08/2010,HSV,AL,ASO,CE,Combined TRACON& Tower with Radar,29,66,19,36,150,0,1,36,3,40,29,67,55,39,190,20,0,20,210
03/09/2010,HSV,AL,ASO,CE,Combined TRACON& Tower with Radar,30,79,19,44,172,0,1,3,8,12,30,80,22,52,184,28,248,276,460
03/10/2010,HSV,AL,ASO,CE,Combined TRACON& Tower with Radar,34,56,13,6,109,0,1,2,0,3,34,57,15,6,112,10,0,10,122
03/11/2010,HSV,AL,ASO,CE,Combined TRACON& Tower with Radar,27,66,31,28,152,0,1,11,0,12,27,67,42,28,164,4,14,18,182
03/12/2010,HSV,AL,ASO,CE,Combined TRACON& Tower with Radar,32,64,35,4,135,0,1,16,1,18,32,65,51,5,153,0,24,24,177
03/13/2010,HSV,AL,ASO,CE,Combined TRACON& Tower with Radar,12,34,39,0,85,0,0,3,0,3,12,34,42,0,88,0,0,0,88
03/14/2010,HSV,AL,ASO,CE,Combined TRACON& Tower with Radar,22,51,34,0,107,0,0,2,0,2,22,51,36,0,109,6,0,6,115
03/15/2010,HSV,AL,ASO,CE,Combined TRACON& Tower with Radar,42,60,29,53,184,0,0,7,7,14,42,60,36,60,198,88,32,120,318
03/16/2010,HSV,AL,ASO,CE,Combined TRACON& Tower with Radar,30,59,23,80,192,0,0,4,0,4,30,59,27,80,196,0,73,73,269
03/17/2010,HSV,AL,ASO,CE,Combined TRACON& Tower with Radar,31,63,30,36,160,0,1,6,1,8,31,64,36,37,168,4,90,94,262
03/18/2010,HSV,AL,ASO,CE,Combined TRACON& Tower with Radar,29,68,18,26,141,0,3,25,0,28,29,71,43,26,169,26,14,40,209
03/19/2010,HSV,AL,ASO,CE,Combined TRACON& Tower with Radar,34,61,32,39,166,0,1,71,8,80,34,62,103,47,246,54,52,106,352
03/20/2010,HSV,AL,ASO,CE,Combined TRACON& Tower with Radar,14,38,27,0,79,0,0,46,0,46,14,38,73,0,125,32,0,32,157
03/21/2010,HSV,AL,ASO,CE,Combined TRACON& Tower with Radar,44,58,13,2,117,0,0,1,0,1,44,58,14,2,118,0,0,0,118
03/22/2010,HSV,AL,ASO,CE,Combined TRACON& Tower with Radar,35,54,21,4,114,0,0,0,0,0,35,54,21,4,114,0,0,0,114
03/23/2010,HSV,AL,ASO,CE,Combined TRACON& Tower with Radar,25,63,28,28,144,0,0,24,2,26,25,63,52,30,170,0,56,56,226
03/24/2010,HSV,AL,ASO,CE,Combined TRACON& Tower with Radar,29,74,22,60,185,0,0,25,11,36,29,74,47,71,221,80,96,176,397
03/25/2010,HSV,AL,ASO,CE,Combined TRACON& Tower with Radar,28,68,21,6,123,0,0,3,0,3,28,68,24,6,126,4,0,4,130
03/26/2010,HSV,AL,ASO,CE,Combined TRACON& Tower with Radar,26,101,45,26,198,0,0,25,5,30,26,101,70,31,228,18,66,84,312
03/27/2010,HSV,AL,ASO,CE,Combined TRACON& Tower with Radar,13,43,25,0,81,0,0,31,3,34,13,43,56,3,115,6,0,6,121
03/28/2010,HSV,AL,ASO,CE,Combined TRACON& Tower with Radar,23,51,11,0,85,0,0,1,0,1,23,51,12,0,86,8,0,8,94
03/29/2010,HSV,AL,ASO,CE,Combined TRACON& Tower with Radar,29,60,31,26,146,0,3,24,5,32,29,63,55,31,178,0,0,0,178
03/30/2010,HSV,AL,ASO,CE,Combined TRACON& Tower with Radar,27,57,28,53,165,0,0,63,2,65,27,57,91,55,230,32,106,138,368
03/31/2010,HSV,AL,ASO,CE,Combined TRACON& Tower with Radar,28,61,29,105,223,0,1,26,6,33,28,62,55,111,256,0,114,114,370
04/01/2010,HSV,AL,ASO,CE,Combined TRACON& Tower with Radar,28,84,46,38,196,0,0,36,3,39,28,84,82,41,235,8,128,136,371
04/02/2010,HSV,AL,ASO,CE,Combined TRACON& Tower with Radar,27,59,25,27,138,0,0,42,0,42,27,59,67,27,180,6,15,21,201
04/03/2010,HSV,AL,ASO,CE,Combined TRACON& Tower with Radar,14,41,12,0,67,0,1,26,0,27,14,42,38,0,94,36,0,36,130
04/04/2010,HSV,AL,ASO,CE,Combined TRACON& Tower with Radar,22,53,19,0,94,0,0,28,0,28,22,53,47,0,122,41,0,41,163
04/05/2010,HSV,AL,ASO,CE,Combined TRACON& Tower with Radar,29,64,29,53,175,0,1,23,2,26,29,65,52,55,201,16,52,68,269
04/06/2010,HSV,AL,ASO,CE,Combined TRACON& Tower with Radar,31,59,26,69,185,0,2,31,12,45,31,61,57,81,230,0,80,80,310
04/07/2010,HSV,AL,ASO,CE,Combined TRACON& Tower with Radar,32,66,24,92,214,0,0,17,8,25,32,66,41,100,239,2,132,134,373
04/08/2010,HSV,AL,ASO,CE,Combined TRACON& Tower with Radar,38,64,13,62,177,0,0,2,2,4,38,64,15,64,181,6,6,12,193
04/09/2010,HSV,AL,ASO,CE,Combined TRACON& Tower with Radar,24,64,28,54,170,0,0,25,5,30,24,64,53,59,200,18,48,66,266
04/10/2010,HSV,AL,ASO,CE,Combined TRACON& Tower with Radar,17,36,17,23,93,0,0,33,3,36,17,36,50,26,129,0,6,6,135
04/11/2010,HSV,AL,ASO,CE,Combined TRACON& Tower with Radar,23,53,24,18,118,0,0,36,3,39,23,53,60,21,157,2,26,28,185
04/12/2010,HSV,AL,ASO,CE,Combined TRACON& Tower with Radar,30,65,36,24,155,0,0,35,3,38,30,65,71,27,193,44,26,70,263
04/13/2010,HSV,AL,ASO,CE,Combined TRACON& Tower with Radar,30,63,25,54,172,0,7,21,13,41,30,70,46,67,213,20,70,90,303
04/14/2010,HSV,AL,ASO,CE,Combined TRACON& Tower with Radar,28,67,30,37,162,0,4,34,14,52,28,71,64,51,214,22,98,120,334
04/15/2010,HSV,AL,ASO,CE,Combined TRACON& Tower with Radar,31,60,30,28,149,0,5,20,8,33,31,65,50,36,182,28,76,104,286
04/16/2010,HSV,AL,ASO,CE,Combined TRACON& Tower with Radar,29,58,23,25,135,0,0,33,10,43,29,58,56,35,178,14,82,96,274
04/17/2010,HSV,AL,ASO,CE,Combined TRACON& Tower with Radar,15,36,27,0,78,0,0,49,0,49,15,36,76,0,127,50,0,50,177
04/18/2010,HSV,AL,ASO,CE,Combined TRACON& Tower with Radar,22,50,23,12,107,0,0,27,4,31,22,50,50,16,138,2,0,2,140
04/19/2010,HSV,AL,ASO,CE,Combined TRACON& Tower with Radar,28,75,21,40,164,0,1,19,8,28,28,76,40,48,192,56,103,159,351
04/20/2010,HSV,AL,ASO,CE,Combined TRACON& Tower with Radar,31,60,26,25,142,0,5,17,8,30,31,65,43,33,172,8,70,78,250
04/21/2010,HSV,AL,ASO,CE,Combined TRACON& Tower with Radar,31,61,33,29,154,0,8,42,9,59,31,69,75,38,213,26,96,122,335
04/22/2010,HSV,AL,ASO,CE,Combined TRACON& Tower with Radar,30,63,35,18,146,0,11,35,7,53,30,74,70,25,199,38,34,72,271
04/23/2010,HSV,AL,ASO,CE,Combined TRACON& Tower with Radar,34,62,27,35,158,0,4,45,3,52,34,66,72,38,210,52,44,96,306
04/24/2010,HSV,AL,ASO,CE,Combined TRACON& Tower with Radar,22,42,2,1,67,0,0,0,0,0,22,42,2,1,67,0,2,2,69
04/25/2010,HSV,AL,ASO,CE,Combined TRACON& Tower with Radar,24,53,11,8,96,0,0,22,0,22,24,53,33,8,118,18,0,18,136
04/26/2010,HSV,AL,ASO,CE,Combined TRACON& Tower with Radar,33,63,28,22,146,0,5,6,11,22,33,68,34,33,168,14,36,50,218
04/27/2010,HSV,AL,ASO,CE,Combined TRACON& Tower with Radar,30,55,22,10,117,0,0,7,1,8,30,55,29,11,125,0,4,4,129
04/28/2010,HSV,AL,ASO,CE,Combined TRACON& Tower with Radar,28,60,32,28,148,0,8,28,21,57,28,68,60,49,205,44,130,174,379
04/29/2010,HSV,AL,ASO,CE,Combined TRACON& Tower with Radar,25,68,23,24,140,0,0,30,4,34,25,68,53,28,174,46,30,76,250
04/30/2010,HSV,AL,ASO,CE,Combined TRACON& Tower with Radar,37,64,26,74,201,4,16,32,33,85,41,80,58,107,286,20,240,260,546
05/01/2010,HSV,AL,ASO,CE,Combined TRACON& Tower with Radar,15,37,5,0,57,0,0,0,0,0,15,37,5,0,57,0,0,0,57
05/02/2010,HSV,AL,ASO,CE,Combined TRACON& Tower with Radar,17,54,4,5,80,0,0,2,0,2,17,54,6,5,82,0,0,0,82
05/03/2010,HSV,AL,ASO,CE,Combined TRACON& Tower with Radar,30,66,13,31,140,0,3,17,2,22,30,69,30,33,162,25,24,49,211
05/04/2010,HSV,AL,ASO,CE,Combined TRACON& Tower with Radar,23,74,27,29,153,0,22,36,19,77,23,96,63,48,230,36,168,204,434
05/05/2010,HSV,AL,ASO,CE,Combined TRACON& Tower with Radar,27,68,39,50,184,0,0,29,8,37,27,68,68,58,221,17,20,37,258
05/06/2010,HSV,AL,ASO,CE,Combined TRACON& Tower with Radar,27,66,26,20,139,0,2,34,9,45,27,68,60,29,184,14,38,52,236
05/07/2010,HSV,AL,ASO,CE,Combined TRACON& Tower with Radar,25,67,24,19,135,0,0,26,2,28,25,67,50,21,163,0,14,14,177
05/08/2010,HSV,AL,ASO,CE,Combined TRACON& Tower with Radar,15,36,26,3,80,0,1,29,1,31,15,37,55,4,111,0,12,12,123
05/09/2010,HSV,AL,ASO,CE,Combined TRACON& Tower with Radar,16,60,19,6,101,0,0,23,1,24,16,60,42,7,125,15,0,15,140
05/10/2010,HSV,AL,ASO,CE,Combined TRACON& Tower with Radar,30,70,19,17,136,0,0,10,2,12,30,70,29,19,148,6,2,8,156
05/11/2010,HSV,AL,ASO,CE,Combined TRACON& Tower with Radar,25,65,38,17,145,0,2,9,1,12,25,67,47,18,157,0,28,28,185
05/12/2010,HSV,AL,ASO,CE,Combined TRACON& Tower with Radar,25,61,27,19,132,0,14,20,14,48,25,75,47,33,180,4,116,120,300
05/13/2010,HSV,AL,ASO,CE,Combined TRACON& Tower with Radar,26,75,21,36,158,0,0,22,9,31,26,75,43,45,189,18,66,84,273
05/14/2010,HSV,AL,ASO,CE,Combined TRACON& Tower with Radar,22,69,21,16,128,0,0,14,3,17,22,69,35,19,145,21,4,25,170
05/15/2010,HSV,AL,ASO,CE,Combined TRACON& Tower with Radar,14,44,20,0,78,0,0,20,0,20,14,44,40,0,98,0,0,0,98
05/16/2010,HSV,AL,ASO,CE,Combined TRACON& Tower with Radar,17,60,15,14,106,0,0,1,0,1,17,60,16,14,107,0,0,0,107
05/17/2010,HSV,AL,ASO,CE,Combined TRACON& Tower with Radar,29,64,39,28,160,0,0,2,11,13,29,64,41,39,173,0,30,30,203
05/18/2010,HSV,AL,ASO,CE,Combined TRACON& Tower with Radar,27,65,26,36,154,0,3,31,16,50,27,68,57,52,204,32,4,36,240
05/19/2010,HSV,AL,ASO,CE,Combined TRACON& Tower with Radar,27,64,31,27,149,0,0,50,13,63,27,64,81,40,212,32,56,88,300
05/20/2010,HSV,AL,ASO,CE,Combined TRACON& Tower with Radar,28,62,49,33,172,0,1,13,26,40,28,63,62,59,212,2,124,126,338
05/21/2010,HSV,AL,ASO,CE,Combined TRACON& Tower with Radar,47,59,25,8,139,17,0,1,0,18,64,59,26,8,157,33,0,33,190
05/22/2010,HSV,AL,ASO,CE,Combined TRACON& Tower with Radar,15,37,44,0,96,0,0,22,0,22,15,37,66,0,118,32,0,32,150
05/23/2010,HSV,AL,ASO,CE,Combined TRACON& Tower with Radar,18,59,23,3,103,0,0,40,1,41,18,59,63,4,144,50,0,50,194
05/24/2010,HSV,AL,ASO,CE,Combined TRACON& Tower with Radar,29,68,23,11,131,0,3,23,9,35,29,71,46,20,166,16,52,68,234
05/25/2010,HSV,AL,ASO,CE,Combined TRACON& Tower with Radar,24,70,22,35,151,0,0,17,10,27,24,70,39,45,178,0,74,74,252
05/26/2010,HSV,AL,ASO,CE,Combined TRACON& Tower with Radar,26,64,25,40,155,0,3,29,26,58,26,67,54,66,213,0,96,96,309
05/27/2010,HSV,AL,ASO,CE,Combined TRACON& Tower with Radar,32,63,30,26,151,0,4,31,16,51,32,67,61,42,202,6,67,73,275
05/28/2010,HSV,AL,ASO,CE,Combined TRACON& Tower with Radar,30,58,16,6,110,0,12,17,0,29,30,70,33,6,139,0,36,36,175
05/29/2010,HSV,AL,ASO,CE,Combined TRACON& Tower with Radar,33,37,19,2,91,0,0,12,0,12,33,37,31,2,103,34,6,40,143
05/30/2010,HSV,AL,ASO,CE,Combined TRACON& Tower with Radar,20,38,9,7,74,0,0,2,0,2,20,38,11,7,76,0,4,4,80
05/31/2010,HSV,AL,ASO,CE,Combined TRACON& Tower with Radar,29,49,16,2,96,0,1,8,0,9,29,50,24,2,105,10,0,10,115
06/01/2010,HSV,AL,ASO,CE,Combined TRACON& Tower with Radar,34,65,19,20,138,0,0,8,9,17,34,65,27,29,155,0,22,22,177
06/02/2010,HSV,AL,ASO,CE,Combined TRACON& Tower with Radar,30,70,20,9,129,0,0,8,0,8,30,70,28,9,137,8,0,8,145
06/03/2010,HSV,AL,ASO,CE,Combined TRACON& Tower with Radar,37,72,43,32,184,0,2,9,8,19,37,74,52,40,203,16,44,60,263
06/04/2010,HSV,AL,ASO,CE,Combined TRACON& Tower with Radar,26,73,15,28,142,0,0,8,3,11,26,73,23,31,153,4,10,14,167
06/05/2010,HSV,AL,ASO,CE,Combined TRACON& Tower with Radar,23,39,22,5,89,0,0,25,0,25,23,39,47,5,114,32,4,36,150
06/06/2010,HSV,AL,ASO,CE,Combined TRACON& Tower with Radar,25,64,26,14,129,0,0,8,0,8,25,64,34,14,137,0,2,2,139
06/07/2010,HSV,AL,ASO,CE,Combined TRACON& Tower with Radar,34,66,8,71,179,0,0,38,13,51,34,66,46,84,230,33,50,83,313
06/08/2010,HSV,AL,ASO,CE,Combined TRACON& Tower with Radar,36,67,30,54,187,0,2,44,10,56,36,69,74,64,243,53,50,103,346
06/09/2010,HSV,AL,ASO,CE,Combined TRACON& Tower with Radar,36,62,16,18,132,11,0,7,10,28,47,62,23,28,160,31,20,51,211
06/10/2010,HSV,AL,ASO,CE,Combined TRACON& Tower with Radar,45,66,15,45,171,0,2,11,30,43,45,68,26,75,214,10,98,108,322
06/11/2010,HSV,AL,ASO,CE,Combined TRACON& Tower with Radar,34,64,36,40,174,0,0,25,10,35,34,64,61,50,209,20,10,30,239
06/12/2010,HSV,AL,ASO,CE,Combined TRACON& Tower with Radar,24,38,19,2,83,0,0,41,2,43,24,38,60,4,126,38,2,40,166
06/13/2010,HSV,AL,ASO,CE,Combined TRACON& Tower with Radar,30,57,17,12,116,0,0,20,8,28,30,57,37,20,144,12,0,12,156
06/14/2010,HSV,AL,ASO,CE,Combined TRACON& Tower with Radar,46,68,19,35,168,0,5,27,4,36,46,73,46,39,204,16,62,78,282
06/15/2010,HSV,AL,ASO,CE,Combined TRACON& Tower with Radar,47,69,15,20,151,0,0,22,9,31,47,69,37,29,182,20,12,32,214
06/16/2010,HSV,AL,ASO,CE,Combined TRACON& Tower with Radar,40,72,21,20,153,0,0,20,13,33,40,72,41,33,186,2,56,58,244
06/17/2010,HSV,AL,ASO,CE,Combined TRACON& Tower with Radar,34,77,22,22,155,0,0,13,9,22,34,77,35,31,177,20,8,28,205
06/18/2010,HSV,AL,ASO,CE,Combined TRACON& Tower with Radar,36,80,16,16,148,0,1,25,6,32,36,81,41,22,180,32,90,122,302
06/19/2010,HSV,AL,ASO,CE,Combined TRACON& Tower with Radar,29,44,17,0,90,0,0,26,2,28,29,44,43,2,118,19,0,19,137
06/20/2010,HSV,AL,ASO,CE,Combined TRACON& Tower with Radar,30,70,8,2,110,0,0,18,0,18,30,70,26,2,128,44,0,44,172
06/21/2010,HSV,AL,ASO,CE,Combined TRACON& Tower with Radar,42,69,26,24,161,0,9,25,9,43,42,78,51,33,204,48,43,91,295
06/22/2010,HSV,AL,ASO,CE,Combined TRACON& Tower with Radar,42,76,31,39,188,0,0,28,20,48,42,76,59,59,236,6,80,86,322
06/23/2010,HSV,AL,ASO,CE,Combined TRACON& Tower with Radar,40,73,50,79,242,0,9,28,15,52,40,82,78,94,294,44,149,193,487
06/24/2010,HSV,AL,ASO,CE,Combined TRACON& Tower with Radar,34,68,42,36,180,0,0,27,16,43,34,68,69,52,223,24,66,90,313
06/25/2010,HSV,AL,ASO,CE,Combined TRACON& Tower with Radar,31,74,20,17,142,1,1,14,13,29,32,75,34,30,171,4,8,12,183
06/26/2010,HSV,AL,ASO,CE,Combined TRACON& Tower with Radar,25,46,20,1,92,0,1,47,0,48,25,47,67,1,140,14,0,14,154
06/27/2010,HSV,AL,ASO,CE,Combined TRACON& Tower with Radar,35,60,27,8,130,0,0,36,2,38,35,60,63,10,168,26,0,26,194
06/28/2010,HSV,AL,ASO,CE,Combined TRACON& Tower with Radar,33,61,21,18,133,0,0,24,7,31,33,61,45,25,164,10,62,72,236
06/29/2010,HSV,AL,ASO,CE,Combined TRACON& Tower with Radar,48,67,20,43,178,0,0,12,5,17,48,67,32,48,195,0,4,4,199
06/30/2010,HSV,AL,ASO,CE,Combined TRACON& Tower with Radar,37,59,25,73,194,0,0,24,20,44,37,59,49,93,238,12,40,52,290
07/01/2010,HSV,AL,ASO,CE,Combined TRACON& Tower with Radar,39,60,25,64,188,0,0,31,21,52,39,60,56,85,240,10,94,104,344
07/02/2010,HSV,AL,ASO,CE,Combined TRACON& Tower with Radar,32,59,22,16,129,0,0,40,2,42,32,59,62,18,171,8,2,10,181
07/03/2010,HSV,AL,ASO,CE,Combined TRACON& Tower with Radar,24,41,20,8,93,0,0,31,0,31,24,41,51,8,124,30,0,30,154
07/04/2010,HSV,AL,ASO,CE,Combined TRACON& Tower with Radar,25,36,14,6,81,0,0,23,0,23,25,36,37,6,104,6,0,6,110
07/05/2010,HSV,AL,ASO,CE,Combined TRACON& Tower with Radar,34,53,24,2,113,0,2,21,0,23,34,55,45,2,136,29,0,29,165
07/06/2010,HSV,AL,ASO,CE,Combined TRACON& Tower with Radar,34,56,15,37,142,0,3,25,33,61,34,59,40,70,203,12,90,102,305
07/07/2010,HSV,AL,ASO,CE,Combined TRACON& Tower with Radar,36,64,20,35,155,0,3,26,16,45,36,67,46,51,200,10,54,64,264
07/08/2010,HSV,AL,ASO,CE,Combined TRACON& Tower with Radar,34,72,16,43,165,0,0,25,12,37,34,72,41,55,202,8,70,78,280
07/09/2010,HSV,AL,ASO,CE,Combined TRACON& Tower with Radar,51,68,24,23,166,9,8,19,10,46,60,76,43,33,212,28,48,76,288
07/10/2010,HSV,AL,ASO,CE,Combined TRACON& Tower with Radar,24,45,24,61,154,0,0,16,1,17,24,45,40,62,171,0,42,42,213
07/11/2010,HSV,AL,ASO,CE,Combined TRACON& Tower with Radar,29,59,29,33,150,0,0,20,6,26,29,59,49,39,176,8,42,50,226
07/12/2010,HSV,AL,ASO,CE,Combined TRACON& Tower with Radar,41,62,24,12,139,1,0,24,2,27,42,62,48,14,166,33,8,41,207
07/13/2010,HSV,AL,ASO,CE,Combined TRACON& Tower with Radar,47,59,19,20,145,0,0,15,3,18,47,59,34,23,163,0,0,0,163
07/14/2010,HSV,AL,ASO,CE,Combined TRACON& Tower with Radar,34,65,33,52,184,0,10,46,10,66,34,75,79,62,250,26,98,124,374
07/15/2010,HSV,AL,ASO,CE,Combined TRACON& Tower with Radar,34,68,43,39,184,0,1,22,12,35,34,69,65,51,219,0,41,41,260
07/16/2010,HSV,AL,ASO,CE,Combined TRACON& Tower with Radar,35,65,34,8,142,22,0,12,17,51,57,65,46,25,193,42,56,98,291
07/17/2010,HSV,AL,ASO,CE,Combined TRACON& Tower with Radar,25,43,32,3,103,0,0,9,1,10,25,43,41,4,113,6,0,6,119
07/18/2010,HSV,AL,ASO,CE,Combined TRACON& Tower with Radar,28,62,18,4,112,0,0,9,3,12,28,62,27,7,124,28,0,28,152
07/19/2010,HSV,AL,ASO,CE,Combined TRACON& Tower with Radar,36,65,31,40,172,0,14,6,0,20,36,79,37,40,192,0,60,60,252
07/20/2010,HSV,AL,ASO,CE,Combined TRACON& Tower with Radar,35,56,28,20,139,0,0,28,11,39,35,56,56,31,178,6,22,28,206
07/21/2010,HSV,AL,ASO,CE,Combined TRACON& Tower with Radar,36,61,27,37,161,0,7,34,8,49,36,68,61,45,210,2,118,120,330
07/22/2010,HSV,AL,ASO,CE,Combined TRACON& Tower with Radar,36,61,33,25,155,21,1,25,12,59,57,62,58,37,214,32,27,59,273
07/23/2010,HSV,AL,ASO,CE,Combined TRACON& Tower with Radar,46,62,21,34,163,21,0,27,7,55,67,62,48,41,218,48,50,98,316
07/24/2010,HSV,AL,ASO,CE,Combined TRACON& Tower with Radar,24,42,19,2,87,0,0,35,0,35,24,42,54,2,122,4,0,4,126
07/25/2010,HSV,AL,ASO,CE,Combined TRACON& Tower with Radar,28,59,22,8,117,0,0,12,0,12,28,59,34,8,129,3,0,3,132
07/26/2010,HSV,AL,ASO,CE,Combined TRACON& Tower with Radar,34,62,29,56,181,0,7,11,12,30,34,69,40,68,211,18,72,90,301
07/27/2010,HSV,AL,ASO,CE,Combined TRACON& Tower with Radar,41,64,22,44,171,0,6,20,19,45,41,70,42,63,216,8,86,94,310
07/28/2010,HSV,AL,ASO,CE,Combined TRACON& Tower with Radar,34,59,31,66,190,0,0,11,27,38,34,59,42,93,228,22,84,106,334
07/29/2010,HSV,AL,ASO,CE,Combined TRACON& Tower with Radar,35,62,42,26,165,0,9,14,17,40,35,71,56,43,205,20,22,42,247
07/30/2010,HSV,AL,ASO,CE,Combined TRACON& Tower with Radar,33,60,23,48,164,0,13,32,15,60,33,73,55,63,224,26,114,140,364
07/31/2010,HSV,AL,ASO,CE,Combined TRACON& Tower with Radar,28,45,17,44,134,0,0,26,3,29,28,45,43,47,163,20,12,32,195
08/01/2010,HSV,AL,ASO,CE,Combined TRACON& Tower with Radar,29,59,15,12,115,0,0,20,8,28,29,59,35,20,143,10,0,10,153
08/02/2010,HSV,AL,ASO,CE,Combined TRACON& Tower with Radar,36,72,27,50,185,0,3,17,19,39,36,75,44,69,224,26,96,122,346
08/03/2010,HSV,AL,ASO,CE,Combined TRACON& Tower with Radar,36,64,23,66,189,0,1,23,31,55,36,65,46,97,244,2,104,106,350
08/04/2010,HSV,AL,ASO,CE,Combined TRACON& Tower with Radar,33,63,18,57,171,0,1,24,28,53,33,64,42,85,224,38,70,108,332
08/05/2010,HSV,AL,ASO,CE,Combined TRACON& Tower with Radar,33,62,18,39,152,0,23,29,8,60,33,85,47,47,212,6,120,126,338
08/06/2010,HSV,AL,ASO,CE,Combined TRACON& Tower with Radar,39,60,29,33,161,0,0,28,15,43,39,60,57,48,204,36,58,94,298
08/07/2010,HSV,AL,ASO,CE,Combined TRACON& Tower with Radar,27,41,10,3,81,0,2,30,1,33,27,43,40,4,114,0,0,0,114
08/08/2010,HSV,AL,ASO,CE,Combined TRACON& Tower with Radar,30,67,14,21,132,0,0,18,0,18,30,67,32,21,150,10,16,26,176
08/09/2010,HSV,AL,ASO,CE,Combined TRACON& Tower with Radar,37,62,18,3,120,0,0,13,12,25,37,62,31,15,145,0,2,2,147
08/10/2010,HSV,AL,ASO,CE,Combined TRACON& Tower with Radar,37,74,33,14,158,0,6,25,17,48,37,80,58,31,206,18,100,118,324
08/11/2010,HSV,AL,ASO,CE,Combined TRACON& Tower with Radar,37,67,23,43,170,0,3,21,10,34,37,70,44,53,204,2,44,46,250
08/12/2010,HSV,AL,ASO,CE,Combined TRACON& Tower with Radar,37,76,27,31,171,0,12,17,7,36,37,88,44,38,207,0,64,64,271
08/13/2010,HSV,AL,ASO,CE,Combined TRACON& Tower with Radar,38,58,18,50,164,0,0,17,9,26,38,58,35,59,190,26,52,78,268
08/14/2010,HSV,AL,ASO,CE,Combined TRACON& Tower with Radar,24,46,12,0,82,0,0,20,1,21,24,46,32,1,103,30,0,30,133
08/15/2010,HSV,AL,ASO,CE,Combined TRACON& Tower with Radar,29,57,28,1,115,0,0,13,1,14,29,57,41,2,129,0,22,22,151
08/16/2010,HSV,AL,ASO,CE,Combined TRACON& Tower with Radar,37,58,16,16,127,0,0,14,3,17,37,58,30,19,144,16,14,30,174
08/17/2010,HSV,AL,ASO,CE,Combined TRACON& Tower with Radar,42,57,14,15,128,0,1,9,3,13,42,58,23,18,141,6,4,10,151
08/18/2010,HSV,AL,ASO,CE,Combined TRACON& Tower with Radar,40,63,34,43,180,0,11,6,15,32,40,74,40,58,212,0,126,126,338
08/19/2010,HSV,AL,ASO,CE,Combined TRACON& Tower with Radar,40,56,30,54,180,0,0,10,17,27,40,56,40,71,207,8,50,58,265
08/20/2010,HSV,AL,ASO,CE,Combined TRACON& Tower with Radar,42,54,30,32,158,10,0,16,4,30,52,54,46,36,188,72,16,88,276
08/21/2010,HSV,AL,ASO,CE,Combined TRACON& Tower with Radar,32,38,22,7,99,0,0,19,1,20,32,38,41,8,119,7,0,7,126
08/22/2010,HSV,AL,ASO,CE,Combined TRACON& Tower with Radar,35,45,20,16,116,0,0,29,5,34,35,45,49,21,150,12,30,42,192
08/23/2010,HSV,AL,ASO,CE,Combined TRACON& Tower with Radar,43,62,25,32,162,0,9,40,11,60,43,71,65,43,222,14,90,104,326
08/24/2010,HSV,AL,ASO,CE,Combined TRACON& Tower with Radar,37,64,29,50,180,0,7,30,19,56,37,71,59,69,236,0,108,108,344
08/25/2010,HSV,AL,ASO,CE,Combined TRACON& Tower with Radar,39,69,25,76,209,0,15,17,25,57,39,84,42,101,266,8,132,140,406
08/26/2010,HSV,AL,ASO,CE,Combined TRACON& Tower with Radar,39,61,47,62,209,0,7,43,27,77,39,68,90,89,286,8,132,140,426
08/27/2010,HSV,AL,ASO,CE,Combined TRACON& Tower with Radar,41,66,23,34,164,0,15,24,16,55,41,81,47,50,219,14,176,190,409
08/28/2010,HSV,AL,ASO,CE,Combined TRACON& Tower with Radar,27,40,40,9,116,0,0,39,2,41,27,40,79,11,157,32,12,44,201
08/29/2010,HSV,AL,ASO,CE,Combined TRACON& Tower with Radar,31,46,27,8,112,0,0,4,0,4,31,46,31,8,116,0,0,0,116
08/30/2010,HSV,AL,ASO,CE,Combined TRACON& Tower with Radar,43,66,27,46,182,0,7,22,10,39,43,73,49,56,221,10,150,160,381
08/31/2010,HSV,AL,ASO,CE,Combined TRACON& Tower with Radar,41,54,31,33,159,0,20,41,11,72,41,74,72,44,231,4,154,158,389
09/01/2010,HSV,AL,ASO,CE,Combined TRACON& Tower with Radar,37,61,30,51,179,0,20,29,8,57,37,81,59,59,236,38,118,156,392
09/02/2010,HSV,AL,ASO,CE,Combined TRACON& Tower with Radar,43,52,36,15,146,0,9,29,6,44,43,61,65,21,190,0,28,28,218
09/03/2010,HSV,AL,ASO,CE,Combined TRACON& Tower with Radar,33,62,33,9,137,0,0,18,1,19,33,62,51,10,156,8,4,12,168
09/04/2010,HSV,AL,ASO,CE,Combined TRACON& Tower with Radar,21,33,17,1,72,15,0,39,0,54,36,33,56,1,126,46,0,46,172
09/05/2010,HSV,AL,ASO,CE,Combined TRACON& Tower with Radar,23,33,12,6,74,0,0,27,0,27,23,33,39,6,101,14,0,14,115
09/06/2010,HSV,AL,ASO,CE,Combined TRACON& Tower with Radar,35,45,11,0,91,0,0,28,0,28,35,45,39,0,119,0,0,0,119
09/07/2010,HSV,AL,ASO,CE,Combined TRACON& Tower with Radar,36,55,23,29,143,0,10,19,7,36,36,65,42,36,179,18,78,96,275
09/08/2010,HSV,AL,ASO,CE,Combined TRACON& Tower with Radar,37,60,27,52,176,0,2,15,28,45,37,62,42,80,221,16,78,94,315
09/09/2010,HSV,AL,ASO,CE,Combined TRACON& Tower with Radar,40,60,28,73,201,0,0,29,17,46,40,60,57,90,247,34,62,96,343
09/10/2010,HSV,AL,ASO,CE,Combined TRACON& Tower with Radar,41,66,31,30,168,0,0,23,8,31,41,66,54,38,199,8,62,70,269
09/11/2010,HSV,AL,ASO,CE,Combined TRACON& Tower with Radar,30,33,18,2,83,0,0,12,0,12,30,33,30,2,95,28,0,28,123
09/12/2010,HSV,AL,ASO,CE,Combined TRACON& Tower with Radar,28,52,49,10,139,0,0,32,8,40,28,52,81,18,179,10,4,14,193
09/13/2010,HSV,AL,ASO,CE,Combined TRACON& Tower with Radar,36,57,22,35,150,0,1,23,16,40,36,58,45,51,190,38,63,101,291
09/14/2010,HSV,AL,ASO,CE,Combined TRACON& Tower with Radar,34,57,30,40,161,0,0,40,22,62,34,57,70,62,223,52,74,126,349
09/15/2010,HSV,AL,ASO,CE,Combined TRACON& Tower with Radar,35,59,26,49,169,0,0,32,36,68,35,59,58,85,237,28,152,180,417
09/16/2010,HSV,AL,ASO,CE,Combined TRACON& Tower with Radar,35,62,18,32,147,0,0,19,5,24,35,62,37,37,171,10,22,32,203
09/17/2010,HSV,AL,ASO,CE,Combined TRACON& Tower with Radar,33,64,44,17,158,0,1,33,5,39,33,65,77,22,197,41,54,95,292
09/18/2010,HSV,AL,ASO,CE,Combined TRACON& Tower with Radar,35,34,14,15,98,27,0,36,1,64,62,34,50,16,162,118,4,122,284
09/19/2010,HSV,AL,ASO,CE,Combined TRACON& Tower with Radar,29,57,26,7,119,0,0,32,0,32,29,57,58,7,151,30,6,36,187
09/20/2010,HSV,AL,ASO,CE,Combined TRACON& Tower with Radar,36,64,15,38,153,0,0,17,18,35,36,64,32,56,188,14,78,92,280
09/21/2010,HSV,AL,ASO,CE,Combined TRACON& Tower with Radar,34,59,31,13,137,0,1,30,12,43,34,60,61,25,180,8,54,62,242
09/22/2010,HSV,AL,ASO,CE,Combined TRACON& Tower with Radar,35,58,27,34,154,0,2,28,16,46,35,60,55,50,200,18,64,82,282
09/23/2010,HSV,AL,ASO,CE,Combined TRACON& Tower with Radar,41,59,34,26,160,0,2,31,22,55,41,61,65,48,215,0,96,96,311
09/24/2010,HSV,AL,ASO,CE,Combined TRACON& Tower with Radar,34,60,28,51,173,0,0,35,12,47,34,60,63,63,220,21,88,109,329
09/25/2010,HSV,AL,ASO,CE,Combined TRACON& Tower with Radar,23,40,22,24,109,0,0,2,2,4,23,40,24,26,113,0,7,7,120
09/26/2010,HSV,AL,ASO,CE,Combined TRACON& Tower with Radar,34,55,28,21,138,0,0,10,1,11,34,55,38,22,149,0,0,0,149
09/27/2010,HSV,AL,ASO,CE,Combined TRACON& Tower with Radar,45,54,20,10,129,0,0,7,4,11,45,54,27,14,140,30,26,56,196
09/28/2010,HSV,AL,ASO,CE,Combined TRACON& Tower with Radar,48,50,43,22,163,0,0,22,9,31,48,50,65,31,194,30,26,56,250
09/29/2010,HSV,AL,ASO,CE,Combined TRACON& Tower with Radar,35,57,19,18,129,0,4,24,8,36,35,61,43,26,165,6,46,52,217
09/30/2010,HSV,AL,ASO,CE,Combined TRACON& Tower with Radar,40,71,20,26,157,0,0,37,13,50,40,71,57,39,207,38,70,108,315
10/01/2010,HSV,AL,ASO,CE,Combined TRACON& Tower with Radar,32,63,34,32,161,0,0,35,14,49,32,63,69,46,210,14,54,68,278
10/02/2010,HSV,AL,ASO,CE,Combined TRACON& Tower with Radar,21,38,21,8,88,0,1,43,0,44,21,39,64,8,132,16,0,16,148
10/03/2010,HSV,AL,ASO,CE,Combined TRACON& Tower with Radar,32,53,33,16,134,0,0,14,2,16,32,53,47,18,150,2,30,32,182
10/04/2010,HSV,AL,ASO,CE,Combined TRACON& Tower with Radar,35,62,23,41,161,0,0,17,14,31,35,62,40,55,192,2,58,60,252
10/05/2010,HSV,AL,ASO,CE,Combined TRACON& Tower with Radar,34,60,16,24,134,0,3,17,17,37,34,63,33,41,171,14,50,64,235
10/06/2010,HSV,AL,ASO,CE,Combined TRACON& Tower with Radar,35,57,38,34,164,0,0,25,21,46,35,57,63,55,210,28,122,150,360
10/07/2010,HSV,AL,ASO,CE,Combined TRACON& Tower with Radar,39,64,35,46,184,0,0,39,14,53,39,64,74,60,237,15,84,99,336
10/08/2010,HSV,AL,ASO,CE,Combined TRACON& Tower with Radar,34,61,31,13,139,0,0,31,6,37,34,61,62,19,176,4,30,34,210
10/09/2010,HSV,AL,ASO,CE,Combined TRACON& Tower with Radar,24,35,15,7,81,0,0,35,1,36,24,35,50,8,117,12,0,12,129
10/10/2010,HSV,AL,ASO,CE,Combined TRACON& Tower with Radar,33,50,36,0,119,0,0,44,2,46,33,50,80,2,165,18,0,18,183
10/11/2010,HSV,AL,ASO,CE,Combined TRACON& Tower with Radar,40,62,19,0,121,0,0,33,0,33,40,62,52,0,154,52,0,52,206
10/12/2010,HSV,AL,ASO,CE,Combined TRACON& Tower with Radar,37,62,20,30,149,0,0,9,15,24,37,62,29,45,173,0,59,59,232
10/13/2010,HSV,AL,ASO,CE,Combined TRACON& Tower with Radar,34,65,36,46,181,0,0,11,4,15,34,65,47,50,196,0,20,20,216
10/14/2010,HSV,AL,ASO,CE,Combined TRACON& Tower with Radar,43,64,30,35,172,1,0,19,13,33,44,64,49,48,205,0,50,50,255
10/15/2010,HSV,AL,ASO,CE,Combined TRACON& Tower with Radar,38,64,37,53,192,0,6,29,17,52,38,70,66,70,244,0,62,62,306
10/16/2010,HSV,AL,ASO,CE,Combined TRACON& Tower with Radar,26,35,21,25,107,0,0,52,0,52,26,35,73,25,159,62,12,74,233
10/17/2010,HSV,AL,ASO,CE,Combined TRACON& Tower with Radar,32,53,22,6,113,0,0,53,1,54,32,53,75,7,167,66,0,66,233
10/18/2010,HSV,AL,ASO,CE,Combined TRACON& Tower with Radar,40,62,25,37,164,0,0,29,11,40,40,62,54,48,204,4,70,74,278
10/19/2010,HSV,AL,ASO,CE,Combined TRACON& Tower with Radar,37,56,27,46,166,11,6,19,8,44,48,62,46,54,210,32,98,130,340
10/20/2010,HSV,AL,ASO,CE,Combined TRACON& Tower with Radar,36,57,28,56,177,0,0,28,28,56,36,57,56,84,233,16,98,114,347
10/21/2010,HSV,AL,ASO,CE,Combined TRACON& Tower with Radar,40,61,30,44,175,0,0,34,9,43,40,61,64,53,218,2,38,40,258
10/22/2010,HSV,AL,ASO,CE,Combined TRACON& Tower with Radar,34,59,35,42,170,18,0,48,18,84,52,59,83,60,254,40,46,86,340
10/23/2010,HSV,AL,ASO,CE,Combined TRACON& Tower with Radar,24,35,25,0,84,0,0,51,0,51,24,35,76,0,135,30,0,30,165
10/24/2010,HSV,AL,ASO,CE,Combined TRACON& Tower with Radar,29,52,27,25,133,0,0,27,3,30,29,52,54,28,163,0,18,18,181
10/25/2010,HSV,AL,ASO,CE,Combined TRACON& Tower with Radar,42,66,29,13,150,0,0,10,18,28,42,66,39,31,178,8,46,54,232
10/26/2010,HSV,AL,ASO,CE,Combined TRACON& Tower with Radar,33,59,9,18,119,0,0,0,0,0,33,59,9,18,119,0,16,16,135
10/27/2010,HSV,AL,ASO,CE,Combined TRACON& Tower with Radar,55,59,39,43,196,24,0,20,17,61,79,59,59,60,257,32,32,64,321
10/28/2010,HSV,AL,ASO,CE,Combined TRACON& Tower with Radar,39,67,43,48,197,6,0,28,26,60,45,67,71,74,257,16,74,90,347
10/29/2010,HSV,AL,ASO,CE,Combined TRACON& Tower with Radar,31,63,18,49,161,0,0,29,38,67,31,63,47,87,228,6,66,72,300
10/30/2010,HSV,AL,ASO,CE,Combined TRACON& Tower with Radar,23,37,18,3,81,0,0,32,3,35,23,37,50,6,116,12,0,12,128
10/31/2010,HSV,AL,ASO,CE,Combined TRACON& Tower with Radar,24,54,22,5,105,0,0,29,1,30,24,54,51,6,135,36,0,36,171
11/01/2010,HSV,AL,ASO,CE,Combined TRACON& Tower with Radar,31,66,43,97,237,0,0,39,21,60,31,66,82,118,297,22,82,104,401
11/02/2010,HSV,AL,ASO,CE,Combined TRACON& Tower with Radar,30,60,27,47,164,0,0,6,9,15,30,60,33,56,179,0,86,86,265
11/03/2010,HSV,AL,ASO,CE,Combined TRACON& Tower with Radar,30,60,32,44,166,0,0,0,1,1,30,60,32,45,167,0,44,44,211
11/04/2010,HSV,AL,ASO,CE,Combined TRACON& Tower with Radar,29,66,27,58,180,0,2,21,28,51,29,68,48,86,231,18,94,112,343
11/05/2010,HSV,AL,ASO,CE,Combined TRACON& Tower with Radar,29,61,28,28,146,0,0,11,10,21,29,61,39,38,167,18,28,46,213
11/06/2010,HSV,AL,ASO,CE,Combined TRACON& Tower with Radar,17,41,14,12,84,0,0,34,7,41,17,41,48,19,125,12,28,40,165
11/07/2010,HSV,AL,ASO,CE,Combined TRACON& Tower with Radar,27,54,31,5,117,0,1,31,3,35,27,55,62,8,152,36,0,36,188
11/08/2010,HSV,AL,ASO,CE,Combined TRACON& Tower with Radar,32,66,28,26,152,0,0,21,8,29,32,66,49,34,181,0,40,40,221
11/09/2010,HSV,AL,ASO,CE,Combined TRACON& Tower with Radar,29,82,22,20,153,0,4,33,26,63,29,86,55,46,216,6,60,66,282
11/10/2010,HSV,AL,ASO,CE,Combined TRACON& Tower with Radar,34,57,21,24,136,10,0,48,22,80,44,57,69,46,216,42,22,64,280
11/11/2010,HSV,AL,ASO,CE,Combined TRACON& Tower with Radar,30,63,24,1,118,0,0,45,3,48,30,63,69,4,166,60,0,60,226
11/12/2010,HSV,AL,ASO,CE,Combined TRACON& Tower with Radar,31,64,43,36,174,0,0,43,24,67,31,64,86,60,241,2,98,100,341
11/13/2010,HSV,AL,ASO,CE,Combined TRACON& Tower with Radar,22,42,15,0,79,0,0,32,0,32,22,42,47,0,111,14,0,14,125
11/14/2010,HSV,AL,ASO,CE,Combined TRACON& Tower with Radar,22,51,33,9,115,0,0,2,2,4,22,51,35,11,119,26,0,26,145
11/15/2010,HSV,AL,ASO,CE,Combined TRACON& Tower with Radar,35,63,27,11,136,0,0,2,0,2,35,63,29,11,138,0,0,0,138
11/16/2010,HSV,AL,ASO,CE,Combined TRACON& Tower with Radar,30,59,22,7,118,0,0,2,1,3,30,59,24,8,121,0,14,14,135
11/17/2010,HSV,AL,ASO,CE,Combined TRACON& Tower with Radar,30,60,39,13,142,0,0,30,20,50,30,60,69,33,192,0,0,0,192
11/18/2010,HSV,AL,ASO,CE,Combined TRACON& Tower with Radar,43,64,31,25,163,17,0,28,24,69,60,64,59,49,232,56,116,172,404
11/19/2010,HSV,AL,ASO,CE,Combined TRACON& Tower with Radar,28,62,28,41,159,0,1,18,7,26,28,63,46,48,185,0,44,44,229
11/20/2010,HSV,AL,ASO,CE,Combined TRACON& Tower with Radar,20,39,28,3,90,6,0,41,1,48,26,39,69,4,138,10,4,14,152
11/21/2010,HSV,AL,ASO,CE,Combined TRACON& Tower with Radar,23,53,11,4,91,0,0,14,1,15,23,53,25,5,106,24,0,24,130
11/22/2010,HSV,AL,ASO,CE,Combined TRACON& Tower with Radar,28,59,28,24,139,0,0,19,26,45,28,59,47,50,184,0,197,197,381
11/23/2010,HSV,AL,ASO,CE,Combined TRACON& Tower with Radar,32,63,22,4,121,0,0,9,3,12,32,63,31,7,133,18,0,18,151
11/24/2010,HSV,AL,ASO,CE,Combined TRACON& Tower with Radar,28,62,24,14,128,0,0,4,6,10,28,62,28,20,138,0,50,50,188
11/25/2010,HSV,AL,ASO,CE,Combined TRACON& Tower with Radar,17,39,8,0,64,0,0,3,0,3,17,39,11,0,67,0,0,0,67
11/26/2010,HSV,AL,ASO,CE,Combined TRACON& Tower with Radar,26,34,22,0,82,0,0,13,0,13,26,34,35,0,95,6,0,6,101
11/27/2010,HSV,AL,ASO,CE,Combined TRACON& Tower with Radar,19,48,6,0,73,0,0,35,0,35,19,48,41,0,108,12,0,12,120
11/28/2010,HSV,AL,ASO,CE,Combined TRACON& Tower with Radar,27,57,25,0,109,0,0,40,0,40,27,57,65,0,149,30,0,30,179
11/29/2010,HSV,AL,ASO,CE,Combined TRACON& Tower with Radar,32,70,7,7,116,0,0,3,2,5,32,70,10,9,121,0,18,18,139
11/30/2010,HSV,AL,ASO,CE,Combined TRACON& Tower with Radar,49,62,10,15,136,0,0,1,0,1,49,62,11,15,137,0,0,0,137
12/01/2010,HSV,AL,ASO,CE,Combined TRACON& Tower with Radar,33,61,24,38,156,14,1,7,21,43,47,62,31,59,199,70,56,126,325
12/02/2010,HSV,AL,ASO,CE,Combined TRACON& Tower with Radar,32,63,16,19,130,0,0,24,11,35,32,63,40,30,165,58,14,72,237
12/03/2010,HSV,AL,ASO,CE,Combined TRACON& Tower with Radar,29,61,22,42,154,0,0,32,16,48,29,61,54,58,202,14,68,82,284
12/04/2010,HSV,AL,ASO,CE,Combined TRACON& Tower with Radar,20,41,6,1,68,0,0,3,0,3,20,41,9,1,71,10,0,10,81
12/05/2010,HSV,AL,ASO,CE,Combined TRACON& Tower with Radar,25,54,6,9,94,0,0,7,1,8,25,54,13,10,102,14,0,14,116
12/06/2010,HSV,AL,ASO,CE,Combined TRACON& Tower with Radar,34,60,23,13,130,0,0,15,7,22,34,60,38,20,152,17,18,35,187
12/07/2010,HSV,AL,ASO,CE,Combined TRACON& Tower with Radar,31,58,24,38,151,0,2,19,14,35,31,60,43,52,186,52,44,96,282
12/08/2010,HSV,AL,ASO,CE,Combined TRACON& Tower with Radar,28,58,13,23,122,0,0,9,24,33,28,58,22,47,155,20,94,114,269
12/09/2010,HSV,AL,ASO,CE,Combined TRACON& Tower with Radar,31,62,21,50,164,0,0,24,14,38,31,62,45,64,202,30,68,98,300
12/10/2010,HSV,AL,ASO,CE,Combined TRACON& Tower with Radar,31,60,31,43,165,13,0,23,16,52,44,60,54,59,217,70,80,150,367
12/11/2010,HSV,AL,ASO,CE,Combined TRACON& Tower with Radar,24,39,27,12,102,0,0,17,1,18,24,39,44,13,120,2,18,20,140
12/12/2010,HSV,AL,ASO,CE,Combined TRACON& Tower with Radar,23,48,11,0,82,0,0,1,2,3,23,48,12,2,85,0,0,0,85
12/13/2010,HSV,AL,ASO,CE,Combined TRACON& Tower with Radar,31,52,17,17,117,0,0,5,3,8,31,52,22,20,125,0,12,12,137
12/14/2010,HSV,AL,ASO,CE,Combined TRACON& Tower with Radar,30,56,10,31,127,0,0,19,9,28,30,56,29,40,155,14,26,40,195
12/15/2010,HSV,AL,ASO,CE,Combined TRACON& Tower with Radar,27,58,16,4,105,0,0,2,3,5,27,58,18,7,110,12,0,12,122
12/16/2010,HSV,AL,ASO,CE,Combined TRACON& Tower with Radar,26,56,30,6,118,0,0,0,1,1,26,56,30,7,119,0,0,0,119
12/17/2010,HSV,AL,ASO,CE,Combined TRACON& Tower with Radar,27,65,31,31,154,0,0,12,8,20,27,65,43,39,174,60,72,132,306
12/18/2010,HSV,AL,ASO,CE,Combined TRACON& Tower with Radar,25,38,9,1,73,0,0,15,2,17,25,38,24,3,90,42,0,42,132
12/19/2010,HSV,AL,ASO,CE,Combined TRACON& Tower with Radar,23,51,15,6,95,0,1,37,0,38,23,52,52,6,133,58,0,58,191
12/20/2010,HSV,AL,ASO,CE,Combined TRACON& Tower with Radar,30,49,21,23,123,0,0,20,14,34,30,49,41,37,157,12,40,52,209
12/21/2010,HSV,AL,ASO,CE,Combined TRACON& Tower with Radar,36,53,36,9,134,0,0,3,6,9,36,53,39,15,143,28,6,34,177
12/22/2010,HSV,AL,ASO,CE,Combined TRACON& Tower with Radar,30,55,8,26,119,0,1,7,2,10,30,56,15,28,129,12,0,12,141
12/23/2010,HSV,AL,ASO,CE,Combined TRACON& Tower with Radar,31,56,20,5,112,0,0,13,11,24,31,56,33,16,136,0,22,22,158
12/24/2010,HSV,AL,ASO,CE,Combined TRACON& Tower with Radar,22,42,9,0,73,0,0,9,1,10,22,42,18,1,83,0,0,0,83
12/25/2010,HSV,AL,ASO,CE,Combined TRACON& Tower with Radar,17,28,1,0,46,0,0,0,0,0,17,28,1,0,46,0,0,0,46
12/26/2010,HSV,AL,ASO,CE,Combined TRACON& Tower with Radar,21,46,9,0,76,0,0,2,0,2,21,46,11,0,78,0,0,0,78
12/27/2010,HSV,AL,ASO,CE,Combined TRACON& Tower with Radar,30,56,20,0,106,0,0,10,0,10,30,56,30,0,116,23,0,23,139
12/28/2010,HSV,AL,ASO,CE,Combined TRACON& Tower with Radar,26,51,17,0,94,0,0,24,2,26,26,51,41,2,120,17,0,17,137
12/29/2010,HSV,AL,ASO,CE,Combined TRACON& Tower with Radar,29,56,5,25,115,3,0,9,3,15,32,56,14,28,130,10,8,18,148
12/30/2010,HSV,AL,ASO,CE,Combined TRACON& Tower with Radar,26,55,17,2,100,0,0,3,1,4,26,55,20,3,104,4,0,4,108
12/31/2010,HSV,AL,ASO,CE,Combined TRACON& Tower with Radar,25,38,11,0,74,0,0,2,0,2,25,38,13,0,76,12,0,12,88
01/01/2011,HSV,AL,ASO,CE,Combined TRACON& Tower with Radar,20,35,1,0,56,0,0,0,0,0,20,35,1,0,56,0,0,0,56
01/02/2011,HSV,AL,ASO,CE,Combined TRACON& Tower with Radar,27,47,16,0,90,0,0,29,0,29,27,47,45,0,119,30,0,30,149
01/03/2011,HSV,AL,ASO,CE,Combined TRACON& Tower with Radar,33,55,23,7,118,0,0,28,2,30,33,55,51,9,148,18,0,18,166
01/04/2011,HSV,AL,ASO,CE,Combined TRACON& Tower with Radar,27,60,11,17,115,0,1,28,13,42,27,61,39,30,157,20,78,98,255
01/05/2011,HSV,AL,ASO,CE,Combined TRACON& Tower with Radar,28,63,27,49,167,0,0,0,0,0,28,63,27,49,167,0,36,36,203
01/06/2011,HSV,AL,ASO,CE,Combined TRACON& Tower with Radar,28,68,34,63,193,0,0,29,28,57,28,68,63,91,250,4,84,88,338
01/07/2011,HSV,AL,ASO,CE,Combined TRACON& Tower with Radar,30,55,16,10,111,0,0,20,20,40,30,55,36,30,151,26,80,106,257
01/08/2011,HSV,AL,ASO,CE,Combined TRACON& Tower with Radar,21,40,10,4,75,0,0,26,10,36,21,40,36,14,111,36,12,48,159
01/09/2011,HSV,AL,ASO,CE,Combined TRACON& Tower with Radar,18,48,4,3,73,0,0,7,1,8,18,48,11,4,81,30,10,40,121
01/10/2011,HSV,AL,ASO,CE,Combined TRACON& Tower with Radar,11,18,3,0,32,0,0,0,0,0,11,18,3,0,32,0,0,0,32
01/11/2011,HSV,AL,ASO,CE,Combined TRACON& Tower with Radar,19,34,8,16,77,0,0,0,10,10,19,34,8,26,87,0,12,12,99
01/12/2011,HSV,AL,ASO,CE,Combined TRACON& Tower with Radar,26,56,18,44,144,0,0,2,10,12,26,56,20,54,156,0,78,78,234
01/13/2011,HSV,AL,ASO,CE,Combined TRACON& Tower with Radar,33,57,14,35,139,0,0,9,9,18,33,57,23,44,157,4,48,52,209
01/14/2011,HSV,AL,ASO,CE,Combined TRACON& Tower with Radar,29,62,24,19,134,0,0,23,23,46,29,62,47,42,180,6,95,101,281
01/15/2011,HSV,AL,ASO,CE,Combined TRACON& Tower with Radar,19,39,22,0,80,0,0,31,0,31,19,39,53,0,111,48,0,48,159
01/16/2011,HSV,AL,ASO,CE,Combined TRACON& Tower with Radar,24,53,22,1,100,0,0,24,2,26,24,53,46,3,126,36,10,46,172
01/17/2011,HSV,AL,ASO,CE,Combined TRACON& Tower with Radar,35,56,20,6,117,0,0,10,0,10,35,56,30,6,127,10,0,10,137
01/18/2011,HSV,AL,ASO,CE,Combined TRACON& Tower with Radar,31,67,22,33,153,0,0,0,0,0,31,67,22,33,153,0,0,0,153
01/19/2011,HSV,AL,ASO,CE,Combined TRACON& Tower with Radar,35,62,31,47,175,0,0,0,9,9,35,62,31,56,184,8,12,20,204
01/20/2011,HSV,AL,ASO,CE,Combined TRACON& Tower with Radar,30,62,21,11,124,0,0,0,3,3,30,62,21,14,127,0,0,0,127
01/21/2011,HSV,AL,ASO,CE,Combined TRACON& Tower with Radar,41,59,33,28,161,0,0,32,20,52,41,59,65,48,213,2,24,26,239
01/22/2011,HSV,AL,ASO,CE,Combined TRACON& Tower with Radar,19,39,11,9,78,0,0,41,4,45,19,39,52,13,123,64,4,68,191
01/23/2011,HSV,AL,ASO,CE,Combined TRACON& Tower with Radar,24,53,7,22,106,0,2,27,2,31,24,55,34,24,137,12,0,12,149
01/24/2011,HSV,AL,ASO,CE,Combined TRACON& Tower with Radar,34,54,21,33,142,0,0,9,26,35,34,54,30,59,177,90,0,90,267
01/25/2011,HSV,AL,ASO,CE,Combined TRACON& Tower with Radar,34,56,11,32,133,0,0,0,0,0,34,56,11,32,133,6,18,24,157
01/26/2011,HSV,AL,ASO,CE,Combined TRACON& Tower with Radar,24,56,14,11,105,0,0,0,1,1,24,56,14,12,106,8,16,24,130
01/27/2011,HSV,AL,ASO,CE,Combined TRACON& Tower with Radar,29,57,26,25,137,0,0,34,14,48,29,57,60,39,185,32,62,94,279
01/28/2011,HSV,AL,ASO,CE,Combined TRACON& Tower with Radar,28,59,15,52,154,0,0,29,28,57,28,59,44,80,211,0,62,62,273
01/29/2011,HSV,AL,ASO,CE,Combined TRACON& Tower with Radar,18,39,8,14,79,0,0,46,8,54,18,39,54,22,133,26,46,72,205
01/30/2011,HSV,AL,ASO,CE,Combined TRACON& Tower with Radar,25,51,31,2,109,0,2,15,0,17,25,53,46,2,126,38,0,38,164
01/31/2011,HSV,AL,ASO,CE,Combined TRACON& Tower with Radar,36,62,35,40,173,0,0,0,3,3,36,62,35,43,176,0,30,30,206
02/01/2011,HSV,AL,ASO,CE,Combined TRACON& Tower with Radar,28,51,2,0,81,0,0,0,0,0,28,51,2,0,81,0,0,0,81
02/02/2011,HSV,AL,ASO,CE,Combined TRACON& Tower with Radar,29,48,7,33,117,0,0,14,46,60,29,48,21,79,177,12,132,144,321
02/03/2011,HSV,AL,ASO,CE,Combined TRACON& Tower with Radar,32,48,16,46,142,0,0,27,38,65,32,48,43,84,207,0,91,91,298
02/04/2011,HSV,AL,ASO,CE,Combined TRACON& Tower with Radar,28,51,7,10,96,0,0,0,0,0,28,51,7,10,96,0,0,0,96
02/05/2011,HSV,AL,ASO,CE,Combined TRACON& Tower with Radar,19,34,12,7,72,0,0,6,3,9,19,34,18,10,81,30,16,46,127
02/06/2011,HSV,AL,ASO,CE,Combined TRACON& Tower with Radar,25,54,18,7,104,0,0,47,2,49,25,54,65,9,153,16,0,16,169
02/07/2011,HSV,AL,ASO,CE,Combined TRACON& Tower with Radar,33,56,10,32,131,0,0,8,29,37,33,56,18,61,168,0,84,84,252
02/08/2011,HSV,AL,ASO,CE,Combined TRACON& Tower with Radar,32,58,42,33,165,0,0,20,34,54,32,58,62,67,219,10,88,98,317
02/09/2011,HSV,AL,ASO,CE,Combined TRACON& Tower with Radar,34,55,21,73,183,0,0,8,33,41,34,55,29,106,224,6,132,138,362
02/10/2011,HSV,AL,ASO,CE,Combined TRACON& Tower with Radar,32,59,16,24,131,0,0,19,9,28,32,59,35,33,159,6,34,40,199
02/11/2011,HSV,AL,ASO,CE,Combined TRACON& Tower with Radar,38,62,23,34,157,0,0,27,16,43,38,62,50,50,200,16,62,78,278
02/12/2011,HSV,AL,ASO,CE,Combined TRACON& Tower with Radar,25,38,23,23,109,0,0,41,10,51,25,38,64,33,160,26,64,90,250
02/13/2011,HSV,AL,ASO,CE,Combined TRACON& Tower with Radar,24,53,8,30,115,0,0,30,12,42,24,53,38,42,157,6,24,30,187
02/14/2011,HSV,AL,ASO,CE,Combined TRACON& Tower with Radar,33,59,19,53,164,0,0,22,11,33,33,59,41,64,197,4,96,100,297
02/15/2011,HSV,AL,ASO,CE,Combined TRACON& Tower with Radar,33,55,36,31,155,0,0,30,26,56,33,55,66,57,211,6,138,144,355
02/16/2011,HSV,AL,ASO,CE,Combined TRACON& Tower with Radar,31,57,14,55,157,0,0,29,19,48,31,57,43,74,205,18,114,132,337
02/17/2011,HSV,AL,ASO,CE,Combined TRACON& Tower with Radar,31,57,11,40,139,0,0,16,33,49,31,57,27,73,188,12,132,144,332
02/18/2011,HSV,AL,ASO,CE,Combined TRACON& Tower with Radar,32,59,28,24,143,0,0,5,10,15,32,59,33,34,158,16,68,84,242
02/19/2011,HSV,AL,ASO,CE,Combined TRACON& Tower with Radar,21,42,26,3,92,0,0,30,0,30,21,42,56,3,122,16,0,16,138
02/20/2011,HSV,AL,ASO,CE,Combined TRACON& Tower with Radar,21,45,14,15,95,0,0,30,13,43,21,45,44,28,138,26,16,42,180
02/21/2011,HSV,AL,ASO,CE,Combined TRACON& Tower with Radar,34,52,23,0,109,0,0,8,0,8,34,52,31,0,117,0,0,0,117
02/22/2011,HSV,AL,ASO,CE,Combined TRACON& Tower with Radar,30,57,28,48,163,0,2,37,49,88,30,59,65,97,251,26,137,163,414
02/23/2011,HSV,AL,ASO,CE,Combined TRACON& Tower with Radar,32,55,34,60,181,0,0,36,35,71,32,55,70,95,252,2,130,132,384
02/24/2011,HSV,AL,ASO,CE,Combined TRACON& Tower with Radar,31,66,24,41,162,0,0,8,15,23,31,66,32,56,185,0,116,116,301
02/25/2011,HSV,AL,ASO,CE,Combined TRACON& Tower with Radar,34,59,26,45,164,0,0,10,33,43,34,59,36,78,207,10,88,98,305
02/26/2011,HSV,AL,ASO,CE,Combined TRACON& Tower with Radar,24,38,22,9,93,0,0,58,1,59,24,38,80,10,152,46,6,52,204
02/27/2011,HSV,AL,ASO,CE,Combined TRACON& Tower with Radar,24,52,16,6,98,0,0,10,0,10,24,52,26,6,108,24,0,24,132
02/28/2011,HSV,AL,ASO,CE,Combined TRACON& Tower with Radar,47,56,10,3,116,0,0,1,1,2,47,56,11,4,118,0,0,0,118
03/01/2011,HSV,AL,ASO,CE,Combined TRACON& Tower with Radar,32,60,29,27,148,0,0,31,21,52,32,60,60,48,200,12,90,102,302
03/02/2011,HSV,AL,ASO,CE,Combined TRACON& Tower with Radar,31,85,33,66,215,0,2,39,32,73,31,87,72,98,288,16,166,182,470
03/03/2011,HSV,AL,ASO,CE,Combined TRACON& Tower with Radar,32,61,18,49,160,0,0,45,43,88,32,61,63,92,248,16,104,120,368
03/04/2011,HSV,AL,ASO,CE,Combined TRACON& Tower with Radar,32,62,10,47,151,0,0,5,12,17,32,62,15,59,168,12,50,62,230
03/05/2011,HSV,AL,ASO,CE,Combined TRACON& Tower with Radar,20,42,5,0,67,0,0,0,0,0,20,42,5,0,67,0,0,0,67
03/06/2011,HSV,AL,ASO,CE,Combined TRACON& Tower with Radar,24,52,13,56,145,0,0,4,5,9,24,52,17,61,154,0,0,0,154
03/07/2011,HSV,AL,ASO,CE,Combined TRACON& Tower with Radar,40,60,17,21,138,0,0,26,6,32,40,60,43,27,170,0,51,51,221
03/08/2011,HSV,AL,ASO,CE,Combined TRACON& Tower with Radar,32,61,15,39,147,0,0,9,10,19,32,61,24,49,166,0,76,76,242
03/09/2011,HSV,AL,ASO,CE,Combined TRACON& Tower with Radar,28,62,6,27,123,0,0,2,3,5,28,62,8,30,128,12,0,12,140
03/10/2011,HSV,AL,ASO,CE,Combined TRACON& Tower with Radar,33,64,18,27,142,7,1,5,15,28,40,65,23,42,170,34,22,56,226
03/11/2011,HSV,AL,ASO,CE,Combined TRACON& Tower with Radar,31,62,35,35,163,0,1,37,30,68,31,63,72,65,231,14,86,100,331
03/12/2011,HSV,AL,ASO,CE,Combined TRACON& Tower with Radar,18,46,24,0,88,0,0,40,4,44,18,46,64,4,132,12,0,12,144
03/13/2011,HSV,AL,ASO,CE,Combined TRACON& Tower with Radar,23,56,30,12,121,0,0,23,0,23,23,56,53,12,144,6,4,10,154
03/14/2011,HSV,AL,ASO,CE,Combined TRACON& Tower with Radar,34,58,24,30,146,0,0,14,27,41,34,58,38,57,187,0,90,90,277
03/15/2011,HSV,AL,ASO,CE,Combined TRACON& Tower with Radar,30,70,27,53,180,0,0,10,10,20,30,70,37,63,200,0,44,44,244
03/16/2011,HSV,AL,ASO,CE,Combined TRACON& Tower with Radar,35,56,20,33,144,28,0,31,14,73,63,56,51,47,217,62,32,94,311
03/17/2011,HSV,AL,ASO,CE,Combined TRACON& Tower with Radar,31,60,24,55,170,0,0,27,11,38,31,60,51,66,208,66,18,84,292
03/18/2011,HSV,AL,ASO,CE,Combined TRACON& Tower with Radar,31,72,24,36,163,0,0,35,6,41,31,72,59,42,204,36,44,80,284
03/19/2011,HSV,AL,ASO,CE,Combined TRACON& Tower with Radar,19,46,27,0,92,0,0,32,0,32,19,46,59,0,124,30,0,30,154
03/20/2011,HSV,AL,ASO,CE,Combined TRACON& Tower with Radar,27,55,20,2,104,0,0,28,0,28,27,55,48,2,132,27,0,27,159
03/21/2011,HSV,AL,ASO,CE,Combined TRACON& Tower with Radar,35,61,21,16,133,0,0,17,16,33,35,61,38,32,166,26,40,66,232
03/22/2011,HSV,AL,ASO,CE,Combined TRACON& Tower with Radar,29,58,11,32,130,0,0,21,18,39,29,58,32,50,169,26,52,78,247
03/23/2011,HSV,AL,ASO,CE,Combined TRACON& Tower with Radar,33,64,12,21,130,2,0,4,6,12,35,64,16,27,142,8,60,68,210
03/24/2011,HSV,AL,ASO,CE,Combined TRACON& Tower with Radar,27,70,26,19,142,0,1,36,11,48,27,71,62,30,190,20,36,56,246
03/25/2011,HSV,AL,ASO,CE,Combined TRACON& Tower with Radar,29,65,36,19,149,0,0,27,14,41,29,65,63,33,190,12,78,90,280
03/26/2011,HSV,AL,ASO,CE,Combined TRACON& Tower with Radar,21,45,13,0,79,0,0,0,0,0,21,45,13,0,79,0,0,0,79
03/27/2011,HSV,AL,ASO,CE,Combined TRACON& Tower with Radar,27,55,37,4,123,0,0,1,0,1,27,55,38,4,124,0,0,0,124
03/28/2011,HSV,AL,ASO,CE,Combined TRACON& Tower with Radar,32,62,30,14,138,0,0,16,6,22,32,62,46,20,160,10,36,46,206
03/29/2011,HSV,AL,ASO,CE,Combined TRACON& Tower with Radar,30,61,29,93,213,0,0,9,31,40,30,61,38,124,253,0,136,136,389
03/30/2011,HSV,AL,ASO,CE,Combined TRACON& Tower with Radar,30,65,21,33,149,0,0,1,0,1,30,65,22,33,150,0,0,0,150
03/31/2011,HSV,AL,ASO,CE,Combined TRACON& Tower with Radar,31,60,43,21,155,0,1,11,8,20,31,61,54,29,175,70,6,76,251
04/01/2011,HSV,AL,ASO,CE,Combined TRACON& Tower with Radar,48,58,27,21,154,0,0,20,18,38,48,58,47,39,192,4,32,36,228
04/02/2011,HSV,AL,ASO,CE,Combined TRACON& Tower with Radar,21,38,15,7,81,0,0,35,5,40,21,38,50,12,121,46,10,56,177
04/03/2011,HSV,AL,ASO,CE,Combined TRACON& Tower with Radar,28,47,15,21,111,0,0,31,3,34,28,47,46,24,145,22,0,22,167
04/04/2011,HSV,AL,ASO,CE,Combined TRACON& Tower with Radar,31,67,13,13,124,0,0,8,0,8,31,67,21,13,132,1,19,20,152
04/05/2011,HSV,AL,ASO,CE,Combined TRACON& Tower with Radar,28,60,43,78,209,0,0,30,16,46,28,60,73,94,255,32,40,72,327
04/06/2011,HSV,AL,ASO,CE,Combined TRACON& Tower with Radar,35,61,30,66,192,7,0,23,17,47,42,61,53,83,239,28,69,97,336
04/07/2011,HSV,AL,ASO,CE,Combined TRACON& Tower with Radar,34,57,55,66,212,0,0,30,9,39,34,57,85,75,251,42,69,111,362
04/08/2011,HSV,AL,ASO,CE,Combined TRACON& Tower with Radar,33,60,24,23,140,0,0,4,1,5,33,60,28,24,145,2,4,6,151
04/09/2011,HSV,AL,ASO,CE,Combined TRACON& Tower with Radar,26,41,19,0,86,0,0,14,0,14,26,41,33,0,100,32,0,32,132
04/10/2011,HSV,AL,ASO,CE,Combined TRACON& Tower with Radar,27,51,29,7,114,0,0,7,1,8,27,51,36,8,122,36,0,36,158
04/11/2011,HSV,AL,ASO,CE,Combined TRACON& Tower with Radar,30,70,14,14,128,0,1,4,11,16,30,71,18,25,144,22,0,22,166
04/12/2011,HSV,AL,ASO,CE,Combined TRACON& Tower with Radar,33,54,8,18,113,0,0,15,33,48,33,54,23,51,161,26,70,96,257
04/13/2011,HSV,AL,ASO,CE,Combined TRACON& Tower with Radar,34,52,35,18,139,0,0,31,9,40,34,52,66,27,179,10,14,24,203
04/14/2011,HSV,AL,ASO,CE,Combined TRACON& Tower with Radar,33,64,23,33,153,0,0,22,20,42,33,64,45,53,195,9,32,41,236
04/15/2011,HSV,AL,ASO,CE,Combined TRACON& Tower with Radar,34,60,6,0,100,0,0,0,0,0,34,60,6,0,100,0,0,0,100
04/16/2011,HSV,AL,ASO,CE,Combined TRACON& Tower with Radar,20,43,16,4,83,0,0,8,1,9,20,43,24,5,92,2,6,8,100
04/17/2011,HSV,AL,ASO,CE,Combined TRACON& Tower with Radar,29,52,27,2,110,0,0,29,2,31,29,52,56,4,141,0,0,0,141
04/18/2011,HSV,AL,ASO,CE,Combined TRACON& Tower with Radar,37,64,36,30,167,0,0,21,27,48,37,64,57,57,215,6,42,48,263
04/19/2011,HSV,AL,ASO,CE,Combined TRACON& Tower with Radar,31,51,24,61,167,0,0,17,46,63,31,51,41,107,230,18,152,170,400
04/20/2011,HSV,AL,ASO,CE,Combined TRACON& Tower with Radar,34,59,18,8,119,0,0,2,27,29,34,59,20,35,148,6,8,14,162
04/21/2011,HSV,AL,ASO,CE,Combined TRACON& Tower with Radar,34,61,24,22,141,0,0,1,5,6,34,61,25,27,147,0,16,16,163
04/22/2011,HSV,AL,ASO,CE,Combined TRACON& Tower with Radar,31,60,20,23,134,0,0,19,35,54,31,60,39,58,188,10,58,68,256
04/23/2011,HSV,AL,ASO,CE,Combined TRACON& Tower with Radar,21,44,12,0,77,0,0,14,1,15,21,44,26,1,92,0,0,0,92
04/24/2011,HSV,AL,ASO,CE,Combined TRACON& Tower with Radar,27,49,23,0,99,0,0,18,0,18,27,49,41,0,117,18,0,18,135
04/25/2011,HSV,AL,ASO,CE,Combined TRACON& Tower with Radar,36,62,13,23,134,0,0,16,33,49,36,62,29,56,183,9,42,51,234
04/26/2011,HSV,AL,ASO,CE,Combined TRACON& Tower with Radar,32,54,10,15,111,0,0,2,5,7,32,54,12,20,118,0,8,8,126
04/27/2011,HSV,AL,ASO,CE,Combined TRACON& Tower with Radar,27,36,5,0,68,0,0,0,1,1,27,36,5,1,69,0,0,0,69
04/28/2011,HSV,AL,ASO,CE,Combined TRACON& Tower with Radar,21,63,21,15,120,0,0,4,3,7,21,63,25,18,127,0,22,22,149
04/29/2011,HSV,AL,ASO,CE,Combined TRACON& Tower with Radar,28,55,11,14,108,0,0,13,4,17,28,55,24,18,125,10,34,44,169
04/30/2011,HSV,AL,ASO,CE,Combined TRACON& Tower with Radar,22,52,9,2,85,0,0,31,0,31,22,52,40,2,116,12,0,12,128
05/01/2011,HSV,AL,ASO,CE,Combined TRACON& Tower with Radar,28,49,17,6,100,0,0,7,0,7,28,49,24,6,107,10,8,18,125
05/02/2011,HSV,AL,ASO,CE,Combined TRACON& Tower with Radar,36,58,14,19,127,0,0,7,20,27,36,58,21,39,154,0,90,90,244
05/03/2011,HSV,AL,ASO,CE,Combined TRACON& Tower with Radar,43,54,11,14,122,0,0,0,0,0,43,54,11,14,122,0,6,6,128
05/04/2011,HSV,AL,ASO,CE,Combined TRACON& Tower with Radar,37,59,21,29,146,0,0,25,45,70,37,59,46,74,216,36,42,78,294
05/05/2011,HSV,AL,ASO,CE,Combined TRACON& Tower with Radar,38,59,33,37,167,0,2,15,29,46,38,61,48,66,213,0,130,130,343
05/06/2011,HSV,AL,ASO,CE,Combined TRACON& Tower with Radar,32,70,24,24,150,0,0,15,27,42,32,70,39,51,192,10,72,82,274
05/07/2011,HSV,AL,ASO,CE,Combined TRACON& Tower with Radar,24,41,19,0,84,0,0,33,0,33,24,41,52,0,117,22,0,22,139
05/08/2011,HSV,AL,ASO,CE,Combined TRACON& Tower with Radar,31,48,10,14,103,0,0,20,6,26,31,48,30,20,129,34,4,38,167
05/09/2011,HSV,AL,ASO,CE,Combined TRACON& Tower with Radar,37,56,23,33,149,0,0,24,48,72,37,56,47,81,221,20,124,144,365
05/10/2011,HSV,AL,ASO,CE,Combined TRACON& Tower with Radar,36,48,24,22,130,0,0,28,32,60,36,48,52,54,190,0,139,139,329
05/11/2011,HSV,AL,ASO,CE,Combined TRACON& Tower with Radar,33,49,23,47,152,0,2,15,45,62,33,51,38,92,214,6,94,100,314
05/12/2011,HSV,AL,ASO,CE,Combined TRACON& Tower with Radar,43,63,16,48,170,0,0,20,27,47,43,63,36,75,217,6,90,96,313
05/13/2011,HSV,AL,ASO,CE,Combined TRACON& Tower with Radar,37,61,6,19,123,0,0,10,15,25,37,61,16,34,148,0,2,2,150
05/14/2011,HSV,AL,ASO,CE,Combined TRACON& Tower with Radar,27,37,22,20,106,0,0,2,2,4,27,37,24,22,110,0,20,20,130
05/15/2011,HSV,AL,ASO,CE,Combined TRACON& Tower with Radar,36,48,25,10,119,0,0,11,2,13,36,48,36,12,132,20,0,20,152
05/16/2011,HSV,AL,ASO,CE,Combined TRACON& Tower with Radar,38,52,27,11,128,0,0,2,21,23,38,52,29,32,151,6,0,6,157
05/17/2011,HSV,AL,ASO,CE,Combined TRACON& Tower with Radar,35,52,17,30,134,0,0,11,32,43,35,52,28,62,177,0,36,36,213
05/18/2011,HSV,AL,ASO,CE,Combined TRACON& Tower with Radar,35,57,29,18,139,0,0,17,36,53,35,57,46,54,192,12,64,76,268
05/19/2011,HSV,AL,ASO,CE,Combined TRACON& Tower with Radar,43,55,13,28,139,27,0,14,17,58,70,55,27,45,197,18,70,88,285
05/20/2011,HSV,AL,ASO,CE,Combined TRACON& Tower with Radar,34,59,16,30,139,0,0,18,37,55,34,59,34,67,194,10,152,162,356
05/21/2011,HSV,AL,ASO,CE,Combined TRACON& Tower with Radar,26,39,29,15,109,0,0,22,0,22,26,39,51,15,131,8,0,8,139
05/22/2011,HSV,AL,ASO,CE,Combined TRACON& Tower with Radar,34,46,12,6,98,0,1,14,0,15,34,47,26,6,113,4,16,20,133
05/23/2011,HSV,AL,ASO,CE,Combined TRACON& Tower with Radar,39,55,21,51,166,0,0,11,47,58,39,55,32,98,224,10,156,166,390
05/24/2011,HSV,AL,ASO,CE,Combined TRACON& Tower with Radar,34,54,28,62,178,0,2,13,48,63,34,56,41,110,241,2,158,160,401
05/25/2011,HSV,AL,ASO,CE,Combined TRACON& Tower with Radar,36,45,20,64,165,26,0,9,25,60,62,45,29,89,225,56,95,151,376
05/26/2011,HSV,AL,ASO,CE,Combined TRACON& Tower with Radar,43,50,7,10,110,0,0,1,15,16,43,50,8,25,126,0,0,0,126
05/27/2011,HSV,AL,ASO,CE,Combined TRACON& Tower with Radar,33,53,44,40,170,0,0,13,27,40,33,53,57,67,210,0,86,86,296
05/28/2011,HSV,AL,ASO,CE,Combined TRACON& Tower with Radar,21,39,11,1,72,0,0,17,0,17,21,39,28,1,89,12,0,12,101
05/29/2011,HSV,AL,ASO,CE,Combined TRACON& Tower with Radar,31,40,16,0,87,0,0,12,0,12,31,40,28,0,99,6,0,6,105
05/30/2011,HSV,AL,ASO,CE,Combined TRACON& Tower with Radar,31,52,18,0,101,0,0,39,0,39,31,52,57,0,140,14,0,14,154
05/31/2011,HSV,AL,ASO,CE,Combined TRACON& Tower with Radar,35,60,22,12,129,0,0,15,26,41,35,60,37,38,170,0,30,30,200
06/01/2011,HSV,AL,ASO,CE,Combined TRACON& Tower with Radar,38,53,19,54,164,0,0,19,36,55,38,53,38,90,219,18,126,144,363
06/02/2011,HSV,AL,ASO,CE,Combined TRACON& Tower with Radar,34,65,27,28,154,0,0,21,44,65,34,65,48,72,219,0,30,30,249
06/03/2011,HSV,AL,ASO,CE,Combined TRACON& Tower with Radar,35,60,16,48,159,0,0,16,19,35,35,60,32,67,194,2,105,107,301
06/04/2011,HSV,AL,ASO,CE,Combined TRACON& Tower with Radar,22,47,8,4,81,0,1,23,4,28,22,48,31,8,109,6,0,6,115
06/05/2011,HSV,AL,ASO,CE,Combined TRACON& Tower with Radar,36,46,15,9,106,0,0,5,2,7,36,46,20,11,113,18,0,18,131
06/06/2011,HSV,AL,ASO,CE,Combined TRACON& Tower with Radar,38,61,12,22,133,0,0,12,41,53,38,61,24,63,186,30,44,74,260
06/07/2011,HSV,AL,ASO,CE,Combined TRACON& Tower with Radar,36,51,19,29,135,0,0,16,38,54,36,51,35,67,189,17,110,127,316
06/08/2011,HSV,AL,ASO,CE,Combined TRACON& Tower with Radar,42,56,21,45,164,0,1,22,38,61,42,57,43,83,225,18,57,75,300
06/09/2011,HSV,AL,ASO,CE,Combined TRACON& Tower with Radar,33,56,26,54,169,0,0,18,29,47,33,56,44,83,216,12,62,74,290
06/10/2011,HSV,AL,ASO,CE,Combined TRACON& Tower with Radar,38,50,21,25,134,1,0,24,14,39,39,50,45,39,173,8,54,62,235
06/11/2011,HSV,AL,ASO,CE,Combined TRACON& Tower with Radar,32,40,11,25,108,0,0,25,3,28,32,40,36,28,136,28,8,36,172
06/12/2011,HSV,AL,ASO,CE,Combined TRACON& Tower with Radar,33,53,22,13,121,0,0,17,2,19,33,53,39,15,140,26,18,44,184
06/13/2011,HSV,AL,ASO,CE,Combined TRACON& Tower with Radar,39,58,20,29,146,0,1,13,37,51,39,59,33,66,197,12,88,100,297
06/14/2011,HSV,AL,ASO,CE,Combined TRACON& Tower with Radar,36,59,14,18,127,0,0,22,18,40,36,59,36,36,167,5,8,13,180
06/15/2011,HSV,AL,ASO,CE,Combined TRACON& Tower with Radar,39,58,46,22,165,0,0,6,24,30,39,58,52,46,195,0,60,60,255
06/16/2011,HSV,AL,ASO,CE,Combined TRACON& Tower with Radar,40,65,16,52,173,0,0,24,46,70,40,65,40,98,243,10,142,152,395
06/17/2011,HSV,AL,ASO,CE,Combined TRACON& Tower with Radar,39,55,18,0,112,0,0,8,8,16,39,55,26,8,128,6,2,8,136
06/18/2011,HSV,AL,ASO,CE,Combined TRACON& Tower with Radar,35,36,18,2,91,0,0,8,0,8,35,36,26,2,99,10,0,10,109
06/19/2011,HSV,AL,ASO,CE,Combined TRACON& Tower with Radar,28,58,15,1,102,0,0,9,10,19,28,58,24,11,121,6,0,6,127
06/20/2011,HSV,AL,ASO,CE,Combined TRACON& Tower with Radar,42,58,34,91,225,0,0,20,24,44,42,58,54,115,269,12,60,72,341
06/21/2011,HSV,AL,ASO,CE,Combined TRACON& Tower with Radar,36,62,25,16,139,0,0,31,11,42,36,62,56,27,181,0,2,2,183
06/22/2011,HSV,AL,ASO,CE,Combined TRACON& Tower with Radar,33,51,21,32,137,0,0,1,6,7,33,51,22,38,144,0,10,10,154
06/23/2011,HSV,AL,ASO,CE,Combined TRACON& Tower with Radar,34,53,15,75,177,0,0,7,23,30,34,53,22,98,207,24,36,60,267
06/24/2011,HSV,AL,ASO,CE,Combined TRACON& Tower with Radar,38,57,23,13,131,0,0,4,6,10,38,57,27,19,141,0,0,0,141
06/25/2011,HSV,AL,ASO,CE,Combined TRACON& Tower with Radar,24,36,9,11,80,0,0,18,3,21,24,36,27,14,101,10,0,10,111
06/26/2011,HSV,AL,ASO,CE,Combined TRACON& Tower with Radar,41,51,15,2,109,0,0,15,7,22,41,51,30,9,131,0,0,0,131
06/27/2011,HSV,AL,ASO,CE,Combined TRACON& Tower with Radar,41,58,24,19,142,0,0,25,6,31,41,58,49,25,173,8,24,32,205
06/28/2011,HSV,AL,ASO,CE,Combined TRACON& Tower with Radar,38,56,5,10,109,0,0,2,0,2,38,56,7,10,111,0,0,0,111
06/29/2011,HSV,AL,ASO,CE,Combined TRACON& Tower with Radar,36,56,28,18,138,0,0,22,25,47,36,56,50,43,185,4,68,72,257
06/30/2011,HSV,AL,ASO,CE,Combined TRACON& Tower with Radar,37,56,36,64,193,0,0,13,22,35,37,56,49,86,228,22,64,86,314
07/01/2011,HSV,AL,ASO,CE,Combined TRACON& Tower with Radar,37,49,17,1,104,0,0,37,1,38,37,49,54,2,142,18,8,26,168
07/02/2011,HSV,AL,ASO,CE,Combined TRACON& Tower with Radar,23,39,16,6,84,0,0,30,0,30,23,39,46,6,114,10,0,10,124
07/03/2011,HSV,AL,ASO,CE,Combined TRACON& Tower with Radar,25,33,6,0,64,0,0,8,0,8,25,33,14,0,72,1,0,1,73
07/04/2011,HSV,AL,ASO,CE,Combined TRACON& Tower with Radar,34,51,7,0,92,0,0,17,0,17,34,51,24,0,109,0,0,0,109
07/05/2011,HSV,AL,ASO,CE,Combined TRACON& Tower with Radar,37,57,16,26,136,0,0,10,6,16,37,57,26,32,152,0,0,0,152
07/06/2011,HSV,AL,ASO,CE,Combined TRACON& Tower with Radar,35,53,16,64,168,0,0,10,29,39,35,53,26,93,207,10,105,115,322
07/07/2011,HSV,AL,ASO,CE,Combined TRACON& Tower with Radar,39,63,12,16,130,0,0,17,27,44,39,63,29,43,174,14,69,83,257
07/08/2011,HSV,AL,ASO,CE,Combined TRACON& Tower with Radar,31,61,13,22,127,0,0,2,3,5,31,61,15,25,132,0,14,14,146
07/09/2011,HSV,AL,ASO,CE,Combined TRACON& Tower with Radar,23,41,13,4,81,0,0,9,3,12,23,41,22,7,93,4,0,4,97
07/10/2011,HSV,AL,ASO,CE,Combined TRACON& Tower with Radar,32,50,20,8,110,0,0,14,3,17,32,50,34,11,127,16,0,16,143
07/11/2011,HSV,AL,ASO,CE,Combined TRACON& Tower with Radar,42,43,17,20,122,0,0,19,15,34,42,43,36,35,156,0,52,52,208
07/12/2011,HSV,AL,ASO,CE,Combined TRACON& Tower with Radar,44,56,18,33,151,0,0,5,15,20,44,56,23,48,171,0,52,52,223
07/13/2011,HSV,AL,ASO,CE,Combined TRACON& Tower with Radar,34,59,21,48,162,0,0,16,18,34,34,59,37,66,196,34,78,112,308
07/14/2011,HSV,AL,ASO,CE,Combined TRACON& Tower with Radar,38,56,17,80,191,0,0,8,40,48,38,56,25,120,239,0,150,150,389
07/15/2011,HSV,AL,ASO,CE,Combined TRACON& Tower with Radar,35,55,19,35,144,0,0,2,10,12,35,55,21,45,156,0,6,6,162
07/16/2011,HSV,AL,ASO,CE,Combined TRACON& Tower with Radar,32,40,12,18,102,0,0,6,5,11,32,40,18,23,113,38,8,46,159
07/17/2011,HSV,AL,ASO,CE,Combined TRACON& Tower with Radar,27,52,28,27,134,0,0,47,5,52,27,52,75,32,186,6,0,6,192
07/18/2011,HSV,AL,ASO,CE,Combined TRACON& Tower with Radar,40,54,16,60,170,0,0,18,20,38,40,54,34,80,208,0,130,130,338
07/19/2011,HSV,AL,ASO,CE,Combined TRACON& Tower with Radar,35,51,34,39,159,0,0,15,8,23,35,51,49,47,182,0,86,86,268
07/20/2011,HSV,AL,ASO,CE,Combined TRACON& Tower with Radar,37,62,26,67,192,0,0,20,13,33,37,62,46,80,225,8,108,116,341
07/21/2011,HSV,AL,ASO,CE,Combined TRACON& Tower with Radar,34,55,24,28,141,0,0,13,4,17,34,55,37,32,158,0,20,20,178
07/22/2011,HSV,AL,ASO,CE,Combined TRACON& Tower with Radar,34,47,13,28,122,0,0,10,8,18,34,47,23,36,140,0,34,34,174
07/23/2011,HSV,AL,ASO,CE,Combined TRACON& Tower with Radar,27,39,16,22,104,0,0,16,0,16,27,39,32,22,120,0,0,0,120
07/24/2011,HSV,AL,ASO,CE,Combined TRACON& Tower with Radar,34,46,10,19,109,0,0,3,1,4,34,46,13,20,113,34,4,38,151
07/25/2011,HSV,AL,ASO,CE,Combined TRACON& Tower with Radar,47,58,26,54,185,0,0,9,6,15,47,58,35,60,200,42,50,92,292
07/26/2011,HSV,AL,ASO,CE,Combined TRACON& Tower with Radar,40,52,22,60,174,0,0,7,22,29,40,52,29,82,203,6,64,70,273
07/27/2011,HSV,AL,ASO,CE,Combined TRACON& Tower with Radar,38,56,25,55,174,0,0,14,12,26,38,56,39,67,200,16,78,94,294
07/28/2011,HSV,AL,ASO,CE,Combined TRACON& Tower with Radar,40,52,22,38,152,0,0,14,2,16,40,52,36,40,168,32,36,68,236
07/29/2011,HSV,AL,ASO,CE,Combined TRACON& Tower with Radar,37,52,26,38,153,0,0,4,4,8,37,52,30,42,161,2,56,58,219
07/30/2011,HSV,AL,ASO,CE,Combined TRACON& Tower with Radar,25,45,10,0,80,0,2,13,0,15,25,47,23,0,95,0,0,0,95
07/31/2011,HSV,AL,ASO,CE,Combined TRACON& Tower with Radar,32,51,11,26,120,0,0,10,2,12,32,51,21,28,132,0,0,0,132
08/01/2011,HSV,AL,ASO,CE,Combined TRACON& Tower with Radar,45,49,18,19,131,0,0,19,11,30,45,49,37,30,161,12,62,74,235
08/02/2011,HSV,AL,ASO,CE,Combined TRACON& Tower with Radar,38,53,15,26,132,0,1,23,10,34,38,54,38,36,166,18,84,102,268
08/03/2011,HSV,AL,ASO,CE,Combined TRACON& Tower with Radar,33,56,19,13,121,0,0,18,2,20,33,56,37,15,141,8,12,20,161
08/04/2011,HSV,AL,ASO,CE,Combined TRACON& Tower with Radar,37,57,15,4,113,0,0,4,4,8,37,57,19,8,121,6,2,8,129
08/05/2011,HSV,AL,ASO,CE,Combined TRACON& Tower with Radar,37,54,17,9,117,0,2,4,6,12,37,56,21,15,129,22,44,66,195
08/06/2011,HSV,AL,ASO,CE,Combined TRACON& Tower with Radar,34,46,14,6,100,0,0,13,4,17,34,46,27,10,117,4,8,12,129
08/07/2011,HSV,AL,ASO,CE,Combined TRACON& Tower with Radar,32,47,25,2,106,0,0,11,0,11,32,47,36,2,117,4,0,4,121
08/08/2011,HSV,AL,ASO,CE,Combined TRACON& Tower with Radar,47,52,9,12,120,0,0,10,3,13,47,52,19,15,133,0,0,0,133
08/09/2011,HSV,AL,ASO,CE,Combined TRACON& Tower with Radar,38,56,20,10,124,0,0,10,3,13,38,56,30,13,137,4,0,4,141
08/10/2011,HSV,AL,ASO,CE,Combined TRACON& Tower with Radar,37,57,15,27,136,0,0,9,4,13,37,57,24,31,149,6,22,28,177
08/11/2011,HSV,AL,ASO,CE,Combined TRACON& Tower with Radar,36,56,31,15,138,0,0,20,19,39,36,56,51,34,177,51,46,97,274
08/12/2011,HSV,AL,ASO,CE,Combined TRACON& Tower with Radar,39,59,18,46,162,0,2,21,21,44,39,61,39,67,206,8,74,82,288
08/13/2011,HSV,AL,ASO,CE,Combined TRACON& Tower with Radar,25,35,20,21,101,1,0,26,3,30,26,35,46,24,131,48,10,58,189
08/14/2011,HSV,AL,ASO,CE,Combined TRACON& Tower with Radar,35,48,10,18,111,0,0,13,4,17,35,48,23,22,128,0,6,6,134
08/15/2011,HSV,AL,ASO,CE,Combined TRACON& Tower with Radar,40,53,10,45,148,0,0,12,33,45,40,53,22,78,193,6,76,82,275
08/16/2011,HSV,AL,ASO,CE,Combined TRACON& Tower with Radar,38,47,12,69,166,0,0,25,27,52,38,47,37,96,218,10,96,106,324
08/17/2011,HSV,AL,ASO,CE,Combined TRACON& Tower with Radar,39,54,25,50,168,0,0,4,26,30,39,54,29,76,198,6,136,142,340
08/18/2011,HSV,AL,ASO,CE,Combined TRACON& Tower with Radar,36,62,21,71,190,0,2,8,22,32,36,64,29,93,222,0,88,88,310
08/19/2011,HSV,AL,ASO,CE,Combined TRACON& Tower with Radar,32,49,21,25,127,0,0,18,8,26,32,49,39,33,153,4,104,108,261
08/20/2011,HSV,AL,ASO,CE,Combined TRACON& Tower with Radar,22,36,23,6,87,0,0,25,4,29,22,36,48,10,116,4,0,4,120
08/21/2011,HSV,AL,ASO,CE,Combined TRACON& Tower with Radar,33,43,16,9,101,0,0,17,8,25,33,43,33,17,126,18,28,46,172
08/22/2011,HSV,AL,ASO,CE,Combined TRACON& Tower with Radar,37,51,9,18,115,0,0,29,4,33,37,51,38,22,148,24,18,42,190
08/23/2011,HSV,AL,ASO,CE,Combined TRACON& Tower with Radar,43,45,24,10,122,0,0,23,17,40,43,45,47,27,162,8,62,70,232
08/24/2011,HSV,AL,ASO,CE,Combined TRACON& Tower with Radar,36,49,20,30,135,0,0,15,7,22,36,49,35,37,157,28,98,126,283
08/25/2011,HSV,AL,ASO,CE,Combined TRACON& Tower with Radar,38,57,18,50,163,0,0,20,26,46,38,57,38,76,209,26,92,118,327
08/26/2011,HSV,AL,ASO,CE,Combined TRACON& Tower with Radar,36,51,17,21,125,0,0,21,8,29,36,51,38,29,154,10,26,36,190
08/27/2011,HSV,AL,ASO,CE,Combined TRACON& Tower with Radar,23,36,11,0,70,0,0,23,1,24,23,36,34,1,94,4,0,4,98
08/28/2011,HSV,AL,ASO,CE,Combined TRACON& Tower with Radar,29,42,11,43,125,0,0,21,3,24,29,42,32,46,149,20,6,26,175
08/29/2011,HSV,AL,ASO,CE,Combined TRACON& Tower with Radar,36,53,12,31,132,0,0,23,14,37,36,53,35,45,169,10,112,122,291
08/30/2011,HSV,AL,ASO,CE,Combined TRACON& Tower with Radar,34,46,19,16,115,0,0,25,36,61,34,46,44,52,176,12,142,154,330
08/31/2011,HSV,AL,ASO,CE,Combined TRACON& Tower with Radar,36,49,24,65,174,0,1,15,28,44,36,50,39,93,218,0,134,134,352
09/01/2011,HSV,AL,ASO,CE,Combined TRACON& Tower with Radar,53,60,16,29,158,2,0,15,4,21,55,60,31,33,179,0,74,74,253
09/02/2011,HSV,AL,ASO,CE,Combined TRACON& Tower with Radar,42,59,17,16,134,0,0,19,13,32,42,59,36,29,166,8,30,38,204
09/03/2011,HSV,AL,ASO,CE,Combined TRACON& Tower with Radar,18,35,15,0,68,0,0,30,0,30,18,35,45,0,98,20,0,20,118
09/04/2011,HSV,AL,ASO,CE,Combined TRACON& Tower with Radar,26,29,16,0,71,0,0,6,0,6,26,29,22,0,77,10,0,10,87
09/05/2011,HSV,AL,ASO,CE,Combined TRACON& Tower with Radar,32,37,10,0,79,0,0,0,0,0,32,37,10,0,79,0,0,0,79
09/06/2011,HSV,AL,ASO,CE,Combined TRACON& Tower with Radar,33,48,14,20,115,0,0,0,1,1,33,48,14,21,116,0,0,0,116
09/07/2011,HSV,AL,ASO,CE,Combined TRACON& Tower with Radar,31,42,15,24,112,0,2,2,9,13,31,44,17,33,125,0,6,6,131
09/08/2011,HSV,AL,ASO,CE,Combined TRACON& Tower with Radar,36,48,25,31,140,0,0,15,18,33,36,48,40,49,173,19,72,91,264
09/09/2011,HSV,AL,ASO,CE,Combined TRACON& Tower with Radar,43,48,26,25,142,5,0,23,3,31,48,48,49,28,173,24,8,32,205
09/10/2011,HSV,AL,ASO,CE,Combined TRACON& Tower with Radar,24,26,13,35,98,0,0,17,3,20,24,26,30,38,118,8,8,16,134
09/11/2011,HSV,AL,ASO,CE,Combined TRACON& Tower with Radar,33,50,15,5,103,0,0,20,0,20,33,50,35,5,123,8,6,14,137
09/12/2011,HSV,AL,ASO,CE,Combined TRACON& Tower with Radar,36,47,12,60,155,0,0,7,7,14,36,47,19,67,169,16,108,124,293
09/13/2011,HSV,AL,ASO,CE,Combined TRACON& Tower with Radar,38,40,31,42,151,0,0,47,17,64,38,40,78,59,215,30,82,112,327
09/14/2011,HSV,AL,ASO,CE,Combined TRACON& Tower with Radar,34,42,31,38,145,0,0,19,7,26,34,42,50,45,171,16,66,82,253
09/15/2011,HSV,AL,ASO,CE,Combined TRACON& Tower with Radar,36,49,43,21,149,0,0,2,1,3,36,49,45,22,152,0,8,8,160
09/16/2011,HSV,AL,ASO,CE,Combined TRACON& Tower with Radar,31,57,27,31,146,0,0,22,26,48,31,57,49,57,194,16,138,154,348
09/17/2011,HSV,AL,ASO,CE,Combined TRACON& Tower with Radar,22,30,5,3,60,0,0,25,3,28,22,30,30,6,88,28,6,34,122
09/18/2011,HSV,AL,ASO,CE,Combined TRACON& Tower with Radar,33,46,20,0,99,0,0,15,1,16,33,46,35,1,115,4,0,4,119
09/19/2011,HSV,AL,ASO,CE,Combined TRACON& Tower with Radar,33,48,27,10,118,0,0,2,12,14,33,48,29,22,132,16,20,36,168
09/20/2011,HSV,AL,ASO,CE,Combined TRACON& Tower with Radar,34,42,20,44,140,0,0,0,0,0,34,42,20,44,140,0,6,6,146
09/21/2011,HSV,AL,ASO,CE,Combined TRACON& Tower with Radar,34,45,24,52,155,0,0,3,1,4,34,45,27,53,159,0,30,30,189
09/22/2011,HSV,AL,ASO,CE,Combined TRACON& Tower with Radar,40,55,22,34,151,0,0,18,18,36,40,55,40,52,187,30,48,78,265
09/23/2011,HSV,AL,ASO,CE,Combined TRACON& Tower with Radar,33,54,20,28,135,0,3,2,36,41,33,57,22,64,176,61,2,63,239
09/24/2011,HSV,AL,ASO,CE,Combined TRACON& Tower with Radar,25,31,26,0,82,0,0,37,0,37,25,31,63,0,119,0,0,0,119
09/25/2011,HSV,AL,ASO,CE,Combined TRACON& Tower with Radar,32,52,15,5,104,0,0,16,2,18,32,52,31,7,122,0,0,0,122
09/26/2011,HSV,AL,ASO,CE,Combined TRACON& Tower with Radar,34,47,6,21,108,0,0,2,2,4,34,47,8,23,112,14,78,92,204
09/27/2011,HSV,AL,ASO,CE,Combined TRACON& Tower with Radar,38,48,16,37,139,0,2,18,11,31,38,50,34,48,170,0,8,8,178
09/28/2011,HSV,AL,ASO,CE,Combined TRACON& Tower with Radar,37,44,25,48,154,0,0,28,21,49,37,44,53,69,203,14,68,82,285
09/29/2011,HSV,AL,ASO,CE,Combined TRACON& Tower with Radar,44,48,18,32,142,1,2,20,22,45,45,50,38,54,187,12,78,90,277
09/30/2011,HSV,AL,ASO,CE,Combined TRACON& Tower with Radar,30,58,12,8,108,0,0,27,10,37,30,58,39,18,145,0,40,40,185
10/01/2011,HSV,AL,ASO,CE,Combined TRACON& Tower with Radar,19,33,11,5,68,0,0,23,2,25,19,33,34,7,93,16,0,16,109
10/02/2011,HSV,AL,ASO,CE,Combined TRACON& Tower with Radar,27,52,17,0,96,0,0,38,1,39,27,52,55,1,135,28,0,28,163
10/03/2011,HSV,AL,ASO,CE,Combined TRACON& Tower with Radar,47,49,22,41,159,19,1,32,7,59,66,50,54,48,218,28,60,88,306
10/04/2011,HSV,AL,ASO,CE,Combined TRACON& Tower with Radar,44,45,21,69,179,0,0,29,16,45,44,45,50,85,224,4,78,82,306
10/05/2011,HSV,AL,ASO,CE,Combined TRACON& Tower with Radar,35,49,13,33,130,0,0,21,14,35,35,49,34,47,165,4,80,84,249
10/06/2011,HSV,AL,ASO,CE,Combined TRACON& Tower with Radar,41,55,22,31,149,4,0,30,13,47,45,55,52,44,196,56,72,128,324
10/07/2011,HSV,AL,ASO,CE,Combined TRACON& Tower with Radar,33,55,29,16,133,0,0,22,29,51,33,55,51,45,184,0,66,66,250
10/08/2011,HSV,AL,ASO,CE,Combined TRACON& Tower with Radar,22,31,12,0,65,0,0,26,0,26,22,31,38,0,91,0,0,0,91
10/09/2011,HSV,AL,ASO,CE,Combined TRACON& Tower with Radar,34,53,24,0,111,0,0,18,0,18,34,53,42,0,129,0,0,0,129
10/10/2011,HSV,AL,ASO,CE,Combined TRACON& Tower with Radar,39,54,22,0,115,0,2,20,0,22,39,56,42,0,137,30,0,30,167
10/11/2011,HSV,AL,ASO,CE,Combined TRACON& Tower with Radar,41,45,28,24,138,0,0,0,0,0,41,45,28,24,138,0,0,0,138
10/12/2011,HSV,AL,ASO,CE,Combined TRACON& Tower with Radar,45,52,30,83,210,0,0,6,4,10,45,52,36,87,220,0,16,16,236
10/13/2011,HSV,AL,ASO,CE,Combined TRACON& Tower with Radar,33,57,17,23,130,0,0,8,3,11,33,57,25,26,141,0,0,0,141
10/14/2011,HSV,AL,ASO,CE,Combined TRACON& Tower with Radar,28,63,28,43,162,0,1,31,10,42,28,64,59,53,204,18,30,48,252
10/15/2011,HSV,AL,ASO,CE,Combined TRACON& Tower with Radar,23,34,19,0,76,0,0,35,0,35,23,34,54,0,111,16,0,16,127
10/16/2011,HSV,AL,ASO,CE,Combined TRACON& Tower with Radar,33,50,8,2,93,0,0,18,0,18,33,50,26,2,111,12,0,12,123
10/17/2011,HSV,AL,ASO,CE,Combined TRACON& Tower with Radar,34,54,12,19,119,0,0,19,7,26,34,54,31,26,145,0,52,52,197
10/18/2011,HSV,AL,ASO,CE,Combined TRACON& Tower with Radar,32,44,10,47,133,0,0,2,13,15,32,44,12,60,148,2,114,116,264
10/19/2011,HSV,AL,ASO,CE,Combined TRACON& Tower with Radar,32,56,13,32,133,6,3,5,0,14,38,59,18,32,147,14,6,20,167
10/20/2011,HSV,AL,ASO,CE,Combined TRACON& Tower with Radar,32,54,21,9,116,0,0,9,2,11,32,54,30,11,127,10,0,10,137
10/21/2011,HSV,AL,ASO,CE,Combined TRACON& Tower with Radar,27,59,28,10,124,0,0,23,9,32,27,59,51,19,156,2,28,30,186
10/22/2011,HSV,AL,ASO,CE,Combined TRACON& Tower with Radar,20,33,22,2,77,0,0,27,0,27,20,33,49,2,104,0,0,0,104
10/23/2011,HSV,AL,ASO,CE,Combined TRACON& Tower with Radar,33,49,23,10,115,0,0,12,0,12,33,49,35,10,127,10,0,10,137
10/24/2011,HSV,AL,ASO,CE,Combined TRACON& Tower with Radar,33,53,19,28,133,0,0,19,6,25,33,53,38,34,158,0,14,14,172
10/25/2011,HSV,AL,ASO,CE,Combined TRACON& Tower with Radar,43,44,24,23,134,0,0,19,4,23,43,44,43,27,157,16,24,40,197
10/26/2011,HSV,AL,ASO,CE,Combined TRACON& Tower with Radar,34,52,35,35,156,0,0,12,8,20,34,52,47,43,176,0,38,38,214
10/27/2011,HSV,AL,ASO,CE,Combined TRACON& Tower with Radar,35,61,18,26,140,0,0,10,1,11,35,61,28,27,151,4,0,4,155
10/28/2011,HSV,AL,ASO,CE,Combined TRACON& Tower with Radar,27,62,41,47,177,0,0,1,0,1,27,62,42,47,178,6,66,72,250
10/29/2011,HSV,AL,ASO,CE,Combined TRACON& Tower with Radar,17,36,17,8,78,0,0,31,4,35,17,36,48,12,113,10,0,10,123
10/30/2011,HSV,AL,ASO,CE,Combined TRACON& Tower with Radar,28,49,19,6,102,0,2,41,0,43,28,51,60,6,145,2,0,2,147
10/31/2011,HSV,AL,ASO,CE,Combined TRACON& Tower with Radar,37,45,22,12,116,0,0,12,5,17,37,45,34,17,133,4,28,32,165
11/01/2011,HSV,AL,ASO,CE,Combined TRACON& Tower with Radar,30,43,15,12,100,0,0,31,11,42,30,43,46,23,142,10,76,86,228
11/02/2011,HSV,AL,ASO,CE,Combined TRACON& Tower with Radar,32,57,12,35,136,0,0,37,4,41,32,57,49,39,177,30,30,60,237
11/03/2011,HSV,AL,ASO,CE,Combined TRACON& Tower with Radar,31,61,24,18,134,0,0,2,1,3,31,61,26,19,137,0,12,12,149
11/04/2011,HSV,AL,ASO,CE,Combined TRACON& Tower with Radar,28,56,39,37,160,0,0,10,1,11,28,56,49,38,171,42,20,62,233
11/05/2011,HSV,AL,ASO,CE,Combined TRACON& Tower with Radar,19,34,14,0,67,0,0,38,0,38,19,34,52,0,105,72,0,72,177
11/06/2011,HSV,AL,ASO,CE,Combined TRACON& Tower with Radar,29,47,17,0,93,0,0,42,0,42,29,47,59,0,135,12,0,12,147
11/07/2011,HSV,AL,ASO,CE,Combined TRACON& Tower with Radar,32,50,22,22,126,0,0,33,8,41,32,50,55,30,167,16,34,50,217
11/08/2011,HSV,AL,ASO,CE,Combined TRACON& Tower with Radar,31,47,21,23,122,0,0,26,26,52,31,47,47,49,174,2,94,96,270
11/09/2011,HSV,AL,ASO,CE,Combined TRACON& Tower with Radar,30,51,33,26,140,0,2,35,2,39,30,53,68,28,179,8,0,8,187
11/10/2011,HSV,AL,ASO,CE,Combined TRACON& Tower with Radar,34,52,22,34,142,0,2,19,19,40,34,54,41,53,182,0,86,86,268
11/11/2011,HSV,AL,ASO,CE,Combined TRACON& Tower with Radar,27,57,30,3,117,0,0,41,0,41,27,57,71,3,158,30,6,36,194
11/12/2011,HSV,AL,ASO,CE,Combined TRACON& Tower with Radar,25,32,21,1,79,0,0,33,1,34,25,32,54,2,113,6,0,6,119
11/13/2011,HSV,AL,ASO,CE,Combined TRACON& Tower with Radar,27,56,15,4,102,0,0,5,11,16,27,56,20,15,118,0,0,0,118
11/14/2011,HSV,AL,ASO,CE,Combined TRACON& Tower with Radar,33,53,23,54,163,0,0,5,0,5,33,53,28,54,168,0,36,36,204
11/15/2011,HSV,AL,ASO,CE,Combined TRACON& Tower with Radar,35,53,42,13,143,0,0,1,0,1,35,53,43,13,144,0,4,4,148
11/16/2011,HSV,AL,ASO,CE,Combined TRACON& Tower with Radar,32,53,16,20,121,0,0,0,0,0,32,53,16,20,121,0,0,0,121
11/17/2011,HSV,AL,ASO,CE,Combined TRACON& Tower with Radar,32,57,21,23,133,0,0,26,4,30,32,57,47,27,163,16,6,22,185
11/18/2011,HSV,AL,ASO,CE,Combined TRACON& Tower with Radar,32,61,12,29,134,0,0,20,26,46,32,61,32,55,180,16,92,108,288
11/19/2011,HSV,AL,ASO,CE,Combined TRACON& Tower with Radar,40,35,27,15,117,0,0,17,9,26,40,35,44,24,143,6,28,34,177
11/20/2011,HSV,AL,ASO,CE,Combined TRACON& Tower with Radar,51,45,17,58,171,0,0,4,0,4,51,45,21,58,175,0,2,2,177
11/21/2011,HSV,AL,ASO,CE,Combined TRACON& Tower with Radar,33,44,12,6,95,0,0,3,0,3,33,44,15,6,98,0,12,12,110
11/22/2011,HSV,AL,ASO,CE,Combined TRACON& Tower with Radar,31,55,8,15,109,0,0,1,1,2,31,55,9,16,111,0,0,0,111
11/23/2011,HSV,AL,ASO,CE,Combined TRACON& Tower with Radar,35,58,28,23,144,0,0,4,8,12,35,58,32,31,156,0,74,74,230
11/24/2011,HSV,AL,ASO,CE,Combined TRACON& Tower with Radar,20,24,11,0,55,0,0,8,0,8,20,24,19,0,63,4,0,4,67
11/25/2011,HSV,AL,ASO,CE,Combined TRACON& Tower with Radar,20,35,8,0,63,0,0,44,0,44,20,35,52,0,107,28,0,28,135
11/26/2011,HSV,AL,ASO,CE,Combined TRACON& Tower with Radar,27,53,9,0,89,0,0,17,0,17,27,53,26,0,106,6,0,6,112
11/27/2011,HSV,AL,ASO,CE,Combined TRACON& Tower with Radar,28,51,20,0,99,0,0,0,0,0,28,51,20,0,99,0,0,0,99
11/28/2011,HSV,AL,ASO,CE,Combined TRACON& Tower with Radar,32,52,13,0,97,0,0,0,0,0,32,52,13,0,97,0,0,0,97
11/29/2011,HSV,AL,ASO,CE,Combined TRACON& Tower with Radar,46,42,8,6,102,0,0,1,0,1,46,42,9,6,103,26,22,48,151
11/30/2011,HSV,AL,ASO,CE,Combined TRACON& Tower with Radar,34,47,19,30,130,0,2,22,8,32,34,49,41,38,162,26,22,48,210
12/01/2011,HSV,AL,ASO,CE,Combined TRACON& Tower with Radar,35,52,26,27,140,0,0,23,13,36,35,52,49,40,176,0,38,38,214
12/02/2011,HSV,AL,ASO,CE,Combined TRACON& Tower with Radar,29,54,22,3,108,0,0,45,10,55,29,54,67,13,163,30,40,70,233
12/03/2011,HSV,AL,ASO,CE,Combined TRACON& Tower with Radar,24,36,20,6,86,0,0,36,6,42,24,36,56,12,128,14,8,22,150
12/04/2011,HSV,AL,ASO,CE,Combined TRACON& Tower with Radar,32,47,9,6,94,0,0,10,2,12,32,47,19,8,106,10,0,10,116
12/05/2011,HSV,AL,ASO,CE,Combined TRACON& Tower with Radar,37,53,16,15,121,0,0,0,0,0,37,53,16,15,121,0,16,16,137
12/06/2011,HSV,AL,ASO,CE,Combined TRACON& Tower with Radar,32,46,20,13,111,0,0,0,0,0,32,46,20,13,111,0,0,0,111
12/07/2011,HSV,AL,ASO,CE,Combined TRACON& Tower with Radar,31,46,9,4,90,0,0,1,0,1,31,46,10,4,91,42,0,42,133
12/08/2011,HSV,AL,ASO,CE,Combined TRACON& Tower with Radar,30,55,40,61,186,0,0,38,19,57,30,55,78,80,243,36,114,150,393
12/09/2011,HSV,AL,ASO,CE,Combined TRACON& Tower with Radar,30,52,32,33,147,0,0,29,18,47,30,52,61,51,194,2,88,90,284
12/10/2011,HSV,AL,ASO,CE,Combined TRACON& Tower with Radar,23,37,20,30,110,0,0,33,2,35,23,37,53,32,145,34,4,38,183
12/11/2011,HSV,AL,ASO,CE,Combined TRACON& Tower with Radar,29,45,19,39,132,0,0,58,2,60,29,45,77,41,192,28,24,52,244
12/12/2011,HSV,AL,ASO,CE,Combined TRACON& Tower with Radar,35,51,23,9,118,0,0,2,1,3,35,51,25,10,121,0,18,18,139
12/13/2011,HSV,AL,ASO,CE,Combined TRACON& Tower with Radar,32,47,14,55,148,0,0,10,7,17,32,47,24,62,165,6,14,20,185
12/14/2011,HSV,AL,ASO,CE,Combined TRACON& Tower with Radar,31,44,30,95,200,0,0,31,48,79,31,44,61,143,279,22,148,170,449
12/15/2011,HSV,AL,ASO,CE,Combined TRACON& Tower with Radar,32,53,16,8,109,0,2,1,1,4,32,55,17,9,113,0,18,18,131
12/16/2011,HSV,AL,ASO,CE,Combined TRACON& Tower with Radar,35,47,20,11,113,0,0,0,0,0,35,47,20,11,113,0,0,0,113
12/17/2011,HSV,AL,ASO,CE,Combined TRACON& Tower with Radar,25,39,18,2,84,0,0,36,4,40,25,39,54,6,124,16,6,22,146
12/18/2011,HSV,AL,ASO,CE,Combined TRACON& Tower with Radar,27,44,21,6,98,0,0,58,4,62,27,44,79,10,160,24,24,48,208
12/19/2011,HSV,AL,ASO,CE,Combined TRACON& Tower with Radar,33,46,16,12,107,0,2,28,10,40,33,48,44,22,147,20,42,62,209
12/20/2011,HSV,AL,ASO,CE,Combined TRACON& Tower with Radar,31,48,20,28,127,0,0,2,2,4,31,48,22,30,131,0,6,6,137
12/21/2011,HSV,AL,ASO,CE,Combined TRACON& Tower with Radar,34,53,23,12,122,0,0,11,3,14,34,53,34,15,136,0,20,20,156
12/22/2011,HSV,AL,ASO,CE,Combined TRACON& Tower with Radar,36,48,11,1,96,0,0,0,0,0,36,48,11,1,96,0,0,0,96
12/23/2011,HSV,AL,ASO,CE,Combined TRACON& Tower with Radar,29,55,21,1,106,0,0,3,0,3,29,55,24,1,109,4,0,4,113
12/24/2011,HSV,AL,ASO,CE,Combined TRACON& Tower with Radar,19,31,13,0,63,0,0,22,0,22,19,31,35,0,85,2,0,2,87
12/25/2011,HSV,AL,ASO,CE,Combined TRACON& Tower with Radar,19,30,7,0,56,0,0,1,0,1,19,30,8,0,57,0,0,0,57
12/26/2011,HSV,AL,ASO,CE,Combined TRACON& Tower with Radar,26,47,17,2,92,0,0,19,0,19,26,47,36,2,111,0,0,0,111
12/27/2011,HSV,AL,ASO,CE,Combined TRACON& Tower with Radar,28,50,12,1,91,0,0,0,0,0,28,50,12,1,91,0,0,0,91
12/28/2011,HSV,AL,ASO,CE,Combined TRACON& Tower with Radar,25,49,19,35,128,0,0,49,4,53,25,49,68,39,181,0,10,10,191
12/29/2011,HSV,AL,ASO,CE,Combined TRACON& Tower with Radar,25,48,20,32,125,0,0,36,0,36,25,48,56,32,161,4,2,6,167
12/30/2011,HSV,AL,ASO,CE,Combined TRACON& Tower with Radar,24,47,16,0,87,0,0,14,0,14,24,47,30,0,101,38,0,38,139
12/31/2011,HSV,AL,ASO,CE,Combined TRACON& Tower with Radar,21,34,15,0,70,0,0,45,0,45,21,34,60,0,115,4,0,4,119
01/01/2012,HSV,AL,ASO,CE,Combined TRACON& Tower with Radar,19,32,12,0,63,0,0,5,0,5,19,32,17,0,68,0,0,0,68
01/02/2012,HSV,AL,ASO,CE,Combined TRACON& Tower with Radar,27,44,15,0,86,0,0,9,0,9,27,44,24,0,95,0,0,0,95
01/03/2012,HSV,AL,ASO,CE,Combined TRACON& Tower with Radar,30,43,4,24,101,0,0,14,7,21,30,43,18,31,122,50,74,124,246
01/04/2012,HSV,AL,ASO,CE,Combined TRACON& Tower with Radar,27,46,15,6,94,0,0,19,8,27,27,46,34,14,121,0,24,24,145
01/05/2012,HSV,AL,ASO,CE,Combined TRACON& Tower with Radar,29,42,23,48,142,0,0,29,20,49,29,42,52,68,191,24,70,94,285
01/06/2012,HSV,AL,ASO,CE,Combined TRACON& Tower with Radar,26,42,26,22,116,0,0,41,19,60,26,42,67,41,176,34,60,94,270
01/07/2012,HSV,AL,ASO,CE,Combined TRACON& Tower with Radar,23,32,23,0,78,0,0,1,2,3,23,32,24,2,81,0,6,6,87
01/08/2012,HSV,AL,ASO,CE,Combined TRACON& Tower with Radar,5,10,8,0,23,0,0,0,0,0,5,10,8,0,23,0,0,0,23
01/09/2012,HSV,AL,ASO,CE,Combined TRACON& Tower with Radar,27,38,19,8,92,0,0,0,0,0,27,38,19,8,92,0,0,0,92
01/10/2012,HSV,AL,ASO,CE,Combined TRACON& Tower with Radar,33,39,20,12,104,0,0,0,0,0,33,39,20,12,104,0,0,0,104
01/11/2012,HSV,AL,ASO,CE,Combined TRACON& Tower with Radar,23,37,10,10,80,0,0,0,0,0,23,37,10,10,80,0,0,0,80
01/12/2012,HSV,AL,ASO,CE,Combined TRACON& Tower with Radar,9,23,5,4,41,0,0,0,0,0,9,23,5,4,41,0,2,2,43
01/13/2012,HSV,AL,ASO,CE,Combined TRACON& Tower with Radar,28,47,16,12,103,0,0,20,10,30,28,47,36,22,133,0,42,42,175
01/14/2012,HSV,AL,ASO,CE,Combined TRACON& Tower with Radar,23,32,23,0,78,0,0,1,2,3,23,32,24,2,81,36,12,48,129
01/15/2012,HSV,AL,ASO,CE,Combined TRACON& Tower with Radar,5,10,8,0,23,0,0,0,0,0,5,10,8,0,23,18,0,18,41
01/16/2012,HSV,AL,ASO,CE,Combined TRACON& Tower with Radar,28,38,19,8,93,0,0,0,0,0,28,38,19,8,93,0,0,0,93
01/17/2012,HSV,AL,ASO,CE,Combined TRACON& Tower with Radar,25,36,11,9,81,0,0,0,0,0,25,36,11,9,81,0,0,0,81
01/18/2012,HSV,AL,ASO,CE,Combined TRACON& Tower with Radar,18,27,8,17,70,0,0,14,7,21,18,27,22,24,91,20,116,136,227
01/19/2012,HSV,AL,ASO,CE,Combined TRACON& Tower with Radar,21,36,31,80,168,0,0,23,22,45,21,36,54,102,213,8,176,184,397
01/20/2012,HSV,AL,ASO,CE,Combined TRACON& Tower with Radar,29,48,25,12,114,0,0,17,10,27,29,48,42,22,141,0,0,0,141
01/21/2012,HSV,AL,ASO,CE,Combined TRACON& Tower with Radar,23,32,23,0,78,0,0,1,2,3,23,32,24,2,81,0,0,0,81
01/22/2012,HSV,AL,ASO,CE,Combined TRACON& Tower with Radar,20,35,20,0,75,0,0,4,0,4,20,35,24,0,79,0,0,0,79
01/23/2012,HSV,AL,ASO,CE,Combined TRACON& Tower with Radar,30,50,11,18,109,0,0,9,4,13,30,50,20,22,122,0,0,0,122
01/24/2012,HSV,AL,ASO,CE,Combined TRACON& Tower with Radar,31,43,15,46,135,0,0,37,41,78,31,43,52,87,213,32,108,140,353
01/25/2012,HSV,AL,ASO,CE,Combined TRACON& Tower with Radar,27,48,33,28,136,0,0,17,7,24,27,48,50,35,160,14,40,54,214
01/26/2012,HSV,AL,ASO,CE,Combined TRACON& Tower with Radar,33,54,10,8,105,0,0,2,0,2,33,54,12,8,107,0,0,0,107
01/27/2012,HSV,AL,ASO,CE,Combined TRACON& Tower with Radar,32,42,20,36,130,0,0,16,19,35,32,42,36,55,165,12,94,106,271
01/28/2012,HSV,AL,ASO,CE,Combined TRACON& Tower with Radar,26,31,12,7,76,0,0,19,2,21,26,31,31,9,97,4,8,12,109
01/29/2012,HSV,AL,ASO,CE,Combined TRACON& Tower with Radar,35,36,14,7,92,0,0,29,1,30,35,36,43,8,122,36,0,36,158
01/30/2012,HSV,AL,ASO,CE,Combined TRACON& Tower with Radar,39,50,11,17,117,0,0,24,4,28,39,50,35,21,145,10,82,92,237
01/31/2012,HSV,AL,ASO,CE,Combined TRACON& Tower with Radar,33,38,31,48,150,0,0,19,26,45,33,38,50,74,195,12,40,52,247
02/01/2012,HSV,AL,ASO,CE,Combined TRACON& Tower with Radar,37,44,10,6,97,0,0,0,0,0,37,44,10,6,97,0,0,0,97
02/02/2012,HSV,AL,ASO,CE,Combined TRACON& Tower with Radar,38,44,40,61,183,0,0,21,30,51,38,44,61,91,234,0,62,62,296
02/03/2012,HSV,AL,ASO,CE,Combined TRACON& Tower with Radar,34,43,13,76,166,0,0,14,51,65,34,43,27,127,231,0,154,154,385
02/04/2012,HSV,AL,ASO,CE,Combined TRACON& Tower with Radar,25,30,7,0,62,0,0,0,0,0,25,30,7,0,62,12,0,12,74
02/05/2012,HSV,AL,ASO,CE,Combined TRACON& Tower with Radar,34,36,16,0,86,0,0,6,0,6,34,36,22,0,92,32,0,32,124
02/06/2012,HSV,AL,ASO,CE,Combined TRACON& Tower with Radar,34,40,13,54,141,0,0,12,19,31,34,40,25,73,172,36,26,62,234
02/07/2012,HSV,AL,ASO,CE,Combined TRACON& Tower with Radar,33,37,13,56,139,0,0,17,20,37,33,37,30,76,176,24,52,76,252
02/08/2012,HSV,AL,ASO,CE,Combined TRACON& Tower with Radar,33,41,22,46,142,0,0,13,52,65,33,41,35,98,207,6,48,54,261
02/09/2012,HSV,AL,ASO,CE,Combined TRACON& Tower with Radar,31,46,25,47,149,0,0,21,20,41,31,46,46,67,190,10,40,50,240
02/10/2012,HSV,AL,ASO,CE,Combined TRACON& Tower with Radar,32,40,29,23,124,0,0,14,28,42,32,40,43,51,166,2,92,94,260
02/11/2012,HSV,AL,ASO,CE,Combined TRACON& Tower with Radar,24,32,6,18,80,0,0,0,1,1,24,32,6,19,81,0,14,14,95
02/12/2012,HSV,AL,ASO,CE,Combined TRACON& Tower with Radar,26,39,6,13,84,0,0,33,8,41,26,39,39,21,125,0,30,30,155
02/13/2012,HSV,AL,ASO,CE,Combined TRACON& Tower with Radar,39,43,10,54,146,0,0,20,17,37,39,43,30,71,183,0,94,94,277
02/14/2012,HSV,AL,ASO,CE,Combined TRACON& Tower with Radar,31,41,11,75,158,0,0,0,0,0,31,41,11,75,158,0,10,10,168
02/15/2012,HSV,AL,ASO,CE,Combined TRACON& Tower with Radar,32,46,24,44,146,0,0,24,17,41,32,46,48,61,187,4,16,20,207
02/16/2012,HSV,AL,ASO,CE,Combined TRACON& Tower with Radar,44,46,19,80,189,0,0,6,24,30,44,46,25,104,219,20,32,52,271
02/17/2012,HSV,AL,ASO,CE,Combined TRACON& Tower with Radar,28,49,22,53,152,0,1,22,23,46,28,50,44,76,198,6,46,52,250
02/18/2012,HSV,AL,ASO,CE,Combined TRACON& Tower with Radar,21,32,25,1,79,0,0,18,0,18,21,32,43,1,97,8,0,8,105
02/19/2012,HSV,AL,ASO,CE,Combined TRACON& Tower with Radar,22,43,6,0,71,0,0,1,2,3,22,43,7,2,74,0,0,0,74
02/20/2012,HSV,AL,ASO,CE,Combined TRACON& Tower with Radar,30,48,17,0,95,0,0,18,0,18,30,48,35,0,113,6,0,6,119
02/21/2012,HSV,AL,ASO,CE,Combined TRACON& Tower with Radar,30,45,19,17,111,0,0,3,3,6,30,45,22,20,117,12,14,26,143
02/22/2012,HSV,AL,ASO,CE,Combined TRACON& Tower with Radar,34,48,23,20,125,0,0,5,18,23,34,48,28,38,148,0,42,42,190
02/23/2012,HSV,AL,ASO,CE,Combined TRACON& Tower with Radar,33,50,21,48,152,3,0,6,31,40,36,50,27,79,192,24,106,130,322
02/24/2012,HSV,AL,ASO,CE,Combined TRACON& Tower with Radar,28,47,22,34,131,0,0,8,10,18,28,47,30,44,149,0,0,0,149
02/25/2012,HSV,AL,ASO,CE,Combined TRACON& Tower with Radar,22,28,10,2,62,0,0,24,0,24,22,28,34,2,86,18,0,18,104
02/26/2012,HSV,AL,ASO,CE,Combined TRACON& Tower with Radar,30,40,33,2,105,0,0,15,2,17,30,40,48,4,122,60,0,60,182
02/27/2012,HSV,AL,ASO,CE,Combined TRACON& Tower with Radar,32,52,30,55,169,0,0,20,27,47,32,52,50,82,216,14,70,84,300
02/28/2012,HSV,AL,ASO,CE,Combined TRACON& Tower with Radar,30,44,27,45,146,0,0,12,43,55,30,44,39,88,201,0,190,190,391
02/29/2012,HSV,AL,ASO,CE,Combined TRACON& Tower with Radar,36,60,21,21,138,0,0,0,9,9,36,60,21,30,147,0,14,14,161
03/01/2012,HSV,AL,ASO,CE,Combined TRACON& Tower with Radar,29,54,28,65,176,0,1,27,37,65,29,55,55,102,241,18,122,140,381
03/02/2012,HSV,AL,ASO,CE,Combined TRACON& Tower with Radar,29,51,8,0,88,0,0,2,0,2,29,51,10,0,90,0,0,0,90
03/03/2012,HSV,AL,ASO,CE,Combined TRACON& Tower with Radar,24,33,14,2,73,0,0,23,0,23,24,33,37,2,96,0,0,0,96
03/04/2012,HSV,AL,ASO,CE,Combined TRACON& Tower with Radar,26,44,14,2,86,0,0,15,2,17,26,44,29,4,103,0,0,0,103
03/05/2012,HSV,AL,ASO,CE,Combined TRACON& Tower with Radar,50,49,18,47,164,0,0,33,29,62,50,49,51,76,226,10,82,92,318
03/06/2012,HSV,AL,ASO,CE,Combined TRACON& Tower with Radar,28,50,28,66,172,0,0,21,27,48,28,50,49,93,220,4,74,78,298
03/07/2012,HSV,AL,ASO,CE,Combined TRACON& Tower with Radar,43,48,21,51,163,0,0,18,30,48,43,48,39,81,211,0,54,54,265
03/08/2012,HSV,AL,ASO,CE,Combined TRACON& Tower with Radar,31,55,21,32,139,0,0,14,12,26,31,55,35,44,165,8,32,40,205
03/09/2012,HSV,AL,ASO,CE,Combined TRACON& Tower with Radar,26,49,21,74,170,0,0,7,38,45,26,49,28,112,215,0,68,68,283
03/10/2012,HSV,AL,ASO,CE,Combined TRACON& Tower with Radar,21,39,29,32,121,0,0,39,10,49,21,39,68,42,170,22,16,38,208
03/11/2012,HSV,AL,ASO,CE,Combined TRACON& Tower with Radar,25,45,21,3,94,0,0,10,0,10,25,45,31,3,104,28,8,36,140
03/12/2012,HSV,AL,ASO,CE,Combined TRACON& Tower with Radar,32,50,7,9,98,0,0,0,17,17,32,50,7,26,115,0,12,12,127
03/13/2012,HSV,AL,ASO,CE,Combined TRACON& Tower with Radar,29,43,21,45,138,0,0,16,27,43,29,43,37,72,181,16,110,126,307
03/14/2012,HSV,AL,ASO,CE,Combined TRACON& Tower with Radar,28,50,17,40,135,0,0,14,30,44,28,50,31,70,179,20,162,182,361
03/15/2012,HSV,AL,ASO,CE,Combined TRACON& Tower with Radar,31,54,9,24,118,0,1,8,3,12,31,55,17,27,130,0,38,38,168
03/16/2012,HSV,AL,ASO,CE,Combined TRACON& Tower with Radar,24,57,14,19,114,0,0,13,12,25,24,57,27,31,139,0,0,0,139
03/17/2012,HSV,AL,ASO,CE,Combined TRACON& Tower with Radar,21,44,28,3,96,0,0,26,0,26,21,44,54,3,122,14,0,14,136
03/18/2012,HSV,AL,ASO,CE,Combined TRACON& Tower with Radar,26,50,15,16,107,0,0,24,2,26,26,50,39,18,133,12,22,34,167
03/19/2012,HSV,AL,ASO,CE,Combined TRACON& Tower with Radar,30,51,15,26,122,0,0,21,42,63,30,51,36,68,185,8,80,88,273
03/20/2012,HSV,AL,ASO,CE,Combined TRACON& Tower with Radar,28,45,25,61,159,0,0,22,47,69,28,45,47,108,228,10,170,180,408
03/21/2012,HSV,AL,ASO,CE,Combined TRACON& Tower with Radar,32,49,17,53,151,0,0,11,18,29,32,49,28,71,180,40,82,122,302
03/22/2012,HSV,AL,ASO,CE,Combined TRACON& Tower with Radar,32,50,21,4,107,0,0,7,6,13,32,50,28,10,120,24,0,24,144
03/23/2012,HSV,AL,ASO,CE,Combined TRACON& Tower with Radar,29,52,18,28,127,0,0,9,6,15,29,52,27,34,142,10,32,42,184
03/24/2012,HSV,AL,ASO,CE,Combined TRACON& Tower with Radar,22,40,16,2,80,0,0,12,0,12,22,40,28,2,92,18,0,18,110
03/25/2012,HSV,AL,ASO,CE,Combined TRACON& Tower with Radar,20,50,30,5,105,0,0,38,2,40,20,50,68,7,145,20,0,20,165
03/26/2012,HSV,AL,ASO,CE,Combined TRACON& Tower with Radar,30,58,24,38,150,0,0,10,2,12,30,58,34,40,162,4,28,32,194
03/27/2012,HSV,AL,ASO,CE,Combined TRACON& Tower with Radar,28,53,28,42,151,0,0,29,7,36,28,53,57,49,187,17,15,32,219
03/28/2012,HSV,AL,ASO,CE,Combined TRACON& Tower with Radar,26,52,30,30,138,0,0,21,6,27,26,52,51,36,165,46,68,114,279
03/29/2012,HSV,AL,ASO,CE,Combined TRACON& Tower with Radar,30,59,34,36,159,0,0,29,11,40,30,59,63,47,199,44,56,100,299
03/30/2012,HSV,AL,ASO,CE,Combined TRACON& Tower with Radar,25,58,18,0,101,0,0,1,1,2,25,58,19,1,103,0,0,0,103
03/31/2012,HSV,AL,ASO,CE,Combined TRACON& Tower with Radar,22,38,10,14,84,0,0,3,3,6,22,38,13,17,90,0,0,0,90
04/01/2012,HSV,AL,ASO,CE,Combined TRACON& Tower with Radar,23,47,25,8,103,0,0,38,0,38,23,47,63,8,141,18,8,26,167
04/02/2012,HSV,AL,ASO,CE,Combined TRACON& Tower with Radar,25,56,19,22,122,0,0,15,5,20,25,56,34,27,142,14,34,48,190
04/03/2012,HSV,AL,ASO,CE,Combined TRACON& Tower with Radar,30,51,14,39,134,0,0,13,16,29,30,51,27,55,163,2,132,134,297
04/04/2012,HSV,AL,ASO,CE,Combined TRACON& Tower with Radar,22,48,27,56,153,0,0,4,14,18,22,48,31,70,171,10,110,120,291
04/05/2012,HSV,AL,ASO,CE,Combined TRACON& Tower with Radar,23,57,13,27,120,0,0,4,1,5,23,57,17,28,125,4,10,14,139
04/06/2012,HSV,AL,ASO,CE,Combined TRACON& Tower with Radar,21,56,20,33,130,0,0,20,19,39,21,56,40,52,169,16,38,54,223
04/07/2012,HSV,AL,ASO,CE,Combined TRACON& Tower with Radar,15,43,24,2,84,0,0,23,0,23,15,43,47,2,107,56,0,56,163
04/08/2012,HSV,AL,ASO,CE,Combined TRACON& Tower with Radar,16,46,14,0,76,0,0,17,0,17,16,46,31,0,93,0,0,0,93
04/09/2012,HSV,AL,ASO,CE,Combined TRACON& Tower with Radar,27,57,27,29,140,0,0,19,4,23,27,57,46,33,163,6,112,118,281
04/10/2012,HSV,AL,ASO,CE,Combined TRACON& Tower with Radar,32,43,21,46,142,0,0,27,17,44,32,43,48,63,186,30,60,90,276
04/11/2012,HSV,AL,ASO,CE,Combined TRACON& Tower with Radar,37,46,31,40,154,0,0,5,13,18,37,46,36,53,172,8,118,126,298
04/12/2012,HSV,AL,ASO,CE,Combined TRACON& Tower with Radar,33,49,21,28,131,0,0,23,3,26,33,49,44,31,157,12,34,46,203
04/13/2012,HSV,AL,ASO,CE,Combined TRACON& Tower with Radar,29,50,26,51,156,0,0,28,11,39,29,50,54,62,195,20,46,66,261
04/14/2012,HSV,AL,ASO,CE,Combined TRACON& Tower with Radar,26,29,11,16,82,0,0,25,2,27,26,29,36,18,109,22,8,30,139
04/15/2012,HSV,AL,ASO,CE,Combined TRACON& Tower with Radar,28,38,10,36,112,0,0,14,4,18,28,38,24,40,130,18,10,28,158
04/16/2012,HSV,AL,ASO,CE,Combined TRACON& Tower with Radar,35,50,27,30,142,0,0,4,33,37,35,50,31,63,179,0,60,60,239
04/17/2012,HSV,AL,ASO,CE,Combined TRACON& Tower with Radar,33,46,12,27,118,0,0,0,1,1,33,46,12,28,119,0,20,20,139
04/18/2012,HSV,AL,ASO,CE,Combined TRACON& Tower with Radar,31,50,33,59,173,0,0,17,21,38,31,50,50,80,211,6,94,100,311
04/19/2012,HSV,AL,ASO,CE,Combined TRACON& Tower with Radar,33,56,45,67,201,0,0,28,25,53,33,56,73,92,254,26,146,172,426
04/20/2012,HSV,AL,ASO,CE,Combined TRACON& Tower with Radar,29,54,31,15,129,0,0,6,4,10,29,54,37,19,139,40,4,44,183
04/21/2012,HSV,AL,ASO,CE,Combined TRACON& Tower with Radar,31,28,17,0,76,0,0,6,0,6,31,28,23,0,82,0,0,0,82
04/22/2012,HSV,AL,ASO,CE,Combined TRACON& Tower with Radar,31,42,16,2,91,0,0,11,4,15,31,42,27,6,106,0,0,0,106
04/23/2012,HSV,AL,ASO,CE,Combined TRACON& Tower with Radar,34,55,23,9,121,0,0,26,1,27,34,55,49,10,148,0,28,28,176
04/24/2012,HSV,AL,ASO,CE,Combined TRACON& Tower with Radar,29,48,25,48,150,0,0,24,13,37,29,48,49,61,187,12,90,102,289
04/25/2012,HSV,AL,ASO,CE,Combined TRACON& Tower with Radar,30,52,39,27,148,0,0,14,10,24,30,52,53,37,172,4,66,70,242
04/26/2012,HSV,AL,ASO,CE,Combined TRACON& Tower with Radar,29,59,27,10,125,0,0,8,2,10,29,59,35,12,135,14,22,36,171
04/27/2012,HSV,AL,ASO,CE,Combined TRACON& Tower with Radar,27,55,25,40,147,0,0,11,0,11,27,55,36,40,158,14,24,38,196
04/28/2012,HSV,AL,ASO,CE,Combined TRACON& Tower with Radar,25,30,7,0,62,0,0,22,0,22,25,30,29,0,84,0,0,0,84
04/29/2012,HSV,AL,ASO,CE,Combined TRACON& Tower with Radar,28,43,17,13,101,0,0,31,1,32,28,43,48,14,133,14,0,14,147
04/30/2012,HSV,AL,ASO,CE,Combined TRACON& Tower with Radar,36,53,19,14,122,0,0,19,6,25,36,53,38,20,147,1,75,76,223
05/01/2012,HSV,AL,ASO,CE,Combined TRACON& Tower with Radar,34,51,22,36,143,0,0,20,14,34,34,51,42,50,177,4,135,139,316
05/02/2012,HSV,AL,ASO,CE,Combined TRACON& Tower with Radar,41,52,39,26,158,0,0,17,17,34,41,52,56,43,192,4,124,128,320
05/03/2012,HSV,AL,ASO,CE,Combined TRACON& Tower with Radar,33,51,26,35,145,0,0,4,3,7,33,51,30,38,152,0,46,46,198
05/04/2012,HSV,AL,ASO,CE,Combined TRACON& Tower with Radar,31,54,30,35,150,0,0,19,2,21,31,54,49,37,171,8,34,42,213
05/05/2012,HSV,AL,ASO,CE,Combined TRACON& Tower with Radar,24,30,7,10,71,0,0,19,1,20,24,30,26,11,91,24,0,24,115
05/06/2012,HSV,AL,ASO,CE,Combined TRACON& Tower with Radar,27,38,16,0,81,0,0,19,0,19,27,38,35,0,100,6,0,6,106
05/07/2012,HSV,AL,ASO,CE,Combined TRACON& Tower with Radar,35,48,17,76,176,0,0,12,2,14,35,48,29,78,190,0,72,72,262
05/08/2012,HSV,AL,ASO,CE,Combined TRACON& Tower with Radar,32,44,14,45,135,0,0,6,9,15,32,44,20,54,150,6,26,32,182
05/09/2012,HSV,AL,ASO,CE,Combined TRACON& Tower with Radar,37,49,26,56,168,0,0,12,20,32,37,49,38,76,200,10,78,88,288
05/10/2012,HSV,AL,ASO,CE,Combined TRACON& Tower with Radar,31,51,29,34,145,0,0,25,34,59,31,51,54,68,204,4,102,106,310
05/11/2012,HSV,AL,ASO,CE,Combined TRACON& Tower with Radar,34,55,23,32,144,0,0,26,26,52,34,55,49,58,196,0,124,124,320
05/12/2012,HSV,AL,ASO,CE,Combined TRACON& Tower with Radar,19,37,18,4,78,0,0,17,0,17,19,37,35,4,95,0,0,0,95
05/13/2012,HSV,AL,ASO,CE,Combined TRACON& Tower with Radar,26,41,15,0,82,0,0,0,0,0,26,41,15,0,82,0,0,0,82
05/14/2012,HSV,AL,ASO,CE,Combined TRACON& Tower with Radar,35,48,9,15,107,0,0,0,0,0,35,48,9,15,107,0,0,0,107
05/15/2012,HSV,AL,ASO,CE,Combined TRACON& Tower with Radar,31,48,25,20,124,0,0,11,2,13,31,48,36,22,137,0,14,14,151
05/16/2012,HSV,AL,ASO,CE,Combined TRACON& Tower with Radar,37,48,27,40,152,0,0,28,13,41,37,48,55,53,193,10,70,80,273
05/17/2012,HSV,AL,ASO,CE,Combined TRACON& Tower with Radar,32,57,21,12,122,0,3,19,9,31,32,60,40,21,153,2,28,30,183
05/18/2012,HSV,AL,ASO,CE,Combined TRACON& Tower with Radar,32,50,19,22,123,0,0,33,8,41,32,50,52,30,164,22,24,46,210
05/19/2012,HSV,AL,ASO,CE,Combined TRACON& Tower with Radar,24,33,22,15,94,0,0,36,10,46,24,33,58,25,140,10,10,20,160
05/20/2012,HSV,AL,ASO,CE,Combined TRACON& Tower with Radar,32,46,28,16,122,0,0,26,3,29,32,46,54,19,151,2,6,8,159
05/21/2012,HSV,AL,ASO,CE,Combined TRACON& Tower with Radar,36,52,18,21,127,0,0,5,8,13,36,52,23,29,140,4,44,48,188
05/22/2012,HSV,AL,ASO,CE,Combined TRACON& Tower with Radar,40,42,25,42,149,0,0,3,6,9,40,42,28,48,158,26,34,60,218
05/23/2012,HSV,AL,ASO,CE,Combined TRACON& Tower with Radar,31,43,27,28,129,0,0,13,4,17,31,43,40,32,146,8,56,64,210
05/24/2012,HSV,AL,ASO,CE,Combined TRACON& Tower with Radar,29,57,33,36,155,0,0,16,6,22,29,57,49,42,177,20,104,124,301
05/25/2012,HSV,AL,ASO,CE,Combined TRACON& Tower with Radar,31,52,28,31,142,0,0,28,7,35,31,52,56,38,177,23,0,23,200
05/26/2012,HSV,AL,ASO,CE,Combined TRACON& Tower with Radar,23,32,21,2,78,0,0,42,0,42,23,32,63,2,120,6,0,6,126
05/27/2012,HSV,AL,ASO,CE,Combined TRACON& Tower with Radar,24,32,6,4,66,0,2,11,2,15,24,34,17,6,81,20,0,20,101
05/28/2012,HSV,AL,ASO,CE,Combined TRACON& Tower with Radar,31,43,12,0,86,0,0,21,0,21,31,43,33,0,107,24,0,24,131
05/29/2012,HSV,AL,ASO,CE,Combined TRACON& Tower with Radar,33,55,26,7,121,0,0,6,1,7,33,55,32,8,128,8,12,20,148
05/30/2012,HSV,AL,ASO,CE,Combined TRACON& Tower with Radar,34,47,30,51,162,0,0,12,15,27,34,47,42,66,189,18,122,140,329
05/31/2012,HSV,AL,ASO,CE,Combined TRACON& Tower with Radar,33,49,11,16,109,0,0,12,6,18,33,49,23,22,127,24,34,58,185
06/01/2012,HSV,AL,ASO,CE,Combined TRACON& Tower with Radar,29,54,17,39,139,0,0,5,9,14,29,54,22,48,153,0,72,72,225
06/02/2012,HSV,AL,ASO,CE,Combined TRACON& Tower with Radar,24,30,15,2,71,0,0,26,0,26,24,30,41,2,97,2,0,2,99
06/03/2012,HSV,AL,ASO,CE,Combined TRACON& Tower with Radar,32,43,22,1,98,0,0,15,0,15,32,43,37,1,113,10,0,10,123
06/04/2012,HSV,AL,ASO,CE,Combined TRACON& Tower with Radar,35,58,9,13,115,0,0,1,1,2,35,58,10,14,117,8,0,8,125
06/05/2012,HSV,AL,ASO,CE,Combined TRACON& Tower with Radar,37,48,18,34,137,0,0,16,4,20,37,48,34,38,157,0,26,26,183
06/06/2012,HSV,AL,ASO,CE,Combined TRACON& Tower with Radar,33,47,42,58,180,0,0,8,19,27,33,47,50,77,207,2,88,90,297
06/07/2012,HSV,AL,ASO,CE,Combined TRACON& Tower with Radar,35,60,22,47,164,0,1,22,23,46,35,61,44,70,210,12,103,115,325
06/08/2012,HSV,AL,ASO,CE,Combined TRACON& Tower with Radar,27,59,26,29,141,0,0,33,23,56,27,59,59,52,197,12,90,102,299
06/09/2012,HSV,AL,ASO,CE,Combined TRACON& Tower with Radar,23,37,12,4,76,0,0,27,0,27,23,37,39,4,103,10,0,10,113
06/10/2012,HSV,AL,ASO,CE,Combined TRACON& Tower with Radar,28,45,17,18,108,0,0,4,0,4,28,45,21,18,112,0,0,0,112
06/11/2012,HSV,AL,ASO,CE,Combined TRACON& Tower with Radar,29,57,12,21,119,0,0,1,6,7,29,57,13,27,126,0,44,44,170
06/12/2012,HSV,AL,ASO,CE,Combined TRACON& Tower with Radar,26,53,20,30,129,0,0,5,3,8,26,53,25,33,137,0,34,34,171
06/13/2012,HSV,AL,ASO,CE,Combined TRACON& Tower with Radar,58,59,19,31,167,0,0,12,10,22,58,59,31,41,189,0,70,70,259
06/14/2012,HSV,AL,ASO,CE,Combined TRACON& Tower with Radar,35,55,26,18,134,0,0,25,4,29,35,55,51,22,163,32,36,68,231
06/15/2012,HSV,AL,ASO,CE,Combined TRACON& Tower with Radar,31,53,30,21,135,0,2,28,16,46,31,55,58,37,181,0,0,0,181
06/16/2012,HSV,AL,ASO,CE,Combined TRACON& Tower with Radar,25,32,13,4,74,0,0,59,0,59,25,32,72,4,133,20,0,20,153
06/17/2012,HSV,AL,ASO,CE,Combined TRACON& Tower with Radar,32,39,21,1,93,0,0,32,0,32,32,39,53,1,125,6,0,6,131
06/18/2012,HSV,AL,ASO,CE,Combined TRACON& Tower with Radar,35,51,13,42,141,0,0,19,9,28,35,51,32,51,169,4,60,64,233
06/19/2012,HSV,AL,ASO,CE,Combined TRACON& Tower with Radar,35,50,27,36,148,0,0,20,7,27,35,50,47,43,175,16,56,72,247
06/20/2012,HSV,AL,ASO,CE,Combined TRACON& Tower with Radar,33,53,22,52,160,0,0,16,20,36,33,53,38,72,196,6,114,120,316
06/21/2012,HSV,AL,ASO,CE,Combined TRACON& Tower with Radar,33,55,29,27,144,0,0,33,21,54,33,55,62,48,198,18,102,120,318
06/22/2012,HSV,AL,ASO,CE,Combined TRACON& Tower with Radar,31,50,17,32,130,0,0,32,5,37,31,50,49,37,167,0,0,0,167
06/23/2012,HSV,AL,ASO,CE,Combined TRACON& Tower with Radar,29,33,16,3,81,0,0,31,1,32,29,33,47,4,113,36,4,40,153
06/24/2012,HSV,AL,ASO,CE,Combined TRACON& Tower with Radar,29,44,3,1,77,0,0,11,1,12,29,44,14,2,89,0,8,8,97
06/25/2012,HSV,AL,ASO,CE,Combined TRACON& Tower with Radar,35,55,24,76,190,0,2,17,4,23,35,57,41,80,213,9,118,127,340
06/26/2012,HSV,AL,ASO,CE,Combined TRACON& Tower with Radar,31,50,21,37,139,0,0,21,7,28,31,50,42,44,167,0,0,0,167
06/27/2012,HSV,AL,ASO,CE,Combined TRACON& Tower with Radar,37,59,11,23,130,0,0,18,5,23,37,59,29,28,153,10,72,82,235
06/28/2012,HSV,AL,ASO,CE,Combined TRACON& Tower with Radar,31,54,27,29,141,0,0,24,7,31,31,54,51,36,172,0,48,48,220
06/29/2012,HSV,AL,ASO,CE,Combined TRACON& Tower with Radar,31,49,18,16,114,0,0,17,13,30,31,49,35,29,144,4,68,72,216
06/30/2012,HSV,AL,ASO,CE,Combined TRACON& Tower with Radar,31,32,15,0,78,0,0,12,0,12,31,32,27,0,90,2,0,2,92
07/01/2012,HSV,AL,ASO,CE,Combined TRACON& Tower with Radar,28,39,19,1,87,0,0,13,1,14,28,39,32,2,101,12,0,12,113
07/02/2012,HSV,AL,ASO,CE,Combined TRACON& Tower with Radar,34,39,9,10,92,0,0,11,9,20,34,39,20,19,112,2,58,60,172
07/03/2012,HSV,AL,ASO,CE,Combined TRACON& Tower with Radar,43,40,15,31,129,0,0,12,8,20,43,40,27,39,149,12,39,51,200
07/04/2012,HSV,AL,ASO,CE,Combined TRACON& Tower with Radar,28,26,4,0,58,0,0,11,0,11,28,26,15,0,69,0,0,0,69
07/05/2012,HSV,AL,ASO,CE,Combined TRACON& Tower with Radar,31,37,19,31,118,0,0,10,1,11,31,37,29,32,129,6,0,6,135
07/06/2012,HSV,AL,ASO,CE,Combined TRACON& Tower with Radar,31,42,28,11,112,0,0,10,4,14,31,42,38,15,126,2,40,42,168
07/07/2012,HSV,AL,ASO,CE,Combined TRACON& Tower with Radar,22,34,7,6,69,0,0,24,2,26,22,34,31,8,95,30,0,30,125
07/08/2012,HSV,AL,ASO,CE,Combined TRACON& Tower with Radar,31,41,13,8,93,0,0,9,0,9,31,41,22,8,102,2,0,2,104
07/09/2012,HSV,AL,ASO,CE,Combined TRACON& Tower with Radar,38,57,7,12,114,0,0,10,13,23,38,57,17,25,137,0,0,0,137
07/10/2012,HSV,AL,ASO,CE,Combined TRACON& Tower with Radar,31,58,16,27,132,0,0,4,15,19,31,58,20,42,151,0,101,101,252
07/11/2012,HSV,AL,ASO,CE,Combined TRACON& Tower with Radar,31,55,26,14,126,0,0,1,3,4,31,55,27,17,130,0,0,0,130
07/12/2012,HSV,AL,ASO,CE,Combined TRACON& Tower with Radar,32,55,24,6,117,0,0,2,0,2,32,55,26,6,119,0,0,0,119
07/13/2012,HSV,AL,ASO,CE,Combined TRACON& Tower with Radar,42,55,25,29,151,0,0,7,11,18,42,55,32,40,169,0,28,28,197
07/14/2012,HSV,AL,ASO,CE,Combined TRACON& Tower with Radar,22,32,13,23,90,0,0,18,1,19,22,32,31,24,109,0,6,6,115
07/15/2012,HSV,AL,ASO,CE,Combined TRACON& Tower with Radar,30,49,14,17,110,0,0,18,4,22,30,49,32,21,132,12,0,12,144
07/16/2012,HSV,AL,ASO,CE,Combined TRACON& Tower with Radar,31,53,21,26,131,0,0,11,7,18,31,53,32,33,149,0,46,46,195
07/17/2012,HSV,AL,ASO,CE,Combined TRACON& Tower with Radar,30,53,32,55,170,0,0,12,12,24,30,53,44,67,194,0,32,32,226
07/18/2012,HSV,AL,ASO,CE,Combined TRACON& Tower with Radar,29,49,15,7,100,0,0,6,1,7,29,49,21,8,107,2,0,2,109
07/19/2012,HSV,AL,ASO,CE,Combined TRACON& Tower with Radar,28,55,23,27,133,0,0,7,10,17,28,55,30,37,150,20,6,26,176
07/20/2012,HSV,AL,ASO,CE,Combined TRACON& Tower with Radar,26,57,26,27,136,0,0,10,5,15,26,57,36,32,151,2,2,4,155
07/21/2012,HSV,AL,ASO,CE,Combined TRACON& Tower with Radar,22,31,18,9,80,0,0,4,2,6,22,31,22,11,86,0,7,7,93
07/22/2012,HSV,AL,ASO,CE,Combined TRACON& Tower with Radar,26,42,28,10,106,0,0,12,6,18,26,42,40,16,124,6,0,6,130
07/23/2012,HSV,AL,ASO,CE,Combined TRACON& Tower with Radar,40,52,14,15,121,0,0,20,19,39,40,52,34,34,160,0,60,60,220
07/24/2012,HSV,AL,ASO,CE,Combined TRACON& Tower with Radar,30,51,29,11,121,0,0,23,6,29,30,51,52,17,150,12,0,12,162
07/25/2012,HSV,AL,ASO,CE,Combined TRACON& Tower with Radar,32,57,16,43,148,0,0,17,12,29,32,57,33,55,177,26,96,122,299
07/26/2012,HSV,AL,ASO,CE,Combined TRACON& Tower with Radar,32,58,27,38,155,0,0,20,22,42,32,58,47,60,197,15,170,185,382
07/27/2012,HSV,AL,ASO,CE,Combined TRACON& Tower with Radar,34,57,11,51,153,0,0,9,7,16,34,57,20,58,169,0,18,18,187
07/28/2012,HSV,AL,ASO,CE,Combined TRACON& Tower with Radar,22,29,13,18,82,0,0,12,1,13,22,29,25,19,95,8,16,24,119
07/29/2012,HSV,AL,ASO,CE,Combined TRACON& Tower with Radar,28,47,19,22,116,0,0,18,7,25,28,47,37,29,141,4,10,14,155
07/30/2012,HSV,AL,ASO,CE,Combined TRACON& Tower with Radar,33,53,29,7,122,0,0,9,2,11,33,53,38,9,133,0,0,0,133
07/31/2012,HSV,AL,ASO,CE,Combined TRACON& Tower with Radar,30,54,16,25,125,0,0,2,8,10,30,54,18,33,135,2,58,60,195
08/01/2012,HSV,AL,ASO,CE,Combined TRACON& Tower with Radar,29,59,18,20,126,0,0,11,9,20,29,59,29,29,146,6,100,106,252
08/02/2012,HSV,AL,ASO,CE,Combined TRACON& Tower with Radar,29,55,30,29,143,0,0,13,7,20,29,55,43,36,163,0,60,60,223
08/03/2012,HSV,AL,ASO,CE,Combined TRACON& Tower with Radar,27,50,14,5,96,0,0,10,0,10,27,50,24,5,106,14,2,16,122
08/04/2012,HSV,AL,ASO,CE,Combined TRACON& Tower with Radar,24,34,5,7,70,0,0,22,4,26,24,34,27,11,96,18,10,28,124
08/05/2012,HSV,AL,ASO,CE,Combined TRACON& Tower with Radar,26,45,13,10,94,0,0,9,2,11,26,45,22,12,105,0,0,0,105
08/06/2012,HSV,AL,ASO,CE,Combined TRACON& Tower with Radar,30,48,33,37,148,0,0,9,2,11,30,48,42,39,159,0,34,34,193
08/07/2012,HSV,AL,ASO,CE,Combined TRACON& Tower with Radar,30,58,23,24,135,0,0,4,1,5,30,58,27,25,140,6,20,26,166
08/08/2012,HSV,AL,ASO,CE,Combined TRACON& Tower with Radar,31,57,30,51,169,0,0,10,4,14,31,57,40,55,183,2,52,54,237
08/09/2012,HSV,AL,ASO,CE,Combined TRACON& Tower with Radar,30,48,26,16,120,0,0,3,1,4,30,48,29,17,124,0,14,14,138
08/10/2012,HSV,AL,ASO,CE,Combined TRACON& Tower with Radar,29,50,24,39,142,0,0,3,8,11,29,50,27,47,153,0,24,24,177
08/11/2012,HSV,AL,ASO,CE,Combined TRACON& Tower with Radar,23,31,12,6,72,0,0,33,3,36,23,31,45,9,108,8,10,18,126
08/12/2012,HSV,AL,ASO,CE,Combined TRACON& Tower with Radar,21,47,19,10,97,0,0,15,2,17,21,47,34,12,114,0,0,0,114
08/13/2012,HSV,AL,ASO,CE,Combined TRACON& Tower with Radar,31,54,12,8,105,0,0,11,2,13,31,54,23,10,118,0,0,0,118
08/14/2012,HSV,AL,ASO,CE,Combined TRACON& Tower with Radar,27,53,19,24,123,0,0,6,13,19,27,53,25,37,142,0,54,54,196
08/15/2012,HSV,AL,ASO,CE,Combined TRACON& Tower with Radar,32,54,16,23,125,0,0,7,23,30,32,54,23,46,155,8,128,136,291
08/16/2012,HSV,AL,ASO,CE,Combined TRACON& Tower with Radar,27,50,18,11,106,0,0,12,7,19,27,50,30,18,125,2,28,30,155
08/17/2012,HSV,AL,ASO,CE,Combined TRACON& Tower with Radar,24,51,11,30,116,0,0,13,9,22,24,51,24,39,138,0,40,40,178
08/18/2012,HSV,AL,ASO,CE,Combined TRACON& Tower with Radar,19,23,12,12,66,0,0,9,0,9,19,23,21,12,75,12,0,12,87
08/19/2012,HSV,AL,ASO,CE,Combined TRACON& Tower with Radar,22,38,22,13,95,0,0,13,1,14,22,38,35,14,109,0,0,0,109
08/20/2012,HSV,AL,ASO,CE,Combined TRACON& Tower with Radar,29,57,12,15,113,0,0,15,19,34,29,57,27,34,147,8,86,94,241
08/21/2012,HSV,AL,ASO,CE,Combined TRACON& Tower with Radar,25,42,22,34,123,0,0,16,6,22,25,42,38,40,145,8,74,82,227
08/22/2012,HSV,AL,ASO,CE,Combined TRACON& Tower with Radar,34,53,13,36,136,0,0,22,19,41,34,53,35,55,177,4,60,64,241
08/23/2012,HSV,AL,ASO,CE,Combined TRACON& Tower with Radar,31,52,21,34,138,0,0,29,15,44,31,52,50,49,182,12,70,82,264
08/24/2012,HSV,AL,ASO,CE,Combined TRACON& Tower with Radar,24,47,28,41,140,0,2,29,10,41,24,49,57,51,181,59,74,133,314
08/25/2012,HSV,AL,ASO,CE,Combined TRACON& Tower with Radar,19,27,11,2,59,0,0,18,0,18,19,27,29,2,77,8,0,8,85
08/26/2012,HSV,AL,ASO,CE,Combined TRACON& Tower with Radar,22,46,16,28,112,0,0,18,1,19,22,46,34,29,131,8,0,8,139
08/27/2012,HSV,AL,ASO,CE,Combined TRACON& Tower with Radar,31,44,10,31,116,0,0,7,24,31,31,44,17,55,147,0,0,0,147
08/28/2012,HSV,AL,ASO,CE,Combined TRACON& Tower with Radar,24,48,12,31,115,0,0,5,11,16,24,48,17,42,131,2,98,100,231
08/29/2012,HSV,AL,ASO,CE,Combined TRACON& Tower with Radar,26,51,12,58,147,0,0,7,22,29,26,51,19,80,176,4,120,124,300
08/30/2012,HSV,AL,ASO,CE,Combined TRACON& Tower with Radar,25,52,9,18,104,0,0,4,4,8,25,52,13,22,112,4,0,4,116
08/31/2012,HSV,AL,ASO,CE,Combined TRACON& Tower with Radar,21,53,21,27,122,0,0,8,11,19,21,53,29,38,141,0,28,28,169
09/01/2012,HSV,AL,ASO,CE,Combined TRACON& Tower with Radar,16,26,12,0,54,0,0,11,0,11,16,26,23,0,65,18,0,18,83
09/02/2012,HSV,AL,ASO,CE,Combined TRACON& Tower with Radar,17,24,9,0,50,0,0,0,0,0,17,24,9,0,50,0,0,0,50
09/03/2012,HSV,AL,ASO,CE,Combined TRACON& Tower with Radar,27,36,16,0,79,0,0,2,0,2,27,36,18,0,81,0,0,0,81
09/04/2012,HSV,AL,ASO,CE,Combined TRACON& Tower with Radar,24,54,26,22,126,0,0,6,12,18,24,54,32,34,144,6,46,52,196
09/05/2012,HSV,AL,ASO,CE,Combined TRACON& Tower with Radar,29,54,20,32,135,0,0,8,4,12,29,54,28,36,147,10,36,46,193
09/06/2012,HSV,AL,ASO,CE,Combined TRACON& Tower with Radar,28,51,24,59,162,0,0,11,16,27,28,51,35,75,189,12,102,114,303
09/07/2012,HSV,AL,ASO,CE,Combined TRACON& Tower with Radar,24,46,11,25,106,0,2,15,8,25,24,48,26,33,131,6,59,65,196
09/08/2012,HSV,AL,ASO,CE,Combined TRACON& Tower with Radar,19,31,24,32,106,0,0,4,0,4,19,31,28,32,110,2,0,2,112
09/09/2012,HSV,AL,ASO,CE,Combined TRACON& Tower with Radar,21,44,20,35,120,0,0,28,11,39,21,44,48,46,159,14,38,52,211
09/10/2012,HSV,AL,ASO,CE,Combined TRACON& Tower with Radar,30,51,15,29,125,0,0,20,5,25,30,51,35,34,150,0,0,0,150
09/11/2012,HSV,AL,ASO,CE,Combined TRACON& Tower with Radar,28,45,30,62,165,0,0,9,10,19,28,45,39,72,184,4,66,70,254
09/12/2012,HSV,AL,ASO,CE,Combined TRACON& Tower with Radar,29,52,24,52,157,0,0,18,7,25,29,52,42,59,182,12,40,52,234
09/13/2012,HSV,AL,ASO,CE,Combined TRACON& Tower with Radar,29,47,22,50,148,0,0,22,4,26,29,47,44,54,174,14,4,18,192
09/14/2012,HSV,AL,ASO,CE,Combined TRACON& Tower with Radar,28,49,27,30,134,0,0,26,9,35,28,49,53,39,169,4,76,80,249
09/15/2012,HSV,AL,ASO,CE,Combined TRACON& Tower with Radar,23,28,18,0,69,0,1,34,0,35,23,29,52,0,104,6,0,6,110
09/16/2012,HSV,AL,ASO,CE,Combined TRACON& Tower with Radar,26,44,23,18,111,0,0,28,4,32,26,44,51,22,143,18,0,18,161
09/17/2012,HSV,AL,ASO,CE,Combined TRACON& Tower with Radar,29,48,20,25,122,0,0,4,0,4,29,48,24,25,126,0,12,12,138
09/18/2012,HSV,AL,ASO,CE,Combined TRACON& Tower with Radar,30,41,18,23,112,0,0,1,10,11,30,41,19,33,123,0,68,68,191
09/19/2012,HSV,AL,ASO,CE,Combined TRACON& Tower with Radar,28,46,25,37,136,0,1,32,10,43,28,47,57,47,179,6,40,46,225
09/20/2012,HSV,AL,ASO,CE,Combined TRACON& Tower with Radar,28,47,20,59,154,0,0,24,17,41,28,47,44,76,195,2,124,126,321
09/21/2012,HSV,AL,ASO,CE,Combined TRACON& Tower with Radar,28,45,28,31,132,0,2,22,2,26,28,47,50,33,158,14,24,38,196
09/22/2012,HSV,AL,ASO,CE,Combined TRACON& Tower with Radar,18,26,14,0,58,0,0,37,0,37,18,26,51,0,95,14,0,14,109
09/23/2012,HSV,AL,ASO,CE,Combined TRACON& Tower with Radar,23,43,8,27,101,0,0,30,0,30,23,43,38,27,131,0,6,6,137
09/24/2012,HSV,AL,ASO,CE,Combined TRACON& Tower with Radar,29,51,15,19,114,0,0,16,2,18,29,51,31,21,132,0,0,0,132
09/25/2012,HSV,AL,ASO,CE,Combined TRACON& Tower with Radar,27,45,9,42,123,0,0,13,10,23,27,45,22,52,146,6,172,178,324
09/26/2012,HSV,AL,ASO,CE,Combined TRACON& Tower with Radar,26,45,29,31,131,0,0,20,7,27,26,45,49,38,158,24,24,48,206
09/27/2012,HSV,AL,ASO,CE,Combined TRACON& Tower with Radar,29,46,31,31,137,0,0,24,10,34,29,46,55,41,171,8,52,60,231
09/28/2012,HSV,AL,ASO,CE,Combined TRACON& Tower with Radar,24,51,24,36,135,0,0,24,2,26,24,51,48,38,161,0,10,10,171
09/29/2012,HSV,AL,ASO,CE,Combined TRACON& Tower with Radar,18,26,19,6,69,0,0,13,0,13,18,26,32,6,82,0,0,0,82
09/30/2012,HSV,AL,ASO,CE,Combined TRACON& Tower with Radar,22,43,15,6,86,0,0,3,0,3,22,43,18,6,89,0,12,12,101
10/01/2012,HSV,AL,ASO,CE,Combined TRACON& Tower with Radar,30,41,8,2,81,0,0,1,0,1,30,41,9,2,82,0,0,0,82
10/02/2012,HSV,AL,ASO,CE,Combined TRACON& Tower with Radar,28,43,17,35,123,0,1,1,2,4,28,44,18,37,127,0,0,0,127
10/03/2012,HSV,AL,ASO,CE,Combined TRACON& Tower with Radar,31,44,40,73,188,0,0,11,4,15,31,44,51,77,203,2,56,58,261
10/04/2012,HSV,AL,ASO,CE,Combined TRACON& Tower with Radar,31,38,27,55,151,0,0,21,17,38,31,38,48,72,189,6,80,86,275
10/05/2012,HSV,AL,ASO,CE,Combined TRACON& Tower with Radar,30,44,19,33,126,0,0,14,20,34,30,44,33,53,160,8,146,154,314
10/06/2012,HSV,AL,ASO,CE,Combined TRACON& Tower with Radar,21,23,24,1,69,0,0,3,0,3,21,23,27,1,72,4,0,4,76
10/07/2012,HSV,AL,ASO,CE,Combined TRACON& Tower with Radar,22,41,20,4,87,0,0,13,0,13,22,41,33,4,100,0,0,0,100
10/08/2012,HSV,AL,ASO,CE,Combined TRACON& Tower with Radar,33,36,15,0,84,0,0,8,0,8,33,36,23,0,92,0,0,0,92
10/09/2012,HSV,AL,ASO,CE,Combined TRACON& Tower with Radar,29,36,36,27,128,0,0,19,6,25,29,36,55,33,153,28,42,70,223
10/10/2012,HSV,AL,ASO,CE,Combined TRACON& Tower with Radar,32,40,28,57,157,0,1,18,12,31,32,41,46,69,188,2,96,98,286
10/11/2012,HSV,AL,ASO,CE,Combined TRACON& Tower with Radar,32,39,32,38,141,0,0,25,10,35,32,39,57,48,176,18,76,94,270
10/12/2012,HSV,AL,ASO,CE,Combined TRACON& Tower with Radar,31,38,23,0,92,0,0,3,1,4,31,38,26,1,96,0,0,0,96
10/13/2012,HSV,AL,ASO,CE,Combined TRACON& Tower with Radar,21,23,15,14,73,0,0,16,0,16,21,23,31,14,89,0,0,0,89
10/14/2012,HSV,AL,ASO,CE,Combined TRACON& Tower with Radar,24,40,9,4,77,0,0,4,0,4,24,40,13,4,81,0,4,4,85
10/15/2012,HSV,AL,ASO,CE,Combined TRACON& Tower with Radar,36,40,15,33,124,0,0,24,2,26,36,40,39,35,150,10,38,48,198
10/16/2012,HSV,AL,ASO,CE,Combined TRACON& Tower with Radar,29,39,15,41,124,0,0,15,5,20,29,39,30,46,144,34,26,60,204
10/17/2012,HSV,AL,ASO,CE,Combined TRACON& Tower with Radar,32,35,21,28,116,0,0,17,7,24,32,35,38,35,140,14,44,58,198
10/18/2012,HSV,AL,ASO,CE,Combined TRACON& Tower with Radar,30,46,35,62,173,0,0,14,20,34,30,46,49,82,207,2,12,14,221
10/19/2012,HSV,AL,ASO,CE,Combined TRACON& Tower with Radar,29,43,21,25,118,0,2,15,4,21,29,45,36,29,139,0,42,42,181
10/20/2012,HSV,AL,ASO,CE,Combined TRACON& Tower with Radar,18,26,29,0,73,0,0,20,0,20,18,26,49,0,93,4,0,4,97
10/21/2012,HSV,AL,ASO,CE,Combined TRACON& Tower with Radar,27,36,19,6,88,0,0,36,1,37,27,36,55,7,125,6,8,14,139
10/22/2012,HSV,AL,ASO,CE,Combined TRACON& Tower with Radar,34,40,26,40,140,0,0,14,4,18,34,40,40,44,158,17,100,117,275
10/23/2012,HSV,AL,ASO,CE,Combined TRACON& Tower with Radar,32,40,33,53,158,0,0,18,15,33,32,40,51,68,191,2,82,84,275
10/24/2012,HSV,AL,ASO,CE,Combined TRACON& Tower with Radar,33,36,10,23,102,0,0,22,10,32,33,36,32,33,134,20,34,54,188
10/25/2012,HSV,AL,ASO,CE,Combined TRACON& Tower with Radar,32,42,16,25,115,0,0,23,7,30,32,42,39,32,145,6,46,52,197
10/26/2012,HSV,AL,ASO,CE,Combined TRACON& Tower with Radar,30,39,18,19,106,0,0,6,9,15,30,39,24,28,121,0,44,44,165
10/27/2012,HSV,AL,ASO,CE,Combined TRACON& Tower with Radar,21,22,13,15,71,0,0,0,0,0,21,22,13,15,71,4,8,12,83
10/28/2012,HSV,AL,ASO,CE,Combined TRACON& Tower with Radar,25,44,13,3,85,0,0,5,4,9,25,44,18,7,94,0,0,0,94
10/29/2012,HSV,AL,ASO,CE,Combined TRACON& Tower with Radar,31,31,12,20,94,0,0,22,8,30,31,31,34,28,124,0,0,0,124
10/30/2012,HSV,AL,ASO,CE,Combined TRACON& Tower with Radar,25,26,10,21,82,0,2,7,2,11,25,28,17,23,93,0,10,10,103
10/31/2012,HSV,AL,ASO,CE,Combined TRACON& Tower with Radar,27,38,29,14,108,0,0,20,9,29,27,38,49,23,137,2,62,64,201
11/01/2012,HSV,AL,ASO,CE,Combined TRACON& Tower with Radar,32,41,25,30,128,0,0,15,13,28,32,41,40,43,156,6,56,62,218
11/02/2012,HSV,AL,ASO,CE,Combined TRACON& Tower with Radar,29,37,19,42,127,0,0,19,0,19,29,37,38,42,146,8,0,8,154
11/03/2012,HSV,AL,ASO,CE,Combined TRACON& Tower with Radar,20,28,19,5,72,0,0,24,2,26,20,28,43,7,98,32,0,32,130
11/04/2012,HSV,AL,ASO,CE,Combined TRACON& Tower with Radar,28,34,16,9,87,0,0,16,0,16,28,34,32,9,103,8,12,20,123
11/05/2012,HSV,AL,ASO,CE,Combined TRACON& Tower with Radar,34,40,20,65,159,0,0,9,4,13,34,40,29,69,172,10,22,32,204
11/06/2012,HSV,AL,ASO,CE,Combined TRACON& Tower with Radar,31,38,35,29,133,0,0,2,1,3,31,38,37,30,136,0,0,0,136
11/07/2012,HSV,AL,ASO,CE,Combined TRACON& Tower with Radar,32,39,24,22,117,0,0,7,16,23,32,39,31,38,140,0,76,76,216
11/08/2012,HSV,AL,ASO,CE,Combined TRACON& Tower with Radar,32,47,35,46,160,0,1,38,25,64,32,48,73,71,224,6,44,50,274
11/09/2012,HSV,AL,ASO,CE,Combined TRACON& Tower with Radar,26,42,21,26,115,0,0,16,8,24,26,42,37,34,139,0,28,28,167
11/10/2012,HSV,AL,ASO,CE,Combined TRACON& Tower with Radar,20,27,15,2,64,0,0,28,1,29,20,27,43,3,93,0,0,0,93
11/11/2012,HSV,AL,ASO,CE,Combined TRACON& Tower with Radar,28,33,13,0,74,0,0,11,0,11,28,33,24,0,85,0,0,0,85
11/12/2012,HSV,AL,ASO,CE,Combined TRACON& Tower with Radar,35,41,13,0,89,0,0,6,0,6,35,41,19,0,95,0,0,0,95
11/13/2012,HSV,AL,ASO,CE,Combined TRACON& Tower with Radar,32,36,16,13,97,0,0,10,15,25,32,36,26,28,122,6,46,52,174
11/14/2012,HSV,AL,ASO,CE,Combined TRACON& Tower with Radar,32,39,28,21,120,0,0,19,23,42,32,39,47,44,162,12,68,80,242
11/15/2012,HSV,AL,ASO,CE,Combined TRACON& Tower with Radar,32,44,32,14,122,0,0,12,9,21,32,44,44,23,143,0,36,36,179
11/16/2012,HSV,AL,ASO,CE,Combined TRACON& Tower with Radar,28,51,33,17,129,0,0,31,16,47,28,51,64,33,176,0,80,80,256
11/17/2012,HSV,AL,ASO,CE,Combined TRACON& Tower with Radar,20,28,18,2,68,0,0,30,0,30,20,28,48,2,98,38,0,38,136
11/18/2012,HSV,AL,ASO,CE,Combined TRACON& Tower with Radar,24,34,11,24,93,0,0,19,13,32,24,34,30,37,125,6,22,28,153
11/19/2012,HSV,AL,ASO,CE,Combined TRACON& Tower with Radar,26,38,15,16,95,0,0,17,8,25,26,38,32,24,120,0,0,0,120
11/20/2012,HSV,AL,ASO,CE,Combined TRACON& Tower with Radar,33,40,22,28,123,0,0,14,5,19,33,40,36,33,142,2,48,50,192
11/21/2012,HSV,AL,ASO,CE,Combined TRACON& Tower with Radar,32,42,17,4,95,0,0,14,0,14,32,42,31,4,109,12,0,12,121
11/22/2012,HSV,AL,ASO,CE,Combined TRACON& Tower with Radar,12,17,4,0,33,0,0,23,0,23,12,17,27,0,56,6,0,6,62
11/23/2012,HSV,AL,ASO,CE,Combined TRACON& Tower with Radar,16,28,22,0,66,0,0,10,0,10,16,28,32,0,76,0,0,0,76
11/24/2012,HSV,AL,ASO,CE,Combined TRACON& Tower with Radar,20,39,17,0,76,0,0,17,0,17,20,39,34,0,93,12,0,12,105
11/25/2012,HSV,AL,ASO,CE,Combined TRACON& Tower with Radar,30,37,17,0,84,0,0,25,0,25,30,37,42,0,109,0,0,0,109
11/26/2012,HSV,AL,ASO,CE,Combined TRACON& Tower with Radar,33,49,21,11,114,0,1,17,2,20,33,50,38,13,134,0,68,68,202
11/27/2012,HSV,AL,ASO,CE,Combined TRACON& Tower with Radar,29,38,19,60,146,0,0,0,0,0,29,38,19,60,146,0,18,18,164
11/28/2012,HSV,AL,ASO,CE,Combined TRACON& Tower with Radar,30,41,29,38,138,0,2,10,6,18,30,43,39,44,156,16,10,26,182
11/29/2012,HSV,AL,ASO,CE,Combined TRACON& Tower with Radar,30,44,30,57,161,0,0,27,24,51,30,44,57,81,212,12,90,102,314
11/30/2012,HSV,AL,ASO,CE,Combined TRACON& Tower with Radar,29,40,21,37,127,0,0,15,17,32,29,40,36,54,159,12,44,56,215
12/01/2012,HSV,AL,ASO,CE,Combined TRACON& Tower with Radar,16,25,15,3,59,0,0,16,0,16,16,25,31,3,75,0,0,0,75
12/02/2012,HSV,AL,ASO,CE,Combined TRACON& Tower with Radar,24,37,21,4,86,0,0,12,2,14,24,37,33,6,100,0,0,0,100
12/03/2012,HSV,AL,ASO,CE,Combined TRACON& Tower with Radar,29,41,9,33,112,0,0,13,32,45,29,41,22,65,157,0,0,0,157
12/04/2012,HSV,AL,ASO,CE,Combined TRACON& Tower with Radar,29,34,13,43,119,0,0,6,2,8,29,34,19,45,127,0,44,44,171
12/05/2012,HSV,AL,ASO,CE,Combined TRACON& Tower with Radar,29,44,22,33,128,0,0,1,2,3,29,44,23,35,131,0,34,34,165
12/06/2012,HSV,AL,ASO,CE,Combined TRACON& Tower with Radar,26,44,20,34,124,0,0,20,11,31,26,44,40,45,155,19,50,69,224
12/07/2012,HSV,AL,ASO,CE,Combined TRACON& Tower with Radar,29,43,36,30,138,0,3,4,1,8,29,46,40,31,146,0,20,20,166
12/08/2012,HSV,AL,ASO,CE,Combined TRACON& Tower with Radar,16,25,20,4,65,0,0,3,0,3,16,25,23,4,68,0,8,8,76
12/09/2012,HSV,AL,ASO,CE,Combined TRACON& Tower with Radar,25,35,14,26,100,0,0,8,0,8,25,35,22,26,108,0,0,0,108
12/10/2012,HSV,AL,ASO,CE,Combined TRACON& Tower with Radar,26,39,13,26,104,0,0,0,0,0,26,39,13,26,104,0,0,0,104
12/11/2012,HSV,AL,ASO,CE,Combined TRACON& Tower with Radar,29,36,24,45,134,0,0,4,2,6,29,36,28,47,140,4,50,54,194
12/12/2012,HSV,AL,ASO,CE,Combined TRACON& Tower with Radar,30,39,28,46,143,0,0,21,11,32,30,39,49,57,175,0,68,68,243
12/13/2012,HSV,AL,ASO,CE,Combined TRACON& Tower with Radar,27,45,34,24,130,0,0,25,2,27,27,45,59,26,157,8,22,30,187
12/14/2012,HSV,AL,ASO,CE,Combined TRACON& Tower with Radar,25,44,26,42,137,0,0,28,2,30,25,44,54,44,167,14,30,44,211
12/15/2012,HSV,AL,ASO,CE,Combined TRACON& Tower with Radar,13,28,24,18,83,0,0,17,0,17,13,28,41,18,100,32,0,32,132
12/16/2012,HSV,AL,ASO,CE,Combined TRACON& Tower with Radar,18,40,12,8,78,0,0,0,0,0,18,40,12,8,78,0,0,0,78
12/17/2012,HSV,AL,ASO,CE,Combined TRACON& Tower with Radar,22,50,20,5,97,0,0,2,2,4,22,50,22,7,101,0,0,0,101
12/18/2012,HSV,AL,ASO,CE,Combined TRACON& Tower with Radar,20,44,23,26,113,0,1,15,9,25,20,45,38,35,138,8,86,94,232
12/19/2012,HSV,AL,ASO,CE,Combined TRACON& Tower with Radar,23,39,23,26,111,0,0,24,15,39,23,39,47,41,150,10,36,46,196
12/20/2012,HSV,AL,ASO,CE,Combined TRACON& Tower with Radar,21,42,9,5,77,0,0,1,0,1,21,42,10,5,78,0,0,0,78
12/21/2012,HSV,AL,ASO,CE,Combined TRACON& Tower with Radar,22,48,14,11,95,0,0,4,6,10,22,48,18,17,105,4,18,22,127
12/22/2012,HSV,AL,ASO,CE,Combined TRACON& Tower with Radar,12,25,20,0,57,0,0,23,0,23,12,25,43,0,80,0,0,0,80
12/23/2012,HSV,AL,ASO,CE,Combined TRACON& Tower with Radar,14,39,18,0,71,0,0,3,0,3,14,39,21,0,74,0,0,0,74
12/24/2012,HSV,AL,ASO,CE,Combined TRACON& Tower with Radar,11,26,5,0,42,0,0,0,0,0,11,26,5,0,42,0,0,0,42
12/25/2012,HSV,AL,ASO,CE,Combined TRACON& Tower with Radar,15,21,2,0,38,0,0,0,0,0,15,21,2,0,38,0,0,0,38
12/26/2012,HSV,AL,ASO,CE,Combined TRACON& Tower with Radar,12,46,7,0,65,0,0,1,0,1,12,46,8,0,66,0,0,0,66
12/27/2012,HSV,AL,ASO,CE,Combined TRACON& Tower with Radar,17,45,16,0,78,0,0,2,0,2,17,45,18,0,80,0,0,0,80
12/28/2012,HSV,AL,ASO,CE,Combined TRACON& Tower with Radar,15,41,6,4,66,0,0,1,0,1,15,41,7,4,67,0,0,0,67
12/29/2012,HSV,AL,ASO,CE,Combined TRACON& Tower with Radar,9,30,12,0,51,0,0,0,0,0,9,30,12,0,51,0,0,0,51
12/30/2012,HSV,AL,ASO,CE,Combined TRACON& Tower with Radar,10,40,9,0,59,0,0,19,0,19,10,40,28,0,78,4,0,4,82
12/31/2012,HSV,AL,ASO,CE,Combined TRACON& Tower with Radar,13,26,5,0,44,0,0,11,0,11,13,26,16,0,55,0,0,0,55
01/01/2013,HSV,AL,ASO,CE,Combined TRACON& Tower with Radar,19,24,6,0,49,0,0,0,0,0,19,24,6,0,49,0,0,0,49
01/02/2013,HSV,AL,ASO,CE,Combined TRACON& Tower with Radar,15,45,5,20,85,0,0,3,0,3,15,45,8,20,88,0,0,0,88
01/03/2013,HSV,AL,ASO,CE,Combined TRACON& Tower with Radar,18,43,13,49,123,0,0,19,10,29,18,43,32,59,152,0,78,78,230
01/04/2013,HSV,AL,ASO,CE,Combined TRACON& Tower with Radar,22,41,13,45,121,0,0,31,3,34,22,41,44,48,155,4,32,36,191
01/05/2013,HSV,AL,ASO,CE,Combined TRACON& Tower with Radar,16,27,10,0,53,0,0,12,0,12,16,27,22,0,65,36,0,36,101
01/06/2013,HSV,AL,ASO,CE,Combined TRACON& Tower with Radar,20,41,21,2,84,0,1,10,0,11,20,42,31,2,95,0,0,0,95
01/07/2013,HSV,AL,ASO,CE,Combined TRACON& Tower with Radar,24,40,9,37,110,0,0,27,14,41,24,40,36,51,151,6,64,70,221
01/08/2013,HSV,AL,ASO,CE,Combined TRACON& Tower with Radar,27,40,27,64,158,0,0,22,24,46,27,40,49,88,204,0,124,124,328
01/09/2013,HSV,AL,ASO,CE,Combined TRACON& Tower with Radar,25,38,11,40,114,0,0,0,0,0,25,38,11,40,114,0,0,0,114
01/10/2013,HSV,AL,ASO,CE,Combined TRACON& Tower with Radar,28,42,14,32,116,0,0,0,0,0,28,42,14,32,116,0,0,0,116
01/11/2013,HSV,AL,ASO,CE,Combined TRACON& Tower with Radar,26,41,17,18,102,0,0,2,4,6,26,41,19,22,108,0,0,0,108
01/12/2013,HSV,AL,ASO,CE,Combined TRACON& Tower with Radar,17,24,7,6,54,0,0,3,1,4,17,24,10,7,58,0,0,0,58
01/13/2013,HSV,AL,ASO,CE,Combined TRACON& Tower with Radar,24,31,6,5,66,0,0,1,0,1,24,31,7,5,67,0,0,0,67
01/14/2013,HSV,AL,ASO,CE,Combined TRACON& Tower with Radar,23,40,17,2,82,0,0,0,0,0,23,40,17,2,82,0,0,0,82
01/15/2013,HSV,AL,ASO,CE,Combined TRACON& Tower with Radar,23,37,5,2,67,0,0,0,0,0,23,37,5,2,67,0,0,0,67
01/16/2013,HSV,AL,ASO,CE,Combined TRACON& Tower with Radar,27,39,11,4,81,0,0,0,0,0,27,39,11,4,81,0,0,0,81
01/17/2013,HSV,AL,ASO,CE,Combined TRACON& Tower with Radar,26,44,15,5,90,0,0,2,0,2,26,44,17,5,92,0,0,0,92
01/18/2013,HSV,AL,ASO,CE,Combined TRACON& Tower with Radar,24,42,25,23,114,0,2,34,3,39,24,44,59,26,153,0,34,34,187
01/19/2013,HSV,AL,ASO,CE,Combined TRACON& Tower with Radar,17,18,8,2,45,0,0,22,0,22,17,18,30,2,67,12,6,18,85
01/20/2013,HSV,AL,ASO,CE,Combined TRACON& Tower with Radar,21,29,7,7,64,0,0,19,1,20,21,29,26,8,84,28,0,28,112
01/21/2013,HSV,AL,ASO,CE,Combined TRACON& Tower with Radar,27,38,8,2,75,0,0,12,1,13,27,38,20,3,88,20,0,20,108
01/22/2013,HSV,AL,ASO,CE,Combined TRACON& Tower with Radar,24,36,28,30,118,0,0,8,5,13,24,36,36,35,131,0,18,18,149
01/23/2013,HSV,AL,ASO,CE,Combined TRACON& Tower with Radar,27,38,17,30,112,0,0,13,15,28,27,38,30,45,140,0,86,86,226
01/24/2013,HSV,AL,ASO,CE,Combined TRACON& Tower with Radar,26,41,10,26,103,0,0,10,10,20,26,41,20,36,123,6,28,34,157
01/25/2013,HSV,AL,ASO,CE,Combined TRACON& Tower with Radar,24,41,7,2,74,0,0,0,2,2,24,41,7,4,76,0,0,0,76
01/26/2013,HSV,AL,ASO,CE,Combined TRACON& Tower with Radar,18,22,15,2,57,0,0,43,4,47,18,22,58,6,104,0,40,40,144
01/27/2013,HSV,AL,ASO,CE,Combined TRACON& Tower with Radar,20,33,16,7,76,0,0,10,0,10,20,33,26,7,86,4,34,38,124
01/28/2013,HSV,AL,ASO,CE,Combined TRACON& Tower with Radar,24,40,20,37,121,0,0,18,18,36,24,40,38,55,157,16,100,116,273
01/29/2013,HSV,AL,ASO,CE,Combined TRACON& Tower with Radar,22,36,19,32,109,0,0,2,0,2,22,36,21,32,111,8,6,14,125
01/30/2013,HSV,AL,ASO,CE,Combined TRACON& Tower with Radar,32,34,4,0,70,0,0,0,4,4,32,34,4,4,74,0,0,0,74
01/31/2013,HSV,AL,ASO,CE,Combined TRACON& Tower with Radar,25,44,29,8,106,0,0,20,17,37,25,44,49,25,143,8,48,56,199
02/01/2013,HSV,AL,ASO,CE,Combined TRACON& Tower with Radar,25,47,16,30,118,0,0,14,10,24,25,47,30,40,142,26,42,68,210
02/02/2013,HSV,AL,ASO,CE,Combined TRACON& Tower with Radar,16,23,11,2,52,0,0,6,1,7,16,23,17,3,59,10,0,10,69
02/03/2013,HSV,AL,ASO,CE,Combined TRACON& Tower with Radar,22,36,15,3,76,0,2,8,0,10,22,38,23,3,86,4,0,4,90
02/04/2013,HSV,AL,ASO,CE,Combined TRACON& Tower with Radar,27,39,11,33,110,0,0,17,5,22,27,39,28,38,132,0,52,52,184
02/05/2013,HSV,AL,ASO,CE,Combined TRACON& Tower with Radar,20,41,15,30,106,0,2,16,11,29,20,43,31,41,135,8,54,62,197
02/06/2013,HSV,AL,ASO,CE,Combined TRACON& Tower with Radar,27,39,29,60,155,0,1,19,6,26,27,40,48,66,181,10,130,140,321
02/07/2013,HSV,AL,ASO,CE,Combined TRACON& Tower with Radar,26,42,13,28,109,0,0,9,26,35,26,42,22,54,144,4,104,108,252
02/08/2013,HSV,AL,ASO,CE,Combined TRACON& Tower with Radar,26,41,16,17,100,0,0,2,4,6,26,41,18,21,106,0,18,18,124
02/09/2013,HSV,AL,ASO,CE,Combined TRACON& Tower with Radar,15,27,15,16,73,0,2,32,0,34,15,29,47,16,107,8,0,8,115
02/10/2013,HSV,AL,ASO,CE,Combined TRACON& Tower with Radar,22,35,12,3,72,0,0,0,0,0,22,35,12,3,72,0,0,0,72
02/11/2013,HSV,AL,ASO,CE,Combined TRACON& Tower with Radar,21,44,13,32,110,0,0,14,9,23,21,44,27,41,133,0,48,48,181
02/12/2013,HSV,AL,ASO,CE,Combined TRACON& Tower with Radar,24,39,24,14,101,0,0,1,118,119,24,39,25,132,220,0,0,0,220
02/13/2013,HSV,AL,ASO,CE,Combined TRACON& Tower with Radar,27,40,12,38,117,0,0,2,10,12,27,40,14,48,129,0,42,42,171
02/14/2013,HSV,AL,ASO,CE,Combined TRACON& Tower with Radar,24,44,21,41,130,0,0,32,10,42,24,44,53,51,172,4,40,44,216
02/15/2013,HSV,AL,ASO,CE,Combined TRACON& Tower with Radar,23,44,22,18,107,0,0,9,10,19,23,44,31,28,126,0,35,35,161
02/16/2013,HSV,AL,ASO,CE,Combined TRACON& Tower with Radar,15,24,6,0,45,0,1,11,0,12,15,25,17,0,57,12,0,12,69
02/17/2013,HSV,AL,ASO,CE,Combined TRACON& Tower with Radar,19,26,14,2,61,0,0,35,0,35,19,26,49,2,96,18,0,18,114
02/18/2013,HSV,AL,ASO,CE,Combined TRACON& Tower with Radar,24,43,6,0,73,0,0,4,2,6,24,43,10,2,79,0,0,0,79
02/19/2013,HSV,AL,ASO,CE,Combined TRACON& Tower with Radar,24,43,16,26,109,0,0,6,8,14,24,43,22,34,123,0,30,30,153
02/20/2013,HSV,AL,ASO,CE,Combined TRACON& Tower with Radar,25,42,12,20,99,0,0,14,9,23,25,42,26,29,122,8,58,66,188
02/21/2013,HSV,AL,ASO,CE,Combined TRACON& Tower with Radar,33,45,25,33,136,0,0,8,14,22,33,45,33,47,158,0,64,64,222
02/22/2013,HSV,AL,ASO,CE,Combined TRACON& Tower with Radar,25,39,10,13,87,0,0,0,2,2,25,39,10,15,89,0,6,6,95
02/23/2013,HSV,AL,ASO,CE,Combined TRACON& Tower with Radar,19,26,24,15,84,0,0,8,3,11,19,26,32,18,95,8,0,8,103
02/24/2013,HSV,AL,ASO,CE,Combined TRACON& Tower with Radar,23,37,21,10,91,0,2,34,2,38,23,39,55,12,129,12,3,15,144
02/25/2013,HSV,AL,ASO,CE,Combined TRACON& Tower with Radar,24,45,10,39,118,0,0,6,12,18,24,45,16,51,136,0,93,93,229
02/26/2013,HSV,AL,ASO,CE,Combined TRACON& Tower with Radar,24,52,16,16,108,0,0,2,0,2,24,52,18,16,110,24,0,24,134
02/27/2013,HSV,AL,ASO,CE,Combined TRACON& Tower with Radar,23,45,23,9,100,0,0,6,5,11,23,45,29,14,111,0,30,30,141
02/28/2013,HSV,AL,ASO,CE,Combined TRACON& Tower with Radar,24,48,17,31,120,0,0,8,9,17,24,48,25,40,137,10,50,60,197
03/01/2013,HSV,AL,ASO,CE,Combined TRACON& Tower with Radar,24,45,8,18,95,0,0,3,1,4,24,45,11,19,99,2,16,18,117
03/02/2013,HSV,AL,ASO,CE,Combined TRACON& Tower with Radar,12,36,5,0,53,0,0,2,0,2,12,36,7,0,55,0,0,0,55
03/03/2013,HSV,AL,ASO,CE,Combined TRACON& Tower with Radar,19,49,14,0,82,0,0,21,1,22,19,49,35,1,104,9,0,9,113
03/04/2013,HSV,AL,ASO,CE,Combined TRACON& Tower with Radar,26,48,25,18,117,0,2,29,16,47,26,50,54,34,164,24,106,130,294
03/05/2013,HSV,AL,ASO,CE,Combined TRACON& Tower with Radar,22,39,16,6,83,0,1,1,1,3,22,40,17,7,86,0,0,0,86
03/06/2013,HSV,AL,ASO,CE,Combined TRACON& Tower with Radar,22,38,23,21,104,0,0,8,4,12,22,38,31,25,116,32,40,72,188
03/07/2013,HSV,AL,ASO,CE,Combined TRACON& Tower with Radar,23,47,38,22,130,0,2,39,8,49,23,49,77,30,179,4,36,40,219
03/08/2013,HSV,AL,ASO,CE,Combined TRACON& Tower with Radar,23,51,22,20,116,0,12,16,7,35,23,63,38,27,151,10,38,48,199
03/09/2013,HSV,AL,ASO,CE,Combined TRACON& Tower with Radar,10,35,14,6,65,0,3,32,0,35,10,38,46,6,100,20,0,20,120
03/10/2013,HSV,AL,ASO,CE,Combined TRACON& Tower with Radar,17,39,12,52,120,0,0,6,2,8,17,39,18,54,128,8,0,8,136
03/11/2013,HSV,AL,ASO,CE,Combined TRACON& Tower with Radar,23,49,14,7,93,0,0,0,0,0,23,49,14,7,93,0,0,0,93
03/12/2013,HSV,AL,ASO,CE,Combined TRACON& Tower with Radar,22,44,27,26,119,0,0,23,7,30,22,44,50,33,149,34,58,92,241
03/13/2013,HSV,AL,ASO,CE,Combined TRACON& Tower with Radar,23,45,21,28,117,0,0,12,10,22,23,45,33,38,139,28,72,100,239
03/14/2013,HSV,AL,ASO,CE,Combined TRACON& Tower with Radar,24,45,33,35,137,0,0,20,6,26,24,45,53,41,163,32,52,84,247
03/15/2013,HSV,AL,ASO,CE,Combined TRACON& Tower with Radar,23,46,21,9,99,0,4,14,3,21,23,50,35,12,120,0,36,36,156
03/16/2013,HSV,AL,ASO,CE,Combined TRACON& Tower with Radar,12,28,2,1,43,0,1,20,1,22,12,29,22,2,65,0,0,0,65
03/17/2013,HSV,AL,ASO,CE,Combined TRACON& Tower with Radar,20,37,18,0,75,0,1,10,0,11,20,38,28,0,86,0,0,0,86
03/18/2013,HSV,AL,ASO,CE,Combined TRACON& Tower with Radar,28,49,10,1,88,0,0,0,0,0,28,49,10,1,88,0,0,0,88
03/19/2013,HSV,AL,ASO,CE,Combined TRACON& Tower with Radar,22,46,14,13,95,0,1,10,4,15,22,47,24,17,110,0,38,38,148
03/20/2013,HSV,AL,ASO,CE,Combined TRACON& Tower with Radar,22,44,16,22,104,0,2,9,8,19,22,46,25,30,123,0,60,60,183
03/21/2013,HSV,AL,ASO,CE,Combined TRACON& Tower with Radar,22,46,16,37,121,0,2,27,15,44,22,48,43,52,165,32,132,164,329
03/22/2013,HSV,AL,ASO,CE,Combined TRACON& Tower with Radar,22,46,18,23,109,0,0,10,7,17,22,46,28,30,126,0,84,84,210
03/23/2013,HSV,AL,ASO,CE,Combined TRACON& Tower with Radar,11,29,12,0,52,0,0,0,0,0,11,29,12,0,52,0,0,0,52
03/24/2013,HSV,AL,ASO,CE,Combined TRACON& Tower with Radar,17,49,11,4,81,0,0,4,0,4,17,49,15,4,85,0,0,0,85
03/25/2013,HSV,AL,ASO,CE,Combined TRACON& Tower with Radar,22,46,7,9,84,0,0,4,1,5,22,46,11,10,89,0,0,0,89
03/26/2013,HSV,AL,ASO,CE,Combined TRACON& Tower with Radar,21,46,19,39,125,0,0,3,8,11,21,46,22,47,136,14,42,56,192
03/27/2013,HSV,AL,ASO,CE,Combined TRACON& Tower with Radar,23,44,22,52,141,0,3,27,10,40,23,47,49,62,181,10,98,108,289
03/28/2013,HSV,AL,ASO,CE,Combined TRACON& Tower with Radar,22,44,23,46,135,0,0,20,18,38,22,44,43,64,173,16,106,122,295
03/29/2013,HSV,AL,ASO,CE,Combined TRACON& Tower with Radar,22,49,14,18,103,0,2,7,4,13,22,51,21,22,116,12,30,42,158
03/30/2013,HSV,AL,ASO,CE,Combined TRACON& Tower with Radar,12,29,22,0,63,0,0,12,1,13,12,29,34,1,76,12,0,12,88
03/31/2013,HSV,AL,ASO,CE,Combined TRACON& Tower with Radar,18,39,9,0,66,0,0,1,0,1,18,39,10,0,67,0,0,0,67
04/01/2013,HSV,AL,ASO,CE,Combined TRACON& Tower with Radar,24,45,14,23,106,0,0,15,7,22,24,45,29,30,128,0,30,30,158
04/02/2013,HSV,AL,ASO,CE,Combined TRACON& Tower with Radar,23,46,19,43,131,0,0,7,13,20,23,46,26,56,151,14,86,100,251
04/03/2013,HSV,AL,ASO,CE,Combined TRACON& Tower with Radar,24,50,23,54,151,0,0,8,15,23,24,50,31,69,174,2,84,86,260
04/04/2013,HSV,AL,ASO,CE,Combined TRACON& Tower with Radar,22,45,13,24,104,0,0,0,0,0,22,45,13,24,104,0,0,0,104
04/05/2013,HSV,AL,ASO,CE,Combined TRACON& Tower with Radar,22,47,16,50,135,0,0,20,12,32,22,47,36,62,167,12,46,58,225
04/06/2013,HSV,AL,ASO,CE,Combined TRACON& Tower with Radar,12,35,24,9,80,0,0,35,1,36,12,35,59,10,116,12,8,20,136
04/07/2013,HSV,AL,ASO,CE,Combined TRACON& Tower with Radar,18,41,12,8,79,0,0,15,2,17,18,41,27,10,96,0,0,0,96
04/08/2013,HSV,AL,ASO,CE,Combined TRACON& Tower with Radar,30,44,12,33,119,0,0,6,12,18,30,44,18,45,137,0,114,114,251
04/09/2013,HSV,AL,ASO,CE,Combined TRACON& Tower with Radar,23,45,25,49,142,0,0,15,13,28,23,45,40,62,170,6,54,60,230
04/10/2013,HSV,AL,ASO,CE,Combined TRACON& Tower with Radar,24,40,28,46,138,0,0,14,16,30,24,40,42,62,168,20,150,170,338
04/11/2013,HSV,AL,ASO,CE,Combined TRACON& Tower with Radar,23,47,6,2,78,0,0,2,0,2,23,47,8,2,80,0,0,0,80
04/12/2013,HSV,AL,ASO,CE,Combined TRACON& Tower with Radar,24,46,25,28,123,0,0,19,12,31,24,46,44,40,154,0,38,38,192
04/13/2013,HSV,AL,ASO,CE,Combined TRACON& Tower with Radar,15,27,18,5,65,0,0,21,3,24,15,27,39,8,89,8,6,14,103
04/14/2013,HSV,AL,ASO,CE,Combined TRACON& Tower with Radar,20,44,20,1,85,0,0,4,3,7,20,44,24,4,92,0,0,0,92
04/15/2013,HSV,AL,ASO,CE,Combined TRACON& Tower with Radar,26,50,28,27,131,0,0,14,9,23,26,50,42,36,154,4,60,64,218
04/16/2013,HSV,AL,ASO,CE,Combined TRACON& Tower with Radar,22,50,23,12,107,0,0,8,1,9,22,50,31,13,116,0,26,26,142
04/17/2013,HSV,AL,ASO,CE,Combined TRACON& Tower with Radar,20,42,29,18,109,0,0,11,5,16,20,42,40,23,125,24,4,28,153
04/18/2013,HSV,AL,ASO,CE,Combined TRACON& Tower with Radar,25,42,17,37,121,0,0,6,13,19,25,42,23,50,140,0,62,62,202
04/19/2013,HSV,AL,ASO,CE,Combined TRACON& Tower with Radar,23,46,14,3,86,0,0,4,2,6,23,46,18,5,92,0,0,0,92
04/20/2013,HSV,AL,ASO,CE,Combined TRACON& Tower with Radar,15,26,14,0,55,0,0,30,0,30,15,26,44,0,85,22,0,22,107
04/21/2013,HSV,AL,ASO,CE,Combined TRACON& Tower with Radar,23,39,12,3,77,0,0,25,1,26,23,39,37,4,103,2,0,2,105
04/22/2013,HSV,AL,ASO,CE,Combined TRACON& Tower with Radar,25,47,13,24,109,0,0,13,1,14,25,47,26,25,123,0,0,0,123
04/23/2013,HSV,AL,ASO,CE,Combined TRACON& Tower with Radar,27,44,27,50,148,0,0,17,6,23,27,44,44,56,171,8,44,52,223
04/24/2013,HSV,AL,ASO,CE,Combined TRACON& Tower with Radar,26,48,18,10,102,0,0,1,2,3,26,48,19,12,105,0,0,0,105
04/25/2013,HSV,AL,ASO,CE,Combined TRACON& Tower with Radar,31,47,39,24,141,0,0,20,10,30,31,47,59,34,171,6,34,40,211
04/26/2013,HSV,AL,ASO,CE,Combined TRACON& Tower with Radar,25,48,28,25,126,0,0,15,4,19,25,48,43,29,145,17,32,49,194
04/27/2013,HSV,AL,ASO,CE,Combined TRACON& Tower with Radar,16,29,4,0,49,0,0,4,0,4,16,29,8,0,53,0,0,0,53
04/28/2013,HSV,AL,ASO,CE,Combined TRACON& Tower with Radar,24,40,6,0,70,0,0,0,0,0,24,40,6,0,70,0,0,0,70
04/29/2013,HSV,AL,ASO,CE,Combined TRACON& Tower with Radar,26,50,58,26,160,0,0,18,0,18,26,50,76,26,178,16,20,36,214
04/30/2013,HSV,AL,ASO,CE,Combined TRACON& Tower with Radar,25,46,38,48,157,0,0,22,6,28,25,46,60,54,185,17,82,99,284
05/01/2013,HSV,AL,ASO,CE,Combined TRACON& Tower with Radar,26,42,24,80,172,0,0,27,3,30,26,42,51,83,202,10,60,70,272
05/02/2013,HSV,AL,ASO,CE,Combined TRACON& Tower with Radar,24,49,24,59,156,0,2,4,6,12,24,51,28,65,168,0,60,60,228
05/03/2013,HSV,AL,ASO,CE,Combined TRACON& Tower with Radar,27,41,11,15,94,0,0,9,9,18,27,41,20,24,112,0,48,48,160
05/04/2013,HSV,AL,ASO,CE,Combined TRACON& Tower with Radar,21,26,28,0,75,0,0,6,0,6,21,26,34,0,81,0,0,0,81
05/05/2013,HSV,AL,ASO,CE,Combined TRACON& Tower with Radar,19,39,20,4,82,0,0,2,8,10,19,39,22,12,92,0,0,0,92
05/06/2013,HSV,AL,ASO,CE,Combined TRACON& Tower with Radar,28,40,13,13,94,0,0,0,0,0,28,40,13,13,94,0,0,0,94
05/07/2013,HSV,AL,ASO,CE,Combined TRACON& Tower with Radar,27,43,33,76,179,0,0,18,7,25,27,43,51,83,204,0,18,18,222
05/08/2013,HSV,AL,ASO,CE,Combined TRACON& Tower with Radar,28,36,21,30,115,0,0,11,7,18,28,36,32,37,133,14,30,44,177
05/09/2013,HSV,AL,ASO,CE,Combined TRACON& Tower with Radar,26,44,25,13,108,0,0,17,1,18,26,44,42,14,126,14,2,16,142
05/10/2013,HSV,AL,ASO,CE,Combined TRACON& Tower with Radar,24,42,24,15,105,0,0,3,1,4,24,42,27,16,109,0,4,4,113
05/11/2013,HSV,AL,ASO,CE,Combined TRACON& Tower with Radar,18,24,4,24,70,0,0,10,2,12,18,24,14,26,82,0,4,4,86
05/12/2013,HSV,AL,ASO,CE,Combined TRACON& Tower with Radar,21,35,13,21,90,0,0,31,2,33,21,35,44,23,123,0,0,0,123
05/13/2013,HSV,AL,ASO,CE,Combined TRACON& Tower with Radar,25,52,24,17,118,0,0,32,8,40,25,52,56,25,158,0,0,0,158
05/14/2013,HSV,AL,ASO,CE,Combined TRACON& Tower with Radar,27,47,24,18,116,0,0,18,8,26,27,47,42,26,142,10,40,50,192
05/15/2013,HSV,AL,ASO,CE,Combined TRACON& Tower with Radar,28,45,25,36,134,0,0,23,5,28,28,45,48,41,162,14,48,62,224
05/16/2013,HSV,AL,ASO,CE,Combined TRACON& Tower with Radar,29,46,32,23,130,0,4,18,5,27,29,50,50,28,157,12,94,106,263
05/17/2013,HSV,AL,ASO,CE,Combined TRACON& Tower with Radar,27,40,12,4,83,0,0,0,0,0,27,40,12,4,83,0,0,0,83
05/18/2013,HSV,AL,ASO,CE,Combined TRACON& Tower with Radar,16,29,13,10,68,0,0,4,0,4,16,29,17,10,72,0,0,0,72
05/19/2013,HSV,AL,ASO,CE,Combined TRACON& Tower with Radar,18,37,31,2,88,0,1,10,2,13,18,38,41,4,101,4,0,4,105
05/20/2013,HSV,AL,ASO,CE,Combined TRACON& Tower with Radar,28,37,21,25,111,0,0,12,1,13,28,37,33,26,124,19,18,37,161
05/21/2013,HSV,AL,ASO,CE,Combined TRACON& Tower with Radar,27,50,21,29,127,0,0,20,2,22,27,50,41,31,149,45,66,111,260
05/22/2013,HSV,AL,ASO,CE,Combined TRACON& Tower with Radar,35,49,28,28,140,21,0,11,5,37,56,49,39,33,177,66,56,122,299
05/23/2013,HSV,AL,ASO,CE,Combined TRACON& Tower with Radar,36,42,22,17,117,17,0,8,17,42,53,42,30,34,159,13,28,41,200
05/24/2013,HSV,AL,ASO,CE,Combined TRACON& Tower with Radar,37,44,21,0,102,16,0,19,0,35,53,44,40,0,137,16,0,16,153
05/25/2013,HSV,AL,ASO,CE,Combined TRACON& Tower with Radar,19,24,22,0,65,0,0,23,0,23,19,24,45,0,88,40,0,40,128
05/26/2013,HSV,AL,ASO,CE,Combined TRACON& Tower with Radar,24,21,7,0,52,0,0,10,0,10,24,21,17,0,62,0,0,0,62
05/27/2013,HSV,AL,ASO,CE,Combined TRACON& Tower with Radar,23,37,18,0,78,0,0,25,0,25,23,37,43,0,103,0,0,0,103
05/28/2013,HSV,AL,ASO,CE,Combined TRACON& Tower with Radar,36,40,26,18,120,23,0,24,6,53,59,40,50,24,173,52,90,142,315
05/29/2013,HSV,AL,ASO,CE,Combined TRACON& Tower with Radar,32,44,10,23,109,21,0,19,2,42,53,44,29,25,151,24,78,102,253
05/30/2013,HSV,AL,ASO,CE,Combined TRACON& Tower with Radar,36,42,32,57,167,19,0,32,5,56,55,42,64,62,223,4,132,136,359
05/31/2013,HSV,AL,ASO,CE,Combined TRACON& Tower with Radar,33,44,29,38,144,18,0,9,0,27,51,44,38,38,171,24,4,28,199
06/01/2013,HSV,AL,ASO,CE,Combined TRACON& Tower with Radar,20,24,7,3,54,0,0,9,1,10,20,24,16,4,64,6,4,10,74
06/02/2013,HSV,AL,ASO,CE,Combined TRACON& Tower with Radar,24,33,27,0,84,0,0,4,1,5,24,33,31,1,89,12,0,12,101
06/03/2013,HSV,AL,ASO,CE,Combined TRACON& Tower with Radar,30,43,31,42,146,0,0,19,20,39,30,43,50,62,185,4,100,104,289
06/04/2013,HSV,AL,ASO,CE,Combined TRACON& Tower with Radar,29,40,15,55,139,28,0,13,6,47,57,40,28,61,186,26,68,94,280
06/05/2013,HSV,AL,ASO,CE,Combined TRACON& Tower with Radar,39,40,17,16,112,15,0,1,3,19,54,40,18,19,131,24,0,24,155
06/06/2013,HSV,AL,ASO,CE,Combined TRACON& Tower with Radar,29,46,17,51,143,0,4,6,15,25,29,50,23,66,168,0,66,66,234
06/07/2013,HSV,AL,ASO,CE,Combined TRACON& Tower with Radar,30,41,25,57,153,0,2,7,4,13,30,43,32,61,166,0,0,0,166
06/08/2013,HSV,AL,ASO,CE,Combined TRACON& Tower with Radar,20,24,18,6,68,0,0,27,0,27,20,24,45,6,95,10,0,10,105
06/09/2013,HSV,AL,ASO,CE,Combined TRACON& Tower with Radar,24,36,14,1,75,0,0,1,1,2,24,36,15,2,77,0,0,0,77
06/10/2013,HSV,AL,ASO,CE,Combined TRACON& Tower with Radar,47,40,20,17,124,0,0,16,6,22,47,40,36,23,146,0,32,32,178
06/11/2013,HSV,AL,ASO,CE,Combined TRACON& Tower with Radar,43,44,22,18,127,17,1,11,2,31,60,45,33,20,158,30,54,84,242
06/12/2013,HSV,AL,ASO,CE,Combined TRACON& Tower with Radar,39,40,15,30,124,23,0,16,6,45,62,40,31,36,169,38,46,84,253
06/13/2013,HSV,AL,ASO,CE,Combined TRACON& Tower with Radar,24,39,17,10,90,0,0,5,2,7,24,39,22,12,97,12,40,52,149
06/14/2013,HSV,AL,ASO,CE,Combined TRACON& Tower with Radar,26,39,35,20,120,0,0,33,4,37,26,39,68,24,157,6,68,74,231
06/15/2013,HSV,AL,ASO,CE,Combined TRACON& Tower with Radar,16,28,12,22,78,0,0,36,1,37,16,28,48,23,115,10,26,36,151
06/16/2013,HSV,AL,ASO,CE,Combined TRACON& Tower with Radar,25,34,14,9,82,0,0,12,3,15,25,34,26,12,97,0,8,8,105
06/17/2013,HSV,AL,ASO,CE,Combined TRACON& Tower with Radar,37,41,9,22,109,14,0,10,0,24,51,41,19,22,133,0,0,0,133
06/18/2013,HSV,AL,ASO,CE,Combined TRACON& Tower with Radar,43,39,17,15,114,0,0,7,0,7,43,39,24,15,121,0,0,0,121
06/19/2013,HSV,AL,ASO,CE,Combined TRACON& Tower with Radar,30,43,37,44,154,0,0,13,19,32,30,43,50,63,186,10,44,54,240
06/20/2013,HSV,AL,ASO,CE,Combined TRACON& Tower with Radar,27,47,28,36,138,0,2,15,13,30,27,49,43,49,168,2,54,56,224
06/21/2013,HSV,AL,ASO,CE,Combined TRACON& Tower with Radar,31,43,15,28,117,8,0,26,4,38,39,43,41,32,155,42,80,122,277
06/22/2013,HSV,AL,ASO,CE,Combined TRACON& Tower with Radar,14,29,11,8,62,0,0,24,1,25,14,29,35,9,87,6,14,20,107
06/23/2013,HSV,AL,ASO,CE,Combined TRACON& Tower with Radar,22,35,13,0,70,0,0,16,0,16,22,35,29,0,86,6,0,6,92
06/24/2013,HSV,AL,ASO,CE,Combined TRACON& Tower with Radar,40,44,26,41,151,2,0,14,2,18,42,44,40,43,169,0,0,0,169
06/25/2013,HSV,AL,ASO,CE,Combined TRACON& Tower with Radar,53,44,26,20,143,0,0,9,11,20,53,44,35,31,163,6,26,32,195
06/26/2013,HSV,AL,ASO,CE,Combined TRACON& Tower with Radar,38,39,32,14,123,18,0,19,6,43,56,39,51,20,166,24,60,84,250
06/27/2013,HSV,AL,ASO,CE,Combined TRACON& Tower with Radar,33,47,29,23,132,0,0,17,5,22,33,47,46,28,154,0,64,64,218
06/28/2013,HSV,AL,ASO,CE,Combined TRACON& Tower with Radar,27,39,17,2,85,0,2,8,0,10,27,41,25,2,95,2,0,2,97
06/29/2013,HSV,AL,ASO,CE,Combined TRACON& Tower with Radar,16,29,23,0,68,0,0,20,0,20,16,29,43,0,88,0,0,0,88
06/30/2013,HSV,AL,ASO,CE,Combined TRACON& Tower with Radar,25,31,15,0,71,0,0,10,0,10,25,31,25,0,81,26,0,26,107
07/01/2013,HSV,AL,ASO,CE,Combined TRACON& Tower with Radar,21,39,15,6,81,0,0,10,0,10,21,39,25,6,91,0,0,0,91
07/02/2013,HSV,AL,ASO,CE,Combined TRACON& Tower with Radar,24,38,22,76,160,0,0,10,25,35,24,38,32,101,195,0,90,90,285
07/03/2013,HSV,AL,ASO,CE,Combined TRACON& Tower with Radar,29,39,24,3,95,0,0,9,0,9,29,39,33,3,104,22,12,34,138
07/04/2013,HSV,AL,ASO,CE,Combined TRACON& Tower with Radar,17,21,4,0,42,0,0,0,0,0,17,21,4,0,42,0,0,0,42
07/05/2013,HSV,AL,ASO,CE,Combined TRACON& Tower with Radar,20,26,10,0,56,0,0,0,0,0,20,26,10,0,56,0,0,0,56
07/06/2013,HSV,AL,ASO,CE,Combined TRACON& Tower with Radar,14,27,9,0,50,0,0,0,0,0,14,27,9,0,50,0,0,0,50
07/07/2013,HSV,AL,ASO,CE,Combined TRACON& Tower with Radar,21,33,23,0,77,0,0,5,0,5,21,33,28,0,82,0,0,0,82
07/08/2013,HSV,AL,ASO,CE,Combined TRACON& Tower with Radar,27,39,14,8,88,0,0,18,4,22,27,39,32,12,110,0,82,82,192
07/09/2013,HSV,AL,ASO,CE,Combined TRACON& Tower with Radar,41,38,30,10,119,0,0,21,3,24,41,38,51,13,143,8,58,66,209
07/10/2013,HSV,AL,ASO,CE,Combined TRACON& Tower with Radar,32,41,19,36,128,10,1,11,6,28,42,42,30,42,156,10,62,72,228
07/11/2013,HSV,AL,ASO,CE,Combined TRACON& Tower with Radar,27,43,22,35,127,0,0,10,3,13,27,43,32,38,140,12,72,84,224
07/12/2013,HSV,AL,ASO,CE,Combined TRACON& Tower with Radar,28,39,25,64,156,0,0,29,14,43,28,39,54,78,199,8,90,98,297
07/13/2013,HSV,AL,ASO,CE,Combined TRACON& Tower with Radar,14,30,8,14,66,0,0,17,4,21,14,30,25,18,87,0,4,4,91
07/14/2013,HSV,AL,ASO,CE,Combined TRACON& Tower with Radar,25,34,22,50,131,0,0,10,6,16,25,34,32,56,147,14,2,16,163
07/15/2013,HSV,AL,ASO,CE,Combined TRACON& Tower with Radar,28,43,17,96,184,0,0,24,4,28,28,43,41,100,212,8,138,146,358
07/16/2013,HSV,AL,ASO,CE,Combined TRACON& Tower with Radar,31,38,27,68,164,8,0,26,10,44,39,38,53,78,208,16,90,106,314
07/17/2013,HSV,AL,ASO,CE,Combined TRACON& Tower with Radar,31,41,18,19,109,4,0,22,4,30,35,41,40,23,139,38,72,110,249
07/18/2013,HSV,AL,ASO,CE,Combined TRACON& Tower with Radar,33,42,35,36,146,7,0,20,10,37,40,42,55,46,183,18,90,108,291
07/19/2013,HSV,AL,ASO,CE,Combined TRACON& Tower with Radar,28,39,22,56,145,0,0,20,7,27,28,39,42,63,172,0,92,92,264
07/20/2013,HSV,AL,ASO,CE,Combined TRACON& Tower with Radar,25,35,13,1,74,0,0,14,0,14,25,35,27,1,88,0,0,0,88
07/21/2013,HSV,AL,ASO,CE,Combined TRACON& Tower with Radar,29,41,9,8,87,0,0,5,0,5,29,41,14,8,92,0,0,0,92
07/22/2013,HSV,AL,ASO,CE,Combined TRACON& Tower with Radar,37,43,11,6,97,0,0,4,1,5,37,43,15,7,102,6,6,12,114
07/23/2013,HSV,AL,ASO,CE,Combined TRACON& Tower with Radar,34,40,19,23,116,5,0,2,0,7,39,40,21,23,123,8,0,8,131
07/24/2013,HSV,AL,ASO,CE,Combined TRACON& Tower with Radar,47,44,14,16,121,2,0,6,3,11,49,44,20,19,132,14,16,30,162
07/25/2013,HSV,AL,ASO,CE,Combined TRACON& Tower with Radar,32,47,12,23,114,19,0,19,8,46,51,47,31,31,160,42,74,116,276
07/26/2013,HSV,AL,ASO,CE,Combined TRACON& Tower with Radar,38,42,18,15,113,0,0,30,5,35,38,42,48,20,148,6,64,70,218
07/27/2013,HSV,AL,ASO,CE,Combined TRACON& Tower with Radar,12,27,21,5,65,0,0,4,0,4,12,27,25,5,69,6,0,6,75
07/28/2013,HSV,AL,ASO,CE,Combined TRACON& Tower with Radar,22,35,26,2,85,0,0,24,0,24,22,35,50,2,109,10,0,10,119
07/29/2013,HSV,AL,ASO,CE,Combined TRACON& Tower with Radar,30,44,26,31,131,12,0,21,7,40,42,44,47,38,171,28,70,98,269
07/30/2013,HSV,AL,ASO,CE,Combined TRACON& Tower with Radar,34,36,28,31,129,20,0,27,11,58,54,36,55,42,187,64,68,132,319
07/31/2013,HSV,AL,ASO,CE,Combined TRACON& Tower with Radar,46,39,18,12,115,4,0,3,6,13,50,39,21,18,128,2,16,18,146
08/01/2013,HSV,AL,ASO,CE,Combined TRACON& Tower with Radar,36,40,34,51,161,2,0,22,4,28,38,40,56,55,189,6,50,56,245
08/02/2013,HSV,AL,ASO,CE,Combined TRACON& Tower with Radar,31,43,8,9,91,0,0,30,5,35,31,43,38,14,126,22,0,22,148
08/03/2013,HSV,AL,ASO,CE,Combined TRACON& Tower with Radar,18,28,14,6,66,0,0,11,0,11,18,28,25,6,77,0,8,8,85
08/04/2013,HSV,AL,ASO,CE,Combined TRACON& Tower with Radar,24,35,12,5,76,0,1,13,5,19,24,36,25,10,95,6,0,6,101
08/05/2013,HSV,AL,ASO,CE,Combined TRACON& Tower with Radar,36,44,21,7,108,0,0,24,5,29,36,44,45,12,137,0,0,0,137
08/06/2013,HSV,AL,ASO,CE,Combined TRACON& Tower with Radar,48,43,11,3,105,2,0,4,1,7,50,43,15,4,112,6,0,6,118
08/07/2013,HSV,AL,ASO,CE,Combined TRACON& Tower with Radar,34,49,15,14,112,7,0,5,4,16,41,49,20,18,128,2,24,26,154
08/08/2013,HSV,AL,ASO,CE,Combined TRACON& Tower with Radar,33,50,15,25,123,15,0,4,5,24,48,50,19,30,147,30,20,50,197
08/09/2013,HSV,AL,ASO,CE,Combined TRACON& Tower with Radar,28,41,10,10,89,0,0,16,3,19,28,41,26,13,108,20,84,104,212
08/10/2013,HSV,AL,ASO,CE,Combined TRACON& Tower with Radar,20,27,17,1,65,0,0,5,0,5,20,27,22,1,70,0,0,0,70
08/11/2013,HSV,AL,ASO,CE,Combined TRACON& Tower with Radar,24,35,33,0,92,0,0,10,0,10,24,35,43,0,102,0,0,0,102
08/12/2013,HSV,AL,ASO,CE,Combined TRACON& Tower with Radar,36,47,9,12,104,7,0,14,2,23,43,47,23,14,127,18,2,20,147
08/13/2013,HSV,AL,ASO,CE,Combined TRACON& Tower with Radar,38,42,25,62,167,4,0,31,13,48,42,42,56,75,215,16,170,186,401
08/14/2013,HSV,AL,ASO,CE,Combined TRACON& Tower with Radar,43,43,23,52,161,3,0,35,9,47,46,43,58,61,208,14,106,120,328
08/15/2013,HSV,AL,ASO,CE,Combined TRACON& Tower with Radar,41,42,32,43,158,11,0,19,3,33,52,42,51,46,191,26,101,127,318
08/16/2013,HSV,AL,ASO,CE,Combined TRACON& Tower with Radar,33,41,49,33,156,0,0,6,5,11,33,41,55,38,167,2,86,88,255
08/17/2013,HSV,AL,ASO,CE,Combined TRACON& Tower with Radar,16,27,38,2,83,0,2,4,0,6,16,29,42,2,89,2,0,2,91
08/18/2013,HSV,AL,ASO,CE,Combined TRACON& Tower with Radar,22,37,10,23,92,0,0,2,1,3,22,37,12,24,95,0,0,0,95
08/19/2013,HSV,AL,ASO,CE,Combined TRACON& Tower with Radar,49,45,23,12,129,3,0,17,0,20,52,45,40,12,149,0,0,0,149
08/20/2013,HSV,AL,ASO,CE,Combined TRACON& Tower with Radar,41,43,28,18,130,4,0,6,6,16,45,43,34,24,146,16,50,66,212
08/21/2013,HSV,AL,ASO,CE,Combined TRACON& Tower with Radar,38,45,18,7,108,4,0,11,0,15,42,45,29,7,123,16,34,50,173
08/22/2013,HSV,AL,ASO,CE,Combined TRACON& Tower with Radar,33,48,28,11,120,5,0,27,1,33,38,48,55,12,153,10,86,96,249
08/23/2013,HSV,AL,ASO,CE,Combined TRACON& Tower with Radar,26,47,31,5,109,0,0,9,5,14,26,47,40,10,123,4,0,4,127
08/24/2013,HSV,AL,ASO,CE,Combined TRACON& Tower with Radar,14,29,15,12,70,0,0,22,0,22,14,29,37,12,92,0,0,0,92
08/25/2013,HSV,AL,ASO,CE,Combined TRACON& Tower with Radar,21,39,11,9,80,0,0,16,3,19,21,39,27,12,99,12,0,12,111
08/26/2013,HSV,AL,ASO,CE,Combined TRACON& Tower with Radar,33,48,17,32,130,9,0,26,5,40,42,48,43,37,170,0,0,0,170
08/27/2013,HSV,AL,ASO,CE,Combined TRACON& Tower with Radar,35,42,27,64,168,10,0,25,8,43,45,42,52,72,211,30,108,138,349
08/28/2013,HSV,AL,ASO,CE,Combined TRACON& Tower with Radar,39,43,25,52,159,5,0,41,4,50,44,43,66,56,209,6,114,120,329
08/29/2013,HSV,AL,ASO,CE,Combined TRACON& Tower with Radar,28,52,33,49,162,0,0,29,9,38,28,52,62,58,200,12,32,44,244
08/30/2013,HSV,AL,ASO,CE,Combined TRACON& Tower with Radar,27,39,21,16,103,0,1,36,6,43,27,40,57,22,146,2,115,117,263
08/31/2013,HSV,AL,ASO,CE,Combined TRACON& Tower with Radar,14,26,11,0,51,0,0,11,0,11,14,26,22,0,62,12,0,12,74
09/01/2013,HSV,AL,ASO,CE,Combined TRACON& Tower with Radar,19,27,8,0,54,0,0,2,0,2,19,27,10,0,56,0,0,0,56
09/02/2013,HSV,AL,ASO,CE,Combined TRACON& Tower with Radar,23,33,14,0,70,0,0,12,1,13,23,33,26,1,83,12,0,12,95
09/03/2013,HSV,AL,ASO,CE,Combined TRACON& Tower with Radar,40,50,12,17,119,0,0,23,4,27,40,50,35,21,146,12,44,56,202
09/04/2013,HSV,AL,ASO,CE,Combined TRACON& Tower with Radar,35,44,26,63,168,12,3,36,7,58,47,47,62,70,226,88,62,150,376
09/05/2013,HSV,AL,ASO,CE,Combined TRACON& Tower with Radar,39,50,13,55,157,5,1,14,7,27,44,51,27,62,184,32,102,134,318
09/06/2013,HSV,AL,ASO,CE,Combined TRACON& Tower with Radar,31,48,15,49,143,0,0,16,3,19,31,48,31,52,162,18,60,78,240
09/07/2013,HSV,AL,ASO,CE,Combined TRACON& Tower with Radar,15,30,13,5,63,0,0,29,1,30,15,30,42,6,93,0,0,0,93
09/08/2013,HSV,AL,ASO,CE,Combined TRACON& Tower with Radar,27,40,5,47,119,0,0,13,1,14,27,40,18,48,133,12,0,12,145
09/09/2013,HSV,AL,ASO,CE,Combined TRACON& Tower with Radar,31,46,12,32,121,0,0,14,7,21,31,46,26,39,142,0,0,0,142
09/10/2013,HSV,AL,ASO,CE,Combined TRACON& Tower with Radar,27,43,15,52,137,0,0,17,4,21,27,43,32,56,158,0,72,72,230
09/11/2013,HSV,AL,ASO,CE,Combined TRACON& Tower with Radar,29,41,23,52,145,0,0,34,5,39,29,41,57,57,184,32,74,106,290
09/12/2013,HSV,AL,ASO,CE,Combined TRACON& Tower with Radar,30,43,14,43,130,0,0,8,8,16,30,43,22,51,146,6,30,36,182
09/13/2013,HSV,AL,ASO,CE,Combined TRACON& Tower with Radar,26,41,12,39,118,0,0,16,1,17,26,41,28,40,135,0,34,34,169
09/14/2013,HSV,AL,ASO,CE,Combined TRACON& Tower with Radar,13,31,19,10,73,0,0,36,0,36,13,31,55,10,109,32,3,35,144
09/15/2013,HSV,AL,ASO,CE,Combined TRACON& Tower with Radar,23,40,29,31,123,0,0,23,0,23,23,40,52,31,146,14,12,26,172
09/16/2013,HSV,AL,ASO,CE,Combined TRACON& Tower with Radar,27,44,16,23,110,0,0,28,6,34,27,44,44,29,144,0,86,86,230
09/17/2013,HSV,AL,ASO,CE,Combined TRACON& Tower with Radar,25,43,12,19,99,0,0,18,2,20,25,43,30,21,119,8,74,82,201
09/18/2013,HSV,AL,ASO,CE,Combined TRACON& Tower with Radar,32,43,15,19,109,3,0,17,1,21,35,43,32,20,130,20,28,48,178
09/19/2013,HSV,AL,ASO,CE,Combined TRACON& Tower with Radar,33,43,35,49,160,2,0,12,4,18,35,43,47,53,178,10,68,78,256
09/20/2013,HSV,AL,ASO,CE,Combined TRACON& Tower with Radar,34,40,10,75,159,2,0,12,3,17,36,40,22,78,176,36,122,158,334
09/21/2013,HSV,AL,ASO,CE,Combined TRACON& Tower with Radar,13,31,9,12,65,0,0,2,0,2,13,31,11,12,67,0,0,0,67
09/22/2013,HSV,AL,ASO,CE,Combined TRACON& Tower with Radar,26,38,10,13,87,0,0,23,3,26,26,38,33,16,113,16,0,16,129
09/23/2013,HSV,AL,ASO,CE,Combined TRACON& Tower with Radar,26,43,25,40,134,0,0,25,6,31,26,43,50,46,165,2,60,62,227
09/24/2013,HSV,AL,ASO,CE,Combined TRACON& Tower with Radar,31,43,21,38,133,0,0,1,2,3,31,43,22,40,136,0,0,0,136
09/25/2013,HSV,AL,ASO,CE,Combined TRACON& Tower with Radar,30,40,33,20,123,0,2,9,2,13,30,42,42,22,136,8,0,8,144
09/26/2013,HSV,AL,ASO,CE,Combined TRACON& Tower with Radar,30,54,28,17,129,0,0,12,2,14,30,54,40,19,143,0,52,52,195
09/27/2013,HSV,AL,ASO,CE,Combined TRACON& Tower with Radar,27,44,31,39,141,0,0,21,5,26,27,44,52,44,167,0,110,110,277
09/28/2013,HSV,AL,ASO,CE,Combined TRACON& Tower with Radar,14,31,19,1,65,0,0,44,0,44,14,31,63,1,109,10,0,10,119
09/29/2013,HSV,AL,ASO,CE,Combined TRACON& Tower with Radar,24,44,19,6,93,0,0,24,0,24,24,44,43,6,117,0,0,0,117
09/30/2013,HSV,AL,ASO,CE,Combined TRACON& Tower with Radar,26,46,28,20,120,0,0,11,1,12,26,46,39,21,132,0,54,54,186
10/01/2013,HSV,AL,ASO,CE,Combined TRACON& Tower with Radar,26,38,8,40,112,0,0,9,7,16,26,38,17,47,128,0,156,156,284
10/02/2013,HSV,AL,ASO,CE,Combined TRACON& Tower with Radar,29,43,22,46,140,0,0,26,9,35,29,43,48,55,175,20,150,170,345
10/03/2013,HSV,AL,ASO,CE,Combined TRACON& Tower with Radar,32,44,27,25,128,0,0,23,8,31,32,44,50,33,159,18,130,148,307
10/04/2013,HSV,AL,ASO,CE,Combined TRACON& Tower with Radar,29,39,31,38,137,0,0,18,8,26,29,39,49,46,163,6,68,74,237
10/05/2013,HSV,AL,ASO,CE,Combined TRACON& Tower with Radar,16,24,19,15,74,0,2,54,0,56,16,26,73,15,130,30,4,34,164
10/06/2013,HSV,AL,ASO,CE,Combined TRACON& Tower with Radar,25,38,17,0,80,0,0,2,0,2,25,38,19,0,82,0,0,0,82
10/07/2013,HSV,AL,ASO,CE,Combined TRACON& Tower with Radar,30,41,28,35,134,0,0,17,6,23,30,41,45,41,157,0,0,0,157
10/08/2013,HSV,AL,ASO,CE,Combined TRACON& Tower with Radar,30,43,18,37,128,9,0,15,6,30,39,43,33,43,158,36,56,92,250
10/09/2013,HSV,AL,ASO,CE,Combined TRACON& Tower with Radar,29,41,20,50,140,0,0,8,2,10,29,41,28,52,150,14,72,86,236
10/10/2013,HSV,AL,ASO,CE,Combined TRACON& Tower with Radar,39,47,30,37,153,0,0,26,5,31,39,47,56,42,184,14,86,100,284
10/11/2013,HSV,AL,ASO,CE,Combined TRACON& Tower with Radar,37,45,29,12,123,1,0,5,1,7,38,45,34,13,130,10,44,54,184
10/12/2013,HSV,AL,ASO,CE,Combined TRACON& Tower with Radar,17,27,20,0,64,0,1,26,0,27,17,28,46,0,91,8,0,8,99
10/13/2013,HSV,AL,ASO,CE,Combined TRACON& Tower with Radar,25,34,20,0,79,0,1,20,0,21,25,35,40,0,100,10,1,11,111
10/14/2013,HSV,AL,ASO,CE,Combined TRACON& Tower with Radar,36,44,10,2,92,2,3,10,2,17,38,47,20,4,109,20,0,20,129
10/15/2013,HSV,AL,ASO,CE,Combined TRACON& Tower with Radar,26,43,14,13,96,0,1,16,5,22,26,44,30,18,118,4,106,110,228
10/16/2013,HSV,AL,ASO,CE,Combined TRACON& Tower with Radar,38,45,22,22,127,3,0,5,0,8,41,45,27,22,135,18,46,64,199
10/17/2013,HSV,AL,ASO,CE,Combined TRACON& Tower with Radar,31,44,28,18,121,0,0,1,0,1,31,44,29,18,122,0,0,0,122
10/18/2013,HSV,AL,ASO,CE,Combined TRACON& Tower with Radar,33,42,24,38,137,4,0,18,4,26,37,42,42,42,163,28,54,82,245
10/19/2013,HSV,AL,ASO,CE,Combined TRACON& Tower with Radar,15,24,16,0,55,0,0,17,0,17,15,24,33,0,72,0,0,0,72
10/20/2013,HSV,AL,ASO,CE,Combined TRACON& Tower with Radar,27,44,19,0,90,0,0,19,0,19,27,44,38,0,109,0,0,0,109
10/21/2013,HSV,AL,ASO,CE,Combined TRACON& Tower with Radar,37,44,11,20,112,4,1,24,0,29,41,45,35,20,141,18,32,50,191
10/22/2013,HSV,AL,ASO,CE,Combined TRACON& Tower with Radar,32,45,18,20,115,1,0,15,2,18,33,45,33,22,133,30,40,70,203
10/23/2013,HSV,AL,ASO,CE,Combined TRACON& Tower with Radar,34,49,26,21,130,8,0,17,1,26,42,49,43,22,156,54,40,94,250
10/24/2013,HSV,AL,ASO,CE,Combined TRACON& Tower with Radar,35,45,12,10,102,0,0,21,2,23,35,45,33,12,125,20,28,48,173
10/25/2013,HSV,AL,ASO,CE,Combined TRACON& Tower with Radar,32,47,24,18,121,4,1,20,3,28,36,48,44,21,149,24,69,93,242
10/26/2013,HSV,AL,ASO,CE,Combined TRACON& Tower with Radar,14,26,17,27,84,0,0,20,1,21,14,26,37,28,105,0,10,10,115
10/27/2013,HSV,AL,ASO,CE,Combined TRACON& Tower with Radar,30,36,19,19,104,0,0,15,5,20,30,36,34,24,124,2,12,14,138
10/28/2013,HSV,AL,ASO,CE,Combined TRACON& Tower with Radar,27,50,18,8,103,0,0,3,0,3,27,50,21,8,106,0,0,0,106
10/29/2013,HSV,AL,ASO,CE,Combined TRACON& Tower with Radar,26,57,9,31,123,0,1,10,0,11,26,58,19,31,134,12,80,92,226
10/30/2013,HSV,AL,ASO,CE,Combined TRACON& Tower with Radar,26,44,19,43,132,0,0,25,7,32,26,44,44,50,164,26,68,94,258
10/31/2013,HSV,AL,ASO,CE,Combined TRACON& Tower with Radar,28,34,11,10,83,0,1,1,0,2,28,35,12,10,85,0,12,12,97
11/01/2013,HSV,AL,ASO,CE,Combined TRACON& Tower with Radar,27,43,13,7,90,0,1,21,11,33,27,44,34,18,123,0,0,0,123
11/02/2013,HSV,AL,ASO,CE,Combined TRACON& Tower with Radar,14,24,20,0,58,0,0,32,0,32,14,24,52,0,90,8,0,8,98
11/03/2013,HSV,AL,ASO,CE,Combined TRACON& Tower with Radar,24,45,15,3,87,0,0,33,9,42,24,45,48,12,129,8,36,44,173
11/04/2013,HSV,AL,ASO,CE,Combined TRACON& Tower with Radar,27,45,14,38,124,0,0,16,5,21,27,45,30,43,145,0,0,0,145
11/05/2013,HSV,AL,ASO,CE,Combined TRACON& Tower with Radar,29,48,20,90,187,0,0,11,7,18,29,48,31,97,205,0,160,160,365
11/06/2013,HSV,AL,ASO,CE,Combined TRACON& Tower with Radar,27,44,21,37,129,0,2,6,2,10,27,46,27,39,139,12,66,78,217
11/07/2013,HSV,AL,ASO,CE,Combined TRACON& Tower with Radar,27,49,20,37,133,0,0,16,4,20,27,49,36,41,153,6,70,76,229
11/08/2013,HSV,AL,ASO,CE,Combined TRACON& Tower with Radar,27,44,21,22,114,0,0,33,4,37,27,44,54,26,151,18,92,110,261
11/09/2013,HSV,AL,ASO,CE,Combined TRACON& Tower with Radar,15,25,21,0,61,0,0,27,0,27,15,25,48,0,88,0,0,0,88
11/10/2013,HSV,AL,ASO,CE,Combined TRACON& Tower with Radar,24,40,19,0,83,0,0,33,0,33,24,40,52,0,116,0,0,0,116
11/11/2013,HSV,AL,ASO,CE,Combined TRACON& Tower with Radar,31,49,24,0,104,0,0,31,0,31,31,49,55,0,135,32,0,32,167
11/12/2013,HSV,AL,ASO,CE,Combined TRACON& Tower with Radar,27,40,23,34,124,0,0,0,4,4,27,40,23,38,128,0,42,42,170
11/13/2013,HSV,AL,ASO,CE,Combined TRACON& Tower with Radar,26,43,13,34,116,0,0,8,9,17,26,43,21,43,133,2,88,90,223
11/14/2013,HSV,AL,ASO,CE,Combined TRACON& Tower with Radar,29,47,37,70,183,0,0,23,5,28,29,47,60,75,211,6,100,106,317
11/15/2013,HSV,AL,ASO,CE,Combined TRACON& Tower with Radar,27,45,25,39,136,0,0,3,7,10,27,45,28,46,146,0,74,74,220
11/16/2013,HSV,AL,ASO,CE,Combined TRACON& Tower with Radar,19,23,29,51,122,0,0,3,0,3,19,23,32,51,125,16,0,16,141
11/17/2013,HSV,AL,ASO,CE,Combined TRACON& Tower with Radar,29,39,18,9,95,0,0,0,0,0,29,39,18,9,95,0,0,0,95
11/18/2013,HSV,AL,ASO,CE,Combined TRACON& Tower with Radar,29,42,22,16,109,0,2,14,6,22,29,44,36,22,131,10,64,74,205
11/19/2013,HSV,AL,ASO,CE,Combined TRACON& Tower with Radar,32,44,26,23,125,0,0,15,6,21,32,44,41,29,146,0,2,2,148
11/20/2013,HSV,AL,ASO,CE,Combined TRACON& Tower with Radar,31,46,15,62,154,0,0,16,2,18,31,46,31,64,172,8,70,78,250
11/21/2013,HSV,AL,ASO,CE,Combined TRACON& Tower with Radar,29,48,33,68,178,0,0,8,0,8,29,48,41,68,186,0,4,4,190
11/22/2013,HSV,AL,ASO,CE,Combined TRACON& Tower with Radar,30,45,10,12,97,0,0,0,0,0,30,45,10,12,97,0,0,0,97
11/23/2013,HSV,AL,ASO,CE,Combined TRACON& Tower with Radar,18,27,19,11,75,0,0,5,0,5,18,27,24,11,80,2,0,2,82
11/24/2013,HSV,AL,ASO,CE,Combined TRACON& Tower with Radar,22,32,5,18,77,0,0,24,2,26,22,32,29,20,103,0,0,0,103
11/25/2013,HSV,AL,ASO,CE,Combined TRACON& Tower with Radar,24,30,15,20,89,0,0,6,3,9,24,30,21,23,98,2,0,2,100
11/26/2013,HSV,AL,ASO,CE,Combined TRACON& Tower with Radar,29,42,6,2,79,0,0,0,0,0,29,42,6,2,79,0,0,0,79
11/27/2013,HSV,AL,ASO,CE,Combined TRACON& Tower with Radar,30,45,19,4,98,0,0,18,0,18,30,45,37,4,116,0,2,2,118
11/28/2013,HSV,AL,ASO,CE,Combined TRACON& Tower with Radar,17,18,3,0,38,0,0,13,0,13,17,18,16,0,51,0,0,0,51
11/29/2013,HSV,AL,ASO,CE,Combined TRACON& Tower with Radar,17,25,20,0,62,0,0,21,0,21,17,25,41,0,83,0,0,0,83
11/30/2013,HSV,AL,ASO,CE,Combined TRACON& Tower with Radar,16,40,23,0,79,0,0,16,0,16,16,40,39,0,95,2,0,2,97
12/01/2013,HSV,AL,ASO,CE,Combined TRACON& Tower with Radar,30,36,21,2,89,0,0,9,0,9,30,36,30,2,98,0,0,0,98
12/02/2013,HSV,AL,ASO,CE,Combined TRACON& Tower with Radar,30,46,25,14,115,0,0,0,0,0,30,46,25,14,115,0,0,0,115
12/03/2013,HSV,AL,ASO,CE,Combined TRACON& Tower with Radar,29,34,24,15,102,0,0,3,1,4,29,34,27,16,106,10,0,10,116
12/04/2013,HSV,AL,ASO,CE,Combined TRACON& Tower with Radar,34,34,29,40,137,0,0,10,5,15,34,34,39,45,152,10,116,126,278
12/05/2013,HSV,AL,ASO,CE,Combined TRACON& Tower with Radar,32,31,21,38,122,0,0,2,0,2,32,31,23,38,124,0,2,2,126
12/06/2013,HSV,AL,ASO,CE,Combined TRACON& Tower with Radar,31,31,9,24,95,0,0,0,0,0,31,31,9,24,95,0,0,0,95
12/07/2013,HSV,AL,ASO,CE,Combined TRACON& Tower with Radar,14,31,11,0,56,0,0,1,0,1,14,31,12,0,57,0,0,0,57
12/08/2013,HSV,AL,ASO,CE,Combined TRACON& Tower with Radar,21,23,5,2,51,0,0,0,0,0,21,23,5,2,51,0,0,0,51
12/09/2013,HSV,AL,ASO,CE,Combined TRACON& Tower with Radar,30,26,8,22,86,0,0,0,0,0,30,26,8,22,86,0,0,0,86
12/10/2013,HSV,AL,ASO,CE,Combined TRACON& Tower with Radar,26,43,22,53,144,0,2,8,5,15,26,45,30,58,159,32,58,90,249
12/11/2013,HSV,AL,ASO,CE,Combined TRACON& Tower with Radar,33,35,39,41,148,0,0,21,2,23,33,35,60,43,171,16,6,22,193
12/12/2013,HSV,AL,ASO,CE,Combined TRACON& Tower with Radar,31,41,35,33,140,0,0,18,4,22,31,41,53,37,162,0,50,50,212
12/13/2013,HSV,AL,ASO,CE,Combined TRACON& Tower with Radar,34,36,29,28,127,0,0,13,2,15,34,36,42,30,142,0,86,86,228
12/14/2013,HSV,AL,ASO,CE,Combined TRACON& Tower with Radar,18,23,18,4,63,0,0,0,0,0,18,23,18,4,63,0,0,0,63
12/15/2013,HSV,AL,ASO,CE,Combined TRACON& Tower with Radar,29,32,10,0,71,0,0,7,0,7,29,32,17,0,78,0,0,0,78
12/16/2013,HSV,AL,ASO,CE,Combined TRACON& Tower with Radar,31,33,16,11,91,0,0,18,2,20,31,33,34,13,111,50,30,80,191
12/17/2013,HSV,AL,ASO,CE,Combined TRACON& Tower with Radar,29,36,34,44,143,0,0,18,8,26,29,36,52,52,169,24,34,58,227
12/18/2013,HSV,AL,ASO,CE,Combined TRACON& Tower with Radar,33,42,15,18,108,0,0,14,5,19,33,42,29,23,127,10,38,48,175
12/19/2013,HSV,AL,ASO,CE,Combined TRACON& Tower with Radar,26,43,23,37,129,0,0,9,3,12,26,43,32,40,141,8,61,69,210
12/20/2013,HSV,AL,ASO,CE,Combined TRACON& Tower with Radar,29,41,25,15,110,0,0,5,1,6,29,41,30,16,116,0,44,44,160
12/21/2013,HSV,AL,ASO,CE,Combined TRACON& Tower with Radar,18,31,10,2,61,0,0,0,0,0,18,31,10,2,61,0,0,0,61
12/22/2013,HSV,AL,ASO,CE,Combined TRACON& Tower with Radar,23,32,19,0,74,0,0,2,0,2,23,32,21,0,76,0,0,0,76
12/23/2013,HSV,AL,ASO,CE,Combined TRACON& Tower with Radar,22,38,13,0,73,0,0,1,0,1,22,38,14,0,74,0,0,0,74
12/24/2013,HSV,AL,ASO,CE,Combined TRACON& Tower with Radar,15,23,7,0,45,0,0,14,0,14,15,23,21,0,59,22,0,22,81
12/25/2013,HSV,AL,ASO,CE,Combined TRACON& Tower with Radar,17,18,4,0,39,0,0,9,0,9,17,18,13,0,48,12,0,12,60
12/26/2013,HSV,AL,ASO,CE,Combined TRACON& Tower with Radar,23,39,12,8,82,0,0,20,0,20,23,39,32,8,102,16,0,16,118
12/27/2013,HSV,AL,ASO,CE,Combined TRACON& Tower with Radar,22,41,10,12,85,0,0,29,2,31,22,41,39,14,116,5,16,21,137
12/28/2013,HSV,AL,ASO,CE,Combined TRACON& Tower with Radar,16,29,9,0,54,0,0,4,0,4,16,29,13,0,58,4,0,4,62
12/29/2013,HSV,AL,ASO,CE,Combined TRACON& Tower with Radar,20,33,7,0,60,0,0,10,0,10,20,33,17,0,70,0,0,0,70
12/30/2013,HSV,AL,ASO,CE,Combined TRACON& Tower with Radar,22,40,7,0,69,0,0,1,0,1,22,40,8,0,70,0,0,0,70
12/31/2013,HSV,AL,ASO,CE,Combined TRACON& Tower with Radar,14,28,15,0,57,0,0,27,0,27,14,28,42,0,84,6,0,6,90
01/01/2014,HSV,AL,ASO,CE,Combined TRACON& Tower with Radar,17,22,17,0,56,0,0,21,0,21,17,22,38,0,77,0,0,0,77
01/02/2014,HSV,AL,ASO,CE,Combined TRACON& Tower with Radar,23,40,7,0,70,0,0,0,0,0,23,40,7,0,70,0,0,0,70
01/03/2014,HSV,AL,ASO,CE,Combined TRACON& Tower with Radar,19,32,20,40,111,0,0,12,1,13,19,32,32,41,124,6,82,88,212
01/04/2014,HSV,AL,ASO,CE,Combined TRACON& Tower with Radar,14,29,20,7,70,0,0,15,0,15,14,29,35,7,85,2,0,2,87
01/05/2014,HSV,AL,ASO,CE,Combined TRACON& Tower with Radar,23,26,9,0,58,0,0,0,0,0,23,26,9,0,58,0,0,0,58
01/06/2014,HSV,AL,ASO,CE,Combined TRACON& Tower with Radar,29,19,8,23,79,0,0,2,2,4,29,19,10,25,83,0,28,28,111
01/07/2014,HSV,AL,ASO,CE,Combined TRACON& Tower with Radar,33,28,18,7,86,0,0,4,3,7,33,28,22,10,93,0,0,0,93
01/08/2014,HSV,AL,ASO,CE,Combined TRACON& Tower with Radar,29,30,22,28,109,0,0,29,5,34,29,30,51,33,143,14,66,80,223
01/09/2014,HSV,AL,ASO,CE,Combined TRACON& Tower with Radar,32,36,10,27,105,0,0,12,4,16,32,36,22,31,121,27,74,101,222
01/10/2014,HSV,AL,ASO,CE,Combined TRACON& Tower with Radar,31,34,24,37,126,0,0,1,0,1,31,34,25,37,127,0,0,0,127
01/11/2014,HSV,AL,ASO,CE,Combined TRACON& Tower with Radar,20,15,17,2,54,0,0,12,0,12,20,15,29,2,66,0,0,0,66
01/12/2014,HSV,AL,ASO,CE,Combined TRACON& Tower with Radar,28,24,13,4,69,0,0,44,2,46,28,24,57,6,115,12,14,26,141
01/13/2014,HSV,AL,ASO,CE,Combined TRACON& Tower with Radar,34,33,10,28,105,0,0,0,5,5,34,33,10,33,110,0,24,24,134
01/14/2014,HSV,AL,ASO,CE,Combined TRACON& Tower with Radar,30,32,16,27,105,0,0,16,5,21,30,32,32,32,126,14,52,66,192
01/15/2014,HSV,AL,ASO,CE,Combined TRACON& Tower with Radar,30,33,15,9,87,0,0,14,1,15,30,33,29,10,102,30,26,56,158
01/16/2014,HSV,AL,ASO,CE,Combined TRACON& Tower with Radar,32,35,28,45,140,0,0,12,3,15,32,35,40,48,155,8,110,118,273
01/17/2014,HSV,AL,ASO,CE,Combined TRACON& Tower with Radar,32,30,16,14,92,0,0,9,12,21,32,30,25,26,113,0,32,32,145
01/18/2014,HSV,AL,ASO,CE,Combined TRACON& Tower with Radar,21,12,20,2,55,0,0,22,0,22,21,12,42,2,77,4,0,4,81
01/19/2014,HSV,AL,ASO,CE,Combined TRACON& Tower with Radar,29,23,17,0,69,0,0,24,8,32,29,23,41,8,101,22,0,22,123
01/20/2014,HSV,AL,ASO,CE,Combined TRACON& Tower with Radar,33,32,20,1,86,0,0,20,0,20,33,32,40,1,106,0,0,0,106
01/21/2014,HSV,AL,ASO,CE,Combined TRACON& Tower with Radar,30,22,14,19,85,0,0,3,6,9,30,22,17,25,94,0,100,100,194
01/22/2014,HSV,AL,ASO,CE,Combined TRACON& Tower with Radar,31,32,26,44,133,0,0,11,2,13,31,32,37,46,146,16,96,112,258
01/23/2014,HSV,AL,ASO,CE,Combined TRACON& Tower with Radar,30,32,21,50,133,0,0,15,4,19,30,32,36,54,152,0,32,32,184
01/24/2014,HSV,AL,ASO,CE,Combined TRACON& Tower with Radar,33,30,19,55,137,0,0,18,6,24,33,30,37,61,161,4,74,78,239
01/25/2014,HSV,AL,ASO,CE,Combined TRACON& Tower with Radar,21,15,8,3,47,0,0,17,1,18,21,15,25,4,65,2,0,2,67
01/26/2014,HSV,AL,ASO,CE,Combined TRACON& Tower with Radar,29,26,15,16,86,0,0,20,3,23,29,26,35,19,109,40,4,44,153
01/27/2014,HSV,AL,ASO,CE,Combined TRACON& Tower with Radar,33,30,12,33,108,0,0,11,7,18,33,30,23,40,126,0,126,126,252
01/28/2014,HSV,AL,ASO,CE,Combined TRACON& Tower with Radar,24,31,15,19,89,0,0,5,4,9,24,31,20,23,98,0,128,128,226
01/29/2014,HSV,AL,ASO,CE,Combined TRACON& Tower with Radar,24,31,12,25,92,0,0,16,5,21,24,31,28,30,113,18,84,102,215
01/30/2014,HSV,AL,ASO,CE,Combined TRACON& Tower with Radar,23,31,31,33,118,0,0,22,1,23,23,31,53,34,141,23,120,143,284
01/31/2014,HSV,AL,ASO,CE,Combined TRACON& Tower with Radar,28,31,22,25,106,0,0,27,7,34,28,31,49,32,140,43,128,171,311
02/01/2014,HSV,AL,ASO,CE,Combined TRACON& Tower with Radar,20,11,24,8,63,0,0,13,0,13,20,11,37,8,76,22,18,40,116
02/02/2014,HSV,AL,ASO,CE,Combined TRACON& Tower with Radar,34,21,10,0,65,0,0,0,0,0,34,21,10,0,65,0,0,0,65
02/03/2014,HSV,AL,ASO,CE,Combined TRACON& Tower with Radar,33,36,12,14,95,0,0,2,0,2,33,36,14,14,97,29,0,29,126
02/04/2014,HSV,AL,ASO,CE,Combined TRACON& Tower with Radar,30,35,16,37,118,0,0,2,2,4,30,35,18,39,122,0,0,0,122
02/05/2014,HSV,AL,ASO,CE,Combined TRACON& Tower with Radar,34,35,22,23,114,0,0,2,2,4,34,35,24,25,118,0,0,0,118
02/06/2014,HSV,AL,ASO,CE,Combined TRACON& Tower with Radar,30,39,13,17,99,0,0,7,2,9,30,39,20,19,108,22,70,92,200
02/07/2014,HSV,AL,ASO,CE,Combined TRACON& Tower with Radar,31,36,5,41,113,0,0,4,3,7,31,36,9,44,120,0,14,14,134
02/08/2014,HSV,AL,ASO,CE,Combined TRACON& Tower with Radar,18,11,12,8,49,0,0,16,0,16,18,11,28,8,65,6,0,6,71
02/09/2014,HSV,AL,ASO,CE,Combined TRACON& Tower with Radar,29,30,5,4,68,0,0,10,0,10,29,30,15,4,78,22,0,22,100
02/10/2014,HSV,AL,ASO,CE,Combined TRACON& Tower with Radar,30,29,6,12,77,0,0,2,1,3,30,29,8,13,80,2,30,32,112
02/11/2014,HSV,AL,ASO,CE,Combined TRACON& Tower with Radar,30,22,8,0,60,0,0,0,0,0,30,22,8,0,60,0,0,0,60
02/12/2014,HSV,AL,ASO,CE,Combined TRACON& Tower with Radar,8,8,2,0,18,0,0,0,0,0,8,8,2,0,18,0,0,0,18
02/13/2014,HSV,AL,ASO,CE,Combined TRACON& Tower with Radar,12,20,18,2,52,0,2,6,1,9,12,22,24,3,61,0,0,0,61
02/14/2014,HSV,AL,ASO,CE,Combined TRACON& Tower with Radar,24,30,21,10,85,0,0,10,2,12,24,30,31,12,97,8,50,58,155
02/15/2014,HSV,AL,ASO,CE,Combined TRACON& Tower with Radar,11,18,20,2,51,0,0,39,1,40,11,18,59,3,91,14,0,14,105
02/16/2014,HSV,AL,ASO,CE,Combined TRACON& Tower with Radar,29,23,10,4,66,0,0,22,3,25,29,23,32,7,91,8,4,12,103
02/17/2014,HSV,AL,ASO,CE,Combined TRACON& Tower with Radar,30,30,35,0,95,0,0,13,0,13,30,30,48,0,108,2,0,2,110
02/18/2014,HSV,AL,ASO,CE,Combined TRACON& Tower with Radar,35,39,33,34,141,0,0,17,3,20,35,39,50,37,161,6,134,140,301
02/19/2014,HSV,AL,ASO,CE,Combined TRACON& Tower with Radar,31,31,32,65,159,0,0,6,6,12,31,31,38,71,171,18,131,149,320
02/20/2014,HSV,AL,ASO,CE,Combined TRACON& Tower with Radar,30,27,14,28,99,0,0,0,2,2,30,27,14,30,101,0,0,0,101
02/21/2014,HSV,AL,ASO,CE,Combined TRACON& Tower with Radar,34,31,22,41,128,0,0,26,5,31,34,31,48,46,159,20,40,60,219
02/22/2014,HSV,AL,ASO,CE,Combined TRACON& Tower with Radar,19,13,16,8,56,0,0,48,4,52,19,13,64,12,108,30,18,48,156
02/23/2014,HSV,AL,ASO,CE,Combined TRACON& Tower with Radar,31,25,23,7,86,0,0,23,3,26,31,25,46,10,112,57,0,57,169
02/24/2014,HSV,AL,ASO,CE,Combined TRACON& Tower with Radar,31,40,10,86,167,0,0,12,16,28,31,40,22,102,195,14,172,186,381
02/25/2014,HSV,AL,ASO,CE,Combined TRACON& Tower with Radar,34,37,13,29,113,0,0,19,7,26,34,37,32,36,139,23,82,105,244
02/26/2014,HSV,AL,ASO,CE,Combined TRACON& Tower with Radar,30,35,26,55,146,0,0,15,9,24,30,35,41,64,170,14,70,84,254
02/27/2014,HSV,AL,ASO,CE,Combined TRACON& Tower with Radar,33,36,27,19,115,0,0,25,8,33,33,36,52,27,148,0,32,32,180
02/28/2014,HSV,AL,ASO,CE,Combined TRACON& Tower with Radar,32,30,11,27,100,0,0,19,9,28,32,30,30,36,128,4,50,54,182
03/01/2014,HSV,AL,ASO,CE,Combined TRACON& Tower with Radar,14,21,24,2,61,0,0,18,0,18,14,21,42,2,79,6,0,6,85
03/02/2014,HSV,AL,ASO,CE,Combined TRACON& Tower with Radar,27,29,16,0,72,0,0,9,2,11,27,29,25,2,83,30,2,32,115
03/03/2014,HSV,AL,ASO,CE,Combined TRACON& Tower with Radar,30,22,7,0,59,0,0,1,2,3,30,22,8,2,62,0,0,0,62
03/04/2014,HSV,AL,ASO,CE,Combined TRACON& Tower with Radar,29,31,20,37,117,0,0,5,0,5,29,31,25,37,122,12,90,102,224
03/05/2014,HSV,AL,ASO,CE,Combined TRACON& Tower with Radar,33,32,19,64,148,0,0,27,10,37,33,32,46,74,185,2,104,106,291
03/06/2014,HSV,AL,ASO,CE,Combined TRACON& Tower with Radar,31,28,24,39,122,0,0,15,7,22,31,28,39,46,144,6,148,154,298
03/07/2014,HSV,AL,ASO,CE,Combined TRACON& Tower with Radar,29,29,24,34,116,0,0,42,19,61,29,29,66,53,177,16,132,148,325
03/08/2014,HSV,AL,ASO,CE,Combined TRACON& Tower with Radar,16,16,13,0,45,0,0,41,0,41,16,16,54,0,86,18,0,18,104
03/09/2014,HSV,AL,ASO,CE,Combined TRACON& Tower with Radar,29,25,13,8,75,0,0,14,3,17,29,25,27,11,92,8,0,8,100
03/10/2014,HSV,AL,ASO,CE,Combined TRACON& Tower with Radar,63,31,8,20,122,0,0,29,7,36,63,31,37,27,158,0,0,0,158
03/11/2014,HSV,AL,ASO,CE,Combined TRACON& Tower with Radar,34,33,13,19,99,0,0,13,0,13,34,33,26,19,112,20,40,60,172
03/12/2014,HSV,AL,ASO,CE,Combined TRACON& Tower with Radar,32,34,15,20,101,0,0,1,8,9,32,34,16,28,110,0,24,24,134
03/13/2014,HSV,AL,ASO,CE,Combined TRACON& Tower with Radar,33,39,23,14,109,0,1,29,5,35,33,40,52,19,144,26,10,36,180
03/14/2014,HSV,AL,ASO,CE,Combined TRACON& Tower with Radar,32,30,24,6,92,0,0,19,1,20,32,30,43,7,112,16,18,34,146
03/15/2014,HSV,AL,ASO,CE,Combined TRACON& Tower with Radar,13,21,17,11,62,0,0,22,2,24,13,21,39,13,86,34,10,44,130
03/16/2014,HSV,AL,ASO,CE,Combined TRACON& Tower with Radar,28,29,16,17,90,0,0,1,0,1,28,29,17,17,91,0,0,0,91
03/17/2014,HSV,AL,ASO,CE,Combined TRACON& Tower with Radar,34,51,28,2,115,0,7,0,0,7,34,58,28,2,122,0,62,62,184
03/18/2014,HSV,AL,ASO,CE,Combined TRACON& Tower with Radar,35,35,29,25,124,0,0,1,1,2,35,35,30,26,126,4,8,12,138
03/19/2014,HSV,AL,ASO,CE,Combined TRACON& Tower with Radar,32,31,25,33,121,0,2,10,3,15,32,33,35,36,136,34,23,57,193
03/20/2014,HSV,AL,ASO,CE,Combined TRACON& Tower with Radar,46,34,22,39,141,0,0,22,11,33,46,34,44,50,174,12,52,64,238
03/21/2014,HSV,AL,ASO,CE,Combined TRACON& Tower with Radar,73,35,24,44,176,0,0,15,18,33,73,35,39,62,209,0,86,86,295
03/22/2014,HSV,AL,ASO,CE,Combined TRACON& Tower with Radar,15,22,13,9,59,0,0,24,2,26,15,22,37,11,85,18,8,26,111
03/23/2014,HSV,AL,ASO,CE,Combined TRACON& Tower with Radar,27,28,17,12,84,0,0,13,4,17,27,28,30,16,101,2,0,2,103
03/24/2014,HSV,AL,ASO,CE,Combined TRACON& Tower with Radar,37,36,8,23,104,1,0,21,8,30,38,36,29,31,134,0,0,0,134
03/25/2014,HSV,AL,ASO,CE,Combined TRACON& Tower with Radar,32,31,15,22,100,0,1,4,2,7,32,32,19,24,107,0,50,50,157
03/26/2014,HSV,AL,ASO,CE,Combined TRACON& Tower with Radar,32,31,20,24,107,0,0,26,7,33,32,31,46,31,140,6,120,126,266
03/27/2014,HSV,AL,ASO,CE,Combined TRACON& Tower with Radar,31,37,17,23,108,0,0,12,3,15,31,37,29,26,123,6,94,100,223
03/28/2014,HSV,AL,ASO,CE,Combined TRACON& Tower with Radar,32,34,8,11,85,0,0,4,1,5,32,34,12,12,90,4,2,6,96
03/29/2014,HSV,AL,ASO,CE,Combined TRACON& Tower with Radar,11,23,6,0,40,0,0,0,0,0,11,23,6,0,40,0,0,0,40
03/30/2014,HSV,AL,ASO,CE,Combined TRACON& Tower with Radar,27,29,29,13,98,0,0,26,3,29,27,29,55,16,127,10,0,10,137
03/31/2014,HSV,AL,ASO,CE,Combined TRACON& Tower with Radar,33,32,20,13,98,0,0,11,5,16,33,32,31,18,114,10,82,92,206
04/01/2014,HSV,AL,ASO,CE,Combined TRACON& Tower with Radar,34,29,20,51,134,0,1,19,4,24,34,30,39,55,158,8,72,80,238
04/02/2014,HSV,AL,ASO,CE,Combined TRACON& Tower with Radar,35,31,23,50,139,0,0,12,6,18,35,31,35,56,157,16,108,124,281
04/03/2014,HSV,AL,ASO,CE,Combined TRACON& Tower with Radar,33,27,24,46,130,0,0,8,7,15,33,27,32,53,145,32,172,204,349
04/04/2014,HSV,AL,ASO,CE,Combined TRACON& Tower with Radar,34,35,12,12,93,0,0,7,0,7,34,35,19,12,100,0,6,6,106
04/05/2014,HSV,AL,ASO,CE,Combined TRACON& Tower with Radar,16,16,12,7,51,0,0,37,0,37,16,16,49,7,88,11,12,23,111
04/06/2014,HSV,AL,ASO,CE,Combined TRACON& Tower with Radar,32,27,13,3,75,0,0,15,1,16,32,27,28,4,91,24,0,24,115
04/07/2014,HSV,AL,ASO,CE,Combined TRACON& Tower with Radar,34,34,12,10,90,0,0,0,3,3,34,34,12,13,93,0,12,12,105
04/08/2014,HSV,AL,ASO,CE,Combined TRACON& Tower with Radar,31,27,24,24,106,0,0,14,4,18,31,27,38,28,124,16,56,72,196
04/09/2014,HSV,AL,ASO,CE,Combined TRACON& Tower with Radar,37,31,20,24,112,9,0,39,3,51,46,31,59,27,163,49,37,86,249
04/10/2014,HSV,AL,ASO,CE,Combined TRACON& Tower with Radar,31,35,26,23,115,0,0,38,4,42,31,35,64,27,157,26,48,74,231
04/11/2014,HSV,AL,ASO,CE,Combined TRACON& Tower with Radar,32,34,32,22,120,0,1,34,13,48,32,35,66,35,168,20,94,114,282
04/12/2014,HSV,AL,ASO,CE,Combined TRACON& Tower with Radar,14,17,19,1,51,0,0,46,0,46,14,17,65,1,97,46,0,46,143
04/13/2014,HSV,AL,ASO,CE,Combined TRACON& Tower with Radar,30,29,20,4,83,0,0,31,0,31,30,29,51,4,114,26,0,26,140
04/14/2014,HSV,AL,ASO,CE,Combined TRACON& Tower with Radar,34,31,5,0,70,0,0,0,0,0,34,31,5,0,70,0,0,0,70
04/15/2014,HSV,AL,ASO,CE,Combined TRACON& Tower with Radar,33,32,11,23,99,0,0,10,5,15,33,32,21,28,114,6,70,76,190
04/16/2014,HSV,AL,ASO,CE,Combined TRACON& Tower with Radar,33,36,15,27,111,0,0,39,4,43,33,36,54,31,154,8,34,42,196
04/17/2014,HSV,AL,ASO,CE,Combined TRACON& Tower with Radar,33,31,26,57,147,0,0,37,10,47,33,31,63,67,194,6,84,90,284
04/18/2014,HSV,AL,ASO,CE,Combined TRACON& Tower with Radar,46,34,23,29,132,0,0,17,2,19,46,34,40,31,151,22,38,60,211
04/19/2014,HSV,AL,ASO,CE,Combined TRACON& Tower with Radar,13,17,18,0,48,0,0,37,0,37,13,17,55,0,85,18,0,18,103
04/20/2014,HSV,AL,ASO,CE,Combined TRACON& Tower with Radar,31,26,14,2,73,1,2,27,0,30,32,28,41,2,103,16,0,16,119
04/21/2014,HSV,AL,ASO,CE,Combined TRACON& Tower with Radar,33,33,26,32,124,0,0,16,0,16,33,33,42,32,140,12,90,102,242
04/22/2014,HSV,AL,ASO,CE,Combined TRACON& Tower with Radar,33,28,13,52,126,0,0,7,1,8,33,28,20,53,134,8,18,26,160
04/23/2014,HSV,AL,ASO,CE,Combined TRACON& Tower with Radar,33,28,17,39,117,0,0,47,12,59,33,28,64,51,176,28,72,100,276
04/24/2014,HSV,AL,ASO,CE,Combined TRACON& Tower with Radar,28,41,11,22,102,0,0,22,1,23,28,41,33,23,125,4,12,16,141
04/25/2014,HSV,AL,ASO,CE,Combined TRACON& Tower with Radar,32,33,8,37,110,0,0,17,2,19,32,33,25,39,129,6,86,92,221
04/26/2014,HSV,AL,ASO,CE,Combined TRACON& Tower with Radar,16,15,17,15,63,0,0,46,2,48,16,15,63,17,111,6,12,18,129
04/27/2014,HSV,AL,ASO,CE,Combined TRACON& Tower with Radar,32,26,8,0,66,0,0,6,0,6,32,26,14,0,72,2,0,2,74
04/28/2014,HSV,AL,ASO,CE,Combined TRACON& Tower with Radar,33,24,5,12,74,0,0,0,0,0,33,24,5,12,74,0,0,0,74
04/29/2014,HSV,AL,ASO,CE,Combined TRACON& Tower with Radar,33,26,11,35,105,0,0,3,4,7,33,26,14,39,112,4,38,42,154
04/30/2014,HSV,AL,ASO,CE,Combined TRACON& Tower with Radar,32,26,18,32,108,0,0,22,4,26,32,26,40,36,134,15,66,81,215
05/01/2014,HSV,AL,ASO,CE,Combined TRACON& Tower with Radar,30,36,44,22,132,0,0,25,8,33,30,36,69,30,165,12,40,52,217
05/02/2014,HSV,AL,ASO,CE,Combined TRACON& Tower with Radar,30,33,15,23,101,0,0,18,1,19,30,33,33,24,120,24,24,48,168
05/03/2014,HSV,AL,ASO,CE,Combined TRACON& Tower with Radar,21,13,12,9,55,0,0,20,0,20,21,13,32,9,75,20,0,20,95
05/04/2014,HSV,AL,ASO,CE,Combined TRACON& Tower with Radar,28,32,13,20,93,0,0,18,2,20,28,32,31,22,113,18,4,22,135
05/05/2014,HSV,AL,ASO,CE,Combined TRACON& Tower with Radar,32,36,25,45,138,0,0,17,4,21,32,36,42,49,159,0,40,40,199
05/06/2014,HSV,AL,ASO,CE,Combined TRACON& Tower with Radar,32,34,20,46,132,0,0,19,6,25,32,34,39,52,157,28,56,84,241
05/07/2014,HSV,AL,ASO,CE,Combined TRACON& Tower with Radar,34,31,23,26,114,0,0,17,4,21,34,31,40,30,135,6,36,42,177
05/08/2014,HSV,AL,ASO,CE,Combined TRACON& Tower with Radar,49,35,21,53,158,0,0,10,11,21,49,35,31,64,179,12,44,56,235
05/09/2014,HSV,AL,ASO,CE,Combined TRACON& Tower with Radar,30,35,12,25,102,0,0,1,1,2,30,35,13,26,104,0,30,30,134
05/10/2014,HSV,AL,ASO,CE,Combined TRACON& Tower with Radar,19,18,26,0,63,0,0,16,0,16,19,18,42,0,79,34,0,34,113
05/11/2014,HSV,AL,ASO,CE,Combined TRACON& Tower with Radar,30,26,9,0,65,0,0,10,0,10,30,26,19,0,75,0,0,0,75
05/12/2014,HSV,AL,ASO,CE,Combined TRACON& Tower with Radar,32,30,29,45,136,0,0,9,5,14,32,30,38,50,150,4,66,70,220
05/13/2014,HSV,AL,ASO,CE,Combined TRACON& Tower with Radar,34,26,33,55,148,0,0,11,12,23,34,26,44,67,171,12,140,152,323
05/14/2014,HSV,AL,ASO,CE,Combined TRACON& Tower with Radar,32,34,15,33,114,0,0,0,0,0,32,34,15,33,114,0,74,74,188
05/15/2014,HSV,AL,ASO,CE,Combined TRACON& Tower with Radar,33,40,23,38,134,0,0,9,1,10,33,40,32,39,144,8,38,46,190
05/16/2014,HSV,AL,ASO,CE,Combined TRACON& Tower with Radar,34,34,19,32,119,0,0,22,4,26,34,34,41,36,145,4,16,20,165
05/17/2014,HSV,AL,ASO,CE,Combined TRACON& Tower with Radar,22,17,7,8,54,0,0,6,0,6,22,17,13,8,60,0,0,0,60
05/18/2014,HSV,AL,ASO,CE,Combined TRACON& Tower with Radar,30,26,10,2,68,0,0,1,3,4,30,26,11,5,72,0,0,0,72
05/19/2014,HSV,AL,ASO,CE,Combined TRACON& Tower with Radar,33,35,23,35,126,0,0,14,1,15,33,35,37,36,141,0,30,30,171
05/20/2014,HSV,AL,ASO,CE,Combined TRACON& Tower with Radar,32,35,18,46,131,0,0,15,4,19,32,35,33,50,150,0,2,2,152
05/21/2014,HSV,AL,ASO,CE,Combined TRACON& Tower with Radar,18,27,11,12,68,0,0,25,1,26,18,27,36,13,94,18,10,28,122
05/22/2014,HSV,AL,ASO,CE,Combined TRACON& Tower with Radar,33,38,27,29,127,0,0,15,3,18,33,38,42,32,145,8,16,24,169
05/23/2014,HSV,AL,ASO,CE,Combined TRACON& Tower with Radar,32,35,17,0,84,0,0,20,0,20,32,35,37,0,104,14,0,14,118
05/24/2014,HSV,AL,ASO,CE,Combined TRACON& Tower with Radar,19,16,8,0,43,0,0,18,0,18,19,16,26,0,61,12,0,12,73
05/25/2014,HSV,AL,ASO,CE,Combined TRACON& Tower with Radar,23,13,7,0,43,0,0,26,0,26,23,13,33,0,69,16,0,16,85
05/26/2014,HSV,AL,ASO,CE,Combined TRACON& Tower with Radar,30,26,9,0,65,0,0,13,0,13,30,26,22,0,78,0,0,0,78
05/27/2014,HSV,AL,ASO,CE,Combined TRACON& Tower with Radar,29,35,22,45,131,0,0,15,3,18,29,35,37,48,149,22,76,98,247
05/28/2014,HSV,AL,ASO,CE,Combined TRACON& Tower with Radar,33,34,17,51,135,0,0,5,6,11,33,34,22,57,146,0,50,50,196
05/29/2014,HSV,AL,ASO,CE,Combined TRACON& Tower with Radar,31,34,14,45,124,0,0,8,6,14,31,34,22,51,138,0,88,88,226
05/30/2014,HSV,AL,ASO,CE,Combined TRACON& Tower with Radar,32,34,18,68,152,0,0,6,13,19,32,34,24,81,171,0,8,8,179
05/31/2014,HSV,AL,ASO,CE,Combined TRACON& Tower with Radar,40,17,10,8,75,0,0,21,7,28,40,17,31,15,103,14,4,18,121
06/01/2014,HSV,AL,ASO,CE,Combined TRACON& Tower with Radar,27,24,12,36,99,0,0,2,8,10,27,24,14,44,109,0,14,14,123
06/02/2014,HSV,AL,ASO,CE,Combined TRACON& Tower with Radar,32,34,17,65,148,0,1,8,6,15,32,35,25,71,163,0,0,0,163
06/03/2014,HSV,AL,ASO,CE,Combined TRACON& Tower with Radar,30,35,17,31,113,0,0,10,3,13,30,35,27,34,126,6,18,24,150
06/04/2014,HSV,AL,ASO,CE,Combined TRACON& Tower with Radar,33,30,18,56,137,0,0,21,3,24,33,30,39,59,161,16,138,154,315
06/05/2014,HSV,AL,ASO,CE,Combined TRACON& Tower with Radar,36,31,12,22,101,0,0,0,0,0,36,31,12,22,101,6,14,20,121
06/06/2014,HSV,AL,ASO,CE,Combined TRACON& Tower with Radar,33,31,10,10,84,0,0,3,1,4,33,31,13,11,88,10,0,10,98
06/07/2014,HSV,AL,ASO,CE,Combined TRACON& Tower with Radar,16,20,20,0,56,0,0,7,0,7,16,20,27,0,63,0,0,0,63
06/08/2014,HSV,AL,ASO,CE,Combined TRACON& Tower with Radar,24,26,16,35,101,0,0,11,4,15,24,26,27,39,116,4,4,8,124
06/09/2014,HSV,AL,ASO,CE,Combined TRACON& Tower with Radar,31,31,4,3,69,0,0,2,2,4,31,31,6,5,73,0,0,0,73
06/10/2014,HSV,AL,ASO,CE,Combined TRACON& Tower with Radar,32,31,11,4,78,0,0,2,2,4,32,31,13,6,82,2,0,2,84
06/11/2014,HSV,AL,ASO,CE,Combined TRACON& Tower with Radar,31,37,15,29,112,0,0,10,9,19,31,37,25,38,131,4,60,64,195
06/12/2014,HSV,AL,ASO,CE,Combined TRACON& Tower with Radar,30,32,23,33,118,0,0,18,10,28,30,32,41,43,146,20,46,66,212
06/13/2014,HSV,AL,ASO,CE,Combined TRACON& Tower with Radar,29,40,20,106,195,0,2,8,7,17,29,42,28,113,212,6,40,46,258
06/14/2014,HSV,AL,ASO,CE,Combined TRACON& Tower with Radar,19,17,2,12,50,0,0,26,0,26,19,17,28,12,76,22,0,22,98
06/15/2014,HSV,AL,ASO,CE,Combined TRACON& Tower with Radar,37,29,13,16,95,0,0,30,4,34,37,29,43,20,129,8,0,8,137
06/16/2014,HSV,AL,ASO,CE,Combined TRACON& Tower with Radar,35,39,16,12,102,0,0,8,2,10,35,39,24,14,112,0,70,70,182
06/17/2014,HSV,AL,ASO,CE,Combined TRACON& Tower with Radar,32,34,17,30,113,0,0,14,10,24,32,34,31,40,137,4,108,112,249
06/18/2014,HSV,AL,ASO,CE,Combined TRACON& Tower with Radar,26,21,21,5,73,0,0,7,1,8,26,21,28,6,81,12,7,19,100
06/19/2014,HSV,AL,ASO,CE,Combined TRACON& Tower with Radar,33,26,23,36,118,0,0,17,2,19,33,26,40,38,137,14,54,68,205
06/20/2014,HSV,AL,ASO,CE,Combined TRACON& Tower with Radar,33,31,20,30,114,0,0,27,7,34,33,31,47,37,148,22,18,40,188
06/21/2014,HSV,AL,ASO,CE,Combined TRACON& Tower with Radar,25,17,9,11,62,0,0,20,3,23,25,17,29,14,85,14,4,18,103
06/22/2014,HSV,AL,ASO,CE,Combined TRACON& Tower with Radar,27,28,12,10,77,0,0,26,5,31,27,28,38,15,108,0,8,8,116
06/23/2014,HSV,AL,ASO,CE,Combined TRACON& Tower with Radar,32,31,9,26,98,0,0,6,4,10,32,31,15,30,108,2,76,78,186
06/24/2014,HSV,AL,ASO,CE,Combined TRACON& Tower with Radar,29,33,16,32,110,0,0,3,9,12,29,33,19,41,122,0,46,46,168
06/25/2014,HSV,AL,ASO,CE,Combined TRACON& Tower with Radar,31,36,32,36,135,0,0,9,4,13,31,36,41,40,148,20,54,74,222
06/26/2014,HSV,AL,ASO,CE,Combined TRACON& Tower with Radar,32,33,21,19,105,0,0,6,3,9,32,33,27,22,114,0,2,2,116
06/27/2014,HSV,AL,ASO,CE,Combined TRACON& Tower with Radar,33,35,8,60,136,0,0,9,7,16,33,35,17,67,152,0,42,42,194
06/28/2014,HSV,AL,ASO,CE,Combined TRACON& Tower with Radar,18,19,11,45,93,0,0,14,7,21,18,19,25,52,114,0,4,4,118
06/29/2014,HSV,AL,ASO,CE,Combined TRACON& Tower with Radar,27,24,14,0,65,0,0,5,0,5,27,24,19,0,70,0,0,0,70
06/30/2014,HSV,AL,ASO,CE,Combined TRACON& Tower with Radar,35,25,25,17,102,0,0,9,3,12,35,25,34,20,114,0,123,123,237
07/01/2014,HSV,AL,ASO,CE,Combined TRACON& Tower with Radar,31,39,23,33,126,0,0,14,16,30,31,39,37,49,156,0,84,84,240
07/02/2014,HSV,AL,ASO,CE,Combined TRACON& Tower with Radar,33,29,15,44,121,0,0,11,7,18,33,29,26,51,139,0,53,53,192
07/03/2014,HSV,AL,ASO,CE,Combined TRACON& Tower with Radar,26,32,19,19,96,0,0,29,5,34,26,32,48,24,130,4,34,38,168
07/04/2014,HSV,AL,ASO,CE,Combined TRACON& Tower with Radar,19,13,13,0,45,0,0,30,0,30,19,13,43,0,75,0,0,0,75
07/05/2014,HSV,AL,ASO,CE,Combined TRACON& Tower with Radar,20,19,11,0,50,0,0,20,0,20,20,19,31,0,70,14,0,14,84
07/06/2014,HSV,AL,ASO,CE,Combined TRACON& Tower with Radar,28,29,19,0,76,0,0,22,0,22,28,29,41,0,98,0,0,0,98
07/07/2014,HSV,AL,ASO,CE,Combined TRACON& Tower with Radar,31,35,11,10,87,0,0,12,0,12,31,35,23,10,99,0,0,0,99
07/08/2014,HSV,AL,ASO,CE,Combined TRACON& Tower with Radar,30,36,16,17,99,0,0,4,1,5,30,36,20,18,104,0,36,36,140
07/09/2014,HSV,AL,ASO,CE,Combined TRACON& Tower with Radar,31,37,12,39,119,0,0,6,7,13,31,37,18,46,132,0,86,86,218
07/10/2014,HSV,AL,ASO,CE,Combined TRACON& Tower with Radar,28,38,27,32,125,0,0,12,6,18,28,38,39,38,143,0,80,80,223
07/11/2014,HSV,AL,ASO,CE,Combined TRACON& Tower with Radar,33,35,24,72,164,0,0,26,6,32,33,35,50,78,196,8,130,138,334
07/12/2014,HSV,AL,ASO,CE,Combined TRACON& Tower with Radar,17,17,8,16,58,0,0,27,0,27,17,17,35,16,85,12,0,12,97
07/13/2014,HSV,AL,ASO,CE,Combined TRACON& Tower with Radar,26,30,8,13,77,0,0,12,3,15,26,30,20,16,92,6,36,42,134
07/14/2014,HSV,AL,ASO,CE,Combined TRACON& Tower with Radar,35,33,15,21,104,0,0,1,0,1,35,33,16,21,105,0,0,0,105
07/15/2014,HSV,AL,ASO,CE,Combined TRACON& Tower with Radar,24,37,24,68,153,0,0,2,3,5,24,37,26,71,158,0,58,58,216
07/16/2014,HSV,AL,ASO,CE,Combined TRACON& Tower with Radar,30,37,22,51,140,0,0,28,11,39,30,37,50,62,179,14,70,84,263
07/17/2014,HSV,AL,ASO,CE,Combined TRACON& Tower with Radar,23,42,10,56,131,0,0,30,6,36,23,42,40,62,167,8,108,116,283
07/18/2014,HSV,AL,ASO,CE,Combined TRACON& Tower with Radar,30,29,16,25,100,0,0,5,3,8,30,29,21,28,108,0,114,114,222
07/19/2014,HSV,AL,ASO,CE,Combined TRACON& Tower with Radar,19,16,5,4,44,0,0,4,0,4,19,16,9,4,48,32,6,38,86
07/20/2014,HSV,AL,ASO,CE,Combined TRACON& Tower with Radar,27,32,15,0,74,0,0,20,2,22,27,32,35,2,96,10,0,10,106
07/21/2014,HSV,AL,ASO,CE,Combined TRACON& Tower with Radar,31,31,21,32,115,0,0,3,1,4,31,31,24,33,119,4,100,104,223
07/22/2014,HSV,AL,ASO,CE,Combined TRACON& Tower with Radar,28,39,11,37,115,0,0,8,3,11,28,39,19,40,126,4,32,36,162
07/23/2014,HSV,AL,ASO,CE,Combined TRACON& Tower with Radar,27,35,20,48,130,0,0,7,5,12,27,35,27,53,142,16,30,46,188
07/24/2014,HSV,AL,ASO,CE,Combined TRACON& Tower with Radar,42,40,23,31,136,0,0,6,5,11,42,40,29,36,147,0,76,76,223
07/25/2014,HSV,AL,ASO,CE,Combined TRACON& Tower with Radar,28,36,22,64,150,0,0,26,9,35,28,36,48,73,185,0,142,142,327
07/26/2014,HSV,AL,ASO,CE,Combined TRACON& Tower with Radar,17,17,16,14,64,0,2,39,5,46,17,19,55,19,110,6,20,26,136
07/27/2014,HSV,AL,ASO,CE,Combined TRACON& Tower with Radar,28,27,10,17,82,0,0,11,2,13,28,27,21,19,95,0,26,26,121
07/28/2014,HSV,AL,ASO,CE,Combined TRACON& Tower with Radar,33,34,18,24,109,0,0,21,6,27,33,34,39,30,136,0,104,104,240
07/29/2014,HSV,AL,ASO,CE,Combined TRACON& Tower with Radar,30,42,23,39,134,0,0,23,14,37,30,42,46,53,171,0,154,154,325
07/30/2014,HSV,AL,ASO,CE,Combined TRACON& Tower with Radar,30,36,22,51,139,0,0,13,4,17,30,36,35,55,156,12,88,100,256
07/31/2014,HSV,AL,ASO,CE,Combined TRACON& Tower with Radar,25,40,23,23,111,0,0,5,8,13,25,40,28,31,124,2,60,62,186
08/01/2014,HSV,AL,ASO,CE,Combined TRACON& Tower with Radar,32,33,15,101,181,0,0,18,12,30,32,33,33,113,211,2,76,78,289
08/02/2014,HSV,AL,ASO,CE,Combined TRACON& Tower with Radar,19,17,15,2,53,0,0,14,2,16,19,17,29,4,69,2,0,2,71
08/03/2014,HSV,AL,ASO,CE,Combined TRACON& Tower with Radar,27,31,11,17,86,0,0,17,4,21,27,31,28,21,107,6,8,14,121
08/04/2014,HSV,AL,ASO,CE,Combined TRACON& Tower with Radar,31,40,14,39,124,0,0,24,1,25,31,40,38,40,149,10,8,18,167
08/05/2014,HSV,AL,ASO,CE,Combined TRACON& Tower with Radar,31,36,31,53,151,0,0,27,3,30,31,36,58,56,181,0,102,102,283
08/06/2014,HSV,AL,ASO,CE,Combined TRACON& Tower with Radar,32,36,12,81,161,4,2,20,7,33,36,38,32,88,194,12,92,104,298
08/07/2014,HSV,AL,ASO,CE,Combined TRACON& Tower with Radar,31,38,20,20,109,0,0,19,3,22,31,38,39,23,131,6,42,48,179
08/08/2014,HSV,AL,ASO,CE,Combined TRACON& Tower with Radar,45,35,16,23,119,0,0,13,2,15,45,35,29,25,134,0,0,0,134
08/09/2014,HSV,AL,ASO,CE,Combined TRACON& Tower with Radar,18,23,12,1,54,0,0,12,0,12,18,23,24,1,66,8,0,8,74
08/10/2014,HSV,AL,ASO,CE,Combined TRACON& Tower with Radar,26,32,19,18,95,0,0,14,1,15,26,32,33,19,110,6,8,14,124
08/11/2014,HSV,AL,ASO,CE,Combined TRACON& Tower with Radar,32,32,14,9,87,0,0,8,1,9,32,32,22,10,96,20,0,20,116
08/12/2014,HSV,AL,ASO,CE,Combined TRACON& Tower with Radar,30,36,28,35,129,0,0,8,3,11,30,36,36,38,140,0,32,32,172
08/13/2014,HSV,AL,ASO,CE,Combined TRACON& Tower with Radar,30,35,28,21,114,0,0,39,9,48,30,35,67,30,162,0,76,76,238
08/14/2014,HSV,AL,ASO,CE,Combined TRACON& Tower with Radar,30,38,28,17,113,0,0,46,11,57,30,38,74,28,170,10,114,124,294
08/15/2014,HSV,AL,ASO,CE,Combined TRACON& Tower with Radar,29,35,16,46,126,0,2,38,2,42,29,37,54,48,168,2,78,80,248
08/16/2014,HSV,AL,ASO,CE,Combined TRACON& Tower with Radar,18,21,13,20,72,0,0,41,4,45,18,21,54,24,117,8,10,18,135
08/17/2014,HSV,AL,ASO,CE,Combined TRACON& Tower with Radar,24,27,22,0,73,0,0,13,0,13,24,27,35,0,86,0,0,0,86
08/18/2014,HSV,AL,ASO,CE,Combined TRACON& Tower with Radar,30,30,13,10,83,0,0,3,0,3,30,30,16,10,86,0,24,24,110
08/19/2014,HSV,AL,ASO,CE,Combined TRACON& Tower with Radar,32,34,30,23,119,0,0,10,1,11,32,34,40,24,130,0,0,0,130
08/20/2014,HSV,AL,ASO,CE,Combined TRACON& Tower with Radar,43,33,15,46,137,0,0,13,0,13,43,33,28,46,150,2,70,72,222
08/21/2014,HSV,AL,ASO,CE,Combined TRACON& Tower with Radar,29,34,27,29,119,0,0,31,3,34,29,34,58,32,153,18,74,92,245
08/22/2014,HSV,AL,ASO,CE,Combined TRACON& Tower with Radar,32,35,9,34,110,0,4,11,9,24,32,39,20,43,134,14,68,82,216
08/23/2014,HSV,AL,ASO,CE,Combined TRACON& Tower with Radar,16,15,4,19,54,0,0,17,1,18,16,15,21,20,72,6,12,18,90
08/24/2014,HSV,AL,ASO,CE,Combined TRACON& Tower with Radar,25,26,3,34,88,0,0,9,4,13,25,26,12,38,101,8,56,64,165
08/25/2014,HSV,AL,ASO,CE,Combined TRACON& Tower with Radar,30,35,18,52,135,0,2,18,0,20,30,37,36,52,155,0,124,124,279
08/26/2014,HSV,AL,ASO,CE,Combined TRACON& Tower with Radar,29,34,23,48,134,0,0,24,9,33,29,34,47,57,167,21,190,211,378
08/27/2014,HSV,AL,ASO,CE,Combined TRACON& Tower with Radar,36,35,27,74,172,1,2,34,10,47,37,37,61,84,219,20,134,154,373
08/28/2014,HSV,AL,ASO,CE,Combined TRACON& Tower with Radar,29,38,21,40,128,0,2,22,6,30,29,40,43,46,158,8,34,42,200
08/29/2014,HSV,AL,ASO,CE,Combined TRACON& Tower with Radar,30,37,28,10,105,0,2,26,0,28,30,39,54,10,133,10,16,26,159
08/30/2014,HSV,AL,ASO,CE,Combined TRACON& Tower with Radar,14,13,6,0,33,0,0,13,0,13,14,13,19,0,46,14,0,14,60
08/31/2014,HSV,AL,ASO,CE,Combined TRACON& Tower with Radar,18,14,10,0,42,0,0,2,0,2,18,14,12,0,44,0,0,0,44
09/01/2014,HSV,AL,ASO,CE,Combined TRACON& Tower with Radar,28,28,10,0,66,0,2,24,0,26,28,30,34,0,92,2,0,2,94
09/02/2014,HSV,AL,ASO,CE,Combined TRACON& Tower with Radar,35,38,21,21,115,0,2,6,3,11,35,40,27,24,126,0,78,78,204
09/03/2014,HSV,AL,ASO,CE,Combined TRACON& Tower with Radar,31,35,15,31,112,0,0,2,0,2,31,35,17,31,114,6,0,6,120
09/04/2014,HSV,AL,ASO,CE,Combined TRACON& Tower with Radar,29,38,22,15,104,0,0,9,1,10,29,38,31,16,114,1,4,5,119
09/05/2014,HSV,AL,ASO,CE,Combined TRACON& Tower with Radar,28,32,23,21,104,0,0,13,3,16,28,32,36,24,120,12,12,24,144
09/06/2014,HSV,AL,ASO,CE,Combined TRACON& Tower with Radar,16,15,11,0,42,0,0,9,1,10,16,15,20,1,52,18,0,18,70
09/07/2014,HSV,AL,ASO,CE,Combined TRACON& Tower with Radar,34,30,30,16,110,0,0,15,4,19,34,30,45,20,129,0,0,0,129
09/08/2014,HSV,AL,ASO,CE,Combined TRACON& Tower with Radar,29,37,29,52,147,0,0,4,7,11,29,37,33,59,158,12,24,36,194
09/09/2014,HSV,AL,ASO,CE,Combined TRACON& Tower with Radar,29,41,20,11,101,0,0,3,5,8,29,41,23,16,109,12,0,12,121
09/10/2014,HSV,AL,ASO,CE,Combined TRACON& Tower with Radar,30,34,23,20,107,0,0,5,4,9,30,34,28,24,116,0,28,28,144
09/11/2014,HSV,AL,ASO,CE,Combined TRACON& Tower with Radar,30,42,18,11,101,0,0,2,2,4,30,42,20,13,105,0,24,24,129
09/12/2014,HSV,AL,ASO,CE,Combined TRACON& Tower with Radar,30,36,21,38,125,0,0,3,4,7,30,36,24,42,132,10,36,46,178
09/13/2014,HSV,AL,ASO,CE,Combined TRACON& Tower with Radar,16,22,13,22,73,0,0,7,1,8,16,22,20,23,81,14,4,18,99
09/14/2014,HSV,AL,ASO,CE,Combined TRACON& Tower with Radar,27,34,12,11,84,0,0,29,7,36,27,34,41,18,120,8,0,8,128
09/15/2014,HSV,AL,ASO,CE,Combined TRACON& Tower with Radar,29,37,22,29,117,0,0,3,0,3,29,37,25,29,120,0,34,34,154
09/16/2014,HSV,AL,ASO,CE,Combined TRACON& Tower with Radar,28,36,21,39,124,0,0,19,11,30,28,36,40,50,154,8,110,118,272
09/17/2014,HSV,AL,ASO,CE,Combined TRACON& Tower with Radar,29,33,29,46,137,0,0,22,9,31,29,33,51,55,168,8,68,76,244
09/18/2014,HSV,AL,ASO,CE,Combined TRACON& Tower with Radar,28,32,19,33,112,0,0,19,8,27,28,32,38,41,139,0,138,138,277
09/19/2014,HSV,AL,ASO,CE,Combined TRACON& Tower with Radar,28,41,22,32,123,0,0,33,16,49,28,41,55,48,172,0,60,60,232
09/20/2014,HSV,AL,ASO,CE,Combined TRACON& Tower with Radar,15,25,16,7,63,0,0,46,1,47,15,25,62,8,110,6,12,18,128
09/21/2014,HSV,AL,ASO,CE,Combined TRACON& Tower with Radar,27,29,15,29,100,0,0,27,7,34,27,29,42,36,134,6,14,20,154
09/22/2014,HSV,AL,ASO,CE,Combined TRACON& Tower with Radar,29,39,22,45,135,0,0,20,4,24,29,39,42,49,159,2,98,100,259
09/23/2014,HSV,AL,ASO,CE,Combined TRACON& Tower with Radar,29,39,27,82,177,0,0,23,7,30,29,39,50,89,207,16,86,102,309
09/24/2014,HSV,AL,ASO,CE,Combined TRACON& Tower with Radar,29,35,28,51,143,0,0,19,12,31,29,35,47,63,174,2,70,72,246
09/25/2014,HSV,AL,ASO,CE,Combined TRACON& Tower with Radar,28,44,34,28,134,0,0,32,2,34,28,44,66,30,168,12,72,84,252
09/26/2014,HSV,AL,ASO,CE,Combined TRACON& Tower with Radar,31,32,24,80,167,0,1,29,9,39,31,33,53,89,206,20,72,92,298
09/27/2014,HSV,AL,ASO,CE,Combined TRACON& Tower with Radar,15,14,17,22,68,0,0,32,1,33,15,14,49,23,101,44,4,48,149
09/28/2014,HSV,AL,ASO,CE,Combined TRACON& Tower with Radar,29,35,25,6,95,0,0,30,8,38,29,35,55,14,133,12,18,30,163
09/29/2014,HSV,AL,ASO,CE,Combined TRACON& Tower with Radar,30,31,16,34,111,0,0,10,5,15,30,31,26,39,126,0,76,76,202
09/30/2014,HSV,AL,ASO,CE,Combined TRACON& Tower with Radar,30,32,44,22,128,0,0,22,5,27,30,32,66,27,155,0,0,0,155
10/01/2014,HSV,AL,ASO,CE,Combined TRACON& Tower with Radar,27,34,28,34,123,0,2,21,5,28,27,36,49,39,151,12,86,98,249
10/02/2014,HSV,AL,ASO,CE,Combined TRACON& Tower with Radar,25,37,19,43,124,0,0,6,16,22,25,37,25,59,146,0,81,81,227
10/03/2014,HSV,AL,ASO,CE,Combined TRACON& Tower with Radar,26,29,12,29,96,0,0,5,3,8,26,29,17,32,104,0,0,0,104
10/04/2014,HSV,AL,ASO,CE,Combined TRACON& Tower with Radar,13,14,15,12,54,0,0,24,4,28,13,14,39,16,82,10,2,12,94
10/05/2014,HSV,AL,ASO,CE,Combined TRACON& Tower with Radar,22,33,25,4,84,0,0,31,6,37,22,33,56,10,121,0,14,14,135
10/06/2014,HSV,AL,ASO,CE,Combined TRACON& Tower with Radar,27,30,13,25,95,0,0,5,5,10,27,30,18,30,105,0,36,36,141
10/07/2014,HSV,AL,ASO,CE,Combined TRACON& Tower with Radar,24,33,11,26,94,0,0,8,5,13,24,33,19,31,107,0,36,36,143
10/08/2014,HSV,AL,ASO,CE,Combined TRACON& Tower with Radar,26,35,19,32,112,0,0,12,4,16,26,35,31,36,128,12,70,82,210
10/09/2014,HSV,AL,ASO,CE,Combined TRACON& Tower with Radar,24,38,32,21,115,0,0,32,1,33,24,38,64,22,148,0,0,0,148
10/10/2014,HSV,AL,ASO,CE,Combined TRACON& Tower with Radar,24,31,13,29,97,0,0,16,6,22,24,31,29,35,119,0,54,54,173
10/11/2014,HSV,AL,ASO,CE,Combined TRACON& Tower with Radar,12,20,28,0,60,0,0,1,0,1,12,20,29,0,61,6,0,6,67
10/12/2014,HSV,AL,ASO,CE,Combined TRACON& Tower with Radar,23,26,13,0,62,0,0,1,0,1,23,26,14,0,63,0,0,0,63
10/13/2014,HSV,AL,ASO,CE,Combined TRACON& Tower with Radar,26,30,14,10,80,0,0,4,0,4,26,30,18,10,84,0,0,0,84
10/14/2014,HSV,AL,ASO,CE,Combined TRACON& Tower with Radar,32,28,20,17,97,0,0,4,0,4,32,28,24,17,101,2,4,6,107
10/15/2014,HSV,AL,ASO,CE,Combined TRACON& Tower with Radar,27,38,26,20,111,0,0,9,1,10,27,38,35,21,121,6,0,6,127
10/16/2014,HSV,AL,ASO,CE,Combined TRACON& Tower with Radar,34,36,36,31,137,1,0,20,5,26,35,36,56,36,163,6,62,68,231
10/17/2014,HSV,AL,ASO,CE,Combined TRACON& Tower with Radar,22,35,23,49,129,0,0,22,5,27,22,35,45,54,156,0,50,50,206
10/18/2014,HSV,AL,ASO,CE,Combined TRACON& Tower with Radar,12,18,13,11,54,0,0,22,0,22,12,18,35,11,76,8,0,8,84
10/19/2014,HSV,AL,ASO,CE,Combined TRACON& Tower with Radar,22,31,17,2,72,0,0,17,4,21,22,31,34,6,93,0,0,0,93
10/20/2014,HSV,AL,ASO,CE,Combined TRACON& Tower with Radar,25,40,20,45,130,0,0,26,7,33,25,40,46,52,163,0,106,106,269
10/21/2014,HSV,AL,ASO,CE,Combined TRACON& Tower with Radar,27,32,13,49,121,0,0,15,1,16,27,32,28,50,137,0,56,56,193
10/22/2014,HSV,AL,ASO,CE,Combined TRACON& Tower with Radar,24,31,16,34,105,0,0,23,3,26,24,31,39,37,131,2,8,10,141
10/23/2014,HSV,AL,ASO,CE,Combined TRACON& Tower with Radar,23,35,12,36,106,0,0,13,0,13,23,35,25,36,119,6,100,106,225
10/24/2014,HSV,AL,ASO,CE,Combined TRACON& Tower with Radar,24,32,22,38,116,0,0,23,0,23,24,32,45,38,139,0,16,16,155
10/25/2014,HSV,AL,ASO,CE,Combined TRACON& Tower with Radar,11,19,20,0,50,0,0,22,0,22,11,19,42,0,72,2,0,2,74
10/26/2014,HSV,AL,ASO,CE,Combined TRACON& Tower with Radar,31,29,26,7,93,0,0,20,3,23,31,29,46,10,116,12,0,12,128
10/27/2014,HSV,AL,ASO,CE,Combined TRACON& Tower with Radar,25,41,16,9,91,0,0,5,1,6,25,41,21,10,97,0,28,28,125
10/28/2014,HSV,AL,ASO,CE,Combined TRACON& Tower with Radar,25,33,23,40,121,0,0,5,4,9,25,33,28,44,130,2,6,8,138
10/29/2014,HSV,AL,ASO,CE,Combined TRACON& Tower with Radar,25,42,21,15,103,0,0,16,2,18,25,42,37,17,121,4,68,72,193
10/30/2014,HSV,AL,ASO,CE,Combined TRACON& Tower with Radar,24,37,30,40,131,0,1,13,4,18,24,38,43,44,149,2,70,72,221
10/31/2014,HSV,AL,ASO,CE,Combined TRACON& Tower with Radar,23,29,19,55,126,0,0,3,15,18,23,29,22,70,144,0,50,50,194
11/01/2014,HSV,AL,ASO,CE,Combined TRACON& Tower with Radar,12,17,4,0,33,0,2,9,1,12,12,19,13,1,45,10,0,10,55
11/02/2014,HSV,AL,ASO,CE,Combined TRACON& Tower with Radar,23,26,16,7,72,0,0,16,5,21,23,26,32,12,93,0,0,0,93
11/03/2014,HSV,AL,ASO,CE,Combined TRACON& Tower with Radar,25,38,18,26,107,0,0,25,3,28,25,38,43,29,135,2,8,10,145
11/04/2014,HSV,AL,ASO,CE,Combined TRACON& Tower with Radar,22,31,9,61,123,0,0,14,9,23,22,31,23,70,146,4,168,172,318
11/05/2014,HSV,AL,ASO,CE,Combined TRACON& Tower with Radar,24,37,12,25,98,0,0,4,0,4,24,37,16,25,102,28,18,46,148
11/06/2014,HSV,AL,ASO,CE,Combined TRACON& Tower with Radar,25,39,15,27,106,0,0,10,8,18,25,39,25,35,124,26,70,96,220
11/07/2014,HSV,AL,ASO,CE,Combined TRACON& Tower with Radar,22,42,27,11,102,0,0,18,5,23,22,42,45,16,125,6,64,70,195
11/08/2014,HSV,AL,ASO,CE,Combined TRACON& Tower with Radar,15,20,8,8,51,0,0,41,0,41,15,20,49,8,92,0,0,0,92
11/09/2014,HSV,AL,ASO,CE,Combined TRACON& Tower with Radar,22,36,15,34,107,0,0,26,4,30,22,36,41,38,137,10,12,22,159
11/10/2014,HSV,AL,ASO,CE,Combined TRACON& Tower with Radar,28,43,24,7,102,0,0,18,0,18,28,43,42,7,120,0,0,0,120
11/11/2014,HSV,AL,ASO,CE,Combined TRACON& Tower with Radar,22,45,27,0,94,0,0,11,0,11,22,45,38,0,105,2,0,2,107
11/12/2014,HSV,AL,ASO,CE,Combined TRACON& Tower with Radar,28,43,14,38,123,0,0,5,1,6,28,43,19,39,129,0,6,6,135
11/13/2014,HSV,AL,ASO,CE,Combined TRACON& Tower with Radar,24,44,19,49,136,0,0,9,5,14,24,44,28,54,150,0,24,24,174
11/14/2014,HSV,AL,ASO,CE,Combined TRACON& Tower with Radar,26,40,20,31,117,0,0,9,8,17,26,40,29,39,134,0,82,82,216
11/15/2014,HSV,AL,ASO,CE,Combined TRACON& Tower with Radar,14,24,13,8,59,0,0,23,3,26,14,24,36,11,85,0,6,6,91
11/16/2014,HSV,AL,ASO,CE,Combined TRACON& Tower with Radar,30,28,7,0,65,0,0,0,0,0,30,28,7,0,65,0,0,0,65
11/17/2014,HSV,AL,ASO,CE,Combined TRACON& Tower with Radar,30,38,14,13,95,0,0,5,2,7,30,38,19,15,102,0,0,0,102
11/18/2014,HSV,AL,ASO,CE,Combined TRACON& Tower with Radar,34,40,29,31,134,0,0,4,2,6,34,40,33,33,140,0,106,106,246
11/19/2014,HSV,AL,ASO,CE,Combined TRACON& Tower with Radar,39,35,12,26,112,0,0,6,7,13,39,35,18,33,125,22,8,30,155
11/20/2014,HSV,AL,ASO,CE,Combined TRACON& Tower with Radar,30,36,24,36,126,0,0,13,9,22,30,36,37,45,148,0,0,0,148
11/21/2014,HSV,AL,ASO,CE,Combined TRACON& Tower with Radar,29,36,13,26,104,0,0,24,10,34,29,36,37,36,138,2,120,122,260
11/22/2014,HSV,AL,ASO,CE,Combined TRACON& Tower with Radar,13,20,11,10,54,0,0,19,4,23,13,20,30,14,77,6,4,10,87
11/23/2014,HSV,AL,ASO,CE,Combined TRACON& Tower with Radar,24,27,4,4,59,0,0,0,0,0,24,27,4,4,59,0,0,0,59
11/24/2014,HSV,AL,ASO,CE,Combined TRACON& Tower with Radar,28,28,13,24,93,0,0,4,4,8,28,28,17,28,101,0,46,46,147
11/25/2014,HSV,AL,ASO,CE,Combined TRACON& Tower with Radar,29,37,21,26,113,0,1,15,3,19,29,38,36,29,132,0,36,36,168
11/26/2014,HSV,AL,ASO,CE,Combined TRACON& Tower with Radar,30,36,14,7,87,0,0,16,1,17,30,36,30,8,104,6,26,32,136
11/27/2014,HSV,AL,ASO,CE,Combined TRACON& Tower with Radar,15,14,4,0,33,0,0,0,0,0,15,14,4,0,33,0,0,0,33
11/28/2014,HSV,AL,ASO,CE,Combined TRACON& Tower with Radar,22,18,11,2,53,0,0,12,0,12,22,18,23,2,65,0,0,0,65
11/29/2014,HSV,AL,ASO,CE,Combined TRACON& Tower with Radar,21,31,11,0,63,0,0,3,0,3,21,31,14,0,66,0,0,0,66
11/30/2014,HSV,AL,ASO,CE,Combined TRACON& Tower with Radar,32,28,15,0,75,0,0,3,0,3,32,28,18,0,78,0,0,0,78
12/01/2014,HSV,AL,ASO,CE,Combined TRACON& Tower with Radar,29,37,9,20,95,0,0,1,3,4,29,37,10,23,99,10,27,37,136
12/02/2014,HSV,AL,ASO,CE,Combined TRACON& Tower with Radar,25,33,17,37,112,0,0,0,1,1,25,33,17,38,113,0,0,0,113
12/03/2014,HSV,AL,ASO,CE,Combined TRACON& Tower with Radar,28,40,17,33,118,0,0,3,1,4,28,40,20,34,122,0,6,6,128
12/04/2014,HSV,AL,ASO,CE,Combined TRACON& Tower with Radar,28,41,13,28,110,0,0,10,5,15,28,41,23,33,125,12,112,124,249
12/05/2014,HSV,AL,ASO,CE,Combined TRACON& Tower with Radar,28,39,16,20,103,0,0,3,4,7,28,39,19,24,110,0,34,34,144
12/06/2014,HSV,AL,ASO,CE,Combined TRACON& Tower with Radar,16,20,6,3,45,0,0,2,0,2,16,20,8,3,47,16,12,28,75
12/07/2014,HSV,AL,ASO,CE,Combined TRACON& Tower with Radar,21,29,23,3,76,0,0,16,2,18,21,29,39,5,94,6,0,6,100
12/08/2014,HSV,AL,ASO,CE,Combined TRACON& Tower with Radar,28,40,14,16,98,0,0,8,2,10,28,40,22,18,108,6,54,60,168
12/09/2014,HSV,AL,ASO,CE,Combined TRACON& Tower with Radar,23,31,14,24,92,0,0,4,10,14,23,31,18,34,106,0,88,88,194
12/10/2014,HSV,AL,ASO,CE,Combined TRACON& Tower with Radar,28,38,15,35,116,0,1,12,9,22,28,39,27,44,138,0,56,56,194
12/11/2014,HSV,AL,ASO,CE,Combined TRACON& Tower with Radar,30,38,20,40,128,0,0,13,6,19,30,38,33,46,147,0,121,121,268
12/12/2014,HSV,AL,ASO,CE,Combined TRACON& Tower with Radar,27,36,15,64,142,0,0,21,7,28,27,36,36,71,170,8,40,48,218
12/13/2014,HSV,AL,ASO,CE,Combined TRACON& Tower with Radar,16,25,17,8,66,0,0,5,0,5,16,25,22,8,71,18,2,20,91
12/14/2014,HSV,AL,ASO,CE,Combined TRACON& Tower with Radar,25,31,38,15,109,0,0,24,2,26,25,31,62,17,135,10,8,18,153
12/15/2014,HSV,AL,ASO,CE,Combined TRACON& Tower with Radar,27,37,15,12,91,0,0,7,6,13,27,37,22,18,104,0,68,68,172
12/16/2014,HSV,AL,ASO,CE,Combined TRACON& Tower with Radar,25,39,10,22,96,0,0,10,6,16,25,39,20,28,112,6,18,24,136
12/17/2014,HSV,AL,ASO,CE,Combined TRACON& Tower with Radar,31,37,12,21,101,0,0,8,0,8,31,37,20,21,109,16,6,22,131
12/18/2014,HSV,AL,ASO,CE,Combined TRACON& Tower with Radar,26,42,15,9,92,0,0,13,3,16,26,42,28,12,108,2,44,46,154
12/19/2014,HSV,AL,ASO,CE,Combined TRACON& Tower with Radar,24,42,22,26,114,0,0,25,0,25,24,42,47,26,139,8,26,34,173
12/20/2014,HSV,AL,ASO,CE,Combined TRACON& Tower with Radar,12,28,16,0,56,0,0,40,4,44,12,28,56,4,100,20,20,40,140
12/21/2014,HSV,AL,ASO,CE,Combined TRACON& Tower with Radar,19,38,11,0,68,0,0,16,2,18,19,38,27,2,86,28,0,28,114
12/22/2014,HSV,AL,ASO,CE,Combined TRACON& Tower with Radar,20,45,17,13,95,0,0,0,0,0,20,45,17,13,95,0,0,0,95
12/23/2014,HSV,AL,ASO,CE,Combined TRACON& Tower with Radar,23,35,7,12,77,0,0,0,0,0,23,35,7,12,77,0,0,0,77
12/24/2014,HSV,AL,ASO,CE,Combined TRACON& Tower with Radar,14,27,3,0,44,0,0,1,0,1,14,27,4,0,45,8,0,8,53
12/25/2014,HSV,AL,ASO,CE,Combined TRACON& Tower with Radar,16,24,8,0,48,0,0,16,0,16,16,24,24,0,64,6,0,6,70
12/26/2014,HSV,AL,ASO,CE,Combined TRACON& Tower with Radar,20,42,13,0,75,0,0,24,0,24,20,42,37,0,99,34,0,34,133
12/27/2014,HSV,AL,ASO,CE,Combined TRACON& Tower with Radar,10,26,23,0,59,0,0,8,0,8,10,26,31,0,67,2,0,2,69
12/28/2014,HSV,AL,ASO,CE,Combined TRACON& Tower with Radar,16,42,19,0,77,0,0,0,0,0,16,42,19,0,77,0,0,0,77
12/29/2014,HSV,AL,ASO,CE,Combined TRACON& Tower with Radar,20,40,4,4,68,0,0,0,0,0,20,40,4,4,68,0,0,0,68
12/30/2014,HSV,AL,ASO,CE,Combined TRACON& Tower with Radar,22,40,27,0,89,0,0,10,0,10,22,40,37,0,99,0,0,0,99
12/31/2014,HSV,AL,ASO,CE,Combined TRACON& Tower with Radar,16,26,14,0,56,0,0,17,0,17,16,26,31,0,73,18,0,18,91
01/01/2015,HSV,AL,ASO,CE,Combined TRACON& Tower with Radar,16,27,7,0,50,0,0,14,0,14,16,27,21,0,64,4,0,4,68
01/02/2015,HSV,AL,ASO,CE,Combined TRACON& Tower with Radar,22,37,8,0,67,0,0,0,0,0,22,37,8,0,67,4,0,4,71
01/03/2015,HSV,AL,ASO,CE,Combined TRACON& Tower with Radar,12,32,11,0,55,0,0,0,0,0,12,32,11,0,55,0,0,0,55
01/04/2015,HSV,AL,ASO,CE,Combined TRACON& Tower with Radar,15,33,9,0,57,0,0,5,0,5,15,33,14,0,62,6,0,6,68
01/05/2015,HSV,AL,ASO,CE,Combined TRACON& Tower with Radar,26,32,12,35,105,0,1,6,3,10,26,33,18,38,115,0,62,62,177
01/06/2015,HSV,AL,ASO,CE,Combined TRACON& Tower with Radar,28,28,11,40,107,0,0,19,6,25,28,28,30,46,132,0,78,78,210
01/07/2015,HSV,AL,ASO,CE,Combined TRACON& Tower with Radar,24,29,7,18,78,0,0,5,6,11,24,29,12,24,89,0,46,46,135
01/08/2015,HSV,AL,ASO,CE,Combined TRACON& Tower with Radar,25,35,13,7,80,0,0,11,8,19,25,35,24,15,99,0,0,0,99
01/09/2015,HSV,AL,ASO,CE,Combined TRACON& Tower with Radar,22,38,14,42,116,0,0,20,6,26,22,38,34,48,142,20,112,132,274
01/10/2015,HSV,AL,ASO,CE,Combined TRACON& Tower with Radar,16,21,15,15,67,0,0,29,1,30,16,21,44,16,97,0,14,14,111
01/11/2015,HSV,AL,ASO,CE,Combined TRACON& Tower with Radar,20,33,10,34,97,0,0,10,0,10,20,33,20,34,107,12,22,34,141
01/12/2015,HSV,AL,ASO,CE,Combined TRACON& Tower with Radar,26,33,9,7,75,0,0,0,0,0,26,33,9,7,75,0,0,0,75
01/13/2015,HSV,AL,ASO,CE,Combined TRACON& Tower with Radar,27,29,11,14,81,0,0,0,1,1,27,29,11,15,82,0,0,0,82
01/14/2015,HSV,AL,ASO,CE,Combined TRACON& Tower with Radar,26,31,7,30,94,0,0,4,2,6,26,31,11,32,100,16,8,24,124
01/15/2015,HSV,AL,ASO,CE,Combined TRACON& Tower with Radar,26,35,11,22,94,0,0,1,0,1,26,35,12,22,95,0,5,5,100
01/16/2015,HSV,AL,ASO,CE,Combined TRACON& Tower with Radar,28,38,20,36,122,0,0,19,2,21,28,38,39,38,143,0,0,0,143
01/17/2015,HSV,AL,ASO,CE,Combined TRACON& Tower with Radar,11,19,10,2,42,0,2,37,0,39,11,21,47,2,81,0,0,0,81
01/18/2015,HSV,AL,ASO,CE,Combined TRACON& Tower with Radar,17,22,16,10,65,0,0,13,0,13,17,22,29,10,78,22,18,40,118
01/19/2015,HSV,AL,ASO,CE,Combined TRACON& Tower with Radar,27,34,21,4,86,0,0,28,2,30,27,34,49,6,116,24,20,44,160
01/20/2015,HSV,AL,ASO,CE,Combined TRACON& Tower with Radar,28,28,23,38,117,0,0,13,8,21,28,28,36,46,138,0,110,110,248
01/21/2015,HSV,AL,ASO,CE,Combined TRACON& Tower with Radar,27,29,9,18,83,0,0,21,3,24,27,29,30,21,107,10,40,50,157
01/22/2015,HSV,AL,ASO,CE,Combined TRACON& Tower with Radar,25,32,16,28,101,0,0,9,2,11,25,32,25,30,112,0,16,16,128
01/23/2015,HSV,AL,ASO,CE,Combined TRACON& Tower with Radar,26,39,10,44,119,0,0,0,0,0,26,39,10,44,119,0,0,0,119
01/24/2015,HSV,AL,ASO,CE,Combined TRACON& Tower with Radar,13,21,19,11,64,0,0,9,2,11,13,21,28,13,75,0,8,8,83
01/25/2015,HSV,AL,ASO,CE,Combined TRACON& Tower with Radar,24,28,14,0,66,0,0,24,0,24,24,28,38,0,90,0,0,0,90
01/26/2015,HSV,AL,ASO,CE,Combined TRACON& Tower with Radar,28,33,10,26,97,0,0,2,5,7,28,33,12,31,104,0,0,0,104
01/27/2015,HSV,AL,ASO,CE,Combined TRACON& Tower with Radar,27,30,12,38,107,0,1,8,5,14,27,31,20,43,121,0,144,144,265
01/28/2015,HSV,AL,ASO,CE,Combined TRACON& Tower with Radar,26,35,19,39,119,0,0,28,7,35,26,35,47,46,154,18,72,90,244
01/29/2015,HSV,AL,ASO,CE,Combined TRACON& Tower with Radar,25,42,20,18,105,0,0,6,1,7,25,42,26,19,112,12,18,30,142
01/30/2015,HSV,AL,ASO,CE,Combined TRACON& Tower with Radar,28,34,26,19,107,0,0,17,5,22,28,34,43,24,129,14,42,56,185
01/31/2015,HSV,AL,ASO,CE,Combined TRACON& Tower with Radar,12,21,9,3,45,0,1,32,0,33,12,22,41,3,78,14,56,70,148
02/01/2015,HSV,AL,ASO,CE,Combined TRACON& Tower with Radar,15,25,5,0,45,0,1,0,0,1,15,26,5,0,46,0,0,0,46
02/02/2015,HSV,AL,ASO,CE,Combined TRACON& Tower with Radar,27,31,9,9,76,0,0,8,1,9,27,31,17,10,85,14,12,26,111
02/03/2015,HSV,AL,ASO,CE,Combined TRACON& Tower with Radar,26,34,30,36,126,0,0,29,3,32,26,34,59,39,158,2,105,107,265
02/04/2015,HSV,AL,ASO,CE,Combined TRACON& Tower with Radar,32,28,26,72,158,0,0,25,11,36,32,28,51,83,194,14,144,158,352
02/05/2015,HSV,AL,ASO,CE,Combined TRACON& Tower with Radar,25,32,25,50,132,0,0,21,5,26,25,32,46,55,158,14,67,81,239
02/06/2015,HSV,AL,ASO,CE,Combined TRACON& Tower with Radar,25,35,28,20,108,0,0,22,6,28,25,35,50,26,136,20,90,110,246
02/07/2015,HSV,AL,ASO,CE,Combined TRACON& Tower with Radar,14,17,7,8,46,0,0,38,8,46,14,17,45,16,92,2,0,2,94
02/08/2015,HSV,AL,ASO,CE,Combined TRACON& Tower with Radar,25,25,20,0,70,0,0,10,1,11,25,25,30,1,81,0,0,0,81
02/09/2015,HSV,AL,ASO,CE,Combined TRACON& Tower with Radar,27,33,19,13,92,0,0,3,1,4,27,33,22,14,96,0,0,0,96
02/10/2015,HSV,AL,ASO,CE,Combined TRACON& Tower with Radar,26,38,23,7,94,0,0,8,5,13,26,38,31,12,107,0,0,0,107
02/11/2015,HSV,AL,ASO,CE,Combined TRACON& Tower with Radar,27,30,16,21,94,0,0,21,9,30,27,30,37,30,124,0,108,108,232
02/12/2015,HSV,AL,ASO,CE,Combined TRACON& Tower with Radar,27,39,17,42,125,0,0,1,8,9,27,39,18,50,134,0,52,52,186
02/13/2015,HSV,AL,ASO,CE,Combined TRACON& Tower with Radar,26,37,15,28,106,0,0,24,1,25,26,37,39,29,131,32,48,80,211
02/14/2015,HSV,AL,ASO,CE,Combined TRACON& Tower with Radar,14,19,12,0,45,0,0,25,0,25,14,19,37,0,70,12,0,12,82
02/15/2015,HSV,AL,ASO,CE,Combined TRACON& Tower with Radar,24,25,6,0,55,0,0,16,0,16,24,25,22,0,71,0,0,0,71
02/16/2015,HSV,AL,ASO,CE,Combined TRACON& Tower with Radar,19,31,2,0,52,0,0,0,0,0,19,31,2,0,52,0,0,0,52
02/17/2015,HSV,AL,ASO,CE,Combined TRACON& Tower with Radar,30,31,14,34,109,0,0,3,1,4,30,31,17,35,113,0,10,10,123
02/18/2015,HSV,AL,ASO,CE,Combined TRACON& Tower with Radar,27,41,15,19,102,0,0,2,1,3,27,41,17,20,105,0,0,0,105
02/19/2015,HSV,AL,ASO,CE,Combined TRACON& Tower with Radar,26,56,18,39,139,0,0,12,2,14,26,56,30,41,153,10,46,56,209
02/20/2015,HSV,AL,ASO,CE,Combined TRACON& Tower with Radar,30,36,9,2,77,0,0,1,0,1,30,36,10,2,78,0,0,0,78
02/21/2015,HSV,AL,ASO,CE,Combined TRACON& Tower with Radar,15,19,4,2,40,0,0,0,2,2,15,19,4,4,42,0,0,0,42
02/22/2015,HSV,AL,ASO,CE,Combined TRACON& Tower with Radar,20,29,11,16,76,0,0,0,0,0,20,29,11,16,76,0,0,0,76
02/23/2015,HSV,AL,ASO,CE,Combined TRACON& Tower with Radar,33,32,15,9,89,0,0,6,2,8,33,32,21,11,97,0,0,0,97
02/24/2015,HSV,AL,ASO,CE,Combined TRACON& Tower with Radar,20,38,29,73,160,0,0,24,4,28,20,38,53,77,188,30,78,108,296
02/25/2015,HSV,AL,ASO,CE,Combined TRACON& Tower with Radar,9,22,3,0,34,0,0,1,0,1,9,22,4,0,35,8,0,8,43
02/26/2015,HSV,AL,ASO,CE,Combined TRACON& Tower with Radar,25,32,2,12,71,0,0,10,3,13,25,32,12,15,84,18,2,20,104
02/27/2015,HSV,AL,ASO,CE,Combined TRACON& Tower with Radar,26,33,11,46,116,0,0,17,4,21,26,33,28,50,137,4,70,74,211
02/28/2015,HSV,AL,ASO,CE,Combined TRACON& Tower with Radar,8,21,17,21,67,0,0,27,3,30,8,21,44,24,97,0,46,46,143
03/01/2015,HSV,AL,ASO,CE,Combined TRACON& Tower with Radar,25,23,18,7,73,0,0,2,0,2,25,23,20,7,75,0,0,0,75
03/02/2015,HSV,AL,ASO,CE,Combined TRACON& Tower with Radar,29,35,20,83,167,0,0,2,2,4,29,35,22,85,171,0,15,15,186
03/03/2015,HSV,AL,ASO,CE,Combined TRACON& Tower with Radar,31,30,16,24,101,0,0,0,0,0,31,30,16,24,101,0,0,0,101
03/04/2015,HSV,AL,ASO,CE,Combined TRACON& Tower with Radar,27,34,10,29,100,0,0,0,0,0,27,34,10,29,100,0,0,0,100
03/05/2015,HSV,AL,ASO,CE,Combined TRACON& Tower with Radar,16,18,0,0,34,0,0,0,0,0,16,18,0,0,34,0,0,0,34
03/06/2015,HSV,AL,ASO,CE,Combined TRACON& Tower with Radar,29,38,17,24,108,0,0,19,3,22,29,38,36,27,130,4,26,30,160
03/07/2015,HSV,AL,ASO,CE,Combined TRACON& Tower with Radar,17,25,20,4,66,0,0,66,3,69,17,25,86,7,135,0,0,0,135
03/08/2015,HSV,AL,ASO,CE,Combined TRACON& Tower with Radar,27,32,10,23,92,0,0,17,1,18,27,32,27,24,110,12,14,26,136
03/09/2015,HSV,AL,ASO,CE,Combined TRACON& Tower with Radar,29,37,18,6,90,0,0,3,0,3,29,37,21,6,93,6,0,6,99
03/10/2015,HSV,AL,ASO,CE,Combined TRACON& Tower with Radar,29,34,14,24,101,0,0,0,0,0,29,34,14,24,101,0,0,0,101
03/11/2015,HSV,AL,ASO,CE,Combined TRACON& Tower with Radar,29,41,13,51,134,0,0,3,2,5,29,41,16,53,139,0,4,4,143
03/12/2015,HSV,AL,ASO,CE,Combined TRACON& Tower with Radar,28,43,15,71,157,0,0,2,7,9,28,43,17,78,166,0,130,130,296
03/13/2015,HSV,AL,ASO,CE,Combined TRACON& Tower with Radar,29,37,10,34,110,0,0,0,2,2,29,37,10,36,112,0,0,0,112
03/14/2015,HSV,AL,ASO,CE,Combined TRACON& Tower with Radar,16,24,8,4,52,0,0,0,0,0,16,24,8,4,52,0,0,0,52
03/15/2015,HSV,AL,ASO,CE,Combined TRACON& Tower with Radar,26,32,14,17,89,0,0,45,1,46,26,32,59,18,135,88,18,106,241
03/16/2015,HSV,AL,ASO,CE,Combined TRACON& Tower with Radar,28,38,16,40,122,0,0,39,6,45,28,38,55,46,167,0,0,0,167
03/17/2015,HSV,AL,ASO,CE,Combined TRACON& Tower with Radar,30,40,22,38,130,0,1,25,6,32,30,41,47,44,162,0,122,122,284
03/18/2015,HSV,AL,ASO,CE,Combined TRACON& Tower with Radar,31,33,15,48,127,0,2,31,11,44,31,35,46,59,171,22,200,222,393
03/19/2015,HSV,AL,ASO,CE,Combined TRACON& Tower with Radar,27,38,32,48,145,0,0,3,1,4,27,38,35,49,149,0,8,8,157
03/20/2015,HSV,AL,ASO,CE,Combined TRACON& Tower with Radar,28,35,23,18,104,0,0,2,1,3,28,35,25,19,107,0,0,0,107
03/21/2015,HSV,AL,ASO,CE,Combined TRACON& Tower with Radar,16,28,21,31,96,0,0,36,2,38,16,28,57,33,134,4,110,114,248
03/22/2015,HSV,AL,ASO,CE,Combined TRACON& Tower with Radar,23,29,7,13,72,0,0,3,3,6,23,29,10,16,78,10,12,22,100
03/23/2015,HSV,AL,ASO,CE,Combined TRACON& Tower with Radar,29,41,16,56,142,0,0,31,12,43,29,41,47,68,185,30,150,180,365
03/24/2015,HSV,AL,ASO,CE,Combined TRACON& Tower with Radar,28,36,18,80,162,0,0,22,8,30,28,36,40,88,192,0,0,0,192
03/25/2015,HSV,AL,ASO,CE,Combined TRACON& Tower with Radar,29,38,24,49,140,0,0,15,9,24,29,38,39,58,164,8,54,62,226
03/26/2015,HSV,AL,ASO,CE,Combined TRACON& Tower with Radar,30,36,14,31,111,0,0,1,8,9,30,36,15,39,120,0,142,142,262
03/27/2015,HSV,AL,ASO,CE,Combined TRACON& Tower with Radar,31,34,16,35,116,0,0,13,12,25,31,34,29,47,141,0,38,38,179
03/28/2015,HSV,AL,ASO,CE,Combined TRACON& Tower with Radar,16,29,11,11,67,0,1,17,5,23,16,30,28,16,90,6,0,6,96
03/29/2015,HSV,AL,ASO,CE,Combined TRACON& Tower with Radar,24,34,14,21,93,0,0,23,0,23,24,34,37,21,116,10,0,10,126
03/30/2015,HSV,AL,ASO,CE,Combined TRACON& Tower with Radar,29,40,26,34,129,0,0,19,6,25,29,40,45,40,154,10,88,98,252
03/31/2015,HSV,AL,ASO,CE,Combined TRACON& Tower with Radar,30,35,17,13,95,0,0,10,4,14,30,35,27,17,109,6,18,24,133
04/01/2015,HSV,AL,ASO,CE,Combined TRACON& Tower with Radar,30,52,27,43,152,0,2,20,8,30,30,54,47,51,182,0,146,146,328
04/02/2015,HSV,AL,ASO,CE,Combined TRACON& Tower with Radar,28,40,17,22,107,0,0,9,12,21,28,40,26,34,128,10,148,158,286
04/03/2015,HSV,AL,ASO,CE,Combined TRACON& Tower with Radar,28,42,20,36,126,0,0,5,3,8,28,42,25,39,134,2,106,108,242
04/04/2015,HSV,AL,ASO,CE,Combined TRACON& Tower with Radar,18,25,10,7,60,0,0,27,1,28,18,25,37,8,88,0,0,0,88
04/05/2015,HSV,AL,ASO,CE,Combined TRACON& Tower with Radar,26,31,13,6,76,0,0,13,0,13,26,31,26,6,89,0,0,0,89
04/06/2015,HSV,AL,ASO,CE,Combined TRACON& Tower with Radar,30,37,5,6,78,0,0,2,0,2,30,37,7,6,80,6,0,6,86
04/07/2015,HSV,AL,ASO,CE,Combined TRACON& Tower with Radar,26,38,35,48,147,0,0,11,10,21,26,38,46,58,168,2,54,56,224
04/08/2015,HSV,AL,ASO,CE,Combined TRACON& Tower with Radar,24,41,19,29,113,0,0,21,8,29,24,41,40,37,142,12,152,164,306
04/09/2015,HSV,AL,ASO,CE,Combined TRACON& Tower with Radar,29,33,24,40,126,0,0,11,11,22,29,33,35,51,148,6,114,120,268
04/10/2015,HSV,AL,ASO,CE,Combined TRACON& Tower with Radar,37,38,21,28,124,0,0,3,7,10,37,38,24,35,134,10,94,104,238
04/11/2015,HSV,AL,ASO,CE,Combined TRACON& Tower with Radar,16,22,24,8,70,0,0,32,3,35,16,22,56,11,105,32,14,46,151
04/12/2015,HSV,AL,ASO,CE,Combined TRACON& Tower with Radar,23,32,24,8,87,0,0,18,5,23,23,32,42,13,110,4,4,8,118
04/13/2015,HSV,AL,ASO,CE,Combined TRACON& Tower with Radar,29,34,7,12,82,0,0,0,0,0,29,34,7,12,82,0,0,0,82
04/14/2015,HSV,AL,ASO,CE,Combined TRACON& Tower with Radar,29,41,28,41,139,0,0,3,0,3,29,41,31,41,142,0,44,44,186
04/15/2015,HSV,AL,ASO,CE,Combined TRACON& Tower with Radar,30,43,16,64,153,0,2,7,10,19,30,45,23,74,172,0,234,234,406
04/16/2015,HSV,AL,ASO,CE,Combined TRACON& Tower with Radar,28,41,14,0,83,0,0,6,3,9,28,41,20,3,92,12,0,12,104
04/17/2015,HSV,AL,ASO,CE,Combined TRACON& Tower with Radar,28,40,16,31,115,0,0,0,2,2,28,40,16,33,117,0,0,0,117
04/18/2015,HSV,AL,ASO,CE,Combined TRACON& Tower with Radar,17,26,19,15,77,0,0,23,1,24,17,26,42,16,101,0,0,0,101
04/19/2015,HSV,AL,ASO,CE,Combined TRACON& Tower with Radar,25,32,5,1,63,0,0,2,0,2,25,32,7,1,65,10,0,10,75
04/20/2015,HSV,AL,ASO,CE,Combined TRACON& Tower with Radar,28,31,12,32,103,0,0,6,8,14,28,31,18,40,117,2,24,26,143
04/21/2015,HSV,AL,ASO,CE,Combined TRACON& Tower with Radar,27,38,22,24,111,0,0,38,11,49,27,38,60,35,160,24,83,107,267
04/22/2015,HSV,AL,ASO,CE,Combined TRACON& Tower with Radar,28,41,13,29,111,0,1,16,12,29,28,42,29,41,140,18,112,130,270
04/23/2015,HSV,AL,ASO,CE,Combined TRACON& Tower with Radar,26,46,16,54,142,0,0,19,6,25,26,46,35,60,167,24,150,174,341
04/24/2015,HSV,AL,ASO,CE,Combined TRACON& Tower with Radar,27,37,29,38,131,0,0,13,9,22,27,37,42,47,153,8,102,110,263
04/25/2015,HSV,AL,ASO,CE,Combined TRACON& Tower with Radar,17,25,4,6,52,0,0,0,0,0,17,25,4,6,52,0,0,0,52
04/26/2015,HSV,AL,ASO,CE,Combined TRACON& Tower with Radar,23,32,25,21,101,0,0,7,6,13,23,32,32,27,114,5,48,53,167
04/27/2015,HSV,AL,ASO,CE,Combined TRACON& Tower with Radar,30,42,15,19,106,0,0,19,10,29,30,42,34,29,135,0,0,0,135
04/28/2015,HSV,AL,ASO,CE,Combined TRACON& Tower with Radar,28,36,13,91,168,0,0,7,7,14,28,36,20,98,182,18,178,196,378
04/29/2015,HSV,AL,ASO,CE,Combined TRACON& Tower with Radar,28,38,19,7,92,0,0,21,10,31,28,38,40,17,123,10,60,70,193
04/30/2015,HSV,AL,ASO,CE,Combined TRACON& Tower with Radar,26,39,21,31,117,0,0,9,7,16,26,39,30,38,133,4,58,62,195
05/01/2015,HSV,AL,ASO,CE,Combined TRACON& Tower with Radar,29,35,13,18,95,0,0,21,5,26,29,35,34,23,121,18,96,114,235
05/02/2015,HSV,AL,ASO,CE,Combined TRACON& Tower with Radar,17,25,11,4,57,0,0,36,5,41,17,25,47,9,98,0,0,0,98
05/03/2015,HSV,AL,ASO,CE,Combined TRACON& Tower with Radar,22,34,7,13,76,0,0,15,6,21,22,34,22,19,97,0,0,0,97
05/04/2015,HSV,AL,ASO,CE,Combined TRACON& Tower with Radar,29,37,15,53,134,0,0,27,2,29,29,37,42,55,163,28,148,176,339
05/05/2015,HSV,AL,ASO,CE,Combined TRACON& Tower with Radar,30,34,17,72,153,0,0,11,4,15,30,34,28,76,168,8,126,134,302
05/06/2015,HSV,AL,ASO,CE,Combined TRACON& Tower with Radar,29,38,26,53,146,0,0,13,17,30,29,38,39,70,176,0,100,100,276
05/07/2015,HSV,AL,ASO,CE,Combined TRACON& Tower with Radar,26,37,28,81,172,0,0,13,8,21,26,37,41,89,193,2,112,114,307
05/08/2015,HSV,AL,ASO,CE,Combined TRACON& Tower with Radar,29,34,22,44,129,0,0,21,13,34,29,34,43,57,163,2,72,74,237
05/09/2015,HSV,AL,ASO,CE,Combined TRACON& Tower with Radar,13,21,23,6,63,0,0,32,0,32,13,21,55,6,95,0,0,0,95
05/10/2015,HSV,AL,ASO,CE,Combined TRACON& Tower with Radar,22,31,6,21,80,0,0,12,2,14,22,31,18,23,94,0,18,18,112
05/11/2015,HSV,AL,ASO,CE,Combined TRACON& Tower with Radar,32,35,15,30,112,0,0,7,4,11,32,35,22,34,123,1,72,73,196
05/12/2015,HSV,AL,ASO,CE,Combined TRACON& Tower with Radar,28,37,11,34,110,0,2,17,9,28,28,39,28,43,138,4,112,116,254
05/13/2015,HSV,AL,ASO,CE,Combined TRACON& Tower with Radar,28,36,17,22,103,0,0,17,11,28,28,36,34,33,131,22,100,122,253
05/14/2015,HSV,AL,ASO,CE,Combined TRACON& Tower with Radar,28,35,16,64,143,0,0,21,8,29,28,35,37,72,172,10,144,154,326
05/15/2015,HSV,AL,ASO,CE,Combined TRACON& Tower with Radar,29,39,19,37,124,0,0,4,4,8,29,39,23,41,132,0,10,10,142
05/16/2015,HSV,AL,ASO,CE,Combined TRACON& Tower with Radar,13,22,22,0,57,0,0,2,2,4,13,22,24,2,61,0,0,0,61
05/17/2015,HSV,AL,ASO,CE,Combined TRACON& Tower with Radar,20,37,21,10,88,0,0,2,1,3,20,37,23,11,91,0,0,0,91
05/18/2015,HSV,AL,ASO,CE,Combined TRACON& Tower with Radar,28,31,13,12,84,0,2,0,3,5,28,33,13,15,89,14,84,98,187
05/19/2015,HSV,AL,ASO,CE,Combined TRACON& Tower with Radar,29,40,33,66,168,0,0,15,6,21,29,40,48,72,189,4,68,72,261
05/20/2015,HSV,AL,ASO,CE,Combined TRACON& Tower with Radar,28,41,16,21,106,0,0,11,1,12,28,41,27,22,118,14,74,88,206
05/21/2015,HSV,AL,ASO,CE,Combined TRACON& Tower with Radar,30,36,15,28,109,0,0,3,3,6,30,36,18,31,115,0,42,42,157
05/22/2015,HSV,AL,ASO,CE,Combined TRACON& Tower with Radar,27,33,27,0,87,0,2,27,0,29,27,35,54,0,116,10,2,12,128
05/23/2015,HSV,AL,ASO,CE,Combined TRACON& Tower with Radar,13,20,13,0,46,0,0,35,0,35,13,20,48,0,81,0,0,0,81
05/24/2015,HSV,AL,ASO,CE,Combined TRACON& Tower with Radar,19,24,4,2,49,0,0,4,0,4,19,24,8,2,53,0,0,0,53
05/25/2015,HSV,AL,ASO,CE,Combined TRACON& Tower with Radar,19,28,9,0,56,0,0,4,0,4,19,28,13,0,60,0,0,0,60
05/26/2015,HSV,AL,ASO,CE,Combined TRACON& Tower with Radar,34,37,21,23,115,0,1,9,1,11,34,38,30,24,126,0,90,90,216
05/27/2015,HSV,AL,ASO,CE,Combined TRACON& Tower with Radar,24,37,15,73,149,0,0,0,1,1,24,37,15,74,150,0,34,34,184
05/28/2015,HSV,AL,ASO,CE,Combined TRACON& Tower with Radar,26,40,14,32,112,0,0,2,0,2,26,40,16,32,114,0,50,50,164
05/29/2015,HSV,AL,ASO,CE,Combined TRACON& Tower with Radar,32,37,12,46,127,0,0,6,12,18,32,37,18,58,145,0,158,158,303
05/30/2015,HSV,AL,ASO,CE,Combined TRACON& Tower with Radar,13,23,15,0,51,0,0,16,1,17,13,23,31,1,68,0,0,0,68
05/31/2015,HSV,AL,ASO,CE,Combined TRACON& Tower with Radar,20,38,2,0,60,0,0,15,2,17,20,38,17,2,77,10,0,10,87
06/01/2015,HSV,AL,ASO,CE,Combined TRACON& Tower with Radar,30,38,18,22,108,0,0,4,3,7,30,38,22,25,115,0,0,0,115
06/02/2015,HSV,AL,ASO,CE,Combined TRACON& Tower with Radar,24,48,24,40,136,0,0,12,0,12,24,48,36,40,148,4,10,14,162
06/03/2015,HSV,AL,ASO,CE,Combined TRACON& Tower with Radar,31,34,29,49,143,0,0,5,5,10,31,34,34,54,153,14,40,54,207
06/04/2015,HSV,AL,ASO,CE,Combined TRACON& Tower with Radar,28,47,21,25,121,0,0,12,5,17,28,47,33,30,138,8,86,94,232
06/05/2015,HSV,AL,ASO,CE,Combined TRACON& Tower with Radar,29,39,19,23,110,0,0,8,6,14,29,39,27,29,124,8,82,90,214
06/06/2015,HSV,AL,ASO,CE,Combined TRACON& Tower with Radar,19,28,19,4,70,0,0,34,0,34,19,28,53,4,104,10,0,10,114
06/07/2015,HSV,AL,ASO,CE,Combined TRACON& Tower with Radar,22,39,21,9,91,0,0,25,3,28,22,39,46,12,119,0,6,6,125
06/08/2015,HSV,AL,ASO,CE,Combined TRACON& Tower with Radar,26,36,11,36,109,0,0,2,0,2,26,36,13,36,111,0,64,64,175
06/09/2015,HSV,AL,ASO,CE,Combined TRACON& Tower with Radar,39,38,25,36,138,0,0,23,3,26,39,38,48,39,164,0,120,120,284
06/10/2015,HSV,AL,ASO,CE,Combined TRACON& Tower with Radar,25,37,32,47,141,0,0,33,8,41,25,37,65,55,182,4,152,156,338
06/11/2015,HSV,AL,ASO,CE,Combined TRACON& Tower with Radar,32,37,12,19,100,0,0,16,6,22,32,37,28,25,122,8,76,84,206
06/12/2015,HSV,AL,ASO,CE,Combined TRACON& Tower with Radar,32,36,23,96,187,0,0,8,6,14,32,36,31,102,201,6,52,58,259
06/13/2015,HSV,AL,ASO,CE,Combined TRACON& Tower with Radar,18,29,15,10,72,0,0,25,4,29,18,29,40,14,101,6,12,18,119
06/14/2015,HSV,AL,ASO,CE,Combined TRACON& Tower with Radar,27,32,20,33,112,0,0,20,15,35,27,32,40,48,147,4,76,80,227
06/15/2015,HSV,AL,ASO,CE,Combined TRACON& Tower with Radar,27,36,28,60,151,0,0,15,11,26,27,36,43,71,177,0,0,0,177
06/16/2015,HSV,AL,ASO,CE,Combined TRACON& Tower with Radar,28,34,17,23,102,0,0,15,6,21,28,34,32,29,123,0,126,126,249
06/17/2015,HSV,AL,ASO,CE,Combined TRACON& Tower with Radar,28,34,19,50,131,0,0,23,5,28,28,34,42,55,159,36,94,130,289
06/18/2015,HSV,AL,ASO,CE,Combined TRACON& Tower with Radar,27,33,16,48,124,0,0,27,5,32,27,33,43,53,156,22,122,144,300
06/19/2015,HSV,AL,ASO,CE,Combined TRACON& Tower with Radar,29,36,21,63,149,0,1,15,3,19,29,37,36,66,168,10,58,68,236
06/20/2015,HSV,AL,ASO,CE,Combined TRACON& Tower with Radar,19,32,21,21,93,0,0,10,0,10,19,32,31,21,103,6,8,14,117
06/21/2015,HSV,AL,ASO,CE,Combined TRACON& Tower with Radar,21,34,17,21,93,0,0,13,5,18,21,34,30,26,111,2,22,24,135
06/22/2015,HSV,AL,ASO,CE,Combined TRACON& Tower with Radar,29,39,11,40,119,0,0,6,12,18,29,39,17,52,137,0,62,62,199
06/23/2015,HSV,AL,ASO,CE,Combined TRACON& Tower with Radar,27,36,20,48,131,0,0,21,6,27,27,36,41,54,158,10,40,50,208
06/24/2015,HSV,AL,ASO,CE,Combined TRACON& Tower with Radar,34,42,19,12,107,0,0,10,5,15,34,42,29,17,122,0,40,40,162
06/25/2015,HSV,AL,ASO,CE,Combined TRACON& Tower with Radar,29,48,17,33,127,0,0,21,4,25,29,48,38,37,152,14,89,103,255
06/26/2015,HSV,AL,ASO,CE,Combined TRACON& Tower with Radar,27,37,21,19,104,0,0,15,6,21,27,37,36,25,125,0,60,60,185
06/27/2015,HSV,AL,ASO,CE,Combined TRACON& Tower with Radar,21,29,10,23,83,0,0,3,0,3,21,29,13,23,86,0,0,0,86
06/28/2015,HSV,AL,ASO,CE,Combined TRACON& Tower with Radar,23,34,25,3,85,0,0,31,0,31,23,34,56,3,116,0,0,0,116
06/29/2015,HSV,AL,ASO,CE,Combined TRACON& Tower with Radar,31,40,16,26,113,0,0,19,1,20,31,40,35,27,133,2,26,28,161
06/30/2015,HSV,AL,ASO,CE,Combined TRACON& Tower with Radar,28,46,20,18,112,0,0,10,1,11,28,46,30,19,123,6,66,72,195
07/01/2015,HSV,AL,ASO,CE,Combined TRACON& Tower with Radar,28,46,21,6,101,0,0,3,0,3,28,46,24,6,104,0,0,0,104
07/02/2015,HSV,AL,ASO,CE,Combined TRACON& Tower with Radar,23,41,27,0,91,0,0,5,0,5,23,41,32,0,96,4,0,4,100
07/03/2015,HSV,AL,ASO,CE,Combined TRACON& Tower with Radar,22,30,5,0,57,0,0,0,0,0,22,30,5,0,57,0,0,0,57
07/04/2015,HSV,AL,ASO,CE,Combined TRACON& Tower with Radar,14,21,1,0,36,0,0,4,0,4,14,21,5,0,40,0,0,0,40
07/05/2015,HSV,AL,ASO,CE,Combined TRACON& Tower with Radar,22,32,13,7,74,0,0,7,0,7,22,32,20,7,81,0,0,0,81
07/06/2015,HSV,AL,ASO,CE,Combined TRACON& Tower with Radar,32,39,25,33,129,0,0,15,2,17,32,39,40,35,146,0,0,0,146
07/07/2015,HSV,AL,ASO,CE,Combined TRACON& Tower with Radar,29,36,18,46,129,0,0,7,5,12,29,36,25,51,141,2,67,69,210
07/08/2015,HSV,AL,ASO,CE,Combined TRACON& Tower with Radar,28,37,16,40,121,0,0,17,5,22,28,37,33,45,143,0,54,54,197
07/09/2015,HSV,AL,ASO,CE,Combined TRACON& Tower with Radar,29,35,23,31,118,0,0,15,4,19,29,35,38,35,137,12,42,54,191
07/10/2015,HSV,AL,ASO,CE,Combined TRACON& Tower with Radar,29,37,16,48,130,0,0,19,4,23,29,37,35,52,153,20,16,36,189
07/11/2015,HSV,AL,ASO,CE,Combined TRACON& Tower with Radar,14,27,14,15,70,0,0,32,4,36,14,27,46,19,106,14,8,22,128
07/12/2015,HSV,AL,ASO,CE,Combined TRACON& Tower with Radar,23,32,13,40,108,0,0,21,1,22,23,32,34,41,130,0,0,0,130
07/13/2015,HSV,AL,ASO,CE,Combined TRACON& Tower with Radar,28,42,22,41,133,0,0,9,7,16,28,42,31,48,149,0,0,0,149
07/14/2015,HSV,AL,ASO,CE,Combined TRACON& Tower with Radar,31,38,17,36,122,0,0,10,3,13,31,38,27,39,135,0,18,18,153
07/15/2015,HSV,AL,ASO,CE,Combined TRACON& Tower with Radar,28,44,16,49,137,0,0,10,12,22,28,44,26,61,159,18,80,98,257
07/16/2015,HSV,AL,ASO,CE,Combined TRACON& Tower with Radar,25,40,15,49,129,0,0,17,8,25,25,40,32,57,154,14,42,56,210
07/17/2015,HSV,AL,ASO,CE,Combined TRACON& Tower with Radar,29,40,16,59,144,0,0,22,13,35,29,40,38,72,179,4,46,50,229
07/18/2015,HSV,AL,ASO,CE,Combined TRACON& Tower with Radar,28,29,13,29,99,0,0,16,4,20,28,29,29,33,119,0,0,0,119
07/19/2015,HSV,AL,ASO,CE,Combined TRACON& Tower with Radar,29,34,10,16,89,0,0,12,5,17,29,34,22,21,106,12,0,12,118
07/20/2015,HSV,AL,ASO,CE,Combined TRACON& Tower with Radar,28,46,13,29,116,0,0,6,1,7,28,46,19,30,123,0,68,68,191
07/21/2015,HSV,AL,ASO,CE,Combined TRACON& Tower with Radar,27,40,20,29,116,0,0,10,3,13,27,40,30,32,129,0,80,80,209
07/22/2015,HSV,AL,ASO,CE,Combined TRACON& Tower with Radar,33,37,13,22,105,0,0,10,3,13,33,37,23,25,118,0,12,12,130
07/23/2015,HSV,AL,ASO,CE,Combined TRACON& Tower with Radar,28,38,16,0,82,0,0,2,0,2,28,38,18,0,84,2,0,2,86
07/24/2015,HSV,AL,ASO,CE,Combined TRACON& Tower with Radar,29,44,9,34,116,0,0,9,3,12,29,44,18,37,128,16,4,20,148
07/25/2015,HSV,AL,ASO,CE,Combined TRACON& Tower with Radar,15,27,16,5,63,0,0,41,3,44,15,27,57,8,107,0,14,14,121
07/26/2015,HSV,AL,ASO,CE,Combined TRACON& Tower with Radar,23,31,17,22,93,0,0,11,4,15,23,31,28,26,108,0,6,6,114
07/27/2015,HSV,AL,ASO,CE,Combined TRACON& Tower with Radar,32,38,10,40,120,0,0,13,5,18,32,38,23,45,138,0,0,0,138
07/28/2015,HSV,AL,ASO,CE,Combined TRACON& Tower with Radar,29,39,22,31,121,0,0,16,7,23,29,39,38,38,144,2,104,106,250
07/29/2015,HSV,AL,ASO,CE,Combined TRACON& Tower with Radar,29,38,18,15,100,0,0,11,2,13,29,38,29,17,113,10,30,40,153
07/30/2015,HSV,AL,ASO,CE,Combined TRACON& Tower with Radar,28,36,23,63,150,0,2,9,10,21,28,38,32,73,171,0,50,50,221
07/31/2015,HSV,AL,ASO,CE,Combined TRACON& Tower with Radar,43,38,30,45,156,0,0,18,7,25,43,38,48,52,181,8,32,40,221
08/01/2015,HSV,AL,ASO,CE,Combined TRACON& Tower with Radar,16,27,17,21,81,0,0,30,2,32,16,27,47,23,113,2,4,6,119
08/02/2015,HSV,AL,ASO,CE,Combined TRACON& Tower with Radar,25,27,19,12,83,0,0,25,2,27,25,27,44,14,110,0,0,0,110
08/03/2015,HSV,AL,ASO,CE,Combined TRACON& Tower with Radar,29,39,14,62,144,0,0,19,3,22,29,39,33,65,166,0,0,0,166
08/04/2015,HSV,AL,ASO,CE,Combined TRACON& Tower with Radar,27,37,24,56,144,0,0,28,4,32,27,37,52,60,176,29,48,77,253
08/05/2015,HSV,AL,ASO,CE,Combined TRACON& Tower with Radar,30,39,29,35,133,0,0,8,6,14,30,39,37,41,147,2,62,64,211
08/06/2015,HSV,AL,ASO,CE,Combined TRACON& Tower with Radar,30,39,14,9,92,0,0,1,1,2,30,39,15,10,94,0,0,0,94
08/07/2015,HSV,AL,ASO,CE,Combined TRACON& Tower with Radar,28,40,23,27,118,0,0,13,15,28,28,40,36,42,146,6,26,32,178
08/08/2015,HSV,AL,ASO,CE,Combined TRACON& Tower with Radar,15,29,10,2,56,0,0,30,1,31,15,29,40,3,87,0,0,0,87
08/09/2015,HSV,AL,ASO,CE,Combined TRACON& Tower with Radar,24,36,14,7,81,0,2,24,0,26,24,38,38,7,107,4,0,4,111
08/10/2015,HSV,AL,ASO,CE,Combined TRACON& Tower with Radar,32,42,7,16,97,0,0,1,6,7,32,42,8,22,104,0,68,68,172
08/11/2015,HSV,AL,ASO,CE,Combined TRACON& Tower with Radar,25,41,15,72,153,0,0,13,5,18,25,41,28,77,171,4,114,118,289
08/12/2015,HSV,AL,ASO,CE,Combined TRACON& Tower with Radar,28,42,16,46,132,0,0,23,17,40,28,42,39,63,172,14,98,112,284
08/13/2015,HSV,AL,ASO,CE,Combined TRACON& Tower with Radar,34,38,12,23,107,0,0,17,2,19,34,38,29,25,126,0,78,78,204
08/14/2015,HSV,AL,ASO,CE,Combined TRACON& Tower with Radar,30,35,12,33,110,0,0,10,2,12,30,35,22,35,122,6,70,76,198
08/15/2015,HSV,AL,ASO,CE,Combined TRACON& Tower with Radar,14,28,7,9,58,0,0,8,1,9,14,28,15,10,67,0,4,4,71
08/16/2015,HSV,AL,ASO,CE,Combined TRACON& Tower with Radar,23,32,10,3,68,0,0,3,4,7,23,32,13,7,75,18,4,22,97
08/17/2015,HSV,AL,ASO,CE,Combined TRACON& Tower with Radar,30,39,18,0,87,0,0,0,0,0,30,39,18,0,87,0,0,0,87
08/18/2015,HSV,AL,ASO,CE,Combined TRACON& Tower with Radar,36,36,19,11,102,0,0,3,1,4,36,36,22,12,106,0,0,0,106
08/19/2015,HSV,AL,ASO,CE,Combined TRACON& Tower with Radar,33,28,12,16,89,0,0,1,0,1,33,28,13,16,90,2,12,14,104
08/20/2015,HSV,AL,ASO,CE,Combined TRACON& Tower with Radar,29,36,16,12,93,0,0,9,1,10,29,36,25,13,103,16,20,36,139
08/21/2015,HSV,AL,ASO,CE,Combined TRACON& Tower with Radar,28,38,27,42,135,0,0,9,1,10,28,38,36,43,145,0,76,76,221
08/22/2015,HSV,AL,ASO,CE,Combined TRACON& Tower with Radar,15,26,15,5,61,0,0,12,1,13,15,26,27,6,74,6,0,6,80
08/23/2015,HSV,AL,ASO,CE,Combined TRACON& Tower with Radar,19,33,21,0,73,0,0,8,0,8,19,33,29,0,81,0,0,0,81
08/24/2015,HSV,AL,ASO,CE,Combined TRACON& Tower with Radar,29,39,26,53,147,0,0,12,6,18,29,39,38,59,165,0,0,0,165
08/25/2015,HSV,AL,ASO,CE,Combined TRACON& Tower with Radar,28,40,24,49,141,0,0,24,7,31,28,40,48,56,172,12,78,90,262
08/26/2015,HSV,AL,ASO,CE,Combined TRACON& Tower with Radar,32,39,23,52,146,0,1,12,7,20,32,40,35,59,166,2,157,159,325
08/27/2015,HSV,AL,ASO,CE,Combined TRACON& Tower with Radar,27,41,22,58,148,0,0,25,9,34,27,41,47,67,182,14,156,170,352
08/28/2015,HSV,AL,ASO,CE,Combined TRACON& Tower with Radar,34,46,15,49,144,0,0,18,10,28,34,46,33,59,172,2,112,114,286
08/29/2015,HSV,AL,ASO,CE,Combined TRACON& Tower with Radar,13,26,3,2,44,0,0,6,0,6,13,26,9,2,50,14,0,14,64
08/30/2015,HSV,AL,ASO,CE,Combined TRACON& Tower with Radar,24,33,11,2,70,0,0,5,3,8,24,33,16,5,78,16,0,16,94
08/31/2015,HSV,AL,ASO,CE,Combined TRACON& Tower with Radar,30,37,7,26,100,0,0,11,10,21,30,37,18,36,121,0,0,0,121
09/01/2015,HSV,AL,ASO,CE,Combined TRACON& Tower with Radar,29,44,13,28,114,0,0,18,7,25,29,44,31,35,139,0,109,109,248
09/02/2015,HSV,AL,ASO,CE,Combined TRACON& Tower with Radar,28,33,18,48,127,0,0,12,9,21,28,33,30,57,148,18,124,142,290
09/03/2015,HSV,AL,ASO,CE,Combined TRACON& Tower with Radar,33,39,23,45,140,0,0,11,12,23,33,39,34,57,163,10,56,66,229
09/04/2015,HSV,AL,ASO,CE,Combined TRACON& Tower with Radar,24,42,17,0,83,0,0,15,3,18,24,42,32,3,101,22,0,22,123
09/05/2015,HSV,AL,ASO,CE,Combined TRACON& Tower with Radar,15,25,7,0,47,0,0,15,2,17,15,25,22,2,64,8,0,8,72
09/06/2015,HSV,AL,ASO,CE,Combined TRACON& Tower with Radar,16,24,6,0,46,0,2,10,0,12,16,26,16,0,58,4,0,4,62
09/07/2015,HSV,AL,ASO,CE,Combined TRACON& Tower with Radar,23,32,15,0,70,0,0,10,0,10,23,32,25,0,80,0,0,0,80
09/08/2015,HSV,AL,ASO,CE,Combined TRACON& Tower with Radar,26,42,7,30,105,0,0,12,6,18,26,42,19,36,123,18,134,152,275
09/09/2015,HSV,AL,ASO,CE,Combined TRACON& Tower with Radar,22,37,16,39,114,0,0,13,2,15,22,37,29,41,129,10,10,20,149
09/10/2015,HSV,AL,ASO,CE,Combined TRACON& Tower with Radar,31,28,25,60,144,0,0,6,4,10,31,28,31,64,154,8,56,64,218
09/11/2015,HSV,AL,ASO,CE,Combined TRACON& Tower with Radar,24,38,11,42,115,0,1,2,4,7,24,39,13,46,122,0,114,114,236
09/12/2015,HSV,AL,ASO,CE,Combined TRACON& Tower with Radar,13,26,30,4,73,0,0,15,0,15,13,26,45,4,88,10,12,22,110
09/13/2015,HSV,AL,ASO,CE,Combined TRACON& Tower with Radar,20,29,24,13,86,0,0,21,2,23,20,29,45,15,109,14,14,28,137
09/14/2015,HSV,AL,ASO,CE,Combined TRACON& Tower with Radar,31,36,20,52,139,0,0,23,16,39,31,36,43,68,178,6,81,87,265
09/15/2015,HSV,AL,ASO,CE,Combined TRACON& Tower with Radar,27,35,15,52,129,0,0,15,7,22,27,35,30,59,151,20,84,104,255
09/16/2015,HSV,AL,ASO,CE,Combined TRACON& Tower with Radar,27,41,17,37,122,0,0,13,3,16,27,41,30,40,138,2,34,36,174
09/17/2015,HSV,AL,ASO,CE,Combined TRACON& Tower with Radar,31,36,35,45,147,0,0,22,7,29,31,36,57,52,176,10,78,88,264
09/18/2015,HSV,AL,ASO,CE,Combined TRACON& Tower with Radar,27,38,9,51,125,0,0,23,11,34,27,38,32,62,159,0,90,90,249
09/19/2015,HSV,AL,ASO,CE,Combined TRACON& Tower with Radar,16,22,8,10,56,0,0,29,6,35,16,22,37,16,91,0,20,20,111
09/20/2015,HSV,AL,ASO,CE,Combined TRACON& Tower with Radar,22,31,16,36,105,0,0,18,2,20,22,31,34,38,125,0,2,2,127
09/21/2015,HSV,AL,ASO,CE,Combined TRACON& Tower with Radar,29,36,13,27,105,0,0,8,6,14,29,36,21,33,119,0,0,0,119
09/22/2015,HSV,AL,ASO,CE,Combined TRACON& Tower with Radar,29,35,18,35,117,0,0,6,8,14,29,35,24,43,131,6,46,52,183
09/23/2015,HSV,AL,ASO,CE,Combined TRACON& Tower with Radar,28,38,27,33,126,0,3,17,10,30,28,41,44,43,156,0,108,108,264
09/24/2015,HSV,AL,ASO,CE,Combined TRACON& Tower with Radar,29,39,20,55,143,0,0,18,7,25,29,39,38,62,168,2,92,94,262
09/25/2015,HSV,AL,ASO,CE,Combined TRACON& Tower with Radar,27,42,23,10,102,0,0,9,2,11,27,42,32,12,113,6,0,6,119
09/26/2015,HSV,AL,ASO,CE,Combined TRACON& Tower with Radar,17,24,15,10,66,0,0,0,0,0,17,24,15,10,66,2,0,2,68
09/27/2015,HSV,AL,ASO,CE,Combined TRACON& Tower with Radar,22,29,35,10,96,0,0,7,0,7,22,29,42,10,103,0,0,0,103
09/28/2015,HSV,AL,ASO,CE,Combined TRACON& Tower with Radar,27,37,17,32,113,0,0,2,2,4,27,37,19,34,117,0,0,0,117
09/29/2015,HSV,AL,ASO,CE,Combined TRACON& Tower with Radar,27,39,28,41,135,0,0,6,7,13,27,39,34,48,148,12,0,12,160
09/30/2015,HSV,AL,ASO,CE,Combined TRACON& Tower with Radar,29,38,35,11,113,0,0,5,5,10,29,38,40,16,123,0,12,12,135
10/01/2015,HSV,AL,ASO,CE,Combined TRACON& Tower with Radar,28,39,23,32,122,0,0,2,1,3,28,39,25,33,125,0,0,0,125
10/02/2015,HSV,AL,ASO,CE,Combined TRACON& Tower with Radar,29,43,22,54,148,0,0,3,0,3,29,43,25,54,151,0,0,0,151
10/03/2015,HSV,AL,ASO,CE,Combined TRACON& Tower with Radar,20,20,15,6,61,0,0,0,1,1,20,20,15,7,62,0,0,0,62
10/04/2015,HSV,AL,ASO,CE,Combined TRACON& Tower with Radar,23,31,15,10,79,0,0,5,0,5,23,31,20,10,84,0,0,0,84
10/05/2015,HSV,AL,ASO,CE,Combined TRACON& Tower with Radar,27,33,10,45,115,0,3,23,5,31,27,36,33,50,146,0,0,0,146
10/06/2015,HSV,AL,ASO,CE,Combined TRACON& Tower with Radar,28,29,21,65,143,0,0,18,2,20,28,29,39,67,163,0,0,0,163
10/07/2015,HSV,AL,ASO,CE,Combined TRACON& Tower with Radar,29,41,13,38,121,0,0,11,4,15,29,41,24,42,136,0,36,36,172
10/08/2015,HSV,AL,ASO,CE,Combined TRACON& Tower with Radar,34,41,23,15,113,0,0,17,3,20,34,41,40,18,133,0,0,0,133
10/09/2015,HSV,AL,ASO,CE,Combined TRACON& Tower with Radar,28,38,17,26,109,0,0,33,5,38,28,38,50,31,147,0,0,0,147
10/10/2015,HSV,AL,ASO,CE,Combined TRACON& Tower with Radar,22,25,17,0,64,0,0,12,0,12,22,25,29,0,76,10,0,10,86
10/11/2015,HSV,AL,ASO,CE,Combined TRACON& Tower with Radar,28,29,11,4,72,0,0,30,0,30,28,29,41,4,102,8,0,8,110
10/12/2015,HSV,AL,ASO,CE,Combined TRACON& Tower with Radar,30,34,12,0,76,0,1,12,0,13,30,35,24,0,89,0,0,0,89
10/13/2015,HSV,AL,ASO,CE,Combined TRACON& Tower with Radar,29,37,16,6,88,0,0,18,6,24,29,37,34,12,112,14,32,46,158
10/14/2015,HSV,AL,ASO,CE,Combined TRACON& Tower with Radar,26,35,12,26,99,0,0,31,9,40,26,35,43,35,139,10,126,136,275
10/15/2015,HSV,AL,ASO,CE,Combined TRACON& Tower with Radar,30,36,10,24,100,0,0,28,15,43,30,36,38,39,143,8,78,86,229
10/16/2015,HSV,AL,ASO,CE,Combined TRACON& Tower with Radar,28,37,17,28,110,0,0,21,4,25,28,37,38,32,135,2,8,10,145
10/17/2015,HSV,AL,ASO,CE,Combined TRACON& Tower with Radar,18,21,14,5,58,0,0,27,3,30,18,21,41,8,88,0,0,0,88
10/18/2015,HSV,AL,ASO,CE,Combined TRACON& Tower with Radar,25,28,21,14,88,0,0,14,1,15,25,28,35,15,103,4,0,4,107
10/19/2015,HSV,AL,ASO,CE,Combined TRACON& Tower with Radar,32,34,23,34,123,0,0,18,0,18,32,34,41,34,141,0,0,0,141
10/20/2015,HSV,AL,ASO,CE,Combined TRACON& Tower with Radar,30,33,14,18,95,0,0,13,2,15,30,33,27,20,110,0,44,44,154
10/21/2015,HSV,AL,ASO,CE,Combined TRACON& Tower with Radar,29,38,19,25,111,0,3,15,3,21,29,41,34,28,132,10,76,86,218
10/22/2015,HSV,AL,ASO,CE,Combined TRACON& Tower with Radar,27,36,24,41,128,0,0,28,3,31,27,36,52,44,159,10,60,70,229
10/23/2015,HSV,AL,ASO,CE,Combined TRACON& Tower with Radar,27,40,14,47,128,0,0,17,2,19,27,40,31,49,147,0,58,58,205
10/24/2015,HSV,AL,ASO,CE,Combined TRACON& Tower with Radar,14,24,12,7,57,0,0,12,1,13,14,24,24,8,70,0,10,10,80
10/25/2015,HSV,AL,ASO,CE,Combined TRACON& Tower with Radar,28,29,15,14,86,0,0,9,0,9,28,29,24,14,95,0,14,14,109
10/26/2015,HSV,AL,ASO,CE,Combined TRACON& Tower with Radar,32,36,5,0,73,0,0,2,0,2,32,36,7,0,75,0,0,0,75
10/27/2015,HSV,AL,ASO,CE,Combined TRACON& Tower with Radar,26,40,15,12,93,0,0,0,0,0,26,40,15,12,93,0,0,0,93
10/28/2015,HSV,AL,ASO,CE,Combined TRACON& Tower with Radar,24,46,12,24,106,0,0,3,0,3,24,46,15,24,109,0,12,12,121
10/29/2015,HSV,AL,ASO,CE,Combined TRACON& Tower with Radar,28,43,25,26,122,0,0,17,4,21,28,43,42,30,143,26,68,94,237
10/30/2015,HSV,AL,ASO,CE,Combined TRACON& Tower with Radar,27,44,24,58,153,0,1,41,4,46,27,45,65,62,199,4,62,66,265
10/31/2015,HSV,AL,ASO,CE,Combined TRACON& Tower with Radar,10,27,15,19,71,0,0,10,4,14,10,27,25,23,85,0,0,0,85
11/01/2015,HSV,AL,ASO,CE,Combined TRACON& Tower with Radar,29,28,18,0,75,0,0,0,0,0,29,28,18,0,75,0,0,0,75
11/02/2015,HSV,AL,ASO,CE,Combined TRACON& Tower with Radar,27,35,15,41,118,0,0,0,1,1,27,35,15,42,119,0,58,58,177
11/03/2015,HSV,AL,ASO,CE,Combined TRACON& Tower with Radar,28,39,23,73,163,0,0,4,3,7,28,39,27,76,170,0,28,28,198
11/04/2015,HSV,AL,ASO,CE,Combined TRACON& Tower with Radar,27,38,25,66,156,0,0,14,9,23,27,38,39,75,179,8,50,58,237
11/05/2015,HSV,AL,ASO,CE,Combined TRACON& Tower with Radar,28,36,21,30,115,0,0,7,1,8,28,36,28,31,123,0,16,16,139
11/06/2015,HSV,AL,ASO,CE,Combined TRACON& Tower with Radar,26,39,15,27,107,0,0,11,3,14,26,39,26,30,121,2,104,106,227
11/07/2015,HSV,AL,ASO,CE,Combined TRACON& Tower with Radar,15,26,10,20,71,0,0,3,0,3,15,26,13,20,74,0,0,0,74
11/08/2015,HSV,AL,ASO,CE,Combined TRACON& Tower with Radar,22,29,14,14,79,0,0,17,2,19,22,29,31,16,98,0,0,0,98
11/09/2015,HSV,AL,ASO,CE,Combined TRACON& Tower with Radar,28,36,7,12,83,0,0,0,0,0,28,36,7,12,83,0,0,0,83
11/10/2015,HSV,AL,ASO,CE,Combined TRACON& Tower with Radar,25,38,23,18,104,0,0,17,5,22,25,38,40,23,126,20,40,60,186
11/11/2015,HSV,AL,ASO,CE,Combined TRACON& Tower with Radar,27,47,21,1,96,0,2,26,0,28,27,49,47,1,124,6,0,6,130
11/12/2015,HSV,AL,ASO,CE,Combined TRACON& Tower with Radar,26,41,24,35,126,0,0,11,3,14,26,41,35,38,140,20,82,102,242
11/13/2015,HSV,AL,ASO,CE,Combined TRACON& Tower with Radar,29,41,25,28,123,0,1,13,7,21,29,42,38,35,144,0,102,102,246
11/14/2015,HSV,AL,ASO,CE,Combined TRACON& Tower with Radar,18,26,23,18,85,0,0,25,4,29,18,26,48,22,114,8,26,34,148
11/15/2015,HSV,AL,ASO,CE,Combined TRACON& Tower with Radar,21,30,18,27,96,0,0,23,2,25,21,30,41,29,121,0,0,0,121
11/16/2015,HSV,AL,ASO,CE,Combined TRACON& Tower with Radar,28,38,9,64,139,0,0,10,10,20,28,38,19,74,159,0,0,0,159
11/17/2015,HSV,AL,ASO,CE,Combined TRACON& Tower with Radar,28,42,12,53,135,0,0,1,8,9,28,42,13,61,144,0,54,54,198
11/18/2015,HSV,AL,ASO,CE,Combined TRACON& Tower with Radar,29,39,9,17,94,0,0,3,0,3,29,39,12,17,97,0,0,0,97
11/19/2015,HSV,AL,ASO,CE,Combined TRACON& Tower with Radar,27,46,22,53,148,0,0,9,7,16,27,46,31,60,164,2,72,74,238
11/20/2015,HSV,AL,ASO,CE,Combined TRACON& Tower with Radar,26,41,24,5,96,0,0,20,2,22,26,41,44,7,118,0,0,0,118
11/21/2015,HSV,AL,ASO,CE,Combined TRACON& Tower with Radar,14,23,12,25,74,0,0,8,3,11,14,23,20,28,85,0,38,38,123
11/22/2015,HSV,AL,ASO,CE,Combined TRACON& Tower with Radar,17,31,15,7,70,0,0,19,1,20,17,31,34,8,90,0,0,0,90
11/23/2015,HSV,AL,ASO,CE,Combined TRACON& Tower with Radar,25,35,15,32,107,0,0,37,4,41,25,35,52,36,148,0,0,0,148
11/24/2015,HSV,AL,ASO,CE,Combined TRACON& Tower with Radar,25,41,18,14,98,0,0,25,3,28,25,41,43,17,126,8,50,58,184
11/25/2015,HSV,AL,ASO,CE,Combined TRACON& Tower with Radar,27,39,16,13,95,0,6,9,4,19,27,45,25,17,114,0,50,50,164
11/26/2015,HSV,AL,ASO,CE,Combined TRACON& Tower with Radar,11,15,5,0,31,0,0,9,0,9,11,15,14,0,40,0,0,0,40
11/27/2015,HSV,AL,ASO,CE,Combined TRACON& Tower with Radar,21,26,8,0,55,0,0,15,0,15,21,26,23,0,70,0,0,0,70
11/28/2015,HSV,AL,ASO,CE,Combined TRACON& Tower with Radar,22,34,19,0,75,0,0,9,0,9,22,34,28,0,84,0,10,10,94
11/29/2015,HSV,AL,ASO,CE,Combined TRACON& Tower with Radar,25,33,18,0,76,0,0,0,0,0,25,33,18,0,76,0,0,0,76
11/30/2015,HSV,AL,ASO,CE,Combined TRACON& Tower with Radar,28,37,10,7,82,0,0,0,0,0,28,37,10,7,82,0,0,0,82
12/01/2015,HSV,AL,ASO,CE,Combined TRACON& Tower with Radar,30,39,13,20,102,0,0,1,0,1,30,39,14,20,103,0,0,0,103
12/02/2015,HSV,AL,ASO,CE,Combined TRACON& Tower with Radar,26,35,31,37,129,0,0,14,11,25,26,35,45,48,154,20,42,62,216
12/03/2015,HSV,AL,ASO,CE,Combined TRACON& Tower with Radar,25,38,18,32,113,0,0,23,5,28,25,38,41,37,141,2,76,78,219
12/04/2015,HSV,AL,ASO,CE,Combined TRACON& Tower with Radar,27,39,15,75,156,0,0,32,1,33,27,39,47,76,189,0,0,0,189
12/05/2015,HSV,AL,ASO,CE,Combined TRACON& Tower with Radar,15,21,14,5,55,0,0,24,0,24,15,21,38,5,79,2,0,2,81
12/06/2015,HSV,AL,ASO,CE,Combined TRACON& Tower with Radar,20,29,12,15,76,0,0,13,1,14,20,29,25,16,90,0,12,12,102
12/07/2015,HSV,AL,ASO,CE,Combined TRACON& Tower with Radar,30,35,11,32,108,0,0,20,5,25,30,35,31,37,133,8,8,16,149
12/08/2015,HSV,AL,ASO,CE,Combined TRACON& Tower with Radar,27,41,21,38,127,0,1,15,5,21,27,42,36,43,148,74,34,108,256
12/09/2015,HSV,AL,ASO,CE,Combined TRACON& Tower with Radar,24,36,26,17,103,0,0,2,5,7,24,36,28,22,110,0,0,0,110
12/10/2015,HSV,AL,ASO,CE,Combined TRACON& Tower with Radar,27,52,28,47,154,0,0,3,3,6,27,52,31,50,160,2,16,18,178
12/11/2015,HSV,AL,ASO,CE,Combined TRACON& Tower with Radar,27,41,15,4,87,0,0,3,2,5,27,41,18,6,92,0,0,0,92
12/12/2015,HSV,AL,ASO,CE,Combined TRACON& Tower with Radar,27,28,16,6,77,0,0,16,0,16,27,28,32,6,93,12,0,12,105
12/13/2015,HSV,AL,ASO,CE,Combined TRACON& Tower with Radar,23,30,19,2,74,0,0,4,0,4,23,30,23,2,78,0,0,0,78
12/14/2015,HSV,AL,ASO,CE,Combined TRACON& Tower with Radar,28,35,11,11,85,0,0,5,7,12,28,35,16,18,97,0,40,40,137
12/15/2015,HSV,AL,ASO,CE,Combined TRACON& Tower with Radar,25,34,17,66,142,0,1,11,2,14,25,35,28,68,156,24,114,138,294
12/16/2015,HSV,AL,ASO,CE,Combined TRACON& Tower with Radar,28,44,15,49,136,0,0,9,3,12,28,44,24,52,148,21,240,261,409
12/17/2015,HSV,AL,ASO,CE,Combined TRACON& Tower with Radar,25,37,30,42,134,0,0,6,4,10,25,37,36,46,144,14,2,16,160
12/18/2015,HSV,AL,ASO,CE,Combined TRACON& Tower with Radar,28,34,12,55,129,0,1,14,4,19,28,35,26,59,148,0,50,50,198
12/19/2015,HSV,AL,ASO,CE,Combined TRACON& Tower with Radar,15,32,5,5,57,0,0,38,1,39,15,32,43,6,96,4,0,4,100
12/20/2015,HSV,AL,ASO,CE,Combined TRACON& Tower with Radar,14,32,15,0,61,0,0,20,0,20,14,32,35,0,81,0,0,0,81
12/21/2015,HSV,AL,ASO,CE,Combined TRACON& Tower with Radar,20,32,12,24,88,0,0,0,0,0,20,32,12,24,88,0,0,0,88
12/22/2015,HSV,AL,ASO,CE,Combined TRACON& Tower with Radar,22,41,12,29,104,0,0,0,0,0,22,41,12,29,104,0,0,0,104
12/23/2015,HSV,AL,ASO,CE,Combined TRACON& Tower with Radar,23,34,13,0,70,0,0,0,0,0,23,34,13,0,70,2,0,2,72
12/24/2015,HSV,AL,ASO,CE,Combined TRACON& Tower with Radar,33,24,5,0,62,0,0,9,0,9,33,24,14,0,71,0,0,0,71
12/25/2015,HSV,AL,ASO,CE,Combined TRACON& Tower with Radar,16,20,2,0,38,0,0,0,0,0,16,20,2,0,38,0,0,0,38
12/26/2015,HSV,AL,ASO,CE,Combined TRACON& Tower with Radar,13,27,11,0,51,0,0,6,0,6,13,27,17,0,57,10,0,10,67
12/27/2015,HSV,AL,ASO,CE,Combined TRACON& Tower with Radar,11,26,13,0,50,0,0,1,0,1,11,26,14,0,51,0,0,0,51
12/28/2015,HSV,AL,ASO,CE,Combined TRACON& Tower with Radar,17,30,3,0,50,0,0,2,0,2,17,30,5,0,52,0,0,0,52
12/29/2015,HSV,AL,ASO,CE,Combined TRACON& Tower with Radar,19,32,19,18,88,0,1,19,4,24,19,33,38,22,112,0,68,68,180
12/30/2015,HSV,AL,ASO,CE,Combined TRACON& Tower with Radar,20,30,7,19,76,0,0,3,0,3,20,30,10,19,79,0,0,0,79
12/31/2015,HSV,AL,ASO,CE,Combined TRACON& Tower with Radar,16,19,13,0,48,0,0,8,0,8,16,19,21,0,56,6,0,6,62
01/01/2016,HSV,AL,ASO,CE,Combined TRACON& Tower with Radar,21,23,12,0,56,0,0,7,0,7,21,23,19,0,63,14,0,14,77
01/02/2016,HSV,AL,ASO,CE,Combined TRACON& Tower with Radar,15,23,10,0,48,0,0,29,0,29,15,23,39,0,77,0,0,0,77
01/03/2016,HSV,AL,ASO,CE,Combined TRACON& Tower with Radar,18,30,11,0,59,0,0,18,0,18,18,30,29,0,77,10,0,10,87
01/04/2016,HSV,AL,ASO,CE,Combined TRACON& Tower with Radar,20,32,4,41,97,0,0,10,3,13,20,32,14,44,110,0,0,0,110
01/05/2016,HSV,AL,ASO,CE,Combined TRACON& Tower with Radar,23,39,17,23,102,0,0,13,2,15,23,39,30,25,117,0,76,76,193
01/06/2016,HSV,AL,ASO,CE,Combined TRACON& Tower with Radar,24,34,3,32,93,0,0,6,4,10,24,34,9,36,103,0,66,66,169
01/07/2016,HSV,AL,ASO,CE,Combined TRACON& Tower with Radar,24,39,14,26,103,0,0,0,5,5,24,39,14,31,108,0,172,172,280
01/08/2016,HSV,AL,ASO,CE,Combined TRACON& Tower with Radar,23,33,10,47,113,0,0,4,3,7,23,33,14,50,120,0,20,20,140
01/09/2016,HSV,AL,ASO,CE,Combined TRACON& Tower with Radar,12,19,1,22,54,0,0,0,0,0,12,19,1,22,54,0,0,0,54
01/10/2016,HSV,AL,ASO,CE,Combined TRACON& Tower with Radar,21,31,15,8,75,0,0,3,2,5,21,31,18,10,80,0,0,0,80
01/11/2016,HSV,AL,ASO,CE,Combined TRACON& Tower with Radar,27,41,14,35,117,0,0,8,7,15,27,41,22,42,132,2,126,128,260
01/12/2016,HSV,AL,ASO,CE,Combined TRACON& Tower with Radar,26,39,23,42,130,0,2,4,2,8,26,41,27,44,138,2,76,78,216
01/13/2016,HSV,AL,ASO,CE,Combined TRACON& Tower with Radar,27,35,15,46,123,0,4,17,7,28,27,39,32,53,151,4,42,46,197
01/14/2016,HSV,AL,ASO,CE,Combined TRACON& Tower with Radar,25,42,15,42,124,0,6,23,9,38,25,48,38,51,162,40,122,162,324
01/15/2016,HSV,AL,ASO,CE,Combined TRACON& Tower with Radar,22,38,17,28,105,0,0,0,0,0,22,38,17,28,105,0,18,18,123
01/16/2016,HSV,AL,ASO,CE,Combined TRACON& Tower with Radar,10,20,8,20,58,0,0,7,9,16,10,20,15,29,74,0,40,40,114
01/17/2016,HSV,AL,ASO,CE,Combined TRACON& Tower with Radar,17,22,12,3,54,0,3,27,2,32,17,25,39,5,86,14,0,14,100
01/18/2016,HSV,AL,ASO,CE,Combined TRACON& Tower with Radar,25,44,6,1,76,0,2,7,1,10,25,46,13,2,86,2,0,2,88
01/19/2016,HSV,AL,ASO,CE,Combined TRACON& Tower with Radar,27,37,16,23,103,0,0,12,10,22,27,37,28,33,125,0,46,46,171
01/20/2016,HSV,AL,ASO,CE,Combined TRACON& Tower with Radar,28,42,5,2,77,0,0,1,0,1,28,42,6,2,78,0,0,0,78
01/21/2016,HSV,AL,ASO,CE,Combined TRACON& Tower with Radar,25,37,13,20,95,0,0,0,0,0,25,37,13,20,95,0,0,0,95
01/22/2016,HSV,AL,ASO,CE,Combined TRACON& Tower with Radar,24,22,5,0,51,0,0,0,0,0,24,22,5,0,51,0,0,0,51
01/23/2016,HSV,AL,ASO,CE,Combined TRACON& Tower with Radar,13,13,7,0,33,0,0,2,0,2,13,13,9,0,35,0,0,0,35
01/24/2016,HSV,AL,ASO,CE,Combined TRACON& Tower with Radar,23,18,18,11,70,0,0,33,5,38,23,18,51,16,108,6,32,38,146
01/25/2016,HSV,AL,ASO,CE,Combined TRACON& Tower with Radar,26,33,16,27,102,0,0,10,3,13,26,33,26,30,115,0,44,44,159
01/26/2016,HSV,AL,ASO,CE,Combined TRACON& Tower with Radar,26,34,11,2,73,0,0,0,0,0,26,34,11,2,73,0,0,0,73
01/27/2016,HSV,AL,ASO,CE,Combined TRACON& Tower with Radar,25,36,24,34,119,0,0,9,4,13,25,36,33,38,132,0,28,28,160
01/28/2016,HSV,AL,ASO,CE,Combined TRACON& Tower with Radar,26,41,17,35,119,0,1,23,8,32,26,42,40,43,151,20,42,62,213
01/29/2016,HSV,AL,ASO,CE,Combined TRACON& Tower with Radar,26,35,13,44,118,0,0,21,7,28,26,35,34,51,146,16,22,38,184
01/30/2016,HSV,AL,ASO,CE,Combined TRACON& Tower with Radar,13,17,17,8,55,0,0,26,2,28,13,17,43,10,83,18,14,32,115
01/31/2016,HSV,AL,ASO,CE,Combined TRACON& Tower with Radar,20,27,22,3,72,0,0,3,5,8,20,27,25,8,80,0,10,10,90
02/01/2016,HSV,AL,ASO,CE,Combined TRACON& Tower with Radar,24,38,18,9,89,0,0,0,1,1,24,38,18,10,90,0,0,0,90
02/02/2016,HSV,AL,ASO,CE,Combined TRACON& Tower with Radar,41,35,9,10,95,0,0,2,0,2,41,35,11,10,97,0,0,0,97
02/03/2016,HSV,AL,ASO,CE,Combined TRACON& Tower with Radar,28,40,19,22,109,0,0,14,4,18,28,40,33,26,127,10,82,92,219
02/04/2016,HSV,AL,ASO,CE,Combined TRACON& Tower with Radar,28,36,14,35,113,0,0,29,9,38,28,36,43,44,151,26,108,134,285
02/05/2016,HSV,AL,ASO,CE,Combined TRACON& Tower with Radar,26,34,28,17,105,0,0,29,7,36,26,34,57,24,141,0,28,28,169
02/06/2016,HSV,AL,ASO,CE,Combined TRACON& Tower with Radar,12,19,15,20,66,0,1,19,0,20,12,20,34,20,86,10,0,10,96
02/07/2016,HSV,AL,ASO,CE,Combined TRACON& Tower with Radar,20,25,6,22,73,0,0,5,6,11,20,25,11,28,84,0,16,16,100
02/08/2016,HSV,AL,ASO,CE,Combined TRACON& Tower with Radar,26,34,6,27,93,0,0,0,6,6,26,34,6,33,99,0,114,114,213
02/09/2016,HSV,AL,ASO,CE,Combined TRACON& Tower with Radar,27,38,19,0,84,0,0,0,0,0,27,38,19,0,84,0,0,0,84
02/10/2016,HSV,AL,ASO,CE,Combined TRACON& Tower with Radar,29,40,20,36,125,0,0,7,6,13,29,40,27,42,138,0,68,68,206
02/11/2016,HSV,AL,ASO,CE,Combined TRACON& Tower with Radar,25,34,23,32,114,0,0,25,5,30,25,34,48,37,144,52,130,182,326
02/12/2016,HSV,AL,ASO,CE,Combined TRACON& Tower with Radar,22,38,30,27,117,0,0,25,1,26,22,38,55,28,143,32,82,114,257
02/13/2016,HSV,AL,ASO,CE,Combined TRACON& Tower with Radar,12,23,16,4,55,0,0,33,4,37,12,23,49,8,92,6,12,18,110
02/14/2016,HSV,AL,ASO,CE,Combined TRACON& Tower with Radar,19,29,3,6,57,0,0,5,5,10,19,29,8,11,67,0,14,14,81
02/15/2016,HSV,AL,ASO,CE,Combined TRACON& Tower with Radar,22,34,14,3,73,0,0,0,0,0,22,34,14,3,73,0,0,0,73
02/16/2016,HSV,AL,ASO,CE,Combined TRACON& Tower with Radar,21,39,24,18,102,0,0,0,0,0,21,39,24,18,102,0,0,0,102
02/17/2016,HSV,AL,ASO,CE,Combined TRACON& Tower with Radar,25,34,27,51,137,0,0,14,7,21,25,34,41,58,158,2,54,56,214
02/18/2016,HSV,AL,ASO,CE,Combined TRACON& Tower with Radar,26,35,28,32,121,0,0,24,8,32,26,35,52,40,153,38,132,170,323
02/19/2016,HSV,AL,ASO,CE,Combined TRACON& Tower with Radar,24,38,21,64,147,0,0,22,14,36,24,38,43,78,183,8,104,112,295
02/20/2016,HSV,AL,ASO,CE,Combined TRACON& Tower with Radar,13,25,16,26,80,0,0,7,0,7,13,25,23,26,87,8,0,8,95
02/21/2016,HSV,AL,ASO,CE,Combined TRACON& Tower with Radar,23,23,19,21,86,0,0,1,1,2,23,23,20,22,88,0,10,10,98
02/22/2016,HSV,AL,ASO,CE,Combined TRACON& Tower with Radar,28,32,13,29,102,0,0,0,0,0,28,32,13,29,102,0,0,0,102
02/23/2016,HSV,AL,ASO,CE,Combined TRACON& Tower with Radar,27,33,14,48,122,0,0,1,1,2,27,33,15,49,124,0,0,0,124
02/24/2016,HSV,AL,ASO,CE,Combined TRACON& Tower with Radar,28,29,8,15,80,0,0,1,1,2,28,29,9,16,82,0,0,0,82
02/25/2016,HSV,AL,ASO,CE,Combined TRACON& Tower with Radar,25,36,26,61,148,0,0,15,12,27,25,36,41,73,175,8,110,118,293
02/26/2016,HSV,AL,ASO,CE,Combined TRACON& Tower with Radar,27,34,14,48,123,0,4,35,4,43,27,38,49,52,166,6,60,66,232
02/27/2016,HSV,AL,ASO,CE,Combined TRACON& Tower with Radar,12,23,15,2,52,0,4,42,0,46,12,27,57,2,98,6,0,6,104
02/28/2016,HSV,AL,ASO,CE,Combined TRACON& Tower with Radar,22,25,24,12,83,0,2,42,0,44,22,27,66,12,127,4,0,4,131
02/29/2016,HSV,AL,ASO,CE,Combined TRACON& Tower with Radar,28,36,20,19,103,0,0,31,4,35,28,36,51,23,138,14,50,64,202
03/01/2016,HSV,AL,ASO,CE,Combined TRACON& Tower with Radar,24,35,12,18,89,0,0,3,3,6,24,35,15,21,95,2,36,38,133
03/02/2016,HSV,AL,ASO,CE,Combined TRACON& Tower with Radar,28,38,30,13,109,0,0,14,7,21,28,38,44,20,130,28,86,114,244
03/03/2016,HSV,AL,ASO,CE,Combined TRACON& Tower with Radar,27,41,10,1,79,0,0,2,0,2,27,41,12,1,81,0,0,0,81
03/04/2016,HSV,AL,ASO,CE,Combined TRACON& Tower with Radar,28,41,17,57,143,0,0,20,6,26,28,41,37,63,169,40,34,74,243
03/05/2016,HSV,AL,ASO,CE,Combined TRACON& Tower with Radar,14,32,10,2,58,0,2,35,0,37,14,34,45,2,95,10,0,10,105
03/06/2016,HSV,AL,ASO,CE,Combined TRACON& Tower with Radar,20,32,10,12,74,0,2,39,0,41,20,34,49,12,115,34,0,34,149
03/07/2016,HSV,AL,ASO,CE,Combined TRACON& Tower with Radar,30,34,13,60,137,0,0,23,5,28,30,34,36,65,165,18,52,70,235
03/08/2016,HSV,AL,ASO,CE,Combined TRACON& Tower with Radar,25,32,25,49,131,0,0,25,5,30,25,32,50,54,161,18,108,126,287
03/09/2016,HSV,AL,ASO,CE,Combined TRACON& Tower with Radar,27,31,15,59,132,0,0,20,9,29,27,31,35,68,161,22,145,167,328
03/10/2016,HSV,AL,ASO,CE,Combined TRACON& Tower with Radar,27,42,17,27,113,0,0,0,8,8,27,42,17,35,121,12,136,148,269
03/11/2016,HSV,AL,ASO,CE,Combined TRACON& Tower with Radar,26,40,14,35,115,0,0,7,7,14,26,40,21,42,129,14,72,86,215
03/12/2016,HSV,AL,ASO,CE,Combined TRACON& Tower with Radar,14,27,6,4,51,0,0,6,1,7,14,27,12,5,58,14,0,14,72
03/13/2016,HSV,AL,ASO,CE,Combined TRACON& Tower with Radar,24,32,9,20,85,0,0,2,0,2,24,32,11,20,87,0,0,0,87
03/14/2016,HSV,AL,ASO,CE,Combined TRACON& Tower with Radar,30,39,14,21,104,0,0,4,0,4,30,39,18,21,108,14,18,32,140
03/15/2016,HSV,AL,ASO,CE,Combined TRACON& Tower with Radar,28,37,10,85,160,0,0,33,8,41,28,37,43,93,201,14,80,94,295
03/16/2016,HSV,AL,ASO,CE,Combined TRACON& Tower with Radar,29,38,16,18,101,0,0,16,4,20,29,38,32,22,121,10,54,64,185
03/17/2016,HSV,AL,ASO,CE,Combined TRACON& Tower with Radar,26,41,20,55,142,0,2,27,3,32,26,43,47,58,174,18,86,104,278
03/18/2016,HSV,AL,ASO,CE,Combined TRACON& Tower with Radar,29,42,34,86,191,0,5,14,10,29,29,47,48,96,220,22,84,106,326
03/19/2016,HSV,AL,ASO,CE,Combined TRACON& Tower with Radar,14,27,25,6,72,0,2,13,2,17,14,29,38,8,89,10,6,16,105
03/20/2016,HSV,AL,ASO,CE,Combined TRACON& Tower with Radar,21,34,7,18,80,0,2,7,10,19,21,36,14,28,99,4,30,34,133
03/21/2016,HSV,AL,ASO,CE,Combined TRACON& Tower with Radar,30,37,23,25,115,0,2,14,9,25,30,39,37,34,140,16,56,72,212
03/22/2016,HSV,AL,ASO,CE,Combined TRACON& Tower with Radar,29,35,28,38,130,0,4,21,5,30,29,39,49,43,160,2,34,36,196
03/23/2016,HSV,AL,ASO,CE,Combined TRACON& Tower with Radar,28,35,38,55,156,0,0,5,8,13,28,35,43,63,169,4,108,112,281
03/24/2016,HSV,AL,ASO,CE,Combined TRACON& Tower with Radar,34,40,12,1,87,0,0,3,0,3,34,40,15,1,90,0,0,0,90
03/25/2016,HSV,AL,ASO,CE,Combined TRACON& Tower with Radar,28,38,29,37,132,0,0,31,6,37,28,38,60,43,169,0,98,98,267
03/26/2016,HSV,AL,ASO,CE,Combined TRACON& Tower with Radar,13,30,17,0,60,0,2,31,0,33,13,32,48,0,93,36,0,36,129
03/27/2016,HSV,AL,ASO,CE,Combined TRACON& Tower with Radar,21,38,10,6,75,0,0,0,0,0,21,38,10,6,75,0,0,0,75
03/28/2016,HSV,AL,ASO,CE,Combined TRACON& Tower with Radar,29,36,14,19,98,0,0,20,3,23,29,36,34,22,121,38,102,140,261
03/29/2016,HSV,AL,ASO,CE,Combined TRACON& Tower with Radar,29,37,14,39,119,0,2,35,2,39,29,39,49,41,158,12,62,74,232
03/30/2016,HSV,AL,ASO,CE,Combined TRACON& Tower with Radar,26,33,22,20,101,0,0,10,5,15,26,33,32,25,116,0,166,166,282
03/31/2016,HSV,AL,ASO,CE,Combined TRACON& Tower with Radar,27,42,8,5,82,0,0,3,0,3,27,42,11,5,85,0,0,0,85
04/01/2016,HSV,AL,ASO,CE,Combined TRACON& Tower with Radar,26,41,25,61,153,0,0,15,2,17,26,41,40,63,170,4,10,14,184
04/02/2016,HSV,AL,ASO,CE,Combined TRACON& Tower with Radar,16,29,10,31,86,0,4,21,9,34,16,33,31,40,120,0,10,10,130
04/03/2016,HSV,AL,ASO,CE,Combined TRACON& Tower with Radar,22,37,24,11,94,0,4,29,1,34,22,41,53,12,128,10,0,10,138
04/04/2016,HSV,AL,ASO,CE,Combined TRACON& Tower with Radar,26,38,12,53,129,0,4,11,7,22,26,42,23,60,151,18,46,64,215
04/05/2016,HSV,AL,ASO,CE,Combined TRACON& Tower with Radar,35,36,21,27,119,0,4,27,3,34,35,40,48,30,153,20,46,66,219
04/06/2016,HSV,AL,ASO,CE,Combined TRACON& Tower with Radar,30,37,11,26,104,0,0,3,2,5,30,37,14,28,109,0,24,24,133
04/07/2016,HSV,AL,ASO,CE,Combined TRACON& Tower with Radar,26,43,19,21,109,0,2,18,10,30,26,45,37,31,139,10,66,76,215
04/08/2016,HSV,AL,ASO,CE,Combined TRACON& Tower with Radar,31,35,21,16,103,0,1,21,3,25,31,36,42,19,128,4,42,46,174
04/09/2016,HSV,AL,ASO,CE,Combined TRACON& Tower with Radar,18,22,22,14,76,0,2,20,2,24,18,24,42,16,100,2,8,10,110
04/10/2016,HSV,AL,ASO,CE,Combined TRACON& Tower with Radar,20,34,17,10,81,0,0,16,0,16,20,34,33,10,97,24,0,24,121
04/11/2016,HSV,AL,ASO,CE,Combined TRACON& Tower with Radar,29,34,13,3,79,0,0,1,3,4,29,34,14,6,83,2,20,22,105
04/12/2016,HSV,AL,ASO,CE,Combined TRACON& Tower with Radar,29,34,37,68,168,0,0,7,1,8,29,34,44,69,176,2,102,104,280
04/13/2016,HSV,AL,ASO,CE,Combined TRACON& Tower with Radar,29,40,26,59,154,0,2,13,5,20,29,42,39,64,174,0,58,58,232
04/14/2016,HSV,AL,ASO,CE,Combined TRACON& Tower with Radar,31,38,25,27,121,0,0,3,6,9,31,38,28,33,130,0,90,90,220
04/15/2016,HSV,AL,ASO,CE,Combined TRACON& Tower with Radar,31,37,36,46,150,0,0,13,17,30,31,37,49,63,180,4,210,214,394
04/16/2016,HSV,AL,ASO,CE,Combined TRACON& Tower with Radar,20,23,15,4,62,0,0,11,0,11,20,23,26,4,73,0,4,4,77
04/17/2016,HSV,AL,ASO,CE,Combined TRACON& Tower with Radar,15,36,29,5,85,0,0,20,0,20,15,36,49,5,105,0,0,0,105
04/18/2016,HSV,AL,ASO,CE,Combined TRACON& Tower with Radar,35,33,19,35,122,0,0,17,2,19,35,33,36,37,141,8,20,28,169
04/19/2016,HSV,AL,ASO,CE,Combined TRACON& Tower with Radar,32,32,19,24,107,0,0,15,12,27,32,32,34,36,134,2,54,56,190
04/20/2016,HSV,AL,ASO,CE,Combined TRACON& Tower with Radar,33,32,25,26,116,0,0,12,8,20,33,32,37,34,136,0,174,174,310
04/21/2016,HSV,AL,ASO,CE,Combined TRACON& Tower with Radar,31,39,14,46,130,0,0,4,4,8,31,39,18,50,138,8,60,68,206
04/22/2016,HSV,AL,ASO,CE,Combined TRACON& Tower with Radar,30,39,23,53,145,0,0,8,13,21,30,39,31,66,166,0,12,12,178
04/23/2016,HSV,AL,ASO,CE,Combined TRACON& Tower with Radar,18,23,13,3,57,0,0,26,5,31,18,23,39,8,88,0,0,0,88
04/24/2016,HSV,AL,ASO,CE,Combined TRACON& Tower with Radar,23,28,7,12,70,0,0,11,5,16,23,28,18,17,86,8,0,8,94
04/25/2016,HSV,AL,ASO,CE,Combined TRACON& Tower with Radar,32,33,17,24,106,0,0,18,5,23,32,33,35,29,129,18,98,116,245
04/26/2016,HSV,AL,ASO,CE,Combined TRACON& Tower with Radar,30,33,13,57,133,0,1,12,5,18,30,34,25,62,151,24,102,126,277
04/27/2016,HSV,AL,ASO,CE,Combined TRACON& Tower with Radar,31,34,27,16,108,0,0,15,3,18,31,34,42,19,126,2,70,72,198
04/28/2016,HSV,AL,ASO,CE,Combined TRACON& Tower with Radar,29,37,31,51,148,0,0,14,7,21,29,37,45,58,169,16,114,130,299
04/29/2016,HSV,AL,ASO,CE,Combined TRACON& Tower with Radar,30,41,12,36,119,0,1,17,11,29,30,42,29,47,148,0,116,116,264
04/30/2016,HSV,AL,ASO,CE,Combined TRACON& Tower with Radar,18,24,9,0,51,0,0,15,0,15,18,24,24,0,66,4,0,4,70
05/01/2016,HSV,AL,ASO,CE,Combined TRACON& Tower with Radar,21,32,14,16,83,0,0,7,2,9,21,32,21,18,92,0,0,0,92
05/02/2016,HSV,AL,ASO,CE,Combined TRACON& Tower with Radar,34,35,6,28,103,0,0,2,0,2,34,35,8,28,105,28,0,28,133
05/03/2016,HSV,AL,ASO,CE,Combined TRACON& Tower with Radar,29,35,35,48,147,0,0,10,3,13,29,35,45,51,160,0,60,60,220
05/04/2016,HSV,AL,ASO,CE,Combined TRACON& Tower with Radar,33,37,11,25,106,0,0,7,7,14,33,37,18,32,120,12,42,54,174
05/05/2016,HSV,AL,ASO,CE,Combined TRACON& Tower with Radar,32,37,19,23,111,0,0,14,4,18,32,37,33,27,129,0,0,0,129
05/06/2016,HSV,AL,ASO,CE,Combined TRACON& Tower with Radar,33,34,16,76,159,0,0,32,8,40,33,34,48,84,199,6,84,90,289
05/07/2016,HSV,AL,ASO,CE,Combined TRACON& Tower with Radar,18,22,12,2,54,0,0,19,0,19,18,22,31,2,73,0,0,0,73
05/08/2016,HSV,AL,ASO,CE,Combined TRACON& Tower with Radar,25,31,15,3,74,0,0,8,6,14,25,31,23,9,88,14,10,24,112
05/09/2016,HSV,AL,ASO,CE,Combined TRACON& Tower with Radar,32,31,24,56,143,0,0,11,6,17,32,31,35,62,160,0,90,90,250
05/10/2016,HSV,AL,ASO,CE,Combined TRACON& Tower with Radar,34,32,22,31,119,0,0,6,2,8,34,32,28,33,127,0,48,48,175
05/11/2016,HSV,AL,ASO,CE,Combined TRACON& Tower with Radar,36,33,9,39,117,0,0,6,7,13,36,33,15,46,130,0,58,58,188
05/12/2016,HSV,AL,ASO,CE,Combined TRACON& Tower with Radar,37,33,10,12,92,0,0,5,2,7,37,33,15,14,99,0,12,12,111
05/13/2016,HSV,AL,ASO,CE,Combined TRACON& Tower with Radar,35,35,14,27,111,0,0,19,14,33,35,35,33,41,144,0,20,20,164
05/14/2016,HSV,AL,ASO,CE,Combined TRACON& Tower with Radar,20,21,11,11,63,0,0,24,3,27,20,21,35,14,90,8,0,8,98
05/15/2016,HSV,AL,ASO,CE,Combined TRACON& Tower with Radar,29,26,13,22,90,0,0,17,4,21,29,26,30,26,111,2,18,20,131
05/16/2016,HSV,AL,ASO,CE,Combined TRACON& Tower with Radar,36,30,23,18,107,0,0,14,0,14,36,30,37,18,121,10,100,110,231
05/17/2016,HSV,AL,ASO,CE,Combined TRACON& Tower with Radar,35,38,26,31,130,0,3,11,8,22,35,41,37,39,152,8,125,133,285
05/18/2016,HSV,AL,ASO,CE,Combined TRACON& Tower with Radar,34,31,23,60,148,0,0,5,3,8,34,31,28,63,156,8,16,24,180
05/19/2016,HSV,AL,ASO,CE,Combined TRACON& Tower with Radar,32,45,18,38,133,0,0,10,5,15,32,45,28,43,148,20,30,50,198
05/20/2016,HSV,AL,ASO,CE,Combined TRACON& Tower with Radar,37,33,6,8,84,0,0,14,0,14,37,33,20,8,98,0,0,0,98
05/21/2016,HSV,AL,ASO,CE,Combined TRACON& Tower with Radar,26,19,13,6,64,0,0,13,1,14,26,19,26,7,78,0,0,0,78
05/22/2016,HSV,AL,ASO,CE,Combined TRACON& Tower with Radar,31,28,10,13,82,0,0,17,10,27,31,28,27,23,109,20,36,56,165
05/23/2016,HSV,AL,ASO,CE,Combined TRACON& Tower with Radar,36,35,10,33,114,0,0,18,5,23,36,35,28,38,137,2,74,76,213
05/24/2016,HSV,AL,ASO,CE,Combined TRACON& Tower with Radar,35,35,25,48,143,0,1,11,11,23,35,36,36,59,166,22,98,120,286
05/25/2016,HSV,AL,ASO,CE,Combined TRACON& Tower with Radar,34,35,23,44,136,0,0,15,7,22,34,35,38,51,158,0,104,104,262
05/26/2016,HSV,AL,ASO,CE,Combined TRACON& Tower with Radar,36,35,14,33,118,0,1,15,6,22,36,36,29,39,140,0,52,52,192
05/27/2016,HSV,AL,ASO,CE,Combined TRACON& Tower with Radar,32,30,22,6,90,0,0,13,2,15,32,30,35,8,105,0,14,14,119
05/28/2016,HSV,AL,ASO,CE,Combined TRACON& Tower with Radar,20,19,17,0,56,0,0,13,0,13,20,19,30,0,69,0,0,0,69
05/29/2016,HSV,AL,ASO,CE,Combined TRACON& Tower with Radar,24,20,5,0,49,0,0,22,0,22,24,20,27,0,71,8,0,8,79
05/30/2016,HSV,AL,ASO,CE,Combined TRACON& Tower with Radar,32,26,18,0,76,0,0,13,0,13,32,26,31,0,89,0,0,0,89
05/31/2016,HSV,AL,ASO,CE,Combined TRACON& Tower with Radar,34,35,22,48,139,0,0,25,3,28,34,35,47,51,167,10,80,90,257
06/01/2016,HSV,AL,ASO,CE,Combined TRACON& Tower with Radar,33,31,14,28,106,0,0,14,7,21,33,31,28,35,127,30,22,52,179
06/02/2016,HSV,AL,ASO,CE,Combined TRACON& Tower with Radar,30,33,14,22,99,0,0,4,6,10,30,33,18,28,109,0,12,12,121
06/03/2016,HSV,AL,ASO,CE,Combined TRACON& Tower with Radar,31,30,16,51,128,0,0,13,4,17,31,30,29,55,145,0,72,72,217
06/04/2016,HSV,AL,ASO,CE,Combined TRACON& Tower with Radar,22,21,9,1,53,0,0,14,3,17,22,21,23,4,70,0,0,0,70
06/05/2016,HSV,AL,ASO,CE,Combined TRACON& Tower with Radar,27,27,9,15,78,0,0,3,4,7,27,27,12,19,85,0,0,0,85
06/06/2016,HSV,AL,ASO,CE,Combined TRACON& Tower with Radar,35,30,10,37,112,0,0,13,7,20,35,30,23,44,132,0,116,116,248
06/07/2016,HSV,AL,ASO,CE,Combined TRACON& Tower with Radar,33,33,21,34,121,0,0,14,11,25,33,33,35,45,146,0,60,60,206
06/08/2016,HSV,AL,ASO,CE,Combined TRACON& Tower with Radar,38,33,21,32,124,0,0,36,14,50,38,33,57,46,174,16,94,110,284
06/09/2016,HSV,AL,ASO,CE,Combined TRACON& Tower with Radar,34,32,18,32,116,0,0,24,7,31,34,32,42,39,147,0,0,0,147
06/10/2016,HSV,AL,ASO,CE,Combined TRACON& Tower with Radar,37,37,15,31,120,0,0,26,9,35,37,37,41,40,155,0,0,0,155
06/11/2016,HSV,AL,ASO,CE,Combined TRACON& Tower with Radar,27,24,5,33,89,0,0,21,8,29,27,24,26,41,118,12,30,42,160
06/12/2016,HSV,AL,ASO,CE,Combined TRACON& Tower with Radar,30,25,10,3,68,0,0,17,5,22,30,25,27,8,90,10,0,10,100
06/13/2016,HSV,AL,ASO,CE,Combined TRACON& Tower with Radar,33,31,16,32,112,0,0,12,4,16,33,31,28,36,128,0,0,0,128
06/14/2016,HSV,AL,ASO,CE,Combined TRACON& Tower with Radar,47,36,21,52,156,0,0,16,6,22,47,36,37,58,178,20,98,118,296
06/15/2016,HSV,AL,ASO,CE,Combined TRACON& Tower with Radar,38,32,20,36,126,0,0,6,3,9,38,32,26,39,135,0,40,40,175
06/16/2016,HSV,AL,ASO,CE,Combined TRACON& Tower with Radar,34,39,22,42,137,0,0,6,8,14,34,39,28,50,151,14,98,112,263
06/17/2016,HSV,AL,ASO,CE,Combined TRACON& Tower with Radar,37,33,18,27,115,0,0,7,6,13,37,33,25,33,128,12,10,22,150
06/18/2016,HSV,AL,ASO,CE,Combined TRACON& Tower with Radar,21,21,8,0,50,0,0,16,0,16,21,21,24,0,66,6,0,6,72
06/19/2016,HSV,AL,ASO,CE,Combined TRACON& Tower with Radar,28,28,7,7,70,0,0,19,0,19,28,28,26,7,89,0,0,0,89
06/20/2016,HSV,AL,ASO,CE,Combined TRACON& Tower with Radar,35,44,17,32,128,0,0,15,5,20,35,44,32,37,148,0,0,0,148
06/21/2016,HSV,AL,ASO,CE,Combined TRACON& Tower with Radar,29,33,14,17,93,0,0,16,5,21,29,33,30,22,114,10,40,50,164
06/22/2016,HSV,AL,ASO,CE,Combined TRACON& Tower with Radar,35,36,11,44,126,0,0,10,10,20,35,36,21,54,146,0,66,66,212
06/23/2016,HSV,AL,ASO,CE,Combined TRACON& Tower with Radar,33,32,14,16,95,0,0,15,6,21,33,32,29,22,116,0,74,74,190
06/24/2016,HSV,AL,ASO,CE,Combined TRACON& Tower with Radar,34,33,9,62,138,0,0,5,13,18,34,33,14,75,156,6,40,46,202
06/25/2016,HSV,AL,ASO,CE,Combined TRACON& Tower with Radar,22,20,11,0,53,0,0,11,6,17,22,20,22,6,70,10,0,10,80
06/26/2016,HSV,AL,ASO,CE,Combined TRACON& Tower with Radar,41,29,10,16,96,0,0,7,6,13,41,29,17,22,109,0,0,0,109
06/27/2016,HSV,AL,ASO,CE,Combined TRACON& Tower with Radar,32,36,8,14,90,0,0,4,4,8,32,36,12,18,98,0,0,0,98
06/28/2016,HSV,AL,ASO,CE,Combined TRACON& Tower with Radar,36,33,21,31,121,0,0,15,6,21,36,33,36,37,142,14,150,164,306
06/29/2016,HSV,AL,ASO,CE,Combined TRACON& Tower with Radar,32,33,28,43,136,0,0,13,10,23,32,33,41,53,159,10,132,142,301
06/30/2016,HSV,AL,ASO,CE,Combined TRACON& Tower with Radar,37,34,35,48,154,0,1,27,16,44,37,35,62,64,198,30,156,186,384
07/01/2016,HSV,AL,ASO,CE,Combined TRACON& Tower with Radar,33,30,18,11,92,0,0,10,3,13,33,30,28,14,105,0,120,120,225
07/02/2016,HSV,AL,ASO,CE,Combined TRACON& Tower with Radar,19,23,6,0,48,0,1,14,0,15,19,24,20,0,63,8,0,8,71
07/03/2016,HSV,AL,ASO,CE,Combined TRACON& Tower with Radar,22,20,4,0,46,0,0,15,0,15,22,20,19,0,61,8,0,8,69
07/04/2016,HSV,AL,ASO,CE,Combined TRACON& Tower with Radar,29,24,6,0,59,0,0,20,0,20,29,24,26,0,79,6,0,6,85
07/05/2016,HSV,AL,ASO,CE,Combined TRACON& Tower with Radar,37,26,11,6,80,0,0,1,1,2,37,26,12,7,82,0,6,6,88
07/06/2016,HSV,AL,ASO,CE,Combined TRACON& Tower with Radar,41,38,26,21,126,0,0,10,4,14,41,38,36,25,140,12,66,78,218
07/07/2016,HSV,AL,ASO,CE,Combined TRACON& Tower with Radar,32,38,18,7,95,0,0,16,3,19,32,38,34,10,114,14,42,56,170
07/08/2016,HSV,AL,ASO,CE,Combined TRACON& Tower with Radar,34,33,15,43,125,0,0,22,6,28,34,33,37,49,153,0,0,0,153
07/09/2016,HSV,AL,ASO,CE,Combined TRACON& Tower with Radar,23,19,27,15,84,0,4,26,1,31,23,23,53,16,115,6,16,22,137
07/10/2016,HSV,AL,ASO,CE,Combined TRACON& Tower with Radar,31,27,21,0,79,0,0,3,1,4,31,27,24,1,83,0,0,0,83
07/11/2016,HSV,AL,ASO,CE,Combined TRACON& Tower with Radar,40,32,6,12,90,0,0,2,6,8,40,32,8,18,98,4,18,22,120
07/12/2016,HSV,AL,ASO,CE,Combined TRACON& Tower with Radar,35,34,17,47,133,0,0,20,7,27,35,34,37,54,160,6,92,98,258
07/13/2016,HSV,AL,ASO,CE,Combined TRACON& Tower with Radar,34,33,21,74,162,0,1,10,8,19,34,34,31,82,181,6,90,96,277
07/14/2016,HSV,AL,ASO,CE,Combined TRACON& Tower with Radar,37,39,24,2,102,0,0,13,5,18,37,39,37,7,120,0,0,0,120
07/15/2016,HSV,AL,ASO,CE,Combined TRACON& Tower with Radar,33,32,25,32,122,0,0,5,7,12,33,32,30,39,134,0,54,54,188
07/16/2016,HSV,AL,ASO,CE,Combined TRACON& Tower with Radar,27,23,13,2,65,0,0,11,2,13,27,23,24,4,78,14,4,18,96
07/17/2016,HSV,AL,ASO,CE,Combined TRACON& Tower with Radar,34,27,17,9,87,0,2,40,1,43,34,29,57,10,130,28,0,28,158
07/18/2016,HSV,AL,ASO,CE,Combined TRACON& Tower with Radar,33,43,13,9,98,0,0,8,7,15,33,43,21,16,113,0,0,0,113
07/19/2016,HSV,AL,ASO,CE,Combined TRACON& Tower with Radar,38,33,7,36,114,0,0,9,3,12,38,33,16,39,126,0,0,0,126
07/20/2016,HSV,AL,ASO,CE,Combined TRACON& Tower with Radar,35,30,23,21,109,0,0,24,6,30,35,30,47,27,139,12,32,44,183
07/21/2016,HSV,AL,ASO,CE,Combined TRACON& Tower with Radar,34,33,16,27,110,0,0,19,7,26,34,33,35,34,136,6,226,232,368
07/22/2016,HSV,AL,ASO,CE,Combined TRACON& Tower with Radar,33,35,17,45,130,0,0,16,9,25,33,35,33,54,155,4,26,30,185
07/23/2016,HSV,AL,ASO,CE,Combined TRACON& Tower with Radar,21,20,12,5,58,0,0,15,0,15,21,20,27,5,73,0,0,0,73
07/24/2016,HSV,AL,ASO,CE,Combined TRACON& Tower with Radar,29,27,16,4,76,0,0,11,2,13,29,27,27,6,89,0,0,0,89
07/25/2016,HSV,AL,ASO,CE,Combined TRACON& Tower with Radar,38,30,16,58,142,0,0,12,4,16,38,30,28,62,158,0,0,0,158
07/26/2016,HSV,AL,ASO,CE,Combined TRACON& Tower with Radar,35,31,20,54,140,0,0,20,9,29,35,31,40,63,169,0,0,0,169
07/27/2016,HSV,AL,ASO,CE,Combined TRACON& Tower with Radar,33,30,18,32,113,0,0,2,5,7,33,30,20,37,120,6,32,38,158
07/28/2016,HSV,AL,ASO,CE,Combined TRACON& Tower with Radar,34,34,17,12,97,0,0,0,2,2,34,34,17,14,99,0,0,0,99
07/29/2016,HSV,AL,ASO,CE,Combined TRACON& Tower with Radar,35,29,21,60,145,0,0,3,8,11,35,29,24,68,156,0,8,8,164
07/30/2016,HSV,AL,ASO,CE,Combined TRACON& Tower with Radar,29,19,8,0,56,0,0,18,2,20,29,19,26,2,76,6,0,6,82
07/31/2016,HSV,AL,ASO,CE,Combined TRACON& Tower with Radar,36,28,22,17,103,0,0,9,7,16,36,28,31,24,119,0,10,10,129
08/01/2016,HSV,AL,ASO,CE,Combined TRACON& Tower with Radar,33,30,23,19,105,0,0,16,4,20,33,30,39,23,125,0,0,0,125
08/02/2016,HSV,AL,ASO,CE,Combined TRACON& Tower with Radar,33,30,18,18,99,0,0,7,3,10,33,30,25,21,109,0,0,0,109
08/03/2016,HSV,AL,ASO,CE,Combined TRACON& Tower with Radar,35,36,23,12,106,0,0,7,2,9,35,36,30,14,115,0,6,6,121
08/04/2016,HSV,AL,ASO,CE,Combined TRACON& Tower with Radar,35,34,14,26,109,0,0,9,7,16,35,34,23,33,125,0,0,0,125
08/05/2016,HSV,AL,ASO,CE,Combined TRACON& Tower with Radar,45,36,12,63,156,0,1,8,8,17,45,37,20,71,173,0,86,86,259
08/06/2016,HSV,AL,ASO,CE,Combined TRACON& Tower with Radar,24,18,9,2,53,0,0,11,1,12,24,18,20,3,65,2,0,2,67
08/07/2016,HSV,AL,ASO,CE,Combined TRACON& Tower with Radar,30,25,13,7,75,0,0,13,1,14,30,25,26,8,89,0,0,0,89
08/08/2016,HSV,AL,ASO,CE,Combined TRACON& Tower with Radar,24,33,23,15,95,0,0,6,2,8,24,33,29,17,103,0,10,10,113
08/09/2016,HSV,AL,ASO,CE,Combined TRACON& Tower with Radar,28,33,20,32,113,0,0,14,5,19,28,33,34,37,132,8,24,32,164
08/10/2016,HSV,AL,ASO,CE,Combined TRACON& Tower with Radar,35,36,15,33,119,0,0,2,5,7,35,36,17,38,126,0,38,38,164
08/11/2016,HSV,AL,ASO,CE,Combined TRACON& Tower with Radar,35,33,27,50,145,0,0,5,5,10,35,33,32,55,155,8,56,64,219
08/12/2016,HSV,AL,ASO,CE,Combined TRACON& Tower with Radar,37,33,21,50,141,0,0,8,9,17,37,33,29,59,158,0,134,134,292
08/13/2016,HSV,AL,ASO,CE,Combined TRACON& Tower with Radar,18,18,18,8,62,0,2,14,6,22,18,20,32,14,84,22,14,36,120
08/14/2016,HSV,AL,ASO,CE,Combined TRACON& Tower with Radar,28,21,11,6,66,0,0,8,1,9,28,21,19,7,75,8,4,12,87
08/15/2016,HSV,AL,ASO,CE,Combined TRACON& Tower with Radar,36,25,8,40,109,0,0,12,7,19,36,25,20,47,128,0,0,0,128
08/16/2016,HSV,AL,ASO,CE,Combined TRACON& Tower with Radar,35,29,11,54,129,0,0,13,11,24,35,29,24,65,153,0,0,0,153
08/17/2016,HSV,AL,ASO,CE,Combined TRACON& Tower with Radar,35,33,19,25,112,0,0,7,10,17,35,33,26,35,129,28,92,120,249
08/18/2016,HSV,AL,ASO,CE,Combined TRACON& Tower with Radar,31,31,17,20,99,0,0,10,3,13,31,31,27,23,112,0,0,0,112
08/19/2016,HSV,AL,ASO,CE,Combined TRACON& Tower with Radar,34,36,12,32,114,0,1,5,6,12,34,37,17,38,126,0,0,0,126
08/20/2016,HSV,AL,ASO,CE,Combined TRACON& Tower with Radar,19,17,4,0,40,0,0,3,0,3,19,17,7,0,43,6,0,6,49
08/21/2016,HSV,AL,ASO,CE,Combined TRACON& Tower with Radar,29,29,22,14,94,0,0,4,2,6,29,29,26,16,100,6,0,6,106
08/22/2016,HSV,AL,ASO,CE,Combined TRACON& Tower with Radar,33,37,13,27,110,0,0,7,4,11,33,37,20,31,121,0,114,114,235
08/23/2016,HSV,AL,ASO,CE,Combined TRACON& Tower with Radar,34,31,14,41,120,0,0,23,8,31,34,31,37,49,151,10,114,124,275
08/24/2016,HSV,AL,ASO,CE,Combined TRACON& Tower with Radar,34,32,22,36,124,0,2,10,13,25,34,34,32,49,149,12,162,174,323
08/25/2016,HSV,AL,ASO,CE,Combined TRACON& Tower with Radar,35,35,14,28,112,0,0,14,4,18,35,35,28,32,130,4,64,68,198
08/26/2016,HSV,AL,ASO,CE,Combined TRACON& Tower with Radar,33,32,13,4,82,0,0,15,11,26,33,32,28,15,108,0,42,42,150
08/27/2016,HSV,AL,ASO,CE,Combined TRACON& Tower with Radar,22,19,12,6,59,0,0,28,2,30,22,19,40,8,89,24,12,36,125
08/28/2016,HSV,AL,ASO,CE,Combined TRACON& Tower with Radar,30,26,10,10,76,0,0,16,7,23,30,26,26,17,99,0,20,20,119
08/29/2016,HSV,AL,ASO,CE,Combined TRACON& Tower with Radar,34,36,8,19,97,0,2,5,3,10,34,38,13,22,107,2,70,72,179
08/30/2016,HSV,AL,ASO,CE,Combined TRACON& Tower with Radar,35,29,15,23,102,0,0,8,8,16,35,29,23,31,118,2,88,90,208
08/31/2016,HSV,AL,ASO,CE,Combined TRACON& Tower with Radar,35,38,23,48,144,0,0,20,5,25,35,38,43,53,169,6,122,128,297
09/01/2016,HSV,AL,ASO,CE,Combined TRACON& Tower with Radar,42,39,27,66,174,0,1,13,7,21,42,40,40,73,195,0,142,142,337
09/02/2016,HSV,AL,ASO,CE,Combined TRACON& Tower with Radar,35,35,12,10,92,0,0,32,10,42,35,35,44,20,134,2,4,6,140
09/03/2016,HSV,AL,ASO,CE,Combined TRACON& Tower with Radar,21,19,15,2,57,0,0,11,2,13,21,19,26,4,70,6,0,6,76
09/04/2016,HSV,AL,ASO,CE,Combined TRACON& Tower with Radar,22,17,7,2,48,0,0,23,0,23,22,17,30,2,71,4,0,4,75
09/05/2016,HSV,AL,ASO,CE,Combined TRACON& Tower with Radar,30,25,31,4,90,0,0,26,0,26,30,25,57,4,116,0,0,0,116
09/06/2016,HSV,AL,ASO,CE,Combined TRACON& Tower with Radar,33,32,22,18,105,0,0,14,1,15,33,32,36,19,120,8,98,106,226
09/07/2016,HSV,AL,ASO,CE,Combined TRACON& Tower with Radar,35,30,16,52,133,0,0,25,8,33,35,30,41,60,166,4,22,26,192
09/08/2016,HSV,AL,ASO,CE,Combined TRACON& Tower with Radar,34,33,24,41,132,0,0,22,20,42,34,33,46,61,174,0,172,172,346
09/09/2016,HSV,AL,ASO,CE,Combined TRACON& Tower with Radar,36,30,20,52,138,0,0,26,12,38,36,30,46,64,176,0,128,128,304
09/10/2016,HSV,AL,ASO,CE,Combined TRACON& Tower with Radar,21,24,13,7,65,0,0,25,0,25,21,24,38,7,90,0,0,0,90
09/11/2016,HSV,AL,ASO,CE,Combined TRACON& Tower with Radar,28,29,18,8,83,0,0,12,1,13,28,29,30,9,96,8,0,8,104
09/12/2016,HSV,AL,ASO,CE,Combined TRACON& Tower with Radar,35,40,20,10,105,0,0,9,8,17,35,40,29,18,122,2,56,58,180
09/13/2016,HSV,AL,ASO,CE,Combined TRACON& Tower with Radar,33,37,14,18,102,0,0,3,9,12,33,37,17,27,114,0,80,80,194
09/14/2016,HSV,AL,ASO,CE,Combined TRACON& Tower with Radar,35,31,17,51,134,0,4,14,7,25,35,35,31,58,159,0,62,62,221
09/15/2016,HSV,AL,ASO,CE,Combined TRACON& Tower with Radar,33,39,11,22,105,0,0,4,8,12,33,39,15,30,117,0,90,90,207
09/16/2016,HSV,AL,ASO,CE,Combined TRACON& Tower with Radar,38,31,21,66,156,0,2,15,5,22,38,33,36,71,178,0,84,84,262
09/17/2016,HSV,AL,ASO,CE,Combined TRACON& Tower with Radar,22,23,16,6,67,0,0,11,0,11,22,23,27,6,78,0,0,0,78
09/18/2016,HSV,AL,ASO,CE,Combined TRACON& Tower with Radar,36,29,5,0,70,0,0,2,1,3,36,29,7,1,73,0,0,0,73
09/19/2016,HSV,AL,ASO,CE,Combined TRACON& Tower with Radar,35,31,20,42,128,0,0,12,1,13,35,31,32,43,141,0,52,52,193
09/20/2016,HSV,AL,ASO,CE,Combined TRACON& Tower with Radar,34,29,25,17,105,0,0,42,8,50,34,29,67,25,155,2,48,50,205
09/21/2016,HSV,AL,ASO,CE,Combined TRACON& Tower with Radar,47,44,27,68,186,0,0,17,4,21,47,44,44,72,207,6,100,106,313
09/22/2016,HSV,AL,ASO,CE,Combined TRACON& Tower with Radar,33,38,23,75,169,0,0,24,4,28,33,38,47,79,197,0,0,0,197
09/23/2016,HSV,AL,ASO,CE,Combined TRACON& Tower with Radar,35,33,29,33,130,0,0,18,1,19,35,33,47,34,149,6,26,32,181
09/24/2016,HSV,AL,ASO,CE,Combined TRACON& Tower with Radar,22,23,15,8,68,0,0,23,1,24,22,23,38,9,92,8,0,8,100
09/25/2016,HSV,AL,ASO,CE,Combined TRACON& Tower with Radar,28,29,5,34,96,0,0,24,2,26,28,29,29,36,122,10,10,20,142
09/26/2016,HSV,AL,ASO,CE,Combined TRACON& Tower with Radar,34,34,13,9,90,0,0,18,2,20,34,34,31,11,110,12,66,78,188
09/27/2016,HSV,AL,ASO,CE,Combined TRACON& Tower with Radar,35,32,13,32,112,0,1,17,2,20,35,33,30,34,132,0,96,96,228
09/28/2016,HSV,AL,ASO,CE,Combined TRACON& Tower with Radar,34,31,18,20,103,0,0,19,5,24,34,31,37,25,127,16,42,58,185
09/29/2016,HSV,AL,ASO,CE,Combined TRACON& Tower with Radar,35,35,17,27,114,0,0,13,8,21,35,35,30,35,135,0,0,0,135
09/30/2016,HSV,AL,ASO,CE,Combined TRACON& Tower with Radar,34,34,12,14,94,0,0,8,0,8,34,34,20,14,102,0,0,0,102
10/01/2016,HSV,AL,ASO,CE,Combined TRACON& Tower with Radar,23,26,14,0,63,0,0,12,0,12,23,26,26,0,75,0,0,0,75
10/02/2016,HSV,AL,ASO,CE,Combined TRACON& Tower with Radar,28,34,25,0,87,0,0,21,0,21,28,34,46,0,108,0,0,0,108
10/03/2016,HSV,AL,ASO,CE,Combined TRACON& Tower with Radar,51,35,13,55,154,0,0,15,1,16,51,35,28,56,170,2,70,72,242
10/04/2016,HSV,AL,ASO,CE,Combined TRACON& Tower with Radar,33,34,26,26,119,0,0,16,16,32,33,34,42,42,151,4,30,34,185
10/05/2016,HSV,AL,ASO,CE,Combined TRACON& Tower with Radar,34,66,40,30,170,0,2,11,11,24,34,68,51,41,194,18,94,112,306
10/06/2016,HSV,AL,ASO,CE,Combined TRACON& Tower with Radar,34,38,28,28,128,0,5,29,6,40,34,43,57,34,168,0,148,148,316
10/07/2016,HSV,AL,ASO,CE,Combined TRACON& Tower with Radar,33,36,14,18,101,0,0,19,1,20,33,36,33,19,121,6,48,54,175
10/08/2016,HSV,AL,ASO,CE,Combined TRACON& Tower with Radar,22,21,11,0,54,0,0,18,0,18,22,21,29,0,72,18,0,18,90
10/09/2016,HSV,AL,ASO,CE,Combined TRACON& Tower with Radar,31,33,15,5,84,0,0,11,1,12,31,33,26,6,96,0,0,0,96
10/10/2016,HSV,AL,ASO,CE,Combined TRACON& Tower with Radar,35,32,22,0,89,0,1,30,0,31,35,33,52,0,120,0,0,0,120
10/11/2016,HSV,AL,ASO,CE,Combined TRACON& Tower with Radar,34,57,37,23,151,0,0,17,0,17,34,57,54,23,168,0,36,36,204
10/12/2016,HSV,AL,ASO,CE,Combined TRACON& Tower with Radar,31,40,27,53,151,0,0,10,8,18,31,40,37,61,169,7,38,45,214
10/13/2016,HSV,AL,ASO,CE,Combined TRACON& Tower with Radar,39,33,21,54,147,0,0,21,3,24,39,33,42,57,171,0,0,0,171
10/14/2016,HSV,AL,ASO,CE,Combined TRACON& Tower with Radar,33,39,30,63,165,0,1,27,14,42,33,40,57,77,207,4,94,98,305
10/15/2016,HSV,AL,ASO,CE,Combined TRACON& Tower with Radar,22,23,20,6,71,0,0,19,2,21,22,23,39,8,92,14,8,22,114
10/16/2016,HSV,AL,ASO,CE,Combined TRACON& Tower with Radar,29,30,21,2,82,0,0,17,4,21,29,30,38,6,103,0,0,0,103
10/17/2016,HSV,AL,ASO,CE,Combined TRACON& Tower with Radar,36,48,28,32,144,0,1,25,5,31,36,49,53,37,175,12,46,58,233
10/18/2016,HSV,AL,ASO,CE,Combined TRACON& Tower with Radar,32,32,18,64,146,0,0,19,12,31,32,32,37,76,177,0,100,100,277
10/19/2016,HSV,AL,ASO,CE,Combined TRACON& Tower with Radar,33,37,27,59,156,0,0,22,5,27,33,37,49,64,183,2,156,158,341
10/20/2016,HSV,AL,ASO,CE,Combined TRACON& Tower with Radar,34,32,11,11,88,0,0,5,0,5,34,32,16,11,93,0,0,0,93
10/21/2016,HSV,AL,ASO,CE,Combined TRACON& Tower with Radar,33,35,23,34,125,0,2,9,4,15,33,37,32,38,140,0,0,0,140
10/22/2016,HSV,AL,ASO,CE,Combined TRACON& Tower with Radar,20,24,20,16,80,0,1,45,4,50,20,25,65,20,130,12,0,12,142
10/23/2016,HSV,AL,ASO,CE,Combined TRACON& Tower with Radar,30,25,20,15,90,0,0,29,4,33,30,25,49,19,123,0,0,0,123
10/24/2016,HSV,AL,ASO,CE,Combined TRACON& Tower with Radar,35,32,26,26,119,0,0,10,3,13,35,32,36,29,132,0,106,106,238
10/25/2016,HSV,AL,ASO,CE,Combined TRACON& Tower with Radar,29,31,28,41,129,0,0,25,4,29,29,31,53,45,158,4,20,24,182
10/26/2016,HSV,AL,ASO,CE,Combined TRACON& Tower with Radar,32,37,26,4,99,0,0,21,0,21,32,37,47,4,120,8,14,22,142
10/27/2016,HSV,AL,ASO,CE,Combined TRACON& Tower with Radar,31,35,29,31,126,0,0,18,2,20,31,35,47,33,146,0,0,0,146
10/28/2016,HSV,AL,ASO,CE,Combined TRACON& Tower with Radar,34,36,27,31,128,0,0,23,3,26,34,36,50,34,154,0,0,0,154
10/29/2016,HSV,AL,ASO,CE,Combined TRACON& Tower with Radar,20,21,30,28,99,0,0,29,0,29,20,21,59,28,128,2,8,10,138
10/30/2016,HSV,AL,ASO,CE,Combined TRACON& Tower with Radar,25,31,13,24,93,0,0,32,1,33,25,31,45,25,126,0,0,0,126
10/31/2016,HSV,AL,ASO,CE,Combined TRACON& Tower with Radar,29,29,10,18,86,0,0,8,3,11,29,29,18,21,97,0,32,32,129
11/01/2016,HSV,AL,ASO,CE,Combined TRACON& Tower with Radar,31,43,14,35,123,0,2,29,5,36,31,45,43,40,159,30,108,138,297
11/02/2016,HSV,AL,ASO,CE,Combined TRACON& Tower with Radar,33,37,20,35,125,0,0,20,5,25,33,37,40,40,150,6,46,52,202
11/03/2016,HSV,AL,ASO,CE,Combined TRACON& Tower with Radar,33,36,23,40,132,0,0,25,9,34,33,36,48,49,166,0,0,0,166
11/04/2016,HSV,AL,ASO,CE,Combined TRACON& Tower with Radar,39,37,30,59,165,0,0,25,7,32,39,37,55,66,197,8,132,140,337
11/05/2016,HSV,AL,ASO,CE,Combined TRACON& Tower with Radar,20,22,17,15,74,0,2,39,3,44,20,24,56,18,118,16,32,48,166
11/06/2016,HSV,AL,ASO,CE,Combined TRACON& Tower with Radar,25,30,12,7,74,0,0,23,7,30,25,30,35,14,104,20,0,20,124
11/07/2016,HSV,AL,ASO,CE,Combined TRACON& Tower with Radar,33,35,12,40,120,0,0,7,2,9,33,35,19,42,129,16,52,68,197
11/08/2016,HSV,AL,ASO,CE,Combined TRACON& Tower with Radar,31,34,15,45,125,0,3,1,4,8,31,37,16,49,133,0,182,182,315
11/09/2016,HSV,AL,ASO,CE,Combined TRACON& Tower with Radar,33,40,27,47,147,0,0,11,5,16,33,40,38,52,163,0,118,118,281
11/10/2016,HSV,AL,ASO,CE,Combined TRACON& Tower with Radar,33,38,19,10,100,0,0,19,13,32,33,38,38,23,132,0,0,0,132
11/11/2016,HSV,AL,ASO,CE,Combined TRACON& Tower with Radar,35,34,15,12,96,0,0,24,0,24,35,34,39,12,120,2,24,26,146
11/12/2016,HSV,AL,ASO,CE,Combined TRACON& Tower with Radar,19,22,14,0,55,0,0,15,0,15,19,22,29,0,70,0,0,0,70
11/13/2016,HSV,AL,ASO,CE,Combined TRACON& Tower with Radar,27,30,18,12,87,0,0,12,0,12,27,30,30,12,99,0,0,0,99
11/14/2016,HSV,AL,ASO,CE,Combined TRACON& Tower with Radar,34,31,14,56,135,0,0,14,4,18,34,31,28,60,153,30,82,112,265
11/15/2016,HSV,AL,ASO,CE,Combined TRACON& Tower with Radar,32,34,17,70,153,0,0,12,7,19,32,34,29,77,172,0,210,210,382
11/16/2016,HSV,AL,ASO,CE,Combined TRACON& Tower with Radar,37,38,23,12,110,0,0,15,2,17,37,38,38,14,127,6,38,44,171
11/17/2016,HSV,AL,ASO,CE,Combined TRACON& Tower with Radar,33,32,14,61,140,0,0,23,10,33,33,32,37,71,173,0,0,0,173
11/18/2016,HSV,AL,ASO,CE,Combined TRACON& Tower with Radar,34,37,16,59,146,0,0,19,4,23,34,37,35,63,169,6,124,130,299
11/19/2016,HSV,AL,ASO,CE,Combined TRACON& Tower with Radar,20,25,14,6,65,0,1,21,2,24,20,26,35,8,89,0,0,0,89
11/20/2016,HSV,AL,ASO,CE,Combined TRACON& Tower with Radar,23,35,12,20,90,0,0,19,2,21,23,35,31,22,111,16,0,16,127
11/21/2016,HSV,AL,ASO,CE,Combined TRACON& Tower with Radar,31,27,18,11,87,0,0,21,3,24,31,27,39,14,111,0,84,84,195
11/22/2016,HSV,AL,ASO,CE,Combined TRACON& Tower with Radar,34,34,32,49,149,0,0,14,4,18,34,34,46,53,167,0,104,104,271
11/23/2016,HSV,AL,ASO,CE,Combined TRACON& Tower with Radar,34,37,17,16,104,0,0,14,2,16,34,37,31,18,120,0,104,104,224
11/24/2016,HSV,AL,ASO,CE,Combined TRACON& Tower with Radar,17,13,9,0,39,0,0,4,0,4,17,13,13,0,43,0,0,0,43
11/25/2016,HSV,AL,ASO,CE,Combined TRACON& Tower with Radar,30,22,15,0,67,0,0,12,0,12,30,22,27,0,79,0,0,0,79
11/26/2016,HSV,AL,ASO,CE,Combined TRACON& Tower with Radar,31,30,22,0,83,0,0,20,0,20,31,30,42,0,103,0,0,0,103
11/27/2016,HSV,AL,ASO,CE,Combined TRACON& Tower with Radar,31,34,32,0,97,0,0,12,0,12,31,34,44,0,109,0,0,0,109
11/28/2016,HSV,AL,ASO,CE,Combined TRACON& Tower with Radar,36,30,8,14,88,0,0,1,0,1,36,30,9,14,89,0,36,36,125
11/29/2016,HSV,AL,ASO,CE,Combined TRACON& Tower with Radar,27,34,9,19,89,0,2,10,12,24,27,36,19,31,113,0,112,112,225
11/30/2016,HSV,AL,ASO,CE,Combined TRACON& Tower with Radar,37,35,10,10,92,0,0,5,3,8,37,35,15,13,100,0,8,8,108
12/01/2016,HSV,AL,ASO,CE,Combined TRACON& Tower with Radar,32,34,14,26,106,0,0,17,9,26,32,34,31,35,132,0,0,0,132
12/02/2016,HSV,AL,ASO,CE,Combined TRACON& Tower with Radar,29,36,14,27,106,0,0,14,11,25,29,36,28,38,131,14,84,98,229
12/03/2016,HSV,AL,ASO,CE,Combined TRACON& Tower with Radar,19,19,12,6,56,0,0,14,0,14,19,19,26,6,70,8,8,16,86
12/04/2016,HSV,AL,ASO,CE,Combined TRACON& Tower with Radar,28,33,13,16,90,0,0,0,0,0,28,33,13,16,90,0,0,0,90
12/05/2016,HSV,AL,ASO,CE,Combined TRACON& Tower with Radar,30,35,10,32,107,0,0,0,0,0,30,35,10,32,107,0,0,0,107
12/06/2016,HSV,AL,ASO,CE,Combined TRACON& Tower with Radar,29,35,18,13,95,0,0,0,0,0,29,35,18,13,95,0,0,0,95
12/07/2016,HSV,AL,ASO,CE,Combined TRACON& Tower with Radar,36,31,29,43,139,0,0,1,3,4,36,31,30,46,143,0,80,80,223
12/08/2016,HSV,AL,ASO,CE,Combined TRACON& Tower with Radar,29,36,22,17,104,0,0,17,5,22,29,36,39,22,126,0,0,0,126
12/09/2016,HSV,AL,ASO,CE,Combined TRACON& Tower with Radar,34,36,29,15,114,0,0,38,4,42,34,36,67,19,156,0,50,50,206
12/10/2016,HSV,AL,ASO,CE,Combined TRACON& Tower with Radar,16,18,14,6,54,0,0,30,2,32,16,18,44,8,86,0,28,28,114
12/11/2016,HSV,AL,ASO,CE,Combined TRACON& Tower with Radar,25,25,13,18,81,0,0,11,2,13,25,25,24,20,94,0,0,0,94
12/12/2016,HSV,AL,ASO,CE,Combined TRACON& Tower with Radar,34,36,11,34,115,0,0,5,0,5,34,36,16,34,120,16,34,50,170
12/13/2016,HSV,AL,ASO,CE,Combined TRACON& Tower with Radar,29,33,18,32,112,0,0,0,0,0,29,33,18,32,112,0,0,0,112
12/14/2016,HSV,AL,ASO,CE,Combined TRACON& Tower with Radar,31,37,31,51,150,0,0,19,12,31,31,37,50,63,181,0,132,132,313
12/15/2016,HSV,AL,ASO,CE,Combined TRACON& Tower with Radar,25,36,22,28,111,0,0,19,31,50,25,36,41,59,161,0,0,0,161
12/16/2016,HSV,AL,ASO,CE,Combined TRACON& Tower with Radar,26,35,26,13,100,0,0,12,4,16,26,35,38,17,116,6,92,98,214
12/17/2016,HSV,AL,ASO,CE,Combined TRACON& Tower with Radar,17,23,12,0,52,0,0,0,0,0,17,23,12,0,52,0,0,0,52
12/18/2016,HSV,AL,ASO,CE,Combined TRACON& Tower with Radar,20,21,9,2,52,0,0,0,0,0,20,21,9,2,52,0,0,0,52
12/19/2016,HSV,AL,ASO,CE,Combined TRACON& Tower with Radar,25,29,20,23,97,0,0,6,3,9,25,29,26,26,106,0,28,28,134
12/20/2016,HSV,AL,ASO,CE,Combined TRACON& Tower with Radar,25,32,17,17,91,0,0,12,3,15,25,32,29,20,106,0,15,15,121
12/21/2016,HSV,AL,ASO,CE,Combined TRACON& Tower with Radar,25,33,22,38,118,0,0,14,5,19,25,33,36,43,137,0,60,60,197
12/22/2016,HSV,AL,ASO,CE,Combined TRACON& Tower with Radar,24,34,23,26,107,0,0,19,1,20,24,34,42,27,127,2,62,64,191
12/23/2016,HSV,AL,ASO,CE,Combined TRACON& Tower with Radar,24,30,23,16,93,0,0,18,4,22,24,30,41,20,115,2,12,14,129
12/24/2016,HSV,AL,ASO,CE,Combined TRACON& Tower with Radar,13,23,6,0,42,0,0,2,0,2,13,23,8,0,44,0,0,0,44
12/25/2016,HSV,AL,ASO,CE,Combined TRACON& Tower with Radar,15,23,4,0,42,0,0,6,0,6,15,23,10,0,48,12,0,12,60
12/26/2016,HSV,AL,ASO,CE,Combined TRACON& Tower with Radar,23,28,21,0,72,0,0,2,0,2,23,28,23,0,74,0,0,0,74
12/27/2016,HSV,AL,ASO,CE,Combined TRACON& Tower with Radar,27,33,10,1,71,0,0,2,1,3,27,33,12,2,74,0,0,0,74
12/28/2016,HSV,AL,ASO,CE,Combined TRACON& Tower with Radar,25,30,18,10,83,0,0,13,0,13,25,30,31,10,96,0,0,0,96
12/29/2016,HSV,AL,ASO,CE,Combined TRACON& Tower with Radar,24,28,9,2,63,0,0,14,0,14,24,28,23,2,77,0,0,0,77
12/30/2016,HSV,AL,ASO,CE,Combined TRACON& Tower with Radar,23,30,32,14,99,0,0,31,0,31,23,30,63,14,130,10,4,14,144
12/31/2016,HSV,AL,ASO,CE,Combined TRACON& Tower with Radar,11,24,4,0,39,0,0,0,0,0,11,24,4,0,39,0,0,0,39
01/01/2017,HSV,AL,ASO,CE,Combined TRACON& Tower with Radar,16,27,8,0,51,0,0,0,0,0,16,27,8,0,51,0,0,0,51
01/02/2017,HSV,AL,ASO,CE,Combined TRACON& Tower with Radar,24,25,13,0,62,0,0,0,0,0,24,25,13,0,62,0,0,0,62
01/03/2017,HSV,AL,ASO,CE,Combined TRACON& Tower with Radar,27,33,10,37,107,0,0,0,0,0,27,33,10,37,107,0,0,0,107
01/04/2017,HSV,AL,ASO,CE,Combined TRACON& Tower with Radar,23,32,11,37,103,0,1,22,5,28,23,33,33,42,131,6,58,64,195
01/05/2017,HSV,AL,ASO,CE,Combined TRACON& Tower with Radar,30,35,13,51,129,0,0,21,13,34,30,35,34,64,163,0,0,0,163
01/06/2017,HSV,AL,ASO,CE,Combined TRACON& Tower with Radar,21,32,8,0,61,0,0,6,2,8,21,32,14,2,69,0,2,2,71
01/07/2017,HSV,AL,ASO,CE,Combined TRACON& Tower with Radar,17,25,12,19,73,0,0,10,6,16,17,25,22,25,89,0,54,54,143
01/08/2017,HSV,AL,ASO,CE,Combined TRACON& Tower with Radar,26,25,14,19,84,0,0,18,2,20,26,25,32,21,104,0,28,28,132
01/09/2017,HSV,AL,ASO,CE,Combined TRACON& Tower with Radar,33,33,13,42,121,0,0,22,13,35,33,33,35,55,156,0,142,142,298
01/10/2017,HSV,AL,ASO,CE,Combined TRACON& Tower with Radar,35,33,22,33,123,0,0,2,4,6,35,33,24,37,129,0,92,92,221
01/11/2017,HSV,AL,ASO,CE,Combined TRACON& Tower with Radar,31,28,19,47,125,0,0,4,0,4,31,28,23,47,129,12,0,12,141
01/12/2017,HSV,AL,ASO,CE,Combined TRACON& Tower with Radar,30,34,25,27,116,0,0,3,2,5,30,34,28,29,121,0,72,72,193
01/13/2017,HSV,AL,ASO,CE,Combined TRACON& Tower with Radar,33,32,23,50,138,0,0,6,11,17,33,32,29,61,155,0,0,0,155
01/14/2017,HSV,AL,ASO,CE,Combined TRACON& Tower with Radar,17,20,12,9,58,0,0,21,1,22,17,20,33,10,80,0,0,0,80
01/15/2017,HSV,AL,ASO,CE,Combined TRACON& Tower with Radar,24,18,23,5,70,0,0,18,0,18,24,18,41,5,88,4,0,4,92
01/16/2017,HSV,AL,ASO,CE,Combined TRACON& Tower with Radar,33,28,21,4,86,0,0,9,0,9,33,28,30,4,95,0,0,0,95
01/17/2017,HSV,AL,ASO,CE,Combined TRACON& Tower with Radar,31,34,6,18,89,0,0,0,1,1,31,34,6,19,90,0,32,32,122
01/18/2017,HSV,AL,ASO,CE,Combined TRACON& Tower with Radar,32,30,13,44,119,0,0,8,9,17,32,30,21,53,136,10,148,158,294
01/19/2017,HSV,AL,ASO,CE,Combined TRACON& Tower with Radar,32,31,8,0,71,0,0,2,1,3,32,31,10,1,74,0,0,0,74
01/20/2017,HSV,AL,ASO,CE,Combined TRACON& Tower with Radar,34,32,20,29,115,0,0,10,6,16,34,32,30,35,131,14,188,202,333
01/21/2017,HSV,AL,ASO,CE,Combined TRACON& Tower with Radar,22,25,9,10,66,0,0,10,0,10,22,25,19,10,76,0,0,0,76
01/22/2017,HSV,AL,ASO,CE,Combined TRACON& Tower with Radar,35,25,7,27,94,0,0,1,0,1,35,25,8,27,95,0,0,0,95
01/23/2017,HSV,AL,ASO,CE,Combined TRACON& Tower with Radar,36,30,18,26,110,0,0,7,6,13,36,30,25,32,123,0,38,38,161
01/24/2017,HSV,AL,ASO,CE,Combined TRACON& Tower with Radar,32,35,25,20,112,0,0,28,10,38,32,35,53,30,150,8,38,46,196
01/25/2017,HSV,AL,ASO,CE,Combined TRACON& Tower with Radar,32,35,21,32,120,0,0,5,5,10,32,35,26,37,130,0,38,38,168
01/26/2017,HSV,AL,ASO,CE,Combined TRACON& Tower with Radar,32,35,25,42,134,0,0,12,9,21,32,35,37,51,155,0,0,0,155
01/27/2017,HSV,AL,ASO,CE,Combined TRACON& Tower with Radar,33,36,6,22,97,0,1,21,0,22,33,37,27,22,119,0,0,0,119
01/28/2017,HSV,AL,ASO,CE,Combined TRACON& Tower with Radar,19,29,6,4,58,0,0,23,0,23,19,29,29,4,81,6,0,6,87
01/29/2017,HSV,AL,ASO,CE,Combined TRACON& Tower with Radar,25,29,10,17,81,0,0,16,0,16,25,29,26,17,97,2,0,2,99
01/30/2017,HSV,AL,ASO,CE,Combined TRACON& Tower with Radar,34,32,16,21,103,0,0,18,1,19,34,32,34,22,122,12,108,120,242
01/31/2017,HSV,AL,ASO,CE,Combined TRACON& Tower with Radar,30,32,15,25,102,0,0,14,10,24,30,32,29,35,126,18,140,158,284
02/01/2017,HSV,AL,ASO,CE,Combined TRACON& Tower with Radar,35,29,24,35,123,0,0,8,9,17,35,29,32,44,140,6,94,100,240
02/02/2017,HSV,AL,ASO,CE,Combined TRACON& Tower with Radar,33,32,16,42,123,0,0,7,7,14,33,32,23,49,137,0,110,110,247
02/03/2017,HSV,AL,ASO,CE,Combined TRACON& Tower with Radar,31,30,16,41,118,0,2,18,2,22,31,32,34,43,140,0,0,0,140
02/04/2017,HSV,AL,ASO,CE,Combined TRACON& Tower with Radar,17,20,15,28,80,0,0,37,3,40,17,20,52,31,120,0,0,0,120
02/05/2017,HSV,AL,ASO,CE,Combined TRACON& Tower with Radar,28,23,14,40,105,0,0,2,0,2,28,23,16,40,107,36,0,36,143
02/06/2017,HSV,AL,ASO,CE,Combined TRACON& Tower with Radar,35,33,28,10,106,0,0,0,1,1,35,33,28,11,107,0,0,0,107
02/07/2017,HSV,AL,ASO,CE,Combined TRACON& Tower with Radar,31,27,15,6,79,0,0,0,0,0,31,27,15,6,79,0,0,0,79
02/08/2017,HSV,AL,ASO,CE,Combined TRACON& Tower with Radar,34,30,11,20,95,0,0,4,1,5,34,30,15,21,100,0,0,0,100
02/09/2017,HSV,AL,ASO,CE,Combined TRACON& Tower with Radar,33,28,15,55,131,0,0,18,15,33,33,28,33,70,164,0,172,172,336
02/10/2017,HSV,AL,ASO,CE,Combined TRACON& Tower with Radar,32,33,12,45,122,0,2,35,7,44,32,35,47,52,166,2,74,76,242
02/11/2017,HSV,AL,ASO,CE,Combined TRACON& Tower with Radar,18,20,23,16,77,0,0,1,0,1,18,20,24,16,78,8,0,8,86
02/12/2017,HSV,AL,ASO,CE,Combined TRACON& Tower with Radar,29,26,13,5,73,0,0,2,0,2,29,26,15,5,75,0,0,0,75
02/13/2017,HSV,AL,ASO,CE,Combined TRACON& Tower with Radar,32,27,13,43,115,0,0,26,2,28,32,27,39,45,143,38,110,148,291
02/14/2017,HSV,AL,ASO,CE,Combined TRACON& Tower with Radar,32,30,18,44,124,0,0,17,17,34,32,30,35,61,158,0,176,176,334
02/15/2017,HSV,AL,ASO,CE,Combined TRACON& Tower with Radar,32,30,15,32,109,0,0,17,8,25,32,30,32,40,134,10,92,102,236
02/16/2017,HSV,AL,ASO,CE,Combined TRACON& Tower with Radar,32,33,26,40,131,0,2,22,22,46,32,35,48,62,177,10,192,202,379
02/17/2017,HSV,AL,ASO,CE,Combined TRACON& Tower with Radar,33,32,16,24,105,0,0,39,3,42,33,32,55,27,147,24,78,102,249
02/18/2017,HSV,AL,ASO,CE,Combined TRACON& Tower with Radar,18,18,13,2,51,0,0,2,0,2,18,18,15,2,53,2,0,2,55
02/19/2017,HSV,AL,ASO,CE,Combined TRACON& Tower with Radar,25,23,18,2,68,0,0,25,1,26,25,23,43,3,94,44,0,44,138
02/20/2017,HSV,AL,ASO,CE,Combined TRACON& Tower with Radar,32,29,20,2,83,0,0,21,0,21,32,29,41,2,104,8,0,8,112
02/21/2017,HSV,AL,ASO,CE,Combined TRACON& Tower with Radar,32,29,15,32,108,0,0,1,2,3,32,29,16,34,111,2,58,60,171
02/22/2017,HSV,AL,ASO,CE,Combined TRACON& Tower with Radar,33,34,23,66,156,0,0,5,3,8,33,34,28,69,164,0,0,0,164
02/23/2017,HSV,AL,ASO,CE,Combined TRACON& Tower with Radar,32,32,39,38,141,0,0,42,15,57,32,32,81,53,198,0,44,44,242
02/24/2017,HSV,AL,ASO,CE,Combined TRACON& Tower with Radar,33,32,15,9,89,0,0,13,5,18,33,32,28,14,107,0,70,70,177
02/25/2017,HSV,AL,ASO,CE,Combined TRACON& Tower with Radar,23,18,19,12,72,0,0,23,0,23,23,18,42,12,95,30,2,32,127
02/26/2017,HSV,AL,ASO,CE,Combined TRACON& Tower with Radar,28,26,21,9,84,0,0,30,0,30,28,26,51,9,114,6,0,6,120
02/27/2017,HSV,AL,ASO,CE,Combined TRACON& Tower with Radar,35,29,11,30,105,0,0,0,5,5,35,29,11,35,110,0,86,86,196
02/28/2017,HSV,AL,ASO,CE,Combined TRACON& Tower with Radar,33,25,12,14,84,0,0,0,0,0,33,25,12,14,84,0,0,0,84
03/01/2017,HSV,AL,ASO,CE,Combined TRACON& Tower with Radar,38,31,16,3,88,0,0,1,1,2,38,31,17,4,90,0,0,0,90
03/02/2017,HSV,AL,ASO,CE,Combined TRACON& Tower with Radar,31,32,21,28,112,0,0,13,13,26,31,32,34,41,138,6,122,128,266
03/03/2017,HSV,AL,ASO,CE,Combined TRACON& Tower with Radar,32,31,17,50,130,0,0,32,10,42,32,31,49,60,172,10,94,104,276
03/04/2017,HSV,AL,ASO,CE,Combined TRACON& Tower with Radar,22,19,15,8,64,0,0,31,4,35,22,19,46,12,99,22,12,34,133
03/05/2017,HSV,AL,ASO,CE,Combined TRACON& Tower with Radar,28,29,13,10,80,0,0,16,5,21,28,29,29,15,101,2,0,2,103
03/06/2017,HSV,AL,ASO,CE,Combined TRACON& Tower with Radar,33,26,15,53,127,0,0,13,3,16,33,26,28,56,143,30,84,114,257
03/07/2017,HSV,AL,ASO,CE,Combined TRACON& Tower with Radar,35,27,6,8,76,0,0,0,0,0,35,27,6,8,76,2,0,2,78
03/08/2017,HSV,AL,ASO,CE,Combined TRACON& Tower with Radar,33,33,17,77,160,0,0,28,15,43,33,33,45,92,203,18,112,130,333
03/09/2017,HSV,AL,ASO,CE,Combined TRACON& Tower with Radar,31,29,15,55,130,0,0,28,13,41,31,29,43,68,171,12,168,180,351
03/10/2017,HSV,AL,ASO,CE,Combined TRACON& Tower with Radar,32,33,22,48,135,0,0,8,15,23,32,33,30,63,158,10,96,106,264
03/11/2017,HSV,AL,ASO,CE,Combined TRACON& Tower with Radar,22,22,17,10,71,0,0,20,1,21,22,22,37,11,92,20,10,30,122
03/12/2017,HSV,AL,ASO,CE,Combined TRACON& Tower with Radar,23,25,19,10,77,0,0,22,3,25,23,25,41,13,102,6,6,12,114
03/13/2017,HSV,AL,ASO,CE,Combined TRACON& Tower with Radar,34,31,17,27,109,0,0,0,0,0,34,31,17,27,109,0,0,0,109
03/14/2017,HSV,AL,ASO,CE,Combined TRACON& Tower with Radar,36,29,8,17,90,0,0,2,9,11,36,29,10,26,101,10,26,36,137
03/15/2017,HSV,AL,ASO,CE,Combined TRACON& Tower with Radar,30,39,13,31,113,0,0,17,9,26,30,39,30,40,139,22,144,166,305
03/16/2017,HSV,AL,ASO,CE,Combined TRACON& Tower with Radar,32,38,17,33,120,0,0,28,8,36,32,38,45,41,156,6,84,90,246
03/17/2017,HSV,AL,ASO,CE,Combined TRACON& Tower with Radar,31,35,10,53,129,0,0,17,4,21,31,35,27,57,150,10,120,130,280
03/18/2017,HSV,AL,ASO,CE,Combined TRACON& Tower with Radar,19,28,12,12,71,0,1,13,2,16,19,29,25,14,87,14,0,14,101
03/19/2017,HSV,AL,ASO,CE,Combined TRACON& Tower with Radar,22,30,16,4,72,0,0,26,0,26,22,30,42,4,98,8,0,8,106
03/20/2017,HSV,AL,ASO,CE,Combined TRACON& Tower with Radar,37,32,34,19,122,0,2,14,3,19,37,34,48,22,141,10,88,98,239
03/21/2017,HSV,AL,ASO,CE,Combined TRACON& Tower with Radar,42,31,9,32,114,0,0,12,3,15,42,31,21,35,129,4,34,38,167
03/22/2017,HSV,AL,ASO,CE,Combined TRACON& Tower with Radar,30,39,24,33,126,0,0,28,3,31,30,39,52,36,157,6,40,46,203
03/23/2017,HSV,AL,ASO,CE,Combined TRACON& Tower with Radar,32,32,15,25,104,0,0,22,8,30,32,32,37,33,134,6,82,88,222
03/24/2017,HSV,AL,ASO,CE,Combined TRACON& Tower with Radar,31,35,17,46,129,0,0,15,5,20,31,35,32,51,149,4,80,84,233
03/25/2017,HSV,AL,ASO,CE,Combined TRACON& Tower with Radar,19,24,4,2,49,0,0,0,0,0,19,24,4,2,49,0,0,0,49
03/26/2017,HSV,AL,ASO,CE,Combined TRACON& Tower with Radar,22,29,17,8,76,0,0,6,0,6,22,29,23,8,82,0,0,0,82
03/27/2017,HSV,AL,ASO,CE,Combined TRACON& Tower with Radar,34,35,14,4,87,0,0,5,2,7,34,35,19,6,94,0,0,0,94
03/28/2017,HSV,AL,ASO,CE,Combined TRACON& Tower with Radar,31,31,17,38,117,0,0,19,2,21,31,31,36,40,138,18,16,34,172
03/29/2017,HSV,AL,ASO,CE,Combined TRACON& Tower with Radar,36,38,28,66,168,0,0,30,11,41,36,38,58,77,209,6,132,138,347
03/30/2017,HSV,AL,ASO,CE,Combined TRACON& Tower with Radar,32,36,19,12,99,0,0,1,6,7,32,36,20,18,106,12,8,20,126
03/31/2017,HSV,AL,ASO,CE,Combined TRACON& Tower with Radar,27,44,27,46,144,0,1,23,7,31,27,45,50,53,175,0,75,75,250
04/01/2017,HSV,AL,ASO,CE,Combined TRACON& Tower with Radar,23,24,16,3,66,0,0,38,3,41,23,24,54,6,107,16,0,16,123
04/02/2017,HSV,AL,ASO,CE,Combined TRACON& Tower with Radar,22,30,18,34,104,0,0,39,2,41,22,30,57,36,145,0,0,0,145
04/03/2017,HSV,AL,ASO,CE,Combined TRACON& Tower with Radar,42,39,5,5,91,0,0,1,0,1,42,39,6,5,92,10,0,10,102
04/04/2017,HSV,AL,ASO,CE,Combined TRACON& Tower with Radar,38,30,24,37,129,0,5,21,8,34,38,35,45,45,163,32,76,108,271
04/05/2017,HSV,AL,ASO,CE,Combined TRACON& Tower with Radar,33,38,18,6,95,0,0,0,0,0,33,38,18,6,95,0,0,0,95
04/06/2017,HSV,AL,ASO,CE,Combined TRACON& Tower with Radar,28,31,19,6,84,0,0,0,0,0,28,31,19,6,84,0,0,0,84
04/07/2017,HSV,AL,ASO,CE,Combined TRACON& Tower with Radar,30,38,28,19,115,0,1,7,7,15,30,39,35,26,130,6,106,112,242
04/08/2017,HSV,AL,ASO,CE,Combined TRACON& Tower with Radar,19,24,24,13,80,0,0,32,2,34,19,24,56,15,114,24,0,24,138
04/09/2017,HSV,AL,ASO,CE,Combined TRACON& Tower with Radar,24,26,10,7,67,0,0,24,5,29,24,26,34,12,96,18,16,34,130
04/10/2017,HSV,AL,ASO,CE,Combined TRACON& Tower with Radar,36,30,14,24,104,0,0,18,4,22,36,30,32,28,126,40,58,98,224
04/11/2017,HSV,AL,ASO,CE,Combined TRACON& Tower with Radar,34,27,12,34,107,0,0,24,8,32,34,27,36,42,139,28,126,154,293
04/12/2017,HSV,AL,ASO,CE,Combined TRACON& Tower with Radar,35,30,31,33,129,0,0,26,6,32,35,30,57,39,161,0,82,82,243
04/13/2017,HSV,AL,ASO,CE,Combined TRACON& Tower with Radar,34,31,31,50,146,0,0,28,10,38,34,31,59,60,184,22,20,42,226
04/14/2017,HSV,AL,ASO,CE,Combined TRACON& Tower with Radar,33,33,23,21,110,0,0,27,1,28,33,33,50,22,138,0,34,34,172
04/15/2017,HSV,AL,ASO,CE,Combined TRACON& Tower with Radar,17,23,5,0,45,0,0,22,0,22,17,23,27,0,67,14,0,14,81
04/16/2017,HSV,AL,ASO,CE,Combined TRACON& Tower with Radar,22,33,10,0,65,0,0,25,1,26,22,33,35,1,91,18,0,18,109
04/17/2017,HSV,AL,ASO,CE,Combined TRACON& Tower with Radar,31,29,22,28,110,0,0,14,6,20,31,29,36,34,130,2,92,94,224
04/18/2017,HSV,AL,ASO,CE,Combined TRACON& Tower with Radar,35,29,20,35,119,0,0,9,9,18,35,29,29,44,137,0,86,86,223
04/19/2017,HSV,AL,ASO,CE,Combined TRACON& Tower with Radar,35,29,21,37,122,0,0,36,9,45,35,29,57,46,167,14,100,114,281
04/20/2017,HSV,AL,ASO,CE,Combined TRACON& Tower with Radar,34,27,18,50,129,0,0,38,3,41,34,27,56,53,170,32,80,112,282
04/21/2017,HSV,AL,ASO,CE,Combined TRACON& Tower with Radar,37,33,11,22,103,0,0,14,5,19,37,33,25,27,122,0,10,10,132
04/22/2017,HSV,AL,ASO,CE,Combined TRACON& Tower with Radar,19,22,5,5,51,0,0,3,0,3,19,22,8,5,54,0,0,0,54
04/23/2017,HSV,AL,ASO,CE,Combined TRACON& Tower with Radar,23,38,19,0,80,0,0,1,0,1,23,38,20,0,81,0,0,0,81
04/24/2017,HSV,AL,ASO,CE,Combined TRACON& Tower with Radar,35,35,20,15,105,0,0,7,2,9,35,35,27,17,114,8,8,16,130
04/25/2017,HSV,AL,ASO,CE,Combined TRACON& Tower with Radar,35,32,14,17,98,0,0,34,6,40,35,32,48,23,138,56,48,104,242
04/26/2017,HSV,AL,ASO,CE,Combined TRACON& Tower with Radar,34,26,25,46,131,0,0,42,16,58,34,26,67,62,189,20,140,160,349
04/27/2017,HSV,AL,ASO,CE,Combined TRACON& Tower with Radar,36,34,20,47,137,0,0,13,9,22,36,34,33,56,159,6,118,124,283
04/28/2017,HSV,AL,ASO,CE,Combined TRACON& Tower with Radar,35,32,15,68,150,0,0,9,5,14,35,32,24,73,164,16,110,126,290
04/29/2017,HSV,AL,ASO,CE,Combined TRACON& Tower with Radar,17,28,4,2,51,0,1,18,0,19,17,29,22,2,70,0,0,0,70
04/30/2017,HSV,AL,ASO,CE,Combined TRACON& Tower with Radar,21,27,15,2,65,0,0,4,0,4,21,27,19,2,69,0,0,0,69
05/01/2017,HSV,AL,ASO,CE,Combined TRACON& Tower with Radar,33,28,12,27,100,0,0,15,5,20,33,28,27,32,120,0,64,64,184
05/02/2017,HSV,AL,ASO,CE,Combined TRACON& Tower with Radar,39,31,22,61,153,0,0,40,11,51,39,31,62,72,204,16,120,136,340
05/03/2017,HSV,AL,ASO,CE,Combined TRACON& Tower with Radar,35,28,29,47,139,0,0,22,11,33,35,28,51,58,172,44,120,164,336
05/04/2017,HSV,AL,ASO,CE,Combined TRACON& Tower with Radar,32,32,9,4,77,0,0,0,2,2,32,32,9,6,79,0,0,0,79
05/05/2017,HSV,AL,ASO,CE,Combined TRACON& Tower with Radar,36,33,13,22,104,0,0,1,0,1,36,33,14,22,105,0,0,0,105
05/06/2017,HSV,AL,ASO,CE,Combined TRACON& Tower with Radar,20,23,13,4,60,0,0,20,0,20,20,23,33,4,80,10,2,12,92
05/07/2017,HSV,AL,ASO,CE,Combined TRACON& Tower with Radar,30,28,30,8,96,0,0,47,4,51,30,28,77,12,147,0,0,0,147
05/08/2017,HSV,AL,ASO,CE,Combined TRACON& Tower with Radar,37,29,9,82,157,0,0,38,17,55,37,29,47,99,212,30,112,142,354
05/09/2017,HSV,AL,ASO,CE,Combined TRACON& Tower with Radar,33,35,18,33,119,0,1,18,9,28,33,36,36,42,147,0,110,110,257
05/10/2017,HSV,AL,ASO,CE,Combined TRACON& Tower with Radar,35,32,26,57,150,0,0,19,14,33,35,32,45,71,183,10,102,112,295
05/11/2017,HSV,AL,ASO,CE,Combined TRACON& Tower with Radar,34,36,12,79,161,0,0,27,23,50,34,36,39,102,211,0,198,198,409
05/12/2017,HSV,AL,ASO,CE,Combined TRACON& Tower with Radar,35,33,10,35,113,0,0,12,1,13,35,33,22,36,126,4,30,34,160
05/13/2017,HSV,AL,ASO,CE,Combined TRACON& Tower with Radar,18,21,9,10,58,0,0,22,0,22,18,21,31,10,80,24,4,28,108
05/14/2017,HSV,AL,ASO,CE,Combined TRACON& Tower with Radar,26,26,16,4,72,0,0,22,0,22,26,26,38,4,94,4,0,4,98
05/15/2017,HSV,AL,ASO,CE,Combined TRACON& Tower with Radar,35,31,21,7,94,0,0,31,2,33,35,31,52,9,127,30,58,88,215
05/16/2017,HSV,AL,ASO,CE,Combined TRACON& Tower with Radar,31,35,21,37,124,0,2,31,9,42,31,37,52,46,166,10,72,82,248
05/17/2017,HSV,AL,ASO,CE,Combined TRACON& Tower with Radar,37,34,24,58,153,0,0,21,12,33,37,34,45,70,186,14,144,158,344
05/18/2017,HSV,AL,ASO,CE,Combined TRACON& Tower with Radar,34,30,17,40,121,0,0,8,2,10,34,30,25,42,131,0,92,92,223
05/19/2017,HSV,AL,ASO,CE,Combined TRACON& Tower with Radar,31,33,27,17,108,0,0,25,1,26,31,33,52,18,134,32,82,114,248
05/20/2017,HSV,AL,ASO,CE,Combined TRACON& Tower with Radar,23,21,14,8,66,0,0,25,2,27,23,21,39,10,93,4,12,16,109
05/21/2017,HSV,AL,ASO,CE,Combined TRACON& Tower with Radar,28,27,19,0,74,0,0,5,0,5,28,27,24,0,79,0,0,0,79
05/22/2017,HSV,AL,ASO,CE,Combined TRACON& Tower with Radar,31,32,11,60,134,0,0,12,33,45,31,32,23,93,179,2,200,202,381
05/23/2017,HSV,AL,ASO,CE,Combined TRACON& Tower with Radar,35,32,10,26,103,0,0,6,3,9,35,32,16,29,112,8,22,30,142
05/24/2017,HSV,AL,ASO,CE,Combined TRACON& Tower with Radar,36,35,8,9,88,0,0,4,1,5,36,35,12,10,93,0,0,0,93
05/25/2017,HSV,AL,ASO,CE,Combined TRACON& Tower with Radar,36,31,18,9,94,0,0,20,2,22,36,31,38,11,116,12,46,58,174
05/26/2017,HSV,AL,ASO,CE,Combined TRACON& Tower with Radar,34,33,22,5,94,0,0,43,0,43,34,33,65,5,137,0,0,0,137
05/27/2017,HSV,AL,ASO,CE,Combined TRACON& Tower with Radar,22,24,16,0,62,0,0,17,0,17,22,24,33,0,79,14,6,20,99
05/28/2017,HSV,AL,ASO,CE,Combined TRACON& Tower with Radar,26,20,10,0,56,0,0,10,0,10,26,20,20,0,66,0,0,0,66
05/29/2017,HSV,AL,ASO,CE,Combined TRACON& Tower with Radar,38,25,6,0,69,0,0,6,0,6,38,25,12,0,75,0,0,0,75
05/30/2017,HSV,AL,ASO,CE,Combined TRACON& Tower with Radar,37,32,21,18,108,0,0,14,3,17,37,32,35,21,125,12,12,24,149
05/31/2017,HSV,AL,ASO,CE,Combined TRACON& Tower with Radar,38,36,31,33,138,0,0,14,4,18,38,36,45,37,156,0,122,122,278
06/01/2017,HSV,AL,ASO,CE,Combined TRACON& Tower with Radar,32,30,20,60,142,0,0,27,4,31,32,30,47,64,173,0,128,128,301
06/02/2017,HSV,AL,ASO,CE,Combined TRACON& Tower with Radar,34,29,21,50,134,0,2,23,6,31,34,31,44,56,165,4,92,96,261
06/03/2017,HSV,AL,ASO,CE,Combined TRACON& Tower with Radar,20,24,17,6,67,0,0,39,1,40,20,24,56,7,107,0,4,4,111
06/04/2017,HSV,AL,ASO,CE,Combined TRACON& Tower with Radar,28,28,18,10,84,0,0,8,0,8,28,28,26,10,92,0,0,0,92
06/05/2017,HSV,AL,ASO,CE,Combined TRACON& Tower with Radar,35,28,11,22,96,0,0,5,4,9,35,28,16,26,105,24,50,74,179
06/06/2017,HSV,AL,ASO,CE,Combined TRACON& Tower with Radar,35,29,28,52,144,0,2,12,5,19,35,31,40,57,163,6,128,134,297
06/07/2017,HSV,AL,ASO,CE,Combined TRACON& Tower with Radar,35,34,27,76,172,0,0,30,17,47,35,34,57,93,219,10,72,82,301
06/08/2017,HSV,AL,ASO,CE,Combined TRACON& Tower with Radar,36,28,28,54,146,0,1,29,11,41,36,29,57,65,187,12,132,144,331
06/09/2017,HSV,AL,ASO,CE,Combined TRACON& Tower with Radar,34,28,19,36,117,0,0,43,7,50,34,28,62,43,167,20,34,54,221
06/10/2017,HSV,AL,ASO,CE,Combined TRACON& Tower with Radar,22,19,14,5,60,0,0,43,0,43,22,19,57,5,103,22,0,22,125
06/11/2017,HSV,AL,ASO,CE,Combined TRACON& Tower with Radar,28,26,13,14,81,0,0,22,0,22,28,26,35,14,103,12,0,12,115
06/12/2017,HSV,AL,ASO,CE,Combined TRACON& Tower with Radar,33,29,17,29,108,0,0,14,6,20,33,29,31,35,128,0,162,162,290
06/13/2017,HSV,AL,ASO,CE,Combined TRACON& Tower with Radar,33,29,21,57,140,0,0,13,10,23,33,29,34,67,163,14,112,126,289
06/14/2017,HSV,AL,ASO,CE,Combined TRACON& Tower with Radar,29,31,11,31,102,0,0,17,14,31,29,31,28,45,133,10,100,110,243
06/15/2017,HSV,AL,ASO,CE,Combined TRACON& Tower with Radar,33,32,14,32,111,0,0,17,7,24,33,32,31,39,135,0,86,86,221
06/16/2017,HSV,AL,ASO,CE,Combined TRACON& Tower with Radar,33,31,20,46,130,0,0,25,6,31,33,31,45,52,161,14,60,74,235
06/17/2017,HSV,AL,ASO,CE,Combined TRACON& Tower with Radar,28,31,14,6,79,0,0,26,2,28,28,31,40,8,107,10,0,10,117
06/18/2017,HSV,AL,ASO,CE,Combined TRACON& Tower with Radar,28,28,15,4,75,0,0,8,0,8,28,28,23,4,83,0,0,0,83
06/19/2017,HSV,AL,ASO,CE,Combined TRACON& Tower with Radar,34,29,9,14,86,0,0,8,0,8,34,29,17,14,94,4,0,4,98
06/20/2017,HSV,AL,ASO,CE,Combined TRACON& Tower with Radar,36,37,21,39,133,0,0,25,10,35,36,37,46,49,168,38,150,188,356
06/21/2017,HSV,AL,ASO,CE,Combined TRACON& Tower with Radar,32,35,17,59,143,0,0,10,5,15,32,35,27,64,158,6,118,124,282
06/22/2017,HSV,AL,ASO,CE,Combined TRACON& Tower with Radar,33,33,10,28,104,0,0,1,0,1,33,33,11,28,105,0,0,0,105
06/23/2017,HSV,AL,ASO,CE,Combined TRACON& Tower with Radar,36,31,7,2,76,0,0,0,0,0,36,31,7,2,76,0,0,0,76
06/24/2017,HSV,AL,ASO,CE,Combined TRACON& Tower with Radar,19,21,11,10,61,0,0,14,0,14,19,21,25,10,75,8,0,8,83
06/25/2017,HSV,AL,ASO,CE,Combined TRACON& Tower with Radar,28,23,22,2,75,0,0,23,1,24,28,23,45,3,99,0,0,0,99
06/26/2017,HSV,AL,ASO,CE,Combined TRACON& Tower with Radar,34,32,11,49,126,0,0,32,9,41,34,32,43,58,167,10,66,76,243
06/27/2017,HSV,AL,ASO,CE,Combined TRACON& Tower with Radar,31,29,16,50,126,0,0,27,9,36,31,29,43,59,162,0,156,156,318
06/28/2017,HSV,AL,ASO,CE,Combined TRACON& Tower with Radar,32,33,17,77,159,0,1,36,14,51,32,34,53,91,210,12,76,88,298
06/29/2017,HSV,AL,ASO,CE,Combined TRACON& Tower with Radar,33,32,17,35,117,0,0,5,5,10,33,32,22,40,127,0,22,22,149
06/30/2017,HSV,AL,ASO,CE,Combined TRACON& Tower with Radar,32,33,21,30,116,0,0,10,0,10,32,33,31,30,126,4,68,72,198
07/01/2017,HSV,AL,ASO,CE,Combined TRACON& Tower with Radar,17,24,12,0,53,0,0,9,0,9,17,24,21,0,62,0,0,0,62
07/02/2017,HSV,AL,ASO,CE,Combined TRACON& Tower with Radar,24,22,16,4,66,0,0,18,0,18,24,22,34,4,84,10,0,10,94
07/03/2017,HSV,AL,ASO,CE,Combined TRACON& Tower with Radar,29,21,10,0,60,0,0,8,0,8,29,21,18,0,68,26,0,26,94
07/04/2017,HSV,AL,ASO,CE,Combined TRACON& Tower with Radar,27,22,4,0,53,0,0,5,0,5,27,22,9,0,58,0,0,0,58
07/05/2017,HSV,AL,ASO,CE,Combined TRACON& Tower with Radar,34,29,13,18,94,0,0,10,11,21,34,29,23,29,115,10,82,92,207
07/06/2017,HSV,AL,ASO,CE,Combined TRACON& Tower with Radar,31,31,17,6,85,0,0,10,6,16,31,31,27,12,101,0,4,4,105
07/07/2017,HSV,AL,ASO,CE,Combined TRACON& Tower with Radar,31,25,16,22,94,0,0,20,3,23,31,25,36,25,117,16,24,40,157
07/08/2017,HSV,AL,ASO,CE,Combined TRACON& Tower with Radar,23,20,20,13,76,0,0,20,0,20,23,20,40,13,96,14,18,32,128
07/09/2017,HSV,AL,ASO,CE,Combined TRACON& Tower with Radar,29,30,15,17,91,0,0,48,5,53,29,30,63,22,144,46,0,46,190
07/10/2017,HSV,AL,ASO,CE,Combined TRACON& Tower with Radar,35,28,14,46,123,0,0,29,4,33,35,28,43,50,156,2,108,110,266
07/11/2017,HSV,AL,ASO,CE,Combined TRACON& Tower with Radar,49,36,21,42,148,0,2,24,12,38,49,38,45,54,186,0,82,82,268
07/12/2017,HSV,AL,ASO,CE,Combined TRACON& Tower with Radar,34,32,24,56,146,0,0,19,3,22,34,32,43,59,168,52,74,126,294
07/13/2017,HSV,AL,ASO,CE,Combined TRACON& Tower with Radar,32,32,16,20,100,0,0,16,3,19,32,32,32,23,119,14,78,92,211
07/14/2017,HSV,AL,ASO,CE,Combined TRACON& Tower with Radar,31,28,27,52,138,0,0,15,9,24,31,28,42,61,162,6,100,106,268
07/15/2017,HSV,AL,ASO,CE,Combined TRACON& Tower with Radar,21,18,11,17,67,0,0,22,6,28,21,18,33,23,95,0,0,0,95
07/16/2017,HSV,AL,ASO,CE,Combined TRACON& Tower with Radar,37,28,23,17,105,0,0,18,0,18,37,28,41,17,123,6,6,12,135
07/17/2017,HSV,AL,ASO,CE,Combined TRACON& Tower with Radar,37,26,10,48,121,0,0,3,6,9,37,26,13,54,130,0,6,6,136
07/18/2017,HSV,AL,ASO,CE,Combined TRACON& Tower with Radar,34,40,26,90,190,0,0,38,8,46,34,40,64,98,236,10,138,148,384
07/19/2017,HSV,AL,ASO,CE,Combined TRACON& Tower with Radar,32,30,25,90,177,0,0,20,11,31,32,30,45,101,208,16,106,122,330
07/20/2017,HSV,AL,ASO,CE,Combined TRACON& Tower with Radar,34,35,16,49,134,0,0,21,8,29,34,35,37,57,163,0,94,94,257
07/21/2017,HSV,AL,ASO,CE,Combined TRACON& Tower with Radar,36,30,26,63,155,0,0,19,5,24,36,30,45,68,179,22,86,108,287
07/22/2017,HSV,AL,ASO,CE,Combined TRACON& Tower with Radar,26,18,8,11,63,0,0,25,6,31,26,18,33,17,94,0,0,0,94
07/23/2017,HSV,AL,ASO,CE,Combined TRACON& Tower with Radar,29,19,19,12,79,0,0,17,7,24,29,19,36,19,103,0,2,2,105
07/24/2017,HSV,AL,ASO,CE,Combined TRACON& Tower with Radar,39,29,6,24,98,0,0,6,4,10,39,29,12,28,108,0,60,60,168
07/25/2017,HSV,AL,ASO,CE,Combined TRACON& Tower with Radar,42,30,14,40,126,0,0,11,17,28,42,30,25,57,154,0,84,84,238
07/26/2017,HSV,AL,ASO,CE,Combined TRACON& Tower with Radar,38,25,20,54,137,0,0,20,7,27,38,25,40,61,164,0,30,30,194
07/27/2017,HSV,AL,ASO,CE,Combined TRACON& Tower with Radar,43,32,23,15,113,0,0,26,5,31,43,32,49,20,144,10,18,28,172
07/28/2017,HSV,AL,ASO,CE,Combined TRACON& Tower with Radar,30,30,13,4,77,0,0,6,2,8,30,30,19,6,85,0,22,22,107
07/29/2017,HSV,AL,ASO,CE,Combined TRACON& Tower with Radar,21,24,25,1,71,0,0,25,5,30,21,24,50,6,101,6,2,8,109
07/30/2017,HSV,AL,ASO,CE,Combined TRACON& Tower with Radar,30,30,18,24,102,0,0,43,4,47,30,30,61,28,149,16,2,18,167
07/31/2017,HSV,AL,ASO,CE,Combined TRACON& Tower with Radar,35,26,22,39,122,0,0,23,6,29,35,26,45,45,151,38,48,86,237
08/01/2017,HSV,AL,ASO,CE,Combined TRACON& Tower with Radar,32,32,26,30,120,0,0,19,1,20,32,32,45,31,140,24,16,40,180
08/02/2017,HSV,AL,ASO,CE,Combined TRACON& Tower with Radar,35,29,31,28,123,0,0,23,12,35,35,29,54,40,158,12,44,56,214
08/03/2017,HSV,AL,ASO,CE,Combined TRACON& Tower with Radar,32,24,25,50,131,0,0,12,10,22,32,24,37,60,153,2,128,130,283
08/04/2017,HSV,AL,ASO,CE,Combined TRACON& Tower with Radar,39,29,19,14,101,0,1,11,7,19,39,30,30,21,120,0,0,0,120
08/05/2017,HSV,AL,ASO,CE,Combined TRACON& Tower with Radar,21,19,15,2,57,0,0,40,0,40,21,19,55,2,97,28,0,28,125
08/06/2017,HSV,AL,ASO,CE,Combined TRACON& Tower with Radar,31,21,11,11,74,0,0,16,5,21,31,21,27,16,95,0,20,20,115
08/07/2017,HSV,AL,ASO,CE,Combined TRACON& Tower with Radar,36,25,14,17,92,0,0,1,1,2,36,25,15,18,94,0,40,40,134
08/08/2017,HSV,AL,ASO,CE,Combined TRACON& Tower with Radar,35,33,13,78,159,0,0,17,1,18,35,33,30,79,177,4,50,54,231
08/09/2017,HSV,AL,ASO,CE,Combined TRACON& Tower with Radar,33,32,17,73,155,0,0,6,16,22,33,32,23,89,177,0,86,86,263
08/10/2017,HSV,AL,ASO,CE,Combined TRACON& Tower with Radar,34,26,28,95,183,0,0,19,8,27,34,26,47,103,210,0,66,66,276
08/11/2017,HSV,AL,ASO,CE,Combined TRACON& Tower with Radar,35,28,17,52,132,0,0,6,5,11,35,28,23,57,143,0,0,0,143
08/12/2017,HSV,AL,ASO,CE,Combined TRACON& Tower with Radar,21,20,30,13,84,0,0,7,2,9,21,20,37,15,93,0,0,0,93
08/13/2017,HSV,AL,ASO,CE,Combined TRACON& Tower with Radar,25,22,18,26,91,0,0,29,8,37,25,22,47,34,128,48,2,50,178
08/14/2017,HSV,AL,ASO,CE,Combined TRACON& Tower with Radar,37,27,1,3,68,0,0,1,2,3,37,27,2,5,71,12,0,12,83
08/15/2017,HSV,AL,ASO,CE,Combined TRACON& Tower with Radar,34,25,22,3,84,0,0,6,2,8,34,25,28,5,92,8,0,8,100
08/16/2017,HSV,AL,ASO,CE,Combined TRACON& Tower with Radar,33,36,20,28,117,0,0,12,2,14,33,36,32,30,131,0,0,0,131
08/17/2017,HSV,AL,ASO,CE,Combined TRACON& Tower with Radar,34,30,33,31,128,0,1,17,5,23,34,31,50,36,151,18,14,32,183
08/18/2017,HSV,AL,ASO,CE,Combined TRACON& Tower with Radar,35,30,29,27,121,0,3,15,9,27,35,33,44,36,148,16,0,16,164
08/19/2017,HSV,AL,ASO,CE,Combined TRACON& Tower with Radar,19,20,16,6,61,0,0,33,3,36,19,20,49,9,97,30,34,64,161
08/20/2017,HSV,AL,ASO,CE,Combined TRACON& Tower with Radar,32,20,17,17,86,0,0,22,7,29,32,20,39,24,115,16,0,16,131
08/21/2017,HSV,AL,ASO,CE,Combined TRACON& Tower with Radar,35,25,22,64,146,0,0,33,2,35,35,25,55,66,181,4,68,72,253
08/22/2017,HSV,AL,ASO,CE,Combined TRACON& Tower with Radar,37,27,17,57,138,0,0,28,12,40,37,27,45,69,178,12,84,96,274
08/23/2017,HSV,AL,ASO,CE,Combined TRACON& Tower with Radar,35,31,23,21,110,0,0,11,13,24,35,31,34,34,134,0,86,86,220
08/24/2017,HSV,AL,ASO,CE,Combined TRACON& Tower with Radar,36,31,26,35,128,0,1,25,19,45,36,32,51,54,173,0,132,132,305
08/25/2017,HSV,AL,ASO,CE,Combined TRACON& Tower with Radar,41,28,26,51,146,0,0,22,12,34,41,28,48,63,180,0,0,0,180
08/26/2017,HSV,AL,ASO,CE,Combined TRACON& Tower with Radar,23,18,14,6,61,0,0,30,15,45,23,18,44,21,106,0,0,0,106
08/27/2017,HSV,AL,ASO,CE,Combined TRACON& Tower with Radar,32,19,23,36,110,0,0,36,1,37,32,19,59,37,147,14,10,24,171
08/28/2017,HSV,AL,ASO,CE,Combined TRACON& Tower with Radar,39,20,5,41,105,0,0,16,7,23,39,20,21,48,128,14,178,192,320
08/29/2017,HSV,AL,ASO,CE,Combined TRACON& Tower with Radar,37,23,31,27,118,0,4,17,8,29,37,27,48,35,147,14,172,186,333
08/30/2017,HSV,AL,ASO,CE,Combined TRACON& Tower with Radar,34,21,7,66,128,0,0,7,2,9,34,21,14,68,137,0,0,0,137
08/31/2017,HSV,AL,ASO,CE,Combined TRACON& Tower with Radar,36,21,18,78,153,0,0,0,0,0,36,21,18,78,153,0,0,0,153
09/01/2017,HSV,AL,ASO,CE,Combined TRACON& Tower with Radar,35,22,24,6,87,0,0,1,1,2,35,22,25,7,89,6,0,6,95
09/02/2017,HSV,AL,ASO,CE,Combined TRACON& Tower with Radar,32,15,5,0,52,7,0,21,0,28,39,15,26,0,80,36,0,36,116
09/03/2017,HSV,AL,ASO,CE,Combined TRACON& Tower with Radar,30,11,7,0,48,30,0,26,0,56,60,11,33,0,104,54,0,54,158
09/04/2017,HSV,AL,ASO,CE,Combined TRACON& Tower with Radar,39,20,16,0,75,3,0,34,0,37,42,20,50,0,112,68,0,68,180
09/05/2017,HSV,AL,ASO,CE,Combined TRACON& Tower with Radar,39,23,14,11,87,0,0,8,6,14,39,23,22,17,101,0,54,54,155
09/06/2017,HSV,AL,ASO,CE,Combined TRACON& Tower with Radar,30,29,20,43,122,0,1,27,11,39,30,30,47,54,161,0,0,0,161
09/07/2017,HSV,AL,ASO,CE,Combined TRACON& Tower with Radar,33,26,25,73,157,0,1,14,9,24,33,27,39,82,181,4,144,148,329
09/08/2017,HSV,AL,ASO,CE,Combined TRACON& Tower with Radar,34,23,17,45,119,0,2,29,18,49,34,25,46,63,168,0,78,78,246
09/09/2017,HSV,AL,ASO,CE,Combined TRACON& Tower with Radar,22,20,8,9,59,0,0,25,4,29,22,20,33,13,88,0,2,2,90
09/10/2017,HSV,AL,ASO,CE,Combined TRACON& Tower with Radar,34,23,10,27,94,0,0,19,8,27,34,23,29,35,121,0,68,68,189
09/11/2017,HSV,AL,ASO,CE,Combined TRACON& Tower with Radar,27,25,7,6,65,0,0,1,0,1,27,25,8,6,66,0,0,0,66
09/12/2017,HSV,AL,ASO,CE,Combined TRACON& Tower with Radar,36,24,15,5,80,0,0,0,0,0,36,24,15,5,80,0,0,0,80
09/13/2017,HSV,AL,ASO,CE,Combined TRACON& Tower with Radar,34,26,20,25,105,0,0,0,0,0,34,26,20,25,105,0,0,0,105
09/14/2017,HSV,AL,ASO,CE,Combined TRACON& Tower with Radar,36,35,18,25,114,0,0,17,27,44,36,35,35,52,158,0,28,28,186
09/15/2017,HSV,AL,ASO,CE,Combined TRACON& Tower with Radar,37,25,26,49,137,0,0,19,11,30,37,25,45,60,167,0,58,58,225
09/16/2017,HSV,AL,ASO,CE,Combined TRACON& Tower with Radar,25,15,11,8,59,0,0,20,4,24,25,15,31,12,83,4,6,10,93
09/17/2017,HSV,AL,ASO,CE,Combined TRACON& Tower with Radar,32,24,11,2,69,0,0,13,3,16,32,24,24,5,85,14,0,14,99
09/18/2017,HSV,AL,ASO,CE,Combined TRACON& Tower with Radar,40,30,17,49,136,0,4,16,7,27,40,34,33,56,163,4,92,96,259
09/19/2017,HSV,AL,ASO,CE,Combined TRACON& Tower with Radar,33,29,21,39,122,0,1,10,5,16,33,30,31,44,138,22,24,46,184
09/20/2017,HSV,AL,ASO,CE,Combined TRACON& Tower with Radar,34,32,19,68,153,0,0,20,16,36,34,32,39,84,189,0,0,0,189
09/21/2017,HSV,AL,ASO,CE,Combined TRACON& Tower with Radar,37,29,40,24,130,0,0,14,3,17,37,29,54,27,147,0,36,36,183
09/22/2017,HSV,AL,ASO,CE,Combined TRACON& Tower with Radar,41,25,12,17,95,0,1,19,9,29,41,26,31,26,124,0,0,0,124
09/23/2017,HSV,AL,ASO,CE,Combined TRACON& Tower with Radar,23,19,14,0,56,0,0,41,1,42,23,19,55,1,98,0,0,0,98
09/24/2017,HSV,AL,ASO,CE,Combined TRACON& Tower with Radar,36,19,10,6,71,0,0,36,1,37,36,19,46,7,108,8,0,8,116
09/25/2017,HSV,AL,ASO,CE,Combined TRACON& Tower with Radar,39,25,30,16,110,0,5,23,3,31,39,30,53,19,141,20,58,78,219
09/26/2017,HSV,AL,ASO,CE,Combined TRACON& Tower with Radar,39,27,19,34,119,0,1,14,6,21,39,28,33,40,140,14,42,56,196
09/27/2017,HSV,AL,ASO,CE,Combined TRACON& Tower with Radar,38,23,22,44,127,3,0,17,10,30,41,23,39,54,157,0,0,0,157
09/28/2017,HSV,AL,ASO,CE,Combined TRACON& Tower with Radar,36,29,24,57,146,0,0,16,5,21,36,29,40,62,167,14,28,42,209
09/29/2017,HSV,AL,ASO,CE,Combined TRACON& Tower with Radar,49,24,19,85,177,0,0,16,2,18,49,24,35,87,195,16,70,86,281
09/30/2017,HSV,AL,ASO,CE,Combined TRACON& Tower with Radar,25,16,23,2,66,0,0,27,2,29,25,16,50,4,95,12,0,12,107
10/01/2017,HSV,AL,ASO,CE,Combined TRACON& Tower with Radar,34,20,18,4,76,0,0,13,4,17,34,20,31,8,93,0,14,14,107
10/02/2017,HSV,AL,ASO,CE,Combined TRACON& Tower with Radar,40,29,21,58,148,0,0,9,9,18,40,29,30,67,166,16,110,126,292
10/03/2017,HSV,AL,ASO,CE,Combined TRACON& Tower with Radar,36,27,26,46,135,0,0,13,17,30,36,27,39,63,165,0,100,100,265
10/04/2017,HSV,AL,ASO,CE,Combined TRACON& Tower with Radar,36,23,17,59,135,0,4,24,16,44,36,27,41,75,179,0,0,0,179
10/05/2017,HSV,AL,ASO,CE,Combined TRACON& Tower with Radar,37,28,25,53,143,0,3,20,12,35,37,31,45,65,178,16,42,58,236
10/06/2017,HSV,AL,ASO,CE,Combined TRACON& Tower with Radar,38,29,15,45,127,0,0,30,16,46,38,29,45,61,173,18,86,104,277
10/07/2017,HSV,AL,ASO,CE,Combined TRACON& Tower with Radar,23,15,27,4,69,0,0,14,0,14,23,15,41,4,83,0,0,0,83
10/08/2017,HSV,AL,ASO,CE,Combined TRACON& Tower with Radar,32,22,5,0,59,0,0,0,0,0,32,22,5,0,59,0,0,0,59
10/09/2017,HSV,AL,ASO,CE,Combined TRACON& Tower with Radar,35,25,24,6,90,0,0,14,0,14,35,25,38,6,104,0,4,4,108
10/10/2017,HSV,AL,ASO,CE,Combined TRACON& Tower with Radar,35,30,8,14,87,0,0,3,0,3,35,30,11,14,90,0,4,4,94
10/11/2017,HSV,AL,ASO,CE,Combined TRACON& Tower with Radar,35,29,28,53,145,0,0,11,6,17,35,29,39,59,162,0,0,0,162
10/12/2017,HSV,AL,ASO,CE,Combined TRACON& Tower with Radar,36,28,22,36,122,0,0,22,2,24,36,28,44,38,146,6,28,34,180
10/13/2017,HSV,AL,ASO,CE,Combined TRACON& Tower with Radar,41,34,24,38,137,0,0,23,9,32,41,34,47,47,169,34,42,76,245
10/14/2017,HSV,AL,ASO,CE,Combined TRACON& Tower with Radar,25,14,17,4,60,0,0,11,1,12,25,14,28,5,72,0,0,0,72
10/15/2017,HSV,AL,ASO,CE,Combined TRACON& Tower with Radar,34,23,17,16,90,0,0,6,2,8,34,23,23,18,98,0,8,8,106
10/16/2017,HSV,AL,ASO,CE,Combined TRACON& Tower with Radar,35,34,17,88,174,0,0,24,6,30,35,34,41,94,204,14,48,62,266
10/17/2017,HSV,AL,ASO,CE,Combined TRACON& Tower with Radar,31,32,25,53,141,0,0,11,3,14,31,32,36,56,155,0,98,98,253
10/18/2017,HSV,AL,ASO,CE,Combined TRACON& Tower with Radar,33,27,34,59,153,0,0,26,10,36,33,27,60,69,189,0,0,0,189
10/19/2017,HSV,AL,ASO,CE,Combined TRACON& Tower with Radar,38,33,15,47,133,0,0,17,6,23,38,33,32,53,156,2,94,96,252
10/20/2017,HSV,AL,ASO,CE,Combined TRACON& Tower with Radar,37,33,15,30,115,0,0,33,7,40,37,33,48,37,155,48,8,56,211
10/21/2017,HSV,AL,ASO,CE,Combined TRACON& Tower with Radar,22,17,13,17,69,0,0,35,1,36,22,17,48,18,105,14,0,14,119
10/22/2017,HSV,AL,ASO,CE,Combined TRACON& Tower with Radar,35,24,12,19,90,0,0,11,1,12,35,24,23,20,102,0,0,0,102
10/23/2017,HSV,AL,ASO,CE,Combined TRACON& Tower with Radar,42,25,19,23,109,0,0,5,5,10,42,25,24,28,119,14,36,50,169
10/24/2017,HSV,AL,ASO,CE,Combined TRACON& Tower with Radar,36,26,13,42,117,0,2,12,11,25,36,28,25,53,142,2,86,88,230
10/25/2017,HSV,AL,ASO,CE,Combined TRACON& Tower with Radar,35,29,24,29,117,0,1,15,5,21,35,30,39,34,138,0,0,0,138
10/26/2017,HSV,AL,ASO,CE,Combined TRACON& Tower with Radar,37,28,36,15,116,0,0,27,9,36,37,28,63,24,152,0,0,0,152
10/27/2017,HSV,AL,ASO,CE,Combined TRACON& Tower with Radar,33,28,40,53,154,0,0,14,9,23,33,28,54,62,177,0,98,98,275
10/28/2017,HSV,AL,ASO,CE,Combined TRACON& Tower with Radar,24,20,24,1,69,0,0,4,1,5,24,20,28,2,74,0,0,0,74
10/29/2017,HSV,AL,ASO,CE,Combined TRACON& Tower with Radar,32,24,23,20,99,0,0,20,1,21,32,24,43,21,120,2,4,6,126
10/30/2017,HSV,AL,ASO,CE,Combined TRACON& Tower with Radar,33,27,25,29,114,0,1,28,7,36,33,28,53,36,150,4,10,14,164
10/31/2017,HSV,AL,ASO,CE,Combined TRACON& Tower with Radar,34,21,35,28,118,0,1,26,8,35,34,22,61,36,153,30,70,100,253
11/01/2017,HSV,AL,ASO,CE,Combined TRACON& Tower with Radar,31,29,27,43,130,0,0,2,6,8,31,29,29,49,138,6,62,68,206
11/02/2017,HSV,AL,ASO,CE,Combined TRACON& Tower with Radar,35,27,21,53,136,0,2,4,2,8,35,29,25,55,144,0,114,114,258
11/03/2017,HSV,AL,ASO,CE,Combined TRACON& Tower with Radar,39,28,16,31,114,0,0,9,1,10,39,28,25,32,124,16,0,16,140
11/04/2017,HSV,AL,ASO,CE,Combined TRACON& Tower with Radar,23,17,20,6,66,0,0,17,1,18,23,17,37,7,84,0,0,0,84
11/05/2017,HSV,AL,ASO,CE,Combined TRACON& Tower with Radar,32,20,21,7,80,0,0,30,1,31,32,20,51,8,111,44,0,44,155
11/06/2017,HSV,AL,ASO,CE,Combined TRACON& Tower with Radar,35,24,19,22,100,0,0,6,3,9,35,24,25,25,109,0,0,0,109
11/07/2017,HSV,AL,ASO,CE,Combined TRACON& Tower with Radar,31,28,22,29,110,0,0,2,3,5,31,28,24,32,115,8,34,42,157
11/08/2017,HSV,AL,ASO,CE,Combined TRACON& Tower with Radar,32,27,17,57,133,0,0,1,0,1,32,27,18,57,134,0,0,0,134
11/09/2017,HSV,AL,ASO,CE,Combined TRACON& Tower with Radar,35,28,28,67,158,0,0,29,14,43,35,28,57,81,201,0,114,114,315
11/10/2017,HSV,AL,ASO,CE,Combined TRACON& Tower with Radar,33,27,35,2,97,0,0,50,4,54,33,27,85,6,151,34,2,36,187
11/11/2017,HSV,AL,ASO,CE,Combined TRACON& Tower with Radar,23,16,12,0,51,0,0,38,0,38,23,16,50,0,89,0,0,0,89
11/12/2017,HSV,AL,ASO,CE,Combined TRACON& Tower with Radar,34,20,24,3,81,0,0,11,0,11,34,20,35,3,92,42,0,42,134
11/13/2017,HSV,AL,ASO,CE,Combined TRACON& Tower with Radar,33,27,22,62,144,0,0,14,4,18,33,27,36,66,162,38,38,76,238
11/14/2017,HSV,AL,ASO,CE,Combined TRACON& Tower with Radar,33,27,18,38,116,0,0,24,7,31,33,27,42,45,147,14,36,50,197
11/15/2017,HSV,AL,ASO,CE,Combined TRACON& Tower with Radar,32,29,15,35,111,0,0,29,8,37,32,29,44,43,148,0,0,0,148
11/16/2017,HSV,AL,ASO,CE,Combined TRACON& Tower with Radar,35,31,37,33,136,0,1,22,12,35,35,32,59,45,171,0,30,30,201
11/17/2017,HSV,AL,ASO,CE,Combined TRACON& Tower with Radar,36,28,18,29,111,0,0,34,8,42,36,28,52,37,153,38,16,54,207
11/18/2017,HSV,AL,ASO,CE,Combined TRACON& Tower with Radar,22,16,9,0,47,0,0,2,0,2,22,16,11,0,49,0,0,0,49
11/19/2017,HSV,AL,ASO,CE,Combined TRACON& Tower with Radar,30,23,14,5,72,0,0,32,4,36,30,23,46,9,108,6,0,6,114
11/20/2017,HSV,AL,ASO,CE,Combined TRACON& Tower with Radar,32,25,24,11,92,0,0,38,2,40,32,25,62,13,132,50,0,50,182
11/21/2017,HSV,AL,ASO,CE,Combined TRACON& Tower with Radar,35,33,30,26,124,0,0,25,7,32,35,33,55,33,156,28,42,70,226
11/22/2017,HSV,AL,ASO,CE,Combined TRACON& Tower with Radar,32,28,31,9,100,0,1,32,2,35,32,29,63,11,135,8,14,22,157
11/23/2017,HSV,AL,ASO,CE,Combined TRACON& Tower with Radar,18,7,6,0,31,0,0,8,0,8,18,7,14,0,39,0,0,0,39
11/24/2017,HSV,AL,ASO,CE,Combined TRACON& Tower with Radar,26,14,13,0,53,0,0,22,0,22,26,14,35,0,75,6,0,6,81
11/25/2017,HSV,AL,ASO,CE,Combined TRACON& Tower with Radar,32,23,24,0,79,0,0,21,0,21,32,23,45,0,100,0,0,0,100
11/26/2017,HSV,AL,ASO,CE,Combined TRACON& Tower with Radar,40,23,17,0,80,0,0,28,0,28,40,23,45,0,108,38,0,38,146
11/27/2017,HSV,AL,ASO,CE,Combined TRACON& Tower with Radar,34,26,10,24,94,0,0,19,1,20,34,26,29,25,114,2,20,22,136
11/28/2017,HSV,AL,ASO,CE,Combined TRACON& Tower with Radar,35,32,28,21,116,0,1,24,3,28,35,33,52,24,144,0,0,0,144
11/29/2017,HSV,AL,ASO,CE,Combined TRACON& Tower with Radar,32,30,17,7,86,0,0,13,2,15,32,30,30,9,101,0,0,0,101
11/30/2017,HSV,AL,ASO,CE,Combined TRACON& Tower with Radar,40,27,20,32,119,0,0,0,1,1,40,27,20,33,120,0,0,0,120
12/01/2017,HSV,AL,ASO,CE,Combined TRACON& Tower with Radar,37,29,27,21,114,0,0,14,3,17,37,29,41,24,131,2,0,2,133
12/02/2017,HSV,AL,ASO,CE,Combined TRACON& Tower with Radar,24,15,17,10,66,0,0,32,5,37,24,15,49,15,103,22,100,122,225
12/03/2017,HSV,AL,ASO,CE,Combined TRACON& Tower with Radar,31,20,19,4,74,0,0,44,0,44,31,20,63,4,118,34,0,34,152
12/04/2017,HSV,AL,ASO,CE,Combined TRACON& Tower with Radar,33,22,16,51,122,0,0,7,6,13,33,22,23,57,135,12,22,34,169
12/05/2017,HSV,AL,ASO,CE,Combined TRACON& Tower with Radar,30,28,8,0,66,0,0,2,0,2,30,28,10,0,68,0,0,0,68
12/06/2017,HSV,AL,ASO,CE,Combined TRACON& Tower with Radar,33,28,24,115,200,0,0,19,15,34,33,28,43,130,234,4,154,158,392
12/07/2017,HSV,AL,ASO,CE,Combined TRACON& Tower with Radar,36,25,21,67,149,0,0,22,9,31,36,25,43,76,180,34,166,200,380
12/08/2017,HSV,AL,ASO,CE,Combined TRACON& Tower with Radar,30,35,13,40,118,0,0,12,18,30,30,35,25,58,148,0,158,158,306
12/09/2017,HSV,AL,ASO,CE,Combined TRACON& Tower with Radar,19,16,8,16,59,0,0,10,8,18,19,16,18,24,77,14,0,14,91
12/10/2017,HSV,AL,ASO,CE,Combined TRACON& Tower with Radar,34,22,12,0,68,0,0,28,0,28,34,22,40,0,96,22,0,22,118
12/11/2017,HSV,AL,ASO,CE,Combined TRACON& Tower with Radar,33,24,18,64,139,0,0,15,12,27,33,24,33,76,166,28,82,110,276
12/12/2017,HSV,AL,ASO,CE,Combined TRACON& Tower with Radar,34,26,10,55,125,0,0,7,14,21,34,26,17,69,146,0,78,78,224
12/13/2017,HSV,AL,ASO,CE,Combined TRACON& Tower with Radar,31,28,22,37,118,0,0,20,6,26,31,28,42,43,144,0,0,0,144
12/14/2017,HSV,AL,ASO,CE,Combined TRACON& Tower with Radar,37,29,21,24,111,0,0,28,5,33,37,29,49,29,144,4,32,36,180
12/15/2017,HSV,AL,ASO,CE,Combined TRACON& Tower with Radar,35,25,17,38,115,0,0,22,3,25,35,25,39,41,140,18,80,98,238
12/16/2017,HSV,AL,ASO,CE,Combined TRACON& Tower with Radar,23,18,13,11,65,0,0,31,2,33,23,18,44,13,98,6,14,20,118
12/17/2017,HSV,AL,ASO,CE,Combined TRACON& Tower with Radar,19,26,19,2,66,0,0,3,0,3,19,26,22,2,69,8,0,8,77
12/18/2017,HSV,AL,ASO,CE,Combined TRACON& Tower with Radar,34,26,20,52,132,0,0,4,1,5,34,26,24,53,137,8,2,10,147
12/19/2017,HSV,AL,ASO,CE,Combined TRACON& Tower with Radar,33,32,16,22,103,0,0,0,0,0,33,32,16,22,103,0,0,0,103
12/20/2017,HSV,AL,ASO,CE,Combined TRACON& Tower with Radar,37,30,8,32,107,0,0,2,2,4,37,30,10,34,111,0,0,0,111
12/21/2017,HSV,AL,ASO,CE,Combined TRACON& Tower with Radar,31,26,17,64,138,0,0,2,3,5,31,26,19,67,143,20,0,20,163
12/22/2017,HSV,AL,ASO,CE,Combined TRACON& Tower with Radar,33,26,10,26,95,0,0,0,0,0,33,26,10,26,95,0,0,0,95
12/23/2017,HSV,AL,ASO,CE,Combined TRACON& Tower with Radar,25,19,4,0,48,0,0,0,0,0,25,19,4,0,48,0,0,0,48
12/24/2017,HSV,AL,ASO,CE,Combined TRACON& Tower with Radar,19,13,6,0,38,0,0,0,0,0,19,13,6,0,38,0,0,0,38
12/25/2017,HSV,AL,ASO,CE,Combined TRACON& Tower with Radar,24,15,3,0,42,0,0,11,0,11,24,15,14,0,53,0,0,0,53
12/26/2017,HSV,AL,ASO,CE,Combined TRACON& Tower with Radar,33,24,15,0,72,0,0,32,0,32,33,24,47,0,104,0,0,0,104
12/27/2017,HSV,AL,ASO,CE,Combined TRACON& Tower with Radar,32,22,15,6,75,0,0,20,4,24,32,22,35,10,99,0,0,0,99
12/28/2017,HSV,AL,ASO,CE,Combined TRACON& Tower with Radar,30,25,22,5,82,0,2,37,0,39,30,27,59,5,121,34,0,34,155
12/29/2017,HSV,AL,ASO,CE,Combined TRACON& Tower with Radar,33,27,13,0,73,0,3,35,0,38,33,30,48,0,111,18,0,18,129
12/30/2017,HSV,AL,ASO,CE,Combined TRACON& Tower with Radar,25,15,15,6,61,0,0,17,0,17,25,15,32,6,78,0,0,0,78
12/31/2017,HSV,AL,ASO,CE,Combined TRACON& Tower with Radar,19,13,11,0,43,0,0,16,0,16,19,13,27,0,59,0,0,0,59
01/01/2018,HSV,AL,ASO,CE,Combined TRACON& Tower with Radar,19,19,14,0,52,0,0,7,0,7,19,19,21,0,59,12,0,12,71
01/02/2018,HSV,AL,ASO,CE,Combined TRACON& Tower with Radar,32,16,20,6,74,0,3,8,0,11,32,19,28,6,85,4,14,18,103
01/03/2018,HSV,AL,ASO,CE,Combined TRACON& Tower with Radar,30,23,7,24,84,0,1,10,5,16,30,24,17,29,100,0,0,0,100
01/04/2018,HSV,AL,ASO,CE,Combined TRACON& Tower with Radar,40,23,9,23,95,0,1,9,8,18,40,24,18,31,113,8,56,64,177
01/05/2018,HSV,AL,ASO,CE,Combined TRACON& Tower with Radar,32,22,12,25,91,0,0,6,8,14,32,22,18,33,105,0,102,102,207
01/06/2018,HSV,AL,ASO,CE,Combined TRACON& Tower with Radar,21,20,12,15,68,0,0,36,1,37,21,20,48,16,105,0,0,0,105
01/07/2018,HSV,AL,ASO,CE,Combined TRACON& Tower with Radar,29,17,10,0,56,0,0,19,0,19,29,17,29,0,75,6,0,6,81
01/08/2018,HSV,AL,ASO,CE,Combined TRACON& Tower with Radar,32,22,3,38,95,0,0,0,0,0,32,22,3,38,95,0,0,0,95
01/09/2018,HSV,AL,ASO,CE,Combined TRACON& Tower with Radar,35,28,18,104,185,0,0,3,8,11,35,28,21,112,196,8,66,74,270
01/10/2018,HSV,AL,ASO,CE,Combined TRACON& Tower with Radar,35,24,17,127,203,0,0,1,2,3,35,24,18,129,206,0,0,0,206
01/11/2018,HSV,AL,ASO,CE,Combined TRACON& Tower with Radar,35,32,11,91,169,0,0,1,10,11,35,32,12,101,180,2,16,18,198
01/12/2018,HSV,AL,ASO,CE,Combined TRACON& Tower with Radar,34,20,7,8,69,0,0,0,0,0,34,20,7,8,69,0,0,0,69
01/13/2018,HSV,AL,ASO,CE,Combined TRACON& Tower with Radar,21,22,4,2,49,0,0,6,0,6,21,22,10,2,55,0,0,0,55
01/14/2018,HSV,AL,ASO,CE,Combined TRACON& Tower with Radar,27,24,12,0,63,0,0,24,1,25,27,24,36,1,88,14,0,14,102
01/15/2018,HSV,AL,ASO,CE,Combined TRACON& Tower with Radar,32,23,26,6,87,0,0,26,0,26,32,23,52,6,113,8,0,8,121
01/16/2018,HSV,AL,ASO,CE,Combined TRACON& Tower with Radar,27,19,8,4,58,0,0,0,0,0,27,19,8,4,58,0,0,0,58
01/17/2018,HSV,AL,ASO,CE,Combined TRACON& Tower with Radar,25,24,5,2,56,0,0,4,0,4,25,24,9,2,60,0,0,0,60
01/18/2018,HSV,AL,ASO,CE,Combined TRACON& Tower with Radar,33,28,17,22,100,0,0,22,2,24,33,28,39,24,124,20,16,36,160
01/19/2018,HSV,AL,ASO,CE,Combined TRACON& Tower with Radar,35,25,27,55,142,0,0,31,7,38,35,25,58,62,180,18,130,148,328
01/20/2018,HSV,AL,ASO,CE,Combined TRACON& Tower with Radar,21,17,18,13,69,0,0,35,2,37,21,17,53,15,106,0,0,0,106
01/21/2018,HSV,AL,ASO,CE,Combined TRACON& Tower with Radar,28,21,30,20,99,0,0,28,0,28,28,21,58,20,127,0,0,0,127
01/22/2018,HSV,AL,ASO,CE,Combined TRACON& Tower with Radar,33,26,6,5,70,0,0,2,2,4,33,26,8,7,74,0,0,0,74
01/23/2018,HSV,AL,ASO,CE,Combined TRACON& Tower with Radar,31,24,19,41,115,0,0,8,13,21,31,24,27,54,136,8,106,114,250
01/24/2018,HSV,AL,ASO,CE,Combined TRACON& Tower with Radar,36,23,23,42,124,0,0,15,15,30,36,23,38,57,154,0,0,0,154
01/25/2018,HSV,AL,ASO,CE,Combined TRACON& Tower with Radar,35,34,28,30,127,0,2,35,11,48,35,36,63,41,175,18,80,98,273
01/26/2018,HSV,AL,ASO,CE,Combined TRACON& Tower with Radar,35,30,27,24,116,0,0,26,6,32,35,30,53,30,148,6,30,36,184
01/27/2018,HSV,AL,ASO,CE,Combined TRACON& Tower with Radar,22,16,14,3,55,0,0,4,0,4,22,16,18,3,59,22,30,52,111
01/28/2018,HSV,AL,ASO,CE,Combined TRACON& Tower with Radar,32,21,29,1,83,0,0,0,0,0,32,21,29,1,83,0,0,0,83
01/29/2018,HSV,AL,ASO,CE,Combined TRACON& Tower with Radar,31,24,24,38,117,0,0,21,7,28,31,24,45,45,145,28,132,160,305
01/30/2018,HSV,AL,ASO,CE,Combined TRACON& Tower with Radar,32,26,19,66,143,0,0,28,10,38,32,26,47,76,181,34,84,118,299
01/31/2018,HSV,AL,ASO,CE,Combined TRACON& Tower with Radar,33,24,15,27,99,0,0,20,7,27,33,24,35,34,126,0,0,0,126
02/01/2018,HSV,AL,ASO,CE,Combined TRACON& Tower with Radar,35,23,14,35,107,0,0,1,1,2,35,23,15,36,109,16,10,26,135
02/02/2018,HSV,AL,ASO,CE,Combined TRACON& Tower with Radar,37,26,20,22,105,0,0,32,4,36,37,26,52,26,141,10,16,26,167
02/03/2018,HSV,AL,ASO,CE,Combined TRACON& Tower with Radar,23,17,9,0,49,0,0,93,1,94,23,17,102,1,143,0,0,0,143
02/04/2018,HSV,AL,ASO,CE,Combined TRACON& Tower with Radar,25,20,13,5,63,0,0,2,0,2,25,20,15,5,65,0,0,0,65
02/05/2018,HSV,AL,ASO,CE,Combined TRACON& Tower with Radar,35,23,20,35,113,0,2,14,10,26,35,25,34,45,139,12,102,114,253
02/06/2018,HSV,AL,ASO,CE,Combined TRACON& Tower with Radar,31,23,24,27,105,0,0,0,2,2,31,23,24,29,107,0,0,0,107
02/07/2018,HSV,AL,ASO,CE,Combined TRACON& Tower with Radar,41,20,9,17,87,0,0,0,1,1,41,20,9,18,88,0,0,0,88
02/08/2018,HSV,AL,ASO,CE,Combined TRACON& Tower with Radar,35,26,27,28,116,0,1,27,10,38,35,27,54,38,154,8,96,104,258
02/09/2018,HSV,AL,ASO,CE,Combined TRACON& Tower with Radar,35,25,15,19,94,0,0,26,13,39,35,25,41,32,133,0,160,160,293
02/10/2018,HSV,AL,ASO,CE,Combined TRACON& Tower with Radar,21,19,6,0,46,0,0,0,0,0,21,19,6,0,46,0,0,0,46
02/11/2018,HSV,AL,ASO,CE,Combined TRACON& Tower with Radar,28,19,17,2,66,0,2,1,0,3,28,21,18,2,69,0,0,0,69
02/12/2018,HSV,AL,ASO,CE,Combined TRACON& Tower with Radar,33,31,19,29,112,0,1,0,2,3,33,32,19,31,115,4,12,16,131
02/13/2018,HSV,AL,ASO,CE,Combined TRACON& Tower with Radar,35,29,33,64,161,0,0,1,4,5,35,29,34,68,166,0,0,0,166
02/14/2018,HSV,AL,ASO,CE,Combined TRACON& Tower with Radar,35,23,14,34,106,0,0,0,0,0,35,23,14,34,106,0,0,0,106
02/15/2018,HSV,AL,ASO,CE,Combined TRACON& Tower with Radar,34,25,27,40,126,0,0,12,8,20,34,25,39,48,146,0,12,12,158
02/16/2018,HSV,AL,ASO,CE,Combined TRACON& Tower with Radar,39,24,17,16,96,0,0,0,0,0,39,24,17,16,96,0,0,0,96
02/17/2018,HSV,AL,ASO,CE,Combined TRACON& Tower with Radar,21,17,15,0,53,0,0,0,0,0,21,17,15,0,53,0,0,0,53
02/18/2018,HSV,AL,ASO,CE,Combined TRACON& Tower with Radar,22,22,11,0,55,0,0,19,1,20,22,22,30,1,75,0,0,0,75
02/19/2018,HSV,AL,ASO,CE,Combined TRACON& Tower with Radar,36,26,42,5,109,0,0,24,1,25,36,26,66,6,134,10,16,26,160
02/20/2018,HSV,AL,ASO,CE,Combined TRACON& Tower with Radar,36,26,24,60,146,0,0,21,8,29,36,26,45,68,175,0,0,0,175
02/21/2018,HSV,AL,ASO,CE,Combined TRACON& Tower with Radar,35,24,8,65,132,0,0,7,3,10,35,24,15,68,142,0,28,28,170
02/22/2018,HSV,AL,ASO,CE,Combined TRACON& Tower with Radar,35,27,14,16,92,0,0,8,5,13,35,27,22,21,105,0,144,144,249
02/23/2018,HSV,AL,ASO,CE,Combined TRACON& Tower with Radar,35,29,44,32,140,0,0,27,9,36,35,29,71,41,176,8,156,164,340
02/24/2018,HSV,AL,ASO,CE,Combined TRACON& Tower with Radar,21,21,11,4,57,0,0,5,0,5,21,21,16,4,62,0,0,0,62
02/25/2018,HSV,AL,ASO,CE,Combined TRACON& Tower with Radar,29,18,28,0,75,0,0,1,0,1,29,18,29,0,76,0,0,0,76
02/26/2018,HSV,AL,ASO,CE,Combined TRACON& Tower with Radar,34,28,14,81,157,0,1,25,11,37,34,29,39,92,194,20,96,116,310
02/27/2018,HSV,AL,ASO,CE,Combined TRACON& Tower with Radar,36,31,29,62,158,0,2,26,18,46,36,33,55,80,204,30,168,198,402
02/28/2018,HSV,AL,ASO,CE,Combined TRACON& Tower with Radar,35,29,18,3,85,0,0,0,0,0,35,29,18,3,85,0,0,0,85
03/01/2018,HSV,AL,ASO,CE,Combined TRACON& Tower with Radar,34,25,22,74,155,0,0,3,6,9,34,25,25,80,164,0,76,76,240
03/02/2018,HSV,AL,ASO,CE,Combined TRACON& Tower with Radar,39,25,10,63,137,0,0,43,11,54,39,25,53,74,191,0,172,172,363
03/03/2018,HSV,AL,ASO,CE,Combined TRACON& Tower with Radar,21,20,18,4,63,0,0,51,0,51,21,20,69,4,114,10,0,10,124
03/04/2018,HSV,AL,ASO,CE,Combined TRACON& Tower with Radar,28,20,12,22,82,0,0,54,2,56,28,20,66,24,138,2,6,8,146
03/05/2018,HSV,AL,ASO,CE,Combined TRACON& Tower with Radar,36,29,8,31,104,0,0,5,3,8,36,29,13,34,112,0,158,158,270
03/06/2018,HSV,AL,ASO,CE,Combined TRACON& Tower with Radar,37,25,15,19,96,0,0,18,8,26,37,25,33,27,122,0,112,112,234
03/07/2018,HSV,AL,ASO,CE,Combined TRACON& Tower with Radar,37,29,14,55,135,0,0,15,7,22,37,29,29,62,157,10,128,138,295
03/08/2018,HSV,AL,ASO,CE,Combined TRACON& Tower with Radar,36,31,15,31,113,0,0,26,11,37,36,31,41,42,150,0,54,54,204
03/09/2018,HSV,AL,ASO,CE,Combined TRACON& Tower with Radar,37,27,21,30,115,0,6,45,6,57,37,33,66,36,172,0,92,92,264
03/10/2018,HSV,AL,ASO,CE,Combined TRACON& Tower with Radar,23,20,9,2,54,0,0,3,0,3,23,20,12,2,57,0,0,0,57
03/11/2018,HSV,AL,ASO,CE,Combined TRACON& Tower with Radar,28,21,13,6,68,0,0,2,0,2,28,21,15,6,70,28,0,28,98
03/12/2018,HSV,AL,ASO,CE,Combined TRACON& Tower with Radar,39,27,11,29,106,0,0,7,2,9,39,27,18,31,115,0,30,30,145
03/13/2018,HSV,AL,ASO,CE,Combined TRACON& Tower with Radar,37,28,22,28,115,0,0,21,3,24,37,28,43,31,139,18,14,32,171
03/14/2018,HSV,AL,ASO,CE,Combined TRACON& Tower with Radar,38,22,22,46,128,0,1,63,6,70,38,23,85,52,198,18,152,170,368
03/15/2018,HSV,AL,ASO,CE,Combined TRACON& Tower with Radar,37,31,21,20,109,0,2,31,4,37,37,33,52,24,146,12,52,64,210
03/16/2018,HSV,AL,ASO,CE,Combined TRACON& Tower with Radar,36,25,23,45,129,0,0,20,11,31,36,25,43,56,160,24,88,112,272
03/17/2018,HSV,AL,ASO,CE,Combined TRACON& Tower with Radar,24,26,14,3,67,0,0,4,0,4,24,26,18,3,71,2,0,2,73
03/18/2018,HSV,AL,ASO,CE,Combined TRACON& Tower with Radar,29,22,16,14,81,0,0,18,0,18,29,22,34,14,99,0,0,0,99
03/19/2018,HSV,AL,ASO,CE,Combined TRACON& Tower with Radar,36,28,18,16,98,0,0,0,2,2,36,28,18,18,100,6,0,6,106
03/20/2018,HSV,AL,ASO,CE,Combined TRACON& Tower with Radar,36,27,16,14,93,0,0,2,5,7,36,27,18,19,100,0,4,4,104
03/21/2018,HSV,AL,ASO,CE,Combined TRACON& Tower with Radar,37,28,15,50,130,0,0,14,13,27,37,28,29,63,157,0,0,0,157
03/22/2018,HSV,AL,ASO,CE,Combined TRACON& Tower with Radar,36,29,29,44,138,0,0,30,3,33,36,29,59,47,171,10,76,86,257
03/23/2018,HSV,AL,ASO,CE,Combined TRACON& Tower with Radar,36,26,21,22,105,0,0,22,9,31,36,26,43,31,136,24,68,92,228
03/24/2018,HSV,AL,ASO,CE,Combined TRACON& Tower with Radar,23,24,20,2,69,0,0,3,0,3,23,24,23,2,72,0,0,0,72
03/25/2018,HSV,AL,ASO,CE,Combined TRACON& Tower with Radar,29,21,26,28,104,0,0,5,0,5,29,21,31,28,109,0,0,0,109
03/26/2018,HSV,AL,ASO,CE,Combined TRACON& Tower with Radar,38,25,29,19,111,0,1,3,8,12,38,26,32,27,123,18,106,124,247
03/27/2018,HSV,AL,ASO,CE,Combined TRACON& Tower with Radar,34,30,21,27,112,0,0,9,3,12,34,30,30,30,124,14,10,24,148
03/28/2018,HSV,AL,ASO,CE,Combined TRACON& Tower with Radar,40,28,31,65,164,0,0,4,6,10,40,28,35,71,174,0,0,0,174
03/29/2018,HSV,AL,ASO,CE,Combined TRACON& Tower with Radar,38,27,15,21,101,0,0,0,0,0,38,27,15,21,101,0,0,0,101
03/30/2018,HSV,AL,ASO,CE,Combined TRACON& Tower with Radar,40,25,35,27,127,0,1,21,6,28,40,26,56,33,155,12,62,74,229
03/31/2018,HSV,AL,ASO,CE,Combined TRACON& Tower with Radar,22,19,20,0,61,0,0,44,0,44,22,19,64,0,105,18,6,24,129
04/01/2018,HSV,AL,ASO,CE,Combined TRACON& Tower with Radar,29,18,16,0,63,0,0,20,0,20,29,18,36,0,83,0,0,0,83
04/02/2018,HSV,AL,ASO,CE,Combined TRACON& Tower with Radar,34,25,23,28,110,0,0,21,18,39,34,25,44,46,149,32,92,124,273
04/03/2018,HSV,AL,ASO,CE,Combined TRACON& Tower with Radar,37,22,22,17,98,0,1,1,7,9,37,23,23,24,107,0,0,0,107
04/04/2018,HSV,AL,ASO,CE,Combined TRACON& Tower with Radar,35,21,24,43,123,0,2,11,11,24,35,23,35,54,147,0,0,0,147
04/05/2018,HSV,AL,ASO,CE,Combined TRACON& Tower with Radar,36,29,29,44,138,0,1,45,7,53,36,30,74,51,191,12,152,164,355
04/06/2018,HSV,AL,ASO,CE,Combined TRACON& Tower with Radar,37,23,26,20,106,0,0,1,5,6,37,23,27,25,112,0,46,46,158
04/07/2018,HSV,AL,ASO,CE,Combined TRACON& Tower with Radar,28,17,4,2,51,0,0,1,0,1,28,17,5,2,52,4,0,4,56
04/08/2018,HSV,AL,ASO,CE,Combined TRACON& Tower with Radar,35,19,20,4,78,0,0,29,2,31,35,19,49,6,109,0,4,4,113
04/09/2018,HSV,AL,ASO,CE,Combined TRACON& Tower with Radar,41,22,20,111,194,0,0,30,9,39,41,22,50,120,233,6,114,120,353
04/10/2018,HSV,AL,ASO,CE,Combined TRACON& Tower with Radar,38,27,23,84,172,0,0,24,11,35,38,27,47,95,207,14,72,86,293
04/11/2018,HSV,AL,ASO,CE,Combined TRACON& Tower with Radar,38,31,26,69,164,0,0,31,4,35,38,31,57,73,199,2,30,32,231
04/12/2018,HSV,AL,ASO,CE,Combined TRACON& Tower with Radar,40,31,16,48,135,0,0,15,6,21,40,31,31,54,156,10,100,110,266
04/13/2018,HSV,AL,ASO,CE,Combined TRACON& Tower with Radar,37,29,30,62,158,0,2,26,13,41,37,31,56,75,199,34,88,122,321
04/14/2018,HSV,AL,ASO,CE,Combined TRACON& Tower with Radar,26,14,0,2,42,0,0,0,0,0,26,14,0,2,42,0,0,0,42
04/15/2018,HSV,AL,ASO,CE,Combined TRACON& Tower with Radar,36,19,8,6,69,0,0,2,1,3,36,19,10,7,72,0,0,0,72
04/16/2018,HSV,AL,ASO,CE,Combined TRACON& Tower with Radar,38,33,12,21,104,0,1,5,9,15,38,34,17,30,119,8,12,20,139
04/17/2018,HSV,AL,ASO,CE,Combined TRACON& Tower with Radar,40,22,14,32,108,0,0,21,8,29,40,22,35,40,137,20,38,58,195
04/18/2018,HSV,AL,ASO,CE,Combined TRACON& Tower with Radar,37,24,24,21,106,0,0,10,5,15,37,24,34,26,121,0,0,0,121
04/19/2018,HSV,AL,ASO,CE,Combined TRACON& Tower with Radar,37,29,27,38,131,0,0,15,4,19,37,29,42,42,150,10,18,28,178
04/20/2018,HSV,AL,ASO,CE,Combined TRACON& Tower with Radar,36,26,31,44,137,0,0,36,15,51,36,26,67,59,188,4,36,40,228
04/21/2018,HSV,AL,ASO,CE,Combined TRACON& Tower with Radar,28,14,20,2,64,0,0,26,8,34,28,14,46,10,98,0,0,0,98
04/22/2018,HSV,AL,ASO,CE,Combined TRACON& Tower with Radar,38,17,10,0,65,0,0,0,0,0,38,17,10,0,65,0,0,0,65
04/23/2018,HSV,AL,ASO,CE,Combined TRACON& Tower with Radar,45,23,22,12,102,0,0,2,2,4,45,23,24,14,106,0,28,28,134
04/24/2018,HSV,AL,ASO,CE,Combined TRACON& Tower with Radar,42,25,33,37,137,0,0,2,3,5,42,25,35,40,142,0,4,4,146
04/25/2018,HSV,AL,ASO,CE,Combined TRACON& Tower with Radar,38,26,12,25,101,0,0,14,6,20,38,26,26,31,121,0,0,0,121
04/26/2018,HSV,AL,ASO,CE,Combined TRACON& Tower with Radar,37,32,16,26,111,0,0,0,0,0,37,32,16,26,111,0,0,0,111
04/27/2018,HSV,AL,ASO,CE,Combined TRACON& Tower with Radar,41,30,27,41,139,0,1,14,5,20,41,31,41,46,159,0,26,26,185
04/28/2018,HSV,AL,ASO,CE,Combined TRACON& Tower with Radar,37,14,3,7,61,0,0,35,4,39,37,14,38,11,100,32,0,32,132
04/29/2018,HSV,AL,ASO,CE,Combined TRACON& Tower with Radar,54,20,17,25,116,0,0,37,3,40,54,20,54,28,156,0,0,0,156
04/30/2018,HSV,AL,ASO,CE,Combined TRACON& Tower with Radar,40,27,17,24,108,0,0,19,6,25,40,27,36,30,133,2,16,18,151
05/01/2018,HSV,AL,ASO,CE,Combined TRACON& Tower with Radar,42,26,26,40,134,0,0,30,4,34,42,26,56,44,168,28,142,170,338
05/02/2018,HSV,AL,ASO,CE,Combined TRACON& Tower with Radar,38,26,33,42,139,0,0,26,13,39,38,26,59,55,178,0,0,0,178
05/03/2018,HSV,AL,ASO,CE,Combined TRACON& Tower with Radar,46,30,26,55,157,0,0,33,11,44,46,30,59,66,201,6,68,74,275
05/04/2018,HSV,AL,ASO,CE,Combined TRACON& Tower with Radar,35,28,17,88,168,0,0,48,11,59,35,28,65,99,227,2,188,190,417
05/05/2018,HSV,AL,ASO,CE,Combined TRACON& Tower with Radar,26,22,4,0,52,0,0,0,0,0,26,22,4,0,52,0,0,0,52
05/06/2018,HSV,AL,ASO,CE,Combined TRACON& Tower with Radar,31,28,24,3,86,0,0,27,0,27,31,28,51,3,113,24,0,24,137
05/07/2018,HSV,AL,ASO,CE,Combined TRACON& Tower with Radar,38,29,11,67,145,0,0,13,1,14,38,29,24,68,159,2,67,69,228
05/08/2018,HSV,AL,ASO,CE,Combined TRACON& Tower with Radar,39,27,16,69,151,0,0,26,7,33,39,27,42,76,184,8,122,130,314
05/09/2018,HSV,AL,ASO,CE,Combined TRACON& Tower with Radar,37,27,28,41,133,0,0,25,7,32,37,27,53,48,165,0,0,0,165
05/10/2018,HSV,AL,ASO,CE,Combined TRACON& Tower with Radar,35,28,22,26,111,0,0,22,5,27,35,28,44,31,138,0,22,22,160
05/11/2018,HSV,AL,ASO,CE,Combined TRACON& Tower with Radar,39,25,9,22,95,0,0,28,5,33,39,25,37,27,128,30,12,42,170
05/12/2018,HSV,AL,ASO,CE,Combined TRACON& Tower with Radar,26,16,12,0,54,0,0,33,2,35,26,16,45,2,89,0,6,6,95
05/13/2018,HSV,AL,ASO,CE,Combined TRACON& Tower with Radar,29,23,18,9,79,0,2,33,7,42,29,25,51,16,121,0,0,0,121
05/14/2018,HSV,AL,ASO,CE,Combined TRACON& Tower with Radar,37,26,35,17,115,0,0,28,10,38,37,26,63,27,153,26,34,60,213
05/15/2018,HSV,AL,ASO,CE,Combined TRACON& Tower with Radar,39,25,12,37,113,0,0,16,5,21,39,25,28,42,134,10,50,60,194
05/16/2018,HSV,AL,ASO,CE,Combined TRACON& Tower with Radar,37,27,17,11,92,0,0,12,9,21,37,27,29,20,113,0,6,6,119
05/17/2018,HSV,AL,ASO,CE,Combined TRACON& Tower with Radar,39,31,19,23,112,0,0,6,8,14,39,31,25,31,126,12,20,32,158
05/18/2018,HSV,AL,ASO,CE,Combined TRACON& Tower with Radar,36,32,22,22,112,0,0,4,2,6,36,32,26,24,118,4,0,4,122
05/19/2018,HSV,AL,ASO,CE,Combined TRACON& Tower with Radar,26,15,9,11,61,0,0,17,4,21,26,15,26,15,82,0,10,10,92
05/20/2018,HSV,AL,ASO,CE,Combined TRACON& Tower with Radar,32,26,17,7,82,0,0,24,4,28,32,26,41,11,110,14,0,14,124
05/21/2018,HSV,AL,ASO,CE,Combined TRACON& Tower with Radar,38,30,23,72,163,0,0,12,17,29,38,30,35,89,192,4,88,92,284
05/22/2018,HSV,AL,ASO,CE,Combined TRACON& Tower with Radar,39,32,18,33,122,0,0,6,3,9,39,32,24,36,131,4,48,52,183
05/23/2018,HSV,AL,ASO,CE,Combined TRACON& Tower with Radar,37,28,27,40,132,0,0,24,7,31,37,28,51,47,163,0,0,0,163
05/24/2018,HSV,AL,ASO,CE,Combined TRACON& Tower with Radar,34,33,15,65,147,0,0,30,18,48,34,33,45,83,195,6,136,142,337
05/25/2018,HSV,AL,ASO,CE,Combined TRACON& Tower with Radar,37,30,26,1,94,0,1,15,6,22,37,31,41,7,116,12,0,12,128
05/26/2018,HSV,AL,ASO,CE,Combined TRACON& Tower with Radar,25,20,24,0,69,0,0,8,0,8,25,20,32,0,77,24,0,24,101
05/27/2018,HSV,AL,ASO,CE,Combined TRACON& Tower with Radar,27,26,20,0,73,0,0,20,0,20,27,26,40,0,93,0,0,0,93
05/28/2018,HSV,AL,ASO,CE,Combined TRACON& Tower with Radar,32,26,11,2,71,0,0,4,0,4,32,26,15,2,75,0,0,0,75
05/29/2018,HSV,AL,ASO,CE,Combined TRACON& Tower with Radar,39,27,12,0,78,0,0,0,0,0,39,27,12,0,78,0,0,0,78
05/30/2018,HSV,AL,ASO,CE,Combined TRACON& Tower with Radar,41,28,23,20,112,0,0,5,2,7,41,28,28,22,119,0,0,0,119
05/31/2018,HSV,AL,ASO,CE,Combined TRACON& Tower with Radar,38,28,35,49,150,0,0,22,0,22,38,28,57,49,172,17,14,31,203
06/01/2018,HSV,AL,ASO,CE,Combined TRACON& Tower with Radar,43,25,18,2,88,0,0,19,4,23,43,25,37,6,111,24,0,24,135
06/02/2018,HSV,AL,ASO,CE,Combined TRACON& Tower with Radar,28,15,14,10,67,0,0,40,6,46,28,15,54,16,113,24,14,38,151
06/03/2018,HSV,AL,ASO,CE,Combined TRACON& Tower with Radar,36,21,21,8,86,0,0,22,3,25,36,21,43,11,111,16,0,16,127
06/04/2018,HSV,AL,ASO,CE,Combined TRACON& Tower with Radar,39,28,21,58,146,0,1,39,11,51,39,29,60,69,197,20,90,110,307
06/05/2018,HSV,AL,ASO,CE,Combined TRACON& Tower with Radar,41,28,26,85,180,0,0,29,4,33,41,28,55,89,213,8,70,78,291
06/06/2018,HSV,AL,ASO,CE,Combined TRACON& Tower with Radar,42,27,35,88,192,0,1,37,12,50,42,28,72,100,242,18,104,122,364
06/07/2018,HSV,AL,ASO,CE,Combined TRACON& Tower with Radar,37,30,28,79,174,0,0,44,18,62,37,30,72,97,236,10,96,106,342
06/08/2018,HSV,AL,ASO,CE,Combined TRACON& Tower with Radar,39,34,20,54,147,0,1,37,10,48,39,35,57,64,195,4,122,126,321
06/09/2018,HSV,AL,ASO,CE,Combined TRACON& Tower with Radar,24,30,11,4,69,0,0,28,0,28,24,30,39,4,97,40,6,46,143
06/10/2018,HSV,AL,ASO,CE,Combined TRACON& Tower with Radar,35,27,21,10,93,0,0,19,1,20,35,27,40,11,113,16,0,16,129
06/11/2018,HSV,AL,ASO,CE,Combined TRACON& Tower with Radar,45,29,12,30,116,0,0,7,3,10,45,29,19,33,126,0,117,117,243
06/12/2018,HSV,AL,ASO,CE,Combined TRACON& Tower with Radar,40,32,21,39,132,0,0,8,5,13,40,32,29,44,145,0,0,0,145
06/13/2018,HSV,AL,ASO,CE,Combined TRACON& Tower with Radar,44,36,17,12,109,0,0,2,0,2,44,36,19,12,111,0,0,0,111
06/14/2018,HSV,AL,ASO,CE,Combined TRACON& Tower with Radar,35,32,42,44,153,0,0,24,9,33,35,32,66,53,186,20,66,86,272
06/15/2018,HSV,AL,ASO,CE,Combined TRACON& Tower with Radar,37,36,33,53,159,0,0,29,9,38,37,36,62,62,197,20,100,120,317
06/16/2018,HSV,AL,ASO,CE,Combined TRACON& Tower with Radar,25,32,12,1,70,0,0,40,4,44,25,32,52,5,114,12,0,12,126
06/17/2018,HSV,AL,ASO,CE,Combined TRACON& Tower with Radar,38,30,14,23,105,0,0,7,0,7,38,30,21,23,112,10,6,16,128
06/18/2018,HSV,AL,ASO,CE,Combined TRACON& Tower with Radar,36,32,14,51,133,0,0,16,9,25,36,32,30,60,158,8,48,56,214
06/19/2018,HSV,AL,ASO,CE,Combined TRACON& Tower with Radar,35,30,28,44,137,0,0,26,8,34,35,30,54,52,171,12,58,70,241
06/20/2018,HSV,AL,ASO,CE,Combined TRACON& Tower with Radar,38,26,24,21,109,0,0,17,7,24,38,26,41,28,133,4,84,88,221
06/21/2018,HSV,AL,ASO,CE,Combined TRACON& Tower with Radar,42,32,23,2,99,0,0,10,0,10,42,32,33,2,109,0,0,0,109
06/22/2018,HSV,AL,ASO,CE,Combined TRACON& Tower with Radar,39,31,17,13,100,0,0,3,4,7,39,31,20,17,107,0,0,0,107
06/23/2018,HSV,AL,ASO,CE,Combined TRACON& Tower with Radar,26,26,7,3,62,0,0,2,0,2,26,26,9,3,64,0,0,0,64
06/24/2018,HSV,AL,ASO,CE,Combined TRACON& Tower with Radar,37,26,15,5,83,0,0,22,0,22,37,26,37,5,105,8,0,8,113
06/25/2018,HSV,AL,ASO,CE,Combined TRACON& Tower with Radar,56,32,10,48,146,0,0,20,7,27,56,32,30,55,173,16,16,32,205
06/26/2018,HSV,AL,ASO,CE,Combined TRACON& Tower with Radar,42,31,20,20,113,0,0,34,2,36,42,31,54,22,149,36,54,90,239
06/27/2018,HSV,AL,ASO,CE,Combined TRACON& Tower with Radar,43,35,42,14,134,0,0,18,3,21,43,35,60,17,155,36,30,66,221
06/28/2018,HSV,AL,ASO,CE,Combined TRACON& Tower with Radar,47,28,21,14,110,0,1,5,7,13,47,29,26,21,123,2,22,24,147
06/29/2018,HSV,AL,ASO,CE,Combined TRACON& Tower with Radar,39,31,37,33,140,0,1,26,15,42,39,32,63,48,182,16,130,146,328
06/30/2018,HSV,AL,ASO,CE,Combined TRACON& Tower with Radar,26,30,13,0,69,0,0,26,0,26,26,30,39,0,95,0,0,0,95
07/01/2018,HSV,AL,ASO,CE,Combined TRACON& Tower with Radar,30,26,20,20,96,0,0,25,2,27,30,26,45,22,123,24,14,38,161
07/02/2018,HSV,AL,ASO,CE,Combined TRACON& Tower with Radar,32,20,6,11,69,0,0,6,2,8,32,20,12,13,77,10,22,32,109
07/03/2018,HSV,AL,ASO,CE,Combined TRACON& Tower with Radar,30,18,29,62,139,0,0,24,9,33,30,18,53,71,172,36,106,142,314
07/04/2018,HSV,AL,ASO,CE,Combined TRACON& Tower with Radar,25,16,5,0,46,0,0,18,0,18,25,16,23,0,64,4,0,4,68
07/05/2018,HSV,AL,ASO,CE,Combined TRACON& Tower with Radar,32,23,9,10,74,0,0,25,2,27,32,23,34,12,101,60,8,68,169
07/06/2018,HSV,AL,ASO,CE,Combined TRACON& Tower with Radar,37,23,13,33,106,0,1,33,7,41,37,24,46,40,147,6,84,90,237
07/07/2018,HSV,AL,ASO,CE,Combined TRACON& Tower with Radar,25,26,12,0,63,0,0,28,1,29,25,26,40,1,92,22,0,22,114
07/08/2018,HSV,AL,ASO,CE,Combined TRACON& Tower with Radar,34,30,15,14,93,0,0,15,1,16,34,30,30,15,109,2,0,2,111
07/09/2018,HSV,AL,ASO,CE,Combined TRACON& Tower with Radar,38,35,15,47,135,0,0,29,7,36,38,35,44,54,171,16,110,126,297
07/10/2018,HSV,AL,ASO,CE,Combined TRACON& Tower with Radar,36,34,13,59,142,0,0,21,1,22,36,34,34,60,164,18,56,74,238
07/11/2018,HSV,AL,ASO,CE,Combined TRACON& Tower with Radar,40,34,21,57,152,0,0,16,11,27,40,34,37,68,179,0,72,72,251
07/12/2018,HSV,AL,ASO,CE,Combined TRACON& Tower with Radar,36,32,15,21,104,0,0,13,9,22,36,32,28,30,126,0,48,48,174
07/13/2018,HSV,AL,ASO,CE,Combined TRACON& Tower with Radar,38,32,17,16,103,0,0,23,9,32,38,32,40,25,135,22,46,68,203
07/14/2018,HSV,AL,ASO,CE,Combined TRACON& Tower with Radar,30,26,16,0,72,0,0,18,0,18,30,26,34,0,90,12,0,12,102
07/15/2018,HSV,AL,ASO,CE,Combined TRACON& Tower with Radar,36,29,16,0,81,0,0,7,2,9,36,29,23,2,90,8,0,8,98
07/16/2018,HSV,AL,ASO,CE,Combined TRACON& Tower with Radar,46,32,15,49,142,0,0,18,3,21,46,32,33,52,163,12,60,72,235
07/17/2018,HSV,AL,ASO,CE,Combined TRACON& Tower with Radar,39,37,18,18,112,0,0,8,3,11,39,37,26,21,123,8,18,26,149
07/18/2018,HSV,AL,ASO,CE,Combined TRACON& Tower with Radar,41,39,23,78,181,0,0,39,5,44,41,39,62,83,225,22,132,154,379
07/19/2018,HSV,AL,ASO,CE,Combined TRACON& Tower with Radar,40,32,28,76,176,0,0,24,5,29,40,32,52,81,205,16,94,110,315
07/20/2018,HSV,AL,ASO,CE,Combined TRACON& Tower with Radar,41,35,33,27,136,0,0,36,2,38,41,35,69,29,174,0,18,18,192
07/21/2018,HSV,AL,ASO,CE,Combined TRACON& Tower with Radar,29,26,13,1,69,0,0,10,0,10,29,26,23,1,79,6,0,6,85
07/22/2018,HSV,AL,ASO,CE,Combined TRACON& Tower with Radar,44,28,14,3,89,0,0,23,3,26,44,28,37,6,115,0,0,0,115
07/23/2018,HSV,AL,ASO,CE,Combined TRACON& Tower with Radar,37,29,25,28,119,0,0,10,4,14,37,29,35,32,133,22,12,34,167
07/24/2018,HSV,AL,ASO,CE,Combined TRACON& Tower with Radar,43,29,21,63,156,0,0,22,18,40,43,29,43,81,196,6,56,62,258
07/25/2018,HSV,AL,ASO,CE,Combined TRACON& Tower with Radar,40,39,15,49,143,0,0,20,11,31,40,39,35,60,174,0,76,76,250
07/26/2018,HSV,AL,ASO,CE,Combined TRACON& Tower with Radar,40,32,26,40,138,0,0,27,12,39,40,32,53,52,177,4,70,74,251
07/27/2018,HSV,AL,ASO,CE,Combined TRACON& Tower with Radar,44,30,24,83,181,0,0,30,9,39,44,30,54,92,220,16,112,128,348
07/28/2018,HSV,AL,ASO,CE,Combined TRACON& Tower with Radar,26,23,12,15,76,0,0,34,0,34,26,23,46,15,110,0,18,18,128
07/29/2018,HSV,AL,ASO,CE,Combined TRACON& Tower with Radar,33,30,19,29,111,0,2,32,4,38,33,32,51,33,149,32,4,36,185
07/30/2018,HSV,AL,ASO,CE,Combined TRACON& Tower with Radar,41,31,9,37,118,0,0,11,14,25,41,31,20,51,143,0,108,108,251
07/31/2018,HSV,AL,ASO,CE,Combined TRACON& Tower with Radar,53,33,32,73,191,0,0,14,9,23,53,33,46,82,214,0,66,66,280
08/01/2018,HSV,AL,ASO,CE,Combined TRACON& Tower with Radar,39,31,18,2,90,0,0,19,6,25,39,31,37,8,115,10,16,26,141
08/02/2018,HSV,AL,ASO,CE,Combined TRACON& Tower with Radar,39,35,13,36,123,0,0,25,2,27,39,35,38,38,150,16,18,34,184
08/03/2018,HSV,AL,ASO,CE,Combined TRACON& Tower with Radar,40,33,5,64,142,0,0,25,3,28,40,33,30,67,170,10,96,106,276
08/04/2018,HSV,AL,ASO,CE,Combined TRACON& Tower with Radar,27,26,9,2,64,0,0,27,0,27,27,26,36,2,91,0,2,2,93
08/05/2018,HSV,AL,ASO,CE,Combined TRACON& Tower with Radar,43,33,16,0,92,0,0,24,4,28,43,33,40,4,120,4,0,4,124
08/06/2018,HSV,AL,ASO,CE,Combined TRACON& Tower with Radar,41,31,15,16,103,0,0,13,5,18,41,31,28,21,121,4,52,56,177
08/07/2018,HSV,AL,ASO,CE,Combined TRACON& Tower with Radar,37,30,14,26,107,0,0,22,4,26,37,30,36,30,133,0,58,58,191
08/08/2018,HSV,AL,ASO,CE,Combined TRACON& Tower with Radar,45,29,17,28,119,0,0,19,6,25,45,29,36,34,144,0,26,26,170
08/09/2018,HSV,AL,ASO,CE,Combined TRACON& Tower with Radar,41,33,22,11,107,0,0,17,14,31,41,33,39,25,138,6,80,86,224
08/10/2018,HSV,AL,ASO,CE,Combined TRACON& Tower with Radar,38,30,34,58,160,0,1,10,16,27,38,31,44,74,187,4,74,78,265
08/11/2018,HSV,AL,ASO,CE,Combined TRACON& Tower with Radar,25,33,10,0,68,0,0,21,0,21,25,33,31,0,89,14,0,14,103
08/12/2018,HSV,AL,ASO,CE,Combined TRACON& Tower with Radar,32,31,18,13,94,0,0,26,8,34,32,31,44,21,128,8,0,8,136
08/13/2018,HSV,AL,ASO,CE,Combined TRACON& Tower with Radar,40,32,8,36,116,0,0,13,5,18,40,32,21,41,134,0,128,128,262
08/14/2018,HSV,AL,ASO,CE,Combined TRACON& Tower with Radar,42,33,18,37,130,0,0,13,8,21,42,33,31,45,151,16,150,166,317
08/15/2018,HSV,AL,ASO,CE,Combined TRACON& Tower with Radar,40,30,21,33,124,0,0,20,8,28,40,30,41,41,152,28,108,136,288
08/16/2018,HSV,AL,ASO,CE,Combined TRACON& Tower with Radar,40,30,12,34,116,0,0,17,10,27,40,30,29,44,143,2,68,70,213
08/17/2018,HSV,AL,ASO,CE,Combined TRACON& Tower with Radar,40,33,21,38,132,0,0,1,6,7,40,33,22,44,139,0,40,40,179
08/18/2018,HSV,AL,ASO,CE,Combined TRACON& Tower with Radar,32,26,14,37,109,0,0,8,0,8,32,26,22,37,117,20,8,28,145
08/19/2018,HSV,AL,ASO,CE,Combined TRACON& Tower with Radar,38,28,18,15,99,0,0,12,3,15,38,28,30,18,114,0,0,0,114
08/20/2018,HSV,AL,ASO,CE,Combined TRACON& Tower with Radar,43,32,21,28,124,0,0,1,2,3,43,32,22,30,127,0,4,4,131
08/21/2018,HSV,AL,ASO,CE,Combined TRACON& Tower with Radar,36,31,18,29,114,0,0,11,10,21,36,31,29,39,135,10,134,144,279
08/22/2018,HSV,AL,ASO,CE,Combined TRACON& Tower with Radar,36,34,21,47,138,0,0,26,11,37,36,34,47,58,175,12,128,140,315
08/23/2018,HSV,AL,ASO,CE,Combined TRACON& Tower with Radar,39,33,33,62,167,0,0,31,17,48,39,33,64,79,215,0,160,160,375
08/24/2018,HSV,AL,ASO,CE,Combined TRACON& Tower with Radar,37,33,25,44,139,0,1,44,10,55,37,34,69,54,194,20,144,164,358
08/25/2018,HSV,AL,ASO,CE,Combined TRACON& Tower with Radar,21,27,21,1,70,0,0,27,1,28,21,27,48,2,98,12,6,18,116
08/26/2018,HSV,AL,ASO,CE,Combined TRACON& Tower with Radar,33,27,12,15,87,0,3,42,5,50,33,30,54,20,137,4,0,4,141
08/27/2018,HSV,AL,ASO,CE,Combined TRACON& Tower with Radar,37,35,29,48,149,0,0,17,14,31,37,35,46,62,180,0,114,114,294
08/28/2018,HSV,AL,ASO,CE,Combined TRACON& Tower with Radar,37,35,19,34,125,0,0,10,8,18,37,35,29,42,143,14,118,132,275
08/29/2018,HSV,AL,ASO,CE,Combined TRACON& Tower with Radar,37,41,24,48,150,0,0,23,8,31,37,41,47,56,181,8,92,100,281
08/30/2018,HSV,AL,ASO,CE,Combined TRACON& Tower with Radar,36,35,32,20,123,0,0,23,6,29,36,35,55,26,152,24,60,84,236
08/31/2018,HSV,AL,ASO,CE,Combined TRACON& Tower with Radar,36,29,27,3,95,0,0,21,0,21,36,29,48,3,116,10,0,10,126
09/01/2018,HSV,AL,ASO,CE,Combined TRACON& Tower with Radar,20,20,12,0,52,0,0,22,0,22,20,20,34,0,74,6,0,6,80
09/02/2018,HSV,AL,ASO,CE,Combined TRACON& Tower with Radar,24,21,11,4,60,0,0,31,0,31,24,21,42,4,91,4,0,4,95
09/03/2018,HSV,AL,ASO,CE,Combined TRACON& Tower with Radar,36,27,12,0,75,0,0,29,0,29,36,27,41,0,104,4,0,4,108
09/04/2018,HSV,AL,ASO,CE,Combined TRACON& Tower with Radar,34,29,26,78,167,0,2,18,10,30,34,31,44,88,197,6,164,170,367
09/05/2018,HSV,AL,ASO,CE,Combined TRACON& Tower with Radar,40,30,22,21,113,0,0,19,8,27,40,30,41,29,140,12,60,72,212
09/06/2018,HSV,AL,ASO,CE,Combined TRACON& Tower with Radar,35,38,17,45,135,0,0,14,5,19,35,38,31,50,154,0,194,194,348
09/07/2018,HSV,AL,ASO,CE,Combined TRACON& Tower with Radar,33,34,31,50,148,0,0,46,6,52,33,34,77,56,200,12,130,142,342
09/08/2018,HSV,AL,ASO,CE,Combined TRACON& Tower with Radar,20,24,9,7,60,0,0,35,0,35,20,24,44,7,95,8,0,8,103
09/09/2018,HSV,AL,ASO,CE,Combined TRACON& Tower with Radar,37,31,8,16,92,0,0,12,3,15,37,31,20,19,107,8,0,8,115
09/10/2018,HSV,AL,ASO,CE,Combined TRACON& Tower with Radar,39,32,40,48,159,0,0,1,0,1,39,32,41,48,160,38,2,40,200
09/11/2018,HSV,AL,ASO,CE,Combined TRACON& Tower with Radar,36,32,40,100,208,0,0,11,8,19,36,32,51,108,227,28,74,102,329
09/12/2018,HSV,AL,ASO,CE,Combined TRACON& Tower with Radar,42,33,26,85,186,0,0,34,17,51,42,33,60,102,237,16,202,218,455
09/13/2018,HSV,AL,ASO,CE,Combined TRACON& Tower with Radar,38,39,16,27,120,0,0,13,1,14,38,39,29,28,134,0,38,38,172
09/14/2018,HSV,AL,ASO,CE,Combined TRACON& Tower with Radar,40,36,29,83,188,0,0,48,11,59,40,36,77,94,247,32,88,120,367
09/15/2018,HSV,AL,ASO,CE,Combined TRACON& Tower with Radar,21,25,14,0,60,0,0,37,0,37,21,25,51,0,97,21,0,21,118
09/16/2018,HSV,AL,ASO,CE,Combined TRACON& Tower with Radar,32,36,20,16,104,0,0,46,3,49,32,36,66,19,153,14,4,18,171
09/17/2018,HSV,AL,ASO,CE,Combined TRACON& Tower with Radar,41,38,14,34,127,0,0,14,10,24,41,38,28,44,151,6,102,108,259
09/18/2018,HSV,AL,ASO,CE,Combined TRACON& Tower with Radar,38,39,30,56,163,0,0,18,7,25,38,39,48,63,188,18,30,48,236
09/19/2018,HSV,AL,ASO,CE,Combined TRACON& Tower with Radar,38,52,34,32,156,0,0,17,8,25,38,52,51,40,181,0,0,0,181
09/20/2018,HSV,AL,ASO,CE,Combined TRACON& Tower with Radar,41,55,20,74,190,0,0,24,7,31,41,55,44,81,221,14,8,22,243
09/21/2018,HSV,AL,ASO,CE,Combined TRACON& Tower with Radar,35,56,25,92,208,0,0,22,8,30,35,56,47,100,238,14,96,110,348
09/22/2018,HSV,AL,ASO,CE,Combined TRACON& Tower with Radar,20,43,16,9,88,0,0,18,1,19,20,43,34,10,107,28,8,36,143
09/23/2018,HSV,AL,ASO,CE,Combined TRACON& Tower with Radar,32,36,16,43,127,0,0,9,3,12,32,36,25,46,139,40,4,44,183
09/24/2018,HSV,AL,ASO,CE,Combined TRACON& Tower with Radar,40,35,23,14,112,0,0,1,3,4,40,35,24,17,116,0,10,10,126
09/25/2018,HSV,AL,ASO,CE,Combined TRACON& Tower with Radar,37,31,18,34,120,0,1,2,2,5,37,32,20,36,125,12,32,44,169
09/26/2018,HSV,AL,ASO,CE,Combined TRACON& Tower with Radar,40,33,13,18,104,0,0,0,0,0,40,33,13,18,104,0,0,0,104
09/27/2018,HSV,AL,ASO,CE,Combined TRACON& Tower with Radar,38,37,30,14,119,0,0,0,0,0,38,37,30,14,119,4,0,4,123
09/28/2018,HSV,AL,ASO,CE,Combined TRACON& Tower with Radar,38,37,30,29,134,0,0,15,6,21,38,37,45,35,155,12,8,20,175
09/29/2018,HSV,AL,ASO,CE,Combined TRACON& Tower with Radar,23,24,23,1,71,0,0,39,0,39,23,24,62,1,110,0,0,0,110
09/30/2018,HSV,AL,ASO,CE,Combined TRACON& Tower with Radar,34,34,18,11,97,0,0,27,5,32,34,34,45,16,129,32,10,42,171
10/01/2018,HSV,AL,ASO,CE,Combined TRACON& Tower with Radar,39,36,8,39,122,0,0,11,4,15,39,36,19,43,137,16,66,82,219
10/02/2018,HSV,AL,ASO,CE,Combined TRACON& Tower with Radar,37,40,28,25,130,0,0,13,7,20,37,40,41,32,150,0,146,146,296
10/03/2018,HSV,AL,ASO,CE,Combined TRACON& Tower with Radar,39,33,15,63,150,0,2,30,16,48,39,35,45,79,198,30,116,146,344
10/04/2018,HSV,AL,ASO,CE,Combined TRACON& Tower with Radar,37,38,19,67,161,0,0,34,10,44,37,38,53,77,205,48,184,232,437
10/05/2018,HSV,AL,ASO,CE,Combined TRACON& Tower with Radar,43,39,27,16,125,0,0,34,4,38,43,39,61,20,163,4,118,122,285
10/06/2018,HSV,AL,ASO,CE,Combined TRACON& Tower with Radar,23,22,14,3,62,0,0,32,1,33,23,22,46,4,95,6,0,6,101
10/07/2018,HSV,AL,ASO,CE,Combined TRACON& Tower with Radar,37,33,17,1,88,0,0,38,0,38,37,33,55,1,126,24,0,24,150
10/08/2018,HSV,AL,ASO,CE,Combined TRACON& Tower with Radar,49,41,18,2,110,0,0,32,3,35,49,41,50,5,145,20,0,20,165
10/09/2018,HSV,AL,ASO,CE,Combined TRACON& Tower with Radar,30,44,17,56,147,0,0,12,7,19,30,44,29,63,166,14,156,170,336
10/10/2018,HSV,AL,ASO,CE,Combined TRACON& Tower with Radar,34,48,29,35,146,0,0,8,3,11,34,48,37,38,157,12,116,128,285
10/11/2018,HSV,AL,ASO,CE,Combined TRACON& Tower with Radar,37,40,20,25,122,0,0,14,4,18,37,40,34,29,140,30,56,86,226
10/12/2018,HSV,AL,ASO,CE,Combined TRACON& Tower with Radar,40,60,36,48,184,0,2,35,19,56,40,62,71,67,240,42,122,164,404
10/13/2018,HSV,AL,ASO,CE,Combined TRACON& Tower with Radar,21,27,17,3,68,0,0,40,3,43,21,27,57,6,111,16,12,28,139
10/14/2018,HSV,AL,ASO,CE,Combined TRACON& Tower with Radar,34,34,23,23,114,0,0,18,5,23,34,34,41,28,137,40,20,60,197
10/15/2018,HSV,AL,ASO,CE,Combined TRACON& Tower with Radar,41,35,20,67,163,0,0,12,5,17,41,35,32,72,180,22,56,78,258
10/16/2018,HSV,AL,ASO,CE,Combined TRACON& Tower with Radar,36,37,32,88,193,0,0,5,2,7,36,37,37,90,200,4,12,16,216
10/17/2018,HSV,AL,ASO,CE,Combined TRACON& Tower with Radar,39,35,26,127,227,0,0,30,21,51,39,35,56,148,278,4,196,200,478
10/18/2018,HSV,AL,ASO,CE,Combined TRACON& Tower with Radar,39,36,38,76,189,0,0,33,11,44,39,36,71,87,233,28,72,100,333
10/19/2018,HSV,AL,ASO,CE,Combined TRACON& Tower with Radar,39,40,17,44,140,0,0,22,5,27,39,40,39,49,167,0,8,8,175
10/20/2018,HSV,AL,ASO,CE,Combined TRACON& Tower with Radar,25,28,24,4,81,0,0,4,0,4,25,28,28,4,85,2,0,2,87
10/21/2018,HSV,AL,ASO,CE,Combined TRACON& Tower with Radar,39,37,18,16,110,0,0,21,1,22,39,37,39,17,132,0,0,0,132
10/22/2018,HSV,AL,ASO,CE,Combined TRACON& Tower with Radar,39,41,28,42,150,0,0,17,3,20,39,41,45,45,170,10,4,14,184
10/23/2018,HSV,AL,ASO,CE,Combined TRACON& Tower with Radar,43,36,24,22,125,0,0,27,2,29,43,36,51,24,154,0,32,32,186
10/24/2018,HSV,AL,ASO,CE,Combined TRACON& Tower with Radar,33,43,38,30,144,0,0,45,7,52,33,43,83,37,196,0,34,34,230
10/25/2018,HSV,AL,ASO,CE,Combined TRACON& Tower with Radar,40,38,27,26,131,0,0,2,5,7,40,38,29,31,138,0,38,38,176
10/26/2018,HSV,AL,ASO,CE,Combined TRACON& Tower with Radar,39,38,32,12,121,0,0,0,0,0,39,38,32,12,121,0,0,0,121
10/27/2018,HSV,AL,ASO,CE,Combined TRACON& Tower with Radar,26,25,16,2,69,0,0,3,0,3,26,25,19,2,72,24,0,24,96
10/28/2018,HSV,AL,ASO,CE,Combined TRACON& Tower with Radar,36,30,7,10,83,0,0,30,3,33,36,30,37,13,116,0,0,0,116
10/29/2018,HSV,AL,ASO,CE,Combined TRACON& Tower with Radar,38,30,34,50,152,0,0,38,7,45,38,30,72,57,197,38,66,104,301
10/30/2018,HSV,AL,ASO,CE,Combined TRACON& Tower with Radar,38,30,22,42,132,0,0,47,0,47,38,30,69,42,179,52,50,102,281
10/31/2018,HSV,AL,ASO,CE,Combined TRACON& Tower with Radar,26,21,32,32,111,0,0,9,2,11,26,21,41,34,122,8,0,8,130
11/01/2018,HSV,AL,ASO,CE,Combined TRACON& Tower with Radar,45,33,21,2,101,0,0,0,0,0,45,33,21,2,101,0,0,0,101
11/02/2018,HSV,AL,ASO,CE,Combined TRACON& Tower with Radar,40,33,36,7,116,0,0,16,17,33,40,33,52,24,149,90,20,110,259
11/03/2018,HSV,AL,ASO,CE,Combined TRACON& Tower with Radar,30,26,13,13,82,0,0,43,8,51,30,26,56,21,133,48,24,72,205
11/04/2018,HSV,AL,ASO,CE,Combined TRACON& Tower with Radar,44,32,12,5,93,0,0,18,12,30,44,32,30,17,123,0,10,10,133
11/05/2018,HSV,AL,ASO,CE,Combined TRACON& Tower with Radar,48,30,15,5,98,0,0,0,4,4,48,30,15,9,102,28,0,28,130
11/06/2018,HSV,AL,ASO,CE,Combined TRACON& Tower with Radar,42,32,19,24,117,0,0,28,6,34,42,32,47,30,151,8,56,64,215
11/07/2018,HSV,AL,ASO,CE,Combined TRACON& Tower with Radar,42,33,29,25,129,0,0,22,4,26,42,33,51,29,155,6,14,20,175
11/08/2018,HSV,AL,ASO,CE,Combined TRACON& Tower with Radar,48,47,17,22,134,0,0,10,5,15,48,47,27,27,149,0,36,36,185
11/09/2018,HSV,AL,ASO,CE,Combined TRACON& Tower with Radar,51,31,20,12,114,0,0,3,1,4,51,31,23,13,118,2,0,2,120
11/10/2018,HSV,AL,ASO,CE,Combined TRACON& Tower with Radar,32,20,21,2,75,1,0,49,1,51,33,20,70,3,126,36,0,36,162
11/11/2018,HSV,AL,ASO,CE,Combined TRACON& Tower with Radar,43,30,22,3,98,1,0,45,0,46,44,30,67,3,144,32,8,40,184
11/12/2018,HSV,AL,ASO,CE,Combined TRACON& Tower with Radar,44,32,12,0,88,0,0,0,0,0,44,32,12,0,88,0,0,0,88
11/13/2018,HSV,AL,ASO,CE,Combined TRACON& Tower with Radar,50,28,15,14,107,0,0,0,1,1,50,28,15,15,108,0,0,0,108
11/14/2018,HSV,AL,ASO,CE,Combined TRACON& Tower with Radar,39,34,10,0,83,0,0,0,0,0,39,34,10,0,83,0,0,0,83
11/15/2018,HSV,AL,ASO,CE,Combined TRACON& Tower with Radar,47,38,15,8,108,0,0,2,3,5,47,38,17,11,113,0,26,26,139
11/16/2018,HSV,AL,ASO,CE,Combined TRACON& Tower with Radar,46,36,30,10,122,0,0,57,11,68,46,36,87,21,190,28,22,50,240
11/17/2018,HSV,AL,ASO,CE,Combined TRACON& Tower with Radar,31,24,21,18,94,2,0,59,1,62,33,24,80,19,156,48,24,72,228
11/18/2018,HSV,AL,ASO,CE,Combined TRACON& Tower with Radar,38,33,24,26,121,0,0,59,2,61,38,33,83,28,182,30,8,38,220
11/19/2018,HSV,AL,ASO,CE,Combined TRACON& Tower with Radar,40,31,28,33,132,0,1,31,12,44,40,32,59,45,176,6,70,76,252
11/20/2018,HSV,AL,ASO,CE,Combined TRACON& Tower with Radar,46,31,19,44,140,0,0,21,10,31,46,31,40,54,171,22,138,160,331
11/21/2018,HSV,AL,ASO,CE,Combined TRACON& Tower with Radar,44,30,23,4,101,0,0,38,6,44,44,30,61,10,145,8,46,54,199
11/22/2018,HSV,AL,ASO,CE,Combined TRACON& Tower with Radar,22,15,6,0,43,0,0,26,0,26,22,15,32,0,69,8,0,8,77
11/23/2018,HSV,AL,ASO,CE,Combined TRACON& Tower with Radar,34,24,10,0,68,0,0,2,0,2,34,24,12,0,70,0,0,0,70
11/24/2018,HSV,AL,ASO,CE,Combined TRACON& Tower with Radar,35,34,20,0,89,0,0,13,0,13,35,34,33,0,102,0,0,0,102
11/25/2018,HSV,AL,ASO,CE,Combined TRACON& Tower with Radar,48,30,18,0,96,0,0,15,0,15,48,30,33,0,111,0,0,0,111
11/26/2018,HSV,AL,ASO,CE,Combined TRACON& Tower with Radar,44,23,17,34,118,0,0,15,1,16,44,23,32,35,134,0,100,100,234
11/27/2018,HSV,AL,ASO,CE,Combined TRACON& Tower with Radar,46,30,13,36,125,0,0,20,3,23,46,30,33,39,148,14,50,64,212
11/28/2018,HSV,AL,ASO,CE,Combined TRACON& Tower with Radar,35,33,20,21,109,0,0,43,0,43,35,33,63,21,152,8,68,76,228
11/29/2018,HSV,AL,ASO,CE,Combined TRACON& Tower with Radar,44,32,31,30,137,0,0,10,5,15,44,32,41,35,152,6,106,112,264
11/30/2018,HSV,AL,ASO,CE,Combined TRACON& Tower with Radar,40,36,19,12,107,0,0,0,0,0,40,36,19,12,107,0,0,0,107
12/01/2018,HSV,AL,ASO,CE,Combined TRACON& Tower with Radar,24,24,9,0,57,0,0,0,0,0,24,24,9,0,57,0,0,0,57
12/02/2018,HSV,AL,ASO,CE,Combined TRACON& Tower with Radar,37,31,13,7,88,0,0,15,5,20,37,31,28,12,108,14,0,14,122
12/03/2018,HSV,AL,ASO,CE,Combined TRACON& Tower with Radar,36,31,22,22,111,0,3,20,4,27,36,34,42,26,138,0,94,94,232
12/04/2018,HSV,AL,ASO,CE,Combined TRACON& Tower with Radar,36,35,17,35,123,0,0,25,7,32,36,35,42,42,155,16,32,48,203
12/05/2018,HSV,AL,ASO,CE,Combined TRACON& Tower with Radar,39,35,22,0,96,0,0,33,0,33,39,35,55,0,129,8,0,8,137
12/06/2018,HSV,AL,ASO,CE,Combined TRACON& Tower with Radar,47,34,17,49,147,0,0,31,8,39,47,34,48,57,186,22,52,74,260
12/07/2018,HSV,AL,ASO,CE,Combined TRACON& Tower with Radar,43,35,18,16,112,0,0,2,3,5,43,35,20,19,117,4,6,10,127
12/08/2018,HSV,AL,ASO,CE,Combined TRACON& Tower with Radar,29,20,3,2,54,0,0,0,0,0,29,20,3,2,54,0,0,0,54
12/09/2018,HSV,AL,ASO,CE,Combined TRACON& Tower with Radar,24,31,7,0,62,0,0,0,0,0,24,31,7,0,62,0,0,0,62
12/10/2018,HSV,AL,ASO,CE,Combined TRACON& Tower with Radar,36,33,10,4,83,0,0,0,0,0,36,33,10,4,83,0,0,0,83
12/11/2018,HSV,AL,ASO,CE,Combined TRACON& Tower with Radar,42,37,25,16,120,2,0,38,7,47,44,37,63,23,167,2,48,50,217
12/12/2018,HSV,AL,ASO,CE,Combined TRACON& Tower with Radar,45,34,36,54,169,0,0,27,9,36,45,34,63,63,205,4,86,90,295
12/13/2018,HSV,AL,ASO,CE,Combined TRACON& Tower with Radar,48,33,28,29,138,0,0,21,16,37,48,33,49,45,175,4,142,146,321
12/14/2018,HSV,AL,ASO,CE,Combined TRACON& Tower with Radar,48,36,20,17,121,0,0,0,0,0,48,36,20,17,121,0,0,0,121
12/15/2018,HSV,AL,ASO,CE,Combined TRACON& Tower with Radar,32,22,21,1,76,0,0,7,0,7,32,22,28,1,83,20,0,20,103
12/16/2018,HSV,AL,ASO,CE,Combined TRACON& Tower with Radar,43,33,26,4,106,0,0,34,0,34,43,33,60,4,140,36,28,64,204
12/17/2018,HSV,AL,ASO,CE,Combined TRACON& Tower with Radar,40,38,26,8,112,0,0,18,1,19,40,38,44,9,131,0,68,68,199
12/18/2018,HSV,AL,ASO,CE,Combined TRACON& Tower with Radar,46,36,28,38,148,0,0,38,11,49,46,36,66,49,197,34,110,144,341
12/19/2018,HSV,AL,ASO,CE,Combined TRACON& Tower with Radar,45,28,19,49,141,0,0,19,15,34,45,28,38,64,175,0,126,126,301
12/20/2018,HSV,AL,ASO,CE,Combined TRACON& Tower with Radar,48,27,8,26,109,0,0,0,0,0,48,27,8,26,109,0,0,0,109
12/21/2018,HSV,AL,ASO,CE,Combined TRACON& Tower with Radar,39,29,12,0,80,0,0,0,0,0,39,29,12,0,80,0,0,0,80
12/22/2018,HSV,AL,ASO,CE,Combined TRACON& Tower with Radar,32,21,15,4,72,0,0,42,2,44,32,21,57,6,116,24,0,24,140
12/23/2018,HSV,AL,ASO,CE,Combined TRACON& Tower with Radar,36,30,13,0,79,0,0,0,0,0,36,30,13,0,79,0,0,0,79
12/24/2018,HSV,AL,ASO,CE,Combined TRACON& Tower with Radar,28,17,7,0,52,0,0,25,0,25,28,17,32,0,77,8,0,8,85
12/25/2018,HSV,AL,ASO,CE,Combined TRACON& Tower with Radar,26,21,9,0,56,0,0,4,0,4,26,21,13,0,60,0,0,0,60
12/26/2018,HSV,AL,ASO,CE,Combined TRACON& Tower with Radar,29,29,20,0,78,0,0,28,0,28,29,29,48,0,106,10,0,10,116
12/27/2018,HSV,AL,ASO,CE,Combined TRACON& Tower with Radar,36,28,1,0,65,0,0,0,0,0,36,28,1,0,65,0,0,0,65
12/28/2018,HSV,AL,ASO,CE,Combined TRACON& Tower with Radar,34,32,17,0,83,0,0,19,0,19,34,32,36,0,102,0,0,0,102
12/29/2018,HSV,AL,ASO,CE,Combined TRACON& Tower with Radar,27,21,4,0,52,0,0,31,0,31,27,21,35,0,83,12,0,12,95
12/30/2018,HSV,AL,ASO,CE,Combined TRACON& Tower with Radar,36,28,24,0,88,0,0,4,0,4,36,28,28,0,92,0,0,0,92
12/31/2018,HSV,AL,ASO,CE,Combined TRACON& Tower with Radar,25,22,8,0,55,0,0,1,0,1,25,22,9,0,56,0,0,0,56
01/01/2019,HSV,AL,ASO,CE,Combined TRACON& Tower with Radar,25,22,10,0,57,0,0,20,0,20,25,22,30,0,77,8,0,8,85
01/02/2019,HSV,AL,ASO,CE,Combined TRACON& Tower with Radar,30,33,20,8,91,0,0,0,0,0,30,33,20,8,91,0,0,0,91
01/03/2019,HSV,AL,ASO,CE,Combined TRACON& Tower with Radar,37,29,14,62,142,0,0,1,0,1,37,29,15,62,143,0,0,0,143
01/04/2019,HSV,AL,ASO,CE,Combined TRACON& Tower with Radar,29,32,9,23,93,0,0,0,0,0,29,32,9,23,93,0,0,0,93
01/05/2019,HSV,AL,ASO,CE,Combined TRACON& Tower with Radar,23,21,13,2,59,0,0,50,0,50,23,21,63,2,109,16,0,16,125
01/06/2019,HSV,AL,ASO,CE,Combined TRACON& Tower with Radar,38,27,14,33,112,0,0,44,5,49,38,27,58,38,161,18,12,30,191
01/07/2019,HSV,AL,ASO,CE,Combined TRACON& Tower with Radar,41,31,17,61,150,0,0,18,15,33,41,31,35,76,183,0,40,40,223
01/08/2019,HSV,AL,ASO,CE,Combined TRACON& Tower with Radar,32,31,20,37,120,0,0,12,6,18,32,31,32,43,138,14,50,64,202
01/09/2019,HSV,AL,ASO,CE,Combined TRACON& Tower with Radar,37,32,21,91,181,0,0,35,16,51,37,32,56,107,232,24,130,154,386
01/10/2019,HSV,AL,ASO,CE,Combined TRACON& Tower with Radar,42,31,16,99,188,0,0,33,20,53,42,31,49,119,241,18,84,102,343
01/11/2019,HSV,AL,ASO,CE,Combined TRACON& Tower with Radar,34,53,22,23,132,0,0,36,5,41,34,53,58,28,173,14,40,54,227
01/12/2019,HSV,AL,ASO,CE,Combined TRACON& Tower with Radar,23,23,4,4,54,0,0,2,0,2,23,23,6,4,56,22,6,28,84
01/13/2019,HSV,AL,ASO,CE,Combined TRACON& Tower with Radar,37,29,8,2,76,0,0,0,0,0,37,29,8,2,76,0,0,0,76
01/14/2019,HSV,AL,ASO,CE,Combined TRACON& Tower with Radar,35,35,10,1,81,0,0,0,0,0,35,35,10,1,81,0,0,0,81
01/15/2019,HSV,AL,ASO,CE,Combined TRACON& Tower with Radar,33,30,20,26,109,0,0,63,22,85,33,30,83,48,194,0,0,0,194
01/16/2019,HSV,AL,ASO,CE,Combined TRACON& Tower with Radar,36,33,34,47,150,0,0,34,10,44,36,33,68,57,194,16,50,66,260
01/17/2019,HSV,AL,ASO,CE,Combined TRACON& Tower with Radar,38,42,14,4,98,0,0,0,1,1,38,42,14,5,99,0,12,12,111
01/18/2019,HSV,AL,ASO,CE,Combined TRACON& Tower with Radar,40,39,23,3,105,0,0,4,2,6,40,39,27,5,111,10,2,12,123
01/19/2019,HSV,AL,ASO,CE,Combined TRACON& Tower with Radar,21,18,1,0,40,0,0,0,0,0,21,18,1,0,40,0,0,0,40
01/20/2019,HSV,AL,ASO,CE,Combined TRACON& Tower with Radar,30,27,7,0,64,0,0,16,0,16,30,27,23,0,80,20,0,20,100
01/21/2019,HSV,AL,ASO,CE,Combined TRACON& Tower with Radar,36,33,15,0,84,0,0,33,0,33,36,33,48,0,117,14,0,14,131
01/22/2019,HSV,AL,ASO,CE,Combined TRACON& Tower with Radar,33,32,15,40,120,0,0,10,2,12,33,32,25,42,132,2,58,60,192
01/23/2019,HSV,AL,ASO,CE,Combined TRACON& Tower with Radar,37,30,9,2,78,0,0,0,0,0,37,30,9,2,78,0,0,0,78
01/24/2019,HSV,AL,ASO,CE,Combined TRACON& Tower with Radar,40,31,31,38,140,0,0,21,10,31,40,31,52,48,171,24,90,114,285
01/25/2019,HSV,AL,ASO,CE,Combined TRACON& Tower with Radar,37,31,32,38,138,0,0,38,8,46,37,31,70,46,184,10,70,80,264
01/26/2019,HSV,AL,ASO,CE,Combined TRACON& Tower with Radar,24,22,9,48,103,0,0,50,6,56,24,22,59,54,159,14,48,62,221
01/27/2019,HSV,AL,ASO,CE,Combined TRACON& Tower with Radar,38,27,20,8,93,0,0,44,0,44,38,27,64,8,137,50,0,50,187
01/28/2019,HSV,AL,ASO,CE,Combined TRACON& Tower with Radar,36,31,18,30,115,0,0,13,3,16,36,31,31,33,131,10,110,120,251
01/29/2019,HSV,AL,ASO,CE,Combined TRACON& Tower with Radar,30,31,11,29,101,0,0,1,123,124,30,31,12,152,225,0,0,0,225
01/30/2019,HSV,AL,ASO,CE,Combined TRACON& Tower with Radar,34,27,21,31,113,0,0,22,6,28,34,27,43,37,141,26,54,80,221
01/31/2019,HSV,AL,ASO,CE,Combined TRACON& Tower with Radar,39,27,16,23,105,0,0,33,4,37,39,27,49,27,142,26,116,142,284
02/01/2019,HSV,AL,ASO,CE,Combined TRACON& Tower with Radar,37,33,25,36,131,0,0,38,4,42,37,33,63,40,173,20,38,58,231
02/02/2019,HSV,AL,ASO,CE,Combined TRACON& Tower with Radar,24,19,20,21,84,0,0,56,1,57,24,19,76,22,141,46,0,46,187
02/03/2019,HSV,AL,ASO,CE,Combined TRACON& Tower with Radar,32,30,22,10,94,0,0,19,0,19,32,30,41,10,113,6,0,6,119
02/04/2019,HSV,AL,ASO,CE,Combined TRACON& Tower with Radar,41,35,24,49,149,0,0,5,0,5,41,35,29,49,154,0,8,8,162
02/05/2019,HSV,AL,ASO,CE,Combined TRACON& Tower with Radar,35,30,20,127,212,0,0,3,2,5,35,30,23,129,217,6,18,24,241
02/06/2019,HSV,AL,ASO,CE,Combined TRACON& Tower with Radar,39,31,25,56,151,0,0,0,7,7,39,31,25,63,158,0,14,14,172
02/07/2019,HSV,AL,ASO,CE,Combined TRACON& Tower with Radar,44,32,24,18,118,0,0,3,4,7,44,32,27,22,125,8,12,20,145
02/08/2019,HSV,AL,ASO,CE,Combined TRACON& Tower with Radar,37,31,21,35,124,0,0,19,11,30,37,31,40,46,154,2,66,68,222
02/09/2019,HSV,AL,ASO,CE,Combined TRACON& Tower with Radar,23,19,14,5,61,0,0,34,0,34,23,19,48,5,95,22,0,22,117
02/10/2019,HSV,AL,ASO,CE,Combined TRACON& Tower with Radar,36,29,11,8,84,0,0,4,0,4,36,29,15,8,88,16,0,16,104
02/11/2019,HSV,AL,ASO,CE,Combined TRACON& Tower with Radar,39,34,36,42,151,0,0,0,0,0,39,34,36,42,151,0,0,0,151
02/12/2019,HSV,AL,ASO,CE,Combined TRACON& Tower with Radar,32,28,23,7,90,0,0,2,0,2,32,28,25,7,92,0,0,0,92
02/13/2019,HSV,AL,ASO,CE,Combined TRACON& Tower with Radar,34,33,41,33,141,0,1,54,7,62,34,34,95,40,203,10,114,124,327
02/14/2019,HSV,AL,ASO,CE,Combined TRACON& Tower with Radar,44,27,11,33,115,0,0,13,5,18,44,27,24,38,133,0,94,94,227
02/15/2019,HSV,AL,ASO,CE,Combined TRACON& Tower with Radar,43,28,36,36,143,0,0,0,0,0,43,28,36,36,143,0,24,24,167
02/16/2019,HSV,AL,ASO,CE,Combined TRACON& Tower with Radar,26,16,22,2,66,0,0,2,0,2,26,16,24,2,68,0,0,0,68
02/17/2019,HSV,AL,ASO,CE,Combined TRACON& Tower with Radar,35,23,8,0,66,0,0,0,0,0,35,23,8,0,66,0,0,0,66
02/18/2019,HSV,AL,ASO,CE,Combined TRACON& Tower with Radar,37,26,25,0,88,0,0,30,0,30,37,26,55,0,118,6,0,6,124
02/19/2019,HSV,AL,ASO,CE,Combined TRACON& Tower with Radar,43,24,15,2,84,0,0,3,0,3,43,24,18,2,87,6,0,6,93
02/20/2019,HSV,AL,ASO,CE,Combined TRACON& Tower with Radar,37,25,8,0,70,0,0,0,0,0,37,25,8,0,70,0,0,0,70
02/21/2019,HSV,AL,ASO,CE,Combined TRACON& Tower with Radar,46,32,20,12,110,0,0,0,1,1,46,32,20,13,111,0,2,2,113
02/22/2019,HSV,AL,ASO,CE,Combined TRACON& Tower with Radar,35,33,12,5,85,0,0,2,1,3,35,33,14,6,88,0,0,0,88
02/23/2019,HSV,AL,ASO,CE,Combined TRACON& Tower with Radar,29,20,5,0,54,0,0,0,0,0,29,20,5,0,54,0,0,0,54
02/24/2019,HSV,AL,ASO,CE,Combined TRACON& Tower with Radar,38,31,10,0,79,0,0,33,1,34,38,31,43,1,113,24,0,24,137
02/25/2019,HSV,AL,ASO,CE,Combined TRACON& Tower with Radar,43,28,22,48,141,0,0,45,13,58,43,28,67,61,199,0,148,148,347
02/26/2019,HSV,AL,ASO,CE,Combined TRACON& Tower with Radar,43,34,24,61,162,0,0,44,16,60,43,34,68,77,222,0,128,128,350
02/27/2019,HSV,AL,ASO,CE,Combined TRACON& Tower with Radar,37,27,14,93,171,0,0,36,13,49,37,27,50,106,220,6,150,156,376
02/28/2019,HSV,AL,ASO,CE,Combined TRACON& Tower with Radar,43,26,18,25,112,0,0,2,0,2,43,26,20,25,114,0,0,0,114
03/01/2019,HSV,AL,ASO,CE,Combined TRACON& Tower with Radar,37,33,24,45,139,0,0,0,0,0,37,33,24,45,139,0,0,0,139
03/02/2019,HSV,AL,ASO,CE,Combined TRACON& Tower with Radar,32,17,26,12,87,0,0,4,0,4,32,17,30,12,91,8,0,8,99
03/03/2019,HSV,AL,ASO,CE,Combined TRACON& Tower with Radar,42,27,6,0,75,0,0,0,0,0,42,27,6,0,75,8,0,8,83
03/04/2019,HSV,AL,ASO,CE,Combined TRACON& Tower with Radar,48,30,16,31,125,0,1,13,11,25,48,31,29,42,150,44,62,106,256
03/05/2019,HSV,AL,ASO,CE,Combined TRACON& Tower with Radar,43,33,20,48,144,0,0,23,15,38,43,33,43,63,182,14,182,196,378
03/06/2019,HSV,AL,ASO,CE,Combined TRACON& Tower with Radar,43,32,39,32,146,0,0,42,12,54,43,32,81,44,200,44,98,142,342
03/07/2019,HSV,AL,ASO,CE,Combined TRACON& Tower with Radar,46,34,28,39,147,0,1,33,8,42,46,35,61,47,189,90,36,126,315
03/08/2019,HSV,AL,ASO,CE,Combined TRACON& Tower with Radar,41,30,10,23,104,0,0,0,1,1,41,30,10,24,105,0,0,0,105
03/09/2019,HSV,AL,ASO,CE,Combined TRACON& Tower with Radar,32,21,5,6,64,0,0,0,0,0,32,21,5,6,64,0,0,0,64
03/10/2019,HSV,AL,ASO,CE,Combined TRACON& Tower with Radar,42,29,19,2,92,0,0,55,4,59,42,29,74,6,151,54,28,82,233
03/11/2019,HSV,AL,ASO,CE,Combined TRACON& Tower with Radar,43,29,17,30,119,0,2,27,18,47,43,31,44,48,166,10,224,234,400
03/12/2019,HSV,AL,ASO,CE,Combined TRACON& Tower with Radar,41,29,29,40,139,0,0,22,3,25,41,29,51,43,164,26,94,120,284
03/13/2019,HSV,AL,ASO,CE,Combined TRACON& Tower with Radar,40,29,24,61,154,0,0,19,11,30,40,29,43,72,184,16,172,188,372
03/14/2019,HSV,AL,ASO,CE,Combined TRACON& Tower with Radar,46,31,10,8,95,0,0,2,2,4,46,31,12,10,99,0,0,0,99
03/15/2019,HSV,AL,ASO,CE,Combined TRACON& Tower with Radar,44,32,24,52,152,0,0,21,16,37,44,32,45,68,189,4,162,166,355
03/16/2019,HSV,AL,ASO,CE,Combined TRACON& Tower with Radar,32,24,21,1,78,0,0,33,0,33,32,24,54,1,111,18,0,18,129
03/17/2019,HSV,AL,ASO,CE,Combined TRACON& Tower with Radar,43,32,17,14,106,0,0,19,6,25,43,32,36,20,131,32,0,32,163
03/18/2019,HSV,AL,ASO,CE,Combined TRACON& Tower with Radar,45,31,29,32,137,0,0,22,9,31,45,31,51,41,168,2,52,54,222
03/19/2019,HSV,AL,ASO,CE,Combined TRACON& Tower with Radar,41,35,28,59,163,0,0,40,10,50,41,35,68,69,213,4,82,86,299
03/20/2019,HSV,AL,ASO,CE,Combined TRACON& Tower with Radar,43,31,25,59,158,0,0,38,5,43,43,31,63,64,201,8,98,106,307
03/21/2019,HSV,AL,ASO,CE,Combined TRACON& Tower with Radar,44,35,16,20,115,0,0,11,5,16,44,35,27,25,131,6,120,126,257
03/22/2019,HSV,AL,ASO,CE,Combined TRACON& Tower with Radar,39,36,22,55,152,0,0,46,19,65,39,36,68,74,217,30,122,152,369
03/23/2019,HSV,AL,ASO,CE,Combined TRACON& Tower with Radar,35,24,24,9,92,0,0,37,3,40,35,24,61,12,132,10,48,58,190
03/24/2019,HSV,AL,ASO,CE,Combined TRACON& Tower with Radar,42,33,23,14,112,0,0,21,0,21,42,33,44,14,133,0,0,0,133
03/25/2019,HSV,AL,ASO,CE,Combined TRACON& Tower with Radar,47,31,10,11,99,0,0,2,0,2,47,31,12,11,101,6,0,6,107
03/26/2019,HSV,AL,ASO,CE,Combined TRACON& Tower with Radar,42,36,22,9,109,0,0,11,4,15,42,36,33,13,124,30,2,32,156
03/27/2019,HSV,AL,ASO,CE,Combined TRACON& Tower with Radar,42,30,32,23,127,0,0,32,9,41,42,30,64,32,168,26,38,64,232
03/28/2019,HSV,AL,ASO,CE,Combined TRACON& Tower with Radar,47,28,34,55,164,0,0,34,9,43,47,28,68,64,207,33,158,191,398
03/29/2019,HSV,AL,ASO,CE,Combined TRACON& Tower with Radar,41,35,28,82,186,0,0,37,7,44,41,35,65,89,230,4,38,42,272
03/30/2019,HSV,AL,ASO,CE,Combined TRACON& Tower with Radar,29,27,3,27,86,0,0,14,3,17,29,27,17,30,103,0,2,2,105
03/31/2019,HSV,AL,ASO,CE,Combined TRACON& Tower with Radar,44,30,26,26,126,0,0,22,1,23,44,30,48,27,149,14,2,16,165
04/01/2019,HSV,AL,ASO,CE,Combined TRACON& Tower with Radar,46,30,23,42,141,0,0,34,2,36,46,30,57,44,177,2,114,116,293
04/02/2019,HSV,AL,ASO,CE,Combined TRACON& Tower with Radar,45,30,30,39,144,0,0,41,25,66,45,30,71,64,210,50,222,272,482
04/03/2019,HSV,AL,ASO,CE,Combined TRACON& Tower with Radar,45,28,26,39,138,0,0,51,9,60,45,28,77,48,198,12,130,142,340
04/04/2019,HSV,AL,ASO,CE,Combined TRACON& Tower with Radar,48,27,22,46,143,0,0,13,9,22,48,27,35,55,165,0,52,52,217
04/05/2019,HSV,AL,ASO,CE,Combined TRACON& Tower with Radar,45,34,31,101,211,0,0,12,6,18,45,34,43,107,229,0,6,6,235
04/06/2019,HSV,AL,ASO,CE,Combined TRACON& Tower with Radar,30,21,12,3,66,0,0,31,3,34,30,21,43,6,100,4,0,4,104
04/07/2019,HSV,AL,ASO,CE,Combined TRACON& Tower with Radar,43,29,20,20,112,0,0,2,11,13,43,29,22,31,125,4,0,4,129
04/08/2019,HSV,AL,ASO,CE,Combined TRACON& Tower with Radar,44,26,17,19,106,0,0,0,2,2,44,26,17,21,108,0,36,36,144
04/09/2019,HSV,AL,ASO,CE,Combined TRACON& Tower with Radar,46,35,21,48,150,0,0,18,8,26,46,35,39,56,176,16,64,80,256
04/10/2019,HSV,AL,ASO,CE,Combined TRACON& Tower with Radar,45,28,34,63,170,0,0,57,6,63,45,28,91,69,233,24,62,86,319
04/11/2019,HSV,AL,ASO,CE,Combined TRACON& Tower with Radar,47,39,19,69,174,0,0,11,12,23,47,39,30,81,197,6,68,74,271
04/12/2019,HSV,AL,ASO,CE,Combined TRACON& Tower with Radar,44,29,31,35,139,0,0,15,2,17,44,29,46,37,156,0,34,34,190
04/13/2019,HSV,AL,ASO,CE,Combined TRACON& Tower with Radar,29,27,16,0,72,0,0,7,0,7,29,27,23,0,79,3,0,3,82
04/14/2019,HSV,AL,ASO,CE,Combined TRACON& Tower with Radar,45,27,2,2,76,0,0,0,0,0,45,27,2,2,76,0,0,0,76
04/15/2019,HSV,AL,ASO,CE,Combined TRACON& Tower with Radar,47,30,23,22,122,0,0,56,5,61,47,30,79,27,183,8,22,30,213
04/16/2019,HSV,AL,ASO,CE,Combined TRACON& Tower with Radar,44,37,30,20,131,0,0,40,13,53,44,37,70,33,184,6,74,80,264
04/17/2019,HSV,AL,ASO,CE,Combined TRACON& Tower with Radar,44,30,27,19,120,0,0,45,10,55,44,30,72,29,175,11,46,57,232
04/18/2019,HSV,AL,ASO,CE,Combined TRACON& Tower with Radar,49,28,26,50,153,0,0,6,1,7,49,28,32,51,160,0,0,0,160
04/19/2019,HSV,AL,ASO,CE,Combined TRACON& Tower with Radar,41,35,23,9,108,0,0,0,0,0,41,35,23,9,108,2,0,2,110
04/20/2019,HSV,AL,ASO,CE,Combined TRACON& Tower with Radar,33,19,15,0,67,0,0,11,0,11,33,19,26,0,78,0,0,0,78
04/21/2019,HSV,AL,ASO,CE,Combined TRACON& Tower with Radar,43,23,11,14,91,0,0,36,5,41,43,23,47,19,132,12,14,26,158
04/22/2019,HSV,AL,ASO,CE,Combined TRACON& Tower with Radar,46,36,24,34,140,0,0,39,9,48,46,36,63,43,188,12,88,100,288
04/23/2019,HSV,AL,ASO,CE,Combined TRACON& Tower with Radar,47,32,29,27,135,0,0,42,4,46,47,32,71,31,181,14,26,40,221
04/24/2019,HSV,AL,ASO,CE,Combined TRACON& Tower with Radar,43,30,33,46,152,0,0,31,23,54,43,30,64,69,206,30,110,140,346
04/25/2019,HSV,AL,ASO,CE,Combined TRACON& Tower with Radar,49,33,15,3,100,0,0,5,2,7,49,33,20,5,107,0,0,0,107
04/26/2019,HSV,AL,ASO,CE,Combined TRACON& Tower with Radar,46,32,19,43,140,0,0,19,9,28,46,32,38,52,168,1,60,61,229
04/27/2019,HSV,AL,ASO,CE,Combined TRACON& Tower with Radar,31,27,16,5,79,0,1,42,0,43,31,28,58,5,122,6,12,18,140
04/28/2019,HSV,AL,ASO,CE,Combined TRACON& Tower with Radar,44,28,26,11,109,0,0,26,1,27,44,28,52,12,136,8,10,18,154
04/29/2019,HSV,AL,ASO,CE,Combined TRACON& Tower with Radar,43,28,20,40,131,0,0,52,4,56,43,28,72,44,187,2,46,48,235
04/30/2019,HSV,AL,ASO,CE,Combined TRACON& Tower with Radar,46,32,16,51,145,0,0,39,20,59,46,32,55,71,204,26,126,152,356
05/01/2019,HSV,AL,ASO,CE,Combined TRACON& Tower with Radar,44,29,14,83,170,0,0,22,14,36,44,29,36,97,206,10,82,92,298
05/02/2019,HSV,AL,ASO,CE,Combined TRACON& Tower with Radar,46,26,12,39,123,0,0,22,4,26,46,26,34,43,149,32,70,102,251
05/03/2019,HSV,AL,ASO,CE,Combined TRACON& Tower with Radar,43,25,16,50,134,0,4,24,2,30,43,29,40,52,164,6,20,26,190
05/04/2019,HSV,AL,ASO,CE,Combined TRACON& Tower with Radar,34,19,0,1,54,0,0,0,0,0,34,19,0,1,54,0,0,0,54
05/05/2019,HSV,AL,ASO,CE,Combined TRACON& Tower with Radar,43,25,18,4,90,0,0,21,0,21,43,25,39,4,111,6,0,6,117
05/06/2019,HSV,AL,ASO,CE,Combined TRACON& Tower with Radar,44,27,24,55,150,0,0,35,7,42,44,27,59,62,192,16,72,88,280
05/07/2019,HSV,AL,ASO,CE,Combined TRACON& Tower with Radar,45,22,28,50,145,0,0,43,10,53,45,22,71,60,198,66,78,144,342
05/08/2019,HSV,AL,ASO,CE,Combined TRACON& Tower with Radar,45,30,25,138,238,0,0,25,24,49,45,30,50,162,287,20,84,104,391
05/09/2019,HSV,AL,ASO,CE,Combined TRACON& Tower with Radar,49,25,16,16,106,0,0,1,0,1,49,25,17,16,107,0,8,8,115
05/10/2019,HSV,AL,ASO,CE,Combined TRACON& Tower with Radar,46,29,29,57,161,0,0,6,0,6,46,29,35,57,167,0,20,20,187
05/11/2019,HSV,AL,ASO,CE,Combined TRACON& Tower with Radar,33,25,12,0,70,0,0,3,0,3,33,25,15,0,73,0,0,0,73
05/12/2019,HSV,AL,ASO,CE,Combined TRACON& Tower with Radar,43,25,14,0,82,0,0,5,0,5,43,25,19,0,87,2,2,4,91
05/13/2019,HSV,AL,ASO,CE,Combined TRACON& Tower with Radar,47,26,20,39,132,0,0,32,3,35,47,26,52,42,167,0,54,54,221
05/14/2019,HSV,AL,ASO,CE,Combined TRACON& Tower with Radar,50,31,11,34,126,0,0,34,5,39,50,31,45,39,165,6,32,38,203
05/15/2019,HSV,AL,ASO,CE,Combined TRACON& Tower with Radar,43,40,25,22,130,0,0,15,3,18,43,40,40,25,148,12,12,24,172
05/16/2019,HSV,AL,ASO,CE,Combined TRACON& Tower with Radar,49,26,21,44,140,0,1,32,15,48,49,27,53,59,188,0,130,130,318
05/17/2019,HSV,AL,ASO,CE,Combined TRACON& Tower with Radar,51,25,15,49,140,0,0,43,15,58,51,25,58,64,198,22,80,102,300
05/18/2019,HSV,AL,ASO,CE,Combined TRACON& Tower with Radar,33,20,11,12,76,0,0,47,8,55,33,20,58,20,131,34,6,40,171
05/19/2019,HSV,AL,ASO,CE,Combined TRACON& Tower with Radar,45,27,15,23,110,0,0,14,5,19,45,27,29,28,129,0,4,4,133
05/20/2019,HSV,AL,ASO,CE,Combined TRACON& Tower with Radar,45,25,23,84,177,0,0,20,4,24,45,25,43,88,201,2,104,106,307
05/21/2019,HSV,AL,ASO,CE,Combined TRACON& Tower with Radar,48,27,18,24,117,0,0,26,21,47,48,27,44,45,164,24,120,144,308
05/22/2019,HSV,AL,ASO,CE,Combined TRACON& Tower with Radar,45,28,27,57,157,0,0,49,15,64,45,28,76,72,221,34,134,168,389
05/23/2019,HSV,AL,ASO,CE,Combined TRACON& Tower with Radar,47,29,21,65,162,0,1,32,3,36,47,30,53,68,198,16,2,18,216
05/24/2019,HSV,AL,ASO,CE,Combined TRACON& Tower with Radar,44,30,28,5,107,0,0,49,2,51,44,30,77,7,158,2,8,10,168
05/25/2019,HSV,AL,ASO,CE,Combined TRACON& Tower with Radar,30,20,19,5,74,0,0,34,0,34,30,20,53,5,108,30,0,30,138
05/26/2019,HSV,AL,ASO,CE,Combined TRACON& Tower with Radar,33,25,12,0,70,0,0,25,0,25,33,25,37,0,95,12,0,12,107
05/27/2019,HSV,AL,ASO,CE,Combined TRACON& Tower with Radar,37,26,13,0,76,0,0,41,0,41,37,26,54,0,117,6,0,6,123
05/28/2019,HSV,AL,ASO,CE,Combined TRACON& Tower with Radar,52,33,18,41,144,0,0,24,7,31,52,33,42,48,175,4,54,58,233
05/29/2019,HSV,AL,ASO,CE,Combined TRACON& Tower with Radar,40,28,28,37,133,0,0,35,12,47,40,28,63,49,180,12,80,92,272
05/30/2019,HSV,AL,ASO,CE,Combined TRACON& Tower with Radar,49,31,24,33,137,0,0,28,11,39,49,31,52,44,176,8,90,98,274
05/31/2019,HSV,AL,ASO,CE,Combined TRACON& Tower with Radar,44,34,18,39,135,0,0,47,8,55,44,34,65,47,190,14,54,68,258
06/01/2019,HSV,AL,ASO,CE,Combined TRACON& Tower with Radar,32,22,15,9,78,0,1,43,4,48,32,23,58,13,126,32,0,32,158
06/02/2019,HSV,AL,ASO,CE,Combined TRACON& Tower with Radar,44,29,16,2,91,0,0,24,0,24,44,29,40,2,115,0,0,0,115
06/03/2019,HSV,AL,ASO,CE,Combined TRACON& Tower with Radar,46,33,10,32,121,0,0,37,14,51,46,33,47,46,172,10,132,142,314
06/04/2019,HSV,AL,ASO,CE,Combined TRACON& Tower with Radar,47,27,30,9,113,0,0,27,3,30,47,27,57,12,143,18,50,68,211
06/05/2019,HSV,AL,ASO,CE,Combined TRACON& Tower with Radar,43,29,22,26,120,0,0,12,2,14,43,29,34,28,134,2,12,14,148
06/06/2019,HSV,AL,ASO,CE,Combined TRACON& Tower with Radar,51,27,28,77,183,0,0,0,0,0,51,27,28,77,183,0,36,36,219
06/07/2019,HSV,AL,ASO,CE,Combined TRACON& Tower with Radar,48,32,27,33,140,0,0,4,0,4,48,32,31,33,144,0,0,0,144
06/08/2019,HSV,AL,ASO,CE,Combined TRACON& Tower with Radar,39,24,6,1,70,0,0,4,0,4,39,24,10,1,74,2,0,2,76
06/09/2019,HSV,AL,ASO,CE,Combined TRACON& Tower with Radar,37,28,9,4,78,0,0,1,0,1,37,28,10,4,79,0,4,4,83
06/10/2019,HSV,AL,ASO,CE,Combined TRACON& Tower with Radar,50,28,22,46,146,0,0,21,10,31,50,28,43,56,177,4,54,58,235
06/11/2019,HSV,AL,ASO,CE,Combined TRACON& Tower with Radar,49,28,23,42,142,0,0,36,9,45,49,28,59,51,187,8,84,92,279
06/12/2019,HSV,AL,ASO,CE,Combined TRACON& Tower with Radar,48,32,27,35,142,0,0,26,14,40,48,32,53,49,182,20,62,82,264
06/13/2019,HSV,AL,ASO,CE,Combined TRACON& Tower with Radar,55,46,17,66,184,0,0,46,15,61,55,46,63,81,245,12,130,142,387
06/14/2019,HSV,AL,ASO,CE,Combined TRACON& Tower with Radar,45,29,27,47,148,0,2,61,14,77,45,31,88,61,225,24,104,128,353
06/15/2019,HSV,AL,ASO,CE,Combined TRACON& Tower with Radar,34,22,20,6,82,0,0,47,0,47,34,22,67,6,129,8,0,8,137
06/16/2019,HSV,AL,ASO,CE,Combined TRACON& Tower with Radar,38,21,18,14,91,0,0,16,6,22,38,21,34,20,113,12,10,22,135
06/17/2019,HSV,AL,ASO,CE,Combined TRACON& Tower with Radar,46,31,20,60,157,0,0,19,6,25,46,31,39,66,182,2,70,72,254
06/18/2019,HSV,AL,ASO,CE,Combined TRACON& Tower with Radar,49,30,34,20,133,0,0,3,1,4,49,30,37,21,137,0,0,0,137
06/19/2019,HSV,AL,ASO,CE,Combined TRACON& Tower with Radar,46,26,34,74,180,0,0,13,23,36,46,26,47,97,216,46,36,82,298
06/20/2019,HSV,AL,ASO,CE,Combined TRACON& Tower with Radar,44,38,14,19,115,0,0,20,6,26,44,38,34,25,141,34,58,92,233
06/21/2019,HSV,AL,ASO,CE,Combined TRACON& Tower with Radar,49,32,30,69,180,0,0,49,10,59,49,32,79,79,239,44,60,104,343
06/22/2019,HSV,AL,ASO,CE,Combined TRACON& Tower with Radar,34,25,15,9,83,0,0,10,0,10,34,25,25,9,93,6,12,18,111
06/23/2019,HSV,AL,ASO,CE,Combined TRACON& Tower with Radar,48,30,22,17,117,0,0,21,0,21,48,30,43,17,138,34,2,36,174
06/24/2019,HSV,AL,ASO,CE,Combined TRACON& Tower with Radar,44,31,21,16,112,0,0,7,1,8,44,31,28,17,120,0,6,6,126
06/25/2019,HSV,AL,ASO,CE,Combined TRACON& Tower with Radar,46,32,25,59,162,0,0,37,4,41,46,32,62,63,203,8,88,96,299
06/26/2019,HSV,AL,ASO,CE,Combined TRACON& Tower with Radar,49,33,19,50,151,0,0,33,10,43,49,33,52,60,194,30,98,128,322
06/27/2019,HSV,AL,ASO,CE,Combined TRACON& Tower with Radar,51,37,24,10,122,0,0,23,2,25,51,37,47,12,147,18,12,30,177
06/28/2019,HSV,AL,ASO,CE,Combined TRACON& Tower with Radar,41,35,18,41,135,0,0,52,8,60,41,35,70,49,195,26,126,152,347
06/29/2019,HSV,AL,ASO,CE,Combined TRACON& Tower with Radar,32,22,10,12,76,0,0,36,3,39,32,22,46,15,115,14,0,14,129
06/30/2019,HSV,AL,ASO,CE,Combined TRACON& Tower with Radar,35,29,14,7,85,0,2,32,3,37,35,31,46,10,122,10,0,10,132
07/01/2019,HSV,AL,ASO,CE,Combined TRACON& Tower with Radar,35,28,24,57,144,0,0,29,12,41,35,28,53,69,185,8,108,116,301
07/02/2019,HSV,AL,ASO,CE,Combined TRACON& Tower with Radar,38,22,28,76,164,0,0,26,15,41,38,22,54,91,205,0,0,0,205
07/03/2019,HSV,AL,ASO,CE,Combined TRACON& Tower with Radar,35,23,20,31,109,0,1,16,5,22,35,24,36,36,131,6,66,72,203
07/04/2019,HSV,AL,ASO,CE,Combined TRACON& Tower with Radar,32,21,12,0,65,0,0,24,0,24,32,21,36,0,89,10,0,10,99
07/05/2019,HSV,AL,ASO,CE,Combined TRACON& Tower with Radar,36,24,15,0,75,0,0,21,0,21,36,24,36,0,96,0,0,0,96
07/06/2019,HSV,AL,ASO,CE,Combined TRACON& Tower with Radar,30,22,16,0,68,0,0,37,0,37,30,22,53,0,105,4,0,4,109
07/07/2019,HSV,AL,ASO,CE,Combined TRACON& Tower with Radar,43,27,22,0,92,0,0,3,0,3,43,27,25,0,95,4,0,4,99
07/08/2019,HSV,AL,ASO,CE,Combined TRACON& Tower with Radar,43,37,24,78,182,0,0,28,17,45,43,37,52,95,227,13,166,179,406
07/09/2019,HSV,AL,ASO,CE,Combined TRACON& Tower with Radar,46,31,26,46,149,0,0,32,15,47,46,31,58,61,196,30,88,118,314
07/10/2019,HSV,AL,ASO,CE,Combined TRACON& Tower with Radar,44,34,21,48,147,0,0,30,10,40,44,34,51,58,187,30,82,112,299
07/11/2019,HSV,AL,ASO,CE,Combined TRACON& Tower with Radar,46,30,17,26,119,0,0,14,6,20,46,30,31,32,139,46,14,60,199
07/12/2019,HSV,AL,ASO,CE,Combined TRACON& Tower with Radar,41,33,33,41,148,0,0,13,5,18,41,33,46,46,166,0,36,36,202
07/13/2019,HSV,AL,ASO,CE,Combined TRACON& Tower with Radar,32,26,11,14,83,0,0,28,0,28,32,26,39,14,111,26,10,36,147
07/14/2019,HSV,AL,ASO,CE,Combined TRACON& Tower with Radar,41,28,10,4,83,0,0,12,0,12,41,28,22,4,95,14,0,14,109
07/15/2019,HSV,AL,ASO,CE,Combined TRACON& Tower with Radar,46,33,27,30,136,0,0,20,3,23,46,33,47,33,159,12,0,12,171
07/16/2019,HSV,AL,ASO,CE,Combined TRACON& Tower with Radar,47,33,12,19,111,0,0,16,1,17,47,33,28,20,128,0,0,0,128
07/17/2019,HSV,AL,ASO,CE,Combined TRACON& Tower with Radar,46,37,14,12,109,0,0,3,4,7,46,37,17,16,116,4,6,10,126
07/18/2019,HSV,AL,ASO,CE,Combined TRACON& Tower with Radar,53,29,16,52,150,0,0,26,12,38,53,29,42,64,188,4,8,12,200
07/19/2019,HSV,AL,ASO,CE,Combined TRACON& Tower with Radar,49,34,36,47,166,0,0,45,11,56,49,34,81,58,222,36,84,120,342
07/20/2019,HSV,AL,ASO,CE,Combined TRACON& Tower with Radar,29,25,23,10,87,0,0,16,0,16,29,25,39,10,103,6,2,8,111
07/21/2019,HSV,AL,ASO,CE,Combined TRACON& Tower with Radar,42,29,15,6,92,0,0,11,0,11,42,29,26,6,103,14,0,14,117
07/22/2019,HSV,AL,ASO,CE,Combined TRACON& Tower with Radar,47,29,10,16,102,0,0,14,7,21,47,29,24,23,123,0,0,0,123
07/23/2019,HSV,AL,ASO,CE,Combined TRACON& Tower with Radar,47,35,20,53,155,0,0,23,11,34,47,35,43,64,189,0,52,52,241
07/24/2019,HSV,AL,ASO,CE,Combined TRACON& Tower with Radar,41,31,15,30,117,0,0,57,16,73,41,31,72,46,190,34,70,104,294
07/25/2019,HSV,AL,ASO,CE,Combined TRACON& Tower with Radar,46,32,15,18,111,0,0,43,4,47,46,32,58,22,158,14,44,58,216
07/26/2019,HSV,AL,ASO,CE,Combined TRACON& Tower with Radar,42,30,22,94,188,0,0,41,22,63,42,30,63,116,251,2,82,84,335
07/27/2019,HSV,AL,ASO,CE,Combined TRACON& Tower with Radar,30,29,18,15,92,0,1,52,1,54,30,30,70,16,146,2,36,38,184
07/28/2019,HSV,AL,ASO,CE,Combined TRACON& Tower with Radar,36,30,15,10,91,0,0,36,2,38,36,30,51,12,129,14,0,14,143
07/29/2019,HSV,AL,ASO,CE,Combined TRACON& Tower with Radar,41,33,11,38,123,1,0,20,7,28,42,33,31,45,151,0,102,102,253
07/30/2019,HSV,AL,ASO,CE,Combined TRACON& Tower with Radar,44,37,11,41,133,0,2,32,10,44,44,39,43,51,177,6,172,178,355
07/31/2019,HSV,AL,ASO,CE,Combined TRACON& Tower with Radar,42,36,11,23,112,0,0,34,10,44,42,36,45,33,156,0,62,62,218
08/01/2019,HSV,AL,ASO,CE,Combined TRACON& Tower with Radar,47,35,35,48,165,0,0,39,3,42,47,35,74,51,207,0,66,66,273
08/02/2019,HSV,AL,ASO,CE,Combined TRACON& Tower with Radar,42,35,20,6,103,0,0,18,2,20,42,35,38,8,123,10,0,10,133
08/03/2019,HSV,AL,ASO,CE,Combined TRACON& Tower with Radar,31,29,8,0,68,0,0,29,1,30,31,29,37,1,98,14,0,14,112
08/04/2019,HSV,AL,ASO,CE,Combined TRACON& Tower with Radar,43,31,29,29,132,0,0,8,1,9,43,31,37,30,141,0,4,4,145
08/05/2019,HSV,AL,ASO,CE,Combined TRACON& Tower with Radar,41,32,22,83,178,0,0,18,7,25,41,32,40,90,203,0,82,82,285
08/06/2019,HSV,AL,ASO,CE,Combined TRACON& Tower with Radar,44,31,16,44,135,0,0,21,16,37,44,31,37,60,172,0,104,104,276
08/07/2019,HSV,AL,ASO,CE,Combined TRACON& Tower with Radar,35,32,13,32,112,0,0,17,6,23,35,32,30,38,135,0,42,42,177
08/08/2019,HSV,AL,ASO,CE,Combined TRACON& Tower with Radar,46,33,20,70,169,0,1,38,6,45,46,34,58,76,214,4,62,66,280
08/09/2019,HSV,AL,ASO,CE,Combined TRACON& Tower with Radar,42,32,30,25,129,0,2,24,9,35,42,34,54,34,164,4,58,62,226
08/10/2019,HSV,AL,ASO,CE,Combined TRACON& Tower with Radar,33,26,17,30,106,0,0,23,1,24,33,26,40,31,130,0,12,12,142
08/11/2019,HSV,AL,ASO,CE,Combined TRACON& Tower with Radar,41,27,20,9,97,0,0,48,3,51,41,27,68,12,148,8,0,8,156
08/12/2019,HSV,AL,ASO,CE,Combined TRACON& Tower with Radar,42,33,16,29,120,0,0,33,8,41,42,33,49,37,161,4,56,60,221
08/13/2019,HSV,AL,ASO,CE,Combined TRACON& Tower with Radar,46,34,22,44,146,0,2,33,10,45,46,36,55,54,191,30,78,108,299
08/14/2019,HSV,AL,ASO,CE,Combined TRACON& Tower with Radar,41,34,24,51,150,0,0,36,16,52,41,34,60,67,202,26,82,108,310
08/15/2019,HSV,AL,ASO,CE,Combined TRACON& Tower with Radar,46,31,28,33,138,0,0,37,6,43,46,31,65,39,181,0,108,108,289
08/16/2019,HSV,AL,ASO,CE,Combined TRACON& Tower with Radar,44,36,22,88,190,0,1,47,23,71,44,37,69,111,261,18,112,130,391
08/17/2019,HSV,AL,ASO,CE,Combined TRACON& Tower with Radar,31,25,12,24,92,0,0,41,3,44,31,25,53,27,136,10,6,16,152
08/18/2019,HSV,AL,ASO,CE,Combined TRACON& Tower with Radar,43,27,12,56,138,0,0,43,16,59,43,27,55,72,197,14,18,32,229
08/19/2019,HSV,AL,ASO,CE,Combined TRACON& Tower with Radar,41,31,14,46,132,0,0,15,7,22,41,31,29,53,154,0,82,82,236
08/20/2019,HSV,AL,ASO,CE,Combined TRACON& Tower with Radar,42,24,22,111,199,0,0,31,14,45,42,24,53,125,244,2,82,84,328
08/21/2019,HSV,AL,ASO,CE,Combined TRACON& Tower with Radar,41,29,18,63,151,0,0,39,10,49,41,29,57,73,200,4,160,164,364
08/22/2019,HSV,AL,ASO,CE,Combined TRACON& Tower with Radar,46,33,25,19,123,0,0,21,8,29,46,33,46,27,152,0,6,6,158
08/23/2019,HSV,AL,ASO,CE,Combined TRACON& Tower with Radar,41,32,31,76,180,0,0,20,24,44,41,32,51,100,224,0,70,70,294
08/24/2019,HSV,AL,ASO,CE,Combined TRACON& Tower with Radar,28,24,9,19,80,0,0,14,8,22,28,24,23,27,102,0,20,20,122
08/25/2019,HSV,AL,ASO,CE,Combined TRACON& Tower with Radar,40,27,20,5,92,0,0,1,1,2,40,27,21,6,94,0,0,0,94
08/26/2019,HSV,AL,ASO,CE,Combined TRACON& Tower with Radar,44,33,26,28,131,0,0,0,0,0,44,33,26,28,131,0,0,0,131
08/27/2019,HSV,AL,ASO,CE,Combined TRACON& Tower with Radar,44,30,12,23,109,0,2,5,2,9,44,32,17,25,118,0,14,14,132
08/28/2019,HSV,AL,ASO,CE,Combined TRACON& Tower with Radar,42,37,34,59,172,0,2,37,20,59,42,39,71,79,231,8,70,78,309
08/29/2019,HSV,AL,ASO,CE,Combined TRACON& Tower with Radar,47,34,33,15,129,0,2,22,8,32,47,36,55,23,161,2,26,28,189
08/30/2019,HSV,AL,ASO,CE,Combined TRACON& Tower with Radar,42,33,26,9,110,0,0,37,3,40,42,33,63,12,150,16,18,34,184
08/31/2019,HSV,AL,ASO,CE,Combined TRACON& Tower with Radar,25,32,11,0,68,0,0,37,0,37,25,32,48,0,105,8,0,8,113
09/01/2019,HSV,AL,ASO,CE,Combined TRACON& Tower with Radar,29,25,15,1,70,0,0,12,0,12,29,25,27,1,82,0,0,0,82
09/02/2019,HSV,AL,ASO,CE,Combined TRACON& Tower with Radar,39,51,22,0,112,0,1,26,0,27,39,52,48,0,139,4,4,8,147
09/03/2019,HSV,AL,ASO,CE,Combined TRACON& Tower with Radar,42,34,19,41,136,0,0,17,10,27,42,34,36,51,163,32,106,138,301
09/04/2019,HSV,AL,ASO,CE,Combined TRACON& Tower with Radar,39,40,25,17,121,0,0,28,4,32,39,40,53,21,153,10,54,64,217
09/05/2019,HSV,AL,ASO,CE,Combined TRACON& Tower with Radar,46,48,22,41,157,0,0,35,9,44,46,48,57,50,201,12,80,92,293
09/06/2019,HSV,AL,ASO,CE,Combined TRACON& Tower with Radar,43,50,26,58,177,0,2,20,7,29,43,52,46,65,206,14,18,32,238
09/07/2019,HSV,AL,ASO,CE,Combined TRACON& Tower with Radar,29,23,11,33,96,0,0,39,5,44,29,23,50,38,140,2,10,12,152
09/08/2019,HSV,AL,ASO,CE,Combined TRACON& Tower with Radar,44,29,12,4,89,0,1,32,1,34,44,30,44,5,123,0,8,8,131
09/09/2019,HSV,AL,ASO,CE,Combined TRACON& Tower with Radar,47,35,16,32,130,0,2,17,10,29,47,37,33,42,159,14,52,66,225
09/10/2019,HSV,AL,ASO,CE,Combined TRACON& Tower with Radar,48,32,22,27,129,0,0,24,17,41,48,32,46,44,170,2,28,30,200
09/11/2019,HSV,AL,ASO,CE,Combined TRACON& Tower with Radar,43,32,23,27,125,0,0,15,5,20,43,32,38,32,145,0,22,22,167
09/12/2019,HSV,AL,ASO,CE,Combined TRACON& Tower with Radar,54,33,29,31,147,0,0,38,9,47,54,33,67,40,194,30,20,50,244
09/13/2019,HSV,AL,ASO,CE,Combined TRACON& Tower with Radar,46,34,27,23,130,0,2,35,17,54,46,36,62,40,184,0,82,82,266
09/14/2019,HSV,AL,ASO,CE,Combined TRACON& Tower with Radar,30,24,13,10,77,0,0,24,3,27,30,24,37,13,104,0,18,18,122
09/15/2019,HSV,AL,ASO,CE,Combined TRACON& Tower with Radar,46,28,18,20,112,0,0,36,18,54,46,28,54,38,166,4,0,4,170
09/16/2019,HSV,AL,ASO,CE,Combined TRACON& Tower with Radar,45,35,20,53,153,0,2,17,11,30,45,37,37,64,183,8,90,98,281
09/17/2019,HSV,AL,ASO,CE,Combined TRACON& Tower with Radar,53,31,13,48,145,0,4,22,15,41,53,35,35,63,186,0,52,52,238
09/18/2019,HSV,AL,ASO,CE,Combined TRACON& Tower with Radar,42,38,18,43,141,0,0,26,1,27,42,38,44,44,168,42,0,42,210
09/19/2019,HSV,AL,ASO,CE,Combined TRACON& Tower with Radar,49,54,24,76,203,0,0,22,17,39,49,54,46,93,242,10,130,140,382
09/20/2019,HSV,AL,ASO,CE,Combined TRACON& Tower with Radar,47,29,9,73,158,0,0,22,16,38,47,29,31,89,196,18,118,136,332
09/21/2019,HSV,AL,ASO,CE,Combined TRACON& Tower with Radar,29,24,11,1,65,0,2,41,1,44,29,26,52,2,109,0,0,0,109
09/22/2019,HSV,AL,ASO,CE,Combined TRACON& Tower with Radar,43,31,7,4,85,0,0,34,0,34,43,31,41,4,119,22,0,22,141
09/23/2019,HSV,AL,ASO,CE,Combined TRACON& Tower with Radar,46,37,13,10,106,0,1,15,4,20,46,38,28,14,126,2,34,36,162
09/24/2019,HSV,AL,ASO,CE,Combined TRACON& Tower with Radar,51,34,23,29,137,0,2,32,18,52,51,36,55,47,189,16,24,40,229
09/25/2019,HSV,AL,ASO,CE,Combined TRACON& Tower with Radar,42,33,15,33,123,0,0,12,7,19,42,33,27,40,142,42,26,68,210
09/26/2019,HSV,AL,ASO,CE,Combined TRACON& Tower with Radar,50,37,26,13,126,0,0,9,6,15,50,37,35,19,141,6,62,68,209
09/27/2019,HSV,AL,ASO,CE,Combined TRACON& Tower with Radar,45,35,13,42,135,0,0,24,14,38,45,35,37,56,173,2,46,48,221
09/28/2019,HSV,AL,ASO,CE,Combined TRACON& Tower with Radar,34,25,12,0,71,0,0,41,0,41,34,25,53,0,112,4,0,4,116
09/29/2019,HSV,AL,ASO,CE,Combined TRACON& Tower with Radar,42,34,13,2,91,0,1,27,0,28,42,35,40,2,119,8,0,8,127
09/30/2019,HSV,AL,ASO,CE,Combined TRACON& Tower with Radar,45,32,14,63,154,0,0,18,9,27,45,32,32,72,181,24,26,50,231
10/01/2019,HSV,AL,ASO,CE,Combined TRACON& Tower with Radar,47,36,18,45,146,0,0,22,11,33,47,36,40,56,179,0,40,40,219
10/02/2019,HSV,AL,ASO,CE,Combined TRACON& Tower with Radar,40,28,18,39,125,0,0,22,23,45,40,28,40,62,170,0,92,92,262
10/03/2019,HSV,AL,ASO,CE,Combined TRACON& Tower with Radar,49,36,26,38,149,0,0,22,13,35,49,36,48,51,184,4,74,78,262
10/04/2019,HSV,AL,ASO,CE,Combined TRACON& Tower with Radar,43,31,19,43,136,0,0,33,9,42,43,31,52,52,178,20,32,52,230
10/05/2019,HSV,AL,ASO,CE,Combined TRACON& Tower with Radar,31,28,13,29,101,0,0,19,4,23,31,28,32,33,124,0,0,0,124
10/06/2019,HSV,AL,ASO,CE,Combined TRACON& Tower with Radar,46,25,18,0,89,0,0,14,0,14,46,25,32,0,103,12,0,12,115
10/07/2019,HSV,AL,ASO,CE,Combined TRACON& Tower with Radar,48,32,7,48,135,0,0,2,3,5,48,32,9,51,140,0,6,6,146
10/08/2019,HSV,AL,ASO,CE,Combined TRACON& Tower with Radar,47,33,21,50,151,0,0,8,9,17,47,33,29,59,168,0,26,26,194
10/09/2019,HSV,AL,ASO,CE,Combined TRACON& Tower with Radar,45,26,19,73,163,0,2,27,8,37,45,28,46,81,200,10,30,40,240
10/10/2019,HSV,AL,ASO,CE,Combined TRACON& Tower with Radar,54,24,16,68,162,0,6,27,12,45,54,30,43,80,207,7,80,87,294
10/11/2019,HSV,AL,ASO,CE,Combined TRACON& Tower with Radar,44,31,13,70,158,0,2,27,9,38,44,33,40,79,196,8,24,32,228
10/12/2019,HSV,AL,ASO,CE,Combined TRACON& Tower with Radar,30,25,13,2,70,0,0,21,0,21,30,25,34,2,91,4,0,4,95
10/13/2019,HSV,AL,ASO,CE,Combined TRACON& Tower with Radar,44,31,18,4,97,0,0,31,0,31,44,31,49,4,128,6,0,6,134
10/14/2019,HSV,AL,ASO,CE,Combined TRACON& Tower with Radar,50,26,22,0,98,0,0,30,7,37,50,26,52,7,135,10,10,20,155
10/15/2019,HSV,AL,ASO,CE,Combined TRACON& Tower with Radar,49,31,24,77,181,0,0,7,11,18,49,31,31,88,199,14,56,70,269
10/16/2019,HSV,AL,ASO,CE,Combined TRACON& Tower with Radar,43,27,21,39,130,0,0,12,6,18,43,27,33,45,148,0,22,22,170
10/17/2019,HSV,AL,ASO,CE,Combined TRACON& Tower with Radar,50,30,19,29,128,0,2,38,6,46,50,32,57,35,174,6,58,64,238
10/18/2019,HSV,AL,ASO,CE,Combined TRACON& Tower with Radar,49,38,28,39,154,0,0,32,23,55,49,38,60,62,209,20,68,88,297
10/19/2019,HSV,AL,ASO,CE,Combined TRACON& Tower with Radar,30,40,23,7,100,0,0,5,1,6,30,40,28,8,106,6,0,6,112
10/20/2019,HSV,AL,ASO,CE,Combined TRACON& Tower with Radar,46,27,32,13,118,0,0,20,8,28,46,27,52,21,146,14,0,14,160
10/21/2019,HSV,AL,ASO,CE,Combined TRACON& Tower with Radar,49,24,14,2,89,0,0,1,2,3,49,24,15,4,92,0,0,0,92
10/22/2019,HSV,AL,ASO,CE,Combined TRACON& Tower with Radar,50,33,18,32,133,0,6,12,5,23,50,39,30,37,156,4,14,18,174
10/23/2019,HSV,AL,ASO,CE,Combined TRACON& Tower with Radar,43,27,31,51,152,0,2,36,5,43,43,29,67,56,195,2,18,20,215
10/24/2019,HSV,AL,ASO,CE,Combined TRACON& Tower with Radar,49,29,33,15,126,0,2,34,3,39,49,31,67,18,165,12,12,24,189
10/25/2019,HSV,AL,ASO,CE,Combined TRACON& Tower with Radar,51,28,14,32,125,0,0,1,2,3,51,28,15,34,128,0,0,0,128
10/26/2019,HSV,AL,ASO,CE,Combined TRACON& Tower with Radar,28,25,4,0,57,0,0,1,0,1,28,25,5,0,58,0,0,0,58
10/27/2019,HSV,AL,ASO,CE,Combined TRACON& Tower with Radar,41,36,27,7,111,0,0,7,0,7,41,36,34,7,118,0,0,0,118
10/28/2019,HSV,AL,ASO,CE,Combined TRACON& Tower with Radar,45,39,24,46,154,0,0,4,0,4,45,39,28,46,158,52,46,98,256
10/29/2019,HSV,AL,ASO,CE,Combined TRACON& Tower with Radar,49,27,23,64,163,0,0,8,6,14,49,27,31,70,177,0,12,12,189
10/30/2019,HSV,AL,ASO,CE,Combined TRACON& Tower with Radar,51,23,8,0,82,0,0,0,0,0,51,23,8,0,82,0,0,0,82
10/31/2019,HSV,AL,ASO,CE,Combined TRACON& Tower with Radar,37,19,4,9,69,0,0,0,0,0,37,19,4,9,69,0,0,0,69
11/01/2019,HSV,AL,ASO,CE,Combined TRACON& Tower with Radar,46,40,17,54,157,0,2,47,22,71,46,42,64,76,228,18,94,112,340
11/02/2019,HSV,AL,ASO,CE,Combined TRACON& Tower with Radar,32,25,13,8,78,0,4,39,1,44,32,29,52,9,122,10,0,10,132
11/03/2019,HSV,AL,ASO,CE,Combined TRACON& Tower with Radar,47,29,23,6,105,0,0,40,0,40,47,29,63,6,145,20,8,28,173
11/04/2019,HSV,AL,ASO,CE,Combined TRACON& Tower with Radar,47,34,9,17,107,0,0,17,2,19,47,34,26,19,126,34,0,34,160
11/05/2019,HSV,AL,ASO,CE,Combined TRACON& Tower with Radar,47,32,21,25,125,0,2,31,11,44,47,34,52,36,169,0,0,0,169
11/06/2019,HSV,AL,ASO,CE,Combined TRACON& Tower with Radar,40,30,14,37,121,0,0,28,11,39,40,30,42,48,160,4,8,12,172
11/07/2019,HSV,AL,ASO,CE,Combined TRACON& Tower with Radar,50,31,16,12,109,0,0,2,1,3,50,31,18,13,112,8,8,16,128
11/08/2019,HSV,AL,ASO,CE,Combined TRACON& Tower with Radar,49,35,30,30,144,0,0,31,6,37,49,35,61,36,181,4,36,40,221
11/09/2019,HSV,AL,ASO,CE,Combined TRACON& Tower with Radar,34,24,11,4,73,0,0,28,5,33,34,24,39,9,106,12,0,12,118
11/10/2019,HSV,AL,ASO,CE,Combined TRACON& Tower with Radar,46,36,20,0,102,0,0,36,4,40,46,36,56,4,142,6,0,6,148
11/11/2019,HSV,AL,ASO,CE,Combined TRACON& Tower with Radar,48,24,16,0,88,0,0,13,0,13,48,24,29,0,101,10,0,10,111
11/12/2019,HSV,AL,ASO,CE,Combined TRACON& Tower with Radar,56,27,20,14,117,0,0,11,4,15,56,27,31,18,132,8,50,58,190
11/13/2019,HSV,AL,ASO,CE,Combined TRACON& Tower with Radar,50,40,9,32,131,0,0,17,14,31,50,40,26,46,162,28,62,90,252
11/14/2019,HSV,AL,ASO,CE,Combined TRACON& Tower with Radar,45,33,19,39,136,0,0,23,8,31,45,33,42,47,167,14,14,28,195
11/15/2019,HSV,AL,ASO,CE,Combined TRACON& Tower with Radar,50,34,23,53,160,0,0,14,19,33,50,34,37,72,193,32,60,92,285
11/16/2019,HSV,AL,ASO,CE,Combined TRACON& Tower with Radar,30,20,16,13,79,0,0,42,4,46,30,20,58,17,125,14,20,34,159
11/17/2019,HSV,AL,ASO,CE,Combined TRACON& Tower with Radar,41,29,21,5,96,0,0,28,7,35,41,29,49,12,131,10,0,10,141
11/18/2019,HSV,AL,ASO,CE,Combined TRACON& Tower with Radar,52,32,13,36,133,0,0,21,13,34,52,32,34,49,167,10,36,46,213
11/19/2019,HSV,AL,ASO,CE,Combined TRACON& Tower with Radar,48,32,16,76,172,0,0,30,8,38,48,32,46,84,210,10,52,62,272
11/20/2019,HSV,AL,ASO,CE,Combined TRACON& Tower with Radar,46,35,16,52,149,0,0,35,10,45,46,35,51,62,194,0,76,76,270
11/21/2019,HSV,AL,ASO,CE,Combined TRACON& Tower with Radar,48,27,16,22,113,0,0,27,10,37,48,27,43,32,150,6,108,114,264
11/22/2019,HSV,AL,ASO,CE,Combined TRACON& Tower with Radar,51,32,22,4,109,0,0,1,0,1,51,32,23,4,110,0,0,0,110
11/23/2019,HSV,AL,ASO,CE,Combined TRACON& Tower with Radar,30,22,4,0,56,0,0,1,0,1,30,22,5,0,57,14,0,14,71
11/24/2019,HSV,AL,ASO,CE,Combined TRACON& Tower with Radar,40,30,13,10,93,0,0,51,0,51,40,30,64,10,144,0,26,26,170
11/25/2019,HSV,AL,ASO,CE,Combined TRACON& Tower with Radar,45,30,13,19,107,0,2,36,13,51,45,32,49,32,158,6,70,76,234
11/26/2019,HSV,AL,ASO,CE,Combined TRACON& Tower with Radar,46,29,21,35,131,0,0,18,6,24,46,29,39,41,155,18,92,110,265
11/27/2019,HSV,AL,ASO,CE,Combined TRACON& Tower with Radar,46,30,8,2,86,0,0,11,0,11,46,30,19,2,97,0,0,0,97
11/28/2019,HSV,AL,ASO,CE,Combined TRACON& Tower with Radar,24,14,2,0,40,0,0,6,0,6,24,14,8,0,46,0,0,0,46
11/29/2019,HSV,AL,ASO,CE,Combined TRACON& Tower with Radar,39,27,9,0,75,0,0,11,0,11,39,27,20,0,86,4,0,4,90
11/30/2019,HSV,AL,ASO,CE,Combined TRACON& Tower with Radar,36,23,15,0,74,0,0,6,0,6,36,23,21,0,80,12,0,12,92
12/01/2019,HSV,AL,ASO,CE,Combined TRACON& Tower with Radar,45,26,4,2,77,0,0,6,0,6,45,26,10,2,83,26,0,26,109
12/02/2019,HSV,AL,ASO,CE,Combined TRACON& Tower with Radar,49,31,5,13,98,0,0,0,10,10,49,31,5,23,108,14,44,58,166
12/03/2019,HSV,AL,ASO,CE,Combined TRACON& Tower with Radar,45,34,13,20,112,0,0,19,8,27,45,34,32,28,139,2,32,34,173
12/04/2019,HSV,AL,ASO,CE,Combined TRACON& Tower with Radar,47,25,20,13,105,0,0,35,15,50,47,25,55,28,155,10,52,62,217
12/05/2019,HSV,AL,ASO,CE,Combined TRACON& Tower with Radar,44,29,18,21,112,0,1,37,11,49,44,30,55,32,161,14,48,62,223
12/06/2019,HSV,AL,ASO,CE,Combined TRACON& Tower with Radar,47,31,18,21,117,0,0,12,2,14,47,31,30,23,131,6,0,6,137
12/07/2019,HSV,AL,ASO,CE,Combined TRACON& Tower with Radar,26,29,12,8,75,0,0,44,0,44,26,29,56,8,119,2,0,2,121
12/08/2019,HSV,AL,ASO,CE,Combined TRACON& Tower with Radar,38,25,3,6,72,0,0,12,0,12,38,25,15,6,84,28,0,28,112
12/09/2019,HSV,AL,ASO,CE,Combined TRACON& Tower with Radar,46,30,23,6,105,0,0,1,2,3,46,30,24,8,108,0,8,8,116
12/10/2019,HSV,AL,ASO,CE,Combined TRACON& Tower with Radar,39,26,10,11,86,0,0,0,0,0,39,26,10,11,86,0,0,0,86
12/11/2019,HSV,AL,ASO,CE,Combined TRACON& Tower with Radar,48,34,21,11,114,0,0,29,12,41,48,34,50,23,155,18,24,42,197
12/12/2019,HSV,AL,ASO,CE,Combined TRACON& Tower with Radar,50,31,25,22,128,0,0,16,9,25,50,31,41,31,153,0,76,76,229
12/13/2019,HSV,AL,ASO,CE,Combined TRACON& Tower with Radar,51,27,17,12,107,0,0,0,0,0,51,27,17,12,107,0,0,0,107
12/14/2019,HSV,AL,ASO,CE,Combined TRACON& Tower with Radar,25,23,11,19,78,0,0,9,2,11,25,23,20,21,89,0,78,78,167
12/15/2019,HSV,AL,ASO,CE,Combined TRACON& Tower with Radar,38,25,22,11,96,0,0,28,0,28,38,25,50,11,124,22,24,46,170
12/16/2019,HSV,AL,ASO,CE,Combined TRACON& Tower with Radar,48,38,18,4,108,0,0,0,1,1,48,38,18,5,109,0,0,0,109
12/17/2019,HSV,AL,ASO,CE,Combined TRACON& Tower with Radar,44,26,16,16,102,0,0,0,4,4,44,26,16,20,106,10,6,16,122
12/18/2019,HSV,AL,ASO,CE,Combined TRACON& Tower with Radar,42,28,12,46,128,0,0,27,19,46,42,28,39,65,174,0,26,26,200
12/19/2019,HSV,AL,ASO,CE,Combined TRACON& Tower with Radar,46,20,20,24,110,0,0,28,6,34,46,20,48,30,144,4,20,24,168
12/20/2019,HSV,AL,ASO,CE,Combined TRACON& Tower with Radar,48,30,24,1,103,0,0,40,3,43,48,30,64,4,146,6,0,6,152
12/21/2019,HSV,AL,ASO,CE,Combined TRACON& Tower with Radar,36,15,16,0,67,0,0,14,0,14,36,15,30,0,81,6,0,6,87
12/22/2019,HSV,AL,ASO,CE,Combined TRACON& Tower with Radar,36,21,12,0,69,0,0,1,0,1,36,21,13,0,70,0,0,0,70
12/23/2019,HSV,AL,ASO,CE,Combined TRACON& Tower with Radar,46,26,17,2,91,0,0,5,0,5,46,26,22,2,96,6,0,6,102
12/24/2019,HSV,AL,ASO,CE,Combined TRACON& Tower with Radar,31,15,11,0,57,0,0,29,1,30,31,15,40,1,87,0,0,0,87
12/25/2019,HSV,AL,ASO,CE,Combined TRACON& Tower with Radar,20,19,4,0,43,0,0,11,0,11,20,19,15,0,54,0,0,0,54
12/26/2019,HSV,AL,ASO,CE,Combined TRACON& Tower with Radar,40,24,18,2,84,0,0,26,0,26,40,24,44,2,110,8,0,8,118
12/27/2019,HSV,AL,ASO,CE,Combined TRACON& Tower with Radar,41,27,31,15,114,0,0,19,1,20,41,27,50,16,134,4,12,16,150
12/28/2019,HSV,AL,ASO,CE,Combined TRACON& Tower with Radar,29,19,18,2,68,0,0,8,0,8,29,19,26,2,76,0,0,0,76
12/29/2019,HSV,AL,ASO,CE,Combined TRACON& Tower with Radar,38,24,7,0,69,0,0,0,0,0,38,24,7,0,69,0,0,0,69
12/30/2019,HSV,AL,ASO,CE,Combined TRACON& Tower with Radar,48,24,15,0,87,0,0,21,0,21,48,24,36,0,108,10,0,10,118
12/31/2019,HSV,AL,ASO,CE,Combined TRACON& Tower with Radar,29,12,7,0,48,0,0,26,0,26,29,12,33,0,74,2,0,2,76
01/01/2020,HSV,AL,ASO,CE,Combined TRACON& Tower with Radar,24,21,9,0,54,0,0,24,0,24,24,21,33,0,78,0,0,0,78
01/02/2020,HSV,AL,ASO,CE,Combined TRACON& Tower with Radar,35,23,3,0,61,0,0,0,0,0,35,23,3,0,61,0,0,0,61
01/03/2020,HSV,AL,ASO,CE,Combined TRACON& Tower with Radar,40,21,7,22,90,0,0,0,0,0,40,21,7,22,90,0,0,0,90
01/04/2020,HSV,AL,ASO,CE,Combined TRACON& Tower with Radar,29,16,13,0,58,0,0,3,0,3,29,16,16,0,61,0,0,0,61
01/05/2020,HSV,AL,ASO,CE,Combined TRACON& Tower with Radar,41,19,21,2,83,0,2,36,2,40,41,21,57,4,123,12,0,12,135
01/06/2020,HSV,AL,ASO,CE,Combined TRACON& Tower with Radar,53,18,3,17,91,0,0,19,8,27,53,18,22,25,118,6,84,90,208
01/07/2020,HSV,AL,ASO,CE,Combined TRACON& Tower with Radar,46,21,20,17,104,0,2,12,9,23,46,23,32,26,127,8,88,96,223
01/08/2020,HSV,AL,ASO,CE,Combined TRACON& Tower with Radar,45,23,17,28,113,0,0,29,13,42,45,23,46,41,155,36,64,100,255
01/09/2020,HSV,AL,ASO,CE,Combined TRACON& Tower with Radar,50,24,12,23,109,0,0,14,18,32,50,24,26,41,141,0,132,132,273
01/10/2020,HSV,AL,ASO,CE,Combined TRACON& Tower with Radar,53,22,15,0,90,0,0,2,0,2,53,22,17,0,92,0,0,0,92
01/11/2020,HSV,AL,ASO,CE,Combined TRACON& Tower with Radar,32,14,0,0,46,0,0,1,0,1,32,14,1,0,47,0,0,0,47
01/12/2020,HSV,AL,ASO,CE,Combined TRACON& Tower with Radar,44,24,19,0,87,0,0,40,0,40,44,24,59,0,127,16,0,16,143
01/13/2020,HSV,AL,ASO,CE,Combined TRACON& Tower with Radar,50,22,22,31,125,0,0,25,8,33,50,22,47,39,158,10,96,106,264
01/14/2020,HSV,AL,ASO,CE,Combined TRACON& Tower with Radar,46,18,10,30,104,0,0,2,1,3,46,18,12,31,107,28,18,46,153
01/15/2020,HSV,AL,ASO,CE,Combined TRACON& Tower with Radar,48,21,34,15,118,0,0,10,3,13,48,21,44,18,131,14,60,74,205
01/16/2020,HSV,AL,ASO,CE,Combined TRACON& Tower with Radar,55,19,23,21,118,0,0,25,26,51,55,19,48,47,169,12,150,162,331
01/17/2020,HSV,AL,ASO,CE,Combined TRACON& Tower with Radar,57,22,18,40,137,0,0,37,10,47,57,22,55,50,184,10,6,16,200
01/18/2020,HSV,AL,ASO,CE,Combined TRACON& Tower with Radar,24,25,2,0,51,0,0,0,0,0,24,25,2,0,51,0,0,0,51
01/19/2020,HSV,AL,ASO,CE,Combined TRACON& Tower with Radar,32,18,6,7,63,0,0,26,0,26,32,18,32,7,89,16,6,22,111
01/20/2020,HSV,AL,ASO,CE,Combined TRACON& Tower with Radar,48,25,21,1,95,0,0,10,0,10,48,25,31,1,105,34,0,34,139
01/21/2020,HSV,AL,ASO,CE,Combined TRACON& Tower with Radar,43,22,26,14,105,0,0,33,10,43,43,22,59,24,148,8,6,14,162
01/22/2020,HSV,AL,ASO,CE,Combined TRACON& Tower with Radar,45,21,25,48,139,0,2,40,11,53,45,23,65,59,192,6,61,67,259
01/23/2020,HSV,AL,ASO,CE,Combined TRACON& Tower with Radar,51,24,14,29,118,0,0,0,3,3,51,24,14,32,121,0,8,8,129
01/24/2020,HSV,AL,ASO,CE,Combined TRACON& Tower with Radar,52,25,13,4,94,0,0,5,3,8,52,25,18,7,102,22,0,22,124
01/25/2020,HSV,AL,ASO,CE,Combined TRACON& Tower with Radar,30,17,14,10,71,0,0,19,2,21,30,17,33,12,92,0,16,16,108
01/26/2020,HSV,AL,ASO,CE,Combined TRACON& Tower with Radar,47,23,14,5,89,0,0,20,1,21,47,23,34,6,110,62,0,62,172
01/27/2020,HSV,AL,ASO,CE,Combined TRACON& Tower with Radar,49,26,17,17,109,0,0,13,5,18,49,26,30,22,127,6,20,26,153
01/28/2020,HSV,AL,ASO,CE,Combined TRACON& Tower with Radar,45,21,23,20,109,0,0,47,12,59,45,21,70,32,168,8,90,98,266
01/29/2020,HSV,AL,ASO,CE,Combined TRACON& Tower with Radar,47,23,16,40,126,0,2,12,4,18,47,25,28,44,144,6,121,127,271
01/30/2020,HSV,AL,ASO,CE,Combined TRACON& Tower with Radar,51,19,22,11,103,0,2,37,4,43,51,21,59,15,146,24,70,94,240
01/31/2020,HSV,AL,ASO,CE,Combined TRACON& Tower with Radar,51,23,16,47,137,0,0,14,10,24,51,23,30,57,161,12,74,86,247
02/01/2020,HSV,AL,ASO,ES,Combined TRACON& Tower with Radar,25,16,20,4,65,0,0,11,1,12,25,16,31,5,77,0,0,0,77
02/02/2020,HSV,AL,ASO,ES,Combined TRACON& Tower with Radar,40,22,14,0,76,0,0,48,0,48,40,22,62,0,124,18,0,18,142
02/03/2020,HSV,AL,ASO,ES,Combined TRACON& Tower with Radar,48,23,21,30,122,0,0,42,6,48,48,23,63,36,170,24,74,98,268
02/04/2020,HSV,AL,ASO,ES,Combined TRACON& Tower with Radar,43,21,21,4,89,0,0,0,3,3,43,21,21,7,92,4,0,4,96
02/05/2020,HSV,AL,ASO,ES,Combined TRACON& Tower with Radar,45,25,14,4,88,0,0,0,0,0,45,25,14,4,88,0,0,0,88
02/06/2020,HSV,AL,ASO,ES,Combined TRACON& Tower with Radar,53,26,12,10,101,0,0,1,1,2,53,26,13,11,103,0,0,0,103
02/07/2020,HSV,AL,ASO,ES,Combined TRACON& Tower with Radar,46,24,19,2,91,0,1,14,5,20,46,25,33,7,111,28,46,74,185
02/08/2020,HSV,AL,ASO,ES,Combined TRACON& Tower with Radar,29,19,17,13,78,0,2,33,3,38,29,21,50,16,116,46,6,52,168
02/09/2020,HSV,AL,ASO,ES,Combined TRACON& Tower with Radar,44,21,21,11,97,0,6,42,1,49,44,27,63,12,146,6,4,10,156
02/10/2020,HSV,AL,ASO,ES,Combined TRACON& Tower with Radar,50,23,7,5,85,0,0,0,0,0,50,23,7,5,85,0,0,0,85
02/11/2020,HSV,AL,ASO,ES,Combined TRACON& Tower with Radar,43,31,9,14,97,0,0,1,0,1,43,31,10,14,98,0,0,0,98
02/12/2020,HSV,AL,ASO,ES,Combined TRACON& Tower with Radar,47,18,11,2,78,0,0,0,0,0,47,18,11,2,78,0,4,4,82
02/13/2020,HSV,AL,ASO,ES,Combined TRACON& Tower with Radar,44,27,20,24,115,0,0,4,6,10,44,27,24,30,125,0,28,28,153
02/14/2020,HSV,AL,ASO,ES,Combined TRACON& Tower with Radar,47,28,20,25,120,0,3,52,10,65,47,31,72,35,185,8,58,66,251
02/15/2020,HSV,AL,ASO,ES,Combined TRACON& Tower with Radar,29,20,26,5,80,0,2,63,1,66,29,22,89,6,146,4,0,4,150
02/16/2020,HSV,AL,ASO,ES,Combined TRACON& Tower with Radar,35,23,31,0,89,0,0,40,0,40,35,23,71,0,129,20,0,20,149
02/17/2020,HSV,AL,ASO,ES,Combined TRACON& Tower with Radar,48,29,22,4,103,0,0,7,0,7,48,29,29,4,110,10,6,16,126
02/18/2020,HSV,AL,ASO,ES,Combined TRACON& Tower with Radar,46,28,16,7,97,0,0,0,0,0,46,28,16,7,97,0,0,0,97
02/19/2020,HSV,AL,ASO,ES,Combined TRACON& Tower with Radar,47,30,15,63,155,0,0,8,6,14,47,30,23,69,169,20,50,70,239
02/20/2020,HSV,AL,ASO,ES,Combined TRACON& Tower with Radar,44,28,7,1,80,0,0,0,3,3,44,28,7,4,83,0,0,0,83
02/21/2020,HSV,AL,ASO,ES,Combined TRACON& Tower with Radar,53,32,20,35,140,0,4,41,20,65,53,36,61,55,205,14,90,104,309
02/22/2020,HSV,AL,ASO,ES,Combined TRACON& Tower with Radar,28,22,9,2,61,0,2,65,4,71,28,24,74,6,132,16,0,16,148
02/23/2020,HSV,AL,ASO,ES,Combined TRACON& Tower with Radar,42,23,16,14,95,0,0,22,4,26,42,23,38,18,121,8,4,12,133
02/24/2020,HSV,AL,ASO,ES,Combined TRACON& Tower with Radar,54,27,9,12,102,0,0,0,0,0,54,27,9,12,102,0,0,0,102
02/25/2020,HSV,AL,ASO,ES,Combined TRACON& Tower with Radar,45,28,26,32,131,0,0,22,15,37,45,28,48,47,168,0,140,140,308
02/26/2020,HSV,AL,ASO,ES,Combined TRACON& Tower with Radar,49,32,25,2,108,0,0,2,1,3,49,32,27,3,111,0,0,0,111
02/27/2020,HSV,AL,ASO,ES,Combined TRACON& Tower with Radar,46,33,20,38,137,0,2,27,16,45,46,35,47,54,182,10,106,116,298
02/28/2020,HSV,AL,ASO,ES,Combined TRACON& Tower with Radar,47,29,14,8,98,0,0,19,0,19,47,29,33,8,117,0,0,0,117
02/29/2020,HSV,AL,ASO,ES,Combined TRACON& Tower with Radar,31,23,7,6,67,0,0,52,0,52,31,23,59,6,119,18,8,26,145
03/01/2020,HSV,AL,ASO,ES,Combined TRACON& Tower with Radar,42,24,3,16,85,0,0,30,4,34,42,24,33,20,119,36,4,40,159
03/02/2020,HSV,AL,ASO,ES,Combined TRACON& Tower with Radar,50,25,15,4,94,0,0,0,1,1,50,25,15,5,95,0,0,0,95
03/03/2020,HSV,AL,ASO,ES,Combined TRACON& Tower with Radar,45,29,11,2,87,0,2,10,4,16,45,31,21,6,103,0,0,0,103
03/04/2020,HSV,AL,ASO,ES,Combined TRACON& Tower with Radar,43,35,18,20,116,0,0,8,11,19,43,35,26,31,135,46,58,104,239
03/05/2020,HSV,AL,ASO,ES,Combined TRACON& Tower with Radar,49,31,12,19,111,0,0,21,7,28,49,31,33,26,139,30,160,190,329
03/06/2020,HSV,AL,ASO,ES,Combined TRACON& Tower with Radar,47,30,16,50,143,0,7,29,25,61,47,37,45,75,204,10,138,148,352
03/07/2020,HSV,AL,ASO,ES,Combined TRACON& Tower with Radar,34,33,15,22,104,0,2,60,0,62,34,35,75,22,166,24,0,24,190
03/08/2020,HSV,AL,ASO,ES,Combined TRACON& Tower with Radar,40,31,8,14,93,0,0,47,6,53,40,31,55,20,146,8,4,12,158
03/09/2020,HSV,AL,ASO,ES,Combined TRACON& Tower with Radar,48,30,21,27,126,0,0,19,8,27,48,30,40,35,153,10,48,58,211
03/10/2020,HSV,AL,ASO,ES,Combined TRACON& Tower with Radar,42,32,25,14,113,0,0,4,1,5,42,32,29,15,118,0,26,26,144
03/11/2020,HSV,AL,ASO,ES,Combined TRACON& Tower with Radar,42,27,16,28,113,0,0,0,3,3,42,27,16,31,116,0,0,0,116
03/12/2020,HSV,AL,ASO,ES,Combined TRACON& Tower with Radar,59,29,16,14,118,0,0,0,5,5,59,29,16,19,123,0,0,0,123
03/13/2020,HSV,AL,ASO,ES,Combined TRACON& Tower with Radar,45,29,18,34,126,0,0,5,15,20,45,29,23,49,146,6,106,112,258
03/14/2020,HSV,AL,ASO,ES,Combined TRACON& Tower with Radar,37,25,20,0,82,0,0,23,0,23,37,25,43,0,105,12,0,12,117
03/15/2020,HSV,AL,ASO,ES,Combined TRACON& Tower with Radar,40,29,25,0,94,0,0,1,0,1,40,29,26,0,95,0,0,0,95
03/16/2020,HSV,AL,ASO,ES,Combined TRACON& Tower with Radar,50,28,11,13,102,0,0,6,1,7,50,28,17,14,109,0,0,0,109
03/17/2020,HSV,AL,ASO,ES,Combined TRACON& Tower with Radar,37,32,17,20,106,0,0,10,2,12,37,32,27,22,118,38,0,38,156
03/18/2020,HSV,AL,ASO,ES,Combined TRACON& Tower with Radar,42,27,10,10,89,0,1,12,2,15,42,28,22,12,104,22,30,52,156
03/19/2020,HSV,AL,ASO,ES,Combined TRACON& Tower with Radar,48,28,15,34,125,0,0,8,3,11,48,28,23,37,136,16,74,90,226
03/20/2020,HSV,AL,ASO,ES,Combined TRACON& Tower with Radar,37,29,12,2,80,0,0,0,2,2,37,29,12,4,82,14,0,14,96
03/21/2020,HSV,AL,ASO,ES,Combined TRACON& Tower with Radar,27,25,28,3,83,0,0,4,0,4,27,25,32,3,87,22,0,22,109
03/22/2020,HSV,AL,ASO,ES,Combined TRACON& Tower with Radar,31,20,12,0,63,0,0,33,0,33,31,20,45,0,96,0,0,0,96
03/23/2020,HSV,AL,ASO,ES,Combined TRACON& Tower with Radar,18,29,2,4,53,0,0,0,0,0,18,29,2,4,53,0,0,0,53
03/24/2020,HSV,AL,ASO,ES,Combined TRACON& Tower with Radar,21,29,0,0,50,0,0,2,3,5,21,29,2,3,55,10,0,10,65
03/25/2020,HSV,AL,ASO,ES,Combined TRACON& Tower with Radar,18,28,20,14,80,0,0,22,4,26,18,28,42,18,106,32,34,66,172
03/26/2020,HSV,AL,ASO,ES,Combined TRACON& Tower with Radar,24,25,9,21,79,0,0,39,13,52,24,25,48,34,131,2,46,48,179
03/27/2020,HSV,AL,ASO,ES,Combined TRACON& Tower with Radar,19,19,4,22,64,0,2,26,6,34,19,21,30,28,98,38,26,64,162
03/28/2020,HSV,AL,ASO,ES,Combined TRACON& Tower with Radar,18,14,11,16,59,0,0,10,11,21,18,14,21,27,80,24,108,132,212
03/29/2020,HSV,AL,ASO,ES,Combined TRACON& Tower with Radar,15,23,8,0,46,0,0,21,0,21,15,23,29,0,67,0,14,14,81
03/30/2020,HSV,AL,ASO,ES,Combined TRACON& Tower with Radar,17,19,11,10,57,0,2,12,9,23,17,21,23,19,80,0,36,36,116
03/31/2020,HSV,AL,ASO,ES,Combined TRACON& Tower with Radar,19,15,5,16,55,0,0,1,0,1,19,15,6,16,56,2,28,30,86
04/01/2020,HSV,AL,ASO,ES,Combined TRACON& Tower with Radar,19,17,12,14,62,0,0,14,9,23,19,17,26,23,85,6,44,50,135
04/02/2020,HSV,AL,ASO,ES,Combined TRACON& Tower with Radar,19,20,13,11,63,0,1,38,11,50,19,21,51,22,113,26,96,122,235
04/03/2020,HSV,AL,ASO,ES,Combined TRACON& Tower with Radar,21,20,2,19,62,0,1,23,6,30,21,21,25,25,92,2,70,72,164
04/04/2020,HSV,AL,ASO,ES,Combined TRACON& Tower with Radar,14,10,7,4,35,0,0,28,3,31,14,10,35,7,66,0,42,42,108
04/05/2020,HSV,AL,ASO,ES,Combined TRACON& Tower with Radar,12,15,3,0,30,0,0,15,2,17,12,15,18,2,47,0,0,0,47
04/06/2020,HSV,AL,ASO,ES,Combined TRACON& Tower with Radar,20,19,11,20,70,0,0,10,2,12,20,19,21,22,82,4,48,52,134
04/07/2020,HSV,AL,ASO,ES,Combined TRACON& Tower with Radar,15,9,13,9,46,0,0,3,3,6,15,9,16,12,52,12,24,36,88
04/08/2020,HSV,AL,ASO,ES,Combined TRACON& Tower with Radar,17,8,10,15,50,0,0,1,0,1,17,8,11,15,51,0,0,0,51
04/09/2020,HSV,AL,ASO,ES,Combined TRACON& Tower with Radar,14,6,12,16,48,0,0,6,9,15,14,6,18,25,63,6,16,22,85
04/10/2020,HSV,AL,ASO,ES,Combined TRACON& Tower with Radar,17,10,1,30,58,0,0,10,12,22,17,10,11,42,80,6,0,6,86
04/11/2020,HSV,AL,ASO,ES,Combined TRACON& Tower with Radar,14,5,8,19,46,0,0,27,6,33,14,5,35,25,79,20,50,70,149
04/12/2020,HSV,AL,ASO,ES,Combined TRACON& Tower with Radar,11,3,0,0,14,0,0,0,0,0,11,3,0,0,14,0,0,0,14
04/13/2020,HSV,AL,ASO,ES,Combined TRACON& Tower with Radar,15,8,8,20,51,0,0,1,2,3,15,8,9,22,54,0,36,36,90
04/14/2020,HSV,AL,ASO,ES,Combined TRACON& Tower with Radar,19,9,6,21,55,0,0,2,10,12,19,9,8,31,67,8,12,20,87
04/15/2020,HSV,AL,ASO,ES,Combined TRACON& Tower with Radar,15,8,4,35,62,0,0,17,15,32,15,8,21,50,94,4,72,76,170
04/16/2020,HSV,AL,ASO,ES,Combined TRACON& Tower with Radar,11,8,10,36,65,0,0,17,17,34,11,8,27,53,99,2,82,84,183
04/17/2020,HSV,AL,ASO,ES,Combined TRACON& Tower with Radar,12,7,11,36,66,0,0,12,7,19,12,7,23,43,85,6,40,46,131
04/18/2020,HSV,AL,ASO,ES,Combined TRACON& Tower with Radar,9,6,5,18,38,0,0,25,3,28,9,6,30,21,66,16,34,50,116
04/19/2020,HSV,AL,ASO,ES,Combined TRACON& Tower with Radar,9,6,2,0,17,0,0,0,0,0,9,6,2,0,17,0,0,0,17
04/20/2020,HSV,AL,ASO,ES,Combined TRACON& Tower with Radar,10,7,11,26,54,0,0,6,2,8,10,7,17,28,62,2,52,54,116
04/21/2020,HSV,AL,ASO,ES,Combined TRACON& Tower with Radar,14,4,9,16,43,0,0,13,6,19,14,4,22,22,62,4,14,18,80
04/22/2020,HSV,AL,ASO,ES,Combined TRACON& Tower with Radar,7,4,7,17,35,0,0,12,27,39,7,4,19,44,74,20,102,122,196
04/23/2020,HSV,AL,ASO,ES,Combined TRACON& Tower with Radar,14,7,1,8,30,0,0,0,2,2,14,7,1,10,32,0,14,14,46
04/24/2020,HSV,AL,ASO,ES,Combined TRACON& Tower with Radar,10,5,8,35,58,0,0,10,7,17,10,5,18,42,75,6,48,54,129
04/25/2020,HSV,AL,ASO,ES,Combined TRACON& Tower with Radar,14,3,9,2,28,0,0,0,0,0,14,3,9,2,28,0,0,0,28
04/26/2020,HSV,AL,ASO,ES,Combined TRACON& Tower with Radar,10,7,4,2,23,0,0,0,0,0,10,7,4,2,23,0,0,0,23
04/27/2020,HSV,AL,ASO,ES,Combined TRACON& Tower with Radar,13,8,16,30,67,0,0,32,14,46,13,8,48,44,113,30,50,80,193
04/28/2020,HSV,AL,ASO,ES,Combined TRACON& Tower with Radar,14,5,16,12,47,0,0,18,9,27,14,5,34,21,74,6,24,30,104
04/29/2020,HSV,AL,ASO,ES,Combined TRACON& Tower with Radar,13,6,3,6,28,0,0,0,2,2,13,6,3,8,30,0,0,0,30
04/30/2020,HSV,AL,ASO,ES,Combined TRACON& Tower with Radar,13,13,15,28,69,0,0,4,13,17,13,13,19,41,86,4,8,12,98
05/01/2020,HSV,AL,ASO,ES,Combined TRACON& Tower with Radar,15,12,22,24,73,0,0,29,13,42,15,12,51,37,115,44,44,88,203
05/02/2020,HSV,AL,ASO,ES,Combined TRACON& Tower with Radar,14,9,10,14,47,0,0,31,2,33,14,9,41,16,80,8,10,18,98
05/03/2020,HSV,AL,ASO,ES,Combined TRACON& Tower with Radar,14,8,14,0,36,0,0,13,0,13,14,8,27,0,49,0,0,0,49
05/04/2020,HSV,AL,ASO,ES,Combined TRACON& Tower with Radar,14,5,10,21,50,0,0,5,19,24,14,5,15,40,74,0,0,0,74
05/05/2020,HSV,AL,ASO,ES,Combined TRACON& Tower with Radar,16,11,15,53,95,0,0,4,3,7,16,11,19,56,102,2,14,16,118
05/06/2020,HSV,AL,ASO,ES,Combined TRACON& Tower with Radar,16,7,12,32,67,0,0,16,9,25,16,7,28,41,92,38,18,56,148
05/07/2020,HSV,AL,ASO,ES,Combined TRACON& Tower with Radar,15,12,15,54,96,0,0,29,9,38,15,12,44,63,134,0,0,0,134
05/08/2020,HSV,AL,ASO,ES,Combined TRACON& Tower with Radar,13,14,5,35,67,0,0,2,9,11,13,14,7,44,78,0,22,22,100
05/09/2020,HSV,AL,ASO,ES,Combined TRACON& Tower with Radar,17,8,15,29,69,0,1,41,0,42,17,9,56,29,111,0,0,0,111
05/10/2020,HSV,AL,ASO,ES,Combined TRACON& Tower with Radar,12,8,14,0,34,0,0,21,1,22,12,8,35,1,56,0,0,0,56
05/11/2020,HSV,AL,ASO,ES,Combined TRACON& Tower with Radar,15,8,25,11,59,0,0,19,11,30,15,8,44,22,89,22,22,44,133
05/12/2020,HSV,AL,ASO,ES,Combined TRACON& Tower with Radar,17,10,18,31,76,0,0,19,8,27,17,10,37,39,103,0,0,0,103
05/13/2020,HSV,AL,ASO,ES,Combined TRACON& Tower with Radar,14,6,18,27,65,0,0,28,5,33,14,6,46,32,98,20,68,88,186
05/14/2020,HSV,AL,ASO,ES,Combined TRACON& Tower with Radar,17,10,23,27,77,0,0,22,11,33,17,10,45,38,110,18,30,48,158
05/15/2020,HSV,AL,ASO,ES,Combined TRACON& Tower with Radar,14,12,21,14,61,0,0,14,11,25,14,12,35,25,86,2,32,34,120
05/16/2020,HSV,AL,ASO,ES,Combined TRACON& Tower with Radar,16,12,10,12,50,0,0,39,5,44,16,12,49,17,94,6,14,20,114
05/17/2020,HSV,AL,ASO,ES,Combined TRACON& Tower with Radar,12,11,15,2,40,0,0,17,0,17,12,11,32,2,57,10,0,10,67
05/18/2020,HSV,AL,ASO,ES,Combined TRACON& Tower with Radar,18,8,20,12,58,0,0,2,8,10,18,8,22,20,68,0,24,24,92
05/19/2020,HSV,AL,ASO,ES,Combined TRACON& Tower with Radar,17,8,14,21,60,0,0,26,8,34,17,8,40,29,94,18,14,32,126
05/20/2020,HSV,AL,ASO,ES,Combined TRACON& Tower with Radar,15,10,13,23,61,0,0,18,5,23,15,10,31,28,84,6,0,6,90
05/21/2020,HSV,AL,ASO,ES,Combined TRACON& Tower with Radar,16,10,41,39,106,0,0,49,7,56,16,10,90,46,162,70,48,118,280
05/22/2020,HSV,AL,ASO,ES,Combined TRACON& Tower with Radar,14,16,12,4,46,0,0,11,0,11,14,16,23,4,57,0,0,0,57
05/23/2020,HSV,AL,ASO,ES,Combined TRACON& Tower with Radar,14,11,6,5,36,0,0,9,0,9,14,11,15,5,45,12,0,12,57
05/24/2020,HSV,AL,ASO,ES,Combined TRACON& Tower with Radar,14,9,23,0,46,0,0,59,0,59,14,9,82,0,105,4,0,4,109
05/25/2020,HSV,AL,ASO,ES,Combined TRACON& Tower with Radar,13,6,19,0,38,0,0,33,0,33,13,6,52,0,71,0,0,0,71
05/26/2020,HSV,AL,ASO,ES,Combined TRACON& Tower with Radar,17,12,28,6,63,0,0,4,5,9,17,12,32,11,72,0,0,0,72
05/27/2020,HSV,AL,ASO,ES,Combined TRACON& Tower with Radar,14,10,20,24,68,0,0,0,0,0,14,10,20,24,68,0,6,6,74
05/28/2020,HSV,AL,ASO,ES,Combined TRACON& Tower with Radar,16,16,16,37,85,0,0,19,5,24,16,16,35,42,109,28,10,38,147
05/29/2020,HSV,AL,ASO,ES,Combined TRACON& Tower with Radar,14,16,16,15,61,0,0,48,7,55,14,16,64,22,116,24,36,60,176
05/30/2020,HSV,AL,ASO,ES,Combined TRACON& Tower with Radar,14,8,26,0,48,0,0,71,1,72,14,8,97,1,120,34,0,34,154
05/31/2020,HSV,AL,ASO,ES,Combined TRACON& Tower with Radar,14,8,19,0,41,0,0,56,0,56,14,8,75,0,97,20,0,20,117
06/01/2020,HSV,AL,ASO,ES,Combined TRACON& Tower with Radar,16,8,25,60,109,0,0,39,9,48,16,8,64,69,157,34,42,76,233
06/02/2020,HSV,AL,ASO,ES,Combined TRACON& Tower with Radar,18,10,13,72,113,0,0,43,25,68,18,10,56,97,181,4,68,72,253
06/03/2020,HSV,AL,ASO,ES,Combined TRACON& Tower with Radar,16,8,15,45,84,0,2,30,8,40,16,10,45,53,124,28,12,40,164
06/04/2020,HSV,AL,ASO,ES,Combined TRACON& Tower with Radar,18,7,14,38,77,0,0,16,9,25,18,7,30,47,102,0,15,15,117
06/05/2020,HSV,AL,ASO,ES,Combined TRACON& Tower with Radar,16,9,25,16,66,0,0,28,0,28,16,9,53,16,94,4,0,4,98
06/06/2020,HSV,AL,ASO,ES,Combined TRACON& Tower with Radar,16,9,31,3,59,0,0,74,4,78,16,9,105,7,137,8,0,8,145
06/07/2020,HSV,AL,ASO,ES,Combined TRACON& Tower with Radar,16,7,10,8,41,0,0,51,0,51,16,7,61,8,92,0,0,0,92
06/08/2020,HSV,AL,ASO,ES,Combined TRACON& Tower with Radar,17,8,13,13,51,0,0,2,2,4,17,8,15,15,55,0,0,0,55
06/09/2020,HSV,AL,ASO,ES,Combined TRACON& Tower with Radar,10,14,12,17,53,0,0,5,6,11,10,14,17,23,64,0,0,0,64
06/10/2020,HSV,AL,ASO,ES,Combined TRACON& Tower with Radar,13,10,12,13,48,0,0,13,8,21,13,10,25,21,69,0,0,0,69
06/11/2020,HSV,AL,ASO,ES,Combined TRACON& Tower with Radar,19,8,28,48,103,0,0,60,13,73,19,8,88,61,176,7,16,23,199
06/12/2020,HSV,AL,ASO,ES,Combined TRACON& Tower with Radar,17,12,36,34,99,0,0,84,6,90,17,12,120,40,189,24,26,50,239
06/13/2020,HSV,AL,ASO,ES,Combined TRACON& Tower with Radar,16,8,21,17,62,0,0,61,0,61,16,8,82,17,123,10,10,20,143
06/14/2020,HSV,AL,ASO,ES,Combined TRACON& Tower with Radar,16,6,20,0,42,0,0,55,0,55,16,6,75,0,97,16,0,16,113
06/15/2020,HSV,AL,ASO,ES,Combined TRACON& Tower with Radar,17,8,29,31,85,0,0,51,9,60,17,8,80,40,145,4,38,42,187
06/16/2020,HSV,AL,ASO,ES,Combined TRACON& Tower with Radar,20,10,22,47,99,0,0,55,9,64,20,10,77,56,163,10,60,70,233
06/17/2020,HSV,AL,ASO,ES,Combined TRACON& Tower with Radar,16,11,39,39,105,0,0,51,16,67,16,11,90,55,172,21,41,62,234
06/18/2020,HSV,AL,ASO,ES,Combined TRACON& Tower with Radar,18,10,22,72,122,0,0,66,22,88,18,10,88,94,210,24,90,114,324
06/19/2020,HSV,AL,ASO,ES,Combined TRACON& Tower with Radar,18,10,30,15,73,0,0,48,11,59,18,10,78,26,132,28,32,60,192
06/20/2020,HSV,AL,ASO,ES,Combined TRACON& Tower with Radar,15,9,20,0,44,0,0,50,0,50,15,9,70,0,94,24,0,24,118
06/21/2020,HSV,AL,ASO,ES,Combined TRACON& Tower with Radar,15,8,14,0,37,0,0,13,0,13,15,8,27,0,50,0,0,0,50
06/22/2020,HSV,AL,ASO,ES,Combined TRACON& Tower with Radar,16,8,23,17,64,0,0,18,6,24,16,8,41,23,88,14,34,48,136
06/23/2020,HSV,AL,ASO,ES,Combined TRACON& Tower with Radar,19,8,30,21,78,0,0,8,2,10,19,8,38,23,88,14,10,24,112
06/24/2020,HSV,AL,ASO,ES,Combined TRACON& Tower with Radar,18,8,17,28,71,0,0,4,1,5,18,8,21,29,76,0,0,0,76
06/25/2020,HSV,AL,ASO,ES,Combined TRACON& Tower with Radar,18,8,32,16,74,0,0,33,4,37,18,8,65,20,111,40,12,52,163
06/26/2020,HSV,AL,ASO,ES,Combined TRACON& Tower with Radar,18,9,34,14,75,0,0,6,1,7,18,9,40,15,82,0,0,0,82
06/27/2020,HSV,AL,ASO,ES,Combined TRACON& Tower with Radar,16,8,16,0,40,0,0,10,0,10,16,8,26,0,50,0,0,0,50
06/28/2020,HSV,AL,ASO,ES,Combined TRACON& Tower with Radar,14,6,20,3,43,0,0,28,0,28,14,6,48,3,71,8,0,8,79
06/29/2020,HSV,AL,ASO,ES,Combined TRACON& Tower with Radar,18,12,18,22,70,0,0,24,9,33,18,12,42,31,103,0,0,0,103
06/30/2020,HSV,AL,ASO,ES,Combined TRACON& Tower with Radar,20,7,18,4,49,0,0,19,3,22,20,7,37,7,71,10,0,10,81
07/01/2020,HSV,AL,ASO,ES,Combined TRACON& Tower with Radar,16,12,20,26,74,0,0,7,0,7,16,12,27,26,81,0,0,0,81
07/02/2020,HSV,AL,ASO,ES,Combined TRACON& Tower with Radar,22,12,29,41,104,0,0,49,5,54,22,12,78,46,158,24,46,70,228
07/03/2020,HSV,AL,ASO,ES,Combined TRACON& Tower with Radar,20,9,20,0,49,0,0,53,0,53,20,9,73,0,102,26,0,26,128
07/04/2020,HSV,AL,ASO,ES,Combined TRACON& Tower with Radar,17,5,4,0,26,0,0,59,0,59,17,5,63,0,85,10,0,10,95
07/05/2020,HSV,AL,ASO,ES,Combined TRACON& Tower with Radar,16,5,18,0,39,0,0,34,0,34,16,5,52,0,73,46,0,46,119
07/06/2020,HSV,AL,ASO,ES,Combined TRACON& Tower with Radar,21,14,19,3,57,0,0,43,0,43,21,14,62,3,100,12,0,12,112
07/07/2020,HSV,AL,ASO,ES,Combined TRACON& Tower with Radar,22,12,31,63,128,0,0,25,10,35,22,12,56,73,163,22,64,86,249
07/08/2020,HSV,AL,ASO,ES,Combined TRACON& Tower with Radar,24,15,7,44,90,0,0,9,4,13,24,15,16,48,103,0,12,12,115
07/09/2020,HSV,AL,ASO,ES,Combined TRACON& Tower with Radar,32,13,21,39,105,0,0,32,11,43,32,13,53,50,148,38,44,82,230
07/10/2020,HSV,AL,ASO,ES,Combined TRACON& Tower with Radar,27,13,23,25,88,0,0,51,13,64,27,13,74,38,152,44,16,60,212
07/11/2020,HSV,AL,ASO,ES,Combined TRACON& Tower with Radar,24,12,27,0,63,0,0,76,0,76,24,12,103,0,139,2,0,2,141
07/12/2020,HSV,AL,ASO,ES,Combined TRACON& Tower with Radar,22,8,10,1,41,0,0,11,0,11,22,8,21,1,52,0,0,0,52
07/13/2020,HSV,AL,ASO,ES,Combined TRACON& Tower with Radar,30,13,23,34,100,0,0,36,2,38,30,13,59,36,138,24,70,94,232
07/14/2020,HSV,AL,ASO,ES,Combined TRACON& Tower with Radar,26,10,8,32,76,0,0,52,9,61,26,10,60,41,137,4,0,4,141
07/15/2020,HSV,AL,ASO,ES,Combined TRACON& Tower with Radar,23,12,15,12,62,0,0,49,9,58,23,12,64,21,120,14,10,24,144
07/16/2020,HSV,AL,ASO,ES,Combined TRACON& Tower with Radar,30,10,11,26,77,0,0,72,7,79,30,10,83,33,156,22,34,56,212
07/17/2020,HSV,AL,ASO,ES,Combined TRACON& Tower with Radar,28,14,27,26,95,0,0,56,12,68,28,14,83,38,163,30,24,54,217
07/18/2020,HSV,AL,ASO,ES,Combined TRACON& Tower with Radar,23,12,22,0,57,0,0,59,0,59,23,12,81,0,116,0,0,0,116
07/19/2020,HSV,AL,ASO,ES,Combined TRACON& Tower with Radar,22,8,16,0,46,0,0,41,0,41,22,8,57,0,87,12,0,12,99
07/20/2020,HSV,AL,ASO,ES,Combined TRACON& Tower with Radar,43,14,17,20,94,0,0,43,4,47,43,14,60,24,141,0,0,0,141
07/21/2020,HSV,AL,ASO,ES,Combined TRACON& Tower with Radar,35,10,14,17,76,0,0,21,5,26,35,10,35,22,102,0,0,0,102
07/22/2020,HSV,AL,ASO,ES,Combined TRACON& Tower with Radar,22,13,14,12,61,0,0,33,5,38,22,13,47,17,99,34,4,38,137
07/23/2020,HSV,AL,ASO,ES,Combined TRACON& Tower with Radar,33,11,18,10,72,0,0,49,5,54,33,11,67,15,126,4,2,6,132
07/24/2020,HSV,AL,ASO,ES,Combined TRACON& Tower with Radar,28,16,23,26,93,0,0,42,11,53,28,16,65,37,146,36,90,126,272
07/25/2020,HSV,AL,ASO,ES,Combined TRACON& Tower with Radar,25,14,12,3,54,0,0,39,1,40,25,14,51,4,94,0,12,12,106
07/26/2020,HSV,AL,ASO,ES,Combined TRACON& Tower with Radar,26,12,18,14,70,0,0,58,1,59,26,12,76,15,129,8,2,10,139
07/27/2020,HSV,AL,ASO,ES,Combined TRACON& Tower with Radar,32,13,18,15,78,0,0,36,1,37,32,13,54,16,115,8,22,30,145
07/28/2020,HSV,AL,ASO,ES,Combined TRACON& Tower with Radar,30,12,17,26,85,0,0,47,19,66,30,12,64,45,151,14,24,38,189
07/29/2020,HSV,AL,ASO,ES,Combined TRACON& Tower with Radar,24,11,14,26,75,0,0,20,11,31,24,11,34,37,106,8,64,72,178
07/30/2020,HSV,AL,ASO,ES,Combined TRACON& Tower with Radar,24,15,17,13,69,0,0,10,12,22,24,15,27,25,91,2,10,12,103
07/31/2020,HSV,AL,ASO,ES,Combined TRACON& Tower with Radar,26,13,23,16,78,0,0,26,9,35,26,13,49,25,113,30,30,60,173
08/01/2020,HSV,AL,ASO,ES,Combined TRACON& Tower with Radar,25,10,9,0,44,0,0,10,0,10,25,10,19,0,54,0,0,0,54
08/02/2020,HSV,AL,ASO,ES,Combined TRACON& Tower with Radar,29,8,22,4,63,0,0,51,0,51,29,8,73,4,114,0,0,0,114
08/03/2020,HSV,AL,ASO,ES,Combined TRACON& Tower with Radar,41,16,17,7,81,0,0,60,8,68,41,16,77,15,149,0,0,0,149
08/04/2020,HSV,AL,ASO,ES,Combined TRACON& Tower with Radar,22,11,12,19,64,0,0,51,7,58,22,11,63,26,122,64,34,98,220
08/05/2020,HSV,AL,ASO,ES,Combined TRACON& Tower with Radar,25,10,22,35,92,0,0,59,9,68,25,10,81,44,160,10,62,72,232
08/06/2020,HSV,AL,ASO,ES,Combined TRACON& Tower with Radar,29,13,26,45,113,0,0,60,19,79,29,13,86,64,192,4,42,46,238
08/07/2020,HSV,AL,ASO,ES,Combined TRACON& Tower with Radar,32,16,23,40,111,0,0,60,17,77,32,16,83,57,188,2,94,96,284
08/08/2020,HSV,AL,ASO,ES,Combined TRACON& Tower with Radar,25,9,6,21,61,0,0,51,8,59,25,9,57,29,120,4,18,22,142
08/09/2020,HSV,AL,ASO,ES,Combined TRACON& Tower with Radar,27,9,17,5,58,0,0,41,5,46,27,9,58,10,104,0,22,22,126
08/10/2020,HSV,AL,ASO,ES,Combined TRACON& Tower with Radar,34,11,16,29,90,0,0,35,11,46,34,11,51,40,136,0,0,0,136
08/11/2020,HSV,AL,ASO,ES,Combined TRACON& Tower with Radar,24,11,17,22,74,0,0,22,7,29,24,11,39,29,103,0,40,40,143
08/12/2020,HSV,AL,ASO,ES,Combined TRACON& Tower with Radar,24,10,9,11,54,0,0,33,15,48,24,10,42,26,102,20,26,46,148
08/13/2020,HSV,AL,ASO,ES,Combined TRACON& Tower with Radar,28,15,21,17,81,0,0,30,5,35,28,15,51,22,116,8,22,30,146
08/14/2020,HSV,AL,ASO,ES,Combined TRACON& Tower with Radar,30,14,25,4,73,0,0,28,4,32,30,14,53,8,105,0,0,0,105
08/15/2020,HSV,AL,ASO,ES,Combined TRACON& Tower with Radar,23,8,12,5,48,0,0,35,3,38,23,8,47,8,86,34,18,52,138
08/16/2020,HSV,AL,ASO,ES,Combined TRACON& Tower with Radar,29,10,17,11,67,0,0,25,0,25,29,10,42,11,92,0,0,0,92
08/17/2020,HSV,AL,ASO,ES,Combined TRACON& Tower with Radar,28,14,27,35,104,0,0,52,3,55,28,14,79,38,159,0,0,0,159
08/18/2020,HSV,AL,ASO,ES,Combined TRACON& Tower with Radar,25,10,15,33,83,0,0,61,7,68,25,10,76,40,151,38,36,74,225
08/19/2020,HSV,AL,ASO,ES,Combined TRACON& Tower with Radar,24,14,18,16,72,0,0,24,3,27,24,14,42,19,99,6,36,42,141
08/20/2020,HSV,AL,ASO,ES,Combined TRACON& Tower with Radar,28,13,23,25,89,0,0,32,18,50,28,13,55,43,139,6,40,46,185
08/21/2020,HSV,AL,ASO,ES,Combined TRACON& Tower with Radar,30,20,13,13,76,0,0,4,1,5,30,20,17,14,81,6,0,6,87
08/22/2020,HSV,AL,ASO,ES,Combined TRACON& Tower with Radar,23,13,25,6,67,0,0,21,1,22,23,13,46,7,89,40,0,40,129
08/23/2020,HSV,AL,ASO,ES,Combined TRACON& Tower with Radar,27,10,19,7,63,0,0,19,2,21,27,10,38,9,84,8,0,8,92
08/24/2020,HSV,AL,ASO,ES,Combined TRACON& Tower with Radar,28,14,16,19,77,0,0,17,8,25,28,14,33,27,102,38,36,74,176
08/25/2020,HSV,AL,ASO,ES,Combined TRACON& Tower with Radar,25,7,20,13,65,0,0,4,3,7,25,7,24,16,72,0,40,40,112
08/26/2020,HSV,AL,ASO,ES,Combined TRACON& Tower with Radar,26,10,11,13,60,0,0,11,0,11,26,10,22,13,71,0,20,20,91
08/27/2020,HSV,AL,ASO,ES,Combined TRACON& Tower with Radar,31,19,25,29,104,1,0,19,9,29,32,19,44,38,133,10,22,32,165
08/28/2020,HSV,AL,ASO,ES,Combined TRACON& Tower with Radar,32,14,9,30,85,0,0,0,1,1,32,14,9,31,86,0,0,0,86
08/29/2020,HSV,AL,ASO,ES,Combined TRACON& Tower with Radar,23,9,20,0,52,0,0,24,0,24,23,9,44,0,76,20,0,20,96
08/30/2020,HSV,AL,ASO,ES,Combined TRACON& Tower with Radar,31,12,14,0,57,0,0,6,0,6,31,12,20,0,63,0,0,0,63
08/31/2020,HSV,AL,ASO,ES,Combined TRACON& Tower with Radar,30,12,13,9,64,0,0,3,0,3,30,12,16,9,67,8,0,8,75
09/01/2020,HSV,AL,ASO,ES,Combined TRACON& Tower with Radar,21,6,25,8,60,0,0,1,0,1,21,6,26,8,61,0,0,0,61
09/02/2020,HSV,AL,ASO,ES,Combined TRACON& Tower with Radar,25,14,17,47,103,0,0,37,11,48,25,14,54,58,151,0,0,0,151
09/03/2020,HSV,AL,ASO,ES,Combined TRACON& Tower with Radar,28,19,23,37,107,0,0,45,8,53,28,19,68,45,160,14,56,70,230
09/04/2020,HSV,AL,ASO,ES,Combined TRACON& Tower with Radar,32,19,31,16,98,0,1,29,0,30,32,20,60,16,128,12,0,12,140
09/05/2020,HSV,AL,ASO,ES,Combined TRACON& Tower with Radar,21,8,17,2,48,0,0,52,0,52,21,8,69,2,100,6,0,6,106
09/06/2020,HSV,AL,ASO,ES,Combined TRACON& Tower with Radar,27,7,9,0,43,0,0,46,0,46,27,7,55,0,89,0,0,0,89
09/07/2020,HSV,AL,ASO,ES,Combined TRACON& Tower with Radar,24,12,26,0,62,0,0,36,0,36,24,12,62,0,98,2,16,18,116
09/08/2020,HSV,AL,ASO,ES,Combined TRACON& Tower with Radar,24,16,16,47,103,0,1,42,14,57,24,17,58,61,160,14,66,80,240
09/09/2020,HSV,AL,ASO,ES,Combined TRACON& Tower with Radar,27,13,31,37,108,0,0,35,15,50,27,13,66,52,158,16,104,120,278
09/10/2020,HSV,AL,ASO,ES,Combined TRACON& Tower with Radar,26,12,19,63,120,0,0,37,13,50,26,12,56,76,170,58,82,140,310
09/11/2020,HSV,AL,ASO,ES,Combined TRACON& Tower with Radar,28,20,28,31,107,0,0,42,11,53,28,20,70,42,160,28,96,124,284
09/12/2020,HSV,AL,ASO,ES,Combined TRACON& Tower with Radar,24,7,14,6,51,0,0,18,0,18,24,7,32,6,69,16,0,16,85
09/13/2020,HSV,AL,ASO,ES,Combined TRACON& Tower with Radar,26,12,12,3,53,0,0,16,0,16,26,12,28,3,69,0,0,0,69
09/14/2020,HSV,AL,ASO,ES,Combined TRACON& Tower with Radar,28,12,14,29,83,0,0,26,12,38,28,12,40,41,121,4,126,130,251
09/15/2020,HSV,AL,ASO,ES,Combined TRACON& Tower with Radar,27,12,21,48,108,0,0,14,4,18,27,12,35,52,126,26,32,58,184
09/16/2020,HSV,AL,ASO,ES,Combined TRACON& Tower with Radar,26,11,18,5,60,0,0,7,4,11,26,11,25,9,71,0,24,24,95
09/17/2020,HSV,AL,ASO,ES,Combined TRACON& Tower with Radar,26,13,9,5,53,0,0,27,11,38,26,13,36,16,91,20,0,20,111
09/18/2020,HSV,AL,ASO,ES,Combined TRACON& Tower with Radar,28,16,11,41,96,0,0,26,6,32,28,16,37,47,128,14,16,30,158
09/19/2020,HSV,AL,ASO,ES,Combined TRACON& Tower with Radar,24,9,16,6,55,0,0,30,0,30,24,9,46,6,85,0,0,0,85
09/20/2020,HSV,AL,ASO,ES,Combined TRACON& Tower with Radar,28,10,24,36,98,0,0,41,3,44,28,10,65,39,142,0,4,4,146
09/21/2020,HSV,AL,ASO,ES,Combined TRACON& Tower with Radar,28,17,27,42,114,0,0,39,7,46,28,17,66,49,160,0,66,66,226
09/22/2020,HSV,AL,ASO,ES,Combined TRACON& Tower with Radar,26,12,27,51,116,0,0,42,11,53,26,12,69,62,169,4,60,64,233
09/23/2020,HSV,AL,ASO,ES,Combined TRACON& Tower with Radar,26,15,28,80,149,0,0,33,14,47,26,15,61,94,196,14,82,96,292
09/24/2020,HSV,AL,ASO,ES,Combined TRACON& Tower with Radar,26,13,14,1,54,0,0,0,0,0,26,13,14,1,54,0,0,0,54
09/25/2020,HSV,AL,ASO,ES,Combined TRACON& Tower with Radar,29,15,38,24,106,0,0,4,5,9,29,15,42,29,115,2,6,8,123
09/26/2020,HSV,AL,ASO,ES,Combined TRACON& Tower with Radar,24,12,19,8,63,0,0,17,1,18,24,12,36,9,81,20,0,20,101
09/27/2020,HSV,AL,ASO,ES,Combined TRACON& Tower with Radar,26,13,36,14,89,0,0,29,0,29,26,13,65,14,118,4,0,4,122
09/28/2020,HSV,AL,ASO,ES,Combined TRACON& Tower with Radar,28,14,13,31,86,0,0,9,2,11,28,14,22,33,97,0,0,0,97
09/29/2020,HSV,AL,ASO,ES,Combined TRACON& Tower with Radar,25,22,22,22,91,0,0,46,2,48,25,22,68,24,139,0,16,16,155
09/30/2020,HSV,AL,ASO,ES,Combined TRACON& Tower with Radar,27,18,27,32,104,0,0,35,5,40,27,18,62,37,144,12,40,52,196
10/01/2020,HSV,AL,ASO,ES,Combined TRACON& Tower with Radar,29,17,21,37,104,0,0,41,8,49,29,17,62,45,153,22,36,58,211
10/02/2020,HSV,AL,ASO,ES,Combined TRACON& Tower with Radar,27,22,19,26,94,0,0,43,10,53,27,22,62,36,147,4,44,48,195
10/03/2020,HSV,AL,ASO,ES,Combined TRACON& Tower with Radar,25,16,16,1,58,0,0,39,1,40,25,16,55,2,98,20,16,36,134
10/04/2020,HSV,AL,ASO,ES,Combined TRACON& Tower with Radar,29,15,9,1,54,0,0,34,0,34,29,15,43,1,88,0,0,0,88
10/05/2020,HSV,AL,ASO,ES,Combined TRACON& Tower with Radar,30,14,19,45,108,0,2,32,10,44,30,16,51,55,152,18,46,64,216
10/06/2020,HSV,AL,ASO,ES,Combined TRACON& Tower with Radar,28,8,12,26,74,0,0,46,7,53,28,8,58,33,127,26,56,82,209
10/07/2020,HSV,AL,ASO,ES,Combined TRACON& Tower with Radar,27,12,15,29,83,0,0,44,16,60,27,12,59,45,143,26,76,102,245
10/08/2020,HSV,AL,ASO,ES,Combined TRACON& Tower with Radar,32,22,17,20,91,0,0,34,9,43,32,22,51,29,134,6,60,66,200
10/09/2020,HSV,AL,ASO,ES,Combined TRACON& Tower with Radar,34,17,22,4,77,0,0,17,0,17,34,17,39,4,94,0,6,6,100
10/10/2020,HSV,AL,ASO,ES,Combined TRACON& Tower with Radar,25,17,2,0,44,0,0,0,0,0,25,17,2,0,44,0,0,0,44
10/11/2020,HSV,AL,ASO,ES,Combined TRACON& Tower with Radar,33,15,19,0,67,0,0,1,0,1,33,15,20,0,68,0,0,0,68
10/12/2020,HSV,AL,ASO,ES,Combined TRACON& Tower with Radar,32,16,19,2,69,0,0,15,4,19,32,16,34,6,88,18,4,22,110
10/13/2020,HSV,AL,ASO,ES,Combined TRACON& Tower with Radar,28,16,13,66,123,0,0,40,6,46,28,16,53,72,169,26,116,142,311
10/14/2020,HSV,AL,ASO,ES,Combined TRACON& Tower with Radar,28,11,30,20,89,0,0,28,12,40,28,11,58,32,129,18,34,52,181
10/15/2020,HSV,AL,ASO,ES,Combined TRACON& Tower with Radar,32,19,21,46,118,0,0,34,12,46,32,19,55,58,164,18,56,74,238
10/16/2020,HSV,AL,ASO,ES,Combined TRACON& Tower with Radar,33,20,11,60,124,0,0,35,14,49,33,20,46,74,173,0,0,0,173
10/17/2020,HSV,AL,ASO,ES,Combined TRACON& Tower with Radar,25,16,8,6,55,0,2,33,3,38,25,18,41,9,93,0,10,10,103
10/18/2020,HSV,AL,ASO,ES,Combined TRACON& Tower with Radar,33,23,15,12,83,0,0,36,5,41,33,23,51,17,124,4,24,28,152
10/19/2020,HSV,AL,ASO,ES,Combined TRACON& Tower with Radar,32,20,22,39,113,0,0,24,8,32,32,20,46,47,145,12,42,54,199
10/20/2020,HSV,AL,ASO,ES,Combined TRACON& Tower with Radar,27,12,8,44,91,0,1,44,13,58,27,13,52,57,149,60,46,106,255
10/21/2020,HSV,AL,ASO,ES,Combined TRACON& Tower with Radar,28,11,27,66,132,0,0,33,14,47,28,11,60,80,179,28,60,88,267
10/22/2020,HSV,AL,ASO,ES,Combined TRACON& Tower with Radar,34,20,29,44,127,0,0,41,10,51,34,20,70,54,178,12,44,56,234
10/23/2020,HSV,AL,ASO,ES,Combined TRACON& Tower with Radar,32,21,16,21,90,0,0,23,1,24,32,21,39,22,114,0,0,0,114
10/24/2020,HSV,AL,ASO,ES,Combined TRACON& Tower with Radar,24,17,20,0,61,0,0,0,0,0,24,17,20,0,61,0,0,0,61
10/25/2020,HSV,AL,ASO,ES,Combined TRACON& Tower with Radar,31,22,23,2,78,0,0,6,0,6,31,22,29,2,84,0,0,0,84
10/26/2020,HSV,AL,ASO,ES,Combined TRACON& Tower with Radar,34,18,14,28,94,0,0,7,7,14,34,18,21,35,108,0,36,36,144
10/27/2020,HSV,AL,ASO,ES,Combined TRACON& Tower with Radar,26,18,35,42,121,0,1,3,1,5,26,19,38,43,126,10,28,38,164
10/28/2020,HSV,AL,ASO,ES,Combined TRACON& Tower with Radar,26,11,13,0,50,0,0,0,0,0,26,11,13,0,50,0,0,0,50
10/29/2020,HSV,AL,ASO,ES,Combined TRACON& Tower with Radar,32,17,16,2,67,0,0,0,0,0,32,17,16,2,67,0,0,0,67
10/30/2020,HSV,AL,ASO,ES,Combined TRACON& Tower with Radar,31,25,24,33,113,0,0,16,4,20,31,25,40,37,133,14,26,40,173
10/31/2020,HSV,AL,ASO,ES,Combined TRACON& Tower with Radar,22,16,14,4,56,0,0,50,0,50,22,16,64,4,106,8,0,8,114
11/01/2020,HSV,AL,ASO,ES,Combined TRACON& Tower with Radar,27,16,19,1,63,0,0,38,1,39,27,16,57,2,102,0,0,0,102
11/02/2020,HSV,AL,ASO,ES,Combined TRACON& Tower with Radar,28,17,16,28,89,0,0,39,12,51,28,17,55,40,140,8,84,92,232
11/03/2020,HSV,AL,ASO,ES,Combined TRACON& Tower with Radar,26,9,26,28,89,0,0,50,7,57,26,9,76,35,146,22,60,82,228
11/04/2020,HSV,AL,ASO,ES,Combined TRACON& Tower with Radar,26,7,29,22,84,0,1,119,9,129,26,8,148,31,213,40,38,78,291
11/05/2020,HSV,AL,ASO,ES,Combined TRACON& Tower with Radar,28,19,21,27,95,0,0,41,9,50,28,19,62,36,145,0,0,0,145
11/06/2020,HSV,AL,ASO,ES,Combined TRACON& Tower with Radar,30,17,25,43,115,0,0,57,8,65,30,17,82,51,180,10,18,28,208
11/07/2020,HSV,AL,ASO,ES,Combined TRACON& Tower with Radar,30,10,18,14,72,0,0,28,3,31,30,10,46,17,103,6,8,14,117
11/08/2020,HSV,AL,ASO,ES,Combined TRACON& Tower with Radar,31,20,13,15,79,0,0,24,3,27,31,20,37,18,106,0,16,16,122
11/09/2020,HSV,AL,ASO,ES,Combined TRACON& Tower with Radar,30,16,21,43,110,0,0,15,17,32,30,16,36,60,142,6,46,52,194
11/10/2020,HSV,AL,ASO,ES,Combined TRACON& Tower with Radar,26,10,10,47,93,0,0,1,3,4,26,10,11,50,97,0,0,0,97
11/11/2020,HSV,AL,ASO,ES,Combined TRACON& Tower with Radar,31,11,18,4,64,0,0,0,0,0,31,11,18,4,64,0,0,0,64
11/12/2020,HSV,AL,ASO,ES,Combined TRACON& Tower with Radar,30,25,18,54,127,0,1,19,2,22,30,26,37,56,149,18,0,18,167
11/13/2020,HSV,AL,ASO,ES,Combined TRACON& Tower with Radar,33,30,14,24,101,0,0,49,13,62,33,30,63,37,163,0,0,0,163
11/14/2020,HSV,AL,ASO,ES,Combined TRACON& Tower with Radar,31,15,11,2,59,0,0,48,0,48,31,15,59,2,107,30,48,78,185
11/15/2020,HSV,AL,ASO,ES,Combined TRACON& Tower with Radar,32,18,11,8,69,0,0,3,1,4,32,18,14,9,73,0,0,0,73
11/16/2020,HSV,AL,ASO,ES,Combined TRACON& Tower with Radar,29,18,30,19,96,0,0,42,5,47,29,18,72,24,143,16,74,90,233
11/17/2020,HSV,AL,ASO,ES,Combined TRACON& Tower with Radar,26,16,13,21,76,0,0,29,7,36,26,16,42,28,112,28,40,68,180
11/18/2020,HSV,AL,ASO,ES,Combined TRACON& Tower with Radar,29,13,20,22,84,0,0,29,8,37,29,13,49,30,121,0,56,56,177
11/19/2020,HSV,AL,ASO,ES,Combined TRACON& Tower with Radar,32,18,22,33,105,0,0,42,10,52,32,18,64,43,157,34,50,84,241
11/20/2020,HSV,AL,ASO,ES,Combined TRACON& Tower with Radar,33,17,19,39,108,0,2,37,9,48,33,19,56,48,156,0,0,0,156
11/21/2020,HSV,AL,ASO,ES,Combined TRACON& Tower with Radar,33,18,19,4,74,0,0,62,0,62,33,18,81,4,136,0,0,0,136
11/22/2020,HSV,AL,ASO,ES,Combined TRACON& Tower with Radar,36,14,7,6,63,0,4,22,2,28,36,18,29,8,91,0,20,20,111
11/23/2020,HSV,AL,ASO,ES,Combined TRACON& Tower with Radar,30,14,20,9,73,0,0,35,3,38,30,14,55,12,111,4,30,34,145
11/24/2020,HSV,AL,ASO,ES,Combined TRACON& Tower with Radar,36,18,23,7,84,0,0,38,2,40,36,18,61,9,124,52,0,52,176
11/25/2020,HSV,AL,ASO,ES,Combined TRACON& Tower with Radar,37,17,12,0,66,0,0,0,0,0,37,17,12,0,66,0,0,0,66
11/26/2020,HSV,AL,ASO,ES,Combined TRACON& Tower with Radar,15,6,2,0,23,0,0,9,0,9,15,6,11,0,32,0,0,0,32
11/27/2020,HSV,AL,ASO,ES,Combined TRACON& Tower with Radar,25,20,15,0,60,0,0,40,0,40,25,20,55,0,100,0,0,0,100
11/28/2020,HSV,AL,ASO,ES,Combined TRACON& Tower with Radar,33,16,12,0,61,0,0,33,0,33,33,16,45,0,94,0,0,0,94
11/29/2020,HSV,AL,ASO,ES,Combined TRACON& Tower with Radar,38,18,15,2,73,0,0,8,0,8,38,18,23,2,81,0,0,0,81
11/30/2020,HSV,AL,ASO,ES,Combined TRACON& Tower with Radar,33,21,9,2,65,0,0,0,0,0,33,21,9,2,65,0,0,0,65
12/01/2020,HSV,AL,ASO,ES,Combined TRACON& Tower with Radar,31,15,17,26,89,0,0,24,7,31,31,15,41,33,120,0,0,0,120
12/02/2020,HSV,AL,ASO,ES,Combined TRACON& Tower with Radar,29,14,13,29,85,0,0,42,13,55,29,14,55,42,140,6,46,52,192
12/03/2020,HSV,AL,ASO,ES,Combined TRACON& Tower with Radar,29,18,21,21,89,0,0,32,7,39,29,18,53,28,128,4,94,98,226
12/04/2020,HSV,AL,ASO,ES,Combined TRACON& Tower with Radar,30,17,7,4,58,0,0,0,0,0,30,17,7,4,58,0,0,0,58
12/05/2020,HSV,AL,ASO,ES,Combined TRACON& Tower with Radar,22,10,6,5,43,0,0,32,3,35,22,10,38,8,78,0,0,0,78
12/06/2020,HSV,AL,ASO,ES,Combined TRACON& Tower with Radar,30,13,22,6,71,0,0,32,1,33,30,13,54,7,104,0,0,0,104
12/07/2020,HSV,AL,ASO,ES,Combined TRACON& Tower with Radar,30,16,18,31,95,0,0,11,3,14,30,16,29,34,109,0,0,0,109
12/08/2020,HSV,AL,ASO,ES,Combined TRACON& Tower with Radar,22,13,25,23,83,0,0,32,5,37,22,13,57,28,120,0,66,66,186
12/09/2020,HSV,AL,ASO,ES,Combined TRACON& Tower with Radar,25,13,22,41,101,0,1,34,22,57,25,14,56,63,158,6,60,66,224
12/10/2020,HSV,AL,ASO,ES,Combined TRACON& Tower with Radar,27,13,7,59,106,0,0,50,16,66,27,13,57,75,172,16,70,86,258
12/11/2020,HSV,AL,ASO,ES,Combined TRACON& Tower with Radar,29,17,19,45,110,0,0,33,4,37,29,17,52,49,147,24,74,98,245
12/12/2020,HSV,AL,ASO,ES,Combined TRACON& Tower with Radar,24,13,7,10,54,0,0,3,1,4,24,13,10,11,58,0,0,0,58
12/13/2020,HSV,AL,ASO,ES,Combined TRACON& Tower with Radar,29,18,14,0,61,0,0,37,2,39,29,18,51,2,100,8,0,8,108
12/14/2020,HSV,AL,ASO,ES,Combined TRACON& Tower with Radar,33,13,15,10,71,0,0,0,2,2,33,13,15,12,73,0,38,38,111
12/15/2020,HSV,AL,ASO,ES,Combined TRACON& Tower with Radar,24,11,39,50,124,0,0,21,7,28,24,11,60,57,152,4,54,58,210
12/16/2020,HSV,AL,ASO,ES,Combined TRACON& Tower with Radar,24,5,17,5,51,0,0,0,0,0,24,5,17,5,51,0,0,0,51
12/17/2020,HSV,AL,ASO,ES,Combined TRACON& Tower with Radar,34,19,15,44,112,1,0,29,12,42,35,19,44,56,154,20,16,36,190
12/18/2020,HSV,AL,ASO,ES,Combined TRACON& Tower with Radar,32,21,26,36,115,0,0,51,15,66,32,21,77,51,181,0,0,0,181
12/19/2020,HSV,AL,ASO,ES,Combined TRACON& Tower with Radar,31,13,8,1,53,0,0,30,1,31,31,13,38,2,84,0,0,0,84
12/20/2020,HSV,AL,ASO,ES,Combined TRACON& Tower with Radar,33,17,16,8,74,0,0,0,0,0,33,17,16,8,74,14,12,26,100
12/21/2020,HSV,AL,ASO,ES,Combined TRACON& Tower with Radar,31,20,17,32,100,0,0,16,5,21,31,20,33,37,121,0,0,0,121
12/22/2020,HSV,AL,ASO,ES,Combined TRACON& Tower with Radar,36,15,21,35,107,0,0,60,6,66,36,15,81,41,173,6,40,46,219
12/23/2020,HSV,AL,ASO,ES,Combined TRACON& Tower with Radar,33,21,8,0,62,0,0,23,2,25,33,21,31,2,87,0,0,0,87
12/24/2020,HSV,AL,ASO,ES,Combined TRACON& Tower with Radar,26,16,1,0,43,0,0,1,0,1,26,16,2,0,44,0,0,0,44
12/25/2020,HSV,AL,ASO,ES,Combined TRACON& Tower with Radar,17,13,1,0,31,0,0,2,0,2,17,13,3,0,33,0,0,0,33
12/26/2020,HSV,AL,ASO,ES,Combined TRACON& Tower with Radar,27,18,18,0,63,0,1,35,0,36,27,19,53,0,99,0,0,0,99
12/27/2020,HSV,AL,ASO,ES,Combined TRACON& Tower with Radar,30,14,12,0,56,0,0,34,0,34,30,14,46,0,90,0,0,0,90
12/28/2020,HSV,AL,ASO,ES,Combined TRACON& Tower with Radar,30,16,15,0,61,0,0,3,0,3,30,16,18,0,64,0,0,0,64
12/29/2020,HSV,AL,ASO,ES,Combined TRACON& Tower with Radar,32,15,28,18,93,0,0,38,0,38,32,15,66,18,131,14,6,20,151
12/30/2020,HSV,AL,ASO,ES,Combined TRACON& Tower with Radar,30,23,12,12,77,0,0,9,0,9,30,23,21,12,86,0,0,0,86
12/31/2020,HSV,AL,ASO,ES,Combined TRACON& Tower with Radar,27,11,22,0,60,0,0,0,0,0,27,11,22,0,60,0,0,0,60
01/01/2021,HSV,AL,ASO,ES,Combined TRACON& Tower with Radar,24,15,1,0,40,0,0,0,2,2,24,15,1,2,42,0,0,0,42
01/02/2021,HSV,AL,ASO,ES,Combined TRACON& Tower with Radar,24,15,10,0,49,0,0,17,0,17,24,15,27,0,66,14,0,14,80
01/03/2021,HSV,AL,ASO,ES,Combined TRACON& Tower with Radar,32,17,15,0,64,0,0,29,0,29,32,17,44,0,93,0,0,0,93
01/04/2021,HSV,AL,ASO,ES,Combined TRACON& Tower with Radar,28,23,16,7,74,0,0,21,3,24,28,23,37,10,98,0,0,0,98
01/05/2021,HSV,AL,ASO,ES,Combined TRACON& Tower with Radar,25,16,12,17,70,0,0,20,6,26,25,16,32,23,96,12,6,18,114
01/06/2021,HSV,AL,ASO,ES,Combined TRACON& Tower with Radar,26,12,18,43,99,0,0,32,11,43,26,12,50,54,142,30,22,52,194
01/07/2021,HSV,AL,ASO,ES,Combined TRACON& Tower with Radar,27,12,8,7,54,0,0,4,0,4,27,12,12,7,58,0,0,0,58
01/08/2021,HSV,AL,ASO,ES,Combined TRACON& Tower with Radar,30,19,12,8,69,0,0,0,1,1,30,19,12,9,70,0,0,0,70
01/09/2021,HSV,AL,ASO,ES,Combined TRACON& Tower with Radar,21,11,12,15,59,0,0,7,1,8,21,11,19,16,67,0,0,0,67
01/10/2021,HSV,AL,ASO,ES,Combined TRACON& Tower with Radar,27,12,9,0,48,0,0,26,0,26,27,12,35,0,74,0,0,0,74
01/11/2021,HSV,AL,ASO,ES,Combined TRACON& Tower with Radar,28,12,7,2,49,0,0,0,0,0,28,12,7,2,49,0,0,0,49
01/12/2021,HSV,AL,ASO,ES,Combined TRACON& Tower with Radar,26,13,17,18,74,0,0,18,11,29,26,13,35,29,103,2,18,20,123
01/13/2021,HSV,AL,ASO,ES,Combined TRACON& Tower with Radar,26,15,22,28,91,0,0,39,8,47,26,15,61,36,138,0,0,0,138
01/14/2021,HSV,AL,ASO,ES,Combined TRACON& Tower with Radar,30,12,17,27,86,0,0,25,6,31,30,12,42,33,117,0,28,28,145
01/15/2021,HSV,AL,ASO,ES,Combined TRACON& Tower with Radar,29,18,14,17,78,0,0,19,7,26,29,18,33,24,104,16,10,26,130
01/16/2021,HSV,AL,ASO,ES,Combined TRACON& Tower with Radar,22,11,7,2,42,0,0,6,0,6,22,11,13,2,48,0,0,0,48
01/17/2021,HSV,AL,ASO,ES,Combined TRACON& Tower with Radar,26,8,12,0,46,0,0,34,0,34,26,8,46,0,80,0,0,0,80
01/18/2021,HSV,AL,ASO,ES,Combined TRACON& Tower with Radar,28,17,17,8,70,0,0,46,0,46,28,17,63,8,116,22,0,22,138
01/19/2021,HSV,AL,ASO,ES,Combined TRACON& Tower with Radar,25,11,15,28,79,0,0,16,3,19,25,11,31,31,98,0,18,18,116
01/20/2021,HSV,AL,ASO,ES,Combined TRACON& Tower with Radar,25,13,16,46,100,0,2,36,3,41,25,15,52,49,141,4,52,56,197
01/21/2021,HSV,AL,ASO,ES,Combined TRACON& Tower with Radar,30,16,14,9,69,0,0,0,0,0,30,16,14,9,69,0,0,0,69
01/22/2021,HSV,AL,ASO,ES,Combined TRACON& Tower with Radar,29,15,30,103,177,0,4,33,19,56,29,19,63,122,233,18,128,146,379
01/23/2021,HSV,AL,ASO,ES,Combined TRACON& Tower with Radar,21,7,10,17,55,0,0,59,7,66,21,7,69,24,121,0,0,0,121
01/24/2021,HSV,AL,ASO,ES,Combined TRACON& Tower with Radar,29,12,6,4,51,0,0,6,1,7,29,12,12,5,58,0,0,0,58
01/25/2021,HSV,AL,ASO,ES,Combined TRACON& Tower with Radar,27,12,8,0,47,0,0,1,0,1,27,12,9,0,48,0,0,0,48
01/26/2021,HSV,AL,ASO,ES,Combined TRACON& Tower with Radar,25,15,20,25,85,0,3,45,11,59,25,18,65,36,144,16,8,24,168
01/27/2021,HSV,AL,ASO,ES,Combined TRACON& Tower with Radar,25,13,15,30,83,0,0,10,12,22,25,13,25,42,105,0,42,42,147
01/28/2021,HSV,AL,ASO,ES,Combined TRACON& Tower with Radar,24,13,29,30,96,0,2,16,13,31,24,15,45,43,127,4,70,74,201
01/29/2021,HSV,AL,ASO,ES,Combined TRACON& Tower with Radar,29,19,15,28,91,0,2,86,3,91,29,21,101,31,182,0,22,22,204
01/30/2021,HSV,AL,ASO,ES,Combined TRACON& Tower with Radar,22,13,7,10,52,0,0,17,5,22,22,13,24,15,74,0,0,0,74
01/31/2021,HSV,AL,ASO,ES,Combined TRACON& Tower with Radar,30,17,10,2,59,0,0,1,0,1,30,17,11,2,60,0,0,0,60
02/01/2021,HSV,AL,ASO,ES,Combined TRACON& Tower with Radar,27,16,12,0,55,0,0,2,2,4,27,16,14,2,59,0,0,0,59
02/02/2021,HSV,AL,ASO,ES,Combined TRACON& Tower with Radar,25,13,19,15,72,0,4,19,13,36,25,17,38,28,108,0,26,26,134
02/03/2021,HSV,AL,ASO,ES,Combined TRACON& Tower with Radar,26,20,19,32,97,0,6,50,3,59,26,26,69,35,156,4,14,18,174
02/04/2021,HSV,AL,ASO,ES,Combined TRACON& Tower with Radar,29,17,24,55,125,0,2,18,17,37,29,19,42,72,162,0,50,50,212
02/05/2021,HSV,AL,ASO,ES,Combined TRACON& Tower with Radar,29,19,17,63,128,0,1,33,20,54,29,20,50,83,182,10,52,62,244
02/06/2021,HSV,AL,ASO,ES,Combined TRACON& Tower with Radar,21,10,10,8,49,0,2,31,0,33,21,12,41,8,82,0,8,8,90
02/07/2021,HSV,AL,ASO,ES,Combined TRACON& Tower with Radar,30,12,3,5,50,0,0,0,0,0,30,12,3,5,50,0,0,0,50
02/08/2021,HSV,AL,ASO,ES,Combined TRACON& Tower with Radar,27,16,18,30,91,0,3,44,6,53,27,19,62,36,144,36,62,98,242
02/09/2021,HSV,AL,ASO,ES,Combined TRACON& Tower with Radar,23,26,23,61,133,0,0,31,5,36,23,26,54,66,169,24,92,116,285
02/10/2021,HSV,AL,ASO,ES,Combined TRACON& Tower with Radar,23,20,30,75,148,0,3,28,8,39,23,23,58,83,187,10,174,184,371
02/11/2021,HSV,AL,ASO,ES,Combined TRACON& Tower with Radar,29,14,9,0,52,0,0,0,0,0,29,14,9,0,52,0,0,0,52
02/12/2021,HSV,AL,ASO,ES,Combined TRACON& Tower with Radar,31,16,15,6,68,0,0,0,0,0,31,16,15,6,68,0,0,0,68
02/13/2021,HSV,AL,ASO,ES,Combined TRACON& Tower with Radar,22,13,5,0,40,0,0,2,0,2,22,13,7,0,42,0,0,0,42
02/14/2021,HSV,AL,ASO,ES,Combined TRACON& Tower with Radar,19,14,14,0,47,0,0,1,0,1,19,14,15,0,48,0,0,0,48
02/15/2021,HSV,AL,ASO,ES,Combined TRACON& Tower with Radar,10,4,3,0,17,0,0,0,0,0,10,4,3,0,17,0,0,0,17
02/16/2021,HSV,AL,ASO,ES,Combined TRACON& Tower with Radar,13,15,19,0,47,0,0,0,1,1,13,15,19,1,48,0,0,0,48
02/17/2021,HSV,AL,ASO,ES,Combined TRACON& Tower with Radar,16,23,8,11,58,0,0,9,6,15,16,23,17,17,73,0,0,0,73
02/18/2021,HSV,AL,ASO,ES,Combined TRACON& Tower with Radar,25,6,10,6,47,0,0,1,0,1,25,6,11,6,48,0,0,0,48
02/19/2021,HSV,AL,ASO,ES,Combined TRACON& Tower with Radar,34,24,21,11,90,1,0,20,11,32,35,24,41,22,122,0,42,42,164
02/20/2021,HSV,AL,ASO,ES,Combined TRACON& Tower with Radar,22,13,19,2,56,0,0,40,5,45,22,13,59,7,101,0,0,0,101
02/21/2021,HSV,AL,ASO,ES,Combined TRACON& Tower with Radar,32,17,12,2,63,0,0,35,0,35,32,17,47,2,98,0,0,0,98
02/22/2021,HSV,AL,ASO,ES,Combined TRACON& Tower with Radar,26,19,20,4,69,0,0,26,0,26,26,19,46,4,95,6,0,6,101
02/23/2021,HSV,AL,ASO,ES,Combined TRACON& Tower with Radar,26,14,21,28,89,0,2,41,7,50,26,16,62,35,139,16,12,28,167
02/24/2021,HSV,AL,ASO,ES,Combined TRACON& Tower with Radar,25,11,25,46,107,0,5,35,28,68,25,16,60,74,175,0,74,74,249
02/25/2021,HSV,AL,ASO,ES,Combined TRACON& Tower with Radar,29,19,18,8,74,0,5,41,6,52,29,24,59,14,126,14,0,14,140
02/26/2021,HSV,AL,ASO,ES,Combined TRACON& Tower with Radar,31,28,7,0,66,0,0,1,0,1,31,28,8,0,67,0,0,0,67
02/27/2021,HSV,AL,ASO,ES,Combined TRACON& Tower with Radar,23,21,16,0,60,0,0,9,0,9,23,21,25,0,69,0,0,0,69
02/28/2021,HSV,AL,ASO,ES,Combined TRACON& Tower with Radar,29,14,12,2,57,0,0,4,0,4,29,14,16,2,61,0,0,0,61
03/01/2021,HSV,AL,ASO,ES,Combined TRACON& Tower with Radar,28,14,20,40,102,0,0,4,3,7,28,14,24,43,109,4,16,20,129
03/02/2021,HSV,AL,ASO,ES,Combined TRACON& Tower with Radar,29,15,5,57,106,0,2,16,14,32,29,17,21,71,138,0,144,144,282
03/03/2021,HSV,AL,ASO,ES,Combined TRACON& Tower with Radar,30,12,22,25,89,0,2,35,12,49,30,14,57,37,138,20,20,40,178
03/04/2021,HSV,AL,ASO,ES,Combined TRACON& Tower with Radar,37,22,35,10,104,0,4,48,10,62,37,26,83,20,166,28,26,54,220
03/05/2021,HSV,AL,ASO,ES,Combined TRACON& Tower with Radar,33,19,27,16,95,0,0,48,5,53,33,19,75,21,148,0,54,54,202
03/06/2021,HSV,AL,ASO,ES,Combined TRACON& Tower with Radar,25,23,15,10,73,0,5,29,2,36,25,28,44,12,109,0,10,10,119
03/07/2021,HSV,AL,ASO,ES,Combined TRACON& Tower with Radar,34,19,24,10,87,0,0,55,3,58,34,19,79,13,145,20,2,22,167
03/08/2021,HSV,AL,ASO,ES,Combined TRACON& Tower with Radar,33,28,27,19,107,0,0,39,6,45,33,28,66,25,152,18,22,40,192
03/09/2021,HSV,AL,ASO,ES,Combined TRACON& Tower with Radar,32,16,25,46,119,0,2,37,7,46,32,18,62,53,165,10,16,26,191
03/10/2021,HSV,AL,ASO,ES,Combined TRACON& Tower with Radar,36,14,19,49,118,0,2,36,9,47,36,16,55,58,165,20,118,138,303
03/11/2021,HSV,AL,ASO,ES,Combined TRACON& Tower with Radar,38,19,39,34,130,0,6,36,8,50,38,25,75,42,180,2,46,48,228
03/12/2021,HSV,AL,ASO,ES,Combined TRACON& Tower with Radar,36,34,38,13,121,0,1,25,1,27,36,35,63,14,148,12,72,84,232
03/13/2021,HSV,AL,ASO,ES,Combined TRACON& Tower with Radar,25,24,26,3,78,0,0,13,0,13,25,24,39,3,91,0,0,0,91
03/14/2021,HSV,AL,ASO,ES,Combined TRACON& Tower with Radar,33,12,13,5,63,0,0,33,2,35,33,12,46,7,98,0,24,24,122
03/15/2021,HSV,AL,ASO,ES,Combined TRACON& Tower with Radar,35,17,25,7,84,0,0,2,0,2,35,17,27,7,86,0,0,0,86
03/16/2021,HSV,AL,ASO,ES,Combined TRACON& Tower with Radar,34,22,19,5,80,0,0,3,1,4,34,22,22,6,84,0,6,6,90
03/17/2021,HSV,AL,ASO,ES,Combined TRACON& Tower with Radar,30,11,14,0,55,0,0,0,0,0,30,11,14,0,55,0,0,0,55
03/18/2021,HSV,AL,ASO,ES,Combined TRACON& Tower with Radar,35,25,15,6,81,0,0,14,0,14,35,25,29,6,95,4,0,4,99
03/19/2021,HSV,AL,ASO,ES,Combined TRACON& Tower with Radar,33,22,21,32,108,0,0,1,4,5,33,22,22,36,113,0,14,14,127
03/20/2021,HSV,AL,ASO,ES,Combined TRACON& Tower with Radar,27,20,15,11,73,0,4,52,5,61,27,24,67,16,134,12,26,38,172
03/21/2021,HSV,AL,ASO,ES,Combined TRACON& Tower with Radar,35,15,41,12,103,0,0,52,1,53,35,15,93,13,156,8,0,8,164
03/22/2021,HSV,AL,ASO,ES,Combined TRACON& Tower with Radar,32,21,20,43,116,0,0,55,5,60,32,21,75,48,176,20,78,98,274
03/23/2021,HSV,AL,ASO,ES,Combined TRACON& Tower with Radar,34,19,33,2,88,0,0,6,3,9,34,19,39,5,97,0,0,0,97
03/24/2021,HSV,AL,ASO,ES,Combined TRACON& Tower with Radar,35,16,45,15,111,0,0,17,5,22,35,16,62,20,133,8,4,12,145
03/25/2021,HSV,AL,ASO,ES,Combined TRACON& Tower with Radar,39,13,3,2,57,0,0,1,0,1,39,13,4,2,58,0,0,0,58
03/26/2021,HSV,AL,ASO,ES,Combined TRACON& Tower with Radar,34,23,27,25,109,0,4,50,5,59,34,27,77,30,168,12,8,20,188
03/27/2021,HSV,AL,ASO,ES,Combined TRACON& Tower with Radar,28,21,11,2,62,0,0,0,2,2,28,21,11,4,64,0,0,0,64
03/28/2021,HSV,AL,ASO,ES,Combined TRACON& Tower with Radar,35,17,13,2,67,0,2,3,2,7,35,19,16,4,74,10,0,10,84
03/29/2021,HSV,AL,ASO,ES,Combined TRACON& Tower with Radar,34,22,28,38,122,0,0,72,11,83,34,22,100,49,205,6,18,24,229
03/30/2021,HSV,AL,ASO,ES,Combined TRACON& Tower with Radar,32,17,22,55,126,0,2,28,13,43,32,19,50,68,169,6,66,72,241
03/31/2021,HSV,AL,ASO,ES,Combined TRACON& Tower with Radar,36,17,13,12,78,0,2,0,0,2,36,19,13,12,80,0,30,30,110
04/01/2021,HSV,AL,ASO,ES,Combined TRACON& Tower with Radar,39,27,39,74,179,0,2,30,17,49,39,29,69,91,228,0,0,0,228
04/02/2021,HSV,AL,ASO,ES,Combined TRACON& Tower with Radar,37,20,29,20,106,0,4,45,3,52,37,24,74,23,158,0,0,0,158
04/03/2021,HSV,AL,ASO,ES,Combined TRACON& Tower with Radar,29,21,14,7,71,0,4,43,3,50,29,25,57,10,121,0,0,0,121
04/04/2021,HSV,AL,ASO,ES,Combined TRACON& Tower with Radar,38,18,16,0,72,0,4,41,0,45,38,22,57,0,117,6,0,6,123
04/05/2021,HSV,AL,ASO,ES,Combined TRACON& Tower with Radar,40,28,17,37,122,0,0,55,12,67,40,28,72,49,189,14,104,118,307
04/06/2021,HSV,AL,ASO,ES,Combined TRACON& Tower with Radar,39,16,27,48,130,0,0,44,22,66,39,16,71,70,196,0,147,147,343
04/07/2021,HSV,AL,ASO,ES,Combined TRACON& Tower with Radar,39,21,16,74,150,0,2,23,17,42,39,23,39,91,192,22,80,102,294
04/08/2021,HSV,AL,ASO,ES,Combined TRACON& Tower with Radar,41,19,14,11,85,0,4,0,2,6,41,23,14,13,91,0,0,0,91
04/09/2021,HSV,AL,ASO,ES,Combined TRACON& Tower with Radar,37,23,13,72,145,0,6,25,22,53,37,29,38,94,198,0,228,228,426
04/10/2021,HSV,AL,ASO,ES,Combined TRACON& Tower with Radar,29,26,3,2,60,0,4,11,1,16,29,30,14,3,76,0,0,0,76
04/11/2021,HSV,AL,ASO,ES,Combined TRACON& Tower with Radar,38,17,19,11,85,0,4,25,1,30,38,21,44,12,115,0,0,0,115
04/12/2021,HSV,AL,ASO,ES,Combined TRACON& Tower with Radar,40,27,26,63,156,0,2,39,4,45,40,29,65,67,201,8,86,94,295
04/13/2021,HSV,AL,ASO,ES,Combined TRACON& Tower with Radar,38,20,15,54,127,0,0,41,12,53,38,20,56,66,180,14,128,142,322
04/14/2021,HSV,AL,ASO,ES,Combined TRACON& Tower with Radar,37,30,19,42,128,0,0,8,8,16,37,30,27,50,144,10,32,42,186
04/15/2021,HSV,AL,ASO,ES,Combined TRACON& Tower with Radar,41,18,22,116,197,0,2,38,21,61,41,20,60,137,258,20,148,168,426
04/16/2021,HSV,AL,ASO,ES,Combined TRACON& Tower with Radar,38,22,15,129,204,0,0,52,29,81,38,22,67,158,285,6,78,84,369
04/17/2021,HSV,AL,ASO,ES,Combined TRACON& Tower with Radar,33,30,12,22,97,0,6,38,0,44,33,36,50,22,141,0,0,0,141
04/18/2021,HSV,AL,ASO,ES,Combined TRACON& Tower with Radar,43,20,25,25,113,0,0,36,5,41,43,20,61,30,154,4,0,4,158
04/19/2021,HSV,AL,ASO,ES,Combined TRACON& Tower with Radar,40,23,28,37,128,0,4,46,9,59,40,27,74,46,187,22,48,70,257
04/20/2021,HSV,AL,ASO,ES,Combined TRACON& Tower with Radar,40,17,17,47,121,0,5,38,12,55,40,22,55,59,176,0,102,102,278
04/21/2021,HSV,AL,ASO,ES,Combined TRACON& Tower with Radar,39,22,17,28,106,0,4,13,11,28,39,26,30,39,134,0,0,0,134
04/22/2021,HSV,AL,ASO,ES,Combined TRACON& Tower with Radar,45,19,31,18,113,0,0,35,2,37,45,19,66,20,150,0,0,0,150
04/23/2021,HSV,AL,ASO,ES,Combined TRACON& Tower with Radar,37,23,22,8,90,0,1,37,5,43,37,24,59,13,133,0,0,0,133
04/24/2021,HSV,AL,ASO,ES,Combined TRACON& Tower with Radar,37,16,2,0,55,0,0,0,0,0,37,16,2,0,55,0,0,0,55
04/25/2021,HSV,AL,ASO,ES,Combined TRACON& Tower with Radar,41,22,23,0,86,0,0,41,2,43,41,22,64,2,129,0,0,0,129
04/26/2021,HSV,AL,ASO,ES,Combined TRACON& Tower with Radar,41,22,31,8,102,0,0,56,1,57,41,22,87,9,159,0,0,0,159
04/27/2021,HSV,AL,ASO,ES,Combined TRACON& Tower with Radar,38,15,22,15,90,0,0,21,12,33,38,15,43,27,123,0,44,44,167
04/28/2021,HSV,AL,ASO,ES,Combined TRACON& Tower with Radar,35,16,21,16,88,0,0,23,11,34,35,16,44,27,122,0,10,10,132
04/29/2021,HSV,AL,ASO,ES,Combined TRACON& Tower with Radar,44,23,24,18,109,0,0,6,3,9,44,23,30,21,118,0,0,0,118
04/30/2021,HSV,AL,ASO,ES,Combined TRACON& Tower with Radar,40,21,21,17,99,0,0,35,3,38,40,21,56,20,137,0,0,0,137
05/01/2021,HSV,AL,ASO,ES,Combined TRACON& Tower with Radar,33,19,21,2,75,0,0,55,0,55,33,19,76,2,130,0,0,0,130
05/02/2021,HSV,AL,ASO,ES,Combined TRACON& Tower with Radar,40,18,10,0,68,0,0,36,0,36,40,18,46,0,104,0,0,0,104
05/03/2021,HSV,AL,ASO,ES,Combined TRACON& Tower with Radar,45,20,12,29,106,0,0,7,1,8,45,20,19,30,114,0,0,0,114
05/04/2021,HSV,AL,ASO,ES,Combined TRACON& Tower with Radar,38,15,1,0,54,0,0,0,0,0,38,15,1,0,54,0,0,0,54
05/05/2021,HSV,AL,ASO,ES,Combined TRACON& Tower with Radar,39,17,29,47,132,0,2,6,3,11,39,19,35,50,143,12,10,22,165
05/06/2021,HSV,AL,ASO,ES,Combined TRACON& Tower with Radar,47,17,27,16,107,0,0,44,7,51,47,17,71,23,158,0,0,0,158
05/07/2021,HSV,AL,ASO,ES,Combined TRACON& Tower with Radar,40,26,27,37,130,0,0,36,9,45,40,26,63,46,175,0,0,0,175
05/08/2021,HSV,AL,ASO,ES,Combined TRACON& Tower with Radar,36,16,23,0,75,0,1,47,1,49,36,17,70,1,124,0,0,0,124
05/09/2021,HSV,AL,ASO,ES,Combined TRACON& Tower with Radar,45,16,6,2,69,0,0,8,0,8,45,16,14,2,77,0,0,0,77
05/10/2021,HSV,AL,ASO,ES,Combined TRACON& Tower with Radar,39,16,38,33,126,0,0,1,2,3,39,16,39,35,129,0,0,0,129
05/11/2021,HSV,AL,ASO,ES,Combined TRACON& Tower with Radar,34,16,36,106,192,0,1,26,15,42,34,17,62,121,234,0,146,146,380
05/12/2021,HSV,AL,ASO,ES,Combined TRACON& Tower with Radar,37,22,28,59,146,0,4,32,13,49,37,26,60,72,195,0,140,140,335
05/13/2021,HSV,AL,ASO,ES,Combined TRACON& Tower with Radar,44,28,24,66,162,0,0,36,10,46,44,28,60,76,208,0,36,36,244
05/14/2021,HSV,AL,ASO,ES,Combined TRACON& Tower with Radar,42,23,34,32,131,0,0,47,2,49,42,23,81,34,180,2,72,74,254
05/15/2021,HSV,AL,ASO,ES,Combined TRACON& Tower with Radar,33,17,17,1,68,0,0,64,0,64,33,17,81,1,132,0,0,0,132
05/16/2021,HSV,AL,ASO,ES,Combined TRACON& Tower with Radar,42,15,21,26,104,0,0,33,0,33,42,15,54,26,137,8,0,8,145
05/17/2021,HSV,AL,ASO,ES,Combined TRACON& Tower with Radar,44,19,16,55,134,0,0,29,4,33,44,19,45,59,167,16,122,138,305
05/18/2021,HSV,AL,ASO,ES,Combined TRACON& Tower with Radar,38,18,24,95,175,0,0,30,14,44,38,18,54,109,219,0,140,140,359
05/19/2021,HSV,AL,ASO,ES,Combined TRACON& Tower with Radar,37,16,7,55,115,0,0,17,12,29,37,16,24,67,144,0,48,48,192
05/20/2021,HSV,AL,ASO,ES,Combined TRACON& Tower with Radar,44,20,28,55,147,0,2,20,7,29,44,22,48,62,176,10,85,95,271
05/21/2021,HSV,AL,ASO,ES,Combined TRACON& Tower with Radar,42,20,20,31,113,0,0,33,8,41,42,20,53,39,154,24,48,72,226
05/22/2021,HSV,AL,ASO,ES,Combined TRACON& Tower with Radar,35,18,10,8,71,0,2,51,4,57,35,20,61,12,128,0,0,0,128
05/23/2021,HSV,AL,ASO,ES,Combined TRACON& Tower with Radar,43,17,27,24,111,0,2,56,5,63,43,19,83,29,174,28,0,28,202
05/24/2021,HSV,AL,ASO,ES,Combined TRACON& Tower with Radar,41,25,16,16,98,0,1,43,6,50,41,26,59,22,148,10,16,26,174
05/25/2021,HSV,AL,ASO,ES,Combined TRACON& Tower with Radar,34,20,23,40,117,0,4,60,11,75,34,24,83,51,192,0,18,18,210
05/26/2021,HSV,AL,ASO,ES,Combined TRACON& Tower with Radar,38,12,30,24,104,0,2,28,10,40,38,14,58,34,144,18,48,66,210
05/27/2021,HSV,AL,ASO,ES,Combined TRACON& Tower with Radar,44,17,30,15,106,0,2,28,5,35,44,19,58,20,141,0,0,0,141
05/28/2021,HSV,AL,ASO,ES,Combined TRACON& Tower with Radar,46,21,13,0,80,0,0,5,0,5,46,21,18,0,85,0,0,0,85
05/29/2021,HSV,AL,ASO,ES,Combined TRACON& Tower with Radar,36,21,24,0,81,0,0,7,0,7,36,21,31,0,88,0,0,0,88
05/30/2021,HSV,AL,ASO,ES,Combined TRACON& Tower with Radar,36,18,16,4,74,0,0,24,0,24,36,18,40,4,98,6,0,6,104
05/31/2021,HSV,AL,ASO,ES,Combined TRACON& Tower with Radar,35,24,35,0,94,0,0,46,0,46,35,24,81,0,140,6,0,6,146
06/01/2021,HSV,AL,ASO,ES,Combined TRACON& Tower with Radar,36,20,24,21,101,0,4,36,4,44,36,24,60,25,145,0,38,38,183
06/02/2021,HSV,AL,ASO,ES,Combined TRACON& Tower with Radar,38,16,20,4,78,0,0,3,6,9,38,16,23,10,87,0,0,0,87
06/03/2021,HSV,AL,ASO,ES,Combined TRACON& Tower with Radar,42,29,22,8,101,0,0,17,1,18,42,29,39,9,119,0,0,0,119
06/04/2021,HSV,AL,ASO,ES,Combined TRACON& Tower with Radar,44,27,20,62,153,0,4,49,9,62,44,31,69,71,215,0,20,20,235
06/05/2021,HSV,AL,ASO,ES,Combined TRACON& Tower with Radar,39,16,19,20,94,0,0,38,4,42,39,16,57,24,136,0,0,0,136
06/06/2021,HSV,AL,ASO,ES,Combined TRACON& Tower with Radar,41,16,9,10,76,0,0,1,1,2,41,16,10,11,78,0,0,0,78
06/07/2021,HSV,AL,ASO,ES,Combined TRACON& Tower with Radar,39,25,18,23,105,0,0,5,6,11,39,25,23,29,116,0,20,20,136
06/08/2021,HSV,AL,ASO,ES,Combined TRACON& Tower with Radar,41,28,27,13,109,0,0,17,4,21,41,28,44,17,130,6,42,48,178
06/09/2021,HSV,AL,ASO,ES,Combined TRACON& Tower with Radar,43,22,15,2,82,0,0,0,0,0,43,22,15,2,82,0,0,0,82
06/10/2021,HSV,AL,ASO,ES,Combined TRACON& Tower with Radar,45,17,23,15,100,0,0,2,1,3,45,17,25,16,103,0,0,0,103
06/11/2021,HSV,AL,ASO,ES,Combined TRACON& Tower with Radar,50,23,19,12,104,4,0,5,10,19,54,23,24,22,123,0,0,0,123
06/12/2021,HSV,AL,ASO,ES,Combined TRACON& Tower with Radar,35,19,15,0,69,0,0,6,0,6,35,19,21,0,75,0,0,0,75
06/13/2021,HSV,AL,ASO,ES,Combined TRACON& Tower with Radar,39,14,27,21,101,0,2,47,9,58,39,16,74,30,159,0,6,6,165
06/14/2021,HSV,AL,ASO,ES,Combined TRACON& Tower with Radar,39,18,26,65,148,0,2,56,11,69,39,20,82,76,217,44,106,150,367
06/15/2021,HSV,AL,ASO,ES,Combined TRACON& Tower with Radar,43,19,14,76,152,0,6,45,18,69,43,25,59,94,221,36,98,134,355
06/16/2021,HSV,AL,ASO,ES,Combined TRACON& Tower with Radar,43,15,21,80,159,0,3,49,15,67,43,18,70,95,226,8,91,99,325
06/17/2021,HSV,AL,ASO,ES,Combined TRACON& Tower with Radar,45,25,19,63,152,0,2,47,15,64,45,27,66,78,216,30,82,112,328
06/18/2021,HSV,AL,ASO,ES,Combined TRACON& Tower with Radar,43,19,23,7,92,0,0,57,4,61,43,19,80,11,153,0,0,0,153
06/19/2021,HSV,AL,ASO,ES,Combined TRACON& Tower with Radar,36,16,12,0,64,0,0,14,1,15,36,16,26,1,79,0,0,0,79
06/20/2021,HSV,AL,ASO,ES,Combined TRACON& Tower with Radar,43,19,20,8,90,0,0,27,2,29,43,19,47,10,119,0,0,0,119
06/21/2021,HSV,AL,ASO,ES,Combined TRACON& Tower with Radar,38,18,18,7,81,0,0,0,5,5,38,18,18,12,86,0,14,14,100
06/22/2021,HSV,AL,ASO,ES,Combined TRACON& Tower with Radar,42,19,17,46,124,0,0,29,7,36,42,19,46,53,160,0,66,66,226
06/23/2021,HSV,AL,ASO,ES,Combined TRACON& Tower with Radar,44,17,31,55,147,0,2,35,19,56,44,19,66,74,203,40,80,120,323
06/24/2021,HSV,AL,ASO,ES,Combined TRACON& Tower with Radar,43,17,23,35,118,0,2,37,11,50,43,19,60,46,168,0,74,74,242
06/25/2021,HSV,AL,ASO,ES,Combined TRACON& Tower with Radar,43,23,20,108,194,0,0,17,16,33,43,23,37,124,227,4,148,152,379
06/26/2021,HSV,AL,ASO,ES,Combined TRACON& Tower with Radar,35,17,20,3,75,0,0,32,4,36,35,17,52,7,111,6,4,10,121
06/27/2021,HSV,AL,ASO,ES,Combined TRACON& Tower with Radar,41,25,13,21,100,0,0,18,10,28,41,25,31,31,128,6,0,6,134
06/28/2021,HSV,AL,ASO,ES,Combined TRACON& Tower with Radar,42,18,19,33,112,0,4,22,13,39,42,22,41,46,151,6,72,78,229
06/29/2021,HSV,AL,ASO,ES,Combined TRACON& Tower with Radar,43,17,14,10,84,0,2,21,2,25,43,19,35,12,109,2,40,42,151
06/30/2021,HSV,AL,ASO,ES,Combined TRACON& Tower with Radar,41,17,26,42,126,0,0,33,15,48,41,17,59,57,174,10,40,50,224
07/01/2021,HSV,AL,ASO,ES,Combined TRACON& Tower with Radar,44,14,23,11,92,0,0,12,2,14,44,14,35,13,106,0,80,80,186
07/02/2021,HSV,AL,ASO,ES,Combined TRACON& Tower with Radar,36,25,12,0,73,0,0,16,0,16,36,25,28,0,89,20,0,20,109
07/03/2021,HSV,AL,ASO,ES,Combined TRACON& Tower with Radar,29,21,18,0,68,0,0,61,0,61,29,21,79,0,129,0,0,0,129
07/04/2021,HSV,AL,ASO,ES,Combined TRACON& Tower with Radar,27,13,8,0,48,0,0,31,0,31,27,13,39,0,79,6,0,6,85
07/05/2021,HSV,AL,ASO,ES,Combined TRACON& Tower with Radar,37,17,19,2,75,0,0,55,0,55,37,17,74,2,130,6,0,6,136
07/06/2021,HSV,AL,ASO,ES,Combined TRACON& Tower with Radar,42,29,22,63,156,0,0,32,10,42,42,29,54,73,198,6,52,58,256
07/07/2021,HSV,AL,ASO,ES,Combined TRACON& Tower with Radar,36,42,13,1,92,0,0,0,0,0,36,42,13,1,92,0,0,0,92
07/08/2021,HSV,AL,ASO,ES,Combined TRACON& Tower with Radar,39,45,32,10,126,0,1,30,8,39,39,46,62,18,165,4,26,30,195
07/09/2021,HSV,AL,ASO,ES,Combined TRACON& Tower with Radar,38,23,33,5,99,0,0,3,1,4,38,23,36,6,103,0,0,0,103
07/10/2021,HSV,AL,ASO,ES,Combined TRACON& Tower with Radar,35,26,13,28,102,0,1,20,4,25,35,27,33,32,127,10,12,22,149
07/11/2021,HSV,AL,ASO,ES,Combined TRACON& Tower with Radar,39,18,18,13,88,0,0,0,0,0,39,18,18,13,88,0,0,0,88
07/12/2021,HSV,AL,ASO,ES,Combined TRACON& Tower with Radar,36,25,15,20,96,0,0,5,0,5,36,25,20,20,101,0,0,0,101
07/13/2021,HSV,AL,ASO,ES,Combined TRACON& Tower with Radar,41,18,13,12,84,0,0,8,10,18,41,18,21,22,102,0,12,12,114
07/14/2021,HSV,AL,ASO,ES,Combined TRACON& Tower with Radar,39,19,20,67,145,0,2,37,7,46,39,21,57,74,191,16,38,54,245
07/15/2021,HSV,AL,ASO,ES,Combined TRACON& Tower with Radar,46,29,23,73,171,0,0,58,9,67,46,29,81,82,238,8,38,46,284
07/16/2021,HSV,AL,ASO,ES,Combined TRACON& Tower with Radar,46,25,31,18,120,0,4,35,9,48,46,29,66,27,168,22,66,88,256
07/17/2021,HSV,AL,ASO,ES,Combined TRACON& Tower with Radar,33,25,7,7,72,0,0,0,0,0,33,25,7,7,72,0,0,0,72
07/18/2021,HSV,AL,ASO,ES,Combined TRACON& Tower with Radar,45,21,14,4,84,0,0,1,3,4,45,21,15,7,88,0,0,0,88
07/19/2021,HSV,AL,ASO,ES,Combined TRACON& Tower with Radar,39,26,16,19,100,0,0,1,3,4,39,26,17,22,104,0,0,0,104
07/20/2021,HSV,AL,ASO,ES,Combined TRACON& Tower with Radar,40,24,11,12,87,0,0,5,7,12,40,24,16,19,99,0,14,14,113
07/21/2021,HSV,AL,ASO,ES,Combined TRACON& Tower with Radar,34,25,30,25,114,0,0,23,6,29,34,25,53,31,143,0,0,0,143
07/22/2021,HSV,AL,ASO,ES,Combined TRACON& Tower with Radar,51,22,39,18,130,0,1,33,6,40,51,23,72,24,170,0,0,0,170
07/23/2021,HSV,AL,ASO,ES,Combined TRACON& Tower with Radar,45,26,24,32,127,0,0,36,11,47,45,26,60,43,174,0,0,0,174
07/24/2021,HSV,AL,ASO,ES,Combined TRACON& Tower with Radar,34,27,26,12,99,0,2,50,5,57,34,29,76,17,156,0,0,0,156
07/25/2021,HSV,AL,ASO,ES,Combined TRACON& Tower with Radar,48,29,22,17,116,0,0,29,3,32,48,29,51,20,148,0,0,0,148
07/26/2021,HSV,AL,ASO,ES,Combined TRACON& Tower with Radar,49,23,9,7,88,0,0,22,5,27,49,23,31,12,115,0,0,0,115
07/27/2021,HSV,AL,ASO,ES,Combined TRACON& Tower with Radar,50,26,16,36,128,0,0,33,5,38,50,26,49,41,166,0,0,0,166
07/28/2021,HSV,AL,ASO,ES,Combined TRACON& Tower with Radar,39,18,29,58,144,0,0,45,30,75,39,18,74,88,219,0,0,0,219
07/29/2021,HSV,AL,ASO,ES,Combined TRACON& Tower with Radar,47,26,24,37,134,0,0,48,6,54,47,26,72,43,188,0,0,0,188
07/30/2021,HSV,AL,ASO,ES,Combined TRACON& Tower with Radar,42,27,28,36,133,0,0,28,11,39,42,27,56,47,172,0,0,0,172
07/31/2021,HSV,AL,ASO,ES,Combined TRACON& Tower with Radar,32,26,19,8,85,0,0,5,5,10,32,26,24,13,95,0,0,0,95
08/01/2021,HSV,AL,ASO,ES,Combined TRACON& Tower with Radar,39,17,24,3,83,0,0,10,0,10,39,17,34,3,93,6,0,6,99
08/02/2021,HSV,AL,ASO,ES,Combined TRACON& Tower with Radar,42,26,18,61,147,0,0,26,3,29,42,26,44,64,176,4,74,78,254
08/03/2021,HSV,AL,ASO,ES,Combined TRACON& Tower with Radar,50,22,14,65,151,0,1,50,17,68,50,23,64,82,219,4,192,196,415
08/04/2021,HSV,AL,ASO,ES,Combined TRACON& Tower with Radar,39,19,24,41,123,0,2,39,6,47,39,21,63,47,170,8,98,106,276
08/05/2021,HSV,AL,ASO,ES,Combined TRACON& Tower with Radar,46,17,29,39,131,0,0,33,10,43,46,17,62,49,174,0,0,0,174
08/06/2021,HSV,AL,ASO,ES,Combined TRACON& Tower with Radar,38,19,23,68,148,0,0,33,13,46,38,19,56,81,194,0,0,0,194
08/07/2021,HSV,AL,ASO,ES,Combined TRACON& Tower with Radar,31,16,7,4,58,0,0,28,0,28,31,16,35,4,86,0,0,0,86
08/08/2021,HSV,AL,ASO,ES,Combined TRACON& Tower with Radar,40,18,33,31,122,0,0,35,2,37,40,18,68,33,159,2,0,2,161
08/09/2021,HSV,AL,ASO,ES,Combined TRACON& Tower with Radar,44,17,18,21,100,0,0,21,7,28,44,17,39,28,128,12,44,56,184
08/10/2021,HSV,AL,ASO,ES,Combined TRACON& Tower with Radar,42,23,22,17,104,0,0,30,5,35,42,23,52,22,139,6,64,70,209
08/11/2021,HSV,AL,ASO,ES,Combined TRACON& Tower with Radar,39,27,16,27,109,0,0,24,8,32,39,27,40,35,141,10,84,94,235
08/12/2021,HSV,AL,ASO,ES,Combined TRACON& Tower with Radar,45,21,30,53,149,0,0,31,8,39,45,21,61,61,188,4,80,84,272
08/13/2021,HSV,AL,ASO,ES,Combined TRACON& Tower with Radar,39,19,17,14,89,0,0,13,1,14,39,19,30,15,103,0,28,28,131
08/14/2021,HSV,AL,ASO,ES,Combined TRACON& Tower with Radar,28,23,18,6,75,0,0,22,0,22,28,23,40,6,97,0,0,0,97
08/15/2021,HSV,AL,ASO,ES,Combined TRACON& Tower with Radar,45,14,15,14,88,0,0,5,0,5,45,14,20,14,93,0,0,0,93
08/16/2021,HSV,AL,ASO,ES,Combined TRACON& Tower with Radar,41,18,19,71,149,0,0,8,6,14,41,18,27,77,163,0,102,102,265
08/17/2021,HSV,AL,ASO,ES,Combined TRACON& Tower with Radar,39,20,25,46,130,0,0,24,1,25,39,20,49,47,155,0,98,98,253
08/18/2021,HSV,AL,ASO,ES,Combined TRACON& Tower with Radar,36,16,30,34,116,0,0,27,10,37,36,16,57,44,153,0,0,0,153
08/19/2021,HSV,AL,ASO,ES,Combined TRACON& Tower with Radar,49,21,25,4,99,0,0,6,2,8,49,21,31,6,107,0,0,0,107
08/20/2021,HSV,AL,ASO,ES,Combined TRACON& Tower with Radar,42,22,25,40,129,0,0,5,4,9,42,22,30,44,138,0,0,0,138
08/21/2021,HSV,AL,ASO,ES,Combined TRACON& Tower with Radar,32,18,16,2,68,0,0,5,2,7,32,18,21,4,75,0,0,0,75
08/22/2021,HSV,AL,ASO,ES,Combined TRACON& Tower with Radar,50,16,27,10,103,0,0,22,0,22,50,16,49,10,125,2,0,2,127
08/23/2021,HSV,AL,ASO,ES,Combined TRACON& Tower with Radar,43,23,23,37,126,0,1,45,6,52,43,24,68,43,178,0,68,68,246
08/24/2021,HSV,AL,ASO,ES,Combined TRACON& Tower with Radar,38,18,20,22,98,0,2,47,10,59,38,20,67,32,157,18,50,68,225
08/25/2021,HSV,AL,ASO,ES,Combined TRACON& Tower with Radar,42,19,26,51,138,0,4,45,8,57,42,23,71,59,195,0,58,58,253
08/26/2021,HSV,AL,ASO,ES,Combined TRACON& Tower with Radar,48,22,17,29,116,0,5,34,5,44,48,27,51,34,160,0,0,0,160
08/27/2021,HSV,AL,ASO,ES,Combined TRACON& Tower with Radar,41,19,23,41,124,0,0,37,5,42,41,19,60,46,166,0,0,0,166
08/28/2021,HSV,AL,ASO,ES,Combined TRACON& Tower with Radar,31,15,18,8,72,0,4,43,2,49,31,19,61,10,121,0,0,0,121
08/29/2021,HSV,AL,ASO,ES,Combined TRACON& Tower with Radar,46,15,20,18,99,0,0,17,0,17,46,15,37,18,116,4,4,8,124
08/30/2021,HSV,AL,ASO,ES,Combined TRACON& Tower with Radar,41,20,14,0,75,0,1,8,0,9,41,21,22,0,84,6,0,6,90
08/31/2021,HSV,AL,ASO,ES,Combined TRACON& Tower with Radar,41,31,8,0,80,0,0,0,0,0,41,31,8,0,80,0,0,0,80
09/01/2021,HSV,AL,ASO,ES,Combined TRACON& Tower with Radar,39,30,37,9,115,0,0,14,3,17,39,30,51,12,132,0,0,0,132
09/02/2021,HSV,AL,ASO,ES,Combined TRACON& Tower with Radar,42,23,32,25,122,0,3,49,11,63,42,26,81,36,185,0,0,0,185
09/03/2021,HSV,AL,ASO,ES,Combined TRACON& Tower with Radar,43,25,27,10,105,0,8,47,3,58,43,33,74,13,163,0,0,0,163
09/04/2021,HSV,AL,ASO,ES,Combined TRACON& Tower with Radar,32,18,6,0,56,0,2,38,0,40,32,20,44,0,96,0,0,0,96
09/05/2021,HSV,AL,ASO,ES,Combined TRACON& Tower with Radar,34,18,13,0,65,0,1,19,0,20,34,19,32,0,85,0,0,0,85
09/06/2021,HSV,AL,ASO,ES,Combined TRACON& Tower with Radar,35,17,24,3,79,0,0,23,1,24,35,17,47,4,103,0,8,8,111
09/07/2021,HSV,AL,ASO,ES,Combined TRACON& Tower with Radar,39,16,34,47,136,0,6,42,7,55,39,22,76,54,191,26,60,86,277
09/08/2021,HSV,AL,ASO,ES,Combined TRACON& Tower with Radar,42,16,29,48,135,0,5,32,11,48,42,21,61,59,183,0,94,94,277
09/09/2021,HSV,AL,ASO,ES,Combined TRACON& Tower with Radar,52,19,35,25,131,0,4,44,3,51,52,23,79,28,182,2,46,48,230
09/10/2021,HSV,AL,ASO,ES,Combined TRACON& Tower with Radar,45,19,14,40,118,0,4,47,13,64,45,23,61,53,182,0,80,80,262
09/11/2021,HSV,AL,ASO,ES,Combined TRACON& Tower with Radar,33,18,13,16,80,0,6,43,17,66,33,24,56,33,146,8,52,60,206
09/12/2021,HSV,AL,ASO,ES,Combined TRACON& Tower with Radar,53,13,21,5,92,0,0,33,4,37,53,13,54,9,129,14,0,14,143
09/13/2021,HSV,AL,ASO,ES,Combined TRACON& Tower with Radar,46,22,27,60,155,0,0,35,13,48,46,22,62,73,203,4,106,110,313
09/14/2021,HSV,AL,ASO,ES,Combined TRACON& Tower with Radar,37,27,16,39,119,0,0,21,15,36,37,27,37,54,155,4,108,112,267
09/15/2021,HSV,AL,ASO,ES,Combined TRACON& Tower with Radar,41,24,25,46,136,0,2,4,5,11,41,26,29,51,147,2,94,96,243
09/16/2021,HSV,AL,ASO,ES,Combined TRACON& Tower with Radar,49,27,28,60,164,0,2,8,11,21,49,29,36,71,185,14,94,108,293
09/17/2021,HSV,AL,ASO,ES,Combined TRACON& Tower with Radar,50,30,35,59,174,0,0,5,4,9,50,30,40,63,183,6,56,62,245
09/18/2021,HSV,AL,ASO,ES,Combined TRACON& Tower with Radar,34,21,11,0,66,0,0,0,0,0,34,21,11,0,66,0,0,0,66
09/19/2021,HSV,AL,ASO,ES,Combined TRACON& Tower with Radar,51,12,19,1,83,0,0,1,0,1,51,12,20,1,84,0,0,0,84
09/20/2021,HSV,AL,ASO,ES,Combined TRACON& Tower with Radar,47,25,21,4,97,0,0,2,2,4,47,25,23,6,101,0,0,0,101
09/21/2021,HSV,AL,ASO,ES,Combined TRACON& Tower with Radar,40,23,21,7,91,0,0,9,5,14,40,23,30,12,105,0,0,0,105
09/22/2021,HSV,AL,ASO,ES,Combined TRACON& Tower with Radar,39,31,28,23,121,0,2,11,8,21,39,33,39,31,142,0,0,0,142
09/23/2021,HSV,AL,ASO,ES,Combined TRACON& Tower with Radar,49,27,27,17,120,0,0,75,14,89,49,27,102,31,209,8,60,68,277
09/24/2021,HSV,AL,ASO,ES,Combined TRACON& Tower with Radar,45,24,23,17,109,0,5,47,15,67,45,29,70,32,176,30,32,62,238
09/25/2021,HSV,AL,ASO,ES,Combined TRACON& Tower with Radar,34,18,20,6,78,0,2,36,4,42,34,20,56,10,120,0,0,0,120
09/26/2021,HSV,AL,ASO,ES,Combined TRACON& Tower with Radar,51,19,25,8,103,0,0,43,1,44,51,19,68,9,147,6,0,6,153
09/27/2021,HSV,AL,ASO,ES,Combined TRACON& Tower with Radar,46,21,24,46,137,0,0,35,13,48,46,21,59,59,185,4,70,74,259
09/28/2021,HSV,AL,ASO,ES,Combined TRACON& Tower with Radar,37,24,22,56,139,0,2,28,6,36,37,26,50,62,175,8,134,142,317
09/29/2021,HSV,AL,ASO,ES,Combined TRACON& Tower with Radar,39,20,29,61,149,0,4,36,15,55,39,24,65,76,204,22,144,166,370
09/30/2021,HSV,AL,ASO,ES,Combined TRACON& Tower with Radar,48,18,22,42,130,0,0,40,11,51,48,18,62,53,181,8,142,150,331
10/01/2021,HSV,AL,ASO,ES,Combined TRACON& Tower with Radar,46,25,31,34,136,0,0,43,11,54,46,25,74,45,190,16,86,102,292
10/02/2021,HSV,AL,ASO,ES,Combined TRACON& Tower with Radar,32,21,21,30,104,0,0,38,3,41,32,21,59,33,145,0,0,0,145
10/03/2021,HSV,AL,ASO,ES,Combined TRACON& Tower with Radar,50,23,27,1,101,0,0,1,1,2,50,23,28,2,103,0,0,0,103
10/04/2021,HSV,AL,ASO,ES,Combined TRACON& Tower with Radar,44,26,22,20,112,0,2,9,3,14,44,28,31,23,126,0,40,40,166
10/05/2021,HSV,AL,ASO,ES,Combined TRACON& Tower with Radar,40,22,14,15,91,0,0,5,1,6,40,22,19,16,97,0,18,18,115
10/06/2021,HSV,AL,ASO,ES,Combined TRACON& Tower with Radar,36,23,19,13,91,0,0,0,0,0,36,23,19,13,91,0,0,0,91
10/07/2021,HSV,AL,ASO,ES,Combined TRACON& Tower with Radar,55,32,31,14,132,0,1,27,3,31,55,33,58,17,163,0,10,10,173
10/08/2021,HSV,AL,ASO,ES,Combined TRACON& Tower with Radar,47,26,28,5,106,0,0,43,2,45,47,26,71,7,151,6,54,60,211
10/09/2021,HSV,AL,ASO,ES,Combined TRACON& Tower with Radar,37,30,26,0,93,0,0,34,0,34,37,30,60,0,127,4,0,4,131
10/10/2021,HSV,AL,ASO,ES,Combined TRACON& Tower with Radar,48,24,16,5,93,0,1,39,0,40,48,25,55,5,133,0,0,0,133
10/11/2021,HSV,AL,ASO,ES,Combined TRACON& Tower with Radar,46,24,33,0,103,0,2,29,0,31,46,26,62,0,134,0,0,0,134
10/12/2021,HSV,AL,ASO,ES,Combined TRACON& Tower with Radar,45,22,32,21,120,0,4,13,3,20,45,26,45,24,140,14,20,34,174
10/13/2021,HSV,AL,ASO,ES,Combined TRACON& Tower with Radar,40,23,38,34,135,0,0,33,6,39,40,23,71,40,174,0,0,0,174
10/14/2021,HSV,AL,ASO,ES,Combined TRACON& Tower with Radar,54,28,23,56,161,0,0,31,12,43,54,28,54,68,204,0,118,118,322
10/15/2021,HSV,AL,ASO,ES,Combined TRACON& Tower with Radar,47,24,27,37,135,0,0,23,5,28,47,24,50,42,163,0,50,50,213
10/16/2021,HSV,AL,ASO,ES,Combined TRACON& Tower with Radar,36,23,8,0,67,0,0,34,0,34,36,23,42,0,101,0,0,0,101
10/17/2021,HSV,AL,ASO,ES,Combined TRACON& Tower with Radar,49,22,13,0,84,0,0,42,1,43,49,22,55,1,127,26,0,26,153
10/18/2021,HSV,AL,ASO,ES,Combined TRACON& Tower with Radar,45,19,17,48,129,0,0,40,10,50,45,19,57,58,179,12,34,46,225
10/19/2021,HSV,AL,ASO,ES,Combined TRACON& Tower with Radar,42,20,22,48,132,0,0,43,15,58,42,20,65,63,190,26,50,76,266
10/20/2021,HSV,AL,ASO,ES,Combined TRACON& Tower with Radar,44,22,29,57,152,0,1,47,20,68,44,23,76,77,220,12,90,102,322
10/21/2021,HSV,AL,ASO,ES,Combined TRACON& Tower with Radar,51,30,31,26,138,0,0,9,1,10,51,30,40,27,148,14,22,36,184
10/22/2021,HSV,AL,ASO,ES,Combined TRACON& Tower with Radar,49,24,30,28,131,0,2,42,7,51,49,26,72,35,182,8,0,8,190
10/23/2021,HSV,AL,ASO,ES,Combined TRACON& Tower with Radar,39,24,29,2,94,0,0,41,0,41,39,24,70,2,135,0,0,0,135
10/24/2021,HSV,AL,ASO,ES,Combined TRACON& Tower with Radar,49,25,28,9,111,0,0,48,2,50,49,25,76,11,161,0,0,0,161
10/25/2021,HSV,AL,ASO,ES,Combined TRACON& Tower with Radar,46,29,17,6,98,0,0,5,0,5,46,29,22,6,103,0,0,0,103
10/26/2021,HSV,AL,ASO,ES,Combined TRACON& Tower with Radar,44,27,41,38,150,0,0,39,10,49,44,27,80,48,199,20,30,50,249
10/27/2021,HSV,AL,ASO,ES,Combined TRACON& Tower with Radar,51,29,35,63,178,0,0,33,11,44,51,29,68,74,222,8,86,94,316
10/28/2021,HSV,AL,ASO,ES,Combined TRACON& Tower with Radar,53,31,31,24,139,0,0,0,2,2,53,31,31,26,141,0,14,14,155
10/29/2021,HSV,AL,ASO,ES,Combined TRACON& Tower with Radar,49,32,24,8,113,0,0,0,0,0,49,32,24,8,113,0,0,0,113
10/30/2021,HSV,AL,ASO,ES,Combined TRACON& Tower with Radar,36,25,20,1,82,0,0,1,1,2,36,25,21,2,84,0,0,0,84
10/31/2021,HSV,AL,ASO,ES,Combined TRACON& Tower with Radar,41,30,14,0,85,0,3,39,0,42,41,33,53,0,127,0,0,0,127
11/01/2021,HSV,AL,ASO,ES,Combined TRACON& Tower with Radar,45,27,23,9,104,0,0,34,4,38,45,27,57,13,142,14,36,50,192
11/02/2021,HSV,AL,ASO,ES,Combined TRACON& Tower with Radar,31,32,33,8,104,0,4,52,11,67,31,36,85,19,171,4,100,104,275
11/03/2021,HSV,AL,ASO,ES,Combined TRACON& Tower with Radar,38,18,33,17,106,0,0,17,8,25,38,18,50,25,131,4,70,74,205
11/04/2021,HSV,AL,ASO,ES,Combined TRACON& Tower with Radar,44,27,22,8,101,0,0,2,0,2,44,27,24,8,103,0,0,0,103
11/05/2021,HSV,AL,ASO,ES,Combined TRACON& Tower with Radar,42,31,44,21,138,0,1,17,4,22,42,32,61,25,160,0,0,0,160
11/06/2021,HSV,AL,ASO,ES,Combined TRACON& Tower with Radar,32,31,28,0,91,0,0,51,1,52,32,31,79,1,143,18,0,18,161
11/07/2021,HSV,AL,ASO,ES,Combined TRACON& Tower with Radar,45,20,20,16,101,0,0,52,0,52,45,20,72,16,153,2,0,2,155
11/08/2021,HSV,AL,ASO,ES,Combined TRACON& Tower with Radar,43,28,19,44,134,0,2,53,4,59,43,30,72,48,193,36,62,98,291
11/09/2021,HSV,AL,ASO,ES,Combined TRACON& Tower with Radar,36,27,34,22,119,0,0,39,17,56,36,27,73,39,175,14,76,90,265
11/10/2021,HSV,AL,ASO,ES,Combined TRACON& Tower with Radar,37,36,29,25,127,0,2,27,9,38,37,38,56,34,165,20,76,96,261
11/11/2021,HSV,AL,ASO,ES,Combined TRACON& Tower with Radar,44,21,16,1,82,0,2,2,0,4,44,23,18,1,86,0,0,0,86
11/12/2021,HSV,AL,ASO,ES,Combined TRACON& Tower with Radar,45,22,24,10,101,0,0,47,9,56,45,22,71,19,157,0,0,0,157
11/13/2021,HSV,AL,ASO,ES,Combined TRACON& Tower with Radar,33,21,9,6,69,0,0,49,0,49,33,21,58,6,118,0,0,0,118
11/14/2021,HSV,AL,ASO,ES,Combined TRACON& Tower with Radar,47,24,25,1,97,0,0,27,4,31,47,24,52,5,128,0,0,0,128
11/15/2021,HSV,AL,ASO,ES,Combined TRACON& Tower with Radar,43,27,30,63,163,0,0,51,14,65,43,27,81,77,228,6,62,68,296
11/16/2021,HSV,AL,ASO,ES,Combined TRACON& Tower with Radar,35,20,22,44,121,0,0,48,11,59,35,20,70,55,180,179,26,205,385
11/17/2021,HSV,AL,ASO,ES,Combined TRACON& Tower with Radar,42,19,30,29,120,0,2,45,6,53,42,21,75,35,173,34,82,116,289
11/18/2021,HSV,AL,ASO,ES,Combined TRACON& Tower with Radar,45,22,23,19,109,0,0,6,4,10,45,22,29,23,119,0,0,0,119
11/19/2021,HSV,AL,ASO,ES,Combined TRACON& Tower with Radar,46,31,12,18,107,0,0,33,13,46,46,31,45,31,153,6,50,56,209
11/20/2021,HSV,AL,ASO,ES,Combined TRACON& Tower with Radar,33,23,20,4,80,0,2,28,6,36,33,25,48,10,116,0,0,0,116
11/21/2021,HSV,AL,ASO,ES,Combined TRACON& Tower with Radar,41,14,18,2,75,0,0,20,0,20,41,14,38,2,95,16,0,16,111
11/22/2021,HSV,AL,ASO,ES,Combined TRACON& Tower with Radar,39,24,33,56,152,0,0,39,19,58,39,24,72,75,210,20,126,146,356
11/23/2021,HSV,AL,ASO,ES,Combined TRACON& Tower with Radar,43,26,23,38,130,0,3,46,19,68,43,29,69,57,198,26,110,136,334
11/24/2021,HSV,AL,ASO,ES,Combined TRACON& Tower with Radar,51,24,19,14,108,0,0,31,4,35,51,24,50,18,143,4,58,62,205
11/25/2021,HSV,AL,ASO,ES,Combined TRACON& Tower with Radar,18,11,6,0,35,0,0,0,0,0,18,11,6,0,35,0,0,0,35
11/26/2021,HSV,AL,ASO,ES,Combined TRACON& Tower with Radar,30,25,14,0,69,0,1,11,0,12,30,26,25,0,81,0,0,0,81
11/27/2021,HSV,AL,ASO,ES,Combined TRACON& Tower with Radar,38,23,8,0,69,0,1,22,0,23,38,24,30,0,92,0,0,0,92
11/28/2021,HSV,AL,ASO,ES,Combined TRACON& Tower with Radar,49,20,34,0,103,0,0,37,0,37,49,20,71,0,140,44,0,44,184
11/29/2021,HSV,AL,ASO,ES,Combined TRACON& Tower with Radar,45,27,36,32,140,0,0,26,13,39,45,27,62,45,179,20,72,92,271
11/30/2021,HSV,AL,ASO,ES,Combined TRACON& Tower with Radar,41,21,22,15,99,0,2,37,10,49,41,23,59,25,148,8,116,124,272
12/01/2021,HSV,AL,ASO,ES,Combined TRACON& Tower with Radar,43,24,15,38,120,0,0,17,6,23,43,24,32,44,143,0,110,110,253
12/02/2021,HSV,AL,ASO,ES,Combined TRACON& Tower with Radar,48,29,24,72,173,0,0,36,12,48,48,29,60,84,221,0,0,0,221
12/03/2021,HSV,AL,ASO,ES,Combined TRACON& Tower with Radar,50,29,19,29,127,0,0,44,4,48,50,29,63,33,175,16,66,82,257
12/04/2021,HSV,AL,ASO,ES,Combined TRACON& Tower with Radar,30,29,12,5,76,0,0,0,0,0,30,29,12,5,76,0,0,0,76
12/05/2021,HSV,AL,ASO,ES,Combined TRACON& Tower with Radar,39,28,15,27,109,0,0,18,0,18,39,28,33,27,127,0,0,0,127
12/06/2021,HSV,AL,ASO,ES,Combined TRACON& Tower with Radar,39,24,17,10,90,0,0,2,5,7,39,24,19,15,97,0,52,52,149
12/07/2021,HSV,AL,ASO,ES,Combined TRACON& Tower with Radar,43,24,19,57,143,0,0,41,30,71,43,24,60,87,214,10,102,112,326
12/08/2021,HSV,AL,ASO,ES,Combined TRACON& Tower with Radar,41,24,23,43,131,0,1,63,25,89,41,25,86,68,220,20,88,108,328
12/09/2021,HSV,AL,ASO,ES,Combined TRACON& Tower with Radar,49,26,25,38,138,0,0,15,19,34,49,26,40,57,172,8,98,106,278
12/10/2021,HSV,AL,ASO,ES,Combined TRACON& Tower with Radar,41,25,22,4,92,0,0,0,0,0,41,25,22,4,92,0,0,0,92
12/11/2021,HSV,AL,ASO,ES,Combined TRACON& Tower with Radar,32,20,4,1,57,0,0,2,0,2,32,20,6,1,59,0,0,0,59
12/12/2021,HSV,AL,ASO,ES,Combined TRACON& Tower with Radar,41,19,11,8,79,0,0,55,2,57,41,19,66,10,136,0,0,0,136
12/13/2021,HSV,AL,ASO,ES,Combined TRACON& Tower with Radar,41,25,33,52,151,0,0,39,17,56,41,25,72,69,207,0,0,0,207
12/14/2021,HSV,AL,ASO,ES,Combined TRACON& Tower with Radar,39,27,30,65,161,0,4,47,19,70,39,31,77,84,231,0,58,58,289
12/15/2021,HSV,AL,ASO,ES,Combined TRACON& Tower with Radar,37,19,45,46,147,0,0,31,10,41,37,19,76,56,188,2,60,62,250
12/16/2021,HSV,AL,ASO,ES,Combined TRACON& Tower with Radar,38,20,22,47,127,0,0,11,3,14,38,20,33,50,141,6,52,58,199
12/17/2021,HSV,AL,ASO,ES,Combined TRACON& Tower with Radar,40,24,33,10,107,0,0,4,0,4,40,24,37,10,111,0,0,0,111
12/18/2021,HSV,AL,ASO,ES,Combined TRACON& Tower with Radar,33,25,1,2,61,0,0,0,0,0,33,25,1,2,61,0,0,0,61
12/19/2021,HSV,AL,ASO,ES,Combined TRACON& Tower with Radar,39,19,24,15,97,0,0,13,0,13,39,19,37,15,110,14,0,14,124
12/20/2021,HSV,AL,ASO,ES,Combined TRACON& Tower with Radar,38,28,21,25,112,0,0,22,3,25,38,28,43,28,137,0,0,0,137
12/21/2021,HSV,AL,ASO,ES,Combined TRACON& Tower with Radar,38,25,15,25,103,0,0,63,7,70,38,25,78,32,173,0,70,70,243
12/22/2021,HSV,AL,ASO,ES,Combined TRACON& Tower with Radar,40,20,26,44,130,0,4,38,10,52,40,24,64,54,182,6,76,82,264
12/23/2021,HSV,AL,ASO,ES,Combined TRACON& Tower with Radar,35,22,20,2,79,0,0,43,0,43,35,22,63,2,122,0,0,0,122
12/24/2021,HSV,AL,ASO,ES,Combined TRACON& Tower with Radar,22,23,4,0,49,0,0,2,0,2,22,23,6,0,51,0,0,0,51
12/25/2021,HSV,AL,ASO,ES,Combined TRACON& Tower with Radar,19,20,8,0,47,0,0,4,0,4,19,20,12,0,51,0,0,0,51
12/26/2021,HSV,AL,ASO,ES,Combined TRACON& Tower with Radar,33,18,27,0,78,0,0,11,0,11,33,18,38,0,89,18,0,18,107
12/27/2021,HSV,AL,ASO,ES,Combined TRACON& Tower with Radar,35,19,18,5,77,0,0,0,0,0,35,19,18,5,77,0,0,0,77
12/28/2021,HSV,AL,ASO,ES,Combined TRACON& Tower with Radar,31,19,16,28,94,0,0,0,1,1,31,19,16,29,95,0,6,6,101
12/29/2021,HSV,AL,ASO,ES,Combined TRACON& Tower with Radar,39,17,4,3,63,0,0,2,1,3,39,17,6,4,66,0,0,0,66
12/30/2021,HSV,AL,ASO,ES,Combined TRACON& Tower with Radar,36,15,19,0,70,0,0,13,0,13,36,15,32,0,83,0,0,0,83
12/31/2021,HSV,AL,ASO,ES,Combined TRACON& Tower with Radar,23,20,20,0,63,0,0,1,0,1,23,20,21,0,64,0,0,0,64
01/01/2022,HSV,AL,ASO,ES,Combined TRACON& Tower with Radar,21,14,6,0,41,0,1,0,0,1,21,15,6,0,42,0,0,0,42
01/02/2022,HSV,AL,ASO,ES,Combined TRACON& Tower with Radar,27,21,11,0,59,0,0,0,0,0,27,21,11,0,59,0,0,0,59
01/03/2022,HSV,AL,ASO,ES,Combined TRACON& Tower with Radar,28,17,14,0,59,0,0,5,5,10,28,17,19,5,69,18,0,18,87
01/04/2022,HSV,AL,ASO,ES,Combined TRACON& Tower with Radar,31,13,18,7,69,0,0,43,4,47,31,13,61,11,116,22,0,22,138
01/05/2022,HSV,AL,ASO,ES,Combined TRACON& Tower with Radar,31,17,20,45,113,0,0,9,5,14,31,17,29,50,127,0,0,0,127
01/06/2022,HSV,AL,ASO,ES,Combined TRACON& Tower with Radar,36,13,11,4,64,0,0,0,0,0,36,13,11,4,64,0,0,0,64
01/07/2022,HSV,AL,ASO,ES,Combined TRACON& Tower with Radar,36,20,21,28,105,0,0,21,9,30,36,20,42,37,135,0,14,14,149
01/08/2022,HSV,AL,ASO,ES,Combined TRACON& Tower with Radar,24,23,14,25,86,0,0,42,12,54,24,23,56,37,140,2,12,14,154
01/09/2022,HSV,AL,ASO,ES,Combined TRACON& Tower with Radar,29,21,7,0,57,0,0,0,0,0,29,21,7,0,57,0,0,0,57
01/10/2022,HSV,AL,ASO,ES,Combined TRACON& Tower with Radar,36,25,22,26,109,0,0,21,9,30,36,25,43,35,139,0,0,0,139
01/11/2022,HSV,AL,ASO,ES,Combined TRACON& Tower with Radar,30,18,17,50,115,0,0,34,7,41,30,18,51,57,156,4,6,10,166
01/12/2022,HSV,AL,ASO,ES,Combined TRACON& Tower with Radar,35,21,23,29,108,0,2,31,12,45,35,23,54,41,153,0,0,0,153
01/13/2022,HSV,AL,ASO,ES,Combined TRACON& Tower with Radar,37,23,8,9,77,0,0,44,1,45,37,23,52,10,122,38,0,38,160
01/14/2022,HSV,AL,ASO,ES,Combined TRACON& Tower with Radar,34,21,30,6,91,0,0,50,4,54,34,21,80,10,145,54,20,74,219
01/15/2022,HSV,AL,ASO,ES,Combined TRACON& Tower with Radar,20,18,13,1,52,0,0,17,0,17,20,18,30,1,69,0,0,0,69
01/16/2022,HSV,AL,ASO,ES,Combined TRACON& Tower with Radar,18,13,4,1,36,0,0,0,0,0,18,13,4,1,36,0,0,0,36
01/17/2022,HSV,AL,ASO,ES,Combined TRACON& Tower with Radar,37,23,22,3,85,0,0,2,0,2,37,23,24,3,87,0,0,0,87
01/18/2022,HSV,AL,ASO,ES,Combined TRACON& Tower with Radar,30,14,31,20,95,0,0,67,6,73,30,14,98,26,168,0,0,0,168
01/19/2022,HSV,AL,ASO,ES,Combined TRACON& Tower with Radar,31,17,24,13,85,0,0,5,5,10,31,17,29,18,95,0,134,134,229
01/20/2022,HSV,AL,ASO,ES,Combined TRACON& Tower with Radar,36,14,11,23,84,0,0,1,3,4,36,14,12,26,88,0,4,4,92
01/21/2022,HSV,AL,ASO,ES,Combined TRACON& Tower with Radar,32,16,8,18,74,0,0,24,6,30,32,16,32,24,104,0,82,82,186
01/22/2022,HSV,AL,ASO,ES,Combined TRACON& Tower with Radar,22,20,9,4,55,0,2,50,0,52,22,22,59,4,107,22,0,22,129
01/23/2022,HSV,AL,ASO,ES,Combined TRACON& Tower with Radar,38,17,26,9,90,0,5,50,2,57,38,22,76,11,147,20,0,20,167
01/24/2022,HSV,AL,ASO,ES,Combined TRACON& Tower with Radar,35,22,28,33,118,0,2,42,6,50,35,24,70,39,168,0,140,140,308
01/25/2022,HSV,AL,ASO,ES,Combined TRACON& Tower with Radar,27,16,18,54,115,0,2,28,11,41,27,18,46,65,156,0,154,154,310
01/26/2022,HSV,AL,ASO,ES,Combined TRACON& Tower with Radar,33,20,24,32,109,0,0,41,8,49,33,20,65,40,158,0,32,32,190
01/27/2022,HSV,AL,ASO,ES,Combined TRACON& Tower with Radar,39,23,19,23,104,0,2,39,6,47,39,25,58,29,151,16,32,48,199
01/28/2022,HSV,AL,ASO,ES,Combined TRACON& Tower with Radar,48,20,9,29,106,0,2,16,2,20,48,22,25,31,126,14,18,32,158
01/29/2022,HSV,AL,ASO,ES,Combined TRACON& Tower with Radar,26,23,10,2,61,0,6,47,2,55,26,29,57,4,116,28,0,28,144
01/30/2022,HSV,AL,ASO,ES,Combined TRACON& Tower with Radar,33,20,20,2,75,0,5,45,2,52,33,25,65,4,127,14,0,14,141
01/31/2022,HSV,AL,ASO,ES,Combined TRACON& Tower with Radar,35,22,19,24,100,0,6,22,12,40,35,28,41,36,140,2,122,124,264
02/01/2022,HSV,AL,ASO,ES,Combined TRACON& Tower with Radar,27,18,20,35,100,0,3,27,14,44,27,21,47,49,144,12,68,80,224
02/02/2022,HSV,AL,ASO,ES,Combined TRACON& Tower with Radar,30,20,13,7,70,0,0,0,0,0,30,20,13,7,70,0,0,0,70
02/03/2022,HSV,AL,ASO,ES,Combined TRACON& Tower with Radar,27,23,5,0,55,0,0,0,0,0,27,23,5,0,55,0,0,0,55
02/04/2022,HSV,AL,ASO,ES,Combined TRACON& Tower with Radar,32,19,7,0,58,0,0,0,0,0,32,19,7,0,58,0,0,0,58
02/05/2022,HSV,AL,ASO,ES,Combined TRACON& Tower with Radar,25,18,14,2,59,0,3,54,3,60,25,21,68,5,119,0,0,0,119
02/06/2022,HSV,AL,ASO,ES,Combined TRACON& Tower with Radar,35,28,14,1,78,0,4,55,1,60,35,32,69,2,138,42,0,42,180
02/07/2022,HSV,AL,ASO,ES,Combined TRACON& Tower with Radar,35,19,15,58,127,0,15,32,22,69,35,34,47,80,196,18,124,142,338
02/08/2022,HSV,AL,ASO,ES,Combined TRACON& Tower with Radar,36,33,25,33,127,3,11,36,14,64,39,44,61,47,191,26,102,128,319
02/09/2022,HSV,AL,ASO,ES,Combined TRACON& Tower with Radar,30,28,23,47,128,0,9,38,14,61,30,37,61,61,189,0,0,0,189
02/10/2022,HSV,AL,ASO,ES,Combined TRACON& Tower with Radar,35,25,17,40,117,0,8,43,15,66,35,33,60,55,183,22,138,160,343
02/11/2022,HSV,AL,ASO,ES,Combined TRACON& Tower with Radar,40,33,17,13,103,0,10,25,3,38,40,43,42,16,141,0,0,0,141
02/12/2022,HSV,AL,ASO,ES,Combined TRACON& Tower with Radar,23,26,10,20,79,0,6,26,0,32,23,32,36,20,111,6,0,6,117
02/13/2022,HSV,AL,ASO,ES,Combined TRACON& Tower with Radar,36,27,15,20,98,0,16,31,0,47,36,43,46,20,145,0,4,4,149
02/14/2022,HSV,AL,ASO,ES,Combined TRACON& Tower with Radar,41,25,13,39,118,0,3,31,4,38,41,28,44,43,156,6,90,96,252
02/15/2022,HSV,AL,ASO,ES,Combined TRACON& Tower with Radar,34,13,17,31,95,0,7,32,8,47,34,20,49,39,142,24,76,100,242
02/16/2022,HSV,AL,ASO,ES,Combined TRACON& Tower with Radar,35,20,23,22,100,0,0,13,13,26,35,20,36,35,126,0,0,0,126
02/17/2022,HSV,AL,ASO,ES,Combined TRACON& Tower with Radar,38,16,9,3,66,0,0,1,0,1,38,16,10,3,67,0,0,0,67
02/18/2022,HSV,AL,ASO,ES,Combined TRACON& Tower with Radar,39,26,27,9,101,0,4,26,2,32,39,30,53,11,133,12,20,32,165
02/19/2022,HSV,AL,ASO,ES,Combined TRACON& Tower with Radar,25,24,9,0,58,0,3,50,2,55,25,27,59,2,113,6,0,6,119
02/20/2022,HSV,AL,ASO,ES,Combined TRACON& Tower with Radar,29,20,20,0,69,0,2,49,0,51,29,22,69,0,120,14,0,14,134
02/21/2022,HSV,AL,ASO,ES,Combined TRACON& Tower with Radar,42,16,25,0,83,0,0,0,0,0,42,16,25,0,83,0,0,0,83
02/22/2022,HSV,AL,ASO,ES,Combined TRACON& Tower with Radar,39,23,31,8,101,0,0,1,0,1,39,23,32,8,102,0,8,8,110
02/23/2022,HSV,AL,ASO,ES,Combined TRACON& Tower with Radar,31,16,22,42,111,0,0,0,1,1,31,16,22,43,112,0,0,0,112
02/24/2022,HSV,AL,ASO,ES,Combined TRACON& Tower with Radar,35,18,22,4,79,0,0,2,0,2,35,18,24,4,81,0,0,0,81
02/25/2022,HSV,AL,ASO,ES,Combined TRACON& Tower with Radar,41,18,34,43,136,0,0,2,2,4,41,18,36,45,140,0,0,0,140
02/26/2022,HSV,AL,ASO,ES,Combined TRACON& Tower with Radar,20,21,10,0,51,0,0,3,1,4,20,21,13,1,55,0,0,0,55
02/27/2022,HSV,AL,ASO,ES,Combined TRACON& Tower with Radar,37,20,19,12,88,0,0,2,0,2,37,20,21,12,90,0,0,0,90
02/28/2022,HSV,AL,ASO,ES,Combined TRACON& Tower with Radar,42,21,24,19,106,0,6,41,3,50,42,27,65,22,156,4,74,78,234
03/01/2022,HSV,AL,ASO,ES,Combined TRACON& Tower with Radar,30,21,18,46,115,0,4,44,11,59,30,25,62,57,174,20,64,84,258
03/02/2022,HSV,AL,ASO,ES,Combined TRACON& Tower with Radar,34,26,17,31,108,0,7,49,10,66,34,33,66,41,174,22,28,50,224
03/03/2022,HSV,AL,ASO,ES,Combined TRACON& Tower with Radar,33,20,26,38,117,0,6,57,5,68,33,26,83,43,185,20,12,32,217
03/04/2022,HSV,AL,ASO,ES,Combined TRACON& Tower with Radar,33,29,16,20,98,0,5,63,2,70,33,34,79,22,168,16,12,28,196
03/05/2022,HSV,AL,ASO,ES,Combined TRACON& Tower with Radar,23,23,17,2,65,0,0,40,4,44,23,23,57,6,109,0,0,0,109
03/06/2022,HSV,AL,ASO,ES,Combined TRACON& Tower with Radar,29,22,24,16,91,0,0,23,1,24,29,22,47,17,115,6,0,6,121
03/07/2022,HSV,AL,ASO,ES,Combined TRACON& Tower with Radar,32,19,9,0,60,0,0,1,0,1,32,19,10,0,61,0,0,0,61
03/08/2022,HSV,AL,ASO,ES,Combined TRACON& Tower with Radar,32,23,17,53,125,0,2,11,7,20,32,25,28,60,145,0,40,40,185
03/09/2022,HSV,AL,ASO,ES,Combined TRACON& Tower with Radar,33,28,42,45,148,0,2,12,1,15,33,30,54,46,163,0,0,0,163
03/10/2022,HSV,AL,ASO,ES,Combined TRACON& Tower with Radar,40,23,28,72,163,0,7,34,15,56,40,30,62,87,219,18,128,146,365
03/11/2022,HSV,AL,ASO,ES,Combined TRACON& Tower with Radar,34,22,30,73,159,0,2,27,12,41,34,24,57,85,200,2,68,70,270
03/12/2022,HSV,AL,ASO,ES,Combined TRACON& Tower with Radar,22,39,10,9,80,0,3,13,2,18,22,42,23,11,98,2,20,22,120
03/13/2022,HSV,AL,ASO,ES,Combined TRACON& Tower with Radar,29,22,26,11,88,0,3,38,8,49,29,25,64,19,137,28,0,28,165
03/14/2022,HSV,AL,ASO,ES,Combined TRACON& Tower with Radar,31,29,21,52,133,0,6,31,6,43,31,35,52,58,176,16,84,100,276
03/15/2022,HSV,AL,ASO,ES,Combined TRACON& Tower with Radar,30,23,18,18,89,0,4,13,4,21,30,27,31,22,110,0,56,56,166
03/16/2022,HSV,AL,ASO,ES,Combined TRACON& Tower with Radar,42,31,29,23,125,0,0,3,0,3,42,31,32,23,128,0,0,0,128
03/17/2022,HSV,AL,ASO,ES,Combined TRACON& Tower with Radar,41,24,25,44,134,0,6,31,5,42,41,30,56,49,176,2,44,46,222
03/18/2022,HSV,AL,ASO,ES,Combined TRACON& Tower with Radar,34,20,10,22,86,0,0,2,3,5,34,20,12,25,91,0,0,0,91
03/19/2022,HSV,AL,ASO,ES,Combined TRACON& Tower with Radar,24,39,24,2,89,0,7,21,5,33,24,46,45,7,122,0,0,0,122
03/20/2022,HSV,AL,ASO,ES,Combined TRACON& Tower with Radar,26,36,17,3,82,0,5,55,1,61,26,41,72,4,143,20,2,22,165
03/21/2022,HSV,AL,ASO,ES,Combined TRACON& Tower with Radar,36,21,18,31,106,0,3,43,19,65,36,24,61,50,171,22,38,60,231
03/22/2022,HSV,AL,ASO,ES,Combined TRACON& Tower with Radar,33,25,10,8,76,0,0,3,4,7,33,25,13,12,83,6,14,20,103
03/23/2022,HSV,AL,ASO,ES,Combined TRACON& Tower with Radar,34,16,21,31,102,0,0,2,6,8,34,16,23,37,110,0,18,18,128
03/24/2022,HSV,AL,ASO,ES,Combined TRACON& Tower with Radar,37,27,18,33,115,0,2,33,3,38,37,29,51,36,153,2,30,32,185
03/25/2022,HSV,AL,ASO,ES,Combined TRACON& Tower with Radar,37,35,21,9,102,0,15,31,14,60,37,50,52,23,162,0,14,14,176
03/26/2022,HSV,AL,ASO,ES,Combined TRACON& Tower with Radar,31,19,9,2,61,0,5,23,10,38,31,24,32,12,99,0,0,0,99
03/27/2022,HSV,AL,ASO,ES,Combined TRACON& Tower with Radar,31,29,23,5,88,0,2,51,8,61,31,31,74,13,149,20,0,20,169
03/28/2022,HSV,AL,ASO,ES,Combined TRACON& Tower with Radar,34,22,24,47,127,0,9,34,22,65,34,31,58,69,192,24,138,162,354
03/29/2022,HSV,AL,ASO,ES,Combined TRACON& Tower with Radar,35,42,33,34,144,0,2,38,11,51,35,44,71,45,195,10,6,16,211
03/30/2022,HSV,AL,ASO,ES,Combined TRACON& Tower with Radar,34,13,12,5,64,0,0,3,4,7,34,13,15,9,71,0,0,0,71
03/31/2022,HSV,AL,ASO,ES,Combined TRACON& Tower with Radar,37,19,22,47,125,0,2,6,0,8,37,21,28,47,133,0,8,8,141
04/01/2022,HSV,AL,ASO,ES,Combined TRACON& Tower with Radar,36,37,25,20,118,0,3,43,8,54,36,40,68,28,172,0,8,8,180
04/02/2022,HSV,AL,ASO,ES,Combined TRACON& Tower with Radar,25,24,12,0,61,0,3,21,0,24,25,27,33,0,85,0,0,0,85
04/03/2022,HSV,AL,ASO,ES,Combined TRACON& Tower with Radar,35,27,25,20,107,0,8,43,0,51,35,35,68,20,158,6,8,14,172
04/04/2022,HSV,AL,ASO,ES,Combined TRACON& Tower with Radar,34,26,19,32,111,0,4,27,16,47,34,30,46,48,158,18,120,138,296
04/05/2022,HSV,AL,ASO,ES,Combined TRACON& Tower with Radar,45,25,16,23,109,0,0,0,1,1,45,25,16,24,110,0,0,0,110
04/06/2022,HSV,AL,ASO,ES,Combined TRACON& Tower with Radar,47,19,20,6,92,0,0,0,0,0,47,19,20,6,92,0,0,0,92
04/07/2022,HSV,AL,ASO,ES,Combined TRACON& Tower with Radar,45,26,15,59,145,0,4,23,25,52,45,30,38,84,197,6,178,184,381
04/08/2022,HSV,AL,ASO,ES,Combined TRACON& Tower with Radar,44,24,29,9,106,0,0,15,6,21,44,24,44,15,127,0,0,0,127
04/09/2022,HSV,AL,ASO,ES,Combined TRACON& Tower with Radar,36,23,7,11,77,0,4,24,3,31,36,27,31,14,108,0,0,0,108
04/10/2022,HSV,AL,ASO,ES,Combined TRACON& Tower with Radar,40,34,18,3,95,0,6,41,2,49,40,40,59,5,144,0,0,0,144
04/11/2022,HSV,AL,ASO,ES,Combined TRACON& Tower with Radar,51,21,14,18,104,0,1,6,0,7,51,22,20,18,111,8,22,30,141
04/12/2022,HSV,AL,ASO,ES,Combined TRACON& Tower with Radar,41,32,17,38,128,0,1,7,16,24,41,33,24,54,152,0,42,42,194
04/13/2022,HSV,AL,ASO,ES,Combined TRACON& Tower with Radar,40,17,27,45,129,0,0,6,5,11,40,17,33,50,140,2,70,72,212
04/14/2022,HSV,AL,ASO,ES,Combined TRACON& Tower with Radar,46,28,36,65,175,0,2,22,9,33,46,30,58,74,208,0,28,28,236
04/15/2022,HSV,AL,ASO,ES,Combined TRACON& Tower with Radar,44,28,22,47,141,0,1,46,17,64,44,29,68,64,205,6,122,128,333
04/16/2022,HSV,AL,ASO,ES,Combined TRACON& Tower with Radar,33,17,16,0,66,0,0,4,0,4,33,17,20,0,70,0,0,0,70
04/17/2022,HSV,AL,ASO,ES,Combined TRACON& Tower with Radar,42,15,7,0,64,0,2,2,0,4,42,17,9,0,68,0,0,0,68
04/18/2022,HSV,AL,ASO,ES,Combined TRACON& Tower with Radar,42,22,26,57,147,0,0,17,11,28,42,22,43,68,175,2,112,114,289
04/19/2022,HSV,AL,ASO,ES,Combined TRACON& Tower with Radar,43,18,24,54,139,0,2,55,25,82,43,20,79,79,221,42,98,140,361
04/20/2022,HSV,AL,ASO,ES,Combined TRACON& Tower with Radar,49,13,21,29,112,0,2,30,8,40,49,15,51,37,152,36,64,100,252
04/21/2022,HSV,AL,ASO,ES,Combined TRACON& Tower with Radar,45,17,19,36,117,0,3,29,7,39,45,20,48,43,156,0,36,36,192
04/22/2022,HSV,AL,ASO,ES,Combined TRACON& Tower with Radar,47,21,24,52,144,0,1,57,11,69,47,22,81,63,213,36,42,78,291
04/23/2022,HSV,AL,ASO,ES,Combined TRACON& Tower with Radar,35,21,24,5,85,0,0,30,1,31,35,21,54,6,116,0,0,0,116
04/24/2022,HSV,AL,ASO,ES,Combined TRACON& Tower with Radar,43,18,17,1,79,0,0,26,4,30,43,18,43,5,109,0,0,0,109
04/25/2022,HSV,AL,ASO,ES,Combined TRACON& Tower with Radar,48,17,14,27,106,0,0,9,8,17,48,17,23,35,123,12,66,78,201
04/26/2022,HSV,AL,ASO,ES,Combined TRACON& Tower with Radar,47,23,20,31,121,0,0,22,13,35,47,23,42,44,156,12,112,124,280
04/27/2022,HSV,AL,ASO,ES,Combined TRACON& Tower with Radar,43,22,25,23,113,0,0,52,14,66,43,22,77,37,179,76,82,158,337
04/28/2022,HSV,AL,ASO,ES,Combined TRACON& Tower with Radar,44,28,20,38,130,0,1,42,12,55,44,29,62,50,185,18,126,144,329
04/29/2022,HSV,AL,ASO,ES,Combined TRACON& Tower with Radar,48,28,29,29,134,0,2,24,5,31,48,30,53,34,165,4,68,72,237
04/30/2022,HSV,AL,ASO,ES,Combined TRACON& Tower with Radar,34,18,18,5,75,0,2,21,0,23,34,20,39,5,98,0,6,6,104
05/01/2022,HSV,AL,ASO,ES,Combined TRACON& Tower with Radar,42,20,23,2,87,0,2,12,3,17,42,22,35,5,104,20,0,20,124
05/02/2022,HSV,AL,ASO,ES,Combined TRACON& Tower with Radar,48,17,20,27,112,0,0,22,19,41,48,17,42,46,153,0,108,108,261
05/03/2022,HSV,AL,ASO,ES,Combined TRACON& Tower with Radar,41,23,13,39,116,0,0,3,15,18,41,23,16,54,134,4,140,144,278
05/04/2022,HSV,AL,ASO,ES,Combined TRACON& Tower with Radar,48,17,29,41,135,0,0,37,10,47,48,17,66,51,182,88,56,144,326
05/05/2022,HSV,AL,ASO,ES,Combined TRACON& Tower with Radar,43,23,26,34,126,0,2,34,18,54,43,25,60,52,180,34,96,130,310
05/06/2022,HSV,AL,ASO,ES,Combined TRACON& Tower with Radar,52,25,18,0,95,0,0,4,0,4,52,25,22,0,99,0,0,0,99
05/07/2022,HSV,AL,ASO,ES,Combined TRACON& Tower with Radar,30,24,23,2,79,0,0,3,0,3,30,24,26,2,82,0,0,0,82
05/08/2022,HSV,AL,ASO,ES,Combined TRACON& Tower with Radar,44,20,17,2,83,0,1,27,1,29,44,21,44,3,112,6,0,6,118
05/09/2022,HSV,AL,ASO,ES,Combined TRACON& Tower with Radar,47,23,27,30,127,0,0,31,17,48,47,23,58,47,175,22,114,136,311
05/10/2022,HSV,AL,ASO,ES,Combined TRACON& Tower with Radar,42,22,27,19,110,0,1,35,2,38,42,23,62,21,148,20,94,114,262
05/11/2022,HSV,AL,ASO,ES,Combined TRACON& Tower with Radar,46,19,27,33,125,0,1,41,14,56,46,20,68,47,181,2,154,156,337
05/12/2022,HSV,AL,ASO,ES,Combined TRACON& Tower with Radar,50,20,17,17,104,0,2,34,19,55,50,22,51,36,159,4,126,130,289
05/13/2022,HSV,AL,ASO,ES,Combined TRACON& Tower with Radar,43,24,29,42,138,0,6,32,27,65,43,30,61,69,203,4,213,217,420
05/14/2022,HSV,AL,ASO,ES,Combined TRACON& Tower with Radar,26,24,11,4,65,0,0,25,2,27,26,24,36,6,92,8,28,36,128
05/15/2022,HSV,AL,ASO,ES,Combined TRACON& Tower with Radar,45,18,16,3,82,0,0,35,0,35,45,18,51,3,117,36,12,48,165
05/16/2022,HSV,AL,ASO,ES,Combined TRACON& Tower with Radar,51,24,15,48,138,0,4,29,6,39,51,28,44,54,177,40,118,158,335
05/17/2022,HSV,AL,ASO,ES,Combined TRACON& Tower with Radar,46,32,19,39,136,0,3,35,7,45,46,35,54,46,181,20,42,62,243
05/18/2022,HSV,AL,ASO,ES,Combined TRACON& Tower with Radar,44,20,18,69,151,0,4,34,10,48,44,24,52,79,199,2,76,78,277
05/19/2022,HSV,AL,ASO,ES,Combined TRACON& Tower with Radar,46,19,34,42,141,0,0,37,10,47,46,19,71,52,188,0,158,158,346
05/20/2022,HSV,AL,ASO,ES,Combined TRACON& Tower with Radar,47,22,11,18,98,0,2,21,17,40,47,24,32,35,138,0,0,0,138
05/21/2022,HSV,AL,ASO,ES,Combined TRACON& Tower with Radar,26,27,16,2,71,0,0,12,0,12,26,27,28,2,83,0,0,0,83
05/22/2022,HSV,AL,ASO,ES,Combined TRACON& Tower with Radar,36,22,14,26,98,0,0,6,0,6,36,22,20,26,104,0,0,0,104
05/23/2022,HSV,AL,ASO,ES,Combined TRACON& Tower with Radar,53,30,22,31,136,0,0,0,0,0,53,30,22,31,136,0,0,0,136
05/24/2022,HSV,AL,ASO,ES,Combined TRACON& Tower with Radar,43,18,23,38,122,0,0,7,2,9,43,18,30,40,131,0,18,18,149
05/25/2022,HSV,AL,ASO,ES,Combined TRACON& Tower with Radar,46,17,15,3,81,0,0,0,2,2,46,17,15,5,83,0,0,0,83
05/26/2022,HSV,AL,ASO,ES,Combined TRACON& Tower with Radar,48,30,17,5,100,0,5,5,2,12,48,35,22,7,112,0,0,0,112
05/27/2022,HSV,AL,ASO,ES,Combined TRACON& Tower with Radar,41,33,27,3,104,0,4,27,5,36,41,37,54,8,140,16,28,44,184
05/28/2022,HSV,AL,ASO,ES,Combined TRACON& Tower with Radar,28,23,17,2,70,0,3,57,1,61,28,26,74,3,131,14,0,14,145
05/29/2022,HSV,AL,ASO,ES,Combined TRACON& Tower with Radar,39,15,16,0,70,0,4,42,1,47,39,19,58,1,117,0,0,0,117
05/30/2022,HSV,AL,ASO,ES,Combined TRACON& Tower with Radar,45,16,23,2,86,0,0,29,0,29,45,16,52,2,115,0,0,0,115
05/31/2022,HSV,AL,ASO,ES,Combined TRACON& Tower with Radar,43,20,27,36,126,0,6,42,17,65,43,26,69,53,191,12,104,116,307
06/01/2022,HSV,AL,ASO,ES,Combined TRACON& Tower with Radar,43,21,38,34,136,0,7,46,20,73,43,28,84,54,209,10,159,169,378
06/02/2022,HSV,AL,ASO,ES,Combined TRACON& Tower with Radar,47,17,19,13,96,0,0,10,5,15,47,17,29,18,111,0,36,36,147
06/03/2022,HSV,AL,ASO,ES,Combined TRACON& Tower with Radar,41,38,25,24,128,0,12,27,6,45,41,50,52,30,173,24,0,24,197
06/04/2022,HSV,AL,ASO,ES,Combined TRACON& Tower with Radar,27,22,6,11,66,0,8,34,2,44,27,30,40,13,110,20,0,20,130
06/05/2022,HSV,AL,ASO,ES,Combined TRACON& Tower with Radar,33,25,21,0,79,0,3,34,0,37,33,28,55,0,116,0,10,10,126
06/06/2022,HSV,AL,ASO,ES,Combined TRACON& Tower with Radar,46,25,19,13,103,0,4,26,4,34,46,29,45,17,137,24,0,24,161
06/07/2022,HSV,AL,ASO,ES,Combined TRACON& Tower with Radar,37,23,11,8,79,0,0,5,2,7,37,23,16,10,86,0,0,0,86
06/08/2022,HSV,AL,ASO,ES,Combined TRACON& Tower with Radar,37,24,27,4,92,0,0,4,3,7,37,24,31,7,99,0,0,0,99
06/09/2022,HSV,AL,ASO,ES,Combined TRACON& Tower with Radar,38,24,23,47,132,0,10,46,19,75,38,34,69,66,207,64,0,64,271
06/10/2022,HSV,AL,ASO,ES,Combined TRACON& Tower with Radar,40,38,23,18,119,0,2,25,8,35,40,40,48,26,154,0,0,0,154
06/11/2022,HSV,AL,ASO,ES,Combined TRACON& Tower with Radar,25,28,24,4,81,0,4,41,2,47,25,32,65,6,128,0,0,0,128
06/12/2022,HSV,AL,ASO,ES,Combined TRACON& Tower with Radar,33,25,18,4,80,0,2,51,3,56,33,27,69,7,136,10,0,10,146
06/13/2022,HSV,AL,ASO,ES,Combined TRACON& Tower with Radar,49,20,17,34,120,0,5,31,10,46,49,25,48,44,166,8,52,60,226
06/14/2022,HSV,AL,ASO,ES,Combined TRACON& Tower with Radar,37,26,18,87,168,0,2,47,24,73,37,28,65,111,241,14,212,226,467
06/15/2022,HSV,AL,ASO,ES,Combined TRACON& Tower with Radar,47,29,19,35,130,0,1,30,8,39,47,30,49,43,169,4,82,86,255
06/16/2022,HSV,AL,ASO,ES,Combined TRACON& Tower with Radar,37,26,21,64,148,0,6,30,11,47,37,32,51,75,195,10,192,202,397
06/17/2022,HSV,AL,ASO,ES,Combined TRACON& Tower with Radar,41,33,33,14,121,0,2,33,2,37,41,35,66,16,158,0,38,38,196
06/18/2022,HSV,AL,ASO,ES,Combined TRACON& Tower with Radar,20,28,13,4,65,0,2,21,1,24,20,30,34,5,89,0,0,0,89
06/19/2022,HSV,AL,ASO,ES,Combined TRACON& Tower with Radar,30,21,25,5,81,0,0,40,3,43,30,21,65,8,124,0,0,0,124
06/20/2022,HSV,AL,ASO,ES,Combined TRACON& Tower with Radar,42,23,13,1,79,0,2,36,0,38,42,25,49,1,117,20,0,20,137
06/21/2022,HSV,AL,ASO,ES,Combined TRACON& Tower with Radar,36,26,16,26,104,0,0,23,11,34,36,26,39,37,138,0,98,98,236
06/22/2022,HSV,AL,ASO,ES,Combined TRACON& Tower with Radar,37,24,22,19,102,0,4,22,17,43,37,28,44,36,145,14,82,96,241
06/23/2022,HSV,AL,ASO,ES,Combined TRACON& Tower with Radar,36,21,21,36,114,0,0,40,13,53,36,21,61,49,167,6,94,100,267
06/24/2022,HSV,AL,ASO,ES,Combined TRACON& Tower with Radar,38,23,13,81,155,0,2,39,25,66,38,25,52,106,221,20,98,118,339
06/25/2022,HSV,AL,ASO,ES,Combined TRACON& Tower with Radar,23,23,5,16,67,0,0,33,0,33,23,23,38,16,100,0,0,0,100
06/26/2022,HSV,AL,ASO,ES,Combined TRACON& Tower with Radar,33,18,18,16,85,0,0,30,4,34,33,18,48,20,119,0,0,0,119
06/27/2022,HSV,AL,ASO,ES,Combined TRACON& Tower with Radar,39,16,24,7,86,0,0,14,6,20,39,16,38,13,106,0,48,48,154
06/28/2022,HSV,AL,ASO,ES,Combined TRACON& Tower with Radar,34,23,12,30,99,0,1,26,22,49,34,24,38,52,148,0,48,48,196
06/29/2022,HSV,AL,ASO,ES,Combined TRACON& Tower with Radar,38,19,35,33,125,0,0,20,7,27,38,19,55,40,152,16,40,56,208
06/30/2022,HSV,AL,ASO,ES,Combined TRACON& Tower with Radar,37,22,40,24,123,0,0,14,9,23,37,22,54,33,146,6,34,40,186
07/01/2022,HSV,AL,ASO,ES,Combined TRACON& Tower with Radar,39,28,26,5,98,0,2,19,0,21,39,30,45,5,119,0,0,0,119
07/02/2022,HSV,AL,ASO,ES,Combined TRACON& Tower with Radar,26,26,5,0,57,0,1,21,0,22,26,27,26,0,79,0,0,0,79
07/03/2022,HSV,AL,ASO,ES,Combined TRACON& Tower with Radar,27,19,6,0,52,0,0,12,0,12,27,19,18,0,64,0,0,0,64
07/04/2022,HSV,AL,ASO,ES,Combined TRACON& Tower with Radar,38,19,9,1,67,0,0,27,0,27,38,19,36,1,94,0,0,0,94
07/05/2022,HSV,AL,ASO,ES,Combined TRACON& Tower with Radar,34,21,16,27,98,0,0,21,12,33,34,21,37,39,131,6,100,106,237
07/06/2022,HSV,AL,ASO,ES,Combined TRACON& Tower with Radar,34,20,13,39,106,0,0,27,14,41,34,20,40,53,147,0,0,0,147
07/07/2022,HSV,AL,ASO,ES,Combined TRACON& Tower with Radar,35,21,18,33,107,0,0,21,7,28,35,21,39,40,135,4,16,20,155
07/08/2022,HSV,AL,ASO,ES,Combined TRACON& Tower with Radar,38,30,9,30,107,0,0,27,11,38,38,30,36,41,145,0,0,0,145
07/09/2022,HSV,AL,ASO,ES,Combined TRACON& Tower with Radar,26,24,8,0,58,0,0,9,0,9,26,24,17,0,67,0,0,0,67
07/10/2022,HSV,AL,ASO,ES,Combined TRACON& Tower with Radar,36,27,22,0,85,0,0,11,0,11,36,27,33,0,96,4,0,4,100
07/11/2022,HSV,AL,ASO,ES,Combined TRACON& Tower with Radar,48,20,15,28,111,0,1,38,6,45,48,21,53,34,156,14,66,80,236
07/12/2022,HSV,AL,ASO,ES,Combined TRACON& Tower with Radar,36,25,24,58,143,0,0,26,6,32,36,25,50,64,175,10,40,50,225
07/13/2022,HSV,AL,ASO,ES,Combined TRACON& Tower with Radar,38,19,21,5,83,0,0,18,2,20,38,19,39,7,103,58,10,68,171
07/14/2022,HSV,AL,ASO,ES,Combined TRACON& Tower with Radar,42,27,19,48,136,0,2,21,15,38,42,29,40,63,174,12,68,80,254
07/15/2022,HSV,AL,ASO,ES,Combined TRACON& Tower with Radar,41,24,25,35,125,0,0,48,19,67,41,24,73,54,192,14,118,132,324
07/16/2022,HSV,AL,ASO,ES,Combined TRACON& Tower with Radar,23,34,14,0,71,0,5,29,0,34,23,39,43,0,105,0,0,0,105
07/17/2022,HSV,AL,ASO,ES,Combined TRACON& Tower with Radar,35,17,14,3,69,0,0,29,2,31,35,17,43,5,100,0,0,0,100
07/18/2022,HSV,AL,ASO,ES,Combined TRACON& Tower with Radar,46,26,12,8,92,0,0,8,4,12,46,26,20,12,104,0,0,0,104
07/19/2022,HSV,AL,ASO,ES,Combined TRACON& Tower with Radar,36,22,15,6,79,0,2,23,0,25,36,24,38,6,104,30,0,30,134
07/20/2022,HSV,AL,ASO,ES,Combined TRACON& Tower with Radar,37,23,12,29,101,0,0,30,8,38,37,23,42,37,139,0,0,0,139
07/21/2022,HSV,AL,ASO,ES,Combined TRACON& Tower with Radar,40,29,22,16,107,0,0,20,3,23,40,29,42,19,130,0,0,0,130
07/22/2022,HSV,AL,ASO,ES,Combined TRACON& Tower with Radar,44,26,19,33,122,0,0,48,12,60,44,26,67,45,182,14,16,30,212
07/23/2022,HSV,AL,ASO,ES,Combined TRACON& Tower with Radar,36,27,12,33,108,0,1,42,0,43,36,28,54,33,151,0,0,0,151
07/24/2022,HSV,AL,ASO,ES,Combined TRACON& Tower with Radar,36,23,20,26,105,0,0,20,3,23,36,23,40,29,128,0,0,0,128
07/25/2022,HSV,AL,ASO,ES,Combined TRACON& Tower with Radar,40,20,14,19,93,0,0,28,3,31,40,20,42,22,124,0,0,0,124
07/26/2022,HSV,AL,ASO,ES,Combined TRACON& Tower with Radar,33,33,23,23,112,0,1,26,0,27,33,34,49,23,139,58,0,58,197
07/27/2022,HSV,AL,ASO,ES,Combined TRACON& Tower with Radar,36,29,19,69,153,0,0,47,1,48,36,29,66,70,201,50,46,96,297
07/28/2022,HSV,AL,ASO,ES,Combined TRACON& Tower with Radar,40,22,24,31,117,0,0,37,10,47,40,22,61,41,164,28,34,62,226
07/29/2022,HSV,AL,ASO,ES,Combined TRACON& Tower with Radar,40,27,13,18,98,0,0,13,1,14,40,27,26,19,112,0,0,0,112
07/30/2022,HSV,AL,ASO,ES,Combined TRACON& Tower with Radar,29,27,9,0,65,0,0,9,0,9,29,27,18,0,74,0,0,0,74
07/31/2022,HSV,AL,ASO,ES,Combined TRACON& Tower with Radar,32,19,15,8,74,0,0,7,1,8,32,19,22,9,82,4,0,4,86
08/01/2022,HSV,AL,ASO,ES,Combined TRACON& Tower with Radar,46,24,21,4,95,0,0,16,1,17,46,24,37,5,112,6,0,6,118
08/02/2022,HSV,AL,ASO,ES,Combined TRACON& Tower with Radar,36,22,24,9,91,0,0,20,5,25,36,22,44,14,116,26,18,44,160
08/03/2022,HSV,AL,ASO,ES,Combined TRACON& Tower with Radar,43,18,37,79,177,0,0,29,9,38,43,18,66,88,215,4,144,148,363
08/04/2022,HSV,AL,ASO,ES,Combined TRACON& Tower with Radar,35,17,15,61,128,0,0,41,10,51,35,17,56,71,179,33,110,143,322
08/05/2022,HSV,AL,ASO,ES,Combined TRACON& Tower with Radar,44,24,25,62,155,0,0,46,9,55,44,24,71,71,210,18,108,126,336
08/06/2022,HSV,AL,ASO,ES,Combined TRACON& Tower with Radar,25,20,14,0,59,0,0,28,0,28,25,20,42,0,87,0,0,0,87
08/07/2022,HSV,AL,ASO,ES,Combined TRACON& Tower with Radar,38,33,29,9,109,0,1,27,5,33,38,34,56,14,142,14,0,14,156
08/08/2022,HSV,AL,ASO,ES,Combined TRACON& Tower with Radar,46,26,17,23,112,0,0,22,6,28,46,26,39,29,140,24,22,46,186
08/09/2022,HSV,AL,ASO,ES,Combined TRACON& Tower with Radar,33,23,15,12,83,0,0,14,10,24,33,23,29,22,107,8,14,22,129
08/10/2022,HSV,AL,ASO,ES,Combined TRACON& Tower with Radar,39,22,13,17,91,0,0,4,2,6,39,22,17,19,97,2,0,2,99
08/11/2022,HSV,AL,ASO,ES,Combined TRACON& Tower with Radar,44,25,19,22,110,0,0,14,6,20,44,25,33,28,130,0,0,0,130
08/12/2022,HSV,AL,ASO,ES,Combined TRACON& Tower with Radar,41,28,30,30,129,0,0,32,12,44,41,28,62,42,173,10,10,20,193
08/13/2022,HSV,AL,ASO,ES,Combined TRACON& Tower with Radar,25,19,16,5,65,0,0,38,3,41,25,19,54,8,106,0,6,6,112
08/14/2022,HSV,AL,ASO,ES,Combined TRACON& Tower with Radar,33,18,19,3,73,0,0,41,7,48,33,18,60,10,121,22,0,22,143
08/15/2022,HSV,AL,ASO,ES,Combined TRACON& Tower with Radar,44,26,15,31,116,0,0,18,3,21,44,26,33,34,137,0,14,14,151
08/16/2022,HSV,AL,ASO,ES,Combined TRACON& Tower with Radar,39,21,23,49,132,0,0,35,10,45,39,21,58,59,177,6,28,34,211
08/17/2022,HSV,AL,ASO,ES,Combined TRACON& Tower with Radar,39,22,36,27,124,0,0,13,2,15,39,22,49,29,139,0,0,0,139
08/18/2022,HSV,AL,ASO,ES,Combined TRACON& Tower with Radar,43,19,14,83,159,0,0,28,16,44,43,19,42,99,203,0,98,98,301
08/19/2022,HSV,AL,ASO,ES,Combined TRACON& Tower with Radar,43,23,23,26,115,0,0,25,13,38,43,23,48,39,153,0,78,78,231
08/20/2022,HSV,AL,ASO,ES,Combined TRACON& Tower with Radar,30,18,9,2,59,0,0,4,1,5,30,18,13,3,64,0,0,0,64
08/21/2022,HSV,AL,ASO,ES,Combined TRACON& Tower with Radar,34,17,16,0,67,0,0,1,3,4,34,17,17,3,71,0,0,0,71
08/22/2022,HSV,AL,ASO,ES,Combined TRACON& Tower with Radar,43,23,20,77,163,0,0,10,4,14,43,23,30,81,177,0,16,16,193
08/23/2022,HSV,AL,ASO,ES,Combined TRACON& Tower with Radar,44,26,27,54,151,0,0,16,5,21,44,26,43,59,172,0,0,0,172
08/24/2022,HSV,AL,ASO,ES,Combined TRACON& Tower with Radar,43,22,30,50,145,0,0,23,7,30,43,22,53,57,175,10,6,16,191
08/25/2022,HSV,AL,ASO,ES,Combined TRACON& Tower with Radar,44,23,34,56,157,0,0,23,5,28,44,23,57,61,185,0,0,0,185
08/26/2022,HSV,AL,ASO,ES,Combined TRACON& Tower with Radar,45,25,16,42,128,0,0,15,6,21,45,25,31,48,149,0,42,42,191
08/27/2022,HSV,AL,ASO,ES,Combined TRACON& Tower with Radar,30,19,21,16,86,0,0,47,3,50,30,19,68,19,136,0,0,0,136
08/28/2022,HSV,AL,ASO,ES,Combined TRACON& Tower with Radar,33,16,14,1,64,0,0,40,1,41,33,16,54,2,105,0,0,0,105
08/29/2022,HSV,AL,ASO,ES,Combined TRACON& Tower with Radar,43,24,22,22,111,0,2,30,14,46,43,26,52,36,157,4,154,158,315
08/30/2022,HSV,AL,ASO,ES,Combined TRACON& Tower with Radar,37,18,18,22,95,0,0,14,2,16,37,18,32,24,111,26,16,42,153
08/31/2022,HSV,AL,ASO,ES,Combined TRACON& Tower with Radar,46,25,25,25,121,0,1,34,2,37,46,26,59,27,158,0,0,0,158
09/01/2022,HSV,AL,ASO,ES,Combined TRACON& Tower with Radar,41,20,27,16,104,0,2,51,14,67,41,22,78,30,171,17,72,89,260
09/02/2022,HSV,AL,ASO,ES,Combined TRACON& Tower with Radar,42,26,28,22,118,0,2,30,5,37,42,28,58,27,155,0,0,0,155
09/03/2022,HSV,AL,ASO,ES,Combined TRACON& Tower with Radar,23,21,1,0,45,0,0,11,0,11,23,21,12,0,56,4,0,4,60
09/04/2022,HSV,AL,ASO,ES,Combined TRACON& Tower with Radar,25,17,10,0,52,0,0,1,0,1,25,17,11,0,53,0,0,0,53
09/05/2022,HSV,AL,ASO,ES,Combined TRACON& Tower with Radar,41,20,20,0,81,0,0,5,0,5,41,20,25,0,86,0,0,0,86
09/06/2022,HSV,AL,ASO,ES,Combined TRACON& Tower with Radar,38,26,23,9,96,0,0,3,0,3,38,26,26,9,99,0,0,0,99
09/07/2022,HSV,AL,ASO,ES,Combined TRACON& Tower with Radar,34,25,21,59,139,0,0,18,4,22,34,25,39,63,161,0,0,0,161
09/08/2022,HSV,AL,ASO,ES,Combined TRACON& Tower with Radar,33,32,31,56,152,0,6,34,12,52,33,38,65,68,204,0,24,24,228
09/09/2022,HSV,AL,ASO,ES,Combined TRACON& Tower with Radar,35,30,16,31,112,0,5,9,3,17,35,35,25,34,129,28,0,28,157
09/10/2022,HSV,AL,ASO,ES,Combined TRACON& Tower with Radar,27,34,10,0,71,0,0,5,0,5,27,34,15,0,76,0,0,0,76
09/11/2022,HSV,AL,ASO,ES,Combined TRACON& Tower with Radar,34,27,12,6,79,0,0,3,2,5,34,27,15,8,84,0,0,0,84
09/12/2022,HSV,AL,ASO,ES,Combined TRACON& Tower with Radar,42,30,17,50,139,0,6,25,11,42,42,36,42,61,181,16,58,74,255
09/13/2022,HSV,AL,ASO,ES,Combined TRACON& Tower with Radar,37,28,26,67,158,0,2,50,18,70,37,30,76,85,228,14,88,102,330
09/14/2022,HSV,AL,ASO,ES,Combined TRACON& Tower with Radar,37,26,33,46,142,0,1,37,18,56,37,27,70,64,198,26,96,122,320
09/15/2022,HSV,AL,ASO,ES,Combined TRACON& Tower with Radar,34,24,26,63,147,0,0,41,12,53,34,24,67,75,200,0,0,0,200
09/16/2022,HSV,AL,ASO,ES,Combined TRACON& Tower with Radar,43,35,30,48,156,0,2,47,14,63,43,37,77,62,219,0,0,0,219
09/17/2022,HSV,AL,ASO,ES,Combined TRACON& Tower with Radar,25,25,22,11,83,0,1,43,0,44,25,26,65,11,127,0,0,0,127
09/18/2022,HSV,AL,ASO,ES,Combined TRACON& Tower with Radar,32,24,16,12,84,0,2,29,5,36,32,26,45,17,120,14,0,14,134
09/19/2022,HSV,AL,ASO,ES,Combined TRACON& Tower with Radar,41,32,21,51,145,0,2,28,9,39,41,34,49,60,184,12,64,76,260
09/20/2022,HSV,AL,ASO,ES,Combined TRACON& Tower with Radar,39,36,28,37,140,0,3,25,5,33,39,39,53,42,173,10,20,30,203
09/21/2022,HSV,AL,ASO,ES,Combined TRACON& Tower with Radar,36,24,23,53,136,0,0,28,13,41,36,24,51,66,177,12,18,30,207
09/22/2022,HSV,AL,ASO,ES,Combined TRACON& Tower with Radar,37,28,36,45,146,0,9,27,11,47,37,37,63,56,193,20,82,102,295
09/23/2022,HSV,AL,ASO,ES,Combined TRACON& Tower with Radar,45,27,29,71,172,0,2,46,21,69,45,29,75,92,241,10,52,62,303
09/24/2022,HSV,AL,ASO,ES,Combined TRACON& Tower with Radar,27,26,17,19,89,0,0,44,5,49,27,26,61,24,138,4,6,10,148
09/25/2022,HSV,AL,ASO,ES,Combined TRACON& Tower with Radar,33,23,17,0,73,0,0,5,4,9,33,23,22,4,82,0,0,0,82
09/26/2022,HSV,AL,ASO,ES,Combined TRACON& Tower with Radar,42,38,14,39,133,0,1,27,19,47,42,39,41,58,180,14,56,70,250
09/27/2022,HSV,AL,ASO,ES,Combined TRACON& Tower with Radar,35,33,15,44,127,0,0,34,16,50,35,33,49,60,177,12,30,42,219
09/28/2022,HSV,AL,ASO,ES,Combined TRACON& Tower with Radar,38,21,16,36,111,0,4,30,17,51,38,25,46,53,162,10,52,62,224
09/29/2022,HSV,AL,ASO,ES,Combined TRACON& Tower with Radar,35,34,13,20,102,0,6,21,13,40,35,40,34,33,142,28,8,36,178
09/30/2022,HSV,AL,ASO,ES,Combined TRACON& Tower with Radar,43,27,19,66,155,0,0,31,9,40,43,27,50,75,195,10,48,58,253
10/01/2022,HSV,AL,ASO,ES,Combined TRACON& Tower with Radar,26,24,16,0,66,0,0,29,1,30,26,24,45,1,96,6,0,6,102
10/02/2022,HSV,AL,ASO,ES,Combined TRACON& Tower with Radar,33,33,20,13,99,0,0,16,1,17,33,33,36,14,116,0,0,0,116
10/03/2022,HSV,AL,ASO,ES,Combined TRACON& Tower with Radar,43,29,16,43,131,0,0,26,9,35,43,29,42,52,166,0,14,14,180
10/04/2022,HSV,AL,ASO,ES,Combined TRACON& Tower with Radar,36,24,39,88,187,0,4,50,21,75,36,28,89,109,262,8,116,124,386
10/05/2022,HSV,AL,ASO,ES,Combined TRACON& Tower with Radar,37,23,28,50,138,0,4,48,13,65,37,27,76,63,203,0,96,96,299
10/06/2022,HSV,AL,ASO,ES,Combined TRACON& Tower with Radar,39,17,24,67,147,0,0,36,18,54,39,17,60,85,201,0,72,72,273
10/07/2022,HSV,AL,ASO,ES,Combined TRACON& Tower with Radar,44,27,20,16,107,0,2,43,5,50,44,29,63,21,157,0,0,0,157
10/08/2022,HSV,AL,ASO,ES,Combined TRACON& Tower with Radar,31,22,14,0,67,0,0,34,2,36,31,22,48,2,103,0,0,0,103
10/09/2022,HSV,AL,ASO,ES,Combined TRACON& Tower with Radar,35,21,20,0,76,0,0,48,0,48,35,21,68,0,124,16,4,20,144
10/10/2022,HSV,AL,ASO,ES,Combined TRACON& Tower with Radar,42,24,11,0,77,0,0,49,0,49,42,24,60,0,126,22,0,22,148
10/11/2022,HSV,AL,ASO,ES,Combined TRACON& Tower with Radar,38,22,16,28,104,0,0,42,13,55,38,22,58,41,159,16,44,60,219
10/12/2022,HSV,AL,ASO,ES,Combined TRACON& Tower with Radar,43,19,25,27,114,0,0,4,10,14,43,19,29,37,128,0,80,80,208
10/13/2022,HSV,AL,ASO,ES,Combined TRACON& Tower with Radar,39,26,27,25,117,0,2,30,3,35,39,28,57,28,152,12,14,26,178
10/14/2022,HSV,AL,ASO,ES,Combined TRACON& Tower with Radar,42,24,21,30,117,0,2,45,7,54,42,26,66,37,171,0,0,0,171
10/15/2022,HSV,AL,ASO,ES,Combined TRACON& Tower with Radar,32,22,74,0,128,0,1,141,0,142,32,23,215,0,270,0,0,0,270
10/16/2022,HSV,AL,ASO,ES,Combined TRACON& Tower with Radar,37,28,16,1,82,0,0,33,4,37,37,28,49,5,119,0,12,12,131
10/17/2022,HSV,AL,ASO,ES,Combined TRACON& Tower with Radar,43,28,27,64,162,0,3,34,10,47,43,31,61,74,209,6,64,70,279
10/18/2022,HSV,AL,ASO,ES,Combined TRACON& Tower with Radar,37,25,28,69,159,0,0,36,23,59,37,25,64,92,218,28,48,76,294
10/19/2022,HSV,AL,ASO,ES,Combined TRACON& Tower with Radar,43,27,20,50,140,0,0,32,10,42,43,27,52,60,182,16,46,62,244
10/20/2022,HSV,AL,ASO,ES,Combined TRACON& Tower with Radar,41,23,19,87,170,0,4,31,15,50,41,27,50,102,220,2,84,86,306
10/21/2022,HSV,AL,ASO,ES,Combined TRACON& Tower with Radar,44,31,31,39,145,0,0,44,4,48,44,31,75,43,193,0,0,0,193
10/22/2022,HSV,AL,ASO,ES,Combined TRACON& Tower with Radar,30,22,17,12,81,0,0,41,1,42,30,22,58,13,123,16,2,18,141
10/23/2022,HSV,AL,ASO,ES,Combined TRACON& Tower with Radar,35,18,31,10,94,0,0,26,3,29,35,18,57,13,123,0,8,8,131
10/24/2022,HSV,AL,ASO,ES,Combined TRACON& Tower with Radar,41,32,19,26,118,0,4,34,11,49,41,36,53,37,167,40,18,58,225
10/25/2022,HSV,AL,ASO,ES,Combined TRACON& Tower with Radar,39,29,18,46,132,0,0,0,5,5,39,29,18,51,137,0,30,30,167
10/26/2022,HSV,AL,ASO,ES,Combined TRACON& Tower with Radar,44,29,32,55,160,0,0,11,10,21,44,29,43,65,181,0,0,0,181
10/27/2022,HSV,AL,ASO,ES,Combined TRACON& Tower with Radar,40,29,28,58,155,0,0,37,18,55,40,29,65,76,210,0,0,0,210
10/28/2022,HSV,AL,ASO,ES,Combined TRACON& Tower with Radar,42,31,22,23,118,0,0,37,8,45,42,31,59,31,163,6,6,12,175
10/29/2022,HSV,AL,ASO,ES,Combined TRACON& Tower with Radar,25,23,23,0,71,0,0,30,0,30,25,23,53,0,101,0,0,0,101
10/30/2022,HSV,AL,ASO,ES,Combined TRACON& Tower with Radar,35,21,12,0,68,0,0,0,0,0,35,21,12,0,68,0,0,0,68
10/31/2022,HSV,AL,ASO,ES,Combined TRACON& Tower with Radar,37,27,30,44,138,0,0,10,10,20,37,27,40,54,158,0,20,20,178
11/01/2022,HSV,AL,ASO,ES,Combined TRACON& Tower with Radar,41,25,30,40,136,0,0,26,11,37,41,25,56,51,173,0,22,22,195
11/02/2022,HSV,AL,ASO,ES,Combined TRACON& Tower with Radar,41,27,29,52,149,0,1,44,6,51,41,28,73,58,200,10,36,46,246
11/03/2022,HSV,AL,ASO,ES,Combined TRACON& Tower with Radar,33,20,33,39,125,0,0,30,8,38,33,20,63,47,163,18,10,28,191
11/04/2022,HSV,AL,ASO,ES,Combined TRACON& Tower with Radar,34,27,25,35,121,0,0,49,15,64,34,27,74,50,185,8,37,45,230
11/05/2022,HSV,AL,ASO,ES,Combined TRACON& Tower with Radar,30,21,5,0,56,0,0,3,1,4,30,21,8,1,60,0,0,0,60
11/06/2022,HSV,AL,ASO,ES,Combined TRACON& Tower with Radar,32,24,22,15,93,0,0,9,2,11,32,24,31,17,104,10,0,10,114
11/07/2022,HSV,AL,ASO,ES,Combined TRACON& Tower with Radar,35,25,31,18,109,0,2,24,5,31,35,27,55,23,140,0,14,14,154
11/08/2022,HSV,AL,ASO,ES,Combined TRACON& Tower with Radar,32,36,14,28,110,0,3,31,12,46,32,39,45,40,156,14,46,60,216
11/09/2022,HSV,AL,ASO,ES,Combined TRACON& Tower with Radar,36,34,26,42,138,0,0,30,15,45,36,34,56,57,183,0,0,0,183
11/10/2022,HSV,AL,ASO,ES,Combined TRACON& Tower with Radar,30,35,31,54,150,0,0,31,15,46,30,35,62,69,196,0,24,24,220
11/11/2022,HSV,AL,ASO,ES,Combined TRACON& Tower with Radar,37,29,13,2,81,0,0,10,0,10,37,29,23,2,91,32,0,32,123
11/12/2022,HSV,AL,ASO,ES,Combined TRACON& Tower with Radar,29,22,6,2,59,0,0,1,0,1,29,22,7,2,60,0,0,0,60
11/13/2022,HSV,AL,ASO,ES,Combined TRACON& Tower with Radar,34,21,10,8,73,0,0,31,1,32,34,21,41,9,105,4,0,4,109
11/14/2022,HSV,AL,ASO,ES,Combined TRACON& Tower with Radar,41,32,20,53,146,0,0,41,12,53,41,32,61,65,199,24,14,38,237
11/15/2022,HSV,AL,ASO,ES,Combined TRACON& Tower with Radar,34,26,19,29,108,0,0,0,0,0,34,26,19,29,108,0,0,0,108
11/16/2022,HSV,AL,ASO,ES,Combined TRACON& Tower with Radar,34,32,30,91,187,0,0,45,16,61,34,32,75,107,248,0,0,0,248
11/17/2022,HSV,AL,ASO,ES,Combined TRACON& Tower with Radar,31,22,19,56,128,0,1,46,14,61,31,23,65,70,189,26,24,50,239
11/18/2022,HSV,AL,ASO,ES,Combined TRACON& Tower with Radar,34,36,23,64,157,0,2,43,13,58,34,38,66,77,215,6,14,20,235
11/19/2022,HSV,AL,ASO,ES,Combined TRACON& Tower with Radar,29,23,10,0,62,0,0,51,0,51,29,23,61,0,113,0,0,0,113
11/20/2022,HSV,AL,ASO,ES,Combined TRACON& Tower with Radar,34,24,21,1,80,0,0,39,1,40,34,24,60,2,120,0,0,0,120
11/21/2022,HSV,AL,ASO,ES,Combined TRACON& Tower with Radar,40,28,21,50,139,0,22,42,6,70,40,50,63,56,209,20,16,36,245
11/22/2022,HSV,AL,ASO,ES,Combined TRACON& Tower with Radar,34,37,18,32,121,0,14,43,6,63,34,51,61,38,184,20,52,72,256
11/23/2022,HSV,AL,ASO,ES,Combined TRACON& Tower with Radar,34,25,28,40,127,0,0,29,13,42,34,25,57,53,169,0,64,64,233
11/24/2022,HSV,AL,ASO,ES,Combined TRACON& Tower with Radar,17,17,3,0,37,0,0,12,0,12,17,17,15,0,49,0,0,0,49
11/25/2022,HSV,AL,ASO,ES,Combined TRACON& Tower with Radar,35,25,9,0,69,0,0,6,0,6,35,25,15,0,75,0,0,0,75
11/26/2022,HSV,AL,ASO,ES,Combined TRACON& Tower with Radar,35,26,14,0,75,0,0,14,0,14,35,26,28,0,89,0,0,0,89
11/27/2022,HSV,AL,ASO,ES,Combined TRACON& Tower with Radar,37,26,6,0,69,0,0,7,0,7,37,26,13,0,76,0,0,0,76
11/28/2022,HSV,AL,ASO,ES,Combined TRACON& Tower with Radar,35,35,20,36,126,0,0,44,9,53,35,35,64,45,179,4,42,46,225
11/29/2022,HSV,AL,ASO,ES,Combined TRACON& Tower with Radar,23,28,12,13,76,0,0,12,10,22,23,28,24,23,98,16,2,18,116
11/30/2022,HSV,AL,ASO,ES,Combined TRACON& Tower with Radar,41,20,15,30,106,0,3,25,6,34,41,23,40,36,140,6,40,46,186
12/01/2022,HSV,AL,ASO,ES,Combined TRACON& Tower with Radar,35,21,22,42,120,0,0,37,14,51,35,21,59,56,171,0,0,0,171
12/02/2022,HSV,AL,ASO,ES,Combined TRACON& Tower with Radar,38,29,38,45,150,0,0,10,12,22,38,29,48,57,172,0,0,0,172
12/03/2022,HSV,AL,ASO,ES,Combined TRACON& Tower with Radar,28,26,18,36,108,0,0,4,0,4,28,26,22,36,112,0,0,0,112
12/04/2022,HSV,AL,ASO,ES,Combined TRACON& Tower with Radar,31,24,15,8,78,0,0,35,1,36,31,24,50,9,114,14,0,14,128
12/05/2022,HSV,AL,ASO,ES,Combined TRACON& Tower with Radar,41,27,27,0,95,0,0,0,0,0,41,27,27,0,95,0,0,0,95
12/06/2022,HSV,AL,ASO,ES,Combined TRACON& Tower with Radar,38,24,14,10,86,0,0,0,1,1,38,24,14,11,87,0,12,12,99
12/07/2022,HSV,AL,ASO,ES,Combined TRACON& Tower with Radar,39,28,21,14,102,0,0,0,0,0,39,28,21,14,102,0,0,0,102
12/08/2022,HSV,AL,ASO,ES,Combined TRACON& Tower with Radar,38,23,27,7,95,0,0,5,2,7,38,23,32,9,102,0,8,8,110
12/09/2022,HSV,AL,ASO,ES,Combined TRACON& Tower with Radar,41,24,21,7,93,0,0,1,1,2,41,24,22,8,95,0,0,0,95
12/10/2022,HSV,AL,ASO,ES,Combined TRACON& Tower with Radar,31,18,17,2,68,0,0,1,2,3,31,18,18,4,71,0,0,0,71
12/11/2022,HSV,AL,ASO,ES,Combined TRACON& Tower with Radar,36,26,10,2,74,0,0,0,0,0,36,26,10,2,74,0,0,0,74
12/12/2022,HSV,AL,ASO,ES,Combined TRACON& Tower with Radar,43,29,32,87,191,0,0,9,5,14,43,29,41,92,205,2,10,12,217
12/13/2022,HSV,AL,ASO,ES,Combined TRACON& Tower with Radar,34,23,36,71,164,0,0,4,3,7,34,23,40,74,171,0,30,30,201
12/14/2022,HSV,AL,ASO,ES,Combined TRACON& Tower with Radar,42,21,9,0,72,0,0,0,0,0,42,21,9,0,72,0,0,0,72
12/15/2022,HSV,AL,ASO,ES,Combined TRACON& Tower with Radar,34,23,21,58,136,0,1,25,16,42,34,24,46,74,178,49,38,87,265
12/16/2022,HSV,AL,ASO,ES,Combined TRACON& Tower with Radar,42,25,24,33,124,0,0,43,8,51,42,25,67,41,175,4,62,66,241
12/17/2022,HSV,AL,ASO,ES,Combined TRACON& Tower with Radar,27,23,27,0,77,0,0,29,0,29,27,23,56,0,106,0,0,0,106
12/18/2022,HSV,AL,ASO,ES,Combined TRACON& Tower with Radar,36,20,18,7,81,0,0,37,4,41,36,20,55,11,122,14,8,22,144
12/19/2022,HSV,AL,ASO,ES,Combined TRACON& Tower with Radar,35,25,18,23,101,0,0,34,6,40,35,25,52,29,141,12,72,84,225
12/20/2022,HSV,AL,ASO,ES,Combined TRACON& Tower with Radar,30,27,13,59,129,0,0,11,5,16,30,27,24,64,145,2,74,76,221
12/21/2022,HSV,AL,ASO,ES,Combined TRACON& Tower with Radar,35,22,20,62,139,0,0,22,19,41,35,22,42,81,180,18,134,152,332
12/22/2022,HSV,AL,ASO,ES,Combined TRACON& Tower with Radar,31,27,7,3,68,0,0,0,0,0,31,27,7,3,68,0,0,0,68
12/23/2022,HSV,AL,ASO,ES,Combined TRACON& Tower with Radar,38,24,1,0,63,0,0,1,0,1,38,24,2,0,64,0,0,0,64
12/24/2022,HSV,AL,ASO,ES,Combined TRACON& Tower with Radar,18,17,7,0,42,0,0,3,0,3,18,17,10,0,45,0,0,0,45
12/25/2022,HSV,AL,ASO,ES,Combined TRACON& Tower with Radar,21,16,0,0,37,0,0,7,0,7,21,16,7,0,44,0,0,0,44
12/26/2022,HSV,AL,ASO,ES,Combined TRACON& Tower with Radar,37,30,20,0,87,0,0,7,0,7,37,30,27,0,94,0,0,0,94
12/27/2022,HSV,AL,ASO,ES,Combined TRACON& Tower with Radar,34,30,18,1,83,0,2,20,1,23,34,32,38,2,106,8,0,8,114
12/28/2022,HSV,AL,ASO,ES,Combined TRACON& Tower with Radar,32,25,28,6,91,0,0,29,10,39,32,25,57,16,130,12,8,20,150
12/29/2022,HSV,AL,ASO,ES,Combined TRACON& Tower with Radar,32,22,14,6,74,0,0,16,0,16,32,22,30,6,90,22,0,22,112
12/30/2022,HSV,AL,ASO,ES,Combined TRACON& Tower with Radar,35,20,17,0,72,0,0,4,0,4,35,20,21,0,76,0,0,0,76
12/31/2022,HSV,AL,ASO,ES,Combined TRACON& Tower with Radar,17,22,7,0,46,0,0,2,0,2,17,22,9,0,48,0,0,0,48
01/01/2023,HSV,AL,ASO,ES,Combined TRACON& Tower with Radar,25,15,14,0,54,0,0,20,0,20,25,15,34,0,74,16,0,16,90
01/02/2023,HSV,AL,ASO,ES,Combined TRACON& Tower with Radar,33,20,25,0,78,0,0,0,0,0,33,20,25,0,78,0,0,0,78
01/03/2023,HSV,AL,ASO,ES,Combined TRACON& Tower with Radar,31,24,9,0,64,0,0,0,0,0,31,24,9,0,64,0,0,0,64
01/04/2023,HSV,AL,ASO,ES,Combined TRACON& Tower with Radar,32,19,14,44,109,0,0,14,20,34,32,19,28,64,143,18,72,90,233
01/05/2023,HSV,AL,ASO,ES,Combined TRACON& Tower with Radar,29,19,20,12,80,0,0,25,2,27,29,19,45,14,107,14,80,94,201
01/06/2023,HSV,AL,ASO,ES,Combined TRACON& Tower with Radar,35,24,13,32,104,0,0,43,3,46,35,24,56,35,150,2,94,96,246
01/07/2023,HSV,AL,ASO,ES,Combined TRACON& Tower with Radar,24,23,16,12,75,0,0,16,1,17,24,23,32,13,92,0,2,2,94
01/08/2023,HSV,AL,ASO,ES,Combined TRACON& Tower with Radar,34,23,16,0,73,0,0,0,0,0,34,23,16,0,73,0,0,0,73
01/09/2023,HSV,AL,ASO,ES,Combined TRACON& Tower with Radar,37,28,21,63,149,2,0,23,2,27,39,28,44,65,176,2,14,16,192
01/10/2023,HSV,AL,ASO,ES,Combined TRACON& Tower with Radar,39,22,23,49,133,0,0,37,22,59,39,22,60,71,192,0,0,0,192
01/11/2023,HSV,AL,ASO,ES,Combined TRACON& Tower with Radar,44,16,23,88,171,0,0,8,0,8,44,16,31,88,179,0,0,0,179
01/12/2023,HSV,AL,ASO,ES,Combined TRACON& Tower with Radar,47,26,7,2,82,0,0,2,2,4,47,26,9,4,86,0,0,0,86
01/13/2023,HSV,AL,ASO,ES,Combined TRACON& Tower with Radar,51,23,16,4,94,0,0,0,0,0,51,23,16,4,94,0,0,0,94
01/14/2023,HSV,AL,ASO,ES,Combined TRACON& Tower with Radar,33,20,11,0,64,0,0,41,0,41,33,20,52,0,105,0,0,0,105
01/15/2023,HSV,AL,ASO,ES,Combined TRACON& Tower with Radar,35,22,28,1,86,0,0,57,1,58,35,22,85,2,144,0,14,14,158
01/16/2023,HSV,AL,ASO,ES,Combined TRACON& Tower with Radar,47,18,24,0,89,0,0,23,1,24,47,18,47,1,113,0,0,0,113
01/17/2023,HSV,AL,ASO,ES,Combined TRACON& Tower with Radar,40,23,27,22,112,0,0,10,4,14,40,23,37,26,126,4,0,4,130
01/18/2023,HSV,AL,ASO,ES,Combined TRACON& Tower with Radar,46,21,24,35,126,0,0,0,3,3,46,21,24,38,129,0,0,0,129
01/19/2023,HSV,AL,ASO,ES,Combined TRACON& Tower with Radar,46,19,15,20,100,0,0,17,18,35,46,19,32,38,135,16,38,54,189
01/20/2023,HSV,AL,ASO,ES,Combined TRACON& Tower with Radar,53,21,15,41,130,0,0,59,17,76,53,21,74,58,206,20,96,116,322
01/21/2023,HSV,AL,ASO,ES,Combined TRACON& Tower with Radar,34,20,7,21,82,0,0,47,1,48,34,20,54,22,130,26,24,50,180
01/22/2023,HSV,AL,ASO,ES,Combined TRACON& Tower with Radar,45,19,12,1,77,0,0,0,0,0,45,19,12,1,77,0,0,0,77
01/23/2023,HSV,AL,ASO,ES,Combined TRACON& Tower with Radar,48,24,24,13,109,0,0,17,9,26,48,24,41,22,135,20,50,70,205
01/24/2023,HSV,AL,ASO,ES,Combined TRACON& Tower with Radar,39,23,20,60,142,0,1,32,12,45,39,24,52,72,187,8,158,166,353
01/25/2023,HSV,AL,ASO,ES,Combined TRACON& Tower with Radar,47,20,13,0,80,0,0,2,0,2,47,20,15,0,82,0,0,0,82
01/26/2023,HSV,AL,ASO,ES,Combined TRACON& Tower with Radar,45,17,12,11,85,0,0,9,9,18,45,17,21,20,103,0,0,0,103
01/27/2023,HSV,AL,ASO,ES,Combined TRACON& Tower with Radar,52,25,11,35,123,0,2,54,16,72,52,27,65,51,195,12,24,36,231
01/28/2023,HSV,AL,ASO,ES,Combined TRACON& Tower with Radar,34,19,14,12,79,0,0,55,4,59,34,19,69,16,138,0,0,0,138
01/29/2023,HSV,AL,ASO,ES,Combined TRACON& Tower with Radar,44,23,6,2,75,0,0,0,0,0,44,23,6,2,75,0,0,0,75
01/30/2023,HSV,AL,ASO,ES,Combined TRACON& Tower with Radar,45,19,22,23,109,0,0,0,0,0,45,19,22,23,109,10,0,10,119
01/31/2023,HSV,AL,ASO,ES,Combined TRACON& Tower with Radar,37,17,9,2,65,0,0,0,2,2,37,17,9,4,67,0,0,0,67
02/01/2023,HSV,AL,ASO,ES,Combined TRACON& Tower with Radar,37,17,7,8,69,0,0,0,0,0,37,17,7,8,69,0,0,0,69
02/02/2023,HSV,AL,ASO,ES,Combined TRACON& Tower with Radar,38,15,7,2,62,0,0,0,0,0,38,15,7,2,62,0,0,0,62
02/03/2023,HSV,AL,ASO,ES,Combined TRACON& Tower with Radar,48,21,35,21,125,0,1,54,2,57,48,22,89,23,182,32,0,32,214
02/04/2023,HSV,AL,ASO,ES,Combined TRACON& Tower with Radar,32,18,20,12,82,0,0,74,3,77,32,18,94,15,159,18,4,22,181
02/05/2023,HSV,AL,ASO,ES,Combined TRACON& Tower with Radar,36,19,30,0,85,0,2,44,0,46,36,21,74,0,131,0,14,14,145
02/06/2023,HSV,AL,ASO,ES,Combined TRACON& Tower with Radar,45,24,20,20,109,0,2,45,4,51,45,26,65,24,160,48,18,66,226
02/07/2023,HSV,AL,ASO,ES,Combined TRACON& Tower with Radar,39,28,32,94,193,0,3,44,12,59,39,31,76,106,252,0,16,16,268
02/08/2023,HSV,AL,ASO,ES,Combined TRACON& Tower with Radar,42,33,27,59,161,0,0,9,6,15,42,33,36,65,176,12,38,50,226
02/09/2023,HSV,AL,ASO,ES,Combined TRACON& Tower with Radar,40,18,20,17,95,0,0,19,6,25,40,18,39,23,120,10,10,20,140
02/10/2023,HSV,AL,ASO,ES,Combined TRACON& Tower with Radar,47,23,25,46,141,0,3,55,10,68,47,26,80,56,209,36,30,66,275
02/11/2023,HSV,AL,ASO,ES,Combined TRACON& Tower with Radar,33,19,15,13,80,0,0,26,0,26,33,19,41,13,106,8,0,8,114
02/12/2023,HSV,AL,ASO,ES,Combined TRACON& Tower with Radar,38,25,14,4,81,0,4,15,2,21,38,29,29,6,102,16,0,16,118
02/13/2023,HSV,AL,ASO,ES,Combined TRACON& Tower with Radar,44,24,19,38,125,0,0,51,12,63,44,24,70,50,188,46,32,78,266
02/14/2023,HSV,AL,ASO,ES,Combined TRACON& Tower with Radar,39,26,13,58,136,0,0,25,12,37,39,26,38,70,173,12,70,82,255
02/15/2023,HSV,AL,ASO,ES,Combined TRACON& Tower with Radar,42,32,14,8,96,0,0,0,0,0,42,32,14,8,96,0,0,0,96
02/16/2023,HSV,AL,ASO,ES,Combined TRACON& Tower with Radar,39,28,9,0,76,0,0,0,2,2,39,28,9,2,78,0,0,0,78
02/17/2023,HSV,AL,ASO,ES,Combined TRACON& Tower with Radar,44,29,21,3,97,0,0,16,3,19,44,29,37,6,116,10,12,22,138
02/18/2023,HSV,AL,ASO,ES,Combined TRACON& Tower with Radar,28,31,14,1,74,0,2,63,0,65,28,33,77,1,139,2,0,2,141
02/19/2023,HSV,AL,ASO,ES,Combined TRACON& Tower with Radar,35,25,18,0,78,0,2,23,0,25,35,27,41,0,103,12,0,12,115
02/20/2023,HSV,AL,ASO,ES,Combined TRACON& Tower with Radar,48,46,12,2,108,0,0,6,0,6,48,46,18,2,114,16,0,16,130
02/21/2023,HSV,AL,ASO,ES,Combined TRACON& Tower with Radar,41,29,20,50,140,0,2,24,12,38,41,31,44,62,178,32,86,118,296
02/22/2023,HSV,AL,ASO,ES,Combined TRACON& Tower with Radar,44,23,29,46,142,0,0,3,3,6,44,23,32,49,148,6,86,92,240
02/23/2023,HSV,AL,ASO,ES,Combined TRACON& Tower with Radar,41,27,26,66,160,0,2,39,16,57,41,29,65,82,217,32,166,198,415
02/24/2023,HSV,AL,ASO,ES,Combined TRACON& Tower with Radar,46,30,17,47,140,0,0,10,14,24,46,30,27,61,164,0,66,66,230
02/25/2023,HSV,AL,ASO,ES,Combined TRACON& Tower with Radar,33,30,15,0,78,0,0,0,0,0,33,30,15,0,78,0,0,0,78
02/26/2023,HSV,AL,ASO,ES,Combined TRACON& Tower with Radar,40,30,40,0,110,0,0,9,0,9,40,30,49,0,119,16,0,16,135
02/27/2023,HSV,AL,ASO,ES,Combined TRACON& Tower with Radar,48,23,12,4,87,0,0,5,2,7,48,23,17,6,94,0,0,0,94
02/28/2023,HSV,AL,ASO,ES,Combined TRACON& Tower with Radar,41,49,28,54,172,0,1,52,22,75,41,50,80,76,247,32,99,131,378
03/01/2023,HSV,AL,ASO,ES,Combined TRACON& Tower with Radar,40,26,16,90,172,0,0,11,6,17,40,26,27,96,189,18,38,56,245
03/02/2023,HSV,AL,ASO,ES,Combined TRACON& Tower with Radar,31,27,9,10,77,0,0,0,0,0,31,27,9,10,77,0,0,0,77
03/03/2023,HSV,AL,ASO,ES,Combined TRACON& Tower with Radar,50,26,7,3,86,0,0,4,2,6,50,26,11,5,92,0,0,0,92
03/04/2023,HSV,AL,ASO,ES,Combined TRACON& Tower with Radar,34,22,11,2,69,0,4,51,2,57,34,26,62,4,126,36,0,36,162
03/05/2023,HSV,AL,ASO,ES,Combined TRACON& Tower with Radar,40,24,18,3,85,0,0,45,1,46,40,24,63,4,131,16,6,22,153
03/06/2023,HSV,AL,ASO,ES,Combined TRACON& Tower with Radar,47,23,20,42,132,0,2,33,24,59,47,25,53,66,191,62,80,142,333
03/07/2023,HSV,AL,ASO,ES,Combined TRACON& Tower with Radar,41,25,17,71,154,0,0,38,24,62,41,25,55,95,216,50,140,190,406
03/08/2023,HSV,AL,ASO,ES,Combined TRACON& Tower with Radar,44,22,24,37,127,0,0,27,15,42,44,22,51,52,169,42,88,130,299
03/09/2023,HSV,AL,ASO,ES,Combined TRACON& Tower with Radar,43,34,8,52,137,0,0,2,2,4,43,34,10,54,141,34,38,72,213
03/10/2023,HSV,AL,ASO,ES,Combined TRACON& Tower with Radar,46,42,20,38,146,0,1,19,8,28,46,43,39,46,174,55,24,79,253
03/11/2023,HSV,AL,ASO,ES,Combined TRACON& Tower with Radar,34,26,21,2,83,0,0,58,4,62,34,26,79,6,145,9,22,31,176
03/12/2023,HSV,AL,ASO,ES,Combined TRACON& Tower with Radar,40,26,16,9,91,0,0,0,0,0,40,26,16,9,91,0,0,0,91
03/13/2023,HSV,AL,ASO,ES,Combined TRACON& Tower with Radar,47,24,15,33,119,0,0,24,5,29,47,24,39,38,148,10,16,26,174
03/14/2023,HSV,AL,ASO,ES,Combined TRACON& Tower with Radar,39,29,19,29,116,0,1,47,9,57,39,30,66,38,173,16,20,36,209
03/15/2023,HSV,AL,ASO,ES,Combined TRACON& Tower with Radar,41,22,16,54,133,0,0,37,19,56,41,22,53,73,189,10,48,58,247
03/16/2023,HSV,AL,ASO,ES,Combined TRACON& Tower with Radar,41,23,30,62,156,0,0,26,8,34,41,23,56,70,190,24,2,26,216
03/17/2023,HSV,AL,ASO,ES,Combined TRACON& Tower with Radar,42,27,17,5,91,0,0,1,0,1,42,27,18,5,92,0,0,0,92
03/18/2023,HSV,AL,ASO,ES,Combined TRACON& Tower with Radar,34,23,14,11,82,0,0,37,2,39,34,23,51,13,121,0,0,0,121
03/19/2023,HSV,AL,ASO,ES,Combined TRACON& Tower with Radar,41,35,32,12,120,0,5,29,5,39,41,40,61,17,159,10,26,36,195
03/20/2023,HSV,AL,ASO,ES,Combined TRACON& Tower with Radar,46,26,16,15,103,0,3,31,9,43,46,29,47,24,146,64,10,74,220
03/21/2023,HSV,AL,ASO,ES,Combined TRACON& Tower with Radar,40,27,21,47,135,0,3,30,15,48,40,30,51,62,183,12,94,106,289
03/22/2023,HSV,AL,ASO,ES,Combined TRACON& Tower with Radar,41,21,30,20,112,0,0,8,2,10,41,21,38,22,122,0,0,0,122
03/23/2023,HSV,AL,ASO,ES,Combined TRACON& Tower with Radar,43,25,30,56,154,0,1,30,16,47,43,26,60,72,201,62,92,154,355
03/24/2023,HSV,AL,ASO,ES,Combined TRACON& Tower with Radar,41,25,16,30,112,0,0,19,6,25,41,25,35,36,137,0,0,0,137
03/25/2023,HSV,AL,ASO,ES,Combined TRACON& Tower with Radar,33,30,14,5,82,0,0,27,0,27,33,30,41,5,109,0,0,0,109
03/26/2023,HSV,AL,ASO,ES,Combined TRACON& Tower with Radar,39,23,19,7,88,0,0,38,6,44,39,23,57,13,132,46,20,66,198
03/27/2023,HSV,AL,ASO,ES,Combined TRACON& Tower with Radar,45,29,21,31,126,0,0,24,9,33,45,29,45,40,159,16,14,30,189
03/28/2023,HSV,AL,ASO,ES,Combined TRACON& Tower with Radar,39,26,16,55,136,0,0,35,13,48,39,26,51,68,184,18,26,44,228
03/29/2023,HSV,AL,ASO,ES,Combined TRACON& Tower with Radar,40,24,16,52,132,0,0,45,18,63,40,24,61,70,195,24,12,36,231
03/30/2023,HSV,AL,ASO,ES,Combined TRACON& Tower with Radar,44,29,27,31,131,0,0,33,11,44,44,29,60,42,175,10,20,30,205
03/31/2023,HSV,AL,ASO,ES,Combined TRACON& Tower with Radar,44,20,17,6,87,0,0,3,12,15,44,20,20,18,102,0,0,0,102
04/01/2023,HSV,AL,ASO,ES,Combined TRACON& Tower with Radar,40,22,12,0,74,0,0,12,0,12,40,22,24,0,86,0,0,0,86
04/02/2023,HSV,AL,ASO,ES,Combined TRACON& Tower with Radar,38,31,23,1,93,0,0,43,1,44,38,31,66,2,137,16,0,16,153
04/03/2023,HSV,AL,ASO,ES,Combined TRACON& Tower with Radar,48,29,26,6,109,0,0,0,2,2,48,29,26,8,111,0,0,0,111
04/04/2023,HSV,AL,ASO,ES,Combined TRACON& Tower with Radar,37,31,31,41,140,0,0,15,9,24,37,31,46,50,164,0,38,38,202
04/05/2023,HSV,AL,ASO,ES,Combined TRACON& Tower with Radar,47,13,12,24,96,0,0,18,5,23,47,13,30,29,119,16,136,152,271
04/06/2023,HSV,AL,ASO,ES,Combined TRACON& Tower with Radar,48,30,13,4,95,0,0,2,4,6,48,30,15,8,101,0,12,12,113
04/07/2023,HSV,AL,ASO,ES,Combined TRACON& Tower with Radar,50,20,11,4,85,0,0,0,0,0,50,20,11,4,85,0,0,0,85
04/08/2023,HSV,AL,ASO,ES,Combined TRACON& Tower with Radar,32,20,11,0,63,0,0,0,0,0,32,20,11,0,63,0,0,0,63
04/09/2023,HSV,AL,ASO,ES,Combined TRACON& Tower with Radar,42,19,7,0,68,0,2,19,0,21,42,21,26,0,89,0,0,0,89
04/10/2023,HSV,AL,ASO,ES,Combined TRACON& Tower with Radar,50,30,20,43,143,0,0,59,22,81,50,30,79,65,224,62,38,100,324
04/11/2023,HSV,AL,ASO,ES,Combined TRACON& Tower with Radar,38,25,22,38,123,0,1,55,15,71,38,26,77,53,194,24,20,44,238
04/12/2023,HSV,AL,ASO,ES,Combined TRACON& Tower with Radar,47,24,20,51,142,0,0,47,14,61,47,24,67,65,203,0,80,80,283
04/13/2023,HSV,AL,ASO,ES,Combined TRACON& Tower with Radar,47,17,19,6,89,0,0,5,2,7,47,17,24,8,96,0,0,0,96
04/14/2023,HSV,AL,ASO,ES,Combined TRACON& Tower with Radar,48,28,31,10,117,0,3,6,2,11,48,31,37,12,128,16,0,16,144
04/15/2023,HSV,AL,ASO,ES,Combined TRACON& Tower with Radar,38,25,12,4,79,0,4,36,3,43,38,29,48,7,122,0,0,0,122
04/16/2023,HSV,AL,ASO,ES,Combined TRACON& Tower with Radar,44,17,15,10,86,0,0,10,2,12,44,17,25,12,98,0,0,0,98
04/17/2023,HSV,AL,ASO,ES,Combined TRACON& Tower with Radar,52,25,17,48,142,0,0,17,7,24,52,25,34,55,166,0,22,22,188
04/18/2023,HSV,AL,ASO,ES,Combined TRACON& Tower with Radar,36,29,16,59,140,0,0,46,15,61,36,29,62,74,201,8,46,54,255
04/19/2023,HSV,AL,ASO,ES,Combined TRACON& Tower with Radar,46,30,22,65,163,0,0,45,8,53,46,30,67,73,216,8,38,46,262
04/20/2023,HSV,AL,ASO,ES,Combined TRACON& Tower with Radar,43,24,22,72,161,0,0,29,13,42,43,24,51,85,203,22,66,88,291
04/21/2023,HSV,AL,ASO,ES,Combined TRACON& Tower with Radar,49,21,15,37,122,0,0,19,14,33,49,21,34,51,155,6,114,120,275
04/22/2023,HSV,AL,ASO,ES,Combined TRACON& Tower with Radar,38,16,19,0,73,0,0,48,0,48,38,16,67,0,121,32,0,32,153
04/23/2023,HSV,AL,ASO,ES,Combined TRACON& Tower with Radar,43,22,17,13,95,0,0,19,7,26,43,22,36,20,121,6,0,6,127
04/24/2023,HSV,AL,ASO,ES,Combined TRACON& Tower with Radar,51,24,13,39,127,0,1,37,7,45,51,25,50,46,172,4,58,62,234
04/25/2023,HSV,AL,ASO,ES,Combined TRACON& Tower with Radar,40,27,45,26,138,0,0,44,17,61,40,27,89,43,199,1,74,75,274
04/26/2023,HSV,AL,ASO,ES,Combined TRACON& Tower with Radar,42,30,32,27,131,0,0,9,2,11,42,30,41,29,142,8,66,74,216
04/27/2023,HSV,AL,ASO,ES,Combined TRACON& Tower with Radar,51,21,19,22,113,0,0,0,0,0,51,21,19,22,113,10,0,10,123
04/28/2023,HSV,AL,ASO,ES,Combined TRACON& Tower with Radar,45,24,35,46,150,0,0,25,5,30,45,24,60,51,180,68,10,78,258
04/29/2023,HSV,AL,ASO,ES,Combined TRACON& Tower with Radar,34,23,21,2,80,0,0,29,3,32,34,23,50,5,112,0,0,0,112
04/30/2023,HSV,AL,ASO,ES,Combined TRACON& Tower with Radar,45,22,8,9,84,0,0,12,10,22,45,22,20,19,106,22,6,28,134
05/01/2023,HSV,AL,ASO,ES,Combined TRACON& Tower with Radar,51,26,18,19,114,0,0,18,4,22,51,26,36,23,136,0,16,16,152
05/02/2023,HSV,AL,ASO,ES,Combined TRACON& Tower with Radar,39,30,19,23,111,0,0,15,13,28,39,30,34,36,139,28,44,72,211
05/03/2023,HSV,AL,ASO,ES,Combined TRACON& Tower with Radar,46,32,17,61,156,0,8,47,19,74,46,40,64,80,230,12,120,132,362
05/04/2023,HSV,AL,ASO,ES,Combined TRACON& Tower with Radar,45,23,32,57,157,0,1,44,11,56,45,24,76,68,213,24,64,88,301
05/05/2023,HSV,AL,ASO,ES,Combined TRACON& Tower with Radar,45,32,35,27,139,0,0,4,1,5,45,32,39,28,144,20,20,40,184
05/06/2023,HSV,AL,ASO,ES,Combined TRACON& Tower with Radar,26,25,16,0,67,0,0,22,0,22,26,25,38,0,89,14,0,14,103
05/07/2023,HSV,AL,ASO,ES,Combined TRACON& Tower with Radar,42,25,26,1,94,0,0,19,1,20,42,25,45,2,114,10,0,10,124
05/08/2023,HSV,AL,ASO,ES,Combined TRACON& Tower with Radar,46,34,22,23,125,0,0,9,1,10,46,34,31,24,135,0,48,48,183
05/09/2023,HSV,AL,ASO,ES,Combined TRACON& Tower with Radar,39,36,15,35,125,0,0,15,0,15,39,36,30,35,140,0,4,4,144
05/10/2023,HSV,AL,ASO,ES,Combined TRACON& Tower with Radar,42,34,17,64,157,0,1,24,20,45,42,35,41,84,202,4,120,124,326
05/11/2023,HSV,AL,ASO,ES,Combined TRACON& Tower with Radar,43,35,29,16,123,0,0,9,3,12,43,35,38,19,135,8,8,16,151
05/12/2023,HSV,AL,ASO,ES,Combined TRACON& Tower with Radar,48,26,16,2,92,0,0,8,0,8,48,26,24,2,100,0,0,0,100
05/13/2023,HSV,AL,ASO,ES,Combined TRACON& Tower with Radar,29,31,22,0,82,0,1,28,0,29,29,32,50,0,111,0,0,0,111
05/14/2023,HSV,AL,ASO,ES,Combined TRACON& Tower with Radar,42,21,8,0,71,0,0,16,2,18,42,21,24,2,89,0,0,0,89
05/15/2023,HSV,AL,ASO,ES,Combined TRACON& Tower with Radar,48,28,18,14,108,1,0,22,4,27,49,28,40,18,135,8,26,34,169
05/16/2023,HSV,AL,ASO,ES,Combined TRACON& Tower with Radar,42,29,24,32,127,0,0,16,12,28,42,29,40,44,155,14,96,110,265
05/17/2023,HSV,AL,ASO,ES,Combined TRACON& Tower with Radar,45,30,21,70,166,0,0,19,4,23,45,30,40,74,189,14,30,44,233
05/18/2023,HSV,AL,ASO,ES,Combined TRACON& Tower with Radar,47,28,17,12,104,0,0,11,2,13,47,28,28,14,117,0,32,32,149
05/19/2023,HSV,AL,ASO,ES,Combined TRACON& Tower with Radar,45,30,24,13,112,0,0,5,2,7,45,30,29,15,119,34,10,44,163
05/20/2023,HSV,AL,ASO,ES,Combined TRACON& Tower with Radar,31,28,6,25,90,0,0,0,0,0,31,28,6,25,90,0,0,0,90
05/21/2023,HSV,AL,ASO,ES,Combined TRACON& Tower with Radar,42,26,23,24,115,0,0,41,1,42,42,26,64,25,157,44,0,44,201
05/22/2023,HSV,AL,ASO,ES,Combined TRACON& Tower with Radar,44,39,28,11,122,0,0,26,5,31,44,39,54,16,153,14,46,60,213
05/23/2023,HSV,AL,ASO,ES,Combined TRACON& Tower with Radar,40,32,17,3,92,0,0,26,2,28,40,32,43,5,120,54,0,54,174
05/24/2023,HSV,AL,ASO,ES,Combined TRACON& Tower with Radar,42,34,26,41,143,0,1,37,19,57,42,35,63,60,200,18,56,74,274
05/25/2023,HSV,AL,ASO,ES,Combined TRACON& Tower with Radar,44,28,18,44,134,0,5,42,15,62,44,33,60,59,196,28,82,110,306
05/26/2023,HSV,AL,ASO,ES,Combined TRACON& Tower with Radar,44,31,23,0,98,0,4,22,2,28,44,35,45,2,126,6,0,6,132
05/27/2023,HSV,AL,ASO,ES,Combined TRACON& Tower with Radar,25,32,8,0,65,0,3,25,0,28,25,35,33,0,93,32,0,32,125
05/28/2023,HSV,AL,ASO,ES,Combined TRACON& Tower with Radar,35,29,19,0,83,0,0,32,0,32,35,29,51,0,115,38,0,38,153
05/29/2023,HSV,AL,ASO,ES,Combined TRACON& Tower with Radar,39,27,27,0,93,0,0,15,0,15,39,27,42,0,108,14,0,14,122
05/30/2023,HSV,AL,ASO,ES,Combined TRACON& Tower with Radar,36,30,11,8,85,0,0,27,7,34,36,30,38,15,119,16,4,20,139
05/31/2023,HSV,AL,ASO,ES,Combined TRACON& Tower with Radar,38,35,30,29,132,0,6,32,12,50,38,41,62,41,182,72,16,88,270
06/01/2023,HSV,AL,ASO,ES,Combined TRACON& Tower with Radar,40,33,35,26,134,0,6,25,3,34,40,39,60,29,168,20,26,46,214
06/02/2023,HSV,AL,ASO,ES,Combined TRACON& Tower with Radar,44,26,28,26,124,0,12,38,17,67,44,38,66,43,191,100,38,138,329
06/03/2023,HSV,AL,ASO,ES,Combined TRACON& Tower with Radar,28,24,17,19,88,0,4,38,3,45,28,28,55,22,133,56,40,96,229
06/04/2023,HSV,AL,ASO,ES,Combined TRACON& Tower with Radar,42,26,29,7,104,0,0,28,3,31,42,26,57,10,135,0,0,0,135
06/05/2023,HSV,AL,ASO,ES,Combined TRACON& Tower with Radar,44,36,13,14,107,0,0,31,4,35,44,36,44,18,142,8,12,20,162
06/06/2023,HSV,AL,ASO,ES,Combined TRACON& Tower with Radar,39,31,5,25,100,0,2,27,10,39,39,33,32,35,139,30,45,75,214
06/07/2023,HSV,AL,ASO,ES,Combined TRACON& Tower with Radar,39,33,17,62,151,0,8,24,21,53,39,41,41,83,204,26,102,128,332
06/08/2023,HSV,AL,ASO,ES,Combined TRACON& Tower with Radar,43,31,20,38,132,0,6,40,10,56,43,37,60,48,188,32,30,62,250
06/09/2023,HSV,AL,ASO,ES,Combined TRACON& Tower with Radar,44,32,15,45,136,0,4,48,8,60,44,36,63,53,196,0,0,0,196
06/10/2023,HSV,AL,ASO,ES,Combined TRACON& Tower with Radar,25,35,18,2,80,0,2,33,1,36,25,37,51,3,116,16,0,16,132
06/11/2023,HSV,AL,ASO,ES,Combined TRACON& Tower with Radar,48,25,12,20,105,0,0,6,3,9,48,25,18,23,114,10,0,10,124
06/12/2023,HSV,AL,ASO,ES,Combined TRACON& Tower with Radar,47,38,27,67,179,0,0,17,9,26,47,38,44,76,205,8,148,156,361
06/13/2023,HSV,AL,ASO,ES,Combined TRACON& Tower with Radar,41,38,15,48,142,0,4,46,6,56,41,42,61,54,198,0,0,0,198
06/14/2023,HSV,AL,ASO,ES,Combined TRACON& Tower with Radar,38,37,16,10,101,0,0,8,2,10,38,37,24,12,111,0,0,0,111
06/15/2023,HSV,AL,ASO,ES,Combined TRACON& Tower with Radar,43,30,15,26,114,0,0,10,5,15,43,30,25,31,129,16,4,20,149
06/16/2023,HSV,AL,ASO,ES,Combined TRACON& Tower with Radar,42,40,22,58,162,0,2,42,14,58,42,42,64,72,220,0,0,0,220
06/17/2023,HSV,AL,ASO,ES,Combined TRACON& Tower with Radar,27,31,18,0,76,0,0,46,1,47,27,31,64,1,123,0,0,0,123
06/18/2023,HSV,AL,ASO,ES,Combined TRACON& Tower with Radar,39,32,11,2,84,0,0,11,1,12,39,32,22,3,96,0,0,0,96
06/19/2023,HSV,AL,ASO,ES,Combined TRACON& Tower with Radar,41,29,12,2,84,0,0,16,2,18,41,29,28,4,102,0,0,0,102
06/20/2023,HSV,AL,ASO,ES,Combined TRACON& Tower with Radar,37,33,33,18,121,0,0,7,8,15,37,33,40,26,136,0,0,0,136
06/21/2023,HSV,AL,ASO,ES,Combined TRACON& Tower with Radar,45,26,20,6,97,0,0,4,2,6,45,26,24,8,103,0,0,0,103
06/22/2023,HSV,AL,ASO,ES,Combined TRACON& Tower with Radar,47,29,19,13,108,0,0,7,4,11,47,29,26,17,119,4,8,12,131
06/23/2023,HSV,AL,ASO,ES,Combined TRACON& Tower with Radar,40,26,44,39,149,0,4,32,3,39,40,30,76,42,188,32,22,54,242
06/24/2023,HSV,AL,ASO,ES,Combined TRACON& Tower with Radar,25,31,11,0,67,0,0,52,0,52,25,31,63,0,119,0,0,0,119
06/25/2023,HSV,AL,ASO,ES,Combined TRACON& Tower with Radar,47,30,14,2,93,0,0,16,0,16,47,30,30,2,109,0,0,0,109
06/26/2023,HSV,AL,ASO,ES,Combined TRACON& Tower with Radar,39,38,17,19,113,0,1,26,11,38,39,39,43,30,151,0,0,0,151
06/27/2023,HSV,AL,ASO,ES,Combined TRACON& Tower with Radar,32,30,19,19,100,0,0,42,15,57,32,30,61,34,157,22,64,86,243
06/28/2023,HSV,AL,ASO,ES,Combined TRACON& Tower with Radar,39,28,35,36,138,0,0,69,3,72,39,28,104,39,210,50,32,82,292
06/29/2023,HSV,AL,ASO,ES,Combined TRACON& Tower with Radar,49,32,18,44,143,0,0,41,5,46,49,32,59,49,189,4,64,68,257
06/30/2023,HSV,AL,ASO,ES,Combined TRACON& Tower with Radar,48,31,38,41,158,0,0,31,13,44,48,31,69,54,202,34,88,122,324
07/01/2023,HSV,AL,ASO,ES,Combined TRACON& Tower with Radar,31,30,21,0,82,0,0,19,0,19,31,30,40,0,101,0,0,0,101
07/02/2023,HSV,AL,ASO,ES,Combined TRACON& Tower with Radar,38,24,14,6,82,0,0,9,0,9,38,24,23,6,91,2,0,2,93
07/03/2023,HSV,AL,ASO,ES,Combined TRACON& Tower with Radar,38,22,2,0,62,0,0,1,0,1,38,22,3,0,63,0,0,0,63
07/04/2023,HSV,AL,ASO,ES,Combined TRACON& Tower with Radar,31,26,11,0,68,0,0,14,0,14,31,26,25,0,82,0,0,0,82
07/05/2023,HSV,AL,ASO,ES,Combined TRACON& Tower with Radar,37,25,6,35,103,0,0,14,3,17,37,25,20,38,120,0,36,36,156
07/06/2023,HSV,AL,ASO,ES,Combined TRACON& Tower with Radar,42,25,11,22,100,0,0,19,3,22,42,25,30,25,122,0,0,0,122
07/07/2023,HSV,AL,ASO,ES,Combined TRACON& Tower with Radar,43,28,20,18,109,0,0,31,0,31,43,28,51,18,140,0,0,0,140
07/08/2023,HSV,AL,ASO,ES,Combined TRACON& Tower with Radar,33,25,10,0,68,0,1,23,0,24,33,26,33,0,92,0,0,0,92
07/09/2023,HSV,AL,ASO,ES,Combined TRACON& Tower with Radar,43,24,20,1,88,0,0,7,1,8,43,24,27,2,96,0,0,0,96
07/10/2023,HSV,AL,ASO,ES,Combined TRACON& Tower with Radar,48,26,14,47,135,0,1,30,4,35,48,27,44,51,170,16,36,52,222
07/11/2023,HSV,AL,ASO,ES,Combined TRACON& Tower with Radar,49,34,25,47,155,0,0,33,9,42,49,34,58,56,197,0,0,0,197
07/12/2023,HSV,AL,ASO,ES,Combined TRACON& Tower with Radar,44,30,28,46,148,0,0,28,7,35,44,30,56,53,183,10,32,42,225
07/13/2023,HSV,AL,ASO,ES,Combined TRACON& Tower with Radar,47,29,30,32,138,0,0,16,11,27,47,29,46,43,165,4,28,32,197
07/14/2023,HSV,AL,ASO,ES,Combined TRACON& Tower with Radar,41,29,27,26,123,0,0,11,9,20,41,29,38,35,143,0,0,0,143
07/15/2023,HSV,AL,ASO,ES,Combined TRACON& Tower with Radar,32,28,14,4,78,0,0,15,0,15,32,28,29,4,93,0,0,0,93
07/16/2023,HSV,AL,ASO,ES,Combined TRACON& Tower with Radar,42,27,19,22,110,0,0,25,3,28,42,27,44,25,138,28,0,28,166
07/17/2023,HSV,AL,ASO,ES,Combined TRACON& Tower with Radar,46,24,21,21,112,0,0,29,9,38,46,24,50,30,150,0,0,0,150
07/18/2023,HSV,AL,ASO,ES,Combined TRACON& Tower with Radar,45,36,29,23,133,1,0,44,7,52,46,36,73,30,185,38,6,44,229
07/19/2023,HSV,AL,ASO,ES,Combined TRACON& Tower with Radar,46,35,19,11,111,0,2,29,3,34,46,37,48,14,145,42,0,42,187
07/20/2023,HSV,AL,ASO,ES,Combined TRACON& Tower with Radar,47,31,19,5,102,0,0,11,7,18,47,31,30,12,120,8,0,8,128
07/21/2023,HSV,AL,ASO,ES,Combined TRACON& Tower with Radar,50,31,23,17,121,0,0,22,3,25,50,31,45,20,146,0,0,0,146
07/22/2023,HSV,AL,ASO,ES,Combined TRACON& Tower with Radar,31,34,19,0,84,0,0,25,0,25,31,34,44,0,109,0,0,0,109
07/23/2023,HSV,AL,ASO,ES,Combined TRACON& Tower with Radar,44,26,24,9,103,0,0,49,6,55,44,26,73,15,158,30,8,38,196
07/24/2023,HSV,AL,ASO,ES,Combined TRACON& Tower with Radar,43,30,14,72,159,0,0,38,14,52,43,30,52,86,211,0,0,0,211
07/25/2023,HSV,AL,ASO,ES,Combined TRACON& Tower with Radar,41,37,24,35,137,0,3,36,9,48,41,40,60,44,185,10,30,40,225
07/26/2023,HSV,AL,ASO,ES,Combined TRACON& Tower with Radar,47,31,19,57,154,0,0,40,8,48,47,31,59,65,202,10,82,92,294
07/27/2023,HSV,AL,ASO,ES,Combined TRACON& Tower with Radar,46,33,16,48,143,0,4,33,16,53,46,37,49,64,196,52,66,118,314
07/28/2023,HSV,AL,ASO,ES,Combined TRACON& Tower with Radar,48,28,9,76,161,0,0,29,4,33,48,28,38,80,194,32,54,86,280
07/29/2023,HSV,AL,ASO,ES,Combined TRACON& Tower with Radar,29,28,22,7,86,0,0,37,2,39,29,28,59,9,125,0,0,0,125
07/30/2023,HSV,AL,ASO,ES,Combined TRACON& Tower with Radar,46,34,25,15,120,0,0,26,2,28,46,34,51,17,148,26,4,30,178
07/31/2023,HSV,AL,ASO,ES,Combined TRACON& Tower with Radar,45,28,14,62,149,0,0,31,14,45,45,28,45,76,194,30,84,114,308
08/01/2023,HSV,AL,ASO,ES,Combined TRACON& Tower with Radar,38,38,21,44,141,0,0,44,10,54,38,38,65,54,195,14,66,80,275
08/02/2023,HSV,AL,ASO,ES,Combined TRACON& Tower with Radar,43,30,34,57,164,0,4,39,7,50,43,34,73,64,214,12,38,50,264
08/03/2023,HSV,AL,ASO,ES,Combined TRACON& Tower with Radar,50,30,8,6,94,0,0,12,0,12,50,30,20,6,106,34,0,34,140
08/04/2023,HSV,AL,ASO,ES,Combined TRACON& Tower with Radar,46,28,15,27,116,0,0,3,3,6,46,28,18,30,122,0,0,0,122
08/05/2023,HSV,AL,ASO,ES,Combined TRACON& Tower with Radar,26,31,18,0,75,0,0,21,4,25,26,31,39,4,100,0,0,0,100
08/06/2023,HSV,AL,ASO,ES,Combined TRACON& Tower with Radar,43,32,18,15,108,0,0,8,3,11,43,32,26,18,119,4,10,14,133
08/07/2023,HSV,AL,ASO,ES,Combined TRACON& Tower with Radar,41,32,16,1,90,0,0,18,0,18,41,32,34,1,108,0,0,0,108
08/08/2023,HSV,AL,ASO,ES,Combined TRACON& Tower with Radar,35,32,16,13,96,0,0,8,1,9,35,32,24,14,105,0,0,0,105
08/09/2023,HSV,AL,ASO,ES,Combined TRACON& Tower with Radar,38,36,11,25,110,0,0,2,2,4,38,36,13,27,114,0,16,16,130
08/10/2023,HSV,AL,ASO,ES,Combined TRACON& Tower with Radar,48,36,21,8,113,0,0,15,1,16,48,36,36,9,129,0,8,8,137
08/11/2023,HSV,AL,ASO,ES,Combined TRACON& Tower with Radar,45,28,26,31,130,0,0,17,8,25,45,28,43,39,155,0,0,0,155
08/12/2023,HSV,AL,ASO,ES,Combined TRACON& Tower with Radar,31,28,11,2,72,0,0,18,3,21,31,28,29,5,93,0,0,0,93
08/13/2023,HSV,AL,ASO,ES,Combined TRACON& Tower with Radar,43,37,14,13,107,0,0,9,7,16,43,37,23,20,123,0,10,10,133
08/14/2023,HSV,AL,ASO,ES,Combined TRACON& Tower with Radar,44,33,15,23,115,0,0,31,4,35,44,33,46,27,150,9,16,25,175
08/15/2023,HSV,AL,ASO,ES,Combined TRACON& Tower with Radar,37,40,26,41,144,0,2,22,8,32,37,42,48,49,176,10,47,57,233
08/16/2023,HSV,AL,ASO,ES,Combined TRACON& Tower with Radar,43,35,30,25,133,0,0,38,4,42,43,35,68,29,175,30,10,40,215
08/17/2023,HSV,AL,ASO,ES,Combined TRACON& Tower with Radar,46,30,35,71,182,0,0,32,13,45,46,30,67,84,227,0,140,140,367
08/18/2023,HSV,AL,ASO,ES,Combined TRACON& Tower with Radar,46,30,20,56,152,0,0,37,13,50,46,30,57,69,202,2,76,78,280
08/19/2023,HSV,AL,ASO,ES,Combined TRACON& Tower with Radar,30,29,15,0,74,0,0,38,2,40,30,29,53,2,114,26,0,26,140
08/20/2023,HSV,AL,ASO,ES,Combined TRACON& Tower with Radar,43,33,20,2,98,0,0,19,1,20,43,33,39,3,118,0,0,0,118
08/21/2023,HSV,AL,ASO,ES,Combined TRACON& Tower with Radar,45,40,20,33,138,0,0,26,18,44,45,40,46,51,182,24,92,116,298
08/22/2023,HSV,AL,ASO,ES,Combined TRACON& Tower with Radar,38,34,19,26,117,0,0,24,10,34,38,34,43,36,151,24,44,68,219
08/23/2023,HSV,AL,ASO,ES,Combined TRACON& Tower with Radar,38,33,36,18,125,0,0,46,5,51,38,33,82,23,176,0,0,0,176
08/24/2023,HSV,AL,ASO,ES,Combined TRACON& Tower with Radar,42,27,14,51,134,0,0,16,19,35,42,27,30,70,169,0,72,72,241
08/25/2023,HSV,AL,ASO,ES,Combined TRACON& Tower with Radar,40,36,19,3,98,0,0,41,2,43,40,36,60,5,141,24,10,34,175
08/26/2023,HSV,AL,ASO,ES,Combined TRACON& Tower with Radar,28,30,12,1,71,0,0,25,1,26,28,30,37,2,97,38,0,38,135
08/27/2023,HSV,AL,ASO,ES,Combined TRACON& Tower with Radar,41,31,9,5,86,0,0,16,1,17,41,31,25,6,103,6,0,6,109
08/28/2023,HSV,AL,ASO,ES,Combined TRACON& Tower with Radar,47,35,8,5,95,0,0,2,1,3,47,35,10,6,98,0,0,0,98
08/29/2023,HSV,AL,ASO,ES,Combined TRACON& Tower with Radar,41,34,19,22,116,0,0,7,1,8,41,34,26,23,124,0,0,0,124
08/30/2023,HSV,AL,ASO,ES,Combined TRACON& Tower with Radar,41,30,21,41,133,0,0,29,15,44,41,30,50,56,177,44,37,81,258
08/31/2023,HSV,AL,ASO,ES,Combined TRACON& Tower with Radar,41,35,26,49,151,0,0,34,27,61,41,35,60,76,212,2,122,124,336
