01/01/2000,HTS,WV,AEA,CE,Towers with Radar,7,0,6,0,13,6,0,61,0,67,13,0,67,0,80,68,0,68,148
01/02/2000,HTS,WV,AEA,CE,Towers with Radar,16,0,14,0,30,1,0,88,0,89,17,0,102,0,119,84,0,84,203
01/03/2000,HTS,WV,AEA,CE,Towers with Radar,9,0,9,0,18,11,0,40,0,51,20,0,49,0,69,8,0,8,77
01/04/2000,HTS,WV,AEA,CE,Towers with Radar,20,8,9,2,39,1,2,0,1,4,21,10,9,3,43,8,0,8,51
01/05/2000,HTS,WV,AEA,CE,Towers with Radar,24,10,22,0,56,0,0,44,0,44,24,10,66,0,100,50,0,50,150
01/06/2000,HTS,WV,AEA,CE,Towers with Radar,23,9,19,0,51,0,6,50,0,56,23,15,69,0,107,38,0,38,145
01/07/2000,HTS,WV,AEA,CE,Towers with Radar,18,7,16,0,41,6,1,27,0,34,24,8,43,0,75,32,0,32,107
01/08/2000,HTS,WV,AEA,CE,Towers with Radar,15,4,11,0,30,3,0,107,0,110,18,4,118,0,140,24,0,24,164
01/09/2000,HTS,WV,AEA,CE,Towers with Radar,13,1,8,0,22,7,0,55,0,62,20,1,63,0,84,10,0,10,94
01/10/2000,HTS,WV,AEA,CE,Towers with Radar,18,3,13,0,34,2,0,13,0,15,20,3,26,0,49,6,0,6,55
01/11/2000,HTS,WV,AEA,CE,Towers with Radar,22,7,17,0,46,0,0,3,0,3,22,7,20,0,49,16,0,16,65
01/12/2000,HTS,WV,AEA,CE,Towers with Radar,22,10,19,0,51,0,0,75,0,75,22,10,94,0,126,30,0,30,156
01/13/2000,HTS,WV,AEA,CE,Towers with Radar,21,10,19,2,52,0,5,21,3,29,21,15,40,5,81,38,0,38,119
01/14/2000,HTS,WV,AEA,CE,Towers with Radar,22,10,18,1,51,0,5,42,0,47,22,15,60,1,98,82,0,82,180
01/15/2000,HTS,WV,AEA,CE,Towers with Radar,15,4,10,0,29,5,0,69,0,74,20,4,79,0,103,127,0,127,230
01/16/2000,HTS,WV,AEA,CE,Towers with Radar,12,0,7,0,19,8,0,25,0,33,20,0,32,0,52,58,0,58,110
01/17/2000,HTS,WV,AEA,CE,Towers with Radar,17,0,12,0,29,3,0,46,0,49,20,0,58,0,78,38,0,38,116
01/18/2000,HTS,WV,AEA,CE,Towers with Radar,22,8,17,2,49,0,4,2,16,22,22,12,19,18,71,0,0,0,71
01/19/2000,HTS,WV,AEA,CE,Towers with Radar,21,9,21,3,54,0,4,28,2,34,21,13,49,5,88,30,0,30,118
01/20/2000,HTS,WV,AEA,CE,Towers with Radar,19,6,11,2,38,0,3,0,0,3,19,9,11,2,41,0,0,0,41
01/21/2000,HTS,WV,AEA,CE,Towers with Radar,20,11,24,0,55,0,6,10,0,16,20,17,34,0,71,26,0,26,97
01/22/2000,HTS,WV,AEA,CE,Towers with Radar,9,3,7,0,19,9,2,12,0,23,18,5,19,0,42,0,0,0,42
01/23/2000,HTS,WV,AEA,CE,Towers with Radar,9,2,7,0,18,1,0,28,3,32,10,2,35,3,50,0,0,0,50
01/24/2000,HTS,WV,AEA,CE,Towers with Radar,21,1,17,2,41,0,0,23,8,31,21,1,40,10,72,62,0,62,134
01/25/2000,HTS,WV,AEA,CE,Towers with Radar,21,9,21,0,51,0,2,34,0,36,21,11,55,0,87,20,0,20,107
01/26/2000,HTS,WV,AEA,CE,Towers with Radar,22,7,21,3,53,0,0,4,5,9,22,7,25,8,62,28,30,58,120
01/27/2000,HTS,WV,AEA,CE,Towers with Radar,22,10,25,0,57,0,0,62,0,62,22,10,87,0,119,60,0,60,179
01/28/2000,HTS,WV,AEA,CE,Towers with Radar,19,8,19,0,46,0,1,48,0,49,19,9,67,0,95,84,0,84,179
01/29/2000,HTS,WV,AEA,CE,Towers with Radar,18,6,14,0,38,0,2,65,0,67,18,8,79,0,105,74,0,74,179
01/30/2000,HTS,WV,AEA,CE,Towers with Radar,7,2,0,0,9,7,5,0,0,12,14,7,0,0,21,0,0,0,21
01/31/2000,HTS,WV,AEA,CE,Towers with Radar,15,2,12,0,29,1,0,7,0,8,16,2,19,0,37,2,0,2,39
02/01/2000,HTS,WV,AEA,CE,Towers with Radar,28,9,22,3,62,3,3,1,2,9,31,12,23,5,71,0,0,0,71
02/02/2000,HTS,WV,AEA,CE,Towers with Radar,20,8,22,0,50,0,0,67,0,67,20,8,89,0,117,118,0,118,235
02/03/2000,HTS,WV,AEA,CE,Towers with Radar,19,7,19,0,45,0,4,3,0,7,19,11,22,0,52,0,0,0,52
02/04/2000,HTS,WV,AEA,CE,Towers with Radar,18,5,13,0,36,0,4,9,0,13,18,9,22,0,49,14,0,14,63
02/05/2000,HTS,WV,AEA,CE,Towers with Radar,15,3,10,0,28,6,1,45,0,52,21,4,55,0,80,28,0,28,108
02/06/2000,HTS,WV,AEA,CE,Towers with Radar,15,0,12,0,27,5,0,80,0,85,20,0,92,0,112,82,0,82,194
02/07/2000,HTS,WV,AEA,CE,Towers with Radar,15,2,11,0,28,5,0,73,0,78,20,2,84,0,106,92,0,92,198
02/08/2000,HTS,WV,AEA,CE,Towers with Radar,20,9,22,3,54,0,1,67,5,73,20,10,89,8,127,52,0,52,179
02/09/2000,HTS,WV,AEA,CE,Towers with Radar,22,9,17,0,48,0,1,117,0,118,22,10,134,0,166,62,0,62,228
02/10/2000,HTS,WV,AEA,CE,Towers with Radar,22,26,19,0,67,0,1,17,0,18,22,27,36,0,85,46,0,46,131
02/11/2000,HTS,WV,AEA,CE,Towers with Radar,19,19,19,0,57,0,0,10,0,10,19,19,29,0,67,14,0,14,81
02/12/2000,HTS,WV,AEA,CE,Towers with Radar,12,4,10,0,26,5,2,152,0,159,17,6,162,0,185,38,0,38,223
02/13/2000,HTS,WV,AEA,CE,Towers with Radar,24,8,14,0,46,0,0,2,0,2,24,8,16,0,48,4,0,4,52
02/14/2000,HTS,WV,AEA,CE,Towers with Radar,12,0,11,0,23,8,0,4,0,12,20,0,15,0,35,0,0,0,35
02/15/2000,HTS,WV,AEA,CE,Towers with Radar,23,7,12,1,43,0,0,32,0,32,23,7,44,1,75,96,0,96,171
02/16/2000,HTS,WV,AEA,CE,Towers with Radar,26,10,11,16,63,0,0,54,0,54,26,10,65,16,117,84,8,92,209
02/17/2000,HTS,WV,AEA,CE,Towers with Radar,30,8,23,0,61,0,0,69,0,69,30,8,92,0,130,100,0,100,230
02/18/2000,HTS,WV,AEA,CE,Towers with Radar,16,7,7,0,30,0,0,0,0,0,16,7,7,0,30,0,0,0,30
02/19/2000,HTS,WV,AEA,CE,Towers with Radar,10,10,10,0,30,0,0,8,0,8,10,10,18,0,38,0,0,0,38
02/20/2000,HTS,WV,AEA,CE,Towers with Radar,20,1,28,0,49,0,0,51,0,51,20,1,79,0,100,6,0,6,106
02/21/2000,HTS,WV,AEA,CE,Towers with Radar,23,7,17,0,47,0,4,68,0,72,23,11,85,0,119,38,0,38,157
02/22/2000,HTS,WV,AEA,CE,Towers with Radar,21,9,9,7,46,0,0,30,0,30,21,9,39,7,76,48,0,48,124
02/23/2000,HTS,WV,AEA,CE,Towers with Radar,22,17,15,6,60,0,0,62,0,62,22,17,77,6,122,78,0,78,200
02/24/2000,HTS,WV,AEA,CE,Towers with Radar,26,5,29,0,60,0,0,39,0,39,26,5,68,0,99,98,0,98,197
02/25/2000,HTS,WV,AEA,CE,Towers with Radar,22,10,34,2,68,0,0,70,0,70,22,10,104,2,138,73,0,73,211
02/26/2000,HTS,WV,AEA,CE,Towers with Radar,20,4,25,0,49,0,2,83,0,85,20,6,108,0,134,48,0,48,182
02/27/2000,HTS,WV,AEA,CE,Towers with Radar,17,3,13,0,33,1,0,0,0,1,18,3,13,0,34,0,0,0,34
02/28/2000,HTS,WV,AEA,CE,Towers with Radar,0,8,4,3,15,0,11,0,92,103,0,19,4,95,118,16,80,96,214
02/29/2000,HTS,WV,AEA,CE,Towers with Radar,0,7,7,1,15,0,15,0,52,67,0,22,7,53,82,0,54,54,136
03/01/2000,HTS,WV,AEA,CE,Towers with Radar,20,13,15,0,48,0,0,17,0,17,20,13,32,0,65,3,0,3,68
03/02/2000,HTS,WV,AEA,CE,Towers with Radar,22,11,24,0,57,0,0,28,0,28,22,11,52,0,85,52,0,52,137
03/03/2000,HTS,WV,AEA,CE,Towers with Radar,28,7,8,0,43,0,0,61,0,61,28,7,69,0,104,48,0,48,152
03/04/2000,HTS,WV,AEA,CE,Towers with Radar,29,4,19,0,52,0,0,118,0,118,29,4,137,0,170,74,0,74,244
03/05/2000,HTS,WV,AEA,CE,Towers with Radar,24,0,18,0,42,0,0,102,0,102,24,0,120,0,144,70,0,70,214
03/06/2000,HTS,WV,AEA,CE,Towers with Radar,28,4,15,0,47,0,0,82,0,82,28,4,97,0,129,112,0,112,241
03/07/2000,HTS,WV,AEA,CE,Towers with Radar,27,6,22,0,55,0,0,79,0,79,27,6,101,0,134,96,0,96,230
03/08/2000,HTS,WV,AEA,CE,Towers with Radar,27,7,17,4,55,0,0,89,0,89,27,7,106,4,144,110,0,110,254
03/09/2000,HTS,WV,AEA,CE,Towers with Radar,28,13,25,0,66,0,0,18,0,18,28,13,43,0,84,6,0,6,90
03/10/2000,HTS,WV,AEA,CE,Towers with Radar,26,21,22,0,69,0,0,67,0,67,26,21,89,0,136,100,0,100,236
03/11/2000,HTS,WV,AEA,CE,Towers with Radar,24,8,4,2,38,0,0,7,0,7,24,8,11,2,45,0,0,0,45
03/12/2000,HTS,WV,AEA,CE,Towers with Radar,26,1,12,0,39,0,0,25,0,25,26,1,37,0,64,20,0,20,84
03/13/2000,HTS,WV,AEA,CE,Towers with Radar,26,8,19,1,54,0,2,50,1,53,26,10,69,2,107,50,0,50,157
03/14/2000,HTS,WV,AEA,CE,Towers with Radar,29,7,19,1,56,0,0,34,3,37,29,7,53,4,93,38,0,38,131
03/15/2000,HTS,WV,AEA,CE,Towers with Radar,20,2,13,0,35,9,0,27,0,36,29,2,40,0,71,34,0,34,105
03/16/2000,HTS,WV,AEA,CE,Towers with Radar,24,14,6,0,44,0,0,13,0,13,24,14,19,0,57,0,0,0,57
03/17/2000,HTS,WV,AEA,CE,Towers with Radar,28,7,18,0,53,4,1,37,0,42,32,8,55,0,95,92,0,92,187
03/18/2000,HTS,WV,AEA,CE,Towers with Radar,23,6,15,0,44,3,1,122,0,126,26,7,137,0,170,64,0,64,234
03/19/2000,HTS,WV,AEA,CE,Towers with Radar,20,2,20,0,42,0,0,44,0,44,20,2,64,0,86,0,0,0,86
03/20/2000,HTS,WV,AEA,CE,Towers with Radar,20,2,9,0,31,0,0,6,0,6,20,2,15,0,37,0,0,0,37
03/21/2000,HTS,WV,AEA,CE,Towers with Radar,32,9,20,0,61,0,0,31,0,31,32,9,51,0,92,12,0,12,104
03/22/2000,HTS,WV,AEA,CE,Towers with Radar,25,11,17,0,53,0,0,49,0,49,25,11,66,0,102,36,10,46,148
03/23/2000,HTS,WV,AEA,CE,Towers with Radar,30,8,24,8,70,0,0,95,0,95,30,8,119,8,165,114,22,136,301
03/24/2000,HTS,WV,AEA,CE,Towers with Radar,26,6,26,0,58,0,0,100,0,100,26,6,126,0,158,92,0,92,250
03/25/2000,HTS,WV,AEA,CE,Towers with Radar,26,6,7,0,39,0,0,18,0,18,26,6,25,0,57,132,0,132,189
03/26/2000,HTS,WV,AEA,CE,Towers with Radar,29,1,16,0,46,0,0,98,0,98,29,1,114,0,144,82,0,82,226
03/27/2000,HTS,WV,AEA,CE,Towers with Radar,26,6,28,1,61,0,0,52,0,52,26,6,80,1,113,50,0,50,163
03/28/2000,HTS,WV,AEA,CE,Towers with Radar,22,13,11,1,47,0,0,36,0,36,22,13,47,1,83,0,0,0,83
03/29/2000,HTS,WV,AEA,CE,Towers with Radar,27,4,12,8,51,0,0,88,0,88,27,4,100,8,139,104,20,124,263
03/30/2000,HTS,WV,AEA,CE,Towers with Radar,29,10,31,5,75,0,0,83,0,83,29,10,114,5,158,50,0,50,208
03/31/2000,HTS,WV,AEA,CE,Towers with Radar,28,11,11,2,52,0,0,84,0,84,28,11,95,2,136,80,0,80,216
04/01/2000,HTS,WV,AEA,CE,Towers with Radar,27,3,11,21,62,0,1,75,1,77,27,4,86,22,139,128,20,148,287
04/02/2000,HTS,WV,AEA,CE,Towers with Radar,18,1,13,0,32,5,0,2,0,7,23,1,15,0,39,0,0,0,39
04/03/2000,HTS,WV,AEA,CE,Towers with Radar,23,2,19,0,44,0,2,27,0,29,23,4,46,0,73,44,0,44,117
04/04/2000,HTS,WV,AEA,CE,Towers with Radar,22,4,18,0,44,0,1,38,0,39,22,5,56,0,83,10,0,10,93
04/05/2000,HTS,WV,AEA,CE,Towers with Radar,27,8,21,5,61,0,0,70,0,70,27,8,91,5,131,86,0,86,217
04/06/2000,HTS,WV,AEA,CE,Towers with Radar,29,12,11,4,56,0,0,82,0,82,29,12,93,4,138,33,28,61,199
04/07/2000,HTS,WV,AEA,CE,Towers with Radar,25,5,15,0,45,0,0,47,0,47,25,5,62,0,92,12,0,12,104
04/08/2000,HTS,WV,AEA,CE,Towers with Radar,11,4,6,0,21,4,4,0,0,8,15,8,6,0,29,0,0,0,29
04/09/2000,HTS,WV,AEA,CE,Towers with Radar,20,0,10,2,32,0,0,29,0,29,20,0,39,2,61,20,0,20,81
04/10/2000,HTS,WV,AEA,CE,Towers with Radar,25,20,0,0,45,0,0,83,0,83,25,20,83,0,128,86,0,86,214
04/11/2000,HTS,WV,AEA,CE,Towers with Radar,27,11,26,0,64,0,0,9,0,9,27,11,35,0,73,4,0,4,77
04/12/2000,HTS,WV,AEA,CE,Towers with Radar,27,25,32,0,84,0,0,85,0,85,27,25,117,0,169,76,0,76,245
04/13/2000,HTS,WV,AEA,CE,Towers with Radar,27,5,23,1,56,0,0,54,4,58,27,5,77,5,114,76,0,76,190
04/14/2000,HTS,WV,AEA,CE,Towers with Radar,25,8,18,3,54,0,0,84,2,86,25,8,102,5,140,84,0,84,224
04/15/2000,HTS,WV,AEA,CE,Towers with Radar,23,8,19,1,51,0,0,115,1,116,23,8,134,2,167,128,0,128,295
04/16/2000,HTS,WV,AEA,CE,Towers with Radar,20,0,16,0,36,2,0,146,0,148,22,0,162,0,184,76,0,76,260
04/17/2000,HTS,WV,AEA,CE,Towers with Radar,27,3,26,0,56,0,0,5,0,5,27,3,31,0,61,14,0,14,75
04/18/2000,HTS,WV,AEA,CE,Towers with Radar,23,33,46,0,102,0,0,0,0,0,23,33,46,0,102,0,0,0,102
04/19/2000,HTS,WV,AEA,CE,Towers with Radar,24,36,29,1,90,0,0,131,1,132,24,36,160,2,222,0,0,0,222
04/20/2000,HTS,WV,AEA,CE,Towers with Radar,32,34,22,0,88,0,0,32,0,32,32,34,54,0,120,26,0,26,146
04/21/2000,HTS,WV,AEA,CE,Towers with Radar,25,10,22,1,58,0,3,8,1,12,25,13,30,2,70,0,0,0,70
04/22/2000,HTS,WV,AEA,CE,Towers with Radar,28,8,22,0,58,0,0,0,0,0,28,8,22,0,58,4,0,4,62
04/23/2000,HTS,WV,AEA,CE,Towers with Radar,22,0,11,1,34,0,0,104,0,104,22,0,115,1,138,24,0,24,162
04/24/2000,HTS,WV,AEA,CE,Towers with Radar,24,1,32,0,57,0,0,47,16,63,24,1,79,16,120,14,0,14,134
04/25/2000,HTS,WV,AEA,CE,Towers with Radar,25,15,14,2,56,0,0,41,4,45,25,15,55,6,101,44,10,54,155
04/26/2000,HTS,WV,AEA,CE,Towers with Radar,25,12,18,0,55,0,0,122,0,122,25,12,140,0,177,102,0,102,279
04/27/2000,HTS,WV,AEA,CE,Towers with Radar,24,8,27,0,59,0,0,105,0,105,24,8,132,0,164,120,0,120,284
04/28/2000,HTS,WV,AEA,CE,Towers with Radar,27,9,38,1,75,0,0,106,1,107,27,9,144,2,182,120,0,120,302
04/29/2000,HTS,WV,AEA,CE,Towers with Radar,22,5,27,0,54,0,0,72,0,72,22,5,99,0,126,82,0,82,208
04/30/2000,HTS,WV,AEA,CE,Towers with Radar,20,0,22,0,42,0,0,148,6,154,20,0,170,6,196,94,0,94,290
05/01/2000,HTS,WV,AEA,CE,Towers with Radar,24,4,23,0,51,1,1,64,0,66,25,5,87,0,117,56,0,56,173
05/02/2000,HTS,WV,AEA,CE,Towers with Radar,22,9,23,1,55,0,0,47,0,47,22,9,70,1,102,88,0,88,190
05/03/2000,HTS,WV,AEA,CE,Towers with Radar,27,10,16,0,53,0,0,111,0,111,27,10,127,0,164,88,0,88,252
05/04/2000,HTS,WV,AEA,CE,Towers with Radar,27,11,20,0,58,0,0,104,0,104,27,11,124,0,162,72,0,72,234
05/05/2000,HTS,WV,AEA,CE,Towers with Radar,26,11,26,0,63,0,0,107,0,107,26,11,133,0,170,80,0,80,250
05/06/2000,HTS,WV,AEA,CE,Towers with Radar,16,5,14,0,35,0,6,167,5,178,16,11,181,5,213,80,0,80,293
05/07/2000,HTS,WV,AEA,CE,Towers with Radar,17,2,12,0,31,5,0,73,1,79,22,2,85,1,110,63,0,63,173
05/08/2000,HTS,WV,AEA,CE,Towers with Radar,20,1,15,0,36,0,0,59,2,61,20,1,74,2,97,14,0,14,111
05/09/2000,HTS,WV,AEA,CE,Towers with Radar,28,9,24,0,61,0,0,85,0,85,28,9,109,0,146,40,0,40,186
05/10/2000,HTS,WV,AEA,CE,Towers with Radar,26,13,17,3,59,0,0,66,1,67,26,13,83,4,126,46,0,46,172
05/11/2000,HTS,WV,AEA,CE,Towers with Radar,26,7,21,0,54,0,0,112,0,112,26,7,133,0,166,106,0,106,272
05/12/2000,HTS,WV,AEA,CE,Towers with Radar,27,7,24,0,58,0,0,46,0,46,27,7,70,0,104,114,0,114,218
05/13/2000,HTS,WV,AEA,CE,Towers with Radar,18,5,11,0,34,0,0,56,0,56,18,5,67,0,90,22,0,22,112
05/14/2000,HTS,WV,AEA,CE,Towers with Radar,23,1,17,4,45,0,0,83,0,83,23,1,100,4,128,72,0,72,200
05/15/2000,HTS,WV,AEA,CE,Towers with Radar,42,6,12,0,60,0,0,63,5,68,42,6,75,5,128,82,0,82,210
05/16/2000,HTS,WV,AEA,CE,Towers with Radar,27,8,23,0,58,0,2,48,0,50,27,10,71,0,108,78,0,78,186
05/17/2000,HTS,WV,AEA,CE,Towers with Radar,27,10,36,0,73,0,2,53,8,63,27,12,89,8,136,88,0,88,224
05/18/2000,HTS,WV,AEA,CE,Towers with Radar,28,14,29,0,71,0,0,57,0,57,28,14,86,0,128,44,0,44,172
05/19/2000,HTS,WV,AEA,CE,Towers with Radar,21,14,16,0,51,0,0,26,0,26,21,14,42,0,77,0,0,0,77
05/20/2000,HTS,WV,AEA,CE,Towers with Radar,20,5,12,0,37,0,0,50,0,50,20,5,62,0,87,30,0,30,117
05/21/2000,HTS,WV,AEA,CE,Towers with Radar,21,1,13,0,35,0,0,37,0,37,21,1,50,0,72,10,0,10,82
05/22/2000,HTS,WV,AEA,CE,Towers with Radar,24,1,22,5,52,0,2,36,0,38,24,3,58,5,90,10,0,10,100
05/23/2000,HTS,WV,AEA,CE,Towers with Radar,20,1,9,2,32,0,0,16,0,16,20,1,25,2,48,0,0,0,48
05/24/2000,HTS,WV,AEA,CE,Towers with Radar,22,9,20,0,51,0,0,29,0,29,22,9,49,0,80,18,0,18,98
05/25/2000,HTS,WV,AEA,CE,Towers with Radar,27,10,25,2,64,0,0,109,0,109,27,10,134,2,173,38,0,38,211
05/26/2000,HTS,WV,AEA,CE,Towers with Radar,26,6,20,2,54,0,0,75,0,75,26,6,95,2,129,92,0,92,221
05/27/2000,HTS,WV,AEA,CE,Towers with Radar,21,5,11,0,37,0,0,23,0,23,21,5,34,0,60,0,0,0,60
05/28/2000,HTS,WV,AEA,CE,Towers with Radar,10,0,8,0,18,8,0,8,0,16,18,0,16,0,34,0,0,0,34
05/29/2000,HTS,WV,AEA,CE,Towers with Radar,24,0,18,0,42,0,0,0,0,0,24,0,18,0,42,0,0,0,42
05/30/2000,HTS,WV,AEA,CE,Towers with Radar,21,4,17,1,43,0,0,72,0,72,21,4,89,1,115,54,0,54,169
05/31/2000,HTS,WV,AEA,CE,Towers with Radar,28,27,20,13,88,0,0,102,0,102,28,27,122,13,190,102,0,102,292
06/01/2000,HTS,WV,AEA,CE,Towers with Radar,0,0,25,0,25,0,0,84,0,84,0,0,109,0,109,76,0,76,185
06/02/2000,HTS,WV,AEA,CE,Towers with Radar,0,15,22,0,37,0,0,47,0,47,0,15,69,0,84,81,0,81,165
06/03/2000,HTS,WV,AEA,CE,Towers with Radar,25,8,15,0,48,0,0,145,0,145,25,8,160,0,193,56,0,56,249
06/04/2000,HTS,WV,AEA,CE,Towers with Radar,16,0,12,0,28,6,0,110,2,118,22,0,122,2,146,12,0,12,158
06/05/2000,HTS,WV,AEA,CE,Towers with Radar,25,20,7,0,52,0,0,33,0,33,25,20,40,0,85,80,0,80,165
06/06/2000,HTS,WV,AEA,CE,Towers with Radar,25,12,27,5,69,0,0,31,0,31,25,12,58,5,100,28,0,28,128
06/07/2000,HTS,WV,AEA,CE,Towers with Radar,27,16,18,1,62,0,0,116,2,118,27,16,134,3,180,59,0,59,239
06/08/2000,HTS,WV,AEA,CE,Towers with Radar,27,8,16,0,51,0,0,60,0,60,27,8,76,0,111,78,0,78,189
06/09/2000,HTS,WV,AEA,CE,Towers with Radar,25,10,20,0,55,0,0,150,0,150,25,10,170,0,205,72,0,72,277
06/10/2000,HTS,WV,AEA,CE,Towers with Radar,20,8,12,0,40,0,0,78,0,78,20,8,90,0,118,41,0,41,159
06/11/2000,HTS,WV,AEA,CE,Towers with Radar,21,2,22,0,45,0,0,68,0,68,21,2,90,0,113,78,0,78,191
06/12/2000,HTS,WV,AEA,CE,Towers with Radar,24,1,21,2,48,0,0,63,0,63,24,1,84,2,111,38,0,38,149
06/13/2000,HTS,WV,AEA,CE,Towers with Radar,29,11,24,1,65,0,0,71,0,71,29,11,95,1,136,64,0,64,200
06/14/2000,HTS,WV,AEA,CE,Towers with Radar,26,10,19,3,58,0,0,41,0,41,26,10,60,3,99,30,0,30,129
06/15/2000,HTS,WV,AEA,CE,Towers with Radar,18,9,14,0,41,0,0,17,0,17,18,9,31,0,58,0,0,0,58
06/16/2000,HTS,WV,AEA,CE,Towers with Radar,27,10,24,0,61,0,0,36,0,36,27,10,60,0,97,48,0,48,145
06/17/2000,HTS,WV,AEA,CE,Towers with Radar,21,0,9,0,30,2,0,26,0,28,23,0,35,0,58,0,0,0,58
06/18/2000,HTS,WV,AEA,CE,Towers with Radar,23,1,26,0,50,0,1,2,0,3,23,2,28,0,53,20,0,20,73
06/19/2000,HTS,WV,AEA,CE,Towers with Radar,22,8,17,1,48,3,0,38,4,45,25,8,55,5,93,10,0,10,103
06/20/2000,HTS,WV,AEA,CE,Towers with Radar,23,9,38,0,70,0,0,13,0,13,23,9,51,0,83,46,0,46,129
06/21/2000,HTS,WV,AEA,CE,Towers with Radar,23,9,23,0,55,0,0,28,0,28,23,9,51,0,83,42,0,42,125
06/22/2000,HTS,WV,AEA,CE,Towers with Radar,26,9,36,0,71,0,0,52,0,52,26,9,88,0,123,84,0,84,207
06/23/2000,HTS,WV,AEA,CE,Towers with Radar,27,9,26,4,66,0,0,118,0,118,27,9,144,4,184,54,0,54,238
06/24/2000,HTS,WV,AEA,CE,Towers with Radar,19,6,18,0,43,0,12,122,0,134,19,18,140,0,177,84,0,84,261
06/25/2000,HTS,WV,AEA,CE,Towers with Radar,21,13,0,2,36,0,0,68,0,68,21,13,68,2,104,6,0,6,110
06/26/2000,HTS,WV,AEA,CE,Towers with Radar,20,5,13,0,38,0,5,46,0,51,20,10,59,0,89,18,0,18,107
06/27/2000,HTS,WV,AEA,CE,Towers with Radar,21,8,8,0,37,3,7,0,0,10,24,15,8,0,47,6,0,6,53
06/28/2000,HTS,WV,AEA,CE,Towers with Radar,27,14,24,0,65,0,0,48,0,48,27,14,72,0,113,16,0,16,129
06/29/2000,HTS,WV,AEA,CE,Towers with Radar,26,13,15,2,56,0,0,30,0,30,26,13,45,2,86,78,0,78,164
06/30/2000,HTS,WV,AEA,CE,Towers with Radar,26,5,27,4,62,0,3,64,3,70,26,8,91,7,132,74,0,74,206
07/01/2000,HTS,WV,AEA,CE,Towers with Radar,23,7,27,0,57,1,0,104,0,105,24,7,131,0,162,120,0,120,282
07/02/2000,HTS,WV,AEA,CE,Towers with Radar,22,1,15,0,38,0,0,85,0,85,22,1,100,0,123,26,0,26,149
07/03/2000,HTS,WV,AEA,CE,Towers with Radar,14,9,17,0,40,0,10,84,0,94,14,19,101,0,134,30,0,30,164
07/04/2000,HTS,WV,AEA,CE,Towers with Radar,21,0,14,0,35,0,0,34,0,34,21,0,48,0,69,10,0,10,79
07/05/2000,HTS,WV,AEA,CE,Towers with Radar,24,3,29,0,56,0,0,1,0,1,24,3,30,0,57,0,0,0,57
07/06/2000,HTS,WV,AEA,CE,Towers with Radar,20,12,26,0,58,1,0,83,0,84,21,12,109,0,142,66,0,66,208
07/07/2000,HTS,WV,AEA,CE,Towers with Radar,27,11,20,0,58,0,0,69,0,69,27,11,89,0,127,70,0,70,197
07/08/2000,HTS,WV,AEA,CE,Towers with Radar,19,9,15,0,43,4,6,89,4,103,23,15,104,4,146,112,0,112,258
07/09/2000,HTS,WV,AEA,CE,Towers with Radar,22,1,17,0,40,0,0,76,0,76,22,1,93,0,116,54,0,54,170
07/10/2000,HTS,WV,AEA,CE,Towers with Radar,22,4,10,3,39,0,0,29,0,29,22,4,39,3,68,50,0,50,118
07/11/2000,HTS,WV,AEA,CE,Towers with Radar,39,39,14,0,92,0,0,4,0,4,39,39,18,0,96,0,0,0,96
07/12/2000,HTS,WV,AEA,CE,Towers with Radar,28,16,20,0,64,0,0,31,0,31,28,16,51,0,95,66,0,66,161
07/13/2000,HTS,WV,AEA,CE,Towers with Radar,30,19,21,0,70,0,0,36,0,36,30,19,57,0,106,42,0,42,148
07/14/2000,HTS,WV,AEA,CE,Towers with Radar,23,7,23,0,53,0,0,25,0,25,23,7,48,0,78,42,0,42,120
07/15/2000,HTS,WV,AEA,CE,Towers with Radar,28,5,11,4,48,0,0,55,0,55,28,5,66,4,103,80,0,80,183
07/16/2000,HTS,WV,AEA,CE,Towers with Radar,23,0,27,3,53,0,0,63,1,64,23,0,90,4,117,42,0,42,159
07/17/2000,HTS,WV,AEA,CE,Towers with Radar,24,9,31,0,64,0,0,63,0,63,24,9,94,0,127,72,0,72,199
07/18/2000,HTS,WV,AEA,CE,Towers with Radar,34,8,34,0,76,0,0,35,0,35,34,8,69,0,111,64,0,64,175
07/19/2000,HTS,WV,AEA,CE,Towers with Radar,28,16,21,0,65,0,0,3,0,3,28,16,24,0,68,0,0,0,68
07/20/2000,HTS,WV,AEA,CE,Towers with Radar,22,71,29,4,126,0,0,71,0,71,22,71,100,4,197,102,0,102,299
07/21/2000,HTS,WV,AEA,CE,Towers with Radar,26,5,8,0,39,0,12,38,0,50,26,17,46,0,89,34,0,34,123
07/22/2000,HTS,WV,AEA,CE,Towers with Radar,22,6,13,0,41,0,12,82,0,94,22,18,95,0,135,40,0,40,175
07/23/2000,HTS,WV,AEA,CE,Towers with Radar,22,0,15,2,39,0,3,71,0,74,22,3,86,2,113,56,0,56,169
07/24/2000,HTS,WV,AEA,CE,Towers with Radar,24,7,21,0,52,0,3,41,0,44,24,10,62,0,96,14,0,14,110
07/25/2000,HTS,WV,AEA,CE,Towers with Radar,27,16,49,1,93,0,5,89,4,98,27,21,138,5,191,124,0,124,315
07/26/2000,HTS,WV,AEA,CE,Towers with Radar,26,11,30,2,69,0,1,48,2,51,26,12,78,4,120,30,0,30,150
07/27/2000,HTS,WV,AEA,CE,Towers with Radar,22,13,19,0,54,0,0,38,0,38,22,13,57,0,92,34,0,34,126
07/28/2000,HTS,WV,AEA,CE,Towers with Radar,29,10,26,0,65,0,0,45,0,45,29,10,71,0,110,14,0,14,124
07/29/2000,HTS,WV,AEA,CE,Towers with Radar,20,5,6,0,31,0,0,4,0,4,20,5,10,0,35,12,0,12,47
07/30/2000,HTS,WV,AEA,CE,Towers with Radar,16,0,15,0,31,0,0,26,0,26,16,0,41,0,57,32,0,32,89
07/31/2000,HTS,WV,AEA,CE,Towers with Radar,26,9,15,3,53,0,0,11,0,11,26,9,26,3,64,2,0,2,66
08/01/2000,HTS,WV,AEA,CE,Towers with Radar,26,14,18,0,58,0,1,13,0,14,26,15,31,0,72,62,0,62,134
08/02/2000,HTS,WV,AEA,CE,Towers with Radar,26,9,27,11,73,0,1,42,9,52,26,10,69,20,125,62,0,62,187
08/03/2000,HTS,WV,AEA,CE,Towers with Radar,27,18,14,1,60,0,4,19,6,29,27,22,33,7,89,56,16,72,161
08/04/2000,HTS,WV,AEA,CE,Towers with Radar,23,13,31,0,67,0,0,32,6,38,23,13,63,6,105,10,0,10,115
08/05/2000,HTS,WV,AEA,CE,Towers with Radar,23,11,22,4,60,0,9,146,0,155,23,20,168,4,215,96,0,96,311
08/06/2000,HTS,WV,AEA,CE,Towers with Radar,25,14,17,2,58,0,10,37,1,48,25,24,54,3,106,36,0,36,142
08/07/2000,HTS,WV,AEA,CE,Towers with Radar,22,9,14,0,45,0,12,12,1,25,22,21,26,1,70,52,0,52,122
08/08/2000,HTS,WV,AEA,CE,Towers with Radar,27,15,13,0,55,0,6,14,0,20,27,21,27,0,75,6,0,6,81
08/09/2000,HTS,WV,AEA,CE,Towers with Radar,26,11,20,2,59,0,0,62,0,62,26,11,82,2,121,20,0,20,141
08/10/2000,HTS,WV,AEA,CE,Towers with Radar,26,11,23,0,60,0,0,35,0,35,26,11,58,0,95,48,0,48,143
08/11/2000,HTS,WV,AEA,CE,Towers with Radar,27,16,33,0,76,0,0,82,0,82,27,16,115,0,158,34,0,34,192
08/12/2000,HTS,WV,AEA,CE,Towers with Radar,17,5,15,0,37,5,0,87,0,92,22,5,102,0,129,56,0,56,185
08/13/2000,HTS,WV,AEA,CE,Towers with Radar,28,4,25,0,57,0,0,64,0,64,28,4,89,0,121,20,0,20,141
08/14/2000,HTS,WV,AEA,CE,Towers with Radar,24,8,32,0,64,0,0,66,0,66,24,8,98,0,130,88,0,88,218
08/15/2000,HTS,WV,AEA,CE,Towers with Radar,23,11,23,0,57,0,0,55,0,55,23,11,78,0,112,62,0,62,174
08/16/2000,HTS,WV,AEA,CE,Towers with Radar,27,10,31,2,70,0,0,75,1,76,27,10,106,3,146,66,0,66,212
08/17/2000,HTS,WV,AEA,CE,Towers with Radar,20,13,25,2,60,0,1,81,0,82,20,14,106,2,142,28,0,28,170
08/18/2000,HTS,WV,AEA,CE,Towers with Radar,29,14,23,2,68,0,0,29,0,29,29,14,52,2,97,22,0,22,119
08/19/2000,HTS,WV,AEA,CE,Towers with Radar,17,3,18,0,38,0,0,102,0,102,17,3,120,0,140,82,0,82,222
08/20/2000,HTS,WV,AEA,CE,Towers with Radar,23,2,14,0,39,0,17,63,0,80,23,19,77,0,119,50,0,50,169
08/21/2000,HTS,WV,AEA,CE,Towers with Radar,25,6,22,0,53,0,0,107,0,107,25,6,129,0,160,48,0,48,208
08/22/2000,HTS,WV,AEA,CE,Towers with Radar,31,11,23,0,65,0,0,91,0,91,31,11,114,0,156,87,0,87,243
08/23/2000,HTS,WV,AEA,CE,Towers with Radar,26,13,20,0,59,0,0,17,0,17,26,13,37,0,76,8,0,8,84
08/24/2000,HTS,WV,AEA,CE,Towers with Radar,23,11,21,0,55,0,0,2,0,2,23,11,23,0,57,0,0,0,57
08/25/2000,HTS,WV,AEA,CE,Towers with Radar,26,8,24,1,59,0,0,37,0,37,26,8,61,1,96,18,0,18,114
08/26/2000,HTS,WV,AEA,CE,Towers with Radar,19,7,11,5,42,0,0,33,0,33,19,7,44,5,75,58,0,58,133
08/27/2000,HTS,WV,AEA,CE,Towers with Radar,19,0,8,2,29,0,0,40,0,40,19,0,48,2,69,60,0,60,129
08/28/2000,HTS,WV,AEA,CE,Towers with Radar,20,7,18,2,47,0,0,37,0,37,20,7,55,2,84,28,0,28,112
08/29/2000,HTS,WV,AEA,CE,Towers with Radar,24,18,42,0,84,0,1,56,0,57,24,19,98,0,141,61,0,61,202
08/30/2000,HTS,WV,AEA,CE,Towers with Radar,27,14,31,15,87,2,0,75,2,79,29,14,106,17,166,74,0,74,240
08/31/2000,HTS,WV,AEA,CE,Towers with Radar,23,14,24,0,61,0,5,88,0,93,23,19,112,0,154,0,40,40,194
09/01/2000,HTS,WV,AEA,CE,Towers with Radar,27,13,29,1,70,0,5,28,0,33,27,18,57,1,103,0,0,0,103
09/02/2000,HTS,WV,AEA,CE,Towers with Radar,25,5,10,0,40,1,0,7,0,8,26,5,17,0,48,0,0,0,48
09/03/2000,HTS,WV,AEA,CE,Towers with Radar,16,1,9,0,26,1,0,6,0,7,17,1,15,0,33,0,0,0,33
09/04/2000,HTS,WV,AEA,CE,Towers with Radar,27,1,9,0,37,1,0,7,4,12,28,1,16,4,49,0,0,0,49
09/05/2000,HTS,WV,AEA,CE,Towers with Radar,21,8,19,0,48,1,0,43,0,44,22,8,62,0,92,28,0,28,120
09/06/2000,HTS,WV,AEA,CE,Towers with Radar,19,6,21,10,56,0,0,57,1,58,19,6,78,11,114,93,0,93,207
09/07/2000,HTS,WV,AEA,CE,Towers with Radar,30,14,23,0,67,1,0,54,0,55,31,14,77,0,122,68,0,68,190
09/08/2000,HTS,WV,AEA,CE,Towers with Radar,26,17,17,0,60,1,0,13,0,14,27,17,30,0,74,8,0,8,82
09/09/2000,HTS,WV,AEA,CE,Towers with Radar,23,9,40,0,72,0,0,62,0,62,23,9,102,0,134,0,0,0,134
09/10/2000,HTS,WV,AEA,CE,Towers with Radar,27,5,32,0,64,0,0,45,0,45,27,5,77,0,109,20,0,20,129
09/11/2000,HTS,WV,AEA,CE,Towers with Radar,26,6,15,2,49,0,0,19,0,19,26,6,34,2,68,36,0,36,104
09/12/2000,HTS,WV,AEA,CE,Towers with Radar,25,14,24,0,63,0,0,9,0,9,25,14,33,0,72,0,0,0,72
09/13/2000,HTS,WV,AEA,CE,Towers with Radar,26,11,27,0,64,0,4,50,0,54,26,15,77,0,118,50,0,50,168
09/14/2000,HTS,WV,AEA,CE,Towers with Radar,25,12,26,0,63,0,0,30,0,30,25,12,56,0,93,28,0,28,121
09/15/2000,HTS,WV,AEA,CE,Towers with Radar,24,14,15,2,55,0,0,28,0,28,24,14,43,2,83,28,0,28,111
09/16/2000,HTS,WV,AEA,CE,Towers with Radar,22,4,10,0,36,0,0,0,0,0,22,4,10,0,36,48,0,48,84
09/17/2000,HTS,WV,AEA,CE,Towers with Radar,21,0,14,4,39,0,0,62,0,62,21,0,76,4,101,76,0,76,177
09/18/2000,HTS,WV,AEA,CE,Towers with Radar,24,7,20,0,51,0,0,58,0,58,24,7,78,0,109,58,0,58,167
09/19/2000,HTS,WV,AEA,CE,Towers with Radar,27,12,18,0,57,0,0,62,0,62,27,12,80,0,119,74,0,74,193
09/20/2000,HTS,WV,AEA,CE,Towers with Radar,25,12,24,0,61,0,0,27,0,27,25,12,51,0,88,16,0,16,104
09/21/2000,HTS,WV,AEA,CE,Towers with Radar,19,17,27,0,63,0,0,47,0,47,19,17,74,0,110,34,0,34,144
09/22/2000,HTS,WV,AEA,CE,Towers with Radar,28,14,28,0,70,0,0,43,0,43,28,14,71,0,113,46,0,46,159
09/23/2000,HTS,WV,AEA,CE,Towers with Radar,21,5,18,0,44,0,0,79,2,81,21,5,97,2,125,76,0,76,201
09/24/2000,HTS,WV,AEA,CE,Towers with Radar,20,0,23,2,45,0,0,15,0,15,20,0,38,2,60,6,0,6,66
09/25/2000,HTS,WV,AEA,CE,Towers with Radar,21,8,14,2,45,0,0,0,0,0,21,8,14,2,45,0,0,0,45
09/26/2000,HTS,WV,AEA,CE,Towers with Radar,27,19,42,0,88,0,0,37,0,37,27,19,79,0,125,42,0,42,167
09/27/2000,HTS,WV,AEA,CE,Towers with Radar,24,10,20,9,63,0,0,66,0,66,24,10,86,9,129,46,4,50,179
09/28/2000,HTS,WV,AEA,CE,Towers with Radar,26,14,27,0,67,0,0,31,0,31,26,14,58,0,98,32,0,32,130
09/29/2000,HTS,WV,AEA,CE,Towers with Radar,26,18,32,0,76,0,0,82,0,82,26,18,114,0,158,54,0,54,212
09/30/2000,HTS,WV,AEA,CE,Towers with Radar,16,6,15,0,37,3,0,181,0,184,19,6,196,0,221,58,0,58,279
10/01/2000,HTS,WV,AEA,CE,Towers with Radar,21,3,11,1,36,1,0,58,0,59,22,3,69,1,95,58,0,58,153
10/02/2000,HTS,WV,AEA,CE,Towers with Radar,25,6,7,2,40,2,0,50,0,52,27,6,57,2,92,42,0,42,134
10/03/2000,HTS,WV,AEA,CE,Towers with Radar,26,13,18,0,57,2,0,66,0,68,28,13,84,0,125,38,0,38,163
10/04/2000,HTS,WV,AEA,CE,Towers with Radar,35,12,18,1,66,2,0,48,1,51,37,12,66,2,117,10,0,10,127
10/05/2000,HTS,WV,AEA,CE,Towers with Radar,52,10,20,0,82,2,0,36,0,38,54,10,56,0,120,18,0,18,138
10/06/2000,HTS,WV,AEA,CE,Towers with Radar,25,21,18,0,64,2,0,30,0,32,27,21,48,0,96,0,0,0,96
10/07/2000,HTS,WV,AEA,CE,Towers with Radar,23,10,8,0,41,2,0,52,0,54,25,10,60,0,95,72,0,72,167
10/08/2000,HTS,WV,AEA,CE,Towers with Radar,20,9,21,0,50,2,0,42,0,44,22,9,63,0,94,32,0,32,126
10/09/2000,HTS,WV,AEA,CE,Towers with Radar,20,3,17,0,40,2,0,31,0,33,22,3,48,0,73,18,0,18,91
10/10/2000,HTS,WV,AEA,CE,Towers with Radar,23,14,19,4,60,2,11,53,4,70,25,25,72,8,130,50,0,50,180
10/11/2000,HTS,WV,AEA,CE,Towers with Radar,24,12,26,1,63,0,8,42,8,58,24,20,68,9,121,64,0,64,185
10/12/2000,HTS,WV,AEA,CE,Towers with Radar,26,11,25,0,62,2,0,78,0,80,28,11,103,0,142,50,0,50,192
10/13/2000,HTS,WV,AEA,CE,Towers with Radar,25,14,21,0,60,2,0,101,0,103,27,14,122,0,163,60,0,60,223
10/14/2000,HTS,WV,AEA,CE,Towers with Radar,23,5,20,4,52,2,0,41,0,43,25,5,61,4,95,79,10,89,184
10/15/2000,HTS,WV,AEA,CE,Towers with Radar,22,0,13,0,35,2,0,55,0,57,24,0,68,0,92,44,0,44,136
10/16/2000,HTS,WV,AEA,CE,Towers with Radar,24,9,17,0,50,1,0,28,0,29,25,9,45,0,79,34,0,34,113
10/17/2000,HTS,WV,AEA,CE,Towers with Radar,26,11,32,1,70,15,0,0,0,15,41,11,32,1,85,16,0,16,101
10/18/2000,HTS,WV,AEA,CE,Towers with Radar,28,13,31,0,72,1,0,55,0,56,29,13,86,0,128,12,0,12,140
10/19/2000,HTS,WV,AEA,CE,Towers with Radar,28,10,14,0,52,1,0,99,0,100,29,10,113,0,152,42,0,42,194
10/20/2000,HTS,WV,AEA,CE,Towers with Radar,30,12,26,0,68,1,0,69,1,71,31,12,95,1,139,24,0,24,163
10/21/2000,HTS,WV,AEA,CE,Towers with Radar,23,8,20,1,52,1,0,118,0,119,24,8,138,1,171,26,0,26,197
10/22/2000,HTS,WV,AEA,CE,Towers with Radar,22,0,20,0,42,1,0,48,2,51,23,0,68,2,93,30,0,30,123
10/23/2000,HTS,WV,AEA,CE,Towers with Radar,25,5,17,0,47,0,2,66,0,68,25,7,83,0,115,64,0,64,179
10/24/2000,HTS,WV,AEA,CE,Towers with Radar,28,33,26,0,87,0,1,15,0,16,28,34,41,0,103,28,0,28,131
10/25/2000,HTS,WV,AEA,CE,Towers with Radar,22,6,40,0,68,0,1,60,0,61,22,7,100,0,129,54,0,54,183
10/26/2000,HTS,WV,AEA,CE,Towers with Radar,29,26,12,0,67,0,21,79,0,100,29,47,91,0,167,56,0,56,223
10/27/2000,HTS,WV,AEA,CE,Towers with Radar,29,16,39,1,85,0,0,73,1,74,29,16,112,2,159,104,0,104,263
10/28/2000,HTS,WV,AEA,CE,Towers with Radar,23,6,20,0,49,0,0,59,0,59,23,6,79,0,108,24,0,24,132
10/29/2000,HTS,WV,AEA,CE,Towers with Radar,22,0,20,2,44,0,0,135,0,135,22,0,155,2,179,108,0,108,287
10/30/2000,HTS,WV,AEA,CE,Towers with Radar,23,7,9,2,41,0,0,42,2,44,23,7,51,4,85,26,0,26,111
10/31/2000,HTS,WV,AEA,CE,Towers with Radar,25,12,35,2,74,0,0,56,0,56,25,12,91,2,130,36,0,36,166
11/01/2000,HTS,WV,AEA,CE,Towers with Radar,28,11,23,17,79,0,0,77,0,77,28,11,100,17,156,62,0,62,218
11/02/2000,HTS,WV,AEA,CE,Towers with Radar,25,14,25,5,69,0,0,49,0,49,25,14,74,5,118,32,0,32,150
11/03/2000,HTS,WV,AEA,CE,Towers with Radar,28,14,31,3,76,0,0,5,3,8,28,14,36,6,84,40,0,40,124
11/04/2000,HTS,WV,AEA,CE,Towers with Radar,24,6,13,5,48,0,0,35,3,38,24,6,48,8,86,18,0,18,104
11/05/2000,HTS,WV,AEA,CE,Towers with Radar,26,0,17,0,43,0,0,94,1,95,26,0,111,1,138,78,0,78,216
11/06/2000,HTS,WV,AEA,CE,Towers with Radar,29,8,31,3,71,0,2,36,4,42,29,10,67,7,113,40,0,40,153
11/07/2000,HTS,WV,AEA,CE,Towers with Radar,24,14,18,9,65,0,1,15,0,16,24,15,33,9,81,4,0,4,85
11/08/2000,HTS,WV,AEA,CE,Towers with Radar,28,8,27,0,63,0,0,6,3,9,28,8,33,3,72,0,0,0,72
11/09/2000,HTS,WV,AEA,CE,Towers with Radar,24,7,12,0,43,0,4,0,0,4,24,11,12,0,47,0,0,0,47
11/10/2000,HTS,WV,AEA,CE,Towers with Radar,27,10,27,0,64,0,5,15,0,20,27,15,42,0,84,0,0,0,84
11/11/2000,HTS,WV,AEA,CE,Towers with Radar,22,4,11,1,38,0,0,58,0,58,22,4,69,1,96,36,0,36,132
11/12/2000,HTS,WV,AEA,CE,Towers with Radar,23,7,27,0,57,0,0,73,0,73,23,7,100,0,130,46,0,46,176
11/13/2000,HTS,WV,AEA,CE,Towers with Radar,24,4,20,0,48,6,0,6,0,12,30,4,26,0,60,0,0,0,60
11/14/2000,HTS,WV,AEA,CE,Towers with Radar,27,10,20,0,57,0,0,16,0,16,27,10,36,0,73,26,0,26,99
11/15/2000,HTS,WV,AEA,CE,Towers with Radar,26,8,27,0,61,0,0,43,0,43,26,8,70,0,104,60,0,60,164
11/16/2000,HTS,WV,AEA,CE,Towers with Radar,27,8,17,0,52,0,0,26,0,26,27,8,43,0,78,18,0,18,96
11/17/2000,HTS,WV,AEA,CE,Towers with Radar,25,23,21,0,69,0,0,11,0,11,25,23,32,0,80,4,0,4,84
11/18/2000,HTS,WV,AEA,CE,Towers with Radar,23,4,15,0,42,0,0,38,0,38,23,4,53,0,80,32,0,32,112
11/19/2000,HTS,WV,AEA,CE,Towers with Radar,22,0,12,0,34,0,12,42,0,54,22,12,54,0,88,32,0,32,120
11/20/2000,HTS,WV,AEA,CE,Towers with Radar,23,3,13,0,39,0,4,12,0,16,23,7,25,0,55,3,0,3,58
11/21/2000,HTS,WV,AEA,CE,Towers with Radar,24,13,25,0,62,0,0,18,0,18,24,13,43,0,80,0,0,0,80
11/22/2000,HTS,WV,AEA,CE,Towers with Radar,26,9,24,0,59,0,5,60,0,65,26,14,84,0,124,4,0,4,128
11/23/2000,HTS,WV,AEA,CE,Towers with Radar,11,2,10,0,23,10,0,14,0,24,21,2,24,0,47,28,0,28,75
11/24/2000,HTS,WV,AEA,CE,Towers with Radar,15,5,11,1,32,0,0,73,0,73,15,5,84,1,105,72,0,72,177
11/25/2000,HTS,WV,AEA,CE,Towers with Radar,23,4,22,0,49,0,0,12,0,12,23,4,34,0,61,24,0,24,85
11/26/2000,HTS,WV,AEA,CE,Towers with Radar,26,1,16,0,43,0,5,19,0,24,26,6,35,0,67,0,0,0,67
11/27/2000,HTS,WV,AEA,CE,Towers with Radar,23,3,18,0,44,0,0,24,0,24,23,3,42,0,68,44,0,44,112
11/28/2000,HTS,WV,AEA,CE,Towers with Radar,27,9,47,0,83,0,0,33,0,33,27,9,80,0,116,0,0,0,116
11/29/2000,HTS,WV,AEA,CE,Towers with Radar,26,9,22,0,57,0,0,16,0,16,26,9,38,0,73,10,0,10,83
11/30/2000,HTS,WV,AEA,CE,Towers with Radar,34,11,27,0,72,0,0,17,0,17,34,11,44,0,89,0,0,0,89
12/01/2000,HTS,WV,AEA,CE,Towers with Radar,23,5,24,0,52,1,0,30,0,31,24,5,54,0,83,24,0,24,107
12/02/2000,HTS,WV,AEA,CE,Towers with Radar,23,7,17,8,55,0,1,34,1,36,23,8,51,9,91,0,0,0,91
12/03/2000,HTS,WV,AEA,CE,Towers with Radar,21,0,14,0,35,0,7,34,0,41,21,7,48,0,76,72,0,72,148
12/04/2000,HTS,WV,AEA,CE,Towers with Radar,25,21,3,6,55,0,1,71,7,79,25,22,74,13,134,50,14,64,198
12/05/2000,HTS,WV,AEA,CE,Towers with Radar,29,26,8,3,66,0,1,2,24,27,29,27,10,27,93,26,0,26,119
12/06/2000,HTS,WV,AEA,CE,Towers with Radar,29,14,23,0,66,0,32,8,0,40,29,46,31,0,106,38,0,38,144
12/07/2000,HTS,WV,AEA,CE,Towers with Radar,27,25,19,13,84,0,2,24,1,27,27,27,43,14,111,46,0,46,157
12/08/2000,HTS,WV,AEA,CE,Towers with Radar,27,25,16,1,69,0,1,25,1,27,27,26,41,2,96,40,0,40,136
12/09/2000,HTS,WV,AEA,CE,Towers with Radar,20,4,20,0,44,0,1,26,0,27,20,5,46,0,71,24,0,24,95
12/10/2000,HTS,WV,AEA,CE,Towers with Radar,21,0,11,0,32,0,0,3,0,3,21,0,14,0,35,0,0,0,35
12/11/2000,HTS,WV,AEA,CE,Towers with Radar,23,6,11,0,40,0,1,12,0,13,23,7,23,0,53,0,0,0,53
12/12/2000,HTS,WV,AEA,CE,Towers with Radar,27,12,16,7,62,0,1,12,1,14,27,13,28,8,76,12,0,12,88
12/13/2000,HTS,WV,AEA,CE,Towers with Radar,25,3,20,3,51,0,1,9,1,11,25,4,29,4,62,20,0,20,82
12/14/2000,HTS,WV,AEA,CE,Towers with Radar,25,20,15,1,61,0,1,1,1,3,25,21,16,2,64,0,0,0,64
12/15/2000,HTS,WV,AEA,CE,Towers with Radar,25,9,19,1,54,0,1,7,1,9,25,10,26,2,63,6,0,6,69
12/16/2000,HTS,WV,AEA,CE,Towers with Radar,22,5,2,0,29,0,1,2,0,3,22,6,4,0,32,0,0,0,32
12/17/2000,HTS,WV,AEA,CE,Towers with Radar,13,8,1,0,22,0,0,1,0,1,13,8,2,0,23,0,0,0,23
12/18/2000,HTS,WV,AEA,CE,Towers with Radar,25,9,16,2,52,0,0,22,2,24,25,9,38,4,76,21,0,21,97
12/19/2000,HTS,WV,AEA,CE,Towers with Radar,23,4,13,0,40,0,4,6,0,10,23,8,19,0,50,0,0,0,50
12/20/2000,HTS,WV,AEA,CE,Towers with Radar,25,7,22,0,54,0,0,21,0,21,25,7,43,0,75,42,0,42,117
12/21/2000,HTS,WV,AEA,CE,Towers with Radar,26,13,16,0,55,1,0,0,0,1,27,13,16,0,56,2,0,2,58
12/22/2000,HTS,WV,AEA,CE,Towers with Radar,25,9,18,0,52,1,0,0,0,1,26,9,18,0,53,2,0,2,55
12/23/2000,HTS,WV,AEA,CE,Towers with Radar,24,6,14,0,44,1,0,24,0,25,25,6,38,0,69,14,0,14,83
12/24/2000,HTS,WV,AEA,CE,Towers with Radar,25,0,6,0,31,1,0,14,0,15,26,0,20,0,46,18,0,18,64
12/25/2000,HTS,WV,AEA,CE,Towers with Radar,10,3,5,0,18,0,1,4,0,5,10,4,9,0,23,6,0,6,29
12/26/2000,HTS,WV,AEA,CE,Towers with Radar,16,3,11,0,30,0,0,26,0,26,16,3,37,0,56,6,0,6,62
12/27/2000,HTS,WV,AEA,CE,Towers with Radar,24,9,15,0,48,4,3,1,4,12,28,12,16,4,60,18,0,18,78
12/28/2000,HTS,WV,AEA,CE,Towers with Radar,25,11,22,1,59,0,1,40,1,42,25,12,62,2,101,48,0,48,149
12/29/2000,HTS,WV,AEA,CE,Towers with Radar,24,13,19,0,56,0,1,22,0,23,24,14,41,0,79,16,0,16,95
12/30/2000,HTS,WV,AEA,CE,Towers with Radar,21,7,15,0,43,0,0,1,0,1,21,7,16,0,44,0,0,0,44
12/31/2000,HTS,WV,AEA,CE,Towers with Radar,21,0,13,0,34,0,0,4,0,4,21,0,17,0,38,0,0,0,38
01/01/2001,HTS,WV,AEA,CE,Towers with Radar,12,0,10,0,22,1,0,2,0,3,13,0,12,0,25,4,0,4,29
01/02/2001,HTS,WV,AEA,CE,Towers with Radar,26,2,9,0,37,0,1,5,0,6,26,3,14,0,43,0,0,0,43
01/03/2001,HTS,WV,AEA,CE,Towers with Radar,29,13,22,6,70,0,1,80,0,81,29,14,102,6,151,54,40,94,245
01/04/2001,HTS,WV,AEA,CE,Towers with Radar,26,9,15,0,50,0,1,6,0,7,26,10,21,0,57,0,0,0,57
01/05/2001,HTS,WV,AEA,CE,Towers with Radar,25,9,11,0,45,0,1,6,0,7,25,10,17,0,52,2,0,2,54
01/06/2001,HTS,WV,AEA,CE,Towers with Radar,25,3,18,1,47,0,1,37,2,40,25,4,55,3,87,42,0,42,129
01/07/2001,HTS,WV,AEA,CE,Towers with Radar,20,1,12,0,33,0,1,0,0,1,20,2,12,0,34,72,0,72,106
01/08/2001,HTS,WV,AEA,CE,Towers with Radar,25,3,8,0,36,0,1,3,0,4,25,4,11,0,40,14,0,14,54
01/09/2001,HTS,WV,AEA,CE,Towers with Radar,27,9,16,0,52,1,1,16,0,18,28,10,32,0,70,28,2,30,100
01/10/2001,HTS,WV,AEA,CE,Towers with Radar,26,7,24,3,60,0,0,36,13,49,26,7,60,16,109,58,10,68,177
01/11/2001,HTS,WV,AEA,CE,Towers with Radar,26,9,20,0,55,1,0,35,0,36,27,9,55,0,91,68,0,68,159
01/12/2001,HTS,WV,AEA,CE,Towers with Radar,23,28,26,0,77,1,4,29,0,34,24,32,55,0,111,52,0,52,163
01/13/2001,HTS,WV,AEA,CE,Towers with Radar,22,17,11,1,51,1,0,56,0,57,23,17,67,1,108,38,0,38,146
01/14/2001,HTS,WV,AEA,CE,Towers with Radar,23,19,8,0,50,0,0,7,0,7,23,19,15,0,57,21,0,21,78
01/15/2001,HTS,WV,AEA,CE,Towers with Radar,26,4,16,0,46,0,0,11,0,11,26,4,27,0,57,20,0,20,77
01/16/2001,HTS,WV,AEA,CE,Towers with Radar,27,5,36,0,68,0,0,15,0,15,27,5,51,0,83,53,0,53,136
01/17/2001,HTS,WV,AEA,CE,Towers with Radar,27,16,24,4,71,0,0,44,0,44,27,16,68,4,115,40,0,40,155
01/18/2001,HTS,WV,AEA,CE,Towers with Radar,21,9,20,0,50,0,0,1,0,1,21,9,21,0,51,0,0,0,51
01/19/2001,HTS,WV,AEA,CE,Towers with Radar,16,9,15,1,41,0,0,0,0,0,16,9,15,1,41,0,0,0,41
01/20/2001,HTS,WV,AEA,CE,Towers with Radar,29,2,6,0,37,0,0,0,0,0,29,2,6,0,37,0,0,0,37
01/21/2001,HTS,WV,AEA,CE,Towers with Radar,25,1,17,0,43,0,0,13,0,13,25,1,30,0,56,8,0,8,64
01/22/2001,HTS,WV,AEA,CE,Towers with Radar,24,15,10,0,49,0,0,28,0,28,24,15,38,0,77,44,0,44,121
01/23/2001,HTS,WV,AEA,CE,Towers with Radar,30,9,22,15,76,0,0,37,0,37,30,9,59,15,113,68,0,68,181
01/24/2001,HTS,WV,AEA,CE,Towers with Radar,26,35,16,5,82,0,1,32,5,38,26,36,48,10,120,142,0,142,262
01/25/2001,HTS,WV,AEA,CE,Towers with Radar,22,14,29,0,65,0,0,14,0,14,22,14,43,0,79,20,0,20,99
01/26/2001,HTS,WV,AEA,CE,Towers with Radar,24,15,26,0,65,0,1,9,1,11,24,16,35,1,76,28,0,28,104
01/27/2001,HTS,WV,AEA,CE,Towers with Radar,25,14,11,0,50,0,1,6,0,7,25,15,17,0,57,20,0,20,77
01/28/2001,HTS,WV,AEA,CE,Towers with Radar,26,0,14,0,40,0,0,20,0,20,26,0,34,0,60,20,0,20,80
01/29/2001,HTS,WV,AEA,CE,Towers with Radar,24,18,19,0,61,0,1,22,0,23,24,19,41,0,84,22,0,22,106
01/30/2001,HTS,WV,AEA,CE,Towers with Radar,27,36,17,2,82,0,0,1,0,1,27,36,18,2,83,34,0,34,117
01/31/2001,HTS,WV,AEA,CE,Towers with Radar,23,35,20,0,78,0,0,0,0,0,23,35,20,0,78,36,0,36,114
02/01/2001,HTS,WV,AEA,CE,Towers with Radar,60,5,20,0,85,0,1,9,0,10,60,6,29,0,95,38,0,38,133
02/02/2001,HTS,WV,AEA,CE,Towers with Radar,26,6,10,7,49,0,1,3,1,5,26,7,13,8,54,0,14,14,68
02/03/2001,HTS,WV,AEA,CE,Towers with Radar,26,8,34,5,73,0,1,50,8,59,26,9,84,13,132,108,0,108,240
02/04/2001,HTS,WV,AEA,CE,Towers with Radar,21,0,11,0,32,0,0,67,0,67,21,0,78,0,99,46,0,46,145
02/05/2001,HTS,WV,AEA,CE,Towers with Radar,25,2,14,0,41,0,1,1,0,2,25,3,15,0,43,2,0,2,45
02/06/2001,HTS,WV,AEA,CE,Towers with Radar,24,13,19,0,56,0,1,15,0,16,24,14,34,0,72,64,0,64,136
02/07/2001,HTS,WV,AEA,CE,Towers with Radar,25,20,23,12,80,0,1,21,2,24,25,21,44,14,104,112,0,112,216
02/08/2001,HTS,WV,AEA,CE,Towers with Radar,27,11,17,0,55,0,0,42,0,42,27,11,59,0,97,44,0,44,141
02/09/2001,HTS,WV,AEA,CE,Towers with Radar,24,8,10,0,42,0,0,3,0,3,24,8,13,0,45,0,0,0,45
02/10/2001,HTS,WV,AEA,CE,Towers with Radar,23,16,5,0,44,0,0,5,0,5,23,16,10,0,49,44,0,44,93
02/11/2001,HTS,WV,AEA,CE,Towers with Radar,18,0,13,0,31,3,0,71,0,74,21,0,84,0,105,48,0,48,153
02/12/2001,HTS,WV,AEA,CE,Towers with Radar,21,9,21,0,51,0,0,11,0,11,21,9,32,0,62,14,0,14,76
02/13/2001,HTS,WV,AEA,CE,Towers with Radar,28,6,25,0,59,0,0,0,0,0,28,6,25,0,59,0,0,0,59
02/14/2001,HTS,WV,AEA,CE,Towers with Radar,23,10,19,0,52,0,0,0,0,0,23,10,19,0,52,0,0,0,52
02/15/2001,HTS,WV,AEA,CE,Towers with Radar,24,12,29,0,65,0,0,0,0,0,24,12,29,0,65,0,0,0,65
02/16/2001,HTS,WV,AEA,CE,Towers with Radar,27,8,10,0,45,0,0,0,0,0,27,8,10,0,45,0,0,0,45
02/17/2001,HTS,WV,AEA,CE,Towers with Radar,24,4,9,0,37,0,0,6,0,6,24,4,15,0,43,0,0,0,43
02/18/2001,HTS,WV,AEA,CE,Towers with Radar,24,0,14,0,38,0,0,56,0,56,24,0,70,0,94,80,0,80,174
02/19/2001,HTS,WV,AEA,CE,Towers with Radar,26,5,11,0,42,0,0,35,0,35,26,5,46,0,77,78,0,78,155
02/20/2001,HTS,WV,AEA,CE,Towers with Radar,25,10,31,0,66,0,0,32,0,32,25,10,63,0,98,58,0,58,156
02/21/2001,HTS,WV,AEA,CE,Towers with Radar,20,10,13,6,49,0,0,24,1,25,20,10,37,7,74,20,18,38,112
02/22/2001,HTS,WV,AEA,CE,Towers with Radar,30,10,27,9,76,0,0,24,1,25,30,10,51,10,101,0,0,0,101
02/23/2001,HTS,WV,AEA,CE,Towers with Radar,25,7,24,1,57,0,0,6,0,6,25,7,30,1,63,44,0,44,107
02/24/2001,HTS,WV,AEA,CE,Towers with Radar,22,7,15,0,44,3,2,23,0,28,25,9,38,0,72,38,0,38,110
02/25/2001,HTS,WV,AEA,CE,Towers with Radar,19,1,6,0,26,0,0,0,0,0,19,1,6,0,26,0,0,0,26
02/26/2001,HTS,WV,AEA,CE,Towers with Radar,22,6,31,1,60,0,0,34,0,34,22,6,65,1,94,76,0,76,170
02/27/2001,HTS,WV,AEA,CE,Towers with Radar,22,8,25,0,55,0,0,30,0,30,22,8,55,0,85,42,0,42,127
02/28/2001,HTS,WV,AEA,CE,Towers with Radar,26,8,23,0,57,0,0,14,0,14,26,8,37,0,71,10,0,10,81
03/01/2001,HTS,WV,AEA,CE,Towers with Radar,27,7,18,4,56,0,1,30,0,31,27,8,48,4,87,60,0,60,147
03/02/2001,HTS,WV,AEA,CE,Towers with Radar,26,7,15,1,49,0,2,6,0,8,26,9,21,1,57,14,2,16,73
03/03/2001,HTS,WV,AEA,CE,Towers with Radar,23,7,11,6,47,0,1,24,1,26,23,8,35,7,73,52,18,70,143
03/04/2001,HTS,WV,AEA,CE,Towers with Radar,10,0,8,0,18,10,0,0,2,12,20,0,8,2,30,0,0,0,30
03/05/2001,HTS,WV,AEA,CE,Towers with Radar,22,5,8,0,35,0,1,4,0,5,22,6,12,0,40,0,0,0,40
03/06/2001,HTS,WV,AEA,CE,Towers with Radar,24,8,2,0,34,0,1,0,0,1,24,9,2,0,35,0,0,0,35
03/07/2001,HTS,WV,AEA,CE,Towers with Radar,25,9,32,0,66,0,1,13,0,14,25,10,45,0,80,0,0,0,80
03/08/2001,HTS,WV,AEA,CE,Towers with Radar,23,10,15,0,48,0,1,20,0,21,23,11,35,0,69,10,0,10,79
03/09/2001,HTS,WV,AEA,CE,Towers with Radar,24,17,28,2,71,0,6,13,1,20,24,23,41,3,91,54,0,54,145
03/10/2001,HTS,WV,AEA,CE,Towers with Radar,24,9,11,0,44,0,2,68,0,70,24,11,79,0,114,78,0,78,192
03/11/2001,HTS,WV,AEA,CE,Towers with Radar,21,4,9,0,34,0,0,36,0,36,21,4,45,0,70,64,0,64,134
03/12/2001,HTS,WV,AEA,CE,Towers with Radar,23,9,8,0,40,0,0,45,0,45,23,9,53,0,85,78,0,78,163
03/13/2001,HTS,WV,AEA,CE,Towers with Radar,31,6,12,0,49,0,0,2,0,2,31,6,14,0,51,2,8,10,61
03/14/2001,HTS,WV,AEA,CE,Towers with Radar,26,7,18,1,52,0,0,29,0,29,26,7,47,1,81,30,0,30,111
03/15/2001,HTS,WV,AEA,CE,Towers with Radar,25,12,36,11,84,0,0,0,0,0,25,12,36,11,84,8,0,8,92
03/16/2001,HTS,WV,AEA,CE,Towers with Radar,24,12,16,2,54,0,0,10,0,10,24,12,26,2,64,16,0,16,80
03/17/2001,HTS,WV,AEA,CE,Towers with Radar,24,6,11,0,41,0,0,9,0,9,24,6,20,0,50,0,0,0,50
03/18/2001,HTS,WV,AEA,CE,Towers with Radar,23,0,17,0,40,0,0,33,0,33,23,0,50,0,73,96,0,96,169
03/19/2001,HTS,WV,AEA,CE,Towers with Radar,25,6,6,0,37,0,0,18,0,18,25,6,24,0,55,58,0,58,113
03/20/2001,HTS,WV,AEA,CE,Towers with Radar,20,9,17,2,48,0,1,27,0,28,20,10,44,2,76,52,0,52,128
03/21/2001,HTS,WV,AEA,CE,Towers with Radar,24,11,14,0,49,0,0,3,0,3,24,11,17,0,52,12,0,12,64
03/22/2001,HTS,WV,AEA,CE,Towers with Radar,26,6,24,3,59,0,0,28,0,28,26,6,52,3,87,16,0,16,103
03/23/2001,HTS,WV,AEA,CE,Towers with Radar,27,12,11,6,56,0,3,28,0,31,27,15,39,6,87,38,20,58,145
03/24/2001,HTS,WV,AEA,CE,Towers with Radar,24,4,5,0,33,0,0,5,0,5,24,4,10,0,38,18,0,18,56
03/25/2001,HTS,WV,AEA,CE,Towers with Radar,21,20,12,3,56,0,40,0,0,40,21,60,12,3,96,80,0,80,176
03/26/2001,HTS,WV,AEA,CE,Towers with Radar,21,2,16,2,41,0,0,13,0,13,21,2,29,2,54,10,0,10,64
03/27/2001,HTS,WV,AEA,CE,Towers with Radar,27,10,22,0,59,0,0,56,2,58,27,10,78,2,117,48,0,48,165
03/28/2001,HTS,WV,AEA,CE,Towers with Radar,26,8,26,0,60,0,0,39,0,39,26,8,65,0,99,58,0,58,157
03/29/2001,HTS,WV,AEA,CE,Towers with Radar,28,8,19,0,55,6,0,22,2,30,34,8,41,2,85,48,0,48,133
03/30/2001,HTS,WV,AEA,CE,Towers with Radar,26,8,21,1,56,0,0,10,0,10,26,8,31,1,66,22,0,22,88
03/31/2001,HTS,WV,AEA,CE,Towers with Radar,21,4,16,1,42,0,0,32,0,32,21,4,48,1,74,68,0,68,142
04/01/2001,HTS,WV,AEA,CE,Towers with Radar,19,0,12,0,31,1,0,2,0,3,20,0,14,0,34,0,0,0,34
04/02/2001,HTS,WV,AEA,CE,Towers with Radar,21,2,7,0,30,1,0,40,0,41,22,2,47,0,71,44,0,44,115
04/03/2001,HTS,WV,AEA,CE,Towers with Radar,21,13,19,0,53,1,0,5,0,6,22,13,24,0,59,4,0,4,63
04/04/2001,HTS,WV,AEA,CE,Towers with Radar,22,9,16,0,47,1,1,37,2,41,23,10,53,2,88,38,0,38,126
04/05/2001,HTS,WV,AEA,CE,Towers with Radar,23,10,20,0,53,1,0,29,0,30,24,10,49,0,83,74,0,74,157
04/06/2001,HTS,WV,AEA,CE,Towers with Radar,25,8,19,0,52,1,0,6,0,7,26,8,25,0,59,22,0,22,81
04/07/2001,HTS,WV,AEA,CE,Towers with Radar,23,38,16,0,77,0,0,7,0,7,23,38,23,0,84,72,0,72,156
04/08/2001,HTS,WV,AEA,CE,Towers with Radar,21,0,4,0,25,1,0,16,0,17,22,0,20,0,42,80,0,80,122
04/09/2001,HTS,WV,AEA,CE,Towers with Radar,22,5,27,0,54,1,0,13,0,14,23,5,40,0,68,50,0,50,118
04/10/2001,HTS,WV,AEA,CE,Towers with Radar,22,8,15,0,45,1,0,20,0,21,23,8,35,0,66,60,0,60,126
04/11/2001,HTS,WV,AEA,CE,Towers with Radar,25,9,7,17,58,1,0,29,0,30,26,9,36,17,88,30,0,30,118
04/12/2001,HTS,WV,AEA,CE,Towers with Radar,24,8,16,0,48,1,0,24,0,25,25,8,40,0,73,104,0,104,177
04/13/2001,HTS,WV,AEA,CE,Towers with Radar,26,5,11,0,42,1,0,42,0,43,27,5,53,0,85,112,0,112,197
04/14/2001,HTS,WV,AEA,CE,Towers with Radar,23,5,20,0,48,1,0,55,6,62,24,5,75,6,110,126,0,126,236
04/15/2001,HTS,WV,AEA,CE,Towers with Radar,21,0,13,0,34,1,0,3,0,4,22,0,16,0,38,0,0,0,38
04/16/2001,HTS,WV,AEA,CE,Towers with Radar,24,2,20,0,46,0,0,9,0,9,24,2,29,0,55,16,0,16,71
04/17/2001,HTS,WV,AEA,CE,Towers with Radar,26,10,16,8,60,1,6,4,0,11,27,16,20,8,71,26,20,46,117
04/18/2001,HTS,WV,AEA,CE,Towers with Radar,25,10,27,0,62,1,0,25,4,30,26,10,52,4,92,20,0,20,112
04/19/2001,HTS,WV,AEA,CE,Towers with Radar,23,5,8,0,36,1,1,43,2,47,24,6,51,2,83,66,0,66,149
04/20/2001,HTS,WV,AEA,CE,Towers with Radar,27,13,24,0,64,1,0,12,0,13,28,13,36,0,77,40,0,40,117
04/21/2001,HTS,WV,AEA,CE,Towers with Radar,24,4,11,0,39,0,0,26,0,26,24,4,37,0,65,48,0,48,113
04/22/2001,HTS,WV,AEA,CE,Towers with Radar,22,0,27,0,49,0,0,54,0,54,22,0,81,0,103,90,0,90,193
04/23/2001,HTS,WV,AEA,CE,Towers with Radar,26,4,21,0,51,0,0,32,2,34,26,4,53,2,85,74,0,74,159
04/24/2001,HTS,WV,AEA,CE,Towers with Radar,26,10,17,0,53,0,0,23,0,23,26,10,40,0,76,26,0,26,102
04/25/2001,HTS,WV,AEA,CE,Towers with Radar,26,7,35,4,72,0,0,33,0,33,26,7,68,4,105,126,20,146,251
04/26/2001,HTS,WV,AEA,CE,Towers with Radar,27,9,26,0,62,0,0,37,2,39,27,9,63,2,101,112,0,112,213
04/27/2001,HTS,WV,AEA,CE,Towers with Radar,26,7,24,0,57,0,0,31,4,35,26,7,55,4,92,110,6,116,208
04/28/2001,HTS,WV,AEA,CE,Towers with Radar,23,15,22,0,60,0,0,36,0,36,23,15,58,0,96,126,6,132,228
04/29/2001,HTS,WV,AEA,CE,Towers with Radar,22,0,16,0,38,0,0,49,0,49,22,0,65,0,87,122,0,122,209
04/30/2001,HTS,WV,AEA,CE,Towers with Radar,22,4,13,1,40,0,0,39,1,40,22,4,52,2,80,60,0,60,140
05/01/2001,HTS,WV,AEA,CE,Towers with Radar,25,12,26,0,63,0,1,27,3,31,25,13,53,3,94,0,74,74,168
05/02/2001,HTS,WV,AEA,CE,Towers with Radar,23,9,21,2,55,1,0,76,0,77,24,9,97,2,132,88,0,88,220
05/03/2001,HTS,WV,AEA,CE,Towers with Radar,25,8,15,0,48,1,0,29,0,30,26,8,44,0,78,64,20,84,162
05/04/2001,HTS,WV,AEA,CE,Towers with Radar,24,9,28,0,61,2,0,26,0,28,26,9,54,0,89,106,0,106,195
05/05/2001,HTS,WV,AEA,CE,Towers with Radar,23,4,13,1,41,1,0,30,0,31,24,4,43,1,72,95,0,95,167
05/06/2001,HTS,WV,AEA,CE,Towers with Radar,20,0,17,0,37,1,0,37,0,38,21,0,54,0,75,46,0,46,121
05/07/2001,HTS,WV,AEA,CE,Towers with Radar,16,4,35,0,55,0,0,29,0,29,16,4,64,0,84,22,0,22,106
05/08/2001,HTS,WV,AEA,CE,Towers with Radar,29,8,31,0,68,0,0,14,0,14,29,8,45,0,82,60,0,60,142
05/09/2001,HTS,WV,AEA,CE,Towers with Radar,28,4,13,0,45,0,0,15,0,15,28,4,28,0,60,38,0,38,98
05/10/2001,HTS,WV,AEA,CE,Towers with Radar,28,10,29,0,67,0,0,28,0,28,28,10,57,0,95,108,0,108,203
05/11/2001,HTS,WV,AEA,CE,Towers with Radar,26,9,9,0,44,0,0,20,0,20,26,9,29,0,64,70,0,70,134
05/12/2001,HTS,WV,AEA,CE,Towers with Radar,24,7,6,0,37,0,0,12,0,12,24,7,18,0,49,42,0,42,91
05/13/2001,HTS,WV,AEA,CE,Towers with Radar,20,0,25,0,45,0,0,34,0,34,20,0,59,0,79,84,0,84,163
05/14/2001,HTS,WV,AEA,CE,Towers with Radar,14,3,17,0,34,0,0,28,0,28,14,3,45,0,62,50,0,50,112
05/15/2001,HTS,WV,AEA,CE,Towers with Radar,26,9,24,0,59,0,0,10,0,10,26,9,34,0,69,0,0,0,69
05/16/2001,HTS,WV,AEA,CE,Towers with Radar,25,6,26,0,57,1,0,9,0,10,26,6,35,0,67,0,0,0,67
05/17/2001,HTS,WV,AEA,CE,Towers with Radar,23,26,16,3,68,0,0,10,2,12,23,26,26,5,80,62,0,62,142
05/18/2001,HTS,WV,AEA,CE,Towers with Radar,26,6,9,0,41,0,0,8,0,8,26,6,17,0,49,0,0,0,49
05/19/2001,HTS,WV,AEA,CE,Towers with Radar,21,6,12,1,40,0,0,3,0,3,21,6,15,1,43,0,0,0,43
05/20/2001,HTS,WV,AEA,CE,Towers with Radar,22,0,30,0,52,0,0,7,0,7,22,0,37,0,59,80,0,80,139
05/21/2001,HTS,WV,AEA,CE,Towers with Radar,23,2,15,0,40,0,0,10,0,10,23,2,25,0,50,10,0,10,60
05/22/2001,HTS,WV,AEA,CE,Towers with Radar,21,8,25,0,54,0,0,14,0,14,21,8,39,0,68,10,0,10,78
05/23/2001,HTS,WV,AEA,CE,Towers with Radar,28,45,25,4,102,0,0,26,0,26,28,45,51,4,128,92,18,110,238
05/24/2001,HTS,WV,AEA,CE,Towers with Radar,25,9,26,0,60,0,0,12,0,12,25,9,38,0,72,12,0,12,84
05/25/2001,HTS,WV,AEA,CE,Towers with Radar,25,8,18,2,53,0,0,8,15,23,25,8,26,17,76,30,8,38,114
05/26/2001,HTS,WV,AEA,CE,Towers with Radar,23,13,17,0,53,0,2,37,0,39,23,15,54,0,92,80,0,80,172
05/27/2001,HTS,WV,AEA,CE,Towers with Radar,20,0,10,0,30,0,0,14,0,14,20,0,24,0,44,40,0,40,84
05/28/2001,HTS,WV,AEA,CE,Towers with Radar,18,13,14,0,45,0,1,36,0,37,18,14,50,0,82,108,0,108,190
05/29/2001,HTS,WV,AEA,CE,Towers with Radar,24,3,23,0,50,0,0,41,0,41,24,3,64,0,91,32,0,32,123
05/30/2001,HTS,WV,AEA,CE,Towers with Radar,26,5,23,0,54,0,0,47,0,47,26,5,70,0,101,110,0,110,211
05/31/2001,HTS,WV,AEA,CE,Towers with Radar,26,11,16,2,55,0,0,22,0,22,26,11,38,2,77,92,2,94,171
06/01/2001,HTS,WV,AEA,CE,Towers with Radar,23,6,22,0,51,1,0,18,0,19,24,6,40,0,70,14,0,14,84
06/02/2001,HTS,WV,AEA,CE,Towers with Radar,24,7,16,2,49,1,0,7,1,9,25,7,23,3,58,8,0,8,66
06/03/2001,HTS,WV,AEA,CE,Towers with Radar,16,0,9,0,25,1,0,18,0,19,17,0,27,0,44,0,0,0,44
06/04/2001,HTS,WV,AEA,CE,Towers with Radar,24,4,16,0,44,1,0,3,0,4,25,4,19,0,48,0,0,0,48
06/05/2001,HTS,WV,AEA,CE,Towers with Radar,27,10,16,0,53,0,0,9,0,9,27,10,25,0,62,6,0,6,68
06/06/2001,HTS,WV,AEA,CE,Towers with Radar,23,6,19,0,48,1,0,6,0,7,24,6,25,0,55,0,0,0,55
06/07/2001,HTS,WV,AEA,CE,Towers with Radar,26,11,37,0,74,1,0,21,0,22,27,11,58,0,96,60,0,60,156
06/08/2001,HTS,WV,AEA,CE,Towers with Radar,27,12,17,0,56,1,0,42,1,44,28,12,59,1,100,96,0,96,196
06/09/2001,HTS,WV,AEA,CE,Towers with Radar,24,6,9,0,39,1,0,74,2,77,25,6,83,2,116,62,0,62,178
06/10/2001,HTS,WV,AEA,CE,Towers with Radar,21,1,22,0,44,1,0,51,0,52,22,1,73,0,96,60,0,60,156
06/11/2001,HTS,WV,AEA,CE,Towers with Radar,22,6,12,2,42,1,0,33,0,34,23,6,45,2,76,56,0,56,132
06/12/2001,HTS,WV,AEA,CE,Towers with Radar,25,6,36,4,71,1,1,28,0,30,26,7,64,4,101,66,0,66,167
06/13/2001,HTS,WV,AEA,CE,Towers with Radar,25,7,14,3,49,1,0,26,0,27,26,7,40,3,76,46,18,64,140
06/14/2001,HTS,WV,AEA,CE,Towers with Radar,21,11,20,2,54,0,0,28,1,29,21,11,48,3,83,138,0,138,221
06/15/2001,HTS,WV,AEA,CE,Towers with Radar,25,7,7,0,39,1,0,10,1,12,26,7,17,1,51,42,0,42,93
06/16/2001,HTS,WV,AEA,CE,Towers with Radar,23,5,13,0,41,0,0,8,0,8,23,5,21,0,49,4,0,4,53
06/17/2001,HTS,WV,AEA,CE,Towers with Radar,22,0,11,0,33,0,0,0,0,0,22,0,11,0,33,88,0,88,121
06/18/2001,HTS,WV,AEA,CE,Towers with Radar,24,6,8,0,38,0,0,26,0,26,24,6,34,0,64,76,0,76,140
06/19/2001,HTS,WV,AEA,CE,Towers with Radar,25,17,15,0,57,0,0,48,0,48,25,17,63,0,105,94,0,94,199
06/20/2001,HTS,WV,AEA,CE,Towers with Radar,26,8,21,0,55,0,0,9,0,9,26,8,30,0,64,42,0,42,106
06/21/2001,HTS,WV,AEA,CE,Towers with Radar,25,5,13,6,49,0,0,10,2,12,25,5,23,8,61,114,22,136,197
06/22/2001,HTS,WV,AEA,CE,Towers with Radar,21,8,17,0,46,0,0,3,0,3,21,8,20,0,49,24,0,24,73
06/23/2001,HTS,WV,AEA,CE,Towers with Radar,27,12,24,0,63,0,0,25,0,25,27,12,49,0,88,132,0,132,220
06/24/2001,HTS,WV,AEA,CE,Towers with Radar,19,2,19,4,44,0,10,111,0,121,19,12,130,4,165,76,22,98,263
06/25/2001,HTS,WV,AEA,CE,Towers with Radar,22,6,18,5,51,0,0,29,5,34,22,6,47,10,85,100,0,100,185
06/26/2001,HTS,WV,AEA,CE,Towers with Radar,24,21,24,0,69,0,0,24,0,24,24,21,48,0,93,72,0,72,165
06/27/2001,HTS,WV,AEA,CE,Towers with Radar,26,21,25,0,72,0,0,50,0,50,26,21,75,0,122,78,0,78,200
06/28/2001,HTS,WV,AEA,CE,Towers with Radar,29,6,31,0,66,0,1,76,0,77,29,7,107,0,143,66,0,66,209
06/29/2001,HTS,WV,AEA,CE,Towers with Radar,24,9,13,0,46,0,0,15,3,18,24,9,28,3,64,78,0,78,142
06/30/2001,HTS,WV,AEA,CE,Towers with Radar,25,7,12,0,44,0,0,15,0,15,25,7,27,0,59,58,0,58,117
07/01/2001,HTS,WV,AEA,CE,Towers with Radar,13,0,5,0,18,1,0,7,0,8,14,0,12,0,26,36,0,36,62
07/02/2001,HTS,WV,AEA,CE,Towers with Radar,22,1,9,0,32,0,0,16,0,16,22,1,25,0,48,130,0,130,178
07/03/2001,HTS,WV,AEA,CE,Towers with Radar,23,13,18,0,54,0,2,69,0,71,23,15,87,0,125,164,0,164,289
07/04/2001,HTS,WV,AEA,CE,Towers with Radar,18,0,16,0,34,0,0,0,0,0,18,0,16,0,34,0,0,0,34
07/05/2001,HTS,WV,AEA,CE,Towers with Radar,20,9,15,0,44,0,0,19,1,20,20,9,34,1,64,116,0,116,180
07/06/2001,HTS,WV,AEA,CE,Towers with Radar,23,7,28,2,60,1,0,50,0,51,24,7,78,2,111,144,0,144,255
07/07/2001,HTS,WV,AEA,CE,Towers with Radar,23,4,17,0,44,0,1,37,0,38,23,5,54,0,82,38,0,38,120
07/08/2001,HTS,WV,AEA,CE,Towers with Radar,20,0,6,2,28,1,0,38,0,39,21,0,44,2,67,140,0,140,207
07/09/2001,HTS,WV,AEA,CE,Towers with Radar,22,5,23,0,50,1,2,32,0,35,23,7,55,0,85,90,0,90,175
07/10/2001,HTS,WV,AEA,CE,Towers with Radar,23,7,25,0,55,0,11,68,0,79,23,18,93,0,134,86,0,86,220
07/11/2001,HTS,WV,AEA,CE,Towers with Radar,26,13,26,0,65,1,3,101,0,105,27,16,127,0,170,82,0,82,252
07/12/2001,HTS,WV,AEA,CE,Towers with Radar,12,16,33,0,61,1,0,44,0,45,13,16,77,0,106,118,0,118,224
07/13/2001,HTS,WV,AEA,CE,Towers with Radar,31,9,16,8,64,1,0,33,0,34,32,9,49,8,98,80,36,116,214
07/14/2001,HTS,WV,AEA,CE,Towers with Radar,24,4,34,0,62,1,0,30,0,31,25,4,64,0,93,84,0,84,177
07/15/2001,HTS,WV,AEA,CE,Towers with Radar,23,0,24,1,48,0,0,41,1,42,23,0,65,2,90,70,0,70,160
07/16/2001,HTS,WV,AEA,CE,Towers with Radar,21,4,16,3,44,0,0,40,0,40,21,4,56,3,84,120,0,120,204
07/17/2001,HTS,WV,AEA,CE,Towers with Radar,25,7,17,0,49,0,0,12,0,12,25,7,29,0,61,0,0,0,61
07/18/2001,HTS,WV,AEA,CE,Towers with Radar,21,12,14,13,60,0,0,19,1,20,21,12,33,14,80,56,28,84,164
07/19/2001,HTS,WV,AEA,CE,Towers with Radar,31,4,25,0,60,0,0,6,0,6,31,4,31,0,66,56,0,56,122
07/20/2001,HTS,WV,AEA,CE,Towers with Radar,26,7,33,0,66,0,0,11,0,11,26,7,44,0,77,34,0,34,111
07/21/2001,HTS,WV,AEA,CE,Towers with Radar,23,7,24,0,54,0,0,68,1,69,23,7,92,1,123,72,0,72,195
07/22/2001,HTS,WV,AEA,CE,Towers with Radar,23,0,21,0,44,0,11,106,1,118,23,11,127,1,162,92,0,92,254
07/23/2001,HTS,WV,AEA,CE,Towers with Radar,24,5,20,0,49,0,0,84,0,84,24,5,104,0,133,112,0,112,245
07/24/2001,HTS,WV,AEA,CE,Towers with Radar,24,8,36,0,68,0,0,35,0,35,24,8,71,0,103,118,0,118,221
07/25/2001,HTS,WV,AEA,CE,Towers with Radar,26,8,29,5,68,0,4,83,2,89,26,12,112,7,157,72,22,94,251
07/26/2001,HTS,WV,AEA,CE,Towers with Radar,27,9,31,0,67,0,0,1,0,1,27,9,32,0,68,26,4,30,98
07/27/2001,HTS,WV,AEA,CE,Towers with Radar,25,5,23,0,53,0,7,26,0,33,25,12,49,0,86,52,0,52,138
07/28/2001,HTS,WV,AEA,CE,Towers with Radar,23,6,9,0,38,0,0,4,0,4,23,6,13,0,42,0,0,0,42
07/29/2001,HTS,WV,AEA,CE,Towers with Radar,22,0,1,0,23,0,0,1,0,1,22,0,2,0,24,0,0,0,24
07/30/2001,HTS,WV,AEA,CE,Towers with Radar,21,7,25,1,54,0,1,38,9,48,21,8,63,10,102,92,40,132,234
07/31/2001,HTS,WV,AEA,CE,Towers with Radar,26,8,42,0,76,0,0,25,0,25,26,8,67,0,101,120,0,120,221
08/01/2001,HTS,WV,AEA,CE,Towers with Radar,21,3,45,0,69,1,0,34,3,38,22,3,79,3,107,110,0,110,217
08/02/2001,HTS,WV,AEA,CE,Towers with Radar,18,16,31,16,81,1,2,42,2,47,19,18,73,18,128,102,52,154,282
08/03/2001,HTS,WV,AEA,CE,Towers with Radar,25,11,18,1,55,0,0,11,0,11,25,11,29,1,66,28,0,28,94
08/04/2001,HTS,WV,AEA,CE,Towers with Radar,25,2,27,1,55,1,0,28,0,29,26,2,55,1,84,62,0,62,146
08/05/2001,HTS,WV,AEA,CE,Towers with Radar,20,12,16,0,48,1,0,22,0,23,21,12,38,0,71,64,0,64,135
08/06/2001,HTS,WV,AEA,CE,Towers with Radar,24,9,7,0,40,1,0,27,0,28,25,9,34,0,68,40,0,40,108
08/07/2001,HTS,WV,AEA,CE,Towers with Radar,25,9,58,0,92,1,0,37,0,38,26,9,95,0,130,66,5,71,201
08/08/2001,HTS,WV,AEA,CE,Towers with Radar,23,8,18,3,52,1,0,45,1,47,24,8,63,4,99,66,0,66,165
08/09/2001,HTS,WV,AEA,CE,Towers with Radar,25,7,16,2,50,0,7,35,0,42,25,14,51,2,92,28,0,28,120
08/10/2001,HTS,WV,AEA,CE,Towers with Radar,22,7,18,1,48,1,0,3,0,4,23,7,21,1,52,24,0,24,76
08/11/2001,HTS,WV,AEA,CE,Towers with Radar,19,5,11,5,40,1,0,12,2,15,20,5,23,7,55,56,10,66,121
08/12/2001,HTS,WV,AEA,CE,Towers with Radar,19,0,24,1,44,1,0,15,0,16,20,0,39,1,60,64,0,64,124
08/13/2001,HTS,WV,AEA,CE,Towers with Radar,24,11,22,0,57,1,0,19,2,22,25,11,41,2,79,104,0,104,183
08/14/2001,HTS,WV,AEA,CE,Towers with Radar,26,10,25,0,61,0,0,20,0,20,26,10,45,0,81,148,1,149,230
08/15/2001,HTS,WV,AEA,CE,Towers with Radar,29,8,44,4,85,0,0,49,0,49,29,8,93,4,134,90,4,94,228
08/16/2001,HTS,WV,AEA,CE,Towers with Radar,24,13,19,0,56,0,0,29,0,29,24,13,48,0,85,60,24,84,169
08/17/2001,HTS,WV,AEA,CE,Towers with Radar,24,8,24,0,56,0,0,33,12,45,24,8,57,12,101,38,0,38,139
08/18/2001,HTS,WV,AEA,CE,Towers with Radar,28,15,24,0,67,1,0,140,0,141,29,15,164,0,208,68,0,68,276
08/19/2001,HTS,WV,AEA,CE,Towers with Radar,18,3,9,0,30,1,4,41,0,46,19,7,50,0,76,96,0,96,172
08/20/2001,HTS,WV,AEA,CE,Towers with Radar,20,4,16,0,40,0,0,20,0,20,20,4,36,0,60,12,0,12,72
08/21/2001,HTS,WV,AEA,CE,Towers with Radar,28,12,27,0,67,0,2,82,0,84,28,14,109,0,151,60,0,60,211
08/22/2001,HTS,WV,AEA,CE,Towers with Radar,27,10,16,2,55,0,0,42,0,42,27,10,58,2,97,82,0,82,179
08/23/2001,HTS,WV,AEA,CE,Towers with Radar,32,8,24,0,64,0,1,13,0,14,32,9,37,0,78,30,0,30,108
08/24/2001,HTS,WV,AEA,CE,Towers with Radar,24,12,36,4,76,0,1,18,0,19,24,13,54,4,95,32,0,32,127
08/25/2001,HTS,WV,AEA,CE,Towers with Radar,23,5,25,0,53,0,1,19,0,20,23,6,44,0,73,120,0,120,193
08/26/2001,HTS,WV,AEA,CE,Towers with Radar,24,0,17,1,42,0,0,23,0,23,24,0,40,1,65,64,0,64,129
08/27/2001,HTS,WV,AEA,CE,Towers with Radar,23,2,23,2,50,0,0,12,0,12,23,2,35,2,62,58,4,62,124
08/28/2001,HTS,WV,AEA,CE,Towers with Radar,24,6,26,0,56,0,1,26,0,27,24,7,52,0,83,80,0,80,163
08/29/2001,HTS,WV,AEA,CE,Towers with Radar,28,7,50,0,85,0,0,18,0,18,28,7,68,0,103,48,0,48,151
08/30/2001,HTS,WV,AEA,CE,Towers with Radar,30,18,51,0,99,0,0,31,0,31,30,18,82,0,130,46,0,46,176
08/31/2001,HTS,WV,AEA,CE,Towers with Radar,29,9,21,0,59,0,0,18,0,18,29,9,39,0,77,32,0,32,109
09/01/2001,HTS,WV,AEA,CE,Towers with Radar,25,2,7,0,34,2,1,12,0,15,27,3,19,0,49,6,0,6,55
09/02/2001,HTS,WV,AEA,CE,Towers with Radar,19,0,15,0,34,3,0,84,0,87,22,0,99,0,121,112,0,112,233
09/03/2001,HTS,WV,AEA,CE,Towers with Radar,17,0,16,0,33,4,0,49,0,53,21,0,65,0,86,64,0,64,150
09/04/2001,HTS,WV,AEA,CE,Towers with Radar,21,2,31,0,54,3,0,21,0,24,24,2,52,0,78,26,0,26,104
09/05/2001,HTS,WV,AEA,CE,Towers with Radar,24,18,10,2,54,3,0,66,0,69,27,18,76,2,123,90,0,90,213
09/06/2001,HTS,WV,AEA,CE,Towers with Radar,25,27,14,0,66,3,0,30,0,33,28,27,44,0,99,138,0,138,237
09/07/2001,HTS,WV,AEA,CE,Towers with Radar,29,7,14,0,50,3,0,18,0,21,32,7,32,0,71,138,28,166,237
09/08/2001,HTS,WV,AEA,CE,Towers with Radar,20,9,4,1,34,3,0,32,1,36,23,9,36,2,70,114,0,114,184
09/09/2001,HTS,WV,AEA,CE,Towers with Radar,18,0,19,2,39,3,0,31,0,34,21,0,50,2,73,58,0,58,131
09/10/2001,HTS,WV,AEA,CE,Towers with Radar,20,3,15,3,41,3,0,8,0,11,23,3,23,3,52,28,0,28,80
09/11/2001,HTS,WV,AEA,CE,Towers with Radar,5,14,10,0,29,3,0,7,0,10,8,14,17,0,39,0,0,0,39
09/12/2001,HTS,WV,AEA,CE,Towers with Radar,0,0,0,0,0,0,0,0,0,0,0,0,0,0,0,0,0,0,0
09/13/2001,HTS,WV,AEA,CE,Towers with Radar,1,3,0,0,4,0,24,0,0,24,1,27,0,0,28,0,0,0,28
09/14/2001,HTS,WV,AEA,CE,Towers with Radar,1,12,0,2,15,0,22,1,0,23,1,34,1,2,38,0,0,0,38
09/15/2001,HTS,WV,AEA,CE,Towers with Radar,12,4,10,0,26,3,7,0,0,10,15,11,10,0,36,0,0,0,36
09/16/2001,HTS,WV,AEA,CE,Towers with Radar,27,10,6,0,43,3,5,0,0,8,30,15,6,0,51,0,0,0,51
09/17/2001,HTS,WV,AEA,CE,Towers with Radar,17,5,18,0,40,3,4,0,0,7,20,9,18,0,47,0,0,0,47
09/18/2001,HTS,WV,AEA,CE,Towers with Radar,23,15,12,0,50,3,4,0,0,7,26,19,12,0,57,0,0,0,57
09/19/2001,HTS,WV,AEA,CE,Towers with Radar,22,12,17,0,51,3,0,0,0,3,25,12,17,0,54,0,0,0,54
09/20/2001,HTS,WV,AEA,CE,Towers with Radar,20,21,20,0,61,3,0,4,0,7,23,21,24,0,68,0,0,0,68
09/21/2001,HTS,WV,AEA,CE,Towers with Radar,24,22,25,0,71,2,15,19,0,36,26,37,44,0,107,10,0,10,117
09/22/2001,HTS,WV,AEA,CE,Towers with Radar,20,9,26,0,55,2,1,13,0,16,22,10,39,0,71,52,0,52,123
09/23/2001,HTS,WV,AEA,CE,Towers with Radar,22,12,14,0,48,2,0,16,0,18,24,12,30,0,66,84,0,84,150
09/24/2001,HTS,WV,AEA,CE,Towers with Radar,20,4,11,4,39,2,0,7,0,9,22,4,18,4,48,28,0,28,76
09/25/2001,HTS,WV,AEA,CE,Towers with Radar,23,12,25,5,65,2,0,4,0,6,25,12,29,5,71,14,12,26,97
09/26/2001,HTS,WV,AEA,CE,Towers with Radar,17,21,31,4,73,2,1,21,2,26,19,22,52,6,99,0,0,0,99
09/27/2001,HTS,WV,AEA,CE,Towers with Radar,20,20,27,0,67,2,1,53,0,56,22,21,80,0,123,68,0,68,191
09/28/2001,HTS,WV,AEA,CE,Towers with Radar,20,11,17,0,48,1,2,6,0,9,21,13,23,0,57,62,0,62,119
09/29/2001,HTS,WV,AEA,CE,Towers with Radar,19,4,17,0,40,4,0,34,0,38,23,4,51,0,78,90,0,90,168
09/30/2001,HTS,WV,AEA,CE,Towers with Radar,19,6,14,0,39,1,1,30,0,32,20,7,44,0,71,60,0,60,131
10/01/2001,HTS,WV,AEA,CE,Towers with Radar,21,1,8,0,30,0,1,16,0,17,21,2,24,0,47,54,0,54,101
10/02/2001,HTS,WV,AEA,CE,Towers with Radar,26,17,20,0,63,0,1,44,0,45,26,18,64,0,108,88,0,88,196
10/03/2001,HTS,WV,AEA,CE,Towers with Radar,26,21,19,0,66,0,0,25,0,25,26,21,44,0,91,78,0,78,169
10/04/2001,HTS,WV,AEA,CE,Towers with Radar,26,13,36,5,80,0,0,20,1,21,26,13,56,6,101,124,32,156,257
10/05/2001,HTS,WV,AEA,CE,Towers with Radar,38,26,10,0,74,0,0,4,0,4,38,26,14,0,78,40,0,40,118
10/06/2001,HTS,WV,AEA,CE,Towers with Radar,26,3,10,0,39,0,0,18,0,18,26,3,28,0,57,42,0,42,99
10/07/2001,HTS,WV,AEA,CE,Towers with Radar,20,0,20,2,42,0,0,35,0,35,20,0,55,2,77,116,0,116,193
10/08/2001,HTS,WV,AEA,CE,Towers with Radar,21,2,17,2,42,0,0,47,0,47,21,2,64,2,89,84,0,84,173
10/09/2001,HTS,WV,AEA,CE,Towers with Radar,22,13,22,2,59,0,1,40,2,43,22,14,62,4,102,92,0,92,194
10/10/2001,HTS,WV,AEA,CE,Towers with Radar,27,14,15,3,59,0,0,23,0,23,27,14,38,3,82,54,26,80,162
10/11/2001,HTS,WV,AEA,CE,Towers with Radar,23,14,34,0,71,0,2,20,0,22,23,16,54,0,93,44,0,44,137
10/12/2001,HTS,WV,AEA,CE,Towers with Radar,27,13,14,0,54,0,0,0,0,0,27,13,14,0,54,0,0,0,54
10/13/2001,HTS,WV,AEA,CE,Towers with Radar,18,4,13,0,35,5,0,9,0,14,23,4,22,0,49,22,0,22,71
10/14/2001,HTS,WV,AEA,CE,Towers with Radar,19,0,6,0,25,0,0,2,0,2,19,0,8,0,27,0,0,0,27
10/15/2001,HTS,WV,AEA,CE,Towers with Radar,22,24,3,0,49,0,0,0,0,0,22,24,3,0,49,80,0,80,129
10/16/2001,HTS,WV,AEA,CE,Towers with Radar,26,11,16,0,53,0,0,1,0,1,26,11,17,0,54,4,0,4,58
10/17/2001,HTS,WV,AEA,CE,Towers with Radar,26,9,16,13,64,0,0,14,1,15,26,9,30,14,79,25,0,25,104
10/18/2001,HTS,WV,AEA,CE,Towers with Radar,28,9,34,6,77,0,0,69,0,69,28,9,103,6,146,105,0,105,251
10/19/2001,HTS,WV,AEA,CE,Towers with Radar,28,12,16,0,56,0,0,32,0,32,28,12,48,0,88,80,0,80,168
10/20/2001,HTS,WV,AEA,CE,Towers with Radar,21,12,8,0,41,0,0,63,0,63,21,12,71,0,104,100,0,100,204
10/21/2001,HTS,WV,AEA,CE,Towers with Radar,20,0,27,1,48,0,0,63,0,63,20,0,90,1,111,72,0,72,183
10/22/2001,HTS,WV,AEA,CE,Towers with Radar,22,3,16,2,43,0,0,31,0,31,22,3,47,2,74,76,0,76,150
10/23/2001,HTS,WV,AEA,CE,Towers with Radar,26,8,31,0,65,0,0,13,0,13,26,8,44,0,78,44,0,44,122
10/24/2001,HTS,WV,AEA,CE,Towers with Radar,28,11,14,16,69,0,0,5,0,5,28,11,19,16,74,36,0,36,110
10/25/2001,HTS,WV,AEA,CE,Towers with Radar,27,10,19,6,62,0,5,6,2,13,27,15,25,8,75,38,0,38,113
10/26/2001,HTS,WV,AEA,CE,Towers with Radar,26,13,23,0,62,1,4,1,0,6,27,17,24,0,68,46,0,46,114
10/27/2001,HTS,WV,AEA,CE,Towers with Radar,25,5,4,0,34,2,0,15,0,17,27,5,19,0,51,66,0,66,117
10/28/2001,HTS,WV,AEA,CE,Towers with Radar,19,0,23,1,43,0,0,37,0,37,19,0,60,1,80,24,0,24,104
10/29/2001,HTS,WV,AEA,CE,Towers with Radar,21,2,25,3,51,0,0,53,1,54,21,2,78,4,105,65,0,65,170
10/30/2001,HTS,WV,AEA,CE,Towers with Radar,26,11,15,0,52,0,0,26,0,26,26,11,41,0,78,67,0,67,145
10/31/2001,HTS,WV,AEA,CE,Towers with Radar,32,13,27,0,72,0,0,0,0,0,32,13,27,0,72,91,0,91,163
11/01/2001,HTS,WV,AEA,CE,Towers with Radar,25,7,23,9,64,0,1,18,2,21,25,8,41,11,85,38,0,38,123
11/02/2001,HTS,WV,AEA,CE,Towers with Radar,22,7,20,0,49,4,0,18,0,22,26,7,38,0,71,78,0,78,149
11/03/2001,HTS,WV,AEA,CE,Towers with Radar,14,11,8,4,37,0,0,35,2,37,14,11,43,6,74,128,22,150,224
11/04/2001,HTS,WV,AEA,CE,Towers with Radar,18,9,13,0,40,0,2,50,0,52,18,11,63,0,92,114,0,114,206
11/05/2001,HTS,WV,AEA,CE,Towers with Radar,16,8,16,0,40,0,3,22,0,25,16,11,38,0,65,72,0,72,137
11/06/2001,HTS,WV,AEA,CE,Towers with Radar,23,4,26,0,53,0,2,60,0,62,23,6,86,0,115,112,0,112,227
11/07/2001,HTS,WV,AEA,CE,Towers with Radar,25,11,20,0,56,0,0,45,0,45,25,11,65,0,101,84,0,84,185
11/08/2001,HTS,WV,AEA,CE,Towers with Radar,23,22,35,0,80,0,0,21,0,21,23,22,56,0,101,24,0,24,125
11/09/2001,HTS,WV,AEA,CE,Towers with Radar,25,17,29,4,75,0,0,55,0,55,25,17,84,4,130,80,0,80,210
11/10/2001,HTS,WV,AEA,CE,Towers with Radar,24,3,11,0,38,0,0,72,0,72,24,3,83,0,110,66,0,66,176
11/11/2001,HTS,WV,AEA,CE,Towers with Radar,18,0,15,0,33,0,0,45,0,45,18,0,60,0,78,80,2,82,160
11/12/2001,HTS,WV,AEA,CE,Towers with Radar,19,11,24,2,56,0,0,23,0,23,19,11,47,2,79,42,0,42,121
11/13/2001,HTS,WV,AEA,CE,Towers with Radar,28,16,47,0,91,0,0,19,1,20,28,16,66,1,111,118,0,118,229
11/14/2001,HTS,WV,AEA,CE,Towers with Radar,23,31,45,11,110,0,0,22,0,22,23,31,67,11,132,148,0,148,280
11/15/2001,HTS,WV,AEA,CE,Towers with Radar,23,27,25,4,79,0,0,39,0,39,23,27,64,4,118,144,8,152,270
11/16/2001,HTS,WV,AEA,CE,Towers with Radar,22,11,30,1,64,0,0,29,0,29,22,11,59,1,93,122,0,122,215
11/17/2001,HTS,WV,AEA,CE,Towers with Radar,18,10,15,0,43,0,0,28,1,29,18,10,43,1,72,78,0,78,150
11/18/2001,HTS,WV,AEA,CE,Towers with Radar,16,2,2,0,20,0,0,26,2,28,16,2,28,2,48,140,0,140,188
11/19/2001,HTS,WV,AEA,CE,Towers with Radar,20,2,9,0,31,0,0,3,0,3,20,2,12,0,34,36,0,36,70
11/20/2001,HTS,WV,AEA,CE,Towers with Radar,24,10,17,11,62,0,0,37,2,39,24,10,54,13,101,80,22,102,203
11/21/2001,HTS,WV,AEA,CE,Towers with Radar,20,6,30,0,56,0,0,74,0,74,20,6,104,0,130,118,0,118,248
11/22/2001,HTS,WV,AEA,CE,Towers with Radar,11,3,2,0,16,0,0,17,0,17,11,3,19,0,33,42,0,42,75
11/23/2001,HTS,WV,AEA,CE,Towers with Radar,24,12,13,0,49,0,0,18,0,18,24,12,31,0,67,102,0,102,169
11/24/2001,HTS,WV,AEA,CE,Towers with Radar,22,5,16,0,43,0,0,7,0,7,22,5,23,0,50,30,0,30,80
11/25/2001,HTS,WV,AEA,CE,Towers with Radar,19,2,14,0,35,0,0,13,0,13,19,2,27,0,48,92,0,92,140
11/26/2001,HTS,WV,AEA,CE,Towers with Radar,22,7,8,0,37,0,0,29,0,29,22,7,37,0,66,98,0,98,164
11/27/2001,HTS,WV,AEA,CE,Towers with Radar,23,10,26,0,59,0,0,12,0,12,23,10,38,0,71,38,0,38,109
11/28/2001,HTS,WV,AEA,CE,Towers with Radar,22,10,22,1,55,0,2,0,9,11,22,12,22,10,66,0,0,0,66
11/29/2001,HTS,WV,AEA,CE,Towers with Radar,20,14,26,0,60,0,0,10,0,10,20,14,36,0,70,0,0,0,70
11/30/2001,HTS,WV,AEA,CE,Towers with Radar,26,8,22,0,56,0,0,6,0,6,26,8,28,0,62,18,0,18,80
12/01/2001,HTS,WV,AEA,CE,Towers with Radar,19,23,25,0,67,1,0,11,0,12,20,23,36,0,79,100,0,100,179
12/02/2001,HTS,WV,AEA,CE,Towers with Radar,17,3,23,0,43,1,0,43,0,44,18,3,66,0,87,100,0,100,187
12/03/2001,HTS,WV,AEA,CE,Towers with Radar,20,23,21,0,64,0,3,17,4,24,20,26,38,4,88,46,0,46,134
12/04/2001,HTS,WV,AEA,CE,Towers with Radar,21,10,14,0,45,0,4,65,0,69,21,14,79,0,114,112,0,112,226
12/05/2001,HTS,WV,AEA,CE,Towers with Radar,23,46,24,5,98,0,0,39,1,40,23,46,63,6,138,136,0,136,274
12/06/2001,HTS,WV,AEA,CE,Towers with Radar,23,16,16,1,56,0,0,8,1,9,23,16,24,2,65,28,0,28,93
12/07/2001,HTS,WV,AEA,CE,Towers with Radar,29,20,22,1,72,0,0,8,0,8,29,20,30,1,80,38,0,38,118
12/08/2001,HTS,WV,AEA,CE,Towers with Radar,21,4,12,0,37,0,0,0,0,0,21,4,12,0,37,0,0,0,37
12/09/2001,HTS,WV,AEA,CE,Towers with Radar,17,0,15,2,34,0,0,21,0,21,17,0,36,2,55,75,0,75,130
12/10/2001,HTS,WV,AEA,CE,Towers with Radar,19,4,30,5,58,0,0,18,0,18,19,4,48,5,76,60,12,72,148
12/11/2001,HTS,WV,AEA,CE,Towers with Radar,22,7,15,0,44,0,0,18,0,18,22,7,33,0,62,24,0,24,86
12/12/2001,HTS,WV,AEA,CE,Towers with Radar,22,7,28,0,57,0,0,12,0,12,22,7,40,0,69,110,0,110,179
12/13/2001,HTS,WV,AEA,CE,Towers with Radar,20,26,19,2,67,0,0,9,1,10,20,26,28,3,77,62,0,62,139
12/14/2001,HTS,WV,AEA,CE,Towers with Radar,30,15,13,0,58,0,0,4,0,4,30,15,17,0,62,29,0,29,91
12/15/2001,HTS,WV,AEA,CE,Towers with Radar,18,32,21,0,71,0,1,20,0,21,18,33,41,0,92,76,0,76,168
12/16/2001,HTS,WV,AEA,CE,Towers with Radar,19,4,4,0,27,0,10,27,0,37,19,14,31,0,64,24,0,24,88
12/17/2001,HTS,WV,AEA,CE,Towers with Radar,20,7,21,0,48,0,0,3,0,3,20,7,24,0,51,12,0,12,63
12/18/2001,HTS,WV,AEA,CE,Towers with Radar,28,15,18,0,61,0,0,39,0,39,28,15,57,0,100,118,0,118,218
12/19/2001,HTS,WV,AEA,CE,Towers with Radar,29,27,35,2,93,0,0,24,0,24,29,27,59,2,117,92,0,92,209
12/20/2001,HTS,WV,AEA,CE,Towers with Radar,31,6,18,0,55,0,0,10,0,10,31,6,28,0,65,74,0,74,139
12/21/2001,HTS,WV,AEA,CE,Towers with Radar,21,7,23,0,51,0,0,32,0,32,21,7,55,0,83,40,0,40,123
12/22/2001,HTS,WV,AEA,CE,Towers with Radar,19,5,11,3,38,0,0,31,0,31,19,5,42,3,69,98,0,98,167
12/23/2001,HTS,WV,AEA,CE,Towers with Radar,13,12,6,0,31,0,0,0,0,0,13,12,6,0,31,0,0,0,31
12/24/2001,HTS,WV,AEA,CE,Towers with Radar,16,2,0,0,18,0,0,5,0,5,16,2,5,0,23,0,0,0,23
12/25/2001,HTS,WV,AEA,CE,Towers with Radar,9,0,0,0,9,0,0,7,0,7,9,0,7,0,16,0,0,0,16
12/26/2001,HTS,WV,AEA,CE,Towers with Radar,22,6,20,0,48,0,0,22,0,22,22,6,42,0,70,120,0,120,190
12/27/2001,HTS,WV,AEA,CE,Towers with Radar,20,14,16,0,50,0,0,13,0,13,20,14,29,0,63,90,0,90,153
12/28/2001,HTS,WV,AEA,CE,Towers with Radar,20,10,4,0,34,0,0,3,0,3,20,10,7,0,37,18,0,18,55
12/29/2001,HTS,WV,AEA,CE,Towers with Radar,20,12,12,0,44,0,0,4,0,4,20,12,16,0,48,4,0,4,52
12/30/2001,HTS,WV,AEA,CE,Towers with Radar,0,1,9,0,10,18,4,7,0,29,18,5,16,0,39,38,0,38,77
12/31/2001,HTS,WV,AEA,CE,Towers with Radar,19,4,15,0,38,0,0,12,0,12,19,4,27,0,50,0,0,0,50
01/01/2002,HTS,WV,AEA,CE,Towers with Radar,17,0,14,0,31,1,0,44,0,45,18,0,58,0,76,96,0,96,172
01/02/2002,HTS,WV,AEA,CE,Towers with Radar,19,8,22,0,49,1,0,23,0,24,20,8,45,0,73,104,0,104,177
01/03/2002,HTS,WV,AEA,CE,Towers with Radar,19,8,28,0,55,0,0,16,0,16,19,8,44,0,71,58,0,58,129
01/04/2002,HTS,WV,AEA,CE,Towers with Radar,23,9,24,0,56,0,0,41,0,41,23,9,65,0,97,22,0,22,119
01/05/2002,HTS,WV,AEA,CE,Towers with Radar,21,8,17,0,46,1,0,26,0,27,22,8,43,0,73,72,0,72,145
01/06/2002,HTS,WV,AEA,CE,Towers with Radar,8,0,2,0,10,1,0,0,0,1,9,0,2,0,11,0,0,0,11
01/07/2002,HTS,WV,AEA,CE,Towers with Radar,21,4,15,0,40,1,0,3,0,4,22,4,18,0,44,0,0,0,44
01/08/2002,HTS,WV,AEA,CE,Towers with Radar,23,8,21,0,52,1,0,12,0,13,24,8,33,0,65,74,0,74,139
01/09/2002,HTS,WV,AEA,CE,Towers with Radar,19,16,18,0,53,1,0,11,0,12,20,16,29,0,65,32,0,32,97
01/10/2002,HTS,WV,AEA,CE,Towers with Radar,24,15,26,0,65,0,0,5,2,7,24,15,31,2,72,12,0,12,84
01/11/2002,HTS,WV,AEA,CE,Towers with Radar,25,8,13,13,59,0,0,15,0,15,25,8,28,13,74,40,0,40,114
01/12/2002,HTS,WV,AEA,CE,Towers with Radar,22,3,4,0,29,0,0,28,0,28,22,3,32,0,57,68,0,68,125
01/13/2002,HTS,WV,AEA,CE,Towers with Radar,16,8,14,0,38,0,16,42,0,58,16,24,56,0,96,112,0,112,208
01/14/2002,HTS,WV,AEA,CE,Towers with Radar,21,4,12,0,37,0,8,8,0,16,21,12,20,0,53,42,0,42,95
01/15/2002,HTS,WV,AEA,CE,Towers with Radar,24,24,21,0,69,0,0,6,0,6,24,24,27,0,75,34,0,34,109
01/16/2002,HTS,WV,AEA,CE,Towers with Radar,24,20,28,11,83,0,0,20,0,20,24,20,48,11,103,48,16,64,167
01/17/2002,HTS,WV,AEA,CE,Towers with Radar,24,10,15,2,51,0,0,12,0,12,24,10,27,2,63,36,0,36,99
01/18/2002,HTS,WV,AEA,CE,Towers with Radar,25,8,29,2,64,0,0,24,0,24,25,8,53,2,88,36,0,36,124
01/19/2002,HTS,WV,AEA,CE,Towers with Radar,20,4,2,0,26,0,0,1,0,1,20,4,3,0,27,0,0,0,27
01/20/2002,HTS,WV,AEA,CE,Towers with Radar,17,1,20,0,38,0,0,2,0,2,17,1,22,0,40,34,0,34,74
01/21/2002,HTS,WV,AEA,CE,Towers with Radar,20,4,15,0,39,0,0,10,0,10,20,4,25,0,49,38,0,38,87
01/22/2002,HTS,WV,AEA,CE,Towers with Radar,22,7,12,1,42,0,0,49,4,53,22,7,61,5,95,146,0,146,241
01/23/2002,HTS,WV,AEA,CE,Towers with Radar,21,12,12,0,45,0,0,8,0,8,21,12,20,0,53,36,0,36,89
01/24/2002,HTS,WV,AEA,CE,Towers with Radar,20,15,19,0,54,0,0,0,0,0,20,15,19,0,54,0,0,0,54
01/25/2002,HTS,WV,AEA,CE,Towers with Radar,24,7,14,0,45,0,3,52,0,55,24,10,66,0,100,30,0,30,130
01/26/2002,HTS,WV,AEA,CE,Towers with Radar,20,18,9,0,47,0,0,40,0,40,20,18,49,0,87,40,0,40,127
01/27/2002,HTS,WV,AEA,CE,Towers with Radar,18,8,36,0,62,0,0,48,0,48,18,8,84,0,110,166,0,166,276
01/28/2002,HTS,WV,AEA,CE,Towers with Radar,20,7,27,0,54,0,0,43,0,43,20,7,70,0,97,116,0,116,213
01/29/2002,HTS,WV,AEA,CE,Towers with Radar,29,7,33,0,69,0,0,9,0,9,29,7,42,0,78,54,0,54,132
01/30/2002,HTS,WV,AEA,CE,Towers with Radar,23,9,21,0,53,0,0,2,0,2,23,9,23,0,55,0,0,0,55
01/31/2002,HTS,WV,AEA,CE,Towers with Radar,24,11,24,0,59,0,2,5,0,7,24,13,29,0,66,4,0,4,70
02/01/2002,HTS,WV,AEA,CE,Towers with Radar,24,7,8,0,39,1,0,1,0,2,25,7,9,0,41,0,0,0,41
02/02/2002,HTS,WV,AEA,CE,Towers with Radar,0,3,3,0,6,0,18,0,58,76,0,21,3,58,82,0,110,110,192
02/03/2002,HTS,WV,AEA,CE,Towers with Radar,0,0,0,1,1,0,18,0,29,47,0,18,0,30,48,0,20,20,68
02/04/2002,HTS,WV,AEA,CE,Towers with Radar,0,4,4,1,9,0,17,0,13,30,0,21,4,14,39,0,14,14,53
02/05/2002,HTS,WV,AEA,CE,Towers with Radar,22,8,19,7,56,0,0,25,0,25,22,8,44,7,81,120,44,164,245
02/06/2002,HTS,WV,AEA,CE,Towers with Radar,20,7,14,2,43,0,0,5,0,5,20,7,19,2,48,0,0,0,48
02/07/2002,HTS,WV,AEA,CE,Towers with Radar,22,16,12,0,50,0,0,0,0,0,22,16,12,0,50,52,0,52,102
02/08/2002,HTS,WV,AEA,CE,Towers with Radar,26,6,22,0,54,0,0,0,0,0,26,6,22,0,54,6,0,6,60
02/09/2002,HTS,WV,AEA,CE,Towers with Radar,22,8,13,0,43,0,0,0,0,0,22,8,13,0,43,52,0,52,95
02/10/2002,HTS,WV,AEA,CE,Towers with Radar,16,2,10,0,28,0,0,9,0,9,16,2,19,0,37,38,0,38,75
02/11/2002,HTS,WV,AEA,CE,Towers with Radar,22,4,13,0,39,0,0,12,0,12,22,4,25,0,51,52,0,52,103
02/12/2002,HTS,WV,AEA,CE,Towers with Radar,22,12,25,0,59,0,0,18,0,18,22,12,43,0,77,22,0,22,99
02/13/2002,HTS,WV,AEA,CE,Towers with Radar,27,9,21,0,57,0,3,24,0,27,27,12,45,0,84,31,0,31,115
02/14/2002,HTS,WV,AEA,CE,Towers with Radar,24,11,20,13,68,0,0,46,0,46,24,11,66,13,114,70,0,70,184
02/15/2002,HTS,WV,AEA,CE,Towers with Radar,22,10,30,0,62,0,0,26,0,26,22,10,56,0,88,32,0,32,120
02/16/2002,HTS,WV,AEA,CE,Towers with Radar,16,3,12,0,31,6,0,9,0,15,22,3,21,0,46,24,0,24,70
02/17/2002,HTS,WV,AEA,CE,Towers with Radar,18,0,3,0,21,0,0,12,0,12,18,0,15,0,33,68,0,68,101
02/18/2002,HTS,WV,AEA,CE,Towers with Radar,20,2,22,0,44,0,0,63,0,63,20,2,85,0,107,94,0,94,201
02/19/2002,HTS,WV,AEA,CE,Towers with Radar,26,9,21,2,58,0,0,11,17,28,26,9,32,19,86,90,22,112,198
02/20/2002,HTS,WV,AEA,CE,Towers with Radar,23,15,25,0,63,0,0,11,0,11,23,15,36,0,74,20,0,20,94
02/21/2002,HTS,WV,AEA,CE,Towers with Radar,33,11,24,0,68,0,0,0,0,0,33,11,24,0,68,96,0,96,164
02/22/2002,HTS,WV,AEA,CE,Towers with Radar,27,28,24,0,79,0,0,5,2,7,27,28,29,2,86,18,0,18,104
02/23/2002,HTS,WV,AEA,CE,Towers with Radar,22,4,16,0,42,0,0,40,0,40,22,4,56,0,82,88,0,88,170
02/24/2002,HTS,WV,AEA,CE,Towers with Radar,19,0,19,0,38,0,0,50,0,50,19,0,69,0,88,110,0,110,198
02/25/2002,HTS,WV,AEA,CE,Towers with Radar,19,1,28,0,48,0,0,64,0,64,19,1,92,0,112,16,0,16,128
02/26/2002,HTS,WV,AEA,CE,Towers with Radar,21,13,12,0,46,0,0,0,0,0,21,13,12,0,46,0,0,0,46
02/27/2002,HTS,WV,AEA,CE,Towers with Radar,25,10,7,0,42,0,0,6,0,6,25,10,13,0,48,0,0,0,48
02/28/2002,HTS,WV,AEA,CE,Towers with Radar,25,12,15,0,52,0,1,16,0,17,25,13,31,0,69,90,0,90,159
03/01/2002,HTS,WV,AEA,CE,Towers with Radar,33,15,28,0,76,1,0,28,0,29,34,15,56,0,105,128,0,128,233
03/02/2002,HTS,WV,AEA,CE,Towers with Radar,22,4,5,0,31,1,0,2,0,3,23,4,7,0,34,0,0,0,34
03/03/2002,HTS,WV,AEA,CE,Towers with Radar,19,4,7,0,30,1,0,0,0,1,20,4,7,0,31,0,0,0,31
03/04/2002,HTS,WV,AEA,CE,Towers with Radar,19,3,10,1,33,0,0,3,1,4,19,3,13,2,37,10,0,10,47
03/05/2002,HTS,WV,AEA,CE,Towers with Radar,24,10,26,0,60,1,0,15,2,18,25,10,41,2,78,96,0,96,174
03/06/2002,HTS,WV,AEA,CE,Towers with Radar,24,29,15,0,68,1,0,26,0,27,25,29,41,0,95,115,0,115,210
03/07/2002,HTS,WV,AEA,CE,Towers with Radar,22,8,31,0,61,1,0,53,0,54,23,8,84,0,115,66,0,66,181
03/08/2002,HTS,WV,AEA,CE,Towers with Radar,27,11,25,0,63,0,3,18,0,21,27,14,43,0,84,74,0,74,158
03/09/2002,HTS,WV,AEA,CE,Towers with Radar,21,6,5,0,32,1,0,0,0,1,22,6,5,0,33,10,0,10,43
03/10/2002,HTS,WV,AEA,CE,Towers with Radar,14,8,18,0,40,0,0,9,0,9,14,8,27,0,49,30,0,30,79
03/11/2002,HTS,WV,AEA,CE,Towers with Radar,21,5,9,0,35,0,0,76,0,76,21,5,85,0,111,58,0,58,169
03/12/2002,HTS,WV,AEA,CE,Towers with Radar,27,10,21,7,65,0,0,12,1,13,27,10,33,8,78,14,30,44,122
03/13/2002,HTS,WV,AEA,CE,Towers with Radar,26,7,26,13,72,0,0,16,0,16,26,7,42,13,88,122,20,142,230
03/14/2002,HTS,WV,AEA,CE,Towers with Radar,27,5,24,1,57,0,0,29,6,35,27,5,53,7,92,118,0,118,210
03/15/2002,HTS,WV,AEA,CE,Towers with Radar,24,8,18,0,50,0,0,11,0,11,24,8,29,0,61,0,0,0,61
03/16/2002,HTS,WV,AEA,CE,Towers with Radar,22,7,16,0,45,0,0,1,0,1,22,7,17,0,46,0,0,0,46
03/17/2002,HTS,WV,AEA,CE,Towers with Radar,21,0,3,0,24,0,0,1,0,1,21,0,4,0,25,0,0,0,25
03/18/2002,HTS,WV,AEA,CE,Towers with Radar,18,4,17,0,39,0,0,1,0,1,18,4,18,0,40,8,0,8,48
03/19/2002,HTS,WV,AEA,CE,Towers with Radar,25,7,13,2,47,0,0,1,0,1,25,7,14,2,48,0,0,0,48
03/20/2002,HTS,WV,AEA,CE,Towers with Radar,27,6,22,0,55,0,8,0,0,8,27,14,22,0,63,0,0,0,63
03/21/2002,HTS,WV,AEA,CE,Towers with Radar,22,17,13,0,52,0,0,6,0,6,22,17,19,0,58,28,0,28,86
03/22/2002,HTS,WV,AEA,CE,Towers with Radar,22,14,28,2,66,0,0,24,2,26,22,14,52,4,92,64,0,64,156
03/23/2002,HTS,WV,AEA,CE,Towers with Radar,22,3,17,0,42,0,0,29,0,29,22,3,46,0,71,68,0,68,139
03/24/2002,HTS,WV,AEA,CE,Towers with Radar,20,13,24,0,57,0,0,43,0,43,20,13,67,0,100,135,0,135,235
03/25/2002,HTS,WV,AEA,CE,Towers with Radar,22,4,21,0,47,0,0,8,0,8,22,4,29,0,55,8,0,8,63
03/26/2002,HTS,WV,AEA,CE,Towers with Radar,26,8,17,0,51,0,0,0,0,0,26,8,17,0,51,0,0,0,51
03/27/2002,HTS,WV,AEA,CE,Towers with Radar,24,9,18,0,51,0,0,19,0,19,24,9,37,0,70,32,0,32,102
03/28/2002,HTS,WV,AEA,CE,Towers with Radar,26,7,29,2,64,0,0,44,0,44,26,7,73,2,108,120,0,120,228
03/29/2002,HTS,WV,AEA,CE,Towers with Radar,27,9,18,0,54,0,0,20,1,21,27,9,38,1,75,68,0,68,143
03/30/2002,HTS,WV,AEA,CE,Towers with Radar,24,4,25,0,53,0,0,28,0,28,24,4,53,0,81,94,0,94,175
03/31/2002,HTS,WV,AEA,CE,Towers with Radar,21,0,2,0,23,0,0,0,0,0,21,0,2,0,23,0,0,0,23
04/01/2002,HTS,WV,AEA,CE,Towers with Radar,21,5,21,2,49,1,0,28,2,31,22,5,49,4,80,134,0,134,214
04/02/2002,HTS,WV,AEA,CE,Towers with Radar,26,11,24,2,63,0,0,31,0,31,26,11,55,2,94,86,0,86,180
04/03/2002,HTS,WV,AEA,CE,Towers with Radar,26,11,16,0,53,0,0,10,0,10,26,11,26,0,63,4,0,4,67
04/04/2002,HTS,WV,AEA,CE,Towers with Radar,29,7,18,0,54,0,0,39,0,39,29,7,57,0,93,70,0,70,163
04/05/2002,HTS,WV,AEA,CE,Towers with Radar,25,9,20,0,54,1,2,26,0,29,26,11,46,0,83,108,0,108,191
04/06/2002,HTS,WV,AEA,CE,Towers with Radar,26,4,29,0,59,0,0,32,0,32,26,4,61,0,91,132,0,132,223
04/07/2002,HTS,WV,AEA,CE,Towers with Radar,19,8,18,0,45,0,3,70,0,73,19,11,88,0,118,116,0,116,234
04/08/2002,HTS,WV,AEA,CE,Towers with Radar,22,13,19,0,54,0,0,18,0,18,22,13,37,0,72,44,0,44,116
04/09/2002,HTS,WV,AEA,CE,Towers with Radar,0,13,13,0,26,0,8,0,19,27,0,21,13,19,53,0,0,0,53
04/10/2002,HTS,WV,AEA,CE,Towers with Radar,27,13,17,7,64,0,1,38,3,42,27,14,55,10,106,114,46,160,266
04/11/2002,HTS,WV,AEA,CE,Towers with Radar,28,15,24,2,69,0,0,29,1,30,28,15,53,3,99,142,4,146,245
04/12/2002,HTS,WV,AEA,CE,Towers with Radar,25,21,11,0,57,0,0,7,0,7,25,21,18,0,64,28,0,28,92
04/13/2002,HTS,WV,AEA,CE,Towers with Radar,24,3,30,0,57,0,0,5,0,5,24,3,35,0,62,42,0,42,104
04/14/2002,HTS,WV,AEA,CE,Towers with Radar,19,10,17,0,46,0,0,15,0,15,19,10,32,0,61,82,0,82,143
04/15/2002,HTS,WV,AEA,CE,Towers with Radar,20,4,14,2,40,0,0,27,0,27,20,4,41,2,67,42,0,42,109
04/16/2002,HTS,WV,AEA,CE,Towers with Radar,28,8,26,0,62,1,0,26,0,27,29,8,52,0,89,76,0,76,165
04/17/2002,HTS,WV,AEA,CE,Towers with Radar,20,15,29,0,64,0,2,16,0,18,20,17,45,0,82,46,0,46,128
04/18/2002,HTS,WV,AEA,CE,Towers with Radar,18,11,21,0,50,0,0,40,0,40,18,11,61,0,90,97,0,97,187
04/19/2002,HTS,WV,AEA,CE,Towers with Radar,24,17,12,0,53,1,0,27,0,28,25,17,39,0,81,74,0,74,155
04/20/2002,HTS,WV,AEA,CE,Towers with Radar,22,3,11,0,36,1,0,14,0,15,23,3,25,0,51,32,0,32,83
04/21/2002,HTS,WV,AEA,CE,Towers with Radar,17,2,14,0,33,1,0,0,0,1,18,2,14,0,34,0,0,0,34
04/22/2002,HTS,WV,AEA,CE,Towers with Radar,17,6,49,2,74,1,0,10,0,11,18,6,59,2,85,46,0,46,131
04/23/2002,HTS,WV,AEA,CE,Towers with Radar,25,8,29,11,73,0,0,77,1,78,25,8,106,12,151,98,20,118,269
04/24/2002,HTS,WV,AEA,CE,Towers with Radar,26,8,18,5,57,0,1,46,3,50,26,9,64,8,107,96,30,126,233
04/25/2002,HTS,WV,AEA,CE,Towers with Radar,25,7,26,3,61,0,1,15,0,16,25,8,41,3,77,22,0,22,99
04/26/2002,HTS,WV,AEA,CE,Towers with Radar,22,15,35,0,72,0,0,63,4,67,22,15,98,4,139,126,0,126,265
04/27/2002,HTS,WV,AEA,CE,Towers with Radar,23,2,6,0,31,0,1,14,0,15,23,3,20,0,46,34,0,34,80
04/28/2002,HTS,WV,AEA,CE,Towers with Radar,21,0,1,0,22,0,0,3,0,3,21,0,4,0,25,0,0,0,25
04/29/2002,HTS,WV,AEA,CE,Towers with Radar,23,4,17,0,44,0,2,10,0,12,23,6,27,0,56,8,2,10,66
04/30/2002,HTS,WV,AEA,CE,Towers with Radar,25,12,13,0,50,0,0,48,0,48,25,12,61,0,98,74,0,74,172
05/01/2002,HTS,WV,AEA,CE,Towers with Radar,24,11,19,18,72,0,2,37,0,39,24,13,56,18,111,64,44,108,219
05/02/2002,HTS,WV,AEA,CE,Towers with Radar,22,13,15,0,50,0,1,1,0,2,22,14,16,0,52,0,0,0,52
05/03/2002,HTS,WV,AEA,CE,Towers with Radar,22,6,19,0,47,0,1,104,0,105,22,7,123,0,152,106,0,106,258
05/04/2002,HTS,WV,AEA,CE,Towers with Radar,13,1,15,1,30,0,1,12,0,13,13,2,27,1,43,18,0,18,61
05/05/2002,HTS,WV,AEA,CE,Towers with Radar,25,5,18,0,48,4,0,39,0,43,29,5,57,0,91,150,0,150,241
05/06/2002,HTS,WV,AEA,CE,Towers with Radar,20,1,14,2,37,0,1,10,0,11,20,2,24,2,48,8,0,8,56
05/07/2002,HTS,WV,AEA,CE,Towers with Radar,23,9,12,0,44,0,1,2,0,3,23,10,14,0,47,0,0,0,47
05/08/2002,HTS,WV,AEA,CE,Towers with Radar,19,22,12,0,53,0,1,0,0,1,19,23,12,0,54,2,0,2,56
05/09/2002,HTS,WV,AEA,CE,Towers with Radar,24,8,12,0,44,0,0,8,0,8,24,8,20,0,52,4,0,4,56
05/10/2002,HTS,WV,AEA,CE,Towers with Radar,23,10,30,0,63,0,0,97,0,97,23,10,127,0,160,60,0,60,220
05/11/2002,HTS,WV,AEA,CE,Towers with Radar,25,4,12,0,41,0,0,33,0,33,25,4,45,0,74,70,0,70,144
05/12/2002,HTS,WV,AEA,CE,Towers with Radar,21,0,7,0,28,0,0,13,0,13,21,0,20,0,41,6,0,6,47
05/13/2002,HTS,WV,AEA,CE,Towers with Radar,18,2,19,0,39,0,0,0,0,0,18,2,19,0,39,0,0,0,39
05/14/2002,HTS,WV,AEA,CE,Towers with Radar,24,20,12,1,57,0,0,0,0,0,24,20,12,1,57,65,9,74,131
05/15/2002,HTS,WV,AEA,CE,Towers with Radar,23,33,12,0,68,0,0,0,0,0,23,33,12,0,68,64,0,64,132
05/16/2002,HTS,WV,AEA,CE,Towers with Radar,21,19,15,0,55,0,0,22,0,22,21,19,37,0,77,38,0,38,115
05/17/2002,HTS,WV,AEA,CE,Towers with Radar,19,12,4,0,35,0,0,16,0,16,19,12,20,0,51,46,0,46,97
05/18/2002,HTS,WV,AEA,CE,Towers with Radar,18,14,12,0,44,0,0,12,0,12,18,14,24,0,56,20,0,20,76
05/19/2002,HTS,WV,AEA,CE,Towers with Radar,21,5,20,0,46,0,0,20,0,20,21,5,40,0,66,50,0,50,116
05/20/2002,HTS,WV,AEA,CE,Towers with Radar,16,3,18,0,37,0,0,9,0,9,16,3,27,0,46,4,0,4,50
05/21/2002,HTS,WV,AEA,CE,Towers with Radar,29,12,28,0,69,0,0,29,0,29,29,12,57,0,98,82,0,82,180
05/22/2002,HTS,WV,AEA,CE,Towers with Radar,30,8,23,2,63,0,0,48,0,48,30,8,71,2,111,62,20,82,193
05/23/2002,HTS,WV,AEA,CE,Towers with Radar,25,11,19,1,56,0,0,81,0,81,25,11,100,1,137,196,0,196,333
05/24/2002,HTS,WV,AEA,CE,Towers with Radar,26,24,18,0,68,0,0,44,0,44,26,24,62,0,112,82,0,82,194
05/25/2002,HTS,WV,AEA,CE,Towers with Radar,17,68,18,0,103,0,0,23,0,23,17,68,41,0,126,0,0,0,126
05/26/2002,HTS,WV,AEA,CE,Towers with Radar,24,4,5,0,33,0,0,19,0,19,24,4,24,0,52,40,0,40,92
05/27/2002,HTS,WV,AEA,CE,Towers with Radar,20,0,10,0,30,0,0,36,0,36,20,0,46,0,66,66,0,66,132
05/28/2002,HTS,WV,AEA,CE,Towers with Radar,18,6,6,0,30,0,0,0,0,0,18,6,6,0,30,13,1,14,44
05/29/2002,HTS,WV,AEA,CE,Towers with Radar,22,8,15,0,45,0,0,32,0,32,22,8,47,0,77,50,0,50,127
05/30/2002,HTS,WV,AEA,CE,Towers with Radar,27,20,42,0,89,0,0,28,0,28,27,20,70,0,117,44,0,44,161
05/31/2002,HTS,WV,AEA,CE,Towers with Radar,27,8,21,0,56,0,0,20,0,20,27,8,41,0,76,22,0,22,98
06/01/2002,HTS,WV,AEA,CE,Towers with Radar,21,4,16,0,41,0,1,15,0,16,21,5,31,0,57,4,0,4,61
06/02/2002,HTS,WV,AEA,CE,Towers with Radar,23,3,14,0,40,0,1,29,3,33,23,4,43,3,73,84,0,84,157
06/03/2002,HTS,WV,AEA,CE,Towers with Radar,23,2,18,0,43,0,1,28,0,29,23,3,46,0,72,70,0,70,142
06/04/2002,HTS,WV,AEA,CE,Towers with Radar,27,18,31,0,76,0,1,21,1,23,27,19,52,1,99,112,0,112,211
06/05/2002,HTS,WV,AEA,CE,Towers with Radar,26,11,16,0,53,0,1,22,0,23,26,12,38,0,76,66,0,66,142
06/06/2002,HTS,WV,AEA,CE,Towers with Radar,19,35,9,0,63,0,0,1,0,1,19,35,10,0,64,16,0,16,80
06/07/2002,HTS,WV,AEA,CE,Towers with Radar,29,9,16,0,54,0,0,19,0,19,29,9,35,0,73,20,0,20,93
06/08/2002,HTS,WV,AEA,CE,Towers with Radar,23,3,9,0,35,0,0,64,0,64,23,3,73,0,99,104,0,104,203
06/09/2002,HTS,WV,AEA,CE,Towers with Radar,18,0,8,12,38,0,0,19,0,19,18,0,27,12,57,50,0,50,107
06/10/2002,HTS,WV,AEA,CE,Towers with Radar,16,4,4,0,24,0,0,21,0,21,16,4,25,0,45,62,0,62,107
06/11/2002,HTS,WV,AEA,CE,Towers with Radar,19,6,22,1,48,0,0,18,1,19,19,6,40,2,67,0,12,12,79
06/12/2002,HTS,WV,AEA,CE,Towers with Radar,28,14,16,0,58,0,2,17,0,19,28,16,33,0,77,88,0,88,165
06/13/2002,HTS,WV,AEA,CE,Towers with Radar,25,9,12,0,46,0,0,2,0,2,25,9,14,0,48,0,0,0,48
06/14/2002,HTS,WV,AEA,CE,Towers with Radar,26,9,14,0,49,0,0,11,0,11,26,9,25,0,60,18,0,18,78
06/15/2002,HTS,WV,AEA,CE,Towers with Radar,21,3,29,0,53,0,0,23,1,24,21,3,52,1,77,96,0,96,173
06/16/2002,HTS,WV,AEA,CE,Towers with Radar,19,2,12,0,33,0,0,54,0,54,19,2,66,0,87,58,0,58,145
06/17/2002,HTS,WV,AEA,CE,Towers with Radar,16,3,18,0,37,0,0,55,0,55,16,3,73,0,92,70,0,70,162
06/18/2002,HTS,WV,AEA,CE,Towers with Radar,27,9,30,0,66,0,0,57,4,61,27,9,87,4,127,154,0,154,281
06/19/2002,HTS,WV,AEA,CE,Towers with Radar,29,8,36,0,73,0,0,53,0,53,29,8,89,0,126,144,0,144,270
06/20/2002,HTS,WV,AEA,CE,Towers with Radar,26,8,19,0,53,0,0,64,0,64,26,8,83,0,117,136,0,136,253
06/21/2002,HTS,WV,AEA,CE,Towers with Radar,26,8,18,0,52,0,0,38,0,38,26,8,56,0,90,84,0,84,174
06/22/2002,HTS,WV,AEA,CE,Towers with Radar,26,3,26,0,55,0,0,28,0,28,26,3,54,0,83,68,0,68,151
06/23/2002,HTS,WV,AEA,CE,Towers with Radar,19,0,14,0,33,6,0,16,2,24,25,0,30,2,57,56,0,56,113
06/24/2002,HTS,WV,AEA,CE,Towers with Radar,19,1,17,6,43,0,2,28,2,32,19,3,45,8,75,22,0,22,97
06/25/2002,HTS,WV,AEA,CE,Towers with Radar,20,12,24,0,56,0,0,61,0,61,20,12,85,0,117,66,0,66,183
06/26/2002,HTS,WV,AEA,CE,Towers with Radar,28,9,21,0,58,0,1,20,2,23,28,10,41,2,81,50,0,50,131
06/27/2002,HTS,WV,AEA,CE,Towers with Radar,25,6,20,3,54,0,0,4,0,4,25,6,24,3,58,0,0,0,58
06/28/2002,HTS,WV,AEA,CE,Towers with Radar,27,9,20,0,56,0,0,19,0,19,27,9,39,0,75,50,0,50,125
06/29/2002,HTS,WV,AEA,CE,Towers with Radar,23,5,12,0,40,0,0,30,0,30,23,5,42,0,70,40,0,40,110
06/30/2002,HTS,WV,AEA,CE,Towers with Radar,20,5,6,0,31,0,0,13,0,13,20,5,19,0,44,46,0,46,90
07/01/2002,HTS,WV,AEA,CE,Towers with Radar,23,4,11,7,45,0,0,3,3,6,23,4,14,10,51,14,0,14,65
07/02/2002,HTS,WV,AEA,CE,Towers with Radar,23,9,36,0,68,0,0,23,1,24,23,9,59,1,92,26,0,26,118
07/03/2002,HTS,WV,AEA,CE,Towers with Radar,22,6,46,0,74,0,0,43,4,47,22,6,89,4,121,68,0,68,189
07/04/2002,HTS,WV,AEA,CE,Towers with Radar,22,1,16,0,39,0,0,22,0,22,22,1,38,0,61,30,0,30,91
07/05/2002,HTS,WV,AEA,CE,Towers with Radar,18,7,10,0,35,0,0,32,0,32,18,7,42,0,67,44,0,44,111
07/06/2002,HTS,WV,AEA,CE,Towers with Radar,24,3,7,0,34,0,0,22,0,22,24,3,29,0,56,116,0,116,172
07/07/2002,HTS,WV,AEA,CE,Towers with Radar,22,0,18,0,40,0,0,30,0,30,22,0,48,0,70,96,0,96,166
07/08/2002,HTS,WV,AEA,CE,Towers with Radar,22,6,11,2,41,0,0,24,0,24,22,6,35,2,65,68,0,68,133
07/09/2002,HTS,WV,AEA,CE,Towers with Radar,21,17,18,0,56,0,0,20,2,22,21,17,38,2,78,66,0,66,144
07/10/2002,HTS,WV,AEA,CE,Towers with Radar,26,14,16,0,56,0,0,11,0,11,26,14,27,0,67,22,0,22,89
07/11/2002,HTS,WV,AEA,CE,Towers with Radar,25,12,31,0,68,0,0,21,0,21,25,12,52,0,89,58,0,58,147
07/12/2002,HTS,WV,AEA,CE,Towers with Radar,20,12,20,4,56,0,1,25,4,30,20,13,45,8,86,14,0,14,100
07/13/2002,HTS,WV,AEA,CE,Towers with Radar,24,10,8,0,42,0,0,2,0,2,24,10,10,0,44,0,0,0,44
07/14/2002,HTS,WV,AEA,CE,Towers with Radar,19,0,9,0,28,0,0,2,0,2,19,0,11,0,30,4,0,4,34
07/15/2002,HTS,WV,AEA,CE,Towers with Radar,26,7,9,0,42,0,0,24,2,26,26,7,33,2,68,52,0,52,120
07/16/2002,HTS,WV,AEA,CE,Towers with Radar,26,15,12,0,53,0,0,30,2,32,26,15,42,2,85,80,0,80,165
07/17/2002,HTS,WV,AEA,CE,Towers with Radar,26,7,10,0,43,0,0,25,0,25,26,7,35,0,68,90,0,90,158
07/18/2002,HTS,WV,AEA,CE,Towers with Radar,28,10,29,7,74,0,0,9,0,9,28,10,38,7,83,38,20,58,141
07/19/2002,HTS,WV,AEA,CE,Towers with Radar,21,11,16,0,48,0,0,4,0,4,21,11,20,0,52,0,0,0,52
07/20/2002,HTS,WV,AEA,CE,Towers with Radar,21,8,11,0,40,0,0,9,0,9,21,8,20,0,49,0,0,0,49
07/21/2002,HTS,WV,AEA,CE,Towers with Radar,23,0,11,0,34,0,0,79,0,79,23,0,90,0,113,66,0,66,179
07/22/2002,HTS,WV,AEA,CE,Towers with Radar,21,16,23,0,60,0,0,50,0,50,21,16,73,0,110,86,0,86,196
07/23/2002,HTS,WV,AEA,CE,Towers with Radar,22,12,24,0,58,0,0,10,0,10,22,12,34,0,68,4,0,4,72
07/24/2002,HTS,WV,AEA,CE,Towers with Radar,25,9,23,0,57,0,0,5,0,5,25,9,28,0,62,16,0,16,78
07/25/2002,HTS,WV,AEA,CE,Towers with Radar,30,12,25,0,67,0,0,25,0,25,30,12,50,0,92,18,0,18,110
07/26/2002,HTS,WV,AEA,CE,Towers with Radar,21,31,7,0,59,0,11,5,0,16,21,42,12,0,75,16,0,16,91
07/27/2002,HTS,WV,AEA,CE,Towers with Radar,19,22,3,2,46,0,1,8,0,9,19,23,11,2,55,0,0,0,55
07/28/2002,HTS,WV,AEA,CE,Towers with Radar,22,6,7,0,35,0,1,23,0,24,22,7,30,0,59,72,2,74,133
07/29/2002,HTS,WV,AEA,CE,Towers with Radar,22,3,13,0,38,0,0,28,0,28,22,3,41,0,66,32,0,32,98
07/30/2002,HTS,WV,AEA,CE,Towers with Radar,28,9,20,2,59,0,0,34,0,34,28,9,54,2,93,52,0,52,145
07/31/2002,HTS,WV,AEA,CE,Towers with Radar,23,9,16,0,48,0,0,39,0,39,23,9,55,0,87,60,0,60,147
08/01/2002,HTS,WV,AEA,CE,Towers with Radar,23,9,9,13,54,1,0,25,0,26,24,9,34,13,80,30,0,30,110
08/02/2002,HTS,WV,AEA,CE,Towers with Radar,26,15,17,0,58,0,0,31,0,31,26,15,48,0,89,32,0,32,121
08/03/2002,HTS,WV,AEA,CE,Towers with Radar,23,4,15,0,42,0,0,48,0,48,23,4,63,0,90,48,0,48,138
08/04/2002,HTS,WV,AEA,CE,Towers with Radar,20,0,11,0,31,1,16,65,0,82,21,16,76,0,113,16,0,16,129
08/05/2002,HTS,WV,AEA,CE,Towers with Radar,19,8,18,0,45,1,0,22,0,23,20,8,40,0,68,30,0,30,98
08/06/2002,HTS,WV,AEA,CE,Towers with Radar,19,14,20,0,53,1,3,32,0,36,20,17,52,0,89,48,0,48,137
08/07/2002,HTS,WV,AEA,CE,Towers with Radar,24,17,17,0,58,0,0,60,0,60,24,17,77,0,118,76,0,76,194
08/08/2002,HTS,WV,AEA,CE,Towers with Radar,22,13,20,1,56,1,0,56,0,57,23,13,76,1,113,67,0,67,180
08/09/2002,HTS,WV,AEA,CE,Towers with Radar,25,11,27,2,65,1,0,54,0,55,26,11,81,2,120,70,0,70,190
08/10/2002,HTS,WV,AEA,CE,Towers with Radar,20,3,7,0,30,1,0,41,0,42,21,3,48,0,72,26,0,26,98
08/11/2002,HTS,WV,AEA,CE,Towers with Radar,19,4,9,0,32,1,0,10,0,11,20,4,19,0,43,48,0,48,91
08/12/2002,HTS,WV,AEA,CE,Towers with Radar,19,1,26,0,46,1,0,21,0,22,20,1,47,0,68,52,0,52,120
08/13/2002,HTS,WV,AEA,CE,Towers with Radar,23,13,15,0,51,1,0,19,0,20,24,13,34,0,71,18,0,18,89
08/14/2002,HTS,WV,AEA,CE,Towers with Radar,16,10,13,0,39,1,0,11,0,12,17,10,24,0,51,30,0,30,81
08/15/2002,HTS,WV,AEA,CE,Towers with Radar,28,12,20,0,60,5,0,21,0,26,33,12,41,0,86,50,0,50,136
08/16/2002,HTS,WV,AEA,CE,Towers with Radar,21,17,17,0,55,1,2,16,0,19,22,19,33,0,74,48,0,48,122
08/17/2002,HTS,WV,AEA,CE,Towers with Radar,24,5,3,0,32,1,8,48,3,60,25,13,51,3,92,62,0,62,154
08/18/2002,HTS,WV,AEA,CE,Towers with Radar,21,2,11,0,34,1,0,9,0,10,22,2,20,0,44,6,0,6,50
08/19/2002,HTS,WV,AEA,CE,Towers with Radar,19,4,30,0,53,1,0,12,0,13,20,4,42,0,66,13,0,13,79
08/20/2002,HTS,WV,AEA,CE,Towers with Radar,20,8,19,0,47,1,0,21,0,22,21,8,40,0,69,50,0,50,119
08/21/2002,HTS,WV,AEA,CE,Towers with Radar,22,12,27,0,61,1,0,31,0,32,23,12,58,0,93,66,0,66,159
08/22/2002,HTS,WV,AEA,CE,Towers with Radar,23,14,22,0,59,1,0,19,0,20,24,14,41,0,79,80,0,80,159
08/23/2002,HTS,WV,AEA,CE,Towers with Radar,21,42,17,0,80,1,0,15,0,16,22,42,32,0,96,84,0,84,180
08/24/2002,HTS,WV,AEA,CE,Towers with Radar,23,12,9,0,44,1,0,14,0,15,24,12,23,0,59,44,0,44,103
08/25/2002,HTS,WV,AEA,CE,Towers with Radar,20,12,4,0,36,0,1,77,0,78,20,13,81,0,114,34,0,34,148
08/26/2002,HTS,WV,AEA,CE,Towers with Radar,28,20,6,0,54,0,1,23,0,24,28,21,29,0,78,38,0,38,116
08/27/2002,HTS,WV,AEA,CE,Towers with Radar,27,8,17,0,52,0,1,9,0,10,27,9,26,0,62,66,0,66,128
08/28/2002,HTS,WV,AEA,CE,Towers with Radar,23,8,9,2,42,0,0,7,0,7,23,8,16,2,49,0,0,0,49
08/29/2002,HTS,WV,AEA,CE,Towers with Radar,21,12,29,0,62,0,13,46,0,59,21,25,75,0,121,46,0,46,167
08/30/2002,HTS,WV,AEA,CE,Towers with Radar,23,24,4,2,53,0,3,40,0,43,23,27,44,2,96,80,0,80,176
08/31/2002,HTS,WV,AEA,CE,Towers with Radar,18,16,10,0,44,0,2,39,0,41,18,18,49,0,85,54,0,54,139
09/01/2002,HTS,WV,AEA,CE,Towers with Radar,18,0,9,0,27,0,0,20,0,20,18,0,29,0,47,6,0,6,53
09/02/2002,HTS,WV,AEA,CE,Towers with Radar,18,0,19,0,37,0,0,21,0,21,18,0,40,0,58,48,0,48,106
09/03/2002,HTS,WV,AEA,CE,Towers with Radar,21,4,15,4,44,0,0,29,0,29,21,4,44,4,73,60,0,60,133
09/04/2002,HTS,WV,AEA,CE,Towers with Radar,21,9,16,0,46,0,0,17,0,17,21,9,33,0,63,92,0,92,155
09/05/2002,HTS,WV,AEA,CE,Towers with Radar,22,8,27,0,57,0,0,53,0,53,22,8,80,0,110,84,0,84,194
09/06/2002,HTS,WV,AEA,CE,Towers with Radar,21,9,21,0,51,0,0,27,0,27,21,9,48,0,78,26,0,26,104
09/07/2002,HTS,WV,AEA,CE,Towers with Radar,21,5,10,0,36,0,3,43,0,46,21,8,53,0,82,68,0,68,150
09/08/2002,HTS,WV,AEA,CE,Towers with Radar,19,0,8,0,27,0,0,29,0,29,19,0,37,0,56,46,0,46,102
09/09/2002,HTS,WV,AEA,CE,Towers with Radar,21,21,12,0,54,0,0,25,0,25,21,21,37,0,79,86,0,86,165
09/10/2002,HTS,WV,AEA,CE,Towers with Radar,19,17,27,0,63,0,0,21,0,21,19,17,48,0,84,24,0,24,108
09/11/2002,HTS,WV,AEA,CE,Towers with Radar,19,12,19,0,50,0,0,28,0,28,19,12,47,0,78,28,0,28,106
09/12/2002,HTS,WV,AEA,CE,Towers with Radar,18,20,30,2,70,0,0,45,0,45,18,20,75,2,115,60,10,70,185
09/13/2002,HTS,WV,AEA,CE,Towers with Radar,22,11,28,0,61,0,4,22,0,26,22,15,50,0,87,126,0,126,213
09/14/2002,HTS,WV,AEA,CE,Towers with Radar,0,0,13,0,13,21,4,22,0,47,21,4,35,0,60,0,0,0,60
09/15/2002,HTS,WV,AEA,CE,Towers with Radar,18,0,9,0,27,0,15,8,0,23,18,15,17,0,50,0,0,0,50
09/16/2002,HTS,WV,AEA,CE,Towers with Radar,22,4,21,0,47,0,0,2,0,2,22,4,23,0,49,24,0,24,73
09/17/2002,HTS,WV,AEA,CE,Towers with Radar,25,12,35,0,72,0,0,36,0,36,25,12,71,0,108,106,0,106,214
09/18/2002,HTS,WV,AEA,CE,Towers with Radar,24,7,35,0,66,0,0,23,0,23,24,7,58,0,89,12,0,12,101
09/19/2002,HTS,WV,AEA,CE,Towers with Radar,24,9,13,1,47,0,0,11,3,14,24,9,24,4,61,62,22,84,145
09/20/2002,HTS,WV,AEA,CE,Towers with Radar,23,6,21,2,52,0,1,34,0,35,23,7,55,2,87,82,0,82,169
09/21/2002,HTS,WV,AEA,CE,Towers with Radar,20,3,9,0,32,0,4,1,0,5,20,7,10,0,37,18,0,18,55
09/22/2002,HTS,WV,AEA,CE,Towers with Radar,20,0,23,0,43,0,0,15,0,15,20,0,38,0,58,18,0,18,76
09/23/2002,HTS,WV,AEA,CE,Towers with Radar,22,11,16,0,49,0,0,21,0,21,22,11,37,0,70,66,0,66,136
09/24/2002,HTS,WV,AEA,CE,Towers with Radar,22,9,14,0,45,0,0,35,0,35,22,9,49,0,80,26,0,26,106
09/25/2002,HTS,WV,AEA,CE,Towers with Radar,23,10,31,4,68,0,0,9,0,9,23,10,40,4,77,84,8,92,169
09/26/2002,HTS,WV,AEA,CE,Towers with Radar,18,4,21,0,43,0,0,3,0,3,18,4,24,0,46,0,1,1,47
09/27/2002,HTS,WV,AEA,CE,Towers with Radar,23,22,13,0,58,0,0,5,0,5,23,22,18,0,63,18,0,18,81
09/28/2002,HTS,WV,AEA,CE,Towers with Radar,22,3,11,0,36,0,0,24,0,24,22,3,35,0,60,44,0,44,104
09/29/2002,HTS,WV,AEA,CE,Towers with Radar,19,0,8,0,27,0,4,40,0,44,19,4,48,0,71,26,0,26,97
09/30/2002,HTS,WV,AEA,CE,Towers with Radar,23,4,18,0,45,0,0,35,0,35,23,4,53,0,80,111,0,111,191
10/01/2002,HTS,WV,AEA,CE,Towers with Radar,26,8,25,0,59,0,0,21,0,21,26,8,46,0,80,54,0,54,134
10/02/2002,HTS,WV,AEA,CE,Towers with Radar,22,10,16,0,48,0,2,19,0,21,22,12,35,0,69,20,0,20,89
10/03/2002,HTS,WV,AEA,CE,Towers with Radar,22,9,25,11,67,0,0,25,0,25,22,9,50,11,92,96,10,106,198
10/04/2002,HTS,WV,AEA,CE,Towers with Radar,22,9,24,2,57,0,0,28,0,28,22,9,52,2,85,20,0,20,105
10/05/2002,HTS,WV,AEA,CE,Towers with Radar,23,3,19,0,45,0,0,43,0,43,23,3,62,0,88,26,0,26,114
10/06/2002,HTS,WV,AEA,CE,Towers with Radar,17,6,36,4,63,0,0,45,0,45,17,6,81,4,108,126,0,126,234
10/07/2002,HTS,WV,AEA,CE,Towers with Radar,18,7,11,0,36,0,0,19,0,19,18,7,30,0,55,70,0,70,125
10/08/2002,HTS,WV,AEA,CE,Towers with Radar,19,4,24,0,47,0,0,35,0,35,19,4,59,0,82,100,0,100,182
10/09/2002,HTS,WV,AEA,CE,Towers with Radar,30,12,18,0,60,0,0,53,0,53,30,12,71,0,113,36,0,36,149
10/10/2002,HTS,WV,AEA,CE,Towers with Radar,22,11,26,0,59,0,2,0,0,2,22,13,26,0,61,0,0,0,61
10/11/2002,HTS,WV,AEA,CE,Towers with Radar,20,9,29,0,58,0,0,2,0,2,20,9,31,0,60,0,0,0,60
10/12/2002,HTS,WV,AEA,CE,Towers with Radar,23,5,12,0,40,0,0,4,0,4,23,5,16,0,44,4,0,4,48
10/13/2002,HTS,WV,AEA,CE,Towers with Radar,16,5,15,0,36,7,0,10,0,17,23,5,25,0,53,78,0,78,131
10/14/2002,HTS,WV,AEA,CE,Towers with Radar,21,17,12,0,50,0,55,0,0,55,21,72,12,0,105,78,0,78,183
10/15/2002,HTS,WV,AEA,CE,Towers with Radar,23,14,18,0,55,0,0,10,0,10,23,14,28,0,65,30,0,30,95
10/16/2002,HTS,WV,AEA,CE,Towers with Radar,22,9,25,0,56,0,0,10,0,10,22,9,35,0,66,0,0,0,66
10/17/2002,HTS,WV,AEA,CE,Towers with Radar,22,14,19,0,55,0,0,21,0,21,22,14,40,0,76,72,0,72,148
10/18/2002,HTS,WV,AEA,CE,Towers with Radar,28,6,25,0,59,0,0,14,2,16,28,6,39,2,75,84,0,84,159
10/19/2002,HTS,WV,AEA,CE,Towers with Radar,21,5,6,0,32,0,0,6,0,6,21,5,12,0,38,0,0,0,38
10/20/2002,HTS,WV,AEA,CE,Towers with Radar,17,0,11,0,28,0,0,7,0,7,17,0,18,0,35,2,0,2,37
10/21/2002,HTS,WV,AEA,CE,Towers with Radar,25,5,22,0,52,0,0,31,0,31,25,5,53,0,83,120,0,120,203
10/22/2002,HTS,WV,AEA,CE,Towers with Radar,24,7,36,0,67,0,0,45,6,51,24,7,81,6,118,44,0,44,162
10/23/2002,HTS,WV,AEA,CE,Towers with Radar,20,31,7,0,58,0,3,52,0,55,20,34,59,0,113,110,0,110,223
10/24/2002,HTS,WV,AEA,CE,Towers with Radar,34,6,18,14,72,0,0,37,0,37,34,6,55,14,109,86,0,86,195
10/25/2002,HTS,WV,AEA,CE,Towers with Radar,20,29,3,0,52,0,0,13,0,13,20,29,16,0,65,28,0,28,93
10/26/2002,HTS,WV,AEA,CE,Towers with Radar,20,25,12,0,57,0,0,2,0,2,20,25,14,0,59,0,0,0,59
10/27/2002,HTS,WV,AEA,CE,Towers with Radar,18,0,19,0,37,0,0,20,0,20,18,0,39,0,57,32,0,32,89
10/28/2002,HTS,WV,AEA,CE,Towers with Radar,18,6,18,0,42,0,0,0,0,0,18,6,18,0,42,4,0,4,46
10/29/2002,HTS,WV,AEA,CE,Towers with Radar,2,32,16,0,50,0,0,0,0,0,2,32,16,0,50,0,0,0,50
10/30/2002,HTS,WV,AEA,CE,Towers with Radar,2,35,29,10,76,0,0,1,0,1,2,35,30,10,77,0,10,10,87
10/31/2002,HTS,WV,AEA,CE,Towers with Radar,24,6,27,0,57,0,0,8,0,8,24,6,35,0,65,0,0,0,65
11/01/2002,HTS,WV,AEA,CE,Towers with Radar,18,35,2,3,58,0,1,24,0,25,18,36,26,3,83,44,0,44,127
11/02/2002,HTS,WV,AEA,CE,Towers with Radar,2,28,14,0,44,0,1,26,0,27,2,29,40,0,71,90,0,90,161
11/03/2002,HTS,WV,AEA,CE,Towers with Radar,10,6,14,0,30,9,0,31,0,40,19,6,45,0,70,90,0,90,160
11/04/2002,HTS,WV,AEA,CE,Towers with Radar,21,14,3,2,40,0,1,10,0,11,21,15,13,2,51,0,0,0,51
11/05/2002,HTS,WV,AEA,CE,Towers with Radar,19,12,12,2,45,0,1,0,0,1,19,13,12,2,46,0,0,0,46
11/06/2002,HTS,WV,AEA,CE,Towers with Radar,19,21,1,0,41,0,1,3,0,4,19,22,4,0,45,44,0,44,89
11/07/2002,HTS,WV,AEA,CE,Towers with Radar,19,25,19,0,63,0,1,15,0,16,19,26,34,0,79,84,0,84,163
11/08/2002,HTS,WV,AEA,CE,Towers with Radar,18,4,16,4,42,0,1,61,0,62,18,5,77,4,104,19,0,19,123
11/09/2002,HTS,WV,AEA,CE,Towers with Radar,22,2,11,0,35,0,1,24,0,25,22,3,35,0,60,20,0,20,80
11/10/2002,HTS,WV,AEA,CE,Towers with Radar,16,0,11,0,27,0,0,8,0,8,16,0,19,0,35,0,0,0,35
11/11/2002,HTS,WV,AEA,CE,Towers with Radar,0,22,13,0,35,0,1,24,3,28,0,23,37,3,63,72,10,82,145
11/12/2002,HTS,WV,AEA,CE,Towers with Radar,1,31,25,6,63,0,1,25,0,26,1,32,50,6,89,116,0,116,205
11/13/2002,HTS,WV,AEA,CE,Towers with Radar,2,33,18,2,55,0,1,26,0,27,2,34,44,2,82,62,0,62,144
11/14/2002,HTS,WV,AEA,CE,Towers with Radar,19,17,39,0,75,0,1,28,0,29,19,18,67,0,104,88,0,88,192
11/15/2002,HTS,WV,AEA,CE,Towers with Radar,1,29,26,0,56,0,3,68,0,71,1,32,94,0,127,86,0,86,213
11/16/2002,HTS,WV,AEA,CE,Towers with Radar,2,23,14,0,39,0,1,0,0,1,2,24,14,0,40,0,0,0,40
11/17/2002,HTS,WV,AEA,CE,Towers with Radar,17,0,8,0,25,0,1,0,0,1,17,1,8,0,26,0,0,0,26
11/18/2002,HTS,WV,AEA,CE,Towers with Radar,11,6,15,0,32,9,0,25,0,34,20,6,40,0,66,54,0,54,120
11/19/2002,HTS,WV,AEA,CE,Towers with Radar,9,37,19,2,67,0,1,24,0,25,9,38,43,2,92,62,0,62,154
11/20/2002,HTS,WV,AEA,CE,Towers with Radar,26,8,51,1,86,0,2,46,5,53,26,10,97,6,139,100,0,100,239
11/21/2002,HTS,WV,AEA,CE,Towers with Radar,0,32,23,0,55,0,1,13,0,14,0,33,36,0,69,34,0,34,103
11/22/2002,HTS,WV,AEA,CE,Towers with Radar,20,9,23,0,52,0,1,0,0,1,20,10,23,0,53,58,0,58,111
11/23/2002,HTS,WV,AEA,CE,Towers with Radar,0,32,10,3,45,0,1,28,0,29,0,33,38,3,74,58,0,58,132
11/24/2002,HTS,WV,AEA,CE,Towers with Radar,0,19,11,0,30,0,1,51,0,52,0,20,62,0,82,124,0,124,206
11/25/2002,HTS,WV,AEA,CE,Towers with Radar,0,54,11,0,65,0,4,7,2,13,0,58,18,2,78,84,0,84,162
11/26/2002,HTS,WV,AEA,CE,Towers with Radar,2,29,15,0,46,0,1,1,0,2,2,30,16,0,48,0,0,0,48
11/27/2002,HTS,WV,AEA,CE,Towers with Radar,2,27,22,0,51,0,1,5,0,6,2,28,27,0,57,0,0,0,57
11/28/2002,HTS,WV,AEA,CE,Towers with Radar,1,17,6,0,24,0,0,5,0,5,1,17,11,0,29,0,0,0,29
11/29/2002,HTS,WV,AEA,CE,Towers with Radar,1,18,13,0,32,0,0,3,0,3,1,18,16,0,35,4,0,4,39
11/30/2002,HTS,WV,AEA,CE,Towers with Radar,2,19,7,0,28,0,0,2,0,2,2,19,9,0,30,0,0,0,30
12/01/2002,HTS,WV,AEA,CE,Towers with Radar,16,3,21,0,40,0,1,22,0,23,16,4,43,0,63,32,0,32,95
12/02/2002,HTS,WV,AEA,CE,Towers with Radar,20,0,13,2,35,0,2,21,20,43,20,2,34,22,78,38,0,38,116
12/03/2002,HTS,WV,AEA,CE,Towers with Radar,3,9,13,0,25,15,0,27,1,43,18,9,40,1,68,12,0,12,80
12/04/2002,HTS,WV,AEA,CE,Towers with Radar,18,0,0,0,18,0,0,0,0,0,18,0,0,0,18,0,0,0,18
12/05/2002,HTS,WV,AEA,CE,Towers with Radar,15,7,6,0,28,0,1,4,0,5,15,8,10,0,33,0,0,0,33
12/06/2002,HTS,WV,AEA,CE,Towers with Radar,21,12,9,0,42,0,1,7,0,8,21,13,16,0,50,0,0,0,50
12/07/2002,HTS,WV,AEA,CE,Towers with Radar,3,24,12,22,61,0,1,32,2,35,3,25,44,24,96,28,12,40,136
12/08/2002,HTS,WV,AEA,CE,Towers with Radar,0,34,14,0,48,0,1,9,0,10,0,35,23,0,58,44,0,44,102
12/09/2002,HTS,WV,AEA,CE,Towers with Radar,0,24,19,0,43,0,4,23,24,51,0,28,42,24,94,52,18,70,164
12/10/2002,HTS,WV,AEA,CE,Towers with Radar,2,31,15,0,48,0,0,10,0,10,2,31,25,0,58,70,0,70,128
12/11/2002,HTS,WV,AEA,CE,Towers with Radar,2,30,12,0,44,0,0,0,0,0,2,30,12,0,44,0,0,0,44
12/12/2002,HTS,WV,AEA,CE,Towers with Radar,2,33,16,0,51,0,0,1,0,1,2,33,17,0,52,0,0,0,52
12/13/2002,HTS,WV,AEA,CE,Towers with Radar,30,8,7,0,45,0,0,3,0,3,30,8,10,0,48,0,0,0,48
12/14/2002,HTS,WV,AEA,CE,Towers with Radar,6,16,5,0,27,13,2,0,0,15,19,18,5,0,42,0,0,0,42
12/15/2002,HTS,WV,AEA,CE,Towers with Radar,6,3,16,0,25,11,0,48,2,61,17,3,64,2,86,112,38,150,236
12/16/2002,HTS,WV,AEA,CE,Towers with Radar,0,21,23,0,44,0,0,9,0,9,0,21,32,0,53,50,0,50,103
12/17/2002,HTS,WV,AEA,CE,Towers with Radar,9,24,22,0,55,0,0,4,0,4,9,24,26,0,59,0,0,0,59
12/18/2002,HTS,WV,AEA,CE,Towers with Radar,4,30,21,6,61,0,0,20,0,20,4,30,41,6,81,44,34,78,159
12/19/2002,HTS,WV,AEA,CE,Towers with Radar,2,37,19,0,58,0,0,19,0,19,2,37,38,0,77,38,0,38,115
12/20/2002,HTS,WV,AEA,CE,Towers with Radar,2,31,22,0,55,0,0,7,0,7,2,31,29,0,62,38,0,38,100
12/21/2002,HTS,WV,AEA,CE,Towers with Radar,2,31,31,0,64,0,0,21,0,21,2,31,52,0,85,76,0,76,161
12/22/2002,HTS,WV,AEA,CE,Towers with Radar,0,16,10,0,26,0,0,3,0,3,0,16,13,0,29,0,0,0,29
12/23/2002,HTS,WV,AEA,CE,Towers with Radar,0,26,20,0,46,0,0,12,0,12,0,26,32,0,58,36,0,36,94
12/24/2002,HTS,WV,AEA,CE,Towers with Radar,2,20,21,0,43,0,0,0,0,0,2,20,21,0,43,0,0,0,43
12/25/2002,HTS,WV,AEA,CE,Towers with Radar,1,7,3,0,11,0,0,3,0,3,1,7,6,0,14,0,0,0,14
12/26/2002,HTS,WV,AEA,CE,Towers with Radar,1,23,16,0,40,0,0,14,0,14,1,23,30,0,54,0,0,0,54
12/27/2002,HTS,WV,AEA,CE,Towers with Radar,2,34,16,0,52,0,0,14,0,14,2,34,30,0,66,0,0,0,66
12/28/2002,HTS,WV,AEA,CE,Towers with Radar,18,10,12,0,40,0,0,17,0,17,18,10,29,0,57,28,0,28,85
12/29/2002,HTS,WV,AEA,CE,Towers with Radar,12,0,41,2,55,0,0,150,0,150,12,0,191,2,205,146,0,146,351
12/30/2002,HTS,WV,AEA,CE,Towers with Radar,0,42,20,0,62,0,0,13,0,13,0,42,33,0,75,40,0,40,115
12/31/2002,HTS,WV,AEA,CE,Towers with Radar,2,25,11,0,38,0,0,10,0,10,2,25,21,0,48,24,0,24,72
01/01/2003,HTS,WV,AEA,CE,Towers with Radar,1,14,4,0,19,0,1,0,0,1,1,15,4,0,20,0,0,0,20
01/02/2003,HTS,WV,AEA,CE,Towers with Radar,1,24,2,0,27,0,2,0,0,2,1,26,2,0,29,0,0,0,29
01/03/2003,HTS,WV,AEA,CE,Towers with Radar,2,32,11,7,52,0,2,1,0,3,2,34,12,7,55,0,0,0,55
01/04/2003,HTS,WV,AEA,CE,Towers with Radar,2,20,15,0,37,0,2,11,0,13,2,22,26,0,50,42,0,42,92
01/05/2003,HTS,WV,AEA,CE,Towers with Radar,0,12,5,0,17,0,2,0,0,2,0,14,5,0,19,6,0,6,25
01/06/2003,HTS,WV,AEA,CE,Towers with Radar,0,21,21,0,42,0,2,0,0,2,0,23,21,0,44,0,0,0,44
01/07/2003,HTS,WV,AEA,CE,Towers with Radar,2,39,6,0,47,0,2,43,0,45,2,41,49,0,92,66,0,66,158
01/08/2003,HTS,WV,AEA,CE,Towers with Radar,2,30,30,0,62,0,1,17,0,18,2,31,47,0,80,26,0,26,106
01/09/2003,HTS,WV,AEA,CE,Towers with Radar,2,30,14,2,48,0,1,25,0,26,2,31,39,2,74,46,0,46,120
01/10/2003,HTS,WV,AEA,CE,Towers with Radar,18,31,4,0,53,0,1,5,0,6,18,32,9,0,59,24,0,24,83
01/11/2003,HTS,WV,AEA,CE,Towers with Radar,0,22,7,1,30,0,1,13,4,18,0,23,20,5,48,10,24,34,82
01/12/2003,HTS,WV,AEA,CE,Towers with Radar,17,5,25,0,47,0,1,46,0,47,17,6,71,0,94,60,0,60,154
01/13/2003,HTS,WV,AEA,CE,Towers with Radar,22,3,17,0,42,0,1,24,0,25,22,4,41,0,67,54,0,54,121
01/14/2003,HTS,WV,AEA,CE,Towers with Radar,2,27,15,0,44,0,1,0,0,1,2,28,15,0,45,0,0,0,45
01/15/2003,HTS,WV,AEA,CE,Towers with Radar,0,32,31,0,63,0,1,0,0,1,0,33,31,0,64,48,0,48,112
01/16/2003,HTS,WV,AEA,CE,Towers with Radar,2,28,26,0,56,0,0,5,0,5,2,28,31,0,61,6,0,6,67
01/17/2003,HTS,WV,AEA,CE,Towers with Radar,2,25,4,0,31,0,0,4,0,4,2,25,8,0,35,0,0,0,35
01/18/2003,HTS,WV,AEA,CE,Towers with Radar,2,19,7,0,28,0,0,18,0,18,2,19,25,0,46,12,0,12,58
01/19/2003,HTS,WV,AEA,CE,Towers with Radar,1,18,11,0,30,0,0,11,0,11,1,18,22,0,41,14,0,14,55
01/20/2003,HTS,WV,AEA,CE,Towers with Radar,0,22,13,0,35,0,0,0,0,0,0,22,13,0,35,0,0,0,35
01/21/2003,HTS,WV,AEA,CE,Towers with Radar,2,30,15,0,47,0,0,8,0,8,2,30,23,0,55,44,0,44,99
01/22/2003,HTS,WV,AEA,CE,Towers with Radar,2,28,19,0,49,0,0,24,0,24,2,28,43,0,73,22,0,22,95
01/23/2003,HTS,WV,AEA,CE,Towers with Radar,2,29,17,0,48,0,0,5,1,6,2,29,22,1,54,0,0,0,54
01/24/2003,HTS,WV,AEA,CE,Towers with Radar,7,9,20,1,37,22,0,34,4,60,29,9,54,5,97,20,0,20,117
01/25/2003,HTS,WV,AEA,CE,Towers with Radar,2,32,13,11,58,0,0,28,0,28,2,32,41,11,86,70,0,70,156
01/26/2003,HTS,WV,AEA,CE,Towers with Radar,17,16,7,0,40,0,0,1,1,2,17,16,8,1,42,0,0,0,42
01/27/2003,HTS,WV,AEA,CE,Towers with Radar,0,29,27,2,58,0,0,8,0,8,0,29,35,2,66,0,0,0,66
01/28/2003,HTS,WV,AEA,CE,Towers with Radar,2,57,8,0,67,0,0,10,0,10,2,57,18,0,77,30,0,30,107
01/29/2003,HTS,WV,AEA,CE,Towers with Radar,2,26,8,0,36,0,5,0,0,5,2,31,8,0,41,0,0,0,41
01/30/2003,HTS,WV,AEA,CE,Towers with Radar,2,15,23,8,48,0,0,4,0,4,2,15,27,8,52,0,2,2,54
01/31/2003,HTS,WV,AEA,CE,Towers with Radar,4,43,16,11,74,0,0,17,0,17,4,43,33,11,91,56,32,88,179
02/01/2003,HTS,WV,AEA,CE,Towers with Radar,1,21,7,0,29,1,0,2,0,3,2,21,9,0,32,0,0,0,32
02/02/2003,HTS,WV,AEA,CE,Towers with Radar,0,20,10,0,30,0,0,28,0,28,0,20,38,0,58,46,0,46,104
02/03/2003,HTS,WV,AEA,CE,Towers with Radar,0,24,8,1,33,0,2,10,5,17,0,26,18,6,50,34,0,34,84
02/04/2003,HTS,WV,AEA,CE,Towers with Radar,0,55,5,0,60,0,0,3,0,3,0,55,8,0,63,12,0,12,75
02/05/2003,HTS,WV,AEA,CE,Towers with Radar,19,7,40,0,66,2,0,40,0,42,21,7,80,0,108,72,0,72,180
02/06/2003,HTS,WV,AEA,CE,Towers with Radar,20,14,15,2,51,1,0,9,0,10,21,14,24,2,61,50,0,50,111
02/07/2003,HTS,WV,AEA,CE,Towers with Radar,16,19,8,0,43,1,0,0,0,1,17,19,8,0,44,0,0,0,44
02/08/2003,HTS,WV,AEA,CE,Towers with Radar,18,5,12,0,35,0,1,17,2,20,18,6,29,2,55,74,8,82,137
02/09/2003,HTS,WV,AEA,CE,Towers with Radar,0,19,10,0,29,0,0,22,0,22,0,19,32,0,51,36,0,36,87
02/10/2003,HTS,WV,AEA,CE,Towers with Radar,0,25,10,0,35,0,0,2,0,2,0,25,12,0,37,0,0,0,37
02/11/2003,HTS,WV,AEA,CE,Towers with Radar,2,31,24,0,57,0,0,4,0,4,2,31,28,0,61,12,0,12,73
02/12/2003,HTS,WV,AEA,CE,Towers with Radar,2,33,23,0,58,0,0,22,0,22,2,33,45,0,80,84,0,84,164
02/13/2003,HTS,WV,AEA,CE,Towers with Radar,2,30,14,0,46,0,0,16,0,16,2,30,30,0,62,10,0,10,72
02/14/2003,HTS,WV,AEA,CE,Towers with Radar,2,30,25,0,57,0,0,4,0,4,2,30,29,0,61,0,0,0,61
02/15/2003,HTS,WV,AEA,CE,Towers with Radar,2,21,2,0,25,0,0,1,0,1,2,21,3,0,26,8,0,8,34
02/16/2003,HTS,WV,AEA,CE,Towers with Radar,0,6,1,0,7,0,0,0,0,0,0,6,1,0,7,0,0,0,7
02/17/2003,HTS,WV,AEA,CE,Towers with Radar,0,17,21,0,38,0,0,3,0,3,0,17,24,0,41,0,0,0,41
02/18/2003,HTS,WV,AEA,CE,Towers with Radar,2,26,0,0,28,0,0,0,13,13,2,26,0,13,41,0,0,0,41
02/19/2003,HTS,WV,AEA,CE,Towers with Radar,25,11,18,0,54,0,0,4,0,4,25,11,22,0,58,0,0,0,58
02/20/2003,HTS,WV,AEA,CE,Towers with Radar,21,17,25,10,73,0,2,12,21,35,21,19,37,31,108,30,18,48,156
02/21/2003,HTS,WV,AEA,CE,Towers with Radar,1,24,8,0,33,0,8,0,0,8,1,32,8,0,41,0,0,0,41
02/22/2003,HTS,WV,AEA,CE,Towers with Radar,2,20,5,0,27,0,0,5,0,5,2,20,10,0,32,0,0,0,32
02/23/2003,HTS,WV,AEA,CE,Towers with Radar,0,13,8,0,21,0,0,0,0,0,0,13,8,0,21,0,0,0,21
02/24/2003,HTS,WV,AEA,CE,Towers with Radar,0,27,12,0,39,0,2,4,0,6,0,29,16,0,45,11,0,11,56
02/25/2003,HTS,WV,AEA,CE,Towers with Radar,2,25,14,0,41,0,0,12,0,12,2,25,26,0,53,2,0,2,55
02/26/2003,HTS,WV,AEA,CE,Towers with Radar,0,25,18,0,43,0,0,0,0,0,0,25,18,0,43,0,0,0,43
02/27/2003,HTS,WV,AEA,CE,Towers with Radar,2,25,15,0,42,0,0,0,0,0,2,25,15,0,42,0,0,0,42
02/28/2003,HTS,WV,AEA,CE,Towers with Radar,3,29,18,0,50,0,0,0,0,0,3,29,18,0,50,0,0,0,50
03/01/2003,HTS,WV,AEA,CE,Towers with Radar,1,30,1,0,32,1,1,39,0,41,2,31,40,0,73,36,0,36,109
03/02/2003,HTS,WV,AEA,CE,Towers with Radar,0,16,11,0,27,0,0,2,0,2,0,16,13,0,29,4,0,4,33
03/03/2003,HTS,WV,AEA,CE,Towers with Radar,0,24,25,0,49,0,0,57,0,57,0,24,82,0,106,90,0,90,196
03/04/2003,HTS,WV,AEA,CE,Towers with Radar,2,30,22,3,57,0,0,36,4,40,2,30,58,7,97,140,14,154,251
03/05/2003,HTS,WV,AEA,CE,Towers with Radar,2,37,25,0,64,0,1,12,0,13,2,38,37,0,77,20,0,20,97
03/06/2003,HTS,WV,AEA,CE,Towers with Radar,20,6,15,0,41,0,0,5,0,5,20,6,20,0,46,0,0,0,46
03/07/2003,HTS,WV,AEA,CE,Towers with Radar,24,12,22,2,60,0,0,19,0,19,24,12,41,2,79,64,0,64,143
03/08/2003,HTS,WV,AEA,CE,Towers with Radar,5,23,2,0,30,0,0,26,0,26,5,23,28,0,56,106,0,106,162
03/09/2003,HTS,WV,AEA,CE,Towers with Radar,1,17,25,0,43,0,0,28,0,28,1,17,53,0,71,90,0,90,161
03/10/2003,HTS,WV,AEA,CE,Towers with Radar,25,9,4,3,41,0,0,74,0,74,25,9,78,3,115,128,0,128,243
03/11/2003,HTS,WV,AEA,CE,Towers with Radar,0,30,29,0,59,0,0,34,0,34,0,30,63,0,93,84,0,84,177
03/12/2003,HTS,WV,AEA,CE,Towers with Radar,2,27,21,0,50,0,0,0,0,0,2,27,21,0,50,4,0,4,54
03/13/2003,HTS,WV,AEA,CE,Towers with Radar,2,33,21,0,56,0,0,3,0,3,2,33,24,0,59,0,0,0,59
03/14/2003,HTS,WV,AEA,CE,Towers with Radar,1,23,26,0,50,0,0,50,0,50,1,23,76,0,100,110,0,110,210
03/15/2003,HTS,WV,AEA,CE,Towers with Radar,4,24,4,0,32,0,0,46,0,46,4,24,50,0,78,104,0,104,182
03/16/2003,HTS,WV,AEA,CE,Towers with Radar,0,17,19,0,36,0,0,68,0,68,0,17,87,0,104,120,0,120,224
03/17/2003,HTS,WV,AEA,CE,Towers with Radar,0,30,17,0,47,0,0,20,0,20,0,30,37,0,67,96,0,96,163
03/18/2003,HTS,WV,AEA,CE,Towers with Radar,18,12,26,0,56,0,0,14,0,14,18,12,40,0,70,30,0,30,100
03/19/2003,HTS,WV,AEA,CE,Towers with Radar,0,27,19,0,46,0,0,7,0,7,0,27,26,0,53,0,0,0,53
03/20/2003,HTS,WV,AEA,CE,Towers with Radar,16,25,4,0,45,0,0,8,0,8,16,25,12,0,53,12,0,12,65
03/21/2003,HTS,WV,AEA,CE,Towers with Radar,25,19,10,0,54,0,2,17,0,19,25,21,27,0,73,34,0,34,107
03/22/2003,HTS,WV,AEA,CE,Towers with Radar,4,31,11,0,46,0,0,15,0,15,4,31,26,0,61,44,0,44,105
03/23/2003,HTS,WV,AEA,CE,Towers with Radar,0,24,16,0,40,0,0,48,0,48,0,24,64,0,88,78,0,78,166
03/24/2003,HTS,WV,AEA,CE,Towers with Radar,0,24,19,0,43,0,0,35,0,35,0,24,54,0,78,16,0,16,94
03/25/2003,HTS,WV,AEA,CE,Towers with Radar,2,32,13,2,49,0,0,8,0,8,2,32,21,2,57,82,10,92,149
03/26/2003,HTS,WV,AEA,CE,Towers with Radar,19,24,0,0,43,0,0,19,0,19,19,24,19,0,62,58,0,58,120
03/27/2003,HTS,WV,AEA,CE,Towers with Radar,6,27,12,0,45,0,0,32,0,32,6,27,44,0,77,28,0,28,105
03/28/2003,HTS,WV,AEA,CE,Towers with Radar,2,27,20,0,49,0,0,11,3,14,2,27,31,3,63,38,0,38,101
03/29/2003,HTS,WV,AEA,CE,Towers with Radar,4,0,17,0,21,0,23,0,0,23,4,23,17,0,44,0,0,0,44
03/30/2003,HTS,WV,AEA,CE,Towers with Radar,0,14,11,0,25,0,0,5,0,5,0,14,16,0,30,14,0,14,44
03/31/2003,HTS,WV,AEA,CE,Towers with Radar,24,25,0,0,49,0,0,17,0,17,24,25,17,0,66,30,0,30,96
04/01/2003,HTS,WV,AEA,CE,Towers with Radar,0,30,20,0,50,0,2,5,0,7,0,32,25,0,57,0,0,0,57
04/02/2003,HTS,WV,AEA,CE,Towers with Radar,2,29,27,0,58,0,1,33,0,34,2,30,60,0,92,92,0,92,184
04/03/2003,HTS,WV,AEA,CE,Towers with Radar,19,12,23,0,54,0,0,52,0,52,19,12,75,0,106,118,0,118,224
04/04/2003,HTS,WV,AEA,CE,Towers with Radar,21,43,3,0,67,0,0,46,0,46,21,43,49,0,113,18,0,18,131
04/05/2003,HTS,WV,AEA,CE,Towers with Radar,6,27,15,0,48,0,0,8,2,10,6,27,23,2,58,28,0,28,86
04/06/2003,HTS,WV,AEA,CE,Towers with Radar,0,16,21,0,37,0,0,20,0,20,0,16,41,0,57,26,0,26,83
04/07/2003,HTS,WV,AEA,CE,Towers with Radar,0,47,21,0,68,0,0,1,0,1,0,47,22,0,69,12,0,12,81
04/08/2003,HTS,WV,AEA,CE,Towers with Radar,2,28,19,0,49,0,5,11,1,17,2,33,30,1,66,0,0,0,66
04/09/2003,HTS,WV,AEA,CE,Towers with Radar,0,0,1,0,1,18,19,7,0,44,18,19,8,0,45,0,0,0,45
04/10/2003,HTS,WV,AEA,CE,Towers with Radar,2,30,23,2,57,0,0,11,0,11,2,30,34,2,68,26,2,28,96
04/11/2003,HTS,WV,AEA,CE,Towers with Radar,2,27,17,0,46,0,0,0,0,0,2,27,17,0,46,0,0,0,46
04/12/2003,HTS,WV,AEA,CE,Towers with Radar,6,23,11,0,40,0,0,27,0,27,6,23,38,0,67,94,0,94,161
04/13/2003,HTS,WV,AEA,CE,Towers with Radar,0,18,11,0,29,0,0,49,1,50,0,18,60,1,79,110,0,110,189
04/14/2003,HTS,WV,AEA,CE,Towers with Radar,19,3,27,0,49,0,0,53,0,53,19,3,80,0,102,54,0,54,156
04/15/2003,HTS,WV,AEA,CE,Towers with Radar,27,0,0,10,37,8,0,76,0,84,35,0,76,10,121,104,0,104,225
04/16/2003,HTS,WV,AEA,CE,Towers with Radar,21,17,21,0,59,0,0,40,3,43,21,17,61,3,102,82,0,82,184
04/17/2003,HTS,WV,AEA,CE,Towers with Radar,24,8,24,0,56,0,0,28,2,30,24,8,52,2,86,0,0,0,86
04/18/2003,HTS,WV,AEA,CE,Towers with Radar,2,30,22,0,54,0,0,8,0,8,2,30,30,0,62,68,0,68,130
04/19/2003,HTS,WV,AEA,CE,Towers with Radar,4,22,6,0,32,0,1,18,0,19,4,23,24,0,51,94,0,94,145
04/20/2003,HTS,WV,AEA,CE,Towers with Radar,0,14,9,0,23,0,0,22,0,22,0,14,31,0,45,54,0,54,99
04/21/2003,HTS,WV,AEA,CE,Towers with Radar,0,24,19,5,48,0,0,5,0,5,0,24,24,5,53,20,0,20,73
04/22/2003,HTS,WV,AEA,CE,Towers with Radar,2,27,31,0,60,0,0,3,4,7,2,27,34,4,67,42,0,42,109
04/23/2003,HTS,WV,AEA,CE,Towers with Radar,1,28,25,0,54,0,0,37,0,37,1,28,62,0,91,32,0,32,123
04/24/2003,HTS,WV,AEA,CE,Towers with Radar,2,31,23,0,56,0,0,18,1,19,2,31,41,1,75,84,0,84,159
04/25/2003,HTS,WV,AEA,CE,Towers with Radar,7,26,7,0,40,0,0,28,0,28,7,26,35,0,68,12,0,12,80
04/26/2003,HTS,WV,AEA,CE,Towers with Radar,17,25,2,0,44,0,0,11,0,11,17,25,13,0,55,0,0,0,55
04/27/2003,HTS,WV,AEA,CE,Towers with Radar,17,5,20,0,42,0,0,70,0,70,17,5,90,0,112,128,0,128,240
04/28/2003,HTS,WV,AEA,CE,Towers with Radar,0,19,18,2,39,0,0,35,1,36,0,19,53,3,75,50,0,50,125
04/29/2003,HTS,WV,AEA,CE,Towers with Radar,0,34,38,0,72,0,0,31,0,31,0,34,69,0,103,88,0,88,191
04/30/2003,HTS,WV,AEA,CE,Towers with Radar,21,11,16,0,48,0,0,13,0,13,21,11,29,0,61,53,0,53,114
05/01/2003,HTS,WV,AEA,CE,Towers with Radar,19,11,21,0,51,0,0,27,0,27,19,11,48,0,78,12,0,12,90
05/02/2003,HTS,WV,AEA,CE,Towers with Radar,30,20,29,2,81,0,0,5,0,5,30,20,34,2,86,20,0,20,106
05/03/2003,HTS,WV,AEA,CE,Towers with Radar,4,23,16,0,43,0,0,7,0,7,4,23,23,0,50,10,0,10,60
05/04/2003,HTS,WV,AEA,CE,Towers with Radar,0,19,21,0,40,0,39,0,0,39,0,58,21,0,79,56,0,56,135
05/05/2003,HTS,WV,AEA,CE,Towers with Radar,0,20,8,0,28,0,0,1,0,1,0,20,9,0,29,0,0,0,29
05/06/2003,HTS,WV,AEA,CE,Towers with Radar,3,25,17,2,47,0,0,43,2,45,3,25,60,4,92,42,0,42,134
05/07/2003,HTS,WV,AEA,CE,Towers with Radar,2,22,14,0,38,0,0,3,0,3,2,22,17,0,41,0,0,0,41
05/08/2003,HTS,WV,AEA,CE,Towers with Radar,2,35,29,0,66,0,8,35,0,43,2,43,64,0,109,46,0,46,155
05/09/2003,HTS,WV,AEA,CE,Towers with Radar,2,30,44,0,76,0,0,4,0,4,2,30,48,0,80,26,0,26,106
05/10/2003,HTS,WV,AEA,CE,Towers with Radar,2,18,7,0,27,0,0,15,0,15,2,18,22,0,42,0,0,0,42
05/11/2003,HTS,WV,AEA,CE,Towers with Radar,0,11,8,0,19,0,0,1,0,1,0,11,9,0,20,2,0,2,22
05/12/2003,HTS,WV,AEA,CE,Towers with Radar,23,0,16,3,42,0,0,3,0,3,23,0,19,3,45,0,0,0,45
05/13/2003,HTS,WV,AEA,CE,Towers with Radar,2,34,20,0,56,0,0,38,0,38,2,34,58,0,94,82,0,82,176
05/14/2003,HTS,WV,AEA,CE,Towers with Radar,2,36,16,2,56,0,0,53,0,53,2,36,69,2,109,122,8,130,239
05/15/2003,HTS,WV,AEA,CE,Towers with Radar,19,13,9,0,41,0,0,2,0,2,19,13,11,0,43,14,0,14,57
05/16/2003,HTS,WV,AEA,CE,Towers with Radar,31,8,46,0,85,0,0,12,0,12,31,8,58,0,97,28,0,28,125
05/17/2003,HTS,WV,AEA,CE,Towers with Radar,3,18,13,0,34,0,0,3,0,3,3,18,16,0,37,0,0,0,37
05/18/2003,HTS,WV,AEA,CE,Towers with Radar,15,1,22,0,38,0,0,2,0,2,15,1,24,0,40,20,0,20,60
05/19/2003,HTS,WV,AEA,CE,Towers with Radar,0,25,28,19,72,0,0,30,0,30,0,25,58,19,102,22,16,38,140
05/20/2003,HTS,WV,AEA,CE,Towers with Radar,2,29,26,2,59,0,0,5,0,5,2,29,31,2,64,4,0,4,68
05/21/2003,HTS,WV,AEA,CE,Towers with Radar,2,24,16,1,43,0,2,4,0,6,2,26,20,1,49,0,0,0,49
05/22/2003,HTS,WV,AEA,CE,Towers with Radar,2,30,47,0,79,0,0,22,0,22,2,30,69,0,101,38,0,38,139
05/23/2003,HTS,WV,AEA,CE,Towers with Radar,2,28,45,0,75,0,0,12,0,12,2,28,57,0,87,58,0,58,145
05/24/2003,HTS,WV,AEA,CE,Towers with Radar,16,16,10,2,44,0,0,54,0,54,16,16,64,2,98,32,0,32,130
05/25/2003,HTS,WV,AEA,CE,Towers with Radar,0,1,1,0,2,9,0,25,0,34,9,1,26,0,36,50,0,50,86
05/26/2003,HTS,WV,AEA,CE,Towers with Radar,0,0,0,0,0,18,0,59,0,77,18,0,59,0,77,16,0,16,93
05/27/2003,HTS,WV,AEA,CE,Towers with Radar,0,4,4,0,8,23,0,39,0,62,23,4,43,0,70,14,0,14,84
05/28/2003,HTS,WV,AEA,CE,Towers with Radar,0,28,15,0,43,28,61,46,0,135,28,89,61,0,178,30,0,30,208
05/29/2003,HTS,WV,AEA,CE,Towers with Radar,20,35,15,1,71,0,0,15,0,15,20,35,30,1,86,60,0,60,146
05/30/2003,HTS,WV,AEA,CE,Towers with Radar,2,25,24,0,51,0,0,21,5,26,2,25,45,5,77,36,0,36,113
05/31/2003,HTS,WV,AEA,CE,Towers with Radar,4,17,9,0,30,0,0,3,0,3,4,17,12,0,33,0,0,0,33
06/01/2003,HTS,WV,AEA,CE,Towers with Radar,0,18,14,0,32,0,0,81,0,81,0,18,95,0,113,136,0,136,249
06/02/2003,HTS,WV,AEA,CE,Towers with Radar,0,21,34,0,55,0,0,87,0,87,0,21,121,0,142,104,4,108,250
06/03/2003,HTS,WV,AEA,CE,Towers with Radar,2,24,18,0,44,0,0,12,0,12,2,24,30,0,56,0,0,0,56
06/04/2003,HTS,WV,AEA,CE,Towers with Radar,2,30,28,0,60,0,0,8,0,8,2,30,36,0,68,6,0,6,74
06/05/2003,HTS,WV,AEA,CE,Towers with Radar,20,10,20,0,50,0,0,71,0,71,20,10,91,0,121,104,0,104,225
06/06/2003,HTS,WV,AEA,CE,Towers with Radar,3,33,19,0,55,0,0,26,0,26,3,33,45,0,81,150,0,150,231
06/07/2003,HTS,WV,AEA,CE,Towers with Radar,4,16,16,2,38,0,0,0,0,0,4,16,16,2,38,0,0,0,38
06/08/2003,HTS,WV,AEA,CE,Towers with Radar,0,13,5,0,18,0,0,14,0,14,0,13,19,0,32,34,0,34,66
06/09/2003,HTS,WV,AEA,CE,Towers with Radar,16,5,14,4,39,0,0,22,0,22,16,5,36,4,61,60,0,60,121
06/10/2003,HTS,WV,AEA,CE,Towers with Radar,2,24,31,0,57,0,0,34,3,37,2,24,65,3,94,110,0,110,204
06/11/2003,HTS,WV,AEA,CE,Towers with Radar,16,16,22,0,54,0,0,12,0,12,16,16,34,0,66,2,0,2,68
06/12/2003,HTS,WV,AEA,CE,Towers with Radar,2,22,45,0,69,0,0,2,0,2,2,22,47,0,71,30,0,30,101
06/13/2003,HTS,WV,AEA,CE,Towers with Radar,0,31,11,0,42,0,0,9,0,9,0,31,20,0,51,0,0,0,51
06/14/2003,HTS,WV,AEA,CE,Towers with Radar,0,3,3,0,6,0,0,7,0,7,0,3,10,0,13,4,0,4,17
06/15/2003,HTS,WV,AEA,CE,Towers with Radar,13,0,9,0,22,0,0,4,0,4,13,0,13,0,26,0,0,0,26
06/16/2003,HTS,WV,AEA,CE,Towers with Radar,17,21,6,0,44,0,0,17,0,17,17,21,23,0,61,10,0,10,71
06/17/2003,HTS,WV,AEA,CE,Towers with Radar,2,26,20,1,49,0,1,4,0,5,2,27,24,1,54,0,0,0,54
06/18/2003,HTS,WV,AEA,CE,Towers with Radar,5,21,41,1,68,0,0,6,3,9,5,21,47,4,77,26,0,26,103
06/19/2003,HTS,WV,AEA,CE,Towers with Radar,2,25,22,0,49,0,0,4,0,4,2,25,26,0,53,90,0,90,143
06/20/2003,HTS,WV,AEA,CE,Towers with Radar,2,24,38,2,66,0,0,22,0,22,2,24,60,2,88,88,0,88,176
06/21/2003,HTS,WV,AEA,CE,Towers with Radar,4,17,23,0,44,0,0,46,0,46,4,17,69,0,90,128,0,128,218
06/22/2003,HTS,WV,AEA,CE,Towers with Radar,15,0,25,0,40,0,0,93,0,93,15,0,118,0,133,62,0,62,195
06/23/2003,HTS,WV,AEA,CE,Towers with Radar,17,16,45,0,78,0,7,54,0,61,17,23,99,0,139,38,0,38,177
06/24/2003,HTS,WV,AEA,CE,Towers with Radar,16,11,15,0,42,0,0,36,0,36,16,11,51,0,78,102,0,102,180
06/25/2003,HTS,WV,AEA,CE,Towers with Radar,2,26,22,0,50,0,0,77,0,77,2,26,99,0,127,42,0,42,169
06/26/2003,HTS,WV,AEA,CE,Towers with Radar,2,25,35,0,62,0,0,34,0,34,2,25,69,0,96,62,0,62,158
06/27/2003,HTS,WV,AEA,CE,Towers with Radar,2,21,29,0,52,0,0,21,0,21,2,21,50,0,73,112,0,112,185
06/28/2003,HTS,WV,AEA,CE,Towers with Radar,2,17,13,0,32,0,0,66,0,66,2,17,79,0,98,60,0,60,158
06/29/2003,HTS,WV,AEA,CE,Towers with Radar,0,15,12,0,27,0,0,58,0,58,0,15,70,0,85,64,0,64,149
06/30/2003,HTS,WV,AEA,CE,Towers with Radar,0,20,24,2,46,0,0,36,2,38,0,20,60,4,84,44,0,44,128
07/01/2003,HTS,WV,AEA,CE,Towers with Radar,2,22,14,0,38,0,0,18,0,18,2,22,32,0,56,28,0,28,84
07/02/2003,HTS,WV,AEA,CE,Towers with Radar,2,24,22,0,48,0,0,16,0,16,2,24,38,0,64,54,0,54,118
07/03/2003,HTS,WV,AEA,CE,Towers with Radar,15,16,14,0,45,0,0,28,0,28,15,16,42,0,73,106,0,106,179
07/04/2003,HTS,WV,AEA,CE,Towers with Radar,1,13,15,0,29,0,0,42,0,42,1,13,57,0,71,96,0,96,167
07/05/2003,HTS,WV,AEA,CE,Towers with Radar,2,12,1,0,15,0,0,150,0,150,2,12,151,0,165,120,0,120,285
07/06/2003,HTS,WV,AEA,CE,Towers with Radar,0,13,22,0,35,0,0,27,0,27,0,13,49,0,62,0,0,0,62
07/07/2003,HTS,WV,AEA,CE,Towers with Radar,0,25,18,0,43,0,0,4,0,4,0,25,22,0,47,46,0,46,93
07/08/2003,HTS,WV,AEA,CE,Towers with Radar,5,27,43,0,75,0,0,14,0,14,5,27,57,0,89,12,0,12,101
07/09/2003,HTS,WV,AEA,CE,Towers with Radar,2,21,10,0,33,0,0,7,0,7,2,21,17,0,40,48,0,48,88
07/10/2003,HTS,WV,AEA,CE,Towers with Radar,2,18,11,0,31,0,0,1,0,1,2,18,12,0,32,0,0,0,32
07/11/2003,HTS,WV,AEA,CE,Towers with Radar,2,30,22,0,54,0,0,10,0,10,2,30,32,0,64,6,0,6,70
07/12/2003,HTS,WV,AEA,CE,Towers with Radar,21,3,18,0,42,0,0,0,0,0,21,3,18,0,42,30,0,30,72
07/13/2003,HTS,WV,AEA,CE,Towers with Radar,0,18,21,0,39,0,0,21,0,21,0,18,42,0,60,66,0,66,126
07/14/2003,HTS,WV,AEA,CE,Towers with Radar,0,20,35,0,55,0,1,40,0,41,0,21,75,0,96,96,0,96,192
07/15/2003,HTS,WV,AEA,CE,Towers with Radar,2,39,33,7,81,0,0,30,0,30,2,39,63,7,111,66,0,66,177
07/16/2003,HTS,WV,AEA,CE,Towers with Radar,25,9,34,0,68,0,0,27,0,27,25,9,61,0,95,36,0,36,131
07/17/2003,HTS,WV,AEA,CE,Towers with Radar,2,25,18,0,45,0,0,39,0,39,2,25,57,0,84,128,0,128,212
07/18/2003,HTS,WV,AEA,CE,Towers with Radar,23,6,32,1,62,0,0,36,0,36,23,6,68,1,98,32,0,32,130
07/19/2003,HTS,WV,AEA,CE,Towers with Radar,15,8,13,1,37,0,0,13,0,13,15,8,26,1,50,66,0,66,116
07/20/2003,HTS,WV,AEA,CE,Towers with Radar,18,1,5,2,26,0,0,31,0,31,18,1,36,2,57,62,0,62,119
07/21/2003,HTS,WV,AEA,CE,Towers with Radar,0,9,21,0,30,0,0,9,0,9,0,9,30,0,39,0,0,0,39
07/22/2003,HTS,WV,AEA,CE,Towers with Radar,3,29,22,0,54,0,0,8,0,8,3,29,30,0,62,2,0,2,64
07/23/2003,HTS,WV,AEA,CE,Towers with Radar,2,29,12,0,43,0,0,7,0,7,2,29,19,0,50,4,0,4,54
07/24/2003,HTS,WV,AEA,CE,Towers with Radar,2,27,26,0,55,0,0,21,0,21,2,27,47,0,76,60,0,60,136
07/25/2003,HTS,WV,AEA,CE,Towers with Radar,2,26,20,2,50,0,0,0,0,0,2,26,20,2,50,47,0,47,97
07/26/2003,HTS,WV,AEA,CE,Towers with Radar,4,17,10,0,31,0,0,43,4,47,4,17,53,4,78,0,0,0,78
07/27/2003,HTS,WV,AEA,CE,Towers with Radar,0,12,15,0,27,0,0,23,0,23,0,12,38,0,50,46,0,46,96
07/28/2003,HTS,WV,AEA,CE,Towers with Radar,10,12,8,0,30,0,0,5,0,5,10,12,13,0,35,0,0,0,35
07/29/2003,HTS,WV,AEA,CE,Towers with Radar,2,28,24,0,54,0,0,0,0,0,2,28,24,0,54,60,0,60,114
07/30/2003,HTS,WV,AEA,CE,Towers with Radar,15,5,29,2,51,0,0,33,6,39,15,5,62,8,90,182,0,182,272
07/31/2003,HTS,WV,AEA,CE,Towers with Radar,13,30,22,0,65,0,0,10,0,10,13,30,32,0,75,0,0,0,75
08/01/2003,HTS,WV,AEA,CE,Towers with Radar,20,5,23,2,50,0,0,24,1,25,20,5,47,3,75,16,0,16,91
08/02/2003,HTS,WV,AEA,CE,Towers with Radar,5,18,5,0,28,0,0,15,0,15,5,18,20,0,43,24,0,24,67
08/03/2003,HTS,WV,AEA,CE,Towers with Radar,18,3,12,0,33,0,0,10,0,10,18,3,22,0,43,12,0,12,55
08/04/2003,HTS,WV,AEA,CE,Towers with Radar,4,13,7,0,24,0,0,12,0,12,4,13,19,0,36,6,0,6,42
08/05/2003,HTS,WV,AEA,CE,Towers with Radar,8,18,22,0,48,0,0,45,0,45,8,18,67,0,93,18,0,18,111
08/06/2003,HTS,WV,AEA,CE,Towers with Radar,0,28,17,0,45,0,0,48,0,48,0,28,65,0,93,78,0,78,171
08/07/2003,HTS,WV,AEA,CE,Towers with Radar,2,29,28,0,59,0,0,11,0,11,2,29,39,0,70,10,0,10,80
08/08/2003,HTS,WV,AEA,CE,Towers with Radar,2,20,25,7,54,0,0,5,0,5,2,20,30,7,59,0,0,0,59
08/09/2003,HTS,WV,AEA,CE,Towers with Radar,12,15,12,0,39,0,0,2,0,2,12,15,14,0,41,22,0,22,63
08/10/2003,HTS,WV,AEA,CE,Towers with Radar,12,8,9,0,29,0,0,5,0,5,12,8,14,0,34,0,0,0,34
08/11/2003,HTS,WV,AEA,CE,Towers with Radar,21,3,8,0,32,0,0,4,0,4,21,3,12,0,36,0,0,0,36
08/12/2003,HTS,WV,AEA,CE,Towers with Radar,3,35,25,0,63,0,0,6,0,6,3,35,31,0,69,18,0,18,87
08/13/2003,HTS,WV,AEA,CE,Towers with Radar,0,45,18,0,63,0,0,12,0,12,0,45,30,0,75,74,0,74,149
08/14/2003,HTS,WV,AEA,CE,Towers with Radar,2,25,18,0,45,0,0,23,0,23,2,25,41,0,68,90,0,90,158
08/15/2003,HTS,WV,AEA,CE,Towers with Radar,20,7,27,0,54,0,1,16,0,17,20,8,43,0,71,38,0,38,109
08/16/2003,HTS,WV,AEA,CE,Towers with Radar,18,3,9,0,30,0,0,13,0,13,18,3,22,0,43,0,0,0,43
08/17/2003,HTS,WV,AEA,CE,Towers with Radar,14,5,7,0,26,0,0,20,0,20,14,5,27,0,46,46,0,46,92
08/18/2003,HTS,WV,AEA,CE,Towers with Radar,0,30,23,0,53,0,0,22,0,22,0,30,45,0,75,46,0,46,121
08/19/2003,HTS,WV,AEA,CE,Towers with Radar,2,27,18,0,47,0,0,37,0,37,2,27,55,0,84,122,0,122,206
08/20/2003,HTS,WV,AEA,CE,Towers with Radar,2,21,31,0,54,0,0,26,0,26,2,21,57,0,80,116,0,116,196
08/21/2003,HTS,WV,AEA,CE,Towers with Radar,1,50,52,2,105,0,0,8,0,8,1,50,60,2,113,36,0,36,149
08/22/2003,HTS,WV,AEA,CE,Towers with Radar,2,30,16,0,48,0,0,12,0,12,2,30,28,0,60,24,0,24,84
08/23/2003,HTS,WV,AEA,CE,Towers with Radar,4,17,13,0,34,0,2,76,1,79,4,19,89,1,113,104,0,104,217
08/24/2003,HTS,WV,AEA,CE,Towers with Radar,0,18,19,0,37,0,0,38,0,38,0,18,57,0,75,124,0,124,199
08/25/2003,HTS,WV,AEA,CE,Towers with Radar,20,15,19,0,54,0,8,54,0,62,20,23,73,0,116,82,0,82,198
08/26/2003,HTS,WV,AEA,CE,Towers with Radar,2,25,17,0,44,0,0,28,0,28,2,25,45,0,72,136,0,136,208
08/27/2003,HTS,WV,AEA,CE,Towers with Radar,20,8,28,3,59,0,0,20,0,20,20,8,48,3,79,50,0,50,129
08/28/2003,HTS,WV,AEA,CE,Towers with Radar,22,7,38,0,67,0,0,57,1,58,22,7,95,1,125,86,0,86,211
08/29/2003,HTS,WV,AEA,CE,Towers with Radar,7,22,16,2,47,0,0,7,1,8,7,22,23,3,55,46,0,46,101
08/30/2003,HTS,WV,AEA,CE,Towers with Radar,5,14,8,0,27,0,0,2,0,2,5,14,10,0,29,0,0,0,29
08/31/2003,HTS,WV,AEA,CE,Towers with Radar,1,13,14,0,28,0,0,1,0,1,1,13,15,0,29,6,0,6,35
09/01/2003,HTS,WV,AEA,CE,Towers with Radar,6,12,9,0,27,0,0,5,2,7,6,12,14,2,34,18,0,18,52
09/02/2003,HTS,WV,AEA,CE,Towers with Radar,0,27,18,1,46,0,5,1,0,6,0,32,19,1,52,0,0,0,52
09/03/2003,HTS,WV,AEA,CE,Towers with Radar,2,28,9,0,39,0,0,1,0,1,2,28,10,0,40,0,0,0,40
09/04/2003,HTS,WV,AEA,CE,Towers with Radar,20,9,43,0,72,0,0,2,0,2,20,9,45,0,74,38,0,38,112
09/05/2003,HTS,WV,AEA,CE,Towers with Radar,3,32,20,0,55,0,0,37,0,37,3,32,57,0,92,86,0,86,178
09/06/2003,HTS,WV,AEA,CE,Towers with Radar,4,17,25,0,46,0,0,47,0,47,4,17,72,0,93,70,0,70,163
09/07/2003,HTS,WV,AEA,CE,Towers with Radar,0,12,14,0,26,0,0,29,0,29,0,12,43,0,55,38,0,38,93
09/08/2003,HTS,WV,AEA,CE,Towers with Radar,17,9,4,0,30,0,0,15,1,16,17,9,19,1,46,11,0,11,57
09/09/2003,HTS,WV,AEA,CE,Towers with Radar,4,23,60,0,87,0,0,38,0,38,4,23,98,0,125,98,0,98,223
09/10/2003,HTS,WV,AEA,CE,Towers with Radar,2,26,26,2,56,0,0,29,0,29,2,26,55,2,85,40,0,40,125
09/11/2003,HTS,WV,AEA,CE,Towers with Radar,11,14,20,0,45,0,0,25,1,26,11,14,45,1,71,124,0,124,195
09/12/2003,HTS,WV,AEA,CE,Towers with Radar,18,12,34,4,68,0,1,14,1,16,18,13,48,5,84,70,0,70,154
09/13/2003,HTS,WV,AEA,CE,Towers with Radar,4,23,4,2,33,0,0,29,0,29,4,23,33,2,62,40,0,40,102
09/14/2003,HTS,WV,AEA,CE,Towers with Radar,0,19,14,2,35,0,0,20,0,20,0,19,34,2,55,102,0,102,157
09/15/2003,HTS,WV,AEA,CE,Towers with Radar,4,15,16,2,37,0,0,17,0,17,4,15,33,2,54,64,2,66,120
09/16/2003,HTS,WV,AEA,CE,Towers with Radar,3,33,17,7,60,0,0,32,1,33,3,33,49,8,93,86,0,86,179
09/17/2003,HTS,WV,AEA,CE,Towers with Radar,2,25,28,0,55,0,0,29,0,29,2,25,57,0,84,128,0,128,212
09/18/2003,HTS,WV,AEA,CE,Towers with Radar,4,23,50,0,77,0,0,0,0,0,4,23,50,0,77,102,0,102,179
09/19/2003,HTS,WV,AEA,CE,Towers with Radar,1,19,14,0,34,0,0,6,0,6,1,19,20,0,40,20,0,20,60
09/20/2003,HTS,WV,AEA,CE,Towers with Radar,18,12,10,0,40,0,0,11,14,25,18,12,21,14,65,84,0,84,149
09/21/2003,HTS,WV,AEA,CE,Towers with Radar,17,3,9,0,29,0,0,12,0,12,17,3,21,0,41,54,0,54,95
09/22/2003,HTS,WV,AEA,CE,Towers with Radar,0,29,14,0,43,0,0,4,0,4,0,29,18,0,47,0,0,0,47
09/23/2003,HTS,WV,AEA,CE,Towers with Radar,10,20,25,0,55,0,1,63,0,64,10,21,88,0,119,70,0,70,189
09/24/2003,HTS,WV,AEA,CE,Towers with Radar,0,4,21,0,25,17,13,55,4,89,17,17,76,4,114,34,0,34,148
09/25/2003,HTS,WV,AEA,CE,Towers with Radar,10,23,21,0,54,0,42,10,0,52,10,65,31,0,106,60,0,60,166
09/26/2003,HTS,WV,AEA,CE,Towers with Radar,18,8,39,0,65,0,1,12,0,13,18,9,51,0,78,88,0,88,166
09/27/2003,HTS,WV,AEA,CE,Towers with Radar,10,13,2,0,25,0,0,2,0,2,10,13,4,0,27,0,0,0,27
09/28/2003,HTS,WV,AEA,CE,Towers with Radar,2,16,13,0,31,0,0,7,0,7,2,16,20,0,38,10,0,10,48
09/29/2003,HTS,WV,AEA,CE,Towers with Radar,0,19,41,0,60,0,0,21,0,21,0,19,62,0,81,78,0,78,159
09/30/2003,HTS,WV,AEA,CE,Towers with Radar,12,21,20,0,53,0,0,23,0,23,12,21,43,0,76,10,0,10,86
10/01/2003,HTS,WV,AEA,CE,Towers with Radar,3,25,24,4,56,0,0,18,0,18,3,25,42,4,74,48,0,48,122
10/02/2003,HTS,WV,AEA,CE,Towers with Radar,2,28,10,0,40,0,0,62,0,62,2,28,72,0,102,164,0,164,266
10/03/2003,HTS,WV,AEA,CE,Towers with Radar,2,28,19,0,49,0,0,38,0,38,2,28,57,0,87,50,0,50,137
10/04/2003,HTS,WV,AEA,CE,Towers with Radar,4,22,8,0,34,0,0,6,1,7,4,22,14,1,41,14,0,14,55
10/05/2003,HTS,WV,AEA,CE,Towers with Radar,14,11,12,2,39,0,0,29,1,30,14,11,41,3,69,0,74,74,143
10/06/2003,HTS,WV,AEA,CE,Towers with Radar,17,3,3,0,23,0,0,53,0,53,17,3,56,0,76,48,0,48,124
10/07/2003,HTS,WV,AEA,CE,Towers with Radar,15,13,44,0,72,0,0,76,0,76,15,13,120,0,148,108,0,108,256
10/08/2003,HTS,WV,AEA,CE,Towers with Radar,18,9,27,0,54,0,4,64,1,69,18,13,91,1,123,68,0,68,191
10/09/2003,HTS,WV,AEA,CE,Towers with Radar,22,9,17,0,48,0,0,49,0,49,22,9,66,0,97,42,0,42,139
10/10/2003,HTS,WV,AEA,CE,Towers with Radar,9,28,23,0,60,0,0,35,0,35,9,28,58,0,95,92,0,92,187
10/11/2003,HTS,WV,AEA,CE,Towers with Radar,4,21,18,0,43,0,0,46,0,46,4,21,64,0,89,106,0,106,195
10/12/2003,HTS,WV,AEA,CE,Towers with Radar,0,15,10,0,25,0,0,42,0,42,0,15,52,0,67,100,0,100,167
10/13/2003,HTS,WV,AEA,CE,Towers with Radar,0,20,27,0,47,0,0,48,0,48,0,20,75,0,95,70,0,70,165
10/14/2003,HTS,WV,AEA,CE,Towers with Radar,4,32,16,0,52,0,0,10,0,10,4,32,26,0,62,0,0,0,62
10/15/2003,HTS,WV,AEA,CE,Towers with Radar,1,40,21,0,62,0,0,20,0,20,1,40,41,0,82,42,0,42,124
10/16/2003,HTS,WV,AEA,CE,Towers with Radar,2,32,16,2,52,0,0,31,0,31,2,32,47,2,83,76,0,76,159
10/17/2003,HTS,WV,AEA,CE,Towers with Radar,15,29,14,0,58,0,0,5,0,5,15,29,19,0,63,0,0,0,63
10/18/2003,HTS,WV,AEA,CE,Towers with Radar,21,6,19,0,46,0,0,13,0,13,21,6,32,0,59,54,0,54,113
10/19/2003,HTS,WV,AEA,CE,Towers with Radar,12,0,35,0,47,0,0,110,0,110,12,0,145,0,157,84,0,84,241
10/20/2003,HTS,WV,AEA,CE,Towers with Radar,23,3,19,0,45,0,8,46,0,54,23,11,65,0,99,36,0,36,135
10/21/2003,HTS,WV,AEA,CE,Towers with Radar,13,19,20,0,52,0,0,10,2,12,13,19,30,2,64,34,0,34,98
10/22/2003,HTS,WV,AEA,CE,Towers with Radar,9,25,21,0,55,0,0,34,0,34,9,25,55,0,89,34,0,34,123
10/23/2003,HTS,WV,AEA,CE,Towers with Radar,15,19,17,0,51,0,0,39,0,39,15,19,56,0,90,28,0,28,118
10/24/2003,HTS,WV,AEA,CE,Towers with Radar,15,21,37,0,73,0,0,47,0,47,15,21,84,0,120,98,0,98,218
10/25/2003,HTS,WV,AEA,CE,Towers with Radar,5,25,9,0,39,0,0,27,2,29,5,25,36,2,68,32,0,32,100
10/26/2003,HTS,WV,AEA,CE,Towers with Radar,0,15,14,0,29,0,0,0,0,0,0,15,14,0,29,6,0,6,35
10/27/2003,HTS,WV,AEA,CE,Towers with Radar,0,27,17,4,48,0,0,9,0,9,0,27,26,4,57,38,0,38,95
10/28/2003,HTS,WV,AEA,CE,Towers with Radar,21,29,11,1,62,0,0,29,0,29,21,29,40,1,91,42,0,42,133
10/29/2003,HTS,WV,AEA,CE,Towers with Radar,0,31,24,0,55,0,0,2,0,2,0,31,26,0,57,30,0,30,87
10/30/2003,HTS,WV,AEA,CE,Towers with Radar,2,30,16,2,50,0,0,73,0,73,2,30,89,2,123,126,0,126,249
10/31/2003,HTS,WV,AEA,CE,Towers with Radar,2,31,15,0,48,0,0,36,0,36,2,31,51,0,84,44,0,44,128
11/01/2003,HTS,WV,AEA,CE,Towers with Radar,4,21,9,0,34,0,0,42,0,42,4,21,51,0,76,80,0,80,156
11/02/2003,HTS,WV,AEA,CE,Towers with Radar,9,14,7,1,31,0,1,25,3,29,9,15,32,4,60,58,0,58,118
11/03/2003,HTS,WV,AEA,CE,Towers with Radar,19,6,17,2,44,0,3,38,0,41,19,9,55,2,85,36,0,36,121
11/04/2003,HTS,WV,AEA,CE,Towers with Radar,19,18,25,0,62,0,0,34,0,34,19,18,59,0,96,68,0,68,164
11/05/2003,HTS,WV,AEA,CE,Towers with Radar,8,17,25,15,65,0,0,0,0,0,8,17,25,15,65,0,0,0,65
11/06/2003,HTS,WV,AEA,CE,Towers with Radar,2,27,19,0,48,0,0,0,0,0,2,27,19,0,48,0,0,0,48
11/07/2003,HTS,WV,AEA,CE,Towers with Radar,7,33,24,2,66,0,0,24,0,24,7,33,48,2,90,30,0,30,120
11/08/2003,HTS,WV,AEA,CE,Towers with Radar,9,12,13,0,34,0,0,31,0,31,9,12,44,0,65,52,0,52,117
11/09/2003,HTS,WV,AEA,CE,Towers with Radar,7,8,13,0,28,0,0,0,0,0,7,8,13,0,28,122,0,122,150
11/10/2003,HTS,WV,AEA,CE,Towers with Radar,0,22,24,0,46,0,2,11,0,13,0,24,35,0,59,62,0,62,121
11/11/2003,HTS,WV,AEA,CE,Towers with Radar,4,28,26,0,58,0,0,0,0,0,4,28,26,0,58,44,16,60,118
11/12/2003,HTS,WV,AEA,CE,Towers with Radar,2,28,14,0,44,0,0,0,0,0,2,28,14,0,44,0,0,0,44
11/13/2003,HTS,WV,AEA,CE,Towers with Radar,2,22,25,0,49,0,0,0,0,0,2,22,25,0,49,0,0,0,49
11/14/2003,HTS,WV,AEA,CE,Towers with Radar,2,28,17,1,48,0,0,28,0,28,2,28,45,1,76,55,1,56,132
11/15/2003,HTS,WV,AEA,CE,Towers with Radar,4,27,19,0,50,0,0,8,0,8,4,27,27,0,58,0,0,0,58
11/16/2003,HTS,WV,AEA,CE,Towers with Radar,15,0,13,0,28,0,1,0,0,1,15,1,13,0,29,0,0,0,29
11/17/2003,HTS,WV,AEA,CE,Towers with Radar,18,5,8,0,31,0,4,30,0,34,18,9,38,0,65,0,0,0,65
11/18/2003,HTS,WV,AEA,CE,Towers with Radar,23,16,20,1,60,0,0,16,0,16,23,16,36,1,76,82,0,82,158
11/19/2003,HTS,WV,AEA,CE,Towers with Radar,19,12,12,0,43,0,0,3,1,4,19,12,15,1,47,20,0,20,67
11/20/2003,HTS,WV,AEA,CE,Towers with Radar,4,31,26,0,61,0,0,14,0,14,4,31,40,0,75,40,0,40,115
11/21/2003,HTS,WV,AEA,CE,Towers with Radar,2,28,14,0,44,0,0,32,5,37,2,28,46,5,81,51,0,51,132
11/22/2003,HTS,WV,AEA,CE,Towers with Radar,6,18,16,0,40,0,0,44,0,44,6,18,60,0,84,90,0,90,174
11/23/2003,HTS,WV,AEA,CE,Towers with Radar,6,12,49,0,67,0,3,45,0,48,6,15,94,0,115,62,0,62,177
11/24/2003,HTS,WV,AEA,CE,Towers with Radar,0,21,17,0,38,0,0,0,0,0,0,21,17,0,38,0,0,0,38
11/25/2003,HTS,WV,AEA,CE,Towers with Radar,0,21,34,0,55,0,0,44,0,44,0,21,78,0,99,28,0,28,127
11/26/2003,HTS,WV,AEA,CE,Towers with Radar,6,40,26,0,72,0,0,24,0,24,6,40,50,0,96,74,0,74,170
11/27/2003,HTS,WV,AEA,CE,Towers with Radar,1,17,4,0,22,0,0,5,0,5,1,17,9,0,27,0,0,0,27
11/28/2003,HTS,WV,AEA,CE,Towers with Radar,1,21,12,0,34,0,0,0,0,0,1,21,12,0,34,0,0,0,34
11/29/2003,HTS,WV,AEA,CE,Towers with Radar,5,21,16,0,42,0,1,4,0,5,5,22,20,0,47,0,0,0,47
11/30/2003,HTS,WV,AEA,CE,Towers with Radar,19,3,19,0,41,0,0,22,0,22,19,3,41,0,63,60,4,64,127
12/01/2003,HTS,WV,AEA,CE,Towers with Radar,10,10,14,1,35,0,0,12,0,12,10,10,26,1,47,46,0,46,93
12/02/2003,HTS,WV,AEA,CE,Towers with Radar,2,34,28,0,64,0,2,29,0,31,2,36,57,0,95,28,0,28,123
12/03/2003,HTS,WV,AEA,CE,Towers with Radar,23,11,16,0,50,0,0,26,0,26,23,11,42,0,76,64,0,64,140
12/04/2003,HTS,WV,AEA,CE,Towers with Radar,2,27,20,0,49,0,2,2,0,4,2,29,22,0,53,0,0,0,53
12/05/2003,HTS,WV,AEA,CE,Towers with Radar,2,29,10,0,41,0,0,0,0,0,2,29,10,0,41,0,0,0,41
12/06/2003,HTS,WV,AEA,CE,Towers with Radar,3,19,25,0,47,0,0,30,0,30,3,19,55,0,77,24,0,24,101
12/07/2003,HTS,WV,AEA,CE,Towers with Radar,0,16,12,0,28,0,0,57,0,57,0,16,69,0,85,178,0,178,263
12/08/2003,HTS,WV,AEA,CE,Towers with Radar,2,22,21,0,45,0,0,16,0,16,2,22,37,0,61,40,0,40,101
12/09/2003,HTS,WV,AEA,CE,Towers with Radar,4,35,22,2,63,0,0,4,0,4,4,35,26,2,67,10,0,10,77
12/10/2003,HTS,WV,AEA,CE,Towers with Radar,4,29,19,2,54,0,0,0,0,0,4,29,19,2,54,4,0,4,58
12/11/2003,HTS,WV,AEA,CE,Towers with Radar,4,29,28,0,61,0,0,0,0,0,4,29,28,0,61,0,0,0,61
12/12/2003,HTS,WV,AEA,CE,Towers with Radar,5,32,17,0,54,0,0,58,0,58,5,32,75,0,112,56,0,56,168
12/13/2003,HTS,WV,AEA,CE,Towers with Radar,4,22,4,7,37,0,0,14,2,16,4,22,18,9,53,6,0,6,59
12/14/2003,HTS,WV,AEA,CE,Towers with Radar,4,8,11,2,25,0,0,0,0,0,4,8,11,2,25,0,0,0,25
12/15/2003,HTS,WV,AEA,CE,Towers with Radar,12,13,7,2,34,0,0,18,0,18,12,13,25,2,52,12,0,12,64
12/16/2003,HTS,WV,AEA,CE,Towers with Radar,4,39,12,0,55,0,8,8,0,16,4,47,20,0,71,48,0,48,119
12/17/2003,HTS,WV,AEA,CE,Towers with Radar,10,20,25,0,55,0,0,0,0,0,10,20,25,0,55,0,0,0,55
12/18/2003,HTS,WV,AEA,CE,Towers with Radar,3,23,14,0,40,0,0,0,0,0,3,23,14,0,40,0,0,0,40
12/19/2003,HTS,WV,AEA,CE,Towers with Radar,3,24,14,0,41,0,0,0,0,0,3,24,14,0,41,0,0,0,41
12/20/2003,HTS,WV,AEA,CE,Towers with Radar,5,24,15,0,44,0,0,4,0,4,5,24,19,0,48,30,0,30,78
12/21/2003,HTS,WV,AEA,CE,Towers with Radar,0,16,8,0,24,0,0,36,0,36,0,16,44,0,60,68,0,68,128
12/22/2003,HTS,WV,AEA,CE,Towers with Radar,0,21,15,0,36,0,0,5,0,5,0,21,20,0,41,10,0,10,51
12/23/2003,HTS,WV,AEA,CE,Towers with Radar,5,30,19,0,54,0,0,6,0,6,5,30,25,0,60,0,0,0,60
12/24/2003,HTS,WV,AEA,CE,Towers with Radar,5,26,9,0,40,0,0,4,0,4,5,26,13,0,44,0,0,0,44
12/25/2003,HTS,WV,AEA,CE,Towers with Radar,7,7,5,0,19,0,0,3,0,3,7,7,8,0,22,0,0,0,22
12/26/2003,HTS,WV,AEA,CE,Towers with Radar,7,19,17,0,43,0,0,19,0,19,7,19,36,0,62,54,0,54,116
12/27/2003,HTS,WV,AEA,CE,Towers with Radar,4,21,9,0,34,0,4,26,0,30,4,25,35,0,64,112,0,112,176
12/28/2003,HTS,WV,AEA,CE,Towers with Radar,14,1,24,0,39,0,0,90,0,90,14,1,114,0,129,92,0,92,221
12/29/2003,HTS,WV,AEA,CE,Towers with Radar,0,21,16,0,37,0,0,15,0,15,0,21,31,0,52,76,0,76,128
12/30/2003,HTS,WV,AEA,CE,Towers with Radar,2,33,18,0,53,0,4,7,0,11,2,37,25,0,64,8,0,8,72
12/31/2003,HTS,WV,AEA,CE,Towers with Radar,2,29,11,0,42,0,4,37,0,41,2,33,48,0,83,44,0,44,127
01/01/2004,HTS,WV,AEA,CE,Towers with Radar,1,17,6,0,24,0,0,21,2,23,1,17,27,2,47,0,0,0,47
01/02/2004,HTS,WV,AEA,CE,Towers with Radar,1,28,10,0,39,0,0,10,0,10,1,28,20,0,49,0,0,0,49
01/03/2004,HTS,WV,AEA,CE,Towers with Radar,4,31,9,0,44,0,0,0,0,0,4,31,9,0,44,0,0,0,44
01/04/2004,HTS,WV,AEA,CE,Towers with Radar,14,0,62,0,76,0,0,4,0,4,14,0,66,0,80,0,0,0,80
01/05/2004,HTS,WV,AEA,CE,Towers with Radar,0,16,20,0,36,0,0,0,0,0,0,16,20,0,36,0,0,0,36
01/06/2004,HTS,WV,AEA,CE,Towers with Radar,2,30,23,0,55,0,0,11,0,11,2,30,34,0,66,12,0,12,78
01/07/2004,HTS,WV,AEA,CE,Towers with Radar,6,21,25,1,53,0,0,36,0,36,6,21,61,1,89,82,16,98,187
01/08/2004,HTS,WV,AEA,CE,Towers with Radar,18,11,22,0,51,0,1,3,0,4,18,12,25,0,55,16,0,16,71
01/09/2004,HTS,WV,AEA,CE,Towers with Radar,8,24,14,0,46,0,0,0,0,0,8,24,14,0,46,0,0,0,46
01/10/2004,HTS,WV,AEA,CE,Towers with Radar,16,11,20,4,51,0,0,80,0,80,16,11,100,4,131,60,0,60,191
01/11/2004,HTS,WV,AEA,CE,Towers with Radar,0,21,24,0,45,0,0,31,0,31,0,21,55,0,76,100,0,100,176
01/12/2004,HTS,WV,AEA,CE,Towers with Radar,0,24,16,0,40,0,0,10,0,10,0,24,26,0,50,10,0,10,60
01/13/2004,HTS,WV,AEA,CE,Towers with Radar,9,45,14,0,68,0,0,9,0,9,9,45,23,0,77,14,0,14,91
01/14/2004,HTS,WV,AEA,CE,Towers with Radar,2,32,20,0,54,0,0,9,0,9,2,32,29,0,63,22,0,22,85
01/15/2004,HTS,WV,AEA,CE,Towers with Radar,2,24,10,0,36,0,0,15,51,66,2,24,25,51,102,14,0,14,116
01/16/2004,HTS,WV,AEA,CE,Towers with Radar,6,20,17,2,45,0,0,23,0,23,6,20,40,2,68,26,0,26,94
01/17/2004,HTS,WV,AEA,CE,Towers with Radar,6,14,8,0,28,0,0,6,0,6,6,14,14,0,34,0,0,0,34
01/18/2004,HTS,WV,AEA,CE,Towers with Radar,0,14,4,0,18,0,0,3,0,3,0,14,7,0,21,0,0,0,21
01/19/2004,HTS,WV,AEA,CE,Towers with Radar,8,14,16,0,38,0,0,14,0,14,8,14,30,0,52,58,0,58,110
01/20/2004,HTS,WV,AEA,CE,Towers with Radar,2,32,18,0,52,0,0,40,0,40,2,32,58,0,92,90,0,90,182
01/21/2004,HTS,WV,AEA,CE,Towers with Radar,8,24,22,0,54,0,0,44,0,44,8,24,66,0,98,82,0,82,180
01/22/2004,HTS,WV,AEA,CE,Towers with Radar,2,38,21,0,61,0,0,9,0,9,2,38,30,0,70,18,0,18,88
01/23/2004,HTS,WV,AEA,CE,Towers with Radar,21,7,26,0,54,0,0,18,0,18,21,7,44,0,72,36,0,36,108
01/24/2004,HTS,WV,AEA,CE,Towers with Radar,4,30,11,0,45,0,0,10,0,10,4,30,21,0,55,46,0,46,101
01/25/2004,HTS,WV,AEA,CE,Towers with Radar,0,7,5,0,12,0,0,0,0,0,0,7,5,0,12,0,0,0,12
01/26/2004,HTS,WV,AEA,CE,Towers with Radar,0,21,5,0,26,0,0,3,0,3,0,21,8,0,29,0,0,0,29
01/27/2004,HTS,WV,AEA,CE,Towers with Radar,2,26,8,0,36,0,0,1,0,1,2,26,9,0,37,0,0,0,37
01/28/2004,HTS,WV,AEA,CE,Towers with Radar,2,41,0,0,43,0,0,9,0,9,2,41,9,0,52,0,0,0,52
01/29/2004,HTS,WV,AEA,CE,Towers with Radar,2,36,20,2,60,0,0,0,0,0,2,36,20,2,60,0,0,0,60
01/30/2004,HTS,WV,AEA,CE,Towers with Radar,6,18,20,4,48,0,0,5,0,5,6,18,25,4,53,26,0,26,79
01/31/2004,HTS,WV,AEA,CE,Towers with Radar,3,21,24,0,48,0,0,38,0,38,3,21,62,0,86,68,0,68,154
02/01/2004,HTS,WV,AEA,CE,Towers with Radar,0,13,5,0,18,0,0,26,0,26,0,13,31,0,44,72,0,72,116
02/02/2004,HTS,WV,AEA,CE,Towers with Radar,2,14,8,3,27,0,0,8,0,8,2,14,16,3,35,70,0,70,105
02/03/2004,HTS,WV,AEA,CE,Towers with Radar,2,25,10,0,37,0,0,2,0,2,2,25,12,0,39,0,0,0,39
02/04/2004,HTS,WV,AEA,CE,Towers with Radar,19,13,18,6,56,0,0,28,0,28,19,13,46,6,84,16,0,16,100
02/05/2004,HTS,WV,AEA,CE,Towers with Radar,21,7,10,0,38,0,0,2,0,2,21,7,12,0,40,0,0,0,40
02/06/2004,HTS,WV,AEA,CE,Towers with Radar,6,11,17,8,42,0,0,4,0,4,6,11,21,8,46,0,0,0,46
02/07/2004,HTS,WV,AEA,CE,Towers with Radar,4,30,12,0,46,0,0,0,0,0,4,30,12,0,46,0,0,0,46
02/08/2004,HTS,WV,AEA,CE,Towers with Radar,0,13,3,2,18,0,0,15,0,15,0,13,18,2,33,46,0,46,79
02/09/2004,HTS,WV,AEA,CE,Towers with Radar,0,22,21,0,43,0,0,19,0,19,0,22,40,0,62,58,0,58,120
02/10/2004,HTS,WV,AEA,CE,Towers with Radar,2,35,33,8,78,0,0,31,0,31,2,35,64,8,109,56,0,56,165
02/11/2004,HTS,WV,AEA,CE,Towers with Radar,20,13,24,2,59,0,0,39,0,39,20,13,63,2,98,110,0,110,208
02/12/2004,HTS,WV,AEA,CE,Towers with Radar,2,30,7,0,39,0,0,28,0,28,2,30,35,0,67,72,0,72,139
02/13/2004,HTS,WV,AEA,CE,Towers with Radar,6,27,14,2,49,0,0,11,0,11,6,27,25,2,60,34,0,34,94
02/14/2004,HTS,WV,AEA,CE,Towers with Radar,2,21,9,0,32,0,0,45,1,46,2,21,54,1,78,84,0,84,162
02/15/2004,HTS,WV,AEA,CE,Towers with Radar,0,16,7,0,23,0,0,18,0,18,0,16,25,0,41,34,0,34,75
02/16/2004,HTS,WV,AEA,CE,Towers with Radar,0,23,19,0,42,0,0,54,0,54,0,23,73,0,96,132,0,132,228
02/17/2004,HTS,WV,AEA,CE,Towers with Radar,2,24,25,0,51,0,3,35,0,38,2,27,60,0,89,156,0,156,245
02/18/2004,HTS,WV,AEA,CE,Towers with Radar,2,43,14,6,65,0,0,43,0,43,2,43,57,6,108,78,0,78,186
02/19/2004,HTS,WV,AEA,CE,Towers with Radar,6,15,28,0,49,0,0,77,0,77,6,15,105,0,126,106,0,106,232
02/20/2004,HTS,WV,AEA,CE,Towers with Radar,2,37,22,7,68,0,0,12,2,14,2,37,34,9,82,0,0,0,82
02/21/2004,HTS,WV,AEA,CE,Towers with Radar,4,36,8,0,48,0,0,8,0,8,4,36,16,0,56,32,0,32,88
02/22/2004,HTS,WV,AEA,CE,Towers with Radar,0,15,11,2,28,0,0,25,1,26,0,15,36,3,54,62,0,62,116
02/23/2004,HTS,WV,AEA,CE,Towers with Radar,0,17,18,0,35,0,0,39,0,39,0,17,57,0,74,136,0,136,210
02/24/2004,HTS,WV,AEA,CE,Towers with Radar,20,10,14,0,44,0,2,4,0,6,20,12,18,0,50,10,0,10,60
02/25/2004,HTS,WV,AEA,CE,Towers with Radar,2,36,15,20,73,0,1,31,0,32,2,37,46,20,105,88,0,88,193
02/26/2004,HTS,WV,AEA,CE,Towers with Radar,2,30,20,0,52,0,0,28,0,28,2,30,48,0,80,100,0,100,180
02/27/2004,HTS,WV,AEA,CE,Towers with Radar,2,28,20,4,54,0,0,27,0,27,2,28,47,4,81,70,0,70,151
02/28/2004,HTS,WV,AEA,CE,Towers with Radar,4,24,11,0,39,0,0,40,0,40,4,24,51,0,79,114,0,114,193
02/29/2004,HTS,WV,AEA,CE,Towers with Radar,8,5,27,0,40,0,0,40,0,40,8,5,67,0,80,82,0,82,162
03/01/2004,HTS,WV,AEA,CE,Towers with Radar,0,23,19,0,42,0,0,4,0,4,0,23,23,0,46,6,0,6,52
03/02/2004,HTS,WV,AEA,CE,Towers with Radar,7,12,28,0,47,0,0,11,0,11,7,12,39,0,58,30,0,30,88
03/03/2004,HTS,WV,AEA,CE,Towers with Radar,21,17,29,0,67,0,0,32,0,32,21,17,61,0,99,48,0,48,147
03/04/2004,HTS,WV,AEA,CE,Towers with Radar,2,29,17,0,48,0,0,6,0,6,2,29,23,0,54,60,0,60,114
03/05/2004,HTS,WV,AEA,CE,Towers with Radar,1,32,18,0,51,0,0,4,0,4,1,32,22,0,55,30,0,30,85
03/06/2004,HTS,WV,AEA,CE,Towers with Radar,4,24,8,0,36,0,0,2,0,2,4,24,10,0,38,6,0,6,44
03/07/2004,HTS,WV,AEA,CE,Towers with Radar,0,13,8,1,22,0,0,6,0,6,0,13,14,1,28,10,0,10,38
03/08/2004,HTS,WV,AEA,CE,Towers with Radar,0,27,25,1,53,0,0,1,0,1,0,27,26,1,54,32,0,32,86
03/09/2004,HTS,WV,AEA,CE,Towers with Radar,2,27,14,0,43,0,0,36,0,36,2,27,50,0,79,0,0,0,79
03/10/2004,HTS,WV,AEA,CE,Towers with Radar,15,23,19,0,57,0,0,30,0,30,15,23,49,0,87,42,0,42,129
03/11/2004,HTS,WV,AEA,CE,Towers with Radar,24,8,18,0,50,0,0,15,0,15,24,8,33,0,65,22,0,22,87
03/12/2004,HTS,WV,AEA,CE,Towers with Radar,2,27,14,0,43,0,0,21,6,27,2,27,35,6,70,58,0,58,128
03/13/2004,HTS,WV,AEA,CE,Towers with Radar,4,25,18,0,47,0,0,31,0,31,4,25,49,0,78,132,0,132,210
03/14/2004,HTS,WV,AEA,CE,Towers with Radar,0,14,18,0,32,0,0,7,0,7,0,14,25,0,39,20,0,20,59
03/15/2004,HTS,WV,AEA,CE,Towers with Radar,0,21,34,0,55,0,0,61,0,61,0,21,95,0,116,108,0,108,224
03/16/2004,HTS,WV,AEA,CE,Towers with Radar,4,28,13,0,45,0,0,2,0,2,4,28,15,0,47,0,0,0,47
03/17/2004,HTS,WV,AEA,CE,Towers with Radar,2,30,23,3,58,0,0,1,2,3,2,30,24,5,61,6,14,20,81
03/18/2004,HTS,WV,AEA,CE,Towers with Radar,2,25,16,0,43,0,1,11,0,12,2,26,27,0,55,0,0,0,55
03/19/2004,HTS,WV,AEA,CE,Towers with Radar,4,30,27,3,64,0,1,51,1,53,4,31,78,4,117,76,0,76,193
03/20/2004,HTS,WV,AEA,CE,Towers with Radar,4,25,18,2,49,0,2,5,0,7,4,27,23,2,56,0,0,0,56
03/21/2004,HTS,WV,AEA,CE,Towers with Radar,0,17,3,3,23,0,0,8,0,8,0,17,11,3,31,0,0,0,31
03/22/2004,HTS,WV,AEA,CE,Towers with Radar,0,26,10,0,36,0,0,22,0,22,0,26,32,0,58,72,0,72,130
03/23/2004,HTS,WV,AEA,CE,Towers with Radar,0,30,18,0,48,0,0,50,0,50,0,30,68,0,98,92,0,92,190
03/24/2004,HTS,WV,AEA,CE,Towers with Radar,2,30,29,0,61,0,0,26,0,26,2,30,55,0,87,70,0,70,157
03/25/2004,HTS,WV,AEA,CE,Towers with Radar,2,32,20,0,54,0,0,27,0,27,2,32,47,0,81,84,0,84,165
03/26/2004,HTS,WV,AEA,CE,Towers with Radar,2,35,26,0,63,0,0,10,0,10,2,35,36,0,73,58,0,58,131
03/27/2004,HTS,WV,AEA,CE,Towers with Radar,4,19,13,0,36,0,0,25,0,25,4,19,38,0,61,36,0,36,97
03/28/2004,HTS,WV,AEA,CE,Towers with Radar,5,11,15,0,31,0,0,29,2,31,5,11,44,2,62,78,0,78,140
03/29/2004,HTS,WV,AEA,CE,Towers with Radar,0,32,26,0,58,0,0,13,0,13,0,32,39,0,71,6,0,6,77
03/30/2004,HTS,WV,AEA,CE,Towers with Radar,2,31,12,1,46,0,0,1,0,1,2,31,13,1,47,0,0,0,47
03/31/2004,HTS,WV,AEA,CE,Towers with Radar,11,32,25,1,69,0,0,23,0,23,11,32,48,1,92,16,0,16,108
04/01/2004,HTS,WV,AEA,CE,Towers with Radar,2,27,8,6,43,0,0,0,0,0,2,27,8,6,43,0,0,0,43
04/02/2004,HTS,WV,AEA,CE,Towers with Radar,6,41,16,11,74,0,2,5,0,7,6,43,21,11,81,0,0,0,81
04/03/2004,HTS,WV,AEA,CE,Towers with Radar,4,25,18,2,49,0,0,12,0,12,4,25,30,2,61,76,0,76,137
04/04/2004,HTS,WV,AEA,CE,Towers with Radar,0,15,8,0,23,0,0,10,0,10,0,15,18,0,33,36,0,36,69
04/05/2004,HTS,WV,AEA,CE,Towers with Radar,0,23,14,0,37,0,0,24,0,24,0,23,38,0,61,80,0,80,141
04/06/2004,HTS,WV,AEA,CE,Towers with Radar,2,31,13,0,46,0,0,35,0,35,2,31,48,0,81,72,0,72,153
04/07/2004,HTS,WV,AEA,CE,Towers with Radar,2,52,49,0,103,0,3,24,0,27,2,55,73,0,130,62,0,62,192
04/08/2004,HTS,WV,AEA,CE,Towers with Radar,2,32,29,0,63,0,0,19,0,19,2,32,48,0,82,66,0,66,148
04/09/2004,HTS,WV,AEA,CE,Towers with Radar,3,36,12,0,51,0,0,41,0,41,3,36,53,0,92,100,0,100,192
04/10/2004,HTS,WV,AEA,CE,Towers with Radar,7,17,7,0,31,0,0,61,0,61,7,17,68,0,92,112,0,112,204
04/11/2004,HTS,WV,AEA,CE,Towers with Radar,7,13,12,0,32,0,0,12,0,12,7,13,24,0,44,50,0,50,94
04/12/2004,HTS,WV,AEA,CE,Towers with Radar,16,2,21,0,39,0,0,0,0,0,16,2,21,0,39,0,0,0,39
04/13/2004,HTS,WV,AEA,CE,Towers with Radar,22,11,7,0,40,0,0,0,0,0,22,11,7,0,40,0,0,0,40
04/14/2004,HTS,WV,AEA,CE,Towers with Radar,2,38,25,0,65,0,0,5,0,5,2,38,30,0,70,0,0,0,70
04/15/2004,HTS,WV,AEA,CE,Towers with Radar,2,34,19,0,55,0,0,22,0,22,2,34,41,0,77,92,0,92,169
04/16/2004,HTS,WV,AEA,CE,Towers with Radar,2,27,24,0,53,0,0,34,0,34,2,27,58,0,87,96,0,96,183
04/17/2004,HTS,WV,AEA,CE,Towers with Radar,4,26,7,1,38,0,0,31,0,31,4,26,38,1,69,74,0,74,143
04/18/2004,HTS,WV,AEA,CE,Towers with Radar,4,13,22,0,39,0,0,54,0,54,4,13,76,0,93,80,0,80,173
04/19/2004,HTS,WV,AEA,CE,Towers with Radar,6,16,7,0,29,0,0,29,0,29,6,16,36,0,58,30,0,30,88
04/20/2004,HTS,WV,AEA,CE,Towers with Radar,4,31,19,0,54,0,0,16,0,16,4,31,35,0,70,12,0,12,82
04/21/2004,HTS,WV,AEA,CE,Towers with Radar,3,32,11,0,46,0,0,8,2,10,3,32,19,2,56,62,0,62,118
04/22/2004,HTS,WV,AEA,CE,Towers with Radar,2,30,13,0,45,0,0,1,0,1,2,30,14,0,46,0,0,0,46
04/23/2004,HTS,WV,AEA,CE,Towers with Radar,2,28,11,2,43,0,0,1,0,1,2,28,12,2,44,0,0,0,44
04/24/2004,HTS,WV,AEA,CE,Towers with Radar,11,11,3,0,25,0,0,43,0,43,11,11,46,0,68,62,1,63,131
04/25/2004,HTS,WV,AEA,CE,Towers with Radar,0,13,4,0,17,0,0,1,0,1,0,13,5,0,18,8,0,8,26
04/26/2004,HTS,WV,AEA,CE,Towers with Radar,20,2,14,0,36,0,0,22,0,22,20,2,36,0,58,8,0,8,66
04/27/2004,HTS,WV,AEA,CE,Towers with Radar,2,31,16,2,51,0,0,24,1,25,2,31,40,3,76,22,0,22,98
04/28/2004,HTS,WV,AEA,CE,Towers with Radar,2,35,29,0,66,0,0,36,0,36,2,35,65,0,102,62,0,62,164
04/29/2004,HTS,WV,AEA,CE,Towers with Radar,2,29,27,0,58,0,0,25,13,38,2,29,52,13,96,123,0,123,219
04/30/2004,HTS,WV,AEA,CE,Towers with Radar,2,26,13,0,41,0,0,5,0,5,2,26,18,0,46,80,0,80,126
05/01/2004,HTS,WV,AEA,CE,Towers with Radar,4,18,4,0,26,0,0,41,0,41,4,18,45,0,67,66,0,66,133
05/02/2004,HTS,WV,AEA,CE,Towers with Radar,0,18,8,0,26,0,0,0,0,0,0,18,8,0,26,0,0,0,26
05/03/2004,HTS,WV,AEA,CE,Towers with Radar,0,27,7,0,34,0,0,20,0,20,0,27,27,0,54,40,0,40,94
05/04/2004,HTS,WV,AEA,CE,Towers with Radar,6,42,37,0,85,0,0,43,0,43,6,42,80,0,128,128,0,128,256
05/05/2004,HTS,WV,AEA,CE,Towers with Radar,2,31,27,1,61,0,0,31,1,32,2,31,58,2,93,120,0,120,213
05/06/2004,HTS,WV,AEA,CE,Towers with Radar,2,29,16,0,47,0,0,37,0,37,2,29,53,0,84,56,0,56,140
05/07/2004,HTS,WV,AEA,CE,Towers with Radar,9,17,12,0,38,0,0,28,0,28,9,17,40,0,66,6,0,6,72
05/08/2004,HTS,WV,AEA,CE,Towers with Radar,5,31,10,0,46,0,0,26,0,26,5,31,36,0,72,88,0,88,160
05/09/2004,HTS,WV,AEA,CE,Towers with Radar,7,13,4,0,24,0,0,37,0,37,7,13,41,0,61,60,0,60,121
05/10/2004,HTS,WV,AEA,CE,Towers with Radar,6,31,12,0,49,0,0,22,0,22,6,31,34,0,71,58,0,58,129
05/11/2004,HTS,WV,AEA,CE,Towers with Radar,9,33,18,0,60,0,0,24,0,24,9,33,42,0,84,48,0,48,132
05/12/2004,HTS,WV,AEA,CE,Towers with Radar,5,22,22,0,49,0,0,20,0,20,5,22,42,0,69,46,0,46,115
05/13/2004,HTS,WV,AEA,CE,Towers with Radar,2,38,21,2,63,0,1,22,0,23,2,39,43,2,86,70,0,70,156
05/14/2004,HTS,WV,AEA,CE,Towers with Radar,2,29,19,1,51,0,0,23,0,23,2,29,42,1,74,44,0,44,118
05/15/2004,HTS,WV,AEA,CE,Towers with Radar,5,28,10,0,43,0,0,4,0,4,5,28,14,0,47,0,0,0,47
05/16/2004,HTS,WV,AEA,CE,Towers with Radar,0,14,41,1,56,0,0,20,0,20,0,14,61,1,76,56,0,56,132
05/17/2004,HTS,WV,AEA,CE,Towers with Radar,10,22,3,0,35,0,0,33,0,33,10,22,36,0,68,74,0,74,142
05/18/2004,HTS,WV,AEA,CE,Towers with Radar,2,28,18,0,48,0,0,24,0,24,2,28,42,0,72,36,0,36,108
05/19/2004,HTS,WV,AEA,CE,Towers with Radar,1,32,33,0,66,0,0,14,0,14,1,32,47,0,80,38,0,38,118
05/20/2004,HTS,WV,AEA,CE,Towers with Radar,2,33,45,0,80,0,11,58,0,69,2,44,103,0,149,120,0,120,269
05/21/2004,HTS,WV,AEA,CE,Towers with Radar,9,22,30,0,61,0,1,29,0,30,9,23,59,0,91,70,0,70,161
05/22/2004,HTS,WV,AEA,CE,Towers with Radar,4,29,7,0,40,0,6,22,0,28,4,35,29,0,68,36,0,36,104
05/23/2004,HTS,WV,AEA,CE,Towers with Radar,6,23,3,0,32,0,0,77,0,77,6,23,80,0,109,78,0,78,187
05/24/2004,HTS,WV,AEA,CE,Towers with Radar,6,40,12,0,58,0,0,24,0,24,6,40,36,0,82,16,0,16,98
05/25/2004,HTS,WV,AEA,CE,Towers with Radar,2,33,15,0,50,0,0,18,0,18,2,33,33,0,68,40,0,40,108
05/26/2004,HTS,WV,AEA,CE,Towers with Radar,2,22,35,0,59,0,0,5,0,5,2,22,40,0,64,21,0,21,85
05/27/2004,HTS,WV,AEA,CE,Towers with Radar,2,29,17,0,48,0,0,7,0,7,2,29,24,0,55,10,0,10,65
05/28/2004,HTS,WV,AEA,CE,Towers with Radar,2,28,35,3,68,0,0,4,0,4,2,28,39,3,72,36,0,36,108
05/29/2004,HTS,WV,AEA,CE,Towers with Radar,4,28,16,0,48,0,0,0,0,0,4,28,16,0,48,70,0,70,118
05/30/2004,HTS,WV,AEA,CE,Towers with Radar,0,15,4,0,19,0,0,4,0,4,0,15,8,0,23,0,0,0,23
05/31/2004,HTS,WV,AEA,CE,Towers with Radar,2,27,1,0,30,0,0,4,0,4,2,27,5,0,34,0,0,0,34
06/01/2004,HTS,WV,AEA,CE,Towers with Radar,0,30,12,0,42,0,0,22,0,22,0,30,34,0,64,24,0,24,88
06/02/2004,HTS,WV,AEA,CE,Towers with Radar,8,21,26,0,55,0,0,50,0,50,8,21,76,0,105,42,0,42,147
06/03/2004,HTS,WV,AEA,CE,Towers with Radar,8,37,7,0,52,0,0,42,0,42,8,37,49,0,94,96,0,96,190
06/04/2004,HTS,WV,AEA,CE,Towers with Radar,2,29,22,4,57,0,0,5,2,7,2,29,27,6,64,10,0,10,74
06/05/2004,HTS,WV,AEA,CE,Towers with Radar,10,15,25,6,56,0,0,19,0,19,10,15,44,6,75,82,0,82,157
06/06/2004,HTS,WV,AEA,CE,Towers with Radar,26,0,23,1,50,0,3,84,4,91,26,3,107,5,141,92,0,92,233
06/07/2004,HTS,WV,AEA,CE,Towers with Radar,0,24,34,0,58,0,0,35,0,35,0,24,69,0,93,68,0,68,161
06/08/2004,HTS,WV,AEA,CE,Towers with Radar,2,30,29,2,63,0,0,5,0,5,2,30,34,2,68,10,0,10,78
06/09/2004,HTS,WV,AEA,CE,Towers with Radar,2,29,30,4,65,0,0,13,0,13,2,29,43,4,78,44,10,54,132
06/10/2004,HTS,WV,AEA,CE,Towers with Radar,4,31,21,2,58,0,0,7,0,7,4,31,28,2,65,42,0,42,107
06/11/2004,HTS,WV,AEA,CE,Towers with Radar,2,30,20,0,52,0,0,8,0,8,2,30,28,0,60,14,0,14,74
06/12/2004,HTS,WV,AEA,CE,Towers with Radar,13,31,0,0,44,0,0,2,0,2,13,31,2,0,46,0,0,0,46
06/13/2004,HTS,WV,AEA,CE,Towers with Radar,19,0,15,0,34,0,0,69,0,69,19,0,84,0,103,56,2,58,161
06/14/2004,HTS,WV,AEA,CE,Towers with Radar,2,19,12,0,33,0,0,14,0,14,2,19,26,0,47,0,0,0,47
06/15/2004,HTS,WV,AEA,CE,Towers with Radar,2,34,27,3,66,0,0,22,1,23,2,34,49,4,89,0,0,0,89
06/16/2004,HTS,WV,AEA,CE,Towers with Radar,4,23,23,20,70,0,0,14,0,14,4,23,37,20,84,44,6,50,134
06/17/2004,HTS,WV,AEA,CE,Towers with Radar,12,46,8,0,66,0,2,14,0,16,12,48,22,0,82,8,0,8,90
06/18/2004,HTS,WV,AEA,CE,Towers with Radar,19,12,18,0,49,0,0,13,0,13,19,12,31,0,62,66,0,66,128
06/19/2004,HTS,WV,AEA,CE,Towers with Radar,23,5,15,0,43,0,0,7,0,7,23,5,22,0,50,0,0,0,50
06/20/2004,HTS,WV,AEA,CE,Towers with Radar,15,0,11,18,44,0,0,112,0,112,15,0,123,18,156,184,0,184,340
06/21/2004,HTS,WV,AEA,CE,Towers with Radar,0,23,33,0,56,0,0,42,0,42,0,23,75,0,98,46,0,46,144
06/22/2004,HTS,WV,AEA,CE,Towers with Radar,2,31,9,0,42,0,0,15,0,15,2,31,24,0,57,56,0,56,113
06/23/2004,HTS,WV,AEA,CE,Towers with Radar,1,31,11,0,43,0,2,25,0,27,1,33,36,0,70,156,0,156,226
06/24/2004,HTS,WV,AEA,CE,Towers with Radar,6,33,28,0,67,0,0,39,0,39,6,33,67,0,106,86,0,86,192
06/25/2004,HTS,WV,AEA,CE,Towers with Radar,1,27,15,0,43,0,0,3,0,3,1,27,18,0,46,0,0,0,46
06/26/2004,HTS,WV,AEA,CE,Towers with Radar,4,23,15,0,42,0,0,37,0,37,4,23,52,0,79,90,0,90,169
06/27/2004,HTS,WV,AEA,CE,Towers with Radar,4,20,9,0,33,0,0,38,0,38,4,20,47,0,71,50,0,50,121
06/28/2004,HTS,WV,AEA,CE,Towers with Radar,0,37,18,0,55,0,0,19,0,19,0,37,37,0,74,42,0,42,116
06/29/2004,HTS,WV,AEA,CE,Towers with Radar,0,36,36,0,72,0,0,51,0,51,0,36,87,0,123,82,0,82,205
06/30/2004,HTS,WV,AEA,CE,Towers with Radar,2,30,27,2,61,0,0,32,0,32,2,30,59,2,93,72,0,72,165
07/01/2004,HTS,WV,AEA,CE,Towers with Radar,2,27,22,1,52,0,0,13,0,13,2,27,35,1,65,42,0,42,107
07/02/2004,HTS,WV,AEA,CE,Towers with Radar,2,30,24,0,56,0,2,34,1,37,2,32,58,1,93,88,0,88,181
07/03/2004,HTS,WV,AEA,CE,Towers with Radar,3,25,11,0,39,0,0,8,0,8,3,25,19,0,47,0,0,0,47
07/04/2004,HTS,WV,AEA,CE,Towers with Radar,10,0,10,0,20,0,0,2,0,2,10,0,12,0,22,0,0,0,22
07/05/2004,HTS,WV,AEA,CE,Towers with Radar,0,16,20,0,36,0,0,15,0,15,0,16,35,0,51,76,0,76,127
07/06/2004,HTS,WV,AEA,CE,Towers with Radar,0,25,5,0,30,0,0,19,0,19,0,25,24,0,49,36,0,36,85
07/07/2004,HTS,WV,AEA,CE,Towers with Radar,3,39,40,0,82,0,1,17,1,19,3,40,57,1,101,82,0,82,183
07/08/2004,HTS,WV,AEA,CE,Towers with Radar,2,64,30,0,96,0,0,56,0,56,2,64,86,0,152,120,0,120,272
07/09/2004,HTS,WV,AEA,CE,Towers with Radar,2,75,19,0,96,0,0,50,0,50,2,75,69,0,146,80,0,80,226
07/10/2004,HTS,WV,AEA,CE,Towers with Radar,4,20,16,0,40,0,0,26,0,26,4,20,42,0,66,36,0,36,102
07/11/2004,HTS,WV,AEA,CE,Towers with Radar,0,14,15,0,29,0,0,8,0,8,0,14,23,0,37,0,0,0,37
07/12/2004,HTS,WV,AEA,CE,Towers with Radar,0,24,11,0,35,0,0,18,0,18,0,24,29,0,53,78,0,78,131
07/13/2004,HTS,WV,AEA,CE,Towers with Radar,2,28,19,0,49,0,0,28,0,28,2,28,47,0,77,34,0,34,111
07/14/2004,HTS,WV,AEA,CE,Towers with Radar,3,33,31,0,67,0,0,29,0,29,3,33,60,0,96,60,0,60,156
07/15/2004,HTS,WV,AEA,CE,Towers with Radar,7,45,1,0,53,0,0,26,0,26,7,45,27,0,79,44,0,44,123
07/16/2004,HTS,WV,AEA,CE,Towers with Radar,10,38,3,3,54,0,0,48,2,50,10,38,51,5,104,88,0,88,192
07/17/2004,HTS,WV,AEA,CE,Towers with Radar,19,8,11,0,38,0,0,4,0,4,19,8,15,0,42,0,0,0,42
07/18/2004,HTS,WV,AEA,CE,Towers with Radar,0,14,20,0,34,0,0,2,0,2,0,14,22,0,36,66,0,66,102
07/19/2004,HTS,WV,AEA,CE,Towers with Radar,0,20,15,0,35,0,0,27,2,29,0,20,42,2,64,76,0,76,140
07/20/2004,HTS,WV,AEA,CE,Towers with Radar,2,28,18,0,48,0,1,27,2,30,2,29,45,2,78,86,0,86,164
07/21/2004,HTS,WV,AEA,CE,Towers with Radar,2,38,25,0,65,0,0,34,0,34,2,38,59,0,99,50,0,50,149
07/22/2004,HTS,WV,AEA,CE,Towers with Radar,2,37,32,0,71,0,0,3,0,3,2,37,35,0,74,24,0,24,98
07/23/2004,HTS,WV,AEA,CE,Towers with Radar,10,37,21,0,68,0,0,12,0,12,10,37,33,0,80,14,0,14,94
07/24/2004,HTS,WV,AEA,CE,Towers with Radar,4,23,15,0,42,0,0,27,0,27,4,23,42,0,69,50,0,50,119
07/25/2004,HTS,WV,AEA,CE,Towers with Radar,4,6,9,0,19,0,0,28,0,28,4,6,37,0,47,49,0,49,96
07/26/2004,HTS,WV,AEA,CE,Towers with Radar,8,25,1,2,36,0,0,2,0,2,8,25,3,2,38,0,0,0,38
07/27/2004,HTS,WV,AEA,CE,Towers with Radar,2,27,15,0,44,0,0,9,0,9,2,27,24,0,53,22,0,22,75
07/28/2004,HTS,WV,AEA,CE,Towers with Radar,17,14,30,1,62,0,0,32,2,34,17,14,62,3,96,40,0,40,136
07/29/2004,HTS,WV,AEA,CE,Towers with Radar,10,22,19,13,64,0,0,59,2,61,10,22,78,15,125,90,24,114,239
07/30/2004,HTS,WV,AEA,CE,Towers with Radar,2,31,26,0,59,0,0,16,0,16,2,31,42,0,75,56,0,56,131
07/31/2004,HTS,WV,AEA,CE,Towers with Radar,4,18,4,0,26,0,0,10,0,10,4,18,14,0,36,36,0,36,72
08/01/2004,HTS,WV,AEA,CE,Towers with Radar,4,4,23,0,31,0,0,0,0,0,4,4,23,0,31,54,0,54,85
08/02/2004,HTS,WV,AEA,CE,Towers with Radar,0,21,25,2,48,0,0,23,0,23,0,21,48,2,71,66,0,66,137
08/03/2004,HTS,WV,AEA,CE,Towers with Radar,7,24,25,2,58,0,0,19,0,19,7,24,44,2,77,74,0,74,151
08/04/2004,HTS,WV,AEA,CE,Towers with Radar,2,28,26,0,56,0,0,15,0,15,2,28,41,0,71,12,0,12,83
08/05/2004,HTS,WV,AEA,CE,Towers with Radar,10,43,8,5,66,0,0,12,0,12,10,43,20,5,78,56,0,56,134
08/06/2004,HTS,WV,AEA,CE,Towers with Radar,2,24,11,0,37,0,0,53,0,53,2,24,64,0,90,124,0,124,214
08/07/2004,HTS,WV,AEA,CE,Towers with Radar,12,13,17,0,42,0,0,32,0,32,12,13,49,0,74,64,0,64,138
08/08/2004,HTS,WV,AEA,CE,Towers with Radar,4,7,16,0,27,0,0,61,0,61,4,7,77,0,88,84,0,84,172
08/09/2004,HTS,WV,AEA,CE,Towers with Radar,0,39,18,0,57,0,0,14,0,14,0,39,32,0,71,76,0,76,147
08/10/2004,HTS,WV,AEA,CE,Towers with Radar,9,18,13,0,40,0,0,40,0,40,9,18,53,0,80,70,0,70,150
08/11/2004,HTS,WV,AEA,CE,Towers with Radar,14,11,33,0,58,0,0,24,0,24,14,11,57,0,82,52,0,52,134
08/12/2004,HTS,WV,AEA,CE,Towers with Radar,16,16,25,1,58,0,0,0,0,0,16,16,25,1,58,8,0,8,66
08/13/2004,HTS,WV,AEA,CE,Towers with Radar,7,12,14,0,33,0,0,17,0,17,7,12,31,0,50,0,0,0,50
08/14/2004,HTS,WV,AEA,CE,Towers with Radar,4,16,31,0,51,0,0,21,0,21,4,16,52,0,72,58,0,58,130
08/15/2004,HTS,WV,AEA,CE,Towers with Radar,0,10,18,0,28,0,3,23,0,26,0,13,41,0,54,66,0,66,120
08/16/2004,HTS,WV,AEA,CE,Towers with Radar,0,17,26,0,43,0,0,28,0,28,0,17,54,0,71,44,0,44,115
08/17/2004,HTS,WV,AEA,CE,Towers with Radar,2,31,27,0,60,0,0,15,0,15,2,31,42,0,75,10,0,10,85
08/18/2004,HTS,WV,AEA,CE,Towers with Radar,9,43,8,0,60,0,0,26,0,26,9,43,34,0,86,36,0,36,122
08/19/2004,HTS,WV,AEA,CE,Towers with Radar,2,32,15,2,51,0,0,10,0,10,2,32,25,2,61,24,0,24,85
08/20/2004,HTS,WV,AEA,CE,Towers with Radar,2,22,11,5,40,0,0,10,0,10,2,22,21,5,50,6,0,6,56
08/21/2004,HTS,WV,AEA,CE,Towers with Radar,4,19,21,0,44,0,0,3,0,3,4,19,24,0,47,0,10,10,57
08/22/2004,HTS,WV,AEA,CE,Towers with Radar,4,9,22,0,35,0,0,24,0,24,4,9,46,0,59,50,0,50,109
08/23/2004,HTS,WV,AEA,CE,Towers with Radar,0,6,21,0,27,19,0,32,0,51,19,6,53,0,78,80,0,80,158
08/24/2004,HTS,WV,AEA,CE,Towers with Radar,2,24,11,0,37,0,0,0,0,0,2,24,11,0,37,50,0,50,87
08/25/2004,HTS,WV,AEA,CE,Towers with Radar,12,17,30,0,59,0,0,10,0,10,12,17,40,0,69,0,0,0,69
08/26/2004,HTS,WV,AEA,CE,Towers with Radar,12,22,17,0,51,0,0,18,0,18,12,22,35,0,69,78,0,78,147
08/27/2004,HTS,WV,AEA,CE,Towers with Radar,5,22,19,0,46,0,0,14,0,14,5,22,33,0,60,104,0,104,164
08/28/2004,HTS,WV,AEA,CE,Towers with Radar,4,15,0,0,19,0,1,12,15,28,4,16,12,15,47,10,0,10,57
08/29/2004,HTS,WV,AEA,CE,Towers with Radar,0,22,10,0,32,0,2,3,0,5,0,24,13,0,37,46,0,46,83
08/30/2004,HTS,WV,AEA,CE,Towers with Radar,0,14,6,0,20,0,0,0,0,0,0,14,6,0,20,0,0,0,20
08/31/2004,HTS,WV,AEA,CE,Towers with Radar,2,34,21,0,57,0,3,26,0,29,2,37,47,0,86,98,0,98,184
09/01/2004,HTS,WV,AEA,CE,Towers with Radar,2,23,24,3,52,0,4,34,0,38,2,27,58,3,90,78,0,78,168
09/02/2004,HTS,WV,AEA,CE,Towers with Radar,8,25,13,2,48,0,0,39,0,39,8,25,52,2,87,0,0,0,87
09/03/2004,HTS,WV,AEA,CE,Towers with Radar,1,27,24,0,52,0,0,16,2,18,1,27,40,2,70,74,0,74,144
09/04/2004,HTS,WV,AEA,CE,Towers with Radar,5,11,26,0,42,0,7,22,71,100,5,18,48,71,142,30,0,30,172
09/05/2004,HTS,WV,AEA,CE,Towers with Radar,1,5,13,2,21,0,2,15,0,17,1,7,28,2,38,60,0,60,98
09/06/2004,HTS,WV,AEA,CE,Towers with Radar,10,0,20,0,30,0,0,24,0,24,10,0,44,0,54,110,0,110,164
09/07/2004,HTS,WV,AEA,CE,Towers with Radar,6,12,18,0,36,0,0,15,0,15,6,12,33,0,51,28,0,28,79
09/08/2004,HTS,WV,AEA,CE,Towers with Radar,8,24,12,4,48,0,0,0,0,0,8,24,12,4,48,0,0,0,48
09/09/2004,HTS,WV,AEA,CE,Towers with Radar,15,13,29,4,61,0,0,2,2,4,15,13,31,6,65,0,0,0,65
09/10/2004,HTS,WV,AEA,CE,Towers with Radar,2,14,23,14,53,0,0,2,14,16,2,14,25,28,69,1,0,1,70
09/11/2004,HTS,WV,AEA,CE,Towers with Radar,3,16,8,0,27,0,0,34,0,34,3,16,42,0,61,32,0,32,93
09/12/2004,HTS,WV,AEA,CE,Towers with Radar,0,8,14,0,22,0,8,17,0,25,0,16,31,0,47,32,0,32,79
09/13/2004,HTS,WV,AEA,CE,Towers with Radar,0,16,21,0,37,0,0,10,0,10,0,16,31,0,47,32,0,32,79
09/14/2004,HTS,WV,AEA,CE,Towers with Radar,2,24,25,0,51,0,0,0,0,0,2,24,25,0,51,40,0,40,91
09/15/2004,HTS,WV,AEA,CE,Towers with Radar,3,28,21,0,52,0,0,17,4,21,3,28,38,4,73,66,2,68,141
09/16/2004,HTS,WV,AEA,CE,Towers with Radar,6,25,30,0,61,0,0,11,0,11,6,25,41,0,72,0,0,0,72
09/17/2004,HTS,WV,AEA,CE,Towers with Radar,5,36,11,0,52,3,0,0,0,3,8,36,11,0,55,0,0,0,55
09/18/2004,HTS,WV,AEA,CE,Towers with Radar,5,22,17,0,44,0,1,15,0,16,5,23,32,0,60,38,0,38,98
09/19/2004,HTS,WV,AEA,CE,Towers with Radar,15,3,18,0,36,0,0,31,1,32,15,3,49,1,68,82,0,82,150
09/20/2004,HTS,WV,AEA,CE,Towers with Radar,17,3,14,2,36,0,0,24,0,24,17,3,38,2,60,48,0,48,108
09/21/2004,HTS,WV,AEA,CE,Towers with Radar,3,28,23,0,54,0,0,52,0,52,3,28,75,0,106,140,0,140,246
09/22/2004,HTS,WV,AEA,CE,Towers with Radar,13,14,17,0,44,0,0,19,0,19,13,14,36,0,63,56,0,56,119
09/23/2004,HTS,WV,AEA,CE,Towers with Radar,5,21,39,0,65,0,0,43,0,43,5,21,82,0,108,68,0,68,176
09/24/2004,HTS,WV,AEA,CE,Towers with Radar,1,22,20,0,43,0,0,20,0,20,1,22,40,0,63,88,0,88,151
09/25/2004,HTS,WV,AEA,CE,Towers with Radar,5,16,11,0,32,0,0,37,0,37,5,16,48,0,69,82,0,82,151
09/26/2004,HTS,WV,AEA,CE,Towers with Radar,0,14,3,0,17,0,0,39,0,39,0,14,42,0,56,100,0,100,156
09/27/2004,HTS,WV,AEA,CE,Towers with Radar,0,21,9,9,39,0,0,0,0,0,0,21,9,9,39,70,0,70,109
09/28/2004,HTS,WV,AEA,CE,Towers with Radar,4,27,20,0,51,0,0,15,0,15,4,27,35,0,66,62,0,62,128
09/29/2004,HTS,WV,AEA,CE,Towers with Radar,10,43,1,0,54,0,0,16,0,16,10,43,17,0,70,16,0,16,86
09/30/2004,HTS,WV,AEA,CE,Towers with Radar,1,22,27,4,54,0,0,8,0,8,1,22,35,4,62,0,0,0,62
10/01/2004,HTS,WV,AEA,CE,Towers with Radar,3,31,16,0,50,0,0,21,0,21,3,31,37,0,71,8,0,8,79
10/02/2004,HTS,WV,AEA,CE,Towers with Radar,14,4,21,0,39,0,0,1,0,1,14,4,22,0,40,0,0,0,40
10/03/2004,HTS,WV,AEA,CE,Towers with Radar,0,21,27,0,48,0,0,44,0,44,0,21,71,0,92,88,0,88,180
10/04/2004,HTS,WV,AEA,CE,Towers with Radar,13,5,18,0,36,0,0,17,0,17,13,5,35,0,53,54,0,54,107
10/05/2004,HTS,WV,AEA,CE,Towers with Radar,17,13,15,0,45,0,0,32,0,32,17,13,47,0,77,88,0,88,165
10/06/2004,HTS,WV,AEA,CE,Towers with Radar,4,26,18,0,48,0,0,25,0,25,4,26,43,0,73,88,0,88,161
10/07/2004,HTS,WV,AEA,CE,Towers with Radar,2,19,35,2,58,0,0,33,0,33,2,19,68,2,91,98,0,98,189
10/08/2004,HTS,WV,AEA,CE,Towers with Radar,2,25,29,9,65,0,1,21,3,25,2,26,50,12,90,64,8,72,162
10/09/2004,HTS,WV,AEA,CE,Towers with Radar,4,20,23,0,47,0,0,21,0,21,4,20,44,0,68,62,0,62,130
10/10/2004,HTS,WV,AEA,CE,Towers with Radar,0,12,24,0,36,0,0,35,0,35,0,12,59,0,71,88,0,88,159
10/11/2004,HTS,WV,AEA,CE,Towers with Radar,0,20,31,0,51,0,0,21,0,21,0,20,52,0,72,54,0,54,126
10/12/2004,HTS,WV,AEA,CE,Towers with Radar,1,23,41,0,65,0,0,21,0,21,1,23,62,0,86,72,0,72,158
10/13/2004,HTS,WV,AEA,CE,Towers with Radar,3,27,21,0,51,0,0,0,0,0,3,27,21,0,51,0,0,0,51
10/14/2004,HTS,WV,AEA,CE,Towers with Radar,16,8,19,0,43,0,0,1,0,1,16,8,20,0,44,0,0,0,44
10/15/2004,HTS,WV,AEA,CE,Towers with Radar,2,32,29,6,69,0,0,0,3,3,2,32,29,9,72,38,0,38,110
10/16/2004,HTS,WV,AEA,CE,Towers with Radar,4,18,3,0,25,0,1,1,0,2,4,19,4,0,27,0,0,0,27
10/17/2004,HTS,WV,AEA,CE,Towers with Radar,0,12,9,0,21,0,0,22,0,22,0,12,31,0,43,70,0,70,113
10/18/2004,HTS,WV,AEA,CE,Towers with Radar,11,5,10,0,26,0,3,1,0,4,11,8,11,0,30,0,0,0,30
10/19/2004,HTS,WV,AEA,CE,Towers with Radar,17,74,27,6,124,0,5,15,0,20,17,79,42,6,144,70,4,74,218
10/20/2004,HTS,WV,AEA,CE,Towers with Radar,13,13,20,2,48,0,0,0,0,0,13,13,20,2,48,0,20,20,68
10/21/2004,HTS,WV,AEA,CE,Towers with Radar,2,27,14,2,45,0,0,2,0,2,2,27,16,2,47,0,0,0,47
10/22/2004,HTS,WV,AEA,CE,Towers with Radar,4,26,33,8,71,0,0,6,0,6,4,26,39,8,77,18,0,18,95
10/23/2004,HTS,WV,AEA,CE,Towers with Radar,7,19,0,0,26,0,0,4,0,4,7,19,4,0,30,22,0,22,52
10/24/2004,HTS,WV,AEA,CE,Towers with Radar,1,18,27,0,46,0,0,8,0,8,1,18,35,0,54,46,0,46,100
10/25/2004,HTS,WV,AEA,CE,Towers with Radar,4,38,30,0,72,0,0,22,0,22,4,38,52,0,94,112,0,112,206
10/26/2004,HTS,WV,AEA,CE,Towers with Radar,4,28,18,6,56,0,0,32,0,32,4,28,50,6,88,78,10,88,176
10/27/2004,HTS,WV,AEA,CE,Towers with Radar,2,26,22,0,50,0,0,0,0,0,2,26,22,0,50,0,0,0,50
10/28/2004,HTS,WV,AEA,CE,Towers with Radar,2,52,30,2,86,0,0,5,1,6,2,52,35,3,92,36,0,36,128
10/29/2004,HTS,WV,AEA,CE,Towers with Radar,17,9,42,1,69,0,0,2,1,3,17,9,44,2,72,42,0,42,114
10/30/2004,HTS,WV,AEA,CE,Towers with Radar,22,17,13,0,52,0,0,2,0,2,22,17,15,0,54,0,0,0,54
10/31/2004,HTS,WV,AEA,CE,Towers with Radar,9,2,25,0,36,0,0,25,0,25,9,2,50,0,61,124,0,124,185
11/01/2004,HTS,WV,AEA,CE,Combined TRACON& Tower with Radar,6,11,24,0,41,0,0,10,0,10,6,11,34,0,51,30,0,30,81
11/02/2004,HTS,WV,AEA,CE,Combined TRACON& Tower with Radar,2,49,8,0,59,0,0,21,0,21,2,49,29,0,80,40,0,40,120
11/03/2004,HTS,WV,AEA,CE,Combined TRACON& Tower with Radar,2,26,22,0,50,0,0,3,0,3,2,26,25,0,53,10,0,10,63
11/04/2004,HTS,WV,AEA,CE,Combined TRACON& Tower with Radar,2,43,13,0,58,1,0,4,0,5,3,43,17,0,63,20,0,20,83
11/05/2004,HTS,WV,AEA,CE,Combined TRACON& Tower with Radar,1,25,13,0,39,0,0,17,0,17,1,25,30,0,56,32,0,32,88
11/06/2004,HTS,WV,AEA,CE,Combined TRACON& Tower with Radar,8,22,24,0,54,0,0,48,3,51,8,22,72,3,105,74,0,74,179
11/07/2004,HTS,WV,AEA,CE,Combined TRACON& Tower with Radar,6,16,12,0,34,0,0,47,0,47,6,16,59,0,81,58,0,58,139
11/08/2004,HTS,WV,AEA,CE,Combined TRACON& Tower with Radar,0,24,18,0,42,0,0,40,0,40,0,24,58,0,82,76,0,76,158
11/09/2004,HTS,WV,AEA,CE,Combined TRACON& Tower with Radar,4,35,42,5,86,0,0,23,0,23,4,35,65,5,109,54,0,54,163
11/10/2004,HTS,WV,AEA,CE,Combined TRACON& Tower with Radar,2,31,25,0,58,0,1,42,6,49,2,32,67,6,107,6,0,6,113
11/11/2004,HTS,WV,AEA,CE,Combined TRACON& Tower with Radar,2,27,21,0,50,0,1,13,0,14,2,28,34,0,64,38,0,38,102
11/12/2004,HTS,WV,AEA,CE,Combined TRACON& Tower with Radar,2,28,30,0,60,0,0,0,0,0,2,28,30,0,60,0,0,0,60
11/13/2004,HTS,WV,AEA,CE,Combined TRACON& Tower with Radar,19,6,22,0,47,0,0,40,0,40,19,6,62,0,87,144,0,144,231
11/14/2004,HTS,WV,AEA,CE,Combined TRACON& Tower with Radar,17,1,13,0,31,0,2,27,0,29,17,3,40,0,60,80,0,80,140
11/15/2004,HTS,WV,AEA,CE,Combined TRACON& Tower with Radar,0,21,26,0,47,0,0,23,0,23,0,21,49,0,70,22,0,22,92
11/16/2004,HTS,WV,AEA,CE,Combined TRACON& Tower with Radar,3,24,26,0,53,0,0,22,0,22,3,24,48,0,75,44,0,44,119
11/17/2004,HTS,WV,AEA,CE,Combined TRACON& Tower with Radar,15,22,14,0,51,0,1,23,0,24,15,23,37,0,75,72,0,72,147
11/18/2004,HTS,WV,AEA,CE,Combined TRACON& Tower with Radar,25,17,32,0,74,0,0,8,0,8,25,17,40,0,82,0,0,0,82
11/19/2004,HTS,WV,AEA,CE,Combined TRACON& Tower with Radar,4,26,18,0,48,0,0,0,0,0,4,26,18,0,48,0,0,0,48
11/20/2004,HTS,WV,AEA,CE,Combined TRACON& Tower with Radar,4,27,6,0,37,0,0,0,0,0,4,27,6,0,37,0,0,0,37
11/21/2004,HTS,WV,AEA,CE,Combined TRACON& Tower with Radar,0,12,15,0,27,0,0,7,0,7,0,12,22,0,34,30,0,30,64
11/22/2004,HTS,WV,AEA,CE,Combined TRACON& Tower with Radar,0,22,31,0,53,0,6,6,0,12,0,28,37,0,65,6,0,6,71
11/23/2004,HTS,WV,AEA,CE,Combined TRACON& Tower with Radar,2,17,38,0,57,0,0,16,0,16,2,17,54,0,73,52,0,52,125
11/24/2004,HTS,WV,AEA,CE,Combined TRACON& Tower with Radar,2,21,3,0,26,0,0,0,0,0,2,21,3,0,26,26,0,26,52
11/25/2004,HTS,WV,AEA,CE,Combined TRACON& Tower with Radar,11,3,3,0,17,0,10,15,0,25,11,13,18,0,42,0,0,0,42
11/26/2004,HTS,WV,AEA,CE,Combined TRACON& Tower with Radar,1,35,29,0,65,0,0,22,0,22,1,35,51,0,87,68,0,68,155
11/27/2004,HTS,WV,AEA,CE,Combined TRACON& Tower with Radar,4,15,4,0,23,0,0,16,0,16,4,15,20,0,39,62,0,62,101
11/28/2004,HTS,WV,AEA,CE,Combined TRACON& Tower with Radar,0,20,18,0,38,0,0,0,0,0,0,20,18,0,38,16,0,16,54
11/29/2004,HTS,WV,AEA,CE,Combined TRACON& Tower with Radar,0,32,18,2,52,0,3,11,0,14,0,35,29,2,66,34,0,34,100
11/30/2004,HTS,WV,AEA,CE,Combined TRACON& Tower with Radar,3,21,7,2,33,0,0,3,0,3,3,21,10,2,36,0,0,0,36
12/01/2004,HTS,WV,AEA,CE,Combined TRACON& Tower with Radar,2,31,21,4,58,0,0,5,1,6,2,31,26,5,64,8,0,8,72
12/02/2004,HTS,WV,AEA,CE,Combined TRACON& Tower with Radar,2,27,12,0,41,0,3,21,0,24,2,30,33,0,65,56,0,56,121
12/03/2004,HTS,WV,AEA,CE,Combined TRACON& Tower with Radar,4,39,22,0,65,0,0,18,0,18,4,39,40,0,83,50,0,50,133
12/04/2004,HTS,WV,AEA,CE,Combined TRACON& Tower with Radar,10,35,49,0,94,0,0,18,0,18,10,35,67,0,112,46,0,46,158
12/05/2004,HTS,WV,AEA,CE,Combined TRACON& Tower with Radar,15,0,15,0,30,0,0,67,0,67,15,0,82,0,97,106,0,106,203
12/06/2004,HTS,WV,AEA,CE,Combined TRACON& Tower with Radar,0,24,17,2,43,0,0,0,0,0,0,24,17,2,43,0,0,0,43
12/07/2004,HTS,WV,AEA,CE,Combined TRACON& Tower with Radar,6,35,28,0,69,0,0,0,1,1,6,35,28,1,70,8,0,8,78
12/08/2004,HTS,WV,AEA,CE,Combined TRACON& Tower with Radar,17,13,26,0,56,0,0,13,1,14,17,13,39,1,70,54,0,54,124
12/09/2004,HTS,WV,AEA,CE,Combined TRACON& Tower with Radar,18,10,29,5,62,0,1,0,0,1,18,11,29,5,63,0,0,0,63
12/10/2004,HTS,WV,AEA,CE,Combined TRACON& Tower with Radar,20,12,11,0,43,0,0,0,0,0,20,12,11,0,43,0,0,0,43
12/11/2004,HTS,WV,AEA,CE,Combined TRACON& Tower with Radar,4,24,8,0,36,0,0,74,0,74,4,24,82,0,110,4,0,4,114
12/12/2004,HTS,WV,AEA,CE,Combined TRACON& Tower with Radar,0,15,10,0,25,0,3,3,2,8,0,18,13,2,33,0,0,0,33
12/13/2004,HTS,WV,AEA,CE,Combined TRACON& Tower with Radar,0,17,13,0,30,0,2,4,0,6,0,19,17,0,36,0,0,0,36
12/14/2004,HTS,WV,AEA,CE,Combined TRACON& Tower with Radar,4,28,7,0,39,0,0,2,0,2,4,28,9,0,41,0,0,0,41
12/15/2004,HTS,WV,AEA,CE,Combined TRACON& Tower with Radar,4,29,27,0,60,0,0,17,0,17,4,29,44,0,77,14,0,14,91
12/16/2004,HTS,WV,AEA,CE,Combined TRACON& Tower with Radar,5,30,27,0,62,0,0,28,0,28,5,30,55,0,90,64,0,64,154
12/17/2004,HTS,WV,AEA,CE,Combined TRACON& Tower with Radar,6,34,25,0,65,0,0,27,0,27,6,34,52,0,92,42,0,42,134
12/18/2004,HTS,WV,AEA,CE,Combined TRACON& Tower with Radar,14,29,19,0,62,0,0,33,0,33,14,29,52,0,95,82,0,82,177
12/19/2004,HTS,WV,AEA,CE,Combined TRACON& Tower with Radar,3,11,1,0,15,0,0,0,0,0,3,11,1,0,15,0,0,0,15
12/20/2004,HTS,WV,AEA,CE,Combined TRACON& Tower with Radar,4,3,6,0,13,0,0,5,0,5,4,3,11,0,18,0,0,0,18
12/21/2004,HTS,WV,AEA,CE,Combined TRACON& Tower with Radar,26,11,11,0,48,0,0,0,0,0,26,11,11,0,48,0,0,0,48
12/22/2004,HTS,WV,AEA,CE,Combined TRACON& Tower with Radar,5,26,12,0,43,0,0,1,0,1,5,26,13,0,44,31,0,31,75
12/23/2004,HTS,WV,AEA,CE,Combined TRACON& Tower with Radar,3,19,5,0,27,0,0,2,0,2,3,19,7,0,29,0,0,0,29
12/24/2004,HTS,WV,AEA,CE,Combined TRACON& Tower with Radar,11,18,12,0,41,0,0,0,0,0,11,18,12,0,41,0,0,0,41
12/25/2004,HTS,WV,AEA,CE,Combined TRACON& Tower with Radar,1,7,5,0,13,0,0,25,0,25,1,7,30,0,38,26,0,26,64
12/26/2004,HTS,WV,AEA,CE,Combined TRACON& Tower with Radar,1,17,20,0,38,0,0,16,0,16,1,17,36,0,54,48,0,48,102
12/27/2004,HTS,WV,AEA,CE,Combined TRACON& Tower with Radar,7,9,5,0,21,0,0,18,0,18,7,9,23,0,39,36,0,36,75
12/28/2004,HTS,WV,AEA,CE,Combined TRACON& Tower with Radar,2,32,16,0,50,0,0,7,0,7,2,32,23,0,57,34,0,34,91
12/29/2004,HTS,WV,AEA,CE,Combined TRACON& Tower with Radar,2,33,8,0,43,0,1,7,0,8,2,34,15,0,51,22,0,22,73
12/30/2004,HTS,WV,AEA,CE,Combined TRACON& Tower with Radar,2,42,14,0,58,0,0,4,0,4,2,42,18,0,62,48,0,48,110
12/31/2004,HTS,WV,AEA,CE,Combined TRACON& Tower with Radar,17,11,4,0,32,0,0,11,0,11,17,11,15,0,43,0,0,0,43
01/01/2005,HTS,WV,AEA,CE,Combined TRACON& Tower with Radar,0,11,11,0,22,0,0,0,0,0,0,11,11,0,22,0,0,0,22
01/02/2005,HTS,WV,AEA,CE,Combined TRACON& Tower with Radar,0,17,7,1,25,0,0,2,0,2,0,17,9,1,27,0,0,0,27
01/03/2005,HTS,WV,AEA,CE,Combined TRACON& Tower with Radar,14,14,7,0,35,0,1,3,0,4,14,15,10,0,39,0,0,0,39
01/04/2005,HTS,WV,AEA,CE,Combined TRACON& Tower with Radar,2,41,20,0,63,0,0,0,0,0,2,41,20,0,63,0,0,0,63
01/05/2005,HTS,WV,AEA,CE,Combined TRACON& Tower with Radar,2,43,9,0,54,0,0,5,0,5,2,43,14,0,59,10,0,10,69
01/06/2005,HTS,WV,AEA,CE,Combined TRACON& Tower with Radar,18,40,6,0,64,0,4,1,0,5,18,44,7,0,69,12,0,12,81
01/07/2005,HTS,WV,AEA,CE,Combined TRACON& Tower with Radar,3,51,17,0,71,0,1,15,0,16,3,52,32,0,87,8,0,8,95
01/08/2005,HTS,WV,AEA,CE,Combined TRACON& Tower with Radar,4,60,5,0,69,0,0,2,0,2,4,60,7,0,71,10,0,10,81
01/09/2005,HTS,WV,AEA,CE,Combined TRACON& Tower with Radar,0,26,5,0,31,0,0,85,0,85,0,26,90,0,116,156,0,156,272
01/10/2005,HTS,WV,AEA,CE,Combined TRACON& Tower with Radar,10,19,15,0,44,0,0,9,0,9,10,19,24,0,53,6,0,6,59
01/11/2005,HTS,WV,AEA,CE,Combined TRACON& Tower with Radar,2,44,9,0,55,0,4,3,0,7,2,48,12,0,62,16,0,16,78
01/12/2005,HTS,WV,AEA,CE,Combined TRACON& Tower with Radar,2,34,18,1,55,0,0,24,0,24,2,34,42,1,79,64,16,80,159
01/13/2005,HTS,WV,AEA,CE,Combined TRACON& Tower with Radar,2,41,6,1,50,0,0,3,0,3,2,41,9,1,53,0,0,0,53
01/14/2005,HTS,WV,AEA,CE,Combined TRACON& Tower with Radar,2,25,13,0,40,0,2,6,0,8,2,27,19,0,48,0,0,0,48
01/15/2005,HTS,WV,AEA,CE,Combined TRACON& Tower with Radar,0,6,11,0,17,0,0,22,0,22,0,6,33,0,39,84,0,84,123
01/16/2005,HTS,WV,AEA,CE,Combined TRACON& Tower with Radar,0,16,4,0,20,0,0,12,0,12,0,16,16,0,32,2,0,2,34
01/17/2005,HTS,WV,AEA,CE,Combined TRACON& Tower with Radar,0,22,14,0,36,0,4,16,0,20,0,26,30,0,56,48,0,48,104
01/18/2005,HTS,WV,AEA,CE,Combined TRACON& Tower with Radar,2,26,16,0,44,0,0,19,0,19,2,26,35,0,63,38,0,38,101
01/19/2005,HTS,WV,AEA,CE,Combined TRACON& Tower with Radar,2,31,17,7,57,0,1,2,0,3,2,32,19,7,60,26,10,36,96
01/20/2005,HTS,WV,AEA,CE,Combined TRACON& Tower with Radar,6,30,0,0,36,0,0,0,0,0,6,30,0,0,36,0,0,0,36
01/21/2005,HTS,WV,AEA,CE,Combined TRACON& Tower with Radar,2,28,34,0,64,0,3,12,0,15,2,31,46,0,79,50,0,50,129
01/22/2005,HTS,WV,AEA,CE,Combined TRACON& Tower with Radar,15,9,0,0,24,0,0,0,0,0,15,9,0,0,24,0,0,0,24
01/23/2005,HTS,WV,AEA,CE,Combined TRACON& Tower with Radar,0,13,8,0,21,0,0,3,0,3,0,13,11,0,24,0,0,0,24
01/24/2005,HTS,WV,AEA,CE,Combined TRACON& Tower with Radar,0,20,9,0,29,0,0,12,0,12,0,20,21,0,41,10,0,10,51
01/25/2005,HTS,WV,AEA,CE,Combined TRACON& Tower with Radar,2,26,32,2,62,0,8,26,0,34,2,34,58,2,96,60,0,60,156
01/26/2005,HTS,WV,AEA,CE,Combined TRACON& Tower with Radar,12,28,24,0,64,0,5,9,0,14,12,33,33,0,78,24,0,24,102
01/27/2005,HTS,WV,AEA,CE,Combined TRACON& Tower with Radar,2,29,20,0,51,0,2,28,2,32,2,31,48,2,83,48,0,48,131
01/28/2005,HTS,WV,AEA,CE,Combined TRACON& Tower with Radar,2,28,28,1,59,0,0,37,0,37,2,28,65,1,96,74,0,74,170
01/29/2005,HTS,WV,AEA,CE,Combined TRACON& Tower with Radar,10,11,1,0,22,0,0,3,0,3,10,11,4,0,25,0,0,0,25
01/30/2005,HTS,WV,AEA,CE,Combined TRACON& Tower with Radar,0,13,10,0,23,0,0,0,0,0,0,13,10,0,23,0,0,0,23
01/31/2005,HTS,WV,AEA,CE,Combined TRACON& Tower with Radar,0,32,23,11,66,0,0,17,0,17,0,32,40,11,83,50,0,50,133
02/01/2005,HTS,WV,AEA,CE,Combined TRACON& Tower with Radar,2,36,25,0,63,0,0,23,0,23,2,36,48,0,86,78,0,78,164
02/02/2005,HTS,WV,AEA,CE,Combined TRACON& Tower with Radar,2,29,18,0,49,0,0,15,0,15,2,29,33,0,64,46,0,46,110
02/03/2005,HTS,WV,AEA,CE,Combined TRACON& Tower with Radar,2,27,14,0,43,0,0,0,0,0,2,27,14,0,43,0,0,0,43
02/04/2005,HTS,WV,AEA,CE,Combined TRACON& Tower with Radar,21,10,26,1,58,0,3,27,0,30,21,13,53,1,88,38,0,38,126
02/05/2005,HTS,WV,AEA,CE,Combined TRACON& Tower with Radar,4,33,17,0,54,0,0,69,0,69,4,33,86,0,123,78,0,78,201
02/06/2005,HTS,WV,AEA,CE,Combined TRACON& Tower with Radar,0,14,8,0,22,0,0,34,0,34,0,14,42,0,56,54,0,54,110
02/07/2005,HTS,WV,AEA,CE,Combined TRACON& Tower with Radar,0,20,23,0,43,0,0,19,0,19,0,20,42,0,62,18,0,18,80
02/08/2005,HTS,WV,AEA,CE,Combined TRACON& Tower with Radar,2,33,12,0,47,0,0,0,0,0,2,33,12,0,47,26,0,26,73
02/09/2005,HTS,WV,AEA,CE,Combined TRACON& Tower with Radar,17,44,12,6,79,0,0,0,0,0,17,44,12,6,79,0,0,0,79
02/10/2005,HTS,WV,AEA,CE,Combined TRACON& Tower with Radar,14,8,19,0,41,0,0,0,0,0,14,8,19,0,41,0,0,0,41
02/11/2005,HTS,WV,AEA,CE,Combined TRACON& Tower with Radar,2,38,24,6,70,0,0,12,0,12,2,38,36,6,82,0,0,0,82
02/12/2005,HTS,WV,AEA,CE,Combined TRACON& Tower with Radar,5,25,9,0,39,0,0,12,0,12,5,25,21,0,51,32,0,32,83
02/13/2005,HTS,WV,AEA,CE,Combined TRACON& Tower with Radar,0,12,6,0,18,0,0,12,0,12,0,12,18,0,30,32,0,32,62
02/14/2005,HTS,WV,AEA,CE,Combined TRACON& Tower with Radar,0,20,14,7,41,0,0,2,0,2,0,20,16,7,43,0,0,0,43
02/15/2005,HTS,WV,AEA,CE,Combined TRACON& Tower with Radar,13,15,24,0,52,0,0,27,1,28,13,15,51,1,80,62,0,62,142
02/16/2005,HTS,WV,AEA,CE,Combined TRACON& Tower with Radar,2,30,13,0,45,0,0,0,0,0,2,30,13,0,45,8,0,8,53
02/17/2005,HTS,WV,AEA,CE,Combined TRACON& Tower with Radar,2,31,18,0,51,0,0,6,2,8,2,31,24,2,59,0,0,0,59
02/18/2005,HTS,WV,AEA,CE,Combined TRACON& Tower with Radar,2,23,20,0,45,0,5,5,0,10,2,28,25,0,55,18,0,18,73
02/19/2005,HTS,WV,AEA,CE,Combined TRACON& Tower with Radar,3,16,17,0,36,0,0,57,0,57,3,16,74,0,93,96,0,96,189
02/20/2005,HTS,WV,AEA,CE,Combined TRACON& Tower with Radar,12,0,4,0,16,0,0,2,0,2,12,0,6,0,18,0,0,0,18
02/21/2005,HTS,WV,AEA,CE,Combined TRACON& Tower with Radar,3,12,12,0,27,0,2,0,0,2,3,14,12,0,29,0,0,0,29
02/22/2005,HTS,WV,AEA,CE,Combined TRACON& Tower with Radar,2,31,14,0,47,0,0,9,0,9,2,31,23,0,56,46,0,46,102
02/23/2005,HTS,WV,AEA,CE,Combined TRACON& Tower with Radar,0,23,13,0,36,0,0,14,0,14,0,23,27,0,50,28,0,28,78
02/24/2005,HTS,WV,AEA,CE,Combined TRACON& Tower with Radar,10,26,7,0,43,0,0,14,0,14,10,26,21,0,57,0,0,0,57
02/25/2005,HTS,WV,AEA,CE,Combined TRACON& Tower with Radar,2,25,14,0,41,0,0,12,2,14,2,25,26,2,55,28,0,28,83
02/26/2005,HTS,WV,AEA,CE,Combined TRACON& Tower with Radar,4,31,24,0,59,0,0,37,0,37,4,31,61,0,96,66,0,66,162
02/27/2005,HTS,WV,AEA,CE,Combined TRACON& Tower with Radar,0,12,25,0,37,0,0,32,0,32,0,12,57,0,69,88,0,88,157
02/28/2005,HTS,WV,AEA,CE,Combined TRACON& Tower with Radar,0,28,6,0,34,0,0,0,0,0,0,28,6,0,34,0,0,0,34
03/01/2005,HTS,WV,AEA,CE,Combined TRACON& Tower with Radar,7,21,1,0,29,0,0,0,0,0,7,21,1,0,29,0,0,0,29
03/02/2005,HTS,WV,AEA,CE,Combined TRACON& Tower with Radar,2,27,24,2,55,0,0,4,0,4,2,27,28,2,59,36,0,36,95
03/03/2005,HTS,WV,AEA,CE,Combined TRACON& Tower with Radar,11,20,21,0,52,0,3,22,0,25,11,23,43,0,77,102,0,102,179
03/04/2005,HTS,WV,AEA,CE,Combined TRACON& Tower with Radar,2,26,18,0,46,0,2,2,0,4,2,28,20,0,50,0,0,0,50
03/05/2005,HTS,WV,AEA,CE,Combined TRACON& Tower with Radar,4,15,3,0,22,0,0,0,0,0,4,15,3,0,22,0,0,0,22
03/06/2005,HTS,WV,AEA,CE,Combined TRACON& Tower with Radar,2,14,8,0,24,0,0,5,0,5,2,14,13,0,29,2,0,2,31
03/07/2005,HTS,WV,AEA,CE,Combined TRACON& Tower with Radar,2,19,9,0,30,0,0,7,0,7,2,19,16,0,37,0,0,0,37
03/08/2005,HTS,WV,AEA,CE,Combined TRACON& Tower with Radar,9,31,9,0,49,0,0,0,0,0,9,31,9,0,49,0,0,0,49
03/09/2005,HTS,WV,AEA,CE,Combined TRACON& Tower with Radar,19,10,26,0,55,0,0,24,0,24,19,10,50,0,79,40,0,40,119
03/10/2005,HTS,WV,AEA,CE,Combined TRACON& Tower with Radar,3,32,24,0,59,0,0,23,0,23,3,32,47,0,82,28,0,28,110
03/11/2005,HTS,WV,AEA,CE,Combined TRACON& Tower with Radar,2,33,8,5,48,0,0,2,0,2,2,33,10,5,50,0,0,0,50
03/12/2005,HTS,WV,AEA,CE,Combined TRACON& Tower with Radar,4,17,6,0,27,0,0,0,0,0,4,17,6,0,27,0,0,0,27
03/13/2005,HTS,WV,AEA,CE,Combined TRACON& Tower with Radar,5,19,3,0,27,0,0,5,0,5,5,19,8,0,32,0,0,0,32
03/14/2005,HTS,WV,AEA,CE,Combined TRACON& Tower with Radar,0,23,19,0,42,0,0,22,1,23,0,23,41,1,65,10,0,10,75
03/15/2005,HTS,WV,AEA,CE,Combined TRACON& Tower with Radar,2,28,26,0,56,0,0,53,3,56,2,28,79,3,112,88,0,88,200
03/16/2005,HTS,WV,AEA,CE,Combined TRACON& Tower with Radar,2,25,10,0,37,0,0,5,1,6,2,25,15,1,43,34,0,34,77
03/17/2005,HTS,WV,AEA,CE,Combined TRACON& Tower with Radar,2,31,18,0,51,0,0,21,0,21,2,31,39,0,72,30,0,30,102
03/18/2005,HTS,WV,AEA,CE,Combined TRACON& Tower with Radar,2,32,16,0,50,0,0,31,0,31,2,32,47,0,81,86,0,86,167
03/19/2005,HTS,WV,AEA,CE,Combined TRACON& Tower with Radar,4,19,17,0,40,0,1,12,0,13,4,20,29,0,53,34,0,34,87
03/20/2005,HTS,WV,AEA,CE,Combined TRACON& Tower with Radar,5,15,28,1,49,0,0,21,0,21,5,15,49,1,70,66,0,66,136
03/21/2005,HTS,WV,AEA,CE,Combined TRACON& Tower with Radar,17,3,17,7,44,0,4,34,0,38,17,7,51,7,82,50,0,50,132
03/22/2005,HTS,WV,AEA,CE,Combined TRACON& Tower with Radar,22,15,8,0,45,0,3,17,1,21,22,18,25,1,66,28,0,28,94
03/23/2005,HTS,WV,AEA,CE,Combined TRACON& Tower with Radar,2,36,26,0,64,0,0,0,0,0,2,36,26,0,64,0,0,0,64
03/24/2005,HTS,WV,AEA,CE,Combined TRACON& Tower with Radar,2,34,17,0,53,0,0,8,0,8,2,34,25,0,61,0,0,0,61
03/25/2005,HTS,WV,AEA,CE,Combined TRACON& Tower with Radar,2,31,11,0,44,0,0,6,0,6,2,31,17,0,50,0,0,0,50
03/26/2005,HTS,WV,AEA,CE,Combined TRACON& Tower with Radar,4,18,13,0,35,0,2,22,0,24,4,20,35,0,59,60,0,60,119
03/27/2005,HTS,WV,AEA,CE,Combined TRACON& Tower with Radar,13,1,8,0,22,0,0,2,0,2,13,1,10,0,24,16,0,16,40
03/28/2005,HTS,WV,AEA,CE,Combined TRACON& Tower with Radar,0,31,10,0,41,0,0,0,0,0,0,31,10,0,41,0,0,0,41
03/29/2005,HTS,WV,AEA,CE,Combined TRACON& Tower with Radar,2,35,70,0,107,0,0,38,0,38,2,35,108,0,145,124,0,124,269
03/30/2005,HTS,WV,AEA,CE,Combined TRACON& Tower with Radar,3,34,26,1,64,0,2,51,0,53,3,36,77,1,117,108,0,108,225
03/31/2005,HTS,WV,AEA,CE,Combined TRACON& Tower with Radar,2,32,19,0,53,0,6,2,0,8,2,38,21,0,61,26,0,26,87
04/01/2005,HTS,WV,AEA,CE,Combined TRACON& Tower with Radar,2,28,5,1,36,0,0,4,0,4,2,28,9,1,40,0,0,0,40
04/02/2005,HTS,WV,AEA,CE,Combined TRACON& Tower with Radar,3,16,12,1,32,0,0,0,0,0,3,16,12,1,32,0,0,0,32
04/03/2005,HTS,WV,AEA,CE,Combined TRACON& Tower with Radar,0,14,13,0,27,0,0,11,0,11,0,14,24,0,38,18,0,18,56
04/04/2005,HTS,WV,AEA,CE,Combined TRACON& Tower with Radar,7,28,13,2,50,0,0,38,0,38,7,28,51,2,88,96,0,96,184
04/05/2005,HTS,WV,AEA,CE,Combined TRACON& Tower with Radar,11,33,4,2,50,0,0,30,0,30,11,33,34,2,80,71,0,71,151
04/06/2005,HTS,WV,AEA,CE,Combined TRACON& Tower with Radar,4,28,14,2,48,0,22,0,0,22,4,50,14,2,70,60,0,60,130
04/07/2005,HTS,WV,AEA,CE,Combined TRACON& Tower with Radar,2,30,7,0,39,0,0,2,0,2,2,30,9,0,41,20,0,20,61
04/08/2005,HTS,WV,AEA,CE,Combined TRACON& Tower with Radar,14,21,8,9,52,12,0,11,0,23,26,21,19,9,75,28,0,28,103
04/09/2005,HTS,WV,AEA,CE,Combined TRACON& Tower with Radar,4,23,23,0,50,0,0,53,1,54,4,23,76,1,104,132,0,132,236
04/10/2005,HTS,WV,AEA,CE,Combined TRACON& Tower with Radar,0,17,19,0,36,0,7,56,0,63,0,24,75,0,99,114,0,114,213
04/11/2005,HTS,WV,AEA,CE,Combined TRACON& Tower with Radar,0,22,19,6,47,0,2,17,2,21,0,24,36,8,68,54,0,54,122
04/12/2005,HTS,WV,AEA,CE,Combined TRACON& Tower with Radar,2,40,13,1,56,0,0,6,0,6,2,40,19,1,62,104,0,104,166
04/13/2005,HTS,WV,AEA,CE,Combined TRACON& Tower with Radar,2,28,18,9,57,0,0,8,0,8,2,28,26,9,65,16,0,16,81
04/14/2005,HTS,WV,AEA,CE,Combined TRACON& Tower with Radar,2,30,19,6,57,0,0,31,1,32,2,30,50,7,89,102,0,102,191
04/15/2005,HTS,WV,AEA,CE,Combined TRACON& Tower with Radar,2,28,27,4,61,0,0,30,0,30,2,28,57,4,91,34,0,34,125
04/16/2005,HTS,WV,AEA,CE,Combined TRACON& Tower with Radar,2,19,12,0,33,0,3,34,0,37,2,22,46,0,70,40,0,40,110
04/17/2005,HTS,WV,AEA,CE,Combined TRACON& Tower with Radar,12,2,13,0,27,0,0,54,0,54,12,2,67,0,81,62,0,62,143
04/18/2005,HTS,WV,AEA,CE,Combined TRACON& Tower with Radar,17,5,25,0,47,0,1,32,0,33,17,6,57,0,80,82,0,82,162
04/19/2005,HTS,WV,AEA,CE,Combined TRACON& Tower with Radar,2,31,12,2,47,0,20,0,2,22,2,51,12,4,69,60,0,60,129
04/20/2005,HTS,WV,AEA,CE,Combined TRACON& Tower with Radar,2,32,9,11,54,0,0,27,0,27,2,32,36,11,81,68,0,68,149
04/21/2005,HTS,WV,AEA,CE,Combined TRACON& Tower with Radar,14,31,8,3,56,0,0,5,0,5,14,31,13,3,61,6,0,6,67
04/22/2005,HTS,WV,AEA,CE,Combined TRACON& Tower with Radar,2,32,34,4,72,0,0,2,0,2,2,32,36,4,74,10,0,10,84
04/23/2005,HTS,WV,AEA,CE,Combined TRACON& Tower with Radar,4,19,10,0,33,0,0,0,0,0,4,19,10,0,33,0,0,0,33
04/24/2005,HTS,WV,AEA,CE,Combined TRACON& Tower with Radar,0,18,11,4,33,0,0,2,0,2,0,18,13,4,35,0,0,0,35
04/25/2005,HTS,WV,AEA,CE,Combined TRACON& Tower with Radar,0,27,15,0,42,0,0,14,0,14,0,27,29,0,56,0,0,0,56
04/26/2005,HTS,WV,AEA,CE,Combined TRACON& Tower with Radar,10,22,19,9,60,0,0,2,1,3,10,22,21,10,63,0,0,0,63
04/27/2005,HTS,WV,AEA,CE,Combined TRACON& Tower with Radar,2,36,14,0,52,0,2,6,0,8,2,38,20,0,60,12,0,12,72
04/28/2005,HTS,WV,AEA,CE,Combined TRACON& Tower with Radar,2,34,24,6,66,0,0,22,0,22,2,34,46,6,88,28,0,28,116
04/29/2005,HTS,WV,AEA,CE,Combined TRACON& Tower with Radar,2,23,15,0,40,0,0,0,0,0,2,23,15,0,40,0,0,0,40
04/30/2005,HTS,WV,AEA,CE,Combined TRACON& Tower with Radar,3,26,7,2,38,27,0,0,0,27,30,26,7,2,65,14,0,14,79
05/01/2005,HTS,WV,AEA,CE,Combined TRACON& Tower with Radar,13,14,13,0,40,0,0,40,0,40,13,14,53,0,80,88,0,88,168
05/02/2005,HTS,WV,AEA,CE,Combined TRACON& Tower with Radar,6,23,5,0,34,0,0,19,0,19,6,23,24,0,53,0,0,0,53
05/03/2005,HTS,WV,AEA,CE,Combined TRACON& Tower with Radar,2,30,15,0,47,0,0,16,0,16,2,30,31,0,63,38,0,38,101
05/04/2005,HTS,WV,AEA,CE,Combined TRACON& Tower with Radar,2,34,22,3,61,0,0,30,0,30,2,34,52,3,91,52,0,52,143
05/05/2005,HTS,WV,AEA,CE,Combined TRACON& Tower with Radar,3,26,23,2,54,0,0,38,0,38,3,26,61,2,92,76,0,76,168
05/06/2005,HTS,WV,AEA,CE,Combined TRACON& Tower with Radar,2,32,15,5,54,0,0,39,0,39,2,32,54,5,93,100,10,110,203
05/07/2005,HTS,WV,AEA,CE,Combined TRACON& Tower with Radar,4,27,12,5,48,0,0,10,9,19,4,27,22,14,67,0,0,0,67
05/08/2005,HTS,WV,AEA,CE,Combined TRACON& Tower with Radar,0,15,10,2,27,0,2,46,0,48,0,17,56,2,75,74,0,74,149
05/09/2005,HTS,WV,AEA,CE,Combined TRACON& Tower with Radar,9,17,11,0,37,0,0,38,0,38,9,17,49,0,75,0,0,0,75
05/10/2005,HTS,WV,AEA,CE,Combined TRACON& Tower with Radar,2,33,14,8,57,0,0,32,0,32,2,33,46,8,89,22,0,22,111
05/11/2005,HTS,WV,AEA,CE,Combined TRACON& Tower with Radar,2,34,20,0,56,0,2,26,0,28,2,36,46,0,84,92,0,92,176
05/12/2005,HTS,WV,AEA,CE,Combined TRACON& Tower with Radar,21,11,8,0,40,0,0,5,0,5,21,11,13,0,45,0,0,0,45
05/13/2005,HTS,WV,AEA,CE,Combined TRACON& Tower with Radar,1,30,10,0,41,0,0,11,0,11,1,30,21,0,52,70,0,70,122
05/14/2005,HTS,WV,AEA,CE,Combined TRACON& Tower with Radar,12,11,6,1,30,0,0,5,0,5,12,11,11,1,35,0,0,0,35
05/15/2005,HTS,WV,AEA,CE,Combined TRACON& Tower with Radar,9,11,2,1,23,0,0,27,0,27,9,11,29,1,50,26,0,26,76
05/16/2005,HTS,WV,AEA,CE,Combined TRACON& Tower with Radar,0,21,11,0,32,0,0,52,23,75,0,21,63,23,107,82,0,82,189
05/17/2005,HTS,WV,AEA,CE,Combined TRACON& Tower with Radar,2,28,41,5,76,0,0,34,0,34,2,28,75,5,110,36,0,36,146
05/18/2005,HTS,WV,AEA,CE,Combined TRACON& Tower with Radar,10,36,12,0,58,0,0,37,0,37,10,36,49,0,95,126,0,126,221
05/19/2005,HTS,WV,AEA,CE,Combined TRACON& Tower with Radar,2,26,12,3,43,0,0,12,0,12,2,26,24,3,55,56,0,56,111
05/20/2005,HTS,WV,AEA,CE,Combined TRACON& Tower with Radar,2,41,14,9,66,0,0,1,0,1,2,41,15,9,67,0,0,0,67
05/21/2005,HTS,WV,AEA,CE,Combined TRACON& Tower with Radar,5,24,6,0,35,0,0,23,0,23,5,24,29,0,58,88,0,88,146
05/22/2005,HTS,WV,AEA,CE,Combined TRACON& Tower with Radar,0,16,4,0,20,0,0,33,0,33,0,16,37,0,53,118,0,118,171
05/23/2005,HTS,WV,AEA,CE,Combined TRACON& Tower with Radar,0,24,12,0,36,0,0,21,0,21,0,24,33,0,57,18,0,18,75
05/24/2005,HTS,WV,AEA,CE,Combined TRACON& Tower with Radar,2,27,33,0,62,0,0,10,0,10,2,27,43,0,72,24,0,24,96
05/25/2005,HTS,WV,AEA,CE,Combined TRACON& Tower with Radar,18,16,10,11,55,0,3,23,0,26,18,19,33,11,81,22,6,28,109
05/26/2005,HTS,WV,AEA,CE,Combined TRACON& Tower with Radar,2,28,17,3,50,0,2,34,2,38,2,30,51,5,88,140,0,140,228
05/27/2005,HTS,WV,AEA,CE,Combined TRACON& Tower with Radar,2,25,17,0,44,0,1,9,0,10,2,26,26,0,54,52,0,52,106
05/28/2005,HTS,WV,AEA,CE,Combined TRACON& Tower with Radar,12,15,0,0,27,0,0,17,0,17,12,15,17,0,44,36,0,36,80
05/29/2005,HTS,WV,AEA,CE,Combined TRACON& Tower with Radar,0,20,12,0,32,0,0,18,0,18,0,20,30,0,50,118,0,118,168
05/30/2005,HTS,WV,AEA,CE,Combined TRACON& Tower with Radar,2,18,15,0,35,0,0,22,4,26,2,18,37,4,61,132,0,132,193
05/31/2005,HTS,WV,AEA,CE,Combined TRACON& Tower with Radar,18,8,13,0,39,0,1,25,0,26,18,9,38,0,65,28,0,28,93
06/01/2005,HTS,WV,AEA,CE,Combined TRACON& Tower with Radar,2,33,15,0,50,1,5,0,0,6,3,38,15,0,56,64,0,64,120
06/02/2005,HTS,WV,AEA,CE,Combined TRACON& Tower with Radar,2,37,17,4,60,0,0,0,0,0,2,37,17,4,60,0,0,0,60
06/03/2005,HTS,WV,AEA,CE,Combined TRACON& Tower with Radar,2,30,16,2,50,0,0,2,0,2,2,30,18,2,52,0,0,0,52
06/04/2005,HTS,WV,AEA,CE,Combined TRACON& Tower with Radar,4,25,19,0,48,0,0,36,0,36,4,25,55,0,84,142,0,142,226
06/05/2005,HTS,WV,AEA,CE,Combined TRACON& Tower with Radar,0,14,18,0,32,0,0,39,0,39,0,14,57,0,71,56,0,56,127
06/06/2005,HTS,WV,AEA,CE,Combined TRACON& Tower with Radar,2,28,24,0,54,0,0,36,0,36,2,28,60,0,90,24,0,24,114
06/07/2005,HTS,WV,AEA,CE,Combined TRACON& Tower with Radar,2,24,15,0,41,0,0,35,0,35,2,24,50,0,76,24,0,24,100
06/08/2005,HTS,WV,AEA,CE,Combined TRACON& Tower with Radar,15,19,20,0,54,0,0,7,0,7,15,19,27,0,61,18,0,18,79
06/09/2005,HTS,WV,AEA,CE,Combined TRACON& Tower with Radar,1,26,13,0,40,0,10,0,0,10,1,36,13,0,50,48,0,48,98
06/10/2005,HTS,WV,AEA,CE,Combined TRACON& Tower with Radar,2,25,14,5,46,0,0,11,0,11,2,25,25,5,57,68,0,68,125
06/11/2005,HTS,WV,AEA,CE,Combined TRACON& Tower with Radar,8,7,19,6,40,0,3,5,0,8,8,10,24,6,48,44,0,44,92
06/12/2005,HTS,WV,AEA,CE,Combined TRACON& Tower with Radar,0,15,7,0,22,0,0,8,0,8,0,15,15,0,30,24,0,24,54
06/13/2005,HTS,WV,AEA,CE,Combined TRACON& Tower with Radar,0,30,8,0,38,0,3,6,0,9,0,33,14,0,47,0,0,0,47
06/14/2005,HTS,WV,AEA,CE,Combined TRACON& Tower with Radar,2,27,15,0,44,0,2,12,1,15,2,29,27,1,59,36,0,36,95
06/15/2005,HTS,WV,AEA,CE,Combined TRACON& Tower with Radar,4,38,26,0,68,0,0,35,0,35,4,38,61,0,103,40,0,40,143
06/16/2005,HTS,WV,AEA,CE,Combined TRACON& Tower with Radar,2,3,40,2,47,0,0,29,2,31,2,3,69,4,78,62,0,62,140
06/17/2005,HTS,WV,AEA,CE,Combined TRACON& Tower with Radar,2,26,11,0,39,0,0,35,4,39,2,26,46,4,78,86,0,86,164
06/18/2005,HTS,WV,AEA,CE,Combined TRACON& Tower with Radar,16,12,15,0,43,0,3,25,0,28,16,15,40,0,71,84,0,84,155
06/19/2005,HTS,WV,AEA,CE,Combined TRACON& Tower with Radar,0,16,11,0,27,0,6,15,0,21,0,22,26,0,48,36,0,36,84
06/20/2005,HTS,WV,AEA,CE,Combined TRACON& Tower with Radar,0,30,14,0,44,0,0,22,0,22,0,30,36,0,66,78,0,78,144
06/21/2005,HTS,WV,AEA,CE,Combined TRACON& Tower with Radar,2,25,20,0,47,0,1,22,1,24,2,26,42,1,71,104,0,104,175
06/22/2005,HTS,WV,AEA,CE,Combined TRACON& Tower with Radar,2,32,26,0,60,0,0,25,0,25,2,32,51,0,85,72,4,76,161
06/23/2005,HTS,WV,AEA,CE,Combined TRACON& Tower with Radar,2,40,17,0,59,0,0,25,0,25,2,40,42,0,84,66,0,66,150
06/24/2005,HTS,WV,AEA,CE,Combined TRACON& Tower with Radar,18,13,10,0,41,0,0,36,0,36,18,13,46,0,77,66,0,66,143
06/25/2005,HTS,WV,AEA,CE,Combined TRACON& Tower with Radar,19,4,16,1,40,0,0,23,1,24,19,4,39,2,64,110,0,110,174
06/26/2005,HTS,WV,AEA,CE,Combined TRACON& Tower with Radar,0,17,17,3,37,0,1,29,0,30,0,18,46,3,67,124,0,124,191
06/27/2005,HTS,WV,AEA,CE,Combined TRACON& Tower with Radar,0,23,15,2,40,0,0,15,4,19,0,23,30,6,59,34,0,34,93
06/28/2005,HTS,WV,AEA,CE,Combined TRACON& Tower with Radar,0,12,40,3,55,2,35,32,4,73,2,47,72,7,128,64,0,64,192
06/29/2005,HTS,WV,AEA,CE,Combined TRACON& Tower with Radar,4,34,33,0,71,0,0,15,0,15,4,34,48,0,86,64,0,64,150
06/30/2005,HTS,WV,AEA,CE,Combined TRACON& Tower with Radar,2,29,12,0,43,0,0,9,0,9,2,29,21,0,52,42,0,42,94
07/01/2005,HTS,WV,AEA,CE,Combined TRACON& Tower with Radar,2,26,22,0,50,0,0,21,0,21,2,26,43,0,71,38,0,38,109
07/02/2005,HTS,WV,AEA,CE,Combined TRACON& Tower with Radar,4,20,10,0,34,0,5,30,0,35,4,25,40,0,69,84,0,84,153
07/03/2005,HTS,WV,AEA,CE,Combined TRACON& Tower with Radar,0,14,14,0,28,0,0,21,0,21,0,14,35,0,49,42,0,42,91
07/04/2005,HTS,WV,AEA,CE,Combined TRACON& Tower with Radar,18,0,13,0,31,0,0,11,0,11,18,0,24,0,42,58,0,58,100
07/05/2005,HTS,WV,AEA,CE,Combined TRACON& Tower with Radar,0,23,22,0,45,0,0,6,0,6,0,23,28,0,51,0,0,0,51
07/06/2005,HTS,WV,AEA,CE,Combined TRACON& Tower with Radar,2,25,32,0,59,0,0,13,0,13,2,25,45,0,72,44,0,44,116
07/07/2005,HTS,WV,AEA,CE,Combined TRACON& Tower with Radar,2,35,23,0,60,0,0,10,0,10,2,35,33,0,70,98,0,98,168
07/08/2005,HTS,WV,AEA,CE,Combined TRACON& Tower with Radar,18,14,19,0,51,0,0,13,0,13,18,14,32,0,64,100,0,100,164
07/09/2005,HTS,WV,AEA,CE,Combined TRACON& Tower with Radar,13,10,7,0,30,0,8,36,0,44,13,18,43,0,74,56,0,56,130
07/10/2005,HTS,WV,AEA,CE,Combined TRACON& Tower with Radar,0,16,16,0,32,0,1,26,0,27,0,17,42,0,59,50,0,50,109
07/11/2005,HTS,WV,AEA,CE,Combined TRACON& Tower with Radar,0,25,16,0,41,0,11,11,0,22,0,36,27,0,63,42,0,42,105
07/12/2005,HTS,WV,AEA,CE,Combined TRACON& Tower with Radar,8,20,13,2,43,0,0,10,0,10,8,20,23,2,53,36,0,36,89
07/13/2005,HTS,WV,AEA,CE,Combined TRACON& Tower with Radar,2,33,11,0,46,0,0,0,0,0,2,33,11,0,46,0,0,0,46
07/14/2005,HTS,WV,AEA,CE,Combined TRACON& Tower with Radar,14,24,17,1,56,0,0,0,1,1,14,24,17,2,57,18,0,18,75
07/15/2005,HTS,WV,AEA,CE,Combined TRACON& Tower with Radar,2,34,15,0,51,0,0,5,0,5,2,34,20,0,56,0,0,0,56
07/16/2005,HTS,WV,AEA,CE,Combined TRACON& Tower with Radar,4,17,20,0,41,0,0,3,0,3,4,17,23,0,44,0,0,0,44
07/17/2005,HTS,WV,AEA,CE,Combined TRACON& Tower with Radar,0,13,20,0,33,0,0,6,0,6,0,13,26,0,39,0,0,0,39
07/18/2005,HTS,WV,AEA,CE,Combined TRACON& Tower with Radar,10,13,16,0,39,0,3,10,0,13,10,16,26,0,52,26,0,26,78
07/19/2005,HTS,WV,AEA,CE,Combined TRACON& Tower with Radar,1,31,20,0,52,0,8,0,0,8,1,39,20,0,60,46,0,46,106
07/20/2005,HTS,WV,AEA,CE,Combined TRACON& Tower with Radar,5,33,26,1,65,0,4,8,0,12,5,37,34,1,77,20,0,20,97
07/21/2005,HTS,WV,AEA,CE,Combined TRACON& Tower with Radar,2,34,32,0,68,0,1,22,0,23,2,35,54,0,91,46,0,46,137
07/22/2005,HTS,WV,AEA,CE,Combined TRACON& Tower with Radar,2,32,32,0,66,0,1,15,0,16,2,33,47,0,82,122,0,122,204
07/23/2005,HTS,WV,AEA,CE,Combined TRACON& Tower with Radar,4,20,11,0,35,0,0,21,2,23,4,20,32,2,58,72,0,72,130
07/24/2005,HTS,WV,AEA,CE,Combined TRACON& Tower with Radar,0,29,14,0,43,0,0,28,0,28,0,29,42,0,71,14,0,14,85
07/25/2005,HTS,WV,AEA,CE,Combined TRACON& Tower with Radar,0,30,15,0,45,0,0,10,9,19,0,30,25,9,64,24,0,24,88
07/26/2005,HTS,WV,AEA,CE,Combined TRACON& Tower with Radar,2,33,16,0,51,0,0,25,0,25,2,33,41,0,76,60,0,60,136
07/27/2005,HTS,WV,AEA,CE,Combined TRACON& Tower with Radar,4,20,21,0,45,0,0,5,0,5,4,20,26,0,50,0,0,0,50
07/28/2005,HTS,WV,AEA,CE,Combined TRACON& Tower with Radar,2,37,23,0,62,0,25,7,0,32,2,62,30,0,94,76,0,76,170
07/29/2005,HTS,WV,AEA,CE,Combined TRACON& Tower with Radar,2,33,24,0,59,0,0,20,0,20,2,33,44,0,79,56,0,56,135
07/30/2005,HTS,WV,AEA,CE,Combined TRACON& Tower with Radar,4,19,13,0,36,0,4,20,0,24,4,23,33,0,60,86,0,86,146
07/31/2005,HTS,WV,AEA,CE,Combined TRACON& Tower with Radar,0,16,24,0,40,0,3,34,0,37,0,19,58,0,77,74,0,74,151
08/01/2005,HTS,WV,AEA,CE,Combined TRACON& Tower with Radar,18,2,29,0,49,0,5,18,0,23,18,7,47,0,72,56,0,56,128
08/02/2005,HTS,WV,AEA,CE,Combined TRACON& Tower with Radar,2,33,30,0,65,0,0,20,0,20,2,33,50,0,85,62,0,62,147
08/03/2005,HTS,WV,AEA,CE,Combined TRACON& Tower with Radar,2,36,19,0,57,0,4,15,0,19,2,40,34,0,76,22,0,22,98
08/04/2005,HTS,WV,AEA,CE,Combined TRACON& Tower with Radar,10,31,20,0,61,0,0,31,0,31,10,31,51,0,92,76,0,76,168
08/05/2005,HTS,WV,AEA,CE,Combined TRACON& Tower with Radar,9,36,3,0,48,0,0,8,0,8,9,36,11,0,56,10,0,10,66
08/06/2005,HTS,WV,AEA,CE,Combined TRACON& Tower with Radar,6,19,6,0,31,0,5,25,0,30,6,24,31,0,61,10,0,10,71
08/07/2005,HTS,WV,AEA,CE,Combined TRACON& Tower with Radar,9,10,8,2,29,0,0,22,0,22,9,10,30,2,51,58,0,58,109
08/08/2005,HTS,WV,AEA,CE,Combined TRACON& Tower with Radar,0,21,15,1,37,0,0,6,0,6,0,21,21,1,43,0,0,0,43
08/09/2005,HTS,WV,AEA,CE,Combined TRACON& Tower with Radar,2,36,12,0,50,0,8,10,0,18,2,44,22,0,68,56,0,56,124
08/10/2005,HTS,WV,AEA,CE,Combined TRACON& Tower with Radar,3,28,21,0,52,0,0,34,0,34,3,28,55,0,86,24,0,24,110
08/11/2005,HTS,WV,AEA,CE,Combined TRACON& Tower with Radar,2,30,24,0,56,0,0,40,0,40,2,30,64,0,96,32,0,32,128
08/12/2005,HTS,WV,AEA,CE,Combined TRACON& Tower with Radar,2,26,28,3,59,0,0,16,0,16,2,26,44,3,75,62,0,62,137
08/13/2005,HTS,WV,AEA,CE,Combined TRACON& Tower with Radar,3,19,23,0,45,0,8,55,0,63,3,27,78,0,108,46,0,46,154
08/14/2005,HTS,WV,AEA,CE,Combined TRACON& Tower with Radar,1,10,5,3,19,0,6,16,0,22,1,16,21,3,41,46,0,46,87
08/15/2005,HTS,WV,AEA,CE,Combined TRACON& Tower with Radar,0,26,11,0,37,0,0,13,0,13,0,26,24,0,50,46,0,46,96
08/16/2005,HTS,WV,AEA,CE,Combined TRACON& Tower with Radar,2,34,14,0,50,0,0,8,0,8,2,34,22,0,58,0,0,0,58
08/17/2005,HTS,WV,AEA,CE,Combined TRACON& Tower with Radar,2,33,16,0,51,0,0,24,0,24,2,33,40,0,75,92,0,92,167
08/18/2005,HTS,WV,AEA,CE,Combined TRACON& Tower with Radar,2,28,18,0,48,0,2,6,0,8,2,30,24,0,56,42,0,42,98
08/19/2005,HTS,WV,AEA,CE,Combined TRACON& Tower with Radar,2,33,15,0,50,0,4,2,0,6,2,37,17,0,56,66,0,66,122
08/20/2005,HTS,WV,AEA,CE,Combined TRACON& Tower with Radar,10,16,8,0,34,0,8,45,0,53,10,24,53,0,87,50,0,50,137
08/21/2005,HTS,WV,AEA,CE,Combined TRACON& Tower with Radar,0,14,25,0,39,0,0,34,0,34,0,14,59,0,73,74,0,74,147
08/22/2005,HTS,WV,AEA,CE,Combined TRACON& Tower with Radar,0,23,14,0,37,0,0,15,0,15,0,23,29,0,52,42,0,42,94
08/23/2005,HTS,WV,AEA,CE,Combined TRACON& Tower with Radar,18,11,15,0,44,0,0,48,2,50,18,11,63,2,94,70,0,70,164
08/24/2005,HTS,WV,AEA,CE,Combined TRACON& Tower with Radar,2,36,23,0,61,0,0,42,4,46,2,36,65,4,107,82,0,82,189
08/25/2005,HTS,WV,AEA,CE,Combined TRACON& Tower with Radar,2,35,21,0,58,0,0,27,0,27,2,35,48,0,85,34,0,34,119
08/26/2005,HTS,WV,AEA,CE,Combined TRACON& Tower with Radar,3,27,14,0,44,0,1,1,0,2,3,28,15,0,46,0,0,0,46
08/27/2005,HTS,WV,AEA,CE,Combined TRACON& Tower with Radar,12,12,6,0,30,0,1,1,0,2,12,13,7,0,32,0,0,0,32
08/28/2005,HTS,WV,AEA,CE,Combined TRACON& Tower with Radar,2,9,7,0,18,0,0,27,0,27,2,9,34,0,45,28,0,28,73
08/29/2005,HTS,WV,AEA,CE,Combined TRACON& Tower with Radar,0,0,0,0,0,0,0,23,0,23,0,0,23,0,23,0,0,0,23
08/30/2005,HTS,WV,AEA,CE,Combined TRACON& Tower with Radar,21,22,11,0,54,0,0,1,0,1,21,22,12,0,55,0,0,0,55
08/31/2005,HTS,WV,AEA,CE,Combined TRACON& Tower with Radar,4,24,10,2,40,0,2,4,0,6,4,26,14,2,46,0,0,0,46
09/01/2005,HTS,WV,AEA,CE,Combined TRACON& Tower with Radar,2,35,21,1,59,0,2,14,3,19,2,37,35,4,78,14,0,14,92
09/02/2005,HTS,WV,AEA,CE,Combined TRACON& Tower with Radar,0,21,12,0,33,0,0,51,0,51,0,21,63,0,84,38,0,38,122
09/03/2005,HTS,WV,AEA,CE,Combined TRACON& Tower with Radar,27,9,11,0,47,0,0,31,0,31,27,9,42,0,78,68,0,68,146
09/04/2005,HTS,WV,AEA,CE,Combined TRACON& Tower with Radar,0,13,11,1,25,0,0,23,0,23,0,13,34,1,48,82,0,82,130
09/05/2005,HTS,WV,AEA,CE,Combined TRACON& Tower with Radar,0,16,7,1,24,0,0,14,0,14,0,16,21,1,38,70,0,70,108
09/06/2005,HTS,WV,AEA,CE,Combined TRACON& Tower with Radar,8,18,17,0,43,0,0,13,1,14,8,18,30,1,57,38,0,38,95
09/07/2005,HTS,WV,AEA,CE,Combined TRACON& Tower with Radar,8,21,24,0,53,0,1,19,0,20,8,22,43,0,73,74,0,74,147
09/08/2005,HTS,WV,AEA,CE,Combined TRACON& Tower with Radar,2,27,26,0,55,0,0,7,0,7,2,27,33,0,62,20,0,20,82
09/09/2005,HTS,WV,AEA,CE,Combined TRACON& Tower with Radar,3,32,10,0,45,0,3,25,1,29,3,35,35,1,74,84,0,84,158
09/10/2005,HTS,WV,AEA,CE,Combined TRACON& Tower with Radar,18,8,21,0,47,0,3,10,0,13,18,11,31,0,60,42,0,42,102
09/11/2005,HTS,WV,AEA,CE,Combined TRACON& Tower with Radar,0,12,17,0,29,0,0,15,0,15,0,12,32,0,44,40,0,40,84
09/12/2005,HTS,WV,AEA,CE,Combined TRACON& Tower with Radar,0,27,9,0,36,0,0,12,4,16,0,27,21,4,52,82,0,82,134
09/13/2005,HTS,WV,AEA,CE,Combined TRACON& Tower with Radar,2,42,37,2,83,0,0,13,0,13,2,42,50,2,96,50,0,50,146
09/14/2005,HTS,WV,AEA,CE,Combined TRACON& Tower with Radar,3,31,15,0,49,0,0,22,0,22,3,31,37,0,71,58,0,58,129
09/15/2005,HTS,WV,AEA,CE,Combined TRACON& Tower with Radar,1,34,26,0,61,0,0,12,0,12,1,34,38,0,73,32,0,32,105
09/16/2005,HTS,WV,AEA,CE,Combined TRACON& Tower with Radar,3,33,24,0,60,0,1,5,0,6,3,34,29,0,66,8,0,8,74
09/17/2005,HTS,WV,AEA,CE,Combined TRACON& Tower with Radar,11,11,15,0,37,0,0,8,0,8,11,11,23,0,45,0,0,0,45
09/18/2005,HTS,WV,AEA,CE,Combined TRACON& Tower with Radar,0,12,15,0,27,0,0,22,0,22,0,12,37,0,49,40,0,40,89
09/19/2005,HTS,WV,AEA,CE,Combined TRACON& Tower with Radar,0,20,21,0,41,0,0,21,1,22,0,20,42,1,63,16,0,16,79
09/20/2005,HTS,WV,AEA,CE,Combined TRACON& Tower with Radar,4,29,14,0,47,0,0,31,0,31,4,29,45,0,78,48,0,48,126
09/21/2005,HTS,WV,AEA,CE,Combined TRACON& Tower with Radar,20,14,19,1,54,0,0,13,1,14,20,14,32,2,68,10,0,10,78
09/22/2005,HTS,WV,AEA,CE,Combined TRACON& Tower with Radar,2,34,31,0,67,0,0,35,0,35,2,34,66,0,102,88,0,88,190
09/23/2005,HTS,WV,AEA,CE,Combined TRACON& Tower with Radar,4,27,16,0,47,0,0,9,1,10,4,27,25,1,57,48,0,48,105
09/24/2005,HTS,WV,AEA,CE,Combined TRACON& Tower with Radar,10,10,12,1,33,0,2,16,1,19,10,12,28,2,52,20,0,20,72
09/25/2005,HTS,WV,AEA,CE,Combined TRACON& Tower with Radar,15,0,25,0,40,0,0,32,0,32,15,0,57,0,72,48,0,48,120
09/26/2005,HTS,WV,AEA,CE,Combined TRACON& Tower with Radar,6,28,9,0,43,0,0,1,0,1,6,28,10,0,44,0,0,0,44
09/27/2005,HTS,WV,AEA,CE,Combined TRACON& Tower with Radar,0,34,18,0,52,0,0,22,0,22,0,34,40,0,74,58,0,58,132
09/28/2005,HTS,WV,AEA,CE,Combined TRACON& Tower with Radar,3,32,41,1,77,0,0,30,0,30,3,32,71,1,107,40,0,40,147
09/29/2005,HTS,WV,AEA,CE,Combined TRACON& Tower with Radar,1,28,21,0,50,0,0,14,0,14,1,28,35,0,64,38,0,38,102
09/30/2005,HTS,WV,AEA,CE,Combined TRACON& Tower with Radar,5,29,38,0,72,0,2,27,0,29,5,31,65,0,101,58,0,58,159
10/01/2005,HTS,WV,AEA,CE,Combined TRACON& Tower with Radar,12,20,5,0,37,0,0,41,0,41,12,20,46,0,78,84,0,84,162
10/02/2005,HTS,WV,AEA,CE,Combined TRACON& Tower with Radar,0,18,15,0,33,0,0,34,0,34,0,18,49,0,67,66,0,66,133
10/03/2005,HTS,WV,AEA,CE,Combined TRACON& Tower with Radar,0,23,17,0,40,0,1,38,0,39,0,24,55,0,79,88,0,88,167
10/04/2005,HTS,WV,AEA,CE,Combined TRACON& Tower with Radar,2,34,17,0,53,0,0,14,0,14,2,34,31,0,67,116,0,116,183
10/05/2005,HTS,WV,AEA,CE,Combined TRACON& Tower with Radar,2,27,23,0,52,0,2,36,0,38,2,29,59,0,90,92,0,92,182
10/06/2005,HTS,WV,AEA,CE,Combined TRACON& Tower with Radar,2,55,17,0,74,0,1,28,0,29,2,56,45,0,103,70,0,70,173
10/07/2005,HTS,WV,AEA,CE,Combined TRACON& Tower with Radar,21,12,12,0,45,0,0,0,0,0,21,12,12,0,45,0,0,0,45
10/08/2005,HTS,WV,AEA,CE,Combined TRACON& Tower with Radar,5,23,10,1,39,0,0,0,0,0,5,23,10,1,39,0,0,0,39
10/09/2005,HTS,WV,AEA,CE,Combined TRACON& Tower with Radar,8,15,15,0,38,0,0,2,0,2,8,15,17,0,40,0,0,0,40
10/10/2005,HTS,WV,AEA,CE,Combined TRACON& Tower with Radar,0,55,11,0,66,0,0,2,0,2,0,55,13,0,68,36,0,36,104
10/11/2005,HTS,WV,AEA,CE,Combined TRACON& Tower with Radar,2,59,12,0,73,0,0,7,0,7,2,59,19,0,80,0,0,0,80
10/12/2005,HTS,WV,AEA,CE,Combined TRACON& Tower with Radar,2,34,9,0,45,0,0,7,0,7,2,34,16,0,52,0,0,0,52
10/13/2005,HTS,WV,AEA,CE,Combined TRACON& Tower with Radar,2,43,36,0,81,0,0,6,0,6,2,43,42,0,87,10,0,10,97
10/14/2005,HTS,WV,AEA,CE,Combined TRACON& Tower with Radar,2,34,33,0,69,0,0,7,0,7,2,34,40,0,76,12,0,12,88
10/15/2005,HTS,WV,AEA,CE,Combined TRACON& Tower with Radar,7,20,13,0,40,0,1,21,4,26,7,21,34,4,66,38,0,38,104
10/16/2005,HTS,WV,AEA,CE,Combined TRACON& Tower with Radar,9,13,24,2,48,0,0,43,2,45,9,13,67,4,93,92,0,92,185
10/17/2005,HTS,WV,AEA,CE,Combined TRACON& Tower with Radar,8,14,12,0,34,0,0,35,0,35,8,14,47,0,69,72,0,72,141
10/18/2005,HTS,WV,AEA,CE,Combined TRACON& Tower with Radar,4,37,19,3,63,0,1,29,0,30,4,38,48,3,93,86,0,86,179
10/19/2005,HTS,WV,AEA,CE,Combined TRACON& Tower with Radar,2,28,8,0,38,0,0,24,0,24,2,28,32,0,62,76,0,76,138
10/20/2005,HTS,WV,AEA,CE,Combined TRACON& Tower with Radar,19,18,14,0,51,0,0,10,0,10,19,18,24,0,61,18,0,18,79
10/21/2005,HTS,WV,AEA,CE,Combined TRACON& Tower with Radar,4,35,27,0,66,0,0,1,0,1,4,35,28,0,67,0,0,0,67
10/22/2005,HTS,WV,AEA,CE,Combined TRACON& Tower with Radar,2,23,9,0,34,0,0,0,0,0,2,23,9,0,34,0,0,0,34
10/23/2005,HTS,WV,AEA,CE,Combined TRACON& Tower with Radar,8,8,4,0,20,0,0,13,0,13,8,8,17,0,33,6,0,6,39
10/24/2005,HTS,WV,AEA,CE,Combined TRACON& Tower with Radar,0,28,6,0,34,0,0,0,0,0,0,28,6,0,34,0,0,0,34
10/25/2005,HTS,WV,AEA,CE,Combined TRACON& Tower with Radar,2,29,12,1,44,0,0,1,0,1,2,29,13,1,45,0,0,0,45
10/26/2005,HTS,WV,AEA,CE,Combined TRACON& Tower with Radar,2,35,26,0,63,0,0,19,2,21,2,35,45,2,84,8,0,8,92
10/27/2005,HTS,WV,AEA,CE,Combined TRACON& Tower with Radar,2,30,17,0,49,0,0,9,0,9,2,30,26,0,58,36,0,36,94
10/28/2005,HTS,WV,AEA,CE,Combined TRACON& Tower with Radar,3,32,11,0,46,0,0,17,0,17,3,32,28,0,63,30,0,30,93
10/29/2005,HTS,WV,AEA,CE,Combined TRACON& Tower with Radar,20,10,12,0,42,0,0,58,0,58,20,10,70,0,100,18,0,18,118
10/30/2005,HTS,WV,AEA,CE,Combined TRACON& Tower with Radar,9,5,25,0,39,0,0,45,0,45,9,5,70,0,84,72,0,72,156
10/31/2005,HTS,WV,AEA,CE,Combined TRACON& Tower with Radar,0,24,10,4,38,0,0,21,0,21,0,24,31,4,59,52,0,52,111
11/01/2005,HTS,WV,AEA,CE,Combined TRACON& Tower with Radar,2,32,9,6,49,0,0,1,0,1,2,32,10,6,50,0,0,0,50
11/02/2005,HTS,WV,AEA,CE,Combined TRACON& Tower with Radar,4,23,23,1,51,0,0,17,0,17,4,23,40,1,68,0,0,0,68
11/03/2005,HTS,WV,AEA,CE,Combined TRACON& Tower with Radar,16,20,28,0,64,0,1,23,4,28,16,21,51,4,92,42,0,42,134
11/04/2005,HTS,WV,AEA,CE,Combined TRACON& Tower with Radar,2,28,12,0,42,0,0,16,0,16,2,28,28,0,58,46,0,46,104
11/05/2005,HTS,WV,AEA,CE,Combined TRACON& Tower with Radar,5,15,14,0,34,0,0,21,0,21,5,15,35,0,55,38,0,38,93
11/06/2005,HTS,WV,AEA,CE,Combined TRACON& Tower with Radar,12,0,12,0,24,0,5,2,2,9,12,5,14,2,33,0,0,0,33
11/07/2005,HTS,WV,AEA,CE,Combined TRACON& Tower with Radar,1,24,12,2,39,0,0,35,0,35,1,24,47,2,74,32,0,32,106
11/08/2005,HTS,WV,AEA,CE,Combined TRACON& Tower with Radar,3,27,20,0,50,0,0,12,0,12,3,27,32,0,62,80,0,80,142
11/09/2005,HTS,WV,AEA,CE,Combined TRACON& Tower with Radar,3,30,16,4,53,0,0,0,0,0,3,30,16,4,53,0,0,0,53
11/10/2005,HTS,WV,AEA,CE,Combined TRACON& Tower with Radar,12,41,7,2,62,0,0,25,0,25,12,41,32,2,87,20,0,20,107
11/11/2005,HTS,WV,AEA,CE,Combined TRACON& Tower with Radar,4,27,17,0,48,0,1,17,0,18,4,28,34,0,66,48,0,48,114
11/12/2005,HTS,WV,AEA,CE,Combined TRACON& Tower with Radar,6,26,25,0,57,0,0,33,0,33,6,26,58,0,90,114,0,114,204
11/13/2005,HTS,WV,AEA,CE,Combined TRACON& Tower with Radar,7,9,10,4,30,0,0,4,0,4,7,9,14,4,34,0,0,0,34
11/14/2005,HTS,WV,AEA,CE,Combined TRACON& Tower with Radar,8,20,8,0,36,0,0,6,0,6,8,20,14,0,42,0,0,0,42
11/15/2005,HTS,WV,AEA,CE,Combined TRACON& Tower with Radar,19,11,21,0,51,0,0,5,0,5,19,11,26,0,56,0,0,0,56
11/16/2005,HTS,WV,AEA,CE,Combined TRACON& Tower with Radar,2,28,18,0,48,0,0,0,0,0,2,28,18,0,48,0,0,0,48
11/17/2005,HTS,WV,AEA,CE,Combined TRACON& Tower with Radar,14,5,14,0,33,22,7,16,0,45,36,12,30,0,78,8,0,8,86
11/18/2005,HTS,WV,AEA,CE,Combined TRACON& Tower with Radar,2,32,28,0,62,0,0,8,0,8,2,32,36,0,70,74,0,74,144
11/19/2005,HTS,WV,AEA,CE,Combined TRACON& Tower with Radar,4,20,12,0,36,0,1,29,0,30,4,21,41,0,66,68,0,68,134
11/20/2005,HTS,WV,AEA,CE,Combined TRACON& Tower with Radar,9,20,10,0,39,0,0,28,0,28,9,20,38,0,67,64,0,64,131
11/21/2005,HTS,WV,AEA,CE,Combined TRACON& Tower with Radar,0,25,12,4,41,0,0,2,1,3,0,25,14,5,44,8,0,8,52
11/22/2005,HTS,WV,AEA,CE,Combined TRACON& Tower with Radar,2,25,10,0,37,0,0,2,1,3,2,25,12,1,40,0,0,0,40
11/23/2005,HTS,WV,AEA,CE,Combined TRACON& Tower with Radar,2,35,13,0,50,0,0,1,0,1,2,35,14,0,51,0,0,0,51
11/24/2005,HTS,WV,AEA,CE,Combined TRACON& Tower with Radar,1,18,6,0,25,0,0,1,0,1,1,18,7,0,26,0,0,0,26
11/25/2005,HTS,WV,AEA,CE,Combined TRACON& Tower with Radar,1,18,10,0,29,0,0,8,0,8,1,18,18,0,37,16,0,16,53
11/26/2005,HTS,WV,AEA,CE,Combined TRACON& Tower with Radar,21,12,15,16,64,0,0,19,0,19,21,12,34,16,83,38,0,38,121
11/27/2005,HTS,WV,AEA,CE,Combined TRACON& Tower with Radar,0,12,20,0,32,0,0,37,0,37,0,12,57,0,69,60,0,60,129
11/28/2005,HTS,WV,AEA,CE,Combined TRACON& Tower with Radar,0,23,14,0,37,0,0,1,0,1,0,23,15,0,38,0,0,0,38
11/29/2005,HTS,WV,AEA,CE,Combined TRACON& Tower with Radar,2,29,22,6,59,0,0,5,0,5,2,29,27,6,64,30,0,30,94
11/30/2005,HTS,WV,AEA,CE,Combined TRACON& Tower with Radar,2,27,21,1,51,0,0,29,0,29,2,27,50,1,80,38,0,38,118
12/01/2005,HTS,WV,AEA,CE,Combined TRACON& Tower with Radar,5,29,22,0,56,0,0,16,0,16,5,29,38,0,72,0,0,0,72
12/02/2005,HTS,WV,AEA,CE,Combined TRACON& Tower with Radar,2,31,19,0,52,0,0,5,0,5,2,31,24,0,57,20,0,20,77
12/03/2005,HTS,WV,AEA,CE,Combined TRACON& Tower with Radar,4,20,9,0,33,0,2,9,0,11,4,22,18,0,44,36,0,36,80
12/04/2005,HTS,WV,AEA,CE,Combined TRACON& Tower with Radar,2,9,2,0,13,0,0,0,0,0,2,9,2,0,13,0,0,0,13
12/05/2005,HTS,WV,AEA,CE,Combined TRACON& Tower with Radar,0,19,11,0,30,0,0,2,0,2,0,19,13,0,32,0,0,0,32
12/06/2005,HTS,WV,AEA,CE,Combined TRACON& Tower with Radar,5,26,23,0,54,0,1,8,0,9,5,27,31,0,63,0,0,0,63
12/07/2005,HTS,WV,AEA,CE,Combined TRACON& Tower with Radar,3,36,28,0,67,0,0,11,0,11,3,36,39,0,78,0,0,0,78
12/08/2005,HTS,WV,AEA,CE,Combined TRACON& Tower with Radar,2,16,14,0,32,0,0,4,0,4,2,16,18,0,36,0,0,0,36
12/09/2005,HTS,WV,AEA,CE,Combined TRACON& Tower with Radar,5,17,17,0,39,0,2,0,0,2,5,19,17,0,41,0,0,0,41
12/10/2005,HTS,WV,AEA,CE,Combined TRACON& Tower with Radar,7,16,10,0,33,0,0,11,0,11,7,16,21,0,44,86,0,86,130
12/11/2005,HTS,WV,AEA,CE,Combined TRACON& Tower with Radar,0,11,3,0,14,0,0,0,0,0,0,11,3,0,14,0,0,0,14
12/12/2005,HTS,WV,AEA,CE,Combined TRACON& Tower with Radar,0,24,4,3,31,0,0,4,3,7,0,24,8,6,38,28,0,28,66
12/13/2005,HTS,WV,AEA,CE,Combined TRACON& Tower with Radar,17,12,27,1,57,0,2,35,1,38,17,14,62,2,95,20,0,20,115
12/14/2005,HTS,WV,AEA,CE,Combined TRACON& Tower with Radar,0,28,18,0,46,0,0,4,0,4,0,28,22,0,50,0,0,0,50
12/15/2005,HTS,WV,AEA,CE,Combined TRACON& Tower with Radar,10,18,8,0,36,0,0,0,0,0,10,18,8,0,36,0,0,0,36
12/16/2005,HTS,WV,AEA,CE,Combined TRACON& Tower with Radar,3,25,25,0,53,0,0,5,1,6,3,25,30,1,59,0,0,0,59
12/17/2005,HTS,WV,AEA,CE,Combined TRACON& Tower with Radar,2,14,26,0,42,0,0,31,0,31,2,14,57,0,73,86,0,86,159
12/18/2005,HTS,WV,AEA,CE,Combined TRACON& Tower with Radar,0,14,15,0,29,0,0,22,0,22,0,14,37,0,51,12,0,12,63
12/19/2005,HTS,WV,AEA,CE,Combined TRACON& Tower with Radar,0,22,18,0,40,0,0,3,0,3,0,22,21,0,43,11,0,11,54
12/20/2005,HTS,WV,AEA,CE,Combined TRACON& Tower with Radar,8,22,37,0,67,0,0,11,0,11,8,22,48,0,78,32,0,32,110
12/21/2005,HTS,WV,AEA,CE,Combined TRACON& Tower with Radar,7,33,35,2,77,0,0,32,3,35,7,33,67,5,112,56,0,56,168
12/22/2005,HTS,WV,AEA,CE,Combined TRACON& Tower with Radar,9,30,31,2,72,0,2,19,1,22,9,32,50,3,94,86,0,86,180
12/23/2005,HTS,WV,AEA,CE,Combined TRACON& Tower with Radar,7,30,10,0,47,0,0,16,0,16,7,30,26,0,63,44,0,44,107
12/24/2005,HTS,WV,AEA,CE,Combined TRACON& Tower with Radar,2,26,15,0,43,0,0,10,0,10,2,26,25,0,53,0,0,0,53
12/25/2005,HTS,WV,AEA,CE,Combined TRACON& Tower with Radar,0,7,3,0,10,0,0,1,0,1,0,7,4,0,11,0,0,0,11
12/26/2005,HTS,WV,AEA,CE,Combined TRACON& Tower with Radar,0,19,12,0,31,0,0,2,0,2,0,19,14,0,33,0,0,0,33
12/27/2005,HTS,WV,AEA,CE,Combined TRACON& Tower with Radar,13,5,9,0,27,0,0,14,0,14,13,5,23,0,41,58,0,58,99
12/28/2005,HTS,WV,AEA,CE,Combined TRACON& Tower with Radar,2,21,13,0,36,0,0,11,0,11,2,21,24,0,47,4,0,4,51
12/29/2005,HTS,WV,AEA,CE,Combined TRACON& Tower with Radar,0,33,7,0,40,0,0,2,0,2,0,33,9,0,42,0,0,0,42
12/30/2005,HTS,WV,AEA,CE,Combined TRACON& Tower with Radar,2,26,19,0,47,0,0,2,0,2,2,26,21,0,49,0,0,0,49
12/31/2005,HTS,WV,AEA,CE,Combined TRACON& Tower with Radar,4,13,4,0,21,0,6,2,0,8,4,19,6,0,29,0,0,0,29
01/01/2006,HTS,WV,AEA,CE,Combined TRACON& Tower with Radar,12,0,10,0,22,0,5,20,0,25,12,5,30,0,47,18,0,18,65
01/02/2006,HTS,WV,AEA,CE,Combined TRACON& Tower with Radar,0,14,10,0,24,0,0,4,0,4,0,14,14,0,28,6,0,6,34
01/03/2006,HTS,WV,AEA,CE,Combined TRACON& Tower with Radar,0,21,31,1,53,0,0,3,0,3,0,21,34,1,56,0,0,0,56
01/04/2006,HTS,WV,AEA,CE,Combined TRACON& Tower with Radar,7,28,40,0,75,0,2,13,0,15,7,30,53,0,90,24,0,24,114
01/05/2006,HTS,WV,AEA,CE,Combined TRACON& Tower with Radar,2,18,23,0,43,0,0,5,0,5,2,18,28,0,48,0,0,0,48
01/06/2006,HTS,WV,AEA,CE,Combined TRACON& Tower with Radar,7,26,24,0,57,0,0,5,0,5,7,26,29,0,62,16,0,16,78
01/07/2006,HTS,WV,AEA,CE,Combined TRACON& Tower with Radar,6,23,16,0,45,0,1,21,0,22,6,24,37,0,67,6,0,6,73
01/08/2006,HTS,WV,AEA,CE,Combined TRACON& Tower with Radar,0,13,22,1,36,0,0,7,3,10,0,13,29,4,46,0,0,0,46
01/09/2006,HTS,WV,AEA,CE,Combined TRACON& Tower with Radar,14,4,17,0,35,26,15,75,1,117,40,19,92,1,152,20,0,20,172
01/10/2006,HTS,WV,AEA,CE,Combined TRACON& Tower with Radar,12,11,12,10,45,0,3,14,0,17,12,14,26,10,62,6,0,6,68
01/11/2006,HTS,WV,AEA,CE,Combined TRACON& Tower with Radar,13,11,16,0,40,0,4,8,0,12,13,15,24,0,52,0,0,0,52
01/12/2006,HTS,WV,AEA,CE,Combined TRACON& Tower with Radar,2,19,13,0,34,0,1,25,0,26,2,20,38,0,60,64,0,64,124
01/13/2006,HTS,WV,AEA,CE,Combined TRACON& Tower with Radar,2,16,21,0,39,0,0,8,0,8,2,16,29,0,47,20,0,20,67
01/14/2006,HTS,WV,AEA,CE,Combined TRACON& Tower with Radar,1,22,5,0,28,0,2,6,0,8,1,24,11,0,36,0,0,0,36
01/15/2006,HTS,WV,AEA,CE,Combined TRACON& Tower with Radar,0,6,18,0,24,0,0,44,0,44,0,6,62,0,68,18,0,18,86
01/16/2006,HTS,WV,AEA,CE,Combined TRACON& Tower with Radar,0,15,26,0,41,0,0,27,0,27,0,15,53,0,68,22,0,22,90
01/17/2006,HTS,WV,AEA,CE,Combined TRACON& Tower with Radar,4,24,18,0,46,0,0,1,0,1,4,24,19,0,47,0,0,0,47
01/18/2006,HTS,WV,AEA,CE,Combined TRACON& Tower with Radar,6,26,8,0,40,0,0,5,0,5,6,26,13,0,45,8,0,8,53
01/19/2006,HTS,WV,AEA,CE,Combined TRACON& Tower with Radar,10,20,23,0,53,0,0,33,0,33,10,20,56,0,86,72,0,72,158
01/20/2006,HTS,WV,AEA,CE,Combined TRACON& Tower with Radar,2,19,10,0,31,0,0,24,0,24,2,19,34,0,55,12,0,12,67
01/21/2006,HTS,WV,AEA,CE,Combined TRACON& Tower with Radar,5,17,4,0,26,0,0,5,0,5,5,17,9,0,31,40,0,40,71
01/22/2006,HTS,WV,AEA,CE,Combined TRACON& Tower with Radar,0,5,11,0,16,0,0,9,0,9,0,5,20,0,25,0,0,0,25
01/23/2006,HTS,WV,AEA,CE,Combined TRACON& Tower with Radar,10,4,10,4,28,0,0,1,0,1,10,4,11,4,29,20,0,20,49
01/24/2006,HTS,WV,AEA,CE,Combined TRACON& Tower with Radar,14,8,18,0,40,0,0,17,0,17,14,8,35,0,57,0,0,0,57
01/25/2006,HTS,WV,AEA,CE,Combined TRACON& Tower with Radar,7,41,1,0,49,0,0,7,0,7,7,41,8,0,56,0,0,0,56
01/26/2006,HTS,WV,AEA,CE,Combined TRACON& Tower with Radar,2,19,22,0,43,0,0,17,0,17,2,19,39,0,60,86,0,86,146
01/27/2006,HTS,WV,AEA,CE,Combined TRACON& Tower with Radar,0,5,26,1,32,3,28,7,9,47,3,33,33,10,79,118,0,118,197
01/28/2006,HTS,WV,AEA,CE,Combined TRACON& Tower with Radar,5,17,13,0,35,0,0,53,0,53,5,17,66,0,88,32,0,32,120
01/29/2006,HTS,WV,AEA,CE,Combined TRACON& Tower with Radar,0,8,4,0,12,0,2,0,0,2,0,10,4,0,14,8,0,8,22
01/30/2006,HTS,WV,AEA,CE,Combined TRACON& Tower with Radar,0,16,9,0,25,0,8,13,0,21,0,24,22,0,46,14,0,14,60
01/31/2006,HTS,WV,AEA,CE,Combined TRACON& Tower with Radar,2,25,28,0,55,0,0,4,0,4,2,25,32,0,59,0,0,0,59
02/01/2006,HTS,WV,AEA,CE,Combined TRACON& Tower with Radar,6,18,36,3,63,0,2,17,0,19,6,20,53,3,82,52,0,52,134
02/02/2006,HTS,WV,AEA,CE,Combined TRACON& Tower with Radar,2,34,28,0,64,0,0,27,0,27,2,34,55,0,91,64,0,64,155
02/03/2006,HTS,WV,AEA,CE,Combined TRACON& Tower with Radar,2,23,17,3,45,0,0,0,2,2,2,23,17,5,47,18,0,18,65
02/04/2006,HTS,WV,AEA,CE,Combined TRACON& Tower with Radar,4,17,0,0,21,0,0,4,0,4,4,17,4,0,25,0,0,0,25
02/05/2006,HTS,WV,AEA,CE,Combined TRACON& Tower with Radar,0,7,3,0,10,0,0,0,0,0,0,7,3,0,10,0,0,0,10
02/06/2006,HTS,WV,AEA,CE,Combined TRACON& Tower with Radar,0,16,10,0,26,0,1,7,0,8,0,17,17,0,34,70,0,70,104
02/07/2006,HTS,WV,AEA,CE,Combined TRACON& Tower with Radar,6,16,26,0,48,0,1,24,0,25,6,17,50,0,73,48,0,48,121
02/08/2006,HTS,WV,AEA,CE,Combined TRACON& Tower with Radar,2,23,16,2,43,0,0,10,2,12,2,23,26,4,55,30,0,30,85
02/09/2006,HTS,WV,AEA,CE,Combined TRACON& Tower with Radar,2,21,14,0,37,0,0,18,0,18,2,21,32,0,55,26,0,26,81
02/10/2006,HTS,WV,AEA,CE,Combined TRACON& Tower with Radar,2,21,19,0,42,0,0,26,2,28,2,21,45,2,70,56,0,56,126
02/11/2006,HTS,WV,AEA,CE,Combined TRACON& Tower with Radar,14,14,0,0,28,0,0,0,0,0,14,14,0,0,28,0,0,0,28
02/12/2006,HTS,WV,AEA,CE,Combined TRACON& Tower with Radar,0,5,6,0,11,0,0,3,0,3,0,5,9,0,14,0,0,0,14
02/13/2006,HTS,WV,AEA,CE,Combined TRACON& Tower with Radar,0,18,19,0,37,0,2,2,0,4,0,20,21,0,41,0,0,0,41
02/14/2006,HTS,WV,AEA,CE,Combined TRACON& Tower with Radar,4,18,11,0,33,0,0,18,0,18,4,18,29,0,51,0,0,0,51
02/15/2006,HTS,WV,AEA,CE,Combined TRACON& Tower with Radar,2,28,17,0,47,0,1,15,3,19,2,29,32,3,66,62,0,62,128
02/16/2006,HTS,WV,AEA,CE,Combined TRACON& Tower with Radar,5,34,2,0,41,0,0,9,0,9,5,34,11,0,50,30,0,30,80
02/17/2006,HTS,WV,AEA,CE,Combined TRACON& Tower with Radar,2,23,18,0,43,0,0,0,0,0,2,23,18,0,43,10,0,10,53
02/18/2006,HTS,WV,AEA,CE,Combined TRACON& Tower with Radar,8,18,6,0,32,0,0,2,0,2,8,18,8,0,34,0,0,0,34
02/19/2006,HTS,WV,AEA,CE,Combined TRACON& Tower with Radar,6,0,6,0,12,0,0,31,0,31,6,0,37,0,43,92,0,92,135
02/20/2006,HTS,WV,AEA,CE,Combined TRACON& Tower with Radar,0,18,15,0,33,0,0,16,0,16,0,18,31,0,49,64,0,64,113
02/21/2006,HTS,WV,AEA,CE,Combined TRACON& Tower with Radar,2,21,24,0,47,0,1,32,0,33,2,22,56,0,80,66,0,66,146
02/22/2006,HTS,WV,AEA,CE,Combined TRACON& Tower with Radar,2,21,13,0,36,0,0,1,0,1,2,21,14,0,37,6,0,6,43
02/23/2006,HTS,WV,AEA,CE,Combined TRACON& Tower with Radar,2,26,22,0,50,0,0,18,0,18,2,26,40,0,68,36,0,36,104
02/24/2006,HTS,WV,AEA,CE,Combined TRACON& Tower with Radar,2,22,32,2,58,0,32,1,1,34,2,54,33,3,92,40,0,40,132
02/25/2006,HTS,WV,AEA,CE,Combined TRACON& Tower with Radar,4,15,7,0,26,0,3,9,0,12,4,18,16,0,38,0,0,0,38
02/26/2006,HTS,WV,AEA,CE,Combined TRACON& Tower with Radar,2,8,26,1,37,0,0,15,0,15,2,8,41,1,52,42,0,42,94
02/27/2006,HTS,WV,AEA,CE,Combined TRACON& Tower with Radar,0,19,12,0,31,0,0,9,0,9,0,19,21,0,40,25,0,25,65
02/28/2006,HTS,WV,AEA,CE,Combined TRACON& Tower with Radar,6,31,63,0,100,0,0,49,0,49,6,31,112,0,149,142,0,142,291
03/01/2006,HTS,WV,AEA,CE,Combined TRACON& Tower with Radar,6,20,22,0,48,0,0,41,0,41,6,20,63,0,89,48,0,48,137
03/02/2006,HTS,WV,AEA,CE,Combined TRACON& Tower with Radar,2,31,14,0,47,0,0,5,1,6,2,31,19,1,53,0,0,0,53
03/03/2006,HTS,WV,AEA,CE,Combined TRACON& Tower with Radar,2,25,23,0,50,0,0,10,0,10,2,25,33,0,60,52,0,52,112
03/04/2006,HTS,WV,AEA,CE,Combined TRACON& Tower with Radar,2,19,13,0,34,0,3,26,0,29,2,22,39,0,63,110,0,110,173
03/05/2006,HTS,WV,AEA,CE,Combined TRACON& Tower with Radar,0,7,22,0,29,0,0,27,2,29,0,7,49,2,58,46,0,46,104
03/06/2006,HTS,WV,AEA,CE,Combined TRACON& Tower with Radar,4,16,6,0,26,0,0,0,0,0,4,16,6,0,26,0,0,0,26
03/07/2006,HTS,WV,AEA,CE,Combined TRACON& Tower with Radar,6,18,15,3,42,0,0,32,0,32,6,18,47,3,74,44,0,44,118
03/08/2006,HTS,WV,AEA,CE,Combined TRACON& Tower with Radar,2,21,23,0,46,0,3,9,0,12,2,24,32,0,58,58,0,58,116
03/09/2006,HTS,WV,AEA,CE,Combined TRACON& Tower with Radar,2,22,19,0,43,0,1,2,0,3,2,23,21,0,46,0,0,0,46
03/10/2006,HTS,WV,AEA,CE,Combined TRACON& Tower with Radar,2,20,18,0,40,0,1,1,0,2,2,21,19,0,42,38,0,38,80
03/11/2006,HTS,WV,AEA,CE,Combined TRACON& Tower with Radar,13,5,11,0,29,0,0,8,0,8,13,5,19,0,37,40,0,40,77
03/12/2006,HTS,WV,AEA,CE,Combined TRACON& Tower with Radar,0,7,4,0,11,0,0,0,0,0,0,7,4,0,11,0,0,0,11
03/13/2006,HTS,WV,AEA,CE,Combined TRACON& Tower with Radar,4,17,0,0,21,0,0,3,0,3,4,17,3,0,24,0,0,0,24
03/14/2006,HTS,WV,AEA,CE,Combined TRACON& Tower with Radar,6,31,1,0,38,0,0,6,0,6,6,31,7,0,44,46,0,46,90
03/15/2006,HTS,WV,AEA,CE,Combined TRACON& Tower with Radar,2,28,18,0,48,0,1,29,0,30,2,29,47,0,78,96,0,96,174
03/16/2006,HTS,WV,AEA,CE,Combined TRACON& Tower with Radar,2,23,32,0,57,0,0,24,0,24,2,23,56,0,81,72,0,72,153
03/17/2006,HTS,WV,AEA,CE,Combined TRACON& Tower with Radar,13,9,16,0,38,0,0,6,6,12,13,9,22,6,50,50,0,50,100
03/18/2006,HTS,WV,AEA,CE,Combined TRACON& Tower with Radar,4,15,13,0,32,0,0,43,3,46,4,15,56,3,78,64,0,64,142
03/19/2006,HTS,WV,AEA,CE,Combined TRACON& Tower with Radar,0,7,13,0,20,0,0,45,0,45,0,7,58,0,65,88,0,88,153
03/20/2006,HTS,WV,AEA,CE,Combined TRACON& Tower with Radar,0,25,12,0,37,0,0,0,0,0,0,25,12,0,37,30,0,30,67
03/21/2006,HTS,WV,AEA,CE,Combined TRACON& Tower with Radar,4,7,7,0,18,0,0,0,0,0,4,7,7,0,18,0,0,0,18
03/22/2006,HTS,WV,AEA,CE,Combined TRACON& Tower with Radar,2,22,29,0,53,0,4,18,0,22,2,26,47,0,75,32,0,32,107
03/23/2006,HTS,WV,AEA,CE,Combined TRACON& Tower with Radar,2,45,18,2,67,0,0,12,0,12,2,45,30,2,79,14,0,14,93
03/24/2006,HTS,WV,AEA,CE,Combined TRACON& Tower with Radar,5,20,20,11,56,0,0,5,0,5,5,20,25,11,61,40,28,68,129
03/25/2006,HTS,WV,AEA,CE,Combined TRACON& Tower with Radar,4,19,12,0,35,0,0,6,0,6,4,19,18,0,41,0,0,0,41
03/26/2006,HTS,WV,AEA,CE,Combined TRACON& Tower with Radar,0,9,4,0,13,0,3,6,0,9,0,12,10,0,22,12,0,12,34
03/27/2006,HTS,WV,AEA,CE,Combined TRACON& Tower with Radar,4,16,20,8,48,0,0,30,0,30,4,16,50,8,78,46,4,50,128
03/28/2006,HTS,WV,AEA,CE,Combined TRACON& Tower with Radar,6,16,21,0,43,0,0,7,0,7,6,16,28,0,50,14,0,14,64
03/29/2006,HTS,WV,AEA,CE,Combined TRACON& Tower with Radar,2,25,38,0,65,0,12,0,0,12,2,37,38,0,77,52,0,52,129
03/30/2006,HTS,WV,AEA,CE,Combined TRACON& Tower with Radar,2,24,22,0,48,0,2,14,0,16,2,26,36,0,64,136,0,136,200
03/31/2006,HTS,WV,AEA,CE,Combined TRACON& Tower with Radar,13,9,25,0,47,0,6,8,0,14,13,15,33,0,61,18,0,18,79
04/01/2006,HTS,WV,AEA,CE,Combined TRACON& Tower with Radar,4,22,14,0,40,0,0,7,52,59,4,22,21,52,99,76,0,76,175
04/02/2006,HTS,WV,AEA,CE,Combined TRACON& Tower with Radar,2,5,21,0,28,0,2,16,0,18,2,7,37,0,46,60,0,60,106
04/03/2006,HTS,WV,AEA,CE,Combined TRACON& Tower with Radar,0,16,15,0,31,0,0,0,0,0,0,16,15,0,31,0,0,0,31
04/04/2006,HTS,WV,AEA,CE,Combined TRACON& Tower with Radar,6,19,11,0,36,0,1,5,0,6,6,20,16,0,42,14,0,14,56
04/05/2006,HTS,WV,AEA,CE,Combined TRACON& Tower with Radar,2,24,17,2,45,0,0,16,0,16,2,24,33,2,61,24,0,24,85
04/06/2006,HTS,WV,AEA,CE,Combined TRACON& Tower with Radar,2,26,14,0,42,0,2,8,0,10,2,28,22,0,52,54,0,54,106
04/07/2006,HTS,WV,AEA,CE,Combined TRACON& Tower with Radar,6,21,8,0,35,0,0,1,0,1,6,21,9,0,36,0,10,10,46
04/08/2006,HTS,WV,AEA,CE,Combined TRACON& Tower with Radar,4,13,7,2,26,0,0,1,0,1,4,13,8,2,27,0,0,0,27
04/09/2006,HTS,WV,AEA,CE,Combined TRACON& Tower with Radar,3,10,12,0,25,0,0,23,0,23,3,10,35,0,48,48,0,48,96
04/10/2006,HTS,WV,AEA,CE,Combined TRACON& Tower with Radar,4,15,10,4,33,0,0,8,0,8,4,15,18,4,41,0,0,0,41
04/11/2006,HTS,WV,AEA,CE,Combined TRACON& Tower with Radar,2,24,19,0,45,0,3,25,1,29,2,27,44,1,74,70,0,70,144
04/12/2006,HTS,WV,AEA,CE,Combined TRACON& Tower with Radar,2,22,11,0,35,0,0,3,0,3,2,22,14,0,38,10,0,10,48
04/13/2006,HTS,WV,AEA,CE,Combined TRACON& Tower with Radar,2,27,17,4,50,0,2,17,0,19,2,29,34,4,69,76,0,76,145
04/14/2006,HTS,WV,AEA,CE,Combined TRACON& Tower with Radar,2,24,16,0,42,0,0,5,0,5,2,24,21,0,47,52,0,52,99
04/15/2006,HTS,WV,AEA,CE,Combined TRACON& Tower with Radar,4,16,12,0,32,0,0,6,0,6,4,16,18,0,38,94,0,94,132
04/16/2006,HTS,WV,AEA,CE,Combined TRACON& Tower with Radar,0,8,12,0,20,0,0,10,0,10,0,8,22,0,30,54,0,54,84
04/17/2006,HTS,WV,AEA,CE,Combined TRACON& Tower with Radar,0,17,6,0,23,0,4,14,0,18,0,21,20,0,41,14,0,14,55
04/18/2006,HTS,WV,AEA,CE,Combined TRACON& Tower with Radar,2,33,17,0,52,0,0,36,0,36,2,33,53,0,88,34,0,34,122
04/19/2006,HTS,WV,AEA,CE,Combined TRACON& Tower with Radar,2,22,17,0,41,0,0,24,0,24,2,22,41,0,65,63,0,63,128
04/20/2006,HTS,WV,AEA,CE,Combined TRACON& Tower with Radar,2,23,21,0,46,0,0,21,0,21,2,23,42,0,67,36,0,36,103
04/21/2006,HTS,WV,AEA,CE,Combined TRACON& Tower with Radar,2,23,18,2,45,0,5,2,0,7,2,28,20,2,52,14,0,14,66
04/22/2006,HTS,WV,AEA,CE,Combined TRACON& Tower with Radar,4,23,11,0,38,0,0,41,0,41,4,23,52,0,79,16,0,16,95
04/23/2006,HTS,WV,AEA,CE,Combined TRACON& Tower with Radar,9,3,31,0,43,0,0,14,0,14,9,3,45,0,57,84,0,84,141
04/24/2006,HTS,WV,AEA,CE,Combined TRACON& Tower with Radar,0,18,30,0,48,0,0,41,0,41,0,18,71,0,89,60,0,60,149
04/25/2006,HTS,WV,AEA,CE,Combined TRACON& Tower with Radar,2,26,23,0,51,0,0,19,0,19,2,26,42,0,70,40,0,40,110
04/26/2006,HTS,WV,AEA,CE,Combined TRACON& Tower with Radar,14,12,40,0,66,0,0,15,0,15,14,12,55,0,81,0,0,0,81
04/27/2006,HTS,WV,AEA,CE,Combined TRACON& Tower with Radar,2,26,31,0,59,0,3,32,3,38,2,29,63,3,97,50,0,50,147
04/28/2006,HTS,WV,AEA,CE,Combined TRACON& Tower with Radar,14,16,26,0,56,0,5,19,0,24,14,21,45,0,80,48,18,66,146
04/29/2006,HTS,WV,AEA,CE,Combined TRACON& Tower with Radar,4,19,23,0,46,0,2,32,0,34,4,21,55,0,80,72,0,72,152
04/30/2006,HTS,WV,AEA,CE,Combined TRACON& Tower with Radar,0,7,10,0,17,0,0,22,0,22,0,7,32,0,39,34,0,34,73
05/01/2006,HTS,WV,AEA,CE,Combined TRACON& Tower with Radar,0,18,6,0,24,0,0,12,0,12,0,18,18,0,36,0,0,0,36
05/02/2006,HTS,WV,AEA,CE,Combined TRACON& Tower with Radar,2,19,16,4,41,0,1,25,0,26,2,20,41,4,67,40,12,52,119
05/03/2006,HTS,WV,AEA,CE,Combined TRACON& Tower with Radar,2,23,16,1,42,0,0,16,2,18,2,23,32,3,60,80,0,80,140
05/04/2006,HTS,WV,AEA,CE,Combined TRACON& Tower with Radar,2,28,30,0,60,0,0,21,3,24,2,28,51,3,84,28,0,28,112
05/05/2006,HTS,WV,AEA,CE,Combined TRACON& Tower with Radar,7,40,6,3,56,0,0,62,0,62,7,40,68,3,118,52,0,52,170
05/06/2006,HTS,WV,AEA,CE,Combined TRACON& Tower with Radar,5,18,7,0,30,0,0,29,0,29,5,18,36,0,59,38,0,38,97
05/07/2006,HTS,WV,AEA,CE,Combined TRACON& Tower with Radar,7,0,18,0,25,0,0,64,0,64,7,0,82,0,89,36,0,36,125
05/08/2006,HTS,WV,AEA,CE,Combined TRACON& Tower with Radar,0,15,13,0,28,0,0,19,0,19,0,15,32,0,47,66,0,66,113
05/09/2006,HTS,WV,AEA,CE,Combined TRACON& Tower with Radar,2,26,26,3,57,0,5,16,0,21,2,31,42,3,78,24,0,24,102
05/10/2006,HTS,WV,AEA,CE,Combined TRACON& Tower with Radar,7,33,5,0,45,0,0,4,0,4,7,33,9,0,49,0,0,0,49
05/11/2006,HTS,WV,AEA,CE,Combined TRACON& Tower with Radar,4,24,29,0,57,0,3,4,0,7,4,27,33,0,64,0,0,0,64
05/12/2006,HTS,WV,AEA,CE,Combined TRACON& Tower with Radar,8,20,11,7,46,0,2,4,0,6,8,22,15,7,52,22,0,22,74
05/13/2006,HTS,WV,AEA,CE,Combined TRACON& Tower with Radar,4,14,2,0,20,0,2,5,0,7,4,16,7,0,27,0,0,0,27
05/14/2006,HTS,WV,AEA,CE,Combined TRACON& Tower with Radar,2,5,25,0,32,0,0,12,0,12,2,5,37,0,44,0,0,0,44
05/15/2006,HTS,WV,AEA,CE,Combined TRACON& Tower with Radar,0,16,13,0,29,0,1,6,0,7,0,17,19,0,36,0,0,0,36
05/16/2006,HTS,WV,AEA,CE,Combined TRACON& Tower with Radar,2,22,9,0,33,0,0,6,0,6,2,22,15,0,39,0,0,0,39
05/17/2006,HTS,WV,AEA,CE,Combined TRACON& Tower with Radar,6,17,16,0,39,0,0,4,0,4,6,17,20,0,43,36,0,36,79
05/18/2006,HTS,WV,AEA,CE,Combined TRACON& Tower with Radar,6,23,6,0,35,0,1,1,0,2,6,24,7,0,37,0,0,0,37
05/19/2006,HTS,WV,AEA,CE,Combined TRACON& Tower with Radar,14,9,23,0,46,0,10,6,0,16,14,19,29,0,62,0,0,0,62
05/20/2006,HTS,WV,AEA,CE,Combined TRACON& Tower with Radar,15,6,19,0,40,0,3,34,0,37,15,9,53,0,77,104,0,104,181
05/21/2006,HTS,WV,AEA,CE,Combined TRACON& Tower with Radar,2,7,21,1,31,0,0,6,0,6,2,7,27,1,37,68,0,68,105
05/22/2006,HTS,WV,AEA,CE,Combined TRACON& Tower with Radar,0,16,19,0,35,0,0,15,2,17,0,16,34,2,52,18,0,18,70
05/23/2006,HTS,WV,AEA,CE,Combined TRACON& Tower with Radar,2,22,15,0,39,0,0,13,0,13,2,22,28,0,52,14,0,14,66
05/24/2006,HTS,WV,AEA,CE,Combined TRACON& Tower with Radar,2,21,20,1,44,0,0,14,0,14,2,21,34,1,58,44,0,44,102
05/25/2006,HTS,WV,AEA,CE,Combined TRACON& Tower with Radar,2,28,16,0,46,0,4,9,0,13,2,32,25,0,59,24,0,24,83
05/26/2006,HTS,WV,AEA,CE,Combined TRACON& Tower with Radar,4,19,15,0,38,0,4,3,0,7,4,23,18,0,45,0,0,0,45
05/27/2006,HTS,WV,AEA,CE,Combined TRACON& Tower with Radar,6,14,13,0,33,0,0,27,1,28,6,14,40,1,61,48,0,48,109
05/28/2006,HTS,WV,AEA,CE,Combined TRACON& Tower with Radar,0,7,8,0,15,0,8,17,0,25,0,15,25,0,40,32,0,32,72
05/29/2006,HTS,WV,AEA,CE,Combined TRACON& Tower with Radar,0,8,14,1,23,0,0,16,0,16,0,8,30,1,39,0,0,0,39
05/30/2006,HTS,WV,AEA,CE,Combined TRACON& Tower with Radar,4,13,10,0,27,0,2,11,0,13,4,15,21,0,40,0,0,0,40
05/31/2006,HTS,WV,AEA,CE,Combined TRACON& Tower with Radar,6,20,19,2,47,0,1,6,0,7,6,21,25,2,54,62,6,68,122
06/01/2006,HTS,WV,AEA,CE,Combined TRACON& Tower with Radar,2,25,29,2,58,0,0,3,0,3,2,25,32,2,61,28,28,56,117
06/02/2006,HTS,WV,AEA,CE,Combined TRACON& Tower with Radar,2,26,28,0,56,0,2,0,0,2,2,28,28,0,58,20,0,20,78
06/03/2006,HTS,WV,AEA,CE,Combined TRACON& Tower with Radar,15,6,12,0,33,0,3,114,0,117,15,9,126,0,150,0,0,0,150
06/04/2006,HTS,WV,AEA,CE,Combined TRACON& Tower with Radar,0,9,20,0,29,0,0,0,0,0,0,9,20,0,29,0,0,0,29
06/05/2006,HTS,WV,AEA,CE,Combined TRACON& Tower with Radar,0,22,22,0,44,0,0,17,0,17,0,22,39,0,61,8,0,8,69
06/06/2006,HTS,WV,AEA,CE,Combined TRACON& Tower with Radar,4,27,16,0,47,0,0,19,0,19,4,27,35,0,66,92,0,92,158
06/07/2006,HTS,WV,AEA,CE,Combined TRACON& Tower with Radar,2,25,12,0,39,0,0,6,2,8,2,25,18,2,47,12,0,12,59
06/08/2006,HTS,WV,AEA,CE,Combined TRACON& Tower with Radar,6,32,18,0,56,0,0,5,0,5,6,32,23,0,61,28,0,28,89
06/09/2006,HTS,WV,AEA,CE,Combined TRACON& Tower with Radar,2,22,16,6,46,0,2,8,0,10,2,24,24,6,56,0,0,0,56
06/10/2006,HTS,WV,AEA,CE,Combined TRACON& Tower with Radar,4,22,8,0,34,0,5,5,0,10,4,27,13,0,44,2,0,2,46
06/11/2006,HTS,WV,AEA,CE,Combined TRACON& Tower with Radar,0,8,12,0,20,0,2,13,0,15,0,10,25,0,35,22,0,22,57
06/12/2006,HTS,WV,AEA,CE,Combined TRACON& Tower with Radar,0,20,15,2,37,0,0,20,2,22,0,20,35,4,59,10,0,10,69
06/13/2006,HTS,WV,AEA,CE,Combined TRACON& Tower with Radar,15,18,28,0,61,0,0,41,0,41,15,18,69,0,102,16,0,16,118
06/14/2006,HTS,WV,AEA,CE,Combined TRACON& Tower with Radar,2,24,18,0,44,0,3,17,0,20,2,27,35,0,64,14,0,14,78
06/15/2006,HTS,WV,AEA,CE,Combined TRACON& Tower with Radar,6,48,8,2,64,0,0,26,2,28,6,48,34,4,92,32,0,32,124
06/16/2006,HTS,WV,AEA,CE,Combined TRACON& Tower with Radar,6,28,3,6,43,0,0,22,0,22,6,28,25,6,65,18,0,18,83
06/17/2006,HTS,WV,AEA,CE,Combined TRACON& Tower with Radar,7,33,2,0,42,0,0,26,0,26,7,33,28,0,68,24,0,24,92
06/18/2006,HTS,WV,AEA,CE,Combined TRACON& Tower with Radar,8,0,13,0,21,0,0,61,0,61,8,0,74,0,82,48,0,48,130
06/19/2006,HTS,WV,AEA,CE,Combined TRACON& Tower with Radar,4,30,0,0,34,0,0,2,0,2,4,30,2,0,36,0,0,0,36
06/20/2006,HTS,WV,AEA,CE,Combined TRACON& Tower with Radar,2,25,22,0,49,0,1,20,0,21,2,26,42,0,70,12,0,12,82
06/21/2006,HTS,WV,AEA,CE,Combined TRACON& Tower with Radar,2,22,18,0,42,0,0,8,0,8,2,22,26,0,50,28,0,28,78
06/22/2006,HTS,WV,AEA,CE,Combined TRACON& Tower with Radar,9,28,3,4,44,0,0,31,0,31,9,28,34,4,75,18,0,18,93
06/23/2006,HTS,WV,AEA,CE,Combined TRACON& Tower with Radar,2,28,17,0,47,0,3,9,0,12,2,31,26,0,59,6,0,6,65
06/24/2006,HTS,WV,AEA,CE,Combined TRACON& Tower with Radar,4,16,18,0,38,0,3,4,0,7,4,19,22,0,45,20,0,20,65
06/25/2006,HTS,WV,AEA,CE,Combined TRACON& Tower with Radar,0,10,12,2,24,0,2,0,0,2,0,12,12,2,26,0,0,0,26
06/26/2006,HTS,WV,AEA,CE,Combined TRACON& Tower with Radar,4,15,28,0,47,0,0,2,0,2,4,15,30,0,49,0,0,0,49
06/27/2006,HTS,WV,AEA,CE,Combined TRACON& Tower with Radar,13,6,17,1,37,0,3,4,0,7,13,9,21,1,44,24,0,24,68
06/28/2006,HTS,WV,AEA,CE,Combined TRACON& Tower with Radar,2,21,38,0,61,0,0,16,0,16,2,21,54,0,77,32,0,32,109
06/29/2006,HTS,WV,AEA,CE,Combined TRACON& Tower with Radar,6,25,9,0,40,0,0,15,0,15,6,25,24,0,55,14,0,14,69
06/30/2006,HTS,WV,AEA,CE,Combined TRACON& Tower with Radar,6,40,9,0,55,0,0,16,0,16,6,40,25,0,71,20,0,20,91
07/01/2006,HTS,WV,AEA,CE,Combined TRACON& Tower with Radar,4,15,11,0,30,0,0,20,0,20,4,15,31,0,50,44,0,44,94
07/02/2006,HTS,WV,AEA,CE,Combined TRACON& Tower with Radar,0,8,3,0,11,6,10,23,0,39,6,18,26,0,50,92,0,92,142
07/03/2006,HTS,WV,AEA,CE,Combined TRACON& Tower with Radar,3,7,8,0,18,0,0,1,8,9,3,7,9,8,27,0,0,0,27
07/04/2006,HTS,WV,AEA,CE,Combined TRACON& Tower with Radar,5,14,7,0,26,0,0,4,0,4,5,14,11,0,30,0,0,0,30
07/05/2006,HTS,WV,AEA,CE,Combined TRACON& Tower with Radar,5,19,19,0,43,0,0,2,0,2,5,19,21,0,45,0,0,0,45
07/06/2006,HTS,WV,AEA,CE,Combined TRACON& Tower with Radar,2,30,13,1,46,0,2,15,0,17,2,32,28,1,63,40,0,40,103
07/07/2006,HTS,WV,AEA,CE,Combined TRACON& Tower with Radar,6,14,19,0,39,0,0,17,0,17,6,14,36,0,56,32,0,32,88
07/08/2006,HTS,WV,AEA,CE,Combined TRACON& Tower with Radar,4,16,8,0,28,0,3,18,0,21,4,19,26,0,49,6,0,6,55
07/09/2006,HTS,WV,AEA,CE,Combined TRACON& Tower with Radar,0,8,14,0,22,0,3,11,1,15,0,11,25,1,37,0,0,0,37
07/10/2006,HTS,WV,AEA,CE,Combined TRACON& Tower with Radar,0,19,21,0,40,0,2,17,0,19,0,21,38,0,59,36,0,36,95
07/11/2006,HTS,WV,AEA,CE,Combined TRACON& Tower with Radar,13,11,13,0,37,0,3,6,0,9,13,14,19,0,46,6,0,6,52
07/12/2006,HTS,WV,AEA,CE,Combined TRACON& Tower with Radar,1,20,13,0,34,0,0,4,0,4,1,20,17,0,38,0,0,0,38
07/13/2006,HTS,WV,AEA,CE,Combined TRACON& Tower with Radar,13,11,9,0,33,0,0,7,0,7,13,11,16,0,40,0,0,0,40
07/14/2006,HTS,WV,AEA,CE,Combined TRACON& Tower with Radar,7,18,8,0,33,0,0,1,0,1,7,18,9,0,34,0,0,0,34
07/15/2006,HTS,WV,AEA,CE,Combined TRACON& Tower with Radar,7,19,8,0,34,0,0,11,0,11,7,19,19,0,45,36,0,36,81
07/16/2006,HTS,WV,AEA,CE,Combined TRACON& Tower with Radar,8,0,25,0,33,0,30,74,0,104,8,30,99,0,137,60,0,60,197
07/17/2006,HTS,WV,AEA,CE,Combined TRACON& Tower with Radar,4,20,27,0,51,0,0,12,2,14,4,20,39,2,65,0,0,0,65
07/18/2006,HTS,WV,AEA,CE,Combined TRACON& Tower with Radar,2,21,18,0,41,0,0,15,0,15,2,21,33,0,56,6,0,6,62
07/19/2006,HTS,WV,AEA,CE,Combined TRACON& Tower with Radar,2,25,22,0,49,0,0,19,2,21,2,25,41,2,70,38,0,38,108
07/20/2006,HTS,WV,AEA,CE,Combined TRACON& Tower with Radar,6,18,21,0,45,0,0,5,0,5,6,18,26,0,50,30,0,30,80
07/21/2006,HTS,WV,AEA,CE,Combined TRACON& Tower with Radar,2,32,14,0,48,0,0,27,0,27,2,32,41,0,75,48,0,48,123
07/22/2006,HTS,WV,AEA,CE,Combined TRACON& Tower with Radar,4,17,10,2,33,0,0,1,0,1,4,17,11,2,34,0,0,0,34
07/23/2006,HTS,WV,AEA,CE,Combined TRACON& Tower with Radar,0,12,21,0,33,0,0,13,0,13,0,12,34,0,46,62,0,62,108
07/24/2006,HTS,WV,AEA,CE,Combined TRACON& Tower with Radar,4,19,3,0,26,0,0,19,0,19,4,19,22,0,45,34,0,34,79
07/25/2006,HTS,WV,AEA,CE,Combined TRACON& Tower with Radar,14,8,20,0,42,0,1,17,0,18,14,9,37,0,60,0,0,0,60
07/26/2006,HTS,WV,AEA,CE,Combined TRACON& Tower with Radar,6,38,5,0,49,0,0,26,0,26,6,38,31,0,75,32,0,32,107
07/27/2006,HTS,WV,AEA,CE,Combined TRACON& Tower with Radar,6,26,14,0,46,0,0,39,0,39,6,26,53,0,85,14,0,14,99
07/28/2006,HTS,WV,AEA,CE,Combined TRACON& Tower with Radar,2,21,11,0,34,0,0,5,0,5,2,21,16,0,39,0,0,0,39
07/29/2006,HTS,WV,AEA,CE,Combined TRACON& Tower with Radar,4,19,14,0,37,0,0,10,0,10,4,19,24,0,47,22,0,22,69
07/30/2006,HTS,WV,AEA,CE,Combined TRACON& Tower with Radar,7,5,8,0,20,0,0,11,0,11,7,5,19,0,31,30,0,30,61
07/31/2006,HTS,WV,AEA,CE,Combined TRACON& Tower with Radar,4,12,15,8,39,0,0,7,0,7,4,12,22,8,46,34,0,34,80
08/01/2006,HTS,WV,AEA,CE,Combined TRACON& Tower with Radar,2,22,19,0,43,0,0,11,0,11,2,22,30,0,54,10,0,10,64
08/02/2006,HTS,WV,AEA,CE,Combined TRACON& Tower with Radar,2,28,14,3,47,0,4,22,2,28,2,32,36,5,75,22,6,28,103
08/03/2006,HTS,WV,AEA,CE,Combined TRACON& Tower with Radar,2,24,22,0,48,0,0,7,0,7,2,24,29,0,55,0,0,0,55
08/04/2006,HTS,WV,AEA,CE,Combined TRACON& Tower with Radar,2,25,4,0,31,0,2,4,0,6,2,27,8,0,37,8,0,8,45
08/05/2006,HTS,WV,AEA,CE,Combined TRACON& Tower with Radar,7,13,14,0,34,0,0,16,0,16,7,13,30,0,50,74,0,74,124
08/06/2006,HTS,WV,AEA,CE,Combined TRACON& Tower with Radar,8,0,28,0,36,0,3,28,0,31,8,3,56,0,67,104,0,104,171
08/07/2006,HTS,WV,AEA,CE,Combined TRACON& Tower with Radar,12,9,20,0,41,0,0,23,0,23,12,9,43,0,64,56,0,56,120
08/08/2006,HTS,WV,AEA,CE,Combined TRACON& Tower with Radar,15,21,17,0,53,0,5,47,0,52,15,26,64,0,105,86,0,86,191
08/09/2006,HTS,WV,AEA,CE,Combined TRACON& Tower with Radar,2,30,41,0,73,0,0,27,0,27,2,30,68,0,100,40,0,40,140
08/10/2006,HTS,WV,AEA,CE,Combined TRACON& Tower with Radar,4,19,46,7,76,0,1,4,0,5,4,20,50,7,81,24,0,24,105
08/11/2006,HTS,WV,AEA,CE,Combined TRACON& Tower with Radar,2,22,23,3,50,0,0,19,0,19,2,22,42,3,69,10,0,10,79
08/12/2006,HTS,WV,AEA,CE,Combined TRACON& Tower with Radar,4,18,15,0,37,0,0,26,0,26,4,18,41,0,63,42,0,42,105
08/13/2006,HTS,WV,AEA,CE,Combined TRACON& Tower with Radar,0,11,21,0,32,0,1,25,0,26,0,12,46,0,58,58,0,58,116
08/14/2006,HTS,WV,AEA,CE,Combined TRACON& Tower with Radar,4,10,11,2,27,0,0,14,0,14,4,10,25,2,41,8,0,8,49
08/15/2006,HTS,WV,AEA,CE,Combined TRACON& Tower with Radar,5,22,15,0,42,0,2,18,0,20,5,24,33,0,62,44,0,44,106
08/16/2006,HTS,WV,AEA,CE,Combined TRACON& Tower with Radar,2,19,18,0,39,0,3,29,0,32,2,22,47,0,71,24,0,24,95
08/17/2006,HTS,WV,AEA,CE,Combined TRACON& Tower with Radar,2,9,18,0,29,0,0,7,0,7,2,9,25,0,36,0,0,0,36
08/18/2006,HTS,WV,AEA,CE,Combined TRACON& Tower with Radar,2,28,26,2,58,0,1,14,0,15,2,29,40,2,73,0,0,0,73
08/19/2006,HTS,WV,AEA,CE,Combined TRACON& Tower with Radar,8,19,8,0,35,0,1,3,0,4,8,20,11,0,39,0,0,0,39
08/20/2006,HTS,WV,AEA,CE,Combined TRACON& Tower with Radar,1,12,6,0,19,0,2,5,0,7,1,14,11,0,26,20,0,20,46
08/21/2006,HTS,WV,AEA,CE,Combined TRACON& Tower with Radar,12,20,20,1,53,0,0,44,0,44,12,20,64,1,97,100,0,100,197
08/22/2006,HTS,WV,AEA,CE,Combined TRACON& Tower with Radar,7,46,6,0,59,0,0,37,0,37,7,46,43,0,96,50,0,50,146
08/23/2006,HTS,WV,AEA,CE,Combined TRACON& Tower with Radar,7,40,12,0,59,0,0,28,0,28,7,40,40,0,87,36,0,36,123
08/24/2006,HTS,WV,AEA,CE,Combined TRACON& Tower with Radar,2,18,31,0,51,0,0,10,0,10,2,18,41,0,61,68,0,68,129
08/25/2006,HTS,WV,AEA,CE,Combined TRACON& Tower with Radar,2,18,24,0,44,0,0,38,0,38,2,18,62,0,82,52,0,52,134
08/26/2006,HTS,WV,AEA,CE,Combined TRACON& Tower with Radar,4,16,20,0,40,0,0,20,0,20,4,16,40,0,60,32,0,32,92
08/27/2006,HTS,WV,AEA,CE,Combined TRACON& Tower with Radar,0,8,17,0,25,0,0,10,0,10,0,8,27,0,35,36,0,36,71
08/28/2006,HTS,WV,AEA,CE,Combined TRACON& Tower with Radar,0,23,9,6,38,0,0,2,0,2,0,23,11,6,40,0,16,16,56
08/29/2006,HTS,WV,AEA,CE,Combined TRACON& Tower with Radar,2,26,43,1,72,0,1,38,0,39,2,27,81,1,111,76,0,76,187
08/30/2006,HTS,WV,AEA,CE,Combined TRACON& Tower with Radar,2,19,17,0,38,0,0,3,0,3,2,19,20,0,41,0,16,16,57
08/31/2006,HTS,WV,AEA,CE,Combined TRACON& Tower with Radar,2,22,42,1,67,0,0,2,0,2,2,22,44,1,69,0,0,0,69
09/01/2006,HTS,WV,AEA,CE,Combined TRACON& Tower with Radar,2,25,25,0,52,0,0,0,0,0,2,25,25,0,52,0,0,0,52
09/02/2006,HTS,WV,AEA,CE,Combined TRACON& Tower with Radar,4,9,17,0,30,0,0,3,0,3,4,9,20,0,33,0,0,0,33
09/03/2006,HTS,WV,AEA,CE,Combined TRACON& Tower with Radar,9,0,12,0,21,0,0,9,0,9,9,0,21,0,30,18,0,18,48
09/04/2006,HTS,WV,AEA,CE,Combined TRACON& Tower with Radar,0,9,12,0,21,0,0,17,0,17,0,9,29,0,38,22,0,22,60
09/05/2006,HTS,WV,AEA,CE,Combined TRACON& Tower with Radar,6,23,1,0,30,0,0,12,0,12,6,23,13,0,42,20,0,20,62
09/06/2006,HTS,WV,AEA,CE,Combined TRACON& Tower with Radar,5,45,5,0,55,0,0,34,0,34,5,45,39,0,89,42,0,42,131
09/07/2006,HTS,WV,AEA,CE,Combined TRACON& Tower with Radar,4,32,19,2,57,0,4,69,6,79,4,36,88,8,136,88,8,96,232
09/08/2006,HTS,WV,AEA,CE,Combined TRACON& Tower with Radar,2,31,13,2,48,0,0,46,0,46,2,31,59,2,94,56,2,58,152
09/09/2006,HTS,WV,AEA,CE,Combined TRACON& Tower with Radar,9,9,11,5,34,0,0,11,0,11,9,9,22,5,45,0,0,0,45
09/10/2006,HTS,WV,AEA,CE,Combined TRACON& Tower with Radar,3,6,17,0,26,0,0,22,0,22,3,6,39,0,48,52,0,52,100
09/11/2006,HTS,WV,AEA,CE,Combined TRACON& Tower with Radar,0,20,19,0,39,0,0,14,0,14,0,20,33,0,53,40,0,40,93
09/12/2006,HTS,WV,AEA,CE,Combined TRACON& Tower with Radar,3,23,26,0,52,0,0,11,0,11,3,23,37,0,63,24,0,24,87
09/13/2006,HTS,WV,AEA,CE,Combined TRACON& Tower with Radar,2,30,30,0,62,0,0,3,0,3,2,30,33,0,65,0,0,0,65
09/14/2006,HTS,WV,AEA,CE,Combined TRACON& Tower with Radar,2,29,26,0,57,0,0,9,0,9,2,29,35,0,66,36,0,36,102
09/15/2006,HTS,WV,AEA,CE,Combined TRACON& Tower with Radar,11,21,25,1,58,0,0,8,0,8,11,21,33,1,66,20,0,20,86
09/16/2006,HTS,WV,AEA,CE,Combined TRACON& Tower with Radar,8,7,17,0,32,0,0,6,6,12,8,7,23,6,44,0,0,0,44
09/17/2006,HTS,WV,AEA,CE,Combined TRACON& Tower with Radar,5,2,22,0,29,0,0,93,0,93,5,2,115,0,122,78,0,78,200
09/18/2006,HTS,WV,AEA,CE,Combined TRACON& Tower with Radar,3,20,9,2,34,0,0,13,0,13,3,20,22,2,47,18,0,18,65
09/19/2006,HTS,WV,AEA,CE,Combined TRACON& Tower with Radar,2,32,29,0,63,0,0,4,0,4,2,32,33,0,67,52,0,52,119
09/20/2006,HTS,WV,AEA,CE,Combined TRACON& Tower with Radar,2,24,16,0,42,0,1,34,3,38,2,25,50,3,80,60,0,60,140
09/21/2006,HTS,WV,AEA,CE,Combined TRACON& Tower with Radar,6,29,21,0,56,0,0,50,2,52,6,29,71,2,108,66,0,66,174
09/22/2006,HTS,WV,AEA,CE,Combined TRACON& Tower with Radar,6,21,17,0,44,0,1,16,2,19,6,22,33,2,63,0,0,0,63
09/23/2006,HTS,WV,AEA,CE,Combined TRACON& Tower with Radar,4,21,5,0,30,0,0,2,0,2,4,21,7,0,32,0,0,0,32
09/24/2006,HTS,WV,AEA,CE,Combined TRACON& Tower with Radar,0,6,22,0,28,0,0,8,0,8,0,6,30,0,36,26,0,26,62
09/25/2006,HTS,WV,AEA,CE,Combined TRACON& Tower with Radar,0,16,13,0,29,0,1,44,1,46,0,17,57,1,75,80,0,80,155
09/26/2006,HTS,WV,AEA,CE,Combined TRACON& Tower with Radar,6,23,23,6,58,0,3,64,0,67,6,26,87,6,125,82,0,82,207
09/27/2006,HTS,WV,AEA,CE,Combined TRACON& Tower with Radar,2,22,33,34,91,0,3,40,0,43,2,25,73,34,134,96,0,96,230
09/28/2006,HTS,WV,AEA,CE,Combined TRACON& Tower with Radar,2,36,32,0,70,0,2,1,0,3,2,38,33,0,73,6,0,6,79
09/29/2006,HTS,WV,AEA,CE,Combined TRACON& Tower with Radar,12,4,26,0,42,0,0,14,0,14,12,4,40,0,56,14,0,14,70
09/30/2006,HTS,WV,AEA,CE,Combined TRACON& Tower with Radar,17,10,18,0,45,0,2,23,0,25,17,12,41,0,70,10,0,10,80
10/01/2006,HTS,WV,AEA,CE,Combined TRACON& Tower with Radar,2,9,11,0,22,0,0,61,0,61,2,9,72,0,83,58,0,58,141
10/02/2006,HTS,WV,AEA,CE,Combined TRACON& Tower with Radar,0,18,21,0,39,0,0,61,0,61,0,18,82,0,100,30,0,30,130
10/03/2006,HTS,WV,AEA,CE,Combined TRACON& Tower with Radar,3,20,22,0,45,0,0,18,0,18,3,20,40,0,63,92,0,92,155
10/04/2006,HTS,WV,AEA,CE,Combined TRACON& Tower with Radar,3,34,20,0,57,0,21,0,0,21,3,55,20,0,78,48,0,48,126
10/05/2006,HTS,WV,AEA,CE,Combined TRACON& Tower with Radar,4,30,14,0,48,0,0,1,0,1,4,30,15,0,49,0,0,0,49
10/06/2006,HTS,WV,AEA,CE,Combined TRACON& Tower with Radar,2,22,25,0,49,0,4,14,0,18,2,26,39,0,67,24,0,24,91
10/07/2006,HTS,WV,AEA,CE,Combined TRACON& Tower with Radar,4,17,16,0,37,0,0,31,1,32,4,17,47,1,69,136,0,136,205
10/08/2006,HTS,WV,AEA,CE,Combined TRACON& Tower with Radar,0,7,17,0,24,0,0,24,0,24,0,7,41,0,48,92,0,92,140
10/09/2006,HTS,WV,AEA,CE,Combined TRACON& Tower with Radar,0,17,16,0,33,0,2,17,0,19,0,19,33,0,52,10,0,10,62
10/10/2006,HTS,WV,AEA,CE,Combined TRACON& Tower with Radar,2,22,19,0,43,0,6,21,0,27,2,28,40,0,70,60,0,60,130
10/11/2006,HTS,WV,AEA,CE,Combined TRACON& Tower with Radar,2,20,16,0,38,0,7,0,0,7,2,27,16,0,45,0,0,0,45
10/12/2006,HTS,WV,AEA,CE,Combined TRACON& Tower with Radar,2,28,26,2,58,0,0,2,0,2,2,28,28,2,60,8,18,26,86
10/13/2006,HTS,WV,AEA,CE,Combined TRACON& Tower with Radar,18,12,14,0,44,0,0,21,0,21,18,12,35,0,65,20,0,20,85
10/14/2006,HTS,WV,AEA,CE,Combined TRACON& Tower with Radar,4,16,20,0,40,0,0,30,2,32,4,16,50,2,72,54,0,54,126
10/15/2006,HTS,WV,AEA,CE,Combined TRACON& Tower with Radar,2,7,19,0,28,0,0,16,0,16,2,7,35,0,44,16,0,16,60
10/16/2006,HTS,WV,AEA,CE,Combined TRACON& Tower with Radar,0,20,15,0,35,0,4,8,1,13,0,24,23,1,48,16,0,16,64
10/17/2006,HTS,WV,AEA,CE,Combined TRACON& Tower with Radar,8,19,17,0,44,0,0,0,0,0,8,19,17,0,44,0,0,0,44
10/18/2006,HTS,WV,AEA,CE,Combined TRACON& Tower with Radar,2,27,9,1,39,0,4,3,0,7,2,31,12,1,46,62,0,62,108
10/19/2006,HTS,WV,AEA,CE,Combined TRACON& Tower with Radar,5,31,15,7,58,0,0,4,2,6,5,31,19,9,64,20,0,20,84
10/20/2006,HTS,WV,AEA,CE,Combined TRACON& Tower with Radar,4,22,11,0,37,0,0,4,0,4,4,22,15,0,41,0,0,0,41
10/21/2006,HTS,WV,AEA,CE,Combined TRACON& Tower with Radar,8,14,17,0,39,0,0,25,0,25,8,14,42,0,64,80,0,80,144
10/22/2006,HTS,WV,AEA,CE,Combined TRACON& Tower with Radar,4,8,9,0,21,0,2,2,0,4,4,10,11,0,25,22,0,22,47
10/23/2006,HTS,WV,AEA,CE,Combined TRACON& Tower with Radar,0,17,11,0,28,0,0,9,0,9,0,17,20,0,37,16,0,16,53
10/24/2006,HTS,WV,AEA,CE,Combined TRACON& Tower with Radar,2,22,24,0,48,0,0,16,0,16,2,22,40,0,64,34,0,34,98
10/25/2006,HTS,WV,AEA,CE,Combined TRACON& Tower with Radar,2,42,21,0,65,0,3,16,0,19,2,45,37,0,84,46,0,46,130
10/26/2006,HTS,WV,AEA,CE,Combined TRACON& Tower with Radar,2,27,18,0,47,0,0,2,0,2,2,27,20,0,49,0,0,0,49
10/27/2006,HTS,WV,AEA,CE,Combined TRACON& Tower with Radar,18,22,21,6,67,0,0,0,0,0,18,22,21,6,67,6,0,6,73
10/28/2006,HTS,WV,AEA,CE,Combined TRACON& Tower with Radar,5,22,10,0,37,0,0,2,0,2,5,22,12,0,39,0,0,0,39
10/29/2006,HTS,WV,AEA,CE,Combined TRACON& Tower with Radar,1,8,23,0,32,0,0,18,0,18,1,8,41,0,50,0,0,0,50
10/30/2006,HTS,WV,AEA,CE,Combined TRACON& Tower with Radar,0,16,8,2,26,0,3,17,0,20,0,19,25,2,46,74,0,74,120
10/31/2006,HTS,WV,AEA,CE,Combined TRACON& Tower with Radar,2,16,25,0,43,0,0,12,0,12,2,16,37,0,55,55,0,55,110
11/01/2006,HTS,WV,AEA,CE,Combined TRACON& Tower with Radar,4,27,42,0,73,0,0,2,0,2,4,27,44,0,75,0,0,0,75
11/02/2006,HTS,WV,AEA,CE,Combined TRACON& Tower with Radar,4,25,38,2,69,0,1,17,0,18,4,26,55,2,87,58,0,58,145
11/03/2006,HTS,WV,AEA,CE,Combined TRACON& Tower with Radar,9,25,14,0,48,0,0,23,0,23,9,25,37,0,71,54,0,54,125
11/04/2006,HTS,WV,AEA,CE,Combined TRACON& Tower with Radar,4,18,23,0,45,0,0,37,0,37,4,18,60,0,82,72,0,72,154
11/05/2006,HTS,WV,AEA,CE,Combined TRACON& Tower with Radar,1,11,21,0,33,0,2,22,0,24,1,13,43,0,57,54,0,54,111
11/06/2006,HTS,WV,AEA,CE,Combined TRACON& Tower with Radar,0,16,22,2,40,0,7,8,1,16,0,23,30,3,56,64,0,64,120
11/07/2006,HTS,WV,AEA,CE,Combined TRACON& Tower with Radar,5,20,20,0,45,0,2,0,0,2,5,22,20,0,47,0,0,0,47
11/08/2006,HTS,WV,AEA,CE,Combined TRACON& Tower with Radar,14,15,32,0,61,0,4,1,0,5,14,19,33,0,66,2,0,2,68
11/09/2006,HTS,WV,AEA,CE,Combined TRACON& Tower with Radar,15,10,26,2,53,0,2,17,0,19,15,12,43,2,72,12,0,12,84
11/10/2006,HTS,WV,AEA,CE,Combined TRACON& Tower with Radar,10,29,19,0,58,0,0,62,0,62,10,29,81,0,120,32,0,32,152
11/11/2006,HTS,WV,AEA,CE,Combined TRACON& Tower with Radar,6,23,8,0,37,0,0,0,0,0,6,23,8,0,37,4,0,4,41
11/12/2006,HTS,WV,AEA,CE,Combined TRACON& Tower with Radar,0,7,10,0,17,7,3,3,0,13,7,10,13,0,30,0,0,0,30
11/13/2006,HTS,WV,AEA,CE,Combined TRACON& Tower with Radar,4,28,5,0,37,0,1,1,0,2,4,29,6,0,39,40,0,40,79
11/14/2006,HTS,WV,AEA,CE,Combined TRACON& Tower with Radar,6,19,40,9,74,0,0,8,0,8,6,19,48,9,82,22,18,40,122
11/15/2006,HTS,WV,AEA,CE,Combined TRACON& Tower with Radar,2,24,18,0,44,0,0,1,0,1,2,24,19,0,45,0,0,0,45
11/16/2006,HTS,WV,AEA,CE,Combined TRACON& Tower with Radar,2,23,14,0,39,0,0,22,0,22,2,23,36,0,61,18,0,18,79
11/17/2006,HTS,WV,AEA,CE,Combined TRACON& Tower with Radar,7,21,24,2,54,0,0,6,2,8,7,21,30,4,62,0,0,0,62
11/18/2006,HTS,WV,AEA,CE,Combined TRACON& Tower with Radar,4,17,33,6,60,0,3,45,0,48,4,20,78,6,108,66,4,70,178
11/19/2006,HTS,WV,AEA,CE,Combined TRACON& Tower with Radar,2,10,14,2,28,0,4,0,0,4,2,14,14,2,32,8,0,8,40
11/20/2006,HTS,WV,AEA,CE,Combined TRACON& Tower with Radar,0,19,13,0,32,0,1,2,0,3,0,20,15,0,35,8,0,8,43
11/21/2006,HTS,WV,AEA,CE,Combined TRACON& Tower with Radar,4,26,38,0,68,0,4,29,0,33,4,30,67,0,101,66,0,66,167
11/22/2006,HTS,WV,AEA,CE,Combined TRACON& Tower with Radar,22,5,28,0,55,0,0,29,0,29,22,5,57,0,84,86,0,86,170
11/23/2006,HTS,WV,AEA,CE,Combined TRACON& Tower with Radar,1,13,9,0,23,0,12,22,0,34,1,25,31,0,57,34,0,34,91
11/24/2006,HTS,WV,AEA,CE,Combined TRACON& Tower with Radar,4,19,12,0,35,0,5,13,0,18,4,24,25,0,53,88,0,88,141
11/25/2006,HTS,WV,AEA,CE,Combined TRACON& Tower with Radar,4,11,26,0,41,0,2,22,0,24,4,13,48,0,65,40,0,40,105
11/26/2006,HTS,WV,AEA,CE,Combined TRACON& Tower with Radar,3,11,23,0,37,0,0,20,0,20,3,11,43,0,57,26,0,26,83
11/27/2006,HTS,WV,AEA,CE,Combined TRACON& Tower with Radar,0,17,31,0,48,0,5,26,0,31,0,22,57,0,79,52,0,52,131
11/28/2006,HTS,WV,AEA,CE,Combined TRACON& Tower with Radar,8,17,30,0,55,0,3,29,0,32,8,20,59,0,87,14,0,14,101
11/29/2006,HTS,WV,AEA,CE,Combined TRACON& Tower with Radar,2,26,36,1,65,0,9,17,2,28,2,35,53,3,93,70,0,70,163
11/30/2006,HTS,WV,AEA,CE,Combined TRACON& Tower with Radar,18,13,21,0,52,0,3,0,0,3,18,16,21,0,55,36,0,36,91
12/01/2006,HTS,WV,AEA,CE,Combined TRACON& Tower with Radar,7,21,4,0,32,0,0,0,0,0,7,21,4,0,32,0,0,0,32
12/02/2006,HTS,WV,AEA,CE,Combined TRACON& Tower with Radar,4,20,16,0,40,0,0,13,0,13,4,20,29,0,53,0,0,0,53
12/03/2006,HTS,WV,AEA,CE,Combined TRACON& Tower with Radar,0,9,13,0,22,0,1,13,0,14,0,10,26,0,36,42,0,42,78
12/04/2006,HTS,WV,AEA,CE,Combined TRACON& Tower with Radar,0,24,22,2,48,0,0,12,1,13,0,24,34,3,61,110,0,110,171
12/05/2006,HTS,WV,AEA,CE,Combined TRACON& Tower with Radar,7,20,27,0,54,0,0,13,2,15,7,20,40,2,69,46,0,46,115
12/06/2006,HTS,WV,AEA,CE,Combined TRACON& Tower with Radar,3,27,22,0,52,0,2,0,0,2,3,29,22,0,54,0,0,0,54
12/07/2006,HTS,WV,AEA,CE,Combined TRACON& Tower with Radar,2,20,19,0,41,0,3,0,2,5,2,23,19,2,46,0,0,0,46
12/08/2006,HTS,WV,AEA,CE,Combined TRACON& Tower with Radar,4,26,17,0,47,0,0,4,2,6,4,26,21,2,53,36,0,36,89
12/09/2006,HTS,WV,AEA,CE,Combined TRACON& Tower with Radar,11,36,3,0,50,0,0,29,0,29,11,36,32,0,79,16,0,16,95
12/10/2006,HTS,WV,AEA,CE,Combined TRACON& Tower with Radar,3,11,16,0,30,0,0,35,0,35,3,11,51,0,65,92,0,92,157
12/11/2006,HTS,WV,AEA,CE,Combined TRACON& Tower with Radar,0,31,25,0,56,0,11,9,0,20,0,42,34,0,76,52,0,52,128
12/12/2006,HTS,WV,AEA,CE,Combined TRACON& Tower with Radar,4,21,12,0,37,0,2,9,2,13,4,23,21,2,50,0,0,0,50
12/13/2006,HTS,WV,AEA,CE,Combined TRACON& Tower with Radar,7,33,31,0,71,0,4,15,0,19,7,37,46,0,90,90,0,90,180
12/14/2006,HTS,WV,AEA,CE,Combined TRACON& Tower with Radar,2,20,25,10,57,0,12,14,6,32,2,32,39,16,89,36,40,76,165
12/15/2006,HTS,WV,AEA,CE,Combined TRACON& Tower with Radar,8,17,30,0,55,0,2,20,0,22,8,19,50,0,77,39,0,39,116
12/16/2006,HTS,WV,AEA,CE,Combined TRACON& Tower with Radar,2,15,8,4,29,0,4,9,3,16,2,19,17,7,45,36,0,36,81
12/17/2006,HTS,WV,AEA,CE,Combined TRACON& Tower with Radar,0,12,13,0,25,0,3,16,0,19,0,15,29,0,44,62,0,62,106
12/18/2006,HTS,WV,AEA,CE,Combined TRACON& Tower with Radar,0,24,23,0,47,0,12,1,0,13,0,36,24,0,60,20,12,32,92
12/19/2006,HTS,WV,AEA,CE,Combined TRACON& Tower with Radar,16,8,42,1,67,0,4,24,0,28,16,12,66,1,95,76,0,76,171
12/20/2006,HTS,WV,AEA,CE,Combined TRACON& Tower with Radar,3,25,24,0,52,0,2,26,2,30,3,27,50,2,82,28,0,28,110
12/21/2006,HTS,WV,AEA,CE,Combined TRACON& Tower with Radar,7,29,0,0,36,0,0,0,0,0,7,29,0,0,36,0,0,0,36
12/22/2006,HTS,WV,AEA,CE,Combined TRACON& Tower with Radar,7,33,1,0,41,0,0,0,0,0,7,33,1,0,41,0,0,0,41
12/23/2006,HTS,WV,AEA,CE,Combined TRACON& Tower with Radar,2,22,20,0,44,0,2,9,0,11,2,24,29,0,55,0,0,0,55
12/24/2006,HTS,WV,AEA,CE,Combined TRACON& Tower with Radar,0,6,3,0,9,0,0,2,0,2,0,6,5,0,11,0,0,0,11
12/25/2006,HTS,WV,AEA,CE,Combined TRACON& Tower with Radar,0,14,0,0,14,0,0,0,0,0,0,14,0,0,14,0,0,0,14
12/26/2006,HTS,WV,AEA,CE,Combined TRACON& Tower with Radar,0,19,13,0,32,0,0,0,0,0,0,19,13,0,32,0,0,0,32
12/27/2006,HTS,WV,AEA,CE,Combined TRACON& Tower with Radar,2,22,21,0,45,0,0,30,0,30,2,22,51,0,75,44,0,44,119
12/28/2006,HTS,WV,AEA,CE,Combined TRACON& Tower with Radar,2,30,20,0,52,0,4,16,0,20,2,34,36,0,72,16,0,16,88
12/29/2006,HTS,WV,AEA,CE,Combined TRACON& Tower with Radar,5,19,11,0,35,0,1,15,2,18,5,20,26,2,53,48,0,48,101
12/30/2006,HTS,WV,AEA,CE,Combined TRACON& Tower with Radar,4,14,25,0,43,0,4,21,0,25,4,18,46,0,68,58,0,58,126
12/31/2006,HTS,WV,AEA,CE,Combined TRACON& Tower with Radar,0,5,5,0,10,0,4,2,0,6,0,9,7,0,16,0,0,0,16
01/01/2007,HTS,WV,AEA,CE,Combined TRACON& Tower with Radar,7,0,16,0,23,0,8,5,0,13,7,8,21,0,36,14,0,14,50
01/02/2007,HTS,WV,AEA,CE,Combined TRACON& Tower with Radar,2,12,18,0,32,0,0,16,0,16,2,12,34,0,48,8,0,8,56
01/03/2007,HTS,WV,AEA,CE,Combined TRACON& Tower with Radar,6,30,10,0,46,0,0,26,0,26,6,30,36,0,72,30,0,30,102
01/04/2007,HTS,WV,AEA,CE,Combined TRACON& Tower with Radar,2,29,19,0,50,0,0,22,0,22,2,29,41,0,72,18,0,18,90
01/05/2007,HTS,WV,AEA,CE,Combined TRACON& Tower with Radar,4,19,12,0,35,0,10,7,0,17,4,29,19,0,52,0,0,0,52
01/06/2007,HTS,WV,AEA,CE,Combined TRACON& Tower with Radar,4,23,7,0,34,0,4,6,0,10,4,27,13,0,44,0,0,0,44
01/07/2007,HTS,WV,AEA,CE,Combined TRACON& Tower with Radar,7,5,12,0,24,0,0,18,0,18,7,5,30,0,42,0,0,0,42
01/08/2007,HTS,WV,AEA,CE,Combined TRACON& Tower with Radar,0,19,6,0,25,0,0,3,0,3,0,19,9,0,28,30,0,30,58
01/09/2007,HTS,WV,AEA,CE,Combined TRACON& Tower with Radar,2,25,18,0,45,0,0,0,0,0,2,25,18,0,45,0,0,0,45
01/10/2007,HTS,WV,AEA,CE,Combined TRACON& Tower with Radar,2,28,20,8,58,0,1,15,0,16,2,29,35,8,74,48,12,60,134
01/11/2007,HTS,WV,AEA,CE,Combined TRACON& Tower with Radar,16,16,24,0,56,0,6,22,1,29,16,22,46,1,85,80,0,80,165
01/12/2007,HTS,WV,AEA,CE,Combined TRACON& Tower with Radar,4,21,20,0,45,0,4,0,0,4,4,25,20,0,49,0,0,0,49
01/13/2007,HTS,WV,AEA,CE,Combined TRACON& Tower with Radar,4,27,11,0,42,0,2,0,0,2,4,29,11,0,44,20,0,20,64
01/14/2007,HTS,WV,AEA,CE,Combined TRACON& Tower with Radar,0,14,4,0,18,0,2,3,0,5,0,16,7,0,23,12,0,12,35
01/15/2007,HTS,WV,AEA,CE,Combined TRACON& Tower with Radar,12,5,7,0,24,0,0,0,0,0,12,5,7,0,24,0,0,0,24
01/16/2007,HTS,WV,AEA,CE,Combined TRACON& Tower with Radar,8,19,19,0,46,0,3,0,0,3,8,22,19,0,49,12,0,12,61
01/17/2007,HTS,WV,AEA,CE,Combined TRACON& Tower with Radar,16,12,26,0,54,0,3,40,0,43,16,15,66,0,97,42,0,42,139
01/18/2007,HTS,WV,AEA,CE,Combined TRACON& Tower with Radar,4,24,25,0,53,0,4,19,1,24,4,28,44,1,77,12,0,12,89
01/19/2007,HTS,WV,AEA,CE,Combined TRACON& Tower with Radar,4,22,13,0,39,0,6,2,0,8,4,28,15,0,47,24,0,24,71
01/20/2007,HTS,WV,AEA,CE,Combined TRACON& Tower with Radar,4,17,23,0,44,0,0,35,0,35,4,17,58,0,79,54,0,54,133
01/21/2007,HTS,WV,AEA,CE,Combined TRACON& Tower with Radar,10,17,31,0,58,0,0,11,0,11,10,17,42,0,69,26,0,26,95
01/22/2007,HTS,WV,AEA,CE,Combined TRACON& Tower with Radar,4,26,16,0,46,0,0,0,0,0,4,26,16,0,46,2,0,2,48
01/23/2007,HTS,WV,AEA,CE,Combined TRACON& Tower with Radar,4,21,22,0,47,0,5,8,0,13,4,26,30,0,60,22,0,22,82
01/24/2007,HTS,WV,AEA,CE,Combined TRACON& Tower with Radar,17,17,16,0,50,0,6,5,0,11,17,23,21,0,61,0,0,0,61
01/25/2007,HTS,WV,AEA,CE,Combined TRACON& Tower with Radar,3,22,8,0,33,0,3,0,0,3,3,25,8,0,36,0,0,0,36
01/26/2007,HTS,WV,AEA,CE,Combined TRACON& Tower with Radar,5,23,10,2,40,0,2,20,0,22,5,25,30,2,62,34,0,34,96
01/27/2007,HTS,WV,AEA,CE,Combined TRACON& Tower with Radar,4,16,8,0,28,0,0,2,0,2,4,16,10,0,30,0,0,0,30
01/28/2007,HTS,WV,AEA,CE,Combined TRACON& Tower with Radar,0,13,11,0,24,0,4,4,0,8,0,17,15,0,32,0,0,0,32
01/29/2007,HTS,WV,AEA,CE,Combined TRACON& Tower with Radar,13,13,13,0,39,0,0,4,0,4,13,13,17,0,43,0,0,0,43
01/30/2007,HTS,WV,AEA,CE,Combined TRACON& Tower with Radar,18,10,18,0,46,0,0,0,0,0,18,10,18,0,46,0,0,0,46
01/31/2007,HTS,WV,AEA,CE,Combined TRACON& Tower with Radar,5,27,19,11,62,0,0,18,0,18,5,27,37,11,80,6,24,30,110
02/01/2007,HTS,WV,AEA,CE,Combined TRACON& Tower with Radar,13,10,14,0,37,0,0,12,0,12,13,10,26,0,49,0,0,0,49
02/02/2007,HTS,WV,AEA,CE,Combined TRACON& Tower with Radar,6,19,17,7,49,0,1,0,0,1,6,20,17,7,50,0,0,0,50
02/03/2007,HTS,WV,AEA,CE,Combined TRACON& Tower with Radar,4,21,11,0,36,0,4,3,0,7,4,25,14,0,43,12,0,12,55
02/04/2007,HTS,WV,AEA,CE,Combined TRACON& Tower with Radar,2,9,3,0,14,0,0,4,0,4,2,9,7,0,18,0,0,0,18
02/05/2007,HTS,WV,AEA,CE,Combined TRACON& Tower with Radar,4,13,28,0,45,0,3,8,0,11,4,16,36,0,56,20,0,20,76
02/06/2007,HTS,WV,AEA,CE,Combined TRACON& Tower with Radar,4,17,11,0,32,0,1,6,1,8,4,18,17,1,40,0,0,0,40
02/07/2007,HTS,WV,AEA,CE,Combined TRACON& Tower with Radar,2,22,17,0,41,0,0,7,1,8,2,22,24,1,49,6,0,6,55
02/08/2007,HTS,WV,AEA,CE,Combined TRACON& Tower with Radar,0,2,14,0,16,2,25,18,0,45,2,27,32,0,61,12,0,12,73
02/09/2007,HTS,WV,AEA,CE,Combined TRACON& Tower with Radar,4,22,12,0,38,0,4,22,0,26,4,26,34,0,64,22,0,22,86
02/10/2007,HTS,WV,AEA,CE,Combined TRACON& Tower with Radar,4,16,14,0,34,0,6,18,0,24,4,22,32,0,58,34,0,34,92
02/11/2007,HTS,WV,AEA,CE,Combined TRACON& Tower with Radar,0,8,10,0,18,0,1,11,0,12,0,9,21,0,30,20,0,20,50
02/12/2007,HTS,WV,AEA,CE,Combined TRACON& Tower with Radar,4,29,9,6,48,0,0,17,0,17,4,29,26,6,65,24,0,24,89
02/13/2007,HTS,WV,AEA,CE,Combined TRACON& Tower with Radar,4,13,16,0,33,0,0,0,0,0,4,13,16,0,33,0,0,0,33
02/14/2007,HTS,WV,AEA,CE,Combined TRACON& Tower with Radar,2,16,6,0,24,0,0,0,0,0,2,16,6,0,24,0,0,0,24
02/15/2007,HTS,WV,AEA,CE,Combined TRACON& Tower with Radar,2,26,23,0,51,0,3,13,0,16,2,29,36,0,67,14,0,14,81
02/16/2007,HTS,WV,AEA,CE,Combined TRACON& Tower with Radar,12,21,22,0,55,0,0,47,0,47,12,21,69,0,102,26,0,26,128
02/17/2007,HTS,WV,AEA,CE,Combined TRACON& Tower with Radar,3,17,4,0,24,0,2,1,0,3,3,19,5,0,27,0,0,0,27
02/18/2007,HTS,WV,AEA,CE,Combined TRACON& Tower with Radar,0,6,8,0,14,0,0,0,0,0,0,6,8,0,14,0,0,0,14
02/19/2007,HTS,WV,AEA,CE,Combined TRACON& Tower with Radar,1,16,7,0,24,0,7,31,0,38,1,23,38,0,62,46,0,46,108
02/20/2007,HTS,WV,AEA,CE,Combined TRACON& Tower with Radar,5,26,25,0,56,0,2,11,0,13,5,28,36,0,69,4,0,4,73
02/21/2007,HTS,WV,AEA,CE,Combined TRACON& Tower with Radar,3,24,16,0,43,0,0,0,0,0,3,24,16,0,43,0,0,0,43
02/22/2007,HTS,WV,AEA,CE,Combined TRACON& Tower with Radar,6,23,26,0,55,0,2,3,0,5,6,25,29,0,60,4,0,4,64
02/23/2007,HTS,WV,AEA,CE,Combined TRACON& Tower with Radar,2,23,22,2,49,0,4,28,0,32,2,27,50,2,81,40,0,40,121
02/24/2007,HTS,WV,AEA,CE,Combined TRACON& Tower with Radar,4,22,4,10,40,0,5,18,0,23,4,27,22,10,63,62,0,62,125
02/25/2007,HTS,WV,AEA,CE,Combined TRACON& Tower with Radar,2,9,10,0,21,0,2,0,0,2,2,11,10,0,23,0,0,0,23
02/26/2007,HTS,WV,AEA,CE,Combined TRACON& Tower with Radar,0,17,15,2,34,0,5,6,0,11,0,22,21,2,45,8,8,16,61
02/27/2007,HTS,WV,AEA,CE,Combined TRACON& Tower with Radar,4,23,37,0,64,0,2,17,0,19,4,25,54,0,83,34,0,34,117
02/28/2007,HTS,WV,AEA,CE,Combined TRACON& Tower with Radar,2,26,32,3,63,0,4,41,0,45,2,30,73,3,108,90,4,94,202
03/01/2007,HTS,WV,AEA,CE,Combined TRACON& Tower with Radar,8,24,2,0,34,0,3,2,0,5,8,27,4,0,39,0,0,0,39
03/02/2007,HTS,WV,AEA,CE,Combined TRACON& Tower with Radar,6,22,23,0,51,0,0,9,0,9,6,22,32,0,60,0,0,0,60
03/03/2007,HTS,WV,AEA,CE,Combined TRACON& Tower with Radar,4,19,8,2,33,0,0,0,2,2,4,19,8,4,35,0,8,8,43
03/04/2007,HTS,WV,AEA,CE,Combined TRACON& Tower with Radar,0,11,13,1,25,0,0,1,1,2,0,11,14,2,27,0,0,0,27
03/05/2007,HTS,WV,AEA,CE,Combined TRACON& Tower with Radar,0,16,10,0,26,0,1,6,0,7,0,17,16,0,33,4,0,4,37
03/06/2007,HTS,WV,AEA,CE,Combined TRACON& Tower with Radar,3,24,11,0,38,0,2,15,0,17,3,26,26,0,55,22,0,22,77
03/07/2007,HTS,WV,AEA,CE,Combined TRACON& Tower with Radar,2,23,16,0,41,0,0,9,0,9,2,23,25,0,50,6,0,6,56
03/08/2007,HTS,WV,AEA,CE,Combined TRACON& Tower with Radar,5,34,8,0,47,0,0,23,0,23,5,34,31,0,70,26,2,28,98
03/09/2007,HTS,WV,AEA,CE,Combined TRACON& Tower with Radar,2,30,21,3,56,0,0,33,0,33,2,30,54,3,89,40,0,40,129
03/10/2007,HTS,WV,AEA,CE,Combined TRACON& Tower with Radar,4,19,14,0,37,0,1,1,0,2,4,20,15,0,39,0,0,0,39
03/11/2007,HTS,WV,AEA,CE,Combined TRACON& Tower with Radar,2,12,24,0,38,0,0,17,0,17,2,12,41,0,55,38,0,38,93
03/12/2007,HTS,WV,AEA,CE,Combined TRACON& Tower with Radar,0,18,20,5,43,0,0,11,0,11,0,18,31,5,54,18,6,24,78
03/13/2007,HTS,WV,AEA,CE,Combined TRACON& Tower with Radar,4,24,22,11,61,0,2,32,0,34,4,26,54,11,95,44,14,58,153
03/14/2007,HTS,WV,AEA,CE,Combined TRACON& Tower with Radar,2,21,21,0,44,0,3,5,0,8,2,24,26,0,52,0,0,0,52
03/15/2007,HTS,WV,AEA,CE,Combined TRACON& Tower with Radar,4,24,20,0,48,0,0,0,0,0,4,24,20,0,48,0,0,0,48
03/16/2007,HTS,WV,AEA,CE,Combined TRACON& Tower with Radar,6,19,18,0,43,0,0,0,0,0,6,19,18,0,43,0,0,0,43
03/17/2007,HTS,WV,AEA,CE,Combined TRACON& Tower with Radar,3,16,8,0,27,0,2,2,0,4,3,18,10,0,31,0,0,0,31
03/18/2007,HTS,WV,AEA,CE,Combined TRACON& Tower with Radar,5,3,12,3,23,0,10,34,2,46,5,13,46,5,69,78,2,80,149
03/19/2007,HTS,WV,AEA,CE,Combined TRACON& Tower with Radar,2,13,15,0,30,0,0,5,0,5,2,13,20,0,35,10,0,10,45
03/20/2007,HTS,WV,AEA,CE,Combined TRACON& Tower with Radar,4,22,28,14,68,0,0,26,2,28,4,22,54,16,96,18,14,32,128
03/21/2007,HTS,WV,AEA,CE,Combined TRACON& Tower with Radar,2,29,7,1,39,0,9,42,1,52,2,38,49,2,91,14,36,50,141
03/22/2007,HTS,WV,AEA,CE,Combined TRACON& Tower with Radar,4,28,14,0,46,0,0,17,0,17,4,28,31,0,63,24,0,24,87
03/23/2007,HTS,WV,AEA,CE,Combined TRACON& Tower with Radar,2,22,21,4,49,0,4,8,2,14,2,26,29,6,63,22,44,66,129
03/24/2007,HTS,WV,AEA,CE,Combined TRACON& Tower with Radar,3,24,16,0,43,0,0,7,0,7,3,24,23,0,50,2,0,2,52
03/25/2007,HTS,WV,AEA,CE,Combined TRACON& Tower with Radar,2,7,17,1,27,0,0,29,0,29,2,7,46,1,56,56,0,56,112
03/26/2007,HTS,WV,AEA,CE,Combined TRACON& Tower with Radar,0,18,14,0,32,0,0,38,2,40,0,18,52,2,72,40,0,40,112
03/27/2007,HTS,WV,AEA,CE,Combined TRACON& Tower with Radar,6,22,16,3,47,0,2,44,0,46,6,24,60,3,93,36,0,36,129
03/28/2007,HTS,WV,AEA,CE,Combined TRACON& Tower with Radar,2,22,14,0,38,0,2,4,0,6,2,24,18,0,44,0,0,0,44
03/29/2007,HTS,WV,AEA,CE,Combined TRACON& Tower with Radar,4,21,29,0,54,0,2,16,0,18,4,23,45,0,72,22,0,22,94
03/30/2007,HTS,WV,AEA,CE,Combined TRACON& Tower with Radar,4,27,22,0,53,0,4,33,1,38,4,31,55,1,91,84,0,84,175
03/31/2007,HTS,WV,AEA,CE,Combined TRACON& Tower with Radar,8,11,30,2,51,0,2,2,2,6,8,13,32,4,57,18,0,18,75
04/01/2007,HTS,WV,AEA,CE,Combined TRACON& Tower with Radar,2,9,12,0,23,0,0,0,0,0,2,9,12,0,23,8,0,8,31
04/02/2007,HTS,WV,AEA,CE,Combined TRACON& Tower with Radar,4,9,21,0,34,0,1,48,1,50,4,10,69,1,84,34,0,34,118
04/03/2007,HTS,WV,AEA,CE,Combined TRACON& Tower with Radar,8,22,22,3,55,0,3,24,4,31,8,25,46,7,86,12,22,34,120
04/04/2007,HTS,WV,AEA,CE,Combined TRACON& Tower with Radar,2,25,18,2,47,0,4,8,0,12,2,29,26,2,59,6,0,6,65
04/05/2007,HTS,WV,AEA,CE,Combined TRACON& Tower with Radar,5,34,14,4,57,0,6,2,0,8,5,40,16,4,65,0,0,0,65
04/06/2007,HTS,WV,AEA,CE,Combined TRACON& Tower with Radar,3,25,15,0,43,0,2,12,0,14,3,27,27,0,57,8,0,8,65
04/07/2007,HTS,WV,AEA,CE,Combined TRACON& Tower with Radar,4,15,6,0,25,0,0,3,0,3,4,15,9,0,28,0,0,0,28
04/08/2007,HTS,WV,AEA,CE,Combined TRACON& Tower with Radar,2,7,11,0,20,0,0,2,0,2,2,7,13,0,22,0,0,0,22
04/09/2007,HTS,WV,AEA,CE,Combined TRACON& Tower with Radar,0,17,33,23,73,0,2,21,5,28,0,19,54,28,101,88,0,88,189
04/10/2007,HTS,WV,AEA,CE,Combined TRACON& Tower with Radar,4,21,34,9,68,0,2,29,0,31,4,23,63,9,99,34,4,38,137
04/11/2007,HTS,WV,AEA,CE,Combined TRACON& Tower with Radar,7,16,23,0,46,0,0,2,0,2,7,16,25,0,48,0,0,0,48
04/12/2007,HTS,WV,AEA,CE,Combined TRACON& Tower with Radar,5,28,28,0,61,0,3,3,0,6,5,31,31,0,67,12,0,12,79
04/13/2007,HTS,WV,AEA,CE,Combined TRACON& Tower with Radar,8,19,26,0,53,0,1,21,0,22,8,20,47,0,75,44,0,44,119
04/14/2007,HTS,WV,AEA,CE,Combined TRACON& Tower with Radar,6,17,6,0,29,0,0,1,0,1,6,17,7,0,30,0,0,0,30
04/15/2007,HTS,WV,AEA,CE,Combined TRACON& Tower with Radar,2,7,13,0,22,0,0,1,0,1,2,7,14,0,23,0,0,0,23
04/16/2007,HTS,WV,AEA,CE,Combined TRACON& Tower with Radar,0,16,27,0,43,0,2,2,0,4,0,18,29,0,47,0,0,0,47
04/17/2007,HTS,WV,AEA,CE,Combined TRACON& Tower with Radar,6,22,19,0,47,0,8,16,0,24,6,30,35,0,71,36,0,36,107
04/18/2007,HTS,WV,AEA,CE,Combined TRACON& Tower with Radar,2,26,17,0,45,0,4,31,0,35,2,30,48,0,80,70,0,70,150
04/19/2007,HTS,WV,AEA,CE,Combined TRACON& Tower with Radar,3,22,20,0,45,0,2,8,0,10,3,24,28,0,55,0,0,0,55
04/20/2007,HTS,WV,AEA,CE,Combined TRACON& Tower with Radar,2,28,27,0,57,0,0,33,4,37,2,28,60,4,94,36,0,36,130
04/21/2007,HTS,WV,AEA,CE,Combined TRACON& Tower with Radar,4,18,18,3,43,0,4,31,0,35,4,22,49,3,78,30,0,30,108
04/22/2007,HTS,WV,AEA,CE,Combined TRACON& Tower with Radar,2,10,25,1,38,0,3,38,1,42,2,13,63,2,80,26,0,26,106
04/23/2007,HTS,WV,AEA,CE,Combined TRACON& Tower with Radar,0,16,13,0,29,0,7,12,0,19,0,23,25,0,48,6,0,6,54
04/24/2007,HTS,WV,AEA,CE,Combined TRACON& Tower with Radar,2,21,21,0,44,0,8,29,1,38,2,29,50,1,82,34,0,34,116
04/25/2007,HTS,WV,AEA,CE,Combined TRACON& Tower with Radar,2,27,22,0,51,0,3,25,0,28,2,30,47,0,79,12,0,12,91
04/26/2007,HTS,WV,AEA,CE,Combined TRACON& Tower with Radar,4,24,15,0,43,0,3,21,0,24,4,27,36,0,67,14,0,14,81
04/27/2007,HTS,WV,AEA,CE,Combined TRACON& Tower with Radar,6,20,19,0,45,0,2,46,0,48,6,22,65,0,93,40,0,40,133
04/28/2007,HTS,WV,AEA,CE,Combined TRACON& Tower with Radar,3,15,7,0,25,0,5,15,0,20,3,20,22,0,45,16,0,16,61
04/29/2007,HTS,WV,AEA,CE,Combined TRACON& Tower with Radar,2,7,22,0,31,0,0,16,0,16,2,7,38,0,47,14,0,14,61
04/30/2007,HTS,WV,AEA,CE,Combined TRACON& Tower with Radar,1,13,34,0,48,0,0,23,2,25,1,13,57,2,73,0,0,0,73
05/01/2007,HTS,WV,AEA,CE,Combined TRACON& Tower with Radar,2,24,23,0,49,0,8,22,0,30,2,32,45,0,79,40,0,40,119
05/02/2007,HTS,WV,AEA,CE,Combined TRACON& Tower with Radar,2,23,15,0,40,0,2,12,0,14,2,25,27,0,54,14,0,14,68
05/03/2007,HTS,WV,AEA,CE,Combined TRACON& Tower with Radar,4,26,12,0,42,0,1,8,0,9,4,27,20,0,51,8,0,8,59
05/04/2007,HTS,WV,AEA,CE,Combined TRACON& Tower with Radar,2,19,24,0,45,0,1,21,0,22,2,20,45,0,67,0,0,0,67
05/05/2007,HTS,WV,AEA,CE,Combined TRACON& Tower with Radar,4,16,9,0,29,0,2,0,0,2,4,18,9,0,31,0,0,0,31
05/06/2007,HTS,WV,AEA,CE,Combined TRACON& Tower with Radar,2,13,3,2,20,0,0,13,0,13,2,13,16,2,33,16,0,16,49
05/07/2007,HTS,WV,AEA,CE,Combined TRACON& Tower with Radar,0,20,18,0,38,0,0,21,0,21,0,20,39,0,59,48,0,48,107
05/08/2007,HTS,WV,AEA,CE,Combined TRACON& Tower with Radar,2,23,17,0,42,0,1,28,0,29,2,24,45,0,71,36,0,36,107
05/09/2007,HTS,WV,AEA,CE,Combined TRACON& Tower with Radar,2,26,20,0,48,0,0,42,0,42,2,26,62,0,90,42,0,42,132
05/10/2007,HTS,WV,AEA,CE,Combined TRACON& Tower with Radar,4,21,22,0,47,0,6,14,0,20,4,27,36,0,67,16,0,16,83
05/11/2007,HTS,WV,AEA,CE,Combined TRACON& Tower with Radar,8,26,17,0,51,0,1,23,0,24,8,27,40,0,75,44,0,44,119
05/12/2007,HTS,WV,AEA,CE,Combined TRACON& Tower with Radar,6,16,5,0,27,0,11,12,0,23,6,27,17,0,50,6,0,6,56
05/13/2007,HTS,WV,AEA,CE,Combined TRACON& Tower with Radar,2,7,5,0,14,0,13,32,0,45,2,20,37,0,59,0,0,0,59
05/14/2007,HTS,WV,AEA,CE,Combined TRACON& Tower with Radar,0,21,17,0,38,0,8,24,0,32,0,29,41,0,70,14,0,14,84
05/15/2007,HTS,WV,AEA,CE,Combined TRACON& Tower with Radar,2,23,27,0,52,0,3,8,2,13,2,26,35,2,65,30,0,30,95
05/16/2007,HTS,WV,AEA,CE,Combined TRACON& Tower with Radar,2,26,20,0,48,0,2,5,0,7,2,28,25,0,55,0,0,0,55
05/17/2007,HTS,WV,AEA,CE,Combined TRACON& Tower with Radar,4,25,20,0,49,0,0,14,0,14,4,25,34,0,63,0,0,0,63
05/18/2007,HTS,WV,AEA,CE,Combined TRACON& Tower with Radar,2,17,17,0,36,0,0,7,2,9,2,17,24,2,45,16,0,16,61
05/19/2007,HTS,WV,AEA,CE,Combined TRACON& Tower with Radar,3,18,15,1,37,0,2,66,1,69,3,20,81,2,106,60,0,60,166
05/20/2007,HTS,WV,AEA,CE,Combined TRACON& Tower with Radar,2,9,13,3,27,0,11,25,2,38,2,20,38,5,65,50,0,50,115
05/21/2007,HTS,WV,AEA,CE,Combined TRACON& Tower with Radar,0,28,29,0,57,0,2,18,2,22,0,30,47,2,79,50,0,50,129
05/22/2007,HTS,WV,AEA,CE,Combined TRACON& Tower with Radar,2,25,19,0,46,0,4,31,4,39,2,29,50,4,85,78,0,78,163
05/23/2007,HTS,WV,AEA,CE,Combined TRACON& Tower with Radar,2,22,29,7,60,0,3,14,1,18,2,25,43,8,78,60,14,74,152
05/24/2007,HTS,WV,AEA,CE,Combined TRACON& Tower with Radar,5,29,36,0,70,0,2,28,0,30,5,31,64,0,100,48,0,48,148
05/25/2007,HTS,WV,AEA,CE,Combined TRACON& Tower with Radar,2,22,14,0,38,0,2,41,0,43,2,24,55,0,81,54,0,54,135
05/26/2007,HTS,WV,AEA,CE,Combined TRACON& Tower with Radar,4,15,15,0,34,0,4,30,0,34,4,19,45,0,68,20,0,20,88
05/27/2007,HTS,WV,AEA,CE,Combined TRACON& Tower with Radar,2,9,1,0,12,0,10,33,0,43,2,19,34,0,55,60,0,60,115
05/28/2007,HTS,WV,AEA,CE,Combined TRACON& Tower with Radar,0,11,20,0,31,0,4,15,0,19,0,15,35,0,50,20,0,20,70
05/29/2007,HTS,WV,AEA,CE,Combined TRACON& Tower with Radar,0,18,21,2,41,0,2,15,0,17,0,20,36,2,58,14,0,14,72
05/30/2007,HTS,WV,AEA,CE,Combined TRACON& Tower with Radar,2,25,15,4,46,0,3,67,3,73,2,28,82,7,119,28,20,48,167
05/31/2007,HTS,WV,AEA,CE,Combined TRACON& Tower with Radar,4,28,32,0,64,0,0,17,0,17,4,28,49,0,81,12,0,12,93
06/01/2007,HTS,WV,AEA,CE,Combined TRACON& Tower with Radar,4,22,12,0,38,0,3,6,0,9,4,25,18,0,47,20,0,20,67
06/02/2007,HTS,WV,AEA,CE,Combined TRACON& Tower with Radar,4,18,12,0,34,0,16,14,0,30,4,34,26,0,64,16,0,16,80
06/03/2007,HTS,WV,AEA,CE,Combined TRACON& Tower with Radar,0,9,17,1,27,0,0,6,0,6,0,9,23,1,33,32,0,32,65
06/04/2007,HTS,WV,AEA,CE,Combined TRACON& Tower with Radar,0,19,19,0,38,0,0,7,0,7,0,19,26,0,45,0,0,0,45
06/05/2007,HTS,WV,AEA,CE,Combined TRACON& Tower with Radar,2,31,15,1,49,0,0,9,0,9,2,31,24,1,58,8,0,8,66
06/06/2007,HTS,WV,AEA,CE,Combined TRACON& Tower with Radar,6,22,20,0,48,0,7,16,0,23,6,29,36,0,71,58,0,58,129
06/07/2007,HTS,WV,AEA,CE,Combined TRACON& Tower with Radar,4,29,20,1,54,0,3,12,0,15,4,32,32,1,69,40,0,40,109
06/08/2007,HTS,WV,AEA,CE,Combined TRACON& Tower with Radar,2,26,24,2,54,0,0,6,2,8,2,26,30,4,62,4,0,4,66
06/09/2007,HTS,WV,AEA,CE,Combined TRACON& Tower with Radar,4,20,15,2,41,0,4,11,0,15,4,24,26,2,56,0,0,0,56
06/10/2007,HTS,WV,AEA,CE,Combined TRACON& Tower with Radar,0,12,23,0,35,0,9,25,0,34,0,21,48,0,69,40,0,40,109
06/11/2007,HTS,WV,AEA,CE,Combined TRACON& Tower with Radar,0,23,18,0,41,0,3,18,0,21,0,26,36,0,62,44,0,44,106
06/12/2007,HTS,WV,AEA,CE,Combined TRACON& Tower with Radar,4,27,17,0,48,0,6,18,0,24,4,33,35,0,72,16,0,16,88
06/13/2007,HTS,WV,AEA,CE,Combined TRACON& Tower with Radar,2,27,32,0,61,0,1,24,0,25,2,28,56,0,86,34,0,34,120
06/14/2007,HTS,WV,AEA,CE,Combined TRACON& Tower with Radar,4,30,22,0,56,0,1,8,0,9,4,31,30,0,65,0,0,0,65
06/15/2007,HTS,WV,AEA,CE,Combined TRACON& Tower with Radar,2,28,10,0,40,0,0,11,2,13,2,28,21,2,53,20,0,20,73
06/16/2007,HTS,WV,AEA,CE,Combined TRACON& Tower with Radar,4,14,15,0,33,0,5,17,0,22,4,19,32,0,55,12,0,12,67
06/17/2007,HTS,WV,AEA,CE,Combined TRACON& Tower with Radar,2,16,29,5,52,0,2,9,0,11,2,18,38,5,63,42,4,46,109
06/18/2007,HTS,WV,AEA,CE,Combined TRACON& Tower with Radar,0,19,19,0,38,0,0,11,2,13,0,19,30,2,51,4,0,4,55
06/19/2007,HTS,WV,AEA,CE,Combined TRACON& Tower with Radar,4,28,30,2,64,0,2,13,0,15,4,30,43,2,79,12,0,12,91
06/20/2007,HTS,WV,AEA,CE,Combined TRACON& Tower with Radar,2,26,39,0,67,0,0,17,0,17,2,26,56,0,84,66,0,66,150
06/21/2007,HTS,WV,AEA,CE,Combined TRACON& Tower with Radar,4,32,29,0,65,0,4,19,0,23,4,36,48,0,88,22,0,22,110
06/22/2007,HTS,WV,AEA,CE,Combined TRACON& Tower with Radar,2,30,14,0,46,0,0,6,0,6,2,30,20,0,52,2,0,2,54
06/23/2007,HTS,WV,AEA,CE,Combined TRACON& Tower with Radar,4,19,15,2,40,0,7,12,3,22,4,26,27,5,62,0,0,0,62
06/24/2007,HTS,WV,AEA,CE,Combined TRACON& Tower with Radar,2,15,10,2,29,0,0,17,1,18,2,15,27,3,47,0,0,0,47
06/25/2007,HTS,WV,AEA,CE,Combined TRACON& Tower with Radar,0,25,11,2,38,0,3,21,0,24,0,28,32,2,62,30,0,30,92
06/26/2007,HTS,WV,AEA,CE,Combined TRACON& Tower with Radar,4,32,37,0,73,0,1,31,1,33,4,33,68,1,106,52,0,52,158
06/27/2007,HTS,WV,AEA,CE,Combined TRACON& Tower with Radar,2,24,31,0,57,0,1,8,0,9,2,25,39,0,66,2,0,2,68
06/28/2007,HTS,WV,AEA,CE,Combined TRACON& Tower with Radar,4,27,30,0,61,0,0,21,0,21,4,27,51,0,82,0,0,0,82
06/29/2007,HTS,WV,AEA,CE,Combined TRACON& Tower with Radar,2,29,27,0,58,0,0,1,0,1,2,29,28,0,59,0,0,0,59
06/30/2007,HTS,WV,AEA,CE,Combined TRACON& Tower with Radar,4,15,20,0,39,0,0,11,0,11,4,15,31,0,50,24,0,24,74
07/01/2007,HTS,WV,AEA,CE,Combined TRACON& Tower with Radar,2,27,19,0,48,0,7,29,0,36,2,34,48,0,84,38,0,38,122
07/02/2007,HTS,WV,AEA,CE,Combined TRACON& Tower with Radar,2,20,21,0,43,0,2,38,0,40,2,22,59,0,83,44,0,44,127
07/03/2007,HTS,WV,AEA,CE,Combined TRACON& Tower with Radar,9,28,31,0,68,0,1,18,0,19,9,29,49,0,87,38,0,38,125
07/04/2007,HTS,WV,AEA,CE,Combined TRACON& Tower with Radar,1,11,6,0,18,0,0,12,0,12,1,11,18,0,30,18,0,18,48
07/05/2007,HTS,WV,AEA,CE,Combined TRACON& Tower with Radar,3,24,14,0,41,0,0,1,0,1,3,24,15,0,42,0,0,0,42
07/06/2007,HTS,WV,AEA,CE,Combined TRACON& Tower with Radar,12,24,12,0,48,0,4,9,0,13,12,28,21,0,61,0,0,0,61
07/07/2007,HTS,WV,AEA,CE,Combined TRACON& Tower with Radar,4,30,11,0,45,0,2,14,0,16,4,32,25,0,61,14,0,14,75
07/08/2007,HTS,WV,AEA,CE,Combined TRACON& Tower with Radar,13,11,4,0,28,0,0,15,0,15,13,11,19,0,43,16,0,16,59
07/09/2007,HTS,WV,AEA,CE,Combined TRACON& Tower with Radar,0,19,17,0,36,0,0,13,0,13,0,19,30,0,49,16,0,16,65
07/10/2007,HTS,WV,AEA,CE,Combined TRACON& Tower with Radar,4,30,22,0,56,0,3,12,3,18,4,33,34,3,74,8,0,8,82
07/11/2007,HTS,WV,AEA,CE,Combined TRACON& Tower with Radar,2,31,29,0,62,0,0,2,0,2,2,31,31,0,64,28,0,28,92
07/12/2007,HTS,WV,AEA,CE,Combined TRACON& Tower with Radar,4,32,17,2,55,0,0,21,4,25,4,32,38,6,80,20,0,20,100
07/13/2007,HTS,WV,AEA,CE,Combined TRACON& Tower with Radar,2,26,28,0,56,0,2,11,0,13,2,28,39,0,69,48,0,48,117
07/14/2007,HTS,WV,AEA,CE,Combined TRACON& Tower with Radar,4,14,16,0,34,0,9,13,0,22,4,23,29,0,56,44,0,44,100
07/15/2007,HTS,WV,AEA,CE,Combined TRACON& Tower with Radar,2,13,7,0,22,0,1,7,0,8,2,14,14,0,30,32,0,32,62
07/16/2007,HTS,WV,AEA,CE,Combined TRACON& Tower with Radar,7,12,26,0,45,0,8,5,0,13,7,20,31,0,58,6,0,6,64
07/17/2007,HTS,WV,AEA,CE,Combined TRACON& Tower with Radar,4,26,25,0,55,0,0,11,0,11,4,26,36,0,66,38,0,38,104
07/18/2007,HTS,WV,AEA,CE,Combined TRACON& Tower with Radar,2,26,38,0,66,0,0,10,0,10,2,26,48,0,76,10,0,10,86
07/19/2007,HTS,WV,AEA,CE,Combined TRACON& Tower with Radar,4,25,12,0,41,0,0,6,0,6,4,25,18,0,47,0,0,0,47
07/20/2007,HTS,WV,AEA,CE,Combined TRACON& Tower with Radar,2,28,29,0,59,0,0,26,0,26,2,28,55,0,85,46,0,46,131
07/21/2007,HTS,WV,AEA,CE,Combined TRACON& Tower with Radar,4,37,13,0,54,0,19,26,0,45,4,56,39,0,99,0,0,0,99
07/22/2007,HTS,WV,AEA,CE,Combined TRACON& Tower with Radar,2,15,14,0,31,0,0,17,0,17,2,15,31,0,48,34,0,34,82
07/23/2007,HTS,WV,AEA,CE,Combined TRACON& Tower with Radar,0,22,25,0,47,0,3,18,0,21,0,25,43,0,68,16,0,16,84
07/24/2007,HTS,WV,AEA,CE,Combined TRACON& Tower with Radar,10,25,18,0,53,0,0,15,0,15,10,25,33,0,68,0,0,0,68
07/25/2007,HTS,WV,AEA,CE,Combined TRACON& Tower with Radar,2,34,28,4,68,0,1,27,14,42,2,35,55,18,110,42,0,42,152
07/26/2007,HTS,WV,AEA,CE,Combined TRACON& Tower with Radar,4,26,25,0,55,0,3,6,0,9,4,29,31,0,64,14,0,14,78
07/27/2007,HTS,WV,AEA,CE,Combined TRACON& Tower with Radar,2,26,17,0,45,0,0,5,0,5,2,26,22,0,50,8,0,8,58
07/28/2007,HTS,WV,AEA,CE,Combined TRACON& Tower with Radar,4,13,16,0,33,0,0,2,0,2,4,13,18,0,35,0,0,0,35
07/29/2007,HTS,WV,AEA,CE,Combined TRACON& Tower with Radar,2,20,25,0,47,0,6,0,0,6,2,26,25,0,53,0,0,0,53
07/30/2007,HTS,WV,AEA,CE,Combined TRACON& Tower with Radar,7,18,14,0,39,0,10,12,0,22,7,28,26,0,61,24,0,24,85
07/31/2007,HTS,WV,AEA,CE,Combined TRACON& Tower with Radar,4,38,33,0,75,0,1,26,0,27,4,39,59,0,102,0,0,0,102
08/01/2007,HTS,WV,AEA,CE,Combined TRACON& Tower with Radar,2,38,13,0,53,0,0,11,0,11,2,38,24,0,64,30,0,30,94
08/02/2007,HTS,WV,AEA,CE,Combined TRACON& Tower with Radar,4,24,27,4,59,0,4,11,0,15,4,28,38,4,74,68,0,68,142
08/03/2007,HTS,WV,AEA,CE,Combined TRACON& Tower with Radar,2,25,18,0,45,0,0,8,0,8,2,25,26,0,53,8,0,8,61
08/04/2007,HTS,WV,AEA,CE,Combined TRACON& Tower with Radar,4,16,7,0,27,0,0,10,0,10,4,16,17,0,37,24,0,24,61
08/05/2007,HTS,WV,AEA,CE,Combined TRACON& Tower with Radar,2,18,13,0,33,0,0,1,0,1,2,18,14,0,34,0,0,0,34
08/06/2007,HTS,WV,AEA,CE,Combined TRACON& Tower with Radar,0,20,27,0,47,0,0,0,0,0,0,20,27,0,47,0,0,0,47
08/07/2007,HTS,WV,AEA,CE,Combined TRACON& Tower with Radar,4,25,14,0,43,0,0,10,3,13,4,25,24,3,56,0,0,0,56
08/08/2007,HTS,WV,AEA,CE,Combined TRACON& Tower with Radar,8,25,3,4,40,0,0,21,0,21,8,25,24,4,61,8,8,16,77
08/09/2007,HTS,WV,AEA,CE,Combined TRACON& Tower with Radar,5,26,19,1,51,0,2,9,0,11,5,28,28,1,62,6,0,6,68
08/10/2007,HTS,WV,AEA,CE,Combined TRACON& Tower with Radar,2,23,7,4,36,0,2,24,6,32,2,25,31,10,68,24,10,34,102
08/11/2007,HTS,WV,AEA,CE,Combined TRACON& Tower with Radar,4,16,20,0,40,0,3,27,0,30,4,19,47,0,70,44,0,44,114
08/12/2007,HTS,WV,AEA,CE,Combined TRACON& Tower with Radar,2,13,23,1,39,0,0,48,0,48,2,13,71,1,87,68,0,68,155
08/13/2007,HTS,WV,AEA,CE,Combined TRACON& Tower with Radar,4,19,36,2,61,0,0,49,0,49,4,19,85,2,110,82,0,82,192
08/14/2007,HTS,WV,AEA,CE,Combined TRACON& Tower with Radar,2,27,12,9,50,0,5,35,0,40,2,32,47,9,90,58,0,58,148
08/15/2007,HTS,WV,AEA,CE,Combined TRACON& Tower with Radar,2,26,9,0,37,0,0,19,0,19,2,26,28,0,56,26,0,26,82
08/16/2007,HTS,WV,AEA,CE,Combined TRACON& Tower with Radar,4,21,14,0,39,0,0,5,0,5,4,21,19,0,44,6,0,6,50
08/17/2007,HTS,WV,AEA,CE,Combined TRACON& Tower with Radar,2,23,19,0,44,0,2,12,0,14,2,25,31,0,58,16,0,16,74
08/18/2007,HTS,WV,AEA,CE,Combined TRACON& Tower with Radar,4,15,14,0,33,0,2,28,10,40,4,17,42,10,73,44,0,44,117
08/19/2007,HTS,WV,AEA,CE,Combined TRACON& Tower with Radar,2,15,15,1,33,0,5,23,1,29,2,20,38,2,62,16,0,16,78
08/20/2007,HTS,WV,AEA,CE,Combined TRACON& Tower with Radar,0,26,15,0,41,0,2,5,0,7,0,28,20,0,48,0,0,0,48
08/21/2007,HTS,WV,AEA,CE,Combined TRACON& Tower with Radar,2,19,18,0,39,0,0,1,0,1,2,19,19,0,40,6,0,6,46
08/22/2007,HTS,WV,AEA,CE,Combined TRACON& Tower with Radar,2,21,10,0,33,0,0,8,0,8,2,21,18,0,41,34,0,34,75
08/23/2007,HTS,WV,AEA,CE,Combined TRACON& Tower with Radar,4,20,16,0,40,0,0,21,0,21,4,20,37,0,61,22,0,22,83
08/24/2007,HTS,WV,AEA,CE,Combined TRACON& Tower with Radar,2,20,30,0,52,0,0,14,0,14,2,20,44,0,66,0,0,0,66
08/25/2007,HTS,WV,AEA,CE,Combined TRACON& Tower with Radar,6,15,6,1,28,0,2,8,1,11,6,17,14,2,39,10,0,10,49
08/26/2007,HTS,WV,AEA,CE,Combined TRACON& Tower with Radar,2,8,30,2,42,0,0,23,0,23,2,8,53,2,65,62,0,62,127
08/27/2007,HTS,WV,AEA,CE,Combined TRACON& Tower with Radar,0,18,29,0,47,0,2,20,0,22,0,20,49,0,69,24,0,24,93
08/28/2007,HTS,WV,AEA,CE,Combined TRACON& Tower with Radar,4,17,26,0,47,0,6,15,0,21,4,23,41,0,68,26,0,26,94
08/29/2007,HTS,WV,AEA,CE,Combined TRACON& Tower with Radar,2,37,19,0,58,0,12,8,0,20,2,49,27,0,78,54,0,54,132
08/30/2007,HTS,WV,AEA,CE,Combined TRACON& Tower with Radar,4,20,21,2,47,0,0,12,0,12,4,20,33,2,59,10,0,10,69
08/31/2007,HTS,WV,AEA,CE,Combined TRACON& Tower with Radar,6,22,22,0,50,0,4,9,0,13,6,26,31,0,63,24,0,24,87
09/01/2007,HTS,WV,AEA,CE,Combined TRACON& Tower with Radar,6,8,14,0,28,0,4,26,0,30,6,12,40,0,58,30,0,30,88
09/02/2007,HTS,WV,AEA,CE,Combined TRACON& Tower with Radar,7,2,18,0,27,0,0,38,0,38,7,2,56,0,65,64,0,64,129
09/03/2007,HTS,WV,AEA,CE,Combined TRACON& Tower with Radar,0,8,8,0,16,0,5,20,0,25,0,13,28,0,41,24,0,24,65
09/04/2007,HTS,WV,AEA,CE,Combined TRACON& Tower with Radar,4,27,10,0,41,0,44,0,0,44,4,71,10,0,85,16,0,16,101
09/05/2007,HTS,WV,AEA,CE,Combined TRACON& Tower with Radar,4,22,13,3,42,0,1,20,0,21,4,23,33,3,63,36,14,50,113
09/06/2007,HTS,WV,AEA,CE,Combined TRACON& Tower with Radar,4,28,27,0,59,0,9,11,0,20,4,37,38,0,79,46,0,46,125
09/07/2007,HTS,WV,AEA,CE,Combined TRACON& Tower with Radar,3,30,24,0,57,0,0,17,1,18,3,30,41,1,75,62,0,62,137
09/08/2007,HTS,WV,AEA,CE,Combined TRACON& Tower with Radar,5,21,22,0,48,0,1,12,2,15,5,22,34,2,63,46,0,46,109
09/09/2007,HTS,WV,AEA,CE,Combined TRACON& Tower with Radar,6,5,22,2,35,0,2,10,0,12,6,7,32,2,47,68,0,68,115
09/10/2007,HTS,WV,AEA,CE,Combined TRACON& Tower with Radar,0,24,20,2,46,0,0,0,0,0,0,24,20,2,46,4,0,4,50
09/11/2007,HTS,WV,AEA,CE,Combined TRACON& Tower with Radar,2,20,10,6,38,0,2,3,1,6,2,22,13,7,44,0,0,0,44
09/12/2007,HTS,WV,AEA,CE,Combined TRACON& Tower with Radar,2,23,30,2,57,0,8,26,6,40,2,31,56,8,97,36,20,56,153
09/13/2007,HTS,WV,AEA,CE,Combined TRACON& Tower with Radar,5,22,30,0,57,0,8,19,9,36,5,30,49,9,93,20,6,26,119
09/14/2007,HTS,WV,AEA,CE,Combined TRACON& Tower with Radar,2,19,13,4,38,0,0,4,1,5,2,19,17,5,43,16,0,16,59
09/15/2007,HTS,WV,AEA,CE,Combined TRACON& Tower with Radar,4,18,9,0,31,0,3,23,0,26,4,21,32,0,57,80,0,80,137
09/16/2007,HTS,WV,AEA,CE,Combined TRACON& Tower with Radar,2,8,8,0,18,0,2,19,0,21,2,10,27,0,39,28,0,28,67
09/17/2007,HTS,WV,AEA,CE,Combined TRACON& Tower with Radar,12,13,1,0,26,0,0,17,0,17,12,13,18,0,43,10,0,10,53
09/18/2007,HTS,WV,AEA,CE,Combined TRACON& Tower with Radar,2,23,16,0,41,0,2,21,0,23,2,25,37,0,64,28,0,28,92
09/19/2007,HTS,WV,AEA,CE,Combined TRACON& Tower with Radar,2,19,15,0,36,0,3,24,0,27,2,22,39,0,63,54,0,54,117
09/20/2007,HTS,WV,AEA,CE,Combined TRACON& Tower with Radar,4,21,47,0,72,0,0,18,0,18,4,21,65,0,90,30,0,30,120
09/21/2007,HTS,WV,AEA,CE,Combined TRACON& Tower with Radar,4,27,22,0,53,0,6,68,0,74,4,33,90,0,127,52,0,52,179
09/22/2007,HTS,WV,AEA,CE,Combined TRACON& Tower with Radar,4,14,10,1,29,0,0,36,4,40,4,14,46,5,69,74,2,76,145
09/23/2007,HTS,WV,AEA,CE,Combined TRACON& Tower with Radar,2,8,12,0,22,0,0,18,1,19,2,8,30,1,41,60,0,60,101
09/24/2007,HTS,WV,AEA,CE,Combined TRACON& Tower with Radar,0,18,18,1,37,0,7,24,2,33,0,25,42,3,70,30,0,30,100
09/25/2007,HTS,WV,AEA,CE,Combined TRACON& Tower with Radar,2,28,36,0,66,0,2,48,0,50,2,30,84,0,116,14,0,14,130
09/26/2007,HTS,WV,AEA,CE,Combined TRACON& Tower with Radar,2,29,21,0,52,0,1,15,0,16,2,30,36,0,68,44,0,44,112
09/27/2007,HTS,WV,AEA,CE,Combined TRACON& Tower with Radar,4,28,22,0,54,0,0,1,0,1,4,28,23,0,55,0,0,0,55
09/28/2007,HTS,WV,AEA,CE,Combined TRACON& Tower with Radar,3,26,15,0,44,0,0,10,0,10,3,26,25,0,54,28,0,28,82
09/29/2007,HTS,WV,AEA,CE,Combined TRACON& Tower with Radar,4,12,12,0,28,0,2,18,0,20,4,14,30,0,48,20,0,20,68
09/30/2007,HTS,WV,AEA,CE,Combined TRACON& Tower with Radar,2,10,9,0,21,0,0,36,0,36,2,10,45,0,57,46,0,46,103
10/01/2007,HTS,WV,AEA,CE,Combined TRACON& Tower with Radar,2,22,18,0,42,0,12,13,0,25,2,34,31,0,67,60,0,60,127
10/02/2007,HTS,WV,AEA,CE,Combined TRACON& Tower with Radar,2,18,18,0,38,0,0,20,0,20,2,18,38,0,58,12,0,12,70
10/03/2007,HTS,WV,AEA,CE,Combined TRACON& Tower with Radar,4,20,12,0,36,0,0,12,0,12,4,20,24,0,48,42,0,42,90
10/04/2007,HTS,WV,AEA,CE,Combined TRACON& Tower with Radar,4,20,10,0,34,0,0,6,0,6,4,20,16,0,40,44,0,44,84
10/05/2007,HTS,WV,AEA,CE,Combined TRACON& Tower with Radar,2,16,19,0,37,0,10,17,0,27,2,26,36,0,64,30,0,30,94
10/06/2007,HTS,WV,AEA,CE,Combined TRACON& Tower with Radar,7,14,11,0,32,0,7,13,0,20,7,21,24,0,52,52,0,52,104
10/07/2007,HTS,WV,AEA,CE,Combined TRACON& Tower with Radar,2,16,22,0,40,0,2,12,2,16,2,18,34,2,56,40,0,40,96
10/08/2007,HTS,WV,AEA,CE,Combined TRACON& Tower with Radar,0,23,14,0,37,0,5,18,2,25,0,28,32,2,62,4,0,4,66
10/09/2007,HTS,WV,AEA,CE,Combined TRACON& Tower with Radar,2,20,16,2,40,0,4,18,0,22,2,24,34,2,62,26,22,48,110
10/10/2007,HTS,WV,AEA,CE,Combined TRACON& Tower with Radar,4,31,22,6,63,0,15,15,0,30,4,46,37,6,93,14,0,14,107
10/11/2007,HTS,WV,AEA,CE,Combined TRACON& Tower with Radar,8,24,12,0,44,0,3,7,0,10,8,27,19,0,54,0,0,0,54
10/12/2007,HTS,WV,AEA,CE,Combined TRACON& Tower with Radar,8,40,13,0,61,0,4,20,0,24,8,44,33,0,85,34,0,34,119
10/13/2007,HTS,WV,AEA,CE,Combined TRACON& Tower with Radar,7,28,11,0,46,0,0,10,0,10,7,28,21,0,56,4,0,4,60
10/14/2007,HTS,WV,AEA,CE,Combined TRACON& Tower with Radar,5,15,13,0,33,0,8,31,0,39,5,23,44,0,72,18,0,18,90
10/15/2007,HTS,WV,AEA,CE,Combined TRACON& Tower with Radar,2,15,10,0,27,0,0,16,0,16,2,15,26,0,43,4,0,4,47
10/16/2007,HTS,WV,AEA,CE,Combined TRACON& Tower with Radar,2,31,16,9,58,0,0,10,2,12,2,31,26,11,70,10,6,16,86
10/17/2007,HTS,WV,AEA,CE,Combined TRACON& Tower with Radar,2,34,36,0,72,0,0,18,0,18,2,34,54,0,90,16,0,16,106
10/18/2007,HTS,WV,AEA,CE,Combined TRACON& Tower with Radar,10,19,21,0,50,0,6,0,0,6,10,25,21,0,56,0,0,0,56
10/19/2007,HTS,WV,AEA,CE,Combined TRACON& Tower with Radar,2,23,14,0,39,0,2,1,0,3,2,25,15,0,42,0,0,0,42
10/20/2007,HTS,WV,AEA,CE,Combined TRACON& Tower with Radar,9,15,19,0,43,0,11,9,0,20,9,26,28,0,63,8,0,8,71
10/21/2007,HTS,WV,AEA,CE,Combined TRACON& Tower with Radar,3,11,19,0,33,0,0,43,2,45,3,11,62,2,78,16,0,16,94
10/22/2007,HTS,WV,AEA,CE,Combined TRACON& Tower with Radar,0,22,28,0,50,0,8,18,0,26,0,30,46,0,76,18,0,18,94
10/23/2007,HTS,WV,AEA,CE,Combined TRACON& Tower with Radar,2,20,13,0,35,0,2,0,0,2,2,22,13,0,37,2,0,2,39
10/24/2007,HTS,WV,AEA,CE,Combined TRACON& Tower with Radar,2,23,14,8,47,0,0,0,0,0,2,23,14,8,47,0,0,0,47
10/25/2007,HTS,WV,AEA,CE,Combined TRACON& Tower with Radar,5,24,20,0,49,0,2,0,0,2,5,26,20,0,51,0,0,0,51
10/26/2007,HTS,WV,AEA,CE,Combined TRACON& Tower with Radar,5,19,15,0,39,0,3,3,2,8,5,22,18,2,47,0,0,0,47
10/27/2007,HTS,WV,AEA,CE,Combined TRACON& Tower with Radar,6,14,11,0,31,0,3,4,0,7,6,17,15,0,38,24,0,24,62
10/28/2007,HTS,WV,AEA,CE,Combined TRACON& Tower with Radar,2,13,6,1,22,0,3,20,0,23,2,16,26,1,45,8,0,8,53
10/29/2007,HTS,WV,AEA,CE,Combined TRACON& Tower with Radar,0,16,20,0,36,0,2,21,0,23,0,18,41,0,59,46,0,46,105
10/30/2007,HTS,WV,AEA,CE,Combined TRACON& Tower with Radar,2,19,28,0,49,0,0,18,0,18,2,19,46,0,67,44,0,44,111
10/31/2007,HTS,WV,AEA,CE,Combined TRACON& Tower with Radar,2,21,18,4,45,0,0,18,0,18,2,21,36,4,63,2,0,2,65
11/01/2007,HTS,WV,AEA,CE,Combined TRACON& Tower with Radar,5,24,23,0,52,0,15,33,0,48,5,39,56,0,100,40,0,40,140
11/02/2007,HTS,WV,AEA,CE,Combined TRACON& Tower with Radar,6,24,29,2,61,0,4,27,0,31,6,28,56,2,92,85,0,85,177
11/03/2007,HTS,WV,AEA,CE,Combined TRACON& Tower with Radar,4,20,9,2,35,0,8,22,0,30,4,28,31,2,65,36,0,36,101
11/04/2007,HTS,WV,AEA,CE,Combined TRACON& Tower with Radar,2,10,7,0,19,0,8,18,0,26,2,18,25,0,45,14,0,14,59
11/05/2007,HTS,WV,AEA,CE,Combined TRACON& Tower with Radar,0,17,20,0,37,0,8,10,0,18,0,25,30,0,55,10,0,10,65
11/06/2007,HTS,WV,AEA,CE,Combined TRACON& Tower with Radar,2,19,14,2,37,0,3,5,0,8,2,22,19,2,45,0,0,0,45
11/07/2007,HTS,WV,AEA,CE,Combined TRACON& Tower with Radar,2,25,18,0,45,0,6,12,0,18,2,31,30,0,63,24,0,24,87
11/08/2007,HTS,WV,AEA,CE,Combined TRACON& Tower with Radar,4,25,20,0,49,0,1,23,0,24,4,26,43,0,73,28,0,28,101
11/09/2007,HTS,WV,AEA,CE,Combined TRACON& Tower with Radar,6,34,1,0,41,0,0,11,0,11,6,34,12,0,52,0,0,0,52
11/10/2007,HTS,WV,AEA,CE,Combined TRACON& Tower with Radar,8,25,3,2,38,0,0,11,0,11,8,25,14,2,49,24,0,24,73
11/11/2007,HTS,WV,AEA,CE,Combined TRACON& Tower with Radar,3,8,14,0,25,0,3,9,0,12,3,11,23,0,37,6,0,6,43
11/12/2007,HTS,WV,AEA,CE,Combined TRACON& Tower with Radar,0,19,16,7,42,0,3,4,0,7,0,22,20,7,49,6,0,6,55
11/13/2007,HTS,WV,AEA,CE,Combined TRACON& Tower with Radar,4,25,24,4,57,0,2,6,0,8,4,27,30,4,65,0,0,0,65
11/14/2007,HTS,WV,AEA,CE,Combined TRACON& Tower with Radar,1,23,14,0,38,0,0,2,0,2,1,23,16,0,40,0,0,0,40
11/15/2007,HTS,WV,AEA,CE,Combined TRACON& Tower with Radar,8,25,17,0,50,0,3,9,0,12,8,28,26,0,62,10,0,10,72
11/16/2007,HTS,WV,AEA,CE,Combined TRACON& Tower with Radar,7,25,20,0,52,0,9,24,2,35,7,34,44,2,87,50,2,52,139
11/17/2007,HTS,WV,AEA,CE,Combined TRACON& Tower with Radar,4,14,13,0,31,0,0,14,0,14,4,14,27,0,45,24,0,24,69
11/18/2007,HTS,WV,AEA,CE,Combined TRACON& Tower with Radar,2,11,15,0,28,0,2,37,0,39,2,13,52,0,67,12,0,12,79
11/19/2007,HTS,WV,AEA,CE,Combined TRACON& Tower with Radar,2,17,17,0,36,0,0,21,0,21,2,17,38,0,57,48,0,48,105
11/20/2007,HTS,WV,AEA,CE,Combined TRACON& Tower with Radar,4,32,24,0,60,0,0,8,0,8,4,32,32,0,68,38,0,38,106
11/21/2007,HTS,WV,AEA,CE,Combined TRACON& Tower with Radar,2,22,27,0,51,0,0,6,0,6,2,22,33,0,57,6,0,6,63
11/22/2007,HTS,WV,AEA,CE,Combined TRACON& Tower with Radar,3,10,0,0,13,0,0,0,0,0,3,10,0,0,13,0,0,0,13
11/23/2007,HTS,WV,AEA,CE,Combined TRACON& Tower with Radar,5,14,15,0,34,0,3,4,0,7,5,17,19,0,41,0,0,0,41
11/24/2007,HTS,WV,AEA,CE,Combined TRACON& Tower with Radar,3,18,18,0,39,0,3,20,0,23,3,21,38,0,62,22,0,22,84
11/25/2007,HTS,WV,AEA,CE,Combined TRACON& Tower with Radar,9,11,11,0,31,0,1,6,0,7,9,12,17,0,38,34,0,34,72
11/26/2007,HTS,WV,AEA,CE,Combined TRACON& Tower with Radar,3,12,11,0,26,6,0,6,0,12,9,12,17,0,38,12,0,12,50
11/27/2007,HTS,WV,AEA,CE,Combined TRACON& Tower with Radar,5,22,24,10,61,0,0,24,0,24,5,22,48,10,85,8,16,24,109
11/28/2007,HTS,WV,AEA,CE,Combined TRACON& Tower with Radar,6,26,17,0,49,0,0,29,0,29,6,26,46,0,78,20,0,20,98
11/29/2007,HTS,WV,AEA,CE,Combined TRACON& Tower with Radar,11,16,14,0,41,0,5,15,0,20,11,21,29,0,61,56,0,56,117
11/30/2007,HTS,WV,AEA,CE,Combined TRACON& Tower with Radar,4,27,10,0,41,0,5,4,0,9,4,32,14,0,50,6,0,6,56
12/01/2007,HTS,WV,AEA,CE,Combined TRACON& Tower with Radar,4,17,14,0,35,0,0,0,0,0,4,17,14,0,35,54,0,54,89
12/02/2007,HTS,WV,AEA,CE,Combined TRACON& Tower with Radar,2,8,5,0,15,0,4,0,0,4,2,12,5,0,19,0,0,0,19
12/03/2007,HTS,WV,AEA,CE,Combined TRACON& Tower with Radar,2,16,21,0,39,0,0,3,0,3,2,16,24,0,42,0,0,0,42
12/04/2007,HTS,WV,AEA,CE,Combined TRACON& Tower with Radar,5,21,22,2,50,0,2,11,0,13,5,23,33,2,63,26,0,26,89
12/05/2007,HTS,WV,AEA,CE,Combined TRACON& Tower with Radar,2,21,4,0,27,0,2,1,0,3,2,23,5,0,30,0,0,0,30
12/06/2007,HTS,WV,AEA,CE,Combined TRACON& Tower with Radar,4,24,16,1,45,0,2,14,4,20,4,26,30,5,65,6,4,10,75
12/07/2007,HTS,WV,AEA,CE,Combined TRACON& Tower with Radar,4,21,11,4,40,0,6,0,0,6,4,27,11,4,46,0,43,43,89
12/08/2007,HTS,WV,AEA,CE,Combined TRACON& Tower with Radar,5,12,5,0,22,0,0,0,0,0,5,12,5,0,22,0,0,0,22
12/09/2007,HTS,WV,AEA,CE,Combined TRACON& Tower with Radar,2,7,21,0,30,0,1,1,1,3,2,8,22,1,33,12,0,12,45
12/10/2007,HTS,WV,AEA,CE,Combined TRACON& Tower with Radar,2,16,5,1,24,0,0,0,0,0,2,16,5,1,24,0,0,0,24
12/11/2007,HTS,WV,AEA,CE,Combined TRACON& Tower with Radar,4,24,22,0,50,0,2,11,0,13,4,26,33,0,63,0,0,0,63
12/12/2007,HTS,WV,AEA,CE,Combined TRACON& Tower with Radar,4,21,12,0,37,0,5,21,0,26,4,26,33,0,63,0,2,2,65
12/13/2007,HTS,WV,AEA,CE,Combined TRACON& Tower with Radar,6,27,18,0,51,0,0,0,0,0,6,27,18,0,51,0,0,0,51
12/14/2007,HTS,WV,AEA,CE,Combined TRACON& Tower with Radar,5,24,19,0,48,0,6,11,0,17,5,30,30,0,65,2,0,2,67
12/15/2007,HTS,WV,AEA,CE,Combined TRACON& Tower with Radar,2,14,6,0,22,0,3,4,0,7,2,17,10,0,29,0,0,0,29
12/16/2007,HTS,WV,AEA,CE,Combined TRACON& Tower with Radar,2,8,4,0,14,0,0,0,0,0,2,8,4,0,14,0,0,0,14
12/17/2007,HTS,WV,AEA,CE,Combined TRACON& Tower with Radar,2,19,20,0,41,0,5,13,0,18,2,24,33,0,59,36,0,36,95
12/18/2007,HTS,WV,AEA,CE,Combined TRACON& Tower with Radar,8,24,34,1,67,0,6,19,0,25,8,30,53,1,92,40,0,40,132
12/19/2007,HTS,WV,AEA,CE,Combined TRACON& Tower with Radar,4,19,29,0,52,0,0,9,0,9,4,19,38,0,61,28,0,28,89
12/20/2007,HTS,WV,AEA,CE,Combined TRACON& Tower with Radar,7,23,17,0,47,0,2,19,0,21,7,25,36,0,68,28,0,28,96
12/21/2007,HTS,WV,AEA,CE,Combined TRACON& Tower with Radar,7,21,14,0,42,0,0,10,0,10,7,21,24,0,52,30,0,30,82
12/22/2007,HTS,WV,AEA,CE,Combined TRACON& Tower with Radar,3,15,17,0,35,0,2,32,0,34,3,17,49,0,69,64,0,64,133
12/23/2007,HTS,WV,AEA,CE,Combined TRACON& Tower with Radar,2,8,4,0,14,0,0,0,0,0,2,8,4,0,14,0,0,0,14
12/24/2007,HTS,WV,AEA,CE,Combined TRACON& Tower with Radar,6,15,3,0,24,0,3,4,0,7,6,18,7,0,31,0,0,0,31
12/25/2007,HTS,WV,AEA,CE,Combined TRACON& Tower with Radar,3,9,1,0,13,0,2,4,0,6,3,11,5,0,19,0,0,0,19
12/26/2007,HTS,WV,AEA,CE,Combined TRACON& Tower with Radar,1,22,15,0,38,0,0,6,0,6,1,22,21,0,44,0,0,0,44
12/27/2007,HTS,WV,AEA,CE,Combined TRACON& Tower with Radar,4,20,16,0,40,0,12,18,0,30,4,32,34,0,70,28,0,28,98
12/28/2007,HTS,WV,AEA,CE,Combined TRACON& Tower with Radar,5,31,14,1,51,0,0,3,1,4,5,31,17,2,55,0,0,0,55
12/29/2007,HTS,WV,AEA,CE,Combined TRACON& Tower with Radar,4,17,7,0,28,0,2,10,0,12,4,19,17,0,40,6,0,6,46
12/30/2007,HTS,WV,AEA,CE,Combined TRACON& Tower with Radar,2,9,7,0,18,0,1,7,0,8,2,10,14,0,26,16,0,16,42
12/31/2007,HTS,WV,AEA,CE,Combined TRACON& Tower with Radar,2,19,6,0,27,0,7,9,0,16,2,26,15,0,43,10,0,10,53
01/01/2008,HTS,WV,AEA,CE,Combined TRACON& Tower with Radar,2,11,4,0,17,0,0,0,0,0,2,11,4,0,17,0,0,0,17
01/02/2008,HTS,WV,AEA,CE,Combined TRACON& Tower with Radar,6,19,5,0,30,0,0,4,0,4,6,19,9,0,34,0,0,0,34
01/03/2008,HTS,WV,AEA,CE,Combined TRACON& Tower with Radar,4,22,18,1,45,0,3,11,1,15,4,25,29,2,60,10,0,10,70
01/04/2008,HTS,WV,AEA,CE,Combined TRACON& Tower with Radar,5,31,20,0,56,0,6,33,3,42,5,37,53,3,98,84,16,100,198
01/05/2008,HTS,WV,AEA,CE,Combined TRACON& Tower with Radar,4,14,7,0,25,0,0,4,0,4,4,14,11,0,29,26,0,26,55
01/06/2008,HTS,WV,AEA,CE,Combined TRACON& Tower with Radar,2,8,16,0,26,0,3,2,0,5,2,11,18,0,31,38,0,38,69
01/07/2008,HTS,WV,AEA,CE,Combined TRACON& Tower with Radar,2,18,19,0,39,0,1,16,1,18,2,19,35,1,57,16,0,16,73
01/08/2008,HTS,WV,AEA,CE,Combined TRACON& Tower with Radar,2,19,9,3,33,0,3,4,0,7,2,22,13,3,40,2,26,28,68
01/09/2008,HTS,WV,AEA,CE,Combined TRACON& Tower with Radar,4,21,7,1,33,0,0,22,0,22,4,21,29,1,55,30,0,30,85
01/10/2008,HTS,WV,AEA,CE,Combined TRACON& Tower with Radar,11,20,9,0,40,0,0,15,0,15,11,20,24,0,55,8,0,8,63
01/11/2008,HTS,WV,AEA,CE,Combined TRACON& Tower with Radar,4,24,9,0,37,0,0,3,0,3,4,24,12,0,40,0,0,0,40
01/12/2008,HTS,WV,AEA,CE,Combined TRACON& Tower with Radar,4,13,17,0,34,0,0,44,0,44,4,13,61,0,78,66,0,66,144
01/13/2008,HTS,WV,AEA,CE,Combined TRACON& Tower with Radar,4,9,6,0,19,0,0,0,0,0,4,9,6,0,19,8,0,8,27
01/14/2008,HTS,WV,AEA,CE,Combined TRACON& Tower with Radar,2,17,7,0,26,0,0,0,0,0,2,17,7,0,26,0,0,0,26
01/15/2008,HTS,WV,AEA,CE,Combined TRACON& Tower with Radar,2,23,24,0,49,0,4,5,0,9,2,27,29,0,58,12,0,12,70
01/16/2008,HTS,WV,AEA,CE,Combined TRACON& Tower with Radar,1,34,26,0,61,4,4,25,0,33,5,38,51,0,94,34,0,34,128
01/17/2008,HTS,WV,AEA,CE,Combined TRACON& Tower with Radar,4,18,5,0,27,0,3,2,0,5,4,21,7,0,32,0,0,0,32
01/18/2008,HTS,WV,AEA,CE,Combined TRACON& Tower with Radar,2,23,17,0,42,0,0,7,0,7,2,23,24,0,49,14,0,14,63
01/19/2008,HTS,WV,AEA,CE,Combined TRACON& Tower with Radar,4,14,9,0,27,0,0,9,0,9,4,14,18,0,36,24,0,24,60
01/20/2008,HTS,WV,AEA,CE,Combined TRACON& Tower with Radar,1,10,9,0,20,0,8,5,0,13,1,18,14,0,33,32,0,32,65
01/21/2008,HTS,WV,AEA,CE,Combined TRACON& Tower with Radar,3,15,23,0,41,0,0,11,0,11,3,15,34,0,52,56,0,56,108
01/22/2008,HTS,WV,AEA,CE,Combined TRACON& Tower with Radar,2,19,25,0,46,0,0,2,0,2,2,19,27,0,48,14,0,14,62
01/23/2008,HTS,WV,AEA,CE,Combined TRACON& Tower with Radar,2,31,15,0,48,0,0,23,0,23,2,31,38,0,71,42,0,42,113
01/24/2008,HTS,WV,AEA,CE,Combined TRACON& Tower with Radar,4,20,14,0,38,0,2,3,0,5,4,22,17,0,43,0,0,0,43
01/25/2008,HTS,WV,AEA,CE,Combined TRACON& Tower with Radar,4,27,19,13,63,0,7,11,1,19,4,34,30,14,82,8,8,16,98
01/26/2008,HTS,WV,AEA,CE,Combined TRACON& Tower with Radar,7,11,10,0,28,0,4,10,13,27,7,15,20,13,55,44,4,48,103
01/27/2008,HTS,WV,AEA,CE,Combined TRACON& Tower with Radar,0,10,3,3,16,0,4,22,4,30,0,14,25,7,46,50,0,50,96
01/28/2008,HTS,WV,AEA,CE,Combined TRACON& Tower with Radar,2,15,8,0,25,0,0,16,2,18,2,15,24,2,43,38,0,38,81
01/29/2008,HTS,WV,AEA,CE,Combined TRACON& Tower with Radar,0,23,6,0,29,0,2,5,0,7,0,25,11,0,36,14,0,14,50
01/30/2008,HTS,WV,AEA,CE,Combined TRACON& Tower with Radar,2,24,25,0,51,0,2,14,0,16,2,26,39,0,67,28,0,28,95
01/31/2008,HTS,WV,AEA,CE,Combined TRACON& Tower with Radar,5,27,26,0,58,0,12,21,0,33,5,39,47,0,91,28,8,36,127
02/01/2008,HTS,WV,AEA,CE,Combined TRACON& Tower with Radar,4,23,9,0,36,0,0,4,0,4,4,23,13,0,40,0,0,0,40
02/02/2008,HTS,WV,AEA,CE,Combined TRACON& Tower with Radar,2,17,11,1,31,0,0,29,4,33,2,17,40,5,64,46,0,46,110
02/03/2008,HTS,WV,AEA,CE,Combined TRACON& Tower with Radar,2,8,9,0,19,0,5,26,0,31,2,13,35,0,50,24,0,24,74
02/04/2008,HTS,WV,AEA,CE,Combined TRACON& Tower with Radar,0,15,11,0,26,0,0,1,0,1,0,15,12,0,27,0,0,0,27
02/05/2008,HTS,WV,AEA,CE,Combined TRACON& Tower with Radar,10,9,18,0,37,0,0,2,0,2,10,9,20,0,39,0,0,0,39
02/06/2008,HTS,WV,AEA,CE,Combined TRACON& Tower with Radar,3,26,21,0,50,0,2,1,0,3,3,28,22,0,53,0,0,0,53
02/07/2008,HTS,WV,AEA,CE,Combined TRACON& Tower with Radar,5,23,11,0,39,0,0,14,0,14,5,23,25,0,53,0,0,0,53
02/08/2008,HTS,WV,AEA,CE,Combined TRACON& Tower with Radar,3,27,12,0,42,0,5,9,2,16,3,32,21,2,58,0,0,0,58
02/09/2008,HTS,WV,AEA,CE,Combined TRACON& Tower with Radar,6,14,9,0,29,0,14,0,0,14,6,28,9,0,43,6,0,6,49
02/10/2008,HTS,WV,AEA,CE,Combined TRACON& Tower with Radar,2,12,1,0,15,0,2,20,0,22,2,14,21,0,37,0,0,0,37
02/11/2008,HTS,WV,AEA,CE,Combined TRACON& Tower with Radar,2,15,16,0,33,0,5,12,0,17,2,20,28,0,50,22,0,22,72
02/12/2008,HTS,WV,AEA,CE,Combined TRACON& Tower with Radar,6,17,2,9,34,0,0,1,0,1,6,17,3,9,35,0,20,20,55
02/13/2008,HTS,WV,AEA,CE,Combined TRACON& Tower with Radar,2,21,7,0,30,0,0,9,0,9,2,21,16,0,39,0,0,0,39
02/14/2008,HTS,WV,AEA,CE,Combined TRACON& Tower with Radar,6,21,11,0,38,0,7,19,0,26,6,28,30,0,64,58,0,58,122
02/15/2008,HTS,WV,AEA,CE,Combined TRACON& Tower with Radar,5,21,23,0,49,0,1,13,0,14,5,22,36,0,63,22,0,22,85
02/16/2008,HTS,WV,AEA,CE,Combined TRACON& Tower with Radar,6,14,11,0,31,0,1,20,0,21,6,15,31,0,52,32,0,32,84
02/17/2008,HTS,WV,AEA,CE,Combined TRACON& Tower with Radar,5,13,10,0,28,0,0,1,8,9,5,13,11,8,37,0,12,12,49
02/18/2008,HTS,WV,AEA,CE,Combined TRACON& Tower with Radar,4,14,8,0,26,0,1,10,4,15,4,15,18,4,41,14,0,14,55
02/19/2008,HTS,WV,AEA,CE,Combined TRACON& Tower with Radar,6,17,18,1,42,0,2,5,2,9,6,19,23,3,51,16,0,16,67
02/20/2008,HTS,WV,AEA,CE,Combined TRACON& Tower with Radar,4,27,4,0,35,0,12,2,0,14,4,39,6,0,49,0,0,0,49
02/21/2008,HTS,WV,AEA,CE,Combined TRACON& Tower with Radar,8,24,8,0,40,0,0,6,0,6,8,24,14,0,46,0,0,0,46
02/22/2008,HTS,WV,AEA,CE,Combined TRACON& Tower with Radar,8,15,4,2,29,0,0,0,0,0,8,15,4,2,29,0,0,0,29
02/23/2008,HTS,WV,AEA,CE,Combined TRACON& Tower with Radar,6,20,6,0,32,0,2,3,4,9,6,22,9,4,41,0,22,22,63
02/24/2008,HTS,WV,AEA,CE,Combined TRACON& Tower with Radar,2,13,20,0,35,0,0,0,0,0,2,13,20,0,35,0,0,0,35
02/25/2008,HTS,WV,AEA,CE,Combined TRACON& Tower with Radar,2,17,13,0,32,0,1,5,0,6,2,18,18,0,38,0,0,0,38
02/26/2008,HTS,WV,AEA,CE,Combined TRACON& Tower with Radar,6,23,8,0,37,0,0,2,0,2,6,23,10,0,39,10,0,10,49
02/27/2008,HTS,WV,AEA,CE,Combined TRACON& Tower with Radar,3,17,9,0,29,0,0,4,0,4,3,17,13,0,33,0,0,0,33
02/28/2008,HTS,WV,AEA,CE,Combined TRACON& Tower with Radar,5,20,29,0,54,0,6,1,0,7,5,26,30,0,61,8,0,8,69
02/29/2008,HTS,WV,AEA,CE,Combined TRACON& Tower with Radar,4,20,14,0,38,0,11,3,0,14,4,31,17,0,52,0,0,0,52
03/01/2008,HTS,WV,AEA,CE,Combined TRACON& Tower with Radar,6,17,17,0,40,0,2,25,2,29,6,19,42,2,69,22,0,22,91
03/02/2008,HTS,WV,AEA,CE,Combined TRACON& Tower with Radar,2,8,29,0,39,0,21,46,2,69,2,29,75,2,108,72,0,72,180
03/03/2008,HTS,WV,AEA,CE,Combined TRACON& Tower with Radar,8,17,7,0,32,0,7,1,0,8,8,24,8,0,40,22,0,22,62
03/04/2008,HTS,WV,AEA,CE,Combined TRACON& Tower with Radar,6,20,9,6,41,0,0,0,0,0,6,20,9,6,41,10,0,10,51
03/05/2008,HTS,WV,AEA,CE,Combined TRACON& Tower with Radar,2,29,13,0,44,0,4,5,5,14,2,33,18,5,58,26,0,26,84
03/06/2008,HTS,WV,AEA,CE,Combined TRACON& Tower with Radar,4,26,28,0,58,0,5,25,2,32,4,31,53,2,90,52,0,52,142
03/07/2008,HTS,WV,AEA,CE,Combined TRACON& Tower with Radar,6,22,8,0,36,0,4,0,0,4,6,26,8,0,40,4,0,4,44
03/08/2008,HTS,WV,AEA,CE,Combined TRACON& Tower with Radar,6,15,5,0,26,0,0,0,0,0,6,15,5,0,26,0,0,0,26
03/09/2008,HTS,WV,AEA,CE,Combined TRACON& Tower with Radar,2,25,7,0,34,0,12,37,0,49,2,37,44,0,83,44,0,44,127
03/10/2008,HTS,WV,AEA,CE,Combined TRACON& Tower with Radar,3,20,23,0,46,0,0,4,0,4,3,20,27,0,50,38,0,38,88
03/11/2008,HTS,WV,AEA,CE,Combined TRACON& Tower with Radar,11,24,33,0,68,0,0,3,5,8,11,24,36,5,76,8,0,8,84
03/12/2008,HTS,WV,AEA,CE,Combined TRACON& Tower with Radar,2,17,43,0,62,0,0,72,2,74,2,17,115,2,136,76,0,76,212
03/13/2008,HTS,WV,AEA,CE,Combined TRACON& Tower with Radar,4,31,11,1,47,0,4,18,0,22,4,35,29,1,69,44,0,44,113
03/14/2008,HTS,WV,AEA,CE,Combined TRACON& Tower with Radar,4,24,14,0,42,0,6,6,4,16,4,30,20,4,58,4,0,4,62
03/15/2008,HTS,WV,AEA,CE,Combined TRACON& Tower with Radar,7,21,3,0,31,0,0,6,0,6,7,21,9,0,37,22,0,22,59
03/16/2008,HTS,WV,AEA,CE,Combined TRACON& Tower with Radar,2,7,16,1,26,0,0,28,0,28,2,7,44,1,54,60,0,60,114
03/17/2008,HTS,WV,AEA,CE,Combined TRACON& Tower with Radar,2,39,30,0,71,0,5,30,0,35,2,44,60,0,106,36,0,36,142
03/18/2008,HTS,WV,AEA,CE,Combined TRACON& Tower with Radar,6,20,14,0,40,0,12,48,0,60,6,32,62,0,100,86,0,86,186
03/19/2008,HTS,WV,AEA,CE,Combined TRACON& Tower with Radar,4,16,4,0,24,0,0,32,0,32,4,16,36,0,56,52,0,52,108
03/20/2008,HTS,WV,AEA,CE,Combined TRACON& Tower with Radar,3,21,22,0,46,0,0,13,0,13,3,21,35,0,59,78,0,78,137
03/21/2008,HTS,WV,AEA,CE,Combined TRACON& Tower with Radar,5,18,24,2,49,0,6,28,6,40,5,24,52,8,89,126,0,126,215
03/22/2008,HTS,WV,AEA,CE,Combined TRACON& Tower with Radar,6,14,3,0,23,0,8,2,0,10,6,22,5,0,33,0,0,0,33
03/23/2008,HTS,WV,AEA,CE,Combined TRACON& Tower with Radar,0,8,20,0,28,0,0,6,0,6,0,8,26,0,34,50,0,50,84
03/24/2008,HTS,WV,AEA,CE,Combined TRACON& Tower with Radar,5,16,16,0,37,0,1,13,0,14,5,17,29,0,51,14,0,14,65
03/25/2008,HTS,WV,AEA,CE,Combined TRACON& Tower with Radar,9,24,15,0,48,0,0,11,0,11,9,24,26,0,59,0,0,0,59
03/26/2008,HTS,WV,AEA,CE,Combined TRACON& Tower with Radar,2,22,8,0,32,0,2,6,0,8,2,24,14,0,40,14,0,14,54
03/27/2008,HTS,WV,AEA,CE,Combined TRACON& Tower with Radar,4,23,6,0,33,0,0,0,0,0,4,23,6,0,33,0,0,0,33
03/28/2008,HTS,WV,AEA,CE,Combined TRACON& Tower with Radar,4,23,20,0,47,0,1,0,0,1,4,24,20,0,48,0,0,0,48
03/29/2008,HTS,WV,AEA,CE,Combined TRACON& Tower with Radar,6,21,8,0,35,0,0,17,0,17,6,21,25,0,52,22,0,22,74
03/30/2008,HTS,WV,AEA,CE,Combined TRACON& Tower with Radar,2,14,14,0,30,0,4,4,0,8,2,18,18,0,38,18,0,18,56
03/31/2008,HTS,WV,AEA,CE,Combined TRACON& Tower with Radar,2,9,5,0,16,0,2,4,0,6,2,11,9,0,22,34,0,34,56
04/01/2008,HTS,WV,AEA,CE,Combined TRACON& Tower with Radar,6,22,3,1,32,0,3,36,1,40,6,25,39,2,72,0,0,0,72
04/02/2008,HTS,WV,AEA,CE,Combined TRACON& Tower with Radar,2,17,10,0,29,0,4,25,0,29,2,21,35,0,58,24,8,32,90
04/03/2008,HTS,WV,AEA,CE,Combined TRACON& Tower with Radar,4,25,18,0,47,0,1,11,0,12,4,26,29,0,59,6,0,6,65
04/04/2008,HTS,WV,AEA,CE,Combined TRACON& Tower with Radar,4,28,11,0,43,0,0,8,0,8,4,28,19,0,51,6,0,6,57
04/05/2008,HTS,WV,AEA,CE,Combined TRACON& Tower with Radar,8,14,7,0,29,0,0,3,0,3,8,14,10,0,32,24,0,24,56
04/06/2008,HTS,WV,AEA,CE,Combined TRACON& Tower with Radar,2,12,34,0,48,0,6,74,0,80,2,18,108,0,128,120,0,120,248
04/07/2008,HTS,WV,AEA,CE,Combined TRACON& Tower with Radar,2,16,13,0,31,0,0,17,8,25,2,16,30,8,56,52,0,52,108
04/08/2008,HTS,WV,AEA,CE,Combined TRACON& Tower with Radar,6,20,20,10,56,0,4,18,1,23,6,24,38,11,79,80,2,82,161
04/09/2008,HTS,WV,AEA,CE,Combined TRACON& Tower with Radar,2,22,22,2,48,1,12,22,0,35,3,34,44,2,83,24,18,42,125
04/10/2008,HTS,WV,AEA,CE,Combined TRACON& Tower with Radar,4,21,13,1,39,0,2,14,1,17,4,23,27,2,56,40,0,40,96
04/11/2008,HTS,WV,AEA,CE,Combined TRACON& Tower with Radar,3,20,2,0,25,0,4,0,8,12,3,24,2,8,37,0,0,0,37
04/12/2008,HTS,WV,AEA,CE,Combined TRACON& Tower with Radar,13,17,13,0,43,0,3,11,0,14,13,20,24,0,57,32,0,32,89
04/13/2008,HTS,WV,AEA,CE,Combined TRACON& Tower with Radar,2,10,11,0,23,0,0,1,2,3,2,10,12,2,26,0,0,0,26
04/14/2008,HTS,WV,AEA,CE,Combined TRACON& Tower with Radar,4,23,16,3,46,0,3,9,0,12,4,26,25,3,58,28,0,28,86
04/15/2008,HTS,WV,AEA,CE,Combined TRACON& Tower with Radar,6,14,22,2,44,0,1,21,0,22,6,15,43,2,66,68,0,68,134
04/16/2008,HTS,WV,AEA,CE,Combined TRACON& Tower with Radar,2,23,28,1,54,0,5,39,0,44,2,28,67,1,98,66,0,66,164
04/17/2008,HTS,WV,AEA,CE,Combined TRACON& Tower with Radar,4,26,13,0,43,0,0,27,0,27,4,26,40,0,70,60,2,62,132
04/18/2008,HTS,WV,AEA,CE,Combined TRACON& Tower with Radar,4,25,20,0,49,0,0,39,0,39,4,25,59,0,88,56,0,56,144
04/19/2008,HTS,WV,AEA,CE,Combined TRACON& Tower with Radar,6,13,11,0,30,0,0,8,0,8,6,13,19,0,38,12,0,12,50
04/20/2008,HTS,WV,AEA,CE,Combined TRACON& Tower with Radar,2,14,4,0,20,0,1,1,0,2,2,15,5,0,22,12,0,12,34
04/21/2008,HTS,WV,AEA,CE,Combined TRACON& Tower with Radar,2,14,23,2,41,0,0,22,0,22,2,14,45,2,63,30,2,32,95
04/22/2008,HTS,WV,AEA,CE,Combined TRACON& Tower with Radar,7,21,16,5,49,0,0,13,2,15,7,21,29,7,64,24,30,54,118
04/23/2008,HTS,WV,AEA,CE,Combined TRACON& Tower with Radar,3,24,19,0,46,0,5,17,0,22,3,29,36,0,68,36,0,36,104
04/24/2008,HTS,WV,AEA,CE,Combined TRACON& Tower with Radar,4,22,39,1,66,0,0,17,0,17,4,22,56,1,83,46,0,46,129
04/25/2008,HTS,WV,AEA,CE,Combined TRACON& Tower with Radar,4,27,16,0,47,0,0,4,2,6,4,27,20,2,53,78,0,78,131
04/26/2008,HTS,WV,AEA,CE,Combined TRACON& Tower with Radar,6,16,7,0,29,0,4,4,0,8,6,20,11,0,37,10,0,10,47
04/27/2008,HTS,WV,AEA,CE,Combined TRACON& Tower with Radar,2,14,12,0,28,0,0,18,2,20,2,14,30,2,48,38,0,38,86
04/28/2008,HTS,WV,AEA,CE,Combined TRACON& Tower with Radar,3,18,28,3,52,0,0,8,0,8,3,18,36,3,60,0,0,0,60
04/29/2008,HTS,WV,AEA,CE,Combined TRACON& Tower with Radar,6,21,9,11,47,0,0,3,0,3,6,21,12,11,50,0,30,30,80
04/30/2008,HTS,WV,AEA,CE,Combined TRACON& Tower with Radar,2,23,18,4,47,0,2,23,2,27,2,25,41,6,74,22,4,26,100
05/01/2008,HTS,WV,AEA,CE,Combined TRACON& Tower with Radar,4,22,16,0,42,0,12,16,0,28,4,34,32,0,70,30,0,30,100
05/02/2008,HTS,WV,AEA,CE,Combined TRACON& Tower with Radar,4,27,22,0,53,0,7,16,0,23,4,34,38,0,76,6,0,6,82
05/03/2008,HTS,WV,AEA,CE,Combined TRACON& Tower with Radar,10,15,5,0,30,0,0,5,0,5,10,15,10,0,35,0,0,0,35
05/04/2008,HTS,WV,AEA,CE,Combined TRACON& Tower with Radar,2,8,10,2,22,0,2,19,2,23,2,10,29,4,45,54,0,54,99
05/05/2008,HTS,WV,AEA,CE,Combined TRACON& Tower with Radar,4,21,11,4,40,0,0,33,0,33,4,21,44,4,73,60,0,60,133
05/06/2008,HTS,WV,AEA,CE,Combined TRACON& Tower with Radar,6,15,10,4,35,0,2,27,0,29,6,17,37,4,64,58,0,58,122
05/07/2008,HTS,WV,AEA,CE,Combined TRACON& Tower with Radar,2,21,15,3,41,0,2,12,2,16,2,23,27,5,57,44,0,44,101
05/08/2008,HTS,WV,AEA,CE,Combined TRACON& Tower with Radar,4,20,15,0,39,0,0,8,0,8,4,20,23,0,47,2,0,2,49
05/09/2008,HTS,WV,AEA,CE,Combined TRACON& Tower with Radar,5,22,28,0,55,0,8,15,0,23,5,30,43,0,78,0,6,6,84
05/10/2008,HTS,WV,AEA,CE,Combined TRACON& Tower with Radar,6,14,24,1,45,0,0,22,4,26,6,14,46,5,71,96,0,96,167
05/11/2008,HTS,WV,AEA,CE,Combined TRACON& Tower with Radar,4,10,16,0,30,0,10,0,0,10,4,20,16,0,40,0,0,0,40
05/12/2008,HTS,WV,AEA,CE,Combined TRACON& Tower with Radar,5,24,11,0,40,0,0,1,3,4,5,24,12,3,44,0,0,0,44
05/13/2008,HTS,WV,AEA,CE,Combined TRACON& Tower with Radar,6,28,14,8,56,0,10,4,4,18,6,38,18,12,74,26,24,50,124
05/14/2008,HTS,WV,AEA,CE,Combined TRACON& Tower with Radar,2,22,18,0,42,0,2,11,0,13,2,24,29,0,55,36,0,36,91
05/15/2008,HTS,WV,AEA,CE,Combined TRACON& Tower with Radar,4,20,24,0,48,0,0,0,7,7,4,20,24,7,55,0,0,0,55
05/16/2008,HTS,WV,AEA,CE,Combined TRACON& Tower with Radar,7,20,19,0,46,0,0,2,0,2,7,20,21,0,48,0,0,0,48
05/17/2008,HTS,WV,AEA,CE,Combined TRACON& Tower with Radar,6,12,13,6,37,0,2,32,14,48,6,14,45,20,85,34,10,44,129
05/18/2008,HTS,WV,AEA,CE,Combined TRACON& Tower with Radar,2,10,6,0,18,0,6,4,2,12,2,16,10,2,30,6,0,6,36
05/19/2008,HTS,WV,AEA,CE,Combined TRACON& Tower with Radar,4,16,19,0,39,0,0,18,2,20,4,16,37,2,59,12,0,12,71
05/20/2008,HTS,WV,AEA,CE,Combined TRACON& Tower with Radar,4,20,18,10,52,0,0,10,0,10,4,20,28,10,62,0,10,10,72
05/21/2008,HTS,WV,AEA,CE,Combined TRACON& Tower with Radar,2,28,27,0,57,0,4,18,0,22,2,32,45,0,79,22,0,22,101
05/22/2008,HTS,WV,AEA,CE,Combined TRACON& Tower with Radar,6,26,16,0,48,0,5,14,6,25,6,31,30,6,73,52,0,52,125
05/23/2008,HTS,WV,AEA,CE,Combined TRACON& Tower with Radar,7,24,18,0,49,0,1,27,3,31,7,25,45,3,80,52,2,54,134
05/24/2008,HTS,WV,AEA,CE,Combined TRACON& Tower with Radar,6,15,8,0,29,0,0,33,0,33,6,15,41,0,62,42,0,42,104
05/25/2008,HTS,WV,AEA,CE,Combined TRACON& Tower with Radar,2,9,11,0,22,0,5,28,0,33,2,14,39,0,55,34,0,34,89
05/26/2008,HTS,WV,AEA,CE,Combined TRACON& Tower with Radar,4,14,8,0,26,0,4,28,8,40,4,18,36,8,66,38,0,38,104
05/27/2008,HTS,WV,AEA,CE,Combined TRACON& Tower with Radar,2,18,20,0,40,0,0,3,0,3,2,18,23,0,43,0,0,0,43
05/28/2008,HTS,WV,AEA,CE,Combined TRACON& Tower with Radar,2,26,21,0,49,0,3,13,3,19,2,29,34,3,68,12,0,12,80
05/29/2008,HTS,WV,AEA,CE,Combined TRACON& Tower with Radar,4,21,34,0,59,0,3,27,3,33,4,24,61,3,92,32,0,32,124
05/30/2008,HTS,WV,AEA,CE,Combined TRACON& Tower with Radar,7,20,15,0,42,0,6,23,0,29,7,26,38,0,71,42,0,42,113
05/31/2008,HTS,WV,AEA,CE,Combined TRACON& Tower with Radar,5,13,14,0,32,0,2,3,0,5,5,15,17,0,37,8,0,8,45
06/01/2008,HTS,WV,AEA,CE,Combined TRACON& Tower with Radar,2,11,22,0,35,0,2,15,0,17,2,13,37,0,52,56,0,56,108
06/02/2008,HTS,WV,AEA,CE,Combined TRACON& Tower with Radar,4,14,23,0,41,0,0,23,0,23,4,14,46,0,64,64,0,64,128
06/03/2008,HTS,WV,AEA,CE,Combined TRACON& Tower with Radar,5,16,7,0,28,0,0,3,0,3,5,16,10,0,31,2,0,2,33
06/04/2008,HTS,WV,AEA,CE,Combined TRACON& Tower with Radar,2,21,16,2,41,0,0,1,0,1,2,21,17,2,42,4,0,4,46
06/05/2008,HTS,WV,AEA,CE,Combined TRACON& Tower with Radar,4,30,18,0,52,0,0,21,0,21,4,30,39,0,73,54,0,54,127
06/06/2008,HTS,WV,AEA,CE,Combined TRACON& Tower with Radar,6,16,10,0,32,0,2,4,0,6,6,18,14,0,38,22,0,22,60
06/07/2008,HTS,WV,AEA,CE,Combined TRACON& Tower with Radar,6,16,7,0,29,0,4,15,0,19,6,20,22,0,48,16,0,16,64
06/08/2008,HTS,WV,AEA,CE,Combined TRACON& Tower with Radar,6,6,4,0,16,0,0,21,0,21,6,6,25,0,37,58,0,58,95
06/09/2008,HTS,WV,AEA,CE,Combined TRACON& Tower with Radar,4,17,10,0,31,0,4,8,0,12,4,21,18,0,43,0,0,0,43
06/10/2008,HTS,WV,AEA,CE,Combined TRACON& Tower with Radar,4,15,16,2,37,0,2,8,0,10,4,17,24,2,47,6,0,6,53
06/11/2008,HTS,WV,AEA,CE,Combined TRACON& Tower with Radar,2,25,12,0,39,0,2,45,0,47,2,27,57,0,86,64,0,64,150
06/12/2008,HTS,WV,AEA,CE,Combined TRACON& Tower with Radar,4,22,11,0,37,0,13,25,0,38,4,35,36,0,75,56,0,56,131
06/13/2008,HTS,WV,AEA,CE,Combined TRACON& Tower with Radar,8,26,12,0,46,0,1,24,0,25,8,27,36,0,71,46,0,46,117
06/14/2008,HTS,WV,AEA,CE,Combined TRACON& Tower with Radar,5,17,5,0,27,0,0,5,0,5,5,17,10,0,32,4,0,4,36
06/15/2008,HTS,WV,AEA,CE,Combined TRACON& Tower with Radar,2,9,7,0,18,0,2,17,0,19,2,11,24,0,37,44,0,44,81
06/16/2008,HTS,WV,AEA,CE,Combined TRACON& Tower with Radar,5,17,19,0,41,0,5,7,0,12,5,22,26,0,53,80,0,80,133
06/17/2008,HTS,WV,AEA,CE,Combined TRACON& Tower with Radar,4,23,27,3,57,0,3,25,3,31,4,26,52,6,88,20,32,52,140
06/18/2008,HTS,WV,AEA,CE,Combined TRACON& Tower with Radar,4,25,32,0,61,0,7,27,0,34,4,32,59,0,95,84,0,84,179
06/19/2008,HTS,WV,AEA,CE,Combined TRACON& Tower with Radar,5,21,18,0,44,0,2,2,2,6,5,23,20,2,50,52,0,52,102
06/20/2008,HTS,WV,AEA,CE,Combined TRACON& Tower with Radar,8,29,31,0,68,0,3,20,0,23,8,32,51,0,91,32,0,32,123
06/21/2008,HTS,WV,AEA,CE,Combined TRACON& Tower with Radar,6,19,15,0,40,0,6,15,2,23,6,25,30,2,63,54,0,54,117
06/22/2008,HTS,WV,AEA,CE,Combined TRACON& Tower with Radar,2,10,8,0,20,0,0,9,0,9,2,10,17,0,29,42,0,42,71
06/23/2008,HTS,WV,AEA,CE,Combined TRACON& Tower with Radar,4,21,15,0,40,0,3,10,0,13,4,24,25,0,53,22,0,22,75
06/24/2008,HTS,WV,AEA,CE,Combined TRACON& Tower with Radar,4,19,26,0,49,0,8,20,0,28,4,27,46,0,77,76,0,76,153
06/25/2008,HTS,WV,AEA,CE,Combined TRACON& Tower with Radar,4,20,20,0,44,0,7,6,0,13,4,27,26,0,57,38,0,38,95
06/26/2008,HTS,WV,AEA,CE,Combined TRACON& Tower with Radar,5,20,13,0,38,0,10,10,0,20,5,30,23,0,58,34,0,34,92
06/27/2008,HTS,WV,AEA,CE,Combined TRACON& Tower with Radar,6,17,6,0,29,0,1,14,0,15,6,18,20,0,44,32,0,32,76
06/28/2008,HTS,WV,AEA,CE,Combined TRACON& Tower with Radar,7,18,9,5,39,0,3,5,1,9,7,21,14,6,48,8,0,8,56
06/29/2008,HTS,WV,AEA,CE,Combined TRACON& Tower with Radar,3,10,17,0,30,0,0,1,0,1,3,10,18,0,31,44,0,44,75
06/30/2008,HTS,WV,AEA,CE,Combined TRACON& Tower with Radar,4,16,11,0,31,0,6,4,0,10,4,22,15,0,41,38,0,38,79
07/01/2008,HTS,WV,AEA,CE,Combined TRACON& Tower with Radar,4,16,24,2,46,0,5,21,14,40,4,21,45,16,86,54,14,68,154
07/02/2008,HTS,WV,AEA,CE,Combined TRACON& Tower with Radar,2,15,21,2,40,0,0,25,0,25,2,15,46,2,65,56,10,66,131
07/03/2008,HTS,WV,AEA,CE,Combined TRACON& Tower with Radar,4,15,12,0,31,0,2,9,2,13,4,17,21,2,44,36,0,36,80
07/04/2008,HTS,WV,AEA,CE,Combined TRACON& Tower with Radar,6,15,8,0,29,0,0,1,0,1,6,15,9,0,30,0,0,0,30
07/05/2008,HTS,WV,AEA,CE,Combined TRACON& Tower with Radar,6,12,12,0,30,0,0,0,0,0,6,12,12,0,30,0,0,0,30
07/06/2008,HTS,WV,AEA,CE,Combined TRACON& Tower with Radar,2,12,16,0,30,0,2,7,0,9,2,14,23,0,39,38,0,38,77
07/07/2008,HTS,WV,AEA,CE,Combined TRACON& Tower with Radar,6,17,21,0,44,0,0,23,0,23,6,17,44,0,67,38,0,38,105
07/08/2008,HTS,WV,AEA,CE,Combined TRACON& Tower with Radar,6,16,24,0,46,0,2,9,0,11,6,18,33,0,57,40,0,40,97
07/09/2008,HTS,WV,AEA,CE,Combined TRACON& Tower with Radar,5,21,16,2,44,0,2,4,0,6,5,23,20,2,50,12,0,12,62
07/10/2008,HTS,WV,AEA,CE,Combined TRACON& Tower with Radar,4,31,38,3,76,0,1,33,5,39,4,32,71,8,115,50,0,50,165
07/11/2008,HTS,WV,AEA,CE,Combined TRACON& Tower with Radar,8,26,11,0,45,0,3,16,0,19,8,29,27,0,64,20,0,20,84
07/12/2008,HTS,WV,AEA,CE,Combined TRACON& Tower with Radar,6,12,9,2,29,0,13,79,0,92,6,25,88,2,121,22,4,26,147
07/13/2008,HTS,WV,AEA,CE,Combined TRACON& Tower with Radar,2,9,21,0,32,0,4,32,0,36,2,13,53,0,68,22,0,22,90
07/14/2008,HTS,WV,AEA,CE,Combined TRACON& Tower with Radar,6,16,47,2,71,0,2,31,0,33,6,18,78,2,104,56,0,56,160
07/15/2008,HTS,WV,AEA,CE,Combined TRACON& Tower with Radar,14,19,12,7,52,0,0,32,1,33,14,19,44,8,85,10,8,18,103
07/16/2008,HTS,WV,AEA,CE,Combined TRACON& Tower with Radar,2,18,21,0,41,0,5,16,0,21,2,23,37,0,62,6,0,6,68
07/17/2008,HTS,WV,AEA,CE,Combined TRACON& Tower with Radar,3,24,21,0,48,0,2,32,0,34,3,26,53,0,82,12,0,12,94
07/18/2008,HTS,WV,AEA,CE,Combined TRACON& Tower with Radar,6,20,11,0,37,0,2,30,0,32,6,22,41,0,69,44,0,44,113
07/19/2008,HTS,WV,AEA,CE,Combined TRACON& Tower with Radar,6,13,9,0,28,0,0,17,0,17,6,13,26,0,45,22,0,22,67
07/20/2008,HTS,WV,AEA,CE,Combined TRACON& Tower with Radar,2,8,15,0,25,0,4,4,0,8,2,12,19,0,33,50,0,50,83
07/21/2008,HTS,WV,AEA,CE,Combined TRACON& Tower with Radar,6,14,12,0,32,0,2,7,0,9,6,16,19,0,41,40,0,40,81
07/22/2008,HTS,WV,AEA,CE,Combined TRACON& Tower with Radar,4,19,19,0,42,0,5,11,1,17,4,24,30,1,59,25,0,25,84
07/23/2008,HTS,WV,AEA,CE,Combined TRACON& Tower with Radar,6,16,6,0,28,0,0,37,0,37,6,16,43,0,65,8,0,8,73
07/24/2008,HTS,WV,AEA,CE,Combined TRACON& Tower with Radar,4,23,21,4,52,0,3,33,0,36,4,26,54,4,88,12,0,12,100
07/25/2008,HTS,WV,AEA,CE,Combined TRACON& Tower with Radar,5,18,19,3,45,0,0,19,0,19,5,18,38,3,64,18,12,30,94
07/26/2008,HTS,WV,AEA,CE,Combined TRACON& Tower with Radar,7,19,24,0,50,0,6,13,0,19,7,25,37,0,69,42,0,42,111
07/27/2008,HTS,WV,AEA,CE,Combined TRACON& Tower with Radar,3,10,12,0,25,0,0,6,0,6,3,10,18,0,31,12,0,12,43
07/28/2008,HTS,WV,AEA,CE,Combined TRACON& Tower with Radar,5,17,14,0,36,0,5,7,3,15,5,22,21,3,51,14,0,14,65
07/29/2008,HTS,WV,AEA,CE,Combined TRACON& Tower with Radar,14,14,14,0,42,0,0,13,10,23,14,14,27,10,65,28,0,28,93
07/30/2008,HTS,WV,AEA,CE,Combined TRACON& Tower with Radar,0,26,29,0,55,0,5,9,0,14,0,31,38,0,69,26,0,26,95
07/31/2008,HTS,WV,AEA,CE,Combined TRACON& Tower with Radar,4,20,13,2,39,0,0,5,4,9,4,20,18,6,48,0,0,0,48
08/01/2008,HTS,WV,AEA,CE,Combined TRACON& Tower with Radar,7,24,21,2,54,0,3,21,3,27,7,27,42,5,81,30,4,34,115
08/02/2008,HTS,WV,AEA,CE,Combined TRACON& Tower with Radar,7,16,4,0,27,0,2,3,0,5,7,18,7,0,32,42,0,42,74
08/03/2008,HTS,WV,AEA,CE,Combined TRACON& Tower with Radar,2,9,43,4,58,0,19,95,0,114,2,28,138,4,172,72,0,72,244
08/04/2008,HTS,WV,AEA,CE,Combined TRACON& Tower with Radar,6,17,9,3,35,0,8,21,2,31,6,25,30,5,66,60,0,60,126
08/05/2008,HTS,WV,AEA,CE,Combined TRACON& Tower with Radar,6,18,7,1,32,0,0,11,1,12,6,18,18,2,44,10,48,58,102
08/06/2008,HTS,WV,AEA,CE,Combined TRACON& Tower with Radar,2,26,19,0,47,0,2,2,3,7,2,28,21,3,54,4,0,4,58
08/07/2008,HTS,WV,AEA,CE,Combined TRACON& Tower with Radar,4,21,23,0,48,0,0,19,7,26,4,21,42,7,74,20,0,20,94
08/08/2008,HTS,WV,AEA,CE,Combined TRACON& Tower with Radar,6,19,12,0,37,0,6,19,0,25,6,25,31,0,62,46,0,46,108
08/09/2008,HTS,WV,AEA,CE,Combined TRACON& Tower with Radar,6,15,10,0,31,0,5,13,0,18,6,20,23,0,49,58,0,58,107
08/10/2008,HTS,WV,AEA,CE,Combined TRACON& Tower with Radar,4,8,9,1,22,0,7,3,0,10,4,15,12,1,32,58,0,58,90
08/11/2008,HTS,WV,AEA,CE,Combined TRACON& Tower with Radar,9,14,18,0,41,0,2,19,0,21,9,16,37,0,62,36,0,36,98
08/12/2008,HTS,WV,AEA,CE,Combined TRACON& Tower with Radar,6,20,14,0,40,7,13,21,0,41,13,33,35,0,81,94,0,94,175
08/13/2008,HTS,WV,AEA,CE,Combined TRACON& Tower with Radar,2,22,15,0,39,0,0,3,2,5,2,22,18,2,44,0,0,0,44
08/14/2008,HTS,WV,AEA,CE,Combined TRACON& Tower with Radar,4,19,9,0,32,0,0,2,0,2,4,19,11,0,34,8,0,8,42
08/15/2008,HTS,WV,AEA,CE,Combined TRACON& Tower with Radar,11,17,21,0,49,0,0,11,0,11,11,17,32,0,60,24,0,24,84
08/16/2008,HTS,WV,AEA,CE,Combined TRACON& Tower with Radar,6,13,7,0,26,0,2,22,0,24,6,15,29,0,50,64,0,64,114
08/17/2008,HTS,WV,AEA,CE,Combined TRACON& Tower with Radar,2,8,14,3,27,0,4,22,0,26,2,12,36,3,53,76,0,76,129
08/18/2008,HTS,WV,AEA,CE,Combined TRACON& Tower with Radar,5,14,13,0,32,0,2,18,0,20,5,16,31,0,52,72,0,72,124
08/19/2008,HTS,WV,AEA,CE,Combined TRACON& Tower with Radar,4,22,25,2,53,0,0,27,0,27,4,22,52,2,80,0,0,0,80
08/20/2008,HTS,WV,AEA,CE,Combined TRACON& Tower with Radar,2,19,29,0,50,0,2,32,1,35,2,21,61,1,85,42,0,42,127
08/21/2008,HTS,WV,AEA,CE,Combined TRACON& Tower with Radar,4,23,15,0,42,0,8,15,0,23,4,31,30,0,65,30,0,30,95
08/22/2008,HTS,WV,AEA,CE,Combined TRACON& Tower with Radar,6,17,11,0,34,0,14,2,0,16,6,31,13,0,50,22,0,22,72
08/23/2008,HTS,WV,AEA,CE,Combined TRACON& Tower with Radar,4,10,13,0,27,0,3,21,2,26,4,13,34,2,53,38,6,44,97
08/24/2008,HTS,WV,AEA,CE,Combined TRACON& Tower with Radar,2,9,17,0,28,0,3,21,0,24,2,12,38,0,52,90,0,90,142
08/25/2008,HTS,WV,AEA,CE,Combined TRACON& Tower with Radar,0,18,13,1,32,0,10,4,0,14,0,28,17,1,46,66,0,66,112
08/26/2008,HTS,WV,AEA,CE,Combined TRACON& Tower with Radar,0,6,11,4,21,0,11,11,5,27,0,17,22,9,48,34,0,34,82
08/27/2008,HTS,WV,AEA,CE,Combined TRACON& Tower with Radar,2,24,18,0,44,0,0,0,0,0,2,24,18,0,44,0,0,0,44
08/28/2008,HTS,WV,AEA,CE,Combined TRACON& Tower with Radar,4,18,10,0,32,0,1,8,0,9,4,19,18,0,41,8,0,8,49
08/29/2008,HTS,WV,AEA,CE,Combined TRACON& Tower with Radar,4,24,18,0,46,0,2,14,0,16,4,26,32,0,62,70,0,70,132
08/30/2008,HTS,WV,AEA,CE,Combined TRACON& Tower with Radar,4,12,12,0,28,0,4,6,0,10,4,16,18,0,38,28,0,28,66
08/31/2008,HTS,WV,AEA,CE,Combined TRACON& Tower with Radar,4,8,10,0,22,0,5,6,0,11,4,13,16,0,33,50,0,50,83
09/01/2008,HTS,WV,AEA,CE,Combined TRACON& Tower with Radar,1,10,18,0,29,0,2,21,0,23,1,12,39,0,52,26,0,26,78
09/02/2008,HTS,WV,AEA,CE,Combined TRACON& Tower with Radar,0,17,27,0,44,0,0,27,16,43,0,17,54,16,87,50,8,58,145
09/03/2008,HTS,WV,AEA,CE,Combined TRACON& Tower with Radar,2,19,20,0,41,0,6,19,0,25,2,25,39,0,66,40,0,40,106
09/04/2008,HTS,WV,AEA,CE,Combined TRACON& Tower with Radar,5,18,23,0,46,0,6,17,4,27,5,24,40,4,73,54,0,54,127
09/05/2008,HTS,WV,AEA,CE,Combined TRACON& Tower with Radar,4,20,11,0,35,0,4,10,0,14,4,24,21,0,49,26,0,26,75
09/06/2008,HTS,WV,AEA,CE,Combined TRACON& Tower with Radar,6,12,8,0,26,0,0,5,0,5,6,12,13,0,31,20,0,20,51
09/07/2008,HTS,WV,AEA,CE,Combined TRACON& Tower with Radar,3,13,9,1,26,0,8,35,0,43,3,21,44,1,69,50,0,50,119
09/08/2008,HTS,WV,AEA,CE,Combined TRACON& Tower with Radar,0,18,7,0,25,0,8,20,0,28,0,26,27,0,53,62,0,62,115
09/09/2008,HTS,WV,AEA,CE,Combined TRACON& Tower with Radar,2,16,11,0,29,0,8,6,0,14,2,24,17,0,43,28,0,28,71
09/10/2008,HTS,WV,AEA,CE,Combined TRACON& Tower with Radar,2,18,22,0,42,0,5,10,0,15,2,23,32,0,57,40,0,40,97
09/11/2008,HTS,WV,AEA,CE,Combined TRACON& Tower with Radar,4,26,22,0,52,0,8,19,0,27,4,34,41,0,79,20,0,20,99
09/12/2008,HTS,WV,AEA,CE,Combined TRACON& Tower with Radar,4,22,12,1,39,0,0,6,2,8,4,22,18,3,47,2,0,2,49
09/13/2008,HTS,WV,AEA,CE,Combined TRACON& Tower with Radar,4,20,4,0,28,0,5,4,0,9,4,25,8,0,37,26,0,26,63
09/14/2008,HTS,WV,AEA,CE,Combined TRACON& Tower with Radar,3,12,8,0,23,0,4,11,0,15,3,16,19,0,38,6,0,6,44
09/15/2008,HTS,WV,AEA,CE,Combined TRACON& Tower with Radar,0,16,21,0,37,0,1,18,2,21,0,17,39,2,58,0,0,0,58
09/16/2008,HTS,WV,AEA,CE,Combined TRACON& Tower with Radar,3,17,29,2,51,0,4,24,1,29,3,21,53,3,80,72,0,72,152
09/17/2008,HTS,WV,AEA,CE,Combined TRACON& Tower with Radar,4,15,24,0,43,0,2,22,0,24,4,17,46,0,67,34,0,34,101
09/18/2008,HTS,WV,AEA,CE,Combined TRACON& Tower with Radar,4,17,25,0,46,0,10,48,0,58,4,27,73,0,104,44,0,44,148
09/19/2008,HTS,WV,AEA,CE,Combined TRACON& Tower with Radar,2,26,18,0,46,0,2,24,4,30,2,28,42,4,76,58,0,58,134
09/20/2008,HTS,WV,AEA,CE,Combined TRACON& Tower with Radar,4,12,13,0,29,0,1,12,0,13,4,13,25,0,42,54,0,54,96
09/21/2008,HTS,WV,AEA,CE,Combined TRACON& Tower with Radar,6,10,11,0,27,0,12,50,0,62,6,22,61,0,89,38,0,38,127
09/22/2008,HTS,WV,AEA,CE,Combined TRACON& Tower with Radar,4,13,15,0,32,0,12,8,2,22,4,25,23,2,54,12,6,18,72
09/23/2008,HTS,WV,AEA,CE,Combined TRACON& Tower with Radar,2,22,29,6,59,0,4,25,0,29,2,26,54,6,88,30,0,30,118
09/24/2008,HTS,WV,AEA,CE,Combined TRACON& Tower with Radar,2,19,10,2,33,0,2,17,0,19,2,21,27,2,52,52,0,52,104
09/25/2008,HTS,WV,AEA,CE,Combined TRACON& Tower with Radar,5,27,10,0,42,0,8,25,0,33,5,35,35,0,75,20,0,20,95
09/26/2008,HTS,WV,AEA,CE,Combined TRACON& Tower with Radar,4,29,33,0,66,0,3,2,0,5,4,32,35,0,71,30,0,30,101
09/27/2008,HTS,WV,AEA,CE,Combined TRACON& Tower with Radar,4,16,23,0,43,0,7,8,0,15,4,23,31,0,58,0,0,0,58
09/28/2008,HTS,WV,AEA,CE,Combined TRACON& Tower with Radar,2,10,18,2,32,0,0,14,0,14,2,10,32,2,46,30,0,30,76
09/29/2008,HTS,WV,AEA,CE,Combined TRACON& Tower with Radar,2,18,7,0,27,0,6,20,0,26,2,24,27,0,53,30,0,30,83
09/30/2008,HTS,WV,AEA,CE,Combined TRACON& Tower with Radar,4,11,6,0,21,0,7,13,0,20,4,18,19,0,41,52,2,54,95
10/01/2008,HTS,WV,AEA,CE,Combined TRACON& Tower with Radar,2,18,14,2,36,0,0,20,0,20,2,18,34,2,56,0,0,0,56
10/02/2008,HTS,WV,AEA,CE,Combined TRACON& Tower with Radar,4,21,28,0,53,0,4,15,0,19,4,25,43,0,72,54,0,54,126
10/03/2008,HTS,WV,AEA,CE,Combined TRACON& Tower with Radar,4,19,20,0,43,0,2,12,0,14,4,21,32,0,57,52,0,52,109
10/04/2008,HTS,WV,AEA,CE,Combined TRACON& Tower with Radar,4,24,7,2,37,0,8,33,0,41,4,32,40,2,78,66,0,66,144
10/05/2008,HTS,WV,AEA,CE,Combined TRACON& Tower with Radar,3,15,10,0,28,0,11,41,2,54,3,26,51,2,82,58,0,58,140
10/06/2008,HTS,WV,AEA,CE,Combined TRACON& Tower with Radar,2,17,13,0,32,0,2,14,0,16,2,19,27,0,48,50,0,50,98
10/07/2008,HTS,WV,AEA,CE,Combined TRACON& Tower with Radar,6,18,21,0,45,0,0,28,0,28,6,18,49,0,73,50,0,50,123
10/08/2008,HTS,WV,AEA,CE,Combined TRACON& Tower with Radar,2,21,24,4,51,0,6,0,0,6,2,27,24,4,57,0,0,0,57
10/09/2008,HTS,WV,AEA,CE,Combined TRACON& Tower with Radar,4,17,28,5,54,0,6,14,4,24,4,23,42,9,78,10,2,12,90
10/10/2008,HTS,WV,AEA,CE,Combined TRACON& Tower with Radar,6,20,19,1,46,0,2,29,0,31,6,22,48,1,77,12,0,12,89
10/11/2008,HTS,WV,AEA,CE,Combined TRACON& Tower with Radar,4,10,5,0,19,0,2,11,0,13,4,12,16,0,32,22,0,22,54
10/12/2008,HTS,WV,AEA,CE,Combined TRACON& Tower with Radar,10,7,9,0,26,0,2,54,0,56,10,9,63,0,82,34,0,34,116
10/13/2008,HTS,WV,AEA,CE,Combined TRACON& Tower with Radar,2,17,9,0,28,0,2,19,0,21,2,19,28,0,49,20,0,20,69
10/14/2008,HTS,WV,AEA,CE,Combined TRACON& Tower with Radar,4,12,17,0,33,0,4,12,2,18,4,16,29,2,51,18,0,18,69
10/15/2008,HTS,WV,AEA,CE,Combined TRACON& Tower with Radar,2,15,20,0,37,0,4,10,0,14,2,19,30,0,51,20,0,20,71
10/16/2008,HTS,WV,AEA,CE,Combined TRACON& Tower with Radar,4,19,12,2,37,0,2,3,0,5,4,21,15,2,42,10,0,10,52
10/17/2008,HTS,WV,AEA,CE,Combined TRACON& Tower with Radar,6,19,14,0,39,0,4,23,0,27,6,23,37,0,66,20,0,20,86
10/18/2008,HTS,WV,AEA,CE,Combined TRACON& Tower with Radar,5,10,13,0,28,0,2,9,0,11,5,12,22,0,39,38,0,38,77
10/19/2008,HTS,WV,AEA,CE,Combined TRACON& Tower with Radar,2,11,9,0,22,0,4,27,5,36,2,15,36,5,58,26,0,26,84
10/20/2008,HTS,WV,AEA,CE,Combined TRACON& Tower with Radar,2,15,10,0,27,0,2,15,0,17,2,17,25,0,44,24,0,24,68
10/21/2008,HTS,WV,AEA,CE,Combined TRACON& Tower with Radar,5,13,22,0,40,0,4,21,0,25,5,17,43,0,65,46,0,46,111
10/22/2008,HTS,WV,AEA,CE,Combined TRACON& Tower with Radar,2,18,23,4,47,0,4,18,3,25,2,22,41,7,72,2,4,6,78
10/23/2008,HTS,WV,AEA,CE,Combined TRACON& Tower with Radar,4,18,39,3,64,0,6,40,4,50,4,24,79,7,114,20,14,34,148
10/24/2008,HTS,WV,AEA,CE,Combined TRACON& Tower with Radar,4,18,28,0,50,0,2,5,2,9,4,20,33,2,59,6,0,6,65
10/25/2008,HTS,WV,AEA,CE,Combined TRACON& Tower with Radar,4,10,11,0,25,0,0,6,0,6,4,10,17,0,31,8,0,8,39
10/26/2008,HTS,WV,AEA,CE,Combined TRACON& Tower with Radar,2,14,20,4,40,0,4,7,2,13,2,18,27,6,53,2,0,2,55
10/27/2008,HTS,WV,AEA,CE,Combined TRACON& Tower with Radar,5,21,8,0,34,0,4,3,0,7,5,25,11,0,41,0,0,0,41
10/28/2008,HTS,WV,AEA,CE,Combined TRACON& Tower with Radar,4,13,15,18,50,0,2,4,6,12,4,15,19,24,62,0,42,42,104
10/29/2008,HTS,WV,AEA,CE,Combined TRACON& Tower with Radar,3,16,11,2,32,0,6,10,0,16,3,22,21,2,48,34,0,34,82
10/30/2008,HTS,WV,AEA,CE,Combined TRACON& Tower with Radar,4,18,19,0,41,0,8,19,3,30,4,26,38,3,71,12,0,12,83
10/31/2008,HTS,WV,AEA,CE,Combined TRACON& Tower with Radar,4,14,32,0,50,0,3,26,0,29,4,17,58,0,79,30,0,30,109
11/01/2008,HTS,WV,AEA,CE,Combined TRACON& Tower with Radar,5,8,14,0,27,0,5,17,0,22,5,13,31,0,49,14,0,14,63
11/02/2008,HTS,WV,AEA,CE,Combined TRACON& Tower with Radar,7,7,11,0,25,0,6,14,0,20,7,13,25,0,45,12,2,14,59
11/03/2008,HTS,WV,AEA,CE,Combined TRACON& Tower with Radar,7,9,19,0,35,0,7,24,0,31,7,16,43,0,66,44,0,44,110
11/04/2008,HTS,WV,AEA,CE,Combined TRACON& Tower with Radar,2,13,29,0,44,0,40,53,0,93,2,53,82,0,137,56,0,56,193
11/05/2008,HTS,WV,AEA,CE,Combined TRACON& Tower with Radar,4,17,19,0,40,0,7,21,0,28,4,24,40,0,68,36,0,36,104
11/06/2008,HTS,WV,AEA,CE,Combined TRACON& Tower with Radar,3,16,33,2,54,0,1,17,0,18,3,17,50,2,72,38,2,40,112
11/07/2008,HTS,WV,AEA,CE,Combined TRACON& Tower with Radar,6,16,18,0,40,0,2,6,0,8,6,18,24,0,48,8,0,8,56
11/08/2008,HTS,WV,AEA,CE,Combined TRACON& Tower with Radar,4,11,11,0,26,0,2,7,0,9,4,13,18,0,35,0,0,0,35
11/09/2008,HTS,WV,AEA,CE,Combined TRACON& Tower with Radar,3,15,8,0,26,0,1,9,0,10,3,16,17,0,36,0,0,0,36
11/10/2008,HTS,WV,AEA,CE,Combined TRACON& Tower with Radar,2,16,11,0,29,0,2,13,0,15,2,18,24,0,44,16,4,20,64
11/11/2008,HTS,WV,AEA,CE,Combined TRACON& Tower with Radar,4,11,22,1,38,0,3,17,0,20,4,14,39,1,58,0,0,0,58
11/12/2008,HTS,WV,AEA,CE,Combined TRACON& Tower with Radar,2,18,22,0,42,0,1,22,0,23,2,19,44,0,65,8,0,8,73
11/13/2008,HTS,WV,AEA,CE,Combined TRACON& Tower with Radar,6,15,14,2,37,0,0,8,0,8,6,15,22,2,45,6,0,6,51
11/14/2008,HTS,WV,AEA,CE,Combined TRACON& Tower with Radar,4,17,25,2,48,0,0,22,0,22,4,17,47,2,70,22,0,22,92
11/15/2008,HTS,WV,AEA,CE,Combined TRACON& Tower with Radar,4,10,5,0,19,0,0,0,0,0,4,10,5,0,19,0,0,0,19
11/16/2008,HTS,WV,AEA,CE,Combined TRACON& Tower with Radar,2,12,8,0,22,0,1,5,0,6,2,13,13,0,28,0,0,0,28
11/17/2008,HTS,WV,AEA,CE,Combined TRACON& Tower with Radar,2,15,11,0,28,0,0,0,0,0,2,15,11,0,28,0,0,0,28
11/18/2008,HTS,WV,AEA,CE,Combined TRACON& Tower with Radar,2,12,9,0,23,0,0,4,0,4,2,12,13,0,27,14,0,14,41
11/19/2008,HTS,WV,AEA,CE,Combined TRACON& Tower with Radar,6,21,23,1,51,0,0,10,1,11,6,21,33,2,62,47,0,47,109
11/20/2008,HTS,WV,AEA,CE,Combined TRACON& Tower with Radar,6,20,41,0,67,0,0,1,0,1,6,20,42,0,68,50,0,50,118
11/21/2008,HTS,WV,AEA,CE,Combined TRACON& Tower with Radar,6,19,17,0,42,0,0,10,0,10,6,19,27,0,52,40,0,40,92
11/22/2008,HTS,WV,AEA,CE,Combined TRACON& Tower with Radar,7,11,19,0,37,0,5,11,0,16,7,16,30,0,53,70,0,70,123
11/23/2008,HTS,WV,AEA,CE,Combined TRACON& Tower with Radar,8,11,10,4,33,0,2,17,1,20,8,13,27,5,53,0,32,32,85
11/24/2008,HTS,WV,AEA,CE,Combined TRACON& Tower with Radar,1,16,19,0,36,0,4,3,0,7,1,20,22,0,43,8,0,8,51
11/25/2008,HTS,WV,AEA,CE,Combined TRACON& Tower with Radar,5,16,8,0,29,0,3,2,0,5,5,19,10,0,34,0,0,0,34
11/26/2008,HTS,WV,AEA,CE,Combined TRACON& Tower with Radar,4,18,14,0,36,0,1,18,0,19,4,19,32,0,55,2,0,2,57
11/27/2008,HTS,WV,AEA,CE,Combined TRACON& Tower with Radar,3,13,10,0,26,0,0,6,0,6,3,13,16,0,32,0,0,0,32
11/28/2008,HTS,WV,AEA,CE,Combined TRACON& Tower with Radar,5,17,6,0,28,0,2,15,0,17,5,19,21,0,45,0,0,0,45
11/29/2008,HTS,WV,AEA,CE,Combined TRACON& Tower with Radar,7,17,10,0,34,0,8,17,0,25,7,25,27,0,59,2,0,2,61
11/30/2008,HTS,WV,AEA,CE,Combined TRACON& Tower with Radar,4,11,10,0,25,0,0,0,0,0,4,11,10,0,25,0,0,0,25
12/01/2008,HTS,WV,AEA,CE,Combined TRACON& Tower with Radar,7,12,8,0,27,0,3,2,0,5,7,15,10,0,32,2,0,2,34
12/02/2008,HTS,WV,AEA,CE,Combined TRACON& Tower with Radar,2,14,12,3,31,0,0,2,0,2,2,14,14,3,33,12,0,12,45
12/03/2008,HTS,WV,AEA,CE,Combined TRACON& Tower with Radar,1,15,11,5,32,0,0,12,0,12,1,15,23,5,44,4,38,42,86
12/04/2008,HTS,WV,AEA,CE,Combined TRACON& Tower with Radar,7,14,15,0,36,0,1,0,0,1,7,15,15,0,37,0,0,0,37
12/05/2008,HTS,WV,AEA,CE,Combined TRACON& Tower with Radar,6,16,10,0,32,0,0,10,0,10,6,16,20,0,42,14,0,14,56
12/06/2008,HTS,WV,AEA,CE,Combined TRACON& Tower with Radar,5,11,8,0,24,0,0,2,0,2,5,11,10,0,26,0,0,0,26
12/07/2008,HTS,WV,AEA,CE,Combined TRACON& Tower with Radar,9,9,12,0,30,0,2,6,0,8,9,11,18,0,38,0,2,2,40
12/08/2008,HTS,WV,AEA,CE,Combined TRACON& Tower with Radar,2,16,11,0,29,0,0,4,0,4,2,16,15,0,33,0,0,0,33
12/09/2008,HTS,WV,AEA,CE,Combined TRACON& Tower with Radar,12,13,7,0,32,0,1,5,1,7,12,14,12,1,39,4,0,4,43
12/10/2008,HTS,WV,AEA,CE,Combined TRACON& Tower with Radar,3,19,8,0,30,0,0,0,0,0,3,19,8,0,30,0,0,0,30
12/11/2008,HTS,WV,AEA,CE,Combined TRACON& Tower with Radar,6,22,12,10,50,0,0,0,0,0,6,22,12,10,50,0,0,0,50
12/12/2008,HTS,WV,AEA,CE,Combined TRACON& Tower with Radar,2,22,12,1,37,0,0,0,1,1,2,22,12,2,38,0,0,0,38
12/13/2008,HTS,WV,AEA,CE,Combined TRACON& Tower with Radar,5,23,2,0,30,0,2,8,1,11,5,25,10,1,41,2,0,2,43
12/14/2008,HTS,WV,AEA,CE,Combined TRACON& Tower with Radar,4,9,4,0,17,0,0,14,0,14,4,9,18,0,31,0,0,0,31
12/15/2008,HTS,WV,AEA,CE,Combined TRACON& Tower with Radar,5,10,11,0,26,0,3,0,0,3,5,13,11,0,29,0,0,0,29
12/16/2008,HTS,WV,AEA,CE,Combined TRACON& Tower with Radar,5,10,9,0,24,0,0,0,0,0,5,10,9,0,24,0,0,0,24
12/17/2008,HTS,WV,AEA,CE,Combined TRACON& Tower with Radar,3,16,23,0,42,0,0,1,0,1,3,16,24,0,43,0,0,0,43
12/18/2008,HTS,WV,AEA,CE,Combined TRACON& Tower with Radar,9,19,12,0,40,0,0,0,0,0,9,19,12,0,40,0,0,0,40
12/19/2008,HTS,WV,AEA,CE,Combined TRACON& Tower with Radar,4,19,11,0,34,0,0,2,0,2,4,19,13,0,36,0,0,0,36
12/20/2008,HTS,WV,AEA,CE,Combined TRACON& Tower with Radar,4,14,10,0,28,0,0,0,0,0,4,14,10,0,28,0,0,0,28
12/21/2008,HTS,WV,AEA,CE,Combined TRACON& Tower with Radar,10,7,16,0,33,0,0,5,2,7,10,7,21,2,40,8,0,8,48
12/22/2008,HTS,WV,AEA,CE,Combined TRACON& Tower with Radar,7,14,13,1,35,0,3,11,0,14,7,17,24,1,49,30,28,58,107
12/23/2008,HTS,WV,AEA,CE,Combined TRACON& Tower with Radar,6,8,12,0,26,0,0,5,0,5,6,8,17,0,31,4,0,4,35
12/24/2008,HTS,WV,AEA,CE,Combined TRACON& Tower with Radar,3,15,5,0,23,0,0,0,0,0,3,15,5,0,23,0,0,0,23
12/25/2008,HTS,WV,AEA,CE,Combined TRACON& Tower with Radar,3,15,5,0,23,0,0,1,0,1,3,15,6,0,24,0,0,0,24
12/26/2008,HTS,WV,AEA,CE,Combined TRACON& Tower with Radar,3,23,10,0,36,0,0,5,0,5,3,23,15,0,41,0,0,0,41
12/27/2008,HTS,WV,AEA,CE,Combined TRACON& Tower with Radar,9,9,7,0,25,0,4,6,0,10,9,13,13,0,35,2,0,2,37
12/28/2008,HTS,WV,AEA,CE,Combined TRACON& Tower with Radar,6,6,10,0,22,0,4,4,0,8,6,10,14,0,30,0,0,0,30
12/29/2008,HTS,WV,AEA,CE,Combined TRACON& Tower with Radar,2,16,7,0,25,0,4,12,0,16,2,20,19,0,41,10,0,10,51
12/30/2008,HTS,WV,AEA,CE,Combined TRACON& Tower with Radar,5,18,17,0,40,0,36,51,0,87,5,54,68,0,127,36,2,38,165
12/31/2008,HTS,WV,AEA,CE,Combined TRACON& Tower with Radar,4,11,3,0,18,0,11,0,0,11,4,22,3,0,29,6,0,6,35
01/01/2009,HTS,WV,AEA,CE,Combined TRACON& Tower with Radar,4,15,7,0,26,0,12,14,0,26,4,27,21,0,52,10,0,10,62
01/02/2009,HTS,WV,AEA,CE,Combined TRACON& Tower with Radar,5,22,5,0,32,0,5,1,0,6,5,27,6,0,38,0,0,0,38
01/03/2009,HTS,WV,AEA,CE,Combined TRACON& Tower with Radar,5,12,24,0,41,0,1,16,0,17,5,13,40,0,58,30,0,30,88
01/04/2009,HTS,WV,AEA,CE,Combined TRACON& Tower with Radar,2,15,8,1,26,0,8,1,0,9,2,23,9,1,35,4,0,4,39
01/05/2009,HTS,WV,AEA,CE,Combined TRACON& Tower with Radar,13,9,17,1,40,0,1,1,0,2,13,10,18,1,42,0,0,0,42
01/06/2009,HTS,WV,AEA,CE,Combined TRACON& Tower with Radar,2,18,7,0,27,0,0,0,0,0,2,18,7,0,27,0,0,0,27
01/07/2009,HTS,WV,AEA,CE,Combined TRACON& Tower with Radar,2,20,13,0,35,0,2,0,0,2,2,22,13,0,37,0,0,0,37
01/08/2009,HTS,WV,AEA,CE,Combined TRACON& Tower with Radar,6,16,14,1,37,0,2,2,1,5,6,18,16,2,42,0,2,2,44
01/09/2009,HTS,WV,AEA,CE,Combined TRACON& Tower with Radar,3,21,23,0,47,0,2,9,0,11,3,23,32,0,58,22,0,22,80
01/10/2009,HTS,WV,AEA,CE,Combined TRACON& Tower with Radar,4,11,4,3,22,0,2,0,0,2,4,13,4,3,24,0,0,0,24
01/11/2009,HTS,WV,AEA,CE,Combined TRACON& Tower with Radar,4,12,5,4,25,0,1,0,4,5,4,13,5,8,30,0,0,0,30
01/12/2009,HTS,WV,AEA,CE,Combined TRACON& Tower with Radar,2,18,10,0,30,0,4,0,0,4,2,22,10,0,34,0,0,0,34
01/13/2009,HTS,WV,AEA,CE,Combined TRACON& Tower with Radar,4,12,2,0,18,0,0,0,0,0,4,12,2,0,18,0,10,10,28
01/14/2009,HTS,WV,AEA,CE,Combined TRACON& Tower with Radar,2,17,6,0,25,0,0,8,0,8,2,17,14,0,33,0,0,0,33
01/15/2009,HTS,WV,AEA,CE,Combined TRACON& Tower with Radar,6,23,10,0,39,0,0,1,0,1,6,23,11,0,40,0,0,0,40
01/16/2009,HTS,WV,AEA,CE,Combined TRACON& Tower with Radar,4,16,9,0,29,0,6,2,0,8,4,22,11,0,37,22,0,22,59
01/17/2009,HTS,WV,AEA,CE,Combined TRACON& Tower with Radar,2,13,1,1,17,0,4,1,1,6,2,17,2,2,23,0,0,0,23
01/18/2009,HTS,WV,AEA,CE,Combined TRACON& Tower with Radar,4,14,1,0,19,0,1,2,0,3,4,15,3,0,22,0,0,0,22
01/19/2009,HTS,WV,AEA,CE,Combined TRACON& Tower with Radar,2,15,11,0,28,0,0,0,0,0,2,15,11,0,28,2,0,2,30
01/20/2009,HTS,WV,AEA,CE,Combined TRACON& Tower with Radar,2,18,8,0,28,0,1,1,0,2,2,19,9,0,30,0,0,0,30
01/21/2009,HTS,WV,AEA,CE,Combined TRACON& Tower with Radar,2,20,9,0,31,1,1,4,0,6,3,21,13,0,37,0,0,0,37
01/22/2009,HTS,WV,AEA,CE,Combined TRACON& Tower with Radar,6,19,21,0,46,0,4,19,0,23,6,23,40,0,69,16,0,16,85
01/23/2009,HTS,WV,AEA,CE,Combined TRACON& Tower with Radar,3,19,18,0,40,0,1,23,0,24,3,20,41,0,64,34,0,34,98
01/24/2009,HTS,WV,AEA,CE,Combined TRACON& Tower with Radar,6,10,6,0,22,0,2,1,0,3,6,12,7,0,25,0,0,0,25
01/25/2009,HTS,WV,AEA,CE,Combined TRACON& Tower with Radar,4,12,20,0,36,0,0,6,0,6,4,12,26,0,42,10,0,10,52
01/26/2009,HTS,WV,AEA,CE,Combined TRACON& Tower with Radar,2,15,5,0,22,0,2,0,0,2,2,17,5,0,24,2,0,2,26
01/27/2009,HTS,WV,AEA,CE,Combined TRACON& Tower with Radar,2,9,2,0,13,0,0,1,0,1,2,9,3,0,14,0,0,0,14
01/28/2009,HTS,WV,AEA,CE,Combined TRACON& Tower with Radar,2,7,2,0,11,0,0,0,0,0,2,7,2,0,11,0,0,0,11
01/29/2009,HTS,WV,AEA,CE,Combined TRACON& Tower with Radar,6,17,8,0,31,0,0,5,1,6,6,17,13,1,37,0,0,0,37
01/30/2009,HTS,WV,AEA,CE,Combined TRACON& Tower with Radar,4,19,4,0,27,0,2,1,0,3,4,21,5,0,30,0,0,0,30
01/31/2009,HTS,WV,AEA,CE,Combined TRACON& Tower with Radar,2,10,7,2,21,0,0,9,0,9,2,10,16,2,30,18,0,18,48
02/01/2009,HTS,WV,AEA,CE,Combined TRACON& Tower with Radar,4,12,19,0,35,0,1,17,0,18,4,13,36,0,53,16,0,16,69
02/02/2009,HTS,WV,AEA,CE,Combined TRACON& Tower with Radar,2,16,10,0,28,1,1,1,0,3,3,17,11,0,31,4,0,4,35
02/03/2009,HTS,WV,AEA,CE,Combined TRACON& Tower with Radar,3,17,2,0,22,0,0,0,0,0,3,17,2,0,22,0,0,0,22
02/04/2009,HTS,WV,AEA,CE,Combined TRACON& Tower with Radar,2,14,3,0,19,0,2,0,0,2,2,16,3,0,21,0,0,0,21
02/05/2009,HTS,WV,AEA,CE,Combined TRACON& Tower with Radar,7,19,9,0,35,0,4,5,2,11,7,23,14,2,46,0,0,0,46
02/06/2009,HTS,WV,AEA,CE,Combined TRACON& Tower with Radar,5,24,14,0,43,0,0,22,0,22,5,24,36,0,65,20,0,20,85
02/07/2009,HTS,WV,AEA,CE,Combined TRACON& Tower with Radar,6,6,6,0,18,0,6,4,0,10,6,12,10,0,28,26,0,26,54
02/08/2009,HTS,WV,AEA,CE,Combined TRACON& Tower with Radar,4,9,19,1,33,0,0,14,1,15,4,9,33,2,48,54,0,54,102
02/09/2009,HTS,WV,AEA,CE,Combined TRACON& Tower with Radar,2,17,11,0,30,0,5,17,1,23,2,22,28,1,53,16,0,16,69
02/10/2009,HTS,WV,AEA,CE,Combined TRACON& Tower with Radar,5,17,14,0,36,0,5,1,0,6,5,22,15,0,42,4,0,4,46
02/11/2009,HTS,WV,AEA,CE,Combined TRACON& Tower with Radar,2,15,7,0,24,0,0,0,0,0,2,15,7,0,24,0,0,0,24
02/12/2009,HTS,WV,AEA,CE,Combined TRACON& Tower with Radar,10,19,8,0,37,0,4,0,0,4,10,23,8,0,41,0,0,0,41
02/13/2009,HTS,WV,AEA,CE,Combined TRACON& Tower with Radar,3,13,21,0,37,0,5,21,0,26,3,18,42,0,63,32,0,32,95
02/14/2009,HTS,WV,AEA,CE,Combined TRACON& Tower with Radar,6,12,7,0,25,0,4,3,0,7,6,16,10,0,32,2,0,2,34
02/15/2009,HTS,WV,AEA,CE,Combined TRACON& Tower with Radar,4,9,5,0,18,0,0,22,0,22,4,9,27,0,40,18,0,18,58
02/16/2009,HTS,WV,AEA,CE,Combined TRACON& Tower with Radar,4,14,15,0,33,0,4,20,0,24,4,18,35,0,57,2,0,2,59
02/17/2009,HTS,WV,AEA,CE,Combined TRACON& Tower with Radar,4,16,17,0,37,0,2,16,0,18,4,18,33,0,55,27,0,27,82
02/18/2009,HTS,WV,AEA,CE,Combined TRACON& Tower with Radar,8,8,19,0,35,0,0,1,0,1,8,8,20,0,36,0,0,0,36
02/19/2009,HTS,WV,AEA,CE,Combined TRACON& Tower with Radar,9,22,14,0,45,0,4,2,0,6,9,26,16,0,51,0,0,0,51
02/20/2009,HTS,WV,AEA,CE,Combined TRACON& Tower with Radar,4,19,10,0,33,0,1,12,0,13,4,20,22,0,46,6,0,6,52
02/21/2009,HTS,WV,AEA,CE,Combined TRACON& Tower with Radar,8,8,4,0,20,0,1,4,0,5,8,9,8,0,25,12,0,12,37
02/22/2009,HTS,WV,AEA,CE,Combined TRACON& Tower with Radar,6,9,11,0,26,0,0,1,2,3,6,9,12,2,29,0,0,0,29
02/23/2009,HTS,WV,AEA,CE,Combined TRACON& Tower with Radar,1,19,7,0,27,0,0,3,0,3,1,19,10,0,30,0,0,0,30
02/24/2009,HTS,WV,AEA,CE,Combined TRACON& Tower with Radar,11,8,13,3,35,0,1,33,0,34,11,9,46,3,69,66,0,66,135
02/25/2009,HTS,WV,AEA,CE,Combined TRACON& Tower with Radar,3,15,15,2,35,0,1,19,0,20,3,16,34,2,55,40,0,40,95
02/26/2009,HTS,WV,AEA,CE,Combined TRACON& Tower with Radar,7,15,21,0,43,0,2,9,0,11,7,17,30,0,54,12,0,12,66
02/27/2009,HTS,WV,AEA,CE,Combined TRACON& Tower with Radar,3,19,11,0,33,0,5,6,0,11,3,24,17,0,44,0,0,0,44
02/28/2009,HTS,WV,AEA,CE,Combined TRACON& Tower with Radar,4,8,3,2,17,0,2,0,0,2,4,10,3,2,19,0,0,0,19
03/01/2009,HTS,WV,AEA,CE,Combined TRACON& Tower with Radar,6,10,4,0,20,0,0,7,0,7,6,10,11,0,27,0,0,0,27
03/02/2009,HTS,WV,AEA,CE,Combined TRACON& Tower with Radar,4,14,3,0,21,0,0,9,0,9,4,14,12,0,30,6,0,6,36
03/03/2009,HTS,WV,AEA,CE,Combined TRACON& Tower with Radar,3,19,4,9,35,0,2,13,0,15,3,21,17,9,50,7,31,38,88
03/04/2009,HTS,WV,AEA,CE,Combined TRACON& Tower with Radar,2,21,12,0,35,0,2,21,0,23,2,23,33,0,58,23,0,23,81
03/05/2009,HTS,WV,AEA,CE,Combined TRACON& Tower with Radar,10,17,10,0,37,0,2,17,0,19,10,19,27,0,56,2,0,2,58
03/06/2009,HTS,WV,AEA,CE,Combined TRACON& Tower with Radar,2,22,9,0,33,0,2,1,0,3,2,24,10,0,36,0,0,0,36
03/07/2009,HTS,WV,AEA,CE,Combined TRACON& Tower with Radar,6,13,5,0,24,0,9,4,0,13,6,22,9,0,37,6,0,6,43
03/08/2009,HTS,WV,AEA,CE,Combined TRACON& Tower with Radar,4,13,10,0,27,0,3,12,0,15,4,16,22,0,42,4,0,4,46
03/09/2009,HTS,WV,AEA,CE,Combined TRACON& Tower with Radar,3,17,17,2,39,0,5,17,0,22,3,22,34,2,61,22,14,36,97
03/10/2009,HTS,WV,AEA,CE,Combined TRACON& Tower with Radar,3,21,2,0,26,0,11,10,0,21,3,32,12,0,47,12,0,12,59
03/11/2009,HTS,WV,AEA,CE,Combined TRACON& Tower with Radar,3,23,14,0,40,0,4,16,0,20,3,27,30,0,60,4,0,4,64
03/12/2009,HTS,WV,AEA,CE,Combined TRACON& Tower with Radar,9,17,9,0,35,0,2,9,0,11,9,19,18,0,46,0,0,0,46
03/13/2009,HTS,WV,AEA,CE,Combined TRACON& Tower with Radar,3,16,6,0,25,0,0,6,0,6,3,16,12,0,31,2,0,2,33
03/14/2009,HTS,WV,AEA,CE,Combined TRACON& Tower with Radar,8,7,7,0,22,0,2,2,0,4,8,9,9,0,26,0,0,0,26
03/15/2009,HTS,WV,AEA,CE,Combined TRACON& Tower with Radar,5,12,16,0,33,0,0,0,0,0,5,12,16,0,33,5,0,5,38
03/16/2009,HTS,WV,AEA,CE,Combined TRACON& Tower with Radar,4,16,19,0,39,0,0,0,0,0,4,16,19,0,39,6,0,6,45
03/17/2009,HTS,WV,AEA,CE,Combined TRACON& Tower with Radar,7,9,25,1,42,0,1,9,0,10,7,10,34,1,52,22,0,22,74
03/18/2009,HTS,WV,AEA,CE,Combined TRACON& Tower with Radar,4,19,18,0,41,0,1,44,0,45,4,20,62,0,86,24,0,24,110
03/19/2009,HTS,WV,AEA,CE,Combined TRACON& Tower with Radar,6,22,12,0,40,0,4,7,1,12,6,26,19,1,52,0,0,0,52
03/20/2009,HTS,WV,AEA,CE,Combined TRACON& Tower with Radar,5,18,19,0,42,0,8,17,1,26,5,26,36,1,68,30,0,30,98
03/21/2009,HTS,WV,AEA,CE,Combined TRACON& Tower with Radar,6,10,8,0,24,0,0,57,0,57,6,10,65,0,81,34,0,34,115
03/22/2009,HTS,WV,AEA,CE,Combined TRACON& Tower with Radar,7,13,14,0,34,0,0,20,2,22,7,13,34,2,56,24,0,24,80
03/23/2009,HTS,WV,AEA,CE,Combined TRACON& Tower with Radar,3,16,7,0,26,0,1,22,2,25,3,17,29,2,51,2,2,4,55
03/24/2009,HTS,WV,AEA,CE,Combined TRACON& Tower with Radar,7,15,11,2,35,0,1,10,0,11,7,16,21,2,46,22,0,22,68
03/25/2009,HTS,WV,AEA,CE,Combined TRACON& Tower with Radar,5,19,9,0,33,0,1,2,0,3,5,20,11,0,36,0,0,0,36
03/26/2009,HTS,WV,AEA,CE,Combined TRACON& Tower with Radar,12,14,9,1,36,7,0,3,3,13,19,14,12,4,49,0,0,0,49
03/27/2009,HTS,WV,AEA,CE,Combined TRACON& Tower with Radar,8,11,12,0,31,0,4,3,0,7,8,15,15,0,38,0,0,0,38
03/28/2009,HTS,WV,AEA,CE,Combined TRACON& Tower with Radar,4,11,17,0,32,0,0,3,0,3,4,11,20,0,35,4,0,4,39
03/29/2009,HTS,WV,AEA,CE,Combined TRACON& Tower with Radar,7,10,13,2,32,0,0,5,0,5,7,10,18,2,37,6,2,8,45
03/30/2009,HTS,WV,AEA,CE,Combined TRACON& Tower with Radar,4,16,16,0,36,0,1,17,0,18,4,17,33,0,54,6,0,6,60
03/31/2009,HTS,WV,AEA,CE,Combined TRACON& Tower with Radar,4,17,1,0,22,0,1,11,0,12,4,18,12,0,34,0,0,0,34
04/01/2009,HTS,WV,AEA,CE,Combined TRACON& Tower with Radar,4,15,6,0,25,1,2,11,0,14,5,17,17,0,39,0,0,0,39
04/02/2009,HTS,WV,AEA,CE,Combined TRACON& Tower with Radar,9,23,19,0,51,0,6,8,0,14,9,29,27,0,65,14,0,14,79
04/03/2009,HTS,WV,AEA,CE,Combined TRACON& Tower with Radar,7,17,15,0,39,0,0,0,0,0,7,17,15,0,39,2,0,2,41
04/04/2009,HTS,WV,AEA,CE,Combined TRACON& Tower with Radar,5,11,11,1,28,0,3,23,3,29,5,14,34,4,57,20,2,22,79
04/05/2009,HTS,WV,AEA,CE,Combined TRACON& Tower with Radar,8,7,11,0,26,0,3,13,0,16,8,10,24,0,42,6,0,6,48
04/06/2009,HTS,WV,AEA,CE,Combined TRACON& Tower with Radar,5,15,5,0,25,0,0,1,0,1,5,15,6,0,26,0,0,0,26
04/07/2009,HTS,WV,AEA,CE,Combined TRACON& Tower with Radar,8,14,6,0,28,0,3,0,0,3,8,17,6,0,31,0,0,0,31
04/08/2009,HTS,WV,AEA,CE,Combined TRACON& Tower with Radar,7,18,24,0,49,0,0,14,0,14,7,18,38,0,63,4,0,4,67
04/09/2009,HTS,WV,AEA,CE,Combined TRACON& Tower with Radar,12,15,12,0,39,0,1,17,0,18,12,16,29,0,57,0,0,0,57
04/10/2009,HTS,WV,AEA,CE,Combined TRACON& Tower with Radar,6,19,5,0,30,0,1,1,0,2,6,20,6,0,32,0,0,0,32
04/11/2009,HTS,WV,AEA,CE,Combined TRACON& Tower with Radar,3,9,7,0,19,0,0,6,0,6,3,9,13,0,25,0,0,0,25
04/12/2009,HTS,WV,AEA,CE,Combined TRACON& Tower with Radar,5,10,7,0,22,0,4,13,0,17,5,14,20,0,39,4,0,4,43
04/13/2009,HTS,WV,AEA,CE,Combined TRACON& Tower with Radar,7,10,20,0,37,0,2,5,1,8,7,12,25,1,45,2,0,2,47
04/14/2009,HTS,WV,AEA,CE,Combined TRACON& Tower with Radar,6,13,7,0,26,0,0,4,2,6,6,13,11,2,32,2,0,2,34
04/15/2009,HTS,WV,AEA,CE,Combined TRACON& Tower with Radar,4,28,5,0,37,0,0,2,0,2,4,28,7,0,39,0,0,0,39
04/16/2009,HTS,WV,AEA,CE,Combined TRACON& Tower with Radar,7,21,17,0,45,0,3,25,2,30,7,24,42,2,75,28,0,28,103
04/17/2009,HTS,WV,AEA,CE,Combined TRACON& Tower with Radar,5,14,12,2,33,0,6,18,0,24,5,20,30,2,57,0,0,0,57
04/18/2009,HTS,WV,AEA,CE,Combined TRACON& Tower with Radar,5,7,12,0,24,0,0,14,0,14,5,7,26,0,38,8,0,8,46
04/19/2009,HTS,WV,AEA,CE,Combined TRACON& Tower with Radar,4,13,11,0,28,0,1,0,0,1,4,14,11,0,29,0,0,0,29
04/20/2009,HTS,WV,AEA,CE,Combined TRACON& Tower with Radar,4,12,5,0,21,0,1,2,0,3,4,13,7,0,24,0,0,0,24
04/21/2009,HTS,WV,AEA,CE,Combined TRACON& Tower with Radar,4,21,7,0,32,0,5,3,0,8,4,26,10,0,40,0,0,0,40
04/22/2009,HTS,WV,AEA,CE,Combined TRACON& Tower with Radar,1,22,15,0,38,0,0,7,0,7,1,22,22,0,45,0,0,0,45
04/23/2009,HTS,WV,AEA,CE,Combined TRACON& Tower with Radar,8,18,15,6,47,0,5,25,4,34,8,23,40,10,81,30,2,32,113
04/24/2009,HTS,WV,AEA,CE,Combined TRACON& Tower with Radar,4,18,14,0,36,0,0,13,0,13,4,18,27,0,49,15,0,15,64
04/25/2009,HTS,WV,AEA,CE,Combined TRACON& Tower with Radar,3,7,3,1,14,0,0,4,0,4,3,7,7,1,18,2,0,2,20
04/26/2009,HTS,WV,AEA,CE,Combined TRACON& Tower with Radar,4,11,14,0,29,0,0,13,0,13,4,11,27,0,42,24,0,24,66
04/27/2009,HTS,WV,AEA,CE,Combined TRACON& Tower with Radar,2,15,12,0,29,0,2,16,0,18,2,17,28,0,47,18,0,18,65
04/28/2009,HTS,WV,AEA,CE,Combined TRACON& Tower with Radar,5,17,6,1,29,0,0,12,3,15,5,17,18,4,44,16,1,17,61
04/29/2009,HTS,WV,AEA,CE,Combined TRACON& Tower with Radar,4,22,18,1,45,0,0,1,0,1,4,22,19,1,46,0,0,0,46
04/30/2009,HTS,WV,AEA,CE,Combined TRACON& Tower with Radar,8,24,15,0,47,0,2,8,0,10,8,26,23,0,57,0,0,0,57
05/01/2009,HTS,WV,AEA,CE,Combined TRACON& Tower with Radar,4,21,7,0,32,0,3,2,0,5,4,24,9,0,37,4,0,4,41
05/02/2009,HTS,WV,AEA,CE,Combined TRACON& Tower with Radar,2,10,3,0,15,0,0,1,2,3,2,10,4,2,18,0,0,0,18
05/03/2009,HTS,WV,AEA,CE,Combined TRACON& Tower with Radar,6,8,6,0,20,0,0,2,0,2,6,8,8,0,22,0,0,0,22
05/04/2009,HTS,WV,AEA,CE,Combined TRACON& Tower with Radar,2,13,5,0,20,0,0,2,0,2,2,13,7,0,22,6,0,6,28
05/05/2009,HTS,WV,AEA,CE,Combined TRACON& Tower with Radar,5,17,17,2,41,0,0,2,0,2,5,17,19,2,43,0,0,0,43
05/06/2009,HTS,WV,AEA,CE,Combined TRACON& Tower with Radar,2,20,11,0,33,0,0,0,0,0,2,20,11,0,33,0,0,0,33
05/07/2009,HTS,WV,AEA,CE,Combined TRACON& Tower with Radar,10,17,9,11,47,0,0,4,0,4,10,17,13,11,51,2,16,18,69
05/08/2009,HTS,WV,AEA,CE,Combined TRACON& Tower with Radar,3,14,7,0,24,0,2,5,2,9,3,16,12,2,33,12,0,12,45
05/09/2009,HTS,WV,AEA,CE,Combined TRACON& Tower with Radar,3,9,8,0,20,0,0,0,0,0,3,9,8,0,20,0,0,0,20
05/10/2009,HTS,WV,AEA,CE,Combined TRACON& Tower with Radar,7,11,8,0,26,0,4,21,2,27,7,15,29,2,53,24,0,24,77
05/11/2009,HTS,WV,AEA,CE,Combined TRACON& Tower with Radar,2,15,11,0,28,0,0,6,0,6,2,15,17,0,34,2,2,4,38
05/12/2009,HTS,WV,AEA,CE,Combined TRACON& Tower with Radar,5,21,22,0,48,0,2,38,3,43,5,23,60,3,91,8,0,8,99
05/13/2009,HTS,WV,AEA,CE,Combined TRACON& Tower with Radar,2,17,19,0,38,0,2,10,0,12,2,19,29,0,50,26,0,26,76
05/14/2009,HTS,WV,AEA,CE,Combined TRACON& Tower with Radar,11,19,12,0,42,0,7,1,0,8,11,26,13,0,50,6,0,6,56
05/15/2009,HTS,WV,AEA,CE,Combined TRACON& Tower with Radar,3,24,15,3,45,0,6,13,1,20,3,30,28,4,65,14,4,18,83
05/16/2009,HTS,WV,AEA,CE,Combined TRACON& Tower with Radar,6,11,8,0,25,0,5,1,1,7,6,16,9,1,32,0,0,0,32
05/17/2009,HTS,WV,AEA,CE,Combined TRACON& Tower with Radar,9,10,16,2,37,0,0,10,1,11,9,10,26,3,48,34,0,34,82
05/18/2009,HTS,WV,AEA,CE,Combined TRACON& Tower with Radar,10,11,6,0,27,0,1,9,0,10,10,12,15,0,37,14,0,14,51
05/19/2009,HTS,WV,AEA,CE,Combined TRACON& Tower with Radar,5,15,15,3,38,0,3,22,3,28,5,18,37,6,66,24,26,50,116
05/20/2009,HTS,WV,AEA,CE,Combined TRACON& Tower with Radar,3,19,6,0,28,0,9,20,2,31,3,28,26,2,59,38,0,38,97
05/21/2009,HTS,WV,AEA,CE,Combined TRACON& Tower with Radar,10,17,13,0,40,0,1,25,0,26,10,18,38,0,66,26,0,26,92
05/22/2009,HTS,WV,AEA,CE,Combined TRACON& Tower with Radar,4,17,11,0,32,0,0,9,0,9,4,17,20,0,41,10,0,10,51
05/23/2009,HTS,WV,AEA,CE,Combined TRACON& Tower with Radar,4,10,6,0,20,0,3,11,0,14,4,13,17,0,34,0,0,0,34
05/24/2009,HTS,WV,AEA,CE,Combined TRACON& Tower with Radar,6,9,7,0,22,0,3,10,0,13,6,12,17,0,35,2,0,2,37
05/25/2009,HTS,WV,AEA,CE,Combined TRACON& Tower with Radar,7,12,15,0,34,0,0,5,0,5,7,12,20,0,39,6,0,6,45
05/26/2009,HTS,WV,AEA,CE,Combined TRACON& Tower with Radar,3,13,12,0,28,0,3,3,0,6,3,16,15,0,34,0,0,0,34
05/27/2009,HTS,WV,AEA,CE,Combined TRACON& Tower with Radar,2,18,10,0,30,0,2,1,0,3,2,20,11,0,33,0,0,0,33
05/28/2009,HTS,WV,AEA,CE,Combined TRACON& Tower with Radar,8,19,10,0,37,0,2,6,0,8,8,21,16,0,45,4,0,4,49
05/29/2009,HTS,WV,AEA,CE,Combined TRACON& Tower with Radar,2,19,9,2,32,0,0,5,0,5,2,19,14,2,37,12,2,14,51
05/30/2009,HTS,WV,AEA,CE,Combined TRACON& Tower with Radar,4,11,4,1,20,0,3,8,5,16,4,14,12,6,36,6,0,6,42
05/31/2009,HTS,WV,AEA,CE,Combined TRACON& Tower with Radar,7,16,7,0,30,0,5,18,0,23,7,21,25,0,53,18,0,18,71
06/01/2009,HTS,WV,AEA,CE,Combined TRACON& Tower with Radar,5,15,8,0,28,0,4,7,0,11,5,19,15,0,39,30,0,30,69
06/02/2009,HTS,WV,AEA,CE,Combined TRACON& Tower with Radar,4,24,8,6,42,0,2,3,0,5,4,26,11,6,47,0,14,14,61
06/03/2009,HTS,WV,AEA,CE,Combined TRACON& Tower with Radar,2,20,10,0,32,0,0,1,0,1,2,20,11,0,33,4,0,4,37
06/04/2009,HTS,WV,AEA,CE,Combined TRACON& Tower with Radar,8,20,10,2,40,0,0,0,1,1,8,20,10,3,41,0,0,0,41
06/05/2009,HTS,WV,AEA,CE,Combined TRACON& Tower with Radar,6,28,20,1,55,0,0,8,1,9,6,28,28,2,64,0,0,0,64
06/06/2009,HTS,WV,AEA,CE,Combined TRACON& Tower with Radar,3,7,3,0,13,0,3,15,4,22,3,10,18,4,35,20,2,22,57
06/07/2009,HTS,WV,AEA,CE,Combined TRACON& Tower with Radar,6,12,7,0,25,0,5,15,0,20,6,17,22,0,45,10,0,10,55
06/08/2009,HTS,WV,AEA,CE,Combined TRACON& Tower with Radar,5,17,11,3,36,0,8,2,0,10,5,25,13,3,46,2,0,2,48
06/09/2009,HTS,WV,AEA,CE,Combined TRACON& Tower with Radar,2,22,17,0,41,0,2,10,2,14,2,24,27,2,55,2,0,2,57
06/10/2009,HTS,WV,AEA,CE,Combined TRACON& Tower with Radar,2,19,14,0,35,0,0,10,0,10,2,19,24,0,45,2,0,2,47
06/11/2009,HTS,WV,AEA,CE,Combined TRACON& Tower with Radar,8,16,12,0,36,0,0,2,0,2,8,16,14,0,38,2,0,2,40
06/12/2009,HTS,WV,AEA,CE,Combined TRACON& Tower with Radar,6,16,7,0,29,0,0,1,0,1,6,16,8,0,30,0,0,0,30
06/13/2009,HTS,WV,AEA,CE,Combined TRACON& Tower with Radar,3,9,16,1,29,0,0,14,1,15,3,9,30,2,44,8,0,8,52
06/14/2009,HTS,WV,AEA,CE,Combined TRACON& Tower with Radar,6,10,11,0,27,0,2,8,0,10,6,12,19,0,37,14,0,14,51
06/15/2009,HTS,WV,AEA,CE,Combined TRACON& Tower with Radar,5,16,12,0,33,0,1,6,2,9,5,17,18,2,42,42,0,42,84
06/16/2009,HTS,WV,AEA,CE,Combined TRACON& Tower with Radar,2,20,13,2,37,0,0,12,0,12,2,20,25,2,49,0,0,0,49
06/17/2009,HTS,WV,AEA,CE,Combined TRACON& Tower with Radar,2,18,13,4,37,0,2,9,0,11,2,20,22,4,48,4,4,8,56
06/18/2009,HTS,WV,AEA,CE,Combined TRACON& Tower with Radar,10,20,9,0,39,0,0,3,0,3,10,20,12,0,42,0,0,0,42
06/19/2009,HTS,WV,AEA,CE,Combined TRACON& Tower with Radar,6,20,15,0,41,0,1,1,1,3,6,21,16,1,44,4,0,4,48
06/20/2009,HTS,WV,AEA,CE,Combined TRACON& Tower with Radar,3,14,6,0,23,0,5,4,0,9,3,19,10,0,32,0,0,0,32
06/21/2009,HTS,WV,AEA,CE,Combined TRACON& Tower with Radar,6,10,10,0,26,0,3,7,0,10,6,13,17,0,36,4,0,4,40
06/22/2009,HTS,WV,AEA,CE,Combined TRACON& Tower with Radar,6,16,17,0,39,0,0,13,2,15,6,16,30,2,54,30,0,30,84
06/23/2009,HTS,WV,AEA,CE,Combined TRACON& Tower with Radar,2,21,18,8,49,0,3,19,2,24,2,24,37,10,73,2,8,10,83
06/24/2009,HTS,WV,AEA,CE,Combined TRACON& Tower with Radar,2,26,7,0,35,0,8,17,2,27,2,34,24,2,62,2,0,2,64
06/25/2009,HTS,WV,AEA,CE,Combined TRACON& Tower with Radar,8,24,14,0,46,0,1,7,0,8,8,25,21,0,54,8,0,8,62
06/26/2009,HTS,WV,AEA,CE,Combined TRACON& Tower with Radar,6,19,16,0,41,0,4,11,0,15,6,23,27,0,56,1,0,1,57
06/27/2009,HTS,WV,AEA,CE,Combined TRACON& Tower with Radar,3,10,14,0,27,0,1,20,0,21,3,11,34,0,48,22,0,22,70
06/28/2009,HTS,WV,AEA,CE,Combined TRACON& Tower with Radar,6,10,2,1,19,0,2,1,1,4,6,12,3,2,23,0,0,0,23
06/29/2009,HTS,WV,AEA,CE,Combined TRACON& Tower with Radar,6,14,20,0,40,0,12,10,0,22,6,26,30,0,62,58,0,58,120
06/30/2009,HTS,WV,AEA,CE,Combined TRACON& Tower with Radar,2,18,16,0,36,0,0,9,0,9,2,18,25,0,45,8,0,8,53
07/01/2009,HTS,WV,AEA,CE,Combined TRACON& Tower with Radar,2,20,11,0,33,0,4,6,0,10,2,24,17,0,43,9,0,9,52
07/02/2009,HTS,WV,AEA,CE,Combined TRACON& Tower with Radar,8,24,8,2,42,0,4,5,2,11,8,28,13,4,53,0,0,0,53
07/03/2009,HTS,WV,AEA,CE,Combined TRACON& Tower with Radar,5,20,12,0,37,0,0,8,0,8,5,20,20,0,45,34,0,34,79
07/04/2009,HTS,WV,AEA,CE,Combined TRACON& Tower with Radar,2,10,9,0,21,0,0,11,0,11,2,10,20,0,32,24,0,24,56
07/05/2009,HTS,WV,AEA,CE,Combined TRACON& Tower with Radar,6,14,7,0,27,0,0,0,3,3,6,14,7,3,30,0,0,0,30
07/06/2009,HTS,WV,AEA,CE,Combined TRACON& Tower with Radar,5,16,7,0,28,0,0,8,0,8,5,16,15,0,36,22,0,22,58
07/07/2009,HTS,WV,AEA,CE,Combined TRACON& Tower with Radar,2,20,6,0,28,0,0,7,4,11,2,20,13,4,39,18,6,24,63
07/08/2009,HTS,WV,AEA,CE,Combined TRACON& Tower with Radar,2,22,10,5,39,0,3,7,1,11,2,25,17,6,50,26,0,26,76
07/09/2009,HTS,WV,AEA,CE,Combined TRACON& Tower with Radar,8,17,15,0,40,0,2,14,9,25,8,19,29,9,65,6,0,6,71
07/10/2009,HTS,WV,AEA,CE,Combined TRACON& Tower with Radar,7,21,13,0,41,0,4,14,1,19,7,25,27,1,60,16,21,37,97
07/11/2009,HTS,WV,AEA,CE,Combined TRACON& Tower with Radar,3,13,7,0,23,0,0,7,1,8,3,13,14,1,31,0,0,0,31
07/12/2009,HTS,WV,AEA,CE,Combined TRACON& Tower with Radar,6,12,5,2,25,0,4,7,0,11,6,16,12,2,36,12,0,12,48
07/13/2009,HTS,WV,AEA,CE,Combined TRACON& Tower with Radar,5,22,15,0,42,0,5,22,0,27,5,27,37,0,69,40,0,40,109
07/14/2009,HTS,WV,AEA,CE,Combined TRACON& Tower with Radar,2,19,9,0,30,0,4,19,0,23,2,23,28,0,53,4,0,4,57
07/15/2009,HTS,WV,AEA,CE,Combined TRACON& Tower with Radar,2,16,17,0,35,0,3,12,0,15,2,19,29,0,50,2,0,2,52
07/16/2009,HTS,WV,AEA,CE,Combined TRACON& Tower with Radar,9,18,27,2,56,0,1,5,0,6,9,19,32,2,62,0,0,0,62
07/17/2009,HTS,WV,AEA,CE,Combined TRACON& Tower with Radar,6,24,6,0,36,0,5,8,0,13,6,29,14,0,49,0,0,0,49
07/18/2009,HTS,WV,AEA,CE,Combined TRACON& Tower with Radar,3,10,4,0,17,0,2,11,3,16,3,12,15,3,33,20,8,28,61
07/19/2009,HTS,WV,AEA,CE,Combined TRACON& Tower with Radar,7,14,15,0,36,0,2,4,0,6,7,16,19,0,42,2,0,2,44
07/20/2009,HTS,WV,AEA,CE,Combined TRACON& Tower with Radar,6,16,6,0,28,0,2,8,0,10,6,18,14,0,38,4,0,4,42
07/21/2009,HTS,WV,AEA,CE,Combined TRACON& Tower with Radar,2,16,26,0,44,0,2,14,0,16,2,18,40,0,60,45,0,45,105
07/22/2009,HTS,WV,AEA,CE,Combined TRACON& Tower with Radar,4,17,23,0,44,0,0,1,0,1,4,17,24,0,45,4,0,4,49
07/23/2009,HTS,WV,AEA,CE,Combined TRACON& Tower with Radar,8,22,21,0,51,0,0,11,0,11,8,22,32,0,62,34,0,34,96
07/24/2009,HTS,WV,AEA,CE,Combined TRACON& Tower with Radar,7,22,14,4,47,0,4,14,0,18,7,26,28,4,65,32,24,56,121
07/25/2009,HTS,WV,AEA,CE,Combined TRACON& Tower with Radar,3,13,7,0,23,0,0,3,0,3,3,13,10,0,26,0,0,0,26
07/26/2009,HTS,WV,AEA,CE,Combined TRACON& Tower with Radar,6,16,20,0,42,0,0,19,0,19,6,16,39,0,61,8,0,8,69
07/27/2009,HTS,WV,AEA,CE,Combined TRACON& Tower with Radar,5,18,12,0,35,0,4,15,6,25,5,22,27,6,60,12,0,12,72
07/28/2009,HTS,WV,AEA,CE,Combined TRACON& Tower with Radar,2,18,9,0,29,0,2,10,0,12,2,20,19,0,41,4,0,4,45
07/29/2009,HTS,WV,AEA,CE,Combined TRACON& Tower with Radar,2,19,10,0,31,0,0,1,0,1,2,19,11,0,32,0,0,0,32
07/30/2009,HTS,WV,AEA,CE,Combined TRACON& Tower with Radar,8,23,9,0,40,0,3,0,0,3,8,26,9,0,43,4,0,4,47
07/31/2009,HTS,WV,AEA,CE,Combined TRACON& Tower with Radar,6,17,11,0,34,0,2,6,0,8,6,19,17,0,42,12,0,12,54
08/01/2009,HTS,WV,AEA,CE,Combined TRACON& Tower with Radar,3,12,7,0,22,0,1,7,0,8,3,13,14,0,30,22,0,22,52
08/02/2009,HTS,WV,AEA,CE,Combined TRACON& Tower with Radar,6,13,10,0,29,0,2,4,0,6,6,15,14,0,35,2,0,2,37
08/03/2009,HTS,WV,AEA,CE,Combined TRACON& Tower with Radar,5,17,5,0,27,0,2,16,4,22,5,19,21,4,49,16,0,16,65
08/04/2009,HTS,WV,AEA,CE,Combined TRACON& Tower with Radar,2,16,9,1,28,0,4,3,0,7,2,20,12,1,35,0,0,0,35
08/05/2009,HTS,WV,AEA,CE,Combined TRACON& Tower with Radar,3,22,10,0,35,0,2,4,5,11,3,24,14,5,46,8,0,8,54
08/06/2009,HTS,WV,AEA,CE,Combined TRACON& Tower with Radar,12,17,23,5,57,0,0,6,0,6,12,17,29,5,63,0,0,0,63
08/07/2009,HTS,WV,AEA,CE,Combined TRACON& Tower with Radar,7,26,11,3,47,0,2,12,0,14,7,28,23,3,61,2,0,2,63
08/08/2009,HTS,WV,AEA,CE,Combined TRACON& Tower with Radar,3,8,10,0,21,0,0,3,0,3,3,8,13,0,24,14,0,14,38
08/09/2009,HTS,WV,AEA,CE,Combined TRACON& Tower with Radar,6,14,11,0,31,0,1,10,0,11,6,15,21,0,42,0,0,0,42
08/10/2009,HTS,WV,AEA,CE,Combined TRACON& Tower with Radar,5,17,7,0,29,0,0,15,0,15,5,17,22,0,44,12,0,12,56
08/11/2009,HTS,WV,AEA,CE,Combined TRACON& Tower with Radar,4,12,4,2,22,0,0,4,2,6,4,12,8,4,28,0,0,0,28
08/12/2009,HTS,WV,AEA,CE,Combined TRACON& Tower with Radar,2,16,8,0,26,0,2,4,0,6,2,18,12,0,32,6,0,6,38
08/13/2009,HTS,WV,AEA,CE,Combined TRACON& Tower with Radar,9,23,16,0,48,0,0,3,2,5,9,23,19,2,53,0,0,0,53
08/14/2009,HTS,WV,AEA,CE,Combined TRACON& Tower with Radar,4,18,18,2,42,0,0,6,0,6,4,18,24,2,48,0,0,0,48
08/15/2009,HTS,WV,AEA,CE,Combined TRACON& Tower with Radar,3,7,10,0,20,0,2,20,0,22,3,9,30,0,42,38,0,38,80
08/16/2009,HTS,WV,AEA,CE,Combined TRACON& Tower with Radar,7,14,10,0,31,0,3,9,3,15,7,17,19,3,46,2,0,2,48
08/17/2009,HTS,WV,AEA,CE,Combined TRACON& Tower with Radar,3,17,7,0,27,0,2,8,0,10,3,19,15,0,37,4,0,4,41
08/18/2009,HTS,WV,AEA,CE,Combined TRACON& Tower with Radar,5,16,20,6,47,0,5,0,1,6,5,21,20,7,53,0,26,26,79
08/19/2009,HTS,WV,AEA,CE,Combined TRACON& Tower with Radar,6,17,12,0,35,0,0,2,0,2,6,17,14,0,37,0,0,0,37
08/20/2009,HTS,WV,AEA,CE,Combined TRACON& Tower with Radar,9,14,13,0,36,0,2,0,0,2,9,16,13,0,38,0,0,0,38
08/21/2009,HTS,WV,AEA,CE,Combined TRACON& Tower with Radar,4,18,10,4,36,0,2,7,0,9,4,20,17,4,45,6,0,6,51
08/22/2009,HTS,WV,AEA,CE,Combined TRACON& Tower with Radar,3,6,11,0,20,0,5,34,0,39,3,11,45,0,59,36,0,36,95
08/23/2009,HTS,WV,AEA,CE,Combined TRACON& Tower with Radar,6,10,19,7,42,0,3,23,1,27,6,13,42,8,69,22,0,22,91
08/24/2009,HTS,WV,AEA,CE,Combined TRACON& Tower with Radar,3,14,13,1,31,0,8,12,5,25,3,22,25,6,56,11,10,21,77
08/25/2009,HTS,WV,AEA,CE,Combined TRACON& Tower with Radar,5,13,13,0,31,0,3,26,0,29,5,16,39,0,60,8,0,8,68
08/26/2009,HTS,WV,AEA,CE,Combined TRACON& Tower with Radar,2,20,14,0,36,0,7,15,0,22,2,27,29,0,58,34,0,34,92
08/27/2009,HTS,WV,AEA,CE,Combined TRACON& Tower with Radar,11,14,11,0,36,0,2,9,0,11,11,16,20,0,47,8,0,8,55
08/28/2009,HTS,WV,AEA,CE,Combined TRACON& Tower with Radar,4,16,1,0,21,0,2,1,2,5,4,18,2,2,26,0,0,0,26
08/29/2009,HTS,WV,AEA,CE,Combined TRACON& Tower with Radar,1,7,11,0,19,0,6,8,2,16,1,13,19,2,35,20,0,20,55
08/30/2009,HTS,WV,AEA,CE,Combined TRACON& Tower with Radar,6,12,16,0,34,0,11,13,0,24,6,23,29,0,58,6,0,6,64
08/31/2009,HTS,WV,AEA,CE,Combined TRACON& Tower with Radar,3,18,9,0,30,0,1,12,0,13,3,19,21,0,43,24,0,24,67
09/01/2009,HTS,WV,AEA,CE,Combined TRACON& Tower with Radar,2,19,5,0,26,0,0,7,0,7,2,19,12,0,33,4,0,4,37
09/02/2009,HTS,WV,AEA,CE,Combined TRACON& Tower with Radar,2,20,13,0,35,0,0,5,0,5,2,20,18,0,40,26,0,26,66
09/03/2009,HTS,WV,AEA,CE,Combined TRACON& Tower with Radar,8,16,21,0,45,0,2,7,0,9,8,18,28,0,54,0,0,0,54
09/04/2009,HTS,WV,AEA,CE,Combined TRACON& Tower with Radar,6,21,14,0,41,0,3,7,0,10,6,24,21,0,51,0,0,0,51
09/05/2009,HTS,WV,AEA,CE,Combined TRACON& Tower with Radar,5,7,13,0,25,0,6,9,0,15,5,13,22,0,40,0,0,0,40
09/06/2009,HTS,WV,AEA,CE,Combined TRACON& Tower with Radar,6,7,6,0,19,0,0,8,0,8,6,7,14,0,27,6,0,6,33
09/07/2009,HTS,WV,AEA,CE,Combined TRACON& Tower with Radar,2,9,4,0,15,0,2,1,0,3,2,11,5,0,18,2,0,2,20
09/08/2009,HTS,WV,AEA,CE,Combined TRACON& Tower with Radar,3,19,5,0,27,0,3,3,0,6,3,22,8,0,33,6,0,6,39
09/09/2009,HTS,WV,AEA,CE,Combined TRACON& Tower with Radar,2,15,4,13,34,0,0,4,0,4,2,15,8,13,38,0,12,12,50
09/10/2009,HTS,WV,AEA,CE,Combined TRACON& Tower with Radar,8,18,23,0,49,0,0,11,0,11,8,18,34,0,60,32,0,32,92
09/11/2009,HTS,WV,AEA,CE,Combined TRACON& Tower with Radar,4,19,8,0,31,0,6,3,0,9,4,25,11,0,40,6,0,6,46
09/12/2009,HTS,WV,AEA,CE,Combined TRACON& Tower with Radar,1,12,10,2,25,0,0,9,0,9,1,12,19,2,34,8,2,10,44
09/13/2009,HTS,WV,AEA,CE,Combined TRACON& Tower with Radar,6,12,7,0,25,0,0,10,0,10,6,12,17,0,35,6,0,6,41
09/14/2009,HTS,WV,AEA,CE,Combined TRACON& Tower with Radar,3,14,8,0,25,0,4,6,0,10,3,18,14,0,35,0,0,0,35
09/15/2009,HTS,WV,AEA,CE,Combined TRACON& Tower with Radar,2,22,20,0,44,0,3,3,0,6,2,25,23,0,50,0,0,0,50
09/16/2009,HTS,WV,AEA,CE,Combined TRACON& Tower with Radar,3,18,19,3,43,0,2,10,0,12,3,20,29,3,55,32,0,32,87
09/17/2009,HTS,WV,AEA,CE,Combined TRACON& Tower with Radar,8,24,21,0,53,0,1,7,0,8,8,25,28,0,61,40,0,40,101
09/18/2009,HTS,WV,AEA,CE,Combined TRACON& Tower with Radar,4,19,9,2,34,0,0,2,0,2,4,19,11,2,36,0,0,0,36
09/19/2009,HTS,WV,AEA,CE,Combined TRACON& Tower with Radar,1,7,21,2,31,0,1,14,1,16,1,8,35,3,47,14,0,14,61
09/20/2009,HTS,WV,AEA,CE,Combined TRACON& Tower with Radar,7,10,11,1,29,0,6,1,2,9,7,16,12,3,38,6,2,8,46
09/21/2009,HTS,WV,AEA,CE,Combined TRACON& Tower with Radar,3,14,4,0,21,0,4,2,0,6,3,18,6,0,27,0,0,0,27
09/22/2009,HTS,WV,AEA,CE,Combined TRACON& Tower with Radar,3,16,11,0,30,0,3,7,0,10,3,19,18,0,40,14,0,14,54
09/23/2009,HTS,WV,AEA,CE,Combined TRACON& Tower with Radar,3,22,11,0,36,0,2,6,0,8,3,24,17,0,44,0,0,0,44
09/24/2009,HTS,WV,AEA,CE,Combined TRACON& Tower with Radar,13,19,14,0,46,0,0,1,0,1,13,19,15,0,47,0,0,0,47
09/25/2009,HTS,WV,AEA,CE,Combined TRACON& Tower with Radar,6,16,5,0,27,0,0,0,0,0,6,16,5,0,27,0,0,0,27
09/26/2009,HTS,WV,AEA,CE,Combined TRACON& Tower with Radar,3,6,4,0,13,0,0,0,0,0,3,6,4,0,13,0,0,0,13
09/27/2009,HTS,WV,AEA,CE,Combined TRACON& Tower with Radar,7,10,13,0,30,0,2,31,0,33,7,12,44,0,63,30,0,30,93
09/28/2009,HTS,WV,AEA,CE,Combined TRACON& Tower with Radar,3,16,8,0,27,0,4,4,2,10,3,20,12,2,37,0,0,0,37
09/29/2009,HTS,WV,AEA,CE,Combined TRACON& Tower with Radar,2,21,12,0,35,0,0,8,0,8,2,21,20,0,43,32,0,32,75
09/30/2009,HTS,WV,AEA,CE,Combined TRACON& Tower with Radar,2,16,29,0,47,0,0,11,0,11,2,16,40,0,58,12,0,12,70
10/01/2009,HTS,WV,AEA,CE,Combined TRACON& Tower with Radar,8,25,17,0,50,0,2,19,0,21,8,27,36,0,71,10,0,10,81
10/02/2009,HTS,WV,AEA,CE,Combined TRACON& Tower with Radar,6,16,9,0,31,0,0,3,0,3,6,16,12,0,34,0,0,0,34
10/03/2009,HTS,WV,AEA,CE,Combined TRACON& Tower with Radar,3,12,11,0,26,0,5,9,0,14,3,17,20,0,40,0,0,0,40
10/04/2009,HTS,WV,AEA,CE,Combined TRACON& Tower with Radar,6,12,12,2,32,0,1,19,2,22,6,13,31,4,54,10,0,10,64
10/05/2009,HTS,WV,AEA,CE,Combined TRACON& Tower with Radar,3,20,7,0,30,0,1,10,1,12,3,21,17,1,42,38,0,38,80
10/06/2009,HTS,WV,AEA,CE,Combined TRACON& Tower with Radar,4,15,11,1,31,0,0,7,0,7,4,15,18,1,38,4,0,4,42
10/07/2009,HTS,WV,AEA,CE,Combined TRACON& Tower with Radar,2,16,5,0,23,0,0,6,0,6,2,16,11,0,29,0,0,0,29
10/08/2009,HTS,WV,AEA,CE,Combined TRACON& Tower with Radar,8,21,19,0,48,0,2,9,0,11,8,23,28,0,59,12,0,12,71
10/09/2009,HTS,WV,AEA,CE,Combined TRACON& Tower with Radar,6,16,10,0,32,0,0,5,0,5,6,16,15,0,37,0,0,0,37
10/10/2009,HTS,WV,AEA,CE,Combined TRACON& Tower with Radar,5,7,6,1,19,0,2,1,1,4,5,9,7,2,23,0,0,0,23
10/11/2009,HTS,WV,AEA,CE,Combined TRACON& Tower with Radar,6,8,15,0,29,0,3,15,0,18,6,11,30,0,47,0,0,0,47
10/12/2009,HTS,WV,AEA,CE,Combined TRACON& Tower with Radar,3,12,3,0,18,0,0,4,0,4,3,12,7,0,22,0,0,0,22
10/13/2009,HTS,WV,AEA,CE,Combined TRACON& Tower with Radar,4,12,9,3,28,0,0,4,1,5,4,12,13,4,33,0,30,30,63
10/14/2009,HTS,WV,AEA,CE,Combined TRACON& Tower with Radar,2,15,14,3,34,0,0,2,0,2,2,15,16,3,36,0,0,0,36
10/15/2009,HTS,WV,AEA,CE,Combined TRACON& Tower with Radar,9,20,3,0,32,0,0,0,0,0,9,20,3,0,32,0,0,0,32
10/16/2009,HTS,WV,AEA,CE,Combined TRACON& Tower with Radar,4,20,8,0,32,0,0,0,0,0,4,20,8,0,32,0,0,0,32
10/17/2009,HTS,WV,AEA,CE,Combined TRACON& Tower with Radar,4,5,5,3,17,0,0,1,2,3,4,5,6,5,20,0,4,4,24
10/18/2009,HTS,WV,AEA,CE,Combined TRACON& Tower with Radar,6,9,6,0,21,0,0,5,3,8,6,9,11,3,29,12,0,12,41
10/19/2009,HTS,WV,AEA,CE,Combined TRACON& Tower with Radar,3,18,10,0,31,0,0,27,0,27,3,18,37,0,58,8,0,8,66
10/20/2009,HTS,WV,AEA,CE,Combined TRACON& Tower with Radar,2,16,22,0,40,0,2,13,2,17,2,18,35,2,57,26,0,26,83
10/21/2009,HTS,WV,AEA,CE,Combined TRACON& Tower with Radar,2,20,13,0,35,0,5,10,0,15,2,25,23,0,50,20,0,20,70
10/22/2009,HTS,WV,AEA,CE,Combined TRACON& Tower with Radar,8,16,15,0,39,0,2,13,0,15,8,18,28,0,54,22,0,22,76
10/23/2009,HTS,WV,AEA,CE,Combined TRACON& Tower with Radar,5,18,5,1,29,0,0,2,0,2,5,18,7,1,31,4,0,4,35
10/24/2009,HTS,WV,AEA,CE,Combined TRACON& Tower with Radar,4,7,9,1,21,0,0,4,1,5,4,7,13,2,26,1,0,1,27
10/25/2009,HTS,WV,AEA,CE,Combined TRACON& Tower with Radar,6,12,13,0,31,0,2,24,0,26,6,14,37,0,57,10,0,10,67
10/26/2009,HTS,WV,AEA,CE,Combined TRACON& Tower with Radar,4,15,12,0,31,0,0,6,0,6,4,15,18,0,37,12,0,12,49
10/27/2009,HTS,WV,AEA,CE,Combined TRACON& Tower with Radar,2,14,22,8,46,0,0,4,0,4,2,14,26,8,50,6,22,28,78
10/28/2009,HTS,WV,AEA,CE,Combined TRACON& Tower with Radar,2,18,6,0,26,0,0,1,0,1,2,18,7,0,27,2,0,2,29
10/29/2009,HTS,WV,AEA,CE,Combined TRACON& Tower with Radar,8,18,9,2,37,0,0,23,0,23,8,18,32,2,60,8,4,12,72
10/30/2009,HTS,WV,AEA,CE,Combined TRACON& Tower with Radar,4,18,17,2,41,0,2,10,0,12,4,20,27,2,53,18,10,28,81
10/31/2009,HTS,WV,AEA,CE,Combined TRACON& Tower with Radar,3,7,7,0,17,0,0,2,0,2,3,7,9,0,19,0,0,0,19
11/01/2009,HTS,WV,AEA,CE,Combined TRACON& Tower with Radar,4,12,9,0,25,0,0,15,0,15,4,12,24,0,40,2,0,2,42
11/02/2009,HTS,WV,AEA,CE,Combined TRACON& Tower with Radar,5,13,10,0,28,0,0,5,0,5,5,13,15,0,33,0,0,0,33
11/03/2009,HTS,WV,AEA,CE,Combined TRACON& Tower with Radar,4,14,13,0,31,0,2,14,0,16,4,16,27,0,47,22,0,22,69
11/04/2009,HTS,WV,AEA,CE,Combined TRACON& Tower with Radar,2,15,9,6,32,0,3,9,2,14,2,18,18,8,46,2,14,16,62
11/05/2009,HTS,WV,AEA,CE,Combined TRACON& Tower with Radar,6,17,22,0,45,0,7,6,0,13,6,24,28,0,58,4,0,4,62
11/06/2009,HTS,WV,AEA,CE,Combined TRACON& Tower with Radar,4,20,7,0,31,0,0,19,0,19,4,20,26,0,50,16,0,16,66
11/07/2009,HTS,WV,AEA,CE,Combined TRACON& Tower with Radar,1,7,2,0,10,0,2,7,2,11,1,9,9,2,21,24,0,24,45
11/08/2009,HTS,WV,AEA,CE,Combined TRACON& Tower with Radar,4,9,18,0,31,0,2,13,2,17,4,11,31,2,48,2,0,2,50
11/09/2009,HTS,WV,AEA,CE,Combined TRACON& Tower with Radar,3,16,8,0,27,0,4,15,3,22,3,20,23,3,49,46,4,50,99
11/10/2009,HTS,WV,AEA,CE,Combined TRACON& Tower with Radar,2,18,16,0,36,0,0,4,0,4,2,18,20,0,40,12,0,12,52
11/11/2009,HTS,WV,AEA,CE,Combined TRACON& Tower with Radar,2,21,7,0,30,0,0,9,0,9,2,21,16,0,39,0,0,0,39
11/12/2009,HTS,WV,AEA,CE,Combined TRACON& Tower with Radar,6,24,19,0,49,0,5,5,2,12,6,29,24,2,61,12,0,12,73
11/13/2009,HTS,WV,AEA,CE,Combined TRACON& Tower with Radar,5,16,9,0,30,0,2,22,2,26,5,18,31,2,56,20,0,20,76
11/14/2009,HTS,WV,AEA,CE,Combined TRACON& Tower with Radar,2,7,7,1,17,0,0,30,1,31,2,7,37,2,48,4,0,4,52
11/15/2009,HTS,WV,AEA,CE,Combined TRACON& Tower with Radar,5,8,16,0,29,0,2,14,2,18,5,10,30,2,47,14,0,14,61
11/16/2009,HTS,WV,AEA,CE,Combined TRACON& Tower with Radar,4,19,14,2,39,0,0,11,0,11,4,19,25,2,50,22,0,22,72
11/17/2009,HTS,WV,AEA,CE,Combined TRACON& Tower with Radar,3,16,11,0,30,0,4,7,0,11,3,20,18,0,41,4,0,4,45
11/18/2009,HTS,WV,AEA,CE,Combined TRACON& Tower with Radar,2,16,4,0,22,0,4,0,0,4,2,20,4,0,26,0,0,0,26
11/19/2009,HTS,WV,AEA,CE,Combined TRACON& Tower with Radar,6,13,18,0,37,0,0,2,0,2,6,13,20,0,39,4,0,4,43
11/20/2009,HTS,WV,AEA,CE,Combined TRACON& Tower with Radar,6,19,12,0,37,0,3,16,1,20,6,22,28,1,57,34,0,34,91
11/21/2009,HTS,WV,AEA,CE,Combined TRACON& Tower with Radar,5,10,23,0,38,0,6,20,0,26,5,16,43,0,64,32,0,32,96
11/22/2009,HTS,WV,AEA,CE,Combined TRACON& Tower with Radar,4,9,8,0,21,0,4,19,0,23,4,13,27,0,44,32,0,32,76
11/23/2009,HTS,WV,AEA,CE,Combined TRACON& Tower with Radar,3,12,5,0,20,0,0,0,0,0,3,12,5,0,20,0,0,0,20
11/24/2009,HTS,WV,AEA,CE,Combined TRACON& Tower with Radar,4,22,11,0,37,0,0,6,1,7,4,22,17,1,44,8,0,8,52
11/25/2009,HTS,WV,AEA,CE,Combined TRACON& Tower with Radar,7,17,11,0,35,0,2,2,0,4,7,19,13,0,39,0,0,0,39
11/26/2009,HTS,WV,AEA,CE,Combined TRACON& Tower with Radar,4,4,0,0,8,0,4,2,0,6,4,8,2,0,14,0,0,0,14
11/27/2009,HTS,WV,AEA,CE,Combined TRACON& Tower with Radar,6,12,5,0,23,0,0,0,0,0,6,12,5,0,23,0,0,0,23
11/28/2009,HTS,WV,AEA,CE,Combined TRACON& Tower with Radar,5,7,9,0,21,0,0,8,0,8,5,7,17,0,29,16,0,16,45
11/29/2009,HTS,WV,AEA,CE,Combined TRACON& Tower with Radar,5,15,15,0,35,0,4,2,0,6,5,19,17,0,41,0,0,0,41
11/30/2009,HTS,WV,AEA,CE,Combined TRACON& Tower with Radar,5,14,9,0,28,0,0,3,0,3,5,14,12,0,31,0,0,0,31
12/01/2009,HTS,WV,AEA,CE,Combined TRACON& Tower with Radar,4,13,12,8,37,0,2,15,2,19,4,15,27,10,56,10,12,22,78
12/02/2009,HTS,WV,AEA,CE,Combined TRACON& Tower with Radar,2,14,6,0,22,0,0,0,1,1,2,14,6,1,23,0,0,0,23
12/03/2009,HTS,WV,AEA,CE,Combined TRACON& Tower with Radar,7,18,10,2,37,0,0,1,0,1,7,18,11,2,38,0,0,0,38
12/04/2009,HTS,WV,AEA,CE,Combined TRACON& Tower with Radar,5,15,6,0,26,0,4,12,0,16,5,19,18,0,42,16,0,16,58
12/05/2009,HTS,WV,AEA,CE,Combined TRACON& Tower with Radar,1,7,2,0,10,0,0,0,0,0,1,7,2,0,10,0,0,0,10
12/06/2009,HTS,WV,AEA,CE,Combined TRACON& Tower with Radar,4,12,17,0,33,0,0,11,2,13,4,12,28,2,46,18,0,18,64
12/07/2009,HTS,WV,AEA,CE,Combined TRACON& Tower with Radar,3,16,8,0,27,0,1,3,0,4,3,17,11,0,31,0,0,0,31
12/08/2009,HTS,WV,AEA,CE,Combined TRACON& Tower with Radar,2,16,5,0,23,0,0,6,0,6,2,16,11,0,29,0,0,0,29
12/09/2009,HTS,WV,AEA,CE,Combined TRACON& Tower with Radar,2,19,5,0,26,0,0,0,0,0,2,19,5,0,26,0,0,0,26
12/10/2009,HTS,WV,AEA,CE,Combined TRACON& Tower with Radar,7,17,8,2,34,0,0,0,0,0,7,17,8,2,34,0,0,0,34
12/11/2009,HTS,WV,AEA,CE,Combined TRACON& Tower with Radar,4,15,23,0,42,0,0,10,0,10,4,15,33,0,52,12,0,12,64
12/12/2009,HTS,WV,AEA,CE,Combined TRACON& Tower with Radar,0,8,16,0,24,0,1,13,0,14,0,9,29,0,38,26,0,26,64
12/13/2009,HTS,WV,AEA,CE,Combined TRACON& Tower with Radar,5,10,12,0,27,0,0,0,0,0,5,10,12,0,27,0,0,0,27
12/14/2009,HTS,WV,AEA,CE,Combined TRACON& Tower with Radar,3,12,6,0,21,0,2,5,3,10,3,14,11,3,31,0,0,0,31
12/15/2009,HTS,WV,AEA,CE,Combined TRACON& Tower with Radar,2,16,24,2,44,0,1,0,0,1,2,17,24,2,45,6,8,14,59
12/16/2009,HTS,WV,AEA,CE,Combined TRACON& Tower with Radar,2,16,14,0,32,0,2,11,0,13,2,18,25,0,45,8,0,8,53
12/17/2009,HTS,WV,AEA,CE,Combined TRACON& Tower with Radar,6,18,10,1,35,0,3,9,0,12,6,21,19,1,47,6,2,8,55
12/18/2009,HTS,WV,AEA,CE,Combined TRACON& Tower with Radar,4,18,6,3,31,0,0,3,0,3,4,18,9,3,34,0,2,2,36
12/19/2009,HTS,WV,AEA,CE,Combined TRACON& Tower with Radar,0,4,3,0,7,0,0,0,0,0,0,4,3,0,7,0,0,0,7
12/20/2009,HTS,WV,AEA,CE,Combined TRACON& Tower with Radar,7,9,5,0,21,0,0,1,0,1,7,9,6,0,22,0,0,0,22
12/21/2009,HTS,WV,AEA,CE,Combined TRACON& Tower with Radar,2,12,6,0,20,0,0,0,0,0,2,12,6,0,20,0,0,0,20
12/22/2009,HTS,WV,AEA,CE,Combined TRACON& Tower with Radar,6,14,11,0,31,0,6,5,0,11,6,20,16,0,42,0,0,0,42
12/23/2009,HTS,WV,AEA,CE,Combined TRACON& Tower with Radar,8,16,9,0,33,0,2,1,0,3,8,18,10,0,36,2,0,2,38
12/24/2009,HTS,WV,AEA,CE,Combined TRACON& Tower with Radar,4,12,0,0,16,0,7,4,0,11,4,19,4,0,27,0,0,0,27
12/25/2009,HTS,WV,AEA,CE,Combined TRACON& Tower with Radar,2,8,0,0,10,0,0,0,0,0,2,8,0,0,10,0,0,0,10
12/26/2009,HTS,WV,AEA,CE,Combined TRACON& Tower with Radar,6,7,6,0,19,0,0,9,0,9,6,7,15,0,28,10,0,10,38
12/27/2009,HTS,WV,AEA,CE,Combined TRACON& Tower with Radar,4,9,0,0,13,0,2,2,0,4,4,11,2,0,17,0,0,0,17
12/28/2009,HTS,WV,AEA,CE,Combined TRACON& Tower with Radar,3,16,0,0,19,0,0,4,0,4,3,16,4,0,23,0,0,0,23
12/29/2009,HTS,WV,AEA,CE,Combined TRACON& Tower with Radar,6,18,8,0,32,0,0,7,0,7,6,18,15,0,39,0,0,0,39
12/30/2009,HTS,WV,AEA,CE,Combined TRACON& Tower with Radar,4,16,16,0,36,0,0,6,2,8,4,16,22,2,44,16,0,16,60
12/31/2009,HTS,WV,AEA,CE,Combined TRACON& Tower with Radar,4,18,4,0,26,0,0,0,0,0,4,18,4,0,26,0,0,0,26
01/01/2010,HTS,WV,AEA,CE,Combined TRACON& Tower with Radar,4,7,5,0,16,0,0,0,0,0,4,7,5,0,16,0,0,0,16
01/02/2010,HTS,WV,AEA,CE,Combined TRACON& Tower with Radar,5,9,4,0,18,0,0,0,0,0,5,9,4,0,18,0,0,0,18
01/03/2010,HTS,WV,AEA,CE,Combined TRACON& Tower with Radar,4,5,9,0,18,0,2,1,0,3,4,7,10,0,21,0,0,0,21
01/04/2010,HTS,WV,AEA,CE,Combined TRACON& Tower with Radar,3,16,5,0,24,0,0,1,0,1,3,16,6,0,25,0,0,0,25
01/05/2010,HTS,WV,AEA,CE,Combined TRACON& Tower with Radar,4,16,9,0,29,0,0,1,0,1,4,16,10,0,30,0,0,0,30
01/06/2010,HTS,WV,AEA,CE,Combined TRACON& Tower with Radar,2,16,7,0,25,0,0,0,0,0,2,16,7,0,25,0,0,0,25
01/07/2010,HTS,WV,AEA,CE,Combined TRACON& Tower with Radar,6,16,5,0,27,0,0,1,0,1,6,16,6,0,28,0,0,0,28
01/08/2010,HTS,WV,AEA,CE,Combined TRACON& Tower with Radar,4,18,9,0,31,0,2,1,0,3,4,20,10,0,34,8,0,8,42
01/09/2010,HTS,WV,AEA,CE,Combined TRACON& Tower with Radar,1,9,4,0,14,0,0,0,0,0,1,9,4,0,14,0,0,0,14
01/10/2010,HTS,WV,AEA,CE,Combined TRACON& Tower with Radar,5,8,5,0,18,0,0,0,3,3,5,8,5,3,21,0,0,0,21
01/11/2010,HTS,WV,AEA,CE,Combined TRACON& Tower with Radar,3,15,7,0,25,0,0,3,0,3,3,15,10,0,28,0,0,0,28
01/12/2010,HTS,WV,AEA,CE,Combined TRACON& Tower with Radar,4,16,5,0,25,0,0,1,0,1,4,16,6,0,26,0,0,0,26
01/13/2010,HTS,WV,AEA,CE,Combined TRACON& Tower with Radar,2,13,16,3,34,0,3,22,1,26,2,16,38,4,60,30,0,30,90
01/14/2010,HTS,WV,AEA,CE,Combined TRACON& Tower with Radar,7,20,30,0,57,0,2,13,0,15,7,22,43,0,72,4,0,4,76
01/15/2010,HTS,WV,AEA,CE,Combined TRACON& Tower with Radar,4,19,3,0,26,0,2,2,0,4,4,21,5,0,30,12,0,12,42
01/16/2010,HTS,WV,AEA,CE,Combined TRACON& Tower with Radar,1,6,9,0,16,0,4,10,0,14,1,10,19,0,30,20,0,20,50
01/17/2010,HTS,WV,AEA,CE,Combined TRACON& Tower with Radar,5,8,3,0,16,0,0,0,0,0,5,8,3,0,16,0,0,0,16
01/18/2010,HTS,WV,AEA,CE,Combined TRACON& Tower with Radar,1,14,19,1,35,0,0,12,1,13,1,14,31,2,48,4,0,4,52
01/19/2010,HTS,WV,AEA,CE,Combined TRACON& Tower with Radar,7,18,30,0,55,0,0,9,1,10,7,18,39,1,65,18,0,18,83
01/20/2010,HTS,WV,AEA,CE,Combined TRACON& Tower with Radar,2,26,5,0,33,0,0,0,0,0,2,26,5,0,33,0,0,0,33
01/21/2010,HTS,WV,AEA,CE,Combined TRACON& Tower with Radar,6,16,5,0,27,0,0,1,0,1,6,16,6,0,28,0,0,0,28
01/22/2010,HTS,WV,AEA,CE,Combined TRACON& Tower with Radar,4,18,12,0,34,0,0,5,0,5,4,18,17,0,39,0,0,0,39
01/23/2010,HTS,WV,AEA,CE,Combined TRACON& Tower with Radar,1,8,9,0,18,0,3,5,0,8,1,11,14,0,26,0,0,0,26
01/24/2010,HTS,WV,AEA,CE,Combined TRACON& Tower with Radar,4,13,1,0,18,0,0,0,0,0,4,13,1,0,18,0,0,0,18
01/25/2010,HTS,WV,AEA,CE,Combined TRACON& Tower with Radar,3,14,4,2,23,0,0,0,0,0,3,14,4,2,23,0,0,0,23
01/26/2010,HTS,WV,AEA,CE,Combined TRACON& Tower with Radar,5,16,9,6,36,0,1,0,0,1,5,17,9,6,37,0,14,14,51
01/27/2010,HTS,WV,AEA,CE,Combined TRACON& Tower with Radar,4,15,18,0,37,0,2,21,0,23,4,17,39,0,60,12,10,22,82
01/28/2010,HTS,WV,AEA,CE,Combined TRACON& Tower with Radar,6,18,4,1,29,0,2,0,1,3,6,20,4,2,32,0,0,0,32
01/29/2010,HTS,WV,AEA,CE,Combined TRACON& Tower with Radar,6,19,3,0,28,0,2,6,0,8,6,21,9,0,36,20,0,20,56
01/30/2010,HTS,WV,AEA,CE,Combined TRACON& Tower with Radar,1,5,0,0,6,0,0,2,0,2,1,5,2,0,8,0,0,0,8
01/31/2010,HTS,WV,AEA,CE,Combined TRACON& Tower with Radar,4,9,10,0,23,0,0,6,2,8,4,9,16,2,31,8,0,8,39
02/01/2010,HTS,WV,AEA,CE,Combined TRACON& Tower with Radar,3,14,10,2,29,0,0,6,0,6,3,14,16,2,35,0,0,0,35
02/02/2010,HTS,WV,AEA,CE,Combined TRACON& Tower with Radar,4,14,5,6,29,0,2,1,12,15,4,16,6,18,44,4,0,4,48
02/03/2010,HTS,WV,AEA,CE,Combined TRACON& Tower with Radar,2,13,9,0,24,0,1,4,0,5,2,14,13,0,29,10,0,10,39
02/04/2010,HTS,WV,AEA,CE,Combined TRACON& Tower with Radar,6,14,18,5,43,0,0,3,0,3,6,14,21,5,46,2,30,32,78
02/05/2010,HTS,WV,AEA,CE,Combined TRACON& Tower with Radar,4,9,0,2,15,0,0,0,0,0,4,9,0,2,15,0,0,0,15
02/06/2010,HTS,WV,AEA,CE,Combined TRACON& Tower with Radar,3,5,0,2,10,0,0,0,0,0,3,5,0,2,10,0,0,0,10
02/07/2010,HTS,WV,AEA,CE,Combined TRACON& Tower with Radar,5,7,2,0,14,0,0,0,0,0,5,7,2,0,14,0,0,0,14
02/08/2010,HTS,WV,AEA,CE,Combined TRACON& Tower with Radar,3,16,5,0,24,0,2,10,0,12,3,18,15,0,36,0,0,0,36
02/09/2010,HTS,WV,AEA,CE,Combined TRACON& Tower with Radar,3,10,0,4,17,0,0,0,0,0,3,10,0,4,17,0,4,4,21
02/10/2010,HTS,WV,AEA,CE,Combined TRACON& Tower with Radar,3,10,4,0,17,0,0,0,0,0,3,10,4,0,17,0,0,0,17
02/11/2010,HTS,WV,AEA,CE,Combined TRACON& Tower with Radar,6,13,3,2,24,0,0,6,0,6,6,13,9,2,30,2,0,2,32
02/12/2010,HTS,WV,AEA,CE,Combined TRACON& Tower with Radar,4,14,7,2,27,0,2,1,0,3,4,16,8,2,30,0,0,0,30
02/13/2010,HTS,WV,AEA,CE,Combined TRACON& Tower with Radar,4,7,3,0,14,0,0,2,0,2,4,7,5,0,16,0,0,0,16
02/14/2010,HTS,WV,AEA,CE,Combined TRACON& Tower with Radar,4,7,3,0,14,0,0,1,0,1,4,7,4,0,15,0,0,0,15
02/15/2010,HTS,WV,AEA,CE,Combined TRACON& Tower with Radar,2,16,3,0,21,0,0,0,0,0,2,16,3,0,21,0,0,0,21
02/16/2010,HTS,WV,AEA,CE,Combined TRACON& Tower with Radar,8,17,3,0,28,0,0,0,0,0,8,17,3,0,28,0,0,0,28
02/17/2010,HTS,WV,AEA,CE,Combined TRACON& Tower with Radar,4,15,3,20,42,0,1,0,0,1,4,16,3,20,43,0,88,88,131
02/18/2010,HTS,WV,AEA,CE,Combined TRACON& Tower with Radar,7,17,15,0,39,0,2,3,0,5,7,19,18,0,44,0,0,0,44
02/19/2010,HTS,WV,AEA,CE,Combined TRACON& Tower with Radar,4,18,18,2,42,0,2,6,0,8,4,20,24,2,50,10,0,10,60
02/20/2010,HTS,WV,AEA,CE,Combined TRACON& Tower with Radar,3,10,4,0,17,0,1,6,0,7,3,11,10,0,24,0,0,0,24
02/21/2010,HTS,WV,AEA,CE,Combined TRACON& Tower with Radar,4,9,15,0,28,0,1,12,1,14,4,10,27,1,42,10,0,10,52
02/22/2010,HTS,WV,AEA,CE,Combined TRACON& Tower with Radar,3,17,6,0,26,0,0,0,0,0,3,17,6,0,26,0,0,0,26
02/23/2010,HTS,WV,AEA,CE,Combined TRACON& Tower with Radar,3,18,9,0,30,0,0,2,0,2,3,18,11,0,32,0,0,0,32
02/24/2010,HTS,WV,AEA,CE,Combined TRACON& Tower with Radar,2,15,9,1,27,0,0,0,0,0,2,15,9,1,27,0,0,0,27
02/25/2010,HTS,WV,AEA,CE,Combined TRACON& Tower with Radar,5,11,16,0,32,0,0,0,0,0,5,11,16,0,32,0,0,0,32
02/26/2010,HTS,WV,AEA,CE,Combined TRACON& Tower with Radar,3,11,5,0,19,0,0,0,0,0,3,11,5,0,19,0,0,0,19
02/27/2010,HTS,WV,AEA,CE,Combined TRACON& Tower with Radar,3,4,2,0,9,0,0,0,0,0,3,4,2,0,9,0,0,0,9
02/28/2010,HTS,WV,AEA,CE,Combined TRACON& Tower with Radar,3,5,6,0,14,0,0,0,0,0,3,5,6,0,14,0,0,0,14
03/01/2010,HTS,WV,AEA,CE,Combined TRACON& Tower with Radar,5,14,5,2,26,0,1,6,0,7,5,15,11,2,33,3,0,3,36
03/02/2010,HTS,WV,AEA,CE,Combined TRACON& Tower with Radar,4,14,11,0,29,0,2,5,1,8,4,16,16,1,37,4,0,4,41
03/03/2010,HTS,WV,AEA,CE,Combined TRACON& Tower with Radar,2,16,3,0,21,0,4,0,0,4,2,20,3,0,25,0,0,0,25
03/04/2010,HTS,WV,AEA,CE,Combined TRACON& Tower with Radar,6,18,12,0,36,0,3,4,2,9,6,21,16,2,45,9,0,9,54
03/05/2010,HTS,WV,AEA,CE,Combined TRACON& Tower with Radar,3,12,13,0,28,0,0,18,0,18,3,12,31,0,46,0,0,0,46
03/06/2010,HTS,WV,AEA,CE,Combined TRACON& Tower with Radar,3,6,16,2,27,0,0,18,0,18,3,6,34,2,45,14,2,16,61
03/07/2010,HTS,WV,AEA,CE,Combined TRACON& Tower with Radar,5,10,13,5,33,0,2,31,0,33,5,12,44,5,66,20,2,22,88
03/08/2010,HTS,WV,AEA,CE,Combined TRACON& Tower with Radar,3,17,4,2,26,0,2,5,0,7,3,19,9,2,33,0,0,0,33
03/09/2010,HTS,WV,AEA,CE,Combined TRACON& Tower with Radar,4,18,20,15,57,0,2,16,0,18,4,20,36,15,75,1,34,35,110
03/10/2010,HTS,WV,AEA,CE,Combined TRACON& Tower with Radar,4,14,22,2,42,0,2,6,0,8,4,16,28,2,50,0,0,0,50
03/11/2010,HTS,WV,AEA,CE,Combined TRACON& Tower with Radar,7,13,11,0,31,0,0,10,0,10,7,13,21,0,41,0,0,0,41
03/12/2010,HTS,WV,AEA,CE,Combined TRACON& Tower with Radar,6,16,7,0,29,0,2,2,0,4,6,18,9,0,33,0,0,0,33
03/13/2010,HTS,WV,AEA,CE,Combined TRACON& Tower with Radar,4,7,7,0,18,0,0,0,0,0,4,7,7,0,18,0,0,0,18
03/14/2010,HTS,WV,AEA,CE,Combined TRACON& Tower with Radar,4,9,11,0,24,0,0,0,0,0,4,9,11,0,24,4,0,4,28
03/15/2010,HTS,WV,AEA,CE,Combined TRACON& Tower with Radar,3,13,6,0,22,0,0,2,0,2,3,13,8,0,24,2,0,2,26
03/16/2010,HTS,WV,AEA,CE,Combined TRACON& Tower with Radar,5,15,13,2,35,0,2,14,0,16,5,17,27,2,51,8,2,10,61
03/17/2010,HTS,WV,AEA,CE,Combined TRACON& Tower with Radar,5,17,20,0,42,0,8,15,0,23,5,25,35,0,65,30,0,30,95
03/18/2010,HTS,WV,AEA,CE,Combined TRACON& Tower with Radar,6,19,26,0,51,0,2,13,0,15,6,21,39,0,66,64,0,64,130
03/19/2010,HTS,WV,AEA,CE,Combined TRACON& Tower with Radar,3,14,7,0,24,0,2,20,0,22,3,16,27,0,46,4,0,4,50
03/20/2010,HTS,WV,AEA,CE,Combined TRACON& Tower with Radar,3,8,7,0,18,0,6,18,0,24,3,14,25,0,42,0,0,0,42
03/21/2010,HTS,WV,AEA,CE,Combined TRACON& Tower with Radar,4,7,10,2,23,0,0,7,0,7,4,7,17,2,30,14,0,14,44
03/22/2010,HTS,WV,AEA,CE,Combined TRACON& Tower with Radar,3,16,10,0,29,0,2,2,0,4,3,18,12,0,33,0,0,0,33
03/23/2010,HTS,WV,AEA,CE,Combined TRACON& Tower with Radar,4,12,3,0,19,0,0,1,0,1,4,12,4,0,20,0,0,0,20
03/24/2010,HTS,WV,AEA,CE,Combined TRACON& Tower with Radar,6,15,10,0,31,0,1,5,0,6,6,16,15,0,37,0,0,0,37
03/25/2010,HTS,WV,AEA,CE,Combined TRACON& Tower with Radar,6,18,14,0,38,0,0,4,0,4,6,18,18,0,42,0,0,0,42
03/26/2010,HTS,WV,AEA,CE,Combined TRACON& Tower with Radar,4,14,24,0,42,0,0,9,0,9,4,14,33,0,51,4,0,4,55
03/27/2010,HTS,WV,AEA,CE,Combined TRACON& Tower with Radar,3,7,16,0,26,0,2,21,0,23,3,9,37,0,49,20,0,20,69
03/28/2010,HTS,WV,AEA,CE,Combined TRACON& Tower with Radar,4,7,7,0,18,0,0,1,0,1,4,7,8,0,19,0,0,0,19
03/29/2010,HTS,WV,AEA,CE,Combined TRACON& Tower with Radar,5,17,13,0,35,0,0,1,0,1,5,17,14,0,36,0,0,0,36
03/30/2010,HTS,WV,AEA,CE,Combined TRACON& Tower with Radar,4,13,28,0,45,0,2,13,2,17,4,15,41,2,62,8,0,8,70
03/31/2010,HTS,WV,AEA,CE,Combined TRACON& Tower with Radar,4,12,8,0,24,0,2,8,2,12,4,14,16,2,36,4,0,4,40
04/01/2010,HTS,WV,AEA,CE,Combined TRACON& Tower with Radar,10,14,9,0,33,0,2,14,0,16,10,16,23,0,49,6,0,6,55
04/02/2010,HTS,WV,AEA,CE,Combined TRACON& Tower with Radar,4,13,9,0,26,0,7,23,1,31,4,20,32,1,57,4,0,4,61
04/03/2010,HTS,WV,AEA,CE,Combined TRACON& Tower with Radar,3,6,6,0,15,0,0,7,0,7,3,6,13,0,22,18,0,18,40
04/04/2010,HTS,WV,AEA,CE,Combined TRACON& Tower with Radar,8,9,9,0,26,0,2,15,0,17,8,11,24,0,43,8,0,8,51
04/05/2010,HTS,WV,AEA,CE,Combined TRACON& Tower with Radar,5,12,12,4,33,0,0,6,0,6,5,12,18,4,39,0,0,0,39
04/06/2010,HTS,WV,AEA,CE,Combined TRACON& Tower with Radar,4,8,9,5,26,0,0,3,0,3,4,8,12,5,29,0,0,0,29
04/07/2010,HTS,WV,AEA,CE,Combined TRACON& Tower with Radar,6,10,11,2,29,0,1,5,0,6,6,11,16,2,35,0,0,0,35
04/08/2010,HTS,WV,AEA,CE,Combined TRACON& Tower with Radar,9,18,22,0,49,0,0,1,0,1,9,18,23,0,50,0,0,0,50
04/09/2010,HTS,WV,AEA,CE,Combined TRACON& Tower with Radar,6,12,14,0,32,0,1,7,0,8,6,13,21,0,40,0,0,0,40
04/10/2010,HTS,WV,AEA,CE,Combined TRACON& Tower with Radar,3,7,12,0,22,0,0,23,0,23,3,7,35,0,45,18,0,18,63
04/11/2010,HTS,WV,AEA,CE,Combined TRACON& Tower with Radar,8,7,18,2,35,0,1,19,1,21,8,8,37,3,56,48,0,48,104
04/12/2010,HTS,WV,AEA,CE,Combined TRACON& Tower with Radar,5,14,21,0,40,0,0,14,0,14,5,14,35,0,54,22,0,22,76
04/13/2010,HTS,WV,AEA,CE,Combined TRACON& Tower with Radar,4,12,13,0,29,0,0,11,2,13,4,12,24,2,42,6,0,6,48
04/14/2010,HTS,WV,AEA,CE,Combined TRACON& Tower with Radar,4,12,12,0,28,0,0,9,0,9,4,12,21,0,37,0,0,0,37
04/15/2010,HTS,WV,AEA,CE,Combined TRACON& Tower with Radar,8,17,19,0,44,0,5,15,2,22,8,22,34,2,66,12,0,12,78
04/16/2010,HTS,WV,AEA,CE,Combined TRACON& Tower with Radar,4,12,3,0,19,0,0,5,1,6,4,12,8,1,25,0,0,0,25
04/17/2010,HTS,WV,AEA,CE,Combined TRACON& Tower with Radar,3,7,10,0,20,0,3,13,0,16,3,10,23,0,36,24,0,24,60
04/18/2010,HTS,WV,AEA,CE,Combined TRACON& Tower with Radar,6,10,12,0,28,0,2,11,0,13,6,12,23,0,41,14,0,14,55
04/19/2010,HTS,WV,AEA,CE,Combined TRACON& Tower with Radar,3,12,17,0,32,0,0,13,0,13,3,12,30,0,45,0,0,0,45
04/20/2010,HTS,WV,AEA,CE,Combined TRACON& Tower with Radar,4,13,11,0,28,0,5,9,1,15,4,18,20,1,43,16,0,16,59
04/21/2010,HTS,WV,AEA,CE,Combined TRACON& Tower with Radar,3,14,6,0,23,0,0,8,0,8,3,14,14,0,31,0,0,0,31
04/22/2010,HTS,WV,AEA,CE,Combined TRACON& Tower with Radar,9,14,12,0,35,0,0,6,0,6,9,14,18,0,41,0,0,0,41
04/23/2010,HTS,WV,AEA,CE,Combined TRACON& Tower with Radar,4,13,12,0,29,0,0,4,0,4,4,13,16,0,33,0,0,0,33
04/24/2010,HTS,WV,AEA,CE,Combined TRACON& Tower with Radar,3,11,15,0,29,0,0,1,0,1,3,11,16,0,30,4,0,4,34
04/25/2010,HTS,WV,AEA,CE,Combined TRACON& Tower with Radar,6,9,11,0,26,0,4,1,3,8,6,13,12,3,34,6,0,6,40
04/26/2010,HTS,WV,AEA,CE,Combined TRACON& Tower with Radar,3,17,8,0,28,0,0,0,0,0,3,17,8,0,28,0,0,0,28
04/27/2010,HTS,WV,AEA,CE,Combined TRACON& Tower with Radar,4,13,15,14,46,0,2,6,0,8,4,15,21,14,54,0,26,26,80
04/28/2010,HTS,WV,AEA,CE,Combined TRACON& Tower with Radar,2,20,15,0,37,0,0,13,0,13,2,20,28,0,50,20,0,20,70
04/29/2010,HTS,WV,AEA,CE,Combined TRACON& Tower with Radar,8,16,13,0,37,0,2,18,1,21,8,18,31,1,58,10,0,10,68
04/30/2010,HTS,WV,AEA,CE,Combined TRACON& Tower with Radar,4,12,14,0,30,0,7,9,1,17,4,19,23,1,47,0,0,0,47
05/01/2010,HTS,WV,AEA,CE,Combined TRACON& Tower with Radar,3,7,6,1,17,0,2,4,0,6,3,9,10,1,23,6,0,6,29
05/02/2010,HTS,WV,AEA,CE,Combined TRACON& Tower with Radar,6,9,3,0,18,0,0,0,0,0,6,9,3,0,18,0,0,0,18
05/03/2010,HTS,WV,AEA,CE,Combined TRACON& Tower with Radar,3,18,19,0,40,0,0,7,0,7,3,18,26,0,47,0,0,0,47
05/04/2010,HTS,WV,AEA,CE,Combined TRACON& Tower with Radar,4,15,8,0,27,0,0,6,0,6,4,15,14,0,33,4,0,4,37
05/05/2010,HTS,WV,AEA,CE,Combined TRACON& Tower with Radar,2,16,17,0,35,0,0,6,0,6,2,16,23,0,41,2,0,2,43
05/06/2010,HTS,WV,AEA,CE,Combined TRACON& Tower with Radar,8,18,10,1,37,0,2,16,1,19,8,20,26,2,56,10,0,10,66
05/07/2010,HTS,WV,AEA,CE,Combined TRACON& Tower with Radar,4,18,10,0,32,0,2,5,0,7,4,20,15,0,39,4,0,4,43
05/08/2010,HTS,WV,AEA,CE,Combined TRACON& Tower with Radar,3,7,4,0,14,0,0,2,0,2,3,7,6,0,16,0,0,0,16
05/09/2010,HTS,WV,AEA,CE,Combined TRACON& Tower with Radar,6,11,4,0,21,0,0,16,0,16,6,11,20,0,37,6,0,6,43
05/10/2010,HTS,WV,AEA,CE,Combined TRACON& Tower with Radar,3,16,18,0,37,0,2,9,0,11,3,18,27,0,48,7,0,7,55
05/11/2010,HTS,WV,AEA,CE,Combined TRACON& Tower with Radar,4,18,3,0,25,0,0,3,0,3,4,18,6,0,28,0,0,0,28
05/12/2010,HTS,WV,AEA,CE,Combined TRACON& Tower with Radar,2,16,7,0,25,0,0,4,0,4,2,16,11,0,29,0,0,0,29
05/13/2010,HTS,WV,AEA,CE,Combined TRACON& Tower with Radar,8,14,12,0,34,0,2,6,0,8,8,16,18,0,42,12,0,12,54
05/14/2010,HTS,WV,AEA,CE,Combined TRACON& Tower with Radar,5,14,13,0,32,0,2,2,0,4,5,16,15,0,36,2,0,2,38
05/15/2010,HTS,WV,AEA,CE,Combined TRACON& Tower with Radar,3,7,10,1,21,0,0,20,3,23,3,7,30,4,44,30,2,32,76
05/16/2010,HTS,WV,AEA,CE,Combined TRACON& Tower with Radar,6,13,8,0,27,0,0,4,0,4,6,13,12,0,31,6,0,6,37
05/17/2010,HTS,WV,AEA,CE,Combined TRACON& Tower with Radar,3,15,17,0,35,0,0,3,0,3,3,15,20,0,38,0,0,0,38
05/18/2010,HTS,WV,AEA,CE,Combined TRACON& Tower with Radar,4,14,24,2,44,0,0,3,0,3,4,14,27,2,47,0,0,0,47
05/19/2010,HTS,WV,AEA,CE,Combined TRACON& Tower with Radar,1,13,20,2,36,0,0,1,0,1,1,13,21,2,37,0,26,26,63
05/20/2010,HTS,WV,AEA,CE,Combined TRACON& Tower with Radar,12,14,15,0,41,0,0,13,0,13,12,14,28,0,54,10,0,10,64
05/21/2010,HTS,WV,AEA,CE,Combined TRACON& Tower with Radar,4,19,12,0,35,0,2,2,2,6,4,21,14,2,41,8,0,8,49
05/22/2010,HTS,WV,AEA,CE,Combined TRACON& Tower with Radar,3,9,10,0,22,0,2,13,0,15,3,11,23,0,37,26,0,26,63
05/23/2010,HTS,WV,AEA,CE,Combined TRACON& Tower with Radar,6,8,10,0,24,0,2,17,0,19,6,10,27,0,43,6,0,6,49
05/24/2010,HTS,WV,AEA,CE,Combined TRACON& Tower with Radar,3,14,12,0,29,0,1,16,0,17,3,15,28,0,46,16,0,16,62
05/25/2010,HTS,WV,AEA,CE,Combined TRACON& Tower with Radar,4,19,8,0,31,0,4,16,3,23,4,23,24,3,54,10,0,10,64
05/26/2010,HTS,WV,AEA,CE,Combined TRACON& Tower with Radar,5,18,8,0,31,0,0,12,2,14,5,18,20,2,45,14,0,14,59
05/27/2010,HTS,WV,AEA,CE,Combined TRACON& Tower with Radar,9,14,12,2,37,0,2,11,0,13,9,16,23,2,50,12,0,12,62
05/28/2010,HTS,WV,AEA,CE,Combined TRACON& Tower with Radar,5,15,4,0,24,0,0,4,2,6,5,15,8,2,30,12,0,12,42
05/29/2010,HTS,WV,AEA,CE,Combined TRACON& Tower with Radar,3,7,10,0,20,0,0,9,2,11,3,7,19,2,31,50,0,50,81
05/30/2010,HTS,WV,AEA,CE,Combined TRACON& Tower with Radar,6,8,5,0,19,0,2,9,0,11,6,10,14,0,30,0,0,0,30
05/31/2010,HTS,WV,AEA,CE,Combined TRACON& Tower with Radar,2,10,4,0,16,0,0,4,0,4,2,10,8,0,20,0,0,0,20
06/01/2010,HTS,WV,AEA,CE,Combined TRACON& Tower with Radar,3,15,13,0,31,0,0,5,0,5,3,15,18,0,36,6,0,6,42
06/02/2010,HTS,WV,AEA,CE,Combined TRACON& Tower with Radar,4,19,15,0,38,0,0,6,0,6,4,19,21,0,44,0,0,0,44
06/03/2010,HTS,WV,AEA,CE,Combined TRACON& Tower with Radar,10,18,12,1,41,0,4,7,1,12,10,22,19,2,53,0,0,0,53
06/04/2010,HTS,WV,AEA,CE,Combined TRACON& Tower with Radar,4,16,5,1,26,0,6,2,0,8,4,22,7,1,34,0,0,0,34
06/05/2010,HTS,WV,AEA,CE,Combined TRACON& Tower with Radar,3,10,9,0,22,0,0,7,0,7,3,10,16,0,29,16,0,16,45
06/06/2010,HTS,WV,AEA,CE,Combined TRACON& Tower with Radar,6,12,4,0,22,0,0,5,2,7,6,12,9,2,29,0,0,0,29
06/07/2010,HTS,WV,AEA,CE,Combined TRACON& Tower with Radar,3,18,8,2,31,0,0,9,2,11,3,18,17,4,42,12,0,12,54
06/08/2010,HTS,WV,AEA,CE,Combined TRACON& Tower with Radar,4,16,13,0,33,0,0,11,0,11,4,16,24,0,44,6,0,6,50
06/09/2010,HTS,WV,AEA,CE,Combined TRACON& Tower with Radar,6,17,4,0,27,0,0,0,0,0,6,17,4,0,27,0,0,0,27
06/10/2010,HTS,WV,AEA,CE,Combined TRACON& Tower with Radar,8,16,8,0,32,0,2,11,0,13,8,18,19,0,45,0,0,0,45
06/11/2010,HTS,WV,AEA,CE,Combined TRACON& Tower with Radar,4,19,8,0,31,0,2,5,0,7,4,21,13,0,38,0,0,0,38
06/12/2010,HTS,WV,AEA,CE,Combined TRACON& Tower with Radar,3,10,6,0,19,0,0,0,0,0,3,10,6,0,19,0,0,0,19
06/13/2010,HTS,WV,AEA,CE,Combined TRACON& Tower with Radar,9,13,12,0,34,0,0,11,0,11,9,13,23,0,45,0,0,0,45
06/14/2010,HTS,WV,AEA,CE,Combined TRACON& Tower with Radar,5,15,6,0,26,0,2,7,0,9,5,17,13,0,35,30,0,30,65
06/15/2010,HTS,WV,AEA,CE,Combined TRACON& Tower with Radar,6,17,5,0,28,0,0,8,0,8,6,17,13,0,36,8,0,8,44
06/16/2010,HTS,WV,AEA,CE,Combined TRACON& Tower with Radar,8,18,10,8,44,0,0,18,6,24,8,18,28,14,68,16,4,20,88
06/17/2010,HTS,WV,AEA,CE,Combined TRACON& Tower with Radar,6,18,8,0,32,0,2,6,2,10,6,20,14,2,42,8,0,8,50
06/18/2010,HTS,WV,AEA,CE,Combined TRACON& Tower with Radar,8,16,13,2,39,0,2,15,0,17,8,18,28,2,56,6,2,8,64
06/19/2010,HTS,WV,AEA,CE,Combined TRACON& Tower with Radar,3,11,8,0,22,0,7,22,0,29,3,18,30,0,51,8,0,8,59
06/20/2010,HTS,WV,AEA,CE,Combined TRACON& Tower with Radar,8,10,8,0,26,0,2,10,0,12,8,12,18,0,38,0,0,0,38
06/21/2010,HTS,WV,AEA,CE,Combined TRACON& Tower with Radar,7,19,6,0,32,0,0,8,0,8,7,19,14,0,40,32,0,32,72
06/22/2010,HTS,WV,AEA,CE,Combined TRACON& Tower with Radar,4,15,11,0,30,0,0,18,0,18,4,15,29,0,48,20,0,20,68
06/23/2010,HTS,WV,AEA,CE,Combined TRACON& Tower with Radar,8,19,7,0,34,0,2,10,0,12,8,21,17,0,46,6,0,6,52
06/24/2010,HTS,WV,AEA,CE,Combined TRACON& Tower with Radar,7,14,21,0,42,0,6,11,2,19,7,20,32,2,61,14,0,14,75
06/25/2010,HTS,WV,AEA,CE,Combined TRACON& Tower with Radar,8,14,8,0,30,0,2,2,0,4,8,16,10,0,34,0,0,0,34
06/26/2010,HTS,WV,AEA,CE,Combined TRACON& Tower with Radar,3,9,9,0,21,0,3,7,0,10,3,12,16,0,31,12,0,12,43
06/27/2010,HTS,WV,AEA,CE,Combined TRACON& Tower with Radar,7,9,6,1,23,0,0,6,0,6,7,9,12,1,29,0,0,0,29
06/28/2010,HTS,WV,AEA,CE,Combined TRACON& Tower with Radar,7,13,5,0,25,0,0,3,2,5,7,13,8,2,30,0,0,0,30
06/29/2010,HTS,WV,AEA,CE,Combined TRACON& Tower with Radar,2,16,7,0,25,0,2,19,0,21,2,18,26,0,46,2,0,2,48
06/30/2010,HTS,WV,AEA,CE,Combined TRACON& Tower with Radar,8,22,11,5,46,0,0,17,3,20,8,22,28,8,66,0,0,0,66
07/01/2010,HTS,WV,AEA,CE,Combined TRACON& Tower with Radar,7,15,17,0,39,0,0,14,0,14,7,15,31,0,53,10,0,10,63
07/02/2010,HTS,WV,AEA,CE,Combined TRACON& Tower with Radar,8,16,13,2,39,0,3,17,0,20,8,19,30,2,59,26,0,26,85
07/03/2010,HTS,WV,AEA,CE,Combined TRACON& Tower with Radar,3,6,4,0,13,0,0,6,0,6,3,6,10,0,19,8,0,8,27
07/04/2010,HTS,WV,AEA,CE,Combined TRACON& Tower with Radar,8,9,8,0,25,0,1,9,0,10,8,10,17,0,35,6,0,6,41
07/05/2010,HTS,WV,AEA,CE,Combined TRACON& Tower with Radar,6,13,9,0,28,0,0,12,0,12,6,13,21,0,40,32,0,32,72
07/06/2010,HTS,WV,AEA,CE,Combined TRACON& Tower with Radar,1,16,7,0,24,0,0,8,0,8,1,16,15,0,32,0,0,0,32
07/07/2010,HTS,WV,AEA,CE,Combined TRACON& Tower with Radar,8,16,14,0,38,0,0,3,0,3,8,16,17,0,41,0,0,0,41
07/08/2010,HTS,WV,AEA,CE,Combined TRACON& Tower with Radar,7,16,17,0,40,0,0,14,0,14,7,16,31,0,54,0,0,0,54
07/09/2010,HTS,WV,AEA,CE,Combined TRACON& Tower with Radar,8,15,8,0,31,0,0,3,0,3,8,15,11,0,34,0,0,0,34
07/10/2010,HTS,WV,AEA,CE,Combined TRACON& Tower with Radar,11,9,5,0,25,0,3,10,0,13,11,12,15,0,38,0,0,0,38
07/11/2010,HTS,WV,AEA,CE,Combined TRACON& Tower with Radar,8,9,5,0,22,0,0,14,0,14,8,9,19,0,36,10,0,10,46
07/12/2010,HTS,WV,AEA,CE,Combined TRACON& Tower with Radar,7,14,7,0,28,0,2,0,1,3,7,16,7,1,31,0,0,0,31
07/13/2010,HTS,WV,AEA,CE,Combined TRACON& Tower with Radar,2,19,11,0,32,0,0,0,0,0,2,19,11,0,32,0,0,0,32
07/14/2010,HTS,WV,AEA,CE,Combined TRACON& Tower with Radar,6,17,15,0,38,0,0,12,0,12,6,17,27,0,50,6,0,6,56
07/15/2010,HTS,WV,AEA,CE,Combined TRACON& Tower with Radar,8,22,2,0,32,0,0,8,0,8,8,22,10,0,40,16,0,16,56
07/16/2010,HTS,WV,AEA,CE,Combined TRACON& Tower with Radar,8,19,10,0,37,0,2,4,4,10,8,21,14,4,47,0,0,0,47
07/17/2010,HTS,WV,AEA,CE,Combined TRACON& Tower with Radar,3,7,0,0,10,0,2,0,0,2,3,9,0,0,12,0,0,0,12
07/18/2010,HTS,WV,AEA,CE,Combined TRACON& Tower with Radar,8,10,3,0,21,0,1,5,0,6,8,11,8,0,27,34,0,34,61
07/19/2010,HTS,WV,AEA,CE,Combined TRACON& Tower with Radar,8,14,6,0,28,0,0,8,0,8,8,14,14,0,36,0,0,0,36
07/20/2010,HTS,WV,AEA,CE,Combined TRACON& Tower with Radar,2,12,10,0,24,0,2,4,0,6,2,14,14,0,30,0,0,0,30
07/21/2010,HTS,WV,AEA,CE,Combined TRACON& Tower with Radar,6,13,10,0,29,0,2,1,0,3,6,15,11,0,32,0,0,0,32
07/22/2010,HTS,WV,AEA,CE,Combined TRACON& Tower with Radar,8,13,12,0,33,0,0,4,0,4,8,13,16,0,37,8,0,8,45
07/23/2010,HTS,WV,AEA,CE,Combined TRACON& Tower with Radar,10,16,12,0,38,0,2,12,2,16,10,18,24,2,54,18,0,18,72
07/24/2010,HTS,WV,AEA,CE,Combined TRACON& Tower with Radar,3,12,13,0,28,0,3,16,0,19,3,15,29,0,47,18,0,18,65
07/25/2010,HTS,WV,AEA,CE,Combined TRACON& Tower with Radar,8,14,7,0,29,0,2,7,0,9,8,16,14,0,38,16,0,16,54
07/26/2010,HTS,WV,AEA,CE,Combined TRACON& Tower with Radar,7,16,7,0,30,0,2,13,0,15,7,18,20,0,45,0,0,0,45
07/27/2010,HTS,WV,AEA,CE,Combined TRACON& Tower with Radar,2,12,16,0,30,0,2,14,2,18,2,14,30,2,48,12,0,12,60
07/28/2010,HTS,WV,AEA,CE,Combined TRACON& Tower with Radar,8,14,13,0,35,0,1,0,0,1,8,15,13,0,36,0,0,0,36
07/29/2010,HTS,WV,AEA,CE,Combined TRACON& Tower with Radar,8,16,14,0,38,0,4,12,1,17,8,20,26,1,55,14,4,18,73
07/30/2010,HTS,WV,AEA,CE,Combined TRACON& Tower with Radar,8,14,11,0,33,0,1,8,2,11,8,15,19,2,44,0,0,0,44
07/31/2010,HTS,WV,AEA,CE,Combined TRACON& Tower with Radar,3,10,10,0,23,0,2,10,0,12,3,12,20,0,35,22,0,22,57
08/01/2010,HTS,WV,AEA,CE,Combined TRACON& Tower with Radar,8,9,11,2,30,0,0,10,0,10,8,9,21,2,40,0,0,0,40
08/02/2010,HTS,WV,AEA,CE,Combined TRACON& Tower with Radar,8,14,8,0,30,0,2,6,0,8,8,16,14,0,38,20,0,20,58
08/03/2010,HTS,WV,AEA,CE,Combined TRACON& Tower with Radar,3,19,14,1,37,0,1,11,3,15,3,20,25,4,52,24,4,28,80
08/04/2010,HTS,WV,AEA,CE,Combined TRACON& Tower with Radar,7,15,7,1,30,0,0,0,2,2,7,15,7,3,32,0,0,0,32
08/05/2010,HTS,WV,AEA,CE,Combined TRACON& Tower with Radar,8,15,8,0,31,0,0,2,0,2,8,15,10,0,33,4,0,4,37
08/06/2010,HTS,WV,AEA,CE,Combined TRACON& Tower with Radar,8,20,17,0,45,0,2,15,0,17,8,22,32,0,62,0,0,0,62
08/07/2010,HTS,WV,AEA,CE,Combined TRACON& Tower with Radar,1,8,6,0,15,0,0,12,0,12,1,8,18,0,27,16,0,16,43
08/08/2010,HTS,WV,AEA,CE,Combined TRACON& Tower with Radar,6,10,12,0,28,0,0,22,0,22,6,10,34,0,50,21,0,21,71
08/09/2010,HTS,WV,AEA,CE,Combined TRACON& Tower with Radar,7,16,14,0,37,0,2,13,2,17,7,18,27,2,54,0,0,0,54
08/10/2010,HTS,WV,AEA,CE,Combined TRACON& Tower with Radar,2,16,11,0,29,0,0,9,0,9,2,16,20,0,38,2,0,2,40
08/11/2010,HTS,WV,AEA,CE,Combined TRACON& Tower with Radar,7,18,16,0,41,0,0,6,0,6,7,18,22,0,47,0,0,0,47
08/12/2010,HTS,WV,AEA,CE,Combined TRACON& Tower with Radar,8,16,7,0,31,0,2,4,2,8,8,18,11,2,39,0,0,0,39
08/13/2010,HTS,WV,AEA,CE,Combined TRACON& Tower with Radar,10,21,18,0,49,0,0,5,0,5,10,21,23,0,54,31,0,31,85
08/14/2010,HTS,WV,AEA,CE,Combined TRACON& Tower with Radar,2,8,9,0,19,0,0,10,0,10,2,8,19,0,29,54,0,54,83
08/15/2010,HTS,WV,AEA,CE,Combined TRACON& Tower with Radar,6,10,10,0,26,0,0,2,0,2,6,10,12,0,28,26,0,26,54
08/16/2010,HTS,WV,AEA,CE,Combined TRACON& Tower with Radar,7,14,17,0,38,0,2,16,0,18,7,16,33,0,56,46,0,46,102
08/17/2010,HTS,WV,AEA,CE,Combined TRACON& Tower with Radar,2,13,10,0,25,0,5,8,4,17,2,18,18,4,42,0,0,0,42
08/18/2010,HTS,WV,AEA,CE,Combined TRACON& Tower with Radar,2,15,7,0,24,0,0,6,0,6,2,15,13,0,30,2,0,2,32
08/19/2010,HTS,WV,AEA,CE,Combined TRACON& Tower with Radar,8,19,10,0,37,0,2,6,0,8,8,21,16,0,45,6,0,6,51
08/20/2010,HTS,WV,AEA,CE,Combined TRACON& Tower with Radar,8,18,13,0,39,0,4,11,0,15,8,22,24,0,54,6,0,6,60
08/21/2010,HTS,WV,AEA,CE,Combined TRACON& Tower with Radar,1,8,4,0,13,0,0,1,0,1,1,8,5,0,14,10,0,10,24
08/22/2010,HTS,WV,AEA,CE,Combined TRACON& Tower with Radar,6,13,16,0,35,0,2,0,0,2,6,15,16,0,37,22,0,22,59
08/23/2010,HTS,WV,AEA,CE,Combined TRACON& Tower with Radar,7,14,14,1,36,0,0,5,0,5,7,14,19,1,41,6,0,6,47
08/24/2010,HTS,WV,AEA,CE,Combined TRACON& Tower with Radar,2,13,17,0,32,0,0,5,0,5,2,13,22,0,37,0,0,0,37
08/25/2010,HTS,WV,AEA,CE,Combined TRACON& Tower with Radar,6,17,9,0,32,0,0,4,0,4,6,17,13,0,36,26,0,26,62
08/26/2010,HTS,WV,AEA,CE,Combined TRACON& Tower with Radar,4,14,6,0,24,0,0,12,0,12,4,14,18,0,36,16,0,16,52
08/27/2010,HTS,WV,AEA,CE,Combined TRACON& Tower with Radar,8,12,8,0,28,0,2,12,0,14,8,14,20,0,42,2,0,2,44
08/28/2010,HTS,WV,AEA,CE,Combined TRACON& Tower with Radar,1,9,5,2,17,0,1,13,0,14,1,10,18,2,31,40,0,40,71
08/29/2010,HTS,WV,AEA,CE,Combined TRACON& Tower with Radar,6,8,13,2,29,0,1,18,0,19,6,9,31,2,48,18,0,18,66
08/30/2010,HTS,WV,AEA,CE,Combined TRACON& Tower with Radar,3,19,4,0,26,0,6,6,0,12,3,25,10,0,38,30,0,30,68
08/31/2010,HTS,WV,AEA,CE,Combined TRACON& Tower with Radar,4,14,6,0,24,0,2,5,0,7,4,16,11,0,31,0,0,0,31
09/01/2010,HTS,WV,AEA,CE,Combined TRACON& Tower with Radar,2,18,7,0,27,0,2,16,2,20,2,20,23,2,47,0,0,0,47
09/02/2010,HTS,WV,AEA,CE,Combined TRACON& Tower with Radar,8,17,22,0,47,0,8,2,1,11,8,25,24,1,58,2,0,2,60
09/03/2010,HTS,WV,AEA,CE,Combined TRACON& Tower with Radar,4,17,6,0,27,0,3,8,1,12,4,20,14,1,39,38,0,38,77
09/04/2010,HTS,WV,AEA,CE,Combined TRACON& Tower with Radar,1,11,6,0,18,0,4,14,0,18,1,15,20,0,36,0,0,0,36
09/05/2010,HTS,WV,AEA,CE,Combined TRACON& Tower with Radar,6,11,5,0,22,0,0,30,0,30,6,11,35,0,52,6,0,6,58
09/06/2010,HTS,WV,AEA,CE,Combined TRACON& Tower with Radar,2,11,17,0,30,0,2,17,0,19,2,13,34,0,49,58,0,58,107
09/07/2010,HTS,WV,AEA,CE,Combined TRACON& Tower with Radar,1,19,15,1,36,0,1,16,1,18,1,20,31,2,54,8,0,8,62
09/08/2010,HTS,WV,AEA,CE,Combined TRACON& Tower with Radar,2,16,14,0,32,0,0,23,0,23,2,16,37,0,55,18,0,18,73
09/09/2010,HTS,WV,AEA,CE,Combined TRACON& Tower with Radar,9,17,10,0,36,0,2,7,0,9,9,19,17,0,45,30,0,30,75
09/10/2010,HTS,WV,AEA,CE,Combined TRACON& Tower with Radar,4,19,35,0,58,0,2,13,0,15,4,21,48,0,73,14,0,14,87
09/11/2010,HTS,WV,AEA,CE,Combined TRACON& Tower with Radar,1,7,9,5,22,0,0,1,1,2,1,7,10,6,24,28,0,28,52
09/12/2010,HTS,WV,AEA,CE,Combined TRACON& Tower with Radar,6,7,13,2,28,0,1,19,0,20,6,8,32,2,48,18,0,18,66
09/13/2010,HTS,WV,AEA,CE,Combined TRACON& Tower with Radar,3,16,10,0,29,0,0,10,2,12,3,16,20,2,41,22,0,22,63
09/14/2010,HTS,WV,AEA,CE,Combined TRACON& Tower with Radar,2,14,7,8,31,0,2,17,0,19,2,16,24,8,50,10,10,20,70
09/15/2010,HTS,WV,AEA,CE,Combined TRACON& Tower with Radar,2,13,8,0,23,0,3,16,0,19,2,16,24,0,42,14,0,14,56
09/16/2010,HTS,WV,AEA,CE,Combined TRACON& Tower with Radar,8,19,25,0,52,0,0,7,0,7,8,19,32,0,59,0,0,0,59
09/17/2010,HTS,WV,AEA,CE,Combined TRACON& Tower with Radar,4,14,12,0,30,0,0,11,2,13,4,14,23,2,43,0,0,0,43
09/18/2010,HTS,WV,AEA,CE,Combined TRACON& Tower with Radar,1,7,0,0,8,0,0,8,0,8,1,7,8,0,16,0,0,0,16
09/19/2010,HTS,WV,AEA,CE,Combined TRACON& Tower with Radar,6,7,13,0,26,0,0,18,0,18,6,7,31,0,44,52,0,52,96
09/20/2010,HTS,WV,AEA,CE,Combined TRACON& Tower with Radar,4,14,20,0,38,0,2,5,0,7,4,16,25,0,45,10,0,10,55
09/21/2010,HTS,WV,AEA,CE,Combined TRACON& Tower with Radar,2,18,14,0,34,0,2,7,0,9,2,20,21,0,43,8,0,8,51
09/22/2010,HTS,WV,AEA,CE,Combined TRACON& Tower with Radar,2,16,4,0,22,0,1,7,0,8,2,17,11,0,30,0,0,0,30
09/23/2010,HTS,WV,AEA,CE,Combined TRACON& Tower with Radar,6,14,11,0,31,0,0,12,2,14,6,14,23,2,45,38,0,38,83
09/24/2010,HTS,WV,AEA,CE,Combined TRACON& Tower with Radar,4,13,18,0,35,0,1,7,0,8,4,14,25,0,43,1,0,1,44
09/25/2010,HTS,WV,AEA,CE,Combined TRACON& Tower with Radar,1,11,12,0,24,0,2,21,2,25,1,13,33,2,49,22,0,22,71
09/26/2010,HTS,WV,AEA,CE,Combined TRACON& Tower with Radar,4,7,10,2,23,0,3,5,0,8,4,10,15,2,31,0,0,0,31
09/27/2010,HTS,WV,AEA,CE,Combined TRACON& Tower with Radar,1,12,10,0,23,0,0,0,0,0,1,12,10,0,23,0,0,0,23
09/28/2010,HTS,WV,AEA,CE,Combined TRACON& Tower with Radar,5,12,17,0,34,0,0,4,0,4,5,12,21,0,38,42,0,42,80
09/29/2010,HTS,WV,AEA,CE,Combined TRACON& Tower with Radar,2,14,12,0,28,0,0,8,0,8,2,14,20,0,36,10,0,10,46
09/30/2010,HTS,WV,AEA,CE,Combined TRACON& Tower with Radar,8,16,17,0,41,0,2,9,2,13,8,18,26,2,54,6,0,6,60
10/01/2010,HTS,WV,AEA,CE,Combined TRACON& Tower with Radar,6,16,12,0,34,0,9,11,0,20,6,25,23,0,54,20,0,20,74
10/02/2010,HTS,WV,AEA,CE,Combined TRACON& Tower with Radar,1,9,8,0,18,0,2,16,0,18,1,11,24,0,36,6,0,6,42
10/03/2010,HTS,WV,AEA,CE,Combined TRACON& Tower with Radar,8,9,10,0,27,0,2,0,0,2,8,11,10,0,29,2,0,2,31
10/04/2010,HTS,WV,AEA,CE,Combined TRACON& Tower with Radar,1,18,11,0,30,0,2,0,0,2,1,20,11,0,32,0,0,0,32
10/05/2010,HTS,WV,AEA,CE,Combined TRACON& Tower with Radar,2,16,10,6,34,0,0,3,0,3,2,16,13,6,37,0,0,0,37
10/06/2010,HTS,WV,AEA,CE,Combined TRACON& Tower with Radar,4,17,9,0,30,0,2,23,4,29,4,19,32,4,59,6,0,6,65
10/07/2010,HTS,WV,AEA,CE,Combined TRACON& Tower with Radar,8,15,18,1,42,0,1,16,3,20,8,16,34,4,62,22,0,22,84
10/08/2010,HTS,WV,AEA,CE,Combined TRACON& Tower with Radar,4,17,10,0,31,0,4,26,2,32,4,21,36,2,63,2,0,2,65
10/09/2010,HTS,WV,AEA,CE,Combined TRACON& Tower with Radar,1,7,4,0,12,0,0,26,0,26,1,7,30,0,38,22,0,22,60
10/10/2010,HTS,WV,AEA,CE,Combined TRACON& Tower with Radar,6,8,7,0,21,0,2,28,0,30,6,10,35,0,51,22,0,22,73
10/11/2010,HTS,WV,AEA,CE,Combined TRACON& Tower with Radar,1,16,5,0,22,0,0,16,0,16,1,16,21,0,38,18,0,18,56
10/12/2010,HTS,WV,AEA,CE,Combined TRACON& Tower with Radar,3,16,10,0,29,0,0,14,0,14,3,16,24,0,43,28,0,28,71
10/13/2010,HTS,WV,AEA,CE,Combined TRACON& Tower with Radar,4,15,13,0,32,0,1,11,0,12,4,16,24,0,44,0,0,0,44
10/14/2010,HTS,WV,AEA,CE,Combined TRACON& Tower with Radar,7,14,54,0,75,0,2,7,0,9,7,16,61,0,84,14,0,14,98
10/15/2010,HTS,WV,AEA,CE,Combined TRACON& Tower with Radar,2,16,7,0,25,0,2,10,0,12,2,18,17,0,37,16,0,16,53
10/16/2010,HTS,WV,AEA,CE,Combined TRACON& Tower with Radar,1,7,9,0,17,0,2,7,0,9,1,9,16,0,26,10,0,10,36
10/17/2010,HTS,WV,AEA,CE,Combined TRACON& Tower with Radar,6,13,3,0,22,0,6,11,0,17,6,19,14,0,39,0,0,0,39
10/18/2010,HTS,WV,AEA,CE,Combined TRACON& Tower with Radar,1,14,12,0,27,0,2,16,0,18,1,16,28,0,45,12,0,12,57
10/19/2010,HTS,WV,AEA,CE,Combined TRACON& Tower with Radar,2,17,20,1,40,0,4,9,3,16,2,21,29,4,56,10,0,10,66
10/20/2010,HTS,WV,AEA,CE,Combined TRACON& Tower with Radar,4,15,6,0,25,0,1,7,0,8,4,16,13,0,33,0,0,0,33
10/21/2010,HTS,WV,AEA,CE,Combined TRACON& Tower with Radar,6,16,10,0,32,0,1,7,2,10,6,17,17,2,42,22,0,22,64
10/22/2010,HTS,WV,AEA,CE,Combined TRACON& Tower with Radar,4,20,14,0,38,0,4,11,3,18,4,24,25,3,56,22,0,22,78
10/23/2010,HTS,WV,AEA,CE,Combined TRACON& Tower with Radar,3,7,13,0,23,0,2,16,0,18,3,9,29,0,41,20,0,20,61
10/24/2010,HTS,WV,AEA,CE,Combined TRACON& Tower with Radar,6,9,6,0,21,0,0,4,0,4,6,9,10,0,25,0,0,0,25
10/25/2010,HTS,WV,AEA,CE,Combined TRACON& Tower with Radar,2,15,8,0,25,0,0,0,0,0,2,15,8,0,25,0,0,0,25
10/26/2010,HTS,WV,AEA,CE,Combined TRACON& Tower with Radar,2,12,6,0,20,0,0,1,0,1,2,12,7,0,21,0,0,0,21
10/27/2010,HTS,WV,AEA,CE,Combined TRACON& Tower with Radar,4,13,6,0,23,0,1,6,2,9,4,14,12,2,32,0,0,0,32
10/28/2010,HTS,WV,AEA,CE,Combined TRACON& Tower with Radar,7,17,11,0,35,0,2,8,2,12,7,19,19,2,47,10,0,10,57
10/29/2010,HTS,WV,AEA,CE,Combined TRACON& Tower with Radar,3,17,19,0,39,0,2,14,0,16,3,19,33,0,55,4,0,4,59
10/30/2010,HTS,WV,AEA,CE,Combined TRACON& Tower with Radar,4,11,1,0,16,0,3,17,2,22,4,14,18,2,38,18,0,18,56
10/31/2010,HTS,WV,AEA,CE,Combined TRACON& Tower with Radar,6,9,12,0,27,0,0,17,0,17,6,9,29,0,44,12,0,12,56
11/01/2010,HTS,WV,AEA,CE,Combined TRACON& Tower with Radar,1,14,10,0,25,0,3,14,0,17,1,17,24,0,42,0,0,0,42
11/02/2010,HTS,WV,AEA,CE,Combined TRACON& Tower with Radar,1,15,7,0,23,0,2,3,0,5,1,17,10,0,28,0,0,0,28
11/03/2010,HTS,WV,AEA,CE,Combined TRACON& Tower with Radar,5,14,8,0,27,0,0,3,1,4,5,14,11,1,31,0,0,0,31
11/04/2010,HTS,WV,AEA,CE,Combined TRACON& Tower with Radar,6,15,17,0,38,0,0,2,0,2,6,15,19,0,40,12,0,12,52
11/05/2010,HTS,WV,AEA,CE,Combined TRACON& Tower with Radar,4,16,4,0,24,0,0,1,2,3,4,16,5,2,27,0,0,0,27
11/06/2010,HTS,WV,AEA,CE,Combined TRACON& Tower with Radar,4,12,10,0,26,0,0,6,0,6,4,12,16,0,32,0,0,0,32
11/07/2010,HTS,WV,AEA,CE,Combined TRACON& Tower with Radar,6,12,2,0,20,0,2,8,0,10,6,14,10,0,30,0,0,0,30
11/08/2010,HTS,WV,AEA,CE,Combined TRACON& Tower with Radar,1,16,6,0,23,0,0,36,0,36,1,16,42,0,59,20,0,20,79
11/09/2010,HTS,WV,AEA,CE,Combined TRACON& Tower with Radar,2,16,10,0,28,0,1,11,0,12,2,17,21,0,40,48,0,48,88
11/10/2010,HTS,WV,AEA,CE,Combined TRACON& Tower with Radar,4,14,6,0,24,0,0,18,0,18,4,14,24,0,42,12,0,12,54
11/11/2010,HTS,WV,AEA,CE,Combined TRACON& Tower with Radar,6,20,16,1,43,0,2,14,1,17,6,22,30,2,60,20,0,20,80
11/12/2010,HTS,WV,AEA,CE,Combined TRACON& Tower with Radar,2,14,13,1,30,0,2,9,1,12,2,16,22,2,42,0,0,0,42
11/13/2010,HTS,WV,AEA,CE,Combined TRACON& Tower with Radar,1,7,7,0,15,0,1,19,0,20,1,8,26,0,35,0,0,0,35
11/14/2010,HTS,WV,AEA,CE,Combined TRACON& Tower with Radar,6,9,9,0,24,0,2,1,0,3,6,11,10,0,27,6,0,6,33
11/15/2010,HTS,WV,AEA,CE,Combined TRACON& Tower with Radar,1,12,5,0,18,0,0,0,0,0,1,12,5,0,18,0,0,0,18
11/16/2010,HTS,WV,AEA,CE,Combined TRACON& Tower with Radar,2,15,4,0,21,0,0,0,0,0,2,15,4,0,21,0,0,0,21
11/17/2010,HTS,WV,AEA,CE,Combined TRACON& Tower with Radar,4,14,11,0,29,0,2,6,0,8,4,16,17,0,37,0,0,0,37
11/18/2010,HTS,WV,AEA,CE,Combined TRACON& Tower with Radar,6,14,13,0,33,0,0,2,2,4,6,14,15,2,37,0,0,0,37
11/19/2010,HTS,WV,AEA,CE,Combined TRACON& Tower with Radar,6,17,9,0,32,0,3,4,2,9,6,20,13,2,41,0,0,0,41
11/20/2010,HTS,WV,AEA,CE,Combined TRACON& Tower with Radar,3,9,6,0,18,0,4,4,0,8,3,13,10,0,26,0,0,0,26
11/21/2010,HTS,WV,AEA,CE,Combined TRACON& Tower with Radar,6,9,16,1,32,0,0,16,1,17,6,9,32,2,49,10,0,10,59
11/22/2010,HTS,WV,AEA,CE,Combined TRACON& Tower with Radar,1,13,3,0,17,0,1,7,0,8,1,14,10,0,25,6,0,6,31
11/23/2010,HTS,WV,AEA,CE,Combined TRACON& Tower with Radar,6,14,9,0,29,0,1,7,2,10,6,15,16,2,39,24,0,24,63
11/24/2010,HTS,WV,AEA,CE,Combined TRACON& Tower with Radar,4,22,20,2,48,0,1,6,0,7,4,23,26,2,55,10,0,10,65
11/25/2010,HTS,WV,AEA,CE,Combined TRACON& Tower with Radar,4,8,1,0,13,0,0,1,0,1,4,8,2,0,14,0,0,0,14
11/26/2010,HTS,WV,AEA,CE,Combined TRACON& Tower with Radar,5,14,7,0,26,0,4,1,0,5,5,18,8,0,31,0,0,0,31
11/27/2010,HTS,WV,AEA,CE,Combined TRACON& Tower with Radar,4,10,4,0,18,0,4,4,0,8,4,14,8,0,26,0,0,0,26
11/28/2010,HTS,WV,AEA,CE,Combined TRACON& Tower with Radar,4,12,12,0,28,0,2,9,0,11,4,14,21,0,39,0,0,0,39
11/29/2010,HTS,WV,AEA,CE,Combined TRACON& Tower with Radar,3,16,8,0,27,0,1,9,4,14,3,17,17,4,41,0,0,0,41
11/30/2010,HTS,WV,AEA,CE,Combined TRACON& Tower with Radar,2,17,13,0,32,0,0,0,0,0,2,17,13,0,32,0,0,0,32
12/01/2010,HTS,WV,AEA,CE,Combined TRACON& Tower with Radar,4,17,5,0,26,0,0,1,0,1,4,17,6,0,27,0,0,0,27
12/02/2010,HTS,WV,AEA,CE,Combined TRACON& Tower with Radar,6,14,7,0,27,0,0,5,0,5,6,14,12,0,32,18,0,18,50
12/03/2010,HTS,WV,AEA,CE,Combined TRACON& Tower with Radar,2,16,14,1,33,0,2,1,2,5,2,18,15,3,38,0,0,0,38
12/04/2010,HTS,WV,AEA,CE,Combined TRACON& Tower with Radar,1,12,2,0,15,0,0,0,1,1,1,12,2,1,16,0,0,0,16
12/05/2010,HTS,WV,AEA,CE,Combined TRACON& Tower with Radar,6,9,8,0,23,0,0,1,1,2,6,9,9,1,25,0,0,0,25
12/06/2010,HTS,WV,AEA,CE,Combined TRACON& Tower with Radar,1,13,6,0,20,0,2,2,0,4,1,15,8,0,24,0,0,0,24
12/07/2010,HTS,WV,AEA,CE,Combined TRACON& Tower with Radar,2,14,9,0,25,0,0,2,0,2,2,14,11,0,27,0,0,0,27
12/08/2010,HTS,WV,AEA,CE,Combined TRACON& Tower with Radar,4,16,15,0,35,0,1,16,0,17,4,17,31,0,52,68,0,68,120
12/09/2010,HTS,WV,AEA,CE,Combined TRACON& Tower with Radar,6,16,23,0,45,0,0,18,0,18,6,16,41,0,63,18,0,18,81
12/10/2010,HTS,WV,AEA,CE,Combined TRACON& Tower with Radar,2,17,8,0,27,0,6,6,0,12,2,23,14,0,39,0,0,0,39
12/11/2010,HTS,WV,AEA,CE,Combined TRACON& Tower with Radar,1,8,6,0,15,0,2,19,0,21,1,10,25,0,36,44,0,44,80
12/12/2010,HTS,WV,AEA,CE,Combined TRACON& Tower with Radar,6,8,5,0,19,0,0,0,0,0,6,8,5,0,19,0,0,0,19
12/13/2010,HTS,WV,AEA,CE,Combined TRACON& Tower with Radar,1,10,2,0,13,0,2,0,0,2,1,12,2,0,15,0,0,0,15
12/14/2010,HTS,WV,AEA,CE,Combined TRACON& Tower with Radar,2,16,11,0,29,0,2,2,0,4,2,18,13,0,33,0,0,0,33
12/15/2010,HTS,WV,AEA,CE,Combined TRACON& Tower with Radar,4,19,12,0,35,0,4,4,0,8,4,23,16,0,43,22,0,22,65
12/16/2010,HTS,WV,AEA,CE,Combined TRACON& Tower with Radar,6,4,4,0,14,0,0,0,0,0,6,4,4,0,14,0,0,0,14
12/17/2010,HTS,WV,AEA,CE,Combined TRACON& Tower with Radar,2,20,8,0,30,0,0,0,0,0,2,20,8,0,30,0,0,0,30
12/18/2010,HTS,WV,AEA,CE,Combined TRACON& Tower with Radar,1,13,2,0,16,0,1,3,2,6,1,14,5,2,22,0,0,0,22
12/19/2010,HTS,WV,AEA,CE,Combined TRACON& Tower with Radar,6,12,8,0,26,0,0,6,0,6,6,12,14,0,32,16,0,16,48
12/20/2010,HTS,WV,AEA,CE,Combined TRACON& Tower with Radar,1,14,2,0,17,0,2,4,0,6,1,16,6,0,23,10,0,10,33
12/21/2010,HTS,WV,AEA,CE,Combined TRACON& Tower with Radar,4,16,0,0,20,0,0,0,0,0,4,16,0,0,20,0,0,0,20
12/22/2010,HTS,WV,AEA,CE,Combined TRACON& Tower with Radar,6,22,10,0,38,0,0,0,0,0,6,22,10,0,38,0,0,0,38
12/23/2010,HTS,WV,AEA,CE,Combined TRACON& Tower with Radar,6,17,4,0,27,0,0,7,1,8,6,17,11,1,35,6,0,6,41
12/24/2010,HTS,WV,AEA,CE,Combined TRACON& Tower with Radar,3,15,1,0,19,0,0,2,0,2,3,15,3,0,21,0,0,0,21
12/25/2010,HTS,WV,AEA,CE,Combined TRACON& Tower with Radar,0,7,0,0,7,0,0,0,0,0,0,7,0,0,7,0,0,0,7
12/26/2010,HTS,WV,AEA,CE,Combined TRACON& Tower with Radar,4,8,9,0,21,0,0,0,0,0,4,8,9,0,21,0,0,0,21
12/27/2010,HTS,WV,AEA,CE,Combined TRACON& Tower with Radar,5,16,4,0,25,0,0,0,0,0,5,16,4,0,25,0,0,0,25
12/28/2010,HTS,WV,AEA,CE,Combined TRACON& Tower with Radar,4,14,6,12,36,0,4,8,0,12,4,18,14,12,48,22,28,50,98
12/29/2010,HTS,WV,AEA,CE,Combined TRACON& Tower with Radar,4,15,15,0,34,0,0,11,0,11,4,15,26,0,45,6,0,6,51
12/30/2010,HTS,WV,AEA,CE,Combined TRACON& Tower with Radar,6,18,4,0,28,0,2,12,0,14,6,20,16,0,42,4,0,4,46
12/31/2010,HTS,WV,AEA,CE,Combined TRACON& Tower with Radar,3,16,9,0,28,0,0,6,0,6,3,16,15,0,34,2,0,2,36
01/01/2011,HTS,WV,AEA,CE,Combined TRACON& Tower with Radar,0,9,4,0,13,0,0,2,0,2,0,9,6,0,15,0,0,0,15
01/02/2011,HTS,WV,AEA,CE,Combined TRACON& Tower with Radar,6,12,7,0,25,0,0,16,0,16,6,12,23,0,41,54,0,54,95
01/03/2011,HTS,WV,AEA,CE,Combined TRACON& Tower with Radar,4,15,5,0,24,0,0,5,0,5,4,15,10,0,29,0,0,0,29
01/04/2011,HTS,WV,AEA,CE,Combined TRACON& Tower with Radar,4,16,7,0,27,0,0,11,6,17,4,16,18,6,44,0,18,18,62
01/05/2011,HTS,WV,AEA,CE,Combined TRACON& Tower with Radar,5,15,11,4,35,0,0,0,0,0,5,15,11,4,35,8,16,24,59
01/06/2011,HTS,WV,AEA,CE,Combined TRACON& Tower with Radar,6,16,8,0,30,0,0,7,0,7,6,16,15,0,37,0,0,0,37
01/07/2011,HTS,WV,AEA,CE,Combined TRACON& Tower with Radar,3,14,4,0,21,0,0,0,0,0,3,14,4,0,21,0,0,0,21
01/08/2011,HTS,WV,AEA,CE,Combined TRACON& Tower with Radar,2,7,2,0,11,0,0,0,0,0,2,7,2,0,11,0,0,0,11
01/09/2011,HTS,WV,AEA,CE,Combined TRACON& Tower with Radar,6,9,5,0,20,0,0,4,0,4,6,9,9,0,24,0,0,0,24
01/10/2011,HTS,WV,AEA,CE,Combined TRACON& Tower with Radar,1,10,3,0,14,0,3,1,0,4,1,13,4,0,18,0,0,0,18
01/11/2011,HTS,WV,AEA,CE,Combined TRACON& Tower with Radar,2,8,3,0,13,0,0,0,0,0,2,8,3,0,13,0,0,0,13
01/12/2011,HTS,WV,AEA,CE,Combined TRACON& Tower with Radar,4,11,11,0,26,0,2,0,0,2,4,13,11,0,28,0,0,0,28
01/13/2011,HTS,WV,AEA,CE,Combined TRACON& Tower with Radar,6,16,8,0,30,0,0,0,0,0,6,16,8,0,30,0,0,0,30
01/14/2011,HTS,WV,AEA,CE,Combined TRACON& Tower with Radar,2,14,16,0,32,0,4,15,0,19,2,18,31,0,51,0,0,0,51
01/15/2011,HTS,WV,AEA,CE,Combined TRACON& Tower with Radar,1,8,14,0,23,0,0,6,4,10,1,8,20,4,33,0,0,0,33
01/16/2011,HTS,WV,AEA,CE,Combined TRACON& Tower with Radar,6,9,6,0,21,0,0,2,0,2,6,9,8,0,23,0,0,0,23
01/17/2011,HTS,WV,AEA,CE,Combined TRACON& Tower with Radar,1,18,5,0,24,0,2,4,0,6,1,20,9,0,30,28,0,28,58
01/18/2011,HTS,WV,AEA,CE,Combined TRACON& Tower with Radar,2,16,11,0,29,0,0,3,0,3,2,16,14,0,32,0,0,0,32
01/19/2011,HTS,WV,AEA,CE,Combined TRACON& Tower with Radar,4,16,12,1,33,0,0,0,0,0,4,16,12,1,33,0,0,0,33
01/20/2011,HTS,WV,AEA,CE,Combined TRACON& Tower with Radar,5,14,10,0,29,0,0,0,0,0,5,14,10,0,29,0,0,0,29
01/21/2011,HTS,WV,AEA,CE,Combined TRACON& Tower with Radar,3,16,3,2,24,0,0,2,2,4,3,16,5,4,28,0,0,0,28
01/22/2011,HTS,WV,AEA,CE,Combined TRACON& Tower with Radar,1,9,2,0,12,0,0,3,0,3,1,9,5,0,15,0,0,0,15
01/23/2011,HTS,WV,AEA,CE,Combined TRACON& Tower with Radar,6,9,8,2,25,0,2,4,1,7,6,11,12,3,32,2,4,6,38
01/24/2011,HTS,WV,AEA,CE,Combined TRACON& Tower with Radar,1,17,12,0,30,0,0,5,0,5,1,17,17,0,35,0,0,0,35
01/25/2011,HTS,WV,AEA,CE,Combined TRACON& Tower with Radar,2,16,9,0,27,0,0,0,0,0,2,16,9,0,27,14,0,14,41
01/26/2011,HTS,WV,AEA,CE,Combined TRACON& Tower with Radar,5,17,7,0,29,0,0,0,0,0,5,17,7,0,29,0,0,0,29
01/27/2011,HTS,WV,AEA,CE,Combined TRACON& Tower with Radar,9,16,8,0,33,0,0,4,0,4,9,16,12,0,37,0,0,0,37
01/28/2011,HTS,WV,AEA,CE,Combined TRACON& Tower with Radar,3,17,12,2,34,0,0,1,0,1,3,17,13,2,35,0,0,0,35
01/29/2011,HTS,WV,AEA,CE,Combined TRACON& Tower with Radar,2,7,11,0,20,0,2,3,0,5,2,9,14,0,25,0,0,0,25
01/30/2011,HTS,WV,AEA,CE,Combined TRACON& Tower with Radar,6,9,9,0,24,0,2,28,0,30,6,11,37,0,54,44,0,44,98
01/31/2011,HTS,WV,AEA,CE,Combined TRACON& Tower with Radar,1,17,2,0,20,0,0,1,0,1,1,17,3,0,21,0,0,0,21
02/01/2011,HTS,WV,AEA,CE,Combined TRACON& Tower with Radar,2,14,4,0,20,0,0,1,0,1,2,14,5,0,21,0,0,0,21
02/02/2011,HTS,WV,AEA,CE,Combined TRACON& Tower with Radar,2,13,1,0,16,0,0,0,0,0,2,13,1,0,16,0,0,0,16
02/03/2011,HTS,WV,AEA,CE,Combined TRACON& Tower with Radar,4,17,15,0,36,0,2,9,0,11,4,19,24,0,47,8,0,8,55
02/04/2011,HTS,WV,AEA,CE,Combined TRACON& Tower with Radar,6,16,7,0,29,0,0,10,1,11,6,16,17,1,40,20,0,20,60
02/05/2011,HTS,WV,AEA,CE,Combined TRACON& Tower with Radar,1,7,0,0,8,0,2,0,0,2,1,9,0,0,10,0,0,0,10
02/06/2011,HTS,WV,AEA,CE,Combined TRACON& Tower with Radar,2,9,8,0,19,0,0,13,0,13,2,9,21,0,32,4,0,4,36
02/07/2011,HTS,WV,AEA,CE,Combined TRACON& Tower with Radar,5,14,6,0,25,0,0,0,0,0,5,14,6,0,25,0,0,0,25
02/08/2011,HTS,WV,AEA,CE,Combined TRACON& Tower with Radar,4,15,6,0,25,0,2,0,0,2,4,17,6,0,27,0,0,0,27
02/09/2011,HTS,WV,AEA,CE,Combined TRACON& Tower with Radar,2,15,5,2,24,0,0,5,0,5,2,15,10,2,29,8,0,8,37
02/10/2011,HTS,WV,AEA,CE,Combined TRACON& Tower with Radar,4,14,8,0,26,0,1,11,2,14,4,15,19,2,40,0,0,0,40
02/11/2011,HTS,WV,AEA,CE,Combined TRACON& Tower with Radar,6,14,8,2,30,0,2,9,0,11,6,16,17,2,41,10,0,10,51
02/12/2011,HTS,WV,AEA,CE,Combined TRACON& Tower with Radar,1,8,4,0,13,0,0,9,0,9,1,8,13,0,22,0,0,0,22
02/13/2011,HTS,WV,AEA,CE,Combined TRACON& Tower with Radar,2,12,8,0,22,0,0,2,0,2,2,12,10,0,24,0,0,0,24
02/14/2011,HTS,WV,AEA,CE,Combined TRACON& Tower with Radar,6,13,4,4,27,0,0,3,2,5,6,13,7,6,32,0,0,0,32
02/15/2011,HTS,WV,AEA,CE,Combined TRACON& Tower with Radar,2,15,20,0,37,0,0,10,0,10,2,15,30,0,47,24,0,24,71
02/16/2011,HTS,WV,AEA,CE,Combined TRACON& Tower with Radar,3,14,12,0,29,0,0,6,3,9,3,14,18,3,38,14,0,14,52
02/17/2011,HTS,WV,AEA,CE,Combined TRACON& Tower with Radar,5,14,6,1,26,0,0,3,1,4,5,14,9,2,30,0,0,0,30
02/18/2011,HTS,WV,AEA,CE,Combined TRACON& Tower with Radar,6,18,7,0,31,0,0,2,0,2,6,18,9,0,33,0,0,0,33
02/19/2011,HTS,WV,AEA,CE,Combined TRACON& Tower with Radar,1,6,4,0,11,0,0,14,0,14,1,6,18,0,25,26,0,26,51
02/20/2011,HTS,WV,AEA,CE,Combined TRACON& Tower with Radar,2,10,2,0,14,0,2,17,0,19,2,12,19,0,33,0,0,0,33
02/21/2011,HTS,WV,AEA,CE,Combined TRACON& Tower with Radar,5,13,4,0,22,0,2,3,0,5,5,15,7,0,27,0,0,0,27
02/22/2011,HTS,WV,AEA,CE,Combined TRACON& Tower with Radar,3,15,10,0,28,0,0,0,0,0,3,15,10,0,28,0,0,0,28
02/23/2011,HTS,WV,AEA,CE,Combined TRACON& Tower with Radar,5,17,25,0,47,0,3,22,2,27,5,20,47,2,74,0,0,0,74
02/24/2011,HTS,WV,AEA,CE,Combined TRACON& Tower with Radar,5,15,14,0,34,0,1,0,0,1,5,16,14,0,35,0,0,0,35
02/25/2011,HTS,WV,AEA,CE,Combined TRACON& Tower with Radar,6,14,10,1,31,0,2,0,1,3,6,16,10,2,34,0,0,0,34
02/26/2011,HTS,WV,AEA,CE,Combined TRACON& Tower with Radar,1,10,11,0,22,0,2,31,2,35,1,12,42,2,57,16,0,16,73
02/27/2011,HTS,WV,AEA,CE,Combined TRACON& Tower with Radar,2,8,9,1,20,0,0,6,2,8,2,8,15,3,28,0,0,0,28
02/28/2011,HTS,WV,AEA,CE,Combined TRACON& Tower with Radar,7,10,9,8,34,0,0,0,0,0,7,10,9,8,34,0,0,0,34
03/01/2011,HTS,WV,AEA,CE,Combined TRACON& Tower with Radar,3,15,11,10,39,0,1,17,4,22,3,16,28,14,61,60,14,74,135
03/02/2011,HTS,WV,AEA,CE,Combined TRACON& Tower with Radar,4,12,13,0,29,0,0,23,0,23,4,12,36,0,52,10,0,10,62
03/03/2011,HTS,WV,AEA,CE,Combined TRACON& Tower with Radar,4,16,14,2,36,0,0,11,0,11,4,16,25,2,47,10,0,10,57
03/04/2011,HTS,WV,AEA,CE,Combined TRACON& Tower with Radar,6,14,5,2,27,0,0,3,0,3,6,14,8,2,30,2,0,2,32
03/05/2011,HTS,WV,AEA,CE,Combined TRACON& Tower with Radar,1,8,3,0,12,0,0,0,0,0,1,8,3,0,12,0,0,0,12
03/06/2011,HTS,WV,AEA,CE,Combined TRACON& Tower with Radar,3,9,6,0,18,0,2,0,0,2,3,11,6,0,20,0,0,0,20
03/07/2011,HTS,WV,AEA,CE,Combined TRACON& Tower with Radar,5,14,7,0,26,0,0,6,0,6,5,14,13,0,32,20,0,20,52
03/08/2011,HTS,WV,AEA,CE,Combined TRACON& Tower with Radar,2,13,4,0,19,0,0,13,0,13,2,13,17,0,32,12,0,12,44
03/09/2011,HTS,WV,AEA,CE,Combined TRACON& Tower with Radar,4,14,14,8,40,0,0,0,0,0,4,14,14,8,40,0,28,28,68
03/10/2011,HTS,WV,AEA,CE,Combined TRACON& Tower with Radar,2,15,7,0,24,0,0,0,0,0,2,15,7,0,24,0,0,0,24
03/11/2011,HTS,WV,AEA,CE,Combined TRACON& Tower with Radar,8,21,2,2,33,0,0,1,0,1,8,21,3,2,34,0,0,0,34
03/12/2011,HTS,WV,AEA,CE,Combined TRACON& Tower with Radar,1,9,3,0,13,0,2,2,4,8,1,11,5,4,21,0,0,0,21
03/13/2011,HTS,WV,AEA,CE,Combined TRACON& Tower with Radar,3,14,9,0,26,0,2,14,0,16,3,16,23,0,42,34,0,34,76
03/14/2011,HTS,WV,AEA,CE,Combined TRACON& Tower with Radar,5,12,5,0,22,0,0,1,0,1,5,12,6,0,23,18,0,18,41
03/15/2011,HTS,WV,AEA,CE,Combined TRACON& Tower with Radar,2,16,10,0,28,0,0,1,0,1,2,16,11,0,29,0,0,0,29
03/16/2011,HTS,WV,AEA,CE,Combined TRACON& Tower with Radar,4,14,13,0,31,0,0,0,0,0,4,14,13,0,31,4,0,4,35
03/17/2011,HTS,WV,AEA,CE,Combined TRACON& Tower with Radar,4,16,13,0,33,0,0,2,0,2,4,16,15,0,35,0,0,0,35
03/18/2011,HTS,WV,AEA,CE,Combined TRACON& Tower with Radar,6,11,10,0,27,0,1,11,0,12,6,12,21,0,39,0,0,0,39
03/19/2011,HTS,WV,AEA,CE,Combined TRACON& Tower with Radar,1,6,18,0,25,0,0,25,7,32,1,6,43,7,57,32,0,32,89
03/20/2011,HTS,WV,AEA,CE,Combined TRACON& Tower with Radar,4,13,19,2,38,0,4,9,2,15,4,17,28,4,53,0,0,0,53
03/21/2011,HTS,WV,AEA,CE,Combined TRACON& Tower with Radar,5,20,6,0,31,0,1,2,0,3,5,21,8,0,34,0,0,0,34
03/22/2011,HTS,WV,AEA,CE,Combined TRACON& Tower with Radar,2,14,12,0,28,0,2,1,0,3,2,16,13,0,31,0,0,0,31
03/23/2011,HTS,WV,AEA,CE,Combined TRACON& Tower with Radar,5,18,7,0,30,0,2,1,0,3,5,20,8,0,33,0,0,0,33
03/24/2011,HTS,WV,AEA,CE,Combined TRACON& Tower with Radar,4,16,14,0,34,0,0,5,0,5,4,16,19,0,39,0,0,0,39
03/25/2011,HTS,WV,AEA,CE,Combined TRACON& Tower with Radar,6,15,16,0,37,0,0,9,0,9,6,15,25,0,46,28,0,28,74
03/26/2011,HTS,WV,AEA,CE,Combined TRACON& Tower with Radar,1,6,6,0,13,0,0,9,0,9,1,6,15,0,22,10,0,10,32
03/27/2011,HTS,WV,AEA,CE,Combined TRACON& Tower with Radar,5,10,4,0,19,0,0,3,0,3,5,10,7,0,22,0,0,0,22
03/28/2011,HTS,WV,AEA,CE,Combined TRACON& Tower with Radar,5,14,5,0,24,0,6,9,0,15,5,20,14,0,39,0,0,0,39
03/29/2011,HTS,WV,AEA,CE,Combined TRACON& Tower with Radar,2,19,12,3,36,0,0,7,1,8,2,19,19,4,44,0,0,0,44
03/30/2011,HTS,WV,AEA,CE,Combined TRACON& Tower with Radar,2,18,12,0,32,0,0,1,0,1,2,18,13,0,33,0,0,0,33
03/31/2011,HTS,WV,AEA,CE,Combined TRACON& Tower with Radar,6,16,11,0,33,0,0,0,0,0,6,16,11,0,33,0,0,0,33
04/01/2011,HTS,WV,AEA,CE,Combined TRACON& Tower with Radar,6,14,17,0,37,0,2,3,0,5,6,16,20,0,42,2,0,2,44
04/02/2011,HTS,WV,AEA,CE,Combined TRACON& Tower with Radar,1,6,9,0,16,0,8,2,0,10,1,14,11,0,26,0,0,0,26
04/03/2011,HTS,WV,AEA,CE,Combined TRACON& Tower with Radar,4,10,5,0,19,0,0,13,0,13,4,10,18,0,32,0,0,0,32
04/04/2011,HTS,WV,AEA,CE,Combined TRACON& Tower with Radar,3,13,3,0,19,0,1,0,0,1,3,14,3,0,20,0,0,0,20
04/05/2011,HTS,WV,AEA,CE,Combined TRACON& Tower with Radar,6,15,3,0,24,0,5,2,0,7,6,20,5,0,31,0,0,0,31
04/06/2011,HTS,WV,AEA,CE,Combined TRACON& Tower with Radar,4,13,5,0,22,0,7,0,0,7,4,20,5,0,29,0,0,0,29
04/07/2011,HTS,WV,AEA,CE,Combined TRACON& Tower with Radar,8,15,13,1,37,0,5,18,4,27,8,20,31,5,64,24,0,24,88
04/08/2011,HTS,WV,AEA,CE,Combined TRACON& Tower with Radar,5,11,12,0,28,0,0,4,1,5,5,11,16,1,33,0,0,0,33
04/09/2011,HTS,WV,AEA,CE,Combined TRACON& Tower with Radar,1,8,4,0,13,0,0,0,0,0,1,8,4,0,13,2,0,2,15
04/10/2011,HTS,WV,AEA,CE,Combined TRACON& Tower with Radar,4,12,11,0,27,0,1,11,0,12,4,13,22,0,39,0,0,0,39
04/11/2011,HTS,WV,AEA,CE,Combined TRACON& Tower with Radar,4,16,3,0,23,0,2,2,0,4,4,18,5,0,27,0,0,0,27
04/12/2011,HTS,WV,AEA,CE,Combined TRACON& Tower with Radar,6,17,5,0,28,0,0,0,0,0,6,17,5,0,28,0,0,0,28
04/13/2011,HTS,WV,AEA,CE,Combined TRACON& Tower with Radar,4,11,24,0,39,0,0,17,0,17,4,11,41,0,56,10,0,10,66
04/14/2011,HTS,WV,AEA,CE,Combined TRACON& Tower with Radar,3,14,18,2,37,0,2,25,0,27,3,16,43,2,64,24,4,28,92
04/15/2011,HTS,WV,AEA,CE,Combined TRACON& Tower with Radar,7,15,11,0,33,0,0,3,0,3,7,15,14,0,36,0,0,0,36
04/16/2011,HTS,WV,AEA,CE,Combined TRACON& Tower with Radar,1,6,3,0,10,0,0,0,0,0,1,6,3,0,10,0,0,0,10
04/17/2011,HTS,WV,AEA,CE,Combined TRACON& Tower with Radar,2,12,7,0,21,0,3,5,2,10,2,15,12,2,31,0,0,0,31
04/18/2011,HTS,WV,AEA,CE,Combined TRACON& Tower with Radar,5,14,11,0,30,0,0,6,0,6,5,14,17,0,36,10,0,10,46
04/19/2011,HTS,WV,AEA,CE,Combined TRACON& Tower with Radar,2,17,17,0,36,0,0,6,0,6,2,17,23,0,42,0,0,0,42
04/20/2011,HTS,WV,AEA,CE,Combined TRACON& Tower with Radar,4,15,7,0,26,0,2,4,0,6,4,17,11,0,32,0,0,0,32
04/21/2011,HTS,WV,AEA,CE,Combined TRACON& Tower with Radar,4,13,12,0,29,0,2,20,2,24,4,15,32,2,53,0,0,0,53
04/22/2011,HTS,WV,AEA,CE,Combined TRACON& Tower with Radar,6,17,8,0,31,0,2,1,0,3,6,19,9,0,34,0,0,0,34
04/23/2011,HTS,WV,AEA,CE,Combined TRACON& Tower with Radar,1,7,5,0,13,0,0,2,0,2,1,7,7,0,15,0,0,0,15
04/24/2011,HTS,WV,AEA,CE,Combined TRACON& Tower with Radar,2,10,7,0,19,0,0,2,0,2,2,10,9,0,21,0,0,0,21
04/25/2011,HTS,WV,AEA,CE,Combined TRACON& Tower with Radar,5,17,7,0,29,0,4,17,0,21,5,21,24,0,50,0,0,0,50
04/26/2011,HTS,WV,AEA,CE,Combined TRACON& Tower with Radar,6,17,7,0,30,0,0,0,0,0,6,17,7,0,30,0,0,0,30
04/27/2011,HTS,WV,AEA,CE,Combined TRACON& Tower with Radar,4,11,24,0,39,0,0,17,0,17,4,11,41,0,56,0,0,0,56
04/28/2011,HTS,WV,AEA,CE,Combined TRACON& Tower with Radar,3,14,18,2,37,0,2,25,0,27,3,16,43,2,64,0,0,0,64
04/29/2011,HTS,WV,AEA,CE,Combined TRACON& Tower with Radar,7,15,11,0,33,0,0,3,0,3,7,15,14,0,36,0,0,0,36
04/30/2011,HTS,WV,AEA,CE,Combined TRACON& Tower with Radar,1,6,3,0,10,0,0,0,0,0,1,6,3,0,10,0,0,0,10
05/01/2011,HTS,WV,AEA,CE,Combined TRACON& Tower with Radar,2,12,7,0,21,0,3,5,2,10,2,15,12,2,31,0,0,0,31
05/02/2011,HTS,WV,AEA,CE,Combined TRACON& Tower with Radar,5,14,11,0,30,0,0,6,0,6,5,14,17,0,36,0,0,0,36
05/03/2011,HTS,WV,AEA,CE,Combined TRACON& Tower with Radar,2,17,17,0,36,0,0,5,0,5,2,17,22,0,41,0,0,0,41
05/04/2011,HTS,WV,AEA,CE,Combined TRACON& Tower with Radar,4,15,7,0,26,0,2,4,0,6,4,17,11,0,32,0,0,0,32
05/05/2011,HTS,WV,AEA,CE,Combined TRACON& Tower with Radar,4,13,12,0,29,0,2,38,2,42,4,15,50,2,71,26,0,26,97
05/06/2011,HTS,WV,AEA,CE,Combined TRACON& Tower with Radar,6,17,12,0,35,0,3,7,0,10,6,20,19,0,45,18,0,18,63
05/07/2011,HTS,WV,AEA,CE,Combined TRACON& Tower with Radar,1,10,21,0,32,0,0,13,0,13,1,10,34,0,45,22,0,22,67
05/08/2011,HTS,WV,AEA,CE,Combined TRACON& Tower with Radar,2,10,15,0,27,0,2,0,0,2,2,12,15,0,29,0,0,0,29
05/09/2011,HTS,WV,AEA,CE,Combined TRACON& Tower with Radar,5,15,6,0,26,0,2,18,0,20,5,17,24,0,46,0,0,0,46
05/10/2011,HTS,WV,AEA,CE,Combined TRACON& Tower with Radar,3,14,10,0,27,0,2,8,0,10,3,16,18,0,37,20,0,20,57
05/11/2011,HTS,WV,AEA,CE,Combined TRACON& Tower with Radar,3,18,5,0,26,0,2,7,0,9,3,20,12,0,35,0,0,0,35
05/12/2011,HTS,WV,AEA,CE,Combined TRACON& Tower with Radar,4,18,9,2,33,0,0,12,0,12,4,18,21,2,45,0,0,0,45
05/13/2011,HTS,WV,AEA,CE,Combined TRACON& Tower with Radar,6,15,11,0,32,0,2,13,0,15,6,17,24,0,47,34,0,34,81
05/14/2011,HTS,WV,AEA,CE,Combined TRACON& Tower with Radar,1,11,6,0,18,0,1,0,2,3,1,12,6,2,21,0,0,0,21
05/15/2011,HTS,WV,AEA,CE,Combined TRACON& Tower with Radar,2,13,2,0,17,0,1,0,0,1,2,14,2,0,18,0,0,0,18
05/16/2011,HTS,WV,AEA,CE,Combined TRACON& Tower with Radar,5,16,8,0,29,0,2,0,0,2,5,18,8,0,31,0,0,0,31
05/17/2011,HTS,WV,AEA,CE,Combined TRACON& Tower with Radar,2,14,14,0,30,0,0,1,0,1,2,14,15,0,31,0,0,0,31
05/18/2011,HTS,WV,AEA,CE,Combined TRACON& Tower with Radar,2,16,17,1,36,0,0,3,3,6,2,16,20,4,42,0,0,0,42
05/19/2011,HTS,WV,AEA,CE,Combined TRACON& Tower with Radar,2,14,9,0,25,0,0,4,0,4,2,14,13,0,29,52,0,52,81
05/20/2011,HTS,WV,AEA,CE,Combined TRACON& Tower with Radar,10,14,14,2,40,0,4,18,4,26,10,18,32,6,66,27,0,27,93
05/21/2011,HTS,WV,AEA,CE,Combined TRACON& Tower with Radar,1,9,12,1,23,0,0,28,1,29,1,9,40,2,52,12,0,12,64
05/22/2011,HTS,WV,AEA,CE,Combined TRACON& Tower with Radar,0,13,2,0,15,0,3,12,2,17,0,16,14,2,32,0,0,0,32
05/23/2011,HTS,WV,AEA,CE,Combined TRACON& Tower with Radar,9,11,4,0,24,0,3,5,0,8,9,14,9,0,32,6,0,6,38
05/24/2011,HTS,WV,AEA,CE,Combined TRACON& Tower with Radar,2,14,3,0,19,0,0,0,0,0,2,14,3,0,19,0,0,0,19
05/25/2011,HTS,WV,AEA,CE,Combined TRACON& Tower with Radar,5,11,11,3,30,0,4,10,2,16,5,15,21,5,46,0,0,0,46
05/26/2011,HTS,WV,AEA,CE,Combined TRACON& Tower with Radar,2,16,12,2,32,0,0,3,2,5,2,16,15,4,37,6,0,6,43
05/27/2011,HTS,WV,AEA,CE,Combined TRACON& Tower with Radar,10,12,21,0,43,0,2,5,0,7,10,14,26,0,50,2,0,2,52
05/28/2011,HTS,WV,AEA,CE,Combined TRACON& Tower with Radar,3,8,10,0,21,0,0,8,0,8,3,8,18,0,29,0,0,0,29
05/29/2011,HTS,WV,AEA,CE,Combined TRACON& Tower with Radar,0,7,2,0,9,0,3,21,0,24,0,10,23,0,33,16,0,16,49
05/30/2011,HTS,WV,AEA,CE,Combined TRACON& Tower with Radar,8,10,9,0,27,0,0,17,0,17,8,10,26,0,44,8,0,8,52
05/31/2011,HTS,WV,AEA,CE,Combined TRACON& Tower with Radar,1,16,5,0,22,0,2,14,0,16,1,18,19,0,38,26,0,26,64
06/01/2011,HTS,WV,AEA,CE,Combined TRACON& Tower with Radar,6,21,17,6,50,0,0,1,4,5,6,21,18,10,55,0,30,30,85
06/02/2011,HTS,WV,AEA,CE,Combined TRACON& Tower with Radar,2,16,8,0,26,0,0,13,0,13,2,16,21,0,39,0,0,0,39
06/03/2011,HTS,WV,AEA,CE,Combined TRACON& Tower with Radar,10,15,15,0,40,0,1,16,0,17,10,16,31,0,57,0,0,0,57
06/04/2011,HTS,WV,AEA,CE,Combined TRACON& Tower with Radar,3,8,7,0,18,0,3,19,4,26,3,11,26,4,44,8,0,8,52
06/05/2011,HTS,WV,AEA,CE,Combined TRACON& Tower with Radar,0,12,15,0,27,0,0,9,0,9,0,12,24,0,36,4,0,4,40
06/06/2011,HTS,WV,AEA,CE,Combined TRACON& Tower with Radar,9,15,9,0,33,0,2,10,0,12,9,17,19,0,45,4,0,4,49
06/07/2011,HTS,WV,AEA,CE,Combined TRACON& Tower with Radar,2,19,22,0,43,0,2,10,1,13,2,21,32,1,56,10,0,10,66
06/08/2011,HTS,WV,AEA,CE,Combined TRACON& Tower with Radar,8,16,11,4,39,0,1,11,3,15,8,17,22,7,54,0,10,10,64
06/09/2011,HTS,WV,AEA,CE,Combined TRACON& Tower with Radar,2,12,11,0,25,0,0,8,2,10,2,12,19,2,35,0,0,0,35
06/10/2011,HTS,WV,AEA,CE,Combined TRACON& Tower with Radar,10,16,10,0,36,0,1,7,0,8,10,17,17,0,44,0,0,0,44
06/11/2011,HTS,WV,AEA,CE,Combined TRACON& Tower with Radar,5,8,10,0,23,0,0,6,2,8,5,8,16,2,31,6,0,6,37
06/12/2011,HTS,WV,AEA,CE,Combined TRACON& Tower with Radar,0,14,7,0,21,0,4,10,2,16,0,18,17,2,37,12,0,12,49
06/13/2011,HTS,WV,AEA,CE,Combined TRACON& Tower with Radar,9,14,5,12,40,0,2,7,24,33,9,16,12,36,73,24,20,44,117
06/14/2011,HTS,WV,AEA,CE,Combined TRACON& Tower with Radar,2,18,6,0,26,0,0,5,0,5,2,18,11,0,31,14,0,14,45
06/15/2011,HTS,WV,AEA,CE,Combined TRACON& Tower with Radar,8,15,8,0,31,0,0,4,0,4,8,15,12,0,35,0,0,0,35
06/16/2011,HTS,WV,AEA,CE,Combined TRACON& Tower with Radar,2,14,15,0,31,0,0,7,0,7,2,14,22,0,38,0,0,0,38
06/17/2011,HTS,WV,AEA,CE,Combined TRACON& Tower with Radar,10,15,6,0,31,0,1,8,0,9,10,16,14,0,40,14,0,14,54
06/18/2011,HTS,WV,AEA,CE,Combined TRACON& Tower with Radar,7,9,7,0,23,0,0,5,2,7,7,9,12,2,30,0,0,0,30
06/19/2011,HTS,WV,AEA,CE,Combined TRACON& Tower with Radar,0,13,3,0,16,0,0,2,0,2,0,13,5,0,18,0,0,0,18
06/20/2011,HTS,WV,AEA,CE,Combined TRACON& Tower with Radar,9,14,2,0,25,0,0,0,0,0,9,14,2,0,25,6,0,6,31
06/21/2011,HTS,WV,AEA,CE,Combined TRACON& Tower with Radar,4,17,11,0,32,0,0,7,0,7,4,17,18,0,39,6,0,6,45
06/22/2011,HTS,WV,AEA,CE,Combined TRACON& Tower with Radar,10,13,2,0,25,0,0,9,0,9,10,13,11,0,34,0,0,0,34
06/23/2011,HTS,WV,AEA,CE,Combined TRACON& Tower with Radar,2,13,11,0,26,0,3,3,0,6,2,16,14,0,32,0,0,0,32
06/24/2011,HTS,WV,AEA,CE,Combined TRACON& Tower with Radar,8,13,18,8,47,0,2,9,0,11,8,15,27,8,58,0,34,34,92
06/25/2011,HTS,WV,AEA,CE,Combined TRACON& Tower with Radar,9,9,10,0,28,0,0,19,0,19,9,9,29,0,47,28,0,28,75
06/26/2011,HTS,WV,AEA,CE,Combined TRACON& Tower with Radar,0,11,4,0,15,0,0,5,0,5,0,11,9,0,20,0,0,0,20
06/27/2011,HTS,WV,AEA,CE,Combined TRACON& Tower with Radar,8,13,9,6,36,0,0,0,0,0,8,13,9,6,36,0,12,12,48
06/28/2011,HTS,WV,AEA,CE,Combined TRACON& Tower with Radar,4,14,13,0,31,0,2,8,0,10,4,16,21,0,41,20,0,20,61
06/29/2011,HTS,WV,AEA,CE,Combined TRACON& Tower with Radar,10,11,10,2,33,0,0,16,2,18,10,11,26,4,51,0,0,0,51
06/30/2011,HTS,WV,AEA,CE,Combined TRACON& Tower with Radar,2,15,7,0,24,0,3,18,0,21,2,18,25,0,45,10,0,10,55
07/01/2011,HTS,WV,AEA,CE,Combined TRACON& Tower with Radar,8,14,10,2,34,0,0,20,0,20,8,14,30,2,54,16,0,16,70
07/02/2011,HTS,WV,AEA,CE,Combined TRACON& Tower with Radar,10,8,6,0,24,0,0,11,0,11,10,8,17,0,35,10,0,10,45
07/03/2011,HTS,WV,AEA,CE,Combined TRACON& Tower with Radar,0,9,4,0,13,0,2,14,0,16,0,11,18,0,29,6,0,6,35
07/04/2011,HTS,WV,AEA,CE,Combined TRACON& Tower with Radar,6,10,5,0,21,0,1,10,0,11,6,11,15,0,32,16,0,16,48
07/05/2011,HTS,WV,AEA,CE,Combined TRACON& Tower with Radar,3,16,19,0,38,0,1,11,0,12,3,17,30,0,50,12,0,12,62
07/06/2011,HTS,WV,AEA,CE,Combined TRACON& Tower with Radar,10,14,11,10,45,0,8,13,1,22,10,22,24,11,67,26,20,46,113
07/07/2011,HTS,WV,AEA,CE,Combined TRACON& Tower with Radar,2,16,8,0,26,0,2,8,0,10,2,18,16,0,36,0,0,0,36
07/08/2011,HTS,WV,AEA,CE,Combined TRACON& Tower with Radar,8,15,6,0,29,0,2,2,0,4,8,17,8,0,33,0,0,0,33
07/09/2011,HTS,WV,AEA,CE,Combined TRACON& Tower with Radar,9,8,11,4,32,0,0,5,0,5,9,8,16,4,37,0,0,0,37
07/10/2011,HTS,WV,AEA,CE,Combined TRACON& Tower with Radar,0,13,7,2,22,0,2,22,0,24,0,15,29,2,46,2,0,2,48
07/11/2011,HTS,WV,AEA,CE,Combined TRACON& Tower with Radar,7,15,7,2,31,0,0,12,1,13,7,15,19,3,44,16,0,16,60
07/12/2011,HTS,WV,AEA,CE,Combined TRACON& Tower with Radar,4,16,13,0,33,0,0,6,4,10,4,16,19,4,43,22,0,22,65
07/13/2011,HTS,WV,AEA,CE,Combined TRACON& Tower with Radar,10,14,24,0,48,0,4,15,1,20,10,18,39,1,68,6,0,6,74
07/14/2011,HTS,WV,AEA,CE,Combined TRACON& Tower with Radar,2,14,8,0,24,0,0,19,3,22,2,14,27,3,46,32,0,32,78
07/15/2011,HTS,WV,AEA,CE,Combined TRACON& Tower with Radar,8,17,9,0,34,0,2,9,0,11,8,19,18,0,45,4,0,4,49
07/16/2011,HTS,WV,AEA,CE,Combined TRACON& Tower with Radar,9,12,7,0,28,0,0,5,0,5,9,12,12,0,33,8,0,8,41
07/17/2011,HTS,WV,AEA,CE,Combined TRACON& Tower with Radar,0,14,29,0,43,0,0,1,0,1,0,14,30,0,44,2,0,2,46
07/18/2011,HTS,WV,AEA,CE,Combined TRACON& Tower with Radar,7,14,2,0,23,0,6,7,1,14,7,20,9,1,37,10,0,10,47
07/19/2011,HTS,WV,AEA,CE,Combined TRACON& Tower with Radar,4,15,9,0,28,0,0,7,0,7,4,15,16,0,35,0,0,0,35
07/20/2011,HTS,WV,AEA,CE,Combined TRACON& Tower with Radar,11,12,13,0,36,0,0,8,0,8,11,12,21,0,44,20,0,20,64
07/21/2011,HTS,WV,AEA,CE,Combined TRACON& Tower with Radar,2,18,12,0,32,0,1,17,3,21,2,19,29,3,53,16,0,16,69
07/22/2011,HTS,WV,AEA,CE,Combined TRACON& Tower with Radar,9,16,8,1,34,0,1,2,3,6,9,17,10,4,40,28,4,32,72
07/23/2011,HTS,WV,AEA,CE,Combined TRACON& Tower with Radar,9,9,13,0,31,0,2,11,0,13,9,11,24,0,44,10,0,10,54
07/24/2011,HTS,WV,AEA,CE,Combined TRACON& Tower with Radar,0,12,10,7,29,0,4,4,2,10,0,16,14,9,39,6,0,6,45
07/25/2011,HTS,WV,AEA,CE,Combined TRACON& Tower with Radar,7,11,17,0,35,0,0,0,0,0,7,11,17,0,35,0,0,0,35
07/26/2011,HTS,WV,AEA,CE,Combined TRACON& Tower with Radar,4,15,16,0,35,0,1,4,0,5,4,16,20,0,40,0,0,0,40
07/27/2011,HTS,WV,AEA,CE,Combined TRACON& Tower with Radar,8,18,20,0,46,0,2,9,0,11,8,20,29,0,57,22,0,22,79
07/28/2011,HTS,WV,AEA,CE,Combined TRACON& Tower with Radar,4,17,17,11,49,0,1,12,0,13,4,18,29,11,62,32,8,40,102
07/29/2011,HTS,WV,AEA,CE,Combined TRACON& Tower with Radar,8,14,13,0,35,0,0,19,0,19,8,14,32,0,54,36,0,36,90
07/30/2011,HTS,WV,AEA,CE,Combined TRACON& Tower with Radar,9,8,6,0,23,0,0,4,0,4,9,8,10,0,27,0,0,0,27
07/31/2011,HTS,WV,AEA,CE,Combined TRACON& Tower with Radar,0,13,9,0,22,0,0,13,0,13,0,13,22,0,35,0,0,0,35
08/01/2011,HTS,WV,AEA,CE,Combined TRACON& Tower with Radar,7,17,14,0,38,0,2,8,2,12,7,19,22,2,50,8,0,8,58
08/02/2011,HTS,WV,AEA,CE,Combined TRACON& Tower with Radar,4,15,9,0,28,0,2,8,0,10,4,17,17,0,38,0,0,0,38
08/03/2011,HTS,WV,AEA,CE,Combined TRACON& Tower with Radar,10,15,9,0,34,0,0,4,0,4,10,15,13,0,38,0,0,0,38
08/04/2011,HTS,WV,AEA,CE,Combined TRACON& Tower with Radar,2,19,15,0,36,0,0,20,0,20,2,19,35,0,56,14,0,14,70
08/05/2011,HTS,WV,AEA,CE,Combined TRACON& Tower with Radar,8,15,13,0,36,0,0,12,0,12,8,15,25,0,48,12,0,12,60
08/06/2011,HTS,WV,AEA,CE,Combined TRACON& Tower with Radar,9,9,7,4,29,0,2,3,0,5,9,11,10,4,34,0,4,4,38
08/07/2011,HTS,WV,AEA,CE,Combined TRACON& Tower with Radar,0,12,6,0,18,0,0,4,0,4,0,12,10,0,22,0,0,0,22
08/08/2011,HTS,WV,AEA,CE,Combined TRACON& Tower with Radar,7,14,15,0,36,0,1,12,0,13,7,15,27,0,49,0,0,0,49
08/09/2011,HTS,WV,AEA,CE,Combined TRACON& Tower with Radar,4,11,7,0,22,0,0,8,0,8,4,11,15,0,30,22,0,22,52
08/10/2011,HTS,WV,AEA,CE,Combined TRACON& Tower with Radar,8,14,24,0,46,0,2,16,0,18,8,16,40,0,64,18,0,18,82
08/11/2011,HTS,WV,AEA,CE,Combined TRACON& Tower with Radar,2,13,6,7,28,0,0,12,1,13,2,13,18,8,41,0,10,10,51
08/12/2011,HTS,WV,AEA,CE,Combined TRACON& Tower with Radar,8,14,8,0,30,0,0,27,0,27,8,14,35,0,57,56,0,56,113
08/13/2011,HTS,WV,AEA,CE,Combined TRACON& Tower with Radar,7,12,7,0,26,0,0,9,0,9,7,12,16,0,35,0,0,0,35
08/14/2011,HTS,WV,AEA,CE,Combined TRACON& Tower with Radar,0,13,5,0,18,0,0,2,0,2,0,13,7,0,20,0,0,0,20
08/15/2011,HTS,WV,AEA,CE,Combined TRACON& Tower with Radar,7,14,4,8,33,0,0,4,2,6,7,14,8,10,39,0,24,24,63
08/16/2011,HTS,WV,AEA,CE,Combined TRACON& Tower with Radar,2,15,19,0,36,0,3,17,0,20,2,18,36,0,56,0,0,0,56
08/17/2011,HTS,WV,AEA,CE,Combined TRACON& Tower with Radar,2,15,15,2,34,0,0,19,0,19,2,15,34,2,53,8,6,14,67
08/18/2011,HTS,WV,AEA,CE,Combined TRACON& Tower with Radar,2,16,11,0,29,0,0,10,6,16,2,16,21,6,45,0,0,0,45
08/19/2011,HTS,WV,AEA,CE,Combined TRACON& Tower with Radar,8,15,13,0,36,0,0,6,0,6,8,15,19,0,42,13,0,13,55
08/20/2011,HTS,WV,AEA,CE,Combined TRACON& Tower with Radar,1,10,21,0,32,0,0,26,0,26,1,10,47,0,58,1,0,1,59
08/21/2011,HTS,WV,AEA,CE,Combined TRACON& Tower with Radar,0,14,7,0,21,0,2,4,0,6,0,16,11,0,27,0,0,0,27
08/22/2011,HTS,WV,AEA,CE,Combined TRACON& Tower with Radar,8,14,19,1,42,0,1,17,0,18,8,15,36,1,60,0,0,0,60
08/23/2011,HTS,WV,AEA,CE,Combined TRACON& Tower with Radar,2,16,15,0,33,0,0,10,2,12,2,16,25,2,45,0,0,0,45
08/24/2011,HTS,WV,AEA,CE,Combined TRACON& Tower with Radar,2,15,16,0,33,0,0,8,0,8,2,15,24,0,41,0,0,0,41
08/25/2011,HTS,WV,AEA,CE,Combined TRACON& Tower with Radar,2,11,8,1,22,0,2,7,4,13,2,13,15,5,35,2,0,2,37
08/26/2011,HTS,WV,AEA,CE,Combined TRACON& Tower with Radar,8,15,15,8,46,0,2,9,1,12,8,17,24,9,58,0,8,8,66
08/27/2011,HTS,WV,AEA,CE,Combined TRACON& Tower with Radar,1,9,7,0,17,0,0,15,0,15,1,9,22,0,32,26,0,26,58
08/28/2011,HTS,WV,AEA,CE,Combined TRACON& Tower with Radar,0,10,4,7,21,0,0,17,2,19,0,10,21,9,40,0,0,0,40
08/29/2011,HTS,WV,AEA,CE,Combined TRACON& Tower with Radar,7,14,7,0,28,0,2,16,4,22,7,16,23,4,50,44,4,48,98
08/30/2011,HTS,WV,AEA,CE,Combined TRACON& Tower with Radar,3,14,17,6,40,0,0,6,4,10,3,14,23,10,50,10,8,18,68
08/31/2011,HTS,WV,AEA,CE,Combined TRACON& Tower with Radar,4,15,8,2,29,0,0,1,2,3,4,15,9,4,32,0,0,0,32
09/01/2011,HTS,WV,AEA,CE,Combined TRACON& Tower with Radar,2,14,10,8,34,0,4,15,2,21,2,18,25,10,55,0,32,32,87
09/02/2011,HTS,WV,AEA,CE,Combined TRACON& Tower with Radar,8,13,16,2,39,0,4,12,0,16,8,17,28,2,55,0,0,0,55
09/03/2011,HTS,WV,AEA,CE,Combined TRACON& Tower with Radar,1,5,8,0,14,0,0,16,2,18,1,5,24,2,32,20,0,20,52
09/04/2011,HTS,WV,AEA,CE,Combined TRACON& Tower with Radar,0,8,4,0,12,0,0,8,0,8,0,8,12,0,20,0,0,0,20
09/05/2011,HTS,WV,AEA,CE,Combined TRACON& Tower with Radar,6,14,24,0,44,0,0,0,0,0,6,14,24,0,44,10,0,10,54
09/06/2011,HTS,WV,AEA,CE,Combined TRACON& Tower with Radar,1,14,2,0,17,0,0,0,0,0,1,14,2,0,17,0,0,0,17
09/07/2011,HTS,WV,AEA,CE,Combined TRACON& Tower with Radar,4,13,13,0,30,0,0,0,0,0,4,13,13,0,30,6,0,6,36
09/08/2011,HTS,WV,AEA,CE,Combined TRACON& Tower with Radar,4,23,10,0,37,0,0,3,0,3,4,23,13,0,40,8,0,8,48
09/09/2011,HTS,WV,AEA,CE,Combined TRACON& Tower with Radar,9,14,10,4,37,0,2,2,0,4,9,16,12,4,41,0,0,0,41
09/10/2011,HTS,WV,AEA,CE,Combined TRACON& Tower with Radar,2,8,5,0,15,0,5,7,0,12,2,13,12,0,27,2,0,2,29
09/11/2011,HTS,WV,AEA,CE,Combined TRACON& Tower with Radar,0,12,6,0,18,0,0,2,0,2,0,12,8,0,20,0,0,0,20
09/12/2011,HTS,WV,AEA,CE,Combined TRACON& Tower with Radar,7,12,14,0,33,0,0,7,0,7,7,12,21,0,40,12,0,12,52
09/13/2011,HTS,WV,AEA,CE,Combined TRACON& Tower with Radar,2,12,9,2,25,0,0,7,1,8,2,12,16,3,33,0,12,12,45
09/14/2011,HTS,WV,AEA,CE,Combined TRACON& Tower with Radar,2,12,21,4,39,0,0,6,4,10,2,12,27,8,49,0,6,6,55
09/15/2011,HTS,WV,AEA,CE,Combined TRACON& Tower with Radar,3,16,12,0,31,0,2,2,2,6,3,18,14,2,37,0,0,0,37
09/16/2011,HTS,WV,AEA,CE,Combined TRACON& Tower with Radar,8,21,13,0,42,0,2,13,0,15,8,23,26,0,57,6,0,6,63
09/17/2011,HTS,WV,AEA,CE,Combined TRACON& Tower with Radar,1,8,13,2,24,0,2,33,0,35,1,10,46,2,59,106,0,106,165
09/18/2011,HTS,WV,AEA,CE,Combined TRACON& Tower with Radar,0,14,15,0,29,0,0,14,0,14,0,14,29,0,43,6,0,6,49
09/19/2011,HTS,WV,AEA,CE,Combined TRACON& Tower with Radar,7,13,11,0,31,0,0,4,1,5,7,13,15,1,36,0,0,0,36
09/20/2011,HTS,WV,AEA,CE,Combined TRACON& Tower with Radar,2,12,9,0,23,0,4,7,0,11,2,16,16,0,34,12,0,12,46
09/21/2011,HTS,WV,AEA,CE,Combined TRACON& Tower with Radar,2,10,7,0,19,0,0,1,0,1,2,10,8,0,20,0,0,0,20
09/22/2011,HTS,WV,AEA,CE,Combined TRACON& Tower with Radar,2,18,13,0,33,0,8,4,2,14,2,26,17,2,47,6,0,6,53
09/23/2011,HTS,WV,AEA,CE,Combined TRACON& Tower with Radar,6,15,4,0,25,0,0,0,2,2,6,15,4,2,27,0,0,0,27
09/24/2011,HTS,WV,AEA,CE,Combined TRACON& Tower with Radar,1,11,19,0,31,0,0,8,0,8,1,11,27,0,39,6,0,6,45
09/25/2011,HTS,WV,AEA,CE,Combined TRACON& Tower with Radar,0,12,17,0,29,0,0,4,0,4,0,12,21,0,33,8,0,8,41
09/26/2011,HTS,WV,AEA,CE,Combined TRACON& Tower with Radar,5,16,5,0,26,0,0,2,0,2,5,16,7,0,28,8,0,8,36
09/27/2011,HTS,WV,AEA,CE,Combined TRACON& Tower with Radar,3,18,8,0,29,0,2,8,2,12,3,20,16,2,41,7,0,7,48
09/28/2011,HTS,WV,AEA,CE,Combined TRACON& Tower with Radar,4,12,15,0,31,0,0,15,0,15,4,12,30,0,46,10,0,10,56
09/29/2011,HTS,WV,AEA,CE,Combined TRACON& Tower with Radar,2,16,9,0,27,0,2,20,0,22,2,18,29,0,49,0,0,0,49
09/30/2011,HTS,WV,AEA,CE,Combined TRACON& Tower with Radar,8,17,17,0,42,0,0,2,0,2,8,17,19,0,44,0,0,0,44
10/01/2011,HTS,WV,AEA,CE,Combined TRACON& Tower with Radar,2,10,5,0,17,0,0,0,0,0,2,10,5,0,17,0,0,0,17
10/02/2011,HTS,WV,AEA,CE,Combined TRACON& Tower with Radar,0,14,13,0,27,0,2,21,0,23,0,16,34,0,50,6,0,6,56
10/03/2011,HTS,WV,AEA,CE,Combined TRACON& Tower with Radar,6,14,13,0,33,0,0,5,0,5,6,14,18,0,38,2,0,2,40
10/04/2011,HTS,WV,AEA,CE,Combined TRACON& Tower with Radar,4,13,14,0,31,0,3,5,0,8,4,16,19,0,39,0,0,0,39
10/05/2011,HTS,WV,AEA,CE,Combined TRACON& Tower with Radar,6,15,5,0,26,0,1,14,0,15,6,16,19,0,41,10,0,10,51
10/06/2011,HTS,WV,AEA,CE,Combined TRACON& Tower with Radar,5,14,14,0,33,0,7,14,0,21,5,21,28,0,54,26,0,26,80
10/07/2011,HTS,WV,AEA,CE,Combined TRACON& Tower with Radar,10,14,17,0,41,0,0,13,0,13,10,14,30,0,54,4,0,4,58
10/08/2011,HTS,WV,AEA,CE,Combined TRACON& Tower with Radar,6,8,7,0,21,0,0,16,0,16,6,8,23,0,37,16,0,16,53
10/09/2011,HTS,WV,AEA,CE,Combined TRACON& Tower with Radar,2,14,8,0,24,0,0,10,0,10,2,14,18,0,34,14,0,14,48
10/10/2011,HTS,WV,AEA,CE,Combined TRACON& Tower with Radar,5,13,6,0,24,0,0,18,0,18,5,13,24,0,42,0,0,0,42
10/11/2011,HTS,WV,AEA,CE,Combined TRACON& Tower with Radar,4,11,13,0,28,0,4,6,0,10,4,15,19,0,38,4,0,4,42
10/12/2011,HTS,WV,AEA,CE,Combined TRACON& Tower with Radar,10,17,15,0,42,0,0,0,0,0,10,17,15,0,42,18,0,18,60
10/13/2011,HTS,WV,AEA,CE,Combined TRACON& Tower with Radar,4,16,20,1,41,0,0,0,1,1,4,16,20,2,42,0,0,0,42
10/14/2011,HTS,WV,AEA,CE,Combined TRACON& Tower with Radar,10,17,11,0,38,0,2,4,0,6,10,19,15,0,44,0,0,0,44
10/15/2011,HTS,WV,AEA,CE,Combined TRACON& Tower with Radar,7,9,7,2,25,0,6,4,2,12,7,15,11,4,37,6,0,6,43
10/16/2011,HTS,WV,AEA,CE,Combined TRACON& Tower with Radar,0,16,14,0,30,0,2,15,2,19,0,18,29,2,49,0,0,0,49
10/17/2011,HTS,WV,AEA,CE,Combined TRACON& Tower with Radar,6,11,18,0,35,0,3,15,0,18,6,14,33,0,53,0,0,0,53
10/18/2011,HTS,WV,AEA,CE,Combined TRACON& Tower with Radar,4,11,15,0,30,0,0,16,0,16,4,11,31,0,46,6,0,6,52
10/19/2011,HTS,WV,AEA,CE,Combined TRACON& Tower with Radar,6,14,27,0,47,0,0,0,0,0,6,14,27,0,47,0,0,0,47
10/20/2011,HTS,WV,AEA,CE,Combined TRACON& Tower with Radar,3,19,14,0,36,0,0,0,0,0,3,19,14,0,36,0,0,0,36
10/21/2011,HTS,WV,AEA,CE,Combined TRACON& Tower with Radar,11,14,14,0,39,0,2,9,2,13,11,16,23,2,52,0,0,0,52
10/22/2011,HTS,WV,AEA,CE,Combined TRACON& Tower with Radar,5,10,7,0,22,0,0,19,2,21,5,10,26,2,43,33,0,33,76
10/23/2011,HTS,WV,AEA,CE,Combined TRACON& Tower with Radar,2,13,11,0,26,0,2,18,0,20,2,15,29,0,46,24,0,24,70
10/24/2011,HTS,WV,AEA,CE,Combined TRACON& Tower with Radar,6,13,12,0,31,0,2,10,0,12,6,15,22,0,43,10,0,10,53
10/25/2011,HTS,WV,AEA,CE,Combined TRACON& Tower with Radar,4,11,12,3,30,0,0,12,3,15,4,11,24,6,45,0,6,6,51
10/26/2011,HTS,WV,AEA,CE,Combined TRACON& Tower with Radar,6,13,20,0,39,0,0,2,0,2,6,13,22,0,41,0,0,0,41
10/27/2011,HTS,WV,AEA,CE,Combined TRACON& Tower with Radar,4,14,12,1,31,0,2,0,1,3,4,16,12,2,34,0,0,0,34
10/28/2011,HTS,WV,AEA,CE,Combined TRACON& Tower with Radar,8,14,4,0,26,0,0,3,0,3,8,14,7,0,29,2,0,2,31
10/29/2011,HTS,WV,AEA,CE,Combined TRACON& Tower with Radar,6,9,3,0,18,0,4,6,2,12,6,13,9,2,30,0,0,0,30
10/30/2011,HTS,WV,AEA,CE,Combined TRACON& Tower with Radar,0,18,20,0,38,0,0,22,2,24,0,18,42,2,62,26,0,26,88
10/31/2011,HTS,WV,AEA,CE,Combined TRACON& Tower with Radar,6,16,9,0,31,0,0,9,0,9,6,16,18,0,40,0,0,0,40
11/01/2011,HTS,WV,AEA,CE,Combined TRACON& Tower with Radar,4,15,15,0,34,0,0,10,0,10,4,15,25,0,44,0,0,0,44
11/02/2011,HTS,WV,AEA,CE,Combined TRACON& Tower with Radar,6,15,14,0,35,0,4,12,0,16,6,19,26,0,51,0,0,0,51
11/03/2011,HTS,WV,AEA,CE,Combined TRACON& Tower with Radar,4,14,15,0,33,0,0,11,2,13,4,14,26,2,46,14,0,14,60
11/04/2011,HTS,WV,AEA,CE,Combined TRACON& Tower with Radar,6,16,12,0,34,0,4,6,2,12,6,20,18,2,46,6,0,6,52
11/05/2011,HTS,WV,AEA,CE,Combined TRACON& Tower with Radar,4,8,6,0,18,0,0,19,0,19,4,8,25,0,37,0,0,0,37
11/06/2011,HTS,WV,AEA,CE,Combined TRACON& Tower with Radar,0,12,7,0,19,0,1,20,0,21,0,13,27,0,40,8,0,8,48
11/07/2011,HTS,WV,AEA,CE,Combined TRACON& Tower with Radar,6,16,10,2,34,0,1,15,0,16,6,17,25,2,50,20,0,20,70
11/08/2011,HTS,WV,AEA,CE,Combined TRACON& Tower with Radar,4,13,13,0,30,0,0,18,0,18,4,13,31,0,48,2,0,2,50
11/09/2011,HTS,WV,AEA,CE,Combined TRACON& Tower with Radar,7,13,19,0,39,0,2,4,0,6,7,15,23,0,45,0,0,0,45
11/10/2011,HTS,WV,AEA,CE,Combined TRACON& Tower with Radar,4,19,13,0,36,0,4,2,0,6,4,23,15,0,42,12,0,12,54
11/11/2011,HTS,WV,AEA,CE,Combined TRACON& Tower with Radar,11,16,14,0,41,0,0,11,0,11,11,16,25,0,52,0,0,0,52
11/12/2011,HTS,WV,AEA,CE,Combined TRACON& Tower with Radar,6,10,4,0,20,0,1,8,0,9,6,11,12,0,29,0,0,0,29
11/13/2011,HTS,WV,AEA,CE,Combined TRACON& Tower with Radar,0,14,10,0,24,0,0,2,0,2,0,14,12,0,26,0,0,0,26
11/14/2011,HTS,WV,AEA,CE,Combined TRACON& Tower with Radar,6,14,14,0,34,0,1,9,0,10,6,15,23,0,44,8,0,8,52
11/15/2011,HTS,WV,AEA,CE,Combined TRACON& Tower with Radar,4,13,11,0,28,0,0,0,0,0,4,13,11,0,28,0,0,0,28
11/16/2011,HTS,WV,AEA,CE,Combined TRACON& Tower with Radar,6,13,13,0,32,0,0,0,0,0,6,13,13,0,32,0,0,0,32
11/17/2011,HTS,WV,AEA,CE,Combined TRACON& Tower with Radar,7,14,9,1,31,0,0,12,0,12,7,14,21,1,43,0,0,0,43
11/18/2011,HTS,WV,AEA,CE,Combined TRACON& Tower with Radar,9,14,12,0,35,0,0,11,2,13,9,14,23,2,48,12,0,12,60
11/19/2011,HTS,WV,AEA,CE,Combined TRACON& Tower with Radar,2,8,4,0,14,0,2,15,0,17,2,10,19,0,31,22,0,22,53
11/20/2011,HTS,WV,AEA,CE,Combined TRACON& Tower with Radar,4,16,8,0,28,0,0,1,0,1,4,16,9,0,29,0,0,0,29
11/21/2011,HTS,WV,AEA,CE,Combined TRACON& Tower with Radar,0,5,2,0,7,0,0,0,0,0,0,5,2,0,7,0,0,0,7
11/22/2011,HTS,WV,AEA,CE,Combined TRACON& Tower with Radar,10,13,10,0,33,0,0,0,0,0,10,13,10,0,33,0,0,0,33
11/23/2011,HTS,WV,AEA,CE,Combined TRACON& Tower with Radar,9,15,9,0,33,0,2,1,0,3,9,17,10,0,36,0,0,0,36
11/24/2011,HTS,WV,AEA,CE,Combined TRACON& Tower with Radar,4,8,3,0,15,0,0,3,0,3,4,8,6,0,18,0,0,0,18
11/25/2011,HTS,WV,AEA,CE,Combined TRACON& Tower with Radar,5,13,4,0,22,0,1,10,0,11,5,14,14,0,33,4,0,4,37
11/26/2011,HTS,WV,AEA,CE,Combined TRACON& Tower with Radar,8,9,8,0,25,0,0,12,0,12,8,9,20,0,37,0,0,0,37
11/27/2011,HTS,WV,AEA,CE,Combined TRACON& Tower with Radar,4,13,10,0,27,0,0,2,0,2,4,13,12,0,29,2,0,2,31
11/28/2011,HTS,WV,AEA,CE,Combined TRACON& Tower with Radar,3,13,4,0,20,0,0,1,0,1,3,13,5,0,21,1,0,1,22
11/29/2011,HTS,WV,AEA,CE,Combined TRACON& Tower with Radar,5,15,11,0,31,0,0,1,0,1,5,15,12,0,32,2,0,2,34
11/30/2011,HTS,WV,AEA,CE,Combined TRACON& Tower with Radar,4,17,5,0,26,0,0,2,0,2,4,17,7,0,28,0,0,0,28
12/01/2011,HTS,WV,AEA,CE,Combined TRACON& Tower with Radar,8,13,11,0,32,0,0,20,0,20,8,13,31,0,52,0,0,0,52
12/02/2011,HTS,WV,AEA,CE,Combined TRACON& Tower with Radar,4,16,6,0,26,0,0,12,2,14,4,16,18,2,40,12,0,12,52
12/03/2011,HTS,WV,AEA,CE,Combined TRACON& Tower with Radar,1,8,9,0,18,0,4,20,0,24,1,12,29,0,42,4,0,4,46
12/04/2011,HTS,WV,AEA,CE,Combined TRACON& Tower with Radar,5,14,5,0,24,0,0,6,0,6,5,14,11,0,30,0,0,0,30
12/05/2011,HTS,WV,AEA,CE,Combined TRACON& Tower with Radar,3,15,4,1,23,0,2,0,0,2,3,17,4,1,25,0,0,0,25
12/06/2011,HTS,WV,AEA,CE,Combined TRACON& Tower with Radar,2,13,12,0,27,0,0,0,0,0,2,13,12,0,27,0,0,0,27
12/07/2011,HTS,WV,AEA,CE,Combined TRACON& Tower with Radar,2,13,10,0,25,0,0,0,0,0,2,13,10,0,25,0,0,0,25
12/08/2011,HTS,WV,AEA,CE,Combined TRACON& Tower with Radar,7,14,11,0,32,0,0,16,2,18,7,14,27,2,50,0,0,0,50
12/09/2011,HTS,WV,AEA,CE,Combined TRACON& Tower with Radar,4,16,17,0,37,0,2,20,7,29,4,18,37,7,66,4,0,4,70
12/10/2011,HTS,WV,AEA,CE,Combined TRACON& Tower with Radar,1,13,4,0,18,0,0,10,0,10,1,13,14,0,28,20,0,20,48
12/11/2011,HTS,WV,AEA,CE,Combined TRACON& Tower with Radar,3,14,13,0,30,0,0,15,0,15,3,14,28,0,45,16,0,16,61
12/12/2011,HTS,WV,AEA,CE,Combined TRACON& Tower with Radar,3,12,14,0,29,0,0,3,0,3,3,12,17,0,32,14,0,14,46
12/13/2011,HTS,WV,AEA,CE,Combined TRACON& Tower with Radar,2,15,17,0,34,0,0,0,0,0,2,15,17,0,34,0,0,0,34
12/14/2011,HTS,WV,AEA,CE,Combined TRACON& Tower with Radar,2,16,15,0,33,0,3,14,0,17,2,19,29,0,50,0,0,0,50
12/15/2011,HTS,WV,AEA,CE,Combined TRACON& Tower with Radar,6,15,16,0,37,0,5,4,3,12,6,20,20,3,49,0,0,0,49
12/16/2011,HTS,WV,AEA,CE,Combined TRACON& Tower with Radar,4,18,8,0,30,0,2,5,0,7,4,20,13,0,37,6,0,6,43
12/17/2011,HTS,WV,AEA,CE,Combined TRACON& Tower with Radar,3,8,8,0,19,0,0,8,1,9,3,8,16,1,28,42,0,42,70
12/18/2011,HTS,WV,AEA,CE,Combined TRACON& Tower with Radar,4,12,8,0,24,0,2,20,0,22,4,14,28,0,46,12,0,12,58
12/19/2011,HTS,WV,AEA,CE,Combined TRACON& Tower with Radar,3,18,6,0,27,0,4,11,0,15,3,22,17,0,42,0,0,0,42
12/20/2011,HTS,WV,AEA,CE,Combined TRACON& Tower with Radar,3,25,10,0,38,0,0,8,0,8,3,25,18,0,46,0,0,0,46
12/21/2011,HTS,WV,AEA,CE,Combined TRACON& Tower with Radar,7,17,7,0,31,0,2,2,1,5,7,19,9,1,36,8,0,8,44
12/22/2011,HTS,WV,AEA,CE,Combined TRACON& Tower with Radar,8,17,12,0,37,0,0,5,0,5,8,17,17,0,42,16,0,16,58
12/23/2011,HTS,WV,AEA,CE,Combined TRACON& Tower with Radar,6,14,5,0,25,0,0,1,0,1,6,14,6,0,26,0,0,0,26
12/24/2011,HTS,WV,AEA,CE,Combined TRACON& Tower with Radar,1,8,8,0,17,0,0,6,0,6,1,8,14,0,23,0,0,0,23
12/25/2011,HTS,WV,AEA,CE,Combined TRACON& Tower with Radar,4,10,1,0,15,0,0,8,0,8,4,10,9,0,23,0,0,0,23
12/26/2011,HTS,WV,AEA,CE,Combined TRACON& Tower with Radar,2,14,13,0,29,0,0,9,0,9,2,14,22,0,38,0,0,0,38
12/27/2011,HTS,WV,AEA,CE,Combined TRACON& Tower with Radar,3,14,0,1,18,0,0,0,0,0,3,14,0,1,18,0,0,0,18
12/28/2011,HTS,WV,AEA,CE,Combined TRACON& Tower with Radar,4,12,3,0,19,0,4,8,0,12,4,16,11,0,31,10,0,10,41
12/29/2011,HTS,WV,AEA,CE,Combined TRACON& Tower with Radar,6,18,6,0,30,0,4,10,0,14,6,22,16,0,44,10,0,10,54
12/30/2011,HTS,WV,AEA,CE,Combined TRACON& Tower with Radar,7,16,4,0,27,0,0,4,0,4,7,16,8,0,31,0,0,0,31
12/31/2011,HTS,WV,AEA,CE,Combined TRACON& Tower with Radar,3,9,3,0,15,0,0,6,0,6,3,9,9,0,21,0,0,0,21
01/01/2012,HTS,WV,AEA,CE,Combined TRACON& Tower with Radar,4,10,7,0,21,0,0,5,0,5,4,10,12,0,26,0,0,0,26
01/02/2012,HTS,WV,AEA,CE,Combined TRACON& Tower with Radar,2,13,6,0,21,0,0,2,0,2,2,13,8,0,23,0,0,0,23
01/03/2012,HTS,WV,AEA,CE,Combined TRACON& Tower with Radar,3,16,5,0,24,0,0,6,0,6,3,16,11,0,30,12,0,12,42
01/04/2012,HTS,WV,AEA,CE,Combined TRACON& Tower with Radar,2,15,3,0,20,0,2,5,0,7,2,17,8,0,27,0,0,0,27
01/05/2012,HTS,WV,AEA,CE,Combined TRACON& Tower with Radar,6,21,7,0,34,0,2,12,0,14,6,23,19,0,48,2,0,2,50
01/06/2012,HTS,WV,AEA,CE,Combined TRACON& Tower with Radar,4,15,12,2,33,0,4,20,2,26,4,19,32,4,59,12,0,12,71
01/07/2012,HTS,WV,AEA,CE,Combined TRACON& Tower with Radar,1,9,6,0,16,0,2,6,0,8,1,11,12,0,24,0,0,0,24
01/08/2012,HTS,WV,AEA,CE,Combined TRACON& Tower with Radar,4,11,6,1,22,0,0,20,1,21,4,11,26,2,43,8,0,8,51
01/09/2012,HTS,WV,AEA,CE,Combined TRACON& Tower with Radar,3,13,3,0,19,0,4,9,1,14,3,17,12,1,33,4,0,4,37
01/10/2012,HTS,WV,AEA,CE,Combined TRACON& Tower with Radar,2,17,14,0,33,0,0,15,0,15,2,17,29,0,48,2,0,2,50
01/11/2012,HTS,WV,AEA,CE,Combined TRACON& Tower with Radar,2,14,21,9,46,0,2,0,0,2,2,16,21,9,48,0,18,18,66
01/12/2012,HTS,WV,AEA,CE,Combined TRACON& Tower with Radar,6,16,6,0,28,0,0,4,0,4,6,16,10,0,32,0,0,0,32
01/13/2012,HTS,WV,AEA,CE,Combined TRACON& Tower with Radar,4,14,7,0,25,0,0,0,0,0,4,14,7,0,25,0,0,0,25
01/14/2012,HTS,WV,AEA,CE,Combined TRACON& Tower with Radar,1,10,3,0,14,0,0,4,0,4,1,10,7,0,18,0,0,0,18
01/15/2012,HTS,WV,AEA,CE,Combined TRACON& Tower with Radar,4,11,4,0,19,0,1,15,0,16,4,12,19,0,35,0,0,0,35
01/16/2012,HTS,WV,AEA,CE,Combined TRACON& Tower with Radar,3,12,9,0,24,0,0,6,0,6,3,12,15,0,30,0,0,0,30
01/17/2012,HTS,WV,AEA,CE,Combined TRACON& Tower with Radar,2,15,7,0,24,0,0,0,0,0,2,15,7,0,24,0,0,0,24
01/18/2012,HTS,WV,AEA,CE,Combined TRACON& Tower with Radar,2,14,2,0,18,0,0,4,0,4,2,14,6,0,22,8,0,8,30
01/19/2012,HTS,WV,AEA,CE,Combined TRACON& Tower with Radar,6,18,7,3,34,0,0,3,5,8,6,18,10,8,42,0,0,0,42
01/20/2012,HTS,WV,AEA,CE,Combined TRACON& Tower with Radar,4,14,11,0,29,0,3,12,0,15,4,17,23,0,44,0,0,0,44
01/21/2012,HTS,WV,AEA,CE,Combined TRACON& Tower with Radar,1,9,4,0,14,0,1,0,0,1,1,10,4,0,15,0,0,0,15
01/22/2012,HTS,WV,AEA,CE,Combined TRACON& Tower with Radar,4,9,4,0,17,0,0,1,0,1,4,9,5,0,18,0,0,0,18
01/23/2012,HTS,WV,AEA,CE,Combined TRACON& Tower with Radar,3,13,9,0,25,0,0,0,2,2,3,13,9,2,27,0,0,0,27
01/24/2012,HTS,WV,AEA,CE,Combined TRACON& Tower with Radar,2,14,13,0,29,0,2,10,4,16,2,16,23,4,45,0,0,0,45
01/25/2012,HTS,WV,AEA,CE,Combined TRACON& Tower with Radar,2,14,17,0,33,0,2,3,0,5,2,16,20,0,38,0,0,0,38
01/26/2012,HTS,WV,AEA,CE,Combined TRACON& Tower with Radar,6,17,6,0,29,0,0,2,0,2,6,17,8,0,31,0,0,0,31
01/27/2012,HTS,WV,AEA,CE,Combined TRACON& Tower with Radar,4,20,7,0,31,0,0,0,0,0,4,20,7,0,31,0,0,0,31
01/28/2012,HTS,WV,AEA,CE,Combined TRACON& Tower with Radar,1,9,0,0,10,0,0,1,0,1,1,9,1,0,11,0,0,0,11
01/29/2012,HTS,WV,AEA,CE,Combined TRACON& Tower with Radar,4,14,6,0,24,0,0,7,0,7,4,14,13,0,31,0,0,0,31
01/30/2012,HTS,WV,AEA,CE,Combined TRACON& Tower with Radar,4,15,4,0,23,0,0,4,0,4,4,15,8,0,27,6,0,6,33
01/31/2012,HTS,WV,AEA,CE,Combined TRACON& Tower with Radar,2,14,11,0,27,0,1,8,0,9,2,15,19,0,36,4,0,4,40
02/01/2012,HTS,WV,AEA,CE,Combined TRACON& Tower with Radar,2,14,10,3,29,0,0,11,0,11,2,14,21,3,40,0,0,0,40
02/02/2012,HTS,WV,AEA,CE,Combined TRACON& Tower with Radar,6,18,14,0,38,0,2,16,1,19,6,20,30,1,57,30,0,30,87
02/03/2012,HTS,WV,AEA,CE,Combined TRACON& Tower with Radar,4,16,17,0,37,0,0,20,0,20,4,16,37,0,57,22,0,22,79
02/04/2012,HTS,WV,AEA,CE,Combined TRACON& Tower with Radar,1,9,21,0,31,0,0,0,0,0,1,9,21,0,31,0,0,0,31
02/05/2012,HTS,WV,AEA,CE,Combined TRACON& Tower with Radar,4,11,6,0,21,0,0,2,0,2,4,11,8,0,23,0,0,0,23
02/06/2012,HTS,WV,AEA,CE,Combined TRACON& Tower with Radar,3,14,13,0,30,0,2,14,0,16,3,16,27,0,46,0,0,0,46
02/07/2012,HTS,WV,AEA,CE,Combined TRACON& Tower with Radar,2,16,19,0,37,0,1,20,0,21,2,17,39,0,58,0,0,0,58
02/08/2012,HTS,WV,AEA,CE,Combined TRACON& Tower with Radar,3,13,7,2,25,0,0,0,0,0,3,13,7,2,25,0,0,0,25
02/09/2012,HTS,WV,AEA,CE,Combined TRACON& Tower with Radar,5,15,12,0,32,0,0,10,4,14,5,15,22,4,46,27,0,27,73
02/10/2012,HTS,WV,AEA,CE,Combined TRACON& Tower with Radar,5,14,5,0,24,0,0,2,0,2,5,14,7,0,26,0,0,0,26
02/11/2012,HTS,WV,AEA,CE,Combined TRACON& Tower with Radar,2,9,0,0,11,0,0,0,0,0,2,9,0,0,11,0,0,0,11
02/12/2012,HTS,WV,AEA,CE,Combined TRACON& Tower with Radar,4,12,5,0,21,0,2,12,0,14,4,14,17,0,35,0,0,0,35
02/13/2012,HTS,WV,AEA,CE,Combined TRACON& Tower with Radar,3,16,17,0,36,0,0,26,0,26,3,16,43,0,62,14,0,14,76
02/14/2012,HTS,WV,AEA,CE,Combined TRACON& Tower with Radar,2,17,6,0,25,0,0,0,0,0,2,17,6,0,25,0,0,0,25
02/15/2012,HTS,WV,AEA,CE,Combined TRACON& Tower with Radar,4,14,9,1,28,0,0,8,2,10,4,14,17,3,38,24,0,24,62
02/16/2012,HTS,WV,AEA,CE,Combined TRACON& Tower with Radar,8,13,12,0,33,0,0,1,0,1,8,13,13,0,34,0,0,0,34
02/17/2012,HTS,WV,AEA,CE,Combined TRACON& Tower with Radar,4,13,16,0,33,0,0,16,0,16,4,13,32,0,49,4,0,4,53
02/18/2012,HTS,WV,AEA,CE,Combined TRACON& Tower with Radar,1,9,10,0,20,0,2,16,0,18,1,11,26,0,38,8,0,8,46
02/19/2012,HTS,WV,AEA,CE,Combined TRACON& Tower with Radar,4,9,2,0,15,0,0,1,0,1,4,9,3,0,16,6,0,6,22
02/20/2012,HTS,WV,AEA,CE,Combined TRACON& Tower with Radar,3,14,17,0,34,0,0,27,4,31,3,14,44,4,65,28,0,28,93
02/21/2012,HTS,WV,AEA,CE,Combined TRACON& Tower with Radar,2,14,7,0,23,0,0,7,0,7,2,14,14,0,30,0,0,0,30
02/22/2012,HTS,WV,AEA,CE,Combined TRACON& Tower with Radar,2,18,10,0,30,0,2,3,0,5,2,20,13,0,35,0,0,0,35
02/23/2012,HTS,WV,AEA,CE,Combined TRACON& Tower with Radar,5,13,21,2,41,0,0,7,1,8,5,13,28,3,49,18,0,18,67
02/24/2012,HTS,WV,AEA,CE,Combined TRACON& Tower with Radar,6,17,0,0,23,0,0,0,0,0,6,17,0,0,23,0,0,0,23
02/25/2012,HTS,WV,AEA,CE,Combined TRACON& Tower with Radar,3,12,4,0,19,0,0,0,2,2,3,12,4,2,21,0,0,0,21
02/26/2012,HTS,WV,AEA,CE,Combined TRACON& Tower with Radar,4,11,9,0,24,0,2,32,0,34,4,13,41,0,58,34,0,34,92
02/27/2012,HTS,WV,AEA,CE,Combined TRACON& Tower with Radar,5,16,12,0,33,0,1,16,0,17,5,17,28,0,50,8,0,8,58
02/28/2012,HTS,WV,AEA,CE,Combined TRACON& Tower with Radar,2,12,20,0,34,0,1,15,0,16,2,13,35,0,50,18,0,18,68
02/29/2012,HTS,WV,AEA,CE,Combined TRACON& Tower with Radar,2,15,2,0,19,0,2,0,0,2,2,17,2,0,21,0,0,0,21
03/01/2012,HTS,WV,AEA,CE,Combined TRACON& Tower with Radar,6,15,13,0,34,0,2,16,4,22,6,17,29,4,56,4,0,4,60
03/02/2012,HTS,WV,AEA,CE,Combined TRACON& Tower with Radar,4,15,6,0,25,0,2,3,0,5,4,17,9,0,30,0,0,0,30
03/03/2012,HTS,WV,AEA,CE,Combined TRACON& Tower with Radar,1,10,0,0,11,0,4,3,0,7,1,14,3,0,18,0,0,0,18
03/04/2012,HTS,WV,AEA,CE,Combined TRACON& Tower with Radar,4,13,7,2,26,0,2,8,2,12,4,15,15,4,38,0,0,0,38
03/05/2012,HTS,WV,AEA,CE,Combined TRACON& Tower with Radar,2,17,1,0,20,0,0,7,0,7,2,17,8,0,27,0,0,0,27
03/06/2012,HTS,WV,AEA,CE,Combined TRACON& Tower with Radar,2,15,10,0,27,0,0,19,2,21,2,15,29,2,48,12,0,12,60
03/07/2012,HTS,WV,AEA,CE,Combined TRACON& Tower with Radar,2,17,9,0,28,0,0,10,0,10,2,17,19,0,38,0,0,0,38
03/08/2012,HTS,WV,AEA,CE,Combined TRACON& Tower with Radar,6,16,7,0,29,0,0,4,0,4,6,16,11,0,33,0,0,0,33
03/09/2012,HTS,WV,AEA,CE,Combined TRACON& Tower with Radar,4,14,12,0,30,0,0,6,0,6,4,14,18,0,36,0,0,0,36
03/10/2012,HTS,WV,AEA,CE,Combined TRACON& Tower with Radar,1,8,7,0,16,0,4,28,2,34,1,12,35,2,50,26,0,26,76
03/11/2012,HTS,WV,AEA,CE,Combined TRACON& Tower with Radar,4,13,13,0,30,0,1,30,0,31,4,14,43,0,61,14,0,14,75
03/12/2012,HTS,WV,AEA,CE,Combined TRACON& Tower with Radar,3,14,5,2,24,0,0,9,0,9,3,14,14,2,33,14,0,14,47
03/13/2012,HTS,WV,AEA,CE,Combined TRACON& Tower with Radar,2,14,5,8,29,0,0,9,2,11,2,14,14,10,40,0,20,20,60
03/14/2012,HTS,WV,AEA,CE,Combined TRACON& Tower with Radar,4,14,19,0,37,0,2,18,0,20,4,16,37,0,57,2,0,2,59
03/15/2012,HTS,WV,AEA,CE,Combined TRACON& Tower with Radar,6,13,4,0,23,0,0,4,0,4,6,13,8,0,27,0,0,0,27
03/16/2012,HTS,WV,AEA,CE,Combined TRACON& Tower with Radar,4,21,15,0,40,0,0,7,0,7,4,21,22,0,47,12,0,12,59
03/17/2012,HTS,WV,AEA,CE,Combined TRACON& Tower with Radar,1,11,2,0,14,0,1,15,0,16,1,12,17,0,30,0,0,0,30
03/18/2012,HTS,WV,AEA,CE,Combined TRACON& Tower with Radar,4,11,0,0,15,0,0,8,0,8,4,11,8,0,23,0,0,0,23
03/19/2012,HTS,WV,AEA,CE,Combined TRACON& Tower with Radar,3,18,21,0,42,0,1,10,2,13,3,19,31,2,55,0,0,0,55
03/20/2012,HTS,WV,AEA,CE,Combined TRACON& Tower with Radar,4,15,7,0,26,0,2,23,0,25,4,17,30,0,51,30,0,30,81
03/21/2012,HTS,WV,AEA,CE,Combined TRACON& Tower with Radar,7,20,14,0,41,0,0,14,0,14,7,20,28,0,55,8,0,8,63
03/22/2012,HTS,WV,AEA,CE,Combined TRACON& Tower with Radar,4,17,15,4,40,0,2,20,2,24,4,19,35,6,64,4,0,4,68
03/23/2012,HTS,WV,AEA,CE,Combined TRACON& Tower with Radar,4,14,15,0,33,0,0,3,1,4,4,14,18,1,37,0,0,0,37
03/24/2012,HTS,WV,AEA,CE,Combined TRACON& Tower with Radar,4,8,5,3,20,0,0,12,0,12,4,8,17,3,32,12,0,12,44
03/25/2012,HTS,WV,AEA,CE,Combined TRACON& Tower with Radar,4,12,8,0,24,0,0,5,0,5,4,12,13,0,29,0,0,0,29
03/26/2012,HTS,WV,AEA,CE,Combined TRACON& Tower with Radar,3,16,9,0,28,0,4,8,0,12,3,20,17,0,40,8,0,8,48
03/27/2012,HTS,WV,AEA,CE,Combined TRACON& Tower with Radar,4,13,24,0,41,0,0,19,0,19,4,13,43,0,60,22,0,22,82
03/28/2012,HTS,WV,AEA,CE,Combined TRACON& Tower with Radar,3,15,11,0,29,0,6,10,0,16,3,21,21,0,45,0,0,0,45
03/29/2012,HTS,WV,AEA,CE,Combined TRACON& Tower with Radar,7,14,9,0,30,0,0,37,0,37,7,14,46,0,67,31,0,31,98
03/30/2012,HTS,WV,AEA,CE,Combined TRACON& Tower with Radar,4,14,9,0,27,0,2,3,2,7,4,16,12,2,34,0,0,0,34
03/31/2012,HTS,WV,AEA,CE,Combined TRACON& Tower with Radar,3,7,8,0,18,0,0,3,0,3,3,7,11,0,21,0,0,0,21
04/01/2012,HTS,WV,AEA,CE,Combined TRACON& Tower with Radar,4,12,6,0,22,0,1,12,0,13,4,13,18,0,35,6,0,6,41
04/02/2012,HTS,WV,AEA,CE,Combined TRACON& Tower with Radar,5,12,12,0,29,0,4,16,0,20,5,16,28,0,49,0,0,0,49
04/03/2012,HTS,WV,AEA,CE,Combined TRACON& Tower with Radar,4,19,19,0,42,0,1,13,0,14,4,20,32,0,56,12,0,12,68
04/04/2012,HTS,WV,AEA,CE,Combined TRACON& Tower with Radar,2,12,11,0,25,0,2,6,0,8,2,14,17,0,33,18,0,18,51
04/05/2012,HTS,WV,AEA,CE,Combined TRACON& Tower with Radar,6,13,15,0,34,0,0,16,0,16,6,13,31,0,50,0,0,0,50
04/06/2012,HTS,WV,AEA,CE,Combined TRACON& Tower with Radar,6,12,8,0,26,0,0,9,0,9,6,12,17,0,35,16,0,16,51
04/07/2012,HTS,WV,AEA,CE,Combined TRACON& Tower with Radar,1,8,4,0,13,0,2,16,0,18,1,10,20,0,31,0,0,0,31
04/08/2012,HTS,WV,AEA,CE,Combined TRACON& Tower with Radar,4,12,5,0,21,0,0,0,0,0,4,12,5,0,21,0,0,0,21
04/09/2012,HTS,WV,AEA,CE,Combined TRACON& Tower with Radar,3,17,16,1,37,0,0,1,1,2,3,17,17,2,39,0,0,0,39
04/10/2012,HTS,WV,AEA,CE,Combined TRACON& Tower with Radar,4,14,0,0,18,0,0,7,0,7,4,14,7,0,25,0,0,0,25
04/11/2012,HTS,WV,AEA,CE,Combined TRACON& Tower with Radar,2,14,12,0,28,0,2,6,3,11,2,16,18,3,39,0,0,0,39
04/12/2012,HTS,WV,AEA,CE,Combined TRACON& Tower with Radar,6,14,19,2,41,0,0,12,5,17,6,14,31,7,58,30,0,30,88
04/13/2012,HTS,WV,AEA,CE,Combined TRACON& Tower with Radar,4,14,16,0,34,0,3,8,2,13,4,17,24,2,47,38,0,38,85
04/14/2012,HTS,WV,AEA,CE,Combined TRACON& Tower with Radar,1,8,8,0,17,0,0,4,0,4,1,8,12,0,21,12,0,12,33
04/15/2012,HTS,WV,AEA,CE,Combined TRACON& Tower with Radar,4,13,8,2,27,0,2,8,0,10,4,15,16,2,37,0,0,0,37
04/16/2012,HTS,WV,AEA,CE,Combined TRACON& Tower with Radar,3,16,6,2,27,0,3,2,0,5,3,19,8,2,32,0,0,0,32
04/17/2012,HTS,WV,AEA,CE,Combined TRACON& Tower with Radar,2,14,8,0,24,0,2,8,0,10,2,16,16,0,34,0,0,0,34
04/18/2012,HTS,WV,AEA,CE,Combined TRACON& Tower with Radar,2,16,20,0,38,0,0,10,6,16,2,16,30,6,54,0,0,0,54
04/19/2012,HTS,WV,AEA,CE,Combined TRACON& Tower with Radar,6,14,14,2,36,0,0,16,2,18,6,14,30,4,54,16,0,16,70
04/20/2012,HTS,WV,AEA,CE,Combined TRACON& Tower with Radar,4,14,10,0,28,0,4,18,0,22,4,18,28,0,50,0,0,0,50
04/21/2012,HTS,WV,AEA,CE,Combined TRACON& Tower with Radar,1,8,15,0,24,0,0,0,0,0,1,8,15,0,24,0,0,0,24
04/22/2012,HTS,WV,AEA,CE,Combined TRACON& Tower with Radar,5,12,8,4,29,0,0,4,0,4,5,12,12,4,33,0,0,0,33
04/23/2012,HTS,WV,AEA,CE,Combined TRACON& Tower with Radar,3,15,6,0,24,0,0,3,0,3,3,15,9,0,27,2,0,2,29
04/24/2012,HTS,WV,AEA,CE,Combined TRACON& Tower with Radar,2,20,12,0,34,0,0,5,0,5,2,20,17,0,39,0,0,0,39
04/25/2012,HTS,WV,AEA,CE,Combined TRACON& Tower with Radar,4,14,7,0,25,0,0,6,0,6,4,14,13,0,31,4,0,4,35
04/26/2012,HTS,WV,AEA,CE,Combined TRACON& Tower with Radar,7,17,14,0,38,0,0,1,0,1,7,17,15,0,39,0,0,0,39
04/27/2012,HTS,WV,AEA,CE,Combined TRACON& Tower with Radar,5,16,10,0,31,0,0,8,0,8,5,16,18,0,39,0,0,0,39
04/28/2012,HTS,WV,AEA,CE,Combined TRACON& Tower with Radar,1,8,2,0,11,0,2,1,0,3,1,10,3,0,14,0,0,0,14
04/29/2012,HTS,WV,AEA,CE,Combined TRACON& Tower with Radar,3,10,5,0,18,0,0,8,0,8,3,10,13,0,26,0,0,0,26
04/30/2012,HTS,WV,AEA,CE,Combined TRACON& Tower with Radar,5,16,7,0,28,0,6,4,1,11,5,22,11,1,39,0,0,0,39
05/01/2012,HTS,WV,AEA,CE,Combined TRACON& Tower with Radar,2,14,14,0,30,0,2,10,0,12,2,16,24,0,42,28,0,28,70
05/02/2012,HTS,WV,AEA,CE,Combined TRACON& Tower with Radar,5,14,7,0,26,0,4,13,0,17,5,18,20,0,43,16,0,16,59
05/03/2012,HTS,WV,AEA,CE,Combined TRACON& Tower with Radar,6,12,7,0,25,0,2,11,1,14,6,14,18,1,39,0,0,0,39
05/04/2012,HTS,WV,AEA,CE,Combined TRACON& Tower with Radar,6,17,11,1,35,0,0,2,1,3,6,17,13,2,38,0,0,0,38
05/05/2012,HTS,WV,AEA,CE,Combined TRACON& Tower with Radar,1,7,4,0,12,0,0,0,0,0,1,7,4,0,12,0,0,0,12
05/06/2012,HTS,WV,AEA,CE,Combined TRACON& Tower with Radar,4,11,3,0,18,0,0,3,0,3,4,11,6,0,21,0,0,0,21
05/07/2012,HTS,WV,AEA,CE,Combined TRACON& Tower with Radar,5,11,13,0,29,0,0,11,0,11,5,11,24,0,40,0,0,0,40
05/08/2012,HTS,WV,AEA,CE,Combined TRACON& Tower with Radar,2,14,13,1,30,0,1,4,0,5,2,15,17,1,35,0,0,0,35
05/09/2012,HTS,WV,AEA,CE,Combined TRACON& Tower with Radar,4,14,12,2,32,0,0,18,3,21,4,14,30,5,53,6,0,6,59
05/10/2012,HTS,WV,AEA,CE,Combined TRACON& Tower with Radar,8,15,13,0,36,0,0,8,5,13,8,15,21,5,49,1,3,4,53
05/11/2012,HTS,WV,AEA,CE,Combined TRACON& Tower with Radar,6,14,15,2,37,0,0,14,0,14,6,14,29,2,51,12,0,12,63
05/12/2012,HTS,WV,AEA,CE,Combined TRACON& Tower with Radar,1,5,15,0,21,0,1,19,2,22,1,6,34,2,43,8,0,8,51
05/13/2012,HTS,WV,AEA,CE,Combined TRACON& Tower with Radar,4,9,2,0,15,0,0,0,0,0,4,9,2,0,15,0,0,0,15
05/14/2012,HTS,WV,AEA,CE,Combined TRACON& Tower with Radar,4,16,4,0,24,0,0,0,0,0,4,16,4,0,24,0,0,0,24
05/15/2012,HTS,WV,AEA,CE,Combined TRACON& Tower with Radar,3,12,28,6,49,0,0,11,2,13,3,12,39,8,62,16,0,16,78
05/16/2012,HTS,WV,AEA,CE,Combined TRACON& Tower with Radar,2,16,25,13,56,0,3,13,0,16,2,19,38,13,72,0,18,18,90
05/17/2012,HTS,WV,AEA,CE,Combined TRACON& Tower with Radar,2,12,13,0,27,0,2,13,1,16,2,14,26,1,43,24,0,24,67
05/18/2012,HTS,WV,AEA,CE,Combined TRACON& Tower with Radar,10,13,10,2,35,0,8,15,2,25,10,21,25,4,60,0,0,0,60
05/19/2012,HTS,WV,AEA,CE,Combined TRACON& Tower with Radar,1,9,9,0,19,0,0,13,0,13,1,9,22,0,32,2,0,2,34
05/20/2012,HTS,WV,AEA,CE,Combined TRACON& Tower with Radar,0,9,7,0,16,0,2,18,0,20,0,11,25,0,36,4,0,4,40
05/21/2012,HTS,WV,AEA,CE,Combined TRACON& Tower with Radar,11,12,9,0,32,0,2,4,0,6,11,14,13,0,38,0,0,0,38
05/22/2012,HTS,WV,AEA,CE,Combined TRACON& Tower with Radar,2,12,6,0,20,0,0,0,0,0,2,12,6,0,20,0,0,0,20
05/23/2012,HTS,WV,AEA,CE,Combined TRACON& Tower with Radar,8,15,16,0,39,0,2,6,2,10,8,17,22,2,49,4,28,32,81
05/24/2012,HTS,WV,AEA,CE,Combined TRACON& Tower with Radar,2,13,30,0,45,0,0,12,2,14,2,13,42,2,59,6,0,6,65
05/25/2012,HTS,WV,AEA,CE,Combined TRACON& Tower with Radar,10,11,9,0,30,0,0,13,0,13,10,11,22,0,43,10,0,10,53
05/26/2012,HTS,WV,AEA,CE,Combined TRACON& Tower with Radar,5,7,8,0,20,0,0,9,1,10,5,7,17,1,30,4,0,4,34
05/27/2012,HTS,WV,AEA,CE,Combined TRACON& Tower with Radar,0,9,7,1,17,0,2,5,0,7,0,11,12,1,24,4,0,4,28
05/28/2012,HTS,WV,AEA,CE,Combined TRACON& Tower with Radar,8,11,3,0,22,0,2,4,0,6,8,13,7,0,28,0,0,0,28
05/29/2012,HTS,WV,AEA,CE,Combined TRACON& Tower with Radar,1,12,5,0,18,0,0,7,0,7,1,12,12,0,25,0,0,0,25
05/30/2012,HTS,WV,AEA,CE,Combined TRACON& Tower with Radar,9,12,19,0,40,0,2,15,2,19,9,14,34,2,59,2,0,2,61
05/31/2012,HTS,WV,AEA,CE,Combined TRACON& Tower with Radar,2,10,18,0,30,0,1,11,0,12,2,11,29,0,42,10,0,10,52
06/01/2012,HTS,WV,AEA,CE,Combined TRACON& Tower with Radar,11,9,1,2,23,0,0,1,0,1,11,9,2,2,24,0,0,0,24
06/02/2012,HTS,WV,AEA,CE,Combined TRACON& Tower with Radar,0,0,1,0,1,0,0,5,0,5,0,0,6,0,6,0,0,0,6
06/03/2012,HTS,WV,AEA,CE,Combined TRACON& Tower with Radar,0,0,0,0,0,0,2,2,0,4,0,2,2,0,4,0,0,0,4
06/04/2012,HTS,WV,AEA,CE,Combined TRACON& Tower with Radar,8,8,10,2,28,0,0,8,1,9,8,8,18,3,37,1,0,1,38
06/05/2012,HTS,WV,AEA,CE,Combined TRACON& Tower with Radar,4,12,10,0,26,0,2,16,0,18,4,14,26,0,44,2,0,2,46
06/06/2012,HTS,WV,AEA,CE,Combined TRACON& Tower with Radar,8,11,8,2,29,0,4,7,2,13,8,15,15,4,42,12,0,12,54
06/07/2012,HTS,WV,AEA,CE,Combined TRACON& Tower with Radar,2,17,9,0,28,0,0,17,0,17,2,17,26,0,45,32,0,32,77
06/08/2012,HTS,WV,AEA,CE,Combined TRACON& Tower with Radar,8,12,13,0,33,0,1,9,0,10,8,13,22,0,43,0,0,0,43
06/09/2012,HTS,WV,AEA,CE,Combined TRACON& Tower with Radar,10,9,19,0,38,0,3,14,6,23,10,12,33,6,61,0,0,0,61
06/10/2012,HTS,WV,AEA,CE,Combined TRACON& Tower with Radar,0,5,5,0,10,0,1,24,2,27,0,6,29,2,37,0,0,0,37
06/11/2012,HTS,WV,AEA,CE,Combined TRACON& Tower with Radar,8,9,4,1,22,0,4,0,5,9,8,13,4,6,31,0,0,0,31
06/12/2012,HTS,WV,AEA,CE,Combined TRACON& Tower with Radar,3,12,6,0,21,0,0,2,2,4,3,12,8,2,25,0,0,0,25
06/13/2012,HTS,WV,AEA,CE,Combined TRACON& Tower with Radar,8,11,7,0,26,0,1,9,7,17,8,12,16,7,43,4,0,4,47
06/14/2012,HTS,WV,AEA,CE,Combined TRACON& Tower with Radar,2,11,12,0,25,0,5,21,4,30,2,16,33,4,55,30,0,30,85
06/15/2012,HTS,WV,AEA,CE,Combined TRACON& Tower with Radar,10,11,11,0,32,0,2,11,2,15,10,13,22,2,47,8,0,8,55
06/16/2012,HTS,WV,AEA,CE,Combined TRACON& Tower with Radar,7,8,8,0,23,0,0,11,0,11,7,8,19,0,34,10,0,10,44
06/17/2012,HTS,WV,AEA,CE,Combined TRACON& Tower with Radar,0,8,4,0,12,0,0,1,2,3,0,8,5,2,15,0,0,0,15
06/18/2012,HTS,WV,AEA,CE,Combined TRACON& Tower with Radar,10,10,10,0,30,0,2,7,0,9,10,12,17,0,39,0,0,0,39
06/19/2012,HTS,WV,AEA,CE,Combined TRACON& Tower with Radar,2,14,13,0,29,0,0,2,5,7,2,14,15,5,36,0,0,0,36
06/20/2012,HTS,WV,AEA,CE,Combined TRACON& Tower with Radar,11,11,13,0,35,0,5,10,0,15,11,16,23,0,50,12,0,12,62
06/21/2012,HTS,WV,AEA,CE,Combined TRACON& Tower with Radar,2,16,9,0,27,0,2,14,2,18,2,18,23,2,45,28,0,28,73
06/22/2012,HTS,WV,AEA,CE,Combined TRACON& Tower with Radar,10,12,4,0,26,0,0,9,0,9,10,12,13,0,35,6,0,6,41
06/23/2012,HTS,WV,AEA,CE,Combined TRACON& Tower with Radar,7,14,7,0,28,0,4,21,0,25,7,18,28,0,53,16,0,16,69
06/24/2012,HTS,WV,AEA,CE,Combined TRACON& Tower with Radar,0,11,6,0,17,0,6,14,0,20,0,17,20,0,37,26,0,26,63
06/25/2012,HTS,WV,AEA,CE,Combined TRACON& Tower with Radar,9,11,12,0,32,0,0,3,0,3,9,11,15,0,35,0,0,0,35
06/26/2012,HTS,WV,AEA,CE,Combined TRACON& Tower with Radar,2,14,12,0,28,0,0,20,4,24,2,14,32,4,52,33,0,33,85
06/27/2012,HTS,WV,AEA,CE,Combined TRACON& Tower with Radar,8,10,3,15,36,0,0,15,0,15,8,10,18,15,51,10,0,10,61
06/28/2012,HTS,WV,AEA,CE,Combined TRACON& Tower with Radar,2,12,8,3,25,0,4,11,5,20,2,16,19,8,45,6,0,6,51
06/29/2012,HTS,WV,AEA,CE,Combined TRACON& Tower with Radar,10,11,14,1,36,0,2,14,0,16,10,13,28,1,52,6,0,6,58
06/30/2012,HTS,WV,AEA,CE,Combined TRACON& Tower with Radar,8,10,7,0,25,0,1,23,0,24,8,11,30,0,49,0,0,0,49
07/01/2012,HTS,WV,AEA,CE,Combined TRACON& Tower with Radar,0,6,4,0,10,0,4,7,0,11,0,10,11,0,21,0,0,0,21
07/02/2012,HTS,WV,AEA,CE,Combined TRACON& Tower with Radar,9,10,12,0,31,0,1,11,1,13,9,11,23,1,44,0,0,0,44
07/03/2012,HTS,WV,AEA,CE,Combined TRACON& Tower with Radar,2,12,6,0,20,0,0,11,0,11,2,12,17,0,31,10,0,10,41
07/04/2012,HTS,WV,AEA,CE,Combined TRACON& Tower with Radar,6,8,6,0,20,0,0,17,0,17,6,8,23,0,37,0,0,0,37
07/05/2012,HTS,WV,AEA,CE,Combined TRACON& Tower with Radar,2,9,8,0,19,0,2,6,1,9,2,11,14,1,28,0,0,0,28
07/06/2012,HTS,WV,AEA,CE,Combined TRACON& Tower with Radar,11,11,4,0,26,0,0,11,2,13,11,11,15,2,39,0,0,0,39
07/07/2012,HTS,WV,AEA,CE,Combined TRACON& Tower with Radar,7,6,5,0,18,0,4,7,0,11,7,10,12,0,29,0,0,0,29
07/08/2012,HTS,WV,AEA,CE,Combined TRACON& Tower with Radar,0,5,1,0,6,0,3,6,0,9,0,8,7,0,15,0,0,0,15
07/09/2012,HTS,WV,AEA,CE,Combined TRACON& Tower with Radar,10,10,4,0,24,0,1,7,0,8,10,11,11,0,32,0,0,0,32
07/10/2012,HTS,WV,AEA,CE,Combined TRACON& Tower with Radar,2,12,6,0,20,0,4,13,0,17,2,16,19,0,37,8,0,8,45
07/11/2012,HTS,WV,AEA,CE,Combined TRACON& Tower with Radar,8,14,6,0,28,0,0,8,0,8,8,14,14,0,36,0,0,0,36
07/12/2012,HTS,WV,AEA,CE,Combined TRACON& Tower with Radar,2,10,8,0,20,0,0,11,2,13,2,10,19,2,33,0,0,0,33
07/13/2012,HTS,WV,AEA,CE,Combined TRACON& Tower with Radar,12,11,4,0,27,0,0,0,0,0,12,11,4,0,27,0,0,0,27
07/14/2012,HTS,WV,AEA,CE,Combined TRACON& Tower with Radar,11,8,10,0,29,0,0,8,2,10,11,8,18,2,39,0,0,0,39
07/15/2012,HTS,WV,AEA,CE,Combined TRACON& Tower with Radar,0,8,7,0,15,0,0,0,0,0,0,8,7,0,15,0,0,0,15
07/16/2012,HTS,WV,AEA,CE,Combined TRACON& Tower with Radar,9,15,6,4,34,0,1,4,1,6,9,16,10,5,40,0,0,0,40
07/17/2012,HTS,WV,AEA,CE,Combined TRACON& Tower with Radar,2,12,15,0,29,0,0,1,0,1,2,12,16,0,30,0,0,0,30
07/18/2012,HTS,WV,AEA,CE,Combined TRACON& Tower with Radar,8,14,10,1,33,0,0,3,2,5,8,14,13,3,38,0,0,0,38
07/19/2012,HTS,WV,AEA,CE,Combined TRACON& Tower with Radar,2,15,6,0,23,0,0,11,0,11,2,15,17,0,34,0,0,0,34
07/20/2012,HTS,WV,AEA,CE,Combined TRACON& Tower with Radar,10,12,17,0,39,0,0,1,0,1,10,12,18,0,40,0,0,0,40
07/21/2012,HTS,WV,AEA,CE,Combined TRACON& Tower with Radar,7,12,11,0,30,0,4,15,0,19,7,16,26,0,49,18,0,18,67
07/22/2012,HTS,WV,AEA,CE,Combined TRACON& Tower with Radar,0,8,9,0,17,0,0,5,0,5,0,8,14,0,22,0,0,0,22
07/23/2012,HTS,WV,AEA,CE,Combined TRACON& Tower with Radar,10,10,7,1,28,0,1,13,2,16,10,11,20,3,44,10,0,10,54
07/24/2012,HTS,WV,AEA,CE,Combined TRACON& Tower with Radar,2,9,6,0,17,0,0,1,2,3,2,9,7,2,20,0,0,0,20
07/25/2012,HTS,WV,AEA,CE,Combined TRACON& Tower with Radar,9,11,16,0,36,0,4,8,0,12,9,15,24,0,48,0,0,0,48
07/26/2012,HTS,WV,AEA,CE,Combined TRACON& Tower with Radar,2,9,12,2,25,0,3,7,0,10,2,12,19,2,35,0,0,0,35
07/27/2012,HTS,WV,AEA,CE,Combined TRACON& Tower with Radar,10,9,16,0,35,0,1,3,0,4,10,10,19,0,39,0,0,0,39
07/28/2012,HTS,WV,AEA,CE,Combined TRACON& Tower with Radar,7,7,4,0,18,0,0,16,1,17,7,7,20,1,35,0,0,0,35
07/29/2012,HTS,WV,AEA,CE,Combined TRACON& Tower with Radar,0,8,8,0,16,0,0,6,0,6,0,8,14,0,22,0,0,0,22
07/30/2012,HTS,WV,AEA,CE,Combined TRACON& Tower with Radar,4,12,13,0,29,0,3,18,2,23,4,15,31,2,52,4,0,4,56
07/31/2012,HTS,WV,AEA,CE,Combined TRACON& Tower with Radar,7,11,9,0,27,0,0,10,0,10,7,11,19,0,37,0,0,0,37
08/01/2012,HTS,WV,AEA,CE,Combined TRACON& Tower with Radar,6,14,27,0,47,0,0,10,0,10,6,14,37,0,57,0,0,0,57
08/02/2012,HTS,WV,AEA,CE,Combined TRACON& Tower with Radar,2,11,10,0,23,0,5,18,0,23,2,16,28,0,46,16,0,16,62
08/03/2012,HTS,WV,AEA,CE,Combined TRACON& Tower with Radar,8,13,9,0,30,0,0,3,0,3,8,13,12,0,33,0,0,0,33
08/04/2012,HTS,WV,AEA,CE,Combined TRACON& Tower with Radar,7,6,6,0,19,0,2,0,0,2,7,8,6,0,21,0,0,0,21
08/05/2012,HTS,WV,AEA,CE,Combined TRACON& Tower with Radar,0,9,7,0,16,0,0,24,0,24,0,9,31,0,40,12,0,12,52
08/06/2012,HTS,WV,AEA,CE,Combined TRACON& Tower with Radar,10,9,10,0,29,0,2,10,0,12,10,11,20,0,41,0,0,0,41
08/07/2012,HTS,WV,AEA,CE,Combined TRACON& Tower with Radar,2,13,11,2,28,0,7,21,0,28,2,20,32,2,56,12,0,12,68
08/08/2012,HTS,WV,AEA,CE,Combined TRACON& Tower with Radar,6,11,21,4,42,0,3,10,5,18,6,14,31,9,60,0,12,12,72
08/09/2012,HTS,WV,AEA,CE,Combined TRACON& Tower with Radar,2,13,10,0,25,0,0,9,0,9,2,13,19,0,34,0,0,0,34
08/10/2012,HTS,WV,AEA,CE,Combined TRACON& Tower with Radar,10,11,8,0,29,0,0,1,2,3,10,11,9,2,32,0,0,0,32
08/11/2012,HTS,WV,AEA,CE,Combined TRACON& Tower with Radar,5,6,5,0,16,0,0,12,0,12,5,6,17,0,28,0,0,0,28
08/12/2012,HTS,WV,AEA,CE,Combined TRACON& Tower with Radar,0,9,8,0,17,0,0,19,0,19,0,9,27,0,36,26,0,26,62
08/13/2012,HTS,WV,AEA,CE,Combined TRACON& Tower with Radar,7,13,3,10,33,0,0,7,4,11,7,13,10,14,44,0,0,0,44
08/14/2012,HTS,WV,AEA,CE,Combined TRACON& Tower with Radar,4,12,7,0,23,0,0,5,0,5,4,12,12,0,28,0,0,0,28
08/15/2012,HTS,WV,AEA,CE,Combined TRACON& Tower with Radar,4,12,9,0,25,0,0,9,1,10,4,12,18,1,35,0,0,0,35
08/16/2012,HTS,WV,AEA,CE,Combined TRACON& Tower with Radar,2,18,12,0,32,0,0,8,3,11,2,18,20,3,43,12,0,12,55
08/17/2012,HTS,WV,AEA,CE,Combined TRACON& Tower with Radar,10,11,10,0,31,0,0,1,0,1,10,11,11,0,32,0,0,0,32
08/18/2012,HTS,WV,AEA,CE,Combined TRACON& Tower with Radar,3,6,8,0,17,0,2,14,0,16,3,8,22,0,33,0,0,0,33
08/19/2012,HTS,WV,AEA,CE,Combined TRACON& Tower with Radar,0,8,10,0,18,0,0,8,0,8,0,8,18,0,26,20,0,20,46
08/20/2012,HTS,WV,AEA,CE,Combined TRACON& Tower with Radar,9,10,4,1,24,0,0,5,1,6,9,10,9,2,30,0,0,0,30
08/21/2012,HTS,WV,AEA,CE,Combined TRACON& Tower with Radar,2,10,14,0,26,0,4,11,0,15,2,14,25,0,41,0,0,0,41
08/22/2012,HTS,WV,AEA,CE,Combined TRACON& Tower with Radar,4,15,8,0,27,0,3,6,2,11,4,18,14,2,38,18,0,18,56
08/23/2012,HTS,WV,AEA,CE,Combined TRACON& Tower with Radar,1,10,9,0,20,0,0,12,0,12,1,10,21,0,32,24,0,24,56
08/24/2012,HTS,WV,AEA,CE,Combined TRACON& Tower with Radar,10,10,10,0,30,0,0,7,2,9,10,10,17,2,39,0,0,0,39
08/25/2012,HTS,WV,AEA,CE,Combined TRACON& Tower with Radar,3,8,8,0,19,0,0,11,0,11,3,8,19,0,30,14,0,14,44
08/26/2012,HTS,WV,AEA,CE,Combined TRACON& Tower with Radar,0,8,7,0,15,0,0,10,2,12,0,8,17,2,27,38,0,38,65
08/27/2012,HTS,WV,AEA,CE,Combined TRACON& Tower with Radar,10,10,11,5,36,0,2,13,0,15,10,12,24,5,51,28,0,28,79
08/28/2012,HTS,WV,AEA,CE,Combined TRACON& Tower with Radar,2,10,10,7,29,0,0,5,0,5,2,10,15,7,34,38,42,80,114
08/29/2012,HTS,WV,AEA,CE,Combined TRACON& Tower with Radar,4,11,10,6,31,0,2,13,2,17,4,13,23,8,48,0,10,10,58
08/30/2012,HTS,WV,AEA,CE,Combined TRACON& Tower with Radar,2,8,7,2,19,0,2,13,0,15,2,10,20,2,34,0,8,8,42
08/31/2012,HTS,WV,AEA,CE,Combined TRACON& Tower with Radar,10,13,10,0,33,0,0,17,0,17,10,13,27,0,50,0,0,0,50
09/01/2012,HTS,WV,AEA,CE,Combined TRACON& Tower with Radar,3,6,8,0,17,0,0,3,0,3,3,6,11,0,20,0,0,0,20
09/02/2012,HTS,WV,AEA,CE,Combined TRACON& Tower with Radar,0,8,6,0,14,0,2,5,0,7,0,10,11,0,21,0,0,0,21
09/03/2012,HTS,WV,AEA,CE,Combined TRACON& Tower with Radar,8,8,4,0,20,0,0,1,0,1,8,8,5,0,21,0,0,0,21
09/04/2012,HTS,WV,AEA,CE,Combined TRACON& Tower with Radar,2,9,10,2,23,0,0,5,0,5,2,9,15,2,28,8,0,8,36
09/05/2012,HTS,WV,AEA,CE,Combined TRACON& Tower with Radar,2,11,8,0,21,0,0,5,0,5,2,11,13,0,26,0,0,0,26
09/06/2012,HTS,WV,AEA,CE,Combined TRACON& Tower with Radar,2,9,9,0,20,0,1,3,0,4,2,10,12,0,24,0,0,0,24
09/07/2012,HTS,WV,AEA,CE,Combined TRACON& Tower with Radar,10,8,5,1,24,0,0,9,21,30,10,8,14,22,54,0,0,0,54
09/08/2012,HTS,WV,AEA,CE,Combined TRACON& Tower with Radar,1,8,7,0,16,0,2,2,0,4,1,10,9,0,20,0,0,0,20
09/09/2012,HTS,WV,AEA,CE,Combined TRACON& Tower with Radar,0,8,14,4,26,0,2,11,0,13,0,10,25,4,39,6,10,16,55
09/10/2012,HTS,WV,AEA,CE,Combined TRACON& Tower with Radar,9,15,10,10,44,0,3,10,2,15,9,18,20,12,59,22,0,22,81
09/11/2012,HTS,WV,AEA,CE,Combined TRACON& Tower with Radar,2,14,19,2,37,0,0,11,3,14,2,14,30,5,51,0,0,0,51
09/12/2012,HTS,WV,AEA,CE,Combined TRACON& Tower with Radar,2,12,11,0,25,0,2,11,2,15,2,14,22,2,40,0,0,0,40
09/13/2012,HTS,WV,AEA,CE,Combined TRACON& Tower with Radar,2,15,21,0,38,0,2,36,2,40,2,17,57,2,78,0,0,0,78
09/14/2012,HTS,WV,AEA,CE,Combined TRACON& Tower with Radar,11,8,12,0,31,0,2,19,2,23,11,10,31,2,54,0,0,0,54
09/15/2012,HTS,WV,AEA,CE,Combined TRACON& Tower with Radar,1,8,4,0,13,0,4,12,2,18,1,12,16,2,31,0,0,0,31
09/16/2012,HTS,WV,AEA,CE,Combined TRACON& Tower with Radar,0,8,11,0,19,0,2,13,0,15,0,10,24,0,34,0,0,0,34
09/17/2012,HTS,WV,AEA,CE,Combined TRACON& Tower with Radar,9,12,8,0,29,0,0,2,2,4,9,12,10,2,33,0,0,0,33
09/18/2012,HTS,WV,AEA,CE,Combined TRACON& Tower with Radar,2,13,7,10,32,0,0,0,0,0,2,13,7,10,32,0,0,0,32
09/19/2012,HTS,WV,AEA,CE,Combined TRACON& Tower with Radar,2,11,6,11,30,0,2,18,1,21,2,13,24,12,51,0,0,0,51
09/20/2012,HTS,WV,AEA,CE,Combined TRACON& Tower with Radar,2,10,8,2,22,0,0,23,0,23,2,10,31,2,45,20,0,20,65
09/21/2012,HTS,WV,AEA,CE,Combined TRACON& Tower with Radar,11,11,11,4,37,0,2,12,5,19,11,13,23,9,56,0,0,0,56
09/22/2012,HTS,WV,AEA,CE,Combined TRACON& Tower with Radar,2,6,6,0,14,0,0,6,0,6,2,6,12,0,20,0,0,0,20
09/23/2012,HTS,WV,AEA,CE,Combined TRACON& Tower with Radar,1,8,4,0,13,0,0,19,0,19,1,8,23,0,32,20,0,20,52
09/24/2012,HTS,WV,AEA,CE,Combined TRACON& Tower with Radar,7,13,5,0,25,0,0,8,2,10,7,13,13,2,35,0,0,0,35
09/25/2012,HTS,WV,AEA,CE,Combined TRACON& Tower with Radar,2,10,6,0,18,0,0,1,0,1,2,10,7,0,19,0,0,0,19
09/26/2012,HTS,WV,AEA,CE,Combined TRACON& Tower with Radar,4,10,14,0,28,0,0,5,0,5,4,10,19,0,33,0,0,0,33
09/27/2012,HTS,WV,AEA,CE,Combined TRACON& Tower with Radar,2,16,28,0,46,0,0,11,0,11,2,16,39,0,57,0,0,0,57
09/28/2012,HTS,WV,AEA,CE,Combined TRACON& Tower with Radar,10,13,9,0,32,0,0,1,0,1,10,13,10,0,33,0,0,0,33
09/29/2012,HTS,WV,AEA,CE,Combined TRACON& Tower with Radar,3,8,19,0,30,0,4,5,0,9,3,12,24,0,39,0,0,0,39
09/30/2012,HTS,WV,AEA,CE,Combined TRACON& Tower with Radar,0,9,3,0,12,0,0,9,0,9,0,9,12,0,21,0,0,0,21
10/01/2012,HTS,WV,AEA,CE,Combined TRACON& Tower with Radar,8,13,13,0,34,0,2,0,0,2,8,15,13,0,36,0,0,0,36
10/02/2012,HTS,WV,AEA,CE,Combined TRACON& Tower with Radar,2,11,11,0,24,0,2,10,0,12,2,13,21,0,36,0,0,0,36
10/03/2012,HTS,WV,AEA,CE,Combined TRACON& Tower with Radar,4,11,14,0,29,0,0,13,1,14,4,11,27,1,43,0,0,0,43
10/04/2012,HTS,WV,AEA,CE,Combined TRACON& Tower with Radar,2,12,14,6,34,0,0,9,0,9,2,12,23,6,43,6,0,6,49
10/05/2012,HTS,WV,AEA,CE,Combined TRACON& Tower with Radar,9,10,16,0,35,0,0,9,0,9,9,10,25,0,44,0,0,0,44
10/06/2012,HTS,WV,AEA,CE,Combined TRACON& Tower with Radar,8,6,13,0,27,0,0,1,0,1,8,6,14,0,28,0,0,0,28
10/07/2012,HTS,WV,AEA,CE,Combined TRACON& Tower with Radar,0,8,17,0,25,0,0,10,0,10,0,8,27,0,35,0,0,0,35
10/08/2012,HTS,WV,AEA,CE,Combined TRACON& Tower with Radar,7,13,12,0,32,0,0,1,0,1,7,13,13,0,33,0,0,0,33
10/09/2012,HTS,WV,AEA,CE,Combined TRACON& Tower with Radar,2,11,8,0,21,0,0,7,0,7,2,11,15,0,28,0,0,0,28
10/10/2012,HTS,WV,AEA,CE,Combined TRACON& Tower with Radar,4,11,7,0,22,0,0,4,2,6,4,11,11,2,28,0,0,0,28
10/11/2012,HTS,WV,AEA,CE,Combined TRACON& Tower with Radar,2,13,11,4,30,0,5,8,0,13,2,18,19,4,43,0,0,0,43
10/12/2012,HTS,WV,AEA,CE,Combined TRACON& Tower with Radar,8,9,3,6,26,0,3,10,0,13,8,12,13,6,39,0,0,0,39
10/13/2012,HTS,WV,AEA,CE,Combined TRACON& Tower with Radar,1,6,4,1,12,0,0,12,1,13,1,6,16,2,25,0,0,0,25
10/14/2012,HTS,WV,AEA,CE,Combined TRACON& Tower with Radar,0,10,4,0,14,0,0,6,0,6,0,10,10,0,20,0,0,0,20
10/15/2012,HTS,WV,AEA,CE,Combined TRACON& Tower with Radar,7,11,8,0,26,0,0,4,0,4,7,11,12,0,30,0,0,0,30
10/16/2012,HTS,WV,AEA,CE,Combined TRACON& Tower with Radar,2,11,17,0,30,0,0,24,2,26,2,11,41,2,56,0,0,0,56
10/17/2012,HTS,WV,AEA,CE,Combined TRACON& Tower with Radar,2,10,19,6,37,0,1,14,1,16,2,11,33,7,53,6,0,6,59
10/18/2012,HTS,WV,AEA,CE,Combined TRACON& Tower with Radar,2,14,14,0,30,0,0,2,6,8,2,14,16,6,38,0,0,0,38
10/19/2012,HTS,WV,AEA,CE,Combined TRACON& Tower with Radar,10,8,8,0,26,0,0,4,0,4,10,8,12,0,30,0,0,0,30
10/20/2012,HTS,WV,AEA,CE,Combined TRACON& Tower with Radar,1,6,6,0,13,0,0,3,0,3,1,6,9,0,16,12,0,12,28
10/21/2012,HTS,WV,AEA,CE,Combined TRACON& Tower with Radar,1,9,16,1,27,0,0,13,1,14,1,9,29,2,41,0,0,0,41
10/22/2012,HTS,WV,AEA,CE,Combined TRACON& Tower with Radar,7,11,8,0,26,0,4,21,0,25,7,15,29,0,51,0,0,0,51
10/23/2012,HTS,WV,AEA,CE,Combined TRACON& Tower with Radar,2,13,8,0,23,0,2,7,2,11,2,15,15,2,34,18,0,18,52
10/24/2012,HTS,WV,AEA,CE,Combined TRACON& Tower with Radar,2,10,16,0,28,0,3,11,0,14,2,13,27,0,42,26,0,26,68
10/25/2012,HTS,WV,AEA,CE,Combined TRACON& Tower with Radar,2,10,20,0,32,0,0,29,0,29,2,10,49,0,61,10,0,10,71
10/26/2012,HTS,WV,AEA,CE,Combined TRACON& Tower with Radar,9,8,14,0,31,0,0,20,0,20,9,8,34,0,51,2,0,2,53
10/27/2012,HTS,WV,AEA,CE,Combined TRACON& Tower with Radar,1,9,4,0,14,0,0,0,0,0,1,9,4,0,14,0,0,0,14
10/28/2012,HTS,WV,AEA,CE,Combined TRACON& Tower with Radar,1,8,4,0,13,0,0,0,0,0,1,8,4,0,13,0,0,0,13
10/29/2012,HTS,WV,AEA,CE,Combined TRACON& Tower with Radar,7,8,4,0,19,0,0,0,0,0,7,8,4,0,19,0,0,0,19
10/30/2012,HTS,WV,AEA,CE,Combined TRACON& Tower with Radar,2,11,1,0,14,0,0,0,0,0,2,11,1,0,14,0,0,0,14
10/31/2012,HTS,WV,AEA,CE,Combined TRACON& Tower with Radar,2,12,17,0,31,0,0,0,0,0,2,12,17,0,31,0,0,0,31
11/01/2012,HTS,WV,AEA,CE,Combined TRACON& Tower with Radar,1,11,6,0,18,0,0,6,2,8,1,11,12,2,26,6,0,6,32
11/02/2012,HTS,WV,AEA,CE,Combined TRACON& Tower with Radar,10,10,14,0,34,0,0,9,0,9,10,10,23,0,43,6,0,6,49
11/03/2012,HTS,WV,AEA,CE,Combined TRACON& Tower with Radar,2,6,13,0,21,0,0,6,0,6,2,6,19,0,27,0,0,0,27
11/04/2012,HTS,WV,AEA,CE,Combined TRACON& Tower with Radar,0,5,7,0,12,0,0,25,0,25,0,5,32,0,37,10,0,10,47
11/05/2012,HTS,WV,AEA,CE,Combined TRACON& Tower with Radar,7,15,4,1,27,0,5,9,1,15,7,20,13,2,42,0,0,0,42
11/06/2012,HTS,WV,AEA,CE,Combined TRACON& Tower with Radar,2,11,5,0,18,0,0,13,0,13,2,11,18,0,31,0,0,0,31
11/07/2012,HTS,WV,AEA,CE,Combined TRACON& Tower with Radar,2,18,11,0,31,0,1,10,0,11,2,19,21,0,42,0,0,0,42
11/08/2012,HTS,WV,AEA,CE,Combined TRACON& Tower with Radar,2,10,8,2,22,0,2,6,0,8,2,12,14,2,30,18,0,18,48
11/09/2012,HTS,WV,AEA,CE,Combined TRACON& Tower with Radar,9,11,9,0,29,0,2,20,0,22,9,13,29,0,51,0,0,0,51
11/10/2012,HTS,WV,AEA,CE,Combined TRACON& Tower with Radar,6,7,7,0,20,0,2,5,0,7,6,9,12,0,27,0,0,0,27
11/11/2012,HTS,WV,AEA,CE,Combined TRACON& Tower with Radar,0,11,7,0,18,0,0,4,0,4,0,11,11,0,22,0,0,0,22
11/12/2012,HTS,WV,AEA,CE,Combined TRACON& Tower with Radar,8,13,7,0,28,0,0,4,0,4,8,13,11,0,32,0,0,0,32
11/13/2012,HTS,WV,AEA,CE,Combined TRACON& Tower with Radar,3,14,13,2,32,0,0,14,0,14,3,14,27,2,46,0,0,0,46
11/14/2012,HTS,WV,AEA,CE,Combined TRACON& Tower with Radar,2,15,11,0,28,0,5,9,0,14,2,20,20,0,42,0,0,0,42
11/15/2012,HTS,WV,AEA,CE,Combined TRACON& Tower with Radar,4,10,9,0,23,0,1,11,1,13,4,11,20,1,36,20,0,20,56
11/16/2012,HTS,WV,AEA,CE,Combined TRACON& Tower with Radar,10,12,8,0,30,0,6,16,0,22,10,18,24,0,52,0,0,0,52
11/17/2012,HTS,WV,AEA,CE,Combined TRACON& Tower with Radar,4,8,7,0,19,0,4,13,4,21,4,12,20,4,40,0,0,0,40
11/18/2012,HTS,WV,AEA,CE,Combined TRACON& Tower with Radar,0,6,12,0,18,0,2,5,0,7,0,8,17,0,25,4,0,4,29
11/19/2012,HTS,WV,AEA,CE,Combined TRACON& Tower with Radar,7,13,7,0,27,0,3,8,0,11,7,16,15,0,38,0,0,0,38
11/20/2012,HTS,WV,AEA,CE,Combined TRACON& Tower with Radar,6,9,17,4,36,0,0,18,0,18,6,9,35,4,54,6,10,16,70
11/21/2012,HTS,WV,AEA,CE,Combined TRACON& Tower with Radar,4,14,10,0,28,0,0,8,0,8,4,14,18,0,36,29,0,29,65
11/22/2012,HTS,WV,AEA,CE,Combined TRACON& Tower with Radar,4,6,4,0,14,0,4,3,0,7,4,10,7,0,21,0,0,0,21
11/23/2012,HTS,WV,AEA,CE,Combined TRACON& Tower with Radar,4,14,5,0,23,0,1,0,0,1,4,15,5,0,24,0,0,0,24
11/24/2012,HTS,WV,AEA,CE,Combined TRACON& Tower with Radar,7,10,9,0,26,0,0,4,0,4,7,10,13,0,30,4,0,4,34
11/25/2012,HTS,WV,AEA,CE,Combined TRACON& Tower with Radar,0,10,11,0,21,0,0,26,0,26,0,10,37,0,47,18,0,18,65
11/26/2012,HTS,WV,AEA,CE,Combined TRACON& Tower with Radar,3,15,9,0,27,0,2,5,0,7,3,17,14,0,34,0,0,0,34
11/27/2012,HTS,WV,AEA,CE,Combined TRACON& Tower with Radar,2,10,10,0,22,0,0,0,0,0,2,10,10,0,22,0,0,0,22
11/28/2012,HTS,WV,AEA,CE,Combined TRACON& Tower with Radar,2,12,11,2,27,0,1,14,0,15,2,13,25,2,42,6,0,6,48
11/29/2012,HTS,WV,AEA,CE,Combined TRACON& Tower with Radar,2,11,18,0,31,0,2,7,0,9,2,13,25,0,40,0,0,0,40
11/30/2012,HTS,WV,AEA,CE,Combined TRACON& Tower with Radar,8,11,21,1,41,0,8,9,0,17,8,19,30,1,58,0,0,0,58
12/01/2012,HTS,WV,AEA,CE,Combined TRACON& Tower with Radar,1,6,4,0,11,0,0,19,0,19,1,6,23,0,30,4,0,4,34
12/02/2012,HTS,WV,AEA,CE,Combined TRACON& Tower with Radar,0,6,3,0,9,0,0,3,0,3,0,6,6,0,12,0,0,0,12
12/03/2012,HTS,WV,AEA,CE,Combined TRACON& Tower with Radar,8,11,1,0,20,0,0,2,0,2,8,11,3,0,22,0,0,0,22
12/04/2012,HTS,WV,AEA,CE,Combined TRACON& Tower with Radar,2,11,6,7,26,0,0,4,8,12,2,11,10,15,38,0,0,0,38
12/05/2012,HTS,WV,AEA,CE,Combined TRACON& Tower with Radar,2,12,6,2,22,0,0,10,10,20,2,12,16,12,42,0,0,0,42
12/06/2012,HTS,WV,AEA,CE,Combined TRACON& Tower with Radar,2,10,13,0,25,0,2,6,0,8,2,12,19,0,33,26,0,26,59
12/07/2012,HTS,WV,AEA,CE,Combined TRACON& Tower with Radar,8,11,11,0,30,0,0,1,0,1,8,11,12,0,31,0,0,0,31
12/08/2012,HTS,WV,AEA,CE,Combined TRACON& Tower with Radar,1,7,17,0,25,0,0,1,0,1,1,7,18,0,26,0,0,0,26
12/09/2012,HTS,WV,AEA,CE,Combined TRACON& Tower with Radar,0,5,4,0,9,0,0,0,0,0,0,5,4,0,9,0,0,0,9
12/10/2012,HTS,WV,AEA,CE,Combined TRACON& Tower with Radar,7,10,0,0,17,0,0,0,0,0,7,10,0,0,17,0,0,0,17
12/11/2012,HTS,WV,AEA,CE,Combined TRACON& Tower with Radar,2,10,13,8,33,0,0,5,0,5,2,10,18,8,38,12,18,30,68
12/12/2012,HTS,WV,AEA,CE,Combined TRACON& Tower with Radar,2,11,12,4,29,0,0,4,2,6,2,11,16,6,35,0,0,0,35
12/13/2012,HTS,WV,AEA,CE,Combined TRACON& Tower with Radar,2,11,12,1,26,0,1,11,1,13,2,12,23,2,39,6,0,6,45
12/14/2012,HTS,WV,AEA,CE,Combined TRACON& Tower with Radar,8,9,15,0,32,0,0,8,0,8,8,9,23,0,40,0,0,0,40
12/15/2012,HTS,WV,AEA,CE,Combined TRACON& Tower with Radar,1,6,8,0,15,0,0,14,0,14,1,6,22,0,29,0,0,0,29
12/16/2012,HTS,WV,AEA,CE,Combined TRACON& Tower with Radar,0,8,11,0,19,0,0,2,0,2,0,8,13,0,21,0,0,0,21
12/17/2012,HTS,WV,AEA,CE,Combined TRACON& Tower with Radar,7,10,9,5,31,0,0,0,0,0,7,10,9,5,31,0,36,36,67
12/18/2012,HTS,WV,AEA,CE,Combined TRACON& Tower with Radar,2,13,5,2,22,0,0,5,0,5,2,13,10,2,27,0,14,14,41
12/19/2012,HTS,WV,AEA,CE,Combined TRACON& Tower with Radar,2,8,5,2,17,0,7,15,0,22,2,15,20,2,39,0,0,0,39
12/20/2012,HTS,WV,AEA,CE,Combined TRACON& Tower with Radar,3,10,7,0,20,0,0,1,0,1,3,10,8,0,21,10,0,10,31
12/21/2012,HTS,WV,AEA,CE,Combined TRACON& Tower with Radar,9,10,3,0,22,0,0,0,0,0,9,10,3,0,22,0,0,0,22
12/22/2012,HTS,WV,AEA,CE,Combined TRACON& Tower with Radar,1,6,6,0,13,0,0,7,0,7,1,6,13,0,20,18,0,18,38
12/23/2012,HTS,WV,AEA,CE,Combined TRACON& Tower with Radar,0,6,4,0,10,0,4,8,0,12,0,10,12,0,22,2,0,2,24
12/24/2012,HTS,WV,AEA,CE,Combined TRACON& Tower with Radar,7,10,0,0,17,0,0,0,0,0,7,10,0,0,17,0,0,0,17
12/25/2012,HTS,WV,AEA,CE,Combined TRACON& Tower with Radar,0,8,1,0,9,0,0,0,0,0,0,8,1,0,9,0,0,0,9
12/26/2012,HTS,WV,AEA,CE,Combined TRACON& Tower with Radar,2,7,3,0,12,0,0,0,0,0,2,7,3,0,12,0,0,0,12
12/27/2012,HTS,WV,AEA,CE,Combined TRACON& Tower with Radar,2,9,3,4,18,0,2,3,0,5,2,11,6,4,23,0,8,8,31
12/28/2012,HTS,WV,AEA,CE,Combined TRACON& Tower with Radar,8,10,2,0,20,0,0,4,0,4,8,10,6,0,24,0,0,0,24
12/29/2012,HTS,WV,AEA,CE,Combined TRACON& Tower with Radar,3,9,4,0,16,0,0,0,0,0,3,9,4,0,16,0,0,0,16
12/30/2012,HTS,WV,AEA,CE,Combined TRACON& Tower with Radar,0,6,2,0,8,0,0,0,0,0,0,6,2,0,8,0,0,0,8
12/31/2012,HTS,WV,AEA,CE,Combined TRACON& Tower with Radar,8,10,4,0,22,0,0,5,0,5,8,10,9,0,27,0,0,0,27
01/01/2013,HTS,WV,AEA,CE,Combined TRACON& Tower with Radar,0,8,6,0,14,0,0,0,0,0,0,8,6,0,14,0,0,0,14
01/02/2013,HTS,WV,AEA,CE,Combined TRACON& Tower with Radar,2,11,10,0,23,0,2,5,0,7,2,13,15,0,30,0,0,0,30
01/03/2013,HTS,WV,AEA,CE,Combined TRACON& Tower with Radar,2,13,6,0,21,0,4,18,0,22,2,17,24,0,43,12,0,12,55
01/04/2013,HTS,WV,AEA,CE,Combined TRACON& Tower with Radar,8,11,6,0,25,0,5,7,0,12,8,16,13,0,37,18,0,18,55
01/05/2013,HTS,WV,AEA,CE,Combined TRACON& Tower with Radar,1,6,5,0,12,0,2,19,0,21,1,8,24,0,33,0,0,0,33
01/06/2013,HTS,WV,AEA,CE,Combined TRACON& Tower with Radar,0,6,1,0,7,0,0,5,0,5,0,6,6,0,12,18,0,18,30
01/07/2013,HTS,WV,AEA,CE,Combined TRACON& Tower with Radar,7,10,4,0,21,0,2,9,0,11,7,12,13,0,32,15,0,15,47
01/08/2013,HTS,WV,AEA,CE,Combined TRACON& Tower with Radar,2,9,3,0,14,0,3,7,4,14,2,12,10,4,28,36,0,36,64
01/09/2013,HTS,WV,AEA,CE,Combined TRACON& Tower with Radar,2,9,17,0,28,0,3,7,0,10,2,12,24,0,38,0,0,0,38
01/10/2013,HTS,WV,AEA,CE,Combined TRACON& Tower with Radar,2,14,8,0,24,0,2,0,0,2,2,16,8,0,26,0,0,0,26
01/11/2013,HTS,WV,AEA,CE,Combined TRACON& Tower with Radar,8,14,8,0,30,0,0,2,0,2,8,14,10,0,32,0,0,0,32
01/12/2013,HTS,WV,AEA,CE,Combined TRACON& Tower with Radar,1,7,7,0,15,0,2,14,1,17,1,9,21,1,32,8,0,8,40
01/13/2013,HTS,WV,AEA,CE,Combined TRACON& Tower with Radar,0,6,3,0,9,0,0,1,2,3,0,6,4,2,12,0,0,0,12
01/14/2013,HTS,WV,AEA,CE,Combined TRACON& Tower with Radar,7,13,10,0,30,0,0,0,0,0,7,13,10,0,30,0,0,0,30
01/15/2013,HTS,WV,AEA,CE,Combined TRACON& Tower with Radar,2,9,6,0,17,0,0,0,0,0,2,9,6,0,17,0,0,0,17
01/16/2013,HTS,WV,AEA,CE,Combined TRACON& Tower with Radar,2,9,3,0,14,0,0,0,0,0,2,9,3,0,14,0,0,0,14
01/17/2013,HTS,WV,AEA,CE,Combined TRACON& Tower with Radar,2,13,6,1,22,0,0,2,0,2,2,13,8,1,24,0,0,0,24
01/18/2013,HTS,WV,AEA,CE,Combined TRACON& Tower with Radar,7,10,6,0,23,0,2,10,0,12,7,12,16,0,35,0,0,0,35
01/19/2013,HTS,WV,AEA,CE,Combined TRACON& Tower with Radar,1,6,7,0,14,0,0,5,4,9,1,6,12,4,23,0,0,0,23
01/20/2013,HTS,WV,AEA,CE,Combined TRACON& Tower with Radar,0,6,4,0,10,0,0,4,0,4,0,6,8,0,14,20,0,20,34
01/21/2013,HTS,WV,AEA,CE,Combined TRACON& Tower with Radar,6,12,8,8,34,0,0,7,0,7,6,12,15,8,41,4,12,16,57
01/22/2013,HTS,WV,AEA,CE,Combined TRACON& Tower with Radar,2,9,6,5,22,0,1,4,0,5,2,10,10,5,27,0,26,26,53
01/23/2013,HTS,WV,AEA,CE,Combined TRACON& Tower with Radar,2,11,12,0,25,0,1,9,1,11,2,12,21,1,36,4,0,4,40
01/24/2013,HTS,WV,AEA,CE,Combined TRACON& Tower with Radar,2,10,6,4,22,0,1,14,2,17,2,11,20,6,39,12,0,12,51
01/25/2013,HTS,WV,AEA,CE,Combined TRACON& Tower with Radar,9,7,12,0,28,0,0,4,0,4,9,7,16,0,32,0,0,0,32
01/26/2013,HTS,WV,AEA,CE,Combined TRACON& Tower with Radar,1,11,9,0,21,0,2,1,0,3,1,13,10,0,24,0,0,0,24
01/27/2013,HTS,WV,AEA,CE,Combined TRACON& Tower with Radar,0,6,5,0,11,0,0,5,0,5,0,6,10,0,16,0,0,0,16
01/28/2013,HTS,WV,AEA,CE,Combined TRACON& Tower with Radar,7,10,1,0,18,0,0,0,0,0,7,10,1,0,18,2,0,2,20
01/29/2013,HTS,WV,AEA,CE,Combined TRACON& Tower with Radar,2,12,11,11,36,0,0,9,0,9,2,12,20,11,45,4,20,24,69
01/30/2013,HTS,WV,AEA,CE,Combined TRACON& Tower with Radar,2,10,5,0,17,0,0,0,0,0,2,10,5,0,17,0,0,0,17
01/31/2013,HTS,WV,AEA,CE,Combined TRACON& Tower with Radar,4,13,8,4,29,0,0,3,4,7,4,13,11,8,36,0,0,0,36
02/01/2013,HTS,WV,AEA,CE,Combined TRACON& Tower with Radar,8,11,6,0,25,0,8,6,0,14,8,19,12,0,39,30,0,30,69
02/02/2013,HTS,WV,AEA,CE,Combined TRACON& Tower with Radar,1,6,2,0,9,0,0,0,0,0,1,6,2,0,9,0,0,0,9
02/03/2013,HTS,WV,AEA,CE,Combined TRACON& Tower with Radar,2,6,5,0,13,0,0,2,0,2,2,6,7,0,15,0,0,0,15
02/04/2013,HTS,WV,AEA,CE,Combined TRACON& Tower with Radar,7,14,1,0,22,0,0,5,2,7,7,14,6,2,29,20,0,20,49
02/05/2013,HTS,WV,AEA,CE,Combined TRACON& Tower with Radar,2,10,2,0,14,0,0,5,0,5,2,10,7,0,19,14,0,14,33
02/06/2013,HTS,WV,AEA,CE,Combined TRACON& Tower with Radar,2,13,8,0,23,0,3,9,0,12,2,16,17,0,35,22,0,22,57
02/07/2013,HTS,WV,AEA,CE,Combined TRACON& Tower with Radar,2,11,17,2,32,0,0,15,0,15,2,11,32,2,47,0,0,0,47
02/08/2013,HTS,WV,AEA,CE,Combined TRACON& Tower with Radar,8,10,4,0,22,0,0,0,0,0,8,10,4,0,22,0,0,0,22
02/09/2013,HTS,WV,AEA,CE,Combined TRACON& Tower with Radar,1,6,7,0,14,0,2,14,0,16,1,8,21,0,30,0,0,0,30
02/10/2013,HTS,WV,AEA,CE,Combined TRACON& Tower with Radar,0,6,9,0,15,0,0,10,0,10,0,6,19,0,25,18,0,18,43
02/11/2013,HTS,WV,AEA,CE,Combined TRACON& Tower with Radar,8,10,5,0,23,0,0,2,0,2,8,10,7,0,25,0,0,0,25
02/12/2013,HTS,WV,AEA,CE,Combined TRACON& Tower with Radar,2,9,13,0,24,0,1,16,0,17,2,10,29,0,41,14,0,14,55
02/13/2013,HTS,WV,AEA,CE,Combined TRACON& Tower with Radar,2,13,5,0,20,0,0,7,0,7,2,13,12,0,27,2,0,2,29
02/14/2013,HTS,WV,AEA,CE,Combined TRACON& Tower with Radar,2,10,3,0,15,0,0,2,0,2,2,10,5,0,17,0,0,0,17
02/15/2013,HTS,WV,AEA,CE,Combined TRACON& Tower with Radar,12,10,5,0,27,0,0,1,0,1,12,10,6,0,28,0,0,0,28
02/16/2013,HTS,WV,AEA,CE,Combined TRACON& Tower with Radar,3,5,3,0,11,0,0,2,2,4,3,5,5,2,15,1,0,1,16
02/17/2013,HTS,WV,AEA,CE,Combined TRACON& Tower with Radar,0,7,5,0,12,0,0,6,0,6,0,7,11,0,18,10,0,10,28
02/18/2013,HTS,WV,AEA,CE,Combined TRACON& Tower with Radar,7,10,4,0,21,0,3,6,0,9,7,13,10,0,30,0,0,0,30
02/19/2013,HTS,WV,AEA,CE,Combined TRACON& Tower with Radar,2,10,11,0,23,0,0,3,0,3,2,10,14,0,26,48,0,48,74
02/20/2013,HTS,WV,AEA,CE,Combined TRACON& Tower with Radar,2,10,7,2,21,0,0,5,8,13,2,10,12,10,34,0,4,4,38
02/21/2013,HTS,WV,AEA,CE,Combined TRACON& Tower with Radar,2,13,8,0,23,0,1,10,2,13,2,14,18,2,36,10,0,10,46
02/22/2013,HTS,WV,AEA,CE,Combined TRACON& Tower with Radar,8,14,2,1,25,0,6,4,0,10,8,20,6,1,35,0,0,0,35
02/23/2013,HTS,WV,AEA,CE,Combined TRACON& Tower with Radar,1,6,9,0,16,0,0,28,0,28,1,6,37,0,44,0,0,0,44
02/24/2013,HTS,WV,AEA,CE,Combined TRACON& Tower with Radar,0,10,10,0,20,0,0,42,0,42,0,10,52,0,62,30,0,30,92
02/25/2013,HTS,WV,AEA,CE,Combined TRACON& Tower with Radar,7,13,3,2,25,0,2,6,0,8,7,15,9,2,33,14,0,14,47
02/26/2013,HTS,WV,AEA,CE,Combined TRACON& Tower with Radar,2,11,5,1,19,0,0,1,0,1,2,11,6,1,20,0,0,0,20
02/27/2013,HTS,WV,AEA,CE,Combined TRACON& Tower with Radar,2,10,10,0,22,0,0,0,0,0,2,10,10,0,22,0,0,0,22
02/28/2013,HTS,WV,AEA,CE,Combined TRACON& Tower with Radar,2,11,12,1,26,0,0,0,0,0,2,11,12,1,26,0,0,0,26
03/01/2013,HTS,WV,AEA,CE,Combined TRACON& Tower with Radar,8,15,10,3,36,0,0,1,0,1,8,15,11,3,37,0,0,0,37
03/02/2013,HTS,WV,AEA,CE,Combined TRACON& Tower with Radar,1,8,2,0,11,0,0,1,0,1,1,8,3,0,12,2,0,2,14
03/03/2013,HTS,WV,AEA,CE,Combined TRACON& Tower with Radar,0,7,3,0,10,0,0,3,0,3,0,7,6,0,13,0,0,0,13
03/04/2013,HTS,WV,AEA,CE,Combined TRACON& Tower with Radar,7,10,8,0,25,0,0,7,0,7,7,10,15,0,32,26,0,26,58
03/05/2013,HTS,WV,AEA,CE,Combined TRACON& Tower with Radar,2,12,2,0,16,0,0,1,0,1,2,12,3,0,17,0,0,0,17
03/06/2013,HTS,WV,AEA,CE,Combined TRACON& Tower with Radar,2,8,5,0,15,0,0,0,0,0,2,8,5,0,15,0,0,0,15
03/07/2013,HTS,WV,AEA,CE,Combined TRACON& Tower with Radar,2,9,11,0,22,0,0,0,0,0,2,9,11,0,22,0,0,0,22
03/08/2013,HTS,WV,AEA,CE,Combined TRACON& Tower with Radar,8,10,8,5,31,0,0,12,4,16,8,10,20,9,47,29,0,29,76
03/09/2013,HTS,WV,AEA,CE,Combined TRACON& Tower with Radar,1,6,3,0,10,0,0,13,2,15,1,6,16,2,25,0,0,0,25
03/10/2013,HTS,WV,AEA,CE,Combined TRACON& Tower with Radar,0,6,11,0,17,0,0,17,0,17,0,6,28,0,34,0,0,0,34
03/11/2013,HTS,WV,AEA,CE,Combined TRACON& Tower with Radar,8,12,8,2,30,0,0,4,0,4,8,12,12,2,34,0,0,0,34
03/12/2013,HTS,WV,AEA,CE,Combined TRACON& Tower with Radar,2,10,12,0,24,0,0,5,0,5,2,10,17,0,29,0,0,0,29
03/13/2013,HTS,WV,AEA,CE,Combined TRACON& Tower with Radar,4,9,1,0,14,0,1,0,0,1,4,10,1,0,15,0,0,0,15
03/14/2013,HTS,WV,AEA,CE,Combined TRACON& Tower with Radar,2,13,3,0,18,0,3,11,0,14,2,16,14,0,32,8,0,8,40
03/15/2013,HTS,WV,AEA,CE,Combined TRACON& Tower with Radar,8,9,11,0,28,0,3,8,0,11,8,12,19,0,39,0,0,0,39
03/16/2013,HTS,WV,AEA,CE,Combined TRACON& Tower with Radar,1,6,2,0,9,0,2,5,0,7,1,8,7,0,16,0,0,0,16
03/17/2013,HTS,WV,AEA,CE,Combined TRACON& Tower with Radar,0,5,2,0,7,0,2,0,0,2,0,7,2,0,9,0,0,0,9
03/18/2013,HTS,WV,AEA,CE,Combined TRACON& Tower with Radar,6,10,6,0,22,0,0,2,0,2,6,10,8,0,24,0,0,0,24
03/19/2013,HTS,WV,AEA,CE,Combined TRACON& Tower with Radar,2,14,5,0,21,0,0,1,0,1,2,14,6,0,22,0,0,0,22
03/20/2013,HTS,WV,AEA,CE,Combined TRACON& Tower with Radar,4,10,8,0,22,0,0,6,5,11,4,10,14,5,33,0,0,0,33
03/21/2013,HTS,WV,AEA,CE,Combined TRACON& Tower with Radar,3,9,13,0,25,0,0,2,0,2,3,9,15,0,27,0,0,0,27
03/22/2013,HTS,WV,AEA,CE,Combined TRACON& Tower with Radar,8,12,7,2,29,0,0,14,0,14,8,12,21,2,43,0,0,0,43
03/23/2013,HTS,WV,AEA,CE,Combined TRACON& Tower with Radar,3,6,13,0,22,0,0,23,0,23,3,6,36,0,45,24,0,24,69
03/24/2013,HTS,WV,AEA,CE,Combined TRACON& Tower with Radar,0,7,2,0,9,0,0,2,0,2,0,7,4,0,11,0,0,0,11
03/25/2013,HTS,WV,AEA,CE,Combined TRACON& Tower with Radar,7,12,2,0,21,0,0,0,0,0,7,12,2,0,21,0,0,0,21
03/26/2013,HTS,WV,AEA,CE,Combined TRACON& Tower with Radar,2,12,12,0,26,0,0,1,0,1,2,12,13,0,27,0,0,0,27
03/27/2013,HTS,WV,AEA,CE,Combined TRACON& Tower with Radar,4,10,8,0,22,0,0,7,0,7,4,10,15,0,29,0,0,0,29
03/28/2013,HTS,WV,AEA,CE,Combined TRACON& Tower with Radar,2,12,5,0,19,0,2,10,4,16,2,14,15,4,35,0,0,0,35
03/29/2013,HTS,WV,AEA,CE,Combined TRACON& Tower with Radar,8,11,18,0,37,0,0,17,0,17,8,11,35,0,54,8,0,8,62
03/30/2013,HTS,WV,AEA,CE,Combined TRACON& Tower with Radar,3,7,9,0,19,0,0,24,0,24,3,7,33,0,43,4,0,4,47
03/31/2013,HTS,WV,AEA,CE,Combined TRACON& Tower with Radar,0,6,4,0,10,0,0,3,0,3,0,6,7,0,13,0,0,0,13
04/01/2013,HTS,WV,AEA,CE,Combined TRACON& Tower with Radar,7,10,9,4,30,0,0,1,0,1,7,10,10,4,31,0,0,0,31
04/02/2013,HTS,WV,AEA,CE,Combined TRACON& Tower with Radar,2,12,12,0,26,0,2,12,0,14,2,14,24,0,40,0,0,0,40
04/03/2013,HTS,WV,AEA,CE,Combined TRACON& Tower with Radar,4,10,6,0,20,0,0,17,0,17,4,10,23,0,37,0,0,0,37
04/04/2013,HTS,WV,AEA,CE,Combined TRACON& Tower with Radar,2,9,12,0,23,0,0,10,2,12,2,9,22,2,35,6,0,6,41
04/05/2013,HTS,WV,AEA,CE,Combined TRACON& Tower with Radar,8,11,14,0,33,0,0,12,4,16,8,11,26,4,49,0,0,0,49
04/06/2013,HTS,WV,AEA,CE,Combined TRACON& Tower with Radar,3,5,6,0,14,0,2,17,2,21,3,7,23,2,35,22,0,22,57
04/07/2013,HTS,WV,AEA,CE,Combined TRACON& Tower with Radar,0,6,5,0,11,0,0,4,0,4,0,6,9,0,15,0,0,0,15
04/08/2013,HTS,WV,AEA,CE,Combined TRACON& Tower with Radar,7,10,7,0,24,0,1,2,0,3,7,11,9,0,27,0,0,0,27
04/09/2013,HTS,WV,AEA,CE,Combined TRACON& Tower with Radar,2,11,5,0,18,0,2,6,0,8,2,13,11,0,26,0,0,0,26
04/10/2013,HTS,WV,AEA,CE,Combined TRACON& Tower with Radar,2,10,18,0,30,0,1,9,2,12,2,11,27,2,42,2,0,2,44
04/11/2013,HTS,WV,AEA,CE,Combined TRACON& Tower with Radar,2,10,9,0,21,0,0,4,0,4,2,10,13,0,25,0,0,0,25
04/12/2013,HTS,WV,AEA,CE,Combined TRACON& Tower with Radar,8,10,7,2,27,0,0,2,0,2,8,10,9,2,29,0,0,0,29
04/13/2013,HTS,WV,AEA,CE,Combined TRACON& Tower with Radar,1,4,3,0,8,0,2,10,0,12,1,6,13,0,20,0,0,0,20
04/14/2013,HTS,WV,AEA,CE,Combined TRACON& Tower with Radar,0,6,10,0,16,0,4,22,0,26,0,10,32,0,42,2,0,2,44
04/15/2013,HTS,WV,AEA,CE,Combined TRACON& Tower with Radar,7,9,7,0,23,0,0,5,0,5,7,9,12,0,28,0,0,0,28
04/16/2013,HTS,WV,AEA,CE,Combined TRACON& Tower with Radar,2,10,6,0,18,0,0,3,2,5,2,10,9,2,23,6,0,6,29
04/17/2013,HTS,WV,AEA,CE,Combined TRACON& Tower with Radar,2,13,8,0,23,0,1,7,0,8,2,14,15,0,31,10,0,10,41
04/18/2013,HTS,WV,AEA,CE,Combined TRACON& Tower with Radar,2,13,7,0,22,0,0,11,0,11,2,13,18,0,33,0,0,0,33
04/19/2013,HTS,WV,AEA,CE,Combined TRACON& Tower with Radar,6,11,6,0,23,0,0,0,0,0,6,11,6,0,23,0,0,0,23
04/20/2013,HTS,WV,AEA,CE,Combined TRACON& Tower with Radar,1,7,8,0,16,0,2,7,0,9,1,9,15,0,25,0,0,0,25
04/21/2013,HTS,WV,AEA,CE,Combined TRACON& Tower with Radar,0,9,7,0,16,0,0,16,0,16,0,9,23,0,32,0,0,0,32
04/22/2013,HTS,WV,AEA,CE,Combined TRACON& Tower with Radar,5,7,9,1,22,0,1,5,0,6,5,8,14,1,28,14,0,14,42
04/23/2013,HTS,WV,AEA,CE,Combined TRACON& Tower with Radar,2,11,16,0,29,0,1,23,0,24,2,12,39,0,53,14,0,14,67
04/24/2013,HTS,WV,AEA,CE,Combined TRACON& Tower with Radar,4,10,4,0,18,0,0,5,0,5,4,10,9,0,23,0,0,0,23
04/25/2013,HTS,WV,AEA,CE,Combined TRACON& Tower with Radar,2,10,17,0,29,0,2,9,6,17,2,12,26,6,46,4,0,4,50
04/26/2013,HTS,WV,AEA,CE,Combined TRACON& Tower with Radar,6,9,9,0,24,0,1,34,0,35,6,10,43,0,59,6,0,6,65
04/27/2013,HTS,WV,AEA,CE,Combined TRACON& Tower with Radar,1,10,12,0,23,0,2,10,0,12,1,12,22,0,35,0,0,0,35
04/28/2013,HTS,WV,AEA,CE,Combined TRACON& Tower with Radar,0,5,8,0,13,0,0,2,0,2,0,5,10,0,15,0,0,0,15
04/29/2013,HTS,WV,AEA,CE,Combined TRACON& Tower with Radar,5,11,18,0,34,0,0,11,0,11,5,11,29,0,45,0,0,0,45
04/30/2013,HTS,WV,AEA,CE,Combined TRACON& Tower with Radar,2,9,7,4,22,0,3,12,2,17,2,12,19,6,39,0,0,0,39
05/01/2013,HTS,WV,AEA,CE,Combined TRACON& Tower with Radar,4,12,9,2,27,0,0,9,0,9,4,12,18,2,36,0,0,0,36
05/02/2013,HTS,WV,AEA,CE,Combined TRACON& Tower with Radar,2,10,5,2,19,0,1,6,0,7,2,11,11,2,26,8,0,8,34
05/03/2013,HTS,WV,AEA,CE,Combined TRACON& Tower with Radar,8,12,10,0,30,0,1,5,4,10,8,13,15,4,40,4,0,4,44
05/04/2013,HTS,WV,AEA,CE,Combined TRACON& Tower with Radar,1,9,6,0,16,0,2,8,0,10,1,11,14,0,26,0,0,0,26
05/05/2013,HTS,WV,AEA,CE,Combined TRACON& Tower with Radar,0,5,3,0,8,0,2,4,0,6,0,7,7,0,14,0,0,0,14
05/06/2013,HTS,WV,AEA,CE,Combined TRACON& Tower with Radar,7,10,14,0,31,0,0,4,2,6,7,10,18,2,37,0,0,0,37
05/07/2013,HTS,WV,AEA,CE,Combined TRACON& Tower with Radar,2,10,6,0,18,0,0,2,0,2,2,10,8,0,20,0,0,0,20
05/08/2013,HTS,WV,AEA,CE,Combined TRACON& Tower with Radar,4,12,12,2,30,0,0,9,2,11,4,12,21,4,41,0,0,0,41
05/09/2013,HTS,WV,AEA,CE,Combined TRACON& Tower with Radar,2,12,3,0,17,0,0,9,2,11,2,12,12,2,28,0,4,4,32
05/10/2013,HTS,WV,AEA,CE,Combined TRACON& Tower with Radar,8,14,8,0,30,0,0,9,0,9,8,14,17,0,39,0,0,0,39
05/11/2013,HTS,WV,AEA,CE,Combined TRACON& Tower with Radar,7,8,5,0,20,0,0,1,0,1,7,8,6,0,21,0,0,0,21
05/12/2013,HTS,WV,AEA,CE,Combined TRACON& Tower with Radar,0,8,8,0,16,0,0,11,4,15,0,8,19,4,31,0,0,0,31
05/13/2013,HTS,WV,AEA,CE,Combined TRACON& Tower with Radar,8,10,5,0,23,0,0,5,0,5,8,10,10,0,28,20,0,20,48
05/14/2013,HTS,WV,AEA,CE,Combined TRACON& Tower with Radar,2,16,9,12,39,0,2,14,4,20,2,18,23,16,59,4,10,14,73
05/15/2013,HTS,WV,AEA,CE,Combined TRACON& Tower with Radar,4,12,11,0,27,0,2,4,0,6,4,14,15,0,33,0,0,0,33
05/16/2013,HTS,WV,AEA,CE,Combined TRACON& Tower with Radar,2,9,10,0,21,0,0,9,0,9,2,9,19,0,30,0,10,10,40
05/17/2013,HTS,WV,AEA,CE,Combined TRACON& Tower with Radar,8,11,21,0,40,0,0,3,0,3,8,11,24,0,43,8,0,8,51
05/18/2013,HTS,WV,AEA,CE,Combined TRACON& Tower with Radar,3,8,4,1,16,0,2,0,1,3,3,10,4,2,19,0,0,0,19
05/19/2013,HTS,WV,AEA,CE,Combined TRACON& Tower with Radar,0,8,1,0,9,0,2,4,0,6,0,10,5,0,15,8,0,8,23
05/20/2013,HTS,WV,AEA,CE,Combined TRACON& Tower with Radar,7,15,7,0,29,0,6,7,0,13,7,21,14,0,42,0,0,0,42
05/21/2013,HTS,WV,AEA,CE,Combined TRACON& Tower with Radar,2,13,15,1,31,0,3,4,0,7,2,16,19,1,38,1,0,1,39
05/22/2013,HTS,WV,AEA,CE,Combined TRACON& Tower with Radar,6,12,8,4,30,0,0,10,7,17,6,12,18,11,47,0,0,0,47
05/23/2013,HTS,WV,AEA,CE,Combined TRACON& Tower with Radar,3,10,8,2,23,0,4,3,0,7,3,14,11,2,30,2,10,12,42
05/24/2013,HTS,WV,AEA,CE,Combined TRACON& Tower with Radar,8,17,16,0,41,0,2,6,0,8,8,19,22,0,49,14,0,14,63
05/25/2013,HTS,WV,AEA,CE,Combined TRACON& Tower with Radar,6,8,7,0,21,0,0,18,0,18,6,8,25,0,39,14,0,14,53
05/26/2013,HTS,WV,AEA,CE,Combined TRACON& Tower with Radar,0,6,3,0,9,0,4,8,0,12,0,10,11,0,21,12,0,12,33
05/27/2013,HTS,WV,AEA,CE,Combined TRACON& Tower with Radar,6,8,7,0,21,0,0,3,0,3,6,8,10,0,24,0,0,0,24
05/28/2013,HTS,WV,AEA,CE,Combined TRACON& Tower with Radar,1,10,19,0,30,0,0,7,0,7,1,10,26,0,37,0,0,0,37
05/29/2013,HTS,WV,AEA,CE,Combined TRACON& Tower with Radar,6,14,12,4,36,0,6,7,8,21,6,20,19,12,57,0,16,16,73
05/30/2013,HTS,WV,AEA,CE,Combined TRACON& Tower with Radar,2,12,15,6,35,0,6,23,2,31,2,18,38,8,66,18,22,40,106
05/31/2013,HTS,WV,AEA,CE,Combined TRACON& Tower with Radar,8,10,13,0,31,0,0,11,0,11,8,10,24,0,42,0,0,0,42
06/01/2013,HTS,WV,AEA,CE,Combined TRACON& Tower with Radar,5,6,12,0,23,0,2,4,1,7,5,8,16,1,30,12,0,12,42
06/02/2013,HTS,WV,AEA,CE,Combined TRACON& Tower with Radar,0,6,7,0,13,0,0,2,0,2,0,6,9,0,15,0,0,0,15
06/03/2013,HTS,WV,AEA,CE,Combined TRACON& Tower with Radar,7,12,5,0,24,0,0,1,0,1,7,12,6,0,25,2,0,2,27
06/04/2013,HTS,WV,AEA,CE,Combined TRACON& Tower with Radar,4,10,5,4,23,0,0,9,0,9,4,10,14,4,32,0,8,8,40
06/05/2013,HTS,WV,AEA,CE,Combined TRACON& Tower with Radar,8,10,6,0,24,0,0,1,0,1,8,10,7,0,25,0,0,0,25
06/06/2013,HTS,WV,AEA,CE,Combined TRACON& Tower with Radar,2,10,6,0,18,0,0,1,0,1,2,10,7,0,19,0,0,0,19
06/07/2013,HTS,WV,AEA,CE,Combined TRACON& Tower with Radar,10,13,13,2,38,0,0,0,0,0,10,13,13,2,38,0,0,0,38
06/08/2013,HTS,WV,AEA,CE,Combined TRACON& Tower with Radar,7,5,7,0,19,0,4,6,2,12,7,9,13,2,31,6,0,6,37
06/09/2013,HTS,WV,AEA,CE,Combined TRACON& Tower with Radar,0,8,3,0,11,0,0,9,0,9,0,8,12,0,20,0,0,0,20
06/10/2013,HTS,WV,AEA,CE,Combined TRACON& Tower with Radar,9,9,8,0,26,0,2,3,0,5,9,11,11,0,31,0,0,0,31
06/11/2013,HTS,WV,AEA,CE,Combined TRACON& Tower with Radar,4,12,5,0,21,0,2,6,0,8,4,14,11,0,29,2,0,2,31
06/12/2013,HTS,WV,AEA,CE,Combined TRACON& Tower with Radar,8,10,4,2,24,0,0,6,0,6,8,10,10,2,30,0,0,0,30
06/13/2013,HTS,WV,AEA,CE,Combined TRACON& Tower with Radar,2,8,8,0,18,0,0,1,0,1,2,8,9,0,19,0,0,0,19
06/14/2013,HTS,WV,AEA,CE,Combined TRACON& Tower with Radar,10,14,11,0,35,0,4,18,0,22,10,18,29,0,57,0,0,0,57
06/15/2013,HTS,WV,AEA,CE,Combined TRACON& Tower with Radar,9,7,18,0,34,0,2,17,0,19,9,9,35,0,53,8,0,8,61
06/16/2013,HTS,WV,AEA,CE,Combined TRACON& Tower with Radar,0,6,7,0,13,0,0,4,0,4,0,6,11,0,17,6,0,6,23
06/17/2013,HTS,WV,AEA,CE,Combined TRACON& Tower with Radar,9,10,5,0,24,0,0,10,0,10,9,10,15,0,34,4,0,4,38
06/18/2013,HTS,WV,AEA,CE,Combined TRACON& Tower with Radar,6,12,11,0,29,0,2,0,0,2,6,14,11,0,31,0,0,0,31
06/19/2013,HTS,WV,AEA,CE,Combined TRACON& Tower with Radar,8,8,17,12,45,0,2,14,2,18,8,10,31,14,63,48,0,48,111
06/20/2013,HTS,WV,AEA,CE,Combined TRACON& Tower with Radar,2,10,16,4,32,0,2,13,8,23,2,12,29,12,55,28,16,44,99
06/21/2013,HTS,WV,AEA,CE,Combined TRACON& Tower with Radar,10,14,7,0,31,0,3,7,0,10,10,17,14,0,41,0,0,0,41
06/22/2013,HTS,WV,AEA,CE,Combined TRACON& Tower with Radar,10,11,10,0,31,0,5,9,0,14,10,16,19,0,45,0,0,0,45
06/23/2013,HTS,WV,AEA,CE,Combined TRACON& Tower with Radar,0,6,9,0,15,0,0,14,0,14,0,6,23,0,29,0,0,0,29
06/24/2013,HTS,WV,AEA,CE,Combined TRACON& Tower with Radar,9,12,7,0,28,0,4,10,0,14,9,16,17,0,42,0,0,0,42
06/25/2013,HTS,WV,AEA,CE,Combined TRACON& Tower with Radar,6,14,9,2,31,0,0,16,0,16,6,14,25,2,47,0,0,0,47
06/26/2013,HTS,WV,AEA,CE,Combined TRACON& Tower with Radar,8,13,9,0,30,0,0,4,0,4,8,13,13,0,34,0,0,0,34
06/27/2013,HTS,WV,AEA,CE,Combined TRACON& Tower with Radar,2,11,12,2,27,0,0,3,0,3,2,11,15,2,30,0,0,0,30
06/28/2013,HTS,WV,AEA,CE,Combined TRACON& Tower with Radar,10,10,21,0,41,0,3,5,1,9,10,13,26,1,50,0,0,0,50
06/29/2013,HTS,WV,AEA,CE,Combined TRACON& Tower with Radar,9,9,8,14,40,0,2,11,1,14,9,11,19,15,54,0,0,0,54
06/30/2013,HTS,WV,AEA,CE,Combined TRACON& Tower with Radar,0,6,3,0,9,0,0,3,0,3,0,6,6,0,12,0,0,0,12
07/01/2013,HTS,WV,AEA,CE,Combined TRACON& Tower with Radar,11,16,5,0,32,0,2,1,0,3,11,18,6,0,35,0,0,0,35
07/02/2013,HTS,WV,AEA,CE,Combined TRACON& Tower with Radar,6,8,7,0,21,0,0,1,0,1,6,8,8,0,22,0,0,0,22
07/03/2013,HTS,WV,AEA,CE,Combined TRACON& Tower with Radar,8,12,3,0,23,0,2,3,0,5,8,14,6,0,28,0,0,0,28
07/04/2013,HTS,WV,AEA,CE,Combined TRACON& Tower with Radar,0,8,3,0,11,0,0,1,0,1,0,8,4,0,12,0,0,0,12
07/05/2013,HTS,WV,AEA,CE,Combined TRACON& Tower with Radar,10,12,2,0,24,0,2,0,0,2,10,14,2,0,26,26,0,26,52
07/06/2013,HTS,WV,AEA,CE,Combined TRACON& Tower with Radar,9,8,4,0,21,0,4,3,0,7,9,12,7,0,28,14,0,14,42
07/07/2013,HTS,WV,AEA,CE,Combined TRACON& Tower with Radar,0,10,5,0,15,0,0,2,0,2,0,10,7,0,17,0,0,0,17
07/08/2013,HTS,WV,AEA,CE,Combined TRACON& Tower with Radar,9,10,8,0,27,0,5,6,0,11,9,15,14,0,38,20,0,20,58
07/09/2013,HTS,WV,AEA,CE,Combined TRACON& Tower with Radar,4,11,14,0,29,0,0,5,0,5,4,11,19,0,34,2,0,2,36
07/10/2013,HTS,WV,AEA,CE,Combined TRACON& Tower with Radar,8,12,9,0,29,0,0,2,0,2,8,12,11,0,31,0,0,0,31
07/11/2013,HTS,WV,AEA,CE,Combined TRACON& Tower with Radar,3,17,10,9,39,0,1,1,0,2,3,18,11,9,41,0,24,24,65
07/12/2013,HTS,WV,AEA,CE,Combined TRACON& Tower with Radar,10,12,12,0,34,0,0,13,0,13,10,12,25,0,47,2,0,2,49
07/13/2013,HTS,WV,AEA,CE,Combined TRACON& Tower with Radar,7,6,13,0,26,0,4,15,0,19,7,10,28,0,45,20,0,20,65
07/14/2013,HTS,WV,AEA,CE,Combined TRACON& Tower with Radar,0,8,5,0,13,0,2,12,0,14,0,10,17,0,27,12,0,12,39
07/15/2013,HTS,WV,AEA,CE,Combined TRACON& Tower with Radar,9,10,10,0,29,0,2,20,0,22,9,12,30,0,51,24,0,24,75
07/16/2013,HTS,WV,AEA,CE,Combined TRACON& Tower with Radar,4,12,9,0,25,0,2,17,0,19,4,14,26,0,44,30,0,30,74
07/17/2013,HTS,WV,AEA,CE,Combined TRACON& Tower with Radar,8,9,5,3,25,0,3,10,1,14,8,12,15,4,39,2,8,10,49
07/18/2013,HTS,WV,AEA,CE,Combined TRACON& Tower with Radar,3,12,17,0,32,0,2,9,0,11,3,14,26,0,43,0,0,0,43
07/19/2013,HTS,WV,AEA,CE,Combined TRACON& Tower with Radar,10,10,7,2,29,0,0,10,0,10,10,10,17,2,39,0,0,0,39
07/20/2013,HTS,WV,AEA,CE,Combined TRACON& Tower with Radar,7,6,3,0,16,0,4,6,0,10,7,10,9,0,26,34,0,34,60
07/21/2013,HTS,WV,AEA,CE,Combined TRACON& Tower with Radar,0,6,7,0,13,0,0,1,0,1,0,6,8,0,14,0,0,0,14
07/22/2013,HTS,WV,AEA,CE,Combined TRACON& Tower with Radar,9,9,3,0,21,0,0,0,0,0,9,9,3,0,21,0,0,0,21
07/23/2013,HTS,WV,AEA,CE,Combined TRACON& Tower with Radar,4,10,11,2,27,0,0,6,0,6,4,10,17,2,33,0,4,4,37
07/24/2013,HTS,WV,AEA,CE,Combined TRACON& Tower with Radar,8,12,12,2,34,0,2,15,0,17,8,14,27,2,51,10,0,10,61
07/25/2013,HTS,WV,AEA,CE,Combined TRACON& Tower with Radar,1,11,5,0,17,0,2,42,4,48,1,13,47,4,65,50,0,50,115
07/26/2013,HTS,WV,AEA,CE,Combined TRACON& Tower with Radar,10,14,7,0,31,0,5,12,0,17,10,19,19,0,48,44,0,44,92
07/27/2013,HTS,WV,AEA,CE,Combined TRACON& Tower with Radar,7,7,4,0,18,0,0,10,0,10,7,7,14,0,28,32,0,32,60
07/28/2013,HTS,WV,AEA,CE,Combined TRACON& Tower with Radar,0,7,6,0,13,0,0,12,0,12,0,7,18,0,25,3,0,3,28
07/29/2013,HTS,WV,AEA,CE,Combined TRACON& Tower with Radar,9,10,15,0,34,0,2,24,5,31,9,12,39,5,65,14,2,16,81
07/30/2013,HTS,WV,AEA,CE,Combined TRACON& Tower with Radar,4,10,15,0,29,0,0,8,0,8,4,10,23,0,37,10,0,10,47
07/31/2013,HTS,WV,AEA,CE,Combined TRACON& Tower with Radar,6,12,12,0,30,0,0,5,0,5,6,12,17,0,35,2,0,2,37
08/01/2013,HTS,WV,AEA,CE,Combined TRACON& Tower with Radar,2,6,20,4,32,0,1,9,27,37,2,7,29,31,69,12,38,50,119
08/02/2013,HTS,WV,AEA,CE,Combined TRACON& Tower with Radar,10,13,13,2,38,0,5,31,2,38,10,18,44,4,76,72,0,72,148
08/03/2013,HTS,WV,AEA,CE,Combined TRACON& Tower with Radar,5,6,4,0,15,0,4,4,1,9,5,10,8,1,24,24,0,24,48
08/04/2013,HTS,WV,AEA,CE,Combined TRACON& Tower with Radar,0,6,9,0,15,0,0,9,0,9,0,6,18,0,24,16,0,16,40
08/05/2013,HTS,WV,AEA,CE,Combined TRACON& Tower with Radar,9,14,15,0,38,0,0,14,0,14,9,14,29,0,52,34,0,34,86
08/06/2013,HTS,WV,AEA,CE,Combined TRACON& Tower with Radar,2,12,10,2,26,0,6,16,0,22,2,18,26,2,48,40,0,40,88
08/07/2013,HTS,WV,AEA,CE,Combined TRACON& Tower with Radar,6,12,8,0,26,0,0,3,0,3,6,12,11,0,29,1,0,1,30
08/08/2013,HTS,WV,AEA,CE,Combined TRACON& Tower with Radar,2,10,6,0,18,0,0,1,0,1,2,10,7,0,19,0,0,0,19
08/09/2013,HTS,WV,AEA,CE,Combined TRACON& Tower with Radar,10,10,12,0,32,0,0,3,0,3,10,10,15,0,35,0,0,0,35
08/10/2013,HTS,WV,AEA,CE,Combined TRACON& Tower with Radar,6,6,6,1,19,0,0,3,1,4,6,6,9,2,23,2,0,2,25
08/11/2013,HTS,WV,AEA,CE,Combined TRACON& Tower with Radar,0,7,22,2,31,0,0,2,1,3,0,7,24,3,34,0,0,0,34
08/12/2013,HTS,WV,AEA,CE,Combined TRACON& Tower with Radar,10,12,7,0,29,0,0,1,2,3,10,12,8,2,32,0,0,0,32
08/13/2013,HTS,WV,AEA,CE,Combined TRACON& Tower with Radar,2,10,8,2,22,0,2,4,10,16,2,12,12,12,38,0,20,20,58
08/14/2013,HTS,WV,AEA,CE,Combined TRACON& Tower with Radar,2,11,13,4,30,0,0,23,2,25,2,11,36,6,55,26,16,42,97
08/15/2013,HTS,WV,AEA,CE,Combined TRACON& Tower with Radar,4,12,13,0,29,0,0,15,2,17,4,12,28,2,46,6,0,6,52
08/16/2013,HTS,WV,AEA,CE,Combined TRACON& Tower with Radar,6,10,17,0,33,0,1,18,2,21,6,11,35,2,54,2,0,2,56
08/17/2013,HTS,WV,AEA,CE,Combined TRACON& Tower with Radar,1,6,3,2,12,0,2,11,0,13,1,8,14,2,25,8,0,8,33
08/18/2013,HTS,WV,AEA,CE,Combined TRACON& Tower with Radar,2,6,10,0,18,0,2,2,0,4,2,8,12,0,22,0,0,0,22
08/19/2013,HTS,WV,AEA,CE,Combined TRACON& Tower with Radar,5,10,8,0,23,0,1,2,0,3,5,11,10,0,26,20,0,20,46
08/20/2013,HTS,WV,AEA,CE,Combined TRACON& Tower with Radar,2,12,7,0,21,0,1,19,0,20,2,13,26,0,41,42,6,48,89
08/21/2013,HTS,WV,AEA,CE,Combined TRACON& Tower with Radar,3,13,12,0,28,0,0,9,0,9,3,13,21,0,37,0,0,0,37
08/22/2013,HTS,WV,AEA,CE,Combined TRACON& Tower with Radar,7,13,5,2,27,0,1,0,3,4,7,14,5,5,31,0,0,0,31
08/23/2013,HTS,WV,AEA,CE,Combined TRACON& Tower with Radar,6,10,6,1,23,0,0,4,1,5,6,10,10,2,28,2,0,2,30
08/24/2013,HTS,WV,AEA,CE,Combined TRACON& Tower with Radar,1,6,6,0,13,0,0,11,2,13,1,6,17,2,26,22,0,22,48
08/25/2013,HTS,WV,AEA,CE,Combined TRACON& Tower with Radar,2,8,11,0,21,0,0,30,0,30,2,8,41,0,51,34,0,34,85
08/26/2013,HTS,WV,AEA,CE,Combined TRACON& Tower with Radar,5,10,3,0,18,0,0,15,2,17,5,10,18,2,35,7,0,7,42
08/27/2013,HTS,WV,AEA,CE,Combined TRACON& Tower with Radar,2,12,5,0,19,0,0,6,0,6,2,12,11,0,25,12,0,12,37
08/28/2013,HTS,WV,AEA,CE,Combined TRACON& Tower with Radar,2,10,6,0,18,0,0,5,2,7,2,10,11,2,25,8,0,8,33
08/29/2013,HTS,WV,AEA,CE,Combined TRACON& Tower with Radar,4,10,17,0,31,0,2,6,1,9,4,12,23,1,40,24,0,24,64
08/30/2013,HTS,WV,AEA,CE,Combined TRACON& Tower with Radar,6,15,8,5,34,0,0,12,0,12,6,15,20,5,46,20,0,20,66
08/31/2013,HTS,WV,AEA,CE,Combined TRACON& Tower with Radar,1,7,10,0,18,0,0,1,2,3,1,7,11,2,21,6,0,6,27
09/01/2013,HTS,WV,AEA,CE,Combined TRACON& Tower with Radar,2,8,4,0,14,0,0,0,0,0,2,8,4,0,14,0,0,0,14
09/02/2013,HTS,WV,AEA,CE,Combined TRACON& Tower with Radar,4,8,5,1,18,0,2,3,0,5,4,10,8,1,23,2,0,2,25
09/03/2013,HTS,WV,AEA,CE,Combined TRACON& Tower with Radar,1,15,5,0,21,0,1,13,0,14,1,16,18,0,35,4,0,4,39
09/04/2013,HTS,WV,AEA,CE,Combined TRACON& Tower with Radar,2,11,15,2,30,0,2,19,0,21,2,13,34,2,51,12,0,12,63
09/05/2013,HTS,WV,AEA,CE,Combined TRACON& Tower with Radar,6,11,10,0,27,0,3,10,2,15,6,14,20,2,42,0,0,0,42
09/06/2013,HTS,WV,AEA,CE,Combined TRACON& Tower with Radar,6,12,7,0,25,0,2,15,0,17,6,14,22,0,42,0,0,0,42
09/07/2013,HTS,WV,AEA,CE,Combined TRACON& Tower with Radar,1,9,2,0,12,0,2,21,2,25,1,11,23,2,37,20,0,20,57
09/08/2013,HTS,WV,AEA,CE,Combined TRACON& Tower with Radar,2,8,7,4,21,0,2,19,0,21,2,10,26,4,42,38,0,38,80
09/09/2013,HTS,WV,AEA,CE,Combined TRACON& Tower with Radar,5,12,10,0,27,0,1,6,0,7,5,13,16,0,34,6,0,6,40
09/10/2013,HTS,WV,AEA,CE,Combined TRACON& Tower with Radar,2,11,16,2,31,0,1,11,0,12,2,12,27,2,43,12,0,12,55
09/11/2013,HTS,WV,AEA,CE,Combined TRACON& Tower with Radar,2,10,9,0,21,0,2,6,0,8,2,12,15,0,29,0,0,0,29
09/12/2013,HTS,WV,AEA,CE,Combined TRACON& Tower with Radar,1,4,5,0,10,0,0,1,0,1,1,4,6,0,11,0,0,0,11
09/13/2013,HTS,WV,AEA,CE,Combined TRACON& Tower with Radar,6,10,12,2,30,0,2,10,14,26,6,12,22,16,56,19,0,19,75
09/14/2013,HTS,WV,AEA,CE,Combined TRACON& Tower with Radar,1,6,9,0,16,0,0,19,0,19,1,6,28,0,35,0,0,0,35
09/15/2013,HTS,WV,AEA,CE,Combined TRACON& Tower with Radar,2,8,10,0,20,0,4,21,0,25,2,12,31,0,45,0,0,0,45
09/16/2013,HTS,WV,AEA,CE,Combined TRACON& Tower with Radar,5,11,6,7,29,0,0,8,1,9,5,11,14,8,38,0,12,12,50
09/17/2013,HTS,WV,AEA,CE,Combined TRACON& Tower with Radar,2,10,15,0,27,0,0,16,0,16,2,10,31,0,43,0,0,0,43
09/18/2013,HTS,WV,AEA,CE,Combined TRACON& Tower with Radar,2,13,17,2,34,0,0,0,0,0,2,13,17,2,34,0,26,26,60
09/19/2013,HTS,WV,AEA,CE,Combined TRACON& Tower with Radar,6,11,12,0,29,0,2,1,0,3,6,13,13,0,32,0,0,0,32
09/20/2013,HTS,WV,AEA,CE,Combined TRACON& Tower with Radar,4,9,12,2,27,0,1,9,0,10,4,10,21,2,37,0,0,0,37
09/21/2013,HTS,WV,AEA,CE,Combined TRACON& Tower with Radar,1,7,4,0,12,0,0,2,0,2,1,7,6,0,14,0,0,0,14
09/22/2013,HTS,WV,AEA,CE,Combined TRACON& Tower with Radar,2,10,16,0,28,0,0,5,0,5,2,10,21,0,33,2,0,2,35
09/23/2013,HTS,WV,AEA,CE,Combined TRACON& Tower with Radar,2,10,19,0,31,0,3,18,0,21,2,13,37,0,52,0,0,0,52
09/24/2013,HTS,WV,AEA,CE,Combined TRACON& Tower with Radar,1,11,12,0,24,0,5,17,0,22,1,16,29,0,46,2,0,2,48
09/25/2013,HTS,WV,AEA,CE,Combined TRACON& Tower with Radar,2,12,14,0,28,0,3,15,1,19,2,15,29,1,47,22,0,22,69
09/26/2013,HTS,WV,AEA,CE,Combined TRACON& Tower with Radar,4,11,13,0,28,0,0,12,1,13,4,11,25,1,41,0,0,0,41
09/27/2013,HTS,WV,AEA,CE,Combined TRACON& Tower with Radar,4,12,3,3,22,0,0,10,11,21,4,12,13,14,43,18,20,38,81
09/28/2013,HTS,WV,AEA,CE,Combined TRACON& Tower with Radar,1,6,12,0,19,0,5,20,0,25,1,11,32,0,44,0,0,0,44
09/29/2013,HTS,WV,AEA,CE,Combined TRACON& Tower with Radar,2,10,8,0,20,0,1,9,0,10,2,11,17,0,30,32,0,32,62
09/30/2013,HTS,WV,AEA,CE,Combined TRACON& Tower with Radar,3,10,5,3,21,0,0,6,0,6,3,10,11,3,27,0,0,0,27
10/01/2013,HTS,WV,AEA,CE,Combined TRACON& Tower with Radar,4,10,20,0,34,0,1,15,0,16,4,11,35,0,50,20,0,20,70
10/02/2013,HTS,WV,AEA,CE,Combined TRACON& Tower with Radar,3,13,8,0,24,0,4,4,0,8,3,17,12,0,32,52,0,52,84
10/03/2013,HTS,WV,AEA,CE,Combined TRACON& Tower with Radar,6,12,9,0,27,0,0,1,0,1,6,12,10,0,28,0,0,0,28
10/04/2013,HTS,WV,AEA,CE,Combined TRACON& Tower with Radar,8,10,8,0,26,0,0,13,1,14,8,10,21,1,40,28,0,28,68
10/05/2013,HTS,WV,AEA,CE,Combined TRACON& Tower with Radar,3,8,7,0,18,0,2,13,0,15,3,10,20,0,33,16,0,16,49
10/06/2013,HTS,WV,AEA,CE,Combined TRACON& Tower with Radar,2,8,7,0,17,0,3,9,0,12,2,11,16,0,29,0,0,0,29
10/07/2013,HTS,WV,AEA,CE,Combined TRACON& Tower with Radar,3,10,2,0,15,0,0,5,0,5,3,10,7,0,20,0,0,0,20
10/08/2013,HTS,WV,AEA,CE,Combined TRACON& Tower with Radar,6,10,7,0,23,0,0,13,0,13,6,10,20,0,36,14,0,14,50
10/09/2013,HTS,WV,AEA,CE,Combined TRACON& Tower with Radar,6,11,8,0,25,0,2,13,0,15,6,13,21,0,40,24,0,24,64
10/10/2013,HTS,WV,AEA,CE,Combined TRACON& Tower with Radar,7,10,7,0,24,0,4,10,0,14,7,14,17,0,38,6,0,6,44
10/11/2013,HTS,WV,AEA,CE,Combined TRACON& Tower with Radar,8,10,9,0,27,0,0,10,0,10,8,10,19,0,37,24,0,24,61
10/12/2013,HTS,WV,AEA,CE,Combined TRACON& Tower with Radar,1,6,6,0,13,0,0,3,0,3,1,6,9,0,16,0,0,0,16
10/13/2013,HTS,WV,AEA,CE,Combined TRACON& Tower with Radar,4,8,8,0,20,0,2,9,0,11,4,10,17,0,31,48,0,48,79
10/14/2013,HTS,WV,AEA,CE,Combined TRACON& Tower with Radar,3,9,14,0,26,0,1,7,0,8,3,10,21,0,34,6,0,6,40
10/15/2013,HTS,WV,AEA,CE,Combined TRACON& Tower with Radar,4,11,11,0,26,0,0,12,2,14,4,11,23,2,40,0,0,0,40
10/16/2013,HTS,WV,AEA,CE,Combined TRACON& Tower with Radar,4,10,13,0,27,0,0,0,0,0,4,10,13,0,27,0,0,0,27
10/17/2013,HTS,WV,AEA,CE,Combined TRACON& Tower with Radar,6,10,8,0,24,0,0,0,0,0,6,10,8,0,24,0,0,0,24
10/18/2013,HTS,WV,AEA,CE,Combined TRACON& Tower with Radar,6,9,11,2,28,0,1,9,0,10,6,10,20,2,38,68,0,68,106
10/19/2013,HTS,WV,AEA,CE,Combined TRACON& Tower with Radar,1,10,7,0,18,0,0,3,0,3,1,10,10,0,21,16,0,16,37
10/20/2013,HTS,WV,AEA,CE,Combined TRACON& Tower with Radar,2,9,5,0,16,0,2,18,0,20,2,11,23,0,36,0,0,0,36
10/21/2013,HTS,WV,AEA,CE,Combined TRACON& Tower with Radar,3,10,20,0,33,0,0,20,0,20,3,10,40,0,53,38,0,38,91
10/22/2013,HTS,WV,AEA,CE,Combined TRACON& Tower with Radar,4,11,10,0,25,0,0,9,0,9,4,11,19,0,34,42,0,42,76
10/23/2013,HTS,WV,AEA,CE,Combined TRACON& Tower with Radar,7,11,9,0,27,0,0,1,0,1,7,11,10,0,28,0,0,0,28
10/24/2013,HTS,WV,AEA,CE,Combined TRACON& Tower with Radar,7,14,15,0,36,0,2,6,0,8,7,16,21,0,44,8,0,8,52
10/25/2013,HTS,WV,AEA,CE,Combined TRACON& Tower with Radar,8,14,18,0,40,0,0,9,0,9,8,14,27,0,49,4,0,4,53
10/26/2013,HTS,WV,AEA,CE,Combined TRACON& Tower with Radar,1,6,11,12,30,0,1,7,0,8,1,7,18,12,38,8,16,24,62
10/27/2013,HTS,WV,AEA,CE,Combined TRACON& Tower with Radar,2,8,19,0,29,0,0,19,0,19,2,8,38,0,48,32,0,32,80
10/28/2013,HTS,WV,AEA,CE,Combined TRACON& Tower with Radar,3,10,18,0,31,0,0,4,0,4,3,10,22,0,35,0,0,0,35
10/29/2013,HTS,WV,AEA,CE,Combined TRACON& Tower with Radar,4,10,6,0,20,0,0,4,0,4,4,10,10,0,24,0,0,0,24
10/30/2013,HTS,WV,AEA,CE,Combined TRACON& Tower with Radar,4,12,9,0,25,0,0,0,0,0,4,12,9,0,25,0,0,0,25
10/31/2013,HTS,WV,AEA,CE,Combined TRACON& Tower with Radar,4,13,8,0,25,0,0,4,0,4,4,13,12,0,29,0,0,0,29
11/01/2013,HTS,WV,AEA,CE,Combined TRACON& Tower with Radar,9,8,0,2,19,0,0,8,0,8,9,8,8,2,27,0,2,2,29
11/02/2013,HTS,WV,AEA,CE,Combined TRACON& Tower with Radar,6,4,9,1,20,0,0,10,1,11,6,4,19,2,31,0,0,0,31
11/03/2013,HTS,WV,AEA,CE,Combined TRACON& Tower with Radar,0,8,3,0,11,0,2,17,0,19,0,10,20,0,30,12,0,12,42
11/04/2013,HTS,WV,AEA,CE,Combined TRACON& Tower with Radar,15,14,20,0,49,14,0,17,0,31,29,14,37,0,80,20,0,20,100
11/05/2013,HTS,WV,AEA,CE,Combined TRACON& Tower with Radar,4,11,33,0,48,0,1,31,0,32,4,12,64,0,80,68,0,68,148
11/06/2013,HTS,WV,AEA,CE,Combined TRACON& Tower with Radar,4,10,14,4,32,0,0,6,2,8,4,10,20,6,40,0,0,0,40
11/07/2013,HTS,WV,AEA,CE,Combined TRACON& Tower with Radar,5,10,21,0,36,0,0,10,0,10,5,10,31,0,46,4,0,4,50
11/08/2013,HTS,WV,AEA,CE,Combined TRACON& Tower with Radar,8,11,16,0,35,0,1,17,0,18,8,12,33,0,53,40,0,40,93
11/09/2013,HTS,WV,AEA,CE,Combined TRACON& Tower with Radar,3,6,9,0,18,0,0,17,0,17,3,6,26,0,35,12,0,12,47
11/10/2013,HTS,WV,AEA,CE,Combined TRACON& Tower with Radar,0,11,16,0,27,0,0,12,0,12,0,11,28,0,39,0,0,0,39
11/11/2013,HTS,WV,AEA,CE,Combined TRACON& Tower with Radar,5,10,13,0,28,0,1,15,0,16,5,11,28,0,44,22,0,22,66
11/12/2013,HTS,WV,AEA,CE,Combined TRACON& Tower with Radar,4,11,10,0,25,0,0,2,4,6,4,11,12,4,31,0,1,1,32
11/13/2013,HTS,WV,AEA,CE,Combined TRACON& Tower with Radar,7,10,12,0,29,0,0,6,0,6,7,10,18,0,35,0,0,0,35
11/14/2013,HTS,WV,AEA,CE,Combined TRACON& Tower with Radar,4,9,14,2,29,0,1,14,2,17,4,10,28,4,46,16,0,16,62
11/15/2013,HTS,WV,AEA,CE,Combined TRACON& Tower with Radar,10,10,11,0,31,0,0,11,0,11,10,10,22,0,42,0,0,0,42
11/16/2013,HTS,WV,AEA,CE,Combined TRACON& Tower with Radar,1,6,8,0,15,0,0,8,0,8,1,6,16,0,23,76,0,76,99
11/17/2013,HTS,WV,AEA,CE,Combined TRACON& Tower with Radar,0,8,4,0,12,0,0,0,0,0,0,8,4,0,12,0,0,0,12
11/18/2013,HTS,WV,AEA,CE,Combined TRACON& Tower with Radar,5,11,5,0,21,0,0,1,0,1,5,11,6,0,22,0,0,0,22
11/19/2013,HTS,WV,AEA,CE,Combined TRACON& Tower with Radar,5,12,2,0,19,0,0,16,0,16,5,12,18,0,35,6,0,6,41
11/20/2013,HTS,WV,AEA,CE,Combined TRACON& Tower with Radar,5,10,3,0,18,0,0,21,0,21,5,10,24,0,39,0,0,0,39
11/21/2013,HTS,WV,AEA,CE,Combined TRACON& Tower with Radar,4,10,5,2,21,0,0,19,1,20,4,10,24,3,41,30,0,30,71
11/22/2013,HTS,WV,AEA,CE,Combined TRACON& Tower with Radar,10,10,21,0,41,0,0,0,0,0,10,10,21,0,41,0,0,0,41
11/23/2013,HTS,WV,AEA,CE,Combined TRACON& Tower with Radar,1,8,5,0,14,0,0,2,0,2,1,8,7,0,16,0,0,0,16
11/24/2013,HTS,WV,AEA,CE,Combined TRACON& Tower with Radar,4,8,10,0,22,0,0,8,0,8,4,8,18,0,30,30,0,30,60
11/25/2013,HTS,WV,AEA,CE,Combined TRACON& Tower with Radar,3,12,6,0,21,0,0,6,0,6,3,12,12,0,27,0,0,0,27
11/26/2013,HTS,WV,AEA,CE,Combined TRACON& Tower with Radar,8,5,2,0,15,0,0,0,0,0,8,5,2,0,15,0,0,0,15
11/27/2013,HTS,WV,AEA,CE,Combined TRACON& Tower with Radar,4,11,3,0,18,0,0,0,0,0,4,11,3,0,18,0,0,0,18
11/28/2013,HTS,WV,AEA,CE,Combined TRACON& Tower with Radar,3,7,1,0,11,0,0,6,0,6,3,7,7,0,17,8,0,8,25
11/29/2013,HTS,WV,AEA,CE,Combined TRACON& Tower with Radar,5,11,11,0,27,0,0,12,0,12,5,11,23,0,39,6,0,6,45
11/30/2013,HTS,WV,AEA,CE,Combined TRACON& Tower with Radar,5,10,3,0,18,0,0,9,0,9,5,10,12,0,27,50,0,50,77
12/01/2013,HTS,WV,AEA,CE,Combined TRACON& Tower with Radar,2,9,8,0,19,0,0,13,0,13,2,9,21,0,32,24,0,24,56
12/02/2013,HTS,WV,AEA,CE,Combined TRACON& Tower with Radar,3,11,12,0,26,0,0,3,0,3,3,11,15,0,29,30,0,30,59
12/03/2013,HTS,WV,AEA,CE,Combined TRACON& Tower with Radar,6,9,10,0,25,0,1,7,0,8,6,10,17,0,33,0,0,0,33
12/04/2013,HTS,WV,AEA,CE,Combined TRACON& Tower with Radar,4,12,14,2,32,0,0,11,6,17,4,12,25,8,49,0,0,0,49
12/05/2013,HTS,WV,AEA,CE,Combined TRACON& Tower with Radar,4,12,13,0,29,0,0,2,0,2,4,12,15,0,31,0,0,0,31
12/06/2013,HTS,WV,AEA,CE,Combined TRACON& Tower with Radar,12,10,2,0,24,0,0,0,0,0,12,10,2,0,24,0,0,0,24
12/07/2013,HTS,WV,AEA,CE,Combined TRACON& Tower with Radar,5,8,4,0,17,0,0,0,0,0,5,8,4,0,17,0,0,0,17
12/08/2013,HTS,WV,AEA,CE,Combined TRACON& Tower with Radar,0,4,1,0,5,0,0,0,0,0,0,4,1,0,5,0,0,0,5
12/09/2013,HTS,WV,AEA,CE,Combined TRACON& Tower with Radar,5,10,2,0,17,0,0,0,0,0,5,10,2,0,17,0,0,0,17
12/10/2013,HTS,WV,AEA,CE,Combined TRACON& Tower with Radar,4,8,5,4,21,0,0,7,3,10,4,8,12,7,31,0,4,4,35
12/11/2013,HTS,WV,AEA,CE,Combined TRACON& Tower with Radar,4,15,13,0,32,0,1,12,2,15,4,16,25,2,47,6,0,6,53
12/12/2013,HTS,WV,AEA,CE,Combined TRACON& Tower with Radar,4,17,14,0,35,0,1,8,7,16,4,18,22,7,51,4,0,4,55
12/13/2013,HTS,WV,AEA,CE,Combined TRACON& Tower with Radar,9,13,3,0,25,0,0,13,3,16,9,13,16,3,41,26,0,26,67
12/14/2013,HTS,WV,AEA,CE,Combined TRACON& Tower with Radar,1,6,3,0,10,0,0,0,0,0,1,6,3,0,10,0,0,0,10
12/15/2013,HTS,WV,AEA,CE,Combined TRACON& Tower with Radar,0,6,3,0,9,0,0,0,0,0,0,6,3,0,9,0,0,0,9
12/16/2013,HTS,WV,AEA,CE,Combined TRACON& Tower with Radar,5,12,4,0,21,0,0,1,0,1,5,12,5,0,22,0,0,0,22
12/17/2013,HTS,WV,AEA,CE,Combined TRACON& Tower with Radar,4,11,5,4,24,0,0,3,2,5,4,11,8,6,29,0,14,14,43
12/18/2013,HTS,WV,AEA,CE,Combined TRACON& Tower with Radar,4,13,11,0,28,0,0,8,2,10,4,13,19,2,38,29,0,29,67
12/19/2013,HTS,WV,AEA,CE,Combined TRACON& Tower with Radar,5,11,7,0,23,0,0,16,1,17,5,11,23,1,40,75,0,75,115
12/20/2013,HTS,WV,AEA,CE,Combined TRACON& Tower with Radar,8,11,13,0,32,0,0,12,0,12,8,11,25,0,44,0,0,0,44
12/21/2013,HTS,WV,AEA,CE,Combined TRACON& Tower with Radar,1,9,3,0,13,0,0,0,0,0,1,9,3,0,13,0,0,0,13
12/22/2013,HTS,WV,AEA,CE,Combined TRACON& Tower with Radar,2,6,6,0,14,0,0,1,0,1,2,6,7,0,15,0,0,0,15
12/23/2013,HTS,WV,AEA,CE,Combined TRACON& Tower with Radar,3,14,6,0,23,0,0,8,0,8,3,14,14,0,31,0,0,0,31
12/24/2013,HTS,WV,AEA,CE,Combined TRACON& Tower with Radar,6,5,0,0,11,0,0,0,0,0,6,5,0,0,11,0,0,0,11
12/25/2013,HTS,WV,AEA,CE,Combined TRACON& Tower with Radar,0,5,1,0,6,0,0,5,0,5,0,5,6,0,11,0,0,0,11
12/26/2013,HTS,WV,AEA,CE,Combined TRACON& Tower with Radar,7,11,11,0,29,0,0,3,0,3,7,11,14,0,32,0,0,0,32
12/27/2013,HTS,WV,AEA,CE,Combined TRACON& Tower with Radar,6,10,3,0,19,0,0,8,0,8,6,10,11,0,27,25,0,25,52
12/28/2013,HTS,WV,AEA,CE,Combined TRACON& Tower with Radar,3,7,9,0,19,0,0,18,0,18,3,7,27,0,37,14,0,14,51
12/29/2013,HTS,WV,AEA,CE,Combined TRACON& Tower with Radar,2,9,4,0,15,0,0,0,0,0,2,9,4,0,15,0,0,0,15
12/30/2013,HTS,WV,AEA,CE,Combined TRACON& Tower with Radar,3,12,0,0,15,0,2,5,0,7,3,14,5,0,22,0,0,0,22
12/31/2013,HTS,WV,AEA,CE,Combined TRACON& Tower with Radar,6,7,0,0,13,0,1,6,0,7,6,8,6,0,20,14,0,14,34
01/01/2014,HTS,WV,AEA,CE,Combined TRACON& Tower with Radar,2,10,7,0,19,0,2,7,0,9,2,12,14,0,28,28,0,28,56
01/02/2014,HTS,WV,AEA,CE,Combined TRACON& Tower with Radar,4,10,1,1,16,0,0,0,0,0,4,10,1,1,16,0,0,0,16
01/03/2014,HTS,WV,AEA,CE,Combined TRACON& Tower with Radar,8,9,3,3,23,0,1,0,0,1,8,10,3,3,24,0,0,0,24
01/04/2014,HTS,WV,AEA,CE,Combined TRACON& Tower with Radar,3,8,5,0,16,0,2,14,0,16,3,10,19,0,32,12,0,12,44
01/05/2014,HTS,WV,AEA,CE,Combined TRACON& Tower with Radar,0,8,3,0,11,0,0,5,0,5,0,8,8,0,16,2,0,2,18
01/06/2014,HTS,WV,AEA,CE,Combined TRACON& Tower with Radar,5,10,2,0,17,0,0,0,0,0,5,10,2,0,17,0,0,0,17
01/07/2014,HTS,WV,AEA,CE,Combined TRACON& Tower with Radar,3,17,1,0,21,0,2,0,0,2,3,19,1,0,23,0,0,0,23
01/08/2014,HTS,WV,AEA,CE,Combined TRACON& Tower with Radar,4,10,8,4,26,0,0,6,6,12,4,10,14,10,38,8,0,8,46
01/09/2014,HTS,WV,AEA,CE,Combined TRACON& Tower with Radar,4,10,4,2,20,0,0,4,7,11,4,10,8,9,31,0,0,0,31
01/10/2014,HTS,WV,AEA,CE,Combined TRACON& Tower with Radar,8,8,11,0,27,0,0,2,2,4,8,8,13,2,31,0,0,0,31
01/11/2014,HTS,WV,AEA,CE,Combined TRACON& Tower with Radar,1,6,5,0,12,0,0,1,0,1,1,6,6,0,13,0,0,0,13
01/12/2014,HTS,WV,AEA,CE,Combined TRACON& Tower with Radar,0,8,5,0,13,0,0,9,0,9,0,8,14,0,22,0,0,0,22
01/13/2014,HTS,WV,AEA,CE,Combined TRACON& Tower with Radar,5,10,9,0,24,0,0,4,0,4,5,10,13,0,28,0,0,0,28
01/14/2014,HTS,WV,AEA,CE,Combined TRACON& Tower with Radar,5,10,11,0,26,0,0,3,0,3,5,10,14,0,29,0,0,0,29
01/15/2014,HTS,WV,AEA,CE,Combined TRACON& Tower with Radar,4,15,6,4,29,0,0,5,3,8,4,15,11,7,37,0,0,0,37
01/16/2014,HTS,WV,AEA,CE,Combined TRACON& Tower with Radar,4,15,6,4,29,0,0,6,4,10,4,15,12,8,39,16,0,16,55
01/17/2014,HTS,WV,AEA,CE,Combined TRACON& Tower with Radar,8,14,5,0,27,0,0,0,0,0,8,14,5,0,27,0,0,0,27
01/18/2014,HTS,WV,AEA,CE,Combined TRACON& Tower with Radar,1,10,1,0,12,0,0,4,0,4,1,10,5,0,16,0,0,0,16
01/19/2014,HTS,WV,AEA,CE,Combined TRACON& Tower with Radar,0,6,6,0,12,0,0,0,0,0,0,6,6,0,12,0,0,0,12
01/20/2014,HTS,WV,AEA,CE,Combined TRACON& Tower with Radar,3,8,2,0,13,0,2,3,0,5,3,10,5,0,18,0,0,0,18
01/21/2014,HTS,WV,AEA,CE,Combined TRACON& Tower with Radar,6,9,1,0,16,0,0,1,0,1,6,9,2,0,17,0,0,0,17
01/22/2014,HTS,WV,AEA,CE,Combined TRACON& Tower with Radar,4,11,13,2,30,0,1,2,0,3,4,12,15,2,33,0,0,0,33
01/23/2014,HTS,WV,AEA,CE,Combined TRACON& Tower with Radar,4,13,4,1,22,0,0,3,1,4,4,13,7,2,26,0,0,0,26
01/24/2014,HTS,WV,AEA,CE,Combined TRACON& Tower with Radar,8,13,5,0,26,0,0,9,0,9,8,13,14,0,35,0,0,0,35
01/25/2014,HTS,WV,AEA,CE,Combined TRACON& Tower with Radar,3,8,1,0,12,0,0,1,0,1,3,8,2,0,13,0,0,0,13
01/26/2014,HTS,WV,AEA,CE,Combined TRACON& Tower with Radar,0,8,3,0,11,0,0,1,0,1,0,8,4,0,12,0,0,0,12
01/27/2014,HTS,WV,AEA,CE,Combined TRACON& Tower with Radar,5,9,3,0,17,0,2,0,0,2,5,11,3,0,19,0,0,0,19
01/28/2014,HTS,WV,AEA,CE,Combined TRACON& Tower with Radar,4,15,2,0,21,0,1,4,1,6,4,16,6,1,27,10,0,10,37
01/29/2014,HTS,WV,AEA,CE,Combined TRACON& Tower with Radar,4,14,5,3,26,0,1,4,2,7,4,15,9,5,33,10,0,10,43
01/30/2014,HTS,WV,AEA,CE,Combined TRACON& Tower with Radar,4,10,9,0,23,0,0,10,2,12,4,10,19,2,35,0,0,0,35
01/31/2014,HTS,WV,AEA,CE,Combined TRACON& Tower with Radar,9,10,5,0,24,0,0,9,0,9,9,10,14,0,33,0,0,0,33
02/01/2014,HTS,WV,AEA,CE,Combined TRACON& Tower with Radar,1,9,2,5,17,0,0,8,3,11,1,9,10,8,28,10,12,22,50
02/02/2014,HTS,WV,AEA,CE,Combined TRACON& Tower with Radar,0,10,0,0,10,0,0,0,0,0,0,10,0,0,10,0,0,0,10
02/03/2014,HTS,WV,AEA,CE,Combined TRACON& Tower with Radar,5,12,5,0,22,0,0,0,0,0,5,12,5,0,22,0,0,0,22
02/04/2014,HTS,WV,AEA,CE,Combined TRACON& Tower with Radar,4,13,4,0,21,0,0,0,2,2,4,13,4,2,23,0,0,0,23
02/05/2014,HTS,WV,AEA,CE,Combined TRACON& Tower with Radar,5,21,8,0,34,0,0,0,0,0,5,21,8,0,34,0,0,0,34
02/06/2014,HTS,WV,AEA,CE,Combined TRACON& Tower with Radar,4,11,10,8,33,0,1,0,0,1,4,12,10,8,34,0,0,0,34
02/07/2014,HTS,WV,AEA,CE,Combined TRACON& Tower with Radar,8,14,13,0,35,0,0,3,0,3,8,14,16,0,38,0,0,0,38
02/08/2014,HTS,WV,AEA,CE,Combined TRACON& Tower with Radar,1,8,2,0,11,0,0,1,0,1,1,8,3,0,12,0,0,0,12
02/09/2014,HTS,WV,AEA,CE,Combined TRACON& Tower with Radar,0,8,1,0,9,0,0,0,0,0,0,8,1,0,9,0,0,0,9
02/10/2014,HTS,WV,AEA,CE,Combined TRACON& Tower with Radar,5,11,12,0,28,0,0,7,1,8,5,11,19,1,36,0,0,0,36
02/11/2014,HTS,WV,AEA,CE,Combined TRACON& Tower with Radar,4,8,8,0,20,0,0,10,0,10,4,8,18,0,30,6,0,6,36
02/12/2014,HTS,WV,AEA,CE,Combined TRACON& Tower with Radar,4,2,9,0,15,0,0,12,2,14,4,2,21,2,29,26,0,26,55
02/13/2014,HTS,WV,AEA,CE,Combined TRACON& Tower with Radar,6,2,4,0,12,0,0,3,0,3,6,2,7,0,15,0,0,0,15
02/14/2014,HTS,WV,AEA,CE,Combined TRACON& Tower with Radar,6,10,4,3,23,0,0,6,3,9,6,10,10,6,32,4,20,24,56
02/15/2014,HTS,WV,AEA,CE,Combined TRACON& Tower with Radar,1,7,4,0,12,0,0,3,0,3,1,7,7,0,15,0,0,0,15
02/16/2014,HTS,WV,AEA,CE,Combined TRACON& Tower with Radar,2,15,4,0,21,0,0,2,0,2,2,15,6,0,23,0,0,0,23
02/17/2014,HTS,WV,AEA,CE,Combined TRACON& Tower with Radar,3,12,7,0,22,0,0,4,0,4,3,12,11,0,26,0,0,0,26
02/18/2014,HTS,WV,AEA,CE,Combined TRACON& Tower with Radar,4,10,5,0,19,0,0,1,0,1,4,10,6,0,20,4,0,4,24
02/19/2014,HTS,WV,AEA,CE,Combined TRACON& Tower with Radar,4,11,16,2,33,0,0,1,7,8,4,11,17,9,41,0,0,0,41
02/20/2014,HTS,WV,AEA,CE,Combined TRACON& Tower with Radar,9,12,8,1,30,0,1,0,2,3,9,13,8,3,33,0,0,0,33
02/21/2014,HTS,WV,AEA,CE,Combined TRACON& Tower with Radar,7,11,7,0,25,0,0,8,1,9,7,11,15,1,34,0,0,0,34
02/22/2014,HTS,WV,AEA,CE,Combined TRACON& Tower with Radar,1,9,4,0,14,0,0,11,0,11,1,9,15,0,25,8,0,8,33
02/23/2014,HTS,WV,AEA,CE,Combined TRACON& Tower with Radar,2,8,6,0,16,0,0,14,0,14,2,8,20,0,30,20,0,20,50
02/24/2014,HTS,WV,AEA,CE,Combined TRACON& Tower with Radar,3,13,4,4,24,0,4,4,2,10,3,17,8,6,34,0,0,0,34
02/25/2014,HTS,WV,AEA,CE,Combined TRACON& Tower with Radar,4,14,8,0,26,0,0,0,0,0,4,14,8,0,26,0,0,0,26
02/26/2014,HTS,WV,AEA,CE,Combined TRACON& Tower with Radar,4,10,8,0,22,0,0,17,0,17,4,10,25,0,39,22,0,22,61
02/27/2014,HTS,WV,AEA,CE,Combined TRACON& Tower with Radar,6,13,6,0,25,0,0,3,0,3,6,13,9,0,28,0,0,0,28
02/28/2014,HTS,WV,AEA,CE,Combined TRACON& Tower with Radar,6,12,10,2,30,0,0,19,0,19,6,12,29,2,49,0,0,0,49
03/01/2014,HTS,WV,AEA,CE,Combined TRACON& Tower with Radar,1,7,4,0,12,0,0,1,0,1,1,7,5,0,13,0,0,0,13
03/02/2014,HTS,WV,AEA,CE,Combined TRACON& Tower with Radar,2,12,0,0,14,0,0,0,0,0,2,12,0,0,14,0,0,0,14
03/03/2014,HTS,WV,AEA,CE,Combined TRACON& Tower with Radar,3,9,0,0,12,0,0,1,0,1,3,9,1,0,13,0,0,0,13
03/04/2014,HTS,WV,AEA,CE,Combined TRACON& Tower with Radar,4,11,4,0,19,0,0,10,0,10,4,11,14,0,29,0,0,0,29
03/05/2014,HTS,WV,AEA,CE,Combined TRACON& Tower with Radar,4,13,6,1,24,0,0,6,4,10,4,13,12,5,34,4,0,4,38
03/06/2014,HTS,WV,AEA,CE,Combined TRACON& Tower with Radar,6,11,13,2,32,0,1,12,0,13,6,12,25,2,45,6,0,6,51
03/07/2014,HTS,WV,AEA,CE,Combined TRACON& Tower with Radar,6,11,4,0,21,0,0,9,2,11,6,11,13,2,32,4,0,4,36
03/08/2014,HTS,WV,AEA,CE,Combined TRACON& Tower with Radar,1,8,6,0,15,0,0,7,0,7,1,8,13,0,22,0,0,0,22
03/09/2014,HTS,WV,AEA,CE,Combined TRACON& Tower with Radar,2,12,10,0,24,0,0,7,0,7,2,12,17,0,31,2,0,2,33
03/10/2014,HTS,WV,AEA,CE,Combined TRACON& Tower with Radar,3,11,10,6,30,0,0,9,0,9,3,11,19,6,39,0,0,0,39
03/11/2014,HTS,WV,AEA,CE,Combined TRACON& Tower with Radar,4,13,14,0,31,0,2,22,0,24,4,15,36,0,55,0,0,0,55
03/12/2014,HTS,WV,AEA,CE,Combined TRACON& Tower with Radar,6,13,2,0,21,0,0,0,0,0,6,13,2,0,21,0,0,0,21
03/13/2014,HTS,WV,AEA,CE,Combined TRACON& Tower with Radar,6,11,6,8,31,0,2,10,0,12,6,13,16,8,43,0,0,0,43
03/14/2014,HTS,WV,AEA,CE,Combined TRACON& Tower with Radar,6,11,2,2,21,0,0,3,1,4,6,11,5,3,25,0,2,2,27
03/15/2014,HTS,WV,AEA,CE,Combined TRACON& Tower with Radar,1,6,11,0,18,0,0,6,0,6,1,6,17,0,24,0,0,0,24
03/16/2014,HTS,WV,AEA,CE,Combined TRACON& Tower with Radar,2,8,2,0,12,0,2,3,0,5,2,10,5,0,17,6,0,6,23
03/17/2014,HTS,WV,AEA,CE,Combined TRACON& Tower with Radar,4,13,5,0,22,0,0,0,0,0,4,13,5,0,22,0,0,0,22
03/18/2014,HTS,WV,AEA,CE,Combined TRACON& Tower with Radar,4,10,10,0,24,0,0,14,0,14,4,10,24,0,38,0,0,0,38
03/19/2014,HTS,WV,AEA,CE,Combined TRACON& Tower with Radar,7,10,6,0,23,0,0,0,0,0,7,10,6,0,23,0,0,0,23
03/20/2014,HTS,WV,AEA,CE,Combined TRACON& Tower with Radar,6,10,10,4,30,0,2,6,4,12,6,12,16,8,42,0,0,0,42
03/21/2014,HTS,WV,AEA,CE,Combined TRACON& Tower with Radar,6,8,16,0,30,0,0,21,0,21,6,8,37,0,51,24,0,24,75
03/22/2014,HTS,WV,AEA,CE,Combined TRACON& Tower with Radar,3,6,0,0,9,0,0,13,0,13,3,6,13,0,22,2,0,2,24
03/23/2014,HTS,WV,AEA,CE,Combined TRACON& Tower with Radar,2,6,6,0,14,0,2,7,4,13,2,8,13,4,27,0,0,0,27
03/24/2014,HTS,WV,AEA,CE,Combined TRACON& Tower with Radar,3,10,5,9,27,0,0,20,0,20,3,10,25,9,47,8,0,8,55
03/25/2014,HTS,WV,AEA,CE,Combined TRACON& Tower with Radar,4,8,3,0,15,0,0,0,0,0,4,8,3,0,15,0,0,0,15
03/26/2014,HTS,WV,AEA,CE,Combined TRACON& Tower with Radar,6,10,7,0,23,0,2,11,0,13,6,12,18,0,36,56,0,56,92
03/27/2014,HTS,WV,AEA,CE,Combined TRACON& Tower with Radar,7,12,11,0,30,0,0,6,0,6,7,12,17,0,36,28,0,28,64
03/28/2014,HTS,WV,AEA,CE,Combined TRACON& Tower with Radar,6,10,9,4,29,0,0,0,0,0,6,10,9,4,29,0,0,0,29
03/29/2014,HTS,WV,AEA,CE,Combined TRACON& Tower with Radar,3,11,0,2,16,0,0,0,0,0,3,11,0,2,16,0,0,0,16
03/30/2014,HTS,WV,AEA,CE,Combined TRACON& Tower with Radar,2,8,5,2,17,0,0,6,0,6,2,8,11,2,23,0,0,0,23
03/31/2014,HTS,WV,AEA,CE,Combined TRACON& Tower with Radar,3,10,9,0,22,0,1,11,0,12,3,11,20,0,34,12,0,12,46
04/01/2014,HTS,WV,AEA,CE,Combined TRACON& Tower with Radar,6,11,13,0,30,0,0,16,2,18,6,11,29,2,48,0,0,0,48
04/02/2014,HTS,WV,AEA,CE,Combined TRACON& Tower with Radar,6,10,3,0,19,0,0,6,0,6,6,10,9,0,25,14,0,14,39
04/03/2014,HTS,WV,AEA,CE,Combined TRACON& Tower with Radar,6,9,9,0,24,0,0,2,0,2,6,9,11,0,26,0,0,0,26
04/04/2014,HTS,WV,AEA,CE,Combined TRACON& Tower with Radar,6,9,1,0,16,0,0,1,2,3,6,9,2,2,19,0,0,0,19
04/05/2014,HTS,WV,AEA,CE,Combined TRACON& Tower with Radar,1,5,5,0,11,0,0,21,0,21,1,5,26,0,32,8,0,8,40
04/06/2014,HTS,WV,AEA,CE,Combined TRACON& Tower with Radar,2,7,11,2,22,0,0,17,0,17,2,7,28,2,39,0,0,0,39
04/07/2014,HTS,WV,AEA,CE,Combined TRACON& Tower with Radar,3,8,5,0,16,0,0,0,0,0,3,8,5,0,16,0,0,0,16
04/08/2014,HTS,WV,AEA,CE,Combined TRACON& Tower with Radar,4,9,12,0,25,0,1,3,0,4,4,10,15,0,29,0,0,0,29
04/09/2014,HTS,WV,AEA,CE,Combined TRACON& Tower with Radar,4,16,14,0,34,0,1,22,0,23,4,17,36,0,57,20,0,20,77
04/10/2014,HTS,WV,AEA,CE,Combined TRACON& Tower with Radar,6,10,7,2,25,0,1,8,0,9,6,11,15,2,34,0,0,0,34
04/11/2014,HTS,WV,AEA,CE,Combined TRACON& Tower with Radar,6,12,4,0,22,0,0,0,0,0,6,12,4,0,22,0,0,0,22
04/12/2014,HTS,WV,AEA,CE,Combined TRACON& Tower with Radar,1,4,6,0,11,0,0,20,0,20,1,4,26,0,31,38,0,38,69
04/13/2014,HTS,WV,AEA,CE,Combined TRACON& Tower with Radar,2,8,4,0,14,0,0,3,0,3,2,8,7,0,17,12,0,12,29
04/14/2014,HTS,WV,AEA,CE,Combined TRACON& Tower with Radar,3,11,0,0,14,0,0,0,0,0,3,11,0,0,14,0,0,0,14
04/15/2014,HTS,WV,AEA,CE,Combined TRACON& Tower with Radar,4,8,6,0,18,0,0,0,0,0,4,8,6,0,18,0,0,0,18
04/16/2014,HTS,WV,AEA,CE,Combined TRACON& Tower with Radar,4,10,16,2,32,0,0,19,2,21,4,10,35,4,53,0,0,0,53
04/17/2014,HTS,WV,AEA,CE,Combined TRACON& Tower with Radar,6,11,6,0,23,0,0,14,3,17,6,11,20,3,40,14,0,14,54
04/18/2014,HTS,WV,AEA,CE,Combined TRACON& Tower with Radar,5,11,7,4,27,0,0,5,0,5,5,11,12,4,32,6,0,6,38
04/19/2014,HTS,WV,AEA,CE,Combined TRACON& Tower with Radar,1,6,3,0,10,0,0,11,1,12,1,6,14,1,22,26,0,26,48
04/20/2014,HTS,WV,AEA,CE,Combined TRACON& Tower with Radar,2,8,6,0,16,0,0,16,1,17,2,8,22,1,33,36,0,36,69
04/21/2014,HTS,WV,AEA,CE,Combined TRACON& Tower with Radar,3,13,10,0,26,0,0,10,0,10,3,13,20,0,36,16,0,16,52
04/22/2014,HTS,WV,AEA,CE,Combined TRACON& Tower with Radar,4,11,9,1,25,0,0,2,1,3,4,11,11,2,28,4,0,4,32
04/23/2014,HTS,WV,AEA,CE,Combined TRACON& Tower with Radar,4,13,8,6,31,0,1,5,10,16,4,14,13,16,47,6,0,6,53
04/24/2014,HTS,WV,AEA,CE,Combined TRACON& Tower with Radar,6,11,15,4,36,0,0,11,0,11,6,11,26,4,47,0,0,0,47
04/25/2014,HTS,WV,AEA,CE,Combined TRACON& Tower with Radar,6,10,4,0,20,0,0,4,0,4,6,10,8,0,24,4,0,4,28
04/26/2014,HTS,WV,AEA,CE,Combined TRACON& Tower with Radar,1,6,11,0,18,0,0,12,0,12,1,6,23,0,30,0,0,0,30
04/27/2014,HTS,WV,AEA,CE,Combined TRACON& Tower with Radar,2,10,16,8,36,0,2,15,0,17,2,12,31,8,53,14,4,18,71
04/28/2014,HTS,WV,AEA,CE,Combined TRACON& Tower with Radar,3,12,8,0,23,0,0,0,0,0,3,12,8,0,23,0,0,0,23
04/29/2014,HTS,WV,AEA,CE,Combined TRACON& Tower with Radar,6,8,2,0,16,0,0,0,2,2,6,8,2,2,18,0,0,0,18
04/30/2014,HTS,WV,AEA,CE,Combined TRACON& Tower with Radar,6,11,3,0,20,0,0,0,0,0,6,11,3,0,20,0,0,0,20
05/01/2014,HTS,WV,AEA,CE,Combined TRACON& Tower with Radar,4,6,8,0,18,0,0,2,0,2,4,6,10,0,20,0,0,0,20
05/02/2014,HTS,WV,AEA,CE,Combined TRACON& Tower with Radar,8,7,10,0,25,0,1,7,0,8,8,8,17,0,33,10,0,10,43
05/03/2014,HTS,WV,AEA,CE,Combined TRACON& Tower with Radar,3,6,1,0,10,0,1,12,0,13,3,7,13,0,23,8,0,8,31
05/04/2014,HTS,WV,AEA,CE,Combined TRACON& Tower with Radar,0,10,3,0,13,0,0,9,0,9,0,10,12,0,22,0,0,0,22
05/05/2014,HTS,WV,AEA,CE,Combined TRACON& Tower with Radar,7,9,4,0,20,0,2,9,0,11,7,11,13,0,31,42,0,42,73
05/06/2014,HTS,WV,AEA,CE,Combined TRACON& Tower with Radar,4,11,5,1,21,0,0,9,2,11,4,11,14,3,32,0,0,0,32
05/07/2014,HTS,WV,AEA,CE,Combined TRACON& Tower with Radar,6,16,11,0,33,0,0,5,2,7,6,16,16,2,40,0,0,0,40
05/08/2014,HTS,WV,AEA,CE,Combined TRACON& Tower with Radar,4,8,20,0,32,0,1,17,0,18,4,9,37,0,50,24,0,24,74
05/09/2014,HTS,WV,AEA,CE,Combined TRACON& Tower with Radar,10,12,9,0,31,0,2,0,0,2,10,14,9,0,33,22,0,22,55
05/10/2014,HTS,WV,AEA,CE,Combined TRACON& Tower with Radar,3,9,5,0,17,0,0,3,0,3,3,9,8,0,20,8,0,8,28
05/11/2014,HTS,WV,AEA,CE,Combined TRACON& Tower with Radar,0,10,5,0,15,0,2,6,0,8,0,12,11,0,23,44,0,44,67
05/12/2014,HTS,WV,AEA,CE,Combined TRACON& Tower with Radar,7,6,3,1,17,0,1,4,2,7,7,7,7,3,24,0,0,0,24
05/13/2014,HTS,WV,AEA,CE,Combined TRACON& Tower with Radar,7,11,14,1,33,0,2,8,0,10,7,13,22,1,43,2,0,2,45
05/14/2014,HTS,WV,AEA,CE,Combined TRACON& Tower with Radar,6,9,10,0,25,0,3,4,0,7,6,12,14,0,32,0,0,0,32
05/15/2014,HTS,WV,AEA,CE,Combined TRACON& Tower with Radar,5,11,7,0,23,0,0,0,0,0,5,11,7,0,23,0,0,0,23
05/16/2014,HTS,WV,AEA,CE,Combined TRACON& Tower with Radar,10,8,13,2,33,0,0,8,0,8,10,8,21,2,41,30,0,30,71
05/17/2014,HTS,WV,AEA,CE,Combined TRACON& Tower with Radar,5,6,12,0,23,0,2,7,1,10,5,8,19,1,33,4,0,4,37
05/18/2014,HTS,WV,AEA,CE,Combined TRACON& Tower with Radar,0,8,8,0,16,0,2,22,0,24,0,10,30,0,40,26,0,26,66
05/19/2014,HTS,WV,AEA,CE,Combined TRACON& Tower with Radar,7,8,10,0,25,0,0,14,0,14,7,8,24,0,39,0,0,0,39
05/20/2014,HTS,WV,AEA,CE,Combined TRACON& Tower with Radar,4,8,9,2,23,0,2,10,0,12,4,10,19,2,35,2,10,12,47
05/21/2014,HTS,WV,AEA,CE,Combined TRACON& Tower with Radar,8,8,11,2,29,0,0,2,7,9,8,8,13,9,38,0,0,0,38
05/22/2014,HTS,WV,AEA,CE,Combined TRACON& Tower with Radar,4,12,6,0,22,0,0,12,0,12,4,12,18,0,34,20,0,20,54
05/23/2014,HTS,WV,AEA,CE,Combined TRACON& Tower with Radar,10,10,7,0,27,0,5,16,0,21,10,15,23,0,48,34,0,34,82
05/24/2014,HTS,WV,AEA,CE,Combined TRACON& Tower with Radar,5,6,4,2,17,0,1,16,0,17,5,7,20,2,34,48,0,48,82
05/25/2014,HTS,WV,AEA,CE,Combined TRACON& Tower with Radar,0,9,2,0,11,0,0,5,0,5,0,9,7,0,16,20,0,20,36
05/26/2014,HTS,WV,AEA,CE,Combined TRACON& Tower with Radar,6,7,2,0,15,0,0,14,0,14,6,7,16,0,29,2,0,2,31
05/27/2014,HTS,WV,AEA,CE,Combined TRACON& Tower with Radar,1,10,8,1,20,0,0,1,0,1,1,10,9,1,21,0,0,0,21
05/28/2014,HTS,WV,AEA,CE,Combined TRACON& Tower with Radar,10,12,16,1,39,0,2,6,1,9,10,14,22,2,48,0,0,0,48
05/29/2014,HTS,WV,AEA,CE,Combined TRACON& Tower with Radar,4,5,5,1,15,0,0,2,0,2,4,5,7,1,17,0,0,0,17
05/30/2014,HTS,WV,AEA,CE,Combined TRACON& Tower with Radar,10,10,17,0,37,0,2,7,0,9,10,12,24,0,46,36,0,36,82
05/31/2014,HTS,WV,AEA,CE,Combined TRACON& Tower with Radar,7,9,11,2,29,0,0,21,0,21,7,9,32,2,50,50,4,54,104
06/01/2014,HTS,WV,AEA,CE,Combined TRACON& Tower with Radar,0,6,9,0,15,0,0,11,0,11,0,6,20,0,26,20,0,20,46
06/02/2014,HTS,WV,AEA,CE,Combined TRACON& Tower with Radar,8,9,5,0,22,0,1,2,0,3,8,10,7,0,25,0,0,0,25
06/03/2014,HTS,WV,AEA,CE,Combined TRACON& Tower with Radar,6,12,9,0,27,0,0,7,0,7,6,12,16,0,34,0,0,0,34
06/04/2014,HTS,WV,AEA,CE,Combined TRACON& Tower with Radar,10,7,2,0,19,0,0,2,0,2,10,7,4,0,21,0,0,0,21
06/05/2014,HTS,WV,AEA,CE,Combined TRACON& Tower with Radar,4,11,18,0,33,0,0,3,0,3,4,11,21,0,36,64,0,64,100
06/06/2014,HTS,WV,AEA,CE,Combined TRACON& Tower with Radar,10,9,5,0,24,0,0,26,3,29,10,9,31,3,53,24,0,24,77
06/07/2014,HTS,WV,AEA,CE,Combined TRACON& Tower with Radar,7,7,11,0,25,0,0,23,0,23,7,7,34,0,48,20,0,20,68
06/08/2014,HTS,WV,AEA,CE,Combined TRACON& Tower with Radar,0,8,5,0,13,0,0,4,0,4,0,8,9,0,17,0,0,0,17
06/09/2014,HTS,WV,AEA,CE,Combined TRACON& Tower with Radar,7,11,13,0,31,0,0,2,0,2,7,11,15,0,33,0,0,0,33
06/10/2014,HTS,WV,AEA,CE,Combined TRACON& Tower with Radar,5,10,7,1,23,0,0,5,3,8,5,10,12,4,31,12,0,12,43
06/11/2014,HTS,WV,AEA,CE,Combined TRACON& Tower with Radar,10,13,11,0,34,0,0,9,7,16,10,13,20,7,50,7,0,7,57
06/12/2014,HTS,WV,AEA,CE,Combined TRACON& Tower with Radar,5,11,19,0,35,0,0,1,0,1,5,11,20,0,36,0,0,0,36
06/13/2014,HTS,WV,AEA,CE,Combined TRACON& Tower with Radar,11,10,6,0,27,0,0,5,0,5,11,10,11,0,32,24,0,24,56
06/14/2014,HTS,WV,AEA,CE,Combined TRACON& Tower with Radar,11,8,5,1,25,0,2,13,4,19,11,10,18,5,44,0,0,0,44
06/15/2014,HTS,WV,AEA,CE,Combined TRACON& Tower with Radar,0,5,6,0,11,0,1,10,0,11,0,6,16,0,22,0,0,0,22
06/16/2014,HTS,WV,AEA,CE,Combined TRACON& Tower with Radar,9,13,7,0,29,0,0,5,0,5,9,13,12,0,34,0,0,0,34
06/17/2014,HTS,WV,AEA,CE,Combined TRACON& Tower with Radar,8,11,15,0,34,0,1,10,2,13,8,12,25,2,47,0,0,0,47
06/18/2014,HTS,WV,AEA,CE,Combined TRACON& Tower with Radar,10,11,10,0,31,0,0,4,3,7,10,11,14,3,38,0,0,0,38
06/19/2014,HTS,WV,AEA,CE,Combined TRACON& Tower with Radar,4,15,1,0,20,0,3,0,0,3,4,18,1,0,23,0,0,0,23
06/20/2014,HTS,WV,AEA,CE,Combined TRACON& Tower with Radar,10,9,12,1,32,0,1,6,1,8,10,10,18,2,40,0,0,0,40
06/21/2014,HTS,WV,AEA,CE,Combined TRACON& Tower with Radar,13,6,18,0,37,0,0,15,0,15,13,6,33,0,52,58,0,58,110
06/22/2014,HTS,WV,AEA,CE,Combined TRACON& Tower with Radar,0,10,19,0,29,0,0,15,0,15,0,10,34,0,44,2,0,2,46
06/23/2014,HTS,WV,AEA,CE,Combined TRACON& Tower with Radar,7,11,7,0,25,0,1,21,0,22,7,12,28,0,47,2,0,2,49
06/24/2014,HTS,WV,AEA,CE,Combined TRACON& Tower with Radar,8,12,3,0,23,0,1,10,2,13,8,13,13,2,36,0,0,0,36
06/25/2014,HTS,WV,AEA,CE,Combined TRACON& Tower with Radar,10,10,8,0,28,0,2,11,0,13,10,12,19,0,41,0,0,0,41
06/26/2014,HTS,WV,AEA,CE,Combined TRACON& Tower with Radar,4,12,7,2,25,0,0,13,0,13,4,12,20,2,38,8,0,8,46
06/27/2014,HTS,WV,AEA,CE,Combined TRACON& Tower with Radar,10,12,11,2,35,0,2,6,1,9,10,14,17,3,44,6,0,6,50
06/28/2014,HTS,WV,AEA,CE,Combined TRACON& Tower with Radar,11,6,3,0,20,0,4,9,0,13,11,10,12,0,33,0,0,0,33
06/29/2014,HTS,WV,AEA,CE,Combined TRACON& Tower with Radar,0,6,20,0,26,0,1,7,0,8,0,7,27,0,34,14,0,14,48
06/30/2014,HTS,WV,AEA,CE,Combined TRACON& Tower with Radar,7,13,15,0,35,0,0,9,0,9,7,13,24,0,44,12,0,12,56
07/01/2014,HTS,WV,AEA,CE,Combined TRACON& Tower with Radar,8,12,12,1,33,0,0,8,0,8,8,12,20,1,41,0,0,0,41
07/02/2014,HTS,WV,AEA,CE,Combined TRACON& Tower with Radar,10,10,13,0,33,0,0,9,0,9,10,10,22,0,42,16,0,16,58
07/03/2014,HTS,WV,AEA,CE,Combined TRACON& Tower with Radar,4,10,8,0,22,0,1,9,0,10,4,11,17,0,32,21,0,21,53
07/04/2014,HTS,WV,AEA,CE,Combined TRACON& Tower with Radar,6,6,2,0,14,0,0,5,0,5,6,6,7,0,19,8,0,8,27
07/05/2014,HTS,WV,AEA,CE,Combined TRACON& Tower with Radar,11,6,4,0,21,0,2,14,0,16,11,8,18,0,37,16,0,16,53
07/06/2014,HTS,WV,AEA,CE,Combined TRACON& Tower with Radar,0,8,4,0,12,0,0,17,0,17,0,8,21,0,29,0,0,0,29
07/07/2014,HTS,WV,AEA,CE,Combined TRACON& Tower with Radar,7,13,2,0,22,0,3,4,4,11,7,16,6,4,33,16,0,16,49
07/08/2014,HTS,WV,AEA,CE,Combined TRACON& Tower with Radar,6,10,4,0,20,0,0,5,0,5,6,10,9,0,25,0,0,0,25
07/09/2014,HTS,WV,AEA,CE,Combined TRACON& Tower with Radar,10,10,4,1,25,0,0,6,6,12,10,10,10,7,37,8,0,8,45
07/10/2014,HTS,WV,AEA,CE,Combined TRACON& Tower with Radar,4,10,15,0,29,0,0,10,5,15,4,10,25,5,44,42,0,42,86
07/11/2014,HTS,WV,AEA,CE,Combined TRACON& Tower with Radar,10,15,9,2,36,0,0,15,0,15,10,15,24,2,51,51,0,51,102
07/12/2014,HTS,WV,AEA,CE,Combined TRACON& Tower with Radar,9,6,2,0,17,0,2,12,2,16,9,8,14,2,33,73,0,73,106
07/13/2014,HTS,WV,AEA,CE,Combined TRACON& Tower with Radar,0,8,7,0,15,0,2,8,0,10,0,10,15,0,25,0,0,0,25
07/14/2014,HTS,WV,AEA,CE,Combined TRACON& Tower with Radar,7,13,8,0,28,0,0,1,0,1,7,13,9,0,29,0,0,0,29
07/15/2014,HTS,WV,AEA,CE,Combined TRACON& Tower with Radar,6,11,9,0,26,0,0,12,0,12,6,11,21,0,38,6,0,6,44
07/16/2014,HTS,WV,AEA,CE,Combined TRACON& Tower with Radar,10,12,16,1,39,0,0,11,8,19,10,12,27,9,58,0,0,0,58
07/17/2014,HTS,WV,AEA,CE,Combined TRACON& Tower with Radar,4,12,14,0,30,0,2,8,2,12,4,14,22,2,42,0,0,0,42
07/18/2014,HTS,WV,AEA,CE,Combined TRACON& Tower with Radar,10,8,13,6,37,0,0,4,1,5,10,8,17,7,42,0,0,0,42
07/19/2014,HTS,WV,AEA,CE,Combined TRACON& Tower with Radar,9,8,3,1,21,0,0,0,2,2,9,8,3,3,23,0,0,0,23
07/20/2014,HTS,WV,AEA,CE,Combined TRACON& Tower with Radar,0,9,10,0,19,0,0,0,5,5,0,9,10,5,24,0,0,0,24
07/21/2014,HTS,WV,AEA,CE,Combined TRACON& Tower with Radar,7,10,2,0,19,0,0,8,0,8,7,10,10,0,27,0,0,0,27
07/22/2014,HTS,WV,AEA,CE,Combined TRACON& Tower with Radar,6,10,5,0,21,0,1,15,0,16,6,11,20,0,37,30,0,30,67
07/23/2014,HTS,WV,AEA,CE,Combined TRACON& Tower with Radar,10,14,14,2,40,0,0,7,2,9,10,14,21,4,49,12,0,12,61
07/24/2014,HTS,WV,AEA,CE,Combined TRACON& Tower with Radar,4,10,23,4,41,0,0,5,0,5,4,10,28,4,46,0,0,0,46
07/25/2014,HTS,WV,AEA,CE,Combined TRACON& Tower with Radar,10,9,22,0,41,0,3,14,0,17,10,12,36,0,58,44,0,44,102
07/26/2014,HTS,WV,AEA,CE,Combined TRACON& Tower with Radar,11,6,11,0,28,0,2,18,0,20,11,8,29,0,48,18,0,18,66
07/27/2014,HTS,WV,AEA,CE,Combined TRACON& Tower with Radar,0,8,2,0,10,0,0,1,0,1,0,8,3,0,11,0,0,0,11
07/28/2014,HTS,WV,AEA,CE,Combined TRACON& Tower with Radar,7,12,9,0,28,0,2,2,0,4,7,14,11,0,32,10,0,10,42
07/29/2014,HTS,WV,AEA,CE,Combined TRACON& Tower with Radar,6,9,11,4,30,0,1,3,0,4,6,10,14,4,34,0,0,0,34
07/30/2014,HTS,WV,AEA,CE,Combined TRACON& Tower with Radar,10,12,13,0,35,0,6,12,2,20,10,18,25,2,55,0,0,0,55
07/31/2014,HTS,WV,AEA,CE,Combined TRACON& Tower with Radar,4,10,6,2,22,0,1,6,0,7,4,11,12,2,29,0,0,0,29
08/01/2014,HTS,WV,AEA,CE,Combined TRACON& Tower with Radar,10,12,4,0,26,0,0,1,2,3,10,12,5,2,29,6,0,6,35
08/02/2014,HTS,WV,AEA,CE,Combined TRACON& Tower with Radar,9,7,3,1,20,0,1,5,3,9,9,8,8,4,29,0,2,2,31
08/03/2014,HTS,WV,AEA,CE,Combined TRACON& Tower with Radar,0,8,13,0,21,0,2,7,0,9,0,10,20,0,30,12,0,12,42
08/04/2014,HTS,WV,AEA,CE,Combined TRACON& Tower with Radar,7,12,5,0,24,0,4,18,0,22,7,16,23,0,46,8,0,8,54
08/05/2014,HTS,WV,AEA,CE,Combined TRACON& Tower with Radar,4,11,17,0,32,0,1,15,0,16,4,12,32,0,48,0,0,0,48
08/06/2014,HTS,WV,AEA,CE,Combined TRACON& Tower with Radar,10,12,10,0,32,0,0,4,0,4,10,12,14,0,36,14,0,14,50
08/07/2014,HTS,WV,AEA,CE,Combined TRACON& Tower with Radar,4,18,6,1,29,0,2,7,0,9,4,20,13,1,38,0,0,0,38
08/08/2014,HTS,WV,AEA,CE,Combined TRACON& Tower with Radar,9,12,4,0,25,0,0,1,0,1,9,12,5,0,26,0,0,0,26
08/09/2014,HTS,WV,AEA,CE,Combined TRACON& Tower with Radar,8,8,2,0,18,0,0,3,0,3,8,8,5,0,21,0,0,0,21
08/10/2014,HTS,WV,AEA,CE,Combined TRACON& Tower with Radar,0,6,12,0,18,0,2,2,0,4,0,8,14,0,22,0,0,0,22
08/11/2014,HTS,WV,AEA,CE,Combined TRACON& Tower with Radar,7,13,8,0,28,0,0,2,4,6,7,13,10,4,34,0,0,0,34
08/12/2014,HTS,WV,AEA,CE,Combined TRACON& Tower with Radar,4,10,8,0,22,0,0,2,2,4,4,10,10,2,26,0,0,0,26
08/13/2014,HTS,WV,AEA,CE,Combined TRACON& Tower with Radar,4,11,4,0,19,0,1,2,4,7,4,12,6,4,26,4,0,4,30
08/14/2014,HTS,WV,AEA,CE,Combined TRACON& Tower with Radar,6,14,12,0,32,0,0,7,0,7,6,14,19,0,39,28,0,28,67
08/15/2014,HTS,WV,AEA,CE,Combined TRACON& Tower with Radar,9,15,14,0,38,0,6,22,0,28,9,21,36,0,66,36,0,36,102
08/16/2014,HTS,WV,AEA,CE,Combined TRACON& Tower with Radar,1,6,5,0,12,0,0,17,0,17,1,6,22,0,29,14,0,14,43
08/17/2014,HTS,WV,AEA,CE,Combined TRACON& Tower with Radar,2,8,12,0,22,0,0,6,0,6,2,8,18,0,28,4,0,4,32
08/18/2014,HTS,WV,AEA,CE,Combined TRACON& Tower with Radar,5,12,0,2,19,0,0,5,0,5,5,12,5,2,24,0,0,0,24
08/19/2014,HTS,WV,AEA,CE,Combined TRACON& Tower with Radar,5,18,11,1,35,0,0,3,1,4,5,18,14,2,39,0,0,0,39
08/20/2014,HTS,WV,AEA,CE,Combined TRACON& Tower with Radar,4,12,7,4,27,0,0,1,0,1,4,12,8,4,28,0,0,0,28
08/21/2014,HTS,WV,AEA,CE,Combined TRACON& Tower with Radar,6,11,4,0,21,0,1,5,4,10,6,12,9,4,31,0,0,0,31
08/22/2014,HTS,WV,AEA,CE,Combined TRACON& Tower with Radar,8,12,6,0,26,0,2,4,0,6,8,14,10,0,32,0,4,4,36
08/23/2014,HTS,WV,AEA,CE,Combined TRACON& Tower with Radar,1,7,15,0,23,0,0,1,0,1,1,7,16,0,24,4,0,4,28
08/24/2014,HTS,WV,AEA,CE,Combined TRACON& Tower with Radar,3,8,12,0,23,0,0,6,0,6,3,8,18,0,29,6,0,6,35
08/25/2014,HTS,WV,AEA,CE,Combined TRACON& Tower with Radar,6,14,10,0,30,0,0,23,0,23,6,14,33,0,53,0,0,0,53
08/26/2014,HTS,WV,AEA,CE,Combined TRACON& Tower with Radar,5,13,7,0,25,0,2,5,0,7,5,15,12,0,32,0,0,0,32
08/27/2014,HTS,WV,AEA,CE,Combined TRACON& Tower with Radar,4,14,8,1,27,0,0,10,1,11,4,14,18,2,38,0,0,0,38
08/28/2014,HTS,WV,AEA,CE,Combined TRACON& Tower with Radar,7,16,14,0,37,0,7,9,0,16,7,23,23,0,53,2,0,2,55
08/29/2014,HTS,WV,AEA,CE,Combined TRACON& Tower with Radar,8,12,2,0,22,0,2,7,4,13,8,14,9,4,35,6,0,6,41
08/30/2014,HTS,WV,AEA,CE,Combined TRACON& Tower with Radar,1,8,2,0,11,0,4,4,0,8,1,12,6,0,19,0,0,0,19
08/31/2014,HTS,WV,AEA,CE,Combined TRACON& Tower with Radar,2,7,2,0,11,0,0,0,0,0,2,7,2,0,11,0,0,0,11
09/01/2014,HTS,WV,AEA,CE,Combined TRACON& Tower with Radar,4,9,9,0,22,0,0,2,0,2,4,9,11,0,24,0,0,0,24
09/02/2014,HTS,WV,AEA,CE,Combined TRACON& Tower with Radar,1,14,3,2,20,0,1,3,0,4,1,15,6,2,24,0,0,0,24
09/03/2014,HTS,WV,AEA,CE,Combined TRACON& Tower with Radar,4,12,9,2,27,0,0,7,2,9,4,12,16,4,36,18,0,18,54
09/04/2014,HTS,WV,AEA,CE,Combined TRACON& Tower with Radar,6,11,11,1,29,0,3,7,0,10,6,14,18,1,39,0,0,0,39
09/05/2014,HTS,WV,AEA,CE,Combined TRACON& Tower with Radar,9,16,10,0,35,0,0,3,0,3,9,16,13,0,38,16,0,16,54
09/06/2014,HTS,WV,AEA,CE,Combined TRACON& Tower with Radar,3,4,3,0,10,0,2,1,4,7,3,6,4,4,17,0,0,0,17
09/07/2014,HTS,WV,AEA,CE,Combined TRACON& Tower with Radar,3,8,13,0,24,0,2,7,0,9,3,10,20,0,33,4,0,4,37
09/08/2014,HTS,WV,AEA,CE,Combined TRACON& Tower with Radar,5,13,16,0,34,0,1,6,0,7,5,14,22,0,41,4,0,4,45
09/09/2014,HTS,WV,AEA,CE,Combined TRACON& Tower with Radar,4,15,11,0,30,0,4,13,0,17,4,19,24,0,47,12,0,12,59
09/10/2014,HTS,WV,AEA,CE,Combined TRACON& Tower with Radar,4,21,16,0,41,0,0,7,0,7,4,21,23,0,48,14,0,14,62
09/11/2014,HTS,WV,AEA,CE,Combined TRACON& Tower with Radar,6,24,12,0,42,0,1,1,0,2,6,25,13,0,44,4,0,4,48
09/12/2014,HTS,WV,AEA,CE,Combined TRACON& Tower with Radar,8,11,22,0,41,0,0,2,0,2,8,11,24,0,43,0,0,0,43
09/13/2014,HTS,WV,AEA,CE,Combined TRACON& Tower with Radar,1,8,2,0,11,0,0,2,0,2,1,8,4,0,13,0,0,0,13
09/14/2014,HTS,WV,AEA,CE,Combined TRACON& Tower with Radar,2,10,7,0,19,0,0,25,0,25,2,10,32,0,44,0,0,0,44
09/15/2014,HTS,WV,AEA,CE,Combined TRACON& Tower with Radar,4,8,7,1,20,0,2,23,1,26,4,10,30,2,46,12,0,12,58
09/16/2014,HTS,WV,AEA,CE,Combined TRACON& Tower with Radar,5,13,11,3,32,0,0,0,0,0,5,13,11,3,32,0,0,0,32
09/17/2014,HTS,WV,AEA,CE,Combined TRACON& Tower with Radar,6,16,15,0,37,0,2,14,0,16,6,18,29,0,53,0,0,0,53
09/18/2014,HTS,WV,AEA,CE,Combined TRACON& Tower with Radar,8,17,15,0,40,0,2,15,2,19,8,19,30,2,59,0,0,0,59
09/19/2014,HTS,WV,AEA,CE,Combined TRACON& Tower with Radar,6,11,5,0,22,0,1,12,0,13,6,12,17,0,35,6,0,6,41
09/20/2014,HTS,WV,AEA,CE,Combined TRACON& Tower with Radar,3,6,9,0,18,0,0,10,0,10,3,6,19,0,28,0,0,0,28
09/21/2014,HTS,WV,AEA,CE,Combined TRACON& Tower with Radar,4,9,5,0,18,0,2,0,0,2,4,11,5,0,20,6,0,6,26
09/22/2014,HTS,WV,AEA,CE,Combined TRACON& Tower with Radar,3,16,9,0,28,0,0,8,2,10,3,16,17,2,38,0,0,0,38
09/23/2014,HTS,WV,AEA,CE,Combined TRACON& Tower with Radar,4,14,11,1,30,0,0,13,2,15,4,14,24,3,45,0,0,0,45
09/24/2014,HTS,WV,AEA,CE,Combined TRACON& Tower with Radar,4,14,18,2,38,0,1,13,3,17,4,15,31,5,55,6,0,6,61
09/25/2014,HTS,WV,AEA,CE,Combined TRACON& Tower with Radar,6,15,14,3,38,0,0,21,6,27,6,15,35,9,65,2,2,4,69
09/26/2014,HTS,WV,AEA,CE,Combined TRACON& Tower with Radar,8,11,6,0,25,0,3,9,2,14,8,14,15,2,39,0,0,0,39
09/27/2014,HTS,WV,AEA,CE,Combined TRACON& Tower with Radar,1,8,4,0,13,0,1,11,0,12,1,9,15,0,25,0,0,0,25
09/28/2014,HTS,WV,AEA,CE,Combined TRACON& Tower with Radar,2,8,8,0,18,0,0,8,0,8,2,8,16,0,26,0,8,8,34
09/29/2014,HTS,WV,AEA,CE,Combined TRACON& Tower with Radar,3,13,11,0,27,0,1,7,0,8,3,14,18,0,35,0,0,0,35
09/30/2014,HTS,WV,AEA,CE,Combined TRACON& Tower with Radar,4,14,10,0,28,0,2,1,1,4,4,16,11,1,32,0,0,0,32
10/01/2014,HTS,WV,AEA,CE,Combined TRACON& Tower with Radar,6,20,17,0,43,0,0,5,1,6,6,20,22,1,49,8,0,8,57
10/02/2014,HTS,WV,AEA,CE,Combined TRACON& Tower with Radar,6,17,20,0,43,0,4,11,5,20,6,21,31,5,63,14,0,14,77
10/03/2014,HTS,WV,AEA,CE,Combined TRACON& Tower with Radar,10,13,4,0,27,0,0,1,0,1,10,13,5,0,28,0,0,0,28
10/04/2014,HTS,WV,AEA,CE,Combined TRACON& Tower with Radar,3,11,13,0,27,0,1,0,2,3,3,12,13,2,30,0,0,0,30
10/05/2014,HTS,WV,AEA,CE,Combined TRACON& Tower with Radar,2,9,5,0,16,0,0,9,2,11,2,9,14,2,27,0,0,0,27
10/06/2014,HTS,WV,AEA,CE,Combined TRACON& Tower with Radar,3,14,0,0,17,0,1,0,0,1,3,15,0,0,18,0,0,0,18
10/07/2014,HTS,WV,AEA,CE,Combined TRACON& Tower with Radar,4,14,8,0,26,0,0,0,0,0,4,14,8,0,26,0,0,0,26
10/08/2014,HTS,WV,AEA,CE,Combined TRACON& Tower with Radar,6,13,8,0,27,0,2,9,0,11,6,15,17,0,38,0,0,0,38
10/09/2014,HTS,WV,AEA,CE,Combined TRACON& Tower with Radar,6,13,8,0,27,0,1,6,0,7,6,14,14,0,34,6,0,6,40
10/10/2014,HTS,WV,AEA,CE,Combined TRACON& Tower with Radar,11,17,6,0,34,0,0,0,0,0,11,17,6,0,34,0,0,0,34
10/11/2014,HTS,WV,AEA,CE,Combined TRACON& Tower with Radar,4,11,7,0,22,0,0,0,0,0,4,11,7,0,22,0,0,0,22
10/12/2014,HTS,WV,AEA,CE,Combined TRACON& Tower with Radar,2,10,1,0,13,0,0,0,0,0,2,10,1,0,13,0,0,0,13
10/13/2014,HTS,WV,AEA,CE,Combined TRACON& Tower with Radar,4,12,6,0,22,0,0,6,0,6,4,12,12,0,28,12,0,12,40
10/14/2014,HTS,WV,AEA,CE,Combined TRACON& Tower with Radar,5,14,6,2,27,0,0,1,0,1,5,14,7,2,28,0,0,0,28
10/15/2014,HTS,WV,AEA,CE,Combined TRACON& Tower with Radar,4,14,11,0,29,0,0,0,2,2,4,14,11,2,31,0,0,0,31
10/16/2014,HTS,WV,AEA,CE,Combined TRACON& Tower with Radar,6,21,11,0,38,0,0,0,0,0,6,21,11,0,38,0,0,0,38
10/17/2014,HTS,WV,AEA,CE,Combined TRACON& Tower with Radar,8,12,10,2,32,0,1,5,0,6,8,13,15,2,38,12,0,12,50
10/18/2014,HTS,WV,AEA,CE,Combined TRACON& Tower with Radar,1,7,9,0,17,0,0,1,0,1,1,7,10,0,18,0,0,0,18
10/19/2014,HTS,WV,AEA,CE,Combined TRACON& Tower with Radar,4,11,10,0,25,0,1,16,0,17,4,12,26,0,42,4,0,4,46
10/20/2014,HTS,WV,AEA,CE,Combined TRACON& Tower with Radar,3,13,3,0,19,0,0,3,2,5,3,13,6,2,24,0,0,0,24
10/21/2014,HTS,WV,AEA,CE,Combined TRACON& Tower with Radar,4,13,11,2,30,0,0,3,0,3,4,13,14,2,33,0,0,0,33
10/22/2014,HTS,WV,AEA,CE,Combined TRACON& Tower with Radar,4,13,8,0,25,0,0,3,0,3,4,13,11,0,28,0,0,0,28
10/23/2014,HTS,WV,AEA,CE,Combined TRACON& Tower with Radar,7,13,13,0,33,0,2,11,0,13,7,15,24,0,46,0,0,0,46
10/24/2014,HTS,WV,AEA,CE,Combined TRACON& Tower with Radar,6,13,6,2,27,0,1,21,0,22,6,14,27,2,49,0,0,0,49
10/25/2014,HTS,WV,AEA,CE,Combined TRACON& Tower with Radar,3,6,9,0,18,0,3,12,0,15,3,9,21,0,33,18,0,18,51
10/26/2014,HTS,WV,AEA,CE,Combined TRACON& Tower with Radar,2,9,10,0,21,0,2,15,0,17,2,11,25,0,38,50,0,50,88
10/27/2014,HTS,WV,AEA,CE,Combined TRACON& Tower with Radar,3,17,3,0,23,0,1,9,0,10,3,18,12,0,33,22,0,22,55
10/28/2014,HTS,WV,AEA,CE,Combined TRACON& Tower with Radar,4,14,7,4,29,0,0,5,0,5,4,14,12,4,34,0,0,0,34
10/29/2014,HTS,WV,AEA,CE,Combined TRACON& Tower with Radar,4,15,8,0,27,0,4,5,4,13,4,19,13,4,40,6,0,6,46
10/30/2014,HTS,WV,AEA,CE,Combined TRACON& Tower with Radar,6,12,8,2,28,0,0,18,2,20,6,12,26,4,48,14,0,14,62
10/31/2014,HTS,WV,AEA,CE,Combined TRACON& Tower with Radar,6,12,6,0,24,0,0,0,0,0,6,12,6,0,24,2,0,2,26
11/01/2014,HTS,WV,AEA,CE,Combined TRACON& Tower with Radar,1,4,2,0,7,0,0,0,0,0,1,4,2,0,7,0,0,0,7
11/02/2014,HTS,WV,AEA,CE,Combined TRACON& Tower with Radar,2,10,15,0,27,0,0,15,0,15,2,10,30,0,42,20,0,20,62
11/03/2014,HTS,WV,AEA,CE,Combined TRACON& Tower with Radar,3,15,11,0,29,0,1,8,0,9,3,16,19,0,38,8,0,8,46
11/04/2014,HTS,WV,AEA,CE,Combined TRACON& Tower with Radar,4,14,5,1,24,0,0,3,2,5,4,14,8,3,29,0,0,0,29
11/05/2014,HTS,WV,AEA,CE,Combined TRACON& Tower with Radar,4,13,8,1,26,0,0,1,3,4,4,13,9,4,30,0,0,0,30
11/06/2014,HTS,WV,AEA,CE,Combined TRACON& Tower with Radar,6,12,7,0,25,0,0,4,0,4,6,12,11,0,29,0,0,0,29
11/07/2014,HTS,WV,AEA,CE,Combined TRACON& Tower with Radar,8,18,6,0,32,0,1,4,4,9,8,19,10,4,41,0,0,0,41
11/08/2014,HTS,WV,AEA,CE,Combined TRACON& Tower with Radar,1,6,7,0,14,0,0,9,0,9,1,6,16,0,23,34,0,34,57
11/09/2014,HTS,WV,AEA,CE,Combined TRACON& Tower with Radar,4,14,6,0,24,0,0,15,2,17,4,14,21,2,41,42,0,42,83
11/10/2014,HTS,WV,AEA,CE,Combined TRACON& Tower with Radar,3,9,16,0,28,0,4,13,0,17,3,13,29,0,45,4,0,4,49
11/11/2014,HTS,WV,AEA,CE,Combined TRACON& Tower with Radar,4,11,7,0,22,0,0,9,0,9,4,11,16,0,31,0,0,0,31
11/12/2014,HTS,WV,AEA,CE,Combined TRACON& Tower with Radar,4,15,7,8,34,0,2,1,2,5,4,17,8,10,39,0,0,0,39
11/13/2014,HTS,WV,AEA,CE,Combined TRACON& Tower with Radar,6,10,7,0,23,0,0,2,0,2,6,10,9,0,25,20,0,20,45
11/14/2014,HTS,WV,AEA,CE,Combined TRACON& Tower with Radar,8,11,8,0,27,0,0,3,0,3,8,11,11,0,30,36,0,36,66
11/15/2014,HTS,WV,AEA,CE,Combined TRACON& Tower with Radar,3,7,8,2,20,0,3,8,0,11,3,10,16,2,31,36,0,36,67
11/16/2014,HTS,WV,AEA,CE,Combined TRACON& Tower with Radar,2,10,6,0,18,0,0,0,0,0,2,10,6,0,18,0,0,0,18
11/17/2014,HTS,WV,AEA,CE,Combined TRACON& Tower with Radar,3,12,4,0,19,0,0,0,0,0,3,12,4,0,19,0,0,0,19
11/18/2014,HTS,WV,AEA,CE,Combined TRACON& Tower with Radar,5,12,16,0,33,0,2,0,0,2,5,14,16,0,35,0,0,0,35
11/19/2014,HTS,WV,AEA,CE,Combined TRACON& Tower with Radar,5,12,9,0,26,0,1,1,5,7,5,13,10,5,33,0,0,0,33
11/20/2014,HTS,WV,AEA,CE,Combined TRACON& Tower with Radar,10,12,9,0,31,0,1,0,0,1,10,13,9,0,32,0,0,0,32
11/21/2014,HTS,WV,AEA,CE,Combined TRACON& Tower with Radar,8,12,11,0,31,0,0,11,0,11,8,12,22,0,42,4,0,4,46
11/22/2014,HTS,WV,AEA,CE,Combined TRACON& Tower with Radar,3,6,5,0,14,0,0,15,2,17,3,6,20,2,31,6,0,6,37
11/23/2014,HTS,WV,AEA,CE,Combined TRACON& Tower with Radar,4,8,0,0,12,0,0,5,0,5,4,8,5,0,17,44,0,44,61
11/24/2014,HTS,WV,AEA,CE,Combined TRACON& Tower with Radar,5,12,5,0,22,0,2,0,0,2,5,14,5,0,24,0,0,0,24
11/25/2014,HTS,WV,AEA,CE,Combined TRACON& Tower with Radar,4,12,7,2,25,0,0,3,0,3,4,12,10,2,28,0,0,0,28
11/26/2014,HTS,WV,AEA,CE,Combined TRACON& Tower with Radar,8,15,7,0,30,0,0,5,0,5,8,15,12,0,35,2,0,2,37
11/27/2014,HTS,WV,AEA,CE,Combined TRACON& Tower with Radar,2,7,1,0,10,0,2,0,0,2,2,9,1,0,12,0,0,0,12
11/28/2014,HTS,WV,AEA,CE,Combined TRACON& Tower with Radar,6,12,8,0,26,0,0,10,0,10,6,12,18,0,36,0,0,0,36
11/29/2014,HTS,WV,AEA,CE,Combined TRACON& Tower with Radar,3,6,1,0,10,0,0,6,0,6,3,6,7,0,16,0,0,0,16
11/30/2014,HTS,WV,AEA,CE,Combined TRACON& Tower with Radar,6,10,6,0,22,0,2,1,0,3,6,12,7,0,25,0,0,0,25
12/01/2014,HTS,WV,AEA,CE,Combined TRACON& Tower with Radar,1,14,5,0,20,0,0,0,0,0,1,14,5,0,20,0,0,0,20
12/02/2014,HTS,WV,AEA,CE,Combined TRACON& Tower with Radar,6,9,7,0,22,0,0,0,0,0,6,9,7,0,22,0,0,0,22
12/03/2014,HTS,WV,AEA,CE,Combined TRACON& Tower with Radar,4,12,11,0,27,0,1,0,0,1,4,13,11,0,28,0,0,0,28
12/04/2014,HTS,WV,AEA,CE,Combined TRACON& Tower with Radar,8,12,4,2,26,0,0,0,0,0,8,12,4,2,26,0,0,0,26
12/05/2014,HTS,WV,AEA,CE,Combined TRACON& Tower with Radar,4,14,4,0,22,0,0,0,0,0,4,14,4,0,22,0,0,0,22
12/06/2014,HTS,WV,AEA,CE,Combined TRACON& Tower with Radar,3,8,6,0,17,0,2,0,0,2,3,10,6,0,19,0,0,0,19
12/07/2014,HTS,WV,AEA,CE,Combined TRACON& Tower with Radar,4,10,5,0,19,0,4,24,0,28,4,14,29,0,47,0,0,0,47
12/08/2014,HTS,WV,AEA,CE,Combined TRACON& Tower with Radar,3,11,13,0,27,0,0,3,0,3,3,11,16,0,30,0,0,0,30
12/09/2014,HTS,WV,AEA,CE,Combined TRACON& Tower with Radar,4,10,11,0,25,0,1,0,0,1,4,11,11,0,26,16,0,16,42
12/10/2014,HTS,WV,AEA,CE,Combined TRACON& Tower with Radar,4,14,8,0,26,0,1,0,0,1,4,15,8,0,27,0,0,0,27
12/11/2014,HTS,WV,AEA,CE,Combined TRACON& Tower with Radar,8,18,2,0,28,0,2,6,4,12,8,20,8,4,40,0,0,0,40
12/12/2014,HTS,WV,AEA,CE,Combined TRACON& Tower with Radar,6,13,9,0,28,0,0,6,0,6,6,13,15,0,34,18,0,18,52
12/13/2014,HTS,WV,AEA,CE,Combined TRACON& Tower with Radar,1,8,8,0,17,0,0,2,0,2,1,8,10,0,19,1,0,1,20
12/14/2014,HTS,WV,AEA,CE,Combined TRACON& Tower with Radar,5,10,5,0,20,0,0,4,0,4,5,10,9,0,24,0,0,0,24
12/15/2014,HTS,WV,AEA,CE,Combined TRACON& Tower with Radar,3,12,7,0,22,0,4,8,0,12,3,16,15,0,34,16,0,16,50
12/16/2014,HTS,WV,AEA,CE,Combined TRACON& Tower with Radar,4,16,11,2,33,0,0,2,0,2,4,16,13,2,35,0,0,0,35
12/17/2014,HTS,WV,AEA,CE,Combined TRACON& Tower with Radar,4,14,7,0,25,0,0,2,0,2,4,14,9,0,27,0,0,0,27
12/18/2014,HTS,WV,AEA,CE,Combined TRACON& Tower with Radar,8,15,9,2,34,0,1,3,3,7,8,16,12,5,41,6,0,6,47
12/19/2014,HTS,WV,AEA,CE,Combined TRACON& Tower with Radar,8,10,9,0,27,0,0,0,0,0,8,10,9,0,27,0,0,0,27
12/20/2014,HTS,WV,AEA,CE,Combined TRACON& Tower with Radar,1,6,6,0,13,0,2,7,0,9,1,8,13,0,22,0,0,0,22
12/21/2014,HTS,WV,AEA,CE,Combined TRACON& Tower with Radar,4,10,13,0,27,0,0,10,0,10,4,10,23,0,37,22,0,22,59
12/22/2014,HTS,WV,AEA,CE,Combined TRACON& Tower with Radar,7,12,8,0,27,0,0,4,0,4,7,12,12,0,31,0,0,0,31
12/23/2014,HTS,WV,AEA,CE,Combined TRACON& Tower with Radar,4,9,3,0,16,0,0,3,0,3,4,9,6,0,19,0,0,0,19
12/24/2014,HTS,WV,AEA,CE,Combined TRACON& Tower with Radar,12,7,3,0,22,0,0,0,0,0,12,7,3,0,22,0,0,0,22
12/25/2014,HTS,WV,AEA,CE,Combined TRACON& Tower with Radar,0,6,0,0,6,0,0,0,0,0,0,6,0,0,6,0,0,0,6
12/26/2014,HTS,WV,AEA,CE,Combined TRACON& Tower with Radar,8,11,5,0,24,0,0,11,0,11,8,11,16,0,35,0,0,0,35
12/27/2014,HTS,WV,AEA,CE,Combined TRACON& Tower with Radar,1,4,6,0,11,0,0,7,0,7,1,4,13,0,18,8,0,8,26
12/28/2014,HTS,WV,AEA,CE,Combined TRACON& Tower with Radar,6,17,6,0,29,0,0,0,0,0,6,17,6,0,29,0,0,0,29
12/29/2014,HTS,WV,AEA,CE,Combined TRACON& Tower with Radar,3,14,7,2,26,0,0,0,0,0,3,14,7,2,26,0,0,0,26
12/30/2014,HTS,WV,AEA,CE,Combined TRACON& Tower with Radar,9,10,10,0,29,0,0,11,0,11,9,10,21,0,40,0,0,0,40
12/31/2014,HTS,WV,AEA,CE,Combined TRACON& Tower with Radar,6,13,2,0,21,0,1,6,0,7,6,14,8,0,28,2,0,2,30
01/01/2015,HTS,WV,AEA,CE,Combined TRACON& Tower with Radar,3,6,1,0,10,0,0,3,0,3,3,6,4,0,13,0,0,0,13
01/02/2015,HTS,WV,AEA,CE,Combined TRACON& Tower with Radar,8,10,0,0,18,0,0,7,0,7,8,10,7,0,25,0,0,0,25
01/03/2015,HTS,WV,AEA,CE,Combined TRACON& Tower with Radar,3,4,3,0,10,0,0,0,0,0,3,4,3,0,10,0,0,0,10
01/04/2015,HTS,WV,AEA,CE,Combined TRACON& Tower with Radar,4,10,4,0,18,0,0,0,0,0,4,10,4,0,18,0,0,0,18
01/05/2015,HTS,WV,AEA,CE,Combined TRACON& Tower with Radar,3,11,6,0,20,0,0,2,0,2,3,11,8,0,22,0,0,0,22
01/06/2015,HTS,WV,AEA,CE,Combined TRACON& Tower with Radar,4,14,3,3,24,0,0,2,0,2,4,14,5,3,26,0,0,0,26
01/07/2015,HTS,WV,AEA,CE,Combined TRACON& Tower with Radar,4,13,3,2,22,0,0,0,0,0,4,13,3,2,22,0,0,0,22
01/08/2015,HTS,WV,AEA,CE,Combined TRACON& Tower with Radar,9,12,2,0,23,0,2,12,0,14,9,14,14,0,37,0,0,0,37
01/09/2015,HTS,WV,AEA,CE,Combined TRACON& Tower with Radar,6,11,5,2,24,0,3,1,0,4,6,14,6,2,28,0,0,0,28
01/10/2015,HTS,WV,AEA,CE,Combined TRACON& Tower with Radar,1,6,3,0,10,0,0,6,0,6,1,6,9,0,16,8,0,8,24
01/11/2015,HTS,WV,AEA,CE,Combined TRACON& Tower with Radar,4,12,4,1,21,0,0,9,1,10,4,12,13,2,31,18,0,18,49
01/12/2015,HTS,WV,AEA,CE,Combined TRACON& Tower with Radar,4,10,0,0,14,0,0,0,0,0,4,10,0,0,14,0,0,0,14
01/13/2015,HTS,WV,AEA,CE,Combined TRACON& Tower with Radar,5,10,3,8,26,0,0,2,2,4,5,10,5,10,30,0,6,6,36
01/14/2015,HTS,WV,AEA,CE,Combined TRACON& Tower with Radar,4,12,12,0,28,0,0,1,0,1,4,12,13,0,29,0,0,0,29
01/15/2015,HTS,WV,AEA,CE,Combined TRACON& Tower with Radar,8,12,6,2,28,0,0,3,4,7,8,12,9,6,35,16,0,16,51
01/16/2015,HTS,WV,AEA,CE,Combined TRACON& Tower with Radar,6,12,11,0,29,0,0,0,0,0,6,12,11,0,29,0,0,0,29
01/17/2015,HTS,WV,AEA,CE,Combined TRACON& Tower with Radar,1,6,10,0,17,0,0,26,1,27,1,6,36,1,44,0,0,0,44
01/18/2015,HTS,WV,AEA,CE,Combined TRACON& Tower with Radar,4,12,7,0,23,0,4,0,0,4,4,16,7,0,27,0,0,0,27
01/19/2015,HTS,WV,AEA,CE,Combined TRACON& Tower with Radar,3,10,11,0,24,0,0,10,2,12,3,10,21,2,36,0,0,0,36
01/20/2015,HTS,WV,AEA,CE,Combined TRACON& Tower with Radar,4,10,6,0,20,0,2,11,0,13,4,12,17,0,33,14,0,14,47
01/21/2015,HTS,WV,AEA,CE,Combined TRACON& Tower with Radar,4,12,5,0,21,0,4,5,0,9,4,16,10,0,30,0,0,0,30
01/22/2015,HTS,WV,AEA,CE,Combined TRACON& Tower with Radar,9,14,10,2,35,0,2,3,4,9,9,16,13,6,44,14,0,14,58
01/23/2015,HTS,WV,AEA,CE,Combined TRACON& Tower with Radar,6,10,4,0,20,0,0,6,0,6,6,10,10,0,26,8,0,8,34
01/24/2015,HTS,WV,AEA,CE,Combined TRACON& Tower with Radar,1,9,0,0,10,0,0,0,0,0,1,9,0,0,10,0,0,0,10
01/25/2015,HTS,WV,AEA,CE,Combined TRACON& Tower with Radar,4,10,1,2,17,0,0,3,0,3,4,10,4,2,20,0,0,0,20
01/26/2015,HTS,WV,AEA,CE,Combined TRACON& Tower with Radar,3,10,2,2,17,0,0,0,0,0,3,10,2,2,17,0,0,0,17
01/27/2015,HTS,WV,AEA,CE,Combined TRACON& Tower with Radar,4,12,2,0,18,0,0,3,0,3,4,12,5,0,21,0,0,0,21
01/28/2015,HTS,WV,AEA,CE,Combined TRACON& Tower with Radar,4,13,8,2,27,0,1,14,3,18,4,14,22,5,45,0,0,0,45
01/29/2015,HTS,WV,AEA,CE,Combined TRACON& Tower with Radar,8,14,4,0,26,0,0,1,2,3,8,14,5,2,29,0,0,0,29
01/30/2015,HTS,WV,AEA,CE,Combined TRACON& Tower with Radar,6,12,6,0,24,0,0,0,0,0,6,12,6,0,24,0,0,0,24
01/31/2015,HTS,WV,AEA,CE,Combined TRACON& Tower with Radar,1,8,6,0,15,0,3,8,0,11,1,11,14,0,26,0,0,0,26
02/01/2015,HTS,WV,AEA,CE,Combined TRACON& Tower with Radar,4,9,0,0,13,0,0,0,0,0,4,9,0,0,13,0,0,0,13
02/02/2015,HTS,WV,AEA,CE,Combined TRACON& Tower with Radar,3,10,6,0,19,0,0,0,0,0,3,10,6,0,19,0,0,0,19
02/03/2015,HTS,WV,AEA,CE,Combined TRACON& Tower with Radar,4,10,7,2,23,0,0,1,0,1,4,10,8,2,24,14,0,14,38
02/04/2015,HTS,WV,AEA,CE,Combined TRACON& Tower with Radar,4,12,2,0,18,0,4,15,10,29,4,16,17,10,47,2,14,16,63
02/05/2015,HTS,WV,AEA,CE,Combined TRACON& Tower with Radar,8,13,1,0,22,0,2,2,0,4,8,15,3,0,26,0,0,0,26
02/06/2015,HTS,WV,AEA,CE,Combined TRACON& Tower with Radar,5,15,4,0,24,0,2,15,4,21,5,17,19,4,45,0,0,0,45
02/07/2015,HTS,WV,AEA,CE,Combined TRACON& Tower with Radar,1,7,2,0,10,0,0,9,0,9,1,7,11,0,19,0,0,0,19
02/08/2015,HTS,WV,AEA,CE,Combined TRACON& Tower with Radar,4,11,4,0,19,0,2,0,0,2,4,13,4,0,21,0,0,0,21
02/09/2015,HTS,WV,AEA,CE,Combined TRACON& Tower with Radar,3,10,14,0,27,0,0,0,0,0,3,10,14,0,27,0,0,0,27
02/10/2015,HTS,WV,AEA,CE,Combined TRACON& Tower with Radar,4,9,4,4,21,0,0,3,2,5,4,9,7,6,26,0,0,0,26
02/11/2015,HTS,WV,AEA,CE,Combined TRACON& Tower with Radar,3,15,9,2,29,0,0,1,0,1,3,15,10,2,30,6,0,6,36
02/12/2015,HTS,WV,AEA,CE,Combined TRACON& Tower with Radar,6,8,10,0,24,0,0,1,2,3,6,8,11,2,27,0,0,0,27
02/13/2015,HTS,WV,AEA,CE,Combined TRACON& Tower with Radar,8,10,8,2,28,0,0,14,4,18,8,10,22,6,46,18,8,26,72
02/14/2015,HTS,WV,AEA,CE,Combined TRACON& Tower with Radar,1,6,1,0,8,0,1,1,0,2,1,7,2,0,10,0,0,0,10
02/15/2015,HTS,WV,AEA,CE,Combined TRACON& Tower with Radar,2,6,3,0,11,0,0,0,0,0,2,6,3,0,11,0,0,0,11
02/16/2015,HTS,WV,AEA,CE,Combined TRACON& Tower with Radar,0,1,0,0,1,0,0,0,0,0,0,1,0,0,1,0,0,0,1
02/17/2015,HTS,WV,AEA,CE,Combined TRACON& Tower with Radar,9,9,6,0,24,0,0,1,0,1,9,9,7,0,25,0,0,0,25
02/18/2015,HTS,WV,AEA,CE,Combined TRACON& Tower with Radar,2,10,4,0,16,0,0,0,0,0,2,10,4,0,16,0,0,0,16
02/19/2015,HTS,WV,AEA,CE,Combined TRACON& Tower with Radar,6,10,11,0,27,0,0,0,0,0,6,10,11,0,27,0,0,0,27
02/20/2015,HTS,WV,AEA,CE,Combined TRACON& Tower with Radar,6,15,6,0,27,0,4,3,0,7,6,19,9,0,34,4,0,4,38
02/21/2015,HTS,WV,AEA,CE,Combined TRACON& Tower with Radar,0,5,0,0,5,0,0,0,0,0,0,5,0,0,5,0,0,0,5
02/22/2015,HTS,WV,AEA,CE,Combined TRACON& Tower with Radar,2,8,4,0,14,0,0,2,0,2,2,8,6,0,16,4,0,4,20
02/23/2015,HTS,WV,AEA,CE,Combined TRACON& Tower with Radar,7,10,9,0,26,0,1,3,0,4,7,11,12,0,30,0,0,0,30
02/24/2015,HTS,WV,AEA,CE,Combined TRACON& Tower with Radar,5,10,7,0,22,0,2,11,0,13,5,12,18,0,35,8,0,8,43
02/25/2015,HTS,WV,AEA,CE,Combined TRACON& Tower with Radar,4,14,7,0,25,0,5,10,0,15,4,19,17,0,40,0,0,0,40
02/26/2015,HTS,WV,AEA,CE,Combined TRACON& Tower with Radar,6,10,3,0,19,0,0,2,0,2,6,10,5,0,21,4,0,4,25
02/27/2015,HTS,WV,AEA,CE,Combined TRACON& Tower with Radar,9,14,3,0,26,0,2,2,1,5,9,16,5,1,31,0,0,0,31
02/28/2015,HTS,WV,AEA,CE,Combined TRACON& Tower with Radar,1,6,5,0,12,0,0,7,0,7,1,6,12,0,19,0,0,0,19
03/01/2015,HTS,WV,AEA,CE,Combined TRACON& Tower with Radar,2,5,2,0,9,0,0,0,0,0,2,5,2,0,9,0,0,0,9
03/02/2015,HTS,WV,AEA,CE,Combined TRACON& Tower with Radar,5,11,0,0,16,0,0,3,0,3,5,11,3,0,19,0,0,0,19
03/03/2015,HTS,WV,AEA,CE,Combined TRACON& Tower with Radar,4,10,0,4,18,0,0,0,0,0,4,10,0,4,18,0,0,0,18
03/04/2015,HTS,WV,AEA,CE,Combined TRACON& Tower with Radar,1,13,5,0,19,0,0,0,0,0,1,13,5,0,19,0,0,0,19
03/05/2015,HTS,WV,AEA,CE,Combined TRACON& Tower with Radar,0,0,0,0,0,0,0,0,0,0,0,0,0,0,0,0,0,0,0
03/06/2015,HTS,WV,AEA,CE,Combined TRACON& Tower with Radar,13,10,2,0,25,0,1,13,0,14,13,11,15,0,39,0,0,0,39
03/07/2015,HTS,WV,AEA,CE,Combined TRACON& Tower with Radar,1,6,2,0,9,0,2,16,0,18,1,8,18,0,27,0,0,0,27
03/08/2015,HTS,WV,AEA,CE,Combined TRACON& Tower with Radar,4,7,5,0,16,0,2,20,0,22,4,9,25,0,38,50,0,50,88
03/09/2015,HTS,WV,AEA,CE,Combined TRACON& Tower with Radar,5,8,9,0,22,0,6,12,0,18,5,14,21,0,40,16,0,16,56
03/10/2015,HTS,WV,AEA,CE,Combined TRACON& Tower with Radar,4,11,3,0,18,0,0,0,0,0,4,11,3,0,18,0,0,0,18
03/11/2015,HTS,WV,AEA,CE,Combined TRACON& Tower with Radar,6,18,6,0,30,0,0,6,2,8,6,18,12,2,38,0,0,0,38
03/12/2015,HTS,WV,AEA,CE,Combined TRACON& Tower with Radar,8,12,19,0,39,0,2,16,0,18,8,14,35,0,57,14,0,14,71
03/13/2015,HTS,WV,AEA,CE,Combined TRACON& Tower with Radar,8,11,9,0,28,0,0,2,0,2,8,11,11,0,30,0,0,0,30
03/14/2015,HTS,WV,AEA,CE,Combined TRACON& Tower with Radar,3,6,11,0,20,0,0,0,0,0,3,6,11,0,20,0,0,0,20
03/15/2015,HTS,WV,AEA,CE,Combined TRACON& Tower with Radar,4,6,8,0,18,0,2,22,0,24,4,8,30,0,42,30,0,30,72
03/16/2015,HTS,WV,AEA,CE,Combined TRACON& Tower with Radar,5,9,13,2,29,0,2,9,1,12,5,11,22,3,41,0,0,0,41
03/17/2015,HTS,WV,AEA,CE,Combined TRACON& Tower with Radar,4,12,10,0,26,0,0,5,0,5,4,12,15,0,31,22,0,22,53
03/18/2015,HTS,WV,AEA,CE,Combined TRACON& Tower with Radar,6,13,17,2,38,0,4,18,2,24,6,17,35,4,62,8,0,8,70
03/19/2015,HTS,WV,AEA,CE,Combined TRACON& Tower with Radar,8,9,7,0,24,0,0,9,3,12,8,9,16,3,36,0,0,0,36
03/20/2015,HTS,WV,AEA,CE,Combined TRACON& Tower with Radar,8,9,10,2,29,0,0,1,0,1,8,9,11,2,30,0,0,0,30
03/21/2015,HTS,WV,AEA,CE,Combined TRACON& Tower with Radar,4,6,40,0,50,0,0,14,4,18,4,6,54,4,68,16,0,16,84
03/22/2015,HTS,WV,AEA,CE,Combined TRACON& Tower with Radar,4,10,6,0,20,0,0,9,0,9,4,10,15,0,29,28,0,28,57
03/23/2015,HTS,WV,AEA,CE,Combined TRACON& Tower with Radar,6,12,8,2,28,0,0,22,0,22,6,12,30,2,50,12,0,12,62
03/24/2015,HTS,WV,AEA,CE,Combined TRACON& Tower with Radar,4,8,13,2,27,0,0,9,0,9,4,8,22,2,36,0,0,0,36
03/25/2015,HTS,WV,AEA,CE,Combined TRACON& Tower with Radar,6,12,7,0,25,0,0,4,1,5,6,12,11,1,30,0,0,0,30
03/26/2015,HTS,WV,AEA,CE,Combined TRACON& Tower with Radar,9,12,15,0,36,0,2,2,0,4,9,14,17,0,40,0,0,0,40
03/27/2015,HTS,WV,AEA,CE,Combined TRACON& Tower with Radar,8,13,12,0,33,0,2,4,3,9,8,15,16,3,42,0,0,0,42
03/28/2015,HTS,WV,AEA,CE,Combined TRACON& Tower with Radar,4,9,4,0,17,0,0,2,2,4,4,9,6,2,21,0,0,0,21
03/29/2015,HTS,WV,AEA,CE,Combined TRACON& Tower with Radar,4,9,7,0,20,0,0,9,1,10,4,9,16,1,30,48,0,48,78
03/30/2015,HTS,WV,AEA,CE,Combined TRACON& Tower with Radar,5,11,7,0,23,0,0,2,1,3,5,11,9,1,26,0,0,0,26
03/31/2015,HTS,WV,AEA,CE,Combined TRACON& Tower with Radar,4,10,9,1,24,0,2,0,2,4,4,12,9,3,28,0,0,0,28
04/01/2015,HTS,WV,AEA,CE,Combined TRACON& Tower with Radar,6,12,15,0,33,0,5,23,0,28,6,17,38,0,61,142,0,142,203
04/02/2015,HTS,WV,AEA,CE,Combined TRACON& Tower with Radar,8,10,8,0,26,0,0,0,0,0,8,10,8,0,26,0,0,0,26
04/03/2015,HTS,WV,AEA,CE,Combined TRACON& Tower with Radar,8,9,3,0,20,0,0,0,0,0,8,9,3,0,20,0,0,0,20
04/04/2015,HTS,WV,AEA,CE,Combined TRACON& Tower with Radar,3,7,3,0,13,0,0,8,0,8,3,7,11,0,21,0,0,0,21
04/05/2015,HTS,WV,AEA,CE,Combined TRACON& Tower with Radar,4,6,9,0,19,0,0,14,0,14,4,6,23,0,33,14,0,14,47
04/06/2015,HTS,WV,AEA,CE,Combined TRACON& Tower with Radar,5,10,10,0,25,0,0,1,0,1,5,10,11,0,26,0,0,0,26
04/07/2015,HTS,WV,AEA,CE,Combined TRACON& Tower with Radar,4,15,4,0,23,0,0,1,0,1,4,15,5,0,24,0,0,0,24
04/08/2015,HTS,WV,AEA,CE,Combined TRACON& Tower with Radar,6,9,4,0,19,0,0,5,0,5,6,9,9,0,24,0,0,0,24
04/09/2015,HTS,WV,AEA,CE,Combined TRACON& Tower with Radar,8,11,4,0,23,0,0,0,4,4,8,11,4,4,27,0,0,0,27
04/10/2015,HTS,WV,AEA,CE,Combined TRACON& Tower with Radar,9,12,9,0,30,0,0,0,0,0,9,12,9,0,30,0,0,0,30
04/11/2015,HTS,WV,AEA,CE,Combined TRACON& Tower with Radar,3,6,0,8,17,0,2,28,0,30,3,8,28,8,47,61,4,65,112
04/12/2015,HTS,WV,AEA,CE,Combined TRACON& Tower with Radar,4,8,6,0,18,0,3,26,0,29,4,11,32,0,47,20,0,20,67
04/13/2015,HTS,WV,AEA,CE,Combined TRACON& Tower with Radar,5,15,11,2,33,0,2,5,0,7,5,17,16,2,40,0,0,0,40
04/14/2015,HTS,WV,AEA,CE,Combined TRACON& Tower with Radar,6,12,10,7,35,0,0,0,1,1,6,12,10,8,36,0,0,0,36
04/15/2015,HTS,WV,AEA,CE,Combined TRACON& Tower with Radar,4,10,7,6,27,0,0,1,0,1,4,10,8,6,28,0,6,6,34
04/16/2015,HTS,WV,AEA,CE,Combined TRACON& Tower with Radar,6,10,12,0,28,0,0,1,0,1,6,10,13,0,29,0,0,0,29
04/17/2015,HTS,WV,AEA,CE,Combined TRACON& Tower with Radar,8,10,7,2,27,0,0,7,0,7,8,10,14,2,34,0,0,0,34
04/18/2015,HTS,WV,AEA,CE,Combined TRACON& Tower with Radar,1,6,10,0,17,0,4,21,0,25,1,10,31,0,42,24,0,24,66
04/19/2015,HTS,WV,AEA,CE,Combined TRACON& Tower with Radar,2,9,5,0,16,0,0,0,0,0,2,9,5,0,16,0,0,0,16
04/20/2015,HTS,WV,AEA,CE,Combined TRACON& Tower with Radar,5,10,9,0,24,0,1,1,0,2,5,11,10,0,26,0,0,0,26
04/21/2015,HTS,WV,AEA,CE,Combined TRACON& Tower with Radar,4,12,9,0,25,0,2,2,4,8,4,14,11,4,33,0,0,0,33
04/22/2015,HTS,WV,AEA,CE,Combined TRACON& Tower with Radar,4,13,8,0,25,0,0,6,0,6,4,13,14,0,31,0,0,0,31
04/23/2015,HTS,WV,AEA,CE,Combined TRACON& Tower with Radar,6,10,12,2,30,0,0,2,3,5,6,10,14,5,35,0,0,0,35
04/24/2015,HTS,WV,AEA,CE,Combined TRACON& Tower with Radar,8,12,18,0,38,0,0,14,2,16,8,12,32,2,54,36,0,36,90
04/25/2015,HTS,WV,AEA,CE,Combined TRACON& Tower with Radar,1,6,6,2,15,0,0,1,0,1,1,6,7,2,16,0,0,0,16
04/26/2015,HTS,WV,AEA,CE,Combined TRACON& Tower with Radar,2,8,6,0,16,0,0,11,0,11,2,8,17,0,27,0,0,0,27
04/27/2015,HTS,WV,AEA,CE,Combined TRACON& Tower with Radar,5,10,14,0,29,0,1,14,0,15,5,11,28,0,44,0,0,0,44
04/28/2015,HTS,WV,AEA,CE,Combined TRACON& Tower with Radar,4,10,9,3,26,0,0,3,1,4,4,10,12,4,30,56,0,56,86
04/29/2015,HTS,WV,AEA,CE,Combined TRACON& Tower with Radar,4,10,12,2,28,0,0,24,0,24,4,10,36,2,52,28,0,28,80
04/30/2015,HTS,WV,AEA,CE,Combined TRACON& Tower with Radar,6,10,11,0,27,0,0,2,0,2,6,10,13,0,29,0,0,0,29
05/01/2015,HTS,WV,AEA,CE,Combined TRACON& Tower with Radar,8,11,12,4,35,0,2,6,5,13,8,13,18,9,48,20,0,20,68
05/02/2015,HTS,WV,AEA,CE,Combined TRACON& Tower with Radar,1,6,5,2,14,0,4,9,5,18,1,10,14,7,32,46,0,46,78
05/03/2015,HTS,WV,AEA,CE,Combined TRACON& Tower with Radar,2,8,3,4,17,0,0,7,0,7,2,8,10,4,24,20,0,20,44
05/04/2015,HTS,WV,AEA,CE,Combined TRACON& Tower with Radar,5,10,10,0,25,0,2,9,0,11,5,12,19,0,36,26,0,26,62
05/05/2015,HTS,WV,AEA,CE,Combined TRACON& Tower with Radar,4,9,13,10,36,0,1,16,4,21,4,10,29,14,57,12,20,32,89
05/06/2015,HTS,WV,AEA,CE,Combined TRACON& Tower with Radar,6,12,8,1,27,0,0,29,2,31,6,12,37,3,58,0,0,0,58
05/07/2015,HTS,WV,AEA,CE,Combined TRACON& Tower with Radar,6,14,5,4,29,0,0,8,0,8,6,14,13,4,37,0,14,14,51
05/08/2015,HTS,WV,AEA,CE,Combined TRACON& Tower with Radar,10,10,4,0,24,0,0,5,0,5,10,10,9,0,29,2,0,2,31
05/09/2015,HTS,WV,AEA,CE,Combined TRACON& Tower with Radar,3,6,4,0,13,0,0,2,0,2,3,6,6,0,15,0,0,0,15
05/10/2015,HTS,WV,AEA,CE,Combined TRACON& Tower with Radar,2,8,3,0,13,0,0,6,0,6,2,8,9,0,19,16,0,16,35
05/11/2015,HTS,WV,AEA,CE,Combined TRACON& Tower with Radar,7,16,14,0,37,0,0,3,0,3,7,16,17,0,40,2,0,2,42
05/12/2015,HTS,WV,AEA,CE,Combined TRACON& Tower with Radar,6,16,12,0,34,0,2,0,0,2,6,18,12,0,36,0,0,0,36
05/13/2015,HTS,WV,AEA,CE,Combined TRACON& Tower with Radar,6,10,19,0,35,0,0,6,0,6,6,10,25,0,41,0,0,0,41
05/14/2015,HTS,WV,AEA,CE,Combined TRACON& Tower with Radar,6,13,8,0,27,0,2,6,0,8,6,15,14,0,35,0,0,0,35
05/15/2015,HTS,WV,AEA,CE,Combined TRACON& Tower with Radar,10,11,9,0,30,0,0,2,0,2,10,11,11,0,32,0,0,0,32
05/16/2015,HTS,WV,AEA,CE,Combined TRACON& Tower with Radar,3,6,2,0,11,0,1,0,0,1,3,7,2,0,12,0,0,0,12
05/17/2015,HTS,WV,AEA,CE,Combined TRACON& Tower with Radar,2,9,5,0,16,0,1,2,0,3,2,10,7,0,19,0,0,0,19
05/18/2015,HTS,WV,AEA,CE,Combined TRACON& Tower with Radar,7,10,9,0,26,0,3,5,0,8,7,13,14,0,34,24,0,24,58
05/19/2015,HTS,WV,AEA,CE,Combined TRACON& Tower with Radar,6,10,9,0,25,0,0,5,2,7,6,10,14,2,32,22,0,22,54
05/20/2015,HTS,WV,AEA,CE,Combined TRACON& Tower with Radar,6,10,16,0,32,0,0,11,3,14,6,10,27,3,46,0,0,0,46
05/21/2015,HTS,WV,AEA,CE,Combined TRACON& Tower with Radar,6,10,15,0,31,0,0,0,0,0,6,10,15,0,31,0,0,0,31
05/22/2015,HTS,WV,AEA,CE,Combined TRACON& Tower with Radar,10,12,12,0,34,0,0,14,2,16,10,12,26,2,50,0,0,0,50
05/23/2015,HTS,WV,AEA,CE,Combined TRACON& Tower with Radar,10,6,9,0,25,0,0,9,0,9,10,6,18,0,34,0,0,0,34
05/24/2015,HTS,WV,AEA,CE,Combined TRACON& Tower with Radar,2,8,7,0,17,0,0,8,1,9,2,8,15,1,26,0,0,0,26
05/25/2015,HTS,WV,AEA,CE,Combined TRACON& Tower with Radar,6,6,11,0,23,0,2,3,0,5,6,8,14,0,28,0,0,0,28
05/26/2015,HTS,WV,AEA,CE,Combined TRACON& Tower with Radar,5,10,7,0,22,0,0,4,0,4,5,10,11,0,26,0,0,0,26
05/27/2015,HTS,WV,AEA,CE,Combined TRACON& Tower with Radar,6,10,5,0,21,0,0,1,0,1,6,10,6,0,22,0,0,0,22
05/28/2015,HTS,WV,AEA,CE,Combined TRACON& Tower with Radar,6,10,9,2,27,0,2,6,0,8,6,12,15,2,35,0,0,0,35
05/29/2015,HTS,WV,AEA,CE,Combined TRACON& Tower with Radar,10,13,10,4,37,0,0,4,0,4,10,13,14,4,41,0,0,0,41
05/30/2015,HTS,WV,AEA,CE,Combined TRACON& Tower with Radar,5,6,3,0,14,0,0,5,0,5,5,6,8,0,19,0,0,0,19
05/31/2015,HTS,WV,AEA,CE,Combined TRACON& Tower with Radar,2,11,1,0,14,0,3,4,0,7,2,14,5,0,21,0,0,0,21
06/01/2015,HTS,WV,AEA,CE,Combined TRACON& Tower with Radar,7,12,8,0,27,0,0,0,0,0,7,12,8,0,27,0,0,0,27
06/02/2015,HTS,WV,AEA,CE,Combined TRACON& Tower with Radar,8,13,3,0,24,0,0,0,0,0,8,13,3,0,24,0,0,0,24
06/03/2015,HTS,WV,AEA,CE,Combined TRACON& Tower with Radar,10,10,9,0,29,0,0,2,0,2,10,10,11,0,31,0,0,0,31
06/04/2015,HTS,WV,AEA,CE,Combined TRACON& Tower with Radar,6,10,12,0,28,0,0,9,4,13,6,10,21,4,41,0,0,0,41
06/05/2015,HTS,WV,AEA,CE,Combined TRACON& Tower with Radar,10,10,11,0,31,0,2,15,7,24,10,12,26,7,55,0,0,0,55
06/06/2015,HTS,WV,AEA,CE,Combined TRACON& Tower with Radar,9,6,8,0,23,0,0,6,0,6,9,6,14,0,29,0,0,0,29
06/07/2015,HTS,WV,AEA,CE,Combined TRACON& Tower with Radar,2,8,7,0,17,0,0,5,0,5,2,8,12,0,22,0,0,0,22
06/08/2015,HTS,WV,AEA,CE,Combined TRACON& Tower with Radar,7,9,16,0,32,0,0,4,0,4,7,9,20,0,36,0,0,0,36
06/09/2015,HTS,WV,AEA,CE,Combined TRACON& Tower with Radar,8,11,8,1,28,0,0,11,2,13,8,11,19,3,41,0,0,0,41
06/10/2015,HTS,WV,AEA,CE,Combined TRACON& Tower with Radar,9,10,16,4,39,0,2,12,2,16,9,12,28,6,55,2,20,22,77
06/11/2015,HTS,WV,AEA,CE,Combined TRACON& Tower with Radar,9,10,13,0,32,0,0,9,0,9,9,10,22,0,41,0,0,0,41
06/12/2015,HTS,WV,AEA,CE,Combined TRACON& Tower with Radar,10,14,18,2,44,0,0,6,0,6,10,14,24,2,50,0,0,0,50
06/13/2015,HTS,WV,AEA,CE,Combined TRACON& Tower with Radar,11,4,3,0,18,0,0,3,0,3,11,4,6,0,21,0,0,0,21
06/14/2015,HTS,WV,AEA,CE,Combined TRACON& Tower with Radar,2,7,8,0,17,0,0,10,0,10,2,7,18,0,27,50,0,50,77
06/15/2015,HTS,WV,AEA,CE,Combined TRACON& Tower with Radar,7,12,5,0,24,0,0,7,4,11,7,12,12,4,35,0,0,0,35
06/16/2015,HTS,WV,AEA,CE,Combined TRACON& Tower with Radar,8,13,8,2,31,0,2,2,0,4,8,15,10,2,35,22,2,24,59
06/17/2015,HTS,WV,AEA,CE,Combined TRACON& Tower with Radar,10,12,6,0,28,0,0,6,0,6,10,12,12,0,34,0,0,0,34
06/18/2015,HTS,WV,AEA,CE,Combined TRACON& Tower with Radar,6,11,12,0,29,0,0,10,0,10,6,11,22,0,39,0,0,0,39
06/19/2015,HTS,WV,AEA,CE,Combined TRACON& Tower with Radar,10,9,6,0,25,0,0,0,0,0,10,9,6,0,25,0,0,0,25
06/20/2015,HTS,WV,AEA,CE,Combined TRACON& Tower with Radar,9,6,0,0,15,0,0,0,0,0,9,6,0,0,15,0,0,0,15
06/21/2015,HTS,WV,AEA,CE,Combined TRACON& Tower with Radar,2,8,11,0,21,0,4,1,0,5,2,12,12,0,26,0,0,0,26
06/22/2015,HTS,WV,AEA,CE,Combined TRACON& Tower with Radar,7,21,10,0,38,0,0,6,2,8,7,21,16,2,46,14,0,14,60
06/23/2015,HTS,WV,AEA,CE,Combined TRACON& Tower with Radar,6,10,8,4,28,0,2,1,0,3,6,12,9,4,31,0,6,6,37
06/24/2015,HTS,WV,AEA,CE,Combined TRACON& Tower with Radar,12,12,10,0,34,0,0,24,0,24,12,12,34,0,58,24,0,24,82
06/25/2015,HTS,WV,AEA,CE,Combined TRACON& Tower with Radar,6,14,10,4,34,0,0,14,0,14,6,14,24,4,48,0,0,0,48
06/26/2015,HTS,WV,AEA,CE,Combined TRACON& Tower with Radar,9,14,8,0,31,0,2,2,0,4,9,16,10,0,35,0,0,0,35
06/27/2015,HTS,WV,AEA,CE,Combined TRACON& Tower with Radar,12,6,5,0,23,0,0,1,0,1,12,6,6,0,24,0,0,0,24
06/28/2015,HTS,WV,AEA,CE,Combined TRACON& Tower with Radar,2,12,4,0,18,0,0,11,0,11,2,12,15,0,29,0,0,0,29
06/29/2015,HTS,WV,AEA,CE,Combined TRACON& Tower with Radar,7,12,5,0,24,0,0,0,0,0,7,12,5,0,24,12,0,12,36
06/30/2015,HTS,WV,AEA,CE,Combined TRACON& Tower with Radar,9,9,7,2,27,0,0,0,0,0,9,9,7,2,27,0,0,0,27
07/01/2015,HTS,WV,AEA,CE,Combined TRACON& Tower with Radar,10,12,12,0,34,0,0,1,0,1,10,12,13,0,35,0,0,0,35
07/02/2015,HTS,WV,AEA,CE,Combined TRACON& Tower with Radar,6,10,4,0,20,0,0,0,0,0,6,10,4,0,20,0,0,0,20
07/03/2015,HTS,WV,AEA,CE,Combined TRACON& Tower with Radar,9,14,6,0,29,0,2,2,0,4,9,16,8,0,33,0,0,0,33
07/04/2015,HTS,WV,AEA,CE,Combined TRACON& Tower with Radar,12,6,5,0,23,0,0,1,0,1,12,6,6,0,24,16,0,16,40
07/05/2015,HTS,WV,AEA,CE,Combined TRACON& Tower with Radar,2,12,4,0,18,0,0,11,0,11,2,12,15,0,29,0,0,0,29
07/06/2015,HTS,WV,AEA,CE,Combined TRACON& Tower with Radar,7,9,6,0,22,0,0,3,0,3,7,9,9,0,25,0,0,0,25
07/07/2015,HTS,WV,AEA,CE,Combined TRACON& Tower with Radar,8,12,4,0,24,0,0,5,0,5,8,12,9,0,29,0,0,0,29
07/08/2015,HTS,WV,AEA,CE,Combined TRACON& Tower with Radar,10,10,6,0,26,0,0,3,0,3,10,10,9,0,29,0,0,0,29
07/09/2015,HTS,WV,AEA,CE,Combined TRACON& Tower with Radar,6,12,5,0,23,0,0,3,0,3,6,12,8,0,26,0,0,0,26
07/10/2015,HTS,WV,AEA,CE,Combined TRACON& Tower with Radar,10,12,15,0,37,0,0,1,0,1,10,12,16,0,38,0,0,0,38
07/11/2015,HTS,WV,AEA,CE,Combined TRACON& Tower with Radar,9,6,6,0,21,0,0,9,0,9,9,6,15,0,30,18,0,18,48
07/12/2015,HTS,WV,AEA,CE,Combined TRACON& Tower with Radar,3,10,5,0,18,0,0,0,0,0,3,10,5,0,18,0,0,0,18
07/13/2015,HTS,WV,AEA,CE,Combined TRACON& Tower with Radar,6,10,6,0,22,0,0,1,0,1,6,10,7,0,23,0,0,0,23
07/14/2015,HTS,WV,AEA,CE,Combined TRACON& Tower with Radar,10,8,0,2,20,0,2,10,0,12,10,10,10,2,32,0,0,0,32
07/15/2015,HTS,WV,AEA,CE,Combined TRACON& Tower with Radar,10,8,14,3,35,0,0,14,1,15,10,8,28,4,50,22,0,22,72
07/16/2015,HTS,WV,AEA,CE,Combined TRACON& Tower with Radar,6,12,24,0,42,0,2,9,3,14,6,14,33,3,56,0,0,0,56
07/17/2015,HTS,WV,AEA,CE,Combined TRACON& Tower with Radar,10,11,12,0,33,0,0,9,2,11,10,11,21,2,44,0,0,0,44
07/18/2015,HTS,WV,AEA,CE,Combined TRACON& Tower with Radar,10,7,1,0,18,0,0,5,0,5,10,7,6,0,23,0,0,0,23
07/19/2015,HTS,WV,AEA,CE,Combined TRACON& Tower with Radar,2,6,9,0,17,0,0,15,0,15,2,6,24,0,32,12,0,12,44
07/20/2015,HTS,WV,AEA,CE,Combined TRACON& Tower with Radar,7,11,6,2,26,0,0,1,4,5,7,11,7,6,31,0,0,0,31
07/21/2015,HTS,WV,AEA,CE,Combined TRACON& Tower with Radar,8,10,2,0,20,0,1,4,2,7,8,11,6,2,27,4,0,4,31
07/22/2015,HTS,WV,AEA,CE,Combined TRACON& Tower with Radar,10,15,9,0,34,0,1,26,0,27,10,16,35,0,61,22,0,22,83
07/23/2015,HTS,WV,AEA,CE,Combined TRACON& Tower with Radar,6,9,7,0,22,0,1,17,2,20,6,10,24,2,42,0,0,0,42
07/24/2015,HTS,WV,AEA,CE,Combined TRACON& Tower with Radar,10,14,5,0,29,0,0,21,0,21,10,14,26,0,50,0,0,0,50
07/25/2015,HTS,WV,AEA,CE,Combined TRACON& Tower with Radar,9,8,5,0,22,0,0,13,0,13,9,8,18,0,35,16,0,16,51
07/26/2015,HTS,WV,AEA,CE,Combined TRACON& Tower with Radar,2,8,7,0,17,0,2,6,0,8,2,10,13,0,25,0,0,0,25
07/27/2015,HTS,WV,AEA,CE,Combined TRACON& Tower with Radar,7,12,10,0,29,0,0,0,0,0,7,12,10,0,29,0,0,0,29
07/28/2015,HTS,WV,AEA,CE,Combined TRACON& Tower with Radar,8,10,8,0,26,0,1,3,0,4,8,11,11,0,30,0,0,0,30
07/29/2015,HTS,WV,AEA,CE,Combined TRACON& Tower with Radar,12,12,16,0,40,0,1,4,0,5,12,13,20,0,45,0,0,0,45
07/30/2015,HTS,WV,AEA,CE,Combined TRACON& Tower with Radar,6,12,6,0,24,0,1,2,0,3,6,13,8,0,27,0,0,0,27
07/31/2015,HTS,WV,AEA,CE,Combined TRACON& Tower with Radar,10,10,11,0,31,0,0,8,2,10,10,10,19,2,41,0,0,0,41
08/01/2015,HTS,WV,AEA,CE,Combined TRACON& Tower with Radar,7,6,6,0,19,0,2,7,0,9,7,8,13,0,28,0,0,0,28
08/02/2015,HTS,WV,AEA,CE,Combined TRACON& Tower with Radar,2,6,4,0,12,0,2,13,0,15,2,8,17,0,27,16,0,16,43
08/03/2015,HTS,WV,AEA,CE,Combined TRACON& Tower with Radar,7,10,3,0,20,0,0,4,0,4,7,10,7,0,24,0,0,0,24
08/04/2015,HTS,WV,AEA,CE,Combined TRACON& Tower with Radar,6,10,9,0,25,0,0,5,0,5,6,10,14,0,30,0,0,0,30
08/05/2015,HTS,WV,AEA,CE,Combined TRACON& Tower with Radar,9,10,12,0,31,0,0,24,2,26,9,10,36,2,57,0,0,0,57
08/06/2015,HTS,WV,AEA,CE,Combined TRACON& Tower with Radar,9,10,5,0,24,0,2,0,0,2,9,12,5,0,26,0,0,0,26
08/07/2015,HTS,WV,AEA,CE,Combined TRACON& Tower with Radar,11,12,14,2,39,0,0,4,0,4,11,12,18,2,43,12,0,12,55
08/08/2015,HTS,WV,AEA,CE,Combined TRACON& Tower with Radar,7,7,13,0,27,0,1,12,0,13,7,8,25,0,40,0,0,0,40
08/09/2015,HTS,WV,AEA,CE,Combined TRACON& Tower with Radar,2,8,14,0,24,0,2,12,0,14,2,10,26,0,38,6,0,6,44
08/10/2015,HTS,WV,AEA,CE,Combined TRACON& Tower with Radar,7,10,1,0,18,0,2,5,0,7,7,12,6,0,25,0,0,0,25
08/11/2015,HTS,WV,AEA,CE,Combined TRACON& Tower with Radar,6,12,10,5,33,0,0,0,0,0,6,12,10,5,33,0,16,16,49
08/12/2015,HTS,WV,AEA,CE,Combined TRACON& Tower with Radar,6,10,11,4,31,0,0,25,2,27,6,10,36,6,58,16,22,38,96
08/13/2015,HTS,WV,AEA,CE,Combined TRACON& Tower with Radar,6,12,10,2,30,0,2,15,6,23,6,14,25,8,53,35,0,35,88
08/14/2015,HTS,WV,AEA,CE,Combined TRACON& Tower with Radar,10,15,16,0,41,0,0,16,2,18,10,15,32,2,59,0,0,0,59
08/15/2015,HTS,WV,AEA,CE,Combined TRACON& Tower with Radar,5,3,8,0,16,0,0,15,0,15,5,3,23,0,31,10,0,10,41
08/16/2015,HTS,WV,AEA,CE,Combined TRACON& Tower with Radar,2,12,7,0,21,0,2,29,0,31,2,14,36,0,52,4,0,4,56
08/17/2015,HTS,WV,AEA,CE,Combined TRACON& Tower with Radar,7,14,16,0,37,0,2,3,0,5,7,16,19,0,42,0,0,0,42
08/18/2015,HTS,WV,AEA,CE,Combined TRACON& Tower with Radar,6,10,4,0,20,0,0,5,2,7,6,10,9,2,27,0,0,0,27
08/19/2015,HTS,WV,AEA,CE,Combined TRACON& Tower with Radar,6,9,7,0,22,0,1,0,0,1,6,10,7,0,23,0,0,0,23
08/20/2015,HTS,WV,AEA,CE,Combined TRACON& Tower with Radar,6,11,7,3,27,0,1,7,1,9,6,12,14,4,36,0,36,36,72
08/21/2015,HTS,WV,AEA,CE,Combined TRACON& Tower with Radar,8,12,16,0,36,0,0,14,4,18,8,12,30,4,54,0,0,0,54
08/22/2015,HTS,WV,AEA,CE,Combined TRACON& Tower with Radar,4,6,7,0,17,0,2,15,0,17,4,8,22,0,34,14,0,14,48
08/23/2015,HTS,WV,AEA,CE,Combined TRACON& Tower with Radar,4,8,6,0,18,0,0,12,0,12,4,8,18,0,30,0,0,0,30
08/24/2015,HTS,WV,AEA,CE,Combined TRACON& Tower with Radar,3,9,11,0,23,0,2,1,0,3,3,11,12,0,26,0,0,0,26
08/25/2015,HTS,WV,AEA,CE,Combined TRACON& Tower with Radar,6,11,18,0,35,0,1,10,0,11,6,12,28,0,46,12,0,12,58
08/26/2015,HTS,WV,AEA,CE,Combined TRACON& Tower with Radar,8,12,7,0,27,0,2,2,0,4,8,14,9,0,31,0,0,0,31
08/27/2015,HTS,WV,AEA,CE,Combined TRACON& Tower with Radar,6,10,4,1,21,0,2,1,1,4,6,12,5,2,25,0,0,0,25
08/28/2015,HTS,WV,AEA,CE,Combined TRACON& Tower with Radar,8,10,5,2,25,0,2,5,1,8,8,12,10,3,33,0,14,14,47
08/29/2015,HTS,WV,AEA,CE,Combined TRACON& Tower with Radar,3,6,3,0,12,0,2,16,2,20,3,8,19,2,32,9,0,9,41
08/30/2015,HTS,WV,AEA,CE,Combined TRACON& Tower with Radar,6,8,11,0,25,0,0,16,0,16,6,8,27,0,41,0,0,0,41
08/31/2015,HTS,WV,AEA,CE,Combined TRACON& Tower with Radar,1,10,11,0,22,0,4,2,0,6,1,14,13,0,28,0,0,0,28
09/01/2015,HTS,WV,AEA,CE,Combined TRACON& Tower with Radar,6,14,6,0,26,0,3,3,4,10,6,17,9,4,36,0,0,0,36
09/02/2015,HTS,WV,AEA,CE,Combined TRACON& Tower with Radar,8,12,14,4,38,0,3,8,0,11,8,15,22,4,49,0,38,38,87
09/03/2015,HTS,WV,AEA,CE,Combined TRACON& Tower with Radar,6,10,6,0,22,0,0,13,0,13,6,10,19,0,35,6,0,6,41
09/04/2015,HTS,WV,AEA,CE,Combined TRACON& Tower with Radar,8,12,11,0,31,0,0,6,0,6,8,12,17,0,37,0,0,0,37
09/05/2015,HTS,WV,AEA,CE,Combined TRACON& Tower with Radar,4,6,2,0,12,0,0,6,0,6,4,6,8,0,18,0,0,0,18
09/06/2015,HTS,WV,AEA,CE,Combined TRACON& Tower with Radar,7,8,11,0,26,0,4,8,0,12,7,12,19,0,38,0,0,0,38
09/07/2015,HTS,WV,AEA,CE,Combined TRACON& Tower with Radar,0,8,11,0,19,0,0,12,0,12,0,8,23,0,31,0,0,0,31
09/08/2015,HTS,WV,AEA,CE,Combined TRACON& Tower with Radar,3,15,5,3,26,0,2,5,0,7,3,17,10,3,33,0,0,0,33
09/09/2015,HTS,WV,AEA,CE,Combined TRACON& Tower with Radar,8,12,11,13,44,0,2,3,1,6,8,14,14,14,50,4,0,4,54
09/10/2015,HTS,WV,AEA,CE,Combined TRACON& Tower with Radar,6,15,16,0,37,0,0,2,0,2,6,15,18,0,39,0,0,0,39
09/11/2015,HTS,WV,AEA,CE,Combined TRACON& Tower with Radar,8,15,1,0,24,0,0,0,0,0,8,15,1,0,24,0,0,0,24
09/12/2015,HTS,WV,AEA,CE,Combined TRACON& Tower with Radar,1,6,8,0,15,0,0,0,0,0,1,6,8,0,15,0,0,0,15
09/13/2015,HTS,WV,AEA,CE,Combined TRACON& Tower with Radar,6,7,6,0,19,0,0,0,0,0,6,7,6,0,19,0,0,0,19
09/14/2015,HTS,WV,AEA,CE,Combined TRACON& Tower with Radar,1,10,6,0,17,0,1,7,0,8,1,11,13,0,25,0,0,0,25
09/15/2015,HTS,WV,AEA,CE,Combined TRACON& Tower with Radar,4,18,9,0,31,0,1,8,0,9,4,19,17,0,40,0,0,0,40
09/16/2015,HTS,WV,AEA,CE,Combined TRACON& Tower with Radar,6,10,14,0,30,0,0,19,0,19,6,10,33,0,49,0,0,0,49
09/17/2015,HTS,WV,AEA,CE,Combined TRACON& Tower with Radar,6,10,6,0,22,0,1,9,0,10,6,11,15,0,32,0,0,0,32
09/18/2015,HTS,WV,AEA,CE,Combined TRACON& Tower with Radar,8,10,11,0,29,0,1,12,0,13,8,11,23,0,42,6,0,6,48
09/19/2015,HTS,WV,AEA,CE,Combined TRACON& Tower with Radar,1,6,4,0,11,0,0,6,0,6,1,6,10,0,17,0,0,0,17
09/20/2015,HTS,WV,AEA,CE,Combined TRACON& Tower with Radar,6,9,8,0,23,0,1,3,0,4,6,10,11,0,27,0,0,0,27
09/21/2015,HTS,WV,AEA,CE,Combined TRACON& Tower with Radar,1,14,0,2,17,0,4,6,0,10,1,18,6,2,27,0,0,0,27
09/22/2015,HTS,WV,AEA,CE,Combined TRACON& Tower with Radar,6,10,9,0,25,0,0,2,0,2,6,10,11,0,27,0,0,0,27
09/23/2015,HTS,WV,AEA,CE,Combined TRACON& Tower with Radar,6,13,7,2,28,0,0,3,4,7,6,13,10,6,35,6,10,16,51
09/24/2015,HTS,WV,AEA,CE,Combined TRACON& Tower with Radar,5,11,5,0,21,0,2,10,0,12,5,13,15,0,33,11,0,11,44
09/25/2015,HTS,WV,AEA,CE,Combined TRACON& Tower with Radar,8,12,10,0,30,0,1,0,2,3,8,13,10,2,33,0,0,0,33
09/26/2015,HTS,WV,AEA,CE,Combined TRACON& Tower with Radar,1,11,4,0,16,0,6,6,0,12,1,17,10,0,28,0,0,0,28
09/27/2015,HTS,WV,AEA,CE,Combined TRACON& Tower with Radar,6,11,7,2,26,0,0,3,0,3,6,11,10,2,29,0,0,0,29
09/28/2015,HTS,WV,AEA,CE,Combined TRACON& Tower with Radar,1,10,7,1,19,0,2,5,0,7,1,12,12,1,26,0,0,0,26
09/29/2015,HTS,WV,AEA,CE,Combined TRACON& Tower with Radar,4,14,12,1,31,0,0,0,0,0,4,14,12,1,31,0,0,0,31
09/30/2015,HTS,WV,AEA,CE,Combined TRACON& Tower with Radar,7,12,9,0,28,0,0,0,0,0,7,12,9,0,28,0,0,0,28
10/01/2015,HTS,WV,AEA,CE,Combined TRACON& Tower with Radar,6,9,7,0,22,0,0,1,0,1,6,9,8,0,23,0,0,0,23
10/02/2015,HTS,WV,AEA,CE,Combined TRACON& Tower with Radar,6,13,5,0,24,0,0,1,0,1,6,13,6,0,25,0,0,0,25
10/03/2015,HTS,WV,AEA,CE,Combined TRACON& Tower with Radar,5,7,0,0,12,0,0,0,0,0,5,7,0,0,12,0,0,0,12
10/04/2015,HTS,WV,AEA,CE,Combined TRACON& Tower with Radar,4,8,7,0,19,0,0,7,0,7,4,8,14,0,26,0,0,0,26
10/05/2015,HTS,WV,AEA,CE,Combined TRACON& Tower with Radar,1,10,8,0,19,0,2,10,0,12,1,12,18,0,31,12,8,20,51
10/06/2015,HTS,WV,AEA,CE,Combined TRACON& Tower with Radar,4,14,5,0,23,0,2,17,0,19,4,16,22,0,42,0,0,0,42
10/07/2015,HTS,WV,AEA,CE,Combined TRACON& Tower with Radar,6,10,8,0,24,0,0,13,0,13,6,10,21,0,37,8,0,8,45
10/08/2015,HTS,WV,AEA,CE,Combined TRACON& Tower with Radar,7,12,15,0,34,0,0,25,0,25,7,12,40,0,59,0,0,0,59
10/09/2015,HTS,WV,AEA,CE,Combined TRACON& Tower with Radar,6,10,6,2,24,0,0,0,0,0,6,10,6,2,24,0,0,0,24
10/10/2015,HTS,WV,AEA,CE,Combined TRACON& Tower with Radar,4,10,7,0,21,0,0,7,0,7,4,10,14,0,28,0,0,0,28
10/11/2015,HTS,WV,AEA,CE,Combined TRACON& Tower with Radar,4,10,10,1,25,0,0,14,0,14,4,10,24,1,39,0,0,0,39
10/12/2015,HTS,WV,AEA,CE,Combined TRACON& Tower with Radar,1,12,8,0,21,0,0,6,0,6,1,12,14,0,27,0,0,0,27
10/13/2015,HTS,WV,AEA,CE,Combined TRACON& Tower with Radar,6,10,9,0,25,0,0,2,0,2,6,10,11,0,27,0,0,0,27
10/14/2015,HTS,WV,AEA,CE,Combined TRACON& Tower with Radar,6,14,10,2,32,0,0,6,0,6,6,14,16,2,38,0,0,0,38
10/15/2015,HTS,WV,AEA,CE,Combined TRACON& Tower with Radar,6,13,6,0,25,0,1,12,2,15,6,14,18,2,40,10,0,10,50
10/16/2015,HTS,WV,AEA,CE,Combined TRACON& Tower with Radar,8,8,10,2,28,0,0,4,0,4,8,8,14,2,32,6,0,6,38
10/17/2015,HTS,WV,AEA,CE,Combined TRACON& Tower with Radar,6,6,6,0,18,0,0,8,0,8,6,6,14,0,26,0,0,0,26
10/18/2015,HTS,WV,AEA,CE,Combined TRACON& Tower with Radar,6,9,7,0,22,0,8,10,1,19,6,17,17,1,41,0,0,0,41
10/19/2015,HTS,WV,AEA,CE,Combined TRACON& Tower with Radar,2,10,16,0,28,0,6,12,1,19,2,16,28,1,47,0,0,0,47
10/20/2015,HTS,WV,AEA,CE,Combined TRACON& Tower with Radar,6,10,4,0,20,0,0,15,0,15,6,10,19,0,35,0,0,0,35
10/21/2015,HTS,WV,AEA,CE,Combined TRACON& Tower with Radar,6,9,7,8,30,0,4,14,8,26,6,13,21,16,56,0,0,0,56
10/22/2015,HTS,WV,AEA,CE,Combined TRACON& Tower with Radar,6,9,4,4,23,0,1,7,0,8,6,10,11,4,31,14,0,14,45
10/23/2015,HTS,WV,AEA,CE,Combined TRACON& Tower with Radar,6,11,7,0,24,0,1,12,3,16,6,12,19,3,40,0,0,0,40
10/24/2015,HTS,WV,AEA,CE,Combined TRACON& Tower with Radar,3,10,3,0,16,0,2,0,0,2,3,12,3,0,18,0,0,0,18
10/25/2015,HTS,WV,AEA,CE,Combined TRACON& Tower with Radar,4,10,9,0,23,0,0,1,0,1,4,10,10,0,24,0,0,0,24
10/26/2015,HTS,WV,AEA,CE,Combined TRACON& Tower with Radar,1,11,16,0,28,0,0,8,4,12,1,11,24,4,40,0,0,0,40
10/27/2015,HTS,WV,AEA,CE,Combined TRACON& Tower with Radar,4,11,13,2,30,0,0,0,2,2,4,11,13,4,32,0,0,0,32
10/28/2015,HTS,WV,AEA,CE,Combined TRACON& Tower with Radar,6,11,4,1,22,0,0,0,3,3,6,11,4,4,25,0,0,0,25
10/29/2015,HTS,WV,AEA,CE,Combined TRACON& Tower with Radar,6,11,6,3,26,0,1,3,2,6,6,12,9,5,32,0,0,0,32
10/30/2015,HTS,WV,AEA,CE,Combined TRACON& Tower with Radar,9,14,5,0,28,0,4,8,6,18,9,18,13,6,46,0,0,0,46
10/31/2015,HTS,WV,AEA,CE,Combined TRACON& Tower with Radar,4,4,3,0,11,0,2,6,0,8,4,6,9,0,19,12,0,12,31
11/01/2015,HTS,WV,AEA,CE,Combined TRACON& Tower with Radar,5,9,0,0,14,0,0,0,0,0,5,9,0,0,14,10,0,10,24
11/02/2015,HTS,WV,AEA,CE,Combined TRACON& Tower with Radar,1,10,9,0,20,0,0,4,0,4,1,10,13,0,24,0,0,0,24
11/03/2015,HTS,WV,AEA,CE,Combined TRACON& Tower with Radar,4,12,14,0,30,0,0,10,0,10,4,12,24,0,40,0,0,0,40
11/04/2015,HTS,WV,AEA,CE,Combined TRACON& Tower with Radar,6,15,20,0,41,0,0,6,0,6,6,15,26,0,47,0,0,0,47
11/05/2015,HTS,WV,AEA,CE,Combined TRACON& Tower with Radar,7,13,11,4,35,0,0,8,0,8,7,13,19,4,43,0,0,0,43
11/06/2015,HTS,WV,AEA,CE,Combined TRACON& Tower with Radar,8,10,0,0,18,0,2,5,0,7,8,12,5,0,25,7,0,7,32
11/07/2015,HTS,WV,AEA,CE,Combined TRACON& Tower with Radar,3,9,7,0,19,0,0,10,3,13,3,9,17,3,32,5,0,5,37
11/08/2015,HTS,WV,AEA,CE,Combined TRACON& Tower with Radar,4,7,4,0,15,0,4,8,3,15,4,11,12,3,30,4,0,4,34
11/09/2015,HTS,WV,AEA,CE,Combined TRACON& Tower with Radar,2,11,9,0,22,0,0,4,0,4,2,11,13,0,26,0,0,0,26
11/10/2015,HTS,WV,AEA,CE,Combined TRACON& Tower with Radar,4,12,7,2,25,0,0,0,6,6,4,12,7,8,31,0,0,0,31
11/11/2015,HTS,WV,AEA,CE,Combined TRACON& Tower with Radar,7,15,7,0,29,0,0,4,0,4,7,15,11,0,33,0,0,0,33
11/12/2015,HTS,WV,AEA,CE,Combined TRACON& Tower with Radar,6,14,4,0,24,0,1,1,4,6,6,15,5,4,30,0,0,0,30
11/13/2015,HTS,WV,AEA,CE,Combined TRACON& Tower with Radar,9,9,6,0,24,0,0,6,2,8,9,9,12,2,32,0,0,0,32
11/14/2015,HTS,WV,AEA,CE,Combined TRACON& Tower with Radar,3,10,2,0,15,0,2,9,0,11,3,12,11,0,26,0,0,0,26
11/15/2015,HTS,WV,AEA,CE,Combined TRACON& Tower with Radar,4,8,10,0,22,0,0,18,2,20,4,8,28,2,42,0,0,0,42
11/16/2015,HTS,WV,AEA,CE,Combined TRACON& Tower with Radar,1,10,7,0,18,0,0,5,0,5,1,10,12,0,23,0,0,0,23
11/17/2015,HTS,WV,AEA,CE,Combined TRACON& Tower with Radar,4,10,10,0,24,0,2,11,0,13,4,12,21,0,37,0,0,0,37
11/18/2015,HTS,WV,AEA,CE,Combined TRACON& Tower with Radar,5,17,13,4,39,0,0,0,14,14,5,17,13,18,53,0,0,0,53
11/19/2015,HTS,WV,AEA,CE,Combined TRACON& Tower with Radar,6,19,10,2,37,0,0,3,2,5,6,19,13,4,42,0,0,0,42
11/20/2015,HTS,WV,AEA,CE,Combined TRACON& Tower with Radar,6,9,7,0,22,0,3,5,0,8,6,12,12,0,30,0,0,0,30
11/21/2015,HTS,WV,AEA,CE,Combined TRACON& Tower with Radar,1,9,4,0,14,0,0,8,4,12,1,9,12,4,26,0,0,0,26
11/22/2015,HTS,WV,AEA,CE,Combined TRACON& Tower with Radar,2,7,3,0,12,0,0,1,0,1,2,7,4,0,13,0,0,0,13
11/23/2015,HTS,WV,AEA,CE,Combined TRACON& Tower with Radar,4,12,4,6,26,0,4,2,0,6,4,16,6,6,32,13,0,13,45
11/24/2015,HTS,WV,AEA,CE,Combined TRACON& Tower with Radar,6,12,9,0,27,0,0,0,0,0,6,12,9,0,27,0,0,0,27
11/25/2015,HTS,WV,AEA,CE,Combined TRACON& Tower with Radar,6,12,6,0,24,0,3,3,0,6,6,15,9,0,30,8,0,8,38
11/26/2015,HTS,WV,AEA,CE,Combined TRACON& Tower with Radar,2,4,5,0,11,0,4,5,0,9,2,8,10,0,20,0,0,0,20
11/27/2015,HTS,WV,AEA,CE,Combined TRACON& Tower with Radar,6,10,6,0,22,0,0,7,0,7,6,10,13,0,29,0,0,0,29
11/28/2015,HTS,WV,AEA,CE,Combined TRACON& Tower with Radar,4,8,9,0,21,0,0,0,0,0,4,8,9,0,21,0,0,0,21
11/29/2015,HTS,WV,AEA,CE,Combined TRACON& Tower with Radar,4,12,16,0,32,0,0,0,0,0,4,12,16,0,32,12,0,12,44
11/30/2015,HTS,WV,AEA,CE,Combined TRACON& Tower with Radar,3,16,5,0,24,0,0,0,0,0,3,16,5,0,24,0,0,0,24
12/01/2015,HTS,WV,AEA,CE,Combined TRACON& Tower with Radar,4,12,1,0,17,0,0,0,0,0,4,12,1,0,17,0,0,0,17
12/02/2015,HTS,WV,AEA,CE,Combined TRACON& Tower with Radar,4,10,5,0,19,0,1,1,0,2,4,11,6,0,21,0,0,0,21
12/03/2015,HTS,WV,AEA,CE,Combined TRACON& Tower with Radar,6,12,6,0,24,0,0,5,0,5,6,12,11,0,29,0,0,0,29
12/04/2015,HTS,WV,AEA,CE,Combined TRACON& Tower with Radar,6,10,8,0,24,0,0,11,0,11,6,10,19,0,35,0,0,0,35
12/05/2015,HTS,WV,AEA,CE,Combined TRACON& Tower with Radar,0,6,7,0,13,0,0,11,0,11,0,6,18,0,24,14,0,14,38
12/06/2015,HTS,WV,AEA,CE,Combined TRACON& Tower with Radar,3,8,10,0,21,0,0,7,0,7,3,8,17,0,28,0,0,0,28
12/07/2015,HTS,WV,AEA,CE,Combined TRACON& Tower with Radar,3,10,2,0,15,0,0,0,0,0,3,10,2,0,15,0,0,0,15
12/08/2015,HTS,WV,AEA,CE,Combined TRACON& Tower with Radar,5,8,2,0,15,0,0,1,0,1,5,8,3,0,16,6,0,6,22
12/09/2015,HTS,WV,AEA,CE,Combined TRACON& Tower with Radar,4,11,7,0,22,0,2,3,0,5,4,13,10,0,27,3,0,3,30
12/10/2015,HTS,WV,AEA,CE,Combined TRACON& Tower with Radar,6,14,14,0,34,0,2,1,0,3,6,16,15,0,37,0,0,0,37
12/11/2015,HTS,WV,AEA,CE,Combined TRACON& Tower with Radar,8,13,5,1,27,0,0,0,0,0,8,13,5,1,27,0,22,22,49
12/12/2015,HTS,WV,AEA,CE,Combined TRACON& Tower with Radar,1,7,9,0,17,0,1,3,0,4,1,8,12,0,21,0,0,0,21
12/13/2015,HTS,WV,AEA,CE,Combined TRACON& Tower with Radar,2,8,7,0,17,0,2,7,0,9,2,10,14,0,26,0,0,0,26
12/14/2015,HTS,WV,AEA,CE,Combined TRACON& Tower with Radar,3,11,0,0,14,0,6,0,0,6,3,17,0,0,20,0,0,0,20
12/15/2015,HTS,WV,AEA,CE,Combined TRACON& Tower with Radar,4,10,17,0,31,0,2,3,0,5,4,12,20,0,36,0,0,0,36
12/16/2015,HTS,WV,AEA,CE,Combined TRACON& Tower with Radar,4,15,11,0,30,0,1,4,0,5,4,16,15,0,35,0,0,0,35
12/17/2015,HTS,WV,AEA,CE,Combined TRACON& Tower with Radar,6,11,11,2,30,0,2,0,0,2,6,13,11,2,32,0,0,0,32
12/18/2015,HTS,WV,AEA,CE,Combined TRACON& Tower with Radar,6,8,11,0,25,0,0,0,0,0,6,8,11,0,25,4,0,4,29
12/19/2015,HTS,WV,AEA,CE,Combined TRACON& Tower with Radar,1,9,1,0,11,0,1,0,0,1,1,10,1,0,12,0,0,0,12
12/20/2015,HTS,WV,AEA,CE,Combined TRACON& Tower with Radar,2,7,6,0,15,0,1,10,0,11,2,8,16,0,26,0,0,0,26
12/21/2015,HTS,WV,AEA,CE,Combined TRACON& Tower with Radar,7,9,6,2,24,0,1,0,0,1,7,10,6,2,25,0,0,0,25
12/22/2015,HTS,WV,AEA,CE,Combined TRACON& Tower with Radar,6,8,6,0,20,0,0,0,0,0,6,8,6,0,20,0,0,0,20
12/23/2015,HTS,WV,AEA,CE,Combined TRACON& Tower with Radar,8,12,6,0,26,0,0,3,0,3,8,12,9,0,29,0,0,0,29
12/24/2015,HTS,WV,AEA,CE,Combined TRACON& Tower with Radar,7,8,10,0,25,0,2,3,0,5,7,10,13,0,30,0,0,0,30
12/25/2015,HTS,WV,AEA,CE,Combined TRACON& Tower with Radar,2,4,0,0,6,0,0,0,0,0,2,4,0,0,6,0,0,0,6
12/26/2015,HTS,WV,AEA,CE,Combined TRACON& Tower with Radar,8,8,3,0,19,0,0,0,0,0,8,8,3,0,19,0,0,0,19
12/27/2015,HTS,WV,AEA,CE,Combined TRACON& Tower with Radar,4,11,4,0,19,0,0,1,0,1,4,11,5,0,20,0,0,0,20
12/28/2015,HTS,WV,AEA,CE,Combined TRACON& Tower with Radar,1,10,4,0,15,0,0,0,0,0,1,10,4,0,15,0,0,0,15
12/29/2015,HTS,WV,AEA,CE,Combined TRACON& Tower with Radar,6,8,5,0,19,0,4,3,0,7,6,12,8,0,26,0,0,0,26
12/30/2015,HTS,WV,AEA,CE,Combined TRACON& Tower with Radar,6,10,2,0,18,0,0,0,0,0,6,10,2,0,18,0,0,0,18
12/31/2015,HTS,WV,AEA,CE,Combined TRACON& Tower with Radar,6,10,4,0,20,0,0,0,0,0,6,10,4,0,20,0,0,0,20
01/01/2016,HTS,WV,AEA,CE,Combined TRACON& Tower with Radar,2,4,2,0,8,0,2,2,0,4,2,6,4,0,12,0,0,0,12
01/02/2016,HTS,WV,AEA,CE,Combined TRACON& Tower with Radar,3,6,7,0,16,0,2,16,0,18,3,8,23,0,34,6,0,6,40
01/03/2016,HTS,WV,AEA,CE,Combined TRACON& Tower with Radar,4,7,6,0,17,0,0,5,0,5,4,7,11,0,22,0,0,0,22
01/04/2016,HTS,WV,AEA,CE,Combined TRACON& Tower with Radar,1,8,2,0,11,0,0,0,0,0,1,8,2,0,11,0,0,0,11
01/05/2016,HTS,WV,AEA,CE,Combined TRACON& Tower with Radar,4,14,5,0,23,0,1,14,0,15,4,15,19,0,38,0,0,0,38
01/06/2016,HTS,WV,AEA,CE,Combined TRACON& Tower with Radar,4,13,16,3,36,0,0,11,0,11,4,13,27,3,47,8,24,32,79
01/07/2016,HTS,WV,AEA,CE,Combined TRACON& Tower with Radar,6,15,4,0,25,0,2,12,0,14,6,17,16,0,39,0,0,0,39
01/08/2016,HTS,WV,AEA,CE,Combined TRACON& Tower with Radar,6,10,3,0,19,0,0,0,0,0,6,10,3,0,19,0,0,0,19
01/09/2016,HTS,WV,AEA,CE,Combined TRACON& Tower with Radar,1,8,2,0,11,0,0,0,0,0,1,8,2,0,11,0,0,0,11
01/10/2016,HTS,WV,AEA,CE,Combined TRACON& Tower with Radar,2,9,0,0,11,0,0,0,0,0,2,9,0,0,11,0,0,0,11
01/11/2016,HTS,WV,AEA,CE,Combined TRACON& Tower with Radar,3,11,7,0,21,0,0,3,0,3,3,11,10,0,24,0,0,0,24
01/12/2016,HTS,WV,AEA,CE,Combined TRACON& Tower with Radar,4,8,4,0,16,0,0,0,0,0,4,8,4,0,16,0,0,0,16
01/13/2016,HTS,WV,AEA,CE,Combined TRACON& Tower with Radar,4,8,9,0,21,0,0,5,0,5,4,8,14,0,26,0,0,0,26
01/14/2016,HTS,WV,AEA,CE,Combined TRACON& Tower with Radar,6,10,5,0,21,0,0,4,0,4,6,10,9,0,25,0,0,0,25
01/15/2016,HTS,WV,AEA,CE,Combined TRACON& Tower with Radar,6,10,7,0,23,0,2,4,0,6,6,12,11,0,29,0,0,0,29
01/16/2016,HTS,WV,AEA,CE,Combined TRACON& Tower with Radar,1,7,0,0,8,0,0,0,0,0,1,7,0,0,8,0,0,0,8
01/17/2016,HTS,WV,AEA,CE,Combined TRACON& Tower with Radar,2,11,0,0,13,0,0,1,0,1,2,11,1,0,14,0,0,0,14
01/18/2016,HTS,WV,AEA,CE,Combined TRACON& Tower with Radar,3,14,2,0,19,0,0,3,0,3,3,14,5,0,22,42,0,42,64
01/19/2016,HTS,WV,AEA,CE,Combined TRACON& Tower with Radar,4,12,8,0,24,0,1,8,0,9,4,13,16,0,33,0,0,0,33
01/20/2016,HTS,WV,AEA,CE,Combined TRACON& Tower with Radar,4,13,5,0,22,0,0,1,0,1,4,13,6,0,23,6,0,6,29
01/21/2016,HTS,WV,AEA,CE,Combined TRACON& Tower with Radar,6,13,10,4,33,0,0,5,0,5,6,13,15,4,38,0,22,22,60
01/22/2016,HTS,WV,AEA,CE,Combined TRACON& Tower with Radar,1,0,0,0,1,0,1,0,0,1,1,1,0,0,2,0,0,0,2
01/23/2016,HTS,WV,AEA,CE,Combined TRACON& Tower with Radar,0,0,0,0,0,0,1,0,0,1,0,1,0,0,1,0,0,0,1
01/24/2016,HTS,WV,AEA,CE,Combined TRACON& Tower with Radar,3,7,6,0,16,0,2,3,0,5,3,9,9,0,21,0,0,0,21
01/25/2016,HTS,WV,AEA,CE,Combined TRACON& Tower with Radar,5,8,4,2,19,0,0,2,0,2,5,8,6,2,21,0,0,0,21
01/26/2016,HTS,WV,AEA,CE,Combined TRACON& Tower with Radar,4,12,5,2,23,0,0,0,0,0,4,12,5,2,23,0,0,0,23
01/27/2016,HTS,WV,AEA,CE,Combined TRACON& Tower with Radar,4,10,2,0,16,0,0,1,0,1,4,10,3,0,17,0,0,0,17
01/28/2016,HTS,WV,AEA,CE,Combined TRACON& Tower with Radar,6,11,12,0,29,0,2,1,0,3,6,13,13,0,32,0,0,0,32
01/29/2016,HTS,WV,AEA,CE,Combined TRACON& Tower with Radar,6,10,3,4,23,0,1,1,2,4,6,11,4,6,27,0,0,0,27
01/30/2016,HTS,WV,AEA,CE,Combined TRACON& Tower with Radar,1,6,3,0,10,0,0,5,0,5,1,6,8,0,15,0,0,0,15
01/31/2016,HTS,WV,AEA,CE,Combined TRACON& Tower with Radar,2,6,0,0,8,0,2,2,0,4,2,8,2,0,12,0,0,0,12
02/01/2016,HTS,WV,AEA,CE,Combined TRACON& Tower with Radar,4,12,3,0,19,0,2,2,0,4,4,14,5,0,23,6,0,6,29
02/02/2016,HTS,WV,AEA,CE,Combined TRACON& Tower with Radar,4,11,4,2,21,0,0,4,4,8,4,11,8,6,29,0,0,0,29
02/03/2016,HTS,WV,AEA,CE,Combined TRACON& Tower with Radar,4,10,2,1,17,0,0,0,1,1,4,10,2,2,18,0,0,0,18
02/04/2016,HTS,WV,AEA,CE,Combined TRACON& Tower with Radar,6,10,16,4,36,0,1,4,0,5,6,11,20,4,41,0,6,6,47
02/05/2016,HTS,WV,AEA,CE,Combined TRACON& Tower with Radar,6,10,17,0,33,0,2,8,0,10,6,12,25,0,43,0,0,0,43
02/06/2016,HTS,WV,AEA,CE,Combined TRACON& Tower with Radar,1,12,2,0,15,0,1,7,0,8,1,13,9,0,23,0,0,0,23
02/07/2016,HTS,WV,AEA,CE,Combined TRACON& Tower with Radar,2,8,7,0,17,0,2,7,2,11,2,10,14,2,28,0,0,0,28
02/08/2016,HTS,WV,AEA,CE,Combined TRACON& Tower with Radar,3,10,6,0,19,0,2,0,0,2,3,12,6,0,21,0,0,0,21
02/09/2016,HTS,WV,AEA,CE,Combined TRACON& Tower with Radar,4,12,2,0,18,0,0,0,0,0,4,12,2,0,18,0,0,0,18
02/10/2016,HTS,WV,AEA,CE,Combined TRACON& Tower with Radar,4,14,10,0,28,0,0,0,0,0,4,14,10,0,28,0,0,0,28
02/11/2016,HTS,WV,AEA,CE,Combined TRACON& Tower with Radar,6,11,2,0,19,0,0,6,0,6,6,11,8,0,25,0,0,0,25
02/12/2016,HTS,WV,AEA,CE,Combined TRACON& Tower with Radar,6,11,4,2,23,0,0,0,0,0,6,11,4,2,23,0,0,0,23
02/13/2016,HTS,WV,AEA,CE,Combined TRACON& Tower with Radar,1,6,1,1,9,0,0,3,1,4,1,6,4,2,13,0,0,0,13
02/14/2016,HTS,WV,AEA,CE,Combined TRACON& Tower with Radar,1,5,5,0,11,0,0,1,0,1,1,5,6,0,12,0,0,0,12
02/15/2016,HTS,WV,AEA,CE,Combined TRACON& Tower with Radar,4,3,1,0,8,0,0,0,0,0,4,3,1,0,8,0,0,0,8
02/16/2016,HTS,WV,AEA,CE,Combined TRACON& Tower with Radar,4,8,9,0,21,0,0,0,0,0,4,8,9,0,21,0,0,0,21
02/17/2016,HTS,WV,AEA,CE,Combined TRACON& Tower with Radar,4,13,6,0,23,0,0,2,0,2,4,13,8,0,25,0,0,0,25
02/18/2016,HTS,WV,AEA,CE,Combined TRACON& Tower with Radar,8,13,11,0,32,0,1,2,2,5,8,14,13,2,37,0,0,0,37
02/19/2016,HTS,WV,AEA,CE,Combined TRACON& Tower with Radar,9,10,3,0,22,0,3,0,0,3,9,13,3,0,25,0,0,0,25
02/20/2016,HTS,WV,AEA,CE,Combined TRACON& Tower with Radar,1,8,8,0,17,0,6,8,0,14,1,14,16,0,31,16,0,16,47
02/21/2016,HTS,WV,AEA,CE,Combined TRACON& Tower with Radar,5,6,4,0,15,0,0,0,0,0,5,6,4,0,15,0,0,0,15
02/22/2016,HTS,WV,AEA,CE,Combined TRACON& Tower with Radar,3,11,9,0,23,0,0,3,0,3,3,11,12,0,26,0,0,0,26
02/23/2016,HTS,WV,AEA,CE,Combined TRACON& Tower with Radar,4,13,12,2,31,0,0,0,0,0,4,13,12,2,31,0,6,6,37
02/24/2016,HTS,WV,AEA,CE,Combined TRACON& Tower with Radar,4,15,7,0,26,0,0,2,0,2,4,15,9,0,28,0,0,0,28
02/25/2016,HTS,WV,AEA,CE,Combined TRACON& Tower with Radar,8,10,5,0,23,0,0,0,0,0,8,10,5,0,23,0,0,0,23
02/26/2016,HTS,WV,AEA,CE,Combined TRACON& Tower with Radar,4,10,3,0,17,0,0,3,0,3,4,10,6,0,20,0,0,0,20
02/27/2016,HTS,WV,AEA,CE,Combined TRACON& Tower with Radar,3,13,3,0,19,0,0,3,0,3,3,13,6,0,22,0,0,0,22
02/28/2016,HTS,WV,AEA,CE,Combined TRACON& Tower with Radar,4,9,0,0,13,0,1,3,0,4,4,10,3,0,17,0,0,0,17
02/29/2016,HTS,WV,AEA,CE,Combined TRACON& Tower with Radar,3,10,3,0,16,0,0,2,0,2,3,10,5,0,18,3,0,3,21
03/01/2016,HTS,WV,AEA,CE,Combined TRACON& Tower with Radar,4,10,5,0,19,0,2,0,0,2,4,12,5,0,21,0,0,0,21
03/02/2016,HTS,WV,AEA,CE,Combined TRACON& Tower with Radar,4,10,4,3,21,0,0,0,2,2,4,10,4,5,23,0,0,0,23
03/03/2016,HTS,WV,AEA,CE,Combined TRACON& Tower with Radar,9,11,3,1,24,0,0,0,0,0,9,11,3,1,24,0,0,0,24
03/04/2016,HTS,WV,AEA,CE,Combined TRACON& Tower with Radar,6,8,8,0,22,0,0,2,0,2,6,8,10,0,24,0,0,0,24
03/05/2016,HTS,WV,AEA,CE,Combined TRACON& Tower with Radar,1,6,7,0,14,0,0,4,2,6,1,6,11,2,20,0,0,0,20
03/06/2016,HTS,WV,AEA,CE,Combined TRACON& Tower with Radar,4,6,4,0,14,0,2,5,0,7,4,8,9,0,21,0,0,0,21
03/07/2016,HTS,WV,AEA,CE,Combined TRACON& Tower with Radar,3,9,3,0,15,0,2,6,0,8,3,11,9,0,23,0,0,0,23
03/08/2016,HTS,WV,AEA,CE,Combined TRACON& Tower with Radar,4,10,10,0,24,0,0,7,2,9,4,10,17,2,33,0,0,0,33
03/09/2016,HTS,WV,AEA,CE,Combined TRACON& Tower with Radar,4,9,10,0,23,0,2,11,0,13,4,11,21,0,36,0,0,0,36
03/10/2016,HTS,WV,AEA,CE,Combined TRACON& Tower with Radar,8,8,10,0,26,0,0,1,2,3,8,8,11,2,29,0,0,0,29
03/11/2016,HTS,WV,AEA,CE,Combined TRACON& Tower with Radar,6,9,2,0,17,0,0,0,0,0,6,9,2,0,17,0,0,0,17
03/12/2016,HTS,WV,AEA,CE,Combined TRACON& Tower with Radar,3,6,2,0,11,0,2,7,0,9,3,8,9,0,20,0,0,0,20
03/13/2016,HTS,WV,AEA,CE,Combined TRACON& Tower with Radar,4,8,5,0,17,0,0,0,0,0,4,8,5,0,17,0,0,0,17
03/14/2016,HTS,WV,AEA,CE,Combined TRACON& Tower with Radar,3,10,7,0,20,0,0,10,0,10,3,10,17,0,30,0,0,0,30
03/15/2016,HTS,WV,AEA,CE,Combined TRACON& Tower with Radar,6,10,10,0,26,0,0,6,0,6,6,10,16,0,32,18,0,18,50
03/16/2016,HTS,WV,AEA,CE,Combined TRACON& Tower with Radar,6,14,16,6,42,0,0,5,2,7,6,14,21,8,49,0,34,34,83
03/17/2016,HTS,WV,AEA,CE,Combined TRACON& Tower with Radar,9,10,12,0,31,0,2,8,0,10,9,12,20,0,41,10,0,10,51
03/18/2016,HTS,WV,AEA,CE,Combined TRACON& Tower with Radar,6,10,17,4,37,0,0,8,0,8,6,10,25,4,45,0,18,18,63
03/19/2016,HTS,WV,AEA,CE,Combined TRACON& Tower with Radar,3,11,1,0,15,0,1,0,0,1,3,12,1,0,16,0,0,0,16
03/20/2016,HTS,WV,AEA,CE,Combined TRACON& Tower with Radar,4,8,5,0,17,0,0,1,0,1,4,8,6,0,18,0,0,0,18
03/21/2016,HTS,WV,AEA,CE,Combined TRACON& Tower with Radar,1,10,6,0,17,0,2,12,0,14,1,12,18,0,31,0,0,0,31
03/22/2016,HTS,WV,AEA,CE,Combined TRACON& Tower with Radar,8,10,5,0,23,0,0,12,0,12,8,10,17,0,35,0,0,0,35
03/23/2016,HTS,WV,AEA,CE,Combined TRACON& Tower with Radar,8,11,9,2,30,0,0,2,0,2,8,11,11,2,32,0,18,18,50
03/24/2016,HTS,WV,AEA,CE,Combined TRACON& Tower with Radar,8,11,1,0,20,0,2,1,0,3,8,13,2,0,23,0,0,0,23
03/25/2016,HTS,WV,AEA,CE,Combined TRACON& Tower with Radar,6,12,9,0,27,0,2,3,0,5,6,14,12,0,32,0,0,0,32
03/26/2016,HTS,WV,AEA,CE,Combined TRACON& Tower with Radar,1,12,7,0,20,0,0,18,0,18,1,12,25,0,38,0,0,0,38
03/27/2016,HTS,WV,AEA,CE,Combined TRACON& Tower with Radar,6,9,3,0,18,0,0,9,0,9,6,9,12,0,27,0,0,0,27
03/28/2016,HTS,WV,AEA,CE,Combined TRACON& Tower with Radar,3,10,10,0,23,0,0,0,0,0,3,10,10,0,23,0,0,0,23
03/29/2016,HTS,WV,AEA,CE,Combined TRACON& Tower with Radar,7,9,11,0,27,0,3,10,0,13,7,12,21,0,40,0,0,0,40
03/30/2016,HTS,WV,AEA,CE,Combined TRACON& Tower with Radar,6,14,10,0,30,0,0,4,3,7,6,14,14,3,37,0,0,0,37
03/31/2016,HTS,WV,AEA,CE,Combined TRACON& Tower with Radar,8,10,1,2,21,0,1,0,1,2,8,11,1,3,23,0,0,0,23
04/01/2016,HTS,WV,AEA,CE,Combined TRACON& Tower with Radar,7,12,2,0,21,0,7,6,4,17,7,19,8,4,38,0,0,0,38
04/02/2016,HTS,WV,AEA,CE,Combined TRACON& Tower with Radar,1,16,3,0,20,0,1,0,0,1,1,17,3,0,21,0,0,0,21
04/03/2016,HTS,WV,AEA,CE,Combined TRACON& Tower with Radar,6,3,9,0,18,0,1,8,0,9,6,4,17,0,27,0,0,0,27
04/04/2016,HTS,WV,AEA,CE,Combined TRACON& Tower with Radar,3,10,7,0,20,0,0,1,0,1,3,10,8,0,21,0,0,0,21
04/05/2016,HTS,WV,AEA,CE,Combined TRACON& Tower with Radar,6,7,8,3,24,0,0,18,0,18,6,7,26,3,42,24,0,24,66
04/06/2016,HTS,WV,AEA,CE,Combined TRACON& Tower with Radar,4,13,10,0,27,0,0,3,0,3,4,13,13,0,30,0,0,0,30
04/07/2016,HTS,WV,AEA,CE,Combined TRACON& Tower with Radar,8,8,11,0,27,0,0,0,0,0,8,8,11,0,27,0,0,0,27
04/08/2016,HTS,WV,AEA,CE,Combined TRACON& Tower with Radar,6,8,5,3,22,0,0,3,2,5,6,8,8,5,27,0,0,0,27
04/09/2016,HTS,WV,AEA,CE,Combined TRACON& Tower with Radar,1,4,5,0,10,0,1,3,0,4,1,5,8,0,14,0,0,0,14
04/10/2016,HTS,WV,AEA,CE,Combined TRACON& Tower with Radar,4,6,10,0,20,0,2,8,0,10,4,8,18,0,30,0,0,0,30
04/11/2016,HTS,WV,AEA,CE,Combined TRACON& Tower with Radar,2,11,2,0,15,0,0,1,0,1,2,11,3,0,16,0,0,0,16
04/12/2016,HTS,WV,AEA,CE,Combined TRACON& Tower with Radar,6,11,11,0,28,0,1,11,0,12,6,12,22,0,40,0,0,0,40
04/13/2016,HTS,WV,AEA,CE,Combined TRACON& Tower with Radar,4,13,14,0,31,0,4,22,3,29,4,17,36,3,60,8,0,8,68
04/14/2016,HTS,WV,AEA,CE,Combined TRACON& Tower with Radar,8,9,7,0,24,0,2,19,3,24,8,11,26,3,48,12,0,12,60
04/15/2016,HTS,WV,AEA,CE,Combined TRACON& Tower with Radar,6,11,10,0,27,0,0,6,2,8,6,11,16,2,35,0,0,0,35
04/16/2016,HTS,WV,AEA,CE,Combined TRACON& Tower with Radar,1,5,8,0,14,0,2,7,0,9,1,7,15,0,23,2,0,2,25
04/17/2016,HTS,WV,AEA,CE,Combined TRACON& Tower with Radar,4,7,14,0,25,0,2,16,0,18,4,9,30,0,43,16,0,16,59
04/18/2016,HTS,WV,AEA,CE,Combined TRACON& Tower with Radar,3,14,7,0,24,0,4,9,0,13,3,18,16,0,37,32,0,32,69
04/19/2016,HTS,WV,AEA,CE,Combined TRACON& Tower with Radar,6,8,11,0,25,0,2,15,2,19,6,10,26,2,44,0,0,0,44
04/20/2016,HTS,WV,AEA,CE,Combined TRACON& Tower with Radar,4,14,17,0,35,0,1,11,0,12,4,15,28,0,47,0,0,0,47
04/21/2016,HTS,WV,AEA,CE,Combined TRACON& Tower with Radar,8,10,6,2,26,0,0,5,3,8,8,10,11,5,34,0,0,0,34
04/22/2016,HTS,WV,AEA,CE,Combined TRACON& Tower with Radar,6,10,7,2,25,0,2,4,0,6,6,12,11,2,31,0,0,0,31
04/23/2016,HTS,WV,AEA,CE,Combined TRACON& Tower with Radar,1,4,1,0,6,0,0,3,0,3,1,4,4,0,9,22,0,22,31
04/24/2016,HTS,WV,AEA,CE,Combined TRACON& Tower with Radar,3,8,13,0,24,0,2,21,0,23,3,10,34,0,47,0,0,0,47
04/25/2016,HTS,WV,AEA,CE,Combined TRACON& Tower with Radar,6,10,6,2,24,0,0,4,3,7,6,10,10,5,31,10,0,10,41
04/26/2016,HTS,WV,AEA,CE,Combined TRACON& Tower with Radar,7,9,4,0,20,0,3,1,6,10,7,12,5,6,30,0,0,0,30
04/27/2016,HTS,WV,AEA,CE,Combined TRACON& Tower with Radar,5,12,9,0,26,0,0,2,1,3,5,12,11,1,29,0,0,0,29
04/28/2016,HTS,WV,AEA,CE,Combined TRACON& Tower with Radar,8,9,4,0,21,0,1,1,0,2,8,10,5,0,23,0,0,0,23
04/29/2016,HTS,WV,AEA,CE,Combined TRACON& Tower with Radar,5,11,5,0,21,0,0,11,0,11,5,11,16,0,32,0,0,0,32
04/30/2016,HTS,WV,AEA,CE,Combined TRACON& Tower with Radar,1,4,5,0,10,0,0,2,0,2,1,4,7,0,12,0,0,0,12
05/01/2016,HTS,WV,AEA,CE,Combined TRACON& Tower with Radar,4,5,4,0,13,0,0,0,0,0,4,5,4,0,13,0,0,0,13
05/02/2016,HTS,WV,AEA,CE,Combined TRACON& Tower with Radar,3,9,10,0,22,0,0,0,1,1,3,9,10,1,23,0,0,0,23
05/03/2016,HTS,WV,AEA,CE,Combined TRACON& Tower with Radar,6,12,4,0,22,0,2,0,0,2,6,14,4,0,24,0,0,0,24
05/04/2016,HTS,WV,AEA,CE,Combined TRACON& Tower with Radar,6,10,9,4,29,0,0,3,0,3,6,10,12,4,32,0,8,8,40
05/05/2016,HTS,WV,AEA,CE,Combined TRACON& Tower with Radar,8,13,12,0,33,0,0,2,0,2,8,13,14,0,35,0,0,0,35
05/06/2016,HTS,WV,AEA,CE,Combined TRACON& Tower with Radar,6,10,8,0,24,0,0,7,1,8,6,10,15,1,32,0,0,0,32
05/07/2016,HTS,WV,AEA,CE,Combined TRACON& Tower with Radar,1,8,6,0,15,0,0,9,0,9,1,8,15,0,24,0,0,0,24
05/08/2016,HTS,WV,AEA,CE,Combined TRACON& Tower with Radar,4,10,3,0,17,0,0,10,0,10,4,10,13,0,27,12,0,12,39
05/09/2016,HTS,WV,AEA,CE,Combined TRACON& Tower with Radar,3,14,6,0,23,0,0,5,0,5,3,14,11,0,28,0,0,0,28
05/10/2016,HTS,WV,AEA,CE,Combined TRACON& Tower with Radar,6,11,6,0,23,0,0,2,0,2,6,11,8,0,25,0,0,0,25
05/11/2016,HTS,WV,AEA,CE,Combined TRACON& Tower with Radar,4,10,9,0,23,0,0,4,0,4,4,10,13,0,27,0,0,0,27
05/12/2016,HTS,WV,AEA,CE,Combined TRACON& Tower with Radar,8,14,11,2,35,0,1,5,8,14,8,15,16,10,49,0,0,0,49
05/13/2016,HTS,WV,AEA,CE,Combined TRACON& Tower with Radar,6,10,12,1,29,0,2,5,2,9,6,12,17,3,38,0,0,0,38
05/14/2016,HTS,WV,AEA,CE,Combined TRACON& Tower with Radar,3,7,4,0,14,0,0,0,0,0,3,7,4,0,14,0,0,0,14
05/15/2016,HTS,WV,AEA,CE,Combined TRACON& Tower with Radar,4,6,7,0,17,0,0,2,0,2,4,6,9,0,19,0,0,0,19
05/16/2016,HTS,WV,AEA,CE,Combined TRACON& Tower with Radar,2,12,11,0,25,0,0,8,0,8,2,12,19,0,33,0,0,0,33
05/17/2016,HTS,WV,AEA,CE,Combined TRACON& Tower with Radar,9,10,4,0,23,0,0,1,0,1,9,10,5,0,24,0,0,0,24
05/18/2016,HTS,WV,AEA,CE,Combined TRACON& Tower with Radar,6,13,10,0,29,0,0,0,7,7,6,13,10,7,36,0,0,0,36
05/19/2016,HTS,WV,AEA,CE,Combined TRACON& Tower with Radar,8,13,9,0,30,0,1,13,0,14,8,14,22,0,44,6,0,6,50
05/20/2016,HTS,WV,AEA,CE,Combined TRACON& Tower with Radar,8,11,8,0,27,0,0,5,0,5,8,11,13,0,32,0,0,0,32
05/21/2016,HTS,WV,AEA,CE,Combined TRACON& Tower with Radar,5,4,4,1,14,0,0,0,0,0,5,4,4,1,14,0,0,0,14
05/22/2016,HTS,WV,AEA,CE,Combined TRACON& Tower with Radar,4,6,7,0,17,0,0,4,1,5,4,6,11,1,22,0,0,0,22
05/23/2016,HTS,WV,AEA,CE,Combined TRACON& Tower with Radar,5,14,17,0,36,0,2,8,6,16,5,16,25,6,52,0,0,0,52
05/24/2016,HTS,WV,AEA,CE,Combined TRACON& Tower with Radar,6,12,18,0,36,0,0,17,0,17,6,12,35,0,53,0,0,0,53
05/25/2016,HTS,WV,AEA,CE,Combined TRACON& Tower with Radar,6,14,10,0,30,0,0,5,0,5,6,14,15,0,35,0,0,0,35
05/26/2016,HTS,WV,AEA,CE,Combined TRACON& Tower with Radar,8,12,10,0,30,0,0,0,0,0,8,12,10,0,30,0,0,0,30
05/27/2016,HTS,WV,AEA,CE,Combined TRACON& Tower with Radar,10,11,6,0,27,0,0,7,0,7,10,11,13,0,34,0,0,0,34
05/28/2016,HTS,WV,AEA,CE,Combined TRACON& Tower with Radar,5,7,2,0,14,0,0,10,0,10,5,7,12,0,24,0,0,0,24
05/29/2016,HTS,WV,AEA,CE,Combined TRACON& Tower with Radar,5,8,4,0,17,0,3,2,0,5,5,11,6,0,22,0,0,0,22
05/30/2016,HTS,WV,AEA,CE,Combined TRACON& Tower with Radar,4,6,7,0,17,0,1,11,0,12,4,7,18,0,29,4,0,4,33
05/31/2016,HTS,WV,AEA,CE,Combined TRACON& Tower with Radar,3,8,1,0,12,0,0,1,3,4,3,8,2,3,16,0,0,0,16
06/01/2016,HTS,WV,AEA,CE,Combined TRACON& Tower with Radar,8,8,3,18,37,0,0,7,0,7,8,8,10,18,44,7,0,7,51
06/02/2016,HTS,WV,AEA,CE,Combined TRACON& Tower with Radar,6,8,2,0,16,0,0,0,0,0,6,8,2,0,16,0,0,0,16
06/03/2016,HTS,WV,AEA,CE,Combined TRACON& Tower with Radar,8,10,5,0,23,0,0,2,0,2,8,10,7,0,25,0,0,0,25
06/04/2016,HTS,WV,AEA,CE,Combined TRACON& Tower with Radar,7,6,8,0,21,0,0,0,0,0,7,6,8,0,21,0,0,0,21
06/05/2016,HTS,WV,AEA,CE,Combined TRACON& Tower with Radar,4,4,6,0,14,0,0,1,0,1,4,4,7,0,15,0,0,0,15
06/06/2016,HTS,WV,AEA,CE,Combined TRACON& Tower with Radar,1,10,7,0,18,0,5,12,0,17,1,15,19,0,35,0,0,0,35
06/07/2016,HTS,WV,AEA,CE,Combined TRACON& Tower with Radar,10,13,4,0,27,0,5,3,6,14,10,18,7,6,41,0,0,0,41
06/08/2016,HTS,WV,AEA,CE,Combined TRACON& Tower with Radar,10,14,13,0,37,0,0,5,0,5,10,14,18,0,42,16,0,16,58
06/09/2016,HTS,WV,AEA,CE,Combined TRACON& Tower with Radar,6,10,2,0,18,0,2,5,0,7,6,12,7,0,25,0,0,0,25
06/10/2016,HTS,WV,AEA,CE,Combined TRACON& Tower with Radar,10,13,11,1,35,0,3,11,0,14,10,16,22,1,49,0,0,0,49
06/11/2016,HTS,WV,AEA,CE,Combined TRACON& Tower with Radar,7,6,6,0,19,0,2,11,0,13,7,8,17,0,32,0,0,0,32
06/12/2016,HTS,WV,AEA,CE,Combined TRACON& Tower with Radar,4,7,15,1,27,0,1,4,0,5,4,8,19,1,32,0,0,0,32
06/13/2016,HTS,WV,AEA,CE,Combined TRACON& Tower with Radar,5,10,9,0,24,0,3,17,0,20,5,13,26,0,44,0,0,0,44
06/14/2016,HTS,WV,AEA,CE,Combined TRACON& Tower with Radar,8,12,10,3,33,0,0,15,3,18,8,12,25,6,51,0,0,0,51
06/15/2016,HTS,WV,AEA,CE,Combined TRACON& Tower with Radar,11,10,8,0,29,0,0,3,0,3,11,10,11,0,32,0,0,0,32
06/16/2016,HTS,WV,AEA,CE,Combined TRACON& Tower with Radar,9,12,12,4,37,0,0,4,3,7,9,12,16,7,44,0,0,0,44
06/17/2016,HTS,WV,AEA,CE,Combined TRACON& Tower with Radar,8,12,15,0,35,0,0,1,0,1,8,12,16,0,36,2,0,2,38
06/18/2016,HTS,WV,AEA,CE,Combined TRACON& Tower with Radar,7,9,5,0,21,0,0,7,0,7,7,9,12,0,28,0,0,0,28
06/19/2016,HTS,WV,AEA,CE,Combined TRACON& Tower with Radar,4,7,5,0,16,0,0,7,1,8,4,7,12,1,24,0,0,0,24
06/20/2016,HTS,WV,AEA,CE,Combined TRACON& Tower with Radar,5,10,3,0,18,0,0,12,0,12,5,10,15,0,30,0,0,0,30
06/21/2016,HTS,WV,AEA,CE,Combined TRACON& Tower with Radar,8,14,11,0,33,0,0,4,0,4,8,14,15,0,37,0,0,0,37
06/22/2016,HTS,WV,AEA,CE,Combined TRACON& Tower with Radar,10,9,8,0,27,0,0,5,0,5,10,9,13,0,32,0,0,0,32
06/23/2016,HTS,WV,AEA,CE,Combined TRACON& Tower with Radar,9,6,4,0,19,0,2,0,0,2,9,8,4,0,21,0,0,0,21
06/24/2016,HTS,WV,AEA,CE,Combined TRACON& Tower with Radar,8,10,7,0,25,0,0,1,0,1,8,10,8,0,26,0,0,0,26
06/25/2016,HTS,WV,AEA,CE,Combined TRACON& Tower with Radar,7,4,9,0,20,0,0,9,0,9,7,4,18,0,29,21,0,21,50
06/26/2016,HTS,WV,AEA,CE,Combined TRACON& Tower with Radar,6,7,5,0,18,0,0,7,0,7,6,7,12,0,25,20,0,20,45
06/27/2016,HTS,WV,AEA,CE,Combined TRACON& Tower with Radar,5,10,6,0,21,0,0,0,0,0,5,10,6,0,21,0,0,0,21
06/28/2016,HTS,WV,AEA,CE,Combined TRACON& Tower with Radar,8,11,14,1,34,0,3,8,3,14,8,14,22,4,48,8,0,8,56
06/29/2016,HTS,WV,AEA,CE,Combined TRACON& Tower with Radar,9,13,14,0,36,0,0,10,7,17,9,13,24,7,53,2,0,2,55
06/30/2016,HTS,WV,AEA,CE,Combined TRACON& Tower with Radar,8,14,10,0,32,0,1,14,0,15,8,15,24,0,47,0,0,0,47
07/01/2016,HTS,WV,AEA,CE,Combined TRACON& Tower with Radar,8,8,7,0,23,0,0,10,2,12,8,8,17,2,35,12,0,12,47
07/02/2016,HTS,WV,AEA,CE,Combined TRACON& Tower with Radar,7,7,7,0,21,0,0,5,0,5,7,7,12,0,26,0,0,0,26
07/03/2016,HTS,WV,AEA,CE,Combined TRACON& Tower with Radar,4,5,0,0,9,0,0,4,0,4,4,5,4,0,13,0,0,0,13
07/04/2016,HTS,WV,AEA,CE,Combined TRACON& Tower with Radar,4,3,5,0,12,0,0,0,0,0,4,3,5,0,12,0,0,0,12
07/05/2016,HTS,WV,AEA,CE,Combined TRACON& Tower with Radar,5,10,7,0,22,0,0,2,0,2,5,10,9,0,24,0,0,0,24
07/06/2016,HTS,WV,AEA,CE,Combined TRACON& Tower with Radar,10,10,8,0,28,0,2,0,0,2,10,12,8,0,30,0,0,0,30
07/07/2016,HTS,WV,AEA,CE,Combined TRACON& Tower with Radar,9,12,5,0,26,0,0,1,0,1,9,12,6,0,27,0,0,0,27
07/08/2016,HTS,WV,AEA,CE,Combined TRACON& Tower with Radar,8,9,7,0,24,0,2,4,0,6,8,11,11,0,30,4,0,4,34
07/09/2016,HTS,WV,AEA,CE,Combined TRACON& Tower with Radar,7,7,5,0,19,0,0,12,0,12,7,7,17,0,31,0,0,0,31
07/10/2016,HTS,WV,AEA,CE,Combined TRACON& Tower with Radar,4,6,7,0,17,0,2,18,0,20,4,8,25,0,37,0,0,0,37
07/11/2016,HTS,WV,AEA,CE,Combined TRACON& Tower with Radar,6,12,3,0,21,0,0,4,0,4,6,12,7,0,25,10,0,10,35
07/12/2016,HTS,WV,AEA,CE,Combined TRACON& Tower with Radar,8,13,7,0,28,0,0,0,0,0,8,13,7,0,28,0,0,0,28
07/13/2016,HTS,WV,AEA,CE,Combined TRACON& Tower with Radar,10,12,8,4,34,0,3,7,0,10,10,15,15,4,44,0,0,0,44
07/14/2016,HTS,WV,AEA,CE,Combined TRACON& Tower with Radar,8,11,9,2,30,0,0,2,0,2,8,11,11,2,32,0,4,4,36
07/15/2016,HTS,WV,AEA,CE,Combined TRACON& Tower with Radar,8,10,10,0,28,0,0,3,0,3,8,10,13,0,31,0,0,0,31
07/16/2016,HTS,WV,AEA,CE,Combined TRACON& Tower with Radar,7,6,11,0,24,0,2,8,0,10,7,8,19,0,34,0,0,0,34
07/17/2016,HTS,WV,AEA,CE,Combined TRACON& Tower with Radar,4,6,9,0,19,0,0,12,0,12,4,6,21,0,31,0,0,0,31
07/18/2016,HTS,WV,AEA,CE,Combined TRACON& Tower with Radar,5,10,6,2,23,0,0,0,0,0,5,10,6,2,23,0,0,0,23
07/19/2016,HTS,WV,AEA,CE,Combined TRACON& Tower with Radar,8,8,9,0,25,0,2,7,0,9,8,10,16,0,34,8,0,8,42
07/20/2016,HTS,WV,AEA,CE,Combined TRACON& Tower with Radar,10,12,16,0,38,0,2,15,0,17,10,14,31,0,55,0,0,0,55
07/21/2016,HTS,WV,AEA,CE,Combined TRACON& Tower with Radar,8,10,7,0,25,0,0,14,0,14,8,10,21,0,39,0,0,0,39
07/22/2016,HTS,WV,AEA,CE,Combined TRACON& Tower with Radar,8,10,13,4,35,0,1,2,0,3,8,11,15,4,38,0,0,0,38
07/23/2016,HTS,WV,AEA,CE,Combined TRACON& Tower with Radar,8,6,6,0,20,0,2,3,0,5,8,8,9,0,25,0,0,0,25
07/24/2016,HTS,WV,AEA,CE,Combined TRACON& Tower with Radar,4,5,11,2,22,0,2,1,0,3,4,7,12,2,25,0,0,0,25
07/25/2016,HTS,WV,AEA,CE,Combined TRACON& Tower with Radar,6,7,4,0,17,0,0,4,0,4,6,7,8,0,21,0,0,0,21
07/26/2016,HTS,WV,AEA,CE,Combined TRACON& Tower with Radar,9,12,11,0,32,0,1,3,3,7,9,13,14,3,39,6,0,6,45
07/27/2016,HTS,WV,AEA,CE,Combined TRACON& Tower with Radar,9,11,13,0,33,0,0,3,0,3,9,11,16,0,36,0,0,0,36
07/28/2016,HTS,WV,AEA,CE,Combined TRACON& Tower with Radar,8,13,13,0,34,0,0,0,0,0,8,13,13,0,34,0,0,0,34
07/29/2016,HTS,WV,AEA,CE,Combined TRACON& Tower with Radar,8,16,23,0,47,0,2,2,2,6,8,18,25,2,53,0,0,0,53
07/30/2016,HTS,WV,AEA,CE,Combined TRACON& Tower with Radar,9,8,3,0,20,0,2,1,0,3,9,10,4,0,23,0,0,0,23
07/31/2016,HTS,WV,AEA,CE,Combined TRACON& Tower with Radar,4,6,3,0,13,0,0,0,0,0,4,6,3,0,13,0,0,0,13
08/01/2016,HTS,WV,AEA,CE,Combined TRACON& Tower with Radar,5,12,10,0,27,0,4,4,0,8,5,16,14,0,35,0,0,0,35
08/02/2016,HTS,WV,AEA,CE,Combined TRACON& Tower with Radar,6,10,5,0,21,0,0,2,0,2,6,10,7,0,23,0,0,0,23
08/03/2016,HTS,WV,AEA,CE,Combined TRACON& Tower with Radar,8,11,7,2,28,0,0,6,2,8,8,11,13,4,36,0,20,20,56
08/04/2016,HTS,WV,AEA,CE,Combined TRACON& Tower with Radar,8,12,5,2,27,0,0,4,0,4,8,12,9,2,31,0,0,0,31
08/05/2016,HTS,WV,AEA,CE,Combined TRACON& Tower with Radar,8,8,10,8,34,0,0,3,3,6,8,8,13,11,40,10,0,10,50
08/06/2016,HTS,WV,AEA,CE,Combined TRACON& Tower with Radar,8,11,3,0,22,0,4,0,0,4,8,15,3,0,26,0,0,0,26
08/07/2016,HTS,WV,AEA,CE,Combined TRACON& Tower with Radar,4,7,15,0,26,0,1,22,0,23,4,8,37,0,49,0,0,0,49
08/08/2016,HTS,WV,AEA,CE,Combined TRACON& Tower with Radar,5,10,5,0,20,0,0,4,0,4,5,10,9,0,24,0,0,0,24
08/09/2016,HTS,WV,AEA,CE,Combined TRACON& Tower with Radar,6,13,6,2,27,0,0,0,0,0,6,13,6,2,27,0,0,0,27
08/10/2016,HTS,WV,AEA,CE,Combined TRACON& Tower with Radar,7,9,6,3,25,0,0,6,0,6,7,9,12,3,31,0,0,0,31
08/11/2016,HTS,WV,AEA,CE,Combined TRACON& Tower with Radar,9,10,8,0,27,0,2,2,0,4,9,12,10,0,31,6,0,6,37
08/12/2016,HTS,WV,AEA,CE,Combined TRACON& Tower with Radar,8,12,2,0,22,0,0,5,2,7,8,12,7,2,29,0,0,0,29
08/13/2016,HTS,WV,AEA,CE,Combined TRACON& Tower with Radar,5,7,5,0,17,0,1,3,0,4,5,8,8,0,21,0,0,0,21
08/14/2016,HTS,WV,AEA,CE,Combined TRACON& Tower with Radar,4,8,10,0,22,0,0,7,0,7,4,8,17,0,29,0,0,0,29
08/15/2016,HTS,WV,AEA,CE,Combined TRACON& Tower with Radar,5,12,13,5,35,0,0,0,5,5,5,12,13,10,40,0,0,0,40
08/16/2016,HTS,WV,AEA,CE,Combined TRACON& Tower with Radar,6,10,11,0,27,0,0,3,0,3,6,10,14,0,30,0,0,0,30
08/17/2016,HTS,WV,AEA,CE,Combined TRACON& Tower with Radar,6,8,7,0,21,0,0,0,0,0,6,8,7,0,21,0,0,0,21
08/18/2016,HTS,WV,AEA,CE,Combined TRACON& Tower with Radar,6,9,10,0,25,0,0,4,0,4,6,9,14,0,29,8,0,8,37
08/19/2016,HTS,WV,AEA,CE,Combined TRACON& Tower with Radar,8,8,9,1,26,0,0,0,1,1,8,8,9,2,27,0,0,0,27
08/20/2016,HTS,WV,AEA,CE,Combined TRACON& Tower with Radar,3,9,1,0,13,0,2,1,2,5,3,11,2,2,18,0,0,0,18
08/21/2016,HTS,WV,AEA,CE,Combined TRACON& Tower with Radar,2,5,2,0,9,0,2,4,0,6,2,7,6,0,15,0,0,0,15
08/22/2016,HTS,WV,AEA,CE,Combined TRACON& Tower with Radar,5,7,8,0,20,0,0,19,4,23,5,7,27,4,43,0,0,0,43
08/23/2016,HTS,WV,AEA,CE,Combined TRACON& Tower with Radar,6,10,17,0,33,0,0,18,0,18,6,10,35,0,51,0,0,0,51
08/24/2016,HTS,WV,AEA,CE,Combined TRACON& Tower with Radar,6,12,4,0,22,0,2,6,0,8,6,14,10,0,30,0,0,0,30
08/25/2016,HTS,WV,AEA,CE,Combined TRACON& Tower with Radar,6,12,10,1,29,0,0,3,3,6,6,12,13,4,35,0,0,0,35
08/26/2016,HTS,WV,AEA,CE,Combined TRACON& Tower with Radar,8,10,12,0,30,0,0,7,4,11,8,10,19,4,41,0,0,0,41
08/27/2016,HTS,WV,AEA,CE,Combined TRACON& Tower with Radar,1,8,0,0,9,0,2,9,1,12,1,10,9,1,21,0,0,0,21
08/28/2016,HTS,WV,AEA,CE,Combined TRACON& Tower with Radar,2,12,5,0,19,0,0,6,0,6,2,12,11,0,25,0,0,0,25
08/29/2016,HTS,WV,AEA,CE,Combined TRACON& Tower with Radar,5,17,11,0,33,0,0,20,0,20,5,17,31,0,53,0,0,0,53
08/30/2016,HTS,WV,AEA,CE,Combined TRACON& Tower with Radar,6,17,8,5,36,0,0,7,0,7,6,17,15,5,43,0,0,0,43
08/31/2016,HTS,WV,AEA,CE,Combined TRACON& Tower with Radar,6,8,7,0,21,0,2,0,0,2,6,10,7,0,23,0,0,0,23
09/01/2016,HTS,WV,AEA,CE,Combined TRACON& Tower with Radar,6,11,5,0,22,0,1,13,1,15,6,12,18,1,37,0,0,0,37
09/02/2016,HTS,WV,AEA,CE,Combined TRACON& Tower with Radar,8,13,10,0,31,0,0,10,2,12,8,13,20,2,43,0,0,0,43
09/03/2016,HTS,WV,AEA,CE,Combined TRACON& Tower with Radar,1,6,4,0,11,0,0,10,0,10,1,6,14,0,21,0,0,0,21
09/04/2016,HTS,WV,AEA,CE,Combined TRACON& Tower with Radar,2,8,4,0,14,0,0,8,0,8,2,8,12,0,22,0,0,0,22
09/05/2016,HTS,WV,AEA,CE,Combined TRACON& Tower with Radar,4,7,6,0,17,0,1,13,0,14,4,8,19,0,31,0,0,0,31
09/06/2016,HTS,WV,AEA,CE,Combined TRACON& Tower with Radar,3,11,3,0,17,0,0,10,0,10,3,11,13,0,27,8,0,8,35
09/07/2016,HTS,WV,AEA,CE,Combined TRACON& Tower with Radar,6,12,5,0,23,0,0,6,0,6,6,12,11,0,29,0,0,0,29
09/08/2016,HTS,WV,AEA,CE,Combined TRACON& Tower with Radar,6,12,4,0,22,0,0,5,1,6,6,12,9,1,28,0,0,0,28
09/09/2016,HTS,WV,AEA,CE,Combined TRACON& Tower with Radar,8,16,10,6,40,0,0,4,3,7,8,16,14,9,47,0,22,22,69
09/10/2016,HTS,WV,AEA,CE,Combined TRACON& Tower with Radar,1,7,12,0,20,0,0,5,0,5,1,7,17,0,25,0,0,0,25
09/11/2016,HTS,WV,AEA,CE,Combined TRACON& Tower with Radar,2,7,18,0,27,0,0,11,0,11,2,7,29,0,38,0,0,0,38
09/12/2016,HTS,WV,AEA,CE,Combined TRACON& Tower with Radar,5,10,4,6,25,0,0,9,0,9,5,10,13,6,34,0,0,0,34
09/13/2016,HTS,WV,AEA,CE,Combined TRACON& Tower with Radar,4,12,11,0,27,0,2,13,0,15,4,14,24,0,42,0,0,0,42
09/14/2016,HTS,WV,AEA,CE,Combined TRACON& Tower with Radar,7,14,7,1,29,4,2,5,16,27,11,16,12,17,56,0,0,0,56
09/15/2016,HTS,WV,AEA,CE,Combined TRACON& Tower with Radar,7,12,10,6,35,0,0,6,0,6,7,12,16,6,41,0,0,0,41
09/16/2016,HTS,WV,AEA,CE,Combined TRACON& Tower with Radar,8,10,11,8,37,0,2,14,0,16,8,12,25,8,53,0,0,0,53
09/17/2016,HTS,WV,AEA,CE,Combined TRACON& Tower with Radar,1,6,3,0,10,0,0,2,0,2,1,6,5,0,12,0,0,0,12
09/18/2016,HTS,WV,AEA,CE,Combined TRACON& Tower with Radar,2,7,8,0,17,0,0,0,0,0,2,7,8,0,17,0,0,0,17
09/19/2016,HTS,WV,AEA,CE,Combined TRACON& Tower with Radar,5,10,9,1,25,0,0,12,4,16,5,10,21,5,41,0,0,0,41
09/20/2016,HTS,WV,AEA,CE,Combined TRACON& Tower with Radar,6,11,9,0,26,0,0,3,0,3,6,11,12,0,29,0,0,0,29
09/21/2016,HTS,WV,AEA,CE,Combined TRACON& Tower with Radar,6,12,8,0,26,0,0,8,0,8,6,12,16,0,34,0,0,0,34
09/22/2016,HTS,WV,AEA,CE,Combined TRACON& Tower with Radar,8,14,14,0,36,0,0,1,0,1,8,14,15,0,37,0,0,0,37
09/23/2016,HTS,WV,AEA,CE,Combined TRACON& Tower with Radar,8,9,7,0,24,0,1,10,0,11,8,10,17,0,35,0,0,0,35
09/24/2016,HTS,WV,AEA,CE,Combined TRACON& Tower with Radar,1,6,7,0,14,0,2,11,0,13,1,8,18,0,27,0,0,0,27
09/25/2016,HTS,WV,AEA,CE,Combined TRACON& Tower with Radar,2,8,7,0,17,0,0,14,0,14,2,8,21,0,31,0,0,0,31
09/26/2016,HTS,WV,AEA,CE,Combined TRACON& Tower with Radar,5,9,2,0,16,0,0,0,0,0,5,9,2,0,16,0,0,0,16
09/27/2016,HTS,WV,AEA,CE,Combined TRACON& Tower with Radar,6,11,9,0,26,0,2,9,7,18,6,13,18,7,44,0,0,0,44
09/28/2016,HTS,WV,AEA,CE,Combined TRACON& Tower with Radar,6,12,5,0,23,0,0,6,0,6,6,12,11,0,29,0,0,0,29
09/29/2016,HTS,WV,AEA,CE,Combined TRACON& Tower with Radar,4,10,10,4,28,0,0,0,0,0,4,10,10,4,28,0,0,0,28
09/30/2016,HTS,WV,AEA,CE,Combined TRACON& Tower with Radar,10,11,8,0,29,0,0,0,0,0,10,11,8,0,29,0,0,0,29
10/01/2016,HTS,WV,AEA,CE,Combined TRACON& Tower with Radar,1,7,8,0,16,0,0,5,0,5,1,7,13,0,21,0,0,0,21
10/02/2016,HTS,WV,AEA,CE,Combined TRACON& Tower with Radar,2,8,6,0,16,0,4,2,0,6,2,12,8,0,22,0,0,0,22
10/03/2016,HTS,WV,AEA,CE,Combined TRACON& Tower with Radar,5,8,9,0,22,0,0,7,0,7,5,8,16,0,29,0,0,0,29
10/04/2016,HTS,WV,AEA,CE,Combined TRACON& Tower with Radar,6,12,5,2,25,0,0,10,0,10,6,12,15,2,35,0,0,0,35
10/05/2016,HTS,WV,AEA,CE,Combined TRACON& Tower with Radar,4,10,13,2,29,0,0,14,0,14,4,10,27,2,43,0,0,0,43
10/06/2016,HTS,WV,AEA,CE,Combined TRACON& Tower with Radar,8,10,10,0,28,0,0,10,0,10,8,10,20,0,38,0,0,0,38
10/07/2016,HTS,WV,AEA,CE,Combined TRACON& Tower with Radar,9,14,8,0,31,0,0,10,0,10,9,14,18,0,41,0,0,0,41
10/08/2016,HTS,WV,AEA,CE,Combined TRACON& Tower with Radar,5,8,11,0,24,0,2,1,0,3,5,10,12,0,27,0,0,0,27
10/09/2016,HTS,WV,AEA,CE,Combined TRACON& Tower with Radar,6,7,10,0,23,0,0,7,0,7,6,7,17,0,30,0,0,0,30
10/10/2016,HTS,WV,AEA,CE,Combined TRACON& Tower with Radar,3,15,12,0,30,0,2,4,0,6,3,17,16,0,36,0,0,0,36
10/11/2016,HTS,WV,AEA,CE,Combined TRACON& Tower with Radar,7,13,8,2,30,0,2,14,4,20,7,15,22,6,50,0,0,0,50
10/12/2016,HTS,WV,AEA,CE,Combined TRACON& Tower with Radar,4,10,3,2,19,0,0,15,0,15,4,10,18,2,34,0,20,20,54
10/13/2016,HTS,WV,AEA,CE,Combined TRACON& Tower with Radar,8,13,4,0,25,0,0,6,1,7,8,13,10,1,32,0,0,0,32
10/14/2016,HTS,WV,AEA,CE,Combined TRACON& Tower with Radar,7,15,4,0,26,0,2,4,0,6,7,17,8,0,32,0,0,0,32
10/15/2016,HTS,WV,AEA,CE,Combined TRACON& Tower with Radar,3,8,6,0,17,0,0,10,0,10,3,8,16,0,27,0,0,0,27
10/16/2016,HTS,WV,AEA,CE,Combined TRACON& Tower with Radar,5,6,14,0,25,0,0,12,0,12,5,6,26,0,37,0,0,0,37
10/17/2016,HTS,WV,AEA,CE,Combined TRACON& Tower with Radar,3,10,9,2,24,0,0,11,0,11,3,10,20,2,35,0,40,40,75
10/18/2016,HTS,WV,AEA,CE,Combined TRACON& Tower with Radar,6,11,9,0,26,0,0,5,4,9,6,11,14,4,35,0,0,0,35
10/19/2016,HTS,WV,AEA,CE,Combined TRACON& Tower with Radar,4,11,12,0,27,0,0,4,0,4,4,11,16,0,31,0,0,0,31
10/20/2016,HTS,WV,AEA,CE,Combined TRACON& Tower with Radar,9,11,6,0,26,0,0,3,0,3,9,11,9,0,29,0,0,0,29
10/21/2016,HTS,WV,AEA,CE,Combined TRACON& Tower with Radar,6,10,4,0,20,0,0,0,0,0,6,10,4,0,20,0,0,0,20
10/22/2016,HTS,WV,AEA,CE,Combined TRACON& Tower with Radar,3,7,10,0,20,0,3,9,0,12,3,10,19,0,32,8,0,8,40
10/23/2016,HTS,WV,AEA,CE,Combined TRACON& Tower with Radar,4,6,6,0,16,0,0,8,0,8,4,6,14,0,24,0,0,0,24
10/24/2016,HTS,WV,AEA,CE,Combined TRACON& Tower with Radar,3,10,12,0,25,0,0,10,2,12,3,10,22,2,37,0,0,0,37
10/25/2016,HTS,WV,AEA,CE,Combined TRACON& Tower with Radar,6,10,13,0,29,0,0,9,0,9,6,10,22,0,38,6,0,6,44
10/26/2016,HTS,WV,AEA,CE,Combined TRACON& Tower with Radar,4,11,8,0,23,0,2,2,2,6,4,13,10,2,29,0,0,0,29
10/27/2016,HTS,WV,AEA,CE,Combined TRACON& Tower with Radar,8,11,11,2,32,0,1,5,0,6,8,12,16,2,38,0,0,0,38
10/28/2016,HTS,WV,AEA,CE,Combined TRACON& Tower with Radar,8,10,5,1,24,0,0,8,3,11,8,10,13,4,35,0,18,18,53
10/29/2016,HTS,WV,AEA,CE,Combined TRACON& Tower with Radar,3,6,11,0,20,0,0,9,0,9,3,6,20,0,29,0,0,0,29
10/30/2016,HTS,WV,AEA,CE,Combined TRACON& Tower with Radar,6,6,5,0,17,0,0,2,0,2,6,6,7,0,19,0,0,0,19
10/31/2016,HTS,WV,AEA,CE,Combined TRACON& Tower with Radar,3,16,10,0,29,0,0,2,0,2,3,16,12,0,31,0,0,0,31
11/01/2016,HTS,WV,AEA,CE,Combined TRACON& Tower with Radar,6,9,13,0,28,0,0,13,0,13,6,9,26,0,41,8,0,8,49
11/02/2016,HTS,WV,AEA,CE,Combined TRACON& Tower with Radar,4,15,18,0,37,0,1,10,0,11,4,16,28,0,48,0,0,0,48
11/03/2016,HTS,WV,AEA,CE,Combined TRACON& Tower with Radar,9,11,9,0,29,0,0,1,1,2,9,11,10,1,31,0,0,0,31
11/04/2016,HTS,WV,AEA,CE,Combined TRACON& Tower with Radar,8,11,12,5,36,0,0,10,0,10,8,11,22,5,46,0,0,0,46
11/05/2016,HTS,WV,AEA,CE,Combined TRACON& Tower with Radar,3,4,4,0,11,0,1,9,0,10,3,5,13,0,21,6,0,6,27
11/06/2016,HTS,WV,AEA,CE,Combined TRACON& Tower with Radar,6,7,9,0,22,0,1,6,0,7,6,8,15,0,29,0,0,0,29
11/07/2016,HTS,WV,AEA,CE,Combined TRACON& Tower with Radar,3,12,12,0,27,0,0,6,0,6,3,12,18,0,33,0,0,0,33
11/08/2016,HTS,WV,AEA,CE,Combined TRACON& Tower with Radar,6,10,9,0,25,0,2,3,0,5,6,12,12,0,30,0,0,0,30
11/09/2016,HTS,WV,AEA,CE,Combined TRACON& Tower with Radar,4,19,9,4,36,0,2,3,1,6,4,21,12,5,42,0,46,46,88
11/10/2016,HTS,WV,AEA,CE,Combined TRACON& Tower with Radar,8,11,6,0,25,0,3,9,2,14,8,14,15,2,39,14,0,14,53
11/11/2016,HTS,WV,AEA,CE,Combined TRACON& Tower with Radar,7,11,14,0,32,0,1,8,0,9,7,12,22,0,41,0,0,0,41
11/12/2016,HTS,WV,AEA,CE,Combined TRACON& Tower with Radar,3,6,5,0,14,0,0,10,0,10,3,6,15,0,24,0,0,0,24
11/13/2016,HTS,WV,AEA,CE,Combined TRACON& Tower with Radar,5,8,9,0,22,0,0,10,0,10,5,8,19,0,32,0,0,0,32
11/14/2016,HTS,WV,AEA,CE,Combined TRACON& Tower with Radar,3,11,9,0,23,0,0,4,0,4,3,11,13,0,27,0,0,0,27
11/15/2016,HTS,WV,AEA,CE,Combined TRACON& Tower with Radar,7,13,15,0,35,0,2,9,0,11,7,15,24,0,46,10,0,10,56
11/16/2016,HTS,WV,AEA,CE,Combined TRACON& Tower with Radar,4,10,11,0,25,0,0,7,0,7,4,10,18,0,32,6,0,6,38
11/17/2016,HTS,WV,AEA,CE,Combined TRACON& Tower with Radar,4,9,11,0,24,0,0,11,2,13,4,9,22,2,37,0,0,0,37
11/18/2016,HTS,WV,AEA,CE,Combined TRACON& Tower with Radar,8,10,7,0,25,0,0,8,0,8,8,10,15,0,33,0,0,0,33
11/19/2016,HTS,WV,AEA,CE,Combined TRACON& Tower with Radar,3,6,4,2,15,0,0,2,0,2,3,6,6,2,17,0,0,0,17
11/20/2016,HTS,WV,AEA,CE,Combined TRACON& Tower with Radar,6,5,5,0,16,0,0,2,1,3,6,5,7,1,19,0,0,0,19
11/21/2016,HTS,WV,AEA,CE,Combined TRACON& Tower with Radar,2,13,4,0,19,0,0,6,0,6,2,13,10,0,25,0,0,0,25
11/22/2016,HTS,WV,AEA,CE,Combined TRACON& Tower with Radar,8,10,13,0,31,0,0,16,0,16,8,10,29,0,47,6,0,6,53
11/23/2016,HTS,WV,AEA,CE,Combined TRACON& Tower with Radar,4,10,6,0,20,0,0,2,0,2,4,10,8,0,22,0,0,0,22
11/24/2016,HTS,WV,AEA,CE,Combined TRACON& Tower with Radar,4,4,2,0,10,0,0,0,0,0,4,4,2,0,10,0,0,0,10
11/25/2016,HTS,WV,AEA,CE,Combined TRACON& Tower with Radar,4,10,2,1,17,0,0,0,0,0,4,10,2,1,17,0,0,0,17
11/26/2016,HTS,WV,AEA,CE,Combined TRACON& Tower with Radar,5,6,8,0,19,0,0,6,0,6,5,6,14,0,25,0,0,0,25
11/27/2016,HTS,WV,AEA,CE,Combined TRACON& Tower with Radar,4,7,12,2,25,0,1,15,1,17,4,8,27,3,42,0,0,0,42
11/28/2016,HTS,WV,AEA,CE,Combined TRACON& Tower with Radar,4,10,1,0,15,0,0,0,0,0,4,10,1,0,15,0,0,0,15
11/29/2016,HTS,WV,AEA,CE,Combined TRACON& Tower with Radar,7,12,12,1,32,0,0,0,1,1,7,12,12,2,33,0,0,0,33
11/30/2016,HTS,WV,AEA,CE,Combined TRACON& Tower with Radar,5,13,6,0,24,0,0,0,0,0,5,13,6,0,24,0,0,0,24
12/01/2016,HTS,WV,AEA,CE,Combined TRACON& Tower with Radar,7,15,3,0,25,0,0,2,0,2,7,15,5,0,27,0,0,0,27
12/02/2016,HTS,WV,AEA,CE,Combined TRACON& Tower with Radar,6,12,3,0,21,0,2,3,0,5,6,14,6,0,26,0,0,0,26
12/03/2016,HTS,WV,AEA,CE,Combined TRACON& Tower with Radar,1,8,5,8,22,0,0,2,0,2,1,8,7,8,24,0,0,0,24
12/04/2016,HTS,WV,AEA,CE,Combined TRACON& Tower with Radar,4,6,5,0,15,0,0,2,0,2,4,6,7,0,17,0,0,0,17
12/05/2016,HTS,WV,AEA,CE,Combined TRACON& Tower with Radar,3,10,14,0,27,0,0,1,0,1,3,10,15,0,28,0,0,0,28
12/06/2016,HTS,WV,AEA,CE,Combined TRACON& Tower with Radar,8,12,8,0,28,0,0,0,0,0,8,12,8,0,28,0,0,0,28
12/07/2016,HTS,WV,AEA,CE,Combined TRACON& Tower with Radar,4,10,7,4,25,0,2,6,3,11,4,12,13,7,36,0,0,0,36
12/08/2016,HTS,WV,AEA,CE,Combined TRACON& Tower with Radar,6,8,5,0,19,0,0,0,0,0,6,8,5,0,19,0,0,0,19
12/09/2016,HTS,WV,AEA,CE,Combined TRACON& Tower with Radar,6,10,2,0,18,0,0,3,0,3,6,10,5,0,21,0,0,0,21
12/10/2016,HTS,WV,AEA,CE,Combined TRACON& Tower with Radar,1,6,4,0,11,0,0,7,0,7,1,6,11,0,18,0,0,0,18
12/11/2016,HTS,WV,AEA,CE,Combined TRACON& Tower with Radar,2,6,1,0,9,0,0,6,0,6,2,6,7,0,15,0,0,0,15
12/12/2016,HTS,WV,AEA,CE,Combined TRACON& Tower with Radar,3,10,4,0,17,0,0,0,0,0,3,10,4,0,17,0,0,0,17
12/13/2016,HTS,WV,AEA,CE,Combined TRACON& Tower with Radar,7,12,4,0,23,0,2,0,0,2,7,14,4,0,25,0,0,0,25
12/14/2016,HTS,WV,AEA,CE,Combined TRACON& Tower with Radar,4,10,11,0,25,0,2,2,2,6,4,12,13,2,31,0,0,0,31
12/15/2016,HTS,WV,AEA,CE,Combined TRACON& Tower with Radar,6,12,7,0,25,0,0,4,0,4,6,12,11,0,29,0,0,0,29
12/16/2016,HTS,WV,AEA,CE,Combined TRACON& Tower with Radar,6,12,7,0,25,0,0,2,0,2,6,12,9,0,27,6,0,6,33
12/17/2016,HTS,WV,AEA,CE,Combined TRACON& Tower with Radar,1,7,4,0,12,0,0,0,0,0,1,7,4,0,12,0,0,0,12
12/18/2016,HTS,WV,AEA,CE,Combined TRACON& Tower with Radar,0,7,3,0,10,0,0,0,0,0,0,7,3,0,10,0,0,0,10
12/19/2016,HTS,WV,AEA,CE,Combined TRACON& Tower with Radar,8,12,6,0,26,0,0,2,0,2,8,12,8,0,28,0,0,0,28
12/20/2016,HTS,WV,AEA,CE,Combined TRACON& Tower with Radar,6,10,6,0,22,0,0,4,0,4,6,10,10,0,26,0,0,0,26
12/21/2016,HTS,WV,AEA,CE,Combined TRACON& Tower with Radar,6,10,7,0,23,0,0,6,0,6,6,10,13,0,29,0,0,0,29
12/22/2016,HTS,WV,AEA,CE,Combined TRACON& Tower with Radar,8,10,11,0,29,0,0,0,0,0,8,10,11,0,29,0,0,0,29
12/23/2016,HTS,WV,AEA,CE,Combined TRACON& Tower with Radar,9,11,2,0,22,0,0,5,0,5,9,11,7,0,27,0,0,0,27
12/24/2016,HTS,WV,AEA,CE,Combined TRACON& Tower with Radar,5,5,0,0,10,0,0,0,0,0,5,5,0,0,10,0,0,0,10
12/25/2016,HTS,WV,AEA,CE,Combined TRACON& Tower with Radar,5,8,4,0,17,0,0,0,0,0,5,8,4,0,17,0,0,0,17
12/26/2016,HTS,WV,AEA,CE,Combined TRACON& Tower with Radar,4,6,10,0,20,0,0,3,0,3,4,6,13,0,23,0,0,0,23
12/27/2016,HTS,WV,AEA,CE,Combined TRACON& Tower with Radar,7,12,7,0,26,0,2,3,0,5,7,14,10,0,31,0,0,0,31
12/28/2016,HTS,WV,AEA,CE,Combined TRACON& Tower with Radar,6,10,5,0,21,0,0,17,0,17,6,10,22,0,38,0,0,0,38
12/29/2016,HTS,WV,AEA,CE,Combined TRACON& Tower with Radar,6,10,2,2,20,0,0,0,0,0,6,10,2,2,20,0,0,0,20
12/30/2016,HTS,WV,AEA,CE,Combined TRACON& Tower with Radar,8,10,4,4,26,0,0,0,2,2,8,10,4,6,28,0,0,0,28
12/31/2016,HTS,WV,AEA,CE,Combined TRACON& Tower with Radar,5,7,1,0,13,0,0,0,0,0,5,7,1,0,13,0,0,0,13
01/01/2017,HTS,WV,AEA,CE,Combined TRACON& Tower with Radar,2,9,4,0,15,0,0,0,0,0,2,9,4,0,15,0,0,0,15
01/02/2017,HTS,WV,AEA,CE,Combined TRACON& Tower with Radar,2,8,7,0,17,0,0,0,0,0,2,8,7,0,17,0,0,0,17
01/03/2017,HTS,WV,AEA,CE,Combined TRACON& Tower with Radar,5,11,21,0,37,0,0,0,0,0,5,11,21,0,37,0,0,0,37
01/04/2017,HTS,WV,AEA,CE,Combined TRACON& Tower with Radar,4,12,8,0,24,0,0,1,0,1,4,12,9,0,25,0,0,0,25
01/05/2017,HTS,WV,AEA,CE,Combined TRACON& Tower with Radar,6,10,3,0,19,0,0,1,0,1,6,10,4,0,20,0,0,0,20
01/06/2017,HTS,WV,AEA,CE,Combined TRACON& Tower with Radar,7,10,4,0,21,0,0,0,0,0,7,10,4,0,21,0,0,0,21
01/07/2017,HTS,WV,AEA,CE,Combined TRACON& Tower with Radar,1,7,3,0,11,0,0,3,0,3,1,7,6,0,14,0,0,0,14
01/08/2017,HTS,WV,AEA,CE,Combined TRACON& Tower with Radar,2,4,8,5,19,0,0,2,2,4,2,4,10,7,23,6,8,14,37
01/09/2017,HTS,WV,AEA,CE,Combined TRACON& Tower with Radar,3,10,5,0,18,0,2,3,5,10,3,12,8,5,28,0,0,0,28
01/10/2017,HTS,WV,AEA,CE,Combined TRACON& Tower with Radar,6,8,1,2,17,0,0,36,1,37,6,8,37,3,54,0,6,6,60
01/11/2017,HTS,WV,AEA,CE,Combined TRACON& Tower with Radar,5,15,8,1,29,0,0,0,0,0,5,15,8,1,29,0,0,0,29
01/12/2017,HTS,WV,AEA,CE,Combined TRACON& Tower with Radar,6,10,4,0,20,0,2,1,0,3,6,12,5,0,23,0,0,0,23
01/13/2017,HTS,WV,AEA,CE,Combined TRACON& Tower with Radar,7,10,3,0,20,0,0,0,2,2,7,10,3,2,22,0,0,0,22
01/14/2017,HTS,WV,AEA,CE,Combined TRACON& Tower with Radar,1,8,3,0,12,0,0,0,0,0,1,8,3,0,12,0,0,0,12
01/15/2017,HTS,WV,AEA,CE,Combined TRACON& Tower with Radar,2,5,1,0,8,0,0,0,0,0,2,5,1,0,8,0,0,0,8
01/16/2017,HTS,WV,AEA,CE,Combined TRACON& Tower with Radar,3,9,3,0,15,0,0,0,0,0,3,9,3,0,15,0,0,0,15
01/17/2017,HTS,WV,AEA,CE,Combined TRACON& Tower with Radar,8,11,8,0,27,0,0,0,0,0,8,11,8,0,27,0,0,0,27
01/18/2017,HTS,WV,AEA,CE,Combined TRACON& Tower with Radar,4,13,9,1,27,0,0,0,1,1,4,13,9,2,28,0,0,0,28
01/19/2017,HTS,WV,AEA,CE,Combined TRACON& Tower with Radar,6,10,4,1,21,0,0,5,1,6,6,10,9,2,27,0,0,0,27
01/20/2017,HTS,WV,AEA,CE,Combined TRACON& Tower with Radar,6,11,15,2,34,0,0,3,0,3,6,11,18,2,37,0,14,14,51
01/21/2017,HTS,WV,AEA,CE,Combined TRACON& Tower with Radar,1,5,6,0,12,0,1,11,2,14,1,6,17,2,26,10,0,10,36
01/22/2017,HTS,WV,AEA,CE,Combined TRACON& Tower with Radar,2,6,3,0,11,0,0,1,0,1,2,6,4,0,12,0,0,0,12
01/23/2017,HTS,WV,AEA,CE,Combined TRACON& Tower with Radar,3,9,3,0,15,0,0,0,0,0,3,9,3,0,15,0,0,0,15
01/24/2017,HTS,WV,AEA,CE,Combined TRACON& Tower with Radar,6,10,5,0,21,0,0,0,0,0,6,10,5,0,21,0,0,0,21
01/25/2017,HTS,WV,AEA,CE,Combined TRACON& Tower with Radar,4,11,2,4,21,0,3,4,4,11,4,14,6,8,32,3,16,19,51
01/26/2017,HTS,WV,AEA,CE,Combined TRACON& Tower with Radar,7,10,7,1,25,0,0,0,2,2,7,10,7,3,27,0,0,0,27
01/27/2017,HTS,WV,AEA,CE,Combined TRACON& Tower with Radar,6,18,4,0,28,0,0,2,0,2,6,18,6,0,30,0,0,0,30
01/28/2017,HTS,WV,AEA,CE,Combined TRACON& Tower with Radar,1,11,3,0,15,0,2,6,0,8,1,13,9,0,23,0,0,0,23
01/29/2017,HTS,WV,AEA,CE,Combined TRACON& Tower with Radar,4,9,1,0,14,0,0,0,0,0,4,9,1,0,14,0,0,0,14
01/30/2017,HTS,WV,AEA,CE,Combined TRACON& Tower with Radar,3,10,3,0,16,0,0,2,0,2,3,10,5,0,18,0,0,0,18
01/31/2017,HTS,WV,AEA,CE,Combined TRACON& Tower with Radar,6,12,9,2,29,0,0,7,0,7,6,12,16,2,36,14,0,14,50
02/01/2017,HTS,WV,AEA,CE,Combined TRACON& Tower with Radar,5,13,6,5,29,0,0,5,1,6,5,13,11,6,35,0,30,30,65
02/02/2017,HTS,WV,AEA,CE,Combined TRACON& Tower with Radar,7,14,4,4,29,0,2,3,3,8,7,16,7,7,37,0,0,0,37
02/03/2017,HTS,WV,AEA,CE,Combined TRACON& Tower with Radar,7,10,4,22,43,0,0,8,2,10,7,10,12,24,53,0,0,0,53
02/04/2017,HTS,WV,AEA,CE,Combined TRACON& Tower with Radar,1,4,4,0,9,0,5,7,0,12,1,9,11,0,21,6,0,6,27
02/05/2017,HTS,WV,AEA,CE,Combined TRACON& Tower with Radar,2,8,2,0,12,0,1,5,0,6,2,9,7,0,18,10,0,10,28
02/06/2017,HTS,WV,AEA,CE,Combined TRACON& Tower with Radar,3,10,6,2,21,0,0,4,2,6,3,10,10,4,27,0,0,0,27
02/07/2017,HTS,WV,AEA,CE,Combined TRACON& Tower with Radar,6,10,10,0,26,0,0,1,3,4,6,10,11,3,30,0,0,0,30
02/08/2017,HTS,WV,AEA,CE,Combined TRACON& Tower with Radar,4,17,8,8,37,0,0,0,0,0,4,17,8,8,37,0,22,22,59
02/09/2017,HTS,WV,AEA,CE,Combined TRACON& Tower with Radar,6,10,9,0,25,0,0,0,0,0,6,10,9,0,25,0,0,0,25
02/10/2017,HTS,WV,AEA,CE,Combined TRACON& Tower with Radar,6,10,9,0,25,0,0,8,0,8,6,10,17,0,33,0,0,0,33
02/11/2017,HTS,WV,AEA,CE,Combined TRACON& Tower with Radar,1,4,4,0,9,0,0,2,0,2,1,4,6,0,11,0,0,0,11
02/12/2017,HTS,WV,AEA,CE,Combined TRACON& Tower with Radar,2,6,2,0,10,0,1,3,0,4,2,7,5,0,14,0,0,0,14
02/13/2017,HTS,WV,AEA,CE,Combined TRACON& Tower with Radar,3,9,7,0,19,0,1,7,2,10,3,10,14,2,29,0,0,0,29
02/14/2017,HTS,WV,AEA,CE,Combined TRACON& Tower with Radar,6,11,12,1,30,0,1,7,1,9,6,12,19,2,39,10,0,10,49
02/15/2017,HTS,WV,AEA,CE,Combined TRACON& Tower with Radar,6,11,17,0,34,0,0,1,0,1,6,11,18,0,35,0,0,0,35
02/16/2017,HTS,WV,AEA,CE,Combined TRACON& Tower with Radar,8,12,7,0,27,0,0,9,6,15,8,12,16,6,42,0,0,0,42
02/17/2017,HTS,WV,AEA,CE,Combined TRACON& Tower with Radar,6,10,12,0,28,0,0,15,0,15,6,10,27,0,43,0,0,0,43
02/18/2017,HTS,WV,AEA,CE,Combined TRACON& Tower with Radar,1,8,8,0,17,0,0,4,0,4,1,8,12,0,21,14,0,14,35
02/19/2017,HTS,WV,AEA,CE,Combined TRACON& Tower with Radar,2,7,5,0,14,0,0,2,0,2,2,7,7,0,16,0,0,0,16
02/20/2017,HTS,WV,AEA,CE,Combined TRACON& Tower with Radar,3,8,12,0,23,0,0,6,0,6,3,8,18,0,29,0,0,0,29
02/21/2017,HTS,WV,AEA,CE,Combined TRACON& Tower with Radar,6,11,2,0,19,0,0,6,0,6,6,11,8,0,25,8,0,8,33
02/22/2017,HTS,WV,AEA,CE,Combined TRACON& Tower with Radar,6,9,2,0,17,0,0,0,0,0,6,9,2,0,17,0,0,0,17
02/23/2017,HTS,WV,AEA,CE,Combined TRACON& Tower with Radar,4,15,9,0,28,0,0,6,0,6,4,15,15,0,34,22,0,22,56
02/24/2017,HTS,WV,AEA,CE,Combined TRACON& Tower with Radar,8,10,6,8,32,0,0,8,2,10,8,10,14,10,42,0,0,0,42
02/25/2017,HTS,WV,AEA,CE,Combined TRACON& Tower with Radar,1,11,0,0,12,0,2,1,0,3,1,13,1,0,15,0,0,0,15
02/26/2017,HTS,WV,AEA,CE,Combined TRACON& Tower with Radar,2,6,4,0,12,0,0,11,0,11,2,6,15,0,23,16,0,16,39
02/27/2017,HTS,WV,AEA,CE,Combined TRACON& Tower with Radar,3,12,10,0,25,0,0,2,0,2,3,12,12,0,27,0,0,0,27
02/28/2017,HTS,WV,AEA,CE,Combined TRACON& Tower with Radar,6,12,3,0,21,0,0,0,0,0,6,12,3,0,21,0,0,0,21
03/01/2017,HTS,WV,AEA,CE,Combined TRACON& Tower with Radar,4,8,2,0,14,0,2,0,0,2,4,10,2,0,16,0,0,0,16
03/02/2017,HTS,WV,AEA,CE,Combined TRACON& Tower with Radar,6,11,8,0,25,0,0,12,0,12,6,11,20,0,37,0,0,0,37
03/03/2017,HTS,WV,AEA,CE,Combined TRACON& Tower with Radar,7,11,3,4,25,0,2,23,6,31,7,13,26,10,56,0,22,22,78
03/04/2017,HTS,WV,AEA,CE,Combined TRACON& Tower with Radar,1,12,3,0,16,0,1,5,0,6,1,13,8,0,22,12,0,12,34
03/05/2017,HTS,WV,AEA,CE,Combined TRACON& Tower with Radar,2,7,8,0,17,0,0,9,0,9,2,7,17,0,26,0,0,0,26
03/06/2017,HTS,WV,AEA,CE,Combined TRACON& Tower with Radar,3,10,3,0,16,0,0,0,0,0,3,10,3,0,16,0,0,0,16
03/07/2017,HTS,WV,AEA,CE,Combined TRACON& Tower with Radar,7,10,4,0,21,0,1,0,0,1,7,11,4,0,22,0,0,0,22
03/08/2017,HTS,WV,AEA,CE,Combined TRACON& Tower with Radar,6,10,4,3,23,0,0,9,0,9,6,10,13,3,32,0,0,0,32
03/09/2017,HTS,WV,AEA,CE,Combined TRACON& Tower with Radar,6,13,6,0,25,0,0,16,0,16,6,13,22,0,41,0,0,0,41
03/10/2017,HTS,WV,AEA,CE,Combined TRACON& Tower with Radar,6,15,3,0,24,0,0,3,0,3,6,15,6,0,27,0,0,0,27
03/11/2017,HTS,WV,AEA,CE,Combined TRACON& Tower with Radar,1,6,5,0,12,0,0,11,0,11,1,6,16,0,23,0,0,0,23
03/12/2017,HTS,WV,AEA,CE,Combined TRACON& Tower with Radar,2,5,8,0,15,0,0,8,0,8,2,5,16,0,23,2,0,2,25
03/13/2017,HTS,WV,AEA,CE,Combined TRACON& Tower with Radar,4,10,6,0,20,0,0,2,2,4,4,10,8,2,24,8,0,8,32
03/14/2017,HTS,WV,AEA,CE,Combined TRACON& Tower with Radar,6,18,2,0,26,0,0,0,0,0,6,18,2,0,26,0,0,0,26
03/15/2017,HTS,WV,AEA,CE,Combined TRACON& Tower with Radar,4,10,10,0,24,0,0,2,0,2,4,10,12,0,26,0,0,0,26
03/16/2017,HTS,WV,AEA,CE,Combined TRACON& Tower with Radar,6,12,8,2,28,0,1,15,0,16,6,13,23,2,44,22,0,22,66
03/17/2017,HTS,WV,AEA,CE,Combined TRACON& Tower with Radar,7,17,6,0,30,0,1,0,0,1,7,18,6,0,31,0,0,0,31
03/18/2017,HTS,WV,AEA,CE,Combined TRACON& Tower with Radar,3,6,2,0,11,0,0,0,0,0,3,6,2,0,11,0,0,0,11
03/19/2017,HTS,WV,AEA,CE,Combined TRACON& Tower with Radar,2,6,2,0,10,0,2,0,0,2,2,8,2,0,12,8,0,8,20
03/20/2017,HTS,WV,AEA,CE,Combined TRACON& Tower with Radar,3,11,7,0,21,0,1,9,0,10,3,12,16,0,31,0,0,0,31
03/21/2017,HTS,WV,AEA,CE,Combined TRACON& Tower with Radar,7,10,13,6,36,0,0,1,0,1,7,10,14,6,37,0,0,0,37
03/22/2017,HTS,WV,AEA,CE,Combined TRACON& Tower with Radar,4,9,11,4,28,0,0,15,0,15,4,9,26,4,43,0,24,24,67
03/23/2017,HTS,WV,AEA,CE,Combined TRACON& Tower with Radar,6,11,10,0,27,0,0,24,2,26,6,11,34,2,53,0,0,0,53
03/24/2017,HTS,WV,AEA,CE,Combined TRACON& Tower with Radar,6,13,10,0,29,0,0,0,0,0,6,13,10,0,29,0,0,0,29
03/25/2017,HTS,WV,AEA,CE,Combined TRACON& Tower with Radar,3,8,7,0,18,0,0,21,0,21,3,8,28,0,39,14,0,14,53
03/26/2017,HTS,WV,AEA,CE,Combined TRACON& Tower with Radar,2,6,2,0,10,0,0,0,0,0,2,6,2,0,10,0,0,0,10
03/27/2017,HTS,WV,AEA,CE,Combined TRACON& Tower with Radar,3,10,9,0,22,0,0,5,0,5,3,10,14,0,27,50,0,50,77
03/28/2017,HTS,WV,AEA,CE,Combined TRACON& Tower with Radar,9,10,8,0,27,0,0,2,2,4,9,10,10,2,31,0,0,0,31
03/29/2017,HTS,WV,AEA,CE,Combined TRACON& Tower with Radar,4,11,11,0,26,0,0,4,0,4,4,11,15,0,30,0,0,0,30
03/30/2017,HTS,WV,AEA,CE,Combined TRACON& Tower with Radar,6,13,9,0,28,0,1,6,0,7,6,14,15,0,35,0,0,0,35
03/31/2017,HTS,WV,AEA,CE,Combined TRACON& Tower with Radar,6,11,5,0,22,0,2,0,0,2,6,13,5,0,24,0,0,0,24
04/01/2017,HTS,WV,AEA,CE,Combined TRACON& Tower with Radar,1,7,2,0,10,0,0,0,0,0,1,7,2,0,10,0,0,0,10
04/02/2017,HTS,WV,AEA,CE,Combined TRACON& Tower with Radar,2,11,5,0,18,0,0,16,1,17,2,11,21,1,35,28,0,28,63
04/03/2017,HTS,WV,AEA,CE,Combined TRACON& Tower with Radar,3,9,6,0,18,0,0,1,0,1,3,9,7,0,19,0,0,0,19
04/04/2017,HTS,WV,AEA,CE,Combined TRACON& Tower with Radar,7,11,5,2,25,0,0,2,0,2,7,11,7,2,27,0,0,0,27
04/05/2017,HTS,WV,AEA,CE,Combined TRACON& Tower with Radar,4,11,9,0,24,0,1,17,2,20,4,12,26,2,44,0,0,0,44
04/06/2017,HTS,WV,AEA,CE,Combined TRACON& Tower with Radar,6,12,5,0,23,0,1,1,0,2,6,13,6,0,25,0,0,0,25
04/07/2017,HTS,WV,AEA,CE,Combined TRACON& Tower with Radar,6,12,3,2,23,0,0,3,0,3,6,12,6,2,26,0,0,0,26
04/08/2017,HTS,WV,AEA,CE,Combined TRACON& Tower with Radar,1,6,7,0,14,0,0,13,0,13,1,6,20,0,27,0,0,0,27
04/09/2017,HTS,WV,AEA,CE,Combined TRACON& Tower with Radar,2,6,4,2,14,0,0,13,0,13,2,6,17,2,27,8,0,8,35
04/10/2017,HTS,WV,AEA,CE,Combined TRACON& Tower with Radar,3,12,4,2,21,0,0,4,0,4,3,12,8,2,25,0,0,0,25
04/11/2017,HTS,WV,AEA,CE,Combined TRACON& Tower with Radar,6,10,3,2,21,0,0,6,0,6,6,10,9,2,27,0,0,0,27
04/12/2017,HTS,WV,AEA,CE,Combined TRACON& Tower with Radar,6,10,12,0,28,0,0,60,4,64,6,10,72,4,92,0,0,0,92
04/13/2017,HTS,WV,AEA,CE,Combined TRACON& Tower with Radar,6,10,15,0,31,0,0,13,4,17,6,10,28,4,48,0,0,0,48
04/14/2017,HTS,WV,AEA,CE,Combined TRACON& Tower with Radar,7,10,4,2,23,0,0,15,0,15,7,10,19,2,38,0,0,0,38
04/15/2017,HTS,WV,AEA,CE,Combined TRACON& Tower with Radar,2,6,10,0,18,0,0,5,0,5,2,6,15,0,23,0,0,0,23
04/16/2017,HTS,WV,AEA,CE,Combined TRACON& Tower with Radar,3,6,2,0,11,0,0,1,0,1,3,6,3,0,12,0,0,0,12
04/17/2017,HTS,WV,AEA,CE,Combined TRACON& Tower with Radar,3,11,7,0,21,0,1,6,0,7,3,12,13,0,28,0,0,0,28
04/18/2017,HTS,WV,AEA,CE,Combined TRACON& Tower with Radar,6,10,11,0,27,0,0,5,0,5,6,10,16,0,32,0,0,0,32
04/19/2017,HTS,WV,AEA,CE,Combined TRACON& Tower with Radar,6,12,15,0,33,0,0,1,0,1,6,12,16,0,34,0,0,0,34
04/20/2017,HTS,WV,AEA,CE,Combined TRACON& Tower with Radar,6,10,5,0,21,0,0,0,0,0,6,10,5,0,21,0,0,0,21
04/21/2017,HTS,WV,AEA,CE,Combined TRACON& Tower with Radar,6,14,11,0,31,0,0,1,0,1,6,14,12,0,32,0,0,0,32
04/22/2017,HTS,WV,AEA,CE,Combined TRACON& Tower with Radar,3,6,3,0,12,0,0,0,0,0,3,6,3,0,12,0,0,0,12
04/23/2017,HTS,WV,AEA,CE,Combined TRACON& Tower with Radar,2,8,9,0,19,0,0,4,2,6,2,8,13,2,25,30,0,30,55
04/24/2017,HTS,WV,AEA,CE,Combined TRACON& Tower with Radar,3,11,5,0,19,0,0,1,2,3,3,11,6,2,22,0,0,0,22
04/25/2017,HTS,WV,AEA,CE,Combined TRACON& Tower with Radar,6,12,13,1,32,0,1,0,0,1,6,13,13,1,33,0,0,0,33
04/26/2017,HTS,WV,AEA,CE,Combined TRACON& Tower with Radar,4,12,13,0,29,0,0,8,0,8,4,12,21,0,37,0,0,0,37
04/27/2017,HTS,WV,AEA,CE,Combined TRACON& Tower with Radar,6,12,12,0,30,0,0,2,0,2,6,12,14,0,32,0,0,0,32
04/28/2017,HTS,WV,AEA,CE,Combined TRACON& Tower with Radar,7,14,5,3,29,0,0,5,0,5,7,14,10,3,34,0,0,0,34
04/29/2017,HTS,WV,AEA,CE,Combined TRACON& Tower with Radar,3,6,1,0,10,0,1,4,0,5,3,7,5,0,15,0,0,0,15
04/30/2017,HTS,WV,AEA,CE,Combined TRACON& Tower with Radar,3,8,7,0,18,0,0,0,0,0,3,8,7,0,18,0,0,0,18
05/01/2017,HTS,WV,AEA,CE,Combined TRACON& Tower with Radar,3,11,4,0,18,0,0,1,0,1,3,11,5,0,19,0,0,0,19
05/02/2017,HTS,WV,AEA,CE,Combined TRACON& Tower with Radar,6,10,2,0,18,0,0,1,2,3,6,10,3,2,21,0,0,0,21
05/03/2017,HTS,WV,AEA,CE,Combined TRACON& Tower with Radar,4,12,0,0,16,0,6,4,0,10,4,18,4,0,26,0,0,0,26
05/04/2017,HTS,WV,AEA,CE,Combined TRACON& Tower with Radar,6,11,3,1,21,0,0,3,1,4,6,11,6,2,25,2,0,2,27
05/05/2017,HTS,WV,AEA,CE,Combined TRACON& Tower with Radar,9,12,13,6,40,0,0,2,2,4,9,12,15,8,44,0,12,12,56
05/06/2017,HTS,WV,AEA,CE,Combined TRACON& Tower with Radar,1,10,10,0,21,0,0,1,2,3,1,10,11,2,24,0,0,0,24
05/07/2017,HTS,WV,AEA,CE,Combined TRACON& Tower with Radar,2,7,10,0,19,0,0,7,1,8,2,7,17,1,27,0,0,0,27
05/08/2017,HTS,WV,AEA,CE,Combined TRACON& Tower with Radar,5,12,11,0,28,0,0,12,2,14,5,12,23,2,42,0,0,0,42
05/09/2017,HTS,WV,AEA,CE,Combined TRACON& Tower with Radar,6,12,13,0,31,0,0,0,0,0,6,12,13,0,31,0,0,0,31
05/10/2017,HTS,WV,AEA,CE,Combined TRACON& Tower with Radar,4,18,3,0,25,0,0,3,0,3,4,18,6,0,28,0,0,0,28
05/11/2017,HTS,WV,AEA,CE,Combined TRACON& Tower with Radar,6,10,8,0,24,0,0,2,0,2,6,10,10,0,26,0,0,0,26
05/12/2017,HTS,WV,AEA,CE,Combined TRACON& Tower with Radar,8,13,3,0,24,0,0,0,0,0,8,13,3,0,24,0,0,0,24
05/13/2017,HTS,WV,AEA,CE,Combined TRACON& Tower with Radar,1,6,2,0,9,0,0,5,0,5,1,6,7,0,14,10,0,10,24
05/14/2017,HTS,WV,AEA,CE,Combined TRACON& Tower with Radar,2,9,7,0,18,0,1,5,0,6,2,10,12,0,24,0,0,0,24
05/15/2017,HTS,WV,AEA,CE,Combined TRACON& Tower with Radar,5,10,13,0,28,0,2,12,0,14,5,12,25,0,42,0,0,0,42
05/16/2017,HTS,WV,AEA,CE,Combined TRACON& Tower with Radar,6,10,17,4,37,0,0,12,0,12,6,10,29,4,49,0,0,0,49
05/17/2017,HTS,WV,AEA,CE,Combined TRACON& Tower with Radar,7,11,10,0,28,0,0,8,2,10,7,11,18,2,38,0,0,0,38
05/18/2017,HTS,WV,AEA,CE,Combined TRACON& Tower with Radar,8,10,15,0,33,0,0,5,1,6,8,10,20,1,39,0,0,0,39
05/19/2017,HTS,WV,AEA,CE,Combined TRACON& Tower with Radar,8,12,5,0,25,0,1,1,0,2,8,13,6,0,27,0,0,0,27
05/20/2017,HTS,WV,AEA,CE,Combined TRACON& Tower with Radar,3,7,5,0,15,0,2,0,0,2,3,9,5,0,17,28,0,28,45
05/21/2017,HTS,WV,AEA,CE,Combined TRACON& Tower with Radar,4,6,2,0,12,0,0,0,0,0,4,6,2,0,12,0,0,0,12
05/22/2017,HTS,WV,AEA,CE,Combined TRACON& Tower with Radar,4,14,3,0,21,0,2,15,0,17,4,16,18,0,38,0,0,0,38
05/23/2017,HTS,WV,AEA,CE,Combined TRACON& Tower with Radar,7,10,16,0,33,0,0,4,0,4,7,10,20,0,37,0,0,0,37
05/24/2017,HTS,WV,AEA,CE,Combined TRACON& Tower with Radar,7,10,4,0,21,0,0,0,0,0,7,10,4,0,21,0,0,0,21
05/25/2017,HTS,WV,AEA,CE,Combined TRACON& Tower with Radar,9,10,11,2,32,0,0,0,0,0,9,10,11,2,32,0,0,0,32
05/26/2017,HTS,WV,AEA,CE,Combined TRACON& Tower with Radar,8,17,5,0,30,0,2,4,0,6,8,19,9,0,36,0,0,0,36
05/27/2017,HTS,WV,AEA,CE,Combined TRACON& Tower with Radar,5,8,9,0,22,0,2,5,0,7,5,10,14,0,29,0,0,0,29
05/28/2017,HTS,WV,AEA,CE,Combined TRACON& Tower with Radar,4,6,2,0,12,0,0,0,0,0,4,6,2,0,12,0,0,0,12
05/29/2017,HTS,WV,AEA,CE,Combined TRACON& Tower with Radar,5,8,8,0,21,0,2,6,0,8,5,10,14,0,29,0,0,0,29
05/30/2017,HTS,WV,AEA,CE,Combined TRACON& Tower with Radar,3,12,8,0,23,0,5,5,2,12,3,17,13,2,35,0,0,0,35
05/31/2017,HTS,WV,AEA,CE,Combined TRACON& Tower with Radar,8,10,11,0,29,0,0,6,0,6,8,10,17,0,35,18,0,18,53
06/01/2017,HTS,WV,AEA,CE,Combined TRACON& Tower with Radar,8,10,14,0,32,0,0,11,0,11,8,10,25,0,43,18,0,18,61
06/02/2017,HTS,WV,AEA,CE,Combined TRACON& Tower with Radar,9,11,9,0,29,0,0,7,0,7,9,11,16,0,36,0,0,0,36
06/03/2017,HTS,WV,AEA,CE,Combined TRACON& Tower with Radar,7,6,5,0,18,0,0,9,0,9,7,6,14,0,27,0,0,0,27
06/04/2017,HTS,WV,AEA,CE,Combined TRACON& Tower with Radar,4,9,5,0,18,0,0,10,2,12,4,9,15,2,30,0,0,0,30
06/05/2017,HTS,WV,AEA,CE,Combined TRACON& Tower with Radar,5,11,14,0,30,0,0,0,0,0,5,11,14,0,30,0,0,0,30
06/06/2017,HTS,WV,AEA,CE,Combined TRACON& Tower with Radar,6,10,10,0,26,0,0,6,2,8,6,10,16,2,34,0,0,0,34
06/07/2017,HTS,WV,AEA,CE,Combined TRACON& Tower with Radar,10,10,11,2,33,0,0,5,0,5,10,10,16,2,38,0,0,0,38
06/08/2017,HTS,WV,AEA,CE,Combined TRACON& Tower with Radar,8,9,8,3,28,0,0,22,4,26,8,9,30,7,54,0,0,0,54
06/09/2017,HTS,WV,AEA,CE,Combined TRACON& Tower with Radar,8,16,3,0,27,0,0,5,7,12,8,16,8,7,39,24,0,24,63
06/10/2017,HTS,WV,AEA,CE,Combined TRACON& Tower with Radar,9,8,3,0,20,0,0,9,2,11,9,8,12,2,31,0,0,0,31
06/11/2017,HTS,WV,AEA,CE,Combined TRACON& Tower with Radar,3,10,10,0,23,0,2,9,0,11,3,12,19,0,34,14,0,14,48
06/12/2017,HTS,WV,AEA,CE,Combined TRACON& Tower with Radar,6,11,7,0,24,0,0,8,2,10,6,11,15,2,34,0,0,0,34
06/13/2017,HTS,WV,AEA,CE,Combined TRACON& Tower with Radar,8,9,9,0,26,0,0,0,0,0,8,9,9,0,26,0,0,0,26
06/14/2017,HTS,WV,AEA,CE,Combined TRACON& Tower with Radar,13,9,17,8,47,0,0,11,0,11,13,9,28,8,58,0,20,20,78
06/15/2017,HTS,WV,AEA,CE,Combined TRACON& Tower with Radar,8,16,8,0,32,0,0,4,0,4,8,16,12,0,36,0,0,0,36
06/16/2017,HTS,WV,AEA,CE,Combined TRACON& Tower with Radar,8,10,19,0,37,0,2,3,0,5,8,12,22,0,42,0,0,0,42
06/17/2017,HTS,WV,AEA,CE,Combined TRACON& Tower with Radar,7,8,5,0,20,0,0,0,0,0,7,8,5,0,20,0,0,0,20
06/18/2017,HTS,WV,AEA,CE,Combined TRACON& Tower with Radar,4,6,6,0,16,0,0,1,0,1,4,6,7,0,17,0,0,0,17
06/19/2017,HTS,WV,AEA,CE,Combined TRACON& Tower with Radar,5,14,13,0,32,0,0,6,0,6,5,14,19,0,38,0,0,0,38
06/20/2017,HTS,WV,AEA,CE,Combined TRACON& Tower with Radar,8,12,16,0,36,0,1,8,3,12,8,13,24,3,48,0,0,0,48
06/21/2017,HTS,WV,AEA,CE,Combined TRACON& Tower with Radar,10,14,9,0,33,0,0,13,0,13,10,14,22,0,46,0,0,0,46
06/22/2017,HTS,WV,AEA,CE,Combined TRACON& Tower with Radar,6,12,5,0,23,0,0,9,1,10,6,12,14,1,33,0,0,0,33
06/23/2017,HTS,WV,AEA,CE,Combined TRACON& Tower with Radar,11,10,3,0,24,0,2,0,0,2,11,12,3,0,26,0,0,0,26
06/24/2017,HTS,WV,AEA,CE,Combined TRACON& Tower with Radar,7,8,8,0,23,0,1,3,0,4,7,9,11,0,27,0,0,0,27
06/25/2017,HTS,WV,AEA,CE,Combined TRACON& Tower with Radar,1,7,5,0,13,0,0,1,0,1,1,7,6,0,14,0,0,0,14
06/26/2017,HTS,WV,AEA,CE,Combined TRACON& Tower with Radar,8,8,9,2,27,0,0,7,0,7,8,8,16,2,34,0,0,0,34
06/27/2017,HTS,WV,AEA,CE,Combined TRACON& Tower with Radar,8,12,6,0,26,0,0,4,0,4,8,12,10,0,30,0,0,0,30
06/28/2017,HTS,WV,AEA,CE,Combined TRACON& Tower with Radar,10,10,4,3,27,0,0,4,0,4,10,10,8,3,31,0,0,0,31
06/29/2017,HTS,WV,AEA,CE,Combined TRACON& Tower with Radar,8,11,10,0,29,0,2,4,4,10,8,13,14,4,39,0,0,0,39
06/30/2017,HTS,WV,AEA,CE,Combined TRACON& Tower with Radar,9,14,3,0,26,0,0,2,0,2,9,14,5,0,28,0,0,0,28
07/01/2017,HTS,WV,AEA,CE,Combined TRACON& Tower with Radar,7,7,1,0,15,0,2,5,0,7,7,9,6,0,22,0,0,0,22
07/02/2017,HTS,WV,AEA,CE,Combined TRACON& Tower with Radar,5,8,5,0,18,0,2,6,0,8,5,10,11,0,26,0,0,0,26
07/03/2017,HTS,WV,AEA,CE,Combined TRACON& Tower with Radar,5,15,5,0,25,0,0,9,0,9,5,15,14,0,34,0,0,0,34
07/04/2017,HTS,WV,AEA,CE,Combined TRACON& Tower with Radar,4,8,5,0,17,0,0,0,0,0,4,8,5,0,17,0,0,0,17
07/05/2017,HTS,WV,AEA,CE,Combined TRACON& Tower with Radar,12,12,1,0,25,0,0,0,0,0,12,12,1,0,25,0,0,0,25
07/06/2017,HTS,WV,AEA,CE,Combined TRACON& Tower with Radar,8,10,2,3,23,0,0,2,0,2,8,10,4,3,25,0,0,0,25
07/07/2017,HTS,WV,AEA,CE,Combined TRACON& Tower with Radar,9,12,19,3,43,0,0,4,0,4,9,12,23,3,47,0,0,0,47
07/08/2017,HTS,WV,AEA,CE,Combined TRACON& Tower with Radar,8,7,5,0,20,0,1,2,0,3,8,8,7,0,23,0,0,0,23
07/09/2017,HTS,WV,AEA,CE,Combined TRACON& Tower with Radar,4,7,4,0,15,0,0,9,0,9,4,7,13,0,24,0,0,0,24
07/10/2017,HTS,WV,AEA,CE,Combined TRACON& Tower with Radar,5,14,7,1,27,0,1,3,0,4,5,15,10,1,31,14,0,14,45
07/11/2017,HTS,WV,AEA,CE,Combined TRACON& Tower with Radar,8,9,10,0,27,0,2,4,0,6,8,11,14,0,33,0,0,0,33
07/12/2017,HTS,WV,AEA,CE,Combined TRACON& Tower with Radar,9,12,9,0,30,0,0,3,0,3,9,12,12,0,33,0,0,0,33
07/13/2017,HTS,WV,AEA,CE,Combined TRACON& Tower with Radar,10,11,7,1,29,0,0,3,0,3,10,11,10,1,32,0,0,0,32
07/14/2017,HTS,WV,AEA,CE,Combined TRACON& Tower with Radar,8,13,6,0,27,0,2,17,2,21,8,15,23,2,48,0,0,0,48
07/15/2017,HTS,WV,AEA,CE,Combined TRACON& Tower with Radar,7,6,7,0,20,0,0,12,0,12,7,6,19,0,32,0,0,0,32
07/16/2017,HTS,WV,AEA,CE,Combined TRACON& Tower with Radar,4,12,2,0,18,0,0,12,0,12,4,12,14,0,30,0,0,0,30
07/17/2017,HTS,WV,AEA,CE,Combined TRACON& Tower with Radar,5,12,14,0,31,0,0,9,0,9,5,12,23,0,40,6,0,6,46
07/18/2017,HTS,WV,AEA,CE,Combined TRACON& Tower with Radar,8,12,19,0,39,0,0,7,0,7,8,12,26,0,46,0,0,0,46
07/19/2017,HTS,WV,AEA,CE,Combined TRACON& Tower with Radar,10,11,15,0,36,0,0,2,0,2,10,11,17,0,38,0,0,0,38
07/20/2017,HTS,WV,AEA,CE,Combined TRACON& Tower with Radar,8,10,5,0,23,0,0,4,2,6,8,10,9,2,29,0,0,0,29
07/21/2017,HTS,WV,AEA,CE,Combined TRACON& Tower with Radar,6,12,9,0,27,0,0,4,0,4,6,12,13,0,31,0,0,0,31
07/22/2017,HTS,WV,AEA,CE,Combined TRACON& Tower with Radar,9,6,4,0,19,0,0,5,0,5,9,6,9,0,24,0,0,0,24
07/23/2017,HTS,WV,AEA,CE,Combined TRACON& Tower with Radar,4,6,4,1,15,0,0,6,3,9,4,6,10,4,24,0,0,0,24
07/24/2017,HTS,WV,AEA,CE,Combined TRACON& Tower with Radar,5,8,5,1,19,0,0,12,9,21,5,8,17,10,40,0,0,0,40
07/25/2017,HTS,WV,AEA,CE,Combined TRACON& Tower with Radar,8,11,4,1,24,0,0,11,1,12,8,11,15,2,36,0,0,0,36
07/26/2017,HTS,WV,AEA,CE,Combined TRACON& Tower with Radar,10,12,10,0,32,0,0,21,0,21,10,12,31,0,53,0,0,0,53
07/27/2017,HTS,WV,AEA,CE,Combined TRACON& Tower with Radar,8,11,9,1,29,0,0,0,1,1,8,11,9,2,30,0,0,0,30
07/28/2017,HTS,WV,AEA,CE,Combined TRACON& Tower with Radar,8,11,3,0,22,0,0,0,0,0,8,11,3,0,22,0,0,0,22
07/29/2017,HTS,WV,AEA,CE,Combined TRACON& Tower with Radar,7,6,9,0,22,0,1,6,0,7,7,7,15,0,29,0,0,0,29
07/30/2017,HTS,WV,AEA,CE,Combined TRACON& Tower with Radar,4,11,9,0,24,0,1,6,0,7,4,12,15,0,31,0,0,0,31
07/31/2017,HTS,WV,AEA,CE,Combined TRACON& Tower with Radar,3,12,12,1,28,0,1,8,2,11,3,13,20,3,39,0,0,0,39
08/01/2017,HTS,WV,AEA,CE,Combined TRACON& Tower with Radar,8,10,3,0,21,0,0,5,0,5,8,10,8,0,26,0,0,0,26
08/02/2017,HTS,WV,AEA,CE,Combined TRACON& Tower with Radar,7,10,12,1,30,0,0,5,0,5,7,10,17,1,35,0,0,0,35
08/03/2017,HTS,WV,AEA,CE,Combined TRACON& Tower with Radar,8,10,6,4,28,0,0,11,0,11,8,10,17,4,39,0,0,0,39
08/04/2017,HTS,WV,AEA,CE,Combined TRACON& Tower with Radar,8,11,6,0,25,0,1,2,3,6,8,12,8,3,31,0,0,0,31
08/05/2017,HTS,WV,AEA,CE,Combined TRACON& Tower with Radar,7,6,2,0,15,0,0,7,0,7,7,6,9,0,22,20,0,20,42
08/06/2017,HTS,WV,AEA,CE,Combined TRACON& Tower with Radar,5,6,5,2,18,0,0,5,0,5,5,6,10,2,23,16,0,16,39
08/07/2017,HTS,WV,AEA,CE,Combined TRACON& Tower with Radar,5,10,4,0,19,0,0,0,0,0,5,10,4,0,19,0,0,0,19
08/08/2017,HTS,WV,AEA,CE,Combined TRACON& Tower with Radar,6,10,7,0,23,0,0,6,0,6,6,10,13,0,29,0,0,0,29
08/09/2017,HTS,WV,AEA,CE,Combined TRACON& Tower with Radar,6,10,10,0,26,0,0,10,1,11,6,10,20,1,37,20,0,20,57
08/10/2017,HTS,WV,AEA,CE,Combined TRACON& Tower with Radar,8,10,3,0,21,0,2,2,0,4,8,12,5,0,25,0,0,0,25
08/11/2017,HTS,WV,AEA,CE,Combined TRACON& Tower with Radar,8,10,8,0,26,0,2,0,0,2,8,12,8,0,28,0,0,0,28
08/12/2017,HTS,WV,AEA,CE,Combined TRACON& Tower with Radar,4,7,7,0,18,0,2,4,0,6,4,9,11,0,24,0,0,0,24
08/13/2017,HTS,WV,AEA,CE,Combined TRACON& Tower with Radar,4,6,8,0,18,0,3,12,0,15,4,9,20,0,33,24,0,24,57
08/14/2017,HTS,WV,AEA,CE,Combined TRACON& Tower with Radar,5,12,7,0,24,0,0,2,0,2,5,12,9,0,26,0,0,0,26
08/15/2017,HTS,WV,AEA,CE,Combined TRACON& Tower with Radar,6,10,9,0,25,0,1,10,0,11,6,11,19,0,36,0,0,0,36
08/16/2017,HTS,WV,AEA,CE,Combined TRACON& Tower with Radar,4,14,12,0,30,0,2,3,2,7,4,16,15,2,37,0,0,0,37
08/17/2017,HTS,WV,AEA,CE,Combined TRACON& Tower with Radar,6,10,5,2,23,0,0,0,0,0,6,10,5,2,23,0,0,0,23
08/18/2017,HTS,WV,AEA,CE,Combined TRACON& Tower with Radar,8,9,5,2,24,0,0,4,0,4,8,9,9,2,28,2,0,2,30
08/19/2017,HTS,WV,AEA,CE,Combined TRACON& Tower with Radar,1,4,10,0,15,0,2,8,2,12,1,6,18,2,27,0,0,0,27
08/20/2017,HTS,WV,AEA,CE,Combined TRACON& Tower with Radar,2,8,8,0,18,0,0,10,0,10,2,8,18,0,28,0,0,0,28
08/21/2017,HTS,WV,AEA,CE,Combined TRACON& Tower with Radar,5,12,7,0,24,0,0,7,0,7,5,12,14,0,31,0,0,0,31
08/22/2017,HTS,WV,AEA,CE,Combined TRACON& Tower with Radar,4,14,9,0,27,0,2,2,0,4,4,16,11,0,31,0,0,0,31
08/23/2017,HTS,WV,AEA,CE,Combined TRACON& Tower with Radar,4,12,13,0,29,0,0,3,0,3,4,12,16,0,32,0,0,0,32
08/24/2017,HTS,WV,AEA,CE,Combined TRACON& Tower with Radar,6,10,7,0,23,0,0,37,6,43,6,10,44,6,66,0,0,0,66
08/25/2017,HTS,WV,AEA,CE,Combined TRACON& Tower with Radar,10,12,4,0,26,0,2,4,2,8,10,14,8,2,34,0,0,0,34
08/26/2017,HTS,WV,AEA,CE,Combined TRACON& Tower with Radar,1,6,0,0,7,0,0,10,0,10,1,6,10,0,17,8,0,8,25
08/27/2017,HTS,WV,AEA,CE,Combined TRACON& Tower with Radar,2,6,0,0,8,0,0,5,0,5,2,6,5,0,13,0,0,0,13
08/28/2017,HTS,WV,AEA,CE,Combined TRACON& Tower with Radar,7,12,2,0,21,0,0,2,0,2,7,12,4,0,23,0,0,0,23
08/29/2017,HTS,WV,AEA,CE,Combined TRACON& Tower with Radar,4,12,1,0,17,0,0,4,0,4,4,12,5,0,21,20,0,20,41
08/30/2017,HTS,WV,AEA,CE,Combined TRACON& Tower with Radar,4,14,12,1,31,0,0,6,3,9,4,14,18,4,40,0,0,0,40
08/31/2017,HTS,WV,AEA,CE,Combined TRACON& Tower with Radar,6,12,11,0,29,0,0,0,0,0,6,12,11,0,29,16,0,16,45
09/01/2017,HTS,WV,AEA,CE,Combined TRACON& Tower with Radar,10,10,10,0,30,0,0,1,0,1,10,10,11,0,31,0,0,0,31
09/02/2017,HTS,WV,AEA,CE,Combined TRACON& Tower with Radar,1,6,8,0,15,0,0,0,0,0,1,6,8,0,15,0,0,0,15
09/03/2017,HTS,WV,AEA,CE,Combined TRACON& Tower with Radar,2,4,5,0,11,0,0,5,0,5,2,4,10,0,16,0,0,0,16
09/04/2017,HTS,WV,AEA,CE,Combined TRACON& Tower with Radar,4,8,8,0,20,0,2,3,1,6,4,10,11,1,26,0,0,0,26
09/05/2017,HTS,WV,AEA,CE,Combined TRACON& Tower with Radar,1,12,3,0,16,0,0,1,0,1,1,12,4,0,17,0,0,0,17
09/06/2017,HTS,WV,AEA,CE,Combined TRACON& Tower with Radar,4,14,11,6,35,0,0,13,1,14,4,14,24,7,49,0,0,0,49
09/07/2017,HTS,WV,AEA,CE,Combined TRACON& Tower with Radar,7,14,11,3,35,0,0,2,1,3,7,14,13,4,38,0,24,24,62
09/08/2017,HTS,WV,AEA,CE,Combined TRACON& Tower with Radar,8,11,11,0,30,0,0,22,0,22,8,11,33,0,52,0,0,0,52
09/09/2017,HTS,WV,AEA,CE,Combined TRACON& Tower with Radar,1,4,5,2,12,0,0,2,0,2,1,4,7,2,14,0,0,0,14
09/10/2017,HTS,WV,AEA,CE,Combined TRACON& Tower with Radar,2,10,12,0,24,0,2,13,0,15,2,12,25,0,39,0,0,0,39
09/11/2017,HTS,WV,AEA,CE,Combined TRACON& Tower with Radar,3,6,2,3,14,0,0,6,4,10,3,6,8,7,24,0,0,0,24
09/12/2017,HTS,WV,AEA,CE,Combined TRACON& Tower with Radar,4,10,3,0,17,0,0,2,0,2,4,10,5,0,19,0,0,0,19
09/13/2017,HTS,WV,AEA,CE,Combined TRACON& Tower with Radar,4,9,8,0,21,0,0,2,0,2,4,9,10,0,23,0,0,0,23
09/14/2017,HTS,WV,AEA,CE,Combined TRACON& Tower with Radar,6,9,6,0,21,0,0,0,0,0,6,9,6,0,21,0,0,0,21
09/15/2017,HTS,WV,AEA,CE,Combined TRACON& Tower with Radar,8,12,10,0,30,0,0,4,0,4,8,12,14,0,34,0,0,0,34
09/16/2017,HTS,WV,AEA,CE,Combined TRACON& Tower with Radar,1,8,5,0,14,0,0,9,0,9,1,8,14,0,23,0,0,0,23
09/17/2017,HTS,WV,AEA,CE,Combined TRACON& Tower with Radar,2,4,8,0,14,0,0,11,0,11,2,4,19,0,25,0,0,0,25
09/18/2017,HTS,WV,AEA,CE,Combined TRACON& Tower with Radar,5,12,8,0,25,0,2,7,0,9,5,14,15,0,34,0,0,0,34
09/19/2017,HTS,WV,AEA,CE,Combined TRACON& Tower with Radar,4,10,9,0,23,0,0,7,0,7,4,10,16,0,30,0,0,0,30
09/20/2017,HTS,WV,AEA,CE,Combined TRACON& Tower with Radar,4,10,16,0,30,0,2,3,1,6,4,12,19,1,36,0,0,0,36
09/21/2017,HTS,WV,AEA,CE,Combined TRACON& Tower with Radar,6,10,13,0,29,0,0,15,2,17,6,10,28,2,46,0,0,0,46
09/22/2017,HTS,WV,AEA,CE,Combined TRACON& Tower with Radar,8,12,4,0,24,0,0,6,2,8,8,12,10,2,32,0,0,0,32
09/23/2017,HTS,WV,AEA,CE,Combined TRACON& Tower with Radar,5,4,3,0,12,0,0,9,0,9,5,4,12,0,21,0,0,0,21
09/24/2017,HTS,WV,AEA,CE,Combined TRACON& Tower with Radar,2,6,4,0,12,0,0,7,0,7,2,6,11,0,19,0,0,0,19
09/25/2017,HTS,WV,AEA,CE,Combined TRACON& Tower with Radar,5,10,6,0,21,0,0,12,0,12,5,10,18,0,33,0,0,0,33
09/26/2017,HTS,WV,AEA,CE,Combined TRACON& Tower with Radar,6,10,15,0,31,0,2,9,2,13,6,12,24,2,44,0,0,0,44
09/27/2017,HTS,WV,AEA,CE,Combined TRACON& Tower with Radar,4,10,14,0,28,0,2,5,0,7,4,12,19,0,35,0,0,0,35
09/28/2017,HTS,WV,AEA,CE,Combined TRACON& Tower with Radar,8,12,10,1,31,0,1,4,6,11,8,13,14,7,42,0,0,0,42
09/29/2017,HTS,WV,AEA,CE,Combined TRACON& Tower with Radar,6,10,11,2,29,0,0,12,0,12,6,10,23,2,41,8,0,8,49
09/30/2017,HTS,WV,AEA,CE,Combined TRACON& Tower with Radar,1,6,6,0,13,0,0,3,0,3,1,6,9,0,16,10,0,10,26
10/01/2017,HTS,WV,AEA,CE,Combined TRACON& Tower with Radar,4,8,11,0,23,0,3,2,0,5,4,11,13,0,28,0,0,0,28
10/02/2017,HTS,WV,AEA,CE,Combined TRACON& Tower with Radar,3,10,6,0,19,0,2,9,0,11,3,12,15,0,30,0,0,0,30
10/03/2017,HTS,WV,AEA,CE,Combined TRACON& Tower with Radar,6,10,6,0,22,0,0,6,0,6,6,10,12,0,28,0,0,0,28
10/04/2017,HTS,WV,AEA,CE,Combined TRACON& Tower with Radar,8,12,6,0,26,0,0,9,0,9,8,12,15,0,35,0,0,0,35
10/05/2017,HTS,WV,AEA,CE,Combined TRACON& Tower with Radar,8,10,4,0,22,0,2,5,0,7,8,12,9,0,29,0,0,0,29
10/06/2017,HTS,WV,AEA,CE,Combined TRACON& Tower with Radar,8,10,7,3,28,0,0,6,3,9,8,10,13,6,37,0,0,0,37
10/07/2017,HTS,WV,AEA,CE,Combined TRACON& Tower with Radar,4,6,4,0,14,0,0,5,0,5,4,6,9,0,19,0,0,0,19
10/08/2017,HTS,WV,AEA,CE,Combined TRACON& Tower with Radar,5,5,3,0,13,0,0,1,0,1,5,5,4,0,14,0,0,0,14
10/09/2017,HTS,WV,AEA,CE,Combined TRACON& Tower with Radar,3,12,8,2,25,0,0,3,0,3,3,12,11,2,28,0,0,0,28
10/10/2017,HTS,WV,AEA,CE,Combined TRACON& Tower with Radar,6,10,13,2,31,0,0,3,0,3,6,10,16,2,34,0,0,0,34
10/11/2017,HTS,WV,AEA,CE,Combined TRACON& Tower with Radar,6,18,12,1,37,0,0,6,0,6,6,18,18,1,43,0,0,0,43
10/12/2017,HTS,WV,AEA,CE,Combined TRACON& Tower with Radar,8,10,10,0,28,0,4,7,0,11,8,14,17,0,39,0,0,0,39
10/13/2017,HTS,WV,AEA,CE,Combined TRACON& Tower with Radar,6,8,7,0,21,0,0,2,0,2,6,8,9,0,23,0,0,0,23
10/14/2017,HTS,WV,AEA,CE,Combined TRACON& Tower with Radar,5,6,6,0,17,0,0,6,0,6,5,6,12,0,23,0,0,0,23
10/15/2017,HTS,WV,AEA,CE,Combined TRACON& Tower with Radar,4,8,6,0,18,0,0,0,0,0,4,8,6,0,18,0,0,0,18
10/16/2017,HTS,WV,AEA,CE,Combined TRACON& Tower with Radar,3,12,3,2,20,0,0,2,0,2,3,12,5,2,22,0,0,0,22
10/17/2017,HTS,WV,AEA,CE,Combined TRACON& Tower with Radar,6,10,6,0,22,0,0,2,0,2,6,10,8,0,24,0,0,0,24
10/18/2017,HTS,WV,AEA,CE,Combined TRACON& Tower with Radar,6,12,10,0,28,0,0,4,3,7,6,12,14,3,35,0,0,0,35
10/19/2017,HTS,WV,AEA,CE,Combined TRACON& Tower with Radar,10,12,19,0,41,0,0,17,1,18,10,12,36,1,59,0,0,0,59
10/20/2017,HTS,WV,AEA,CE,Combined TRACON& Tower with Radar,6,10,13,0,29,0,0,9,0,9,6,10,22,0,38,0,0,0,38
10/21/2017,HTS,WV,AEA,CE,Combined TRACON& Tower with Radar,5,8,6,0,19,0,0,14,0,14,5,8,20,0,33,0,0,0,33
10/22/2017,HTS,WV,AEA,CE,Combined TRACON& Tower with Radar,4,8,6,0,18,0,0,3,0,3,4,8,9,0,21,0,0,0,21
10/23/2017,HTS,WV,AEA,CE,Combined TRACON& Tower with Radar,3,13,0,0,16,0,0,0,0,0,3,13,0,0,16,0,0,0,16
10/24/2017,HTS,WV,AEA,CE,Combined TRACON& Tower with Radar,6,15,11,0,32,0,0,4,0,4,6,15,15,0,36,0,0,0,36
10/25/2017,HTS,WV,AEA,CE,Combined TRACON& Tower with Radar,6,12,5,0,23,0,0,1,0,1,6,12,6,0,24,0,0,0,24
10/26/2017,HTS,WV,AEA,CE,Combined TRACON& Tower with Radar,8,10,11,0,29,0,0,4,3,7,8,10,15,3,36,0,0,0,36
10/27/2017,HTS,WV,AEA,CE,Combined TRACON& Tower with Radar,9,11,17,0,37,0,3,4,0,7,9,14,21,0,44,0,0,0,44
10/28/2017,HTS,WV,AEA,CE,Combined TRACON& Tower with Radar,5,6,10,0,21,0,0,0,0,0,5,6,10,0,21,0,0,0,21
10/29/2017,HTS,WV,AEA,CE,Combined TRACON& Tower with Radar,4,6,2,0,12,0,0,2,1,3,4,6,4,1,15,0,0,0,15
10/30/2017,HTS,WV,AEA,CE,Combined TRACON& Tower with Radar,3,10,8,0,21,0,0,5,0,5,3,10,13,0,26,0,0,0,26
10/31/2017,HTS,WV,AEA,CE,Combined TRACON& Tower with Radar,7,11,7,0,25,0,1,12,1,14,7,12,19,1,39,0,0,0,39
11/01/2017,HTS,WV,AEA,CE,Combined TRACON& Tower with Radar,8,9,8,0,25,0,0,0,0,0,8,9,8,0,25,0,0,0,25
11/02/2017,HTS,WV,AEA,CE,Combined TRACON& Tower with Radar,7,10,16,0,33,0,0,7,0,7,7,10,23,0,40,0,0,0,40
11/03/2017,HTS,WV,AEA,CE,Combined TRACON& Tower with Radar,6,15,6,3,30,0,0,0,0,0,6,15,6,3,30,0,0,0,30
11/04/2017,HTS,WV,AEA,CE,Combined TRACON& Tower with Radar,5,9,6,0,20,0,0,5,0,5,5,9,11,0,25,0,0,0,25
11/05/2017,HTS,WV,AEA,CE,Combined TRACON& Tower with Radar,2,6,7,2,17,0,2,1,0,3,2,8,8,2,20,0,0,0,20
11/06/2017,HTS,WV,AEA,CE,Combined TRACON& Tower with Radar,3,10,9,3,25,0,0,1,0,1,3,10,10,3,26,0,0,0,26
11/07/2017,HTS,WV,AEA,CE,Combined TRACON& Tower with Radar,6,12,7,0,25,0,0,0,0,0,6,12,7,0,25,0,0,0,25
11/08/2017,HTS,WV,AEA,CE,Combined TRACON& Tower with Radar,7,8,11,0,26,0,0,6,0,6,7,8,17,0,32,0,0,0,32
11/09/2017,HTS,WV,AEA,CE,Combined TRACON& Tower with Radar,6,10,9,0,25,0,0,15,0,15,6,10,24,0,40,0,0,0,40
11/10/2017,HTS,WV,AEA,CE,Combined TRACON& Tower with Radar,6,8,12,0,26,0,1,3,0,4,6,9,15,0,30,0,0,0,30
11/11/2017,HTS,WV,AEA,CE,Combined TRACON& Tower with Radar,3,8,2,0,13,0,3,6,0,9,3,11,8,0,22,4,0,4,26
11/12/2017,HTS,WV,AEA,CE,Combined TRACON& Tower with Radar,2,6,6,0,14,0,0,4,0,4,2,6,10,0,18,0,0,0,18
11/13/2017,HTS,WV,AEA,CE,Combined TRACON& Tower with Radar,3,8,8,0,19,0,0,0,0,0,3,8,8,0,19,0,0,0,19
11/14/2017,HTS,WV,AEA,CE,Combined TRACON& Tower with Radar,6,15,5,0,26,0,0,4,0,4,6,15,9,0,30,0,0,0,30
11/15/2017,HTS,WV,AEA,CE,Combined TRACON& Tower with Radar,4,12,6,0,22,0,0,6,0,6,4,12,12,0,28,0,0,0,28
11/16/2017,HTS,WV,AEA,CE,Combined TRACON& Tower with Radar,6,12,15,0,33,0,0,3,0,3,6,12,18,0,36,0,0,0,36
11/17/2017,HTS,WV,AEA,CE,Combined TRACON& Tower with Radar,8,10,14,2,34,0,0,18,0,18,8,10,32,2,52,36,0,36,88
11/18/2017,HTS,WV,AEA,CE,Combined TRACON& Tower with Radar,3,5,1,0,9,0,0,1,0,1,3,5,2,0,10,0,0,0,10
11/19/2017,HTS,WV,AEA,CE,Combined TRACON& Tower with Radar,6,5,3,0,14,0,0,1,0,1,6,5,4,0,15,0,0,0,15
11/20/2017,HTS,WV,AEA,CE,Combined TRACON& Tower with Radar,3,10,7,0,20,0,0,13,2,15,3,10,20,2,35,8,0,8,43
11/21/2017,HTS,WV,AEA,CE,Combined TRACON& Tower with Radar,7,10,4,0,21,0,0,6,0,6,7,10,10,0,27,0,0,0,27
11/22/2017,HTS,WV,AEA,CE,Combined TRACON& Tower with Radar,6,11,11,0,28,0,0,2,0,2,6,11,13,0,30,0,0,0,30
11/23/2017,HTS,WV,AEA,CE,Combined TRACON& Tower with Radar,2,4,0,0,6,0,0,6,0,6,2,4,6,0,12,0,0,0,12
11/24/2017,HTS,WV,AEA,CE,Combined TRACON& Tower with Radar,9,10,4,0,23,0,0,9,0,9,9,10,13,0,32,12,0,12,44
11/25/2017,HTS,WV,AEA,CE,Combined TRACON& Tower with Radar,4,9,8,0,21,0,1,8,0,9,4,10,16,0,30,0,0,0,30
11/26/2017,HTS,WV,AEA,CE,Combined TRACON& Tower with Radar,4,8,8,0,20,0,0,23,0,23,4,8,31,0,43,10,0,10,53
11/27/2017,HTS,WV,AEA,CE,Combined TRACON& Tower with Radar,5,11,14,0,30,0,0,13,0,13,5,11,27,0,43,0,0,0,43
11/28/2017,HTS,WV,AEA,CE,Combined TRACON& Tower with Radar,4,9,13,0,26,0,0,8,0,8,4,9,21,0,34,4,0,4,38
11/29/2017,HTS,WV,AEA,CE,Combined TRACON& Tower with Radar,7,10,13,0,30,0,0,6,0,6,7,10,19,0,36,0,0,0,36
11/30/2017,HTS,WV,AEA,CE,Combined TRACON& Tower with Radar,4,10,6,0,20,0,0,4,0,4,4,10,10,0,24,0,0,0,24
12/01/2017,HTS,WV,AEA,CE,Combined TRACON& Tower with Radar,8,10,6,0,24,0,0,4,0,4,8,10,10,0,28,0,0,0,28
12/02/2017,HTS,WV,AEA,CE,Combined TRACON& Tower with Radar,1,6,5,0,12,0,2,12,0,14,1,8,17,0,26,6,0,6,32
12/03/2017,HTS,WV,AEA,CE,Combined TRACON& Tower with Radar,0,5,4,0,9,0,0,10,0,10,0,5,14,0,19,0,0,0,19
12/04/2017,HTS,WV,AEA,CE,Combined TRACON& Tower with Radar,6,11,6,0,23,0,0,2,0,2,6,11,8,0,25,0,0,0,25
12/05/2017,HTS,WV,AEA,CE,Combined TRACON& Tower with Radar,4,11,2,1,18,0,0,0,0,0,4,11,2,1,18,0,0,0,18
12/06/2017,HTS,WV,AEA,CE,Combined TRACON& Tower with Radar,7,14,11,2,34,0,0,25,1,26,7,14,36,3,60,0,0,0,60
12/07/2017,HTS,WV,AEA,CE,Combined TRACON& Tower with Radar,4,12,6,0,22,0,2,3,1,6,4,14,9,1,28,0,0,0,28
12/08/2017,HTS,WV,AEA,CE,Combined TRACON& Tower with Radar,9,10,11,0,30,0,2,3,0,5,9,12,14,0,35,10,0,10,45
12/09/2017,HTS,WV,AEA,CE,Combined TRACON& Tower with Radar,1,4,5,0,10,0,0,9,0,9,1,4,14,0,19,0,0,0,19
12/10/2017,HTS,WV,AEA,CE,Combined TRACON& Tower with Radar,0,6,3,0,9,0,0,5,0,5,0,6,8,0,14,0,0,0,14
12/11/2017,HTS,WV,AEA,CE,Combined TRACON& Tower with Radar,5,14,11,0,30,0,2,5,0,7,5,16,16,0,37,0,0,0,37
12/12/2017,HTS,WV,AEA,CE,Combined TRACON& Tower with Radar,6,12,2,0,20,0,0,0,0,0,6,12,2,0,20,0,0,0,20
12/13/2017,HTS,WV,AEA,CE,Combined TRACON& Tower with Radar,9,10,5,0,24,0,0,2,0,2,9,10,7,0,26,0,0,0,26
12/14/2017,HTS,WV,AEA,CE,Combined TRACON& Tower with Radar,5,10,5,0,20,0,0,19,0,19,5,10,24,0,39,0,0,0,39
12/15/2017,HTS,WV,AEA,CE,Combined TRACON& Tower with Radar,9,12,9,0,30,0,0,3,0,3,9,12,12,0,33,0,0,0,33
12/16/2017,HTS,WV,AEA,CE,Combined TRACON& Tower with Radar,3,10,0,0,13,0,0,11,3,14,3,10,11,3,27,0,0,0,27
12/17/2017,HTS,WV,AEA,CE,Combined TRACON& Tower with Radar,7,8,6,2,23,0,0,8,10,18,7,8,14,12,41,0,0,0,41
12/18/2017,HTS,WV,AEA,CE,Combined TRACON& Tower with Radar,7,14,6,0,27,0,0,1,0,1,7,14,7,0,28,0,0,0,28
12/19/2017,HTS,WV,AEA,CE,Combined TRACON& Tower with Radar,4,9,7,0,20,0,0,6,3,9,4,9,13,3,29,0,0,0,29
12/20/2017,HTS,WV,AEA,CE,Combined TRACON& Tower with Radar,6,11,9,2,28,0,4,5,4,13,6,15,14,6,41,0,0,0,41
12/21/2017,HTS,WV,AEA,CE,Combined TRACON& Tower with Radar,6,15,13,0,34,0,1,6,4,11,6,16,19,4,45,0,0,0,45
12/22/2017,HTS,WV,AEA,CE,Combined TRACON& Tower with Radar,9,17,4,0,30,0,0,0,0,0,9,17,4,0,30,0,0,0,30
12/23/2017,HTS,WV,AEA,CE,Combined TRACON& Tower with Radar,5,7,1,0,13,0,0,0,0,0,5,7,1,0,13,0,0,0,13
12/24/2017,HTS,WV,AEA,CE,Combined TRACON& Tower with Radar,2,6,3,0,11,0,0,0,0,0,2,6,3,0,11,0,0,0,11
12/25/2017,HTS,WV,AEA,CE,Combined TRACON& Tower with Radar,4,6,2,0,12,0,0,1,0,1,4,6,3,0,13,0,0,0,13
12/26/2017,HTS,WV,AEA,CE,Combined TRACON& Tower with Radar,5,11,3,0,19,0,0,4,0,4,5,11,7,0,23,0,0,0,23
12/27/2017,HTS,WV,AEA,CE,Combined TRACON& Tower with Radar,7,11,8,0,26,0,0,5,0,5,7,11,13,0,31,0,0,0,31
12/28/2017,HTS,WV,AEA,CE,Combined TRACON& Tower with Radar,6,13,2,1,22,0,0,1,0,1,6,13,3,1,23,0,0,0,23
12/29/2017,HTS,WV,AEA,CE,Combined TRACON& Tower with Radar,8,12,8,0,28,0,0,2,0,2,8,12,10,0,30,0,0,0,30
12/30/2017,HTS,WV,AEA,CE,Combined TRACON& Tower with Radar,5,6,4,0,15,0,0,0,0,0,5,6,4,0,15,0,0,0,15
12/31/2017,HTS,WV,AEA,CE,Combined TRACON& Tower with Radar,2,8,3,0,13,0,0,3,0,3,2,8,6,0,16,0,0,0,16
01/01/2018,HTS,WV,AEA,CE,Combined TRACON& Tower with Radar,4,7,3,0,14,0,0,2,0,2,4,7,5,0,16,0,0,0,16
01/02/2018,HTS,WV,AEA,CE,Combined TRACON& Tower with Radar,5,11,4,0,20,0,0,9,0,9,5,11,13,0,29,0,0,0,29
01/03/2018,HTS,WV,AEA,CE,Combined TRACON& Tower with Radar,6,10,4,0,20,0,0,5,0,5,6,10,9,0,25,0,0,0,25
01/04/2018,HTS,WV,AEA,CE,Combined TRACON& Tower with Radar,4,10,7,5,26,0,0,0,0,0,4,10,7,5,26,0,30,30,56
01/05/2018,HTS,WV,AEA,CE,Combined TRACON& Tower with Radar,8,11,2,0,21,0,0,0,0,0,8,11,2,0,21,0,0,0,21
01/06/2018,HTS,WV,AEA,CE,Combined TRACON& Tower with Radar,1,7,1,0,9,0,0,6,0,6,1,7,7,0,15,0,0,0,15
01/07/2018,HTS,WV,AEA,CE,Combined TRACON& Tower with Radar,0,6,3,0,9,0,0,8,0,8,0,6,11,0,17,0,0,0,17
01/08/2018,HTS,WV,AEA,CE,Combined TRACON& Tower with Radar,6,8,9,0,23,0,0,0,0,0,6,8,9,0,23,0,0,0,23
01/09/2018,HTS,WV,AEA,CE,Combined TRACON& Tower with Radar,4,10,13,0,27,0,0,4,1,5,4,10,17,1,32,0,0,0,32
01/10/2018,HTS,WV,AEA,CE,Combined TRACON& Tower with Radar,6,10,5,2,23,0,0,8,1,9,6,10,13,3,32,0,0,0,32
01/11/2018,HTS,WV,AEA,CE,Combined TRACON& Tower with Radar,4,10,9,0,23,0,0,4,0,4,4,10,13,0,27,0,0,0,27
01/12/2018,HTS,WV,AEA,CE,Combined TRACON& Tower with Radar,8,8,6,0,22,0,0,1,0,1,8,8,7,0,23,0,0,0,23
01/13/2018,HTS,WV,AEA,CE,Combined TRACON& Tower with Radar,1,8,0,0,9,0,0,0,0,0,1,8,0,0,9,0,0,0,9
01/14/2018,HTS,WV,AEA,CE,Combined TRACON& Tower with Radar,0,13,5,0,18,0,2,5,0,7,0,15,10,0,25,0,0,0,25
01/15/2018,HTS,WV,AEA,CE,Combined TRACON& Tower with Radar,5,15,5,0,25,0,1,4,0,5,5,16,9,0,30,0,0,0,30
01/16/2018,HTS,WV,AEA,CE,Combined TRACON& Tower with Radar,1,2,0,0,3,0,0,0,0,0,1,2,0,0,3,0,0,0,3
01/17/2018,HTS,WV,AEA,CE,Combined TRACON& Tower with Radar,6,9,11,2,28,0,0,3,18,21,6,9,14,20,49,0,8,8,57
01/18/2018,HTS,WV,AEA,CE,Combined TRACON& Tower with Radar,4,10,4,0,18,0,5,1,0,6,4,15,5,0,24,4,0,4,28
01/19/2018,HTS,WV,AEA,CE,Combined TRACON& Tower with Radar,10,12,11,0,33,0,0,6,2,8,10,12,17,2,41,0,0,0,41
01/20/2018,HTS,WV,AEA,CE,Combined TRACON& Tower with Radar,3,4,2,0,9,0,0,4,0,4,3,4,6,0,13,0,0,0,13
01/21/2018,HTS,WV,AEA,CE,Combined TRACON& Tower with Radar,0,5,6,0,11,0,0,2,0,2,0,5,8,0,13,0,0,0,13
01/22/2018,HTS,WV,AEA,CE,Combined TRACON& Tower with Radar,6,10,7,0,23,0,0,2,3,5,6,10,9,3,28,0,0,0,28
01/23/2018,HTS,WV,AEA,CE,Combined TRACON& Tower with Radar,5,12,4,2,23,0,0,0,0,0,5,12,4,2,23,0,0,0,23
01/24/2018,HTS,WV,AEA,CE,Combined TRACON& Tower with Radar,6,9,10,2,27,0,2,1,0,3,6,11,11,2,30,0,0,0,30
01/25/2018,HTS,WV,AEA,CE,Combined TRACON& Tower with Radar,4,10,6,0,20,0,0,10,3,13,4,10,16,3,33,0,0,0,33
01/26/2018,HTS,WV,AEA,CE,Combined TRACON& Tower with Radar,8,14,8,0,30,0,0,12,0,12,8,14,20,0,42,0,0,0,42
01/27/2018,HTS,WV,AEA,CE,Combined TRACON& Tower with Radar,1,6,4,0,11,0,0,6,0,6,1,6,10,0,17,10,0,10,27
01/28/2018,HTS,WV,AEA,CE,Combined TRACON& Tower with Radar,0,4,10,0,14,0,0,6,0,6,0,4,16,0,20,0,0,0,20
01/29/2018,HTS,WV,AEA,CE,Combined TRACON& Tower with Radar,7,8,9,0,24,0,0,2,0,2,7,8,11,0,26,0,0,0,26
01/30/2018,HTS,WV,AEA,CE,Combined TRACON& Tower with Radar,4,13,11,0,28,0,0,16,5,21,4,13,27,5,49,0,0,0,49
01/31/2018,HTS,WV,AEA,CE,Combined TRACON& Tower with Radar,7,8,6,0,21,0,0,7,0,7,7,8,13,0,28,0,0,0,28
02/01/2018,HTS,WV,AEA,CE,Combined TRACON& Tower with Radar,8,14,3,0,25,0,1,0,0,1,8,15,3,0,26,0,0,0,26
02/02/2018,HTS,WV,AEA,CE,Combined TRACON& Tower with Radar,10,14,4,0,28,0,1,1,0,2,10,15,5,0,30,0,0,0,30
02/03/2018,HTS,WV,AEA,CE,Combined TRACON& Tower with Radar,1,8,4,2,15,0,0,9,0,9,1,8,13,2,24,0,0,0,24
02/04/2018,HTS,WV,AEA,CE,Combined TRACON& Tower with Radar,0,5,2,0,7,0,1,0,0,1,0,6,2,0,8,0,0,0,8
02/05/2018,HTS,WV,AEA,CE,Combined TRACON& Tower with Radar,7,8,13,2,30,0,1,2,2,5,7,9,15,4,35,0,0,0,35
02/06/2018,HTS,WV,AEA,CE,Combined TRACON& Tower with Radar,5,10,9,0,24,0,1,0,0,1,5,11,9,0,25,0,0,0,25
02/07/2018,HTS,WV,AEA,CE,Combined TRACON& Tower with Radar,7,8,1,0,16,0,1,0,0,1,7,9,1,0,17,0,0,0,17
02/08/2018,HTS,WV,AEA,CE,Combined TRACON& Tower with Radar,4,8,4,0,16,0,0,4,2,6,4,8,8,2,22,0,0,0,22
02/09/2018,HTS,WV,AEA,CE,Combined TRACON& Tower with Radar,9,8,13,0,30,0,0,11,0,11,9,8,24,0,41,3,0,3,44
02/10/2018,HTS,WV,AEA,CE,Combined TRACON& Tower with Radar,1,6,7,0,14,0,1,0,0,1,1,7,7,0,15,0,0,0,15
02/11/2018,HTS,WV,AEA,CE,Combined TRACON& Tower with Radar,0,4,13,0,17,0,0,0,0,0,0,4,13,0,17,0,0,0,17
02/12/2018,HTS,WV,AEA,CE,Combined TRACON& Tower with Radar,5,8,6,0,19,0,1,7,0,8,5,9,13,0,27,6,0,6,33
02/13/2018,HTS,WV,AEA,CE,Combined TRACON& Tower with Radar,4,10,7,2,23,0,0,8,0,8,4,10,15,2,31,0,0,0,31
02/14/2018,HTS,WV,AEA,CE,Combined TRACON& Tower with Radar,6,9,10,0,25,0,0,0,0,0,6,9,10,0,25,0,0,0,25
02/15/2018,HTS,WV,AEA,CE,Combined TRACON& Tower with Radar,6,12,5,0,23,0,0,3,0,3,6,12,8,0,26,0,0,0,26
02/16/2018,HTS,WV,AEA,CE,Combined TRACON& Tower with Radar,7,12,8,0,27,0,0,2,0,2,7,12,10,0,29,0,0,0,29
02/17/2018,HTS,WV,AEA,CE,Combined TRACON& Tower with Radar,1,4,3,0,8,0,0,2,0,2,1,4,5,0,10,0,0,0,10
02/18/2018,HTS,WV,AEA,CE,Combined TRACON& Tower with Radar,2,8,4,0,14,0,0,6,0,6,2,8,10,0,20,18,0,18,38
02/19/2018,HTS,WV,AEA,CE,Combined TRACON& Tower with Radar,3,10,6,0,19,0,0,4,0,4,3,10,10,0,23,0,0,0,23
02/20/2018,HTS,WV,AEA,CE,Combined TRACON& Tower with Radar,6,8,6,0,20,0,2,16,5,23,6,10,22,5,43,0,0,0,43
02/21/2018,HTS,WV,AEA,CE,Combined TRACON& Tower with Radar,6,10,7,0,23,0,0,2,0,2,6,10,9,0,25,0,0,0,25
02/22/2018,HTS,WV,AEA,CE,Combined TRACON& Tower with Radar,9,12,3,0,24,0,0,0,0,0,9,12,3,0,24,0,0,0,24
02/23/2018,HTS,WV,AEA,CE,Combined TRACON& Tower with Radar,6,12,4,0,22,0,0,4,0,4,6,12,8,0,26,0,0,0,26
02/24/2018,HTS,WV,AEA,CE,Combined TRACON& Tower with Radar,1,5,1,2,9,0,0,0,0,0,1,5,1,2,9,0,0,0,9
02/25/2018,HTS,WV,AEA,CE,Combined TRACON& Tower with Radar,2,5,5,0,12,0,0,8,0,8,2,5,13,0,20,0,0,0,20
02/26/2018,HTS,WV,AEA,CE,Combined TRACON& Tower with Radar,3,10,9,3,25,0,4,10,1,15,3,14,19,4,40,0,0,0,40
02/27/2018,HTS,WV,AEA,CE,Combined TRACON& Tower with Radar,6,11,11,0,28,0,0,21,6,27,6,11,32,6,55,0,0,0,55
02/28/2018,HTS,WV,AEA,CE,Combined TRACON& Tower with Radar,6,13,4,0,23,0,0,10,0,10,6,13,14,0,33,0,0,0,33
03/01/2018,HTS,WV,AEA,CE,Combined TRACON& Tower with Radar,9,10,2,2,23,0,0,0,0,0,9,10,2,2,23,0,0,0,23
03/02/2018,HTS,WV,AEA,CE,Combined TRACON& Tower with Radar,12,11,8,0,31,0,0,3,0,3,12,11,11,0,34,0,0,0,34
03/03/2018,HTS,WV,AEA,CE,Combined TRACON& Tower with Radar,1,7,6,0,14,0,2,21,0,23,1,9,27,0,37,0,0,0,37
03/04/2018,HTS,WV,AEA,CE,Combined TRACON& Tower with Radar,2,7,10,0,19,0,0,20,0,20,2,7,30,0,39,9,0,9,48
03/05/2018,HTS,WV,AEA,CE,Combined TRACON& Tower with Radar,3,12,9,0,24,0,0,7,0,7,3,12,16,0,31,0,0,0,31
03/06/2018,HTS,WV,AEA,CE,Combined TRACON& Tower with Radar,6,12,15,0,33,0,2,10,0,12,6,14,25,0,45,0,0,0,45
03/07/2018,HTS,WV,AEA,CE,Combined TRACON& Tower with Radar,8,10,0,0,18,0,0,2,0,2,8,10,2,0,20,0,0,0,20
03/08/2018,HTS,WV,AEA,CE,Combined TRACON& Tower with Radar,6,12,10,0,28,0,0,3,0,3,6,12,13,0,31,0,0,0,31
03/09/2018,HTS,WV,AEA,CE,Combined TRACON& Tower with Radar,6,16,5,0,27,0,2,4,0,6,6,18,9,0,33,0,0,0,33
03/10/2018,HTS,WV,AEA,CE,Combined TRACON& Tower with Radar,1,6,6,1,14,0,0,5,1,6,1,6,11,2,20,0,0,0,20
03/11/2018,HTS,WV,AEA,CE,Combined TRACON& Tower with Radar,2,7,5,0,14,0,0,8,0,8,2,7,13,0,22,1,0,1,23
03/12/2018,HTS,WV,AEA,CE,Combined TRACON& Tower with Radar,3,10,9,2,24,0,0,6,0,6,3,10,15,2,30,4,0,4,34
03/13/2018,HTS,WV,AEA,CE,Combined TRACON& Tower with Radar,7,12,7,2,28,0,0,4,0,4,7,12,11,2,32,0,0,0,32
03/14/2018,HTS,WV,AEA,CE,Combined TRACON& Tower with Radar,8,10,2,0,20,0,0,0,0,0,8,10,2,0,20,0,0,0,20
03/15/2018,HTS,WV,AEA,CE,Combined TRACON& Tower with Radar,8,10,2,0,20,0,2,1,0,3,8,12,3,0,23,0,0,0,23
03/16/2018,HTS,WV,AEA,CE,Combined TRACON& Tower with Radar,6,10,5,0,21,0,0,7,3,10,6,10,12,3,31,0,0,0,31
03/17/2018,HTS,WV,AEA,CE,Combined TRACON& Tower with Radar,3,6,2,0,11,0,0,0,0,0,3,6,2,0,11,0,0,0,11
03/18/2018,HTS,WV,AEA,CE,Combined TRACON& Tower with Radar,2,7,4,0,13,0,0,8,0,8,2,7,12,0,21,0,0,0,21
03/19/2018,HTS,WV,AEA,CE,Combined TRACON& Tower with Radar,4,10,5,0,19,0,2,10,0,12,4,12,15,0,31,0,0,0,31
03/20/2018,HTS,WV,AEA,CE,Combined TRACON& Tower with Radar,7,12,16,0,35,0,0,0,0,0,7,12,16,0,35,0,0,0,35
03/21/2018,HTS,WV,AEA,CE,Combined TRACON& Tower with Radar,6,10,0,0,16,0,0,0,0,0,6,10,0,0,16,0,0,0,16
03/22/2018,HTS,WV,AEA,CE,Combined TRACON& Tower with Radar,6,10,13,0,29,0,1,6,0,7,6,11,19,0,36,10,0,10,46
03/23/2018,HTS,WV,AEA,CE,Combined TRACON& Tower with Radar,6,10,3,0,19,0,2,22,2,26,6,12,25,2,45,16,0,16,61
03/24/2018,HTS,WV,AEA,CE,Combined TRACON& Tower with Radar,3,8,0,0,11,0,0,3,0,3,3,8,3,0,14,0,0,0,14
03/25/2018,HTS,WV,AEA,CE,Combined TRACON& Tower with Radar,2,8,2,0,12,0,0,4,0,4,2,8,6,0,16,0,0,0,16
03/26/2018,HTS,WV,AEA,CE,Combined TRACON& Tower with Radar,3,10,4,0,17,0,2,7,0,9,3,12,11,0,26,0,0,0,26
03/27/2018,HTS,WV,AEA,CE,Combined TRACON& Tower with Radar,6,11,13,2,32,0,0,0,0,0,6,11,13,2,32,0,0,0,32
03/28/2018,HTS,WV,AEA,CE,Combined TRACON& Tower with Radar,6,11,6,0,23,0,0,1,0,1,6,11,7,0,24,0,0,0,24
03/29/2018,HTS,WV,AEA,CE,Combined TRACON& Tower with Radar,6,11,7,0,24,0,0,0,0,0,6,11,7,0,24,0,0,0,24
03/30/2018,HTS,WV,AEA,CE,Combined TRACON& Tower with Radar,6,10,6,0,22,0,2,3,0,5,6,12,9,0,27,0,0,0,27
03/31/2018,HTS,WV,AEA,CE,Combined TRACON& Tower with Radar,3,6,3,0,12,0,0,10,0,10,3,6,13,0,22,0,0,0,22
04/01/2018,HTS,WV,AEA,CE,Combined TRACON& Tower with Radar,2,6,5,2,15,0,0,3,0,3,2,6,8,2,18,0,0,0,18
04/02/2018,HTS,WV,AEA,CE,Combined TRACON& Tower with Radar,3,10,4,0,17,0,0,2,0,2,3,10,6,0,19,0,0,0,19
04/03/2018,HTS,WV,AEA,CE,Combined TRACON& Tower with Radar,6,12,4,2,24,0,1,2,0,3,6,13,6,2,27,0,0,0,27
04/04/2018,HTS,WV,AEA,CE,Combined TRACON& Tower with Radar,3,9,0,0,12,0,1,0,0,1,3,10,0,0,13,0,0,0,13
04/05/2018,HTS,WV,AEA,CE,Combined TRACON& Tower with Radar,6,10,9,3,28,0,0,18,2,20,6,10,27,5,48,6,0,6,54
04/06/2018,HTS,WV,AEA,CE,Combined TRACON& Tower with Radar,7,13,7,0,27,0,2,6,1,9,7,15,13,1,36,0,0,0,36
04/07/2018,HTS,WV,AEA,CE,Combined TRACON& Tower with Radar,1,10,0,0,11,0,1,2,0,3,1,11,2,0,14,0,0,0,14
04/08/2018,HTS,WV,AEA,CE,Combined TRACON& Tower with Radar,2,7,8,0,17,0,0,10,0,10,2,7,18,0,27,0,0,0,27
04/09/2018,HTS,WV,AEA,CE,Combined TRACON& Tower with Radar,3,10,4,0,17,0,0,2,0,2,3,10,6,0,19,0,0,0,19
04/10/2018,HTS,WV,AEA,CE,Combined TRACON& Tower with Radar,7,12,18,0,37,0,0,8,4,12,7,12,26,4,49,0,0,0,49
04/11/2018,HTS,WV,AEA,CE,Combined TRACON& Tower with Radar,6,10,9,0,25,0,0,15,0,15,6,10,24,0,40,0,0,0,40
04/12/2018,HTS,WV,AEA,CE,Combined TRACON& Tower with Radar,7,12,9,0,28,0,6,3,0,9,7,18,12,0,37,0,0,0,37
04/13/2018,HTS,WV,AEA,CE,Combined TRACON& Tower with Radar,6,14,8,0,28,0,0,2,0,2,6,14,10,0,30,16,0,16,46
04/14/2018,HTS,WV,AEA,CE,Combined TRACON& Tower with Radar,1,6,5,0,12,0,0,9,0,9,1,6,14,0,21,4,0,4,25
04/15/2018,HTS,WV,AEA,CE,Combined TRACON& Tower with Radar,2,4,0,2,8,0,0,0,0,0,2,4,0,2,8,0,0,0,8
04/16/2018,HTS,WV,AEA,CE,Combined TRACON& Tower with Radar,3,10,5,6,24,0,0,1,0,1,3,10,6,6,25,0,0,0,25
04/17/2018,HTS,WV,AEA,CE,Combined TRACON& Tower with Radar,6,10,13,1,30,0,0,3,8,11,6,10,16,9,41,0,0,0,41
04/18/2018,HTS,WV,AEA,CE,Combined TRACON& Tower with Radar,7,10,4,0,21,0,0,9,2,11,7,10,13,2,32,6,0,6,38
04/19/2018,HTS,WV,AEA,CE,Combined TRACON& Tower with Radar,6,14,0,0,20,0,0,0,1,1,6,14,0,1,21,0,0,0,21
04/20/2018,HTS,WV,AEA,CE,Combined TRACON& Tower with Radar,6,12,9,0,27,0,0,24,0,24,6,12,33,0,51,13,0,13,64
04/21/2018,HTS,WV,AEA,CE,Combined TRACON& Tower with Radar,1,7,5,0,13,0,2,17,0,19,1,9,22,0,32,0,0,0,32
04/22/2018,HTS,WV,AEA,CE,Combined TRACON& Tower with Radar,4,8,10,0,22,0,0,28,0,28,4,8,38,0,50,2,0,2,52
04/23/2018,HTS,WV,AEA,CE,Combined TRACON& Tower with Radar,2,13,4,0,19,0,0,6,0,6,2,13,10,0,25,0,0,0,25
04/24/2018,HTS,WV,AEA,CE,Combined TRACON& Tower with Radar,6,10,12,0,28,0,0,0,0,0,6,10,12,0,28,0,0,0,28
04/25/2018,HTS,WV,AEA,CE,Combined TRACON& Tower with Radar,6,11,11,2,30,0,0,0,0,0,6,11,11,2,30,0,0,0,30
04/26/2018,HTS,WV,AEA,CE,Combined TRACON& Tower with Radar,6,14,12,0,32,0,0,7,0,7,6,14,19,0,39,0,0,0,39
04/27/2018,HTS,WV,AEA,CE,Combined TRACON& Tower with Radar,6,10,9,6,31,0,0,8,0,8,6,10,17,6,39,1,0,1,40
04/28/2018,HTS,WV,AEA,CE,Combined TRACON& Tower with Radar,1,8,11,0,20,0,0,12,0,12,1,8,23,0,32,0,0,0,32
04/29/2018,HTS,WV,AEA,CE,Combined TRACON& Tower with Radar,2,6,14,0,22,0,0,19,0,19,2,6,33,0,41,2,0,2,43
04/30/2018,HTS,WV,AEA,CE,Combined TRACON& Tower with Radar,3,14,4,0,21,0,0,13,0,13,3,14,17,0,34,0,0,0,34
05/01/2018,HTS,WV,AEA,CE,Combined TRACON& Tower with Radar,6,10,14,0,30,0,0,13,0,13,6,10,27,0,43,0,0,0,43
05/02/2018,HTS,WV,AEA,CE,Combined TRACON& Tower with Radar,6,14,6,0,26,0,2,7,0,9,6,16,13,0,35,0,0,0,35
05/03/2018,HTS,WV,AEA,CE,Combined TRACON& Tower with Radar,6,14,14,0,34,0,0,13,0,13,6,14,27,0,47,0,0,0,47
05/04/2018,HTS,WV,AEA,CE,Combined TRACON& Tower with Radar,6,10,8,0,24,0,0,2,0,2,6,10,10,0,26,0,0,0,26
05/05/2018,HTS,WV,AEA,CE,Combined TRACON& Tower with Radar,1,6,8,4,19,0,0,0,0,0,1,6,8,4,19,0,0,0,19
05/06/2018,HTS,WV,AEA,CE,Combined TRACON& Tower with Radar,3,6,8,0,17,0,0,4,0,4,3,6,12,0,21,4,0,4,25
05/07/2018,HTS,WV,AEA,CE,Combined TRACON& Tower with Radar,3,10,11,0,24,0,2,5,0,7,3,12,16,0,31,0,0,0,31
05/08/2018,HTS,WV,AEA,CE,Combined TRACON& Tower with Radar,6,12,11,2,31,0,0,13,0,13,6,12,24,2,44,0,0,0,44
05/09/2018,HTS,WV,AEA,CE,Combined TRACON& Tower with Radar,6,11,9,3,29,0,0,4,1,5,6,11,13,4,34,0,21,21,55
05/10/2018,HTS,WV,AEA,CE,Combined TRACON& Tower with Radar,7,12,11,4,34,0,0,0,0,0,7,12,11,4,34,0,0,0,34
05/11/2018,HTS,WV,AEA,CE,Combined TRACON& Tower with Radar,6,10,7,0,23,0,0,10,0,10,6,10,17,0,33,0,0,0,33
05/12/2018,HTS,WV,AEA,CE,Combined TRACON& Tower with Radar,1,11,4,0,16,0,0,8,0,8,1,11,12,0,24,12,0,12,36
05/13/2018,HTS,WV,AEA,CE,Combined TRACON& Tower with Radar,2,6,7,0,15,0,0,10,0,10,2,6,17,0,25,14,0,14,39
05/14/2018,HTS,WV,AEA,CE,Combined TRACON& Tower with Radar,3,14,7,0,24,0,0,11,0,11,3,14,18,0,35,0,0,0,35
05/15/2018,HTS,WV,AEA,CE,Combined TRACON& Tower with Radar,6,10,18,3,37,0,2,14,0,16,6,12,32,3,53,0,0,0,53
05/16/2018,HTS,WV,AEA,CE,Combined TRACON& Tower with Radar,10,8,15,2,35,0,0,4,0,4,10,8,19,2,39,0,0,0,39
05/17/2018,HTS,WV,AEA,CE,Combined TRACON& Tower with Radar,6,12,6,0,24,0,0,6,0,6,6,12,12,0,30,0,0,0,30
05/18/2018,HTS,WV,AEA,CE,Combined TRACON& Tower with Radar,11,14,4,4,33,0,0,2,0,2,11,14,6,4,35,0,0,0,35
05/19/2018,HTS,WV,AEA,CE,Combined TRACON& Tower with Radar,5,8,3,0,16,0,2,4,0,6,5,10,7,0,22,0,0,0,22
05/20/2018,HTS,WV,AEA,CE,Combined TRACON& Tower with Radar,2,6,8,0,16,0,0,8,0,8,2,6,16,0,24,10,0,10,34
05/21/2018,HTS,WV,AEA,CE,Combined TRACON& Tower with Radar,7,12,9,0,28,0,0,6,0,6,7,12,15,0,34,0,0,0,34
05/22/2018,HTS,WV,AEA,CE,Combined TRACON& Tower with Radar,4,10,6,0,20,0,0,10,1,11,4,10,16,1,31,0,0,0,31
05/23/2018,HTS,WV,AEA,CE,Combined TRACON& Tower with Radar,8,10,8,0,26,0,0,11,2,13,8,10,19,2,39,0,0,0,39
05/24/2018,HTS,WV,AEA,CE,Combined TRACON& Tower with Radar,4,10,15,1,30,0,2,27,1,30,4,12,42,2,60,0,0,0,60
05/25/2018,HTS,WV,AEA,CE,Combined TRACON& Tower with Radar,12,16,7,0,35,0,0,17,1,18,12,16,24,1,53,0,0,0,53
05/26/2018,HTS,WV,AEA,CE,Combined TRACON& Tower with Radar,5,6,3,0,14,0,2,0,0,2,5,8,3,0,16,0,0,0,16
05/27/2018,HTS,WV,AEA,CE,Combined TRACON& Tower with Radar,0,5,0,0,5,0,1,2,0,3,0,6,2,0,8,3,0,3,11
05/28/2018,HTS,WV,AEA,CE,Combined TRACON& Tower with Radar,10,8,4,1,23,0,0,0,0,0,10,8,4,1,23,0,0,0,23
05/29/2018,HTS,WV,AEA,CE,Combined TRACON& Tower with Radar,5,10,6,2,23,0,7,4,0,11,5,17,10,2,34,0,0,0,34
05/30/2018,HTS,WV,AEA,CE,Combined TRACON& Tower with Radar,10,10,7,0,27,0,0,6,0,6,10,10,13,0,33,0,0,0,33
05/31/2018,HTS,WV,AEA,CE,Combined TRACON& Tower with Radar,6,15,3,0,24,0,0,9,0,9,6,15,12,0,33,0,0,0,33
06/01/2018,HTS,WV,AEA,CE,Combined TRACON& Tower with Radar,10,13,9,0,32,0,2,4,0,6,10,15,13,0,38,0,0,0,38
06/02/2018,HTS,WV,AEA,CE,Combined TRACON& Tower with Radar,5,6,3,0,14,0,2,0,0,2,5,8,3,0,16,6,0,6,22
06/03/2018,HTS,WV,AEA,CE,Combined TRACON& Tower with Radar,0,5,0,0,5,0,1,2,0,3,0,6,2,0,8,5,0,5,13
06/04/2018,HTS,WV,AEA,CE,Combined TRACON& Tower with Radar,9,10,2,0,21,0,1,3,0,4,9,11,5,0,25,0,0,0,25
06/05/2018,HTS,WV,AEA,CE,Combined TRACON& Tower with Radar,8,12,8,0,28,1,1,8,0,10,9,13,16,0,38,0,0,0,38
06/06/2018,HTS,WV,AEA,CE,Combined TRACON& Tower with Radar,8,11,4,6,29,0,0,13,8,21,8,11,17,14,50,1,1,2,52
06/07/2018,HTS,WV,AEA,CE,Combined TRACON& Tower with Radar,9,14,7,0,30,0,1,14,2,17,9,15,21,2,47,2,0,2,49
06/08/2018,HTS,WV,AEA,CE,Combined TRACON& Tower with Radar,8,10,14,0,32,0,0,19,2,21,8,10,33,2,53,0,0,0,53
06/09/2018,HTS,WV,AEA,CE,Combined TRACON& Tower with Radar,7,6,8,0,21,0,0,14,0,14,7,6,22,0,35,0,0,0,35
06/10/2018,HTS,WV,AEA,CE,Combined TRACON& Tower with Radar,4,8,3,0,15,0,1,6,2,9,4,9,9,2,24,0,0,0,24
06/11/2018,HTS,WV,AEA,CE,Combined TRACON& Tower with Radar,5,12,8,0,25,0,0,12,0,12,5,12,20,0,37,0,0,0,37
06/12/2018,HTS,WV,AEA,CE,Combined TRACON& Tower with Radar,10,10,3,0,23,0,0,1,0,1,10,10,4,0,24,0,0,0,24
06/13/2018,HTS,WV,AEA,CE,Combined TRACON& Tower with Radar,8,10,5,18,41,0,0,4,4,8,8,10,9,22,49,6,0,6,55
06/14/2018,HTS,WV,AEA,CE,Combined TRACON& Tower with Radar,8,14,7,2,31,0,1,18,2,21,8,15,25,4,52,0,0,0,52
06/15/2018,HTS,WV,AEA,CE,Combined TRACON& Tower with Radar,8,8,6,0,22,0,0,21,0,21,8,8,27,0,43,0,0,0,43
06/16/2018,HTS,WV,AEA,CE,Combined TRACON& Tower with Radar,7,3,3,0,13,0,0,21,0,21,7,3,24,0,34,26,0,26,60
06/17/2018,HTS,WV,AEA,CE,Combined TRACON& Tower with Radar,4,3,5,0,12,0,0,9,0,9,4,3,14,0,21,0,0,0,21
06/18/2018,HTS,WV,AEA,CE,Combined TRACON& Tower with Radar,5,8,4,0,17,0,0,12,0,12,5,8,16,0,29,0,0,0,29
06/19/2018,HTS,WV,AEA,CE,Combined TRACON& Tower with Radar,10,5,4,0,19,0,0,11,0,11,10,5,15,0,30,0,0,0,30
06/20/2018,HTS,WV,AEA,CE,Combined TRACON& Tower with Radar,8,11,9,0,28,0,0,9,0,9,8,11,18,0,37,0,0,0,37
06/21/2018,HTS,WV,AEA,CE,Combined TRACON& Tower with Radar,8,11,13,0,32,0,0,0,0,0,8,11,13,0,32,0,0,0,32
06/22/2018,HTS,WV,AEA,CE,Combined TRACON& Tower with Radar,8,11,14,0,33,0,0,2,1,3,8,11,16,1,36,0,0,0,36
06/23/2018,HTS,WV,AEA,CE,Combined TRACON& Tower with Radar,7,7,2,1,17,0,0,0,0,0,7,7,2,1,17,0,0,0,17
06/24/2018,HTS,WV,AEA,CE,Combined TRACON& Tower with Radar,4,5,5,0,14,0,0,7,0,7,4,5,12,0,21,0,0,0,21
06/25/2018,HTS,WV,AEA,CE,Combined TRACON& Tower with Radar,5,9,8,0,22,0,0,1,0,1,5,9,9,0,23,0,0,0,23
06/26/2018,HTS,WV,AEA,CE,Combined TRACON& Tower with Radar,10,12,10,0,32,0,0,2,0,2,10,12,12,0,34,0,0,0,34
06/27/2018,HTS,WV,AEA,CE,Combined TRACON& Tower with Radar,8,10,12,0,30,0,0,1,0,1,8,10,13,0,31,0,0,0,31
06/28/2018,HTS,WV,AEA,CE,Combined TRACON& Tower with Radar,11,10,19,0,40,0,2,6,0,8,11,12,25,0,48,0,0,0,48
06/29/2018,HTS,WV,AEA,CE,Combined TRACON& Tower with Radar,9,16,4,0,29,0,0,13,0,13,9,16,17,0,42,20,0,20,62
06/30/2018,HTS,WV,AEA,CE,Combined TRACON& Tower with Radar,7,6,8,0,21,0,0,33,0,33,7,6,41,0,54,0,0,0,54
07/01/2018,HTS,WV,AEA,CE,Combined TRACON& Tower with Radar,4,8,6,0,18,0,2,9,0,11,4,10,15,0,29,0,0,0,29
07/02/2018,HTS,WV,AEA,CE,Combined TRACON& Tower with Radar,5,12,2,0,19,0,0,5,0,5,5,12,7,0,24,0,0,0,24
07/03/2018,HTS,WV,AEA,CE,Combined TRACON& Tower with Radar,10,7,7,0,24,0,0,9,2,11,10,7,16,2,35,0,0,0,35
07/04/2018,HTS,WV,AEA,CE,Combined TRACON& Tower with Radar,4,6,2,0,12,0,0,5,0,5,4,6,7,0,17,0,0,0,17
07/05/2018,HTS,WV,AEA,CE,Combined TRACON& Tower with Radar,8,13,1,0,22,0,0,7,0,7,8,13,8,0,29,0,0,0,29
07/06/2018,HTS,WV,AEA,CE,Combined TRACON& Tower with Radar,8,9,4,0,21,0,0,3,0,3,8,9,7,0,24,0,0,0,24
07/07/2018,HTS,WV,AEA,CE,Combined TRACON& Tower with Radar,7,5,8,0,20,0,0,4,0,4,7,5,12,0,24,0,0,0,24
07/08/2018,HTS,WV,AEA,CE,Combined TRACON& Tower with Radar,4,6,5,0,15,0,4,22,0,26,4,10,27,0,41,14,0,14,55
07/09/2018,HTS,WV,AEA,CE,Combined TRACON& Tower with Radar,5,10,3,4,22,0,0,13,0,13,5,10,16,4,35,0,0,0,35
07/10/2018,HTS,WV,AEA,CE,Combined TRACON& Tower with Radar,10,10,4,0,24,0,2,12,0,14,10,12,16,0,38,15,0,15,53
07/11/2018,HTS,WV,AEA,CE,Combined TRACON& Tower with Radar,8,10,9,0,27,0,0,13,0,13,8,10,22,0,40,0,0,0,40
07/12/2018,HTS,WV,AEA,CE,Combined TRACON& Tower with Radar,8,10,6,2,26,0,0,16,0,16,8,10,22,2,42,0,0,0,42
07/13/2018,HTS,WV,AEA,CE,Combined TRACON& Tower with Radar,8,10,10,0,28,0,2,23,0,25,8,12,33,0,53,0,0,0,53
07/14/2018,HTS,WV,AEA,CE,Combined TRACON& Tower with Radar,9,6,4,0,19,0,0,3,0,3,9,6,7,0,22,18,0,18,40
07/15/2018,HTS,WV,AEA,CE,Combined TRACON& Tower with Radar,4,4,2,0,10,0,2,9,0,11,4,6,11,0,21,4,0,4,25
07/16/2018,HTS,WV,AEA,CE,Combined TRACON& Tower with Radar,5,10,3,0,18,0,0,3,0,3,5,10,6,0,21,6,0,6,27
07/17/2018,HTS,WV,AEA,CE,Combined TRACON& Tower with Radar,12,9,9,0,30,0,0,5,0,5,12,9,14,0,35,0,0,0,35
07/18/2018,HTS,WV,AEA,CE,Combined TRACON& Tower with Radar,8,15,12,0,35,0,2,8,2,12,8,17,20,2,47,9,0,9,56
07/19/2018,HTS,WV,AEA,CE,Combined TRACON& Tower with Radar,8,10,7,0,25,0,0,7,0,7,8,10,14,0,32,0,0,0,32
07/20/2018,HTS,WV,AEA,CE,Combined TRACON& Tower with Radar,8,12,2,1,23,0,0,0,0,0,8,12,2,1,23,0,0,0,23
07/21/2018,HTS,WV,AEA,CE,Combined TRACON& Tower with Radar,7,8,0,1,16,0,0,3,0,3,7,8,3,1,19,0,0,0,19
07/22/2018,HTS,WV,AEA,CE,Combined TRACON& Tower with Radar,4,8,2,2,16,0,0,0,0,0,4,8,2,2,16,0,0,0,16
07/23/2018,HTS,WV,AEA,CE,Combined TRACON& Tower with Radar,5,10,4,0,19,0,0,0,3,3,5,10,4,3,22,0,0,0,22
07/24/2018,HTS,WV,AEA,CE,Combined TRACON& Tower with Radar,10,12,5,0,27,0,0,1,0,1,10,12,6,0,28,0,0,0,28
07/25/2018,HTS,WV,AEA,CE,Combined TRACON& Tower with Radar,8,10,6,0,24,0,0,3,0,3,8,10,9,0,27,0,0,0,27
07/26/2018,HTS,WV,AEA,CE,Combined TRACON& Tower with Radar,8,14,11,0,33,0,0,41,2,43,8,14,52,2,76,0,0,0,76
07/27/2018,HTS,WV,AEA,CE,Combined TRACON& Tower with Radar,7,8,1,0,16,0,0,1,0,1,7,8,2,0,17,0,0,0,17
07/28/2018,HTS,WV,AEA,CE,Combined TRACON& Tower with Radar,6,6,5,0,17,0,2,6,0,8,6,8,11,0,25,0,0,0,25
07/29/2018,HTS,WV,AEA,CE,Combined TRACON& Tower with Radar,4,6,7,0,17,0,0,14,0,14,4,6,21,0,31,5,0,5,36
07/30/2018,HTS,WV,AEA,CE,Combined TRACON& Tower with Radar,5,10,8,0,23,0,0,3,0,3,5,10,11,0,26,0,0,0,26
07/31/2018,HTS,WV,AEA,CE,Combined TRACON& Tower with Radar,10,10,3,2,25,0,0,1,0,1,10,10,4,2,26,0,0,0,26
08/01/2018,HTS,WV,AEA,CE,Combined TRACON& Tower with Radar,10,7,6,0,23,0,2,1,0,3,10,9,7,0,26,0,0,0,26
08/02/2018,HTS,WV,AEA,CE,Combined TRACON& Tower with Radar,8,10,9,1,28,0,0,3,3,6,8,10,12,4,34,0,0,0,34
08/03/2018,HTS,WV,AEA,CE,Combined TRACON& Tower with Radar,8,13,6,2,29,0,1,2,0,3,8,14,8,2,32,12,0,12,44
08/04/2018,HTS,WV,AEA,CE,Combined TRACON& Tower with Radar,5,6,5,0,16,0,4,16,0,20,5,10,21,0,36,10,0,10,46
08/05/2018,HTS,WV,AEA,CE,Combined TRACON& Tower with Radar,4,8,5,0,17,0,2,15,0,17,4,10,20,0,34,0,0,0,34
08/06/2018,HTS,WV,AEA,CE,Combined TRACON& Tower with Radar,5,12,4,0,21,0,0,4,0,4,5,12,8,0,25,0,0,0,25
08/07/2018,HTS,WV,AEA,CE,Combined TRACON& Tower with Radar,6,9,5,0,20,0,0,7,0,7,6,9,12,0,27,3,0,3,30
08/08/2018,HTS,WV,AEA,CE,Combined TRACON& Tower with Radar,8,10,7,0,25,0,0,1,0,1,8,10,8,0,26,0,0,0,26
08/09/2018,HTS,WV,AEA,CE,Combined TRACON& Tower with Radar,6,10,6,3,25,0,2,13,6,21,6,12,19,9,46,12,0,12,58
08/10/2018,HTS,WV,AEA,CE,Combined TRACON& Tower with Radar,8,13,9,0,30,0,0,5,0,5,8,13,14,0,35,0,0,0,35
08/11/2018,HTS,WV,AEA,CE,Combined TRACON& Tower with Radar,3,6,5,0,14,0,0,1,0,1,3,6,6,0,15,0,0,0,15
08/12/2018,HTS,WV,AEA,CE,Combined TRACON& Tower with Radar,2,6,2,0,10,0,0,9,0,9,2,6,11,0,19,10,0,10,29
08/13/2018,HTS,WV,AEA,CE,Combined TRACON& Tower with Radar,5,10,6,0,21,0,0,8,4,12,5,10,14,4,33,16,0,16,49
08/14/2018,HTS,WV,AEA,CE,Combined TRACON& Tower with Radar,4,10,5,0,19,0,2,19,2,23,4,12,24,2,42,0,0,0,42
08/15/2018,HTS,WV,AEA,CE,Combined TRACON& Tower with Radar,6,9,13,0,28,0,0,9,0,9,6,9,22,0,37,0,0,0,37
08/16/2018,HTS,WV,AEA,CE,Combined TRACON& Tower with Radar,5,10,12,0,27,0,0,3,0,3,5,10,15,0,30,0,0,0,30
08/17/2018,HTS,WV,AEA,CE,Combined TRACON& Tower with Radar,8,13,8,0,29,0,0,1,0,1,8,13,9,0,30,0,0,0,30
08/18/2018,HTS,WV,AEA,CE,Combined TRACON& Tower with Radar,1,9,2,2,14,0,0,0,0,0,1,9,2,2,14,0,0,0,14
08/19/2018,HTS,WV,AEA,CE,Combined TRACON& Tower with Radar,2,8,4,0,14,0,0,0,0,0,2,8,4,0,14,0,0,0,14
08/20/2018,HTS,WV,AEA,CE,Combined TRACON& Tower with Radar,7,10,4,1,22,26,0,3,0,29,33,10,7,1,51,2,0,2,53
08/21/2018,HTS,WV,AEA,CE,Combined TRACON& Tower with Radar,4,12,9,0,25,0,0,2,2,4,4,12,11,2,29,0,0,0,29
08/22/2018,HTS,WV,AEA,CE,Combined TRACON& Tower with Radar,6,15,7,0,28,0,0,5,0,5,6,15,12,0,33,0,0,0,33
08/23/2018,HTS,WV,AEA,CE,Combined TRACON& Tower with Radar,6,14,9,0,29,0,0,14,7,21,6,14,23,7,50,26,0,26,76
08/24/2018,HTS,WV,AEA,CE,Combined TRACON& Tower with Radar,8,11,14,0,33,0,2,3,0,5,8,13,17,0,38,0,0,0,38
08/25/2018,HTS,WV,AEA,CE,Combined TRACON& Tower with Radar,1,8,3,0,12,0,0,15,0,15,1,8,18,0,27,0,0,0,27
08/26/2018,HTS,WV,AEA,CE,Combined TRACON& Tower with Radar,2,8,4,0,14,0,0,2,0,2,2,8,6,0,16,0,0,0,16
08/27/2018,HTS,WV,AEA,CE,Combined TRACON& Tower with Radar,5,14,7,0,26,0,0,4,1,5,5,14,11,1,31,0,0,0,31
08/28/2018,HTS,WV,AEA,CE,Combined TRACON& Tower with Radar,4,8,5,2,19,0,2,7,0,9,4,10,12,2,28,8,0,8,36
08/29/2018,HTS,WV,AEA,CE,Combined TRACON& Tower with Radar,6,11,5,0,22,0,0,5,0,5,6,11,10,0,27,0,0,0,27
08/30/2018,HTS,WV,AEA,CE,Combined TRACON& Tower with Radar,6,11,6,1,24,0,1,13,0,14,6,12,19,1,38,0,0,0,38
08/31/2018,HTS,WV,AEA,CE,Combined TRACON& Tower with Radar,8,9,5,0,22,0,0,0,0,0,8,9,5,0,22,0,0,0,22
09/01/2018,HTS,WV,AEA,CE,Combined TRACON& Tower with Radar,1,7,7,0,15,0,2,1,0,3,1,9,8,0,18,0,0,0,18
09/02/2018,HTS,WV,AEA,CE,Combined TRACON& Tower with Radar,2,4,4,0,10,0,0,5,0,5,2,4,9,0,15,0,0,0,15
09/03/2018,HTS,WV,AEA,CE,Combined TRACON& Tower with Radar,4,8,6,0,18,0,0,7,0,7,4,8,13,0,25,4,0,4,29
09/04/2018,HTS,WV,AEA,CE,Combined TRACON& Tower with Radar,1,10,6,0,17,0,0,17,0,17,1,10,23,0,34,0,0,0,34
09/05/2018,HTS,WV,AEA,CE,Combined TRACON& Tower with Radar,6,10,7,0,23,0,2,7,2,11,6,12,14,2,34,6,0,6,40
09/06/2018,HTS,WV,AEA,CE,Combined TRACON& Tower with Radar,6,9,5,0,20,0,0,4,2,6,6,9,9,2,26,0,0,0,26
09/07/2018,HTS,WV,AEA,CE,Combined TRACON& Tower with Radar,8,10,8,0,26,0,0,1,0,1,8,10,9,0,27,0,0,0,27
09/08/2018,HTS,WV,AEA,CE,Combined TRACON& Tower with Radar,1,6,1,2,10,0,0,0,0,0,1,6,1,2,10,0,0,0,10
09/09/2018,HTS,WV,AEA,CE,Combined TRACON& Tower with Radar,2,5,2,0,9,0,0,0,0,0,2,5,2,0,9,0,0,0,9
09/10/2018,HTS,WV,AEA,CE,Combined TRACON& Tower with Radar,5,9,2,0,16,0,0,0,0,0,5,9,2,0,16,0,0,0,16
09/11/2018,HTS,WV,AEA,CE,Combined TRACON& Tower with Radar,4,10,5,1,20,0,0,4,4,8,4,10,9,5,28,0,0,0,28
09/12/2018,HTS,WV,AEA,CE,Combined TRACON& Tower with Radar,6,12,5,0,23,0,0,5,5,10,6,12,10,5,33,0,0,0,33
09/13/2018,HTS,WV,AEA,CE,Combined TRACON& Tower with Radar,4,8,14,4,30,0,0,5,0,5,4,8,19,4,35,0,0,0,35
09/14/2018,HTS,WV,AEA,CE,Combined TRACON& Tower with Radar,8,7,13,0,28,0,0,2,0,2,8,7,15,0,30,0,0,0,30
09/15/2018,HTS,WV,AEA,CE,Combined TRACON& Tower with Radar,1,2,9,0,12,0,0,14,0,14,1,2,23,0,26,23,0,23,49
09/16/2018,HTS,WV,AEA,CE,Combined TRACON& Tower with Radar,0,4,6,0,10,0,0,2,3,5,0,4,8,3,15,0,0,0,15
09/17/2018,HTS,WV,AEA,CE,Combined TRACON& Tower with Radar,5,10,2,0,17,0,0,0,0,0,5,10,2,0,17,0,0,0,17
09/18/2018,HTS,WV,AEA,CE,Combined TRACON& Tower with Radar,4,14,16,0,34,0,0,5,0,5,4,14,21,0,39,0,0,0,39
09/19/2018,HTS,WV,AEA,CE,Combined TRACON& Tower with Radar,6,10,20,0,36,0,2,4,6,12,6,12,24,6,48,0,0,0,48
09/20/2018,HTS,WV,AEA,CE,Combined TRACON& Tower with Radar,6,9,13,2,30,0,0,9,5,14,6,9,22,7,44,0,0,0,44
09/21/2018,HTS,WV,AEA,CE,Combined TRACON& Tower with Radar,8,11,16,0,35,0,0,2,3,5,8,11,18,3,40,0,0,0,40
09/22/2018,HTS,WV,AEA,CE,Combined TRACON& Tower with Radar,2,6,11,0,19,0,1,0,0,1,2,7,11,0,20,0,0,0,20
09/23/2018,HTS,WV,AEA,CE,Combined TRACON& Tower with Radar,3,7,7,0,17,0,0,0,0,0,3,7,7,0,17,0,0,0,17
09/24/2018,HTS,WV,AEA,CE,Combined TRACON& Tower with Radar,5,13,5,0,23,0,0,0,0,0,5,13,5,0,23,0,0,0,23
09/25/2018,HTS,WV,AEA,CE,Combined TRACON& Tower with Radar,4,10,10,3,27,0,0,3,3,6,4,10,13,6,33,0,0,0,33
09/26/2018,HTS,WV,AEA,CE,Combined TRACON& Tower with Radar,8,10,2,0,20,0,0,1,0,1,8,10,3,0,21,0,0,0,21
09/27/2018,HTS,WV,AEA,CE,Combined TRACON& Tower with Radar,6,12,5,0,23,0,0,2,0,2,6,12,7,0,25,0,0,0,25
09/28/2018,HTS,WV,AEA,CE,Combined TRACON& Tower with Radar,6,12,7,0,25,0,0,2,2,4,6,12,9,2,29,0,0,0,29
09/29/2018,HTS,WV,AEA,CE,Combined TRACON& Tower with Radar,3,6,7,0,16,0,0,6,0,6,3,6,13,0,22,6,0,6,28
09/30/2018,HTS,WV,AEA,CE,Combined TRACON& Tower with Radar,2,6,6,0,14,0,0,6,0,6,2,6,12,0,20,12,0,12,32
10/01/2018,HTS,WV,AEA,CE,Combined TRACON& Tower with Radar,5,10,6,0,21,0,0,14,0,14,5,10,20,0,35,8,0,8,43
10/02/2018,HTS,WV,AEA,CE,Combined TRACON& Tower with Radar,4,10,4,0,18,0,0,2,0,2,4,10,6,0,20,0,0,0,20
10/03/2018,HTS,WV,AEA,CE,Combined TRACON& Tower with Radar,8,11,13,0,32,0,0,5,0,5,8,11,18,0,37,0,0,0,37
10/04/2018,HTS,WV,AEA,CE,Combined TRACON& Tower with Radar,7,8,11,0,26,0,0,7,0,7,7,8,18,0,33,0,0,0,33
10/05/2018,HTS,WV,AEA,CE,Combined TRACON& Tower with Radar,9,10,6,0,25,0,0,2,0,2,9,10,8,0,27,0,0,0,27
10/06/2018,HTS,WV,AEA,CE,Combined TRACON& Tower with Radar,3,8,4,0,15,0,0,21,0,21,3,8,25,0,36,10,0,10,46
10/07/2018,HTS,WV,AEA,CE,Combined TRACON& Tower with Radar,2,6,2,0,10,0,0,3,0,3,2,6,5,0,13,6,0,6,19
10/08/2018,HTS,WV,AEA,CE,Combined TRACON& Tower with Radar,5,14,9,0,28,0,0,5,0,5,5,14,14,0,33,0,0,0,33
10/09/2018,HTS,WV,AEA,CE,Combined TRACON& Tower with Radar,4,10,4,1,19,0,0,12,1,13,4,10,16,2,32,0,22,22,54
10/10/2018,HTS,WV,AEA,CE,Combined TRACON& Tower with Radar,8,14,8,0,30,0,0,4,0,4,8,14,12,0,34,0,0,0,34
10/11/2018,HTS,WV,AEA,CE,Combined TRACON& Tower with Radar,4,8,7,0,19,0,0,2,0,2,4,8,9,0,21,0,0,0,21
10/12/2018,HTS,WV,AEA,CE,Combined TRACON& Tower with Radar,10,10,11,0,31,0,0,14,0,14,10,10,25,0,45,4,0,4,49
10/13/2018,HTS,WV,AEA,CE,Combined TRACON& Tower with Radar,3,6,1,0,10,0,0,5,0,5,3,6,6,0,15,22,0,22,37
10/14/2018,HTS,WV,AEA,CE,Combined TRACON& Tower with Radar,0,6,6,0,12,0,0,1,0,1,0,6,7,0,13,0,0,0,13
10/15/2018,HTS,WV,AEA,CE,Combined TRACON& Tower with Radar,5,9,5,0,19,0,0,0,0,0,5,9,5,0,19,0,0,0,19
10/16/2018,HTS,WV,AEA,CE,Combined TRACON& Tower with Radar,4,13,8,0,25,0,0,4,0,4,4,13,12,0,29,12,0,12,41
10/17/2018,HTS,WV,AEA,CE,Combined TRACON& Tower with Radar,8,12,12,0,32,0,0,12,2,14,8,12,24,2,46,0,0,0,46
10/18/2018,HTS,WV,AEA,CE,Combined TRACON& Tower with Radar,4,10,11,0,25,0,0,11,0,11,4,10,22,0,36,0,0,0,36
10/19/2018,HTS,WV,AEA,CE,Combined TRACON& Tower with Radar,7,10,8,0,25,0,0,3,0,3,7,10,11,0,28,0,0,0,28
10/20/2018,HTS,WV,AEA,CE,Combined TRACON& Tower with Radar,6,6,3,0,15,0,0,0,0,0,6,6,3,0,15,0,0,0,15
10/21/2018,HTS,WV,AEA,CE,Combined TRACON& Tower with Radar,0,6,5,0,11,0,0,8,0,8,0,6,13,0,19,0,0,0,19
10/22/2018,HTS,WV,AEA,CE,Combined TRACON& Tower with Radar,5,10,10,0,25,0,0,3,0,3,5,10,13,0,28,0,0,0,28
10/23/2018,HTS,WV,AEA,CE,Combined TRACON& Tower with Radar,6,12,1,0,19,0,2,5,0,7,6,14,6,0,26,0,0,0,26
10/24/2018,HTS,WV,AEA,CE,Combined TRACON& Tower with Radar,10,8,11,0,29,0,0,19,0,19,10,8,30,0,48,0,0,0,48
10/25/2018,HTS,WV,AEA,CE,Combined TRACON& Tower with Radar,2,9,11,0,22,0,0,3,0,3,2,9,14,0,25,0,0,0,25
10/26/2018,HTS,WV,AEA,CE,Combined TRACON& Tower with Radar,8,13,5,0,26,0,0,0,0,0,8,13,5,0,26,0,0,0,26
10/27/2018,HTS,WV,AEA,CE,Combined TRACON& Tower with Radar,7,7,0,0,14,0,0,0,0,0,7,7,0,0,14,0,0,0,14
10/28/2018,HTS,WV,AEA,CE,Combined TRACON& Tower with Radar,0,6,10,0,16,0,0,4,0,4,0,6,14,0,20,0,0,0,20
10/29/2018,HTS,WV,AEA,CE,Combined TRACON& Tower with Radar,5,7,9,0,21,0,0,3,0,3,5,7,12,0,24,12,0,12,36
10/30/2018,HTS,WV,AEA,CE,Combined TRACON& Tower with Radar,4,9,13,2,28,0,0,12,2,14,4,9,25,4,42,0,0,0,42
10/31/2018,HTS,WV,AEA,CE,Combined TRACON& Tower with Radar,8,9,4,2,23,0,2,1,0,3,8,11,5,2,26,0,18,18,44
11/01/2018,HTS,WV,AEA,CE,Combined TRACON& Tower with Radar,4,15,3,1,23,0,0,0,0,0,4,15,3,1,23,0,0,0,23
11/02/2018,HTS,WV,AEA,CE,Combined TRACON& Tower with Radar,10,14,9,2,35,0,0,2,0,2,10,14,11,2,37,0,0,0,37
11/03/2018,HTS,WV,AEA,CE,Combined TRACON& Tower with Radar,3,5,9,3,20,0,4,5,0,9,3,9,14,3,29,14,0,14,43
11/04/2018,HTS,WV,AEA,CE,Combined TRACON& Tower with Radar,0,7,7,0,14,0,2,5,0,7,0,9,12,0,21,0,0,0,21
11/05/2018,HTS,WV,AEA,CE,Combined TRACON& Tower with Radar,5,9,11,0,25,0,0,2,0,2,5,9,13,0,27,0,0,0,27
11/06/2018,HTS,WV,AEA,CE,Combined TRACON& Tower with Radar,4,7,2,0,13,0,0,4,3,7,4,7,6,3,20,0,14,14,34
11/07/2018,HTS,WV,AEA,CE,Combined TRACON& Tower with Radar,6,10,10,0,26,0,0,9,0,9,6,10,19,0,35,0,0,0,35
11/08/2018,HTS,WV,AEA,CE,Combined TRACON& Tower with Radar,4,9,9,0,22,0,0,3,0,3,4,9,12,0,25,0,0,0,25
11/09/2018,HTS,WV,AEA,CE,Combined TRACON& Tower with Radar,9,9,4,0,22,0,0,0,0,0,9,9,4,0,22,0,0,0,22
11/10/2018,HTS,WV,AEA,CE,Combined TRACON& Tower with Radar,2,2,2,0,6,0,0,0,0,0,2,2,2,0,6,0,0,0,6
11/11/2018,HTS,WV,AEA,CE,Combined TRACON& Tower with Radar,0,8,5,0,13,0,0,9,0,9,0,8,14,0,22,0,0,0,22
11/12/2018,HTS,WV,AEA,CE,Combined TRACON& Tower with Radar,5,10,7,0,22,0,2,4,0,6,5,12,11,0,28,12,0,12,40
11/13/2018,HTS,WV,AEA,CE,Combined TRACON& Tower with Radar,4,10,3,2,19,0,0,0,0,0,4,10,3,2,19,0,0,0,19
11/14/2018,HTS,WV,AEA,CE,Combined TRACON& Tower with Radar,4,12,13,0,29,0,1,4,2,7,4,13,17,2,36,0,0,0,36
11/15/2018,HTS,WV,AEA,CE,Combined TRACON& Tower with Radar,4,9,2,0,15,0,0,0,0,0,4,9,2,0,15,0,0,0,15
11/16/2018,HTS,WV,AEA,CE,Combined TRACON& Tower with Radar,10,13,10,0,33,0,1,1,1,3,10,14,11,1,36,8,0,8,44
11/17/2018,HTS,WV,AEA,CE,Combined TRACON& Tower with Radar,7,6,6,0,19,0,0,7,0,7,7,6,13,0,26,0,0,0,26
11/18/2018,HTS,WV,AEA,CE,Combined TRACON& Tower with Radar,0,9,10,0,19,0,0,19,0,19,0,9,29,0,38,2,0,2,40
11/19/2018,HTS,WV,AEA,CE,Combined TRACON& Tower with Radar,5,13,6,0,24,0,0,0,0,0,5,13,6,0,24,0,0,0,24
11/20/2018,HTS,WV,AEA,CE,Combined TRACON& Tower with Radar,6,12,6,0,24,0,0,1,0,1,6,12,7,0,25,0,0,0,25
11/21/2018,HTS,WV,AEA,CE,Combined TRACON& Tower with Radar,8,14,10,0,32,0,0,3,0,3,8,14,13,0,35,0,0,0,35
11/22/2018,HTS,WV,AEA,CE,Combined TRACON& Tower with Radar,0,4,3,0,7,0,0,2,0,2,0,4,5,0,9,0,0,0,9
11/23/2018,HTS,WV,AEA,CE,Combined TRACON& Tower with Radar,9,10,6,0,25,0,0,5,0,5,9,10,11,0,30,0,0,0,30
11/24/2018,HTS,WV,AEA,CE,Combined TRACON& Tower with Radar,5,6,4,0,15,0,0,0,0,0,5,6,4,0,15,0,0,0,15
11/25/2018,HTS,WV,AEA,CE,Combined TRACON& Tower with Radar,4,8,13,0,25,0,0,13,2,15,4,8,26,2,40,19,2,21,61
11/26/2018,HTS,WV,AEA,CE,Combined TRACON& Tower with Radar,5,11,4,0,20,0,0,0,0,0,5,11,4,0,20,0,0,0,20
11/27/2018,HTS,WV,AEA,CE,Combined TRACON& Tower with Radar,4,11,7,0,22,0,0,0,0,0,4,11,7,0,22,0,0,0,22
11/28/2018,HTS,WV,AEA,CE,Combined TRACON& Tower with Radar,6,10,6,0,22,0,2,3,0,5,6,12,9,0,27,0,0,0,27
11/29/2018,HTS,WV,AEA,CE,Combined TRACON& Tower with Radar,4,10,7,0,21,0,0,6,0,6,4,10,13,0,27,0,0,0,27
11/30/2018,HTS,WV,AEA,CE,Combined TRACON& Tower with Radar,8,10,4,0,22,0,0,0,0,0,8,10,4,0,22,0,0,0,22
12/01/2018,HTS,WV,AEA,CE,Combined TRACON& Tower with Radar,3,7,0,0,10,0,0,0,0,0,3,7,0,0,10,0,0,0,10
12/02/2018,HTS,WV,AEA,CE,Combined TRACON& Tower with Radar,0,6,3,0,9,0,4,10,0,14,0,10,13,0,23,0,0,0,23
12/03/2018,HTS,WV,AEA,CE,Combined TRACON& Tower with Radar,5,13,2,0,20,0,0,6,0,6,5,13,8,0,26,0,0,0,26
12/04/2018,HTS,WV,AEA,CE,Combined TRACON& Tower with Radar,4,10,8,0,22,0,0,0,0,0,4,10,8,0,22,0,0,0,22
12/05/2018,HTS,WV,AEA,CE,Combined TRACON& Tower with Radar,6,10,2,0,18,0,0,0,0,0,6,10,2,0,18,0,0,0,18
12/06/2018,HTS,WV,AEA,CE,Combined TRACON& Tower with Radar,4,10,1,0,15,0,2,14,1,17,4,12,15,1,32,8,0,8,40
12/07/2018,HTS,WV,AEA,CE,Combined TRACON& Tower with Radar,8,12,4,0,24,0,0,14,0,14,8,12,18,0,38,0,0,0,38
12/08/2018,HTS,WV,AEA,CE,Combined TRACON& Tower with Radar,3,6,3,0,12,0,2,16,0,18,3,8,19,0,30,0,0,0,30
12/09/2018,HTS,WV,AEA,CE,Combined TRACON& Tower with Radar,0,5,8,0,13,0,0,17,0,17,0,5,25,0,30,0,0,0,30
12/10/2018,HTS,WV,AEA,CE,Combined TRACON& Tower with Radar,5,16,5,0,26,0,3,9,0,12,5,19,14,0,38,10,0,10,48
12/11/2018,HTS,WV,AEA,CE,Combined TRACON& Tower with Radar,4,10,15,5,34,0,0,23,27,50,4,10,38,32,84,4,0,4,88
12/12/2018,HTS,WV,AEA,CE,Combined TRACON& Tower with Radar,6,10,11,0,27,0,2,10,0,12,6,12,21,0,39,0,0,0,39
12/13/2018,HTS,WV,AEA,CE,Combined TRACON& Tower with Radar,4,16,11,0,31,0,0,21,2,23,4,16,32,2,54,0,0,0,54
12/14/2018,HTS,WV,AEA,CE,Combined TRACON& Tower with Radar,8,10,4,0,22,0,0,6,0,6,8,10,10,0,28,0,0,0,28
12/15/2018,HTS,WV,AEA,CE,Combined TRACON& Tower with Radar,3,9,8,0,20,0,0,0,0,0,3,9,8,0,20,0,0,0,20
12/16/2018,HTS,WV,AEA,CE,Combined TRACON& Tower with Radar,2,6,3,0,11,0,0,0,0,0,2,6,3,0,11,0,0,0,11
12/17/2018,HTS,WV,AEA,CE,Combined TRACON& Tower with Radar,9,11,11,0,31,0,0,9,0,9,9,11,20,0,40,6,0,6,46
12/18/2018,HTS,WV,AEA,CE,Combined TRACON& Tower with Radar,4,10,17,0,31,0,0,10,2,12,4,10,27,2,43,0,0,0,43
12/19/2018,HTS,WV,AEA,CE,Combined TRACON& Tower with Radar,8,13,14,1,36,0,4,6,0,10,8,17,20,1,46,0,0,0,46
12/20/2018,HTS,WV,AEA,CE,Combined TRACON& Tower with Radar,4,9,3,0,16,0,1,0,0,1,4,10,3,0,17,0,0,0,17
12/21/2018,HTS,WV,AEA,CE,Combined TRACON& Tower with Radar,11,17,12,0,40,0,0,0,0,0,11,17,12,0,40,0,0,0,40
12/22/2018,HTS,WV,AEA,CE,Combined TRACON& Tower with Radar,5,6,1,0,12,0,3,2,0,5,5,9,3,0,17,0,0,0,17
12/23/2018,HTS,WV,AEA,CE,Combined TRACON& Tower with Radar,0,8,8,0,16,0,0,3,0,3,0,8,11,0,19,0,0,0,19
12/24/2018,HTS,WV,AEA,CE,Combined TRACON& Tower with Radar,5,10,5,0,20,0,0,7,0,7,5,10,12,0,27,0,0,0,27
12/25/2018,HTS,WV,AEA,CE,Combined TRACON& Tower with Radar,2,4,1,0,7,0,3,0,0,3,2,7,1,0,10,0,0,0,10
12/26/2018,HTS,WV,AEA,CE,Combined TRACON& Tower with Radar,8,11,6,0,25,0,2,5,0,7,8,13,11,0,32,0,0,0,32
12/27/2018,HTS,WV,AEA,CE,Combined TRACON& Tower with Radar,4,8,4,0,16,0,0,0,0,0,4,8,4,0,16,0,0,0,16
12/28/2018,HTS,WV,AEA,CE,Combined TRACON& Tower with Radar,8,10,9,0,27,0,0,0,0,0,8,10,9,0,27,0,0,0,27
12/29/2018,HTS,WV,AEA,CE,Combined TRACON& Tower with Radar,5,10,4,0,19,0,0,3,0,3,5,10,7,0,22,8,0,8,30
12/30/2018,HTS,WV,AEA,CE,Combined TRACON& Tower with Radar,0,6,4,0,10,0,2,15,0,17,0,8,19,0,27,8,0,8,35
12/31/2018,HTS,WV,AEA,CE,Combined TRACON& Tower with Radar,6,12,2,0,20,0,0,0,0,0,6,12,2,0,20,0,0,0,20
01/01/2019,HTS,WV,AEA,CE,Combined TRACON& Tower with Radar,2,8,3,0,13,0,0,2,0,2,2,8,5,0,15,0,0,0,15
01/02/2019,HTS,WV,AEA,CE,Combined TRACON& Tower with Radar,8,10,5,0,23,0,0,0,0,0,8,10,5,0,23,0,0,0,23
01/03/2019,HTS,WV,AEA,CE,Combined TRACON& Tower with Radar,4,12,4,0,20,0,4,3,0,7,4,16,7,0,27,0,0,0,27
01/04/2019,HTS,WV,AEA,CE,Combined TRACON& Tower with Radar,8,10,4,0,22,0,0,4,0,4,8,10,8,0,26,12,0,12,38
01/05/2019,HTS,WV,AEA,CE,Combined TRACON& Tower with Radar,3,8,3,0,14,0,2,11,0,13,3,10,14,0,27,1,0,1,28
01/06/2019,HTS,WV,AEA,CE,Combined TRACON& Tower with Radar,0,8,6,0,14,0,0,11,0,11,0,8,17,0,25,0,0,0,25
01/07/2019,HTS,WV,AEA,CE,Combined TRACON& Tower with Radar,5,10,1,0,16,0,0,7,0,7,5,10,8,0,23,0,0,0,23
01/08/2019,HTS,WV,AEA,CE,Combined TRACON& Tower with Radar,4,10,4,0,18,0,0,0,0,0,4,10,4,0,18,0,0,0,18
01/09/2019,HTS,WV,AEA,CE,Combined TRACON& Tower with Radar,4,10,3,0,17,0,0,0,0,0,4,10,3,0,17,0,0,0,17
01/10/2019,HTS,WV,AEA,CE,Combined TRACON& Tower with Radar,4,9,9,1,23,0,0,6,1,7,4,9,15,2,30,0,0,0,30
01/11/2019,HTS,WV,AEA,CE,Combined TRACON& Tower with Radar,8,10,5,0,23,0,0,3,0,3,8,10,8,0,26,16,0,16,42
01/12/2019,HTS,WV,AEA,CE,Combined TRACON& Tower with Radar,1,6,0,0,7,0,1,0,0,1,1,7,0,0,8,0,0,0,8
01/13/2019,HTS,WV,AEA,CE,Combined TRACON& Tower with Radar,0,8,0,0,8,0,0,0,0,0,0,8,0,0,8,0,0,0,8
01/14/2019,HTS,WV,AEA,CE,Combined TRACON& Tower with Radar,5,12,0,0,17,0,1,0,0,1,5,13,0,0,18,0,0,0,18
01/15/2019,HTS,WV,AEA,CE,Combined TRACON& Tower with Radar,4,14,2,1,21,0,0,3,3,6,4,14,5,4,27,0,0,0,27
01/16/2019,HTS,WV,AEA,CE,Combined TRACON& Tower with Radar,4,15,6,0,25,0,0,0,0,0,4,15,6,0,25,0,0,0,25
01/17/2019,HTS,WV,AEA,CE,Combined TRACON& Tower with Radar,4,13,5,0,22,0,0,0,0,0,4,13,5,0,22,0,0,0,22
01/18/2019,HTS,WV,AEA,CE,Combined TRACON& Tower with Radar,8,10,12,2,32,0,0,1,0,1,8,10,13,2,33,0,0,0,33
01/19/2019,HTS,WV,AEA,CE,Combined TRACON& Tower with Radar,1,6,2,0,9,0,1,1,0,2,1,7,3,0,11,0,0,0,11
01/20/2019,HTS,WV,AEA,CE,Combined TRACON& Tower with Radar,0,8,4,0,12,0,3,0,0,3,0,11,4,0,15,0,0,0,15
01/21/2019,HTS,WV,AEA,CE,Combined TRACON& Tower with Radar,3,4,2,0,9,0,0,1,0,1,3,4,3,0,10,0,0,0,10
01/22/2019,HTS,WV,AEA,CE,Combined TRACON& Tower with Radar,2,8,0,0,10,0,0,2,1,3,2,8,2,1,13,14,0,14,27
01/23/2019,HTS,WV,AEA,CE,Combined TRACON& Tower with Radar,4,12,7,1,24,0,1,1,3,5,4,13,8,4,29,0,30,30,59
01/24/2019,HTS,WV,AEA,CE,Combined TRACON& Tower with Radar,5,14,9,0,28,0,1,0,0,1,5,15,9,0,29,0,0,0,29
01/25/2019,HTS,WV,AEA,CE,Combined TRACON& Tower with Radar,9,9,7,0,25,0,0,5,0,5,9,9,12,0,30,0,0,0,30
01/26/2019,HTS,WV,AEA,CE,Combined TRACON& Tower with Radar,1,11,0,0,12,0,0,2,0,2,1,11,2,0,14,0,0,0,14
01/27/2019,HTS,WV,AEA,CE,Combined TRACON& Tower with Radar,0,8,4,0,12,0,0,5,0,5,0,8,9,0,17,0,0,0,17
01/28/2019,HTS,WV,AEA,CE,Combined TRACON& Tower with Radar,5,10,7,0,22,0,2,6,2,10,5,12,13,2,32,0,0,0,32
01/29/2019,HTS,WV,AEA,CE,Combined TRACON& Tower with Radar,4,12,5,0,21,0,1,0,0,1,4,13,5,0,22,0,0,0,22
01/30/2019,HTS,WV,AEA,CE,Combined TRACON& Tower with Radar,4,15,6,0,25,0,0,0,0,0,4,15,6,0,25,0,0,0,25
01/31/2019,HTS,WV,AEA,CE,Combined TRACON& Tower with Radar,4,15,1,0,20,0,3,2,0,5,4,18,3,0,25,0,0,0,25
02/01/2019,HTS,WV,AEA,CE,Combined TRACON& Tower with Radar,8,12,2,0,22,0,1,0,0,1,8,13,2,0,23,0,0,0,23
02/02/2019,HTS,WV,AEA,CE,Combined TRACON& Tower with Radar,1,10,1,0,12,0,4,9,0,13,1,14,10,0,25,0,0,0,25
02/03/2019,HTS,WV,AEA,CE,Combined TRACON& Tower with Radar,0,6,8,0,14,0,0,11,0,11,0,6,19,0,25,0,0,0,25
02/04/2019,HTS,WV,AEA,CE,Combined TRACON& Tower with Radar,5,10,7,0,22,0,2,9,0,11,5,12,16,0,33,0,0,0,33
02/05/2019,HTS,WV,AEA,CE,Combined TRACON& Tower with Radar,4,10,7,4,25,0,2,0,0,2,4,12,7,4,27,0,0,0,27
02/06/2019,HTS,WV,AEA,CE,Combined TRACON& Tower with Radar,6,10,2,0,18,0,0,1,0,1,6,10,3,0,19,0,0,0,19
02/07/2019,HTS,WV,AEA,CE,Combined TRACON& Tower with Radar,3,14,5,0,22,0,0,1,0,1,3,14,6,0,23,0,0,0,23
02/08/2019,HTS,WV,AEA,CE,Combined TRACON& Tower with Radar,9,13,2,0,24,0,0,0,0,0,9,13,2,0,24,0,0,0,24
02/09/2019,HTS,WV,AEA,CE,Combined TRACON& Tower with Radar,1,7,6,0,14,0,2,12,0,14,1,9,18,0,28,0,0,0,28
02/10/2019,HTS,WV,AEA,CE,Combined TRACON& Tower with Radar,0,7,2,0,9,0,0,4,0,4,0,7,6,0,13,0,0,0,13
02/11/2019,HTS,WV,AEA,CE,Combined TRACON& Tower with Radar,5,7,3,0,15,0,0,0,0,0,5,7,3,0,15,0,0,0,15
02/12/2019,HTS,WV,AEA,CE,Combined TRACON& Tower with Radar,4,11,0,2,17,0,0,0,0,0,4,11,0,2,17,0,0,0,17
02/13/2019,HTS,WV,AEA,CE,Combined TRACON& Tower with Radar,4,12,6,4,26,0,0,2,0,2,4,12,8,4,28,0,8,8,36
02/14/2019,HTS,WV,AEA,CE,Combined TRACON& Tower with Radar,6,10,16,0,32,0,2,6,2,10,6,12,22,2,42,30,0,30,72
02/15/2019,HTS,WV,AEA,CE,Combined TRACON& Tower with Radar,8,12,8,0,28,0,0,6,0,6,8,12,14,0,34,10,0,10,44
02/16/2019,HTS,WV,AEA,CE,Combined TRACON& Tower with Radar,1,10,2,0,13,0,0,10,0,10,1,10,12,0,23,8,0,8,31
02/17/2019,HTS,WV,AEA,CE,Combined TRACON& Tower with Radar,2,6,5,0,13,0,0,0,0,0,2,6,5,0,13,0,0,0,13
02/18/2019,HTS,WV,AEA,CE,Combined TRACON& Tower with Radar,5,12,3,0,20,0,0,17,0,17,5,12,20,0,37,0,0,0,37
02/19/2019,HTS,WV,AEA,CE,Combined TRACON& Tower with Radar,4,14,11,0,29,0,0,19,0,19,4,14,30,0,48,0,0,0,48
02/20/2019,HTS,WV,AEA,CE,Combined TRACON& Tower with Radar,4,9,9,0,22,0,0,0,0,0,4,9,9,0,22,0,0,0,22
02/21/2019,HTS,WV,AEA,CE,Combined TRACON& Tower with Radar,6,14,10,0,30,0,0,5,0,5,6,14,15,0,35,0,0,0,35
02/22/2019,HTS,WV,AEA,CE,Combined TRACON& Tower with Radar,8,12,5,0,25,0,0,22,0,22,8,12,27,0,47,32,0,32,79
02/23/2019,HTS,WV,AEA,CE,Combined TRACON& Tower with Radar,1,8,1,0,10,0,0,0,0,0,1,8,1,0,10,0,0,0,10
02/24/2019,HTS,WV,AEA,CE,Combined TRACON& Tower with Radar,2,8,1,0,11,0,1,0,1,2,2,9,1,1,13,0,0,0,13
02/25/2019,HTS,WV,AEA,CE,Combined TRACON& Tower with Radar,4,7,1,0,12,0,0,8,0,8,4,7,9,0,20,4,0,4,24
02/26/2019,HTS,WV,AEA,CE,Combined TRACON& Tower with Radar,4,10,3,0,17,0,0,10,0,10,4,10,13,0,27,2,0,2,29
02/27/2019,HTS,WV,AEA,CE,Combined TRACON& Tower with Radar,4,10,8,1,23,0,0,11,0,11,4,10,19,1,34,24,0,24,58
02/28/2019,HTS,WV,AEA,CE,Combined TRACON& Tower with Radar,6,12,6,0,24,0,0,0,0,0,6,12,6,0,24,0,0,0,24
03/01/2019,HTS,WV,AEA,CE,Combined TRACON& Tower with Radar,8,12,3,0,23,0,0,0,0,0,8,12,3,0,23,0,0,0,23
03/02/2019,HTS,WV,AEA,CE,Combined TRACON& Tower with Radar,1,8,0,0,9,0,0,1,0,1,1,8,1,0,10,0,0,0,10
03/03/2019,HTS,WV,AEA,CE,Combined TRACON& Tower with Radar,2,4,7,0,13,0,0,0,0,0,2,4,7,0,13,0,0,0,13
03/04/2019,HTS,WV,AEA,CE,Combined TRACON& Tower with Radar,5,19,0,0,24,0,0,3,0,3,5,19,3,0,27,0,0,0,27
03/05/2019,HTS,WV,AEA,CE,Combined TRACON& Tower with Radar,4,11,7,0,22,0,0,10,0,10,4,11,17,0,32,16,0,16,48
03/06/2019,HTS,WV,AEA,CE,Combined TRACON& Tower with Radar,4,12,10,0,26,0,0,6,2,8,4,12,16,2,34,34,0,34,68
03/07/2019,HTS,WV,AEA,CE,Combined TRACON& Tower with Radar,6,11,10,4,31,0,0,5,1,6,6,11,15,5,37,0,0,0,37
03/08/2019,HTS,WV,AEA,CE,Combined TRACON& Tower with Radar,8,12,4,0,24,0,0,0,0,0,8,12,4,0,24,0,0,0,24
03/09/2019,HTS,WV,AEA,CE,Combined TRACON& Tower with Radar,1,9,4,0,14,0,0,1,0,1,1,9,5,0,15,0,0,0,15
03/10/2019,HTS,WV,AEA,CE,Combined TRACON& Tower with Radar,2,6,3,0,11,0,0,7,0,7,2,6,10,0,18,0,0,0,18
03/11/2019,HTS,WV,AEA,CE,Combined TRACON& Tower with Radar,7,10,11,1,29,0,0,8,0,8,7,10,19,1,37,0,0,0,37
03/12/2019,HTS,WV,AEA,CE,Combined TRACON& Tower with Radar,4,10,10,0,24,0,0,17,0,17,4,10,27,0,41,26,0,26,67
03/13/2019,HTS,WV,AEA,CE,Combined TRACON& Tower with Radar,4,10,6,0,20,0,0,10,3,13,4,10,16,3,33,8,0,8,41
03/14/2019,HTS,WV,AEA,CE,Combined TRACON& Tower with Radar,6,9,0,0,15,0,0,7,0,7,6,9,7,0,22,0,0,0,22
03/15/2019,HTS,WV,AEA,CE,Combined TRACON& Tower with Radar,9,15,9,2,35,0,0,1,0,1,9,15,10,2,36,0,0,0,36
03/16/2019,HTS,WV,AEA,CE,Combined TRACON& Tower with Radar,2,13,2,0,17,0,2,10,0,12,2,15,12,0,29,0,0,0,29
03/17/2019,HTS,WV,AEA,CE,Combined TRACON& Tower with Radar,2,5,7,0,14,0,0,11,0,11,2,5,18,0,25,12,0,12,37
03/18/2019,HTS,WV,AEA,CE,Combined TRACON& Tower with Radar,7,10,2,0,19,0,0,5,0,5,7,10,7,0,24,36,0,36,60
03/19/2019,HTS,WV,AEA,CE,Combined TRACON& Tower with Radar,4,10,14,0,28,0,0,34,0,34,4,10,48,0,62,0,0,0,62
03/20/2019,HTS,WV,AEA,CE,Combined TRACON& Tower with Radar,4,10,12,0,26,0,0,16,3,19,4,10,28,3,45,24,0,24,69
03/21/2019,HTS,WV,AEA,CE,Combined TRACON& Tower with Radar,6,12,0,0,18,0,0,1,0,1,6,12,1,0,19,43,0,43,62
03/22/2019,HTS,WV,AEA,CE,Combined TRACON& Tower with Radar,8,14,10,0,32,0,2,10,0,12,8,16,20,0,44,0,0,0,44
03/23/2019,HTS,WV,AEA,CE,Combined TRACON& Tower with Radar,1,8,8,0,17,0,0,34,0,34,1,8,42,0,51,0,0,0,51
03/24/2019,HTS,WV,AEA,CE,Combined TRACON& Tower with Radar,2,6,12,0,20,0,1,2,1,4,2,7,14,1,24,0,0,0,24
03/25/2019,HTS,WV,AEA,CE,Combined TRACON& Tower with Radar,5,10,4,0,19,0,0,2,0,2,5,10,6,0,21,0,0,0,21
03/26/2019,HTS,WV,AEA,CE,Combined TRACON& Tower with Radar,4,10,9,0,23,0,0,9,0,9,4,10,18,0,32,4,0,4,36
03/27/2019,HTS,WV,AEA,CE,Combined TRACON& Tower with Radar,4,12,12,3,31,0,0,26,4,30,4,12,38,7,61,21,0,21,82
03/28/2019,HTS,WV,AEA,CE,Combined TRACON& Tower with Radar,6,15,4,0,25,0,2,11,0,13,6,17,15,0,38,24,0,24,62
03/29/2019,HTS,WV,AEA,CE,Combined TRACON& Tower with Radar,8,10,8,0,26,0,0,2,0,2,8,10,10,0,28,38,0,38,66
03/30/2019,HTS,WV,AEA,CE,Combined TRACON& Tower with Radar,3,7,6,0,16,0,0,16,0,16,3,7,22,0,32,0,0,0,32
03/31/2019,HTS,WV,AEA,CE,Combined TRACON& Tower with Radar,2,6,10,0,18,0,0,6,1,7,2,6,16,1,25,0,0,0,25
04/01/2019,HTS,WV,AEA,CE,Combined TRACON& Tower with Radar,5,10,3,6,24,0,0,8,1,9,5,10,11,7,33,76,0,76,109
04/02/2019,HTS,WV,AEA,CE,Combined TRACON& Tower with Radar,6,10,7,0,23,0,0,15,0,15,6,10,22,0,38,8,0,8,46
04/03/2019,HTS,WV,AEA,CE,Combined TRACON& Tower with Radar,4,11,7,0,22,0,0,9,4,13,4,11,16,4,35,4,0,4,39
04/04/2019,HTS,WV,AEA,CE,Combined TRACON& Tower with Radar,6,11,6,0,23,0,2,3,2,7,6,13,9,2,30,24,0,24,54
04/05/2019,HTS,WV,AEA,CE,Combined TRACON& Tower with Radar,8,10,2,2,22,0,0,0,0,0,8,10,2,2,22,0,0,0,22
04/06/2019,HTS,WV,AEA,CE,Combined TRACON& Tower with Radar,3,8,4,0,15,0,0,8,0,8,3,8,12,0,23,0,0,0,23
04/07/2019,HTS,WV,AEA,CE,Combined TRACON& Tower with Radar,2,6,5,6,19,0,0,0,0,0,2,6,5,6,19,0,0,0,19
04/08/2019,HTS,WV,AEA,CE,Combined TRACON& Tower with Radar,5,11,1,0,17,0,0,2,0,2,5,11,3,0,19,8,0,8,27
04/09/2019,HTS,WV,AEA,CE,Combined TRACON& Tower with Radar,5,11,7,0,23,0,0,4,0,4,5,11,11,0,27,0,0,0,27
04/10/2019,HTS,WV,AEA,CE,Combined TRACON& Tower with Radar,4,10,3,0,17,0,0,26,0,26,4,10,29,0,43,16,0,16,59
04/11/2019,HTS,WV,AEA,CE,Combined TRACON& Tower with Radar,6,9,7,0,22,0,0,4,1,5,6,9,11,1,27,0,0,0,27
04/12/2019,HTS,WV,AEA,CE,Combined TRACON& Tower with Radar,8,11,3,0,22,0,0,3,0,3,8,11,6,0,25,0,0,0,25
04/13/2019,HTS,WV,AEA,CE,Combined TRACON& Tower with Radar,3,7,10,0,20,0,0,11,4,15,3,7,21,4,35,50,0,50,85
04/14/2019,HTS,WV,AEA,CE,Combined TRACON& Tower with Radar,2,8,3,0,13,0,0,0,0,0,2,8,3,0,13,0,0,0,13
04/15/2019,HTS,WV,AEA,CE,Combined TRACON& Tower with Radar,5,10,11,0,26,0,0,13,0,13,5,10,24,0,39,0,0,0,39
04/16/2019,HTS,WV,AEA,CE,Combined TRACON& Tower with Radar,6,10,14,0,30,0,0,17,0,17,6,10,31,0,47,14,0,14,61
04/17/2019,HTS,WV,AEA,CE,Combined TRACON& Tower with Radar,4,11,9,0,24,0,0,14,2,16,4,11,23,2,40,70,0,70,110
04/18/2019,HTS,WV,AEA,CE,Combined TRACON& Tower with Radar,6,13,6,1,26,0,2,5,1,8,6,15,11,2,34,6,0,6,40
04/19/2019,HTS,WV,AEA,CE,Combined TRACON& Tower with Radar,8,8,6,0,22,0,0,0,0,0,8,8,6,0,22,0,0,0,22
04/20/2019,HTS,WV,AEA,CE,Combined TRACON& Tower with Radar,3,7,2,0,12,0,0,0,0,0,3,7,2,0,12,0,0,0,12
04/21/2019,HTS,WV,AEA,CE,Combined TRACON& Tower with Radar,2,7,4,0,13,0,0,1,0,1,2,7,5,0,14,0,0,0,14
04/22/2019,HTS,WV,AEA,CE,Combined TRACON& Tower with Radar,5,14,9,0,28,0,0,16,0,16,5,14,25,0,44,0,0,0,44
04/23/2019,HTS,WV,AEA,CE,Combined TRACON& Tower with Radar,6,10,6,0,22,0,0,11,0,11,6,10,17,0,33,0,0,0,33
04/24/2019,HTS,WV,AEA,CE,Combined TRACON& Tower with Radar,4,12,12,9,37,0,0,10,0,10,4,12,22,9,47,0,0,0,47
04/25/2019,HTS,WV,AEA,CE,Combined TRACON& Tower with Radar,6,10,15,0,31,0,0,2,0,2,6,10,17,0,33,0,0,0,33
04/26/2019,HTS,WV,AEA,CE,Combined TRACON& Tower with Radar,8,13,8,0,29,0,0,1,0,1,8,13,9,0,30,0,0,0,30
04/27/2019,HTS,WV,AEA,CE,Combined TRACON& Tower with Radar,3,6,8,0,17,0,0,7,0,7,3,6,15,0,24,0,0,0,24
04/28/2019,HTS,WV,AEA,CE,Combined TRACON& Tower with Radar,2,6,3,0,11,0,0,2,0,2,2,6,5,0,13,0,0,0,13
04/29/2019,HTS,WV,AEA,CE,Combined TRACON& Tower with Radar,5,14,6,0,25,0,0,10,0,10,5,14,16,0,35,0,0,0,35
04/30/2019,HTS,WV,AEA,CE,Combined TRACON& Tower with Radar,6,10,12,1,29,0,0,14,4,18,6,10,26,5,47,0,0,0,47
05/01/2019,HTS,WV,AEA,CE,Combined TRACON& Tower with Radar,4,10,21,0,35,0,0,2,0,2,4,10,23,0,37,0,0,0,37
05/02/2019,HTS,WV,AEA,CE,Combined TRACON& Tower with Radar,6,11,6,0,23,0,0,7,0,7,6,11,13,0,30,6,0,6,36
05/03/2019,HTS,WV,AEA,CE,Combined TRACON& Tower with Radar,8,11,2,0,21,0,0,3,0,3,8,11,5,0,24,0,0,0,24
05/04/2019,HTS,WV,AEA,CE,Combined TRACON& Tower with Radar,3,6,3,0,12,0,0,0,0,0,3,6,3,0,12,0,0,0,12
05/05/2019,HTS,WV,AEA,CE,Combined TRACON& Tower with Radar,2,6,11,0,19,0,0,0,0,0,2,6,11,0,19,12,0,12,31
05/06/2019,HTS,WV,AEA,CE,Combined TRACON& Tower with Radar,5,9,7,0,21,0,0,20,0,20,5,9,27,0,41,21,0,21,62
05/07/2019,HTS,WV,AEA,CE,Combined TRACON& Tower with Radar,6,10,4,0,20,0,0,19,0,19,6,10,23,0,39,0,0,0,39
05/08/2019,HTS,WV,AEA,CE,Combined TRACON& Tower with Radar,4,17,8,0,29,0,0,14,0,14,4,17,22,0,43,0,0,0,43
05/09/2019,HTS,WV,AEA,CE,Combined TRACON& Tower with Radar,6,10,9,0,25,0,0,9,0,9,6,10,18,0,34,0,0,0,34
05/10/2019,HTS,WV,AEA,CE,Combined TRACON& Tower with Radar,8,10,2,0,20,0,0,4,0,4,8,10,6,0,24,0,0,0,24
05/11/2019,HTS,WV,AEA,CE,Combined TRACON& Tower with Radar,3,6,3,0,12,0,0,0,0,0,3,6,3,0,12,0,0,0,12
05/12/2019,HTS,WV,AEA,CE,Combined TRACON& Tower with Radar,2,6,4,0,12,0,0,1,0,1,2,6,5,0,13,0,0,0,13
05/13/2019,HTS,WV,AEA,CE,Combined TRACON& Tower with Radar,5,12,6,0,23,0,0,0,0,0,5,12,6,0,23,0,0,0,23
05/14/2019,HTS,WV,AEA,CE,Combined TRACON& Tower with Radar,6,11,7,0,24,0,0,11,0,11,6,11,18,0,35,0,0,0,35
05/15/2019,HTS,WV,AEA,CE,Combined TRACON& Tower with Radar,8,15,18,0,41,0,2,9,5,16,8,17,27,5,57,0,0,0,57
05/16/2019,HTS,WV,AEA,CE,Combined TRACON& Tower with Radar,6,10,6,0,22,0,0,18,0,18,6,10,24,0,40,0,0,0,40
05/17/2019,HTS,WV,AEA,CE,Combined TRACON& Tower with Radar,10,10,6,0,26,0,0,11,0,11,10,10,17,0,37,4,0,4,41
05/18/2019,HTS,WV,AEA,CE,Combined TRACON& Tower with Radar,7,6,10,0,23,0,0,6,0,6,7,6,16,0,29,0,0,0,29
05/19/2019,HTS,WV,AEA,CE,Combined TRACON& Tower with Radar,2,6,0,0,8,0,0,0,0,0,2,6,0,0,8,0,0,0,8
05/20/2019,HTS,WV,AEA,CE,Combined TRACON& Tower with Radar,7,10,2,0,19,0,0,6,0,6,7,10,8,0,25,23,0,23,48
05/21/2019,HTS,WV,AEA,CE,Combined TRACON& Tower with Radar,6,10,15,4,35,0,2,30,6,38,6,12,45,10,73,66,8,74,147
05/22/2019,HTS,WV,AEA,CE,Combined TRACON& Tower with Radar,8,12,1,0,21,0,0,8,2,10,8,12,9,2,31,20,0,20,51
05/23/2019,HTS,WV,AEA,CE,Combined TRACON& Tower with Radar,8,10,1,2,21,0,0,5,0,5,8,10,6,2,26,4,0,4,30
05/24/2019,HTS,WV,AEA,CE,Combined TRACON& Tower with Radar,10,11,9,0,30,0,0,23,0,23,10,11,32,0,53,0,0,0,53
05/25/2019,HTS,WV,AEA,CE,Combined TRACON& Tower with Radar,7,7,3,0,17,0,0,9,0,9,7,7,12,0,26,6,0,6,32
05/26/2019,HTS,WV,AEA,CE,Combined TRACON& Tower with Radar,4,6,0,0,10,0,0,4,0,4,4,6,4,0,14,4,0,4,18
05/27/2019,HTS,WV,AEA,CE,Combined TRACON& Tower with Radar,8,6,7,0,21,0,6,12,0,18,8,12,19,0,39,12,0,12,51
05/28/2019,HTS,WV,AEA,CE,Combined TRACON& Tower with Radar,5,10,2,0,17,0,0,11,0,11,5,10,13,0,28,20,0,20,48
05/29/2019,HTS,WV,AEA,CE,Combined TRACON& Tower with Radar,8,11,5,0,24,0,0,4,4,8,8,11,9,4,32,4,0,4,36
05/30/2019,HTS,WV,AEA,CE,Combined TRACON& Tower with Radar,8,14,3,0,25,0,0,3,0,3,8,14,6,0,28,16,0,16,44
05/31/2019,HTS,WV,AEA,CE,Combined TRACON& Tower with Radar,10,13,2,0,25,1,0,2,0,3,11,13,4,0,28,30,0,30,58
06/01/2019,HTS,WV,AEA,CE,Combined TRACON& Tower with Radar,9,7,11,0,27,0,0,10,0,10,9,7,21,0,37,13,0,13,50
06/02/2019,HTS,WV,AEA,CE,Combined TRACON& Tower with Radar,4,8,1,0,13,0,0,5,0,5,4,8,6,0,18,10,0,10,28
06/03/2019,HTS,WV,AEA,CE,Combined TRACON& Tower with Radar,7,10,4,3,24,0,2,15,0,17,7,12,19,3,41,0,20,20,61
06/04/2019,HTS,WV,AEA,CE,Combined TRACON& Tower with Radar,8,10,13,0,31,0,0,21,3,24,8,10,34,3,55,0,0,0,55
06/05/2019,HTS,WV,AEA,CE,Combined TRACON& Tower with Radar,10,14,5,0,29,0,0,1,0,1,10,14,6,0,30,0,0,0,30
06/06/2019,HTS,WV,AEA,CE,Combined TRACON& Tower with Radar,10,12,6,1,29,0,0,4,0,4,10,12,10,1,33,0,0,0,33
06/07/2019,HTS,WV,AEA,CE,Combined TRACON& Tower with Radar,10,10,7,0,27,0,0,2,0,2,10,10,9,0,29,0,0,0,29
06/08/2019,HTS,WV,AEA,CE,Combined TRACON& Tower with Radar,7,6,4,0,17,0,2,4,0,6,7,8,8,0,23,69,0,69,92
06/09/2019,HTS,WV,AEA,CE,Combined TRACON& Tower with Radar,5,7,1,0,13,0,0,29,0,29,5,7,30,0,42,32,0,32,74
06/10/2019,HTS,WV,AEA,CE,Combined TRACON& Tower with Radar,10,10,6,0,26,0,0,2,2,4,10,10,8,2,30,16,0,16,46
06/11/2019,HTS,WV,AEA,CE,Combined TRACON& Tower with Radar,10,13,12,8,43,0,2,40,5,47,10,15,52,13,90,32,38,70,160
06/12/2019,HTS,WV,AEA,CE,Combined TRACON& Tower with Radar,12,10,9,0,31,0,0,12,0,12,12,10,21,0,43,0,0,0,43
06/13/2019,HTS,WV,AEA,CE,Combined TRACON& Tower with Radar,10,10,6,0,26,0,0,5,0,5,10,10,11,0,31,0,0,0,31
06/14/2019,HTS,WV,AEA,CE,Combined TRACON& Tower with Radar,10,12,12,0,34,0,1,17,0,18,10,13,29,0,52,0,0,0,52
06/15/2019,HTS,WV,AEA,CE,Combined TRACON& Tower with Radar,7,12,10,2,31,0,0,6,2,8,7,12,16,4,39,0,0,0,39
06/16/2019,HTS,WV,AEA,CE,Combined TRACON& Tower with Radar,6,9,4,0,19,0,0,3,0,3,6,9,7,0,22,0,0,0,22
06/17/2019,HTS,WV,AEA,CE,Combined TRACON& Tower with Radar,7,9,9,0,25,0,1,2,0,3,7,10,11,0,28,16,0,16,44
06/18/2019,HTS,WV,AEA,CE,Combined TRACON& Tower with Radar,11,10,13,0,34,0,0,4,0,4,11,10,17,0,38,6,0,6,44
06/19/2019,HTS,WV,AEA,CE,Combined TRACON& Tower with Radar,9,13,15,2,39,0,0,0,0,0,9,13,15,2,39,0,12,12,51
06/20/2019,HTS,WV,AEA,CE,Combined TRACON& Tower with Radar,10,11,7,0,28,0,0,0,0,0,10,11,7,0,28,0,0,0,28
06/21/2019,HTS,WV,AEA,CE,Combined TRACON& Tower with Radar,10,10,7,0,27,0,0,18,0,18,10,10,25,0,45,46,0,46,91
06/22/2019,HTS,WV,AEA,CE,Combined TRACON& Tower with Radar,7,6,2,0,15,0,0,13,0,13,7,6,15,0,28,0,0,0,28
06/23/2019,HTS,WV,AEA,CE,Combined TRACON& Tower with Radar,6,6,12,0,24,0,0,12,0,12,6,6,24,0,36,0,0,0,36
06/24/2019,HTS,WV,AEA,CE,Combined TRACON& Tower with Radar,7,10,2,0,19,0,0,2,0,2,7,10,4,0,21,0,0,0,21
06/25/2019,HTS,WV,AEA,CE,Combined TRACON& Tower with Radar,10,13,10,0,33,0,0,12,0,12,10,13,22,0,45,0,0,0,45
06/26/2019,HTS,WV,AEA,CE,Combined TRACON& Tower with Radar,10,11,8,2,31,0,0,22,14,36,10,11,30,16,67,22,14,36,103
06/27/2019,HTS,WV,AEA,CE,Combined TRACON& Tower with Radar,10,12,6,1,29,0,0,13,2,15,10,12,19,3,44,0,0,0,44
06/28/2019,HTS,WV,AEA,CE,Combined TRACON& Tower with Radar,12,9,10,0,31,0,0,28,0,28,12,9,38,0,59,0,0,0,59
06/29/2019,HTS,WV,AEA,CE,Combined TRACON& Tower with Radar,7,6,5,0,18,0,0,22,0,22,7,6,27,0,40,0,0,0,40
06/30/2019,HTS,WV,AEA,CE,Combined TRACON& Tower with Radar,6,8,7,0,21,0,0,10,0,10,6,8,17,0,31,13,0,13,44
07/01/2019,HTS,WV,AEA,CE,Combined TRACON& Tower with Radar,7,12,5,1,25,0,0,7,0,7,7,12,12,1,32,0,0,0,32
07/02/2019,HTS,WV,AEA,CE,Combined TRACON& Tower with Radar,12,11,3,0,26,0,0,10,1,11,12,11,13,1,37,2,0,2,39
07/03/2019,HTS,WV,AEA,CE,Combined TRACON& Tower with Radar,10,11,8,0,29,0,0,5,1,6,10,11,13,1,35,20,0,20,55
07/04/2019,HTS,WV,AEA,CE,Combined TRACON& Tower with Radar,6,4,4,0,14,0,0,7,0,7,6,4,11,0,21,0,0,0,21
07/05/2019,HTS,WV,AEA,CE,Combined TRACON& Tower with Radar,14,10,3,0,27,0,0,6,0,6,14,10,9,0,33,0,0,0,33
07/06/2019,HTS,WV,AEA,CE,Combined TRACON& Tower with Radar,7,6,0,0,13,0,0,2,0,2,7,6,2,0,15,20,0,20,35
07/07/2019,HTS,WV,AEA,CE,Combined TRACON& Tower with Radar,6,6,4,0,16,0,0,0,0,0,6,6,4,0,16,0,0,0,16
07/08/2019,HTS,WV,AEA,CE,Combined TRACON& Tower with Radar,7,10,3,4,24,0,0,2,0,2,7,10,5,4,26,0,0,0,26
07/09/2019,HTS,WV,AEA,CE,Combined TRACON& Tower with Radar,12,10,5,0,27,0,2,7,0,9,12,12,12,0,36,14,0,14,50
07/10/2019,HTS,WV,AEA,CE,Combined TRACON& Tower with Radar,10,10,5,0,25,0,0,20,2,22,10,10,25,2,47,0,0,0,47
07/11/2019,HTS,WV,AEA,CE,Combined TRACON& Tower with Radar,10,9,4,1,24,0,0,0,7,7,10,9,4,8,31,0,0,0,31
07/12/2019,HTS,WV,AEA,CE,Combined TRACON& Tower with Radar,10,11,7,0,28,0,2,9,0,11,10,13,16,0,39,0,0,0,39
07/13/2019,HTS,WV,AEA,CE,Combined TRACON& Tower with Radar,5,8,3,0,16,0,0,10,0,10,5,8,13,0,26,0,0,0,26
07/14/2019,HTS,WV,AEA,CE,Combined TRACON& Tower with Radar,6,6,3,0,15,0,2,18,0,20,6,8,21,0,35,0,0,0,35
07/15/2019,HTS,WV,AEA,CE,Combined TRACON& Tower with Radar,7,11,2,0,20,0,0,3,0,3,7,11,5,0,23,0,0,0,23
07/16/2019,HTS,WV,AEA,CE,Combined TRACON& Tower with Radar,12,11,6,0,29,0,0,12,0,12,12,11,18,0,41,0,0,0,41
07/17/2019,HTS,WV,AEA,CE,Combined TRACON& Tower with Radar,10,12,7,2,31,0,0,0,0,0,10,12,7,2,31,0,0,0,31
07/18/2019,HTS,WV,AEA,CE,Combined TRACON& Tower with Radar,10,10,10,0,30,0,0,5,0,5,10,10,15,0,35,0,0,0,35
07/19/2019,HTS,WV,AEA,CE,Combined TRACON& Tower with Radar,10,10,9,0,29,0,0,4,1,5,10,10,13,1,34,0,1,1,35
07/20/2019,HTS,WV,AEA,CE,Combined TRACON& Tower with Radar,7,10,5,0,22,0,0,12,2,14,7,10,17,2,36,0,0,0,36
07/21/2019,HTS,WV,AEA,CE,Combined TRACON& Tower with Radar,5,6,4,0,15,0,1,0,0,1,5,7,4,0,16,0,0,0,16
07/22/2019,HTS,WV,AEA,CE,Combined TRACON& Tower with Radar,8,10,3,0,21,0,0,0,0,0,8,10,3,0,21,0,0,0,21
07/23/2019,HTS,WV,AEA,CE,Combined TRACON& Tower with Radar,10,12,9,0,31,0,0,12,0,12,10,12,21,0,43,0,0,0,43
07/24/2019,HTS,WV,AEA,CE,Combined TRACON& Tower with Radar,8,12,11,0,31,2,2,11,10,25,10,14,22,10,56,6,18,24,80
07/25/2019,HTS,WV,AEA,CE,Combined TRACON& Tower with Radar,10,12,3,4,29,0,2,13,3,18,10,14,16,7,47,0,6,6,53
07/26/2019,HTS,WV,AEA,CE,Combined TRACON& Tower with Radar,12,10,9,2,33,0,0,19,0,19,12,10,28,2,52,0,0,0,52
07/27/2019,HTS,WV,AEA,CE,Combined TRACON& Tower with Radar,7,8,12,0,27,0,0,11,0,11,7,8,23,0,38,0,0,0,38
07/28/2019,HTS,WV,AEA,CE,Combined TRACON& Tower with Radar,6,6,13,2,27,0,0,23,0,23,6,6,36,2,50,20,0,20,70
07/29/2019,HTS,WV,AEA,CE,Combined TRACON& Tower with Radar,7,12,6,0,25,0,0,3,0,3,7,12,9,0,28,0,0,0,28
07/30/2019,HTS,WV,AEA,CE,Combined TRACON& Tower with Radar,12,10,11,0,33,0,0,3,0,3,12,10,14,0,36,0,0,0,36
07/31/2019,HTS,WV,AEA,CE,Combined TRACON& Tower with Radar,8,10,10,0,28,0,0,30,13,43,8,10,40,13,71,0,20,20,91
08/01/2019,HTS,WV,AEA,CE,Combined TRACON& Tower with Radar,9,16,3,0,28,0,0,7,0,7,9,16,10,0,35,0,0,0,35
08/02/2019,HTS,WV,AEA,CE,Combined TRACON& Tower with Radar,10,10,4,0,24,0,1,6,0,7,10,11,10,0,31,0,0,0,31
08/03/2019,HTS,WV,AEA,CE,Combined TRACON& Tower with Radar,7,6,6,0,19,0,0,7,0,7,7,6,13,0,26,0,0,0,26
08/04/2019,HTS,WV,AEA,CE,Combined TRACON& Tower with Radar,6,6,4,0,16,0,2,3,0,5,6,8,7,0,21,0,0,0,21
08/05/2019,HTS,WV,AEA,CE,Combined TRACON& Tower with Radar,7,10,4,6,27,0,1,11,2,14,7,11,15,8,41,0,22,22,63
08/06/2019,HTS,WV,AEA,CE,Combined TRACON& Tower with Radar,8,10,12,7,37,0,0,6,6,12,8,10,18,13,49,0,16,16,65
08/07/2019,HTS,WV,AEA,CE,Combined TRACON& Tower with Radar,6,12,2,0,20,0,2,5,2,9,6,14,7,2,29,0,0,0,29
08/08/2019,HTS,WV,AEA,CE,Combined TRACON& Tower with Radar,10,10,14,0,34,0,0,2,0,2,10,10,16,0,36,0,0,0,36
08/09/2019,HTS,WV,AEA,CE,Combined TRACON& Tower with Radar,10,12,6,0,28,0,0,1,0,1,10,12,7,0,29,0,0,0,29
08/10/2019,HTS,WV,AEA,CE,Combined TRACON& Tower with Radar,7,6,9,0,22,0,0,11,0,11,7,6,20,0,33,4,0,4,37
08/11/2019,HTS,WV,AEA,CE,Combined TRACON& Tower with Radar,6,8,14,0,28,0,5,7,0,12,6,13,21,0,40,0,0,0,40
08/12/2019,HTS,WV,AEA,CE,Combined TRACON& Tower with Radar,7,10,7,2,26,0,0,14,0,14,7,10,21,2,40,0,0,0,40
08/13/2019,HTS,WV,AEA,CE,Combined TRACON& Tower with Radar,6,12,1,0,19,0,0,0,0,0,6,12,1,0,19,0,0,0,19
08/14/2019,HTS,WV,AEA,CE,Combined TRACON& Tower with Radar,6,12,18,0,36,0,0,3,0,3,6,12,21,0,39,0,0,0,39
08/15/2019,HTS,WV,AEA,CE,Combined TRACON& Tower with Radar,6,13,18,0,37,0,0,11,3,14,6,13,29,3,51,0,0,0,51
08/16/2019,HTS,WV,AEA,CE,Combined TRACON& Tower with Radar,8,11,6,0,25,0,2,8,0,10,8,13,14,0,35,4,0,4,39
08/17/2019,HTS,WV,AEA,CE,Combined TRACON& Tower with Radar,1,5,6,0,12,0,0,2,0,2,1,5,8,0,14,0,0,0,14
08/18/2019,HTS,WV,AEA,CE,Combined TRACON& Tower with Radar,2,8,9,0,19,0,4,9,0,13,2,12,18,0,32,0,0,0,32
08/19/2019,HTS,WV,AEA,CE,Combined TRACON& Tower with Radar,3,12,9,6,30,0,0,10,3,13,3,12,19,9,43,0,4,4,47
08/20/2019,HTS,WV,AEA,CE,Combined TRACON& Tower with Radar,6,13,5,0,24,0,0,6,0,6,6,13,11,0,30,0,0,0,30
08/21/2019,HTS,WV,AEA,CE,Combined TRACON& Tower with Radar,6,11,12,0,29,0,2,7,2,11,6,13,19,2,40,6,0,6,46
08/22/2019,HTS,WV,AEA,CE,Combined TRACON& Tower with Radar,6,10,5,0,21,0,0,6,1,7,6,10,11,1,28,12,0,12,40
08/23/2019,HTS,WV,AEA,CE,Combined TRACON& Tower with Radar,6,12,6,0,24,0,0,3,0,3,6,12,9,0,27,8,0,8,35
08/24/2019,HTS,WV,AEA,CE,Combined TRACON& Tower with Radar,1,6,4,0,11,0,0,12,0,12,1,6,16,0,23,1,0,1,24
08/25/2019,HTS,WV,AEA,CE,Combined TRACON& Tower with Radar,2,6,2,0,10,0,0,9,0,9,2,6,11,0,19,0,0,0,19
08/26/2019,HTS,WV,AEA,CE,Combined TRACON& Tower with Radar,5,14,0,0,19,0,0,0,0,0,5,14,0,0,19,0,0,0,19
08/27/2019,HTS,WV,AEA,CE,Combined TRACON& Tower with Radar,4,12,4,4,24,0,0,5,2,7,4,12,9,6,31,0,2,2,33
08/28/2019,HTS,WV,AEA,CE,Combined TRACON& Tower with Radar,8,12,11,0,31,0,0,2,0,2,8,12,13,0,33,0,0,0,33
08/29/2019,HTS,WV,AEA,CE,Combined TRACON& Tower with Radar,4,12,12,1,29,0,0,15,2,17,4,12,27,3,46,0,0,0,46
08/30/2019,HTS,WV,AEA,CE,Combined TRACON& Tower with Radar,8,10,11,0,29,0,0,13,0,13,8,10,24,0,42,9,0,9,51
08/31/2019,HTS,WV,AEA,CE,Combined TRACON& Tower with Radar,1,8,8,0,17,0,2,5,0,7,1,10,13,0,24,0,0,0,24
09/01/2019,HTS,WV,AEA,CE,Combined TRACON& Tower with Radar,0,4,6,0,10,0,0,11,0,11,0,4,17,0,21,16,0,16,37
09/02/2019,HTS,WV,AEA,CE,Combined TRACON& Tower with Radar,2,8,7,0,17,0,0,8,0,8,2,8,15,0,25,0,0,0,25
09/03/2019,HTS,WV,AEA,CE,Combined TRACON& Tower with Radar,1,10,2,4,17,0,2,8,0,10,1,12,10,4,27,0,0,0,27
09/04/2019,HTS,WV,AEA,CE,Combined TRACON& Tower with Radar,8,11,5,0,24,0,0,4,0,4,8,11,9,0,28,0,0,0,28
09/05/2019,HTS,WV,AEA,CE,Combined TRACON& Tower with Radar,6,13,14,5,38,0,0,2,2,4,6,13,16,7,42,0,32,32,74
09/06/2019,HTS,WV,AEA,CE,Combined TRACON& Tower with Radar,6,16,4,0,26,0,0,7,0,7,6,16,11,0,33,0,0,0,33
09/07/2019,HTS,WV,AEA,CE,Combined TRACON& Tower with Radar,3,9,6,0,18,0,0,7,0,7,3,9,13,0,25,0,0,0,25
09/08/2019,HTS,WV,AEA,CE,Combined TRACON& Tower with Radar,2,6,6,0,14,0,2,11,0,13,2,8,17,0,27,0,0,0,27
09/09/2019,HTS,WV,AEA,CE,Combined TRACON& Tower with Radar,3,11,11,1,26,0,0,12,4,16,3,11,23,5,42,0,0,0,42
09/10/2019,HTS,WV,AEA,CE,Combined TRACON& Tower with Radar,4,10,17,1,32,0,0,9,0,9,4,10,26,1,41,0,0,0,41
09/11/2019,HTS,WV,AEA,CE,Combined TRACON& Tower with Radar,4,10,14,0,28,0,0,6,3,9,4,10,20,3,37,20,0,20,57
09/12/2019,HTS,WV,AEA,CE,Combined TRACON& Tower with Radar,6,12,13,0,31,0,2,14,0,16,6,14,27,0,47,0,0,0,47
09/13/2019,HTS,WV,AEA,CE,Combined TRACON& Tower with Radar,6,10,13,0,29,0,0,16,0,16,6,10,29,0,45,0,0,0,45
09/14/2019,HTS,WV,AEA,CE,Combined TRACON& Tower with Radar,1,6,9,0,16,0,2,6,0,8,1,8,15,0,24,0,0,0,24
09/15/2019,HTS,WV,AEA,CE,Combined TRACON& Tower with Radar,2,6,12,0,20,0,0,6,0,6,2,6,18,0,26,0,0,0,26
09/16/2019,HTS,WV,AEA,CE,Combined TRACON& Tower with Radar,3,11,11,0,25,0,0,10,0,10,3,11,21,0,35,0,0,0,35
09/17/2019,HTS,WV,AEA,CE,Combined TRACON& Tower with Radar,4,11,6,0,21,0,0,25,0,25,4,11,31,0,46,0,0,0,46
09/18/2019,HTS,WV,AEA,CE,Combined TRACON& Tower with Radar,4,12,7,0,23,0,0,14,1,15,4,12,21,1,38,18,0,18,56
09/19/2019,HTS,WV,AEA,CE,Combined TRACON& Tower with Radar,8,10,10,0,28,0,0,5,0,5,8,10,15,0,33,0,0,0,33
09/20/2019,HTS,WV,AEA,CE,Combined TRACON& Tower with Radar,6,12,11,0,29,0,0,4,1,5,6,12,15,1,34,0,0,0,34
09/21/2019,HTS,WV,AEA,CE,Combined TRACON& Tower with Radar,1,12,1,0,14,0,0,4,0,4,1,12,5,0,18,0,0,0,18
09/22/2019,HTS,WV,AEA,CE,Combined TRACON& Tower with Radar,2,8,9,0,19,0,0,17,0,17,2,8,26,0,36,48,0,48,84
09/23/2019,HTS,WV,AEA,CE,Combined TRACON& Tower with Radar,3,9,12,0,24,0,0,2,0,2,3,9,14,0,26,0,0,0,26
09/24/2019,HTS,WV,AEA,CE,Combined TRACON& Tower with Radar,4,9,11,3,27,0,0,16,1,17,4,9,27,4,44,0,0,0,44
09/25/2019,HTS,WV,AEA,CE,Combined TRACON& Tower with Radar,4,12,8,10,34,0,2,19,2,23,4,14,27,12,57,0,10,10,67
09/26/2019,HTS,WV,AEA,CE,Combined TRACON& Tower with Radar,6,10,8,0,24,0,0,8,0,8,6,10,16,0,32,0,0,0,32
09/27/2019,HTS,WV,AEA,CE,Combined TRACON& Tower with Radar,6,10,7,0,23,0,0,6,0,6,6,10,13,0,29,0,0,0,29
09/28/2019,HTS,WV,AEA,CE,Combined TRACON& Tower with Radar,1,6,2,0,9,0,0,3,0,3,1,6,5,0,12,14,0,14,26
09/29/2019,HTS,WV,AEA,CE,Combined TRACON& Tower with Radar,2,7,9,0,18,0,0,12,0,12,2,7,21,0,30,6,0,6,36
09/30/2019,HTS,WV,AEA,CE,Combined TRACON& Tower with Radar,3,9,4,0,16,0,0,4,0,4,3,9,8,0,20,0,0,0,20
10/01/2019,HTS,WV,AEA,CE,Combined TRACON& Tower with Radar,4,14,10,0,28,0,0,2,1,3,4,14,12,1,31,0,0,0,31
10/02/2019,HTS,WV,AEA,CE,Combined TRACON& Tower with Radar,6,12,14,0,32,0,0,20,3,23,6,12,34,3,55,0,0,0,55
10/03/2019,HTS,WV,AEA,CE,Combined TRACON& Tower with Radar,6,14,11,0,31,0,2,6,0,8,6,16,17,0,39,0,0,0,39
10/04/2019,HTS,WV,AEA,CE,Combined TRACON& Tower with Radar,8,10,8,0,26,0,2,7,0,9,8,12,15,0,35,0,0,0,35
10/05/2019,HTS,WV,AEA,CE,Combined TRACON& Tower with Radar,7,6,10,0,23,0,0,13,0,13,7,6,23,0,36,0,0,0,36
10/06/2019,HTS,WV,AEA,CE,Combined TRACON& Tower with Radar,2,8,9,0,19,0,0,0,0,0,2,8,9,0,19,0,0,0,19
10/07/2019,HTS,WV,AEA,CE,Combined TRACON& Tower with Radar,3,10,1,0,14,0,0,0,0,0,3,10,1,0,14,0,0,0,14
10/08/2019,HTS,WV,AEA,CE,Combined TRACON& Tower with Radar,6,10,6,0,22,0,0,6,0,6,6,10,12,0,28,0,0,0,28
10/09/2019,HTS,WV,AEA,CE,Combined TRACON& Tower with Radar,6,10,7,0,23,0,0,17,3,20,6,10,24,3,43,0,0,0,43
10/10/2019,HTS,WV,AEA,CE,Combined TRACON& Tower with Radar,6,12,11,0,29,0,0,13,0,13,6,12,24,0,42,0,0,0,42
10/11/2019,HTS,WV,AEA,CE,Combined TRACON& Tower with Radar,6,12,10,0,28,0,0,10,0,10,6,12,20,0,38,0,0,0,38
10/12/2019,HTS,WV,AEA,CE,Combined TRACON& Tower with Radar,3,7,7,0,17,0,0,3,2,5,3,7,10,2,22,0,0,0,22
10/13/2019,HTS,WV,AEA,CE,Combined TRACON& Tower with Radar,2,6,11,0,19,0,0,7,0,7,2,6,18,0,26,0,0,0,26
10/14/2019,HTS,WV,AEA,CE,Combined TRACON& Tower with Radar,3,12,12,0,27,0,0,25,0,25,3,12,37,0,52,0,0,0,52
10/15/2019,HTS,WV,AEA,CE,Combined TRACON& Tower with Radar,6,11,2,0,19,0,1,10,0,11,6,12,12,0,30,0,0,0,30
10/16/2019,HTS,WV,AEA,CE,Combined TRACON& Tower with Radar,9,10,10,2,31,0,0,0,0,0,9,10,10,2,31,0,29,29,60
10/17/2019,HTS,WV,AEA,CE,Combined TRACON& Tower with Radar,10,14,3,1,28,0,0,6,1,7,10,14,9,2,35,0,10,10,45
10/18/2019,HTS,WV,AEA,CE,Combined TRACON& Tower with Radar,7,10,8,0,25,0,0,8,1,9,7,10,16,1,34,0,0,0,34
10/19/2019,HTS,WV,AEA,CE,Combined TRACON& Tower with Radar,3,6,5,0,14,0,0,10,0,10,3,6,15,0,24,0,0,0,24
10/20/2019,HTS,WV,AEA,CE,Combined TRACON& Tower with Radar,2,6,8,0,16,0,0,6,0,6,2,6,14,0,22,0,0,0,22
10/21/2019,HTS,WV,AEA,CE,Combined TRACON& Tower with Radar,3,10,9,0,22,0,0,11,0,11,3,10,20,0,33,0,0,0,33
10/22/2019,HTS,WV,AEA,CE,Combined TRACON& Tower with Radar,6,10,2,0,18,0,0,5,0,5,6,10,7,0,23,0,0,0,23
10/23/2019,HTS,WV,AEA,CE,Combined TRACON& Tower with Radar,6,12,11,0,29,0,0,24,4,28,6,12,35,4,57,8,0,8,65
10/24/2019,HTS,WV,AEA,CE,Combined TRACON& Tower with Radar,7,12,7,0,26,0,2,16,4,22,7,14,23,4,48,0,0,0,48
10/25/2019,HTS,WV,AEA,CE,Combined TRACON& Tower with Radar,7,10,14,0,31,0,0,3,0,3,7,10,17,0,34,0,0,0,34
10/26/2019,HTS,WV,AEA,CE,Combined TRACON& Tower with Radar,2,7,6,0,15,0,0,0,0,0,2,7,6,0,15,0,0,0,15
10/27/2019,HTS,WV,AEA,CE,Combined TRACON& Tower with Radar,3,7,8,0,18,0,0,12,0,12,3,7,20,0,30,0,0,0,30
10/28/2019,HTS,WV,AEA,CE,Combined TRACON& Tower with Radar,3,10,7,0,20,0,0,10,0,10,3,10,17,0,30,0,0,0,30
10/29/2019,HTS,WV,AEA,CE,Combined TRACON& Tower with Radar,6,10,2,0,18,0,2,9,0,11,6,12,11,0,29,0,0,0,29
10/30/2019,HTS,WV,AEA,CE,Combined TRACON& Tower with Radar,6,9,0,0,15,0,0,0,0,0,6,9,0,0,15,0,0,0,15
10/31/2019,HTS,WV,AEA,CE,Combined TRACON& Tower with Radar,6,13,1,3,23,0,0,0,3,3,6,13,1,6,26,0,0,0,26
11/01/2019,HTS,WV,AEA,CE,Combined TRACON& Tower with Radar,8,10,8,0,26,0,0,2,1,3,8,10,10,1,29,0,0,0,29
11/02/2019,HTS,WV,AEA,CE,Combined TRACON& Tower with Radar,3,6,3,0,12,0,0,17,0,17,3,6,20,0,29,4,0,4,33
11/03/2019,HTS,WV,AEA,CE,Combined TRACON& Tower with Radar,2,10,8,0,20,0,2,21,0,23,2,12,29,0,43,6,0,6,49
11/04/2019,HTS,WV,AEA,CE,Combined TRACON& Tower with Radar,3,10,1,0,14,0,0,3,0,3,3,10,4,0,17,0,0,0,17
11/05/2019,HTS,WV,AEA,CE,Combined TRACON& Tower with Radar,6,10,7,0,23,0,0,7,0,7,6,10,14,0,30,0,0,0,30
11/06/2019,HTS,WV,AEA,CE,Combined TRACON& Tower with Radar,6,14,8,0,28,0,0,13,6,19,6,14,21,6,47,4,0,4,51
11/07/2019,HTS,WV,AEA,CE,Combined TRACON& Tower with Radar,6,9,0,0,15,0,0,0,0,0,6,9,0,0,15,0,0,0,15
11/08/2019,HTS,WV,AEA,CE,Combined TRACON& Tower with Radar,6,11,9,0,26,0,0,10,0,10,6,11,19,0,36,0,0,0,36
11/09/2019,HTS,WV,AEA,CE,Combined TRACON& Tower with Radar,1,6,9,0,16,0,2,14,0,16,1,8,23,0,32,0,0,0,32
11/10/2019,HTS,WV,AEA,CE,Combined TRACON& Tower with Radar,2,8,2,0,12,0,2,12,0,14,2,10,14,0,26,0,0,0,26
11/11/2019,HTS,WV,AEA,CE,Combined TRACON& Tower with Radar,3,10,4,0,17,0,2,2,0,4,3,12,6,0,21,0,0,0,21
11/12/2019,HTS,WV,AEA,CE,Combined TRACON& Tower with Radar,6,13,6,0,25,0,0,0,0,0,6,13,6,0,25,0,0,0,25
11/13/2019,HTS,WV,AEA,CE,Combined TRACON& Tower with Radar,8,11,4,4,27,0,6,3,3,12,8,17,7,7,39,0,0,0,39
11/14/2019,HTS,WV,AEA,CE,Combined TRACON& Tower with Radar,5,10,10,3,28,0,0,10,1,11,5,10,20,4,39,0,0,0,39
11/15/2019,HTS,WV,AEA,CE,Combined TRACON& Tower with Radar,10,10,13,0,33,0,2,15,0,17,10,12,28,0,50,0,0,0,50
11/16/2019,HTS,WV,AEA,CE,Combined TRACON& Tower with Radar,6,6,6,0,18,0,0,2,0,2,6,6,8,0,20,0,0,0,20
11/17/2019,HTS,WV,AEA,CE,Combined TRACON& Tower with Radar,0,6,6,0,12,0,0,13,0,13,0,6,19,0,25,6,0,6,31
11/18/2019,HTS,WV,AEA,CE,Combined TRACON& Tower with Radar,5,11,4,0,20,0,0,3,0,3,5,11,7,0,23,0,0,0,23
11/19/2019,HTS,WV,AEA,CE,Combined TRACON& Tower with Radar,4,13,1,0,18,0,0,4,0,4,4,13,5,0,22,0,0,0,22
11/20/2019,HTS,WV,AEA,CE,Combined TRACON& Tower with Radar,8,10,13,2,33,0,0,2,2,4,8,10,15,4,37,0,20,20,57
11/21/2019,HTS,WV,AEA,CE,Combined TRACON& Tower with Radar,4,12,9,0,25,0,0,2,0,2,4,12,11,0,27,6,0,6,33
11/22/2019,HTS,WV,AEA,CE,Combined TRACON& Tower with Radar,10,10,6,0,26,0,0,0,0,0,10,10,6,0,26,0,0,0,26
11/23/2019,HTS,WV,AEA,CE,Combined TRACON& Tower with Radar,7,6,5,0,18,0,0,3,0,3,7,6,8,0,21,0,0,0,21
11/24/2019,HTS,WV,AEA,CE,Combined TRACON& Tower with Radar,0,6,9,0,15,0,0,7,0,7,0,6,16,0,22,0,0,0,22
11/25/2019,HTS,WV,AEA,CE,Combined TRACON& Tower with Radar,5,10,5,0,20,0,1,20,0,21,5,11,25,0,41,0,0,0,41
11/26/2019,HTS,WV,AEA,CE,Combined TRACON& Tower with Radar,6,10,5,0,21,0,0,5,0,5,6,10,10,0,26,0,0,0,26
11/27/2019,HTS,WV,AEA,CE,Combined TRACON& Tower with Radar,8,10,4,0,22,0,0,1,0,1,8,10,5,0,23,0,0,0,23
11/28/2019,HTS,WV,AEA,CE,Combined TRACON& Tower with Radar,0,4,7,0,11,0,0,7,0,7,0,4,14,0,18,0,0,0,18
11/29/2019,HTS,WV,AEA,CE,Combined TRACON& Tower with Radar,9,8,3,0,20,0,0,8,0,8,9,8,11,0,28,0,0,0,28
11/30/2019,HTS,WV,AEA,CE,Combined TRACON& Tower with Radar,4,8,7,0,19,0,0,0,0,0,4,8,7,0,19,0,0,0,19
12/01/2019,HTS,WV,AEA,CE,Combined TRACON& Tower with Radar,4,7,3,0,14,0,0,2,0,2,4,7,5,0,16,0,0,0,16
12/02/2019,HTS,WV,AEA,CE,Combined TRACON& Tower with Radar,5,11,2,0,18,0,0,0,0,0,5,11,2,0,18,0,0,0,18
12/03/2019,HTS,WV,AEA,CE,Combined TRACON& Tower with Radar,4,10,4,0,18,0,0,3,0,3,4,10,7,0,21,0,0,0,21
12/04/2019,HTS,WV,AEA,CE,Combined TRACON& Tower with Radar,8,10,15,0,33,0,0,7,6,13,8,10,22,6,46,0,0,0,46
12/05/2019,HTS,WV,AEA,CE,Combined TRACON& Tower with Radar,4,12,10,1,27,0,2,16,1,19,4,14,26,2,46,10,0,10,56
12/06/2019,HTS,WV,AEA,CE,Combined TRACON& Tower with Radar,8,10,2,0,20,0,0,4,2,6,8,10,6,2,26,0,20,20,46
12/07/2019,HTS,WV,AEA,CE,Combined TRACON& Tower with Radar,7,8,9,0,24,0,0,12,0,12,7,8,21,0,36,0,0,0,36
12/08/2019,HTS,WV,AEA,CE,Combined TRACON& Tower with Radar,0,6,9,0,15,0,0,4,0,4,0,6,13,0,19,0,0,0,19
12/09/2019,HTS,WV,AEA,CE,Combined TRACON& Tower with Radar,5,10,0,0,15,0,2,0,0,2,5,12,0,0,17,0,0,0,17
12/10/2019,HTS,WV,AEA,CE,Combined TRACON& Tower with Radar,4,13,5,0,22,0,0,0,0,0,4,13,5,0,22,0,0,0,22
12/11/2019,HTS,WV,AEA,CE,Combined TRACON& Tower with Radar,8,13,6,4,31,0,0,2,10,12,8,13,8,14,43,0,0,0,43
12/12/2019,HTS,WV,AEA,CE,Combined TRACON& Tower with Radar,4,10,12,0,26,0,2,12,0,14,4,12,24,0,40,6,0,6,46
12/13/2019,HTS,WV,AEA,CE,Combined TRACON& Tower with Radar,8,8,4,0,20,0,0,4,0,4,8,8,8,0,24,0,0,0,24
12/14/2019,HTS,WV,AEA,CE,Combined TRACON& Tower with Radar,7,7,0,0,14,0,0,0,0,0,7,7,0,0,14,0,0,0,14
12/15/2019,HTS,WV,AEA,CE,Combined TRACON& Tower with Radar,0,7,2,0,9,0,2,3,0,5,0,9,5,0,14,14,0,14,28
12/16/2019,HTS,WV,AEA,CE,Combined TRACON& Tower with Radar,5,9,4,0,18,0,0,0,0,0,5,9,4,0,18,0,0,0,18
12/17/2019,HTS,WV,AEA,CE,Combined TRACON& Tower with Radar,4,11,3,0,18,0,0,3,1,4,4,11,6,1,22,0,0,0,22
12/18/2019,HTS,WV,AEA,CE,Combined TRACON& Tower with Radar,8,13,7,0,28,0,0,1,0,1,8,13,8,0,29,0,0,0,29
12/19/2019,HTS,WV,AEA,CE,Combined TRACON& Tower with Radar,8,11,6,0,25,0,0,19,0,19,8,11,25,0,44,4,0,4,48
12/20/2019,HTS,WV,AEA,CE,Combined TRACON& Tower with Radar,8,14,9,0,31,0,0,14,0,14,8,14,23,0,45,0,0,0,45
12/21/2019,HTS,WV,AEA,CE,Combined TRACON& Tower with Radar,7,8,2,0,17,0,0,22,0,22,7,8,24,0,39,14,0,14,53
12/22/2019,HTS,WV,AEA,CE,Combined TRACON& Tower with Radar,2,6,12,0,20,0,0,12,0,12,2,6,24,0,32,0,0,0,32
12/23/2019,HTS,WV,AEA,CE,Combined TRACON& Tower with Radar,10,10,9,0,29,0,2,4,0,6,10,12,13,0,35,0,0,0,35
12/24/2019,HTS,WV,AEA,CE,Combined TRACON& Tower with Radar,8,9,1,0,18,0,1,8,0,9,8,10,9,0,27,0,0,0,27
12/25/2019,HTS,WV,AEA,CE,Combined TRACON& Tower with Radar,2,8,2,0,12,0,2,3,0,5,2,10,5,0,17,7,0,7,24
12/26/2019,HTS,WV,AEA,CE,Combined TRACON& Tower with Radar,7,9,7,0,23,0,1,7,0,8,7,10,14,0,31,0,0,0,31
12/27/2019,HTS,WV,AEA,CE,Combined TRACON& Tower with Radar,8,12,9,0,29,0,0,0,0,0,8,12,9,0,29,0,0,0,29
12/28/2019,HTS,WV,AEA,CE,Combined TRACON& Tower with Radar,7,6,7,0,20,0,0,12,0,12,7,6,19,0,32,0,0,0,32
12/29/2019,HTS,WV,AEA,CE,Combined TRACON& Tower with Radar,2,6,3,0,11,0,0,1,0,1,2,6,4,0,12,0,0,0,12
12/30/2019,HTS,WV,AEA,CE,Combined TRACON& Tower with Radar,5,10,8,0,23,0,0,3,0,3,5,10,11,0,26,0,0,0,26
12/31/2019,HTS,WV,AEA,CE,Combined TRACON& Tower with Radar,7,10,3,0,20,0,0,1,0,1,7,10,4,0,21,0,0,0,21
01/01/2020,HTS,WV,AEA,CE,Combined TRACON& Tower with Radar,2,6,6,0,14,0,4,4,0,8,2,10,10,0,22,4,0,4,26
01/02/2020,HTS,WV,AEA,CE,Combined TRACON& Tower with Radar,7,12,0,0,19,0,0,0,0,0,7,12,0,0,19,0,0,0,19
01/03/2020,HTS,WV,AEA,CE,Combined TRACON& Tower with Radar,8,11,1,2,22,0,0,0,0,0,8,11,1,2,22,0,0,0,22
01/04/2020,HTS,WV,AEA,CE,Combined TRACON& Tower with Radar,7,8,2,0,17,0,0,0,0,0,7,8,2,0,17,0,0,0,17
01/05/2020,HTS,WV,AEA,CE,Combined TRACON& Tower with Radar,2,8,2,0,12,0,0,5,0,5,2,8,7,0,17,0,0,0,17
01/06/2020,HTS,WV,AEA,CE,Combined TRACON& Tower with Radar,5,10,4,0,19,0,2,4,0,6,5,12,8,0,25,0,0,0,25
01/07/2020,HTS,WV,AEA,CE,Combined TRACON& Tower with Radar,4,8,2,0,14,0,0,1,0,1,4,8,3,0,15,0,0,0,15
01/08/2020,HTS,WV,AEA,CE,Combined TRACON& Tower with Radar,6,12,6,0,24,0,0,1,0,1,6,12,7,0,25,0,0,0,25
01/09/2020,HTS,WV,AEA,CE,Combined TRACON& Tower with Radar,4,11,3,0,18,0,1,7,1,9,4,12,10,1,27,8,0,8,35
01/10/2020,HTS,WV,AEA,CE,Combined TRACON& Tower with Radar,8,9,7,0,24,0,2,5,1,8,8,11,12,1,32,0,0,0,32
01/11/2020,HTS,WV,AEA,CE,Combined TRACON& Tower with Radar,1,5,1,0,7,0,0,0,0,0,1,5,1,0,7,0,0,0,7
01/12/2020,HTS,WV,AEA,CE,Combined TRACON& Tower with Radar,0,5,3,0,8,0,2,23,0,25,0,7,26,0,33,0,0,0,33
01/13/2020,HTS,WV,AEA,CE,Combined TRACON& Tower with Radar,5,10,7,0,22,0,0,6,0,6,5,10,13,0,28,0,0,0,28
01/14/2020,HTS,WV,AEA,CE,Combined TRACON& Tower with Radar,4,12,3,0,19,0,0,4,0,4,4,12,7,0,23,0,0,0,23
01/15/2020,HTS,WV,AEA,CE,Combined TRACON& Tower with Radar,6,18,4,0,28,0,0,0,0,0,6,18,4,0,28,0,0,0,28
01/16/2020,HTS,WV,AEA,CE,Combined TRACON& Tower with Radar,4,13,6,0,23,0,0,2,3,5,4,13,8,3,28,0,0,0,28
01/17/2020,HTS,WV,AEA,CE,Combined TRACON& Tower with Radar,8,11,11,1,31,0,0,13,1,14,8,11,24,2,45,5,0,5,50
01/18/2020,HTS,WV,AEA,CE,Combined TRACON& Tower with Radar,1,13,3,0,17,0,0,0,0,0,1,13,3,0,17,0,0,0,17
01/19/2020,HTS,WV,AEA,CE,Combined TRACON& Tower with Radar,0,5,2,0,7,0,0,0,0,0,0,5,2,0,7,0,0,0,7
01/20/2020,HTS,WV,AEA,CE,Combined TRACON& Tower with Radar,5,10,7,0,22,0,0,2,0,2,5,10,9,0,24,0,0,0,24
01/21/2020,HTS,WV,AEA,CE,Combined TRACON& Tower with Radar,4,8,11,2,25,0,0,12,0,12,4,8,23,2,37,0,0,0,37
01/22/2020,HTS,WV,AEA,CE,Combined TRACON& Tower with Radar,6,10,5,0,21,0,2,11,0,13,6,12,16,0,34,0,0,0,34
01/23/2020,HTS,WV,AEA,CE,Combined TRACON& Tower with Radar,4,10,8,0,22,0,2,11,1,14,4,12,19,1,36,6,0,6,42
01/24/2020,HTS,WV,AEA,CE,Combined TRACON& Tower with Radar,8,10,3,2,23,0,0,0,0,0,8,10,3,2,23,0,0,0,23
01/25/2020,HTS,WV,AEA,CE,Combined TRACON& Tower with Radar,1,8,0,0,9,0,0,0,0,0,1,8,0,0,9,0,0,0,9
01/26/2020,HTS,WV,AEA,CE,Combined TRACON& Tower with Radar,0,8,0,0,8,0,0,1,0,1,0,8,1,0,9,0,0,0,9
01/27/2020,HTS,WV,AEA,CE,Combined TRACON& Tower with Radar,5,10,6,0,21,0,0,0,0,0,5,10,6,0,21,0,0,0,21
01/28/2020,HTS,WV,AEA,CE,Combined TRACON& Tower with Radar,4,12,3,0,19,0,0,1,0,1,4,12,4,0,20,0,0,0,20
01/29/2020,HTS,WV,AEA,CE,Combined TRACON& Tower with Radar,6,10,8,6,30,0,0,6,0,6,6,10,14,6,36,0,16,16,52
01/30/2020,HTS,WV,AEA,CE,Combined TRACON& Tower with Radar,4,12,10,0,26,0,0,9,2,11,4,12,19,2,37,11,0,11,48
01/31/2020,HTS,WV,AEA,CE,Combined TRACON& Tower with Radar,8,9,4,0,21,0,0,2,0,2,8,9,6,0,23,6,0,6,29
02/01/2020,HTS,WV,AEA,CE,Combined TRACON& Tower with Radar,1,7,3,0,11,0,0,0,0,0,1,7,3,0,11,0,0,0,11
02/02/2020,HTS,WV,AEA,CE,Combined TRACON& Tower with Radar,0,7,2,0,9,0,2,1,0,3,0,9,3,0,12,0,0,0,12
02/03/2020,HTS,WV,AEA,CE,Combined TRACON& Tower with Radar,5,11,10,0,26,0,2,10,2,14,5,13,20,2,40,0,0,0,40
02/04/2020,HTS,WV,AEA,CE,Combined TRACON& Tower with Radar,4,10,5,0,19,0,0,0,0,0,4,10,5,0,19,0,0,0,19
02/05/2020,HTS,WV,AEA,CE,Combined TRACON& Tower with Radar,6,10,5,0,21,0,0,0,0,0,6,10,5,0,21,0,0,0,21
02/06/2020,HTS,WV,AEA,CE,Combined TRACON& Tower with Radar,4,9,6,0,19,0,0,0,0,0,4,9,6,0,19,0,0,0,19
02/07/2020,HTS,WV,AEA,CE,Combined TRACON& Tower with Radar,8,15,2,0,25,0,0,0,0,0,8,15,2,0,25,0,0,0,25
02/08/2020,HTS,WV,AEA,CE,Combined TRACON& Tower with Radar,1,6,2,0,9,0,0,2,0,2,1,6,4,0,11,0,0,0,11
02/09/2020,HTS,WV,AEA,CE,Combined TRACON& Tower with Radar,0,8,3,0,11,0,0,19,0,19,0,8,22,0,30,10,0,10,40
02/10/2020,HTS,WV,AEA,CE,Combined TRACON& Tower with Radar,5,9,3,0,17,0,0,0,0,0,5,9,3,0,17,0,0,0,17
02/11/2020,HTS,WV,AEA,CE,Combined TRACON& Tower with Radar,4,9,7,0,20,0,0,0,0,0,4,9,7,0,20,0,0,0,20
02/12/2020,HTS,WV,AEA,CE,Combined TRACON& Tower with Radar,6,14,0,0,20,0,0,0,0,0,6,14,0,0,20,0,0,0,20
02/13/2020,HTS,WV,AEA,CE,Combined TRACON& Tower with Radar,6,10,4,0,20,0,0,3,0,3,6,10,7,0,23,0,0,0,23
02/14/2020,HTS,WV,AEA,CE,Combined TRACON& Tower with Radar,6,10,5,0,21,0,6,12,0,18,6,16,17,0,39,0,0,0,39
02/15/2020,HTS,WV,AEA,CE,Combined TRACON& Tower with Radar,3,7,2,0,12,0,0,14,1,15,3,7,16,1,27,0,0,0,27
02/16/2020,HTS,WV,AEA,CE,Combined TRACON& Tower with Radar,2,7,6,0,15,0,0,12,0,12,2,7,18,0,27,0,0,0,27
02/17/2020,HTS,WV,AEA,CE,Combined TRACON& Tower with Radar,3,10,9,1,23,0,2,5,0,7,3,12,14,1,30,0,0,0,30
02/18/2020,HTS,WV,AEA,CE,Combined TRACON& Tower with Radar,6,18,6,5,35,0,0,0,2,2,6,18,6,7,37,0,10,10,47
02/19/2020,HTS,WV,AEA,CE,Combined TRACON& Tower with Radar,6,14,13,1,34,0,6,16,1,23,6,20,29,2,57,0,0,0,57
02/20/2020,HTS,WV,AEA,CE,Combined TRACON& Tower with Radar,6,12,13,2,33,0,0,24,3,27,6,12,37,5,60,6,0,6,66
02/21/2020,HTS,WV,AEA,CE,Combined TRACON& Tower with Radar,6,10,7,0,23,0,1,11,0,12,6,11,18,0,35,0,0,0,35
02/22/2020,HTS,WV,AEA,CE,Combined TRACON& Tower with Radar,3,11,12,0,26,0,0,10,0,10,3,11,22,0,36,12,0,12,48
02/23/2020,HTS,WV,AEA,CE,Combined TRACON& Tower with Radar,2,9,4,0,15,0,0,13,0,13,2,9,17,0,28,10,0,10,38
02/24/2020,HTS,WV,AEA,CE,Combined TRACON& Tower with Radar,3,10,0,0,13,0,0,0,0,0,3,10,0,0,13,0,0,0,13
02/25/2020,HTS,WV,AEA,CE,Combined TRACON& Tower with Radar,6,11,6,0,23,0,0,5,0,5,6,11,11,0,28,0,0,0,28
02/26/2020,HTS,WV,AEA,CE,Combined TRACON& Tower with Radar,6,10,1,0,17,0,0,0,0,0,6,10,1,0,17,0,0,0,17
02/27/2020,HTS,WV,AEA,CE,Combined TRACON& Tower with Radar,6,14,5,0,25,0,2,11,0,13,6,16,16,0,38,0,0,0,38
02/28/2020,HTS,WV,AEA,CE,Combined TRACON& Tower with Radar,6,12,5,0,23,0,0,4,0,4,6,12,9,0,27,0,0,0,27
02/29/2020,HTS,WV,AEA,CE,Combined TRACON& Tower with Radar,3,6,3,0,12,0,0,7,0,7,3,6,10,0,19,0,0,0,19
03/01/2020,HTS,WV,AEA,CE,Combined TRACON& Tower with Radar,2,6,6,0,14,0,2,19,0,21,2,8,25,0,35,0,0,0,35
03/02/2020,HTS,WV,AEA,CE,Combined TRACON& Tower with Radar,3,11,2,0,16,0,0,0,0,0,3,11,2,0,16,0,0,0,16
03/03/2020,HTS,WV,AEA,CE,Combined TRACON& Tower with Radar,6,11,7,0,24,0,0,0,0,0,6,11,7,0,24,0,0,0,24
03/04/2020,HTS,WV,AEA,CE,Combined TRACON& Tower with Radar,8,10,5,2,25,0,0,1,0,1,8,10,6,2,26,0,0,0,26
03/05/2020,HTS,WV,AEA,CE,Combined TRACON& Tower with Radar,6,9,12,0,27,0,1,19,1,21,6,10,31,1,48,0,0,0,48
03/06/2020,HTS,WV,AEA,CE,Combined TRACON& Tower with Radar,6,10,14,0,30,0,0,0,0,0,6,10,14,0,30,0,0,0,30
03/07/2020,HTS,WV,AEA,CE,Combined TRACON& Tower with Radar,3,8,11,0,22,0,0,10,0,10,3,8,21,0,32,0,0,0,32
03/08/2020,HTS,WV,AEA,CE,Combined TRACON& Tower with Radar,2,6,14,0,22,0,4,23,0,27,2,10,37,0,49,14,0,14,63
03/09/2020,HTS,WV,AEA,CE,Combined TRACON& Tower with Radar,5,10,5,0,20,0,0,2,0,2,5,10,7,0,22,0,0,0,22
03/10/2020,HTS,WV,AEA,CE,Combined TRACON& Tower with Radar,6,9,7,0,22,0,0,0,0,0,6,9,7,0,22,0,0,0,22
03/11/2020,HTS,WV,AEA,CE,Combined TRACON& Tower with Radar,8,13,6,0,27,0,0,4,0,4,8,13,10,0,31,0,0,0,31
03/12/2020,HTS,WV,AEA,CE,Combined TRACON& Tower with Radar,6,10,17,1,34,0,0,6,2,8,6,10,23,3,42,0,0,0,42
03/13/2020,HTS,WV,AEA,CE,Combined TRACON& Tower with Radar,8,13,7,0,28,0,0,3,0,3,8,13,10,0,31,0,0,0,31
03/14/2020,HTS,WV,AEA,CE,Combined TRACON& Tower with Radar,7,5,1,0,13,0,0,2,0,2,7,5,3,0,15,0,0,0,15
03/15/2020,HTS,WV,AEA,CE,Combined TRACON& Tower with Radar,2,7,6,0,15,0,0,7,0,7,2,7,13,0,22,0,0,0,22
03/16/2020,HTS,WV,AEA,CE,Combined TRACON& Tower with Radar,3,10,4,0,17,0,0,1,0,1,3,10,5,0,18,0,0,0,18
03/17/2020,HTS,WV,AEA,CE,Combined TRACON& Tower with Radar,6,10,4,2,22,0,0,2,0,2,6,10,6,2,24,0,0,0,24
03/18/2020,HTS,WV,AEA,CE,Combined TRACON& Tower with Radar,8,8,6,1,23,0,0,0,0,0,8,8,6,1,23,0,0,0,23
03/19/2020,HTS,WV,AEA,CE,Combined TRACON& Tower with Radar,4,10,10,0,24,0,2,1,0,3,4,12,11,0,27,0,0,0,27
03/20/2020,HTS,WV,AEA,CE,Combined TRACON& Tower with Radar,6,10,3,0,19,0,0,1,0,1,6,10,4,0,20,0,0,0,20
03/21/2020,HTS,WV,AEA,CE,Combined TRACON& Tower with Radar,5,7,6,0,18,0,0,0,0,0,5,7,6,0,18,0,0,0,18
03/22/2020,HTS,WV,AEA,CE,Combined TRACON& Tower with Radar,0,4,4,0,8,0,0,15,0,15,0,4,19,0,23,6,0,6,29
03/23/2020,HTS,WV,AEA,CE,Combined TRACON& Tower with Radar,3,8,0,2,13,0,0,0,0,0,3,8,0,2,13,0,0,0,13
03/24/2020,HTS,WV,AEA,CE,Combined TRACON& Tower with Radar,4,10,4,0,18,0,2,4,0,6,4,12,8,0,24,0,0,0,24
03/25/2020,HTS,WV,AEA,CE,Combined TRACON& Tower with Radar,4,7,0,2,13,0,0,3,0,3,4,7,3,2,16,0,0,0,16
03/26/2020,HTS,WV,AEA,CE,Combined TRACON& Tower with Radar,4,11,3,0,18,0,2,3,0,5,4,13,6,0,23,0,0,0,23
03/27/2020,HTS,WV,AEA,CE,Combined TRACON& Tower with Radar,6,8,2,0,16,0,2,7,0,9,6,10,9,0,25,0,0,0,25
03/28/2020,HTS,WV,AEA,CE,Combined TRACON& Tower with Radar,1,4,2,0,7,0,0,9,0,9,1,4,11,0,16,0,0,0,16
03/29/2020,HTS,WV,AEA,CE,Combined TRACON& Tower with Radar,2,6,1,0,9,0,0,2,0,2,2,6,3,0,11,0,0,0,11
03/30/2020,HTS,WV,AEA,CE,Combined TRACON& Tower with Radar,1,8,0,0,9,0,0,3,0,3,1,8,3,0,12,0,0,0,12
03/31/2020,HTS,WV,AEA,CE,Combined TRACON& Tower with Radar,4,10,8,0,22,0,0,0,0,0,4,10,8,0,22,0,0,0,22
04/01/2020,HTS,WV,AEA,CE,Combined TRACON& Tower with Radar,4,9,1,0,14,0,0,6,0,6,4,9,7,0,20,0,0,0,20
04/02/2020,HTS,WV,AEA,CE,Combined TRACON& Tower with Radar,4,8,8,0,20,0,0,11,0,11,4,8,19,0,31,0,0,0,31
04/03/2020,HTS,WV,AEA,CE,Combined TRACON& Tower with Radar,6,13,5,0,24,0,0,7,0,7,6,13,12,0,31,0,0,0,31
04/04/2020,HTS,WV,AEA,CE,Combined TRACON& Tower with Radar,1,4,5,1,11,0,4,4,1,9,1,8,9,2,20,0,0,0,20
04/05/2020,HTS,WV,AEA,CE,Combined TRACON& Tower with Radar,0,6,2,0,8,0,2,0,0,2,0,8,2,0,10,0,0,0,10
04/06/2020,HTS,WV,AEA,CE,Combined TRACON& Tower with Radar,1,8,4,0,13,0,0,2,0,2,1,8,6,0,15,0,0,0,15
04/07/2020,HTS,WV,AEA,CE,Combined TRACON& Tower with Radar,4,10,1,0,15,0,0,10,0,10,4,10,11,0,25,0,0,0,25
04/08/2020,HTS,WV,AEA,CE,Combined TRACON& Tower with Radar,4,10,6,0,20,0,0,0,0,0,4,10,6,0,20,0,0,0,20
04/09/2020,HTS,WV,AEA,CE,Combined TRACON& Tower with Radar,4,9,0,0,13,0,0,0,0,0,4,9,0,0,13,0,0,0,13
04/10/2020,HTS,WV,AEA,CE,Combined TRACON& Tower with Radar,6,8,1,0,15,0,0,0,0,0,6,8,1,0,15,0,0,0,15
04/11/2020,HTS,WV,AEA,CE,Combined TRACON& Tower with Radar,1,2,9,0,12,0,0,15,0,15,1,2,24,0,27,6,0,6,33
04/12/2020,HTS,WV,AEA,CE,Combined TRACON& Tower with Radar,0,0,1,0,1,0,0,2,0,2,0,0,3,0,3,0,0,0,3
04/13/2020,HTS,WV,AEA,CE,Combined TRACON& Tower with Radar,1,4,1,0,6,0,0,0,0,0,1,4,1,0,6,0,0,0,6
04/14/2020,HTS,WV,AEA,CE,Combined TRACON& Tower with Radar,4,7,4,4,19,0,2,2,0,4,4,9,6,4,23,6,0,6,29
04/15/2020,HTS,WV,AEA,CE,Combined TRACON& Tower with Radar,4,6,3,0,13,0,0,7,0,7,4,6,10,0,20,0,0,0,20
04/16/2020,HTS,WV,AEA,CE,Combined TRACON& Tower with Radar,4,8,4,0,16,0,0,9,0,9,4,8,13,0,25,0,0,0,25
04/17/2020,HTS,WV,AEA,CE,Combined TRACON& Tower with Radar,4,7,2,0,13,0,0,0,0,0,4,7,2,0,13,0,0,0,13
04/18/2020,HTS,WV,AEA,CE,Combined TRACON& Tower with Radar,1,0,5,0,6,0,0,2,0,2,1,0,7,0,8,0,0,0,8
04/19/2020,HTS,WV,AEA,CE,Combined TRACON& Tower with Radar,0,5,2,0,7,0,0,10,0,10,0,5,12,0,17,0,0,0,17
04/20/2020,HTS,WV,AEA,CE,Combined TRACON& Tower with Radar,1,10,1,0,12,0,0,4,0,4,1,10,5,0,16,0,0,0,16
04/21/2020,HTS,WV,AEA,CE,Combined TRACON& Tower with Radar,4,8,0,0,12,0,0,4,0,4,4,8,4,0,16,0,0,0,16
04/22/2020,HTS,WV,AEA,CE,Combined TRACON& Tower with Radar,4,7,3,0,14,0,0,15,0,15,4,7,18,0,29,0,0,0,29
04/23/2020,HTS,WV,AEA,CE,Combined TRACON& Tower with Radar,4,7,0,3,14,0,0,0,0,0,4,7,0,3,14,0,0,0,14
04/24/2020,HTS,WV,AEA,CE,Combined TRACON& Tower with Radar,4,8,4,2,18,0,0,0,0,0,4,8,4,2,18,0,0,0,18
04/25/2020,HTS,WV,AEA,CE,Combined TRACON& Tower with Radar,1,4,0,0,5,0,2,2,0,4,1,6,2,0,9,8,0,8,17
04/26/2020,HTS,WV,AEA,CE,Combined TRACON& Tower with Radar,0,2,2,0,4,0,0,0,0,0,0,2,2,0,4,0,0,0,4
04/27/2020,HTS,WV,AEA,CE,Combined TRACON& Tower with Radar,1,7,4,0,12,0,2,10,0,12,1,9,14,0,24,0,0,0,24
04/28/2020,HTS,WV,AEA,CE,Combined TRACON& Tower with Radar,6,6,4,0,16,0,0,2,0,2,6,6,6,0,18,0,0,0,18
04/29/2020,HTS,WV,AEA,CE,Combined TRACON& Tower with Radar,4,6,0,0,10,0,0,0,0,0,4,6,0,0,10,0,0,0,10
04/30/2020,HTS,WV,AEA,CE,Combined TRACON& Tower with Radar,4,8,4,0,16,0,0,2,0,2,4,8,6,0,18,0,0,0,18
05/01/2020,HTS,WV,AEA,CE,Combined TRACON& Tower with Radar,6,6,2,0,14,0,0,1,0,1,6,6,3,0,15,0,0,0,15
05/02/2020,HTS,WV,AEA,CE,Combined TRACON& Tower with Radar,1,3,8,0,12,0,6,13,0,19,1,9,21,0,31,0,0,0,31
05/03/2020,HTS,WV,AEA,CE,Combined TRACON& Tower with Radar,0,5,3,0,8,0,0,5,0,5,0,5,8,0,13,0,0,0,13
05/04/2020,HTS,WV,AEA,CE,Combined TRACON& Tower with Radar,3,8,2,0,13,0,0,10,0,10,3,8,12,0,23,6,0,6,29
05/05/2020,HTS,WV,AEA,CE,Combined TRACON& Tower with Radar,4,8,2,0,14,0,0,0,0,0,4,8,2,0,14,0,0,0,14
05/06/2020,HTS,WV,AEA,CE,Combined TRACON& Tower with Radar,4,7,8,0,19,0,0,3,0,3,4,7,11,0,22,0,0,0,22
05/07/2020,HTS,WV,AEA,CE,Combined TRACON& Tower with Radar,6,10,2,0,18,0,0,11,0,11,6,10,13,0,29,0,0,0,29
05/08/2020,HTS,WV,AEA,CE,Combined TRACON& Tower with Radar,6,8,6,0,20,0,0,1,0,1,6,8,7,0,21,0,0,0,21
05/09/2020,HTS,WV,AEA,CE,Combined TRACON& Tower with Radar,3,4,1,0,8,0,0,4,0,4,3,4,5,0,12,0,0,0,12
05/10/2020,HTS,WV,AEA,CE,Combined TRACON& Tower with Radar,2,4,2,0,8,0,0,1,0,1,2,4,3,0,9,0,0,0,9
05/11/2020,HTS,WV,AEA,CE,Combined TRACON& Tower with Radar,3,9,4,0,16,0,0,6,0,6,3,9,10,0,22,6,0,6,28
05/12/2020,HTS,WV,AEA,CE,Combined TRACON& Tower with Radar,4,8,4,0,16,0,0,14,0,14,4,8,18,0,30,21,0,21,51
05/13/2020,HTS,WV,AEA,CE,Combined TRACON& Tower with Radar,4,8,9,0,21,0,0,15,0,15,4,8,24,0,36,0,0,0,36
05/14/2020,HTS,WV,AEA,CE,Combined TRACON& Tower with Radar,4,8,4,0,16,0,0,9,0,9,4,8,13,0,25,18,0,18,43
05/15/2020,HTS,WV,AEA,CE,Combined TRACON& Tower with Radar,7,9,0,0,16,0,2,5,0,7,7,11,5,0,23,2,0,2,25
05/16/2020,HTS,WV,AEA,CE,Combined TRACON& Tower with Radar,3,6,2,0,11,0,0,5,0,5,3,6,7,0,16,0,0,0,16
05/17/2020,HTS,WV,AEA,CE,Combined TRACON& Tower with Radar,0,4,8,0,12,0,0,13,0,13,0,4,21,0,25,10,0,10,35
05/18/2020,HTS,WV,AEA,CE,Combined TRACON& Tower with Radar,5,8,4,0,17,0,0,4,0,4,5,8,8,0,21,0,0,0,21
05/19/2020,HTS,WV,AEA,CE,Combined TRACON& Tower with Radar,4,8,0,0,12,0,0,3,0,3,4,8,3,0,15,0,0,0,15
05/20/2020,HTS,WV,AEA,CE,Combined TRACON& Tower with Radar,6,9,2,0,17,0,0,0,0,0,6,9,2,0,17,0,0,0,17
05/21/2020,HTS,WV,AEA,CE,Combined TRACON& Tower with Radar,8,10,3,0,21,0,0,1,0,1,8,10,4,0,22,0,0,0,22
05/22/2020,HTS,WV,AEA,CE,Combined TRACON& Tower with Radar,10,11,8,0,29,0,0,3,0,3,10,11,11,0,32,0,0,0,32
05/23/2020,HTS,WV,AEA,CE,Combined TRACON& Tower with Radar,7,4,7,0,18,0,0,14,0,14,7,4,21,0,32,8,0,8,40
05/24/2020,HTS,WV,AEA,CE,Combined TRACON& Tower with Radar,2,4,11,0,17,0,0,14,0,14,2,4,25,0,31,0,0,0,31
05/25/2020,HTS,WV,AEA,CE,Combined TRACON& Tower with Radar,8,4,8,0,20,0,0,16,0,16,8,4,24,0,36,0,0,0,36
05/26/2020,HTS,WV,AEA,CE,Combined TRACON& Tower with Radar,1,8,8,0,17,0,0,9,0,9,1,8,17,0,26,0,0,0,26
05/27/2020,HTS,WV,AEA,CE,Combined TRACON& Tower with Radar,4,8,5,0,17,0,0,13,0,13,4,8,18,0,30,0,0,0,30
05/28/2020,HTS,WV,AEA,CE,Combined TRACON& Tower with Radar,10,9,6,0,25,0,0,2,0,2,10,9,8,0,27,0,0,0,27
05/29/2020,HTS,WV,AEA,CE,Combined TRACON& Tower with Radar,12,8,2,0,22,0,0,4,0,4,12,8,6,0,26,0,0,0,26
05/30/2020,HTS,WV,AEA,CE,Combined TRACON& Tower with Radar,7,4,5,0,16,0,2,18,0,20,7,6,23,0,36,2,0,2,38
05/31/2020,HTS,WV,AEA,CE,Combined TRACON& Tower with Radar,4,4,6,0,14,0,0,4,0,4,4,4,10,0,18,6,0,6,24
06/01/2020,HTS,WV,AEA,CE,Combined TRACON& Tower with Radar,9,8,12,3,32,0,0,19,0,19,9,8,31,3,51,0,0,0,51
06/02/2020,HTS,WV,AEA,CE,Combined TRACON& Tower with Radar,4,8,5,4,21,0,0,5,0,5,4,8,10,4,26,28,0,28,54
06/03/2020,HTS,WV,AEA,CE,Combined TRACON& Tower with Radar,4,8,6,1,19,0,2,10,4,16,4,10,16,5,35,0,0,0,35
06/04/2020,HTS,WV,AEA,CE,Combined TRACON& Tower with Radar,8,8,4,0,20,0,0,3,0,3,8,8,7,0,23,0,0,0,23
06/05/2020,HTS,WV,AEA,CE,Combined TRACON& Tower with Radar,12,8,2,0,22,0,0,2,0,2,12,8,4,0,24,0,0,0,24
06/06/2020,HTS,WV,AEA,CE,Combined TRACON& Tower with Radar,7,4,8,0,19,0,0,8,0,8,7,4,16,0,27,0,0,0,27
06/07/2020,HTS,WV,AEA,CE,Combined TRACON& Tower with Radar,4,4,3,0,11,0,0,18,0,18,4,4,21,0,29,0,0,0,29
06/08/2020,HTS,WV,AEA,CE,Combined TRACON& Tower with Radar,9,8,4,0,21,0,0,11,0,11,9,8,15,0,32,0,0,0,32
06/09/2020,HTS,WV,AEA,CE,Combined TRACON& Tower with Radar,4,6,2,0,12,0,2,6,0,8,4,8,8,0,20,0,0,0,20
06/10/2020,HTS,WV,AEA,CE,Combined TRACON& Tower with Radar,4,10,7,0,21,0,0,0,3,3,4,10,7,3,24,0,0,0,24
06/11/2020,HTS,WV,AEA,CE,Combined TRACON& Tower with Radar,8,12,9,0,29,0,2,7,0,9,8,14,16,0,38,42,0,42,80
06/12/2020,HTS,WV,AEA,CE,Combined TRACON& Tower with Radar,12,8,2,0,22,0,1,9,1,11,12,9,11,1,33,0,0,0,33
06/13/2020,HTS,WV,AEA,CE,Combined TRACON& Tower with Radar,9,4,2,0,15,0,5,11,0,16,9,9,13,0,31,21,0,21,52
06/14/2020,HTS,WV,AEA,CE,Combined TRACON& Tower with Radar,4,8,7,0,19,0,0,1,0,1,4,8,8,0,20,0,0,0,20
06/15/2020,HTS,WV,AEA,CE,Combined TRACON& Tower with Radar,9,10,7,0,26,0,0,6,0,6,9,10,13,0,32,0,0,0,32
06/16/2020,HTS,WV,AEA,CE,Combined TRACON& Tower with Radar,5,9,14,0,28,0,3,17,0,20,5,12,31,0,48,0,0,0,48
06/17/2020,HTS,WV,AEA,CE,Combined TRACON& Tower with Radar,4,8,6,0,18,0,0,4,0,4,4,8,10,0,22,0,0,0,22
06/18/2020,HTS,WV,AEA,CE,Combined TRACON& Tower with Radar,8,14,6,0,28,0,0,3,0,3,8,14,9,0,31,0,0,0,31
06/19/2020,HTS,WV,AEA,CE,Combined TRACON& Tower with Radar,12,8,11,2,33,0,0,7,0,7,12,8,18,2,40,0,0,0,40
06/20/2020,HTS,WV,AEA,CE,Combined TRACON& Tower with Radar,9,4,1,0,14,0,0,19,4,23,9,4,20,4,37,16,0,16,53
06/21/2020,HTS,WV,AEA,CE,Combined TRACON& Tower with Radar,4,6,2,0,12,0,2,9,0,11,4,8,11,0,23,0,0,0,23
06/22/2020,HTS,WV,AEA,CE,Combined TRACON& Tower with Radar,10,10,11,0,31,0,0,17,0,17,10,10,28,0,48,0,0,0,48
06/23/2020,HTS,WV,AEA,CE,Combined TRACON& Tower with Radar,4,8,3,0,15,0,0,3,0,3,4,8,6,0,18,0,0,0,18
06/24/2020,HTS,WV,AEA,CE,Combined TRACON& Tower with Radar,4,8,7,0,19,0,0,8,0,8,4,8,15,0,27,0,0,0,27
06/25/2020,HTS,WV,AEA,CE,Combined TRACON& Tower with Radar,8,12,7,0,27,0,0,11,0,11,8,12,18,0,38,0,0,0,38
06/26/2020,HTS,WV,AEA,CE,Combined TRACON& Tower with Radar,12,8,1,0,21,0,2,3,0,5,12,10,4,0,26,0,0,0,26
06/27/2020,HTS,WV,AEA,CE,Combined TRACON& Tower with Radar,9,4,4,0,17,0,0,2,0,2,9,4,6,0,19,0,0,0,19
06/28/2020,HTS,WV,AEA,CE,Combined TRACON& Tower with Radar,4,4,2,0,10,0,0,0,0,0,4,4,2,0,10,0,0,0,10
06/29/2020,HTS,WV,AEA,CE,Combined TRACON& Tower with Radar,9,8,3,0,20,0,0,6,0,6,9,8,9,0,26,0,0,0,26
06/30/2020,HTS,WV,AEA,CE,Combined TRACON& Tower with Radar,4,9,2,0,15,0,0,4,0,4,4,9,6,0,19,10,0,10,29
07/01/2020,HTS,WV,AEA,CE,Combined TRACON& Tower with Radar,10,9,3,0,22,0,1,5,0,6,10,10,8,0,28,0,0,0,28
07/02/2020,HTS,WV,AEA,CE,Combined TRACON& Tower with Radar,8,10,15,0,33,0,0,12,5,17,8,10,27,5,50,0,0,0,50
07/03/2020,HTS,WV,AEA,CE,Combined TRACON& Tower with Radar,11,10,6,0,27,0,0,13,0,13,11,10,19,0,40,0,0,0,40
07/04/2020,HTS,WV,AEA,CE,Combined TRACON& Tower with Radar,8,4,1,0,13,0,0,7,0,7,8,4,8,0,20,0,0,0,20
07/05/2020,HTS,WV,AEA,CE,Combined TRACON& Tower with Radar,5,4,5,0,14,0,0,12,0,12,5,4,17,0,26,0,0,0,26
07/06/2020,HTS,WV,AEA,CE,Combined TRACON& Tower with Radar,7,7,6,0,20,0,0,7,3,10,7,7,13,3,30,0,0,0,30
07/07/2020,HTS,WV,AEA,CE,Combined TRACON& Tower with Radar,4,8,5,0,17,0,0,3,0,3,4,8,8,0,20,0,0,0,20
07/08/2020,HTS,WV,AEA,CE,Combined TRACON& Tower with Radar,10,11,11,0,32,0,2,19,0,21,10,13,30,0,53,0,0,0,53
07/09/2020,HTS,WV,AEA,CE,Combined TRACON& Tower with Radar,8,7,12,0,27,0,1,21,3,25,8,8,33,3,52,0,0,0,52
07/10/2020,HTS,WV,AEA,CE,Combined TRACON& Tower with Radar,12,8,5,1,26,0,1,2,0,3,12,9,7,1,29,0,0,0,29
07/11/2020,HTS,WV,AEA,CE,Combined TRACON& Tower with Radar,9,4,10,0,23,0,0,7,0,7,9,4,17,0,30,0,0,0,30
07/12/2020,HTS,WV,AEA,CE,Combined TRACON& Tower with Radar,4,4,6,0,14,0,0,13,0,13,4,4,19,0,27,0,0,0,27
07/13/2020,HTS,WV,AEA,CE,Combined TRACON& Tower with Radar,7,8,6,0,21,0,0,4,0,4,7,8,10,0,25,16,0,16,41
07/14/2020,HTS,WV,AEA,CE,Combined TRACON& Tower with Radar,4,7,5,0,16,0,1,12,0,13,4,8,17,0,29,0,0,0,29
07/15/2020,HTS,WV,AEA,CE,Combined TRACON& Tower with Radar,10,9,12,3,34,0,0,11,5,16,10,9,23,8,50,0,10,10,60
07/16/2020,HTS,WV,AEA,CE,Combined TRACON& Tower with Radar,8,8,4,0,20,0,0,5,0,5,8,8,9,0,25,0,0,0,25
07/17/2020,HTS,WV,AEA,CE,Combined TRACON& Tower with Radar,12,8,9,0,29,0,0,2,0,2,12,8,11,0,31,0,0,0,31
07/18/2020,HTS,WV,AEA,CE,Combined TRACON& Tower with Radar,9,6,3,0,18,0,0,14,0,14,9,6,17,0,32,0,0,0,32
07/19/2020,HTS,WV,AEA,CE,Combined TRACON& Tower with Radar,4,4,3,0,11,0,0,7,0,7,4,4,10,0,18,0,0,0,18
07/20/2020,HTS,WV,AEA,CE,Combined TRACON& Tower with Radar,7,10,4,0,21,0,0,6,0,6,7,10,10,0,27,0,0,0,27
07/21/2020,HTS,WV,AEA,CE,Combined TRACON& Tower with Radar,4,8,6,0,18,0,0,10,0,10,4,8,16,0,28,0,0,0,28
07/22/2020,HTS,WV,AEA,CE,Combined TRACON& Tower with Radar,9,8,5,0,22,0,2,13,0,15,9,10,18,0,37,0,0,0,37
07/23/2020,HTS,WV,AEA,CE,Combined TRACON& Tower with Radar,9,8,6,0,23,0,0,5,0,5,9,8,11,0,28,0,0,0,28
07/24/2020,HTS,WV,AEA,CE,Combined TRACON& Tower with Radar,12,8,8,0,28,0,0,7,0,7,12,8,15,0,35,0,0,0,35
07/25/2020,HTS,WV,AEA,CE,Combined TRACON& Tower with Radar,9,5,8,0,22,0,0,11,0,11,9,5,19,0,33,0,0,0,33
07/26/2020,HTS,WV,AEA,CE,Combined TRACON& Tower with Radar,4,8,3,0,15,0,2,5,0,7,4,10,8,0,22,0,0,0,22
07/27/2020,HTS,WV,AEA,CE,Combined TRACON& Tower with Radar,7,8,9,0,24,0,0,4,1,5,7,8,13,1,29,0,0,0,29
07/28/2020,HTS,WV,AEA,CE,Combined TRACON& Tower with Radar,4,8,6,0,18,0,0,5,0,5,4,8,11,0,23,0,0,0,23
07/29/2020,HTS,WV,AEA,CE,Combined TRACON& Tower with Radar,8,12,6,1,27,0,3,12,0,15,8,15,18,1,42,0,0,0,42
07/30/2020,HTS,WV,AEA,CE,Combined TRACON& Tower with Radar,8,8,2,0,18,0,1,0,0,1,8,9,2,0,19,0,0,0,19
07/31/2020,HTS,WV,AEA,CE,Combined TRACON& Tower with Radar,12,6,4,0,22,0,0,2,0,2,12,6,6,0,24,0,0,0,24
08/01/2020,HTS,WV,AEA,CE,Combined TRACON& Tower with Radar,9,2,10,0,21,0,0,1,0,1,9,2,11,0,22,0,0,0,22
08/02/2020,HTS,WV,AEA,CE,Combined TRACON& Tower with Radar,4,2,2,0,8,0,0,0,0,0,4,2,2,0,8,0,0,0,8
08/03/2020,HTS,WV,AEA,CE,Combined TRACON& Tower with Radar,7,6,6,0,19,0,1,10,0,11,7,7,16,0,30,0,0,0,30
08/04/2020,HTS,WV,AEA,CE,Combined TRACON& Tower with Radar,4,6,10,0,20,0,2,10,0,12,4,8,20,0,32,0,0,0,32
08/05/2020,HTS,WV,AEA,CE,Combined TRACON& Tower with Radar,8,10,9,4,31,0,4,21,0,25,8,14,30,4,56,0,0,0,56
08/06/2020,HTS,WV,AEA,CE,Combined TRACON& Tower with Radar,8,6,12,0,26,0,4,15,0,19,8,10,27,0,45,14,0,14,59
08/07/2020,HTS,WV,AEA,CE,Combined TRACON& Tower with Radar,12,8,10,0,30,0,0,10,0,10,12,8,20,0,40,14,0,14,54
08/08/2020,HTS,WV,AEA,CE,Combined TRACON& Tower with Radar,9,4,8,0,21,0,0,14,0,14,9,4,22,0,35,0,0,0,35
08/09/2020,HTS,WV,AEA,CE,Combined TRACON& Tower with Radar,4,2,9,0,15,0,0,13,0,13,4,2,22,0,28,0,0,0,28
08/10/2020,HTS,WV,AEA,CE,Combined TRACON& Tower with Radar,9,8,10,2,29,0,0,20,0,20,9,8,30,2,49,11,0,11,60
08/11/2020,HTS,WV,AEA,CE,Combined TRACON& Tower with Radar,4,8,10,1,23,0,0,20,1,21,4,8,30,2,44,4,6,10,54
08/12/2020,HTS,WV,AEA,CE,Combined TRACON& Tower with Radar,8,7,5,1,21,0,0,4,11,15,8,7,9,12,36,0,38,38,74
08/13/2020,HTS,WV,AEA,CE,Combined TRACON& Tower with Radar,8,7,2,0,17,0,0,5,4,9,8,7,7,4,26,0,0,0,26
08/14/2020,HTS,WV,AEA,CE,Combined TRACON& Tower with Radar,12,8,4,2,26,0,0,4,0,4,12,8,8,2,30,0,0,0,30
08/15/2020,HTS,WV,AEA,CE,Combined TRACON& Tower with Radar,9,7,0,1,17,0,0,0,0,0,9,7,0,1,17,0,0,0,17
08/16/2020,HTS,WV,AEA,CE,Combined TRACON& Tower with Radar,4,4,7,0,15,0,0,4,1,5,4,4,11,1,20,0,0,0,20
08/17/2020,HTS,WV,AEA,CE,Combined TRACON& Tower with Radar,8,11,10,0,29,0,0,12,2,14,8,11,22,2,43,20,0,20,63
08/18/2020,HTS,WV,AEA,CE,Combined TRACON& Tower with Radar,5,6,0,0,11,0,0,0,0,0,5,6,0,0,11,0,0,0,11
08/19/2020,HTS,WV,AEA,CE,Combined TRACON& Tower with Radar,6,6,9,0,21,0,0,8,0,8,6,6,17,0,29,10,0,10,39
08/20/2020,HTS,WV,AEA,CE,Combined TRACON& Tower with Radar,8,9,5,0,22,0,2,8,1,11,8,11,13,1,33,0,0,0,33
08/21/2020,HTS,WV,AEA,CE,Combined TRACON& Tower with Radar,6,14,6,0,26,0,2,5,3,10,6,16,11,3,36,12,0,12,48
08/22/2020,HTS,WV,AEA,CE,Combined TRACON& Tower with Radar,1,2,4,0,7,0,0,1,0,1,1,2,5,0,8,0,0,0,8
08/23/2020,HTS,WV,AEA,CE,Combined TRACON& Tower with Radar,4,4,4,0,12,0,0,12,0,12,4,4,16,0,24,0,0,0,24
08/24/2020,HTS,WV,AEA,CE,Combined TRACON& Tower with Radar,3,6,6,2,17,0,0,8,0,8,3,6,14,2,25,0,0,0,25
08/25/2020,HTS,WV,AEA,CE,Combined TRACON& Tower with Radar,4,6,5,4,19,0,0,7,0,7,4,6,12,4,26,0,0,0,26
08/26/2020,HTS,WV,AEA,CE,Combined TRACON& Tower with Radar,6,8,13,2,29,0,0,14,7,21,6,8,27,9,50,0,30,30,80
08/27/2020,HTS,WV,AEA,CE,Combined TRACON& Tower with Radar,8,6,7,0,21,0,0,6,0,6,8,6,13,0,27,0,0,0,27
08/28/2020,HTS,WV,AEA,CE,Combined TRACON& Tower with Radar,7,6,6,2,21,0,0,3,2,5,7,6,9,4,26,0,0,0,26
08/29/2020,HTS,WV,AEA,CE,Combined TRACON& Tower with Radar,1,2,0,2,5,0,0,4,0,4,1,2,4,2,9,0,0,0,9
08/30/2020,HTS,WV,AEA,CE,Combined TRACON& Tower with Radar,4,2,4,0,10,0,0,19,0,19,4,2,23,0,29,0,0,0,29
08/31/2020,HTS,WV,AEA,CE,Combined TRACON& Tower with Radar,4,6,0,0,10,0,0,0,0,0,4,6,0,0,10,0,0,0,10
09/01/2020,HTS,WV,AEA,CE,Combined TRACON& Tower with Radar,4,7,13,0,24,0,0,4,0,4,4,7,17,0,28,10,0,10,38
09/02/2020,HTS,WV,AEA,CE,Combined TRACON& Tower with Radar,4,6,3,4,17,0,0,2,0,2,4,6,5,4,19,0,0,0,19
09/03/2020,HTS,WV,AEA,CE,Combined TRACON& Tower with Radar,6,8,1,0,15,0,0,0,0,0,6,8,1,0,15,0,0,0,15
09/04/2020,HTS,WV,AEA,CE,Combined TRACON& Tower with Radar,8,6,11,0,25,0,0,14,0,14,8,6,25,0,39,0,0,0,39
09/05/2020,HTS,WV,AEA,CE,Combined TRACON& Tower with Radar,1,2,13,0,16,0,0,18,0,18,1,2,31,0,34,0,0,0,34
09/06/2020,HTS,WV,AEA,CE,Combined TRACON& Tower with Radar,2,2,4,0,8,0,2,14,0,16,2,4,18,0,24,0,0,0,24
09/07/2020,HTS,WV,AEA,CE,Combined TRACON& Tower with Radar,4,0,5,0,9,0,0,18,0,18,4,0,23,0,27,0,0,0,27
09/08/2020,HTS,WV,AEA,CE,Combined TRACON& Tower with Radar,1,6,11,6,24,0,2,14,0,16,1,8,25,6,40,8,0,8,48
09/09/2020,HTS,WV,AEA,CE,Combined TRACON& Tower with Radar,4,9,10,0,23,0,4,15,0,19,4,13,25,0,42,10,0,10,52
09/10/2020,HTS,WV,AEA,CE,Combined TRACON& Tower with Radar,8,8,16,0,32,0,2,15,1,18,8,10,31,1,50,8,0,8,58
09/11/2020,HTS,WV,AEA,CE,Combined TRACON& Tower with Radar,6,8,19,0,33,0,0,1,0,1,6,8,20,0,34,0,0,0,34
09/12/2020,HTS,WV,AEA,CE,Combined TRACON& Tower with Radar,1,4,1,0,6,0,2,0,0,2,1,6,1,0,8,0,0,0,8
09/13/2020,HTS,WV,AEA,CE,Combined TRACON& Tower with Radar,4,4,6,0,14,0,0,0,0,0,4,4,6,0,14,0,0,0,14
09/14/2020,HTS,WV,AEA,CE,Combined TRACON& Tower with Radar,3,10,9,0,22,0,0,12,0,12,3,10,21,0,34,0,0,0,34
09/15/2020,HTS,WV,AEA,CE,Combined TRACON& Tower with Radar,4,10,11,0,25,0,2,15,0,17,4,12,26,0,42,34,0,34,76
09/16/2020,HTS,WV,AEA,CE,Combined TRACON& Tower with Radar,4,8,16,0,28,0,0,17,4,21,4,8,33,4,49,0,0,0,49
09/17/2020,HTS,WV,AEA,CE,Combined TRACON& Tower with Radar,8,10,3,0,21,0,0,1,2,3,8,10,4,2,24,0,0,0,24
09/18/2020,HTS,WV,AEA,CE,Combined TRACON& Tower with Radar,6,11,17,0,34,0,0,7,0,7,6,11,24,0,41,8,0,8,49
09/19/2020,HTS,WV,AEA,CE,Combined TRACON& Tower with Radar,1,3,7,0,11,0,0,14,0,14,1,3,21,0,25,0,0,0,25
09/20/2020,HTS,WV,AEA,CE,Combined TRACON& Tower with Radar,4,4,2,0,10,0,0,10,2,12,4,4,12,2,22,0,0,0,22
09/21/2020,HTS,WV,AEA,CE,Combined TRACON& Tower with Radar,3,8,9,0,20,0,2,5,2,9,3,10,14,2,29,0,0,0,29
09/22/2020,HTS,WV,AEA,CE,Combined TRACON& Tower with Radar,4,6,7,0,17,0,0,6,0,6,4,6,13,0,23,30,0,30,53
09/23/2020,HTS,WV,AEA,CE,Combined TRACON& Tower with Radar,4,7,6,0,17,0,0,16,0,16,4,7,22,0,33,0,0,0,33
09/24/2020,HTS,WV,AEA,CE,Combined TRACON& Tower with Radar,8,11,10,0,29,0,0,188,2,190,8,11,198,2,219,0,0,0,219
09/25/2020,HTS,WV,AEA,CE,Combined TRACON& Tower with Radar,6,8,18,0,32,0,2,255,1,258,6,10,273,1,290,0,2,2,292
09/26/2020,HTS,WV,AEA,CE,Combined TRACON& Tower with Radar,1,2,4,0,7,0,0,223,0,223,1,2,227,0,230,0,0,0,230
09/27/2020,HTS,WV,AEA,CE,Combined TRACON& Tower with Radar,4,4,3,0,11,0,0,9,0,9,4,4,12,0,20,0,0,0,20
09/28/2020,HTS,WV,AEA,CE,Combined TRACON& Tower with Radar,3,14,7,0,24,0,0,14,1,15,3,14,21,1,39,0,0,0,39
09/29/2020,HTS,WV,AEA,CE,Combined TRACON& Tower with Radar,4,6,3,1,14,0,0,0,0,0,4,6,3,1,14,0,0,0,14
09/30/2020,HTS,WV,AEA,CE,Combined TRACON& Tower with Radar,4,6,3,0,13,0,0,20,2,22,4,6,23,2,35,10,0,10,45
10/01/2020,HTS,WV,AEA,CE,Combined TRACON& Tower with Radar,8,8,9,0,25,0,0,5,4,9,8,8,14,4,34,0,0,0,34
10/02/2020,HTS,WV,AEA,CE,Combined TRACON& Tower with Radar,6,8,13,2,29,0,2,3,0,5,6,10,16,2,34,0,0,0,34
10/03/2020,HTS,WV,AEA,CE,Combined TRACON& Tower with Radar,5,2,4,0,11,0,0,12,0,12,5,2,16,0,23,0,0,0,23
10/04/2020,HTS,WV,AEA,CE,Combined TRACON& Tower with Radar,4,4,3,0,11,0,0,5,0,5,4,4,8,0,16,0,0,0,16
10/05/2020,HTS,WV,AEA,CE,Combined TRACON& Tower with Radar,3,8,10,0,21,0,0,7,0,7,3,8,17,0,28,0,0,0,28
10/06/2020,HTS,WV,AEA,CE,Combined TRACON& Tower with Radar,4,11,2,0,17,0,0,15,0,15,4,11,17,0,32,12,0,12,44
10/07/2020,HTS,WV,AEA,CE,Combined TRACON& Tower with Radar,4,4,4,0,12,0,0,23,0,23,4,4,27,0,35,8,0,8,43
10/08/2020,HTS,WV,AEA,CE,Combined TRACON& Tower with Radar,8,10,9,0,27,0,2,14,0,16,8,12,23,0,43,0,0,0,43
10/09/2020,HTS,WV,AEA,CE,Combined TRACON& Tower with Radar,6,4,21,0,31,0,0,10,0,10,6,4,31,0,41,0,0,0,41
10/10/2020,HTS,WV,AEA,CE,Combined TRACON& Tower with Radar,0,4,3,0,7,0,0,0,0,0,0,4,3,0,7,0,0,0,7
10/11/2020,HTS,WV,AEA,CE,Combined TRACON& Tower with Radar,0,6,2,0,8,0,0,0,0,0,0,6,2,0,8,0,0,0,8
10/12/2020,HTS,WV,AEA,CE,Combined TRACON& Tower with Radar,0,5,5,0,10,0,0,0,0,0,0,5,5,0,10,0,0,0,10
10/13/2020,HTS,WV,AEA,CE,Combined TRACON& Tower with Radar,0,6,17,3,26,0,0,0,1,1,0,6,17,4,27,0,0,0,27
10/14/2020,HTS,WV,AEA,CE,Combined TRACON& Tower with Radar,1,6,13,0,20,0,0,0,0,0,1,6,13,0,20,0,0,0,20
10/15/2020,HTS,WV,AEA,CE,Combined TRACON& Tower with Radar,2,11,6,0,19,0,0,0,0,0,2,11,6,0,19,14,0,14,33
10/16/2020,HTS,WV,AEA,CE,Combined TRACON& Tower with Radar,2,4,13,0,19,0,0,0,0,0,2,4,13,0,19,7,0,7,26
10/17/2020,HTS,WV,AEA,CE,Combined TRACON& Tower with Radar,4,0,2,0,6,0,0,10,0,10,4,0,12,0,16,0,0,0,16
10/18/2020,HTS,WV,AEA,CE,Combined TRACON& Tower with Radar,6,2,9,2,19,0,0,11,0,11,6,2,20,2,30,0,0,0,30
10/19/2020,HTS,WV,AEA,CE,Combined TRACON& Tower with Radar,3,4,5,0,12,0,0,1,0,1,3,4,6,0,13,0,0,0,13
10/20/2020,HTS,WV,AEA,CE,Combined TRACON& Tower with Radar,4,4,6,5,19,0,2,2,5,9,4,6,8,10,28,0,34,34,62
10/21/2020,HTS,WV,AEA,CE,Combined TRACON& Tower with Radar,6,4,5,3,18,0,0,11,5,16,6,4,16,8,34,0,0,0,34
10/22/2020,HTS,WV,AEA,CE,Combined TRACON& Tower with Radar,8,4,4,1,17,0,0,11,3,14,8,4,15,4,31,0,0,0,31
10/23/2020,HTS,WV,AEA,CE,Combined TRACON& Tower with Radar,8,6,10,0,24,0,2,12,0,14,8,8,22,0,38,0,0,0,38
10/24/2020,HTS,WV,AEA,CE,Combined TRACON& Tower with Radar,5,0,10,3,18,0,0,0,0,0,5,0,10,3,18,0,0,0,18
10/25/2020,HTS,WV,AEA,CE,Combined TRACON& Tower with Radar,4,0,7,0,11,0,0,0,0,0,4,0,7,0,11,0,0,0,11
10/26/2020,HTS,WV,AEA,CE,Combined TRACON& Tower with Radar,3,4,9,0,16,0,0,0,0,0,3,4,9,0,16,0,0,0,16
10/27/2020,HTS,WV,AEA,CE,Combined TRACON& Tower with Radar,4,4,5,1,14,0,0,3,4,7,4,4,8,5,21,0,0,0,21
10/28/2020,HTS,WV,AEA,CE,Combined TRACON& Tower with Radar,4,4,8,3,19,0,0,1,0,1,4,4,9,3,20,0,0,0,20
10/29/2020,HTS,WV,AEA,CE,Combined TRACON& Tower with Radar,6,4,1,0,11,0,0,0,0,0,6,4,1,0,11,0,0,0,11
10/30/2020,HTS,WV,AEA,CE,Combined TRACON& Tower with Radar,6,4,14,0,24,0,0,2,0,2,6,4,16,0,26,0,0,0,26
10/31/2020,HTS,WV,AEA,CE,Combined TRACON& Tower with Radar,3,0,9,0,12,0,0,19,0,19,3,0,28,0,31,0,0,0,31
11/01/2020,HTS,WV,AEA,CE,Combined TRACON& Tower with Radar,2,0,7,0,9,0,0,1,0,1,2,0,8,0,10,0,0,0,10
11/02/2020,HTS,WV,AEA,CE,Combined TRACON& Tower with Radar,3,4,6,0,13,0,0,14,0,14,3,4,20,0,27,0,0,0,27
11/03/2020,HTS,WV,AEA,CE,Combined TRACON& Tower with Radar,4,4,7,5,20,0,0,24,0,24,4,4,31,5,44,14,0,14,58
11/04/2020,HTS,WV,AEA,CE,Combined TRACON& Tower with Radar,4,4,7,3,18,0,0,15,7,22,4,4,22,10,40,8,0,8,48
11/05/2020,HTS,WV,AEA,CE,Combined TRACON& Tower with Radar,6,4,10,0,20,0,0,19,0,19,6,4,29,0,39,0,0,0,39
11/06/2020,HTS,WV,AEA,CE,Combined TRACON& Tower with Radar,6,5,21,0,32,0,0,22,0,22,6,5,43,0,54,0,0,0,54
11/07/2020,HTS,WV,AEA,CE,Combined TRACON& Tower with Radar,4,0,10,0,14,0,0,20,0,20,4,0,30,0,34,1,0,1,35
11/08/2020,HTS,WV,AEA,CE,Combined TRACON& Tower with Radar,2,0,10,0,12,0,4,11,2,17,2,4,21,2,29,0,0,0,29
11/09/2020,HTS,WV,AEA,CE,Combined TRACON& Tower with Radar,3,4,5,4,16,0,0,21,33,54,3,4,26,37,70,0,0,0,70
11/10/2020,HTS,WV,AEA,CE,Combined TRACON& Tower with Radar,4,4,4,4,16,0,1,11,3,15,4,5,15,7,31,0,0,0,31
11/11/2020,HTS,WV,AEA,CE,Combined TRACON& Tower with Radar,4,6,4,0,14,0,0,0,0,0,4,6,4,0,14,0,0,0,14
11/12/2020,HTS,WV,AEA,CE,Combined TRACON& Tower with Radar,6,3,6,3,18,0,0,7,0,7,6,3,13,3,25,6,0,6,31
11/13/2020,HTS,WV,AEA,CE,Combined TRACON& Tower with Radar,6,5,11,0,22,0,0,14,0,14,6,5,25,0,36,0,0,0,36
11/14/2020,HTS,WV,AEA,CE,Combined TRACON& Tower with Radar,3,0,13,0,16,0,0,15,0,15,3,0,28,0,31,0,0,0,31
11/15/2020,HTS,WV,AEA,CE,Combined TRACON& Tower with Radar,2,0,1,0,3,0,0,2,0,2,2,0,3,0,5,0,0,0,5
11/16/2020,HTS,WV,AEA,CE,Combined TRACON& Tower with Radar,3,4,14,0,21,0,0,12,0,12,3,4,26,0,33,8,0,8,41
11/17/2020,HTS,WV,AEA,CE,Combined TRACON& Tower with Radar,4,4,8,0,16,0,0,6,0,6,4,4,14,0,22,0,0,0,22
11/18/2020,HTS,WV,AEA,CE,Combined TRACON& Tower with Radar,4,4,5,0,13,0,0,12,0,12,4,4,17,0,25,0,0,0,25
11/19/2020,HTS,WV,AEA,CE,Combined TRACON& Tower with Radar,6,4,5,0,15,0,0,11,0,11,6,4,16,0,26,0,0,0,26
11/20/2020,HTS,WV,AEA,CE,Combined TRACON& Tower with Radar,8,4,8,0,20,0,0,10,3,13,8,4,18,3,33,0,0,0,33
11/21/2020,HTS,WV,AEA,CE,Combined TRACON& Tower with Radar,5,0,7,0,12,0,0,2,0,2,5,0,9,0,14,0,0,0,14
11/22/2020,HTS,WV,AEA,CE,Combined TRACON& Tower with Radar,2,0,0,0,2,0,2,2,0,4,2,2,2,0,6,0,0,0,6
11/23/2020,HTS,WV,AEA,CE,Combined TRACON& Tower with Radar,5,4,12,0,21,0,0,6,0,6,5,4,18,0,27,16,0,16,43
11/24/2020,HTS,WV,AEA,CE,Combined TRACON& Tower with Radar,6,4,5,0,15,0,0,9,0,9,6,4,14,0,24,0,0,0,24
11/25/2020,HTS,WV,AEA,CE,Combined TRACON& Tower with Radar,8,4,6,0,18,0,0,4,0,4,8,4,10,0,22,0,0,0,22
11/26/2020,HTS,WV,AEA,CE,Combined TRACON& Tower with Radar,0,0,2,0,2,0,0,4,0,4,0,0,6,0,6,0,0,0,6
11/27/2020,HTS,WV,AEA,CE,Combined TRACON& Tower with Radar,6,4,8,0,18,0,4,16,0,20,6,8,24,0,38,6,0,6,44
11/28/2020,HTS,WV,AEA,CE,Combined TRACON& Tower with Radar,5,0,3,0,8,0,0,15,0,15,5,0,18,0,23,0,0,0,23
11/29/2020,HTS,WV,AEA,CE,Combined TRACON& Tower with Radar,4,0,9,0,13,0,0,36,0,36,4,0,45,0,49,0,0,0,49
11/30/2020,HTS,WV,AEA,CE,Combined TRACON& Tower with Radar,1,6,4,0,11,0,0,0,0,0,1,6,4,0,11,0,0,0,11
12/01/2020,HTS,WV,AEA,CE,Combined TRACON& Tower with Radar,4,4,0,0,8,0,0,1,0,1,4,4,1,0,9,0,0,0,9
12/02/2020,HTS,WV,AEA,CE,Combined TRACON& Tower with Radar,6,6,8,0,20,0,2,10,0,12,6,8,18,0,32,0,0,0,32
12/03/2020,HTS,WV,AEA,CE,Combined TRACON& Tower with Radar,6,4,8,0,18,0,0,9,0,9,6,4,17,0,27,0,0,0,27
12/04/2020,HTS,WV,AEA,CE,Combined TRACON& Tower with Radar,10,4,4,6,24,0,0,0,0,0,10,4,4,6,24,0,0,0,24
12/05/2020,HTS,WV,AEA,CE,Combined TRACON& Tower with Radar,3,0,2,0,5,0,0,6,0,6,3,0,8,0,11,0,0,0,11
12/06/2020,HTS,WV,AEA,CE,Combined TRACON& Tower with Radar,2,0,8,2,12,0,0,15,0,15,2,0,23,2,27,0,0,0,27
12/07/2020,HTS,WV,AEA,CE,Combined TRACON& Tower with Radar,5,4,0,0,9,0,0,0,0,0,5,4,0,0,9,0,0,0,9
12/08/2020,HTS,WV,AEA,CE,Combined TRACON& Tower with Radar,4,4,1,0,9,0,2,14,3,19,4,6,15,3,28,0,0,0,28
12/09/2020,HTS,WV,AEA,CE,Combined TRACON& Tower with Radar,6,4,5,1,16,1,2,14,1,18,7,6,19,2,34,14,6,20,54
12/10/2020,HTS,WV,AEA,CE,Combined TRACON& Tower with Radar,6,4,5,0,15,0,2,20,1,23,6,6,25,1,38,40,0,40,78
12/11/2020,HTS,WV,AEA,CE,Combined TRACON& Tower with Radar,7,4,2,6,19,0,0,2,0,2,7,4,4,6,21,0,0,0,21
12/12/2020,HTS,WV,AEA,CE,Combined TRACON& Tower with Radar,1,0,0,0,1,0,0,0,0,0,1,0,0,0,1,6,0,6,7
12/13/2020,HTS,WV,AEA,CE,Combined TRACON& Tower with Radar,2,0,5,0,7,0,2,20,0,22,2,2,25,0,29,0,0,0,29
12/14/2020,HTS,WV,AEA,CE,Combined TRACON& Tower with Radar,5,4,3,0,12,0,0,0,0,0,5,4,3,0,12,0,0,0,12
12/15/2020,HTS,WV,AEA,CE,Combined TRACON& Tower with Radar,4,4,7,4,19,0,0,20,0,20,4,4,27,4,39,72,0,72,111
12/16/2020,HTS,WV,AEA,CE,Combined TRACON& Tower with Radar,6,4,11,0,21,0,0,0,0,0,6,4,11,0,21,0,0,0,21
12/17/2020,HTS,WV,AEA,CE,Combined TRACON& Tower with Radar,5,4,0,0,9,0,0,0,0,0,5,4,0,0,9,0,0,0,9
12/18/2020,HTS,WV,AEA,CE,Combined TRACON& Tower with Radar,8,6,13,2,29,0,0,11,0,11,8,6,24,2,40,16,0,16,56
12/19/2020,HTS,WV,AEA,CE,Combined TRACON& Tower with Radar,8,0,2,0,10,0,4,11,0,15,8,4,13,0,25,22,0,22,47
12/20/2020,HTS,WV,AEA,CE,Combined TRACON& Tower with Radar,0,0,5,0,5,0,0,6,0,6,0,0,11,0,11,14,0,14,25
12/21/2020,HTS,WV,AEA,CE,Combined TRACON& Tower with Radar,7,4,11,0,22,0,0,2,0,2,7,4,13,0,24,0,0,0,24
12/22/2020,HTS,WV,AEA,CE,Combined TRACON& Tower with Radar,8,3,8,0,19,0,1,10,0,11,8,4,18,0,30,0,0,0,30
12/23/2020,HTS,WV,AEA,CE,Combined TRACON& Tower with Radar,10,4,2,0,16,0,0,10,0,10,10,4,12,0,26,22,0,22,48
12/24/2020,HTS,WV,AEA,CE,Combined TRACON& Tower with Radar,3,2,2,0,7,0,0,0,0,0,3,2,2,0,7,0,0,0,7
12/25/2020,HTS,WV,AEA,CE,Combined TRACON& Tower with Radar,5,0,0,0,5,0,0,0,0,0,5,0,0,0,5,0,0,0,5
12/26/2020,HTS,WV,AEA,CE,Combined TRACON& Tower with Radar,7,2,2,1,12,0,0,8,0,8,7,2,10,1,20,0,0,0,20
12/27/2020,HTS,WV,AEA,CE,Combined TRACON& Tower with Radar,0,0,4,0,4,0,0,5,0,5,0,0,9,0,9,0,0,0,9
12/28/2020,HTS,WV,AEA,CE,Combined TRACON& Tower with Radar,5,4,3,0,12,0,2,3,0,5,5,6,6,0,17,6,0,6,23
12/29/2020,HTS,WV,AEA,CE,Combined TRACON& Tower with Radar,8,6,15,0,29,0,0,17,0,17,8,6,32,0,46,0,0,0,46
12/30/2020,HTS,WV,AEA,CE,Combined TRACON& Tower with Radar,8,5,4,0,17,0,0,0,0,0,8,5,4,0,17,0,0,0,17
12/31/2020,HTS,WV,AEA,CE,Combined TRACON& Tower with Radar,6,4,1,0,11,0,0,0,0,0,6,4,1,0,11,0,0,0,11
01/01/2021,HTS,WV,AEA,CE,Combined TRACON& Tower with Radar,0,4,2,0,6,0,0,0,0,0,0,4,2,0,6,0,0,0,6
01/02/2021,HTS,WV,AEA,CE,Combined TRACON& Tower with Radar,7,1,6,0,14,0,1,7,0,8,7,2,13,0,22,20,10,30,52
01/03/2021,HTS,WV,AEA,CE,Combined TRACON& Tower with Radar,0,4,0,0,4,0,0,0,0,0,0,4,0,0,4,0,0,0,4
01/04/2021,HTS,WV,AEA,CE,Combined TRACON& Tower with Radar,5,4,4,0,13,0,0,1,0,1,5,4,5,0,14,0,0,0,14
01/05/2021,HTS,WV,AEA,CE,Combined TRACON& Tower with Radar,4,9,2,0,15,0,0,0,0,0,4,9,2,0,15,0,0,0,15
01/06/2021,HTS,WV,AEA,CE,Combined TRACON& Tower with Radar,4,6,2,1,13,0,0,4,3,7,4,6,6,4,20,18,10,28,48
01/07/2021,HTS,WV,AEA,CE,Combined TRACON& Tower with Radar,4,10,8,0,22,0,0,6,0,6,4,10,14,0,28,0,0,0,28
01/08/2021,HTS,WV,AEA,CE,Combined TRACON& Tower with Radar,8,8,0,0,16,0,0,3,0,3,8,8,3,0,19,0,0,0,19
01/09/2021,HTS,WV,AEA,CE,Combined TRACON& Tower with Radar,1,2,2,0,5,0,0,0,0,0,1,2,2,0,5,24,0,24,29
01/10/2021,HTS,WV,AEA,CE,Combined TRACON& Tower with Radar,0,4,7,0,11,0,0,17,0,17,0,4,24,0,28,14,0,14,42
01/11/2021,HTS,WV,AEA,CE,Combined TRACON& Tower with Radar,5,8,1,0,14,0,0,1,0,1,5,8,2,0,15,0,0,0,15
01/12/2021,HTS,WV,AEA,CE,Combined TRACON& Tower with Radar,4,6,4,0,14,0,0,7,0,7,4,6,11,0,21,0,0,0,21
01/13/2021,HTS,WV,AEA,CE,Combined TRACON& Tower with Radar,4,6,6,2,18,0,0,14,2,16,4,6,20,4,34,0,0,0,34
01/14/2021,HTS,WV,AEA,CE,Combined TRACON& Tower with Radar,4,10,4,2,20,0,2,15,2,19,4,12,19,4,39,0,0,0,39
01/15/2021,HTS,WV,AEA,CE,Combined TRACON& Tower with Radar,8,8,10,0,26,0,0,1,0,1,8,8,11,0,27,8,0,8,35
01/16/2021,HTS,WV,AEA,CE,Combined TRACON& Tower with Radar,1,5,2,0,8,0,0,2,0,2,1,5,4,0,10,0,0,0,10
01/17/2021,HTS,WV,AEA,CE,Combined TRACON& Tower with Radar,0,5,1,0,6,0,0,0,0,0,0,5,1,0,6,0,0,0,6
01/18/2021,HTS,WV,AEA,CE,Combined TRACON& Tower with Radar,5,8,3,0,16,0,0,0,0,0,5,8,3,0,16,0,0,0,16
01/19/2021,HTS,WV,AEA,CE,Combined TRACON& Tower with Radar,4,7,2,0,13,0,2,3,1,6,4,9,5,1,19,18,0,18,37
01/20/2021,HTS,WV,AEA,CE,Combined TRACON& Tower with Radar,4,7,8,0,19,0,0,0,0,0,4,7,8,0,19,0,0,0,19
01/21/2021,HTS,WV,AEA,CE,Combined TRACON& Tower with Radar,4,8,6,0,18,0,0,2,0,2,4,8,8,0,20,0,0,0,20
01/22/2021,HTS,WV,AEA,CE,Combined TRACON& Tower with Radar,8,8,7,0,23,0,0,12,0,12,8,8,19,0,35,0,0,0,35
01/23/2021,HTS,WV,AEA,CE,Combined TRACON& Tower with Radar,1,2,11,0,14,0,2,22,0,24,1,4,33,0,38,0,0,0,38
01/24/2021,HTS,WV,AEA,CE,Combined TRACON& Tower with Radar,0,4,3,0,7,0,0,1,0,1,0,4,4,0,8,0,0,0,8
01/25/2021,HTS,WV,AEA,CE,Combined TRACON& Tower with Radar,5,8,1,0,14,0,0,0,0,0,5,8,1,0,14,0,0,0,14
01/26/2021,HTS,WV,AEA,CE,Combined TRACON& Tower with Radar,4,6,7,0,17,0,0,0,0,0,4,6,7,0,17,0,0,0,17
01/27/2021,HTS,WV,AEA,CE,Combined TRACON& Tower with Radar,4,6,11,3,24,0,0,16,1,17,4,6,27,4,41,4,18,22,63
01/28/2021,HTS,WV,AEA,CE,Combined TRACON& Tower with Radar,4,10,3,0,17,0,0,1,3,4,4,10,4,3,21,0,0,0,21
01/29/2021,HTS,WV,AEA,CE,Combined TRACON& Tower with Radar,8,8,8,0,24,0,0,24,0,24,8,8,32,0,48,14,0,14,62
01/30/2021,HTS,WV,AEA,CE,Combined TRACON& Tower with Radar,1,2,3,0,6,0,0,15,0,15,1,2,18,0,21,0,0,0,21
01/31/2021,HTS,WV,AEA,CE,Combined TRACON& Tower with Radar,0,4,5,0,9,0,0,0,0,0,0,4,5,0,9,0,0,0,9
02/01/2021,HTS,WV,AEA,CE,Combined TRACON& Tower with Radar,5,8,0,0,13,0,0,0,0,0,5,8,0,0,13,0,0,0,13
02/02/2021,HTS,WV,AEA,CE,Combined TRACON& Tower with Radar,4,6,0,5,15,0,0,3,0,3,4,6,3,5,18,0,0,0,18
02/03/2021,HTS,WV,AEA,CE,Combined TRACON& Tower with Radar,4,6,11,1,22,0,0,21,0,21,4,6,32,1,43,20,0,20,63
02/04/2021,HTS,WV,AEA,CE,Combined TRACON& Tower with Radar,4,8,0,0,12,0,0,1,1,2,4,8,1,1,14,0,0,0,14
02/05/2021,HTS,WV,AEA,CE,Combined TRACON& Tower with Radar,8,8,0,2,18,0,0,3,0,3,8,8,3,2,21,0,0,0,21
02/06/2021,HTS,WV,AEA,CE,Combined TRACON& Tower with Radar,1,4,8,0,13,0,0,13,0,13,1,4,21,0,26,0,0,0,26
02/07/2021,HTS,WV,AEA,CE,Combined TRACON& Tower with Radar,0,4,0,0,4,0,0,2,0,2,0,4,2,0,6,0,0,0,6
02/08/2021,HTS,WV,AEA,CE,Combined TRACON& Tower with Radar,5,8,0,0,13,0,0,9,0,9,5,8,9,0,22,0,0,0,22
02/09/2021,HTS,WV,AEA,CE,Combined TRACON& Tower with Radar,4,5,1,0,10,0,0,0,0,0,4,5,1,0,10,0,0,0,10
02/10/2021,HTS,WV,AEA,CE,Combined TRACON& Tower with Radar,5,4,0,0,9,0,0,1,0,1,5,4,1,0,10,0,0,0,10
02/11/2021,HTS,WV,AEA,CE,Combined TRACON& Tower with Radar,0,0,0,0,0,0,0,0,0,0,0,0,0,0,0,0,0,0,0
02/12/2021,HTS,WV,AEA,CE,Combined TRACON& Tower with Radar,6,5,8,0,19,0,0,0,0,0,6,5,8,0,19,0,0,0,19
02/13/2021,HTS,WV,AEA,CE,Combined TRACON& Tower with Radar,1,1,0,0,2,0,0,0,0,0,1,1,0,0,2,0,0,0,2
02/14/2021,HTS,WV,AEA,CE,Combined TRACON& Tower with Radar,0,2,5,0,7,0,0,0,0,0,0,2,5,0,7,0,0,0,7
02/15/2021,HTS,WV,AEA,CE,Combined TRACON& Tower with Radar,0,0,0,0,0,0,0,0,0,0,0,0,0,0,0,0,0,0,0
02/16/2021,HTS,WV,AEA,CE,Combined TRACON& Tower with Radar,0,0,0,0,0,0,0,0,0,0,0,0,0,0,0,0,0,0,0
02/17/2021,HTS,WV,AEA,CE,Combined TRACON& Tower with Radar,0,0,0,0,0,0,0,6,0,6,0,0,6,0,6,0,0,0,6
02/18/2021,HTS,WV,AEA,CE,Combined TRACON& Tower with Radar,0,0,0,0,0,0,0,0,0,0,0,0,0,0,0,0,0,0,0
02/19/2021,HTS,WV,AEA,CE,Combined TRACON& Tower with Radar,3,5,0,0,8,0,0,0,0,0,3,5,0,0,8,0,0,0,8
02/20/2021,HTS,WV,AEA,CE,Combined TRACON& Tower with Radar,4,2,0,0,6,0,0,4,0,4,4,2,4,0,10,0,0,0,10
02/21/2021,HTS,WV,AEA,CE,Combined TRACON& Tower with Radar,3,9,2,0,14,0,0,10,0,10,3,9,12,0,24,4,0,4,28
02/22/2021,HTS,WV,AEA,CE,Combined TRACON& Tower with Radar,5,8,1,0,14,0,0,5,0,5,5,8,6,0,19,0,0,0,19
02/23/2021,HTS,WV,AEA,CE,Combined TRACON& Tower with Radar,6,5,2,0,13,0,1,9,0,10,6,6,11,0,23,0,0,0,23
02/24/2021,HTS,WV,AEA,CE,Combined TRACON& Tower with Radar,6,6,0,0,12,0,0,10,0,10,6,6,10,0,22,0,0,0,22
02/25/2021,HTS,WV,AEA,CE,Combined TRACON& Tower with Radar,6,11,7,0,24,0,1,14,3,18,6,12,21,3,42,6,0,6,48
02/26/2021,HTS,WV,AEA,CE,Combined TRACON& Tower with Radar,6,6,6,0,18,0,0,8,1,9,6,6,14,1,27,0,0,0,27
02/27/2021,HTS,WV,AEA,CE,Combined TRACON& Tower with Radar,4,2,3,0,9,0,0,8,0,8,4,2,11,0,17,0,0,0,17
02/28/2021,HTS,WV,AEA,CE,Combined TRACON& Tower with Radar,3,4,4,0,11,0,0,0,0,0,3,4,4,0,11,0,0,0,11
03/01/2021,HTS,WV,AEA,CE,Combined TRACON& Tower with Radar,5,8,0,2,15,0,0,0,0,0,5,8,0,2,15,0,0,0,15
03/02/2021,HTS,WV,AEA,CE,Combined TRACON& Tower with Radar,6,8,1,0,15,0,0,19,0,19,6,8,20,0,34,0,0,0,34
03/03/2021,HTS,WV,AEA,CE,Combined TRACON& Tower with Radar,8,9,7,1,25,0,3,11,0,14,8,12,18,1,39,0,0,0,39
03/04/2021,HTS,WV,AEA,CE,Combined TRACON& Tower with Radar,6,10,1,0,17,0,0,10,4,14,6,10,11,4,31,0,0,0,31
03/05/2021,HTS,WV,AEA,CE,Combined TRACON& Tower with Radar,6,8,8,0,22,0,0,25,0,25,6,8,33,0,47,2,0,2,49
03/06/2021,HTS,WV,AEA,CE,Combined TRACON& Tower with Radar,3,4,7,2,16,0,0,28,0,28,3,4,35,2,44,0,0,0,44
03/07/2021,HTS,WV,AEA,CE,Combined TRACON& Tower with Radar,2,6,7,0,15,0,2,10,0,12,2,8,17,0,27,20,0,20,47
03/08/2021,HTS,WV,AEA,CE,Combined TRACON& Tower with Radar,5,7,8,2,22,0,1,6,0,7,5,8,14,2,29,0,0,0,29
03/09/2021,HTS,WV,AEA,CE,Combined TRACON& Tower with Radar,6,9,5,0,20,0,1,19,0,20,6,10,24,0,40,0,0,0,40
03/10/2021,HTS,WV,AEA,CE,Combined TRACON& Tower with Radar,8,8,3,0,19,0,0,11,3,14,8,8,14,3,33,0,0,0,33
03/11/2021,HTS,WV,AEA,CE,Combined TRACON& Tower with Radar,6,8,4,0,18,0,0,1,0,1,6,8,5,0,19,0,0,0,19
03/12/2021,HTS,WV,AEA,CE,Combined TRACON& Tower with Radar,6,13,7,0,26,0,0,5,0,5,6,13,12,0,31,0,0,0,31
03/13/2021,HTS,WV,AEA,CE,Combined TRACON& Tower with Radar,3,6,7,0,16,0,0,26,0,26,3,6,33,0,42,0,0,0,42
03/14/2021,HTS,WV,AEA,CE,Combined TRACON& Tower with Radar,2,4,6,0,12,0,0,10,0,10,2,4,16,0,22,0,0,0,22
03/15/2021,HTS,WV,AEA,CE,Combined TRACON& Tower with Radar,3,8,3,0,14,0,0,3,0,3,3,8,6,0,17,0,0,0,17
03/16/2021,HTS,WV,AEA,CE,Combined TRACON& Tower with Radar,6,8,10,0,24,0,0,20,0,20,6,8,30,0,44,0,0,0,44
03/17/2021,HTS,WV,AEA,CE,Combined TRACON& Tower with Radar,8,8,12,0,28,0,0,4,0,4,8,8,16,0,32,0,0,0,32
03/18/2021,HTS,WV,AEA,CE,Combined TRACON& Tower with Radar,6,8,2,0,16,0,0,0,2,2,6,8,2,2,18,0,0,0,18
03/19/2021,HTS,WV,AEA,CE,Combined TRACON& Tower with Radar,6,8,8,0,22,0,0,5,0,5,6,8,13,0,27,0,0,0,27
03/20/2021,HTS,WV,AEA,CE,Combined TRACON& Tower with Radar,3,4,5,3,15,0,0,12,0,12,3,4,17,3,27,0,0,0,27
03/21/2021,HTS,WV,AEA,CE,Combined TRACON& Tower with Radar,2,4,5,0,11,0,0,14,1,15,2,4,19,1,26,0,0,0,26
03/22/2021,HTS,WV,AEA,CE,Combined TRACON& Tower with Radar,3,8,5,0,16,0,0,22,0,22,3,8,27,0,38,8,0,8,46
03/23/2021,HTS,WV,AEA,CE,Combined TRACON& Tower with Radar,6,10,9,0,25,0,0,20,0,20,6,10,29,0,45,6,0,6,51
03/24/2021,HTS,WV,AEA,CE,Combined TRACON& Tower with Radar,8,9,9,0,26,0,2,10,2,14,8,11,19,2,40,0,0,0,40
03/25/2021,HTS,WV,AEA,CE,Combined TRACON& Tower with Radar,6,9,1,0,16,0,0,0,0,0,6,9,1,0,16,0,0,0,16
03/26/2021,HTS,WV,AEA,CE,Combined TRACON& Tower with Radar,6,9,3,0,18,0,0,4,0,4,6,9,7,0,22,0,0,0,22
03/27/2021,HTS,WV,AEA,CE,Combined TRACON& Tower with Radar,3,4,8,0,15,0,0,13,0,13,3,4,21,0,28,0,0,0,28
03/28/2021,HTS,WV,AEA,CE,Combined TRACON& Tower with Radar,2,6,2,0,10,0,0,0,0,0,2,6,2,0,10,0,0,0,10
03/29/2021,HTS,WV,AEA,CE,Combined TRACON& Tower with Radar,3,8,3,0,14,0,2,16,0,18,3,10,19,0,32,0,0,0,32
03/30/2021,HTS,WV,AEA,CE,Combined TRACON& Tower with Radar,6,9,7,0,22,0,3,10,0,13,6,12,17,0,35,0,0,0,35
03/31/2021,HTS,WV,AEA,CE,Combined TRACON& Tower with Radar,8,10,6,0,24,0,0,2,0,2,8,10,8,0,26,0,0,0,26
04/01/2021,HTS,WV,AEA,CE,Combined TRACON& Tower with Radar,6,12,2,5,25,0,1,1,1,3,6,13,3,6,28,0,14,14,42
04/02/2021,HTS,WV,AEA,CE,Combined TRACON& Tower with Radar,6,8,9,0,23,0,4,11,6,21,6,12,20,6,44,0,22,22,66
04/03/2021,HTS,WV,AEA,CE,Combined TRACON& Tower with Radar,3,4,7,0,14,0,0,17,0,17,3,4,24,0,31,0,0,0,31
04/04/2021,HTS,WV,AEA,CE,Combined TRACON& Tower with Radar,2,5,6,0,13,0,4,9,0,13,2,9,15,0,26,0,0,0,26
04/05/2021,HTS,WV,AEA,CE,Combined TRACON& Tower with Radar,3,9,15,0,27,0,0,21,8,29,3,9,36,8,56,0,72,72,128
04/06/2021,HTS,WV,AEA,CE,Combined TRACON& Tower with Radar,6,8,4,0,18,0,2,11,0,13,6,10,15,0,31,0,0,0,31
04/07/2021,HTS,WV,AEA,CE,Combined TRACON& Tower with Radar,8,8,8,0,24,0,2,9,2,13,8,10,17,2,37,0,0,0,37
04/08/2021,HTS,WV,AEA,CE,Combined TRACON& Tower with Radar,6,9,2,0,17,0,0,3,2,5,6,9,5,2,22,0,0,0,22
04/09/2021,HTS,WV,AEA,CE,Combined TRACON& Tower with Radar,6,11,12,0,29,0,0,6,0,6,6,11,18,0,35,0,0,0,35
04/10/2021,HTS,WV,AEA,CE,Combined TRACON& Tower with Radar,3,4,3,0,10,0,0,6,0,6,3,4,9,0,16,0,0,0,16
04/11/2021,HTS,WV,AEA,CE,Combined TRACON& Tower with Radar,2,4,2,0,8,0,0,4,0,4,2,4,6,0,12,0,0,0,12
04/12/2021,HTS,WV,AEA,CE,Combined TRACON& Tower with Radar,3,8,10,0,21,0,0,1,0,1,3,8,11,0,22,0,0,0,22
04/13/2021,HTS,WV,AEA,CE,Combined TRACON& Tower with Radar,6,10,8,0,24,0,0,10,0,10,6,10,18,0,34,18,0,18,52
04/14/2021,HTS,WV,AEA,CE,Combined TRACON& Tower with Radar,4,8,13,0,25,0,0,1,0,1,4,8,14,0,26,0,0,0,26
04/15/2021,HTS,WV,AEA,CE,Combined TRACON& Tower with Radar,6,11,7,1,25,0,0,6,1,7,6,11,13,2,32,0,0,0,32
04/16/2021,HTS,WV,AEA,CE,Combined TRACON& Tower with Radar,6,9,7,0,22,0,4,8,0,12,6,13,15,0,34,0,0,0,34
04/17/2021,HTS,WV,AEA,CE,Combined TRACON& Tower with Radar,3,4,8,0,15,0,0,9,0,9,3,4,17,0,24,8,0,8,32
04/18/2021,HTS,WV,AEA,CE,Combined TRACON& Tower with Radar,2,4,8,0,14,0,0,10,0,10,2,4,18,0,24,0,0,0,24
04/19/2021,HTS,WV,AEA,CE,Combined TRACON& Tower with Radar,3,7,14,0,24,0,0,13,0,13,3,7,27,0,37,8,0,8,45
04/20/2021,HTS,WV,AEA,CE,Combined TRACON& Tower with Radar,3,7,2,0,12,0,0,3,0,3,3,7,5,0,15,0,0,0,15
04/21/2021,HTS,WV,AEA,CE,Combined TRACON& Tower with Radar,4,6,2,0,12,0,0,2,2,4,4,6,4,2,16,0,0,0,16
04/22/2021,HTS,WV,AEA,CE,Combined TRACON& Tower with Radar,6,8,7,0,21,0,0,9,2,11,6,8,16,2,32,0,0,0,32
04/23/2021,HTS,WV,AEA,CE,Combined TRACON& Tower with Radar,6,8,10,0,24,0,2,18,0,20,6,10,28,0,44,0,0,0,44
04/24/2021,HTS,WV,AEA,CE,Combined TRACON& Tower with Radar,3,4,5,0,12,0,0,3,0,3,3,4,8,0,15,0,0,0,15
04/25/2021,HTS,WV,AEA,CE,Combined TRACON& Tower with Radar,2,4,11,0,17,0,0,0,1,1,2,4,11,1,18,0,0,0,18
04/26/2021,HTS,WV,AEA,CE,Combined TRACON& Tower with Radar,3,8,3,0,14,0,4,10,0,14,3,12,13,0,28,0,0,0,28
04/27/2021,HTS,WV,AEA,CE,Combined TRACON& Tower with Radar,4,8,8,1,21,0,0,9,1,10,4,8,17,2,31,0,8,8,39
04/28/2021,HTS,WV,AEA,CE,Combined TRACON& Tower with Radar,4,14,7,0,25,0,2,4,0,6,4,16,11,0,31,6,0,6,37
04/29/2021,HTS,WV,AEA,CE,Combined TRACON& Tower with Radar,6,10,10,0,26,0,0,0,0,0,6,10,10,0,26,0,0,0,26
04/30/2021,HTS,WV,AEA,CE,Combined TRACON& Tower with Radar,6,8,12,3,29,0,0,3,1,4,6,8,15,4,33,0,0,0,33
05/01/2021,HTS,WV,AEA,CE,Combined TRACON& Tower with Radar,3,6,9,0,18,0,0,14,2,16,3,6,23,2,34,0,0,0,34
05/02/2021,HTS,WV,AEA,CE,Combined TRACON& Tower with Radar,2,6,8,0,16,0,2,6,0,8,2,8,14,0,24,0,0,0,24
05/03/2021,HTS,WV,AEA,CE,Combined TRACON& Tower with Radar,3,8,11,0,22,0,0,1,0,1,3,8,12,0,23,0,0,0,23
05/04/2021,HTS,WV,AEA,CE,Combined TRACON& Tower with Radar,4,8,1,0,13,0,0,0,0,0,4,8,1,0,13,0,0,0,13
05/05/2021,HTS,WV,AEA,CE,Combined TRACON& Tower with Radar,4,8,4,0,16,0,0,3,0,3,4,8,7,0,19,0,0,0,19
05/06/2021,HTS,WV,AEA,CE,Combined TRACON& Tower with Radar,6,14,6,0,26,0,2,14,4,20,6,16,20,4,46,0,0,0,46
05/07/2021,HTS,WV,AEA,CE,Combined TRACON& Tower with Radar,6,8,9,0,23,0,0,3,0,3,6,8,12,0,26,0,0,0,26
05/08/2021,HTS,WV,AEA,CE,Combined TRACON& Tower with Radar,3,6,2,0,11,0,0,16,0,16,3,6,18,0,27,0,0,0,27
05/09/2021,HTS,WV,AEA,CE,Combined TRACON& Tower with Radar,2,6,2,0,10,0,0,1,0,1,2,6,3,0,11,0,0,0,11
05/10/2021,HTS,WV,AEA,CE,Combined TRACON& Tower with Radar,3,8,13,1,25,0,0,5,1,6,3,8,18,2,31,0,0,0,31
05/11/2021,HTS,WV,AEA,CE,Combined TRACON& Tower with Radar,4,8,10,0,22,0,0,11,0,11,4,8,21,0,33,0,0,0,33
05/12/2021,HTS,WV,AEA,CE,Combined TRACON& Tower with Radar,4,8,5,0,17,0,0,0,0,0,4,8,5,0,17,0,0,0,17
05/13/2021,HTS,WV,AEA,CE,Combined TRACON& Tower with Radar,6,8,8,0,22,0,4,35,3,42,6,12,43,3,64,0,0,0,64
05/14/2021,HTS,WV,AEA,CE,Combined TRACON& Tower with Radar,5,3,9,0,17,0,0,10,0,10,5,3,19,0,27,0,0,0,27
05/15/2021,HTS,WV,AEA,CE,Combined TRACON& Tower with Radar,3,5,6,0,14,0,0,17,2,19,3,5,23,2,33,0,0,0,33
05/16/2021,HTS,WV,AEA,CE,Combined TRACON& Tower with Radar,2,5,3,0,10,0,0,16,0,16,2,5,19,0,26,0,0,0,26
05/17/2021,HTS,WV,AEA,CE,Combined TRACON& Tower with Radar,3,8,6,0,17,0,0,1,0,1,3,8,7,0,18,0,0,0,18
05/18/2021,HTS,WV,AEA,CE,Combined TRACON& Tower with Radar,4,11,8,0,23,0,0,5,0,5,4,11,13,0,28,0,0,0,28
05/19/2021,HTS,WV,AEA,CE,Combined TRACON& Tower with Radar,4,13,11,0,28,0,0,17,0,17,4,13,28,0,45,0,0,0,45
05/20/2021,HTS,WV,AEA,CE,Combined TRACON& Tower with Radar,6,11,5,0,22,0,0,10,5,15,6,11,15,5,37,28,0,28,65
05/21/2021,HTS,WV,AEA,CE,Combined TRACON& Tower with Radar,6,8,14,0,28,0,0,12,0,12,6,8,26,0,40,0,0,0,40
05/22/2021,HTS,WV,AEA,CE,Combined TRACON& Tower with Radar,4,5,7,0,16,0,2,14,0,16,4,7,21,0,32,0,0,0,32
05/23/2021,HTS,WV,AEA,CE,Combined TRACON& Tower with Radar,2,6,4,0,12,0,0,11,0,11,2,6,15,0,23,0,0,0,23
05/24/2021,HTS,WV,AEA,CE,Combined TRACON& Tower with Radar,3,8,9,0,20,0,0,5,0,5,3,8,14,0,25,0,0,0,25
05/25/2021,HTS,WV,AEA,CE,Combined TRACON& Tower with Radar,4,8,7,0,19,0,0,12,0,12,4,8,19,0,31,0,0,0,31
05/26/2021,HTS,WV,AEA,CE,Combined TRACON& Tower with Radar,6,8,10,0,24,0,0,5,0,5,6,8,15,0,29,0,0,0,29
05/27/2021,HTS,WV,AEA,CE,Combined TRACON& Tower with Radar,6,10,18,0,34,0,1,5,0,6,6,11,23,0,40,0,0,0,40
05/28/2021,HTS,WV,AEA,CE,Combined TRACON& Tower with Radar,12,8,3,0,23,0,0,1,0,1,12,8,4,0,24,0,0,0,24
05/29/2021,HTS,WV,AEA,CE,Combined TRACON& Tower with Radar,11,4,8,0,23,0,0,0,0,0,11,4,8,0,23,0,0,0,23
05/30/2021,HTS,WV,AEA,CE,Combined TRACON& Tower with Radar,2,4,6,0,12,0,2,0,0,2,2,6,6,0,14,0,0,0,14
05/31/2021,HTS,WV,AEA,CE,Combined TRACON& Tower with Radar,8,4,4,0,16,0,0,12,0,12,8,4,16,0,28,0,0,0,28
06/01/2021,HTS,WV,AEA,CE,Combined TRACON& Tower with Radar,5,8,9,0,22,0,0,7,0,7,5,8,16,0,29,0,0,0,29
06/02/2021,HTS,WV,AEA,CE,Combined TRACON& Tower with Radar,10,10,9,4,33,0,0,0,0,0,10,10,9,4,33,2,0,2,35
06/03/2021,HTS,WV,AEA,CE,Combined TRACON& Tower with Radar,8,15,4,0,27,0,0,0,0,0,8,15,4,0,27,0,0,0,27
06/04/2021,HTS,WV,AEA,CE,Combined TRACON& Tower with Radar,12,11,5,0,28,0,2,9,0,11,12,13,14,0,39,0,0,0,39
06/05/2021,HTS,WV,AEA,CE,Combined TRACON& Tower with Radar,11,6,4,0,21,0,0,18,0,18,11,6,22,0,39,0,0,0,39
06/06/2021,HTS,WV,AEA,CE,Combined TRACON& Tower with Radar,4,7,4,0,15,0,0,7,0,7,4,7,11,0,22,0,0,0,22
06/07/2021,HTS,WV,AEA,CE,Combined TRACON& Tower with Radar,9,15,5,0,29,0,0,0,0,0,9,15,5,0,29,0,0,0,29
06/08/2021,HTS,WV,AEA,CE,Combined TRACON& Tower with Radar,8,13,7,0,28,0,0,3,0,3,8,13,10,0,31,0,0,0,31
06/09/2021,HTS,WV,AEA,CE,Combined TRACON& Tower with Radar,12,11,1,0,24,0,0,0,0,0,12,11,1,0,24,0,0,0,24
06/10/2021,HTS,WV,AEA,CE,Combined TRACON& Tower with Radar,8,13,9,0,30,0,0,0,0,0,8,13,9,0,30,0,0,0,30
06/11/2021,HTS,WV,AEA,CE,Combined TRACON& Tower with Radar,12,9,5,0,26,0,0,2,0,2,12,9,7,0,28,0,0,0,28
06/12/2021,HTS,WV,AEA,CE,Combined TRACON& Tower with Radar,11,5,9,0,25,0,0,8,2,10,11,5,17,2,35,0,0,0,35
06/13/2021,HTS,WV,AEA,CE,Combined TRACON& Tower with Radar,4,7,4,0,15,0,0,5,0,5,4,7,9,0,20,0,0,0,20
06/14/2021,HTS,WV,AEA,CE,Combined TRACON& Tower with Radar,9,12,6,1,28,0,0,6,0,6,9,12,12,1,34,0,0,0,34
06/15/2021,HTS,WV,AEA,CE,Combined TRACON& Tower with Radar,8,10,2,0,20,0,2,13,0,15,8,12,15,0,35,40,0,40,75
06/16/2021,HTS,WV,AEA,CE,Combined TRACON& Tower with Radar,12,11,14,3,40,0,3,15,0,18,12,14,29,3,58,20,0,20,78
06/17/2021,HTS,WV,AEA,CE,Combined TRACON& Tower with Radar,8,10,2,0,20,0,0,13,4,17,8,10,15,4,37,0,0,0,37
06/18/2021,HTS,WV,AEA,CE,Combined TRACON& Tower with Radar,11,13,12,1,37,0,0,4,9,13,11,13,16,10,50,0,0,0,50
06/19/2021,HTS,WV,AEA,CE,Combined TRACON& Tower with Radar,12,9,9,1,31,0,0,1,0,1,12,9,10,1,32,0,0,0,32
06/20/2021,HTS,WV,AEA,CE,Combined TRACON& Tower with Radar,4,8,1,0,13,0,2,9,1,12,4,10,10,1,25,0,0,0,25
06/21/2021,HTS,WV,AEA,CE,Combined TRACON& Tower with Radar,9,9,10,0,28,0,0,1,0,1,9,9,11,0,29,0,0,0,29
06/22/2021,HTS,WV,AEA,CE,Combined TRACON& Tower with Radar,8,11,2,0,21,0,0,7,0,7,8,11,9,0,28,3,0,3,31
06/23/2021,HTS,WV,AEA,CE,Combined TRACON& Tower with Radar,10,12,5,0,27,0,2,39,0,41,10,14,44,0,68,20,0,20,88
06/24/2021,HTS,WV,AEA,CE,Combined TRACON& Tower with Radar,8,12,14,0,34,0,0,19,0,19,8,12,33,0,53,0,0,0,53
06/25/2021,HTS,WV,AEA,CE,Combined TRACON& Tower with Radar,12,11,9,0,32,0,0,14,0,14,12,11,23,0,46,6,0,6,52
06/26/2021,HTS,WV,AEA,CE,Combined TRACON& Tower with Radar,11,6,10,0,27,0,4,4,0,8,11,10,14,0,35,0,0,0,35
06/27/2021,HTS,WV,AEA,CE,Combined TRACON& Tower with Radar,4,6,9,0,19,0,0,10,0,10,4,6,19,0,29,8,0,8,37
06/28/2021,HTS,WV,AEA,CE,Combined TRACON& Tower with Radar,6,10,7,0,23,0,2,8,0,10,6,12,15,0,33,12,0,12,45
06/29/2021,HTS,WV,AEA,CE,Combined TRACON& Tower with Radar,9,9,6,0,24,0,1,2,0,3,9,10,8,0,27,0,0,0,27
06/30/2021,HTS,WV,AEA,CE,Combined TRACON& Tower with Radar,12,10,5,0,27,0,0,2,0,2,12,10,7,0,29,0,0,0,29
07/01/2021,HTS,WV,AEA,CE,Combined TRACON& Tower with Radar,8,11,4,0,23,0,0,0,0,0,8,11,4,0,23,0,0,0,23
07/02/2021,HTS,WV,AEA,CE,Combined TRACON& Tower with Radar,12,13,3,0,28,0,0,4,0,4,12,13,7,0,32,0,0,0,32
07/03/2021,HTS,WV,AEA,CE,Combined TRACON& Tower with Radar,10,6,4,0,20,0,0,8,1,9,10,6,12,1,29,4,0,4,33
07/04/2021,HTS,WV,AEA,CE,Combined TRACON& Tower with Radar,5,6,5,0,16,0,0,0,0,0,5,6,5,0,16,0,0,0,16
07/05/2021,HTS,WV,AEA,CE,Combined TRACON& Tower with Radar,8,6,8,0,22,0,0,11,0,11,8,6,19,0,33,1,0,1,34
07/06/2021,HTS,WV,AEA,CE,Combined TRACON& Tower with Radar,5,10,6,1,22,0,0,7,0,7,5,10,13,1,29,0,0,0,29
07/07/2021,HTS,WV,AEA,CE,Combined TRACON& Tower with Radar,10,10,6,0,26,0,0,9,0,9,10,10,15,0,35,0,0,0,35
07/08/2021,HTS,WV,AEA,CE,Combined TRACON& Tower with Radar,8,10,2,0,20,0,0,5,0,5,8,10,7,0,25,0,0,0,25
07/09/2021,HTS,WV,AEA,CE,Combined TRACON& Tower with Radar,12,9,8,0,29,0,0,8,0,8,12,9,16,0,37,0,0,0,37
07/10/2021,HTS,WV,AEA,CE,Combined TRACON& Tower with Radar,8,7,8,0,23,0,0,4,0,4,8,7,12,0,27,0,0,0,27
07/11/2021,HTS,WV,AEA,CE,Combined TRACON& Tower with Radar,5,5,6,0,16,0,0,2,0,2,5,5,8,0,18,0,0,0,18
07/12/2021,HTS,WV,AEA,CE,Combined TRACON& Tower with Radar,9,11,3,2,25,0,0,2,1,3,9,11,5,3,28,0,0,0,28
07/13/2021,HTS,WV,AEA,CE,Combined TRACON& Tower with Radar,8,9,9,0,26,0,1,3,0,4,8,10,12,0,30,12,0,12,42
07/14/2021,HTS,WV,AEA,CE,Combined TRACON& Tower with Radar,10,11,6,4,31,0,0,10,2,12,10,11,16,6,43,0,8,8,51
07/15/2021,HTS,WV,AEA,CE,Combined TRACON& Tower with Radar,8,11,10,0,29,0,0,15,3,18,8,11,25,3,47,0,0,0,47
07/16/2021,HTS,WV,AEA,CE,Combined TRACON& Tower with Radar,12,10,11,0,33,0,0,18,5,23,12,10,29,5,56,0,0,0,56
07/17/2021,HTS,WV,AEA,CE,Combined TRACON& Tower with Radar,9,6,9,0,24,0,0,6,0,6,9,6,15,0,30,0,0,0,30
07/18/2021,HTS,WV,AEA,CE,Combined TRACON& Tower with Radar,4,5,3,0,12,0,0,11,0,11,4,5,14,0,23,0,0,0,23
07/19/2021,HTS,WV,AEA,CE,Combined TRACON& Tower with Radar,9,11,7,0,27,0,1,9,0,10,9,12,16,0,37,0,0,0,37
07/20/2021,HTS,WV,AEA,CE,Combined TRACON& Tower with Radar,8,9,14,1,32,0,0,10,5,15,8,9,24,6,47,0,0,0,47
07/21/2021,HTS,WV,AEA,CE,Combined TRACON& Tower with Radar,8,11,9,0,28,0,0,4,1,5,8,11,13,1,33,0,0,0,33
07/22/2021,HTS,WV,AEA,CE,Combined TRACON& Tower with Radar,8,14,13,0,35,0,0,15,3,18,8,14,28,3,53,0,0,0,53
07/23/2021,HTS,WV,AEA,CE,Combined TRACON& Tower with Radar,12,12,5,0,29,0,0,10,0,10,12,12,15,0,39,0,0,0,39
07/24/2021,HTS,WV,AEA,CE,Combined TRACON& Tower with Radar,13,6,7,0,26,0,0,20,0,20,13,6,27,0,46,0,0,0,46
07/25/2021,HTS,WV,AEA,CE,Combined TRACON& Tower with Radar,4,6,0,0,10,0,0,4,0,4,4,6,4,0,14,0,0,0,14
07/26/2021,HTS,WV,AEA,CE,Combined TRACON& Tower with Radar,9,7,2,1,19,0,0,4,0,4,9,7,6,1,23,0,0,0,23
07/27/2021,HTS,WV,AEA,CE,Combined TRACON& Tower with Radar,8,13,5,3,29,0,0,14,1,15,8,13,19,4,44,0,0,0,44
07/28/2021,HTS,WV,AEA,CE,Combined TRACON& Tower with Radar,8,10,10,2,30,0,0,16,4,20,8,10,26,6,50,0,0,0,50
07/29/2021,HTS,WV,AEA,CE,Combined TRACON& Tower with Radar,8,11,8,0,27,0,0,8,2,10,8,11,16,2,37,10,0,10,47
07/30/2021,HTS,WV,AEA,CE,Combined TRACON& Tower with Radar,12,9,13,2,36,0,0,5,0,5,12,9,18,2,41,0,0,0,41
07/31/2021,HTS,WV,AEA,CE,Combined TRACON& Tower with Radar,9,8,10,0,27,0,0,5,0,5,9,8,15,0,32,0,0,0,32
08/01/2021,HTS,WV,AEA,CE,Combined TRACON& Tower with Radar,4,6,6,0,16,0,0,9,0,9,4,6,15,0,25,0,0,0,25
08/02/2021,HTS,WV,AEA,CE,Combined TRACON& Tower with Radar,8,9,3,0,20,0,0,2,3,5,8,9,5,3,25,0,0,0,25
08/03/2021,HTS,WV,AEA,CE,Combined TRACON& Tower with Radar,6,9,9,0,24,0,0,12,2,14,6,9,21,2,38,0,0,0,38
08/04/2021,HTS,WV,AEA,CE,Combined TRACON& Tower with Radar,9,9,9,2,29,0,0,4,4,8,9,9,13,6,37,0,0,0,37
08/05/2021,HTS,WV,AEA,CE,Combined TRACON& Tower with Radar,6,10,3,0,19,0,0,9,2,11,6,10,12,2,30,0,0,0,30
08/06/2021,HTS,WV,AEA,CE,Combined TRACON& Tower with Radar,12,11,8,2,33,0,2,7,0,9,12,13,15,2,42,0,0,0,42
08/07/2021,HTS,WV,AEA,CE,Combined TRACON& Tower with Radar,7,8,11,1,27,0,0,5,1,6,7,8,16,2,33,0,0,0,33
08/08/2021,HTS,WV,AEA,CE,Combined TRACON& Tower with Radar,0,6,5,4,15,0,2,3,0,5,0,8,8,4,20,9,0,9,29
08/09/2021,HTS,WV,AEA,CE,Combined TRACON& Tower with Radar,9,8,10,0,27,0,0,6,0,6,9,8,16,0,33,0,0,0,33
08/10/2021,HTS,WV,AEA,CE,Combined TRACON& Tower with Radar,6,8,9,0,23,0,0,6,0,6,6,8,15,0,29,0,0,0,29
08/11/2021,HTS,WV,AEA,CE,Combined TRACON& Tower with Radar,8,7,6,0,21,0,0,7,2,9,8,7,13,2,30,0,0,0,30
08/12/2021,HTS,WV,AEA,CE,Combined TRACON& Tower with Radar,4,9,8,0,21,0,0,10,9,19,4,9,18,9,40,0,0,0,40
08/13/2021,HTS,WV,AEA,CE,Combined TRACON& Tower with Radar,12,8,5,0,25,0,0,4,0,4,12,8,9,0,29,0,0,0,29
08/14/2021,HTS,WV,AEA,CE,Combined TRACON& Tower with Radar,9,5,3,0,17,0,0,4,0,4,9,5,7,0,21,0,0,0,21
08/15/2021,HTS,WV,AEA,CE,Combined TRACON& Tower with Radar,0,7,1,0,8,0,0,0,0,0,0,7,1,0,8,0,0,0,8
08/16/2021,HTS,WV,AEA,CE,Combined TRACON& Tower with Radar,9,8,1,2,20,0,0,0,2,2,9,8,1,4,22,0,1,1,23
08/17/2021,HTS,WV,AEA,CE,Combined TRACON& Tower with Radar,4,13,7,0,24,0,0,1,0,1,4,13,8,0,25,0,0,0,25
08/18/2021,HTS,WV,AEA,CE,Combined TRACON& Tower with Radar,4,11,9,11,35,0,0,2,1,3,4,11,11,12,38,0,15,15,53
08/19/2021,HTS,WV,AEA,CE,Combined TRACON& Tower with Radar,8,8,9,1,26,0,0,0,1,1,8,8,9,2,27,0,0,0,27
08/20/2021,HTS,WV,AEA,CE,Combined TRACON& Tower with Radar,6,9,5,0,20,0,0,14,0,14,6,9,19,0,34,6,0,6,40
08/21/2021,HTS,WV,AEA,CE,Combined TRACON& Tower with Radar,1,5,7,2,15,0,2,13,0,15,1,7,20,2,30,0,0,0,30
08/22/2021,HTS,WV,AEA,CE,Combined TRACON& Tower with Radar,4,6,1,0,11,0,0,21,0,21,4,6,22,0,32,0,0,0,32
08/23/2021,HTS,WV,AEA,CE,Combined TRACON& Tower with Radar,3,8,3,2,16,0,0,7,0,7,3,8,10,2,23,0,0,0,23
08/24/2021,HTS,WV,AEA,CE,Combined TRACON& Tower with Radar,4,7,4,0,15,0,2,11,2,15,4,9,15,2,30,8,0,8,38
08/25/2021,HTS,WV,AEA,CE,Combined TRACON& Tower with Radar,4,8,3,2,17,0,0,9,0,9,4,8,12,2,26,0,0,0,26
08/26/2021,HTS,WV,AEA,CE,Combined TRACON& Tower with Radar,8,10,9,0,27,0,0,8,2,10,8,10,17,2,37,0,0,0,37
08/27/2021,HTS,WV,AEA,CE,Combined TRACON& Tower with Radar,6,7,8,0,21,0,0,10,1,11,6,7,18,1,32,0,0,0,32
08/28/2021,HTS,WV,AEA,CE,Combined TRACON& Tower with Radar,1,7,6,0,14,0,0,21,0,21,1,7,27,0,35,6,0,6,41
08/29/2021,HTS,WV,AEA,CE,Combined TRACON& Tower with Radar,4,5,7,0,16,0,0,1,0,1,4,5,8,0,17,0,0,0,17
08/30/2021,HTS,WV,AEA,CE,Combined TRACON& Tower with Radar,3,9,10,0,22,0,0,2,0,2,3,9,12,0,24,0,0,0,24
08/31/2021,HTS,WV,AEA,CE,Combined TRACON& Tower with Radar,4,12,3,0,19,0,0,0,0,0,4,12,3,0,19,0,0,0,19
09/01/2021,HTS,WV,AEA,CE,Combined TRACON& Tower with Radar,4,12,12,0,28,0,0,1,0,1,4,12,13,0,29,0,0,0,29
09/02/2021,HTS,WV,AEA,CE,Combined TRACON& Tower with Radar,7,9,7,2,25,0,0,23,1,24,7,9,30,3,49,30,0,30,79
09/03/2021,HTS,WV,AEA,CE,Combined TRACON& Tower with Radar,10,10,8,0,28,0,0,14,0,14,10,10,22,0,42,0,0,0,42
09/04/2021,HTS,WV,AEA,CE,Combined TRACON& Tower with Radar,3,6,7,0,16,0,0,17,0,17,3,6,24,0,33,0,0,0,33
09/05/2021,HTS,WV,AEA,CE,Combined TRACON& Tower with Radar,2,4,8,0,14,0,0,0,0,0,2,4,8,0,14,0,0,0,14
09/06/2021,HTS,WV,AEA,CE,Combined TRACON& Tower with Radar,2,6,12,0,20,0,0,8,2,10,2,6,20,2,30,0,0,0,30
09/07/2021,HTS,WV,AEA,CE,Combined TRACON& Tower with Radar,3,11,13,0,27,0,0,13,1,14,3,11,26,1,41,0,0,0,41
09/08/2021,HTS,WV,AEA,CE,Combined TRACON& Tower with Radar,4,3,12,0,19,0,0,1,0,1,4,3,13,0,20,0,0,0,20
09/09/2021,HTS,WV,AEA,CE,Combined TRACON& Tower with Radar,8,8,6,0,22,0,0,11,6,17,8,8,17,6,39,0,0,0,39
09/10/2021,HTS,WV,AEA,CE,Combined TRACON& Tower with Radar,6,13,9,5,33,0,0,22,1,23,6,13,31,6,56,0,6,6,62
09/11/2021,HTS,WV,AEA,CE,Combined TRACON& Tower with Radar,1,4,1,0,6,0,0,6,2,8,1,4,7,2,14,0,0,0,14
09/12/2021,HTS,WV,AEA,CE,Combined TRACON& Tower with Radar,4,7,5,1,17,0,1,13,2,16,4,8,18,3,33,8,0,8,41
09/13/2021,HTS,WV,AEA,CE,Combined TRACON& Tower with Radar,3,7,2,0,12,0,0,10,2,12,3,7,12,2,24,0,0,0,24
09/14/2021,HTS,WV,AEA,CE,Combined TRACON& Tower with Radar,4,4,5,8,21,0,0,7,0,7,4,4,12,8,28,0,0,0,28
09/15/2021,HTS,WV,AEA,CE,Combined TRACON& Tower with Radar,4,6,7,0,17,0,0,1,0,1,4,6,8,0,18,0,0,0,18
09/16/2021,HTS,WV,AEA,CE,Combined TRACON& Tower with Radar,8,8,0,0,16,0,0,8,0,8,8,8,8,0,24,0,0,0,24
09/17/2021,HTS,WV,AEA,CE,Combined TRACON& Tower with Radar,7,11,11,0,29,0,0,12,0,12,7,11,23,0,41,0,0,0,41
09/18/2021,HTS,WV,AEA,CE,Combined TRACON& Tower with Radar,1,5,11,0,17,0,0,12,0,12,1,5,23,0,29,0,0,0,29
09/19/2021,HTS,WV,AEA,CE,Combined TRACON& Tower with Radar,5,6,14,4,29,0,0,7,2,9,5,6,21,6,38,0,0,0,38
09/20/2021,HTS,WV,AEA,CE,Combined TRACON& Tower with Radar,3,8,6,0,17,0,0,1,0,1,3,8,7,0,18,0,0,0,18
09/21/2021,HTS,WV,AEA,CE,Combined TRACON& Tower with Radar,4,4,6,0,14,0,0,0,0,0,4,4,6,0,14,0,0,0,14
09/22/2021,HTS,WV,AEA,CE,Combined TRACON& Tower with Radar,4,6,3,0,13,0,0,0,0,0,4,6,3,0,13,0,0,0,13
09/23/2021,HTS,WV,AEA,CE,Combined TRACON& Tower with Radar,8,9,9,0,26,0,0,9,0,9,8,9,18,0,35,0,0,0,35
09/24/2021,HTS,WV,AEA,CE,Combined TRACON& Tower with Radar,6,10,12,0,28,0,0,14,0,14,6,10,26,0,42,0,0,0,42
09/25/2021,HTS,WV,AEA,CE,Combined TRACON& Tower with Radar,1,7,4,0,12,0,0,4,0,4,1,7,8,0,16,0,0,0,16
09/26/2021,HTS,WV,AEA,CE,Combined TRACON& Tower with Radar,4,8,6,0,18,0,0,14,0,14,4,8,20,0,32,0,0,0,32
09/27/2021,HTS,WV,AEA,CE,Combined TRACON& Tower with Radar,3,6,5,0,14,0,0,12,2,14,3,6,17,2,28,0,0,0,28
09/28/2021,HTS,WV,AEA,CE,Combined TRACON& Tower with Radar,6,4,10,0,20,0,0,14,0,14,6,4,24,0,34,0,0,0,34
09/29/2021,HTS,WV,AEA,CE,Combined TRACON& Tower with Radar,6,4,9,0,19,0,0,8,0,8,6,4,17,0,27,0,0,0,27
09/30/2021,HTS,WV,AEA,CE,Combined TRACON& Tower with Radar,8,9,8,0,25,0,0,10,3,13,8,9,18,3,38,0,0,0,38
10/01/2021,HTS,WV,AEA,CE,Combined TRACON& Tower with Radar,8,8,12,0,28,0,0,4,0,4,8,8,16,0,32,0,0,0,32
10/02/2021,HTS,WV,AEA,CE,Combined TRACON& Tower with Radar,5,5,24,0,34,0,0,20,0,20,5,5,44,0,54,0,0,0,54
10/03/2021,HTS,WV,AEA,CE,Combined TRACON& Tower with Radar,6,5,3,0,14,0,0,1,0,1,6,5,4,0,15,0,0,0,15
10/04/2021,HTS,WV,AEA,CE,Combined TRACON& Tower with Radar,3,8,9,0,20,0,0,14,0,14,3,8,23,0,34,0,0,0,34
10/05/2021,HTS,WV,AEA,CE,Combined TRACON& Tower with Radar,4,9,4,0,17,0,0,4,0,4,4,9,8,0,21,0,0,0,21
10/06/2021,HTS,WV,AEA,CE,Combined TRACON& Tower with Radar,6,4,11,2,23,0,0,2,6,8,6,4,13,8,31,0,5,5,36
10/07/2021,HTS,WV,AEA,CE,Combined TRACON& Tower with Radar,10,8,15,0,33,0,0,2,0,2,10,8,17,0,35,0,0,0,35
10/08/2021,HTS,WV,AEA,CE,Combined TRACON& Tower with Radar,8,9,8,0,25,0,1,8,0,9,8,10,16,0,34,0,0,0,34
10/09/2021,HTS,WV,AEA,CE,Combined TRACON& Tower with Radar,7,3,3,0,13,0,0,10,0,10,7,3,13,0,23,0,0,0,23
10/10/2021,HTS,WV,AEA,CE,Combined TRACON& Tower with Radar,6,6,7,0,19,0,0,17,0,17,6,6,24,0,36,5,0,5,41
10/11/2021,HTS,WV,AEA,CE,Combined TRACON& Tower with Radar,3,10,12,0,25,0,0,3,0,3,3,10,15,0,28,0,0,0,28
10/12/2021,HTS,WV,AEA,CE,Combined TRACON& Tower with Radar,6,6,4,1,17,0,0,6,0,6,6,6,10,1,23,0,0,0,23
10/13/2021,HTS,WV,AEA,CE,Combined TRACON& Tower with Radar,6,11,12,0,29,0,0,5,0,5,6,11,17,0,34,0,0,0,34
10/14/2021,HTS,WV,AEA,CE,Combined TRACON& Tower with Radar,10,7,5,0,22,0,0,6,2,8,10,7,11,2,30,0,0,0,30
10/15/2021,HTS,WV,AEA,CE,Combined TRACON& Tower with Radar,6,11,8,0,25,0,0,7,0,7,6,11,15,0,32,0,0,0,32
10/16/2021,HTS,WV,AEA,CE,Combined TRACON& Tower with Radar,7,5,5,0,17,0,0,3,0,3,7,5,8,0,20,0,0,0,20
10/17/2021,HTS,WV,AEA,CE,Combined TRACON& Tower with Radar,6,6,7,0,19,0,0,17,0,17,6,6,24,0,36,0,0,0,36
10/18/2021,HTS,WV,AEA,CE,Combined TRACON& Tower with Radar,3,9,8,0,20,0,2,14,0,16,3,11,22,0,36,0,0,0,36
10/19/2021,HTS,WV,AEA,CE,Combined TRACON& Tower with Radar,6,6,22,0,34,0,0,23,0,23,6,6,45,0,57,0,0,0,57
10/20/2021,HTS,WV,AEA,CE,Combined TRACON& Tower with Radar,6,12,23,0,41,0,2,13,1,16,6,14,36,1,57,0,0,0,57
10/21/2021,HTS,WV,AEA,CE,Combined TRACON& Tower with Radar,7,8,7,0,22,0,0,3,5,8,7,8,10,5,30,0,0,0,30
10/22/2021,HTS,WV,AEA,CE,Combined TRACON& Tower with Radar,7,10,16,0,33,0,1,6,1,8,7,11,22,1,41,0,0,0,41
10/23/2021,HTS,WV,AEA,CE,Combined TRACON& Tower with Radar,5,4,4,0,13,0,0,5,0,5,5,4,9,0,18,0,0,0,18
10/24/2021,HTS,WV,AEA,CE,Combined TRACON& Tower with Radar,6,6,7,0,19,0,0,1,0,1,6,6,8,0,20,0,0,0,20
10/25/2021,HTS,WV,AEA,CE,Combined TRACON& Tower with Radar,3,9,3,0,15,0,1,0,0,1,3,10,3,0,16,0,0,0,16
10/26/2021,HTS,WV,AEA,CE,Combined TRACON& Tower with Radar,6,6,9,0,21,0,0,2,0,2,6,6,11,0,23,0,0,0,23
10/27/2021,HTS,WV,AEA,CE,Combined TRACON& Tower with Radar,6,10,16,8,40,0,0,3,0,3,6,10,19,8,43,0,0,0,43
10/28/2021,HTS,WV,AEA,CE,Combined TRACON& Tower with Radar,8,7,3,0,18,0,0,4,1,5,8,7,7,1,23,0,0,0,23
10/29/2021,HTS,WV,AEA,CE,Combined TRACON& Tower with Radar,7,10,5,0,22,0,0,2,1,3,7,10,7,1,25,0,0,0,25
10/30/2021,HTS,WV,AEA,CE,Combined TRACON& Tower with Radar,2,7,2,0,11,0,0,0,0,0,2,7,2,0,11,0,0,0,11
10/31/2021,HTS,WV,AEA,CE,Combined TRACON& Tower with Radar,4,4,5,0,13,0,0,1,0,1,4,4,6,0,14,0,0,0,14
11/01/2021,HTS,WV,AEA,CE,Combined TRACON& Tower with Radar,3,9,7,0,19,0,1,17,0,18,3,10,24,0,37,0,0,0,37
11/02/2021,HTS,WV,AEA,CE,Combined TRACON& Tower with Radar,6,7,5,0,18,0,0,8,0,8,6,7,13,0,26,0,0,0,26
11/03/2021,HTS,WV,AEA,CE,Combined TRACON& Tower with Radar,4,9,6,10,29,0,3,12,38,53,4,12,18,48,82,0,0,0,82
11/04/2021,HTS,WV,AEA,CE,Combined TRACON& Tower with Radar,8,6,6,0,20,0,0,10,5,15,8,6,16,5,35,0,0,0,35
11/05/2021,HTS,WV,AEA,CE,Combined TRACON& Tower with Radar,8,6,5,0,19,0,0,12,0,12,8,6,17,0,31,0,0,0,31
11/06/2021,HTS,WV,AEA,CE,Combined TRACON& Tower with Radar,1,6,1,1,9,0,0,3,3,6,1,6,4,4,15,0,0,0,15
11/07/2021,HTS,WV,AEA,CE,Combined TRACON& Tower with Radar,6,6,5,0,17,0,0,19,0,19,6,6,24,0,36,0,0,0,36
11/08/2021,HTS,WV,AEA,CE,Combined TRACON& Tower with Radar,3,7,6,2,18,0,1,15,9,25,3,8,21,11,43,10,22,32,75
11/09/2021,HTS,WV,AEA,CE,Combined TRACON& Tower with Radar,6,8,7,0,21,0,0,9,0,9,6,8,16,0,30,10,0,10,40
11/10/2021,HTS,WV,AEA,CE,Combined TRACON& Tower with Radar,4,6,10,1,21,0,0,10,3,13,4,6,20,4,34,0,0,0,34
11/11/2021,HTS,WV,AEA,CE,Combined TRACON& Tower with Radar,8,7,5,0,20,0,0,0,0,0,8,7,5,0,20,0,0,0,20
11/12/2021,HTS,WV,AEA,CE,Combined TRACON& Tower with Radar,7,9,4,3,23,0,0,6,0,6,7,9,10,3,29,0,0,0,29
11/13/2021,HTS,WV,AEA,CE,Combined TRACON& Tower with Radar,2,9,4,0,15,0,0,3,0,3,2,9,7,0,18,0,0,0,18
11/14/2021,HTS,WV,AEA,CE,Combined TRACON& Tower with Radar,4,6,4,0,14,0,0,1,0,1,4,6,5,0,15,0,0,0,15
11/15/2021,HTS,WV,AEA,CE,Combined TRACON& Tower with Radar,2,8,5,0,15,0,1,7,0,8,2,9,12,0,23,0,0,0,23
11/16/2021,HTS,WV,AEA,CE,Combined TRACON& Tower with Radar,7,7,4,8,26,0,0,15,0,15,7,7,19,8,41,0,0,0,41
11/17/2021,HTS,WV,AEA,CE,Combined TRACON& Tower with Radar,4,6,14,0,24,0,0,7,2,9,4,6,21,2,33,0,0,0,33
11/18/2021,HTS,WV,AEA,CE,Combined TRACON& Tower with Radar,8,6,10,0,24,0,0,1,0,1,8,6,11,0,25,0,0,0,25
11/19/2021,HTS,WV,AEA,CE,Combined TRACON& Tower with Radar,8,6,12,0,26,0,0,17,0,17,8,6,29,0,43,0,0,0,43
11/20/2021,HTS,WV,AEA,CE,Combined TRACON& Tower with Radar,5,5,8,0,18,0,1,11,0,12,5,6,19,0,30,0,0,0,30
11/21/2021,HTS,WV,AEA,CE,Combined TRACON& Tower with Radar,4,4,4,0,12,0,0,2,0,2,4,4,6,0,14,0,0,0,14
11/22/2021,HTS,WV,AEA,CE,Combined TRACON& Tower with Radar,3,7,5,0,15,0,0,9,0,9,3,7,14,0,24,0,0,0,24
11/23/2021,HTS,WV,AEA,CE,Combined TRACON& Tower with Radar,8,7,6,0,21,0,0,16,0,16,8,7,22,0,37,0,0,0,37
11/24/2021,HTS,WV,AEA,CE,Combined TRACON& Tower with Radar,6,6,10,0,22,0,0,11,0,11,6,6,21,0,33,0,0,0,33
11/25/2021,HTS,WV,AEA,CE,Combined TRACON& Tower with Radar,2,2,0,0,4,0,0,0,0,0,2,2,0,0,4,0,0,0,4
11/26/2021,HTS,WV,AEA,CE,Combined TRACON& Tower with Radar,6,6,1,0,13,0,0,1,0,1,6,6,2,0,14,0,0,0,14
11/27/2021,HTS,WV,AEA,CE,Combined TRACON& Tower with Radar,3,4,8,0,15,0,0,13,0,13,3,4,21,0,28,0,0,0,28
11/28/2021,HTS,WV,AEA,CE,Combined TRACON& Tower with Radar,4,6,7,0,17,0,0,6,1,7,4,6,13,1,24,0,0,0,24
11/29/2021,HTS,WV,AEA,CE,Combined TRACON& Tower with Radar,5,6,3,2,16,0,0,7,0,7,5,6,10,2,23,0,0,0,23
11/30/2021,HTS,WV,AEA,CE,Combined TRACON& Tower with Radar,4,5,5,2,16,0,2,7,2,11,4,7,12,4,27,0,0,0,27
12/01/2021,HTS,WV,AEA,CE,Combined TRACON& Tower with Radar,6,10,4,0,20,0,0,5,0,5,6,10,9,0,25,0,0,0,25
12/02/2021,HTS,WV,AEA,CE,Combined TRACON& Tower with Radar,6,7,6,0,19,0,0,2,0,2,6,7,8,0,21,0,0,0,21
12/03/2021,HTS,WV,AEA,CE,Combined TRACON& Tower with Radar,8,7,11,1,27,0,0,23,0,23,8,7,34,1,50,0,0,0,50
12/04/2021,HTS,WV,AEA,CE,Combined TRACON& Tower with Radar,1,4,4,2,11,0,0,16,0,16,1,4,20,2,27,0,0,0,27
12/05/2021,HTS,WV,AEA,CE,Combined TRACON& Tower with Radar,2,4,5,0,11,0,0,11,1,12,2,4,16,1,23,0,0,0,23
12/06/2021,HTS,WV,AEA,CE,Combined TRACON& Tower with Radar,5,7,6,0,18,0,2,0,0,2,5,9,6,0,20,0,0,0,20
12/07/2021,HTS,WV,AEA,CE,Combined TRACON& Tower with Radar,4,9,12,0,25,0,2,16,0,18,4,11,28,0,43,0,0,0,43
12/08/2021,HTS,WV,AEA,CE,Combined TRACON& Tower with Radar,6,6,8,6,26,0,0,4,0,4,6,6,12,6,30,0,0,0,30
12/09/2021,HTS,WV,AEA,CE,Combined TRACON& Tower with Radar,6,5,18,2,31,0,0,14,5,19,6,5,32,7,50,0,0,0,50
12/10/2021,HTS,WV,AEA,CE,Combined TRACON& Tower with Radar,8,8,0,4,20,0,0,2,0,2,8,8,2,4,22,0,0,0,22
12/11/2021,HTS,WV,AEA,CE,Combined TRACON& Tower with Radar,1,5,0,0,6,0,0,0,0,0,1,5,0,0,6,0,0,0,6
12/12/2021,HTS,WV,AEA,CE,Combined TRACON& Tower with Radar,2,6,7,0,15,0,4,16,0,20,2,10,23,0,35,0,0,0,35
12/13/2021,HTS,WV,AEA,CE,Combined TRACON& Tower with Radar,5,6,8,0,19,0,0,8,0,8,5,6,16,0,27,0,0,0,27
12/14/2021,HTS,WV,AEA,CE,Combined TRACON& Tower with Radar,6,6,5,0,17,0,2,8,0,10,6,8,13,0,27,0,0,0,27
12/15/2021,HTS,WV,AEA,CE,Combined TRACON& Tower with Radar,6,6,8,0,20,0,0,6,0,6,6,6,14,0,26,0,0,0,26
12/16/2021,HTS,WV,AEA,CE,Combined TRACON& Tower with Radar,6,6,8,0,20,0,0,5,0,5,6,6,13,0,25,0,0,0,25
12/17/2021,HTS,WV,AEA,CE,Combined TRACON& Tower with Radar,8,8,2,0,18,0,0,0,0,0,8,8,2,0,18,0,0,0,18
12/18/2021,HTS,WV,AEA,CE,Combined TRACON& Tower with Radar,5,6,0,0,11,0,0,0,0,0,5,6,0,0,11,0,0,0,11
12/19/2021,HTS,WV,AEA,CE,Combined TRACON& Tower with Radar,4,4,0,0,8,0,0,0,0,0,4,4,0,0,8,0,0,0,8
12/20/2021,HTS,WV,AEA,CE,Combined TRACON& Tower with Radar,7,9,5,0,21,0,0,2,0,2,7,9,7,0,23,0,0,0,23
12/21/2021,HTS,WV,AEA,CE,Combined TRACON& Tower with Radar,6,8,13,0,27,0,0,6,0,6,6,8,19,0,33,0,0,0,33
12/22/2021,HTS,WV,AEA,CE,Combined TRACON& Tower with Radar,8,7,9,0,24,0,0,18,0,18,8,7,27,0,42,0,0,0,42
12/23/2021,HTS,WV,AEA,CE,Combined TRACON& Tower with Radar,8,6,1,0,15,0,2,2,2,6,8,8,3,2,21,0,0,0,21
12/24/2021,HTS,WV,AEA,CE,Combined TRACON& Tower with Radar,7,4,4,0,15,0,0,0,0,0,7,4,4,0,15,0,0,0,15
12/25/2021,HTS,WV,AEA,CE,Combined TRACON& Tower with Radar,2,2,0,0,4,0,0,0,0,0,2,2,0,0,4,0,0,0,4
12/26/2021,HTS,WV,AEA,CE,Combined TRACON& Tower with Radar,2,4,14,0,20,0,0,17,0,17,2,4,31,0,37,0,0,0,37
12/27/2021,HTS,WV,AEA,CE,Combined TRACON& Tower with Radar,5,6,7,0,18,0,0,3,0,3,5,6,10,0,21,0,0,0,21
12/28/2021,HTS,WV,AEA,CE,Combined TRACON& Tower with Radar,6,5,5,0,16,0,0,0,0,0,6,5,5,0,16,0,0,0,16
12/29/2021,HTS,WV,AEA,CE,Combined TRACON& Tower with Radar,10,9,10,0,29,0,0,2,0,2,10,9,12,0,31,0,0,0,31
12/30/2021,HTS,WV,AEA,CE,Combined TRACON& Tower with Radar,8,6,3,0,17,0,0,0,0,0,8,6,3,0,17,0,0,0,17
12/31/2021,HTS,WV,AEA,CE,Combined TRACON& Tower with Radar,5,5,3,0,13,0,0,5,0,5,5,5,8,0,18,0,0,0,18
01/01/2022,HTS,WV,AEA,CE,Combined TRACON& Tower with Radar,2,6,1,0,9,0,0,0,0,0,2,6,1,0,9,0,0,0,9
01/02/2022,HTS,WV,AEA,CE,Combined TRACON& Tower with Radar,0,3,6,0,9,0,0,0,0,0,0,3,6,0,9,0,0,0,9
01/03/2022,HTS,WV,AEA,CE,Combined TRACON& Tower with Radar,5,9,2,0,16,0,0,0,0,0,5,9,2,0,16,0,0,0,16
01/04/2022,HTS,WV,AEA,CE,Combined TRACON& Tower with Radar,4,6,10,0,20,0,0,7,1,8,4,6,17,1,28,0,0,0,28
01/05/2022,HTS,WV,AEA,CE,Combined TRACON& Tower with Radar,4,9,0,0,13,0,0,0,0,0,4,9,0,0,13,0,0,0,13
01/06/2022,HTS,WV,AEA,CE,Combined TRACON& Tower with Radar,1,4,3,0,8,0,1,0,0,1,1,5,3,0,9,0,0,0,9
01/07/2022,HTS,WV,AEA,CE,Combined TRACON& Tower with Radar,2,2,1,0,5,0,0,3,0,3,2,2,4,0,8,0,0,0,8
01/08/2022,HTS,WV,AEA,CE,Combined TRACON& Tower with Radar,4,7,1,0,12,0,0,8,0,8,4,7,9,0,20,0,0,0,20
01/09/2022,HTS,WV,AEA,CE,Combined TRACON& Tower with Radar,0,5,5,0,10,0,0,2,0,2,0,5,7,0,12,0,0,0,12
01/10/2022,HTS,WV,AEA,CE,Combined TRACON& Tower with Radar,5,7,3,0,15,0,0,18,0,18,5,7,21,0,33,0,0,0,33
01/11/2022,HTS,WV,AEA,CE,Combined TRACON& Tower with Radar,4,7,14,3,28,0,0,11,1,12,4,7,25,4,40,0,0,0,40
01/12/2022,HTS,WV,AEA,CE,Combined TRACON& Tower with Radar,4,14,6,2,26,0,2,11,7,20,4,16,17,9,46,0,0,0,46
01/13/2022,HTS,WV,AEA,CE,Combined TRACON& Tower with Radar,4,8,6,0,18,0,0,3,0,3,4,8,9,0,21,0,0,0,21
01/14/2022,HTS,WV,AEA,CE,Combined TRACON& Tower with Radar,8,7,4,0,19,0,0,0,0,0,8,7,4,0,19,0,0,0,19
01/15/2022,HTS,WV,AEA,CE,Combined TRACON& Tower with Radar,1,4,6,0,11,0,0,9,0,9,1,4,15,0,20,0,0,0,20
01/16/2022,HTS,WV,AEA,CE,Combined TRACON& Tower with Radar,0,0,1,0,1,0,0,0,0,0,0,0,1,0,1,0,0,0,1
01/17/2022,HTS,WV,AEA,CE,Combined TRACON& Tower with Radar,5,5,0,0,10,0,0,0,0,0,5,5,0,0,10,0,0,0,10
01/18/2022,HTS,WV,AEA,CE,Combined TRACON& Tower with Radar,4,9,4,0,17,0,0,0,0,0,4,9,4,0,17,0,0,0,17
01/19/2022,HTS,WV,AEA,CE,Combined TRACON& Tower with Radar,4,6,8,0,18,0,0,1,0,1,4,6,9,0,19,0,0,0,19
01/20/2022,HTS,WV,AEA,CE,Combined TRACON& Tower with Radar,4,4,2,0,10,0,0,1,0,1,4,4,3,0,11,0,0,0,11
01/21/2022,HTS,WV,AEA,CE,Combined TRACON& Tower with Radar,9,7,6,0,22,0,0,1,1,2,9,7,7,1,24,0,0,0,24
01/22/2022,HTS,WV,AEA,CE,Combined TRACON& Tower with Radar,1,5,7,0,13,0,0,15,0,15,1,5,22,0,28,0,0,0,28
01/23/2022,HTS,WV,AEA,CE,Combined TRACON& Tower with Radar,0,5,4,0,9,0,0,1,0,1,0,5,5,0,10,0,0,0,10
01/24/2022,HTS,WV,AEA,CE,Combined TRACON& Tower with Radar,5,6,5,0,16,0,1,2,0,3,5,7,7,0,19,0,0,0,19
01/25/2022,HTS,WV,AEA,CE,Combined TRACON& Tower with Radar,4,6,10,0,20,0,0,0,0,0,4,6,10,0,20,0,0,0,20
01/26/2022,HTS,WV,AEA,CE,Combined TRACON& Tower with Radar,4,8,10,0,22,0,0,11,2,13,4,8,21,2,35,0,0,0,35
01/27/2022,HTS,WV,AEA,CE,Combined TRACON& Tower with Radar,4,6,7,0,17,0,0,4,0,4,4,6,11,0,21,0,0,0,21
01/28/2022,HTS,WV,AEA,CE,Combined TRACON& Tower with Radar,8,6,2,0,16,0,0,0,0,0,8,6,2,0,16,0,0,0,16
01/29/2022,HTS,WV,AEA,CE,Combined TRACON& Tower with Radar,1,6,3,0,10,0,0,7,0,7,1,6,10,0,17,0,0,0,17
01/30/2022,HTS,WV,AEA,CE,Combined TRACON& Tower with Radar,0,4,6,0,10,0,0,5,0,5,0,4,11,0,15,0,0,0,15
01/31/2022,HTS,WV,AEA,CE,Combined TRACON& Tower with Radar,4,7,10,2,23,0,0,7,0,7,4,7,17,2,30,0,0,0,30
02/01/2022,HTS,WV,AEA,CE,Combined TRACON& Tower with Radar,5,6,8,0,19,0,0,11,0,11,5,6,19,0,30,0,0,0,30
02/02/2022,HTS,WV,AEA,CE,Combined TRACON& Tower with Radar,4,8,5,0,17,0,3,0,0,3,4,11,5,0,20,0,0,0,20
02/03/2022,HTS,WV,AEA,CE,Combined TRACON& Tower with Radar,2,1,2,0,5,0,0,0,0,0,2,1,2,0,5,0,0,0,5
02/04/2022,HTS,WV,AEA,CE,Combined TRACON& Tower with Radar,2,1,6,0,9,0,0,0,0,0,2,1,6,0,9,0,0,0,9
02/05/2022,HTS,WV,AEA,CE,Combined TRACON& Tower with Radar,1,6,6,0,13,0,0,0,3,3,1,6,6,3,16,0,0,0,16
02/06/2022,HTS,WV,AEA,CE,Combined TRACON& Tower with Radar,0,4,6,0,10,0,0,8,0,8,0,4,14,0,18,0,0,0,18
02/07/2022,HTS,WV,AEA,CE,Combined TRACON& Tower with Radar,5,8,6,4,23,0,0,4,0,4,5,8,10,4,27,0,0,0,27
02/08/2022,HTS,WV,AEA,CE,Combined TRACON& Tower with Radar,4,6,7,0,17,0,0,6,0,6,4,6,13,0,23,0,0,0,23
02/09/2022,HTS,WV,AEA,CE,Combined TRACON& Tower with Radar,4,7,2,2,15,0,0,1,0,1,4,7,3,2,16,0,0,0,16
02/10/2022,HTS,WV,AEA,CE,Combined TRACON& Tower with Radar,4,7,9,0,20,0,0,5,5,10,4,7,14,5,30,0,0,0,30
02/11/2022,HTS,WV,AEA,CE,Combined TRACON& Tower with Radar,10,8,6,0,24,0,0,3,1,4,10,8,9,1,28,0,0,0,28
02/12/2022,HTS,WV,AEA,CE,Combined TRACON& Tower with Radar,1,4,3,0,8,0,0,0,0,0,1,4,3,0,8,0,0,0,8
02/13/2022,HTS,WV,AEA,CE,Combined TRACON& Tower with Radar,0,4,3,0,7,0,0,2,0,2,0,4,5,0,9,0,0,0,9
02/14/2022,HTS,WV,AEA,CE,Combined TRACON& Tower with Radar,5,6,3,0,14,0,0,11,0,11,5,6,14,0,25,0,0,0,25
02/15/2022,HTS,WV,AEA,CE,Combined TRACON& Tower with Radar,4,6,10,2,22,0,0,33,2,35,4,6,43,4,57,12,0,12,69
02/16/2022,HTS,WV,AEA,CE,Combined TRACON& Tower with Radar,4,10,15,0,29,0,0,2,0,2,4,10,17,0,31,0,0,0,31
02/17/2022,HTS,WV,AEA,CE,Combined TRACON& Tower with Radar,6,6,8,0,20,0,0,0,0,0,6,6,8,0,20,0,0,0,20
02/18/2022,HTS,WV,AEA,CE,Combined TRACON& Tower with Radar,4,9,9,0,22,0,0,5,0,5,4,9,14,0,27,0,0,0,27
02/19/2022,HTS,WV,AEA,CE,Combined TRACON& Tower with Radar,1,4,1,0,6,0,0,1,0,1,1,4,2,0,7,0,0,0,7
02/20/2022,HTS,WV,AEA,CE,Combined TRACON& Tower with Radar,2,6,1,0,9,0,0,15,0,15,2,6,16,0,24,4,0,4,28
02/21/2022,HTS,WV,AEA,CE,Combined TRACON& Tower with Radar,3,10,5,0,18,0,0,18,0,18,3,10,23,0,36,0,0,0,36
02/22/2022,HTS,WV,AEA,CE,Combined TRACON& Tower with Radar,4,8,2,0,14,0,0,0,0,0,4,8,2,0,14,0,0,0,14
02/23/2022,HTS,WV,AEA,CE,Combined TRACON& Tower with Radar,4,7,2,0,13,0,0,0,0,0,4,7,2,0,13,0,0,0,13
02/24/2022,HTS,WV,AEA,CE,Combined TRACON& Tower with Radar,8,8,2,0,18,0,0,0,0,0,8,8,2,0,18,0,0,0,18
02/25/2022,HTS,WV,AEA,CE,Combined TRACON& Tower with Radar,6,7,3,0,16,0,0,1,0,1,6,7,4,0,17,0,0,0,17
02/26/2022,HTS,WV,AEA,CE,Combined TRACON& Tower with Radar,1,4,6,0,11,0,0,15,0,15,1,4,21,0,26,0,0,0,26
02/27/2022,HTS,WV,AEA,CE,Combined TRACON& Tower with Radar,2,4,8,0,14,0,2,25,0,27,2,6,33,0,41,0,0,0,41
02/28/2022,HTS,WV,AEA,CE,Combined TRACON& Tower with Radar,3,7,16,0,26,0,2,16,0,18,3,9,32,0,44,0,0,0,44
03/01/2022,HTS,WV,AEA,CE,Combined TRACON& Tower with Radar,4,7,7,0,18,0,0,12,1,13,4,7,19,1,31,0,0,0,31
03/02/2022,HTS,WV,AEA,CE,Combined TRACON& Tower with Radar,4,6,11,10,31,0,0,19,0,19,4,6,30,10,50,0,0,0,50
03/03/2022,HTS,WV,AEA,CE,Combined TRACON& Tower with Radar,5,6,5,2,18,0,1,8,3,12,5,7,13,5,30,0,0,0,30
03/04/2022,HTS,WV,AEA,CE,Combined TRACON& Tower with Radar,7,8,6,4,25,0,0,22,1,23,7,8,28,5,48,0,0,0,48
03/05/2022,HTS,WV,AEA,CE,Combined TRACON& Tower with Radar,1,5,5,0,11,0,0,10,2,12,1,5,15,2,23,0,0,0,23
03/06/2022,HTS,WV,AEA,CE,Combined TRACON& Tower with Radar,3,3,1,0,7,0,0,0,0,0,3,3,1,0,7,0,0,0,7
03/07/2022,HTS,WV,AEA,CE,Combined TRACON& Tower with Radar,4,9,5,0,18,0,0,0,0,0,4,9,5,0,18,0,0,0,18
03/08/2022,HTS,WV,AEA,CE,Combined TRACON& Tower with Radar,4,6,9,0,19,0,0,11,0,11,4,6,20,0,30,0,0,0,30
03/09/2022,HTS,WV,AEA,CE,Combined TRACON& Tower with Radar,4,8,2,0,14,0,0,4,0,4,4,8,6,0,18,0,0,0,18
03/10/2022,HTS,WV,AEA,CE,Combined TRACON& Tower with Radar,6,8,4,1,19,0,2,12,3,17,6,10,16,4,36,0,0,0,36
03/11/2022,HTS,WV,AEA,CE,Combined TRACON& Tower with Radar,6,7,5,0,18,0,0,2,0,2,6,7,7,0,20,0,0,0,20
03/12/2022,HTS,WV,AEA,CE,Combined TRACON& Tower with Radar,0,3,6,0,9,0,0,0,0,0,0,3,6,0,9,0,0,0,9
03/13/2022,HTS,WV,AEA,CE,Combined TRACON& Tower with Radar,2,4,4,0,10,0,0,0,0,0,2,4,4,0,10,0,0,0,10
03/14/2022,HTS,WV,AEA,CE,Combined TRACON& Tower with Radar,4,5,10,0,19,0,3,1,1,5,4,8,11,1,24,0,0,0,24
03/15/2022,HTS,WV,AEA,CE,Combined TRACON& Tower with Radar,4,9,7,1,21,0,0,11,12,23,4,9,18,13,44,0,0,0,44
03/16/2022,HTS,WV,AEA,CE,Combined TRACON& Tower with Radar,4,6,9,3,22,0,1,25,2,28,4,7,34,5,50,0,0,0,50
03/17/2022,HTS,WV,AEA,CE,Combined TRACON& Tower with Radar,6,8,13,0,27,0,0,15,2,17,6,8,28,2,44,0,0,0,44
03/18/2022,HTS,WV,AEA,CE,Combined TRACON& Tower with Radar,6,7,8,0,21,0,2,5,4,11,6,9,13,4,32,6,0,6,38
03/19/2022,HTS,WV,AEA,CE,Combined TRACON& Tower with Radar,1,5,1,0,7,0,0,0,1,1,1,5,1,1,8,0,0,0,8
03/20/2022,HTS,WV,AEA,CE,Combined TRACON& Tower with Radar,2,4,3,0,9,0,2,10,1,13,2,6,13,1,22,0,0,0,22
03/21/2022,HTS,WV,AEA,CE,Combined TRACON& Tower with Radar,3,8,10,0,21,0,0,9,0,9,3,8,19,0,30,0,0,0,30
03/22/2022,HTS,WV,AEA,CE,Combined TRACON& Tower with Radar,6,6,5,0,17,0,0,14,0,14,6,6,19,0,31,0,0,0,31
03/23/2022,HTS,WV,AEA,CE,Combined TRACON& Tower with Radar,4,6,2,1,13,0,0,0,4,4,4,6,2,5,17,0,4,4,21
03/24/2022,HTS,WV,AEA,CE,Combined TRACON& Tower with Radar,6,6,7,0,19,0,0,8,6,14,6,6,15,6,33,0,0,0,33
03/25/2022,HTS,WV,AEA,CE,Combined TRACON& Tower with Radar,6,6,9,0,21,0,0,3,0,3,6,6,12,0,24,0,0,0,24
03/26/2022,HTS,WV,AEA,CE,Combined TRACON& Tower with Radar,3,5,4,0,12,0,0,0,0,0,3,5,4,0,12,0,0,0,12
03/27/2022,HTS,WV,AEA,CE,Combined TRACON& Tower with Radar,2,4,0,0,6,0,0,2,0,2,2,4,2,0,8,0,0,0,8
03/28/2022,HTS,WV,AEA,CE,Combined TRACON& Tower with Radar,3,6,4,0,13,0,2,4,0,6,3,8,8,0,19,0,0,0,19
03/29/2022,HTS,WV,AEA,CE,Combined TRACON& Tower with Radar,6,6,11,0,23,0,0,7,0,7,6,6,18,0,30,0,0,0,30
03/30/2022,HTS,WV,AEA,CE,Combined TRACON& Tower with Radar,4,6,5,0,15,0,0,0,2,2,4,6,5,2,17,0,0,0,17
03/31/2022,HTS,WV,AEA,CE,Combined TRACON& Tower with Radar,4,6,6,0,16,0,0,6,6,12,4,6,12,6,28,0,0,0,28
04/01/2022,HTS,WV,AEA,CE,Combined TRACON& Tower with Radar,4,11,6,1,22,0,0,3,1,4,4,11,9,2,26,0,0,0,26
04/02/2022,HTS,WV,AEA,CE,Combined TRACON& Tower with Radar,3,4,12,0,19,0,0,13,2,15,3,4,25,2,34,0,0,0,34
04/03/2022,HTS,WV,AEA,CE,Combined TRACON& Tower with Radar,2,5,4,0,11,0,0,10,0,10,2,5,14,0,21,0,0,0,21
04/04/2022,HTS,WV,AEA,CE,Combined TRACON& Tower with Radar,3,9,11,0,23,0,1,0,0,1,3,10,11,0,24,0,0,0,24
04/05/2022,HTS,WV,AEA,CE,Combined TRACON& Tower with Radar,6,8,0,0,14,0,0,3,0,3,6,8,3,0,17,0,0,0,17
04/06/2022,HTS,WV,AEA,CE,Combined TRACON& Tower with Radar,4,6,7,10,27,0,0,0,0,0,4,6,7,10,27,0,0,0,27
04/07/2022,HTS,WV,AEA,CE,Combined TRACON& Tower with Radar,4,10,5,0,19,0,0,1,5,6,4,10,6,5,25,0,0,0,25
04/08/2022,HTS,WV,AEA,CE,Combined TRACON& Tower with Radar,6,7,5,0,18,0,0,0,0,0,6,7,5,0,18,0,0,0,18
04/09/2022,HTS,WV,AEA,CE,Combined TRACON& Tower with Radar,1,5,1,0,7,0,0,0,0,0,1,5,1,0,7,0,0,0,7
04/10/2022,HTS,WV,AEA,CE,Combined TRACON& Tower with Radar,2,4,10,0,16,0,0,23,0,23,2,4,33,0,39,0,0,0,39
04/11/2022,HTS,WV,AEA,CE,Combined TRACON& Tower with Radar,3,6,3,0,12,0,0,0,0,0,3,6,3,0,12,0,0,0,12
04/12/2022,HTS,WV,AEA,CE,Combined TRACON& Tower with Radar,6,6,8,2,22,0,0,2,0,2,6,6,10,2,24,0,0,0,24
04/13/2022,HTS,WV,AEA,CE,Combined TRACON& Tower with Radar,4,6,4,0,14,0,1,3,0,4,4,7,7,0,18,0,0,0,18
04/14/2022,HTS,WV,AEA,CE,Combined TRACON& Tower with Radar,6,6,6,0,18,0,1,9,0,10,6,7,15,0,28,0,0,0,28
04/15/2022,HTS,WV,AEA,CE,Combined TRACON& Tower with Radar,6,6,5,0,17,0,0,15,0,15,6,6,20,0,32,0,0,0,32
04/16/2022,HTS,WV,AEA,CE,Combined TRACON& Tower with Radar,3,4,0,0,7,0,0,1,0,1,3,4,1,0,8,0,0,0,8
04/17/2022,HTS,WV,AEA,CE,Combined TRACON& Tower with Radar,2,4,3,0,9,0,0,9,0,9,2,4,12,0,18,0,0,0,18
04/18/2022,HTS,WV,AEA,CE,Combined TRACON& Tower with Radar,2,6,2,1,11,0,0,0,0,0,2,6,2,1,11,0,0,0,11
04/19/2022,HTS,WV,AEA,CE,Combined TRACON& Tower with Radar,7,7,13,2,29,0,2,4,2,8,7,9,17,4,37,0,0,0,37
04/20/2022,HTS,WV,AEA,CE,Combined TRACON& Tower with Radar,3,7,12,0,22,0,0,24,0,24,3,7,36,0,46,0,0,0,46
04/21/2022,HTS,WV,AEA,CE,Combined TRACON& Tower with Radar,7,9,8,0,24,0,0,1,0,1,7,9,9,0,25,0,0,0,25
04/22/2022,HTS,WV,AEA,CE,Combined TRACON& Tower with Radar,6,6,14,0,26,0,0,9,0,9,6,6,23,0,35,0,0,0,35
04/23/2022,HTS,WV,AEA,CE,Combined TRACON& Tower with Radar,3,4,2,0,9,0,0,12,0,12,3,4,14,0,21,0,0,0,21
04/24/2022,HTS,WV,AEA,CE,Combined TRACON& Tower with Radar,2,4,10,0,16,0,0,14,0,14,2,4,24,0,30,0,0,0,30
04/25/2022,HTS,WV,AEA,CE,Combined TRACON& Tower with Radar,3,6,7,0,16,0,0,11,0,11,3,6,18,0,27,0,0,0,27
04/26/2022,HTS,WV,AEA,CE,Combined TRACON& Tower with Radar,4,6,18,0,28,0,0,4,0,4,4,6,22,0,32,0,0,0,32
04/27/2022,HTS,WV,AEA,CE,Combined TRACON& Tower with Radar,4,8,10,3,25,0,1,20,2,23,4,9,30,5,48,0,0,0,48
04/28/2022,HTS,WV,AEA,CE,Combined TRACON& Tower with Radar,6,6,10,6,28,0,0,21,3,24,6,6,31,9,52,0,0,0,52
04/29/2022,HTS,WV,AEA,CE,Combined TRACON& Tower with Radar,6,6,3,0,15,0,2,11,1,14,6,8,14,1,29,0,0,0,29
04/30/2022,HTS,WV,AEA,CE,Combined TRACON& Tower with Radar,3,5,1,0,9,0,0,1,0,1,3,5,2,0,10,0,0,0,10
05/01/2022,HTS,WV,AEA,CE,Combined TRACON& Tower with Radar,2,5,3,0,10,0,0,2,0,2,2,5,5,0,12,0,0,0,12
05/02/2022,HTS,WV,AEA,CE,Combined TRACON& Tower with Radar,3,6,8,0,17,0,5,6,0,11,3,11,14,0,28,0,0,0,28
05/03/2022,HTS,WV,AEA,CE,Combined TRACON& Tower with Radar,4,6,6,0,16,0,0,4,0,4,4,6,10,0,20,0,0,0,20
05/04/2022,HTS,WV,AEA,CE,Combined TRACON& Tower with Radar,3,8,10,11,32,2,0,0,5,7,5,8,10,16,39,256,31,287,326
05/05/2022,HTS,WV,AEA,CE,Combined TRACON& Tower with Radar,9,6,14,0,29,0,5,9,0,14,9,11,23,0,43,0,0,0,43
05/06/2022,HTS,WV,AEA,CE,Combined TRACON& Tower with Radar,7,7,3,0,17,0,0,0,0,0,7,7,3,0,17,0,0,0,17
05/07/2022,HTS,WV,AEA,CE,Combined TRACON& Tower with Radar,6,6,7,2,21,0,0,0,0,0,6,6,7,2,21,0,0,0,21
05/08/2022,HTS,WV,AEA,CE,Combined TRACON& Tower with Radar,2,4,4,0,10,0,0,12,0,12,2,4,16,0,22,0,0,0,22
05/09/2022,HTS,WV,AEA,CE,Combined TRACON& Tower with Radar,3,8,6,0,17,0,0,12,4,16,3,8,18,4,33,0,0,0,33
05/10/2022,HTS,WV,AEA,CE,Combined TRACON& Tower with Radar,4,12,7,2,25,0,0,25,0,25,4,12,32,2,50,0,4,4,54
05/11/2022,HTS,WV,AEA,CE,Combined TRACON& Tower with Radar,4,6,14,0,24,0,0,19,0,19,4,6,33,0,43,0,0,0,43
05/12/2022,HTS,WV,AEA,CE,Combined TRACON& Tower with Radar,6,6,7,0,19,0,0,16,2,18,6,6,23,2,37,0,0,0,37
05/13/2022,HTS,WV,AEA,CE,Combined TRACON& Tower with Radar,6,6,10,3,25,0,0,12,1,13,6,6,22,4,38,0,0,0,38
05/14/2022,HTS,WV,AEA,CE,Combined TRACON& Tower with Radar,3,4,1,0,8,0,0,9,0,9,3,4,10,0,17,8,0,8,25
05/15/2022,HTS,WV,AEA,CE,Combined TRACON& Tower with Radar,2,4,7,0,13,0,0,4,0,4,2,4,11,0,17,0,0,0,17
05/16/2022,HTS,WV,AEA,CE,Combined TRACON& Tower with Radar,3,7,6,0,16,0,0,3,0,3,3,7,9,0,19,0,0,0,19
05/17/2022,HTS,WV,AEA,CE,Combined TRACON& Tower with Radar,4,8,5,0,17,0,3,3,1,7,4,11,8,1,24,0,0,0,24
05/18/2022,HTS,WV,AEA,CE,Combined TRACON& Tower with Radar,4,16,17,0,37,0,0,10,4,14,4,16,27,4,51,0,0,0,51
05/19/2022,HTS,WV,AEA,CE,Combined TRACON& Tower with Radar,8,7,4,4,23,0,0,7,5,12,8,7,11,9,35,0,0,0,35
05/20/2022,HTS,WV,AEA,CE,Combined TRACON& Tower with Radar,6,6,8,1,21,0,0,6,0,6,6,6,14,1,27,0,0,0,27
05/21/2022,HTS,WV,AEA,CE,Combined TRACON& Tower with Radar,5,4,5,0,14,0,0,14,0,14,5,4,19,0,28,0,0,0,28
05/22/2022,HTS,WV,AEA,CE,Combined TRACON& Tower with Radar,4,3,8,0,15,0,0,2,0,2,4,3,10,0,17,0,0,0,17
05/23/2022,HTS,WV,AEA,CE,Combined TRACON& Tower with Radar,3,9,9,0,21,0,0,2,0,2,3,9,11,0,23,0,0,0,23
05/24/2022,HTS,WV,AEA,CE,Combined TRACON& Tower with Radar,6,6,9,0,21,0,0,2,0,2,6,6,11,0,23,0,0,0,23
05/25/2022,HTS,WV,AEA,CE,Combined TRACON& Tower with Radar,4,6,5,0,15,0,0,8,0,8,4,6,13,0,23,0,0,0,23
05/26/2022,HTS,WV,AEA,CE,Combined TRACON& Tower with Radar,8,7,11,0,26,0,0,3,0,3,8,7,14,0,29,0,0,0,29
05/27/2022,HTS,WV,AEA,CE,Combined TRACON& Tower with Radar,8,7,12,0,27,0,0,2,0,2,8,7,14,0,29,0,0,0,29
05/28/2022,HTS,WV,AEA,CE,Combined TRACON& Tower with Radar,7,6,4,0,17,0,0,3,0,3,7,6,7,0,20,0,0,0,20
05/29/2022,HTS,WV,AEA,CE,Combined TRACON& Tower with Radar,4,4,6,0,14,0,0,9,0,9,4,4,15,0,23,0,0,0,23
05/30/2022,HTS,WV,AEA,CE,Combined TRACON& Tower with Radar,4,6,9,0,19,0,0,8,0,8,4,6,17,0,27,0,0,0,27
05/31/2022,HTS,WV,AEA,CE,Combined TRACON& Tower with Radar,3,10,8,0,21,0,0,19,0,19,3,10,27,0,40,0,0,0,40
06/01/2022,HTS,WV,AEA,CE,Combined TRACON& Tower with Radar,4,6,13,0,23,0,0,11,0,11,4,6,24,0,34,0,0,0,34
06/02/2022,HTS,WV,AEA,CE,Combined TRACON& Tower with Radar,10,11,7,0,28,0,0,4,1,5,10,11,11,1,33,0,0,0,33
06/03/2022,HTS,WV,AEA,CE,Combined TRACON& Tower with Radar,10,9,9,2,30,0,0,10,1,11,10,9,19,3,41,0,0,0,41
06/04/2022,HTS,WV,AEA,CE,Combined TRACON& Tower with Radar,9,4,14,0,27,0,0,12,0,12,9,4,26,0,39,0,0,0,39
06/05/2022,HTS,WV,AEA,CE,Combined TRACON& Tower with Radar,6,4,11,0,21,0,0,8,0,8,6,4,19,0,29,0,0,0,29
06/06/2022,HTS,WV,AEA,CE,Combined TRACON& Tower with Radar,7,6,2,0,15,0,0,3,0,3,7,6,5,0,18,0,0,0,18
06/07/2022,HTS,WV,AEA,CE,Combined TRACON& Tower with Radar,6,7,8,0,21,0,0,0,0,0,6,7,8,0,21,0,0,0,21
06/08/2022,HTS,WV,AEA,CE,Combined TRACON& Tower with Radar,4,9,9,0,22,0,0,0,0,0,4,9,9,0,22,0,0,0,22
06/09/2022,HTS,WV,AEA,CE,Combined TRACON& Tower with Radar,8,7,21,0,36,0,0,15,4,19,8,7,36,4,55,0,0,0,55
06/10/2022,HTS,WV,AEA,CE,Combined TRACON& Tower with Radar,10,8,12,2,32,0,0,20,0,20,10,8,32,2,52,0,0,0,52
06/11/2022,HTS,WV,AEA,CE,Combined TRACON& Tower with Radar,11,4,5,0,20,0,0,5,0,5,11,4,10,0,25,0,0,0,25
06/12/2022,HTS,WV,AEA,CE,Combined TRACON& Tower with Radar,5,4,9,0,18,0,0,8,0,8,5,4,17,0,26,0,0,0,26
06/13/2022,HTS,WV,AEA,CE,Combined TRACON& Tower with Radar,8,9,7,0,24,0,0,3,0,3,8,9,10,0,27,0,0,0,27
06/14/2022,HTS,WV,AEA,CE,Combined TRACON& Tower with Radar,6,11,8,0,25,0,0,10,0,10,6,11,18,0,35,7,0,7,42
06/15/2022,HTS,WV,AEA,CE,Combined TRACON& Tower with Radar,4,8,10,0,22,0,2,7,0,9,4,10,17,0,31,0,0,0,31
06/16/2022,HTS,WV,AEA,CE,Combined TRACON& Tower with Radar,13,8,15,0,36,0,0,3,4,7,13,8,18,4,43,0,0,0,43
06/17/2022,HTS,WV,AEA,CE,Combined TRACON& Tower with Radar,10,8,8,0,26,0,0,7,0,7,10,8,15,0,33,0,0,0,33
06/18/2022,HTS,WV,AEA,CE,Combined TRACON& Tower with Radar,12,5,11,0,28,0,0,11,0,11,12,5,22,0,39,0,0,0,39
06/19/2022,HTS,WV,AEA,CE,Combined TRACON& Tower with Radar,5,4,7,0,16,0,0,14,0,14,5,4,21,0,30,0,0,0,30
06/20/2022,HTS,WV,AEA,CE,Combined TRACON& Tower with Radar,8,8,8,0,24,0,0,20,0,20,8,8,28,0,44,0,0,0,44
06/21/2022,HTS,WV,AEA,CE,Combined TRACON& Tower with Radar,6,8,3,0,17,0,0,6,0,6,6,8,9,0,23,0,0,0,23
06/22/2022,HTS,WV,AEA,CE,Combined TRACON& Tower with Radar,4,8,10,3,25,0,1,13,7,21,4,9,23,10,46,0,24,24,70
06/23/2022,HTS,WV,AEA,CE,Combined TRACON& Tower with Radar,10,8,6,0,24,0,0,10,2,12,10,8,16,2,36,0,0,0,36
06/24/2022,HTS,WV,AEA,CE,Combined TRACON& Tower with Radar,10,10,11,0,31,0,0,11,0,11,10,10,22,0,42,0,0,0,42
06/25/2022,HTS,WV,AEA,CE,Combined TRACON& Tower with Radar,12,4,14,0,30,0,1,13,0,14,12,5,27,0,44,6,0,6,50
06/26/2022,HTS,WV,AEA,CE,Combined TRACON& Tower with Radar,6,4,5,0,15,0,0,0,0,0,6,4,5,0,15,0,0,0,15
06/27/2022,HTS,WV,AEA,CE,Combined TRACON& Tower with Radar,8,7,10,0,25,0,2,14,3,19,8,9,24,3,44,0,0,0,44
06/28/2022,HTS,WV,AEA,CE,Combined TRACON& Tower with Radar,6,9,7,0,22,0,0,11,0,11,6,9,18,0,33,0,0,0,33
06/29/2022,HTS,WV,AEA,CE,Combined TRACON& Tower with Radar,4,9,11,0,24,0,0,15,0,15,4,9,26,0,39,0,0,0,39
06/30/2022,HTS,WV,AEA,CE,Combined TRACON& Tower with Radar,10,9,2,0,21,0,0,7,2,9,10,9,9,2,30,0,0,0,30
07/01/2022,HTS,WV,AEA,CE,Combined TRACON& Tower with Radar,10,9,5,0,24,0,0,3,0,3,10,9,8,0,27,0,0,0,27
07/02/2022,HTS,WV,AEA,CE,Combined TRACON& Tower with Radar,9,5,5,0,19,0,0,0,0,0,9,5,5,0,19,0,0,0,19
07/03/2022,HTS,WV,AEA,CE,Combined TRACON& Tower with Radar,8,6,4,0,18,0,0,4,0,4,8,6,8,0,22,0,0,0,22
07/04/2022,HTS,WV,AEA,CE,Combined TRACON& Tower with Radar,6,4,4,0,14,0,0,7,0,7,6,4,11,0,21,0,0,0,21
07/05/2022,HTS,WV,AEA,CE,Combined TRACON& Tower with Radar,3,8,3,0,14,0,0,4,0,4,3,8,7,0,18,0,0,0,18
07/06/2022,HTS,WV,AEA,CE,Combined TRACON& Tower with Radar,4,12,5,0,21,0,0,1,0,1,4,12,6,0,22,0,0,0,22
07/07/2022,HTS,WV,AEA,CE,Combined TRACON& Tower with Radar,9,7,7,0,23,0,0,5,0,5,9,7,12,0,28,0,0,0,28
07/08/2022,HTS,WV,AEA,CE,Combined TRACON& Tower with Radar,11,8,7,0,26,0,0,0,0,0,11,8,7,0,26,0,0,0,26
07/09/2022,HTS,WV,AEA,CE,Combined TRACON& Tower with Radar,11,7,5,0,23,0,0,0,0,0,11,7,5,0,23,0,0,0,23
07/10/2022,HTS,WV,AEA,CE,Combined TRACON& Tower with Radar,6,6,8,0,20,0,0,13,0,13,6,6,21,0,33,0,0,0,33
07/11/2022,HTS,WV,AEA,CE,Combined TRACON& Tower with Radar,7,10,7,0,24,0,4,13,0,17,7,14,20,0,41,16,0,16,57
07/12/2022,HTS,WV,AEA,CE,Combined TRACON& Tower with Radar,6,8,12,2,28,0,0,10,2,12,6,8,22,4,40,0,0,0,40
07/13/2022,HTS,WV,AEA,CE,Combined TRACON& Tower with Radar,6,14,11,6,37,0,0,11,2,13,6,14,22,8,50,0,0,0,50
07/14/2022,HTS,WV,AEA,CE,Combined TRACON& Tower with Radar,8,8,13,2,31,0,0,11,2,13,8,8,24,4,44,0,0,0,44
07/15/2022,HTS,WV,AEA,CE,Combined TRACON& Tower with Radar,10,12,12,0,34,0,0,7,2,9,10,12,19,2,43,0,0,0,43
07/16/2022,HTS,WV,AEA,CE,Combined TRACON& Tower with Radar,13,3,3,0,19,0,0,14,0,14,13,3,17,0,33,0,0,0,33
07/17/2022,HTS,WV,AEA,CE,Combined TRACON& Tower with Radar,6,5,4,0,15,0,0,2,2,4,6,5,6,2,19,0,0,0,19
07/18/2022,HTS,WV,AEA,CE,Combined TRACON& Tower with Radar,7,8,6,2,23,0,0,3,0,3,7,8,9,2,26,0,0,0,26
07/19/2022,HTS,WV,AEA,CE,Combined TRACON& Tower with Radar,6,10,6,5,27,0,3,8,0,11,6,13,14,5,38,0,0,0,38
07/20/2022,HTS,WV,AEA,CE,Combined TRACON& Tower with Radar,4,8,7,2,21,0,0,22,0,22,4,8,29,2,43,0,0,0,43
07/21/2022,HTS,WV,AEA,CE,Combined TRACON& Tower with Radar,9,11,9,0,29,0,0,4,1,5,9,11,13,1,34,0,0,0,34
07/22/2022,HTS,WV,AEA,CE,Combined TRACON& Tower with Radar,11,10,9,0,30,0,2,14,0,16,11,12,23,0,46,0,0,0,46
07/23/2022,HTS,WV,AEA,CE,Combined TRACON& Tower with Radar,11,5,9,0,25,0,1,19,0,20,11,6,28,0,45,0,0,0,45
07/24/2022,HTS,WV,AEA,CE,Combined TRACON& Tower with Radar,6,6,7,0,19,0,0,9,0,9,6,6,16,0,28,0,0,0,28
07/25/2022,HTS,WV,AEA,CE,Combined TRACON& Tower with Radar,7,8,3,0,18,0,0,0,0,0,7,8,3,0,18,0,0,0,18
07/26/2022,HTS,WV,AEA,CE,Combined TRACON& Tower with Radar,6,8,1,0,15,0,0,0,0,0,6,8,1,0,15,0,0,0,15
07/27/2022,HTS,WV,AEA,CE,Combined TRACON& Tower with Radar,4,8,3,0,15,0,0,0,0,0,4,8,3,0,15,0,0,0,15
07/28/2022,HTS,WV,AEA,CE,Combined TRACON& Tower with Radar,10,10,4,2,26,0,0,3,0,3,10,10,7,2,29,0,0,0,29
07/29/2022,HTS,WV,AEA,CE,Combined TRACON& Tower with Radar,10,10,9,4,33,0,0,1,2,3,10,10,10,6,36,0,0,0,36
07/30/2022,HTS,WV,AEA,CE,Combined TRACON& Tower with Radar,12,3,8,0,23,0,0,14,0,14,12,3,22,0,37,0,0,0,37
07/31/2022,HTS,WV,AEA,CE,Combined TRACON& Tower with Radar,7,7,10,2,26,0,0,2,0,2,7,7,12,2,28,0,0,0,28
08/01/2022,HTS,WV,AEA,CE,Combined TRACON& Tower with Radar,7,8,6,0,21,0,0,0,2,2,7,8,6,2,23,0,0,0,23
08/02/2022,HTS,WV,AEA,CE,Combined TRACON& Tower with Radar,6,10,11,2,29,0,0,32,2,34,6,10,43,4,63,18,0,18,81
08/03/2022,HTS,WV,AEA,CE,Combined TRACON& Tower with Radar,4,8,14,4,30,0,0,13,5,18,4,8,27,9,48,32,16,48,96
08/04/2022,HTS,WV,AEA,CE,Combined TRACON& Tower with Radar,8,10,5,0,23,0,0,8,4,12,8,10,13,4,35,0,0,0,35
08/05/2022,HTS,WV,AEA,CE,Combined TRACON& Tower with Radar,10,8,1,0,19,0,0,0,0,0,10,8,1,0,19,0,0,0,19
08/06/2022,HTS,WV,AEA,CE,Combined TRACON& Tower with Radar,11,4,9,0,24,0,2,3,0,5,11,6,12,0,29,0,0,0,29
08/07/2022,HTS,WV,AEA,CE,Combined TRACON& Tower with Radar,6,5,3,0,14,0,0,4,0,4,6,5,7,0,18,0,0,0,18
08/08/2022,HTS,WV,AEA,CE,Combined TRACON& Tower with Radar,7,8,7,0,22,0,1,26,0,27,7,9,33,0,49,6,0,6,55
08/09/2022,HTS,WV,AEA,CE,Combined TRACON& Tower with Radar,6,10,6,0,22,0,0,19,1,20,6,10,25,1,42,0,0,0,42
08/10/2022,HTS,WV,AEA,CE,Combined TRACON& Tower with Radar,4,10,8,0,22,0,0,1,0,1,4,10,9,0,23,0,0,0,23
08/11/2022,HTS,WV,AEA,CE,Combined TRACON& Tower with Radar,8,9,5,0,22,0,0,18,0,18,8,9,23,0,40,0,0,0,40
08/12/2022,HTS,WV,AEA,CE,Combined TRACON& Tower with Radar,10,8,15,0,33,0,0,24,0,24,10,8,39,0,57,18,0,18,75
08/13/2022,HTS,WV,AEA,CE,Combined TRACON& Tower with Radar,11,4,2,0,17,0,0,13,0,13,11,4,15,0,30,0,0,0,30
08/14/2022,HTS,WV,AEA,CE,Combined TRACON& Tower with Radar,4,4,4,0,12,0,0,4,0,4,4,4,8,0,16,0,0,0,16
08/15/2022,HTS,WV,AEA,CE,Combined TRACON& Tower with Radar,7,10,2,0,19,0,0,6,0,6,7,10,8,0,25,0,0,0,25
08/16/2022,HTS,WV,AEA,CE,Combined TRACON& Tower with Radar,6,8,5,1,20,0,0,2,1,3,6,8,7,2,23,0,0,0,23
08/17/2022,HTS,WV,AEA,CE,Combined TRACON& Tower with Radar,8,8,8,4,28,0,0,8,6,14,8,8,16,10,42,0,0,0,42
08/18/2022,HTS,WV,AEA,CE,Combined TRACON& Tower with Radar,8,13,7,4,32,0,0,11,4,15,8,13,18,8,47,0,0,0,47
08/19/2022,HTS,WV,AEA,CE,Combined TRACON& Tower with Radar,6,11,6,0,23,0,0,14,0,14,6,11,20,0,37,10,0,10,47
08/20/2022,HTS,WV,AEA,CE,Combined TRACON& Tower with Radar,1,5,5,0,11,0,0,7,0,7,1,5,12,0,18,0,0,0,18
08/21/2022,HTS,WV,AEA,CE,Combined TRACON& Tower with Radar,4,3,6,0,13,0,0,0,0,0,4,3,6,0,13,0,0,0,13
08/22/2022,HTS,WV,AEA,CE,Combined TRACON& Tower with Radar,3,10,10,0,23,0,0,4,0,4,3,10,14,0,27,0,0,0,27
08/23/2022,HTS,WV,AEA,CE,Combined TRACON& Tower with Radar,4,9,3,0,16,0,0,10,0,10,4,9,13,0,26,0,0,0,26
08/24/2022,HTS,WV,AEA,CE,Combined TRACON& Tower with Radar,4,7,14,0,25,0,0,20,2,22,4,7,34,2,47,0,0,0,47
08/25/2022,HTS,WV,AEA,CE,Combined TRACON& Tower with Radar,8,8,16,0,32,0,2,13,3,18,8,10,29,3,50,0,0,0,50
08/26/2022,HTS,WV,AEA,CE,Combined TRACON& Tower with Radar,6,12,10,0,28,0,0,6,0,6,6,12,16,0,34,0,0,0,34
08/27/2022,HTS,WV,AEA,CE,Combined TRACON& Tower with Radar,1,8,6,0,15,0,0,11,1,12,1,8,17,1,27,0,0,0,27
08/28/2022,HTS,WV,AEA,CE,Combined TRACON& Tower with Radar,4,6,6,0,16,0,2,12,0,14,4,8,18,0,30,8,0,8,38
08/29/2022,HTS,WV,AEA,CE,Combined TRACON& Tower with Radar,3,13,6,0,22,0,0,7,0,7,3,13,13,0,29,0,0,0,29
08/30/2022,HTS,WV,AEA,CE,Combined TRACON& Tower with Radar,4,8,6,2,20,0,1,4,0,5,4,9,10,2,25,0,0,0,25
08/31/2022,HTS,WV,AEA,CE,Combined TRACON& Tower with Radar,4,12,16,1,33,0,2,27,6,35,4,14,43,7,68,0,12,12,80
09/01/2022,HTS,WV,AEA,CE,Combined TRACON& Tower with Radar,6,13,9,0,28,0,0,28,4,32,6,13,37,4,60,0,0,0,60
09/02/2022,HTS,WV,AEA,CE,Combined TRACON& Tower with Radar,8,8,16,0,32,0,0,22,0,22,8,8,38,0,54,0,0,0,54
09/03/2022,HTS,WV,AEA,CE,Combined TRACON& Tower with Radar,1,3,6,0,10,0,0,4,0,4,1,3,10,0,14,0,0,0,14
09/04/2022,HTS,WV,AEA,CE,Combined TRACON& Tower with Radar,2,2,4,0,8,0,0,2,0,2,2,2,6,0,10,0,0,0,10
09/05/2022,HTS,WV,AEA,CE,Combined TRACON& Tower with Radar,4,4,4,0,12,0,0,0,0,0,4,4,4,0,12,0,0,0,12
09/06/2022,HTS,WV,AEA,CE,Combined TRACON& Tower with Radar,1,9,11,0,21,0,0,0,0,0,1,9,11,0,21,0,0,0,21
09/07/2022,HTS,WV,AEA,CE,Combined TRACON& Tower with Radar,4,8,9,3,24,0,1,20,5,26,4,9,29,8,50,20,10,30,80
09/08/2022,HTS,WV,AEA,CE,Combined TRACON& Tower with Radar,8,10,18,0,36,0,0,10,2,12,8,10,28,2,48,0,0,0,48
09/09/2022,HTS,WV,AEA,CE,Combined TRACON& Tower with Radar,8,10,10,0,28,0,1,16,0,17,8,11,26,0,45,0,0,0,45
09/10/2022,HTS,WV,AEA,CE,Combined TRACON& Tower with Radar,3,10,27,0,40,0,0,10,0,10,3,10,37,0,50,0,0,0,50
09/11/2022,HTS,WV,AEA,CE,Combined TRACON& Tower with Radar,4,4,21,0,29,0,0,5,0,5,4,4,26,0,34,0,0,0,34
09/12/2022,HTS,WV,AEA,CE,Combined TRACON& Tower with Radar,3,14,20,0,37,0,1,20,0,21,3,15,40,0,58,54,0,54,112
09/13/2022,HTS,WV,AEA,CE,Combined TRACON& Tower with Radar,4,10,20,2,36,0,0,18,0,18,4,10,38,2,54,44,0,44,98
09/14/2022,HTS,WV,AEA,CE,Combined TRACON& Tower with Radar,6,10,21,2,39,0,0,17,0,17,6,10,38,2,56,6,26,32,88
09/15/2022,HTS,WV,AEA,CE,Combined TRACON& Tower with Radar,9,12,15,0,36,0,2,19,2,23,9,14,34,2,59,0,0,0,59
09/16/2022,HTS,WV,AEA,CE,Combined TRACON& Tower with Radar,8,8,8,1,25,0,0,9,0,9,8,8,17,1,34,0,0,0,34
09/17/2022,HTS,WV,AEA,CE,Combined TRACON& Tower with Radar,1,4,7,0,12,0,0,15,0,15,1,4,22,0,27,0,0,0,27
09/18/2022,HTS,WV,AEA,CE,Combined TRACON& Tower with Radar,6,7,9,0,22,0,0,11,0,11,6,7,20,0,33,0,0,0,33
09/19/2022,HTS,WV,AEA,CE,Combined TRACON& Tower with Radar,3,10,10,0,23,0,0,13,0,13,3,10,23,0,36,0,0,0,36
09/20/2022,HTS,WV,AEA,CE,Combined TRACON& Tower with Radar,4,7,10,0,21,0,0,18,0,18,4,7,28,0,39,10,0,10,49
09/21/2022,HTS,WV,AEA,CE,Combined TRACON& Tower with Radar,4,10,11,0,25,0,0,26,0,26,4,10,37,0,51,0,0,0,51
09/22/2022,HTS,WV,AEA,CE,Combined TRACON& Tower with Radar,9,8,19,3,39,0,0,4,3,7,9,8,23,6,46,0,0,0,46
09/23/2022,HTS,WV,AEA,CE,Combined TRACON& Tower with Radar,9,8,14,0,31,0,0,22,0,22,9,8,36,0,53,0,0,0,53
09/24/2022,HTS,WV,AEA,CE,Combined TRACON& Tower with Radar,3,4,11,0,18,0,0,10,0,10,3,4,21,0,28,0,0,0,28
09/25/2022,HTS,WV,AEA,CE,Combined TRACON& Tower with Radar,6,3,3,0,12,0,0,13,0,13,6,3,16,0,25,0,0,0,25
09/26/2022,HTS,WV,AEA,CE,Combined TRACON& Tower with Radar,3,9,15,0,27,0,0,14,0,14,3,9,29,0,41,0,0,0,41
09/27/2022,HTS,WV,AEA,CE,Combined TRACON& Tower with Radar,4,8,4,0,16,0,0,10,0,10,4,8,14,0,26,0,0,0,26
09/28/2022,HTS,WV,AEA,CE,Combined TRACON& Tower with Radar,4,8,9,2,23,0,0,8,0,8,4,8,17,2,31,0,0,0,31
09/29/2022,HTS,WV,AEA,CE,Combined TRACON& Tower with Radar,6,10,8,0,24,0,2,9,3,14,6,12,17,3,38,0,0,0,38
09/30/2022,HTS,WV,AEA,CE,Combined TRACON& Tower with Radar,4,9,6,0,19,0,1,11,0,12,4,10,17,0,31,0,0,0,31
10/01/2022,HTS,WV,AEA,CE,Combined TRACON& Tower with Radar,5,5,6,0,16,0,0,0,0,0,5,5,6,0,16,0,0,0,16
10/02/2022,HTS,WV,AEA,CE,Combined TRACON& Tower with Radar,4,5,3,0,12,0,0,4,0,4,4,5,7,0,16,0,0,0,16
10/03/2022,HTS,WV,AEA,CE,Combined TRACON& Tower with Radar,3,8,7,0,18,0,2,19,0,21,3,10,26,0,39,0,0,0,39
10/04/2022,HTS,WV,AEA,CE,Combined TRACON& Tower with Radar,4,8,5,0,17,0,2,6,1,9,4,10,11,1,26,0,0,0,26
10/05/2022,HTS,WV,AEA,CE,Combined TRACON& Tower with Radar,4,10,4,0,18,0,0,10,0,10,4,10,14,0,28,0,0,0,28
10/06/2022,HTS,WV,AEA,CE,Combined TRACON& Tower with Radar,6,8,5,0,19,0,0,4,1,5,6,8,9,1,24,0,0,0,24
10/07/2022,HTS,WV,AEA,CE,Combined TRACON& Tower with Radar,6,10,4,0,20,0,0,4,0,4,6,10,8,0,24,0,0,0,24
10/08/2022,HTS,WV,AEA,CE,Combined TRACON& Tower with Radar,5,4,7,0,16,0,0,15,0,15,5,4,22,0,31,0,0,0,31
10/09/2022,HTS,WV,AEA,CE,Combined TRACON& Tower with Radar,2,4,10,0,16,0,0,9,0,9,2,4,19,0,25,0,0,0,25
10/10/2022,HTS,WV,AEA,CE,Combined TRACON& Tower with Radar,3,8,2,0,13,0,0,15,0,15,3,8,17,0,28,0,0,0,28
10/11/2022,HTS,WV,AEA,CE,Combined TRACON& Tower with Radar,5,8,0,0,13,0,0,8,0,8,5,8,8,0,21,0,0,0,21
10/12/2022,HTS,WV,AEA,CE,Combined TRACON& Tower with Radar,4,9,0,2,15,0,0,4,0,4,4,9,4,2,19,0,0,0,19
10/13/2022,HTS,WV,AEA,CE,Combined TRACON& Tower with Radar,7,8,3,0,18,0,0,9,2,11,7,8,12,2,29,0,0,0,29
10/14/2022,HTS,WV,AEA,CE,Combined TRACON& Tower with Radar,6,8,6,2,22,0,2,14,0,16,6,10,20,2,38,0,0,0,38
10/15/2022,HTS,WV,AEA,CE,Combined TRACON& Tower with Radar,3,4,7,0,14,0,0,6,0,6,3,4,13,0,20,0,0,0,20
10/16/2022,HTS,WV,AEA,CE,Combined TRACON& Tower with Radar,2,6,3,1,12,0,0,6,1,7,2,6,9,2,19,0,0,0,19
10/17/2022,HTS,WV,AEA,CE,Combined TRACON& Tower with Radar,3,9,0,0,12,0,0,10,0,10,3,9,10,0,22,0,0,0,22
10/18/2022,HTS,WV,AEA,CE,Combined TRACON& Tower with Radar,4,11,6,0,21,0,0,2,0,2,4,11,8,0,23,0,0,0,23
10/19/2022,HTS,WV,AEA,CE,Combined TRACON& Tower with Radar,4,9,7,0,20,0,0,10,1,11,4,9,17,1,31,0,0,0,31
10/20/2022,HTS,WV,AEA,CE,Combined TRACON& Tower with Radar,6,11,4,8,29,0,0,12,0,12,6,11,16,8,41,0,0,0,41
10/21/2022,HTS,WV,AEA,CE,Combined TRACON& Tower with Radar,8,9,9,0,26,0,0,12,0,12,8,9,21,0,38,0,0,0,38
10/22/2022,HTS,WV,AEA,CE,Combined TRACON& Tower with Radar,5,6,0,0,11,0,0,3,2,5,5,6,3,2,16,0,0,0,16
10/23/2022,HTS,WV,AEA,CE,Combined TRACON& Tower with Radar,2,4,6,0,12,0,0,16,0,16,2,4,22,0,28,0,0,0,28
10/24/2022,HTS,WV,AEA,CE,Combined TRACON& Tower with Radar,3,9,3,0,15,0,0,6,0,6,3,9,9,0,21,0,0,0,21
10/25/2022,HTS,WV,AEA,CE,Combined TRACON& Tower with Radar,4,9,4,0,17,0,0,5,0,5,4,9,9,0,22,0,0,0,22
10/26/2022,HTS,WV,AEA,CE,Combined TRACON& Tower with Radar,6,10,5,4,25,0,0,0,2,2,6,10,5,6,27,0,0,0,27
10/27/2022,HTS,WV,AEA,CE,Combined TRACON& Tower with Radar,6,9,10,0,25,0,0,9,1,10,6,9,19,1,35,0,0,0,35
10/28/2022,HTS,WV,AEA,CE,Combined TRACON& Tower with Radar,7,10,0,0,17,0,0,6,0,6,7,10,6,0,23,0,0,0,23
10/29/2022,HTS,WV,AEA,CE,Combined TRACON& Tower with Radar,1,8,1,0,10,0,2,7,0,9,1,10,8,0,19,0,0,0,19
10/30/2022,HTS,WV,AEA,CE,Combined TRACON& Tower with Radar,3,4,3,0,10,0,0,9,0,9,3,4,12,0,19,0,0,0,19
10/31/2022,HTS,WV,AEA,CE,Combined TRACON& Tower with Radar,3,6,5,0,14,0,0,1,0,1,3,6,6,0,15,0,0,0,15
11/01/2022,HTS,WV,AEA,CE,Combined TRACON& Tower with Radar,5,12,9,0,26,0,0,13,0,13,5,12,22,0,39,6,0,6,45
11/02/2022,HTS,WV,AEA,CE,Combined TRACON& Tower with Radar,5,12,3,0,20,0,0,7,0,7,5,12,10,0,27,6,0,6,33
11/03/2022,HTS,WV,AEA,CE,Combined TRACON& Tower with Radar,5,8,12,0,25,0,0,12,4,16,5,8,24,4,41,0,0,0,41
11/04/2022,HTS,WV,AEA,CE,Combined TRACON& Tower with Radar,9,8,3,0,20,0,0,12,0,12,9,8,15,0,32,0,0,0,32
11/05/2022,HTS,WV,AEA,CE,Combined TRACON& Tower with Radar,3,4,0,0,7,0,0,2,0,2,3,4,2,0,9,0,0,0,9
11/06/2022,HTS,WV,AEA,CE,Combined TRACON& Tower with Radar,2,4,5,0,11,0,2,6,0,8,2,6,11,0,19,0,0,0,19
11/07/2022,HTS,WV,AEA,CE,Combined TRACON& Tower with Radar,3,19,8,0,30,0,0,12,5,17,3,19,20,5,47,0,0,0,47
11/08/2022,HTS,WV,AEA,CE,Combined TRACON& Tower with Radar,4,13,5,0,22,0,3,23,3,29,4,16,28,3,51,0,0,0,51
11/09/2022,HTS,WV,AEA,CE,Combined TRACON& Tower with Radar,5,8,10,2,25,0,0,12,6,18,5,8,22,8,43,0,0,0,43
11/10/2022,HTS,WV,AEA,CE,Combined TRACON& Tower with Radar,5,11,17,0,33,0,0,15,5,20,5,11,32,5,53,6,0,6,59
11/11/2022,HTS,WV,AEA,CE,Combined TRACON& Tower with Radar,6,11,3,0,20,0,0,0,0,0,6,11,3,0,20,0,0,0,20
11/12/2022,HTS,WV,AEA,CE,Combined TRACON& Tower with Radar,1,8,3,2,14,0,0,0,0,0,1,8,3,2,14,0,0,0,14
11/13/2022,HTS,WV,AEA,CE,Combined TRACON& Tower with Radar,1,4,5,0,10,0,0,1,0,1,1,4,6,0,11,0,0,0,11
11/14/2022,HTS,WV,AEA,CE,Combined TRACON& Tower with Radar,4,8,9,0,21,0,0,14,1,15,4,8,23,1,36,0,0,0,36
11/15/2022,HTS,WV,AEA,CE,Combined TRACON& Tower with Radar,4,11,1,0,16,0,0,0,0,0,4,11,1,0,16,0,0,0,16
11/16/2022,HTS,WV,AEA,CE,Combined TRACON& Tower with Radar,4,9,6,0,19,0,0,3,0,3,4,9,9,0,22,0,0,0,22
11/17/2022,HTS,WV,AEA,CE,Combined TRACON& Tower with Radar,6,8,7,2,23,0,0,4,1,5,6,8,11,3,28,34,0,34,62
11/18/2022,HTS,WV,AEA,CE,Combined TRACON& Tower with Radar,8,8,8,0,24,0,0,9,0,9,8,8,17,0,33,0,0,0,33
11/19/2022,HTS,WV,AEA,CE,Combined TRACON& Tower with Radar,3,4,8,0,15,0,1,11,1,13,3,5,19,1,28,0,0,0,28
11/20/2022,HTS,WV,AEA,CE,Combined TRACON& Tower with Radar,4,7,6,0,17,0,0,26,0,26,4,7,32,0,43,4,0,4,47
11/21/2022,HTS,WV,AEA,CE,Combined TRACON& Tower with Radar,3,11,5,0,19,0,0,18,0,18,3,11,23,0,37,0,0,0,37
11/22/2022,HTS,WV,AEA,CE,Combined TRACON& Tower with Radar,6,12,7,0,25,0,2,21,0,23,6,14,28,0,48,0,0,0,48
11/23/2022,HTS,WV,AEA,CE,Combined TRACON& Tower with Radar,4,9,5,0,18,0,0,13,0,13,4,9,18,0,31,0,0,0,31
11/24/2022,HTS,WV,AEA,CE,Combined TRACON& Tower with Radar,4,1,0,0,5,0,0,6,0,6,4,1,6,0,11,0,0,0,11
11/25/2022,HTS,WV,AEA,CE,Combined TRACON& Tower with Radar,7,8,0,0,15,0,0,2,0,2,7,8,2,0,17,20,0,20,37
11/26/2022,HTS,WV,AEA,CE,Combined TRACON& Tower with Radar,4,5,15,0,24,0,0,17,0,17,4,5,32,0,41,0,0,0,41
11/27/2022,HTS,WV,AEA,CE,Combined TRACON& Tower with Radar,2,6,4,0,12,0,0,3,0,3,2,6,7,0,15,0,0,0,15
11/28/2022,HTS,WV,AEA,CE,Combined TRACON& Tower with Radar,3,8,9,0,20,0,0,2,0,2,3,8,11,0,22,0,0,0,22
11/29/2022,HTS,WV,AEA,CE,Combined TRACON& Tower with Radar,4,10,4,0,18,0,0,17,0,17,4,10,21,0,35,0,0,0,35
11/30/2022,HTS,WV,AEA,CE,Combined TRACON& Tower with Radar,6,11,6,0,23,0,0,1,0,1,6,11,7,0,24,0,0,0,24
12/01/2022,HTS,WV,AEA,CE,Combined TRACON& Tower with Radar,4,9,6,0,19,0,0,20,0,20,4,9,26,0,39,0,0,0,39
12/02/2022,HTS,WV,AEA,CE,Combined TRACON& Tower with Radar,8,10,4,6,28,0,0,14,0,14,8,10,18,6,42,0,0,0,42
12/03/2022,HTS,WV,AEA,CE,Combined TRACON& Tower with Radar,1,4,1,0,6,0,0,1,0,1,1,4,2,0,7,0,0,0,7
12/04/2022,HTS,WV,AEA,CE,Combined TRACON& Tower with Radar,0,4,2,0,6,0,2,15,0,17,0,6,17,0,23,0,0,0,23
12/05/2022,HTS,WV,AEA,CE,Combined TRACON& Tower with Radar,5,8,9,0,22,0,0,14,0,14,5,8,23,0,36,0,0,0,36
12/06/2022,HTS,WV,AEA,CE,Combined TRACON& Tower with Radar,4,10,10,0,24,0,0,0,0,0,4,10,10,0,24,0,0,0,24
12/07/2022,HTS,WV,AEA,CE,Combined TRACON& Tower with Radar,6,12,10,10,38,0,0,0,1,1,6,12,10,11,39,0,16,16,55
12/08/2022,HTS,WV,AEA,CE,Combined TRACON& Tower with Radar,4,9,4,0,17,0,0,0,0,0,4,9,4,0,17,0,0,0,17
12/09/2022,HTS,WV,AEA,CE,Combined TRACON& Tower with Radar,7,9,9,0,25,0,0,0,0,0,7,9,9,0,25,0,0,0,25
12/10/2022,HTS,WV,AEA,CE,Combined TRACON& Tower with Radar,2,4,10,0,16,0,0,7,0,7,2,4,17,0,23,0,0,0,23
12/11/2022,HTS,WV,AEA,CE,Combined TRACON& Tower with Radar,0,4,6,0,10,0,0,3,0,3,0,4,9,0,13,0,0,0,13
12/12/2022,HTS,WV,AEA,CE,Combined TRACON& Tower with Radar,5,8,4,0,17,0,0,2,0,2,5,8,6,0,19,0,0,0,19
12/13/2022,HTS,WV,AEA,CE,Combined TRACON& Tower with Radar,4,10,8,0,22,0,0,22,0,22,4,10,30,0,44,0,0,0,44
12/14/2022,HTS,WV,AEA,CE,Combined TRACON& Tower with Radar,6,15,8,0,29,0,0,0,0,0,6,15,8,0,29,0,0,0,29
12/15/2022,HTS,WV,AEA,CE,Combined TRACON& Tower with Radar,8,9,6,0,23,0,0,3,0,3,8,9,9,0,26,0,0,0,26
12/16/2022,HTS,WV,AEA,CE,Combined TRACON& Tower with Radar,6,8,7,0,21,0,0,13,0,13,6,8,20,0,34,0,0,0,34
12/17/2022,HTS,WV,AEA,CE,Combined TRACON& Tower with Radar,5,4,0,2,11,0,0,4,4,8,5,4,4,6,19,0,0,0,19
12/18/2022,HTS,WV,AEA,CE,Combined TRACON& Tower with Radar,2,4,6,0,12,0,2,1,0,3,2,6,7,0,15,0,0,0,15
12/19/2022,HTS,WV,AEA,CE,Combined TRACON& Tower with Radar,9,11,6,0,26,0,0,10,1,11,9,11,16,1,37,0,0,0,37
12/20/2022,HTS,WV,AEA,CE,Combined TRACON& Tower with Radar,6,8,5,0,19,0,0,10,0,10,6,8,15,0,29,0,0,0,29
12/21/2022,HTS,WV,AEA,CE,Combined TRACON& Tower with Radar,6,8,2,2,18,0,0,14,0,14,6,8,16,2,32,22,0,22,54
12/22/2022,HTS,WV,AEA,CE,Combined TRACON& Tower with Radar,8,6,0,0,14,0,0,0,0,0,8,6,0,0,14,0,0,0,14
12/23/2022,HTS,WV,AEA,CE,Combined TRACON& Tower with Radar,3,5,0,0,8,0,0,0,0,0,3,5,0,0,8,0,0,0,8
12/24/2022,HTS,WV,AEA,CE,Combined TRACON& Tower with Radar,6,2,4,0,12,0,1,0,0,1,6,3,4,0,13,0,0,0,13
12/25/2022,HTS,WV,AEA,CE,Combined TRACON& Tower with Radar,0,3,2,0,5,0,0,2,0,2,0,3,4,0,7,0,0,0,7
12/26/2022,HTS,WV,AEA,CE,Combined TRACON& Tower with Radar,2,6,3,0,11,0,0,1,0,1,2,6,4,0,12,0,0,0,12
12/27/2022,HTS,WV,AEA,CE,Combined TRACON& Tower with Radar,5,9,3,0,17,0,0,6,0,6,5,9,9,0,23,0,0,0,23
12/28/2022,HTS,WV,AEA,CE,Combined TRACON& Tower with Radar,6,9,6,0,21,0,0,19,0,19,6,9,25,0,40,0,0,0,40
12/29/2022,HTS,WV,AEA,CE,Combined TRACON& Tower with Radar,8,10,14,2,34,0,0,9,0,9,8,10,23,2,43,0,0,0,43
12/30/2022,HTS,WV,AEA,CE,Combined TRACON& Tower with Radar,6,10,4,0,20,0,0,2,0,2,6,10,6,0,22,0,0,0,22
12/31/2022,HTS,WV,AEA,CE,Combined TRACON& Tower with Radar,5,3,0,0,8,0,0,0,0,0,5,3,0,0,8,0,0,0,8
01/01/2023,HTS,WV,AEA,CE,Combined TRACON& Tower with Radar,0,3,0,0,3,0,0,0,0,0,0,3,0,0,3,0,0,0,3
01/02/2023,HTS,WV,AEA,CE,Combined TRACON& Tower with Radar,2,8,10,0,20,0,0,7,0,7,2,8,17,0,27,0,0,0,27
01/03/2023,HTS,WV,AEA,CE,Combined TRACON& Tower with Radar,5,11,0,0,16,0,0,0,0,0,5,11,0,0,16,0,0,0,16
01/04/2023,HTS,WV,AEA,CE,Combined TRACON& Tower with Radar,4,11,2,0,17,0,0,4,0,4,4,11,6,0,21,0,0,0,21
01/05/2023,HTS,WV,AEA,CE,Combined TRACON& Tower with Radar,4,12,8,0,24,0,0,16,6,22,4,12,24,6,46,0,0,0,46
01/06/2023,HTS,WV,AEA,CE,Combined TRACON& Tower with Radar,7,8,3,0,18,0,0,17,2,19,7,8,20,2,37,12,0,12,49
01/07/2023,HTS,WV,AEA,CE,Combined TRACON& Tower with Radar,2,8,5,0,15,0,0,15,0,15,2,8,20,0,30,13,0,13,43
01/08/2023,HTS,WV,AEA,CE,Combined TRACON& Tower with Radar,0,4,0,0,4,0,0,0,0,0,0,4,0,0,4,6,0,6,10
01/09/2023,HTS,WV,AEA,CE,Combined TRACON& Tower with Radar,5,8,4,0,17,0,1,3,0,4,5,9,7,0,21,0,0,0,21
01/10/2023,HTS,WV,AEA,CE,Combined TRACON& Tower with Radar,4,9,19,1,33,0,2,10,1,13,4,11,29,2,46,0,0,0,46
01/11/2023,HTS,WV,AEA,CE,Combined TRACON& Tower with Radar,4,8,6,0,18,0,0,0,0,0,4,8,6,0,18,0,0,0,18
01/12/2023,HTS,WV,AEA,CE,Combined TRACON& Tower with Radar,6,6,8,0,20,0,0,0,0,0,6,6,8,0,20,0,0,0,20
01/13/2023,HTS,WV,AEA,CE,Combined TRACON& Tower with Radar,10,8,2,0,20,0,0,0,0,0,10,8,2,0,20,0,0,0,20
01/14/2023,HTS,WV,AEA,CE,Combined TRACON& Tower with Radar,1,6,0,0,7,0,0,0,0,0,1,6,0,0,7,0,0,0,7
01/15/2023,HTS,WV,AEA,CE,Combined TRACON& Tower with Radar,2,3,3,0,8,0,0,13,1,14,2,3,16,1,22,17,0,17,39
01/16/2023,HTS,WV,AEA,CE,Combined TRACON& Tower with Radar,5,10,11,0,26,0,0,18,0,18,5,10,29,0,44,0,0,0,44
01/17/2023,HTS,WV,AEA,CE,Combined TRACON& Tower with Radar,3,14,3,0,20,0,0,0,0,0,3,14,3,0,20,0,0,0,20
01/18/2023,HTS,WV,AEA,CE,Combined TRACON& Tower with Radar,4,8,8,0,20,0,0,4,0,4,4,8,12,0,24,30,0,30,54
01/19/2023,HTS,WV,AEA,CE,Combined TRACON& Tower with Radar,6,6,0,0,12,0,0,0,0,0,6,6,0,0,12,0,0,0,12
01/20/2023,HTS,WV,AEA,CE,Combined TRACON& Tower with Radar,12,8,9,0,29,0,0,1,0,1,12,8,10,0,30,0,0,0,30
01/21/2023,HTS,WV,AEA,CE,Combined TRACON& Tower with Radar,1,4,4,0,9,0,0,28,0,28,1,4,32,0,37,0,0,0,37
01/22/2023,HTS,WV,AEA,CE,Combined TRACON& Tower with Radar,2,2,1,0,5,0,1,0,0,1,2,3,1,0,6,0,0,0,6
01/23/2023,HTS,WV,AEA,CE,Combined TRACON& Tower with Radar,5,8,2,2,17,0,0,3,0,3,5,8,5,2,20,0,0,0,20
01/24/2023,HTS,WV,AEA,CE,Combined TRACON& Tower with Radar,4,8,12,0,24,0,2,21,8,31,4,10,33,8,55,0,0,0,55
01/25/2023,HTS,WV,AEA,CE,Combined TRACON& Tower with Radar,4,10,0,0,14,0,0,0,0,0,4,10,0,0,14,0,0,0,14
01/26/2023,HTS,WV,AEA,CE,Combined TRACON& Tower with Radar,6,6,3,0,15,0,0,0,0,0,6,6,3,0,15,0,0,0,15
01/27/2023,HTS,WV,AEA,CE,Combined TRACON& Tower with Radar,10,6,9,0,25,0,0,7,0,7,10,6,16,0,32,0,0,0,32
01/28/2023,HTS,WV,AEA,CE,Combined TRACON& Tower with Radar,1,6,2,0,9,0,2,24,0,26,1,8,26,0,35,0,0,0,35
01/29/2023,HTS,WV,AEA,CE,Combined TRACON& Tower with Radar,2,2,0,0,4,0,0,0,0,0,2,2,0,0,4,0,0,0,4
01/30/2023,HTS,WV,AEA,CE,Combined TRACON& Tower with Radar,4,20,12,0,36,0,0,0,0,0,4,20,12,0,36,0,0,0,36
01/31/2023,HTS,WV,AEA,CE,Combined TRACON& Tower with Radar,0,8,0,0,8,0,0,0,0,0,0,8,0,0,8,0,0,0,8
02/01/2023,HTS,WV,AEA,CE,Combined TRACON& Tower with Radar,0,9,6,1,16,0,0,4,1,5,0,9,10,2,21,10,0,10,31
02/02/2023,HTS,WV,AEA,CE,Combined TRACON& Tower with Radar,3,8,10,0,21,0,0,3,3,6,3,8,13,3,27,0,0,0,27
02/03/2023,HTS,WV,AEA,CE,Combined TRACON& Tower with Radar,8,9,5,0,22,0,0,3,0,3,8,9,8,0,25,0,0,0,25
02/04/2023,HTS,WV,AEA,CE,Combined TRACON& Tower with Radar,1,4,7,0,12,0,6,15,0,21,1,10,22,0,33,0,0,0,33
02/05/2023,HTS,WV,AEA,CE,Combined TRACON& Tower with Radar,0,4,13,0,17,0,0,4,0,4,0,4,17,0,21,0,0,0,21
02/06/2023,HTS,WV,AEA,CE,Combined TRACON& Tower with Radar,5,12,8,2,27,0,1,12,0,13,5,13,20,2,40,0,0,0,40
02/07/2023,HTS,WV,AEA,CE,Combined TRACON& Tower with Radar,3,4,6,0,13,0,0,7,0,7,3,4,13,0,20,0,0,0,20
02/08/2023,HTS,WV,AEA,CE,Combined TRACON& Tower with Radar,4,8,12,0,24,0,0,1,1,2,4,8,13,1,26,0,0,0,26
02/09/2023,HTS,WV,AEA,CE,Combined TRACON& Tower with Radar,4,8,9,1,22,0,1,0,4,5,4,9,9,5,27,0,0,0,27
02/10/2023,HTS,WV,AEA,CE,Combined TRACON& Tower with Radar,8,8,13,0,29,0,0,9,0,9,8,8,22,0,38,0,0,0,38
02/11/2023,HTS,WV,AEA,CE,Combined TRACON& Tower with Radar,1,4,12,0,17,0,0,29,0,29,1,4,41,0,46,0,0,0,46
02/12/2023,HTS,WV,AEA,CE,Combined TRACON& Tower with Radar,0,4,5,0,9,0,0,3,2,5,0,4,8,2,14,0,0,0,14
02/13/2023,HTS,WV,AEA,CE,Combined TRACON& Tower with Radar,5,8,4,2,19,0,0,11,0,11,5,8,15,2,30,0,0,0,30
02/14/2023,HTS,WV,AEA,CE,Combined TRACON& Tower with Radar,4,8,13,0,25,0,0,20,2,22,4,8,33,2,47,0,0,0,47
02/15/2023,HTS,WV,AEA,CE,Combined TRACON& Tower with Radar,4,11,8,4,27,0,1,4,0,5,4,12,12,4,32,0,0,0,32
02/16/2023,HTS,WV,AEA,CE,Combined TRACON& Tower with Radar,7,12,6,0,25,0,0,0,0,0,7,12,6,0,25,0,0,0,25
02/17/2023,HTS,WV,AEA,CE,Combined TRACON& Tower with Radar,7,10,4,0,21,0,0,0,0,0,7,10,4,0,21,0,0,0,21
02/18/2023,HTS,WV,AEA,CE,Combined TRACON& Tower with Radar,1,2,14,0,17,0,6,24,0,30,1,8,38,0,47,0,0,0,47
02/19/2023,HTS,WV,AEA,CE,Combined TRACON& Tower with Radar,2,6,2,0,10,0,0,12,0,12,2,6,14,0,22,0,0,0,22
02/20/2023,HTS,WV,AEA,CE,Combined TRACON& Tower with Radar,3,8,6,0,17,0,0,4,0,4,3,8,10,0,21,1,0,1,22
02/21/2023,HTS,WV,AEA,CE,Combined TRACON& Tower with Radar,4,10,13,3,30,0,0,11,0,11,4,10,24,3,41,0,0,0,41
02/22/2023,HTS,WV,AEA,CE,Combined TRACON& Tower with Radar,4,8,1,9,22,0,1,1,3,5,4,9,2,12,27,0,0,0,27
02/23/2023,HTS,WV,AEA,CE,Combined TRACON& Tower with Radar,6,11,8,2,27,0,3,16,3,22,6,14,24,5,49,0,14,14,63
02/24/2023,HTS,WV,AEA,CE,Combined TRACON& Tower with Radar,6,12,23,2,43,0,3,33,4,40,6,15,56,6,83,0,0,0,83
02/25/2023,HTS,WV,AEA,CE,Combined TRACON& Tower with Radar,1,7,5,0,13,0,0,4,0,4,1,7,9,0,17,0,0,0,17
02/26/2023,HTS,WV,AEA,CE,Combined TRACON& Tower with Radar,2,4,10,0,16,0,0,11,0,11,2,4,21,0,27,0,0,0,27
02/27/2023,HTS,WV,AEA,CE,Combined TRACON& Tower with Radar,3,10,0,0,13,0,0,0,0,0,3,10,0,0,13,0,0,0,13
02/28/2023,HTS,WV,AEA,CE,Combined TRACON& Tower with Radar,4,11,10,0,25,0,3,23,0,26,4,14,33,0,51,14,0,14,65
03/01/2023,HTS,WV,AEA,CE,Combined TRACON& Tower with Radar,4,15,9,3,31,0,1,15,4,20,4,16,24,7,51,0,0,0,51
03/02/2023,HTS,WV,AEA,CE,Combined TRACON& Tower with Radar,6,10,8,0,24,0,0,28,4,32,6,10,36,4,56,0,0,0,56
03/03/2023,HTS,WV,AEA,CE,Combined TRACON& Tower with Radar,6,15,2,0,23,0,0,0,0,0,6,15,2,0,23,0,0,0,23
03/04/2023,HTS,WV,AEA,CE,Combined TRACON& Tower with Radar,1,5,7,0,13,0,0,8,0,8,1,5,15,0,21,0,0,0,21
03/05/2023,HTS,WV,AEA,CE,Combined TRACON& Tower with Radar,2,8,7,0,17,0,0,26,0,26,2,8,33,0,43,0,0,0,43
03/06/2023,HTS,WV,AEA,CE,Combined TRACON& Tower with Radar,3,8,7,0,18,0,0,4,0,4,3,8,11,0,22,0,0,0,22
03/07/2023,HTS,WV,AEA,CE,Combined TRACON& Tower with Radar,4,10,6,0,20,0,0,9,0,9,4,10,15,0,29,0,0,0,29
03/08/2023,HTS,WV,AEA,CE,Combined TRACON& Tower with Radar,4,12,7,0,23,0,3,18,0,21,4,15,25,0,44,0,0,0,44
03/09/2023,HTS,WV,AEA,CE,Combined TRACON& Tower with Radar,6,8,13,0,27,0,0,23,3,26,6,8,36,3,53,43,0,43,96
03/10/2023,HTS,WV,AEA,CE,Combined TRACON& Tower with Radar,6,8,2,0,16,0,0,0,0,0,6,8,2,0,16,0,0,0,16
03/11/2023,HTS,WV,AEA,CE,Combined TRACON& Tower with Radar,1,4,5,0,10,0,0,6,0,6,1,4,11,0,16,0,0,0,16
03/12/2023,HTS,WV,AEA,CE,Combined TRACON& Tower with Radar,0,5,3,0,8,0,0,0,0,0,0,5,3,0,8,0,0,0,8
03/13/2023,HTS,WV,AEA,CE,Combined TRACON& Tower with Radar,3,8,12,0,23,0,0,1,0,1,3,8,13,0,24,0,0,0,24
03/14/2023,HTS,WV,AEA,CE,Combined TRACON& Tower with Radar,4,14,2,0,20,0,0,1,0,1,4,14,3,0,21,0,0,0,21
03/15/2023,HTS,WV,AEA,CE,Combined TRACON& Tower with Radar,4,10,12,2,28,0,0,28,2,30,4,10,40,4,58,16,0,16,74
03/16/2023,HTS,WV,AEA,CE,Combined TRACON& Tower with Radar,6,12,10,0,28,0,3,7,4,14,6,15,17,4,42,0,0,0,42
03/17/2023,HTS,WV,AEA,CE,Combined TRACON& Tower with Radar,6,8,3,0,17,0,0,1,0,1,6,8,4,0,18,0,0,0,18
03/18/2023,HTS,WV,AEA,CE,Combined TRACON& Tower with Radar,1,4,3,0,8,0,0,7,0,7,1,4,10,0,15,0,0,0,15
03/19/2023,HTS,WV,AEA,CE,Combined TRACON& Tower with Radar,2,4,5,0,11,0,4,10,0,14,2,8,15,0,25,0,0,0,25
03/20/2023,HTS,WV,AEA,CE,Combined TRACON& Tower with Radar,3,8,10,0,21,0,0,26,0,26,3,8,36,0,47,24,0,24,71
03/21/2023,HTS,WV,AEA,CE,Combined TRACON& Tower with Radar,4,8,11,0,23,0,2,14,0,16,4,10,25,0,39,16,0,16,55
03/22/2023,HTS,WV,AEA,CE,Combined TRACON& Tower with Radar,4,8,2,0,14,0,0,1,0,1,4,8,3,0,15,4,0,4,19
03/23/2023,HTS,WV,AEA,CE,Combined TRACON& Tower with Radar,6,8,2,0,16,0,0,4,4,8,6,8,6,4,24,0,0,0,24
03/24/2023,HTS,WV,AEA,CE,Combined TRACON& Tower with Radar,6,10,3,2,21,0,0,0,0,0,6,10,3,2,21,0,0,0,21
03/25/2023,HTS,WV,AEA,CE,Combined TRACON& Tower with Radar,1,6,4,0,11,0,0,0,0,0,1,6,4,0,11,0,0,0,11
03/26/2023,HTS,WV,AEA,CE,Combined TRACON& Tower with Radar,1,6,8,0,15,0,0,34,0,34,1,6,42,0,49,0,0,0,49
03/27/2023,HTS,WV,AEA,CE,Combined TRACON& Tower with Radar,4,8,2,0,14,1,0,5,0,6,5,8,7,0,20,16,0,16,36
03/28/2023,HTS,WV,AEA,CE,Combined TRACON& Tower with Radar,4,8,6,0,18,0,0,4,0,4,4,8,10,0,22,20,0,20,42
03/29/2023,HTS,WV,AEA,CE,Combined TRACON& Tower with Radar,4,8,12,0,24,0,0,23,3,26,4,8,35,3,50,5,0,5,55
03/30/2023,HTS,WV,AEA,CE,Combined TRACON& Tower with Radar,6,10,13,2,31,0,7,35,1,43,6,17,48,3,74,18,0,18,92
03/31/2023,HTS,WV,AEA,CE,Combined TRACON& Tower with Radar,6,8,9,0,23,0,0,0,0,0,6,8,9,0,23,0,0,0,23
04/01/2023,HTS,WV,AEA,CE,Combined TRACON& Tower with Radar,1,4,0,1,6,0,0,0,0,0,1,4,0,1,6,0,0,0,6
04/02/2023,HTS,WV,AEA,CE,Combined TRACON& Tower with Radar,2,4,6,1,13,0,0,8,1,9,2,4,14,2,22,0,0,0,22
04/03/2023,HTS,WV,AEA,CE,Combined TRACON& Tower with Radar,3,10,8,0,21,0,4,14,1,19,3,14,22,1,40,0,0,0,40
04/04/2023,HTS,WV,AEA,CE,Combined TRACON& Tower with Radar,4,8,7,0,19,0,0,12,0,12,4,8,19,0,31,16,0,16,47
04/05/2023,HTS,WV,AEA,CE,Combined TRACON& Tower with Radar,5,10,6,0,21,0,2,1,4,7,5,12,7,4,28,0,0,0,28
04/06/2023,HTS,WV,AEA,CE,Combined TRACON& Tower with Radar,7,8,11,0,26,0,0,2,0,2,7,8,13,0,28,0,0,0,28
04/07/2023,HTS,WV,AEA,CE,Combined TRACON& Tower with Radar,6,8,10,0,24,0,0,13,0,13,6,8,23,0,37,10,0,10,47
04/08/2023,HTS,WV,AEA,CE,Combined TRACON& Tower with Radar,1,12,4,0,17,0,1,10,0,11,1,13,14,0,28,0,0,0,28
04/09/2023,HTS,WV,AEA,CE,Combined TRACON& Tower with Radar,2,7,3,0,12,0,0,11,0,11,2,7,14,0,23,0,0,0,23
04/10/2023,HTS,WV,AEA,CE,Combined TRACON& Tower with Radar,3,9,8,0,20,0,5,30,0,35,3,14,38,0,55,36,0,36,91
04/11/2023,HTS,WV,AEA,CE,Combined TRACON& Tower with Radar,4,11,24,0,39,0,2,32,0,34,4,13,56,0,73,34,0,34,107
04/12/2023,HTS,WV,AEA,CE,Combined TRACON& Tower with Radar,4,10,11,2,27,0,2,24,0,26,4,12,35,2,53,10,0,10,63
04/13/2023,HTS,WV,AEA,CE,Combined TRACON& Tower with Radar,6,8,13,0,27,0,0,59,8,67,6,8,72,8,94,20,0,20,114
04/14/2023,HTS,WV,AEA,CE,Combined TRACON& Tower with Radar,6,8,5,0,19,0,0,13,0,13,6,8,18,0,32,0,0,0,32
04/15/2023,HTS,WV,AEA,CE,Combined TRACON& Tower with Radar,1,4,2,0,7,0,0,8,0,8,1,4,10,0,15,0,0,0,15
04/16/2023,HTS,WV,AEA,CE,Combined TRACON& Tower with Radar,2,6,8,0,16,0,0,3,0,3,2,6,11,0,19,0,0,0,19
04/17/2023,HTS,WV,AEA,CE,Combined TRACON& Tower with Radar,3,9,8,0,20,0,0,5,0,5,3,9,13,0,25,0,0,0,25
04/18/2023,HTS,WV,AEA,CE,Combined TRACON& Tower with Radar,4,14,9,2,29,0,3,13,1,17,4,17,22,3,46,5,0,5,51
04/19/2023,HTS,WV,AEA,CE,Combined TRACON& Tower with Radar,4,9,12,0,25,0,3,33,2,38,4,12,45,2,63,46,0,46,109
04/20/2023,HTS,WV,AEA,CE,Combined TRACON& Tower with Radar,6,8,14,2,30,0,0,12,2,14,6,8,26,4,44,0,0,0,44
04/21/2023,HTS,WV,AEA,CE,Combined TRACON& Tower with Radar,6,8,21,0,35,0,0,4,2,6,6,8,25,2,41,0,0,0,41
04/22/2023,HTS,WV,AEA,CE,Combined TRACON& Tower with Radar,1,6,5,0,12,0,0,1,0,1,1,6,6,0,13,0,0,0,13
04/23/2023,HTS,WV,AEA,CE,Combined TRACON& Tower with Radar,2,4,11,0,17,0,1,13,0,14,2,5,24,0,31,0,0,0,31
04/24/2023,HTS,WV,AEA,CE,Combined TRACON& Tower with Radar,3,12,14,0,29,0,0,24,0,24,3,12,38,0,53,0,0,0,53
04/25/2023,HTS,WV,AEA,CE,Combined TRACON& Tower with Radar,4,12,13,0,29,0,5,37,0,42,4,17,50,0,71,30,0,30,101
04/26/2023,HTS,WV,AEA,CE,Combined TRACON& Tower with Radar,4,10,9,0,23,0,2,23,0,25,4,12,32,0,48,18,0,18,66
04/27/2023,HTS,WV,AEA,CE,Combined TRACON& Tower with Radar,6,12,14,2,34,0,2,14,4,20,6,14,28,6,54,0,0,0,54
04/28/2023,HTS,WV,AEA,CE,Combined TRACON& Tower with Radar,6,12,6,2,26,0,0,0,0,0,6,12,6,2,26,0,0,0,26
04/29/2023,HTS,WV,AEA,CE,Combined TRACON& Tower with Radar,1,4,11,2,18,0,0,1,0,1,1,4,12,2,19,0,0,0,19
04/30/2023,HTS,WV,AEA,CE,Combined TRACON& Tower with Radar,2,4,7,0,13,0,0,2,0,2,2,4,9,0,15,0,0,0,15
05/01/2023,HTS,WV,AEA,CE,Combined TRACON& Tower with Radar,3,12,6,0,21,0,0,1,0,1,3,12,7,0,22,0,0,0,22
05/02/2023,HTS,WV,AEA,CE,Combined TRACON& Tower with Radar,4,6,15,0,25,0,0,6,2,8,4,6,21,2,33,0,0,0,33
05/03/2023,HTS,WV,AEA,CE,Combined TRACON& Tower with Radar,4,8,8,0,20,0,0,4,0,4,4,8,12,0,24,0,0,0,24
05/04/2023,HTS,WV,AEA,CE,Combined TRACON& Tower with Radar,6,13,10,0,29,0,0,17,0,17,6,13,27,0,46,0,0,0,46
05/05/2023,HTS,WV,AEA,CE,Combined TRACON& Tower with Radar,8,9,4,0,21,0,3,26,0,29,8,12,30,0,50,0,0,0,50
05/06/2023,HTS,WV,AEA,CE,Combined TRACON& Tower with Radar,1,6,0,0,7,0,1,21,0,22,1,7,21,0,29,22,0,22,51
05/07/2023,HTS,WV,AEA,CE,Combined TRACON& Tower with Radar,2,5,1,0,8,0,2,2,0,4,2,7,3,0,12,0,0,0,12
05/08/2023,HTS,WV,AEA,CE,Combined TRACON& Tower with Radar,3,11,6,0,20,0,2,10,2,14,3,13,16,2,34,0,0,0,34
05/09/2023,HTS,WV,AEA,CE,Combined TRACON& Tower with Radar,4,9,8,0,21,0,0,9,0,9,4,9,17,0,30,0,0,0,30
05/10/2023,HTS,WV,AEA,CE,Combined TRACON& Tower with Radar,4,11,13,0,28,0,0,29,1,30,4,11,42,1,58,2,0,2,60
05/11/2023,HTS,WV,AEA,CE,Combined TRACON& Tower with Radar,6,9,13,2,30,0,0,23,5,28,6,9,36,7,58,0,0,0,58
05/12/2023,HTS,WV,AEA,CE,Combined TRACON& Tower with Radar,6,12,10,0,28,0,0,6,0,6,6,12,16,0,34,0,0,0,34
05/13/2023,HTS,WV,AEA,CE,Combined TRACON& Tower with Radar,1,4,4,0,9,0,0,2,0,2,1,4,6,0,11,0,0,0,11
05/14/2023,HTS,WV,AEA,CE,Combined TRACON& Tower with Radar,2,8,2,0,12,0,0,10,0,10,2,8,12,0,22,0,0,0,22
05/15/2023,HTS,WV,AEA,CE,Combined TRACON& Tower with Radar,3,13,6,0,22,0,0,6,0,6,3,13,12,0,28,34,0,34,62
05/16/2023,HTS,WV,AEA,CE,Combined TRACON& Tower with Radar,6,9,5,0,20,0,0,0,0,0,6,9,5,0,20,0,0,0,20
05/17/2023,HTS,WV,AEA,CE,Combined TRACON& Tower with Radar,4,14,15,0,33,0,0,18,0,18,4,14,33,0,51,0,0,0,51
05/18/2023,HTS,WV,AEA,CE,Combined TRACON& Tower with Radar,8,8,16,0,32,0,0,25,0,25,8,8,41,0,57,16,0,16,73
05/19/2023,HTS,WV,AEA,CE,Combined TRACON& Tower with Radar,6,9,20,0,35,0,0,19,0,19,6,9,39,0,54,0,0,0,54
05/20/2023,HTS,WV,AEA,CE,Combined TRACON& Tower with Radar,1,7,13,0,21,0,0,2,0,2,1,7,15,0,23,0,0,0,23
05/21/2023,HTS,WV,AEA,CE,Combined TRACON& Tower with Radar,4,7,15,0,26,0,0,19,0,19,4,7,34,0,45,0,0,0,45
05/22/2023,HTS,WV,AEA,CE,Combined TRACON& Tower with Radar,3,8,12,0,23,0,4,10,0,14,3,12,22,0,37,7,0,7,44
05/23/2023,HTS,WV,AEA,CE,Combined TRACON& Tower with Radar,4,8,12,0,24,0,3,28,0,31,4,11,40,0,55,0,0,0,55
05/24/2023,HTS,WV,AEA,CE,Combined TRACON& Tower with Radar,4,17,19,2,42,0,1,17,0,18,4,18,36,2,60,0,0,0,60
05/25/2023,HTS,WV,AEA,CE,Combined TRACON& Tower with Radar,8,9,16,0,33,0,1,24,0,25,8,10,40,0,58,0,0,0,58
05/26/2023,HTS,WV,AEA,CE,Combined TRACON& Tower with Radar,8,8,18,0,34,0,3,25,0,28,8,11,43,0,62,0,0,0,62
05/27/2023,HTS,WV,AEA,CE,Combined TRACON& Tower with Radar,5,6,3,0,14,0,4,19,0,23,5,10,22,0,37,0,0,0,37
05/28/2023,HTS,WV,AEA,CE,Combined TRACON& Tower with Radar,4,6,5,0,15,0,0,0,0,0,4,6,5,0,15,0,0,0,15
05/29/2023,HTS,WV,AEA,CE,Combined TRACON& Tower with Radar,4,4,6,0,14,0,0,6,0,6,4,4,12,0,20,14,0,14,34
05/30/2023,HTS,WV,AEA,CE,Combined TRACON& Tower with Radar,3,9,22,3,37,0,1,11,0,12,3,10,33,3,49,0,0,0,49
05/31/2023,HTS,WV,AEA,CE,Combined TRACON& Tower with Radar,4,11,14,0,29,0,0,10,0,10,4,11,24,0,39,0,0,0,39
06/01/2023,HTS,WV,AEA,CE,Combined TRACON& Tower with Radar,10,11,10,0,31,0,5,13,0,18,10,16,23,0,49,0,0,0,49
06/02/2023,HTS,WV,AEA,CE,Combined TRACON& Tower with Radar,10,8,10,0,28,0,0,12,9,21,10,8,22,9,49,0,0,0,49
06/03/2023,HTS,WV,AEA,CE,Combined TRACON& Tower with Radar,9,4,6,0,19,0,0,10,6,16,9,4,16,6,35,8,0,8,43
06/04/2023,HTS,WV,AEA,CE,Combined TRACON& Tower with Radar,5,4,5,0,14,0,2,3,0,5,5,6,8,0,19,0,0,0,19
06/05/2023,HTS,WV,AEA,CE,Combined TRACON& Tower with Radar,6,9,3,0,18,0,0,15,0,15,6,9,18,0,33,0,0,0,33
06/06/2023,HTS,WV,AEA,CE,Combined TRACON& Tower with Radar,4,8,9,0,21,0,0,11,0,11,4,8,20,0,32,0,0,0,32
06/07/2023,HTS,WV,AEA,CE,Combined TRACON& Tower with Radar,4,14,6,4,28,0,1,14,1,16,4,15,20,5,44,0,0,0,44
06/08/2023,HTS,WV,AEA,CE,Combined TRACON& Tower with Radar,10,8,18,0,36,0,0,27,1,28,10,8,45,1,64,0,0,0,64
06/09/2023,HTS,WV,AEA,CE,Combined TRACON& Tower with Radar,10,13,9,1,33,0,0,18,0,18,10,13,27,1,51,0,0,0,51
06/10/2023,HTS,WV,AEA,CE,Combined TRACON& Tower with Radar,11,4,4,2,21,0,2,14,0,16,11,6,18,2,37,0,0,0,37
06/11/2023,HTS,WV,AEA,CE,Combined TRACON& Tower with Radar,6,5,7,0,18,0,0,0,0,0,6,5,7,0,18,0,0,0,18
06/12/2023,HTS,WV,AEA,CE,Combined TRACON& Tower with Radar,6,15,13,2,36,0,0,2,0,2,6,15,15,2,38,0,0,0,38
06/13/2023,HTS,WV,AEA,CE,Combined TRACON& Tower with Radar,5,12,22,0,39,0,2,23,0,25,5,14,45,0,64,0,0,0,64
06/14/2023,HTS,WV,AEA,CE,Combined TRACON& Tower with Radar,4,11,18,0,33,0,3,10,2,15,4,14,28,2,48,0,0,0,48
06/15/2023,HTS,WV,AEA,CE,Combined TRACON& Tower with Radar,8,18,9,0,35,0,3,24,2,29,8,21,33,2,64,0,0,0,64
06/16/2023,HTS,WV,AEA,CE,Combined TRACON& Tower with Radar,12,11,21,5,49,0,0,4,0,4,12,11,25,5,53,0,0,0,53
06/17/2023,HTS,WV,AEA,CE,Combined TRACON& Tower with Radar,10,5,6,0,21,0,1,6,0,7,10,6,12,0,28,0,0,0,28
06/18/2023,HTS,WV,AEA,CE,Combined TRACON& Tower with Radar,7,5,9,0,21,0,0,15,0,15,7,5,24,0,36,0,0,0,36
06/19/2023,HTS,WV,AEA,CE,Combined TRACON& Tower with Radar,5,9,10,0,24,0,1,6,0,7,5,10,16,0,31,26,0,26,57
06/20/2023,HTS,WV,AEA,CE,Combined TRACON& Tower with Radar,4,12,10,0,26,0,0,2,0,2,4,12,12,0,28,0,0,0,28
06/21/2023,HTS,WV,AEA,CE,Combined TRACON& Tower with Radar,4,11,10,4,29,0,1,9,1,11,4,12,19,5,40,0,0,0,40
06/22/2023,HTS,WV,AEA,CE,Combined TRACON& Tower with Radar,10,10,12,2,34,0,0,1,0,1,10,10,13,2,35,0,0,0,35
06/23/2023,HTS,WV,AEA,CE,Combined TRACON& Tower with Radar,10,10,3,0,23,0,0,0,0,0,10,10,3,0,23,0,0,0,23
06/24/2023,HTS,WV,AEA,CE,Combined TRACON& Tower with Radar,11,9,7,0,27,0,0,6,0,6,11,9,13,0,33,0,0,0,33
06/25/2023,HTS,WV,AEA,CE,Combined TRACON& Tower with Radar,6,5,4,0,15,0,0,8,0,8,6,5,12,0,23,0,0,0,23
06/26/2023,HTS,WV,AEA,CE,Combined TRACON& Tower with Radar,5,13,9,0,27,0,2,16,0,18,5,15,25,0,45,0,0,0,45
06/27/2023,HTS,WV,AEA,CE,Combined TRACON& Tower with Radar,4,10,21,4,39,0,0,1,0,1,4,10,22,4,40,0,0,0,40
06/28/2023,HTS,WV,AEA,CE,Combined TRACON& Tower with Radar,6,12,11,0,29,0,3,3,0,6,6,15,14,0,35,0,0,0,35
06/29/2023,HTS,WV,AEA,CE,Combined TRACON& Tower with Radar,10,12,25,0,47,0,0,1,0,1,10,12,26,0,48,0,0,0,48
06/30/2023,HTS,WV,AEA,CE,Combined TRACON& Tower with Radar,9,9,11,0,29,0,0,23,0,23,9,9,34,0,52,0,0,0,52
07/01/2023,HTS,WV,AEA,CE,Combined TRACON& Tower with Radar,11,4,6,0,21,0,0,0,0,0,11,4,6,0,21,2,0,2,23
07/02/2023,HTS,WV,AEA,CE,Combined TRACON& Tower with Radar,6,3,3,0,12,0,0,0,0,0,6,3,3,0,12,0,0,0,12
07/03/2023,HTS,WV,AEA,CE,Combined TRACON& Tower with Radar,5,9,12,0,26,0,0,1,0,1,5,9,13,0,27,0,0,0,27
07/04/2023,HTS,WV,AEA,CE,Combined TRACON& Tower with Radar,0,3,7,0,10,0,0,12,0,12,0,3,19,0,22,0,0,0,22
07/05/2023,HTS,WV,AEA,CE,Combined TRACON& Tower with Radar,4,10,8,0,22,0,0,15,0,15,4,10,23,0,37,0,0,0,37
07/06/2023,HTS,WV,AEA,CE,Combined TRACON& Tower with Radar,10,8,7,0,25,0,0,12,0,12,10,8,19,0,37,0,0,0,37
07/07/2023,HTS,WV,AEA,CE,Combined TRACON& Tower with Radar,10,14,11,0,35,0,0,31,0,31,10,14,42,0,66,16,0,16,82
07/08/2023,HTS,WV,AEA,CE,Combined TRACON& Tower with Radar,11,5,15,0,31,0,1,12,0,13,11,6,27,0,44,0,0,0,44
07/09/2023,HTS,WV,AEA,CE,Combined TRACON& Tower with Radar,8,4,7,0,19,0,0,2,0,2,8,4,9,0,21,0,0,0,21
07/10/2023,HTS,WV,AEA,CE,Combined TRACON& Tower with Radar,5,9,10,0,24,0,0,15,0,15,5,9,25,0,39,0,0,0,39
07/11/2023,HTS,WV,AEA,CE,Combined TRACON& Tower with Radar,4,7,9,1,21,0,4,11,3,18,4,11,20,4,39,30,24,54,93
07/12/2023,HTS,WV,AEA,CE,Combined TRACON& Tower with Radar,4,9,12,0,25,0,7,27,0,34,4,16,39,0,59,14,0,14,73
07/13/2023,HTS,WV,AEA,CE,Combined TRACON& Tower with Radar,9,11,5,0,25,0,0,3,0,3,9,11,8,0,28,0,0,0,28
07/14/2023,HTS,WV,AEA,CE,Combined TRACON& Tower with Radar,11,9,12,2,34,0,0,8,3,11,11,9,20,5,45,26,0,26,71
07/15/2023,HTS,WV,AEA,CE,Combined TRACON& Tower with Radar,9,4,6,0,19,0,0,2,0,2,9,4,8,0,21,0,0,0,21
07/16/2023,HTS,WV,AEA,CE,Combined TRACON& Tower with Radar,6,6,13,0,25,0,2,8,0,10,6,8,21,0,35,0,0,0,35
07/17/2023,HTS,WV,AEA,CE,Combined TRACON& Tower with Radar,5,11,15,0,31,0,0,8,0,8,5,11,23,0,39,0,0,0,39
07/18/2023,HTS,WV,AEA,CE,Combined TRACON& Tower with Radar,4,12,9,0,25,0,3,7,0,10,4,15,16,0,35,0,0,0,35
07/19/2023,HTS,WV,AEA,CE,Combined TRACON& Tower with Radar,4,8,25,3,40,0,0,8,1,9,4,8,33,4,49,0,0,0,49
07/20/2023,HTS,WV,AEA,CE,Combined TRACON& Tower with Radar,10,9,12,0,31,0,2,6,1,9,10,11,18,1,40,18,0,18,58
07/21/2023,HTS,WV,AEA,CE,Combined TRACON& Tower with Radar,10,10,20,0,40,0,0,20,0,20,10,10,40,0,60,0,0,0,60
07/22/2023,HTS,WV,AEA,CE,Combined TRACON& Tower with Radar,10,6,7,0,23,0,2,13,0,15,10,8,20,0,38,0,0,0,38
07/23/2023,HTS,WV,AEA,CE,Combined TRACON& Tower with Radar,7,6,5,0,18,0,0,12,0,12,7,6,17,0,30,0,0,0,30
07/24/2023,HTS,WV,AEA,CE,Combined TRACON& Tower with Radar,5,7,5,2,19,0,0,37,0,37,5,7,42,2,56,0,0,0,56
07/25/2023,HTS,WV,AEA,CE,Combined TRACON& Tower with Radar,4,10,12,0,26,0,2,21,3,26,4,12,33,3,52,48,0,48,100
07/26/2023,HTS,WV,AEA,CE,Combined TRACON& Tower with Radar,4,11,15,0,30,0,3,12,2,17,4,14,27,2,47,0,0,0,47
07/27/2023,HTS,WV,AEA,CE,Combined TRACON& Tower with Radar,10,14,8,0,32,0,1,2,0,3,10,15,10,0,35,0,0,0,35
07/28/2023,HTS,WV,AEA,CE,Combined TRACON& Tower with Radar,10,8,11,3,32,0,0,15,0,15,10,8,26,3,47,0,0,0,47
07/29/2023,HTS,WV,AEA,CE,Combined TRACON& Tower with Radar,11,4,7,0,22,0,0,3,0,3,11,4,10,0,25,0,0,0,25
07/30/2023,HTS,WV,AEA,CE,Combined TRACON& Tower with Radar,6,6,3,0,15,2,0,20,0,22,8,6,23,0,37,14,0,14,51
07/31/2023,HTS,WV,AEA,CE,Combined TRACON& Tower with Radar,5,8,8,0,21,0,0,15,0,15,5,8,23,0,36,6,0,6,42
08/01/2023,HTS,WV,AEA,CE,Combined TRACON& Tower with Radar,4,8,12,1,25,0,2,19,0,21,4,10,31,1,46,16,0,16,62
08/02/2023,HTS,WV,AEA,CE,Combined TRACON& Tower with Radar,4,11,9,1,25,0,2,14,4,20,4,13,23,5,45,10,1,11,56
08/03/2023,HTS,WV,AEA,CE,Combined TRACON& Tower with Radar,10,10,16,0,36,0,0,1,0,1,10,10,17,0,37,0,0,0,37
08/04/2023,HTS,WV,AEA,CE,Combined TRACON& Tower with Radar,10,8,7,0,25,0,0,12,1,13,10,8,19,1,38,0,0,0,38
08/05/2023,HTS,WV,AEA,CE,Combined TRACON& Tower with Radar,7,8,13,0,28,0,0,11,0,11,7,8,24,0,39,0,0,0,39
08/06/2023,HTS,WV,AEA,CE,Combined TRACON& Tower with Radar,6,6,3,0,15,0,1,0,0,1,6,7,3,0,16,0,0,0,16
08/07/2023,HTS,WV,AEA,CE,Combined TRACON& Tower with Radar,5,6,4,0,15,0,0,0,0,0,5,6,4,0,15,0,0,0,15
08/08/2023,HTS,WV,AEA,CE,Combined TRACON& Tower with Radar,4,8,19,0,31,0,0,24,3,27,4,8,43,3,58,0,0,0,58
08/09/2023,HTS,WV,AEA,CE,Combined TRACON& Tower with Radar,4,9,7,0,20,0,2,19,6,27,4,11,26,6,47,0,0,0,47
08/10/2023,HTS,WV,AEA,CE,Combined TRACON& Tower with Radar,10,13,9,0,32,0,0,2,0,2,10,13,11,0,34,22,0,22,56
08/11/2023,HTS,WV,AEA,CE,Combined TRACON& Tower with Radar,10,10,15,0,35,0,0,24,1,25,10,10,39,1,60,0,0,0,60
08/12/2023,HTS,WV,AEA,CE,Combined TRACON& Tower with Radar,9,4,3,0,16,0,1,9,0,10,9,5,12,0,26,0,0,0,26
08/13/2023,HTS,WV,AEA,CE,Combined TRACON& Tower with Radar,5,4,9,0,18,0,2,9,0,11,5,6,18,0,29,0,0,0,29
08/14/2023,HTS,WV,AEA,CE,Combined TRACON& Tower with Radar,6,10,8,0,24,0,0,3,0,3,6,10,11,0,27,0,0,0,27
08/15/2023,HTS,WV,AEA,CE,Combined TRACON& Tower with Radar,4,10,6,0,20,0,1,6,0,7,4,11,12,0,27,0,0,0,27
08/16/2023,HTS,WV,AEA,CE,Combined TRACON& Tower with Radar,6,10,20,0,36,0,0,9,0,9,6,10,29,0,45,25,0,25,70
08/17/2023,HTS,WV,AEA,CE,Combined TRACON& Tower with Radar,6,9,17,0,32,0,0,11,4,15,6,9,28,4,47,0,0,0,47
08/18/2023,HTS,WV,AEA,CE,Combined TRACON& Tower with Radar,6,9,17,0,32,0,0,19,0,19,6,9,36,0,51,0,0,0,51
08/19/2023,HTS,WV,AEA,CE,Combined TRACON& Tower with Radar,3,4,12,1,20,0,1,19,0,20,3,5,31,1,40,0,0,0,40
08/20/2023,HTS,WV,AEA,CE,Combined TRACON& Tower with Radar,2,4,12,0,18,0,1,23,0,24,2,5,35,0,42,0,0,0,42
08/21/2023,HTS,WV,AEA,CE,Combined TRACON& Tower with Radar,4,8,15,0,27,1,0,16,0,17,5,8,31,0,44,25,0,25,69
08/22/2023,HTS,WV,AEA,CE,Combined TRACON& Tower with Radar,4,17,11,0,32,0,1,15,0,16,4,18,26,0,48,11,0,11,59
08/23/2023,HTS,WV,AEA,CE,Combined TRACON& Tower with Radar,7,15,10,1,33,0,0,17,2,19,7,15,27,3,52,0,0,0,52
08/24/2023,HTS,WV,AEA,CE,Combined TRACON& Tower with Radar,6,14,9,1,30,0,0,8,5,13,6,14,17,6,43,0,0,0,43
08/25/2023,HTS,WV,AEA,CE,Combined TRACON& Tower with Radar,6,10,16,0,32,0,0,1,0,1,6,10,17,0,33,0,0,0,33
08/26/2023,HTS,WV,AEA,CE,Combined TRACON& Tower with Radar,3,6,16,0,25,0,0,1,0,1,3,6,17,0,26,0,0,0,26
08/27/2023,HTS,WV,AEA,CE,Combined TRACON& Tower with Radar,1,10,10,0,21,0,0,3,0,3,1,10,13,0,24,0,0,0,24
08/28/2023,HTS,WV,AEA,CE,Combined TRACON& Tower with Radar,4,10,8,0,22,0,0,9,0,9,4,10,17,0,31,5,0,5,36
08/29/2023,HTS,WV,AEA,CE,Combined TRACON& Tower with Radar,4,8,20,0,32,0,0,9,3,12,4,8,29,3,44,25,0,25,69
08/30/2023,HTS,WV,AEA,CE,Combined TRACON& Tower with Radar,4,17,24,1,46,0,0,20,0,20,4,17,44,1,66,0,0,0,66
08/31/2023,HTS,WV,AEA,CE,Combined TRACON& Tower with Radar,4,14,10,0,28,0,0,5,0,5,4,14,15,0,33,0,0,0,33
