01/01/2000,HUF,IN,AGL,CE,Towers with Radar,0,0,3,0,3,0,0,40,0,40,0,0,43,0,43,24,0,24,67
01/02/2000,HUF,IN,AGL,CE,Towers with Radar,0,0,0,0,0,0,0,7,0,7,0,0,7,0,7,0,0,0,7
01/03/2000,HUF,IN,AGL,CE,Towers with Radar,0,2,3,0,5,0,0,2,0,2,0,2,5,0,7,0,0,0,7
01/04/2000,HUF,IN,AGL,CE,Towers with Radar,0,2,6,0,8,0,0,2,0,2,0,2,8,0,10,8,2,10,20
01/05/2000,HUF,IN,AGL,CE,Towers with Radar,2,1,17,18,38,0,0,9,0,9,2,1,26,18,47,42,0,42,89
01/06/2000,HUF,IN,AGL,CE,Towers with Radar,0,4,30,7,41,0,0,18,0,18,0,4,48,7,59,40,0,40,99
01/07/2000,HUF,IN,AGL,CE,Towers with Radar,0,0,18,14,32,0,0,40,13,53,0,0,58,27,85,38,6,44,129
01/08/2000,HUF,IN,AGL,CE,Towers with Radar,0,0,11,17,28,0,0,35,3,38,0,0,46,20,66,34,4,38,104
01/09/2000,HUF,IN,AGL,CE,Towers with Radar,0,0,6,18,24,0,0,13,11,24,0,0,19,29,48,36,0,36,84
01/10/2000,HUF,IN,AGL,CE,Towers with Radar,0,2,6,10,18,0,0,11,3,14,0,2,17,13,32,4,2,6,38
01/11/2000,HUF,IN,AGL,CE,Towers with Radar,0,2,18,5,25,0,0,21,0,21,0,2,39,5,46,0,4,4,50
01/12/2000,HUF,IN,AGL,CE,Towers with Radar,2,4,22,5,33,0,0,18,8,26,2,4,40,13,59,110,8,118,177
01/13/2000,HUF,IN,AGL,CE,Towers with Radar,0,4,14,11,29,0,0,10,1,11,0,4,24,12,40,54,0,54,94
01/14/2000,HUF,IN,AGL,CE,Towers with Radar,0,0,44,23,67,0,0,29,9,38,0,0,73,32,105,150,12,162,267
01/15/2000,HUF,IN,AGL,CE,Towers with Radar,0,0,28,0,28,0,0,10,0,10,0,0,38,0,38,22,0,22,60
01/16/2000,HUF,IN,AGL,CE,Towers with Radar,0,0,8,0,8,0,0,42,0,42,0,0,50,0,50,66,0,66,116
01/17/2000,HUF,IN,AGL,CE,Towers with Radar,0,0,10,0,10,0,0,25,0,25,0,0,35,0,35,80,0,80,115
01/18/2000,HUF,IN,AGL,CE,Towers with Radar,0,4,31,7,42,0,0,16,2,18,0,4,47,9,60,36,0,36,96
01/19/2000,HUF,IN,AGL,CE,Towers with Radar,2,4,10,0,16,0,0,0,0,0,2,4,10,0,16,0,0,0,16
01/20/2000,HUF,IN,AGL,CE,Towers with Radar,0,2,11,4,17,0,0,1,0,1,0,2,12,4,18,6,0,6,24
01/21/2000,HUF,IN,AGL,CE,Towers with Radar,0,0,20,0,20,0,0,26,0,26,0,0,46,0,46,53,0,53,99
01/22/2000,HUF,IN,AGL,CE,Towers with Radar,0,0,0,0,0,8,0,0,0,8,8,0,0,0,8,0,0,0,8
01/23/2000,HUF,IN,AGL,CE,Towers with Radar,0,0,14,0,14,0,0,10,0,10,0,0,24,0,24,24,0,24,48
01/24/2000,HUF,IN,AGL,CE,Towers with Radar,0,2,33,4,39,0,0,70,0,70,0,2,103,4,109,76,0,76,185
01/25/2000,HUF,IN,AGL,CE,Towers with Radar,0,2,13,16,31,0,0,11,0,11,0,2,24,16,42,12,4,16,58
01/26/2000,HUF,IN,AGL,CE,Towers with Radar,0,2,40,12,54,0,0,38,9,47,0,2,78,21,101,112,14,126,227
01/27/2000,HUF,IN,AGL,CE,Towers with Radar,0,4,25,10,39,0,0,67,19,86,0,4,92,29,125,110,4,114,239
01/28/2000,HUF,IN,AGL,CE,Towers with Radar,0,0,21,45,66,0,0,97,0,97,0,0,118,45,163,98,32,130,293
01/29/2000,HUF,IN,AGL,CE,Towers with Radar,0,0,2,1,3,0,0,0,0,0,0,0,2,1,3,0,0,0,3
01/30/2000,HUF,IN,AGL,CE,Towers with Radar,0,0,4,0,4,0,0,0,0,0,0,0,4,0,4,0,0,0,4
01/31/2000,HUF,IN,AGL,CE,Towers with Radar,0,2,30,2,34,0,0,49,0,49,0,2,79,2,83,64,0,64,147
02/01/2000,HUF,IN,AGL,CE,Towers with Radar,0,1,31,18,50,0,1,46,21,68,0,2,77,39,118,87,20,107,225
02/02/2000,HUF,IN,AGL,CE,Towers with Radar,2,1,59,15,77,0,1,61,19,81,2,2,120,34,158,182,2,184,342
02/03/2000,HUF,IN,AGL,CE,Towers with Radar,0,2,31,6,39,0,0,46,1,47,0,2,77,7,86,118,6,124,210
02/04/2000,HUF,IN,AGL,CE,Towers with Radar,0,18,9,0,27,0,0,0,0,0,0,18,9,0,27,16,0,16,43
02/05/2000,HUF,IN,AGL,CE,Towers with Radar,0,0,21,0,21,0,0,40,0,40,0,0,61,0,61,96,0,96,157
02/06/2000,HUF,IN,AGL,CE,Towers with Radar,0,0,29,0,29,0,0,39,0,39,0,0,68,0,68,94,0,94,162
02/07/2000,HUF,IN,AGL,CE,Towers with Radar,0,2,45,20,67,0,0,73,33,106,0,2,118,53,173,148,38,186,359
02/08/2000,HUF,IN,AGL,CE,Towers with Radar,0,4,42,17,63,0,0,35,17,52,0,4,77,34,115,114,4,118,233
02/09/2000,HUF,IN,AGL,CE,Towers with Radar,2,2,46,12,62,0,0,55,16,71,2,2,101,28,133,210,10,220,353
02/10/2000,HUF,IN,AGL,CE,Towers with Radar,0,16,67,19,102,0,0,37,27,64,0,16,104,46,166,170,10,180,346
02/11/2000,HUF,IN,AGL,CE,Towers with Radar,0,0,32,20,52,0,0,20,26,46,0,0,52,46,98,60,30,90,188
02/12/2000,HUF,IN,AGL,CE,Towers with Radar,0,0,6,5,11,0,0,64,56,120,0,0,70,61,131,52,44,96,227
02/13/2000,HUF,IN,AGL,CE,Towers with Radar,0,1,15,14,30,0,0,0,0,0,0,1,15,14,30,0,0,0,30
02/14/2000,HUF,IN,AGL,CE,Towers with Radar,0,2,3,1,6,0,0,2,0,2,0,2,5,1,8,4,0,4,12
02/15/2000,HUF,IN,AGL,CE,Towers with Radar,0,2,47,22,71,0,0,23,4,27,0,2,70,26,98,44,2,46,144
02/16/2000,HUF,IN,AGL,CE,Towers with Radar,2,2,47,10,61,0,0,42,14,56,2,2,89,24,117,172,30,202,319
02/17/2000,HUF,IN,AGL,CE,Towers with Radar,0,4,35,17,56,0,0,77,10,87,0,4,112,27,143,116,10,126,269
02/18/2000,HUF,IN,AGL,CE,Towers with Radar,0,0,6,6,12,0,0,0,0,0,0,0,6,6,12,0,0,0,12
02/19/2000,HUF,IN,AGL,CE,Towers with Radar,0,0,6,0,6,0,0,1,0,1,0,0,7,0,7,20,0,20,27
02/20/2000,HUF,IN,AGL,CE,Towers with Radar,0,0,7,0,7,0,0,40,0,40,0,0,47,0,47,56,0,56,103
02/21/2000,HUF,IN,AGL,CE,Towers with Radar,0,0,24,0,24,0,0,57,0,57,0,0,81,0,81,76,0,76,157
02/22/2000,HUF,IN,AGL,CE,Towers with Radar,0,2,84,13,99,0,0,50,38,88,0,2,134,51,187,124,8,132,319
02/23/2000,HUF,IN,AGL,CE,Towers with Radar,2,2,48,8,60,0,0,17,6,23,2,2,65,14,83,82,2,84,167
02/24/2000,HUF,IN,AGL,CE,Towers with Radar,0,9,39,4,52,0,13,48,8,69,0,22,87,12,121,144,4,148,269
02/25/2000,HUF,IN,AGL,CE,Towers with Radar,0,0,26,4,30,0,0,63,5,68,0,0,89,9,98,53,0,53,151
02/26/2000,HUF,IN,AGL,CE,Towers with Radar,0,0,12,7,19,0,0,0,1,1,0,0,12,8,20,0,0,0,20
02/27/2000,HUF,IN,AGL,CE,Towers with Radar,0,0,15,3,18,0,0,40,0,40,0,0,55,3,58,48,0,48,106
02/28/2000,HUF,IN,AGL,CE,Towers with Radar,0,2,27,9,38,0,0,101,8,109,0,2,128,17,147,116,12,128,275
02/29/2000,HUF,IN,AGL,CE,Towers with Radar,0,4,33,0,37,0,0,39,0,39,0,4,72,0,76,138,0,138,214
03/01/2000,HUF,IN,AGL,CE,Towers with Radar,1,2,40,0,43,1,0,14,0,15,2,2,54,0,58,80,0,80,138
03/02/2000,HUF,IN,AGL,CE,Towers with Radar,0,0,44,12,56,0,2,95,0,97,0,2,139,12,153,204,0,204,357
03/03/2000,HUF,IN,AGL,CE,Towers with Radar,0,0,41,0,41,0,0,26,0,26,0,0,67,0,67,130,0,130,197
03/04/2000,HUF,IN,AGL,CE,Towers with Radar,0,0,39,0,39,0,0,39,0,39,0,0,78,0,78,46,0,46,124
03/05/2000,HUF,IN,AGL,CE,Towers with Radar,0,0,5,10,15,0,0,70,1,71,0,0,75,11,86,91,0,91,177
03/06/2000,HUF,IN,AGL,CE,Towers with Radar,0,2,21,3,26,0,5,58,6,69,0,7,79,9,95,38,0,38,133
03/07/2000,HUF,IN,AGL,CE,Towers with Radar,0,0,28,4,32,0,1,63,0,64,0,1,91,4,96,56,0,56,152
03/08/2000,HUF,IN,AGL,CE,Towers with Radar,0,3,19,0,22,0,1,11,1,13,0,4,30,1,35,0,4,4,39
03/09/2000,HUF,IN,AGL,CE,Towers with Radar,0,1,17,0,18,0,1,11,0,12,0,2,28,0,30,24,0,24,54
03/10/2000,HUF,IN,AGL,CE,Towers with Radar,0,2,20,6,28,0,1,63,0,64,0,3,83,6,92,78,12,90,182
03/11/2000,HUF,IN,AGL,CE,Towers with Radar,0,0,1,0,1,0,0,3,0,3,0,0,4,0,4,0,0,0,4
03/12/2000,HUF,IN,AGL,CE,Towers with Radar,0,0,4,1,5,0,0,25,1,26,0,0,29,2,31,58,0,58,89
03/13/2000,HUF,IN,AGL,CE,Towers with Radar,0,1,33,4,38,0,1,41,0,42,0,2,74,4,80,84,0,84,164
03/14/2000,HUF,IN,AGL,CE,Towers with Radar,0,2,38,10,50,2,0,48,13,63,2,2,86,23,113,100,0,100,213
03/15/2000,HUF,IN,AGL,CE,Towers with Radar,1,3,52,9,65,3,0,95,19,117,4,3,147,28,182,72,12,84,266
03/16/2000,HUF,IN,AGL,CE,Towers with Radar,0,1,14,0,15,0,1,3,0,4,0,2,17,0,19,0,0,0,19
03/17/2000,HUF,IN,AGL,CE,Towers with Radar,1,2,31,29,63,1,0,56,20,77,2,2,87,49,140,180,16,196,336
03/18/2000,HUF,IN,AGL,CE,Towers with Radar,0,0,26,0,26,0,0,23,1,24,0,0,49,1,50,104,0,104,154
03/19/2000,HUF,IN,AGL,CE,Towers with Radar,0,0,10,0,10,0,0,6,0,6,0,0,16,0,16,0,0,0,16
03/20/2000,HUF,IN,AGL,CE,Towers with Radar,0,2,69,0,71,0,0,3,0,3,0,2,72,0,74,44,0,44,118
03/21/2000,HUF,IN,AGL,CE,Towers with Radar,0,12,86,19,117,0,0,12,7,19,0,12,98,26,136,158,0,158,294
03/22/2000,HUF,IN,AGL,CE,Towers with Radar,1,9,37,14,61,1,0,102,12,115,2,9,139,26,176,196,0,196,372
03/23/2000,HUF,IN,AGL,CE,Towers with Radar,0,4,36,15,55,0,0,92,22,114,0,4,128,37,169,148,38,186,355
03/24/2000,HUF,IN,AGL,CE,Towers with Radar,0,2,50,18,70,0,0,145,11,156,0,2,195,29,226,146,18,164,390
03/25/2000,HUF,IN,AGL,CE,Towers with Radar,0,0,34,2,36,0,0,15,5,20,0,0,49,7,56,22,0,22,78
03/26/2000,HUF,IN,AGL,CE,Towers with Radar,0,0,14,0,14,0,0,86,1,87,0,0,100,1,101,40,0,40,141
03/27/2000,HUF,IN,AGL,CE,Towers with Radar,0,4,27,10,41,0,0,40,15,55,0,4,67,25,96,36,8,44,140
03/28/2000,HUF,IN,AGL,CE,Towers with Radar,0,8,15,12,35,0,0,21,16,37,0,8,36,28,72,84,0,84,156
03/29/2000,HUF,IN,AGL,CE,Towers with Radar,1,2,40,27,70,1,2,100,3,106,2,4,140,30,176,128,20,148,324
03/30/2000,HUF,IN,AGL,CE,Towers with Radar,0,2,53,15,70,0,0,85,7,92,0,2,138,22,162,150,0,150,312
03/31/2000,HUF,IN,AGL,CE,Towers with Radar,0,0,35,14,49,0,0,89,9,98,0,0,124,23,147,188,10,198,345
04/01/2000,HUF,IN,AGL,CE,Towers with Radar,0,0,37,0,37,0,1,68,1,70,0,1,105,1,107,70,0,70,177
04/02/2000,HUF,IN,AGL,CE,Towers with Radar,0,0,14,2,16,0,0,23,2,25,0,0,37,4,41,40,0,40,81
04/03/2000,HUF,IN,AGL,CE,Towers with Radar,0,2,32,1,35,0,0,12,1,13,0,2,44,2,48,22,0,22,70
04/04/2000,HUF,IN,AGL,CE,Towers with Radar,0,2,22,11,35,0,0,36,8,44,0,2,58,19,79,58,0,58,137
04/05/2000,HUF,IN,AGL,CE,Towers with Radar,0,2,24,6,32,0,0,35,0,35,0,2,59,6,67,76,0,76,143
04/06/2000,HUF,IN,AGL,CE,Towers with Radar,0,4,37,13,54,0,0,42,0,42,0,4,79,13,96,50,12,62,158
04/07/2000,HUF,IN,AGL,CE,Towers with Radar,0,0,4,6,10,0,0,10,0,10,0,0,14,6,20,4,0,4,24
04/08/2000,HUF,IN,AGL,CE,Towers with Radar,0,6,13,9,28,0,1,17,6,24,0,7,30,15,52,0,0,0,52
04/09/2000,HUF,IN,AGL,CE,Towers with Radar,0,0,18,0,18,0,0,41,0,41,0,0,59,0,59,48,0,48,107
04/10/2000,HUF,IN,AGL,CE,Towers with Radar,0,2,40,2,44,0,0,89,0,89,0,2,129,2,133,92,0,92,225
04/11/2000,HUF,IN,AGL,CE,Towers with Radar,0,2,65,7,74,0,0,18,5,23,0,2,83,12,97,64,0,64,161
04/12/2000,HUF,IN,AGL,CE,Towers with Radar,2,2,52,13,69,0,0,116,7,123,2,2,168,20,192,114,6,120,312
04/13/2000,HUF,IN,AGL,CE,Towers with Radar,0,2,43,8,53,0,0,89,11,100,0,2,132,19,153,92,8,100,253
04/14/2000,HUF,IN,AGL,CE,Towers with Radar,0,0,69,27,96,0,0,55,20,75,0,0,124,47,171,102,0,102,273
04/15/2000,HUF,IN,AGL,CE,Towers with Radar,0,0,26,5,31,0,0,74,6,80,0,0,100,11,111,30,0,30,141
04/16/2000,HUF,IN,AGL,CE,Towers with Radar,0,0,11,4,15,0,0,10,0,10,0,0,21,4,25,15,0,15,40
04/17/2000,HUF,IN,AGL,CE,Towers with Radar,0,4,54,1,59,0,0,0,0,0,0,4,54,1,59,6,0,6,65
04/18/2000,HUF,IN,AGL,CE,Towers with Radar,0,3,102,17,122,0,0,30,0,30,0,3,132,17,152,134,10,144,296
04/19/2000,HUF,IN,AGL,CE,Towers with Radar,2,4,66,6,78,0,0,92,0,92,2,4,158,6,170,100,0,100,270
04/20/2000,HUF,IN,AGL,CE,Towers with Radar,0,4,18,4,26,0,0,4,2,6,0,4,22,6,32,4,0,4,36
04/21/2000,HUF,IN,AGL,CE,Towers with Radar,0,1,29,3,33,0,0,29,0,29,0,1,58,3,62,12,0,12,74
04/22/2000,HUF,IN,AGL,CE,Towers with Radar,0,1,12,7,20,0,1,142,2,145,0,2,154,9,165,78,0,78,243
04/23/2000,HUF,IN,AGL,CE,Towers with Radar,0,0,30,3,33,0,0,89,0,89,0,0,119,3,122,28,0,28,150
04/24/2000,HUF,IN,AGL,CE,Towers with Radar,0,2,66,0,68,0,0,60,0,60,0,2,126,0,128,94,0,94,222
04/25/2000,HUF,IN,AGL,CE,Towers with Radar,0,8,48,12,68,0,0,164,5,169,0,8,212,17,237,86,18,104,341
04/26/2000,HUF,IN,AGL,CE,Towers with Radar,2,2,41,26,71,0,0,45,14,59,2,2,86,40,130,78,32,110,240
04/27/2000,HUF,IN,AGL,CE,Towers with Radar,0,2,42,12,56,0,0,92,18,110,0,2,134,30,166,100,16,116,282
04/28/2000,HUF,IN,AGL,CE,Towers with Radar,0,1,30,15,46,0,0,122,1,123,0,1,152,16,169,138,0,138,307
04/29/2000,HUF,IN,AGL,CE,Towers with Radar,0,7,14,0,21,0,2,40,0,42,0,9,54,0,63,30,0,30,93
04/30/2000,HUF,IN,AGL,CE,Towers with Radar,0,0,10,0,10,0,0,59,0,59,0,0,69,0,69,80,0,80,149
05/01/2000,HUF,IN,AGL,CE,Towers with Radar,0,7,26,0,33,0,1,16,0,17,0,8,42,0,50,28,0,28,78
05/02/2000,HUF,IN,AGL,CE,Towers with Radar,0,3,54,9,66,0,0,28,20,48,0,3,82,29,114,80,2,82,196
05/03/2000,HUF,IN,AGL,CE,Towers with Radar,2,5,34,13,54,0,1,64,38,103,2,6,98,51,157,104,0,104,261
05/04/2000,HUF,IN,AGL,CE,Towers with Radar,0,2,44,15,61,0,0,43,11,54,0,2,87,26,115,96,16,112,227
05/05/2000,HUF,IN,AGL,CE,Towers with Radar,0,4,32,27,63,0,4,61,19,84,0,8,93,46,147,90,20,110,257
05/06/2000,HUF,IN,AGL,CE,Towers with Radar,1,3,0,0,4,0,0,51,0,51,1,3,51,0,55,46,0,46,101
05/07/2000,HUF,IN,AGL,CE,Towers with Radar,0,0,16,0,16,0,0,17,1,18,0,0,33,1,34,40,0,40,74
05/08/2000,HUF,IN,AGL,CE,Towers with Radar,0,2,30,17,49,0,0,15,5,20,0,2,45,22,69,52,0,52,121
05/09/2000,HUF,IN,AGL,CE,Towers with Radar,0,2,18,2,22,0,0,27,1,28,0,2,45,3,50,78,0,78,128
05/10/2000,HUF,IN,AGL,CE,Towers with Radar,2,6,37,19,64,0,0,86,6,92,2,6,123,25,156,90,4,94,250
05/11/2000,HUF,IN,AGL,CE,Towers with Radar,0,2,24,17,43,0,0,29,4,33,0,2,53,21,76,30,12,42,118
05/12/2000,HUF,IN,AGL,CE,Towers with Radar,4,2,26,0,32,0,0,10,0,10,4,2,36,0,42,40,0,40,82
05/13/2000,HUF,IN,AGL,CE,Towers with Radar,0,0,13,0,13,0,0,51,0,51,0,0,64,0,64,47,0,47,111
05/14/2000,HUF,IN,AGL,CE,Towers with Radar,0,0,9,2,11,0,0,43,1,44,0,0,52,3,55,54,2,56,111
05/15/2000,HUF,IN,AGL,CE,Towers with Radar,0,2,39,2,43,0,0,41,10,51,0,2,80,12,94,83,8,91,185
05/16/2000,HUF,IN,AGL,CE,Towers with Radar,0,8,19,21,48,0,0,56,10,66,0,8,75,31,114,36,2,38,152
05/17/2000,HUF,IN,AGL,CE,Towers with Radar,0,0,42,22,64,0,0,11,0,11,0,0,53,22,75,16,0,16,91
05/18/2000,HUF,IN,AGL,CE,Towers with Radar,0,2,15,22,39,0,0,29,3,32,0,2,44,25,71,20,12,32,103
05/19/2000,HUF,IN,AGL,CE,Towers with Radar,0,0,42,14,56,0,0,22,5,27,0,0,64,19,83,48,0,48,131
05/20/2000,HUF,IN,AGL,CE,Towers with Radar,0,0,39,32,71,0,0,16,0,16,0,0,55,32,87,12,0,12,99
05/21/2000,HUF,IN,AGL,CE,Towers with Radar,0,0,29,18,47,0,2,102,4,108,0,2,131,22,155,114,22,136,291
05/22/2000,HUF,IN,AGL,CE,Towers with Radar,0,2,18,0,20,0,2,100,0,102,0,4,118,0,122,78,0,78,200
05/23/2000,HUF,IN,AGL,CE,Towers with Radar,0,2,42,14,58,0,0,16,0,16,0,2,58,14,74,48,0,48,122
05/24/2000,HUF,IN,AGL,CE,Towers with Radar,2,2,67,12,83,0,0,49,10,59,2,2,116,22,142,66,0,66,208
05/25/2000,HUF,IN,AGL,CE,Towers with Radar,0,2,36,17,55,0,0,61,17,78,0,2,97,34,133,66,24,90,223
05/26/2000,HUF,IN,AGL,CE,Towers with Radar,0,0,35,10,45,2,0,31,0,33,2,0,66,10,78,32,8,40,118
05/27/2000,HUF,IN,AGL,CE,Towers with Radar,0,1,11,3,15,1,1,0,0,2,1,2,11,3,17,14,0,14,31
05/28/2000,HUF,IN,AGL,CE,Towers with Radar,3,0,8,0,11,0,0,9,0,9,3,0,17,0,20,20,0,20,40
05/29/2000,HUF,IN,AGL,CE,Towers with Radar,0,0,60,1,61,0,0,63,0,63,0,0,123,1,124,68,0,68,192
05/30/2000,HUF,IN,AGL,CE,Towers with Radar,0,2,33,15,50,0,0,50,14,64,0,2,83,29,114,104,14,118,232
05/31/2000,HUF,IN,AGL,CE,Towers with Radar,2,2,30,10,44,0,0,35,9,44,2,2,65,19,88,56,0,56,144
06/01/2000,HUF,IN,AGL,CE,Towers with Radar,0,7,36,16,59,0,1,65,10,76,0,8,101,26,135,162,0,162,297
06/02/2000,HUF,IN,AGL,CE,Towers with Radar,0,1,40,11,52,0,1,46,0,47,0,2,86,11,99,64,0,64,163
06/03/2000,HUF,IN,AGL,CE,Towers with Radar,0,0,15,11,26,0,0,73,9,82,0,0,88,20,108,40,6,46,154
06/04/2000,HUF,IN,AGL,CE,Towers with Radar,0,0,22,25,47,0,0,64,34,98,0,0,86,59,145,46,8,54,199
06/05/2000,HUF,IN,AGL,CE,Towers with Radar,0,2,34,1,37,0,0,16,2,18,0,2,50,3,55,46,0,46,101
06/06/2000,HUF,IN,AGL,CE,Towers with Radar,0,2,22,35,59,0,0,33,23,56,0,2,55,58,115,56,20,76,191
06/07/2000,HUF,IN,AGL,CE,Towers with Radar,2,2,19,28,51,0,0,48,3,51,2,2,67,31,102,114,28,142,244
06/08/2000,HUF,IN,AGL,CE,Towers with Radar,0,4,23,16,43,2,0,84,18,104,2,4,107,34,147,86,22,108,255
06/09/2000,HUF,IN,AGL,CE,Towers with Radar,0,1,31,27,59,0,0,85,23,108,0,1,116,50,167,94,28,122,289
06/10/2000,HUF,IN,AGL,CE,Towers with Radar,2,3,27,0,32,0,0,64,0,64,2,3,91,0,96,33,0,33,129
06/11/2000,HUF,IN,AGL,CE,Towers with Radar,0,0,21,0,21,0,0,23,2,25,0,0,44,2,46,12,0,12,58
06/12/2000,HUF,IN,AGL,CE,Towers with Radar,0,2,32,9,43,0,0,6,9,15,0,2,38,18,58,54,22,76,134
06/13/2000,HUF,IN,AGL,CE,Towers with Radar,0,0,23,13,36,0,0,28,30,58,0,0,51,43,94,20,42,62,156
06/14/2000,HUF,IN,AGL,CE,Towers with Radar,0,1,23,14,38,2,1,0,1,4,2,2,23,15,42,28,14,42,84
06/15/2000,HUF,IN,AGL,CE,Towers with Radar,0,3,25,11,39,0,1,71,21,93,0,4,96,32,132,64,30,94,226
06/16/2000,HUF,IN,AGL,CE,Towers with Radar,0,0,17,20,37,0,0,34,0,34,0,0,51,20,71,20,8,28,99
06/17/2000,HUF,IN,AGL,CE,Towers with Radar,0,0,13,0,13,0,0,0,0,0,0,0,13,0,13,8,0,8,21
06/18/2000,HUF,IN,AGL,CE,Towers with Radar,0,0,18,0,18,0,0,28,0,28,0,0,46,0,46,82,0,82,128
06/19/2000,HUF,IN,AGL,CE,Towers with Radar,0,2,25,13,40,0,0,54,0,54,0,2,79,13,94,98,12,110,204
06/20/2000,HUF,IN,AGL,CE,Towers with Radar,0,2,17,10,29,0,0,16,9,25,0,2,33,19,54,21,2,23,77
06/21/2000,HUF,IN,AGL,CE,Towers with Radar,2,4,27,5,38,0,0,27,4,31,2,4,54,9,69,76,0,76,145
06/22/2000,HUF,IN,AGL,CE,Towers with Radar,0,2,33,14,49,0,0,62,36,98,0,2,95,50,147,24,10,34,181
06/23/2000,HUF,IN,AGL,CE,Towers with Radar,2,3,31,20,56,0,0,70,5,75,2,3,101,25,131,93,14,107,238
06/24/2000,HUF,IN,AGL,CE,Towers with Radar,0,1,17,0,18,0,0,18,0,18,0,1,35,0,36,28,0,28,64
06/25/2000,HUF,IN,AGL,CE,Towers with Radar,0,0,42,5,47,0,0,38,0,38,0,0,80,5,85,60,4,64,149
06/26/2000,HUF,IN,AGL,CE,Towers with Radar,0,2,54,14,70,0,0,4,0,4,0,2,58,14,74,56,32,88,162
06/27/2000,HUF,IN,AGL,CE,Towers with Radar,0,2,22,13,37,0,0,42,4,46,0,2,64,17,83,118,26,144,227
06/28/2000,HUF,IN,AGL,CE,Towers with Radar,2,3,18,18,41,0,0,51,5,56,2,3,69,23,97,114,52,166,263
06/29/2000,HUF,IN,AGL,CE,Towers with Radar,0,2,23,13,38,0,0,43,31,74,0,2,66,44,112,78,26,104,216
06/30/2000,HUF,IN,AGL,CE,Towers with Radar,0,0,32,16,48,0,0,33,32,65,0,0,65,48,113,44,18,62,175
07/01/2000,HUF,IN,AGL,CE,Towers with Radar,0,0,26,0,26,0,0,108,0,108,0,0,134,0,134,42,0,42,176
07/02/2000,HUF,IN,AGL,CE,Towers with Radar,0,0,11,0,11,0,0,22,0,22,0,0,33,0,33,38,0,38,71
07/03/2000,HUF,IN,AGL,CE,Towers with Radar,0,2,19,0,21,0,0,12,1,13,0,2,31,1,34,16,0,16,50
07/04/2000,HUF,IN,AGL,CE,Towers with Radar,0,0,11,0,11,0,0,7,0,7,0,0,18,0,18,12,0,12,30
07/05/2000,HUF,IN,AGL,CE,Towers with Radar,0,2,34,7,43,0,0,0,4,4,0,2,34,11,47,12,0,12,59
07/06/2000,HUF,IN,AGL,CE,Towers with Radar,2,13,26,9,50,0,0,25,29,54,2,13,51,38,104,56,42,98,202
07/07/2000,HUF,IN,AGL,CE,Towers with Radar,0,0,71,22,93,0,0,13,16,29,0,0,84,38,122,68,32,100,222
07/08/2000,HUF,IN,AGL,CE,Towers with Radar,0,0,37,24,61,0,0,96,22,118,0,0,133,46,179,62,36,98,277
07/09/2000,HUF,IN,AGL,CE,Towers with Radar,0,0,14,19,33,0,0,52,18,70,0,0,66,37,103,46,20,66,169
07/10/2000,HUF,IN,AGL,CE,Towers with Radar,0,2,31,4,37,0,2,29,0,31,0,4,60,4,68,60,4,64,132
07/11/2000,HUF,IN,AGL,CE,Towers with Radar,0,7,22,11,40,0,2,23,1,26,0,9,45,12,66,40,0,40,106
07/12/2000,HUF,IN,AGL,CE,Towers with Radar,2,11,40,23,76,0,1,35,23,59,2,12,75,46,135,88,0,88,223
07/13/2000,HUF,IN,AGL,CE,Towers with Radar,0,2,31,12,45,0,0,66,3,69,0,2,97,15,114,106,20,126,240
07/14/2000,HUF,IN,AGL,CE,Towers with Radar,0,0,53,13,66,0,0,61,0,61,0,0,114,13,127,122,12,134,261
07/15/2000,HUF,IN,AGL,CE,Towers with Radar,0,0,9,7,16,0,0,48,0,48,0,0,57,7,64,24,2,26,90
07/16/2000,HUF,IN,AGL,CE,Towers with Radar,0,0,21,0,21,0,0,55,0,55,0,0,76,0,76,12,0,12,88
07/17/2000,HUF,IN,AGL,CE,Towers with Radar,0,4,35,8,47,0,2,44,6,52,0,6,79,14,99,46,10,56,155
07/18/2000,HUF,IN,AGL,CE,Towers with Radar,0,2,31,17,50,0,0,36,0,36,0,2,67,17,86,52,12,64,150
07/19/2000,HUF,IN,AGL,CE,Towers with Radar,2,2,28,19,51,0,0,27,2,29,2,2,55,21,80,62,0,62,142
07/20/2000,HUF,IN,AGL,CE,Towers with Radar,0,2,30,6,38,0,0,67,0,67,0,2,97,6,105,116,0,116,221
07/21/2000,HUF,IN,AGL,CE,Towers with Radar,0,0,33,15,48,0,0,23,21,44,0,0,56,36,92,78,10,88,180
07/22/2000,HUF,IN,AGL,CE,Towers with Radar,0,0,5,2,7,0,0,57,2,59,0,0,62,4,66,26,0,26,92
07/23/2000,HUF,IN,AGL,CE,Towers with Radar,0,0,33,0,33,0,0,42,3,45,0,0,75,3,78,12,0,12,90
07/24/2000,HUF,IN,AGL,CE,Towers with Radar,0,2,24,2,28,0,0,41,0,41,0,2,65,2,69,26,0,26,95
07/25/2000,HUF,IN,AGL,CE,Towers with Radar,0,4,48,8,60,0,0,55,15,70,0,4,103,23,130,72,12,84,214
07/26/2000,HUF,IN,AGL,CE,Towers with Radar,0,2,26,12,40,0,0,45,12,57,0,2,71,24,97,64,8,72,169
07/27/2000,HUF,IN,AGL,CE,Towers with Radar,0,2,36,7,45,0,0,86,10,96,0,2,122,17,141,106,14,120,261
07/28/2000,HUF,IN,AGL,CE,Towers with Radar,0,0,27,22,49,0,0,75,0,75,0,0,102,22,124,60,0,60,184
07/29/2000,HUF,IN,AGL,CE,Towers with Radar,0,0,28,0,28,0,0,6,0,6,0,0,34,0,34,6,0,6,40
07/30/2000,HUF,IN,AGL,CE,Towers with Radar,0,0,31,4,35,0,0,19,0,19,0,0,50,4,54,16,0,16,70
07/31/2000,HUF,IN,AGL,CE,Towers with Radar,0,2,29,4,35,0,0,8,8,16,0,2,37,12,51,24,4,28,79
08/01/2000,HUF,IN,AGL,CE,Towers with Radar,0,1,37,11,49,0,1,20,23,44,0,2,57,34,93,26,10,36,129
08/02/2000,HUF,IN,AGL,CE,Towers with Radar,0,2,25,10,37,0,0,32,10,42,0,2,57,20,79,42,10,52,131
08/03/2000,HUF,IN,AGL,CE,Towers with Radar,2,4,33,15,54,0,0,18,21,39,2,4,51,36,93,84,8,92,185
08/04/2000,HUF,IN,AGL,CE,Towers with Radar,0,0,25,26,51,0,0,77,8,85,0,0,102,34,136,126,22,148,284
08/05/2000,HUF,IN,AGL,CE,Towers with Radar,0,0,22,0,22,0,0,4,5,9,0,0,26,5,31,22,9,31,62
08/06/2000,HUF,IN,AGL,CE,Towers with Radar,0,0,16,0,16,0,0,5,0,5,0,0,21,0,21,22,0,22,43
08/07/2000,HUF,IN,AGL,CE,Towers with Radar,0,2,22,0,24,0,0,38,6,44,0,2,60,6,68,48,0,48,116
08/08/2000,HUF,IN,AGL,CE,Towers with Radar,0,2,28,0,30,0,0,3,0,3,0,2,31,0,33,56,0,56,89
08/09/2000,HUF,IN,AGL,CE,Towers with Radar,2,2,16,21,41,0,0,25,13,38,2,2,41,34,79,62,18,80,159
08/10/2000,HUF,IN,AGL,CE,Towers with Radar,0,2,21,12,35,0,0,77,10,87,0,2,98,22,122,92,12,104,226
08/11/2000,HUF,IN,AGL,CE,Towers with Radar,0,2,26,26,54,2,0,60,18,80,2,2,86,44,134,24,0,24,158
08/12/2000,HUF,IN,AGL,CE,Towers with Radar,0,0,14,0,14,0,0,71,3,74,0,0,85,3,88,16,0,16,104
08/13/2000,HUF,IN,AGL,CE,Towers with Radar,0,0,13,0,13,0,0,37,4,41,0,0,50,4,54,58,0,58,112
08/14/2000,HUF,IN,AGL,CE,Towers with Radar,0,4,26,9,39,0,0,19,3,22,0,4,45,12,61,18,0,18,79
08/15/2000,HUF,IN,AGL,CE,Towers with Radar,0,2,21,25,48,0,0,49,5,54,0,2,70,30,102,62,20,82,184
08/16/2000,HUF,IN,AGL,CE,Towers with Radar,0,2,27,18,47,0,0,48,26,74,0,2,75,44,121,86,8,94,215
08/17/2000,HUF,IN,AGL,CE,Towers with Radar,2,2,31,28,63,0,0,144,17,161,2,2,175,45,224,72,42,114,338
08/18/2000,HUF,IN,AGL,CE,Towers with Radar,0,0,27,21,48,0,0,79,0,79,0,0,106,21,127,62,12,74,201
08/19/2000,HUF,IN,AGL,CE,Towers with Radar,0,0,21,15,36,0,0,39,27,66,0,0,60,42,102,26,26,52,154
08/20/2000,HUF,IN,AGL,CE,Towers with Radar,0,0,18,21,39,0,0,114,9,123,0,0,132,30,162,66,20,86,248
08/21/2000,HUF,IN,AGL,CE,Towers with Radar,0,2,14,0,16,0,0,70,10,80,0,2,84,10,96,90,0,90,186
08/22/2000,HUF,IN,AGL,CE,Towers with Radar,0,4,10,5,19,0,28,14,2,44,0,32,24,7,63,24,2,26,89
08/23/2000,HUF,IN,AGL,CE,Towers with Radar,0,3,35,7,45,0,0,22,17,39,0,3,57,24,84,102,2,104,188
08/24/2000,HUF,IN,AGL,CE,Towers with Radar,2,2,33,17,54,0,0,64,21,85,2,2,97,38,139,84,44,128,267
08/25/2000,HUF,IN,AGL,CE,Towers with Radar,0,0,36,3,39,0,0,56,0,56,0,0,92,3,95,78,0,78,173
08/26/2000,HUF,IN,AGL,CE,Towers with Radar,0,0,23,2,25,0,0,48,0,48,0,0,71,2,73,58,6,64,137
08/27/2000,HUF,IN,AGL,CE,Towers with Radar,0,0,25,0,25,0,0,34,0,34,0,0,59,0,59,26,0,26,85
08/28/2000,HUF,IN,AGL,CE,Towers with Radar,0,1,29,13,43,0,3,62,6,71,0,4,91,19,114,82,14,96,210
08/29/2000,HUF,IN,AGL,CE,Towers with Radar,0,2,59,13,74,0,0,89,4,93,0,2,148,17,167,150,16,166,333
08/30/2000,HUF,IN,AGL,CE,Towers with Radar,2,2,57,16,77,0,0,47,10,57,2,2,104,26,134,82,22,104,238
08/31/2000,HUF,IN,AGL,CE,Towers with Radar,0,2,26,12,40,0,0,158,3,161,0,2,184,15,201,184,32,216,417
09/01/2000,HUF,IN,AGL,CE,Towers with Radar,0,0,29,1,30,0,0,101,2,103,0,0,130,3,133,184,0,184,317
09/02/2000,HUF,IN,AGL,CE,Towers with Radar,0,0,29,1,30,0,1,97,0,98,0,1,126,1,128,118,0,118,246
09/03/2000,HUF,IN,AGL,CE,Towers with Radar,0,0,10,0,10,0,0,18,0,18,0,0,28,0,28,70,0,70,98
09/04/2000,HUF,IN,AGL,CE,Towers with Radar,0,0,66,0,66,0,0,19,0,19,0,0,85,0,85,78,0,78,163
09/05/2000,HUF,IN,AGL,CE,Towers with Radar,0,1,50,34,85,0,1,64,0,65,0,2,114,34,150,108,12,120,270
09/06/2000,HUF,IN,AGL,CE,Towers with Radar,2,4,63,18,87,0,0,95,4,99,2,4,158,22,186,148,14,162,348
09/07/2000,HUF,IN,AGL,CE,Towers with Radar,0,2,19,20,41,0,0,149,18,167,0,2,168,38,208,144,20,164,372
09/08/2000,HUF,IN,AGL,CE,Towers with Radar,0,0,54,20,74,0,0,69,24,93,0,0,123,44,167,106,14,120,287
09/09/2000,HUF,IN,AGL,CE,Towers with Radar,0,0,29,29,58,0,0,4,13,17,0,0,33,42,75,34,54,88,163
09/10/2000,HUF,IN,AGL,CE,Towers with Radar,0,2,2,1,5,0,0,1,0,1,0,2,3,1,6,0,0,0,6
09/11/2000,HUF,IN,AGL,CE,Towers with Radar,0,2,59,16,77,0,0,72,11,83,0,2,131,27,160,180,14,194,354
09/12/2000,HUF,IN,AGL,CE,Towers with Radar,0,1,35,13,49,0,1,68,26,95,0,2,103,39,144,170,10,180,324
09/13/2000,HUF,IN,AGL,CE,Towers with Radar,2,4,41,31,78,0,0,100,26,126,2,4,141,57,204,190,8,198,402
09/14/2000,HUF,IN,AGL,CE,Towers with Radar,0,4,34,11,49,0,0,63,27,90,0,4,97,38,139,104,24,128,267
09/15/2000,HUF,IN,AGL,CE,Towers with Radar,0,0,33,19,52,0,0,68,15,83,0,0,101,34,135,80,24,104,239
09/16/2000,HUF,IN,AGL,CE,Towers with Radar,0,0,24,10,34,0,0,95,4,99,0,0,119,14,133,152,2,154,287
09/17/2000,HUF,IN,AGL,CE,Towers with Radar,0,0,36,17,53,0,0,109,33,142,0,0,145,50,195,124,36,160,355
09/18/2000,HUF,IN,AGL,CE,Towers with Radar,0,2,49,0,51,0,0,79,0,79,0,2,128,0,130,110,0,110,240
09/19/2000,HUF,IN,AGL,CE,Towers with Radar,0,2,51,12,65,0,0,87,10,97,0,2,138,22,162,130,6,136,298
09/20/2000,HUF,IN,AGL,CE,Towers with Radar,2,2,19,7,30,0,0,28,4,32,2,2,47,11,62,22,4,26,88
09/21/2000,HUF,IN,AGL,CE,Towers with Radar,0,2,27,11,40,0,0,174,10,184,0,2,201,21,224,196,28,224,448
09/22/2000,HUF,IN,AGL,CE,Towers with Radar,0,0,28,16,44,0,0,66,18,84,0,0,94,34,128,82,6,88,216
09/23/2000,HUF,IN,AGL,CE,Towers with Radar,0,0,8,0,8,0,0,29,0,29,0,0,37,0,37,58,0,58,95
09/24/2000,HUF,IN,AGL,CE,Towers with Radar,0,0,27,14,41,0,0,4,0,4,0,0,31,14,45,14,4,18,63
09/25/2000,HUF,IN,AGL,CE,Towers with Radar,0,2,76,3,81,0,0,0,0,0,0,2,76,3,81,14,0,14,95
09/26/2000,HUF,IN,AGL,CE,Towers with Radar,0,4,43,13,60,0,0,69,9,78,0,4,112,22,138,148,20,168,306
09/27/2000,HUF,IN,AGL,CE,Towers with Radar,0,2,60,19,81,0,0,89,3,92,0,2,149,22,173,186,16,202,375
09/28/2000,HUF,IN,AGL,CE,Towers with Radar,3,2,58,1,64,0,0,102,0,102,3,2,160,1,166,206,0,206,372
09/29/2000,HUF,IN,AGL,CE,Towers with Radar,0,1,55,12,68,0,9,117,0,126,0,10,172,12,194,186,0,186,380
09/30/2000,HUF,IN,AGL,CE,Towers with Radar,0,1,23,6,30,0,8,57,0,65,0,9,80,6,95,76,2,78,173
10/01/2000,HUF,IN,AGL,CE,Towers with Radar,0,0,11,0,11,0,0,73,0,73,0,0,84,0,84,88,0,88,172
10/02/2000,HUF,IN,AGL,CE,Towers with Radar,0,2,43,4,49,0,0,35,0,35,0,2,78,4,84,91,1,92,176
10/03/2000,HUF,IN,AGL,CE,Towers with Radar,0,6,30,5,41,0,0,80,0,80,0,6,110,5,121,151,0,151,272
10/04/2000,HUF,IN,AGL,CE,Towers with Radar,2,2,24,3,31,0,0,6,0,6,2,2,30,3,37,4,0,4,41
10/05/2000,HUF,IN,AGL,CE,Towers with Radar,0,2,38,2,42,0,0,2,0,2,0,2,40,2,44,0,0,0,44
10/06/2000,HUF,IN,AGL,CE,Towers with Radar,2,1,108,14,125,0,0,62,6,68,2,1,170,20,193,142,10,152,345
10/07/2000,HUF,IN,AGL,CE,Towers with Radar,0,0,27,0,27,0,0,64,4,68,0,0,91,4,95,88,0,88,183
10/08/2000,HUF,IN,AGL,CE,Towers with Radar,0,0,3,3,6,0,0,63,0,63,0,0,66,3,69,12,0,12,81
10/09/2000,HUF,IN,AGL,CE,Towers with Radar,0,6,55,0,61,0,0,64,0,64,0,6,119,0,125,180,0,180,305
10/10/2000,HUF,IN,AGL,CE,Towers with Radar,0,4,32,11,47,0,0,78,3,81,0,4,110,14,128,100,8,108,236
10/11/2000,HUF,IN,AGL,CE,Towers with Radar,2,2,55,1,60,0,0,67,0,67,2,2,122,1,127,116,0,116,243
10/12/2000,HUF,IN,AGL,CE,Towers with Radar,2,2,34,7,45,2,0,144,24,170,4,2,178,31,215,204,24,228,443
10/13/2000,HUF,IN,AGL,CE,Towers with Radar,0,0,45,0,45,0,0,96,0,96,0,0,141,0,141,130,0,130,271
10/14/2000,HUF,IN,AGL,CE,Towers with Radar,0,0,15,0,15,0,2,93,0,95,0,2,108,0,110,82,0,82,192
10/15/2000,HUF,IN,AGL,CE,Towers with Radar,0,0,18,16,34,0,0,27,2,29,0,0,45,18,63,36,0,36,99
10/16/2000,HUF,IN,AGL,CE,Towers with Radar,0,2,82,0,84,0,0,0,0,0,0,2,82,0,84,16,0,16,100
10/17/2000,HUF,IN,AGL,CE,Towers with Radar,2,2,71,7,82,0,0,43,7,50,2,2,114,14,132,90,6,96,228
10/18/2000,HUF,IN,AGL,CE,Towers with Radar,2,5,58,23,88,0,0,50,10,60,2,5,108,33,148,130,30,160,308
10/19/2000,HUF,IN,AGL,CE,Towers with Radar,0,3,62,2,67,0,0,97,0,97,0,3,159,2,164,230,0,230,394
10/20/2000,HUF,IN,AGL,CE,Towers with Radar,0,9,63,10,82,0,3,116,4,123,0,12,179,14,205,144,16,160,365
10/21/2000,HUF,IN,AGL,CE,Towers with Radar,2,1,18,0,21,1,0,137,0,138,3,1,155,0,159,125,2,127,286
10/22/2000,HUF,IN,AGL,CE,Towers with Radar,0,1,12,0,13,0,1,0,0,1,0,2,12,0,14,0,0,0,14
10/23/2000,HUF,IN,AGL,CE,Towers with Radar,0,2,93,27,122,0,0,36,8,44,0,2,129,35,166,90,32,122,288
10/24/2000,HUF,IN,AGL,CE,Towers with Radar,0,7,69,6,82,0,1,64,3,68,0,8,133,9,150,112,8,120,270
10/25/2000,HUF,IN,AGL,CE,Towers with Radar,2,2,50,9,63,0,0,63,13,76,2,2,113,22,139,104,4,108,247
10/26/2000,HUF,IN,AGL,CE,Towers with Radar,20,4,54,11,89,0,0,109,0,109,20,4,163,11,198,150,16,166,364
10/27/2000,HUF,IN,AGL,CE,Towers with Radar,4,0,75,7,86,2,0,60,24,86,6,0,135,31,172,132,8,140,312
10/28/2000,HUF,IN,AGL,CE,Towers with Radar,0,0,36,7,43,0,0,49,13,62,0,0,85,20,105,80,0,80,185
10/29/2000,HUF,IN,AGL,CE,Towers with Radar,0,0,23,14,37,0,0,83,9,92,0,0,106,23,129,82,18,100,229
10/30/2000,HUF,IN,AGL,CE,Towers with Radar,0,2,64,8,74,0,0,73,0,73,0,2,137,8,147,100,8,108,255
10/31/2000,HUF,IN,AGL,CE,Towers with Radar,1,2,53,7,63,3,0,59,14,76,4,2,112,21,139,140,18,158,297
11/01/2000,HUF,IN,AGL,CE,Towers with Radar,0,4,82,9,95,0,0,94,7,101,0,4,176,16,196,150,8,158,354
11/02/2000,HUF,IN,AGL,CE,Towers with Radar,0,2,49,8,59,0,0,66,11,77,0,2,115,19,136,174,0,174,310
11/03/2000,HUF,IN,AGL,CE,Towers with Radar,0,0,44,0,44,0,0,88,0,88,0,0,132,0,132,134,0,134,266
11/04/2000,HUF,IN,AGL,CE,Towers with Radar,0,0,20,0,20,0,0,50,0,50,0,0,70,0,70,130,0,130,200
11/05/2000,HUF,IN,AGL,CE,Towers with Radar,0,0,28,0,28,0,0,61,0,61,0,0,89,0,89,66,0,66,155
11/06/2000,HUF,IN,AGL,CE,Towers with Radar,0,2,75,7,84,0,0,0,0,0,0,2,75,7,84,4,0,4,88
11/07/2000,HUF,IN,AGL,CE,Towers with Radar,0,2,111,2,115,0,0,0,9,9,0,2,111,11,124,82,0,82,206
11/08/2000,HUF,IN,AGL,CE,Towers with Radar,0,3,50,11,64,0,1,84,15,100,0,4,134,26,164,114,16,130,294
11/09/2000,HUF,IN,AGL,CE,Towers with Radar,2,5,62,24,93,0,0,12,0,12,2,5,74,24,105,12,0,12,117
11/10/2000,HUF,IN,AGL,CE,Towers with Radar,0,2,79,0,81,0,0,21,0,21,0,2,100,0,102,106,0,106,208
11/11/2000,HUF,IN,AGL,CE,Towers with Radar,0,0,46,22,68,0,0,31,0,31,0,0,77,22,99,87,36,123,222
11/12/2000,HUF,IN,AGL,CE,Towers with Radar,0,4,16,1,21,0,0,58,0,58,0,4,74,1,79,60,14,74,153
11/13/2000,HUF,IN,AGL,CE,Towers with Radar,0,2,68,0,70,0,1,33,0,34,0,3,101,0,104,72,0,72,176
11/14/2000,HUF,IN,AGL,CE,Towers with Radar,0,2,28,31,61,0,0,4,3,7,0,2,32,34,68,28,12,40,108
11/15/2000,HUF,IN,AGL,CE,Towers with Radar,0,6,47,17,70,0,0,73,18,91,0,6,120,35,161,128,16,144,305
11/16/2000,HUF,IN,AGL,CE,Towers with Radar,0,4,37,24,65,0,0,73,4,77,0,4,110,28,142,116,2,118,260
11/17/2000,HUF,IN,AGL,CE,Towers with Radar,0,0,58,15,73,0,0,46,3,49,0,0,104,18,122,68,0,68,190
11/18/2000,HUF,IN,AGL,CE,Towers with Radar,0,0,12,18,30,0,0,55,0,55,0,0,67,18,85,48,10,58,143
11/19/2000,HUF,IN,AGL,CE,Towers with Radar,0,0,3,11,14,0,0,35,7,42,0,0,38,18,56,46,2,48,104
11/20/2000,HUF,IN,AGL,CE,Towers with Radar,0,2,20,9,31,0,0,15,0,15,0,2,35,9,46,30,6,36,82
11/21/2000,HUF,IN,AGL,CE,Towers with Radar,2,2,42,12,58,0,0,46,7,53,2,2,88,19,111,50,12,62,173
11/22/2000,HUF,IN,AGL,CE,Towers with Radar,0,2,27,22,51,0,0,52,9,61,0,2,79,31,112,90,0,90,202
11/23/2000,HUF,IN,AGL,CE,Towers with Radar,0,0,5,0,5,0,0,15,0,15,0,0,20,0,20,8,0,8,28
11/24/2000,HUF,IN,AGL,CE,Towers with Radar,0,0,14,1,15,0,0,30,0,30,0,0,44,1,45,12,0,12,57
11/25/2000,HUF,IN,AGL,CE,Towers with Radar,0,0,5,0,5,0,0,0,0,0,0,0,5,0,5,0,0,0,5
11/26/2000,HUF,IN,AGL,CE,Towers with Radar,0,0,16,0,16,0,0,2,0,2,0,0,18,0,18,0,0,0,18
11/27/2000,HUF,IN,AGL,CE,Towers with Radar,0,5,14,9,28,0,0,3,6,9,0,5,17,15,37,0,0,0,37
11/28/2000,HUF,IN,AGL,CE,Towers with Radar,0,4,47,36,87,0,1,42,0,43,0,5,89,36,130,104,16,120,250
11/29/2000,HUF,IN,AGL,CE,Towers with Radar,2,2,40,12,56,0,0,25,0,25,2,2,65,12,81,48,0,48,129
11/30/2000,HUF,IN,AGL,CE,Towers with Radar,0,8,21,20,49,0,0,49,8,57,0,8,70,28,106,150,0,150,256
12/01/2000,HUF,IN,AGL,CE,Towers with Radar,0,0,17,0,17,0,0,4,0,4,0,0,21,0,21,12,0,12,33
12/02/2000,HUF,IN,AGL,CE,Towers with Radar,0,0,13,6,19,0,0,45,17,62,0,0,58,23,81,74,2,76,157
12/03/2000,HUF,IN,AGL,CE,Towers with Radar,0,0,18,5,23,0,0,124,7,131,0,0,142,12,154,154,0,154,308
12/04/2000,HUF,IN,AGL,CE,Towers with Radar,0,4,36,2,42,0,0,13,0,13,0,4,49,2,55,0,56,56,111
12/05/2000,HUF,IN,AGL,CE,Towers with Radar,0,2,65,3,70,0,0,0,0,0,0,2,65,3,70,124,2,126,196
12/06/2000,HUF,IN,AGL,CE,Towers with Radar,2,2,35,31,70,0,3,40,2,45,2,5,75,33,115,102,24,126,241
12/07/2000,HUF,IN,AGL,CE,Towers with Radar,0,5,46,27,78,0,3,52,17,72,0,8,98,44,150,74,12,86,236
12/08/2000,HUF,IN,AGL,CE,Towers with Radar,0,0,38,19,57,0,0,41,2,43,0,0,79,21,100,138,0,138,238
12/09/2000,HUF,IN,AGL,CE,Towers with Radar,0,2,19,12,33,0,0,102,0,102,0,2,121,12,135,68,10,78,213
12/10/2000,HUF,IN,AGL,CE,Towers with Radar,0,1,20,0,21,0,0,0,0,0,0,1,20,0,21,6,0,6,27
12/11/2000,HUF,IN,AGL,CE,Towers with Radar,0,8,7,2,17,0,0,2,0,2,0,8,9,2,19,0,0,0,19
12/12/2000,HUF,IN,AGL,CE,Towers with Radar,0,4,48,18,70,0,0,7,0,7,0,4,55,18,77,23,0,23,100
12/13/2000,HUF,IN,AGL,CE,Towers with Radar,0,4,3,4,11,0,0,1,0,1,0,4,4,4,12,0,0,0,12
12/14/2000,HUF,IN,AGL,CE,Towers with Radar,0,2,7,1,10,0,0,0,0,0,0,2,7,1,10,18,0,18,28
12/15/2000,HUF,IN,AGL,CE,Towers with Radar,2,0,6,1,9,0,0,0,0,0,2,0,6,1,9,0,0,0,9
12/16/2000,HUF,IN,AGL,CE,Towers with Radar,0,0,0,0,0,0,0,0,0,0,0,0,0,0,0,0,0,0,0
12/17/2000,HUF,IN,AGL,CE,Towers with Radar,0,0,3,0,3,0,0,1,0,1,0,0,4,0,4,0,0,0,4
12/18/2000,HUF,IN,AGL,CE,Towers with Radar,0,1,10,0,11,0,0,10,0,10,0,1,20,0,21,10,0,10,31
12/19/2000,HUF,IN,AGL,CE,Towers with Radar,0,2,10,4,16,0,0,0,0,0,0,2,10,4,16,0,12,12,28
12/20/2000,HUF,IN,AGL,CE,Towers with Radar,0,2,9,0,11,0,0,10,0,10,0,2,19,0,21,28,0,28,49
12/21/2000,HUF,IN,AGL,CE,Towers with Radar,2,2,5,0,9,0,0,15,0,15,2,2,20,0,24,0,0,0,24
12/22/2000,HUF,IN,AGL,CE,Towers with Radar,0,0,12,3,15,0,0,17,3,20,0,0,29,6,35,10,0,10,45
12/23/2000,HUF,IN,AGL,CE,Towers with Radar,0,0,2,0,2,0,0,9,0,9,0,0,11,0,11,4,0,4,15
12/24/2000,HUF,IN,AGL,CE,Towers with Radar,0,0,4,0,4,0,0,7,0,7,0,0,11,0,11,16,0,16,27
12/25/2000,HUF,IN,AGL,CE,Towers with Radar,0,0,2,0,2,0,0,2,0,2,0,0,4,0,4,0,0,0,4
12/26/2000,HUF,IN,AGL,CE,Towers with Radar,0,8,6,17,31,0,0,18,3,21,0,8,24,20,52,16,20,36,88
12/27/2000,HUF,IN,AGL,CE,Towers with Radar,0,1,9,5,15,0,1,1,1,3,0,2,10,6,18,2,0,2,20
12/28/2000,HUF,IN,AGL,CE,Towers with Radar,0,2,17,22,41,0,0,38,20,58,0,2,55,42,99,28,14,42,141
12/29/2000,HUF,IN,AGL,CE,Towers with Radar,0,0,4,0,4,0,0,0,0,0,0,0,4,0,4,0,0,0,4
12/30/2000,HUF,IN,AGL,CE,Towers with Radar,0,0,4,0,4,0,0,0,0,0,0,0,4,0,4,0,0,0,4
12/31/2000,HUF,IN,AGL,CE,Towers with Radar,0,0,5,0,5,0,0,3,0,3,0,0,8,0,8,8,0,8,16
01/01/2001,HUF,IN,AGL,CE,Towers with Radar,0,0,7,0,7,0,0,0,0,0,0,0,7,0,7,2,0,2,9
01/02/2001,HUF,IN,AGL,CE,Towers with Radar,0,2,14,0,16,0,0,8,0,8,0,2,22,0,24,8,0,8,32
01/03/2001,HUF,IN,AGL,CE,Towers with Radar,2,5,9,2,18,0,0,0,0,0,2,5,9,2,18,0,0,0,18
01/04/2001,HUF,IN,AGL,CE,Towers with Radar,0,2,16,0,18,0,0,0,0,0,0,2,16,0,18,12,0,12,30
01/05/2001,HUF,IN,AGL,CE,Towers with Radar,0,0,12,15,27,0,0,32,19,51,0,0,44,34,78,14,30,44,122
01/06/2001,HUF,IN,AGL,CE,Towers with Radar,0,0,20,27,47,0,0,88,0,88,0,0,108,27,135,32,6,38,173
01/07/2001,HUF,IN,AGL,CE,Towers with Radar,0,2,12,0,14,0,0,2,0,2,0,2,14,0,16,2,0,2,18
01/08/2001,HUF,IN,AGL,CE,Towers with Radar,0,2,21,0,23,0,0,17,0,17,0,2,38,0,40,42,0,42,82
01/09/2001,HUF,IN,AGL,CE,Towers with Radar,0,5,34,12,51,0,0,44,2,46,0,5,78,14,97,116,26,142,239
01/10/2001,HUF,IN,AGL,CE,Towers with Radar,0,2,29,8,39,0,0,69,3,72,0,2,98,11,111,126,0,126,237
01/11/2001,HUF,IN,AGL,CE,Towers with Radar,2,4,31,18,55,0,0,72,8,80,2,4,103,26,135,140,14,154,289
01/12/2001,HUF,IN,AGL,CE,Towers with Radar,0,0,50,16,66,0,0,84,15,99,0,0,134,31,165,116,16,132,297
01/13/2001,HUF,IN,AGL,CE,Towers with Radar,4,6,29,0,39,0,0,28,0,28,4,6,57,0,67,52,0,52,119
01/14/2001,HUF,IN,AGL,CE,Towers with Radar,0,0,7,0,7,0,0,0,0,0,0,0,7,0,7,0,0,0,7
01/15/2001,HUF,IN,AGL,CE,Towers with Radar,0,0,24,0,24,0,0,14,0,14,0,0,38,0,38,124,0,124,162
01/16/2001,HUF,IN,AGL,CE,Towers with Radar,0,2,54,20,76,0,0,16,3,19,0,2,70,23,95,52,0,52,147
01/17/2001,HUF,IN,AGL,CE,Towers with Radar,0,2,55,14,71,0,0,42,2,44,0,2,97,16,115,150,0,150,265
01/18/2001,HUF,IN,AGL,CE,Towers with Radar,2,3,57,26,88,0,0,132,7,139,2,3,189,33,227,136,30,166,393
01/19/2001,HUF,IN,AGL,CE,Towers with Radar,0,5,6,24,35,0,0,34,3,37,0,5,40,27,72,94,6,100,172
01/20/2001,HUF,IN,AGL,CE,Towers with Radar,0,0,37,21,58,0,0,72,0,72,0,0,109,21,130,138,12,150,280
01/21/2001,HUF,IN,AGL,CE,Towers with Radar,0,0,34,24,58,0,0,75,14,89,0,0,109,38,147,100,10,110,257
01/22/2001,HUF,IN,AGL,CE,Towers with Radar,0,4,80,0,84,0,0,68,0,68,0,4,148,0,152,226,0,226,378
01/23/2001,HUF,IN,AGL,CE,Towers with Radar,0,4,47,15,66,2,4,91,4,101,2,8,138,19,167,146,28,174,341
01/24/2001,HUF,IN,AGL,CE,Towers with Radar,0,2,39,18,59,0,0,27,8,35,0,2,66,26,94,100,12,112,206
01/25/2001,HUF,IN,AGL,CE,Towers with Radar,0,2,47,4,53,0,0,107,11,118,0,2,154,15,171,156,0,156,327
01/26/2001,HUF,IN,AGL,CE,Towers with Radar,0,2,3,6,11,0,0,10,6,16,0,2,13,12,27,0,0,0,27
01/27/2001,HUF,IN,AGL,CE,Towers with Radar,0,0,22,1,23,0,0,38,0,38,0,0,60,1,61,70,0,70,131
01/28/2001,HUF,IN,AGL,CE,Towers with Radar,0,0,7,0,7,0,0,12,0,12,0,0,19,0,19,4,0,4,23
01/29/2001,HUF,IN,AGL,CE,Towers with Radar,0,4,23,0,27,0,0,12,2,14,0,4,35,2,41,62,0,62,103
01/30/2001,HUF,IN,AGL,CE,Towers with Radar,0,4,35,9,48,0,0,3,1,4,0,4,38,10,52,20,0,20,72
01/31/2001,HUF,IN,AGL,CE,Towers with Radar,2,2,27,4,35,0,0,17,2,19,2,2,44,6,54,102,0,102,156
02/01/2001,HUF,IN,AGL,CE,Towers with Radar,0,4,51,2,57,0,0,147,0,147,0,4,198,2,204,148,2,150,354
02/02/2001,HUF,IN,AGL,CE,Towers with Radar,0,2,49,9,60,0,0,75,0,75,0,2,124,9,135,106,0,106,241
02/03/2001,HUF,IN,AGL,CE,Towers with Radar,0,0,46,2,48,0,0,152,5,157,0,0,198,7,205,132,0,132,337
02/04/2001,HUF,IN,AGL,CE,Towers with Radar,0,1,24,1,26,2,0,54,0,56,2,1,78,1,82,64,0,64,146
02/05/2001,HUF,IN,AGL,CE,Towers with Radar,0,12,25,0,37,0,1,0,0,1,0,13,25,0,38,22,0,22,60
02/06/2001,HUF,IN,AGL,CE,Towers with Radar,0,3,46,2,51,0,0,49,0,49,0,3,95,2,100,96,0,96,196
02/07/2001,HUF,IN,AGL,CE,Towers with Radar,0,4,27,0,31,0,0,29,0,29,0,4,56,0,60,120,0,120,180
02/08/2001,HUF,IN,AGL,CE,Towers with Radar,0,6,66,2,74,0,0,69,0,69,0,6,135,2,143,130,0,130,273
02/09/2001,HUF,IN,AGL,CE,Towers with Radar,2,2,3,2,9,0,0,0,0,0,2,2,3,2,9,0,0,0,9
02/10/2001,HUF,IN,AGL,CE,Towers with Radar,1,0,20,12,33,0,0,80,8,88,1,0,100,20,121,116,0,116,237
02/11/2001,HUF,IN,AGL,CE,Towers with Radar,0,0,37,7,44,0,0,117,2,119,0,0,154,9,163,118,0,118,281
02/12/2001,HUF,IN,AGL,CE,Towers with Radar,0,2,51,0,53,0,0,106,0,106,0,2,157,0,159,266,0,266,425
02/13/2001,HUF,IN,AGL,CE,Towers with Radar,0,2,77,12,91,0,0,0,4,4,0,2,77,16,95,10,0,10,105
02/14/2001,HUF,IN,AGL,CE,Towers with Radar,0,2,11,0,13,0,0,0,0,0,0,2,11,0,13,2,0,2,15
02/15/2001,HUF,IN,AGL,CE,Towers with Radar,2,2,13,1,18,0,0,0,0,0,2,2,13,1,18,0,0,0,18
02/16/2001,HUF,IN,AGL,CE,Towers with Radar,0,0,10,17,27,0,0,3,0,3,0,0,13,17,30,6,0,6,36
02/17/2001,HUF,IN,AGL,CE,Towers with Radar,0,0,35,5,40,0,0,65,6,71,0,0,100,11,111,90,4,94,205
02/18/2001,HUF,IN,AGL,CE,Towers with Radar,0,0,21,1,22,0,0,66,0,66,0,0,87,1,88,88,0,88,176
02/19/2001,HUF,IN,AGL,CE,Towers with Radar,0,0,44,1,45,0,0,84,0,84,0,0,128,1,129,252,0,252,381
02/20/2001,HUF,IN,AGL,CE,Towers with Radar,0,2,69,22,93,0,0,83,0,83,0,2,152,22,176,174,10,184,360
02/21/2001,HUF,IN,AGL,CE,Towers with Radar,2,2,21,14,39,0,0,97,2,99,2,2,118,16,138,188,16,204,342
02/22/2001,HUF,IN,AGL,CE,Towers with Radar,2,2,33,16,53,0,0,57,6,63,2,2,90,22,116,122,26,148,264
02/23/2001,HUF,IN,AGL,CE,Towers with Radar,2,0,54,11,67,0,0,51,1,52,2,0,105,12,119,172,16,188,307
02/24/2001,HUF,IN,AGL,CE,Towers with Radar,0,1,32,0,33,0,0,13,0,13,0,1,45,0,46,28,0,28,74
02/25/2001,HUF,IN,AGL,CE,Towers with Radar,0,1,0,0,1,0,0,2,0,2,0,1,2,0,3,0,0,0,3
02/26/2001,HUF,IN,AGL,CE,Towers with Radar,0,2,42,13,57,0,0,123,4,127,0,2,165,17,184,254,6,260,444
02/27/2001,HUF,IN,AGL,CE,Towers with Radar,2,2,43,6,53,0,0,52,6,58,2,2,95,12,111,118,14,132,243
02/28/2001,HUF,IN,AGL,CE,Towers with Radar,0,2,53,26,81,0,0,80,0,80,0,2,133,26,161,198,24,222,383
03/01/2001,HUF,IN,AGL,CE,Towers with Radar,0,1,28,22,51,0,1,94,10,105,0,2,122,32,156,146,10,156,312
03/02/2001,HUF,IN,AGL,CE,Towers with Radar,0,0,48,23,71,0,0,25,7,32,0,0,73,30,103,122,10,132,235
03/03/2001,HUF,IN,AGL,CE,Towers with Radar,0,0,32,1,33,0,0,66,6,72,0,0,98,7,105,166,0,166,271
03/04/2001,HUF,IN,AGL,CE,Towers with Radar,0,0,14,0,14,0,0,24,3,27,0,0,38,3,41,18,0,18,59
03/05/2001,HUF,IN,AGL,CE,Towers with Radar,0,1,7,0,8,0,0,11,0,11,0,1,18,0,19,18,0,18,37
03/06/2001,HUF,IN,AGL,CE,Towers with Radar,0,2,21,46,69,0,0,53,6,59,0,2,74,52,128,122,14,136,264
03/07/2001,HUF,IN,AGL,CE,Towers with Radar,1,2,59,13,75,1,0,76,19,96,2,2,135,32,171,110,10,120,291
03/08/2001,HUF,IN,AGL,CE,Towers with Radar,0,2,12,17,31,0,0,12,14,26,0,2,24,31,57,14,2,16,73
03/09/2001,HUF,IN,AGL,CE,Towers with Radar,0,0,21,14,35,0,0,35,6,41,0,0,56,20,76,44,2,46,122
03/10/2001,HUF,IN,AGL,CE,Towers with Radar,0,0,30,15,45,0,0,91,17,108,0,0,121,32,153,84,12,96,249
03/11/2001,HUF,IN,AGL,CE,Towers with Radar,0,0,25,17,42,0,0,28,15,43,0,0,53,32,85,34,10,44,129
03/12/2001,HUF,IN,AGL,CE,Towers with Radar,0,3,23,0,26,0,0,6,0,6,0,3,29,0,32,10,0,10,42
03/13/2001,HUF,IN,AGL,CE,Towers with Radar,0,2,30,12,44,0,0,35,0,35,0,2,65,12,79,88,0,88,167
03/14/2001,HUF,IN,AGL,CE,Towers with Radar,4,2,35,11,52,0,0,88,6,94,4,2,123,17,146,160,4,164,310
03/15/2001,HUF,IN,AGL,CE,Towers with Radar,0,2,46,10,58,0,0,80,10,90,0,2,126,20,148,144,4,148,296
03/16/2001,HUF,IN,AGL,CE,Towers with Radar,0,0,17,19,36,0,0,0,0,0,0,0,17,19,36,4,4,8,44
03/17/2001,HUF,IN,AGL,CE,Towers with Radar,0,0,19,1,20,0,0,4,0,4,0,0,23,1,24,38,0,38,62
03/18/2001,HUF,IN,AGL,CE,Towers with Radar,2,0,22,0,24,0,0,93,0,93,2,0,115,0,117,96,0,96,213
03/19/2001,HUF,IN,AGL,CE,Towers with Radar,0,2,43,13,58,0,6,116,3,125,0,8,159,16,183,232,2,234,417
03/20/2001,HUF,IN,AGL,CE,Towers with Radar,0,4,60,12,76,0,0,73,14,87,0,4,133,26,163,218,8,226,389
03/21/2001,HUF,IN,AGL,CE,Towers with Radar,0,1,43,11,55,0,0,91,11,102,0,1,134,22,157,184,4,188,345
03/22/2001,HUF,IN,AGL,CE,Towers with Radar,0,1,50,13,64,0,0,128,9,137,0,1,178,22,201,248,14,262,463
03/23/2001,HUF,IN,AGL,CE,Towers with Radar,0,2,69,9,80,0,0,97,13,110,0,2,166,22,190,158,0,158,348
03/24/2001,HUF,IN,AGL,CE,Towers with Radar,0,0,20,1,21,0,0,62,0,62,0,0,82,1,83,106,0,106,189
03/25/2001,HUF,IN,AGL,CE,Towers with Radar,0,0,17,0,17,0,0,11,0,11,0,0,28,0,28,26,0,26,54
03/26/2001,HUF,IN,AGL,CE,Towers with Radar,0,2,53,0,55,0,0,65,0,65,0,2,118,0,120,164,0,164,284
03/27/2001,HUF,IN,AGL,CE,Towers with Radar,0,2,57,12,71,0,0,90,0,90,0,2,147,12,161,126,16,142,303
03/28/2001,HUF,IN,AGL,CE,Towers with Radar,2,2,48,22,74,0,0,56,14,70,2,2,104,36,144,136,20,156,300
03/29/2001,HUF,IN,AGL,CE,Towers with Radar,0,18,82,18,118,0,0,13,0,13,0,18,95,18,131,26,10,36,167
03/30/2001,HUF,IN,AGL,CE,Towers with Radar,0,6,66,13,85,0,0,50,11,61,0,6,116,24,146,136,16,152,298
03/31/2001,HUF,IN,AGL,CE,Towers with Radar,19,6,42,0,67,0,2,36,0,38,19,8,78,0,105,84,0,84,189
04/01/2001,HUF,IN,AGL,CE,Towers with Radar,0,0,18,3,21,0,0,30,1,31,0,0,48,4,52,8,0,8,60
04/02/2001,HUF,IN,AGL,CE,Towers with Radar,0,2,66,11,79,0,0,58,13,71,0,2,124,24,150,108,14,122,272
04/03/2001,HUF,IN,AGL,CE,Towers with Radar,0,2,56,16,74,0,0,74,5,79,0,2,130,21,153,102,10,112,265
04/04/2001,HUF,IN,AGL,CE,Towers with Radar,0,7,55,16,78,0,0,87,0,87,0,7,142,16,165,214,8,222,387
04/05/2001,HUF,IN,AGL,CE,Towers with Radar,0,5,46,13,64,0,0,63,0,63,0,5,109,13,127,146,42,188,315
04/06/2001,HUF,IN,AGL,CE,Towers with Radar,1,7,64,15,87,0,0,28,8,36,1,7,92,23,123,72,0,72,195
04/07/2001,HUF,IN,AGL,CE,Towers with Radar,2,2,12,15,31,0,0,37,16,53,2,2,49,31,84,24,18,42,126
04/08/2001,HUF,IN,AGL,CE,Towers with Radar,0,0,23,10,33,0,0,59,0,59,0,0,82,10,92,16,58,74,166
04/09/2001,HUF,IN,AGL,CE,Towers with Radar,0,3,75,0,78,0,2,81,0,83,0,5,156,0,161,224,0,224,385
04/10/2001,HUF,IN,AGL,CE,Towers with Radar,0,3,25,1,29,0,0,39,0,39,0,3,64,1,68,78,0,78,146
04/11/2001,HUF,IN,AGL,CE,Towers with Radar,2,7,37,10,56,0,0,58,11,69,2,7,95,21,125,114,14,128,253
04/12/2001,HUF,IN,AGL,CE,Towers with Radar,0,2,19,13,34,0,0,16,19,35,0,2,35,32,69,14,16,30,99
04/13/2001,HUF,IN,AGL,CE,Towers with Radar,0,12,31,13,56,0,0,88,16,104,0,12,119,29,160,172,14,186,346
04/14/2001,HUF,IN,AGL,CE,Towers with Radar,0,0,14,0,14,0,0,100,6,106,0,0,114,6,120,94,0,94,214
04/15/2001,HUF,IN,AGL,CE,Towers with Radar,0,0,12,0,12,0,0,15,0,15,0,0,27,0,27,26,0,26,53
04/16/2001,HUF,IN,AGL,CE,Towers with Radar,0,4,19,9,32,0,0,56,12,68,0,4,75,21,100,92,8,100,200
04/17/2001,HUF,IN,AGL,CE,Towers with Radar,0,2,36,22,60,0,0,31,16,47,0,2,67,38,107,76,16,92,199
04/18/2001,HUF,IN,AGL,CE,Towers with Radar,2,4,30,9,45,0,0,111,15,126,2,4,141,24,171,300,16,316,487
04/19/2001,HUF,IN,AGL,CE,Towers with Radar,0,4,43,13,60,0,0,109,26,135,0,4,152,39,195,168,32,200,395
04/20/2001,HUF,IN,AGL,CE,Towers with Radar,0,2,57,16,75,0,0,55,8,63,0,2,112,24,138,234,40,274,412
04/21/2001,HUF,IN,AGL,CE,Towers with Radar,0,0,21,1,22,0,1,23,0,24,0,1,44,1,46,20,2,22,68
04/22/2001,HUF,IN,AGL,CE,Towers with Radar,0,0,22,14,36,0,0,61,0,61,0,0,83,14,97,94,20,114,211
04/23/2001,HUF,IN,AGL,CE,Towers with Radar,0,2,6,1,9,0,0,20,0,20,0,2,26,1,29,16,0,16,45
04/24/2001,HUF,IN,AGL,CE,Towers with Radar,0,10,58,10,78,0,0,89,6,95,0,10,147,16,173,268,40,308,481
04/25/2001,HUF,IN,AGL,CE,Towers with Radar,2,2,29,12,45,0,0,63,11,74,2,2,92,23,119,154,20,174,293
04/26/2001,HUF,IN,AGL,CE,Towers with Radar,0,4,27,9,40,0,0,144,7,151,0,4,171,16,191,182,28,210,401
04/27/2001,HUF,IN,AGL,CE,Towers with Radar,0,0,21,7,28,0,0,92,0,92,0,0,113,7,120,194,24,218,338
04/28/2001,HUF,IN,AGL,CE,Towers with Radar,0,4,19,0,23,0,0,74,0,74,0,4,93,0,97,94,6,100,197
04/29/2001,HUF,IN,AGL,CE,Towers with Radar,0,0,19,1,20,0,0,84,0,84,0,0,103,1,104,150,4,154,258
04/30/2001,HUF,IN,AGL,CE,Towers with Radar,4,4,45,10,63,0,0,84,0,84,4,4,129,10,147,156,10,166,313
05/01/2001,HUF,IN,AGL,CE,Towers with Radar,1,2,47,9,59,1,0,65,8,74,2,2,112,17,133,148,26,174,307
05/02/2001,HUF,IN,AGL,CE,Towers with Radar,0,1,17,10,28,0,1,56,23,80,0,2,73,33,108,198,30,228,336
05/03/2001,HUF,IN,AGL,CE,Towers with Radar,0,2,33,8,43,0,0,51,20,71,0,2,84,28,114,142,2,144,258
05/04/2001,HUF,IN,AGL,CE,Towers with Radar,2,0,29,18,49,0,0,82,4,86,2,0,111,22,135,114,26,140,275
05/05/2001,HUF,IN,AGL,CE,Towers with Radar,0,0,4,11,15,0,0,62,12,74,0,0,66,23,89,72,14,86,175
05/06/2001,HUF,IN,AGL,CE,Towers with Radar,0,0,10,12,22,0,0,31,0,31,0,0,41,12,53,104,26,130,183
05/07/2001,HUF,IN,AGL,CE,Towers with Radar,2,10,10,2,24,0,0,28,0,28,2,10,38,2,52,80,0,80,132
05/08/2001,HUF,IN,AGL,CE,Towers with Radar,0,2,32,8,42,0,0,62,10,72,0,2,94,18,114,134,16,150,264
05/09/2001,HUF,IN,AGL,CE,Towers with Radar,0,19,25,27,71,0,0,94,13,107,0,19,119,40,178,132,24,156,334
05/10/2001,HUF,IN,AGL,CE,Towers with Radar,2,2,30,25,59,0,0,58,13,71,2,2,88,38,130,68,58,126,256
05/11/2001,HUF,IN,AGL,CE,Towers with Radar,0,0,8,16,24,0,0,38,2,40,0,0,46,18,64,28,10,38,102
05/12/2001,HUF,IN,AGL,CE,Towers with Radar,0,4,21,9,34,0,0,50,1,51,0,4,71,10,85,30,10,40,125
05/13/2001,HUF,IN,AGL,CE,Towers with Radar,0,0,14,0,14,0,0,81,0,81,0,0,95,0,95,66,0,66,161
05/14/2001,HUF,IN,AGL,CE,Towers with Radar,0,10,30,20,60,0,0,36,0,36,0,10,66,20,96,68,12,80,176
05/15/2001,HUF,IN,AGL,CE,Towers with Radar,0,10,16,35,61,0,0,65,9,74,0,10,81,44,135,56,50,106,241
05/16/2001,HUF,IN,AGL,CE,Towers with Radar,2,4,13,11,30,0,1,27,20,48,2,5,40,31,78,34,8,42,120
05/17/2001,HUF,IN,AGL,CE,Towers with Radar,0,14,25,12,51,0,0,12,15,27,0,14,37,27,78,40,0,40,118
05/18/2001,HUF,IN,AGL,CE,Towers with Radar,0,6,14,18,38,6,46,0,20,72,6,52,14,38,110,4,0,4,114
05/19/2001,HUF,IN,AGL,CE,Towers with Radar,0,2,31,2,35,0,0,48,0,48,0,2,79,2,83,50,0,50,133
05/20/2001,HUF,IN,AGL,CE,Towers with Radar,0,0,21,7,28,0,0,88,1,89,0,0,109,8,117,114,2,116,233
05/21/2001,HUF,IN,AGL,CE,Towers with Radar,0,9,25,10,44,0,3,4,10,17,0,12,29,20,61,12,2,14,75
05/22/2001,HUF,IN,AGL,CE,Towers with Radar,0,8,22,6,36,0,0,20,4,24,0,8,42,10,60,27,10,37,97
05/23/2001,HUF,IN,AGL,CE,Towers with Radar,2,8,38,10,58,0,2,33,1,36,2,10,71,11,94,30,16,46,140
05/24/2001,HUF,IN,AGL,CE,Towers with Radar,0,13,33,8,54,0,0,40,8,48,0,13,73,16,102,68,22,90,192
05/25/2001,HUF,IN,AGL,CE,Towers with Radar,0,6,25,0,31,0,0,6,2,8,0,6,31,2,39,32,0,32,71
05/26/2001,HUF,IN,AGL,CE,Towers with Radar,0,1,17,0,18,0,0,1,1,2,0,1,18,1,20,26,16,42,62
05/27/2001,HUF,IN,AGL,CE,Towers with Radar,0,0,36,0,36,0,0,41,1,42,0,0,77,1,78,40,0,40,118
05/28/2001,HUF,IN,AGL,CE,Towers with Radar,0,1,20,0,21,0,2,78,3,83,0,3,98,3,104,100,0,100,204
05/29/2001,HUF,IN,AGL,CE,Towers with Radar,0,2,41,9,52,0,0,41,22,63,0,2,82,31,115,62,22,84,199
05/30/2001,HUF,IN,AGL,CE,Towers with Radar,2,17,35,22,76,0,0,57,4,61,2,17,92,26,137,92,12,104,241
05/31/2001,HUF,IN,AGL,CE,Towers with Radar,0,2,20,10,32,0,0,8,4,12,0,2,28,14,44,10,2,12,56
06/01/2001,HUF,IN,AGL,CE,Towers with Radar,0,11,5,27,43,0,3,10,0,13,0,14,15,27,56,34,8,42,98
06/02/2001,HUF,IN,AGL,CE,Towers with Radar,1,0,8,23,32,1,0,10,6,17,2,0,18,29,49,45,22,67,116
06/03/2001,HUF,IN,AGL,CE,Towers with Radar,0,0,6,16,22,0,0,67,10,77,0,0,73,26,99,22,28,50,149
06/04/2001,HUF,IN,AGL,CE,Towers with Radar,0,2,15,1,18,0,0,1,0,1,0,2,16,1,19,0,0,0,19
06/05/2001,HUF,IN,AGL,CE,Towers with Radar,0,6,25,25,56,0,0,5,2,7,0,6,30,27,63,2,2,4,67
06/06/2001,HUF,IN,AGL,CE,Towers with Radar,4,4,23,15,46,0,0,16,1,17,4,4,39,16,63,28,8,36,99
06/07/2001,HUF,IN,AGL,CE,Towers with Radar,0,3,71,14,88,0,0,21,8,29,0,3,92,22,117,80,6,86,203
06/08/2001,HUF,IN,AGL,CE,Towers with Radar,0,16,60,22,98,0,2,51,5,58,0,18,111,27,156,90,6,96,252
06/09/2001,HUF,IN,AGL,CE,Towers with Radar,0,4,15,2,21,0,0,69,2,71,0,4,84,4,92,108,6,114,206
06/10/2001,HUF,IN,AGL,CE,Towers with Radar,0,0,15,5,20,0,2,49,9,60,0,2,64,14,80,28,18,46,126
06/11/2001,HUF,IN,AGL,CE,Towers with Radar,0,3,26,25,54,0,0,51,11,62,0,3,77,36,116,64,16,80,196
06/12/2001,HUF,IN,AGL,CE,Towers with Radar,0,4,23,8,35,0,0,44,6,50,0,4,67,14,85,132,26,158,243
06/13/2001,HUF,IN,AGL,CE,Towers with Radar,0,2,29,17,48,0,0,62,14,76,0,2,91,31,124,134,30,164,288
06/14/2001,HUF,IN,AGL,CE,Towers with Radar,0,2,39,9,50,0,0,47,9,56,0,2,86,18,106,52,10,62,168
06/15/2001,HUF,IN,AGL,CE,Towers with Radar,0,0,22,10,32,0,0,49,8,57,0,0,71,18,89,58,20,78,167
06/16/2001,HUF,IN,AGL,CE,Towers with Radar,74,0,17,2,93,0,0,77,0,77,74,0,94,2,170,40,2,42,212
06/17/2001,HUF,IN,AGL,CE,Towers with Radar,10,0,9,3,22,19,0,65,1,85,29,0,74,4,107,118,2,120,227
06/18/2001,HUF,IN,AGL,CE,Towers with Radar,0,2,25,0,27,0,0,19,1,20,0,2,44,1,47,72,14,86,133
06/19/2001,HUF,IN,AGL,CE,Towers with Radar,0,4,16,13,33,0,0,26,1,27,0,4,42,14,60,76,12,88,148
06/20/2001,HUF,IN,AGL,CE,Towers with Radar,0,12,23,24,59,0,0,13,8,21,0,12,36,32,80,96,38,134,214
06/21/2001,HUF,IN,AGL,CE,Towers with Radar,0,3,13,16,32,0,0,6,0,6,0,3,19,16,38,0,4,4,42
06/22/2001,HUF,IN,AGL,CE,Towers with Radar,0,5,26,18,49,0,0,32,5,37,0,5,58,23,86,40,14,54,140
06/23/2001,HUF,IN,AGL,CE,Towers with Radar,0,3,33,0,36,0,2,46,0,48,0,5,79,0,84,94,0,94,178
06/24/2001,HUF,IN,AGL,CE,Towers with Radar,0,0,14,3,17,0,0,35,0,35,0,0,49,3,52,76,0,76,128
06/25/2001,HUF,IN,AGL,CE,Towers with Radar,0,6,47,15,68,0,0,58,7,65,0,6,105,22,133,76,10,86,219
06/26/2001,HUF,IN,AGL,CE,Towers with Radar,0,2,31,26,59,0,0,39,0,39,0,2,70,26,98,30,10,40,138
06/27/2001,HUF,IN,AGL,CE,Towers with Radar,0,11,42,34,87,0,0,50,0,50,0,11,92,34,137,114,56,170,307
06/28/2001,HUF,IN,AGL,CE,Towers with Radar,2,10,53,12,77,0,0,52,21,73,2,10,105,33,150,92,20,112,262
06/29/2001,HUF,IN,AGL,CE,Towers with Radar,9,0,29,33,71,5,0,18,9,32,14,0,47,42,103,128,14,142,245
06/30/2001,HUF,IN,AGL,CE,Towers with Radar,0,2,16,0,18,0,0,19,0,19,0,2,35,0,37,80,0,80,117
07/01/2001,HUF,IN,AGL,CE,Towers with Radar,0,0,17,1,18,0,0,75,0,75,0,0,92,1,93,28,8,36,129
07/02/2001,HUF,IN,AGL,CE,Towers with Radar,0,1,29,3,33,0,1,83,5,89,0,2,112,8,122,146,2,148,270
07/03/2001,HUF,IN,AGL,CE,Towers with Radar,0,1,18,0,19,0,1,20,0,21,0,2,38,0,40,32,0,32,72
07/04/2001,HUF,IN,AGL,CE,Towers with Radar,2,0,10,10,22,0,0,34,2,36,2,0,44,12,58,80,20,100,158
07/05/2001,HUF,IN,AGL,CE,Towers with Radar,2,2,40,24,68,0,0,62,0,62,2,2,102,24,130,50,14,64,194
07/06/2001,HUF,IN,AGL,CE,Towers with Radar,0,0,37,15,52,0,0,53,14,67,0,0,90,29,119,104,20,124,243
07/07/2001,HUF,IN,AGL,CE,Towers with Radar,0,0,19,0,19,0,0,36,0,36,0,0,55,0,55,32,0,32,87
07/08/2001,HUF,IN,AGL,CE,Towers with Radar,0,0,14,10,24,0,0,29,0,29,0,0,43,10,53,26,12,38,91
07/09/2001,HUF,IN,AGL,CE,Towers with Radar,0,4,39,14,57,0,0,39,20,59,0,4,78,34,116,98,28,126,242
07/10/2001,HUF,IN,AGL,CE,Towers with Radar,0,2,33,17,52,0,0,22,7,29,0,2,55,24,81,20,18,38,119
07/11/2001,HUF,IN,AGL,CE,Towers with Radar,0,2,35,34,71,0,0,47,9,56,0,2,82,43,127,88,38,126,253
07/12/2001,HUF,IN,AGL,CE,Towers with Radar,0,2,18,14,34,0,0,85,9,94,0,2,103,23,128,62,16,78,206
07/13/2001,HUF,IN,AGL,CE,Towers with Radar,0,2,22,38,62,0,0,67,10,77,0,2,89,48,139,100,38,138,277
07/14/2001,HUF,IN,AGL,CE,Towers with Radar,0,0,12,11,23,0,0,120,20,140,0,0,132,31,163,90,32,122,285
07/15/2001,HUF,IN,AGL,CE,Towers with Radar,0,0,12,4,16,0,0,63,10,73,0,0,75,14,89,102,14,116,205
07/16/2001,HUF,IN,AGL,CE,Towers with Radar,0,2,23,2,27,0,0,73,0,73,0,2,96,2,100,40,0,40,140
07/17/2001,HUF,IN,AGL,CE,Towers with Radar,0,2,21,23,46,0,0,53,9,62,0,2,74,32,108,86,52,138,246
07/18/2001,HUF,IN,AGL,CE,Towers with Radar,2,10,41,5,58,0,7,5,5,17,2,17,46,10,75,40,14,54,129
07/19/2001,HUF,IN,AGL,CE,Towers with Radar,0,2,41,8,51,0,0,17,0,17,0,2,58,8,68,76,0,76,144
07/20/2001,HUF,IN,AGL,CE,Towers with Radar,0,0,45,13,58,0,0,17,1,18,0,0,62,14,76,44,4,48,124
07/21/2001,HUF,IN,AGL,CE,Towers with Radar,0,0,50,4,54,0,0,58,0,58,0,0,108,4,112,102,8,110,222
07/22/2001,HUF,IN,AGL,CE,Towers with Radar,0,0,17,0,17,0,0,24,0,24,0,0,41,0,41,10,0,10,51
07/23/2001,HUF,IN,AGL,CE,Towers with Radar,0,2,16,21,39,0,0,42,1,43,0,2,58,22,82,90,54,144,226
07/24/2001,HUF,IN,AGL,CE,Towers with Radar,0,16,63,9,88,0,2,42,7,51,0,18,105,16,139,26,52,78,217
07/25/2001,HUF,IN,AGL,CE,Towers with Radar,0,2,33,13,48,0,0,14,10,24,0,2,47,23,72,12,8,20,92
07/26/2001,HUF,IN,AGL,CE,Towers with Radar,0,4,37,9,50,0,0,26,0,26,0,4,63,9,76,24,0,24,100
07/27/2001,HUF,IN,AGL,CE,Towers with Radar,2,0,58,5,65,0,3,64,2,69,2,3,122,7,134,110,4,114,248
07/28/2001,HUF,IN,AGL,CE,Towers with Radar,0,0,43,6,49,0,0,2,3,5,0,0,45,9,54,32,2,34,88
07/29/2001,HUF,IN,AGL,CE,Towers with Radar,0,0,37,3,40,0,0,61,2,63,0,0,98,5,103,104,0,104,207
07/30/2001,HUF,IN,AGL,CE,Towers with Radar,0,3,25,2,30,0,0,66,7,73,0,3,91,9,103,88,6,94,197
07/31/2001,HUF,IN,AGL,CE,Towers with Radar,0,2,25,24,51,0,0,55,0,55,0,2,80,24,106,72,12,84,190
08/01/2001,HUF,IN,AGL,CE,Towers with Radar,2,2,27,10,41,0,0,51,15,66,2,2,78,25,107,70,34,104,211
08/02/2001,HUF,IN,AGL,CE,Towers with Radar,0,2,22,7,31,0,0,20,9,29,0,2,42,16,60,48,4,52,112
08/03/2001,HUF,IN,AGL,CE,Towers with Radar,0,2,38,26,66,0,0,30,11,41,0,2,68,37,107,100,16,116,223
08/04/2001,HUF,IN,AGL,CE,Towers with Radar,0,2,23,0,25,0,0,64,0,64,0,2,87,0,89,44,0,44,133
08/05/2001,HUF,IN,AGL,CE,Towers with Radar,0,0,9,5,14,0,0,59,3,62,0,0,68,8,76,36,8,44,120
08/06/2001,HUF,IN,AGL,CE,Towers with Radar,0,1,28,18,47,0,1,54,10,65,0,2,82,28,112,74,8,82,194
08/07/2001,HUF,IN,AGL,CE,Towers with Radar,0,2,29,28,59,0,0,23,1,24,0,2,52,29,83,16,16,32,115
08/08/2001,HUF,IN,AGL,CE,Towers with Radar,0,7,24,16,47,0,0,28,14,42,0,7,52,30,89,40,38,78,167
08/09/2001,HUF,IN,AGL,CE,Towers with Radar,2,3,21,24,50,0,0,14,10,24,2,3,35,34,74,20,12,32,106
08/10/2001,HUF,IN,AGL,CE,Towers with Radar,0,2,27,17,46,0,0,70,16,86,0,2,97,33,132,22,22,44,176
08/11/2001,HUF,IN,AGL,CE,Towers with Radar,0,0,29,0,29,0,0,48,0,48,0,0,77,0,77,90,0,90,167
08/12/2001,HUF,IN,AGL,CE,Towers with Radar,0,14,22,0,36,0,0,88,4,92,0,14,110,4,128,132,6,138,266
08/13/2001,HUF,IN,AGL,CE,Towers with Radar,0,8,34,0,42,0,0,38,0,38,0,8,72,0,80,104,0,104,184
08/14/2001,HUF,IN,AGL,CE,Towers with Radar,0,7,38,10,55,0,3,77,21,101,0,10,115,31,156,128,35,163,319
08/15/2001,HUF,IN,AGL,CE,Towers with Radar,2,2,45,18,67,0,0,56,6,62,2,2,101,24,129,76,32,108,237
08/16/2001,HUF,IN,AGL,CE,Towers with Radar,0,3,43,33,79,0,0,7,1,8,0,3,50,34,87,8,2,10,97
08/17/2001,HUF,IN,AGL,CE,Towers with Radar,0,0,23,17,40,0,0,29,1,30,0,0,52,18,70,50,22,72,142
08/18/2001,HUF,IN,AGL,CE,Towers with Radar,5,9,26,2,42,0,0,7,0,7,5,9,33,2,49,32,0,32,81
08/19/2001,HUF,IN,AGL,CE,Towers with Radar,0,11,27,0,38,0,0,12,0,12,0,11,39,0,50,36,0,36,86
08/20/2001,HUF,IN,AGL,CE,Towers with Radar,2,12,32,9,55,0,2,53,9,64,2,14,85,18,119,90,12,102,221
08/21/2001,HUF,IN,AGL,CE,Towers with Radar,2,10,37,25,74,0,0,79,0,79,2,10,116,25,153,108,32,140,293
08/22/2001,HUF,IN,AGL,CE,Towers with Radar,1,17,39,9,66,0,6,27,10,43,1,23,66,19,109,178,16,194,303
08/23/2001,HUF,IN,AGL,CE,Towers with Radar,3,6,40,12,61,0,6,32,10,48,3,12,72,22,109,100,20,120,229
08/24/2001,HUF,IN,AGL,CE,Towers with Radar,0,0,49,9,58,0,0,46,3,49,0,0,95,12,107,132,6,138,245
08/25/2001,HUF,IN,AGL,CE,Towers with Radar,0,0,13,2,15,0,0,7,0,7,0,0,20,2,22,0,0,0,22
08/26/2001,HUF,IN,AGL,CE,Towers with Radar,0,0,33,10,43,0,0,49,1,50,0,0,82,11,93,70,2,72,165
08/27/2001,HUF,IN,AGL,CE,Towers with Radar,0,2,25,16,43,0,0,58,2,60,0,2,83,18,103,156,22,178,281
08/28/2001,HUF,IN,AGL,CE,Towers with Radar,0,3,42,15,60,0,0,40,1,41,0,3,82,16,101,124,4,128,229
08/29/2001,HUF,IN,AGL,CE,Towers with Radar,0,5,36,15,56,2,20,72,5,99,2,25,108,20,155,126,4,130,285
08/30/2001,HUF,IN,AGL,CE,Towers with Radar,0,3,31,12,46,0,0,192,9,201,0,3,223,21,247,12,34,46,293
08/31/2001,HUF,IN,AGL,CE,Towers with Radar,0,2,39,2,43,0,0,135,0,135,0,2,174,2,178,84,0,84,262
09/01/2001,HUF,IN,AGL,CE,Towers with Radar,0,0,29,10,39,0,0,41,0,41,0,0,70,10,80,70,8,78,158
09/02/2001,HUF,IN,AGL,CE,Towers with Radar,0,0,11,0,11,0,0,83,0,83,0,0,94,0,94,38,0,38,132
09/03/2001,HUF,IN,AGL,CE,Towers with Radar,0,0,35,0,35,0,0,115,0,115,0,0,150,0,150,96,0,96,246
09/04/2001,HUF,IN,AGL,CE,Towers with Radar,0,3,36,12,51,0,0,59,5,64,0,3,95,17,115,122,18,140,255
09/05/2001,HUF,IN,AGL,CE,Towers with Radar,2,1,51,5,59,0,0,84,13,97,2,1,135,18,156,104,8,112,268
09/06/2001,HUF,IN,AGL,CE,Towers with Radar,0,2,14,7,23,0,0,101,10,111,0,2,115,17,134,152,18,170,304
09/07/2001,HUF,IN,AGL,CE,Towers with Radar,4,0,24,18,46,0,0,77,0,77,4,0,101,18,123,46,2,48,171
09/08/2001,HUF,IN,AGL,CE,Towers with Radar,0,2,11,13,26,0,0,9,6,15,0,2,20,19,41,44,0,44,85
09/09/2001,HUF,IN,AGL,CE,Towers with Radar,0,0,28,22,50,0,0,23,14,37,0,0,51,36,87,10,12,22,109
09/10/2001,HUF,IN,AGL,CE,Towers with Radar,0,2,57,0,59,0,0,66,0,66,0,2,123,0,125,124,0,124,249
09/11/2001,HUF,IN,AGL,CE,Towers with Radar,0,0,4,2,6,0,0,14,0,14,0,0,18,2,20,12,0,12,32
09/12/2001,HUF,IN,AGL,CE,Towers with Radar,0,0,0,5,5,0,0,0,0,0,0,0,0,5,5,0,0,0,5
09/13/2001,HUF,IN,AGL,CE,Towers with Radar,0,2,0,1,3,0,0,1,0,1,0,2,1,1,4,0,0,0,4
09/14/2001,HUF,IN,AGL,CE,Towers with Radar,0,0,0,27,27,0,0,0,12,12,0,0,0,39,39,0,30,30,69
09/15/2001,HUF,IN,AGL,CE,Towers with Radar,0,1,18,6,25,0,0,9,1,10,0,1,27,7,35,0,0,0,35
09/16/2001,HUF,IN,AGL,CE,Towers with Radar,0,0,17,6,23,0,0,8,7,15,0,0,25,13,38,16,0,16,54
09/17/2001,HUF,IN,AGL,CE,Towers with Radar,0,2,79,17,98,0,0,0,30,30,0,2,79,47,128,0,10,10,138
09/18/2001,HUF,IN,AGL,CE,Towers with Radar,0,12,45,15,72,0,0,0,0,0,0,12,45,15,72,2,6,8,80
09/19/2001,HUF,IN,AGL,CE,Towers with Radar,0,13,39,17,69,0,0,2,11,13,0,13,41,28,82,4,0,4,86
09/20/2001,HUF,IN,AGL,CE,Towers with Radar,0,10,59,12,81,0,0,12,7,19,0,10,71,19,100,0,12,12,112
09/21/2001,HUF,IN,AGL,CE,Towers with Radar,2,16,45,2,65,0,0,4,3,7,2,16,49,5,72,6,0,6,78
09/22/2001,HUF,IN,AGL,CE,Towers with Radar,0,6,48,8,62,0,4,48,0,52,0,10,96,8,114,34,0,34,148
09/23/2001,HUF,IN,AGL,CE,Towers with Radar,0,2,16,0,18,0,2,30,0,32,0,4,46,0,50,8,0,8,58
09/24/2001,HUF,IN,AGL,CE,Towers with Radar,0,2,63,14,79,0,0,52,12,64,0,2,115,26,143,154,28,182,325
09/25/2001,HUF,IN,AGL,CE,Towers with Radar,0,6,46,15,67,0,0,71,36,107,0,6,117,51,174,110,10,120,294
09/26/2001,HUF,IN,AGL,CE,Towers with Radar,4,3,57,18,82,0,0,71,11,82,4,3,128,29,164,128,14,142,306
09/27/2001,HUF,IN,AGL,CE,Towers with Radar,0,10,73,8,91,0,12,109,24,145,0,22,182,32,236,96,6,102,338
09/28/2001,HUF,IN,AGL,CE,Towers with Radar,4,8,57,12,81,0,0,62,5,67,4,8,119,17,148,102,34,136,284
09/29/2001,HUF,IN,AGL,CE,Towers with Radar,2,0,38,0,40,0,0,82,0,82,2,0,120,0,122,112,0,112,234
09/30/2001,HUF,IN,AGL,CE,Towers with Radar,0,0,31,5,36,0,0,71,3,74,0,0,102,8,110,112,0,112,222
10/01/2001,HUF,IN,AGL,CE,Towers with Radar,0,2,61,1,64,0,0,83,1,84,0,2,144,2,148,174,0,174,322
10/02/2001,HUF,IN,AGL,CE,Towers with Radar,0,12,63,20,95,0,0,82,4,86,0,12,145,24,181,144,12,156,337
10/03/2001,HUF,IN,AGL,CE,Towers with Radar,0,4,84,28,116,0,4,130,22,156,0,8,214,50,272,182,20,202,474
10/04/2001,HUF,IN,AGL,CE,Towers with Radar,0,4,25,30,59,0,0,68,11,79,0,4,93,41,138,148,14,162,300
10/05/2001,HUF,IN,AGL,CE,Towers with Radar,2,0,36,2,40,0,0,2,0,2,2,0,38,2,42,2,0,2,44
10/06/2001,HUF,IN,AGL,CE,Towers with Radar,2,4,36,0,42,0,0,71,0,71,2,4,107,0,113,66,0,66,179
10/07/2001,HUF,IN,AGL,CE,Towers with Radar,0,0,24,0,24,0,0,96,0,96,0,0,120,0,120,54,4,58,178
10/08/2001,HUF,IN,AGL,CE,Towers with Radar,0,0,95,5,100,0,0,105,0,105,0,0,200,5,205,222,22,244,449
10/09/2001,HUF,IN,AGL,CE,Towers with Radar,0,10,33,28,71,0,0,97,6,103,0,10,130,34,174,256,16,272,446
10/10/2001,HUF,IN,AGL,CE,Towers with Radar,0,20,37,7,64,0,3,10,5,18,0,23,47,12,82,32,0,32,114
10/11/2001,HUF,IN,AGL,CE,Towers with Radar,0,4,17,2,23,0,0,0,0,0,0,4,17,2,23,0,0,0,23
10/12/2001,HUF,IN,AGL,CE,Towers with Radar,0,0,110,33,143,0,0,28,0,28,0,0,138,33,171,80,0,80,251
10/13/2001,HUF,IN,AGL,CE,Towers with Radar,0,0,2,4,6,0,0,1,0,1,0,0,3,4,7,0,0,0,7
10/14/2001,HUF,IN,AGL,CE,Towers with Radar,0,2,9,6,17,0,0,18,5,23,0,2,27,11,40,12,0,12,52
10/15/2001,HUF,IN,AGL,CE,Towers with Radar,0,24,39,2,65,0,0,78,0,78,0,24,117,2,143,190,0,190,333
10/16/2001,HUF,IN,AGL,CE,Towers with Radar,0,9,36,16,61,0,0,26,1,27,0,9,62,17,88,82,0,82,170
10/17/2001,HUF,IN,AGL,CE,Towers with Radar,2,32,91,13,138,0,0,106,29,135,2,32,197,42,273,202,4,206,479
10/18/2001,HUF,IN,AGL,CE,Towers with Radar,0,28,58,12,98,0,0,83,11,94,0,28,141,23,192,144,12,156,348
10/19/2001,HUF,IN,AGL,CE,Towers with Radar,0,1,38,28,67,0,0,94,11,105,0,1,132,39,172,198,10,208,380
10/20/2001,HUF,IN,AGL,CE,Towers with Radar,0,3,18,20,41,0,0,47,10,57,0,3,65,30,98,65,0,65,163
10/21/2001,HUF,IN,AGL,CE,Towers with Radar,0,0,10,19,29,0,0,45,9,54,0,0,55,28,83,48,16,64,147
10/22/2001,HUF,IN,AGL,CE,Towers with Radar,0,25,59,5,89,0,0,102,0,102,0,25,161,5,191,174,3,177,368
10/23/2001,HUF,IN,AGL,CE,Towers with Radar,2,2,58,6,68,0,0,22,0,22,2,2,80,6,90,132,0,132,222
10/24/2001,HUF,IN,AGL,CE,Towers with Radar,0,16,49,6,71,0,0,23,2,25,0,16,72,8,96,36,0,36,132
10/25/2001,HUF,IN,AGL,CE,Towers with Radar,0,4,22,9,35,0,0,11,9,20,0,4,33,18,55,18,4,22,77
10/26/2001,HUF,IN,AGL,CE,Towers with Radar,0,41,37,32,110,0,0,68,3,71,0,41,105,35,181,96,22,118,299
10/27/2001,HUF,IN,AGL,CE,Towers with Radar,0,0,24,0,24,0,0,54,0,54,0,0,78,0,78,76,0,76,154
10/28/2001,HUF,IN,AGL,CE,Towers with Radar,0,0,32,0,32,0,0,96,6,102,0,0,128,6,134,166,0,166,300
10/29/2001,HUF,IN,AGL,CE,Towers with Radar,0,2,78,1,81,0,0,111,0,111,0,2,189,1,192,220,12,232,424
10/30/2001,HUF,IN,AGL,CE,Towers with Radar,0,2,92,19,113,0,0,107,7,114,0,2,199,26,227,242,24,266,493
10/31/2001,HUF,IN,AGL,CE,Towers with Radar,2,2,19,34,57,0,0,113,6,119,2,2,132,40,176,138,34,172,348
11/01/2001,HUF,IN,AGL,CE,Towers with Radar,0,2,25,13,40,0,0,33,8,41,0,2,58,21,81,74,0,74,155
11/02/2001,HUF,IN,AGL,CE,Towers with Radar,0,2,62,30,94,0,0,54,0,54,0,2,116,30,148,128,0,128,276
11/03/2001,HUF,IN,AGL,CE,Towers with Radar,0,0,26,35,61,0,0,121,29,150,0,0,147,64,211,224,38,262,473
11/04/2001,HUF,IN,AGL,CE,Towers with Radar,0,0,6,19,25,0,0,90,16,106,0,0,96,35,131,134,0,134,265
11/05/2001,HUF,IN,AGL,CE,Towers with Radar,0,7,84,16,107,0,0,115,0,115,0,7,199,16,222,280,2,282,504
11/06/2001,HUF,IN,AGL,CE,Towers with Radar,0,2,54,16,72,0,0,145,0,145,0,2,199,16,217,208,12,220,437
11/07/2001,HUF,IN,AGL,CE,Towers with Radar,0,2,65,20,87,0,0,144,7,151,0,2,209,27,238,356,12,368,606
11/08/2001,HUF,IN,AGL,CE,Towers with Radar,2,9,37,7,55,0,0,56,8,64,2,9,93,15,119,114,14,128,247
11/09/2001,HUF,IN,AGL,CE,Towers with Radar,0,2,46,36,84,0,0,84,16,100,0,2,130,52,184,174,28,202,386
11/10/2001,HUF,IN,AGL,CE,Towers with Radar,0,0,21,0,21,0,0,88,0,88,0,0,109,0,109,260,0,260,369
11/11/2001,HUF,IN,AGL,CE,Towers with Radar,0,0,16,0,16,0,0,77,0,77,0,0,93,0,93,90,0,90,183
11/12/2001,HUF,IN,AGL,CE,Towers with Radar,0,2,59,7,68,0,0,110,4,114,0,2,169,11,182,290,2,292,474
11/13/2001,HUF,IN,AGL,CE,Towers with Radar,0,2,54,42,98,0,0,45,0,45,0,2,99,42,143,146,18,164,307
11/14/2001,HUF,IN,AGL,CE,Towers with Radar,0,2,27,16,45,0,0,100,6,106,0,2,127,22,151,232,26,258,409
11/15/2001,HUF,IN,AGL,CE,Towers with Radar,0,7,58,21,86,0,1,52,0,53,0,8,110,21,139,222,8,230,369
11/16/2001,HUF,IN,AGL,CE,Towers with Radar,2,0,40,18,60,0,0,104,31,135,2,0,144,49,195,234,10,244,439
11/17/2001,HUF,IN,AGL,CE,Towers with Radar,0,0,18,0,18,0,0,54,0,54,0,0,72,0,72,108,0,108,180
11/18/2001,HUF,IN,AGL,CE,Towers with Radar,0,0,32,0,32,0,0,19,0,19,0,0,51,0,51,40,0,40,91
11/19/2001,HUF,IN,AGL,CE,Towers with Radar,0,4,78,13,95,0,0,43,0,43,0,4,121,13,138,100,4,104,242
11/20/2001,HUF,IN,AGL,CE,Towers with Radar,0,14,32,11,57,0,0,96,5,101,0,14,128,16,158,190,20,210,368
11/21/2001,HUF,IN,AGL,CE,Towers with Radar,0,2,24,6,32,0,0,64,0,64,0,2,88,6,96,250,10,260,356
11/22/2001,HUF,IN,AGL,CE,Towers with Radar,0,0,8,0,8,0,0,18,0,18,0,0,26,0,26,6,0,6,32
11/23/2001,HUF,IN,AGL,CE,Towers with Radar,0,0,13,0,13,0,0,18,0,18,0,0,31,0,31,10,0,10,41
11/24/2001,HUF,IN,AGL,CE,Towers with Radar,0,0,10,0,10,0,0,0,0,0,0,0,10,0,10,0,0,0,10
11/25/2001,HUF,IN,AGL,CE,Towers with Radar,0,0,13,2,15,0,0,26,0,26,0,0,39,2,41,28,0,28,69
11/26/2001,HUF,IN,AGL,CE,Towers with Radar,0,0,78,0,78,0,1,63,0,64,0,1,141,0,142,162,0,162,304
11/27/2001,HUF,IN,AGL,CE,Towers with Radar,1,2,78,15,96,0,0,50,4,54,1,2,128,19,150,126,0,126,276
11/28/2001,HUF,IN,AGL,CE,Towers with Radar,0,2,57,2,61,0,0,3,0,3,0,2,60,2,64,2,0,2,66
11/29/2001,HUF,IN,AGL,CE,Towers with Radar,2,2,33,0,37,0,0,3,0,3,2,2,36,0,40,4,0,4,44
11/30/2001,HUF,IN,AGL,CE,Towers with Radar,0,0,78,15,93,0,0,4,0,4,0,0,82,15,97,18,0,18,115
12/01/2001,HUF,IN,AGL,CE,Towers with Radar,0,1,40,7,48,0,3,81,15,99,0,4,121,22,147,270,6,276,423
12/02/2001,HUF,IN,AGL,CE,Towers with Radar,0,0,20,6,26,0,0,104,5,109,0,0,124,11,135,154,12,166,301
12/03/2001,HUF,IN,AGL,CE,Towers with Radar,0,4,59,12,75,0,0,95,6,101,0,4,154,18,176,182,32,214,390
12/04/2001,HUF,IN,AGL,CE,Towers with Radar,0,2,45,12,59,0,0,53,7,60,0,2,98,19,119,146,12,158,277
12/05/2001,HUF,IN,AGL,CE,Towers with Radar,2,0,67,12,81,0,0,71,14,85,2,0,138,26,166,258,14,272,438
12/06/2001,HUF,IN,AGL,CE,Towers with Radar,0,4,81,12,97,0,0,1,0,1,0,4,82,12,98,106,0,106,204
12/07/2001,HUF,IN,AGL,CE,Towers with Radar,4,2,73,8,87,0,0,70,5,75,4,2,143,13,162,256,8,264,426
12/08/2001,HUF,IN,AGL,CE,Towers with Radar,0,2,20,0,22,0,0,8,0,8,0,2,28,0,30,6,0,6,36
12/09/2001,HUF,IN,AGL,CE,Towers with Radar,0,2,56,1,59,0,2,70,1,73,0,4,126,2,132,210,4,214,346
12/10/2001,HUF,IN,AGL,CE,Towers with Radar,0,2,58,5,65,0,0,119,0,119,0,2,177,5,184,246,6,252,436
12/11/2001,HUF,IN,AGL,CE,Towers with Radar,0,6,70,12,88,0,0,104,7,111,0,6,174,19,199,164,16,180,379
12/12/2001,HUF,IN,AGL,CE,Towers with Radar,0,8,40,0,48,0,0,0,1,1,0,8,40,1,49,22,0,22,71
12/13/2001,HUF,IN,AGL,CE,Towers with Radar,0,4,47,7,58,0,0,0,15,15,0,4,47,22,73,0,0,0,73
12/14/2001,HUF,IN,AGL,CE,Towers with Radar,0,8,16,0,24,0,0,0,0,0,0,8,16,0,24,0,0,0,24
12/15/2001,HUF,IN,AGL,CE,Towers with Radar,0,2,95,0,97,0,2,20,0,22,0,4,115,0,119,68,0,68,187
12/16/2001,HUF,IN,AGL,CE,Towers with Radar,0,0,12,2,14,0,0,10,0,10,0,0,22,2,24,2,0,2,26
12/17/2001,HUF,IN,AGL,CE,Towers with Radar,0,2,21,0,23,0,0,6,0,6,0,2,27,0,29,2,2,4,33
12/18/2001,HUF,IN,AGL,CE,Towers with Radar,2,8,39,11,60,0,0,59,7,66,2,8,98,18,126,66,4,70,196
12/19/2001,HUF,IN,AGL,CE,Towers with Radar,0,13,21,10,44,0,0,31,0,31,0,13,52,10,75,44,0,44,119
12/20/2001,HUF,IN,AGL,CE,Towers with Radar,0,10,17,6,33,0,2,48,4,54,0,12,65,10,87,110,14,124,211
12/21/2001,HUF,IN,AGL,CE,Towers with Radar,0,1,31,1,33,0,0,100,0,100,0,1,131,1,133,148,0,148,281
12/22/2001,HUF,IN,AGL,CE,Towers with Radar,0,0,23,0,23,0,0,16,0,16,0,0,39,0,39,38,0,38,77
12/23/2001,HUF,IN,AGL,CE,Towers with Radar,0,0,10,0,10,0,0,3,0,3,0,0,13,0,13,0,0,0,13
12/24/2001,HUF,IN,AGL,CE,Towers with Radar,0,4,9,0,13,0,0,7,0,7,0,4,16,0,20,6,4,10,30
12/25/2001,HUF,IN,AGL,CE,Towers with Radar,0,2,2,0,4,0,0,8,0,8,0,2,10,0,12,6,0,6,18
12/26/2001,HUF,IN,AGL,CE,Towers with Radar,0,2,10,3,15,0,0,16,3,19,0,2,26,6,34,8,2,10,44
12/27/2001,HUF,IN,AGL,CE,Towers with Radar,0,18,7,4,29,0,0,22,1,23,0,18,29,5,52,24,6,30,82
12/28/2001,HUF,IN,AGL,CE,Towers with Radar,0,0,19,9,28,0,0,14,0,14,0,0,33,9,42,4,0,4,46
12/29/2001,HUF,IN,AGL,CE,Towers with Radar,0,0,9,0,9,0,0,5,0,5,0,0,14,0,14,0,0,0,14
12/30/2001,HUF,IN,AGL,CE,Towers with Radar,0,0,16,0,16,0,0,18,0,18,0,0,34,0,34,18,0,18,52
12/31/2001,HUF,IN,AGL,CE,Towers with Radar,0,2,10,0,12,0,0,24,0,24,0,2,34,0,36,26,0,26,62
01/01/2002,HUF,IN,AGL,CE,Towers with Radar,0,0,4,0,4,0,0,17,0,17,0,0,21,0,21,16,0,16,37
01/02/2002,HUF,IN,AGL,CE,Towers with Radar,0,3,13,12,28,0,0,29,0,29,0,3,42,12,57,78,22,100,157
01/03/2002,HUF,IN,AGL,CE,Towers with Radar,2,3,37,31,73,0,0,37,3,40,2,3,74,34,113,60,56,116,229
01/04/2002,HUF,IN,AGL,CE,Towers with Radar,0,0,12,6,18,0,0,17,3,20,0,0,29,9,38,14,8,22,60
01/05/2002,HUF,IN,AGL,CE,Towers with Radar,0,0,23,0,23,0,0,18,0,18,0,0,41,0,41,76,2,78,119
01/06/2002,HUF,IN,AGL,CE,Towers with Radar,0,0,2,0,2,0,0,0,0,0,0,0,2,0,2,0,0,0,2
01/07/2002,HUF,IN,AGL,CE,Towers with Radar,0,1,23,8,32,0,1,46,5,52,0,2,69,13,84,126,10,136,220
01/08/2002,HUF,IN,AGL,CE,Towers with Radar,0,8,55,15,78,0,0,35,2,37,0,8,90,17,115,114,14,128,243
01/09/2002,HUF,IN,AGL,CE,Towers with Radar,8,18,51,9,86,0,0,73,7,80,8,18,124,16,166,170,2,172,338
01/10/2002,HUF,IN,AGL,CE,Towers with Radar,0,2,63,6,71,0,0,62,3,65,0,2,125,9,136,204,6,210,346
01/11/2002,HUF,IN,AGL,CE,Towers with Radar,0,3,57,12,72,0,1,47,0,48,0,4,104,12,120,162,10,172,292
01/12/2002,HUF,IN,AGL,CE,Towers with Radar,0,0,32,0,32,0,0,42,0,42,0,0,74,0,74,160,0,160,234
01/13/2002,HUF,IN,AGL,CE,Towers with Radar,0,0,20,0,20,0,0,77,0,77,0,0,97,0,97,100,0,100,197
01/14/2002,HUF,IN,AGL,CE,Towers with Radar,2,2,63,9,76,2,0,20,1,23,4,2,83,10,99,236,2,238,337
01/15/2002,HUF,IN,AGL,CE,Towers with Radar,0,13,65,6,84,0,0,86,0,86,0,13,151,6,170,202,0,202,372
01/16/2002,HUF,IN,AGL,CE,Towers with Radar,0,5,64,9,78,0,1,89,1,91,0,6,153,10,169,296,0,296,465
01/17/2002,HUF,IN,AGL,CE,Towers with Radar,0,4,81,7,92,0,0,56,6,62,0,4,137,13,154,296,14,310,464
01/18/2002,HUF,IN,AGL,CE,Towers with Radar,2,0,27,12,41,0,0,97,5,102,2,0,124,17,143,200,24,224,367
01/19/2002,HUF,IN,AGL,CE,Towers with Radar,0,0,13,2,15,0,0,5,0,5,0,0,18,2,20,16,0,16,36
01/20/2002,HUF,IN,AGL,CE,Towers with Radar,0,11,7,0,18,0,0,5,0,5,0,11,12,0,23,16,0,16,39
01/21/2002,HUF,IN,AGL,CE,Towers with Radar,0,0,60,2,62,0,0,98,2,100,0,0,158,4,162,220,0,220,382
01/22/2002,HUF,IN,AGL,CE,Towers with Radar,0,2,53,6,61,0,0,114,7,121,0,2,167,13,182,262,8,270,452
01/23/2002,HUF,IN,AGL,CE,Towers with Radar,0,2,96,2,100,0,0,6,0,6,0,2,102,2,106,26,0,26,132
01/24/2002,HUF,IN,AGL,CE,Towers with Radar,0,9,90,11,110,0,0,23,4,27,0,9,113,15,137,212,0,212,349
01/25/2002,HUF,IN,AGL,CE,Towers with Radar,0,0,49,6,55,0,0,111,7,118,0,0,160,13,173,192,0,192,365
01/26/2002,HUF,IN,AGL,CE,Towers with Radar,0,4,44,5,53,0,0,71,13,84,0,4,115,18,137,138,18,156,293
01/27/2002,HUF,IN,AGL,CE,Towers with Radar,0,2,14,7,23,0,0,63,0,63,0,2,77,7,86,112,4,116,202
01/28/2002,HUF,IN,AGL,CE,Towers with Radar,0,4,65,3,72,0,0,127,0,127,0,4,192,3,199,184,0,184,383
01/29/2002,HUF,IN,AGL,CE,Towers with Radar,0,3,96,10,109,0,0,10,0,10,0,3,106,10,119,20,0,20,139
01/30/2002,HUF,IN,AGL,CE,Towers with Radar,0,5,81,0,86,0,0,20,0,20,0,5,101,0,106,8,0,8,114
01/31/2002,HUF,IN,AGL,CE,Towers with Radar,0,10,21,2,33,0,0,0,0,0,0,10,21,2,33,34,0,34,67
02/01/2002,HUF,IN,AGL,CE,Towers with Radar,0,0,7,11,18,0,1,5,0,6,0,1,12,11,24,14,0,14,38
02/02/2002,HUF,IN,AGL,CE,Towers with Radar,2,1,49,0,52,9,0,63,0,72,11,1,112,0,124,174,0,174,298
02/03/2002,HUF,IN,AGL,CE,Towers with Radar,0,2,17,0,19,0,0,76,1,77,0,2,93,1,96,98,0,98,194
02/04/2002,HUF,IN,AGL,CE,Towers with Radar,2,2,51,0,55,0,0,122,0,122,2,2,173,0,177,172,0,172,349
02/05/2002,HUF,IN,AGL,CE,Towers with Radar,0,6,54,7,67,0,0,101,5,106,0,6,155,12,173,196,4,200,373
02/06/2002,HUF,IN,AGL,CE,Towers with Radar,0,6,80,4,90,0,0,52,0,52,0,6,132,4,142,136,0,136,278
02/07/2002,HUF,IN,AGL,CE,Towers with Radar,0,4,45,23,72,0,0,57,2,59,0,4,102,25,131,130,30,160,291
02/08/2002,HUF,IN,AGL,CE,Towers with Radar,0,0,49,19,68,0,0,86,20,106,0,0,135,39,174,204,40,244,418
02/09/2002,HUF,IN,AGL,CE,Towers with Radar,0,0,51,10,61,0,0,72,17,89,0,0,123,27,150,134,14,148,298
02/10/2002,HUF,IN,AGL,CE,Towers with Radar,0,2,9,17,28,0,0,0,1,1,0,2,9,18,29,26,0,26,55
02/11/2002,HUF,IN,AGL,CE,Towers with Radar,2,4,72,0,78,0,0,109,0,109,2,4,181,0,187,206,0,206,393
02/12/2002,HUF,IN,AGL,CE,Towers with Radar,0,4,50,7,61,0,0,90,3,93,0,4,140,10,154,170,2,172,326
02/13/2002,HUF,IN,AGL,CE,Towers with Radar,0,2,60,8,70,0,0,120,15,135,0,2,180,23,205,278,0,278,483
02/14/2002,HUF,IN,AGL,CE,Towers with Radar,2,2,35,4,43,0,0,97,10,107,2,2,132,14,150,170,4,174,324
02/15/2002,HUF,IN,AGL,CE,Towers with Radar,0,0,46,3,49,0,0,88,15,103,0,0,134,18,152,156,10,166,318
02/16/2002,HUF,IN,AGL,CE,Towers with Radar,0,1,32,0,33,0,0,39,0,39,0,1,71,0,72,70,0,70,142
02/17/2002,HUF,IN,AGL,CE,Towers with Radar,0,9,23,0,32,0,0,115,0,115,0,9,138,0,147,108,0,108,255
02/18/2002,HUF,IN,AGL,CE,Towers with Radar,0,0,46,0,46,0,1,117,0,118,0,1,163,0,164,304,0,304,468
02/19/2002,HUF,IN,AGL,CE,Towers with Radar,0,2,40,0,42,0,0,15,0,15,0,2,55,0,57,38,0,38,95
02/20/2002,HUF,IN,AGL,CE,Towers with Radar,2,2,26,18,48,0,0,17,3,20,2,2,43,21,68,24,0,24,92
02/21/2002,HUF,IN,AGL,CE,Towers with Radar,0,4,39,11,54,0,2,22,10,34,0,6,61,21,88,170,0,170,258
02/22/2002,HUF,IN,AGL,CE,Towers with Radar,0,0,79,8,87,0,0,49,9,58,0,0,128,17,145,198,2,200,345
02/23/2002,HUF,IN,AGL,CE,Towers with Radar,0,0,22,3,25,0,0,62,1,63,0,0,84,4,88,134,0,134,222
02/24/2002,HUF,IN,AGL,CE,Towers with Radar,0,0,18,5,23,0,0,50,0,50,0,0,68,5,73,92,0,92,165
02/25/2002,HUF,IN,AGL,CE,Towers with Radar,2,2,45,0,49,0,0,38,2,40,2,2,83,2,89,248,0,248,337
02/26/2002,HUF,IN,AGL,CE,Towers with Radar,0,6,8,0,14,0,0,1,0,1,0,6,9,0,15,0,0,0,15
02/27/2002,HUF,IN,AGL,CE,Towers with Radar,0,3,50,0,53,0,1,8,0,9,0,4,58,0,62,82,0,82,144
02/28/2002,HUF,IN,AGL,CE,Towers with Radar,0,5,67,6,78,0,0,96,4,100,0,5,163,10,178,204,4,208,386
03/01/2002,HUF,IN,AGL,CE,Towers with Radar,2,4,62,14,82,0,0,88,6,94,2,4,150,20,176,250,12,262,438
03/02/2002,HUF,IN,AGL,CE,Towers with Radar,0,0,16,0,16,0,0,7,0,7,0,0,23,0,23,14,0,14,37
03/03/2002,HUF,IN,AGL,CE,Towers with Radar,0,2,9,6,17,0,0,5,6,11,0,2,14,12,28,10,0,10,38
03/04/2002,HUF,IN,AGL,CE,Towers with Radar,0,2,69,0,71,0,0,68,0,68,0,2,137,0,139,50,0,50,189
03/05/2002,HUF,IN,AGL,CE,Towers with Radar,0,8,61,10,79,0,0,96,2,98,0,8,157,12,177,270,6,276,453
03/06/2002,HUF,IN,AGL,CE,Towers with Radar,2,2,94,8,106,0,0,104,14,118,2,2,198,22,224,338,18,356,580
03/07/2002,HUF,IN,AGL,CE,Towers with Radar,0,2,63,9,74,0,1,98,7,106,0,3,161,16,180,270,4,274,454
03/08/2002,HUF,IN,AGL,CE,Towers with Radar,0,2,9,8,19,0,0,27,12,39,0,2,36,20,58,48,8,56,114
03/09/2002,HUF,IN,AGL,CE,Towers with Radar,0,1,2,0,3,0,0,0,0,0,0,1,2,0,3,0,0,0,3
03/10/2002,HUF,IN,AGL,CE,Towers with Radar,0,0,17,1,18,0,0,22,6,28,0,0,39,7,46,9,2,11,57
03/11/2002,HUF,IN,AGL,CE,Towers with Radar,0,2,25,3,30,0,0,38,1,39,0,2,63,4,69,34,0,34,103
03/12/2002,HUF,IN,AGL,CE,Towers with Radar,0,2,27,20,49,0,0,6,1,7,0,2,33,21,56,18,0,18,74
03/13/2002,HUF,IN,AGL,CE,Towers with Radar,2,3,26,18,49,0,0,34,31,65,2,3,60,49,114,84,24,108,222
03/14/2002,HUF,IN,AGL,CE,Towers with Radar,0,3,15,14,32,0,0,28,7,35,0,3,43,21,67,24,10,34,101
03/15/2002,HUF,IN,AGL,CE,Towers with Radar,2,2,26,26,56,0,0,5,0,5,2,2,31,26,61,8,16,24,85
03/16/2002,HUF,IN,AGL,CE,Towers with Radar,0,0,35,2,37,0,0,52,0,52,0,0,87,2,89,28,0,28,117
03/17/2002,HUF,IN,AGL,CE,Towers with Radar,0,0,14,4,18,0,0,1,0,1,0,0,15,4,19,4,0,4,23
03/18/2002,HUF,IN,AGL,CE,Towers with Radar,0,2,71,2,75,0,0,69,0,69,0,2,140,2,144,354,0,354,498
03/19/2002,HUF,IN,AGL,CE,Towers with Radar,0,0,2,9,11,0,0,0,100,100,0,0,2,109,111,9,100,109,220
03/20/2002,HUF,IN,AGL,CE,Towers with Radar,2,11,101,5,119,0,1,13,2,16,2,12,114,7,135,204,0,204,339
03/21/2002,HUF,IN,AGL,CE,Towers with Radar,4,8,26,22,60,0,0,10,4,14,4,8,36,26,74,20,12,32,106
03/22/2002,HUF,IN,AGL,CE,Towers with Radar,0,0,51,15,66,0,0,77,2,79,0,0,128,17,145,220,18,238,383
03/23/2002,HUF,IN,AGL,CE,Towers with Radar,0,0,37,1,38,0,0,69,2,71,0,0,106,3,109,122,0,122,231
03/24/2002,HUF,IN,AGL,CE,Towers with Radar,0,0,14,0,14,0,0,24,2,26,0,0,38,2,40,58,0,58,98
03/25/2002,HUF,IN,AGL,CE,Towers with Radar,0,2,26,0,28,0,0,8,0,8,0,2,34,0,36,10,0,10,46
03/26/2002,HUF,IN,AGL,CE,Towers with Radar,0,6,4,0,10,0,0,6,0,6,0,6,10,0,16,10,0,10,26
03/27/2002,HUF,IN,AGL,CE,Towers with Radar,0,2,74,11,87,0,2,131,4,137,0,4,205,15,224,238,30,268,492
03/28/2002,HUF,IN,AGL,CE,Towers with Radar,0,4,88,18,110,0,0,80,2,82,0,4,168,20,192,148,22,170,362
03/29/2002,HUF,IN,AGL,CE,Towers with Radar,2,0,42,14,58,0,0,47,1,48,2,0,89,15,106,124,14,138,244
03/30/2002,HUF,IN,AGL,CE,Towers with Radar,0,0,18,1,19,0,0,58,1,59,0,0,76,2,78,60,0,60,138
03/31/2002,HUF,IN,AGL,CE,Towers with Radar,0,0,29,2,31,0,0,23,0,23,0,0,52,2,54,55,0,55,109
04/01/2002,HUF,IN,AGL,CE,Towers with Radar,0,1,102,13,116,0,1,44,23,68,0,2,146,36,184,280,58,338,522
04/02/2002,HUF,IN,AGL,CE,Towers with Radar,0,2,24,4,30,0,0,39,9,48,0,2,63,13,78,108,0,108,186
04/03/2002,HUF,IN,AGL,CE,Towers with Radar,0,4,93,31,128,0,0,47,10,57,0,4,140,41,185,330,6,336,521
04/04/2002,HUF,IN,AGL,CE,Towers with Radar,2,2,48,27,79,0,0,114,7,121,2,2,162,34,200,248,14,262,462
04/05/2002,HUF,IN,AGL,CE,Towers with Radar,0,0,47,17,64,0,0,121,11,132,0,0,168,28,196,336,36,372,568
04/06/2002,HUF,IN,AGL,CE,Towers with Radar,0,0,52,5,57,0,0,58,18,76,0,0,110,23,133,182,10,192,325
04/07/2002,HUF,IN,AGL,CE,Towers with Radar,0,0,21,10,31,0,0,28,18,46,0,0,49,28,77,80,8,88,165
04/08/2002,HUF,IN,AGL,CE,Towers with Radar,0,4,69,0,73,0,0,5,0,5,0,4,74,0,78,18,0,18,96
04/09/2002,HUF,IN,AGL,CE,Towers with Radar,0,3,74,20,97,0,1,87,4,92,0,4,161,24,189,198,4,202,391
04/10/2002,HUF,IN,AGL,CE,Towers with Radar,0,4,58,19,81,0,0,129,17,146,0,4,187,36,227,252,40,292,519
04/11/2002,HUF,IN,AGL,CE,Towers with Radar,0,2,85,19,106,0,0,142,15,157,0,2,227,34,263,262,20,282,545
04/12/2002,HUF,IN,AGL,CE,Towers with Radar,2,0,34,20,56,0,0,11,7,18,2,0,45,27,74,64,60,124,198
04/13/2002,HUF,IN,AGL,CE,Towers with Radar,0,0,52,0,52,0,1,17,0,18,0,1,69,0,70,72,0,72,142
04/14/2002,HUF,IN,AGL,CE,Towers with Radar,0,0,28,0,28,0,0,43,0,43,0,0,71,0,71,95,0,95,166
04/15/2002,HUF,IN,AGL,CE,Towers with Radar,0,4,78,23,105,0,0,130,2,132,0,4,208,25,237,232,20,252,489
04/16/2002,HUF,IN,AGL,CE,Towers with Radar,0,14,48,17,79,0,0,103,10,113,0,14,151,27,192,174,4,178,370
04/17/2002,HUF,IN,AGL,CE,Towers with Radar,0,1,55,14,70,0,5,113,15,133,0,6,168,29,203,214,10,224,427
04/18/2002,HUF,IN,AGL,CE,Towers with Radar,0,4,65,10,79,0,0,74,9,83,0,4,139,19,162,214,6,220,382
04/19/2002,HUF,IN,AGL,CE,Towers with Radar,2,2,64,27,95,0,0,83,2,85,2,2,147,29,180,154,18,172,352
04/20/2002,HUF,IN,AGL,CE,Towers with Radar,0,0,47,0,47,0,0,7,0,7,0,0,54,0,54,52,0,52,106
04/21/2002,HUF,IN,AGL,CE,Towers with Radar,0,0,4,0,4,0,0,0,0,0,0,0,4,0,4,0,0,0,4
04/22/2002,HUF,IN,AGL,CE,Towers with Radar,0,6,51,0,57,0,0,81,0,81,0,6,132,0,138,200,0,200,338
04/23/2002,HUF,IN,AGL,CE,Towers with Radar,0,16,41,15,72,0,0,175,0,175,0,16,216,15,247,304,2,306,553
04/24/2002,HUF,IN,AGL,CE,Towers with Radar,0,4,57,12,73,0,0,96,7,103,0,4,153,19,176,156,6,162,338
04/25/2002,HUF,IN,AGL,CE,Towers with Radar,2,4,38,8,52,0,0,66,9,75,2,4,104,17,127,140,14,154,281
04/26/2002,HUF,IN,AGL,CE,Towers with Radar,0,2,47,22,71,0,0,125,0,125,0,2,172,22,196,256,20,276,472
04/27/2002,HUF,IN,AGL,CE,Towers with Radar,0,0,10,0,10,0,0,0,0,0,0,0,10,0,10,4,0,4,14
04/28/2002,HUF,IN,AGL,CE,Towers with Radar,0,0,7,4,11,0,0,0,2,2,0,0,7,6,13,0,0,0,13
04/29/2002,HUF,IN,AGL,CE,Towers with Radar,0,1,64,1,66,0,1,96,9,106,0,2,160,10,172,282,10,292,464
04/30/2002,HUF,IN,AGL,CE,Towers with Radar,0,9,41,10,60,0,0,144,12,156,0,9,185,22,216,222,8,230,446
05/01/2002,HUF,IN,AGL,CE,Towers with Radar,2,4,27,8,41,0,3,47,3,53,2,7,74,11,94,66,0,66,160
05/02/2002,HUF,IN,AGL,CE,Towers with Radar,0,4,79,10,93,0,3,28,4,35,0,7,107,14,128,118,8,126,254
05/03/2002,HUF,IN,AGL,CE,Towers with Radar,0,0,43,12,55,0,0,88,16,104,0,0,131,28,159,174,10,184,343
05/04/2002,HUF,IN,AGL,CE,Towers with Radar,0,6,38,12,56,0,0,62,4,66,0,6,100,16,122,112,10,122,244
05/05/2002,HUF,IN,AGL,CE,Towers with Radar,0,0,22,22,44,0,0,46,21,67,0,0,68,43,111,64,8,72,183
05/06/2002,HUF,IN,AGL,CE,Towers with Radar,0,2,29,0,31,0,0,10,0,10,0,2,39,0,41,50,0,50,91
05/07/2002,HUF,IN,AGL,CE,Towers with Radar,0,2,57,7,66,0,0,32,1,33,0,2,89,8,99,164,4,168,267
05/08/2002,HUF,IN,AGL,CE,Towers with Radar,2,2,58,13,75,0,0,17,2,19,2,2,75,15,94,56,4,60,154
05/09/2002,HUF,IN,AGL,CE,Towers with Radar,0,1,33,34,68,0,1,50,0,51,0,2,83,34,119,84,6,90,209
05/10/2002,HUF,IN,AGL,CE,Towers with Radar,0,0,24,14,38,0,0,78,0,78,0,0,102,14,116,158,40,198,314
05/11/2002,HUF,IN,AGL,CE,Towers with Radar,0,0,31,0,31,0,0,5,0,5,0,0,36,0,36,58,0,58,94
05/12/2002,HUF,IN,AGL,CE,Towers with Radar,0,0,4,0,4,0,0,0,0,0,0,0,4,0,4,0,0,0,4
05/13/2002,HUF,IN,AGL,CE,Towers with Radar,0,4,47,11,62,0,0,6,3,9,0,4,53,14,71,96,4,100,171
05/14/2002,HUF,IN,AGL,CE,Towers with Radar,0,2,48,21,71,0,0,69,4,73,0,2,117,25,144,234,4,238,382
05/15/2002,HUF,IN,AGL,CE,Towers with Radar,2,2,34,28,66,0,0,103,0,103,2,2,137,28,169,170,30,200,369
05/16/2002,HUF,IN,AGL,CE,Towers with Radar,0,4,29,8,41,0,0,31,2,33,0,4,60,10,74,80,6,86,160
05/17/2002,HUF,IN,AGL,CE,Towers with Radar,0,2,49,7,58,0,2,34,6,42,0,4,83,13,100,92,12,104,204
05/18/2002,HUF,IN,AGL,CE,Towers with Radar,0,0,22,7,29,0,2,53,0,55,0,2,75,7,84,54,0,54,138
05/19/2002,HUF,IN,AGL,CE,Towers with Radar,0,2,22,11,35,0,0,34,5,39,0,2,56,16,74,80,8,88,162
05/20/2002,HUF,IN,AGL,CE,Towers with Radar,0,2,51,17,70,0,0,97,29,126,0,2,148,46,196,184,36,220,416
05/21/2002,HUF,IN,AGL,CE,Towers with Radar,0,6,30,16,52,0,0,91,1,92,0,6,121,17,144,288,12,300,444
05/22/2002,HUF,IN,AGL,CE,Towers with Radar,2,8,49,10,69,0,0,132,14,146,2,8,181,24,215,244,20,264,479
05/23/2002,HUF,IN,AGL,CE,Towers with Radar,0,7,32,27,66,0,0,70,18,88,0,7,102,45,154,174,44,218,372
05/24/2002,HUF,IN,AGL,CE,Towers with Radar,0,7,22,4,33,0,0,30,0,30,0,7,52,4,63,74,0,74,137
05/25/2002,HUF,IN,AGL,CE,Towers with Radar,0,0,23,0,23,0,0,10,0,10,0,0,33,0,33,0,0,0,33
05/26/2002,HUF,IN,AGL,CE,Towers with Radar,0,0,9,0,9,0,0,48,0,48,0,0,57,0,57,72,0,72,129
05/27/2002,HUF,IN,AGL,CE,Towers with Radar,0,1,23,0,24,0,0,35,0,35,0,1,58,0,59,70,0,70,129
05/28/2002,HUF,IN,AGL,CE,Towers with Radar,0,4,39,16,59,0,0,73,11,84,0,4,112,27,143,182,14,196,339
05/29/2002,HUF,IN,AGL,CE,Towers with Radar,0,5,32,21,58,0,0,34,0,34,0,5,66,21,92,164,4,168,260
05/30/2002,HUF,IN,AGL,CE,Towers with Radar,2,2,45,12,61,0,0,63,10,73,2,2,108,22,134,186,0,186,320
05/31/2002,HUF,IN,AGL,CE,Towers with Radar,0,0,19,17,36,0,0,51,13,64,0,0,70,30,100,70,6,76,176
06/01/2002,HUF,IN,AGL,CE,Towers with Radar,4,2,26,0,32,2,0,60,0,62,6,2,86,0,94,152,0,152,246
06/02/2002,HUF,IN,AGL,CE,Towers with Radar,0,0,12,0,12,0,0,71,0,71,0,0,83,0,83,82,0,82,165
06/03/2002,HUF,IN,AGL,CE,Towers with Radar,0,5,34,0,39,0,1,77,2,80,0,6,111,2,119,252,0,252,371
06/04/2002,HUF,IN,AGL,CE,Towers with Radar,0,4,36,9,49,0,0,101,8,109,0,4,137,17,158,150,0,150,308
06/05/2002,HUF,IN,AGL,CE,Towers with Radar,2,8,37,5,52,0,0,45,0,45,2,8,82,5,97,154,8,162,259
06/06/2002,HUF,IN,AGL,CE,Towers with Radar,0,6,80,13,99,0,0,41,0,41,0,6,121,13,140,196,0,196,336
06/07/2002,HUF,IN,AGL,CE,Towers with Radar,0,0,46,9,55,0,0,80,15,95,0,0,126,24,150,156,0,156,306
06/08/2002,HUF,IN,AGL,CE,Towers with Radar,0,2,22,0,24,0,0,72,0,72,0,2,94,0,96,68,0,68,164
06/09/2002,HUF,IN,AGL,CE,Towers with Radar,0,2,20,6,28,0,0,23,0,23,0,2,43,6,51,112,2,114,165
06/10/2002,HUF,IN,AGL,CE,Towers with Radar,0,14,34,42,90,0,0,62,0,62,0,14,96,42,152,154,36,190,342
06/11/2002,HUF,IN,AGL,CE,Towers with Radar,0,6,30,12,48,0,0,15,2,17,0,6,45,14,65,64,12,76,141
06/12/2002,HUF,IN,AGL,CE,Towers with Radar,2,4,55,18,79,0,0,44,18,62,2,4,99,36,141,88,30,118,259
06/13/2002,HUF,IN,AGL,CE,Towers with Radar,0,7,46,8,61,0,0,24,0,24,0,7,70,8,85,16,0,16,101
06/14/2002,HUF,IN,AGL,CE,Towers with Radar,0,2,36,26,64,0,0,58,12,70,0,2,94,38,134,52,16,68,202
06/15/2002,HUF,IN,AGL,CE,Towers with Radar,0,2,24,8,34,0,0,58,6,64,0,2,82,14,98,90,8,98,196
06/16/2002,HUF,IN,AGL,CE,Towers with Radar,0,1,16,12,29,0,0,47,13,60,0,1,63,25,89,40,24,64,153
06/17/2002,HUF,IN,AGL,CE,Towers with Radar,0,5,43,1,49,0,0,85,1,86,0,5,128,2,135,174,0,174,309
06/18/2002,HUF,IN,AGL,CE,Towers with Radar,0,15,32,11,58,0,4,99,9,112,0,19,131,20,170,130,2,132,302
06/19/2002,HUF,IN,AGL,CE,Towers with Radar,1,2,48,9,60,1,0,67,9,77,2,2,115,18,137,140,26,166,303
06/20/2002,HUF,IN,AGL,CE,Towers with Radar,0,2,26,10,38,0,0,61,8,69,0,2,87,18,107,136,8,144,251
06/21/2002,HUF,IN,AGL,CE,Towers with Radar,2,0,17,12,31,0,0,73,2,75,2,0,90,14,106,94,14,108,214
06/22/2002,HUF,IN,AGL,CE,Towers with Radar,0,0,10,18,28,0,0,47,4,51,0,0,57,22,79,56,8,64,143
06/23/2002,HUF,IN,AGL,CE,Towers with Radar,0,2,11,6,19,0,0,72,0,72,0,2,83,6,91,126,0,126,217
06/24/2002,HUF,IN,AGL,CE,Towers with Radar,0,2,26,9,37,0,0,38,25,63,0,2,64,34,100,80,28,108,208
06/25/2002,HUF,IN,AGL,CE,Towers with Radar,0,4,30,17,51,0,1,38,4,43,0,5,68,21,94,104,22,126,220
06/26/2002,HUF,IN,AGL,CE,Towers with Radar,2,3,69,10,84,0,0,74,11,85,2,3,143,21,169,156,12,168,337
06/27/2002,HUF,IN,AGL,CE,Towers with Radar,0,4,56,18,78,0,0,24,3,27,0,4,80,21,105,30,4,34,139
06/28/2002,HUF,IN,AGL,CE,Towers with Radar,0,2,40,23,65,0,0,49,9,58,0,2,89,32,123,110,20,130,253
06/29/2002,HUF,IN,AGL,CE,Towers with Radar,2,0,20,6,28,0,0,64,11,75,2,0,84,17,103,94,10,104,207
06/30/2002,HUF,IN,AGL,CE,Towers with Radar,0,0,20,4,24,0,0,20,5,25,0,0,40,9,49,50,2,52,101
07/01/2002,HUF,IN,AGL,CE,Towers with Radar,0,4,77,15,96,0,0,53,12,65,0,4,130,27,161,156,24,180,341
07/02/2002,HUF,IN,AGL,CE,Towers with Radar,0,2,59,18,79,0,1,74,16,91,0,3,133,34,170,134,24,158,328
07/03/2002,HUF,IN,AGL,CE,Towers with Radar,2,3,33,12,50,0,0,46,13,59,2,3,79,25,109,80,2,82,191
07/04/2002,HUF,IN,AGL,CE,Towers with Radar,0,1,16,6,23,0,0,49,5,54,0,1,65,11,77,66,4,70,147
07/05/2002,HUF,IN,AGL,CE,Towers with Radar,0,6,20,0,26,0,0,34,0,34,0,6,54,0,60,72,0,72,132
07/06/2002,HUF,IN,AGL,CE,Towers with Radar,0,0,17,0,17,0,0,57,0,57,0,0,74,0,74,118,0,118,192
07/07/2002,HUF,IN,AGL,CE,Towers with Radar,0,0,21,0,21,0,0,55,0,55,0,0,76,0,76,66,0,66,142
07/08/2002,HUF,IN,AGL,CE,Towers with Radar,3,2,19,9,33,1,0,54,6,61,4,2,73,15,94,120,8,128,222
07/09/2002,HUF,IN,AGL,CE,Towers with Radar,2,2,25,0,29,2,0,60,1,63,4,2,85,1,92,152,0,152,244
07/10/2002,HUF,IN,AGL,CE,Towers with Radar,2,4,54,2,62,0,0,41,2,43,2,4,95,4,105,26,8,34,139
07/11/2002,HUF,IN,AGL,CE,Towers with Radar,0,0,0,0,0,0,4,128,42,174,0,4,128,42,174,62,30,92,266
07/12/2002,HUF,IN,AGL,CE,Towers with Radar,0,1,9,11,21,0,3,25,1,29,0,4,34,12,50,24,16,40,90
07/13/2002,HUF,IN,AGL,CE,Towers with Radar,2,0,5,1,8,0,0,61,4,65,2,0,66,5,73,6,0,6,79
07/14/2002,HUF,IN,AGL,CE,Towers with Radar,0,0,7,0,7,0,0,74,4,78,0,0,81,4,85,6,0,6,91
07/15/2002,HUF,IN,AGL,CE,Towers with Radar,0,2,34,12,48,0,0,101,5,106,0,2,135,17,154,120,6,126,280
07/16/2002,HUF,IN,AGL,CE,Towers with Radar,0,2,41,1,44,0,0,75,5,80,0,2,116,6,124,128,0,128,252
07/17/2002,HUF,IN,AGL,CE,Towers with Radar,2,2,46,12,62,0,2,35,9,46,2,4,81,21,108,102,10,112,220
07/18/2002,HUF,IN,AGL,CE,Towers with Radar,0,2,23,13,38,0,0,28,4,32,0,2,51,17,70,54,12,66,136
07/19/2002,HUF,IN,AGL,CE,Towers with Radar,0,15,29,13,57,0,4,54,4,62,0,19,83,17,119,92,40,132,251
07/20/2002,HUF,IN,AGL,CE,Towers with Radar,0,1,25,2,28,2,3,67,0,72,2,4,92,2,100,50,0,50,150
07/21/2002,HUF,IN,AGL,CE,Towers with Radar,0,0,25,5,30,0,0,24,0,24,0,0,49,5,54,68,4,72,126
07/22/2002,HUF,IN,AGL,CE,Towers with Radar,0,2,29,8,39,0,0,40,9,49,0,2,69,17,88,126,6,132,220
07/23/2002,HUF,IN,AGL,CE,Towers with Radar,0,2,66,12,80,0,0,26,4,30,0,2,92,16,110,74,0,74,184
07/24/2002,HUF,IN,AGL,CE,Towers with Radar,2,2,39,11,54,0,0,77,2,79,2,2,116,13,133,38,8,46,179
07/25/2002,HUF,IN,AGL,CE,Towers with Radar,0,2,35,4,41,0,0,81,36,117,0,2,116,40,158,90,14,104,262
07/26/2002,HUF,IN,AGL,CE,Towers with Radar,0,0,16,10,26,0,0,36,8,44,0,0,52,18,70,40,8,48,118
07/27/2002,HUF,IN,AGL,CE,Towers with Radar,2,0,15,10,27,0,0,24,9,33,2,0,39,19,60,56,10,66,126
07/28/2002,HUF,IN,AGL,CE,Towers with Radar,12,0,18,17,47,0,0,39,14,53,12,0,57,31,100,28,2,30,130
07/29/2002,HUF,IN,AGL,CE,Towers with Radar,0,2,56,0,58,0,0,35,0,35,0,2,91,0,93,50,0,50,143
07/30/2002,HUF,IN,AGL,CE,Towers with Radar,0,2,19,15,36,0,0,73,29,102,0,2,92,44,138,96,16,112,250
07/31/2002,HUF,IN,AGL,CE,Towers with Radar,0,2,31,12,45,0,0,74,7,81,0,2,105,19,126,102,6,108,234
08/01/2002,HUF,IN,AGL,CE,Towers with Radar,2,2,34,12,50,0,0,52,24,76,2,2,86,36,126,114,14,128,254
08/02/2002,HUF,IN,AGL,CE,Towers with Radar,0,0,16,11,27,0,0,27,11,38,0,0,43,22,65,44,14,58,123
08/03/2002,HUF,IN,AGL,CE,Towers with Radar,2,0,24,2,28,0,0,36,0,36,2,0,60,2,64,22,0,22,86
08/04/2002,HUF,IN,AGL,CE,Towers with Radar,0,0,9,8,17,0,0,8,2,10,0,0,17,10,27,52,6,58,85
08/05/2002,HUF,IN,AGL,CE,Towers with Radar,0,2,26,20,48,0,0,26,6,32,0,2,52,26,80,48,12,60,140
08/06/2002,HUF,IN,AGL,CE,Towers with Radar,0,2,43,34,79,0,0,77,7,84,0,2,120,41,163,138,36,174,337
08/07/2002,HUF,IN,AGL,CE,Towers with Radar,2,5,41,10,58,0,0,76,11,87,2,5,117,21,145,158,14,172,317
08/08/2002,HUF,IN,AGL,CE,Towers with Radar,0,10,30,17,57,0,1,95,11,107,0,11,125,28,164,236,28,264,428
08/09/2002,HUF,IN,AGL,CE,Towers with Radar,0,4,28,19,51,0,0,87,11,98,0,4,115,30,149,78,14,92,241
08/10/2002,HUF,IN,AGL,CE,Towers with Radar,0,0,42,0,42,0,2,33,0,35,0,2,75,0,77,44,0,44,121
08/11/2002,HUF,IN,AGL,CE,Towers with Radar,0,1,12,2,15,0,0,11,0,11,0,1,23,2,26,14,0,14,40
08/12/2002,HUF,IN,AGL,CE,Towers with Radar,0,2,29,0,31,0,0,41,0,41,0,2,70,0,72,112,0,112,184
08/13/2002,HUF,IN,AGL,CE,Towers with Radar,0,3,34,12,49,0,0,20,14,34,0,3,54,26,83,32,6,38,121
08/14/2002,HUF,IN,AGL,CE,Towers with Radar,2,7,44,17,70,0,0,27,0,27,2,7,71,17,97,86,2,88,185
08/15/2002,HUF,IN,AGL,CE,Towers with Radar,2,6,29,37,74,0,0,25,1,26,2,6,54,38,100,94,16,110,210
08/16/2002,HUF,IN,AGL,CE,Towers with Radar,0,3,34,16,53,0,4,29,12,45,0,7,63,28,98,34,2,36,134
08/17/2002,HUF,IN,AGL,CE,Towers with Radar,0,0,12,0,12,0,0,12,0,12,0,0,24,0,24,40,0,40,64
08/18/2002,HUF,IN,AGL,CE,Towers with Radar,0,0,16,0,16,0,0,29,2,31,0,0,45,2,47,18,0,18,65
08/19/2002,HUF,IN,AGL,CE,Towers with Radar,0,8,15,9,32,0,0,7,4,11,0,8,22,13,43,58,0,58,101
08/20/2002,HUF,IN,AGL,CE,Towers with Radar,0,2,40,18,60,0,0,53,8,61,0,2,93,26,121,156,2,158,279
08/21/2002,HUF,IN,AGL,CE,Towers with Radar,0,2,34,21,57,0,0,51,1,52,0,2,85,22,109,144,22,166,275
08/22/2002,HUF,IN,AGL,CE,Towers with Radar,2,2,22,8,34,0,0,32,13,45,2,2,54,21,79,68,14,82,161
08/23/2002,HUF,IN,AGL,CE,Towers with Radar,0,2,26,11,39,0,0,28,0,28,0,2,54,11,67,64,0,64,131
08/24/2002,HUF,IN,AGL,CE,Towers with Radar,0,0,29,13,42,0,0,55,34,89,0,0,84,47,131,116,14,130,261
08/25/2002,HUF,IN,AGL,CE,Towers with Radar,0,0,28,10,38,0,0,104,11,115,0,0,132,21,153,82,20,102,255
08/26/2002,HUF,IN,AGL,CE,Towers with Radar,2,2,35,12,51,0,0,72,19,91,2,2,107,31,142,208,8,216,358
08/27/2002,HUF,IN,AGL,CE,Towers with Radar,0,2,43,14,59,0,0,69,17,86,0,2,112,31,145,156,48,204,349
08/28/2002,HUF,IN,AGL,CE,Towers with Radar,2,4,17,15,38,0,0,61,9,70,2,4,78,24,108,112,6,118,226
08/29/2002,HUF,IN,AGL,CE,Towers with Radar,0,2,25,10,37,0,0,172,14,186,0,2,197,24,223,84,22,106,329
08/30/2002,HUF,IN,AGL,CE,Towers with Radar,0,2,23,0,25,0,0,81,0,81,0,2,104,0,106,94,0,94,200
08/31/2002,HUF,IN,AGL,CE,Towers with Radar,0,0,24,0,24,0,0,53,0,53,0,0,77,0,77,66,0,66,143
09/01/2002,HUF,IN,AGL,CE,Towers with Radar,0,0,19,0,19,0,0,59,0,59,0,0,78,0,78,50,0,50,128
09/02/2002,HUF,IN,AGL,CE,Towers with Radar,0,1,31,0,32,0,1,42,0,43,0,2,73,0,75,80,0,80,155
09/03/2002,HUF,IN,AGL,CE,Towers with Radar,0,2,28,10,40,0,0,84,22,106,0,2,112,32,146,164,28,192,338
09/04/2002,HUF,IN,AGL,CE,Towers with Radar,0,6,32,22,60,0,0,165,8,173,0,6,197,30,233,292,66,358,591
09/05/2002,HUF,IN,AGL,CE,Towers with Radar,2,4,18,11,35,0,0,86,18,104,2,4,104,29,139,226,16,242,381
09/06/2002,HUF,IN,AGL,CE,Towers with Radar,0,4,28,29,61,0,0,151,4,155,0,4,179,33,216,232,24,256,472
09/07/2002,HUF,IN,AGL,CE,Towers with Radar,0,0,21,16,37,0,0,118,0,118,0,0,139,16,155,142,8,150,305
09/08/2002,HUF,IN,AGL,CE,Towers with Radar,2,2,22,0,26,0,0,74,3,77,2,2,96,3,103,90,0,90,193
09/09/2002,HUF,IN,AGL,CE,Towers with Radar,0,4,52,11,67,0,0,132,23,155,0,4,184,34,222,246,30,276,498
09/10/2002,HUF,IN,AGL,CE,Towers with Radar,0,2,46,17,65,2,2,83,20,107,2,4,129,37,172,216,38,254,426
09/11/2002,HUF,IN,AGL,CE,Towers with Radar,0,2,45,13,60,2,0,163,4,169,2,2,208,17,229,258,64,322,551
09/12/2002,HUF,IN,AGL,CE,Towers with Radar,0,2,49,14,65,0,0,123,11,134,0,2,172,25,199,194,8,202,401
09/13/2002,HUF,IN,AGL,CE,Towers with Radar,0,2,38,16,56,0,0,152,21,173,0,2,190,37,229,172,50,222,451
09/14/2002,HUF,IN,AGL,CE,Towers with Radar,0,2,47,18,67,0,0,27,7,34,0,2,74,25,101,78,12,90,191
09/15/2002,HUF,IN,AGL,CE,Towers with Radar,0,0,19,21,40,0,0,28,15,43,0,0,47,36,83,36,2,38,121
09/16/2002,HUF,IN,AGL,CE,Towers with Radar,0,3,85,1,89,0,1,109,8,118,0,4,194,9,207,312,0,312,519
09/17/2002,HUF,IN,AGL,CE,Towers with Radar,0,2,52,15,69,0,0,125,3,128,0,2,177,18,197,242,28,270,467
09/18/2002,HUF,IN,AGL,CE,Towers with Radar,2,5,78,20,105,0,0,78,7,85,2,5,156,27,190,250,10,260,450
09/19/2002,HUF,IN,AGL,CE,Towers with Radar,0,3,25,21,49,0,0,28,0,28,0,3,53,21,77,98,24,122,199
09/20/2002,HUF,IN,AGL,CE,Towers with Radar,0,2,33,0,35,0,0,9,0,9,0,2,42,0,44,0,0,0,44
09/21/2002,HUF,IN,AGL,CE,Towers with Radar,0,2,29,0,31,0,0,97,0,97,0,2,126,0,128,132,0,132,260
09/22/2002,HUF,IN,AGL,CE,Towers with Radar,0,0,36,2,38,0,0,78,0,78,0,0,114,2,116,100,2,102,218
09/23/2002,HUF,IN,AGL,CE,Towers with Radar,0,6,66,0,72,0,0,151,0,151,0,6,217,0,223,222,0,222,445
09/24/2002,HUF,IN,AGL,CE,Towers with Radar,0,4,65,14,83,0,0,130,12,142,0,4,195,26,225,288,20,308,533
09/25/2002,HUF,IN,AGL,CE,Towers with Radar,2,2,72,25,101,0,0,162,0,162,2,2,234,25,263,250,8,258,521
09/26/2002,HUF,IN,AGL,CE,Towers with Radar,0,2,75,36,113,0,0,97,21,118,0,2,172,57,231,302,32,334,565
09/27/2002,HUF,IN,AGL,CE,Towers with Radar,0,4,69,24,97,0,0,62,6,68,0,4,131,30,165,146,6,152,317
09/28/2002,HUF,IN,AGL,CE,Towers with Radar,2,0,17,7,26,0,0,38,0,38,2,0,55,7,64,64,0,64,128
09/29/2002,HUF,IN,AGL,CE,Towers with Radar,0,0,31,0,31,5,1,71,3,80,5,1,102,3,111,140,0,140,251
09/30/2002,HUF,IN,AGL,CE,Towers with Radar,0,4,78,9,91,0,1,142,15,158,0,5,220,24,249,252,24,276,525
10/01/2002,HUF,IN,AGL,CE,Towers with Radar,0,2,97,21,120,0,0,100,10,110,0,2,197,31,230,172,12,184,414
10/02/2002,HUF,IN,AGL,CE,Towers with Radar,0,2,60,22,84,0,0,61,13,74,0,2,121,35,158,210,10,220,378
10/03/2002,HUF,IN,AGL,CE,Towers with Radar,2,2,73,12,89,0,0,94,18,112,2,2,167,30,201,100,8,108,309
10/04/2002,HUF,IN,AGL,CE,Towers with Radar,0,0,59,24,83,0,0,115,4,119,0,0,174,28,202,156,16,172,374
10/05/2002,HUF,IN,AGL,CE,Towers with Radar,0,0,27,10,37,0,0,108,41,149,0,0,135,51,186,112,12,124,310
10/06/2002,HUF,IN,AGL,CE,Towers with Radar,0,0,12,12,24,0,0,35,14,49,0,0,47,26,73,40,28,68,141
10/07/2002,HUF,IN,AGL,CE,Towers with Radar,0,2,78,2,82,0,0,168,0,168,0,2,246,2,250,352,4,356,606
10/08/2002,HUF,IN,AGL,CE,Towers with Radar,0,2,72,15,89,0,0,121,0,121,0,2,193,15,210,268,4,272,482
10/09/2002,HUF,IN,AGL,CE,Towers with Radar,2,2,102,16,122,0,0,155,7,162,2,2,257,23,284,256,16,272,556
10/10/2002,HUF,IN,AGL,CE,Towers with Radar,0,4,105,19,128,0,0,199,6,205,0,4,304,25,333,324,8,332,665
10/11/2002,HUF,IN,AGL,CE,Towers with Radar,0,4,120,6,130,0,0,94,0,94,0,4,214,6,224,318,2,320,544
10/12/2002,HUF,IN,AGL,CE,Towers with Radar,0,0,22,0,22,0,0,33,0,33,0,0,55,0,55,62,0,62,117
10/13/2002,HUF,IN,AGL,CE,Towers with Radar,0,0,12,4,16,0,0,49,0,49,0,0,61,4,65,30,4,34,99
10/14/2002,HUF,IN,AGL,CE,Towers with Radar,0,2,90,0,92,0,0,179,0,179,0,2,269,0,271,440,0,440,711
10/15/2002,HUF,IN,AGL,CE,Towers with Radar,0,2,84,21,107,0,0,157,14,171,0,2,241,35,278,344,16,360,638
10/16/2002,HUF,IN,AGL,CE,Towers with Radar,0,3,115,20,138,0,0,172,11,183,0,3,287,31,321,364,20,384,705
10/17/2002,HUF,IN,AGL,CE,Towers with Radar,2,8,60,14,84,0,0,115,12,127,2,8,175,26,211,208,18,226,437
10/18/2002,HUF,IN,AGL,CE,Towers with Radar,0,2,26,15,43,0,0,33,15,48,0,2,59,30,91,74,62,136,227
10/19/2002,HUF,IN,AGL,CE,Towers with Radar,0,2,28,0,30,0,0,136,0,136,0,2,164,0,166,64,0,64,230
10/20/2002,HUF,IN,AGL,CE,Towers with Radar,1,1,32,8,42,1,1,100,0,102,2,2,132,8,144,164,8,172,316
10/21/2002,HUF,IN,AGL,CE,Towers with Radar,2,2,82,0,86,0,2,158,0,160,2,4,240,0,246,384,2,386,632
10/22/2002,HUF,IN,AGL,CE,Towers with Radar,0,14,58,22,94,0,0,168,2,170,0,14,226,24,264,272,40,312,576
10/23/2002,HUF,IN,AGL,CE,Towers with Radar,2,2,66,14,84,0,0,121,20,141,2,2,187,34,225,348,12,360,585
10/24/2002,HUF,IN,AGL,CE,Towers with Radar,0,2,64,18,84,0,0,76,11,87,0,2,140,29,171,186,8,194,365
10/25/2002,HUF,IN,AGL,CE,Towers with Radar,0,6,39,0,45,0,0,0,4,4,0,6,39,4,49,2,0,2,51
10/26/2002,HUF,IN,AGL,CE,Towers with Radar,0,4,48,6,58,0,0,0,0,0,0,4,48,6,58,60,4,64,122
10/27/2002,HUF,IN,AGL,CE,Towers with Radar,0,0,19,7,26,0,0,65,0,65,0,0,84,7,91,134,14,148,239
10/28/2002,HUF,IN,AGL,CE,Towers with Radar,2,4,113,43,162,0,0,173,11,184,2,4,286,54,346,330,24,354,700
10/29/2002,HUF,IN,AGL,CE,Towers with Radar,0,2,36,27,65,0,0,2,0,2,0,2,38,27,67,0,0,0,67
10/30/2002,HUF,IN,AGL,CE,Towers with Radar,0,2,140,44,186,0,0,83,0,83,0,2,223,44,269,280,12,292,561
10/31/2002,HUF,IN,AGL,CE,Towers with Radar,0,6,91,26,123,0,0,58,2,60,0,6,149,28,183,134,26,160,343
11/01/2002,HUF,IN,AGL,CE,Towers with Radar,2,0,94,12,108,0,0,140,12,152,2,0,234,24,260,152,20,172,432
11/02/2002,HUF,IN,AGL,CE,Towers with Radar,0,1,8,9,18,0,1,56,15,72,0,2,64,24,90,52,38,90,180
11/03/2002,HUF,IN,AGL,CE,Towers with Radar,2,0,18,22,42,0,0,18,0,18,2,0,36,22,60,4,0,4,64
11/04/2002,HUF,IN,AGL,CE,Towers with Radar,0,2,157,6,165,0,0,90,2,92,0,2,247,8,257,236,0,236,493
11/05/2002,HUF,IN,AGL,CE,Towers with Radar,0,8,50,2,60,0,0,5,0,5,0,8,55,2,65,0,0,0,65
11/06/2002,HUF,IN,AGL,CE,Towers with Radar,0,7,153,28,188,0,0,50,8,58,0,7,203,36,246,294,8,302,548
11/07/2002,HUF,IN,AGL,CE,Towers with Radar,2,2,73,27,104,0,0,86,29,115,2,2,159,56,219,208,30,238,457
11/08/2002,HUF,IN,AGL,CE,Towers with Radar,0,2,65,18,85,0,0,56,25,81,0,2,121,43,166,102,58,160,326
11/09/2002,HUF,IN,AGL,CE,Towers with Radar,0,4,6,0,10,0,0,14,0,14,0,4,20,0,24,30,0,30,54
11/10/2002,HUF,IN,AGL,CE,Towers with Radar,2,0,6,0,8,0,0,11,0,11,2,0,17,0,19,0,0,0,19
11/11/2002,HUF,IN,AGL,CE,Towers with Radar,0,2,170,4,176,0,0,187,2,189,0,2,357,6,365,368,4,372,737
11/12/2002,HUF,IN,AGL,CE,Towers with Radar,0,2,92,28,122,0,0,77,0,77,0,2,169,28,199,350,14,364,563
11/13/2002,HUF,IN,AGL,CE,Towers with Radar,2,2,103,30,137,0,0,174,18,192,2,2,277,48,329,352,10,362,691
11/14/2002,HUF,IN,AGL,CE,Towers with Radar,0,2,84,8,94,0,0,108,13,121,0,2,192,21,215,138,8,146,361
11/15/2002,HUF,IN,AGL,CE,Towers with Radar,2,0,77,2,81,0,0,6,11,17,2,0,83,13,98,6,2,8,106
11/16/2002,HUF,IN,AGL,CE,Towers with Radar,0,0,13,0,13,0,0,48,2,50,0,0,61,2,63,74,0,74,137
11/17/2002,HUF,IN,AGL,CE,Towers with Radar,0,0,3,0,3,0,0,60,0,60,0,0,63,0,63,58,0,58,121
11/18/2002,HUF,IN,AGL,CE,Towers with Radar,0,6,86,45,137,0,0,157,0,157,0,6,243,45,294,272,16,288,582
11/19/2002,HUF,IN,AGL,CE,Towers with Radar,0,11,72,11,94,0,0,118,5,123,0,11,190,16,217,354,28,382,599
11/20/2002,HUF,IN,AGL,CE,Towers with Radar,0,2,82,13,97,0,0,205,9,214,0,2,287,22,311,244,6,250,561
11/21/2002,HUF,IN,AGL,CE,Towers with Radar,0,5,44,7,56,0,0,28,5,33,0,5,72,12,89,74,0,74,163
11/22/2002,HUF,IN,AGL,CE,Towers with Radar,4,4,57,17,82,0,0,112,20,132,4,4,169,37,214,264,6,270,484
11/23/2002,HUF,IN,AGL,CE,Towers with Radar,0,1,43,6,50,0,1,91,0,92,0,2,134,6,142,172,0,172,314
11/24/2002,HUF,IN,AGL,CE,Towers with Radar,0,0,20,0,20,0,0,72,0,72,0,0,92,0,92,190,0,190,282
11/25/2002,HUF,IN,AGL,CE,Towers with Radar,0,6,72,11,89,0,0,101,18,119,0,6,173,29,208,230,16,246,454
11/26/2002,HUF,IN,AGL,CE,Towers with Radar,0,2,58,12,72,0,2,10,7,19,0,4,68,19,91,92,24,116,207
11/27/2002,HUF,IN,AGL,CE,Towers with Radar,0,2,22,14,38,0,0,49,10,59,0,2,71,24,97,124,10,134,231
11/28/2002,HUF,IN,AGL,CE,Towers with Radar,0,0,6,0,6,0,0,8,0,8,0,0,14,0,14,0,0,0,14
11/29/2002,HUF,IN,AGL,CE,Towers with Radar,0,0,25,0,25,0,0,0,0,0,0,0,25,0,25,20,0,20,45
11/30/2002,HUF,IN,AGL,CE,Towers with Radar,0,0,6,0,6,0,0,8,0,8,0,0,14,0,14,0,0,0,14
12/01/2002,HUF,IN,AGL,CE,Towers with Radar,0,0,37,3,40,0,0,51,0,51,0,0,88,3,91,28,0,28,119
12/02/2002,HUF,IN,AGL,CE,Towers with Radar,0,1,72,12,85,0,1,132,5,138,0,2,204,17,223,318,28,346,569
12/03/2002,HUF,IN,AGL,CE,Towers with Radar,0,4,62,17,83,0,0,85,0,85,0,4,147,17,168,298,24,322,490
12/04/2002,HUF,IN,AGL,CE,Towers with Radar,2,4,74,11,91,0,0,92,5,97,2,4,166,16,188,258,4,262,450
12/05/2002,HUF,IN,AGL,CE,Towers with Radar,0,4,25,33,62,0,0,58,15,73,0,4,83,48,135,68,18,86,221
12/06/2002,HUF,IN,AGL,CE,Towers with Radar,0,0,39,23,62,0,0,58,21,79,0,0,97,44,141,210,32,242,383
12/07/2002,HUF,IN,AGL,CE,Towers with Radar,0,0,44,11,55,0,0,49,4,53,0,0,93,15,108,114,6,120,228
12/08/2002,HUF,IN,AGL,CE,Towers with Radar,0,0,30,0,30,0,0,68,0,68,0,0,98,0,98,42,0,42,140
12/09/2002,HUF,IN,AGL,CE,Towers with Radar,0,7,43,0,50,0,0,90,0,90,0,7,133,0,140,194,0,194,334
12/10/2002,HUF,IN,AGL,CE,Towers with Radar,0,4,36,20,60,0,0,90,7,97,0,4,126,27,157,216,2,218,375
12/11/2002,HUF,IN,AGL,CE,Towers with Radar,2,4,50,16,72,0,0,17,0,17,2,4,67,16,89,78,2,80,169
12/12/2002,HUF,IN,AGL,CE,Towers with Radar,2,2,19,0,23,0,0,0,0,0,2,2,19,0,23,0,0,0,23
12/13/2002,HUF,IN,AGL,CE,Towers with Radar,0,0,4,0,4,0,0,0,0,0,0,0,4,0,4,0,0,0,4
12/14/2002,HUF,IN,AGL,CE,Towers with Radar,0,7,42,1,50,0,0,12,1,13,0,7,54,2,63,38,0,38,101
12/15/2002,HUF,IN,AGL,CE,Towers with Radar,0,4,17,0,21,0,0,78,0,78,0,4,95,0,99,114,0,114,213
12/16/2002,HUF,IN,AGL,CE,Towers with Radar,0,2,42,12,56,0,0,83,5,88,0,2,125,17,144,238,42,280,424
12/17/2002,HUF,IN,AGL,CE,Towers with Radar,0,6,11,3,20,0,0,2,1,3,0,6,13,4,23,0,0,0,23
12/18/2002,HUF,IN,AGL,CE,Towers with Radar,2,2,13,10,27,0,0,1,2,3,2,2,14,12,30,0,0,0,30
12/19/2002,HUF,IN,AGL,CE,Towers with Radar,0,6,11,15,32,0,0,1,1,2,0,6,12,16,34,8,0,8,42
12/20/2002,HUF,IN,AGL,CE,Towers with Radar,1,4,25,11,41,0,0,37,3,40,1,4,62,14,81,50,14,64,145
12/21/2002,HUF,IN,AGL,CE,Towers with Radar,1,6,37,0,44,0,0,43,0,43,1,6,80,0,87,40,0,40,127
12/22/2002,HUF,IN,AGL,CE,Towers with Radar,0,0,14,0,14,0,0,3,0,3,0,0,17,0,17,32,0,32,49
12/23/2002,HUF,IN,AGL,CE,Towers with Radar,0,2,21,4,27,0,0,28,0,28,0,2,49,4,55,42,0,42,97
12/24/2002,HUF,IN,AGL,CE,Towers with Radar,4,2,0,4,10,0,0,0,0,0,4,2,0,4,10,0,6,6,16
12/25/2002,HUF,IN,AGL,CE,Towers with Radar,0,0,0,0,0,0,0,0,0,0,0,0,0,0,0,0,0,0,0
12/26/2002,HUF,IN,AGL,CE,Towers with Radar,0,2,0,0,2,2,5,0,0,7,2,7,0,0,9,0,0,0,9
12/27/2002,HUF,IN,AGL,CE,Towers with Radar,0,0,15,6,21,0,0,14,4,18,0,0,29,10,39,48,4,52,91
12/28/2002,HUF,IN,AGL,CE,Towers with Radar,0,0,19,0,19,0,0,28,0,28,0,0,47,0,47,144,0,144,191
12/29/2002,HUF,IN,AGL,CE,Towers with Radar,0,0,15,0,15,0,0,46,0,46,0,0,61,0,61,40,0,40,101
12/30/2002,HUF,IN,AGL,CE,Towers with Radar,0,4,16,0,20,0,0,0,0,0,0,4,16,0,20,0,0,0,20
12/31/2002,HUF,IN,AGL,CE,Towers with Radar,0,2,0,0,2,0,0,2,0,2,0,2,2,0,4,0,0,0,4
01/01/2003,HUF,IN,AGL,CE,Towers with Radar,0,0,2,0,2,0,0,14,0,14,0,0,16,0,16,62,0,62,78
01/02/2003,HUF,IN,AGL,CE,Towers with Radar,0,0,0,0,0,0,2,0,0,2,0,2,0,0,2,0,0,0,2
01/03/2003,HUF,IN,AGL,CE,Towers with Radar,0,0,18,13,31,0,0,15,0,15,0,0,33,13,46,47,7,54,100
01/04/2003,HUF,IN,AGL,CE,Towers with Radar,0,1,11,2,14,0,0,38,0,38,0,1,49,2,52,62,0,62,114
01/05/2003,HUF,IN,AGL,CE,Towers with Radar,0,0,1,4,5,0,0,1,0,1,0,0,2,4,6,0,0,0,6
01/06/2003,HUF,IN,AGL,CE,Towers with Radar,0,3,8,16,27,0,0,11,2,13,0,3,19,18,40,14,10,24,64
01/07/2003,HUF,IN,AGL,CE,Towers with Radar,0,2,28,18,48,0,0,36,6,42,0,2,64,24,90,80,10,90,180
01/08/2003,HUF,IN,AGL,CE,Towers with Radar,2,6,23,15,46,0,0,40,7,47,2,6,63,22,93,42,10,52,145
01/09/2003,HUF,IN,AGL,CE,Towers with Radar,0,2,32,9,43,2,0,33,9,44,2,2,65,18,87,114,4,118,205
01/10/2003,HUF,IN,AGL,CE,Towers with Radar,0,17,14,18,49,0,0,25,10,35,0,17,39,28,84,48,2,50,134
01/11/2003,HUF,IN,AGL,CE,Towers with Radar,0,0,14,13,27,0,0,51,3,54,0,0,65,16,81,34,8,42,123
01/12/2003,HUF,IN,AGL,CE,Towers with Radar,0,2,10,13,25,0,0,58,7,65,0,2,68,20,90,96,10,106,196
01/13/2003,HUF,IN,AGL,CE,Towers with Radar,0,4,33,6,43,0,0,77,0,77,0,4,110,6,120,100,0,100,220
01/14/2003,HUF,IN,AGL,CE,Towers with Radar,0,6,30,21,57,0,1,38,5,44,0,7,68,26,101,124,0,124,225
01/15/2003,HUF,IN,AGL,CE,Towers with Radar,2,10,97,19,128,0,0,111,5,116,2,10,208,24,244,92,36,128,372
01/16/2003,HUF,IN,AGL,CE,Towers with Radar,0,6,15,0,21,0,0,1,0,1,0,6,16,0,22,0,0,0,22
01/17/2003,HUF,IN,AGL,CE,Towers with Radar,0,0,80,0,80,0,0,79,2,81,0,0,159,2,161,46,0,46,207
01/18/2003,HUF,IN,AGL,CE,Towers with Radar,0,0,21,4,25,0,0,30,0,30,0,0,51,4,55,0,0,0,55
01/19/2003,HUF,IN,AGL,CE,Towers with Radar,0,2,10,0,12,0,0,30,0,30,0,2,40,0,42,40,0,40,82
01/20/2003,HUF,IN,AGL,CE,Towers with Radar,0,0,38,2,40,0,0,86,0,86,0,0,124,2,126,92,0,92,218
01/21/2003,HUF,IN,AGL,CE,Towers with Radar,0,4,72,22,98,0,0,91,5,96,0,4,163,27,194,200,8,208,402
01/22/2003,HUF,IN,AGL,CE,Towers with Radar,2,8,91,14,115,0,0,82,4,86,2,8,173,18,201,44,0,44,245
01/23/2003,HUF,IN,AGL,CE,Towers with Radar,0,5,28,10,43,0,0,40,4,44,0,5,68,14,87,66,4,70,157
01/24/2003,HUF,IN,AGL,CE,Towers with Radar,0,15,65,18,98,0,1,69,4,74,0,16,134,22,172,82,10,92,264
01/25/2003,HUF,IN,AGL,CE,Towers with Radar,0,0,43,0,43,0,0,103,0,103,0,0,146,0,146,78,0,78,224
01/26/2003,HUF,IN,AGL,CE,Towers with Radar,0,0,0,1,1,0,0,6,0,6,0,0,6,1,7,12,0,12,19
01/27/2003,HUF,IN,AGL,CE,Towers with Radar,0,0,61,8,69,0,0,91,3,94,0,0,152,11,163,58,6,64,227
01/28/2003,HUF,IN,AGL,CE,Towers with Radar,0,3,92,8,103,0,0,54,2,56,0,3,146,10,159,248,0,248,407
01/29/2003,HUF,IN,AGL,CE,Towers with Radar,0,6,14,9,29,0,0,3,0,3,0,6,17,9,32,52,0,52,84
01/30/2003,HUF,IN,AGL,CE,Towers with Radar,4,4,103,10,121,0,0,54,0,54,4,4,157,10,175,90,4,94,269
01/31/2003,HUF,IN,AGL,CE,Towers with Radar,0,2,6,0,8,0,0,2,0,2,0,2,8,0,10,12,0,12,22
02/01/2003,HUF,IN,AGL,CE,Towers with Radar,0,0,2,9,11,0,0,0,1,1,0,0,2,10,12,0,0,0,12
02/02/2003,HUF,IN,AGL,CE,Towers with Radar,0,7,37,22,66,0,1,74,0,75,0,8,111,22,141,140,0,140,281
02/03/2003,HUF,IN,AGL,CE,Towers with Radar,0,3,93,0,96,0,0,0,0,0,0,3,93,0,96,0,0,0,96
02/04/2003,HUF,IN,AGL,CE,Towers with Radar,0,17,30,10,57,0,2,25,2,29,0,19,55,12,86,26,2,28,114
02/05/2003,HUF,IN,AGL,CE,Towers with Radar,0,2,82,11,95,2,0,138,6,146,2,2,220,17,241,148,10,158,399
02/06/2003,HUF,IN,AGL,CE,Towers with Radar,0,2,5,2,9,0,0,0,0,0,0,2,5,2,9,0,0,0,9
02/07/2003,HUF,IN,AGL,CE,Towers with Radar,0,0,106,18,124,0,0,27,0,27,0,0,133,18,151,12,0,12,163
02/08/2003,HUF,IN,AGL,CE,Towers with Radar,0,1,34,0,35,0,0,87,0,87,0,1,121,0,122,100,0,100,222
02/09/2003,HUF,IN,AGL,CE,Towers with Radar,0,0,40,0,40,0,0,71,0,71,0,0,111,0,111,168,0,168,279
02/10/2003,HUF,IN,AGL,CE,Towers with Radar,0,2,35,12,49,0,0,13,0,13,0,2,48,12,62,36,0,36,98
02/11/2003,HUF,IN,AGL,CE,Towers with Radar,0,6,57,13,76,0,0,60,0,60,0,6,117,13,136,134,2,136,272
02/12/2003,HUF,IN,AGL,CE,Towers with Radar,0,5,91,21,117,0,0,126,0,126,0,5,217,21,243,192,8,200,443
02/13/2003,HUF,IN,AGL,CE,Towers with Radar,0,1,90,12,103,0,0,87,0,87,0,1,177,12,190,134,18,152,342
02/14/2003,HUF,IN,AGL,CE,Towers with Radar,0,0,12,0,12,0,0,4,0,4,0,0,16,0,16,20,0,20,36
02/15/2003,HUF,IN,AGL,CE,Towers with Radar,0,0,3,0,3,0,0,0,0,0,0,0,3,0,3,0,0,0,3
02/16/2003,HUF,IN,AGL,CE,Towers with Radar,0,2,1,0,3,0,0,0,0,0,0,2,1,0,3,0,0,0,3
02/17/2003,HUF,IN,AGL,CE,Towers with Radar,0,0,69,0,69,0,0,71,0,71,0,0,140,0,140,56,0,56,196
02/18/2003,HUF,IN,AGL,CE,Towers with Radar,0,4,47,10,61,0,0,21,0,21,0,4,68,10,82,96,0,96,178
02/19/2003,HUF,IN,AGL,CE,Towers with Radar,2,2,48,6,58,0,0,26,0,26,2,2,74,6,84,88,0,88,172
02/20/2003,HUF,IN,AGL,CE,Towers with Radar,0,6,66,7,79,0,5,122,5,132,0,11,188,12,211,322,12,334,545
02/21/2003,HUF,IN,AGL,CE,Towers with Radar,0,0,110,5,115,0,0,0,0,0,0,0,110,5,115,0,0,0,115
02/22/2003,HUF,IN,AGL,CE,Towers with Radar,0,0,2,0,2,0,0,0,0,0,0,0,2,0,2,0,0,0,2
02/23/2003,HUF,IN,AGL,CE,Towers with Radar,0,0,11,0,11,0,0,19,0,19,0,0,30,0,30,26,0,26,56
02/24/2003,HUF,IN,AGL,CE,Towers with Radar,0,4,114,8,126,0,0,5,0,5,0,4,119,8,131,18,0,18,149
02/25/2003,HUF,IN,AGL,CE,Towers with Radar,0,2,77,11,90,0,0,101,5,106,0,2,178,16,196,108,8,116,312
02/26/2003,HUF,IN,AGL,CE,Towers with Radar,2,1,116,10,129,0,1,106,9,116,2,2,222,19,245,164,0,164,409
02/27/2003,HUF,IN,AGL,CE,Towers with Radar,0,2,84,7,93,0,0,75,6,81,0,2,159,13,174,262,4,266,440
02/28/2003,HUF,IN,AGL,CE,Towers with Radar,0,0,82,8,90,0,0,69,7,76,0,0,151,15,166,356,6,362,528
03/01/2003,HUF,IN,AGL,CE,Towers with Radar,0,0,5,2,7,0,0,1,0,1,0,0,6,2,8,8,0,8,16
03/02/2003,HUF,IN,AGL,CE,Towers with Radar,0,3,19,21,43,0,1,5,0,6,0,4,24,21,49,0,0,0,49
03/03/2003,HUF,IN,AGL,CE,Towers with Radar,0,1,73,1,75,0,1,148,0,149,0,2,221,1,224,254,0,254,478
03/04/2003,HUF,IN,AGL,CE,Towers with Radar,0,1,50,14,65,0,1,70,8,79,0,2,120,22,144,236,2,238,382
03/05/2003,HUF,IN,AGL,CE,Towers with Radar,2,2,2,10,16,0,1,2,0,3,2,3,4,10,19,0,0,0,19
03/06/2003,HUF,IN,AGL,CE,Towers with Radar,0,5,62,6,73,0,0,111,0,111,0,5,173,6,184,114,0,114,298
03/07/2003,HUF,IN,AGL,CE,Towers with Radar,0,6,94,13,113,0,0,63,9,72,0,6,157,22,185,204,22,226,411
03/08/2003,HUF,IN,AGL,CE,Towers with Radar,0,0,25,0,25,0,0,51,0,51,0,0,76,0,76,66,0,66,142
03/09/2003,HUF,IN,AGL,CE,Towers with Radar,0,0,24,2,26,0,0,41,0,41,0,0,65,2,67,74,0,74,141
03/10/2003,HUF,IN,AGL,CE,Towers with Radar,0,2,77,8,87,0,0,162,3,165,0,2,239,11,252,246,10,256,508
03/11/2003,HUF,IN,AGL,CE,Towers with Radar,0,4,42,23,69,0,0,90,0,90,0,4,132,23,159,246,0,246,405
03/12/2003,HUF,IN,AGL,CE,Towers with Radar,2,4,114,12,132,0,0,60,1,61,2,4,174,13,193,134,2,136,329
03/13/2003,HUF,IN,AGL,CE,Towers with Radar,0,2,89,16,107,0,0,9,1,10,0,2,98,17,117,62,0,62,179
03/14/2003,HUF,IN,AGL,CE,Towers with Radar,0,0,55,24,79,0,0,128,12,140,0,0,183,36,219,158,4,162,381
03/15/2003,HUF,IN,AGL,CE,Towers with Radar,0,0,28,35,63,0,0,29,0,29,0,0,57,35,92,13,20,33,125
03/16/2003,HUF,IN,AGL,CE,Towers with Radar,0,2,20,0,22,0,1,34,0,35,0,3,54,0,57,16,0,16,73
03/17/2003,HUF,IN,AGL,CE,Towers with Radar,0,2,29,10,41,0,0,48,1,49,0,2,77,11,90,60,0,60,150
03/18/2003,HUF,IN,AGL,CE,Towers with Radar,0,2,30,4,36,0,0,22,4,26,0,2,52,8,62,64,0,64,126
03/19/2003,HUF,IN,AGL,CE,Towers with Radar,0,2,21,6,29,0,0,5,0,5,0,2,26,6,34,0,0,0,34
03/20/2003,HUF,IN,AGL,CE,Towers with Radar,0,2,21,5,28,0,0,19,9,28,0,2,40,14,56,14,24,38,94
03/21/2003,HUF,IN,AGL,CE,Towers with Radar,0,0,11,40,51,0,0,27,0,27,0,0,38,40,78,38,40,78,156
03/22/2003,HUF,IN,AGL,CE,Towers with Radar,0,0,43,11,54,0,0,20,16,36,0,0,63,27,90,58,16,74,164
03/23/2003,HUF,IN,AGL,CE,Towers with Radar,0,0,31,1,32,0,0,44,0,44,0,0,75,1,76,44,0,44,120
03/24/2003,HUF,IN,AGL,CE,Towers with Radar,0,2,55,12,69,0,0,93,5,98,0,2,148,17,167,222,4,226,393
03/25/2003,HUF,IN,AGL,CE,Towers with Radar,0,2,32,2,36,0,0,47,0,47,0,2,79,2,83,70,0,70,153
03/26/2003,HUF,IN,AGL,CE,Towers with Radar,2,8,106,4,120,0,0,191,7,198,2,8,297,11,318,240,6,246,564
03/27/2003,HUF,IN,AGL,CE,Towers with Radar,0,4,80,4,88,0,0,87,17,104,0,4,167,21,192,210,6,216,408
03/28/2003,HUF,IN,AGL,CE,Towers with Radar,0,0,4,2,6,0,0,8,0,8,0,0,12,2,14,0,0,0,14
03/29/2003,HUF,IN,AGL,CE,Towers with Radar,0,0,31,4,35,0,0,16,0,16,0,0,47,4,51,220,0,220,271
03/30/2003,HUF,IN,AGL,CE,Towers with Radar,0,0,32,4,36,0,0,64,3,67,0,0,96,7,103,42,0,42,145
03/31/2003,HUF,IN,AGL,CE,Towers with Radar,0,2,68,0,70,0,0,133,0,133,0,2,201,0,203,204,0,204,407
04/01/2003,HUF,IN,AGL,CE,Towers with Radar,0,1,24,11,36,0,1,40,7,48,0,2,64,18,84,132,18,150,234
04/02/2003,HUF,IN,AGL,CE,Towers with Radar,2,2,48,14,66,0,0,80,5,85,2,2,128,19,151,149,0,149,300
04/03/2003,HUF,IN,AGL,CE,Towers with Radar,0,2,51,18,71,0,0,75,6,81,0,2,126,24,152,200,0,200,352
04/04/2003,HUF,IN,AGL,CE,Towers with Radar,0,0,43,8,51,0,0,14,2,16,0,0,57,10,67,98,0,98,165
04/05/2003,HUF,IN,AGL,CE,Towers with Radar,0,0,41,0,41,0,0,35,0,35,0,0,76,0,76,96,0,96,172
04/06/2003,HUF,IN,AGL,CE,Towers with Radar,0,0,27,6,33,0,0,16,2,18,0,0,43,8,51,158,12,170,221
04/07/2003,HUF,IN,AGL,CE,Towers with Radar,0,4,68,0,72,0,0,12,0,12,0,4,80,0,84,36,0,36,120
04/08/2003,HUF,IN,AGL,CE,Towers with Radar,0,2,106,4,112,0,0,10,0,10,0,2,116,4,122,76,0,76,198
04/09/2003,HUF,IN,AGL,CE,Towers with Radar,2,4,69,17,92,0,0,47,0,47,2,4,116,17,139,200,0,200,339
04/10/2003,HUF,IN,AGL,CE,Towers with Radar,0,5,45,22,72,0,0,107,11,118,0,5,152,33,190,216,14,230,420
04/11/2003,HUF,IN,AGL,CE,Towers with Radar,0,1,68,11,80,0,0,145,14,159,0,1,213,25,239,258,18,276,515
04/12/2003,HUF,IN,AGL,CE,Towers with Radar,0,0,25,9,34,0,0,100,4,104,0,0,125,13,138,164,2,166,304
04/13/2003,HUF,IN,AGL,CE,Towers with Radar,0,0,32,11,43,0,0,96,0,96,0,0,128,11,139,120,14,134,273
04/14/2003,HUF,IN,AGL,CE,Towers with Radar,0,2,70,2,74,0,0,126,0,126,0,2,196,2,200,222,0,222,422
04/15/2003,HUF,IN,AGL,CE,Towers with Radar,0,6,25,13,44,0,0,39,10,49,0,6,64,23,93,230,22,252,345
04/16/2003,HUF,IN,AGL,CE,Towers with Radar,2,2,60,15,79,0,0,75,0,75,2,2,135,15,154,222,2,224,378
04/17/2003,HUF,IN,AGL,CE,Towers with Radar,0,2,87,11,100,0,0,4,1,5,0,2,91,12,105,0,0,0,105
04/18/2003,HUF,IN,AGL,CE,Towers with Radar,0,0,50,10,60,0,0,98,0,98,0,0,148,10,158,416,0,416,574
04/19/2003,HUF,IN,AGL,CE,Towers with Radar,0,1,19,0,20,0,0,51,0,51,0,1,70,0,71,132,0,132,203
04/20/2003,HUF,IN,AGL,CE,Towers with Radar,0,0,4,0,4,0,0,6,0,6,0,0,10,0,10,8,0,8,18
04/21/2003,HUF,IN,AGL,CE,Towers with Radar,0,5,77,17,99,0,0,39,7,46,0,5,116,24,145,166,4,170,315
04/22/2003,HUF,IN,AGL,CE,Towers with Radar,0,3,68,17,88,0,7,86,19,112,0,10,154,36,200,256,10,266,466
04/23/2003,HUF,IN,AGL,CE,Towers with Radar,2,4,72,10,88,0,0,138,16,154,2,4,210,26,242,198,26,224,466
04/24/2003,HUF,IN,AGL,CE,Towers with Radar,2,7,55,19,83,0,0,90,13,103,2,7,145,32,186,192,44,236,422
04/25/2003,HUF,IN,AGL,CE,Towers with Radar,0,0,34,0,34,0,0,3,0,3,0,0,37,0,37,0,0,0,37
04/26/2003,HUF,IN,AGL,CE,Towers with Radar,0,0,11,0,11,0,0,74,0,74,0,0,85,0,85,94,0,94,179
04/27/2003,HUF,IN,AGL,CE,Towers with Radar,0,1,30,0,31,0,0,95,0,95,0,1,125,0,126,82,0,82,208
04/28/2003,HUF,IN,AGL,CE,Towers with Radar,0,2,36,0,38,0,0,56,0,56,0,2,92,0,94,174,0,174,268
04/29/2003,HUF,IN,AGL,CE,Towers with Radar,0,2,50,27,79,0,0,96,4,100,0,2,146,31,179,202,10,212,391
04/30/2003,HUF,IN,AGL,CE,Towers with Radar,2,6,44,19,71,0,0,87,9,96,2,6,131,28,167,180,14,194,361
05/01/2003,HUF,IN,AGL,CE,Towers with Radar,0,2,31,4,37,0,1,30,2,33,0,3,61,6,70,116,10,126,196
05/02/2003,HUF,IN,AGL,CE,Towers with Radar,0,2,78,13,93,0,0,14,1,15,0,2,92,14,108,78,0,78,186
05/03/2003,HUF,IN,AGL,CE,Towers with Radar,0,0,37,7,44,0,0,108,2,110,0,0,145,9,154,162,8,170,324
05/04/2003,HUF,IN,AGL,CE,Towers with Radar,0,0,25,11,36,0,0,31,7,38,0,0,56,18,74,15,21,36,110
05/05/2003,HUF,IN,AGL,CE,Towers with Radar,0,1,38,0,39,0,1,77,0,78,0,2,115,0,117,186,0,186,303
05/06/2003,HUF,IN,AGL,CE,Towers with Radar,0,5,53,15,73,0,0,118,4,122,0,5,171,19,195,212,14,226,421
05/07/2003,HUF,IN,AGL,CE,Towers with Radar,0,5,57,13,75,2,0,69,0,71,2,5,126,13,146,96,0,96,242
05/08/2003,HUF,IN,AGL,CE,Towers with Radar,0,5,46,11,62,0,7,23,1,31,0,12,69,12,93,70,0,70,163
05/09/2003,HUF,IN,AGL,CE,Towers with Radar,0,4,41,26,71,0,0,28,10,38,0,4,69,36,109,164,16,180,289
05/10/2003,HUF,IN,AGL,CE,Towers with Radar,0,0,10,1,11,0,0,6,0,6,0,0,16,1,17,0,0,0,17
05/11/2003,HUF,IN,AGL,CE,Towers with Radar,0,0,5,2,7,0,0,5,0,5,0,0,10,2,12,0,0,0,12
05/12/2003,HUF,IN,AGL,CE,Towers with Radar,0,4,12,12,28,0,0,25,2,27,0,4,37,14,55,32,28,60,115
05/13/2003,HUF,IN,AGL,CE,Towers with Radar,0,5,38,14,57,0,3,80,1,84,0,8,118,15,141,163,32,195,336
05/14/2003,HUF,IN,AGL,CE,Towers with Radar,2,12,36,19,69,0,0,74,4,78,2,12,110,23,147,112,8,120,267
05/15/2003,HUF,IN,AGL,CE,Towers with Radar,0,2,55,14,71,0,0,57,8,65,0,2,112,22,136,120,0,120,256
05/16/2003,HUF,IN,AGL,CE,Towers with Radar,2,0,26,17,45,0,0,39,3,42,2,0,65,20,87,157,0,157,244
05/17/2003,HUF,IN,AGL,CE,Towers with Radar,0,0,32,0,32,0,0,7,0,7,0,0,39,0,39,0,0,0,39
05/18/2003,HUF,IN,AGL,CE,Towers with Radar,0,0,26,4,30,0,0,4,6,10,0,0,30,10,40,50,8,58,98
05/19/2003,HUF,IN,AGL,CE,Towers with Radar,0,2,60,14,76,0,0,28,0,28,0,2,88,14,104,172,6,178,282
05/20/2003,HUF,IN,AGL,CE,Towers with Radar,0,7,43,4,54,0,0,20,0,20,0,7,63,4,74,60,0,60,134
05/21/2003,HUF,IN,AGL,CE,Towers with Radar,0,5,29,18,52,0,0,89,15,104,0,5,118,33,156,198,12,210,366
05/22/2003,HUF,IN,AGL,CE,Towers with Radar,0,6,48,13,67,0,0,143,2,145,0,6,191,15,212,186,4,190,402
05/23/2003,HUF,IN,AGL,CE,Towers with Radar,0,1,44,0,45,2,0,73,0,75,2,1,117,0,120,136,0,136,256
05/24/2003,HUF,IN,AGL,CE,Towers with Radar,0,0,35,0,35,4,3,62,1,70,4,3,97,1,105,89,2,91,196
05/25/2003,HUF,IN,AGL,CE,Towers with Radar,0,0,29,0,29,0,0,54,0,54,0,0,83,0,83,140,0,140,223
05/26/2003,HUF,IN,AGL,CE,Towers with Radar,0,1,44,0,45,0,0,99,0,99,0,1,143,0,144,82,0,82,226
05/27/2003,HUF,IN,AGL,CE,Towers with Radar,0,2,41,15,58,0,0,65,8,73,0,2,106,23,131,146,26,172,303
05/28/2003,HUF,IN,AGL,CE,Towers with Radar,0,4,17,12,33,0,0,41,13,54,0,4,58,25,87,74,16,90,177
05/29/2003,HUF,IN,AGL,CE,Towers with Radar,0,2,34,23,59,0,0,101,2,103,0,2,135,25,162,274,18,292,454
05/30/2003,HUF,IN,AGL,CE,Towers with Radar,0,2,31,15,48,0,0,53,4,57,0,2,84,19,105,274,20,294,399
05/31/2003,HUF,IN,AGL,CE,Towers with Radar,0,0,19,0,19,0,0,15,0,15,0,0,34,0,34,149,0,149,183
06/01/2003,HUF,IN,AGL,CE,Towers with Radar,0,0,23,6,29,0,0,59,3,62,0,0,82,9,91,112,8,120,211
06/02/2003,HUF,IN,AGL,CE,Towers with Radar,0,4,17,12,33,0,0,33,8,41,0,4,50,20,74,56,24,80,154
06/03/2003,HUF,IN,AGL,CE,Towers with Radar,0,16,44,16,76,0,0,0,3,3,0,16,44,19,79,0,0,0,79
06/04/2003,HUF,IN,AGL,CE,Towers with Radar,2,2,34,10,48,0,0,85,0,85,2,2,119,10,133,220,28,248,381
06/05/2003,HUF,IN,AGL,CE,Towers with Radar,0,3,30,28,61,0,0,91,23,114,0,3,121,51,175,186,28,214,389
06/06/2003,HUF,IN,AGL,CE,Towers with Radar,0,2,12,16,30,0,0,22,4,26,0,2,34,20,56,56,4,60,116
06/07/2003,HUF,IN,AGL,CE,Towers with Radar,0,0,30,11,41,0,0,41,6,47,0,0,71,17,88,85,18,103,191
06/08/2003,HUF,IN,AGL,CE,Towers with Radar,0,0,8,4,12,0,0,14,0,14,0,0,22,4,26,44,0,44,70
06/09/2003,HUF,IN,AGL,CE,Towers with Radar,0,2,20,10,32,0,0,59,1,60,0,2,79,11,92,236,6,242,334
06/10/2003,HUF,IN,AGL,CE,Towers with Radar,0,4,4,19,27,0,0,12,2,14,0,4,16,21,41,42,20,62,103
06/11/2003,HUF,IN,AGL,CE,Towers with Radar,2,9,27,5,43,0,0,11,5,16,2,9,38,10,59,62,0,62,121
06/12/2003,HUF,IN,AGL,CE,Towers with Radar,0,4,38,22,64,0,0,14,0,14,0,4,52,22,78,152,4,156,234
06/13/2003,HUF,IN,AGL,CE,Towers with Radar,0,4,14,15,33,0,0,2,3,5,0,4,16,18,38,8,0,8,46
06/14/2003,HUF,IN,AGL,CE,Towers with Radar,0,0,40,0,40,0,1,11,1,13,0,1,51,1,53,29,0,29,82
06/15/2003,HUF,IN,AGL,CE,Towers with Radar,0,0,17,4,21,0,0,53,0,53,0,0,70,4,74,68,0,68,142
06/16/2003,HUF,IN,AGL,CE,Towers with Radar,0,3,34,20,57,0,1,52,7,60,0,4,86,27,117,94,2,96,213
06/17/2003,HUF,IN,AGL,CE,Towers with Radar,0,4,33,20,57,0,0,41,5,46,0,4,74,25,103,60,48,108,211
06/18/2003,HUF,IN,AGL,CE,Towers with Radar,2,3,49,9,63,0,0,61,3,64,2,3,110,12,127,154,10,164,291
06/19/2003,HUF,IN,AGL,CE,Towers with Radar,0,2,36,13,51,0,0,18,0,18,0,2,54,13,69,38,0,38,107
06/20/2003,HUF,IN,AGL,CE,Towers with Radar,0,2,17,23,42,0,0,65,4,69,0,2,82,27,111,130,26,156,267
06/21/2003,HUF,IN,AGL,CE,Towers with Radar,0,0,19,4,23,0,0,59,0,59,0,0,78,4,82,56,0,56,138
06/22/2003,HUF,IN,AGL,CE,Towers with Radar,0,0,11,2,13,0,0,75,6,81,0,0,86,8,94,70,6,76,170
06/23/2003,HUF,IN,AGL,CE,Towers with Radar,0,2,24,22,48,0,0,64,0,64,0,2,88,22,112,126,18,144,256
06/24/2003,HUF,IN,AGL,CE,Towers with Radar,0,4,35,13,52,0,0,79,0,79,0,4,114,13,131,133,4,137,268
06/25/2003,HUF,IN,AGL,CE,Towers with Radar,2,2,31,17,52,0,0,85,1,86,2,2,116,18,138,146,12,158,296
06/26/2003,HUF,IN,AGL,CE,Towers with Radar,0,2,42,13,57,0,0,23,2,25,0,2,65,15,82,166,0,166,248
06/27/2003,HUF,IN,AGL,CE,Towers with Radar,0,0,28,24,52,0,0,82,2,84,0,0,110,26,136,138,19,157,293
06/28/2003,HUF,IN,AGL,CE,Towers with Radar,0,0,17,0,17,0,0,51,0,51,0,0,68,0,68,118,0,118,186
06/29/2003,HUF,IN,AGL,CE,Towers with Radar,0,0,23,11,34,0,0,59,1,60,0,0,82,12,94,67,0,67,161
06/30/2003,HUF,IN,AGL,CE,Towers with Radar,0,2,27,27,56,0,0,55,0,55,0,2,82,27,111,102,66,168,279
07/01/2003,HUF,IN,AGL,CE,Towers with Radar,2,1,29,13,45,0,1,59,10,70,2,2,88,23,115,66,8,74,189
07/02/2003,HUF,IN,AGL,CE,Towers with Radar,0,2,39,13,54,0,0,58,5,63,0,2,97,18,117,52,8,60,177
07/03/2003,HUF,IN,AGL,CE,Towers with Radar,0,2,33,15,50,0,0,65,4,69,0,2,98,19,119,155,12,167,286
07/04/2003,HUF,IN,AGL,CE,Towers with Radar,0,0,11,1,12,0,0,40,1,41,0,0,51,2,53,78,0,78,131
07/05/2003,HUF,IN,AGL,CE,Towers with Radar,0,0,9,0,9,0,0,13,0,13,0,0,22,0,22,48,0,48,70
07/06/2003,HUF,IN,AGL,CE,Towers with Radar,0,2,16,1,19,0,0,42,1,43,0,2,58,2,62,36,0,36,98
07/07/2003,HUF,IN,AGL,CE,Towers with Radar,0,2,29,3,34,0,0,52,3,55,0,2,81,6,89,86,0,86,175
07/08/2003,HUF,IN,AGL,CE,Towers with Radar,0,2,14,13,29,0,0,39,6,45,0,2,53,19,74,94,14,108,182
07/09/2003,HUF,IN,AGL,CE,Towers with Radar,2,4,23,10,39,0,0,35,3,38,2,4,58,13,77,10,32,42,119
07/10/2003,HUF,IN,AGL,CE,Towers with Radar,0,4,19,17,40,0,0,50,8,58,0,4,69,25,98,10,10,20,118
07/11/2003,HUF,IN,AGL,CE,Towers with Radar,1,0,15,25,41,0,0,53,0,53,1,0,68,25,94,10,24,34,128
07/12/2003,HUF,IN,AGL,CE,Towers with Radar,0,0,5,1,6,0,0,54,1,55,0,0,59,2,61,36,0,36,97
07/13/2003,HUF,IN,AGL,CE,Towers with Radar,1,0,18,5,24,0,0,63,4,67,1,0,81,9,91,47,2,49,140
07/14/2003,HUF,IN,AGL,CE,Towers with Radar,0,2,42,48,92,0,0,97,1,98,0,2,139,49,190,173,50,223,413
07/15/2003,HUF,IN,AGL,CE,Towers with Radar,0,6,23,9,38,0,0,14,0,14,0,6,37,9,52,14,0,14,66
07/16/2003,HUF,IN,AGL,CE,Towers with Radar,2,2,38,21,63,0,0,121,7,128,2,2,159,28,191,117,10,127,318
07/17/2003,HUF,IN,AGL,CE,Towers with Radar,0,8,35,11,54,0,0,94,6,100,0,8,129,17,154,186,8,194,348
07/18/2003,HUF,IN,AGL,CE,Towers with Radar,0,2,29,15,46,0,0,48,3,51,0,2,77,18,97,188,0,188,285
07/19/2003,HUF,IN,AGL,CE,Towers with Radar,0,4,22,5,31,0,0,69,4,73,0,4,91,9,104,134,0,134,238
07/20/2003,HUF,IN,AGL,CE,Towers with Radar,0,0,18,5,23,0,0,37,1,38,0,0,55,6,61,72,0,72,133
07/21/2003,HUF,IN,AGL,CE,Towers with Radar,0,2,20,8,30,0,0,10,0,10,0,2,30,8,40,94,0,94,134
07/22/2003,HUF,IN,AGL,CE,Towers with Radar,0,12,34,17,63,0,0,25,8,33,0,12,59,25,96,160,14,174,270
07/23/2003,HUF,IN,AGL,CE,Towers with Radar,2,2,50,19,73,0,0,60,0,60,2,2,110,19,133,124,32,156,289
07/24/2003,HUF,IN,AGL,CE,Towers with Radar,0,4,39,14,57,0,0,79,18,97,0,4,118,32,154,159,29,188,342
07/25/2003,HUF,IN,AGL,CE,Towers with Radar,0,2,27,22,51,0,0,72,12,84,0,2,99,34,135,56,20,76,211
07/26/2003,HUF,IN,AGL,CE,Towers with Radar,0,1,19,14,34,0,0,64,6,70,0,1,83,20,104,99,26,125,229
07/27/2003,HUF,IN,AGL,CE,Towers with Radar,0,1,22,15,38,0,0,53,10,63,0,1,75,25,101,85,18,103,204
07/28/2003,HUF,IN,AGL,CE,Towers with Radar,0,2,37,0,39,0,0,43,0,43,0,2,80,0,82,148,0,148,230
07/29/2003,HUF,IN,AGL,CE,Towers with Radar,0,2,28,11,41,0,0,58,3,61,0,2,86,14,102,216,12,228,330
07/30/2003,HUF,IN,AGL,CE,Towers with Radar,2,4,39,30,75,0,0,85,8,93,2,4,124,38,168,116,22,138,306
07/31/2003,HUF,IN,AGL,CE,Towers with Radar,0,2,41,26,69,0,0,56,2,58,0,2,97,28,127,74,30,104,231
08/01/2003,HUF,IN,AGL,CE,Towers with Radar,0,0,21,17,38,0,0,55,20,75,0,0,76,37,113,190,14,204,317
08/02/2003,HUF,IN,AGL,CE,Towers with Radar,0,0,15,0,15,0,0,24,0,24,0,0,39,0,39,16,0,16,55
08/03/2003,HUF,IN,AGL,CE,Towers with Radar,0,0,13,6,19,0,0,24,3,27,0,0,37,9,46,46,0,46,92
08/04/2003,HUF,IN,AGL,CE,Towers with Radar,0,2,25,10,37,0,0,40,3,43,0,2,65,13,80,56,32,88,168
08/05/2003,HUF,IN,AGL,CE,Towers with Radar,0,6,48,16,70,0,0,67,0,67,0,6,115,16,137,130,26,156,293
08/06/2003,HUF,IN,AGL,CE,Towers with Radar,2,5,25,17,49,0,4,41,0,45,2,9,66,17,94,158,36,194,288
08/07/2003,HUF,IN,AGL,CE,Towers with Radar,0,6,26,27,59,0,0,52,0,52,0,6,78,27,111,102,2,104,215
08/08/2003,HUF,IN,AGL,CE,Towers with Radar,0,4,39,14,57,0,0,60,15,75,0,4,99,29,132,110,0,110,242
08/09/2003,HUF,IN,AGL,CE,Towers with Radar,0,0,36,0,36,0,0,34,0,34,0,0,70,0,70,10,0,10,80
08/10/2003,HUF,IN,AGL,CE,Towers with Radar,0,0,13,2,15,0,0,50,0,50,0,0,63,2,65,21,2,23,88
08/11/2003,HUF,IN,AGL,CE,Towers with Radar,0,2,12,29,43,0,0,40,4,44,0,2,52,33,87,66,68,134,221
08/12/2003,HUF,IN,AGL,CE,Towers with Radar,0,2,30,25,57,0,0,33,0,33,0,2,63,25,90,54,36,90,180
08/13/2003,HUF,IN,AGL,CE,Towers with Radar,2,6,38,12,58,0,0,14,9,23,2,6,52,21,81,75,43,118,199
08/14/2003,HUF,IN,AGL,CE,Towers with Radar,0,3,33,18,54,0,0,47,2,49,0,3,80,20,103,106,14,120,223
08/15/2003,HUF,IN,AGL,CE,Towers with Radar,0,0,28,20,48,0,0,54,24,78,0,0,82,44,126,158,18,176,302
08/16/2003,HUF,IN,AGL,CE,Towers with Radar,0,0,19,12,31,0,0,48,3,51,0,0,67,15,82,20,6,26,108
08/17/2003,HUF,IN,AGL,CE,Towers with Radar,0,0,19,29,48,0,0,46,19,65,0,0,65,48,113,122,2,124,237
08/18/2003,HUF,IN,AGL,CE,Towers with Radar,0,2,21,6,29,0,0,68,2,70,0,2,89,8,99,125,4,129,228
08/19/2003,HUF,IN,AGL,CE,Towers with Radar,0,2,34,15,51,0,0,61,4,65,0,2,95,19,116,146,38,184,300
08/20/2003,HUF,IN,AGL,CE,Towers with Radar,2,4,39,9,54,0,0,66,13,79,2,4,105,22,133,132,42,174,307
08/21/2003,HUF,IN,AGL,CE,Towers with Radar,0,7,25,8,40,0,0,25,15,40,0,7,50,23,80,62,28,90,170
08/22/2003,HUF,IN,AGL,CE,Towers with Radar,0,0,55,27,82,0,0,79,6,85,0,0,134,33,167,94,18,112,279
08/23/2003,HUF,IN,AGL,CE,Towers with Radar,0,0,20,0,20,0,0,60,0,60,0,0,80,0,80,16,0,16,96
08/24/2003,HUF,IN,AGL,CE,Towers with Radar,0,0,35,7,42,0,0,70,0,70,0,0,105,7,112,44,0,44,156
08/25/2003,HUF,IN,AGL,CE,Towers with Radar,0,3,46,6,55,0,0,64,2,66,0,3,110,8,121,62,18,80,201
08/26/2003,HUF,IN,AGL,CE,Towers with Radar,2,2,19,16,39,0,0,46,1,47,2,2,65,17,86,156,24,180,266
08/27/2003,HUF,IN,AGL,CE,Towers with Radar,0,2,19,17,38,0,0,48,4,52,0,2,67,21,90,72,28,100,190
08/28/2003,HUF,IN,AGL,CE,Towers with Radar,0,2,29,14,45,0,0,22,12,34,0,2,51,26,79,88,16,104,183
08/29/2003,HUF,IN,AGL,CE,Towers with Radar,1,0,17,0,18,0,0,5,0,5,1,0,22,0,23,20,0,20,43
08/30/2003,HUF,IN,AGL,CE,Towers with Radar,0,2,18,0,20,0,0,17,0,17,0,2,35,0,37,40,0,40,77
08/31/2003,HUF,IN,AGL,CE,Towers with Radar,0,2,19,0,21,0,0,0,0,0,0,2,19,0,21,0,0,0,21
09/01/2003,HUF,IN,AGL,CE,Towers with Radar,0,0,17,0,17,0,1,0,0,1,0,1,17,0,18,0,0,0,18
09/02/2003,HUF,IN,AGL,CE,Towers with Radar,0,2,26,21,49,0,0,9,0,9,0,2,35,21,58,14,0,14,72
09/03/2003,HUF,IN,AGL,CE,Towers with Radar,2,3,66,15,86,0,0,22,2,24,2,3,88,17,110,40,0,40,150
09/04/2003,HUF,IN,AGL,CE,Towers with Radar,0,4,37,15,56,0,0,178,12,190,0,4,215,27,246,71,16,87,333
09/05/2003,HUF,IN,AGL,CE,Towers with Radar,1,0,44,11,56,0,0,114,7,121,1,0,158,18,177,60,20,80,257
09/06/2003,HUF,IN,AGL,CE,Towers with Radar,1,0,30,1,32,0,0,74,0,74,1,0,104,1,106,145,2,147,253
09/07/2003,HUF,IN,AGL,CE,Towers with Radar,0,0,41,0,41,0,0,65,0,65,0,0,106,0,106,90,0,90,196
09/08/2003,HUF,IN,AGL,CE,Towers with Radar,0,2,44,17,63,0,0,80,3,83,0,2,124,20,146,82,28,110,256
09/09/2003,HUF,IN,AGL,CE,Towers with Radar,0,4,39,19,62,0,0,75,10,85,0,4,114,29,147,112,26,138,285
09/10/2003,HUF,IN,AGL,CE,Towers with Radar,0,3,54,16,73,2,3,80,9,94,2,6,134,25,167,150,12,162,329
09/11/2003,HUF,IN,AGL,CE,Towers with Radar,0,6,41,30,77,0,0,84,0,84,0,6,125,30,161,125,36,161,322
09/12/2003,HUF,IN,AGL,CE,Towers with Radar,0,0,50,32,82,0,0,75,16,91,0,0,125,48,173,170,34,204,377
09/13/2003,HUF,IN,AGL,CE,Towers with Radar,0,0,35,9,44,0,0,74,16,90,0,0,109,25,134,100,10,110,244
09/14/2003,HUF,IN,AGL,CE,Towers with Radar,0,1,19,30,50,0,0,6,12,18,0,1,25,42,68,72,6,78,146
09/15/2003,HUF,IN,AGL,CE,Towers with Radar,0,2,55,0,57,0,0,116,0,116,0,2,171,0,173,196,0,196,369
09/16/2003,HUF,IN,AGL,CE,Towers with Radar,0,6,41,15,62,0,0,114,1,115,0,6,155,16,177,182,10,192,369
09/17/2003,HUF,IN,AGL,CE,Towers with Radar,2,2,51,14,69,0,0,83,2,85,2,2,134,16,154,246,24,270,424
09/18/2003,HUF,IN,AGL,CE,Towers with Radar,0,2,36,12,50,0,0,84,3,87,0,2,120,15,137,174,22,196,333
09/19/2003,HUF,IN,AGL,CE,Towers with Radar,0,0,57,13,70,0,0,58,6,64,0,0,115,19,134,136,12,148,282
09/20/2003,HUF,IN,AGL,CE,Towers with Radar,0,0,18,2,20,0,0,75,0,75,0,0,93,2,95,126,0,126,221
09/21/2003,HUF,IN,AGL,CE,Towers with Radar,0,0,22,0,22,0,0,49,0,49,0,0,71,0,71,74,0,74,145
09/22/2003,HUF,IN,AGL,CE,Towers with Radar,0,2,66,6,74,0,0,72,2,74,0,2,138,8,148,180,12,192,340
09/23/2003,HUF,IN,AGL,CE,Towers with Radar,0,2,63,21,86,0,0,123,0,123,0,2,186,21,209,176,14,190,399
09/24/2003,HUF,IN,AGL,CE,Towers with Radar,0,2,35,15,52,0,0,89,2,91,0,2,124,17,143,211,32,243,386
09/25/2003,HUF,IN,AGL,CE,Towers with Radar,2,4,75,13,94,0,1,112,9,122,2,5,187,22,216,151,24,175,391
09/26/2003,HUF,IN,AGL,CE,Towers with Radar,0,2,47,7,56,0,0,35,3,38,0,2,82,10,94,72,14,86,180
09/27/2003,HUF,IN,AGL,CE,Towers with Radar,0,1,43,2,46,0,1,71,0,72,0,2,114,2,118,142,0,142,260
09/28/2003,HUF,IN,AGL,CE,Towers with Radar,0,0,61,3,64,0,0,27,2,29,0,0,88,5,93,84,0,84,177
09/29/2003,HUF,IN,AGL,CE,Towers with Radar,0,1,43,2,46,0,2,143,0,145,0,3,186,2,191,252,0,252,443
09/30/2003,HUF,IN,AGL,CE,Towers with Radar,0,2,49,13,64,0,0,75,16,91,0,2,124,29,155,252,20,272,427
10/01/2003,HUF,IN,AGL,CE,Towers with Radar,1,2,55,12,70,1,0,109,12,122,2,2,164,24,192,264,10,274,466
10/02/2003,HUF,IN,AGL,CE,Towers with Radar,0,3,68,15,86,0,0,114,7,121,0,3,182,22,207,173,23,196,403
10/03/2003,HUF,IN,AGL,CE,Towers with Radar,0,3,53,12,68,0,1,23,2,26,0,4,76,14,94,142,14,156,250
10/04/2003,HUF,IN,AGL,CE,Towers with Radar,0,2,35,8,45,0,0,99,13,112,0,2,134,21,157,108,16,124,281
10/05/2003,HUF,IN,AGL,CE,Towers with Radar,0,0,37,7,44,0,0,53,18,71,0,0,90,25,115,138,12,150,265
10/06/2003,HUF,IN,AGL,CE,Towers with Radar,0,4,53,12,69,0,5,168,10,183,0,9,221,22,252,258,18,276,528
10/07/2003,HUF,IN,AGL,CE,Towers with Radar,0,2,55,12,69,0,0,148,14,162,0,2,203,26,231,382,32,414,645
10/08/2003,HUF,IN,AGL,CE,Towers with Radar,0,4,55,12,71,2,0,131,7,140,2,4,186,19,211,268,4,272,483
10/09/2003,HUF,IN,AGL,CE,Towers with Radar,0,2,55,0,57,0,0,81,0,81,0,2,136,0,138,174,0,174,312
10/10/2003,HUF,IN,AGL,CE,Towers with Radar,0,2,61,13,76,0,0,10,9,19,0,2,71,22,95,70,3,73,168
10/11/2003,HUF,IN,AGL,CE,Towers with Radar,0,0,37,0,37,0,0,23,0,23,0,0,60,0,60,180,0,180,240
10/12/2003,HUF,IN,AGL,CE,Towers with Radar,0,2,34,0,36,0,0,39,0,39,0,2,73,0,75,110,0,110,185
10/13/2003,HUF,IN,AGL,CE,Towers with Radar,0,0,42,8,50,0,0,121,0,121,0,0,163,8,171,314,12,326,497
10/14/2003,HUF,IN,AGL,CE,Towers with Radar,0,3,28,7,38,0,5,0,0,5,0,8,28,7,43,14,0,14,57
10/15/2003,HUF,IN,AGL,CE,Towers with Radar,0,2,63,13,78,0,0,117,2,119,0,2,180,15,197,272,12,284,481
10/16/2003,HUF,IN,AGL,CE,Towers with Radar,0,4,56,11,71,0,4,85,5,94,0,8,141,16,165,250,6,256,421
10/17/2003,HUF,IN,AGL,CE,Towers with Radar,0,0,62,12,74,0,0,67,2,69,0,0,129,14,143,153,2,155,298
10/18/2003,HUF,IN,AGL,CE,Towers with Radar,0,1,32,0,33,0,0,130,0,130,0,1,162,0,163,174,0,174,337
10/19/2003,HUF,IN,AGL,CE,Towers with Radar,0,2,40,5,47,0,0,93,0,93,0,2,133,5,140,154,2,156,296
10/20/2003,HUF,IN,AGL,CE,Towers with Radar,0,2,44,2,48,0,0,156,0,156,0,2,200,2,204,268,8,276,480
10/21/2003,HUF,IN,AGL,CE,Towers with Radar,0,3,60,12,75,0,11,100,5,116,0,14,160,17,191,290,14,304,495
10/22/2003,HUF,IN,AGL,CE,Towers with Radar,0,4,69,14,87,0,3,154,3,160,0,7,223,17,247,256,20,276,523
10/23/2003,HUF,IN,AGL,CE,Towers with Radar,0,2,62,12,76,0,0,152,8,160,0,2,214,20,236,315,2,317,553
10/24/2003,HUF,IN,AGL,CE,Towers with Radar,0,1,60,12,73,0,0,115,16,131,0,1,175,28,204,216,8,224,428
10/25/2003,HUF,IN,AGL,CE,Towers with Radar,0,2,21,6,29,0,2,0,0,2,0,4,21,6,31,0,2,2,33
10/26/2003,HUF,IN,AGL,CE,Towers with Radar,0,0,33,6,39,0,0,19,0,19,0,0,52,6,58,188,4,192,250
10/27/2003,HUF,IN,AGL,CE,Towers with Radar,0,3,57,6,66,0,3,131,0,134,0,6,188,6,200,332,0,332,532
10/28/2003,HUF,IN,AGL,CE,Towers with Radar,0,4,83,10,97,0,0,62,0,62,0,4,145,10,159,48,0,48,207
10/29/2003,HUF,IN,AGL,CE,Towers with Radar,0,4,65,14,83,0,0,94,6,100,0,4,159,20,183,312,16,328,511
10/30/2003,HUF,IN,AGL,CE,Towers with Radar,0,3,54,12,69,0,9,71,5,85,0,12,125,17,154,144,14,158,312
10/31/2003,HUF,IN,AGL,CE,Towers with Radar,0,2,60,13,75,0,0,60,7,67,0,2,120,20,142,232,40,272,414
11/01/2003,HUF,IN,AGL,CE,Towers with Radar,0,0,59,11,70,0,0,17,3,20,0,0,76,14,90,2,0,2,92
11/02/2003,HUF,IN,AGL,CE,Towers with Radar,0,0,41,7,48,0,0,43,18,61,0,0,84,25,109,124,32,156,265
11/03/2003,HUF,IN,AGL,CE,Towers with Radar,0,3,58,10,71,0,1,148,12,161,0,4,206,22,232,338,10,348,580
11/04/2003,HUF,IN,AGL,CE,Towers with Radar,0,3,57,10,70,0,3,87,20,110,0,6,144,30,180,200,10,210,390
11/05/2003,HUF,IN,AGL,CE,Towers with Radar,1,4,96,17,118,1,0,59,8,68,2,4,155,25,186,22,0,22,208
11/06/2003,HUF,IN,AGL,CE,Towers with Radar,0,4,77,12,93,0,1,53,0,54,0,5,130,12,147,183,0,183,330
11/07/2003,HUF,IN,AGL,CE,Towers with Radar,0,2,66,11,79,0,0,97,16,113,0,2,163,27,192,146,16,162,354
11/08/2003,HUF,IN,AGL,CE,Towers with Radar,0,0,43,1,44,0,0,134,0,134,0,0,177,1,178,164,0,164,342
11/09/2003,HUF,IN,AGL,CE,Towers with Radar,0,0,35,0,35,0,0,67,0,67,0,0,102,0,102,152,0,152,254
11/10/2003,HUF,IN,AGL,CE,Towers with Radar,0,4,55,0,59,0,0,112,0,112,0,4,167,0,171,280,0,280,451
11/11/2003,HUF,IN,AGL,CE,Towers with Radar,0,4,63,0,67,0,0,3,0,3,0,4,66,0,70,0,0,0,70
11/12/2003,HUF,IN,AGL,CE,Towers with Radar,0,3,38,9,50,0,11,0,3,14,0,14,38,12,64,21,0,21,85
11/13/2003,HUF,IN,AGL,CE,Towers with Radar,0,4,73,7,84,2,0,83,0,85,2,4,156,7,169,126,6,132,301
11/14/2003,HUF,IN,AGL,CE,Towers with Radar,0,5,69,12,86,0,1,102,8,111,0,6,171,20,197,214,20,234,431
11/15/2003,HUF,IN,AGL,CE,Towers with Radar,0,0,26,4,30,0,0,2,0,2,0,0,28,4,32,0,0,0,32
11/16/2003,HUF,IN,AGL,CE,Towers with Radar,0,0,46,0,46,0,0,5,0,5,0,0,51,0,51,20,0,20,71
11/17/2003,HUF,IN,AGL,CE,Towers with Radar,0,2,34,2,38,0,2,30,0,32,0,4,64,2,70,112,2,114,184
11/18/2003,HUF,IN,AGL,CE,Towers with Radar,0,1,17,1,19,0,3,0,0,3,0,4,17,1,22,0,0,0,22
11/19/2003,HUF,IN,AGL,CE,Towers with Radar,0,4,69,11,84,0,0,133,24,157,0,4,202,35,241,246,6,252,493
11/20/2003,HUF,IN,AGL,CE,Towers with Radar,0,4,76,12,92,2,0,215,6,223,2,4,291,18,315,250,8,258,573
11/21/2003,HUF,IN,AGL,CE,Towers with Radar,0,3,72,12,87,2,0,161,10,173,2,3,233,22,260,286,16,302,562
11/22/2003,HUF,IN,AGL,CE,Towers with Radar,0,3,50,8,61,0,0,38,2,40,0,3,88,10,101,186,0,186,287
11/23/2003,HUF,IN,AGL,CE,Towers with Radar,0,0,14,0,14,0,0,0,0,0,0,0,14,0,14,20,0,20,34
11/24/2003,HUF,IN,AGL,CE,Towers with Radar,0,3,52,9,64,0,1,64,3,68,0,4,116,12,132,135,0,135,267
11/25/2003,HUF,IN,AGL,CE,Towers with Radar,0,3,61,11,75,0,1,71,0,72,0,4,132,11,147,154,30,184,331
11/26/2003,HUF,IN,AGL,CE,Towers with Radar,0,3,51,9,63,0,1,0,5,6,0,4,51,14,69,116,7,123,192
11/27/2003,HUF,IN,AGL,CE,Towers with Radar,0,0,1,0,1,0,0,0,0,0,0,0,1,0,1,0,0,0,1
11/28/2003,HUF,IN,AGL,CE,Towers with Radar,0,1,5,0,6,0,1,0,0,1,0,2,5,0,7,0,0,0,7
11/29/2003,HUF,IN,AGL,CE,Towers with Radar,0,0,36,0,36,0,0,33,0,33,0,0,69,0,69,44,0,44,113
11/30/2003,HUF,IN,AGL,CE,Towers with Radar,0,0,49,0,49,0,0,59,0,59,0,0,108,0,108,60,0,60,168
12/01/2003,HUF,IN,AGL,CE,Towers with Radar,0,4,43,11,58,0,0,152,6,158,0,4,195,17,216,185,25,210,426
12/02/2003,HUF,IN,AGL,CE,Towers with Radar,0,6,56,14,76,0,0,148,5,153,0,6,204,19,229,234,6,240,469
12/03/2003,HUF,IN,AGL,CE,Towers with Radar,1,6,48,10,65,1,0,159,0,160,2,6,207,10,225,205,14,219,444
12/04/2003,HUF,IN,AGL,CE,Towers with Radar,0,2,0,5,7,0,7,0,7,14,0,9,0,12,21,0,0,0,21
12/05/2003,HUF,IN,AGL,CE,Towers with Radar,0,2,5,0,7,0,5,0,0,5,0,7,5,0,12,0,0,0,12
12/06/2003,HUF,IN,AGL,CE,Towers with Radar,0,5,37,10,52,0,13,70,3,86,0,18,107,13,138,204,22,226,364
12/07/2003,HUF,IN,AGL,CE,Towers with Radar,0,1,24,5,30,0,0,28,14,42,0,1,52,19,72,106,12,118,190
12/08/2003,HUF,IN,AGL,CE,Towers with Radar,0,6,57,0,63,0,0,157,0,157,0,6,214,0,220,243,0,243,463
12/09/2003,HUF,IN,AGL,CE,Towers with Radar,0,7,68,17,92,0,0,53,13,66,0,7,121,30,158,208,0,208,366
12/10/2003,HUF,IN,AGL,CE,Towers with Radar,1,4,33,0,38,1,1,30,0,32,2,5,63,0,70,82,0,82,152
12/11/2003,HUF,IN,AGL,CE,Towers with Radar,0,3,48,11,62,0,0,37,0,37,0,3,85,11,99,86,2,88,187
12/12/2003,HUF,IN,AGL,CE,Towers with Radar,0,6,45,10,61,0,0,71,2,73,0,6,116,12,134,168,14,182,316
12/13/2003,HUF,IN,AGL,CE,Towers with Radar,0,0,16,3,19,0,0,12,5,17,0,0,28,8,36,60,16,76,112
12/14/2003,HUF,IN,AGL,CE,Towers with Radar,0,0,4,0,4,0,0,0,0,0,0,0,4,0,4,0,0,0,4
12/15/2003,HUF,IN,AGL,CE,Towers with Radar,0,4,31,8,43,0,0,19,2,21,0,4,50,10,64,48,0,48,112
12/16/2003,HUF,IN,AGL,CE,Towers with Radar,0,4,41,9,54,0,0,48,14,62,0,4,89,23,116,84,6,90,206
12/17/2003,HUF,IN,AGL,CE,Towers with Radar,0,4,52,12,68,0,0,89,15,104,0,4,141,27,172,198,18,216,388
12/18/2003,HUF,IN,AGL,CE,Towers with Radar,0,3,12,0,15,2,1,0,0,3,2,4,12,0,18,0,0,0,18
12/19/2003,HUF,IN,AGL,CE,Towers with Radar,0,2,24,7,33,2,0,0,3,5,2,2,24,10,38,82,12,94,132
12/20/2003,HUF,IN,AGL,CE,Towers with Radar,0,1,35,0,36,0,0,80,0,80,0,1,115,0,116,81,0,81,197
12/21/2003,HUF,IN,AGL,CE,Towers with Radar,0,0,20,0,20,0,0,29,0,29,0,0,49,0,49,34,0,34,83
12/22/2003,HUF,IN,AGL,CE,Towers with Radar,0,4,31,9,44,0,2,0,15,17,0,6,31,24,61,66,0,66,127
12/23/2003,HUF,IN,AGL,CE,Towers with Radar,0,3,8,0,11,2,3,0,0,5,2,6,8,0,16,0,0,0,16
12/24/2003,HUF,IN,AGL,CE,Towers with Radar,0,2,7,2,11,0,2,0,0,2,0,4,7,2,13,0,0,0,13
12/25/2003,HUF,IN,AGL,CE,Towers with Radar,0,0,6,0,6,0,0,0,0,0,0,0,6,0,6,0,0,0,6
12/26/2003,HUF,IN,AGL,CE,Towers with Radar,0,3,28,0,31,0,0,18,0,18,0,3,46,0,49,18,0,18,67
12/27/2003,HUF,IN,AGL,CE,Towers with Radar,0,0,22,0,22,0,0,40,0,40,0,0,62,0,62,4,0,4,66
12/28/2003,HUF,IN,AGL,CE,Towers with Radar,0,0,16,0,16,0,0,0,0,0,0,0,16,0,16,12,0,12,28
12/29/2003,HUF,IN,AGL,CE,Towers with Radar,0,2,22,0,24,0,2,0,0,2,0,4,22,0,26,0,0,0,26
12/30/2003,HUF,IN,AGL,CE,Towers with Radar,0,3,30,7,40,0,3,78,1,82,0,6,108,8,122,144,18,162,284
12/31/2003,HUF,IN,AGL,CE,Towers with Radar,0,2,20,5,27,0,2,31,8,41,0,4,51,13,68,128,28,156,224
01/01/2004,HUF,IN,AGL,CE,Towers with Radar,0,0,15,0,15,0,0,18,0,18,0,0,33,0,33,2,0,2,35
01/02/2004,HUF,IN,AGL,CE,Towers with Radar,0,1,5,0,6,0,1,0,0,1,0,2,5,0,7,0,0,0,7
01/03/2004,HUF,IN,AGL,CE,Towers with Radar,0,0,27,1,28,0,0,0,0,0,0,0,27,1,28,22,0,22,50
01/04/2004,HUF,IN,AGL,CE,Towers with Radar,0,0,4,1,5,0,0,0,0,0,0,0,4,1,5,0,0,0,5
01/05/2004,HUF,IN,AGL,CE,Towers with Radar,0,4,14,6,24,0,0,0,5,5,0,4,14,11,29,5,0,5,34
01/06/2004,HUF,IN,AGL,CE,Towers with Radar,0,6,43,11,60,0,0,51,10,61,0,6,94,21,121,30,6,36,157
01/07/2004,HUF,IN,AGL,CE,Towers with Radar,0,6,46,12,64,0,0,92,8,100,0,6,138,20,164,45,12,57,221
01/08/2004,HUF,IN,AGL,CE,Towers with Radar,1,6,39,11,57,1,6,43,2,52,2,12,82,13,109,68,20,88,197
01/09/2004,HUF,IN,AGL,CE,Towers with Radar,0,4,42,10,56,0,0,26,18,44,0,4,68,28,100,120,8,128,228
01/10/2004,HUF,IN,AGL,CE,Towers with Radar,0,5,35,9,49,0,6,72,9,87,0,11,107,18,136,114,2,116,252
01/11/2004,HUF,IN,AGL,CE,Towers with Radar,0,2,21,6,29,0,0,31,24,55,0,2,52,30,84,2,32,34,118
01/12/2004,HUF,IN,AGL,CE,Towers with Radar,0,4,26,0,30,0,0,28,0,28,0,4,54,0,58,216,0,216,274
01/13/2004,HUF,IN,AGL,CE,Towers with Radar,0,4,46,13,63,0,0,79,0,79,0,4,125,13,142,134,2,136,278
01/14/2004,HUF,IN,AGL,CE,Towers with Radar,0,6,38,11,55,0,5,47,7,59,0,11,85,18,114,120,2,122,236
01/15/2004,HUF,IN,AGL,CE,Towers with Radar,0,5,40,11,56,0,3,81,6,90,0,8,121,17,146,184,14,198,344
01/16/2004,HUF,IN,AGL,CE,Towers with Radar,0,3,45,6,54,2,0,107,0,109,2,3,152,6,163,178,10,188,351
01/17/2004,HUF,IN,AGL,CE,Towers with Radar,0,1,2,0,3,0,0,0,0,0,0,1,2,0,3,0,0,0,3
01/18/2004,HUF,IN,AGL,CE,Towers with Radar,0,0,19,0,19,0,0,17,0,17,0,0,36,0,36,30,0,30,66
01/19/2004,HUF,IN,AGL,CE,Towers with Radar,0,4,36,0,40,0,0,92,0,92,0,4,128,0,132,115,0,115,247
01/20/2004,HUF,IN,AGL,CE,Towers with Radar,0,4,43,9,56,0,0,85,0,85,0,4,128,9,141,128,8,136,277
01/21/2004,HUF,IN,AGL,CE,Towers with Radar,0,6,43,12,61,0,1,105,3,109,0,7,148,15,170,224,14,238,408
01/22/2004,HUF,IN,AGL,CE,Towers with Radar,0,7,43,12,62,2,6,67,3,78,2,13,110,15,140,39,8,47,187
01/23/2004,HUF,IN,AGL,CE,Towers with Radar,0,5,40,11,56,0,1,79,4,84,0,6,119,15,140,90,12,102,242
01/24/2004,HUF,IN,AGL,CE,Towers with Radar,0,4,33,3,40,0,0,57,0,57,0,4,90,3,97,90,0,90,187
01/25/2004,HUF,IN,AGL,CE,Towers with Radar,0,0,1,0,1,0,0,0,0,0,0,0,1,0,1,0,0,0,1
01/26/2004,HUF,IN,AGL,CE,Towers with Radar,0,1,3,0,4,0,3,0,0,3,0,4,3,0,7,0,0,0,7
01/27/2004,HUF,IN,AGL,CE,Towers with Radar,0,3,1,0,4,0,3,0,0,3,0,6,1,0,7,0,0,0,7
01/28/2004,HUF,IN,AGL,CE,Towers with Radar,0,7,48,7,62,2,1,115,0,118,2,8,163,7,180,92,0,92,272
01/29/2004,HUF,IN,AGL,CE,Towers with Radar,0,6,38,10,54,0,5,15,7,27,0,11,53,17,81,30,0,30,111
01/30/2004,HUF,IN,AGL,CE,Towers with Radar,0,2,38,4,44,0,0,56,0,56,0,2,94,4,100,20,2,22,122
01/31/2004,HUF,IN,AGL,CE,Towers with Radar,0,0,39,0,39,0,0,129,0,129,0,0,168,0,168,94,0,94,262
02/01/2004,HUF,IN,AGL,CE,Towers with Radar,0,0,26,0,26,0,0,29,0,29,0,0,55,0,55,116,0,116,171
02/02/2004,HUF,IN,AGL,CE,Towers with Radar,0,1,4,0,5,0,3,0,0,3,0,4,4,0,8,2,0,2,10
02/03/2004,HUF,IN,AGL,CE,Towers with Radar,0,6,60,9,75,0,0,0,1,1,0,6,60,10,76,40,0,40,116
02/04/2004,HUF,IN,AGL,CE,Towers with Radar,1,7,68,10,86,1,0,166,18,185,2,7,234,28,271,152,7,159,430
02/05/2004,HUF,IN,AGL,CE,Towers with Radar,0,3,21,0,24,0,7,0,0,7,0,10,21,0,31,18,0,18,49
02/06/2004,HUF,IN,AGL,CE,Towers with Radar,0,2,36,7,45,0,0,0,3,3,0,2,36,10,48,0,0,0,48
02/07/2004,HUF,IN,AGL,CE,Towers with Radar,0,0,2,0,2,0,0,0,0,0,0,0,2,0,2,0,0,0,2
02/08/2004,HUF,IN,AGL,CE,Towers with Radar,0,0,33,8,41,0,0,0,27,27,0,0,33,35,68,82,2,84,152
02/09/2004,HUF,IN,AGL,CE,Towers with Radar,0,4,52,0,56,0,6,157,0,163,0,10,209,0,219,328,0,328,547
02/10/2004,HUF,IN,AGL,CE,Towers with Radar,0,4,65,10,79,0,0,133,15,148,0,4,198,25,227,178,2,180,407
02/11/2004,HUF,IN,AGL,CE,Towers with Radar,0,6,63,10,79,0,2,146,22,170,0,8,209,32,249,278,22,300,549
02/12/2004,HUF,IN,AGL,CE,Towers with Radar,0,7,69,11,87,0,2,80,5,87,0,9,149,16,174,129,0,129,303
02/13/2004,HUF,IN,AGL,CE,Towers with Radar,0,6,74,12,92,0,0,17,2,19,0,6,91,14,111,176,2,178,289
02/14/2004,HUF,IN,AGL,CE,Towers with Radar,0,0,31,0,31,0,0,104,0,104,0,0,135,0,135,164,0,164,299
02/15/2004,HUF,IN,AGL,CE,Towers with Radar,0,0,36,0,36,0,0,85,0,85,0,0,121,0,121,100,0,100,221
02/16/2004,HUF,IN,AGL,CE,Towers with Radar,0,0,65,11,76,0,0,131,9,140,0,0,196,20,216,257,0,257,473
02/17/2004,HUF,IN,AGL,CE,Towers with Radar,0,6,67,11,84,0,4,97,8,109,0,10,164,19,193,198,25,223,416
02/18/2004,HUF,IN,AGL,CE,Towers with Radar,0,4,65,11,80,0,0,125,7,132,0,4,190,18,212,254,18,272,484
02/19/2004,HUF,IN,AGL,CE,Towers with Radar,0,6,78,10,94,0,11,133,0,144,0,17,211,10,238,238,18,256,494
02/20/2004,HUF,IN,AGL,CE,Towers with Radar,0,3,47,6,56,2,0,5,1,8,2,3,52,7,64,43,0,43,107
02/21/2004,HUF,IN,AGL,CE,Towers with Radar,0,0,33,2,35,0,0,4,0,4,0,0,37,2,39,132,0,132,171
02/22/2004,HUF,IN,AGL,CE,Towers with Radar,0,0,42,0,42,0,0,110,0,110,0,0,152,0,152,266,0,266,418
02/23/2004,HUF,IN,AGL,CE,Towers with Radar,0,4,53,7,64,0,4,152,0,156,0,8,205,7,220,229,2,231,451
02/24/2004,HUF,IN,AGL,CE,Towers with Radar,0,5,66,8,79,2,0,38,0,40,2,5,104,8,119,127,0,127,246
02/25/2004,HUF,IN,AGL,CE,Towers with Radar,0,4,64,5,73,0,0,134,0,134,0,4,198,5,207,268,0,268,475
02/26/2004,HUF,IN,AGL,CE,Towers with Radar,0,6,67,3,76,0,3,110,0,113,0,9,177,3,189,169,4,173,362
02/27/2004,HUF,IN,AGL,CE,Towers with Radar,0,4,77,12,93,0,0,128,5,133,0,4,205,17,226,188,4,192,418
02/28/2004,HUF,IN,AGL,CE,Towers with Radar,0,3,40,2,45,0,1,71,0,72,0,4,111,2,117,216,1,217,334
02/29/2004,HUF,IN,AGL,CE,Towers with Radar,0,0,43,2,45,0,0,53,0,53,0,0,96,2,98,168,0,168,266
03/01/2004,HUF,IN,AGL,CE,Towers with Radar,0,2,26,3,31,0,2,5,0,7,0,4,31,3,38,16,2,18,56
03/02/2004,HUF,IN,AGL,CE,Towers with Radar,1,2,65,15,83,1,0,91,5,97,2,2,156,20,180,122,16,138,318
03/03/2004,HUF,IN,AGL,CE,Towers with Radar,0,4,69,16,89,0,0,48,20,68,0,4,117,36,157,100,10,110,267
03/04/2004,HUF,IN,AGL,CE,Towers with Radar,0,3,6,0,9,0,1,0,0,1,0,4,6,0,10,0,0,0,10
03/05/2004,HUF,IN,AGL,CE,Towers with Radar,0,2,8,6,16,0,0,0,1,1,0,2,8,7,17,0,28,28,45
03/06/2004,HUF,IN,AGL,CE,Towers with Radar,0,0,38,9,47,0,0,18,2,20,0,0,56,11,67,28,6,34,101
03/07/2004,HUF,IN,AGL,CE,Towers with Radar,0,2,16,4,22,0,0,5,10,15,0,2,21,14,37,2,16,18,55
03/08/2004,HUF,IN,AGL,CE,Towers with Radar,0,2,16,0,18,0,2,0,0,2,0,4,16,0,20,20,0,20,40
03/09/2004,HUF,IN,AGL,CE,Towers with Radar,0,2,45,11,58,0,0,6,8,14,0,2,51,19,72,22,9,31,103
03/10/2004,HUF,IN,AGL,CE,Towers with Radar,0,3,41,10,54,0,4,16,2,22,0,7,57,12,76,16,8,24,100
03/11/2004,HUF,IN,AGL,CE,Towers with Radar,0,3,31,9,43,0,5,0,7,12,0,8,31,16,55,2,4,6,61
03/12/2004,HUF,IN,AGL,CE,Towers with Radar,0,2,40,10,52,0,0,9,17,26,0,2,49,27,78,44,24,68,146
03/13/2004,HUF,IN,AGL,CE,Towers with Radar,0,0,32,6,38,0,0,42,0,42,0,0,74,6,80,42,0,42,122
03/14/2004,HUF,IN,AGL,CE,Towers with Radar,0,2,24,6,32,0,0,2,2,4,0,2,26,8,36,7,0,7,43
03/15/2004,HUF,IN,AGL,CE,Towers with Radar,0,2,47,10,59,0,0,116,4,120,0,2,163,14,179,244,10,254,433
03/16/2004,HUF,IN,AGL,CE,Towers with Radar,0,3,11,6,20,0,1,0,12,13,0,4,11,18,33,0,2,2,35
03/17/2004,HUF,IN,AGL,CE,Towers with Radar,0,2,32,6,40,0,4,11,0,15,0,6,43,6,55,39,0,39,94
03/18/2004,HUF,IN,AGL,CE,Towers with Radar,0,4,48,8,60,0,0,132,0,132,0,4,180,8,192,284,22,306,498
03/19/2004,HUF,IN,AGL,CE,Towers with Radar,0,2,66,14,82,0,0,214,5,219,0,2,280,19,301,198,16,214,515
03/20/2004,HUF,IN,AGL,CE,Towers with Radar,0,0,21,0,21,0,0,5,0,5,0,0,26,0,26,17,0,17,43
03/21/2004,HUF,IN,AGL,CE,Towers with Radar,0,0,38,8,46,0,0,58,4,62,0,0,96,12,108,228,0,228,336
03/22/2004,HUF,IN,AGL,CE,Towers with Radar,0,3,46,1,50,0,3,143,0,146,0,6,189,1,196,248,0,248,444
03/23/2004,HUF,IN,AGL,CE,Towers with Radar,0,5,10,13,28,6,186,0,310,502,6,191,10,323,530,2,0,2,532
03/24/2004,HUF,IN,AGL,CE,Towers with Radar,0,4,52,7,63,0,6,65,0,71,0,10,117,7,134,49,0,49,183
03/25/2004,HUF,IN,AGL,CE,Towers with Radar,0,4,55,8,67,0,4,80,0,84,0,8,135,8,151,226,10,236,387
03/26/2004,HUF,IN,AGL,CE,Towers with Radar,0,3,3,4,10,0,3,0,0,3,0,6,3,4,13,20,0,20,33
03/27/2004,HUF,IN,AGL,CE,Towers with Radar,0,0,41,10,51,0,0,31,6,37,0,0,72,16,88,66,4,70,158
03/28/2004,HUF,IN,AGL,CE,Towers with Radar,0,0,24,0,24,0,0,42,0,42,0,0,66,0,66,48,0,48,114
03/29/2004,HUF,IN,AGL,CE,Towers with Radar,0,4,49,10,63,0,0,123,3,126,0,4,172,13,189,320,14,334,523
03/30/2004,HUF,IN,AGL,CE,Towers with Radar,0,3,40,0,43,0,2,17,0,19,0,5,57,0,62,10,0,10,72
03/31/2004,HUF,IN,AGL,CE,Towers with Radar,0,4,56,13,73,0,3,80,1,84,0,7,136,14,157,100,16,116,273
04/01/2004,HUF,IN,AGL,CE,Towers with Radar,1,4,58,13,76,1,0,146,0,147,2,4,204,13,223,290,2,292,515
04/02/2004,HUF,IN,AGL,CE,Towers with Radar,0,4,55,16,75,0,0,136,12,148,0,4,191,28,223,372,28,400,623
04/03/2004,HUF,IN,AGL,CE,Towers with Radar,0,1,28,7,36,0,0,113,0,113,0,1,141,7,149,200,0,200,349
04/04/2004,HUF,IN,AGL,CE,Towers with Radar,0,2,29,8,39,0,0,51,1,52,0,2,80,9,91,130,0,130,221
04/05/2004,HUF,IN,AGL,CE,Towers with Radar,0,4,38,11,53,0,8,101,15,124,0,12,139,26,177,316,0,316,493
04/06/2004,HUF,IN,AGL,CE,Towers with Radar,0,3,48,14,65,0,0,136,9,145,0,3,184,23,210,349,15,364,574
04/07/2004,HUF,IN,AGL,CE,Towers with Radar,1,5,43,12,61,1,1,72,17,91,2,6,115,29,152,184,8,192,344
04/08/2004,HUF,IN,AGL,CE,Towers with Radar,0,4,45,13,62,0,4,107,3,114,0,8,152,16,176,254,18,272,448
04/09/2004,HUF,IN,AGL,CE,Towers with Radar,0,4,47,14,65,0,0,155,3,158,0,4,202,17,223,262,28,290,513
04/10/2004,HUF,IN,AGL,CE,Towers with Radar,0,0,17,4,21,0,0,57,0,57,0,0,74,4,78,152,0,152,230
04/11/2004,HUF,IN,AGL,CE,Towers with Radar,0,0,21,0,21,0,0,20,0,20,0,0,41,0,41,22,0,22,63
04/12/2004,HUF,IN,AGL,CE,Towers with Radar,0,4,41,2,47,0,0,108,0,108,0,4,149,2,155,128,1,129,284
04/13/2004,HUF,IN,AGL,CE,Towers with Radar,0,4,40,11,55,0,2,7,18,27,0,6,47,29,82,11,21,32,114
04/14/2004,HUF,IN,AGL,CE,Towers with Radar,0,4,61,16,81,2,0,120,0,122,2,4,181,16,203,216,4,220,423
04/15/2004,HUF,IN,AGL,CE,Towers with Radar,0,6,56,14,76,0,4,122,0,126,0,10,178,14,202,148,2,150,352
04/16/2004,HUF,IN,AGL,CE,Towers with Radar,0,5,53,12,70,0,0,101,0,101,0,5,154,12,171,162,16,178,349
04/17/2004,HUF,IN,AGL,CE,Towers with Radar,0,1,27,7,35,0,0,38,7,45,0,1,65,14,80,66,2,68,148
04/18/2004,HUF,IN,AGL,CE,Towers with Radar,0,0,32,8,40,0,0,35,16,51,0,0,67,24,91,18,20,38,129
04/19/2004,HUF,IN,AGL,CE,Towers with Radar,0,3,32,1,36,0,1,49,0,50,0,4,81,1,86,152,0,152,238
04/20/2004,HUF,IN,AGL,CE,Towers with Radar,0,2,35,5,42,0,0,28,0,28,0,2,63,5,70,84,0,84,154
04/21/2004,HUF,IN,AGL,CE,Towers with Radar,0,4,41,10,55,2,7,93,0,102,2,11,134,10,157,124,4,128,285
04/22/2004,HUF,IN,AGL,CE,Towers with Radar,0,4,48,2,54,0,0,13,0,13,0,4,61,2,67,38,0,38,105
04/23/2004,HUF,IN,AGL,CE,Towers with Radar,0,2,46,12,60,0,0,67,8,75,0,2,113,20,135,156,8,164,299
04/24/2004,HUF,IN,AGL,CE,Towers with Radar,0,0,27,0,27,0,0,21,0,21,0,0,48,0,48,61,0,61,109
04/25/2004,HUF,IN,AGL,CE,Towers with Radar,0,0,22,5,27,0,0,10,3,13,0,0,32,8,40,56,0,56,96
04/26/2004,HUF,IN,AGL,CE,Towers with Radar,0,4,41,10,55,0,2,111,18,131,0,6,152,28,186,102,12,114,300
04/27/2004,HUF,IN,AGL,CE,Towers with Radar,0,5,48,13,66,0,0,123,1,124,0,5,171,14,190,221,15,236,426
04/28/2004,HUF,IN,AGL,CE,Towers with Radar,0,3,37,10,50,0,4,17,1,22,0,7,54,11,72,108,18,126,198
04/29/2004,HUF,IN,AGL,CE,Towers with Radar,0,4,51,14,69,0,0,149,2,151,0,4,200,16,220,126,12,138,358
04/30/2004,HUF,IN,AGL,CE,Towers with Radar,0,4,49,14,67,0,0,84,6,90,0,4,133,20,157,174,6,180,337
05/01/2004,HUF,IN,AGL,CE,Towers with Radar,0,0,5,2,7,0,5,0,3,8,0,5,5,5,15,0,0,0,15
05/02/2004,HUF,IN,AGL,CE,Towers with Radar,0,0,29,6,35,0,0,38,8,46,0,0,67,14,81,136,10,146,227
05/03/2004,HUF,IN,AGL,CE,Towers with Radar,0,3,30,0,33,0,1,142,0,143,0,4,172,0,176,162,0,162,338
05/04/2004,HUF,IN,AGL,CE,Towers with Radar,0,4,38,7,49,0,0,84,13,97,0,4,122,20,146,190,22,212,358
05/05/2004,HUF,IN,AGL,CE,Towers with Radar,0,5,47,9,61,0,0,110,19,129,0,5,157,28,190,204,18,222,412
05/06/2004,HUF,IN,AGL,CE,Towers with Radar,0,4,36,7,47,0,1,128,9,138,0,5,164,16,185,239,0,239,424
05/07/2004,HUF,IN,AGL,CE,Towers with Radar,0,3,40,8,51,0,0,76,8,84,0,3,116,16,135,162,6,168,303
05/08/2004,HUF,IN,AGL,CE,Towers with Radar,0,0,30,0,30,0,0,112,0,112,0,0,142,0,142,68,0,68,210
05/09/2004,HUF,IN,AGL,CE,Towers with Radar,0,1,26,0,27,0,0,43,0,43,0,1,69,0,70,76,0,76,146
05/10/2004,HUF,IN,AGL,CE,Towers with Radar,0,4,30,6,40,2,0,36,17,55,2,4,66,23,95,84,18,102,197
05/11/2004,HUF,IN,AGL,CE,Towers with Radar,0,4,41,8,53,0,0,59,14,73,0,4,100,22,126,86,6,92,218
05/12/2004,HUF,IN,AGL,CE,Towers with Radar,0,3,36,7,46,0,2,47,16,65,0,5,83,23,111,72,50,122,233
05/13/2004,HUF,IN,AGL,CE,Towers with Radar,0,4,47,10,61,0,0,53,4,57,0,4,100,14,118,186,0,186,304
05/14/2004,HUF,IN,AGL,CE,Towers with Radar,0,2,40,8,50,0,0,12,3,15,0,2,52,11,65,4,8,12,77
05/15/2004,HUF,IN,AGL,CE,Towers with Radar,0,0,33,0,33,0,0,12,0,12,0,0,45,0,45,8,0,8,53
05/16/2004,HUF,IN,AGL,CE,Towers with Radar,0,0,29,0,29,0,0,47,0,47,0,0,76,0,76,120,0,120,196
05/17/2004,HUF,IN,AGL,CE,Towers with Radar,0,3,40,7,50,0,1,37,17,55,0,4,77,24,105,253,0,253,358
05/18/2004,HUF,IN,AGL,CE,Towers with Radar,0,4,42,7,53,0,0,23,0,23,0,4,65,7,76,130,0,130,206
05/19/2004,HUF,IN,AGL,CE,Towers with Radar,0,4,41,4,49,2,2,33,0,37,2,6,74,4,86,40,0,40,126
05/20/2004,HUF,IN,AGL,CE,Towers with Radar,0,4,42,5,51,2,0,54,0,56,2,4,96,5,107,152,0,152,259
05/21/2004,HUF,IN,AGL,CE,Towers with Radar,0,2,33,6,41,0,0,70,6,76,0,2,103,12,117,140,0,140,257
05/22/2004,HUF,IN,AGL,CE,Towers with Radar,0,2,25,4,31,0,0,49,0,49,0,2,74,4,80,98,0,98,178
05/23/2004,HUF,IN,AGL,CE,Towers with Radar,0,1,19,1,21,0,1,9,0,10,0,2,28,1,31,0,0,0,31
05/24/2004,HUF,IN,AGL,CE,Towers with Radar,0,3,34,6,43,0,3,114,9,126,0,6,148,15,169,164,23,187,356
05/25/2004,HUF,IN,AGL,CE,Towers with Radar,0,3,37,7,47,0,2,87,4,93,0,5,124,11,140,132,2,134,274
05/26/2004,HUF,IN,AGL,CE,Towers with Radar,0,3,36,7,46,2,4,71,15,92,2,7,107,22,138,84,4,88,226
05/27/2004,HUF,IN,AGL,CE,Towers with Radar,0,3,34,0,37,0,3,34,0,37,0,6,68,0,74,146,0,146,220
05/28/2004,HUF,IN,AGL,CE,Towers with Radar,0,3,45,0,48,0,0,79,0,79,0,3,124,0,127,186,0,186,313
05/29/2004,HUF,IN,AGL,CE,Towers with Radar,0,1,25,0,26,0,0,64,0,64,0,1,89,0,90,89,0,89,179
05/30/2004,HUF,IN,AGL,CE,Towers with Radar,0,1,10,0,11,0,0,0,0,0,0,1,10,0,11,0,0,0,11
05/31/2004,HUF,IN,AGL,CE,Towers with Radar,0,3,33,2,38,0,0,42,0,42,0,3,75,2,80,80,0,80,160
06/01/2004,HUF,IN,AGL,CE,Towers with Radar,0,3,31,8,42,0,5,90,8,103,0,8,121,16,145,136,18,154,299
06/02/2004,HUF,IN,AGL,CE,Towers with Radar,0,4,35,8,47,0,0,104,7,111,0,4,139,15,158,114,30,144,302
06/03/2004,HUF,IN,AGL,CE,Towers with Radar,1,5,34,9,49,1,2,76,2,81,2,7,110,11,130,194,5,199,329
06/04/2004,HUF,IN,AGL,CE,Towers with Radar,0,5,42,11,58,0,0,75,17,92,0,5,117,28,150,157,14,171,321
06/05/2004,HUF,IN,AGL,CE,Towers with Radar,0,0,16,0,16,0,0,45,0,45,0,0,61,0,61,78,0,78,139
06/06/2004,HUF,IN,AGL,CE,Towers with Radar,0,0,19,5,24,0,0,39,0,39,0,0,58,5,63,66,0,66,129
06/07/2004,HUF,IN,AGL,CE,Towers with Radar,0,3,29,6,38,0,2,78,0,80,0,5,107,6,118,270,2,272,390
06/08/2004,HUF,IN,AGL,CE,Towers with Radar,0,4,37,8,49,0,0,102,0,102,0,4,139,8,151,170,4,174,325
06/09/2004,HUF,IN,AGL,CE,Towers with Radar,0,4,31,8,43,0,4,72,7,83,0,8,103,15,126,115,12,127,253
06/10/2004,HUF,IN,AGL,CE,Towers with Radar,1,3,32,8,44,1,2,47,2,52,2,5,79,10,96,198,32,230,326
06/11/2004,HUF,IN,AGL,CE,Towers with Radar,0,4,34,4,42,0,0,53,0,53,0,4,87,4,95,164,0,164,259
06/12/2004,HUF,IN,AGL,CE,Towers with Radar,0,0,12,4,16,2,0,0,3,5,2,0,12,7,21,9,0,9,30
06/13/2004,HUF,IN,AGL,CE,Towers with Radar,0,0,24,6,30,0,0,0,19,19,0,0,24,25,49,26,12,38,87
06/14/2004,HUF,IN,AGL,CE,Towers with Radar,0,5,36,2,43,0,1,59,0,60,0,6,95,2,103,154,4,158,261
06/15/2004,HUF,IN,AGL,CE,Towers with Radar,0,5,37,6,48,0,0,37,0,37,0,5,74,6,85,166,0,166,251
06/16/2004,HUF,IN,AGL,CE,Towers with Radar,0,4,36,8,48,0,1,63,8,72,0,5,99,16,120,46,8,54,174
06/17/2004,HUF,IN,AGL,CE,Towers with Radar,0,4,36,8,48,0,5,58,2,65,0,9,94,10,113,100,0,100,213
06/18/2004,HUF,IN,AGL,CE,Towers with Radar,0,5,39,3,47,0,2,60,0,62,0,7,99,3,109,206,0,206,315
06/19/2004,HUF,IN,AGL,CE,Towers with Radar,0,0,23,1,24,0,0,48,0,48,0,0,71,1,72,32,0,32,104
06/20/2004,HUF,IN,AGL,CE,Towers with Radar,0,0,24,2,26,0,0,44,0,44,0,0,68,2,70,86,0,86,156
06/21/2004,HUF,IN,AGL,CE,Towers with Radar,0,2,24,4,30,0,0,38,0,38,0,2,62,4,68,200,0,200,268
06/22/2004,HUF,IN,AGL,CE,Towers with Radar,0,4,33,8,45,0,6,99,0,105,0,10,132,8,150,276,0,276,426
06/23/2004,HUF,IN,AGL,CE,Towers with Radar,0,4,44,5,53,0,0,100,0,100,0,4,144,5,153,252,2,254,407
06/24/2004,HUF,IN,AGL,CE,Towers with Radar,0,3,32,8,43,0,5,45,23,73,0,8,77,31,116,197,4,201,317
06/25/2004,HUF,IN,AGL,CE,Towers with Radar,0,5,44,11,60,2,1,44,7,54,2,6,88,18,114,95,0,95,209
06/26/2004,HUF,IN,AGL,CE,Towers with Radar,0,2,27,7,36,0,0,84,5,89,0,2,111,12,125,22,0,22,147
06/27/2004,HUF,IN,AGL,CE,Towers with Radar,0,1,27,7,35,0,0,57,3,60,0,1,84,10,95,84,0,84,179
06/28/2004,HUF,IN,AGL,CE,Towers with Radar,0,4,30,8,42,0,0,63,12,75,0,4,93,20,117,145,20,165,282
06/29/2004,HUF,IN,AGL,CE,Towers with Radar,0,4,36,9,49,0,0,70,14,84,0,4,106,23,133,136,36,172,305
06/30/2004,HUF,IN,AGL,CE,Towers with Radar,0,4,38,9,51,2,1,99,5,107,2,5,137,14,158,166,16,182,340
07/01/2004,HUF,IN,AGL,CE,Towers with Radar,0,5,43,14,62,0,4,60,4,68,0,9,103,18,130,154,22,176,306
07/02/2004,HUF,IN,AGL,CE,Towers with Radar,0,4,30,4,38,0,0,33,0,33,0,4,63,4,71,48,0,48,119
07/03/2004,HUF,IN,AGL,CE,Towers with Radar,0,0,15,0,15,0,0,4,0,4,0,0,19,0,19,4,0,4,23
07/04/2004,HUF,IN,AGL,CE,Towers with Radar,0,0,11,3,14,0,0,11,1,12,0,0,22,4,26,0,0,0,26
07/05/2004,HUF,IN,AGL,CE,Towers with Radar,0,0,22,6,28,0,0,59,0,59,0,0,81,6,87,100,12,112,199
07/06/2004,HUF,IN,AGL,CE,Towers with Radar,0,3,27,10,40,0,1,58,1,60,0,4,85,11,100,196,26,222,322
07/07/2004,HUF,IN,AGL,CE,Towers with Radar,0,4,32,11,47,0,0,82,9,91,0,4,114,20,138,154,2,156,294
07/08/2004,HUF,IN,AGL,CE,Towers with Radar,1,4,34,12,51,1,5,109,10,125,2,9,143,22,176,76,0,76,252
07/09/2004,HUF,IN,AGL,CE,Towers with Radar,0,4,39,14,57,0,0,15,13,28,0,4,54,27,85,6,68,74,159
07/10/2004,HUF,IN,AGL,CE,Towers with Radar,0,0,14,5,19,0,0,9,2,11,0,0,23,7,30,20,0,20,50
07/11/2004,HUF,IN,AGL,CE,Towers with Radar,0,0,19,1,20,0,0,22,0,22,0,0,41,1,42,6,0,6,48
07/12/2004,HUF,IN,AGL,CE,Towers with Radar,0,3,24,9,36,0,1,48,7,56,0,4,72,16,92,44,4,48,140
07/13/2004,HUF,IN,AGL,CE,Towers with Radar,0,5,31,11,47,0,1,43,14,58,0,6,74,25,105,58,20,78,183
07/14/2004,HUF,IN,AGL,CE,Towers with Radar,0,4,36,13,53,0,0,113,7,120,0,4,149,20,173,144,24,168,341
07/15/2004,HUF,IN,AGL,CE,Towers with Radar,0,4,30,0,34,0,2,59,0,61,0,6,89,0,95,104,0,104,199
07/16/2004,HUF,IN,AGL,CE,Towers with Radar,0,2,34,12,48,2,0,61,13,76,2,2,95,25,124,44,22,66,190
07/17/2004,HUF,IN,AGL,CE,Towers with Radar,0,4,30,11,45,0,2,28,38,68,0,6,58,49,113,26,0,26,139
07/18/2004,HUF,IN,AGL,CE,Towers with Radar,0,0,25,9,34,0,0,41,17,58,0,0,66,26,92,86,18,104,196
07/19/2004,HUF,IN,AGL,CE,Towers with Radar,0,4,27,10,41,0,0,90,15,105,0,4,117,25,146,268,10,278,424
07/20/2004,HUF,IN,AGL,CE,Towers with Radar,0,4,35,10,49,1,5,131,0,137,1,9,166,10,186,187,6,193,379
07/21/2004,HUF,IN,AGL,CE,Towers with Radar,0,5,41,13,59,3,2,39,0,44,3,7,80,13,103,152,16,168,271
07/22/2004,HUF,IN,AGL,CE,Towers with Radar,0,5,42,14,61,0,5,24,28,57,0,10,66,42,118,102,24,126,244
07/23/2004,HUF,IN,AGL,CE,Towers with Radar,0,2,43,14,59,0,0,66,8,74,0,2,109,22,133,148,10,158,291
07/24/2004,HUF,IN,AGL,CE,Towers with Radar,0,2,25,0,27,0,0,57,0,57,0,2,82,0,84,96,0,96,180
07/25/2004,HUF,IN,AGL,CE,Towers with Radar,0,2,33,0,35,0,0,49,0,49,0,2,82,0,84,34,0,34,118
07/26/2004,HUF,IN,AGL,CE,Towers with Radar,0,2,36,1,39,0,0,100,0,100,0,2,136,1,139,148,0,148,287
07/27/2004,HUF,IN,AGL,CE,Towers with Radar,0,2,42,14,58,0,0,85,8,93,0,2,127,22,151,216,16,232,383
07/28/2004,HUF,IN,AGL,CE,Towers with Radar,0,4,34,11,49,0,0,53,12,65,0,4,87,23,114,116,52,168,282
07/29/2004,HUF,IN,AGL,CE,Towers with Radar,0,4,43,14,61,2,0,52,0,54,2,4,95,14,115,186,54,240,355
07/30/2004,HUF,IN,AGL,CE,Towers with Radar,0,5,33,3,41,0,1,0,0,1,0,6,33,3,42,24,2,26,68
07/31/2004,HUF,IN,AGL,CE,Towers with Radar,0,4,36,7,47,0,3,36,0,39,0,7,72,7,86,110,0,110,196
08/01/2004,HUF,IN,AGL,CE,Towers with Radar,0,0,27,6,33,0,0,74,0,74,0,0,101,6,107,162,0,162,269
08/02/2004,HUF,IN,AGL,CE,Towers with Radar,0,4,25,6,35,0,0,66,0,66,0,4,91,6,101,232,0,232,333
08/03/2004,HUF,IN,AGL,CE,Towers with Radar,0,4,29,10,43,0,0,49,2,51,0,4,78,12,94,180,20,200,294
08/04/2004,HUF,IN,AGL,CE,Towers with Radar,0,4,27,9,40,0,0,17,0,17,0,4,44,9,57,90,5,95,152
08/05/2004,HUF,IN,AGL,CE,Towers with Radar,1,4,34,9,48,1,6,74,0,81,2,10,108,9,129,140,34,174,303
08/06/2004,HUF,IN,AGL,CE,Towers with Radar,0,2,33,11,46,0,0,74,0,74,0,2,107,11,120,110,30,140,260
08/07/2004,HUF,IN,AGL,CE,Towers with Radar,0,0,17,2,19,0,0,77,0,77,0,0,94,2,96,20,0,20,116
08/08/2004,HUF,IN,AGL,CE,Towers with Radar,0,0,22,6,28,0,0,19,0,19,0,0,41,6,47,64,0,64,111
08/09/2004,HUF,IN,AGL,CE,Towers with Radar,0,4,26,9,39,0,0,61,1,62,0,4,87,10,101,102,14,116,217
08/10/2004,HUF,IN,AGL,CE,Towers with Radar,0,4,34,11,49,0,0,62,1,63,0,4,96,12,112,90,6,96,208
08/11/2004,HUF,IN,AGL,CE,Towers with Radar,0,3,32,10,45,0,2,60,4,66,0,5,92,14,111,44,8,52,163
08/12/2004,HUF,IN,AGL,CE,Towers with Radar,0,4,40,13,57,0,2,42,12,56,0,6,82,25,113,82,18,100,213
08/13/2004,HUF,IN,AGL,CE,Towers with Radar,0,2,34,11,47,2,0,39,11,52,2,2,73,22,99,44,2,46,145
08/14/2004,HUF,IN,AGL,CE,Towers with Radar,0,0,13,5,18,0,0,60,5,65,0,0,73,10,83,53,6,59,142
08/15/2004,HUF,IN,AGL,CE,Towers with Radar,0,0,26,9,35,0,0,31,28,59,0,0,57,37,94,72,30,102,196
08/16/2004,HUF,IN,AGL,CE,Towers with Radar,0,4,29,2,35,0,1,62,0,63,0,5,91,2,98,80,0,80,178
08/17/2004,HUF,IN,AGL,CE,Towers with Radar,0,3,27,8,38,0,1,44,4,49,0,4,71,12,87,55,16,71,158
08/18/2004,HUF,IN,AGL,CE,Towers with Radar,0,3,25,7,35,2,1,36,3,42,2,4,61,10,77,98,31,129,206
08/19/2004,HUF,IN,AGL,CE,Towers with Radar,0,4,33,10,47,0,0,35,5,40,0,4,68,15,87,144,18,162,249
08/20/2004,HUF,IN,AGL,CE,Towers with Radar,0,2,20,0,22,0,0,0,0,0,0,2,20,0,22,0,0,0,22
08/21/2004,HUF,IN,AGL,CE,Towers with Radar,0,0,22,0,22,0,0,61,0,61,0,0,83,0,83,78,0,78,161
08/22/2004,HUF,IN,AGL,CE,Towers with Radar,0,0,24,7,31,0,0,68,14,82,0,0,92,21,113,50,8,58,171
08/23/2004,HUF,IN,AGL,CE,Towers with Radar,0,4,32,9,45,0,3,32,15,50,0,7,64,24,95,73,6,79,174
08/24/2004,HUF,IN,AGL,CE,Towers with Radar,0,4,31,9,44,0,6,19,12,37,0,10,50,21,81,20,28,48,129
08/25/2004,HUF,IN,AGL,CE,Towers with Radar,0,4,36,12,52,0,0,26,5,31,0,4,62,17,83,46,0,46,129
08/26/2004,HUF,IN,AGL,CE,Towers with Radar,0,3,33,8,44,0,7,34,0,41,0,10,67,8,85,58,6,64,149
08/27/2004,HUF,IN,AGL,CE,Towers with Radar,0,2,33,11,46,0,0,25,5,30,0,2,58,16,76,72,8,80,156
08/28/2004,HUF,IN,AGL,CE,Towers with Radar,0,2,19,0,21,0,1,14,0,15,0,3,33,0,36,56,0,56,92
08/29/2004,HUF,IN,AGL,CE,Towers with Radar,0,2,25,6,33,0,0,25,0,25,0,2,50,6,58,26,0,26,84
08/30/2004,HUF,IN,AGL,CE,Towers with Radar,0,3,32,10,45,0,2,92,14,108,0,5,124,24,153,146,16,162,315
08/31/2004,HUF,IN,AGL,CE,Towers with Radar,0,4,32,10,46,0,10,64,12,86,0,14,96,22,132,150,20,170,302
09/01/2004,HUF,IN,AGL,CE,Towers with Radar,1,4,31,11,47,1,0,39,11,51,2,4,70,22,98,64,18,82,180
09/02/2004,HUF,IN,AGL,CE,Towers with Radar,0,3,34,11,48,0,1,164,15,180,0,4,198,26,228,74,6,80,308
09/03/2004,HUF,IN,AGL,CE,Towers with Radar,0,2,41,14,57,0,0,25,0,25,0,2,66,14,82,34,0,34,116
09/04/2004,HUF,IN,AGL,CE,Towers with Radar,0,0,21,1,22,0,0,0,0,0,0,0,21,1,22,16,0,16,38
09/05/2004,HUF,IN,AGL,CE,Towers with Radar,0,0,14,0,14,0,0,5,0,5,0,0,19,0,19,54,0,54,73
09/06/2004,HUF,IN,AGL,CE,Towers with Radar,0,0,23,2,25,0,0,27,0,27,0,0,50,2,52,92,0,92,144
09/07/2004,HUF,IN,AGL,CE,Towers with Radar,0,4,32,12,48,0,0,78,19,97,0,4,110,31,145,149,28,177,322
09/08/2004,HUF,IN,AGL,CE,Towers with Radar,0,4,41,15,60,0,0,97,14,111,0,4,138,29,171,170,30,200,371
09/09/2004,HUF,IN,AGL,CE,Towers with Radar,0,4,42,15,61,0,4,99,5,108,0,8,141,20,169,130,20,150,319
09/10/2004,HUF,IN,AGL,CE,Towers with Radar,0,2,48,17,67,0,0,134,15,149,0,2,182,32,216,258,28,286,502
09/11/2004,HUF,IN,AGL,CE,Towers with Radar,0,1,34,11,46,0,0,62,17,79,0,1,96,28,125,108,6,114,239
09/12/2004,HUF,IN,AGL,CE,Towers with Radar,0,0,32,12,44,0,0,42,11,53,0,0,74,23,97,32,6,38,135
09/13/2004,HUF,IN,AGL,CE,Towers with Radar,0,3,37,1,41,0,2,133,0,135,0,5,170,1,176,192,0,192,368
09/14/2004,HUF,IN,AGL,CE,Towers with Radar,0,4,43,15,62,0,0,91,3,94,0,4,134,18,156,150,4,154,310
09/15/2004,HUF,IN,AGL,CE,Towers with Radar,0,5,44,16,65,0,13,149,13,175,0,18,193,29,240,136,14,150,390
09/16/2004,HUF,IN,AGL,CE,Towers with Radar,0,5,54,18,77,2,0,116,6,124,2,5,170,24,201,210,32,242,443
09/17/2004,HUF,IN,AGL,CE,Towers with Radar,0,4,47,15,66,0,0,146,5,151,0,4,193,20,217,232,40,272,489
09/18/2004,HUF,IN,AGL,CE,Towers with Radar,0,0,26,7,33,0,0,83,18,101,0,0,109,25,134,76,12,88,222
09/19/2004,HUF,IN,AGL,CE,Towers with Radar,0,0,32,10,42,0,0,99,15,114,0,0,131,25,156,106,26,132,288
09/20/2004,HUF,IN,AGL,CE,Towers with Radar,0,4,38,13,55,0,0,130,1,131,0,4,168,14,186,257,16,273,459
09/21/2004,HUF,IN,AGL,CE,Towers with Radar,0,4,47,12,63,0,0,153,0,153,0,4,200,12,216,211,13,224,440
09/22/2004,HUF,IN,AGL,CE,Towers with Radar,0,3,39,13,55,0,1,154,6,161,0,4,193,19,216,168,18,186,402
09/23/2004,HUF,IN,AGL,CE,Towers with Radar,0,4,47,16,67,0,0,157,1,158,0,4,204,17,225,240,13,253,478
09/24/2004,HUF,IN,AGL,CE,Towers with Radar,0,2,50,17,69,0,0,130,5,135,0,2,180,22,204,234,12,246,450
09/25/2004,HUF,IN,AGL,CE,Towers with Radar,0,0,20,1,21,0,0,92,0,92,0,0,112,1,113,170,0,170,283
09/26/2004,HUF,IN,AGL,CE,Towers with Radar,0,0,27,10,37,0,0,75,3,78,0,0,102,13,115,142,6,148,263
09/27/2004,HUF,IN,AGL,CE,Towers with Radar,0,4,37,4,45,0,2,148,0,150,0,6,185,4,195,268,0,268,463
09/28/2004,HUF,IN,AGL,CE,Towers with Radar,0,3,37,13,53,0,1,75,0,76,0,4,112,13,129,115,10,125,254
09/29/2004,HUF,IN,AGL,CE,Towers with Radar,0,4,45,10,59,0,3,140,0,143,0,7,185,10,202,166,4,170,372
09/30/2004,HUF,IN,AGL,CE,Towers with Radar,0,4,46,16,66,0,6,160,4,170,0,10,206,20,236,178,16,194,430
10/01/2004,HUF,IN,AGL,CE,Towers with Radar,0,2,51,13,66,0,0,91,0,91,0,2,142,13,157,172,0,172,329
10/02/2004,HUF,IN,AGL,CE,Towers with Radar,0,0,11,2,13,0,0,33,0,33,0,0,44,2,46,69,0,69,115
10/03/2004,HUF,IN,AGL,CE,Towers with Radar,0,1,22,0,23,0,0,73,0,73,0,1,95,0,96,66,0,66,162
10/04/2004,HUF,IN,AGL,CE,Towers with Radar,0,4,67,11,82,0,0,128,3,131,0,4,195,14,213,102,2,104,317
10/05/2004,HUF,IN,AGL,CE,Towers with Radar,0,6,68,23,97,0,0,130,3,133,0,6,198,26,230,200,8,208,438
10/06/2004,HUF,IN,AGL,CE,Towers with Radar,0,7,88,5,100,0,0,148,4,152,0,7,236,9,252,260,4,264,516
10/07/2004,HUF,IN,AGL,CE,Towers with Radar,4,10,48,16,78,0,0,84,12,96,4,10,132,28,174,188,30,218,392
10/08/2004,HUF,IN,AGL,CE,Towers with Radar,0,4,26,4,34,0,0,0,0,0,0,4,26,4,34,54,0,54,88
10/09/2004,HUF,IN,AGL,CE,Towers with Radar,4,0,29,0,33,0,0,26,0,26,4,0,55,0,59,28,0,28,87
10/10/2004,HUF,IN,AGL,CE,Towers with Radar,0,3,15,0,18,0,0,50,0,50,0,3,65,0,68,116,0,116,184
10/11/2004,HUF,IN,AGL,CE,Towers with Radar,0,1,58,0,59,0,0,130,0,130,0,1,188,0,189,188,0,188,377
10/12/2004,HUF,IN,AGL,CE,Towers with Radar,0,4,81,9,94,0,0,25,2,27,0,4,106,11,121,108,4,112,233
10/13/2004,HUF,IN,AGL,CE,Towers with Radar,0,6,22,22,50,0,0,0,0,0,0,6,22,22,50,0,0,0,50
10/14/2004,HUF,IN,AGL,CE,Towers with Radar,0,8,57,7,72,0,0,10,0,10,0,8,67,7,82,26,0,26,108
10/15/2004,HUF,IN,AGL,CE,Towers with Radar,0,2,55,17,74,0,0,32,8,40,0,2,87,25,114,56,12,68,182
10/16/2004,HUF,IN,AGL,CE,Towers with Radar,0,1,23,4,28,0,1,27,0,28,0,2,50,4,56,50,0,50,106
10/17/2004,HUF,IN,AGL,CE,Towers with Radar,0,0,20,1,21,0,0,67,0,67,0,0,87,1,88,215,0,215,303
10/18/2004,HUF,IN,AGL,CE,Towers with Radar,0,4,0,0,4,0,2,4,0,6,0,6,4,0,10,0,0,0,10
10/19/2004,HUF,IN,AGL,CE,Towers with Radar,0,5,11,8,24,0,0,1,0,1,0,5,12,8,25,0,0,0,25
10/20/2004,HUF,IN,AGL,CE,Towers with Radar,0,4,76,19,99,0,1,0,0,1,0,5,76,19,100,0,0,0,100
10/21/2004,HUF,IN,AGL,CE,Towers with Radar,2,7,106,20,135,0,0,85,0,85,2,7,191,20,220,290,6,296,516
10/22/2004,HUF,IN,AGL,CE,Towers with Radar,0,2,59,11,72,0,0,68,0,68,0,2,127,11,140,164,12,176,316
10/23/2004,HUF,IN,AGL,CE,Towers with Radar,0,0,3,0,3,0,0,0,0,0,0,0,3,0,3,0,0,0,3
10/24/2004,HUF,IN,AGL,CE,Towers with Radar,0,0,36,11,47,0,0,112,3,115,0,0,148,14,162,156,14,170,332
10/25/2004,HUF,IN,AGL,CE,Towers with Radar,0,4,96,0,100,0,0,182,0,182,0,4,278,0,282,301,0,301,583
10/26/2004,HUF,IN,AGL,CE,Towers with Radar,0,4,53,8,65,0,0,62,0,62,0,4,115,8,127,174,0,174,301
10/27/2004,HUF,IN,AGL,CE,Towers with Radar,0,6,80,9,95,0,0,0,0,0,0,6,80,9,95,0,0,0,95
10/28/2004,HUF,IN,AGL,CE,Towers with Radar,2,6,49,10,67,0,0,0,0,0,2,6,49,10,67,0,0,0,67
10/29/2004,HUF,IN,AGL,CE,Towers with Radar,0,2,96,13,111,0,0,62,15,77,0,2,158,28,188,128,0,128,316
10/30/2004,HUF,IN,AGL,CE,Towers with Radar,0,0,19,0,19,0,0,0,0,0,0,0,19,0,19,54,0,54,73
10/31/2004,HUF,IN,AGL,CE,Towers with Radar,0,0,32,0,32,0,0,110,5,115,0,0,142,5,147,240,0,240,387
11/01/2004,HUF,IN,AGL,CE,Combined TRACON& Tower with Radar,0,4,29,0,33,0,0,9,0,9,0,4,38,0,42,54,0,54,96
11/02/2004,HUF,IN,AGL,CE,Combined TRACON& Tower with Radar,0,6,10,26,42,0,0,1,0,1,0,6,11,26,43,0,0,0,43
11/03/2004,HUF,IN,AGL,CE,Combined TRACON& Tower with Radar,2,4,91,17,114,0,0,26,0,26,2,4,117,17,140,214,0,214,354
11/04/2004,HUF,IN,AGL,CE,Combined TRACON& Tower with Radar,0,8,60,12,80,0,0,33,0,33,0,8,93,12,113,1020,0,1020,1133
11/05/2004,HUF,IN,AGL,CE,Combined TRACON& Tower with Radar,0,4,59,13,76,0,0,154,3,157,0,4,213,16,233,198,0,198,431
11/06/2004,HUF,IN,AGL,CE,Combined TRACON& Tower with Radar,4,0,14,32,50,0,0,89,10,99,4,0,103,42,149,108,20,128,277
11/07/2004,HUF,IN,AGL,CE,Combined TRACON& Tower with Radar,0,0,25,27,52,0,0,102,0,102,0,0,127,27,154,176,18,194,348
11/08/2004,HUF,IN,AGL,CE,Combined TRACON& Tower with Radar,0,4,72,0,76,0,0,94,1,95,0,4,166,1,171,282,0,282,453
11/09/2004,HUF,IN,AGL,CE,Combined TRACON& Tower with Radar,0,4,64,10,78,0,0,96,7,103,0,4,160,17,181,360,30,390,571
11/10/2004,HUF,IN,AGL,CE,Combined TRACON& Tower with Radar,2,6,76,14,98,0,3,111,4,118,2,9,187,18,216,216,2,218,434
11/11/2004,HUF,IN,AGL,CE,Combined TRACON& Tower with Radar,0,2,83,0,85,0,0,1,0,1,0,2,84,0,86,0,0,0,86
11/12/2004,HUF,IN,AGL,CE,Combined TRACON& Tower with Radar,0,2,57,0,59,0,0,115,0,115,0,2,172,0,174,166,0,166,340
11/13/2004,HUF,IN,AGL,CE,Combined TRACON& Tower with Radar,0,0,28,0,28,0,0,87,0,87,0,0,115,0,115,144,0,144,259
11/14/2004,HUF,IN,AGL,CE,Combined TRACON& Tower with Radar,0,0,24,1,25,0,0,80,1,81,0,0,104,2,106,165,0,165,271
11/15/2004,HUF,IN,AGL,CE,Combined TRACON& Tower with Radar,0,4,85,13,102,0,0,133,4,137,0,4,218,17,239,310,0,310,549
11/16/2004,HUF,IN,AGL,CE,Combined TRACON& Tower with Radar,0,6,85,11,102,0,0,137,0,137,0,6,222,11,239,382,0,382,621
11/17/2004,HUF,IN,AGL,CE,Combined TRACON& Tower with Radar,0,3,107,13,123,0,0,119,2,121,0,3,226,15,244,178,0,178,422
11/18/2004,HUF,IN,AGL,CE,Combined TRACON& Tower with Radar,0,4,71,19,94,0,0,84,5,89,0,4,155,24,183,112,0,112,295
11/19/2004,HUF,IN,AGL,CE,Combined TRACON& Tower with Radar,0,6,56,1,63,0,0,0,0,0,0,6,56,1,63,0,0,0,63
11/20/2004,HUF,IN,AGL,CE,Combined TRACON& Tower with Radar,0,0,34,0,34,0,0,4,0,4,0,0,38,0,38,18,0,18,56
11/21/2004,HUF,IN,AGL,CE,Combined TRACON& Tower with Radar,0,0,53,0,53,0,0,35,0,35,0,0,88,0,88,254,0,254,342
11/22/2004,HUF,IN,AGL,CE,Combined TRACON& Tower with Radar,0,4,121,9,134,0,0,51,5,56,0,4,172,14,190,212,0,212,402
11/23/2004,HUF,IN,AGL,CE,Combined TRACON& Tower with Radar,0,4,39,12,55,0,0,0,2,2,0,4,39,14,57,0,0,0,57
11/24/2004,HUF,IN,AGL,CE,Combined TRACON& Tower with Radar,0,5,9,0,14,0,0,0,0,0,0,5,9,0,14,0,0,0,14
11/25/2004,HUF,IN,AGL,CE,Combined TRACON& Tower with Radar,0,1,10,0,11,0,0,15,0,15,0,1,25,0,26,0,0,0,26
11/26/2004,HUF,IN,AGL,CE,Combined TRACON& Tower with Radar,0,2,8,0,10,0,0,24,0,24,0,2,32,0,34,62,0,62,96
11/27/2004,HUF,IN,AGL,CE,Combined TRACON& Tower with Radar,0,0,11,0,11,0,0,0,0,0,0,0,11,0,11,0,0,0,11
11/28/2004,HUF,IN,AGL,CE,Combined TRACON& Tower with Radar,0,0,37,0,37,0,0,54,0,54,0,0,91,0,91,72,0,72,163
11/29/2004,HUF,IN,AGL,CE,Combined TRACON& Tower with Radar,0,6,47,5,58,0,0,54,1,55,0,6,101,6,113,142,0,142,255
11/30/2004,HUF,IN,AGL,CE,Combined TRACON& Tower with Radar,0,4,29,0,33,0,0,0,0,0,0,4,29,0,33,0,0,0,33
12/01/2004,HUF,IN,AGL,CE,Combined TRACON& Tower with Radar,0,21,65,12,98,0,0,128,7,135,0,21,193,19,233,169,4,173,406
12/02/2004,HUF,IN,AGL,CE,Combined TRACON& Tower with Radar,2,10,65,12,89,0,0,133,8,141,2,10,198,20,230,254,0,254,484
12/03/2004,HUF,IN,AGL,CE,Combined TRACON& Tower with Radar,0,2,69,14,85,0,0,134,3,137,0,2,203,17,222,306,0,306,528
12/04/2004,HUF,IN,AGL,CE,Combined TRACON& Tower with Radar,0,9,23,11,43,0,0,100,0,100,0,9,123,11,143,163,10,173,316
12/05/2004,HUF,IN,AGL,CE,Combined TRACON& Tower with Radar,0,13,31,8,52,0,0,102,1,103,0,13,133,9,155,208,18,226,381
12/06/2004,HUF,IN,AGL,CE,Combined TRACON& Tower with Radar,0,5,108,4,117,0,0,43,0,43,0,5,151,4,160,181,4,185,345
12/07/2004,HUF,IN,AGL,CE,Combined TRACON& Tower with Radar,0,9,22,12,43,0,0,3,0,3,0,9,25,12,46,0,2,2,48
12/08/2004,HUF,IN,AGL,CE,Combined TRACON& Tower with Radar,0,4,90,17,111,0,0,120,14,134,0,4,210,31,245,268,14,282,527
12/09/2004,HUF,IN,AGL,CE,Combined TRACON& Tower with Radar,2,4,89,17,112,0,0,67,1,68,2,4,156,18,180,142,18,160,340
12/10/2004,HUF,IN,AGL,CE,Combined TRACON& Tower with Radar,2,2,32,13,49,0,0,0,0,0,2,2,32,13,49,0,0,0,49
12/11/2004,HUF,IN,AGL,CE,Combined TRACON& Tower with Radar,0,0,9,1,10,0,0,9,0,9,0,0,18,1,19,74,0,74,93
12/12/2004,HUF,IN,AGL,CE,Combined TRACON& Tower with Radar,0,0,18,0,18,0,0,27,1,28,0,0,45,1,46,56,0,56,102
12/13/2004,HUF,IN,AGL,CE,Combined TRACON& Tower with Radar,0,6,6,17,29,0,0,0,0,0,0,6,6,17,29,4,0,4,33
12/14/2004,HUF,IN,AGL,CE,Combined TRACON& Tower with Radar,0,4,56,19,79,0,0,102,3,105,0,4,158,22,184,156,0,156,340
12/15/2004,HUF,IN,AGL,CE,Combined TRACON& Tower with Radar,2,4,52,12,70,0,0,104,0,104,2,4,156,12,174,194,0,194,368
12/16/2004,HUF,IN,AGL,CE,Combined TRACON& Tower with Radar,0,8,22,17,47,0,0,47,0,47,0,8,69,17,94,105,0,105,199
12/17/2004,HUF,IN,AGL,CE,Combined TRACON& Tower with Radar,0,4,44,10,58,0,0,98,3,101,0,4,142,13,159,200,18,218,377
12/18/2004,HUF,IN,AGL,CE,Combined TRACON& Tower with Radar,0,0,13,0,13,0,0,42,0,42,0,0,55,0,55,66,0,66,121
12/19/2004,HUF,IN,AGL,CE,Combined TRACON& Tower with Radar,0,18,8,0,26,0,0,21,0,21,0,18,29,0,47,22,0,22,69
12/20/2004,HUF,IN,AGL,CE,Combined TRACON& Tower with Radar,0,4,16,8,28,0,0,23,1,24,0,4,39,9,52,30,4,34,86
12/21/2004,HUF,IN,AGL,CE,Combined TRACON& Tower with Radar,0,4,35,19,58,0,0,48,8,56,0,4,83,27,114,85,12,97,211
12/22/2004,HUF,IN,AGL,CE,Combined TRACON& Tower with Radar,0,5,29,0,34,0,0,9,0,9,0,5,38,0,43,12,0,12,55
12/23/2004,HUF,IN,AGL,CE,Combined TRACON& Tower with Radar,0,7,1,0,8,0,0,0,0,0,0,7,1,0,8,0,0,0,8
12/24/2004,HUF,IN,AGL,CE,Combined TRACON& Tower with Radar,0,0,3,0,3,0,0,5,0,5,0,0,8,0,8,0,0,0,8
12/25/2004,HUF,IN,AGL,CE,Combined TRACON& Tower with Radar,0,0,0,0,0,0,0,0,0,0,0,0,0,0,0,0,0,0,0
12/26/2004,HUF,IN,AGL,CE,Combined TRACON& Tower with Radar,0,0,0,0,0,0,0,2,0,2,0,0,2,0,2,0,0,0,2
12/27/2004,HUF,IN,AGL,CE,Combined TRACON& Tower with Radar,0,4,4,2,10,0,0,4,0,4,0,4,8,2,14,8,0,8,22
12/28/2004,HUF,IN,AGL,CE,Combined TRACON& Tower with Radar,0,4,17,13,34,0,0,13,0,13,0,4,30,13,47,30,7,37,84
12/29/2004,HUF,IN,AGL,CE,Combined TRACON& Tower with Radar,0,4,42,14,60,0,0,37,0,37,0,4,79,14,97,64,0,64,161
12/30/2004,HUF,IN,AGL,CE,Combined TRACON& Tower with Radar,0,5,35,3,43,0,0,8,2,10,0,5,43,5,53,6,0,6,59
12/31/2004,HUF,IN,AGL,CE,Combined TRACON& Tower with Radar,0,2,39,0,41,0,0,0,0,0,0,2,39,0,41,0,0,0,41
01/01/2005,HUF,IN,AGL,CE,Combined TRACON& Tower with Radar,0,0,7,0,7,0,0,0,0,0,0,0,7,0,7,0,0,0,7
01/02/2005,HUF,IN,AGL,CE,Combined TRACON& Tower with Radar,0,0,15,0,15,0,0,0,0,0,0,0,15,0,15,0,0,0,15
01/03/2005,HUF,IN,AGL,CE,Combined TRACON& Tower with Radar,0,4,3,0,7,0,0,0,0,0,0,4,3,0,7,0,0,0,7
01/04/2005,HUF,IN,AGL,CE,Combined TRACON& Tower with Radar,0,6,5,11,22,0,0,0,0,0,0,6,5,11,22,0,0,0,22
01/05/2005,HUF,IN,AGL,CE,Combined TRACON& Tower with Radar,0,4,2,1,7,0,0,0,0,0,0,4,2,1,7,0,0,0,7
01/06/2005,HUF,IN,AGL,CE,Combined TRACON& Tower with Radar,0,8,7,15,30,0,0,5,1,6,0,8,12,16,36,90,0,90,126
01/07/2005,HUF,IN,AGL,CE,Combined TRACON& Tower with Radar,0,9,20,14,43,0,0,9,3,12,0,9,29,17,55,104,10,114,169
01/08/2005,HUF,IN,AGL,CE,Combined TRACON& Tower with Radar,0,3,4,12,19,0,0,11,4,15,0,3,15,16,34,2,0,2,36
01/09/2005,HUF,IN,AGL,CE,Combined TRACON& Tower with Radar,0,29,12,21,62,0,6,7,0,13,0,35,19,21,75,47,10,57,132
01/10/2005,HUF,IN,AGL,CE,Combined TRACON& Tower with Radar,0,3,21,0,24,0,0,0,0,0,0,3,21,0,24,0,0,0,24
01/11/2005,HUF,IN,AGL,CE,Combined TRACON& Tower with Radar,0,6,2,0,8,0,0,0,0,0,0,6,2,0,8,0,0,0,8
01/12/2005,HUF,IN,AGL,CE,Combined TRACON& Tower with Radar,0,6,21,17,44,0,0,11,0,11,0,6,32,17,55,22,8,30,85
01/13/2005,HUF,IN,AGL,CE,Combined TRACON& Tower with Radar,0,8,7,0,15,0,0,0,0,0,0,8,7,0,15,0,0,0,15
01/14/2005,HUF,IN,AGL,CE,Combined TRACON& Tower with Radar,2,2,41,22,67,0,0,91,0,91,2,2,132,22,158,98,0,98,256
01/15/2005,HUF,IN,AGL,CE,Combined TRACON& Tower with Radar,0,0,22,0,22,0,0,72,0,72,0,0,94,0,94,84,0,84,178
01/16/2005,HUF,IN,AGL,CE,Combined TRACON& Tower with Radar,0,2,25,0,27,0,0,27,1,28,0,2,52,1,55,8,0,8,63
01/17/2005,HUF,IN,AGL,CE,Combined TRACON& Tower with Radar,0,2,39,15,56,0,0,109,0,109,0,2,148,15,165,64,8,72,237
01/18/2005,HUF,IN,AGL,CE,Combined TRACON& Tower with Radar,0,8,60,12,80,0,0,98,8,106,0,8,158,20,186,68,4,72,258
01/19/2005,HUF,IN,AGL,CE,Combined TRACON& Tower with Radar,0,4,36,2,42,0,0,34,0,34,0,4,70,2,76,216,0,216,292
01/20/2005,HUF,IN,AGL,CE,Combined TRACON& Tower with Radar,0,2,43,8,53,0,0,7,2,9,0,2,50,10,62,110,0,110,172
01/21/2005,HUF,IN,AGL,CE,Combined TRACON& Tower with Radar,0,2,51,12,65,0,0,78,3,81,0,2,129,15,146,87,0,87,233
01/22/2005,HUF,IN,AGL,CE,Combined TRACON& Tower with Radar,0,0,0,0,0,0,0,0,0,0,0,0,0,0,0,0,0,0,0
01/23/2005,HUF,IN,AGL,CE,Combined TRACON& Tower with Radar,0,0,16,0,16,0,0,53,0,53,0,0,69,0,69,162,0,162,231
01/24/2005,HUF,IN,AGL,CE,Combined TRACON& Tower with Radar,0,4,57,2,63,0,0,106,1,107,0,4,163,3,170,242,0,242,412
01/25/2005,HUF,IN,AGL,CE,Combined TRACON& Tower with Radar,0,6,39,12,57,0,0,118,1,119,0,6,157,13,176,222,12,234,410
01/26/2005,HUF,IN,AGL,CE,Combined TRACON& Tower with Radar,0,5,62,13,80,0,0,61,1,62,0,5,123,14,142,100,0,100,242
01/27/2005,HUF,IN,AGL,CE,Combined TRACON& Tower with Radar,0,12,46,16,74,0,0,107,2,109,0,12,153,18,183,162,8,170,353
01/28/2005,HUF,IN,AGL,CE,Combined TRACON& Tower with Radar,2,5,35,12,54,0,0,72,5,77,2,5,107,17,131,192,14,206,337
01/29/2005,HUF,IN,AGL,CE,Combined TRACON& Tower with Radar,0,0,0,0,0,0,0,0,0,0,0,0,0,0,0,0,0,0,0
01/30/2005,HUF,IN,AGL,CE,Combined TRACON& Tower with Radar,0,0,35,1,36,0,0,51,0,51,0,0,86,1,87,131,0,131,218
01/31/2005,HUF,IN,AGL,CE,Combined TRACON& Tower with Radar,0,6,43,10,59,0,0,66,0,66,0,6,109,10,125,264,0,264,389
02/01/2005,HUF,IN,AGL,CE,Combined TRACON& Tower with Radar,0,4,70,16,90,0,0,73,1,74,0,4,143,17,164,232,0,232,396
02/02/2005,HUF,IN,AGL,CE,Combined TRACON& Tower with Radar,2,4,77,9,92,0,0,74,3,77,2,4,151,12,169,220,0,220,389
02/03/2005,HUF,IN,AGL,CE,Combined TRACON& Tower with Radar,0,4,43,19,66,0,0,75,6,81,0,4,118,25,147,106,4,110,257
02/04/2005,HUF,IN,AGL,CE,Combined TRACON& Tower with Radar,0,2,57,16,75,0,0,77,1,78,0,2,134,17,153,191,6,197,350
02/05/2005,HUF,IN,AGL,CE,Combined TRACON& Tower with Radar,0,0,41,1,42,0,0,62,3,65,0,0,103,4,107,92,8,100,207
02/06/2005,HUF,IN,AGL,CE,Combined TRACON& Tower with Radar,0,4,21,14,39,0,3,59,5,67,0,7,80,19,106,122,6,128,234
02/07/2005,HUF,IN,AGL,CE,Combined TRACON& Tower with Radar,0,4,4,0,8,0,0,1,0,1,0,4,5,0,9,0,0,0,9
02/08/2005,HUF,IN,AGL,CE,Combined TRACON& Tower with Radar,0,5,14,10,29,0,0,0,0,0,0,5,14,10,29,0,0,0,29
02/09/2005,HUF,IN,AGL,CE,Combined TRACON& Tower with Radar,0,6,4,27,37,0,0,4,0,4,0,6,8,27,41,20,0,20,61
02/10/2005,HUF,IN,AGL,CE,Combined TRACON& Tower with Radar,0,6,56,15,77,0,0,40,1,41,0,6,96,16,118,116,3,119,237
02/11/2005,HUF,IN,AGL,CE,Combined TRACON& Tower with Radar,2,4,56,10,72,0,0,140,3,143,2,4,196,13,215,237,6,243,458
02/12/2005,HUF,IN,AGL,CE,Combined TRACON& Tower with Radar,0,0,37,0,37,0,0,89,0,89,0,0,126,0,126,236,0,236,362
02/13/2005,HUF,IN,AGL,CE,Combined TRACON& Tower with Radar,0,0,9,0,9,0,0,0,0,0,0,0,9,0,9,0,0,0,9
02/14/2005,HUF,IN,AGL,CE,Combined TRACON& Tower with Radar,0,4,51,11,66,0,0,36,2,38,0,4,87,13,104,56,4,60,164
02/15/2005,HUF,IN,AGL,CE,Combined TRACON& Tower with Radar,0,8,59,8,75,0,0,99,8,107,0,8,158,16,182,162,24,186,368
02/16/2005,HUF,IN,AGL,CE,Combined TRACON& Tower with Radar,0,5,67,15,87,0,0,80,0,80,0,5,147,15,167,262,2,264,431
02/17/2005,HUF,IN,AGL,CE,Combined TRACON& Tower with Radar,0,4,55,14,73,0,3,82,2,87,0,7,137,16,160,140,6,146,306
02/18/2005,HUF,IN,AGL,CE,Combined TRACON& Tower with Radar,0,2,43,14,59,0,0,123,0,123,0,2,166,14,182,194,2,196,378
02/19/2005,HUF,IN,AGL,CE,Combined TRACON& Tower with Radar,0,0,29,1,30,0,0,99,0,99,0,0,128,1,129,254,0,254,383
02/20/2005,HUF,IN,AGL,CE,Combined TRACON& Tower with Radar,0,0,2,0,2,0,0,0,0,0,0,0,2,0,2,0,0,0,2
02/21/2005,HUF,IN,AGL,CE,Combined TRACON& Tower with Radar,2,2,8,2,14,0,0,0,0,0,2,2,8,2,14,0,0,0,14
02/22/2005,HUF,IN,AGL,CE,Combined TRACON& Tower with Radar,2,8,18,16,44,0,0,7,0,7,2,8,25,16,51,96,0,96,147
02/23/2005,HUF,IN,AGL,CE,Combined TRACON& Tower with Radar,2,16,56,11,85,0,1,134,2,137,2,17,190,13,222,228,5,233,455
02/24/2005,HUF,IN,AGL,CE,Combined TRACON& Tower with Radar,0,6,67,18,91,0,0,75,0,75,0,6,142,18,166,168,14,182,348
02/25/2005,HUF,IN,AGL,CE,Combined TRACON& Tower with Radar,2,2,46,15,65,0,0,110,0,110,2,2,156,15,175,313,8,321,496
02/26/2005,HUF,IN,AGL,CE,Combined TRACON& Tower with Radar,0,2,36,5,43,0,0,99,3,102,0,2,135,8,145,146,0,146,291
02/27/2005,HUF,IN,AGL,CE,Combined TRACON& Tower with Radar,0,0,33,0,33,0,0,105,0,105,0,0,138,0,138,314,0,314,452
02/28/2005,HUF,IN,AGL,CE,Combined TRACON& Tower with Radar,0,6,14,0,20,0,1,1,0,2,0,7,15,0,22,0,0,0,22
03/01/2005,HUF,IN,AGL,CE,Combined TRACON& Tower with Radar,0,4,4,8,16,0,0,5,1,6,0,4,9,9,22,10,10,20,42
03/02/2005,HUF,IN,AGL,CE,Combined TRACON& Tower with Radar,0,4,49,13,66,0,0,120,11,131,0,4,169,24,197,219,8,227,424
03/03/2005,HUF,IN,AGL,CE,Combined TRACON& Tower with Radar,0,8,70,14,92,0,1,148,21,170,0,9,218,35,262,234,12,246,508
03/04/2005,HUF,IN,AGL,CE,Combined TRACON& Tower with Radar,0,4,59,12,75,0,0,99,6,105,0,4,158,18,180,226,22,248,428
03/05/2005,HUF,IN,AGL,CE,Combined TRACON& Tower with Radar,0,2,38,15,55,0,0,21,1,22,0,2,59,16,77,22,0,22,99
03/06/2005,HUF,IN,AGL,CE,Combined TRACON& Tower with Radar,0,0,33,14,47,0,0,71,12,83,0,0,104,26,130,134,40,174,304
03/07/2005,HUF,IN,AGL,CE,Combined TRACON& Tower with Radar,0,8,21,5,34,0,0,21,0,21,0,8,42,5,55,54,10,64,119
03/08/2005,HUF,IN,AGL,CE,Combined TRACON& Tower with Radar,0,6,35,20,61,0,0,83,5,88,0,6,118,25,149,190,8,198,347
03/09/2005,HUF,IN,AGL,CE,Combined TRACON& Tower with Radar,0,4,55,20,79,0,0,115,8,123,0,4,170,28,202,324,14,338,540
03/10/2005,HUF,IN,AGL,CE,Combined TRACON& Tower with Radar,0,4,26,18,48,0,0,44,6,50,0,4,70,24,98,178,20,198,296
03/11/2005,HUF,IN,AGL,CE,Combined TRACON& Tower with Radar,0,2,18,7,27,0,0,8,0,8,0,2,26,7,35,32,0,32,67
03/12/2005,HUF,IN,AGL,CE,Combined TRACON& Tower with Radar,0,0,17,0,17,0,0,31,0,31,0,0,48,0,48,32,0,32,80
03/13/2005,HUF,IN,AGL,CE,Combined TRACON& Tower with Radar,0,0,18,0,18,0,0,88,0,88,0,0,106,0,106,198,0,198,304
03/14/2005,HUF,IN,AGL,CE,Combined TRACON& Tower with Radar,0,8,48,9,65,0,0,95,2,97,0,8,143,11,162,97,35,132,294
03/15/2005,HUF,IN,AGL,CE,Combined TRACON& Tower with Radar,0,13,45,9,67,0,0,75,5,80,0,13,120,14,147,130,10,140,287
03/16/2005,HUF,IN,AGL,CE,Combined TRACON& Tower with Radar,0,6,65,15,86,0,0,98,4,102,0,6,163,19,188,112,10,122,310
03/17/2005,HUF,IN,AGL,CE,Combined TRACON& Tower with Radar,0,4,46,14,64,0,0,86,7,93,0,4,132,21,157,196,6,202,359
03/18/2005,HUF,IN,AGL,CE,Combined TRACON& Tower with Radar,0,2,21,9,32,0,0,33,0,33,0,2,54,9,65,68,0,68,133
03/19/2005,HUF,IN,AGL,CE,Combined TRACON& Tower with Radar,0,0,9,0,9,0,0,3,0,3,0,0,12,0,12,0,0,0,12
03/20/2005,HUF,IN,AGL,CE,Combined TRACON& Tower with Radar,0,0,9,0,9,0,0,19,0,19,0,0,28,0,28,68,0,68,96
03/21/2005,HUF,IN,AGL,CE,Combined TRACON& Tower with Radar,0,4,12,9,25,0,0,31,1,32,0,4,43,10,57,37,12,49,106
03/22/2005,HUF,IN,AGL,CE,Combined TRACON& Tower with Radar,0,4,12,8,24,0,0,3,0,3,0,4,15,8,27,0,18,18,45
03/23/2005,HUF,IN,AGL,CE,Combined TRACON& Tower with Radar,0,4,20,2,26,0,0,3,0,3,0,4,23,2,29,4,0,4,33
03/24/2005,HUF,IN,AGL,CE,Combined TRACON& Tower with Radar,0,4,49,12,65,0,0,35,0,35,0,4,84,12,100,52,3,55,155
03/25/2005,HUF,IN,AGL,CE,Combined TRACON& Tower with Radar,0,2,15,2,19,0,0,0,0,0,0,2,15,2,19,0,0,0,19
03/26/2005,HUF,IN,AGL,CE,Combined TRACON& Tower with Radar,0,2,19,0,21,0,0,5,0,5,0,2,24,0,26,18,0,18,44
03/27/2005,HUF,IN,AGL,CE,Combined TRACON& Tower with Radar,0,0,4,0,4,0,0,4,0,4,0,0,8,0,8,14,0,14,22
03/28/2005,HUF,IN,AGL,CE,Combined TRACON& Tower with Radar,0,4,54,18,76,0,0,69,0,69,0,4,123,18,145,122,16,138,283
03/29/2005,HUF,IN,AGL,CE,Combined TRACON& Tower with Radar,0,4,45,7,56,0,0,117,7,124,0,4,162,14,180,234,30,264,444
03/30/2005,HUF,IN,AGL,CE,Combined TRACON& Tower with Radar,0,6,19,6,31,0,0,41,3,44,0,6,60,9,75,39,4,43,118
03/31/2005,HUF,IN,AGL,CE,Combined TRACON& Tower with Radar,0,5,41,9,55,0,0,71,0,71,0,5,112,9,126,138,4,142,268
04/01/2005,HUF,IN,AGL,CE,Combined TRACON& Tower with Radar,0,2,40,6,48,0,0,76,3,79,0,2,116,9,127,260,10,270,397
04/02/2005,HUF,IN,AGL,CE,Combined TRACON& Tower with Radar,0,0,17,8,25,0,0,26,0,26,0,0,43,8,51,26,0,26,77
04/03/2005,HUF,IN,AGL,CE,Combined TRACON& Tower with Radar,0,0,42,3,45,0,0,139,0,139,0,0,181,3,184,273,0,273,457
04/04/2005,HUF,IN,AGL,CE,Combined TRACON& Tower with Radar,0,3,64,8,75,0,1,105,10,116,0,4,169,18,191,302,27,329,520
04/05/2005,HUF,IN,AGL,CE,Combined TRACON& Tower with Radar,0,7,43,21,71,0,0,80,4,84,0,7,123,25,155,180,74,254,409
04/06/2005,HUF,IN,AGL,CE,Combined TRACON& Tower with Radar,0,5,50,9,64,0,0,40,4,44,0,5,90,13,108,116,8,124,232
04/07/2005,HUF,IN,AGL,CE,Combined TRACON& Tower with Radar,0,4,41,0,45,0,0,9,0,9,0,4,50,0,54,112,0,112,166
04/08/2005,HUF,IN,AGL,CE,Combined TRACON& Tower with Radar,0,2,50,10,62,0,0,139,8,147,0,2,189,18,209,160,56,216,425
04/09/2005,HUF,IN,AGL,CE,Combined TRACON& Tower with Radar,0,2,27,5,34,0,0,130,4,134,0,2,157,9,168,192,10,202,370
04/10/2005,HUF,IN,AGL,CE,Combined TRACON& Tower with Radar,0,0,33,12,45,0,0,108,9,117,0,0,141,21,162,194,46,240,402
04/11/2005,HUF,IN,AGL,CE,Combined TRACON& Tower with Radar,0,10,53,0,63,0,1,99,0,100,0,11,152,0,163,182,0,182,345
04/12/2005,HUF,IN,AGL,CE,Combined TRACON& Tower with Radar,0,4,22,2,28,0,0,4,0,4,0,4,26,2,32,58,0,58,90
04/13/2005,HUF,IN,AGL,CE,Combined TRACON& Tower with Radar,0,6,39,19,64,0,0,45,3,48,0,6,84,22,112,212,0,212,324
04/14/2005,HUF,IN,AGL,CE,Combined TRACON& Tower with Radar,0,6,55,10,71,0,0,130,9,139,0,6,185,19,210,276,42,318,528
04/15/2005,HUF,IN,AGL,CE,Combined TRACON& Tower with Radar,0,4,46,16,66,0,11,120,10,141,0,15,166,26,207,290,62,352,559
04/16/2005,HUF,IN,AGL,CE,Combined TRACON& Tower with Radar,0,4,11,2,17,0,0,110,0,110,0,4,121,2,127,224,0,224,351
04/17/2005,HUF,IN,AGL,CE,Combined TRACON& Tower with Radar,0,0,16,0,16,0,0,96,0,96,0,0,112,0,112,295,0,295,407
04/18/2005,HUF,IN,AGL,CE,Combined TRACON& Tower with Radar,0,4,38,9,51,0,0,145,0,145,0,4,183,9,196,300,20,320,516
04/19/2005,HUF,IN,AGL,CE,Combined TRACON& Tower with Radar,0,4,35,9,48,0,0,88,13,101,0,4,123,22,149,292,56,348,497
04/20/2005,HUF,IN,AGL,CE,Combined TRACON& Tower with Radar,0,4,39,12,55,0,0,76,10,86,0,4,115,22,141,210,30,240,381
04/21/2005,HUF,IN,AGL,CE,Combined TRACON& Tower with Radar,0,4,64,10,78,0,0,22,1,23,0,4,86,11,101,94,0,94,195
04/22/2005,HUF,IN,AGL,CE,Combined TRACON& Tower with Radar,0,2,25,8,35,0,0,19,3,22,0,2,44,11,57,64,6,70,127
04/23/2005,HUF,IN,AGL,CE,Combined TRACON& Tower with Radar,0,0,8,0,8,0,0,16,0,16,0,0,24,0,24,46,0,46,70
04/24/2005,HUF,IN,AGL,CE,Combined TRACON& Tower with Radar,0,0,21,1,22,0,0,24,0,24,0,0,45,1,46,46,0,46,92
04/25/2005,HUF,IN,AGL,CE,Combined TRACON& Tower with Radar,0,4,46,2,52,0,0,88,0,88,0,4,134,2,140,248,0,248,388
04/26/2005,HUF,IN,AGL,CE,Combined TRACON& Tower with Radar,0,8,14,12,34,0,0,23,2,25,0,8,37,14,59,80,0,80,139
04/27/2005,HUF,IN,AGL,CE,Combined TRACON& Tower with Radar,0,5,54,6,65,0,0,87,5,92,0,5,141,11,157,156,6,162,319
04/28/2005,HUF,IN,AGL,CE,Combined TRACON& Tower with Radar,0,8,79,12,99,0,0,64,8,72,0,8,143,20,171,114,44,158,329
04/29/2005,HUF,IN,AGL,CE,Combined TRACON& Tower with Radar,0,6,44,25,75,0,0,10,1,11,0,6,54,26,86,42,0,42,128
04/30/2005,HUF,IN,AGL,CE,Combined TRACON& Tower with Radar,0,0,20,1,21,0,1,46,1,48,0,1,66,2,69,86,0,86,155
05/01/2005,HUF,IN,AGL,CE,Combined TRACON& Tower with Radar,0,4,22,7,33,0,3,50,0,53,0,7,72,7,86,81,0,81,167
05/02/2005,HUF,IN,AGL,CE,Combined TRACON& Tower with Radar,0,4,48,6,58,0,0,62,5,67,0,4,110,11,125,168,16,184,309
05/03/2005,HUF,IN,AGL,CE,Combined TRACON& Tower with Radar,0,6,67,11,84,0,0,144,0,144,0,6,211,11,228,216,23,239,467
05/04/2005,HUF,IN,AGL,CE,Combined TRACON& Tower with Radar,0,13,48,8,69,0,6,101,2,109,0,19,149,10,178,256,12,268,446
05/05/2005,HUF,IN,AGL,CE,Combined TRACON& Tower with Radar,0,4,43,9,56,0,0,90,0,90,0,4,133,9,146,172,4,176,322
05/06/2005,HUF,IN,AGL,CE,Combined TRACON& Tower with Radar,0,4,27,9,40,0,0,79,3,82,0,4,106,12,122,216,18,234,356
05/07/2005,HUF,IN,AGL,CE,Combined TRACON& Tower with Radar,0,0,18,3,21,0,0,104,1,105,0,0,122,4,126,96,0,96,222
05/08/2005,HUF,IN,AGL,CE,Combined TRACON& Tower with Radar,0,0,11,1,12,0,0,46,2,48,0,0,57,3,60,47,0,47,107
05/09/2005,HUF,IN,AGL,CE,Combined TRACON& Tower with Radar,0,4,13,0,17,0,0,28,0,28,0,4,41,0,45,104,0,104,149
05/10/2005,HUF,IN,AGL,CE,Combined TRACON& Tower with Radar,0,4,37,5,46,0,0,77,1,78,0,4,114,6,124,110,12,122,246
05/11/2005,HUF,IN,AGL,CE,Combined TRACON& Tower with Radar,0,4,23,8,35,0,0,51,12,63,0,4,74,20,98,184,16,200,298
05/12/2005,HUF,IN,AGL,CE,Combined TRACON& Tower with Radar,0,4,13,14,31,0,0,24,0,24,0,4,37,14,55,56,20,76,131
05/13/2005,HUF,IN,AGL,CE,Combined TRACON& Tower with Radar,0,2,12,1,15,0,0,34,2,36,0,2,46,3,51,114,0,114,165
05/14/2005,HUF,IN,AGL,CE,Combined TRACON& Tower with Radar,0,0,9,10,19,0,0,26,4,30,0,0,35,14,49,30,2,32,81
05/15/2005,HUF,IN,AGL,CE,Combined TRACON& Tower with Radar,0,5,14,20,39,0,0,42,0,42,0,5,56,20,81,63,18,81,162
05/16/2005,HUF,IN,AGL,CE,Combined TRACON& Tower with Radar,0,4,14,2,20,0,0,49,2,51,0,4,63,4,71,190,0,190,261
05/17/2005,HUF,IN,AGL,CE,Combined TRACON& Tower with Radar,2,4,23,18,47,0,0,79,17,96,2,4,102,35,143,177,30,207,350
05/18/2005,HUF,IN,AGL,CE,Combined TRACON& Tower with Radar,2,5,11,17,35,0,0,73,8,81,2,5,84,25,116,226,16,242,358
05/19/2005,HUF,IN,AGL,CE,Combined TRACON& Tower with Radar,0,4,11,6,21,0,0,2,0,2,0,4,13,6,23,6,8,14,37
05/20/2005,HUF,IN,AGL,CE,Combined TRACON& Tower with Radar,0,6,57,18,81,0,0,18,1,19,0,6,75,19,100,62,0,62,162
05/21/2005,HUF,IN,AGL,CE,Combined TRACON& Tower with Radar,0,0,16,0,16,0,0,62,0,62,0,0,78,0,78,104,2,106,184
05/22/2005,HUF,IN,AGL,CE,Combined TRACON& Tower with Radar,0,0,21,4,25,0,0,37,8,45,0,0,58,12,70,70,8,78,148
05/23/2005,HUF,IN,AGL,CE,Combined TRACON& Tower with Radar,0,4,8,10,22,0,0,45,0,45,0,4,53,10,67,64,0,64,131
05/24/2005,HUF,IN,AGL,CE,Combined TRACON& Tower with Radar,0,8,24,22,54,0,0,87,12,99,0,8,111,34,153,142,20,162,315
05/25/2005,HUF,IN,AGL,CE,Combined TRACON& Tower with Radar,0,8,27,12,47,0,0,96,8,104,0,8,123,20,151,275,8,283,434
05/26/2005,HUF,IN,AGL,CE,Combined TRACON& Tower with Radar,0,4,24,12,40,0,0,45,5,50,0,4,69,17,90,208,8,216,306
05/27/2005,HUF,IN,AGL,CE,Combined TRACON& Tower with Radar,0,3,28,10,41,0,0,33,2,35,0,3,61,12,76,90,12,102,178
05/28/2005,HUF,IN,AGL,CE,Combined TRACON& Tower with Radar,0,1,8,0,9,0,0,41,0,41,0,1,49,0,50,42,0,42,92
05/29/2005,HUF,IN,AGL,CE,Combined TRACON& Tower with Radar,0,1,9,0,10,0,0,32,0,32,0,1,41,0,42,42,0,42,84
05/30/2005,HUF,IN,AGL,CE,Combined TRACON& Tower with Radar,0,1,32,0,33,0,0,36,0,36,0,1,68,0,69,56,0,56,125
05/31/2005,HUF,IN,AGL,CE,Combined TRACON& Tower with Radar,0,4,36,11,51,0,0,82,3,85,0,4,118,14,136,88,20,108,244
06/01/2005,HUF,IN,AGL,CE,Combined TRACON& Tower with Radar,0,4,22,4,30,0,0,62,0,62,0,4,84,4,92,64,0,64,156
06/02/2005,HUF,IN,AGL,CE,Combined TRACON& Tower with Radar,0,10,62,11,83,0,0,0,0,0,0,10,62,11,83,0,0,0,83
06/03/2005,HUF,IN,AGL,CE,Combined TRACON& Tower with Radar,0,2,36,22,60,0,0,6,0,6,0,2,42,22,66,48,2,50,116
06/04/2005,HUF,IN,AGL,CE,Combined TRACON& Tower with Radar,0,2,17,4,23,0,0,30,6,36,0,2,47,10,59,26,8,34,93
06/05/2005,HUF,IN,AGL,CE,Combined TRACON& Tower with Radar,0,4,12,16,32,0,0,38,3,41,0,4,50,19,73,17,24,41,114
06/06/2005,HUF,IN,AGL,CE,Combined TRACON& Tower with Radar,0,4,16,7,27,0,0,58,1,59,0,4,74,8,86,118,0,118,204
06/07/2005,HUF,IN,AGL,CE,Combined TRACON& Tower with Radar,0,12,33,13,58,0,0,102,10,112,0,12,135,23,170,196,10,206,376
06/08/2005,HUF,IN,AGL,CE,Combined TRACON& Tower with Radar,2,6,7,2,17,0,2,41,2,45,2,8,48,4,62,148,0,148,210
06/09/2005,HUF,IN,AGL,CE,Combined TRACON& Tower with Radar,0,4,30,5,39,0,0,60,10,70,0,4,90,15,109,120,12,132,241
06/10/2005,HUF,IN,AGL,CE,Combined TRACON& Tower with Radar,0,4,29,29,62,0,0,55,2,57,0,4,84,31,119,126,10,136,255
06/11/2005,HUF,IN,AGL,CE,Combined TRACON& Tower with Radar,0,0,20,8,28,0,0,24,0,24,0,0,44,8,52,26,0,26,78
06/12/2005,HUF,IN,AGL,CE,Combined TRACON& Tower with Radar,0,0,21,0,21,0,0,0,0,0,0,0,21,0,21,0,0,0,21
06/13/2005,HUF,IN,AGL,CE,Combined TRACON& Tower with Radar,0,4,14,14,32,0,1,32,4,37,0,5,46,18,69,74,10,84,153
06/14/2005,HUF,IN,AGL,CE,Combined TRACON& Tower with Radar,0,4,29,15,48,0,0,54,3,57,0,4,83,18,105,46,12,58,163
06/15/2005,HUF,IN,AGL,CE,Combined TRACON& Tower with Radar,2,4,29,12,47,0,0,67,10,77,2,4,96,22,124,68,4,72,196
06/16/2005,HUF,IN,AGL,CE,Combined TRACON& Tower with Radar,0,4,53,13,70,0,0,124,4,128,0,4,177,17,198,134,18,152,350
06/17/2005,HUF,IN,AGL,CE,Combined TRACON& Tower with Radar,0,2,34,14,50,0,0,60,8,68,0,2,94,22,118,95,44,139,257
06/18/2005,HUF,IN,AGL,CE,Combined TRACON& Tower with Radar,0,0,13,0,13,0,0,47,0,47,0,0,60,0,60,88,0,88,148
06/19/2005,HUF,IN,AGL,CE,Combined TRACON& Tower with Radar,0,0,18,0,18,0,0,42,0,42,0,0,60,0,60,16,0,16,76
06/20/2005,HUF,IN,AGL,CE,Combined TRACON& Tower with Radar,0,6,38,0,44,0,0,68,0,68,0,6,106,0,112,132,0,132,244
06/21/2005,HUF,IN,AGL,CE,Combined TRACON& Tower with Radar,0,4,29,8,41,0,0,60,5,65,0,4,89,13,106,106,2,108,214
06/22/2005,HUF,IN,AGL,CE,Combined TRACON& Tower with Radar,2,4,41,9,56,0,0,73,4,77,2,4,114,13,133,168,12,180,313
06/23/2005,HUF,IN,AGL,CE,Combined TRACON& Tower with Radar,0,4,41,9,54,0,0,99,1,100,0,4,140,10,154,108,16,124,278
06/24/2005,HUF,IN,AGL,CE,Combined TRACON& Tower with Radar,0,1,32,15,48,0,0,78,10,88,0,1,110,25,136,80,20,100,236
06/25/2005,HUF,IN,AGL,CE,Combined TRACON& Tower with Radar,0,0,16,7,23,0,0,34,1,35,0,0,50,8,58,80,6,86,144
06/26/2005,HUF,IN,AGL,CE,Combined TRACON& Tower with Radar,0,0,7,0,7,0,0,16,0,16,0,0,23,0,23,64,0,64,87
06/27/2005,HUF,IN,AGL,CE,Combined TRACON& Tower with Radar,0,6,25,10,41,0,0,30,4,34,0,6,55,14,75,170,24,194,269
06/28/2005,HUF,IN,AGL,CE,Combined TRACON& Tower with Radar,0,2,29,11,42,0,0,52,2,54,0,2,81,13,96,96,24,120,216
06/29/2005,HUF,IN,AGL,CE,Combined TRACON& Tower with Radar,2,4,33,14,53,0,1,32,9,42,2,5,65,23,95,106,14,120,215
06/30/2005,HUF,IN,AGL,CE,Combined TRACON& Tower with Radar,0,2,29,14,45,0,0,38,3,41,0,2,67,17,86,106,0,106,192
07/01/2005,HUF,IN,AGL,CE,Combined TRACON& Tower with Radar,0,2,44,4,50,0,0,92,0,92,0,2,136,4,142,80,0,80,222
07/02/2005,HUF,IN,AGL,CE,Combined TRACON& Tower with Radar,0,0,13,0,13,0,0,51,0,51,0,0,64,0,64,88,0,88,152
07/03/2005,HUF,IN,AGL,CE,Combined TRACON& Tower with Radar,0,0,12,0,12,0,0,42,0,42,0,0,54,0,54,60,0,60,114
07/04/2005,HUF,IN,AGL,CE,Combined TRACON& Tower with Radar,0,0,8,3,11,0,1,26,1,28,0,1,34,4,39,64,2,66,105
07/05/2005,HUF,IN,AGL,CE,Combined TRACON& Tower with Radar,0,5,44,21,70,0,0,44,4,48,0,5,88,25,118,70,10,80,198
07/06/2005,HUF,IN,AGL,CE,Combined TRACON& Tower with Radar,2,3,45,8,58,0,0,80,8,88,2,3,125,16,146,112,4,116,262
07/07/2005,HUF,IN,AGL,CE,Combined TRACON& Tower with Radar,2,3,25,17,47,0,0,52,8,60,2,3,77,25,107,106,22,128,235
07/08/2005,HUF,IN,AGL,CE,Combined TRACON& Tower with Radar,0,2,49,22,73,0,0,123,0,123,0,2,172,22,196,162,16,178,374
07/09/2005,HUF,IN,AGL,CE,Combined TRACON& Tower with Radar,0,0,27,15,42,0,8,90,15,113,0,8,117,30,155,103,24,127,282
07/10/2005,HUF,IN,AGL,CE,Combined TRACON& Tower with Radar,0,0,14,7,21,0,0,62,0,62,0,0,76,7,83,70,8,78,161
07/11/2005,HUF,IN,AGL,CE,Combined TRACON& Tower with Radar,0,4,28,0,32,0,0,25,0,25,0,4,53,0,57,62,0,62,119
07/12/2005,HUF,IN,AGL,CE,Combined TRACON& Tower with Radar,0,2,44,2,48,0,0,0,0,0,0,2,44,2,48,0,0,0,48
07/13/2005,HUF,IN,AGL,CE,Combined TRACON& Tower with Radar,2,4,55,14,75,0,0,11,0,11,2,4,66,14,86,6,2,8,94
07/14/2005,HUF,IN,AGL,CE,Combined TRACON& Tower with Radar,0,4,44,14,62,0,0,10,9,19,0,4,54,23,81,97,8,105,186
07/15/2005,HUF,IN,AGL,CE,Combined TRACON& Tower with Radar,0,4,25,10,39,0,0,13,12,25,0,4,38,22,64,117,7,124,188
07/16/2005,HUF,IN,AGL,CE,Combined TRACON& Tower with Radar,0,0,17,0,17,0,0,9,0,9,0,0,26,0,26,50,0,50,76
07/17/2005,HUF,IN,AGL,CE,Combined TRACON& Tower with Radar,0,0,8,0,8,0,0,14,0,14,0,0,22,0,22,24,0,24,46
07/18/2005,HUF,IN,AGL,CE,Combined TRACON& Tower with Radar,0,4,8,10,22,0,0,19,2,21,0,4,27,12,43,44,14,58,101
07/19/2005,HUF,IN,AGL,CE,Combined TRACON& Tower with Radar,0,2,23,11,36,0,0,83,10,93,0,2,106,21,129,177,22,199,328
07/20/2005,HUF,IN,AGL,CE,Combined TRACON& Tower with Radar,2,4,29,19,54,0,0,95,8,103,2,4,124,27,157,132,32,164,321
07/21/2005,HUF,IN,AGL,CE,Combined TRACON& Tower with Radar,0,2,17,18,37,0,0,69,10,79,0,2,86,28,116,54,24,78,194
07/22/2005,HUF,IN,AGL,CE,Combined TRACON& Tower with Radar,1,2,10,16,29,0,0,61,0,61,1,2,71,16,90,11,16,27,117
07/23/2005,HUF,IN,AGL,CE,Combined TRACON& Tower with Radar,0,0,11,3,14,0,2,60,1,63,0,2,71,4,77,8,0,8,85
07/24/2005,HUF,IN,AGL,CE,Combined TRACON& Tower with Radar,0,0,16,3,19,0,2,39,0,41,0,2,55,3,60,22,0,22,82
07/25/2005,HUF,IN,AGL,CE,Combined TRACON& Tower with Radar,1,8,12,4,25,0,0,44,0,44,1,8,56,4,69,63,0,63,132
07/26/2005,HUF,IN,AGL,CE,Combined TRACON& Tower with Radar,0,2,15,5,22,0,0,51,8,59,0,2,66,13,81,126,4,130,211
07/27/2005,HUF,IN,AGL,CE,Combined TRACON& Tower with Radar,2,2,24,18,46,0,0,65,5,70,2,2,89,23,116,152,18,170,286
07/28/2005,HUF,IN,AGL,CE,Combined TRACON& Tower with Radar,0,2,45,18,65,0,0,87,3,90,0,2,132,21,155,122,4,126,281
07/29/2005,HUF,IN,AGL,CE,Combined TRACON& Tower with Radar,0,2,19,14,35,0,0,59,0,59,0,2,78,14,94,100,14,114,208
07/30/2005,HUF,IN,AGL,CE,Combined TRACON& Tower with Radar,0,0,5,3,8,0,0,36,0,36,0,0,41,3,44,30,0,30,74
07/31/2005,HUF,IN,AGL,CE,Combined TRACON& Tower with Radar,0,0,21,4,25,0,0,64,2,66,0,0,85,6,91,66,0,66,157
08/01/2005,HUF,IN,AGL,CE,Combined TRACON& Tower with Radar,0,4,19,12,35,0,0,56,2,58,0,4,75,14,93,86,34,120,213
08/02/2005,HUF,IN,AGL,CE,Combined TRACON& Tower with Radar,0,2,24,6,32,0,0,37,4,41,0,2,61,10,73,122,2,124,197
08/03/2005,HUF,IN,AGL,CE,Combined TRACON& Tower with Radar,2,2,23,13,40,0,0,56,0,56,2,2,79,13,96,152,16,168,264
08/04/2005,HUF,IN,AGL,CE,Combined TRACON& Tower with Radar,0,4,19,8,31,0,0,39,2,41,0,4,58,10,72,66,3,69,141
08/05/2005,HUF,IN,AGL,CE,Combined TRACON& Tower with Radar,0,4,17,9,30,0,0,12,6,18,0,4,29,15,48,126,24,150,198
08/06/2005,HUF,IN,AGL,CE,Combined TRACON& Tower with Radar,0,0,2,0,2,0,0,25,1,26,0,0,27,1,28,20,0,20,48
08/07/2005,HUF,IN,AGL,CE,Combined TRACON& Tower with Radar,0,0,5,0,5,0,0,26,5,31,0,0,31,5,36,53,14,67,103
08/08/2005,HUF,IN,AGL,CE,Combined TRACON& Tower with Radar,0,4,28,15,47,0,0,26,1,27,0,4,54,16,74,12,4,16,90
08/09/2005,HUF,IN,AGL,CE,Combined TRACON& Tower with Radar,0,4,23,15,42,0,0,47,0,47,0,4,70,15,89,162,18,180,269
08/10/2005,HUF,IN,AGL,CE,Combined TRACON& Tower with Radar,2,4,35,15,56,0,0,37,5,42,2,4,72,20,98,106,2,108,206
08/11/2005,HUF,IN,AGL,CE,Combined TRACON& Tower with Radar,0,2,29,11,42,0,0,48,1,49,0,2,77,12,91,96,6,102,193
08/12/2005,HUF,IN,AGL,CE,Combined TRACON& Tower with Radar,0,2,28,12,42,0,0,41,4,45,0,2,69,16,87,94,18,112,199
08/13/2005,HUF,IN,AGL,CE,Combined TRACON& Tower with Radar,0,2,18,8,28,0,0,37,0,37,0,2,55,8,65,26,22,48,113
08/14/2005,HUF,IN,AGL,CE,Combined TRACON& Tower with Radar,0,0,13,6,19,0,0,4,1,5,0,0,17,7,24,0,0,0,24
08/15/2005,HUF,IN,AGL,CE,Combined TRACON& Tower with Radar,0,3,27,0,30,0,0,9,2,11,0,3,36,2,41,0,0,0,41
08/16/2005,HUF,IN,AGL,CE,Combined TRACON& Tower with Radar,0,3,30,13,46,0,0,30,5,35,0,3,60,18,81,134,2,136,217
08/17/2005,HUF,IN,AGL,CE,Combined TRACON& Tower with Radar,2,2,15,22,41,0,0,68,4,72,2,2,83,26,113,115,18,133,246
08/18/2005,HUF,IN,AGL,CE,Combined TRACON& Tower with Radar,0,11,23,19,53,0,0,26,3,29,0,11,49,22,82,84,2,86,168
08/19/2005,HUF,IN,AGL,CE,Combined TRACON& Tower with Radar,0,6,15,20,41,0,0,34,9,43,0,6,49,29,84,142,20,162,246
08/20/2005,HUF,IN,AGL,CE,Combined TRACON& Tower with Radar,0,0,14,0,14,0,2,30,0,32,0,2,44,0,46,82,0,82,128
08/21/2005,HUF,IN,AGL,CE,Combined TRACON& Tower with Radar,0,0,16,2,18,0,0,61,0,61,0,0,77,2,79,50,0,50,129
08/22/2005,HUF,IN,AGL,CE,Combined TRACON& Tower with Radar,0,4,28,12,44,0,0,46,4,50,0,4,74,16,94,92,6,98,192
08/23/2005,HUF,IN,AGL,CE,Combined TRACON& Tower with Radar,0,7,24,8,39,0,0,59,2,61,0,7,83,10,100,106,6,112,212
08/24/2005,HUF,IN,AGL,CE,Combined TRACON& Tower with Radar,2,2,41,8,53,0,0,78,9,87,2,2,119,17,140,160,10,170,310
08/25/2005,HUF,IN,AGL,CE,Combined TRACON& Tower with Radar,0,3,39,16,58,0,0,52,0,52,0,3,91,16,110,68,8,76,186
08/26/2005,HUF,IN,AGL,CE,Combined TRACON& Tower with Radar,0,2,8,8,18,0,0,17,0,17,0,2,25,8,35,42,0,42,77
08/27/2005,HUF,IN,AGL,CE,Combined TRACON& Tower with Radar,0,0,8,6,14,0,1,11,1,13,0,1,19,7,27,40,2,42,69
08/28/2005,HUF,IN,AGL,CE,Combined TRACON& Tower with Radar,0,0,17,5,22,0,0,53,0,53,0,0,70,5,75,88,0,88,163
08/29/2005,HUF,IN,AGL,CE,Combined TRACON& Tower with Radar,0,6,42,13,61,0,4,32,0,36,0,10,74,13,97,146,0,146,243
08/30/2005,HUF,IN,AGL,CE,Combined TRACON& Tower with Radar,0,3,13,12,28,0,0,0,1,1,0,3,13,13,29,0,6,6,35
08/31/2005,HUF,IN,AGL,CE,Combined TRACON& Tower with Radar,0,3,52,4,59,0,0,68,1,69,0,3,120,5,128,176,0,176,304
09/01/2005,HUF,IN,AGL,CE,Combined TRACON& Tower with Radar,0,6,13,2,21,0,0,156,0,156,0,6,169,2,177,171,0,171,348
09/02/2005,HUF,IN,AGL,CE,Combined TRACON& Tower with Radar,0,4,12,2,18,0,0,86,0,86,0,4,98,2,104,72,0,72,176
09/03/2005,HUF,IN,AGL,CE,Combined TRACON& Tower with Radar,0,1,18,0,19,0,0,64,0,64,0,1,82,0,83,78,0,78,161
09/04/2005,HUF,IN,AGL,CE,Combined TRACON& Tower with Radar,0,0,10,0,10,0,0,56,0,56,0,0,66,0,66,78,0,78,144
09/05/2005,HUF,IN,AGL,CE,Combined TRACON& Tower with Radar,0,4,28,9,41,0,0,98,3,101,0,4,126,12,142,162,0,162,304
09/06/2005,HUF,IN,AGL,CE,Combined TRACON& Tower with Radar,0,8,28,4,40,0,1,129,0,130,0,9,157,4,170,188,6,194,364
09/07/2005,HUF,IN,AGL,CE,Combined TRACON& Tower with Radar,2,2,41,10,55,0,0,113,11,124,2,2,154,21,179,242,10,252,431
09/08/2005,HUF,IN,AGL,CE,Combined TRACON& Tower with Radar,0,4,36,4,44,0,0,53,0,53,0,4,89,4,97,160,0,160,257
09/09/2005,HUF,IN,AGL,CE,Combined TRACON& Tower with Radar,0,2,27,4,33,0,0,55,0,55,0,2,82,4,88,122,0,122,210
09/10/2005,HUF,IN,AGL,CE,Combined TRACON& Tower with Radar,0,0,12,19,31,0,2,55,4,61,0,2,67,23,92,212,10,222,314
09/11/2005,HUF,IN,AGL,CE,Combined TRACON& Tower with Radar,0,0,22,10,32,0,0,72,3,75,0,0,94,13,107,82,10,92,199
09/12/2005,HUF,IN,AGL,CE,Combined TRACON& Tower with Radar,0,4,66,0,70,0,0,105,0,105,0,4,171,0,175,172,0,172,347
09/13/2005,HUF,IN,AGL,CE,Combined TRACON& Tower with Radar,0,3,41,0,44,0,0,78,0,78,0,3,119,0,122,68,0,68,190
09/14/2005,HUF,IN,AGL,CE,Combined TRACON& Tower with Radar,0,5,44,4,53,0,0,104,3,107,0,5,148,7,160,114,6,120,280
09/15/2005,HUF,IN,AGL,CE,Combined TRACON& Tower with Radar,0,2,37,4,43,0,0,47,3,50,0,2,84,7,93,83,0,83,176
09/16/2005,HUF,IN,AGL,CE,Combined TRACON& Tower with Radar,0,2,69,1,72,0,0,9,1,10,0,2,78,2,82,52,0,52,134
09/17/2005,HUF,IN,AGL,CE,Combined TRACON& Tower with Radar,0,0,12,0,12,0,1,80,1,82,0,1,92,1,94,84,0,84,178
09/18/2005,HUF,IN,AGL,CE,Combined TRACON& Tower with Radar,0,0,28,16,44,0,0,45,3,48,0,0,73,19,92,156,4,160,252
09/19/2005,HUF,IN,AGL,CE,Combined TRACON& Tower with Radar,0,4,3,4,11,0,0,17,0,17,0,4,20,4,28,15,0,15,43
09/20/2005,HUF,IN,AGL,CE,Combined TRACON& Tower with Radar,0,4,61,4,69,0,0,50,0,50,0,4,111,4,119,134,0,134,253
09/21/2005,HUF,IN,AGL,CE,Combined TRACON& Tower with Radar,2,3,59,3,67,0,2,108,2,112,2,5,167,5,179,150,2,152,331
09/22/2005,HUF,IN,AGL,CE,Combined TRACON& Tower with Radar,0,2,31,6,39,0,0,113,9,122,0,2,144,15,161,26,4,30,191
09/23/2005,HUF,IN,AGL,CE,Combined TRACON& Tower with Radar,2,4,38,2,46,0,2,15,0,17,2,6,53,2,63,14,0,14,77
09/24/2005,HUF,IN,AGL,CE,Combined TRACON& Tower with Radar,0,0,30,0,30,0,1,67,1,69,0,1,97,1,99,68,0,68,167
09/25/2005,HUF,IN,AGL,CE,Combined TRACON& Tower with Radar,2,0,22,0,24,0,0,3,0,3,2,0,25,0,27,0,0,0,27
09/26/2005,HUF,IN,AGL,CE,Combined TRACON& Tower with Radar,0,6,65,0,71,0,0,96,0,96,0,6,161,0,167,152,0,152,319
09/27/2005,HUF,IN,AGL,CE,Combined TRACON& Tower with Radar,0,4,46,0,50,0,2,146,0,148,0,6,192,0,198,258,0,258,456
09/28/2005,HUF,IN,AGL,CE,Combined TRACON& Tower with Radar,2,2,54,4,62,0,0,73,0,73,2,2,127,4,135,139,10,149,284
09/29/2005,HUF,IN,AGL,CE,Combined TRACON& Tower with Radar,0,5,48,4,57,0,0,105,0,105,0,5,153,4,162,204,8,212,374
09/30/2005,HUF,IN,AGL,CE,Combined TRACON& Tower with Radar,0,2,35,2,39,0,0,105,0,105,0,2,140,2,144,180,0,180,324
10/01/2005,HUF,IN,AGL,CE,Combined TRACON& Tower with Radar,0,0,21,4,25,0,0,83,1,84,0,0,104,5,109,194,4,198,307
10/02/2005,HUF,IN,AGL,CE,Combined TRACON& Tower with Radar,0,0,9,4,13,0,1,29,3,33,0,1,38,7,46,182,6,188,234
10/03/2005,HUF,IN,AGL,CE,Combined TRACON& Tower with Radar,2,4,62,0,68,0,1,129,2,132,2,5,191,2,200,253,0,253,453
10/04/2005,HUF,IN,AGL,CE,Combined TRACON& Tower with Radar,0,2,51,6,59,0,0,94,3,97,0,2,145,9,156,250,8,258,414
10/05/2005,HUF,IN,AGL,CE,Combined TRACON& Tower with Radar,0,2,76,11,89,0,0,72,10,82,0,2,148,21,171,174,8,182,353
10/06/2005,HUF,IN,AGL,CE,Combined TRACON& Tower with Radar,0,2,68,6,76,0,0,47,0,47,0,2,115,6,123,204,0,204,327
10/07/2005,HUF,IN,AGL,CE,Combined TRACON& Tower with Radar,0,5,34,9,48,0,0,66,13,79,0,5,100,22,127,121,6,127,254
10/08/2005,HUF,IN,AGL,CE,Combined TRACON& Tower with Radar,2,4,14,22,42,0,2,42,0,44,2,6,56,22,86,84,30,114,200
10/09/2005,HUF,IN,AGL,CE,Combined TRACON& Tower with Radar,0,0,14,3,17,0,0,81,6,87,0,0,95,9,104,203,0,203,307
10/10/2005,HUF,IN,AGL,CE,Combined TRACON& Tower with Radar,0,0,119,2,121,0,0,17,1,18,0,0,136,3,139,114,0,114,253
10/11/2005,HUF,IN,AGL,CE,Combined TRACON& Tower with Radar,0,6,121,5,132,0,0,37,12,49,0,6,158,17,181,196,6,202,383
10/12/2005,HUF,IN,AGL,CE,Combined TRACON& Tower with Radar,0,6,102,28,136,0,0,81,0,81,0,6,183,28,217,156,16,172,389
10/13/2005,HUF,IN,AGL,CE,Combined TRACON& Tower with Radar,0,3,49,11,63,0,1,44,0,45,0,4,93,11,108,116,11,127,235
10/14/2005,HUF,IN,AGL,CE,Combined TRACON& Tower with Radar,0,2,50,15,67,0,0,76,14,90,0,2,126,29,157,149,8,157,314
10/15/2005,HUF,IN,AGL,CE,Combined TRACON& Tower with Radar,0,0,21,0,21,0,0,83,2,85,0,0,104,2,106,60,0,60,166
10/16/2005,HUF,IN,AGL,CE,Combined TRACON& Tower with Radar,0,0,31,2,33,0,0,106,3,109,0,0,137,5,142,196,0,196,338
10/17/2005,HUF,IN,AGL,CE,Combined TRACON& Tower with Radar,0,4,78,8,90,0,2,135,14,151,0,6,213,22,241,148,10,158,399
10/18/2005,HUF,IN,AGL,CE,Combined TRACON& Tower with Radar,0,2,43,12,57,0,0,116,1,117,0,2,159,13,174,262,15,277,451
10/19/2005,HUF,IN,AGL,CE,Combined TRACON& Tower with Radar,0,2,52,12,66,0,0,93,3,96,0,2,145,15,162,158,0,158,320
10/20/2005,HUF,IN,AGL,CE,Combined TRACON& Tower with Radar,2,2,44,4,52,0,0,52,0,52,2,2,96,4,104,185,14,199,303
10/21/2005,HUF,IN,AGL,CE,Combined TRACON& Tower with Radar,0,1,22,12,35,0,0,0,0,0,0,1,22,12,35,0,0,0,35
10/22/2005,HUF,IN,AGL,CE,Combined TRACON& Tower with Radar,0,0,16,2,18,0,0,76,2,78,0,0,92,4,96,48,0,48,144
10/23/2005,HUF,IN,AGL,CE,Combined TRACON& Tower with Radar,0,2,8,0,10,0,1,68,0,69,0,3,76,0,79,418,0,418,497
10/24/2005,HUF,IN,AGL,CE,Combined TRACON& Tower with Radar,0,4,92,0,96,0,1,61,0,62,0,5,153,0,158,266,0,266,424
10/25/2005,HUF,IN,AGL,CE,Combined TRACON& Tower with Radar,0,4,62,8,74,0,0,151,2,153,0,4,213,10,227,314,1,315,542
10/26/2005,HUF,IN,AGL,CE,Combined TRACON& Tower with Radar,0,5,51,12,68,0,0,157,13,170,0,5,208,25,238,222,14,236,474
10/27/2005,HUF,IN,AGL,CE,Combined TRACON& Tower with Radar,0,2,35,22,59,0,0,123,8,131,0,2,158,30,190,38,4,42,232
10/28/2005,HUF,IN,AGL,CE,Combined TRACON& Tower with Radar,0,2,37,13,52,0,0,96,1,97,0,2,133,14,149,124,26,150,299
10/29/2005,HUF,IN,AGL,CE,Combined TRACON& Tower with Radar,0,2,29,1,32,0,1,77,3,81,0,3,106,4,113,50,0,50,163
10/30/2005,HUF,IN,AGL,CE,Combined TRACON& Tower with Radar,0,0,52,0,52,0,5,75,4,84,0,5,127,4,136,100,0,100,236
10/31/2005,HUF,IN,AGL,CE,Combined TRACON& Tower with Radar,0,4,69,7,80,0,2,92,3,97,0,6,161,10,177,222,6,228,405
11/01/2005,HUF,IN,AGL,CE,Combined TRACON& Tower with Radar,0,2,67,14,83,0,0,60,1,61,0,2,127,15,144,123,12,135,279
11/02/2005,HUF,IN,AGL,CE,Combined TRACON& Tower with Radar,2,5,63,16,86,0,0,129,8,137,2,5,192,24,223,252,8,260,483
11/03/2005,HUF,IN,AGL,CE,Combined TRACON& Tower with Radar,0,2,28,22,52,0,0,86,0,86,0,2,114,22,138,90,20,110,248
11/04/2005,HUF,IN,AGL,CE,Combined TRACON& Tower with Radar,0,3,55,25,83,0,0,87,6,93,0,3,142,31,176,174,22,196,372
11/05/2005,HUF,IN,AGL,CE,Combined TRACON& Tower with Radar,0,0,34,12,46,0,0,9,1,10,0,0,43,13,56,46,10,56,112
11/06/2005,HUF,IN,AGL,CE,Combined TRACON& Tower with Radar,0,0,15,20,35,0,1,29,2,32,0,1,44,22,67,36,22,58,125
11/07/2005,HUF,IN,AGL,CE,Combined TRACON& Tower with Radar,0,4,58,0,62,0,2,123,1,126,0,6,181,1,188,348,0,348,536
11/08/2005,HUF,IN,AGL,CE,Combined TRACON& Tower with Radar,0,5,45,19,69,0,2,91,10,103,0,7,136,29,172,302,30,332,504
11/09/2005,HUF,IN,AGL,CE,Combined TRACON& Tower with Radar,2,4,53,18,77,0,0,68,20,88,2,4,121,38,165,200,28,228,393
11/10/2005,HUF,IN,AGL,CE,Combined TRACON& Tower with Radar,0,3,44,25,72,0,1,141,0,142,0,4,185,25,214,222,8,230,444
11/11/2005,HUF,IN,AGL,CE,Combined TRACON& Tower with Radar,0,0,50,0,50,0,0,95,0,95,0,0,145,0,145,192,4,196,341
11/12/2005,HUF,IN,AGL,CE,Combined TRACON& Tower with Radar,0,0,37,4,41,0,2,64,0,66,0,2,101,4,107,52,0,52,159
11/13/2005,HUF,IN,AGL,CE,Combined TRACON& Tower with Radar,0,0,13,1,14,0,0,41,4,45,0,0,54,5,59,52,0,52,111
11/14/2005,HUF,IN,AGL,CE,Combined TRACON& Tower with Radar,0,4,46,14,64,0,0,100,0,100,0,4,146,14,164,230,17,247,411
11/15/2005,HUF,IN,AGL,CE,Combined TRACON& Tower with Radar,0,6,3,0,9,0,0,2,0,2,0,6,5,0,11,0,0,0,11
11/16/2005,HUF,IN,AGL,CE,Combined TRACON& Tower with Radar,0,2,18,21,41,0,0,17,13,30,0,2,35,34,71,12,4,16,87
11/17/2005,HUF,IN,AGL,CE,Combined TRACON& Tower with Radar,2,1,62,19,84,0,1,138,11,150,2,2,200,30,234,274,2,276,510
11/18/2005,HUF,IN,AGL,CE,Combined TRACON& Tower with Radar,0,5,65,14,84,0,0,139,3,142,0,5,204,17,226,208,4,212,438
11/19/2005,HUF,IN,AGL,CE,Combined TRACON& Tower with Radar,0,0,20,2,22,0,0,70,0,70,0,0,90,2,92,58,0,58,150
11/20/2005,HUF,IN,AGL,CE,Combined TRACON& Tower with Radar,0,0,21,1,22,0,0,63,0,63,0,0,84,1,85,74,0,74,159
11/21/2005,HUF,IN,AGL,CE,Combined TRACON& Tower with Radar,0,7,83,15,105,0,0,71,4,75,0,7,154,19,180,132,0,132,312
11/22/2005,HUF,IN,AGL,CE,Combined TRACON& Tower with Radar,0,0,46,25,71,0,0,84,0,84,0,0,130,25,155,196,54,250,405
11/23/2005,HUF,IN,AGL,CE,Combined TRACON& Tower with Radar,0,2,18,0,20,0,1,28,0,29,0,3,46,0,49,50,0,50,99
11/24/2005,HUF,IN,AGL,CE,Combined TRACON& Tower with Radar,0,0,1,0,1,0,0,1,0,1,0,0,2,0,2,0,0,0,2
11/25/2005,HUF,IN,AGL,CE,Combined TRACON& Tower with Radar,0,2,11,0,13,0,0,54,1,55,0,2,65,1,68,40,0,40,108
11/26/2005,HUF,IN,AGL,CE,Combined TRACON& Tower with Radar,0,0,15,0,15,0,0,30,0,30,0,0,45,0,45,34,0,34,79
11/27/2005,HUF,IN,AGL,CE,Combined TRACON& Tower with Radar,0,0,22,0,22,0,0,0,0,0,0,0,22,0,22,0,0,0,22
11/28/2005,HUF,IN,AGL,CE,Combined TRACON& Tower with Radar,0,7,7,15,29,0,0,9,4,13,0,7,16,19,42,24,6,30,72
11/29/2005,HUF,IN,AGL,CE,Combined TRACON& Tower with Radar,0,7,27,10,44,0,0,57,0,57,0,7,84,10,101,78,8,86,187
11/30/2005,HUF,IN,AGL,CE,Combined TRACON& Tower with Radar,2,3,73,28,106,0,1,130,0,131,2,4,203,28,237,210,28,238,475
12/01/2005,HUF,IN,AGL,CE,Combined TRACON& Tower with Radar,0,3,9,0,12,0,0,3,0,3,0,3,12,0,15,14,0,14,29
12/02/2005,HUF,IN,AGL,CE,Combined TRACON& Tower with Radar,0,3,64,15,82,0,0,105,2,107,0,3,169,17,189,204,10,214,403
12/03/2005,HUF,IN,AGL,CE,Combined TRACON& Tower with Radar,0,2,38,11,51,0,1,60,4,65,0,3,98,15,116,130,16,146,262
12/04/2005,HUF,IN,AGL,CE,Combined TRACON& Tower with Radar,0,0,5,1,6,0,0,3,0,3,0,0,8,1,9,40,0,40,49
12/05/2005,HUF,IN,AGL,CE,Combined TRACON& Tower with Radar,0,4,74,9,87,0,1,114,0,115,0,5,188,9,202,178,12,190,392
12/06/2005,HUF,IN,AGL,CE,Combined TRACON& Tower with Radar,0,3,21,18,42,0,0,10,0,10,0,3,31,18,52,73,2,75,127
12/07/2005,HUF,IN,AGL,CE,Combined TRACON& Tower with Radar,2,2,69,18,91,0,2,136,3,141,2,4,205,21,232,182,22,204,436
12/08/2005,HUF,IN,AGL,CE,Combined TRACON& Tower with Radar,0,2,19,4,25,0,0,40,0,40,0,2,59,4,65,64,2,66,131
12/09/2005,HUF,IN,AGL,CE,Combined TRACON& Tower with Radar,0,4,19,0,23,0,0,15,0,15,0,4,34,0,38,0,0,0,38
12/10/2005,HUF,IN,AGL,CE,Combined TRACON& Tower with Radar,0,2,19,0,21,0,0,48,0,48,0,2,67,0,69,74,0,74,143
12/11/2005,HUF,IN,AGL,CE,Combined TRACON& Tower with Radar,0,0,1,0,1,0,0,13,0,13,0,0,14,0,14,120,0,120,134
12/12/2005,HUF,IN,AGL,CE,Combined TRACON& Tower with Radar,0,4,45,19,68,0,5,108,7,120,0,9,153,26,188,146,8,154,342
12/13/2005,HUF,IN,AGL,CE,Combined TRACON& Tower with Radar,0,2,32,14,48,0,1,42,1,44,0,3,74,15,92,144,0,144,236
12/14/2005,HUF,IN,AGL,CE,Combined TRACON& Tower with Radar,0,4,4,0,8,0,0,0,0,0,0,4,4,0,8,0,0,0,8
12/15/2005,HUF,IN,AGL,CE,Combined TRACON& Tower with Radar,0,4,40,15,59,0,0,48,1,49,0,4,88,16,108,46,2,48,156
12/16/2005,HUF,IN,AGL,CE,Combined TRACON& Tower with Radar,0,2,27,10,39,0,0,68,0,68,0,2,95,10,107,92,0,92,199
12/17/2005,HUF,IN,AGL,CE,Combined TRACON& Tower with Radar,0,0,30,2,32,0,0,114,4,118,0,0,144,6,150,98,0,98,248
12/18/2005,HUF,IN,AGL,CE,Combined TRACON& Tower with Radar,0,0,3,0,3,0,0,2,0,2,0,0,5,0,5,0,0,0,5
12/19/2005,HUF,IN,AGL,CE,Combined TRACON& Tower with Radar,0,4,41,12,57,0,2,84,2,88,0,6,125,14,145,108,8,116,261
12/20/2005,HUF,IN,AGL,CE,Combined TRACON& Tower with Radar,0,4,61,12,77,0,0,105,3,108,0,4,166,15,185,109,8,117,302
12/21/2005,HUF,IN,AGL,CE,Combined TRACON& Tower with Radar,2,2,36,9,49,0,1,52,1,54,2,3,88,10,103,104,0,104,207
12/22/2005,HUF,IN,AGL,CE,Combined TRACON& Tower with Radar,0,4,25,6,35,0,0,32,8,40,0,4,57,14,75,28,18,46,121
12/23/2005,HUF,IN,AGL,CE,Combined TRACON& Tower with Radar,0,2,14,0,16,0,0,24,2,26,0,2,38,2,42,44,0,44,86
12/24/2005,HUF,IN,AGL,CE,Combined TRACON& Tower with Radar,0,0,6,0,6,0,0,7,0,7,0,0,13,0,13,0,0,0,13
12/25/2005,HUF,IN,AGL,CE,Combined TRACON& Tower with Radar,0,0,0,0,0,0,0,0,0,0,0,0,0,0,0,0,0,0,0
12/26/2005,HUF,IN,AGL,CE,Combined TRACON& Tower with Radar,0,1,5,0,6,0,0,3,0,3,0,1,8,0,9,0,0,0,9
12/27/2005,HUF,IN,AGL,CE,Combined TRACON& Tower with Radar,0,4,19,8,31,0,0,34,0,34,0,4,53,8,65,36,16,52,117
12/28/2005,HUF,IN,AGL,CE,Combined TRACON& Tower with Radar,0,2,2,9,13,0,0,1,0,1,0,2,3,9,14,0,0,0,14
12/29/2005,HUF,IN,AGL,CE,Combined TRACON& Tower with Radar,0,8,20,10,38,0,0,0,0,0,0,8,20,10,38,0,0,0,38
12/30/2005,HUF,IN,AGL,CE,Combined TRACON& Tower with Radar,0,2,5,0,7,0,0,3,0,3,0,2,8,0,10,0,0,0,10
12/31/2005,HUF,IN,AGL,CE,Combined TRACON& Tower with Radar,0,0,23,0,23,0,0,15,0,15,0,0,38,0,38,12,0,12,50
01/01/2006,HUF,IN,AGL,CE,Combined TRACON& Tower with Radar,0,0,8,0,8,0,0,19,0,19,0,0,27,0,27,16,0,16,43
01/02/2006,HUF,IN,AGL,CE,Combined TRACON& Tower with Radar,0,0,4,0,4,0,2,5,0,7,0,2,9,0,11,16,0,16,27
01/03/2006,HUF,IN,AGL,CE,Combined TRACON& Tower with Radar,0,4,8,10,22,0,0,0,0,0,0,4,8,10,22,0,0,0,22
01/04/2006,HUF,IN,AGL,CE,Combined TRACON& Tower with Radar,2,2,35,14,53,0,0,5,6,11,2,2,40,20,64,85,6,91,155
01/05/2006,HUF,IN,AGL,CE,Combined TRACON& Tower with Radar,0,7,9,14,30,0,3,14,5,22,0,10,23,19,52,60,0,60,112
01/06/2006,HUF,IN,AGL,CE,Combined TRACON& Tower with Radar,0,3,17,10,30,0,5,40,4,49,0,8,57,14,79,46,20,66,145
01/07/2006,HUF,IN,AGL,CE,Combined TRACON& Tower with Radar,0,0,14,10,24,0,2,54,1,57,0,2,68,11,81,70,8,78,159
01/08/2006,HUF,IN,AGL,CE,Combined TRACON& Tower with Radar,0,0,21,17,38,0,0,33,1,34,0,0,54,18,72,16,28,44,116
01/09/2006,HUF,IN,AGL,CE,Combined TRACON& Tower with Radar,0,9,44,0,53,0,0,33,0,33,0,9,77,0,86,38,0,38,124
01/10/2006,HUF,IN,AGL,CE,Combined TRACON& Tower with Radar,0,3,36,9,48,0,0,5,0,5,0,3,41,9,53,20,0,20,73
01/11/2006,HUF,IN,AGL,CE,Combined TRACON& Tower with Radar,2,3,34,14,53,0,1,46,3,50,2,4,80,17,103,46,0,46,149
01/12/2006,HUF,IN,AGL,CE,Combined TRACON& Tower with Radar,0,5,55,11,71,0,0,132,2,134,0,5,187,13,205,112,20,132,337
01/13/2006,HUF,IN,AGL,CE,Combined TRACON& Tower with Radar,0,4,9,6,19,0,0,0,0,0,0,4,9,6,19,0,0,0,19
01/14/2006,HUF,IN,AGL,CE,Combined TRACON& Tower with Radar,0,0,15,2,17,0,0,32,0,32,0,0,47,2,49,79,0,79,128
01/15/2006,HUF,IN,AGL,CE,Combined TRACON& Tower with Radar,0,0,28,0,28,0,0,61,0,61,0,0,89,0,89,77,2,79,168
01/16/2006,HUF,IN,AGL,CE,Combined TRACON& Tower with Radar,0,0,35,0,35,0,1,106,0,107,0,1,141,0,142,106,0,106,248
01/17/2006,HUF,IN,AGL,CE,Combined TRACON& Tower with Radar,0,5,0,0,5,0,0,1,0,1,0,5,1,0,6,0,0,0,6
01/18/2006,HUF,IN,AGL,CE,Combined TRACON& Tower with Radar,0,5,51,1,57,0,1,94,0,95,0,6,145,1,152,134,2,136,288
01/19/2006,HUF,IN,AGL,CE,Combined TRACON& Tower with Radar,0,5,25,14,44,0,0,58,0,58,0,5,83,14,102,62,2,64,166
01/20/2006,HUF,IN,AGL,CE,Combined TRACON& Tower with Radar,0,4,57,15,76,0,0,77,5,82,0,4,134,20,158,176,20,196,354
01/21/2006,HUF,IN,AGL,CE,Combined TRACON& Tower with Radar,0,0,9,0,9,0,0,24,0,24,0,0,33,0,33,76,0,76,109
01/22/2006,HUF,IN,AGL,CE,Combined TRACON& Tower with Radar,0,0,26,4,30,0,1,49,2,52,0,1,75,6,82,89,0,89,171
01/23/2006,HUF,IN,AGL,CE,Combined TRACON& Tower with Radar,0,4,6,6,16,0,0,0,0,0,0,4,6,6,16,0,0,0,16
01/24/2006,HUF,IN,AGL,CE,Combined TRACON& Tower with Radar,0,2,24,13,39,0,0,34,1,35,0,2,58,14,74,70,12,82,156
01/25/2006,HUF,IN,AGL,CE,Combined TRACON& Tower with Radar,2,4,78,21,105,0,2,99,0,101,2,6,177,21,206,195,12,207,413
01/26/2006,HUF,IN,AGL,CE,Combined TRACON& Tower with Radar,0,2,43,13,58,0,0,116,5,121,0,2,159,18,179,200,34,234,413
01/27/2006,HUF,IN,AGL,CE,Combined TRACON& Tower with Radar,0,2,37,26,65,0,0,119,0,119,0,2,156,26,184,162,28,190,374
01/28/2006,HUF,IN,AGL,CE,Combined TRACON& Tower with Radar,0,0,20,0,20,0,0,42,2,44,0,0,62,2,64,96,0,96,160
01/29/2006,HUF,IN,AGL,CE,Combined TRACON& Tower with Radar,0,0,9,0,9,0,0,8,0,8,0,0,17,0,17,54,0,54,71
01/30/2006,HUF,IN,AGL,CE,Combined TRACON& Tower with Radar,0,5,29,12,46,0,0,12,7,19,0,5,41,19,65,96,20,116,181
01/31/2006,HUF,IN,AGL,CE,Combined TRACON& Tower with Radar,0,4,72,11,87,0,0,113,0,113,0,4,185,11,200,228,8,236,436
02/01/2006,HUF,IN,AGL,CE,Combined TRACON& Tower with Radar,2,3,33,46,84,0,0,106,7,113,2,3,139,53,197,202,32,234,431
02/02/2006,HUF,IN,AGL,CE,Combined TRACON& Tower with Radar,0,6,24,0,30,0,0,13,0,13,0,6,37,0,43,64,0,64,107
02/03/2006,HUF,IN,AGL,CE,Combined TRACON& Tower with Radar,0,2,41,13,56,0,0,69,1,70,0,2,110,14,126,212,40,252,378
02/04/2006,HUF,IN,AGL,CE,Combined TRACON& Tower with Radar,0,0,2,0,2,0,0,0,0,0,0,0,2,0,2,0,0,0,2
02/05/2006,HUF,IN,AGL,CE,Combined TRACON& Tower with Radar,0,0,20,0,20,0,0,25,0,25,0,0,45,0,45,164,0,164,209
02/06/2006,HUF,IN,AGL,CE,Combined TRACON& Tower with Radar,0,5,53,2,60,0,0,145,0,145,0,5,198,2,205,193,0,193,398
02/07/2006,HUF,IN,AGL,CE,Combined TRACON& Tower with Radar,0,3,58,9,70,0,1,118,9,128,0,4,176,18,198,132,10,142,340
02/08/2006,HUF,IN,AGL,CE,Combined TRACON& Tower with Radar,2,2,70,18,92,0,2,106,3,111,2,4,176,21,203,188,54,242,445
02/09/2006,HUF,IN,AGL,CE,Combined TRACON& Tower with Radar,0,2,58,9,69,0,1,103,7,111,0,3,161,16,180,376,18,394,574
02/10/2006,HUF,IN,AGL,CE,Combined TRACON& Tower with Radar,0,3,40,12,55,0,0,96,0,96,0,3,136,12,151,176,32,208,359
02/11/2006,HUF,IN,AGL,CE,Combined TRACON& Tower with Radar,0,1,2,0,3,0,0,2,0,2,0,1,4,0,5,11,0,11,16
02/12/2006,HUF,IN,AGL,CE,Combined TRACON& Tower with Radar,0,0,4,0,4,0,0,7,0,7,0,0,11,0,11,34,0,34,45
02/13/2006,HUF,IN,AGL,CE,Combined TRACON& Tower with Radar,0,4,24,2,30,0,1,65,0,66,0,5,89,2,96,80,0,80,176
02/14/2006,HUF,IN,AGL,CE,Combined TRACON& Tower with Radar,0,4,50,12,66,0,1,126,1,128,0,5,176,13,194,196,0,196,390
02/15/2006,HUF,IN,AGL,CE,Combined TRACON& Tower with Radar,2,2,55,10,69,0,0,64,5,69,2,2,119,15,138,231,0,231,369
02/16/2006,HUF,IN,AGL,CE,Combined TRACON& Tower with Radar,0,1,4,18,23,0,0,4,3,7,0,1,8,21,30,50,0,50,80
02/17/2006,HUF,IN,AGL,CE,Combined TRACON& Tower with Radar,0,3,29,17,49,0,0,86,3,89,0,3,115,20,138,136,16,152,290
02/18/2006,HUF,IN,AGL,CE,Combined TRACON& Tower with Radar,0,0,15,3,18,0,0,40,0,40,0,0,55,3,58,32,12,44,102
02/19/2006,HUF,IN,AGL,CE,Combined TRACON& Tower with Radar,0,0,16,1,17,0,1,59,1,61,0,1,75,2,78,90,0,90,168
02/20/2006,HUF,IN,AGL,CE,Combined TRACON& Tower with Radar,0,0,54,0,54,0,0,105,0,105,0,0,159,0,159,186,0,186,345
02/21/2006,HUF,IN,AGL,CE,Combined TRACON& Tower with Radar,0,4,60,4,68,0,2,122,0,124,0,6,182,4,192,180,6,186,378
02/22/2006,HUF,IN,AGL,CE,Combined TRACON& Tower with Radar,0,17,65,4,86,0,0,129,6,135,0,17,194,10,221,258,0,258,479
02/23/2006,HUF,IN,AGL,CE,Combined TRACON& Tower with Radar,0,13,48,4,65,0,0,116,0,116,0,13,164,4,181,146,2,148,329
02/24/2006,HUF,IN,AGL,CE,Combined TRACON& Tower with Radar,0,3,66,8,77,0,0,114,2,116,0,3,180,10,193,196,14,210,403
02/25/2006,HUF,IN,AGL,CE,Combined TRACON& Tower with Radar,0,1,16,0,17,0,0,34,0,34,0,1,50,0,51,42,0,42,93
02/26/2006,HUF,IN,AGL,CE,Combined TRACON& Tower with Radar,0,1,11,0,12,0,1,89,2,92,0,2,100,2,104,146,4,150,254
02/27/2006,HUF,IN,AGL,CE,Combined TRACON& Tower with Radar,0,4,65,0,69,0,0,111,1,112,0,4,176,1,181,246,0,246,427
02/28/2006,HUF,IN,AGL,CE,Combined TRACON& Tower with Radar,0,4,68,0,72,0,0,84,0,84,0,4,152,0,156,196,0,196,352
03/01/2006,HUF,IN,AGL,CE,Combined TRACON& Tower with Radar,2,2,79,4,87,0,0,83,0,83,2,2,162,4,170,162,0,162,332
03/02/2006,HUF,IN,AGL,CE,Combined TRACON& Tower with Radar,0,6,6,6,18,0,0,25,3,28,0,6,31,9,46,82,6,88,134
03/03/2006,HUF,IN,AGL,CE,Combined TRACON& Tower with Radar,0,8,52,9,69,0,0,117,3,120,0,8,169,12,189,144,2,146,335
03/04/2006,HUF,IN,AGL,CE,Combined TRACON& Tower with Radar,0,0,27,4,31,0,2,107,1,110,0,2,134,5,141,112,6,118,259
03/05/2006,HUF,IN,AGL,CE,Combined TRACON& Tower with Radar,0,0,7,2,9,0,0,11,0,11,0,0,18,2,20,78,0,78,98
03/06/2006,HUF,IN,AGL,CE,Combined TRACON& Tower with Radar,0,5,26,2,33,0,0,6,0,6,0,5,32,2,39,20,0,20,59
03/07/2006,HUF,IN,AGL,CE,Combined TRACON& Tower with Radar,0,2,59,9,70,0,0,134,12,146,0,2,193,21,216,278,36,314,530
03/08/2006,HUF,IN,AGL,CE,Combined TRACON& Tower with Radar,2,6,9,1,18,0,0,0,0,0,2,6,9,1,18,0,0,0,18
03/09/2006,HUF,IN,AGL,CE,Combined TRACON& Tower with Radar,0,2,6,0,8,0,0,0,0,0,0,2,6,0,8,0,0,0,8
03/10/2006,HUF,IN,AGL,CE,Combined TRACON& Tower with Radar,0,2,30,13,45,0,0,14,0,14,0,2,44,13,59,78,2,80,139
03/11/2006,HUF,IN,AGL,CE,Combined TRACON& Tower with Radar,0,0,0,0,0,0,0,0,0,0,0,0,0,0,0,0,0,0,0
03/12/2006,HUF,IN,AGL,CE,Combined TRACON& Tower with Radar,0,0,3,2,5,0,2,7,0,9,0,2,10,2,14,14,0,14,28
03/13/2006,HUF,IN,AGL,CE,Combined TRACON& Tower with Radar,0,4,0,1,5,0,0,2,0,2,0,4,2,1,7,0,0,0,7
03/14/2006,HUF,IN,AGL,CE,Combined TRACON& Tower with Radar,0,6,10,9,25,0,5,19,6,30,0,11,29,15,55,6,34,40,95
03/15/2006,HUF,IN,AGL,CE,Combined TRACON& Tower with Radar,2,4,38,17,61,0,0,38,10,48,2,4,76,27,109,72,8,80,189
03/16/2006,HUF,IN,AGL,CE,Combined TRACON& Tower with Radar,0,2,8,11,21,0,0,16,9,25,0,2,24,20,46,30,14,44,90
03/17/2006,HUF,IN,AGL,CE,Combined TRACON& Tower with Radar,0,2,22,12,36,0,0,25,2,27,0,2,47,14,63,30,6,36,99
03/18/2006,HUF,IN,AGL,CE,Combined TRACON& Tower with Radar,0,0,21,0,21,0,0,49,6,55,0,0,70,6,76,8,0,8,84
03/19/2006,HUF,IN,AGL,CE,Combined TRACON& Tower with Radar,0,0,21,2,23,0,0,62,3,65,0,0,83,5,88,58,0,58,146
03/20/2006,HUF,IN,AGL,CE,Combined TRACON& Tower with Radar,0,4,63,2,69,0,0,90,0,90,0,4,153,2,159,80,0,80,239
03/21/2006,HUF,IN,AGL,CE,Combined TRACON& Tower with Radar,0,2,5,0,7,0,0,1,0,1,0,2,6,0,8,0,0,0,8
03/22/2006,HUF,IN,AGL,CE,Combined TRACON& Tower with Radar,2,12,50,11,75,0,0,101,1,102,2,12,151,12,177,187,0,187,364
03/23/2006,HUF,IN,AGL,CE,Combined TRACON& Tower with Radar,0,2,75,20,97,0,2,142,6,150,0,4,217,26,247,214,14,228,475
03/24/2006,HUF,IN,AGL,CE,Combined TRACON& Tower with Radar,2,2,31,15,50,0,0,21,2,23,2,2,52,17,73,152,0,152,225
03/25/2006,HUF,IN,AGL,CE,Combined TRACON& Tower with Radar,0,0,20,0,20,0,1,25,0,26,0,1,45,0,46,154,0,154,200
03/26/2006,HUF,IN,AGL,CE,Combined TRACON& Tower with Radar,0,0,36,0,36,0,0,95,0,95,0,0,131,0,131,236,0,236,367
03/27/2006,HUF,IN,AGL,CE,Combined TRACON& Tower with Radar,0,4,34,10,48,0,1,56,0,57,0,5,90,10,105,56,0,56,161
03/28/2006,HUF,IN,AGL,CE,Combined TRACON& Tower with Radar,0,6,45,23,74,0,3,0,0,3,0,9,45,23,77,0,0,0,77
03/29/2006,HUF,IN,AGL,CE,Combined TRACON& Tower with Radar,0,11,76,10,97,0,0,80,0,80,0,11,156,10,177,116,6,122,299
03/30/2006,HUF,IN,AGL,CE,Combined TRACON& Tower with Radar,0,13,63,11,87,0,0,127,3,130,0,13,190,14,217,174,20,194,411
03/31/2006,HUF,IN,AGL,CE,Combined TRACON& Tower with Radar,0,6,9,14,29,0,0,26,1,27,0,6,35,15,56,22,24,46,102
04/01/2006,HUF,IN,AGL,CE,Combined TRACON& Tower with Radar,0,0,40,0,40,0,0,31,0,31,0,0,71,0,71,156,0,156,227
04/02/2006,HUF,IN,AGL,CE,Combined TRACON& Tower with Radar,0,0,6,0,6,0,0,9,0,9,0,0,15,0,15,0,0,0,15
04/03/2006,HUF,IN,AGL,CE,Combined TRACON& Tower with Radar,0,3,10,0,13,0,0,12,0,12,0,3,22,0,25,0,0,0,25
04/04/2006,HUF,IN,AGL,CE,Combined TRACON& Tower with Radar,0,2,38,13,53,0,0,120,8,128,0,2,158,21,181,148,6,154,335
04/05/2006,HUF,IN,AGL,CE,Combined TRACON& Tower with Radar,2,2,46,15,65,0,0,135,8,143,2,2,181,23,208,200,21,221,429
04/06/2006,HUF,IN,AGL,CE,Combined TRACON& Tower with Radar,0,5,7,0,12,0,0,4,0,4,0,5,11,0,16,0,0,0,16
04/07/2006,HUF,IN,AGL,CE,Combined TRACON& Tower with Radar,0,0,14,17,31,0,0,20,17,37,0,0,34,34,68,102,4,106,174
04/08/2006,HUF,IN,AGL,CE,Combined TRACON& Tower with Radar,0,0,14,10,24,0,0,70,1,71,0,0,84,11,95,50,26,76,171
04/09/2006,HUF,IN,AGL,CE,Combined TRACON& Tower with Radar,0,0,27,15,42,0,0,134,2,136,0,0,161,17,178,132,50,182,360
04/10/2006,HUF,IN,AGL,CE,Combined TRACON& Tower with Radar,0,6,74,0,80,0,0,136,1,137,0,6,210,1,217,208,0,208,425
04/11/2006,HUF,IN,AGL,CE,Combined TRACON& Tower with Radar,0,5,40,9,54,0,0,80,3,83,0,5,120,12,137,116,2,118,255
04/12/2006,HUF,IN,AGL,CE,Combined TRACON& Tower with Radar,2,3,17,8,30,0,0,44,4,48,2,3,61,12,78,32,10,42,120
04/13/2006,HUF,IN,AGL,CE,Combined TRACON& Tower with Radar,0,2,55,11,68,0,0,117,6,123,0,2,172,17,191,278,27,305,496
04/14/2006,HUF,IN,AGL,CE,Combined TRACON& Tower with Radar,0,2,28,3,33,0,0,28,4,32,0,2,56,7,65,79,0,79,144
04/15/2006,HUF,IN,AGL,CE,Combined TRACON& Tower with Radar,0,0,30,0,30,0,2,50,0,52,0,2,80,0,82,140,0,140,222
04/16/2006,HUF,IN,AGL,CE,Combined TRACON& Tower with Radar,0,0,16,0,16,0,0,33,0,33,0,0,49,0,49,28,0,28,77
04/17/2006,HUF,IN,AGL,CE,Combined TRACON& Tower with Radar,0,4,67,10,81,0,0,49,0,49,0,4,116,10,130,134,0,134,264
04/18/2006,HUF,IN,AGL,CE,Combined TRACON& Tower with Radar,0,3,56,10,69,0,1,103,15,119,0,4,159,25,188,276,18,294,482
04/19/2006,HUF,IN,AGL,CE,Combined TRACON& Tower with Radar,0,16,49,5,70,0,0,94,13,107,0,16,143,18,177,171,30,201,378
04/20/2006,HUF,IN,AGL,CE,Combined TRACON& Tower with Radar,0,11,31,13,55,0,1,99,13,113,0,12,130,26,168,198,18,216,384
04/21/2006,HUF,IN,AGL,CE,Combined TRACON& Tower with Radar,0,0,33,15,48,0,0,65,6,71,0,0,98,21,119,184,16,200,319
04/22/2006,HUF,IN,AGL,CE,Combined TRACON& Tower with Radar,0,2,24,6,32,0,0,72,0,72,0,2,96,6,104,86,4,90,194
04/23/2006,HUF,IN,AGL,CE,Combined TRACON& Tower with Radar,0,0,15,3,18,0,0,68,1,69,0,0,83,4,87,130,0,130,217
04/24/2006,HUF,IN,AGL,CE,Combined TRACON& Tower with Radar,0,2,32,0,34,0,0,98,1,99,0,2,130,1,133,264,0,264,397
04/25/2006,HUF,IN,AGL,CE,Combined TRACON& Tower with Radar,0,6,26,8,40,0,6,9,0,15,0,12,35,8,55,18,4,22,77
04/26/2006,HUF,IN,AGL,CE,Combined TRACON& Tower with Radar,2,10,26,8,46,0,0,96,4,100,2,10,122,12,146,184,14,198,344
04/27/2006,HUF,IN,AGL,CE,Combined TRACON& Tower with Radar,0,2,55,13,70,0,0,153,2,155,0,2,208,15,225,167,12,179,404
04/28/2006,HUF,IN,AGL,CE,Combined TRACON& Tower with Radar,0,1,35,18,54,0,0,106,13,119,0,1,141,31,173,168,14,182,355
04/29/2006,HUF,IN,AGL,CE,Combined TRACON& Tower with Radar,0,0,7,0,7,0,0,16,0,16,0,0,23,0,23,74,0,74,97
04/30/2006,HUF,IN,AGL,CE,Combined TRACON& Tower with Radar,0,0,8,0,8,0,0,0,0,0,0,0,8,0,8,0,0,0,8
05/01/2006,HUF,IN,AGL,CE,Combined TRACON& Tower with Radar,0,2,30,3,35,0,2,6,0,8,0,4,36,3,43,0,0,0,43
05/02/2006,HUF,IN,AGL,CE,Combined TRACON& Tower with Radar,0,2,39,21,62,0,0,47,7,54,0,2,86,28,116,94,20,114,230
05/03/2006,HUF,IN,AGL,CE,Combined TRACON& Tower with Radar,2,2,42,12,58,0,0,70,0,70,2,2,112,12,128,144,2,146,274
05/04/2006,HUF,IN,AGL,CE,Combined TRACON& Tower with Radar,0,5,27,20,52,0,0,74,3,77,0,5,101,23,129,89,10,99,228
05/05/2006,HUF,IN,AGL,CE,Combined TRACON& Tower with Radar,0,0,29,30,59,0,0,95,0,95,0,0,124,30,154,121,10,131,285
05/06/2006,HUF,IN,AGL,CE,Combined TRACON& Tower with Radar,0,0,8,8,16,0,1,49,2,52,0,1,57,10,68,26,14,40,108
05/07/2006,HUF,IN,AGL,CE,Combined TRACON& Tower with Radar,0,0,22,23,45,0,0,90,9,99,0,0,112,32,144,58,24,82,226
05/08/2006,HUF,IN,AGL,CE,Combined TRACON& Tower with Radar,2,2,23,5,32,0,0,74,0,74,2,2,97,5,106,184,0,184,290
05/09/2006,HUF,IN,AGL,CE,Combined TRACON& Tower with Radar,0,2,43,12,57,0,0,76,4,80,0,2,119,16,137,198,6,204,341
05/10/2006,HUF,IN,AGL,CE,Combined TRACON& Tower with Radar,0,2,28,0,30,0,0,0,0,0,0,2,28,0,30,0,0,0,30
05/11/2006,HUF,IN,AGL,CE,Combined TRACON& Tower with Radar,0,2,13,7,22,0,0,19,0,19,0,2,32,7,41,56,8,64,105
05/12/2006,HUF,IN,AGL,CE,Combined TRACON& Tower with Radar,2,0,42,3,47,0,0,17,2,19,2,0,59,5,66,26,0,26,92
05/13/2006,HUF,IN,AGL,CE,Combined TRACON& Tower with Radar,0,0,11,0,11,0,0,6,0,6,0,0,17,0,17,0,0,0,17
05/14/2006,HUF,IN,AGL,CE,Combined TRACON& Tower with Radar,0,0,18,0,18,0,1,4,0,5,0,1,22,0,23,12,0,12,35
05/15/2006,HUF,IN,AGL,CE,Combined TRACON& Tower with Radar,0,2,11,0,13,0,0,4,0,4,0,2,15,0,17,12,0,12,29
05/16/2006,HUF,IN,AGL,CE,Combined TRACON& Tower with Radar,0,2,24,21,47,0,0,32,0,32,0,2,56,21,79,272,10,282,361
05/17/2006,HUF,IN,AGL,CE,Combined TRACON& Tower with Radar,2,3,18,5,28,0,0,45,1,46,2,3,63,6,74,120,6,126,200
05/18/2006,HUF,IN,AGL,CE,Combined TRACON& Tower with Radar,0,4,16,7,27,0,1,36,5,42,0,5,52,12,69,90,12,102,171
05/19/2006,HUF,IN,AGL,CE,Combined TRACON& Tower with Radar,0,0,34,4,38,0,0,64,0,64,0,0,98,4,102,120,0,120,222
05/20/2006,HUF,IN,AGL,CE,Combined TRACON& Tower with Radar,0,0,17,0,17,0,0,58,0,58,0,0,75,0,75,72,0,72,147
05/21/2006,HUF,IN,AGL,CE,Combined TRACON& Tower with Radar,0,0,12,1,13,0,1,30,1,32,0,1,42,2,45,58,6,64,109
05/22/2006,HUF,IN,AGL,CE,Combined TRACON& Tower with Radar,0,4,20,1,25,0,0,82,1,83,0,4,102,2,108,190,0,190,298
05/23/2006,HUF,IN,AGL,CE,Combined TRACON& Tower with Radar,0,2,11,16,29,0,1,91,18,110,0,3,102,34,139,202,10,212,351
05/24/2006,HUF,IN,AGL,CE,Combined TRACON& Tower with Radar,2,4,19,7,32,0,0,62,5,67,2,4,81,12,99,166,6,172,271
05/25/2006,HUF,IN,AGL,CE,Combined TRACON& Tower with Radar,0,2,13,8,23,0,0,9,6,15,0,2,22,14,38,59,0,59,97
05/26/2006,HUF,IN,AGL,CE,Combined TRACON& Tower with Radar,0,3,23,0,26,0,0,37,0,37,0,3,60,0,63,120,0,120,183
05/27/2006,HUF,IN,AGL,CE,Combined TRACON& Tower with Radar,0,2,14,6,22,0,0,52,17,69,0,2,66,23,91,47,2,49,140
05/28/2006,HUF,IN,AGL,CE,Combined TRACON& Tower with Radar,0,0,10,0,10,0,1,39,6,46,0,1,49,6,56,70,4,74,130
05/29/2006,HUF,IN,AGL,CE,Combined TRACON& Tower with Radar,0,0,13,0,13,0,0,38,1,39,0,0,51,1,52,130,0,130,182
05/30/2006,HUF,IN,AGL,CE,Combined TRACON& Tower with Radar,0,3,25,11,39,0,0,55,2,57,0,3,80,13,96,134,10,144,240
05/31/2006,HUF,IN,AGL,CE,Combined TRACON& Tower with Radar,0,2,30,18,50,0,0,46,0,46,0,2,76,18,96,86,4,90,186
06/01/2006,HUF,IN,AGL,CE,Combined TRACON& Tower with Radar,0,6,8,0,14,0,1,0,0,1,0,7,8,0,15,0,0,0,15
06/02/2006,HUF,IN,AGL,CE,Combined TRACON& Tower with Radar,0,1,16,11,28,0,0,53,7,60,0,1,69,18,88,126,6,132,220
06/03/2006,HUF,IN,AGL,CE,Combined TRACON& Tower with Radar,0,0,17,0,17,0,1,59,0,60,0,1,76,0,77,57,0,57,134
06/04/2006,HUF,IN,AGL,CE,Combined TRACON& Tower with Radar,0,4,15,4,23,0,3,48,0,51,0,7,63,4,74,66,0,66,140
06/05/2006,HUF,IN,AGL,CE,Combined TRACON& Tower with Radar,0,3,28,15,46,0,0,75,5,80,0,3,103,20,126,114,14,128,254
06/06/2006,HUF,IN,AGL,CE,Combined TRACON& Tower with Radar,0,2,28,17,47,0,0,71,7,78,0,2,99,24,125,116,26,142,267
06/07/2006,HUF,IN,AGL,CE,Combined TRACON& Tower with Radar,2,4,29,14,49,0,0,64,2,66,2,4,93,16,115,126,0,126,241
06/08/2006,HUF,IN,AGL,CE,Combined TRACON& Tower with Radar,0,2,42,9,53,0,2,64,3,69,0,4,106,12,122,172,20,192,314
06/09/2006,HUF,IN,AGL,CE,Combined TRACON& Tower with Radar,0,3,27,23,53,0,0,65,4,69,0,3,92,27,122,144,12,156,278
06/10/2006,HUF,IN,AGL,CE,Combined TRACON& Tower with Radar,0,1,7,15,23,0,1,32,7,40,0,2,39,22,63,40,20,60,123
06/11/2006,HUF,IN,AGL,CE,Combined TRACON& Tower with Radar,0,0,15,0,15,0,0,5,0,5,0,0,20,0,20,0,0,0,20
06/12/2006,HUF,IN,AGL,CE,Combined TRACON& Tower with Radar,0,4,39,0,43,0,2,72,0,74,0,6,111,0,117,202,0,202,319
06/13/2006,HUF,IN,AGL,CE,Combined TRACON& Tower with Radar,0,4,32,18,54,0,1,98,0,99,0,5,130,18,153,148,10,158,311
06/14/2006,HUF,IN,AGL,CE,Combined TRACON& Tower with Radar,2,4,21,11,38,0,0,73,5,78,2,4,94,16,116,202,7,209,325
06/15/2006,HUF,IN,AGL,CE,Combined TRACON& Tower with Radar,0,6,23,14,43,0,7,61,11,79,0,13,84,25,122,222,6,228,350
06/16/2006,HUF,IN,AGL,CE,Combined TRACON& Tower with Radar,0,2,3,19,24,0,0,64,3,67,0,2,67,22,91,106,10,116,207
06/17/2006,HUF,IN,AGL,CE,Combined TRACON& Tower with Radar,6,0,9,0,15,0,2,33,0,35,6,2,42,0,50,44,0,44,94
06/18/2006,HUF,IN,AGL,CE,Combined TRACON& Tower with Radar,0,0,2,4,6,0,0,1,2,3,0,0,3,6,9,0,0,0,9
06/19/2006,HUF,IN,AGL,CE,Combined TRACON& Tower with Radar,0,2,17,5,24,0,0,33,2,35,0,2,50,7,59,38,0,38,97
06/20/2006,HUF,IN,AGL,CE,Combined TRACON& Tower with Radar,0,4,31,10,45,0,1,74,1,76,0,5,105,11,121,185,0,185,306
06/21/2006,HUF,IN,AGL,CE,Combined TRACON& Tower with Radar,2,2,29,11,44,0,0,105,8,113,2,2,134,19,157,152,8,160,317
06/22/2006,HUF,IN,AGL,CE,Combined TRACON& Tower with Radar,0,2,22,4,28,0,1,52,3,56,0,3,74,7,84,114,14,128,212
06/23/2006,HUF,IN,AGL,CE,Combined TRACON& Tower with Radar,0,0,27,20,47,0,0,26,4,30,0,0,53,24,77,84,16,100,177
06/24/2006,HUF,IN,AGL,CE,Combined TRACON& Tower with Radar,0,0,13,0,13,0,0,36,2,38,0,0,49,2,51,67,6,73,124
06/25/2006,HUF,IN,AGL,CE,Combined TRACON& Tower with Radar,0,0,11,0,11,0,0,43,0,43,0,0,54,0,54,66,0,66,120
06/26/2006,HUF,IN,AGL,CE,Combined TRACON& Tower with Radar,0,2,24,2,28,0,0,48,1,49,0,2,72,3,77,148,12,160,237
06/27/2006,HUF,IN,AGL,CE,Combined TRACON& Tower with Radar,0,7,38,7,52,0,0,51,3,54,0,7,89,10,106,95,6,101,207
06/28/2006,HUF,IN,AGL,CE,Combined TRACON& Tower with Radar,2,3,27,11,43,0,0,70,2,72,2,3,97,13,115,76,4,80,195
06/29/2006,HUF,IN,AGL,CE,Combined TRACON& Tower with Radar,0,2,23,6,31,0,0,90,2,92,0,2,113,8,123,132,6,138,261
06/30/2006,HUF,IN,AGL,CE,Combined TRACON& Tower with Radar,0,4,12,8,24,0,0,23,4,27,0,4,35,12,51,54,0,54,105
07/01/2006,HUF,IN,AGL,CE,Combined TRACON& Tower with Radar,2,0,9,0,11,0,2,38,0,40,2,2,47,0,51,36,0,36,87
07/02/2006,HUF,IN,AGL,CE,Combined TRACON& Tower with Radar,0,0,16,3,19,0,0,30,2,32,0,0,46,5,51,10,0,10,61
07/03/2006,HUF,IN,AGL,CE,Combined TRACON& Tower with Radar,0,10,11,3,24,0,0,21,1,22,0,10,32,4,46,28,2,30,76
07/04/2006,HUF,IN,AGL,CE,Combined TRACON& Tower with Radar,0,0,2,3,5,0,2,7,3,12,0,2,9,6,17,6,12,18,35
07/05/2006,HUF,IN,AGL,CE,Combined TRACON& Tower with Radar,2,3,21,10,36,0,0,67,4,71,2,3,88,14,107,108,6,114,221
07/06/2006,HUF,IN,AGL,CE,Combined TRACON& Tower with Radar,0,2,20,15,37,0,0,70,9,79,0,2,90,24,116,188,16,204,320
07/07/2006,HUF,IN,AGL,CE,Combined TRACON& Tower with Radar,0,0,23,6,29,0,0,50,19,69,0,0,73,25,98,102,12,114,212
07/08/2006,HUF,IN,AGL,CE,Combined TRACON& Tower with Radar,0,0,13,2,15,0,0,46,0,46,0,0,59,2,61,40,0,40,101
07/09/2006,HUF,IN,AGL,CE,Combined TRACON& Tower with Radar,0,0,3,1,4,0,0,28,0,28,0,0,31,1,32,14,0,14,46
07/10/2006,HUF,IN,AGL,CE,Combined TRACON& Tower with Radar,0,2,24,0,26,0,0,40,2,42,0,2,64,2,68,34,0,34,102
07/11/2006,HUF,IN,AGL,CE,Combined TRACON& Tower with Radar,0,5,26,0,31,0,0,4,0,4,0,5,30,0,35,0,0,0,35
07/12/2006,HUF,IN,AGL,CE,Combined TRACON& Tower with Radar,2,4,15,12,33,0,2,6,3,11,2,6,21,15,44,0,0,0,44
07/13/2006,HUF,IN,AGL,CE,Combined TRACON& Tower with Radar,0,2,34,20,56,0,2,17,0,19,0,4,51,20,75,52,0,52,127
07/14/2006,HUF,IN,AGL,CE,Combined TRACON& Tower with Radar,0,1,14,14,29,0,3,18,2,23,0,4,32,16,52,6,11,17,69
07/15/2006,HUF,IN,AGL,CE,Combined TRACON& Tower with Radar,0,0,9,8,17,0,2,38,7,47,0,2,47,15,64,24,16,40,104
07/16/2006,HUF,IN,AGL,CE,Combined TRACON& Tower with Radar,0,0,7,22,29,0,0,40,2,42,0,0,47,24,71,36,32,68,139
07/17/2006,HUF,IN,AGL,CE,Combined TRACON& Tower with Radar,0,2,15,1,18,0,2,49,2,53,0,4,64,3,71,92,4,96,167
07/18/2006,HUF,IN,AGL,CE,Combined TRACON& Tower with Radar,0,3,28,5,36,0,2,35,4,41,0,5,63,9,77,73,2,75,152
07/19/2006,HUF,IN,AGL,CE,Combined TRACON& Tower with Radar,0,3,16,6,25,2,0,56,0,58,2,3,72,6,83,80,2,82,165
07/20/2006,HUF,IN,AGL,CE,Combined TRACON& Tower with Radar,0,2,18,1,21,0,0,22,0,22,0,2,40,1,43,0,0,0,43
07/21/2006,HUF,IN,AGL,CE,Combined TRACON& Tower with Radar,0,1,52,10,63,0,0,27,0,27,0,1,79,10,90,42,0,42,132
07/22/2006,HUF,IN,AGL,CE,Combined TRACON& Tower with Radar,0,0,27,0,27,0,0,12,0,12,0,0,39,0,39,0,0,0,39
07/23/2006,HUF,IN,AGL,CE,Combined TRACON& Tower with Radar,0,0,20,4,24,0,1,41,0,42,0,1,61,4,66,8,0,8,74
07/24/2006,HUF,IN,AGL,CE,Combined TRACON& Tower with Radar,0,2,13,6,21,0,1,41,2,44,0,3,54,8,65,96,0,96,161
07/25/2006,HUF,IN,AGL,CE,Combined TRACON& Tower with Radar,0,3,22,9,34,0,0,48,4,52,0,3,70,13,86,34,2,36,122
07/26/2006,HUF,IN,AGL,CE,Combined TRACON& Tower with Radar,2,3,20,11,36,0,0,54,10,64,2,3,74,21,100,38,8,46,146
07/27/2006,HUF,IN,AGL,CE,Combined TRACON& Tower with Radar,0,4,27,4,35,0,0,36,3,39,0,4,63,7,74,32,0,32,106
07/28/2006,HUF,IN,AGL,CE,Combined TRACON& Tower with Radar,0,0,13,12,25,0,0,7,3,10,0,0,20,15,35,0,16,16,51
07/29/2006,HUF,IN,AGL,CE,Combined TRACON& Tower with Radar,0,0,9,0,9,0,4,10,0,14,0,4,19,0,23,10,0,10,33
07/30/2006,HUF,IN,AGL,CE,Combined TRACON& Tower with Radar,0,0,12,0,12,0,2,35,0,37,0,2,47,0,49,0,0,0,49
07/31/2006,HUF,IN,AGL,CE,Combined TRACON& Tower with Radar,0,2,18,4,24,0,0,31,4,35,0,2,49,8,59,8,4,12,71
08/01/2006,HUF,IN,AGL,CE,Combined TRACON& Tower with Radar,0,5,12,15,32,0,1,41,5,47,0,6,53,20,79,50,16,66,145
08/02/2006,HUF,IN,AGL,CE,Combined TRACON& Tower with Radar,2,2,19,10,33,0,0,74,0,74,2,2,93,10,107,52,10,62,169
08/03/2006,HUF,IN,AGL,CE,Combined TRACON& Tower with Radar,0,4,9,2,15,0,0,10,3,13,0,4,19,5,28,6,0,6,34
08/04/2006,HUF,IN,AGL,CE,Combined TRACON& Tower with Radar,0,0,18,22,40,0,0,58,4,62,0,0,76,26,102,122,14,136,238
08/05/2006,HUF,IN,AGL,CE,Combined TRACON& Tower with Radar,0,0,9,0,9,0,0,39,0,39,0,0,48,0,48,50,0,50,98
08/06/2006,HUF,IN,AGL,CE,Combined TRACON& Tower with Radar,0,1,8,16,25,0,1,25,4,30,0,2,33,20,55,44,0,44,99
08/07/2006,HUF,IN,AGL,CE,Combined TRACON& Tower with Radar,0,2,12,3,17,0,3,33,0,36,0,5,45,3,53,56,0,56,109
08/08/2006,HUF,IN,AGL,CE,Combined TRACON& Tower with Radar,0,2,19,4,25,0,2,45,4,51,0,4,64,8,76,162,0,162,238
08/09/2006,HUF,IN,AGL,CE,Combined TRACON& Tower with Radar,2,2,12,3,19,0,0,4,0,4,2,2,16,3,23,32,0,32,55
08/10/2006,HUF,IN,AGL,CE,Combined TRACON& Tower with Radar,2,2,15,5,24,0,2,7,2,11,2,4,22,7,35,14,0,14,49
08/11/2006,HUF,IN,AGL,CE,Combined TRACON& Tower with Radar,0,11,25,5,41,0,0,11,8,19,0,11,36,13,60,32,0,32,92
08/12/2006,HUF,IN,AGL,CE,Combined TRACON& Tower with Radar,0,0,18,2,20,0,2,53,1,56,0,2,71,3,76,52,0,52,128
08/13/2006,HUF,IN,AGL,CE,Combined TRACON& Tower with Radar,0,0,15,4,19,0,1,40,2,43,0,1,55,6,62,26,0,26,88
08/14/2006,HUF,IN,AGL,CE,Combined TRACON& Tower with Radar,0,4,28,0,32,0,3,23,0,26,0,7,51,0,58,66,0,66,124
08/15/2006,HUF,IN,AGL,CE,Combined TRACON& Tower with Radar,2,2,19,2,25,0,0,57,1,58,2,2,76,3,83,90,0,90,173
08/16/2006,HUF,IN,AGL,CE,Combined TRACON& Tower with Radar,2,2,28,2,34,0,0,57,0,57,2,2,85,2,91,42,0,42,133
08/17/2006,HUF,IN,AGL,CE,Combined TRACON& Tower with Radar,0,2,19,0,21,0,0,61,0,61,0,2,80,0,82,66,0,66,148
08/18/2006,HUF,IN,AGL,CE,Combined TRACON& Tower with Radar,0,2,3,5,10,0,2,3,1,6,0,4,6,6,16,17,0,17,33
08/19/2006,HUF,IN,AGL,CE,Combined TRACON& Tower with Radar,0,0,5,0,5,0,0,9,1,10,0,0,14,1,15,0,0,0,15
08/20/2006,HUF,IN,AGL,CE,Combined TRACON& Tower with Radar,2,1,15,2,20,0,0,46,1,47,2,1,61,3,67,22,0,22,89
08/21/2006,HUF,IN,AGL,CE,Combined TRACON& Tower with Radar,0,2,21,0,23,0,2,46,2,50,0,4,67,2,73,51,0,51,124
08/22/2006,HUF,IN,AGL,CE,Combined TRACON& Tower with Radar,0,4,15,11,30,0,2,64,12,78,0,6,79,23,108,52,12,64,172
08/23/2006,HUF,IN,AGL,CE,Combined TRACON& Tower with Radar,0,2,28,9,39,0,0,81,11,92,0,2,109,20,131,110,12,122,253
08/24/2006,HUF,IN,AGL,CE,Combined TRACON& Tower with Radar,0,4,22,15,41,0,0,78,10,88,0,4,100,25,129,120,42,162,291
08/25/2006,HUF,IN,AGL,CE,Combined TRACON& Tower with Radar,0,0,22,19,41,0,0,54,2,56,0,0,76,21,97,112,28,140,237
08/26/2006,HUF,IN,AGL,CE,Combined TRACON& Tower with Radar,0,0,4,0,4,0,2,8,14,24,0,2,12,14,28,47,0,47,75
08/27/2006,HUF,IN,AGL,CE,Combined TRACON& Tower with Radar,0,0,13,5,18,0,2,8,0,10,0,2,21,5,28,6,0,6,34
08/28/2006,HUF,IN,AGL,CE,Combined TRACON& Tower with Radar,0,2,65,5,72,0,0,13,0,13,0,2,78,5,85,34,0,34,119
08/29/2006,HUF,IN,AGL,CE,Combined TRACON& Tower with Radar,0,6,39,14,59,0,0,7,0,7,0,6,46,14,66,32,0,32,98
08/30/2006,HUF,IN,AGL,CE,Combined TRACON& Tower with Radar,2,3,67,10,82,0,0,18,10,28,2,3,85,20,110,54,10,64,174
08/31/2006,HUF,IN,AGL,CE,Combined TRACON& Tower with Radar,0,2,31,14,47,0,0,69,4,73,0,2,100,18,120,64,0,64,184
09/01/2006,HUF,IN,AGL,CE,Combined TRACON& Tower with Radar,0,0,21,0,21,0,0,74,0,74,0,0,95,0,95,68,0,68,163
09/02/2006,HUF,IN,AGL,CE,Combined TRACON& Tower with Radar,0,0,17,0,17,0,0,49,3,52,0,0,66,3,69,40,8,48,117
09/03/2006,HUF,IN,AGL,CE,Combined TRACON& Tower with Radar,0,0,20,0,20,0,0,58,2,60,0,0,78,2,80,72,8,80,160
09/04/2006,HUF,IN,AGL,CE,Combined TRACON& Tower with Radar,0,0,10,0,10,0,1,47,4,52,0,1,57,4,62,138,0,138,200
09/05/2006,HUF,IN,AGL,CE,Combined TRACON& Tower with Radar,0,2,19,8,29,0,0,58,9,67,0,2,77,17,96,36,6,42,138
09/06/2006,HUF,IN,AGL,CE,Combined TRACON& Tower with Radar,0,5,44,9,58,0,1,117,19,137,0,6,161,28,195,112,16,128,323
09/07/2006,HUF,IN,AGL,CE,Combined TRACON& Tower with Radar,0,4,28,14,46,0,0,134,6,140,0,4,162,20,186,142,20,162,348
09/08/2006,HUF,IN,AGL,CE,Combined TRACON& Tower with Radar,0,2,30,35,67,0,0,91,0,91,0,2,121,35,158,186,26,212,370
09/09/2006,HUF,IN,AGL,CE,Combined TRACON& Tower with Radar,0,0,16,11,27,0,3,43,1,47,0,3,59,12,74,40,13,53,127
09/10/2006,HUF,IN,AGL,CE,Combined TRACON& Tower with Radar,0,0,6,17,23,0,0,17,6,23,0,0,23,23,46,80,20,100,146
09/11/2006,HUF,IN,AGL,CE,Combined TRACON& Tower with Radar,0,3,26,2,31,0,0,32,2,34,0,3,58,4,65,56,0,56,121
09/12/2006,HUF,IN,AGL,CE,Combined TRACON& Tower with Radar,0,4,17,11,32,0,1,3,0,4,0,5,20,11,36,18,0,18,54
09/13/2006,HUF,IN,AGL,CE,Combined TRACON& Tower with Radar,2,6,55,13,76,0,0,16,0,16,2,6,71,13,92,30,0,30,122
09/14/2006,HUF,IN,AGL,CE,Combined TRACON& Tower with Radar,0,4,44,15,63,0,1,75,5,81,0,5,119,20,144,20,0,20,164
09/15/2006,HUF,IN,AGL,CE,Combined TRACON& Tower with Radar,0,0,12,6,18,0,2,47,0,49,0,2,59,6,67,10,0,10,77
09/16/2006,HUF,IN,AGL,CE,Combined TRACON& Tower with Radar,0,0,6,0,6,0,0,61,0,61,0,0,67,0,67,130,0,130,197
09/17/2006,HUF,IN,AGL,CE,Combined TRACON& Tower with Radar,0,0,4,1,5,0,0,41,1,42,0,0,45,2,47,22,0,22,69
09/18/2006,HUF,IN,AGL,CE,Combined TRACON& Tower with Radar,0,2,32,2,36,0,2,54,0,56,0,4,86,2,92,20,0,20,112
09/19/2006,HUF,IN,AGL,CE,Combined TRACON& Tower with Radar,0,6,57,9,72,0,1,149,3,153,0,7,206,12,225,124,4,128,353
09/20/2006,HUF,IN,AGL,CE,Combined TRACON& Tower with Radar,2,2,59,9,72,0,3,145,6,154,2,5,204,15,226,120,10,130,356
09/21/2006,HUF,IN,AGL,CE,Combined TRACON& Tower with Radar,0,2,34,25,61,0,0,108,4,112,0,2,142,29,173,174,34,208,381
09/22/2006,HUF,IN,AGL,CE,Combined TRACON& Tower with Radar,0,2,20,0,22,0,0,0,0,0,0,2,20,0,22,14,0,14,36
09/23/2006,HUF,IN,AGL,CE,Combined TRACON& Tower with Radar,0,0,0,0,0,0,0,0,0,0,0,0,0,0,0,0,0,0,0
09/24/2006,HUF,IN,AGL,CE,Combined TRACON& Tower with Radar,0,0,12,3,15,0,2,38,2,42,0,2,50,5,57,93,4,97,154
09/25/2006,HUF,IN,AGL,CE,Combined TRACON& Tower with Radar,0,6,58,0,64,0,1,124,4,129,0,7,182,4,193,198,10,208,401
09/26/2006,HUF,IN,AGL,CE,Combined TRACON& Tower with Radar,0,6,35,6,47,0,0,117,0,117,0,6,152,6,164,240,2,242,406
09/27/2006,HUF,IN,AGL,CE,Combined TRACON& Tower with Radar,2,2,29,10,43,0,0,75,1,76,2,2,104,11,119,14,0,14,133
09/28/2006,HUF,IN,AGL,CE,Combined TRACON& Tower with Radar,0,2,46,10,58,0,0,72,8,80,0,2,118,18,138,204,0,204,342
09/29/2006,HUF,IN,AGL,CE,Combined TRACON& Tower with Radar,0,0,25,6,31,0,3,73,1,77,0,3,98,7,108,72,7,79,187
09/30/2006,HUF,IN,AGL,CE,Combined TRACON& Tower with Radar,0,0,8,3,11,0,2,36,1,39,0,2,44,4,50,54,0,54,104
10/01/2006,HUF,IN,AGL,CE,Combined TRACON& Tower with Radar,0,0,16,0,16,0,1,65,1,67,0,1,81,1,83,46,0,46,129
10/02/2006,HUF,IN,AGL,CE,Combined TRACON& Tower with Radar,0,2,6,6,14,0,0,117,0,117,0,2,123,6,131,201,0,201,332
10/03/2006,HUF,IN,AGL,CE,Combined TRACON& Tower with Radar,0,2,54,12,68,0,0,83,3,86,0,2,137,15,154,184,8,192,346
10/04/2006,HUF,IN,AGL,CE,Combined TRACON& Tower with Radar,2,6,46,12,66,0,0,94,2,96,2,6,140,14,162,200,0,200,362
10/05/2006,HUF,IN,AGL,CE,Combined TRACON& Tower with Radar,0,7,81,11,99,0,0,37,0,37,0,7,118,11,136,184,0,184,320
10/06/2006,HUF,IN,AGL,CE,Combined TRACON& Tower with Radar,0,2,30,14,46,0,0,84,1,85,0,2,114,15,131,58,8,66,197
10/07/2006,HUF,IN,AGL,CE,Combined TRACON& Tower with Radar,0,0,1,8,9,0,0,54,3,57,0,0,55,11,66,22,18,40,106
10/08/2006,HUF,IN,AGL,CE,Combined TRACON& Tower with Radar,0,0,13,21,34,0,1,58,14,73,0,1,71,35,107,44,32,76,183
10/09/2006,HUF,IN,AGL,CE,Combined TRACON& Tower with Radar,0,0,33,0,33,0,1,103,6,110,0,1,136,6,143,238,10,248,391
10/10/2006,HUF,IN,AGL,CE,Combined TRACON& Tower with Radar,0,5,53,22,80,0,0,88,11,99,0,5,141,33,179,180,8,188,367
10/11/2006,HUF,IN,AGL,CE,Combined TRACON& Tower with Radar,0,2,45,5,52,0,0,5,0,5,0,2,50,5,57,48,0,48,105
10/12/2006,HUF,IN,AGL,CE,Combined TRACON& Tower with Radar,0,3,40,10,53,0,1,59,10,70,0,4,99,20,123,94,14,108,231
10/13/2006,HUF,IN,AGL,CE,Combined TRACON& Tower with Radar,2,0,19,2,23,0,4,46,0,50,2,4,65,2,73,48,0,48,121
10/14/2006,HUF,IN,AGL,CE,Combined TRACON& Tower with Radar,3,0,18,0,21,1,2,71,0,74,4,2,89,0,95,66,0,66,161
10/15/2006,HUF,IN,AGL,CE,Combined TRACON& Tower with Radar,0,0,10,0,10,0,0,63,8,71,0,0,73,8,81,64,2,66,147
10/16/2006,HUF,IN,AGL,CE,Combined TRACON& Tower with Radar,0,0,29,25,54,0,0,28,1,29,0,0,57,26,83,78,20,98,181
10/17/2006,HUF,IN,AGL,CE,Combined TRACON& Tower with Radar,0,6,70,3,79,0,3,21,0,24,0,9,91,3,103,272,0,272,375
10/18/2006,HUF,IN,AGL,CE,Combined TRACON& Tower with Radar,2,2,65,6,75,0,2,88,0,90,2,4,153,6,165,280,2,282,447
10/19/2006,HUF,IN,AGL,CE,Combined TRACON& Tower with Radar,0,2,36,0,38,0,0,9,0,9,0,2,45,0,47,0,0,0,47
10/20/2006,HUF,IN,AGL,CE,Combined TRACON& Tower with Radar,0,2,44,14,60,0,0,158,6,164,0,2,202,20,224,152,24,176,400
10/21/2006,HUF,IN,AGL,CE,Combined TRACON& Tower with Radar,0,0,10,0,10,0,0,118,0,118,0,0,128,0,128,26,1,27,155
10/22/2006,HUF,IN,AGL,CE,Combined TRACON& Tower with Radar,0,0,10,1,11,0,3,12,3,18,0,3,22,4,29,33,0,33,62
10/23/2006,HUF,IN,AGL,CE,Combined TRACON& Tower with Radar,0,4,58,4,66,0,0,127,0,127,0,4,185,4,193,218,4,222,415
10/24/2006,HUF,IN,AGL,CE,Combined TRACON& Tower with Radar,0,8,30,8,46,0,0,116,11,127,0,8,146,19,173,236,20,256,429
10/25/2006,HUF,IN,AGL,CE,Combined TRACON& Tower with Radar,2,6,39,16,63,0,0,111,9,120,2,6,150,25,183,273,0,273,456
10/26/2006,HUF,IN,AGL,CE,Combined TRACON& Tower with Radar,0,4,20,4,28,0,0,7,0,7,0,4,27,4,35,0,0,0,35
10/27/2006,HUF,IN,AGL,CE,Combined TRACON& Tower with Radar,0,0,7,0,7,0,0,0,0,0,0,0,7,0,7,0,0,0,7
10/28/2006,HUF,IN,AGL,CE,Combined TRACON& Tower with Radar,0,0,4,0,4,0,1,3,2,6,0,1,7,2,10,6,0,6,16
10/29/2006,HUF,IN,AGL,CE,Combined TRACON& Tower with Radar,0,2,12,2,16,0,0,108,0,108,0,2,120,2,124,94,0,94,218
10/30/2006,HUF,IN,AGL,CE,Combined TRACON& Tower with Radar,0,2,45,4,51,0,2,55,0,57,0,4,100,4,108,44,0,44,152
10/31/2006,HUF,IN,AGL,CE,Combined TRACON& Tower with Radar,0,2,52,13,67,0,2,82,1,85,0,4,134,14,152,198,4,202,354
11/01/2006,HUF,IN,AGL,CE,Combined TRACON& Tower with Radar,2,2,66,8,78,0,0,129,6,135,2,2,195,14,213,274,8,282,495
11/02/2006,HUF,IN,AGL,CE,Combined TRACON& Tower with Radar,0,2,44,9,55,0,0,87,1,88,0,2,131,10,143,108,12,120,263
11/03/2006,HUF,IN,AGL,CE,Combined TRACON& Tower with Radar,0,0,47,11,58,0,0,98,11,109,0,0,145,22,167,238,20,258,425
11/04/2006,HUF,IN,AGL,CE,Combined TRACON& Tower with Radar,0,0,30,6,36,0,0,50,2,52,0,0,80,8,88,16,10,26,114
11/05/2006,HUF,IN,AGL,CE,Combined TRACON& Tower with Radar,0,0,13,12,25,0,0,51,19,70,0,0,64,31,95,154,26,180,275
11/06/2006,HUF,IN,AGL,CE,Combined TRACON& Tower with Radar,0,2,59,0,61,0,0,84,0,84,0,2,143,0,145,240,0,240,385
11/07/2006,HUF,IN,AGL,CE,Combined TRACON& Tower with Radar,0,2,29,3,34,0,0,12,0,12,0,2,41,3,46,44,0,44,90
11/08/2006,HUF,IN,AGL,CE,Combined TRACON& Tower with Radar,2,8,62,12,84,0,1,79,4,84,2,9,141,16,168,152,8,160,328
11/09/2006,HUF,IN,AGL,CE,Combined TRACON& Tower with Radar,0,4,40,13,57,0,0,95,1,96,0,4,135,14,153,310,0,310,463
11/10/2006,HUF,IN,AGL,CE,Combined TRACON& Tower with Radar,0,2,27,0,29,0,1,45,0,46,0,3,72,0,75,238,0,238,313
11/11/2006,HUF,IN,AGL,CE,Combined TRACON& Tower with Radar,0,0,13,2,15,0,0,0,0,0,0,0,13,2,15,20,0,20,35
11/12/2006,HUF,IN,AGL,CE,Combined TRACON& Tower with Radar,0,0,23,0,23,0,2,76,0,78,0,2,99,0,101,150,0,150,251
11/13/2006,HUF,IN,AGL,CE,Combined TRACON& Tower with Radar,0,2,52,4,58,0,0,26,0,26,0,2,78,4,84,109,0,109,193
11/14/2006,HUF,IN,AGL,CE,Combined TRACON& Tower with Radar,0,2,36,6,44,0,2,37,0,39,0,4,73,6,83,140,2,142,225
11/15/2006,HUF,IN,AGL,CE,Combined TRACON& Tower with Radar,2,6,10,2,20,0,0,0,0,0,2,6,10,2,20,0,0,0,20
11/16/2006,HUF,IN,AGL,CE,Combined TRACON& Tower with Radar,0,6,3,0,9,0,0,4,0,4,0,6,7,0,13,0,0,0,13
11/17/2006,HUF,IN,AGL,CE,Combined TRACON& Tower with Radar,0,0,32,9,41,0,0,6,0,6,0,0,38,9,47,72,0,72,119
11/18/2006,HUF,IN,AGL,CE,Combined TRACON& Tower with Radar,0,0,36,0,36,0,0,29,0,29,0,0,65,0,65,118,0,118,183
11/19/2006,HUF,IN,AGL,CE,Combined TRACON& Tower with Radar,0,0,9,4,13,0,0,7,0,7,0,0,16,4,20,14,0,14,34
11/20/2006,HUF,IN,AGL,CE,Combined TRACON& Tower with Radar,0,0,9,4,13,0,0,7,0,7,0,0,16,4,20,14,0,14,34
11/21/2006,HUF,IN,AGL,CE,Combined TRACON& Tower with Radar,0,2,12,10,24,0,0,78,10,88,0,2,90,20,112,210,12,222,334
11/22/2006,HUF,IN,AGL,CE,Combined TRACON& Tower with Radar,0,2,21,8,31,0,2,69,12,83,0,4,90,20,114,54,14,68,182
11/23/2006,HUF,IN,AGL,CE,Combined TRACON& Tower with Radar,0,0,6,0,6,0,0,19,0,19,0,0,25,0,25,0,0,0,25
11/24/2006,HUF,IN,AGL,CE,Combined TRACON& Tower with Radar,0,4,5,0,9,0,2,34,0,36,0,6,39,0,45,38,0,38,83
11/25/2006,HUF,IN,AGL,CE,Combined TRACON& Tower with Radar,0,0,14,0,14,0,0,38,0,38,0,0,52,0,52,20,0,20,72
11/26/2006,HUF,IN,AGL,CE,Combined TRACON& Tower with Radar,0,0,16,0,16,0,0,63,0,63,0,0,79,0,79,84,0,84,163
11/27/2006,HUF,IN,AGL,CE,Combined TRACON& Tower with Radar,0,6,26,0,32,0,2,93,0,95,0,8,119,0,127,266,0,266,393
11/28/2006,HUF,IN,AGL,CE,Combined TRACON& Tower with Radar,0,4,31,8,43,0,1,85,5,91,0,5,116,13,134,150,14,164,298
11/29/2006,HUF,IN,AGL,CE,Combined TRACON& Tower with Radar,2,4,54,13,73,0,0,16,0,16,2,4,70,13,89,35,0,35,124
11/30/2006,HUF,IN,AGL,CE,Combined TRACON& Tower with Radar,0,2,13,0,15,0,0,0,0,0,0,2,13,0,15,0,0,0,15
12/01/2006,HUF,IN,AGL,CE,Combined TRACON& Tower with Radar,0,0,1,0,1,0,0,2,0,2,0,0,3,0,3,0,0,0,3
12/02/2006,HUF,IN,AGL,CE,Combined TRACON& Tower with Radar,0,0,13,16,29,0,0,67,21,88,0,0,80,37,117,130,10,140,257
12/03/2006,HUF,IN,AGL,CE,Combined TRACON& Tower with Radar,0,0,19,7,26,0,0,77,0,77,0,0,96,7,103,62,4,66,169
12/04/2006,HUF,IN,AGL,CE,Combined TRACON& Tower with Radar,0,4,42,0,46,0,0,84,1,85,0,4,126,1,131,208,0,208,339
12/05/2006,HUF,IN,AGL,CE,Combined TRACON& Tower with Radar,0,2,44,20,66,0,0,114,9,123,0,2,158,29,189,160,14,174,363
12/06/2006,HUF,IN,AGL,CE,Combined TRACON& Tower with Radar,2,2,33,11,48,0,2,89,0,91,2,4,122,11,139,216,0,216,355
12/07/2006,HUF,IN,AGL,CE,Combined TRACON& Tower with Radar,0,10,17,15,42,0,0,60,8,68,0,10,77,23,110,62,6,68,178
12/08/2006,HUF,IN,AGL,CE,Combined TRACON& Tower with Radar,0,0,53,9,62,0,0,117,2,119,0,0,170,11,181,128,20,148,329
12/09/2006,HUF,IN,AGL,CE,Combined TRACON& Tower with Radar,0,0,20,0,20,0,0,73,0,73,0,0,93,0,93,118,0,118,211
12/10/2006,HUF,IN,AGL,CE,Combined TRACON& Tower with Radar,0,0,10,0,10,0,0,83,0,83,0,0,93,0,93,200,0,200,293
12/11/2006,HUF,IN,AGL,CE,Combined TRACON& Tower with Radar,0,2,40,15,57,0,1,100,0,101,0,3,140,15,158,236,8,244,402
12/12/2006,HUF,IN,AGL,CE,Combined TRACON& Tower with Radar,0,1,10,0,11,0,1,0,0,1,0,2,10,0,12,0,0,0,12
12/13/2006,HUF,IN,AGL,CE,Combined TRACON& Tower with Radar,2,2,34,9,47,0,0,94,6,100,2,2,128,15,147,222,2,224,371
12/14/2006,HUF,IN,AGL,CE,Combined TRACON& Tower with Radar,0,2,36,8,46,0,0,58,6,64,0,2,94,14,110,74,10,84,194
12/15/2006,HUF,IN,AGL,CE,Combined TRACON& Tower with Radar,0,2,25,7,34,0,0,59,1,60,0,2,84,8,94,72,10,82,176
12/16/2006,HUF,IN,AGL,CE,Combined TRACON& Tower with Radar,0,0,20,0,20,0,3,40,0,43,0,3,60,0,63,38,0,38,101
12/17/2006,HUF,IN,AGL,CE,Combined TRACON& Tower with Radar,0,1,6,0,7,0,0,13,0,13,0,1,19,0,20,36,0,36,56
12/18/2006,HUF,IN,AGL,CE,Combined TRACON& Tower with Radar,0,4,10,1,15,0,1,51,1,53,0,5,61,2,68,90,0,90,158
12/19/2006,HUF,IN,AGL,CE,Combined TRACON& Tower with Radar,0,4,11,4,19,0,2,67,0,69,0,6,78,4,88,40,2,42,130
12/20/2006,HUF,IN,AGL,CE,Combined TRACON& Tower with Radar,2,6,14,5,27,0,0,55,2,57,2,6,69,7,84,72,20,92,176
12/21/2006,HUF,IN,AGL,CE,Combined TRACON& Tower with Radar,0,2,13,0,15,0,0,0,0,0,0,2,13,0,15,0,0,0,15
12/22/2006,HUF,IN,AGL,CE,Combined TRACON& Tower with Radar,0,0,4,0,4,0,2,7,0,9,0,2,11,0,13,0,0,0,13
12/23/2006,HUF,IN,AGL,CE,Combined TRACON& Tower with Radar,0,0,6,0,6,0,0,2,0,2,0,0,8,0,8,0,0,0,8
12/24/2006,HUF,IN,AGL,CE,Combined TRACON& Tower with Radar,0,0,5,0,5,0,0,7,0,7,0,0,12,0,12,0,0,0,12
12/25/2006,HUF,IN,AGL,CE,Combined TRACON& Tower with Radar,0,0,0,0,0,0,0,0,0,0,0,0,0,0,0,0,0,0,0
12/26/2006,HUF,IN,AGL,CE,Combined TRACON& Tower with Radar,0,2,3,0,5,0,0,2,0,2,0,2,5,0,7,0,0,0,7
12/27/2006,HUF,IN,AGL,CE,Combined TRACON& Tower with Radar,2,2,7,12,23,0,2,43,7,52,2,4,50,19,75,46,12,58,133
12/28/2006,HUF,IN,AGL,CE,Combined TRACON& Tower with Radar,0,1,11,8,20,0,1,50,1,52,0,2,61,9,72,35,4,39,111
12/29/2006,HUF,IN,AGL,CE,Combined TRACON& Tower with Radar,0,0,8,6,14,0,0,41,4,45,0,0,49,10,59,60,6,66,125
12/30/2006,HUF,IN,AGL,CE,Combined TRACON& Tower with Radar,0,1,14,0,15,0,1,57,0,58,0,2,71,0,73,12,0,12,85
12/31/2006,HUF,IN,AGL,CE,Combined TRACON& Tower with Radar,0,1,0,0,1,0,2,0,0,2,0,3,0,0,3,0,0,0,3
01/01/2007,HUF,IN,AGL,CE,Combined TRACON& Tower with Radar,0,0,0,0,0,0,0,3,0,3,0,0,3,0,3,0,0,0,3
01/02/2007,HUF,IN,AGL,CE,Combined TRACON& Tower with Radar,0,2,10,0,12,0,0,42,0,42,0,2,52,0,54,40,0,40,94
01/03/2007,HUF,IN,AGL,CE,Combined TRACON& Tower with Radar,0,2,10,12,24,0,0,43,5,48,0,2,53,17,72,68,24,92,164
01/04/2007,HUF,IN,AGL,CE,Combined TRACON& Tower with Radar,0,2,11,10,23,0,0,10,13,23,0,2,21,23,46,16,6,22,68
01/05/2007,HUF,IN,AGL,CE,Combined TRACON& Tower with Radar,0,0,1,2,3,0,0,0,0,0,0,0,1,2,3,0,0,0,3
01/06/2007,HUF,IN,AGL,CE,Combined TRACON& Tower with Radar,0,0,11,3,14,0,0,5,0,5,0,0,16,3,19,0,0,0,19
01/07/2007,HUF,IN,AGL,CE,Combined TRACON& Tower with Radar,0,0,2,3,5,0,0,2,0,2,0,0,4,3,7,0,0,0,7
01/08/2007,HUF,IN,AGL,CE,Combined TRACON& Tower with Radar,0,3,17,2,22,0,1,71,2,74,0,4,88,4,96,130,0,130,226
01/09/2007,HUF,IN,AGL,CE,Combined TRACON& Tower with Radar,0,3,10,0,13,0,0,26,0,26,0,3,36,0,39,40,0,40,79
01/10/2007,HUF,IN,AGL,CE,Combined TRACON& Tower with Radar,2,4,36,1,43,0,1,97,0,98,2,5,133,1,141,136,2,138,279
01/11/2007,HUF,IN,AGL,CE,Combined TRACON& Tower with Radar,0,2,14,0,16,0,0,12,0,12,0,2,26,0,28,10,0,10,38
01/12/2007,HUF,IN,AGL,CE,Combined TRACON& Tower with Radar,0,0,0,0,0,0,0,0,0,0,0,0,0,0,0,0,0,0,0
01/13/2007,HUF,IN,AGL,CE,Combined TRACON& Tower with Radar,0,0,0,0,0,0,0,0,0,0,0,0,0,0,0,0,0,0,0
01/14/2007,HUF,IN,AGL,CE,Combined TRACON& Tower with Radar,0,0,3,0,3,0,0,0,0,0,0,0,3,0,3,0,0,0,3
01/15/2007,HUF,IN,AGL,CE,Combined TRACON& Tower with Radar,0,0,6,0,6,0,1,4,0,5,0,1,10,0,11,36,0,36,47
01/16/2007,HUF,IN,AGL,CE,Combined TRACON& Tower with Radar,0,5,22,0,27,0,0,17,0,17,0,5,39,0,44,54,0,54,98
01/17/2007,HUF,IN,AGL,CE,Combined TRACON& Tower with Radar,0,2,46,0,48,0,2,103,2,107,0,4,149,2,155,206,0,206,361
01/18/2007,HUF,IN,AGL,CE,Combined TRACON& Tower with Radar,0,2,19,4,25,0,1,50,2,53,0,3,69,6,78,92,4,96,174
01/19/2007,HUF,IN,AGL,CE,Combined TRACON& Tower with Radar,0,0,41,0,41,0,0,99,0,99,0,0,140,0,140,140,0,140,280
01/20/2007,HUF,IN,AGL,CE,Combined TRACON& Tower with Radar,0,0,24,7,31,0,1,79,10,90,0,1,103,17,121,108,2,110,231
01/21/2007,HUF,IN,AGL,CE,Combined TRACON& Tower with Radar,0,0,3,1,4,0,0,0,0,0,0,0,3,1,4,0,0,0,4
01/22/2007,HUF,IN,AGL,CE,Combined TRACON& Tower with Radar,0,2,0,0,2,0,0,2,0,2,0,2,2,0,4,36,0,36,40
01/23/2007,HUF,IN,AGL,CE,Combined TRACON& Tower with Radar,0,4,49,9,62,0,0,94,4,98,0,4,143,13,160,198,16,214,374
01/24/2007,HUF,IN,AGL,CE,Combined TRACON& Tower with Radar,2,6,63,14,85,0,0,32,0,32,2,6,95,14,117,128,0,128,245
01/25/2007,HUF,IN,AGL,CE,Combined TRACON& Tower with Radar,0,6,46,7,59,0,1,139,0,140,0,7,185,7,199,166,4,170,369
01/26/2007,HUF,IN,AGL,CE,Combined TRACON& Tower with Radar,0,0,22,12,34,0,0,114,4,118,0,0,136,16,152,112,8,120,272
01/27/2007,HUF,IN,AGL,CE,Combined TRACON& Tower with Radar,0,0,9,0,9,0,0,4,0,4,0,0,13,0,13,16,0,16,29
01/28/2007,HUF,IN,AGL,CE,Combined TRACON& Tower with Radar,0,0,3,1,4,0,0,0,0,0,0,0,3,1,4,0,0,0,4
01/29/2007,HUF,IN,AGL,CE,Combined TRACON& Tower with Radar,0,2,31,0,33,0,0,59,0,59,0,2,90,0,92,88,0,88,180
01/30/2007,HUF,IN,AGL,CE,Combined TRACON& Tower with Radar,0,2,22,11,35,0,0,14,2,16,0,2,36,13,51,22,2,24,75
01/31/2007,HUF,IN,AGL,CE,Combined TRACON& Tower with Radar,6,2,47,10,65,0,1,110,3,114,6,3,157,13,179,128,8,136,315
02/01/2007,HUF,IN,AGL,CE,Combined TRACON& Tower with Radar,0,2,19,5,26,0,0,4,5,9,0,2,23,10,35,0,0,0,35
02/02/2007,HUF,IN,AGL,CE,Combined TRACON& Tower with Radar,0,2,25,6,33,0,1,67,2,70,0,3,92,8,103,74,18,92,195
02/03/2007,HUF,IN,AGL,CE,Combined TRACON& Tower with Radar,0,3,7,0,10,0,5,16,1,22,0,8,23,1,32,6,0,6,38
02/04/2007,HUF,IN,AGL,CE,Combined TRACON& Tower with Radar,0,0,0,0,0,0,1,15,0,16,0,1,15,0,16,0,0,0,16
02/05/2007,HUF,IN,AGL,CE,Combined TRACON& Tower with Radar,2,0,35,0,37,0,0,79,0,79,2,0,114,0,116,38,0,38,154
02/06/2007,HUF,IN,AGL,CE,Combined TRACON& Tower with Radar,0,2,6,0,8,0,0,1,0,1,0,2,7,0,9,0,0,0,9
02/07/2007,HUF,IN,AGL,CE,Combined TRACON& Tower with Radar,2,5,37,13,57,0,0,72,5,77,2,5,109,18,134,78,8,86,220
02/08/2007,HUF,IN,AGL,CE,Combined TRACON& Tower with Radar,2,3,30,22,57,0,1,89,7,97,2,4,119,29,154,14,12,26,180
02/09/2007,HUF,IN,AGL,CE,Combined TRACON& Tower with Radar,0,0,26,16,42,0,0,68,10,78,0,0,94,26,120,50,8,58,178
02/10/2007,HUF,IN,AGL,CE,Combined TRACON& Tower with Radar,0,0,24,18,42,0,0,62,2,64,0,0,86,20,106,38,12,50,156
02/11/2007,HUF,IN,AGL,CE,Combined TRACON& Tower with Radar,0,2,8,11,21,0,0,47,1,48,0,2,55,12,69,120,4,124,193
02/12/2007,HUF,IN,AGL,CE,Combined TRACON& Tower with Radar,2,4,24,0,30,0,0,61,0,61,2,4,85,0,91,238,0,238,329
02/13/2007,HUF,IN,AGL,CE,Combined TRACON& Tower with Radar,0,4,0,0,4,0,0,0,0,0,0,4,0,0,4,0,0,0,4
02/14/2007,HUF,IN,AGL,CE,Combined TRACON& Tower with Radar,0,4,8,0,12,0,1,7,0,8,0,5,15,0,20,0,0,0,20
02/15/2007,HUF,IN,AGL,CE,Combined TRACON& Tower with Radar,2,2,5,2,11,0,0,18,0,18,2,2,23,2,29,0,0,0,29
02/16/2007,HUF,IN,AGL,CE,Combined TRACON& Tower with Radar,0,1,2,0,3,0,0,15,0,15,0,1,17,0,18,36,0,36,54
02/17/2007,HUF,IN,AGL,CE,Combined TRACON& Tower with Radar,0,0,0,0,0,0,0,2,0,2,0,0,2,0,2,0,0,0,2
02/18/2007,HUF,IN,AGL,CE,Combined TRACON& Tower with Radar,0,0,5,0,5,0,0,12,0,12,0,0,17,0,17,2,0,2,19
02/19/2007,HUF,IN,AGL,CE,Combined TRACON& Tower with Radar,0,2,3,0,5,0,0,12,0,12,0,2,15,0,17,0,0,0,17
02/20/2007,HUF,IN,AGL,CE,Combined TRACON& Tower with Radar,0,2,38,7,47,0,0,49,0,49,0,2,87,7,96,154,0,154,250
02/21/2007,HUF,IN,AGL,CE,Combined TRACON& Tower with Radar,0,4,39,9,52,0,0,78,4,82,0,4,117,13,134,252,10,262,396
02/22/2007,HUF,IN,AGL,CE,Combined TRACON& Tower with Radar,2,4,12,6,24,0,2,77,0,79,2,6,89,6,103,96,12,108,211
02/23/2007,HUF,IN,AGL,CE,Combined TRACON& Tower with Radar,0,0,35,8,43,0,0,103,3,106,0,0,138,11,149,237,2,239,388
02/24/2007,HUF,IN,AGL,CE,Combined TRACON& Tower with Radar,0,0,4,0,4,0,0,6,0,6,0,0,10,0,10,8,0,8,18
02/25/2007,HUF,IN,AGL,CE,Combined TRACON& Tower with Radar,0,0,2,0,2,0,0,3,0,3,0,0,5,0,5,38,0,38,43
02/26/2007,HUF,IN,AGL,CE,Combined TRACON& Tower with Radar,2,2,45,0,49,0,1,79,0,80,2,3,124,0,129,226,0,226,355
02/27/2007,HUF,IN,AGL,CE,Combined TRACON& Tower with Radar,0,2,53,14,69,0,0,73,4,77,0,2,126,18,146,162,0,162,308
02/28/2007,HUF,IN,AGL,CE,Combined TRACON& Tower with Radar,0,2,43,10,55,0,1,76,0,77,0,3,119,10,132,160,0,160,292
03/01/2007,HUF,IN,AGL,CE,Combined TRACON& Tower with Radar,0,2,1,2,5,0,0,2,0,2,0,2,3,2,7,16,0,16,23
03/02/2007,HUF,IN,AGL,CE,Combined TRACON& Tower with Radar,0,2,4,15,21,0,0,6,3,9,0,2,10,18,30,0,4,4,34
03/03/2007,HUF,IN,AGL,CE,Combined TRACON& Tower with Radar,0,0,14,17,31,0,0,1,0,1,0,0,15,17,32,0,0,0,32
03/04/2007,HUF,IN,AGL,CE,Combined TRACON& Tower with Radar,0,0,7,6,13,0,0,25,4,29,0,0,32,10,42,16,12,28,70
03/05/2007,HUF,IN,AGL,CE,Combined TRACON& Tower with Radar,0,2,11,2,15,0,0,27,2,29,0,2,38,4,44,56,0,56,100
03/06/2007,HUF,IN,AGL,CE,Combined TRACON& Tower with Radar,0,2,12,4,18,0,0,41,0,41,0,2,53,4,59,82,0,82,141
03/07/2007,HUF,IN,AGL,CE,Combined TRACON& Tower with Radar,2,2,23,6,33,0,0,49,0,49,2,2,72,6,82,38,4,42,124
03/08/2007,HUF,IN,AGL,CE,Combined TRACON& Tower with Radar,0,2,17,6,25,0,0,46,2,48,0,2,63,8,73,36,20,56,129
03/09/2007,HUF,IN,AGL,CE,Combined TRACON& Tower with Radar,0,0,23,3,26,0,0,45,0,45,0,0,68,3,71,82,0,82,153
03/10/2007,HUF,IN,AGL,CE,Combined TRACON& Tower with Radar,0,2,12,6,20,0,0,14,0,14,0,2,26,6,34,0,0,0,34
03/11/2007,HUF,IN,AGL,CE,Combined TRACON& Tower with Radar,0,0,11,0,11,0,0,56,0,56,0,0,67,0,67,40,0,40,107
03/12/2007,HUF,IN,AGL,CE,Combined TRACON& Tower with Radar,0,2,36,3,41,0,1,90,0,91,0,3,126,3,132,134,6,140,272
03/13/2007,HUF,IN,AGL,CE,Combined TRACON& Tower with Radar,0,2,25,7,34,0,1,57,8,66,0,3,82,15,100,131,8,139,239
03/14/2007,HUF,IN,AGL,CE,Combined TRACON& Tower with Radar,2,5,25,8,40,0,1,60,1,62,2,6,85,9,102,108,2,110,212
03/15/2007,HUF,IN,AGL,CE,Combined TRACON& Tower with Radar,0,4,29,4,37,0,0,29,0,29,0,4,58,4,66,36,10,46,112
03/16/2007,HUF,IN,AGL,CE,Combined TRACON& Tower with Radar,0,6,19,13,38,0,1,87,0,88,0,7,106,13,126,102,20,122,248
03/17/2007,HUF,IN,AGL,CE,Combined TRACON& Tower with Radar,0,0,15,3,18,0,0,73,0,73,0,0,88,3,91,174,0,174,265
03/18/2007,HUF,IN,AGL,CE,Combined TRACON& Tower with Radar,0,0,19,2,21,97,4,75,0,176,97,4,94,2,197,64,0,64,261
03/19/2007,HUF,IN,AGL,CE,Combined TRACON& Tower with Radar,0,2,32,0,34,0,0,31,0,31,0,2,63,0,65,95,0,95,160
03/20/2007,HUF,IN,AGL,CE,Combined TRACON& Tower with Radar,0,2,33,21,56,0,1,143,10,154,0,3,176,31,210,187,20,207,417
03/21/2007,HUF,IN,AGL,CE,Combined TRACON& Tower with Radar,2,4,22,22,50,0,0,76,3,79,2,4,98,25,129,89,6,95,224
03/22/2007,HUF,IN,AGL,CE,Combined TRACON& Tower with Radar,0,2,12,2,16,0,0,10,0,10,0,2,22,2,26,14,0,14,40
03/23/2007,HUF,IN,AGL,CE,Combined TRACON& Tower with Radar,0,0,9,3,12,0,0,11,0,11,0,0,20,3,23,44,0,44,67
03/24/2007,HUF,IN,AGL,CE,Combined TRACON& Tower with Radar,0,0,11,0,11,0,0,38,0,38,0,0,49,0,49,90,0,90,139
03/25/2007,HUF,IN,AGL,CE,Combined TRACON& Tower with Radar,0,2,21,0,23,0,0,74,0,74,0,2,95,0,97,104,0,104,201
03/26/2007,HUF,IN,AGL,CE,Combined TRACON& Tower with Radar,0,2,55,4,61,0,0,100,4,104,0,2,155,8,165,182,0,182,347
03/27/2007,HUF,IN,AGL,CE,Combined TRACON& Tower with Radar,0,2,46,11,59,0,1,132,3,136,0,3,178,14,195,226,4,230,425
03/28/2007,HUF,IN,AGL,CE,Combined TRACON& Tower with Radar,0,3,47,4,54,0,0,40,0,40,0,3,87,4,94,82,0,82,176
03/29/2007,HUF,IN,AGL,CE,Combined TRACON& Tower with Radar,0,2,43,10,55,0,0,100,10,110,0,2,143,20,165,166,2,168,333
03/30/2007,HUF,IN,AGL,CE,Combined TRACON& Tower with Radar,0,1,30,8,39,0,0,65,5,70,0,1,95,13,109,126,6,132,241
03/31/2007,HUF,IN,AGL,CE,Combined TRACON& Tower with Radar,0,0,8,0,8,0,0,14,0,14,0,0,22,0,22,34,0,34,56
04/01/2007,HUF,IN,AGL,CE,Combined TRACON& Tower with Radar,0,0,19,0,19,0,1,11,0,12,0,1,30,0,31,2,0,2,33
04/02/2007,HUF,IN,AGL,CE,Combined TRACON& Tower with Radar,0,3,48,4,55,0,1,120,3,124,0,4,168,7,179,202,2,204,383
04/03/2007,HUF,IN,AGL,CE,Combined TRACON& Tower with Radar,0,3,8,7,18,0,0,21,4,25,0,3,29,11,43,26,2,28,71
04/04/2007,HUF,IN,AGL,CE,Combined TRACON& Tower with Radar,2,2,7,13,24,0,0,9,5,14,2,2,16,18,38,12,24,36,74
04/05/2007,HUF,IN,AGL,CE,Combined TRACON& Tower with Radar,0,7,20,7,34,0,2,39,3,44,0,9,59,10,78,40,10,50,128
04/06/2007,HUF,IN,AGL,CE,Combined TRACON& Tower with Radar,0,6,25,10,41,0,0,53,6,59,0,6,78,16,100,24,22,46,146
04/07/2007,HUF,IN,AGL,CE,Combined TRACON& Tower with Radar,0,0,12,2,14,0,0,22,0,22,0,0,34,2,36,8,0,8,44
04/08/2007,HUF,IN,AGL,CE,Combined TRACON& Tower with Radar,0,0,10,0,10,0,0,21,0,21,0,0,31,0,31,2,0,2,33
04/09/2007,HUF,IN,AGL,CE,Combined TRACON& Tower with Radar,0,2,41,0,43,0,0,84,0,84,0,2,125,0,127,167,0,167,294
04/10/2007,HUF,IN,AGL,CE,Combined TRACON& Tower with Radar,0,2,32,8,42,0,1,110,6,117,0,3,142,14,159,224,10,234,393
04/11/2007,HUF,IN,AGL,CE,Combined TRACON& Tower with Radar,2,2,4,2,10,0,0,2,0,2,2,2,6,2,12,0,0,0,12
04/12/2007,HUF,IN,AGL,CE,Combined TRACON& Tower with Radar,0,2,8,6,16,0,0,3,0,3,0,2,11,6,19,0,0,0,19
04/13/2007,HUF,IN,AGL,CE,Combined TRACON& Tower with Radar,0,0,26,17,43,0,0,122,23,145,0,0,148,40,188,155,0,155,343
04/14/2007,HUF,IN,AGL,CE,Combined TRACON& Tower with Radar,0,0,1,0,1,0,0,3,0,3,0,0,4,0,4,0,0,0,4
04/15/2007,HUF,IN,AGL,CE,Combined TRACON& Tower with Radar,0,0,10,15,25,0,1,31,1,33,0,1,41,16,58,34,14,48,106
04/16/2007,HUF,IN,AGL,CE,Combined TRACON& Tower with Radar,0,2,24,2,28,0,0,94,6,100,0,2,118,8,128,178,0,178,306
04/17/2007,HUF,IN,AGL,CE,Combined TRACON& Tower with Radar,0,2,38,5,45,0,0,152,22,174,0,2,190,27,219,218,26,244,463
04/18/2007,HUF,IN,AGL,CE,Combined TRACON& Tower with Radar,2,3,35,7,47,0,0,94,4,98,2,3,129,11,145,154,20,174,319
04/19/2007,HUF,IN,AGL,CE,Combined TRACON& Tower with Radar,0,2,56,0,58,0,1,64,0,65,0,3,120,0,123,296,0,296,419
04/20/2007,HUF,IN,AGL,CE,Combined TRACON& Tower with Radar,0,0,26,15,41,0,0,88,7,95,0,0,114,22,136,147,0,147,283
04/21/2007,HUF,IN,AGL,CE,Combined TRACON& Tower with Radar,0,0,18,0,18,0,0,84,2,86,0,0,102,2,104,54,0,54,158
04/22/2007,HUF,IN,AGL,CE,Combined TRACON& Tower with Radar,2,0,4,0,6,0,0,47,2,49,2,0,51,2,55,50,0,50,105
04/23/2007,HUF,IN,AGL,CE,Combined TRACON& Tower with Radar,0,2,13,5,20,0,1,28,3,32,0,3,41,8,52,14,6,20,72
04/24/2007,HUF,IN,AGL,CE,Combined TRACON& Tower with Radar,0,2,29,10,41,0,0,102,3,105,0,2,131,13,146,172,0,172,318
04/25/2007,HUF,IN,AGL,CE,Combined TRACON& Tower with Radar,2,2,18,5,27,0,0,18,4,22,2,2,36,9,49,74,8,82,131
04/26/2007,HUF,IN,AGL,CE,Combined TRACON& Tower with Radar,0,4,7,7,18,0,0,6,0,6,0,4,13,7,24,6,0,6,30
04/27/2007,HUF,IN,AGL,CE,Combined TRACON& Tower with Radar,0,0,21,10,31,0,0,37,9,46,0,0,58,19,77,76,12,88,165
04/28/2007,HUF,IN,AGL,CE,Combined TRACON& Tower with Radar,0,0,21,2,23,0,2,87,0,89,0,2,108,2,112,104,0,104,216
04/29/2007,HUF,IN,AGL,CE,Combined TRACON& Tower with Radar,0,0,17,10,27,0,0,85,0,85,0,0,102,10,112,36,10,46,158
04/30/2007,HUF,IN,AGL,CE,Combined TRACON& Tower with Radar,2,2,28,2,34,0,2,96,3,101,2,4,124,5,135,144,0,144,279
05/01/2007,HUF,IN,AGL,CE,Combined TRACON& Tower with Radar,0,2,24,11,37,0,0,90,0,90,0,2,114,11,127,156,4,160,287
05/02/2007,HUF,IN,AGL,CE,Combined TRACON& Tower with Radar,0,2,27,5,34,0,1,17,4,22,0,3,44,9,56,34,4,38,94
05/03/2007,HUF,IN,AGL,CE,Combined TRACON& Tower with Radar,2,4,28,16,50,0,0,48,0,48,2,4,76,16,98,98,6,104,202
05/04/2007,HUF,IN,AGL,CE,Combined TRACON& Tower with Radar,0,2,6,12,20,0,0,13,7,20,0,2,19,19,40,48,0,48,88
05/05/2007,HUF,IN,AGL,CE,Combined TRACON& Tower with Radar,0,0,5,8,13,0,0,15,0,15,0,0,20,8,28,30,0,30,58
05/06/2007,HUF,IN,AGL,CE,Combined TRACON& Tower with Radar,0,0,22,13,35,0,0,51,4,55,0,0,73,17,90,46,20,66,156
05/07/2007,HUF,IN,AGL,CE,Combined TRACON& Tower with Radar,0,2,32,0,34,0,0,97,0,97,0,2,129,0,131,160,0,160,291
05/08/2007,HUF,IN,AGL,CE,Combined TRACON& Tower with Radar,0,2,15,10,27,0,2,72,4,78,0,4,87,14,105,126,10,136,241
05/09/2007,HUF,IN,AGL,CE,Combined TRACON& Tower with Radar,0,2,24,3,29,0,1,47,0,48,0,3,71,3,77,72,0,72,149
05/10/2007,HUF,IN,AGL,CE,Combined TRACON& Tower with Radar,0,3,13,14,30,0,1,57,5,63,0,4,70,19,93,48,10,58,151
05/11/2007,HUF,IN,AGL,CE,Combined TRACON& Tower with Radar,11,0,11,28,50,0,0,48,12,60,11,0,59,40,110,46,0,46,156
05/12/2007,HUF,IN,AGL,CE,Combined TRACON& Tower with Radar,9,0,25,15,49,0,0,64,3,67,9,0,89,18,116,28,0,28,144
05/13/2007,HUF,IN,AGL,CE,Combined TRACON& Tower with Radar,1,0,9,5,15,0,0,34,0,34,1,0,43,5,49,6,0,6,55
05/14/2007,HUF,IN,AGL,CE,Combined TRACON& Tower with Radar,0,2,23,5,30,0,0,93,4,97,0,2,116,9,127,225,0,225,352
05/15/2007,HUF,IN,AGL,CE,Combined TRACON& Tower with Radar,0,2,13,8,23,0,0,57,9,66,0,2,70,17,89,74,6,80,169
05/16/2007,HUF,IN,AGL,CE,Combined TRACON& Tower with Radar,0,2,16,4,22,0,0,49,3,52,0,2,65,7,74,100,0,100,174
05/17/2007,HUF,IN,AGL,CE,Combined TRACON& Tower with Radar,6,2,22,23,53,0,0,53,16,69,6,2,75,39,122,82,28,110,232
05/18/2007,HUF,IN,AGL,CE,Combined TRACON& Tower with Radar,2,0,18,8,28,0,0,61,4,65,2,0,79,12,93,72,0,72,165
05/19/2007,HUF,IN,AGL,CE,Combined TRACON& Tower with Radar,2,0,19,0,21,0,0,95,26,121,2,0,114,26,142,24,6,30,172
05/20/2007,HUF,IN,AGL,CE,Combined TRACON& Tower with Radar,0,1,7,2,10,0,0,42,4,46,0,1,49,6,56,12,10,22,78
05/21/2007,HUF,IN,AGL,CE,Combined TRACON& Tower with Radar,0,2,9,2,13,0,1,69,1,71,0,3,78,3,84,104,0,104,188
05/22/2007,HUF,IN,AGL,CE,Combined TRACON& Tower with Radar,0,0,19,5,24,0,3,72,0,75,0,3,91,5,99,60,0,60,159
05/23/2007,HUF,IN,AGL,CE,Combined TRACON& Tower with Radar,0,0,25,10,35,0,1,76,15,92,0,1,101,25,127,74,20,94,221
05/24/2007,HUF,IN,AGL,CE,Combined TRACON& Tower with Radar,0,0,14,8,22,0,0,54,2,56,0,0,68,10,78,72,6,78,156
05/25/2007,HUF,IN,AGL,CE,Combined TRACON& Tower with Radar,0,1,15,1,17,0,0,24,0,24,0,1,39,1,41,70,0,70,111
05/26/2007,HUF,IN,AGL,CE,Combined TRACON& Tower with Radar,0,2,13,0,15,0,0,9,0,9,0,2,22,0,24,8,0,8,32
05/27/2007,HUF,IN,AGL,CE,Combined TRACON& Tower with Radar,0,0,3,0,3,0,2,5,0,7,0,2,8,0,10,16,0,16,26
05/28/2007,HUF,IN,AGL,CE,Combined TRACON& Tower with Radar,0,1,6,7,14,0,0,20,0,20,0,1,26,7,34,20,0,20,54
05/29/2007,HUF,IN,AGL,CE,Combined TRACON& Tower with Radar,0,0,25,9,34,0,0,65,7,72,0,0,90,16,106,128,6,134,240
05/30/2007,HUF,IN,AGL,CE,Combined TRACON& Tower with Radar,2,0,14,12,28,0,0,46,15,61,2,0,60,27,89,54,2,56,145
05/31/2007,HUF,IN,AGL,CE,Combined TRACON& Tower with Radar,0,2,12,11,25,0,0,20,0,20,0,2,32,11,45,0,16,16,61
06/01/2007,HUF,IN,AGL,CE,Combined TRACON& Tower with Radar,0,1,19,2,22,0,0,35,0,35,0,1,54,2,57,44,0,44,101
06/02/2007,HUF,IN,AGL,CE,Combined TRACON& Tower with Radar,0,3,10,0,13,0,0,32,0,32,0,3,42,0,45,10,0,10,55
06/03/2007,HUF,IN,AGL,CE,Combined TRACON& Tower with Radar,0,2,11,0,13,0,0,18,6,24,0,2,29,6,37,38,0,38,75
06/04/2007,HUF,IN,AGL,CE,Combined TRACON& Tower with Radar,0,0,2,3,5,0,3,17,2,22,0,3,19,5,27,4,2,6,33
06/05/2007,HUF,IN,AGL,CE,Combined TRACON& Tower with Radar,0,0,15,2,17,0,0,56,4,60,0,0,71,6,77,64,2,66,143
06/06/2007,HUF,IN,AGL,CE,Combined TRACON& Tower with Radar,2,2,21,3,28,0,2,71,12,85,2,4,92,15,113,66,8,74,187
06/07/2007,HUF,IN,AGL,CE,Combined TRACON& Tower with Radar,0,0,3,5,8,0,2,25,3,30,0,2,28,8,38,12,0,12,50
06/08/2007,HUF,IN,AGL,CE,Combined TRACON& Tower with Radar,0,0,20,4,24,0,0,52,1,53,0,0,72,5,77,64,0,64,141
06/09/2007,HUF,IN,AGL,CE,Combined TRACON& Tower with Radar,0,0,3,20,23,0,0,69,8,77,0,0,72,28,100,46,10,56,156
06/10/2007,HUF,IN,AGL,CE,Combined TRACON& Tower with Radar,0,0,12,8,20,0,0,37,12,49,0,0,49,20,69,44,10,54,123
06/11/2007,HUF,IN,AGL,CE,Combined TRACON& Tower with Radar,0,0,11,2,13,0,1,76,0,77,0,1,87,2,90,76,0,76,166
06/12/2007,HUF,IN,AGL,CE,Combined TRACON& Tower with Radar,0,6,21,5,32,0,1,68,4,73,0,7,89,9,105,36,4,40,145
06/13/2007,HUF,IN,AGL,CE,Combined TRACON& Tower with Radar,2,10,13,5,30,0,0,71,4,75,2,10,84,9,105,60,14,74,179
06/14/2007,HUF,IN,AGL,CE,Combined TRACON& Tower with Radar,0,0,25,7,32,0,4,60,1,65,0,4,85,8,97,52,14,66,163
06/15/2007,HUF,IN,AGL,CE,Combined TRACON& Tower with Radar,0,0,12,26,38,0,0,83,3,86,0,0,95,29,124,63,24,87,211
06/16/2007,HUF,IN,AGL,CE,Combined TRACON& Tower with Radar,0,0,6,3,9,0,1,52,1,54,0,1,58,4,63,30,14,44,107
06/17/2007,HUF,IN,AGL,CE,Combined TRACON& Tower with Radar,0,0,9,4,13,0,0,22,0,22,0,0,31,4,35,20,0,20,55
06/18/2007,HUF,IN,AGL,CE,Combined TRACON& Tower with Radar,0,4,0,2,6,0,0,14,0,14,0,4,14,2,20,18,0,18,38
06/19/2007,HUF,IN,AGL,CE,Combined TRACON& Tower with Radar,0,6,36,8,50,0,0,45,4,49,0,6,81,12,99,38,0,38,137
06/20/2007,HUF,IN,AGL,CE,Combined TRACON& Tower with Radar,2,5,34,3,44,0,0,87,8,95,2,5,121,11,139,86,6,92,231
06/21/2007,HUF,IN,AGL,CE,Combined TRACON& Tower with Radar,0,2,28,16,46,0,0,90,4,94,0,2,118,20,140,112,24,136,276
06/22/2007,HUF,IN,AGL,CE,Combined TRACON& Tower with Radar,0,0,22,8,30,1,1,18,0,20,1,1,40,8,50,18,6,24,74
06/23/2007,HUF,IN,AGL,CE,Combined TRACON& Tower with Radar,0,4,8,1,13,0,0,15,0,15,0,4,23,1,28,16,0,16,44
06/24/2007,HUF,IN,AGL,CE,Combined TRACON& Tower with Radar,0,0,10,4,14,0,0,7,4,11,0,0,17,8,25,36,0,36,61
06/25/2007,HUF,IN,AGL,CE,Combined TRACON& Tower with Radar,0,2,30,7,39,0,0,41,0,41,0,2,71,7,80,58,0,58,138
06/26/2007,HUF,IN,AGL,CE,Combined TRACON& Tower with Radar,0,0,19,6,25,0,0,64,2,66,0,0,83,8,91,132,42,174,265
06/27/2007,HUF,IN,AGL,CE,Combined TRACON& Tower with Radar,2,0,10,9,21,0,0,36,7,43,2,0,46,16,64,64,16,80,144
06/28/2007,HUF,IN,AGL,CE,Combined TRACON& Tower with Radar,2,0,26,6,34,0,0,18,2,20,2,0,44,8,54,32,0,32,86
06/29/2007,HUF,IN,AGL,CE,Combined TRACON& Tower with Radar,0,0,35,4,39,0,1,32,2,35,0,1,67,6,74,36,0,36,110
06/30/2007,HUF,IN,AGL,CE,Combined TRACON& Tower with Radar,4,0,20,0,24,1,0,66,0,67,5,0,86,0,91,30,0,30,121
07/01/2007,HUF,IN,AGL,CE,Combined TRACON& Tower with Radar,2,0,23,0,25,0,0,58,1,59,2,0,81,1,84,42,0,42,126
07/02/2007,HUF,IN,AGL,CE,Combined TRACON& Tower with Radar,3,0,15,0,18,0,0,88,2,90,3,0,103,2,108,76,0,76,184
07/03/2007,HUF,IN,AGL,CE,Combined TRACON& Tower with Radar,4,0,34,6,44,0,0,71,3,74,4,0,105,9,118,56,0,56,174
07/04/2007,HUF,IN,AGL,CE,Combined TRACON& Tower with Radar,0,0,5,2,7,0,0,13,1,14,0,0,18,3,21,2,0,2,23
07/05/2007,HUF,IN,AGL,CE,Combined TRACON& Tower with Radar,0,2,33,9,44,0,0,51,0,51,0,2,84,9,95,32,4,36,131
07/06/2007,HUF,IN,AGL,CE,Combined TRACON& Tower with Radar,2,0,24,8,34,0,0,60,3,63,2,0,84,11,97,54,8,62,159
07/07/2007,HUF,IN,AGL,CE,Combined TRACON& Tower with Radar,2,0,18,0,20,0,2,60,4,66,2,2,78,4,86,16,0,16,102
07/08/2007,HUF,IN,AGL,CE,Combined TRACON& Tower with Radar,2,0,24,0,26,0,0,60,0,60,2,0,84,0,86,26,0,26,112
07/09/2007,HUF,IN,AGL,CE,Combined TRACON& Tower with Radar,0,0,14,3,17,0,1,35,0,36,0,1,49,3,53,36,2,38,91
07/10/2007,HUF,IN,AGL,CE,Combined TRACON& Tower with Radar,0,0,21,2,23,0,0,39,3,42,0,0,60,5,65,46,0,46,111
07/11/2007,HUF,IN,AGL,CE,Combined TRACON& Tower with Radar,2,2,14,6,24,0,0,59,7,66,2,2,73,13,90,102,2,104,194
07/12/2007,HUF,IN,AGL,CE,Combined TRACON& Tower with Radar,0,0,19,5,24,0,2,73,3,78,0,2,92,8,102,68,4,72,174
07/13/2007,HUF,IN,AGL,CE,Combined TRACON& Tower with Radar,0,0,27,0,27,0,1,70,4,75,0,1,97,4,102,62,0,62,164
07/14/2007,HUF,IN,AGL,CE,Combined TRACON& Tower with Radar,0,3,11,3,17,0,0,48,1,49,0,3,59,4,66,30,0,30,96
07/15/2007,HUF,IN,AGL,CE,Combined TRACON& Tower with Radar,0,0,10,15,25,0,0,36,0,36,0,0,46,15,61,18,2,20,81
07/16/2007,HUF,IN,AGL,CE,Combined TRACON& Tower with Radar,0,0,19,1,20,0,1,45,1,47,0,1,64,2,67,50,12,62,129
07/17/2007,HUF,IN,AGL,CE,Combined TRACON& Tower with Radar,0,0,0,0,0,0,0,4,0,4,0,0,4,0,4,0,0,0,4
07/18/2007,HUF,IN,AGL,CE,Combined TRACON& Tower with Radar,2,0,12,0,14,0,0,26,0,26,2,0,38,0,40,32,0,32,72
07/19/2007,HUF,IN,AGL,CE,Combined TRACON& Tower with Radar,0,2,18,3,23,0,0,54,0,54,0,2,72,3,77,102,0,102,179
07/20/2007,HUF,IN,AGL,CE,Combined TRACON& Tower with Radar,0,0,7,6,13,0,0,68,5,73,0,0,75,11,86,72,0,72,158
07/21/2007,HUF,IN,AGL,CE,Combined TRACON& Tower with Radar,0,0,11,5,16,0,0,67,0,67,0,0,78,5,83,52,14,66,149
07/22/2007,HUF,IN,AGL,CE,Combined TRACON& Tower with Radar,0,0,19,6,25,0,0,48,1,49,0,0,67,7,74,36,2,38,112
07/23/2007,HUF,IN,AGL,CE,Combined TRACON& Tower with Radar,0,0,19,2,21,0,0,62,7,69,0,0,81,9,90,120,8,128,218
07/24/2007,HUF,IN,AGL,CE,Combined TRACON& Tower with Radar,0,2,13,0,15,0,0,56,2,58,0,2,69,2,73,84,0,84,157
07/25/2007,HUF,IN,AGL,CE,Combined TRACON& Tower with Radar,0,0,18,0,18,0,0,47,0,47,0,0,65,0,65,43,0,43,108
07/26/2007,HUF,IN,AGL,CE,Combined TRACON& Tower with Radar,0,10,21,0,31,0,0,56,1,57,0,10,77,1,88,128,0,128,216
07/27/2007,HUF,IN,AGL,CE,Combined TRACON& Tower with Radar,0,0,6,3,9,0,0,1,8,9,0,0,7,11,18,12,7,19,37
07/28/2007,HUF,IN,AGL,CE,Combined TRACON& Tower with Radar,0,0,21,0,21,0,2,14,0,16,0,2,35,0,37,10,0,10,47
07/29/2007,HUF,IN,AGL,CE,Combined TRACON& Tower with Radar,0,1,19,5,25,0,3,48,1,52,0,4,67,6,77,52,0,52,129
07/30/2007,HUF,IN,AGL,CE,Combined TRACON& Tower with Radar,0,0,25,0,25,0,0,54,6,60,0,0,79,6,85,70,4,74,159
07/31/2007,HUF,IN,AGL,CE,Combined TRACON& Tower with Radar,0,4,27,13,44,0,0,80,5,85,0,4,107,18,129,125,10,135,264
08/01/2007,HUF,IN,AGL,CE,Combined TRACON& Tower with Radar,0,0,19,5,24,0,0,68,1,69,0,0,87,6,93,118,20,138,231
08/02/2007,HUF,IN,AGL,CE,Combined TRACON& Tower with Radar,0,0,27,5,32,0,2,51,1,54,0,2,78,6,86,124,8,132,218
08/03/2007,HUF,IN,AGL,CE,Combined TRACON& Tower with Radar,0,0,23,6,29,0,1,60,8,69,0,1,83,14,98,114,8,122,220
08/04/2007,HUF,IN,AGL,CE,Combined TRACON& Tower with Radar,0,2,5,1,8,0,0,25,0,25,0,2,30,1,33,32,18,50,83
08/05/2007,HUF,IN,AGL,CE,Combined TRACON& Tower with Radar,0,0,5,5,10,0,0,9,3,12,0,0,14,8,22,20,0,20,42
08/06/2007,HUF,IN,AGL,CE,Combined TRACON& Tower with Radar,0,0,5,0,5,0,1,20,0,21,0,1,25,0,26,40,0,40,66
08/07/2007,HUF,IN,AGL,CE,Combined TRACON& Tower with Radar,0,0,13,8,21,0,0,38,6,44,0,0,51,14,65,44,8,52,117
08/08/2007,HUF,IN,AGL,CE,Combined TRACON& Tower with Radar,2,2,15,0,19,0,2,60,4,66,2,4,75,4,85,94,12,106,191
08/09/2007,HUF,IN,AGL,CE,Combined TRACON& Tower with Radar,0,3,38,7,48,0,1,38,2,41,0,4,76,9,89,62,34,96,185
08/10/2007,HUF,IN,AGL,CE,Combined TRACON& Tower with Radar,0,0,13,5,18,0,2,34,0,36,0,2,47,5,54,64,30,94,148
08/11/2007,HUF,IN,AGL,CE,Combined TRACON& Tower with Radar,0,0,11,2,13,0,0,45,0,45,0,0,56,2,58,76,2,78,136
08/12/2007,HUF,IN,AGL,CE,Combined TRACON& Tower with Radar,0,0,10,4,14,0,2,34,0,36,0,2,44,4,50,12,0,12,62
08/13/2007,HUF,IN,AGL,CE,Combined TRACON& Tower with Radar,0,2,6,2,10,0,0,33,3,36,0,2,39,5,46,28,0,28,74
08/14/2007,HUF,IN,AGL,CE,Combined TRACON& Tower with Radar,0,0,24,4,28,0,2,45,3,50,0,2,69,7,78,22,6,28,106
08/15/2007,HUF,IN,AGL,CE,Combined TRACON& Tower with Radar,2,0,15,8,25,0,1,37,3,41,2,1,52,11,66,92,22,114,180
08/16/2007,HUF,IN,AGL,CE,Combined TRACON& Tower with Radar,0,4,13,0,17,0,3,48,2,53,0,7,61,2,70,56,0,56,126
08/17/2007,HUF,IN,AGL,CE,Combined TRACON& Tower with Radar,0,0,12,3,15,0,2,39,4,45,0,2,51,7,60,54,4,58,118
08/18/2007,HUF,IN,AGL,CE,Combined TRACON& Tower with Radar,0,1,9,0,10,0,4,46,0,50,0,5,55,0,60,60,0,60,120
08/19/2007,HUF,IN,AGL,CE,Combined TRACON& Tower with Radar,0,0,7,2,9,0,2,21,2,25,0,2,28,4,34,28,0,28,62
08/20/2007,HUF,IN,AGL,CE,Combined TRACON& Tower with Radar,0,2,9,0,11,0,2,13,0,15,0,4,22,0,26,12,0,12,38
08/21/2007,HUF,IN,AGL,CE,Combined TRACON& Tower with Radar,0,0,13,3,16,0,0,21,1,22,0,0,34,4,38,54,0,54,92
08/22/2007,HUF,IN,AGL,CE,Combined TRACON& Tower with Radar,2,0,23,0,25,0,1,68,1,70,2,1,91,1,95,78,0,78,173
08/23/2007,HUF,IN,AGL,CE,Combined TRACON& Tower with Radar,0,0,29,11,40,0,2,60,7,69,0,2,89,18,109,32,18,50,159
08/24/2007,HUF,IN,AGL,CE,Combined TRACON& Tower with Radar,0,0,34,5,39,0,0,56,0,56,0,0,90,5,95,74,0,74,169
08/25/2007,HUF,IN,AGL,CE,Combined TRACON& Tower with Radar,0,0,0,0,0,0,0,4,0,4,0,0,4,0,4,0,0,0,4
08/26/2007,HUF,IN,AGL,CE,Combined TRACON& Tower with Radar,0,0,15,4,19,0,2,57,1,60,0,2,72,5,79,32,0,32,111
08/27/2007,HUF,IN,AGL,CE,Combined TRACON& Tower with Radar,0,0,24,2,26,0,0,70,1,71,0,0,94,3,97,172,0,172,269
08/28/2007,HUF,IN,AGL,CE,Combined TRACON& Tower with Radar,0,2,17,12,31,0,0,72,4,76,0,2,89,16,107,158,21,179,286
08/29/2007,HUF,IN,AGL,CE,Combined TRACON& Tower with Radar,0,9,15,0,24,0,1,61,6,68,0,10,76,6,92,64,2,66,158
08/30/2007,HUF,IN,AGL,CE,Combined TRACON& Tower with Radar,2,0,38,17,57,0,2,97,3,102,2,2,135,20,159,152,8,160,319
08/31/2007,HUF,IN,AGL,CE,Combined TRACON& Tower with Radar,0,2,20,0,22,0,2,69,4,75,0,4,89,4,97,82,0,82,179
09/01/2007,HUF,IN,AGL,CE,Combined TRACON& Tower with Radar,0,0,19,0,19,0,1,53,1,55,0,1,72,1,74,22,0,22,96
09/02/2007,HUF,IN,AGL,CE,Combined TRACON& Tower with Radar,0,0,8,0,8,0,1,22,2,25,0,1,30,2,33,16,0,16,49
09/03/2007,HUF,IN,AGL,CE,Combined TRACON& Tower with Radar,0,0,22,2,24,0,0,75,0,75,0,0,97,2,99,112,0,112,211
09/04/2007,HUF,IN,AGL,CE,Combined TRACON& Tower with Radar,0,0,5,9,14,0,0,62,3,65,0,0,67,12,79,163,18,181,260
09/05/2007,HUF,IN,AGL,CE,Combined TRACON& Tower with Radar,2,2,26,4,34,0,0,100,3,103,2,2,126,7,137,210,7,217,354
09/06/2007,HUF,IN,AGL,CE,Combined TRACON& Tower with Radar,0,0,12,17,29,0,0,13,6,19,0,0,25,23,48,32,23,55,103
09/07/2007,HUF,IN,AGL,CE,Combined TRACON& Tower with Radar,0,0,17,2,19,0,0,26,1,27,0,0,43,3,46,4,4,8,54
09/08/2007,HUF,IN,AGL,CE,Combined TRACON& Tower with Radar,0,1,12,2,15,0,0,6,9,15,0,1,18,11,30,0,26,26,56
09/09/2007,HUF,IN,AGL,CE,Combined TRACON& Tower with Radar,0,2,17,1,20,0,1,18,2,21,0,3,35,3,41,82,6,88,129
09/10/2007,HUF,IN,AGL,CE,Combined TRACON& Tower with Radar,0,0,18,4,22,0,0,71,10,81,0,0,89,14,103,144,0,144,247
09/11/2007,HUF,IN,AGL,CE,Combined TRACON& Tower with Radar,0,0,26,0,26,0,0,42,2,44,0,0,68,2,70,48,0,48,118
09/12/2007,HUF,IN,AGL,CE,Combined TRACON& Tower with Radar,2,1,34,7,44,0,0,115,7,122,2,1,149,14,166,124,6,130,296
09/13/2007,HUF,IN,AGL,CE,Combined TRACON& Tower with Radar,0,7,42,1,50,0,6,122,1,129,0,13,164,2,179,116,14,130,309
09/14/2007,HUF,IN,AGL,CE,Combined TRACON& Tower with Radar,0,3,11,3,17,0,0,56,0,56,0,3,67,3,73,10,6,16,89
09/15/2007,HUF,IN,AGL,CE,Combined TRACON& Tower with Radar,1,0,2,0,3,0,2,31,1,34,1,2,33,1,37,29,0,29,66
09/16/2007,HUF,IN,AGL,CE,Combined TRACON& Tower with Radar,0,0,2,3,5,0,3,56,0,59,0,3,58,3,64,6,1,7,71
09/17/2007,HUF,IN,AGL,CE,Combined TRACON& Tower with Radar,0,0,20,4,24,0,2,66,2,70,0,2,86,6,94,100,2,102,196
09/18/2007,HUF,IN,AGL,CE,Combined TRACON& Tower with Radar,0,2,30,1,33,0,0,101,0,101,0,2,131,1,134,140,0,140,274
09/19/2007,HUF,IN,AGL,CE,Combined TRACON& Tower with Radar,2,4,47,0,53,0,0,120,1,121,2,4,167,1,174,321,0,321,495
09/20/2007,HUF,IN,AGL,CE,Combined TRACON& Tower with Radar,0,0,43,3,46,0,1,102,2,105,0,1,145,5,151,262,0,262,413
09/21/2007,HUF,IN,AGL,CE,Combined TRACON& Tower with Radar,0,2,24,8,34,0,0,107,4,111,0,2,131,12,145,200,6,206,351
09/22/2007,HUF,IN,AGL,CE,Combined TRACON& Tower with Radar,0,0,18,2,20,0,0,71,0,71,0,0,89,2,91,78,14,92,183
09/23/2007,HUF,IN,AGL,CE,Combined TRACON& Tower with Radar,0,0,12,4,16,0,4,70,1,75,0,4,82,5,91,86,0,86,177
09/24/2007,HUF,IN,AGL,CE,Combined TRACON& Tower with Radar,0,2,29,0,31,0,2,99,6,107,0,4,128,6,138,210,0,210,348
09/25/2007,HUF,IN,AGL,CE,Combined TRACON& Tower with Radar,0,3,13,2,18,0,0,24,1,25,0,3,37,3,43,39,2,41,84
09/26/2007,HUF,IN,AGL,CE,Combined TRACON& Tower with Radar,0,6,36,0,42,0,0,2,0,2,0,6,38,0,44,0,0,0,44
09/27/2007,HUF,IN,AGL,CE,Combined TRACON& Tower with Radar,0,5,62,5,72,0,3,89,0,92,0,8,151,5,164,182,2,184,348
09/28/2007,HUF,IN,AGL,CE,Combined TRACON& Tower with Radar,0,0,52,0,52,0,6,143,2,151,0,6,195,2,203,238,0,238,441
09/29/2007,HUF,IN,AGL,CE,Combined TRACON& Tower with Radar,0,0,18,0,18,0,0,90,0,90,0,0,108,0,108,124,0,124,232
09/30/2007,HUF,IN,AGL,CE,Combined TRACON& Tower with Radar,0,0,20,10,30,0,1,59,1,61,0,1,79,11,91,50,0,50,141
10/01/2007,HUF,IN,AGL,CE,Combined TRACON& Tower with Radar,0,0,20,3,23,0,1,75,3,79,0,1,95,6,102,104,2,106,208
10/02/2007,HUF,IN,AGL,CE,Combined TRACON& Tower with Radar,0,3,49,2,54,0,0,94,3,97,0,3,143,5,151,130,0,130,281
10/03/2007,HUF,IN,AGL,CE,Combined TRACON& Tower with Radar,2,2,52,14,70,0,0,92,0,92,2,2,144,14,162,182,0,182,344
10/04/2007,HUF,IN,AGL,CE,Combined TRACON& Tower with Radar,0,0,47,0,47,0,0,99,1,100,0,0,146,1,147,228,0,228,375
10/05/2007,HUF,IN,AGL,CE,Combined TRACON& Tower with Radar,0,0,27,0,27,0,4,67,1,72,0,4,94,1,99,82,0,82,181
10/06/2007,HUF,IN,AGL,CE,Combined TRACON& Tower with Radar,0,0,29,0,29,0,4,52,0,56,0,4,81,0,85,86,0,86,171
10/07/2007,HUF,IN,AGL,CE,Combined TRACON& Tower with Radar,0,0,15,0,15,0,4,49,0,53,0,4,64,0,68,102,0,102,170
10/08/2007,HUF,IN,AGL,CE,Combined TRACON& Tower with Radar,0,0,26,3,29,0,0,62,5,67,0,0,88,8,96,113,0,113,209
10/09/2007,HUF,IN,AGL,CE,Combined TRACON& Tower with Radar,0,2,37,0,39,0,2,78,2,82,0,4,115,2,121,188,0,188,309
10/10/2007,HUF,IN,AGL,CE,Combined TRACON& Tower with Radar,0,2,34,0,36,0,0,76,0,76,0,2,110,0,112,134,0,134,246
10/11/2007,HUF,IN,AGL,CE,Combined TRACON& Tower with Radar,0,0,66,2,68,0,0,54,0,54,0,0,120,2,122,180,4,184,306
10/12/2007,HUF,IN,AGL,CE,Combined TRACON& Tower with Radar,0,1,33,0,34,0,0,92,1,93,0,1,125,1,127,182,0,182,309
10/13/2007,HUF,IN,AGL,CE,Combined TRACON& Tower with Radar,2,1,21,0,24,2,2,88,0,92,4,3,109,0,116,138,0,138,254
10/14/2007,HUF,IN,AGL,CE,Combined TRACON& Tower with Radar,0,2,30,0,32,0,0,76,4,80,0,2,106,4,112,178,0,178,290
10/15/2007,HUF,IN,AGL,CE,Combined TRACON& Tower with Radar,0,2,32,0,34,0,1,80,2,83,0,3,112,2,117,118,2,120,237
10/16/2007,HUF,IN,AGL,CE,Combined TRACON& Tower with Radar,0,0,53,0,53,0,0,33,0,33,0,0,86,0,86,183,0,183,269
10/17/2007,HUF,IN,AGL,CE,Combined TRACON& Tower with Radar,2,2,20,15,39,0,0,48,0,48,2,2,68,15,87,80,18,98,185
10/18/2007,HUF,IN,AGL,CE,Combined TRACON& Tower with Radar,0,2,9,1,12,0,1,5,0,6,0,3,14,1,18,0,0,0,18
10/19/2007,HUF,IN,AGL,CE,Combined TRACON& Tower with Radar,0,3,33,2,38,0,1,39,0,40,0,4,72,2,78,96,0,96,174
10/20/2007,HUF,IN,AGL,CE,Combined TRACON& Tower with Radar,0,0,9,0,9,0,1,40,2,43,0,1,49,2,52,30,0,30,82
10/21/2007,HUF,IN,AGL,CE,Combined TRACON& Tower with Radar,0,0,5,6,11,0,0,26,0,26,0,0,31,6,37,0,0,0,37
10/22/2007,HUF,IN,AGL,CE,Combined TRACON& Tower with Radar,0,0,32,0,32,0,0,60,0,60,0,0,92,0,92,184,0,184,276
10/23/2007,HUF,IN,AGL,CE,Combined TRACON& Tower with Radar,0,0,37,3,40,0,0,36,0,36,0,0,73,3,76,142,0,142,218
10/24/2007,HUF,IN,AGL,CE,Combined TRACON& Tower with Radar,2,2,35,4,43,0,1,57,0,58,2,3,92,4,101,64,2,66,167
10/25/2007,HUF,IN,AGL,CE,Combined TRACON& Tower with Radar,0,0,37,0,37,0,0,34,0,34,0,0,71,0,71,144,0,144,215
10/26/2007,HUF,IN,AGL,CE,Combined TRACON& Tower with Radar,0,4,18,4,26,0,0,4,0,4,0,4,22,4,30,2,0,2,32
10/27/2007,HUF,IN,AGL,CE,Combined TRACON& Tower with Radar,0,0,19,2,21,0,0,8,0,8,0,0,27,2,29,20,0,20,49
10/28/2007,HUF,IN,AGL,CE,Combined TRACON& Tower with Radar,6,0,19,0,25,0,1,69,2,72,6,1,88,2,97,58,0,58,155
10/29/2007,HUF,IN,AGL,CE,Combined TRACON& Tower with Radar,0,0,35,2,37,0,1,105,4,110,0,1,140,6,147,286,2,288,435
10/30/2007,HUF,IN,AGL,CE,Combined TRACON& Tower with Radar,0,2,21,6,29,0,1,86,1,88,0,3,107,7,117,170,6,176,293
10/31/2007,HUF,IN,AGL,CE,Combined TRACON& Tower with Radar,0,0,35,0,35,0,1,76,0,77,0,1,111,0,112,110,0,110,222
11/01/2007,HUF,IN,AGL,CE,Combined TRACON& Tower with Radar,0,0,45,0,45,0,0,90,2,92,0,0,135,2,137,288,0,288,425
11/02/2007,HUF,IN,AGL,CE,Combined TRACON& Tower with Radar,0,0,40,2,42,0,0,74,0,74,0,0,114,2,116,60,0,60,176
11/03/2007,HUF,IN,AGL,CE,Combined TRACON& Tower with Radar,0,0,20,2,22,0,0,60,2,62,0,0,80,4,84,74,0,74,158
11/04/2007,HUF,IN,AGL,CE,Combined TRACON& Tower with Radar,0,0,7,2,9,0,0,38,0,38,0,0,45,2,47,46,0,46,93
11/05/2007,HUF,IN,AGL,CE,Combined TRACON& Tower with Radar,0,1,10,0,11,0,1,32,0,33,0,2,42,0,44,26,0,26,70
11/06/2007,HUF,IN,AGL,CE,Combined TRACON& Tower with Radar,0,2,26,12,40,0,5,39,0,44,0,7,65,12,84,34,8,42,126
11/07/2007,HUF,IN,AGL,CE,Combined TRACON& Tower with Radar,2,6,49,9,66,0,0,97,2,99,2,6,146,11,165,133,14,147,312
11/08/2007,HUF,IN,AGL,CE,Combined TRACON& Tower with Radar,0,2,32,2,36,0,5,69,4,78,0,7,101,6,114,136,18,154,268
11/09/2007,HUF,IN,AGL,CE,Combined TRACON& Tower with Radar,0,0,30,3,33,0,0,91,0,91,0,0,121,3,124,272,4,276,400
11/10/2007,HUF,IN,AGL,CE,Combined TRACON& Tower with Radar,0,2,16,0,18,0,1,88,6,95,0,3,104,6,113,102,0,102,215
11/11/2007,HUF,IN,AGL,CE,Combined TRACON& Tower with Radar,0,0,11,0,11,0,0,19,0,19,0,0,30,0,30,52,0,52,82
11/12/2007,HUF,IN,AGL,CE,Combined TRACON& Tower with Radar,0,0,12,0,12,0,1,15,2,18,0,1,27,2,30,12,4,16,46
11/13/2007,HUF,IN,AGL,CE,Combined TRACON& Tower with Radar,0,0,46,7,53,0,1,10,1,12,0,1,56,8,65,52,0,52,117
11/14/2007,HUF,IN,AGL,CE,Combined TRACON& Tower with Radar,2,0,39,1,42,2,1,31,0,34,4,1,70,1,76,134,0,134,210
11/15/2007,HUF,IN,AGL,CE,Combined TRACON& Tower with Radar,0,3,19,0,22,0,0,41,0,41,0,3,60,0,63,58,0,58,121
11/16/2007,HUF,IN,AGL,CE,Combined TRACON& Tower with Radar,0,0,28,0,28,0,1,55,2,58,0,1,83,2,86,158,0,158,244
11/17/2007,HUF,IN,AGL,CE,Combined TRACON& Tower with Radar,0,0,17,0,17,0,0,59,0,59,0,0,76,0,76,106,0,106,182
11/18/2007,HUF,IN,AGL,CE,Combined TRACON& Tower with Radar,0,2,20,0,22,0,0,34,0,34,0,2,54,0,56,102,0,102,158
11/19/2007,HUF,IN,AGL,CE,Combined TRACON& Tower with Radar,0,0,34,0,34,0,0,13,0,13,0,0,47,0,47,74,0,74,121
11/20/2007,HUF,IN,AGL,CE,Combined TRACON& Tower with Radar,0,3,47,2,52,0,1,12,0,13,0,4,59,2,65,50,0,50,115
11/21/2007,HUF,IN,AGL,CE,Combined TRACON& Tower with Radar,0,0,7,4,11,0,1,11,0,12,0,1,18,4,23,0,0,0,23
11/22/2007,HUF,IN,AGL,CE,Combined TRACON& Tower with Radar,0,0,1,0,1,0,2,8,0,10,0,2,9,0,11,0,0,0,11
11/23/2007,HUF,IN,AGL,CE,Combined TRACON& Tower with Radar,0,2,23,0,25,0,1,46,0,47,0,3,69,0,72,58,0,58,130
11/24/2007,HUF,IN,AGL,CE,Combined TRACON& Tower with Radar,0,0,17,0,17,0,0,48,0,48,0,0,65,0,65,44,0,44,109
11/25/2007,HUF,IN,AGL,CE,Combined TRACON& Tower with Radar,0,0,0,0,0,0,1,11,0,12,0,1,11,0,12,36,0,36,48
11/26/2007,HUF,IN,AGL,CE,Combined TRACON& Tower with Radar,0,0,10,2,12,0,0,0,0,0,0,0,10,2,12,0,0,0,12
11/27/2007,HUF,IN,AGL,CE,Combined TRACON& Tower with Radar,0,2,39,0,41,0,1,61,4,66,0,3,100,4,107,182,0,182,289
11/28/2007,HUF,IN,AGL,CE,Combined TRACON& Tower with Radar,2,0,25,4,31,0,0,48,0,48,2,0,73,4,79,112,0,112,191
11/29/2007,HUF,IN,AGL,CE,Combined TRACON& Tower with Radar,0,4,33,2,39,0,2,72,0,74,0,6,105,2,113,226,0,226,339
11/30/2007,HUF,IN,AGL,CE,Combined TRACON& Tower with Radar,0,0,35,0,35,0,0,64,2,66,0,0,99,2,101,202,0,202,303
12/01/2007,HUF,IN,AGL,CE,Combined TRACON& Tower with Radar,0,0,8,0,8,0,0,24,2,26,0,0,32,2,34,54,0,54,88
12/02/2007,HUF,IN,AGL,CE,Combined TRACON& Tower with Radar,0,0,0,0,0,0,0,0,0,0,0,0,0,0,0,0,0,0,0
12/03/2007,HUF,IN,AGL,CE,Combined TRACON& Tower with Radar,0,0,21,0,21,0,0,56,4,60,0,0,77,4,81,194,0,194,275
12/04/2007,HUF,IN,AGL,CE,Combined TRACON& Tower with Radar,0,0,25,0,25,0,3,58,0,61,0,3,83,0,86,184,0,184,270
12/05/2007,HUF,IN,AGL,CE,Combined TRACON& Tower with Radar,2,1,33,12,48,0,0,28,0,28,2,1,61,12,76,14,2,16,92
12/06/2007,HUF,IN,AGL,CE,Combined TRACON& Tower with Radar,0,0,26,0,26,0,0,83,0,83,0,0,109,0,109,126,0,126,235
12/07/2007,HUF,IN,AGL,CE,Combined TRACON& Tower with Radar,0,2,3,0,5,0,4,2,0,6,0,6,5,0,11,0,0,0,11
12/08/2007,HUF,IN,AGL,CE,Combined TRACON& Tower with Radar,0,2,23,0,25,0,0,8,0,8,0,2,31,0,33,4,0,4,37
12/09/2007,HUF,IN,AGL,CE,Combined TRACON& Tower with Radar,0,0,0,0,0,0,0,0,0,0,0,0,0,0,0,0,0,0,0
12/10/2007,HUF,IN,AGL,CE,Combined TRACON& Tower with Radar,0,0,13,0,13,0,0,0,1,1,0,0,13,1,14,0,0,0,14
12/11/2007,HUF,IN,AGL,CE,Combined TRACON& Tower with Radar,0,0,0,0,0,0,0,0,0,0,0,0,0,0,0,0,0,0,0
12/12/2007,HUF,IN,AGL,CE,Combined TRACON& Tower with Radar,0,1,16,5,22,0,0,27,0,27,0,1,43,5,49,164,2,166,215
12/13/2007,HUF,IN,AGL,CE,Combined TRACON& Tower with Radar,0,2,8,0,10,0,0,3,0,3,0,2,11,0,13,22,0,22,35
12/14/2007,HUF,IN,AGL,CE,Combined TRACON& Tower with Radar,0,3,39,0,42,0,0,43,0,43,0,3,82,0,85,52,0,52,137
12/15/2007,HUF,IN,AGL,CE,Combined TRACON& Tower with Radar,0,0,1,0,1,0,0,0,0,0,0,0,1,0,1,0,0,0,1
12/16/2007,HUF,IN,AGL,CE,Combined TRACON& Tower with Radar,0,0,0,0,0,0,0,0,0,0,0,0,0,0,0,0,0,0,0
12/17/2007,HUF,IN,AGL,CE,Combined TRACON& Tower with Radar,0,2,19,1,22,0,0,3,0,3,0,2,22,1,25,0,0,0,25
12/18/2007,HUF,IN,AGL,CE,Combined TRACON& Tower with Radar,2,0,33,0,35,0,0,62,0,62,2,0,95,0,97,24,0,24,121
12/19/2007,HUF,IN,AGL,CE,Combined TRACON& Tower with Radar,0,2,27,2,31,0,0,45,2,47,0,2,72,4,78,114,2,116,194
12/20/2007,HUF,IN,AGL,CE,Combined TRACON& Tower with Radar,0,1,25,14,40,0,0,42,0,42,0,1,67,14,82,64,2,66,148
12/21/2007,HUF,IN,AGL,CE,Combined TRACON& Tower with Radar,0,4,13,0,17,0,0,0,0,0,0,4,13,0,17,0,0,0,17
12/22/2007,HUF,IN,AGL,CE,Combined TRACON& Tower with Radar,0,4,35,0,39,0,0,15,0,15,0,4,50,0,54,62,0,62,116
12/23/2007,HUF,IN,AGL,CE,Combined TRACON& Tower with Radar,0,0,6,0,6,0,0,3,0,3,0,0,9,0,9,2,0,2,11
12/24/2007,HUF,IN,AGL,CE,Combined TRACON& Tower with Radar,0,0,7,0,7,0,0,23,0,23,0,0,30,0,30,14,0,14,44
12/25/2007,HUF,IN,AGL,CE,Combined TRACON& Tower with Radar,0,0,13,0,13,0,0,13,0,13,0,0,26,0,26,6,0,6,32
12/26/2007,HUF,IN,AGL,CE,Combined TRACON& Tower with Radar,0,2,19,0,21,0,1,48,0,49,0,3,67,0,70,44,0,44,114
12/27/2007,HUF,IN,AGL,CE,Combined TRACON& Tower with Radar,0,2,5,0,7,0,0,0,0,0,0,2,5,0,7,0,0,0,7
12/28/2007,HUF,IN,AGL,CE,Combined TRACON& Tower with Radar,0,0,4,0,4,0,0,0,0,0,0,0,4,0,4,0,0,0,4
12/29/2007,HUF,IN,AGL,CE,Combined TRACON& Tower with Radar,0,0,4,0,4,0,0,21,0,21,0,0,25,0,25,8,0,8,33
12/30/2007,HUF,IN,AGL,CE,Combined TRACON& Tower with Radar,0,0,10,0,10,0,0,19,0,19,0,0,29,0,29,10,0,10,39
12/31/2007,HUF,IN,AGL,CE,Combined TRACON& Tower with Radar,0,0,4,0,4,0,0,20,0,20,0,0,24,0,24,12,0,12,36
01/01/2008,HUF,IN,AGL,CE,Combined TRACON& Tower with Radar,0,0,2,0,2,0,0,0,0,0,0,0,2,0,2,0,0,0,2
01/02/2008,HUF,IN,AGL,CE,Combined TRACON& Tower with Radar,0,2,8,0,10,0,0,11,0,11,0,2,19,0,21,12,0,12,33
01/03/2008,HUF,IN,AGL,CE,Combined TRACON& Tower with Radar,2,0,19,4,25,0,2,33,4,39,2,2,52,8,64,44,0,44,108
01/04/2008,HUF,IN,AGL,CE,Combined TRACON& Tower with Radar,0,0,11,1,12,0,0,39,0,39,0,0,50,1,51,4,0,4,55
01/05/2008,HUF,IN,AGL,CE,Combined TRACON& Tower with Radar,0,0,4,1,5,0,1,5,0,6,0,1,9,1,11,0,0,0,11
01/06/2008,HUF,IN,AGL,CE,Combined TRACON& Tower with Radar,0,0,10,0,10,0,0,0,0,0,0,0,10,0,10,0,0,0,10
01/07/2008,HUF,IN,AGL,CE,Combined TRACON& Tower with Radar,0,0,4,0,4,0,1,6,0,7,0,1,10,0,11,0,0,0,11
01/08/2008,HUF,IN,AGL,CE,Combined TRACON& Tower with Radar,0,0,5,0,5,0,0,1,0,1,0,0,6,0,6,0,0,0,6
01/09/2008,HUF,IN,AGL,CE,Combined TRACON& Tower with Radar,2,4,26,13,45,0,0,73,0,73,2,4,99,13,118,152,0,152,270
01/10/2008,HUF,IN,AGL,CE,Combined TRACON& Tower with Radar,0,0,10,9,19,0,2,28,0,30,0,2,38,9,49,88,6,94,143
01/11/2008,HUF,IN,AGL,CE,Combined TRACON& Tower with Radar,0,0,44,2,46,0,0,32,0,32,0,0,76,2,78,138,0,138,216
01/12/2008,HUF,IN,AGL,CE,Combined TRACON& Tower with Radar,0,0,15,0,15,0,2,68,0,70,0,2,83,0,85,124,0,124,209
01/13/2008,HUF,IN,AGL,CE,Combined TRACON& Tower with Radar,0,0,0,0,0,0,0,1,0,1,0,0,1,0,1,0,0,0,1
01/14/2008,HUF,IN,AGL,CE,Combined TRACON& Tower with Radar,0,0,43,0,43,0,0,11,0,11,0,0,54,0,54,88,0,88,142
01/15/2008,HUF,IN,AGL,CE,Combined TRACON& Tower with Radar,0,0,20,2,22,0,0,68,0,68,0,0,88,2,90,176,0,176,266
01/16/2008,HUF,IN,AGL,CE,Combined TRACON& Tower with Radar,2,0,27,5,34,0,0,77,0,77,2,0,104,5,111,170,0,170,281
01/17/2008,HUF,IN,AGL,CE,Combined TRACON& Tower with Radar,0,0,4,10,14,0,0,0,0,0,0,0,4,10,14,0,0,0,14
01/18/2008,HUF,IN,AGL,CE,Combined TRACON& Tower with Radar,0,4,34,0,38,0,0,70,0,70,0,4,104,0,108,96,0,96,204
01/19/2008,HUF,IN,AGL,CE,Combined TRACON& Tower with Radar,0,0,11,2,13,0,2,32,0,34,0,2,43,2,47,4,0,4,51
01/20/2008,HUF,IN,AGL,CE,Combined TRACON& Tower with Radar,2,2,9,0,13,0,1,33,0,34,2,3,42,0,47,44,0,44,91
01/21/2008,HUF,IN,AGL,CE,Combined TRACON& Tower with Radar,0,0,22,0,22,0,2,61,1,64,0,2,83,1,86,130,0,130,216
01/22/2008,HUF,IN,AGL,CE,Combined TRACON& Tower with Radar,0,2,6,0,8,0,0,2,0,2,0,2,8,0,10,0,0,0,10
01/23/2008,HUF,IN,AGL,CE,Combined TRACON& Tower with Radar,0,2,29,21,52,0,3,65,3,71,0,5,94,24,123,86,0,86,209
01/24/2008,HUF,IN,AGL,CE,Combined TRACON& Tower with Radar,0,6,19,0,25,0,0,49,0,49,0,6,68,0,74,6,0,6,80
01/25/2008,HUF,IN,AGL,CE,Combined TRACON& Tower with Radar,0,4,25,9,38,0,1,76,0,77,0,5,101,9,115,112,0,112,227
01/26/2008,HUF,IN,AGL,CE,Combined TRACON& Tower with Radar,0,0,14,0,14,0,1,18,0,19,0,1,32,0,33,126,0,126,159
01/27/2008,HUF,IN,AGL,CE,Combined TRACON& Tower with Radar,0,0,11,1,12,0,0,91,2,93,0,0,102,3,105,156,0,156,261
01/28/2008,HUF,IN,AGL,CE,Combined TRACON& Tower with Radar,0,0,11,10,21,0,2,40,1,43,0,2,51,11,64,70,2,72,136
01/29/2008,HUF,IN,AGL,CE,Combined TRACON& Tower with Radar,2,4,7,0,13,0,0,2,0,2,2,4,9,0,15,0,0,0,15
01/30/2008,HUF,IN,AGL,CE,Combined TRACON& Tower with Radar,2,0,27,0,29,0,2,65,0,67,2,2,92,0,96,147,0,147,243
01/31/2008,HUF,IN,AGL,CE,Combined TRACON& Tower with Radar,0,0,21,3,24,0,1,38,0,39,0,1,59,3,63,112,0,112,175
02/01/2008,HUF,IN,AGL,CE,Combined TRACON& Tower with Radar,0,0,4,0,4,0,0,1,0,1,0,0,5,0,5,0,0,0,5
02/02/2008,HUF,IN,AGL,CE,Combined TRACON& Tower with Radar,0,0,21,0,21,0,1,23,0,24,0,1,44,0,45,36,0,36,81
02/03/2008,HUF,IN,AGL,CE,Combined TRACON& Tower with Radar,0,0,6,2,8,0,4,8,0,12,0,4,14,2,20,14,0,14,34
02/04/2008,HUF,IN,AGL,CE,Combined TRACON& Tower with Radar,0,2,6,0,8,0,0,8,0,8,0,2,14,0,16,0,0,0,16
02/05/2008,HUF,IN,AGL,CE,Combined TRACON& Tower with Radar,0,0,8,0,8,0,0,0,0,0,0,0,8,0,8,0,0,0,8
02/06/2008,HUF,IN,AGL,CE,Combined TRACON& Tower with Radar,0,0,7,0,7,0,0,0,0,0,0,0,7,0,7,0,0,0,7
02/07/2008,HUF,IN,AGL,CE,Combined TRACON& Tower with Radar,0,0,39,10,49,0,0,55,0,55,0,0,94,10,104,307,8,315,419
02/08/2008,HUF,IN,AGL,CE,Combined TRACON& Tower with Radar,2,2,40,4,48,0,0,89,0,89,2,2,129,4,137,171,0,171,308
02/09/2008,HUF,IN,AGL,CE,Combined TRACON& Tower with Radar,0,0,23,0,23,0,1,55,0,56,0,1,78,0,79,126,0,126,205
02/10/2008,HUF,IN,AGL,CE,Combined TRACON& Tower with Radar,0,0,3,0,3,0,0,14,2,16,0,0,17,2,19,0,0,0,19
02/11/2008,HUF,IN,AGL,CE,Combined TRACON& Tower with Radar,0,0,47,0,47,0,0,117,1,118,0,0,164,1,165,76,0,76,241
02/12/2008,HUF,IN,AGL,CE,Combined TRACON& Tower with Radar,0,0,3,0,3,0,0,0,0,0,0,0,3,0,3,0,0,0,3
02/13/2008,HUF,IN,AGL,CE,Combined TRACON& Tower with Radar,0,0,23,0,23,0,0,9,0,9,0,0,32,0,32,10,0,10,42
02/14/2008,HUF,IN,AGL,CE,Combined TRACON& Tower with Radar,0,0,27,2,29,0,2,43,1,46,0,2,70,3,75,20,0,20,95
02/15/2008,HUF,IN,AGL,CE,Combined TRACON& Tower with Radar,0,0,37,6,43,0,2,88,0,90,0,2,125,6,133,252,0,252,385
02/16/2008,HUF,IN,AGL,CE,Combined TRACON& Tower with Radar,0,0,14,0,14,0,0,96,2,98,0,0,110,2,112,126,0,126,238
02/17/2008,HUF,IN,AGL,CE,Combined TRACON& Tower with Radar,0,0,0,0,0,0,2,3,0,5,0,2,3,0,5,0,0,0,5
02/18/2008,HUF,IN,AGL,CE,Combined TRACON& Tower with Radar,0,0,14,0,14,0,0,20,0,20,0,0,34,0,34,52,0,52,86
02/19/2008,HUF,IN,AGL,CE,Combined TRACON& Tower with Radar,0,6,34,0,40,0,1,55,0,56,0,7,89,0,96,22,0,22,118
02/20/2008,HUF,IN,AGL,CE,Combined TRACON& Tower with Radar,0,0,32,0,32,0,0,57,0,57,0,0,89,0,89,40,0,40,129
02/21/2008,HUF,IN,AGL,CE,Combined TRACON& Tower with Radar,0,1,19,0,20,0,1,37,0,38,0,2,56,0,58,46,0,46,104
02/22/2008,HUF,IN,AGL,CE,Combined TRACON& Tower with Radar,0,0,4,0,4,0,0,5,0,5,0,0,9,0,9,4,0,4,13
02/23/2008,HUF,IN,AGL,CE,Combined TRACON& Tower with Radar,0,0,12,0,12,0,0,46,0,46,0,0,58,0,58,216,0,216,274
02/24/2008,HUF,IN,AGL,CE,Combined TRACON& Tower with Radar,0,4,7,0,11,0,0,16,0,16,0,4,23,0,27,182,0,182,209
02/25/2008,HUF,IN,AGL,CE,Combined TRACON& Tower with Radar,0,4,7,0,11,0,0,3,0,3,0,4,10,0,14,0,0,0,14
02/26/2008,HUF,IN,AGL,CE,Combined TRACON& Tower with Radar,0,0,3,0,3,0,0,0,0,0,0,0,3,0,3,0,0,0,3
02/27/2008,HUF,IN,AGL,CE,Combined TRACON& Tower with Radar,2,0,29,4,35,0,0,73,1,74,2,0,102,5,109,120,0,120,229
02/28/2008,HUF,IN,AGL,CE,Combined TRACON& Tower with Radar,0,0,30,0,30,0,3,95,0,98,0,3,125,0,128,136,0,136,264
02/29/2008,HUF,IN,AGL,CE,Combined TRACON& Tower with Radar,0,12,35,0,47,0,0,77,0,77,0,12,112,0,124,128,0,128,252
03/01/2008,HUF,IN,AGL,CE,Combined TRACON& Tower with Radar,0,1,17,0,18,0,1,93,1,95,0,2,110,1,113,218,4,222,335
03/02/2008,HUF,IN,AGL,CE,Combined TRACON& Tower with Radar,0,0,17,0,17,0,0,46,0,46,0,0,63,0,63,102,0,102,165
03/03/2008,HUF,IN,AGL,CE,Combined TRACON& Tower with Radar,0,0,9,0,9,0,0,2,0,2,0,0,11,0,11,0,0,0,11
03/04/2008,HUF,IN,AGL,CE,Combined TRACON& Tower with Radar,0,0,2,0,2,0,0,0,0,0,0,0,2,0,2,0,0,0,2
03/05/2008,HUF,IN,AGL,CE,Combined TRACON& Tower with Radar,2,0,40,0,42,0,0,57,0,57,2,0,97,0,99,172,0,172,271
03/06/2008,HUF,IN,AGL,CE,Combined TRACON& Tower with Radar,0,2,20,0,22,0,0,27,2,29,0,2,47,2,51,95,0,95,146
03/07/2008,HUF,IN,AGL,CE,Combined TRACON& Tower with Radar,0,0,11,2,13,0,0,26,0,26,0,0,37,2,39,38,0,38,77
03/08/2008,HUF,IN,AGL,CE,Combined TRACON& Tower with Radar,0,0,9,0,9,0,0,27,0,27,0,0,36,0,36,44,0,44,80
03/09/2008,HUF,IN,AGL,CE,Combined TRACON& Tower with Radar,0,0,9,0,9,0,0,29,0,29,0,0,38,0,38,48,0,48,86
03/10/2008,HUF,IN,AGL,CE,Combined TRACON& Tower with Radar,0,0,9,0,9,0,3,40,0,43,0,3,49,0,52,66,0,66,118
03/11/2008,HUF,IN,AGL,CE,Combined TRACON& Tower with Radar,0,2,19,0,21,0,0,47,6,53,0,2,66,6,74,82,0,82,156
03/12/2008,HUF,IN,AGL,CE,Combined TRACON& Tower with Radar,2,3,11,0,16,0,0,50,0,50,2,3,61,0,66,70,0,70,136
03/13/2008,HUF,IN,AGL,CE,Combined TRACON& Tower with Radar,0,1,17,2,20,0,0,12,0,12,0,1,29,2,32,78,0,78,110
03/14/2008,HUF,IN,AGL,CE,Combined TRACON& Tower with Radar,0,0,15,0,15,0,0,28,0,28,0,0,43,0,43,132,0,132,175
03/15/2008,HUF,IN,AGL,CE,Combined TRACON& Tower with Radar,0,0,9,0,9,0,0,1,11,12,0,0,10,11,21,0,0,0,21
03/16/2008,HUF,IN,AGL,CE,Combined TRACON& Tower with Radar,0,2,10,0,12,0,0,33,0,33,0,2,43,0,45,32,0,32,77
03/17/2008,HUF,IN,AGL,CE,Combined TRACON& Tower with Radar,0,0,22,0,22,0,0,41,0,41,0,0,63,0,63,56,0,56,119
03/18/2008,HUF,IN,AGL,CE,Combined TRACON& Tower with Radar,0,1,11,0,12,0,0,0,0,0,0,1,11,0,12,0,0,0,12
03/19/2008,HUF,IN,AGL,CE,Combined TRACON& Tower with Radar,2,6,35,0,43,0,0,14,0,14,2,6,49,0,57,26,0,26,83
03/20/2008,HUF,IN,AGL,CE,Combined TRACON& Tower with Radar,2,1,43,3,49,0,0,117,2,119,2,1,160,5,168,180,2,182,350
03/21/2008,HUF,IN,AGL,CE,Combined TRACON& Tower with Radar,0,0,23,3,26,0,0,43,1,44,0,0,66,4,70,50,2,52,122
03/22/2008,HUF,IN,AGL,CE,Combined TRACON& Tower with Radar,0,0,6,0,6,0,0,23,3,26,0,0,29,3,32,204,0,204,236
03/23/2008,HUF,IN,AGL,CE,Combined TRACON& Tower with Radar,0,0,10,0,10,0,1,16,0,17,0,1,26,0,27,4,0,4,31
03/24/2008,HUF,IN,AGL,CE,Combined TRACON& Tower with Radar,0,0,43,0,43,0,0,88,0,88,0,0,131,0,131,268,0,268,399
03/25/2008,HUF,IN,AGL,CE,Combined TRACON& Tower with Radar,0,0,11,0,11,0,0,18,0,18,0,0,29,0,29,30,0,30,59
03/26/2008,HUF,IN,AGL,CE,Combined TRACON& Tower with Radar,0,2,40,0,42,0,1,81,1,83,0,3,121,1,125,228,0,228,353
03/27/2008,HUF,IN,AGL,CE,Combined TRACON& Tower with Radar,0,2,10,0,12,0,0,0,0,0,0,2,10,0,12,0,0,0,12
03/28/2008,HUF,IN,AGL,CE,Combined TRACON& Tower with Radar,0,2,43,0,45,0,0,55,0,55,0,2,98,0,100,136,0,136,236
03/29/2008,HUF,IN,AGL,CE,Combined TRACON& Tower with Radar,0,1,40,2,43,0,0,106,2,108,0,1,146,4,151,191,4,195,346
03/30/2008,HUF,IN,AGL,CE,Combined TRACON& Tower with Radar,0,0,24,3,27,0,0,2,0,2,0,0,26,3,29,16,0,16,45
03/31/2008,HUF,IN,AGL,CE,Combined TRACON& Tower with Radar,0,1,32,0,33,0,0,0,1,1,0,1,32,1,34,0,0,0,34
04/01/2008,HUF,IN,AGL,CE,Combined TRACON& Tower with Radar,0,0,45,0,45,0,0,36,1,37,0,0,81,1,82,204,0,204,286
04/02/2008,HUF,IN,AGL,CE,Combined TRACON& Tower with Radar,2,0,53,2,57,0,1,124,0,125,2,1,177,2,182,236,0,236,418
04/03/2008,HUF,IN,AGL,CE,Combined TRACON& Tower with Radar,0,2,26,0,28,2,0,57,0,59,2,2,83,0,87,282,0,282,369
04/04/2008,HUF,IN,AGL,CE,Combined TRACON& Tower with Radar,0,0,27,0,27,0,0,8,4,12,0,0,35,4,39,60,0,60,99
04/05/2008,HUF,IN,AGL,CE,Combined TRACON& Tower with Radar,0,0,32,0,32,0,0,109,0,109,0,0,141,0,141,208,0,208,349
04/06/2008,HUF,IN,AGL,CE,Combined TRACON& Tower with Radar,0,2,33,3,38,0,1,106,0,107,0,3,139,3,145,188,0,188,333
04/07/2008,HUF,IN,AGL,CE,Combined TRACON& Tower with Radar,0,6,52,0,58,0,0,131,0,131,0,6,183,0,189,212,0,212,401
04/08/2008,HUF,IN,AGL,CE,Combined TRACON& Tower with Radar,0,5,22,0,27,0,0,67,0,67,0,5,89,0,94,154,0,154,248
04/09/2008,HUF,IN,AGL,CE,Combined TRACON& Tower with Radar,0,0,70,0,70,0,0,78,0,78,0,0,148,0,148,142,0,142,290
04/10/2008,HUF,IN,AGL,CE,Combined TRACON& Tower with Radar,0,2,11,0,13,0,1,1,0,2,0,3,12,0,15,0,0,0,15
04/11/2008,HUF,IN,AGL,CE,Combined TRACON& Tower with Radar,0,0,6,0,6,0,1,13,0,14,0,1,19,0,20,48,0,48,68
04/12/2008,HUF,IN,AGL,CE,Combined TRACON& Tower with Radar,0,0,0,0,0,0,0,6,0,6,0,0,6,0,6,0,0,0,6
04/13/2008,HUF,IN,AGL,CE,Combined TRACON& Tower with Radar,0,2,5,2,9,0,0,12,0,12,0,2,17,2,21,48,0,48,69
04/14/2008,HUF,IN,AGL,CE,Combined TRACON& Tower with Radar,0,0,40,0,40,0,1,113,4,118,0,1,153,4,158,112,0,112,270
04/15/2008,HUF,IN,AGL,CE,Combined TRACON& Tower with Radar,0,8,22,0,30,0,0,101,2,103,0,8,123,2,133,206,0,206,339
04/16/2008,HUF,IN,AGL,CE,Combined TRACON& Tower with Radar,0,2,19,6,27,0,0,47,0,47,0,2,66,6,74,46,2,48,122
04/17/2008,HUF,IN,AGL,CE,Combined TRACON& Tower with Radar,0,1,29,2,32,0,1,59,0,60,0,2,88,2,92,110,0,110,202
04/18/2008,HUF,IN,AGL,CE,Combined TRACON& Tower with Radar,0,0,28,2,30,0,0,72,0,72,0,0,100,2,102,62,0,62,164
04/19/2008,HUF,IN,AGL,CE,Combined TRACON& Tower with Radar,0,4,25,0,29,0,0,29,1,30,0,4,54,1,59,52,0,52,111
04/20/2008,HUF,IN,AGL,CE,Combined TRACON& Tower with Radar,0,0,37,3,40,0,0,18,0,18,0,0,55,3,58,12,0,12,70
04/21/2008,HUF,IN,AGL,CE,Combined TRACON& Tower with Radar,0,0,53,2,55,0,0,92,6,98,0,0,145,8,153,178,2,180,333
04/22/2008,HUF,IN,AGL,CE,Combined TRACON& Tower with Radar,0,0,53,2,55,0,1,90,0,91,0,1,143,2,146,232,0,232,378
04/23/2008,HUF,IN,AGL,CE,Combined TRACON& Tower with Radar,0,0,51,0,51,0,1,101,1,103,0,1,152,1,154,246,0,246,400
04/24/2008,HUF,IN,AGL,CE,Combined TRACON& Tower with Radar,0,2,28,1,31,0,3,74,1,78,0,5,102,2,109,144,0,144,253
04/25/2008,HUF,IN,AGL,CE,Combined TRACON& Tower with Radar,0,1,21,0,22,0,0,44,0,44,0,1,65,0,66,10,0,10,76
04/26/2008,HUF,IN,AGL,CE,Combined TRACON& Tower with Radar,0,1,35,0,36,0,0,60,2,62,0,1,95,2,98,62,0,62,160
04/27/2008,HUF,IN,AGL,CE,Combined TRACON& Tower with Radar,0,0,14,1,15,0,0,40,4,44,0,0,54,5,59,64,0,64,123
04/28/2008,HUF,IN,AGL,CE,Combined TRACON& Tower with Radar,0,0,34,4,38,0,1,20,2,23,0,1,54,6,61,56,8,64,125
04/29/2008,HUF,IN,AGL,CE,Combined TRACON& Tower with Radar,2,2,47,0,51,0,1,115,0,116,2,3,162,0,167,306,0,306,473
04/30/2008,HUF,IN,AGL,CE,Combined TRACON& Tower with Radar,0,0,42,0,42,0,2,98,0,100,0,2,140,0,142,244,0,244,386
05/01/2008,HUF,IN,AGL,CE,Combined TRACON& Tower with Radar,1,0,14,0,15,1,1,23,0,25,2,1,37,0,40,50,0,50,90
05/02/2008,HUF,IN,AGL,CE,Combined TRACON& Tower with Radar,0,0,5,0,5,0,0,5,1,6,0,0,10,1,11,0,0,0,11
05/03/2008,HUF,IN,AGL,CE,Combined TRACON& Tower with Radar,0,0,9,0,9,0,0,24,0,24,0,0,33,0,33,36,0,36,69
05/04/2008,HUF,IN,AGL,CE,Combined TRACON& Tower with Radar,0,0,26,0,26,0,0,64,0,64,0,0,90,0,90,56,0,56,146
05/05/2008,HUF,IN,AGL,CE,Combined TRACON& Tower with Radar,0,4,26,0,30,0,0,57,0,57,0,4,83,0,87,88,0,88,175
05/06/2008,HUF,IN,AGL,CE,Combined TRACON& Tower with Radar,0,0,34,2,36,0,1,51,1,53,0,1,85,3,89,88,0,88,177
05/07/2008,HUF,IN,AGL,CE,Combined TRACON& Tower with Radar,0,3,14,0,17,0,0,18,0,18,0,3,32,0,35,52,0,52,87
05/08/2008,HUF,IN,AGL,CE,Combined TRACON& Tower with Radar,0,0,12,0,12,0,0,0,0,0,0,0,12,0,12,0,0,0,12
05/09/2008,HUF,IN,AGL,CE,Combined TRACON& Tower with Radar,0,2,49,0,51,0,0,10,0,10,0,2,59,0,61,26,0,26,87
05/10/2008,HUF,IN,AGL,CE,Combined TRACON& Tower with Radar,0,0,20,0,20,0,1,73,1,75,0,1,93,1,95,140,0,140,235
05/11/2008,HUF,IN,AGL,CE,Combined TRACON& Tower with Radar,0,0,4,0,4,0,0,0,0,0,0,0,4,0,4,0,0,0,4
05/12/2008,HUF,IN,AGL,CE,Combined TRACON& Tower with Radar,0,0,34,0,34,0,0,59,3,62,0,0,93,3,96,178,0,178,274
05/13/2008,HUF,IN,AGL,CE,Combined TRACON& Tower with Radar,0,0,19,1,20,0,0,68,0,68,0,0,87,1,88,116,4,120,208
05/14/2008,HUF,IN,AGL,CE,Combined TRACON& Tower with Radar,2,2,38,1,43,0,1,26,0,27,2,3,64,1,70,20,0,20,90
05/15/2008,HUF,IN,AGL,CE,Combined TRACON& Tower with Radar,0,0,42,0,42,0,2,13,1,16,0,2,55,1,58,98,0,98,156
05/16/2008,HUF,IN,AGL,CE,Combined TRACON& Tower with Radar,0,0,25,1,26,0,0,55,0,55,0,0,80,1,81,114,0,114,195
05/17/2008,HUF,IN,AGL,CE,Combined TRACON& Tower with Radar,0,0,8,2,10,0,0,34,0,34,0,0,42,2,44,30,0,30,74
05/18/2008,HUF,IN,AGL,CE,Combined TRACON& Tower with Radar,0,0,10,0,10,0,0,37,2,39,0,0,47,2,49,8,0,8,57
05/19/2008,HUF,IN,AGL,CE,Combined TRACON& Tower with Radar,0,2,20,0,22,0,0,21,0,21,0,2,41,0,43,62,0,62,105
05/20/2008,HUF,IN,AGL,CE,Combined TRACON& Tower with Radar,0,0,15,0,15,0,1,43,0,44,0,1,58,0,59,92,0,92,151
05/21/2008,HUF,IN,AGL,CE,Combined TRACON& Tower with Radar,2,0,25,1,28,0,0,57,2,59,2,0,82,3,87,96,0,96,183
05/22/2008,HUF,IN,AGL,CE,Combined TRACON& Tower with Radar,0,0,27,0,27,0,2,54,0,56,0,2,81,0,83,108,0,108,191
05/23/2008,HUF,IN,AGL,CE,Combined TRACON& Tower with Radar,0,0,16,0,16,0,0,29,0,29,0,0,45,0,45,42,0,42,87
05/24/2008,HUF,IN,AGL,CE,Combined TRACON& Tower with Radar,0,0,23,0,23,0,1,46,0,47,0,1,69,0,70,54,0,54,124
05/25/2008,HUF,IN,AGL,CE,Combined TRACON& Tower with Radar,0,0,7,0,7,0,0,18,0,18,0,0,25,0,25,36,0,36,61
05/26/2008,HUF,IN,AGL,CE,Combined TRACON& Tower with Radar,0,0,9,0,9,0,1,8,0,9,0,1,17,0,18,8,0,8,26
05/27/2008,HUF,IN,AGL,CE,Combined TRACON& Tower with Radar,0,0,12,0,12,0,2,3,0,5,0,2,15,0,17,0,0,0,17
05/28/2008,HUF,IN,AGL,CE,Combined TRACON& Tower with Radar,0,0,32,1,33,0,0,82,1,83,0,0,114,2,116,118,0,118,234
05/29/2008,HUF,IN,AGL,CE,Combined TRACON& Tower with Radar,0,1,26,0,27,0,1,67,2,70,0,2,93,2,97,68,0,68,165
05/30/2008,HUF,IN,AGL,CE,Combined TRACON& Tower with Radar,0,0,8,2,10,0,2,27,2,31,0,2,35,4,41,34,4,38,79
05/31/2008,HUF,IN,AGL,CE,Combined TRACON& Tower with Radar,0,0,5,6,11,0,2,12,2,16,0,2,17,8,27,40,8,48,75
06/01/2008,HUF,IN,AGL,CE,Combined TRACON& Tower with Radar,0,2,43,3,48,0,0,0,0,0,0,2,43,3,48,34,0,34,82
06/02/2008,HUF,IN,AGL,CE,Combined TRACON& Tower with Radar,0,0,67,2,69,0,0,0,0,0,0,0,67,2,69,132,0,132,201
06/03/2008,HUF,IN,AGL,CE,Combined TRACON& Tower with Radar,0,3,3,2,8,0,0,5,0,5,0,3,8,2,13,16,0,16,29
06/04/2008,HUF,IN,AGL,CE,Combined TRACON& Tower with Radar,0,2,45,3,50,0,0,0,0,0,0,2,45,3,50,96,0,96,146
06/05/2008,HUF,IN,AGL,CE,Combined TRACON& Tower with Radar,0,0,57,4,61,0,0,0,0,0,0,0,57,4,61,32,0,32,93
06/06/2008,HUF,IN,AGL,CE,Combined TRACON& Tower with Radar,2,2,12,4,20,0,0,0,0,0,2,2,12,4,20,6,0,6,26
06/07/2008,HUF,IN,AGL,CE,Combined TRACON& Tower with Radar,0,0,37,10,47,0,0,0,0,0,0,0,37,10,47,20,0,20,67
06/08/2008,HUF,IN,AGL,CE,Combined TRACON& Tower with Radar,0,2,52,7,61,0,0,0,0,0,0,2,52,7,61,10,0,10,71
06/09/2008,HUF,IN,AGL,CE,Combined TRACON& Tower with Radar,0,2,59,0,61,0,0,0,0,0,0,2,59,0,61,38,0,38,99
06/10/2008,HUF,IN,AGL,CE,Combined TRACON& Tower with Radar,0,0,16,2,18,0,0,69,2,71,0,0,85,4,89,76,6,82,171
06/11/2008,HUF,IN,AGL,CE,Combined TRACON& Tower with Radar,2,2,99,5,108,0,0,0,0,0,2,2,99,5,108,198,0,198,306
06/12/2008,HUF,IN,AGL,CE,Combined TRACON& Tower with Radar,0,3,83,5,91,0,0,0,0,0,0,3,83,5,91,75,0,75,166
06/13/2008,HUF,IN,AGL,CE,Combined TRACON& Tower with Radar,0,0,31,5,36,0,0,0,0,0,0,0,31,5,36,18,0,18,54
06/14/2008,HUF,IN,AGL,CE,Combined TRACON& Tower with Radar,0,16,71,7,94,0,0,0,0,0,0,16,71,7,94,28,0,28,122
06/15/2008,HUF,IN,AGL,CE,Combined TRACON& Tower with Radar,0,3,98,0,101,0,0,0,0,0,0,3,98,0,101,12,0,12,113
06/16/2008,HUF,IN,AGL,CE,Combined TRACON& Tower with Radar,0,4,66,2,72,0,0,0,0,0,0,4,66,2,72,50,0,50,122
06/17/2008,HUF,IN,AGL,CE,Combined TRACON& Tower with Radar,0,4,104,0,108,0,0,0,0,0,0,4,104,0,108,142,0,142,250
06/18/2008,HUF,IN,AGL,CE,Combined TRACON& Tower with Radar,2,1,95,4,102,0,0,0,0,0,2,1,95,4,102,116,2,118,220
06/19/2008,HUF,IN,AGL,CE,Combined TRACON& Tower with Radar,0,0,85,1,86,0,0,0,0,0,0,0,85,1,86,92,0,92,178
06/20/2008,HUF,IN,AGL,CE,Combined TRACON& Tower with Radar,0,1,81,2,84,0,0,0,0,0,0,1,81,2,84,74,0,74,158
06/21/2008,HUF,IN,AGL,CE,Combined TRACON& Tower with Radar,0,1,7,2,10,0,0,19,2,21,0,1,26,4,31,16,0,16,47
06/22/2008,HUF,IN,AGL,CE,Combined TRACON& Tower with Radar,0,1,68,0,69,0,0,0,0,0,0,1,68,0,69,2,0,2,71
06/23/2008,HUF,IN,AGL,CE,Combined TRACON& Tower with Radar,0,0,92,2,94,0,0,0,0,0,0,0,92,2,94,57,0,57,151
06/24/2008,HUF,IN,AGL,CE,Combined TRACON& Tower with Radar,0,2,23,0,25,0,0,62,0,62,0,2,85,0,87,84,0,84,171
06/25/2008,HUF,IN,AGL,CE,Combined TRACON& Tower with Radar,0,2,63,2,67,0,0,0,0,0,0,2,63,2,67,54,0,54,121
06/26/2008,HUF,IN,AGL,CE,Combined TRACON& Tower with Radar,0,0,40,2,42,0,0,0,0,0,0,0,40,2,42,78,0,78,120
06/27/2008,HUF,IN,AGL,CE,Combined TRACON& Tower with Radar,0,2,52,2,56,0,0,0,0,0,0,2,52,2,56,42,0,42,98
06/28/2008,HUF,IN,AGL,CE,Combined TRACON& Tower with Radar,0,0,11,0,11,0,1,0,0,1,0,1,11,0,12,0,0,0,12
06/29/2008,HUF,IN,AGL,CE,Combined TRACON& Tower with Radar,0,0,17,0,17,0,0,0,0,0,0,0,17,0,17,4,0,4,21
06/30/2008,HUF,IN,AGL,CE,Combined TRACON& Tower with Radar,0,0,44,2,46,0,0,0,0,0,0,0,44,2,46,26,0,26,72
07/01/2008,HUF,IN,AGL,CE,Combined TRACON& Tower with Radar,0,0,25,3,28,0,0,57,6,63,0,0,82,9,91,136,0,136,227
07/02/2008,HUF,IN,AGL,CE,Combined TRACON& Tower with Radar,2,0,25,0,27,0,0,35,3,38,2,0,60,3,65,16,0,16,81
07/03/2008,HUF,IN,AGL,CE,Combined TRACON& Tower with Radar,0,0,37,3,40,0,0,5,1,6,0,0,42,4,46,0,0,0,46
07/04/2008,HUF,IN,AGL,CE,Combined TRACON& Tower with Radar,0,1,12,0,13,0,1,3,0,4,0,2,15,0,17,0,0,0,17
07/05/2008,HUF,IN,AGL,CE,Combined TRACON& Tower with Radar,0,0,7,3,10,0,1,16,5,22,0,1,23,8,32,20,8,28,60
07/06/2008,HUF,IN,AGL,CE,Combined TRACON& Tower with Radar,0,0,8,0,8,0,1,42,4,47,0,1,50,4,55,26,0,26,81
07/07/2008,HUF,IN,AGL,CE,Combined TRACON& Tower with Radar,0,0,6,4,10,0,0,5,0,5,0,0,11,4,15,50,0,50,65
07/08/2008,HUF,IN,AGL,CE,Combined TRACON& Tower with Radar,0,2,23,2,27,0,0,35,2,37,0,2,58,4,64,52,0,52,116
07/09/2008,HUF,IN,AGL,CE,Combined TRACON& Tower with Radar,0,0,23,4,27,0,0,26,0,26,0,0,49,4,53,60,0,60,113
07/10/2008,HUF,IN,AGL,CE,Combined TRACON& Tower with Radar,0,0,12,3,15,0,3,52,4,59,0,3,64,7,74,114,0,114,188
07/11/2008,HUF,IN,AGL,CE,Combined TRACON& Tower with Radar,0,2,18,14,34,0,2,33,5,40,0,4,51,19,74,38,2,40,114
07/12/2008,HUF,IN,AGL,CE,Combined TRACON& Tower with Radar,2,0,9,4,15,1,1,13,0,15,3,1,22,4,30,2,0,2,32
07/13/2008,HUF,IN,AGL,CE,Combined TRACON& Tower with Radar,0,0,11,2,13,0,4,37,5,46,0,4,48,7,59,79,0,79,138
07/14/2008,HUF,IN,AGL,CE,Combined TRACON& Tower with Radar,0,0,8,2,10,0,1,41,0,42,0,1,49,2,52,80,0,80,132
07/15/2008,HUF,IN,AGL,CE,Combined TRACON& Tower with Radar,0,0,20,4,24,0,0,46,1,47,0,0,66,5,71,24,6,30,101
07/16/2008,HUF,IN,AGL,CE,Combined TRACON& Tower with Radar,2,1,25,2,30,0,2,44,6,52,2,3,69,8,82,22,0,22,104
07/17/2008,HUF,IN,AGL,CE,Combined TRACON& Tower with Radar,0,0,16,2,18,0,8,35,0,43,0,8,51,2,61,96,13,109,170
07/18/2008,HUF,IN,AGL,CE,Combined TRACON& Tower with Radar,0,0,13,0,13,0,0,20,0,20,0,0,33,0,33,17,0,17,50
07/19/2008,HUF,IN,AGL,CE,Combined TRACON& Tower with Radar,0,0,10,0,10,0,0,22,1,23,0,0,32,1,33,34,0,34,67
07/20/2008,HUF,IN,AGL,CE,Combined TRACON& Tower with Radar,0,0,8,0,8,0,2,11,4,17,0,2,19,4,25,24,0,24,49
07/21/2008,HUF,IN,AGL,CE,Combined TRACON& Tower with Radar,0,2,10,2,14,0,0,9,0,9,0,2,19,2,23,16,0,16,39
07/22/2008,HUF,IN,AGL,CE,Combined TRACON& Tower with Radar,0,2,16,0,18,0,0,25,0,25,0,2,41,0,43,74,0,74,117
07/23/2008,HUF,IN,AGL,CE,Combined TRACON& Tower with Radar,2,0,14,2,18,0,0,45,2,47,2,0,59,4,65,76,0,76,141
07/24/2008,HUF,IN,AGL,CE,Combined TRACON& Tower with Radar,0,12,12,19,43,0,3,67,1,71,0,15,79,20,114,76,0,76,190
07/25/2008,HUF,IN,AGL,CE,Combined TRACON& Tower with Radar,0,2,13,3,18,0,0,11,1,12,0,2,24,4,30,16,0,16,46
07/26/2008,HUF,IN,AGL,CE,Combined TRACON& Tower with Radar,6,0,10,17,33,0,0,27,2,29,6,0,37,19,62,12,12,24,86
07/27/2008,HUF,IN,AGL,CE,Combined TRACON& Tower with Radar,0,0,9,0,9,0,0,21,4,25,0,0,30,4,34,2,0,2,36
07/28/2008,HUF,IN,AGL,CE,Combined TRACON& Tower with Radar,0,0,15,13,28,0,0,20,1,21,0,0,35,14,49,30,24,54,103
07/29/2008,HUF,IN,AGL,CE,Combined TRACON& Tower with Radar,0,4,31,0,35,0,1,45,5,51,0,5,76,5,86,42,0,42,128
07/30/2008,HUF,IN,AGL,CE,Combined TRACON& Tower with Radar,2,0,15,0,17,0,0,3,0,3,2,0,18,0,20,0,0,0,20
07/31/2008,HUF,IN,AGL,CE,Combined TRACON& Tower with Radar,0,0,31,0,31,0,0,29,0,29,0,0,60,0,60,34,0,34,94
08/01/2008,HUF,IN,AGL,CE,Combined TRACON& Tower with Radar,0,0,8,14,22,0,0,5,2,7,0,0,13,16,29,28,0,28,57
08/02/2008,HUF,IN,AGL,CE,Combined TRACON& Tower with Radar,0,0,10,0,10,0,0,36,2,38,0,0,46,2,48,46,4,50,98
08/03/2008,HUF,IN,AGL,CE,Combined TRACON& Tower with Radar,0,0,8,11,19,0,1,32,5,38,0,1,40,16,57,108,0,108,165
08/04/2008,HUF,IN,AGL,CE,Combined TRACON& Tower with Radar,0,4,14,2,20,0,1,43,0,44,0,5,57,2,64,76,0,76,140
08/05/2008,HUF,IN,AGL,CE,Combined TRACON& Tower with Radar,0,3,11,2,16,0,1,4,0,5,0,4,15,2,21,0,0,0,21
08/06/2008,HUF,IN,AGL,CE,Combined TRACON& Tower with Radar,0,0,21,1,22,0,0,5,1,6,0,0,26,2,28,42,0,42,70
08/07/2008,HUF,IN,AGL,CE,Combined TRACON& Tower with Radar,0,0,9,3,12,0,1,51,1,53,0,1,60,4,65,82,35,117,182
08/08/2008,HUF,IN,AGL,CE,Combined TRACON& Tower with Radar,0,0,7,5,12,0,0,21,3,24,0,0,28,8,36,48,0,48,84
08/09/2008,HUF,IN,AGL,CE,Combined TRACON& Tower with Radar,0,0,8,10,18,0,8,30,0,38,0,8,38,10,56,42,0,42,98
08/10/2008,HUF,IN,AGL,CE,Combined TRACON& Tower with Radar,0,0,5,7,12,0,1,32,1,34,0,1,37,8,46,24,0,24,70
08/11/2008,HUF,IN,AGL,CE,Combined TRACON& Tower with Radar,0,0,13,0,13,0,0,48,0,48,0,0,61,0,61,84,0,84,145
08/12/2008,HUF,IN,AGL,CE,Combined TRACON& Tower with Radar,0,2,20,2,24,0,3,52,1,56,0,5,72,3,80,89,2,91,171
08/13/2008,HUF,IN,AGL,CE,Combined TRACON& Tower with Radar,2,2,12,2,18,0,0,33,5,38,2,2,45,7,56,46,0,46,102
08/14/2008,HUF,IN,AGL,CE,Combined TRACON& Tower with Radar,0,3,21,3,27,0,6,23,0,29,0,9,44,3,56,34,0,34,90
08/15/2008,HUF,IN,AGL,CE,Combined TRACON& Tower with Radar,0,0,13,8,21,0,1,21,0,22,0,1,34,8,43,19,0,19,62
08/16/2008,HUF,IN,AGL,CE,Combined TRACON& Tower with Radar,0,0,5,5,10,0,3,51,12,66,0,3,56,17,76,20,0,20,96
08/17/2008,HUF,IN,AGL,CE,Combined TRACON& Tower with Radar,0,2,8,2,12,0,0,30,0,30,0,2,38,2,42,34,0,34,76
08/18/2008,HUF,IN,AGL,CE,Combined TRACON& Tower with Radar,0,4,10,0,14,0,0,49,0,49,0,4,59,0,63,120,6,126,189
08/19/2008,HUF,IN,AGL,CE,Combined TRACON& Tower with Radar,0,0,16,3,19,0,0,43,0,43,0,0,59,3,62,114,0,114,176
08/20/2008,HUF,IN,AGL,CE,Combined TRACON& Tower with Radar,2,0,23,1,26,0,1,49,4,54,2,1,72,5,80,118,0,118,198
08/21/2008,HUF,IN,AGL,CE,Combined TRACON& Tower with Radar,0,7,24,0,31,0,0,20,5,25,0,7,44,5,56,178,0,178,234
08/22/2008,HUF,IN,AGL,CE,Combined TRACON& Tower with Radar,0,0,14,0,14,0,0,10,0,10,0,0,24,0,24,92,0,92,116
08/23/2008,HUF,IN,AGL,CE,Combined TRACON& Tower with Radar,0,0,2,0,2,0,3,18,0,21,0,3,20,0,23,102,0,102,125
08/24/2008,HUF,IN,AGL,CE,Combined TRACON& Tower with Radar,2,0,3,3,8,0,3,24,3,30,2,3,27,6,38,74,16,90,128
08/25/2008,HUF,IN,AGL,CE,Combined TRACON& Tower with Radar,0,2,27,11,40,0,3,71,7,81,0,5,98,18,121,100,14,114,235
08/26/2008,HUF,IN,AGL,CE,Combined TRACON& Tower with Radar,0,2,20,0,22,0,0,65,5,70,0,2,85,5,92,130,0,130,222
08/27/2008,HUF,IN,AGL,CE,Combined TRACON& Tower with Radar,0,0,12,17,29,0,0,77,1,78,0,0,89,18,107,68,20,88,195
08/28/2008,HUF,IN,AGL,CE,Combined TRACON& Tower with Radar,0,0,10,2,12,0,0,41,0,41,0,0,51,2,53,34,0,34,87
08/29/2008,HUF,IN,AGL,CE,Combined TRACON& Tower with Radar,0,0,22,0,22,0,0,18,1,19,0,0,40,1,41,36,0,36,77
08/30/2008,HUF,IN,AGL,CE,Combined TRACON& Tower with Radar,0,0,7,2,9,0,0,70,0,70,0,0,77,2,79,176,0,176,255
08/31/2008,HUF,IN,AGL,CE,Combined TRACON& Tower with Radar,0,0,12,0,12,0,2,38,0,40,0,2,50,0,52,178,0,178,230
09/01/2008,HUF,IN,AGL,CE,Combined TRACON& Tower with Radar,0,0,22,0,22,0,2,59,4,65,0,2,81,4,87,132,0,132,219
09/02/2008,HUF,IN,AGL,CE,Combined TRACON& Tower with Radar,0,0,30,13,43,0,1,66,3,70,0,1,96,16,113,217,18,235,348
09/03/2008,HUF,IN,AGL,CE,Combined TRACON& Tower with Radar,0,0,43,0,43,0,1,37,3,41,0,1,80,3,84,82,0,82,166
09/04/2008,HUF,IN,AGL,CE,Combined TRACON& Tower with Radar,0,3,11,2,16,0,0,13,1,14,0,3,24,3,30,28,0,28,58
09/05/2008,HUF,IN,AGL,CE,Combined TRACON& Tower with Radar,0,0,69,1,70,0,1,0,0,1,0,1,69,1,71,38,0,38,109
09/06/2008,HUF,IN,AGL,CE,Combined TRACON& Tower with Radar,2,4,15,2,23,0,1,54,2,57,2,5,69,4,80,106,0,106,186
09/07/2008,HUF,IN,AGL,CE,Combined TRACON& Tower with Radar,0,0,21,2,23,0,0,51,2,53,0,0,72,4,76,134,0,134,210
09/08/2008,HUF,IN,AGL,CE,Combined TRACON& Tower with Radar,0,0,29,0,29,0,2,87,0,89,0,2,116,0,118,224,0,224,342
09/09/2008,HUF,IN,AGL,CE,Combined TRACON& Tower with Radar,0,0,15,0,15,0,0,40,3,43,0,0,55,3,58,102,0,102,160
09/10/2008,HUF,IN,AGL,CE,Combined TRACON& Tower with Radar,0,2,32,1,35,0,3,76,6,85,0,5,108,7,120,158,0,158,278
09/11/2008,HUF,IN,AGL,CE,Combined TRACON& Tower with Radar,0,2,28,0,30,0,1,44,2,47,0,3,72,2,77,116,10,126,203
09/12/2008,HUF,IN,AGL,CE,Combined TRACON& Tower with Radar,0,2,28,0,30,0,0,11,0,11,0,2,39,0,41,0,0,0,41
09/13/2008,HUF,IN,AGL,CE,Combined TRACON& Tower with Radar,0,0,7,0,7,0,0,16,0,16,0,0,23,0,23,6,8,14,37
09/14/2008,HUF,IN,AGL,CE,Combined TRACON& Tower with Radar,0,0,0,0,0,0,0,0,0,0,0,0,0,0,0,0,0,0,0
09/15/2008,HUF,IN,AGL,CE,Combined TRACON& Tower with Radar,0,0,56,0,56,0,0,86,1,87,0,0,142,1,143,140,3,143,286
09/16/2008,HUF,IN,AGL,CE,Combined TRACON& Tower with Radar,0,4,29,1,34,0,1,50,1,52,0,5,79,2,86,108,0,108,194
09/17/2008,HUF,IN,AGL,CE,Combined TRACON& Tower with Radar,0,2,30,0,32,0,0,85,3,88,0,2,115,3,120,217,0,217,337
09/18/2008,HUF,IN,AGL,CE,Combined TRACON& Tower with Radar,0,4,27,0,31,0,0,78,1,79,0,4,105,1,110,164,0,164,274
09/19/2008,HUF,IN,AGL,CE,Combined TRACON& Tower with Radar,2,4,28,1,35,0,3,79,0,82,2,7,107,1,117,212,0,212,329
09/20/2008,HUF,IN,AGL,CE,Combined TRACON& Tower with Radar,0,0,16,3,19,0,0,69,0,69,0,0,85,3,88,116,0,116,204
09/21/2008,HUF,IN,AGL,CE,Combined TRACON& Tower with Radar,0,6,5,4,15,0,0,28,0,28,0,6,33,4,43,60,0,60,103
09/22/2008,HUF,IN,AGL,CE,Combined TRACON& Tower with Radar,0,8,42,0,50,0,1,75,0,76,0,9,117,0,126,203,0,203,329
09/23/2008,HUF,IN,AGL,CE,Combined TRACON& Tower with Radar,0,0,31,2,33,0,7,60,0,67,0,7,91,2,100,148,0,148,248
09/24/2008,HUF,IN,AGL,CE,Combined TRACON& Tower with Radar,2,0,52,0,54,0,0,92,1,93,2,0,144,1,147,172,0,172,319
09/25/2008,HUF,IN,AGL,CE,Combined TRACON& Tower with Radar,0,2,37,0,39,0,1,82,1,84,0,3,119,1,123,163,0,163,286
09/26/2008,HUF,IN,AGL,CE,Combined TRACON& Tower with Radar,0,0,24,0,24,0,1,63,1,65,0,1,87,1,89,82,0,82,171
09/27/2008,HUF,IN,AGL,CE,Combined TRACON& Tower with Radar,0,0,18,0,18,0,0,44,0,44,0,0,62,0,62,62,0,62,124
09/28/2008,HUF,IN,AGL,CE,Combined TRACON& Tower with Radar,0,1,12,7,20,0,0,49,3,52,0,1,61,10,72,108,0,108,180
09/29/2008,HUF,IN,AGL,CE,Combined TRACON& Tower with Radar,0,0,32,0,32,0,2,54,0,56,0,2,86,0,88,110,0,110,198
09/30/2008,HUF,IN,AGL,CE,Combined TRACON& Tower with Radar,0,0,30,0,30,0,2,35,0,37,0,2,65,0,67,53,0,53,120
10/01/2008,HUF,IN,AGL,CE,Combined TRACON& Tower with Radar,4,0,48,0,52,1,0,89,0,90,5,0,137,0,142,72,0,72,214
10/02/2008,HUF,IN,AGL,CE,Combined TRACON& Tower with Radar,0,0,33,0,33,0,2,79,0,81,0,2,112,0,114,48,0,48,162
10/03/2008,HUF,IN,AGL,CE,Combined TRACON& Tower with Radar,0,1,13,0,14,0,3,56,5,64,0,4,69,5,78,28,0,28,106
10/04/2008,HUF,IN,AGL,CE,Combined TRACON& Tower with Radar,0,4,6,0,10,0,5,67,2,74,0,9,73,2,84,28,0,28,112
10/05/2008,HUF,IN,AGL,CE,Combined TRACON& Tower with Radar,0,1,10,2,13,0,0,34,1,35,0,1,44,3,48,53,0,53,101
10/06/2008,HUF,IN,AGL,CE,Combined TRACON& Tower with Radar,0,1,41,0,42,0,1,74,1,76,0,2,115,1,118,167,0,167,285
10/07/2008,HUF,IN,AGL,CE,Combined TRACON& Tower with Radar,0,0,37,0,37,0,2,19,0,21,0,2,56,0,58,22,0,22,80
10/08/2008,HUF,IN,AGL,CE,Combined TRACON& Tower with Radar,0,0,39,0,39,0,0,47,0,47,0,0,86,0,86,88,0,88,174
10/09/2008,HUF,IN,AGL,CE,Combined TRACON& Tower with Radar,2,2,32,3,39,0,1,82,1,84,2,3,114,4,123,100,0,100,223
10/10/2008,HUF,IN,AGL,CE,Combined TRACON& Tower with Radar,0,0,26,0,26,0,3,70,0,73,0,3,96,0,99,109,0,109,208
10/11/2008,HUF,IN,AGL,CE,Combined TRACON& Tower with Radar,0,0,9,0,9,0,2,73,0,75,0,2,82,0,84,4,0,4,88
10/12/2008,HUF,IN,AGL,CE,Combined TRACON& Tower with Radar,0,0,10,0,10,0,1,34,0,35,0,1,44,0,45,16,0,16,61
10/13/2008,HUF,IN,AGL,CE,Combined TRACON& Tower with Radar,0,0,41,0,41,0,0,72,2,74,0,0,113,2,115,172,0,172,287
10/14/2008,HUF,IN,AGL,CE,Combined TRACON& Tower with Radar,0,0,38,4,42,0,1,43,0,44,0,1,81,4,86,106,0,106,192
10/15/2008,HUF,IN,AGL,CE,Combined TRACON& Tower with Radar,0,0,46,0,46,0,0,34,0,34,0,0,80,0,80,66,0,66,146
10/16/2008,HUF,IN,AGL,CE,Combined TRACON& Tower with Radar,0,2,47,2,51,0,2,78,1,81,0,4,125,3,132,106,0,106,238
10/17/2008,HUF,IN,AGL,CE,Combined TRACON& Tower with Radar,1,0,41,4,46,0,0,68,0,68,1,0,109,4,114,122,0,122,236
10/18/2008,HUF,IN,AGL,CE,Combined TRACON& Tower with Radar,0,0,15,0,15,0,3,67,1,71,0,3,82,1,86,76,0,76,162
10/19/2008,HUF,IN,AGL,CE,Combined TRACON& Tower with Radar,0,0,13,0,13,0,1,35,1,37,0,1,48,1,50,56,0,56,106
10/20/2008,HUF,IN,AGL,CE,Combined TRACON& Tower with Radar,0,0,49,0,49,0,2,82,0,84,0,2,131,0,133,161,0,161,294
10/21/2008,HUF,IN,AGL,CE,Combined TRACON& Tower with Radar,0,0,21,0,21,0,1,50,0,51,0,1,71,0,72,156,0,156,228
10/22/2008,HUF,IN,AGL,CE,Combined TRACON& Tower with Radar,0,0,30,0,30,0,0,56,0,56,0,0,86,0,86,215,0,215,301
10/23/2008,HUF,IN,AGL,CE,Combined TRACON& Tower with Radar,0,0,0,0,0,0,0,66,1,67,0,0,66,1,67,204,10,214,281
10/24/2008,HUF,IN,AGL,CE,Combined TRACON& Tower with Radar,1,0,60,5,66,0,1,16,1,18,1,1,76,6,84,84,0,84,168
10/25/2008,HUF,IN,AGL,CE,Combined TRACON& Tower with Radar,1,0,8,1,10,0,3,7,0,10,1,3,15,1,20,32,0,32,52
10/26/2008,HUF,IN,AGL,CE,Combined TRACON& Tower with Radar,0,0,10,0,10,0,4,23,0,27,0,4,33,0,37,8,0,8,45
10/27/2008,HUF,IN,AGL,CE,Combined TRACON& Tower with Radar,1,2,41,0,44,0,0,52,2,54,1,2,93,2,98,110,0,110,208
10/28/2008,HUF,IN,AGL,CE,Combined TRACON& Tower with Radar,0,0,34,0,34,0,2,57,2,61,0,2,91,2,95,154,0,154,249
10/29/2008,HUF,IN,AGL,CE,Combined TRACON& Tower with Radar,0,0,36,0,36,0,1,68,1,70,0,1,104,1,106,170,0,170,276
10/30/2008,HUF,IN,AGL,CE,Combined TRACON& Tower with Radar,0,2,24,3,29,0,2,61,1,64,0,4,85,4,93,108,0,108,201
10/31/2008,HUF,IN,AGL,CE,Combined TRACON& Tower with Radar,2,0,36,0,38,0,3,60,0,63,2,3,96,0,101,108,0,108,209
11/01/2008,HUF,IN,AGL,CE,Combined TRACON& Tower with Radar,0,0,11,0,11,0,3,73,3,79,0,3,84,3,90,108,0,108,198
11/02/2008,HUF,IN,AGL,CE,Combined TRACON& Tower with Radar,2,0,11,0,13,0,0,53,0,53,2,0,64,0,66,40,0,40,106
11/03/2008,HUF,IN,AGL,CE,Combined TRACON& Tower with Radar,0,0,42,0,42,0,0,87,0,87,0,0,129,0,129,216,0,216,345
11/04/2008,HUF,IN,AGL,CE,Combined TRACON& Tower with Radar,0,0,24,0,24,0,1,62,0,63,0,1,86,0,87,200,0,200,287
11/05/2008,HUF,IN,AGL,CE,Combined TRACON& Tower with Radar,0,2,44,0,46,0,3,83,0,86,0,5,127,0,132,268,0,268,400
11/06/2008,HUF,IN,AGL,CE,Combined TRACON& Tower with Radar,2,0,14,0,16,0,1,26,0,27,2,1,40,0,43,42,0,42,85
11/07/2008,HUF,IN,AGL,CE,Combined TRACON& Tower with Radar,1,6,42,0,49,2,0,69,0,71,3,6,111,0,120,230,0,230,350
11/08/2008,HUF,IN,AGL,CE,Combined TRACON& Tower with Radar,0,0,7,0,7,0,1,10,0,11,0,1,17,0,18,58,0,58,76
11/09/2008,HUF,IN,AGL,CE,Combined TRACON& Tower with Radar,0,0,2,2,4,0,0,4,1,5,0,0,6,3,9,28,0,28,37
11/10/2008,HUF,IN,AGL,CE,Combined TRACON& Tower with Radar,0,0,29,4,33,0,1,80,0,81,0,1,109,4,114,196,0,196,310
11/11/2008,HUF,IN,AGL,CE,Combined TRACON& Tower with Radar,0,0,6,0,6,0,0,14,0,14,0,0,20,0,20,17,0,17,37
11/12/2008,HUF,IN,AGL,CE,Combined TRACON& Tower with Radar,0,0,46,0,46,0,0,22,0,22,0,0,68,0,68,65,0,65,133
11/13/2008,HUF,IN,AGL,CE,Combined TRACON& Tower with Radar,0,2,44,2,48,0,0,29,0,29,0,2,73,2,77,123,0,123,200
11/14/2008,HUF,IN,AGL,CE,Combined TRACON& Tower with Radar,1,0,49,0,50,0,0,3,0,3,1,0,52,0,53,0,0,0,53
11/15/2008,HUF,IN,AGL,CE,Combined TRACON& Tower with Radar,1,0,1,0,2,0,0,3,0,3,1,0,4,0,5,0,0,0,5
11/16/2008,HUF,IN,AGL,CE,Combined TRACON& Tower with Radar,0,0,7,0,7,0,0,17,0,17,0,0,24,0,24,38,0,38,62
11/17/2008,HUF,IN,AGL,CE,Combined TRACON& Tower with Radar,0,0,20,2,22,0,0,64,7,71,0,0,84,9,93,160,26,186,279
11/18/2008,HUF,IN,AGL,CE,Combined TRACON& Tower with Radar,0,1,22,0,23,0,2,89,1,92,0,3,111,1,115,198,6,204,319
11/19/2008,HUF,IN,AGL,CE,Combined TRACON& Tower with Radar,2,2,31,5,40,0,1,60,4,65,2,3,91,9,105,102,12,114,219
11/20/2008,HUF,IN,AGL,CE,Combined TRACON& Tower with Radar,0,0,24,2,26,0,0,64,1,65,0,0,88,3,91,190,0,190,281
11/21/2008,HUF,IN,AGL,CE,Combined TRACON& Tower with Radar,2,0,15,4,21,0,4,52,0,56,2,4,67,4,77,184,2,186,263
11/22/2008,HUF,IN,AGL,CE,Combined TRACON& Tower with Radar,0,0,5,0,5,0,1,58,0,59,0,1,63,0,64,82,0,82,146
11/23/2008,HUF,IN,AGL,CE,Combined TRACON& Tower with Radar,0,1,9,0,10,0,1,29,0,30,0,2,38,0,40,80,0,80,120
11/24/2008,HUF,IN,AGL,CE,Combined TRACON& Tower with Radar,0,3,10,0,13,0,0,9,0,9,0,3,19,0,22,12,0,12,34
11/25/2008,HUF,IN,AGL,CE,Combined TRACON& Tower with Radar,0,0,23,2,25,0,3,57,3,63,0,3,80,5,88,92,10,102,190
11/26/2008,HUF,IN,AGL,CE,Combined TRACON& Tower with Radar,0,0,4,2,6,0,0,31,0,31,0,0,35,2,37,44,4,48,85
11/27/2008,HUF,IN,AGL,CE,Combined TRACON& Tower with Radar,0,0,4,0,4,0,4,8,0,12,0,4,12,0,16,4,0,4,20
11/28/2008,HUF,IN,AGL,CE,Combined TRACON& Tower with Radar,0,0,0,0,0,0,1,17,0,18,0,1,17,0,18,3,0,3,21
11/29/2008,HUF,IN,AGL,CE,Combined TRACON& Tower with Radar,0,0,14,0,14,0,3,39,0,42,0,3,53,0,56,48,0,48,104
11/30/2008,HUF,IN,AGL,CE,Combined TRACON& Tower with Radar,0,0,4,0,4,0,0,0,0,0,0,0,4,0,4,0,0,0,4
12/01/2008,HUF,IN,AGL,CE,Combined TRACON& Tower with Radar,0,0,0,0,0,0,1,0,0,1,0,1,0,0,1,0,0,0,1
12/02/2008,HUF,IN,AGL,CE,Combined TRACON& Tower with Radar,0,0,18,0,18,0,3,60,0,63,0,3,78,0,81,132,0,132,213
12/03/2008,HUF,IN,AGL,CE,Combined TRACON& Tower with Radar,0,0,21,0,21,0,0,28,0,28,0,0,49,0,49,74,0,74,123
12/04/2008,HUF,IN,AGL,CE,Combined TRACON& Tower with Radar,0,0,17,0,17,0,0,54,0,54,0,0,71,0,71,148,0,148,219
12/05/2008,HUF,IN,AGL,CE,Combined TRACON& Tower with Radar,2,0,32,0,34,0,1,70,0,71,2,1,102,0,105,134,0,134,239
12/06/2008,HUF,IN,AGL,CE,Combined TRACON& Tower with Radar,0,0,3,0,3,0,0,2,0,2,0,0,5,0,5,0,0,0,5
12/07/2008,HUF,IN,AGL,CE,Combined TRACON& Tower with Radar,0,0,12,0,12,0,0,59,2,61,0,0,71,2,73,76,0,76,149
12/08/2008,HUF,IN,AGL,CE,Combined TRACON& Tower with Radar,0,0,19,2,21,0,1,63,0,64,0,1,82,2,85,110,0,110,195
12/09/2008,HUF,IN,AGL,CE,Combined TRACON& Tower with Radar,0,0,6,2,8,0,1,2,0,3,0,1,8,2,11,0,0,0,11
12/10/2008,HUF,IN,AGL,CE,Combined TRACON& Tower with Radar,0,0,24,2,26,0,2,33,0,35,0,2,57,2,61,106,0,106,167
12/11/2008,HUF,IN,AGL,CE,Combined TRACON& Tower with Radar,0,1,36,2,39,0,2,57,0,59,0,3,93,2,98,102,20,122,220
12/12/2008,HUF,IN,AGL,CE,Combined TRACON& Tower with Radar,0,2,8,17,27,0,0,28,2,30,0,2,36,19,57,33,6,39,96
12/13/2008,HUF,IN,AGL,CE,Combined TRACON& Tower with Radar,0,0,7,0,7,0,0,24,0,24,0,0,31,0,31,12,0,12,43
12/14/2008,HUF,IN,AGL,CE,Combined TRACON& Tower with Radar,0,0,0,0,0,0,1,2,0,3,0,1,2,0,3,0,0,0,3
12/15/2008,HUF,IN,AGL,CE,Combined TRACON& Tower with Radar,2,0,7,0,9,0,0,6,0,6,2,0,13,0,15,0,0,0,15
12/16/2008,HUF,IN,AGL,CE,Combined TRACON& Tower with Radar,0,0,4,2,6,0,0,1,0,1,0,0,5,2,7,0,0,0,7
12/17/2008,HUF,IN,AGL,CE,Combined TRACON& Tower with Radar,0,0,11,0,11,0,0,2,0,2,0,0,13,0,13,0,0,0,13
12/18/2008,HUF,IN,AGL,CE,Combined TRACON& Tower with Radar,0,2,19,6,27,0,0,1,0,1,0,2,20,6,28,0,0,0,28
12/19/2008,HUF,IN,AGL,CE,Combined TRACON& Tower with Radar,0,0,7,0,7,0,0,2,0,2,0,0,9,0,9,0,0,0,9
12/20/2008,HUF,IN,AGL,CE,Combined TRACON& Tower with Radar,0,2,6,0,8,0,0,3,0,3,0,2,9,0,11,0,0,0,11
12/21/2008,HUF,IN,AGL,CE,Combined TRACON& Tower with Radar,0,0,2,0,2,0,0,4,0,4,0,0,6,0,6,0,0,0,6
12/22/2008,HUF,IN,AGL,CE,Combined TRACON& Tower with Radar,0,0,17,0,17,0,5,21,1,27,0,5,38,1,44,12,0,12,56
12/23/2008,HUF,IN,AGL,CE,Combined TRACON& Tower with Radar,0,0,2,0,2,0,2,1,0,3,0,2,3,0,5,0,0,0,5
12/24/2008,HUF,IN,AGL,CE,Combined TRACON& Tower with Radar,0,2,0,0,2,0,1,1,0,2,0,3,1,0,4,0,0,0,4
12/25/2008,HUF,IN,AGL,CE,Combined TRACON& Tower with Radar,0,0,1,0,1,0,2,5,0,7,0,2,6,0,8,0,0,0,8
12/26/2008,HUF,IN,AGL,CE,Combined TRACON& Tower with Radar,0,0,0,0,0,0,2,0,0,2,0,2,0,0,2,0,0,0,2
12/27/2008,HUF,IN,AGL,CE,Combined TRACON& Tower with Radar,0,2,2,0,4,0,0,2,0,2,0,2,4,0,6,0,0,0,6
12/28/2008,HUF,IN,AGL,CE,Combined TRACON& Tower with Radar,0,2,5,0,7,0,3,16,0,19,0,5,21,0,26,0,0,0,26
12/29/2008,HUF,IN,AGL,CE,Combined TRACON& Tower with Radar,0,0,10,0,10,0,6,21,1,28,0,6,31,1,38,40,0,40,78
12/30/2008,HUF,IN,AGL,CE,Combined TRACON& Tower with Radar,0,0,12,0,12,0,1,21,1,23,0,1,33,1,35,16,0,16,51
12/31/2008,HUF,IN,AGL,CE,Combined TRACON& Tower with Radar,0,0,3,0,3,0,3,2,0,5,0,3,5,0,8,6,0,6,14
01/01/2009,HUF,IN,AGL,CE,Combined TRACON& Tower with Radar,0,0,4,2,6,0,2,13,0,15,0,2,17,2,21,44,0,44,65
01/02/2009,HUF,IN,AGL,CE,Combined TRACON& Tower with Radar,0,0,4,0,4,0,0,24,0,24,0,0,28,0,28,30,0,30,58
01/03/2009,HUF,IN,AGL,CE,Combined TRACON& Tower with Radar,0,0,8,0,8,0,0,3,0,3,0,0,11,0,11,0,0,0,11
01/04/2009,HUF,IN,AGL,CE,Combined TRACON& Tower with Radar,1,0,2,0,3,0,0,0,0,0,1,0,2,0,3,0,0,0,3
01/05/2009,HUF,IN,AGL,CE,Combined TRACON& Tower with Radar,0,5,3,2,10,0,0,23,3,26,0,5,26,5,36,32,0,32,68
01/06/2009,HUF,IN,AGL,CE,Combined TRACON& Tower with Radar,0,0,3,1,4,0,0,0,0,0,0,0,3,1,4,0,0,0,4
01/07/2009,HUF,IN,AGL,CE,Combined TRACON& Tower with Radar,1,1,7,0,9,0,1,1,0,2,1,2,8,0,11,0,0,0,11
01/08/2009,HUF,IN,AGL,CE,Combined TRACON& Tower with Radar,0,9,7,2,18,0,2,7,3,12,0,11,14,5,30,24,18,42,72
01/09/2009,HUF,IN,AGL,CE,Combined TRACON& Tower with Radar,0,0,15,2,17,0,2,40,0,42,0,2,55,2,59,6,0,6,65
01/10/2009,HUF,IN,AGL,CE,Combined TRACON& Tower with Radar,0,0,2,0,2,0,0,0,0,0,0,0,2,0,2,0,0,0,2
01/11/2009,HUF,IN,AGL,CE,Combined TRACON& Tower with Radar,0,0,7,0,7,0,0,6,1,7,0,0,13,1,14,0,0,0,14
01/12/2009,HUF,IN,AGL,CE,Combined TRACON& Tower with Radar,0,0,15,6,21,0,2,31,1,34,0,2,46,7,55,100,0,100,155
01/13/2009,HUF,IN,AGL,CE,Combined TRACON& Tower with Radar,0,6,4,0,10,0,0,1,0,1,0,6,5,0,11,0,0,0,11
01/14/2009,HUF,IN,AGL,CE,Combined TRACON& Tower with Radar,0,0,4,0,4,0,4,0,0,4,0,4,4,0,8,0,0,0,8
01/15/2009,HUF,IN,AGL,CE,Combined TRACON& Tower with Radar,0,0,20,0,20,0,0,8,2,10,0,0,28,2,30,8,0,8,38
01/16/2009,HUF,IN,AGL,CE,Combined TRACON& Tower with Radar,0,0,6,1,7,0,0,4,0,4,0,0,10,1,11,2,0,2,13
01/17/2009,HUF,IN,AGL,CE,Combined TRACON& Tower with Radar,0,0,4,0,4,0,0,6,0,6,0,0,10,0,10,16,0,16,26
01/18/2009,HUF,IN,AGL,CE,Combined TRACON& Tower with Radar,0,0,1,0,1,0,0,6,0,6,0,0,7,0,7,18,0,18,25
01/19/2009,HUF,IN,AGL,CE,Combined TRACON& Tower with Radar,0,0,31,1,32,0,0,62,0,62,0,0,93,1,94,46,0,46,140
01/20/2009,HUF,IN,AGL,CE,Combined TRACON& Tower with Radar,2,0,26,0,28,0,3,50,0,53,2,3,76,0,81,110,0,110,191
01/21/2009,HUF,IN,AGL,CE,Combined TRACON& Tower with Radar,0,2,62,0,64,0,1,113,0,114,0,3,175,0,178,214,0,214,392
01/22/2009,HUF,IN,AGL,CE,Combined TRACON& Tower with Radar,0,0,29,0,29,0,2,79,0,81,0,2,108,0,110,208,0,208,318
01/23/2009,HUF,IN,AGL,CE,Combined TRACON& Tower with Radar,0,1,35,0,36,0,0,51,0,51,0,1,86,0,87,67,0,67,154
01/24/2009,HUF,IN,AGL,CE,Combined TRACON& Tower with Radar,0,0,20,0,20,0,0,58,0,58,0,0,78,0,78,100,0,100,178
01/25/2009,HUF,IN,AGL,CE,Combined TRACON& Tower with Radar,0,0,3,0,3,0,2,3,0,5,0,2,6,0,8,8,0,8,16
01/26/2009,HUF,IN,AGL,CE,Combined TRACON& Tower with Radar,0,4,46,0,50,0,0,71,0,71,0,4,117,0,121,114,0,114,235
01/27/2009,HUF,IN,AGL,CE,Combined TRACON& Tower with Radar,0,0,6,0,6,0,0,3,0,3,0,0,9,0,9,4,0,4,13
01/28/2009,HUF,IN,AGL,CE,Combined TRACON& Tower with Radar,0,2,4,0,6,0,0,3,0,3,0,2,7,0,9,0,0,0,9
01/29/2009,HUF,IN,AGL,CE,Combined TRACON& Tower with Radar,0,2,12,0,14,0,0,5,0,5,0,2,17,0,19,0,0,0,19
01/30/2009,HUF,IN,AGL,CE,Combined TRACON& Tower with Radar,0,2,22,0,24,0,0,39,0,39,0,2,61,0,63,22,0,22,85
01/31/2009,HUF,IN,AGL,CE,Combined TRACON& Tower with Radar,0,0,17,0,17,0,0,55,0,55,0,0,72,0,72,58,0,58,130
02/01/2009,HUF,IN,AGL,CE,Combined TRACON& Tower with Radar,0,2,9,2,13,0,1,40,4,45,0,3,49,6,58,82,16,98,156
02/02/2009,HUF,IN,AGL,CE,Combined TRACON& Tower with Radar,0,0,39,0,39,0,2,79,1,82,0,2,118,1,121,121,0,121,242
02/03/2009,HUF,IN,AGL,CE,Combined TRACON& Tower with Radar,0,3,6,0,9,0,0,3,0,3,0,3,9,0,12,0,0,0,12
02/04/2009,HUF,IN,AGL,CE,Combined TRACON& Tower with Radar,0,3,43,0,46,0,2,69,0,71,0,5,112,0,117,30,0,30,147
02/05/2009,HUF,IN,AGL,CE,Combined TRACON& Tower with Radar,0,0,33,2,35,0,0,55,0,55,0,0,88,2,90,144,0,144,234
02/06/2009,HUF,IN,AGL,CE,Combined TRACON& Tower with Radar,0,0,36,4,40,0,3,81,0,84,0,3,117,4,124,236,0,236,360
02/07/2009,HUF,IN,AGL,CE,Combined TRACON& Tower with Radar,0,0,14,0,14,0,6,6,0,12,0,6,20,0,26,28,0,28,54
02/08/2009,HUF,IN,AGL,CE,Combined TRACON& Tower with Radar,0,0,21,2,23,0,2,53,4,59,0,2,74,6,82,54,8,62,144
02/09/2009,HUF,IN,AGL,CE,Combined TRACON& Tower with Radar,2,0,34,0,36,0,0,87,0,87,2,0,121,0,123,212,0,212,335
02/10/2009,HUF,IN,AGL,CE,Combined TRACON& Tower with Radar,0,3,38,0,41,0,2,30,0,32,0,5,68,0,73,197,0,197,270
02/11/2009,HUF,IN,AGL,CE,Combined TRACON& Tower with Radar,2,1,8,0,11,0,0,1,0,1,2,1,9,0,12,0,0,0,12
02/12/2009,HUF,IN,AGL,CE,Combined TRACON& Tower with Radar,0,6,31,0,37,0,1,63,0,64,0,7,94,0,101,158,0,158,259
02/13/2009,HUF,IN,AGL,CE,Combined TRACON& Tower with Radar,0,3,39,1,43,0,1,78,2,81,0,4,117,3,124,97,6,103,227
02/14/2009,HUF,IN,AGL,CE,Combined TRACON& Tower with Radar,0,0,0,0,0,0,1,5,0,6,0,1,5,0,6,0,0,0,6
02/15/2009,HUF,IN,AGL,CE,Combined TRACON& Tower with Radar,0,4,14,0,18,0,2,27,0,29,0,6,41,0,47,50,0,50,97
02/16/2009,HUF,IN,AGL,CE,Combined TRACON& Tower with Radar,0,2,44,0,46,0,0,72,0,72,0,2,116,0,118,200,0,200,318
02/17/2009,HUF,IN,AGL,CE,Combined TRACON& Tower with Radar,0,1,41,0,42,0,1,60,2,63,0,2,101,2,105,100,0,100,205
02/18/2009,HUF,IN,AGL,CE,Combined TRACON& Tower with Radar,2,1,38,0,41,1,0,2,0,3,3,1,40,0,44,22,0,22,66
02/19/2009,HUF,IN,AGL,CE,Combined TRACON& Tower with Radar,0,0,11,0,11,0,0,43,0,43,0,0,54,0,54,20,0,20,74
02/20/2009,HUF,IN,AGL,CE,Combined TRACON& Tower with Radar,2,0,33,0,35,0,4,83,5,92,2,4,116,5,127,102,6,108,235
02/21/2009,HUF,IN,AGL,CE,Combined TRACON& Tower with Radar,0,0,0,0,0,0,0,0,0,0,0,0,0,0,0,0,0,0,0
02/22/2009,HUF,IN,AGL,CE,Combined TRACON& Tower with Radar,0,0,9,0,9,0,1,16,0,17,0,1,25,0,26,60,0,60,86
02/23/2009,HUF,IN,AGL,CE,Combined TRACON& Tower with Radar,0,2,51,0,53,0,0,98,2,100,0,2,149,2,153,162,4,166,319
02/24/2009,HUF,IN,AGL,CE,Combined TRACON& Tower with Radar,0,2,47,0,49,0,0,82,3,85,0,2,129,3,134,120,0,120,254
02/25/2009,HUF,IN,AGL,CE,Combined TRACON& Tower with Radar,0,4,35,0,39,0,0,68,1,69,0,4,103,1,108,190,0,190,298
02/26/2009,HUF,IN,AGL,CE,Combined TRACON& Tower with Radar,0,2,19,0,21,0,0,11,0,11,0,2,30,0,32,48,0,48,80
02/27/2009,HUF,IN,AGL,CE,Combined TRACON& Tower with Radar,0,1,3,0,4,0,0,15,0,15,0,1,18,0,19,146,0,146,165
02/28/2009,HUF,IN,AGL,CE,Combined TRACON& Tower with Radar,0,1,13,2,16,0,0,30,0,30,0,1,43,2,46,38,0,38,84
03/01/2009,HUF,IN,AGL,CE,Combined TRACON& Tower with Radar,0,0,18,0,18,0,0,25,0,25,0,0,43,0,43,38,0,38,81
03/02/2009,HUF,IN,AGL,CE,Combined TRACON& Tower with Radar,0,1,45,0,46,0,3,69,0,72,0,4,114,0,118,26,0,26,144
03/03/2009,HUF,IN,AGL,CE,Combined TRACON& Tower with Radar,0,3,38,1,42,0,2,47,1,50,0,5,85,2,92,69,0,69,161
03/04/2009,HUF,IN,AGL,CE,Combined TRACON& Tower with Radar,0,0,39,0,39,0,6,74,0,80,0,6,113,0,119,120,0,120,239
03/05/2009,HUF,IN,AGL,CE,Combined TRACON& Tower with Radar,0,0,10,2,12,0,2,11,1,14,0,2,21,3,26,4,0,4,30
03/06/2009,HUF,IN,AGL,CE,Combined TRACON& Tower with Radar,0,2,19,0,21,0,4,29,0,33,0,6,48,0,54,46,0,46,100
03/07/2009,HUF,IN,AGL,CE,Combined TRACON& Tower with Radar,0,0,15,0,15,0,1,14,0,15,0,1,29,0,30,0,0,0,30
03/08/2009,HUF,IN,AGL,CE,Combined TRACON& Tower with Radar,0,0,2,0,2,0,1,1,0,2,0,1,3,0,4,0,0,0,4
03/09/2009,HUF,IN,AGL,CE,Combined TRACON& Tower with Radar,0,0,19,0,19,0,1,28,0,29,0,1,47,0,48,52,0,52,100
03/10/2009,HUF,IN,AGL,CE,Combined TRACON& Tower with Radar,0,0,10,0,10,0,0,2,0,2,0,0,12,0,12,8,0,8,20
03/11/2009,HUF,IN,AGL,CE,Combined TRACON& Tower with Radar,0,5,18,0,23,0,1,20,1,22,0,6,38,1,45,8,0,8,53
03/12/2009,HUF,IN,AGL,CE,Combined TRACON& Tower with Radar,0,0,15,0,15,0,0,35,0,35,0,0,50,0,50,49,0,49,99
03/13/2009,HUF,IN,AGL,CE,Combined TRACON& Tower with Radar,0,2,14,0,16,0,1,37,1,39,0,3,51,1,55,6,0,6,61
03/14/2009,HUF,IN,AGL,CE,Combined TRACON& Tower with Radar,0,0,23,6,29,0,4,36,2,42,0,4,59,8,71,24,0,24,95
03/15/2009,HUF,IN,AGL,CE,Combined TRACON& Tower with Radar,0,2,9,9,20,0,0,25,0,25,0,2,34,9,45,12,0,12,57
03/16/2009,HUF,IN,AGL,CE,Combined TRACON& Tower with Radar,0,0,25,0,25,0,2,42,0,44,0,2,67,0,69,94,0,94,163
03/17/2009,HUF,IN,AGL,CE,Combined TRACON& Tower with Radar,0,2,44,0,46,0,4,69,0,73,0,6,113,0,119,120,0,120,239
03/18/2009,HUF,IN,AGL,CE,Combined TRACON& Tower with Radar,2,0,43,2,47,0,1,63,0,64,2,1,106,2,111,59,0,59,170
03/19/2009,HUF,IN,AGL,CE,Combined TRACON& Tower with Radar,0,2,27,0,29,0,6,63,3,72,0,8,90,3,101,162,0,162,263
03/20/2009,HUF,IN,AGL,CE,Combined TRACON& Tower with Radar,0,3,36,0,39,0,2,96,0,98,0,5,132,0,137,134,0,134,271
03/21/2009,HUF,IN,AGL,CE,Combined TRACON& Tower with Radar,0,2,10,0,12,0,4,71,1,76,0,6,81,1,88,98,0,98,186
03/22/2009,HUF,IN,AGL,CE,Combined TRACON& Tower with Radar,0,0,12,0,12,0,8,46,0,54,0,8,58,0,66,104,0,104,170
03/23/2009,HUF,IN,AGL,CE,Combined TRACON& Tower with Radar,0,0,22,4,26,0,4,57,1,62,0,4,79,5,88,84,0,84,172
03/24/2009,HUF,IN,AGL,CE,Combined TRACON& Tower with Radar,0,0,12,0,12,0,0,11,0,11,0,0,23,0,23,10,0,10,33
03/25/2009,HUF,IN,AGL,CE,Combined TRACON& Tower with Radar,0,2,55,0,57,0,2,88,0,90,0,4,143,0,147,136,0,136,283
03/26/2009,HUF,IN,AGL,CE,Combined TRACON& Tower with Radar,0,2,31,0,33,0,1,86,0,87,0,3,117,0,120,176,0,176,296
03/27/2009,HUF,IN,AGL,CE,Combined TRACON& Tower with Radar,0,0,43,6,49,0,6,83,8,97,0,6,126,14,146,184,0,184,330
03/28/2009,HUF,IN,AGL,CE,Combined TRACON& Tower with Radar,0,0,15,0,15,0,3,0,0,3,0,3,15,0,18,0,0,0,18
03/29/2009,HUF,IN,AGL,CE,Combined TRACON& Tower with Radar,0,0,4,0,4,0,0,4,0,4,0,0,8,0,8,0,0,0,8
03/30/2009,HUF,IN,AGL,CE,Combined TRACON& Tower with Radar,0,2,39,0,41,0,0,90,2,92,0,2,129,2,133,132,4,136,269
03/31/2009,HUF,IN,AGL,CE,Combined TRACON& Tower with Radar,0,2,12,0,14,0,2,16,0,18,0,4,28,0,32,10,0,10,42
04/01/2009,HUF,IN,AGL,CE,Combined TRACON& Tower with Radar,0,5,58,0,63,0,4,105,3,112,0,9,163,3,175,136,0,136,311
04/02/2009,HUF,IN,AGL,CE,Combined TRACON& Tower with Radar,0,0,43,0,43,0,0,75,0,75,0,0,118,0,118,96,0,96,214
04/03/2009,HUF,IN,AGL,CE,Combined TRACON& Tower with Radar,3,2,61,0,66,0,0,23,0,23,3,2,84,0,89,58,0,58,147
04/04/2009,HUF,IN,AGL,CE,Combined TRACON& Tower with Radar,1,0,36,2,39,0,0,102,0,102,1,0,138,2,141,114,0,114,255
04/05/2009,HUF,IN,AGL,CE,Combined TRACON& Tower with Radar,0,0,7,0,7,0,1,4,0,5,0,1,11,0,12,6,0,6,18
04/06/2009,HUF,IN,AGL,CE,Combined TRACON& Tower with Radar,0,0,0,0,0,0,1,0,0,1,0,1,0,0,1,0,0,0,1
04/07/2009,HUF,IN,AGL,CE,Combined TRACON& Tower with Radar,0,0,34,0,34,0,0,46,0,46,0,0,80,0,80,42,0,42,122
04/08/2009,HUF,IN,AGL,CE,Combined TRACON& Tower with Radar,0,2,51,0,53,0,3,91,0,94,0,5,142,0,147,134,0,134,281
04/09/2009,HUF,IN,AGL,CE,Combined TRACON& Tower with Radar,0,6,44,4,54,0,0,111,1,112,0,6,155,5,166,104,0,104,270
04/10/2009,HUF,IN,AGL,CE,Combined TRACON& Tower with Radar,0,0,33,0,33,0,1,4,0,5,0,1,37,0,38,54,0,54,92
04/11/2009,HUF,IN,AGL,CE,Combined TRACON& Tower with Radar,0,0,30,0,30,0,1,73,0,74,0,1,103,0,104,80,0,80,184
04/12/2009,HUF,IN,AGL,CE,Combined TRACON& Tower with Radar,0,0,1,0,1,0,5,23,0,28,0,5,24,0,29,16,0,16,45
04/13/2009,HUF,IN,AGL,CE,Combined TRACON& Tower with Radar,0,0,2,0,2,0,0,0,0,0,0,0,2,0,2,8,0,8,10
04/14/2009,HUF,IN,AGL,CE,Combined TRACON& Tower with Radar,0,0,79,2,81,0,0,0,0,0,0,0,79,2,81,6,0,6,87
04/15/2009,HUF,IN,AGL,CE,Combined TRACON& Tower with Radar,2,2,72,0,76,0,1,63,0,64,2,3,135,0,140,118,0,118,258
04/16/2009,HUF,IN,AGL,CE,Combined TRACON& Tower with Radar,0,2,28,0,30,0,0,61,0,61,0,2,89,0,91,106,0,106,197
04/17/2009,HUF,IN,AGL,CE,Combined TRACON& Tower with Radar,0,4,28,2,34,0,5,93,5,103,0,9,121,7,137,118,0,118,255
04/18/2009,HUF,IN,AGL,CE,Combined TRACON& Tower with Radar,0,0,5,0,5,0,2,41,0,43,0,2,46,0,48,28,0,28,76
04/19/2009,HUF,IN,AGL,CE,Combined TRACON& Tower with Radar,0,0,5,0,5,0,0,0,0,0,0,0,5,0,5,0,0,0,5
04/20/2009,HUF,IN,AGL,CE,Combined TRACON& Tower with Radar,2,0,18,2,22,0,1,23,2,26,2,1,41,4,48,30,0,30,78
04/21/2009,HUF,IN,AGL,CE,Combined TRACON& Tower with Radar,0,0,53,1,54,0,10,9,0,19,0,10,62,1,73,30,0,30,103
04/22/2009,HUF,IN,AGL,CE,Combined TRACON& Tower with Radar,0,4,48,2,54,0,4,72,2,78,0,8,120,4,132,46,0,46,178
04/23/2009,HUF,IN,AGL,CE,Combined TRACON& Tower with Radar,0,1,37,0,38,0,0,63,0,63,0,1,100,0,101,94,0,94,195
04/24/2009,HUF,IN,AGL,CE,Combined TRACON& Tower with Radar,2,4,14,5,25,0,0,31,0,31,2,4,45,5,56,22,0,22,78
04/25/2009,HUF,IN,AGL,CE,Combined TRACON& Tower with Radar,0,0,13,0,13,0,2,10,0,12,0,2,23,0,25,4,0,4,29
04/26/2009,HUF,IN,AGL,CE,Combined TRACON& Tower with Radar,0,0,9,0,9,0,0,35,0,35,0,0,44,0,44,50,0,50,94
04/27/2009,HUF,IN,AGL,CE,Combined TRACON& Tower with Radar,0,0,6,4,10,0,1,5,0,6,0,1,11,4,16,0,0,0,16
04/28/2009,HUF,IN,AGL,CE,Combined TRACON& Tower with Radar,0,12,50,8,70,0,0,0,0,0,0,12,50,8,70,0,0,0,70
04/29/2009,HUF,IN,AGL,CE,Combined TRACON& Tower with Radar,0,1,27,0,28,0,0,20,2,22,0,1,47,2,50,26,0,26,76
04/30/2009,HUF,IN,AGL,CE,Combined TRACON& Tower with Radar,4,2,5,0,11,0,7,0,0,7,4,9,5,0,18,0,0,0,18
05/01/2009,HUF,IN,AGL,CE,Combined TRACON& Tower with Radar,0,0,65,2,67,0,0,5,0,5,0,0,70,2,72,6,0,6,78
05/02/2009,HUF,IN,AGL,CE,Combined TRACON& Tower with Radar,0,1,22,4,27,0,3,77,13,93,0,4,99,17,120,114,0,114,234
05/03/2009,HUF,IN,AGL,CE,Combined TRACON& Tower with Radar,0,0,15,0,15,0,5,34,0,39,0,5,49,0,54,86,0,86,140
05/04/2009,HUF,IN,AGL,CE,Combined TRACON& Tower with Radar,0,0,42,0,42,0,2,68,1,71,0,2,110,1,113,160,0,160,273
05/05/2009,HUF,IN,AGL,CE,Combined TRACON& Tower with Radar,0,0,20,0,20,0,1,76,1,78,0,1,96,1,98,136,0,136,234
05/06/2009,HUF,IN,AGL,CE,Combined TRACON& Tower with Radar,2,0,22,1,25,0,1,10,0,11,2,1,32,1,36,24,0,24,60
05/07/2009,HUF,IN,AGL,CE,Combined TRACON& Tower with Radar,2,0,27,1,30,0,2,11,0,13,2,2,38,1,43,66,0,66,109
05/08/2009,HUF,IN,AGL,CE,Combined TRACON& Tower with Radar,0,0,11,0,11,0,0,3,0,3,0,0,14,0,14,4,0,4,18
05/09/2009,HUF,IN,AGL,CE,Combined TRACON& Tower with Radar,0,0,5,0,5,0,3,13,3,19,0,3,18,3,24,28,0,28,52
05/10/2009,HUF,IN,AGL,CE,Combined TRACON& Tower with Radar,0,2,13,0,15,0,3,16,0,19,0,5,29,0,34,14,0,14,48
05/11/2009,HUF,IN,AGL,CE,Combined TRACON& Tower with Radar,0,0,9,0,9,0,0,35,0,35,0,0,44,0,44,62,0,62,106
05/12/2009,HUF,IN,AGL,CE,Combined TRACON& Tower with Radar,0,0,17,0,17,0,1,53,0,54,0,1,70,0,71,68,0,68,139
05/13/2009,HUF,IN,AGL,CE,Combined TRACON& Tower with Radar,0,0,11,0,11,0,0,0,0,0,0,0,11,0,11,0,0,0,11
05/14/2009,HUF,IN,AGL,CE,Combined TRACON& Tower with Radar,0,0,16,0,16,0,4,23,0,27,0,4,39,0,43,32,0,32,75
05/15/2009,HUF,IN,AGL,CE,Combined TRACON& Tower with Radar,0,0,5,5,10,0,0,19,0,19,0,0,24,5,29,10,0,10,39
05/16/2009,HUF,IN,AGL,CE,Combined TRACON& Tower with Radar,0,0,8,0,8,0,0,7,0,7,0,0,15,0,15,0,0,0,15
05/17/2009,HUF,IN,AGL,CE,Combined TRACON& Tower with Radar,0,0,9,0,9,0,1,25,0,26,0,1,34,0,35,10,0,10,45
05/18/2009,HUF,IN,AGL,CE,Combined TRACON& Tower with Radar,0,0,13,0,13,0,0,46,0,46,0,0,59,0,59,92,0,92,151
05/19/2009,HUF,IN,AGL,CE,Combined TRACON& Tower with Radar,0,0,14,0,14,0,3,46,0,49,0,3,60,0,63,63,0,63,126
05/20/2009,HUF,IN,AGL,CE,Combined TRACON& Tower with Radar,0,0,13,0,13,0,2,35,2,39,0,2,48,2,52,38,0,38,90
05/21/2009,HUF,IN,AGL,CE,Combined TRACON& Tower with Radar,0,0,15,1,16,0,1,37,0,38,0,1,52,1,54,20,0,20,74
05/22/2009,HUF,IN,AGL,CE,Combined TRACON& Tower with Radar,0,0,11,0,11,0,0,41,0,41,0,0,52,0,52,8,0,8,60
05/23/2009,HUF,IN,AGL,CE,Combined TRACON& Tower with Radar,0,0,4,2,6,0,3,20,2,25,0,3,24,4,31,4,0,4,35
05/24/2009,HUF,IN,AGL,CE,Combined TRACON& Tower with Radar,0,2,2,0,4,0,2,20,2,24,0,4,22,2,28,10,0,10,38
05/25/2009,HUF,IN,AGL,CE,Combined TRACON& Tower with Radar,0,0,6,0,6,0,3,2,0,5,0,3,8,0,11,0,0,0,11
05/26/2009,HUF,IN,AGL,CE,Combined TRACON& Tower with Radar,0,0,7,0,7,0,1,14,0,15,0,1,21,0,22,66,0,66,88
05/27/2009,HUF,IN,AGL,CE,Combined TRACON& Tower with Radar,0,0,8,0,8,0,0,15,0,15,0,0,23,0,23,52,0,52,75
05/28/2009,HUF,IN,AGL,CE,Combined TRACON& Tower with Radar,0,1,16,0,17,0,0,4,0,4,0,1,20,0,21,2,0,2,23
05/29/2009,HUF,IN,AGL,CE,Combined TRACON& Tower with Radar,0,5,21,0,26,0,0,30,0,30,0,5,51,0,56,50,0,50,106
05/30/2009,HUF,IN,AGL,CE,Combined TRACON& Tower with Radar,0,0,12,0,12,0,1,39,0,40,0,1,51,0,52,56,0,56,108
05/31/2009,HUF,IN,AGL,CE,Combined TRACON& Tower with Radar,0,0,11,2,13,0,0,44,1,45,0,0,55,3,58,8,0,8,66
06/01/2009,HUF,IN,AGL,CE,Combined TRACON& Tower with Radar,0,4,14,0,18,0,0,48,3,51,0,4,62,3,69,96,10,106,175
06/02/2009,HUF,IN,AGL,CE,Combined TRACON& Tower with Radar,0,0,12,0,12,0,0,29,3,32,0,0,41,3,44,42,0,42,86
06/03/2009,HUF,IN,AGL,CE,Combined TRACON& Tower with Radar,0,1,7,0,8,0,0,0,0,0,0,1,7,0,8,0,0,0,8
06/04/2009,HUF,IN,AGL,CE,Combined TRACON& Tower with Radar,0,0,10,0,10,0,1,39,0,40,0,1,49,0,50,32,0,32,82
06/05/2009,HUF,IN,AGL,CE,Combined TRACON& Tower with Radar,0,2,24,3,29,0,5,50,0,55,0,7,74,3,84,79,0,79,163
06/06/2009,HUF,IN,AGL,CE,Combined TRACON& Tower with Radar,0,0,12,0,12,0,3,32,2,37,0,3,44,2,49,48,0,48,97
06/07/2009,HUF,IN,AGL,CE,Combined TRACON& Tower with Radar,0,0,5,2,7,0,0,24,0,24,0,0,29,2,31,20,0,20,51
06/08/2009,HUF,IN,AGL,CE,Combined TRACON& Tower with Radar,0,0,10,0,10,0,0,15,0,15,0,0,25,0,25,26,0,26,51
06/09/2009,HUF,IN,AGL,CE,Combined TRACON& Tower with Radar,0,2,21,0,23,0,0,34,2,36,0,2,55,2,59,48,0,48,107
06/10/2009,HUF,IN,AGL,CE,Combined TRACON& Tower with Radar,0,0,5,0,5,0,0,2,1,3,0,0,7,1,8,0,0,0,8
06/11/2009,HUF,IN,AGL,CE,Combined TRACON& Tower with Radar,0,0,3,0,3,0,1,9,0,10,0,1,12,0,13,16,0,16,29
06/12/2009,HUF,IN,AGL,CE,Combined TRACON& Tower with Radar,0,3,18,4,25,0,2,50,0,52,0,5,68,4,77,62,0,62,139
06/13/2009,HUF,IN,AGL,CE,Combined TRACON& Tower with Radar,0,0,22,3,25,0,0,53,0,53,0,0,75,3,78,135,0,135,213
06/14/2009,HUF,IN,AGL,CE,Combined TRACON& Tower with Radar,0,0,14,1,15,0,2,11,0,13,0,2,25,1,28,26,0,26,54
06/15/2009,HUF,IN,AGL,CE,Combined TRACON& Tower with Radar,0,2,5,0,7,0,1,21,2,24,0,3,26,2,31,28,0,28,59
06/16/2009,HUF,IN,AGL,CE,Combined TRACON& Tower with Radar,0,0,14,0,14,0,0,8,0,8,0,0,22,0,22,0,0,0,22
06/17/2009,HUF,IN,AGL,CE,Combined TRACON& Tower with Radar,0,0,14,1,15,0,0,21,2,23,0,0,35,3,38,12,0,12,50
06/18/2009,HUF,IN,AGL,CE,Combined TRACON& Tower with Radar,0,0,8,0,8,0,0,10,0,10,0,0,18,0,18,20,0,20,38
06/19/2009,HUF,IN,AGL,CE,Combined TRACON& Tower with Radar,0,0,11,0,11,0,5,22,3,30,0,5,33,3,41,48,0,48,89
06/20/2009,HUF,IN,AGL,CE,Combined TRACON& Tower with Radar,0,0,8,3,11,0,2,20,2,24,0,2,28,5,35,28,10,38,73
06/21/2009,HUF,IN,AGL,CE,Combined TRACON& Tower with Radar,0,0,12,0,12,0,2,18,0,20,0,2,30,0,32,2,0,2,34
06/22/2009,HUF,IN,AGL,CE,Combined TRACON& Tower with Radar,0,0,8,2,10,0,0,20,0,20,0,0,28,2,30,42,0,42,72
06/23/2009,HUF,IN,AGL,CE,Combined TRACON& Tower with Radar,0,0,17,0,17,0,0,43,0,43,0,0,60,0,60,44,0,44,104
06/24/2009,HUF,IN,AGL,CE,Combined TRACON& Tower with Radar,0,0,10,0,10,0,2,40,2,44,0,2,50,2,54,62,0,62,116
06/25/2009,HUF,IN,AGL,CE,Combined TRACON& Tower with Radar,0,0,7,0,7,0,4,34,1,39,0,4,41,1,46,42,0,42,88
06/26/2009,HUF,IN,AGL,CE,Combined TRACON& Tower with Radar,0,0,8,0,8,0,6,23,4,33,0,6,31,4,41,18,0,18,59
06/27/2009,HUF,IN,AGL,CE,Combined TRACON& Tower with Radar,0,2,3,0,5,0,2,21,0,23,0,4,24,0,28,16,0,16,44
06/28/2009,HUF,IN,AGL,CE,Combined TRACON& Tower with Radar,0,0,3,0,3,0,7,8,2,17,0,7,11,2,20,6,0,6,26
06/29/2009,HUF,IN,AGL,CE,Combined TRACON& Tower with Radar,0,0,5,0,5,0,0,42,0,42,0,0,47,0,47,58,0,58,105
06/30/2009,HUF,IN,AGL,CE,Combined TRACON& Tower with Radar,0,0,7,0,7,0,1,34,2,37,0,1,41,2,44,36,0,36,80
07/01/2009,HUF,IN,AGL,CE,Combined TRACON& Tower with Radar,0,0,25,0,25,0,0,17,0,17,0,0,42,0,42,24,0,24,66
07/02/2009,HUF,IN,AGL,CE,Combined TRACON& Tower with Radar,0,3,21,0,24,0,0,34,11,45,0,3,55,11,69,28,0,28,97
07/03/2009,HUF,IN,AGL,CE,Combined TRACON& Tower with Radar,0,0,8,0,8,0,6,46,1,53,0,6,54,1,61,14,0,14,75
07/04/2009,HUF,IN,AGL,CE,Combined TRACON& Tower with Radar,0,0,8,0,8,0,0,2,0,2,0,0,10,0,10,0,0,0,10
07/05/2009,HUF,IN,AGL,CE,Combined TRACON& Tower with Radar,0,0,7,2,9,0,2,20,1,23,0,2,27,3,32,12,0,12,44
07/06/2009,HUF,IN,AGL,CE,Combined TRACON& Tower with Radar,0,0,13,0,13,0,0,44,0,44,0,0,57,0,57,84,0,84,141
07/07/2009,HUF,IN,AGL,CE,Combined TRACON& Tower with Radar,0,0,27,0,27,0,0,46,1,47,0,0,73,1,74,66,0,66,140
07/08/2009,HUF,IN,AGL,CE,Combined TRACON& Tower with Radar,0,0,8,0,8,0,1,16,3,20,0,1,24,3,28,14,0,14,42
07/09/2009,HUF,IN,AGL,CE,Combined TRACON& Tower with Radar,0,2,20,0,22,0,3,58,1,62,0,5,78,1,84,99,0,99,183
07/10/2009,HUF,IN,AGL,CE,Combined TRACON& Tower with Radar,0,0,14,6,20,0,0,35,1,36,0,0,49,7,56,54,0,54,110
07/11/2009,HUF,IN,AGL,CE,Combined TRACON& Tower with Radar,0,0,4,0,4,0,0,4,0,4,0,0,8,0,8,0,0,0,8
07/12/2009,HUF,IN,AGL,CE,Combined TRACON& Tower with Radar,0,0,2,10,12,0,0,34,2,36,0,0,36,12,48,10,0,10,58
07/13/2009,HUF,IN,AGL,CE,Combined TRACON& Tower with Radar,0,2,13,0,15,0,2,47,0,49,0,4,60,0,64,63,0,63,127
07/14/2009,HUF,IN,AGL,CE,Combined TRACON& Tower with Radar,0,0,12,0,12,0,3,33,2,38,0,3,45,2,50,30,0,30,80
07/15/2009,HUF,IN,AGL,CE,Combined TRACON& Tower with Radar,0,1,22,0,23,0,2,6,0,8,0,3,28,0,31,8,0,8,39
07/16/2009,HUF,IN,AGL,CE,Combined TRACON& Tower with Radar,0,1,15,0,16,0,1,49,1,51,0,2,64,1,67,48,0,48,115
07/17/2009,HUF,IN,AGL,CE,Combined TRACON& Tower with Radar,0,3,15,2,20,0,0,17,3,20,0,3,32,5,40,20,0,20,60
07/18/2009,HUF,IN,AGL,CE,Combined TRACON& Tower with Radar,0,2,18,0,20,0,0,16,0,16,0,2,34,0,36,10,0,10,46
07/19/2009,HUF,IN,AGL,CE,Combined TRACON& Tower with Radar,0,0,6,0,6,0,2,20,0,22,0,2,26,0,28,2,0,2,30
07/20/2009,HUF,IN,AGL,CE,Combined TRACON& Tower with Radar,0,0,17,0,17,0,5,52,0,57,0,5,69,0,74,72,0,72,146
07/21/2009,HUF,IN,AGL,CE,Combined TRACON& Tower with Radar,0,0,13,0,13,0,1,19,0,20,0,1,32,0,33,10,0,10,43
07/22/2009,HUF,IN,AGL,CE,Combined TRACON& Tower with Radar,0,1,16,0,17,0,1,23,1,25,0,2,39,1,42,37,0,37,79
07/23/2009,HUF,IN,AGL,CE,Combined TRACON& Tower with Radar,0,0,13,0,13,0,2,27,0,29,0,2,40,0,42,56,0,56,98
07/24/2009,HUF,IN,AGL,CE,Combined TRACON& Tower with Radar,0,6,8,0,14,0,7,22,0,29,0,13,30,0,43,22,0,22,65
07/25/2009,HUF,IN,AGL,CE,Combined TRACON& Tower with Radar,0,0,9,0,9,0,0,11,0,11,0,0,20,0,20,4,0,4,24
07/26/2009,HUF,IN,AGL,CE,Combined TRACON& Tower with Radar,0,0,6,0,6,0,2,27,2,31,0,2,33,2,37,22,0,22,59
07/27/2009,HUF,IN,AGL,CE,Combined TRACON& Tower with Radar,0,3,14,0,17,0,1,25,8,34,0,4,39,8,51,20,0,20,71
07/28/2009,HUF,IN,AGL,CE,Combined TRACON& Tower with Radar,0,0,7,0,7,0,2,20,0,22,0,2,27,0,29,56,0,56,85
07/29/2009,HUF,IN,AGL,CE,Combined TRACON& Tower with Radar,0,0,28,0,28,0,4,25,0,29,0,4,53,0,57,36,0,36,93
07/30/2009,HUF,IN,AGL,CE,Combined TRACON& Tower with Radar,0,2,17,0,19,0,1,26,0,27,0,3,43,0,46,32,0,32,78
07/31/2009,HUF,IN,AGL,CE,Combined TRACON& Tower with Radar,0,0,11,1,12,0,2,48,2,52,0,2,59,3,64,16,0,16,80
08/01/2009,HUF,IN,AGL,CE,Combined TRACON& Tower with Radar,0,9,2,0,11,0,1,15,1,17,0,10,17,1,28,14,4,18,46
08/02/2009,HUF,IN,AGL,CE,Combined TRACON& Tower with Radar,0,0,10,0,10,0,0,21,0,21,0,0,31,0,31,8,0,8,39
08/03/2009,HUF,IN,AGL,CE,Combined TRACON& Tower with Radar,0,0,11,0,11,0,1,25,3,29,0,1,36,3,40,50,0,50,90
08/04/2009,HUF,IN,AGL,CE,Combined TRACON& Tower with Radar,0,0,11,0,11,0,1,12,0,13,0,1,23,0,24,18,0,18,42
08/05/2009,HUF,IN,AGL,CE,Combined TRACON& Tower with Radar,0,0,10,1,11,0,0,29,1,30,0,0,39,2,41,118,2,120,161
08/06/2009,HUF,IN,AGL,CE,Combined TRACON& Tower with Radar,0,2,36,0,38,0,1,44,1,46,0,3,80,1,84,69,0,69,153
08/07/2009,HUF,IN,AGL,CE,Combined TRACON& Tower with Radar,0,0,13,2,15,0,2,22,3,27,0,2,35,5,42,20,0,20,62
08/08/2009,HUF,IN,AGL,CE,Combined TRACON& Tower with Radar,0,2,8,0,10,0,0,19,0,19,0,2,27,0,29,0,0,0,29
08/09/2009,HUF,IN,AGL,CE,Combined TRACON& Tower with Radar,0,2,4,0,6,0,1,16,1,18,0,3,20,1,24,5,0,5,29
08/10/2009,HUF,IN,AGL,CE,Combined TRACON& Tower with Radar,0,0,8,0,8,0,0,24,2,26,0,0,32,2,34,42,0,42,76
08/11/2009,HUF,IN,AGL,CE,Combined TRACON& Tower with Radar,0,0,10,0,10,0,2,20,0,22,0,2,30,0,32,40,0,40,72
08/12/2009,HUF,IN,AGL,CE,Combined TRACON& Tower with Radar,0,0,9,0,9,0,0,44,0,44,0,0,53,0,53,30,0,30,83
08/13/2009,HUF,IN,AGL,CE,Combined TRACON& Tower with Radar,0,0,6,0,6,0,2,29,0,31,0,2,35,0,37,38,0,38,75
08/14/2009,HUF,IN,AGL,CE,Combined TRACON& Tower with Radar,0,0,1,6,7,0,0,37,0,37,0,0,38,6,44,96,2,98,142
08/15/2009,HUF,IN,AGL,CE,Combined TRACON& Tower with Radar,0,0,4,2,6,0,1,46,2,49,0,1,50,4,55,12,0,12,67
08/16/2009,HUF,IN,AGL,CE,Combined TRACON& Tower with Radar,0,0,1,0,1,0,4,14,1,19,0,4,15,1,20,6,0,6,26
08/17/2009,HUF,IN,AGL,CE,Combined TRACON& Tower with Radar,0,2,10,0,12,0,11,16,0,27,0,13,26,0,39,50,0,50,89
08/18/2009,HUF,IN,AGL,CE,Combined TRACON& Tower with Radar,0,0,15,0,15,0,6,25,0,31,0,6,40,0,46,42,0,42,88
08/19/2009,HUF,IN,AGL,CE,Combined TRACON& Tower with Radar,0,5,13,1,19,0,1,8,0,9,0,6,21,1,28,0,0,0,28
08/20/2009,HUF,IN,AGL,CE,Combined TRACON& Tower with Radar,0,3,23,1,27,2,2,20,1,25,2,5,43,2,52,36,0,36,88
08/21/2009,HUF,IN,AGL,CE,Combined TRACON& Tower with Radar,0,0,13,0,13,0,2,18,1,21,0,2,31,1,34,18,0,18,52
08/22/2009,HUF,IN,AGL,CE,Combined TRACON& Tower with Radar,0,0,9,0,9,0,0,12,2,14,0,0,21,2,23,10,0,10,33
08/23/2009,HUF,IN,AGL,CE,Combined TRACON& Tower with Radar,0,0,0,0,0,0,1,17,0,18,0,1,17,0,18,12,0,12,30
08/24/2009,HUF,IN,AGL,CE,Combined TRACON& Tower with Radar,0,0,12,16,28,0,0,48,1,49,0,0,60,17,77,44,12,56,133
08/25/2009,HUF,IN,AGL,CE,Combined TRACON& Tower with Radar,0,1,17,0,18,0,1,46,3,50,0,2,63,3,68,44,0,44,112
08/26/2009,HUF,IN,AGL,CE,Combined TRACON& Tower with Radar,0,3,11,0,14,0,0,29,1,30,0,3,40,1,44,68,0,68,112
08/27/2009,HUF,IN,AGL,CE,Combined TRACON& Tower with Radar,0,0,22,0,22,0,4,28,0,32,0,4,50,0,54,30,0,30,84
08/28/2009,HUF,IN,AGL,CE,Combined TRACON& Tower with Radar,0,0,13,0,13,0,0,14,0,14,0,0,27,0,27,20,0,20,47
08/29/2009,HUF,IN,AGL,CE,Combined TRACON& Tower with Radar,0,0,9,0,9,0,2,15,2,19,0,2,24,2,28,8,0,8,36
08/30/2009,HUF,IN,AGL,CE,Combined TRACON& Tower with Radar,0,0,5,4,9,0,3,24,0,27,0,3,29,4,36,20,2,22,58
08/31/2009,HUF,IN,AGL,CE,Combined TRACON& Tower with Radar,0,1,26,0,27,0,5,66,0,71,0,6,92,0,98,60,0,60,158
09/01/2009,HUF,IN,AGL,CE,Combined TRACON& Tower with Radar,0,1,20,0,21,0,3,82,0,85,0,4,102,0,106,76,0,76,182
09/02/2009,HUF,IN,AGL,CE,Combined TRACON& Tower with Radar,0,2,21,0,23,0,7,127,1,135,0,9,148,1,158,43,0,43,201
09/03/2009,HUF,IN,AGL,CE,Combined TRACON& Tower with Radar,0,1,31,0,32,0,4,83,1,88,0,5,114,1,120,20,0,20,140
09/04/2009,HUF,IN,AGL,CE,Combined TRACON& Tower with Radar,0,0,23,0,23,0,1,48,0,49,0,1,71,0,72,50,0,50,122
09/05/2009,HUF,IN,AGL,CE,Combined TRACON& Tower with Radar,0,0,7,0,7,0,2,29,0,31,0,2,36,0,38,36,0,36,74
09/06/2009,HUF,IN,AGL,CE,Combined TRACON& Tower with Radar,0,0,5,0,5,0,4,12,0,16,0,4,17,0,21,8,0,8,29
09/07/2009,HUF,IN,AGL,CE,Combined TRACON& Tower with Radar,0,2,13,0,15,8,2,14,0,24,8,4,27,0,39,28,0,28,67
09/08/2009,HUF,IN,AGL,CE,Combined TRACON& Tower with Radar,0,0,26,0,26,0,0,32,0,32,0,0,58,0,58,60,0,60,118
09/09/2009,HUF,IN,AGL,CE,Combined TRACON& Tower with Radar,0,0,12,0,12,0,2,51,0,53,0,2,63,0,65,72,0,72,137
09/10/2009,HUF,IN,AGL,CE,Combined TRACON& Tower with Radar,0,1,19,1,21,0,4,67,2,73,0,5,86,3,94,70,0,70,164
09/11/2009,HUF,IN,AGL,CE,Combined TRACON& Tower with Radar,2,0,7,0,9,0,7,87,1,95,2,7,94,1,104,82,0,82,186
09/12/2009,HUF,IN,AGL,CE,Combined TRACON& Tower with Radar,0,0,13,30,43,0,4,46,0,50,0,4,59,30,93,20,16,36,129
09/13/2009,HUF,IN,AGL,CE,Combined TRACON& Tower with Radar,0,0,3,0,3,0,4,40,0,44,0,4,43,0,47,20,0,20,67
09/14/2009,HUF,IN,AGL,CE,Combined TRACON& Tower with Radar,0,0,29,0,29,0,4,119,0,123,0,4,148,0,152,124,0,124,276
09/15/2009,HUF,IN,AGL,CE,Combined TRACON& Tower with Radar,0,0,20,0,20,0,2,56,0,58,0,2,76,0,78,90,0,90,168
09/16/2009,HUF,IN,AGL,CE,Combined TRACON& Tower with Radar,0,0,35,0,35,0,1,108,0,109,0,1,143,0,144,91,0,91,235
09/17/2009,HUF,IN,AGL,CE,Combined TRACON& Tower with Radar,0,0,21,2,23,0,2,80,0,82,0,2,101,2,105,80,20,100,205
09/18/2009,HUF,IN,AGL,CE,Combined TRACON& Tower with Radar,2,2,22,8,34,0,3,100,0,103,2,5,122,8,137,138,0,138,275
09/19/2009,HUF,IN,AGL,CE,Combined TRACON& Tower with Radar,0,2,9,0,11,0,4,67,0,71,0,6,76,0,82,62,0,62,144
09/20/2009,HUF,IN,AGL,CE,Combined TRACON& Tower with Radar,2,0,3,0,5,0,2,1,0,3,2,2,4,0,8,6,0,6,14
09/21/2009,HUF,IN,AGL,CE,Combined TRACON& Tower with Radar,0,0,47,0,47,0,0,34,3,37,0,0,81,3,84,80,0,80,164
09/22/2009,HUF,IN,AGL,CE,Combined TRACON& Tower with Radar,0,0,34,0,34,0,2,14,0,16,0,2,48,0,50,32,0,32,82
09/23/2009,HUF,IN,AGL,CE,Combined TRACON& Tower with Radar,0,0,33,0,33,0,1,59,0,60,0,1,92,0,93,178,0,178,271
09/24/2009,HUF,IN,AGL,CE,Combined TRACON& Tower with Radar,0,4,21,0,25,0,0,1,0,1,0,4,22,0,26,0,0,0,26
09/25/2009,HUF,IN,AGL,CE,Combined TRACON& Tower with Radar,2,0,12,0,14,0,0,1,0,1,2,0,13,0,15,0,0,0,15
09/26/2009,HUF,IN,AGL,CE,Combined TRACON& Tower with Radar,0,0,0,1,1,0,0,20,1,21,0,0,20,2,22,20,0,20,42
09/27/2009,HUF,IN,AGL,CE,Combined TRACON& Tower with Radar,0,0,14,1,15,0,3,53,0,56,0,3,67,1,71,38,0,38,109
09/28/2009,HUF,IN,AGL,CE,Combined TRACON& Tower with Radar,0,0,1,0,1,0,3,10,0,13,0,3,11,0,14,14,0,14,28
09/29/2009,HUF,IN,AGL,CE,Combined TRACON& Tower with Radar,0,0,21,0,21,0,5,87,0,92,0,5,108,0,113,146,0,146,259
09/30/2009,HUF,IN,AGL,CE,Combined TRACON& Tower with Radar,0,5,36,0,41,0,6,136,1,143,0,11,172,1,184,190,0,190,374
10/01/2009,HUF,IN,AGL,CE,Combined TRACON& Tower with Radar,0,2,20,2,24,0,0,32,0,32,0,2,52,2,56,45,0,45,101
10/02/2009,HUF,IN,AGL,CE,Combined TRACON& Tower with Radar,0,1,13,7,21,0,3,19,1,23,0,4,32,8,44,2,0,2,46
10/03/2009,HUF,IN,AGL,CE,Combined TRACON& Tower with Radar,4,3,13,0,20,0,4,30,0,34,4,7,43,0,54,32,0,32,86
10/04/2009,HUF,IN,AGL,CE,Combined TRACON& Tower with Radar,0,0,12,0,12,0,1,59,0,60,0,1,71,0,72,84,0,84,156
10/05/2009,HUF,IN,AGL,CE,Combined TRACON& Tower with Radar,0,0,37,0,37,0,2,121,0,123,0,2,158,0,160,210,0,210,370
10/06/2009,HUF,IN,AGL,CE,Combined TRACON& Tower with Radar,0,6,9,0,15,0,1,2,0,3,0,7,11,0,18,0,0,0,18
10/07/2009,HUF,IN,AGL,CE,Combined TRACON& Tower with Radar,0,0,50,0,50,0,3,107,0,110,0,3,157,0,160,136,0,136,296
10/08/2009,HUF,IN,AGL,CE,Combined TRACON& Tower with Radar,0,0,7,0,7,0,0,2,0,2,0,0,9,0,9,0,0,0,9
10/09/2009,HUF,IN,AGL,CE,Combined TRACON& Tower with Radar,0,0,3,0,3,0,0,0,0,0,0,0,3,0,3,0,0,0,3
10/10/2009,HUF,IN,AGL,CE,Combined TRACON& Tower with Radar,0,0,4,2,6,0,7,54,0,61,0,7,58,2,67,54,0,54,121
10/11/2009,HUF,IN,AGL,CE,Combined TRACON& Tower with Radar,0,0,6,0,6,0,3,47,1,51,0,3,53,1,57,142,0,142,199
10/12/2009,HUF,IN,AGL,CE,Combined TRACON& Tower with Radar,0,0,37,0,37,0,1,78,1,80,0,1,115,1,117,247,0,247,364
10/13/2009,HUF,IN,AGL,CE,Combined TRACON& Tower with Radar,0,0,29,0,29,0,5,46,0,51,0,5,75,0,80,103,0,103,183
10/14/2009,HUF,IN,AGL,CE,Combined TRACON& Tower with Radar,0,0,27,0,27,0,0,4,0,4,0,0,31,0,31,21,0,21,52
10/15/2009,HUF,IN,AGL,CE,Combined TRACON& Tower with Radar,0,0,45,0,45,1,1,1,0,3,1,1,46,0,48,0,0,0,48
10/16/2009,HUF,IN,AGL,CE,Combined TRACON& Tower with Radar,0,0,29,0,29,0,5,21,0,26,0,5,50,0,55,134,0,134,189
10/17/2009,HUF,IN,AGL,CE,Combined TRACON& Tower with Radar,0,0,13,0,13,0,1,35,2,38,0,1,48,2,51,3,0,3,54
10/18/2009,HUF,IN,AGL,CE,Combined TRACON& Tower with Radar,0,0,11,0,11,0,4,55,1,60,0,4,66,1,71,26,0,26,97
10/19/2009,HUF,IN,AGL,CE,Combined TRACON& Tower with Radar,0,0,21,0,21,0,0,80,0,80,0,0,101,0,101,87,0,87,188
10/20/2009,HUF,IN,AGL,CE,Combined TRACON& Tower with Radar,0,0,18,4,22,0,1,75,0,76,0,1,93,4,98,138,4,142,240
10/21/2009,HUF,IN,AGL,CE,Combined TRACON& Tower with Radar,0,0,35,2,37,0,0,107,2,109,0,0,142,4,146,205,2,207,353
10/22/2009,HUF,IN,AGL,CE,Combined TRACON& Tower with Radar,0,1,35,0,36,0,0,45,0,45,0,1,80,0,81,100,0,100,181
10/23/2009,HUF,IN,AGL,CE,Combined TRACON& Tower with Radar,0,0,21,0,21,0,0,0,0,0,0,0,21,0,21,0,0,0,21
10/24/2009,HUF,IN,AGL,CE,Combined TRACON& Tower with Radar,0,0,12,0,12,0,1,10,0,11,0,1,22,0,23,0,0,0,23
10/25/2009,HUF,IN,AGL,CE,Combined TRACON& Tower with Radar,0,2,4,0,6,0,0,55,0,55,0,2,59,0,61,14,0,14,75
10/26/2009,HUF,IN,AGL,CE,Combined TRACON& Tower with Radar,0,0,29,2,31,0,1,83,0,84,0,1,112,2,115,211,0,211,326
10/27/2009,HUF,IN,AGL,CE,Combined TRACON& Tower with Radar,0,0,0,0,0,0,0,0,0,0,0,0,0,0,0,0,0,0,0
10/28/2009,HUF,IN,AGL,CE,Combined TRACON& Tower with Radar,0,0,42,2,44,0,0,20,0,20,0,0,62,2,64,138,0,138,202
10/29/2009,HUF,IN,AGL,CE,Combined TRACON& Tower with Radar,0,4,38,0,42,0,0,44,0,44,0,4,82,0,86,179,0,179,265
10/30/2009,HUF,IN,AGL,CE,Combined TRACON& Tower with Radar,0,0,2,0,2,0,0,0,0,0,0,0,2,0,2,0,0,0,2
10/31/2009,HUF,IN,AGL,CE,Combined TRACON& Tower with Radar,0,0,6,0,6,0,5,22,0,27,0,5,28,0,33,6,0,6,39
11/01/2009,HUF,IN,AGL,CE,Combined TRACON& Tower with Radar,0,0,12,0,12,0,4,45,1,50,0,4,57,1,62,58,0,58,120
11/02/2009,HUF,IN,AGL,CE,Combined TRACON& Tower with Radar,0,0,29,0,29,0,0,114,0,114,0,0,143,0,143,296,0,296,439
11/03/2009,HUF,IN,AGL,CE,Combined TRACON& Tower with Radar,0,0,35,0,35,0,4,83,0,87,0,4,118,0,122,155,0,155,277
11/04/2009,HUF,IN,AGL,CE,Combined TRACON& Tower with Radar,0,2,34,0,36,0,1,101,0,102,0,3,135,0,138,128,0,128,266
11/05/2009,HUF,IN,AGL,CE,Combined TRACON& Tower with Radar,0,5,24,0,29,0,1,88,1,90,0,6,112,1,119,216,0,216,335
11/06/2009,HUF,IN,AGL,CE,Combined TRACON& Tower with Radar,0,0,19,0,19,0,4,104,0,108,0,4,123,0,127,147,0,147,274
11/07/2009,HUF,IN,AGL,CE,Combined TRACON& Tower with Radar,0,0,9,0,9,0,5,31,0,36,0,5,40,0,45,46,0,46,91
11/08/2009,HUF,IN,AGL,CE,Combined TRACON& Tower with Radar,0,0,6,0,6,0,3,44,1,48,0,3,50,1,54,71,0,71,125
11/09/2009,HUF,IN,AGL,CE,Combined TRACON& Tower with Radar,0,2,31,0,33,0,1,102,0,103,0,3,133,0,136,230,0,230,366
11/10/2009,HUF,IN,AGL,CE,Combined TRACON& Tower with Radar,0,0,21,0,21,0,7,21,0,28,0,7,42,0,49,128,0,128,177
11/11/2009,HUF,IN,AGL,CE,Combined TRACON& Tower with Radar,0,0,19,0,19,0,8,94,0,102,0,8,113,0,121,80,0,80,201
11/12/2009,HUF,IN,AGL,CE,Combined TRACON& Tower with Radar,0,0,29,1,30,0,0,70,0,70,0,0,99,1,100,51,0,51,151
11/13/2009,HUF,IN,AGL,CE,Combined TRACON& Tower with Radar,1,0,20,2,23,0,1,64,1,66,1,1,84,3,89,107,2,109,198
11/14/2009,HUF,IN,AGL,CE,Combined TRACON& Tower with Radar,1,0,16,0,17,0,5,84,0,89,1,5,100,0,106,32,0,32,138
11/15/2009,HUF,IN,AGL,CE,Combined TRACON& Tower with Radar,0,2,9,0,11,0,2,8,0,10,0,4,17,0,21,0,0,0,21
11/16/2009,HUF,IN,AGL,CE,Combined TRACON& Tower with Radar,0,0,20,0,20,0,0,41,0,41,0,0,61,0,61,52,0,52,113
11/17/2009,HUF,IN,AGL,CE,Combined TRACON& Tower with Radar,0,0,15,0,15,0,0,0,0,0,0,0,15,0,15,0,0,0,15
11/18/2009,HUF,IN,AGL,CE,Combined TRACON& Tower with Radar,0,0,33,0,33,0,6,37,0,43,0,6,70,0,76,171,0,171,247
11/19/2009,HUF,IN,AGL,CE,Combined TRACON& Tower with Radar,0,2,14,0,16,0,0,5,0,5,0,2,19,0,21,0,0,0,21
11/20/2009,HUF,IN,AGL,CE,Combined TRACON& Tower with Radar,0,1,20,0,21,0,3,31,0,34,0,4,51,0,55,56,0,56,111
11/21/2009,HUF,IN,AGL,CE,Combined TRACON& Tower with Radar,0,0,8,0,8,0,3,65,0,68,0,3,73,0,76,68,0,68,144
11/22/2009,HUF,IN,AGL,CE,Combined TRACON& Tower with Radar,0,0,9,0,9,0,0,30,0,30,0,0,39,0,39,74,0,74,113
11/23/2009,HUF,IN,AGL,CE,Combined TRACON& Tower with Radar,2,0,33,0,35,0,3,81,0,84,2,3,114,0,119,177,0,177,296
11/24/2009,HUF,IN,AGL,CE,Combined TRACON& Tower with Radar,0,0,14,0,14,0,0,5,0,5,0,0,19,0,19,0,0,0,19
11/25/2009,HUF,IN,AGL,CE,Combined TRACON& Tower with Radar,0,0,7,0,7,0,1,4,0,5,0,1,11,0,12,0,0,0,12
11/26/2009,HUF,IN,AGL,CE,Combined TRACON& Tower with Radar,0,1,2,0,3,0,0,3,0,3,0,1,5,0,6,0,0,0,6
11/27/2009,HUF,IN,AGL,CE,Combined TRACON& Tower with Radar,0,1,6,0,7,0,5,24,0,29,0,6,30,0,36,12,0,12,48
11/28/2009,HUF,IN,AGL,CE,Combined TRACON& Tower with Radar,0,0,8,0,8,0,2,21,0,23,0,2,29,0,31,6,0,6,37
11/29/2009,HUF,IN,AGL,CE,Combined TRACON& Tower with Radar,0,2,3,0,5,0,0,2,0,2,0,2,5,0,7,0,0,0,7
11/30/2009,HUF,IN,AGL,CE,Combined TRACON& Tower with Radar,0,2,33,0,35,0,0,58,0,58,0,2,91,0,93,65,0,65,158
12/01/2009,HUF,IN,AGL,CE,Combined TRACON& Tower with Radar,0,0,30,0,30,0,7,73,0,80,0,7,103,0,110,148,0,148,258
12/02/2009,HUF,IN,AGL,CE,Combined TRACON& Tower with Radar,0,2,20,0,22,0,4,49,0,53,0,6,69,0,75,158,0,158,233
12/03/2009,HUF,IN,AGL,CE,Combined TRACON& Tower with Radar,0,2,23,0,25,0,4,33,0,37,0,6,56,0,62,34,0,34,96
12/04/2009,HUF,IN,AGL,CE,Combined TRACON& Tower with Radar,0,0,29,4,33,0,1,63,2,66,0,1,92,6,99,151,10,161,260
12/05/2009,HUF,IN,AGL,CE,Combined TRACON& Tower with Radar,0,0,7,0,7,0,1,43,0,44,0,1,50,0,51,10,0,10,61
12/06/2009,HUF,IN,AGL,CE,Combined TRACON& Tower with Radar,0,0,6,2,8,0,2,35,0,37,0,2,41,2,45,45,0,45,90
12/07/2009,HUF,IN,AGL,CE,Combined TRACON& Tower with Radar,0,0,3,0,3,0,0,2,0,2,0,0,5,0,5,14,0,14,19
12/08/2009,HUF,IN,AGL,CE,Combined TRACON& Tower with Radar,0,0,5,0,5,0,0,3,0,3,0,0,8,0,8,39,0,39,47
12/09/2009,HUF,IN,AGL,CE,Combined TRACON& Tower with Radar,0,0,0,0,0,0,0,0,1,1,0,0,0,1,1,0,0,0,1
12/10/2009,HUF,IN,AGL,CE,Combined TRACON& Tower with Radar,0,4,7,2,13,0,4,16,1,21,0,8,23,3,34,2,0,2,36
12/11/2009,HUF,IN,AGL,CE,Combined TRACON& Tower with Radar,0,0,25,2,27,0,0,74,0,74,0,0,99,2,101,114,0,114,215
12/12/2009,HUF,IN,AGL,CE,Combined TRACON& Tower with Radar,0,0,15,0,15,0,2,58,0,60,0,2,73,0,75,142,0,142,217
12/13/2009,HUF,IN,AGL,CE,Combined TRACON& Tower with Radar,0,0,5,0,5,0,0,0,0,0,0,0,5,0,5,0,0,0,5
12/14/2009,HUF,IN,AGL,CE,Combined TRACON& Tower with Radar,0,0,3,0,3,0,4,2,0,6,0,4,5,0,9,0,0,0,9
12/15/2009,HUF,IN,AGL,CE,Combined TRACON& Tower with Radar,0,0,15,0,15,0,4,19,0,23,0,4,34,0,38,21,0,21,59
12/16/2009,HUF,IN,AGL,CE,Combined TRACON& Tower with Radar,0,0,19,0,19,0,0,99,2,101,0,0,118,2,120,124,0,124,244
12/17/2009,HUF,IN,AGL,CE,Combined TRACON& Tower with Radar,0,0,14,0,14,0,1,45,1,47,0,1,59,1,61,54,0,54,115
12/18/2009,HUF,IN,AGL,CE,Combined TRACON& Tower with Radar,0,2,8,0,10,0,0,17,0,17,0,2,25,0,27,50,0,50,77
12/19/2009,HUF,IN,AGL,CE,Combined TRACON& Tower with Radar,0,0,0,0,0,0,0,0,0,0,0,0,0,0,0,0,0,0,0
12/20/2009,HUF,IN,AGL,CE,Combined TRACON& Tower with Radar,0,0,3,0,3,0,0,0,0,0,0,0,3,0,3,0,0,0,3
12/21/2009,HUF,IN,AGL,CE,Combined TRACON& Tower with Radar,0,0,2,0,2,0,3,2,0,5,0,3,4,0,7,0,0,0,7
12/22/2009,HUF,IN,AGL,CE,Combined TRACON& Tower with Radar,0,0,7,0,7,0,0,4,0,4,0,0,11,0,11,0,0,0,11
12/23/2009,HUF,IN,AGL,CE,Combined TRACON& Tower with Radar,0,0,5,0,5,0,1,2,0,3,0,1,7,0,8,0,0,0,8
12/24/2009,HUF,IN,AGL,CE,Combined TRACON& Tower with Radar,0,0,3,0,3,0,1,1,0,2,0,1,4,0,5,0,0,0,5
12/25/2009,HUF,IN,AGL,CE,Combined TRACON& Tower with Radar,0,0,0,0,0,0,0,0,0,0,0,0,0,0,0,0,0,0,0
12/26/2009,HUF,IN,AGL,CE,Combined TRACON& Tower with Radar,0,0,1,0,1,0,0,5,0,5,0,0,6,0,6,0,0,0,6
12/27/2009,HUF,IN,AGL,CE,Combined TRACON& Tower with Radar,0,0,7,0,7,0,0,1,0,1,0,0,8,0,8,0,0,0,8
12/28/2009,HUF,IN,AGL,CE,Combined TRACON& Tower with Radar,0,0,0,0,0,0,2,1,0,3,0,2,1,0,3,0,0,0,3
12/29/2009,HUF,IN,AGL,CE,Combined TRACON& Tower with Radar,0,0,10,0,10,0,1,18,0,19,0,1,28,0,29,8,0,8,37
12/30/2009,HUF,IN,AGL,CE,Combined TRACON& Tower with Radar,0,1,2,0,3,0,0,3,0,3,0,1,5,0,6,0,0,0,6
12/31/2009,HUF,IN,AGL,CE,Combined TRACON& Tower with Radar,0,1,1,0,2,0,0,0,0,0,0,1,1,0,2,0,0,0,2
01/01/2010,HUF,IN,AGL,CE,Combined TRACON& Tower with Radar,0,0,0,0,0,0,0,5,0,5,0,0,5,0,5,0,0,0,5
01/02/2010,HUF,IN,AGL,CE,Combined TRACON& Tower with Radar,0,4,4,0,8,0,0,14,0,14,0,4,18,0,22,6,0,6,28
01/03/2010,HUF,IN,AGL,CE,Combined TRACON& Tower with Radar,0,0,6,0,6,0,1,33,0,34,0,1,39,0,40,42,0,42,82
01/04/2010,HUF,IN,AGL,CE,Combined TRACON& Tower with Radar,0,0,3,0,3,0,0,21,0,21,0,0,24,0,24,10,0,10,34
01/05/2010,HUF,IN,AGL,CE,Combined TRACON& Tower with Radar,0,0,7,0,7,0,6,19,1,26,0,6,26,1,33,0,0,0,33
01/06/2010,HUF,IN,AGL,CE,Combined TRACON& Tower with Radar,0,0,6,0,6,0,0,24,0,24,0,0,30,0,30,2,0,2,32
01/07/2010,HUF,IN,AGL,CE,Combined TRACON& Tower with Radar,0,4,2,0,6,0,0,0,0,0,0,4,2,0,6,0,0,0,6
01/08/2010,HUF,IN,AGL,CE,Combined TRACON& Tower with Radar,0,0,0,0,0,0,0,1,0,1,0,0,1,0,1,0,0,0,1
01/09/2010,HUF,IN,AGL,CE,Combined TRACON& Tower with Radar,0,0,12,0,12,0,3,16,0,19,0,3,28,0,31,0,0,0,31
01/10/2010,HUF,IN,AGL,CE,Combined TRACON& Tower with Radar,0,0,13,0,13,0,3,22,2,27,0,3,35,2,40,6,4,10,50
01/11/2010,HUF,IN,AGL,CE,Combined TRACON& Tower with Radar,0,0,31,0,31,0,7,32,0,39,0,7,63,0,70,26,0,26,96
01/12/2010,HUF,IN,AGL,CE,Combined TRACON& Tower with Radar,0,1,43,0,44,0,1,49,0,50,0,2,92,0,94,99,0,99,193
01/13/2010,HUF,IN,AGL,CE,Combined TRACON& Tower with Radar,0,4,72,0,76,0,0,71,0,71,0,4,143,0,147,142,0,142,289
01/14/2010,HUF,IN,AGL,CE,Combined TRACON& Tower with Radar,0,2,47,0,49,0,0,62,0,62,0,2,109,0,111,148,0,148,259
01/15/2010,HUF,IN,AGL,CE,Combined TRACON& Tower with Radar,0,2,5,0,7,0,0,0,0,0,0,2,5,0,7,0,0,0,7
01/16/2010,HUF,IN,AGL,CE,Combined TRACON& Tower with Radar,0,0,0,0,0,0,0,0,0,0,0,0,0,0,0,0,0,0,0
01/17/2010,HUF,IN,AGL,CE,Combined TRACON& Tower with Radar,0,0,3,0,3,0,0,0,0,0,0,0,3,0,3,0,0,0,3
01/18/2010,HUF,IN,AGL,CE,Combined TRACON& Tower with Radar,0,0,1,0,1,0,0,0,0,0,0,0,1,0,1,0,0,0,1
01/19/2010,HUF,IN,AGL,CE,Combined TRACON& Tower with Radar,0,1,6,0,7,0,0,0,0,0,0,1,6,0,7,0,0,0,7
01/20/2010,HUF,IN,AGL,CE,Combined TRACON& Tower with Radar,0,1,0,0,1,0,0,0,0,0,0,1,0,0,1,2,0,2,3
01/21/2010,HUF,IN,AGL,CE,Combined TRACON& Tower with Radar,0,0,9,0,9,0,0,0,0,0,0,0,9,0,9,0,0,0,9
01/22/2010,HUF,IN,AGL,CE,Combined TRACON& Tower with Radar,0,0,15,0,15,0,0,0,0,0,0,0,15,0,15,0,0,0,15
01/23/2010,HUF,IN,AGL,CE,Combined TRACON& Tower with Radar,0,2,22,0,24,0,3,0,0,3,0,5,22,0,27,0,0,0,27
01/24/2010,HUF,IN,AGL,CE,Combined TRACON& Tower with Radar,0,2,0,0,2,0,0,0,0,0,0,2,0,0,2,0,0,0,2
01/25/2010,HUF,IN,AGL,CE,Combined TRACON& Tower with Radar,0,0,7,0,7,0,0,2,0,2,0,0,9,0,9,24,0,24,33
01/26/2010,HUF,IN,AGL,CE,Combined TRACON& Tower with Radar,0,1,32,0,33,0,1,28,0,29,0,2,60,0,62,86,0,86,148
01/27/2010,HUF,IN,AGL,CE,Combined TRACON& Tower with Radar,0,0,69,0,69,0,1,93,1,95,0,1,162,1,164,211,0,211,375
01/28/2010,HUF,IN,AGL,CE,Combined TRACON& Tower with Radar,0,0,43,0,43,0,0,68,0,68,0,0,111,0,111,46,0,46,157
01/29/2010,HUF,IN,AGL,CE,Combined TRACON& Tower with Radar,0,3,45,0,48,0,0,54,2,56,0,3,99,2,104,134,0,134,238
01/30/2010,HUF,IN,AGL,CE,Combined TRACON& Tower with Radar,0,0,21,0,21,0,1,74,2,77,0,1,95,2,98,137,0,137,235
01/31/2010,HUF,IN,AGL,CE,Combined TRACON& Tower with Radar,0,0,18,0,18,0,3,71,0,74,0,3,89,0,92,124,0,124,216
02/01/2010,HUF,IN,AGL,CE,Combined TRACON& Tower with Radar,0,0,37,0,37,0,1,72,0,73,0,1,109,0,110,274,0,274,384
02/02/2010,HUF,IN,AGL,CE,Combined TRACON& Tower with Radar,0,0,20,0,20,0,0,21,0,21,0,0,41,0,41,121,0,121,162
02/03/2010,HUF,IN,AGL,CE,Combined TRACON& Tower with Radar,0,0,27,0,27,0,1,15,0,16,0,1,42,0,43,138,0,138,181
02/04/2010,HUF,IN,AGL,CE,Combined TRACON& Tower with Radar,0,2,31,0,33,0,0,73,0,73,0,2,104,0,106,124,0,124,230
02/05/2010,HUF,IN,AGL,CE,Combined TRACON& Tower with Radar,0,2,0,0,2,0,0,0,0,0,0,2,0,0,2,0,0,0,2
02/06/2010,HUF,IN,AGL,CE,Combined TRACON& Tower with Radar,0,2,6,0,8,0,0,3,0,3,0,2,9,0,11,22,0,22,33
02/07/2010,HUF,IN,AGL,CE,Combined TRACON& Tower with Radar,0,0,17,0,17,0,1,35,0,36,0,1,52,0,53,22,0,22,75
02/08/2010,HUF,IN,AGL,CE,Combined TRACON& Tower with Radar,0,4,41,2,47,0,0,75,0,75,0,4,116,2,122,70,0,70,192
02/09/2010,HUF,IN,AGL,CE,Combined TRACON& Tower with Radar,0,5,1,0,6,0,0,0,0,0,0,5,1,0,6,0,0,0,6
02/10/2010,HUF,IN,AGL,CE,Combined TRACON& Tower with Radar,0,7,4,0,11,0,0,8,0,8,0,7,12,0,19,14,0,14,33
02/11/2010,HUF,IN,AGL,CE,Combined TRACON& Tower with Radar,0,2,42,0,44,0,5,72,0,77,0,7,114,0,121,82,0,82,203
02/12/2010,HUF,IN,AGL,CE,Combined TRACON& Tower with Radar,0,9,45,0,54,0,0,50,0,50,0,9,95,0,104,118,0,118,222
02/13/2010,HUF,IN,AGL,CE,Combined TRACON& Tower with Radar,0,6,33,0,39,0,1,80,0,81,0,7,113,0,120,146,0,146,266
02/14/2010,HUF,IN,AGL,CE,Combined TRACON& Tower with Radar,0,3,10,0,13,0,2,9,0,11,0,5,19,0,24,30,0,30,54
02/15/2010,HUF,IN,AGL,CE,Combined TRACON& Tower with Radar,0,3,5,0,8,0,0,0,0,0,0,3,5,0,8,0,0,0,8
02/16/2010,HUF,IN,AGL,CE,Combined TRACON& Tower with Radar,0,0,4,0,4,0,0,18,0,18,0,0,22,0,22,164,0,164,186
02/17/2010,HUF,IN,AGL,CE,Combined TRACON& Tower with Radar,0,2,44,0,46,0,0,60,0,60,0,2,104,0,106,156,0,156,262
02/18/2010,HUF,IN,AGL,CE,Combined TRACON& Tower with Radar,0,3,42,0,45,0,1,54,0,55,0,4,96,0,100,138,0,138,238
02/19/2010,HUF,IN,AGL,CE,Combined TRACON& Tower with Radar,2,1,43,0,46,0,2,102,0,104,2,3,145,0,150,122,0,122,272
02/20/2010,HUF,IN,AGL,CE,Combined TRACON& Tower with Radar,0,0,12,0,12,0,1,25,0,26,0,1,37,0,38,22,0,22,60
02/21/2010,HUF,IN,AGL,CE,Combined TRACON& Tower with Radar,0,0,0,0,0,0,0,1,0,1,0,0,1,0,1,0,0,0,1
02/22/2010,HUF,IN,AGL,CE,Combined TRACON& Tower with Radar,0,0,0,0,0,0,0,0,0,0,0,0,0,0,0,0,0,0,0
02/23/2010,HUF,IN,AGL,CE,Combined TRACON& Tower with Radar,0,0,13,0,13,0,0,0,0,0,0,0,13,0,13,2,0,2,15
02/24/2010,HUF,IN,AGL,CE,Combined TRACON& Tower with Radar,0,2,3,0,5,0,0,4,0,4,0,2,7,0,9,0,0,0,9
02/25/2010,HUF,IN,AGL,CE,Combined TRACON& Tower with Radar,0,0,26,2,28,0,1,34,4,39,0,1,60,6,67,109,0,109,176
02/26/2010,HUF,IN,AGL,CE,Combined TRACON& Tower with Radar,0,2,30,12,44,0,0,80,1,81,0,2,110,13,125,89,20,109,234
02/27/2010,HUF,IN,AGL,CE,Combined TRACON& Tower with Radar,0,1,7,0,8,0,0,7,0,7,0,1,14,0,15,42,0,42,57
02/28/2010,HUF,IN,AGL,CE,Combined TRACON& Tower with Radar,0,0,7,0,7,0,1,39,1,41,0,1,46,1,48,42,0,42,90
03/01/2010,HUF,IN,AGL,CE,Combined TRACON& Tower with Radar,2,0,55,0,57,0,0,36,0,36,2,0,91,0,93,216,0,216,309
03/02/2010,HUF,IN,AGL,CE,Combined TRACON& Tower with Radar,0,0,25,0,25,0,1,29,0,30,0,1,54,0,55,97,0,97,152
03/03/2010,HUF,IN,AGL,CE,Combined TRACON& Tower with Radar,0,0,47,0,47,0,1,108,0,109,0,1,155,0,156,210,0,210,366
03/04/2010,HUF,IN,AGL,CE,Combined TRACON& Tower with Radar,0,0,52,0,52,0,0,119,0,119,0,0,171,0,171,173,0,173,344
03/05/2010,HUF,IN,AGL,CE,Combined TRACON& Tower with Radar,0,0,52,0,52,0,1,67,0,68,0,1,119,0,120,92,0,92,212
03/06/2010,HUF,IN,AGL,CE,Combined TRACON& Tower with Radar,0,0,17,0,17,0,4,61,0,65,0,4,78,0,82,57,0,57,139
03/07/2010,HUF,IN,AGL,CE,Combined TRACON& Tower with Radar,0,1,7,0,8,0,1,23,0,24,0,2,30,0,32,96,0,96,128
03/08/2010,HUF,IN,AGL,CE,Combined TRACON& Tower with Radar,0,0,9,0,9,0,0,7,0,7,0,0,16,0,16,32,0,32,48
03/09/2010,HUF,IN,AGL,CE,Combined TRACON& Tower with Radar,0,0,16,0,16,0,3,8,0,11,0,3,24,0,27,14,0,14,41
03/10/2010,HUF,IN,AGL,CE,Combined TRACON& Tower with Radar,0,1,20,0,21,0,1,21,3,25,0,2,41,3,46,10,0,10,56
03/11/2010,HUF,IN,AGL,CE,Combined TRACON& Tower with Radar,0,0,13,0,13,0,3,4,1,8,0,3,17,1,21,0,0,0,21
03/12/2010,HUF,IN,AGL,CE,Combined TRACON& Tower with Radar,0,0,16,12,28,0,0,4,0,4,0,0,20,12,32,12,4,16,48
03/13/2010,HUF,IN,AGL,CE,Combined TRACON& Tower with Radar,0,0,8,2,10,0,0,0,0,0,0,0,8,2,10,0,0,0,10
03/14/2010,HUF,IN,AGL,CE,Combined TRACON& Tower with Radar,0,0,7,0,7,0,0,17,0,17,0,0,24,0,24,32,0,32,56
03/15/2010,HUF,IN,AGL,CE,Combined TRACON& Tower with Radar,0,0,79,0,79,0,0,43,0,43,0,0,122,0,122,178,0,178,300
03/16/2010,HUF,IN,AGL,CE,Combined TRACON& Tower with Radar,0,0,44,2,46,0,0,119,2,121,0,0,163,4,167,117,0,117,284
03/17/2010,HUF,IN,AGL,CE,Combined TRACON& Tower with Radar,0,0,67,4,71,0,2,142,0,144,0,2,209,4,215,145,0,145,360
03/18/2010,HUF,IN,AGL,CE,Combined TRACON& Tower with Radar,0,0,48,0,48,0,0,133,0,133,0,0,181,0,181,176,0,176,357
03/19/2010,HUF,IN,AGL,CE,Combined TRACON& Tower with Radar,0,0,51,0,51,0,0,75,0,75,0,0,126,0,126,70,0,70,196
03/20/2010,HUF,IN,AGL,CE,Combined TRACON& Tower with Radar,0,2,22,0,24,0,0,34,0,34,0,2,56,0,58,56,0,56,114
03/21/2010,HUF,IN,AGL,CE,Combined TRACON& Tower with Radar,0,0,0,0,0,0,3,2,0,5,0,3,2,0,5,10,0,10,15
03/22/2010,HUF,IN,AGL,CE,Combined TRACON& Tower with Radar,0,0,56,0,56,0,1,7,0,8,0,1,63,0,64,0,0,0,64
03/23/2010,HUF,IN,AGL,CE,Combined TRACON& Tower with Radar,0,2,24,0,26,0,6,91,0,97,0,8,115,0,123,67,0,67,190
03/24/2010,HUF,IN,AGL,CE,Combined TRACON& Tower with Radar,0,0,54,6,60,0,6,125,0,131,0,6,179,6,191,308,0,308,499
03/25/2010,HUF,IN,AGL,CE,Combined TRACON& Tower with Radar,0,0,50,0,50,0,1,18,0,19,0,1,68,0,69,10,0,10,79
03/26/2010,HUF,IN,AGL,CE,Combined TRACON& Tower with Radar,0,0,27,0,27,0,3,116,0,119,0,3,143,0,146,178,0,178,324
03/27/2010,HUF,IN,AGL,CE,Combined TRACON& Tower with Radar,0,2,24,10,36,0,2,105,0,107,0,4,129,10,143,148,20,168,311
03/28/2010,HUF,IN,AGL,CE,Combined TRACON& Tower with Radar,0,0,7,0,7,0,0,0,0,0,0,0,7,0,7,0,0,0,7
03/29/2010,HUF,IN,AGL,CE,Combined TRACON& Tower with Radar,0,0,52,2,54,0,0,149,0,149,0,0,201,2,203,229,0,229,432
03/30/2010,HUF,IN,AGL,CE,Combined TRACON& Tower with Radar,0,0,56,0,56,0,2,119,0,121,0,2,175,0,177,198,0,198,375
03/31/2010,HUF,IN,AGL,CE,Combined TRACON& Tower with Radar,2,1,39,0,42,0,1,82,0,83,2,2,121,0,125,130,0,130,255
04/01/2010,HUF,IN,AGL,CE,Combined TRACON& Tower with Radar,0,0,43,0,43,0,0,89,0,89,0,0,132,0,132,92,0,92,224
04/02/2010,HUF,IN,AGL,CE,Combined TRACON& Tower with Radar,0,0,20,3,23,0,3,40,0,43,0,3,60,3,66,84,0,84,150
04/03/2010,HUF,IN,AGL,CE,Combined TRACON& Tower with Radar,0,1,15,0,16,0,2,2,0,4,0,3,17,0,20,0,0,0,20
04/04/2010,HUF,IN,AGL,CE,Combined TRACON& Tower with Radar,0,1,10,1,12,0,7,25,0,32,0,8,35,1,44,2,0,2,46
04/05/2010,HUF,IN,AGL,CE,Combined TRACON& Tower with Radar,0,0,28,0,28,0,3,66,0,69,0,3,94,0,97,134,0,134,231
04/06/2010,HUF,IN,AGL,CE,Combined TRACON& Tower with Radar,0,2,10,0,12,0,4,20,0,24,0,6,30,0,36,12,0,12,48
04/07/2010,HUF,IN,AGL,CE,Combined TRACON& Tower with Radar,0,0,22,0,22,0,0,13,0,13,0,0,35,0,35,22,0,22,57
04/08/2010,HUF,IN,AGL,CE,Combined TRACON& Tower with Radar,2,0,26,4,32,0,1,30,0,31,2,1,56,4,63,34,0,34,97
04/09/2010,HUF,IN,AGL,CE,Combined TRACON& Tower with Radar,0,0,39,0,39,0,2,95,0,97,0,2,134,0,136,92,0,92,228
04/10/2010,HUF,IN,AGL,CE,Combined TRACON& Tower with Radar,0,0,14,2,16,0,0,72,0,72,0,0,86,2,88,58,12,70,158
04/11/2010,HUF,IN,AGL,CE,Combined TRACON& Tower with Radar,0,0,11,0,11,0,5,78,1,84,0,5,89,1,95,108,0,108,203
04/12/2010,HUF,IN,AGL,CE,Combined TRACON& Tower with Radar,0,0,65,0,65,0,2,109,0,111,0,2,174,0,176,154,0,154,330
04/13/2010,HUF,IN,AGL,CE,Combined TRACON& Tower with Radar,0,2,24,2,28,0,1,76,0,77,0,3,100,2,105,126,0,126,231
04/14/2010,HUF,IN,AGL,CE,Combined TRACON& Tower with Radar,0,0,66,0,66,0,8,128,0,136,0,8,194,0,202,256,0,256,458
04/15/2010,HUF,IN,AGL,CE,Combined TRACON& Tower with Radar,0,2,51,0,53,0,1,82,0,83,0,3,133,0,136,166,0,166,302
04/16/2010,HUF,IN,AGL,CE,Combined TRACON& Tower with Radar,0,1,18,0,19,0,1,24,0,25,0,2,42,0,44,44,0,44,88
04/17/2010,HUF,IN,AGL,CE,Combined TRACON& Tower with Radar,0,0,16,1,17,0,6,63,5,74,0,6,79,6,91,9,0,9,100
04/18/2010,HUF,IN,AGL,CE,Combined TRACON& Tower with Radar,0,0,16,0,16,0,5,54,0,59,0,5,70,0,75,46,0,46,121
04/19/2010,HUF,IN,AGL,CE,Combined TRACON& Tower with Radar,0,0,35,0,35,0,1,84,0,85,0,1,119,0,120,149,0,149,269
04/20/2010,HUF,IN,AGL,CE,Combined TRACON& Tower with Radar,0,1,36,2,39,0,1,84,0,85,0,2,120,2,124,193,0,193,317
04/21/2010,HUF,IN,AGL,CE,Combined TRACON& Tower with Radar,0,0,35,0,35,0,2,104,0,106,0,2,139,0,141,269,0,269,410
04/22/2010,HUF,IN,AGL,CE,Combined TRACON& Tower with Radar,0,2,30,0,32,0,2,71,0,73,0,4,101,0,105,99,0,99,204
04/23/2010,HUF,IN,AGL,CE,Combined TRACON& Tower with Radar,0,1,10,0,11,0,0,12,0,12,0,1,22,0,23,20,0,20,43
04/24/2010,HUF,IN,AGL,CE,Combined TRACON& Tower with Radar,0,2,0,0,2,0,0,0,0,0,0,2,0,0,2,0,0,0,2
04/25/2010,HUF,IN,AGL,CE,Combined TRACON& Tower with Radar,0,2,2,2,6,0,0,0,0,0,0,2,2,2,6,0,0,0,6
04/26/2010,HUF,IN,AGL,CE,Combined TRACON& Tower with Radar,0,2,38,0,40,0,0,41,0,41,0,2,79,0,81,86,0,86,167
04/27/2010,HUF,IN,AGL,CE,Combined TRACON& Tower with Radar,0,2,36,2,40,0,2,81,0,83,0,4,117,2,123,146,0,146,269
04/28/2010,HUF,IN,AGL,CE,Combined TRACON& Tower with Radar,0,1,45,0,46,0,0,97,0,97,0,1,142,0,143,229,0,229,372
04/29/2010,HUF,IN,AGL,CE,Combined TRACON& Tower with Radar,0,0,16,2,18,0,1,23,1,25,0,1,39,3,43,16,0,16,59
04/30/2010,HUF,IN,AGL,CE,Combined TRACON& Tower with Radar,0,0,4,0,4,0,3,6,2,11,0,3,10,2,15,2,0,2,17
05/01/2010,HUF,IN,AGL,CE,Combined TRACON& Tower with Radar,0,0,13,0,13,0,4,0,0,4,0,4,13,0,17,0,0,0,17
05/02/2010,HUF,IN,AGL,CE,Combined TRACON& Tower with Radar,0,0,15,0,15,0,0,1,0,1,0,0,16,0,16,0,0,0,16
05/03/2010,HUF,IN,AGL,CE,Combined TRACON& Tower with Radar,0,1,29,0,30,0,1,45,0,46,0,2,74,0,76,74,0,74,150
05/04/2010,HUF,IN,AGL,CE,Combined TRACON& Tower with Radar,0,1,27,14,42,0,2,61,0,63,0,3,88,14,105,88,20,108,213
05/05/2010,HUF,IN,AGL,CE,Combined TRACON& Tower with Radar,0,1,33,0,34,0,3,55,0,58,0,4,88,0,92,50,0,50,142
05/06/2010,HUF,IN,AGL,CE,Combined TRACON& Tower with Radar,0,2,28,0,30,0,1,78,0,79,0,3,106,0,109,182,0,182,291
05/07/2010,HUF,IN,AGL,CE,Combined TRACON& Tower with Radar,0,2,12,0,14,0,3,8,0,11,0,5,20,0,25,18,0,18,43
05/08/2010,HUF,IN,AGL,CE,Combined TRACON& Tower with Radar,0,3,14,4,21,0,1,7,1,9,0,4,21,5,30,2,2,4,34
05/09/2010,HUF,IN,AGL,CE,Combined TRACON& Tower with Radar,0,0,12,0,12,0,3,73,0,76,0,3,85,0,88,318,0,318,406
05/10/2010,HUF,IN,AGL,CE,Combined TRACON& Tower with Radar,0,0,18,0,18,0,11,142,1,154,0,11,160,1,172,626,0,626,798
05/11/2010,HUF,IN,AGL,CE,Combined TRACON& Tower with Radar,0,0,13,1,14,0,8,100,1,109,0,8,113,2,123,625,0,625,748
05/12/2010,HUF,IN,AGL,CE,Combined TRACON& Tower with Radar,0,0,10,0,10,0,5,33,0,38,0,5,43,0,48,377,0,377,425
05/13/2010,HUF,IN,AGL,CE,Combined TRACON& Tower with Radar,0,1,7,1,9,0,11,60,0,71,0,12,67,1,80,754,0,754,834
05/14/2010,HUF,IN,AGL,CE,Combined TRACON& Tower with Radar,0,1,22,2,25,0,16,181,10,207,0,17,203,12,232,874,0,874,1106
05/15/2010,HUF,IN,AGL,CE,Combined TRACON& Tower with Radar,0,0,12,0,12,0,13,222,6,241,0,13,234,6,253,926,0,926,1179
05/16/2010,HUF,IN,AGL,CE,Combined TRACON& Tower with Radar,0,1,10,0,11,0,10,161,10,181,0,11,171,10,192,934,0,934,1126
05/17/2010,HUF,IN,AGL,CE,Combined TRACON& Tower with Radar,0,0,8,2,10,0,0,0,0,0,0,0,8,2,10,0,0,0,10
05/18/2010,HUF,IN,AGL,CE,Combined TRACON& Tower with Radar,0,2,16,0,18,0,0,194,0,194,0,2,210,0,212,412,0,412,624
05/19/2010,HUF,IN,AGL,CE,Combined TRACON& Tower with Radar,0,1,33,2,36,0,2,148,4,154,0,3,181,6,190,496,0,496,686
05/20/2010,HUF,IN,AGL,CE,Combined TRACON& Tower with Radar,0,0,20,0,20,0,15,158,10,183,0,15,178,10,203,0,0,0,203
05/21/2010,HUF,IN,AGL,CE,Combined TRACON& Tower with Radar,0,1,15,0,16,0,0,27,0,27,0,1,42,0,43,114,0,114,157
05/22/2010,HUF,IN,AGL,CE,Combined TRACON& Tower with Radar,0,1,23,0,24,0,0,68,3,71,0,1,91,3,95,86,0,86,181
05/23/2010,HUF,IN,AGL,CE,Combined TRACON& Tower with Radar,0,5,25,0,30,0,2,142,4,148,0,7,167,4,178,26,0,26,204
05/24/2010,HUF,IN,AGL,CE,Combined TRACON& Tower with Radar,0,0,17,1,18,0,2,61,1,64,0,2,78,2,82,79,0,79,161
05/25/2010,HUF,IN,AGL,CE,Combined TRACON& Tower with Radar,0,2,31,0,33,0,0,65,0,65,0,2,96,0,98,174,0,174,272
05/26/2010,HUF,IN,AGL,CE,Combined TRACON& Tower with Radar,0,0,32,0,32,0,1,43,0,44,0,1,75,0,76,99,0,99,175
05/27/2010,HUF,IN,AGL,CE,Combined TRACON& Tower with Radar,0,2,21,0,23,0,1,26,0,27,0,3,47,0,50,70,0,70,120
05/28/2010,HUF,IN,AGL,CE,Combined TRACON& Tower with Radar,0,0,14,2,16,0,1,28,0,29,0,1,42,2,45,51,0,51,96
05/29/2010,HUF,IN,AGL,CE,Combined TRACON& Tower with Radar,0,0,6,0,6,0,3,53,0,56,0,3,59,0,62,52,0,52,114
05/30/2010,HUF,IN,AGL,CE,Combined TRACON& Tower with Radar,0,0,3,0,3,0,2,11,0,13,0,2,14,0,16,0,0,0,16
05/31/2010,HUF,IN,AGL,CE,Combined TRACON& Tower with Radar,0,0,2,0,2,0,4,14,0,18,0,4,16,0,20,38,0,38,58
06/01/2010,HUF,IN,AGL,CE,Combined TRACON& Tower with Radar,0,1,20,0,21,0,1,11,0,12,0,2,31,0,33,66,0,66,99
06/02/2010,HUF,IN,AGL,CE,Combined TRACON& Tower with Radar,0,0,15,0,15,0,2,10,0,12,0,2,25,0,27,51,0,51,78
06/03/2010,HUF,IN,AGL,CE,Combined TRACON& Tower with Radar,0,1,22,0,23,0,0,15,0,15,0,1,37,0,38,21,0,21,59
06/04/2010,HUF,IN,AGL,CE,Combined TRACON& Tower with Radar,0,0,18,2,20,0,2,20,0,22,0,2,38,2,42,38,0,38,80
06/05/2010,HUF,IN,AGL,CE,Combined TRACON& Tower with Radar,0,0,3,0,3,0,0,9,0,9,0,0,12,0,12,0,0,0,12
06/06/2010,HUF,IN,AGL,CE,Combined TRACON& Tower with Radar,0,0,10,1,11,0,2,24,0,26,0,2,34,1,37,72,0,72,109
06/07/2010,HUF,IN,AGL,CE,Combined TRACON& Tower with Radar,0,0,13,3,16,0,3,48,0,51,0,3,61,3,67,54,0,54,121
06/08/2010,HUF,IN,AGL,CE,Combined TRACON& Tower with Radar,0,0,18,2,20,0,0,26,0,26,0,0,44,2,46,49,0,49,95
06/09/2010,HUF,IN,AGL,CE,Combined TRACON& Tower with Radar,0,8,13,2,23,0,1,23,0,24,0,9,36,2,47,15,0,15,62
06/10/2010,HUF,IN,AGL,CE,Combined TRACON& Tower with Radar,0,2,14,4,20,0,3,52,0,55,0,5,66,4,75,62,0,62,137
06/11/2010,HUF,IN,AGL,CE,Combined TRACON& Tower with Radar,0,0,7,4,11,0,2,14,0,16,0,2,21,4,27,6,0,6,33
06/12/2010,HUF,IN,AGL,CE,Combined TRACON& Tower with Radar,0,0,5,0,5,0,2,11,0,13,0,2,16,0,18,24,0,24,42
06/13/2010,HUF,IN,AGL,CE,Combined TRACON& Tower with Radar,0,0,4,0,4,0,1,10,0,11,0,1,14,0,15,0,0,0,15
06/14/2010,HUF,IN,AGL,CE,Combined TRACON& Tower with Radar,0,1,11,2,14,0,1,10,0,11,0,2,21,2,25,52,2,54,79
06/15/2010,HUF,IN,AGL,CE,Combined TRACON& Tower with Radar,0,9,22,0,31,0,2,10,0,12,0,11,32,0,43,0,0,0,43
06/16/2010,HUF,IN,AGL,CE,Combined TRACON& Tower with Radar,0,10,21,0,31,0,0,48,0,48,0,10,69,0,79,84,0,84,163
06/17/2010,HUF,IN,AGL,CE,Combined TRACON& Tower with Radar,0,10,11,2,23,0,0,39,0,39,0,10,50,2,62,46,0,46,108
06/18/2010,HUF,IN,AGL,CE,Combined TRACON& Tower with Radar,0,8,10,8,26,0,2,16,2,20,0,10,26,10,46,16,0,16,62
06/19/2010,HUF,IN,AGL,CE,Combined TRACON& Tower with Radar,0,7,7,4,18,0,0,33,2,35,0,7,40,6,53,36,4,40,93
06/20/2010,HUF,IN,AGL,CE,Combined TRACON& Tower with Radar,0,5,5,2,12,0,0,11,0,11,0,5,16,2,23,32,0,32,55
06/21/2010,HUF,IN,AGL,CE,Combined TRACON& Tower with Radar,0,4,9,0,13,0,0,34,0,34,0,4,43,0,47,88,4,92,139
06/22/2010,HUF,IN,AGL,CE,Combined TRACON& Tower with Radar,0,4,7,0,11,0,2,18,1,21,0,6,25,1,32,26,12,38,70
06/23/2010,HUF,IN,AGL,CE,Combined TRACON& Tower with Radar,0,6,11,0,17,0,2,30,0,32,0,8,41,0,49,46,0,46,95
06/24/2010,HUF,IN,AGL,CE,Combined TRACON& Tower with Radar,0,7,15,0,22,0,0,36,0,36,0,7,51,0,58,39,0,39,97
06/25/2010,HUF,IN,AGL,CE,Combined TRACON& Tower with Radar,0,3,5,1,9,0,3,18,0,21,0,6,23,1,30,58,0,58,88
06/26/2010,HUF,IN,AGL,CE,Combined TRACON& Tower with Radar,0,0,3,1,4,0,11,25,0,36,0,11,28,1,40,46,0,46,86
06/27/2010,HUF,IN,AGL,CE,Combined TRACON& Tower with Radar,0,0,13,0,13,0,4,8,0,12,0,4,21,0,25,40,0,40,65
06/28/2010,HUF,IN,AGL,CE,Combined TRACON& Tower with Radar,0,0,8,0,8,0,2,30,0,32,0,2,38,0,40,70,0,70,110
06/29/2010,HUF,IN,AGL,CE,Combined TRACON& Tower with Radar,0,0,16,0,16,0,0,63,0,63,0,0,79,0,79,92,0,92,171
06/30/2010,HUF,IN,AGL,CE,Combined TRACON& Tower with Radar,0,0,13,0,13,0,0,45,1,46,0,0,58,1,59,52,0,52,111
07/01/2010,HUF,IN,AGL,CE,Combined TRACON& Tower with Radar,0,0,17,0,17,0,4,60,0,64,0,4,77,0,81,172,0,172,253
07/02/2010,HUF,IN,AGL,CE,Combined TRACON& Tower with Radar,0,0,15,2,17,0,3,43,0,46,0,3,58,2,63,136,0,136,199
07/03/2010,HUF,IN,AGL,CE,Combined TRACON& Tower with Radar,0,0,21,0,21,0,2,54,0,56,0,2,75,0,77,41,0,41,118
07/04/2010,HUF,IN,AGL,CE,Combined TRACON& Tower with Radar,0,0,7,0,7,0,0,11,0,11,0,0,18,0,18,8,0,8,26
07/05/2010,HUF,IN,AGL,CE,Combined TRACON& Tower with Radar,0,0,9,0,9,0,2,36,0,38,0,2,45,0,47,42,0,42,89
07/06/2010,HUF,IN,AGL,CE,Combined TRACON& Tower with Radar,0,0,9,0,9,0,0,34,1,35,0,0,43,1,44,72,0,72,116
07/07/2010,HUF,IN,AGL,CE,Combined TRACON& Tower with Radar,0,0,7,0,7,0,1,45,1,47,0,1,52,1,54,102,0,102,156
07/08/2010,HUF,IN,AGL,CE,Combined TRACON& Tower with Radar,0,0,13,0,13,0,0,14,0,14,0,0,27,0,27,56,0,56,83
07/09/2010,HUF,IN,AGL,CE,Combined TRACON& Tower with Radar,0,2,35,0,37,0,1,18,1,20,0,3,53,1,57,38,0,38,95
07/10/2010,HUF,IN,AGL,CE,Combined TRACON& Tower with Radar,0,0,10,8,18,0,3,44,5,52,0,3,54,13,70,88,4,92,162
07/11/2010,HUF,IN,AGL,CE,Combined TRACON& Tower with Radar,0,1,11,0,12,0,3,21,0,24,0,4,32,0,36,2,0,2,38
07/12/2010,HUF,IN,AGL,CE,Combined TRACON& Tower with Radar,0,0,17,0,17,0,0,11,0,11,0,0,28,0,28,44,0,44,72
07/13/2010,HUF,IN,AGL,CE,Combined TRACON& Tower with Radar,0,0,13,1,14,0,2,11,0,13,0,2,24,1,27,31,0,31,58
07/14/2010,HUF,IN,AGL,CE,Combined TRACON& Tower with Radar,0,0,43,0,43,0,0,80,0,80,0,0,123,0,123,81,10,91,214
07/15/2010,HUF,IN,AGL,CE,Combined TRACON& Tower with Radar,0,0,19,0,19,0,0,25,0,25,0,0,44,0,44,30,0,30,74
07/16/2010,HUF,IN,AGL,CE,Combined TRACON& Tower with Radar,0,0,24,0,24,0,0,22,4,26,0,0,46,4,50,36,0,36,86
07/17/2010,HUF,IN,AGL,CE,Combined TRACON& Tower with Radar,0,0,10,0,10,0,0,50,0,50,0,0,60,0,60,48,0,48,108
07/18/2010,HUF,IN,AGL,CE,Combined TRACON& Tower with Radar,0,0,8,0,8,0,2,5,0,7,0,2,13,0,15,6,0,6,21
07/19/2010,HUF,IN,AGL,CE,Combined TRACON& Tower with Radar,0,0,14,1,15,0,0,23,0,23,0,0,37,1,38,26,0,26,64
07/20/2010,HUF,IN,AGL,CE,Combined TRACON& Tower with Radar,0,0,12,0,12,0,0,13,0,13,0,0,25,0,25,4,0,4,29
07/21/2010,HUF,IN,AGL,CE,Combined TRACON& Tower with Radar,0,0,18,2,20,0,0,6,1,7,0,0,24,3,27,20,2,22,49
07/22/2010,HUF,IN,AGL,CE,Combined TRACON& Tower with Radar,0,0,17,0,17,0,1,21,0,22,0,1,38,0,39,56,0,56,95
07/23/2010,HUF,IN,AGL,CE,Combined TRACON& Tower with Radar,0,0,17,2,19,0,1,38,2,41,0,1,55,4,60,28,0,28,88
07/24/2010,HUF,IN,AGL,CE,Combined TRACON& Tower with Radar,0,0,19,0,19,0,0,57,0,57,0,0,76,0,76,48,0,48,124
07/25/2010,HUF,IN,AGL,CE,Combined TRACON& Tower with Radar,0,0,12,0,12,0,1,62,1,64,0,1,74,1,76,20,0,20,96
07/26/2010,HUF,IN,AGL,CE,Combined TRACON& Tower with Radar,0,1,20,18,39,0,2,49,0,51,0,3,69,18,90,28,26,54,144
07/27/2010,HUF,IN,AGL,CE,Combined TRACON& Tower with Radar,0,0,31,0,31,0,0,47,3,50,0,0,78,3,81,22,0,22,103
07/28/2010,HUF,IN,AGL,CE,Combined TRACON& Tower with Radar,0,0,14,2,16,0,0,21,0,21,0,0,35,2,37,39,0,39,76
07/29/2010,HUF,IN,AGL,CE,Combined TRACON& Tower with Radar,0,0,45,2,47,0,0,37,0,37,0,0,82,2,84,42,0,42,126
07/30/2010,HUF,IN,AGL,CE,Combined TRACON& Tower with Radar,0,0,18,16,34,0,0,25,2,27,0,0,43,18,61,28,0,28,89
07/31/2010,HUF,IN,AGL,CE,Combined TRACON& Tower with Radar,0,0,10,0,10,0,3,34,0,37,0,3,44,0,47,16,0,16,63
08/01/2010,HUF,IN,AGL,CE,Combined TRACON& Tower with Radar,0,0,16,0,16,0,0,32,2,34,0,0,48,2,50,6,2,8,58
08/02/2010,HUF,IN,AGL,CE,Combined TRACON& Tower with Radar,0,0,10,0,10,0,4,48,0,52,0,4,58,0,62,46,0,46,108
08/03/2010,HUF,IN,AGL,CE,Combined TRACON& Tower with Radar,0,0,19,2,21,0,0,16,0,16,0,0,35,2,37,71,0,71,108
08/04/2010,HUF,IN,AGL,CE,Combined TRACON& Tower with Radar,0,0,24,0,24,0,0,30,0,30,0,0,54,0,54,34,0,34,88
08/05/2010,HUF,IN,AGL,CE,Combined TRACON& Tower with Radar,0,0,27,0,27,0,4,22,2,28,0,4,49,2,55,56,0,56,111
08/06/2010,HUF,IN,AGL,CE,Combined TRACON& Tower with Radar,0,0,17,2,19,0,0,41,7,48,0,0,58,9,67,42,0,42,109
08/07/2010,HUF,IN,AGL,CE,Combined TRACON& Tower with Radar,0,0,14,18,32,0,0,73,0,73,0,0,87,18,105,114,46,160,265
08/08/2010,HUF,IN,AGL,CE,Combined TRACON& Tower with Radar,0,0,12,2,14,0,0,23,0,23,0,0,35,2,37,38,0,38,75
08/09/2010,HUF,IN,AGL,CE,Combined TRACON& Tower with Radar,0,0,8,0,8,0,0,29,0,29,0,0,37,0,37,78,0,78,115
08/10/2010,HUF,IN,AGL,CE,Combined TRACON& Tower with Radar,0,0,21,1,22,0,1,25,1,27,0,1,46,2,49,54,0,54,103
08/11/2010,HUF,IN,AGL,CE,Combined TRACON& Tower with Radar,0,0,15,0,15,0,3,32,0,35,0,3,47,0,50,40,0,40,90
08/12/2010,HUF,IN,AGL,CE,Combined TRACON& Tower with Radar,0,0,29,0,29,0,1,45,0,46,0,1,74,0,75,38,0,38,113
08/13/2010,HUF,IN,AGL,CE,Combined TRACON& Tower with Radar,0,0,29,28,57,0,1,41,1,43,0,1,70,29,100,58,22,80,180
08/14/2010,HUF,IN,AGL,CE,Combined TRACON& Tower with Radar,0,0,13,0,13,0,0,66,2,68,0,0,79,2,81,60,0,60,141
08/15/2010,HUF,IN,AGL,CE,Combined TRACON& Tower with Radar,0,0,10,0,10,0,0,18,0,18,0,0,28,0,28,8,0,8,36
08/16/2010,HUF,IN,AGL,CE,Combined TRACON& Tower with Radar,0,0,16,7,23,0,1,40,1,42,0,1,56,8,65,51,10,61,126
08/17/2010,HUF,IN,AGL,CE,Combined TRACON& Tower with Radar,0,0,22,0,22,0,1,38,0,39,0,1,60,0,61,38,0,38,99
08/18/2010,HUF,IN,AGL,CE,Combined TRACON& Tower with Radar,0,0,18,0,18,0,0,38,0,38,0,0,56,0,56,86,0,86,142
08/19/2010,HUF,IN,AGL,CE,Combined TRACON& Tower with Radar,0,0,21,0,21,0,1,41,1,43,0,1,62,1,64,68,0,68,132
08/20/2010,HUF,IN,AGL,CE,Combined TRACON& Tower with Radar,0,0,15,1,16,0,0,27,1,28,0,0,42,2,44,34,0,34,78
08/21/2010,HUF,IN,AGL,CE,Combined TRACON& Tower with Radar,0,0,8,2,10,0,0,3,0,3,0,0,11,2,13,0,0,0,13
08/22/2010,HUF,IN,AGL,CE,Combined TRACON& Tower with Radar,0,0,12,1,13,0,1,21,1,23,0,1,33,2,36,30,0,30,66
08/23/2010,HUF,IN,AGL,CE,Combined TRACON& Tower with Radar,0,0,8,3,11,0,0,23,1,24,0,0,31,4,35,32,2,34,69
08/24/2010,HUF,IN,AGL,CE,Combined TRACON& Tower with Radar,0,0,14,0,14,0,0,31,1,32,0,0,45,1,46,16,0,16,62
08/25/2010,HUF,IN,AGL,CE,Combined TRACON& Tower with Radar,0,0,13,1,14,0,1,30,8,39,0,1,43,9,53,78,0,78,131
08/26/2010,HUF,IN,AGL,CE,Combined TRACON& Tower with Radar,0,0,22,0,22,0,3,41,2,46,0,3,63,2,68,53,0,53,121
08/27/2010,HUF,IN,AGL,CE,Combined TRACON& Tower with Radar,0,0,11,0,11,0,0,37,1,38,0,0,48,1,49,35,0,35,84
08/28/2010,HUF,IN,AGL,CE,Combined TRACON& Tower with Radar,0,0,10,0,10,0,3,38,0,41,0,3,48,0,51,53,0,53,104
08/29/2010,HUF,IN,AGL,CE,Combined TRACON& Tower with Radar,0,0,9,0,9,0,4,33,1,38,0,4,42,1,47,32,0,32,79
08/30/2010,HUF,IN,AGL,CE,Combined TRACON& Tower with Radar,0,1,24,7,32,0,4,35,6,45,0,5,59,13,77,76,16,92,169
08/31/2010,HUF,IN,AGL,CE,Combined TRACON& Tower with Radar,0,0,18,0,18,0,2,43,0,45,0,2,61,0,63,87,0,87,150
09/01/2010,HUF,IN,AGL,CE,Combined TRACON& Tower with Radar,0,1,9,0,10,0,1,60,0,61,0,2,69,0,71,8,0,8,79
09/02/2010,HUF,IN,AGL,CE,Combined TRACON& Tower with Radar,0,0,25,2,27,0,1,77,0,78,0,1,102,2,105,42,0,42,147
09/03/2010,HUF,IN,AGL,CE,Combined TRACON& Tower with Radar,0,1,17,0,18,0,2,27,0,29,0,3,44,0,47,28,0,28,75
09/04/2010,HUF,IN,AGL,CE,Combined TRACON& Tower with Radar,0,0,10,0,10,0,7,39,0,46,0,7,49,0,56,14,0,14,70
09/05/2010,HUF,IN,AGL,CE,Combined TRACON& Tower with Radar,0,0,9,0,9,0,5,39,0,44,0,5,48,0,53,32,0,32,85
09/06/2010,HUF,IN,AGL,CE,Combined TRACON& Tower with Radar,0,0,11,0,11,0,2,28,1,31,0,2,39,1,42,10,0,10,52
09/07/2010,HUF,IN,AGL,CE,Combined TRACON& Tower with Radar,0,2,10,4,16,0,0,45,0,45,0,2,55,4,61,113,0,113,174
09/08/2010,HUF,IN,AGL,CE,Combined TRACON& Tower with Radar,0,0,31,12,43,0,0,72,0,72,0,0,103,12,115,105,26,131,246
09/09/2010,HUF,IN,AGL,CE,Combined TRACON& Tower with Radar,0,0,33,0,33,0,0,77,0,77,0,0,110,0,110,132,0,132,242
09/10/2010,HUF,IN,AGL,CE,Combined TRACON& Tower with Radar,0,0,29,0,29,0,2,60,0,62,0,2,89,0,91,192,0,192,283
09/11/2010,HUF,IN,AGL,CE,Combined TRACON& Tower with Radar,0,0,4,0,4,0,2,8,0,10,0,2,12,0,14,38,0,38,52
09/12/2010,HUF,IN,AGL,CE,Combined TRACON& Tower with Radar,0,0,11,0,11,0,3,46,0,49,0,3,57,0,60,110,0,110,170
09/13/2010,HUF,IN,AGL,CE,Combined TRACON& Tower with Radar,0,0,20,8,28,0,1,75,1,77,0,1,95,9,105,96,6,102,207
09/14/2010,HUF,IN,AGL,CE,Combined TRACON& Tower with Radar,0,0,17,2,19,0,1,60,0,61,0,1,77,2,80,117,0,117,197
09/15/2010,HUF,IN,AGL,CE,Combined TRACON& Tower with Radar,0,0,21,0,21,0,0,80,0,80,0,0,101,0,101,192,0,192,293
09/16/2010,HUF,IN,AGL,CE,Combined TRACON& Tower with Radar,0,2,19,0,21,0,2,59,0,61,0,4,78,0,82,76,0,76,158
09/17/2010,HUF,IN,AGL,CE,Combined TRACON& Tower with Radar,0,3,20,2,25,0,0,111,0,111,0,3,131,2,136,144,0,144,280
09/18/2010,HUF,IN,AGL,CE,Combined TRACON& Tower with Radar,0,8,19,2,29,0,0,46,0,46,0,8,65,2,75,65,0,65,140
09/19/2010,HUF,IN,AGL,CE,Combined TRACON& Tower with Radar,0,1,9,8,18,0,0,49,0,49,0,1,58,8,67,50,2,52,119
09/20/2010,HUF,IN,AGL,CE,Combined TRACON& Tower with Radar,0,0,25,8,33,0,1,99,0,100,0,1,124,8,133,238,14,252,385
09/21/2010,HUF,IN,AGL,CE,Combined TRACON& Tower with Radar,0,0,34,0,34,0,0,91,0,91,0,0,125,0,125,169,0,169,294
09/22/2010,HUF,IN,AGL,CE,Combined TRACON& Tower with Radar,0,2,43,0,45,0,7,52,0,59,0,9,95,0,104,230,0,230,334
09/23/2010,HUF,IN,AGL,CE,Combined TRACON& Tower with Radar,0,0,23,0,23,0,2,65,0,67,0,2,88,0,90,128,0,128,218
09/24/2010,HUF,IN,AGL,CE,Combined TRACON& Tower with Radar,0,0,8,0,8,0,2,18,0,20,0,2,26,0,28,59,0,59,87
09/25/2010,HUF,IN,AGL,CE,Combined TRACON& Tower with Radar,0,0,13,2,15,0,7,72,1,80,0,7,85,3,95,126,0,126,221
09/26/2010,HUF,IN,AGL,CE,Combined TRACON& Tower with Radar,0,0,6,0,6,0,1,40,0,41,0,1,46,0,47,146,0,146,193
09/27/2010,HUF,IN,AGL,CE,Combined TRACON& Tower with Radar,0,0,28,0,28,0,1,112,0,113,0,1,140,0,141,194,0,194,335
09/28/2010,HUF,IN,AGL,CE,Combined TRACON& Tower with Radar,0,5,36,0,41,0,2,67,0,69,0,7,103,0,110,110,0,110,220
09/29/2010,HUF,IN,AGL,CE,Combined TRACON& Tower with Radar,0,2,22,0,24,0,1,110,0,111,0,3,132,0,135,256,0,256,391
09/30/2010,HUF,IN,AGL,CE,Combined TRACON& Tower with Radar,0,0,28,0,28,0,0,68,0,68,0,0,96,0,96,193,0,193,289
10/01/2010,HUF,IN,AGL,CE,Combined TRACON& Tower with Radar,0,0,33,0,33,0,0,66,0,66,0,0,99,0,99,266,0,266,365
10/02/2010,HUF,IN,AGL,CE,Combined TRACON& Tower with Radar,0,0,13,31,44,0,2,21,1,24,0,2,34,32,68,22,0,22,90
10/03/2010,HUF,IN,AGL,CE,Combined TRACON& Tower with Radar,0,1,15,0,16,0,3,40,0,43,0,4,55,0,59,36,0,36,95
10/04/2010,HUF,IN,AGL,CE,Combined TRACON& Tower with Radar,0,0,31,0,31,0,1,81,0,82,0,1,112,0,113,212,0,212,325
10/05/2010,HUF,IN,AGL,CE,Combined TRACON& Tower with Radar,0,0,24,0,24,0,1,69,0,70,0,1,93,0,94,139,0,139,233
10/06/2010,HUF,IN,AGL,CE,Combined TRACON& Tower with Radar,0,0,63,0,63,0,0,84,1,85,0,0,147,1,148,132,2,134,282
10/07/2010,HUF,IN,AGL,CE,Combined TRACON& Tower with Radar,0,0,36,3,39,0,2,83,0,85,0,2,119,3,124,259,0,259,383
10/08/2010,HUF,IN,AGL,CE,Combined TRACON& Tower with Radar,0,1,20,0,21,0,5,72,0,77,0,6,92,0,98,162,0,162,260
10/09/2010,HUF,IN,AGL,CE,Combined TRACON& Tower with Radar,0,0,20,0,20,0,8,97,0,105,0,8,117,0,125,26,0,26,151
10/10/2010,HUF,IN,AGL,CE,Combined TRACON& Tower with Radar,0,1,10,0,11,0,7,50,0,57,0,8,60,0,68,94,0,94,162
10/11/2010,HUF,IN,AGL,CE,Combined TRACON& Tower with Radar,0,0,38,0,38,0,3,99,0,102,0,3,137,0,140,171,0,171,311
10/12/2010,HUF,IN,AGL,CE,Combined TRACON& Tower with Radar,0,1,36,19,56,0,3,54,0,57,0,4,90,19,113,85,14,99,212
10/13/2010,HUF,IN,AGL,CE,Combined TRACON& Tower with Radar,0,0,27,2,29,0,1,51,4,56,0,1,78,6,85,122,0,122,207
10/14/2010,HUF,IN,AGL,CE,Combined TRACON& Tower with Radar,0,3,38,1,42,0,4,84,0,88,0,7,122,1,130,224,0,224,354
10/15/2010,HUF,IN,AGL,CE,Combined TRACON& Tower with Radar,0,1,23,3,27,0,5,59,1,65,0,6,82,4,92,78,0,78,170
10/16/2010,HUF,IN,AGL,CE,Combined TRACON& Tower with Radar,0,0,17,0,17,0,1,110,0,111,0,1,127,0,128,112,0,112,240
10/17/2010,HUF,IN,AGL,CE,Combined TRACON& Tower with Radar,0,0,7,0,7,0,2,54,0,56,0,2,61,0,63,10,0,10,73
10/18/2010,HUF,IN,AGL,CE,Combined TRACON& Tower with Radar,0,0,35,0,35,0,3,73,0,76,0,3,108,0,111,227,0,227,338
10/19/2010,HUF,IN,AGL,CE,Combined TRACON& Tower with Radar,0,1,42,0,43,0,3,65,0,68,0,4,107,0,111,88,0,88,199
10/20/2010,HUF,IN,AGL,CE,Combined TRACON& Tower with Radar,2,0,33,0,35,0,5,48,0,53,2,5,81,0,88,130,0,130,218
10/21/2010,HUF,IN,AGL,CE,Combined TRACON& Tower with Radar,0,12,41,2,55,0,3,103,0,106,0,15,144,2,161,140,0,140,301
10/22/2010,HUF,IN,AGL,CE,Combined TRACON& Tower with Radar,2,0,21,2,25,0,3,96,0,99,2,3,117,2,124,234,0,234,358
10/23/2010,HUF,IN,AGL,CE,Combined TRACON& Tower with Radar,0,1,27,0,28,0,0,16,0,16,0,1,43,0,44,58,0,58,102
10/24/2010,HUF,IN,AGL,CE,Combined TRACON& Tower with Radar,1,0,6,0,7,0,5,6,0,11,1,5,12,0,18,16,0,16,34
10/25/2010,HUF,IN,AGL,CE,Combined TRACON& Tower with Radar,0,0,38,0,38,0,0,37,0,37,0,0,75,0,75,165,0,165,240
10/26/2010,HUF,IN,AGL,CE,Combined TRACON& Tower with Radar,1,4,14,2,21,0,0,7,0,7,1,4,21,2,28,19,0,19,47
10/27/2010,HUF,IN,AGL,CE,Combined TRACON& Tower with Radar,1,0,22,0,23,0,0,45,0,45,1,0,67,0,68,74,0,74,142
10/28/2010,HUF,IN,AGL,CE,Combined TRACON& Tower with Radar,0,0,25,2,27,0,1,58,0,59,0,1,83,2,86,109,0,109,195
10/29/2010,HUF,IN,AGL,CE,Combined TRACON& Tower with Radar,2,0,45,2,49,0,0,96,0,96,2,0,141,2,145,166,8,174,319
10/30/2010,HUF,IN,AGL,CE,Combined TRACON& Tower with Radar,2,3,9,0,14,0,2,53,0,55,2,5,62,0,69,58,0,58,127
10/31/2010,HUF,IN,AGL,CE,Combined TRACON& Tower with Radar,0,2,14,0,16,0,3,47,0,50,0,5,61,0,66,18,0,18,84
11/01/2010,HUF,IN,AGL,CE,Combined TRACON& Tower with Radar,0,0,26,0,26,0,2,88,0,90,0,2,114,0,116,213,0,213,329
11/02/2010,HUF,IN,AGL,CE,Combined TRACON& Tower with Radar,0,1,48,0,49,0,1,54,0,55,0,2,102,0,104,133,0,133,237
11/03/2010,HUF,IN,AGL,CE,Combined TRACON& Tower with Radar,0,0,44,0,44,0,0,114,2,116,0,0,158,2,160,227,4,231,391
11/04/2010,HUF,IN,AGL,CE,Combined TRACON& Tower with Radar,0,0,23,0,23,0,0,47,0,47,0,0,70,0,70,96,0,96,166
11/05/2010,HUF,IN,AGL,CE,Combined TRACON& Tower with Radar,2,0,23,0,25,0,9,52,0,61,2,9,75,0,86,146,0,146,232
11/06/2010,HUF,IN,AGL,CE,Combined TRACON& Tower with Radar,2,1,20,0,23,0,0,78,0,78,2,1,98,0,101,126,0,126,227
11/07/2010,HUF,IN,AGL,CE,Combined TRACON& Tower with Radar,0,0,13,2,15,0,1,50,0,51,0,1,63,2,66,82,0,82,148
11/08/2010,HUF,IN,AGL,CE,Combined TRACON& Tower with Radar,0,2,38,0,40,0,0,80,0,80,0,2,118,0,120,221,0,221,341
11/09/2010,HUF,IN,AGL,CE,Combined TRACON& Tower with Radar,0,0,35,0,35,0,2,110,4,116,0,2,145,4,151,126,4,130,281
11/10/2010,HUF,IN,AGL,CE,Combined TRACON& Tower with Radar,0,1,42,6,49,0,2,108,1,111,0,3,150,7,160,284,2,286,446
11/11/2010,HUF,IN,AGL,CE,Combined TRACON& Tower with Radar,0,0,28,0,28,0,2,80,0,82,0,2,108,0,110,176,0,176,286
11/12/2010,HUF,IN,AGL,CE,Combined TRACON& Tower with Radar,0,1,8,0,9,0,1,54,4,59,0,2,62,4,68,138,0,138,206
11/13/2010,HUF,IN,AGL,CE,Combined TRACON& Tower with Radar,0,0,14,0,14,0,0,1,0,1,0,0,15,0,15,0,0,0,15
11/14/2010,HUF,IN,AGL,CE,Combined TRACON& Tower with Radar,0,0,19,0,19,0,1,44,0,45,0,1,63,0,64,60,0,60,124
11/15/2010,HUF,IN,AGL,CE,Combined TRACON& Tower with Radar,0,0,35,0,35,0,0,65,0,65,0,0,100,0,100,46,0,46,146
11/16/2010,HUF,IN,AGL,CE,Combined TRACON& Tower with Radar,0,0,37,0,37,0,0,10,0,10,0,0,47,0,47,32,0,32,79
11/17/2010,HUF,IN,AGL,CE,Combined TRACON& Tower with Radar,0,0,23,0,23,0,0,54,0,54,0,0,77,0,77,164,0,164,241
11/18/2010,HUF,IN,AGL,CE,Combined TRACON& Tower with Radar,0,0,26,0,26,0,3,38,0,41,0,3,64,0,67,114,0,114,181
11/19/2010,HUF,IN,AGL,CE,Combined TRACON& Tower with Radar,0,0,24,0,24,0,2,46,0,48,0,2,70,0,72,136,0,136,208
11/20/2010,HUF,IN,AGL,CE,Combined TRACON& Tower with Radar,0,0,6,0,6,0,0,0,0,0,0,0,6,0,6,0,0,0,6
11/21/2010,HUF,IN,AGL,CE,Combined TRACON& Tower with Radar,0,1,23,0,24,0,2,3,0,5,0,3,26,0,29,18,0,18,47
11/22/2010,HUF,IN,AGL,CE,Combined TRACON& Tower with Radar,2,5,19,2,28,0,1,6,0,7,2,6,25,2,35,4,0,4,39
11/23/2010,HUF,IN,AGL,CE,Combined TRACON& Tower with Radar,0,1,33,0,34,0,0,70,0,70,0,1,103,0,104,109,0,109,213
11/24/2010,HUF,IN,AGL,CE,Combined TRACON& Tower with Radar,0,0,9,0,9,0,0,1,0,1,0,0,10,0,10,0,0,0,10
11/25/2010,HUF,IN,AGL,CE,Combined TRACON& Tower with Radar,0,0,2,0,2,0,0,0,0,0,0,0,2,0,2,0,0,0,2
11/26/2010,HUF,IN,AGL,CE,Combined TRACON& Tower with Radar,0,0,3,0,3,0,0,26,0,26,0,0,29,0,29,12,0,12,41
11/27/2010,HUF,IN,AGL,CE,Combined TRACON& Tower with Radar,0,1,17,0,18,0,2,31,0,33,0,3,48,0,51,44,0,44,95
11/28/2010,HUF,IN,AGL,CE,Combined TRACON& Tower with Radar,0,1,16,0,17,0,1,23,0,24,0,2,39,0,41,14,0,14,55
11/29/2010,HUF,IN,AGL,CE,Combined TRACON& Tower with Radar,0,0,16,14,30,0,1,37,0,38,0,1,53,14,68,79,18,97,165
11/30/2010,HUF,IN,AGL,CE,Combined TRACON& Tower with Radar,0,0,29,0,29,0,0,4,0,4,0,0,33,0,33,8,0,8,41
12/01/2010,HUF,IN,AGL,CE,Combined TRACON& Tower with Radar,0,2,17,2,21,0,1,19,0,20,0,3,36,2,41,47,0,47,88
12/02/2010,HUF,IN,AGL,CE,Combined TRACON& Tower with Radar,0,0,32,12,44,0,0,75,2,77,0,0,107,14,121,219,14,233,354
12/03/2010,HUF,IN,AGL,CE,Combined TRACON& Tower with Radar,0,0,41,0,41,1,0,74,4,79,1,0,115,4,120,205,4,209,329
12/04/2010,HUF,IN,AGL,CE,Combined TRACON& Tower with Radar,0,0,7,0,7,0,0,0,0,0,0,0,7,0,7,0,0,0,7
12/05/2010,HUF,IN,AGL,CE,Combined TRACON& Tower with Radar,0,0,2,0,2,0,0,2,0,2,0,0,4,0,4,0,0,0,4
12/06/2010,HUF,IN,AGL,CE,Combined TRACON& Tower with Radar,0,0,15,0,15,0,0,13,0,13,0,0,28,0,28,24,0,24,52
12/07/2010,HUF,IN,AGL,CE,Combined TRACON& Tower with Radar,0,0,18,2,20,0,1,71,0,72,0,1,89,2,92,87,0,87,179
12/08/2010,HUF,IN,AGL,CE,Combined TRACON& Tower with Radar,0,1,31,2,34,0,0,81,0,81,0,1,112,2,115,223,0,223,338
12/09/2010,HUF,IN,AGL,CE,Combined TRACON& Tower with Radar,0,0,29,1,30,0,0,69,0,69,0,0,98,1,99,178,0,178,277
12/10/2010,HUF,IN,AGL,CE,Combined TRACON& Tower with Radar,0,1,29,0,30,0,1,75,0,76,0,2,104,0,106,258,0,258,364
12/11/2010,HUF,IN,AGL,CE,Combined TRACON& Tower with Radar,0,0,0,0,0,0,0,2,0,2,0,0,2,0,2,0,0,0,2
12/12/2010,HUF,IN,AGL,CE,Combined TRACON& Tower with Radar,0,0,0,0,0,0,0,0,0,0,0,0,0,0,0,0,0,0,0
12/13/2010,HUF,IN,AGL,CE,Combined TRACON& Tower with Radar,0,4,6,0,10,0,0,3,0,3,0,4,9,0,13,0,0,0,13
12/14/2010,HUF,IN,AGL,CE,Combined TRACON& Tower with Radar,0,0,18,3,21,0,0,62,0,62,0,0,80,3,83,83,0,83,166
12/15/2010,HUF,IN,AGL,CE,Combined TRACON& Tower with Radar,0,0,22,0,22,0,0,55,0,55,0,0,77,0,77,100,0,100,177
12/16/2010,HUF,IN,AGL,CE,Combined TRACON& Tower with Radar,0,4,2,0,6,0,0,0,0,0,0,4,2,0,6,28,0,28,34
12/17/2010,HUF,IN,AGL,CE,Combined TRACON& Tower with Radar,0,0,3,0,3,0,0,1,0,1,0,0,4,0,4,62,0,62,66
12/18/2010,HUF,IN,AGL,CE,Combined TRACON& Tower with Radar,0,0,3,0,3,0,4,32,0,36,0,4,35,0,39,32,0,32,71
12/19/2010,HUF,IN,AGL,CE,Combined TRACON& Tower with Radar,0,0,3,0,3,0,0,14,0,14,0,0,17,0,17,40,0,40,57
12/20/2010,HUF,IN,AGL,CE,Combined TRACON& Tower with Radar,0,0,13,0,13,0,0,1,0,1,0,0,14,0,14,28,0,28,42
12/21/2010,HUF,IN,AGL,CE,Combined TRACON& Tower with Radar,0,4,5,0,9,0,1,5,0,6,0,5,10,0,15,4,0,4,19
12/22/2010,HUF,IN,AGL,CE,Combined TRACON& Tower with Radar,0,0,8,0,8,0,0,2,0,2,0,0,10,0,10,10,0,10,20
12/23/2010,HUF,IN,AGL,CE,Combined TRACON& Tower with Radar,0,0,5,0,5,0,1,32,0,33,0,1,37,0,38,22,0,22,60
12/24/2010,HUF,IN,AGL,CE,Combined TRACON& Tower with Radar,0,0,1,0,1,0,0,0,0,0,0,0,1,0,1,0,0,0,1
12/25/2010,HUF,IN,AGL,CE,Combined TRACON& Tower with Radar,0,0,0,0,0,0,2,0,0,2,0,2,0,0,2,0,0,0,2
12/26/2010,HUF,IN,AGL,CE,Combined TRACON& Tower with Radar,0,0,7,0,7,0,1,13,0,14,0,1,20,0,21,18,0,18,39
12/27/2010,HUF,IN,AGL,CE,Combined TRACON& Tower with Radar,0,0,10,1,11,0,1,3,0,4,0,1,13,1,15,0,0,0,15
12/28/2010,HUF,IN,AGL,CE,Combined TRACON& Tower with Radar,0,0,8,0,8,0,0,30,1,31,0,0,38,1,39,62,0,62,101
12/29/2010,HUF,IN,AGL,CE,Combined TRACON& Tower with Radar,0,0,10,0,10,0,0,9,0,9,0,0,19,0,19,4,0,4,23
12/30/2010,HUF,IN,AGL,CE,Combined TRACON& Tower with Radar,0,0,5,0,5,0,1,6,0,7,0,1,11,0,12,12,0,12,24
12/31/2010,HUF,IN,AGL,CE,Combined TRACON& Tower with Radar,0,0,0,0,0,0,2,1,0,3,0,2,1,0,3,0,0,0,3
01/01/2011,HUF,IN,AGL,CE,Combined TRACON& Tower with Radar,0,0,4,0,4,0,0,13,0,13,0,0,17,0,17,8,0,8,25
01/02/2011,HUF,IN,AGL,CE,Combined TRACON& Tower with Radar,0,0,13,0,13,0,1,53,0,54,0,1,66,0,67,74,0,74,141
01/03/2011,HUF,IN,AGL,CE,Combined TRACON& Tower with Radar,0,0,8,0,8,0,1,55,0,56,0,1,63,0,64,128,0,128,192
01/04/2011,HUF,IN,AGL,CE,Combined TRACON& Tower with Radar,0,0,9,15,24,0,1,42,0,43,0,1,51,15,67,66,22,88,155
01/05/2011,HUF,IN,AGL,CE,Combined TRACON& Tower with Radar,0,0,18,12,30,0,0,41,3,44,0,0,59,15,74,131,15,146,220
01/06/2011,HUF,IN,AGL,CE,Combined TRACON& Tower with Radar,0,1,11,0,12,0,3,6,0,9,0,4,17,0,21,30,0,30,51
01/07/2011,HUF,IN,AGL,CE,Combined TRACON& Tower with Radar,0,1,5,0,6,0,3,3,0,6,0,4,8,0,12,0,0,0,12
01/08/2011,HUF,IN,AGL,CE,Combined TRACON& Tower with Radar,0,1,2,0,3,0,4,6,0,10,0,5,8,0,13,18,0,18,31
01/09/2011,HUF,IN,AGL,CE,Combined TRACON& Tower with Radar,0,1,9,0,10,0,5,37,0,42,0,6,46,0,52,38,0,38,90
01/10/2011,HUF,IN,AGL,CE,Combined TRACON& Tower with Radar,0,0,26,0,26,0,3,65,1,69,0,3,91,1,95,254,0,254,349
01/11/2011,HUF,IN,AGL,CE,Combined TRACON& Tower with Radar,0,4,2,0,6,0,0,0,0,0,0,4,2,0,6,0,0,0,6
01/12/2011,HUF,IN,AGL,CE,Combined TRACON& Tower with Radar,0,0,2,0,2,0,0,3,0,3,0,0,5,0,5,0,0,0,5
01/13/2011,HUF,IN,AGL,CE,Combined TRACON& Tower with Radar,0,1,17,0,18,0,0,48,0,48,0,1,65,0,66,66,0,66,132
01/14/2011,HUF,IN,AGL,CE,Combined TRACON& Tower with Radar,0,2,10,0,12,0,0,47,0,47,0,2,57,0,59,166,0,166,225
01/15/2011,HUF,IN,AGL,CE,Combined TRACON& Tower with Radar,1,0,2,0,3,0,0,9,0,9,1,0,11,0,12,42,0,42,54
01/16/2011,HUF,IN,AGL,CE,Combined TRACON& Tower with Radar,1,2,21,0,24,0,2,44,0,46,1,4,65,0,70,105,0,105,175
01/17/2011,HUF,IN,AGL,CE,Combined TRACON& Tower with Radar,0,0,23,0,23,0,1,61,0,62,0,1,84,0,85,180,0,180,265
01/18/2011,HUF,IN,AGL,CE,Combined TRACON& Tower with Radar,0,1,5,0,6,0,0,0,0,0,0,1,5,0,6,0,0,0,6
01/19/2011,HUF,IN,AGL,CE,Combined TRACON& Tower with Radar,0,3,3,0,6,0,0,4,0,4,0,3,7,0,10,24,0,24,34
01/20/2011,HUF,IN,AGL,CE,Combined TRACON& Tower with Radar,0,3,1,0,4,0,0,0,0,0,0,3,1,0,4,0,0,0,4
01/21/2011,HUF,IN,AGL,CE,Combined TRACON& Tower with Radar,0,3,23,0,26,0,3,73,0,76,0,6,96,0,102,180,0,180,282
01/22/2011,HUF,IN,AGL,CE,Combined TRACON& Tower with Radar,0,0,8,0,8,0,0,27,0,27,0,0,35,0,35,137,0,137,172
01/23/2011,HUF,IN,AGL,CE,Combined TRACON& Tower with Radar,0,1,11,0,12,0,4,39,0,43,0,5,50,0,55,119,0,119,174
01/24/2011,HUF,IN,AGL,CE,Combined TRACON& Tower with Radar,0,1,7,0,8,0,0,0,0,0,0,1,7,0,8,0,0,0,8
01/25/2011,HUF,IN,AGL,CE,Combined TRACON& Tower with Radar,0,0,13,0,13,0,0,0,0,0,0,0,13,0,13,0,0,0,13
01/26/2011,HUF,IN,AGL,CE,Combined TRACON& Tower with Radar,0,0,39,4,43,0,0,37,0,37,0,0,76,4,80,188,2,190,270
01/27/2011,HUF,IN,AGL,CE,Combined TRACON& Tower with Radar,0,0,27,0,27,0,0,34,0,34,0,0,61,0,61,92,2,94,155
01/28/2011,HUF,IN,AGL,CE,Combined TRACON& Tower with Radar,0,2,8,0,10,0,3,3,0,6,0,5,11,0,16,26,0,26,42
01/29/2011,HUF,IN,AGL,CE,Combined TRACON& Tower with Radar,0,1,12,0,13,0,0,13,0,13,0,1,25,0,26,116,0,116,142
01/30/2011,HUF,IN,AGL,CE,Combined TRACON& Tower with Radar,0,1,12,0,13,0,0,50,0,50,0,1,62,0,63,148,0,148,211
01/31/2011,HUF,IN,AGL,CE,Combined TRACON& Tower with Radar,0,0,24,0,24,0,0,48,0,48,0,0,72,0,72,110,0,110,182
02/01/2011,HUF,IN,AGL,CE,Combined TRACON& Tower with Radar,0,3,1,0,4,0,0,0,0,0,0,3,1,0,4,0,0,0,4
02/02/2011,HUF,IN,AGL,CE,Combined TRACON& Tower with Radar,0,0,0,0,0,0,1,2,0,3,0,1,2,0,3,0,0,0,3
02/03/2011,HUF,IN,AGL,CE,Combined TRACON& Tower with Radar,0,5,3,0,8,0,3,4,0,7,0,8,7,0,15,0,0,0,15
02/04/2011,HUF,IN,AGL,CE,Combined TRACON& Tower with Radar,0,3,8,0,11,0,0,20,0,20,0,3,28,0,31,4,0,4,35
02/05/2011,HUF,IN,AGL,CE,Combined TRACON& Tower with Radar,0,2,0,0,2,0,0,0,0,0,0,2,0,0,2,0,0,0,2
02/06/2011,HUF,IN,AGL,CE,Combined TRACON& Tower with Radar,0,0,12,0,12,0,0,1,0,1,0,0,13,0,13,4,0,4,17
02/07/2011,HUF,IN,AGL,CE,Combined TRACON& Tower with Radar,0,0,25,0,25,0,1,31,0,32,0,1,56,0,57,62,0,62,119
02/08/2011,HUF,IN,AGL,CE,Combined TRACON& Tower with Radar,0,0,26,2,28,0,0,83,0,83,0,0,109,2,111,122,0,122,233
02/09/2011,HUF,IN,AGL,CE,Combined TRACON& Tower with Radar,0,0,15,0,15,0,0,65,0,65,0,0,80,0,80,128,0,128,208
02/10/2011,HUF,IN,AGL,CE,Combined TRACON& Tower with Radar,0,1,23,0,24,0,1,83,0,84,0,2,106,0,108,192,0,192,300
02/11/2011,HUF,IN,AGL,CE,Combined TRACON& Tower with Radar,0,2,25,0,27,0,2,75,0,77,0,4,100,0,104,190,0,190,294
02/12/2011,HUF,IN,AGL,CE,Combined TRACON& Tower with Radar,0,7,16,0,23,0,2,56,0,58,0,9,72,0,81,86,0,86,167
02/13/2011,HUF,IN,AGL,CE,Combined TRACON& Tower with Radar,0,1,7,0,8,0,0,32,0,32,0,1,39,0,40,47,0,47,87
02/14/2011,HUF,IN,AGL,CE,Combined TRACON& Tower with Radar,0,0,18,0,18,0,0,37,0,37,0,0,55,0,55,48,0,48,103
02/15/2011,HUF,IN,AGL,CE,Combined TRACON& Tower with Radar,0,2,32,6,40,0,0,90,0,90,0,2,122,6,130,196,0,196,326
02/16/2011,HUF,IN,AGL,CE,Combined TRACON& Tower with Radar,0,2,23,0,25,0,1,64,0,65,0,3,87,0,90,170,0,170,260
02/17/2011,HUF,IN,AGL,CE,Combined TRACON& Tower with Radar,0,0,26,2,28,0,1,17,0,18,0,1,43,2,46,40,0,40,86
02/18/2011,HUF,IN,AGL,CE,Combined TRACON& Tower with Radar,0,0,26,0,26,0,0,80,0,80,0,0,106,0,106,152,0,152,258
02/19/2011,HUF,IN,AGL,CE,Combined TRACON& Tower with Radar,0,0,12,0,12,0,1,100,0,101,0,1,112,0,113,106,0,106,219
02/20/2011,HUF,IN,AGL,CE,Combined TRACON& Tower with Radar,0,1,5,0,6,0,3,20,0,23,0,4,25,0,29,24,0,24,53
02/21/2011,HUF,IN,AGL,CE,Combined TRACON& Tower with Radar,0,1,0,0,1,0,0,0,0,0,0,1,0,0,1,0,0,0,1
02/22/2011,HUF,IN,AGL,CE,Combined TRACON& Tower with Radar,0,0,23,0,23,0,1,24,0,25,0,1,47,0,48,95,0,95,143
02/23/2011,HUF,IN,AGL,CE,Combined TRACON& Tower with Radar,0,2,32,0,34,0,1,65,0,66,0,3,97,0,100,132,0,132,232
02/24/2011,HUF,IN,AGL,CE,Combined TRACON& Tower with Radar,0,0,23,0,23,0,0,0,0,0,0,0,23,0,23,2,0,2,25
02/25/2011,HUF,IN,AGL,CE,Combined TRACON& Tower with Radar,0,0,25,0,25,0,0,6,0,6,0,0,31,0,31,72,0,72,103
02/26/2011,HUF,IN,AGL,CE,Combined TRACON& Tower with Radar,0,0,22,0,22,0,3,10,0,13,0,3,32,0,35,92,0,92,127
02/27/2011,HUF,IN,AGL,CE,Combined TRACON& Tower with Radar,0,0,18,0,18,0,0,6,0,6,0,0,24,0,24,12,0,12,36
02/28/2011,HUF,IN,AGL,CE,Combined TRACON& Tower with Radar,0,0,6,0,6,0,0,16,0,16,0,0,22,0,22,26,0,26,48
03/01/2011,HUF,IN,AGL,CE,Combined TRACON& Tower with Radar,0,0,39,2,41,0,0,96,0,96,0,0,135,2,137,126,0,126,263
03/02/2011,HUF,IN,AGL,CE,Combined TRACON& Tower with Radar,0,8,41,1,50,0,6,81,8,95,0,14,122,9,145,170,0,170,315
03/03/2011,HUF,IN,AGL,CE,Combined TRACON& Tower with Radar,0,7,24,3,34,1,4,62,0,67,1,11,86,3,101,136,0,136,237
03/04/2011,HUF,IN,AGL,CE,Combined TRACON& Tower with Radar,0,0,9,0,9,0,0,6,0,6,0,0,15,0,15,0,0,0,15
03/05/2011,HUF,IN,AGL,CE,Combined TRACON& Tower with Radar,0,0,5,0,5,0,0,2,0,2,0,0,7,0,7,0,0,0,7
03/06/2011,HUF,IN,AGL,CE,Combined TRACON& Tower with Radar,0,1,9,0,10,0,2,4,0,6,0,3,13,0,16,0,0,0,16
03/07/2011,HUF,IN,AGL,CE,Combined TRACON& Tower with Radar,0,1,5,0,6,0,5,15,0,20,0,6,20,0,26,92,0,92,118
03/08/2011,HUF,IN,AGL,CE,Combined TRACON& Tower with Radar,0,1,20,5,26,0,1,33,0,34,0,2,53,5,60,71,0,71,131
03/09/2011,HUF,IN,AGL,CE,Combined TRACON& Tower with Radar,0,4,8,0,12,0,0,0,0,0,0,4,8,0,12,2,0,2,14
03/10/2011,HUF,IN,AGL,CE,Combined TRACON& Tower with Radar,0,0,13,0,13,0,0,0,0,0,0,0,13,0,13,0,0,0,13
03/11/2011,HUF,IN,AGL,CE,Combined TRACON& Tower with Radar,0,2,21,0,23,0,15,43,0,58,0,17,64,0,81,64,0,64,145
03/12/2011,HUF,IN,AGL,CE,Combined TRACON& Tower with Radar,0,0,1,0,1,0,5,5,1,11,0,5,6,1,12,6,0,6,18
03/13/2011,HUF,IN,AGL,CE,Combined TRACON& Tower with Radar,0,0,4,0,4,0,2,14,2,18,0,2,18,2,22,38,0,38,60
03/14/2011,HUF,IN,AGL,CE,Combined TRACON& Tower with Radar,0,0,39,0,39,0,0,46,0,46,0,0,85,0,85,56,0,56,141
03/15/2011,HUF,IN,AGL,CE,Combined TRACON& Tower with Radar,0,4,9,0,13,0,0,1,0,1,0,4,10,0,14,0,0,0,14
03/16/2011,HUF,IN,AGL,CE,Combined TRACON& Tower with Radar,2,2,47,0,51,0,2,124,0,126,2,4,171,0,177,236,0,236,413
03/17/2011,HUF,IN,AGL,CE,Combined TRACON& Tower with Radar,0,0,20,0,20,0,1,39,0,40,0,1,59,0,60,106,0,106,166
03/18/2011,HUF,IN,AGL,CE,Combined TRACON& Tower with Radar,0,0,25,0,25,0,0,41,0,41,0,0,66,0,66,104,0,104,170
03/19/2011,HUF,IN,AGL,CE,Combined TRACON& Tower with Radar,2,0,25,0,27,0,1,58,0,59,2,1,83,0,86,84,0,84,170
03/20/2011,HUF,IN,AGL,CE,Combined TRACON& Tower with Radar,0,2,14,0,16,0,1,29,0,30,0,3,43,0,46,136,0,136,182
03/21/2011,HUF,IN,AGL,CE,Combined TRACON& Tower with Radar,0,0,39,2,41,0,2,79,0,81,0,2,118,2,122,128,0,128,250
03/22/2011,HUF,IN,AGL,CE,Combined TRACON& Tower with Radar,0,0,43,0,43,0,2,88,0,90,0,2,131,0,133,192,0,192,325
03/23/2011,HUF,IN,AGL,CE,Combined TRACON& Tower with Radar,0,0,22,0,22,0,0,32,0,32,0,0,54,0,54,46,0,46,100
03/24/2011,HUF,IN,AGL,CE,Combined TRACON& Tower with Radar,0,0,26,8,34,0,2,28,2,32,0,2,54,10,66,104,0,104,170
03/25/2011,HUF,IN,AGL,CE,Combined TRACON& Tower with Radar,0,0,38,0,38,2,4,57,0,63,2,4,95,0,101,142,0,142,243
03/26/2011,HUF,IN,AGL,CE,Combined TRACON& Tower with Radar,0,2,8,0,10,0,1,18,0,19,0,3,26,0,29,26,0,26,55
03/27/2011,HUF,IN,AGL,CE,Combined TRACON& Tower with Radar,0,0,10,0,10,0,1,73,0,74,0,1,83,0,84,50,0,50,134
03/28/2011,HUF,IN,AGL,CE,Combined TRACON& Tower with Radar,0,0,28,0,28,0,0,64,0,64,0,0,92,0,92,115,0,115,207
03/29/2011,HUF,IN,AGL,CE,Combined TRACON& Tower with Radar,0,0,41,9,50,0,2,89,2,93,0,2,130,11,143,193,22,215,358
03/30/2011,HUF,IN,AGL,CE,Combined TRACON& Tower with Radar,0,0,24,0,24,0,5,32,0,37,0,5,56,0,61,66,0,66,127
03/31/2011,HUF,IN,AGL,CE,Combined TRACON& Tower with Radar,0,0,35,3,38,0,0,84,1,85,0,0,119,4,123,207,0,207,330
04/01/2011,HUF,IN,AGL,CE,Combined TRACON& Tower with Radar,0,0,17,0,17,0,0,37,2,39,0,0,54,2,56,58,0,58,114
04/02/2011,HUF,IN,AGL,CE,Combined TRACON& Tower with Radar,0,0,18,0,18,0,0,40,0,40,0,0,58,0,58,26,0,26,84
04/03/2011,HUF,IN,AGL,CE,Combined TRACON& Tower with Radar,0,0,4,0,4,0,0,2,0,2,0,0,6,0,6,0,0,0,6
04/04/2011,HUF,IN,AGL,CE,Combined TRACON& Tower with Radar,2,0,9,0,11,0,0,8,0,8,2,0,17,0,19,34,0,34,53
04/05/2011,HUF,IN,AGL,CE,Combined TRACON& Tower with Radar,0,0,26,0,26,0,0,75,0,75,0,0,101,0,101,130,0,130,231
04/06/2011,HUF,IN,AGL,CE,Combined TRACON& Tower with Radar,0,0,17,0,17,0,0,29,1,30,0,0,46,1,47,8,0,8,55
04/07/2011,HUF,IN,AGL,CE,Combined TRACON& Tower with Radar,0,0,23,0,23,0,1,78,0,79,0,1,101,0,102,186,0,186,288
04/08/2011,HUF,IN,AGL,CE,Combined TRACON& Tower with Radar,0,0,18,4,22,0,0,80,0,80,0,0,98,4,102,162,0,162,264
04/09/2011,HUF,IN,AGL,CE,Combined TRACON& Tower with Radar,0,0,7,0,7,0,0,30,0,30,0,0,37,0,37,46,0,46,83
04/10/2011,HUF,IN,AGL,CE,Combined TRACON& Tower with Radar,0,0,8,0,8,0,1,12,0,13,0,1,20,0,21,9,0,9,30
04/11/2011,HUF,IN,AGL,CE,Combined TRACON& Tower with Radar,0,2,35,0,37,0,4,23,3,30,0,6,58,3,67,30,0,30,97
04/12/2011,HUF,IN,AGL,CE,Combined TRACON& Tower with Radar,0,3,21,1,25,0,0,79,0,79,0,3,100,1,104,208,0,208,312
04/13/2011,HUF,IN,AGL,CE,Combined TRACON& Tower with Radar,0,0,24,0,24,0,1,83,0,84,0,1,107,0,108,198,0,198,306
04/14/2011,HUF,IN,AGL,CE,Combined TRACON& Tower with Radar,0,0,24,0,24,0,1,53,0,54,0,1,77,0,78,222,0,222,300
04/15/2011,HUF,IN,AGL,CE,Combined TRACON& Tower with Radar,0,0,1,0,1,0,1,4,0,5,0,1,5,0,6,0,0,0,6
04/16/2011,HUF,IN,AGL,CE,Combined TRACON& Tower with Radar,0,0,5,0,5,0,0,1,0,1,0,0,6,0,6,0,0,0,6
04/17/2011,HUF,IN,AGL,CE,Combined TRACON& Tower with Radar,0,0,12,0,12,0,3,27,0,30,0,3,39,0,42,46,0,46,88
04/18/2011,HUF,IN,AGL,CE,Combined TRACON& Tower with Radar,0,0,26,0,26,0,0,65,0,65,0,0,91,0,91,146,0,146,237
04/19/2011,HUF,IN,AGL,CE,Combined TRACON& Tower with Radar,0,0,4,0,4,0,0,5,0,5,0,0,9,0,9,0,0,0,9
04/20/2011,HUF,IN,AGL,CE,Combined TRACON& Tower with Radar,1,1,63,0,65,0,1,10,0,11,1,2,73,0,76,78,0,78,154
04/21/2011,HUF,IN,AGL,CE,Combined TRACON& Tower with Radar,0,0,64,0,64,0,0,117,0,117,0,0,181,0,181,256,0,256,437
04/22/2011,HUF,IN,AGL,CE,Combined TRACON& Tower with Radar,0,0,11,0,11,0,1,6,0,7,0,1,17,0,18,0,0,0,18
04/23/2011,HUF,IN,AGL,CE,Combined TRACON& Tower with Radar,0,0,17,0,17,0,0,10,0,10,0,0,27,0,27,10,0,10,37
04/24/2011,HUF,IN,AGL,CE,Combined TRACON& Tower with Radar,0,0,3,0,3,0,0,0,0,0,0,0,3,0,3,14,0,14,17
04/25/2011,HUF,IN,AGL,CE,Combined TRACON& Tower with Radar,0,0,30,0,30,0,0,2,0,2,0,0,32,0,32,80,0,80,112
04/26/2011,HUF,IN,AGL,CE,Combined TRACON& Tower with Radar,0,2,17,0,19,0,0,8,0,8,0,2,25,0,27,42,0,42,69
04/27/2011,HUF,IN,AGL,CE,Combined TRACON& Tower with Radar,0,0,26,0,26,0,0,2,0,2,0,0,28,0,28,32,0,32,60
04/28/2011,HUF,IN,AGL,CE,Combined TRACON& Tower with Radar,0,2,18,0,20,0,0,28,0,28,0,2,46,0,48,34,0,34,82
04/29/2011,HUF,IN,AGL,CE,Combined TRACON& Tower with Radar,0,1,35,8,44,0,0,114,0,114,0,1,149,8,158,270,6,276,434
04/30/2011,HUF,IN,AGL,CE,Combined TRACON& Tower with Radar,0,0,13,16,29,0,1,28,0,29,0,1,41,16,58,24,0,24,82
05/01/2011,HUF,IN,AGL,CE,Combined TRACON& Tower with Radar,0,0,18,3,21,0,0,38,2,40,0,0,56,5,61,38,4,42,103
05/02/2011,HUF,IN,AGL,CE,Combined TRACON& Tower with Radar,0,0,31,0,31,0,0,16,0,16,0,0,47,0,47,30,0,30,77
05/03/2011,HUF,IN,AGL,CE,Combined TRACON& Tower with Radar,0,0,34,0,34,0,0,57,0,57,0,0,91,0,91,111,10,121,212
05/04/2011,HUF,IN,AGL,CE,Combined TRACON& Tower with Radar,0,0,29,2,31,0,0,104,1,105,0,0,133,3,136,96,0,96,232
05/05/2011,HUF,IN,AGL,CE,Combined TRACON& Tower with Radar,0,0,17,2,19,0,0,32,0,32,0,0,49,2,51,110,0,110,161
05/06/2011,HUF,IN,AGL,CE,Combined TRACON& Tower with Radar,0,0,22,0,22,0,1,53,0,54,0,1,75,0,76,80,0,80,156
05/07/2011,HUF,IN,AGL,CE,Combined TRACON& Tower with Radar,0,0,9,0,9,0,2,11,0,13,0,2,20,0,22,0,0,0,22
05/08/2011,HUF,IN,AGL,CE,Combined TRACON& Tower with Radar,0,0,9,0,9,0,0,27,0,27,0,0,36,0,36,44,0,44,80
05/09/2011,HUF,IN,AGL,CE,Combined TRACON& Tower with Radar,0,0,13,0,13,0,2,28,0,30,0,2,41,0,43,42,0,42,85
05/10/2011,HUF,IN,AGL,CE,Combined TRACON& Tower with Radar,0,2,12,0,14,0,2,34,0,36,0,4,46,0,50,80,0,80,130
05/11/2011,HUF,IN,AGL,CE,Combined TRACON& Tower with Radar,0,0,25,0,25,0,1,45,0,46,0,1,70,0,71,68,0,68,139
05/12/2011,HUF,IN,AGL,CE,Combined TRACON& Tower with Radar,0,6,20,0,26,0,4,39,0,43,0,10,59,0,69,62,0,62,131
05/13/2011,HUF,IN,AGL,CE,Combined TRACON& Tower with Radar,0,6,23,2,31,0,3,36,6,45,0,9,59,8,76,58,0,58,134
05/14/2011,HUF,IN,AGL,CE,Combined TRACON& Tower with Radar,0,0,7,0,7,0,0,1,0,1,0,0,8,0,8,0,0,0,8
05/15/2011,HUF,IN,AGL,CE,Combined TRACON& Tower with Radar,0,0,7,0,7,0,0,0,0,0,0,0,7,0,7,1,0,1,8
05/16/2011,HUF,IN,AGL,CE,Combined TRACON& Tower with Radar,0,2,3,1,6,0,3,29,0,32,0,5,32,1,38,58,6,64,102
05/17/2011,HUF,IN,AGL,CE,Combined TRACON& Tower with Radar,0,0,27,0,27,0,0,24,0,24,0,0,51,0,51,64,0,64,115
05/18/2011,HUF,IN,AGL,CE,Combined TRACON& Tower with Radar,0,2,17,0,19,0,0,37,0,37,0,2,54,0,56,78,0,78,134
05/19/2011,HUF,IN,AGL,CE,Combined TRACON& Tower with Radar,0,0,26,2,28,0,2,41,0,43,0,2,67,2,71,38,0,38,109
05/20/2011,HUF,IN,AGL,CE,Combined TRACON& Tower with Radar,0,4,12,2,18,0,3,40,0,43,0,7,52,2,61,32,0,32,93
05/21/2011,HUF,IN,AGL,CE,Combined TRACON& Tower with Radar,0,0,7,0,7,0,0,26,1,27,0,0,33,1,34,126,0,126,160
05/22/2011,HUF,IN,AGL,CE,Combined TRACON& Tower with Radar,0,0,13,0,13,0,0,27,0,27,0,0,40,0,40,12,0,12,52
05/23/2011,HUF,IN,AGL,CE,Combined TRACON& Tower with Radar,0,4,14,2,20,1,0,23,1,25,1,4,37,3,45,16,0,16,61
05/24/2011,HUF,IN,AGL,CE,Combined TRACON& Tower with Radar,0,0,12,0,12,0,0,31,0,31,0,0,43,0,43,56,0,56,99
05/25/2011,HUF,IN,AGL,CE,Combined TRACON& Tower with Radar,0,1,6,2,9,0,3,7,0,10,0,4,13,2,19,4,0,4,23
05/26/2011,HUF,IN,AGL,CE,Combined TRACON& Tower with Radar,0,0,17,0,17,0,0,1,0,1,0,0,18,0,18,0,0,0,18
05/27/2011,HUF,IN,AGL,CE,Combined TRACON& Tower with Radar,0,0,36,0,36,0,0,7,0,7,0,0,43,0,43,14,0,14,57
05/28/2011,HUF,IN,AGL,CE,Combined TRACON& Tower with Radar,0,1,8,0,9,0,0,16,0,16,0,1,24,0,25,12,0,12,37
05/29/2011,HUF,IN,AGL,CE,Combined TRACON& Tower with Radar,0,0,7,0,7,0,3,21,0,24,0,3,28,0,31,8,0,8,39
05/30/2011,HUF,IN,AGL,CE,Combined TRACON& Tower with Radar,0,4,21,0,25,0,0,51,0,51,0,4,72,0,76,38,0,38,114
05/31/2011,HUF,IN,AGL,CE,Combined TRACON& Tower with Radar,0,0,16,0,16,0,5,69,0,74,0,5,85,0,90,168,0,168,258
06/01/2011,HUF,IN,AGL,CE,Combined TRACON& Tower with Radar,0,0,34,0,34,0,0,59,0,59,0,0,93,0,93,110,0,110,203
06/02/2011,HUF,IN,AGL,CE,Combined TRACON& Tower with Radar,0,0,20,0,20,0,0,33,0,33,0,0,53,0,53,66,0,66,119
06/03/2011,HUF,IN,AGL,CE,Combined TRACON& Tower with Radar,0,0,21,5,26,0,0,37,0,37,0,0,58,5,63,72,0,72,135
06/04/2011,HUF,IN,AGL,CE,Combined TRACON& Tower with Radar,0,0,5,0,5,0,0,42,1,43,0,0,47,1,48,52,0,52,100
06/05/2011,HUF,IN,AGL,CE,Combined TRACON& Tower with Radar,0,0,11,2,13,0,1,13,7,21,0,1,24,9,34,39,0,39,73
06/06/2011,HUF,IN,AGL,CE,Combined TRACON& Tower with Radar,0,3,6,0,9,0,5,43,0,48,0,8,49,0,57,92,0,92,149
06/07/2011,HUF,IN,AGL,CE,Combined TRACON& Tower with Radar,0,1,18,0,19,0,6,111,0,117,0,7,129,0,136,94,0,94,230
06/08/2011,HUF,IN,AGL,CE,Combined TRACON& Tower with Radar,0,1,22,0,23,0,8,58,1,67,0,9,80,1,90,78,0,78,168
06/09/2011,HUF,IN,AGL,CE,Combined TRACON& Tower with Radar,0,0,26,0,26,0,2,38,0,40,0,2,64,0,66,62,0,62,128
06/10/2011,HUF,IN,AGL,CE,Combined TRACON& Tower with Radar,0,1,14,4,19,0,6,25,0,31,0,7,39,4,50,24,0,24,74
06/11/2011,HUF,IN,AGL,CE,Combined TRACON& Tower with Radar,0,0,8,1,9,0,2,20,0,22,0,2,28,1,31,50,0,50,81
06/12/2011,HUF,IN,AGL,CE,Combined TRACON& Tower with Radar,0,0,10,0,10,0,0,49,0,49,0,0,59,0,59,100,0,100,159
06/13/2011,HUF,IN,AGL,CE,Combined TRACON& Tower with Radar,0,4,19,9,32,0,3,50,2,55,0,7,69,11,87,80,20,100,187
06/14/2011,HUF,IN,AGL,CE,Combined TRACON& Tower with Radar,0,3,9,0,12,0,0,36,0,36,0,3,45,0,48,36,0,36,84
06/15/2011,HUF,IN,AGL,CE,Combined TRACON& Tower with Radar,1,0,21,0,22,0,0,4,0,4,1,0,25,0,26,2,0,2,28
06/16/2011,HUF,IN,AGL,CE,Combined TRACON& Tower with Radar,0,0,19,0,19,0,0,36,0,36,0,0,55,0,55,36,0,36,91
06/17/2011,HUF,IN,AGL,CE,Combined TRACON& Tower with Radar,0,3,5,0,8,0,2,28,2,32,0,5,33,2,40,14,0,14,54
06/18/2011,HUF,IN,AGL,CE,Combined TRACON& Tower with Radar,0,0,6,2,8,0,2,8,1,11,0,2,14,3,19,18,0,18,37
06/19/2011,HUF,IN,AGL,CE,Combined TRACON& Tower with Radar,0,0,2,0,2,0,0,12,0,12,0,0,14,0,14,10,0,10,24
06/20/2011,HUF,IN,AGL,CE,Combined TRACON& Tower with Radar,0,1,20,0,21,0,0,31,0,31,0,1,51,0,52,33,0,33,85
06/21/2011,HUF,IN,AGL,CE,Combined TRACON& Tower with Radar,0,0,10,0,10,0,4,25,0,29,0,4,35,0,39,26,0,26,65
06/22/2011,HUF,IN,AGL,CE,Combined TRACON& Tower with Radar,0,0,13,0,13,0,0,22,3,25,0,0,35,3,38,22,0,22,60
06/23/2011,HUF,IN,AGL,CE,Combined TRACON& Tower with Radar,0,0,31,0,31,0,1,12,4,17,0,1,43,4,48,2,0,2,50
06/24/2011,HUF,IN,AGL,CE,Combined TRACON& Tower with Radar,0,0,12,1,13,0,0,10,0,10,0,0,22,1,23,6,0,6,29
06/25/2011,HUF,IN,AGL,CE,Combined TRACON& Tower with Radar,0,0,17,0,17,0,0,36,0,36,0,0,53,0,53,86,0,86,139
06/26/2011,HUF,IN,AGL,CE,Combined TRACON& Tower with Radar,0,0,11,1,12,0,1,26,1,28,0,1,37,2,40,83,0,83,123
06/27/2011,HUF,IN,AGL,CE,Combined TRACON& Tower with Radar,0,0,14,0,14,0,3,15,0,18,0,3,29,0,32,28,0,28,60
06/28/2011,HUF,IN,AGL,CE,Combined TRACON& Tower with Radar,0,0,13,2,15,0,5,62,5,72,0,5,75,7,87,38,0,38,125
06/29/2011,HUF,IN,AGL,CE,Combined TRACON& Tower with Radar,0,0,15,0,15,0,0,78,2,80,0,0,93,2,95,84,0,84,179
06/30/2011,HUF,IN,AGL,CE,Combined TRACON& Tower with Radar,0,2,5,0,7,0,0,40,0,40,0,2,45,0,47,43,0,43,90
07/01/2011,HUF,IN,AGL,CE,Combined TRACON& Tower with Radar,0,0,6,0,6,0,0,31,0,31,0,0,37,0,37,113,0,113,150
07/02/2011,HUF,IN,AGL,CE,Combined TRACON& Tower with Radar,0,0,0,0,0,0,3,26,0,29,0,3,26,0,29,140,0,140,169
07/03/2011,HUF,IN,AGL,CE,Combined TRACON& Tower with Radar,0,0,13,0,13,0,4,28,0,32,0,4,41,0,45,14,0,14,59
07/04/2011,HUF,IN,AGL,CE,Combined TRACON& Tower with Radar,0,0,16,0,16,0,3,11,0,14,0,3,27,0,30,108,0,108,138
07/05/2011,HUF,IN,AGL,CE,Combined TRACON& Tower with Radar,0,1,13,0,14,0,7,51,7,65,0,8,64,7,79,52,0,52,131
07/06/2011,HUF,IN,AGL,CE,Combined TRACON& Tower with Radar,0,0,19,12,31,1,3,47,0,51,1,3,66,12,82,50,20,70,152
07/07/2011,HUF,IN,AGL,CE,Combined TRACON& Tower with Radar,0,0,28,1,29,0,0,45,2,47,0,0,73,3,76,88,0,88,164
07/08/2011,HUF,IN,AGL,CE,Combined TRACON& Tower with Radar,0,0,9,2,11,0,4,19,0,23,0,4,28,2,34,66,0,66,100
07/09/2011,HUF,IN,AGL,CE,Combined TRACON& Tower with Radar,0,0,3,0,3,0,5,56,0,61,0,5,59,0,64,72,0,72,136
07/10/2011,HUF,IN,AGL,CE,Combined TRACON& Tower with Radar,0,0,10,0,10,0,2,31,0,33,0,2,41,0,43,11,0,11,54
07/11/2011,HUF,IN,AGL,CE,Combined TRACON& Tower with Radar,0,0,13,2,15,0,1,19,0,20,0,1,32,2,35,28,0,28,63
07/12/2011,HUF,IN,AGL,CE,Combined TRACON& Tower with Radar,0,0,11,2,13,0,1,56,0,57,0,1,67,2,70,56,0,56,126
07/13/2011,HUF,IN,AGL,CE,Combined TRACON& Tower with Radar,0,5,30,0,35,0,2,48,2,52,0,7,78,2,87,34,14,48,135
07/14/2011,HUF,IN,AGL,CE,Combined TRACON& Tower with Radar,0,1,25,8,34,0,0,51,4,55,0,1,76,12,89,64,0,64,153
07/15/2011,HUF,IN,AGL,CE,Combined TRACON& Tower with Radar,0,0,18,4,22,0,2,51,0,53,0,2,69,4,75,84,2,86,161
07/16/2011,HUF,IN,AGL,CE,Combined TRACON& Tower with Radar,0,0,14,1,15,0,6,41,1,48,0,6,55,2,63,106,0,106,169
07/17/2011,HUF,IN,AGL,CE,Combined TRACON& Tower with Radar,0,0,18,4,22,0,3,50,1,54,0,3,68,5,76,69,0,69,145
07/18/2011,HUF,IN,AGL,CE,Combined TRACON& Tower with Radar,0,1,26,0,27,0,5,49,1,55,0,6,75,1,82,40,0,40,122
07/19/2011,HUF,IN,AGL,CE,Combined TRACON& Tower with Radar,0,0,14,8,22,0,6,32,9,47,0,6,46,17,69,5,0,5,74
07/20/2011,HUF,IN,AGL,CE,Combined TRACON& Tower with Radar,0,1,8,0,9,0,3,28,0,31,0,4,36,0,40,30,0,30,70
07/21/2011,HUF,IN,AGL,CE,Combined TRACON& Tower with Radar,0,1,14,0,15,0,1,41,5,47,0,2,55,5,62,67,0,67,129
07/22/2011,HUF,IN,AGL,CE,Combined TRACON& Tower with Radar,0,2,21,4,27,0,1,19,0,20,0,3,40,4,47,24,2,26,73
07/23/2011,HUF,IN,AGL,CE,Combined TRACON& Tower with Radar,0,0,15,2,17,0,1,33,2,36,0,1,48,4,53,16,0,16,69
07/24/2011,HUF,IN,AGL,CE,Combined TRACON& Tower with Radar,0,1,8,0,9,0,1,61,2,64,0,2,69,2,73,26,0,26,99
07/25/2011,HUF,IN,AGL,CE,Combined TRACON& Tower with Radar,0,1,17,0,18,0,0,30,1,31,0,1,47,1,49,40,0,40,89
07/26/2011,HUF,IN,AGL,CE,Combined TRACON& Tower with Radar,0,5,16,0,21,0,9,32,0,41,0,14,48,0,62,84,0,84,146
07/27/2011,HUF,IN,AGL,CE,Combined TRACON& Tower with Radar,0,0,9,0,9,0,3,36,0,39,0,3,45,0,48,82,0,82,130
07/28/2011,HUF,IN,AGL,CE,Combined TRACON& Tower with Radar,0,0,18,0,18,0,3,40,2,45,0,3,58,2,63,42,0,42,105
07/29/2011,HUF,IN,AGL,CE,Combined TRACON& Tower with Radar,0,0,21,2,23,0,1,33,2,36,0,1,54,4,59,47,0,47,106
07/30/2011,HUF,IN,AGL,CE,Combined TRACON& Tower with Radar,0,0,10,0,10,0,2,27,0,29,0,2,37,0,39,12,0,12,51
07/31/2011,HUF,IN,AGL,CE,Combined TRACON& Tower with Radar,0,0,8,0,8,0,4,30,4,38,0,4,38,4,46,37,0,37,83
08/01/2011,HUF,IN,AGL,CE,Combined TRACON& Tower with Radar,0,0,9,0,9,0,0,37,0,37,0,0,46,0,46,24,0,24,70
08/02/2011,HUF,IN,AGL,CE,Combined TRACON& Tower with Radar,0,1,19,0,20,0,0,32,0,32,0,1,51,0,52,41,0,41,93
08/03/2011,HUF,IN,AGL,CE,Combined TRACON& Tower with Radar,0,0,15,4,19,0,0,38,0,38,0,0,53,4,57,64,0,64,121
08/04/2011,HUF,IN,AGL,CE,Combined TRACON& Tower with Radar,0,2,10,0,12,0,4,35,2,41,0,6,45,2,53,46,0,46,99
08/05/2011,HUF,IN,AGL,CE,Combined TRACON& Tower with Radar,0,2,16,2,20,0,3,27,0,30,0,5,43,2,50,50,2,52,102
08/06/2011,HUF,IN,AGL,CE,Combined TRACON& Tower with Radar,0,0,5,0,5,0,1,4,1,6,0,1,9,1,11,8,0,8,19
08/07/2011,HUF,IN,AGL,CE,Combined TRACON& Tower with Radar,0,0,11,0,11,0,0,11,0,11,0,0,22,0,22,8,0,8,30
08/08/2011,HUF,IN,AGL,CE,Combined TRACON& Tower with Radar,0,2,4,0,6,0,1,22,0,23,0,3,26,0,29,38,0,38,67
08/09/2011,HUF,IN,AGL,CE,Combined TRACON& Tower with Radar,0,0,6,0,6,0,1,21,0,22,0,1,27,0,28,30,0,30,58
08/10/2011,HUF,IN,AGL,CE,Combined TRACON& Tower with Radar,0,0,14,1,15,0,1,22,0,23,0,1,36,1,38,8,0,8,46
08/11/2011,HUF,IN,AGL,CE,Combined TRACON& Tower with Radar,0,0,15,0,15,0,2,45,0,47,0,2,60,0,62,29,0,29,91
08/12/2011,HUF,IN,AGL,CE,Combined TRACON& Tower with Radar,0,0,14,12,26,0,0,24,2,26,0,0,38,14,52,34,16,50,102
08/13/2011,HUF,IN,AGL,CE,Combined TRACON& Tower with Radar,0,0,5,0,5,0,2,21,1,24,0,2,26,1,29,12,0,12,41
08/14/2011,HUF,IN,AGL,CE,Combined TRACON& Tower with Radar,0,0,9,0,9,0,2,15,0,17,0,2,24,0,26,10,0,10,36
08/15/2011,HUF,IN,AGL,CE,Combined TRACON& Tower with Radar,0,0,14,0,14,0,1,25,2,28,0,1,39,2,42,36,10,46,88
08/16/2011,HUF,IN,AGL,CE,Combined TRACON& Tower with Radar,0,0,16,14,30,0,6,62,0,68,0,6,78,14,98,88,26,114,212
08/17/2011,HUF,IN,AGL,CE,Combined TRACON& Tower with Radar,0,0,13,6,19,0,0,32,9,41,0,0,45,15,60,40,8,48,108
08/18/2011,HUF,IN,AGL,CE,Combined TRACON& Tower with Radar,0,0,3,4,7,0,0,10,2,12,0,0,13,6,19,12,2,14,33
08/19/2011,HUF,IN,AGL,CE,Combined TRACON& Tower with Radar,0,0,9,21,30,0,0,15,3,18,0,0,24,24,48,20,24,44,92
08/20/2011,HUF,IN,AGL,CE,Combined TRACON& Tower with Radar,0,0,10,6,16,0,0,16,0,16,0,0,26,6,32,12,0,12,44
08/21/2011,HUF,IN,AGL,CE,Combined TRACON& Tower with Radar,0,0,11,9,20,0,1,22,1,24,0,1,33,10,44,12,10,22,66
08/22/2011,HUF,IN,AGL,CE,Combined TRACON& Tower with Radar,0,1,11,1,13,0,1,26,8,35,0,2,37,9,48,40,50,90,138
08/23/2011,HUF,IN,AGL,CE,Combined TRACON& Tower with Radar,0,0,7,4,11,0,7,32,5,44,0,7,39,9,55,14,36,50,105
08/24/2011,HUF,IN,AGL,CE,Combined TRACON& Tower with Radar,0,2,13,4,19,0,1,30,0,31,0,3,43,4,50,43,0,43,93
08/25/2011,HUF,IN,AGL,CE,Combined TRACON& Tower with Radar,0,0,10,8,18,0,2,34,0,36,0,2,44,8,54,30,8,38,92
08/26/2011,HUF,IN,AGL,CE,Combined TRACON& Tower with Radar,0,0,21,0,21,0,1,59,0,60,0,1,80,0,81,78,0,78,159
08/27/2011,HUF,IN,AGL,CE,Combined TRACON& Tower with Radar,0,1,7,0,8,0,1,44,0,45,0,2,51,0,53,34,0,34,87
08/28/2011,HUF,IN,AGL,CE,Combined TRACON& Tower with Radar,0,2,6,1,9,0,0,35,3,38,0,2,41,4,47,48,0,48,95
08/29/2011,HUF,IN,AGL,CE,Combined TRACON& Tower with Radar,0,8,26,16,50,0,1,42,0,43,0,9,68,16,93,44,2,46,139
08/30/2011,HUF,IN,AGL,CE,Combined TRACON& Tower with Radar,0,0,17,4,21,0,1,24,4,29,0,1,41,8,50,60,21,81,131
08/31/2011,HUF,IN,AGL,CE,Combined TRACON& Tower with Radar,0,6,24,4,34,0,1,23,0,24,0,7,47,4,58,39,32,71,129
09/01/2011,HUF,IN,AGL,CE,Combined TRACON& Tower with Radar,0,10,12,0,22,0,1,15,2,18,0,11,27,2,40,20,0,20,60
09/02/2011,HUF,IN,AGL,CE,Combined TRACON& Tower with Radar,2,2,18,0,22,0,0,41,0,41,2,2,59,0,63,16,0,16,79
09/03/2011,HUF,IN,AGL,CE,Combined TRACON& Tower with Radar,2,0,5,0,7,0,3,18,0,21,2,3,23,0,28,14,0,14,42
09/04/2011,HUF,IN,AGL,CE,Combined TRACON& Tower with Radar,0,0,4,0,4,0,3,4,0,7,0,3,8,0,11,10,0,10,21
09/05/2011,HUF,IN,AGL,CE,Combined TRACON& Tower with Radar,0,0,7,0,7,0,4,33,1,38,0,4,40,1,45,22,0,22,67
09/06/2011,HUF,IN,AGL,CE,Combined TRACON& Tower with Radar,0,0,18,0,18,0,3,15,1,19,0,3,33,1,37,10,0,10,47
09/07/2011,HUF,IN,AGL,CE,Combined TRACON& Tower with Radar,0,1,23,0,24,0,2,30,3,35,0,3,53,3,59,44,0,44,103
09/08/2011,HUF,IN,AGL,CE,Combined TRACON& Tower with Radar,0,1,35,0,36,0,1,7,1,9,0,2,42,1,45,26,0,26,71
09/09/2011,HUF,IN,AGL,CE,Combined TRACON& Tower with Radar,0,0,39,3,42,0,5,12,0,17,0,5,51,3,59,12,0,12,71
09/10/2011,HUF,IN,AGL,CE,Combined TRACON& Tower with Radar,0,0,11,0,11,0,1,1,0,2,0,1,12,0,13,0,0,0,13
09/11/2011,HUF,IN,AGL,CE,Combined TRACON& Tower with Radar,0,0,9,0,9,0,0,20,0,20,0,0,29,0,29,32,0,32,61
09/12/2011,HUF,IN,AGL,CE,Combined TRACON& Tower with Radar,0,1,38,2,41,0,4,63,8,75,0,5,101,10,116,128,0,128,244
09/13/2011,HUF,IN,AGL,CE,Combined TRACON& Tower with Radar,0,5,26,0,31,0,1,38,0,39,0,6,64,0,70,112,0,112,182
09/14/2011,HUF,IN,AGL,CE,Combined TRACON& Tower with Radar,0,2,21,0,23,0,1,18,0,19,0,3,39,0,42,32,0,32,74
09/15/2011,HUF,IN,AGL,CE,Combined TRACON& Tower with Radar,0,2,31,0,33,0,3,44,2,49,0,5,75,2,82,92,0,92,174
09/16/2011,HUF,IN,AGL,CE,Combined TRACON& Tower with Radar,1,0,32,2,35,0,2,41,0,43,1,2,73,2,78,46,0,46,124
09/17/2011,HUF,IN,AGL,CE,Combined TRACON& Tower with Radar,1,0,16,2,19,0,0,55,0,55,1,0,71,2,74,42,2,44,118
09/18/2011,HUF,IN,AGL,CE,Combined TRACON& Tower with Radar,0,0,15,0,15,0,0,9,0,9,0,0,24,0,24,8,0,8,32
09/19/2011,HUF,IN,AGL,CE,Combined TRACON& Tower with Radar,0,0,23,0,23,0,0,2,0,2,0,0,25,0,25,20,0,20,45
09/20/2011,HUF,IN,AGL,CE,Combined TRACON& Tower with Radar,0,0,36,1,37,0,2,26,1,29,0,2,62,2,66,132,2,134,200
09/21/2011,HUF,IN,AGL,CE,Combined TRACON& Tower with Radar,0,0,35,2,37,0,0,48,0,48,0,0,83,2,85,126,6,132,217
09/22/2011,HUF,IN,AGL,CE,Combined TRACON& Tower with Radar,0,4,30,0,34,0,1,57,0,58,0,5,87,0,92,60,0,60,152
09/23/2011,HUF,IN,AGL,CE,Combined TRACON& Tower with Radar,0,0,21,0,21,0,2,29,0,31,0,2,50,0,52,78,0,78,130
09/24/2011,HUF,IN,AGL,CE,Combined TRACON& Tower with Radar,0,0,26,0,26,0,1,16,0,17,0,1,42,0,43,20,10,30,73
09/25/2011,HUF,IN,AGL,CE,Combined TRACON& Tower with Radar,0,0,13,0,13,0,0,9,0,9,0,0,22,0,22,22,0,22,44
09/26/2011,HUF,IN,AGL,CE,Combined TRACON& Tower with Radar,0,0,40,2,42,0,0,31,0,31,0,0,71,2,73,60,0,60,133
09/27/2011,HUF,IN,AGL,CE,Combined TRACON& Tower with Radar,0,0,21,0,21,0,0,19,4,23,0,0,40,4,44,88,0,88,132
09/28/2011,HUF,IN,AGL,CE,Combined TRACON& Tower with Radar,0,0,26,0,26,0,0,40,0,40,0,0,66,0,66,86,0,86,152
09/29/2011,HUF,IN,AGL,CE,Combined TRACON& Tower with Radar,0,2,27,0,29,0,0,32,1,33,0,2,59,1,62,26,0,26,88
09/30/2011,HUF,IN,AGL,CE,Combined TRACON& Tower with Radar,2,0,26,1,29,0,1,20,3,24,2,1,46,4,53,68,0,68,121
10/01/2011,HUF,IN,AGL,CE,Combined TRACON& Tower with Radar,0,0,8,0,8,0,2,35,0,37,0,2,43,0,45,39,0,39,84
10/02/2011,HUF,IN,AGL,CE,Combined TRACON& Tower with Radar,0,1,8,0,9,0,0,61,0,61,0,1,69,0,70,106,0,106,176
10/03/2011,HUF,IN,AGL,CE,Combined TRACON& Tower with Radar,0,2,30,0,32,0,2,76,0,78,0,4,106,0,110,212,0,212,322
10/04/2011,HUF,IN,AGL,CE,Combined TRACON& Tower with Radar,0,0,21,0,21,0,1,41,0,42,0,1,62,0,63,156,0,156,219
10/05/2011,HUF,IN,AGL,CE,Combined TRACON& Tower with Radar,0,0,42,0,42,0,0,48,0,48,0,0,90,0,90,136,0,136,226
10/06/2011,HUF,IN,AGL,CE,Combined TRACON& Tower with Radar,0,1,30,0,31,0,0,37,0,37,0,1,67,0,68,110,0,110,178
10/07/2011,HUF,IN,AGL,CE,Combined TRACON& Tower with Radar,0,2,22,0,24,0,1,42,0,43,0,3,64,0,67,28,0,28,95
10/08/2011,HUF,IN,AGL,CE,Combined TRACON& Tower with Radar,0,0,16,0,16,0,2,44,0,46,0,2,60,0,62,12,0,12,74
10/09/2011,HUF,IN,AGL,CE,Combined TRACON& Tower with Radar,0,0,13,0,13,0,2,33,0,35,0,2,46,0,48,30,0,30,78
10/10/2011,HUF,IN,AGL,CE,Combined TRACON& Tower with Radar,0,0,22,0,22,0,1,34,1,36,0,1,56,1,58,92,0,92,150
10/11/2011,HUF,IN,AGL,CE,Combined TRACON& Tower with Radar,0,0,35,0,35,0,3,41,0,44,0,3,76,0,79,100,0,100,179
10/12/2011,HUF,IN,AGL,CE,Combined TRACON& Tower with Radar,0,0,19,0,19,0,0,24,0,24,0,0,43,0,43,56,0,56,99
10/13/2011,HUF,IN,AGL,CE,Combined TRACON& Tower with Radar,0,0,14,0,14,0,0,3,0,3,0,0,17,0,17,14,0,14,31
10/14/2011,HUF,IN,AGL,CE,Combined TRACON& Tower with Radar,0,0,10,0,10,0,3,11,0,14,0,3,21,0,24,32,0,32,56
10/15/2011,HUF,IN,AGL,CE,Combined TRACON& Tower with Radar,0,2,4,0,6,0,4,11,0,15,0,6,15,0,21,0,0,0,21
10/16/2011,HUF,IN,AGL,CE,Combined TRACON& Tower with Radar,0,1,8,0,9,0,2,13,0,15,0,3,21,0,24,14,0,14,38
10/17/2011,HUF,IN,AGL,CE,Combined TRACON& Tower with Radar,0,0,15,0,15,0,0,29,0,29,0,0,44,0,44,80,0,80,124
10/18/2011,HUF,IN,AGL,CE,Combined TRACON& Tower with Radar,0,0,28,0,28,0,2,1,0,3,0,2,29,0,31,0,0,0,31
10/19/2011,HUF,IN,AGL,CE,Combined TRACON& Tower with Radar,0,0,14,0,14,0,0,1,0,1,0,0,15,0,15,0,0,0,15
10/20/2011,HUF,IN,AGL,CE,Combined TRACON& Tower with Radar,0,2,16,0,18,0,2,11,0,13,0,4,27,0,31,8,0,8,39
10/21/2011,HUF,IN,AGL,CE,Combined TRACON& Tower with Radar,0,2,33,0,35,0,4,51,3,58,0,6,84,3,93,40,20,60,153
10/22/2011,HUF,IN,AGL,CE,Combined TRACON& Tower with Radar,0,1,7,0,8,0,1,35,0,36,0,2,42,0,44,94,12,106,150
10/23/2011,HUF,IN,AGL,CE,Combined TRACON& Tower with Radar,0,0,16,0,16,0,0,35,0,35,0,0,51,0,51,114,0,114,165
10/24/2011,HUF,IN,AGL,CE,Combined TRACON& Tower with Radar,0,0,34,1,35,0,0,57,1,58,0,0,91,2,93,137,0,137,230
10/25/2011,HUF,IN,AGL,CE,Combined TRACON& Tower with Radar,0,0,32,0,32,0,2,40,2,44,0,2,72,2,76,30,0,30,106
10/26/2011,HUF,IN,AGL,CE,Combined TRACON& Tower with Radar,0,2,24,4,30,0,1,14,0,15,0,3,38,4,45,66,0,66,111
10/27/2011,HUF,IN,AGL,CE,Combined TRACON& Tower with Radar,0,0,37,0,37,0,1,39,0,40,0,1,76,0,77,58,0,58,135
10/28/2011,HUF,IN,AGL,CE,Combined TRACON& Tower with Radar,0,0,26,0,26,0,0,57,0,57,0,0,83,0,83,144,0,144,227
10/29/2011,HUF,IN,AGL,CE,Combined TRACON& Tower with Radar,0,0,14,0,14,0,2,85,0,87,0,2,99,0,101,46,0,46,147
10/30/2011,HUF,IN,AGL,CE,Combined TRACON& Tower with Radar,0,0,9,2,11,0,0,12,0,12,0,0,21,2,23,48,0,48,71
10/31/2011,HUF,IN,AGL,CE,Combined TRACON& Tower with Radar,0,0,23,0,23,0,7,41,0,48,0,7,64,0,71,90,0,90,161
11/01/2011,HUF,IN,AGL,CE,Combined TRACON& Tower with Radar,0,1,27,0,28,0,0,54,0,54,0,1,81,0,82,94,0,94,176
11/02/2011,HUF,IN,AGL,CE,Combined TRACON& Tower with Radar,0,6,29,4,39,0,2,51,0,53,0,8,80,4,92,116,8,124,216
11/03/2011,HUF,IN,AGL,CE,Combined TRACON& Tower with Radar,0,0,2,2,4,0,2,1,0,3,0,2,3,2,7,0,0,0,7
11/04/2011,HUF,IN,AGL,CE,Combined TRACON& Tower with Radar,1,0,31,2,34,0,0,47,0,47,1,0,78,2,81,144,0,144,225
11/05/2011,HUF,IN,AGL,CE,Combined TRACON& Tower with Radar,1,0,33,0,34,0,3,36,0,39,1,3,69,0,73,48,0,48,121
11/06/2011,HUF,IN,AGL,CE,Combined TRACON& Tower with Radar,0,0,9,0,9,0,2,5,0,7,0,2,14,0,16,6,0,6,22
11/07/2011,HUF,IN,AGL,CE,Combined TRACON& Tower with Radar,0,0,25,1,26,0,3,34,0,37,0,3,59,1,63,61,0,61,124
11/08/2011,HUF,IN,AGL,CE,Combined TRACON& Tower with Radar,0,0,28,2,30,0,3,32,5,40,0,3,60,7,70,60,0,60,130
11/09/2011,HUF,IN,AGL,CE,Combined TRACON& Tower with Radar,0,0,8,1,9,0,0,1,0,1,0,0,9,1,10,0,0,0,10
11/10/2011,HUF,IN,AGL,CE,Combined TRACON& Tower with Radar,0,4,29,1,34,0,0,35,2,37,0,4,64,3,71,94,0,94,165
11/11/2011,HUF,IN,AGL,CE,Combined TRACON& Tower with Radar,0,0,32,0,32,1,0,57,0,58,1,0,89,0,90,112,0,112,202
11/12/2011,HUF,IN,AGL,CE,Combined TRACON& Tower with Radar,0,0,11,0,11,0,0,24,0,24,0,0,35,0,35,36,0,36,71
11/13/2011,HUF,IN,AGL,CE,Combined TRACON& Tower with Radar,0,0,18,0,18,0,1,4,2,7,0,1,22,2,25,0,2,2,27
11/14/2011,HUF,IN,AGL,CE,Combined TRACON& Tower with Radar,0,0,17,1,18,0,0,8,1,9,0,0,25,2,27,4,0,4,31
11/15/2011,HUF,IN,AGL,CE,Combined TRACON& Tower with Radar,0,3,61,4,68,0,0,24,0,24,0,3,85,4,92,72,0,72,164
11/16/2011,HUF,IN,AGL,CE,Combined TRACON& Tower with Radar,0,3,24,0,27,0,1,45,0,46,0,4,69,0,73,64,0,64,137
11/17/2011,HUF,IN,AGL,CE,Combined TRACON& Tower with Radar,0,0,35,0,35,0,1,46,0,47,0,1,81,0,82,98,0,98,180
11/18/2011,HUF,IN,AGL,CE,Combined TRACON& Tower with Radar,0,3,9,0,12,0,2,26,0,28,0,5,35,0,40,52,0,52,92
11/19/2011,HUF,IN,AGL,CE,Combined TRACON& Tower with Radar,0,3,6,0,9,0,1,6,0,7,0,4,12,0,16,6,0,6,22
11/20/2011,HUF,IN,AGL,CE,Combined TRACON& Tower with Radar,0,0,23,0,23,0,1,0,0,1,0,1,23,0,24,6,0,6,30
11/21/2011,HUF,IN,AGL,CE,Combined TRACON& Tower with Radar,0,2,30,0,32,0,0,0,0,0,0,2,30,0,32,2,0,2,34
11/22/2011,HUF,IN,AGL,CE,Combined TRACON& Tower with Radar,0,0,9,0,9,0,0,0,0,0,0,0,9,0,9,0,0,0,9
11/23/2011,HUF,IN,AGL,CE,Combined TRACON& Tower with Radar,0,0,18,0,18,0,2,10,0,12,0,2,28,0,30,6,0,6,36
11/24/2011,HUF,IN,AGL,CE,Combined TRACON& Tower with Radar,0,0,5,0,5,0,0,0,0,0,0,0,5,0,5,0,0,0,5
11/25/2011,HUF,IN,AGL,CE,Combined TRACON& Tower with Radar,0,0,1,0,1,0,0,12,0,12,0,0,13,0,13,0,0,0,13
11/26/2011,HUF,IN,AGL,CE,Combined TRACON& Tower with Radar,0,0,4,0,4,0,0,0,0,0,0,0,4,0,4,0,0,0,4
11/27/2011,HUF,IN,AGL,CE,Combined TRACON& Tower with Radar,0,0,5,0,5,0,0,0,0,0,0,0,5,0,5,0,0,0,5
11/28/2011,HUF,IN,AGL,CE,Combined TRACON& Tower with Radar,0,0,25,2,27,0,1,4,0,5,0,1,29,2,32,44,0,44,76
11/29/2011,HUF,IN,AGL,CE,Combined TRACON& Tower with Radar,0,0,8,4,12,0,0,0,0,0,0,0,8,4,12,0,0,0,12
11/30/2011,HUF,IN,AGL,CE,Combined TRACON& Tower with Radar,0,0,35,1,36,0,1,46,0,47,0,1,81,1,83,107,0,107,190
12/01/2011,HUF,IN,AGL,CE,Combined TRACON& Tower with Radar,0,0,35,0,35,0,0,55,0,55,0,0,90,0,90,70,0,70,160
12/02/2011,HUF,IN,AGL,CE,Combined TRACON& Tower with Radar,0,2,45,0,47,0,0,39,0,39,0,2,84,0,86,46,0,46,132
12/03/2011,HUF,IN,AGL,CE,Combined TRACON& Tower with Radar,0,0,19,0,19,0,0,53,0,53,0,0,72,0,72,74,0,74,146
12/04/2011,HUF,IN,AGL,CE,Combined TRACON& Tower with Radar,0,0,3,0,3,0,0,0,0,0,0,0,3,0,3,0,0,0,3
12/05/2011,HUF,IN,AGL,CE,Combined TRACON& Tower with Radar,0,0,6,0,6,0,0,0,0,0,0,0,6,0,6,0,0,0,6
12/06/2011,HUF,IN,AGL,CE,Combined TRACON& Tower with Radar,0,1,32,0,33,0,1,22,0,23,0,2,54,0,56,63,0,63,119
12/07/2011,HUF,IN,AGL,CE,Combined TRACON& Tower with Radar,0,1,16,4,21,0,0,13,0,13,0,1,29,4,34,50,0,50,84
12/08/2011,HUF,IN,AGL,CE,Combined TRACON& Tower with Radar,0,0,31,0,31,0,0,51,0,51,0,0,82,0,82,78,0,78,160
12/09/2011,HUF,IN,AGL,CE,Combined TRACON& Tower with Radar,0,0,31,2,33,0,1,13,0,14,0,1,44,2,47,34,0,34,81
12/10/2011,HUF,IN,AGL,CE,Combined TRACON& Tower with Radar,0,0,8,4,12,0,1,34,1,36,0,1,42,5,48,54,8,62,110
12/11/2011,HUF,IN,AGL,CE,Combined TRACON& Tower with Radar,0,0,18,0,18,0,0,45,0,45,0,0,63,0,63,92,0,92,155
12/12/2011,HUF,IN,AGL,CE,Combined TRACON& Tower with Radar,0,0,24,2,26,0,7,53,7,67,0,7,77,9,93,70,2,72,165
12/13/2011,HUF,IN,AGL,CE,Combined TRACON& Tower with Radar,0,0,26,2,28,0,1,16,0,17,0,1,42,2,45,44,0,44,89
12/14/2011,HUF,IN,AGL,CE,Combined TRACON& Tower with Radar,0,0,3,0,3,0,0,2,0,2,0,0,5,0,5,0,0,0,5
12/15/2011,HUF,IN,AGL,CE,Combined TRACON& Tower with Radar,0,0,21,10,31,0,0,2,0,2,0,0,23,10,33,0,0,0,33
12/16/2011,HUF,IN,AGL,CE,Combined TRACON& Tower with Radar,0,0,24,2,26,0,0,27,0,27,0,0,51,2,53,80,0,80,133
12/17/2011,HUF,IN,AGL,CE,Combined TRACON& Tower with Radar,0,0,9,0,9,0,1,22,0,23,0,1,31,0,32,50,0,50,82
12/18/2011,HUF,IN,AGL,CE,Combined TRACON& Tower with Radar,0,0,20,0,20,0,2,81,0,83,0,2,101,0,103,82,0,82,185
12/19/2011,HUF,IN,AGL,CE,Combined TRACON& Tower with Radar,0,0,12,0,12,0,0,10,0,10,0,0,22,0,22,0,0,0,22
12/20/2011,HUF,IN,AGL,CE,Combined TRACON& Tower with Radar,0,6,9,0,15,0,0,1,0,1,0,6,10,0,16,0,0,0,16
12/21/2011,HUF,IN,AGL,CE,Combined TRACON& Tower with Radar,0,7,8,0,15,0,1,6,0,7,0,8,14,0,22,0,0,0,22
12/22/2011,HUF,IN,AGL,CE,Combined TRACON& Tower with Radar,0,0,9,1,10,0,1,6,2,9,0,1,15,3,19,10,0,10,29
12/23/2011,HUF,IN,AGL,CE,Combined TRACON& Tower with Radar,0,0,5,0,5,0,0,14,0,14,0,0,19,0,19,0,0,0,19
12/24/2011,HUF,IN,AGL,CE,Combined TRACON& Tower with Radar,0,0,11,0,11,0,0,23,0,23,0,0,34,0,34,14,0,14,48
12/25/2011,HUF,IN,AGL,CE,Combined TRACON& Tower with Radar,0,0,1,0,1,0,2,2,0,4,0,2,3,0,5,0,0,0,5
12/26/2011,HUF,IN,AGL,CE,Combined TRACON& Tower with Radar,0,0,9,0,9,0,0,22,0,22,0,0,31,0,31,8,0,8,39
12/27/2011,HUF,IN,AGL,CE,Combined TRACON& Tower with Radar,0,2,2,0,4,0,1,1,0,2,0,3,3,0,6,0,0,0,6
12/28/2011,HUF,IN,AGL,CE,Combined TRACON& Tower with Radar,0,0,8,0,8,0,4,27,0,31,0,4,35,0,39,50,0,50,89
12/29/2011,HUF,IN,AGL,CE,Combined TRACON& Tower with Radar,0,2,13,0,15,0,0,22,0,22,0,2,35,0,37,34,0,34,71
12/30/2011,HUF,IN,AGL,CE,Combined TRACON& Tower with Radar,0,2,4,0,6,0,2,3,0,5,0,4,7,0,11,0,0,0,11
12/31/2011,HUF,IN,AGL,CE,Combined TRACON& Tower with Radar,0,1,4,0,5,0,2,2,0,4,0,3,6,0,9,0,0,0,9
01/01/2012,HUF,IN,AGL,CE,Combined TRACON& Tower with Radar,0,0,0,0,0,0,2,1,0,3,0,2,1,0,3,0,0,0,3
01/02/2012,HUF,IN,AGL,CE,Combined TRACON& Tower with Radar,0,0,3,0,3,0,0,0,0,0,0,0,3,0,3,0,0,0,3
01/03/2012,HUF,IN,AGL,CE,Combined TRACON& Tower with Radar,0,2,28,6,36,0,0,25,0,25,0,2,53,6,61,42,14,56,117
01/04/2012,HUF,IN,AGL,CE,Combined TRACON& Tower with Radar,0,1,10,0,11,0,0,35,3,38,0,1,45,3,49,42,4,46,95
01/05/2012,HUF,IN,AGL,CE,Combined TRACON& Tower with Radar,0,1,9,0,10,0,0,29,0,29,0,1,38,0,39,38,0,38,77
01/06/2012,HUF,IN,AGL,CE,Combined TRACON& Tower with Radar,0,0,12,0,12,0,0,21,0,21,0,0,33,0,33,14,0,14,47
01/07/2012,HUF,IN,AGL,CE,Combined TRACON& Tower with Radar,0,0,23,0,23,0,0,46,0,46,0,0,69,0,69,51,6,57,126
01/08/2012,HUF,IN,AGL,CE,Combined TRACON& Tower with Radar,0,0,5,0,5,0,0,36,1,37,0,0,41,1,42,62,0,62,104
01/09/2012,HUF,IN,AGL,CE,Combined TRACON& Tower with Radar,0,0,22,13,35,0,1,46,0,47,0,1,68,13,82,128,22,150,232
01/10/2012,HUF,IN,AGL,CE,Combined TRACON& Tower with Radar,0,0,17,0,17,0,1,39,0,40,0,1,56,0,57,108,0,108,165
01/11/2012,HUF,IN,AGL,CE,Combined TRACON& Tower with Radar,0,0,15,0,15,0,2,7,0,9,0,2,22,0,24,26,0,26,50
01/12/2012,HUF,IN,AGL,CE,Combined TRACON& Tower with Radar,0,1,10,0,11,0,0,1,0,1,0,1,11,0,12,4,0,4,16
01/13/2012,HUF,IN,AGL,CE,Combined TRACON& Tower with Radar,0,2,7,0,9,0,0,4,0,4,0,2,11,0,13,4,0,4,17
01/14/2012,HUF,IN,AGL,CE,Combined TRACON& Tower with Radar,0,2,6,0,8,0,0,3,0,3,0,2,9,0,11,0,0,0,11
01/15/2012,HUF,IN,AGL,CE,Combined TRACON& Tower with Radar,0,2,9,0,11,0,0,30,1,31,0,2,39,1,42,83,0,83,125
01/16/2012,HUF,IN,AGL,CE,Combined TRACON& Tower with Radar,0,0,3,0,3,0,0,8,0,8,0,0,11,0,11,8,0,8,19
01/17/2012,HUF,IN,AGL,CE,Combined TRACON& Tower with Radar,0,0,2,0,2,0,0,0,0,0,0,0,2,0,2,0,0,0,2
01/18/2012,HUF,IN,AGL,CE,Combined TRACON& Tower with Radar,0,1,24,0,25,0,0,44,0,44,0,1,68,0,69,132,0,132,201
01/19/2012,HUF,IN,AGL,CE,Combined TRACON& Tower with Radar,0,3,6,2,11,0,2,16,0,18,0,5,22,2,29,56,0,56,85
01/20/2012,HUF,IN,AGL,CE,Combined TRACON& Tower with Radar,0,3,18,2,23,0,0,16,0,16,0,3,34,2,39,116,12,128,167
01/21/2012,HUF,IN,AGL,CE,Combined TRACON& Tower with Radar,0,2,2,0,4,0,2,1,0,3,0,4,3,0,7,0,0,0,7
01/22/2012,HUF,IN,AGL,CE,Combined TRACON& Tower with Radar,0,0,3,0,3,0,0,0,0,0,0,0,3,0,3,0,0,0,3
01/23/2012,HUF,IN,AGL,CE,Combined TRACON& Tower with Radar,0,1,4,0,5,0,3,5,0,8,0,4,9,0,13,12,0,12,25
01/24/2012,HUF,IN,AGL,CE,Combined TRACON& Tower with Radar,0,2,23,0,25,0,2,18,1,21,0,4,41,1,46,54,0,54,100
01/25/2012,HUF,IN,AGL,CE,Combined TRACON& Tower with Radar,0,4,11,0,15,0,0,7,0,7,0,4,18,0,22,24,0,24,46
01/26/2012,HUF,IN,AGL,CE,Combined TRACON& Tower with Radar,0,1,15,0,16,0,0,0,0,0,0,1,15,0,16,0,0,0,16
01/27/2012,HUF,IN,AGL,CE,Combined TRACON& Tower with Radar,0,1,10,0,11,0,0,6,0,6,0,1,16,0,17,42,0,42,59
01/28/2012,HUF,IN,AGL,CE,Combined TRACON& Tower with Radar,0,0,5,0,5,0,0,9,1,10,0,0,14,1,15,22,0,22,37
01/29/2012,HUF,IN,AGL,CE,Combined TRACON& Tower with Radar,0,0,12,0,12,0,0,11,0,11,0,0,23,0,23,22,0,22,45
01/30/2012,HUF,IN,AGL,CE,Combined TRACON& Tower with Radar,0,0,25,0,25,0,1,43,0,44,0,1,68,0,69,110,0,110,179
01/31/2012,HUF,IN,AGL,CE,Combined TRACON& Tower with Radar,1,4,34,4,43,0,3,36,1,40,1,7,70,5,83,90,8,98,181
02/01/2012,HUF,IN,AGL,CE,Combined TRACON& Tower with Radar,0,3,45,0,48,0,1,52,0,53,0,4,97,0,101,138,0,138,239
02/02/2012,HUF,IN,AGL,CE,Combined TRACON& Tower with Radar,0,1,24,2,27,0,1,39,0,40,0,2,63,2,67,76,0,76,143
02/03/2012,HUF,IN,AGL,CE,Combined TRACON& Tower with Radar,0,3,19,2,24,0,2,28,0,30,0,5,47,2,54,36,0,36,90
02/04/2012,HUF,IN,AGL,CE,Combined TRACON& Tower with Radar,0,4,6,0,10,0,0,0,0,0,0,4,6,0,10,0,0,0,10
02/05/2012,HUF,IN,AGL,CE,Combined TRACON& Tower with Radar,0,15,11,0,26,0,0,10,0,10,0,15,21,0,36,14,0,14,50
02/06/2012,HUF,IN,AGL,CE,Combined TRACON& Tower with Radar,0,25,36,0,61,0,1,16,1,18,0,26,52,1,79,34,0,34,113
02/07/2012,HUF,IN,AGL,CE,Combined TRACON& Tower with Radar,0,1,22,4,27,0,0,22,0,22,0,1,44,4,49,75,0,75,124
02/08/2012,HUF,IN,AGL,CE,Combined TRACON& Tower with Radar,0,0,0,6,6,0,0,1,0,1,0,0,1,6,7,8,0,8,15
02/09/2012,HUF,IN,AGL,CE,Combined TRACON& Tower with Radar,0,0,39,0,39,0,1,44,3,48,0,1,83,3,87,92,0,92,179
02/10/2012,HUF,IN,AGL,CE,Combined TRACON& Tower with Radar,0,3,13,1,17,0,5,5,0,10,0,8,18,1,27,12,0,12,39
02/11/2012,HUF,IN,AGL,CE,Combined TRACON& Tower with Radar,0,0,16,0,16,0,0,22,2,24,0,0,38,2,40,22,0,22,62
02/12/2012,HUF,IN,AGL,CE,Combined TRACON& Tower with Radar,0,0,10,7,17,0,1,29,0,30,0,1,39,7,47,60,2,62,109
02/13/2012,HUF,IN,AGL,CE,Combined TRACON& Tower with Radar,0,0,19,10,29,0,0,18,3,21,0,0,37,13,50,85,0,85,135
02/14/2012,HUF,IN,AGL,CE,Combined TRACON& Tower with Radar,0,0,8,0,8,0,0,8,0,8,0,0,16,0,16,8,0,8,24
02/15/2012,HUF,IN,AGL,CE,Combined TRACON& Tower with Radar,0,0,19,0,19,0,0,10,0,10,0,0,29,0,29,24,0,24,53
02/16/2012,HUF,IN,AGL,CE,Combined TRACON& Tower with Radar,0,1,49,0,50,0,0,10,0,10,0,1,59,0,60,76,0,76,136
02/17/2012,HUF,IN,AGL,CE,Combined TRACON& Tower with Radar,0,3,25,0,28,0,1,72,2,75,0,4,97,2,103,146,0,146,249
02/18/2012,HUF,IN,AGL,CE,Combined TRACON& Tower with Radar,0,2,16,6,24,0,0,68,0,68,0,2,84,6,92,100,6,106,198
02/19/2012,HUF,IN,AGL,CE,Combined TRACON& Tower with Radar,0,0,13,0,13,0,0,65,3,68,0,0,78,3,81,121,0,121,202
02/20/2012,HUF,IN,AGL,CE,Combined TRACON& Tower with Radar,0,2,17,0,19,0,0,32,0,32,0,2,49,0,51,68,0,68,119
02/21/2012,HUF,IN,AGL,CE,Combined TRACON& Tower with Radar,0,5,19,4,28,0,0,11,0,11,0,5,30,4,39,14,0,14,53
02/22/2012,HUF,IN,AGL,CE,Combined TRACON& Tower with Radar,0,3,24,0,27,0,1,47,0,48,0,4,71,0,75,92,0,92,167
02/23/2012,HUF,IN,AGL,CE,Combined TRACON& Tower with Radar,0,2,35,0,37,0,0,14,0,14,0,2,49,0,51,64,0,64,115
02/24/2012,HUF,IN,AGL,CE,Combined TRACON& Tower with Radar,0,1,8,0,9,0,0,0,0,0,0,1,8,0,9,0,0,0,9
02/25/2012,HUF,IN,AGL,CE,Combined TRACON& Tower with Radar,0,1,12,0,13,0,0,30,0,30,0,1,42,0,43,114,0,114,157
02/26/2012,HUF,IN,AGL,CE,Combined TRACON& Tower with Radar,0,2,7,0,9,0,2,18,0,20,0,4,25,0,29,8,0,8,37
02/27/2012,HUF,IN,AGL,CE,Combined TRACON& Tower with Radar,0,0,21,1,22,0,0,52,3,55,0,0,73,4,77,148,0,148,225
02/28/2012,HUF,IN,AGL,CE,Combined TRACON& Tower with Radar,0,0,28,0,28,0,0,39,0,39,0,0,67,0,67,147,0,147,214
02/29/2012,HUF,IN,AGL,CE,Combined TRACON& Tower with Radar,0,0,6,0,6,0,0,5,0,5,0,0,11,0,11,0,0,0,11
03/01/2012,HUF,IN,AGL,CE,Combined TRACON& Tower with Radar,0,5,44,2,51,0,2,57,0,59,0,7,101,2,110,150,4,154,264
03/02/2012,HUF,IN,AGL,CE,Combined TRACON& Tower with Radar,0,0,1,0,1,0,1,2,0,3,0,1,3,0,4,0,0,0,4
03/03/2012,HUF,IN,AGL,CE,Combined TRACON& Tower with Radar,0,0,5,0,5,0,3,14,0,17,0,3,19,0,22,18,0,18,40
03/04/2012,HUF,IN,AGL,CE,Combined TRACON& Tower with Radar,0,0,4,0,4,0,2,14,0,16,0,2,18,0,20,10,0,10,30
03/05/2012,HUF,IN,AGL,CE,Combined TRACON& Tower with Radar,0,0,17,12,29,0,3,21,0,24,0,3,38,12,53,62,30,92,145
03/06/2012,HUF,IN,AGL,CE,Combined TRACON& Tower with Radar,0,0,6,12,18,0,0,4,1,5,0,0,10,13,23,14,9,23,46
03/07/2012,HUF,IN,AGL,CE,Combined TRACON& Tower with Radar,0,0,7,3,10,0,1,7,1,9,0,1,14,4,19,2,0,2,21
03/08/2012,HUF,IN,AGL,CE,Combined TRACON& Tower with Radar,0,0,4,0,4,0,0,1,0,1,0,0,5,0,5,0,0,0,5
03/09/2012,HUF,IN,AGL,CE,Combined TRACON& Tower with Radar,0,1,14,0,15,0,0,36,2,38,0,1,50,2,53,34,2,36,89
03/10/2012,HUF,IN,AGL,CE,Combined TRACON& Tower with Radar,0,0,16,2,18,0,0,72,0,72,0,0,88,2,90,84,0,84,174
03/11/2012,HUF,IN,AGL,CE,Combined TRACON& Tower with Radar,0,0,11,0,11,0,0,26,0,26,0,0,37,0,37,56,0,56,93
03/12/2012,HUF,IN,AGL,CE,Combined TRACON& Tower with Radar,0,0,8,0,8,0,3,0,0,3,0,3,8,0,11,0,0,0,11
03/13/2012,HUF,IN,AGL,CE,Combined TRACON& Tower with Radar,0,0,32,0,32,0,3,74,0,77,0,3,106,0,109,108,0,108,217
03/14/2012,HUF,IN,AGL,CE,Combined TRACON& Tower with Radar,0,0,23,0,23,0,6,45,0,51,0,6,68,0,74,22,0,22,96
03/15/2012,HUF,IN,AGL,CE,Combined TRACON& Tower with Radar,0,3,33,0,36,0,2,29,0,31,0,5,62,0,67,22,0,22,89
03/16/2012,HUF,IN,AGL,CE,Combined TRACON& Tower with Radar,0,1,37,0,38,0,0,47,0,47,0,1,84,0,85,146,0,146,231
03/17/2012,HUF,IN,AGL,CE,Combined TRACON& Tower with Radar,0,1,13,0,14,0,5,29,4,38,0,6,42,4,52,152,0,152,204
03/18/2012,HUF,IN,AGL,CE,Combined TRACON& Tower with Radar,0,2,9,0,11,0,2,26,0,28,0,4,35,0,39,87,0,87,126
03/19/2012,HUF,IN,AGL,CE,Combined TRACON& Tower with Radar,0,2,14,8,24,0,4,27,0,31,0,6,41,8,55,14,14,28,83
03/20/2012,HUF,IN,AGL,CE,Combined TRACON& Tower with Radar,0,0,28,2,30,0,3,28,0,31,0,3,56,2,61,66,0,66,127
03/21/2012,HUF,IN,AGL,CE,Combined TRACON& Tower with Radar,0,0,22,0,22,0,0,46,0,46,0,0,68,0,68,80,0,80,148
03/22/2012,HUF,IN,AGL,CE,Combined TRACON& Tower with Radar,0,0,30,14,44,0,0,21,2,23,0,0,51,16,67,58,16,74,141
03/23/2012,HUF,IN,AGL,CE,Combined TRACON& Tower with Radar,0,2,6,2,10,0,0,4,0,4,0,2,10,2,14,0,0,0,14
03/24/2012,HUF,IN,AGL,CE,Combined TRACON& Tower with Radar,0,0,1,4,5,0,0,26,0,26,0,0,27,4,31,40,0,40,71
03/25/2012,HUF,IN,AGL,CE,Combined TRACON& Tower with Radar,0,1,11,2,14,0,4,11,0,15,0,5,22,2,29,8,0,8,37
03/26/2012,HUF,IN,AGL,CE,Combined TRACON& Tower with Radar,0,0,22,1,23,0,0,40,1,41,0,0,62,2,64,70,0,70,134
03/27/2012,HUF,IN,AGL,CE,Combined TRACON& Tower with Radar,0,0,20,0,20,0,0,38,2,40,0,0,58,2,60,86,0,86,146
03/28/2012,HUF,IN,AGL,CE,Combined TRACON& Tower with Radar,0,0,20,0,20,0,0,33,2,35,0,0,53,2,55,70,0,70,125
03/29/2012,HUF,IN,AGL,CE,Combined TRACON& Tower with Radar,0,0,27,0,27,0,0,58,0,58,0,0,85,0,85,68,0,68,153
03/30/2012,HUF,IN,AGL,CE,Combined TRACON& Tower with Radar,0,0,9,2,11,0,0,10,0,10,0,0,19,2,21,38,0,38,59
03/31/2012,HUF,IN,AGL,CE,Combined TRACON& Tower with Radar,0,0,16,0,16,0,2,10,0,12,0,2,26,0,28,46,0,46,74
04/01/2012,HUF,IN,AGL,CE,Combined TRACON& Tower with Radar,0,0,0,0,0,0,0,21,0,21,0,0,21,0,21,26,0,26,47
04/02/2012,HUF,IN,AGL,CE,Combined TRACON& Tower with Radar,0,0,26,2,28,0,0,42,0,42,0,0,68,2,70,63,0,63,133
04/03/2012,HUF,IN,AGL,CE,Combined TRACON& Tower with Radar,0,0,22,2,24,0,0,28,0,28,0,0,50,2,52,156,2,158,210
04/04/2012,HUF,IN,AGL,CE,Combined TRACON& Tower with Radar,0,0,20,4,24,0,1,26,0,27,0,1,46,4,51,64,0,64,115
04/05/2012,HUF,IN,AGL,CE,Combined TRACON& Tower with Radar,0,0,35,1,36,0,0,29,0,29,0,0,64,1,65,78,0,78,143
04/06/2012,HUF,IN,AGL,CE,Combined TRACON& Tower with Radar,0,0,30,0,30,0,4,43,0,47,0,4,73,0,77,106,0,106,183
04/07/2012,HUF,IN,AGL,CE,Combined TRACON& Tower with Radar,0,0,13,1,14,0,3,32,0,35,0,3,45,1,49,18,0,18,67
04/08/2012,HUF,IN,AGL,CE,Combined TRACON& Tower with Radar,0,0,11,1,12,0,5,22,0,27,0,5,33,1,39,4,0,4,43
04/09/2012,HUF,IN,AGL,CE,Combined TRACON& Tower with Radar,0,0,5,2,7,0,1,14,0,15,0,1,19,2,22,64,0,64,86
04/10/2012,HUF,IN,AGL,CE,Combined TRACON& Tower with Radar,0,0,4,5,9,0,0,16,2,18,0,0,20,7,27,4,0,4,31
04/11/2012,HUF,IN,AGL,CE,Combined TRACON& Tower with Radar,0,2,14,0,16,0,8,37,0,45,0,10,51,0,61,112,8,120,181
04/12/2012,HUF,IN,AGL,CE,Combined TRACON& Tower with Radar,0,0,21,0,21,0,2,58,2,62,0,2,79,2,83,212,6,218,301
04/13/2012,HUF,IN,AGL,CE,Combined TRACON& Tower with Radar,0,1,14,7,22,0,1,39,2,42,0,2,53,9,64,76,8,84,148
04/14/2012,HUF,IN,AGL,CE,Combined TRACON& Tower with Radar,0,0,2,0,2,0,0,3,0,3,0,0,5,0,5,0,0,0,5
04/15/2012,HUF,IN,AGL,CE,Combined TRACON& Tower with Radar,0,0,4,2,6,0,2,9,0,11,0,2,13,2,17,0,0,0,17
04/16/2012,HUF,IN,AGL,CE,Combined TRACON& Tower with Radar,0,0,7,0,7,0,0,2,0,2,0,0,9,0,9,0,0,0,9
04/17/2012,HUF,IN,AGL,CE,Combined TRACON& Tower with Radar,0,0,29,0,29,0,0,45,0,45,0,0,74,0,74,102,0,102,176
04/18/2012,HUF,IN,AGL,CE,Combined TRACON& Tower with Radar,0,2,27,2,31,0,3,57,0,60,0,5,84,2,91,108,0,108,199
04/19/2012,HUF,IN,AGL,CE,Combined TRACON& Tower with Radar,0,0,27,0,27,0,2,56,2,60,0,2,83,2,87,80,12,92,179
04/20/2012,HUF,IN,AGL,CE,Combined TRACON& Tower with Radar,0,2,10,0,12,0,3,8,0,11,0,5,18,0,23,24,0,24,47
04/21/2012,HUF,IN,AGL,CE,Combined TRACON& Tower with Radar,0,0,26,0,26,0,0,33,0,33,0,0,59,0,59,98,0,98,157
04/22/2012,HUF,IN,AGL,CE,Combined TRACON& Tower with Radar,0,2,10,0,12,0,3,28,0,31,0,5,38,0,43,42,0,42,85
04/23/2012,HUF,IN,AGL,CE,Combined TRACON& Tower with Radar,0,3,11,0,14,0,0,18,0,18,0,3,29,0,32,36,0,36,68
04/24/2012,HUF,IN,AGL,CE,Combined TRACON& Tower with Radar,0,0,14,0,14,0,2,25,0,27,0,2,39,0,41,34,0,34,75
04/25/2012,HUF,IN,AGL,CE,Combined TRACON& Tower with Radar,0,2,13,0,15,0,0,12,0,12,0,2,25,0,27,0,0,0,27
04/26/2012,HUF,IN,AGL,CE,Combined TRACON& Tower with Radar,0,4,17,0,21,0,2,15,0,17,0,6,32,0,38,10,0,10,48
04/27/2012,HUF,IN,AGL,CE,Combined TRACON& Tower with Radar,0,0,13,0,13,0,1,31,0,32,0,1,44,0,45,80,0,80,125
04/28/2012,HUF,IN,AGL,CE,Combined TRACON& Tower with Radar,0,1,8,0,9,0,0,10,0,10,0,1,18,0,19,0,0,0,19
04/29/2012,HUF,IN,AGL,CE,Combined TRACON& Tower with Radar,0,0,3,0,3,0,0,19,0,19,0,0,22,0,22,22,0,22,44
04/30/2012,HUF,IN,AGL,CE,Combined TRACON& Tower with Radar,0,0,6,1,7,0,4,12,1,17,0,4,18,2,24,61,0,61,85
05/01/2012,HUF,IN,AGL,CE,Combined TRACON& Tower with Radar,0,2,6,0,8,0,0,4,0,4,0,2,10,0,12,6,0,6,18
05/02/2012,HUF,IN,AGL,CE,Combined TRACON& Tower with Radar,0,0,13,0,13,0,0,34,0,34,0,0,47,0,47,86,0,86,133
05/03/2012,HUF,IN,AGL,CE,Combined TRACON& Tower with Radar,0,0,19,3,22,0,2,26,1,29,0,2,45,4,51,14,0,14,65
05/04/2012,HUF,IN,AGL,CE,Combined TRACON& Tower with Radar,0,2,4,0,6,0,2,5,0,7,0,4,9,0,13,0,0,0,13
05/05/2012,HUF,IN,AGL,CE,Combined TRACON& Tower with Radar,0,0,16,0,16,0,0,21,0,21,0,0,37,0,37,16,0,16,53
05/06/2012,HUF,IN,AGL,CE,Combined TRACON& Tower with Radar,0,0,8,0,8,0,1,31,0,32,0,1,39,0,40,32,0,32,72
05/07/2012,HUF,IN,AGL,CE,Combined TRACON& Tower with Radar,0,0,3,0,3,0,0,8,0,8,0,0,11,0,11,36,0,36,47
05/08/2012,HUF,IN,AGL,CE,Combined TRACON& Tower with Radar,0,0,26,4,30,0,3,32,0,35,0,3,58,4,65,26,0,26,91
05/09/2012,HUF,IN,AGL,CE,Combined TRACON& Tower with Radar,0,2,23,0,25,0,1,40,2,43,0,3,63,2,68,34,0,34,102
05/10/2012,HUF,IN,AGL,CE,Combined TRACON& Tower with Radar,0,0,14,0,14,0,1,43,2,46,0,1,57,2,60,108,16,124,184
05/11/2012,HUF,IN,AGL,CE,Combined TRACON& Tower with Radar,0,0,9,0,9,0,4,36,0,40,0,4,45,0,49,24,0,24,73
05/12/2012,HUF,IN,AGL,CE,Combined TRACON& Tower with Radar,0,0,10,0,10,0,12,93,0,105,0,12,103,0,115,50,0,50,165
05/13/2012,HUF,IN,AGL,CE,Combined TRACON& Tower with Radar,0,0,3,0,3,0,2,18,0,20,0,2,21,0,23,6,0,6,29
05/14/2012,HUF,IN,AGL,CE,Combined TRACON& Tower with Radar,2,0,7,6,15,0,0,17,0,17,2,0,24,6,32,38,8,46,78
05/15/2012,HUF,IN,AGL,CE,Combined TRACON& Tower with Radar,0,0,10,8,18,0,2,19,2,23,0,2,29,10,41,54,0,54,95
05/16/2012,HUF,IN,AGL,CE,Combined TRACON& Tower with Radar,0,0,11,1,12,0,3,50,4,57,0,3,61,5,69,92,0,92,161
05/17/2012,HUF,IN,AGL,CE,Combined TRACON& Tower with Radar,0,2,20,3,25,0,3,28,3,34,0,5,48,6,59,40,4,44,103
05/18/2012,HUF,IN,AGL,CE,Combined TRACON& Tower with Radar,0,0,5,0,5,0,8,22,0,30,0,8,27,0,35,24,0,24,59
05/19/2012,HUF,IN,AGL,CE,Combined TRACON& Tower with Radar,0,0,4,1,5,0,1,50,1,52,0,1,54,2,57,40,0,40,97
05/20/2012,HUF,IN,AGL,CE,Combined TRACON& Tower with Radar,0,0,13,0,13,0,0,29,0,29,0,0,42,0,42,62,0,62,104
05/21/2012,HUF,IN,AGL,CE,Combined TRACON& Tower with Radar,0,0,9,1,10,0,2,8,1,11,0,2,17,2,21,0,0,0,21
05/22/2012,HUF,IN,AGL,CE,Combined TRACON& Tower with Radar,0,0,11,1,12,0,1,23,0,24,0,1,34,1,36,56,0,56,92
05/23/2012,HUF,IN,AGL,CE,Combined TRACON& Tower with Radar,0,0,11,2,13,0,0,36,1,37,0,0,47,3,50,42,0,42,92
05/24/2012,HUF,IN,AGL,CE,Combined TRACON& Tower with Radar,0,0,8,0,8,0,2,20,2,24,0,2,28,2,32,40,0,40,72
05/25/2012,HUF,IN,AGL,CE,Combined TRACON& Tower with Radar,0,0,8,0,8,0,3,17,2,22,0,3,25,2,30,8,0,8,38
05/26/2012,HUF,IN,AGL,CE,Combined TRACON& Tower with Radar,0,0,8,0,8,0,0,34,0,34,0,0,42,0,42,18,0,18,60
05/27/2012,HUF,IN,AGL,CE,Combined TRACON& Tower with Radar,0,0,10,0,10,0,0,16,0,16,0,0,26,0,26,13,0,13,39
05/28/2012,HUF,IN,AGL,CE,Combined TRACON& Tower with Radar,0,0,7,0,7,0,0,12,0,12,0,0,19,0,19,0,0,0,19
05/29/2012,HUF,IN,AGL,CE,Combined TRACON& Tower with Radar,0,2,4,0,6,0,0,10,0,10,0,2,14,0,16,35,0,35,51
05/30/2012,HUF,IN,AGL,CE,Combined TRACON& Tower with Radar,2,0,14,0,16,0,0,30,0,30,2,0,44,0,46,10,0,10,56
05/31/2012,HUF,IN,AGL,CE,Combined TRACON& Tower with Radar,0,0,7,0,7,0,1,16,0,17,0,1,23,0,24,20,0,20,44
06/01/2012,HUF,IN,AGL,CE,Combined TRACON& Tower with Radar,0,2,15,3,20,0,1,15,0,16,0,3,30,3,36,3,2,5,41
06/02/2012,HUF,IN,AGL,CE,Combined TRACON& Tower with Radar,0,0,5,0,5,0,2,18,1,21,0,2,23,1,26,26,0,26,52
06/03/2012,HUF,IN,AGL,CE,Combined TRACON& Tower with Radar,2,0,16,2,20,0,2,36,0,38,2,2,52,2,58,10,0,10,68
06/04/2012,HUF,IN,AGL,CE,Combined TRACON& Tower with Radar,0,0,14,2,16,0,2,10,0,12,0,2,24,2,28,2,4,6,34
06/05/2012,HUF,IN,AGL,CE,Combined TRACON& Tower with Radar,0,0,10,2,12,0,1,12,1,14,0,1,22,3,26,23,12,35,61
06/06/2012,HUF,IN,AGL,CE,Combined TRACON& Tower with Radar,0,1,11,2,14,0,0,26,6,32,0,1,37,8,46,19,12,31,77
06/07/2012,HUF,IN,AGL,CE,Combined TRACON& Tower with Radar,0,0,8,4,12,0,1,33,3,37,0,1,41,7,49,44,12,56,105
06/08/2012,HUF,IN,AGL,CE,Combined TRACON& Tower with Radar,0,0,15,2,17,0,4,23,3,30,0,4,38,5,47,40,4,44,91
06/09/2012,HUF,IN,AGL,CE,Combined TRACON& Tower with Radar,0,1,8,2,11,0,6,59,10,75,0,7,67,12,86,30,0,30,116
06/10/2012,HUF,IN,AGL,CE,Combined TRACON& Tower with Radar,0,0,14,3,17,0,1,48,22,71,0,1,62,25,88,66,0,66,154
06/11/2012,HUF,IN,AGL,CE,Combined TRACON& Tower with Radar,0,2,4,23,29,0,0,7,0,7,0,2,11,23,36,18,2,20,56
06/12/2012,HUF,IN,AGL,CE,Combined TRACON& Tower with Radar,0,2,19,0,21,0,1,19,0,20,0,3,38,0,41,2,0,2,43
06/13/2012,HUF,IN,AGL,CE,Combined TRACON& Tower with Radar,0,3,7,2,12,0,2,29,3,34,0,5,36,5,46,55,1,56,102
06/14/2012,HUF,IN,AGL,CE,Combined TRACON& Tower with Radar,0,0,15,1,16,0,0,26,1,27,0,0,41,2,43,32,4,36,79
06/15/2012,HUF,IN,AGL,CE,Combined TRACON& Tower with Radar,0,0,25,0,25,0,0,43,1,44,0,0,68,1,69,32,0,32,101
06/16/2012,HUF,IN,AGL,CE,Combined TRACON& Tower with Radar,0,0,24,8,32,0,2,25,0,27,0,2,49,8,59,8,0,8,67
06/17/2012,HUF,IN,AGL,CE,Combined TRACON& Tower with Radar,0,0,11,0,11,0,1,16,0,17,0,1,27,0,28,12,0,12,40
06/18/2012,HUF,IN,AGL,CE,Combined TRACON& Tower with Radar,0,0,7,1,8,0,0,7,0,7,0,0,14,1,15,35,0,35,50
06/19/2012,HUF,IN,AGL,CE,Combined TRACON& Tower with Radar,0,0,5,0,5,0,1,22,0,23,0,1,27,0,28,2,0,2,30
06/20/2012,HUF,IN,AGL,CE,Combined TRACON& Tower with Radar,0,0,11,0,11,0,1,21,0,22,0,1,32,0,33,21,0,21,54
06/21/2012,HUF,IN,AGL,CE,Combined TRACON& Tower with Radar,0,0,9,0,9,0,1,21,1,23,0,1,30,1,32,23,0,23,55
06/22/2012,HUF,IN,AGL,CE,Combined TRACON& Tower with Radar,0,0,18,0,18,0,5,60,1,66,0,5,78,1,84,60,0,60,144
06/23/2012,HUF,IN,AGL,CE,Combined TRACON& Tower with Radar,0,1,5,0,6,0,1,38,6,45,0,2,43,6,51,12,0,12,63
06/24/2012,HUF,IN,AGL,CE,Combined TRACON& Tower with Radar,0,0,7,0,7,0,5,15,1,21,0,5,22,1,28,12,0,12,40
06/25/2012,HUF,IN,AGL,CE,Combined TRACON& Tower with Radar,0,0,16,0,16,0,2,11,0,13,0,2,27,0,29,8,0,8,37
06/26/2012,HUF,IN,AGL,CE,Combined TRACON& Tower with Radar,1,2,19,0,22,0,3,21,1,25,1,5,40,1,47,44,0,44,91
06/27/2012,HUF,IN,AGL,CE,Combined TRACON& Tower with Radar,1,4,18,0,23,0,1,21,1,23,1,5,39,1,46,41,0,41,87
06/28/2012,HUF,IN,AGL,CE,Combined TRACON& Tower with Radar,0,0,9,0,9,0,2,14,3,19,0,2,23,3,28,40,4,44,72
06/29/2012,HUF,IN,AGL,CE,Combined TRACON& Tower with Radar,0,1,14,0,15,0,0,8,0,8,0,1,22,0,23,14,0,14,37
06/30/2012,HUF,IN,AGL,CE,Combined TRACON& Tower with Radar,0,0,15,0,15,0,0,16,0,16,0,0,31,0,31,28,0,28,59
07/01/2012,HUF,IN,AGL,CE,Combined TRACON& Tower with Radar,0,0,11,0,11,0,0,11,0,11,0,0,22,0,22,0,0,0,22
07/02/2012,HUF,IN,AGL,CE,Combined TRACON& Tower with Radar,0,2,9,0,11,0,0,8,0,8,0,2,17,0,19,8,0,8,27
07/03/2012,HUF,IN,AGL,CE,Combined TRACON& Tower with Radar,0,0,8,0,8,0,3,30,0,33,0,3,38,0,41,36,0,36,77
07/04/2012,HUF,IN,AGL,CE,Combined TRACON& Tower with Radar,0,0,1,0,1,0,1,15,0,16,0,1,16,0,17,21,0,21,38
07/05/2012,HUF,IN,AGL,CE,Combined TRACON& Tower with Radar,0,1,15,0,16,0,3,26,1,30,0,4,41,1,46,26,0,26,72
07/06/2012,HUF,IN,AGL,CE,Combined TRACON& Tower with Radar,0,0,10,0,10,0,0,15,0,15,0,0,25,0,25,20,0,20,45
07/07/2012,HUF,IN,AGL,CE,Combined TRACON& Tower with Radar,0,2,5,0,7,0,4,25,1,30,0,6,30,1,37,30,0,30,67
07/08/2012,HUF,IN,AGL,CE,Combined TRACON& Tower with Radar,0,0,2,0,2,0,0,4,0,4,0,0,6,0,6,22,0,22,28
07/09/2012,HUF,IN,AGL,CE,Combined TRACON& Tower with Radar,0,0,10,0,10,0,1,41,2,44,0,1,51,2,54,32,0,32,86
07/10/2012,HUF,IN,AGL,CE,Combined TRACON& Tower with Radar,0,0,9,0,9,0,0,31,3,34,0,0,40,3,43,42,0,42,85
07/11/2012,HUF,IN,AGL,CE,Combined TRACON& Tower with Radar,0,0,17,0,17,0,0,37,1,38,0,0,54,1,55,40,0,40,95
07/12/2012,HUF,IN,AGL,CE,Combined TRACON& Tower with Radar,0,0,13,1,14,0,3,28,0,31,0,3,41,1,45,41,0,41,86
07/13/2012,HUF,IN,AGL,CE,Combined TRACON& Tower with Radar,0,0,17,6,23,0,3,40,1,44,0,3,57,7,67,46,6,52,119
07/14/2012,HUF,IN,AGL,CE,Combined TRACON& Tower with Radar,0,0,8,4,12,0,0,12,0,12,0,0,20,4,24,24,0,24,48
07/15/2012,HUF,IN,AGL,CE,Combined TRACON& Tower with Radar,0,0,20,0,20,0,0,19,0,19,0,0,39,0,39,44,0,44,83
07/16/2012,HUF,IN,AGL,CE,Combined TRACON& Tower with Radar,0,1,7,0,8,0,1,28,0,29,0,2,35,0,37,14,0,14,51
07/17/2012,HUF,IN,AGL,CE,Combined TRACON& Tower with Radar,0,0,9,0,9,0,2,17,3,22,0,2,26,3,31,29,0,29,60
07/18/2012,HUF,IN,AGL,CE,Combined TRACON& Tower with Radar,0,2,11,0,13,0,0,20,2,22,0,2,31,2,35,12,0,12,47
07/19/2012,HUF,IN,AGL,CE,Combined TRACON& Tower with Radar,0,0,20,0,20,0,1,28,0,29,0,1,48,0,49,46,0,46,95
07/20/2012,HUF,IN,AGL,CE,Combined TRACON& Tower with Radar,0,3,28,1,32,0,0,10,0,10,0,3,38,1,42,12,0,12,54
07/21/2012,HUF,IN,AGL,CE,Combined TRACON& Tower with Radar,0,0,8,6,14,0,0,26,0,26,0,0,34,6,40,22,5,27,67
07/22/2012,HUF,IN,AGL,CE,Combined TRACON& Tower with Radar,0,0,17,0,17,0,0,39,0,39,0,0,56,0,56,50,0,50,106
07/23/2012,HUF,IN,AGL,CE,Combined TRACON& Tower with Radar,0,0,8,15,23,0,0,16,1,17,0,0,24,16,40,70,0,70,110
07/24/2012,HUF,IN,AGL,CE,Combined TRACON& Tower with Radar,0,0,11,0,11,0,1,17,2,20,0,1,28,2,31,16,0,16,47
07/25/2012,HUF,IN,AGL,CE,Combined TRACON& Tower with Radar,0,1,23,4,28,0,2,18,0,20,0,3,41,4,48,6,4,10,58
07/26/2012,HUF,IN,AGL,CE,Combined TRACON& Tower with Radar,0,0,6,0,6,0,0,10,0,10,0,0,16,0,16,13,0,13,29
07/27/2012,HUF,IN,AGL,CE,Combined TRACON& Tower with Radar,0,0,11,0,11,0,0,11,0,11,0,0,22,0,22,8,0,8,30
07/28/2012,HUF,IN,AGL,CE,Combined TRACON& Tower with Radar,0,0,8,0,8,0,0,20,0,20,0,0,28,0,28,10,0,10,38
07/29/2012,HUF,IN,AGL,CE,Combined TRACON& Tower with Radar,0,0,6,0,6,0,3,17,0,20,0,3,23,0,26,33,0,33,59
07/30/2012,HUF,IN,AGL,CE,Combined TRACON& Tower with Radar,0,0,5,0,5,0,4,17,0,21,0,4,22,0,26,30,0,30,56
07/31/2012,HUF,IN,AGL,CE,Combined TRACON& Tower with Radar,0,0,4,0,4,0,0,5,0,5,0,0,9,0,9,10,0,10,19
08/01/2012,HUF,IN,AGL,CE,Combined TRACON& Tower with Radar,0,4,22,0,26,0,4,47,1,52,0,8,69,1,78,27,0,27,105
08/02/2012,HUF,IN,AGL,CE,Combined TRACON& Tower with Radar,0,4,15,0,19,0,13,39,0,52,0,17,54,0,71,66,0,66,137
08/03/2012,HUF,IN,AGL,CE,Combined TRACON& Tower with Radar,0,0,14,0,14,0,4,32,6,42,0,4,46,6,56,48,0,48,104
08/04/2012,HUF,IN,AGL,CE,Combined TRACON& Tower with Radar,0,1,11,0,12,0,6,12,0,18,0,7,23,0,30,12,0,12,42
08/05/2012,HUF,IN,AGL,CE,Combined TRACON& Tower with Radar,0,0,3,0,3,0,0,4,0,4,0,0,7,0,7,0,0,0,7
08/06/2012,HUF,IN,AGL,CE,Combined TRACON& Tower with Radar,0,0,14,0,14,0,1,32,4,37,0,1,46,4,51,52,0,52,103
08/07/2012,HUF,IN,AGL,CE,Combined TRACON& Tower with Radar,0,0,6,0,6,0,2,26,2,30,0,2,32,2,36,26,0,26,62
08/08/2012,HUF,IN,AGL,CE,Combined TRACON& Tower with Radar,0,4,9,0,13,0,1,18,0,19,0,5,27,0,32,14,0,14,46
08/09/2012,HUF,IN,AGL,CE,Combined TRACON& Tower with Radar,0,0,17,0,17,0,1,13,0,14,0,1,30,0,31,0,0,0,31
08/10/2012,HUF,IN,AGL,CE,Combined TRACON& Tower with Radar,0,4,23,0,27,0,0,12,0,12,0,4,35,0,39,82,0,82,121
08/11/2012,HUF,IN,AGL,CE,Combined TRACON& Tower with Radar,0,0,7,0,7,0,0,50,0,50,0,0,57,0,57,32,0,32,89
08/12/2012,HUF,IN,AGL,CE,Combined TRACON& Tower with Radar,0,0,5,0,5,0,1,32,1,34,0,1,37,1,39,33,0,33,72
08/13/2012,HUF,IN,AGL,CE,Combined TRACON& Tower with Radar,0,0,5,0,5,0,2,8,0,10,0,2,13,0,15,4,0,4,19
08/14/2012,HUF,IN,AGL,CE,Combined TRACON& Tower with Radar,0,0,20,0,20,0,0,12,0,12,0,0,32,0,32,38,0,38,70
08/15/2012,HUF,IN,AGL,CE,Combined TRACON& Tower with Radar,0,0,5,2,7,0,0,38,1,39,0,0,43,3,46,12,8,20,66
08/16/2012,HUF,IN,AGL,CE,Combined TRACON& Tower with Radar,0,1,10,2,13,0,1,12,0,13,0,2,22,2,26,2,0,2,28
08/17/2012,HUF,IN,AGL,CE,Combined TRACON& Tower with Radar,0,2,9,0,11,0,2,36,1,39,0,4,45,1,50,48,0,48,98
08/18/2012,HUF,IN,AGL,CE,Combined TRACON& Tower with Radar,0,0,10,7,17,0,7,46,0,53,0,7,56,7,70,64,0,64,134
08/19/2012,HUF,IN,AGL,CE,Combined TRACON& Tower with Radar,0,0,5,0,5,0,0,20,1,21,0,0,25,1,26,39,0,39,65
08/20/2012,HUF,IN,AGL,CE,Combined TRACON& Tower with Radar,0,1,5,0,6,0,2,16,2,20,0,3,21,2,26,71,0,71,97
08/21/2012,HUF,IN,AGL,CE,Combined TRACON& Tower with Radar,0,0,9,0,9,0,0,20,1,21,0,0,29,1,30,52,2,54,84
08/22/2012,HUF,IN,AGL,CE,Combined TRACON& Tower with Radar,0,0,12,0,12,0,0,26,1,27,0,0,38,1,39,81,0,81,120
08/23/2012,HUF,IN,AGL,CE,Combined TRACON& Tower with Radar,0,0,8,0,8,0,0,23,0,23,0,0,31,0,31,46,0,46,77
08/24/2012,HUF,IN,AGL,CE,Combined TRACON& Tower with Radar,0,0,10,2,12,0,6,40,2,48,0,6,50,4,60,107,0,107,167
08/25/2012,HUF,IN,AGL,CE,Combined TRACON& Tower with Radar,0,2,8,13,23,0,0,50,1,51,0,2,58,14,74,66,2,68,142
08/26/2012,HUF,IN,AGL,CE,Combined TRACON& Tower with Radar,0,2,6,0,8,0,4,5,0,9,0,6,11,0,17,0,0,0,17
08/27/2012,HUF,IN,AGL,CE,Combined TRACON& Tower with Radar,0,2,15,1,18,0,0,14,0,14,0,2,29,1,32,42,0,42,74
08/28/2012,HUF,IN,AGL,CE,Combined TRACON& Tower with Radar,0,0,7,0,7,0,1,31,1,33,0,1,38,1,40,87,0,87,127
08/29/2012,HUF,IN,AGL,CE,Combined TRACON& Tower with Radar,0,0,13,0,13,0,6,55,6,67,0,6,68,6,80,161,0,161,241
08/30/2012,HUF,IN,AGL,CE,Combined TRACON& Tower with Radar,0,1,14,2,17,0,2,27,3,32,0,3,41,5,49,106,0,106,155
08/31/2012,HUF,IN,AGL,CE,Combined TRACON& Tower with Radar,0,0,4,2,6,0,2,71,0,73,0,2,75,2,79,107,0,107,186
09/01/2012,HUF,IN,AGL,CE,Combined TRACON& Tower with Radar,0,0,3,0,3,0,2,1,0,3,0,2,4,0,6,0,0,0,6
09/02/2012,HUF,IN,AGL,CE,Combined TRACON& Tower with Radar,0,0,0,0,0,0,0,0,0,0,0,0,0,0,0,4,0,4,4
09/03/2012,HUF,IN,AGL,CE,Combined TRACON& Tower with Radar,0,0,14,0,14,0,1,7,0,8,0,1,21,0,22,22,0,22,44
09/04/2012,HUF,IN,AGL,CE,Combined TRACON& Tower with Radar,0,0,7,0,7,0,1,9,1,11,0,1,16,1,18,3,0,3,21
09/05/2012,HUF,IN,AGL,CE,Combined TRACON& Tower with Radar,0,0,14,0,14,0,0,13,0,13,0,0,27,0,27,56,0,56,83
09/06/2012,HUF,IN,AGL,CE,Combined TRACON& Tower with Radar,0,2,9,0,11,0,2,30,0,32,0,4,39,0,43,100,0,100,143
09/07/2012,HUF,IN,AGL,CE,Combined TRACON& Tower with Radar,0,0,6,0,6,0,0,22,0,22,0,0,28,0,28,57,0,57,85
09/08/2012,HUF,IN,AGL,CE,Combined TRACON& Tower with Radar,0,0,12,4,16,0,4,23,0,27,0,4,35,4,43,74,2,76,119
09/09/2012,HUF,IN,AGL,CE,Combined TRACON& Tower with Radar,0,0,14,4,18,0,1,15,0,16,0,1,29,4,34,24,0,24,58
09/10/2012,HUF,IN,AGL,CE,Combined TRACON& Tower with Radar,0,0,16,0,16,0,1,53,0,54,0,1,69,0,70,154,0,154,224
09/11/2012,HUF,IN,AGL,CE,Combined TRACON& Tower with Radar,0,0,4,0,4,0,1,45,4,50,0,1,49,4,54,106,0,106,160
09/12/2012,HUF,IN,AGL,CE,Combined TRACON& Tower with Radar,0,0,28,0,28,0,2,55,5,62,0,2,83,5,90,66,0,66,156
09/13/2012,HUF,IN,AGL,CE,Combined TRACON& Tower with Radar,0,0,12,2,14,0,1,28,0,29,0,1,40,2,43,104,8,112,155
09/14/2012,HUF,IN,AGL,CE,Combined TRACON& Tower with Radar,0,0,22,0,22,0,0,16,1,17,0,0,38,1,39,80,0,80,119
09/15/2012,HUF,IN,AGL,CE,Combined TRACON& Tower with Radar,0,0,6,0,6,0,3,43,2,48,0,3,49,2,54,72,0,72,126
09/16/2012,HUF,IN,AGL,CE,Combined TRACON& Tower with Radar,0,1,17,0,18,0,10,43,0,53,0,11,60,0,71,44,0,44,115
09/17/2012,HUF,IN,AGL,CE,Combined TRACON& Tower with Radar,0,2,22,4,28,0,0,27,2,29,0,2,49,6,57,80,6,86,143
09/18/2012,HUF,IN,AGL,CE,Combined TRACON& Tower with Radar,0,0,10,0,10,0,1,20,2,23,0,1,30,2,33,92,0,92,125
09/19/2012,HUF,IN,AGL,CE,Combined TRACON& Tower with Radar,0,4,25,0,29,0,4,37,1,42,0,8,62,1,71,172,0,172,243
09/20/2012,HUF,IN,AGL,CE,Combined TRACON& Tower with Radar,0,2,15,0,17,0,3,25,0,28,0,5,40,0,45,121,0,121,166
09/21/2012,HUF,IN,AGL,CE,Combined TRACON& Tower with Radar,2,0,27,0,29,0,4,27,0,31,2,4,54,0,60,120,0,120,180
09/22/2012,HUF,IN,AGL,CE,Combined TRACON& Tower with Radar,2,0,26,1,29,0,2,12,1,15,2,2,38,2,44,18,0,18,62
09/23/2012,HUF,IN,AGL,CE,Combined TRACON& Tower with Radar,0,0,10,0,10,0,1,45,1,47,0,1,55,1,57,56,0,56,113
09/24/2012,HUF,IN,AGL,CE,Combined TRACON& Tower with Radar,0,0,36,2,38,0,1,39,2,42,0,1,75,4,80,76,4,80,160
09/25/2012,HUF,IN,AGL,CE,Combined TRACON& Tower with Radar,0,0,15,0,15,0,0,0,0,0,0,0,15,0,15,12,0,12,27
09/26/2012,HUF,IN,AGL,CE,Combined TRACON& Tower with Radar,0,0,50,0,50,0,10,20,1,31,0,10,70,1,81,96,0,96,177
09/27/2012,HUF,IN,AGL,CE,Combined TRACON& Tower with Radar,0,0,31,2,33,0,0,48,0,48,0,0,79,2,81,138,0,138,219
09/28/2012,HUF,IN,AGL,CE,Combined TRACON& Tower with Radar,0,0,31,1,32,0,1,77,0,78,0,1,108,1,110,147,0,147,257
09/29/2012,HUF,IN,AGL,CE,Combined TRACON& Tower with Radar,0,0,17,1,18,0,2,60,3,65,0,2,77,4,83,128,0,128,211
09/30/2012,HUF,IN,AGL,CE,Combined TRACON& Tower with Radar,0,2,5,0,7,0,0,36,0,36,0,2,41,0,43,46,0,46,89
10/01/2012,HUF,IN,AGL,CE,Combined TRACON& Tower with Radar,0,0,43,0,43,0,2,30,0,32,0,2,73,0,75,102,0,102,177
10/02/2012,HUF,IN,AGL,CE,Combined TRACON& Tower with Radar,0,0,14,2,16,0,0,0,0,0,0,0,14,2,16,0,0,0,16
10/03/2012,HUF,IN,AGL,CE,Combined TRACON& Tower with Radar,0,2,34,0,36,0,0,39,0,39,0,2,73,0,75,121,0,121,196
10/04/2012,HUF,IN,AGL,CE,Combined TRACON& Tower with Radar,0,0,26,0,26,0,0,52,0,52,0,0,78,0,78,70,0,70,148
10/05/2012,HUF,IN,AGL,CE,Combined TRACON& Tower with Radar,0,1,18,0,19,0,0,2,0,2,0,1,20,0,21,0,0,0,21
10/06/2012,HUF,IN,AGL,CE,Combined TRACON& Tower with Radar,0,1,16,0,17,0,3,124,8,135,0,4,140,8,152,264,0,264,416
10/07/2012,HUF,IN,AGL,CE,Combined TRACON& Tower with Radar,0,2,2,0,4,0,0,38,1,39,0,2,40,1,43,72,0,72,115
10/08/2012,HUF,IN,AGL,CE,Combined TRACON& Tower with Radar,0,0,21,0,21,0,1,34,0,35,0,1,55,0,56,86,0,86,142
10/09/2012,HUF,IN,AGL,CE,Combined TRACON& Tower with Radar,0,0,22,0,22,0,0,33,2,35,0,0,55,2,57,311,0,311,368
10/10/2012,HUF,IN,AGL,CE,Combined TRACON& Tower with Radar,0,0,44,4,48,0,0,44,2,46,0,0,88,6,94,102,0,102,196
10/11/2012,HUF,IN,AGL,CE,Combined TRACON& Tower with Radar,0,0,24,2,26,0,1,41,0,42,0,1,65,2,68,88,0,88,156
10/12/2012,HUF,IN,AGL,CE,Combined TRACON& Tower with Radar,2,0,38,0,40,0,0,61,0,61,2,0,99,0,101,176,0,176,277
10/13/2012,HUF,IN,AGL,CE,Combined TRACON& Tower with Radar,0,1,4,0,5,0,3,37,0,40,0,4,41,0,45,352,0,352,397
10/14/2012,HUF,IN,AGL,CE,Combined TRACON& Tower with Radar,0,0,6,0,6,0,0,0,0,0,0,0,6,0,6,0,0,0,6
10/15/2012,HUF,IN,AGL,CE,Combined TRACON& Tower with Radar,0,0,31,0,31,0,0,70,0,70,0,0,101,0,101,893,0,893,994
10/16/2012,HUF,IN,AGL,CE,Combined TRACON& Tower with Radar,0,0,29,0,29,0,3,39,0,42,0,3,68,0,71,48,0,48,119
10/17/2012,HUF,IN,AGL,CE,Combined TRACON& Tower with Radar,0,2,17,4,23,0,0,15,1,16,0,2,32,5,39,341,0,341,380
10/18/2012,HUF,IN,AGL,CE,Combined TRACON& Tower with Radar,0,0,20,0,20,0,0,43,0,43,0,0,63,0,63,4,0,4,67
10/19/2012,HUF,IN,AGL,CE,Combined TRACON& Tower with Radar,0,0,12,0,12,0,3,14,0,17,0,3,26,0,29,38,0,38,67
10/20/2012,HUF,IN,AGL,CE,Combined TRACON& Tower with Radar,0,0,22,0,22,0,2,23,0,25,0,2,45,0,47,42,0,42,89
10/21/2012,HUF,IN,AGL,CE,Combined TRACON& Tower with Radar,0,0,11,0,11,0,1,50,0,51,0,1,61,0,62,60,0,60,122
10/22/2012,HUF,IN,AGL,CE,Combined TRACON& Tower with Radar,0,3,23,0,26,0,0,32,0,32,0,3,55,0,58,74,0,74,132
10/23/2012,HUF,IN,AGL,CE,Combined TRACON& Tower with Radar,0,1,14,0,15,0,1,4,0,5,0,2,18,0,20,10,0,10,30
10/24/2012,HUF,IN,AGL,CE,Combined TRACON& Tower with Radar,0,0,39,0,39,1,0,46,6,53,1,0,85,6,92,74,0,74,166
10/25/2012,HUF,IN,AGL,CE,Combined TRACON& Tower with Radar,0,2,9,0,11,0,1,20,0,21,0,3,29,0,32,52,0,52,84
10/26/2012,HUF,IN,AGL,CE,Combined TRACON& Tower with Radar,1,2,26,0,29,1,6,17,3,27,2,8,43,3,56,90,0,90,146
10/27/2012,HUF,IN,AGL,CE,Combined TRACON& Tower with Radar,2,0,17,0,19,0,1,30,1,32,2,1,47,1,51,30,0,30,81
10/28/2012,HUF,IN,AGL,CE,Combined TRACON& Tower with Radar,0,0,14,2,16,0,3,36,4,43,0,3,50,6,59,50,0,50,109
10/29/2012,HUF,IN,AGL,CE,Combined TRACON& Tower with Radar,0,0,17,0,17,0,0,8,0,8,0,0,25,0,25,24,0,24,49
10/30/2012,HUF,IN,AGL,CE,Combined TRACON& Tower with Radar,0,0,5,0,5,0,0,1,0,1,0,0,6,0,6,0,0,0,6
10/31/2012,HUF,IN,AGL,CE,Combined TRACON& Tower with Radar,0,0,27,6,33,0,1,35,0,36,0,1,62,6,69,88,0,88,157
11/01/2012,HUF,IN,AGL,CE,Combined TRACON& Tower with Radar,0,4,19,2,25,0,5,36,0,41,0,9,55,2,66,96,0,96,162
11/02/2012,HUF,IN,AGL,CE,Combined TRACON& Tower with Radar,0,0,18,0,18,0,9,72,0,81,0,9,90,0,99,142,0,142,241
11/03/2012,HUF,IN,AGL,CE,Combined TRACON& Tower with Radar,0,0,4,0,4,0,0,20,1,21,0,0,24,1,25,66,0,66,91
11/04/2012,HUF,IN,AGL,CE,Combined TRACON& Tower with Radar,0,0,11,0,11,0,3,42,0,45,0,3,53,0,56,108,0,108,164
11/05/2012,HUF,IN,AGL,CE,Combined TRACON& Tower with Radar,0,0,37,18,55,0,0,34,0,34,0,0,71,18,89,138,18,156,245
11/06/2012,HUF,IN,AGL,CE,Combined TRACON& Tower with Radar,0,4,21,0,25,0,0,16,0,16,0,4,37,0,41,46,0,46,87
11/07/2012,HUF,IN,AGL,CE,Combined TRACON& Tower with Radar,0,0,22,0,22,0,0,9,0,9,0,0,31,0,31,65,0,65,96
11/08/2012,HUF,IN,AGL,CE,Combined TRACON& Tower with Radar,0,12,23,2,37,0,4,29,0,33,0,16,52,2,70,30,0,30,100
11/09/2012,HUF,IN,AGL,CE,Combined TRACON& Tower with Radar,0,0,28,4,32,0,9,44,0,53,0,9,72,4,85,106,0,106,191
11/10/2012,HUF,IN,AGL,CE,Combined TRACON& Tower with Radar,0,0,10,0,10,0,4,35,0,39,0,4,45,0,49,58,0,58,107
11/11/2012,HUF,IN,AGL,CE,Combined TRACON& Tower with Radar,0,0,3,0,3,0,0,0,0,0,0,0,3,0,3,0,0,0,3
11/12/2012,HUF,IN,AGL,CE,Combined TRACON& Tower with Radar,0,0,37,0,37,0,1,35,0,36,0,1,72,0,73,36,0,36,109
11/13/2012,HUF,IN,AGL,CE,Combined TRACON& Tower with Radar,0,0,38,3,41,0,2,49,4,55,0,2,87,7,96,104,0,104,200
11/14/2012,HUF,IN,AGL,CE,Combined TRACON& Tower with Radar,0,2,40,2,44,0,2,44,0,46,0,4,84,2,90,89,0,89,179
11/15/2012,HUF,IN,AGL,CE,Combined TRACON& Tower with Radar,0,0,28,0,28,0,0,44,0,44,0,0,72,0,72,97,0,97,169
11/16/2012,HUF,IN,AGL,CE,Combined TRACON& Tower with Radar,0,0,30,0,30,0,0,66,0,66,0,0,96,0,96,109,0,109,205
11/17/2012,HUF,IN,AGL,CE,Combined TRACON& Tower with Radar,0,3,19,0,22,0,5,62,0,67,0,8,81,0,89,143,0,143,232
11/18/2012,HUF,IN,AGL,CE,Combined TRACON& Tower with Radar,0,1,10,0,11,0,1,46,0,47,0,2,56,0,58,104,0,104,162
11/19/2012,HUF,IN,AGL,CE,Combined TRACON& Tower with Radar,0,0,6,0,6,0,0,32,0,32,0,0,38,0,38,17,0,17,55
11/20/2012,HUF,IN,AGL,CE,Combined TRACON& Tower with Radar,0,0,20,0,20,0,1,21,0,22,0,1,41,0,42,10,0,10,52
11/21/2012,HUF,IN,AGL,CE,Combined TRACON& Tower with Radar,0,1,10,2,13,0,0,8,0,8,0,1,18,2,21,12,2,14,35
11/22/2012,HUF,IN,AGL,CE,Combined TRACON& Tower with Radar,0,0,5,0,5,0,0,3,0,3,0,0,8,0,8,0,0,0,8
11/23/2012,HUF,IN,AGL,CE,Combined TRACON& Tower with Radar,0,0,4,0,4,0,3,6,0,9,0,3,10,0,13,0,0,0,13
11/24/2012,HUF,IN,AGL,CE,Combined TRACON& Tower with Radar,0,2,7,0,9,0,2,14,0,16,0,4,21,0,25,18,0,18,43
11/25/2012,HUF,IN,AGL,CE,Combined TRACON& Tower with Radar,0,0,8,0,8,0,1,7,0,8,0,1,15,0,16,0,0,0,16
11/26/2012,HUF,IN,AGL,CE,Combined TRACON& Tower with Radar,0,0,17,4,21,0,1,52,0,53,0,1,69,4,74,74,0,74,148
11/27/2012,HUF,IN,AGL,CE,Combined TRACON& Tower with Radar,0,4,24,0,28,0,5,34,0,39,0,9,58,0,67,77,0,77,144
11/28/2012,HUF,IN,AGL,CE,Combined TRACON& Tower with Radar,0,0,20,0,20,0,0,50,0,50,0,0,70,0,70,104,0,104,174
11/29/2012,HUF,IN,AGL,CE,Combined TRACON& Tower with Radar,0,0,33,0,33,0,3,38,0,41,0,3,71,0,74,159,0,159,233
11/30/2012,HUF,IN,AGL,CE,Combined TRACON& Tower with Radar,0,4,26,2,32,0,2,63,0,65,0,6,89,2,97,172,0,172,269
12/01/2012,HUF,IN,AGL,CE,Combined TRACON& Tower with Radar,0,0,9,0,9,0,0,20,0,20,0,0,29,0,29,76,0,76,105
12/02/2012,HUF,IN,AGL,CE,Combined TRACON& Tower with Radar,0,0,23,4,27,0,0,9,0,9,0,0,32,4,36,28,0,28,64
12/03/2012,HUF,IN,AGL,CE,Combined TRACON& Tower with Radar,0,0,10,0,10,0,1,11,0,12,0,1,21,0,22,14,0,14,36
12/04/2012,HUF,IN,AGL,CE,Combined TRACON& Tower with Radar,0,0,17,0,17,0,0,17,0,17,0,0,34,0,34,94,0,94,128
12/05/2012,HUF,IN,AGL,CE,Combined TRACON& Tower with Radar,0,1,26,0,27,0,1,47,0,48,0,2,73,0,75,83,0,83,158
12/06/2012,HUF,IN,AGL,CE,Combined TRACON& Tower with Radar,0,0,21,0,21,0,0,25,0,25,0,0,46,0,46,62,0,62,108
12/07/2012,HUF,IN,AGL,CE,Combined TRACON& Tower with Radar,0,2,12,0,14,0,0,1,0,1,0,2,13,0,15,0,0,0,15
12/08/2012,HUF,IN,AGL,CE,Combined TRACON& Tower with Radar,0,2,4,0,6,0,0,0,0,0,0,2,4,0,6,0,0,0,6
12/09/2012,HUF,IN,AGL,CE,Combined TRACON& Tower with Radar,0,0,0,0,0,0,0,0,0,0,0,0,0,0,0,0,0,0,0
12/10/2012,HUF,IN,AGL,CE,Combined TRACON& Tower with Radar,0,1,3,4,8,0,0,5,0,5,0,1,8,4,13,20,0,20,33
12/11/2012,HUF,IN,AGL,CE,Combined TRACON& Tower with Radar,0,3,12,0,15,0,0,28,2,30,0,3,40,2,45,66,0,66,111
12/12/2012,HUF,IN,AGL,CE,Combined TRACON& Tower with Radar,0,1,13,2,16,0,1,25,0,26,0,2,38,2,42,34,0,34,76
12/13/2012,HUF,IN,AGL,CE,Combined TRACON& Tower with Radar,0,4,9,11,24,0,2,38,3,43,0,6,47,14,67,76,28,104,171
12/14/2012,HUF,IN,AGL,CE,Combined TRACON& Tower with Radar,0,0,15,0,15,0,0,21,0,21,0,0,36,0,36,26,0,26,62
12/15/2012,HUF,IN,AGL,CE,Combined TRACON& Tower with Radar,0,0,0,0,0,0,0,6,0,6,0,0,6,0,6,0,0,0,6
12/16/2012,HUF,IN,AGL,CE,Combined TRACON& Tower with Radar,0,0,26,0,26,0,0,17,0,17,0,0,43,0,43,12,0,12,55
12/17/2012,HUF,IN,AGL,CE,Combined TRACON& Tower with Radar,0,0,6,3,9,0,0,1,0,1,0,0,7,3,10,0,0,0,10
12/18/2012,HUF,IN,AGL,CE,Combined TRACON& Tower with Radar,0,0,10,2,12,0,1,11,0,12,0,1,21,2,24,1,0,1,25
12/19/2012,HUF,IN,AGL,CE,Combined TRACON& Tower with Radar,0,6,23,12,41,0,0,17,0,17,0,6,40,12,58,8,8,16,74
12/20/2012,HUF,IN,AGL,CE,Combined TRACON& Tower with Radar,0,0,1,0,1,0,0,0,0,0,0,0,1,0,1,0,0,0,1
12/21/2012,HUF,IN,AGL,CE,Combined TRACON& Tower with Radar,0,0,0,0,0,0,0,3,0,3,0,0,3,0,3,0,0,0,3
12/22/2012,HUF,IN,AGL,CE,Combined TRACON& Tower with Radar,0,0,16,0,16,2,4,21,0,27,2,4,37,0,43,2,0,2,45
12/23/2012,HUF,IN,AGL,CE,Combined TRACON& Tower with Radar,0,0,12,0,12,0,0,23,0,23,0,0,35,0,35,16,0,16,51
12/24/2012,HUF,IN,AGL,CE,Combined TRACON& Tower with Radar,0,0,0,0,0,0,0,0,0,0,0,0,0,0,0,0,0,0,0
12/25/2012,HUF,IN,AGL,CE,Combined TRACON& Tower with Radar,0,0,0,0,0,0,0,0,0,0,0,0,0,0,0,0,0,0,0
12/26/2012,HUF,IN,AGL,CE,Combined TRACON& Tower with Radar,0,0,0,0,0,0,0,0,0,0,0,0,0,0,0,0,0,0,0
12/27/2012,HUF,IN,AGL,CE,Combined TRACON& Tower with Radar,0,0,2,0,2,0,1,7,0,8,0,1,9,0,10,0,0,0,10
12/28/2012,HUF,IN,AGL,CE,Combined TRACON& Tower with Radar,0,0,2,0,2,0,0,4,0,4,0,0,6,0,6,0,0,0,6
12/29/2012,HUF,IN,AGL,CE,Combined TRACON& Tower with Radar,0,0,1,0,1,0,0,0,0,0,0,0,1,0,1,0,0,0,1
12/30/2012,HUF,IN,AGL,CE,Combined TRACON& Tower with Radar,0,0,11,0,11,0,0,12,0,12,0,0,23,0,23,2,0,2,25
12/31/2012,HUF,IN,AGL,CE,Combined TRACON& Tower with Radar,0,2,0,0,2,0,0,0,0,0,0,2,0,0,2,0,0,0,2
01/01/2013,HUF,IN,AGL,CE,Combined TRACON& Tower with Radar,0,2,1,0,3,0,0,3,0,3,0,2,4,0,6,2,0,2,8
01/02/2013,HUF,IN,AGL,CE,Combined TRACON& Tower with Radar,0,0,7,0,7,0,0,16,0,16,0,0,23,0,23,15,0,15,38
01/03/2013,HUF,IN,AGL,CE,Combined TRACON& Tower with Radar,0,1,21,0,22,0,1,31,0,32,0,2,52,0,54,18,0,18,72
01/04/2013,HUF,IN,AGL,CE,Combined TRACON& Tower with Radar,0,2,9,0,11,0,0,19,0,19,0,2,28,0,30,37,0,37,67
01/05/2013,HUF,IN,AGL,CE,Combined TRACON& Tower with Radar,0,2,4,0,6,0,0,19,0,19,0,2,23,0,25,14,0,14,39
01/06/2013,HUF,IN,AGL,CE,Combined TRACON& Tower with Radar,0,0,0,0,0,0,0,1,0,1,0,0,1,0,1,0,0,0,1
01/07/2013,HUF,IN,AGL,CE,Combined TRACON& Tower with Radar,0,2,22,0,24,0,2,38,0,40,0,4,60,0,64,74,0,74,138
01/08/2013,HUF,IN,AGL,CE,Combined TRACON& Tower with Radar,0,0,27,4,31,0,0,37,0,37,0,0,64,4,68,72,0,72,140
01/09/2013,HUF,IN,AGL,CE,Combined TRACON& Tower with Radar,0,0,22,4,26,0,0,34,0,34,0,0,56,4,60,136,0,136,196
01/10/2013,HUF,IN,AGL,CE,Combined TRACON& Tower with Radar,0,1,9,0,10,0,1,10,0,11,0,2,19,0,21,22,0,22,43
01/11/2013,HUF,IN,AGL,CE,Combined TRACON& Tower with Radar,0,4,14,5,23,0,1,11,0,12,0,5,25,5,35,16,0,16,51
01/12/2013,HUF,IN,AGL,CE,Combined TRACON& Tower with Radar,0,0,3,4,7,0,0,14,0,14,0,0,17,4,21,54,0,54,75
01/13/2013,HUF,IN,AGL,CE,Combined TRACON& Tower with Radar,0,0,0,0,0,0,0,0,0,0,0,0,0,0,0,0,0,0,0
01/14/2013,HUF,IN,AGL,CE,Combined TRACON& Tower with Radar,0,0,25,1,26,0,1,29,0,30,0,1,54,1,56,100,0,100,156
01/15/2013,HUF,IN,AGL,CE,Combined TRACON& Tower with Radar,0,1,20,0,21,0,0,35,0,35,0,1,55,0,56,146,0,146,202
01/16/2013,HUF,IN,AGL,CE,Combined TRACON& Tower with Radar,0,3,17,0,20,0,1,32,0,33,0,4,49,0,53,126,0,126,179
01/17/2013,HUF,IN,AGL,CE,Combined TRACON& Tower with Radar,0,0,26,0,26,0,0,39,0,39,0,0,65,0,65,97,0,97,162
01/18/2013,HUF,IN,AGL,CE,Combined TRACON& Tower with Radar,0,0,12,0,12,0,0,39,0,39,0,0,51,0,51,84,0,84,135
01/19/2013,HUF,IN,AGL,CE,Combined TRACON& Tower with Radar,0,0,1,0,1,0,0,1,1,2,0,0,2,1,3,2,0,2,5
01/20/2013,HUF,IN,AGL,CE,Combined TRACON& Tower with Radar,0,0,12,0,12,0,2,16,0,18,0,2,28,0,30,90,0,90,120
01/21/2013,HUF,IN,AGL,CE,Combined TRACON& Tower with Radar,0,1,1,0,2,0,2,8,0,10,0,3,9,0,12,26,0,26,38
01/22/2013,HUF,IN,AGL,CE,Combined TRACON& Tower with Radar,0,0,2,2,4,0,0,12,0,12,0,0,14,2,16,0,0,0,16
01/23/2013,HUF,IN,AGL,CE,Combined TRACON& Tower with Radar,0,0,7,2,9,0,0,9,0,9,0,0,16,2,18,6,0,6,24
01/24/2013,HUF,IN,AGL,CE,Combined TRACON& Tower with Radar,0,2,17,2,21,0,0,11,0,11,0,2,28,2,32,110,0,110,142
01/25/2013,HUF,IN,AGL,CE,Combined TRACON& Tower with Radar,0,6,17,2,25,0,2,5,0,7,0,8,22,2,32,2,0,2,34
01/26/2013,HUF,IN,AGL,CE,Combined TRACON& Tower with Radar,0,0,10,0,10,0,1,33,0,34,0,1,43,0,44,88,0,88,132
01/27/2013,HUF,IN,AGL,CE,Combined TRACON& Tower with Radar,0,0,3,0,3,0,0,4,0,4,0,0,7,0,7,0,0,0,7
01/28/2013,HUF,IN,AGL,CE,Combined TRACON& Tower with Radar,0,4,7,0,11,0,0,2,0,2,0,4,9,0,13,8,0,8,21
01/29/2013,HUF,IN,AGL,CE,Combined TRACON& Tower with Radar,0,0,9,0,9,0,2,3,0,5,0,2,12,0,14,0,0,0,14
01/30/2013,HUF,IN,AGL,CE,Combined TRACON& Tower with Radar,0,0,0,0,0,0,0,0,0,0,0,0,0,0,0,0,0,0,0
01/31/2013,HUF,IN,AGL,CE,Combined TRACON& Tower with Radar,0,0,11,0,11,0,0,10,0,10,0,0,21,0,21,20,0,20,41
02/01/2013,HUF,IN,AGL,CE,Combined TRACON& Tower with Radar,0,3,10,2,15,0,1,7,0,8,0,4,17,2,23,46,0,46,69
02/02/2013,HUF,IN,AGL,CE,Combined TRACON& Tower with Radar,0,0,2,0,2,0,1,4,0,5,0,1,6,0,7,0,0,0,7
02/03/2013,HUF,IN,AGL,CE,Combined TRACON& Tower with Radar,0,1,3,0,4,0,0,0,1,1,0,1,3,1,5,0,0,0,5
02/04/2013,HUF,IN,AGL,CE,Combined TRACON& Tower with Radar,0,0,22,0,22,0,0,22,1,23,0,0,44,1,45,32,0,32,77
02/05/2013,HUF,IN,AGL,CE,Combined TRACON& Tower with Radar,2,0,28,3,33,0,0,19,4,23,2,0,47,7,56,84,0,84,140
02/06/2013,HUF,IN,AGL,CE,Combined TRACON& Tower with Radar,1,0,23,0,24,0,0,21,0,21,1,0,44,0,45,70,0,70,115
02/07/2013,HUF,IN,AGL,CE,Combined TRACON& Tower with Radar,0,0,22,0,22,0,1,51,0,52,0,1,73,0,74,148,0,148,222
02/08/2013,HUF,IN,AGL,CE,Combined TRACON& Tower with Radar,0,0,5,0,5,1,4,6,0,11,1,4,11,0,16,10,0,10,26
02/09/2013,HUF,IN,AGL,CE,Combined TRACON& Tower with Radar,0,0,9,0,9,0,6,50,0,56,0,6,59,0,65,138,0,138,203
02/10/2013,HUF,IN,AGL,CE,Combined TRACON& Tower with Radar,0,3,4,2,9,0,0,2,0,2,0,3,6,2,11,6,0,6,17
02/11/2013,HUF,IN,AGL,CE,Combined TRACON& Tower with Radar,0,1,7,0,8,0,0,1,0,1,0,1,8,0,9,0,0,0,9
02/12/2013,HUF,IN,AGL,CE,Combined TRACON& Tower with Radar,0,2,32,0,34,0,1,35,0,36,0,3,67,0,70,157,0,157,227
02/13/2013,HUF,IN,AGL,CE,Combined TRACON& Tower with Radar,0,1,18,14,33,0,0,44,0,44,0,1,62,14,77,158,0,158,235
02/14/2013,HUF,IN,AGL,CE,Combined TRACON& Tower with Radar,0,4,24,9,37,0,1,21,3,25,0,5,45,12,62,44,0,44,106
02/15/2013,HUF,IN,AGL,CE,Combined TRACON& Tower with Radar,0,0,10,3,13,0,0,14,0,14,0,0,24,3,27,84,0,84,111
02/16/2013,HUF,IN,AGL,CE,Combined TRACON& Tower with Radar,0,0,7,0,7,0,3,29,0,32,0,3,36,0,39,55,0,55,94
02/17/2013,HUF,IN,AGL,CE,Combined TRACON& Tower with Radar,0,0,18,0,18,0,5,60,0,65,0,5,78,0,83,104,0,104,187
02/18/2013,HUF,IN,AGL,CE,Combined TRACON& Tower with Radar,0,0,10,0,10,0,0,4,0,4,0,0,14,0,14,6,0,6,20
02/19/2013,HUF,IN,AGL,CE,Combined TRACON& Tower with Radar,0,4,5,1,10,0,0,2,0,2,0,4,7,1,12,0,0,0,12
02/20/2013,HUF,IN,AGL,CE,Combined TRACON& Tower with Radar,0,2,30,0,32,0,5,36,0,41,0,7,66,0,73,120,0,120,193
02/21/2013,HUF,IN,AGL,CE,Combined TRACON& Tower with Radar,0,2,24,0,26,0,0,17,0,17,0,2,41,0,43,16,0,16,59
02/22/2013,HUF,IN,AGL,CE,Combined TRACON& Tower with Radar,0,0,10,2,12,0,2,1,0,3,0,2,11,2,15,2,0,2,17
02/23/2013,HUF,IN,AGL,CE,Combined TRACON& Tower with Radar,0,0,15,0,15,0,12,62,2,76,0,12,77,2,91,140,0,140,231
02/24/2013,HUF,IN,AGL,CE,Combined TRACON& Tower with Radar,0,0,12,0,12,0,0,90,1,91,0,0,102,1,103,74,0,74,177
02/25/2013,HUF,IN,AGL,CE,Combined TRACON& Tower with Radar,0,0,26,0,26,0,0,50,0,50,0,0,76,0,76,79,0,79,155
02/26/2013,HUF,IN,AGL,CE,Combined TRACON& Tower with Radar,0,2,6,0,8,0,0,0,0,0,0,2,6,0,8,0,0,0,8
02/27/2013,HUF,IN,AGL,CE,Combined TRACON& Tower with Radar,0,2,8,0,10,0,1,0,0,1,0,3,8,0,11,0,0,0,11
02/28/2013,HUF,IN,AGL,CE,Combined TRACON& Tower with Radar,0,0,7,0,7,0,1,4,0,5,0,1,11,0,12,2,0,2,14
03/01/2013,HUF,IN,AGL,CE,Combined TRACON& Tower with Radar,0,2,5,0,7,0,1,0,0,1,0,3,5,0,8,0,0,0,8
03/02/2013,HUF,IN,AGL,CE,Combined TRACON& Tower with Radar,0,2,1,0,3,0,1,3,0,4,0,3,4,0,7,0,0,0,7
03/03/2013,HUF,IN,AGL,CE,Combined TRACON& Tower with Radar,0,2,19,0,21,0,1,46,0,47,0,3,65,0,68,144,0,144,212
03/04/2013,HUF,IN,AGL,CE,Combined TRACON& Tower with Radar,0,0,24,0,24,0,1,16,0,17,0,1,40,0,41,62,0,62,103
03/05/2013,HUF,IN,AGL,CE,Combined TRACON& Tower with Radar,0,0,3,0,3,0,0,0,0,0,0,0,3,0,3,0,0,0,3
03/06/2013,HUF,IN,AGL,CE,Combined TRACON& Tower with Radar,0,0,5,0,5,0,0,0,0,0,0,0,5,0,5,0,0,0,5
03/07/2013,HUF,IN,AGL,CE,Combined TRACON& Tower with Radar,0,2,34,0,36,0,0,32,1,33,0,2,66,1,69,132,0,132,201
03/08/2013,HUF,IN,AGL,CE,Combined TRACON& Tower with Radar,0,0,22,12,34,0,0,40,1,41,0,0,62,13,75,202,4,206,281
03/09/2013,HUF,IN,AGL,CE,Combined TRACON& Tower with Radar,0,0,10,10,20,0,0,37,0,37,0,0,47,10,57,106,6,112,169
03/10/2013,HUF,IN,AGL,CE,Combined TRACON& Tower with Radar,0,0,5,0,5,0,1,8,0,9,0,1,13,0,14,8,0,8,22
03/11/2013,HUF,IN,AGL,CE,Combined TRACON& Tower with Radar,0,8,11,4,23,0,0,3,0,3,0,8,14,4,26,6,0,6,32
03/12/2013,HUF,IN,AGL,CE,Combined TRACON& Tower with Radar,0,0,11,0,11,0,2,21,0,23,0,2,32,0,34,42,0,42,76
03/13/2013,HUF,IN,AGL,CE,Combined TRACON& Tower with Radar,0,0,15,0,15,0,0,10,0,10,0,0,25,0,25,32,0,32,57
03/14/2013,HUF,IN,AGL,CE,Combined TRACON& Tower with Radar,0,1,17,0,18,0,2,20,0,22,0,3,37,0,40,70,0,70,110
03/15/2013,HUF,IN,AGL,CE,Combined TRACON& Tower with Radar,0,0,15,0,15,0,1,37,1,39,0,1,52,1,54,96,0,96,150
03/16/2013,HUF,IN,AGL,CE,Combined TRACON& Tower with Radar,0,1,9,0,10,0,0,1,0,1,0,1,10,0,11,0,0,0,11
03/17/2013,HUF,IN,AGL,CE,Combined TRACON& Tower with Radar,0,0,3,0,3,0,0,4,0,4,0,0,7,0,7,20,0,20,27
03/18/2013,HUF,IN,AGL,CE,Combined TRACON& Tower with Radar,0,0,39,2,41,0,0,0,0,0,0,0,39,2,41,14,2,16,57
03/19/2013,HUF,IN,AGL,CE,Combined TRACON& Tower with Radar,0,0,26,0,26,0,0,36,0,36,0,0,62,0,62,101,0,101,163
03/20/2013,HUF,IN,AGL,CE,Combined TRACON& Tower with Radar,0,0,22,0,22,0,0,43,0,43,0,0,65,0,65,112,0,112,177
03/21/2013,HUF,IN,AGL,CE,Combined TRACON& Tower with Radar,0,0,18,5,23,0,2,67,0,69,0,2,85,5,92,169,4,173,265
03/22/2013,HUF,IN,AGL,CE,Combined TRACON& Tower with Radar,0,0,24,1,25,0,0,55,0,55,0,0,79,1,80,212,0,212,292
03/23/2013,HUF,IN,AGL,CE,Combined TRACON& Tower with Radar,2,0,8,0,10,0,1,67,0,68,2,1,75,0,78,108,0,108,186
03/24/2013,HUF,IN,AGL,CE,Combined TRACON& Tower with Radar,0,0,4,2,6,0,0,0,0,0,0,0,4,2,6,0,0,0,6
03/25/2013,HUF,IN,AGL,CE,Combined TRACON& Tower with Radar,0,0,2,0,2,0,0,0,0,0,0,0,2,0,2,0,0,0,2
03/26/2013,HUF,IN,AGL,CE,Combined TRACON& Tower with Radar,0,0,33,2,35,0,1,38,0,39,0,1,71,2,74,198,0,198,272
03/27/2013,HUF,IN,AGL,CE,Combined TRACON& Tower with Radar,0,0,39,0,39,0,1,34,0,35,0,1,73,0,74,134,0,134,208
03/28/2013,HUF,IN,AGL,CE,Combined TRACON& Tower with Radar,2,0,27,16,45,0,0,70,0,70,2,0,97,16,115,248,20,268,383
03/29/2013,HUF,IN,AGL,CE,Combined TRACON& Tower with Radar,0,0,23,3,26,0,3,55,1,59,0,3,78,4,85,68,0,68,153
03/30/2013,HUF,IN,AGL,CE,Combined TRACON& Tower with Radar,0,1,12,2,15,0,1,28,0,29,0,2,40,2,44,58,0,58,102
03/31/2013,HUF,IN,AGL,CE,Combined TRACON& Tower with Radar,0,0,11,2,13,0,0,1,0,1,0,0,12,2,14,8,0,8,22
04/01/2013,HUF,IN,AGL,CE,Combined TRACON& Tower with Radar,0,0,21,12,33,0,1,24,4,29,0,1,45,16,62,113,0,113,175
04/02/2013,HUF,IN,AGL,CE,Combined TRACON& Tower with Radar,0,0,27,4,31,0,0,53,2,55,0,0,80,6,86,286,4,290,376
04/03/2013,HUF,IN,AGL,CE,Combined TRACON& Tower with Radar,0,1,26,0,27,0,1,41,0,42,0,2,67,0,69,150,0,150,219
04/04/2013,HUF,IN,AGL,CE,Combined TRACON& Tower with Radar,0,1,24,4,29,0,0,39,0,39,0,1,63,4,68,134,4,138,206
04/05/2013,HUF,IN,AGL,CE,Combined TRACON& Tower with Radar,0,0,28,1,29,0,2,42,0,44,0,2,70,1,73,70,0,70,143
04/06/2013,HUF,IN,AGL,CE,Combined TRACON& Tower with Radar,0,0,9,3,12,0,0,17,0,17,0,0,26,3,29,34,0,34,63
04/07/2013,HUF,IN,AGL,CE,Combined TRACON& Tower with Radar,0,0,9,0,9,0,0,22,0,22,0,0,31,0,31,44,0,44,75
04/08/2013,HUF,IN,AGL,CE,Combined TRACON& Tower with Radar,0,0,23,0,23,0,2,22,0,24,0,2,45,0,47,96,1,97,144
04/09/2013,HUF,IN,AGL,CE,Combined TRACON& Tower with Radar,0,0,15,2,17,0,5,15,0,20,0,5,30,2,37,35,10,45,82
04/10/2013,HUF,IN,AGL,CE,Combined TRACON& Tower with Radar,0,3,6,0,9,0,0,13,0,13,0,3,19,0,22,50,0,50,72
04/11/2013,HUF,IN,AGL,CE,Combined TRACON& Tower with Radar,0,6,14,0,20,0,5,0,0,5,0,11,14,0,25,8,0,8,33
04/12/2013,HUF,IN,AGL,CE,Combined TRACON& Tower with Radar,0,2,33,2,37,0,0,29,0,29,0,2,62,2,66,54,0,54,120
04/13/2013,HUF,IN,AGL,CE,Combined TRACON& Tower with Radar,0,0,8,3,11,0,1,32,4,37,0,1,40,7,48,44,0,44,92
04/14/2013,HUF,IN,AGL,CE,Combined TRACON& Tower with Radar,0,0,9,10,19,0,0,12,0,12,0,0,21,10,31,28,8,36,67
04/15/2013,HUF,IN,AGL,CE,Combined TRACON& Tower with Radar,0,1,39,2,42,0,6,32,0,38,0,7,71,2,80,166,4,170,250
04/16/2013,HUF,IN,AGL,CE,Combined TRACON& Tower with Radar,0,3,7,0,10,0,0,0,0,0,0,3,7,0,10,0,0,0,10
04/17/2013,HUF,IN,AGL,CE,Combined TRACON& Tower with Radar,0,0,37,2,39,0,2,14,0,16,0,2,51,2,55,24,0,24,79
04/18/2013,HUF,IN,AGL,CE,Combined TRACON& Tower with Radar,0,0,4,0,4,0,1,1,0,2,0,1,5,0,6,0,0,0,6
04/19/2013,HUF,IN,AGL,CE,Combined TRACON& Tower with Radar,0,1,13,1,15,0,0,8,0,8,0,1,21,1,23,10,0,10,33
04/20/2013,HUF,IN,AGL,CE,Combined TRACON& Tower with Radar,0,0,18,1,19,0,4,53,0,57,0,4,71,1,76,90,0,90,166
04/21/2013,HUF,IN,AGL,CE,Combined TRACON& Tower with Radar,0,0,14,0,14,0,1,38,0,39,0,1,52,0,53,134,0,134,187
04/22/2013,HUF,IN,AGL,CE,Combined TRACON& Tower with Radar,0,1,30,0,31,0,0,46,0,46,0,1,76,0,77,160,0,160,237
04/23/2013,HUF,IN,AGL,CE,Combined TRACON& Tower with Radar,0,0,5,2,7,0,0,9,0,9,0,0,14,2,16,46,0,46,62
04/24/2013,HUF,IN,AGL,CE,Combined TRACON& Tower with Radar,0,0,18,0,18,0,1,9,1,11,0,1,27,1,29,14,0,14,43
04/25/2013,HUF,IN,AGL,CE,Combined TRACON& Tower with Radar,0,1,32,0,33,0,0,43,12,55,0,1,75,12,88,110,0,110,198
04/26/2013,HUF,IN,AGL,CE,Combined TRACON& Tower with Radar,0,1,37,2,40,0,3,68,11,82,0,4,105,13,122,184,4,188,310
04/27/2013,HUF,IN,AGL,CE,Combined TRACON& Tower with Radar,0,2,19,0,21,0,1,17,0,18,0,3,36,0,39,20,0,20,59
04/28/2013,HUF,IN,AGL,CE,Combined TRACON& Tower with Radar,0,0,14,0,14,0,0,0,0,0,0,0,14,0,14,6,0,6,20
04/29/2013,HUF,IN,AGL,CE,Combined TRACON& Tower with Radar,0,0,13,0,13,0,1,22,0,23,0,1,35,0,36,65,0,65,101
04/30/2013,HUF,IN,AGL,CE,Combined TRACON& Tower with Radar,0,0,20,2,22,0,0,26,0,26,0,0,46,2,48,44,0,44,92
05/01/2013,HUF,IN,AGL,CE,Combined TRACON& Tower with Radar,0,0,8,0,8,0,1,24,0,25,0,1,32,0,33,96,0,96,129
05/02/2013,HUF,IN,AGL,CE,Combined TRACON& Tower with Radar,0,2,15,0,17,2,0,28,0,30,2,2,43,0,47,54,0,54,101
05/03/2013,HUF,IN,AGL,CE,Combined TRACON& Tower with Radar,0,0,24,2,26,0,0,15,1,16,0,0,39,3,42,104,0,104,146
05/04/2013,HUF,IN,AGL,CE,Combined TRACON& Tower with Radar,0,0,2,2,4,0,0,5,0,5,0,0,7,2,9,38,0,38,47
05/05/2013,HUF,IN,AGL,CE,Combined TRACON& Tower with Radar,0,0,2,0,2,0,2,1,0,3,0,2,3,0,5,0,0,0,5
05/06/2013,HUF,IN,AGL,CE,Combined TRACON& Tower with Radar,0,0,9,0,9,0,3,2,0,5,0,3,11,0,14,22,0,22,36
05/07/2013,HUF,IN,AGL,CE,Combined TRACON& Tower with Radar,0,0,10,2,12,0,1,10,1,12,0,1,20,3,24,64,10,74,98
05/08/2013,HUF,IN,AGL,CE,Combined TRACON& Tower with Radar,0,0,8,0,8,0,0,66,0,66,0,0,74,0,74,98,0,98,172
05/09/2013,HUF,IN,AGL,CE,Combined TRACON& Tower with Radar,0,2,5,0,7,0,0,33,0,33,0,2,38,0,40,26,0,26,66
05/10/2013,HUF,IN,AGL,CE,Combined TRACON& Tower with Radar,0,0,6,0,6,0,0,3,0,3,0,0,9,0,9,126,0,126,135
05/11/2013,HUF,IN,AGL,CE,Combined TRACON& Tower with Radar,0,1,28,3,32,0,1,17,0,18,0,2,45,3,50,92,10,102,152
05/12/2013,HUF,IN,AGL,CE,Combined TRACON& Tower with Radar,0,0,15,0,15,0,2,29,0,31,0,2,44,0,46,38,0,38,84
05/13/2013,HUF,IN,AGL,CE,Combined TRACON& Tower with Radar,0,0,7,0,7,0,1,35,0,36,0,1,42,0,43,51,0,51,94
05/14/2013,HUF,IN,AGL,CE,Combined TRACON& Tower with Radar,0,0,5,0,5,0,1,11,0,12,0,1,16,0,17,62,18,80,97
05/15/2013,HUF,IN,AGL,CE,Combined TRACON& Tower with Radar,0,0,7,2,9,0,2,24,6,32,0,2,31,8,41,56,0,56,97
05/16/2013,HUF,IN,AGL,CE,Combined TRACON& Tower with Radar,0,1,12,2,15,0,0,5,0,5,0,1,17,2,20,24,0,24,44
05/17/2013,HUF,IN,AGL,CE,Combined TRACON& Tower with Radar,0,0,14,1,15,0,0,27,0,27,0,0,41,1,42,12,0,12,54
05/18/2013,HUF,IN,AGL,CE,Combined TRACON& Tower with Radar,0,0,11,1,12,0,3,30,4,37,0,3,41,5,49,22,0,22,71
05/19/2013,HUF,IN,AGL,CE,Combined TRACON& Tower with Radar,0,1,12,0,13,0,2,33,0,35,0,3,45,0,48,46,0,46,94
05/20/2013,HUF,IN,AGL,CE,Combined TRACON& Tower with Radar,0,0,12,0,12,0,2,12,0,14,0,2,24,0,26,27,0,27,53
05/21/2013,HUF,IN,AGL,CE,Combined TRACON& Tower with Radar,0,0,15,0,15,0,0,3,0,3,0,0,18,0,18,16,0,16,34
05/22/2013,HUF,IN,AGL,CE,Combined TRACON& Tower with Radar,0,4,20,2,26,0,0,12,0,12,0,4,32,2,38,18,0,18,56
05/23/2013,HUF,IN,AGL,CE,Combined TRACON& Tower with Radar,0,1,28,2,31,0,0,16,0,16,0,1,44,2,47,57,14,71,118
05/24/2013,HUF,IN,AGL,CE,Combined TRACON& Tower with Radar,0,1,15,2,18,0,1,35,0,36,0,2,50,2,54,78,0,78,132
05/25/2013,HUF,IN,AGL,CE,Combined TRACON& Tower with Radar,0,0,13,0,13,0,2,20,0,22,0,2,33,0,35,26,0,26,61
05/26/2013,HUF,IN,AGL,CE,Combined TRACON& Tower with Radar,0,0,8,0,8,0,0,11,0,11,0,0,19,0,19,18,0,18,37
05/27/2013,HUF,IN,AGL,CE,Combined TRACON& Tower with Radar,0,2,14,0,16,0,1,17,0,18,0,3,31,0,34,46,0,46,80
05/28/2013,HUF,IN,AGL,CE,Combined TRACON& Tower with Radar,0,1,13,0,14,0,1,15,0,16,0,2,28,0,30,54,0,54,84
05/29/2013,HUF,IN,AGL,CE,Combined TRACON& Tower with Radar,0,1,26,0,27,0,1,26,0,27,0,2,52,0,54,76,0,76,130
05/30/2013,HUF,IN,AGL,CE,Combined TRACON& Tower with Radar,0,0,8,0,8,0,1,17,3,21,0,1,25,3,29,42,0,42,71
05/31/2013,HUF,IN,AGL,CE,Combined TRACON& Tower with Radar,0,0,2,0,2,0,0,3,0,3,0,0,5,0,5,0,0,0,5
06/01/2013,HUF,IN,AGL,CE,Combined TRACON& Tower with Radar,0,0,8,1,9,0,1,5,0,6,0,1,13,1,15,4,0,4,19
06/02/2013,HUF,IN,AGL,CE,Combined TRACON& Tower with Radar,0,0,11,0,11,0,0,7,0,7,0,0,18,0,18,33,0,33,51
06/03/2013,HUF,IN,AGL,CE,Combined TRACON& Tower with Radar,0,5,11,0,16,0,1,41,0,42,0,6,52,0,58,94,4,98,156
06/04/2013,HUF,IN,AGL,CE,Combined TRACON& Tower with Radar,0,3,19,5,27,0,1,29,1,31,0,4,48,6,58,144,24,168,226
06/05/2013,HUF,IN,AGL,CE,Combined TRACON& Tower with Radar,0,2,22,0,24,0,2,22,0,24,0,4,44,0,48,42,0,42,90
06/06/2013,HUF,IN,AGL,CE,Combined TRACON& Tower with Radar,0,0,17,6,23,0,4,16,0,20,0,4,33,6,43,61,0,61,104
06/07/2013,HUF,IN,AGL,CE,Combined TRACON& Tower with Radar,2,0,19,8,29,0,0,16,0,16,2,0,35,8,45,56,6,62,107
06/08/2013,HUF,IN,AGL,CE,Combined TRACON& Tower with Radar,0,0,6,2,8,0,1,32,0,33,0,1,38,2,41,2,0,2,43
06/09/2013,HUF,IN,AGL,CE,Combined TRACON& Tower with Radar,0,0,4,1,5,0,0,18,1,19,0,0,22,2,24,48,0,48,72
06/10/2013,HUF,IN,AGL,CE,Combined TRACON& Tower with Radar,0,2,25,2,29,0,2,10,0,12,0,4,35,2,41,36,0,36,77
06/11/2013,HUF,IN,AGL,CE,Combined TRACON& Tower with Radar,0,0,22,2,24,0,1,43,0,44,0,1,65,2,68,69,8,77,145
06/12/2013,HUF,IN,AGL,CE,Combined TRACON& Tower with Radar,0,0,10,2,12,0,0,20,0,20,0,0,30,2,32,70,14,84,116
06/13/2013,HUF,IN,AGL,CE,Combined TRACON& Tower with Radar,0,0,28,0,28,0,0,11,0,11,0,0,39,0,39,52,0,52,91
06/14/2013,HUF,IN,AGL,CE,Combined TRACON& Tower with Radar,0,0,22,1,23,0,0,52,0,52,0,0,74,1,75,118,0,118,193
06/15/2013,HUF,IN,AGL,CE,Combined TRACON& Tower with Radar,0,0,24,0,24,0,4,52,0,56,0,4,76,0,80,40,2,42,122
06/16/2013,HUF,IN,AGL,CE,Combined TRACON& Tower with Radar,0,1,9,0,10,0,4,17,0,21,0,5,26,0,31,9,0,9,40
06/17/2013,HUF,IN,AGL,CE,Combined TRACON& Tower with Radar,0,0,30,3,33,0,0,17,0,17,0,0,47,3,50,56,0,56,106
06/18/2013,HUF,IN,AGL,CE,Combined TRACON& Tower with Radar,0,0,19,0,19,0,0,36,0,36,0,0,55,0,55,39,0,39,94
06/19/2013,HUF,IN,AGL,CE,Combined TRACON& Tower with Radar,0,0,35,0,35,0,0,51,0,51,0,0,86,0,86,70,0,70,156
06/20/2013,HUF,IN,AGL,CE,Combined TRACON& Tower with Radar,0,5,11,2,18,0,2,38,3,43,0,7,49,5,61,95,0,95,156
06/21/2013,HUF,IN,AGL,CE,Combined TRACON& Tower with Radar,0,0,9,2,11,0,0,26,0,26,0,0,35,2,37,30,0,30,67
06/22/2013,HUF,IN,AGL,CE,Combined TRACON& Tower with Radar,0,0,18,0,18,0,0,6,2,8,0,0,24,2,26,0,0,0,26
06/23/2013,HUF,IN,AGL,CE,Combined TRACON& Tower with Radar,0,0,9,0,9,0,1,23,0,24,0,1,32,0,33,13,0,13,46
06/24/2013,HUF,IN,AGL,CE,Combined TRACON& Tower with Radar,1,0,14,3,18,0,0,14,0,14,1,0,28,3,32,45,0,45,77
06/25/2013,HUF,IN,AGL,CE,Combined TRACON& Tower with Radar,0,1,7,8,16,0,1,29,3,33,0,2,36,11,49,6,6,12,61
06/26/2013,HUF,IN,AGL,CE,Combined TRACON& Tower with Radar,0,0,13,0,13,0,2,5,0,7,0,2,18,0,20,0,0,0,20
06/27/2013,HUF,IN,AGL,CE,Combined TRACON& Tower with Radar,0,0,20,0,20,0,0,16,1,17,0,0,36,1,37,18,0,18,55
06/28/2013,HUF,IN,AGL,CE,Combined TRACON& Tower with Radar,0,0,12,0,12,0,1,32,6,39,0,1,44,6,51,10,6,16,67
06/29/2013,HUF,IN,AGL,CE,Combined TRACON& Tower with Radar,0,1,4,0,5,0,0,14,0,14,0,1,18,0,19,6,0,6,25
06/30/2013,HUF,IN,AGL,CE,Combined TRACON& Tower with Radar,0,0,5,0,5,0,1,5,0,6,0,1,10,0,11,20,0,20,31
07/01/2013,HUF,IN,AGL,CE,Combined TRACON& Tower with Radar,0,0,8,0,8,0,1,12,0,13,0,1,20,0,21,26,0,26,47
07/02/2013,HUF,IN,AGL,CE,Combined TRACON& Tower with Radar,0,0,7,0,7,0,0,2,0,2,0,0,9,0,9,0,0,0,9
07/03/2013,HUF,IN,AGL,CE,Combined TRACON& Tower with Radar,0,0,29,0,29,0,0,16,0,16,0,0,45,0,45,26,0,26,71
07/04/2013,HUF,IN,AGL,CE,Combined TRACON& Tower with Radar,0,0,17,0,17,0,1,21,0,22,0,1,38,0,39,40,0,40,79
07/05/2013,HUF,IN,AGL,CE,Combined TRACON& Tower with Radar,0,0,7,0,7,0,2,11,0,13,0,2,18,0,20,48,0,48,68
07/06/2013,HUF,IN,AGL,CE,Combined TRACON& Tower with Radar,0,2,4,0,6,0,1,4,0,5,0,3,8,0,11,12,0,12,23
07/07/2013,HUF,IN,AGL,CE,Combined TRACON& Tower with Radar,0,0,4,0,4,0,1,30,0,31,0,1,34,0,35,30,0,30,65
07/08/2013,HUF,IN,AGL,CE,Combined TRACON& Tower with Radar,0,0,17,0,17,0,3,27,0,30,0,3,44,0,47,77,0,77,124
07/09/2013,HUF,IN,AGL,CE,Combined TRACON& Tower with Radar,0,0,24,4,28,0,4,39,0,43,0,4,63,4,71,78,2,80,151
07/10/2013,HUF,IN,AGL,CE,Combined TRACON& Tower with Radar,0,0,12,0,12,0,2,6,0,8,0,2,18,0,20,0,0,0,20
07/11/2013,HUF,IN,AGL,CE,Combined TRACON& Tower with Radar,0,0,14,0,14,0,5,32,0,37,0,5,46,0,51,54,0,54,105
07/12/2013,HUF,IN,AGL,CE,Combined TRACON& Tower with Radar,0,0,10,2,12,0,4,27,2,33,0,4,37,4,45,44,0,44,89
07/13/2013,HUF,IN,AGL,CE,Combined TRACON& Tower with Radar,0,0,22,6,28,0,2,39,3,44,0,2,61,9,72,59,0,59,131
07/14/2013,HUF,IN,AGL,CE,Combined TRACON& Tower with Radar,0,0,12,4,16,0,0,25,0,25,0,0,37,4,41,36,0,36,77
07/15/2013,HUF,IN,AGL,CE,Combined TRACON& Tower with Radar,0,0,20,0,20,0,0,40,0,40,0,0,60,0,60,82,0,82,142
07/16/2013,HUF,IN,AGL,CE,Combined TRACON& Tower with Radar,0,0,14,1,15,0,2,34,1,37,0,2,48,2,52,40,0,40,92
07/17/2013,HUF,IN,AGL,CE,Combined TRACON& Tower with Radar,0,0,34,0,34,0,0,35,0,35,0,0,69,0,69,42,0,42,111
07/18/2013,HUF,IN,AGL,CE,Combined TRACON& Tower with Radar,0,0,32,0,32,0,0,40,0,40,0,0,72,0,72,36,0,36,108
07/19/2013,HUF,IN,AGL,CE,Combined TRACON& Tower with Radar,0,3,18,3,24,0,3,22,2,27,0,6,40,5,51,40,42,82,133
07/20/2013,HUF,IN,AGL,CE,Combined TRACON& Tower with Radar,0,0,11,0,11,0,1,10,0,11,0,1,21,0,22,8,0,8,30
07/21/2013,HUF,IN,AGL,CE,Combined TRACON& Tower with Radar,0,0,12,0,12,0,2,11,0,13,0,2,23,0,25,30,0,30,55
07/22/2013,HUF,IN,AGL,CE,Combined TRACON& Tower with Radar,0,0,10,0,10,0,1,13,2,16,0,1,23,2,26,24,0,24,50
07/23/2013,HUF,IN,AGL,CE,Combined TRACON& Tower with Radar,0,2,22,4,28,0,0,32,1,33,0,2,54,5,61,64,2,66,127
07/24/2013,HUF,IN,AGL,CE,Combined TRACON& Tower with Radar,0,0,24,2,26,0,6,51,1,58,0,6,75,3,84,125,0,125,209
07/25/2013,HUF,IN,AGL,CE,Combined TRACON& Tower with Radar,0,0,22,1,23,0,0,36,2,38,0,0,58,3,61,85,4,89,150
07/26/2013,HUF,IN,AGL,CE,Combined TRACON& Tower with Radar,0,0,23,7,30,0,0,27,0,27,0,0,50,7,57,60,0,60,117
07/27/2013,HUF,IN,AGL,CE,Combined TRACON& Tower with Radar,0,2,18,0,20,0,1,15,0,16,0,3,33,0,36,6,0,6,42
07/28/2013,HUF,IN,AGL,CE,Combined TRACON& Tower with Radar,0,0,10,6,16,0,2,24,0,26,0,2,34,6,42,20,0,20,62
07/29/2013,HUF,IN,AGL,CE,Combined TRACON& Tower with Radar,0,0,19,1,20,0,2,27,2,31,0,2,46,3,51,34,1,35,86
07/30/2013,HUF,IN,AGL,CE,Combined TRACON& Tower with Radar,0,0,19,0,19,0,0,5,0,5,0,0,24,0,24,26,0,26,50
07/31/2013,HUF,IN,AGL,CE,Combined TRACON& Tower with Radar,0,2,22,0,24,0,0,16,0,16,0,2,38,0,40,38,0,38,78
08/01/2013,HUF,IN,AGL,CE,Combined TRACON& Tower with Radar,0,0,21,0,21,0,2,28,0,30,0,2,49,0,51,20,0,20,71
08/02/2013,HUF,IN,AGL,CE,Combined TRACON& Tower with Radar,0,0,17,0,17,0,2,25,0,27,0,2,42,0,44,24,0,24,68
08/03/2013,HUF,IN,AGL,CE,Combined TRACON& Tower with Radar,0,1,11,0,12,0,1,7,1,9,0,2,18,1,21,28,0,28,49
08/04/2013,HUF,IN,AGL,CE,Combined TRACON& Tower with Radar,1,0,13,0,14,0,1,45,0,46,1,1,58,0,60,24,0,24,84
08/05/2013,HUF,IN,AGL,CE,Combined TRACON& Tower with Radar,0,0,11,0,11,0,4,24,0,28,0,4,35,0,39,11,0,11,50
08/06/2013,HUF,IN,AGL,CE,Combined TRACON& Tower with Radar,1,1,25,2,29,0,2,3,0,5,1,3,28,2,34,0,0,0,34
08/07/2013,HUF,IN,AGL,CE,Combined TRACON& Tower with Radar,0,0,5,0,5,0,1,1,0,2,0,1,6,0,7,18,0,18,25
08/08/2013,HUF,IN,AGL,CE,Combined TRACON& Tower with Radar,0,0,14,0,14,0,0,10,0,10,0,0,24,0,24,8,0,8,32
08/09/2013,HUF,IN,AGL,CE,Combined TRACON& Tower with Radar,0,0,9,0,9,0,0,20,0,20,0,0,29,0,29,22,0,22,51
08/10/2013,HUF,IN,AGL,CE,Combined TRACON& Tower with Radar,0,0,5,0,5,0,0,54,0,54,0,0,59,0,59,22,0,22,81
08/11/2013,HUF,IN,AGL,CE,Combined TRACON& Tower with Radar,0,0,11,0,11,0,0,40,0,40,0,0,51,0,51,44,0,44,95
08/12/2013,HUF,IN,AGL,CE,Combined TRACON& Tower with Radar,0,0,16,2,18,0,3,17,0,20,0,3,33,2,38,38,0,38,76
08/13/2013,HUF,IN,AGL,CE,Combined TRACON& Tower with Radar,0,1,15,1,17,0,3,27,3,33,0,4,42,4,50,19,0,19,69
08/14/2013,HUF,IN,AGL,CE,Combined TRACON& Tower with Radar,0,0,6,0,6,0,1,29,0,30,0,1,35,0,36,28,0,28,64
08/15/2013,HUF,IN,AGL,CE,Combined TRACON& Tower with Radar,0,0,5,0,5,0,1,32,0,33,0,1,37,0,38,64,0,64,102
08/16/2013,HUF,IN,AGL,CE,Combined TRACON& Tower with Radar,0,0,12,1,13,0,0,30,0,30,0,0,42,1,43,58,0,58,101
08/17/2013,HUF,IN,AGL,CE,Combined TRACON& Tower with Radar,4,0,8,0,12,2,2,16,0,20,6,2,24,0,32,38,0,38,70
08/18/2013,HUF,IN,AGL,CE,Combined TRACON& Tower with Radar,0,0,7,2,9,0,1,28,0,29,0,1,35,2,38,80,0,80,118
08/19/2013,HUF,IN,AGL,CE,Combined TRACON& Tower with Radar,0,0,15,0,15,0,2,17,0,19,0,2,32,0,34,18,0,18,52
08/20/2013,HUF,IN,AGL,CE,Combined TRACON& Tower with Radar,0,0,15,0,15,0,2,37,0,39,0,2,52,0,54,54,0,54,108
08/21/2013,HUF,IN,AGL,CE,Combined TRACON& Tower with Radar,0,0,21,16,37,0,1,21,10,32,0,1,42,26,69,20,26,46,115
08/22/2013,HUF,IN,AGL,CE,Combined TRACON& Tower with Radar,0,0,13,0,13,0,2,6,0,8,0,2,19,0,21,8,0,8,29
08/23/2013,HUF,IN,AGL,CE,Combined TRACON& Tower with Radar,0,4,21,6,31,0,2,20,0,22,0,6,41,6,53,72,4,76,129
08/24/2013,HUF,IN,AGL,CE,Combined TRACON& Tower with Radar,0,0,10,0,10,0,0,40,0,40,0,0,50,0,50,8,0,8,58
08/25/2013,HUF,IN,AGL,CE,Combined TRACON& Tower with Radar,0,0,5,0,5,0,0,15,0,15,0,0,20,0,20,30,0,30,50
08/26/2013,HUF,IN,AGL,CE,Combined TRACON& Tower with Radar,0,0,19,0,19,0,1,33,0,34,0,1,52,0,53,44,0,44,97
08/27/2013,HUF,IN,AGL,CE,Combined TRACON& Tower with Radar,0,0,28,0,28,1,0,31,0,32,1,0,59,0,60,38,0,38,98
08/28/2013,HUF,IN,AGL,CE,Combined TRACON& Tower with Radar,0,0,20,8,28,0,2,45,2,49,0,2,65,10,77,32,14,46,123
08/29/2013,HUF,IN,AGL,CE,Combined TRACON& Tower with Radar,0,1,23,0,24,0,0,23,0,23,0,1,46,0,47,22,0,22,69
08/30/2013,HUF,IN,AGL,CE,Combined TRACON& Tower with Radar,0,0,18,1,19,0,1,31,2,34,0,1,49,3,53,52,14,66,119
08/31/2013,HUF,IN,AGL,CE,Combined TRACON& Tower with Radar,0,0,8,0,8,0,0,14,0,14,0,0,22,0,22,20,0,20,42
09/01/2013,HUF,IN,AGL,CE,Combined TRACON& Tower with Radar,0,0,14,0,14,0,1,7,0,8,0,1,21,0,22,6,0,6,28
09/02/2013,HUF,IN,AGL,CE,Combined TRACON& Tower with Radar,0,2,9,0,11,0,1,14,0,15,0,3,23,0,26,38,0,38,64
09/03/2013,HUF,IN,AGL,CE,Combined TRACON& Tower with Radar,0,0,13,0,13,0,1,42,1,44,0,1,55,1,57,55,0,55,112
09/04/2013,HUF,IN,AGL,CE,Combined TRACON& Tower with Radar,0,0,9,0,9,0,0,33,1,34,0,0,42,1,43,34,0,34,77
09/05/2013,HUF,IN,AGL,CE,Combined TRACON& Tower with Radar,0,0,9,0,9,0,1,44,0,45,0,1,53,0,54,96,0,96,150
09/06/2013,HUF,IN,AGL,CE,Combined TRACON& Tower with Radar,0,0,26,13,39,0,2,62,0,64,0,2,88,13,103,64,20,84,187
09/07/2013,HUF,IN,AGL,CE,Combined TRACON& Tower with Radar,0,0,9,0,9,0,2,24,0,26,0,2,33,0,35,22,0,22,57
09/08/2013,HUF,IN,AGL,CE,Combined TRACON& Tower with Radar,0,0,9,0,9,0,3,40,0,43,0,3,49,0,52,36,0,36,88
09/09/2013,HUF,IN,AGL,CE,Combined TRACON& Tower with Radar,0,0,15,0,15,0,1,10,0,11,0,1,25,0,26,38,0,38,64
09/10/2013,HUF,IN,AGL,CE,Combined TRACON& Tower with Radar,0,3,20,0,23,0,1,36,0,37,0,4,56,0,60,54,0,54,114
09/11/2013,HUF,IN,AGL,CE,Combined TRACON& Tower with Radar,0,0,9,14,23,0,6,61,2,69,0,6,70,16,92,84,10,94,186
09/12/2013,HUF,IN,AGL,CE,Combined TRACON& Tower with Radar,0,2,38,0,40,0,1,25,0,26,0,3,63,0,66,66,0,66,132
09/13/2013,HUF,IN,AGL,CE,Combined TRACON& Tower with Radar,0,0,18,0,18,0,3,58,0,61,0,3,76,0,79,91,0,91,170
09/14/2013,HUF,IN,AGL,CE,Combined TRACON& Tower with Radar,0,0,20,0,20,0,1,23,0,24,0,1,43,0,44,21,0,21,65
09/15/2013,HUF,IN,AGL,CE,Combined TRACON& Tower with Radar,0,2,12,0,14,0,1,30,0,31,0,3,42,0,45,54,0,54,99
09/16/2013,HUF,IN,AGL,CE,Combined TRACON& Tower with Radar,0,0,17,2,19,0,3,29,0,32,0,3,46,2,51,54,0,54,105
09/17/2013,HUF,IN,AGL,CE,Combined TRACON& Tower with Radar,0,0,15,0,15,0,0,35,0,35,0,0,50,0,50,56,0,56,106
09/18/2013,HUF,IN,AGL,CE,Combined TRACON& Tower with Radar,0,4,14,0,18,0,3,41,0,44,0,7,55,0,62,40,0,40,102
09/19/2013,HUF,IN,AGL,CE,Combined TRACON& Tower with Radar,0,0,14,0,14,0,1,23,0,24,0,1,37,0,38,46,1,47,85
09/20/2013,HUF,IN,AGL,CE,Combined TRACON& Tower with Radar,0,0,10,0,10,0,0,24,0,24,0,0,34,0,34,48,0,48,82
09/21/2013,HUF,IN,AGL,CE,Combined TRACON& Tower with Radar,0,0,5,0,5,0,2,25,0,27,0,2,30,0,32,21,0,21,53
09/22/2013,HUF,IN,AGL,CE,Combined TRACON& Tower with Radar,0,0,22,0,22,0,0,21,0,21,0,0,43,0,43,38,0,38,81
09/23/2013,HUF,IN,AGL,CE,Combined TRACON& Tower with Radar,0,0,19,0,19,0,0,89,0,89,0,0,108,0,108,128,0,128,236
09/24/2013,HUF,IN,AGL,CE,Combined TRACON& Tower with Radar,0,0,13,12,25,0,0,64,3,67,0,0,77,15,92,72,14,86,178
09/25/2013,HUF,IN,AGL,CE,Combined TRACON& Tower with Radar,0,0,25,1,26,0,0,59,1,60,0,0,84,2,86,109,0,109,195
09/26/2013,HUF,IN,AGL,CE,Combined TRACON& Tower with Radar,0,0,19,0,19,0,0,75,0,75,0,0,94,0,94,95,0,95,189
09/27/2013,HUF,IN,AGL,CE,Combined TRACON& Tower with Radar,2,0,17,2,21,0,2,80,1,83,2,2,97,3,104,98,14,112,216
09/28/2013,HUF,IN,AGL,CE,Combined TRACON& Tower with Radar,2,0,10,0,12,0,1,39,2,42,2,1,49,2,54,30,0,30,84
09/29/2013,HUF,IN,AGL,CE,Combined TRACON& Tower with Radar,0,0,10,0,10,0,5,4,0,9,0,5,14,0,19,0,0,0,19
09/30/2013,HUF,IN,AGL,CE,Combined TRACON& Tower with Radar,0,0,29,0,29,0,0,40,1,41,0,0,69,1,70,86,0,86,156
10/01/2013,HUF,IN,AGL,CE,Combined TRACON& Tower with Radar,0,2,39,0,41,0,1,52,0,53,0,3,91,0,94,42,2,44,138
10/02/2013,HUF,IN,AGL,CE,Combined TRACON& Tower with Radar,0,0,25,0,25,0,1,16,0,17,0,1,41,0,42,38,0,38,80
10/03/2013,HUF,IN,AGL,CE,Combined TRACON& Tower with Radar,0,1,18,0,19,0,3,65,0,68,0,4,83,0,87,140,0,140,227
10/04/2013,HUF,IN,AGL,CE,Combined TRACON& Tower with Radar,0,1,11,0,12,0,4,94,0,98,0,5,105,0,110,112,0,112,222
10/05/2013,HUF,IN,AGL,CE,Combined TRACON& Tower with Radar,0,2,4,0,6,0,0,5,0,5,0,2,9,0,11,12,0,12,23
10/06/2013,HUF,IN,AGL,CE,Combined TRACON& Tower with Radar,0,0,10,0,10,0,0,20,0,20,0,0,30,0,30,20,0,20,50
10/07/2013,HUF,IN,AGL,CE,Combined TRACON& Tower with Radar,0,0,24,0,24,0,1,42,0,43,0,1,66,0,67,66,0,66,133
10/08/2013,HUF,IN,AGL,CE,Combined TRACON& Tower with Radar,0,0,21,0,21,0,1,113,0,114,0,1,134,0,135,123,0,123,258
10/09/2013,HUF,IN,AGL,CE,Combined TRACON& Tower with Radar,0,2,22,0,24,0,0,66,0,66,0,2,88,0,90,104,0,104,194
10/10/2013,HUF,IN,AGL,CE,Combined TRACON& Tower with Radar,0,2,27,0,29,0,0,102,0,102,0,2,129,0,131,128,0,128,259
10/11/2013,HUF,IN,AGL,CE,Combined TRACON& Tower with Radar,2,0,23,0,25,0,1,79,0,80,2,1,102,0,105,144,0,144,249
10/12/2013,HUF,IN,AGL,CE,Combined TRACON& Tower with Radar,2,0,12,0,14,0,3,73,0,76,2,3,85,0,90,32,0,32,122
10/13/2013,HUF,IN,AGL,CE,Combined TRACON& Tower with Radar,0,0,6,0,6,0,0,45,0,45,0,0,51,0,51,18,0,18,69
10/14/2013,HUF,IN,AGL,CE,Combined TRACON& Tower with Radar,0,0,24,0,24,0,3,68,0,71,0,3,92,0,95,88,0,88,183
10/15/2013,HUF,IN,AGL,CE,Combined TRACON& Tower with Radar,0,1,32,0,33,0,2,44,0,46,0,3,76,0,79,93,0,93,172
10/16/2013,HUF,IN,AGL,CE,Combined TRACON& Tower with Radar,0,6,25,1,32,0,2,56,2,60,0,8,81,3,92,85,2,87,179
10/17/2013,HUF,IN,AGL,CE,Combined TRACON& Tower with Radar,2,9,46,1,58,0,0,53,0,53,2,9,99,1,111,135,16,151,262
10/18/2013,HUF,IN,AGL,CE,Combined TRACON& Tower with Radar,1,9,11,0,21,0,1,77,0,78,1,10,88,0,99,132,0,132,231
10/19/2013,HUF,IN,AGL,CE,Combined TRACON& Tower with Radar,5,6,32,0,43,0,1,23,0,24,5,7,55,0,67,40,0,40,107
10/20/2013,HUF,IN,AGL,CE,Combined TRACON& Tower with Radar,0,0,14,0,14,0,2,36,0,38,0,2,50,0,52,44,0,44,96
10/21/2013,HUF,IN,AGL,CE,Combined TRACON& Tower with Radar,0,0,24,0,24,0,2,65,1,68,0,2,89,1,92,100,0,100,192
10/22/2013,HUF,IN,AGL,CE,Combined TRACON& Tower with Radar,0,2,26,2,30,0,2,87,0,89,0,4,113,2,119,138,0,138,257
10/23/2013,HUF,IN,AGL,CE,Combined TRACON& Tower with Radar,0,3,23,0,26,0,0,46,0,46,0,3,69,0,72,89,0,89,161
10/24/2013,HUF,IN,AGL,CE,Combined TRACON& Tower with Radar,2,1,22,0,25,0,0,64,0,64,2,1,86,0,89,188,0,188,277
10/25/2013,HUF,IN,AGL,CE,Combined TRACON& Tower with Radar,4,1,28,0,33,0,0,112,0,112,4,1,140,0,145,222,0,222,367
10/26/2013,HUF,IN,AGL,CE,Combined TRACON& Tower with Radar,7,9,12,0,28,0,1,20,0,21,7,10,32,0,49,34,0,34,83
10/27/2013,HUF,IN,AGL,CE,Combined TRACON& Tower with Radar,0,1,11,0,12,0,3,53,0,56,0,4,64,0,68,98,0,98,166
10/28/2013,HUF,IN,AGL,CE,Combined TRACON& Tower with Radar,0,2,16,0,18,0,2,76,0,78,0,4,92,0,96,144,0,144,240
10/29/2013,HUF,IN,AGL,CE,Combined TRACON& Tower with Radar,2,1,18,0,21,0,1,59,0,60,2,2,77,0,81,96,0,96,177
10/30/2013,HUF,IN,AGL,CE,Combined TRACON& Tower with Radar,2,2,9,0,13,0,0,0,0,0,2,2,9,0,13,0,0,0,13
10/31/2013,HUF,IN,AGL,CE,Combined TRACON& Tower with Radar,4,6,0,0,10,0,0,4,0,4,4,6,4,0,14,0,0,0,14
11/01/2013,HUF,IN,AGL,CE,Combined TRACON& Tower with Radar,6,0,9,8,23,0,0,38,2,40,6,0,47,10,63,50,0,50,113
11/02/2013,HUF,IN,AGL,CE,Combined TRACON& Tower with Radar,2,2,16,0,20,0,0,59,0,59,2,2,75,0,79,48,0,48,127
11/03/2013,HUF,IN,AGL,CE,Combined TRACON& Tower with Radar,0,0,3,6,9,0,1,51,0,52,0,1,54,6,61,92,0,92,153
11/04/2013,HUF,IN,AGL,CE,Combined TRACON& Tower with Radar,0,0,15,0,15,0,4,83,0,87,0,4,98,0,102,133,0,133,235
11/05/2013,HUF,IN,AGL,CE,Combined TRACON& Tower with Radar,0,2,27,0,29,0,0,84,3,87,0,2,111,3,116,212,0,212,328
11/06/2013,HUF,IN,AGL,CE,Combined TRACON& Tower with Radar,0,0,9,0,9,0,2,4,0,6,0,2,13,0,15,4,0,4,19
11/07/2013,HUF,IN,AGL,CE,Combined TRACON& Tower with Radar,0,0,23,4,27,0,2,118,0,120,0,2,141,4,147,224,0,224,371
11/08/2013,HUF,IN,AGL,CE,Combined TRACON& Tower with Radar,4,0,13,0,17,0,0,92,0,92,4,0,105,0,109,213,0,213,322
11/09/2013,HUF,IN,AGL,CE,Combined TRACON& Tower with Radar,6,5,13,0,24,0,0,35,1,36,6,5,48,1,60,39,0,39,99
11/10/2013,HUF,IN,AGL,CE,Combined TRACON& Tower with Radar,0,1,10,1,12,0,4,29,0,33,0,5,39,1,45,49,0,49,94
11/11/2013,HUF,IN,AGL,CE,Combined TRACON& Tower with Radar,0,0,16,0,16,0,5,32,0,37,0,5,48,0,53,98,0,98,151
11/12/2013,HUF,IN,AGL,CE,Combined TRACON& Tower with Radar,0,9,28,4,41,0,4,76,0,80,0,13,104,4,121,117,0,117,238
11/13/2013,HUF,IN,AGL,CE,Combined TRACON& Tower with Radar,0,5,17,2,24,0,0,72,1,73,0,5,89,3,97,130,4,134,231
11/14/2013,HUF,IN,AGL,CE,Combined TRACON& Tower with Radar,2,2,25,0,29,0,0,69,0,69,2,2,94,0,98,100,0,100,198
11/15/2013,HUF,IN,AGL,CE,Combined TRACON& Tower with Radar,0,4,18,0,22,0,3,87,0,90,0,7,105,0,112,135,0,135,247
11/16/2013,HUF,IN,AGL,CE,Combined TRACON& Tower with Radar,0,0,2,0,2,0,1,2,0,3,0,1,4,0,5,0,0,0,5
11/17/2013,HUF,IN,AGL,CE,Combined TRACON& Tower with Radar,0,0,5,0,5,0,0,3,0,3,0,0,8,0,8,0,0,0,8
11/18/2013,HUF,IN,AGL,CE,Combined TRACON& Tower with Radar,0,2,8,0,10,0,6,30,0,36,0,8,38,0,46,30,0,30,76
11/19/2013,HUF,IN,AGL,CE,Combined TRACON& Tower with Radar,0,0,12,2,14,0,2,63,0,65,0,2,75,2,79,144,0,144,223
11/20/2013,HUF,IN,AGL,CE,Combined TRACON& Tower with Radar,0,0,25,0,25,0,0,93,1,94,0,0,118,1,119,122,0,122,241
11/21/2013,HUF,IN,AGL,CE,Combined TRACON& Tower with Radar,0,0,15,0,15,0,0,12,0,12,0,0,27,0,27,79,0,79,106
11/22/2013,HUF,IN,AGL,CE,Combined TRACON& Tower with Radar,2,0,9,0,11,0,0,3,0,3,2,0,12,0,14,6,0,6,20
11/23/2013,HUF,IN,AGL,CE,Combined TRACON& Tower with Radar,2,0,23,0,25,0,1,39,0,40,2,1,62,0,65,39,0,39,104
11/24/2013,HUF,IN,AGL,CE,Combined TRACON& Tower with Radar,0,0,12,0,12,0,1,37,0,38,0,1,49,0,50,68,0,68,118
11/25/2013,HUF,IN,AGL,CE,Combined TRACON& Tower with Radar,2,0,19,0,21,0,2,39,0,41,2,2,58,0,62,64,0,64,126
11/26/2013,HUF,IN,AGL,CE,Combined TRACON& Tower with Radar,0,0,15,13,28,0,0,21,0,21,0,0,36,13,49,32,26,58,107
11/27/2013,HUF,IN,AGL,CE,Combined TRACON& Tower with Radar,0,0,5,0,5,0,0,11,0,11,0,0,16,0,16,49,0,49,65
11/28/2013,HUF,IN,AGL,CE,Combined TRACON& Tower with Radar,6,0,1,0,7,0,0,8,0,8,6,0,9,0,15,4,0,4,19
11/29/2013,HUF,IN,AGL,CE,Combined TRACON& Tower with Radar,0,0,9,0,9,0,0,36,0,36,0,0,45,0,45,22,0,22,67
11/30/2013,HUF,IN,AGL,CE,Combined TRACON& Tower with Radar,0,0,6,0,6,0,0,38,0,38,0,0,44,0,44,7,0,7,51
12/01/2013,HUF,IN,AGL,CE,Combined TRACON& Tower with Radar,0,0,10,0,10,0,0,28,0,28,0,0,38,0,38,48,0,48,86
12/02/2013,HUF,IN,AGL,CE,Combined TRACON& Tower with Radar,0,7,18,2,27,0,0,46,0,46,0,7,64,2,73,64,0,64,137
12/03/2013,HUF,IN,AGL,CE,Combined TRACON& Tower with Radar,0,1,11,0,12,0,0,0,0,0,0,1,11,0,12,0,0,0,12
12/04/2013,HUF,IN,AGL,CE,Combined TRACON& Tower with Radar,0,1,27,0,28,0,0,9,0,9,0,1,36,0,37,30,0,30,67
12/05/2013,HUF,IN,AGL,CE,Combined TRACON& Tower with Radar,0,0,2,0,2,0,0,4,0,4,0,0,6,0,6,28,0,28,34
12/06/2013,HUF,IN,AGL,CE,Combined TRACON& Tower with Radar,0,0,0,2,2,0,0,2,0,2,0,0,2,2,4,0,0,0,4
12/07/2013,HUF,IN,AGL,CE,Combined TRACON& Tower with Radar,0,0,6,0,6,0,1,75,0,76,0,1,81,0,82,174,0,174,256
12/08/2013,HUF,IN,AGL,CE,Combined TRACON& Tower with Radar,0,0,2,0,2,0,0,3,0,3,0,0,5,0,5,12,0,12,17
12/09/2013,HUF,IN,AGL,CE,Combined TRACON& Tower with Radar,0,4,6,0,10,0,2,32,0,34,0,6,38,0,44,58,0,58,102
12/10/2013,HUF,IN,AGL,CE,Combined TRACON& Tower with Radar,0,4,13,5,22,0,0,47,1,48,0,4,60,6,70,94,0,94,164
12/11/2013,HUF,IN,AGL,CE,Combined TRACON& Tower with Radar,0,2,41,0,43,0,0,69,0,69,0,2,110,0,112,142,0,142,254
12/12/2013,HUF,IN,AGL,CE,Combined TRACON& Tower with Radar,0,0,28,2,30,0,2,80,0,82,0,2,108,2,112,140,0,140,252
12/13/2013,HUF,IN,AGL,CE,Combined TRACON& Tower with Radar,0,0,16,0,16,0,0,63,0,63,0,0,79,0,79,124,0,124,203
12/14/2013,HUF,IN,AGL,CE,Combined TRACON& Tower with Radar,0,0,0,0,0,0,0,0,0,0,0,0,0,0,0,0,0,0,0
12/15/2013,HUF,IN,AGL,CE,Combined TRACON& Tower with Radar,0,0,6,0,6,0,2,6,0,8,0,2,12,0,14,10,0,10,24
12/16/2013,HUF,IN,AGL,CE,Combined TRACON& Tower with Radar,0,0,9,0,9,0,0,0,0,0,0,0,9,0,9,0,0,0,9
12/17/2013,HUF,IN,AGL,CE,Combined TRACON& Tower with Radar,0,0,6,0,6,0,0,7,0,7,0,0,13,0,13,6,0,6,19
12/18/2013,HUF,IN,AGL,CE,Combined TRACON& Tower with Radar,0,4,21,0,25,0,5,35,0,40,0,9,56,0,65,104,0,104,169
12/19/2013,HUF,IN,AGL,CE,Combined TRACON& Tower with Radar,0,2,13,6,21,0,0,6,0,6,0,2,19,6,27,13,0,13,40
12/20/2013,HUF,IN,AGL,CE,Combined TRACON& Tower with Radar,0,2,13,5,20,0,1,0,0,1,0,3,13,5,21,12,0,12,33
12/21/2013,HUF,IN,AGL,CE,Combined TRACON& Tower with Radar,0,0,0,0,0,0,0,0,0,0,0,0,0,0,0,0,0,0,0
12/22/2013,HUF,IN,AGL,CE,Combined TRACON& Tower with Radar,0,0,2,0,2,0,1,1,0,2,0,1,3,0,4,0,0,0,4
12/23/2013,HUF,IN,AGL,CE,Combined TRACON& Tower with Radar,0,0,5,0,5,0,0,10,0,10,0,0,15,0,15,0,0,0,15
12/24/2013,HUF,IN,AGL,CE,Combined TRACON& Tower with Radar,0,0,3,0,3,0,1,16,0,17,0,1,19,0,20,4,0,4,24
12/25/2013,HUF,IN,AGL,CE,Combined TRACON& Tower with Radar,0,0,0,0,0,0,0,1,0,1,0,0,1,0,1,0,0,0,1
12/26/2013,HUF,IN,AGL,CE,Combined TRACON& Tower with Radar,0,0,12,0,12,0,0,13,0,13,0,0,25,0,25,10,0,10,35
12/27/2013,HUF,IN,AGL,CE,Combined TRACON& Tower with Radar,0,0,8,0,8,0,2,24,0,26,0,2,32,0,34,24,0,24,58
12/28/2013,HUF,IN,AGL,CE,Combined TRACON& Tower with Radar,0,4,9,0,13,0,2,23,0,25,0,6,32,0,38,37,0,37,75
12/29/2013,HUF,IN,AGL,CE,Combined TRACON& Tower with Radar,0,0,1,0,1,0,1,3,0,4,0,1,4,0,5,0,0,0,5
12/30/2013,HUF,IN,AGL,CE,Combined TRACON& Tower with Radar,0,0,10,0,10,0,4,12,0,16,0,4,22,0,26,0,0,0,26
12/31/2013,HUF,IN,AGL,CE,Combined TRACON& Tower with Radar,0,0,5,0,5,0,0,10,0,10,0,0,15,0,15,10,0,10,25
01/01/2014,HUF,IN,AGL,CE,Combined TRACON& Tower with Radar,0,0,5,0,5,0,0,4,0,4,0,0,9,0,9,0,0,0,9
01/02/2014,HUF,IN,AGL,CE,Combined TRACON& Tower with Radar,0,0,4,0,4,0,1,5,0,6,0,1,9,0,10,0,0,0,10
01/03/2014,HUF,IN,AGL,CE,Combined TRACON& Tower with Radar,0,0,13,0,13,0,1,32,0,33,0,1,45,0,46,86,0,86,132
01/04/2014,HUF,IN,AGL,CE,Combined TRACON& Tower with Radar,0,2,5,0,7,0,1,8,0,9,0,3,13,0,16,0,0,0,16
01/05/2014,HUF,IN,AGL,CE,Combined TRACON& Tower with Radar,0,0,0,0,0,0,0,0,0,0,0,0,0,0,0,0,0,0,0
01/06/2014,HUF,IN,AGL,CE,Combined TRACON& Tower with Radar,0,0,0,0,0,0,0,0,0,0,0,0,0,0,0,0,0,0,0
01/07/2014,HUF,IN,AGL,CE,Combined TRACON& Tower with Radar,0,3,1,0,4,0,0,6,0,6,0,3,7,0,10,4,0,4,14
01/08/2014,HUF,IN,AGL,CE,Combined TRACON& Tower with Radar,0,0,1,0,1,0,0,6,0,6,0,0,7,0,7,7,0,7,14
01/09/2014,HUF,IN,AGL,CE,Combined TRACON& Tower with Radar,1,2,4,0,7,0,0,4,0,4,1,2,8,0,11,10,0,10,21
01/10/2014,HUF,IN,AGL,CE,Combined TRACON& Tower with Radar,0,1,10,0,11,0,0,2,0,2,0,1,12,0,13,14,0,14,27
01/11/2014,HUF,IN,AGL,CE,Combined TRACON& Tower with Radar,0,0,1,0,1,0,1,0,0,1,0,1,1,0,2,2,0,2,4
01/12/2014,HUF,IN,AGL,CE,Combined TRACON& Tower with Radar,0,0,19,0,19,0,4,65,0,69,0,4,84,0,88,96,0,96,184
01/13/2014,HUF,IN,AGL,CE,Combined TRACON& Tower with Radar,0,0,12,4,16,0,19,62,0,81,0,19,74,4,97,144,0,144,241
01/14/2014,HUF,IN,AGL,CE,Combined TRACON& Tower with Radar,0,1,16,0,17,0,2,45,0,47,0,3,61,0,64,100,0,100,164
01/15/2014,HUF,IN,AGL,CE,Combined TRACON& Tower with Radar,0,1,8,2,11,0,3,13,0,16,0,4,21,2,27,132,0,132,159
01/16/2014,HUF,IN,AGL,CE,Combined TRACON& Tower with Radar,0,0,11,0,11,0,1,17,0,18,0,1,28,0,29,44,0,44,73
01/17/2014,HUF,IN,AGL,CE,Combined TRACON& Tower with Radar,0,2,6,0,8,0,0,18,0,18,0,2,24,0,26,114,0,114,140
01/18/2014,HUF,IN,AGL,CE,Combined TRACON& Tower with Radar,0,2,16,0,18,0,0,16,0,16,0,2,32,0,34,42,0,42,76
01/19/2014,HUF,IN,AGL,CE,Combined TRACON& Tower with Radar,0,0,3,0,3,0,0,26,0,26,0,0,29,0,29,10,0,10,39
01/20/2014,HUF,IN,AGL,CE,Combined TRACON& Tower with Radar,0,0,11,0,11,0,0,16,0,16,0,0,27,0,27,24,0,24,51
01/21/2014,HUF,IN,AGL,CE,Combined TRACON& Tower with Radar,0,0,17,0,17,0,0,53,0,53,0,0,70,0,70,106,0,106,176
01/22/2014,HUF,IN,AGL,CE,Combined TRACON& Tower with Radar,0,0,16,0,16,0,0,15,0,15,0,0,31,0,31,16,0,16,47
01/23/2014,HUF,IN,AGL,CE,Combined TRACON& Tower with Radar,0,2,5,0,7,0,1,17,0,18,0,3,22,0,25,46,0,46,71
01/24/2014,HUF,IN,AGL,CE,Combined TRACON& Tower with Radar,0,0,3,1,4,0,0,9,1,10,0,0,12,2,14,2,0,2,16
01/25/2014,HUF,IN,AGL,CE,Combined TRACON& Tower with Radar,0,0,4,0,4,0,0,1,0,1,0,0,5,0,5,0,0,0,5
01/26/2014,HUF,IN,AGL,CE,Combined TRACON& Tower with Radar,0,0,3,0,3,0,0,14,0,14,0,0,17,0,17,36,0,36,53
01/27/2014,HUF,IN,AGL,CE,Combined TRACON& Tower with Radar,0,2,12,0,14,0,4,43,0,47,0,6,55,0,61,91,0,91,152
01/28/2014,HUF,IN,AGL,CE,Combined TRACON& Tower with Radar,0,1,25,0,26,0,0,33,2,35,0,1,58,2,61,74,0,74,135
01/29/2014,HUF,IN,AGL,CE,Combined TRACON& Tower with Radar,0,5,12,0,17,0,1,54,2,57,0,6,66,2,74,138,6,144,218
01/30/2014,HUF,IN,AGL,CE,Combined TRACON& Tower with Radar,0,0,6,2,8,0,0,13,2,15,0,0,19,4,23,26,0,26,49
01/31/2014,HUF,IN,AGL,CE,Combined TRACON& Tower with Radar,0,4,13,4,21,0,1,56,4,61,0,5,69,8,82,250,6,256,338
02/01/2014,HUF,IN,AGL,CE,Combined TRACON& Tower with Radar,0,0,0,0,0,0,0,0,0,0,0,0,0,0,0,0,0,0,0
02/02/2014,HUF,IN,AGL,CE,Combined TRACON& Tower with Radar,0,3,4,0,7,0,4,8,0,12,0,7,12,0,19,56,0,56,75
02/03/2014,HUF,IN,AGL,CE,Combined TRACON& Tower with Radar,0,0,31,1,32,0,3,85,0,88,0,3,116,1,120,274,0,274,394
02/04/2014,HUF,IN,AGL,CE,Combined TRACON& Tower with Radar,0,0,16,0,16,0,4,27,0,31,0,4,43,0,47,104,0,104,151
02/05/2014,HUF,IN,AGL,CE,Combined TRACON& Tower with Radar,0,3,4,0,7,0,2,5,0,7,0,5,9,0,14,0,0,0,14
02/06/2014,HUF,IN,AGL,CE,Combined TRACON& Tower with Radar,0,1,24,0,25,0,0,59,0,59,0,1,83,0,84,100,0,100,184
02/07/2014,HUF,IN,AGL,CE,Combined TRACON& Tower with Radar,0,0,24,0,24,0,5,79,1,85,0,5,103,1,109,130,0,130,239
02/08/2014,HUF,IN,AGL,CE,Combined TRACON& Tower with Radar,0,1,0,1,2,0,2,0,1,3,0,3,0,2,5,0,0,0,5
02/09/2014,HUF,IN,AGL,CE,Combined TRACON& Tower with Radar,0,1,1,0,2,0,1,7,0,8,0,2,8,0,10,0,0,0,10
02/10/2014,HUF,IN,AGL,CE,Combined TRACON& Tower with Radar,0,0,18,0,18,0,2,69,0,71,0,2,87,0,89,102,0,102,191
02/11/2014,HUF,IN,AGL,CE,Combined TRACON& Tower with Radar,0,4,15,0,19,0,1,55,0,56,0,5,70,0,75,126,0,126,201
02/12/2014,HUF,IN,AGL,CE,Combined TRACON& Tower with Radar,0,0,35,0,35,0,3,84,0,87,0,3,119,0,122,191,0,191,313
02/13/2014,HUF,IN,AGL,CE,Combined TRACON& Tower with Radar,0,6,17,0,23,0,6,116,0,122,0,12,133,0,145,185,0,185,330
02/14/2014,HUF,IN,AGL,CE,Combined TRACON& Tower with Radar,0,0,9,0,9,0,0,6,1,7,0,0,15,1,16,32,4,36,52
02/15/2014,HUF,IN,AGL,CE,Combined TRACON& Tower with Radar,0,1,4,0,5,0,2,15,1,18,0,3,19,1,23,32,0,32,55
02/16/2014,HUF,IN,AGL,CE,Combined TRACON& Tower with Radar,0,1,2,0,3,0,0,6,0,6,0,1,8,0,9,22,0,22,31
02/17/2014,HUF,IN,AGL,CE,Combined TRACON& Tower with Radar,0,0,2,0,2,0,0,9,0,9,0,0,11,0,11,28,0,28,39
02/18/2014,HUF,IN,AGL,CE,Combined TRACON& Tower with Radar,0,0,43,1,44,1,1,82,0,84,1,1,125,1,128,190,0,190,318
02/19/2014,HUF,IN,AGL,CE,Combined TRACON& Tower with Radar,0,2,34,0,36,0,1,105,0,106,0,3,139,0,142,203,0,203,345
02/20/2014,HUF,IN,AGL,CE,Combined TRACON& Tower with Radar,0,2,8,0,10,0,0,9,0,9,0,2,17,0,19,22,0,22,41
02/21/2014,HUF,IN,AGL,CE,Combined TRACON& Tower with Radar,0,6,23,8,37,0,0,30,0,30,0,6,53,8,67,26,0,26,93
02/22/2014,HUF,IN,AGL,CE,Combined TRACON& Tower with Radar,0,2,15,0,17,0,0,89,0,89,0,2,104,0,106,154,0,154,260
02/23/2014,HUF,IN,AGL,CE,Combined TRACON& Tower with Radar,0,0,5,0,5,0,0,48,0,48,0,0,53,0,53,44,0,44,97
02/24/2014,HUF,IN,AGL,CE,Combined TRACON& Tower with Radar,0,1,16,0,17,0,0,72,0,72,0,1,88,0,89,126,0,126,215
02/25/2014,HUF,IN,AGL,CE,Combined TRACON& Tower with Radar,0,1,25,0,26,0,7,35,0,42,0,8,60,0,68,224,0,224,292
02/26/2014,HUF,IN,AGL,CE,Combined TRACON& Tower with Radar,0,0,31,0,31,0,2,76,0,78,0,2,107,0,109,92,0,92,201
02/27/2014,HUF,IN,AGL,CE,Combined TRACON& Tower with Radar,0,0,15,0,15,0,1,39,0,40,0,1,54,0,55,54,0,54,109
02/28/2014,HUF,IN,AGL,CE,Combined TRACON& Tower with Radar,0,1,29,0,30,0,2,79,0,81,0,3,108,0,111,148,0,148,259
03/01/2014,HUF,IN,AGL,CE,Combined TRACON& Tower with Radar,0,1,3,0,4,0,0,26,0,26,0,1,29,0,30,72,0,72,102
03/02/2014,HUF,IN,AGL,CE,Combined TRACON& Tower with Radar,0,0,0,0,0,0,6,0,0,6,0,6,0,0,6,0,0,0,6
03/03/2014,HUF,IN,AGL,CE,Combined TRACON& Tower with Radar,0,2,14,0,16,0,8,15,0,23,0,10,29,0,39,57,0,57,96
03/04/2014,HUF,IN,AGL,CE,Combined TRACON& Tower with Radar,0,0,26,0,26,0,12,79,0,91,0,12,105,0,117,120,0,120,237
03/05/2014,HUF,IN,AGL,CE,Combined TRACON& Tower with Radar,0,0,29,0,29,0,0,46,0,46,0,0,75,0,75,102,0,102,177
03/06/2014,HUF,IN,AGL,CE,Combined TRACON& Tower with Radar,0,2,16,0,18,0,0,82,1,83,0,2,98,1,101,158,0,158,259
03/07/2014,HUF,IN,AGL,CE,Combined TRACON& Tower with Radar,0,1,19,1,21,0,3,73,0,76,0,4,92,1,97,116,0,116,213
03/08/2014,HUF,IN,AGL,CE,Combined TRACON& Tower with Radar,0,0,5,0,5,0,1,3,0,4,0,1,8,0,9,0,0,0,9
03/09/2014,HUF,IN,AGL,CE,Combined TRACON& Tower with Radar,0,0,8,0,8,0,4,23,0,27,0,4,31,0,35,14,0,14,49
03/10/2014,HUF,IN,AGL,CE,Combined TRACON& Tower with Radar,0,0,22,13,35,0,1,36,1,38,0,1,58,14,73,103,18,121,194
03/11/2014,HUF,IN,AGL,CE,Combined TRACON& Tower with Radar,0,2,21,0,23,0,0,40,0,40,0,2,61,0,63,126,0,126,189
03/12/2014,HUF,IN,AGL,CE,Combined TRACON& Tower with Radar,0,4,3,0,7,0,0,2,0,2,0,4,5,0,9,0,0,0,9
03/13/2014,HUF,IN,AGL,CE,Combined TRACON& Tower with Radar,0,2,8,0,10,0,1,40,0,41,0,3,48,0,51,78,0,78,129
03/14/2014,HUF,IN,AGL,CE,Combined TRACON& Tower with Radar,0,0,10,2,12,0,1,29,0,30,0,1,39,2,42,18,0,18,60
03/15/2014,HUF,IN,AGL,CE,Combined TRACON& Tower with Radar,0,0,10,0,10,0,1,37,0,38,0,1,47,0,48,24,0,24,72
03/16/2014,HUF,IN,AGL,CE,Combined TRACON& Tower with Radar,0,0,2,0,2,0,0,2,2,4,0,0,4,2,6,0,0,0,6
03/17/2014,HUF,IN,AGL,CE,Combined TRACON& Tower with Radar,0,0,19,4,23,0,0,54,0,54,0,0,73,4,77,174,0,174,251
03/18/2014,HUF,IN,AGL,CE,Combined TRACON& Tower with Radar,0,3,24,18,45,0,0,55,3,58,0,3,79,21,103,90,18,108,211
03/19/2014,HUF,IN,AGL,CE,Combined TRACON& Tower with Radar,0,6,12,0,18,0,0,5,0,5,0,6,17,0,23,2,0,2,25
03/20/2014,HUF,IN,AGL,CE,Combined TRACON& Tower with Radar,0,0,22,0,22,0,2,75,1,78,0,2,97,1,100,182,0,182,282
03/21/2014,HUF,IN,AGL,CE,Combined TRACON& Tower with Radar,0,0,32,0,32,0,4,95,2,101,0,4,127,2,133,139,0,139,272
03/22/2014,HUF,IN,AGL,CE,Combined TRACON& Tower with Radar,0,0,30,0,30,0,2,61,0,63,0,2,91,0,93,92,0,92,185
03/23/2014,HUF,IN,AGL,CE,Combined TRACON& Tower with Radar,0,0,14,0,14,0,2,46,0,48,0,2,60,0,62,36,0,36,98
03/24/2014,HUF,IN,AGL,CE,Combined TRACON& Tower with Radar,0,0,22,0,22,0,3,56,0,59,0,3,78,0,81,104,0,104,185
03/25/2014,HUF,IN,AGL,CE,Combined TRACON& Tower with Radar,0,0,19,2,21,0,3,24,0,27,0,3,43,2,48,20,2,22,70
03/26/2014,HUF,IN,AGL,CE,Combined TRACON& Tower with Radar,0,0,29,2,31,0,0,94,3,97,0,0,123,5,128,186,8,194,322
03/27/2014,HUF,IN,AGL,CE,Combined TRACON& Tower with Radar,0,0,3,0,3,1,3,5,0,9,1,3,8,0,12,38,0,38,50
03/28/2014,HUF,IN,AGL,CE,Combined TRACON& Tower with Radar,0,0,17,0,17,0,1,28,0,29,0,1,45,0,46,78,0,78,124
03/29/2014,HUF,IN,AGL,CE,Combined TRACON& Tower with Radar,0,0,3,0,3,0,0,1,1,2,0,0,4,1,5,0,0,0,5
03/30/2014,HUF,IN,AGL,CE,Combined TRACON& Tower with Radar,0,0,19,0,19,0,3,60,1,64,0,3,79,1,83,26,0,26,109
03/31/2014,HUF,IN,AGL,CE,Combined TRACON& Tower with Radar,0,2,21,0,23,0,4,68,0,72,0,6,89,0,95,144,0,144,239
04/01/2014,HUF,IN,AGL,CE,Combined TRACON& Tower with Radar,0,0,19,0,19,1,1,58,0,60,1,1,77,0,79,72,0,72,151
04/02/2014,HUF,IN,AGL,CE,Combined TRACON& Tower with Radar,0,2,11,0,13,0,0,19,0,19,0,2,30,0,32,64,0,64,96
04/03/2014,HUF,IN,AGL,CE,Combined TRACON& Tower with Radar,0,2,4,0,6,0,1,1,0,2,0,3,5,0,8,0,0,0,8
04/04/2014,HUF,IN,AGL,CE,Combined TRACON& Tower with Radar,0,0,6,6,12,0,1,4,0,5,0,1,10,6,17,8,0,8,25
04/05/2014,HUF,IN,AGL,CE,Combined TRACON& Tower with Radar,0,0,15,3,18,0,0,82,0,82,0,0,97,3,100,156,0,156,256
04/06/2014,HUF,IN,AGL,CE,Combined TRACON& Tower with Radar,0,0,15,0,15,0,1,43,0,44,0,1,58,0,59,88,0,88,147
04/07/2014,HUF,IN,AGL,CE,Combined TRACON& Tower with Radar,0,0,16,0,16,0,0,16,0,16,0,0,32,0,32,30,0,30,62
04/08/2014,HUF,IN,AGL,CE,Combined TRACON& Tower with Radar,0,0,38,4,42,0,2,83,0,85,0,2,121,4,127,208,0,208,335
04/09/2014,HUF,IN,AGL,CE,Combined TRACON& Tower with Radar,0,2,35,0,37,0,0,153,0,153,0,2,188,0,190,234,0,234,424
04/10/2014,HUF,IN,AGL,CE,Combined TRACON& Tower with Radar,0,0,12,2,14,0,0,15,0,15,0,0,27,2,29,55,0,55,84
04/11/2014,HUF,IN,AGL,CE,Combined TRACON& Tower with Radar,0,0,32,0,32,0,2,97,0,99,0,2,129,0,131,220,0,220,351
04/12/2014,HUF,IN,AGL,CE,Combined TRACON& Tower with Radar,0,0,6,0,6,0,1,48,0,49,0,1,54,0,55,40,0,40,95
04/13/2014,HUF,IN,AGL,CE,Combined TRACON& Tower with Radar,0,0,2,1,3,0,0,4,0,4,0,0,6,1,7,12,0,12,19
04/14/2014,HUF,IN,AGL,CE,Combined TRACON& Tower with Radar,0,0,20,1,21,0,0,0,0,0,0,0,20,1,21,0,0,0,21
04/15/2014,HUF,IN,AGL,CE,Combined TRACON& Tower with Radar,0,0,31,0,31,0,0,73,0,73,0,0,104,0,104,147,0,147,251
04/16/2014,HUF,IN,AGL,CE,Combined TRACON& Tower with Radar,0,0,41,0,41,0,0,95,2,97,0,0,136,2,138,172,6,178,316
04/17/2014,HUF,IN,AGL,CE,Combined TRACON& Tower with Radar,0,0,24,2,26,0,1,98,2,101,0,1,122,4,127,120,0,120,247
04/18/2014,HUF,IN,AGL,CE,Combined TRACON& Tower with Radar,0,0,26,0,26,0,3,104,0,107,0,3,130,0,133,160,0,160,293
04/19/2014,HUF,IN,AGL,CE,Combined TRACON& Tower with Radar,0,0,14,0,14,0,1,53,0,54,0,1,67,0,68,70,0,70,138
04/20/2014,HUF,IN,AGL,CE,Combined TRACON& Tower with Radar,0,0,6,0,6,0,3,15,0,18,0,3,21,0,24,12,0,12,36
04/21/2014,HUF,IN,AGL,CE,Combined TRACON& Tower with Radar,0,0,19,0,19,0,2,60,0,62,0,2,79,0,81,100,0,100,181
04/22/2014,HUF,IN,AGL,CE,Combined TRACON& Tower with Radar,0,0,27,0,27,0,1,59,1,61,0,1,86,1,88,88,0,88,176
04/23/2014,HUF,IN,AGL,CE,Combined TRACON& Tower with Radar,0,2,23,4,29,0,1,105,3,109,0,3,128,7,138,222,12,234,372
04/24/2014,HUF,IN,AGL,CE,Combined TRACON& Tower with Radar,0,0,23,0,23,0,2,73,0,75,0,2,96,0,98,112,0,112,210
04/25/2014,HUF,IN,AGL,CE,Combined TRACON& Tower with Radar,0,0,18,0,18,0,1,22,0,23,0,1,40,0,41,14,0,14,55
04/26/2014,HUF,IN,AGL,CE,Combined TRACON& Tower with Radar,0,0,8,0,8,0,4,126,1,131,0,4,134,1,139,84,0,84,223
04/27/2014,HUF,IN,AGL,CE,Combined TRACON& Tower with Radar,0,0,3,0,3,0,0,5,0,5,0,0,8,0,8,10,0,10,18
04/28/2014,HUF,IN,AGL,CE,Combined TRACON& Tower with Radar,0,0,7,0,7,0,0,4,0,4,0,0,11,0,11,6,0,6,17
04/29/2014,HUF,IN,AGL,CE,Combined TRACON& Tower with Radar,0,0,8,1,9,0,2,39,0,41,0,2,47,1,50,32,0,32,82
04/30/2014,HUF,IN,AGL,CE,Combined TRACON& Tower with Radar,0,2,41,14,57,0,1,37,0,38,0,3,78,14,95,130,14,144,239
05/01/2014,HUF,IN,AGL,CE,Combined TRACON& Tower with Radar,0,0,12,0,12,0,0,31,0,31,0,0,43,0,43,72,0,72,115
05/02/2014,HUF,IN,AGL,CE,Combined TRACON& Tower with Radar,0,2,13,1,16,0,1,37,0,38,0,3,50,1,54,82,0,82,136
05/03/2014,HUF,IN,AGL,CE,Combined TRACON& Tower with Radar,0,0,13,1,14,0,0,23,2,25,0,0,36,3,39,10,0,10,49
05/04/2014,HUF,IN,AGL,CE,Combined TRACON& Tower with Radar,0,0,15,2,17,0,2,46,0,48,0,2,61,2,65,19,0,19,84
05/05/2014,HUF,IN,AGL,CE,Combined TRACON& Tower with Radar,0,0,15,0,15,0,1,57,0,58,0,1,72,0,73,62,0,62,135
05/06/2014,HUF,IN,AGL,CE,Combined TRACON& Tower with Radar,0,0,12,2,14,0,1,51,0,52,0,1,63,2,66,70,0,70,136
05/07/2014,HUF,IN,AGL,CE,Combined TRACON& Tower with Radar,0,0,8,2,10,0,0,50,0,50,0,0,58,2,60,44,0,44,104
05/08/2014,HUF,IN,AGL,CE,Combined TRACON& Tower with Radar,0,0,13,0,13,0,0,30,0,30,0,0,43,0,43,54,0,54,97
05/09/2014,HUF,IN,AGL,CE,Combined TRACON& Tower with Radar,0,0,10,1,11,0,0,8,0,8,0,0,18,1,19,18,0,18,37
05/10/2014,HUF,IN,AGL,CE,Combined TRACON& Tower with Radar,0,0,6,1,7,0,0,45,0,45,0,0,51,1,52,8,0,8,60
05/11/2014,HUF,IN,AGL,CE,Combined TRACON& Tower with Radar,0,0,4,0,4,0,0,4,0,4,0,0,8,0,8,24,0,24,32
05/12/2014,HUF,IN,AGL,CE,Combined TRACON& Tower with Radar,0,0,28,0,28,0,14,29,0,43,0,14,57,0,71,116,0,116,187
05/13/2014,HUF,IN,AGL,CE,Combined TRACON& Tower with Radar,0,0,14,0,14,0,0,3,2,5,0,0,17,2,19,12,0,12,31
05/14/2014,HUF,IN,AGL,CE,Combined TRACON& Tower with Radar,0,0,8,1,9,0,0,1,0,1,0,0,9,1,10,0,0,0,10
05/15/2014,HUF,IN,AGL,CE,Combined TRACON& Tower with Radar,0,4,18,1,23,0,0,10,0,10,0,4,28,1,33,62,0,62,95
05/16/2014,HUF,IN,AGL,CE,Combined TRACON& Tower with Radar,0,1,20,1,22,0,1,13,3,17,0,2,33,4,39,26,10,36,75
05/17/2014,HUF,IN,AGL,CE,Combined TRACON& Tower with Radar,0,0,10,2,12,0,1,21,0,22,0,1,31,2,34,56,0,56,90
05/18/2014,HUF,IN,AGL,CE,Combined TRACON& Tower with Radar,0,0,17,0,17,0,1,56,0,57,0,1,73,0,74,34,0,34,108
05/19/2014,HUF,IN,AGL,CE,Combined TRACON& Tower with Radar,0,0,30,1,31,0,2,87,1,90,0,2,117,2,121,98,8,106,227
05/20/2014,HUF,IN,AGL,CE,Combined TRACON& Tower with Radar,0,0,18,2,20,0,0,64,0,64,0,0,82,2,84,74,0,74,158
05/21/2014,HUF,IN,AGL,CE,Combined TRACON& Tower with Radar,0,2,17,2,21,0,0,45,0,45,0,2,62,2,66,90,0,90,156
05/22/2014,HUF,IN,AGL,CE,Combined TRACON& Tower with Radar,0,2,19,2,23,0,0,68,1,69,0,2,87,3,92,191,8,199,291
05/23/2014,HUF,IN,AGL,CE,Combined TRACON& Tower with Radar,0,3,15,0,18,0,0,82,0,82,0,3,97,0,100,250,0,250,350
05/24/2014,HUF,IN,AGL,CE,Combined TRACON& Tower with Radar,0,2,4,0,6,0,4,24,1,29,0,6,28,1,35,22,0,22,57
05/25/2014,HUF,IN,AGL,CE,Combined TRACON& Tower with Radar,0,1,6,0,7,1,0,20,0,21,1,1,26,0,28,37,0,37,65
05/26/2014,HUF,IN,AGL,CE,Combined TRACON& Tower with Radar,0,0,5,0,5,0,2,13,0,15,0,2,18,0,20,8,0,8,28
05/27/2014,HUF,IN,AGL,CE,Combined TRACON& Tower with Radar,0,4,28,0,32,0,3,75,1,79,0,7,103,1,111,136,0,136,247
05/28/2014,HUF,IN,AGL,CE,Combined TRACON& Tower with Radar,0,3,21,1,25,0,1,55,1,57,0,4,76,2,82,66,4,70,152
05/29/2014,HUF,IN,AGL,CE,Combined TRACON& Tower with Radar,2,7,9,1,19,0,0,23,0,23,2,7,32,1,42,54,0,54,96
05/30/2014,HUF,IN,AGL,CE,Combined TRACON& Tower with Radar,0,2,28,16,46,0,10,87,3,100,0,12,115,19,146,112,24,136,282
05/31/2014,HUF,IN,AGL,CE,Combined TRACON& Tower with Radar,1,0,18,14,33,0,2,48,0,50,1,2,66,14,83,56,0,56,139
06/01/2014,HUF,IN,AGL,CE,Combined TRACON& Tower with Radar,0,3,18,0,21,0,3,43,0,46,0,6,61,0,67,60,0,60,127
06/02/2014,HUF,IN,AGL,CE,Combined TRACON& Tower with Radar,0,2,10,0,12,0,1,9,0,10,0,3,19,0,22,46,0,46,68
06/03/2014,HUF,IN,AGL,CE,Combined TRACON& Tower with Radar,1,3,26,0,30,0,0,41,1,42,1,3,67,1,72,93,0,93,165
06/04/2014,HUF,IN,AGL,CE,Combined TRACON& Tower with Radar,0,3,16,0,19,0,0,4,0,4,0,3,20,0,23,8,0,8,31
06/05/2014,HUF,IN,AGL,CE,Combined TRACON& Tower with Radar,0,3,38,0,41,0,0,108,0,108,0,3,146,0,149,194,0,194,343
06/06/2014,HUF,IN,AGL,CE,Combined TRACON& Tower with Radar,0,1,15,2,18,0,11,83,6,100,0,12,98,8,118,223,6,229,347
06/07/2014,HUF,IN,AGL,CE,Combined TRACON& Tower with Radar,0,3,18,2,23,0,6,35,0,41,0,9,53,2,64,78,0,78,142
06/08/2014,HUF,IN,AGL,CE,Combined TRACON& Tower with Radar,0,0,18,0,18,0,3,6,0,9,0,3,24,0,27,6,0,6,33
06/09/2014,HUF,IN,AGL,CE,Combined TRACON& Tower with Radar,0,0,23,14,37,0,1,73,5,79,0,1,96,19,116,122,10,132,248
06/10/2014,HUF,IN,AGL,CE,Combined TRACON& Tower with Radar,0,0,16,4,20,0,0,2,0,2,0,0,18,4,22,18,0,18,40
06/11/2014,HUF,IN,AGL,CE,Combined TRACON& Tower with Radar,0,0,21,0,21,0,1,5,0,6,0,1,26,0,27,26,0,26,53
06/12/2014,HUF,IN,AGL,CE,Combined TRACON& Tower with Radar,0,2,29,0,31,0,2,39,0,41,0,4,68,0,72,94,0,94,166
06/13/2014,HUF,IN,AGL,CE,Combined TRACON& Tower with Radar,0,0,34,0,34,0,0,83,0,83,0,0,117,0,117,106,0,106,223
06/14/2014,HUF,IN,AGL,CE,Combined TRACON& Tower with Radar,0,1,28,0,29,0,0,66,0,66,0,1,94,0,95,22,0,22,117
06/15/2014,HUF,IN,AGL,CE,Combined TRACON& Tower with Radar,0,1,12,0,13,0,1,18,0,19,0,2,30,0,32,46,0,46,78
06/16/2014,HUF,IN,AGL,CE,Combined TRACON& Tower with Radar,0,4,15,0,19,0,0,24,0,24,0,4,39,0,43,60,0,60,103
06/17/2014,HUF,IN,AGL,CE,Combined TRACON& Tower with Radar,0,0,22,2,24,0,2,50,2,54,0,2,72,4,78,38,0,38,116
06/18/2014,HUF,IN,AGL,CE,Combined TRACON& Tower with Radar,0,6,18,0,24,0,5,39,0,44,0,11,57,0,68,56,0,56,124
06/19/2014,HUF,IN,AGL,CE,Combined TRACON& Tower with Radar,0,0,15,0,15,0,0,44,6,50,0,0,59,6,65,76,0,76,141
06/20/2014,HUF,IN,AGL,CE,Combined TRACON& Tower with Radar,0,0,8,0,8,0,3,40,0,43,0,3,48,0,51,92,0,92,143
06/21/2014,HUF,IN,AGL,CE,Combined TRACON& Tower with Radar,0,0,11,0,11,0,1,48,0,49,0,1,59,0,60,90,0,90,150
06/22/2014,HUF,IN,AGL,CE,Combined TRACON& Tower with Radar,0,0,6,0,6,0,0,24,6,30,0,0,30,6,36,16,0,16,52
06/23/2014,HUF,IN,AGL,CE,Combined TRACON& Tower with Radar,0,0,17,0,17,0,6,43,4,53,0,6,60,4,70,44,0,44,114
06/24/2014,HUF,IN,AGL,CE,Combined TRACON& Tower with Radar,0,2,10,0,12,0,1,1,0,2,0,3,11,0,14,0,0,0,14
06/25/2014,HUF,IN,AGL,CE,Combined TRACON& Tower with Radar,0,2,20,14,36,0,1,77,0,78,0,3,97,14,114,79,22,101,215
06/26/2014,HUF,IN,AGL,CE,Combined TRACON& Tower with Radar,0,0,13,0,13,0,2,62,3,67,0,2,75,3,80,166,2,168,248
06/27/2014,HUF,IN,AGL,CE,Combined TRACON& Tower with Radar,0,0,18,0,18,0,4,70,0,74,0,4,88,0,92,114,0,114,206
06/28/2014,HUF,IN,AGL,CE,Combined TRACON& Tower with Radar,0,0,6,8,14,0,1,15,0,16,0,1,21,8,30,20,6,26,56
06/29/2014,HUF,IN,AGL,CE,Combined TRACON& Tower with Radar,0,2,3,0,5,0,0,9,0,9,0,2,12,0,14,26,0,26,40
06/30/2014,HUF,IN,AGL,CE,Combined TRACON& Tower with Radar,0,2,8,0,10,0,1,11,0,12,0,3,19,0,22,0,0,0,22
07/01/2014,HUF,IN,AGL,CE,Combined TRACON& Tower with Radar,0,2,15,2,19,0,3,49,4,56,0,5,64,6,75,114,0,114,189
07/02/2014,HUF,IN,AGL,CE,Combined TRACON& Tower with Radar,0,3,26,0,29,0,1,67,0,68,0,4,93,0,97,70,0,70,167
07/03/2014,HUF,IN,AGL,CE,Combined TRACON& Tower with Radar,0,0,39,0,39,0,1,21,1,23,0,1,60,1,62,24,0,24,86
07/04/2014,HUF,IN,AGL,CE,Combined TRACON& Tower with Radar,0,0,14,0,14,0,2,32,0,34,0,2,46,0,48,6,0,6,54
07/05/2014,HUF,IN,AGL,CE,Combined TRACON& Tower with Radar,0,2,9,0,11,0,1,37,0,38,0,3,46,0,49,48,0,48,97
07/06/2014,HUF,IN,AGL,CE,Combined TRACON& Tower with Radar,0,0,21,0,21,0,4,33,0,37,0,4,54,0,58,44,0,44,102
07/07/2014,HUF,IN,AGL,CE,Combined TRACON& Tower with Radar,0,0,17,0,17,0,0,17,0,17,0,0,34,0,34,46,0,46,80
07/08/2014,HUF,IN,AGL,CE,Combined TRACON& Tower with Radar,0,0,21,3,24,0,0,30,0,30,0,0,51,3,54,70,0,70,124
07/09/2014,HUF,IN,AGL,CE,Combined TRACON& Tower with Radar,0,0,36,0,36,0,3,53,1,57,0,3,89,1,93,86,0,86,179
07/10/2014,HUF,IN,AGL,CE,Combined TRACON& Tower with Radar,0,0,35,1,36,0,3,95,2,100,0,3,130,3,136,122,0,122,258
07/11/2014,HUF,IN,AGL,CE,Combined TRACON& Tower with Radar,0,0,28,0,28,0,0,86,1,87,0,0,114,1,115,134,0,134,249
07/12/2014,HUF,IN,AGL,CE,Combined TRACON& Tower with Radar,0,0,5,0,5,0,0,12,0,12,0,0,17,0,17,0,0,0,17
07/13/2014,HUF,IN,AGL,CE,Combined TRACON& Tower with Radar,0,0,8,2,10,0,0,8,0,8,0,0,16,2,18,2,0,2,20
07/14/2014,HUF,IN,AGL,CE,Combined TRACON& Tower with Radar,0,4,13,0,17,0,2,14,0,16,0,6,27,0,33,38,0,38,71
07/15/2014,HUF,IN,AGL,CE,Combined TRACON& Tower with Radar,0,0,43,0,43,0,0,76,2,78,0,0,119,2,121,88,0,88,209
07/16/2014,HUF,IN,AGL,CE,Combined TRACON& Tower with Radar,0,0,26,8,34,0,3,71,0,74,0,3,97,8,108,120,0,120,228
07/17/2014,HUF,IN,AGL,CE,Combined TRACON& Tower with Radar,0,0,41,0,41,0,1,75,0,76,0,1,116,0,117,136,0,136,253
07/18/2014,HUF,IN,AGL,CE,Combined TRACON& Tower with Radar,0,2,10,14,26,0,1,56,6,63,0,3,66,20,89,79,4,83,172
07/19/2014,HUF,IN,AGL,CE,Combined TRACON& Tower with Radar,0,1,16,0,17,0,0,62,0,62,0,1,78,0,79,54,0,54,133
07/20/2014,HUF,IN,AGL,CE,Combined TRACON& Tower with Radar,0,0,18,2,20,0,5,23,0,28,0,5,41,2,48,18,2,20,68
07/21/2014,HUF,IN,AGL,CE,Combined TRACON& Tower with Radar,0,0,16,0,16,0,5,47,0,52,0,5,63,0,68,84,0,84,152
07/22/2014,HUF,IN,AGL,CE,Combined TRACON& Tower with Radar,0,4,20,0,24,0,4,51,0,55,0,8,71,0,79,103,0,103,182
07/23/2014,HUF,IN,AGL,CE,Combined TRACON& Tower with Radar,0,0,19,0,19,0,0,14,0,14,0,0,33,0,33,16,0,16,49
07/24/2014,HUF,IN,AGL,CE,Combined TRACON& Tower with Radar,0,0,42,0,42,0,3,84,1,88,0,3,126,1,130,54,0,54,184
07/25/2014,HUF,IN,AGL,CE,Combined TRACON& Tower with Radar,0,2,12,4,18,0,1,55,0,56,0,3,67,4,74,66,0,66,140
07/26/2014,HUF,IN,AGL,CE,Combined TRACON& Tower with Radar,0,0,16,2,18,0,2,9,0,11,0,2,25,2,29,12,0,12,41
07/27/2014,HUF,IN,AGL,CE,Combined TRACON& Tower with Radar,0,0,14,0,14,0,0,8,0,8,0,0,22,0,22,0,0,0,22
07/28/2014,HUF,IN,AGL,CE,Combined TRACON& Tower with Radar,0,0,17,2,19,0,0,30,0,30,0,0,47,2,49,56,0,56,105
07/29/2014,HUF,IN,AGL,CE,Combined TRACON& Tower with Radar,0,2,15,15,32,0,0,53,0,53,0,2,68,15,85,52,26,78,163
07/30/2014,HUF,IN,AGL,CE,Combined TRACON& Tower with Radar,0,2,27,0,29,0,1,40,0,41,0,3,67,0,70,44,0,44,114
07/31/2014,HUF,IN,AGL,CE,Combined TRACON& Tower with Radar,0,0,22,2,24,0,2,34,6,42,0,2,56,8,66,28,0,28,94
08/01/2014,HUF,IN,AGL,CE,Combined TRACON& Tower with Radar,0,2,12,0,14,0,1,26,0,27,0,3,38,0,41,22,0,22,63
08/02/2014,HUF,IN,AGL,CE,Combined TRACON& Tower with Radar,0,0,2,0,2,0,0,21,0,21,0,0,23,0,23,26,0,26,49
08/03/2014,HUF,IN,AGL,CE,Combined TRACON& Tower with Radar,0,1,13,0,14,1,1,29,0,31,1,2,42,0,45,10,0,10,55
08/04/2014,HUF,IN,AGL,CE,Combined TRACON& Tower with Radar,0,0,16,6,22,0,5,39,0,44,0,5,55,6,66,32,4,36,102
08/05/2014,HUF,IN,AGL,CE,Combined TRACON& Tower with Radar,0,3,11,0,14,0,1,28,0,29,0,4,39,0,43,108,0,108,151
08/06/2014,HUF,IN,AGL,CE,Combined TRACON& Tower with Radar,0,0,22,0,22,0,1,22,0,23,0,1,44,0,45,16,0,16,61
08/07/2014,HUF,IN,AGL,CE,Combined TRACON& Tower with Radar,0,0,16,2,18,0,1,37,6,44,0,1,53,8,62,77,4,81,143
08/08/2014,HUF,IN,AGL,CE,Combined TRACON& Tower with Radar,0,0,23,0,23,0,0,4,0,4,0,0,27,0,27,10,0,10,37
08/09/2014,HUF,IN,AGL,CE,Combined TRACON& Tower with Radar,0,0,12,0,12,0,0,6,0,6,0,0,18,0,18,10,0,10,28
08/10/2014,HUF,IN,AGL,CE,Combined TRACON& Tower with Radar,0,0,12,2,14,0,0,3,0,3,0,0,15,2,17,8,0,8,25
08/11/2014,HUF,IN,AGL,CE,Combined TRACON& Tower with Radar,0,0,10,0,10,0,0,10,0,10,0,0,20,0,20,40,0,40,60
08/12/2014,HUF,IN,AGL,CE,Combined TRACON& Tower with Radar,0,2,42,6,50,0,2,29,0,31,0,4,71,6,81,56,6,62,143
08/13/2014,HUF,IN,AGL,CE,Combined TRACON& Tower with Radar,0,0,23,2,25,0,4,45,0,49,0,4,68,2,74,54,0,54,128
08/14/2014,HUF,IN,AGL,CE,Combined TRACON& Tower with Radar,0,0,45,0,45,0,0,67,0,67,0,0,112,0,112,84,0,84,196
08/15/2014,HUF,IN,AGL,CE,Combined TRACON& Tower with Radar,0,0,24,0,24,0,1,71,0,72,0,1,95,0,96,124,0,124,220
08/16/2014,HUF,IN,AGL,CE,Combined TRACON& Tower with Radar,0,2,18,0,20,0,0,21,0,21,0,2,39,0,41,18,0,18,59
08/17/2014,HUF,IN,AGL,CE,Combined TRACON& Tower with Radar,0,0,5,0,5,0,0,2,0,2,0,0,7,0,7,0,0,0,7
08/18/2014,HUF,IN,AGL,CE,Combined TRACON& Tower with Radar,0,1,27,0,28,0,1,30,0,31,0,2,57,0,59,76,0,76,135
08/19/2014,HUF,IN,AGL,CE,Combined TRACON& Tower with Radar,0,1,26,0,27,0,0,51,0,51,0,1,77,0,78,98,0,98,176
08/20/2014,HUF,IN,AGL,CE,Combined TRACON& Tower with Radar,0,4,20,2,26,0,0,24,4,28,0,4,44,6,54,42,0,42,96
08/21/2014,HUF,IN,AGL,CE,Combined TRACON& Tower with Radar,0,0,16,0,16,0,0,36,0,36,0,0,52,0,52,68,0,68,120
08/22/2014,HUF,IN,AGL,CE,Combined TRACON& Tower with Radar,0,0,8,6,14,0,0,19,4,23,0,0,27,10,37,60,6,66,103
08/23/2014,HUF,IN,AGL,CE,Combined TRACON& Tower with Radar,2,0,12,0,14,0,0,11,0,11,2,0,23,0,25,30,0,30,55
08/24/2014,HUF,IN,AGL,CE,Combined TRACON& Tower with Radar,0,0,15,7,22,0,0,23,0,23,0,0,38,7,45,14,16,30,75
08/25/2014,HUF,IN,AGL,CE,Combined TRACON& Tower with Radar,0,2,25,0,27,0,0,50,0,50,0,2,75,0,77,66,0,66,143
08/26/2014,HUF,IN,AGL,CE,Combined TRACON& Tower with Radar,0,0,19,4,23,0,0,33,4,37,0,0,52,8,60,20,0,20,80
08/27/2014,HUF,IN,AGL,CE,Combined TRACON& Tower with Radar,0,0,19,0,19,0,2,35,0,37,0,2,54,0,56,54,0,54,110
08/28/2014,HUF,IN,AGL,CE,Combined TRACON& Tower with Radar,0,0,39,0,39,0,3,81,0,84,0,3,120,0,123,58,0,58,181
08/29/2014,HUF,IN,AGL,CE,Combined TRACON& Tower with Radar,0,0,22,0,22,0,2,32,0,34,0,2,54,0,56,22,0,22,78
08/30/2014,HUF,IN,AGL,CE,Combined TRACON& Tower with Radar,0,0,3,0,3,0,1,10,0,11,0,1,13,0,14,2,0,2,16
08/31/2014,HUF,IN,AGL,CE,Combined TRACON& Tower with Radar,0,0,13,0,13,0,0,6,0,6,0,0,19,0,19,8,0,8,27
09/01/2014,HUF,IN,AGL,CE,Combined TRACON& Tower with Radar,0,0,20,0,20,0,0,17,0,17,0,0,37,0,37,6,0,6,43
09/02/2014,HUF,IN,AGL,CE,Combined TRACON& Tower with Radar,0,2,24,0,26,0,0,14,0,14,0,2,38,0,40,34,0,34,74
09/03/2014,HUF,IN,AGL,CE,Combined TRACON& Tower with Radar,0,0,17,0,17,0,1,50,0,51,0,1,67,0,68,28,0,28,96
09/04/2014,HUF,IN,AGL,CE,Combined TRACON& Tower with Radar,0,0,22,0,22,0,2,83,0,85,0,2,105,0,107,98,0,98,205
09/05/2014,HUF,IN,AGL,CE,Combined TRACON& Tower with Radar,0,0,17,6,23,0,2,49,0,51,0,2,66,6,74,74,8,82,156
09/06/2014,HUF,IN,AGL,CE,Combined TRACON& Tower with Radar,0,2,21,0,23,0,2,7,0,9,0,4,28,0,32,0,0,0,32
09/07/2014,HUF,IN,AGL,CE,Combined TRACON& Tower with Radar,0,0,12,0,12,0,1,51,0,52,0,1,63,0,64,62,0,62,126
09/08/2014,HUF,IN,AGL,CE,Combined TRACON& Tower with Radar,0,0,32,8,40,0,0,88,0,88,0,0,120,8,128,58,0,58,186
09/09/2014,HUF,IN,AGL,CE,Combined TRACON& Tower with Radar,0,2,17,0,19,0,0,52,0,52,0,2,69,0,71,51,0,51,122
09/10/2014,HUF,IN,AGL,CE,Combined TRACON& Tower with Radar,0,0,6,0,6,0,0,7,0,7,0,0,13,0,13,24,0,24,37
09/11/2014,HUF,IN,AGL,CE,Combined TRACON& Tower with Radar,0,0,39,4,43,0,3,9,0,12,0,3,48,4,55,80,2,82,137
09/12/2014,HUF,IN,AGL,CE,Combined TRACON& Tower with Radar,0,0,21,31,52,0,0,48,4,52,0,0,69,35,104,132,48,180,284
09/13/2014,HUF,IN,AGL,CE,Combined TRACON& Tower with Radar,0,1,13,0,14,0,0,72,0,72,0,1,85,0,86,42,2,44,130
09/14/2014,HUF,IN,AGL,CE,Combined TRACON& Tower with Radar,0,0,15,0,15,0,1,46,1,48,0,1,61,1,63,56,0,56,119
09/15/2014,HUF,IN,AGL,CE,Combined TRACON& Tower with Radar,0,0,15,16,31,0,0,38,0,38,0,0,53,16,69,32,30,62,131
09/16/2014,HUF,IN,AGL,CE,Combined TRACON& Tower with Radar,0,2,40,0,42,0,1,41,1,43,0,3,81,1,85,36,0,36,121
09/17/2014,HUF,IN,AGL,CE,Combined TRACON& Tower with Radar,0,3,38,18,59,0,14,67,5,86,0,17,105,23,145,98,0,98,243
09/18/2014,HUF,IN,AGL,CE,Combined TRACON& Tower with Radar,0,2,26,0,28,0,8,112,0,120,0,10,138,0,148,124,0,124,272
09/19/2014,HUF,IN,AGL,CE,Combined TRACON& Tower with Radar,0,0,12,2,14,0,0,95,0,95,0,0,107,2,109,76,10,86,195
09/20/2014,HUF,IN,AGL,CE,Combined TRACON& Tower with Radar,0,0,9,0,9,0,1,108,0,109,0,1,117,0,118,124,0,124,242
09/21/2014,HUF,IN,AGL,CE,Combined TRACON& Tower with Radar,0,0,2,0,2,0,0,19,0,19,0,0,21,0,21,4,0,4,25
09/22/2014,HUF,IN,AGL,CE,Combined TRACON& Tower with Radar,0,0,18,19,37,0,1,64,1,66,0,1,82,20,103,80,10,90,193
09/23/2014,HUF,IN,AGL,CE,Combined TRACON& Tower with Radar,0,0,10,0,10,0,0,86,6,92,0,0,96,6,102,132,0,132,234
09/24/2014,HUF,IN,AGL,CE,Combined TRACON& Tower with Radar,0,2,14,8,24,0,0,88,0,88,0,2,102,8,112,98,6,104,216
09/25/2014,HUF,IN,AGL,CE,Combined TRACON& Tower with Radar,0,0,16,0,16,0,0,88,0,88,0,0,104,0,104,194,0,194,298
09/26/2014,HUF,IN,AGL,CE,Combined TRACON& Tower with Radar,0,0,10,0,10,0,2,92,0,94,0,2,102,0,104,204,0,204,308
09/27/2014,HUF,IN,AGL,CE,Combined TRACON& Tower with Radar,1,3,12,0,16,0,2,110,0,112,1,5,122,0,128,76,0,76,204
09/28/2014,HUF,IN,AGL,CE,Combined TRACON& Tower with Radar,0,0,10,0,10,0,1,44,0,45,0,1,54,0,55,60,0,60,115
09/29/2014,HUF,IN,AGL,CE,Combined TRACON& Tower with Radar,0,0,37,0,37,0,2,111,0,113,0,2,148,0,150,118,0,118,268
09/30/2014,HUF,IN,AGL,CE,Combined TRACON& Tower with Radar,0,6,16,0,22,0,2,39,0,41,0,8,55,0,63,100,0,100,163
10/01/2014,HUF,IN,AGL,CE,Combined TRACON& Tower with Radar,0,0,18,0,18,0,1,88,0,89,0,1,106,0,107,194,0,194,301
10/02/2014,HUF,IN,AGL,CE,Combined TRACON& Tower with Radar,0,0,18,0,18,0,4,13,0,17,0,4,31,0,35,20,0,20,55
10/03/2014,HUF,IN,AGL,CE,Combined TRACON& Tower with Radar,1,3,24,0,28,0,0,20,0,20,1,3,44,0,48,30,0,30,78
10/04/2014,HUF,IN,AGL,CE,Combined TRACON& Tower with Radar,1,2,7,0,10,0,1,21,0,22,1,3,28,0,32,20,0,20,52
10/05/2014,HUF,IN,AGL,CE,Combined TRACON& Tower with Radar,0,1,8,0,9,0,1,24,0,25,0,2,32,0,34,20,0,20,54
10/06/2014,HUF,IN,AGL,CE,Combined TRACON& Tower with Radar,0,0,18,0,18,0,0,39,0,39,0,0,57,0,57,111,0,111,168
10/07/2014,HUF,IN,AGL,CE,Combined TRACON& Tower with Radar,0,3,7,2,12,0,1,16,0,17,0,4,23,2,29,56,0,56,85
10/08/2014,HUF,IN,AGL,CE,Combined TRACON& Tower with Radar,0,4,16,0,20,0,0,108,0,108,0,4,124,0,128,198,0,198,326
10/09/2014,HUF,IN,AGL,CE,Combined TRACON& Tower with Radar,0,2,41,2,45,0,0,65,0,65,0,2,106,2,110,218,0,218,328
10/10/2014,HUF,IN,AGL,CE,Combined TRACON& Tower with Radar,0,0,16,1,17,0,1,44,1,46,0,1,60,2,63,114,0,114,177
10/11/2014,HUF,IN,AGL,CE,Combined TRACON& Tower with Radar,0,0,6,0,6,0,4,39,0,43,0,4,45,0,49,68,0,68,117
10/12/2014,HUF,IN,AGL,CE,Combined TRACON& Tower with Radar,0,0,19,0,19,0,2,12,0,14,0,2,31,0,33,6,0,6,39
10/13/2014,HUF,IN,AGL,CE,Combined TRACON& Tower with Radar,0,0,8,0,8,0,0,3,0,3,0,0,11,0,11,12,0,12,23
10/14/2014,HUF,IN,AGL,CE,Combined TRACON& Tower with Radar,0,0,12,0,12,0,0,4,0,4,0,0,16,0,16,20,0,20,36
10/15/2014,HUF,IN,AGL,CE,Combined TRACON& Tower with Radar,0,1,6,0,7,0,0,0,0,0,0,1,6,0,7,0,0,0,7
10/16/2014,HUF,IN,AGL,CE,Combined TRACON& Tower with Radar,0,0,38,4,42,0,0,16,7,23,0,0,54,11,65,160,8,168,233
10/17/2014,HUF,IN,AGL,CE,Combined TRACON& Tower with Radar,2,0,7,2,11,0,0,99,0,99,2,0,106,2,110,204,0,204,314
10/18/2014,HUF,IN,AGL,CE,Combined TRACON& Tower with Radar,2,0,8,2,12,0,1,49,0,50,2,1,57,2,62,122,0,122,184
10/19/2014,HUF,IN,AGL,CE,Combined TRACON& Tower with Radar,0,0,16,1,17,0,0,65,0,65,0,0,81,1,82,114,0,114,196
10/20/2014,HUF,IN,AGL,CE,Combined TRACON& Tower with Radar,0,0,25,0,25,0,0,93,0,93,0,0,118,0,118,238,0,238,356
10/21/2014,HUF,IN,AGL,CE,Combined TRACON& Tower with Radar,0,0,18,0,18,0,0,80,0,80,0,0,98,0,98,131,0,131,229
10/22/2014,HUF,IN,AGL,CE,Combined TRACON& Tower with Radar,0,0,40,2,42,0,1,112,0,113,0,1,152,2,155,391,0,391,546
10/23/2014,HUF,IN,AGL,CE,Combined TRACON& Tower with Radar,0,0,20,0,20,0,0,107,0,107,0,0,127,0,127,272,0,272,399
10/24/2014,HUF,IN,AGL,CE,Combined TRACON& Tower with Radar,0,2,21,0,23,0,0,92,0,92,0,2,113,0,115,234,0,234,349
10/25/2014,HUF,IN,AGL,CE,Combined TRACON& Tower with Radar,0,0,18,0,18,0,0,91,0,91,0,0,109,0,109,128,0,128,237
10/26/2014,HUF,IN,AGL,CE,Combined TRACON& Tower with Radar,0,4,12,0,16,0,3,58,0,61,0,7,70,0,77,109,0,109,186
10/27/2014,HUF,IN,AGL,CE,Combined TRACON& Tower with Radar,0,0,9,2,11,0,0,30,0,30,0,0,39,2,41,40,0,40,81
10/28/2014,HUF,IN,AGL,CE,Combined TRACON& Tower with Radar,0,0,27,0,27,0,0,43,0,43,0,0,70,0,70,68,0,68,138
10/29/2014,HUF,IN,AGL,CE,Combined TRACON& Tower with Radar,0,0,19,6,25,0,3,81,1,85,0,3,100,7,110,132,16,148,258
10/30/2014,HUF,IN,AGL,CE,Combined TRACON& Tower with Radar,0,0,47,0,47,0,2,119,0,121,0,2,166,0,168,315,0,315,483
10/31/2014,HUF,IN,AGL,CE,Combined TRACON& Tower with Radar,2,0,2,2,6,0,0,20,0,20,2,0,22,2,26,42,0,42,68
11/01/2014,HUF,IN,AGL,CE,Combined TRACON& Tower with Radar,0,0,16,1,17,0,3,48,0,51,0,3,64,1,68,19,0,19,87
11/02/2014,HUF,IN,AGL,CE,Combined TRACON& Tower with Radar,0,0,25,0,25,0,0,62,1,63,0,0,87,1,88,50,0,50,138
11/03/2014,HUF,IN,AGL,CE,Combined TRACON& Tower with Radar,0,0,15,0,15,0,0,77,2,79,0,0,92,2,94,170,18,188,282
11/04/2014,HUF,IN,AGL,CE,Combined TRACON& Tower with Radar,0,2,16,0,18,0,0,0,0,0,0,2,16,0,18,0,0,0,18
11/05/2014,HUF,IN,AGL,CE,Combined TRACON& Tower with Radar,0,0,33,0,33,0,0,75,4,79,0,0,108,4,112,264,0,264,376
11/06/2014,HUF,IN,AGL,CE,Combined TRACON& Tower with Radar,0,3,17,2,22,0,1,8,0,9,0,4,25,2,31,20,0,20,51
11/07/2014,HUF,IN,AGL,CE,Combined TRACON& Tower with Radar,3,0,25,0,28,0,1,98,0,99,3,1,123,0,127,174,0,174,301
11/08/2014,HUF,IN,AGL,CE,Combined TRACON& Tower with Radar,1,0,13,0,14,0,0,24,0,24,1,0,37,0,38,28,0,28,66
11/09/2014,HUF,IN,AGL,CE,Combined TRACON& Tower with Radar,0,0,11,0,11,0,2,44,0,46,0,2,55,0,57,60,0,60,117
11/10/2014,HUF,IN,AGL,CE,Combined TRACON& Tower with Radar,0,0,19,0,19,0,2,46,0,48,0,2,65,0,67,36,0,36,103
11/11/2014,HUF,IN,AGL,CE,Combined TRACON& Tower with Radar,0,0,14,0,14,0,2,18,1,21,0,2,32,1,35,12,0,12,47
11/12/2014,HUF,IN,AGL,CE,Combined TRACON& Tower with Radar,0,0,8,0,8,0,1,37,0,38,0,1,45,0,46,178,0,178,224
11/13/2014,HUF,IN,AGL,CE,Combined TRACON& Tower with Radar,0,2,12,6,20,0,1,74,0,75,0,3,86,6,95,120,0,120,215
11/14/2014,HUF,IN,AGL,CE,Combined TRACON& Tower with Radar,0,0,21,0,21,0,3,103,0,106,0,3,124,0,127,144,0,144,271
11/15/2014,HUF,IN,AGL,CE,Combined TRACON& Tower with Radar,0,2,7,2,11,0,0,71,0,71,0,2,78,2,82,124,0,124,206
11/16/2014,HUF,IN,AGL,CE,Combined TRACON& Tower with Radar,0,0,6,0,6,0,2,10,0,12,0,2,16,0,18,32,0,32,50
11/17/2014,HUF,IN,AGL,CE,Combined TRACON& Tower with Radar,0,4,6,2,12,0,0,8,1,9,0,4,14,3,21,8,0,8,29
11/18/2014,HUF,IN,AGL,CE,Combined TRACON& Tower with Radar,0,6,19,0,25,0,0,45,0,45,0,6,64,0,70,52,0,52,122
11/19/2014,HUF,IN,AGL,CE,Combined TRACON& Tower with Radar,0,0,18,2,20,0,1,30,0,31,0,1,48,2,51,44,0,44,95
11/20/2014,HUF,IN,AGL,CE,Combined TRACON& Tower with Radar,0,2,14,0,16,0,1,111,0,112,0,3,125,0,128,186,0,186,314
11/21/2014,HUF,IN,AGL,CE,Combined TRACON& Tower with Radar,0,0,24,3,27,0,0,143,0,143,0,0,167,3,170,218,0,218,388
11/22/2014,HUF,IN,AGL,CE,Combined TRACON& Tower with Radar,0,4,13,0,17,0,0,3,0,3,0,4,16,0,20,0,0,0,20
11/23/2014,HUF,IN,AGL,CE,Combined TRACON& Tower with Radar,0,2,1,0,3,0,0,1,0,1,0,2,2,0,4,0,0,0,4
11/24/2014,HUF,IN,AGL,CE,Combined TRACON& Tower with Radar,0,2,7,0,9,0,1,3,0,4,0,3,10,0,13,10,0,10,23
11/25/2014,HUF,IN,AGL,CE,Combined TRACON& Tower with Radar,0,0,13,2,15,0,2,26,0,28,0,2,39,2,43,72,0,72,115
11/26/2014,HUF,IN,AGL,CE,Combined TRACON& Tower with Radar,0,0,5,0,5,0,2,11,0,13,0,2,16,0,18,26,0,26,44
11/27/2014,HUF,IN,AGL,CE,Combined TRACON& Tower with Radar,0,0,2,0,2,0,0,0,0,0,0,0,2,0,2,0,0,0,2
11/28/2014,HUF,IN,AGL,CE,Combined TRACON& Tower with Radar,0,0,10,0,10,0,1,23,0,24,0,1,33,0,34,66,0,66,100
11/29/2014,HUF,IN,AGL,CE,Combined TRACON& Tower with Radar,0,0,3,0,3,0,0,3,0,3,0,0,6,0,6,8,0,8,14
11/30/2014,HUF,IN,AGL,CE,Combined TRACON& Tower with Radar,0,0,7,0,7,0,0,1,0,1,0,0,8,0,8,0,0,0,8
12/01/2014,HUF,IN,AGL,CE,Combined TRACON& Tower with Radar,0,0,18,0,18,0,1,51,0,52,0,1,69,0,70,139,0,139,209
12/02/2014,HUF,IN,AGL,CE,Combined TRACON& Tower with Radar,0,0,5,0,5,0,1,4,0,5,0,1,9,0,10,0,0,0,10
12/03/2014,HUF,IN,AGL,CE,Combined TRACON& Tower with Radar,0,2,31,4,37,0,0,113,0,113,0,2,144,4,150,191,44,235,385
12/04/2014,HUF,IN,AGL,CE,Combined TRACON& Tower with Radar,0,0,8,0,8,0,0,0,0,0,0,0,8,0,8,4,4,8,16
12/05/2014,HUF,IN,AGL,CE,Combined TRACON& Tower with Radar,0,2,0,0,2,0,0,0,0,0,0,2,0,0,2,0,0,0,2
12/06/2014,HUF,IN,AGL,CE,Combined TRACON& Tower with Radar,0,2,1,0,3,0,0,1,0,1,0,2,2,0,4,0,0,0,4
12/07/2014,HUF,IN,AGL,CE,Combined TRACON& Tower with Radar,0,0,18,0,18,0,0,110,0,110,0,0,128,0,128,170,0,170,298
12/08/2014,HUF,IN,AGL,CE,Combined TRACON& Tower with Radar,0,2,9,0,11,0,1,27,0,28,0,3,36,0,39,134,0,134,173
12/09/2014,HUF,IN,AGL,CE,Combined TRACON& Tower with Radar,0,0,3,0,3,0,1,0,0,1,0,1,3,0,4,0,0,0,4
12/10/2014,HUF,IN,AGL,CE,Combined TRACON& Tower with Radar,0,1,10,0,11,0,0,29,0,29,0,1,39,0,40,283,0,283,323
12/11/2014,HUF,IN,AGL,CE,Combined TRACON& Tower with Radar,0,0,12,0,12,0,1,39,1,41,0,1,51,1,53,222,8,230,283
12/12/2014,HUF,IN,AGL,CE,Combined TRACON& Tower with Radar,0,0,10,0,10,0,0,1,0,1,0,0,11,0,11,2,0,2,13
12/13/2014,HUF,IN,AGL,CE,Combined TRACON& Tower with Radar,0,0,19,0,19,0,2,39,0,41,0,2,58,0,60,110,0,110,170
12/14/2014,HUF,IN,AGL,CE,Combined TRACON& Tower with Radar,0,0,15,0,15,0,0,0,0,0,0,0,15,0,15,4,0,4,19
12/15/2014,HUF,IN,AGL,CE,Combined TRACON& Tower with Radar,0,0,8,0,8,0,3,0,0,3,0,3,8,0,11,0,0,0,11
12/16/2014,HUF,IN,AGL,CE,Combined TRACON& Tower with Radar,0,0,1,2,3,0,0,0,0,0,0,0,1,2,3,0,0,0,3
12/17/2014,HUF,IN,AGL,CE,Combined TRACON& Tower with Radar,0,0,7,4,11,0,0,28,0,28,0,0,35,4,39,52,0,52,91
12/18/2014,HUF,IN,AGL,CE,Combined TRACON& Tower with Radar,0,0,9,2,11,0,0,18,0,18,0,0,27,2,29,64,0,64,93
12/19/2014,HUF,IN,AGL,CE,Combined TRACON& Tower with Radar,0,0,17,3,20,0,3,35,1,39,0,3,52,4,59,90,32,122,181
12/20/2014,HUF,IN,AGL,CE,Combined TRACON& Tower with Radar,0,0,9,0,9,0,0,19,0,19,0,0,28,0,28,56,0,56,84
12/21/2014,HUF,IN,AGL,CE,Combined TRACON& Tower with Radar,0,0,16,0,16,0,4,58,0,62,0,4,74,0,78,113,0,113,191
12/22/2014,HUF,IN,AGL,CE,Combined TRACON& Tower with Radar,0,0,10,0,10,0,1,8,0,9,0,1,18,0,19,36,0,36,55
12/23/2014,HUF,IN,AGL,CE,Combined TRACON& Tower with Radar,0,0,12,0,12,0,0,3,0,3,0,0,15,0,15,0,0,0,15
12/24/2014,HUF,IN,AGL,CE,Combined TRACON& Tower with Radar,0,0,0,0,0,0,0,0,0,0,0,0,0,0,0,0,0,0,0
12/25/2014,HUF,IN,AGL,CE,Combined TRACON& Tower with Radar,0,0,3,0,3,0,2,1,0,3,0,2,4,0,6,0,0,0,6
12/26/2014,HUF,IN,AGL,CE,Combined TRACON& Tower with Radar,0,1,11,0,12,0,1,36,0,37,0,2,47,0,49,76,0,76,125
12/27/2014,HUF,IN,AGL,CE,Combined TRACON& Tower with Radar,0,0,3,0,3,0,0,0,0,0,0,0,3,0,3,0,0,0,3
12/28/2014,HUF,IN,AGL,CE,Combined TRACON& Tower with Radar,0,0,4,0,4,0,1,0,0,1,0,1,4,0,5,0,0,0,5
12/29/2014,HUF,IN,AGL,CE,Combined TRACON& Tower with Radar,0,0,7,0,7,0,0,22,0,22,0,0,29,0,29,28,0,28,57
12/30/2014,HUF,IN,AGL,CE,Combined TRACON& Tower with Radar,0,0,9,0,9,0,0,17,1,18,0,0,26,1,27,2,0,2,29
12/31/2014,HUF,IN,AGL,CE,Combined TRACON& Tower with Radar,0,0,11,0,11,0,3,20,0,23,0,3,31,0,34,8,0,8,42
01/01/2015,HUF,IN,AGL,CE,Combined TRACON& Tower with Radar,0,0,2,0,2,0,1,7,0,8,0,1,9,0,10,0,0,0,10
01/02/2015,HUF,IN,AGL,CE,Combined TRACON& Tower with Radar,0,0,13,0,13,0,1,31,0,32,0,1,44,0,45,36,0,36,81
01/03/2015,HUF,IN,AGL,CE,Combined TRACON& Tower with Radar,0,0,0,0,0,0,0,0,0,0,0,0,0,0,0,0,0,0,0
01/04/2015,HUF,IN,AGL,CE,Combined TRACON& Tower with Radar,0,0,1,0,1,0,0,0,0,0,0,0,1,0,1,0,0,0,1
01/05/2015,HUF,IN,AGL,CE,Combined TRACON& Tower with Radar,0,0,7,0,7,0,0,30,0,30,0,0,37,0,37,64,0,64,101
01/06/2015,HUF,IN,AGL,CE,Combined TRACON& Tower with Radar,0,0,1,0,1,0,1,29,0,30,0,1,30,0,31,40,0,40,71
01/07/2015,HUF,IN,AGL,CE,Combined TRACON& Tower with Radar,2,5,1,0,8,0,0,3,0,3,2,5,4,0,11,0,0,0,11
01/08/2015,HUF,IN,AGL,CE,Combined TRACON& Tower with Radar,0,2,9,2,13,0,1,24,0,25,0,3,33,2,38,36,0,36,74
01/09/2015,HUF,IN,AGL,CE,Combined TRACON& Tower with Radar,0,2,2,0,4,0,0,5,4,9,0,2,7,4,13,6,0,6,19
01/10/2015,HUF,IN,AGL,CE,Combined TRACON& Tower with Radar,0,0,13,0,13,0,2,27,0,29,0,2,40,0,42,38,0,38,80
01/11/2015,HUF,IN,AGL,CE,Combined TRACON& Tower with Radar,0,0,0,2,2,0,2,7,0,9,0,2,7,2,11,0,0,0,11
01/12/2015,HUF,IN,AGL,CE,Combined TRACON& Tower with Radar,0,0,1,0,1,0,0,4,0,4,0,0,5,0,5,0,0,0,5
01/13/2015,HUF,IN,AGL,CE,Combined TRACON& Tower with Radar,0,2,13,0,15,0,0,83,0,83,0,2,96,0,98,255,0,255,353
01/14/2015,HUF,IN,AGL,CE,Combined TRACON& Tower with Radar,0,0,18,0,18,0,2,108,6,116,0,2,126,6,134,286,0,286,420
01/15/2015,HUF,IN,AGL,CE,Combined TRACON& Tower with Radar,0,0,17,0,17,0,0,118,0,118,0,0,135,0,135,161,0,161,296
01/16/2015,HUF,IN,AGL,CE,Combined TRACON& Tower with Radar,0,2,15,13,30,0,4,134,0,138,0,6,149,13,168,252,20,272,440
01/17/2015,HUF,IN,AGL,CE,Combined TRACON& Tower with Radar,0,2,11,0,13,0,0,51,0,51,0,2,62,0,64,46,0,46,110
01/18/2015,HUF,IN,AGL,CE,Combined TRACON& Tower with Radar,0,0,10,0,10,0,2,53,0,55,0,2,63,0,65,148,0,148,213
01/19/2015,HUF,IN,AGL,CE,Combined TRACON& Tower with Radar,0,0,6,0,6,0,0,54,0,54,0,0,60,0,60,136,0,136,196
01/20/2015,HUF,IN,AGL,CE,Combined TRACON& Tower with Radar,0,2,36,0,38,0,0,94,0,94,0,2,130,0,132,249,0,249,381
01/21/2015,HUF,IN,AGL,CE,Combined TRACON& Tower with Radar,0,0,12,2,14,0,0,59,0,59,0,0,71,2,73,236,0,236,309
01/22/2015,HUF,IN,AGL,CE,Combined TRACON& Tower with Radar,0,4,22,17,43,0,1,50,2,53,0,5,72,19,96,282,0,282,378
01/23/2015,HUF,IN,AGL,CE,Combined TRACON& Tower with Radar,0,0,14,4,18,0,0,66,0,66,0,0,80,4,84,378,0,378,462
01/24/2015,HUF,IN,AGL,CE,Combined TRACON& Tower with Radar,0,2,14,0,16,0,1,85,0,86,0,3,99,0,102,198,1,199,301
01/25/2015,HUF,IN,AGL,CE,Combined TRACON& Tower with Radar,0,0,0,0,0,0,0,0,0,0,0,0,0,0,0,0,0,0,0
01/26/2015,HUF,IN,AGL,CE,Combined TRACON& Tower with Radar,0,0,6,0,6,0,0,4,0,4,0,0,10,0,10,114,0,114,124
01/27/2015,HUF,IN,AGL,CE,Combined TRACON& Tower with Radar,0,1,7,0,8,0,1,1,0,2,0,2,8,0,10,0,0,0,10
01/28/2015,HUF,IN,AGL,CE,Combined TRACON& Tower with Radar,0,1,24,13,38,0,2,100,1,103,0,3,124,14,141,219,12,231,372
01/29/2015,HUF,IN,AGL,CE,Combined TRACON& Tower with Radar,0,0,12,0,12,0,0,21,0,21,0,0,33,0,33,33,2,35,68
01/30/2015,HUF,IN,AGL,CE,Combined TRACON& Tower with Radar,0,2,17,0,19,0,6,134,0,140,0,8,151,0,159,426,0,426,585
01/31/2015,HUF,IN,AGL,CE,Combined TRACON& Tower with Radar,0,0,8,0,8,0,1,85,0,86,0,1,93,0,94,138,0,138,232
02/01/2015,HUF,IN,AGL,CE,Combined TRACON& Tower with Radar,0,0,0,0,0,0,0,1,0,1,0,0,1,0,1,0,0,0,1
02/02/2015,HUF,IN,AGL,CE,Combined TRACON& Tower with Radar,0,1,11,1,13,0,0,66,1,67,0,1,77,2,80,220,0,220,300
02/03/2015,HUF,IN,AGL,CE,Combined TRACON& Tower with Radar,0,5,24,2,31,0,0,92,0,92,0,5,116,2,123,153,0,153,276
02/04/2015,HUF,IN,AGL,CE,Combined TRACON& Tower with Radar,0,0,8,0,8,0,0,62,3,65,0,0,70,3,73,224,0,224,297
02/05/2015,HUF,IN,AGL,CE,Combined TRACON& Tower with Radar,0,0,14,2,16,0,0,124,1,125,0,0,138,3,141,258,0,258,399
02/06/2015,HUF,IN,AGL,CE,Combined TRACON& Tower with Radar,0,2,17,1,20,0,2,79,0,81,0,4,96,1,101,178,0,178,279
02/07/2015,HUF,IN,AGL,CE,Combined TRACON& Tower with Radar,0,0,8,0,8,0,3,63,0,66,0,3,71,0,74,72,0,72,146
02/08/2015,HUF,IN,AGL,CE,Combined TRACON& Tower with Radar,0,0,1,0,1,0,0,7,1,8,0,0,8,1,9,16,0,16,25
02/09/2015,HUF,IN,AGL,CE,Combined TRACON& Tower with Radar,0,2,3,0,5,0,1,8,1,10,0,3,11,1,15,15,0,15,30
02/10/2015,HUF,IN,AGL,CE,Combined TRACON& Tower with Radar,0,2,31,0,33,0,2,125,0,127,0,4,156,0,160,290,0,290,450
02/11/2015,HUF,IN,AGL,CE,Combined TRACON& Tower with Radar,0,2,9,1,12,0,1,34,1,36,0,3,43,2,48,171,10,181,229
02/12/2015,HUF,IN,AGL,CE,Combined TRACON& Tower with Radar,0,2,18,0,20,0,2,76,0,78,0,4,94,0,98,172,0,172,270
02/13/2015,HUF,IN,AGL,CE,Combined TRACON& Tower with Radar,0,2,26,2,30,0,1,143,0,144,0,3,169,2,174,270,0,270,444
02/14/2015,HUF,IN,AGL,CE,Combined TRACON& Tower with Radar,0,0,1,0,1,0,0,3,0,3,0,0,4,0,4,2,0,2,6
02/15/2015,HUF,IN,AGL,CE,Combined TRACON& Tower with Radar,0,3,19,0,22,0,0,46,0,46,0,3,65,0,68,76,0,76,144
02/16/2015,HUF,IN,AGL,CE,Combined TRACON& Tower with Radar,0,0,4,0,4,0,0,0,0,0,0,0,4,0,4,0,0,0,4
02/17/2015,HUF,IN,AGL,CE,Combined TRACON& Tower with Radar,0,0,18,1,19,0,1,46,2,49,0,1,64,3,68,131,0,131,199
02/18/2015,HUF,IN,AGL,CE,Combined TRACON& Tower with Radar,0,0,4,0,4,0,0,0,0,0,0,0,4,0,4,0,0,0,4
02/19/2015,HUF,IN,AGL,CE,Combined TRACON& Tower with Radar,0,4,15,0,19,0,3,6,0,9,0,7,21,0,28,20,0,20,48
02/20/2015,HUF,IN,AGL,CE,Combined TRACON& Tower with Radar,0,0,1,0,1,0,0,14,0,14,0,0,15,0,15,10,0,10,25
02/21/2015,HUF,IN,AGL,CE,Combined TRACON& Tower with Radar,0,0,1,1,2,0,0,2,0,2,0,0,3,1,4,0,0,0,4
02/22/2015,HUF,IN,AGL,CE,Combined TRACON& Tower with Radar,0,0,5,0,5,0,0,16,0,16,0,0,21,0,21,55,0,55,76
02/23/2015,HUF,IN,AGL,CE,Combined TRACON& Tower with Radar,0,0,27,3,30,0,0,121,0,121,0,0,148,3,151,238,0,238,389
02/24/2015,HUF,IN,AGL,CE,Combined TRACON& Tower with Radar,0,3,26,0,29,0,1,70,0,71,0,4,96,0,100,143,0,143,243
02/25/2015,HUF,IN,AGL,CE,Combined TRACON& Tower with Radar,0,3,41,6,50,0,0,100,4,104,0,3,141,10,154,310,8,318,472
02/26/2015,HUF,IN,AGL,CE,Combined TRACON& Tower with Radar,0,0,26,2,28,0,0,35,0,35,0,0,61,2,63,90,0,90,153
02/27/2015,HUF,IN,AGL,CE,Combined TRACON& Tower with Radar,0,0,32,0,32,0,0,168,1,169,0,0,200,1,201,254,0,254,455
02/28/2015,HUF,IN,AGL,CE,Combined TRACON& Tower with Radar,0,0,14,5,19,0,1,63,0,64,0,1,77,5,83,114,0,114,197
03/01/2015,HUF,IN,AGL,CE,Combined TRACON& Tower with Radar,0,0,3,0,3,0,0,0,0,0,0,0,3,0,3,0,0,0,3
03/02/2015,HUF,IN,AGL,CE,Combined TRACON& Tower with Radar,0,0,38,0,38,0,6,109,0,115,0,6,147,0,153,216,0,216,369
03/03/2015,HUF,IN,AGL,CE,Combined TRACON& Tower with Radar,0,0,0,0,0,0,0,0,0,0,0,0,0,0,0,0,0,0,0
03/04/2015,HUF,IN,AGL,CE,Combined TRACON& Tower with Radar,0,2,11,0,13,0,1,56,0,57,0,3,67,0,70,176,0,176,246
03/05/2015,HUF,IN,AGL,CE,Combined TRACON& Tower with Radar,0,4,22,0,26,0,0,113,0,113,0,4,135,0,139,216,0,216,355
03/06/2015,HUF,IN,AGL,CE,Combined TRACON& Tower with Radar,0,1,29,1,31,0,1,114,0,115,0,2,143,1,146,214,0,214,360
03/07/2015,HUF,IN,AGL,CE,Combined TRACON& Tower with Radar,0,1,15,2,18,0,0,54,0,54,0,1,69,2,72,182,10,192,264
03/08/2015,HUF,IN,AGL,CE,Combined TRACON& Tower with Radar,0,0,16,0,16,0,0,63,1,64,0,0,79,1,80,254,0,254,334
03/09/2015,HUF,IN,AGL,CE,Combined TRACON& Tower with Radar,0,0,59,0,59,0,0,9,0,9,0,0,68,0,68,12,0,12,80
03/10/2015,HUF,IN,AGL,CE,Combined TRACON& Tower with Radar,0,4,18,0,22,0,0,0,0,0,0,4,18,0,22,0,0,0,22
03/11/2015,HUF,IN,AGL,CE,Combined TRACON& Tower with Radar,0,2,27,0,29,0,0,87,0,87,0,2,114,0,116,270,0,270,386
03/12/2015,HUF,IN,AGL,CE,Combined TRACON& Tower with Radar,0,0,35,0,35,0,0,141,0,141,0,0,176,0,176,222,0,222,398
03/13/2015,HUF,IN,AGL,CE,Combined TRACON& Tower with Radar,0,3,9,0,12,0,0,0,0,0,0,3,9,0,12,0,0,0,12
03/14/2015,HUF,IN,AGL,CE,Combined TRACON& Tower with Radar,0,1,17,0,18,0,0,19,0,19,0,1,36,0,37,64,0,64,101
03/15/2015,HUF,IN,AGL,CE,Combined TRACON& Tower with Radar,0,2,16,0,18,0,0,45,0,45,0,2,61,0,63,159,0,159,222
03/16/2015,HUF,IN,AGL,CE,Combined TRACON& Tower with Radar,0,0,8,0,8,0,1,16,0,17,0,1,24,0,25,10,0,10,35
03/17/2015,HUF,IN,AGL,CE,Combined TRACON& Tower with Radar,0,0,7,4,11,0,0,13,0,13,0,0,20,4,24,16,8,24,48
03/18/2015,HUF,IN,AGL,CE,Combined TRACON& Tower with Radar,0,2,26,3,31,0,1,58,1,60,0,3,84,4,91,154,0,154,245
03/19/2015,HUF,IN,AGL,CE,Combined TRACON& Tower with Radar,0,0,15,2,17,0,0,31,0,31,0,0,46,2,48,32,0,32,80
03/20/2015,HUF,IN,AGL,CE,Combined TRACON& Tower with Radar,0,0,14,2,16,0,0,7,0,7,0,0,21,2,23,36,0,36,59
03/21/2015,HUF,IN,AGL,CE,Combined TRACON& Tower with Radar,0,0,19,0,19,0,2,54,0,56,0,2,73,0,75,68,0,68,143
03/22/2015,HUF,IN,AGL,CE,Combined TRACON& Tower with Radar,0,0,8,0,8,0,0,30,0,30,0,0,38,0,38,22,4,26,64
03/23/2015,HUF,IN,AGL,CE,Combined TRACON& Tower with Radar,0,2,18,0,20,0,0,77,0,77,0,2,95,0,97,322,0,322,419
03/24/2015,HUF,IN,AGL,CE,Combined TRACON& Tower with Radar,0,0,10,0,10,0,0,4,0,4,0,0,14,0,14,0,0,0,14
03/25/2015,HUF,IN,AGL,CE,Combined TRACON& Tower with Radar,0,0,54,0,54,0,0,35,0,35,0,0,89,0,89,214,0,214,303
03/26/2015,HUF,IN,AGL,CE,Combined TRACON& Tower with Radar,0,2,20,0,22,0,0,32,0,32,0,2,52,0,54,132,0,132,186
03/27/2015,HUF,IN,AGL,CE,Combined TRACON& Tower with Radar,0,0,7,1,8,0,8,42,0,50,0,8,49,1,58,136,0,136,194
03/28/2015,HUF,IN,AGL,CE,Combined TRACON& Tower with Radar,0,0,22,0,22,0,3,121,0,124,0,3,143,0,146,218,0,218,364
03/29/2015,HUF,IN,AGL,CE,Combined TRACON& Tower with Radar,0,0,2,1,3,0,3,30,0,33,0,3,32,1,36,46,0,46,82
03/30/2015,HUF,IN,AGL,CE,Combined TRACON& Tower with Radar,0,0,31,0,31,0,2,153,0,155,0,2,184,0,186,294,0,294,480
03/31/2015,HUF,IN,AGL,CE,Combined TRACON& Tower with Radar,0,0,33,0,33,0,1,101,1,103,0,1,134,1,136,290,0,290,426
04/01/2015,HUF,IN,AGL,CE,Combined TRACON& Tower with Radar,0,0,25,0,25,0,2,144,0,146,0,2,169,0,171,304,0,304,475
04/02/2015,HUF,IN,AGL,CE,Combined TRACON& Tower with Radar,0,2,6,0,8,0,0,9,0,9,0,2,15,0,17,36,0,36,53
04/03/2015,HUF,IN,AGL,CE,Combined TRACON& Tower with Radar,0,2,14,0,16,0,2,8,0,10,0,4,22,0,26,52,0,52,78
04/04/2015,HUF,IN,AGL,CE,Combined TRACON& Tower with Radar,0,1,18,0,19,0,0,89,0,89,0,1,107,0,108,146,6,152,260
04/05/2015,HUF,IN,AGL,CE,Combined TRACON& Tower with Radar,0,0,13,0,13,0,0,19,0,19,0,0,32,0,32,84,0,84,116
04/06/2015,HUF,IN,AGL,CE,Combined TRACON& Tower with Radar,0,3,21,11,35,0,3,30,2,35,0,6,51,13,70,130,31,161,231
04/07/2015,HUF,IN,AGL,CE,Combined TRACON& Tower with Radar,0,0,8,0,8,0,1,6,0,7,0,1,14,0,15,10,0,10,25
04/08/2015,HUF,IN,AGL,CE,Combined TRACON& Tower with Radar,0,0,13,0,13,0,0,6,0,6,0,0,19,0,19,30,0,30,49
04/09/2015,HUF,IN,AGL,CE,Combined TRACON& Tower with Radar,0,0,3,0,3,0,0,5,0,5,0,0,8,0,8,3,0,3,11
04/10/2015,HUF,IN,AGL,CE,Combined TRACON& Tower with Radar,0,0,16,1,17,0,2,92,0,94,0,2,108,1,111,154,0,154,265
04/11/2015,HUF,IN,AGL,CE,Combined TRACON& Tower with Radar,0,1,28,13,42,0,3,133,1,137,0,4,161,14,179,325,20,345,524
04/12/2015,HUF,IN,AGL,CE,Combined TRACON& Tower with Radar,0,0,10,6,16,0,0,67,1,68,0,0,77,7,84,135,6,141,225
04/13/2015,HUF,IN,AGL,CE,Combined TRACON& Tower with Radar,0,0,34,0,34,0,0,38,0,38,0,0,72,0,72,96,0,96,168
04/14/2015,HUF,IN,AGL,CE,Combined TRACON& Tower with Radar,0,1,27,16,44,0,0,105,0,105,0,1,132,16,149,283,16,299,448
04/15/2015,HUF,IN,AGL,CE,Combined TRACON& Tower with Radar,0,2,31,0,33,0,0,65,0,65,0,2,96,0,98,176,0,176,274
04/16/2015,HUF,IN,AGL,CE,Combined TRACON& Tower with Radar,0,0,46,2,48,0,2,6,0,8,0,2,52,2,56,8,0,8,64
04/17/2015,HUF,IN,AGL,CE,Combined TRACON& Tower with Radar,0,0,19,0,19,0,3,102,0,105,0,3,121,0,124,156,0,156,280
04/18/2015,HUF,IN,AGL,CE,Combined TRACON& Tower with Radar,0,0,12,0,12,0,0,74,0,74,0,0,86,0,86,190,0,190,276
04/19/2015,HUF,IN,AGL,CE,Combined TRACON& Tower with Radar,0,0,7,0,7,0,0,1,0,1,0,0,8,0,8,2,0,2,10
04/20/2015,HUF,IN,AGL,CE,Combined TRACON& Tower with Radar,0,0,4,1,5,0,1,8,0,9,0,1,12,1,14,4,0,4,18
04/21/2015,HUF,IN,AGL,CE,Combined TRACON& Tower with Radar,0,0,5,2,7,0,1,27,0,28,0,1,32,2,35,70,0,70,105
04/22/2015,HUF,IN,AGL,CE,Combined TRACON& Tower with Radar,0,0,17,0,17,0,0,57,1,58,0,0,74,1,75,60,0,60,135
04/23/2015,HUF,IN,AGL,CE,Combined TRACON& Tower with Radar,0,0,34,2,36,0,0,80,0,80,0,0,114,2,116,163,0,163,279
04/24/2015,HUF,IN,AGL,CE,Combined TRACON& Tower with Radar,2,0,43,10,55,0,2,82,2,86,2,2,125,12,141,242,20,262,403
04/25/2015,HUF,IN,AGL,CE,Combined TRACON& Tower with Radar,0,1,5,0,6,0,0,0,0,0,0,1,5,0,6,0,0,0,6
04/26/2015,HUF,IN,AGL,CE,Combined TRACON& Tower with Radar,0,0,23,0,23,0,3,73,0,76,0,3,96,0,99,172,0,172,271
04/27/2015,HUF,IN,AGL,CE,Combined TRACON& Tower with Radar,0,1,60,0,61,0,1,94,0,95,0,2,154,0,156,135,0,135,291
04/28/2015,HUF,IN,AGL,CE,Combined TRACON& Tower with Radar,0,2,44,0,46,0,0,112,0,112,0,2,156,0,158,298,0,298,456
04/29/2015,HUF,IN,AGL,CE,Combined TRACON& Tower with Radar,0,0,25,0,25,0,4,102,4,110,0,4,127,4,135,245,0,245,380
04/30/2015,HUF,IN,AGL,CE,Combined TRACON& Tower with Radar,0,0,26,2,28,0,2,77,4,83,0,2,103,6,111,182,0,182,293
05/01/2015,HUF,IN,AGL,CE,Combined TRACON& Tower with Radar,0,0,22,2,24,0,3,107,0,110,0,3,129,2,134,203,0,203,337
05/02/2015,HUF,IN,AGL,CE,Combined TRACON& Tower with Radar,2,3,15,1,21,3,2,197,1,203,5,5,212,2,224,90,2,92,316
05/03/2015,HUF,IN,AGL,CE,Combined TRACON& Tower with Radar,0,0,5,3,8,0,2,34,0,36,0,2,39,3,44,6,0,6,50
05/04/2015,HUF,IN,AGL,CE,Combined TRACON& Tower with Radar,0,0,13,0,13,0,8,50,0,58,0,8,63,0,71,106,0,106,177
05/05/2015,HUF,IN,AGL,CE,Combined TRACON& Tower with Radar,0,0,30,2,32,0,4,107,0,111,0,4,137,2,143,216,0,216,359
05/06/2015,HUF,IN,AGL,CE,Combined TRACON& Tower with Radar,0,0,24,0,24,2,6,91,1,100,2,6,115,1,124,312,4,316,440
05/07/2015,HUF,IN,AGL,CE,Combined TRACON& Tower with Radar,0,0,32,10,42,0,0,90,5,95,0,0,122,15,137,98,0,98,235
05/08/2015,HUF,IN,AGL,CE,Combined TRACON& Tower with Radar,0,0,10,7,17,0,0,23,0,23,0,0,33,7,40,30,0,30,70
05/09/2015,HUF,IN,AGL,CE,Combined TRACON& Tower with Radar,0,0,7,0,7,0,0,3,0,3,0,0,10,0,10,0,0,0,10
05/10/2015,HUF,IN,AGL,CE,Combined TRACON& Tower with Radar,0,0,14,1,15,0,2,7,1,10,0,2,21,2,25,4,0,4,29
05/11/2015,HUF,IN,AGL,CE,Combined TRACON& Tower with Radar,0,2,8,0,10,0,0,1,0,1,0,2,9,0,11,0,0,0,11
05/12/2015,HUF,IN,AGL,CE,Combined TRACON& Tower with Radar,0,0,34,6,40,0,6,41,0,47,0,6,75,6,87,85,0,85,172
05/13/2015,HUF,IN,AGL,CE,Combined TRACON& Tower with Radar,0,2,30,4,36,0,3,107,0,110,0,5,137,4,146,251,0,251,397
05/14/2015,HUF,IN,AGL,CE,Combined TRACON& Tower with Radar,0,0,33,4,37,0,2,83,0,85,0,2,116,4,122,248,6,254,376
05/15/2015,HUF,IN,AGL,CE,Combined TRACON& Tower with Radar,0,0,14,0,14,0,1,43,0,44,0,1,57,0,58,146,0,146,204
05/16/2015,HUF,IN,AGL,CE,Combined TRACON& Tower with Radar,0,0,9,2,11,0,0,5,0,5,0,0,14,2,16,0,0,0,16
05/17/2015,HUF,IN,AGL,CE,Combined TRACON& Tower with Radar,0,0,13,4,17,0,2,1,0,3,0,2,14,4,20,0,0,0,20
05/18/2015,HUF,IN,AGL,CE,Combined TRACON& Tower with Radar,0,0,33,0,33,0,2,24,0,26,0,2,57,0,59,70,0,70,129
05/19/2015,HUF,IN,AGL,CE,Combined TRACON& Tower with Radar,0,0,23,2,25,0,1,120,0,121,0,1,143,2,146,172,0,172,318
05/20/2015,HUF,IN,AGL,CE,Combined TRACON& Tower with Radar,0,0,33,2,35,0,1,74,0,75,0,1,107,2,110,170,4,174,284
05/21/2015,HUF,IN,AGL,CE,Combined TRACON& Tower with Radar,0,2,13,0,15,0,1,41,0,42,0,3,54,0,57,228,0,228,285
05/22/2015,HUF,IN,AGL,CE,Combined TRACON& Tower with Radar,0,0,15,0,15,0,0,96,0,96,0,0,111,0,111,194,0,194,305
05/23/2015,HUF,IN,AGL,CE,Combined TRACON& Tower with Radar,0,0,25,0,25,0,0,63,0,63,0,0,88,0,88,98,0,98,186
05/24/2015,HUF,IN,AGL,CE,Combined TRACON& Tower with Radar,0,0,17,0,17,0,4,48,0,52,0,4,65,0,69,88,0,88,157
05/25/2015,HUF,IN,AGL,CE,Combined TRACON& Tower with Radar,0,0,5,3,8,0,1,4,0,5,0,1,9,3,13,2,0,2,15
05/26/2015,HUF,IN,AGL,CE,Combined TRACON& Tower with Radar,0,0,13,0,13,0,0,9,0,9,0,0,22,0,22,28,0,28,50
05/27/2015,HUF,IN,AGL,CE,Combined TRACON& Tower with Radar,0,0,31,0,31,0,3,67,0,70,0,3,98,0,101,112,1,113,214
05/28/2015,HUF,IN,AGL,CE,Combined TRACON& Tower with Radar,0,0,38,0,38,0,1,122,0,123,0,1,160,0,161,276,0,276,437
05/29/2015,HUF,IN,AGL,CE,Combined TRACON& Tower with Radar,0,5,31,0,36,0,0,79,0,79,0,5,110,0,115,152,0,152,267
05/30/2015,HUF,IN,AGL,CE,Combined TRACON& Tower with Radar,0,1,11,0,12,0,2,26,0,28,0,3,37,0,40,32,0,32,72
05/31/2015,HUF,IN,AGL,CE,Combined TRACON& Tower with Radar,0,0,5,0,5,0,0,0,0,0,0,0,5,0,5,0,0,0,5
06/01/2015,HUF,IN,AGL,CE,Combined TRACON& Tower with Radar,0,0,31,0,31,0,2,16,0,18,0,2,47,0,49,74,0,74,123
06/02/2015,HUF,IN,AGL,CE,Combined TRACON& Tower with Radar,0,2,37,0,39,0,0,56,0,56,0,2,93,0,95,206,0,206,301
06/03/2015,HUF,IN,AGL,CE,Combined TRACON& Tower with Radar,0,0,32,0,32,0,14,41,0,55,0,14,73,0,87,168,0,168,255
06/04/2015,HUF,IN,AGL,CE,Combined TRACON& Tower with Radar,0,0,16,2,18,0,1,52,0,53,0,1,68,2,71,158,30,188,259
06/05/2015,HUF,IN,AGL,CE,Combined TRACON& Tower with Radar,0,0,33,4,37,0,1,41,5,47,0,1,74,9,84,102,0,102,186
06/06/2015,HUF,IN,AGL,CE,Combined TRACON& Tower with Radar,0,0,24,7,31,0,0,20,0,20,0,0,44,7,51,32,0,32,83
06/07/2015,HUF,IN,AGL,CE,Combined TRACON& Tower with Radar,0,0,5,0,5,0,2,11,1,14,0,2,16,1,19,0,0,0,19
06/08/2015,HUF,IN,AGL,CE,Combined TRACON& Tower with Radar,0,0,7,0,7,0,0,1,0,1,0,0,8,0,8,0,0,0,8
06/09/2015,HUF,IN,AGL,CE,Combined TRACON& Tower with Radar,0,0,20,0,20,0,3,81,0,84,0,3,101,0,104,130,0,130,234
06/10/2015,HUF,IN,AGL,CE,Combined TRACON& Tower with Radar,0,0,14,0,14,0,2,88,0,90,0,2,102,0,104,194,0,194,298
06/11/2015,HUF,IN,AGL,CE,Combined TRACON& Tower with Radar,0,0,26,0,26,0,0,87,0,87,0,0,113,0,113,86,0,86,199
06/12/2015,HUF,IN,AGL,CE,Combined TRACON& Tower with Radar,0,0,9,3,12,0,1,25,0,26,0,1,34,3,38,26,0,26,64
06/13/2015,HUF,IN,AGL,CE,Combined TRACON& Tower with Radar,0,0,5,0,5,0,5,16,0,21,0,5,21,0,26,16,0,16,42
06/14/2015,HUF,IN,AGL,CE,Combined TRACON& Tower with Radar,0,0,11,0,11,0,0,3,0,3,0,0,14,0,14,2,0,2,16
06/15/2015,HUF,IN,AGL,CE,Combined TRACON& Tower with Radar,0,0,14,0,14,0,1,36,0,37,0,1,50,0,51,84,0,84,135
06/16/2015,HUF,IN,AGL,CE,Combined TRACON& Tower with Radar,0,0,32,2,34,0,4,28,0,32,0,4,60,2,66,74,0,74,140
06/17/2015,HUF,IN,AGL,CE,Combined TRACON& Tower with Radar,0,2,24,4,30,0,0,38,0,38,0,2,62,4,68,83,0,83,151
06/18/2015,HUF,IN,AGL,CE,Combined TRACON& Tower with Radar,0,0,8,0,8,0,0,14,0,14,0,0,22,0,22,32,0,32,54
06/19/2015,HUF,IN,AGL,CE,Combined TRACON& Tower with Radar,0,0,11,0,11,0,0,3,1,4,0,0,14,1,15,18,0,18,33
06/20/2015,HUF,IN,AGL,CE,Combined TRACON& Tower with Radar,0,0,29,0,29,0,2,10,0,12,0,2,39,0,41,54,0,54,95
06/21/2015,HUF,IN,AGL,CE,Combined TRACON& Tower with Radar,0,0,7,0,7,0,0,9,0,9,0,0,16,0,16,8,0,8,24
06/22/2015,HUF,IN,AGL,CE,Combined TRACON& Tower with Radar,0,0,15,10,25,0,2,45,0,47,0,2,60,10,72,94,30,124,196
06/23/2015,HUF,IN,AGL,CE,Combined TRACON& Tower with Radar,3,2,12,2,19,0,1,56,0,57,3,3,68,2,76,114,0,114,190
06/24/2015,HUF,IN,AGL,CE,Combined TRACON& Tower with Radar,1,0,35,0,36,0,0,77,0,77,1,0,112,0,113,180,0,180,293
06/25/2015,HUF,IN,AGL,CE,Combined TRACON& Tower with Radar,0,2,14,0,16,0,2,20,0,22,0,4,34,0,38,68,0,68,106
06/26/2015,HUF,IN,AGL,CE,Combined TRACON& Tower with Radar,0,0,26,8,34,0,0,0,0,0,0,0,26,8,34,6,2,8,42
06/27/2015,HUF,IN,AGL,CE,Combined TRACON& Tower with Radar,0,0,27,5,32,0,3,20,0,23,0,3,47,5,55,76,2,78,133
06/28/2015,HUF,IN,AGL,CE,Combined TRACON& Tower with Radar,0,1,25,0,26,0,0,58,0,58,0,1,83,0,84,72,0,72,156
06/29/2015,HUF,IN,AGL,CE,Combined TRACON& Tower with Radar,0,2,23,0,25,0,1,28,1,30,0,3,51,1,55,58,0,58,113
06/30/2015,HUF,IN,AGL,CE,Combined TRACON& Tower with Radar,0,0,25,4,29,0,2,39,0,41,0,2,64,4,70,113,0,113,183
07/01/2015,HUF,IN,AGL,CE,Combined TRACON& Tower with Radar,0,0,11,0,11,0,0,54,0,54,0,0,65,0,65,154,0,154,219
07/02/2015,HUF,IN,AGL,CE,Combined TRACON& Tower with Radar,0,1,33,2,36,0,0,66,0,66,0,1,99,2,102,176,0,176,278
07/03/2015,HUF,IN,AGL,CE,Combined TRACON& Tower with Radar,0,2,10,0,12,0,0,24,0,24,0,2,34,0,36,36,0,36,72
07/04/2015,HUF,IN,AGL,CE,Combined TRACON& Tower with Radar,0,0,8,0,8,0,3,22,0,25,0,3,30,0,33,28,0,28,61
07/05/2015,HUF,IN,AGL,CE,Combined TRACON& Tower with Radar,0,0,20,0,20,0,6,48,0,54,0,6,68,0,74,51,0,51,125
07/06/2015,HUF,IN,AGL,CE,Combined TRACON& Tower with Radar,0,0,19,0,19,0,1,50,0,51,0,1,69,0,70,122,0,122,192
07/07/2015,HUF,IN,AGL,CE,Combined TRACON& Tower with Radar,0,0,10,4,14,0,0,0,0,0,0,0,10,4,14,0,0,0,14
07/08/2015,HUF,IN,AGL,CE,Combined TRACON& Tower with Radar,0,2,12,0,14,0,0,12,0,12,0,2,24,0,26,22,0,22,48
07/09/2015,HUF,IN,AGL,CE,Combined TRACON& Tower with Radar,0,0,42,6,48,0,1,11,0,12,0,1,53,6,60,78,6,84,144
07/10/2015,HUF,IN,AGL,CE,Combined TRACON& Tower with Radar,0,4,47,6,57,0,0,16,3,19,0,4,63,9,76,40,20,60,136
07/11/2015,HUF,IN,AGL,CE,Combined TRACON& Tower with Radar,0,0,17,0,17,0,0,48,0,48,0,0,65,0,65,48,0,48,113
07/12/2015,HUF,IN,AGL,CE,Combined TRACON& Tower with Radar,0,0,7,4,11,0,0,33,0,33,0,0,40,4,44,30,0,30,74
07/13/2015,HUF,IN,AGL,CE,Combined TRACON& Tower with Radar,0,0,20,2,22,0,4,43,0,47,0,4,63,2,69,48,0,48,117
07/14/2015,HUF,IN,AGL,CE,Combined TRACON& Tower with Radar,0,2,17,1,20,0,0,81,3,84,0,2,98,4,104,164,0,164,268
07/15/2015,HUF,IN,AGL,CE,Combined TRACON& Tower with Radar,0,4,29,1,34,0,3,31,0,34,0,7,60,1,68,56,0,56,124
07/16/2015,HUF,IN,AGL,CE,Combined TRACON& Tower with Radar,0,0,26,0,26,0,0,121,0,121,0,0,147,0,147,298,0,298,445
07/17/2015,HUF,IN,AGL,CE,Combined TRACON& Tower with Radar,0,3,31,1,35,0,4,64,0,68,0,7,95,1,103,92,0,92,195
07/18/2015,HUF,IN,AGL,CE,Combined TRACON& Tower with Radar,0,2,13,0,15,0,2,41,0,43,0,4,54,0,58,38,0,38,96
07/19/2015,HUF,IN,AGL,CE,Combined TRACON& Tower with Radar,0,1,12,4,17,0,0,25,0,25,0,1,37,4,42,10,0,10,52
07/20/2015,HUF,IN,AGL,CE,Combined TRACON& Tower with Radar,0,0,17,0,17,0,3,27,3,33,0,3,44,3,50,64,0,64,114
07/21/2015,HUF,IN,AGL,CE,Combined TRACON& Tower with Radar,0,0,13,2,15,0,3,81,0,84,0,3,94,2,99,70,4,74,173
07/22/2015,HUF,IN,AGL,CE,Combined TRACON& Tower with Radar,0,0,35,0,35,0,0,73,0,73,0,0,108,0,108,100,0,100,208
07/23/2015,HUF,IN,AGL,CE,Combined TRACON& Tower with Radar,0,0,19,4,23,0,0,67,0,67,0,0,86,4,90,130,14,144,234
07/24/2015,HUF,IN,AGL,CE,Combined TRACON& Tower with Radar,0,0,16,6,22,0,1,48,0,49,0,1,64,6,71,56,0,56,127
07/25/2015,HUF,IN,AGL,CE,Combined TRACON& Tower with Radar,0,0,10,0,10,0,0,66,0,66,0,0,76,0,76,74,0,74,150
07/26/2015,HUF,IN,AGL,CE,Combined TRACON& Tower with Radar,0,0,1,0,1,0,2,14,0,16,0,2,15,0,17,12,0,12,29
07/27/2015,HUF,IN,AGL,CE,Combined TRACON& Tower with Radar,0,0,14,4,18,0,1,10,0,11,0,1,24,4,29,38,0,38,67
07/28/2015,HUF,IN,AGL,CE,Combined TRACON& Tower with Radar,0,0,14,9,23,0,1,32,0,33,0,1,46,9,56,56,0,56,112
07/29/2015,HUF,IN,AGL,CE,Combined TRACON& Tower with Radar,0,0,15,0,15,0,1,12,0,13,0,1,27,0,28,6,0,6,34
07/30/2015,HUF,IN,AGL,CE,Combined TRACON& Tower with Radar,0,0,24,0,24,0,1,68,0,69,0,1,92,0,93,68,0,68,161
07/31/2015,HUF,IN,AGL,CE,Combined TRACON& Tower with Radar,0,0,15,4,19,0,1,56,0,57,0,1,71,4,76,100,0,100,176
08/01/2015,HUF,IN,AGL,CE,Combined TRACON& Tower with Radar,0,0,18,0,18,0,2,57,4,63,0,2,75,4,81,62,9,71,152
08/02/2015,HUF,IN,AGL,CE,Combined TRACON& Tower with Radar,0,0,11,4,15,0,0,45,0,45,0,0,56,4,60,62,14,76,136
08/03/2015,HUF,IN,AGL,CE,Combined TRACON& Tower with Radar,0,0,27,0,27,0,1,53,2,56,0,1,80,2,83,64,2,66,149
08/04/2015,HUF,IN,AGL,CE,Combined TRACON& Tower with Radar,0,0,11,0,11,0,1,66,0,67,0,1,77,0,78,84,0,84,162
08/05/2015,HUF,IN,AGL,CE,Combined TRACON& Tower with Radar,0,0,31,6,37,1,1,62,0,64,1,1,93,6,101,124,0,124,225
08/06/2015,HUF,IN,AGL,CE,Combined TRACON& Tower with Radar,0,2,48,0,50,0,2,13,0,15,0,4,61,0,65,52,0,52,117
08/07/2015,HUF,IN,AGL,CE,Combined TRACON& Tower with Radar,0,0,16,10,26,0,1,73,0,74,0,1,89,10,100,90,10,100,200
08/08/2015,HUF,IN,AGL,CE,Combined TRACON& Tower with Radar,0,0,14,0,14,0,1,53,0,54,0,1,67,0,68,100,0,100,168
08/09/2015,HUF,IN,AGL,CE,Combined TRACON& Tower with Radar,0,0,0,0,0,0,0,13,1,14,0,0,13,1,14,36,0,36,50
08/10/2015,HUF,IN,AGL,CE,Combined TRACON& Tower with Radar,0,0,23,0,23,0,1,17,0,18,0,1,40,0,41,40,0,40,81
08/11/2015,HUF,IN,AGL,CE,Combined TRACON& Tower with Radar,0,1,25,0,26,0,1,68,0,69,0,2,93,0,95,150,0,150,245
08/12/2015,HUF,IN,AGL,CE,Combined TRACON& Tower with Radar,0,0,20,2,22,0,0,82,7,89,0,0,102,9,111,182,4,186,297
08/13/2015,HUF,IN,AGL,CE,Combined TRACON& Tower with Radar,0,0,23,0,23,0,1,100,0,101,0,1,123,0,124,160,14,174,298
08/14/2015,HUF,IN,AGL,CE,Combined TRACON& Tower with Radar,0,0,16,0,16,0,1,58,0,59,0,1,74,0,75,142,0,142,217
08/15/2015,HUF,IN,AGL,CE,Combined TRACON& Tower with Radar,0,0,9,0,9,0,2,45,0,47,0,2,54,0,56,26,0,26,82
08/16/2015,HUF,IN,AGL,CE,Combined TRACON& Tower with Radar,0,0,18,0,18,0,2,63,0,65,0,2,81,0,83,88,0,88,171
08/17/2015,HUF,IN,AGL,CE,Combined TRACON& Tower with Radar,0,0,18,4,22,0,4,20,1,25,0,4,38,5,47,32,6,38,85
08/18/2015,HUF,IN,AGL,CE,Combined TRACON& Tower with Radar,0,0,22,0,22,0,0,18,0,18,0,0,40,0,40,40,0,40,80
08/19/2015,HUF,IN,AGL,CE,Combined TRACON& Tower with Radar,0,7,9,4,20,0,0,17,0,17,0,7,26,4,37,40,0,40,77
08/20/2015,HUF,IN,AGL,CE,Combined TRACON& Tower with Radar,0,1,30,0,31,0,2,56,0,58,0,3,86,0,89,86,0,86,175
08/21/2015,HUF,IN,AGL,CE,Combined TRACON& Tower with Radar,0,1,21,23,45,0,0,96,1,97,0,1,117,24,142,234,22,256,398
08/22/2015,HUF,IN,AGL,CE,Combined TRACON& Tower with Radar,0,0,16,0,16,0,0,59,2,61,0,0,75,2,77,84,5,89,166
08/23/2015,HUF,IN,AGL,CE,Combined TRACON& Tower with Radar,0,1,27,7,35,0,0,9,0,9,0,1,36,7,44,12,8,20,64
08/24/2015,HUF,IN,AGL,CE,Combined TRACON& Tower with Radar,0,0,17,0,17,0,1,54,0,55,0,1,71,0,72,106,0,106,178
08/25/2015,HUF,IN,AGL,CE,Combined TRACON& Tower with Radar,0,2,17,7,26,0,3,59,1,63,0,5,76,8,89,66,22,88,177
08/26/2015,HUF,IN,AGL,CE,Combined TRACON& Tower with Radar,0,6,45,0,51,0,0,74,0,74,0,6,119,0,125,200,1,201,326
08/27/2015,HUF,IN,AGL,CE,Combined TRACON& Tower with Radar,0,0,15,0,15,0,2,93,0,95,0,2,108,0,110,186,0,186,296
08/28/2015,HUF,IN,AGL,CE,Combined TRACON& Tower with Radar,0,1,29,2,32,0,1,85,0,86,0,2,114,2,118,120,0,120,238
08/29/2015,HUF,IN,AGL,CE,Combined TRACON& Tower with Radar,0,0,21,0,21,0,0,48,0,48,0,0,69,0,69,68,0,68,137
08/30/2015,HUF,IN,AGL,CE,Combined TRACON& Tower with Radar,0,0,18,0,18,0,0,59,0,59,0,0,77,0,77,66,0,66,143
08/31/2015,HUF,IN,AGL,CE,Combined TRACON& Tower with Radar,0,0,15,8,23,0,1,100,10,111,0,1,115,18,134,184,30,214,348
09/01/2015,HUF,IN,AGL,CE,Combined TRACON& Tower with Radar,0,0,22,0,22,0,0,45,0,45,0,0,67,0,67,108,0,108,175
09/02/2015,HUF,IN,AGL,CE,Combined TRACON& Tower with Radar,0,0,20,0,20,0,1,105,0,106,0,1,125,0,126,170,0,170,296
09/03/2015,HUF,IN,AGL,CE,Combined TRACON& Tower with Radar,0,0,18,0,18,0,1,84,0,85,0,1,102,0,103,114,0,114,217
09/04/2015,HUF,IN,AGL,CE,Combined TRACON& Tower with Radar,0,0,7,0,7,0,0,71,0,71,0,0,78,0,78,168,0,168,246
09/05/2015,HUF,IN,AGL,CE,Combined TRACON& Tower with Radar,0,0,0,0,0,0,2,35,20,57,0,2,35,20,57,36,0,36,93
09/06/2015,HUF,IN,AGL,CE,Combined TRACON& Tower with Radar,0,0,4,0,4,0,2,19,0,21,0,2,23,0,25,14,0,14,39
09/07/2015,HUF,IN,AGL,CE,Combined TRACON& Tower with Radar,0,0,6,0,6,0,3,21,0,24,0,3,27,0,30,14,0,14,44
09/08/2015,HUF,IN,AGL,CE,Combined TRACON& Tower with Radar,0,0,3,0,3,0,0,73,0,73,0,0,76,0,76,86,0,86,162
09/09/2015,HUF,IN,AGL,CE,Combined TRACON& Tower with Radar,0,0,20,0,20,0,0,11,0,11,0,0,31,0,31,26,0,26,57
09/10/2015,HUF,IN,AGL,CE,Combined TRACON& Tower with Radar,0,2,27,0,29,0,6,112,1,119,0,8,139,1,148,139,0,139,287
09/11/2015,HUF,IN,AGL,CE,Combined TRACON& Tower with Radar,0,1,24,0,25,0,0,6,0,6,0,1,30,0,31,0,0,0,31
09/12/2015,HUF,IN,AGL,CE,Combined TRACON& Tower with Radar,0,0,17,0,17,0,1,64,0,65,0,1,81,0,82,46,0,46,128
09/13/2015,HUF,IN,AGL,CE,Combined TRACON& Tower with Radar,0,0,12,0,12,0,1,71,0,72,0,1,83,0,84,106,0,106,190
09/14/2015,HUF,IN,AGL,CE,Combined TRACON& Tower with Radar,0,0,30,0,30,0,0,98,2,100,0,0,128,2,130,178,0,178,308
09/15/2015,HUF,IN,AGL,CE,Combined TRACON& Tower with Radar,0,0,29,7,36,0,2,149,12,163,0,2,178,19,199,226,16,242,441
09/16/2015,HUF,IN,AGL,CE,Combined TRACON& Tower with Radar,0,2,46,0,48,0,0,136,0,136,0,2,182,0,184,276,0,276,460
09/17/2015,HUF,IN,AGL,CE,Combined TRACON& Tower with Radar,0,0,20,0,20,0,3,92,0,95,0,3,112,0,115,118,0,118,233
09/18/2015,HUF,IN,AGL,CE,Combined TRACON& Tower with Radar,0,0,15,0,15,0,0,61,1,62,0,0,76,1,77,130,0,130,207
09/19/2015,HUF,IN,AGL,CE,Combined TRACON& Tower with Radar,0,0,14,4,18,0,3,7,0,10,0,3,21,4,28,6,0,6,34
09/20/2015,HUF,IN,AGL,CE,Combined TRACON& Tower with Radar,0,0,6,1,7,0,2,48,0,50,0,2,54,1,57,32,0,32,89
09/21/2015,HUF,IN,AGL,CE,Combined TRACON& Tower with Radar,0,0,16,0,16,0,1,141,0,142,0,1,157,0,158,322,0,322,480
09/22/2015,HUF,IN,AGL,CE,Combined TRACON& Tower with Radar,0,0,10,0,10,0,0,107,0,107,0,0,117,0,117,154,0,154,271
09/23/2015,HUF,IN,AGL,CE,Combined TRACON& Tower with Radar,0,1,29,0,30,0,0,94,0,94,0,1,123,0,124,167,0,167,291
09/24/2015,HUF,IN,AGL,CE,Combined TRACON& Tower with Radar,0,0,26,0,26,0,2,123,1,126,0,2,149,1,152,134,0,134,286
09/25/2015,HUF,IN,AGL,CE,Combined TRACON& Tower with Radar,0,0,20,0,20,0,1,95,0,96,0,1,115,0,116,156,0,156,272
09/26/2015,HUF,IN,AGL,CE,Combined TRACON& Tower with Radar,0,0,16,0,16,0,3,41,0,44,0,3,57,0,60,74,0,74,134
09/27/2015,HUF,IN,AGL,CE,Combined TRACON& Tower with Radar,0,0,8,0,8,0,1,50,0,51,0,1,58,0,59,190,0,190,249
09/28/2015,HUF,IN,AGL,CE,Combined TRACON& Tower with Radar,0,0,25,12,37,0,1,106,2,109,0,1,131,14,146,208,36,244,390
09/29/2015,HUF,IN,AGL,CE,Combined TRACON& Tower with Radar,0,4,8,0,12,0,2,12,0,14,0,6,20,0,26,78,0,78,104
09/30/2015,HUF,IN,AGL,CE,Combined TRACON& Tower with Radar,0,2,18,0,20,0,1,90,2,93,0,3,108,2,113,112,0,112,225
10/01/2015,HUF,IN,AGL,CE,Combined TRACON& Tower with Radar,0,0,7,5,12,0,2,85,1,88,0,2,92,6,100,124,0,124,224
10/02/2015,HUF,IN,AGL,CE,Combined TRACON& Tower with Radar,0,0,3,2,5,0,1,81,0,82,0,1,84,2,87,123,0,123,210
10/03/2015,HUF,IN,AGL,CE,Combined TRACON& Tower with Radar,0,2,15,1,18,0,0,3,1,4,0,2,18,2,22,36,4,40,62
10/04/2015,HUF,IN,AGL,CE,Combined TRACON& Tower with Radar,0,2,11,0,13,0,1,13,0,14,0,3,24,0,27,14,0,14,41
10/05/2015,HUF,IN,AGL,CE,Combined TRACON& Tower with Radar,0,2,15,0,17,0,0,126,0,126,0,2,141,0,143,318,0,318,461
10/06/2015,HUF,IN,AGL,CE,Combined TRACON& Tower with Radar,0,0,23,0,23,0,0,62,0,62,0,0,85,0,85,252,0,252,337
10/07/2015,HUF,IN,AGL,CE,Combined TRACON& Tower with Radar,0,0,37,1,38,0,0,108,0,108,0,0,145,1,146,178,0,178,324
10/08/2015,HUF,IN,AGL,CE,Combined TRACON& Tower with Radar,0,5,22,0,27,0,0,118,1,119,0,5,140,1,146,228,0,228,374
10/09/2015,HUF,IN,AGL,CE,Combined TRACON& Tower with Radar,3,4,13,0,20,0,0,33,0,33,3,4,46,0,53,142,0,142,195
10/10/2015,HUF,IN,AGL,CE,Combined TRACON& Tower with Radar,0,0,20,0,20,0,2,70,0,72,0,2,90,0,92,80,0,80,172
10/11/2015,HUF,IN,AGL,CE,Combined TRACON& Tower with Radar,2,0,9,0,11,0,1,65,0,66,2,1,74,0,77,52,0,52,129
10/12/2015,HUF,IN,AGL,CE,Combined TRACON& Tower with Radar,0,2,9,0,11,0,0,97,0,97,0,2,106,0,108,156,0,156,264
10/13/2015,HUF,IN,AGL,CE,Combined TRACON& Tower with Radar,0,0,12,4,16,0,0,82,0,82,0,0,94,4,98,148,0,148,246
10/14/2015,HUF,IN,AGL,CE,Combined TRACON& Tower with Radar,0,2,26,4,32,0,1,107,0,108,0,3,133,4,140,232,12,244,384
10/15/2015,HUF,IN,AGL,CE,Combined TRACON& Tower with Radar,0,1,10,5,16,0,1,92,0,93,0,2,102,5,109,116,2,118,227
10/16/2015,HUF,IN,AGL,CE,Combined TRACON& Tower with Radar,0,0,17,0,17,0,2,81,0,83,0,2,98,0,100,146,0,146,246
10/17/2015,HUF,IN,AGL,CE,Combined TRACON& Tower with Radar,0,0,12,0,12,0,4,61,0,65,0,4,73,0,77,54,0,54,131
10/18/2015,HUF,IN,AGL,CE,Combined TRACON& Tower with Radar,0,0,12,0,12,0,2,43,1,46,0,2,55,1,58,46,0,46,104
10/19/2015,HUF,IN,AGL,CE,Combined TRACON& Tower with Radar,1,0,13,0,14,0,1,87,0,88,1,1,100,0,102,116,0,116,218
10/20/2015,HUF,IN,AGL,CE,Combined TRACON& Tower with Radar,2,0,13,2,17,0,1,119,3,123,2,1,132,5,140,176,0,176,316
10/21/2015,HUF,IN,AGL,CE,Combined TRACON& Tower with Radar,0,2,30,0,32,0,2,108,0,110,0,4,138,0,142,224,0,224,366
10/22/2015,HUF,IN,AGL,CE,Combined TRACON& Tower with Radar,0,2,24,0,26,0,0,108,0,108,0,2,132,0,134,226,0,226,360
10/23/2015,HUF,IN,AGL,CE,Combined TRACON& Tower with Radar,2,0,22,0,24,0,1,87,0,88,2,1,109,0,112,190,0,190,302
10/24/2015,HUF,IN,AGL,CE,Combined TRACON& Tower with Radar,2,0,21,7,30,0,1,29,0,30,2,1,50,7,60,142,6,148,208
10/25/2015,HUF,IN,AGL,CE,Combined TRACON& Tower with Radar,0,0,9,0,9,0,3,75,0,78,0,3,84,0,87,134,0,134,221
10/26/2015,HUF,IN,AGL,CE,Combined TRACON& Tower with Radar,0,0,9,2,11,0,6,89,0,95,0,6,98,2,106,248,0,248,354
10/27/2015,HUF,IN,AGL,CE,Combined TRACON& Tower with Radar,0,2,12,0,14,0,0,0,0,0,0,2,12,0,14,0,0,0,14
10/28/2015,HUF,IN,AGL,CE,Combined TRACON& Tower with Radar,0,3,12,0,15,0,0,1,0,1,0,3,13,0,16,10,0,10,26
10/29/2015,HUF,IN,AGL,CE,Combined TRACON& Tower with Radar,0,2,26,3,31,0,1,50,1,52,0,3,76,4,83,50,6,56,139
10/30/2015,HUF,IN,AGL,CE,Combined TRACON& Tower with Radar,0,0,26,9,35,0,0,110,1,111,0,0,136,10,146,256,2,258,404
10/31/2015,HUF,IN,AGL,CE,Combined TRACON& Tower with Radar,0,0,12,0,12,0,1,42,0,43,0,1,54,0,55,118,0,118,173
11/01/2015,HUF,IN,AGL,CE,Combined TRACON& Tower with Radar,0,0,12,1,13,0,0,50,0,50,0,0,62,1,63,52,0,52,115
11/02/2015,HUF,IN,AGL,CE,Combined TRACON& Tower with Radar,0,0,28,0,28,0,0,109,0,109,0,0,137,0,137,190,0,190,327
11/03/2015,HUF,IN,AGL,CE,Combined TRACON& Tower with Radar,0,4,22,0,26,0,1,70,0,71,0,5,92,0,97,102,0,102,199
11/04/2015,HUF,IN,AGL,CE,Combined TRACON& Tower with Radar,0,8,21,0,29,0,4,95,1,100,0,12,116,1,129,230,2,232,361
11/05/2015,HUF,IN,AGL,CE,Combined TRACON& Tower with Radar,0,3,14,3,20,0,0,26,0,26,0,3,40,3,46,126,0,126,172
11/06/2015,HUF,IN,AGL,CE,Combined TRACON& Tower with Radar,0,1,16,5,22,0,0,65,0,65,0,1,81,5,87,110,0,110,197
11/07/2015,HUF,IN,AGL,CE,Combined TRACON& Tower with Radar,0,1,10,0,11,0,0,97,2,99,0,1,107,2,110,134,0,134,244
11/08/2015,HUF,IN,AGL,CE,Combined TRACON& Tower with Radar,0,0,7,0,7,0,2,72,0,74,0,2,79,0,81,52,0,52,133
11/09/2015,HUF,IN,AGL,CE,Combined TRACON& Tower with Radar,0,1,23,2,26,0,0,75,0,75,0,1,98,2,101,256,0,256,357
11/10/2015,HUF,IN,AGL,CE,Combined TRACON& Tower with Radar,0,2,31,3,36,0,0,79,0,79,0,2,110,3,115,126,0,126,241
11/11/2015,HUF,IN,AGL,CE,Combined TRACON& Tower with Radar,0,0,14,0,14,0,2,68,0,70,0,2,82,0,84,120,0,120,204
11/12/2015,HUF,IN,AGL,CE,Combined TRACON& Tower with Radar,0,0,7,0,7,0,0,2,0,2,0,0,9,0,9,0,0,0,9
11/13/2015,HUF,IN,AGL,CE,Combined TRACON& Tower with Radar,0,2,11,15,28,0,0,34,0,34,0,2,45,15,62,36,0,36,98
11/14/2015,HUF,IN,AGL,CE,Combined TRACON& Tower with Radar,0,2,5,0,7,0,1,116,5,122,0,3,121,5,129,72,0,72,201
11/15/2015,HUF,IN,AGL,CE,Combined TRACON& Tower with Radar,0,1,7,0,8,0,0,68,0,68,0,1,75,0,76,172,0,172,248
11/16/2015,HUF,IN,AGL,CE,Combined TRACON& Tower with Radar,0,1,16,0,17,0,0,18,0,18,0,1,34,0,35,48,0,48,83
11/17/2015,HUF,IN,AGL,CE,Combined TRACON& Tower with Radar,0,0,11,0,11,0,0,10,0,10,0,0,21,0,21,6,0,6,27
11/18/2015,HUF,IN,AGL,CE,Combined TRACON& Tower with Radar,0,0,10,0,10,0,2,26,0,28,0,2,36,0,38,34,0,34,72
11/19/2015,HUF,IN,AGL,CE,Combined TRACON& Tower with Radar,0,2,28,0,30,0,0,82,0,82,0,2,110,0,112,80,0,80,192
11/20/2015,HUF,IN,AGL,CE,Combined TRACON& Tower with Radar,0,0,20,7,27,0,4,112,1,117,0,4,132,8,144,204,4,208,352
11/21/2015,HUF,IN,AGL,CE,Combined TRACON& Tower with Radar,0,0,1,0,1,0,0,0,0,0,0,0,1,0,1,0,0,0,1
11/22/2015,HUF,IN,AGL,CE,Combined TRACON& Tower with Radar,0,0,2,1,3,0,0,55,1,56,0,0,57,2,59,86,0,86,145
11/23/2015,HUF,IN,AGL,CE,Combined TRACON& Tower with Radar,0,0,37,1,38,0,3,60,2,65,0,3,97,3,103,82,0,82,185
11/24/2015,HUF,IN,AGL,CE,Combined TRACON& Tower with Radar,0,0,7,0,7,0,2,46,0,48,0,2,53,0,55,94,0,94,149
11/25/2015,HUF,IN,AGL,CE,Combined TRACON& Tower with Radar,0,0,23,0,23,0,1,19,0,20,0,1,42,0,43,0,0,0,43
11/26/2015,HUF,IN,AGL,CE,Combined TRACON& Tower with Radar,0,0,0,0,0,0,0,0,0,0,0,0,0,0,0,0,0,0,0
11/27/2015,HUF,IN,AGL,CE,Combined TRACON& Tower with Radar,0,0,1,0,1,0,0,0,0,0,0,0,1,0,1,0,0,0,1
11/28/2015,HUF,IN,AGL,CE,Combined TRACON& Tower with Radar,0,0,4,0,4,0,0,0,0,0,0,0,4,0,4,0,0,0,4
11/29/2015,HUF,IN,AGL,CE,Combined TRACON& Tower with Radar,0,1,15,0,16,0,0,23,0,23,0,1,38,0,39,32,0,32,71
11/30/2015,HUF,IN,AGL,CE,Combined TRACON& Tower with Radar,0,2,8,19,29,0,0,8,0,8,0,2,16,19,37,86,0,86,123
12/01/2015,HUF,IN,AGL,CE,Combined TRACON& Tower with Radar,0,3,25,0,28,0,0,48,0,48,0,3,73,0,76,104,0,104,180
12/02/2015,HUF,IN,AGL,CE,Combined TRACON& Tower with Radar,0,0,8,0,8,0,0,1,0,1,0,0,9,0,9,0,0,0,9
12/03/2015,HUF,IN,AGL,CE,Combined TRACON& Tower with Radar,0,0,33,1,34,0,0,51,0,51,0,0,84,1,85,203,0,203,288
12/04/2015,HUF,IN,AGL,CE,Combined TRACON& Tower with Radar,0,0,8,0,8,3,0,1,0,4,3,0,9,0,12,0,0,0,12
12/05/2015,HUF,IN,AGL,CE,Combined TRACON& Tower with Radar,0,1,3,0,4,0,0,11,0,11,0,1,14,0,15,14,0,14,29
12/06/2015,HUF,IN,AGL,CE,Combined TRACON& Tower with Radar,0,0,15,0,15,0,1,99,0,100,0,1,114,0,115,128,0,128,243
12/07/2015,HUF,IN,AGL,CE,Combined TRACON& Tower with Radar,0,2,4,1,7,0,0,0,0,0,0,2,4,1,7,0,0,0,7
12/08/2015,HUF,IN,AGL,CE,Combined TRACON& Tower with Radar,0,0,24,3,27,0,2,84,0,86,0,2,108,3,113,148,0,148,261
12/09/2015,HUF,IN,AGL,CE,Combined TRACON& Tower with Radar,0,3,32,0,35,0,1,128,0,129,0,4,160,0,164,345,0,345,509
12/10/2015,HUF,IN,AGL,CE,Combined TRACON& Tower with Radar,0,5,14,0,19,0,0,93,2,95,0,5,107,2,114,168,0,168,282
12/11/2015,HUF,IN,AGL,CE,Combined TRACON& Tower with Radar,0,0,8,0,8,0,0,0,0,0,0,0,8,0,8,0,0,0,8
12/12/2015,HUF,IN,AGL,CE,Combined TRACON& Tower with Radar,0,0,9,0,9,0,0,6,0,6,0,0,15,0,15,14,0,14,29
12/13/2015,HUF,IN,AGL,CE,Combined TRACON& Tower with Radar,0,0,4,0,4,0,0,11,0,11,0,0,15,0,15,6,0,6,21
12/14/2015,HUF,IN,AGL,CE,Combined TRACON& Tower with Radar,0,0,8,2,10,0,0,2,0,2,0,0,10,2,12,0,0,0,12
12/15/2015,HUF,IN,AGL,CE,Combined TRACON& Tower with Radar,0,0,20,2,22,0,0,12,0,12,0,0,32,2,34,68,0,68,102
12/16/2015,HUF,IN,AGL,CE,Combined TRACON& Tower with Radar,0,0,29,0,29,0,1,49,0,50,0,1,78,0,79,218,4,222,301
12/17/2015,HUF,IN,AGL,CE,Combined TRACON& Tower with Radar,0,0,13,2,15,0,0,56,0,56,0,0,69,2,71,150,0,150,221
12/18/2015,HUF,IN,AGL,CE,Combined TRACON& Tower with Radar,0,2,16,0,18,0,1,45,0,46,0,3,61,0,64,56,2,58,122
12/19/2015,HUF,IN,AGL,CE,Combined TRACON& Tower with Radar,0,0,16,3,19,0,2,75,0,77,0,2,91,3,96,58,2,60,156
12/20/2015,HUF,IN,AGL,CE,Combined TRACON& Tower with Radar,0,0,0,1,1,0,2,3,0,5,0,2,3,1,6,0,0,0,6
12/21/2015,HUF,IN,AGL,CE,Combined TRACON& Tower with Radar,0,0,6,0,6,0,1,0,0,1,0,1,6,0,7,0,0,0,7
12/22/2015,HUF,IN,AGL,CE,Combined TRACON& Tower with Radar,0,0,14,0,14,0,0,10,0,10,0,0,24,0,24,24,0,24,48
12/23/2015,HUF,IN,AGL,CE,Combined TRACON& Tower with Radar,0,2,8,0,10,0,0,0,0,0,0,2,8,0,10,0,0,0,10
12/24/2015,HUF,IN,AGL,CE,Combined TRACON& Tower with Radar,0,0,6,0,6,0,0,7,0,7,0,0,13,0,13,0,0,0,13
12/25/2015,HUF,IN,AGL,CE,Combined TRACON& Tower with Radar,0,0,0,0,0,0,0,7,0,7,0,0,7,0,7,0,0,0,7
12/26/2015,HUF,IN,AGL,CE,Combined TRACON& Tower with Radar,0,0,2,0,2,0,0,0,0,0,0,0,2,0,2,2,0,2,4
12/27/2015,HUF,IN,AGL,CE,Combined TRACON& Tower with Radar,0,0,6,0,6,0,2,1,0,3,0,2,7,0,9,0,0,0,9
12/28/2015,HUF,IN,AGL,CE,Combined TRACON& Tower with Radar,0,0,0,0,0,0,0,0,0,0,0,0,0,0,0,0,0,0,0
12/29/2015,HUF,IN,AGL,CE,Combined TRACON& Tower with Radar,0,0,5,0,5,0,0,2,0,2,0,0,7,0,7,0,0,0,7
12/30/2015,HUF,IN,AGL,CE,Combined TRACON& Tower with Radar,0,0,4,10,14,0,0,8,0,8,0,0,12,10,22,10,18,28,50
12/31/2015,HUF,IN,AGL,CE,Combined TRACON& Tower with Radar,0,0,7,0,7,0,0,0,0,0,0,0,7,0,7,0,0,0,7
01/01/2016,HUF,IN,AGL,CE,Combined TRACON& Tower with Radar,0,0,0,0,0,0,0,7,0,7,0,0,7,0,7,26,0,26,33
01/02/2016,HUF,IN,AGL,CE,Combined TRACON& Tower with Radar,0,2,19,0,21,0,1,41,0,42,0,3,60,0,63,6,0,6,69
01/03/2016,HUF,IN,AGL,CE,Combined TRACON& Tower with Radar,0,2,16,0,18,0,0,17,0,17,0,2,33,0,35,14,0,14,49
01/04/2016,HUF,IN,AGL,CE,Combined TRACON& Tower with Radar,0,1,16,0,17,0,1,47,0,48,0,2,63,0,65,56,0,56,121
01/05/2016,HUF,IN,AGL,CE,Combined TRACON& Tower with Radar,0,2,10,0,12,1,0,50,0,51,1,2,60,0,63,68,0,68,131
01/06/2016,HUF,IN,AGL,CE,Combined TRACON& Tower with Radar,0,2,22,0,24,0,0,47,0,47,0,2,69,0,71,74,0,74,145
01/07/2016,HUF,IN,AGL,CE,Combined TRACON& Tower with Radar,0,4,28,0,32,0,0,53,0,53,0,4,81,0,85,123,0,123,208
01/08/2016,HUF,IN,AGL,CE,Combined TRACON& Tower with Radar,0,0,6,0,6,0,0,0,0,0,0,0,6,0,6,0,0,0,6
01/09/2016,HUF,IN,AGL,CE,Combined TRACON& Tower with Radar,0,0,9,0,9,0,1,2,0,3,0,1,11,0,12,0,0,0,12
01/10/2016,HUF,IN,AGL,CE,Combined TRACON& Tower with Radar,0,0,3,0,3,0,0,5,0,5,0,0,8,0,8,0,0,0,8
01/11/2016,HUF,IN,AGL,CE,Combined TRACON& Tower with Radar,0,0,14,10,24,0,1,55,0,56,0,1,69,10,80,112,0,112,192
01/12/2016,HUF,IN,AGL,CE,Combined TRACON& Tower with Radar,0,2,15,0,17,0,0,48,0,48,0,2,63,0,65,76,0,76,141
01/13/2016,HUF,IN,AGL,CE,Combined TRACON& Tower with Radar,0,2,11,7,20,0,0,100,4,104,0,2,111,11,124,150,3,153,277
01/14/2016,HUF,IN,AGL,CE,Combined TRACON& Tower with Radar,0,0,17,2,19,0,0,87,0,87,0,0,104,2,106,194,0,194,300
01/15/2016,HUF,IN,AGL,CE,Combined TRACON& Tower with Radar,0,0,3,0,3,0,0,7,0,7,0,0,10,0,10,48,0,48,58
01/16/2016,HUF,IN,AGL,CE,Combined TRACON& Tower with Radar,0,2,2,0,4,0,0,3,0,3,0,2,5,0,7,20,0,20,27
01/17/2016,HUF,IN,AGL,CE,Combined TRACON& Tower with Radar,0,2,1,0,3,0,1,2,0,3,0,3,3,0,6,0,0,0,6
01/18/2016,HUF,IN,AGL,CE,Combined TRACON& Tower with Radar,0,0,7,0,7,0,1,14,0,15,0,1,21,0,22,6,0,6,28
01/19/2016,HUF,IN,AGL,CE,Combined TRACON& Tower with Radar,0,0,27,0,27,0,1,102,0,103,0,1,129,0,130,172,0,172,302
01/20/2016,HUF,IN,AGL,CE,Combined TRACON& Tower with Radar,0,0,13,0,13,0,0,23,0,23,0,0,36,0,36,104,0,104,140
01/21/2016,HUF,IN,AGL,CE,Combined TRACON& Tower with Radar,0,1,24,6,31,0,0,77,0,77,0,1,101,6,108,138,0,138,246
01/22/2016,HUF,IN,AGL,CE,Combined TRACON& Tower with Radar,0,0,15,0,15,0,1,50,0,51,0,1,65,0,66,110,0,110,176
01/23/2016,HUF,IN,AGL,CE,Combined TRACON& Tower with Radar,0,1,28,0,29,0,0,137,0,137,0,1,165,0,166,194,0,194,360
01/24/2016,HUF,IN,AGL,CE,Combined TRACON& Tower with Radar,0,0,21,0,21,0,1,87,0,88,0,1,108,0,109,140,0,140,249
01/25/2016,HUF,IN,AGL,CE,Combined TRACON& Tower with Radar,0,0,18,0,18,0,1,25,0,26,0,1,43,0,44,82,0,82,126
01/26/2016,HUF,IN,AGL,CE,Combined TRACON& Tower with Radar,0,0,8,0,8,0,0,11,0,11,0,0,19,0,19,38,0,38,57
01/27/2016,HUF,IN,AGL,CE,Combined TRACON& Tower with Radar,0,3,26,0,29,0,0,96,0,96,0,3,122,0,125,280,0,280,405
01/28/2016,HUF,IN,AGL,CE,Combined TRACON& Tower with Radar,0,0,30,0,30,0,3,83,0,86,0,3,113,0,116,122,0,122,238
01/29/2016,HUF,IN,AGL,CE,Combined TRACON& Tower with Radar,0,0,18,0,18,0,0,110,0,110,0,0,128,0,128,184,0,184,312
01/30/2016,HUF,IN,AGL,CE,Combined TRACON& Tower with Radar,0,0,13,0,13,0,0,87,0,87,0,0,100,0,100,98,0,98,198
01/31/2016,HUF,IN,AGL,CE,Combined TRACON& Tower with Radar,0,0,2,0,2,0,2,4,0,6,0,2,6,0,8,16,0,16,24
02/01/2016,HUF,IN,AGL,CE,Combined TRACON& Tower with Radar,0,1,33,0,34,0,0,102,0,102,0,1,135,0,136,188,0,188,324
02/02/2016,HUF,IN,AGL,CE,Combined TRACON& Tower with Radar,0,3,3,6,12,0,0,10,0,10,0,3,13,6,22,16,0,16,38
02/03/2016,HUF,IN,AGL,CE,Combined TRACON& Tower with Radar,0,2,12,0,14,0,0,22,0,22,0,2,34,0,36,50,0,50,86
02/04/2016,HUF,IN,AGL,CE,Combined TRACON& Tower with Radar,0,0,25,0,25,0,0,102,0,102,0,0,127,0,127,204,0,204,331
02/05/2016,HUF,IN,AGL,CE,Combined TRACON& Tower with Radar,0,0,19,0,19,0,0,89,0,89,0,0,108,0,108,150,0,150,258
02/06/2016,HUF,IN,AGL,CE,Combined TRACON& Tower with Radar,0,0,19,0,19,0,2,77,0,79,0,2,96,0,98,178,0,178,276
02/07/2016,HUF,IN,AGL,CE,Combined TRACON& Tower with Radar,0,0,6,0,6,0,0,8,0,8,0,0,14,0,14,10,0,10,24
02/08/2016,HUF,IN,AGL,CE,Combined TRACON& Tower with Radar,0,2,4,0,6,0,0,1,0,1,0,2,5,0,7,0,0,0,7
02/09/2016,HUF,IN,AGL,CE,Combined TRACON& Tower with Radar,0,2,9,0,11,0,0,0,0,0,0,2,9,0,11,0,0,0,11
02/10/2016,HUF,IN,AGL,CE,Combined TRACON& Tower with Radar,0,0,19,0,19,0,1,93,0,94,0,1,112,0,113,162,0,162,275
02/11/2016,HUF,IN,AGL,CE,Combined TRACON& Tower with Radar,0,1,21,0,22,0,1,137,0,138,0,2,158,0,160,142,0,142,302
02/12/2016,HUF,IN,AGL,CE,Combined TRACON& Tower with Radar,0,2,3,0,5,0,0,18,0,18,0,2,21,0,23,40,0,40,63
02/13/2016,HUF,IN,AGL,CE,Combined TRACON& Tower with Radar,0,2,10,0,12,0,3,88,0,91,0,5,98,0,103,126,0,126,229
02/14/2016,HUF,IN,AGL,CE,Combined TRACON& Tower with Radar,0,3,4,0,7,0,0,1,0,1,0,3,5,0,8,0,0,0,8
02/15/2016,HUF,IN,AGL,CE,Combined TRACON& Tower with Radar,0,0,1,0,1,0,0,1,0,1,0,0,2,0,2,0,0,0,2
02/16/2016,HUF,IN,AGL,CE,Combined TRACON& Tower with Radar,0,0,11,0,11,0,0,27,0,27,0,0,38,0,38,76,0,76,114
02/17/2016,HUF,IN,AGL,CE,Combined TRACON& Tower with Radar,0,0,29,0,29,0,0,71,0,71,0,0,100,0,100,118,0,118,218
02/18/2016,HUF,IN,AGL,CE,Combined TRACON& Tower with Radar,0,0,14,0,14,0,0,91,0,91,0,0,105,0,105,144,0,144,249
02/19/2016,HUF,IN,AGL,CE,Combined TRACON& Tower with Radar,0,0,10,2,12,0,0,0,0,0,0,0,10,2,12,0,5,5,17
02/20/2016,HUF,IN,AGL,CE,Combined TRACON& Tower with Radar,2,0,12,0,14,0,1,115,0,116,2,1,127,0,130,190,0,190,320
02/21/2016,HUF,IN,AGL,CE,Combined TRACON& Tower with Radar,2,0,10,0,12,0,5,19,0,24,2,5,29,0,36,14,0,14,50
02/22/2016,HUF,IN,AGL,CE,Combined TRACON& Tower with Radar,0,0,27,0,27,0,4,95,0,99,0,4,122,0,126,128,0,128,254
02/23/2016,HUF,IN,AGL,CE,Combined TRACON& Tower with Radar,0,2,20,0,22,0,7,87,0,94,0,9,107,0,116,189,0,189,305
02/24/2016,HUF,IN,AGL,CE,Combined TRACON& Tower with Radar,0,4,3,0,7,0,0,0,0,0,0,4,3,0,7,0,0,0,7
02/25/2016,HUF,IN,AGL,CE,Combined TRACON& Tower with Radar,0,2,12,0,14,0,0,28,0,28,0,2,40,0,42,102,0,102,144
02/26/2016,HUF,IN,AGL,CE,Combined TRACON& Tower with Radar,0,1,25,0,26,0,0,94,1,95,0,1,119,1,121,247,0,247,368
02/27/2016,HUF,IN,AGL,CE,Combined TRACON& Tower with Radar,0,0,15,0,15,0,0,69,0,69,0,0,84,0,84,124,0,124,208
02/28/2016,HUF,IN,AGL,CE,Combined TRACON& Tower with Radar,0,0,6,0,6,0,0,5,1,6,0,0,11,1,12,0,0,0,12
02/29/2016,HUF,IN,AGL,CE,Combined TRACON& Tower with Radar,0,0,32,0,32,0,2,97,0,99,0,2,129,0,131,218,0,218,349
03/01/2016,HUF,IN,AGL,CE,Combined TRACON& Tower with Radar,0,0,7,1,8,0,1,0,0,1,0,1,7,1,9,0,0,0,9
03/02/2016,HUF,IN,AGL,CE,Combined TRACON& Tower with Radar,0,0,27,1,28,0,1,101,0,102,0,1,128,1,130,149,2,151,281
03/03/2016,HUF,IN,AGL,CE,Combined TRACON& Tower with Radar,0,0,8,0,8,0,0,5,0,5,0,0,13,0,13,18,0,18,31
03/04/2016,HUF,IN,AGL,CE,Combined TRACON& Tower with Radar,0,1,22,2,25,0,0,88,0,88,0,1,110,2,113,173,0,173,286
03/05/2016,HUF,IN,AGL,CE,Combined TRACON& Tower with Radar,0,2,15,0,17,0,0,10,0,10,0,2,25,0,27,11,0,11,38
03/06/2016,HUF,IN,AGL,CE,Combined TRACON& Tower with Radar,0,3,10,0,13,0,0,39,0,39,0,3,49,0,52,18,0,18,70
03/07/2016,HUF,IN,AGL,CE,Combined TRACON& Tower with Radar,0,2,28,0,30,0,0,49,0,49,0,2,77,0,79,93,0,93,172
03/08/2016,HUF,IN,AGL,CE,Combined TRACON& Tower with Radar,0,0,36,4,40,0,0,56,0,56,0,0,92,4,96,99,0,99,195
03/09/2016,HUF,IN,AGL,CE,Combined TRACON& Tower with Radar,0,0,28,0,28,0,1,26,0,27,0,1,54,0,55,84,0,84,139
03/10/2016,HUF,IN,AGL,CE,Combined TRACON& Tower with Radar,0,0,13,0,13,0,0,3,0,3,0,0,16,0,16,12,0,12,28
03/11/2016,HUF,IN,AGL,CE,Combined TRACON& Tower with Radar,0,2,21,19,42,0,1,70,1,72,0,3,91,20,114,138,10,148,262
03/12/2016,HUF,IN,AGL,CE,Combined TRACON& Tower with Radar,0,0,8,0,8,0,1,9,0,10,0,1,17,0,18,62,0,62,80
03/13/2016,HUF,IN,AGL,CE,Combined TRACON& Tower with Radar,0,0,4,0,4,0,0,0,0,0,0,0,4,0,4,4,0,4,8
03/14/2016,HUF,IN,AGL,CE,Combined TRACON& Tower with Radar,0,0,4,0,4,0,0,1,0,1,0,0,5,0,5,0,0,0,5
03/15/2016,HUF,IN,AGL,CE,Combined TRACON& Tower with Radar,0,0,10,0,10,0,1,24,0,25,0,1,34,0,35,74,0,74,109
03/16/2016,HUF,IN,AGL,CE,Combined TRACON& Tower with Radar,0,2,9,6,17,0,0,13,0,13,0,2,22,6,30,12,2,14,44
03/17/2016,HUF,IN,AGL,CE,Combined TRACON& Tower with Radar,0,0,24,0,24,0,3,44,0,47,0,3,68,0,71,8,0,8,79
03/18/2016,HUF,IN,AGL,CE,Combined TRACON& Tower with Radar,0,0,24,0,24,0,2,48,1,51,0,2,72,1,75,34,0,34,109
03/19/2016,HUF,IN,AGL,CE,Combined TRACON& Tower with Radar,0,0,10,2,12,0,1,15,0,16,0,1,25,2,28,62,0,62,90
03/20/2016,HUF,IN,AGL,CE,Combined TRACON& Tower with Radar,0,0,17,0,17,1,0,15,0,16,1,0,32,0,33,30,0,30,63
03/21/2016,HUF,IN,AGL,CE,Combined TRACON& Tower with Radar,0,0,27,0,27,0,2,102,0,104,0,2,129,0,131,192,0,192,323
03/22/2016,HUF,IN,AGL,CE,Combined TRACON& Tower with Radar,0,2,8,0,10,0,0,28,0,28,0,2,36,0,38,58,0,58,96
03/23/2016,HUF,IN,AGL,CE,Combined TRACON& Tower with Radar,0,0,21,0,21,0,2,42,0,44,0,2,63,0,65,82,0,82,147
03/24/2016,HUF,IN,AGL,CE,Combined TRACON& Tower with Radar,0,0,10,0,10,0,0,7,0,7,0,0,17,0,17,48,0,48,65
03/25/2016,HUF,IN,AGL,CE,Combined TRACON& Tower with Radar,0,0,35,0,35,0,0,105,2,107,0,0,140,2,142,141,0,141,283
03/26/2016,HUF,IN,AGL,CE,Combined TRACON& Tower with Radar,0,0,22,0,22,0,0,41,0,41,0,0,63,0,63,46,0,46,109
03/27/2016,HUF,IN,AGL,CE,Combined TRACON& Tower with Radar,0,0,5,0,5,0,0,6,0,6,0,0,11,0,11,14,0,14,25
03/28/2016,HUF,IN,AGL,CE,Combined TRACON& Tower with Radar,0,0,21,4,25,0,2,87,0,89,0,2,108,4,114,351,0,351,465
03/29/2016,HUF,IN,AGL,CE,Combined TRACON& Tower with Radar,0,0,35,1,36,0,0,133,0,133,0,0,168,1,169,225,0,225,394
03/30/2016,HUF,IN,AGL,CE,Combined TRACON& Tower with Radar,0,0,19,0,19,0,0,36,0,36,0,0,55,0,55,68,0,68,123
03/31/2016,HUF,IN,AGL,CE,Combined TRACON& Tower with Radar,0,0,8,0,8,0,1,1,0,2,0,1,9,0,10,0,0,0,10
04/01/2016,HUF,IN,AGL,CE,Combined TRACON& Tower with Radar,0,0,12,4,16,0,0,43,0,43,0,0,55,4,59,86,0,86,145
04/02/2016,HUF,IN,AGL,CE,Combined TRACON& Tower with Radar,0,0,13,0,13,0,0,29,0,29,0,0,42,0,42,18,0,18,60
04/03/2016,HUF,IN,AGL,CE,Combined TRACON& Tower with Radar,0,0,26,0,26,0,1,62,1,64,0,1,88,1,90,54,0,54,144
04/04/2016,HUF,IN,AGL,CE,Combined TRACON& Tower with Radar,0,2,17,0,19,0,0,78,0,78,0,2,95,0,97,136,0,136,233
04/05/2016,HUF,IN,AGL,CE,Combined TRACON& Tower with Radar,0,0,50,0,50,0,3,129,0,132,0,3,179,0,182,179,0,179,361
04/06/2016,HUF,IN,AGL,CE,Combined TRACON& Tower with Radar,0,1,8,0,9,0,1,3,0,4,0,2,11,0,13,0,0,0,13
04/07/2016,HUF,IN,AGL,CE,Combined TRACON& Tower with Radar,0,1,28,3,32,0,1,58,0,59,0,2,86,3,91,86,0,86,177
04/08/2016,HUF,IN,AGL,CE,Combined TRACON& Tower with Radar,0,0,13,0,13,0,0,20,0,20,0,0,33,0,33,36,0,36,69
04/09/2016,HUF,IN,AGL,CE,Combined TRACON& Tower with Radar,0,0,19,0,19,0,0,80,0,80,0,0,99,0,99,212,0,212,311
04/10/2016,HUF,IN,AGL,CE,Combined TRACON& Tower with Radar,0,0,7,0,7,0,1,3,0,4,0,1,10,0,11,0,0,0,11
04/11/2016,HUF,IN,AGL,CE,Combined TRACON& Tower with Radar,0,0,17,0,17,0,0,9,0,9,0,0,26,0,26,24,0,24,50
04/12/2016,HUF,IN,AGL,CE,Combined TRACON& Tower with Radar,0,2,35,0,37,0,0,119,1,120,0,2,154,1,157,114,0,114,271
04/13/2016,HUF,IN,AGL,CE,Combined TRACON& Tower with Radar,0,0,35,0,35,0,1,94,0,95,0,1,129,0,130,202,0,202,332
04/14/2016,HUF,IN,AGL,CE,Combined TRACON& Tower with Radar,0,0,50,0,50,0,0,120,0,120,0,0,170,0,170,148,0,148,318
04/15/2016,HUF,IN,AGL,CE,Combined TRACON& Tower with Radar,0,2,48,0,50,0,1,111,0,112,0,3,159,0,162,128,0,128,290
04/16/2016,HUF,IN,AGL,CE,Combined TRACON& Tower with Radar,0,3,21,0,24,0,1,92,0,93,0,4,113,0,117,89,0,89,206
04/17/2016,HUF,IN,AGL,CE,Combined TRACON& Tower with Radar,0,0,33,0,33,0,0,78,0,78,0,0,111,0,111,58,0,58,169
04/18/2016,HUF,IN,AGL,CE,Combined TRACON& Tower with Radar,0,0,24,0,24,0,2,90,0,92,0,2,114,0,116,232,0,232,348
04/19/2016,HUF,IN,AGL,CE,Combined TRACON& Tower with Radar,0,0,32,0,32,0,0,103,0,103,0,0,135,0,135,166,0,166,301
04/20/2016,HUF,IN,AGL,CE,Combined TRACON& Tower with Radar,0,0,42,0,42,0,0,86,0,86,0,0,128,0,128,164,0,164,292
04/21/2016,HUF,IN,AGL,CE,Combined TRACON& Tower with Radar,0,0,30,0,30,0,0,39,0,39,0,0,69,0,69,78,0,78,147
04/22/2016,HUF,IN,AGL,CE,Combined TRACON& Tower with Radar,0,0,29,0,29,0,17,49,0,66,0,17,78,0,95,88,0,88,183
04/23/2016,HUF,IN,AGL,CE,Combined TRACON& Tower with Radar,0,1,37,0,38,0,1,48,0,49,0,2,85,0,87,50,0,50,137
04/24/2016,HUF,IN,AGL,CE,Combined TRACON& Tower with Radar,0,0,19,0,19,0,1,75,0,76,0,1,94,0,95,88,0,88,183
04/25/2016,HUF,IN,AGL,CE,Combined TRACON& Tower with Radar,0,1,15,0,16,0,0,52,0,52,0,1,67,0,68,108,0,108,176
04/26/2016,HUF,IN,AGL,CE,Combined TRACON& Tower with Radar,0,2,19,10,31,0,0,54,0,54,0,2,73,10,85,108,2,110,195
04/27/2016,HUF,IN,AGL,CE,Combined TRACON& Tower with Radar,0,0,3,0,3,0,0,0,0,0,0,0,3,0,3,0,0,0,3
04/28/2016,HUF,IN,AGL,CE,Combined TRACON& Tower with Radar,0,0,40,0,40,0,1,48,0,49,0,1,88,0,89,112,0,112,201
04/29/2016,HUF,IN,AGL,CE,Combined TRACON& Tower with Radar,0,1,39,0,40,0,0,59,2,61,0,1,98,2,101,121,0,121,222
04/30/2016,HUF,IN,AGL,CE,Combined TRACON& Tower with Radar,2,3,0,0,5,0,0,0,0,0,2,3,0,0,5,0,0,0,5
05/01/2016,HUF,IN,AGL,CE,Combined TRACON& Tower with Radar,0,0,6,0,6,0,5,20,0,25,0,5,26,0,31,6,0,6,37
05/02/2016,HUF,IN,AGL,CE,Combined TRACON& Tower with Radar,0,0,37,0,37,0,1,2,0,3,0,1,39,0,40,26,0,26,66
05/03/2016,HUF,IN,AGL,CE,Combined TRACON& Tower with Radar,0,0,21,2,23,0,0,55,0,55,0,0,76,2,78,134,0,134,212
05/04/2016,HUF,IN,AGL,CE,Combined TRACON& Tower with Radar,0,0,15,0,15,0,0,28,0,28,0,0,43,0,43,46,0,46,89
05/05/2016,HUF,IN,AGL,CE,Combined TRACON& Tower with Radar,0,2,48,0,50,0,0,57,0,57,0,2,105,0,107,86,0,86,193
05/06/2016,HUF,IN,AGL,CE,Combined TRACON& Tower with Radar,0,2,32,1,35,0,1,103,0,104,0,3,135,1,139,106,0,106,245
05/07/2016,HUF,IN,AGL,CE,Combined TRACON& Tower with Radar,0,0,14,0,14,0,7,23,0,30,0,7,37,0,44,8,0,8,52
05/08/2016,HUF,IN,AGL,CE,Combined TRACON& Tower with Radar,0,2,1,0,3,0,2,7,0,9,0,4,8,0,12,6,0,6,18
05/09/2016,HUF,IN,AGL,CE,Combined TRACON& Tower with Radar,0,2,23,0,25,0,1,20,0,21,0,3,43,0,46,60,0,60,106
05/10/2016,HUF,IN,AGL,CE,Combined TRACON& Tower with Radar,0,0,16,4,20,0,2,15,0,17,0,2,31,4,37,38,0,38,75
05/11/2016,HUF,IN,AGL,CE,Combined TRACON& Tower with Radar,0,0,18,0,18,0,0,19,0,19,0,0,37,0,37,30,0,30,67
05/12/2016,HUF,IN,AGL,CE,Combined TRACON& Tower with Radar,0,4,17,0,21,0,0,20,0,20,0,4,37,0,41,38,0,38,79
05/13/2016,HUF,IN,AGL,CE,Combined TRACON& Tower with Radar,0,5,35,3,43,0,0,86,5,91,0,5,121,8,134,104,0,104,238
05/14/2016,HUF,IN,AGL,CE,Combined TRACON& Tower with Radar,0,0,7,2,9,0,2,11,0,13,0,2,18,2,22,0,0,0,22
05/15/2016,HUF,IN,AGL,CE,Combined TRACON& Tower with Radar,0,1,16,10,27,0,0,39,0,39,0,1,55,10,66,10,0,10,76
05/16/2016,HUF,IN,AGL,CE,Combined TRACON& Tower with Radar,0,1,30,8,39,0,0,106,1,107,0,1,136,9,146,180,2,182,328
05/17/2016,HUF,IN,AGL,CE,Combined TRACON& Tower with Radar,0,0,24,2,26,0,0,35,0,35,0,0,59,2,61,75,0,75,136
05/18/2016,HUF,IN,AGL,CE,Combined TRACON& Tower with Radar,0,0,25,0,25,0,1,53,8,62,0,1,78,8,87,54,6,60,147
05/19/2016,HUF,IN,AGL,CE,Combined TRACON& Tower with Radar,0,0,31,10,41,0,1,109,0,110,0,1,140,10,151,121,4,125,276
05/20/2016,HUF,IN,AGL,CE,Combined TRACON& Tower with Radar,0,0,15,13,28,0,0,26,0,26,0,0,41,13,54,8,0,8,62
05/21/2016,HUF,IN,AGL,CE,Combined TRACON& Tower with Radar,0,2,6,0,8,0,1,40,0,41,0,3,46,0,49,24,0,24,73
05/22/2016,HUF,IN,AGL,CE,Combined TRACON& Tower with Radar,0,0,13,0,13,0,0,44,0,44,0,0,57,0,57,10,0,10,67
05/23/2016,HUF,IN,AGL,CE,Combined TRACON& Tower with Radar,0,0,28,0,28,0,0,121,0,121,0,0,149,0,149,139,0,139,288
05/24/2016,HUF,IN,AGL,CE,Combined TRACON& Tower with Radar,0,0,37,0,37,0,3,103,0,106,0,3,140,0,143,134,0,134,277
05/25/2016,HUF,IN,AGL,CE,Combined TRACON& Tower with Radar,2,0,37,0,39,0,3,70,0,73,2,3,107,0,112,72,0,72,184
05/26/2016,HUF,IN,AGL,CE,Combined TRACON& Tower with Radar,0,0,7,0,7,0,0,12,0,12,0,0,19,0,19,10,0,10,29
05/27/2016,HUF,IN,AGL,CE,Combined TRACON& Tower with Radar,0,2,15,0,17,0,3,33,0,36,0,5,48,0,53,26,0,26,79
05/28/2016,HUF,IN,AGL,CE,Combined TRACON& Tower with Radar,0,0,10,0,10,0,1,21,0,22,0,1,31,0,32,6,0,6,38
05/29/2016,HUF,IN,AGL,CE,Combined TRACON& Tower with Radar,0,0,9,0,9,0,1,16,0,17,0,1,25,0,26,8,0,8,34
05/30/2016,HUF,IN,AGL,CE,Combined TRACON& Tower with Radar,0,0,9,0,9,0,0,25,0,25,0,0,34,0,34,36,0,36,70
05/31/2016,HUF,IN,AGL,CE,Combined TRACON& Tower with Radar,0,0,24,2,26,0,1,69,2,72,0,1,93,4,98,44,16,60,158
06/01/2016,HUF,IN,AGL,CE,Combined TRACON& Tower with Radar,0,0,28,0,28,0,0,71,0,71,0,0,99,0,99,129,0,129,228
06/02/2016,HUF,IN,AGL,CE,Combined TRACON& Tower with Radar,0,0,16,0,16,0,0,69,0,69,0,0,85,0,85,90,0,90,175
06/03/2016,HUF,IN,AGL,CE,Combined TRACON& Tower with Radar,0,0,32,9,41,0,5,68,8,81,0,5,100,17,122,74,24,98,220
06/04/2016,HUF,IN,AGL,CE,Combined TRACON& Tower with Radar,0,0,2,0,2,0,1,2,0,3,0,1,4,0,5,0,0,0,5
06/05/2016,HUF,IN,AGL,CE,Combined TRACON& Tower with Radar,0,0,8,4,12,0,0,28,2,30,0,0,36,6,42,28,4,32,74
06/06/2016,HUF,IN,AGL,CE,Combined TRACON& Tower with Radar,0,0,23,1,24,0,0,89,0,89,0,0,112,1,113,68,0,68,181
06/07/2016,HUF,IN,AGL,CE,Combined TRACON& Tower with Radar,0,0,18,2,20,0,1,85,0,86,0,1,103,2,106,146,0,146,252
06/08/2016,HUF,IN,AGL,CE,Combined TRACON& Tower with Radar,2,0,39,0,41,0,2,110,0,112,2,2,149,0,153,130,0,130,283
06/09/2016,HUF,IN,AGL,CE,Combined TRACON& Tower with Radar,0,2,25,3,30,0,0,79,4,83,0,2,104,7,113,126,0,126,239
06/10/2016,HUF,IN,AGL,CE,Combined TRACON& Tower with Radar,0,0,22,1,23,0,0,37,3,40,0,0,59,4,63,0,0,0,63
06/11/2016,HUF,IN,AGL,CE,Combined TRACON& Tower with Radar,0,0,9,0,9,0,3,30,0,33,0,3,39,0,42,6,0,6,48
06/12/2016,HUF,IN,AGL,CE,Combined TRACON& Tower with Radar,0,0,9,2,11,0,2,10,0,12,0,2,19,2,23,14,0,14,37
06/13/2016,HUF,IN,AGL,CE,Combined TRACON& Tower with Radar,0,0,27,0,27,0,0,93,0,93,0,0,120,0,120,130,0,130,250
06/14/2016,HUF,IN,AGL,CE,Combined TRACON& Tower with Radar,0,0,9,0,9,0,0,30,0,30,0,0,39,0,39,66,0,66,105
06/15/2016,HUF,IN,AGL,CE,Combined TRACON& Tower with Radar,0,0,11,0,11,0,0,34,0,34,0,0,45,0,45,48,0,48,93
06/16/2016,HUF,IN,AGL,CE,Combined TRACON& Tower with Radar,0,0,11,0,11,0,0,39,0,39,0,0,50,0,50,56,0,56,106
06/17/2016,HUF,IN,AGL,CE,Combined TRACON& Tower with Radar,0,0,8,1,9,0,0,24,0,24,0,0,32,1,33,34,0,34,67
06/18/2016,HUF,IN,AGL,CE,Combined TRACON& Tower with Radar,0,0,9,1,10,0,5,38,0,43,0,5,47,1,53,26,0,26,79
06/19/2016,HUF,IN,AGL,CE,Combined TRACON& Tower with Radar,0,1,4,0,5,0,1,22,0,23,0,2,26,0,28,20,0,20,48
06/20/2016,HUF,IN,AGL,CE,Combined TRACON& Tower with Radar,0,0,19,0,19,0,0,79,0,79,0,0,98,0,98,118,0,118,216
06/21/2016,HUF,IN,AGL,CE,Combined TRACON& Tower with Radar,0,0,10,0,10,0,0,53,0,53,0,0,63,0,63,40,0,40,103
06/22/2016,HUF,IN,AGL,CE,Combined TRACON& Tower with Radar,0,0,2,0,2,0,0,13,0,13,0,0,15,0,15,27,0,27,42
06/23/2016,HUF,IN,AGL,CE,Combined TRACON& Tower with Radar,0,0,26,0,26,0,0,73,0,73,0,0,99,0,99,121,0,121,220
06/24/2016,HUF,IN,AGL,CE,Combined TRACON& Tower with Radar,0,0,38,1,39,0,0,22,0,22,0,0,60,1,61,8,0,8,69
06/25/2016,HUF,IN,AGL,CE,Combined TRACON& Tower with Radar,0,0,4,0,4,0,0,43,0,43,0,0,47,0,47,56,0,56,103
06/26/2016,HUF,IN,AGL,CE,Combined TRACON& Tower with Radar,0,2,0,0,2,0,0,10,0,10,0,2,10,0,12,0,0,0,12
06/27/2016,HUF,IN,AGL,CE,Combined TRACON& Tower with Radar,0,4,13,2,19,0,0,44,0,44,0,4,57,2,63,62,0,62,125
06/28/2016,HUF,IN,AGL,CE,Combined TRACON& Tower with Radar,0,0,19,0,19,0,3,64,0,67,0,3,83,0,86,41,0,41,127
06/29/2016,HUF,IN,AGL,CE,Combined TRACON& Tower with Radar,0,4,35,0,39,0,2,71,0,73,0,6,106,0,112,111,0,111,223
06/30/2016,HUF,IN,AGL,CE,Combined TRACON& Tower with Radar,0,0,21,0,21,0,0,71,2,73,0,0,92,2,94,108,2,110,204
07/01/2016,HUF,IN,AGL,CE,Combined TRACON& Tower with Radar,0,0,23,0,23,0,0,44,0,44,0,0,67,0,67,78,0,78,145
07/02/2016,HUF,IN,AGL,CE,Combined TRACON& Tower with Radar,0,0,12,0,12,0,2,28,0,30,0,2,40,0,42,20,0,20,62
07/03/2016,HUF,IN,AGL,CE,Combined TRACON& Tower with Radar,0,0,5,0,5,0,0,0,0,0,0,0,5,0,5,0,0,0,5
07/04/2016,HUF,IN,AGL,CE,Combined TRACON& Tower with Radar,0,0,2,0,2,0,0,0,0,0,0,0,2,0,2,0,0,0,2
07/05/2016,HUF,IN,AGL,CE,Combined TRACON& Tower with Radar,0,0,22,0,22,0,0,26,0,26,0,0,48,0,48,48,0,48,96
07/06/2016,HUF,IN,AGL,CE,Combined TRACON& Tower with Radar,0,1,10,0,11,0,1,16,0,17,0,2,26,0,28,10,0,10,38
07/07/2016,HUF,IN,AGL,CE,Combined TRACON& Tower with Radar,0,1,17,0,18,0,0,11,0,11,0,1,28,0,29,8,0,8,37
07/08/2016,HUF,IN,AGL,CE,Combined TRACON& Tower with Radar,0,0,42,0,42,0,0,48,0,48,0,0,90,0,90,70,0,70,160
07/09/2016,HUF,IN,AGL,CE,Combined TRACON& Tower with Radar,0,1,15,0,16,0,1,52,0,53,0,2,67,0,69,56,0,56,125
07/10/2016,HUF,IN,AGL,CE,Combined TRACON& Tower with Radar,0,2,3,2,7,0,0,28,0,28,0,2,31,2,35,30,0,30,65
07/11/2016,HUF,IN,AGL,CE,Combined TRACON& Tower with Radar,0,0,31,2,33,0,1,68,0,69,0,1,99,2,102,72,0,72,174
07/12/2016,HUF,IN,AGL,CE,Combined TRACON& Tower with Radar,0,2,8,0,10,0,1,21,0,22,0,3,29,0,32,36,0,36,68
07/13/2016,HUF,IN,AGL,CE,Combined TRACON& Tower with Radar,0,0,27,2,29,0,0,55,0,55,0,0,82,2,84,88,0,88,172
07/14/2016,HUF,IN,AGL,CE,Combined TRACON& Tower with Radar,0,0,24,0,24,0,0,47,0,47,0,0,71,0,71,34,0,34,105
07/15/2016,HUF,IN,AGL,CE,Combined TRACON& Tower with Radar,0,2,37,0,39,0,0,76,0,76,0,2,113,0,115,114,0,114,229
07/16/2016,HUF,IN,AGL,CE,Combined TRACON& Tower with Radar,0,0,16,8,24,0,2,52,0,54,0,2,68,8,78,44,2,46,124
07/17/2016,HUF,IN,AGL,CE,Combined TRACON& Tower with Radar,0,2,16,0,18,0,0,16,0,16,0,2,32,0,34,6,0,6,40
07/18/2016,HUF,IN,AGL,CE,Combined TRACON& Tower with Radar,0,2,7,2,11,0,0,25,0,25,0,2,32,2,36,52,0,52,88
07/19/2016,HUF,IN,AGL,CE,Combined TRACON& Tower with Radar,0,0,29,0,29,0,0,53,0,53,0,0,82,0,82,78,0,78,160
07/20/2016,HUF,IN,AGL,CE,Combined TRACON& Tower with Radar,0,0,22,1,23,0,0,71,1,72,0,0,93,2,95,136,0,136,231
07/21/2016,HUF,IN,AGL,CE,Combined TRACON& Tower with Radar,0,2,14,1,17,0,0,52,1,53,0,2,66,2,70,56,0,56,126
07/22/2016,HUF,IN,AGL,CE,Combined TRACON& Tower with Radar,0,0,16,38,54,0,0,13,0,13,0,0,29,38,67,14,32,46,113
07/23/2016,HUF,IN,AGL,CE,Combined TRACON& Tower with Radar,0,0,7,12,19,0,0,18,0,18,0,0,25,12,37,16,4,20,57
07/24/2016,HUF,IN,AGL,CE,Combined TRACON& Tower with Radar,0,0,9,0,9,0,0,30,0,30,0,0,39,0,39,0,0,0,39
07/25/2016,HUF,IN,AGL,CE,Combined TRACON& Tower with Radar,0,0,19,0,19,0,0,66,0,66,0,0,85,0,85,100,0,100,185
07/26/2016,HUF,IN,AGL,CE,Combined TRACON& Tower with Radar,0,0,18,0,18,0,0,35,0,35,0,0,53,0,53,36,0,36,89
07/27/2016,HUF,IN,AGL,CE,Combined TRACON& Tower with Radar,0,3,18,1,22,0,0,58,0,58,0,3,76,1,80,22,0,22,102
07/28/2016,HUF,IN,AGL,CE,Combined TRACON& Tower with Radar,0,1,13,4,18,0,2,17,1,20,0,3,30,5,38,14,0,14,52
07/29/2016,HUF,IN,AGL,CE,Combined TRACON& Tower with Radar,0,0,21,7,28,0,0,18,5,23,0,0,39,12,51,34,0,34,85
07/30/2016,HUF,IN,AGL,CE,Combined TRACON& Tower with Radar,0,0,7,0,7,0,0,51,1,52,0,0,58,1,59,26,0,26,85
07/31/2016,HUF,IN,AGL,CE,Combined TRACON& Tower with Radar,0,0,9,6,15,0,1,33,2,36,0,1,42,8,51,36,0,36,87
08/01/2016,HUF,IN,AGL,CE,Combined TRACON& Tower with Radar,0,0,11,0,11,0,1,32,0,33,0,1,43,0,44,49,0,49,93
08/02/2016,HUF,IN,AGL,CE,Combined TRACON& Tower with Radar,0,0,15,1,16,0,0,50,2,52,0,0,65,3,68,72,6,78,146
08/03/2016,HUF,IN,AGL,CE,Combined TRACON& Tower with Radar,0,2,18,2,22,0,6,74,0,80,0,8,92,2,102,72,0,72,174
08/04/2016,HUF,IN,AGL,CE,Combined TRACON& Tower with Radar,0,0,22,2,24,0,0,48,0,48,0,0,70,2,72,40,0,40,112
08/05/2016,HUF,IN,AGL,CE,Combined TRACON& Tower with Radar,0,2,20,0,22,0,0,21,0,21,0,2,41,0,43,44,0,44,87
08/06/2016,HUF,IN,AGL,CE,Combined TRACON& Tower with Radar,0,0,8,0,8,0,1,49,1,51,0,1,57,1,59,40,0,40,99
08/07/2016,HUF,IN,AGL,CE,Combined TRACON& Tower with Radar,0,0,5,0,5,0,3,41,0,44,0,3,46,0,49,26,0,26,75
08/08/2016,HUF,IN,AGL,CE,Combined TRACON& Tower with Radar,0,0,21,0,21,0,2,74,0,76,0,2,95,0,97,102,0,102,199
08/09/2016,HUF,IN,AGL,CE,Combined TRACON& Tower with Radar,0,0,19,7,26,0,0,66,0,66,0,0,85,7,92,66,0,66,158
08/10/2016,HUF,IN,AGL,CE,Combined TRACON& Tower with Radar,0,0,18,0,18,0,2,39,0,41,0,2,57,0,59,32,0,32,91
08/11/2016,HUF,IN,AGL,CE,Combined TRACON& Tower with Radar,0,0,33,0,33,0,2,44,0,46,0,2,77,0,79,38,0,38,117
08/12/2016,HUF,IN,AGL,CE,Combined TRACON& Tower with Radar,0,0,16,10,26,0,0,36,1,37,0,0,52,11,63,44,0,44,107
08/13/2016,HUF,IN,AGL,CE,Combined TRACON& Tower with Radar,0,0,7,0,7,0,0,0,0,0,0,0,7,0,7,0,0,0,7
08/14/2016,HUF,IN,AGL,CE,Combined TRACON& Tower with Radar,0,0,3,0,3,0,0,4,1,5,0,0,7,1,8,0,0,0,8
08/15/2016,HUF,IN,AGL,CE,Combined TRACON& Tower with Radar,0,0,32,0,32,0,0,7,0,7,0,0,39,0,39,10,0,10,49
08/16/2016,HUF,IN,AGL,CE,Combined TRACON& Tower with Radar,0,2,22,0,24,0,0,3,0,3,0,2,25,0,27,10,0,10,37
08/17/2016,HUF,IN,AGL,CE,Combined TRACON& Tower with Radar,0,2,33,0,35,0,0,13,0,13,0,2,46,0,48,30,0,30,78
08/18/2016,HUF,IN,AGL,CE,Combined TRACON& Tower with Radar,0,0,25,0,25,0,0,28,0,28,0,0,53,0,53,52,0,52,105
08/19/2016,HUF,IN,AGL,CE,Combined TRACON& Tower with Radar,0,0,18,2,20,0,0,13,0,13,0,0,31,2,33,24,0,24,57
08/20/2016,HUF,IN,AGL,CE,Combined TRACON& Tower with Radar,0,0,2,0,2,0,0,0,0,0,0,0,2,0,2,0,0,0,2
08/21/2016,HUF,IN,AGL,CE,Combined TRACON& Tower with Radar,0,0,12,0,12,0,0,33,0,33,0,0,45,0,45,26,0,26,71
08/22/2016,HUF,IN,AGL,CE,Combined TRACON& Tower with Radar,0,2,32,0,34,0,0,64,1,65,0,2,96,1,99,48,0,48,147
08/23/2016,HUF,IN,AGL,CE,Combined TRACON& Tower with Radar,0,0,18,2,20,0,0,63,0,63,0,0,81,2,83,20,0,20,103
08/24/2016,HUF,IN,AGL,CE,Combined TRACON& Tower with Radar,0,0,7,2,9,0,0,26,1,27,0,0,33,3,36,36,16,52,88
08/25/2016,HUF,IN,AGL,CE,Combined TRACON& Tower with Radar,0,0,22,2,24,0,0,41,0,41,0,0,63,2,65,50,0,50,115
08/26/2016,HUF,IN,AGL,CE,Combined TRACON& Tower with Radar,0,0,10,12,22,0,0,21,0,21,0,0,31,12,43,20,0,20,63
08/27/2016,HUF,IN,AGL,CE,Combined TRACON& Tower with Radar,0,0,15,0,15,0,0,44,0,44,0,0,59,0,59,18,0,18,77
08/28/2016,HUF,IN,AGL,CE,Combined TRACON& Tower with Radar,0,0,10,0,10,0,2,24,0,26,0,2,34,0,36,38,0,38,74
08/29/2016,HUF,IN,AGL,CE,Combined TRACON& Tower with Radar,0,0,26,0,26,0,0,71,0,71,0,0,97,0,97,82,0,82,179
08/30/2016,HUF,IN,AGL,CE,Combined TRACON& Tower with Radar,0,4,11,1,16,0,0,21,0,21,0,4,32,1,37,4,0,4,41
08/31/2016,HUF,IN,AGL,CE,Combined TRACON& Tower with Radar,0,3,25,0,28,0,1,38,1,40,0,4,63,1,68,64,0,64,132
09/01/2016,HUF,IN,AGL,CE,Combined TRACON& Tower with Radar,0,0,35,0,35,0,1,60,1,62,0,1,95,1,97,50,0,50,147
09/02/2016,HUF,IN,AGL,CE,Combined TRACON& Tower with Radar,0,0,27,0,27,0,0,72,0,72,0,0,99,0,99,72,0,72,171
09/03/2016,HUF,IN,AGL,CE,Combined TRACON& Tower with Radar,0,0,20,0,20,0,1,78,0,79,0,1,98,0,99,74,0,74,173
09/04/2016,HUF,IN,AGL,CE,Combined TRACON& Tower with Radar,0,0,8,0,8,0,2,30,0,32,0,2,38,0,40,12,0,12,52
09/05/2016,HUF,IN,AGL,CE,Combined TRACON& Tower with Radar,0,0,9,0,9,0,0,23,0,23,0,0,32,0,32,0,0,0,32
09/06/2016,HUF,IN,AGL,CE,Combined TRACON& Tower with Radar,0,0,20,11,31,0,0,56,2,58,0,0,76,13,89,100,12,112,201
09/07/2016,HUF,IN,AGL,CE,Combined TRACON& Tower with Radar,0,0,18,0,18,0,0,70,0,70,0,0,88,0,88,216,0,216,304
09/08/2016,HUF,IN,AGL,CE,Combined TRACON& Tower with Radar,1,0,22,0,23,0,0,31,0,31,1,0,53,0,54,59,0,59,113
09/09/2016,HUF,IN,AGL,CE,Combined TRACON& Tower with Radar,1,0,8,1,10,0,0,4,0,4,1,0,12,1,14,10,0,10,24
09/10/2016,HUF,IN,AGL,CE,Combined TRACON& Tower with Radar,1,0,7,0,8,0,0,7,0,7,1,0,14,0,15,12,0,12,27
09/11/2016,HUF,IN,AGL,CE,Combined TRACON& Tower with Radar,0,0,11,0,11,0,0,50,0,50,0,0,61,0,61,42,0,42,103
09/12/2016,HUF,IN,AGL,CE,Combined TRACON& Tower with Radar,0,0,10,0,10,0,2,82,0,84,0,2,92,0,94,199,0,199,293
09/13/2016,HUF,IN,AGL,CE,Combined TRACON& Tower with Radar,0,0,22,0,22,0,0,85,0,85,0,0,107,0,107,112,0,112,219
09/14/2016,HUF,IN,AGL,CE,Combined TRACON& Tower with Radar,1,0,22,0,23,0,0,77,0,77,1,0,99,0,100,152,0,152,252
09/15/2016,HUF,IN,AGL,CE,Combined TRACON& Tower with Radar,0,2,33,0,35,0,2,73,0,75,0,4,106,0,110,132,0,132,242
09/16/2016,HUF,IN,AGL,CE,Combined TRACON& Tower with Radar,0,0,19,0,19,0,0,34,0,34,0,0,53,0,53,50,0,50,103
09/17/2016,HUF,IN,AGL,CE,Combined TRACON& Tower with Radar,0,0,5,0,5,0,1,3,0,4,0,1,8,0,9,6,0,6,15
09/18/2016,HUF,IN,AGL,CE,Combined TRACON& Tower with Radar,0,0,6,0,6,0,1,13,0,14,0,1,19,0,20,0,0,0,20
09/19/2016,HUF,IN,AGL,CE,Combined TRACON& Tower with Radar,0,2,23,0,25,0,2,88,0,90,0,4,111,0,115,132,0,132,247
09/20/2016,HUF,IN,AGL,CE,Combined TRACON& Tower with Radar,0,0,13,2,15,0,0,74,0,74,0,0,87,2,89,154,0,154,243
09/21/2016,HUF,IN,AGL,CE,Combined TRACON& Tower with Radar,0,0,18,4,22,0,1,87,2,90,0,1,105,6,112,91,0,91,203
09/22/2016,HUF,IN,AGL,CE,Combined TRACON& Tower with Radar,0,0,28,0,28,0,0,110,0,110,0,0,138,0,138,120,0,120,258
09/23/2016,HUF,IN,AGL,CE,Combined TRACON& Tower with Radar,0,0,25,0,25,0,1,75,0,76,0,1,100,0,101,108,0,108,209
09/24/2016,HUF,IN,AGL,CE,Combined TRACON& Tower with Radar,1,0,11,0,12,0,1,47,0,48,1,1,58,0,60,40,0,40,100
09/25/2016,HUF,IN,AGL,CE,Combined TRACON& Tower with Radar,0,0,6,0,6,0,3,56,0,59,0,3,62,0,65,30,0,30,95
09/26/2016,HUF,IN,AGL,CE,Combined TRACON& Tower with Radar,0,0,33,0,33,0,3,74,0,77,0,3,107,0,110,98,0,98,208
09/27/2016,HUF,IN,AGL,CE,Combined TRACON& Tower with Radar,0,0,10,0,10,1,1,86,0,88,1,1,96,0,98,117,0,117,215
09/28/2016,HUF,IN,AGL,CE,Combined TRACON& Tower with Radar,2,0,38,2,42,0,0,67,0,67,2,0,105,2,109,152,0,152,261
09/29/2016,HUF,IN,AGL,CE,Combined TRACON& Tower with Radar,0,0,28,0,28,0,1,59,0,60,0,1,87,0,88,114,0,114,202
09/30/2016,HUF,IN,AGL,CE,Combined TRACON& Tower with Radar,2,2,21,0,25,0,0,1,0,1,2,2,22,0,26,0,0,0,26
10/01/2016,HUF,IN,AGL,CE,Combined TRACON& Tower with Radar,2,0,7,0,9,0,0,6,0,6,2,0,13,0,15,15,0,15,30
10/02/2016,HUF,IN,AGL,CE,Combined TRACON& Tower with Radar,0,0,10,0,10,0,0,18,0,18,0,0,28,0,28,24,0,24,52
10/03/2016,HUF,IN,AGL,CE,Combined TRACON& Tower with Radar,0,0,29,0,29,0,0,89,0,89,0,0,118,0,118,116,0,116,234
10/04/2016,HUF,IN,AGL,CE,Combined TRACON& Tower with Radar,0,0,20,0,20,0,0,89,0,89,0,0,109,0,109,140,0,140,249
10/05/2016,HUF,IN,AGL,CE,Combined TRACON& Tower with Radar,0,0,30,1,31,0,0,74,0,74,0,0,104,1,105,207,0,207,312
10/06/2016,HUF,IN,AGL,CE,Combined TRACON& Tower with Radar,0,0,16,0,16,0,1,89,0,90,0,1,105,0,106,180,0,180,286
10/07/2016,HUF,IN,AGL,CE,Combined TRACON& Tower with Radar,0,0,26,0,26,0,0,82,0,82,0,0,108,0,108,81,0,81,189
10/08/2016,HUF,IN,AGL,CE,Combined TRACON& Tower with Radar,0,0,8,1,9,0,0,56,0,56,0,0,64,1,65,75,0,75,140
10/09/2016,HUF,IN,AGL,CE,Combined TRACON& Tower with Radar,0,0,12,0,12,0,1,55,0,56,0,1,67,0,68,27,0,27,95
10/10/2016,HUF,IN,AGL,CE,Combined TRACON& Tower with Radar,0,0,32,0,32,0,2,112,0,114,0,2,144,0,146,120,0,120,266
10/11/2016,HUF,IN,AGL,CE,Combined TRACON& Tower with Radar,0,0,12,0,12,0,1,97,0,98,0,1,109,0,110,146,0,146,256
10/12/2016,HUF,IN,AGL,CE,Combined TRACON& Tower with Radar,0,0,16,0,16,0,0,20,0,20,0,0,36,0,36,16,0,16,52
10/13/2016,HUF,IN,AGL,CE,Combined TRACON& Tower with Radar,0,1,19,1,21,0,0,78,0,78,0,1,97,1,99,104,0,104,203
10/14/2016,HUF,IN,AGL,CE,Combined TRACON& Tower with Radar,0,0,9,0,9,0,0,107,0,107,0,0,116,0,116,148,0,148,264
10/15/2016,HUF,IN,AGL,CE,Combined TRACON& Tower with Radar,0,5,15,0,20,0,1,33,0,34,0,6,48,0,54,52,0,52,106
10/16/2016,HUF,IN,AGL,CE,Combined TRACON& Tower with Radar,0,2,9,0,11,0,0,26,0,26,0,2,35,0,37,38,0,38,75
10/17/2016,HUF,IN,AGL,CE,Combined TRACON& Tower with Radar,2,0,10,0,12,0,2,30,0,32,2,2,40,0,44,42,0,42,86
10/18/2016,HUF,IN,AGL,CE,Combined TRACON& Tower with Radar,0,2,30,0,32,0,0,54,0,54,0,2,84,0,86,28,0,28,114
10/19/2016,HUF,IN,AGL,CE,Combined TRACON& Tower with Radar,0,0,15,4,19,0,0,48,0,48,0,0,63,4,67,90,0,90,157
10/20/2016,HUF,IN,AGL,CE,Combined TRACON& Tower with Radar,0,0,31,0,31,0,0,20,0,20,0,0,51,0,51,24,0,24,75
10/21/2016,HUF,IN,AGL,CE,Combined TRACON& Tower with Radar,0,0,33,0,33,0,0,101,1,102,0,0,134,1,135,187,0,187,322
10/22/2016,HUF,IN,AGL,CE,Combined TRACON& Tower with Radar,0,0,16,0,16,0,1,78,0,79,0,1,94,0,95,230,12,242,337
10/23/2016,HUF,IN,AGL,CE,Combined TRACON& Tower with Radar,0,0,16,2,18,0,8,100,0,108,0,8,116,2,126,318,0,318,444
10/24/2016,HUF,IN,AGL,CE,Combined TRACON& Tower with Radar,0,1,8,0,9,0,10,74,0,84,0,11,82,0,93,242,0,242,335
10/25/2016,HUF,IN,AGL,CE,Combined TRACON& Tower with Radar,0,2,9,0,11,0,1,74,0,75,0,3,83,0,86,308,0,308,394
10/26/2016,HUF,IN,AGL,CE,Combined TRACON& Tower with Radar,0,4,7,0,11,0,1,20,0,21,0,5,27,0,32,38,0,38,70
10/27/2016,HUF,IN,AGL,CE,Combined TRACON& Tower with Radar,0,1,20,0,21,0,0,70,1,71,0,1,90,1,92,176,0,176,268
10/28/2016,HUF,IN,AGL,CE,Combined TRACON& Tower with Radar,0,5,16,2,23,0,2,79,2,83,0,7,95,4,106,32,0,32,138
10/29/2016,HUF,IN,AGL,CE,Combined TRACON& Tower with Radar,0,2,8,0,10,0,1,43,0,44,0,3,51,0,54,70,0,70,124
10/30/2016,HUF,IN,AGL,CE,Combined TRACON& Tower with Radar,0,0,16,0,16,0,1,24,0,25,0,1,40,0,41,40,0,40,81
10/31/2016,HUF,IN,AGL,CE,Combined TRACON& Tower with Radar,0,2,16,0,18,0,4,83,0,87,0,6,99,0,105,168,0,168,273
11/01/2016,HUF,IN,AGL,CE,Combined TRACON& Tower with Radar,0,0,30,14,44,0,0,107,0,107,0,0,137,14,151,104,0,104,255
11/02/2016,HUF,IN,AGL,CE,Combined TRACON& Tower with Radar,0,0,11,0,11,0,0,94,0,94,0,0,105,0,105,188,0,188,293
11/03/2016,HUF,IN,AGL,CE,Combined TRACON& Tower with Radar,0,0,23,0,23,0,0,44,0,44,0,0,67,0,67,68,0,68,135
11/04/2016,HUF,IN,AGL,CE,Combined TRACON& Tower with Radar,1,0,19,0,20,0,0,71,1,72,1,0,90,1,92,126,0,126,218
11/05/2016,HUF,IN,AGL,CE,Combined TRACON& Tower with Radar,1,0,22,1,24,0,1,83,0,84,1,1,105,1,108,126,0,126,234
11/06/2016,HUF,IN,AGL,CE,Combined TRACON& Tower with Radar,0,1,7,1,9,0,0,53,2,55,0,1,60,3,64,92,0,92,156
11/07/2016,HUF,IN,AGL,CE,Combined TRACON& Tower with Radar,0,4,23,0,27,0,1,127,0,128,0,5,150,0,155,218,0,218,373
11/08/2016,HUF,IN,AGL,CE,Combined TRACON& Tower with Radar,0,0,11,0,11,0,0,44,0,44,0,0,55,0,55,62,0,62,117
11/09/2016,HUF,IN,AGL,CE,Combined TRACON& Tower with Radar,0,0,24,0,24,0,1,88,0,89,0,1,112,0,113,110,0,110,223
11/10/2016,HUF,IN,AGL,CE,Combined TRACON& Tower with Radar,0,2,27,10,39,0,1,103,0,104,0,3,130,10,143,106,0,106,249
11/11/2016,HUF,IN,AGL,CE,Combined TRACON& Tower with Radar,2,2,26,0,30,0,0,64,0,64,2,2,90,0,94,54,0,54,148
11/12/2016,HUF,IN,AGL,CE,Combined TRACON& Tower with Radar,2,0,10,0,12,0,0,82,0,82,2,0,92,0,94,122,0,122,216
11/13/2016,HUF,IN,AGL,CE,Combined TRACON& Tower with Radar,0,3,8,0,11,0,0,43,0,43,0,3,51,0,54,38,0,38,92
11/14/2016,HUF,IN,AGL,CE,Combined TRACON& Tower with Radar,0,1,29,2,32,0,1,89,0,90,0,2,118,2,122,146,0,146,268
11/15/2016,HUF,IN,AGL,CE,Combined TRACON& Tower with Radar,0,0,30,2,32,0,1,109,0,110,0,1,139,2,142,132,0,132,274
11/16/2016,HUF,IN,AGL,CE,Combined TRACON& Tower with Radar,0,2,30,0,32,0,1,103,0,104,0,3,133,0,136,176,0,176,312
11/17/2016,HUF,IN,AGL,CE,Combined TRACON& Tower with Radar,0,0,27,2,29,0,0,115,5,120,0,0,142,7,149,154,0,154,303
11/18/2016,HUF,IN,AGL,CE,Combined TRACON& Tower with Radar,0,2,6,2,10,0,0,16,1,17,0,2,22,3,27,0,2,2,29
11/19/2016,HUF,IN,AGL,CE,Combined TRACON& Tower with Radar,0,2,6,0,8,0,1,2,0,3,0,3,8,0,11,0,0,0,11
11/20/2016,HUF,IN,AGL,CE,Combined TRACON& Tower with Radar,0,0,6,0,6,0,1,38,0,39,0,1,44,0,45,30,1,31,76
11/21/2016,HUF,IN,AGL,CE,Combined TRACON& Tower with Radar,0,0,18,0,18,0,0,86,2,88,0,0,104,2,106,88,4,92,198
11/22/2016,HUF,IN,AGL,CE,Combined TRACON& Tower with Radar,0,1,16,0,17,0,0,53,0,53,0,1,69,0,70,76,0,76,146
11/23/2016,HUF,IN,AGL,CE,Combined TRACON& Tower with Radar,0,0,4,0,4,0,0,0,0,0,0,0,4,0,4,0,0,0,4
11/24/2016,HUF,IN,AGL,CE,Combined TRACON& Tower with Radar,0,0,1,0,1,0,1,1,0,2,0,1,2,0,3,0,0,0,3
11/25/2016,HUF,IN,AGL,CE,Combined TRACON& Tower with Radar,0,0,5,0,5,0,1,2,0,3,0,1,7,0,8,0,0,0,8
11/26/2016,HUF,IN,AGL,CE,Combined TRACON& Tower with Radar,0,0,5,0,5,0,0,20,0,20,0,0,25,0,25,24,0,24,49
11/27/2016,HUF,IN,AGL,CE,Combined TRACON& Tower with Radar,0,4,20,0,24,0,0,13,0,13,0,4,33,0,37,4,0,4,41
11/28/2016,HUF,IN,AGL,CE,Combined TRACON& Tower with Radar,0,0,16,0,16,0,0,5,0,5,0,0,21,0,21,8,0,8,29
11/29/2016,HUF,IN,AGL,CE,Combined TRACON& Tower with Radar,0,0,18,0,18,0,0,43,0,43,0,0,61,0,61,52,0,52,113
11/30/2016,HUF,IN,AGL,CE,Combined TRACON& Tower with Radar,0,0,29,0,29,0,0,91,0,91,0,0,120,0,120,170,0,170,290
12/01/2016,HUF,IN,AGL,CE,Combined TRACON& Tower with Radar,0,1,12,0,13,0,2,27,0,29,0,3,39,0,42,94,0,94,136
12/02/2016,HUF,IN,AGL,CE,Combined TRACON& Tower with Radar,0,1,29,0,30,0,3,70,0,73,0,4,99,0,103,123,0,123,226
12/03/2016,HUF,IN,AGL,CE,Combined TRACON& Tower with Radar,0,2,16,0,18,0,2,43,0,45,0,4,59,0,63,18,0,18,81
12/04/2016,HUF,IN,AGL,CE,Combined TRACON& Tower with Radar,0,0,2,0,2,0,0,0,0,0,0,0,2,0,2,0,0,0,2
12/05/2016,HUF,IN,AGL,CE,Combined TRACON& Tower with Radar,0,0,16,0,16,0,4,51,0,55,0,4,67,0,71,60,0,60,131
12/06/2016,HUF,IN,AGL,CE,Combined TRACON& Tower with Radar,0,0,4,0,4,0,0,3,0,3,0,0,7,0,7,6,0,6,13
12/07/2016,HUF,IN,AGL,CE,Combined TRACON& Tower with Radar,0,0,27,2,29,0,2,123,0,125,0,2,150,2,154,130,2,132,286
12/08/2016,HUF,IN,AGL,CE,Combined TRACON& Tower with Radar,0,0,17,2,19,0,0,19,0,19,0,0,36,2,38,26,0,26,64
12/09/2016,HUF,IN,AGL,CE,Combined TRACON& Tower with Radar,0,2,18,7,27,0,0,64,1,65,0,2,82,8,92,116,10,126,218
12/10/2016,HUF,IN,AGL,CE,Combined TRACON& Tower with Radar,0,0,12,0,12,0,0,51,0,51,0,0,63,0,63,129,0,129,192
12/11/2016,HUF,IN,AGL,CE,Combined TRACON& Tower with Radar,0,0,1,0,1,0,0,0,0,0,0,0,1,0,1,0,0,0,1
12/12/2016,HUF,IN,AGL,CE,Combined TRACON& Tower with Radar,0,0,11,0,11,0,1,17,0,18,0,1,28,0,29,34,0,34,63
12/13/2016,HUF,IN,AGL,CE,Combined TRACON& Tower with Radar,0,0,10,2,12,0,0,3,0,3,0,0,13,2,15,0,0,0,15
12/14/2016,HUF,IN,AGL,CE,Combined TRACON& Tower with Radar,0,0,28,0,28,0,1,63,2,66,0,1,91,2,94,58,0,58,152
12/15/2016,HUF,IN,AGL,CE,Combined TRACON& Tower with Radar,0,0,19,2,21,0,0,51,0,51,0,0,70,2,72,40,0,40,112
12/16/2016,HUF,IN,AGL,CE,Combined TRACON& Tower with Radar,0,0,12,0,12,0,2,31,0,33,0,2,43,0,45,28,0,28,73
12/17/2016,HUF,IN,AGL,CE,Combined TRACON& Tower with Radar,0,0,8,0,8,0,0,0,0,0,0,0,8,0,8,0,0,0,8
12/18/2016,HUF,IN,AGL,CE,Combined TRACON& Tower with Radar,0,0,2,0,2,0,0,1,0,1,0,0,3,0,3,0,0,0,3
12/19/2016,HUF,IN,AGL,CE,Combined TRACON& Tower with Radar,0,0,13,0,13,0,1,44,0,45,0,1,57,0,58,36,1,37,95
12/20/2016,HUF,IN,AGL,CE,Combined TRACON& Tower with Radar,0,0,10,0,10,0,0,26,0,26,0,0,36,0,36,10,0,10,46
12/21/2016,HUF,IN,AGL,CE,Combined TRACON& Tower with Radar,0,2,26,0,28,0,1,52,0,53,0,3,78,0,81,44,0,44,125
12/22/2016,HUF,IN,AGL,CE,Combined TRACON& Tower with Radar,0,1,2,0,3,0,0,26,0,26,0,1,28,0,29,12,0,12,41
12/23/2016,HUF,IN,AGL,CE,Combined TRACON& Tower with Radar,0,1,11,0,12,0,0,14,0,14,0,1,25,0,26,20,0,20,46
12/24/2016,HUF,IN,AGL,CE,Combined TRACON& Tower with Radar,0,0,0,0,0,0,0,1,0,1,0,0,1,0,1,0,0,0,1
12/25/2016,HUF,IN,AGL,CE,Combined TRACON& Tower with Radar,0,0,2,0,2,0,0,0,0,0,0,0,2,0,2,0,0,0,2
12/26/2016,HUF,IN,AGL,CE,Combined TRACON& Tower with Radar,0,0,11,0,11,0,0,4,0,4,0,0,15,0,15,6,0,6,21
12/27/2016,HUF,IN,AGL,CE,Combined TRACON& Tower with Radar,1,0,4,0,5,0,2,30,0,32,1,2,34,0,37,28,0,28,65
12/28/2016,HUF,IN,AGL,CE,Combined TRACON& Tower with Radar,1,0,15,0,16,0,0,20,0,20,1,0,35,0,36,22,0,22,58
12/29/2016,HUF,IN,AGL,CE,Combined TRACON& Tower with Radar,0,0,0,0,0,0,1,6,0,7,0,1,6,0,7,6,0,6,13
12/30/2016,HUF,IN,AGL,CE,Combined TRACON& Tower with Radar,0,2,4,0,6,0,1,20,0,21,0,3,24,0,27,16,0,16,43
12/31/2016,HUF,IN,AGL,CE,Combined TRACON& Tower with Radar,0,4,2,0,6,0,1,4,0,5,0,5,6,0,11,0,0,0,11
01/01/2017,HUF,IN,AGL,CE,Combined TRACON& Tower with Radar,0,2,7,0,9,0,0,21,0,21,0,2,28,0,30,36,0,36,66
01/02/2017,HUF,IN,AGL,CE,Combined TRACON& Tower with Radar,0,2,10,0,12,0,0,1,0,1,0,2,11,0,13,0,0,0,13
01/03/2017,HUF,IN,AGL,CE,Combined TRACON& Tower with Radar,0,1,2,0,3,0,0,0,0,0,0,1,2,0,3,0,0,0,3
01/04/2017,HUF,IN,AGL,CE,Combined TRACON& Tower with Radar,0,2,8,0,10,0,0,11,0,11,0,2,19,0,21,4,0,4,25
01/05/2017,HUF,IN,AGL,CE,Combined TRACON& Tower with Radar,0,0,6,0,6,0,0,0,0,0,0,0,6,0,6,0,0,0,6
01/06/2017,HUF,IN,AGL,CE,Combined TRACON& Tower with Radar,0,0,9,0,9,0,2,18,0,20,0,2,27,0,29,28,0,28,57
01/07/2017,HUF,IN,AGL,CE,Combined TRACON& Tower with Radar,0,2,6,2,10,0,0,13,0,13,0,2,19,2,23,3,0,3,26
01/08/2017,HUF,IN,AGL,CE,Combined TRACON& Tower with Radar,0,0,6,0,6,0,1,25,0,26,0,1,31,0,32,30,0,30,62
01/09/2017,HUF,IN,AGL,CE,Combined TRACON& Tower with Radar,0,3,13,2,18,0,2,24,0,26,0,5,37,2,44,44,0,44,88
01/10/2017,HUF,IN,AGL,CE,Combined TRACON& Tower with Radar,0,3,3,0,6,0,0,4,0,4,0,3,7,0,10,0,0,0,10
01/11/2017,HUF,IN,AGL,CE,Combined TRACON& Tower with Radar,0,2,16,0,18,0,0,3,0,3,0,2,19,0,21,0,0,0,21
01/12/2017,HUF,IN,AGL,CE,Combined TRACON& Tower with Radar,0,2,5,0,7,0,1,1,0,2,0,3,6,0,9,0,0,0,9
01/13/2017,HUF,IN,AGL,CE,Combined TRACON& Tower with Radar,0,1,13,0,14,0,2,18,0,20,0,3,31,0,34,22,0,22,56
01/14/2017,HUF,IN,AGL,CE,Combined TRACON& Tower with Radar,0,0,1,0,1,0,0,0,0,0,0,0,1,0,1,0,0,0,1
01/15/2017,HUF,IN,AGL,CE,Combined TRACON& Tower with Radar,0,0,1,0,1,0,0,2,0,2,0,0,3,0,3,12,0,12,15
01/16/2017,HUF,IN,AGL,CE,Combined TRACON& Tower with Radar,0,2,4,0,6,0,0,0,0,0,0,2,4,0,6,0,0,0,6
01/17/2017,HUF,IN,AGL,CE,Combined TRACON& Tower with Radar,0,4,11,0,15,0,0,1,0,1,0,4,12,0,16,2,0,2,18
01/18/2017,HUF,IN,AGL,CE,Combined TRACON& Tower with Radar,0,1,23,0,24,0,0,2,0,2,0,1,25,0,26,0,0,0,26
01/19/2017,HUF,IN,AGL,CE,Combined TRACON& Tower with Radar,0,5,13,2,20,0,0,33,0,33,0,5,46,2,53,50,0,50,103
01/20/2017,HUF,IN,AGL,CE,Combined TRACON& Tower with Radar,0,1,9,0,10,0,0,8,0,8,0,1,17,0,18,38,0,38,56
01/21/2017,HUF,IN,AGL,CE,Combined TRACON& Tower with Radar,0,2,17,0,19,0,1,49,0,50,0,3,66,0,69,44,0,44,113
01/22/2017,HUF,IN,AGL,CE,Combined TRACON& Tower with Radar,0,0,15,0,15,0,0,23,0,23,0,0,38,0,38,55,0,55,93
01/23/2017,HUF,IN,AGL,CE,Combined TRACON& Tower with Radar,0,0,17,2,19,0,0,5,0,5,0,0,22,2,24,6,0,6,30
01/24/2017,HUF,IN,AGL,CE,Combined TRACON& Tower with Radar,0,0,19,2,21,0,0,28,0,28,0,0,47,2,49,152,0,152,201
01/25/2017,HUF,IN,AGL,CE,Combined TRACON& Tower with Radar,0,0,21,4,25,0,0,59,2,61,0,0,80,6,86,92,0,92,178
01/26/2017,HUF,IN,AGL,CE,Combined TRACON& Tower with Radar,0,2,9,0,11,0,0,0,0,0,0,2,9,0,11,0,0,0,11
01/27/2017,HUF,IN,AGL,CE,Combined TRACON& Tower with Radar,0,2,5,4,11,0,0,18,0,18,0,2,23,4,29,137,0,137,166
01/28/2017,HUF,IN,AGL,CE,Combined TRACON& Tower with Radar,0,0,4,0,4,0,1,9,1,11,0,1,13,1,15,12,0,12,27
01/29/2017,HUF,IN,AGL,CE,Combined TRACON& Tower with Radar,0,0,4,0,4,0,0,4,0,4,0,0,8,0,8,8,0,8,16
01/30/2017,HUF,IN,AGL,CE,Combined TRACON& Tower with Radar,0,0,20,2,22,1,1,99,0,101,1,1,119,2,123,132,14,146,269
01/31/2017,HUF,IN,AGL,CE,Combined TRACON& Tower with Radar,0,0,14,0,14,0,2,50,0,52,0,2,64,0,66,74,0,74,140
02/01/2017,HUF,IN,AGL,CE,Combined TRACON& Tower with Radar,0,0,24,0,24,0,0,86,0,86,0,0,110,0,110,107,0,107,217
02/02/2017,HUF,IN,AGL,CE,Combined TRACON& Tower with Radar,0,0,25,0,25,0,2,79,0,81,0,2,104,0,106,91,0,91,197
02/03/2017,HUF,IN,AGL,CE,Combined TRACON& Tower with Radar,0,3,28,0,31,0,3,80,0,83,0,6,108,0,114,166,0,166,280
02/04/2017,HUF,IN,AGL,CE,Combined TRACON& Tower with Radar,0,2,20,0,22,0,5,106,0,111,0,7,126,0,133,95,0,95,228
02/05/2017,HUF,IN,AGL,CE,Combined TRACON& Tower with Radar,0,0,9,0,9,0,0,28,0,28,0,0,37,0,37,14,0,14,51
02/06/2017,HUF,IN,AGL,CE,Combined TRACON& Tower with Radar,0,2,8,0,10,0,0,9,0,9,0,2,17,0,19,4,0,4,23
02/07/2017,HUF,IN,AGL,CE,Combined TRACON& Tower with Radar,0,4,8,0,12,0,7,12,0,19,0,11,20,0,31,0,0,0,31
02/08/2017,HUF,IN,AGL,CE,Combined TRACON& Tower with Radar,0,0,10,0,10,0,0,15,0,15,0,0,25,0,25,92,0,92,117
02/09/2017,HUF,IN,AGL,CE,Combined TRACON& Tower with Radar,0,0,37,0,37,0,0,92,0,92,0,0,129,0,129,84,0,84,213
02/10/2017,HUF,IN,AGL,CE,Combined TRACON& Tower with Radar,0,2,8,0,10,0,0,30,0,30,0,2,38,0,40,24,0,24,64
02/11/2017,HUF,IN,AGL,CE,Combined TRACON& Tower with Radar,0,0,3,0,3,0,1,41,0,42,0,1,44,0,45,58,0,58,103
02/12/2017,HUF,IN,AGL,CE,Combined TRACON& Tower with Radar,0,0,10,0,10,0,0,13,0,13,0,0,23,0,23,20,0,20,43
02/13/2017,HUF,IN,AGL,CE,Combined TRACON& Tower with Radar,0,0,23,0,23,0,4,95,0,99,0,4,118,0,122,168,0,168,290
02/14/2017,HUF,IN,AGL,CE,Combined TRACON& Tower with Radar,0,0,23,0,23,0,0,82,0,82,0,0,105,0,105,87,0,87,192
02/15/2017,HUF,IN,AGL,CE,Combined TRACON& Tower with Radar,0,0,25,0,25,0,4,106,0,110,0,4,131,0,135,70,0,70,205
02/16/2017,HUF,IN,AGL,CE,Combined TRACON& Tower with Radar,0,5,20,0,25,0,3,59,0,62,0,8,79,0,87,166,0,166,253
02/17/2017,HUF,IN,AGL,CE,Combined TRACON& Tower with Radar,0,1,28,1,30,0,2,107,0,109,0,3,135,1,139,181,0,181,320
02/18/2017,HUF,IN,AGL,CE,Combined TRACON& Tower with Radar,0,0,15,1,16,0,6,113,0,119,0,6,128,1,135,208,0,208,343
02/19/2017,HUF,IN,AGL,CE,Combined TRACON& Tower with Radar,0,6,5,0,11,0,4,19,0,23,0,10,24,0,34,80,0,80,114
02/20/2017,HUF,IN,AGL,CE,Combined TRACON& Tower with Radar,0,0,25,0,25,0,0,75,0,75,0,0,100,0,100,153,5,158,258
02/21/2017,HUF,IN,AGL,CE,Combined TRACON& Tower with Radar,0,1,25,0,26,0,0,74,0,74,0,1,99,0,100,152,0,152,252
02/22/2017,HUF,IN,AGL,CE,Combined TRACON& Tower with Radar,0,5,15,0,20,0,5,10,0,15,0,10,25,0,35,85,0,85,120
02/23/2017,HUF,IN,AGL,CE,Combined TRACON& Tower with Radar,0,2,35,0,37,0,0,46,0,46,0,2,81,0,83,60,0,60,143
02/24/2017,HUF,IN,AGL,CE,Combined TRACON& Tower with Radar,0,0,6,0,6,0,0,9,2,11,0,0,15,2,17,4,0,4,21
02/25/2017,HUF,IN,AGL,CE,Combined TRACON& Tower with Radar,0,0,9,1,10,0,0,8,0,8,0,0,17,1,18,0,0,0,18
02/26/2017,HUF,IN,AGL,CE,Combined TRACON& Tower with Radar,0,0,9,1,10,0,1,39,0,40,0,1,48,1,50,22,0,22,72
02/27/2017,HUF,IN,AGL,CE,Combined TRACON& Tower with Radar,0,0,20,0,20,0,0,75,0,75,0,0,95,0,95,164,0,164,259
02/28/2017,HUF,IN,AGL,CE,Combined TRACON& Tower with Radar,0,0,7,0,7,0,0,0,0,0,0,0,7,0,7,0,0,0,7
03/01/2017,HUF,IN,AGL,CE,Combined TRACON& Tower with Radar,0,0,5,0,5,0,4,0,0,4,0,4,5,0,9,0,0,0,9
03/02/2017,HUF,IN,AGL,CE,Combined TRACON& Tower with Radar,0,2,27,0,29,0,4,80,0,84,0,6,107,0,113,146,0,146,259
03/03/2017,HUF,IN,AGL,CE,Combined TRACON& Tower with Radar,0,0,25,4,29,0,0,100,0,100,0,0,125,4,129,178,0,178,307
03/04/2017,HUF,IN,AGL,CE,Combined TRACON& Tower with Radar,0,0,13,0,13,0,8,83,0,91,0,8,96,0,104,90,0,90,194
03/05/2017,HUF,IN,AGL,CE,Combined TRACON& Tower with Radar,0,0,9,0,9,0,7,31,0,38,0,7,40,0,47,4,0,4,51
03/06/2017,HUF,IN,AGL,CE,Combined TRACON& Tower with Radar,0,0,13,0,13,0,2,0,0,2,0,2,13,0,15,0,0,0,15
03/07/2017,HUF,IN,AGL,CE,Combined TRACON& Tower with Radar,0,0,22,11,33,0,2,70,0,72,0,2,92,11,105,153,0,153,258
03/08/2017,HUF,IN,AGL,CE,Combined TRACON& Tower with Radar,0,2,20,0,22,0,1,57,1,59,0,3,77,1,81,70,0,70,151
03/09/2017,HUF,IN,AGL,CE,Combined TRACON& Tower with Radar,0,0,47,0,47,0,1,82,0,83,0,1,129,0,130,230,0,230,360
03/10/2017,HUF,IN,AGL,CE,Combined TRACON& Tower with Radar,0,2,10,0,12,0,7,87,0,94,0,9,97,0,106,156,0,156,262
03/11/2017,HUF,IN,AGL,CE,Combined TRACON& Tower with Radar,0,0,6,0,6,0,4,62,0,66,0,4,68,0,72,104,0,104,176
03/12/2017,HUF,IN,AGL,CE,Combined TRACON& Tower with Radar,0,0,10,0,10,0,0,37,0,37,0,0,47,0,47,75,0,75,122
03/13/2017,HUF,IN,AGL,CE,Combined TRACON& Tower with Radar,0,0,10,0,10,0,0,8,0,8,0,0,18,0,18,2,0,2,20
03/14/2017,HUF,IN,AGL,CE,Combined TRACON& Tower with Radar,0,1,28,2,31,0,1,61,0,62,0,2,89,2,93,116,0,116,209
03/15/2017,HUF,IN,AGL,CE,Combined TRACON& Tower with Radar,2,1,18,2,23,0,3,49,0,52,2,4,67,2,75,34,0,34,109
03/16/2017,HUF,IN,AGL,CE,Combined TRACON& Tower with Radar,0,2,11,0,13,0,2,31,0,33,0,4,42,0,46,18,0,18,64
03/17/2017,HUF,IN,AGL,CE,Combined TRACON& Tower with Radar,0,0,7,0,7,0,2,0,0,2,0,2,7,0,9,0,0,0,9
03/18/2017,HUF,IN,AGL,CE,Combined TRACON& Tower with Radar,0,0,4,0,4,0,0,10,0,10,0,0,14,0,14,16,0,16,30
03/19/2017,HUF,IN,AGL,CE,Combined TRACON& Tower with Radar,0,1,8,0,9,0,4,46,0,50,0,5,54,0,59,56,0,56,115
03/20/2017,HUF,IN,AGL,CE,Combined TRACON& Tower with Radar,0,4,12,0,16,0,0,65,0,65,0,4,77,0,81,106,0,106,187
03/21/2017,HUF,IN,AGL,CE,Combined TRACON& Tower with Radar,0,1,24,1,26,0,0,60,1,61,0,1,84,2,87,55,0,55,142
03/22/2017,HUF,IN,AGL,CE,Combined TRACON& Tower with Radar,0,0,25,0,25,0,16,114,0,130,0,16,139,0,155,130,0,130,285
03/23/2017,HUF,IN,AGL,CE,Combined TRACON& Tower with Radar,0,0,34,0,34,0,0,95,0,95,0,0,129,0,129,150,0,150,279
03/24/2017,HUF,IN,AGL,CE,Combined TRACON& Tower with Radar,0,0,7,1,8,0,4,6,0,10,0,4,13,1,18,16,0,16,34
03/25/2017,HUF,IN,AGL,CE,Combined TRACON& Tower with Radar,0,0,4,0,4,0,2,20,0,22,0,2,24,0,26,32,0,32,58
03/26/2017,HUF,IN,AGL,CE,Combined TRACON& Tower with Radar,0,0,12,0,12,0,7,10,0,17,0,7,22,0,29,72,0,72,101
03/27/2017,HUF,IN,AGL,CE,Combined TRACON& Tower with Radar,0,0,17,1,18,0,0,33,0,33,0,0,50,1,51,117,0,117,168
03/28/2017,HUF,IN,AGL,CE,Combined TRACON& Tower with Radar,0,4,37,0,41,0,2,38,0,40,0,6,75,0,81,75,0,75,156
03/29/2017,HUF,IN,AGL,CE,Combined TRACON& Tower with Radar,0,0,29,0,29,0,3,29,0,32,0,3,58,0,61,102,0,102,163
03/30/2017,HUF,IN,AGL,CE,Combined TRACON& Tower with Radar,0,1,3,0,4,0,1,6,0,7,0,2,9,0,11,0,0,0,11
03/31/2017,HUF,IN,AGL,CE,Combined TRACON& Tower with Radar,0,1,8,2,11,0,1,0,0,1,0,2,8,2,12,0,0,0,12
04/01/2017,HUF,IN,AGL,CE,Combined TRACON& Tower with Radar,0,0,8,1,9,0,1,27,0,28,0,1,35,1,37,83,0,83,120
04/02/2017,HUF,IN,AGL,CE,Combined TRACON& Tower with Radar,0,2,15,0,17,0,4,80,0,84,0,6,95,0,101,174,0,174,275
04/03/2017,HUF,IN,AGL,CE,Combined TRACON& Tower with Radar,0,0,12,0,12,0,1,29,0,30,0,1,41,0,42,128,0,128,170
04/04/2017,HUF,IN,AGL,CE,Combined TRACON& Tower with Radar,0,0,27,0,27,0,3,85,0,88,0,3,112,0,115,133,0,133,248
04/05/2017,HUF,IN,AGL,CE,Combined TRACON& Tower with Radar,0,0,4,0,4,0,0,8,1,9,0,0,12,1,13,0,0,0,13
04/06/2017,HUF,IN,AGL,CE,Combined TRACON& Tower with Radar,0,2,8,0,10,0,0,5,0,5,0,2,13,0,15,0,0,0,15
04/07/2017,HUF,IN,AGL,CE,Combined TRACON& Tower with Radar,0,2,38,1,41,0,1,107,0,108,0,3,145,1,149,169,0,169,318
04/08/2017,HUF,IN,AGL,CE,Combined TRACON& Tower with Radar,0,0,11,0,11,0,3,81,0,84,0,3,92,0,95,156,0,156,251
04/09/2017,HUF,IN,AGL,CE,Combined TRACON& Tower with Radar,0,2,2,0,4,0,5,12,0,17,0,7,14,0,21,10,0,10,31
04/10/2017,HUF,IN,AGL,CE,Combined TRACON& Tower with Radar,0,0,17,0,17,0,0,51,0,51,0,0,68,0,68,50,0,50,118
04/11/2017,HUF,IN,AGL,CE,Combined TRACON& Tower with Radar,0,0,22,0,22,0,0,90,3,93,0,0,112,3,115,224,0,224,339
04/12/2017,HUF,IN,AGL,CE,Combined TRACON& Tower with Radar,0,2,33,0,35,0,5,102,0,107,0,7,135,0,142,180,0,180,322
04/13/2017,HUF,IN,AGL,CE,Combined TRACON& Tower with Radar,0,2,24,1,27,0,1,104,0,105,0,3,128,1,132,197,0,197,329
04/14/2017,HUF,IN,AGL,CE,Combined TRACON& Tower with Radar,0,0,14,0,14,0,2,73,0,75,0,2,87,0,89,178,0,178,267
04/15/2017,HUF,IN,AGL,CE,Combined TRACON& Tower with Radar,0,0,9,0,9,0,6,30,0,36,0,6,39,0,45,22,0,22,67
04/16/2017,HUF,IN,AGL,CE,Combined TRACON& Tower with Radar,0,0,1,0,1,0,0,2,0,2,0,0,3,0,3,0,0,0,3
04/17/2017,HUF,IN,AGL,CE,Combined TRACON& Tower with Radar,0,2,24,0,26,0,0,76,0,76,0,2,100,0,102,110,0,110,212
04/18/2017,HUF,IN,AGL,CE,Combined TRACON& Tower with Radar,0,0,27,0,27,0,6,113,0,119,0,6,140,0,146,189,0,189,335
04/19/2017,HUF,IN,AGL,CE,Combined TRACON& Tower with Radar,0,0,26,2,28,0,0,56,0,56,0,0,82,2,84,89,0,89,173
04/20/2017,HUF,IN,AGL,CE,Combined TRACON& Tower with Radar,0,0,17,0,17,0,2,16,0,18,0,2,33,0,35,24,0,24,59
04/21/2017,HUF,IN,AGL,CE,Combined TRACON& Tower with Radar,0,2,25,8,35,0,3,49,0,52,0,5,74,8,87,85,0,85,172
04/22/2017,HUF,IN,AGL,CE,Combined TRACON& Tower with Radar,0,0,2,0,2,0,4,17,0,21,0,4,19,0,23,30,0,30,53
04/23/2017,HUF,IN,AGL,CE,Combined TRACON& Tower with Radar,0,0,11,0,11,0,3,48,0,51,0,3,59,0,62,24,0,24,86
04/24/2017,HUF,IN,AGL,CE,Combined TRACON& Tower with Radar,0,2,35,0,37,0,5,81,0,86,0,7,116,0,123,176,0,176,299
04/25/2017,HUF,IN,AGL,CE,Combined TRACON& Tower with Radar,0,0,30,0,30,0,2,81,0,83,0,2,111,0,113,109,0,109,222
04/26/2017,HUF,IN,AGL,CE,Combined TRACON& Tower with Radar,0,0,19,0,19,0,2,31,0,33,0,2,50,0,52,50,0,50,102
04/27/2017,HUF,IN,AGL,CE,Combined TRACON& Tower with Radar,0,0,13,0,13,0,0,1,0,1,0,0,14,0,14,54,0,54,68
04/28/2017,HUF,IN,AGL,CE,Combined TRACON& Tower with Radar,2,0,16,0,18,0,0,34,0,34,2,0,50,0,52,60,0,60,112
04/29/2017,HUF,IN,AGL,CE,Combined TRACON& Tower with Radar,0,0,0,0,0,0,1,3,0,4,0,1,3,0,4,0,0,0,4
04/30/2017,HUF,IN,AGL,CE,Combined TRACON& Tower with Radar,0,0,0,0,0,0,0,3,0,3,0,0,3,0,3,0,0,0,3
05/01/2017,HUF,IN,AGL,CE,Combined TRACON& Tower with Radar,0,0,11,0,11,0,10,25,0,35,0,10,36,0,46,50,0,50,96
05/02/2017,HUF,IN,AGL,CE,Combined TRACON& Tower with Radar,0,0,20,0,20,0,0,44,0,44,0,0,64,0,64,52,0,52,116
05/03/2017,HUF,IN,AGL,CE,Combined TRACON& Tower with Radar,0,0,34,0,34,0,0,38,0,38,0,0,72,0,72,56,0,56,128
05/04/2017,HUF,IN,AGL,CE,Combined TRACON& Tower with Radar,0,3,4,0,7,0,0,0,0,0,0,3,4,0,7,0,0,0,7
05/05/2017,HUF,IN,AGL,CE,Combined TRACON& Tower with Radar,0,1,9,0,10,0,4,6,0,10,0,5,15,0,20,0,0,0,20
05/06/2017,HUF,IN,AGL,CE,Combined TRACON& Tower with Radar,0,0,13,0,13,0,2,15,2,19,0,2,28,2,32,10,0,10,42
05/07/2017,HUF,IN,AGL,CE,Combined TRACON& Tower with Radar,0,0,26,2,28,0,3,73,0,76,0,3,99,2,104,99,0,99,203
05/08/2017,HUF,IN,AGL,CE,Combined TRACON& Tower with Radar,0,0,44,2,46,0,0,104,1,105,0,0,148,3,151,102,0,102,253
05/09/2017,HUF,IN,AGL,CE,Combined TRACON& Tower with Radar,0,4,29,0,33,0,3,78,0,81,0,7,107,0,114,164,0,164,278
05/10/2017,HUF,IN,AGL,CE,Combined TRACON& Tower with Radar,0,2,18,0,20,0,1,49,0,50,0,3,67,0,70,136,0,136,206
05/11/2017,HUF,IN,AGL,CE,Combined TRACON& Tower with Radar,0,2,6,0,8,0,0,1,0,1,0,2,7,0,9,0,0,0,9
05/12/2017,HUF,IN,AGL,CE,Combined TRACON& Tower with Radar,0,0,30,2,32,0,5,66,0,71,0,5,96,2,103,94,0,94,197
05/13/2017,HUF,IN,AGL,CE,Combined TRACON& Tower with Radar,0,0,11,0,11,0,0,19,0,19,0,0,30,0,30,18,0,18,48
05/14/2017,HUF,IN,AGL,CE,Combined TRACON& Tower with Radar,0,0,6,0,6,0,1,31,2,34,0,1,37,2,40,66,0,66,106
05/15/2017,HUF,IN,AGL,CE,Combined TRACON& Tower with Radar,0,0,26,0,26,0,9,103,0,112,0,9,129,0,138,116,0,116,254
05/16/2017,HUF,IN,AGL,CE,Combined TRACON& Tower with Radar,0,0,19,0,19,0,5,86,0,91,0,5,105,0,110,134,0,134,244
05/17/2017,HUF,IN,AGL,CE,Combined TRACON& Tower with Radar,0,0,10,0,10,0,2,20,0,22,0,2,30,0,32,52,0,52,84
05/18/2017,HUF,IN,AGL,CE,Combined TRACON& Tower with Radar,0,0,29,1,30,0,0,66,0,66,0,0,95,1,96,93,0,93,189
05/19/2017,HUF,IN,AGL,CE,Combined TRACON& Tower with Radar,0,0,10,0,10,0,1,11,0,12,0,1,21,0,22,20,0,20,42
05/20/2017,HUF,IN,AGL,CE,Combined TRACON& Tower with Radar,0,0,1,0,1,0,0,0,0,0,0,0,1,0,1,0,0,0,1
05/21/2017,HUF,IN,AGL,CE,Combined TRACON& Tower with Radar,0,0,8,0,8,0,1,8,0,9,0,1,16,0,17,0,0,0,17
05/22/2017,HUF,IN,AGL,CE,Combined TRACON& Tower with Radar,0,0,22,0,22,0,2,105,0,107,0,2,127,0,129,216,0,216,345
05/23/2017,HUF,IN,AGL,CE,Combined TRACON& Tower with Radar,0,0,35,0,35,0,1,74,0,75,0,1,109,0,110,108,0,108,218
05/24/2017,HUF,IN,AGL,CE,Combined TRACON& Tower with Radar,0,0,12,2,14,0,0,1,1,2,0,0,13,3,16,0,0,0,16
05/25/2017,HUF,IN,AGL,CE,Combined TRACON& Tower with Radar,0,0,27,0,27,0,0,24,0,24,0,0,51,0,51,105,0,105,156
05/26/2017,HUF,IN,AGL,CE,Combined TRACON& Tower with Radar,0,0,20,0,20,0,2,70,0,72,0,2,90,0,92,132,0,132,224
05/27/2017,HUF,IN,AGL,CE,Combined TRACON& Tower with Radar,0,2,6,0,8,0,5,21,0,26,0,7,27,0,34,26,0,26,60
05/28/2017,HUF,IN,AGL,CE,Combined TRACON& Tower with Radar,0,0,3,0,3,0,11,12,0,23,0,11,15,0,26,6,0,6,32
05/29/2017,HUF,IN,AGL,CE,Combined TRACON& Tower with Radar,0,0,11,0,11,0,2,26,0,28,0,2,37,0,39,42,0,42,81
05/30/2017,HUF,IN,AGL,CE,Combined TRACON& Tower with Radar,0,2,17,0,19,0,2,50,0,52,0,4,67,0,71,88,0,88,159
05/31/2017,HUF,IN,AGL,CE,Combined TRACON& Tower with Radar,0,2,21,0,23,0,1,72,0,73,0,3,93,0,96,122,0,122,218
06/01/2017,HUF,IN,AGL,CE,Combined TRACON& Tower with Radar,0,3,16,0,19,0,16,67,2,85,0,19,83,2,104,158,0,158,262
06/02/2017,HUF,IN,AGL,CE,Combined TRACON& Tower with Radar,0,1,20,1,22,0,5,52,1,58,0,6,72,2,80,98,0,98,178
06/03/2017,HUF,IN,AGL,CE,Combined TRACON& Tower with Radar,0,0,2,0,2,0,3,54,0,57,0,3,56,0,59,20,0,20,79
06/04/2017,HUF,IN,AGL,CE,Combined TRACON& Tower with Radar,0,0,8,0,8,0,8,20,0,28,0,8,28,0,36,10,0,10,46
06/05/2017,HUF,IN,AGL,CE,Combined TRACON& Tower with Radar,0,0,24,2,26,0,0,56,0,56,0,0,80,2,82,190,0,190,272
06/06/2017,HUF,IN,AGL,CE,Combined TRACON& Tower with Radar,0,0,15,0,15,0,3,76,1,80,0,3,91,1,95,138,0,138,233
06/07/2017,HUF,IN,AGL,CE,Combined TRACON& Tower with Radar,0,2,25,0,27,0,0,63,2,65,0,2,88,2,92,130,0,130,222
06/08/2017,HUF,IN,AGL,CE,Combined TRACON& Tower with Radar,0,1,27,0,28,0,4,61,0,65,0,5,88,0,93,111,0,111,204
06/09/2017,HUF,IN,AGL,CE,Combined TRACON& Tower with Radar,0,1,19,0,20,0,2,66,0,68,0,3,85,0,88,108,0,108,196
06/10/2017,HUF,IN,AGL,CE,Combined TRACON& Tower with Radar,0,0,13,7,20,0,6,27,0,33,0,6,40,7,53,52,2,54,107
06/11/2017,HUF,IN,AGL,CE,Combined TRACON& Tower with Radar,0,0,3,0,3,0,4,28,0,32,0,4,31,0,35,44,0,44,79
06/12/2017,HUF,IN,AGL,CE,Combined TRACON& Tower with Radar,0,2,18,0,20,0,1,65,0,66,0,3,83,0,86,130,0,130,216
06/13/2017,HUF,IN,AGL,CE,Combined TRACON& Tower with Radar,0,0,11,2,13,0,0,31,0,31,0,0,42,2,44,56,0,56,100
06/14/2017,HUF,IN,AGL,CE,Combined TRACON& Tower with Radar,0,3,28,0,31,0,2,66,0,68,0,5,94,0,99,166,0,166,265
06/15/2017,HUF,IN,AGL,CE,Combined TRACON& Tower with Radar,0,0,20,0,20,0,2,26,0,28,0,2,46,0,48,36,0,36,84
06/16/2017,HUF,IN,AGL,CE,Combined TRACON& Tower with Radar,0,0,21,3,24,0,0,34,0,34,0,0,55,3,58,70,0,70,128
06/17/2017,HUF,IN,AGL,CE,Combined TRACON& Tower with Radar,0,0,4,0,4,0,3,27,0,30,0,3,31,0,34,34,0,34,68
06/18/2017,HUF,IN,AGL,CE,Combined TRACON& Tower with Radar,0,0,3,0,3,0,5,3,0,8,0,5,6,0,11,14,0,14,25
06/19/2017,HUF,IN,AGL,CE,Combined TRACON& Tower with Radar,0,0,19,0,19,0,3,66,4,73,0,3,85,4,92,110,0,110,202
06/20/2017,HUF,IN,AGL,CE,Combined TRACON& Tower with Radar,0,0,29,2,31,0,5,68,0,73,0,5,97,2,104,68,0,68,172
06/21/2017,HUF,IN,AGL,CE,Combined TRACON& Tower with Radar,0,0,21,2,23,0,0,74,1,75,0,0,95,3,98,152,0,152,250
06/22/2017,HUF,IN,AGL,CE,Combined TRACON& Tower with Radar,0,3,28,0,31,0,1,30,0,31,0,4,58,0,62,68,0,68,130
06/23/2017,HUF,IN,AGL,CE,Combined TRACON& Tower with Radar,0,0,7,0,7,0,2,3,0,5,0,2,10,0,12,6,0,6,18
06/24/2017,HUF,IN,AGL,CE,Combined TRACON& Tower with Radar,0,0,12,0,12,0,2,57,0,59,0,2,69,0,71,34,0,34,105
06/25/2017,HUF,IN,AGL,CE,Combined TRACON& Tower with Radar,0,0,6,0,6,0,0,18,0,18,0,0,24,0,24,2,0,2,26
06/26/2017,HUF,IN,AGL,CE,Combined TRACON& Tower with Radar,0,0,25,2,27,0,4,79,0,83,0,4,104,2,110,212,0,212,322
06/27/2017,HUF,IN,AGL,CE,Combined TRACON& Tower with Radar,0,1,30,0,31,0,2,92,0,94,0,3,122,0,125,202,0,202,327
06/28/2017,HUF,IN,AGL,CE,Combined TRACON& Tower with Radar,0,0,21,0,21,0,3,67,0,70,0,3,88,0,91,98,0,98,189
06/29/2017,HUF,IN,AGL,CE,Combined TRACON& Tower with Radar,0,0,20,0,20,0,0,32,0,32,0,0,52,0,52,8,0,8,60
06/30/2017,HUF,IN,AGL,CE,Combined TRACON& Tower with Radar,0,0,12,0,12,0,0,2,0,2,0,0,14,0,14,66,0,66,80
07/01/2017,HUF,IN,AGL,CE,Combined TRACON& Tower with Radar,0,0,12,0,12,0,1,22,0,23,0,1,34,0,35,47,0,47,82
07/02/2017,HUF,IN,AGL,CE,Combined TRACON& Tower with Radar,0,0,0,0,0,0,3,29,0,32,0,3,29,0,32,56,0,56,88
07/03/2017,HUF,IN,AGL,CE,Combined TRACON& Tower with Radar,0,0,12,0,12,0,4,46,0,50,0,4,58,0,62,62,0,62,124
07/04/2017,HUF,IN,AGL,CE,Combined TRACON& Tower with Radar,0,1,6,0,7,0,2,16,0,18,0,3,22,0,25,4,0,4,29
07/05/2017,HUF,IN,AGL,CE,Combined TRACON& Tower with Radar,0,1,14,0,15,0,5,27,0,32,0,6,41,0,47,26,0,26,73
07/06/2017,HUF,IN,AGL,CE,Combined TRACON& Tower with Radar,0,2,26,1,29,0,3,30,1,34,0,5,56,2,63,49,0,49,112
07/07/2017,HUF,IN,AGL,CE,Combined TRACON& Tower with Radar,0,0,19,12,31,0,2,38,0,40,0,2,57,12,71,62,24,86,157
07/08/2017,HUF,IN,AGL,CE,Combined TRACON& Tower with Radar,0,2,9,13,24,0,3,53,7,63,0,5,62,20,87,98,0,98,185
07/09/2017,HUF,IN,AGL,CE,Combined TRACON& Tower with Radar,0,0,9,2,11,0,5,27,1,33,0,5,36,3,44,32,0,32,76
07/10/2017,HUF,IN,AGL,CE,Combined TRACON& Tower with Radar,0,0,20,7,27,0,1,37,0,38,0,1,57,7,65,36,0,36,101
07/11/2017,HUF,IN,AGL,CE,Combined TRACON& Tower with Radar,0,0,15,4,19,0,2,21,0,23,0,2,36,4,42,62,4,66,108
07/12/2017,HUF,IN,AGL,CE,Combined TRACON& Tower with Radar,0,0,32,9,41,0,8,43,5,56,0,8,75,14,97,140,10,150,247
07/13/2017,HUF,IN,AGL,CE,Combined TRACON& Tower with Radar,0,2,33,5,40,0,2,16,0,18,0,4,49,5,58,74,0,74,132
07/14/2017,HUF,IN,AGL,CE,Combined TRACON& Tower with Radar,0,0,22,10,32,0,7,52,0,59,0,7,74,10,91,195,0,195,286
07/15/2017,HUF,IN,AGL,CE,Combined TRACON& Tower with Radar,0,0,7,2,9,0,4,25,0,29,0,4,32,2,38,42,0,42,80
07/16/2017,HUF,IN,AGL,CE,Combined TRACON& Tower with Radar,0,0,5,0,5,0,0,11,0,11,0,0,16,0,16,44,0,44,60
07/17/2017,HUF,IN,AGL,CE,Combined TRACON& Tower with Radar,0,0,24,0,24,0,3,69,0,72,0,3,93,0,96,188,0,188,284
07/18/2017,HUF,IN,AGL,CE,Combined TRACON& Tower with Radar,2,1,31,1,35,0,2,62,0,64,2,3,93,1,99,76,0,76,175
07/19/2017,HUF,IN,AGL,CE,Combined TRACON& Tower with Radar,0,0,30,0,30,0,3,73,0,76,0,3,103,0,106,254,0,254,360
07/20/2017,HUF,IN,AGL,CE,Combined TRACON& Tower with Radar,0,2,20,2,24,0,2,70,0,72,0,4,90,2,96,94,0,94,190
07/21/2017,HUF,IN,AGL,CE,Combined TRACON& Tower with Radar,0,0,17,0,17,0,2,38,0,40,0,2,55,0,57,72,0,72,129
07/22/2017,HUF,IN,AGL,CE,Combined TRACON& Tower with Radar,0,3,6,1,10,0,0,18,1,19,0,3,24,2,29,38,6,44,73
07/23/2017,HUF,IN,AGL,CE,Combined TRACON& Tower with Radar,0,0,10,0,10,0,3,14,0,17,0,3,24,0,27,10,0,10,37
07/24/2017,HUF,IN,AGL,CE,Combined TRACON& Tower with Radar,0,0,25,0,25,0,2,67,0,69,0,2,92,0,94,120,0,120,214
07/25/2017,HUF,IN,AGL,CE,Combined TRACON& Tower with Radar,0,0,12,0,12,0,0,60,3,63,0,0,72,3,75,29,0,29,104
07/26/2017,HUF,IN,AGL,CE,Combined TRACON& Tower with Radar,0,0,12,2,14,0,5,28,0,33,0,5,40,2,47,56,0,56,103
07/27/2017,HUF,IN,AGL,CE,Combined TRACON& Tower with Radar,0,0,9,0,9,0,2,3,0,5,0,2,12,0,14,0,0,0,14
07/28/2017,HUF,IN,AGL,CE,Combined TRACON& Tower with Radar,0,0,10,0,10,0,0,25,0,25,0,0,35,0,35,20,0,20,55
07/29/2017,HUF,IN,AGL,CE,Combined TRACON& Tower with Radar,0,0,11,2,13,0,0,25,0,25,0,0,36,2,38,8,0,8,46
07/30/2017,HUF,IN,AGL,CE,Combined TRACON& Tower with Radar,0,4,2,0,6,0,2,38,0,40,0,6,40,0,46,16,0,16,62
07/31/2017,HUF,IN,AGL,CE,Combined TRACON& Tower with Radar,0,0,27,0,27,0,2,80,0,82,0,2,107,0,109,146,0,146,255
08/01/2017,HUF,IN,AGL,CE,Combined TRACON& Tower with Radar,0,0,11,10,21,0,0,35,0,35,0,0,46,10,56,92,0,92,148
08/02/2017,HUF,IN,AGL,CE,Combined TRACON& Tower with Radar,0,8,22,0,30,0,4,38,0,42,0,12,60,0,72,104,0,104,176
08/03/2017,HUF,IN,AGL,CE,Combined TRACON& Tower with Radar,0,0,32,0,32,0,1,80,1,82,0,1,112,1,114,129,0,129,243
08/04/2017,HUF,IN,AGL,CE,Combined TRACON& Tower with Radar,0,0,19,0,19,0,2,54,0,56,0,2,73,0,75,80,0,80,155
08/05/2017,HUF,IN,AGL,CE,Combined TRACON& Tower with Radar,0,0,11,0,11,0,3,57,0,60,0,3,68,0,71,54,0,54,125
08/06/2017,HUF,IN,AGL,CE,Combined TRACON& Tower with Radar,0,1,4,0,5,0,2,5,0,7,0,3,9,0,12,56,0,56,68
08/07/2017,HUF,IN,AGL,CE,Combined TRACON& Tower with Radar,0,0,22,0,22,0,0,78,3,81,0,0,100,3,103,118,0,118,221
08/08/2017,HUF,IN,AGL,CE,Combined TRACON& Tower with Radar,0,0,24,0,24,0,0,90,0,90,0,0,114,0,114,108,0,108,222
08/09/2017,HUF,IN,AGL,CE,Combined TRACON& Tower with Radar,0,0,30,0,30,0,3,88,1,92,0,3,118,1,122,143,0,143,265
08/10/2017,HUF,IN,AGL,CE,Combined TRACON& Tower with Radar,0,0,26,1,27,0,3,59,1,63,0,3,85,2,90,96,0,96,186
08/11/2017,HUF,IN,AGL,CE,Combined TRACON& Tower with Radar,0,0,32,9,41,0,2,30,3,35,0,2,62,12,76,58,0,58,134
08/12/2017,HUF,IN,AGL,CE,Combined TRACON& Tower with Radar,0,0,25,0,25,0,0,51,0,51,0,0,76,0,76,86,0,86,162
08/13/2017,HUF,IN,AGL,CE,Combined TRACON& Tower with Radar,0,0,13,13,26,0,5,28,1,34,0,5,41,14,60,64,0,64,124
08/14/2017,HUF,IN,AGL,CE,Combined TRACON& Tower with Radar,0,0,22,1,23,0,0,84,0,84,0,0,106,1,107,118,0,118,225
08/15/2017,HUF,IN,AGL,CE,Combined TRACON& Tower with Radar,0,0,23,0,23,1,5,46,0,52,1,5,69,0,75,98,0,98,173
08/16/2017,HUF,IN,AGL,CE,Combined TRACON& Tower with Radar,0,1,26,0,27,0,1,35,1,37,0,2,61,1,64,50,1,51,115
08/17/2017,HUF,IN,AGL,CE,Combined TRACON& Tower with Radar,0,1,18,5,24,0,0,45,2,47,0,1,63,7,71,56,6,62,133
08/18/2017,HUF,IN,AGL,CE,Combined TRACON& Tower with Radar,0,0,23,0,23,0,0,80,0,80,0,0,103,0,103,94,0,94,197
08/19/2017,HUF,IN,AGL,CE,Combined TRACON& Tower with Radar,0,0,9,0,9,0,0,26,0,26,0,0,35,0,35,28,0,28,63
08/20/2017,HUF,IN,AGL,CE,Combined TRACON& Tower with Radar,0,0,10,2,12,0,0,18,0,18,0,0,28,2,30,2,0,2,32
08/21/2017,HUF,IN,AGL,CE,Combined TRACON& Tower with Radar,0,0,20,2,22,0,0,60,0,60,0,0,80,2,82,24,0,24,106
08/22/2017,HUF,IN,AGL,CE,Combined TRACON& Tower with Radar,0,1,8,0,9,0,0,14,0,14,0,1,22,0,23,44,0,44,67
08/23/2017,HUF,IN,AGL,CE,Combined TRACON& Tower with Radar,0,3,23,2,28,0,1,84,4,89,0,4,107,6,117,120,0,120,237
08/24/2017,HUF,IN,AGL,CE,Combined TRACON& Tower with Radar,0,1,20,3,24,0,0,86,1,87,0,1,106,4,111,50,2,52,163
08/25/2017,HUF,IN,AGL,CE,Combined TRACON& Tower with Radar,0,1,14,14,29,0,1,66,0,67,0,2,80,14,96,84,26,110,206
08/26/2017,HUF,IN,AGL,CE,Combined TRACON& Tower with Radar,0,0,19,12,31,0,1,37,0,38,0,1,56,12,69,38,2,40,109
08/27/2017,HUF,IN,AGL,CE,Combined TRACON& Tower with Radar,0,0,11,0,11,0,0,36,0,36,0,0,47,0,47,12,0,12,59
08/28/2017,HUF,IN,AGL,CE,Combined TRACON& Tower with Radar,0,2,13,0,15,0,0,44,0,44,0,2,57,0,59,74,0,74,133
08/29/2017,HUF,IN,AGL,CE,Combined TRACON& Tower with Radar,0,1,25,2,28,0,0,32,22,54,0,1,57,24,82,40,0,40,122
08/30/2017,HUF,IN,AGL,CE,Combined TRACON& Tower with Radar,0,0,27,5,32,0,0,52,1,53,0,0,79,6,85,91,8,99,184
08/31/2017,HUF,IN,AGL,CE,Combined TRACON& Tower with Radar,0,1,16,0,17,0,2,86,0,88,0,3,102,0,105,108,0,108,213
09/01/2017,HUF,IN,AGL,CE,Combined TRACON& Tower with Radar,0,1,9,0,10,0,7,39,0,46,0,8,48,0,56,72,0,72,128
09/02/2017,HUF,IN,AGL,CE,Combined TRACON& Tower with Radar,0,0,15,0,15,0,0,49,0,49,0,0,64,0,64,64,0,64,128
09/03/2017,HUF,IN,AGL,CE,Combined TRACON& Tower with Radar,0,0,12,0,12,0,5,18,0,23,0,5,30,0,35,31,0,31,66
09/04/2017,HUF,IN,AGL,CE,Combined TRACON& Tower with Radar,0,0,17,0,17,0,4,15,0,19,0,4,32,0,36,4,0,4,40
09/05/2017,HUF,IN,AGL,CE,Combined TRACON& Tower with Radar,0,0,23,1,24,0,0,65,0,65,0,0,88,1,89,54,3,57,146
09/06/2017,HUF,IN,AGL,CE,Combined TRACON& Tower with Radar,0,0,27,8,35,0,4,69,2,75,0,4,96,10,110,100,6,106,216
09/07/2017,HUF,IN,AGL,CE,Combined TRACON& Tower with Radar,0,2,22,1,25,0,3,71,0,74,0,5,93,1,99,100,0,100,199
09/08/2017,HUF,IN,AGL,CE,Combined TRACON& Tower with Radar,0,0,13,0,13,0,1,69,0,70,0,1,82,0,83,86,0,86,169
09/09/2017,HUF,IN,AGL,CE,Combined TRACON& Tower with Radar,0,0,19,0,19,0,3,41,2,46,0,3,60,2,65,32,0,32,97
09/10/2017,HUF,IN,AGL,CE,Combined TRACON& Tower with Radar,0,0,8,0,8,0,9,23,0,32,0,9,31,0,40,0,0,0,40
09/11/2017,HUF,IN,AGL,CE,Combined TRACON& Tower with Radar,0,0,30,2,32,0,0,89,3,92,0,0,119,5,124,78,0,78,202
09/12/2017,HUF,IN,AGL,CE,Combined TRACON& Tower with Radar,0,0,9,0,9,0,3,74,2,79,0,3,83,2,88,94,0,94,182
09/13/2017,HUF,IN,AGL,CE,Combined TRACON& Tower with Radar,0,0,24,4,28,0,3,8,0,11,0,3,32,4,39,13,0,13,52
09/14/2017,HUF,IN,AGL,CE,Combined TRACON& Tower with Radar,0,1,12,2,15,2,2,46,0,50,2,3,58,2,65,160,0,160,225
09/15/2017,HUF,IN,AGL,CE,Combined TRACON& Tower with Radar,2,2,13,0,17,0,1,76,0,77,2,3,89,0,94,58,0,58,152
09/16/2017,HUF,IN,AGL,CE,Combined TRACON& Tower with Radar,0,2,13,6,21,0,4,78,0,82,0,6,91,6,103,40,0,40,143
09/17/2017,HUF,IN,AGL,CE,Combined TRACON& Tower with Radar,2,0,6,0,8,0,0,17,0,17,2,0,23,0,25,8,0,8,33
09/18/2017,HUF,IN,AGL,CE,Combined TRACON& Tower with Radar,0,0,14,0,14,0,0,53,0,53,0,0,67,0,67,74,0,74,141
09/19/2017,HUF,IN,AGL,CE,Combined TRACON& Tower with Radar,0,2,31,0,33,0,0,63,0,63,0,2,94,0,96,72,0,72,168
09/20/2017,HUF,IN,AGL,CE,Combined TRACON& Tower with Radar,0,0,33,0,33,0,0,77,0,77,0,0,110,0,110,131,0,131,241
09/21/2017,HUF,IN,AGL,CE,Combined TRACON& Tower with Radar,0,0,25,0,25,0,0,87,0,87,0,0,112,0,112,119,0,119,231
09/22/2017,HUF,IN,AGL,CE,Combined TRACON& Tower with Radar,0,2,14,3,19,0,1,57,0,58,0,3,71,3,77,105,6,111,188
09/23/2017,HUF,IN,AGL,CE,Combined TRACON& Tower with Radar,0,2,11,1,14,0,0,59,0,59,0,2,70,1,73,63,0,63,136
09/24/2017,HUF,IN,AGL,CE,Combined TRACON& Tower with Radar,0,0,8,0,8,0,2,39,1,42,0,2,47,1,50,24,4,28,78
09/25/2017,HUF,IN,AGL,CE,Combined TRACON& Tower with Radar,0,2,22,2,26,0,0,117,2,119,0,2,139,4,145,120,0,120,265
09/26/2017,HUF,IN,AGL,CE,Combined TRACON& Tower with Radar,0,2,11,0,13,0,4,105,0,109,0,6,116,0,122,186,0,186,308
09/27/2017,HUF,IN,AGL,CE,Combined TRACON& Tower with Radar,0,0,29,0,29,0,2,52,0,54,0,2,81,0,83,154,0,154,237
09/28/2017,HUF,IN,AGL,CE,Combined TRACON& Tower with Radar,0,2,31,0,33,0,0,88,1,89,0,2,119,1,122,166,0,166,288
09/29/2017,HUF,IN,AGL,CE,Combined TRACON& Tower with Radar,0,0,15,0,15,0,0,90,2,92,0,0,105,2,107,130,0,130,237
09/30/2017,HUF,IN,AGL,CE,Combined TRACON& Tower with Radar,0,1,9,0,10,0,4,42,0,46,0,5,51,0,56,26,0,26,82
10/01/2017,HUF,IN,AGL,CE,Combined TRACON& Tower with Radar,0,0,9,0,9,0,3,24,0,27,0,3,33,0,36,2,0,2,38
10/02/2017,HUF,IN,AGL,CE,Combined TRACON& Tower with Radar,0,2,19,0,21,0,0,140,2,142,0,2,159,2,163,154,0,154,317
10/03/2017,HUF,IN,AGL,CE,Combined TRACON& Tower with Radar,0,0,24,0,24,0,4,87,0,91,0,4,111,0,115,170,0,170,285
10/04/2017,HUF,IN,AGL,CE,Combined TRACON& Tower with Radar,0,0,33,0,33,0,0,58,0,58,0,0,91,0,91,96,0,96,187
10/05/2017,HUF,IN,AGL,CE,Combined TRACON& Tower with Radar,0,0,17,2,19,0,2,22,0,24,0,2,39,2,43,116,0,116,159
10/06/2017,HUF,IN,AGL,CE,Combined TRACON& Tower with Radar,0,0,20,0,20,0,2,46,0,48,0,2,66,0,68,115,0,115,183
10/07/2017,HUF,IN,AGL,CE,Combined TRACON& Tower with Radar,2,0,7,0,9,0,2,7,0,9,2,2,14,0,18,10,0,10,28
10/08/2017,HUF,IN,AGL,CE,Combined TRACON& Tower with Radar,0,0,7,1,8,0,0,6,0,6,0,0,13,1,14,0,0,0,14
10/09/2017,HUF,IN,AGL,CE,Combined TRACON& Tower with Radar,0,0,12,1,13,0,0,48,0,48,0,0,60,1,61,126,0,126,187
10/10/2017,HUF,IN,AGL,CE,Combined TRACON& Tower with Radar,0,0,19,0,19,0,0,32,0,32,0,0,51,0,51,34,0,34,85
10/11/2017,HUF,IN,AGL,CE,Combined TRACON& Tower with Radar,0,0,22,0,22,0,0,0,0,0,0,0,22,0,22,0,0,0,22
10/12/2017,HUF,IN,AGL,CE,Combined TRACON& Tower with Radar,0,0,32,6,38,0,6,29,0,35,0,6,61,6,73,92,0,92,165
10/13/2017,HUF,IN,AGL,CE,Combined TRACON& Tower with Radar,2,0,21,0,23,0,3,65,0,68,2,3,86,0,91,101,0,101,192
10/14/2017,HUF,IN,AGL,CE,Combined TRACON& Tower with Radar,3,1,4,2,10,0,4,44,2,50,3,5,48,4,60,51,0,51,111
10/15/2017,HUF,IN,AGL,CE,Combined TRACON& Tower with Radar,0,1,2,0,3,0,3,2,0,5,0,4,4,0,8,0,0,0,8
10/16/2017,HUF,IN,AGL,CE,Combined TRACON& Tower with Radar,0,0,38,0,38,0,1,103,0,104,0,1,141,0,142,211,0,211,353
10/17/2017,HUF,IN,AGL,CE,Combined TRACON& Tower with Radar,0,0,23,0,23,0,2,98,0,100,0,2,121,0,123,210,0,210,333
10/18/2017,HUF,IN,AGL,CE,Combined TRACON& Tower with Radar,0,0,32,0,32,0,0,87,0,87,0,0,119,0,119,122,0,122,241
10/19/2017,HUF,IN,AGL,CE,Combined TRACON& Tower with Radar,0,0,14,2,16,0,0,114,0,114,0,0,128,2,130,190,12,202,332
10/20/2017,HUF,IN,AGL,CE,Combined TRACON& Tower with Radar,0,1,39,3,43,0,4,107,2,113,0,5,146,5,156,144,4,148,304
10/21/2017,HUF,IN,AGL,CE,Combined TRACON& Tower with Radar,0,0,8,0,8,0,3,41,1,45,0,3,49,1,53,68,0,68,121
10/22/2017,HUF,IN,AGL,CE,Combined TRACON& Tower with Radar,0,0,1,0,1,0,2,5,0,7,0,2,6,0,8,0,0,0,8
10/23/2017,HUF,IN,AGL,CE,Combined TRACON& Tower with Radar,0,0,11,0,11,0,0,0,0,0,0,0,11,0,11,0,0,0,11
10/24/2017,HUF,IN,AGL,CE,Combined TRACON& Tower with Radar,0,1,5,0,6,0,0,20,0,20,0,1,25,0,26,46,0,46,72
10/25/2017,HUF,IN,AGL,CE,Combined TRACON& Tower with Radar,0,1,16,0,17,0,0,60,0,60,0,1,76,0,77,88,0,88,165
10/26/2017,HUF,IN,AGL,CE,Combined TRACON& Tower with Radar,0,0,17,1,18,0,4,76,1,81,0,4,93,2,99,98,0,98,197
10/27/2017,HUF,IN,AGL,CE,Combined TRACON& Tower with Radar,0,0,12,0,12,0,2,19,0,21,0,2,31,0,33,16,16,32,65
10/28/2017,HUF,IN,AGL,CE,Combined TRACON& Tower with Radar,0,0,3,2,5,0,2,8,0,10,0,2,11,2,15,0,0,0,15
10/29/2017,HUF,IN,AGL,CE,Combined TRACON& Tower with Radar,0,0,7,0,7,0,0,23,0,23,0,0,30,0,30,0,0,0,30
10/30/2017,HUF,IN,AGL,CE,Combined TRACON& Tower with Radar,0,3,20,2,25,0,0,58,0,58,0,3,78,2,83,136,0,136,219
10/31/2017,HUF,IN,AGL,CE,Combined TRACON& Tower with Radar,0,0,26,0,26,0,4,100,0,104,0,4,126,0,130,184,0,184,314
11/01/2017,HUF,IN,AGL,CE,Combined TRACON& Tower with Radar,0,0,16,0,16,0,0,1,0,1,0,0,17,0,17,0,0,0,17
11/02/2017,HUF,IN,AGL,CE,Combined TRACON& Tower with Radar,0,2,32,0,34,0,3,9,0,12,0,5,41,0,46,26,0,26,72
11/03/2017,HUF,IN,AGL,CE,Combined TRACON& Tower with Radar,0,2,18,0,20,1,3,68,0,72,1,5,86,0,92,122,0,122,214
11/04/2017,HUF,IN,AGL,CE,Combined TRACON& Tower with Radar,0,0,2,0,2,0,1,0,0,1,0,1,2,0,3,0,0,0,3
11/05/2017,HUF,IN,AGL,CE,Combined TRACON& Tower with Radar,0,0,2,0,2,0,0,0,0,0,0,0,2,0,2,0,0,0,2
11/06/2017,HUF,IN,AGL,CE,Combined TRACON& Tower with Radar,0,0,25,0,25,0,1,40,0,41,0,1,65,0,66,160,0,160,226
11/07/2017,HUF,IN,AGL,CE,Combined TRACON& Tower with Radar,0,0,22,0,22,0,0,91,0,91,0,0,113,0,113,139,0,139,252
11/08/2017,HUF,IN,AGL,CE,Combined TRACON& Tower with Radar,0,0,29,0,29,0,4,99,0,103,0,4,128,0,132,233,0,233,365
11/09/2017,HUF,IN,AGL,CE,Combined TRACON& Tower with Radar,0,2,24,0,26,0,0,77,0,77,0,2,101,0,103,108,0,108,211
11/10/2017,HUF,IN,AGL,CE,Combined TRACON& Tower with Radar,0,0,25,0,25,0,0,86,0,86,0,0,111,0,111,94,0,94,205
11/11/2017,HUF,IN,AGL,CE,Combined TRACON& Tower with Radar,0,3,11,0,14,0,1,56,0,57,0,4,67,0,71,56,0,56,127
11/12/2017,HUF,IN,AGL,CE,Combined TRACON& Tower with Radar,0,3,6,0,9,0,0,1,0,1,0,3,7,0,10,0,0,0,10
11/13/2017,HUF,IN,AGL,CE,Combined TRACON& Tower with Radar,0,0,22,0,22,0,0,43,0,43,0,0,65,0,65,96,0,96,161
11/14/2017,HUF,IN,AGL,CE,Combined TRACON& Tower with Radar,0,4,14,16,34,0,1,114,0,115,0,5,128,16,149,224,25,249,398
11/15/2017,HUF,IN,AGL,CE,Combined TRACON& Tower with Radar,0,0,22,0,22,0,0,0,0,0,0,0,22,0,22,0,0,0,22
11/16/2017,HUF,IN,AGL,CE,Combined TRACON& Tower with Radar,0,1,36,3,40,0,3,73,1,77,0,4,109,4,117,318,0,318,435
11/17/2017,HUF,IN,AGL,CE,Combined TRACON& Tower with Radar,0,0,11,0,11,0,0,30,0,30,0,0,41,0,41,64,0,64,105
11/18/2017,HUF,IN,AGL,CE,Combined TRACON& Tower with Radar,0,2,1,0,3,0,0,0,0,0,0,2,1,0,3,0,0,0,3
11/19/2017,HUF,IN,AGL,CE,Combined TRACON& Tower with Radar,0,2,8,0,10,0,0,19,0,19,0,2,27,0,29,40,0,40,69
11/20/2017,HUF,IN,AGL,CE,Combined TRACON& Tower with Radar,0,9,20,0,29,0,10,82,0,92,0,19,102,0,121,23,0,23,144
11/21/2017,HUF,IN,AGL,CE,Combined TRACON& Tower with Radar,0,2,22,1,25,0,3,61,0,64,0,5,83,1,89,74,0,74,163
11/22/2017,HUF,IN,AGL,CE,Combined TRACON& Tower with Radar,0,3,9,1,13,0,1,30,1,32,0,4,39,2,45,30,0,30,75
11/23/2017,HUF,IN,AGL,CE,Combined TRACON& Tower with Radar,0,1,0,0,1,0,2,4,0,6,0,3,4,0,7,2,0,2,9
11/24/2017,HUF,IN,AGL,CE,Combined TRACON& Tower with Radar,0,1,7,0,8,0,0,12,0,12,0,1,19,0,20,6,0,6,26
11/25/2017,HUF,IN,AGL,CE,Combined TRACON& Tower with Radar,0,0,3,0,3,0,1,13,0,14,0,1,16,0,17,6,0,6,23
11/26/2017,HUF,IN,AGL,CE,Combined TRACON& Tower with Radar,0,4,5,0,9,0,0,32,0,32,0,4,37,0,41,60,0,60,101
11/27/2017,HUF,IN,AGL,CE,Combined TRACON& Tower with Radar,0,0,10,0,10,0,0,93,0,93,0,0,103,0,103,176,0,176,279
11/28/2017,HUF,IN,AGL,CE,Combined TRACON& Tower with Radar,0,0,26,0,26,0,2,67,0,69,0,2,93,0,95,80,0,80,175
11/29/2017,HUF,IN,AGL,CE,Combined TRACON& Tower with Radar,0,0,21,2,23,0,0,85,0,85,0,0,106,2,108,219,0,219,327
11/30/2017,HUF,IN,AGL,CE,Combined TRACON& Tower with Radar,0,2,17,0,19,0,0,64,1,65,0,2,81,1,84,154,0,154,238
12/01/2017,HUF,IN,AGL,CE,Combined TRACON& Tower with Radar,0,0,13,0,13,0,1,105,0,106,0,1,118,0,119,133,0,133,252
12/02/2017,HUF,IN,AGL,CE,Combined TRACON& Tower with Radar,0,1,5,0,6,0,1,61,0,62,0,2,66,0,68,54,0,54,122
12/03/2017,HUF,IN,AGL,CE,Combined TRACON& Tower with Radar,0,0,9,0,9,0,1,60,0,61,0,1,69,0,70,62,0,62,132
12/04/2017,HUF,IN,AGL,CE,Combined TRACON& Tower with Radar,0,0,26,0,26,0,1,30,0,31,0,1,56,0,57,32,0,32,89
12/05/2017,HUF,IN,AGL,CE,Combined TRACON& Tower with Radar,0,4,3,12,19,0,4,33,1,38,0,8,36,13,57,77,4,81,138
12/06/2017,HUF,IN,AGL,CE,Combined TRACON& Tower with Radar,1,0,22,4,27,0,2,47,0,49,1,2,69,4,76,114,0,114,190
12/07/2017,HUF,IN,AGL,CE,Combined TRACON& Tower with Radar,1,2,14,0,17,0,8,47,0,55,1,10,61,0,72,154,0,154,226
12/08/2017,HUF,IN,AGL,CE,Combined TRACON& Tower with Radar,0,0,14,0,14,0,2,76,0,78,0,2,90,0,92,167,0,167,259
12/09/2017,HUF,IN,AGL,CE,Combined TRACON& Tower with Radar,0,0,8,0,8,0,2,18,0,20,0,2,26,0,28,38,0,38,66
12/10/2017,HUF,IN,AGL,CE,Combined TRACON& Tower with Radar,0,0,6,0,6,0,0,27,0,27,0,0,33,0,33,20,0,20,53
12/11/2017,HUF,IN,AGL,CE,Combined TRACON& Tower with Radar,0,0,18,0,18,0,0,88,0,88,0,0,106,0,106,108,0,108,214
12/12/2017,HUF,IN,AGL,CE,Combined TRACON& Tower with Radar,0,0,23,0,23,0,1,63,0,64,0,1,86,0,87,49,0,49,136
12/13/2017,HUF,IN,AGL,CE,Combined TRACON& Tower with Radar,0,0,9,4,13,0,0,12,3,15,0,0,21,7,28,40,0,40,68
12/14/2017,HUF,IN,AGL,CE,Combined TRACON& Tower with Radar,0,6,19,0,25,0,4,107,1,112,0,10,126,1,137,254,0,254,391
12/15/2017,HUF,IN,AGL,CE,Combined TRACON& Tower with Radar,0,1,16,0,17,0,9,69,0,78,0,10,85,0,95,158,0,158,253
12/16/2017,HUF,IN,AGL,CE,Combined TRACON& Tower with Radar,0,0,9,0,9,0,4,58,0,62,0,4,67,0,71,22,0,22,93
12/17/2017,HUF,IN,AGL,CE,Combined TRACON& Tower with Radar,0,0,1,0,1,0,2,2,0,4,0,2,3,0,5,22,0,22,27
12/18/2017,HUF,IN,AGL,CE,Combined TRACON& Tower with Radar,0,0,18,0,18,0,0,2,0,2,0,0,20,0,20,14,0,14,34
12/19/2017,HUF,IN,AGL,CE,Combined TRACON& Tower with Radar,0,0,34,0,34,0,0,6,0,6,0,0,40,0,40,62,0,62,102
12/20/2017,HUF,IN,AGL,CE,Combined TRACON& Tower with Radar,0,0,23,0,23,0,1,81,0,82,0,1,104,0,105,96,0,96,201
12/21/2017,HUF,IN,AGL,CE,Combined TRACON& Tower with Radar,0,0,12,2,14,0,1,77,2,80,0,1,89,4,94,132,0,132,226
12/22/2017,HUF,IN,AGL,CE,Combined TRACON& Tower with Radar,0,2,7,0,9,0,0,0,0,0,0,2,7,0,9,0,0,0,9
12/23/2017,HUF,IN,AGL,CE,Combined TRACON& Tower with Radar,0,0,10,0,10,0,0,2,0,2,0,0,12,0,12,0,0,0,12
12/24/2017,HUF,IN,AGL,CE,Combined TRACON& Tower with Radar,0,0,2,0,2,0,0,0,0,0,0,0,2,0,2,0,0,0,2
12/25/2017,HUF,IN,AGL,CE,Combined TRACON& Tower with Radar,0,0,0,0,0,0,0,0,0,0,0,0,0,0,0,0,0,0,0
12/26/2017,HUF,IN,AGL,CE,Combined TRACON& Tower with Radar,0,0,3,0,3,0,2,0,0,2,0,2,3,0,5,0,0,0,5
12/27/2017,HUF,IN,AGL,CE,Combined TRACON& Tower with Radar,0,0,1,0,1,0,0,18,0,18,0,0,19,0,19,0,0,0,19
12/28/2017,HUF,IN,AGL,CE,Combined TRACON& Tower with Radar,0,4,3,0,7,0,2,10,0,12,0,6,13,0,19,47,0,47,66
12/29/2017,HUF,IN,AGL,CE,Combined TRACON& Tower with Radar,0,0,3,0,3,0,0,6,0,6,0,0,9,0,9,32,0,32,41
12/30/2017,HUF,IN,AGL,CE,Combined TRACON& Tower with Radar,0,0,4,0,4,0,0,3,0,3,0,0,7,0,7,22,0,22,29
12/31/2017,HUF,IN,AGL,CE,Combined TRACON& Tower with Radar,0,0,0,0,0,0,0,3,0,3,0,0,3,0,3,2,0,2,5
01/01/2018,HUF,IN,AGL,CE,Combined TRACON& Tower with Radar,0,0,2,0,2,0,0,3,0,3,0,0,5,0,5,0,0,0,5
01/02/2018,HUF,IN,AGL,CE,Combined TRACON& Tower with Radar,0,0,4,0,4,0,0,1,0,1,0,0,5,0,5,0,0,0,5
01/03/2018,HUF,IN,AGL,CE,Combined TRACON& Tower with Radar,0,0,6,0,6,0,2,10,1,13,0,2,16,1,19,4,0,4,23
01/04/2018,HUF,IN,AGL,CE,Combined TRACON& Tower with Radar,0,2,5,0,7,0,2,10,0,12,0,4,15,0,19,0,0,0,19
01/05/2018,HUF,IN,AGL,CE,Combined TRACON& Tower with Radar,1,1,0,0,2,0,0,19,0,19,1,1,19,0,21,24,0,24,45
01/06/2018,HUF,IN,AGL,CE,Combined TRACON& Tower with Radar,1,1,1,0,3,0,0,11,0,11,1,1,12,0,14,18,0,18,32
01/07/2018,HUF,IN,AGL,CE,Combined TRACON& Tower with Radar,0,2,11,0,13,0,3,17,0,20,0,5,28,0,33,22,0,22,55
01/08/2018,HUF,IN,AGL,CE,Combined TRACON& Tower with Radar,0,0,4,0,4,0,0,0,0,0,0,0,4,0,4,0,0,0,4
01/09/2018,HUF,IN,AGL,CE,Combined TRACON& Tower with Radar,0,2,2,0,4,0,0,0,0,0,0,2,2,0,4,0,0,0,4
01/10/2018,HUF,IN,AGL,CE,Combined TRACON& Tower with Radar,0,2,3,0,5,0,0,0,0,0,0,2,3,0,5,0,0,0,5
01/11/2018,HUF,IN,AGL,CE,Combined TRACON& Tower with Radar,0,4,8,0,12,0,0,4,0,4,0,4,12,0,16,6,0,6,22
01/12/2018,HUF,IN,AGL,CE,Combined TRACON& Tower with Radar,0,0,8,0,8,0,1,0,0,1,0,1,8,0,9,0,0,0,9
01/13/2018,HUF,IN,AGL,CE,Combined TRACON& Tower with Radar,0,4,2,0,6,0,0,7,0,7,0,4,9,0,13,0,0,0,13
01/14/2018,HUF,IN,AGL,CE,Combined TRACON& Tower with Radar,0,2,2,0,4,0,3,9,0,12,0,5,11,0,16,2,0,2,18
01/15/2018,HUF,IN,AGL,CE,Combined TRACON& Tower with Radar,0,0,2,0,2,0,2,0,0,2,0,2,2,0,4,0,0,0,4
01/16/2018,HUF,IN,AGL,CE,Combined TRACON& Tower with Radar,0,0,4,2,6,0,1,2,0,3,0,1,6,2,9,0,0,0,9
01/17/2018,HUF,IN,AGL,CE,Combined TRACON& Tower with Radar,0,0,9,4,13,0,0,48,0,48,0,0,57,4,61,80,0,80,141
01/18/2018,HUF,IN,AGL,CE,Combined TRACON& Tower with Radar,0,2,21,2,25,0,1,106,3,110,0,3,127,5,135,64,0,64,199
01/19/2018,HUF,IN,AGL,CE,Combined TRACON& Tower with Radar,0,0,12,1,13,0,0,90,0,90,0,0,102,1,103,72,0,72,175
01/20/2018,HUF,IN,AGL,CE,Combined TRACON& Tower with Radar,0,0,5,1,6,0,0,33,0,33,0,0,38,1,39,138,0,138,177
01/21/2018,HUF,IN,AGL,CE,Combined TRACON& Tower with Radar,0,0,3,0,3,0,0,0,0,0,0,0,3,0,3,0,0,0,3
01/22/2018,HUF,IN,AGL,CE,Combined TRACON& Tower with Radar,0,0,25,0,25,0,0,14,0,14,0,0,39,0,39,24,0,24,63
01/23/2018,HUF,IN,AGL,CE,Combined TRACON& Tower with Radar,2,0,3,0,5,0,0,0,0,0,2,0,3,0,5,0,0,0,5
01/24/2018,HUF,IN,AGL,CE,Combined TRACON& Tower with Radar,0,0,19,0,19,0,0,37,0,37,0,0,56,0,56,308,0,308,364
01/25/2018,HUF,IN,AGL,CE,Combined TRACON& Tower with Radar,0,2,25,0,27,0,1,66,0,67,0,3,91,0,94,121,0,121,215
01/26/2018,HUF,IN,AGL,CE,Combined TRACON& Tower with Radar,0,2,23,2,27,0,0,71,0,71,0,2,94,2,98,28,0,28,126
01/27/2018,HUF,IN,AGL,CE,Combined TRACON& Tower with Radar,0,0,13,0,13,0,0,8,0,8,0,0,21,0,21,40,0,40,61
01/28/2018,HUF,IN,AGL,CE,Combined TRACON& Tower with Radar,0,1,10,2,13,1,8,62,0,71,1,9,72,2,84,94,0,94,178
01/29/2018,HUF,IN,AGL,CE,Combined TRACON& Tower with Radar,0,2,7,0,9,0,2,21,0,23,0,4,28,0,32,186,0,186,218
01/30/2018,HUF,IN,AGL,CE,Combined TRACON& Tower with Radar,0,2,25,0,27,0,0,92,0,92,0,2,117,0,119,170,0,170,289
01/31/2018,HUF,IN,AGL,CE,Combined TRACON& Tower with Radar,0,0,30,0,30,0,0,61,1,62,0,0,91,1,92,76,0,76,168
02/01/2018,HUF,IN,AGL,CE,Combined TRACON& Tower with Radar,0,2,19,0,21,0,3,85,2,90,0,5,104,2,111,162,0,162,273
02/02/2018,HUF,IN,AGL,CE,Combined TRACON& Tower with Radar,0,2,23,0,25,0,3,126,1,130,0,5,149,1,155,125,0,125,280
02/03/2018,HUF,IN,AGL,CE,Combined TRACON& Tower with Radar,0,2,11,0,13,0,0,35,0,35,0,2,46,0,48,28,0,28,76
02/04/2018,HUF,IN,AGL,CE,Combined TRACON& Tower with Radar,0,0,8,0,8,0,1,0,0,1,0,1,8,0,9,0,0,0,9
02/05/2018,HUF,IN,AGL,CE,Combined TRACON& Tower with Radar,0,1,18,0,19,0,9,97,0,106,0,10,115,0,125,168,0,168,293
02/06/2018,HUF,IN,AGL,CE,Combined TRACON& Tower with Radar,0,1,24,0,25,0,2,72,0,74,0,3,96,0,99,96,0,96,195
02/07/2018,HUF,IN,AGL,CE,Combined TRACON& Tower with Radar,0,0,22,0,22,0,3,98,0,101,0,3,120,0,123,230,0,230,353
02/08/2018,HUF,IN,AGL,CE,Combined TRACON& Tower with Radar,0,0,25,0,25,0,0,90,0,90,0,0,115,0,115,178,0,178,293
02/09/2018,HUF,IN,AGL,CE,Combined TRACON& Tower with Radar,2,0,13,0,15,0,0,86,0,86,2,0,99,0,101,124,0,124,225
02/10/2018,HUF,IN,AGL,CE,Combined TRACON& Tower with Radar,0,0,3,0,3,0,0,1,0,1,0,0,4,0,4,16,0,16,20
02/11/2018,HUF,IN,AGL,CE,Combined TRACON& Tower with Radar,0,2,0,0,2,0,0,2,0,2,0,2,2,0,4,12,0,12,16
02/12/2018,HUF,IN,AGL,CE,Combined TRACON& Tower with Radar,2,6,32,0,40,0,2,102,0,104,2,8,134,0,144,182,0,182,326
02/13/2018,HUF,IN,AGL,CE,Combined TRACON& Tower with Radar,0,8,25,0,33,0,3,91,0,94,0,11,116,0,127,248,0,248,375
02/14/2018,HUF,IN,AGL,CE,Combined TRACON& Tower with Radar,0,4,2,0,6,0,0,0,0,0,0,4,2,0,6,0,0,0,6
02/15/2018,HUF,IN,AGL,CE,Combined TRACON& Tower with Radar,0,4,13,0,17,0,2,7,0,9,0,6,20,0,26,26,0,26,52
02/16/2018,HUF,IN,AGL,CE,Combined TRACON& Tower with Radar,0,5,13,0,18,0,4,27,0,31,0,9,40,0,49,142,0,142,191
02/17/2018,HUF,IN,AGL,CE,Combined TRACON& Tower with Radar,0,1,15,0,16,0,2,14,0,16,0,3,29,0,32,12,0,12,44
02/18/2018,HUF,IN,AGL,CE,Combined TRACON& Tower with Radar,0,1,10,0,11,0,0,49,0,49,0,1,59,0,60,74,0,74,134
02/19/2018,HUF,IN,AGL,CE,Combined TRACON& Tower with Radar,0,2,0,0,2,0,0,5,0,5,0,2,5,0,7,38,0,38,45
02/20/2018,HUF,IN,AGL,CE,Combined TRACON& Tower with Radar,0,0,1,0,1,0,0,2,0,2,0,0,3,0,3,0,0,0,3
02/21/2018,HUF,IN,AGL,CE,Combined TRACON& Tower with Radar,0,0,18,0,18,0,0,4,0,4,0,0,22,0,22,36,0,36,58
02/22/2018,HUF,IN,AGL,CE,Combined TRACON& Tower with Radar,0,0,11,0,11,0,0,1,0,1,0,0,12,0,12,12,0,12,24
02/23/2018,HUF,IN,AGL,CE,Combined TRACON& Tower with Radar,0,0,9,0,9,0,0,2,0,2,0,0,11,0,11,8,0,8,19
02/24/2018,HUF,IN,AGL,CE,Combined TRACON& Tower with Radar,0,0,4,0,4,0,0,0,0,0,0,0,4,0,4,0,0,0,4
02/25/2018,HUF,IN,AGL,CE,Combined TRACON& Tower with Radar,0,0,19,0,19,0,0,54,0,54,0,0,73,0,73,80,0,80,153
02/26/2018,HUF,IN,AGL,CE,Combined TRACON& Tower with Radar,0,0,41,0,41,0,0,177,0,177,0,0,218,0,218,336,0,336,554
02/27/2018,HUF,IN,AGL,CE,Combined TRACON& Tower with Radar,0,0,49,0,49,0,1,134,1,136,0,1,183,1,185,230,0,230,415
02/28/2018,HUF,IN,AGL,CE,Combined TRACON& Tower with Radar,0,0,14,2,16,0,0,8,0,8,0,0,22,2,24,96,0,96,120
03/01/2018,HUF,IN,AGL,CE,Combined TRACON& Tower with Radar,0,2,6,2,10,0,0,0,0,0,0,2,6,2,10,12,10,22,32
03/02/2018,HUF,IN,AGL,CE,Combined TRACON& Tower with Radar,0,0,37,1,38,0,0,107,2,109,0,0,144,3,147,110,0,110,257
03/03/2018,HUF,IN,AGL,CE,Combined TRACON& Tower with Radar,0,0,14,0,14,0,0,63,2,65,0,0,77,2,79,50,0,50,129
03/04/2018,HUF,IN,AGL,CE,Combined TRACON& Tower with Radar,0,2,10,0,12,0,7,56,2,65,0,9,66,2,77,88,0,88,165
03/05/2018,HUF,IN,AGL,CE,Combined TRACON& Tower with Radar,0,4,10,0,14,0,5,26,0,31,0,9,36,0,45,79,0,79,124
03/06/2018,HUF,IN,AGL,CE,Combined TRACON& Tower with Radar,0,2,9,0,11,0,0,46,0,46,0,2,55,0,57,72,0,72,129
03/07/2018,HUF,IN,AGL,CE,Combined TRACON& Tower with Radar,0,0,11,0,11,0,0,31,0,31,0,0,42,0,42,152,0,152,194
03/08/2018,HUF,IN,AGL,CE,Combined TRACON& Tower with Radar,0,0,29,0,29,0,1,60,0,61,0,1,89,0,90,254,0,254,344
03/09/2018,HUF,IN,AGL,CE,Combined TRACON& Tower with Radar,0,4,27,0,31,0,2,99,0,101,0,6,126,0,132,147,0,147,279
03/10/2018,HUF,IN,AGL,CE,Combined TRACON& Tower with Radar,0,0,12,2,14,0,3,53,0,56,0,3,65,2,70,96,0,96,166
03/11/2018,HUF,IN,AGL,CE,Combined TRACON& Tower with Radar,0,0,8,0,8,0,2,13,0,15,0,2,21,0,23,20,0,20,43
03/12/2018,HUF,IN,AGL,CE,Combined TRACON& Tower with Radar,0,2,13,0,15,0,1,24,0,25,0,3,37,0,40,52,0,52,92
03/13/2018,HUF,IN,AGL,CE,Combined TRACON& Tower with Radar,0,0,15,2,17,0,1,44,0,45,0,1,59,2,62,42,0,42,104
03/14/2018,HUF,IN,AGL,CE,Combined TRACON& Tower with Radar,0,4,18,0,22,0,7,39,0,46,0,11,57,0,68,74,0,74,142
03/15/2018,HUF,IN,AGL,CE,Combined TRACON& Tower with Radar,1,0,17,1,19,0,0,52,0,52,1,0,69,1,71,36,0,36,107
03/16/2018,HUF,IN,AGL,CE,Combined TRACON& Tower with Radar,1,0,9,4,14,0,1,35,0,36,1,1,44,4,50,64,0,64,114
03/17/2018,HUF,IN,AGL,CE,Combined TRACON& Tower with Radar,0,0,7,0,7,0,0,0,0,0,0,0,7,0,7,0,0,0,7
03/18/2018,HUF,IN,AGL,CE,Combined TRACON& Tower with Radar,0,0,8,0,8,0,0,43,0,43,0,0,51,0,51,16,0,16,67
03/19/2018,HUF,IN,AGL,CE,Combined TRACON& Tower with Radar,0,0,23,0,23,0,0,53,0,53,0,0,76,0,76,44,0,44,120
03/20/2018,HUF,IN,AGL,CE,Combined TRACON& Tower with Radar,0,0,22,0,22,0,0,52,1,53,0,0,74,1,75,146,0,146,221
03/21/2018,HUF,IN,AGL,CE,Combined TRACON& Tower with Radar,0,0,29,0,29,0,0,111,0,111,0,0,140,0,140,178,0,178,318
03/22/2018,HUF,IN,AGL,CE,Combined TRACON& Tower with Radar,0,0,26,1,27,0,0,121,0,121,0,0,147,1,148,210,0,210,358
03/23/2018,HUF,IN,AGL,CE,Combined TRACON& Tower with Radar,0,0,25,2,27,0,0,116,0,116,0,0,141,2,143,244,0,244,387
03/24/2018,HUF,IN,AGL,CE,Combined TRACON& Tower with Radar,0,0,0,0,0,0,0,0,0,0,0,0,0,0,0,0,0,0,0
03/25/2018,HUF,IN,AGL,CE,Combined TRACON& Tower with Radar,0,0,13,1,14,0,1,29,0,30,0,1,42,1,44,12,0,12,56
03/26/2018,HUF,IN,AGL,CE,Combined TRACON& Tower with Radar,0,3,12,0,15,0,1,33,0,34,0,4,45,0,49,178,0,178,227
03/27/2018,HUF,IN,AGL,CE,Combined TRACON& Tower with Radar,0,0,2,0,2,0,0,0,0,0,0,0,2,0,2,0,0,0,2
03/28/2018,HUF,IN,AGL,CE,Combined TRACON& Tower with Radar,0,0,6,8,14,0,0,1,0,1,0,0,7,8,15,4,0,4,19
03/29/2018,HUF,IN,AGL,CE,Combined TRACON& Tower with Radar,0,0,0,0,0,0,0,0,0,0,0,0,0,0,0,0,0,0,0
03/30/2018,HUF,IN,AGL,CE,Combined TRACON& Tower with Radar,0,0,38,0,38,0,0,112,0,112,0,0,150,0,150,260,0,260,410
03/31/2018,HUF,IN,AGL,CE,Combined TRACON& Tower with Radar,0,0,3,0,3,0,1,6,0,7,0,1,9,0,10,22,0,22,32
04/01/2018,HUF,IN,AGL,CE,Combined TRACON& Tower with Radar,0,0,2,0,2,0,1,2,0,3,0,1,4,0,5,0,0,0,5
04/02/2018,HUF,IN,AGL,CE,Combined TRACON& Tower with Radar,0,0,6,0,6,0,0,5,0,5,0,0,11,0,11,42,0,42,53
04/03/2018,HUF,IN,AGL,CE,Combined TRACON& Tower with Radar,0,0,2,2,4,0,0,0,0,0,0,0,2,2,4,0,0,0,4
04/04/2018,HUF,IN,AGL,CE,Combined TRACON& Tower with Radar,0,0,1,1,2,0,0,0,0,0,0,0,1,1,2,0,0,0,2
04/05/2018,HUF,IN,AGL,CE,Combined TRACON& Tower with Radar,0,0,25,2,27,0,0,89,0,89,0,0,114,2,116,158,0,158,274
04/06/2018,HUF,IN,AGL,CE,Combined TRACON& Tower with Radar,0,2,20,0,22,0,0,60,0,60,0,2,80,0,82,94,0,94,176
04/07/2018,HUF,IN,AGL,CE,Combined TRACON& Tower with Radar,0,1,24,2,27,0,0,71,1,72,0,1,95,3,99,42,0,42,141
04/08/2018,HUF,IN,AGL,CE,Combined TRACON& Tower with Radar,0,0,12,0,12,0,2,26,0,28,0,2,38,0,40,26,0,26,66
04/09/2018,HUF,IN,AGL,CE,Combined TRACON& Tower with Radar,0,2,5,0,7,0,0,38,0,38,0,2,43,0,45,208,0,208,253
04/10/2018,HUF,IN,AGL,CE,Combined TRACON& Tower with Radar,0,0,40,1,41,0,1,91,0,92,0,1,131,1,133,246,0,246,379
04/11/2018,HUF,IN,AGL,CE,Combined TRACON& Tower with Radar,0,0,43,0,43,0,1,91,0,92,0,1,134,0,135,129,0,129,264
04/12/2018,HUF,IN,AGL,CE,Combined TRACON& Tower with Radar,0,1,14,0,15,0,1,35,0,36,0,2,49,0,51,28,0,28,79
04/13/2018,HUF,IN,AGL,CE,Combined TRACON& Tower with Radar,0,1,9,0,10,0,0,4,0,4,0,1,13,0,14,8,0,8,22
04/14/2018,HUF,IN,AGL,CE,Combined TRACON& Tower with Radar,0,0,8,0,8,0,0,2,0,2,0,0,10,0,10,0,0,0,10
04/15/2018,HUF,IN,AGL,CE,Combined TRACON& Tower with Radar,0,0,5,0,5,0,0,6,0,6,0,0,11,0,11,24,0,24,35
04/16/2018,HUF,IN,AGL,CE,Combined TRACON& Tower with Radar,0,2,12,0,14,0,0,1,0,1,0,2,13,0,15,8,0,8,23
04/17/2018,HUF,IN,AGL,CE,Combined TRACON& Tower with Radar,0,0,19,0,19,0,1,89,0,90,0,1,108,0,109,216,0,216,325
04/18/2018,HUF,IN,AGL,CE,Combined TRACON& Tower with Radar,0,2,17,0,19,0,0,74,0,74,0,2,91,0,93,60,0,60,153
04/19/2018,HUF,IN,AGL,CE,Combined TRACON& Tower with Radar,0,0,22,0,22,0,1,87,0,88,0,1,109,0,110,112,0,112,222
04/20/2018,HUF,IN,AGL,CE,Combined TRACON& Tower with Radar,0,0,28,0,28,0,5,114,4,123,0,5,142,4,151,176,0,176,327
04/21/2018,HUF,IN,AGL,CE,Combined TRACON& Tower with Radar,0,4,15,6,25,0,13,92,2,107,0,17,107,8,132,196,6,202,334
04/22/2018,HUF,IN,AGL,CE,Combined TRACON& Tower with Radar,0,1,7,0,8,0,14,90,0,104,0,15,97,0,112,424,0,424,536
04/23/2018,HUF,IN,AGL,CE,Combined TRACON& Tower with Radar,0,0,5,0,5,0,0,18,0,18,0,0,23,0,23,102,0,102,125
04/24/2018,HUF,IN,AGL,CE,Combined TRACON& Tower with Radar,0,2,5,2,9,0,11,65,0,76,0,13,70,2,85,668,0,668,753
04/25/2018,HUF,IN,AGL,CE,Combined TRACON& Tower with Radar,0,1,19,0,20,0,15,99,0,114,0,16,118,0,134,552,0,552,686
04/26/2018,HUF,IN,AGL,CE,Combined TRACON& Tower with Radar,0,0,21,2,23,0,26,98,3,127,0,26,119,5,150,232,0,232,382
04/27/2018,HUF,IN,AGL,CE,Combined TRACON& Tower with Radar,0,0,19,0,19,0,23,127,3,153,0,23,146,3,172,174,0,174,346
04/28/2018,HUF,IN,AGL,CE,Combined TRACON& Tower with Radar,0,0,8,0,8,0,26,185,5,216,0,26,193,5,224,268,0,268,492
04/29/2018,HUF,IN,AGL,CE,Combined TRACON& Tower with Radar,0,3,1,0,4,0,26,151,5,182,0,29,152,5,186,250,0,250,436
04/30/2018,HUF,IN,AGL,CE,Combined TRACON& Tower with Radar,0,4,6,0,10,0,2,33,0,35,0,6,39,0,45,8,0,8,53
05/01/2018,HUF,IN,AGL,CE,Combined TRACON& Tower with Radar,0,1,9,0,10,0,18,202,0,220,0,19,211,0,230,12,0,12,242
05/02/2018,HUF,IN,AGL,CE,Combined TRACON& Tower with Radar,0,1,12,1,14,0,0,54,1,55,0,1,66,2,69,156,0,156,225
05/03/2018,HUF,IN,AGL,CE,Combined TRACON& Tower with Radar,2,2,8,0,12,0,0,19,0,19,2,2,27,0,31,34,0,34,65
05/04/2018,HUF,IN,AGL,CE,Combined TRACON& Tower with Radar,2,0,12,5,19,0,2,20,1,23,2,2,32,6,42,90,0,90,132
05/05/2018,HUF,IN,AGL,CE,Combined TRACON& Tower with Radar,0,3,17,0,20,0,6,41,1,48,0,9,58,1,68,28,0,28,96
05/06/2018,HUF,IN,AGL,CE,Combined TRACON& Tower with Radar,0,6,30,1,37,0,8,121,2,131,0,14,151,3,168,46,0,46,214
05/07/2018,HUF,IN,AGL,CE,Combined TRACON& Tower with Radar,0,1,32,1,34,0,0,102,1,103,0,1,134,2,137,112,14,126,263
05/08/2018,HUF,IN,AGL,CE,Combined TRACON& Tower with Radar,0,1,37,0,38,0,0,138,1,139,0,1,175,1,177,190,0,190,367
05/09/2018,HUF,IN,AGL,CE,Combined TRACON& Tower with Radar,0,0,23,1,24,0,0,37,1,38,0,0,60,2,62,48,0,48,110
05/10/2018,HUF,IN,AGL,CE,Combined TRACON& Tower with Radar,0,0,25,0,25,0,0,114,2,116,0,0,139,2,141,144,0,144,285
05/11/2018,HUF,IN,AGL,CE,Combined TRACON& Tower with Radar,0,0,30,0,30,0,0,76,1,77,0,0,106,1,107,114,0,114,221
05/12/2018,HUF,IN,AGL,CE,Combined TRACON& Tower with Radar,0,1,13,0,14,0,2,37,0,39,0,3,50,0,53,10,0,10,63
05/13/2018,HUF,IN,AGL,CE,Combined TRACON& Tower with Radar,0,0,12,0,12,0,1,20,0,21,0,1,32,0,33,20,0,20,53
05/14/2018,HUF,IN,AGL,CE,Combined TRACON& Tower with Radar,0,0,36,0,36,0,0,89,0,89,0,0,125,0,125,152,0,152,277
05/15/2018,HUF,IN,AGL,CE,Combined TRACON& Tower with Radar,0,0,43,0,43,0,0,43,0,43,0,0,86,0,86,78,0,78,164
05/16/2018,HUF,IN,AGL,CE,Combined TRACON& Tower with Radar,0,4,60,0,64,0,0,59,0,59,0,4,119,0,123,120,0,120,243
05/17/2018,HUF,IN,AGL,CE,Combined TRACON& Tower with Radar,0,0,35,0,35,0,5,83,0,88,0,5,118,0,123,50,0,50,173
05/18/2018,HUF,IN,AGL,CE,Combined TRACON& Tower with Radar,0,0,45,2,47,0,1,23,0,24,0,1,68,2,71,42,0,42,113
05/19/2018,HUF,IN,AGL,CE,Combined TRACON& Tower with Radar,0,1,10,2,13,0,1,2,0,3,0,2,12,2,16,12,0,12,28
05/20/2018,HUF,IN,AGL,CE,Combined TRACON& Tower with Radar,0,0,12,5,17,0,0,18,0,18,0,0,30,5,35,37,0,37,72
05/21/2018,HUF,IN,AGL,CE,Combined TRACON& Tower with Radar,0,0,32,0,32,0,0,74,0,74,0,0,106,0,106,156,0,156,262
05/22/2018,HUF,IN,AGL,CE,Combined TRACON& Tower with Radar,0,0,46,0,46,0,0,70,0,70,0,0,116,0,116,122,0,122,238
05/23/2018,HUF,IN,AGL,CE,Combined TRACON& Tower with Radar,0,3,28,0,31,0,2,113,0,115,0,5,141,0,146,136,0,136,282
05/24/2018,HUF,IN,AGL,CE,Combined TRACON& Tower with Radar,0,3,31,5,39,0,0,73,4,77,0,3,104,9,116,86,0,86,202
05/25/2018,HUF,IN,AGL,CE,Combined TRACON& Tower with Radar,0,5,16,2,23,0,3,67,1,71,0,8,83,3,94,78,0,78,172
05/26/2018,HUF,IN,AGL,CE,Combined TRACON& Tower with Radar,0,3,14,0,17,0,2,11,2,15,0,5,25,2,32,26,0,26,58
05/27/2018,HUF,IN,AGL,CE,Combined TRACON& Tower with Radar,0,0,16,1,17,0,1,30,0,31,0,1,46,1,48,24,0,24,72
05/28/2018,HUF,IN,AGL,CE,Combined TRACON& Tower with Radar,0,0,16,0,16,0,1,26,0,27,0,1,42,0,43,30,0,30,73
05/29/2018,HUF,IN,AGL,CE,Combined TRACON& Tower with Radar,0,0,38,0,38,0,0,62,0,62,0,0,100,0,100,104,0,104,204
05/30/2018,HUF,IN,AGL,CE,Combined TRACON& Tower with Radar,0,0,11,0,11,0,0,9,0,9,0,0,20,0,20,28,0,28,48
05/31/2018,HUF,IN,AGL,CE,Combined TRACON& Tower with Radar,0,0,9,0,9,0,0,41,0,41,0,0,50,0,50,62,0,62,112
06/01/2018,HUF,IN,AGL,CE,Combined TRACON& Tower with Radar,2,0,31,2,35,0,0,42,0,42,2,0,73,2,77,104,0,104,181
06/02/2018,HUF,IN,AGL,CE,Combined TRACON& Tower with Radar,0,0,25,7,32,0,3,51,3,57,0,3,76,10,89,82,0,82,171
06/03/2018,HUF,IN,AGL,CE,Combined TRACON& Tower with Radar,0,0,7,0,7,0,0,17,0,17,0,0,24,0,24,8,0,8,32
06/04/2018,HUF,IN,AGL,CE,Combined TRACON& Tower with Radar,0,1,46,0,47,0,0,134,0,134,0,1,180,0,181,170,0,170,351
06/05/2018,HUF,IN,AGL,CE,Combined TRACON& Tower with Radar,0,0,39,0,39,0,0,105,0,105,0,0,144,0,144,112,0,112,256
06/06/2018,HUF,IN,AGL,CE,Combined TRACON& Tower with Radar,0,4,56,0,60,0,0,139,0,139,0,4,195,0,199,163,0,163,362
06/07/2018,HUF,IN,AGL,CE,Combined TRACON& Tower with Radar,0,2,27,2,31,0,0,78,0,78,0,2,105,2,109,162,0,162,271
06/08/2018,HUF,IN,AGL,CE,Combined TRACON& Tower with Radar,0,0,18,0,18,0,2,84,1,87,0,2,102,1,105,194,0,194,299
06/09/2018,HUF,IN,AGL,CE,Combined TRACON& Tower with Radar,0,0,5,0,5,0,0,22,0,22,0,0,27,0,27,6,0,6,33
06/10/2018,HUF,IN,AGL,CE,Combined TRACON& Tower with Radar,0,0,2,0,2,0,0,0,0,0,0,0,2,0,2,0,0,0,2
06/11/2018,HUF,IN,AGL,CE,Combined TRACON& Tower with Radar,0,0,31,0,31,0,0,23,0,23,0,0,54,0,54,99,0,99,153
06/12/2018,HUF,IN,AGL,CE,Combined TRACON& Tower with Radar,0,1,41,0,42,0,1,19,0,20,0,2,60,0,62,28,0,28,90
06/13/2018,HUF,IN,AGL,CE,Combined TRACON& Tower with Radar,0,0,41,0,41,0,0,79,0,79,0,0,120,0,120,156,0,156,276
06/14/2018,HUF,IN,AGL,CE,Combined TRACON& Tower with Radar,0,0,23,1,24,0,0,106,0,106,0,0,129,1,130,200,0,200,330
06/15/2018,HUF,IN,AGL,CE,Combined TRACON& Tower with Radar,0,0,26,1,27,0,0,90,2,92,0,0,116,3,119,126,0,126,245
06/16/2018,HUF,IN,AGL,CE,Combined TRACON& Tower with Radar,0,0,11,0,11,0,1,41,0,42,0,1,52,0,53,26,0,26,79
06/17/2018,HUF,IN,AGL,CE,Combined TRACON& Tower with Radar,0,0,4,0,4,0,7,13,0,20,0,7,17,0,24,12,0,12,36
06/18/2018,HUF,IN,AGL,CE,Combined TRACON& Tower with Radar,0,7,14,0,21,0,4,89,0,93,0,11,103,0,114,109,0,109,223
06/19/2018,HUF,IN,AGL,CE,Combined TRACON& Tower with Radar,0,0,20,0,20,0,0,41,0,41,0,0,61,0,61,134,0,134,195
06/20/2018,HUF,IN,AGL,CE,Combined TRACON& Tower with Radar,0,2,36,3,41,0,0,33,0,33,0,2,69,3,74,94,0,94,168
06/21/2018,HUF,IN,AGL,CE,Combined TRACON& Tower with Radar,0,2,18,0,20,0,0,5,0,5,0,2,23,0,25,12,0,12,37
06/22/2018,HUF,IN,AGL,CE,Combined TRACON& Tower with Radar,0,0,19,2,21,0,0,16,0,16,0,0,35,2,37,74,0,74,111
06/23/2018,HUF,IN,AGL,CE,Combined TRACON& Tower with Radar,0,0,26,1,27,0,0,11,0,11,0,0,37,1,38,6,0,6,44
06/24/2018,HUF,IN,AGL,CE,Combined TRACON& Tower with Radar,0,0,8,1,9,0,0,38,0,38,0,0,46,1,47,48,0,48,95
06/25/2018,HUF,IN,AGL,CE,Combined TRACON& Tower with Radar,0,1,47,0,48,0,0,53,0,53,0,1,100,0,101,174,0,174,275
06/26/2018,HUF,IN,AGL,CE,Combined TRACON& Tower with Radar,0,0,21,0,21,0,0,22,2,24,0,0,43,2,45,26,0,26,71
06/27/2018,HUF,IN,AGL,CE,Combined TRACON& Tower with Radar,0,2,64,2,68,0,0,54,0,54,0,2,118,2,122,77,0,77,199
06/28/2018,HUF,IN,AGL,CE,Combined TRACON& Tower with Radar,0,0,34,2,36,0,0,131,1,132,0,0,165,3,168,122,0,122,290
06/29/2018,HUF,IN,AGL,CE,Combined TRACON& Tower with Radar,0,0,23,0,23,0,0,100,0,100,0,0,123,0,123,130,0,130,253
06/30/2018,HUF,IN,AGL,CE,Combined TRACON& Tower with Radar,0,0,3,4,7,0,1,49,0,50,0,1,52,4,57,46,0,46,103
07/01/2018,HUF,IN,AGL,CE,Combined TRACON& Tower with Radar,0,0,9,0,9,0,0,20,0,20,0,0,29,0,29,20,0,20,49
07/02/2018,HUF,IN,AGL,CE,Combined TRACON& Tower with Radar,0,0,29,0,29,0,1,97,0,98,0,1,126,0,127,204,0,204,331
07/03/2018,HUF,IN,AGL,CE,Combined TRACON& Tower with Radar,0,0,16,0,16,0,0,70,0,70,0,0,86,0,86,180,0,180,266
07/04/2018,HUF,IN,AGL,CE,Combined TRACON& Tower with Radar,0,0,4,0,4,0,5,18,0,23,0,5,22,0,27,22,0,22,49
07/05/2018,HUF,IN,AGL,CE,Combined TRACON& Tower with Radar,0,0,1,0,1,0,0,19,0,19,0,0,20,0,20,26,0,26,46
07/06/2018,HUF,IN,AGL,CE,Combined TRACON& Tower with Radar,0,1,6,0,7,0,0,18,1,19,0,1,24,1,26,18,0,18,44
07/07/2018,HUF,IN,AGL,CE,Combined TRACON& Tower with Radar,0,0,10,0,10,0,0,41,0,41,0,0,51,0,51,14,0,14,65
07/08/2018,HUF,IN,AGL,CE,Combined TRACON& Tower with Radar,0,0,2,0,2,0,3,40,0,43,0,3,42,0,45,34,0,34,79
07/09/2018,HUF,IN,AGL,CE,Combined TRACON& Tower with Radar,0,1,23,0,24,0,3,86,0,89,0,4,109,0,113,164,0,164,277
07/10/2018,HUF,IN,AGL,CE,Combined TRACON& Tower with Radar,0,1,31,0,32,0,1,77,0,78,0,2,108,0,110,122,0,122,232
07/11/2018,HUF,IN,AGL,CE,Combined TRACON& Tower with Radar,0,0,26,0,26,0,1,106,0,107,0,1,132,0,133,238,0,238,371
07/12/2018,HUF,IN,AGL,CE,Combined TRACON& Tower with Radar,0,2,15,0,17,0,1,98,0,99,0,3,113,0,116,178,0,178,294
07/13/2018,HUF,IN,AGL,CE,Combined TRACON& Tower with Radar,0,4,21,0,25,0,1,93,0,94,0,5,114,0,119,114,0,114,233
07/14/2018,HUF,IN,AGL,CE,Combined TRACON& Tower with Radar,0,0,6,0,6,0,0,15,0,15,0,0,21,0,21,18,0,18,39
07/15/2018,HUF,IN,AGL,CE,Combined TRACON& Tower with Radar,0,2,8,0,10,0,4,6,0,10,0,6,14,0,20,14,0,14,34
07/16/2018,HUF,IN,AGL,CE,Combined TRACON& Tower with Radar,0,2,30,0,32,0,0,49,0,49,0,2,79,0,81,184,0,184,265
07/17/2018,HUF,IN,AGL,CE,Combined TRACON& Tower with Radar,0,0,23,0,23,0,1,111,0,112,0,1,134,0,135,197,0,197,332
07/18/2018,HUF,IN,AGL,CE,Combined TRACON& Tower with Radar,0,0,24,0,24,0,0,120,0,120,0,0,144,0,144,114,0,114,258
07/19/2018,HUF,IN,AGL,CE,Combined TRACON& Tower with Radar,0,0,34,0,34,0,1,76,0,77,0,1,110,0,111,174,0,174,285
07/20/2018,HUF,IN,AGL,CE,Combined TRACON& Tower with Radar,0,0,16,0,16,0,1,20,0,21,0,1,36,0,37,42,0,42,79
07/21/2018,HUF,IN,AGL,CE,Combined TRACON& Tower with Radar,0,0,9,0,9,0,0,8,0,8,0,0,17,0,17,6,0,6,23
07/22/2018,HUF,IN,AGL,CE,Combined TRACON& Tower with Radar,0,0,3,0,3,0,0,8,1,9,0,0,11,1,12,0,0,0,12
07/23/2018,HUF,IN,AGL,CE,Combined TRACON& Tower with Radar,0,2,38,0,40,0,1,82,0,83,0,3,120,0,123,172,0,172,295
07/24/2018,HUF,IN,AGL,CE,Combined TRACON& Tower with Radar,0,0,30,2,32,0,1,89,0,90,0,1,119,2,122,154,4,158,280
07/25/2018,HUF,IN,AGL,CE,Combined TRACON& Tower with Radar,0,1,25,0,26,0,0,96,0,96,0,1,121,0,122,192,0,192,314
07/26/2018,HUF,IN,AGL,CE,Combined TRACON& Tower with Radar,0,1,10,0,11,0,0,62,0,62,0,1,72,0,73,98,0,98,171
07/27/2018,HUF,IN,AGL,CE,Combined TRACON& Tower with Radar,0,1,17,0,18,0,2,97,0,99,0,3,114,0,117,84,0,84,201
07/28/2018,HUF,IN,AGL,CE,Combined TRACON& Tower with Radar,0,0,8,0,8,0,0,35,0,35,0,0,43,0,43,30,0,30,73
07/29/2018,HUF,IN,AGL,CE,Combined TRACON& Tower with Radar,0,0,7,0,7,0,0,31,3,34,0,0,38,3,41,0,10,10,51
07/30/2018,HUF,IN,AGL,CE,Combined TRACON& Tower with Radar,0,0,11,0,11,0,0,14,0,14,0,0,25,0,25,34,0,34,59
07/31/2018,HUF,IN,AGL,CE,Combined TRACON& Tower with Radar,0,0,15,0,15,0,0,11,0,11,0,0,26,0,26,67,0,67,93
08/01/2018,HUF,IN,AGL,CE,Combined TRACON& Tower with Radar,0,0,62,1,63,0,0,71,6,77,0,0,133,7,140,135,0,135,275
08/02/2018,HUF,IN,AGL,CE,Combined TRACON& Tower with Radar,0,1,33,1,35,0,0,104,0,104,0,1,137,1,139,151,0,151,290
08/03/2018,HUF,IN,AGL,CE,Combined TRACON& Tower with Radar,0,0,17,0,17,0,0,70,1,71,0,0,87,1,88,142,0,142,230
08/04/2018,HUF,IN,AGL,CE,Combined TRACON& Tower with Radar,0,0,6,0,6,0,0,41,2,43,0,0,47,2,49,44,0,44,93
08/05/2018,HUF,IN,AGL,CE,Combined TRACON& Tower with Radar,0,0,5,0,5,0,2,24,1,27,0,2,29,1,32,35,0,35,67
08/06/2018,HUF,IN,AGL,CE,Combined TRACON& Tower with Radar,0,1,22,0,23,0,0,86,2,88,0,1,108,2,111,198,0,198,309
08/07/2018,HUF,IN,AGL,CE,Combined TRACON& Tower with Radar,0,0,12,2,14,0,0,21,0,21,0,0,33,2,35,48,0,48,83
08/08/2018,HUF,IN,AGL,CE,Combined TRACON& Tower with Radar,0,0,42,1,43,0,1,60,0,61,0,1,102,1,104,160,0,160,264
08/09/2018,HUF,IN,AGL,CE,Combined TRACON& Tower with Radar,0,0,34,0,34,0,1,90,0,91,0,1,124,0,125,116,0,116,241
08/10/2018,HUF,IN,AGL,CE,Combined TRACON& Tower with Radar,0,2,13,0,15,0,4,66,0,70,0,6,79,0,85,102,0,102,187
08/11/2018,HUF,IN,AGL,CE,Combined TRACON& Tower with Radar,0,2,7,0,9,0,1,12,0,13,0,3,19,0,22,12,0,12,34
08/12/2018,HUF,IN,AGL,CE,Combined TRACON& Tower with Radar,0,0,4,0,4,0,0,47,0,47,0,0,51,0,51,44,0,44,95
08/13/2018,HUF,IN,AGL,CE,Combined TRACON& Tower with Radar,0,1,24,0,25,0,4,77,8,89,0,5,101,8,114,181,0,181,295
08/14/2018,HUF,IN,AGL,CE,Combined TRACON& Tower with Radar,0,1,25,4,30,0,1,97,0,98,0,2,122,4,128,90,0,90,218
08/15/2018,HUF,IN,AGL,CE,Combined TRACON& Tower with Radar,0,0,13,3,16,0,1,11,4,16,0,1,24,7,32,7,0,7,39
08/16/2018,HUF,IN,AGL,CE,Combined TRACON& Tower with Radar,0,0,8,4,12,0,0,25,32,57,0,0,33,36,69,0,4,4,73
08/17/2018,HUF,IN,AGL,CE,Combined TRACON& Tower with Radar,1,0,10,7,18,0,1,12,2,15,1,1,22,9,33,0,0,0,33
08/18/2018,HUF,IN,AGL,CE,Combined TRACON& Tower with Radar,0,0,22,2,24,0,41,21,16,78,0,41,43,18,102,52,0,52,154
08/19/2018,HUF,IN,AGL,CE,Combined TRACON& Tower with Radar,1,0,18,5,24,0,27,118,4,149,1,27,136,9,173,14,0,14,187
08/20/2018,HUF,IN,AGL,CE,Combined TRACON& Tower with Radar,0,2,6,5,13,0,0,17,3,20,0,2,23,8,33,4,0,4,37
08/21/2018,HUF,IN,AGL,CE,Combined TRACON& Tower with Radar,0,0,29,2,31,0,5,11,0,16,0,5,40,2,47,14,0,14,61
08/22/2018,HUF,IN,AGL,CE,Combined TRACON& Tower with Radar,0,0,18,0,18,0,1,90,0,91,0,1,108,0,109,94,0,94,203
08/23/2018,HUF,IN,AGL,CE,Combined TRACON& Tower with Radar,0,0,27,0,27,0,1,82,5,88,0,1,109,5,115,69,0,69,184
08/24/2018,HUF,IN,AGL,CE,Combined TRACON& Tower with Radar,0,4,16,0,20,0,0,21,0,21,0,4,37,0,41,65,0,65,106
08/25/2018,HUF,IN,AGL,CE,Combined TRACON& Tower with Radar,0,2,8,0,10,0,0,11,0,11,0,2,19,0,21,6,0,6,27
08/26/2018,HUF,IN,AGL,CE,Combined TRACON& Tower with Radar,0,2,15,31,48,0,2,47,0,49,0,4,62,31,97,50,46,96,193
08/27/2018,HUF,IN,AGL,CE,Combined TRACON& Tower with Radar,0,0,38,1,39,0,0,110,0,110,0,0,148,1,149,124,0,124,273
08/28/2018,HUF,IN,AGL,CE,Combined TRACON& Tower with Radar,0,4,20,0,24,0,1,91,4,96,0,5,111,4,120,101,0,101,221
08/29/2018,HUF,IN,AGL,CE,Combined TRACON& Tower with Radar,0,0,12,0,12,0,1,43,0,44,0,1,55,0,56,106,0,106,162
08/30/2018,HUF,IN,AGL,CE,Combined TRACON& Tower with Radar,0,1,29,0,30,0,0,110,0,110,0,1,139,0,140,169,0,169,309
08/31/2018,HUF,IN,AGL,CE,Combined TRACON& Tower with Radar,0,1,25,0,26,0,0,56,0,56,0,1,81,0,82,29,0,29,111
09/01/2018,HUF,IN,AGL,CE,Combined TRACON& Tower with Radar,0,0,26,0,26,0,4,44,0,48,0,4,70,0,74,32,0,32,106
09/02/2018,HUF,IN,AGL,CE,Combined TRACON& Tower with Radar,0,0,9,2,11,0,1,35,1,37,0,1,44,3,48,20,0,20,68
09/03/2018,HUF,IN,AGL,CE,Combined TRACON& Tower with Radar,0,2,7,0,9,0,2,32,0,34,0,4,39,0,43,0,0,0,43
09/04/2018,HUF,IN,AGL,CE,Combined TRACON& Tower with Radar,0,1,18,0,19,0,3,104,18,125,0,4,122,18,144,88,0,88,232
09/05/2018,HUF,IN,AGL,CE,Combined TRACON& Tower with Radar,0,0,20,1,21,0,4,89,0,93,0,4,109,1,114,148,0,148,262
09/06/2018,HUF,IN,AGL,CE,Combined TRACON& Tower with Radar,0,2,9,11,22,0,0,56,0,56,0,2,65,11,78,112,0,112,190
09/07/2018,HUF,IN,AGL,CE,Combined TRACON& Tower with Radar,0,0,20,0,20,0,0,10,0,10,0,0,30,0,30,34,0,34,64
09/08/2018,HUF,IN,AGL,CE,Combined TRACON& Tower with Radar,0,0,11,0,11,0,0,0,0,0,0,0,11,0,11,0,0,0,11
09/09/2018,HUF,IN,AGL,CE,Combined TRACON& Tower with Radar,0,2,18,0,20,0,1,0,0,1,0,3,18,0,21,2,0,2,23
09/10/2018,HUF,IN,AGL,CE,Combined TRACON& Tower with Radar,0,0,26,0,26,0,1,75,0,76,0,1,101,0,102,108,0,108,210
09/11/2018,HUF,IN,AGL,CE,Combined TRACON& Tower with Radar,0,0,38,0,38,0,1,148,0,149,0,1,186,0,187,133,0,133,320
09/12/2018,HUF,IN,AGL,CE,Combined TRACON& Tower with Radar,0,0,32,0,32,0,2,153,0,155,0,2,185,0,187,132,0,132,319
09/13/2018,HUF,IN,AGL,CE,Combined TRACON& Tower with Radar,0,2,41,0,43,0,0,133,5,138,0,2,174,5,181,66,0,66,247
09/14/2018,HUF,IN,AGL,CE,Combined TRACON& Tower with Radar,0,4,20,20,44,0,2,115,2,119,0,6,135,22,163,106,12,118,281
09/15/2018,HUF,IN,AGL,CE,Combined TRACON& Tower with Radar,0,0,23,0,23,0,0,116,0,116,0,0,139,0,139,72,0,72,211
09/16/2018,HUF,IN,AGL,CE,Combined TRACON& Tower with Radar,0,1,10,0,11,0,5,40,0,45,0,6,50,0,56,42,0,42,98
09/17/2018,HUF,IN,AGL,CE,Combined TRACON& Tower with Radar,0,0,13,0,13,0,0,99,0,99,0,0,112,0,112,138,0,138,250
09/18/2018,HUF,IN,AGL,CE,Combined TRACON& Tower with Radar,0,0,18,1,19,0,0,74,0,74,0,0,92,1,93,168,0,168,261
09/19/2018,HUF,IN,AGL,CE,Combined TRACON& Tower with Radar,0,4,27,2,33,0,5,90,0,95,0,9,117,2,128,158,0,158,286
09/20/2018,HUF,IN,AGL,CE,Combined TRACON& Tower with Radar,0,0,19,8,27,0,0,135,0,135,0,0,154,8,162,152,0,152,314
09/21/2018,HUF,IN,AGL,CE,Combined TRACON& Tower with Radar,0,0,11,6,17,0,0,62,0,62,0,0,73,6,79,194,0,194,273
09/22/2018,HUF,IN,AGL,CE,Combined TRACON& Tower with Radar,0,4,16,21,41,0,1,63,9,73,0,5,79,30,114,102,16,118,232
09/23/2018,HUF,IN,AGL,CE,Combined TRACON& Tower with Radar,0,0,12,1,13,0,3,40,1,44,0,3,52,2,57,40,2,42,99
09/24/2018,HUF,IN,AGL,CE,Combined TRACON& Tower with Radar,0,0,12,0,12,0,0,2,0,2,0,0,14,0,14,8,0,8,22
09/25/2018,HUF,IN,AGL,CE,Combined TRACON& Tower with Radar,0,0,23,0,23,0,0,6,0,6,0,0,29,0,29,28,0,28,57
09/26/2018,HUF,IN,AGL,CE,Combined TRACON& Tower with Radar,0,2,44,0,46,0,0,155,0,155,0,2,199,0,201,227,0,227,428
09/27/2018,HUF,IN,AGL,CE,Combined TRACON& Tower with Radar,1,0,26,6,33,0,2,105,3,110,1,2,131,9,143,119,20,139,282
09/28/2018,HUF,IN,AGL,CE,Combined TRACON& Tower with Radar,1,0,36,2,39,0,0,113,1,114,1,0,149,3,153,132,0,132,285
09/29/2018,HUF,IN,AGL,CE,Combined TRACON& Tower with Radar,0,0,15,0,15,0,6,84,0,90,0,6,99,0,105,136,0,136,241
09/30/2018,HUF,IN,AGL,CE,Combined TRACON& Tower with Radar,0,0,8,0,8,0,3,45,0,48,0,3,53,0,56,50,0,50,106
10/01/2018,HUF,IN,AGL,CE,Combined TRACON& Tower with Radar,0,0,22,0,22,0,5,138,0,143,0,5,160,0,165,204,0,204,369
10/02/2018,HUF,IN,AGL,CE,Combined TRACON& Tower with Radar,0,0,14,0,14,0,4,91,0,95,0,4,105,0,109,152,0,152,261
10/03/2018,HUF,IN,AGL,CE,Combined TRACON& Tower with Radar,0,2,25,0,27,0,2,69,0,71,0,4,94,0,98,67,0,67,165
10/04/2018,HUF,IN,AGL,CE,Combined TRACON& Tower with Radar,0,0,24,0,24,0,2,11,0,13,0,2,35,0,37,57,0,57,94
10/05/2018,HUF,IN,AGL,CE,Combined TRACON& Tower with Radar,2,0,10,1,13,0,0,9,1,10,2,0,19,2,23,16,0,16,39
10/06/2018,HUF,IN,AGL,CE,Combined TRACON& Tower with Radar,0,4,14,0,18,0,2,24,0,26,0,6,38,0,44,36,0,36,80
10/07/2018,HUF,IN,AGL,CE,Combined TRACON& Tower with Radar,2,0,9,0,11,0,1,25,0,26,2,1,34,0,37,38,0,38,75
10/08/2018,HUF,IN,AGL,CE,Combined TRACON& Tower with Radar,0,0,23,8,31,0,2,114,0,116,0,2,137,8,147,138,0,138,285
10/09/2018,HUF,IN,AGL,CE,Combined TRACON& Tower with Radar,0,0,26,0,26,0,4,122,0,126,0,4,148,0,152,170,0,170,322
10/10/2018,HUF,IN,AGL,CE,Combined TRACON& Tower with Radar,0,0,15,2,17,0,0,0,0,0,0,0,15,2,17,4,0,4,21
10/11/2018,HUF,IN,AGL,CE,Combined TRACON& Tower with Radar,0,0,26,0,26,0,2,111,0,113,0,2,137,0,139,194,0,194,333
10/12/2018,HUF,IN,AGL,CE,Combined TRACON& Tower with Radar,1,2,16,0,19,0,1,59,2,62,1,3,75,2,81,108,0,108,189
10/13/2018,HUF,IN,AGL,CE,Combined TRACON& Tower with Radar,1,0,19,0,20,0,1,29,0,30,1,1,48,0,50,69,0,69,119
10/14/2018,HUF,IN,AGL,CE,Combined TRACON& Tower with Radar,0,1,13,0,14,0,2,5,2,9,0,3,18,2,23,14,0,14,37
10/15/2018,HUF,IN,AGL,CE,Combined TRACON& Tower with Radar,0,0,17,0,17,0,3,58,0,61,0,3,75,0,78,79,0,79,157
10/16/2018,HUF,IN,AGL,CE,Combined TRACON& Tower with Radar,0,3,31,4,38,0,1,99,1,101,0,4,130,5,139,169,4,173,312
10/17/2018,HUF,IN,AGL,CE,Combined TRACON& Tower with Radar,0,0,40,2,42,0,1,121,2,124,0,1,161,4,166,126,2,128,294
10/18/2018,HUF,IN,AGL,CE,Combined TRACON& Tower with Radar,0,2,21,1,24,0,3,86,2,91,0,5,107,3,115,204,0,204,319
10/19/2018,HUF,IN,AGL,CE,Combined TRACON& Tower with Radar,0,0,36,0,36,0,2,77,0,79,0,2,113,0,115,131,0,131,246
10/20/2018,HUF,IN,AGL,CE,Combined TRACON& Tower with Radar,0,0,7,2,9,0,1,44,0,45,0,1,51,2,54,32,0,32,86
10/21/2018,HUF,IN,AGL,CE,Combined TRACON& Tower with Radar,0,0,17,0,17,0,4,74,0,78,0,4,91,0,95,102,0,102,197
10/22/2018,HUF,IN,AGL,CE,Combined TRACON& Tower with Radar,0,2,22,0,24,0,0,113,0,113,0,2,135,0,137,158,0,158,295
10/23/2018,HUF,IN,AGL,CE,Combined TRACON& Tower with Radar,0,0,27,6,33,0,2,93,0,95,0,2,120,6,128,131,0,131,259
10/24/2018,HUF,IN,AGL,CE,Combined TRACON& Tower with Radar,0,1,15,0,16,0,1,96,2,99,0,2,111,2,115,145,4,149,264
10/25/2018,HUF,IN,AGL,CE,Combined TRACON& Tower with Radar,0,1,16,0,17,0,1,93,0,94,0,2,109,0,111,147,0,147,258
10/26/2018,HUF,IN,AGL,CE,Combined TRACON& Tower with Radar,0,0,11,0,11,0,0,0,0,0,0,0,11,0,11,0,0,0,11
10/27/2018,HUF,IN,AGL,CE,Combined TRACON& Tower with Radar,0,0,13,0,13,0,1,10,0,11,0,1,23,0,24,57,0,57,81
10/28/2018,HUF,IN,AGL,CE,Combined TRACON& Tower with Radar,0,0,2,0,2,0,4,4,0,8,0,4,6,0,10,0,0,0,10
10/29/2018,HUF,IN,AGL,CE,Combined TRACON& Tower with Radar,0,2,35,2,39,0,4,98,0,102,0,6,133,2,141,181,0,181,322
10/30/2018,HUF,IN,AGL,CE,Combined TRACON& Tower with Radar,0,0,32,2,34,0,1,103,0,104,0,1,135,2,138,158,0,158,296
10/31/2018,HUF,IN,AGL,CE,Combined TRACON& Tower with Radar,0,2,4,0,6,0,0,0,0,0,0,2,4,0,6,0,0,0,6
11/01/2018,HUF,IN,AGL,CE,Combined TRACON& Tower with Radar,0,2,7,0,9,0,0,0,0,0,0,2,7,0,9,0,0,0,9
11/02/2018,HUF,IN,AGL,CE,Combined TRACON& Tower with Radar,0,0,23,2,25,0,2,92,0,94,0,2,115,2,119,249,0,249,368
11/03/2018,HUF,IN,AGL,CE,Combined TRACON& Tower with Radar,2,0,25,0,27,0,0,51,0,51,2,0,76,0,78,64,0,64,142
11/04/2018,HUF,IN,AGL,CE,Combined TRACON& Tower with Radar,0,0,3,0,3,0,2,4,1,7,0,2,7,1,10,1,0,1,11
11/05/2018,HUF,IN,AGL,CE,Combined TRACON& Tower with Radar,0,0,27,0,27,0,0,75,1,76,0,0,102,1,103,179,0,179,282
11/06/2018,HUF,IN,AGL,CE,Combined TRACON& Tower with Radar,0,0,18,0,18,0,0,62,0,62,0,0,80,0,80,112,0,112,192
11/07/2018,HUF,IN,AGL,CE,Combined TRACON& Tower with Radar,0,3,33,0,36,0,6,130,2,138,0,9,163,2,174,133,0,133,307
11/08/2018,HUF,IN,AGL,CE,Combined TRACON& Tower with Radar,0,7,35,3,45,0,1,61,0,62,0,8,96,3,107,196,0,196,303
11/09/2018,HUF,IN,AGL,CE,Combined TRACON& Tower with Radar,0,2,12,0,14,0,3,0,0,3,0,5,12,0,17,68,0,68,85
11/10/2018,HUF,IN,AGL,CE,Combined TRACON& Tower with Radar,0,6,17,0,23,0,1,64,0,65,0,7,81,0,88,71,0,71,159
11/11/2018,HUF,IN,AGL,CE,Combined TRACON& Tower with Radar,0,3,8,0,11,0,3,57,0,60,0,6,65,0,71,83,0,83,154
11/12/2018,HUF,IN,AGL,CE,Combined TRACON& Tower with Radar,0,2,22,0,24,0,5,57,0,62,0,7,79,0,86,117,0,117,203
11/13/2018,HUF,IN,AGL,CE,Combined TRACON& Tower with Radar,0,1,13,1,15,0,0,59,1,60,0,1,72,2,75,206,0,206,281
11/14/2018,HUF,IN,AGL,CE,Combined TRACON& Tower with Radar,0,3,23,0,26,0,2,93,0,95,0,5,116,0,121,157,0,157,278
11/15/2018,HUF,IN,AGL,CE,Combined TRACON& Tower with Radar,0,0,5,0,5,0,0,0,0,0,0,0,5,0,5,0,0,0,5
11/16/2018,HUF,IN,AGL,CE,Combined TRACON& Tower with Radar,0,7,12,0,19,0,0,14,0,14,0,7,26,0,33,261,0,261,294
11/17/2018,HUF,IN,AGL,CE,Combined TRACON& Tower with Radar,0,0,17,0,17,0,0,1,0,1,0,0,18,0,18,23,0,23,41
11/18/2018,HUF,IN,AGL,CE,Combined TRACON& Tower with Radar,0,2,9,0,11,0,0,1,0,1,0,2,10,0,12,2,0,2,14
11/19/2018,HUF,IN,AGL,CE,Combined TRACON& Tower with Radar,0,2,10,0,12,0,0,0,0,0,0,2,10,0,12,0,0,0,12
11/20/2018,HUF,IN,AGL,CE,Combined TRACON& Tower with Radar,0,1,30,0,31,0,2,58,0,60,0,3,88,0,91,164,0,164,255
11/21/2018,HUF,IN,AGL,CE,Combined TRACON& Tower with Radar,2,0,12,0,14,0,0,32,2,34,2,0,44,2,48,52,0,52,100
11/22/2018,HUF,IN,AGL,CE,Combined TRACON& Tower with Radar,0,2,5,0,7,0,5,4,0,9,0,7,9,0,16,0,0,0,16
11/23/2018,HUF,IN,AGL,CE,Combined TRACON& Tower with Radar,0,0,9,0,9,0,1,11,0,12,0,1,20,0,21,0,0,0,21
11/24/2018,HUF,IN,AGL,CE,Combined TRACON& Tower with Radar,0,2,13,0,15,0,1,9,0,10,0,3,22,0,25,22,0,22,47
11/25/2018,HUF,IN,AGL,CE,Combined TRACON& Tower with Radar,0,2,6,0,8,0,0,6,0,6,0,2,12,0,14,0,0,0,14
11/26/2018,HUF,IN,AGL,CE,Combined TRACON& Tower with Radar,0,0,8,0,8,0,0,0,0,0,0,0,8,0,8,0,0,0,8
11/27/2018,HUF,IN,AGL,CE,Combined TRACON& Tower with Radar,0,0,17,0,17,0,2,7,0,9,0,2,24,0,26,50,0,50,76
11/28/2018,HUF,IN,AGL,CE,Combined TRACON& Tower with Radar,0,0,24,0,24,0,5,119,0,124,0,5,143,0,148,223,0,223,371
11/29/2018,HUF,IN,AGL,CE,Combined TRACON& Tower with Radar,0,0,10,0,10,0,1,52,0,53,0,1,62,0,63,246,0,246,309
11/30/2018,HUF,IN,AGL,CE,Combined TRACON& Tower with Radar,0,0,30,0,30,0,0,18,0,18,0,0,48,0,48,63,0,63,111
12/01/2018,HUF,IN,AGL,CE,Combined TRACON& Tower with Radar,0,1,5,0,6,0,0,1,0,1,0,1,6,0,7,0,0,0,7
12/02/2018,HUF,IN,AGL,CE,Combined TRACON& Tower with Radar,0,3,13,0,16,0,2,48,0,50,0,5,61,0,66,63,0,63,129
12/03/2018,HUF,IN,AGL,CE,Combined TRACON& Tower with Radar,0,0,2,0,2,0,0,3,0,3,0,0,5,0,5,0,0,0,5
12/04/2018,HUF,IN,AGL,CE,Combined TRACON& Tower with Radar,0,0,7,0,7,0,0,4,0,4,0,0,11,0,11,84,0,84,95
12/05/2018,HUF,IN,AGL,CE,Combined TRACON& Tower with Radar,0,0,28,0,28,0,0,78,0,78,0,0,106,0,106,114,0,114,220
12/06/2018,HUF,IN,AGL,CE,Combined TRACON& Tower with Radar,0,0,2,0,2,0,2,19,0,21,0,2,21,0,23,26,0,26,49
12/07/2018,HUF,IN,AGL,CE,Combined TRACON& Tower with Radar,0,0,29,2,31,0,0,137,0,137,0,0,166,2,168,145,0,145,313
12/08/2018,HUF,IN,AGL,CE,Combined TRACON& Tower with Radar,0,2,15,0,17,1,4,56,0,61,1,6,71,0,78,154,0,154,232
12/09/2018,HUF,IN,AGL,CE,Combined TRACON& Tower with Radar,0,0,8,0,8,0,2,60,0,62,0,2,68,0,70,105,0,105,175
12/10/2018,HUF,IN,AGL,CE,Combined TRACON& Tower with Radar,4,2,5,0,11,0,2,6,0,8,4,4,11,0,19,8,0,8,27
12/11/2018,HUF,IN,AGL,CE,Combined TRACON& Tower with Radar,0,2,32,2,36,0,5,138,0,143,0,7,170,2,179,148,0,148,327
12/12/2018,HUF,IN,AGL,CE,Combined TRACON& Tower with Radar,0,0,25,0,25,0,1,91,0,92,0,1,116,0,117,81,0,81,198
12/13/2018,HUF,IN,AGL,CE,Combined TRACON& Tower with Radar,0,0,4,2,6,0,1,10,0,11,0,1,14,2,17,56,0,56,73
12/14/2018,HUF,IN,AGL,CE,Combined TRACON& Tower with Radar,0,2,13,3,18,0,0,0,0,0,0,2,13,3,18,2,0,2,20
12/15/2018,HUF,IN,AGL,CE,Combined TRACON& Tower with Radar,0,1,2,0,3,0,1,2,0,3,0,2,4,0,6,5,0,5,11
12/16/2018,HUF,IN,AGL,CE,Combined TRACON& Tower with Radar,0,2,5,0,7,0,3,49,0,52,0,5,54,0,59,76,0,76,135
12/17/2018,HUF,IN,AGL,CE,Combined TRACON& Tower with Radar,0,3,22,0,25,0,4,97,0,101,0,7,119,0,126,106,0,106,232
12/18/2018,HUF,IN,AGL,CE,Combined TRACON& Tower with Radar,0,0,24,0,24,0,3,66,0,69,0,3,90,0,93,70,0,70,163
12/19/2018,HUF,IN,AGL,CE,Combined TRACON& Tower with Radar,0,0,9,0,9,0,0,63,0,63,0,0,72,0,72,138,0,138,210
12/20/2018,HUF,IN,AGL,CE,Combined TRACON& Tower with Radar,0,2,15,0,17,0,0,12,0,12,0,2,27,0,29,16,0,16,45
12/21/2018,HUF,IN,AGL,CE,Combined TRACON& Tower with Radar,0,2,9,0,11,0,2,0,0,2,0,4,9,0,13,0,0,0,13
12/22/2018,HUF,IN,AGL,CE,Combined TRACON& Tower with Radar,0,2,7,0,9,0,1,28,0,29,0,3,35,0,38,36,0,36,74
12/23/2018,HUF,IN,AGL,CE,Combined TRACON& Tower with Radar,0,0,3,0,3,0,0,3,0,3,0,0,6,0,6,2,0,2,8
12/24/2018,HUF,IN,AGL,CE,Combined TRACON& Tower with Radar,0,0,1,0,1,0,0,8,0,8,0,0,9,0,9,10,0,10,19
12/25/2018,HUF,IN,AGL,CE,Combined TRACON& Tower with Radar,0,0,0,0,0,0,1,1,0,2,0,1,1,0,2,8,0,8,10
12/26/2018,HUF,IN,AGL,CE,Combined TRACON& Tower with Radar,0,0,4,0,4,0,2,13,0,15,0,2,17,0,19,22,0,22,41
12/27/2018,HUF,IN,AGL,CE,Combined TRACON& Tower with Radar,0,0,5,0,5,0,0,0,0,0,0,0,5,0,5,0,0,0,5
12/28/2018,HUF,IN,AGL,CE,Combined TRACON& Tower with Radar,0,0,3,2,5,0,0,0,0,0,0,0,3,2,5,0,0,0,5
12/29/2018,HUF,IN,AGL,CE,Combined TRACON& Tower with Radar,0,2,19,0,21,0,0,14,0,14,0,2,33,0,35,10,0,10,45
12/30/2018,HUF,IN,AGL,CE,Combined TRACON& Tower with Radar,0,5,5,0,10,0,6,20,0,26,0,11,25,0,36,28,0,28,64
12/31/2018,HUF,IN,AGL,CE,Combined TRACON& Tower with Radar,0,2,1,0,3,0,0,0,0,0,0,2,1,0,3,0,0,0,3
01/01/2019,HUF,IN,AGL,CE,Combined TRACON& Tower with Radar,0,0,2,0,2,0,0,0,0,0,0,0,2,0,2,0,0,0,2
01/02/2019,HUF,IN,AGL,CE,Combined TRACON& Tower with Radar,0,0,5,0,5,0,0,0,0,0,0,0,5,0,5,0,0,0,5
01/03/2019,HUF,IN,AGL,CE,Combined TRACON& Tower with Radar,0,0,10,1,11,0,4,29,1,34,0,4,39,2,45,40,0,40,85
01/04/2019,HUF,IN,AGL,CE,Combined TRACON& Tower with Radar,0,0,4,0,4,0,0,14,0,14,0,0,18,0,18,10,0,10,28
01/05/2019,HUF,IN,AGL,CE,Combined TRACON& Tower with Radar,0,2,3,0,5,0,0,23,0,23,0,2,26,0,28,47,0,47,75
01/06/2019,HUF,IN,AGL,CE,Combined TRACON& Tower with Radar,0,2,10,0,12,0,2,21,0,23,0,4,31,0,35,31,0,31,66
01/07/2019,HUF,IN,AGL,CE,Combined TRACON& Tower with Radar,0,1,2,0,3,0,1,4,0,5,0,2,6,0,8,0,0,0,8
01/08/2019,HUF,IN,AGL,CE,Combined TRACON& Tower with Radar,0,3,8,2,13,0,0,1,0,1,0,3,9,2,14,10,0,10,24
01/09/2019,HUF,IN,AGL,CE,Combined TRACON& Tower with Radar,0,0,2,0,2,0,0,10,0,10,0,0,12,0,12,13,0,13,25
01/10/2019,HUF,IN,AGL,CE,Combined TRACON& Tower with Radar,0,2,19,0,21,0,0,57,0,57,0,2,76,0,78,47,0,47,125
01/11/2019,HUF,IN,AGL,CE,Combined TRACON& Tower with Radar,0,0,21,2,23,0,4,40,0,44,0,4,61,2,67,69,0,69,136
01/12/2019,HUF,IN,AGL,CE,Combined TRACON& Tower with Radar,0,2,3,0,5,0,0,0,0,0,0,2,3,0,5,0,0,0,5
01/13/2019,HUF,IN,AGL,CE,Combined TRACON& Tower with Radar,0,0,5,0,5,0,2,1,0,3,0,2,6,0,8,0,0,0,8
01/14/2019,HUF,IN,AGL,CE,Combined TRACON& Tower with Radar,0,4,20,0,24,0,3,45,0,48,0,7,65,0,72,24,0,24,96
01/15/2019,HUF,IN,AGL,CE,Combined TRACON& Tower with Radar,0,2,9,2,13,0,0,0,0,0,0,2,9,2,13,0,0,0,13
01/16/2019,HUF,IN,AGL,CE,Combined TRACON& Tower with Radar,0,2,8,0,10,0,0,5,0,5,0,2,13,0,15,63,0,63,78
01/17/2019,HUF,IN,AGL,CE,Combined TRACON& Tower with Radar,0,4,3,0,7,0,0,0,0,0,0,4,3,0,7,0,0,0,7
01/18/2019,HUF,IN,AGL,CE,Combined TRACON& Tower with Radar,0,1,9,0,10,0,0,4,0,4,0,1,13,0,14,108,0,108,122
01/19/2019,HUF,IN,AGL,CE,Combined TRACON& Tower with Radar,0,1,0,0,1,0,0,0,0,0,0,1,0,0,1,0,0,0,1
01/20/2019,HUF,IN,AGL,CE,Combined TRACON& Tower with Radar,0,2,14,0,16,0,2,7,0,9,0,4,21,0,25,6,0,6,31
01/21/2019,HUF,IN,AGL,CE,Combined TRACON& Tower with Radar,0,0,5,0,5,0,1,16,0,17,0,1,21,0,22,24,0,24,46
01/22/2019,HUF,IN,AGL,CE,Combined TRACON& Tower with Radar,0,0,8,0,8,0,4,7,0,11,0,4,15,0,19,14,0,14,33
01/23/2019,HUF,IN,AGL,CE,Combined TRACON& Tower with Radar,0,2,4,0,6,0,0,0,0,0,0,2,4,0,6,0,0,0,6
01/24/2019,HUF,IN,AGL,CE,Combined TRACON& Tower with Radar,0,2,9,0,11,0,0,21,0,21,0,2,30,0,32,147,0,147,179
01/25/2019,HUF,IN,AGL,CE,Combined TRACON& Tower with Radar,0,0,36,0,36,0,0,106,0,106,0,0,142,0,142,215,0,215,357
01/26/2019,HUF,IN,AGL,CE,Combined TRACON& Tower with Radar,0,0,2,0,2,0,0,14,0,14,0,0,16,0,16,32,0,32,48
01/27/2019,HUF,IN,AGL,CE,Combined TRACON& Tower with Radar,0,0,1,0,1,0,2,17,0,19,0,2,18,0,20,62,0,62,82
01/28/2019,HUF,IN,AGL,CE,Combined TRACON& Tower with Radar,0,2,0,0,2,0,0,0,0,0,0,2,0,0,2,0,0,0,2
01/29/2019,HUF,IN,AGL,CE,Combined TRACON& Tower with Radar,0,0,3,0,3,0,0,28,0,28,0,0,31,0,31,43,0,43,74
01/30/2019,HUF,IN,AGL,CE,Combined TRACON& Tower with Radar,0,0,0,0,0,0,0,1,0,1,0,0,1,0,1,0,0,0,1
01/31/2019,HUF,IN,AGL,CE,Combined TRACON& Tower with Radar,0,0,11,0,11,0,1,48,0,49,0,1,59,0,60,63,0,63,123
02/01/2019,HUF,IN,AGL,CE,Combined TRACON& Tower with Radar,0,3,20,0,23,0,0,103,0,103,0,3,123,0,126,185,0,185,311
02/02/2019,HUF,IN,AGL,CE,Combined TRACON& Tower with Radar,0,7,2,0,9,0,0,0,0,0,0,7,2,0,9,0,0,0,9
02/03/2019,HUF,IN,AGL,CE,Combined TRACON& Tower with Radar,0,2,24,0,26,0,3,71,0,74,0,5,95,0,100,156,0,156,256
02/04/2019,HUF,IN,AGL,CE,Combined TRACON& Tower with Radar,0,3,17,0,20,0,0,10,0,10,0,3,27,0,30,20,0,20,50
02/05/2019,HUF,IN,AGL,CE,Combined TRACON& Tower with Radar,0,0,11,0,11,0,0,0,0,0,0,0,11,0,11,0,0,0,11
02/06/2019,HUF,IN,AGL,CE,Combined TRACON& Tower with Radar,0,0,5,0,5,0,0,0,0,0,0,0,5,0,5,0,0,0,5
02/07/2019,HUF,IN,AGL,CE,Combined TRACON& Tower with Radar,0,0,1,0,1,0,0,0,0,0,0,0,1,0,1,0,0,0,1
02/08/2019,HUF,IN,AGL,CE,Combined TRACON& Tower with Radar,0,0,38,0,38,0,0,122,1,123,0,0,160,1,161,194,0,194,355
02/09/2019,HUF,IN,AGL,CE,Combined TRACON& Tower with Radar,0,2,17,0,19,0,0,91,0,91,0,2,108,0,110,131,0,131,241
02/10/2019,HUF,IN,AGL,CE,Combined TRACON& Tower with Radar,0,0,3,0,3,0,1,0,0,1,0,1,3,0,4,0,0,0,4
02/11/2019,HUF,IN,AGL,CE,Combined TRACON& Tower with Radar,0,0,6,0,6,0,0,0,0,0,0,0,6,0,6,0,0,0,6
02/12/2019,HUF,IN,AGL,CE,Combined TRACON& Tower with Radar,0,2,2,0,4,0,0,0,0,0,0,2,2,0,4,0,0,0,4
02/13/2019,HUF,IN,AGL,CE,Combined TRACON& Tower with Radar,0,0,34,0,34,0,0,126,0,126,0,0,160,0,160,146,0,146,306
02/14/2019,HUF,IN,AGL,CE,Combined TRACON& Tower with Radar,0,0,29,0,29,0,4,98,1,103,0,4,127,1,132,131,0,131,263
02/15/2019,HUF,IN,AGL,CE,Combined TRACON& Tower with Radar,0,0,30,8,38,0,3,91,0,94,0,3,121,8,132,226,0,226,358
02/16/2019,HUF,IN,AGL,CE,Combined TRACON& Tower with Radar,0,8,19,0,27,0,3,72,0,75,0,11,91,0,102,145,0,145,247
02/17/2019,HUF,IN,AGL,CE,Combined TRACON& Tower with Radar,0,0,2,2,4,0,0,0,0,0,0,0,2,2,4,0,0,0,4
02/18/2019,HUF,IN,AGL,CE,Combined TRACON& Tower with Radar,0,0,10,2,12,0,0,3,0,3,0,0,13,2,15,130,0,130,145
02/19/2019,HUF,IN,AGL,CE,Combined TRACON& Tower with Radar,0,7,18,0,25,0,8,77,0,85,0,15,95,0,110,170,0,170,280
02/20/2019,HUF,IN,AGL,CE,Combined TRACON& Tower with Radar,0,0,10,0,10,0,0,0,0,0,0,0,10,0,10,0,0,0,10
02/21/2019,HUF,IN,AGL,CE,Combined TRACON& Tower with Radar,0,1,48,1,50,0,0,148,0,148,0,1,196,1,198,223,0,223,421
02/22/2019,HUF,IN,AGL,CE,Combined TRACON& Tower with Radar,0,2,29,0,31,0,1,133,1,135,0,3,162,1,166,125,0,125,291
02/23/2019,HUF,IN,AGL,CE,Combined TRACON& Tower with Radar,0,4,10,0,14,0,1,0,0,1,0,5,10,0,15,0,0,0,15
02/24/2019,HUF,IN,AGL,CE,Combined TRACON& Tower with Radar,0,0,2,0,2,0,0,0,0,0,0,0,2,0,2,0,0,0,2
02/25/2019,HUF,IN,AGL,CE,Combined TRACON& Tower with Radar,0,1,27,0,28,0,1,151,0,152,0,2,178,0,180,280,0,280,460
02/26/2019,HUF,IN,AGL,CE,Combined TRACON& Tower with Radar,0,8,38,2,48,0,0,107,0,107,0,8,145,2,155,180,0,180,335
02/27/2019,HUF,IN,AGL,CE,Combined TRACON& Tower with Radar,0,2,27,0,29,0,1,43,0,44,0,3,70,0,73,172,0,172,245
02/28/2019,HUF,IN,AGL,CE,Combined TRACON& Tower with Radar,0,3,17,0,20,0,1,21,1,23,0,4,38,1,43,243,24,267,310
03/01/2019,HUF,IN,AGL,CE,Combined TRACON& Tower with Radar,0,3,36,0,39,0,4,95,0,99,0,7,131,0,138,221,0,221,359
03/02/2019,HUF,IN,AGL,CE,Combined TRACON& Tower with Radar,0,5,11,0,16,0,1,6,0,7,0,6,17,0,23,139,0,139,162
03/03/2019,HUF,IN,AGL,CE,Combined TRACON& Tower with Radar,0,0,1,0,1,0,0,3,0,3,0,0,4,0,4,0,0,0,4
03/04/2019,HUF,IN,AGL,CE,Combined TRACON& Tower with Radar,0,0,28,0,28,0,5,45,0,50,0,5,73,0,78,132,0,132,210
03/05/2019,HUF,IN,AGL,CE,Combined TRACON& Tower with Radar,0,0,14,0,14,0,1,47,0,48,0,1,61,0,62,69,0,69,131
03/06/2019,HUF,IN,AGL,CE,Combined TRACON& Tower with Radar,0,2,42,0,44,0,6,136,0,142,0,8,178,0,186,130,0,130,316
03/07/2019,HUF,IN,AGL,CE,Combined TRACON& Tower with Radar,0,0,14,0,14,0,0,18,0,18,0,0,32,0,32,51,0,51,83
03/08/2019,HUF,IN,AGL,CE,Combined TRACON& Tower with Radar,0,2,13,0,15,0,0,1,0,1,0,2,14,0,16,20,0,20,36
03/09/2019,HUF,IN,AGL,CE,Combined TRACON& Tower with Radar,0,0,2,0,2,0,0,0,0,0,0,0,2,0,2,0,0,0,2
03/10/2019,HUF,IN,AGL,CE,Combined TRACON& Tower with Radar,0,4,7,0,11,0,0,8,0,8,0,4,15,0,19,43,0,43,62
03/11/2019,HUF,IN,AGL,CE,Combined TRACON& Tower with Radar,0,0,25,0,25,0,9,121,0,130,0,9,146,0,155,151,0,151,306
03/12/2019,HUF,IN,AGL,CE,Combined TRACON& Tower with Radar,0,1,41,1,43,0,1,128,0,129,0,2,169,1,172,164,0,164,336
03/13/2019,HUF,IN,AGL,CE,Combined TRACON& Tower with Radar,0,2,21,0,23,0,0,47,0,47,0,2,68,0,70,16,0,16,86
03/14/2019,HUF,IN,AGL,CE,Combined TRACON& Tower with Radar,0,1,0,0,1,0,0,1,0,1,0,1,1,0,2,0,0,0,2
03/15/2019,HUF,IN,AGL,CE,Combined TRACON& Tower with Radar,0,6,9,0,15,0,1,8,0,9,0,7,17,0,24,36,0,36,60
03/16/2019,HUF,IN,AGL,CE,Combined TRACON& Tower with Radar,0,1,14,0,15,0,1,98,0,99,0,2,112,0,114,122,0,122,236
03/17/2019,HUF,IN,AGL,CE,Combined TRACON& Tower with Radar,0,2,16,0,18,0,0,48,0,48,0,2,64,0,66,70,0,70,136
03/18/2019,HUF,IN,AGL,CE,Combined TRACON& Tower with Radar,0,2,30,0,32,0,5,111,0,116,0,7,141,0,148,217,0,217,365
03/19/2019,HUF,IN,AGL,CE,Combined TRACON& Tower with Radar,0,2,53,1,56,0,2,119,0,121,0,4,172,1,177,200,0,200,377
03/20/2019,HUF,IN,AGL,CE,Combined TRACON& Tower with Radar,0,2,16,0,18,0,0,28,0,28,0,2,44,0,46,52,0,52,98
03/21/2019,HUF,IN,AGL,CE,Combined TRACON& Tower with Radar,0,4,19,0,23,0,0,18,0,18,0,4,37,0,41,130,0,130,171
03/22/2019,HUF,IN,AGL,CE,Combined TRACON& Tower with Radar,0,6,38,0,44,0,2,102,0,104,0,8,140,0,148,152,0,152,300
03/23/2019,HUF,IN,AGL,CE,Combined TRACON& Tower with Radar,0,1,11,0,12,0,7,79,0,86,0,8,90,0,98,91,0,91,189
03/24/2019,HUF,IN,AGL,CE,Combined TRACON& Tower with Radar,0,1,1,0,2,0,0,3,0,3,0,1,4,0,5,46,0,46,51
03/25/2019,HUF,IN,AGL,CE,Combined TRACON& Tower with Radar,0,0,23,0,23,0,0,9,0,9,0,0,32,0,32,40,0,40,72
03/26/2019,HUF,IN,AGL,CE,Combined TRACON& Tower with Radar,0,0,28,0,28,0,0,114,0,114,0,0,142,0,142,102,0,102,244
03/27/2019,HUF,IN,AGL,CE,Combined TRACON& Tower with Radar,0,0,17,0,17,0,1,109,0,110,0,1,126,0,127,161,0,161,288
03/28/2019,HUF,IN,AGL,CE,Combined TRACON& Tower with Radar,0,1,21,0,22,0,1,59,0,60,0,2,80,0,82,127,0,127,209
03/29/2019,HUF,IN,AGL,CE,Combined TRACON& Tower with Radar,0,6,17,0,23,0,1,0,0,1,0,7,17,0,24,18,0,18,42
03/30/2019,HUF,IN,AGL,CE,Combined TRACON& Tower with Radar,0,1,2,0,3,0,0,0,0,0,0,1,2,0,3,0,0,0,3
03/31/2019,HUF,IN,AGL,CE,Combined TRACON& Tower with Radar,0,1,6,0,7,0,0,21,0,21,0,1,27,0,28,59,0,59,87
04/01/2019,HUF,IN,AGL,CE,Combined TRACON& Tower with Radar,0,4,38,0,42,0,7,118,1,126,0,11,156,1,168,197,0,197,365
04/02/2019,HUF,IN,AGL,CE,Combined TRACON& Tower with Radar,0,2,38,0,40,0,4,133,0,137,0,6,171,0,177,231,0,231,408
04/03/2019,HUF,IN,AGL,CE,Combined TRACON& Tower with Radar,0,11,48,1,60,0,5,117,1,123,0,16,165,2,183,226,0,226,409
04/04/2019,HUF,IN,AGL,CE,Combined TRACON& Tower with Radar,0,4,24,0,28,0,4,48,0,52,0,8,72,0,80,137,0,137,217
04/05/2019,HUF,IN,AGL,CE,Combined TRACON& Tower with Radar,0,4,29,0,33,0,0,4,0,4,0,4,33,0,37,148,0,148,185
04/06/2019,HUF,IN,AGL,CE,Combined TRACON& Tower with Radar,0,2,20,1,23,0,3,39,0,42,0,5,59,1,65,202,0,202,267
04/07/2019,HUF,IN,AGL,CE,Combined TRACON& Tower with Radar,0,4,0,0,4,0,0,0,0,0,0,4,0,0,4,12,0,12,16
04/08/2019,HUF,IN,AGL,CE,Combined TRACON& Tower with Radar,0,1,32,0,33,0,4,107,0,111,0,5,139,0,144,260,0,260,404
04/09/2019,HUF,IN,AGL,CE,Combined TRACON& Tower with Radar,0,0,27,0,27,0,5,128,0,133,0,5,155,0,160,165,0,165,325
04/10/2019,HUF,IN,AGL,CE,Combined TRACON& Tower with Radar,0,4,31,2,37,0,0,78,0,78,0,4,109,2,115,167,0,167,282
04/11/2019,HUF,IN,AGL,CE,Combined TRACON& Tower with Radar,0,1,9,0,10,0,2,13,0,15,0,3,22,0,25,19,0,19,44
04/12/2019,HUF,IN,AGL,CE,Combined TRACON& Tower with Radar,0,0,25,2,27,0,0,16,0,16,0,0,41,2,43,60,0,60,103
04/13/2019,HUF,IN,AGL,CE,Combined TRACON& Tower with Radar,0,0,21,0,21,0,5,87,0,92,0,5,108,0,113,94,0,94,207
04/14/2019,HUF,IN,AGL,CE,Combined TRACON& Tower with Radar,0,2,0,0,2,0,0,0,0,0,0,2,0,0,2,0,0,0,2
04/15/2019,HUF,IN,AGL,CE,Combined TRACON& Tower with Radar,0,0,28,0,28,0,2,115,0,117,0,2,143,0,145,228,0,228,373
04/16/2019,HUF,IN,AGL,CE,Combined TRACON& Tower with Radar,0,2,30,0,32,0,4,88,0,92,0,6,118,0,124,103,0,103,227
04/17/2019,HUF,IN,AGL,CE,Combined TRACON& Tower with Radar,0,2,12,2,16,0,3,61,0,64,0,5,73,2,80,99,0,99,179
04/18/2019,HUF,IN,AGL,CE,Combined TRACON& Tower with Radar,0,0,4,0,4,0,0,0,0,0,0,0,4,0,4,0,0,0,4
04/19/2019,HUF,IN,AGL,CE,Combined TRACON& Tower with Radar,0,0,0,0,0,0,1,0,0,1,0,1,0,0,1,2,0,2,3
04/20/2019,HUF,IN,AGL,CE,Combined TRACON& Tower with Radar,0,0,2,0,2,0,0,3,0,3,0,0,5,0,5,0,0,0,5
04/21/2019,HUF,IN,AGL,CE,Combined TRACON& Tower with Radar,0,0,3,0,3,0,0,16,0,16,0,0,19,0,19,64,0,64,83
04/22/2019,HUF,IN,AGL,CE,Combined TRACON& Tower with Radar,0,6,28,0,34,0,4,114,0,118,0,10,142,0,152,172,0,172,324
04/23/2019,HUF,IN,AGL,CE,Combined TRACON& Tower with Radar,0,6,30,0,36,0,10,14,0,24,0,16,44,0,60,206,0,206,266
04/24/2019,HUF,IN,AGL,CE,Combined TRACON& Tower with Radar,0,4,44,0,48,0,0,21,0,21,0,4,65,0,69,121,0,121,190
04/25/2019,HUF,IN,AGL,CE,Combined TRACON& Tower with Radar,0,0,5,2,7,0,0,0,0,0,0,0,5,2,7,0,0,0,7
04/26/2019,HUF,IN,AGL,CE,Combined TRACON& Tower with Radar,0,0,16,0,16,0,1,41,1,43,0,1,57,1,59,44,0,44,103
04/27/2019,HUF,IN,AGL,CE,Combined TRACON& Tower with Radar,0,0,9,0,9,0,2,39,0,41,0,2,48,0,50,28,0,28,78
04/28/2019,HUF,IN,AGL,CE,Combined TRACON& Tower with Radar,0,4,28,0,32,0,1,68,2,71,0,5,96,2,103,56,0,56,159
04/29/2019,HUF,IN,AGL,CE,Combined TRACON& Tower with Radar,0,5,17,4,26,0,9,43,3,55,0,14,60,7,81,140,0,140,221
04/30/2019,HUF,IN,AGL,CE,Combined TRACON& Tower with Radar,0,0,14,0,14,0,0,23,0,23,0,0,37,0,37,96,0,96,133
05/01/2019,HUF,IN,AGL,CE,Combined TRACON& Tower with Radar,0,1,19,2,22,0,0,16,0,16,0,1,35,2,38,128,0,128,166
05/02/2019,HUF,IN,AGL,CE,Combined TRACON& Tower with Radar,0,1,17,2,20,0,0,2,0,2,0,1,19,2,22,13,0,13,35
05/03/2019,HUF,IN,AGL,CE,Combined TRACON& Tower with Radar,0,1,38,0,39,0,0,2,0,2,0,1,40,0,41,133,0,133,174
05/04/2019,HUF,IN,AGL,CE,Combined TRACON& Tower with Radar,0,2,10,0,12,0,1,1,0,2,0,3,11,0,14,2,0,2,16
05/05/2019,HUF,IN,AGL,CE,Combined TRACON& Tower with Radar,0,8,24,0,32,0,7,134,1,142,0,15,158,1,174,75,0,75,249
05/06/2019,HUF,IN,AGL,CE,Combined TRACON& Tower with Radar,0,2,26,0,28,0,1,134,0,135,0,3,160,0,163,233,0,233,396
05/07/2019,HUF,IN,AGL,CE,Combined TRACON& Tower with Radar,0,0,43,0,43,0,1,138,0,139,0,1,181,0,182,226,0,226,408
05/08/2019,HUF,IN,AGL,CE,Combined TRACON& Tower with Radar,0,0,17,3,20,0,3,83,0,86,0,3,100,3,106,197,0,197,303
05/09/2019,HUF,IN,AGL,CE,Combined TRACON& Tower with Radar,0,5,19,0,24,0,1,3,0,4,0,6,22,0,28,37,0,37,65
05/10/2019,HUF,IN,AGL,CE,Combined TRACON& Tower with Radar,0,3,32,0,35,0,0,51,0,51,0,3,83,0,86,242,0,242,328
05/11/2019,HUF,IN,AGL,CE,Combined TRACON& Tower with Radar,0,6,21,0,27,0,1,29,0,30,0,7,50,0,57,56,0,56,113
05/12/2019,HUF,IN,AGL,CE,Combined TRACON& Tower with Radar,0,2,8,0,10,0,0,0,0,0,0,2,8,0,10,0,0,0,10
05/13/2019,HUF,IN,AGL,CE,Combined TRACON& Tower with Radar,0,3,32,0,35,0,4,95,0,99,0,7,127,0,134,190,0,190,324
05/14/2019,HUF,IN,AGL,CE,Combined TRACON& Tower with Radar,0,6,32,0,38,0,6,128,0,134,0,12,160,0,172,163,0,163,335
05/15/2019,HUF,IN,AGL,CE,Combined TRACON& Tower with Radar,0,3,22,0,25,0,5,92,0,97,0,8,114,0,122,259,0,259,381
05/16/2019,HUF,IN,AGL,CE,Combined TRACON& Tower with Radar,0,4,23,0,27,0,0,52,0,52,0,4,75,0,79,104,0,104,183
05/17/2019,HUF,IN,AGL,CE,Combined TRACON& Tower with Radar,0,5,22,0,27,0,3,81,0,84,0,8,103,0,111,164,0,164,275
05/18/2019,HUF,IN,AGL,CE,Combined TRACON& Tower with Radar,0,6,11,0,17,0,1,47,0,48,0,7,58,0,65,43,0,43,108
05/19/2019,HUF,IN,AGL,CE,Combined TRACON& Tower with Radar,0,2,5,0,7,0,0,5,0,5,0,2,10,0,12,0,0,0,12
05/20/2019,HUF,IN,AGL,CE,Combined TRACON& Tower with Radar,0,0,43,0,43,0,2,80,0,82,0,2,123,0,125,256,0,256,381
05/21/2019,HUF,IN,AGL,CE,Combined TRACON& Tower with Radar,0,2,24,2,28,0,3,31,0,34,0,5,55,2,62,116,0,116,178
05/22/2019,HUF,IN,AGL,CE,Combined TRACON& Tower with Radar,0,0,32,2,34,0,2,56,0,58,0,2,88,2,92,92,0,92,184
05/23/2019,HUF,IN,AGL,CE,Combined TRACON& Tower with Radar,0,0,36,0,36,0,4,56,1,61,0,4,92,1,97,217,0,217,314
05/24/2019,HUF,IN,AGL,CE,Combined TRACON& Tower with Radar,0,7,28,0,35,0,4,91,0,95,0,11,119,0,130,145,0,145,275
05/25/2019,HUF,IN,AGL,CE,Combined TRACON& Tower with Radar,0,1,11,0,12,0,7,12,0,19,0,8,23,0,31,54,0,54,85
05/26/2019,HUF,IN,AGL,CE,Combined TRACON& Tower with Radar,0,4,3,0,7,0,2,6,0,8,0,6,9,0,15,0,0,0,15
05/27/2019,HUF,IN,AGL,CE,Combined TRACON& Tower with Radar,0,2,7,0,9,0,0,12,0,12,0,2,19,0,21,16,30,46,67
05/28/2019,HUF,IN,AGL,CE,Combined TRACON& Tower with Radar,0,0,35,2,37,0,2,117,0,119,0,2,152,2,156,162,0,162,318
05/29/2019,HUF,IN,AGL,CE,Combined TRACON& Tower with Radar,0,2,16,0,18,0,2,13,0,15,0,4,29,0,33,34,0,34,67
05/30/2019,HUF,IN,AGL,CE,Combined TRACON& Tower with Radar,0,4,25,2,31,0,4,69,0,73,0,8,94,2,104,157,0,157,261
05/31/2019,HUF,IN,AGL,CE,Combined TRACON& Tower with Radar,0,4,31,0,35,0,10,126,0,136,0,14,157,0,171,290,0,290,461
06/01/2019,HUF,IN,AGL,CE,Combined TRACON& Tower with Radar,0,6,14,0,20,0,6,39,0,45,0,12,53,0,65,129,0,129,194
06/02/2019,HUF,IN,AGL,CE,Combined TRACON& Tower with Radar,0,3,20,0,23,0,5,45,3,53,0,8,65,3,76,30,0,30,106
06/03/2019,HUF,IN,AGL,CE,Combined TRACON& Tower with Radar,0,2,39,0,41,0,3,113,0,116,0,5,152,0,157,280,0,280,437
06/04/2019,HUF,IN,AGL,CE,Combined TRACON& Tower with Radar,0,4,39,0,43,0,2,135,0,137,0,6,174,0,180,218,0,218,398
06/05/2019,HUF,IN,AGL,CE,Combined TRACON& Tower with Radar,0,0,11,0,11,0,0,10,0,10,0,0,21,0,21,84,0,84,105
06/06/2019,HUF,IN,AGL,CE,Combined TRACON& Tower with Radar,0,2,37,0,39,0,2,124,0,126,0,4,161,0,165,226,0,226,391
06/07/2019,HUF,IN,AGL,CE,Combined TRACON& Tower with Radar,0,3,23,0,26,0,5,57,0,62,0,8,80,0,88,132,0,132,220
06/08/2019,HUF,IN,AGL,CE,Combined TRACON& Tower with Radar,0,7,10,0,17,0,2,8,0,10,0,9,18,0,27,37,0,37,64
06/09/2019,HUF,IN,AGL,CE,Combined TRACON& Tower with Radar,0,1,6,0,7,0,0,0,0,0,0,1,6,0,7,0,0,0,7
06/10/2019,HUF,IN,AGL,CE,Combined TRACON& Tower with Radar,0,2,18,0,20,0,1,43,0,44,0,3,61,0,64,56,0,56,120
06/11/2019,HUF,IN,AGL,CE,Combined TRACON& Tower with Radar,0,2,28,0,30,0,6,100,0,106,0,8,128,0,136,338,0,338,474
06/12/2019,HUF,IN,AGL,CE,Combined TRACON& Tower with Radar,0,0,27,0,27,0,0,88,0,88,0,0,115,0,115,202,0,202,317
06/13/2019,HUF,IN,AGL,CE,Combined TRACON& Tower with Radar,0,3,13,0,16,0,5,31,0,36,0,8,44,0,52,144,0,144,196
06/14/2019,HUF,IN,AGL,CE,Combined TRACON& Tower with Radar,0,6,30,2,38,0,3,87,0,90,0,9,117,2,128,141,0,141,269
06/15/2019,HUF,IN,AGL,CE,Combined TRACON& Tower with Radar,0,3,2,0,5,0,0,0,0,0,0,3,2,0,5,0,0,0,5
06/16/2019,HUF,IN,AGL,CE,Combined TRACON& Tower with Radar,0,1,5,0,6,0,0,3,0,3,0,1,8,0,9,16,0,16,25
06/17/2019,HUF,IN,AGL,CE,Combined TRACON& Tower with Radar,0,0,22,0,22,0,0,0,0,0,0,0,22,0,22,0,0,0,22
06/18/2019,HUF,IN,AGL,CE,Combined TRACON& Tower with Radar,0,2,20,0,22,0,2,36,0,38,0,4,56,0,60,136,0,136,196
06/19/2019,HUF,IN,AGL,CE,Combined TRACON& Tower with Radar,0,2,18,0,20,0,0,16,0,16,0,2,34,0,36,75,0,75,111
06/20/2019,HUF,IN,AGL,CE,Combined TRACON& Tower with Radar,0,14,35,4,53,0,0,24,0,24,0,14,59,4,77,100,0,100,177
06/21/2019,HUF,IN,AGL,CE,Combined TRACON& Tower with Radar,0,6,8,5,19,0,2,72,0,74,0,8,80,5,93,97,0,97,190
06/22/2019,HUF,IN,AGL,CE,Combined TRACON& Tower with Radar,0,2,5,0,7,0,1,3,0,4,0,3,8,0,11,24,0,24,35
06/23/2019,HUF,IN,AGL,CE,Combined TRACON& Tower with Radar,0,2,2,0,4,0,2,5,0,7,0,4,7,0,11,16,0,16,27
06/24/2019,HUF,IN,AGL,CE,Combined TRACON& Tower with Radar,0,0,32,0,32,0,6,29,0,35,0,6,61,0,67,144,0,144,211
06/25/2019,HUF,IN,AGL,CE,Combined TRACON& Tower with Radar,0,2,49,0,51,0,1,141,0,142,0,3,190,0,193,126,0,126,319
06/26/2019,HUF,IN,AGL,CE,Combined TRACON& Tower with Radar,0,0,37,4,41,0,8,110,2,120,0,8,147,6,161,193,0,193,354
06/27/2019,HUF,IN,AGL,CE,Combined TRACON& Tower with Radar,0,2,31,2,35,0,1,127,0,128,0,3,158,2,163,212,0,212,375
06/28/2019,HUF,IN,AGL,CE,Combined TRACON& Tower with Radar,0,1,27,0,28,0,2,121,0,123,0,3,148,0,151,130,0,130,281
06/29/2019,HUF,IN,AGL,CE,Combined TRACON& Tower with Radar,0,9,23,0,32,0,5,60,0,65,0,14,83,0,97,76,0,76,173
06/30/2019,HUF,IN,AGL,CE,Combined TRACON& Tower with Radar,0,3,12,0,15,0,2,28,0,30,0,5,40,0,45,86,0,86,131
07/01/2019,HUF,IN,AGL,CE,Combined TRACON& Tower with Radar,0,1,17,0,18,0,4,22,0,26,0,5,39,0,44,18,0,18,62
07/02/2019,HUF,IN,AGL,CE,Combined TRACON& Tower with Radar,0,6,27,1,34,0,2,61,2,65,0,8,88,3,99,126,0,126,225
07/03/2019,HUF,IN,AGL,CE,Combined TRACON& Tower with Radar,0,3,24,0,27,0,0,53,0,53,0,3,77,0,80,90,0,90,170
07/04/2019,HUF,IN,AGL,CE,Combined TRACON& Tower with Radar,0,6,7,0,13,0,2,12,0,14,0,8,19,0,27,35,0,35,62
07/05/2019,HUF,IN,AGL,CE,Combined TRACON& Tower with Radar,0,0,9,0,9,0,2,2,0,4,0,2,11,0,13,0,0,0,13
07/06/2019,HUF,IN,AGL,CE,Combined TRACON& Tower with Radar,0,0,7,0,7,0,3,2,0,5,0,3,9,0,12,6,0,6,18
07/07/2019,HUF,IN,AGL,CE,Combined TRACON& Tower with Radar,0,5,14,0,19,0,3,29,0,32,0,8,43,0,51,29,0,29,80
07/08/2019,HUF,IN,AGL,CE,Combined TRACON& Tower with Radar,0,5,29,0,34,0,2,121,0,123,0,7,150,0,157,189,0,189,346
07/09/2019,HUF,IN,AGL,CE,Combined TRACON& Tower with Radar,0,0,34,24,58,0,3,116,1,120,0,3,150,25,178,203,8,211,389
07/10/2019,HUF,IN,AGL,CE,Combined TRACON& Tower with Radar,0,7,24,0,31,0,4,67,1,72,0,11,91,1,103,113,0,113,216
07/11/2019,HUF,IN,AGL,CE,Combined TRACON& Tower with Radar,0,0,39,0,39,0,1,110,0,111,0,1,149,0,150,139,0,139,289
07/12/2019,HUF,IN,AGL,CE,Combined TRACON& Tower with Radar,0,1,25,0,26,0,3,100,1,104,0,4,125,1,130,141,0,141,271
07/13/2019,HUF,IN,AGL,CE,Combined TRACON& Tower with Radar,0,5,19,0,24,0,3,84,2,89,0,8,103,2,113,91,0,91,204
07/14/2019,HUF,IN,AGL,CE,Combined TRACON& Tower with Radar,0,0,7,0,7,0,2,46,0,48,0,2,53,0,55,46,0,46,101
07/15/2019,HUF,IN,AGL,CE,Combined TRACON& Tower with Radar,0,0,37,0,37,0,2,59,0,61,0,2,96,0,98,187,0,187,285
07/16/2019,HUF,IN,AGL,CE,Combined TRACON& Tower with Radar,0,6,16,0,22,0,0,3,0,3,0,6,19,0,25,46,0,46,71
07/17/2019,HUF,IN,AGL,CE,Combined TRACON& Tower with Radar,0,4,35,0,39,0,1,69,1,71,0,5,104,1,110,188,0,188,298
07/18/2019,HUF,IN,AGL,CE,Combined TRACON& Tower with Radar,0,0,25,1,26,0,6,116,2,124,0,6,141,3,150,154,0,154,304
07/19/2019,HUF,IN,AGL,CE,Combined TRACON& Tower with Radar,0,4,30,0,34,0,0,93,0,93,0,4,123,0,127,114,0,114,241
07/20/2019,HUF,IN,AGL,CE,Combined TRACON& Tower with Radar,0,5,16,0,21,0,1,45,0,46,0,6,61,0,67,68,0,68,135
07/21/2019,HUF,IN,AGL,CE,Combined TRACON& Tower with Radar,0,1,14,0,15,0,1,8,0,9,0,2,22,0,24,46,0,46,70
07/22/2019,HUF,IN,AGL,CE,Combined TRACON& Tower with Radar,0,1,20,0,21,0,1,48,0,49,0,2,68,0,70,132,24,156,226
07/23/2019,HUF,IN,AGL,CE,Combined TRACON& Tower with Radar,0,4,40,15,59,0,2,117,0,119,0,6,157,15,178,128,20,148,326
07/24/2019,HUF,IN,AGL,CE,Combined TRACON& Tower with Radar,0,3,35,0,38,0,3,118,0,121,0,6,153,0,159,158,0,158,317
07/25/2019,HUF,IN,AGL,CE,Combined TRACON& Tower with Radar,0,2,19,0,21,0,4,86,0,90,0,6,105,0,111,196,0,196,307
07/26/2019,HUF,IN,AGL,CE,Combined TRACON& Tower with Radar,0,2,28,0,30,0,5,86,0,91,0,7,114,0,121,99,0,99,220
07/27/2019,HUF,IN,AGL,CE,Combined TRACON& Tower with Radar,0,2,13,0,15,0,3,63,0,66,0,5,76,0,81,68,0,68,149
07/28/2019,HUF,IN,AGL,CE,Combined TRACON& Tower with Radar,0,5,24,1,30,0,4,49,2,55,0,9,73,3,85,60,0,60,145
07/29/2019,HUF,IN,AGL,CE,Combined TRACON& Tower with Radar,0,2,13,2,17,0,1,27,1,29,0,3,40,3,46,58,0,58,104
07/30/2019,HUF,IN,AGL,CE,Combined TRACON& Tower with Radar,1,2,16,0,19,0,1,63,0,64,1,3,79,0,83,124,0,124,207
07/31/2019,HUF,IN,AGL,CE,Combined TRACON& Tower with Radar,1,8,47,0,56,0,3,153,1,157,1,11,200,1,213,171,0,171,384
08/01/2019,HUF,IN,AGL,CE,Combined TRACON& Tower with Radar,0,3,32,2,37,0,0,132,3,135,0,3,164,5,172,184,0,184,356
08/02/2019,HUF,IN,AGL,CE,Combined TRACON& Tower with Radar,0,3,28,1,32,0,1,96,5,102,0,4,124,6,134,153,0,153,287
08/03/2019,HUF,IN,AGL,CE,Combined TRACON& Tower with Radar,0,1,7,0,8,0,4,61,2,67,0,5,68,2,75,66,0,66,141
08/04/2019,HUF,IN,AGL,CE,Combined TRACON& Tower with Radar,0,4,13,2,19,0,3,53,0,56,0,7,66,2,75,106,0,106,181
08/05/2019,HUF,IN,AGL,CE,Combined TRACON& Tower with Radar,0,0,22,0,22,0,2,79,0,81,0,2,101,0,103,195,0,195,298
08/06/2019,HUF,IN,AGL,CE,Combined TRACON& Tower with Radar,0,0,26,0,26,0,8,86,1,95,0,8,112,1,121,160,0,160,281
08/07/2019,HUF,IN,AGL,CE,Combined TRACON& Tower with Radar,0,1,17,0,18,0,0,104,0,104,0,1,121,0,122,199,0,199,321
08/08/2019,HUF,IN,AGL,CE,Combined TRACON& Tower with Radar,0,1,21,1,23,0,5,79,1,85,0,6,100,2,108,172,0,172,280
08/09/2019,HUF,IN,AGL,CE,Combined TRACON& Tower with Radar,0,3,16,0,19,0,1,89,0,90,0,4,105,0,109,97,0,97,206
08/10/2019,HUF,IN,AGL,CE,Combined TRACON& Tower with Radar,0,2,20,0,22,0,6,66,0,72,0,8,86,0,94,102,0,102,196
08/11/2019,HUF,IN,AGL,CE,Combined TRACON& Tower with Radar,0,1,6,0,7,0,8,21,0,29,0,9,27,0,36,34,0,34,70
08/12/2019,HUF,IN,AGL,CE,Combined TRACON& Tower with Radar,0,4,16,0,20,0,1,32,2,35,0,5,48,2,55,80,0,80,135
08/13/2019,HUF,IN,AGL,CE,Combined TRACON& Tower with Radar,0,5,27,1,33,0,3,28,4,35,0,8,55,5,68,83,0,83,151
08/14/2019,HUF,IN,AGL,CE,Combined TRACON& Tower with Radar,0,0,33,1,34,0,5,71,4,80,0,5,104,5,114,79,0,79,193
08/15/2019,HUF,IN,AGL,CE,Combined TRACON& Tower with Radar,0,7,31,0,38,0,6,63,0,69,0,13,94,0,107,138,0,138,245
08/16/2019,HUF,IN,AGL,CE,Combined TRACON& Tower with Radar,0,5,22,0,27,0,3,60,0,63,0,8,82,0,90,122,0,122,212
08/17/2019,HUF,IN,AGL,CE,Combined TRACON& Tower with Radar,0,2,9,0,11,0,2,8,0,10,0,4,17,0,21,21,0,21,42
08/18/2019,HUF,IN,AGL,CE,Combined TRACON& Tower with Radar,0,0,5,0,5,0,0,26,0,26,0,0,31,0,31,30,0,30,61
08/19/2019,HUF,IN,AGL,CE,Combined TRACON& Tower with Radar,0,1,10,0,11,0,3,30,2,35,0,4,40,2,46,32,0,32,78
08/20/2019,HUF,IN,AGL,CE,Combined TRACON& Tower with Radar,0,1,11,0,12,0,5,33,0,38,0,6,44,0,50,57,0,57,107
08/21/2019,HUF,IN,AGL,CE,Combined TRACON& Tower with Radar,0,2,10,2,14,0,0,25,0,25,0,2,35,2,39,52,0,52,91
08/22/2019,HUF,IN,AGL,CE,Combined TRACON& Tower with Radar,0,2,20,0,22,0,0,18,0,18,0,2,38,0,40,28,0,28,68
08/23/2019,HUF,IN,AGL,CE,Combined TRACON& Tower with Radar,0,1,25,4,30,0,6,86,0,92,0,7,111,4,122,93,0,93,215
08/24/2019,HUF,IN,AGL,CE,Combined TRACON& Tower with Radar,0,0,23,0,23,0,6,61,0,67,0,6,84,0,90,81,0,81,171
08/25/2019,HUF,IN,AGL,CE,Combined TRACON& Tower with Radar,0,0,18,0,18,0,2,67,0,69,0,2,85,0,87,60,0,60,147
08/26/2019,HUF,IN,AGL,CE,Combined TRACON& Tower with Radar,0,4,16,0,20,0,0,0,0,0,0,4,16,0,20,0,0,0,20
08/27/2019,HUF,IN,AGL,CE,Combined TRACON& Tower with Radar,0,2,37,0,39,0,1,61,0,62,0,3,98,0,101,168,0,168,269
08/28/2019,HUF,IN,AGL,CE,Combined TRACON& Tower with Radar,0,2,32,20,54,0,6,144,0,150,0,8,176,20,204,89,34,123,327
08/29/2019,HUF,IN,AGL,CE,Combined TRACON& Tower with Radar,0,2,22,2,26,0,2,104,0,106,0,4,126,2,132,124,0,124,256
08/30/2019,HUF,IN,AGL,CE,Combined TRACON& Tower with Radar,2,0,36,0,38,0,0,104,0,104,2,0,140,0,142,93,0,93,235
08/31/2019,HUF,IN,AGL,CE,Combined TRACON& Tower with Radar,2,4,6,0,12,0,1,19,0,20,2,5,25,0,32,49,0,49,81
09/01/2019,HUF,IN,AGL,CE,Combined TRACON& Tower with Radar,0,1,5,0,6,0,1,5,0,6,0,2,10,0,12,52,0,52,64
09/02/2019,HUF,IN,AGL,CE,Combined TRACON& Tower with Radar,0,0,5,0,5,0,0,11,0,11,0,0,16,0,16,38,0,38,54
09/03/2019,HUF,IN,AGL,CE,Combined TRACON& Tower with Radar,0,3,15,0,18,0,0,90,0,90,0,3,105,0,108,110,0,110,218
09/04/2019,HUF,IN,AGL,CE,Combined TRACON& Tower with Radar,0,2,40,0,42,0,6,128,8,142,0,8,168,8,184,147,0,147,331
09/05/2019,HUF,IN,AGL,CE,Combined TRACON& Tower with Radar,0,2,30,3,35,0,2,122,3,127,0,4,152,6,162,96,5,101,263
09/06/2019,HUF,IN,AGL,CE,Combined TRACON& Tower with Radar,0,2,27,0,29,0,1,80,0,81,0,3,107,0,110,213,0,213,323
09/07/2019,HUF,IN,AGL,CE,Combined TRACON& Tower with Radar,0,0,17,0,17,0,1,64,0,65,0,1,81,0,82,21,0,21,103
09/08/2019,HUF,IN,AGL,CE,Combined TRACON& Tower with Radar,0,1,6,0,7,0,1,10,0,11,0,2,16,0,18,14,0,14,32
09/09/2019,HUF,IN,AGL,CE,Combined TRACON& Tower with Radar,0,2,37,2,41,0,0,146,0,146,0,2,183,2,187,160,0,160,347
09/10/2019,HUF,IN,AGL,CE,Combined TRACON& Tower with Radar,0,0,26,0,26,0,2,132,0,134,0,2,158,0,160,172,0,172,332
09/11/2019,HUF,IN,AGL,CE,Combined TRACON& Tower with Radar,0,3,19,0,22,0,4,131,0,135,0,7,150,0,157,142,0,142,299
09/12/2019,HUF,IN,AGL,CE,Combined TRACON& Tower with Radar,0,4,31,0,35,0,5,130,0,135,0,9,161,0,170,163,0,163,333
09/13/2019,HUF,IN,AGL,CE,Combined TRACON& Tower with Radar,0,2,30,2,34,0,6,80,0,86,0,8,110,2,120,170,0,170,290
09/14/2019,HUF,IN,AGL,CE,Combined TRACON& Tower with Radar,0,4,18,0,22,0,4,64,0,68,0,8,82,0,90,85,0,85,175
09/15/2019,HUF,IN,AGL,CE,Combined TRACON& Tower with Radar,0,0,4,0,4,0,5,40,0,45,0,5,44,0,49,77,0,77,126
09/16/2019,HUF,IN,AGL,CE,Combined TRACON& Tower with Radar,0,3,32,0,35,0,5,76,0,81,0,8,108,0,116,230,0,230,346
09/17/2019,HUF,IN,AGL,CE,Combined TRACON& Tower with Radar,0,1,29,0,30,0,4,101,0,105,0,5,130,0,135,132,0,132,267
09/18/2019,HUF,IN,AGL,CE,Combined TRACON& Tower with Radar,0,3,35,1,39,0,7,109,0,116,0,10,144,1,155,136,0,136,291
09/19/2019,HUF,IN,AGL,CE,Combined TRACON& Tower with Radar,0,0,27,2,29,0,5,116,0,121,0,5,143,2,150,140,0,140,290
09/20/2019,HUF,IN,AGL,CE,Combined TRACON& Tower with Radar,0,1,30,8,39,0,3,84,0,87,0,4,114,8,126,170,0,170,296
09/21/2019,HUF,IN,AGL,CE,Combined TRACON& Tower with Radar,0,4,15,0,19,0,3,43,0,46,0,7,58,0,65,93,0,93,158
09/22/2019,HUF,IN,AGL,CE,Combined TRACON& Tower with Radar,0,1,6,0,7,0,4,17,0,21,0,5,23,0,28,40,0,40,68
09/23/2019,HUF,IN,AGL,CE,Combined TRACON& Tower with Radar,0,0,39,0,39,0,5,71,0,76,0,5,110,0,115,188,0,188,303
09/24/2019,HUF,IN,AGL,CE,Combined TRACON& Tower with Radar,0,5,22,2,29,0,4,104,0,108,0,9,126,2,137,149,0,149,286
09/25/2019,HUF,IN,AGL,CE,Combined TRACON& Tower with Radar,0,5,17,0,22,0,3,77,0,80,0,8,94,0,102,200,0,200,302
09/26/2019,HUF,IN,AGL,CE,Combined TRACON& Tower with Radar,0,4,40,0,44,0,10,105,0,115,0,14,145,0,159,135,0,135,294
09/27/2019,HUF,IN,AGL,CE,Combined TRACON& Tower with Radar,0,2,32,0,34,0,0,38,0,38,0,2,70,0,72,52,0,52,124
09/28/2019,HUF,IN,AGL,CE,Combined TRACON& Tower with Radar,0,0,10,0,10,0,4,54,0,58,0,4,64,0,68,75,0,75,143
09/29/2019,HUF,IN,AGL,CE,Combined TRACON& Tower with Radar,0,4,5,0,9,0,0,19,0,19,0,4,24,0,28,22,0,22,50
09/30/2019,HUF,IN,AGL,CE,Combined TRACON& Tower with Radar,0,5,27,2,34,0,1,98,5,104,0,6,125,7,138,136,0,136,274
10/01/2019,HUF,IN,AGL,CE,Combined TRACON& Tower with Radar,0,3,35,0,38,0,7,91,0,98,0,10,126,0,136,108,0,108,244
10/02/2019,HUF,IN,AGL,CE,Combined TRACON& Tower with Radar,0,5,35,9,49,0,5,84,0,89,0,10,119,9,138,175,10,185,323
10/03/2019,HUF,IN,AGL,CE,Combined TRACON& Tower with Radar,0,2,14,0,16,0,0,69,0,69,0,2,83,0,85,72,0,72,157
10/04/2019,HUF,IN,AGL,CE,Combined TRACON& Tower with Radar,2,5,26,5,38,0,3,73,1,77,2,8,99,6,115,139,8,147,262
10/05/2019,HUF,IN,AGL,CE,Combined TRACON& Tower with Radar,2,4,13,0,19,0,1,47,0,48,2,5,60,0,67,34,0,34,101
10/06/2019,HUF,IN,AGL,CE,Combined TRACON& Tower with Radar,0,2,7,0,9,0,2,6,0,8,0,4,13,0,17,22,0,22,39
10/07/2019,HUF,IN,AGL,CE,Combined TRACON& Tower with Radar,0,2,30,2,34,0,2,95,0,97,0,4,125,2,131,187,0,187,318
10/08/2019,HUF,IN,AGL,CE,Combined TRACON& Tower with Radar,0,2,17,3,22,0,4,102,0,106,0,6,119,3,128,136,0,136,264
10/09/2019,HUF,IN,AGL,CE,Combined TRACON& Tower with Radar,0,0,15,0,15,0,4,111,0,115,0,4,126,0,130,182,0,182,312
10/10/2019,HUF,IN,AGL,CE,Combined TRACON& Tower with Radar,0,1,26,0,27,0,1,74,0,75,0,2,100,0,102,118,0,118,220
10/11/2019,HUF,IN,AGL,CE,Combined TRACON& Tower with Radar,0,4,14,0,18,0,0,1,0,1,0,4,15,0,19,0,0,0,19
10/12/2019,HUF,IN,AGL,CE,Combined TRACON& Tower with Radar,0,3,28,0,31,0,7,39,0,46,0,10,67,0,77,54,0,54,131
10/13/2019,HUF,IN,AGL,CE,Combined TRACON& Tower with Radar,0,6,13,0,19,0,7,36,0,43,0,13,49,0,62,44,0,44,106
10/14/2019,HUF,IN,AGL,CE,Combined TRACON& Tower with Radar,0,1,31,0,32,0,3,122,0,125,0,4,153,0,157,179,0,179,336
10/15/2019,HUF,IN,AGL,CE,Combined TRACON& Tower with Radar,0,10,32,2,44,0,2,51,0,53,0,12,83,2,97,98,0,98,195
10/16/2019,HUF,IN,AGL,CE,Combined TRACON& Tower with Radar,0,8,15,14,37,0,1,49,0,50,0,9,64,14,87,120,0,120,207
10/17/2019,HUF,IN,AGL,CE,Combined TRACON& Tower with Radar,0,5,22,0,27,0,4,123,0,127,0,9,145,0,154,182,0,182,336
10/18/2019,HUF,IN,AGL,CE,Combined TRACON& Tower with Radar,2,2,23,0,27,0,3,89,0,92,2,5,112,0,119,140,0,140,259
10/19/2019,HUF,IN,AGL,CE,Combined TRACON& Tower with Radar,2,2,15,9,28,0,14,50,3,67,2,16,65,12,95,44,0,44,139
10/20/2019,HUF,IN,AGL,CE,Combined TRACON& Tower with Radar,0,2,15,0,17,0,2,28,0,30,0,4,43,0,47,16,0,16,63
10/21/2019,HUF,IN,AGL,CE,Combined TRACON& Tower with Radar,0,3,5,0,8,0,1,0,0,1,0,4,5,0,9,0,0,0,9
10/22/2019,HUF,IN,AGL,CE,Combined TRACON& Tower with Radar,0,0,10,0,10,0,2,25,0,27,0,2,35,0,37,24,0,24,61
10/23/2019,HUF,IN,AGL,CE,Combined TRACON& Tower with Radar,0,6,29,2,37,0,16,83,0,99,0,22,112,2,136,110,0,110,246
10/24/2019,HUF,IN,AGL,CE,Combined TRACON& Tower with Radar,0,1,31,0,32,0,4,82,0,86,0,5,113,0,118,147,0,147,265
10/25/2019,HUF,IN,AGL,CE,Combined TRACON& Tower with Radar,0,0,18,0,18,0,9,96,0,105,0,9,114,0,123,138,0,138,261
10/26/2019,HUF,IN,AGL,CE,Combined TRACON& Tower with Radar,0,0,2,0,2,0,0,0,0,0,0,0,2,0,2,0,0,0,2
10/27/2019,HUF,IN,AGL,CE,Combined TRACON& Tower with Radar,0,2,19,0,21,0,2,44,0,46,0,4,63,0,67,56,0,56,123
10/28/2019,HUF,IN,AGL,CE,Combined TRACON& Tower with Radar,0,0,26,0,26,0,0,1,0,1,0,0,27,0,27,0,0,0,27
10/29/2019,HUF,IN,AGL,CE,Combined TRACON& Tower with Radar,0,5,33,0,38,0,0,3,0,3,0,5,36,0,41,4,0,4,45
10/30/2019,HUF,IN,AGL,CE,Combined TRACON& Tower with Radar,0,0,4,0,4,0,0,0,0,0,0,0,4,0,4,0,0,0,4
10/31/2019,HUF,IN,AGL,CE,Combined TRACON& Tower with Radar,0,0,4,0,4,0,0,0,0,0,0,0,4,0,4,0,0,0,4
11/01/2019,HUF,IN,AGL,CE,Combined TRACON& Tower with Radar,0,0,32,0,32,0,5,145,0,150,0,5,177,0,182,168,0,168,350
11/02/2019,HUF,IN,AGL,CE,Combined TRACON& Tower with Radar,0,0,14,1,15,0,1,31,0,32,0,1,45,1,47,61,0,61,108
11/03/2019,HUF,IN,AGL,CE,Combined TRACON& Tower with Radar,0,0,10,0,10,0,5,54,0,59,0,5,64,0,69,86,0,86,155
11/04/2019,HUF,IN,AGL,CE,Combined TRACON& Tower with Radar,0,3,22,0,25,0,3,79,0,82,0,6,101,0,107,97,0,97,204
11/05/2019,HUF,IN,AGL,CE,Combined TRACON& Tower with Radar,0,1,21,0,22,0,5,105,0,110,0,6,126,0,132,205,0,205,337
11/06/2019,HUF,IN,AGL,CE,Combined TRACON& Tower with Radar,0,4,23,1,28,0,4,84,0,88,0,8,107,1,116,150,0,150,266
11/07/2019,HUF,IN,AGL,CE,Combined TRACON& Tower with Radar,0,1,14,0,15,0,0,20,0,20,0,1,34,0,35,42,0,42,77
11/08/2019,HUF,IN,AGL,CE,Combined TRACON& Tower with Radar,0,4,28,0,32,0,4,125,0,129,0,8,153,0,161,126,0,126,287
11/09/2019,HUF,IN,AGL,CE,Combined TRACON& Tower with Radar,0,3,24,0,27,0,8,87,0,95,0,11,111,0,122,64,0,64,186
11/10/2019,HUF,IN,AGL,CE,Combined TRACON& Tower with Radar,0,0,21,0,21,0,3,56,0,59,0,3,77,0,80,40,0,40,120
11/11/2019,HUF,IN,AGL,CE,Combined TRACON& Tower with Radar,0,2,0,2,4,0,0,0,0,0,0,2,0,2,4,0,0,0,4
11/12/2019,HUF,IN,AGL,CE,Combined TRACON& Tower with Radar,0,0,15,0,15,0,10,18,0,28,0,10,33,0,43,4,0,4,47
11/13/2019,HUF,IN,AGL,CE,Combined TRACON& Tower with Radar,0,0,24,0,24,0,5,73,2,80,0,5,97,2,104,62,0,62,166
11/14/2019,HUF,IN,AGL,CE,Combined TRACON& Tower with Radar,0,0,21,0,21,0,2,109,0,111,0,2,130,0,132,124,0,124,256
11/15/2019,HUF,IN,AGL,CE,Combined TRACON& Tower with Radar,0,4,31,2,37,0,7,91,1,99,0,11,122,3,136,164,0,164,300
11/16/2019,HUF,IN,AGL,CE,Combined TRACON& Tower with Radar,0,2,9,0,11,0,4,48,0,52,0,6,57,0,63,68,0,68,131
11/17/2019,HUF,IN,AGL,CE,Combined TRACON& Tower with Radar,0,2,6,0,8,0,11,25,0,36,0,13,31,0,44,36,0,36,80
11/18/2019,HUF,IN,AGL,CE,Combined TRACON& Tower with Radar,0,0,17,0,17,0,0,1,0,1,0,0,18,0,18,20,0,20,38
11/19/2019,HUF,IN,AGL,CE,Combined TRACON& Tower with Radar,0,4,11,0,15,0,3,31,0,34,0,7,42,0,49,28,0,28,77
11/20/2019,HUF,IN,AGL,CE,Combined TRACON& Tower with Radar,0,6,25,4,35,0,4,41,0,45,0,10,66,4,80,175,0,175,255
11/21/2019,HUF,IN,AGL,CE,Combined TRACON& Tower with Radar,0,0,24,2,26,0,0,0,0,0,0,0,24,2,26,0,0,0,26
11/22/2019,HUF,IN,AGL,CE,Combined TRACON& Tower with Radar,0,2,19,0,21,0,4,70,0,74,0,6,89,0,95,115,0,115,210
11/23/2019,HUF,IN,AGL,CE,Combined TRACON& Tower with Radar,0,0,11,0,11,0,0,6,0,6,0,0,17,0,17,6,0,6,23
11/24/2019,HUF,IN,AGL,CE,Combined TRACON& Tower with Radar,0,0,6,0,6,0,6,72,0,78,0,6,78,0,84,172,0,172,256
11/25/2019,HUF,IN,AGL,CE,Combined TRACON& Tower with Radar,0,6,29,0,35,0,8,93,0,101,0,14,122,0,136,100,0,100,236
11/26/2019,HUF,IN,AGL,CE,Combined TRACON& Tower with Radar,0,2,22,0,24,0,1,29,0,30,0,3,51,0,54,80,0,80,134
11/27/2019,HUF,IN,AGL,CE,Combined TRACON& Tower with Radar,0,0,4,0,4,0,0,0,0,0,0,0,4,0,4,0,0,0,4
11/28/2019,HUF,IN,AGL,CE,Combined TRACON& Tower with Radar,0,2,0,0,2,0,1,1,0,2,0,3,1,0,4,0,0,0,4
11/29/2019,HUF,IN,AGL,CE,Combined TRACON& Tower with Radar,0,0,3,0,3,0,0,7,0,7,0,0,10,0,10,16,0,16,26
11/30/2019,HUF,IN,AGL,CE,Combined TRACON& Tower with Radar,0,1,1,0,2,0,0,0,0,0,0,1,1,0,2,0,0,0,2
12/01/2019,HUF,IN,AGL,CE,Combined TRACON& Tower with Radar,0,3,3,0,6,0,0,1,0,1,0,3,4,0,7,0,0,0,7
12/02/2019,HUF,IN,AGL,CE,Combined TRACON& Tower with Radar,0,0,12,0,12,0,2,3,0,5,0,2,15,0,17,38,0,38,55
12/03/2019,HUF,IN,AGL,CE,Combined TRACON& Tower with Radar,0,0,23,1,24,0,6,90,1,97,0,6,113,2,121,136,2,138,259
12/04/2019,HUF,IN,AGL,CE,Combined TRACON& Tower with Radar,0,8,44,0,52,0,3,97,0,100,0,11,141,0,152,48,0,48,200
12/05/2019,HUF,IN,AGL,CE,Combined TRACON& Tower with Radar,0,1,36,6,43,0,4,120,0,124,0,5,156,6,167,73,0,73,240
12/06/2019,HUF,IN,AGL,CE,Combined TRACON& Tower with Radar,0,1,25,0,26,0,2,55,0,57,0,3,80,0,83,99,0,99,182
12/07/2019,HUF,IN,AGL,CE,Combined TRACON& Tower with Radar,0,1,26,0,27,0,6,82,0,88,0,7,108,0,115,202,0,202,317
12/08/2019,HUF,IN,AGL,CE,Combined TRACON& Tower with Radar,0,2,4,0,6,0,0,12,1,13,0,2,16,1,19,40,0,40,59
12/09/2019,HUF,IN,AGL,CE,Combined TRACON& Tower with Radar,0,0,3,0,3,0,0,0,0,0,0,0,3,0,3,0,0,0,3
12/10/2019,HUF,IN,AGL,CE,Combined TRACON& Tower with Radar,0,1,43,0,44,0,3,108,0,111,0,4,151,0,155,100,0,100,255
12/11/2019,HUF,IN,AGL,CE,Combined TRACON& Tower with Radar,0,2,29,0,31,0,8,125,0,133,0,10,154,0,164,152,0,152,316
12/12/2019,HUF,IN,AGL,CE,Combined TRACON& Tower with Radar,0,0,29,0,29,0,3,88,0,91,0,3,117,0,120,108,0,108,228
12/13/2019,HUF,IN,AGL,CE,Combined TRACON& Tower with Radar,0,2,34,0,36,0,3,44,0,47,0,5,78,0,83,60,0,60,143
12/14/2019,HUF,IN,AGL,CE,Combined TRACON& Tower with Radar,0,0,1,0,1,0,0,0,0,0,0,0,1,0,1,0,0,0,1
12/15/2019,HUF,IN,AGL,CE,Combined TRACON& Tower with Radar,0,4,15,0,19,0,5,21,0,26,0,9,36,0,45,58,0,58,103
12/16/2019,HUF,IN,AGL,CE,Combined TRACON& Tower with Radar,0,0,8,0,8,0,0,0,0,0,0,0,8,0,8,0,0,0,8
12/17/2019,HUF,IN,AGL,CE,Combined TRACON& Tower with Radar,0,4,11,0,15,0,0,22,0,22,0,4,33,0,37,13,0,13,50
12/18/2019,HUF,IN,AGL,CE,Combined TRACON& Tower with Radar,0,2,12,0,14,0,1,39,0,40,0,3,51,0,54,83,0,83,137
12/19/2019,HUF,IN,AGL,CE,Combined TRACON& Tower with Radar,0,1,16,0,17,0,5,61,0,66,0,6,77,0,83,70,0,70,153
12/20/2019,HUF,IN,AGL,CE,Combined TRACON& Tower with Radar,0,2,28,4,34,0,3,73,2,78,0,5,101,6,112,70,4,74,186
12/21/2019,HUF,IN,AGL,CE,Combined TRACON& Tower with Radar,0,4,21,0,25,0,4,47,0,51,0,8,68,0,76,28,0,28,104
12/22/2019,HUF,IN,AGL,CE,Combined TRACON& Tower with Radar,0,2,2,0,4,0,4,24,0,28,0,6,26,0,32,34,0,34,66
12/23/2019,HUF,IN,AGL,CE,Combined TRACON& Tower with Radar,0,2,4,0,6,0,0,15,0,15,0,2,19,0,21,6,0,6,27
12/24/2019,HUF,IN,AGL,CE,Combined TRACON& Tower with Radar,0,5,3,0,8,0,2,10,0,12,0,7,13,0,20,8,0,8,28
12/25/2019,HUF,IN,AGL,CE,Combined TRACON& Tower with Radar,0,0,1,0,1,0,0,2,0,2,0,0,3,0,3,0,0,0,3
12/26/2019,HUF,IN,AGL,CE,Combined TRACON& Tower with Radar,0,0,3,0,3,0,0,4,0,4,0,0,7,0,7,0,0,0,7
12/27/2019,HUF,IN,AGL,CE,Combined TRACON& Tower with Radar,0,12,17,0,29,0,0,5,0,5,0,12,22,0,34,4,0,4,38
12/28/2019,HUF,IN,AGL,CE,Combined TRACON& Tower with Radar,0,0,3,0,3,0,2,3,0,5,0,2,6,0,8,0,0,0,8
12/29/2019,HUF,IN,AGL,CE,Combined TRACON& Tower with Radar,0,20,2,0,22,0,4,1,0,5,0,24,3,0,27,30,0,30,57
12/30/2019,HUF,IN,AGL,CE,Combined TRACON& Tower with Radar,0,0,2,0,2,0,0,2,0,2,0,0,4,0,4,0,0,0,4
12/31/2019,HUF,IN,AGL,CE,Combined TRACON& Tower with Radar,0,0,0,0,0,0,0,1,0,1,0,0,1,0,1,0,0,0,1
01/01/2020,HUF,IN,AGL,CE,Combined TRACON& Tower with Radar,0,0,8,0,8,0,0,13,0,13,0,0,21,0,21,14,0,14,35
01/02/2020,HUF,IN,AGL,CE,Combined TRACON& Tower with Radar,0,3,2,0,5,0,0,1,0,1,0,3,3,0,6,0,0,0,6
01/03/2020,HUF,IN,AGL,CE,Combined TRACON& Tower with Radar,0,6,4,0,10,0,0,0,0,0,0,6,4,0,10,0,0,0,10
01/04/2020,HUF,IN,AGL,CE,Combined TRACON& Tower with Radar,0,2,5,0,7,0,0,0,0,0,0,2,5,0,7,0,0,0,7
01/05/2020,HUF,IN,AGL,CE,Combined TRACON& Tower with Radar,0,1,12,0,13,0,1,12,0,13,0,2,24,0,26,6,0,6,32
01/06/2020,HUF,IN,AGL,CE,Combined TRACON& Tower with Radar,0,1,20,0,21,0,3,63,0,66,0,4,83,0,87,84,0,84,171
01/07/2020,HUF,IN,AGL,CE,Combined TRACON& Tower with Radar,0,5,17,1,23,0,2,74,0,76,0,7,91,1,99,110,0,110,209
01/08/2020,HUF,IN,AGL,CE,Combined TRACON& Tower with Radar,0,6,19,3,28,0,6,83,0,89,0,12,102,3,117,88,0,88,205
01/09/2020,HUF,IN,AGL,CE,Combined TRACON& Tower with Radar,0,0,5,1,6,0,0,11,0,11,0,0,16,1,17,4,0,4,21
01/10/2020,HUF,IN,AGL,CE,Combined TRACON& Tower with Radar,0,6,2,0,8,0,0,0,0,0,0,6,2,0,8,0,0,0,8
01/11/2020,HUF,IN,AGL,CE,Combined TRACON& Tower with Radar,0,0,2,0,2,0,0,0,0,0,0,0,2,0,2,0,0,0,2
01/12/2020,HUF,IN,AGL,CE,Combined TRACON& Tower with Radar,0,0,7,0,7,0,0,3,0,3,0,0,10,0,10,4,0,4,14
01/13/2020,HUF,IN,AGL,CE,Combined TRACON& Tower with Radar,0,7,26,0,33,0,2,12,0,14,0,9,38,0,47,49,0,49,96
01/14/2020,HUF,IN,AGL,CE,Combined TRACON& Tower with Radar,0,3,25,0,28,0,0,40,0,40,0,3,65,0,68,62,0,62,130
01/15/2020,HUF,IN,AGL,CE,Combined TRACON& Tower with Radar,0,0,3,0,3,0,0,0,0,0,0,0,3,0,3,0,0,0,3
01/16/2020,HUF,IN,AGL,CE,Combined TRACON& Tower with Radar,0,3,40,2,45,0,3,97,2,102,0,6,137,4,147,94,0,94,241
01/17/2020,HUF,IN,AGL,CE,Combined TRACON& Tower with Radar,0,1,18,0,19,0,6,65,0,71,0,7,83,0,90,73,0,73,163
01/18/2020,HUF,IN,AGL,CE,Combined TRACON& Tower with Radar,0,2,1,0,3,0,0,0,0,0,0,2,1,0,3,0,0,0,3
01/19/2020,HUF,IN,AGL,CE,Combined TRACON& Tower with Radar,0,0,3,0,3,0,1,2,0,3,0,1,5,0,6,40,0,40,46
01/20/2020,HUF,IN,AGL,CE,Combined TRACON& Tower with Radar,0,0,11,0,11,0,3,27,0,30,0,3,38,0,41,48,0,48,89
01/21/2020,HUF,IN,AGL,CE,Combined TRACON& Tower with Radar,0,0,27,0,27,0,1,57,0,58,0,1,84,0,85,89,0,89,174
01/22/2020,HUF,IN,AGL,CE,Combined TRACON& Tower with Radar,0,5,58,8,71,0,11,134,0,145,0,16,192,8,216,176,0,176,392
01/23/2020,HUF,IN,AGL,CE,Combined TRACON& Tower with Radar,0,2,29,0,31,0,0,27,0,27,0,2,56,0,58,99,0,99,157
01/24/2020,HUF,IN,AGL,CE,Combined TRACON& Tower with Radar,0,2,8,0,10,0,0,0,0,0,0,2,8,0,10,0,0,0,10
01/25/2020,HUF,IN,AGL,CE,Combined TRACON& Tower with Radar,0,0,0,0,0,0,0,0,0,0,0,0,0,0,0,0,0,0,0
01/26/2020,HUF,IN,AGL,CE,Combined TRACON& Tower with Radar,0,1,15,0,16,0,4,26,0,30,0,5,41,0,46,72,0,72,118
01/27/2020,HUF,IN,AGL,CE,Combined TRACON& Tower with Radar,0,0,5,0,5,0,0,0,0,0,0,0,5,0,5,0,0,0,5
01/28/2020,HUF,IN,AGL,CE,Combined TRACON& Tower with Radar,0,1,6,0,7,0,0,2,0,2,0,1,8,0,9,18,0,18,27
01/29/2020,HUF,IN,AGL,CE,Combined TRACON& Tower with Radar,0,1,4,0,5,0,1,9,0,10,0,2,13,0,15,34,0,34,49
01/30/2020,HUF,IN,AGL,CE,Combined TRACON& Tower with Radar,0,1,57,0,58,0,3,86,0,89,0,4,143,0,147,202,0,202,349
01/31/2020,HUF,IN,AGL,CE,Combined TRACON& Tower with Radar,0,2,2,0,4,0,0,4,0,4,0,2,6,0,8,10,0,10,18
02/01/2020,HUF,IN,AGL,CE,Combined TRACON& Tower with Radar,0,2,7,0,9,0,2,7,0,9,0,4,14,0,18,75,0,75,93
02/02/2020,HUF,IN,AGL,CE,Combined TRACON& Tower with Radar,0,4,17,2,23,0,1,65,0,66,0,5,82,2,89,76,0,76,165
02/03/2020,HUF,IN,AGL,CE,Combined TRACON& Tower with Radar,0,2,23,0,25,0,8,103,0,111,0,10,126,0,136,104,0,104,240
02/04/2020,HUF,IN,AGL,CE,Combined TRACON& Tower with Radar,0,0,11,0,11,0,0,0,0,0,0,0,11,0,11,0,0,0,11
02/05/2020,HUF,IN,AGL,CE,Combined TRACON& Tower with Radar,0,0,19,0,19,0,0,29,0,29,0,0,48,0,48,54,0,54,102
02/06/2020,HUF,IN,AGL,CE,Combined TRACON& Tower with Radar,0,0,0,0,0,0,0,0,0,0,0,0,0,0,0,0,0,0,0
02/07/2020,HUF,IN,AGL,CE,Combined TRACON& Tower with Radar,0,0,19,6,25,0,3,62,0,65,0,3,81,6,90,201,8,209,299
02/08/2020,HUF,IN,AGL,CE,Combined TRACON& Tower with Radar,0,0,2,0,2,0,0,0,0,0,0,0,2,0,2,0,0,0,2
02/09/2020,HUF,IN,AGL,CE,Combined TRACON& Tower with Radar,0,0,2,0,2,0,0,4,0,4,0,0,6,0,6,2,0,2,8
02/10/2020,HUF,IN,AGL,CE,Combined TRACON& Tower with Radar,0,0,0,0,0,0,0,0,0,0,0,0,0,0,0,0,0,0,0
02/11/2020,HUF,IN,AGL,CE,Combined TRACON& Tower with Radar,0,2,59,0,61,0,8,118,0,126,0,10,177,0,187,204,0,204,391
02/12/2020,HUF,IN,AGL,CE,Combined TRACON& Tower with Radar,0,2,23,0,25,0,3,41,0,44,0,5,64,0,69,70,0,70,139
02/13/2020,HUF,IN,AGL,CE,Combined TRACON& Tower with Radar,0,0,0,0,0,0,0,0,0,0,0,0,0,0,0,0,0,0,0
02/14/2020,HUF,IN,AGL,CE,Combined TRACON& Tower with Radar,0,6,59,0,65,0,2,148,0,150,0,8,207,0,215,122,0,122,337
02/15/2020,HUF,IN,AGL,CE,Combined TRACON& Tower with Radar,0,2,6,1,9,0,0,35,0,35,0,2,41,1,44,31,0,31,75
02/16/2020,HUF,IN,AGL,CE,Combined TRACON& Tower with Radar,0,2,25,0,27,0,3,85,0,88,0,5,110,0,115,72,0,72,187
02/17/2020,HUF,IN,AGL,CE,Combined TRACON& Tower with Radar,0,0,51,0,51,0,0,46,0,46,0,0,97,0,97,72,0,72,169
02/18/2020,HUF,IN,AGL,CE,Combined TRACON& Tower with Radar,0,2,22,0,24,0,2,29,0,31,0,4,51,0,55,102,0,102,157
02/19/2020,HUF,IN,AGL,CE,Combined TRACON& Tower with Radar,0,3,53,0,56,0,19,134,0,153,0,22,187,0,209,134,0,134,343
02/20/2020,HUF,IN,AGL,CE,Combined TRACON& Tower with Radar,0,3,42,0,45,0,4,106,0,110,0,7,148,0,155,104,0,104,259
02/21/2020,HUF,IN,AGL,CE,Combined TRACON& Tower with Radar,0,5,62,0,67,0,4,136,0,140,0,9,198,0,207,182,0,182,389
02/22/2020,HUF,IN,AGL,CE,Combined TRACON& Tower with Radar,0,0,26,0,26,0,2,77,0,79,0,2,103,0,105,79,0,79,184
02/23/2020,HUF,IN,AGL,CE,Combined TRACON& Tower with Radar,0,0,30,0,30,0,9,82,0,91,0,9,112,0,121,64,0,64,185
02/24/2020,HUF,IN,AGL,CE,Combined TRACON& Tower with Radar,0,0,4,0,4,0,0,0,0,0,0,0,4,0,4,0,0,0,4
02/25/2020,HUF,IN,AGL,CE,Combined TRACON& Tower with Radar,0,0,4,6,10,0,0,0,0,0,0,0,4,6,10,0,0,0,10
02/26/2020,HUF,IN,AGL,CE,Combined TRACON& Tower with Radar,0,0,1,0,1,0,0,0,0,0,0,0,1,0,1,0,0,0,1
02/27/2020,HUF,IN,AGL,CE,Combined TRACON& Tower with Radar,0,1,55,0,56,0,2,114,0,116,0,3,169,0,172,76,0,76,248
02/28/2020,HUF,IN,AGL,CE,Combined TRACON& Tower with Radar,0,2,32,0,34,0,2,64,0,66,0,4,96,0,100,74,0,74,174
02/29/2020,HUF,IN,AGL,CE,Combined TRACON& Tower with Radar,0,0,26,0,26,0,7,101,0,108,0,7,127,0,134,163,0,163,297
03/01/2020,HUF,IN,AGL,CE,Combined TRACON& Tower with Radar,0,0,16,0,16,0,3,33,0,36,0,3,49,0,52,20,0,20,72
03/02/2020,HUF,IN,AGL,CE,Combined TRACON& Tower with Radar,0,20,14,0,34,0,0,0,0,0,0,20,14,0,34,0,0,0,34
03/03/2020,HUF,IN,AGL,CE,Combined TRACON& Tower with Radar,0,0,35,0,35,0,3,76,0,79,0,3,111,0,114,102,0,102,216
03/04/2020,HUF,IN,AGL,CE,Combined TRACON& Tower with Radar,0,1,23,0,24,0,6,74,0,80,0,7,97,0,104,128,0,128,232
03/05/2020,HUF,IN,AGL,CE,Combined TRACON& Tower with Radar,0,5,32,0,37,0,5,96,0,101,0,10,128,0,138,175,0,175,313
03/06/2020,HUF,IN,AGL,CE,Combined TRACON& Tower with Radar,0,0,15,0,15,0,1,39,0,40,0,1,54,0,55,63,0,63,118
03/07/2020,HUF,IN,AGL,CE,Combined TRACON& Tower with Radar,0,0,18,0,18,0,6,93,2,101,0,6,111,2,119,150,0,150,269
03/08/2020,HUF,IN,AGL,CE,Combined TRACON& Tower with Radar,0,0,11,0,11,0,1,47,0,48,0,1,58,0,59,64,0,64,123
03/09/2020,HUF,IN,AGL,CE,Combined TRACON& Tower with Radar,0,4,7,0,11,0,1,8,0,9,0,5,15,0,20,6,0,6,26
03/10/2020,HUF,IN,AGL,CE,Combined TRACON& Tower with Radar,0,0,34,0,34,0,0,0,0,0,0,0,34,0,34,0,0,0,34
03/11/2020,HUF,IN,AGL,CE,Combined TRACON& Tower with Radar,0,5,39,0,44,0,0,2,0,2,0,5,41,0,46,4,0,4,50
03/12/2020,HUF,IN,AGL,CE,Combined TRACON& Tower with Radar,0,5,26,2,33,0,0,2,0,2,0,5,28,2,35,18,0,18,53
03/13/2020,HUF,IN,AGL,CE,Combined TRACON& Tower with Radar,0,2,30,0,32,0,4,96,0,100,0,6,126,0,132,166,0,166,298
03/14/2020,HUF,IN,AGL,CE,Combined TRACON& Tower with Radar,0,1,3,1,5,0,1,2,1,4,0,2,5,2,9,32,0,32,41
03/15/2020,HUF,IN,AGL,CE,Combined TRACON& Tower with Radar,0,0,6,0,6,0,2,27,0,29,0,2,33,0,35,78,0,78,113
03/16/2020,HUF,IN,AGL,CE,Combined TRACON& Tower with Radar,0,0,24,0,24,0,1,54,0,55,0,1,78,0,79,252,0,252,331
03/17/2020,HUF,IN,AGL,CE,Combined TRACON& Tower with Radar,0,1,37,2,40,0,1,83,0,84,0,2,120,2,124,178,0,178,302
03/18/2020,HUF,IN,AGL,CE,Combined TRACON& Tower with Radar,0,4,9,0,13,0,4,19,0,23,0,8,28,0,36,18,0,18,54
03/19/2020,HUF,IN,AGL,CE,Combined TRACON& Tower with Radar,0,0,4,0,4,0,0,0,0,0,0,0,4,0,4,0,0,0,4
03/20/2020,HUF,IN,AGL,CE,Combined TRACON& Tower with Radar,0,3,9,0,12,0,0,4,0,4,0,3,13,0,16,23,0,23,39
03/21/2020,HUF,IN,AGL,CE,Combined TRACON& Tower with Radar,0,0,21,0,21,0,7,53,0,60,0,7,74,0,81,60,0,60,141
03/22/2020,HUF,IN,AGL,CE,Combined TRACON& Tower with Radar,0,0,5,0,5,0,0,26,0,26,0,0,31,0,31,2,0,2,33
03/23/2020,HUF,IN,AGL,CE,Combined TRACON& Tower with Radar,0,0,0,0,0,0,0,1,0,1,0,0,1,0,1,6,0,6,7
03/24/2020,HUF,IN,AGL,CE,Combined TRACON& Tower with Radar,0,5,13,0,18,0,2,17,0,19,0,7,30,0,37,66,0,66,103
03/25/2020,HUF,IN,AGL,CE,Combined TRACON& Tower with Radar,0,0,6,0,6,0,0,21,0,21,0,0,27,0,27,52,0,52,79
03/26/2020,HUF,IN,AGL,CE,Combined TRACON& Tower with Radar,0,0,8,0,8,0,0,17,0,17,0,0,25,0,25,18,0,18,43
03/27/2020,HUF,IN,AGL,CE,Combined TRACON& Tower with Radar,0,0,2,3,5,0,0,9,0,9,0,0,11,3,14,46,0,46,60
03/28/2020,HUF,IN,AGL,CE,Combined TRACON& Tower with Radar,0,0,6,0,6,0,1,14,0,15,0,1,20,0,21,0,0,0,21
03/29/2020,HUF,IN,AGL,CE,Combined TRACON& Tower with Radar,0,0,1,0,1,0,0,10,0,10,0,0,11,0,11,0,0,0,11
03/30/2020,HUF,IN,AGL,CE,Combined TRACON& Tower with Radar,0,0,10,0,10,0,2,29,0,31,0,2,39,0,41,16,0,16,57
03/31/2020,HUF,IN,AGL,CE,Combined TRACON& Tower with Radar,0,4,7,1,12,0,0,27,0,27,0,4,34,1,39,4,0,4,43
04/01/2020,HUF,IN,AGL,CE,Combined TRACON& Tower with Radar,0,0,6,0,6,0,0,11,0,11,0,0,17,0,17,0,0,0,17
04/02/2020,HUF,IN,AGL,CE,Combined TRACON& Tower with Radar,0,1,9,0,10,0,0,37,0,37,0,1,46,0,47,2,0,2,49
04/03/2020,HUF,IN,AGL,CE,Combined TRACON& Tower with Radar,0,1,8,0,9,0,1,16,0,17,0,2,24,0,26,32,0,32,58
04/04/2020,HUF,IN,AGL,CE,Combined TRACON& Tower with Radar,0,0,7,0,7,0,0,3,0,3,0,0,10,0,10,13,0,13,23
04/05/2020,HUF,IN,AGL,CE,Combined TRACON& Tower with Radar,0,1,13,0,14,0,1,9,0,10,0,2,22,0,24,8,0,8,32
04/06/2020,HUF,IN,AGL,CE,Combined TRACON& Tower with Radar,0,0,3,0,3,0,0,2,0,2,0,0,5,0,5,36,0,36,41
04/07/2020,HUF,IN,AGL,CE,Combined TRACON& Tower with Radar,0,0,1,0,1,0,0,4,0,4,0,0,5,0,5,2,0,2,7
04/08/2020,HUF,IN,AGL,CE,Combined TRACON& Tower with Radar,0,0,1,0,1,0,0,12,0,12,0,0,13,0,13,26,0,26,39
04/09/2020,HUF,IN,AGL,CE,Combined TRACON& Tower with Radar,0,0,1,0,1,0,0,1,0,1,0,0,2,0,2,0,0,0,2
04/10/2020,HUF,IN,AGL,CE,Combined TRACON& Tower with Radar,0,0,9,0,9,0,0,7,0,7,0,0,16,0,16,6,0,6,22
04/11/2020,HUF,IN,AGL,CE,Combined TRACON& Tower with Radar,0,0,3,0,3,0,2,8,0,10,0,2,11,0,13,2,0,2,15
04/12/2020,HUF,IN,AGL,CE,Combined TRACON& Tower with Radar,0,0,0,0,0,0,0,2,0,2,0,0,2,0,2,6,0,6,8
04/13/2020,HUF,IN,AGL,CE,Combined TRACON& Tower with Radar,0,0,5,0,5,0,2,0,0,2,0,2,5,0,7,0,0,0,7
04/14/2020,HUF,IN,AGL,CE,Combined TRACON& Tower with Radar,0,0,12,0,12,0,0,12,0,12,0,0,24,0,24,0,0,0,24
04/15/2020,HUF,IN,AGL,CE,Combined TRACON& Tower with Radar,0,0,2,0,2,0,0,6,0,6,0,0,8,0,8,7,0,7,15
04/16/2020,HUF,IN,AGL,CE,Combined TRACON& Tower with Radar,0,0,3,0,3,0,0,13,0,13,0,0,16,0,16,14,0,14,30
04/17/2020,HUF,IN,AGL,CE,Combined TRACON& Tower with Radar,0,0,9,0,9,0,0,0,0,0,0,0,9,0,9,0,0,0,9
04/18/2020,HUF,IN,AGL,CE,Combined TRACON& Tower with Radar,0,0,7,0,7,0,1,44,0,45,0,1,51,0,52,28,0,28,80
04/19/2020,HUF,IN,AGL,CE,Combined TRACON& Tower with Radar,0,0,5,0,5,0,0,13,0,13,0,0,18,0,18,20,0,20,38
04/20/2020,HUF,IN,AGL,CE,Combined TRACON& Tower with Radar,0,0,5,0,5,0,1,42,0,43,0,1,47,0,48,64,0,64,112
04/21/2020,HUF,IN,AGL,CE,Combined TRACON& Tower with Radar,0,1,4,0,5,0,0,7,0,7,0,1,11,0,12,4,0,4,16
04/22/2020,HUF,IN,AGL,CE,Combined TRACON& Tower with Radar,0,0,5,2,7,0,2,17,0,19,0,2,22,2,26,18,0,18,44
04/23/2020,HUF,IN,AGL,CE,Combined TRACON& Tower with Radar,0,0,6,2,8,0,0,0,0,0,0,0,6,2,8,0,0,0,8
04/24/2020,HUF,IN,AGL,CE,Combined TRACON& Tower with Radar,0,0,2,0,2,0,1,18,0,19,0,1,20,0,21,63,0,63,84
04/25/2020,HUF,IN,AGL,CE,Combined TRACON& Tower with Radar,0,0,8,0,8,0,0,6,0,6,0,0,14,0,14,16,0,16,30
04/26/2020,HUF,IN,AGL,CE,Combined TRACON& Tower with Radar,0,0,1,0,1,0,0,11,0,11,0,0,12,0,12,20,0,20,32
04/27/2020,HUF,IN,AGL,CE,Combined TRACON& Tower with Radar,0,0,5,4,9,0,0,30,0,30,0,0,35,4,39,12,0,12,51
04/28/2020,HUF,IN,AGL,CE,Combined TRACON& Tower with Radar,0,0,4,0,4,0,2,6,0,8,0,2,10,0,12,0,0,0,12
04/29/2020,HUF,IN,AGL,CE,Combined TRACON& Tower with Radar,0,0,4,2,6,0,0,2,0,2,0,0,6,2,8,0,0,0,8
04/30/2020,HUF,IN,AGL,CE,Combined TRACON& Tower with Radar,0,0,4,2,6,0,0,2,2,4,0,0,6,4,10,36,0,36,46
05/01/2020,HUF,IN,AGL,CE,Combined TRACON& Tower with Radar,0,0,10,0,10,0,1,33,0,34,0,1,43,0,44,38,0,38,82
05/02/2020,HUF,IN,AGL,CE,Combined TRACON& Tower with Radar,0,0,8,0,8,0,2,29,0,31,0,2,37,0,39,64,0,64,103
05/03/2020,HUF,IN,AGL,CE,Combined TRACON& Tower with Radar,0,0,9,0,9,0,0,2,0,2,0,0,11,0,11,0,0,0,11
05/04/2020,HUF,IN,AGL,CE,Combined TRACON& Tower with Radar,0,0,3,0,3,0,0,24,0,24,0,0,27,0,27,14,0,14,41
05/05/2020,HUF,IN,AGL,CE,Combined TRACON& Tower with Radar,0,0,2,0,2,0,0,1,0,1,0,0,3,0,3,0,0,0,3
05/06/2020,HUF,IN,AGL,CE,Combined TRACON& Tower with Radar,0,0,2,2,4,0,0,6,0,6,0,0,8,2,10,10,0,10,20
05/07/2020,HUF,IN,AGL,CE,Combined TRACON& Tower with Radar,0,0,5,0,5,0,1,13,0,14,0,1,18,0,19,8,0,8,27
05/08/2020,HUF,IN,AGL,CE,Combined TRACON& Tower with Radar,0,1,5,0,6,0,0,2,0,2,0,1,7,0,8,4,0,4,12
05/09/2020,HUF,IN,AGL,CE,Combined TRACON& Tower with Radar,0,1,10,0,11,0,2,23,0,25,0,3,33,0,36,60,0,60,96
05/10/2020,HUF,IN,AGL,CE,Combined TRACON& Tower with Radar,0,0,3,0,3,0,0,0,0,0,0,0,3,0,3,0,0,0,3
05/11/2020,HUF,IN,AGL,CE,Combined TRACON& Tower with Radar,0,0,9,0,9,0,1,26,0,27,0,1,35,0,36,20,0,20,56
05/12/2020,HUF,IN,AGL,CE,Combined TRACON& Tower with Radar,0,0,8,9,17,0,2,27,0,29,0,2,35,9,46,44,0,44,90
05/13/2020,HUF,IN,AGL,CE,Combined TRACON& Tower with Radar,0,0,4,0,4,0,0,4,0,4,0,0,8,0,8,10,0,10,18
05/14/2020,HUF,IN,AGL,CE,Combined TRACON& Tower with Radar,0,0,4,0,4,0,1,10,0,11,0,1,14,0,15,2,0,2,17
05/15/2020,HUF,IN,AGL,CE,Combined TRACON& Tower with Radar,0,4,2,0,6,0,0,2,0,2,0,4,4,0,8,0,0,0,8
05/16/2020,HUF,IN,AGL,CE,Combined TRACON& Tower with Radar,0,0,17,0,17,0,2,6,0,8,0,2,23,0,25,0,0,0,25
05/17/2020,HUF,IN,AGL,CE,Combined TRACON& Tower with Radar,0,0,3,0,3,0,0,0,0,0,0,0,3,0,3,0,0,0,3
05/18/2020,HUF,IN,AGL,CE,Combined TRACON& Tower with Radar,0,0,29,4,33,0,0,19,0,19,0,0,48,4,52,71,0,71,123
05/19/2020,HUF,IN,AGL,CE,Combined TRACON& Tower with Radar,0,0,7,3,10,0,0,0,0,0,0,0,7,3,10,0,0,0,10
05/20/2020,HUF,IN,AGL,CE,Combined TRACON& Tower with Radar,0,2,46,0,48,0,0,4,0,4,0,2,50,0,52,68,0,68,120
05/21/2020,HUF,IN,AGL,CE,Combined TRACON& Tower with Radar,0,4,42,0,46,0,4,15,0,19,0,8,57,0,65,56,0,56,121
05/22/2020,HUF,IN,AGL,CE,Combined TRACON& Tower with Radar,0,2,25,0,27,0,2,46,0,48,0,4,71,0,75,71,0,71,146
05/23/2020,HUF,IN,AGL,CE,Combined TRACON& Tower with Radar,0,0,6,0,6,0,0,14,0,14,0,0,20,0,20,0,0,0,20
05/24/2020,HUF,IN,AGL,CE,Combined TRACON& Tower with Radar,0,0,3,0,3,0,2,10,0,12,0,2,13,0,15,18,0,18,33
05/25/2020,HUF,IN,AGL,CE,Combined TRACON& Tower with Radar,0,1,3,0,4,0,0,22,0,22,0,1,25,0,26,33,0,33,59
05/26/2020,HUF,IN,AGL,CE,Combined TRACON& Tower with Radar,0,1,30,0,31,0,3,74,0,77,0,4,104,0,108,77,0,77,185
05/27/2020,HUF,IN,AGL,CE,Combined TRACON& Tower with Radar,0,1,42,0,43,0,3,61,0,64,0,4,103,0,107,130,0,130,237
05/28/2020,HUF,IN,AGL,CE,Combined TRACON& Tower with Radar,0,7,27,0,34,0,1,32,0,33,0,8,59,0,67,68,0,68,135
05/29/2020,HUF,IN,AGL,CE,Combined TRACON& Tower with Radar,0,4,35,0,39,0,0,53,0,53,0,4,88,0,92,125,0,125,217
05/30/2020,HUF,IN,AGL,CE,Combined TRACON& Tower with Radar,0,3,17,0,20,0,1,55,0,56,0,4,72,0,76,69,0,69,145
05/31/2020,HUF,IN,AGL,CE,Combined TRACON& Tower with Radar,0,0,10,0,10,0,1,42,0,43,0,1,52,0,53,61,0,61,114
06/01/2020,HUF,IN,AGL,CE,Combined TRACON& Tower with Radar,0,1,34,0,35,0,2,111,0,113,0,3,145,0,148,104,0,104,252
06/02/2020,HUF,IN,AGL,CE,Combined TRACON& Tower with Radar,0,0,28,0,28,0,1,77,0,78,0,1,105,0,106,77,0,77,183
06/03/2020,HUF,IN,AGL,CE,Combined TRACON& Tower with Radar,0,1,34,1,36,0,4,95,2,101,0,5,129,3,137,128,0,128,265
06/04/2020,HUF,IN,AGL,CE,Combined TRACON& Tower with Radar,0,0,26,0,26,0,1,40,0,41,0,1,66,0,67,34,0,34,101
06/05/2020,HUF,IN,AGL,CE,Combined TRACON& Tower with Radar,0,0,7,0,7,0,2,20,0,22,0,2,27,0,29,81,0,81,110
06/06/2020,HUF,IN,AGL,CE,Combined TRACON& Tower with Radar,0,0,12,0,12,0,0,75,0,75,0,0,87,0,87,142,0,142,229
06/07/2020,HUF,IN,AGL,CE,Combined TRACON& Tower with Radar,0,0,15,0,15,0,0,27,0,27,0,0,42,0,42,36,0,36,78
06/08/2020,HUF,IN,AGL,CE,Combined TRACON& Tower with Radar,0,0,23,0,23,0,8,86,0,94,0,8,109,0,117,87,0,87,204
06/09/2020,HUF,IN,AGL,CE,Combined TRACON& Tower with Radar,0,0,6,0,6,0,1,4,0,5,0,1,10,0,11,46,0,46,57
06/10/2020,HUF,IN,AGL,CE,Combined TRACON& Tower with Radar,0,2,0,0,2,0,1,0,0,1,0,3,0,0,3,0,0,0,3
06/11/2020,HUF,IN,AGL,CE,Combined TRACON& Tower with Radar,0,1,51,0,52,0,14,110,0,124,0,15,161,0,176,102,0,102,278
06/12/2020,HUF,IN,AGL,CE,Combined TRACON& Tower with Radar,0,0,32,0,32,0,3,90,0,93,0,3,122,0,125,163,0,163,288
06/13/2020,HUF,IN,AGL,CE,Combined TRACON& Tower with Radar,0,0,23,0,23,0,5,67,0,72,0,5,90,0,95,122,0,122,217
06/14/2020,HUF,IN,AGL,CE,Combined TRACON& Tower with Radar,0,1,7,0,8,0,4,25,0,29,0,5,32,0,37,39,0,39,76
06/15/2020,HUF,IN,AGL,CE,Combined TRACON& Tower with Radar,0,1,28,3,32,0,5,73,0,78,0,6,101,3,110,57,0,57,167
06/16/2020,HUF,IN,AGL,CE,Combined TRACON& Tower with Radar,0,0,35,0,35,0,1,86,0,87,0,1,121,0,122,110,0,110,232
06/17/2020,HUF,IN,AGL,CE,Combined TRACON& Tower with Radar,0,0,35,2,37,0,2,78,0,80,0,2,113,2,117,86,0,86,203
06/18/2020,HUF,IN,AGL,CE,Combined TRACON& Tower with Radar,0,2,40,0,42,0,6,65,0,71,0,8,105,0,113,142,0,142,255
06/19/2020,HUF,IN,AGL,CE,Combined TRACON& Tower with Radar,0,0,43,0,43,0,7,79,0,86,0,7,122,0,129,95,0,95,224
06/20/2020,HUF,IN,AGL,CE,Combined TRACON& Tower with Radar,0,0,11,0,11,0,2,38,0,40,0,2,49,0,51,106,0,106,157
06/21/2020,HUF,IN,AGL,CE,Combined TRACON& Tower with Radar,0,0,7,0,7,0,0,7,0,7,0,0,14,0,14,24,0,24,38
06/22/2020,HUF,IN,AGL,CE,Combined TRACON& Tower with Radar,0,2,24,0,26,0,2,28,0,30,0,4,52,0,56,16,0,16,72
06/23/2020,HUF,IN,AGL,CE,Combined TRACON& Tower with Radar,0,4,33,0,37,0,1,59,0,60,0,5,92,0,97,120,0,120,217
06/24/2020,HUF,IN,AGL,CE,Combined TRACON& Tower with Radar,0,0,35,4,39,0,7,81,0,88,0,7,116,4,127,93,0,93,220
06/25/2020,HUF,IN,AGL,CE,Combined TRACON& Tower with Radar,0,0,27,0,27,0,14,121,1,136,0,14,148,1,163,211,0,211,374
06/26/2020,HUF,IN,AGL,CE,Combined TRACON& Tower with Radar,0,2,26,0,28,0,2,92,0,94,0,4,118,0,122,106,0,106,228
06/27/2020,HUF,IN,AGL,CE,Combined TRACON& Tower with Radar,0,0,0,0,0,0,0,0,0,0,0,0,0,0,0,0,0,0,0
06/28/2020,HUF,IN,AGL,CE,Combined TRACON& Tower with Radar,0,0,7,0,7,0,0,3,0,3,0,0,10,0,10,0,0,0,10
06/29/2020,HUF,IN,AGL,CE,Combined TRACON& Tower with Radar,0,0,50,0,50,0,0,37,0,37,0,0,87,0,87,78,0,78,165
06/30/2020,HUF,IN,AGL,CE,Combined TRACON& Tower with Radar,0,0,18,0,18,0,2,19,0,21,0,2,37,0,39,110,0,110,149
07/01/2020,HUF,IN,AGL,CE,Combined TRACON& Tower with Radar,0,0,50,0,50,0,1,53,0,54,0,1,103,0,104,152,0,152,256
07/02/2020,HUF,IN,AGL,CE,Combined TRACON& Tower with Radar,0,1,33,0,34,0,3,101,0,104,0,4,134,0,138,110,0,110,248
07/03/2020,HUF,IN,AGL,CE,Combined TRACON& Tower with Radar,0,2,10,0,12,0,1,31,0,32,0,3,41,0,44,51,0,51,95
07/04/2020,HUF,IN,AGL,CE,Combined TRACON& Tower with Radar,0,1,5,0,6,0,1,27,0,28,0,2,32,0,34,28,0,28,62
07/05/2020,HUF,IN,AGL,CE,Combined TRACON& Tower with Radar,0,0,5,0,5,0,2,21,0,23,0,2,26,0,28,2,0,2,30
07/06/2020,HUF,IN,AGL,CE,Combined TRACON& Tower with Radar,0,0,15,0,15,0,3,51,0,54,0,3,66,0,69,73,0,73,142
07/07/2020,HUF,IN,AGL,CE,Combined TRACON& Tower with Radar,0,0,18,0,18,0,8,34,0,42,0,8,52,0,60,84,0,84,144
07/08/2020,HUF,IN,AGL,CE,Combined TRACON& Tower with Radar,0,0,18,0,18,0,3,34,0,37,0,3,52,0,55,24,0,24,79
07/09/2020,HUF,IN,AGL,CE,Combined TRACON& Tower with Radar,0,1,10,0,11,0,2,46,0,48,0,3,56,0,59,64,0,64,123
07/10/2020,HUF,IN,AGL,CE,Combined TRACON& Tower with Radar,0,1,21,0,22,0,2,29,0,31,0,3,50,0,53,32,0,32,85
07/11/2020,HUF,IN,AGL,CE,Combined TRACON& Tower with Radar,0,2,11,0,13,0,4,40,0,44,0,6,51,0,57,54,0,54,111
07/12/2020,HUF,IN,AGL,CE,Combined TRACON& Tower with Radar,0,2,5,2,9,0,2,11,0,13,0,4,16,2,22,0,0,0,22
07/13/2020,HUF,IN,AGL,CE,Combined TRACON& Tower with Radar,0,0,34,0,34,0,5,76,0,81,0,5,110,0,115,91,0,91,206
07/14/2020,HUF,IN,AGL,CE,Combined TRACON& Tower with Radar,0,0,14,0,14,0,8,85,0,93,0,8,99,0,107,103,0,103,210
07/15/2020,HUF,IN,AGL,CE,Combined TRACON& Tower with Radar,0,0,31,6,37,0,5,63,0,68,0,5,94,6,105,64,20,84,189
07/16/2020,HUF,IN,AGL,CE,Combined TRACON& Tower with Radar,0,0,31,0,31,0,1,13,0,14,0,1,44,0,45,55,0,55,100
07/17/2020,HUF,IN,AGL,CE,Combined TRACON& Tower with Radar,0,0,38,0,38,0,0,53,0,53,0,0,91,0,91,96,0,96,187
07/18/2020,HUF,IN,AGL,CE,Combined TRACON& Tower with Radar,0,2,10,0,12,0,6,18,0,24,0,8,28,0,36,16,0,16,52
07/19/2020,HUF,IN,AGL,CE,Combined TRACON& Tower with Radar,0,0,8,0,8,0,3,10,0,13,0,3,18,0,21,4,0,4,25
07/20/2020,HUF,IN,AGL,CE,Combined TRACON& Tower with Radar,0,3,29,0,32,0,1,46,0,47,0,4,75,0,79,77,0,77,156
07/21/2020,HUF,IN,AGL,CE,Combined TRACON& Tower with Radar,0,1,13,0,14,0,3,10,0,13,0,4,23,0,27,2,0,2,29
07/22/2020,HUF,IN,AGL,CE,Combined TRACON& Tower with Radar,0,0,12,0,12,0,0,23,0,23,0,0,35,0,35,37,0,37,72
07/23/2020,HUF,IN,AGL,CE,Combined TRACON& Tower with Radar,0,0,46,0,46,0,4,80,0,84,0,4,126,0,130,76,0,76,206
07/24/2020,HUF,IN,AGL,CE,Combined TRACON& Tower with Radar,0,0,21,1,22,1,7,129,2,139,1,7,150,3,161,50,0,50,211
07/25/2020,HUF,IN,AGL,CE,Combined TRACON& Tower with Radar,0,2,5,0,7,0,0,124,0,124,0,2,129,0,131,49,0,49,180
07/26/2020,HUF,IN,AGL,CE,Combined TRACON& Tower with Radar,0,3,6,0,9,0,5,46,1,52,0,8,52,1,61,24,0,24,85
07/27/2020,HUF,IN,AGL,CE,Combined TRACON& Tower with Radar,0,0,15,0,15,0,1,23,0,24,0,1,38,0,39,20,0,20,59
07/28/2020,HUF,IN,AGL,CE,Combined TRACON& Tower with Radar,0,2,29,0,31,0,8,82,0,90,0,10,111,0,121,92,0,92,213
07/29/2020,HUF,IN,AGL,CE,Combined TRACON& Tower with Radar,0,1,19,0,20,0,7,99,0,106,0,8,118,0,126,98,0,98,224
07/30/2020,HUF,IN,AGL,CE,Combined TRACON& Tower with Radar,0,1,5,0,6,0,0,0,0,0,0,1,5,0,6,0,0,0,6
07/31/2020,HUF,IN,AGL,CE,Combined TRACON& Tower with Radar,0,0,26,0,26,0,7,32,0,39,0,7,58,0,65,120,0,120,185
08/01/2020,HUF,IN,AGL,CE,Combined TRACON& Tower with Radar,0,2,15,0,17,0,0,0,0,0,0,2,15,0,17,0,0,0,17
08/02/2020,HUF,IN,AGL,CE,Combined TRACON& Tower with Radar,0,2,14,0,16,0,2,7,0,9,0,4,21,0,25,11,0,11,36
08/03/2020,HUF,IN,AGL,CE,Combined TRACON& Tower with Radar,0,0,10,0,10,0,0,0,0,0,0,0,10,0,10,0,0,0,10
08/04/2020,HUF,IN,AGL,CE,Combined TRACON& Tower with Radar,0,1,33,0,34,0,4,58,0,62,0,5,91,0,96,126,0,126,222
08/05/2020,HUF,IN,AGL,CE,Combined TRACON& Tower with Radar,0,0,25,0,25,0,8,108,0,116,0,8,133,0,141,124,0,124,265
08/06/2020,HUF,IN,AGL,CE,Combined TRACON& Tower with Radar,0,0,15,0,15,0,2,49,0,51,0,2,64,0,66,68,0,68,134
08/07/2020,HUF,IN,AGL,CE,Combined TRACON& Tower with Radar,0,0,18,0,18,0,1,58,0,59,0,1,76,0,77,70,0,70,147
08/08/2020,HUF,IN,AGL,CE,Combined TRACON& Tower with Radar,0,1,13,0,14,0,5,30,0,35,0,6,43,0,49,22,0,22,71
08/09/2020,HUF,IN,AGL,CE,Combined TRACON& Tower with Radar,0,1,5,0,6,0,2,15,0,17,0,3,20,0,23,26,0,26,49
08/10/2020,HUF,IN,AGL,CE,Combined TRACON& Tower with Radar,0,0,14,0,14,0,4,5,0,9,0,4,19,0,23,12,0,12,35
08/11/2020,HUF,IN,AGL,CE,Combined TRACON& Tower with Radar,0,1,44,0,45,0,2,24,0,26,0,3,68,0,71,68,0,68,139
08/12/2020,HUF,IN,AGL,CE,Combined TRACON& Tower with Radar,0,1,26,0,27,0,2,70,0,72,0,3,96,0,99,141,0,141,240
08/13/2020,HUF,IN,AGL,CE,Combined TRACON& Tower with Radar,0,1,25,0,26,0,1,81,0,82,0,2,106,0,108,98,0,98,206
08/14/2020,HUF,IN,AGL,CE,Combined TRACON& Tower with Radar,2,0,27,0,29,0,0,49,0,49,2,0,76,0,78,149,0,149,227
08/15/2020,HUF,IN,AGL,CE,Combined TRACON& Tower with Radar,0,0,10,0,10,0,0,31,0,31,0,0,41,0,41,62,0,62,103
08/16/2020,HUF,IN,AGL,CE,Combined TRACON& Tower with Radar,0,0,7,0,7,0,4,14,0,18,0,4,21,0,25,42,0,42,67
08/17/2020,HUF,IN,AGL,CE,Combined TRACON& Tower with Radar,0,0,10,0,10,0,0,30,0,30,0,0,40,0,40,36,0,36,76
08/18/2020,HUF,IN,AGL,CE,Combined TRACON& Tower with Radar,0,7,32,0,39,0,0,29,0,29,0,7,61,0,68,28,0,28,96
08/19/2020,HUF,IN,AGL,CE,Combined TRACON& Tower with Radar,0,4,14,0,18,0,3,79,0,82,0,7,93,0,100,79,0,79,179
08/20/2020,HUF,IN,AGL,CE,Combined TRACON& Tower with Radar,0,2,25,0,27,0,1,69,0,70,0,3,94,0,97,74,0,74,171
08/21/2020,HUF,IN,AGL,CE,Combined TRACON& Tower with Radar,0,4,32,0,36,0,2,78,0,80,0,6,110,0,116,71,0,71,187
08/22/2020,HUF,IN,AGL,CE,Combined TRACON& Tower with Radar,0,1,17,0,18,0,1,48,0,49,0,2,65,0,67,70,0,70,137
08/23/2020,HUF,IN,AGL,CE,Combined TRACON& Tower with Radar,0,0,11,0,11,0,0,21,0,21,0,0,32,0,32,33,0,33,65
08/24/2020,HUF,IN,AGL,CE,Combined TRACON& Tower with Radar,0,0,21,0,21,0,1,55,0,56,0,1,76,0,77,32,0,32,109
08/25/2020,HUF,IN,AGL,CE,Combined TRACON& Tower with Radar,0,1,13,1,15,0,2,49,0,51,0,3,62,1,66,118,0,118,184
08/26/2020,HUF,IN,AGL,CE,Combined TRACON& Tower with Radar,0,4,29,4,37,0,0,69,2,71,0,4,98,6,108,66,0,66,174
08/27/2020,HUF,IN,AGL,CE,Combined TRACON& Tower with Radar,0,2,15,0,17,0,0,58,0,58,0,2,73,0,75,88,0,88,163
08/28/2020,HUF,IN,AGL,CE,Combined TRACON& Tower with Radar,0,1,33,0,34,0,3,26,0,29,0,4,59,0,63,64,0,64,127
08/29/2020,HUF,IN,AGL,CE,Combined TRACON& Tower with Radar,0,3,19,0,22,0,5,22,0,27,0,8,41,0,49,72,0,72,121
08/30/2020,HUF,IN,AGL,CE,Combined TRACON& Tower with Radar,0,1,10,0,11,0,7,43,0,50,0,8,53,0,61,45,0,45,106
08/31/2020,HUF,IN,AGL,CE,Combined TRACON& Tower with Radar,0,2,23,0,25,0,4,84,0,88,0,6,107,0,113,108,0,108,221
09/01/2020,HUF,IN,AGL,CE,Combined TRACON& Tower with Radar,0,5,9,0,14,0,0,2,0,2,0,5,11,0,16,16,0,16,32
09/02/2020,HUF,IN,AGL,CE,Combined TRACON& Tower with Radar,2,2,38,0,42,0,2,20,0,22,2,4,58,0,64,56,0,56,120
09/03/2020,HUF,IN,AGL,CE,Combined TRACON& Tower with Radar,0,2,33,1,36,0,0,51,8,59,0,2,84,9,95,70,0,70,165
09/04/2020,HUF,IN,AGL,CE,Combined TRACON& Tower with Radar,0,2,26,0,28,0,1,105,0,106,0,3,131,0,134,186,0,186,320
09/05/2020,HUF,IN,AGL,CE,Combined TRACON& Tower with Radar,0,1,6,0,7,0,4,42,0,46,0,5,48,0,53,42,0,42,95
09/06/2020,HUF,IN,AGL,CE,Combined TRACON& Tower with Radar,0,2,3,0,5,0,1,22,0,23,0,3,25,0,28,16,0,16,44
09/07/2020,HUF,IN,AGL,CE,Combined TRACON& Tower with Radar,0,0,6,0,6,0,0,4,0,4,0,0,10,0,10,0,0,0,10
09/08/2020,HUF,IN,AGL,CE,Combined TRACON& Tower with Radar,0,3,31,0,34,0,3,76,0,79,0,6,107,0,113,62,0,62,175
09/09/2020,HUF,IN,AGL,CE,Combined TRACON& Tower with Radar,0,2,38,2,42,0,8,90,0,98,0,10,128,2,140,96,0,96,236
09/10/2020,HUF,IN,AGL,CE,Combined TRACON& Tower with Radar,1,3,24,0,28,0,1,18,0,19,1,4,42,0,47,62,0,62,109
09/11/2020,HUF,IN,AGL,CE,Combined TRACON& Tower with Radar,0,2,14,0,16,0,2,0,0,2,0,4,14,0,18,0,0,0,18
09/12/2020,HUF,IN,AGL,CE,Combined TRACON& Tower with Radar,0,2,12,0,14,0,0,1,0,1,0,2,13,0,15,0,0,0,15
09/13/2020,HUF,IN,AGL,CE,Combined TRACON& Tower with Radar,0,1,17,0,18,0,2,37,0,39,0,3,54,0,57,78,0,78,135
09/14/2020,HUF,IN,AGL,CE,Combined TRACON& Tower with Radar,0,4,34,0,38,0,7,103,0,110,0,11,137,0,148,96,0,96,244
09/15/2020,HUF,IN,AGL,CE,Combined TRACON& Tower with Radar,0,0,29,0,29,0,7,94,0,101,0,7,123,0,130,134,0,134,264
09/16/2020,HUF,IN,AGL,CE,Combined TRACON& Tower with Radar,0,4,26,2,32,0,2,113,0,115,0,6,139,2,147,75,0,75,222
09/17/2020,HUF,IN,AGL,CE,Combined TRACON& Tower with Radar,1,2,15,3,21,0,5,57,1,63,1,7,72,4,84,96,0,96,180
09/18/2020,HUF,IN,AGL,CE,Combined TRACON& Tower with Radar,0,4,23,0,27,0,3,83,0,86,0,7,106,0,113,72,0,72,185
09/19/2020,HUF,IN,AGL,CE,Combined TRACON& Tower with Radar,0,0,4,0,4,0,9,71,0,80,0,9,75,0,84,70,0,70,154
09/20/2020,HUF,IN,AGL,CE,Combined TRACON& Tower with Radar,0,2,10,0,12,0,4,46,0,50,0,6,56,0,62,48,0,48,110
09/21/2020,HUF,IN,AGL,CE,Combined TRACON& Tower with Radar,0,2,26,0,28,0,1,78,6,85,0,3,104,6,113,92,0,92,205
09/22/2020,HUF,IN,AGL,CE,Combined TRACON& Tower with Radar,0,0,16,2,18,0,5,111,0,116,0,5,127,2,134,145,0,145,279
09/23/2020,HUF,IN,AGL,CE,Combined TRACON& Tower with Radar,0,4,49,0,53,0,2,104,0,106,0,6,153,0,159,130,0,130,289
09/24/2020,HUF,IN,AGL,CE,Combined TRACON& Tower with Radar,0,4,26,0,30,1,2,103,4,110,1,6,129,4,140,152,10,162,302
09/25/2020,HUF,IN,AGL,CE,Combined TRACON& Tower with Radar,0,4,33,0,37,0,4,68,0,72,0,8,101,0,109,104,0,104,213
09/26/2020,HUF,IN,AGL,CE,Combined TRACON& Tower with Radar,0,2,6,2,10,0,2,15,0,17,0,4,21,2,27,32,0,32,59
09/27/2020,HUF,IN,AGL,CE,Combined TRACON& Tower with Radar,0,3,18,0,21,0,13,27,0,40,0,16,45,0,61,62,0,62,123
09/28/2020,HUF,IN,AGL,CE,Combined TRACON& Tower with Radar,0,0,17,0,17,0,0,13,0,13,0,0,30,0,30,24,0,24,54
09/29/2020,HUF,IN,AGL,CE,Combined TRACON& Tower with Radar,0,7,34,1,42,0,5,82,2,89,0,12,116,3,131,122,0,122,253
09/30/2020,HUF,IN,AGL,CE,Combined TRACON& Tower with Radar,1,7,26,0,34,0,2,51,0,53,1,9,77,0,87,63,0,63,150
10/01/2020,HUF,IN,AGL,CE,Combined TRACON& Tower with Radar,0,4,27,2,33,0,5,64,0,69,0,9,91,2,102,83,0,83,185
10/02/2020,HUF,IN,AGL,CE,Combined TRACON& Tower with Radar,0,5,10,0,15,0,2,64,0,66,0,7,74,0,81,102,0,102,183
10/03/2020,HUF,IN,AGL,CE,Combined TRACON& Tower with Radar,0,4,18,0,22,0,8,42,0,50,0,12,60,0,72,62,0,62,134
10/04/2020,HUF,IN,AGL,CE,Combined TRACON& Tower with Radar,0,2,11,0,13,0,0,10,0,10,0,2,21,0,23,0,0,0,23
10/05/2020,HUF,IN,AGL,CE,Combined TRACON& Tower with Radar,0,0,19,0,19,0,3,67,0,70,0,3,86,0,89,130,0,130,219
10/06/2020,HUF,IN,AGL,CE,Combined TRACON& Tower with Radar,0,6,26,2,34,0,8,60,0,68,0,14,86,2,102,87,0,87,189
10/07/2020,HUF,IN,AGL,CE,Combined TRACON& Tower with Radar,0,0,25,0,25,0,3,90,0,93,0,3,115,0,118,64,0,64,182
10/08/2020,HUF,IN,AGL,CE,Combined TRACON& Tower with Radar,0,2,24,0,26,0,12,109,0,121,0,14,133,0,147,120,0,120,267
10/09/2020,HUF,IN,AGL,CE,Combined TRACON& Tower with Radar,0,2,8,0,10,0,4,44,2,50,0,6,52,2,60,34,0,34,94
10/10/2020,HUF,IN,AGL,CE,Combined TRACON& Tower with Radar,0,4,13,0,17,0,2,14,0,16,0,6,27,0,33,44,0,44,77
10/11/2020,HUF,IN,AGL,CE,Combined TRACON& Tower with Radar,0,0,6,0,6,0,4,11,0,15,0,4,17,0,21,12,0,12,33
10/12/2020,HUF,IN,AGL,CE,Combined TRACON& Tower with Radar,0,2,7,0,9,0,3,1,0,4,0,5,8,0,13,31,0,31,44
10/13/2020,HUF,IN,AGL,CE,Combined TRACON& Tower with Radar,0,0,17,0,17,0,3,78,0,81,0,3,95,0,98,70,0,70,168
10/14/2020,HUF,IN,AGL,CE,Combined TRACON& Tower with Radar,0,0,9,0,9,0,7,33,0,40,0,7,42,0,49,44,0,44,93
10/15/2020,HUF,IN,AGL,CE,Combined TRACON& Tower with Radar,0,0,15,0,15,0,3,48,0,51,0,3,63,0,66,56,0,56,122
10/16/2020,HUF,IN,AGL,CE,Combined TRACON& Tower with Radar,0,2,19,1,22,0,4,63,0,67,0,6,82,1,89,60,0,60,149
10/17/2020,HUF,IN,AGL,CE,Combined TRACON& Tower with Radar,0,2,9,0,11,0,2,25,0,27,0,4,34,0,38,45,0,45,83
10/18/2020,HUF,IN,AGL,CE,Combined TRACON& Tower with Radar,0,2,3,0,5,0,4,12,0,16,0,6,15,0,21,86,0,86,107
10/19/2020,HUF,IN,AGL,CE,Combined TRACON& Tower with Radar,0,4,4,0,8,0,0,0,0,0,0,4,4,0,8,0,0,0,8
10/20/2020,HUF,IN,AGL,CE,Combined TRACON& Tower with Radar,0,0,37,0,37,0,0,1,0,1,0,0,38,0,38,55,0,55,93
10/21/2020,HUF,IN,AGL,CE,Combined TRACON& Tower with Radar,0,0,26,0,26,0,0,7,0,7,0,0,33,0,33,53,0,53,86
10/22/2020,HUF,IN,AGL,CE,Combined TRACON& Tower with Radar,0,4,36,0,40,0,11,80,1,92,0,15,116,1,132,122,0,122,254
10/23/2020,HUF,IN,AGL,CE,Combined TRACON& Tower with Radar,0,1,7,0,8,0,0,2,0,2,0,1,9,0,10,22,0,22,32
10/24/2020,HUF,IN,AGL,CE,Combined TRACON& Tower with Radar,0,3,10,2,15,0,9,40,0,49,0,12,50,2,64,98,20,118,182
10/25/2020,HUF,IN,AGL,CE,Combined TRACON& Tower with Radar,0,3,12,0,15,0,5,10,0,15,0,8,22,0,30,28,0,28,58
10/26/2020,HUF,IN,AGL,CE,Combined TRACON& Tower with Radar,0,4,3,0,7,0,2,0,0,2,0,6,3,0,9,0,0,0,9
10/27/2020,HUF,IN,AGL,CE,Combined TRACON& Tower with Radar,0,2,3,0,5,0,0,0,0,0,0,2,3,0,5,0,0,0,5
10/28/2020,HUF,IN,AGL,CE,Combined TRACON& Tower with Radar,0,0,33,0,33,0,2,18,0,20,0,2,51,0,53,90,0,90,143
10/29/2020,HUF,IN,AGL,CE,Combined TRACON& Tower with Radar,0,4,7,0,11,0,1,15,0,16,0,5,22,0,27,28,0,28,55
10/30/2020,HUF,IN,AGL,CE,Combined TRACON& Tower with Radar,0,2,24,0,26,0,4,101,0,105,0,6,125,0,131,108,0,108,239
10/31/2020,HUF,IN,AGL,CE,Combined TRACON& Tower with Radar,0,0,4,0,4,0,3,51,0,54,0,3,55,0,58,34,0,34,92
11/01/2020,HUF,IN,AGL,CE,Combined TRACON& Tower with Radar,0,0,2,0,2,0,1,2,0,3,0,1,4,0,5,0,0,0,5
11/02/2020,HUF,IN,AGL,CE,Combined TRACON& Tower with Radar,0,0,33,0,33,0,13,102,2,117,0,13,135,2,150,188,0,188,338
11/03/2020,HUF,IN,AGL,CE,Combined TRACON& Tower with Radar,0,0,15,0,15,0,0,71,0,71,0,0,86,0,86,248,0,248,334
11/04/2020,HUF,IN,AGL,CE,Combined TRACON& Tower with Radar,0,2,16,0,18,0,6,88,0,94,0,8,104,0,112,86,0,86,198
11/05/2020,HUF,IN,AGL,CE,Combined TRACON& Tower with Radar,0,4,26,0,30,0,7,71,2,80,0,11,97,2,110,90,0,90,200
11/06/2020,HUF,IN,AGL,CE,Combined TRACON& Tower with Radar,0,3,27,0,30,0,15,87,0,102,0,18,114,0,132,100,0,100,232
11/07/2020,HUF,IN,AGL,CE,Combined TRACON& Tower with Radar,0,2,3,0,5,0,6,39,0,45,0,8,42,0,50,90,0,90,140
11/08/2020,HUF,IN,AGL,CE,Combined TRACON& Tower with Radar,0,2,16,0,18,0,7,53,0,60,0,9,69,0,78,30,0,30,108
11/09/2020,HUF,IN,AGL,CE,Combined TRACON& Tower with Radar,0,2,8,2,12,0,4,41,0,45,0,6,49,2,57,52,0,52,109
11/10/2020,HUF,IN,AGL,CE,Combined TRACON& Tower with Radar,0,6,1,0,7,0,2,9,0,11,0,8,10,0,18,8,0,8,26
11/11/2020,HUF,IN,AGL,CE,Combined TRACON& Tower with Radar,0,4,30,0,34,0,11,76,0,87,0,15,106,0,121,234,0,234,355
11/12/2020,HUF,IN,AGL,CE,Combined TRACON& Tower with Radar,0,1,36,1,38,0,5,127,0,132,0,6,163,1,170,226,0,226,396
11/13/2020,HUF,IN,AGL,CE,Combined TRACON& Tower with Radar,0,3,46,2,51,0,3,64,0,67,0,6,110,2,118,132,0,132,250
11/14/2020,HUF,IN,AGL,CE,Combined TRACON& Tower with Radar,0,2,6,0,8,0,0,10,0,10,0,2,16,0,18,6,0,6,24
11/15/2020,HUF,IN,AGL,CE,Combined TRACON& Tower with Radar,0,2,10,0,12,0,0,3,0,3,0,2,13,0,15,0,0,0,15
11/16/2020,HUF,IN,AGL,CE,Combined TRACON& Tower with Radar,0,4,27,0,31,0,11,66,0,77,0,15,93,0,108,149,0,149,257
11/17/2020,HUF,IN,AGL,CE,Combined TRACON& Tower with Radar,0,6,13,0,19,0,7,71,0,78,0,13,84,0,97,124,0,124,221
11/18/2020,HUF,IN,AGL,CE,Combined TRACON& Tower with Radar,0,5,18,0,23,0,5,52,0,57,0,10,70,0,80,93,0,93,173
11/19/2020,HUF,IN,AGL,CE,Combined TRACON& Tower with Radar,0,3,11,0,14,0,0,4,0,4,0,3,15,0,18,0,0,0,18
11/20/2020,HUF,IN,AGL,CE,Combined TRACON& Tower with Radar,0,7,44,0,51,0,7,63,0,70,0,14,107,0,121,154,0,154,275
11/21/2020,HUF,IN,AGL,CE,Combined TRACON& Tower with Radar,0,0,7,0,7,0,4,27,0,31,0,4,34,0,38,80,0,80,118
11/22/2020,HUF,IN,AGL,CE,Combined TRACON& Tower with Radar,0,4,0,0,4,0,0,0,0,0,0,4,0,0,4,0,0,0,4
11/23/2020,HUF,IN,AGL,CE,Combined TRACON& Tower with Radar,0,8,19,0,27,0,4,70,0,74,0,12,89,0,101,170,0,170,271
11/24/2020,HUF,IN,AGL,CE,Combined TRACON& Tower with Radar,0,0,26,0,26,0,5,66,0,71,0,5,92,0,97,121,0,121,218
11/25/2020,HUF,IN,AGL,CE,Combined TRACON& Tower with Radar,0,4,2,0,6,0,0,0,0,0,0,4,2,0,6,0,0,0,6
11/26/2020,HUF,IN,AGL,CE,Combined TRACON& Tower with Radar,0,0,2,0,2,0,0,0,0,0,0,0,2,0,2,0,0,0,2
11/27/2020,HUF,IN,AGL,CE,Combined TRACON& Tower with Radar,0,0,3,0,3,0,0,15,0,15,0,0,18,0,18,100,0,100,118
11/28/2020,HUF,IN,AGL,CE,Combined TRACON& Tower with Radar,0,0,5,0,5,0,3,34,0,37,0,3,39,0,42,52,0,52,94
11/29/2020,HUF,IN,AGL,CE,Combined TRACON& Tower with Radar,0,0,10,0,10,0,3,23,0,26,0,3,33,0,36,32,0,32,68
11/30/2020,HUF,IN,AGL,CE,Combined TRACON& Tower with Radar,0,2,6,0,8,0,0,4,0,4,0,2,10,0,12,12,0,12,24
12/01/2020,HUF,IN,AGL,CE,Combined TRACON& Tower with Radar,0,3,36,0,39,0,2,82,0,84,0,5,118,0,123,148,0,148,271
12/02/2020,HUF,IN,AGL,CE,Combined TRACON& Tower with Radar,0,3,43,12,58,0,7,103,0,110,0,10,146,12,168,216,12,228,396
12/03/2020,HUF,IN,AGL,CE,Combined TRACON& Tower with Radar,0,3,30,0,33,0,4,63,1,68,0,7,93,1,101,117,0,117,218
12/04/2020,HUF,IN,AGL,CE,Combined TRACON& Tower with Radar,0,5,33,14,52,0,3,73,0,76,0,8,106,14,128,153,12,165,293
12/05/2020,HUF,IN,AGL,CE,Combined TRACON& Tower with Radar,0,2,12,0,14,0,3,47,0,50,0,5,59,0,64,46,0,46,110
12/06/2020,HUF,IN,AGL,CE,Combined TRACON& Tower with Radar,0,0,12,0,12,0,2,16,0,18,0,2,28,0,30,38,0,38,68
12/07/2020,HUF,IN,AGL,CE,Combined TRACON& Tower with Radar,0,2,13,0,15,0,2,23,0,25,0,4,36,0,40,142,0,142,182
12/08/2020,HUF,IN,AGL,CE,Combined TRACON& Tower with Radar,0,3,27,0,30,0,0,35,0,35,0,3,62,0,65,102,0,102,167
12/09/2020,HUF,IN,AGL,CE,Combined TRACON& Tower with Radar,0,6,32,0,38,0,8,87,0,95,0,14,119,0,133,114,0,114,247
12/10/2020,HUF,IN,AGL,CE,Combined TRACON& Tower with Radar,0,5,25,0,30,0,10,83,0,93,0,15,108,0,123,152,0,152,275
12/11/2020,HUF,IN,AGL,CE,Combined TRACON& Tower with Radar,0,2,24,0,26,0,10,60,1,71,0,12,84,1,97,84,0,84,181
12/12/2020,HUF,IN,AGL,CE,Combined TRACON& Tower with Radar,0,0,18,0,18,0,0,0,0,0,0,0,18,0,18,0,0,0,18
12/13/2020,HUF,IN,AGL,CE,Combined TRACON& Tower with Radar,0,0,9,0,9,0,1,0,0,1,0,1,9,0,10,4,0,4,14
12/14/2020,HUF,IN,AGL,CE,Combined TRACON& Tower with Radar,0,4,12,2,18,0,6,32,0,38,0,10,44,2,56,84,0,84,140
12/15/2020,HUF,IN,AGL,CE,Combined TRACON& Tower with Radar,0,2,38,2,42,0,16,101,0,117,0,18,139,2,159,134,0,134,293
12/16/2020,HUF,IN,AGL,CE,Combined TRACON& Tower with Radar,0,0,4,0,4,0,0,0,0,0,0,0,4,0,4,0,0,0,4
12/17/2020,HUF,IN,AGL,CE,Combined TRACON& Tower with Radar,0,0,15,0,15,0,0,0,0,0,0,0,15,0,15,4,0,4,19
12/18/2020,HUF,IN,AGL,CE,Combined TRACON& Tower with Radar,0,4,24,0,28,0,2,57,0,59,0,6,81,0,87,94,0,94,181
12/19/2020,HUF,IN,AGL,CE,Combined TRACON& Tower with Radar,0,0,4,2,6,0,0,3,0,3,0,0,7,2,9,14,0,14,23
12/20/2020,HUF,IN,AGL,CE,Combined TRACON& Tower with Radar,0,2,7,0,9,0,1,28,0,29,0,3,35,0,38,86,0,86,124
12/21/2020,HUF,IN,AGL,CE,Combined TRACON& Tower with Radar,0,0,6,0,6,0,1,16,0,17,0,1,22,0,23,4,0,4,27
12/22/2020,HUF,IN,AGL,CE,Combined TRACON& Tower with Radar,0,8,37,0,45,0,7,64,0,71,0,15,101,0,116,122,0,122,238
12/23/2020,HUF,IN,AGL,CE,Combined TRACON& Tower with Radar,0,0,2,0,2,0,0,2,0,2,0,0,4,0,4,0,0,0,4
12/24/2020,HUF,IN,AGL,CE,Combined TRACON& Tower with Radar,0,2,0,0,2,0,0,3,0,3,0,2,3,0,5,0,0,0,5
12/25/2020,HUF,IN,AGL,CE,Combined TRACON& Tower with Radar,0,0,1,0,1,0,1,1,0,2,0,1,2,0,3,0,0,0,3
12/26/2020,HUF,IN,AGL,CE,Combined TRACON& Tower with Radar,0,1,5,0,6,0,4,32,0,36,0,5,37,0,42,34,0,34,76
12/27/2020,HUF,IN,AGL,CE,Combined TRACON& Tower with Radar,0,1,7,0,8,0,1,13,0,14,0,2,20,0,22,0,0,0,22
12/28/2020,HUF,IN,AGL,CE,Combined TRACON& Tower with Radar,0,1,2,0,3,0,1,4,0,5,0,2,6,0,8,68,0,68,76
12/29/2020,HUF,IN,AGL,CE,Combined TRACON& Tower with Radar,0,0,13,0,13,0,3,43,0,46,0,3,56,0,59,70,0,70,129
12/30/2020,HUF,IN,AGL,CE,Combined TRACON& Tower with Radar,0,0,0,0,0,0,2,4,0,6,0,2,4,0,6,0,0,0,6
12/31/2020,HUF,IN,AGL,CE,Combined TRACON& Tower with Radar,0,0,3,0,3,0,4,1,0,5,0,4,4,0,8,8,0,8,16
01/01/2021,HUF,IN,AGL,CE,Combined TRACON& Tower with Radar,0,2,0,0,2,0,0,0,0,0,0,2,0,0,2,0,0,0,2
01/02/2021,HUF,IN,AGL,CE,Combined TRACON& Tower with Radar,0,0,0,0,0,0,0,1,0,1,0,0,1,0,1,0,0,0,1
01/03/2021,HUF,IN,AGL,CE,Combined TRACON& Tower with Radar,0,2,4,0,6,0,0,0,0,0,0,2,4,0,6,0,0,0,6
01/04/2021,HUF,IN,AGL,CE,Combined TRACON& Tower with Radar,0,1,11,0,12,0,2,18,0,20,0,3,29,0,32,50,0,50,82
01/05/2021,HUF,IN,AGL,CE,Combined TRACON& Tower with Radar,0,4,3,2,9,0,0,1,0,1,0,4,4,2,10,60,0,60,70
01/06/2021,HUF,IN,AGL,CE,Combined TRACON& Tower with Radar,0,3,28,0,31,0,3,41,0,44,0,6,69,0,75,71,0,71,146
01/07/2021,HUF,IN,AGL,CE,Combined TRACON& Tower with Radar,0,2,27,2,31,0,7,49,0,56,0,9,76,2,87,107,0,107,194
01/08/2021,HUF,IN,AGL,CE,Combined TRACON& Tower with Radar,0,0,17,0,17,0,1,28,0,29,0,1,45,0,46,80,0,80,126
01/09/2021,HUF,IN,AGL,CE,Combined TRACON& Tower with Radar,0,3,17,0,20,0,2,3,0,5,0,5,20,0,25,62,0,62,87
01/10/2021,HUF,IN,AGL,CE,Combined TRACON& Tower with Radar,0,0,4,0,4,0,1,5,0,6,0,1,9,0,10,34,0,34,44
01/11/2021,HUF,IN,AGL,CE,Combined TRACON& Tower with Radar,0,0,8,0,8,0,0,0,0,0,0,0,8,0,8,0,0,0,8
01/12/2021,HUF,IN,AGL,CE,Combined TRACON& Tower with Radar,0,5,39,3,47,0,4,91,1,96,0,9,130,4,143,108,0,108,251
01/13/2021,HUF,IN,AGL,CE,Combined TRACON& Tower with Radar,0,7,31,0,38,0,6,84,3,93,0,13,115,3,131,116,0,116,247
01/14/2021,HUF,IN,AGL,CE,Combined TRACON& Tower with Radar,0,4,27,0,31,0,0,42,0,42,0,4,69,0,73,176,0,176,249
01/15/2021,HUF,IN,AGL,CE,Combined TRACON& Tower with Radar,0,6,19,0,25,0,1,13,0,14,0,7,32,0,39,18,0,18,57
01/16/2021,HUF,IN,AGL,CE,Combined TRACON& Tower with Radar,0,0,0,0,0,0,0,0,0,0,0,0,0,0,0,0,0,0,0
01/17/2021,HUF,IN,AGL,CE,Combined TRACON& Tower with Radar,0,0,1,0,1,0,0,0,0,0,0,0,1,0,1,0,0,0,1
01/18/2021,HUF,IN,AGL,CE,Combined TRACON& Tower with Radar,0,0,4,0,4,0,3,3,0,6,0,3,7,0,10,4,0,4,14
01/19/2021,HUF,IN,AGL,CE,Combined TRACON& Tower with Radar,0,4,45,0,49,0,3,109,0,112,0,7,154,0,161,182,0,182,343
01/20/2021,HUF,IN,AGL,CE,Combined TRACON& Tower with Radar,0,2,34,2,38,0,8,72,0,80,0,10,106,2,118,185,0,185,303
01/21/2021,HUF,IN,AGL,CE,Combined TRACON& Tower with Radar,0,7,29,2,38,0,10,104,0,114,0,17,133,2,152,148,0,148,300
01/22/2021,HUF,IN,AGL,CE,Combined TRACON& Tower with Radar,0,2,23,2,27,0,2,75,0,77,0,4,98,2,104,94,0,94,198
01/23/2021,HUF,IN,AGL,CE,Combined TRACON& Tower with Radar,0,0,25,0,25,0,8,99,0,107,0,8,124,0,132,126,0,126,258
01/24/2021,HUF,IN,AGL,CE,Combined TRACON& Tower with Radar,0,0,3,0,3,0,0,1,0,1,0,0,4,0,4,0,0,0,4
01/25/2021,HUF,IN,AGL,CE,Combined TRACON& Tower with Radar,0,0,0,0,0,0,0,0,0,0,0,0,0,0,0,0,0,0,0
01/26/2021,HUF,IN,AGL,CE,Combined TRACON& Tower with Radar,0,3,2,0,5,0,2,0,0,2,0,5,2,0,7,0,0,0,7
01/27/2021,HUF,IN,AGL,CE,Combined TRACON& Tower with Radar,0,0,3,0,3,0,1,0,0,1,0,1,3,0,4,0,0,0,4
01/28/2021,HUF,IN,AGL,CE,Combined TRACON& Tower with Radar,0,3,22,0,25,0,6,54,2,62,0,9,76,2,87,66,0,66,153
01/29/2021,HUF,IN,AGL,CE,Combined TRACON& Tower with Radar,0,2,45,0,47,0,5,101,0,106,0,7,146,0,153,170,0,170,323
01/30/2021,HUF,IN,AGL,CE,Combined TRACON& Tower with Radar,0,0,7,0,7,0,6,12,0,18,0,6,19,0,25,12,0,12,37
01/31/2021,HUF,IN,AGL,CE,Combined TRACON& Tower with Radar,0,0,1,0,1,0,0,0,0,0,0,0,1,0,1,0,0,0,1
02/01/2021,HUF,IN,AGL,CE,Combined TRACON& Tower with Radar,0,0,1,0,1,0,1,2,0,3,0,1,3,0,4,10,0,10,14
02/02/2021,HUF,IN,AGL,CE,Combined TRACON& Tower with Radar,0,0,16,1,17,0,0,66,1,67,0,0,82,2,84,174,0,174,258
02/03/2021,HUF,IN,AGL,CE,Combined TRACON& Tower with Radar,0,4,63,1,68,0,11,153,1,165,0,15,216,2,233,142,0,142,375
02/04/2021,HUF,IN,AGL,CE,Combined TRACON& Tower with Radar,0,0,15,0,15,0,2,15,0,17,0,2,30,0,32,10,0,10,42
02/05/2021,HUF,IN,AGL,CE,Combined TRACON& Tower with Radar,0,2,15,10,27,0,0,50,0,50,0,2,65,10,77,59,8,67,144
02/06/2021,HUF,IN,AGL,CE,Combined TRACON& Tower with Radar,0,1,11,0,12,0,6,73,0,79,0,7,84,0,91,142,0,142,233
02/07/2021,HUF,IN,AGL,CE,Combined TRACON& Tower with Radar,0,2,9,0,11,0,5,7,0,12,0,7,16,0,23,2,0,2,25
02/08/2021,HUF,IN,AGL,CE,Combined TRACON& Tower with Radar,0,0,6,0,6,0,0,16,0,16,0,0,22,0,22,36,0,36,58
02/09/2021,HUF,IN,AGL,CE,Combined TRACON& Tower with Radar,0,0,13,0,13,0,0,16,0,16,0,0,29,0,29,62,0,62,91
02/10/2021,HUF,IN,AGL,CE,Combined TRACON& Tower with Radar,0,1,16,0,17,0,0,6,0,6,0,1,22,0,23,0,0,0,23
02/11/2021,HUF,IN,AGL,CE,Combined TRACON& Tower with Radar,0,2,24,1,27,0,6,90,1,97,0,8,114,2,124,32,14,46,170
02/12/2021,HUF,IN,AGL,CE,Combined TRACON& Tower with Radar,0,2,26,0,28,0,6,90,0,96,0,8,116,0,124,186,0,186,310
02/13/2021,HUF,IN,AGL,CE,Combined TRACON& Tower with Radar,0,0,0,0,0,0,0,4,0,4,0,0,4,0,4,56,0,56,60
02/14/2021,HUF,IN,AGL,CE,Combined TRACON& Tower with Radar,0,0,4,0,4,0,0,3,0,3,0,0,7,0,7,8,0,8,15
02/15/2021,HUF,IN,AGL,CE,Combined TRACON& Tower with Radar,0,0,0,0,0,0,0,0,0,0,0,0,0,0,0,0,0,0,0
02/16/2021,HUF,IN,AGL,CE,Combined TRACON& Tower with Radar,0,2,3,0,5,0,0,1,0,1,0,2,4,0,6,0,0,0,6
02/17/2021,HUF,IN,AGL,CE,Combined TRACON& Tower with Radar,0,11,0,0,11,0,5,11,0,16,0,16,11,0,27,70,0,70,97
02/18/2021,HUF,IN,AGL,CE,Combined TRACON& Tower with Radar,0,2,15,0,17,0,2,30,0,32,0,4,45,0,49,104,0,104,153
02/19/2021,HUF,IN,AGL,CE,Combined TRACON& Tower with Radar,0,8,28,0,36,0,10,85,0,95,0,18,113,0,131,270,0,270,401
02/20/2021,HUF,IN,AGL,CE,Combined TRACON& Tower with Radar,0,2,25,4,31,0,10,89,0,99,0,12,114,4,130,134,0,134,264
02/21/2021,HUF,IN,AGL,CE,Combined TRACON& Tower with Radar,0,2,4,4,10,0,2,20,0,22,0,4,24,4,32,18,0,18,50
02/22/2021,HUF,IN,AGL,CE,Combined TRACON& Tower with Radar,0,2,10,0,12,0,3,22,0,25,0,5,32,0,37,120,0,120,157
02/23/2021,HUF,IN,AGL,CE,Combined TRACON& Tower with Radar,0,8,29,2,39,0,4,144,0,148,0,12,173,2,187,216,0,216,403
02/24/2021,HUF,IN,AGL,CE,Combined TRACON& Tower with Radar,0,1,26,0,27,0,3,92,0,95,0,4,118,0,122,112,0,112,234
02/25/2021,HUF,IN,AGL,CE,Combined TRACON& Tower with Radar,0,4,36,0,40,0,5,100,0,105,0,9,136,0,145,114,0,114,259
02/26/2021,HUF,IN,AGL,CE,Combined TRACON& Tower with Radar,0,1,37,2,40,0,3,102,4,109,0,4,139,6,149,144,8,152,301
02/27/2021,HUF,IN,AGL,CE,Combined TRACON& Tower with Radar,0,1,16,0,17,0,0,69,0,69,0,1,85,0,86,186,0,186,272
02/28/2021,HUF,IN,AGL,CE,Combined TRACON& Tower with Radar,0,0,13,0,13,0,0,1,0,1,0,0,14,0,14,0,0,0,14
03/01/2021,HUF,IN,AGL,CE,Combined TRACON& Tower with Radar,0,5,38,2,45,0,6,95,0,101,0,11,133,2,146,204,0,204,350
03/02/2021,HUF,IN,AGL,CE,Combined TRACON& Tower with Radar,0,2,47,2,51,0,5,148,0,153,0,7,195,2,204,169,0,169,373
03/03/2021,HUF,IN,AGL,CE,Combined TRACON& Tower with Radar,0,5,27,5,37,0,13,121,2,136,0,18,148,7,173,186,0,186,359
03/04/2021,HUF,IN,AGL,CE,Combined TRACON& Tower with Radar,0,5,35,6,46,0,4,94,0,98,0,9,129,6,144,78,0,78,222
03/05/2021,HUF,IN,AGL,CE,Combined TRACON& Tower with Radar,0,2,30,0,32,0,7,82,0,89,0,9,112,0,121,238,0,238,359
03/06/2021,HUF,IN,AGL,CE,Combined TRACON& Tower with Radar,0,2,19,0,21,0,14,89,0,103,0,16,108,0,124,218,0,218,342
03/07/2021,HUF,IN,AGL,CE,Combined TRACON& Tower with Radar,0,2,14,0,16,0,2,50,0,52,0,4,64,0,68,115,0,115,183
03/08/2021,HUF,IN,AGL,CE,Combined TRACON& Tower with Radar,0,2,37,2,41,0,12,94,0,106,0,14,131,2,147,223,0,223,370
03/09/2021,HUF,IN,AGL,CE,Combined TRACON& Tower with Radar,0,3,38,0,41,0,6,103,2,111,0,9,141,2,152,172,0,172,324
03/10/2021,HUF,IN,AGL,CE,Combined TRACON& Tower with Radar,0,0,12,1,13,0,3,2,0,5,0,3,14,1,18,0,0,0,18
03/11/2021,HUF,IN,AGL,CE,Combined TRACON& Tower with Radar,0,1,8,0,9,0,0,0,0,0,0,1,8,0,9,0,0,0,9
03/12/2021,HUF,IN,AGL,CE,Combined TRACON& Tower with Radar,0,2,26,0,28,0,9,75,0,84,0,11,101,0,112,242,0,242,354
03/13/2021,HUF,IN,AGL,CE,Combined TRACON& Tower with Radar,0,1,10,0,11,0,3,52,0,55,0,4,62,0,66,28,0,28,94
03/14/2021,HUF,IN,AGL,CE,Combined TRACON& Tower with Radar,0,2,19,0,21,0,1,23,0,24,0,3,42,0,45,86,0,86,131
03/15/2021,HUF,IN,AGL,CE,Combined TRACON& Tower with Radar,0,0,4,0,4,0,2,1,0,3,0,2,5,0,7,0,0,0,7
03/16/2021,HUF,IN,AGL,CE,Combined TRACON& Tower with Radar,0,2,18,0,20,0,0,0,0,0,0,2,18,0,20,18,0,18,38
03/17/2021,HUF,IN,AGL,CE,Combined TRACON& Tower with Radar,0,2,6,0,8,0,0,18,0,18,0,2,24,0,26,76,0,76,102
03/18/2021,HUF,IN,AGL,CE,Combined TRACON& Tower with Radar,0,1,2,0,3,0,0,0,0,0,0,1,2,0,3,18,0,18,21
03/19/2021,HUF,IN,AGL,CE,Combined TRACON& Tower with Radar,0,8,33,2,43,0,10,84,0,94,0,18,117,2,137,122,0,122,259
03/20/2021,HUF,IN,AGL,CE,Combined TRACON& Tower with Radar,0,5,27,0,32,0,11,138,0,149,0,16,165,0,181,254,0,254,435
03/21/2021,HUF,IN,AGL,CE,Combined TRACON& Tower with Radar,0,1,12,0,13,0,7,77,0,84,0,8,89,0,97,165,0,165,262
03/22/2021,HUF,IN,AGL,CE,Combined TRACON& Tower with Radar,0,0,34,0,34,0,7,102,2,111,0,7,136,2,145,117,0,117,262
03/23/2021,HUF,IN,AGL,CE,Combined TRACON& Tower with Radar,0,2,17,2,21,0,6,36,0,42,0,8,53,2,63,42,0,42,105
03/24/2021,HUF,IN,AGL,CE,Combined TRACON& Tower with Radar,0,3,15,0,18,0,5,34,0,39,0,8,49,0,57,96,0,96,153
03/25/2021,HUF,IN,AGL,CE,Combined TRACON& Tower with Radar,0,3,32,0,35,0,2,39,0,41,0,5,71,0,76,43,0,43,119
03/26/2021,HUF,IN,AGL,CE,Combined TRACON& Tower with Radar,0,5,53,0,58,0,2,6,0,8,0,7,59,0,66,58,0,58,124
03/27/2021,HUF,IN,AGL,CE,Combined TRACON& Tower with Radar,0,0,35,0,35,0,8,79,0,87,0,8,114,0,122,70,0,70,192
03/28/2021,HUF,IN,AGL,CE,Combined TRACON& Tower with Radar,0,1,7,0,8,0,3,8,0,11,0,4,15,0,19,20,0,20,39
03/29/2021,HUF,IN,AGL,CE,Combined TRACON& Tower with Radar,0,2,38,0,40,0,9,101,0,110,0,11,139,0,150,168,0,168,318
03/30/2021,HUF,IN,AGL,CE,Combined TRACON& Tower with Radar,0,2,12,0,14,0,6,15,0,21,0,8,27,0,35,14,0,14,49
03/31/2021,HUF,IN,AGL,CE,Combined TRACON& Tower with Radar,0,2,23,0,25,0,3,60,0,63,0,5,83,0,88,95,0,95,183
04/01/2021,HUF,IN,AGL,CE,Combined TRACON& Tower with Radar,0,1,35,0,36,0,4,75,0,79,0,5,110,0,115,148,0,148,263
04/02/2021,HUF,IN,AGL,CE,Combined TRACON& Tower with Radar,0,3,20,0,23,0,6,115,0,121,0,9,135,0,144,279,0,279,423
04/03/2021,HUF,IN,AGL,CE,Combined TRACON& Tower with Radar,0,1,10,0,11,0,0,55,0,55,0,1,65,0,66,91,0,91,157
04/04/2021,HUF,IN,AGL,CE,Combined TRACON& Tower with Radar,0,1,1,0,2,0,5,14,0,19,0,6,15,0,21,36,0,36,57
04/05/2021,HUF,IN,AGL,CE,Combined TRACON& Tower with Radar,0,4,28,2,34,0,4,70,0,74,0,8,98,2,108,114,0,114,222
04/06/2021,HUF,IN,AGL,CE,Combined TRACON& Tower with Radar,0,3,41,0,44,0,2,108,0,110,0,5,149,0,154,140,0,140,294
04/07/2021,HUF,IN,AGL,CE,Combined TRACON& Tower with Radar,0,2,25,0,27,0,3,88,0,91,0,5,113,0,118,44,0,44,162
04/08/2021,HUF,IN,AGL,CE,Combined TRACON& Tower with Radar,0,4,46,0,50,0,0,6,0,6,0,4,52,0,56,86,0,86,142
04/09/2021,HUF,IN,AGL,CE,Combined TRACON& Tower with Radar,0,2,21,0,23,0,2,45,0,47,0,4,66,0,70,40,0,40,110
04/10/2021,HUF,IN,AGL,CE,Combined TRACON& Tower with Radar,0,2,21,0,23,0,4,6,0,10,0,6,27,0,33,18,0,18,51
04/11/2021,HUF,IN,AGL,CE,Combined TRACON& Tower with Radar,0,0,16,0,16,0,1,1,0,2,0,1,17,0,18,0,0,0,18
04/12/2021,HUF,IN,AGL,CE,Combined TRACON& Tower with Radar,0,5,23,0,28,0,2,82,0,84,0,7,105,0,112,112,0,112,224
04/13/2021,HUF,IN,AGL,CE,Combined TRACON& Tower with Radar,0,1,32,0,33,0,6,172,0,178,0,7,204,0,211,260,0,260,471
04/14/2021,HUF,IN,AGL,CE,Combined TRACON& Tower with Radar,0,0,37,0,37,0,3,114,0,117,0,3,151,0,154,112,0,112,266
04/15/2021,HUF,IN,AGL,CE,Combined TRACON& Tower with Radar,0,3,36,2,41,0,6,105,0,111,0,9,141,2,152,232,0,232,384
04/16/2021,HUF,IN,AGL,CE,Combined TRACON& Tower with Radar,0,5,27,0,32,0,3,118,0,121,0,8,145,0,153,269,0,269,422
04/17/2021,HUF,IN,AGL,CE,Combined TRACON& Tower with Radar,0,0,17,0,17,0,2,57,0,59,0,2,74,0,76,72,0,72,148
04/18/2021,HUF,IN,AGL,CE,Combined TRACON& Tower with Radar,0,1,9,0,10,0,6,57,0,63,0,7,66,0,73,80,0,80,153
04/19/2021,HUF,IN,AGL,CE,Combined TRACON& Tower with Radar,0,0,30,0,30,0,2,75,0,77,0,2,105,0,107,100,0,100,207
04/20/2021,HUF,IN,AGL,CE,Combined TRACON& Tower with Radar,0,2,25,0,27,0,0,17,2,19,0,2,42,2,46,94,0,94,140
04/21/2021,HUF,IN,AGL,CE,Combined TRACON& Tower with Radar,0,8,41,0,49,0,5,25,0,30,0,13,66,0,79,93,0,93,172
04/22/2021,HUF,IN,AGL,CE,Combined TRACON& Tower with Radar,0,4,37,2,43,0,2,105,2,109,0,6,142,4,152,212,0,212,364
04/23/2021,HUF,IN,AGL,CE,Combined TRACON& Tower with Radar,0,2,23,0,25,0,3,101,2,106,0,5,124,2,131,130,0,130,261
04/24/2021,HUF,IN,AGL,CE,Combined TRACON& Tower with Radar,0,0,13,0,13,0,1,11,0,12,0,1,24,0,25,131,0,131,156
04/25/2021,HUF,IN,AGL,CE,Combined TRACON& Tower with Radar,0,4,10,0,14,0,9,57,0,66,0,13,67,0,80,130,0,130,210
04/26/2021,HUF,IN,AGL,CE,Combined TRACON& Tower with Radar,0,4,30,0,34,0,10,63,0,73,0,14,93,0,107,94,0,94,201
04/27/2021,HUF,IN,AGL,CE,Combined TRACON& Tower with Radar,0,2,20,0,22,0,10,36,0,46,0,12,56,0,68,82,0,82,150
04/28/2021,HUF,IN,AGL,CE,Combined TRACON& Tower with Radar,0,2,37,3,42,0,2,15,9,26,0,4,52,12,68,62,4,66,134
04/29/2021,HUF,IN,AGL,CE,Combined TRACON& Tower with Radar,0,6,34,0,40,0,2,15,0,17,0,8,49,0,57,115,0,115,172
04/30/2021,HUF,IN,AGL,CE,Combined TRACON& Tower with Radar,0,6,17,2,25,0,4,77,0,81,0,10,94,2,106,160,0,160,266
05/01/2021,HUF,IN,AGL,CE,Combined TRACON& Tower with Radar,0,0,18,6,24,0,3,83,0,86,0,3,101,6,110,92,0,92,202
05/02/2021,HUF,IN,AGL,CE,Combined TRACON& Tower with Radar,0,6,5,0,11,0,4,19,0,23,0,10,24,0,34,88,0,88,122
05/03/2021,HUF,IN,AGL,CE,Combined TRACON& Tower with Radar,0,8,18,0,26,0,0,10,0,10,0,8,28,0,36,134,0,134,170
05/04/2021,HUF,IN,AGL,CE,Combined TRACON& Tower with Radar,0,4,49,0,53,0,2,0,0,2,0,6,49,0,55,0,0,0,55
05/05/2021,HUF,IN,AGL,CE,Combined TRACON& Tower with Radar,0,4,46,0,50,0,2,139,0,141,0,6,185,0,191,229,0,229,420
05/06/2021,HUF,IN,AGL,CE,Combined TRACON& Tower with Radar,0,6,16,0,22,0,3,43,0,46,0,9,59,0,68,116,0,116,184
05/07/2021,HUF,IN,AGL,CE,Combined TRACON& Tower with Radar,0,4,25,0,29,0,7,88,0,95,0,11,113,0,124,174,0,174,298
05/08/2021,HUF,IN,AGL,CE,Combined TRACON& Tower with Radar,0,0,12,0,12,0,3,83,0,86,0,3,95,0,98,114,0,114,212
05/09/2021,HUF,IN,AGL,CE,Combined TRACON& Tower with Radar,0,0,4,0,4,0,0,0,0,0,0,0,4,0,4,0,0,0,4
05/10/2021,HUF,IN,AGL,CE,Combined TRACON& Tower with Radar,0,1,42,2,45,0,4,95,0,99,0,5,137,2,144,159,0,159,303
05/11/2021,HUF,IN,AGL,CE,Combined TRACON& Tower with Radar,0,2,26,4,32,0,10,93,0,103,0,12,119,4,135,125,0,125,260
05/12/2021,HUF,IN,AGL,CE,Combined TRACON& Tower with Radar,0,10,29,2,41,0,6,115,2,123,0,16,144,4,164,271,0,271,435
05/13/2021,HUF,IN,AGL,CE,Combined TRACON& Tower with Radar,0,1,15,2,18,0,7,61,0,68,0,8,76,2,86,179,0,179,265
05/14/2021,HUF,IN,AGL,CE,Combined TRACON& Tower with Radar,0,3,24,8,35,0,8,81,0,89,0,11,105,8,124,132,12,144,268
05/15/2021,HUF,IN,AGL,CE,Combined TRACON& Tower with Radar,0,2,15,1,18,0,0,48,2,50,0,2,63,3,68,148,0,148,216
05/16/2021,HUF,IN,AGL,CE,Combined TRACON& Tower with Radar,0,0,11,0,11,0,1,27,0,28,0,1,38,0,39,57,0,57,96
05/17/2021,HUF,IN,AGL,CE,Combined TRACON& Tower with Radar,0,3,15,0,18,0,1,4,0,5,0,4,19,0,23,45,0,45,68
05/18/2021,HUF,IN,AGL,CE,Combined TRACON& Tower with Radar,0,1,21,2,24,0,2,56,0,58,0,3,77,2,82,207,0,207,289
05/19/2021,HUF,IN,AGL,CE,Combined TRACON& Tower with Radar,0,2,36,0,38,0,1,71,0,72,0,3,107,0,110,200,0,200,310
05/20/2021,HUF,IN,AGL,CE,Combined TRACON& Tower with Radar,0,4,37,0,41,0,6,83,1,90,0,10,120,1,131,219,0,219,350
05/21/2021,HUF,IN,AGL,CE,Combined TRACON& Tower with Radar,0,1,41,2,44,0,5,125,0,130,0,6,166,2,174,283,0,283,457
05/22/2021,HUF,IN,AGL,CE,Combined TRACON& Tower with Radar,0,2,24,0,26,0,0,64,0,64,0,2,88,0,90,184,0,184,274
05/23/2021,HUF,IN,AGL,CE,Combined TRACON& Tower with Radar,0,7,15,4,26,0,8,47,0,55,0,15,62,4,81,70,0,70,151
05/24/2021,HUF,IN,AGL,CE,Combined TRACON& Tower with Radar,0,7,44,0,51,0,6,133,0,139,0,13,177,0,190,182,0,182,372
05/25/2021,HUF,IN,AGL,CE,Combined TRACON& Tower with Radar,0,5,24,0,29,0,8,139,0,147,0,13,163,0,176,248,0,248,424
05/26/2021,HUF,IN,AGL,CE,Combined TRACON& Tower with Radar,0,5,38,0,43,0,5,28,0,33,0,10,66,0,76,137,0,137,213
05/27/2021,HUF,IN,AGL,CE,Combined TRACON& Tower with Radar,0,3,18,2,23,0,6,61,0,67,0,9,79,2,90,259,0,259,349
05/28/2021,HUF,IN,AGL,CE,Combined TRACON& Tower with Radar,0,10,16,0,26,0,0,0,0,0,0,10,16,0,26,0,0,0,26
05/29/2021,HUF,IN,AGL,CE,Combined TRACON& Tower with Radar,0,0,6,1,7,0,2,23,4,29,0,2,29,5,36,2,0,2,38
05/30/2021,HUF,IN,AGL,CE,Combined TRACON& Tower with Radar,0,0,17,0,17,0,5,89,0,94,0,5,106,0,111,76,0,76,187
05/31/2021,HUF,IN,AGL,CE,Combined TRACON& Tower with Radar,0,0,4,0,4,0,2,31,0,33,0,2,35,0,37,28,0,28,65
06/01/2021,HUF,IN,AGL,CE,Combined TRACON& Tower with Radar,0,1,16,0,17,0,1,109,0,110,0,2,125,0,127,266,0,266,393
06/02/2021,HUF,IN,AGL,CE,Combined TRACON& Tower with Radar,0,6,22,0,28,0,0,0,0,0,0,6,22,0,28,0,0,0,28
06/03/2021,HUF,IN,AGL,CE,Combined TRACON& Tower with Radar,0,3,28,0,31,0,8,72,0,80,0,11,100,0,111,189,0,189,300
06/04/2021,HUF,IN,AGL,CE,Combined TRACON& Tower with Radar,0,8,43,2,53,0,12,171,0,183,0,20,214,2,236,306,0,306,542
06/05/2021,HUF,IN,AGL,CE,Combined TRACON& Tower with Radar,0,0,27,2,29,0,10,96,2,108,0,10,123,4,137,205,0,205,342
06/06/2021,HUF,IN,AGL,CE,Combined TRACON& Tower with Radar,0,2,32,0,34,0,0,27,0,27,0,2,59,0,61,63,0,63,124
06/07/2021,HUF,IN,AGL,CE,Combined TRACON& Tower with Radar,0,2,44,0,46,0,1,33,0,34,0,3,77,0,80,143,0,143,223
06/08/2021,HUF,IN,AGL,CE,Combined TRACON& Tower with Radar,0,3,26,0,29,0,0,19,0,19,0,3,45,0,48,184,0,184,232
06/09/2021,HUF,IN,AGL,CE,Combined TRACON& Tower with Radar,0,2,33,0,35,0,0,13,0,13,0,2,46,0,48,128,0,128,176
06/10/2021,HUF,IN,AGL,CE,Combined TRACON& Tower with Radar,0,0,15,1,16,0,5,9,1,15,0,5,24,2,31,156,0,156,187
06/11/2021,HUF,IN,AGL,CE,Combined TRACON& Tower with Radar,0,2,12,0,14,0,0,51,0,51,0,2,63,0,65,194,0,194,259
06/12/2021,HUF,IN,AGL,CE,Combined TRACON& Tower with Radar,0,0,12,0,12,0,4,61,0,65,0,4,73,0,77,120,0,120,197
06/13/2021,HUF,IN,AGL,CE,Combined TRACON& Tower with Radar,0,2,11,0,13,0,2,52,0,54,0,4,63,0,67,138,0,138,205
06/14/2021,HUF,IN,AGL,CE,Combined TRACON& Tower with Radar,0,3,50,0,53,0,5,124,0,129,0,8,174,0,182,134,0,134,316
06/15/2021,HUF,IN,AGL,CE,Combined TRACON& Tower with Radar,0,7,27,2,36,0,6,186,0,192,0,13,213,2,228,162,0,162,390
06/16/2021,HUF,IN,AGL,CE,Combined TRACON& Tower with Radar,0,6,39,0,45,0,8,146,0,154,0,14,185,0,199,348,0,348,547
06/17/2021,HUF,IN,AGL,CE,Combined TRACON& Tower with Radar,0,4,31,0,35,0,9,104,0,113,0,13,135,0,148,226,0,226,374
06/18/2021,HUF,IN,AGL,CE,Combined TRACON& Tower with Radar,0,3,11,0,14,0,5,23,0,28,0,8,34,0,42,116,0,116,158
06/19/2021,HUF,IN,AGL,CE,Combined TRACON& Tower with Radar,0,3,3,0,6,0,0,18,0,18,0,3,21,0,24,10,0,10,34
06/20/2021,HUF,IN,AGL,CE,Combined TRACON& Tower with Radar,0,0,4,4,8,0,4,24,0,28,0,4,28,4,36,186,0,186,222
06/21/2021,HUF,IN,AGL,CE,Combined TRACON& Tower with Radar,0,0,57,6,63,0,3,46,0,49,0,3,103,6,112,107,0,107,219
06/22/2021,HUF,IN,AGL,CE,Combined TRACON& Tower with Radar,0,4,43,10,57,0,6,165,0,171,0,10,208,10,228,233,0,233,461
06/23/2021,HUF,IN,AGL,CE,Combined TRACON& Tower with Radar,0,9,26,0,35,0,12,106,0,118,0,21,132,0,153,198,0,198,351
06/24/2021,HUF,IN,AGL,CE,Combined TRACON& Tower with Radar,0,5,32,5,42,0,3,90,0,93,0,8,122,5,135,180,0,180,315
06/25/2021,HUF,IN,AGL,CE,Combined TRACON& Tower with Radar,0,4,10,0,14,0,1,7,0,8,0,5,17,0,22,28,0,28,50
06/26/2021,HUF,IN,AGL,CE,Combined TRACON& Tower with Radar,0,5,5,0,10,0,2,9,0,11,0,7,14,0,21,0,0,0,21
06/27/2021,HUF,IN,AGL,CE,Combined TRACON& Tower with Radar,0,2,10,0,12,0,4,7,0,11,0,6,17,0,23,0,0,0,23
06/28/2021,HUF,IN,AGL,CE,Combined TRACON& Tower with Radar,0,2,17,1,20,0,2,75,0,77,0,4,92,1,97,161,0,161,258
06/29/2021,HUF,IN,AGL,CE,Combined TRACON& Tower with Radar,0,0,18,1,19,0,3,63,2,68,0,3,81,3,87,175,0,175,262
06/30/2021,HUF,IN,AGL,CE,Combined TRACON& Tower with Radar,0,4,3,1,8,0,2,11,0,13,0,6,14,1,21,70,0,70,91
07/01/2021,HUF,IN,AGL,CE,Combined TRACON& Tower with Radar,0,9,67,0,76,0,0,51,0,51,0,9,118,0,127,218,0,218,345
07/02/2021,HUF,IN,AGL,CE,Combined TRACON& Tower with Radar,0,4,65,0,69,0,4,109,2,115,0,8,174,2,184,272,0,272,456
07/03/2021,HUF,IN,AGL,CE,Combined TRACON& Tower with Radar,0,0,13,0,13,0,0,42,0,42,0,0,55,0,55,53,0,53,108
07/04/2021,HUF,IN,AGL,CE,Combined TRACON& Tower with Radar,0,0,4,0,4,0,0,7,0,7,0,0,11,0,11,6,0,6,17
07/05/2021,HUF,IN,AGL,CE,Combined TRACON& Tower with Radar,0,0,10,0,10,0,6,30,0,36,0,6,40,0,46,75,0,75,121
07/06/2021,HUF,IN,AGL,CE,Combined TRACON& Tower with Radar,0,1,39,2,42,0,2,87,0,89,0,3,126,2,131,265,0,265,396
07/07/2021,HUF,IN,AGL,CE,Combined TRACON& Tower with Radar,0,2,57,0,59,0,4,93,3,100,0,6,150,3,159,170,0,170,329
07/08/2021,HUF,IN,AGL,CE,Combined TRACON& Tower with Radar,0,11,58,8,77,0,0,13,0,13,0,11,71,8,90,79,0,79,169
07/09/2021,HUF,IN,AGL,CE,Combined TRACON& Tower with Radar,0,4,57,2,63,0,3,63,2,68,0,7,120,4,131,190,0,190,321
07/10/2021,HUF,IN,AGL,CE,Combined TRACON& Tower with Radar,0,2,20,0,22,0,0,15,0,15,0,2,35,0,37,12,0,12,49
07/11/2021,HUF,IN,AGL,CE,Combined TRACON& Tower with Radar,0,6,6,0,12,0,0,0,0,0,0,6,6,0,12,2,0,2,14
07/12/2021,HUF,IN,AGL,CE,Combined TRACON& Tower with Radar,0,10,10,0,20,0,1,14,0,15,0,11,24,0,35,54,0,54,89
07/13/2021,HUF,IN,AGL,CE,Combined TRACON& Tower with Radar,0,13,51,2,66,0,4,28,2,34,0,17,79,4,100,166,0,166,266
07/14/2021,HUF,IN,AGL,CE,Combined TRACON& Tower with Radar,0,4,45,0,49,0,12,146,0,158,0,16,191,0,207,234,0,234,441
07/15/2021,HUF,IN,AGL,CE,Combined TRACON& Tower with Radar,0,5,18,0,23,0,3,72,0,75,0,8,90,0,98,132,0,132,230
07/16/2021,HUF,IN,AGL,CE,Combined TRACON& Tower with Radar,0,4,7,0,11,0,0,0,0,0,0,4,7,0,11,0,0,0,11
07/17/2021,HUF,IN,AGL,CE,Combined TRACON& Tower with Radar,0,4,27,0,31,0,6,37,0,43,0,10,64,0,74,98,0,98,172
07/18/2021,HUF,IN,AGL,CE,Combined TRACON& Tower with Radar,0,7,18,0,25,0,6,62,0,68,0,13,80,0,93,96,0,96,189
07/19/2021,HUF,IN,AGL,CE,Combined TRACON& Tower with Radar,0,1,39,0,40,0,8,131,0,139,0,9,170,0,179,110,0,110,289
07/20/2021,HUF,IN,AGL,CE,Combined TRACON& Tower with Radar,0,2,40,6,48,0,4,125,0,129,0,6,165,6,177,195,0,195,372
07/21/2021,HUF,IN,AGL,CE,Combined TRACON& Tower with Radar,0,7,39,0,46,0,5,83,0,88,0,12,122,0,134,247,0,247,381
07/22/2021,HUF,IN,AGL,CE,Combined TRACON& Tower with Radar,0,1,49,0,50,0,1,72,0,73,0,2,121,0,123,347,0,347,470
07/23/2021,HUF,IN,AGL,CE,Combined TRACON& Tower with Radar,0,5,47,2,54,0,1,88,0,89,0,6,135,2,143,115,0,115,258
07/24/2021,HUF,IN,AGL,CE,Combined TRACON& Tower with Radar,0,1,16,0,17,0,3,35,0,38,0,4,51,0,55,86,0,86,141
07/25/2021,HUF,IN,AGL,CE,Combined TRACON& Tower with Radar,0,1,13,0,14,0,5,20,0,25,0,6,33,0,39,10,0,10,49
07/26/2021,HUF,IN,AGL,CE,Combined TRACON& Tower with Radar,0,0,22,0,22,0,2,93,0,95,0,2,115,0,117,45,0,45,162
07/27/2021,HUF,IN,AGL,CE,Combined TRACON& Tower with Radar,0,4,22,5,31,0,1,86,0,87,0,5,108,5,118,180,0,180,298
07/28/2021,HUF,IN,AGL,CE,Combined TRACON& Tower with Radar,0,2,27,0,29,0,9,73,0,82,0,11,100,0,111,154,0,154,265
07/29/2021,HUF,IN,AGL,CE,Combined TRACON& Tower with Radar,0,0,17,2,19,0,2,36,0,38,0,2,53,2,57,82,0,82,139
07/30/2021,HUF,IN,AGL,CE,Combined TRACON& Tower with Radar,0,1,31,7,39,0,10,99,0,109,0,11,130,7,148,174,0,174,322
07/31/2021,HUF,IN,AGL,CE,Combined TRACON& Tower with Radar,0,4,13,0,17,0,2,35,0,37,0,6,48,0,54,80,0,80,134
08/01/2021,HUF,IN,AGL,CE,Combined TRACON& Tower with Radar,0,1,26,0,27,0,3,20,0,23,0,4,46,0,50,16,0,16,66
08/02/2021,HUF,IN,AGL,CE,Combined TRACON& Tower with Radar,0,1,26,0,27,0,4,109,7,120,0,5,135,7,147,141,0,141,288
08/03/2021,HUF,IN,AGL,CE,Combined TRACON& Tower with Radar,0,7,16,1,24,0,1,100,1,102,0,8,116,2,126,142,0,142,268
08/04/2021,HUF,IN,AGL,CE,Combined TRACON& Tower with Radar,0,0,42,0,42,0,4,130,0,134,0,4,172,0,176,194,0,194,370
08/05/2021,HUF,IN,AGL,CE,Combined TRACON& Tower with Radar,0,2,26,4,32,0,4,83,0,87,0,6,109,4,119,234,0,234,353
08/06/2021,HUF,IN,AGL,CE,Combined TRACON& Tower with Radar,0,3,32,0,35,0,4,89,0,93,0,7,121,0,128,133,0,133,261
08/07/2021,HUF,IN,AGL,CE,Combined TRACON& Tower with Radar,0,0,12,0,12,0,5,36,0,41,0,5,48,0,53,74,0,74,127
08/08/2021,HUF,IN,AGL,CE,Combined TRACON& Tower with Radar,0,2,5,0,7,0,0,26,0,26,0,2,31,0,33,14,0,14,47
08/09/2021,HUF,IN,AGL,CE,Combined TRACON& Tower with Radar,0,0,12,0,12,0,0,14,1,15,0,0,26,1,27,8,0,8,35
08/10/2021,HUF,IN,AGL,CE,Combined TRACON& Tower with Radar,0,4,13,4,21,0,1,30,1,32,0,5,43,5,53,112,0,112,165
08/11/2021,HUF,IN,AGL,CE,Combined TRACON& Tower with Radar,0,5,16,5,26,0,2,70,0,72,0,7,86,5,98,52,2,54,152
08/12/2021,HUF,IN,AGL,CE,Combined TRACON& Tower with Radar,0,1,20,0,21,0,5,57,0,62,0,6,77,0,83,90,0,90,173
08/13/2021,HUF,IN,AGL,CE,Combined TRACON& Tower with Radar,2,1,24,8,35,0,4,70,2,76,2,5,94,10,111,128,12,140,251
08/14/2021,HUF,IN,AGL,CE,Combined TRACON& Tower with Radar,0,6,6,0,12,0,3,46,2,51,0,9,52,2,63,43,0,43,106
08/15/2021,HUF,IN,AGL,CE,Combined TRACON& Tower with Radar,2,3,16,0,21,0,4,32,0,36,2,7,48,0,57,29,0,29,86
08/16/2021,HUF,IN,AGL,CE,Combined TRACON& Tower with Radar,5,0,7,9,21,0,0,33,5,38,5,0,40,14,59,83,2,85,144
08/17/2021,HUF,IN,AGL,CE,Combined TRACON& Tower with Radar,1,5,10,17,33,0,1,15,26,42,1,6,25,43,75,20,0,20,95
08/18/2021,HUF,IN,AGL,CE,Combined TRACON& Tower with Radar,0,3,10,23,36,0,5,57,38,100,0,8,67,61,136,64,23,87,223
08/19/2021,HUF,IN,AGL,CE,Combined TRACON& Tower with Radar,0,1,16,40,57,0,3,41,19,63,0,4,57,59,120,39,12,51,171
08/20/2021,HUF,IN,AGL,CE,Combined TRACON& Tower with Radar,0,2,13,37,52,0,3,46,27,76,0,5,59,64,128,94,4,98,226
08/21/2021,HUF,IN,AGL,CE,Combined TRACON& Tower with Radar,0,0,12,0,12,0,4,35,0,39,0,4,47,0,51,64,0,64,115
08/22/2021,HUF,IN,AGL,CE,Combined TRACON& Tower with Radar,0,4,5,33,42,0,3,20,26,49,0,7,25,59,91,0,18,18,109
08/23/2021,HUF,IN,AGL,CE,Combined TRACON& Tower with Radar,0,0,7,44,51,0,2,47,22,71,0,2,54,66,122,50,18,68,190
08/24/2021,HUF,IN,AGL,CE,Combined TRACON& Tower with Radar,0,1,1,36,38,0,6,29,38,73,0,7,30,74,111,58,12,70,181
08/25/2021,HUF,IN,AGL,CE,Combined TRACON& Tower with Radar,3,0,18,12,33,0,1,36,2,39,3,1,54,14,72,28,0,28,100
08/26/2021,HUF,IN,AGL,CE,Combined TRACON& Tower with Radar,3,3,14,2,22,0,1,40,2,43,3,4,54,4,65,108,0,108,173
08/27/2021,HUF,IN,AGL,CE,Combined TRACON& Tower with Radar,2,0,17,19,38,0,1,99,1,101,2,1,116,20,139,123,8,131,270
08/28/2021,HUF,IN,AGL,CE,Combined TRACON& Tower with Radar,0,2,12,2,16,0,5,74,0,79,0,7,86,2,95,104,0,104,199
08/29/2021,HUF,IN,AGL,CE,Combined TRACON& Tower with Radar,0,1,14,0,15,0,2,48,1,51,0,3,62,1,66,50,0,50,116
08/30/2021,HUF,IN,AGL,CE,Combined TRACON& Tower with Radar,0,1,17,0,18,0,0,2,0,2,0,1,19,0,20,18,0,18,38
08/31/2021,HUF,IN,AGL,CE,Combined TRACON& Tower with Radar,0,4,34,0,38,0,0,38,0,38,0,4,72,0,76,0,0,0,76
09/01/2021,HUF,IN,AGL,CE,Combined TRACON& Tower with Radar,0,3,42,2,47,0,1,178,0,179,0,4,220,2,226,172,8,180,406
09/02/2021,HUF,IN,AGL,CE,Combined TRACON& Tower with Radar,0,2,22,2,26,0,5,157,5,167,0,7,179,7,193,152,0,152,345
09/03/2021,HUF,IN,AGL,CE,Combined TRACON& Tower with Radar,0,2,26,0,28,0,5,120,0,125,0,7,146,0,153,215,0,215,368
09/04/2021,HUF,IN,AGL,CE,Combined TRACON& Tower with Radar,0,0,6,0,6,0,0,7,0,7,0,0,13,0,13,20,0,20,33
09/05/2021,HUF,IN,AGL,CE,Combined TRACON& Tower with Radar,0,0,15,1,16,0,2,34,0,36,0,2,49,1,52,58,0,58,110
09/06/2021,HUF,IN,AGL,CE,Combined TRACON& Tower with Radar,0,0,10,0,10,0,2,54,0,56,0,2,64,0,66,65,0,65,131
09/07/2021,HUF,IN,AGL,CE,Combined TRACON& Tower with Radar,0,0,16,0,16,0,1,54,0,55,0,1,70,0,71,64,0,64,135
09/08/2021,HUF,IN,AGL,CE,Combined TRACON& Tower with Radar,0,0,23,4,27,0,6,119,5,130,0,6,142,9,157,184,0,184,341
09/09/2021,HUF,IN,AGL,CE,Combined TRACON& Tower with Radar,0,0,27,2,29,0,9,143,0,152,0,9,170,2,181,126,0,126,307
09/10/2021,HUF,IN,AGL,CE,Combined TRACON& Tower with Radar,0,2,25,3,30,0,6,110,1,117,0,8,135,4,147,182,8,190,337
09/11/2021,HUF,IN,AGL,CE,Combined TRACON& Tower with Radar,0,2,25,0,27,0,7,75,1,83,0,9,100,1,110,124,4,128,238
09/12/2021,HUF,IN,AGL,CE,Combined TRACON& Tower with Radar,0,1,5,0,6,0,3,30,0,33,0,4,35,0,39,48,0,48,87
09/13/2021,HUF,IN,AGL,CE,Combined TRACON& Tower with Radar,0,0,16,0,16,0,3,118,0,121,0,3,134,0,137,184,0,184,321
09/14/2021,HUF,IN,AGL,CE,Combined TRACON& Tower with Radar,0,4,20,4,28,0,1,79,0,80,0,5,99,4,108,79,0,79,187
09/15/2021,HUF,IN,AGL,CE,Combined TRACON& Tower with Radar,0,3,34,8,45,0,5,114,0,119,0,8,148,8,164,194,0,194,358
09/16/2021,HUF,IN,AGL,CE,Combined TRACON& Tower with Radar,0,11,34,2,47,0,6,112,0,118,0,17,146,2,165,223,0,223,388
09/17/2021,HUF,IN,AGL,CE,Combined TRACON& Tower with Radar,0,2,13,0,15,0,4,87,0,91,0,6,100,0,106,167,0,167,273
09/18/2021,HUF,IN,AGL,CE,Combined TRACON& Tower with Radar,0,6,12,0,18,0,4,66,0,70,0,10,78,0,88,116,0,116,204
09/19/2021,HUF,IN,AGL,CE,Combined TRACON& Tower with Radar,0,5,18,2,25,0,5,50,0,55,0,10,68,2,80,38,0,38,118
09/20/2021,HUF,IN,AGL,CE,Combined TRACON& Tower with Radar,0,4,19,2,25,0,3,15,0,18,0,7,34,2,43,60,0,60,103
09/21/2021,HUF,IN,AGL,CE,Combined TRACON& Tower with Radar,0,3,31,0,34,0,0,0,0,0,0,3,31,0,34,0,0,0,34
09/22/2021,HUF,IN,AGL,CE,Combined TRACON& Tower with Radar,0,5,28,0,33,0,0,4,0,4,0,5,32,0,37,14,0,14,51
09/23/2021,HUF,IN,AGL,CE,Combined TRACON& Tower with Radar,0,6,27,0,33,0,7,124,9,140,0,13,151,9,173,151,6,157,330
09/24/2021,HUF,IN,AGL,CE,Combined TRACON& Tower with Radar,1,7,27,0,35,0,4,19,0,23,1,11,46,0,58,0,0,0,58
09/25/2021,HUF,IN,AGL,CE,Combined TRACON& Tower with Radar,1,2,32,0,35,0,7,69,0,76,1,9,101,0,111,119,0,119,230
09/26/2021,HUF,IN,AGL,CE,Combined TRACON& Tower with Radar,0,6,11,11,28,0,3,50,0,53,0,9,61,11,81,46,6,52,133
09/27/2021,HUF,IN,AGL,CE,Combined TRACON& Tower with Radar,0,4,17,0,21,0,7,70,1,78,0,11,87,1,99,87,0,87,186
09/28/2021,HUF,IN,AGL,CE,Combined TRACON& Tower with Radar,0,8,23,0,31,0,2,106,0,108,0,10,129,0,139,137,0,137,276
09/29/2021,HUF,IN,AGL,CE,Combined TRACON& Tower with Radar,0,8,28,0,36,0,2,86,2,90,0,10,114,2,126,234,0,234,360
09/30/2021,HUF,IN,AGL,CE,Combined TRACON& Tower with Radar,0,6,25,2,33,0,4,92,0,96,0,10,117,2,129,328,0,328,457
10/01/2021,HUF,IN,AGL,CE,Combined TRACON& Tower with Radar,2,2,36,0,40,0,9,115,0,124,2,11,151,0,164,216,0,216,380
10/02/2021,HUF,IN,AGL,CE,Combined TRACON& Tower with Radar,2,1,16,0,19,0,0,3,0,3,2,1,19,0,22,18,0,18,40
10/03/2021,HUF,IN,AGL,CE,Combined TRACON& Tower with Radar,0,5,10,0,15,0,0,0,0,0,0,5,10,0,15,0,0,0,15
10/04/2021,HUF,IN,AGL,CE,Combined TRACON& Tower with Radar,0,0,25,1,26,0,1,23,1,25,0,1,48,2,51,76,0,76,127
10/05/2021,HUF,IN,AGL,CE,Combined TRACON& Tower with Radar,0,17,34,2,53,0,2,38,0,40,0,19,72,2,93,146,0,146,239
10/06/2021,HUF,IN,AGL,CE,Combined TRACON& Tower with Radar,0,15,35,1,51,0,3,28,0,31,0,18,63,1,82,184,0,184,266
10/07/2021,HUF,IN,AGL,CE,Combined TRACON& Tower with Radar,0,6,32,0,38,0,0,20,0,20,0,6,52,0,58,151,0,151,209
10/08/2021,HUF,IN,AGL,CE,Combined TRACON& Tower with Radar,0,4,31,0,35,0,9,42,0,51,0,13,73,0,86,147,0,147,233
10/09/2021,HUF,IN,AGL,CE,Combined TRACON& Tower with Radar,1,1,10,0,12,0,10,95,0,105,1,11,105,0,117,230,0,230,347
10/10/2021,HUF,IN,AGL,CE,Combined TRACON& Tower with Radar,0,0,15,0,15,0,9,38,0,47,0,9,53,0,62,384,0,384,446
10/11/2021,HUF,IN,AGL,CE,Combined TRACON& Tower with Radar,1,0,12,0,13,0,5,42,0,47,1,5,54,0,60,298,0,298,358
10/12/2021,HUF,IN,AGL,CE,Combined TRACON& Tower with Radar,0,10,38,0,48,0,7,87,0,94,0,17,125,0,142,303,0,303,445
10/13/2021,HUF,IN,AGL,CE,Combined TRACON& Tower with Radar,0,13,10,2,25,0,7,65,0,72,0,20,75,2,97,94,0,94,191
10/14/2021,HUF,IN,AGL,CE,Combined TRACON& Tower with Radar,0,8,17,0,25,0,0,32,0,32,0,8,49,0,57,126,0,126,183
10/15/2021,HUF,IN,AGL,CE,Combined TRACON& Tower with Radar,0,4,29,0,33,0,0,1,0,1,0,4,30,0,34,0,0,0,34
10/16/2021,HUF,IN,AGL,CE,Combined TRACON& Tower with Radar,0,4,9,0,13,0,11,60,0,71,0,15,69,0,84,74,0,74,158
10/17/2021,HUF,IN,AGL,CE,Combined TRACON& Tower with Radar,0,2,15,0,17,0,2,58,0,60,0,4,73,0,77,130,0,130,207
10/18/2021,HUF,IN,AGL,CE,Combined TRACON& Tower with Radar,0,4,20,0,24,0,9,120,0,129,0,13,140,0,153,249,0,249,402
10/19/2021,HUF,IN,AGL,CE,Combined TRACON& Tower with Radar,0,0,17,0,17,0,2,119,0,121,0,2,136,0,138,162,0,162,300
10/20/2021,HUF,IN,AGL,CE,Combined TRACON& Tower with Radar,0,3,19,4,26,0,4,85,0,89,0,7,104,4,115,126,10,136,251
10/21/2021,HUF,IN,AGL,CE,Combined TRACON& Tower with Radar,0,4,20,2,26,0,5,15,0,20,0,9,35,2,46,132,0,132,178
10/22/2021,HUF,IN,AGL,CE,Combined TRACON& Tower with Radar,0,0,21,0,21,0,0,1,0,1,0,0,22,0,22,0,0,0,22
10/23/2021,HUF,IN,AGL,CE,Combined TRACON& Tower with Radar,0,5,13,0,18,0,6,49,0,55,0,11,62,0,73,142,0,142,215
10/24/2021,HUF,IN,AGL,CE,Combined TRACON& Tower with Radar,0,1,5,0,6,0,0,0,0,0,0,1,5,0,6,10,0,10,16
10/25/2021,HUF,IN,AGL,CE,Combined TRACON& Tower with Radar,0,1,30,0,31,0,1,20,0,21,0,2,50,0,52,47,0,47,99
10/26/2021,HUF,IN,AGL,CE,Combined TRACON& Tower with Radar,0,0,31,0,31,0,3,133,2,138,0,3,164,2,169,205,0,205,374
10/27/2021,HUF,IN,AGL,CE,Combined TRACON& Tower with Radar,0,2,32,4,38,0,10,161,5,176,0,12,193,9,214,284,0,284,498
10/28/2021,HUF,IN,AGL,CE,Combined TRACON& Tower with Radar,0,0,45,0,45,0,0,2,0,2,0,0,47,0,47,20,0,20,67
10/29/2021,HUF,IN,AGL,CE,Combined TRACON& Tower with Radar,2,4,23,0,29,0,0,8,0,8,2,4,31,0,37,32,0,32,69
10/30/2021,HUF,IN,AGL,CE,Combined TRACON& Tower with Radar,2,2,24,0,28,0,0,0,0,0,2,2,24,0,28,10,0,10,38
10/31/2021,HUF,IN,AGL,CE,Combined TRACON& Tower with Radar,0,9,19,0,28,0,5,66,0,71,0,14,85,0,99,110,0,110,209
11/01/2021,HUF,IN,AGL,CE,Combined TRACON& Tower with Radar,0,1,23,0,24,0,4,111,0,115,0,5,134,0,139,158,0,158,297
11/02/2021,HUF,IN,AGL,CE,Combined TRACON& Tower with Radar,0,0,27,0,27,0,7,152,0,159,0,7,179,0,186,176,0,176,362
11/03/2021,HUF,IN,AGL,CE,Combined TRACON& Tower with Radar,0,1,20,0,21,0,5,144,0,149,0,6,164,0,170,206,0,206,376
11/04/2021,HUF,IN,AGL,CE,Combined TRACON& Tower with Radar,0,1,20,2,23,0,3,133,0,136,0,4,153,2,159,228,0,228,387
11/05/2021,HUF,IN,AGL,CE,Combined TRACON& Tower with Radar,0,1,20,0,21,0,8,114,0,122,0,9,134,0,143,254,0,254,397
11/06/2021,HUF,IN,AGL,CE,Combined TRACON& Tower with Radar,0,0,13,2,15,0,2,67,0,69,0,2,80,2,84,112,0,112,196
11/07/2021,HUF,IN,AGL,CE,Combined TRACON& Tower with Radar,0,3,20,0,23,0,4,69,0,73,0,7,89,0,96,96,0,96,192
11/08/2021,HUF,IN,AGL,CE,Combined TRACON& Tower with Radar,0,1,26,2,29,0,4,87,0,91,0,5,113,2,120,118,0,118,238
11/09/2021,HUF,IN,AGL,CE,Combined TRACON& Tower with Radar,0,2,22,1,25,0,5,106,1,112,0,7,128,2,137,216,0,216,353
11/10/2021,HUF,IN,AGL,CE,Combined TRACON& Tower with Radar,0,1,42,4,47,0,2,90,0,92,0,3,132,4,139,192,0,192,331
11/11/2021,HUF,IN,AGL,CE,Combined TRACON& Tower with Radar,0,0,17,0,17,0,0,20,0,20,0,0,37,0,37,114,0,114,151
11/12/2021,HUF,IN,AGL,CE,Combined TRACON& Tower with Radar,0,1,22,0,23,0,1,43,0,44,0,2,65,0,67,146,0,146,213
11/13/2021,HUF,IN,AGL,CE,Combined TRACON& Tower with Radar,0,0,7,0,7,0,0,5,2,7,0,0,12,2,14,66,0,66,80
11/14/2021,HUF,IN,AGL,CE,Combined TRACON& Tower with Radar,0,0,5,0,5,0,3,3,0,6,0,3,8,0,11,0,0,0,11
11/15/2021,HUF,IN,AGL,CE,Combined TRACON& Tower with Radar,0,2,14,3,19,0,1,79,1,81,0,3,93,4,100,124,0,124,224
11/16/2021,HUF,IN,AGL,CE,Combined TRACON& Tower with Radar,0,3,31,2,36,0,4,103,2,109,0,7,134,4,145,180,0,180,325
11/17/2021,HUF,IN,AGL,CE,Combined TRACON& Tower with Radar,0,6,16,0,22,0,0,4,0,4,0,6,20,0,26,38,0,38,64
11/18/2021,HUF,IN,AGL,CE,Combined TRACON& Tower with Radar,0,2,31,1,34,0,6,75,0,81,0,8,106,1,115,92,0,92,207
11/19/2021,HUF,IN,AGL,CE,Combined TRACON& Tower with Radar,0,3,40,1,44,0,10,112,0,122,0,13,152,1,166,150,0,150,316
11/20/2021,HUF,IN,AGL,CE,Combined TRACON& Tower with Radar,0,1,13,0,14,0,2,72,0,74,0,3,85,0,88,164,0,164,252
11/21/2021,HUF,IN,AGL,CE,Combined TRACON& Tower with Radar,0,0,5,0,5,0,0,5,0,5,0,0,10,0,10,0,0,0,10
11/22/2021,HUF,IN,AGL,CE,Combined TRACON& Tower with Radar,0,4,20,2,26,0,4,102,0,106,0,8,122,2,132,90,0,90,222
11/23/2021,HUF,IN,AGL,CE,Combined TRACON& Tower with Radar,0,3,19,1,23,0,3,83,3,89,0,6,102,4,112,132,0,132,244
11/24/2021,HUF,IN,AGL,CE,Combined TRACON& Tower with Radar,0,2,9,0,11,0,0,12,0,12,0,2,21,0,23,13,0,13,36
11/25/2021,HUF,IN,AGL,CE,Combined TRACON& Tower with Radar,0,0,0,0,0,0,0,0,0,0,0,0,0,0,0,0,0,0,0
11/26/2021,HUF,IN,AGL,CE,Combined TRACON& Tower with Radar,0,0,7,0,7,0,0,24,0,24,0,0,31,0,31,10,0,10,41
11/27/2021,HUF,IN,AGL,CE,Combined TRACON& Tower with Radar,0,0,10,0,10,0,0,35,0,35,0,0,45,0,45,26,0,26,71
11/28/2021,HUF,IN,AGL,CE,Combined TRACON& Tower with Radar,0,0,12,0,12,0,3,21,0,24,0,3,33,0,36,12,0,12,48
11/29/2021,HUF,IN,AGL,CE,Combined TRACON& Tower with Radar,0,0,23,0,23,0,2,98,0,100,0,2,121,0,123,162,0,162,285
11/30/2021,HUF,IN,AGL,CE,Combined TRACON& Tower with Radar,0,0,28,0,28,0,4,87,0,91,0,4,115,0,119,152,0,152,271
12/01/2021,HUF,IN,AGL,CE,Combined TRACON& Tower with Radar,0,0,13,0,13,0,0,0,0,0,0,0,13,0,13,2,0,2,15
12/02/2021,HUF,IN,AGL,CE,Combined TRACON& Tower with Radar,0,0,29,3,32,0,7,112,0,119,0,7,141,3,151,283,0,283,434
12/03/2021,HUF,IN,AGL,CE,Combined TRACON& Tower with Radar,0,0,28,3,31,1,8,123,1,133,1,8,151,4,164,240,0,240,404
12/04/2021,HUF,IN,AGL,CE,Combined TRACON& Tower with Radar,0,0,14,0,14,0,9,113,0,122,0,9,127,0,136,178,0,178,314
12/05/2021,HUF,IN,AGL,CE,Combined TRACON& Tower with Radar,0,0,4,0,4,0,0,5,0,5,0,0,9,0,9,8,0,8,17
12/06/2021,HUF,IN,AGL,CE,Combined TRACON& Tower with Radar,0,2,9,0,11,0,1,37,0,38,0,3,46,0,49,57,0,57,106
12/07/2021,HUF,IN,AGL,CE,Combined TRACON& Tower with Radar,0,0,15,0,15,0,5,101,1,107,0,5,116,1,122,152,0,152,274
12/08/2021,HUF,IN,AGL,CE,Combined TRACON& Tower with Radar,0,0,44,1,45,0,3,133,2,138,0,3,177,3,183,204,0,204,387
12/09/2021,HUF,IN,AGL,CE,Combined TRACON& Tower with Radar,2,3,7,0,12,0,3,24,2,29,2,6,31,2,41,40,0,40,81
12/10/2021,HUF,IN,AGL,CE,Combined TRACON& Tower with Radar,0,0,1,0,1,0,0,0,0,0,0,0,1,0,1,0,0,0,1
12/11/2021,HUF,IN,AGL,CE,Combined TRACON& Tower with Radar,0,2,1,0,3,0,2,5,0,7,0,4,6,0,10,8,0,8,18
12/12/2021,HUF,IN,AGL,CE,Combined TRACON& Tower with Radar,0,0,6,4,10,0,3,51,0,54,0,3,57,4,64,103,0,103,167
12/13/2021,HUF,IN,AGL,CE,Combined TRACON& Tower with Radar,0,1,36,0,37,0,7,114,0,121,0,8,150,0,158,170,0,170,328
12/14/2021,HUF,IN,AGL,CE,Combined TRACON& Tower with Radar,0,1,30,0,31,0,3,81,3,87,0,4,111,3,118,156,0,156,274
12/15/2021,HUF,IN,AGL,CE,Combined TRACON& Tower with Radar,0,0,13,0,13,0,0,2,0,2,0,0,15,0,15,6,0,6,21
12/16/2021,HUF,IN,AGL,CE,Combined TRACON& Tower with Radar,0,4,8,0,12,0,2,18,0,20,0,6,26,0,32,46,0,46,78
12/17/2021,HUF,IN,AGL,CE,Combined TRACON& Tower with Radar,0,0,18,0,18,0,0,37,0,37,0,0,55,0,55,84,0,84,139
12/18/2021,HUF,IN,AGL,CE,Combined TRACON& Tower with Radar,0,0,10,0,10,0,0,2,0,2,0,0,12,0,12,14,0,14,26
12/19/2021,HUF,IN,AGL,CE,Combined TRACON& Tower with Radar,0,5,7,0,12,0,6,60,0,66,0,11,67,0,78,185,0,185,263
12/20/2021,HUF,IN,AGL,CE,Combined TRACON& Tower with Radar,1,2,18,4,25,0,1,62,1,64,1,3,80,5,89,136,0,136,225
12/21/2021,HUF,IN,AGL,CE,Combined TRACON& Tower with Radar,9,2,10,0,21,0,3,48,0,51,9,5,58,0,72,155,0,155,227
12/22/2021,HUF,IN,AGL,CE,Combined TRACON& Tower with Radar,4,0,14,0,18,0,6,65,0,71,4,6,79,0,89,88,0,88,177
12/23/2021,HUF,IN,AGL,CE,Combined TRACON& Tower with Radar,0,3,6,0,9,0,3,18,0,21,0,6,24,0,30,14,0,14,44
12/24/2021,HUF,IN,AGL,CE,Combined TRACON& Tower with Radar,0,0,0,0,0,0,0,4,0,4,0,0,4,0,4,0,0,0,4
12/25/2021,HUF,IN,AGL,CE,Combined TRACON& Tower with Radar,0,0,0,0,0,0,0,1,0,1,0,0,1,0,1,0,0,0,1
12/26/2021,HUF,IN,AGL,CE,Combined TRACON& Tower with Radar,0,2,2,0,4,0,0,3,0,3,0,2,5,0,7,0,0,0,7
12/27/2021,HUF,IN,AGL,CE,Combined TRACON& Tower with Radar,0,0,4,0,4,0,0,8,0,8,0,0,12,0,12,16,0,16,28
12/28/2021,HUF,IN,AGL,CE,Combined TRACON& Tower with Radar,0,0,2,2,4,0,0,3,0,3,0,0,5,2,7,0,0,0,7
12/29/2021,HUF,IN,AGL,CE,Combined TRACON& Tower with Radar,0,8,4,0,12,0,0,0,0,0,0,8,4,0,12,0,0,0,12
12/30/2021,HUF,IN,AGL,CE,Combined TRACON& Tower with Radar,0,0,2,0,2,0,0,0,0,0,0,0,2,0,2,0,0,0,2
12/31/2021,HUF,IN,AGL,CE,Combined TRACON& Tower with Radar,0,0,7,0,7,0,1,0,0,1,0,1,7,0,8,0,0,0,8
01/01/2022,HUF,IN,AGL,CE,Combined TRACON& Tower with Radar,0,0,3,0,3,0,0,0,0,0,0,0,3,0,3,0,0,0,3
01/02/2022,HUF,IN,AGL,CE,Combined TRACON& Tower with Radar,0,1,3,0,4,0,2,2,0,4,0,3,5,0,8,16,0,16,24
01/03/2022,HUF,IN,AGL,CE,Combined TRACON& Tower with Radar,0,0,19,0,19,0,0,48,0,48,0,0,67,0,67,198,0,198,265
01/04/2022,HUF,IN,AGL,CE,Combined TRACON& Tower with Radar,0,0,9,0,9,0,1,5,0,6,0,1,14,0,15,0,0,0,15
01/05/2022,HUF,IN,AGL,CE,Combined TRACON& Tower with Radar,0,0,0,0,0,0,0,2,0,2,0,0,2,0,2,0,0,0,2
01/06/2022,HUF,IN,AGL,CE,Combined TRACON& Tower with Radar,0,3,9,0,12,0,3,9,0,12,0,6,18,0,24,96,0,96,120
01/07/2022,HUF,IN,AGL,CE,Combined TRACON& Tower with Radar,0,0,16,0,16,0,0,57,0,57,0,0,73,0,73,122,0,122,195
01/08/2022,HUF,IN,AGL,CE,Combined TRACON& Tower with Radar,0,0,3,1,4,0,0,16,1,17,0,0,19,2,21,22,0,22,43
01/09/2022,HUF,IN,AGL,CE,Combined TRACON& Tower with Radar,0,0,1,0,1,0,2,9,0,11,0,2,10,0,12,20,0,20,32
01/10/2022,HUF,IN,AGL,CE,Combined TRACON& Tower with Radar,0,1,6,0,7,0,6,43,0,49,0,7,49,0,56,66,0,66,122
01/11/2022,HUF,IN,AGL,CE,Combined TRACON& Tower with Radar,0,1,6,0,7,0,1,53,0,54,0,2,59,0,61,130,0,130,191
01/12/2022,HUF,IN,AGL,CE,Combined TRACON& Tower with Radar,0,0,12,0,12,0,4,90,0,94,0,4,102,0,106,98,0,98,204
01/13/2022,HUF,IN,AGL,CE,Combined TRACON& Tower with Radar,0,1,19,0,20,0,2,76,0,78,0,3,95,0,98,178,0,178,276
01/14/2022,HUF,IN,AGL,CE,Combined TRACON& Tower with Radar,0,0,8,2,10,0,0,1,0,1,0,0,9,2,11,0,0,0,11
01/15/2022,HUF,IN,AGL,CE,Combined TRACON& Tower with Radar,0,2,5,0,7,0,1,26,0,27,0,3,31,0,34,36,0,36,70
01/16/2022,HUF,IN,AGL,CE,Combined TRACON& Tower with Radar,0,2,17,0,19,0,1,82,0,83,0,3,99,0,102,66,0,66,168
01/17/2022,HUF,IN,AGL,CE,Combined TRACON& Tower with Radar,0,0,2,0,2,0,1,2,0,3,0,1,4,0,5,66,0,66,71
01/18/2022,HUF,IN,AGL,CE,Combined TRACON& Tower with Radar,0,1,12,0,13,0,3,48,0,51,0,4,60,0,64,90,0,90,154
01/19/2022,HUF,IN,AGL,CE,Combined TRACON& Tower with Radar,0,0,17,0,17,0,5,78,2,85,0,5,95,2,102,172,0,172,274
01/20/2022,HUF,IN,AGL,CE,Combined TRACON& Tower with Radar,0,0,18,2,20,0,3,61,0,64,0,3,79,2,84,104,10,114,198
01/21/2022,HUF,IN,AGL,CE,Combined TRACON& Tower with Radar,0,0,26,0,26,0,3,97,0,100,0,3,123,0,126,130,0,130,256
01/22/2022,HUF,IN,AGL,CE,Combined TRACON& Tower with Radar,0,3,13,0,16,0,7,91,0,98,0,10,104,0,114,147,0,147,261
01/23/2022,HUF,IN,AGL,CE,Combined TRACON& Tower with Radar,0,0,3,0,3,0,2,2,0,4,0,2,5,0,7,47,0,47,54
01/24/2022,HUF,IN,AGL,CE,Combined TRACON& Tower with Radar,0,1,15,0,16,0,0,18,0,18,0,1,33,0,34,59,0,59,93
01/25/2022,HUF,IN,AGL,CE,Combined TRACON& Tower with Radar,0,3,26,0,29,0,6,127,0,133,0,9,153,0,162,152,0,152,314
01/26/2022,HUF,IN,AGL,CE,Combined TRACON& Tower with Radar,0,13,22,0,35,0,7,104,0,111,0,20,126,0,146,62,0,62,208
01/27/2022,HUF,IN,AGL,CE,Combined TRACON& Tower with Radar,0,2,10,0,12,0,0,4,0,4,0,2,14,0,16,38,0,38,54
01/28/2022,HUF,IN,AGL,CE,Combined TRACON& Tower with Radar,0,4,13,0,17,0,0,4,0,4,0,4,17,0,21,38,0,38,59
01/29/2022,HUF,IN,AGL,CE,Combined TRACON& Tower with Radar,0,2,12,0,14,0,8,93,0,101,0,10,105,0,115,150,0,150,265
01/30/2022,HUF,IN,AGL,CE,Combined TRACON& Tower with Radar,0,1,18,0,19,0,3,47,0,50,0,4,65,0,69,48,0,48,117
01/31/2022,HUF,IN,AGL,CE,Combined TRACON& Tower with Radar,0,2,39,0,41,0,4,122,0,126,0,6,161,0,167,224,0,224,391
02/01/2022,HUF,IN,AGL,CE,Combined TRACON& Tower with Radar,0,12,12,0,24,0,2,10,0,12,0,14,22,0,36,30,0,30,66
02/02/2022,HUF,IN,AGL,CE,Combined TRACON& Tower with Radar,0,3,0,0,3,0,0,0,0,0,0,3,0,0,3,0,0,0,3
02/03/2022,HUF,IN,AGL,CE,Combined TRACON& Tower with Radar,0,0,0,0,0,0,0,0,0,0,0,0,0,0,0,0,0,0,0
02/04/2022,HUF,IN,AGL,CE,Combined TRACON& Tower with Radar,0,5,5,0,10,0,1,5,0,6,0,6,10,0,16,6,0,6,22
02/05/2022,HUF,IN,AGL,CE,Combined TRACON& Tower with Radar,0,1,5,0,6,0,2,29,0,31,0,3,34,0,37,25,0,25,62
02/06/2022,HUF,IN,AGL,CE,Combined TRACON& Tower with Radar,0,3,8,0,11,0,2,32,0,34,0,5,40,0,45,29,0,29,74
02/07/2022,HUF,IN,AGL,CE,Combined TRACON& Tower with Radar,0,3,37,0,40,0,1,98,0,99,0,4,135,0,139,198,0,198,337
02/08/2022,HUF,IN,AGL,CE,Combined TRACON& Tower with Radar,0,4,29,0,33,0,6,87,0,93,0,10,116,0,126,142,0,142,268
02/09/2022,HUF,IN,AGL,CE,Combined TRACON& Tower with Radar,0,7,12,0,19,0,5,75,0,80,0,12,87,0,99,151,0,151,250
02/10/2022,HUF,IN,AGL,CE,Combined TRACON& Tower with Radar,0,2,10,0,12,0,2,59,0,61,0,4,69,0,73,270,0,270,343
02/11/2022,HUF,IN,AGL,CE,Combined TRACON& Tower with Radar,0,0,7,0,7,0,0,2,0,2,0,0,9,0,9,16,0,16,25
02/12/2022,HUF,IN,AGL,CE,Combined TRACON& Tower with Radar,0,0,6,0,6,0,1,5,0,6,0,1,11,0,12,24,0,24,36
02/13/2022,HUF,IN,AGL,CE,Combined TRACON& Tower with Radar,0,5,3,0,8,0,2,30,0,32,0,7,33,0,40,76,0,76,116
02/14/2022,HUF,IN,AGL,CE,Combined TRACON& Tower with Radar,0,3,25,0,28,0,2,107,0,109,0,5,132,0,137,128,0,128,265
02/15/2022,HUF,IN,AGL,CE,Combined TRACON& Tower with Radar,0,2,27,2,31,0,3,71,0,74,0,5,98,2,105,246,0,246,351
02/16/2022,HUF,IN,AGL,CE,Combined TRACON& Tower with Radar,0,4,8,0,12,0,0,3,0,3,0,4,11,0,15,8,0,8,23
02/17/2022,HUF,IN,AGL,CE,Combined TRACON& Tower with Radar,0,0,8,0,8,0,0,1,0,1,0,0,9,0,9,0,0,0,9
02/18/2022,HUF,IN,AGL,CE,Combined TRACON& Tower with Radar,0,1,30,0,31,0,4,66,0,70,0,5,96,0,101,172,0,172,273
02/19/2022,HUF,IN,AGL,CE,Combined TRACON& Tower with Radar,0,2,6,0,8,0,3,80,0,83,0,5,86,0,91,101,0,101,192
02/20/2022,HUF,IN,AGL,CE,Combined TRACON& Tower with Radar,0,0,10,0,10,0,1,34,0,35,0,1,44,0,45,10,0,10,55
02/21/2022,HUF,IN,AGL,CE,Combined TRACON& Tower with Radar,0,3,37,0,40,0,4,100,0,104,0,7,137,0,144,234,0,234,378
02/22/2022,HUF,IN,AGL,CE,Combined TRACON& Tower with Radar,0,5,7,0,12,0,0,0,0,0,0,5,7,0,12,0,0,0,12
02/23/2022,HUF,IN,AGL,CE,Combined TRACON& Tower with Radar,0,4,12,2,18,0,1,7,0,8,0,5,19,2,26,272,0,272,298
02/24/2022,HUF,IN,AGL,CE,Combined TRACON& Tower with Radar,0,0,1,0,1,0,0,0,0,0,0,0,1,0,1,0,0,0,1
02/25/2022,HUF,IN,AGL,CE,Combined TRACON& Tower with Radar,0,0,6,0,6,0,1,3,2,6,0,1,9,2,12,160,0,160,172
02/26/2022,HUF,IN,AGL,CE,Combined TRACON& Tower with Radar,0,2,35,0,37,0,1,110,0,111,0,3,145,0,148,278,0,278,426
02/27/2022,HUF,IN,AGL,CE,Combined TRACON& Tower with Radar,0,0,15,0,15,0,3,95,0,98,0,3,110,0,113,149,0,149,262
02/28/2022,HUF,IN,AGL,CE,Combined TRACON& Tower with Radar,0,12,50,0,62,0,6,111,0,117,0,18,161,0,179,232,0,232,411
03/01/2022,HUF,IN,AGL,CE,Combined TRACON& Tower with Radar,0,6,49,4,59,0,5,140,0,145,0,11,189,4,204,243,0,243,447
03/02/2022,HUF,IN,AGL,CE,Combined TRACON& Tower with Radar,0,3,27,0,30,0,5,140,0,145,0,8,167,0,175,126,0,126,301
03/03/2022,HUF,IN,AGL,CE,Combined TRACON& Tower with Radar,0,6,26,0,32,0,5,91,0,96,0,11,117,0,128,234,0,234,362
03/04/2022,HUF,IN,AGL,CE,Combined TRACON& Tower with Radar,0,4,46,0,50,0,3,140,0,143,0,7,186,0,193,234,0,234,427
03/05/2022,HUF,IN,AGL,CE,Combined TRACON& Tower with Radar,0,4,10,0,14,0,0,26,2,28,0,4,36,2,42,10,0,10,52
03/06/2022,HUF,IN,AGL,CE,Combined TRACON& Tower with Radar,0,4,6,1,11,0,0,10,1,11,0,4,16,2,22,82,0,82,104
03/07/2022,HUF,IN,AGL,CE,Combined TRACON& Tower with Radar,0,0,2,0,2,0,3,0,0,3,0,3,2,0,5,0,0,0,5
03/08/2022,HUF,IN,AGL,CE,Combined TRACON& Tower with Radar,0,0,24,0,24,0,3,37,0,40,0,3,61,0,64,378,0,378,442
03/09/2022,HUF,IN,AGL,CE,Combined TRACON& Tower with Radar,0,6,23,0,29,0,0,104,0,104,0,6,127,0,133,150,0,150,283
03/10/2022,HUF,IN,AGL,CE,Combined TRACON& Tower with Radar,0,4,14,0,18,0,7,110,0,117,0,11,124,0,135,260,0,260,395
03/11/2022,HUF,IN,AGL,CE,Combined TRACON& Tower with Radar,0,2,5,0,7,0,0,0,0,0,0,2,5,0,7,0,0,0,7
03/12/2022,HUF,IN,AGL,CE,Combined TRACON& Tower with Radar,0,2,4,0,6,0,0,18,0,18,0,2,22,0,24,10,0,10,34
03/13/2022,HUF,IN,AGL,CE,Combined TRACON& Tower with Radar,0,0,4,0,4,0,1,17,0,18,0,1,21,0,22,10,0,10,32
03/14/2022,HUF,IN,AGL,CE,Combined TRACON& Tower with Radar,0,0,27,3,30,0,3,77,0,80,0,3,104,3,110,142,0,142,252
03/15/2022,HUF,IN,AGL,CE,Combined TRACON& Tower with Radar,0,5,26,0,31,0,3,121,0,124,0,8,147,0,155,151,0,151,306
03/16/2022,HUF,IN,AGL,CE,Combined TRACON& Tower with Radar,0,7,49,2,58,0,1,127,0,128,0,8,176,2,186,168,0,168,354
03/17/2022,HUF,IN,AGL,CE,Combined TRACON& Tower with Radar,0,1,28,0,29,0,7,133,0,140,0,8,161,0,169,154,0,154,323
03/18/2022,HUF,IN,AGL,CE,Combined TRACON& Tower with Radar,0,0,12,0,12,0,2,13,0,15,0,2,25,0,27,32,0,32,59
03/19/2022,HUF,IN,AGL,CE,Combined TRACON& Tower with Radar,0,0,2,0,2,0,0,0,0,0,0,0,2,0,2,0,0,0,2
03/20/2022,HUF,IN,AGL,CE,Combined TRACON& Tower with Radar,0,3,24,0,27,0,6,82,0,88,0,9,106,0,115,148,0,148,263
03/21/2022,HUF,IN,AGL,CE,Combined TRACON& Tower with Radar,0,0,46,0,46,0,3,124,0,127,0,3,170,0,173,302,0,302,475
03/22/2022,HUF,IN,AGL,CE,Combined TRACON& Tower with Radar,0,1,13,2,16,0,0,0,0,0,0,1,13,2,16,0,0,0,16
03/23/2022,HUF,IN,AGL,CE,Combined TRACON& Tower with Radar,0,1,19,2,22,0,0,1,0,1,0,1,20,2,23,0,0,0,23
03/24/2022,HUF,IN,AGL,CE,Combined TRACON& Tower with Radar,0,2,4,12,18,0,3,2,11,16,0,5,6,23,34,20,0,20,54
03/25/2022,HUF,IN,AGL,CE,Combined TRACON& Tower with Radar,0,0,15,0,15,0,0,1,0,1,0,0,16,0,16,2,0,2,18
03/26/2022,HUF,IN,AGL,CE,Combined TRACON& Tower with Radar,0,0,18,0,18,0,1,18,0,19,0,1,36,0,37,6,0,6,43
03/27/2022,HUF,IN,AGL,CE,Combined TRACON& Tower with Radar,0,2,29,0,31,0,6,86,0,92,0,8,115,0,123,154,0,154,277
03/28/2022,HUF,IN,AGL,CE,Combined TRACON& Tower with Radar,0,7,27,0,34,0,4,111,0,115,0,11,138,0,149,235,0,235,384
03/29/2022,HUF,IN,AGL,CE,Combined TRACON& Tower with Radar,0,2,27,2,31,0,5,93,0,98,0,7,120,2,129,126,0,126,255
03/30/2022,HUF,IN,AGL,CE,Combined TRACON& Tower with Radar,0,2,5,0,7,0,0,3,0,3,0,2,8,0,10,8,0,8,18
03/31/2022,HUF,IN,AGL,CE,Combined TRACON& Tower with Radar,0,0,4,0,4,0,0,0,0,0,0,0,4,0,4,16,0,16,20
04/01/2022,HUF,IN,AGL,CE,Combined TRACON& Tower with Radar,0,3,32,2,37,0,6,89,0,95,0,9,121,2,132,240,0,240,372
04/02/2022,HUF,IN,AGL,CE,Combined TRACON& Tower with Radar,0,0,18,2,20,0,5,62,0,67,0,5,80,2,87,100,0,100,187
04/03/2022,HUF,IN,AGL,CE,Combined TRACON& Tower with Radar,0,4,32,0,36,0,5,115,0,120,0,9,147,0,156,140,0,140,296
04/04/2022,HUF,IN,AGL,CE,Combined TRACON& Tower with Radar,0,5,55,0,60,0,4,121,0,125,0,9,176,0,185,179,0,179,364
04/05/2022,HUF,IN,AGL,CE,Combined TRACON& Tower with Radar,0,0,25,4,29,0,1,2,3,6,0,1,27,7,35,12,0,12,47
04/06/2022,HUF,IN,AGL,CE,Combined TRACON& Tower with Radar,0,2,29,1,32,0,4,44,1,49,0,6,73,2,81,134,2,136,217
04/07/2022,HUF,IN,AGL,CE,Combined TRACON& Tower with Radar,0,0,24,0,24,0,4,49,0,53,0,4,73,0,77,116,0,116,193
04/08/2022,HUF,IN,AGL,CE,Combined TRACON& Tower with Radar,0,2,2,0,4,0,0,0,0,0,0,2,2,0,4,56,0,56,60
04/09/2022,HUF,IN,AGL,CE,Combined TRACON& Tower with Radar,0,0,11,0,11,0,2,43,0,45,0,2,54,0,56,144,0,144,200
04/10/2022,HUF,IN,AGL,CE,Combined TRACON& Tower with Radar,0,0,11,0,11,0,6,65,0,71,0,6,76,0,82,126,0,126,208
04/11/2022,HUF,IN,AGL,CE,Combined TRACON& Tower with Radar,0,2,23,0,25,0,0,20,0,20,0,2,43,0,45,107,0,107,152
04/12/2022,HUF,IN,AGL,CE,Combined TRACON& Tower with Radar,0,9,36,0,45,0,6,28,0,34,0,15,64,0,79,65,0,65,144
04/13/2022,HUF,IN,AGL,CE,Combined TRACON& Tower with Radar,0,0,4,0,4,0,0,0,0,0,0,0,4,0,4,0,0,0,4
04/14/2022,HUF,IN,AGL,CE,Combined TRACON& Tower with Radar,0,5,28,0,33,0,2,59,0,61,0,7,87,0,94,184,0,184,278
04/15/2022,HUF,IN,AGL,CE,Combined TRACON& Tower with Radar,0,0,18,0,18,0,2,57,0,59,0,2,75,0,77,102,0,102,179
04/16/2022,HUF,IN,AGL,CE,Combined TRACON& Tower with Radar,0,0,15,0,15,0,7,85,0,92,0,7,100,0,107,88,0,88,195
04/17/2022,HUF,IN,AGL,CE,Combined TRACON& Tower with Radar,0,0,4,0,4,0,3,20,0,23,0,3,24,0,27,14,0,14,41
04/18/2022,HUF,IN,AGL,CE,Combined TRACON& Tower with Radar,0,0,8,0,8,0,1,12,0,13,0,1,20,0,21,66,0,66,87
04/19/2022,HUF,IN,AGL,CE,Combined TRACON& Tower with Radar,0,0,31,6,37,0,3,122,0,125,0,3,153,6,162,315,0,315,477
04/20/2022,HUF,IN,AGL,CE,Combined TRACON& Tower with Radar,0,1,40,1,42,0,7,59,0,66,0,8,99,1,108,156,0,156,264
04/21/2022,HUF,IN,AGL,CE,Combined TRACON& Tower with Radar,0,13,27,1,41,0,0,49,1,50,0,13,76,2,91,270,0,270,361
04/22/2022,HUF,IN,AGL,CE,Combined TRACON& Tower with Radar,0,0,26,2,28,0,5,62,2,69,0,5,88,4,97,160,0,160,257
04/23/2022,HUF,IN,AGL,CE,Combined TRACON& Tower with Radar,0,0,12,0,12,0,5,18,2,25,0,5,30,2,37,0,0,0,37
04/24/2022,HUF,IN,AGL,CE,Combined TRACON& Tower with Radar,0,0,7,1,8,0,1,6,0,7,0,1,13,1,15,0,0,0,15
04/25/2022,HUF,IN,AGL,CE,Combined TRACON& Tower with Radar,0,3,37,0,40,0,0,37,0,37,0,3,74,0,77,86,0,86,163
04/26/2022,HUF,IN,AGL,CE,Combined TRACON& Tower with Radar,0,6,40,2,48,0,3,194,0,197,0,9,234,2,245,295,0,295,540
04/27/2022,HUF,IN,AGL,CE,Combined TRACON& Tower with Radar,0,5,28,0,33,0,6,118,0,124,0,11,146,0,157,138,0,138,295
04/28/2022,HUF,IN,AGL,CE,Combined TRACON& Tower with Radar,0,0,28,0,28,0,4,94,0,98,0,4,122,0,126,238,0,238,364
04/29/2022,HUF,IN,AGL,CE,Combined TRACON& Tower with Radar,0,2,43,0,45,0,5,96,0,101,0,7,139,0,146,128,0,128,274
04/30/2022,HUF,IN,AGL,CE,Combined TRACON& Tower with Radar,0,0,11,0,11,0,3,18,0,21,0,3,29,0,32,18,0,18,50
05/01/2022,HUF,IN,AGL,CE,Combined TRACON& Tower with Radar,0,0,19,0,19,0,2,44,2,48,0,2,63,2,67,164,0,164,231
05/02/2022,HUF,IN,AGL,CE,Combined TRACON& Tower with Radar,0,0,26,0,26,0,0,152,0,152,0,0,178,0,178,319,0,319,497
05/03/2022,HUF,IN,AGL,CE,Combined TRACON& Tower with Radar,0,1,3,0,4,0,0,0,0,0,0,1,3,0,4,0,0,0,4
05/04/2022,HUF,IN,AGL,CE,Combined TRACON& Tower with Radar,0,5,51,0,56,0,3,18,0,21,0,8,69,0,77,111,0,111,188
05/05/2022,HUF,IN,AGL,CE,Combined TRACON& Tower with Radar,0,2,25,0,27,0,0,14,0,14,0,2,39,0,41,82,0,82,123
05/06/2022,HUF,IN,AGL,CE,Combined TRACON& Tower with Radar,0,6,3,0,9,0,0,2,0,2,0,6,5,0,11,0,0,0,11
05/07/2022,HUF,IN,AGL,CE,Combined TRACON& Tower with Radar,0,4,11,0,15,0,4,30,0,34,0,8,41,0,49,64,0,64,113
05/08/2022,HUF,IN,AGL,CE,Combined TRACON& Tower with Radar,0,2,5,0,7,0,3,49,0,52,0,5,54,0,59,84,0,84,143
05/09/2022,HUF,IN,AGL,CE,Combined TRACON& Tower with Radar,0,0,30,0,30,0,16,59,0,75,0,16,89,0,105,106,0,106,211
05/10/2022,HUF,IN,AGL,CE,Combined TRACON& Tower with Radar,0,5,30,0,35,0,6,145,0,151,0,11,175,0,186,212,0,212,398
05/11/2022,HUF,IN,AGL,CE,Combined TRACON& Tower with Radar,2,0,50,6,58,0,6,132,1,139,2,6,182,7,197,224,4,228,425
05/12/2022,HUF,IN,AGL,CE,Combined TRACON& Tower with Radar,0,3,45,0,48,0,8,125,0,133,0,11,170,0,181,160,0,160,341
05/13/2022,HUF,IN,AGL,CE,Combined TRACON& Tower with Radar,2,0,45,0,47,0,7,105,0,112,2,7,150,0,159,150,0,150,309
05/14/2022,HUF,IN,AGL,CE,Combined TRACON& Tower with Radar,0,2,9,0,11,0,0,28,0,28,0,2,37,0,39,126,0,126,165
05/15/2022,HUF,IN,AGL,CE,Combined TRACON& Tower with Radar,0,1,7,0,8,0,1,41,0,42,0,2,48,0,50,99,0,99,149
05/16/2022,HUF,IN,AGL,CE,Combined TRACON& Tower with Radar,0,0,16,0,16,0,11,74,0,85,0,11,90,0,101,130,0,130,231
05/17/2022,HUF,IN,AGL,CE,Combined TRACON& Tower with Radar,0,4,29,0,33,0,11,151,0,162,0,15,180,0,195,248,0,248,443
05/18/2022,HUF,IN,AGL,CE,Combined TRACON& Tower with Radar,0,0,22,0,22,0,1,12,0,13,0,1,34,0,35,69,0,69,104
05/19/2022,HUF,IN,AGL,CE,Combined TRACON& Tower with Radar,0,0,12,0,12,0,0,62,0,62,0,0,74,0,74,190,0,190,264
05/20/2022,HUF,IN,AGL,CE,Combined TRACON& Tower with Radar,0,1,5,4,10,0,3,16,0,19,0,4,21,4,29,14,0,14,43
05/21/2022,HUF,IN,AGL,CE,Combined TRACON& Tower with Radar,0,0,4,0,4,0,0,8,0,8,0,0,12,0,12,0,0,0,12
05/22/2022,HUF,IN,AGL,CE,Combined TRACON& Tower with Radar,0,0,20,0,20,0,4,67,0,71,0,4,87,0,91,141,0,141,232
05/23/2022,HUF,IN,AGL,CE,Combined TRACON& Tower with Radar,0,0,27,2,29,0,3,102,1,106,0,3,129,3,135,161,0,161,296
05/24/2022,HUF,IN,AGL,CE,Combined TRACON& Tower with Radar,0,0,28,0,28,0,8,135,0,143,0,8,163,0,171,167,0,167,338
05/25/2022,HUF,IN,AGL,CE,Combined TRACON& Tower with Radar,0,4,3,0,7,0,0,1,0,1,0,4,4,0,8,0,0,0,8
05/26/2022,HUF,IN,AGL,CE,Combined TRACON& Tower with Radar,0,2,8,0,10,0,2,0,0,2,0,4,8,0,12,0,0,0,12
05/27/2022,HUF,IN,AGL,CE,Combined TRACON& Tower with Radar,0,8,37,0,45,0,0,8,0,8,0,8,45,0,53,62,0,62,115
05/28/2022,HUF,IN,AGL,CE,Combined TRACON& Tower with Radar,0,3,24,0,27,0,2,60,0,62,0,5,84,0,89,146,0,146,235
05/29/2022,HUF,IN,AGL,CE,Combined TRACON& Tower with Radar,0,0,4,0,4,0,0,21,1,22,0,0,25,1,26,35,0,35,61
05/30/2022,HUF,IN,AGL,CE,Combined TRACON& Tower with Radar,0,0,5,0,5,0,0,32,0,32,0,0,37,0,37,18,0,18,55
05/31/2022,HUF,IN,AGL,CE,Combined TRACON& Tower with Radar,0,4,41,4,49,0,16,107,0,123,0,20,148,4,172,215,0,215,387
06/01/2022,HUF,IN,AGL,CE,Combined TRACON& Tower with Radar,0,2,21,0,23,0,1,97,0,98,0,3,118,0,121,184,0,184,305
06/02/2022,HUF,IN,AGL,CE,Combined TRACON& Tower with Radar,0,4,22,0,26,0,7,63,0,70,0,11,85,0,96,202,0,202,298
06/03/2022,HUF,IN,AGL,CE,Combined TRACON& Tower with Radar,0,0,29,0,29,0,8,114,1,123,0,8,143,1,152,200,2,202,354
06/04/2022,HUF,IN,AGL,CE,Combined TRACON& Tower with Radar,0,0,20,0,20,0,0,86,0,86,0,0,106,0,106,116,0,116,222
06/05/2022,HUF,IN,AGL,CE,Combined TRACON& Tower with Radar,0,0,15,0,15,0,1,56,0,57,0,1,71,0,72,133,0,133,205
06/06/2022,HUF,IN,AGL,CE,Combined TRACON& Tower with Radar,0,3,15,0,18,0,1,38,0,39,0,4,53,0,57,162,0,162,219
06/07/2022,HUF,IN,AGL,CE,Combined TRACON& Tower with Radar,0,9,45,0,54,0,0,37,0,37,0,9,82,0,91,188,0,188,279
06/08/2022,HUF,IN,AGL,CE,Combined TRACON& Tower with Radar,0,3,20,0,23,0,2,24,0,26,0,5,44,0,49,96,0,96,145
06/09/2022,HUF,IN,AGL,CE,Combined TRACON& Tower with Radar,0,4,51,0,55,0,4,129,0,133,0,8,180,0,188,318,0,318,506
06/10/2022,HUF,IN,AGL,CE,Combined TRACON& Tower with Radar,0,4,29,0,33,0,2,54,0,56,0,6,83,0,89,170,0,170,259
06/11/2022,HUF,IN,AGL,CE,Combined TRACON& Tower with Radar,0,4,23,0,27,0,6,53,0,59,0,10,76,0,86,104,0,104,190
06/12/2022,HUF,IN,AGL,CE,Combined TRACON& Tower with Radar,0,0,3,0,3,0,2,9,0,11,0,2,12,0,14,28,0,28,42
06/13/2022,HUF,IN,AGL,CE,Combined TRACON& Tower with Radar,0,2,21,0,23,0,0,26,0,26,0,2,47,0,49,116,0,116,165
06/14/2022,HUF,IN,AGL,CE,Combined TRACON& Tower with Radar,0,0,16,2,18,0,7,99,0,106,0,7,115,2,124,124,0,124,248
06/15/2022,HUF,IN,AGL,CE,Combined TRACON& Tower with Radar,0,3,23,9,35,0,3,73,2,78,0,6,96,11,113,156,0,156,269
06/16/2022,HUF,IN,AGL,CE,Combined TRACON& Tower with Radar,0,5,36,1,42,0,7,84,0,91,0,12,120,1,133,170,0,170,303
06/17/2022,HUF,IN,AGL,CE,Combined TRACON& Tower with Radar,0,6,26,0,32,0,4,70,0,74,0,10,96,0,106,138,0,138,244
06/18/2022,HUF,IN,AGL,CE,Combined TRACON& Tower with Radar,0,2,5,0,7,0,3,59,0,62,0,5,64,0,69,96,0,96,165
06/19/2022,HUF,IN,AGL,CE,Combined TRACON& Tower with Radar,0,0,14,0,14,0,2,65,0,67,0,2,79,0,81,66,0,66,147
06/20/2022,HUF,IN,AGL,CE,Combined TRACON& Tower with Radar,0,0,38,0,38,0,3,114,0,117,0,3,152,0,155,130,0,130,285
06/21/2022,HUF,IN,AGL,CE,Combined TRACON& Tower with Radar,0,4,31,0,35,0,5,118,0,123,0,9,149,0,158,228,0,228,386
06/22/2022,HUF,IN,AGL,CE,Combined TRACON& Tower with Radar,0,2,22,0,24,0,6,81,0,87,0,8,103,0,111,126,0,126,237
06/23/2022,HUF,IN,AGL,CE,Combined TRACON& Tower with Radar,0,0,21,0,21,0,9,95,0,104,0,9,116,0,125,265,0,265,390
06/24/2022,HUF,IN,AGL,CE,Combined TRACON& Tower with Radar,0,2,20,0,22,0,17,112,0,129,0,19,132,0,151,168,0,168,319
06/25/2022,HUF,IN,AGL,CE,Combined TRACON& Tower with Radar,0,0,11,0,11,0,5,39,0,44,0,5,50,0,55,68,0,68,123
06/26/2022,HUF,IN,AGL,CE,Combined TRACON& Tower with Radar,0,2,16,2,20,0,3,18,0,21,0,5,34,2,41,86,0,86,127
06/27/2022,HUF,IN,AGL,CE,Combined TRACON& Tower with Radar,0,3,43,2,48,0,8,143,0,151,0,11,186,2,199,140,0,140,339
06/28/2022,HUF,IN,AGL,CE,Combined TRACON& Tower with Radar,0,2,27,0,29,0,4,133,0,137,0,6,160,0,166,180,0,180,346
06/29/2022,HUF,IN,AGL,CE,Combined TRACON& Tower with Radar,0,0,23,2,25,0,7,117,0,124,0,7,140,2,149,196,0,196,345
06/30/2022,HUF,IN,AGL,CE,Combined TRACON& Tower with Radar,0,4,40,1,45,0,8,75,1,84,0,12,115,2,129,166,0,166,295
07/01/2022,HUF,IN,AGL,CE,Combined TRACON& Tower with Radar,0,1,26,0,27,0,4,56,0,60,0,5,82,0,87,102,0,102,189
07/02/2022,HUF,IN,AGL,CE,Combined TRACON& Tower with Radar,0,3,16,0,19,0,0,32,0,32,0,3,48,0,51,52,0,52,103
07/03/2022,HUF,IN,AGL,CE,Combined TRACON& Tower with Radar,0,2,5,0,7,0,1,23,0,24,0,3,28,0,31,26,0,26,57
07/04/2022,HUF,IN,AGL,CE,Combined TRACON& Tower with Radar,0,0,2,0,2,0,1,12,0,13,0,1,14,0,15,12,0,12,27
07/05/2022,HUF,IN,AGL,CE,Combined TRACON& Tower with Radar,0,1,14,0,15,0,9,55,0,64,0,10,69,0,79,110,0,110,189
07/06/2022,HUF,IN,AGL,CE,Combined TRACON& Tower with Radar,0,2,21,0,23,0,8,76,0,84,0,10,97,0,107,135,0,135,242
07/07/2022,HUF,IN,AGL,CE,Combined TRACON& Tower with Radar,0,0,25,0,25,0,0,36,0,36,0,0,61,0,61,99,0,99,160
07/08/2022,HUF,IN,AGL,CE,Combined TRACON& Tower with Radar,0,0,12,0,12,0,0,3,0,3,0,0,15,0,15,26,0,26,41
07/09/2022,HUF,IN,AGL,CE,Combined TRACON& Tower with Radar,0,2,19,0,21,0,6,62,0,68,0,8,81,0,89,128,0,128,217
07/10/2022,HUF,IN,AGL,CE,Combined TRACON& Tower with Radar,0,0,17,0,17,0,5,146,1,152,0,5,163,1,169,66,0,66,235
07/11/2022,HUF,IN,AGL,CE,Combined TRACON& Tower with Radar,0,0,23,5,28,0,1,108,4,113,0,1,131,9,141,175,2,177,318
07/12/2022,HUF,IN,AGL,CE,Combined TRACON& Tower with Radar,0,2,31,3,36,0,2,103,1,106,0,4,134,4,142,138,2,140,282
07/13/2022,HUF,IN,AGL,CE,Combined TRACON& Tower with Radar,0,0,16,20,36,0,3,87,2,92,0,3,103,22,128,170,0,170,298
07/14/2022,HUF,IN,AGL,CE,Combined TRACON& Tower with Radar,0,1,11,2,14,0,4,92,0,96,0,5,103,2,110,154,0,154,264
07/15/2022,HUF,IN,AGL,CE,Combined TRACON& Tower with Radar,0,0,25,0,25,0,1,25,0,26,0,1,50,0,51,24,0,24,75
07/16/2022,HUF,IN,AGL,CE,Combined TRACON& Tower with Radar,0,0,12,4,16,0,1,53,0,54,0,1,65,4,70,39,0,39,109
07/17/2022,HUF,IN,AGL,CE,Combined TRACON& Tower with Radar,0,0,4,0,4,0,0,2,0,2,0,0,6,0,6,0,0,0,6
07/18/2022,HUF,IN,AGL,CE,Combined TRACON& Tower with Radar,0,4,20,0,24,0,3,27,0,30,0,7,47,0,54,118,0,118,172
07/19/2022,HUF,IN,AGL,CE,Combined TRACON& Tower with Radar,0,0,47,0,47,0,16,91,0,107,0,16,138,0,154,174,0,174,328
07/20/2022,HUF,IN,AGL,CE,Combined TRACON& Tower with Radar,0,1,39,3,43,0,0,50,2,52,0,1,89,5,95,50,0,50,145
07/21/2022,HUF,IN,AGL,CE,Combined TRACON& Tower with Radar,0,3,22,0,25,0,0,100,1,101,0,3,122,1,126,196,0,196,322
07/22/2022,HUF,IN,AGL,CE,Combined TRACON& Tower with Radar,0,9,13,0,22,0,10,75,2,87,0,19,88,2,109,138,0,138,247
07/23/2022,HUF,IN,AGL,CE,Combined TRACON& Tower with Radar,0,4,23,0,27,0,1,38,0,39,0,5,61,0,66,14,0,14,80
07/24/2022,HUF,IN,AGL,CE,Combined TRACON& Tower with Radar,0,0,29,0,29,0,2,31,1,34,0,2,60,1,63,24,0,24,87
07/25/2022,HUF,IN,AGL,CE,Combined TRACON& Tower with Radar,2,2,24,2,30,0,9,95,0,104,2,11,119,2,134,162,0,162,296
07/26/2022,HUF,IN,AGL,CE,Combined TRACON& Tower with Radar,0,0,11,0,11,0,0,0,0,0,0,0,11,0,11,0,0,0,11
07/27/2022,HUF,IN,AGL,CE,Combined TRACON& Tower with Radar,0,2,25,0,27,0,1,19,0,20,0,3,44,0,47,52,0,52,99
07/28/2022,HUF,IN,AGL,CE,Combined TRACON& Tower with Radar,0,0,24,4,28,0,1,32,0,33,0,1,56,4,61,184,0,184,245
07/29/2022,HUF,IN,AGL,CE,Combined TRACON& Tower with Radar,0,2,24,0,26,0,6,87,0,93,0,8,111,0,119,84,0,84,203
07/30/2022,HUF,IN,AGL,CE,Combined TRACON& Tower with Radar,0,0,12,0,12,0,0,60,0,60,0,0,72,0,72,62,0,62,134
07/31/2022,HUF,IN,AGL,CE,Combined TRACON& Tower with Radar,0,0,18,12,30,0,4,34,0,38,0,4,52,12,68,26,0,26,94
08/01/2022,HUF,IN,AGL,CE,Combined TRACON& Tower with Radar,0,1,17,0,18,0,9,22,0,31,0,10,39,0,49,174,0,174,223
08/02/2022,HUF,IN,AGL,CE,Combined TRACON& Tower with Radar,0,1,7,0,8,0,7,24,0,31,0,8,31,0,39,106,0,106,145
08/03/2022,HUF,IN,AGL,CE,Combined TRACON& Tower with Radar,0,0,26,0,26,0,14,82,0,96,0,14,108,0,122,72,0,72,194
08/04/2022,HUF,IN,AGL,CE,Combined TRACON& Tower with Radar,0,0,21,0,21,0,1,11,0,12,0,1,32,0,33,60,0,60,93
08/05/2022,HUF,IN,AGL,CE,Combined TRACON& Tower with Radar,0,2,38,0,40,0,5,41,0,46,0,7,79,0,86,105,0,105,191
08/06/2022,HUF,IN,AGL,CE,Combined TRACON& Tower with Radar,0,5,10,0,15,0,2,33,0,35,0,7,43,0,50,52,0,52,102
08/07/2022,HUF,IN,AGL,CE,Combined TRACON& Tower with Radar,0,0,19,0,19,0,2,50,0,52,0,2,69,0,71,50,0,50,121
08/08/2022,HUF,IN,AGL,CE,Combined TRACON& Tower with Radar,0,5,14,2,21,1,5,62,1,69,1,10,76,3,90,88,0,88,178
08/09/2022,HUF,IN,AGL,CE,Combined TRACON& Tower with Radar,0,0,28,0,28,0,0,3,0,3,0,0,31,0,31,62,0,62,93
08/10/2022,HUF,IN,AGL,CE,Combined TRACON& Tower with Radar,0,2,58,0,60,0,2,96,2,100,0,4,154,2,160,220,0,220,380
08/11/2022,HUF,IN,AGL,CE,Combined TRACON& Tower with Radar,0,1,24,4,29,0,2,55,0,57,0,3,79,4,86,240,0,240,326
08/12/2022,HUF,IN,AGL,CE,Combined TRACON& Tower with Radar,0,1,24,0,25,0,4,89,1,94,0,5,113,1,119,176,0,176,295
08/13/2022,HUF,IN,AGL,CE,Combined TRACON& Tower with Radar,0,0,8,0,8,0,2,71,0,73,0,2,79,0,81,50,0,50,131
08/14/2022,HUF,IN,AGL,CE,Combined TRACON& Tower with Radar,0,0,6,0,6,0,1,5,0,6,0,1,11,0,12,12,0,12,24
08/15/2022,HUF,IN,AGL,CE,Combined TRACON& Tower with Radar,0,9,18,12,39,0,3,19,0,22,0,12,37,12,61,4,12,16,77
08/16/2022,HUF,IN,AGL,CE,Combined TRACON& Tower with Radar,0,1,25,1,27,0,9,81,4,94,0,10,106,5,121,290,0,290,411
08/17/2022,HUF,IN,AGL,CE,Combined TRACON& Tower with Radar,0,1,30,0,31,0,13,97,0,110,0,14,127,0,141,152,0,152,293
08/18/2022,HUF,IN,AGL,CE,Combined TRACON& Tower with Radar,0,0,21,2,23,0,3,87,0,90,0,3,108,2,113,166,4,170,283
08/19/2022,HUF,IN,AGL,CE,Combined TRACON& Tower with Radar,0,2,32,0,34,0,3,88,0,91,0,5,120,0,125,66,0,66,191
08/20/2022,HUF,IN,AGL,CE,Combined TRACON& Tower with Radar,0,0,11,0,11,0,2,37,0,39,0,2,48,0,50,60,0,60,110
08/21/2022,HUF,IN,AGL,CE,Combined TRACON& Tower with Radar,0,0,9,0,9,0,1,4,0,5,0,1,13,0,14,22,0,22,36
08/22/2022,HUF,IN,AGL,CE,Combined TRACON& Tower with Radar,0,2,21,2,25,0,8,65,0,73,0,10,86,2,98,140,0,140,238
08/23/2022,HUF,IN,AGL,CE,Combined TRACON& Tower with Radar,0,3,33,3,39,0,8,97,0,105,0,11,130,3,144,107,0,107,251
08/24/2022,HUF,IN,AGL,CE,Combined TRACON& Tower with Radar,0,1,26,4,31,0,4,147,0,151,0,5,173,4,182,158,6,164,346
08/25/2022,HUF,IN,AGL,CE,Combined TRACON& Tower with Radar,0,2,32,0,34,0,1,119,0,120,0,3,151,0,154,236,0,236,390
08/26/2022,HUF,IN,AGL,CE,Combined TRACON& Tower with Radar,0,5,34,25,64,0,1,68,0,69,0,6,102,25,133,134,2,136,269
08/27/2022,HUF,IN,AGL,CE,Combined TRACON& Tower with Radar,0,1,9,1,11,0,12,50,0,62,0,13,59,1,73,46,0,46,119
08/28/2022,HUF,IN,AGL,CE,Combined TRACON& Tower with Radar,0,1,26,3,30,0,0,41,0,41,0,1,67,3,71,25,0,25,96
08/29/2022,HUF,IN,AGL,CE,Combined TRACON& Tower with Radar,0,0,18,0,18,0,11,80,0,91,0,11,98,0,109,164,0,164,273
08/30/2022,HUF,IN,AGL,CE,Combined TRACON& Tower with Radar,0,5,24,6,35,0,1,94,0,95,0,6,118,6,130,190,0,190,320
08/31/2022,HUF,IN,AGL,CE,Combined TRACON& Tower with Radar,0,3,26,24,53,0,5,198,0,203,0,8,224,24,256,209,46,255,511
09/01/2022,HUF,IN,AGL,CE,Combined TRACON& Tower with Radar,0,0,46,0,46,0,2,151,0,153,0,2,197,0,199,212,0,212,411
09/02/2022,HUF,IN,AGL,CE,Combined TRACON& Tower with Radar,0,0,17,0,17,0,6,76,0,82,0,6,93,0,99,136,0,136,235
09/03/2022,HUF,IN,AGL,CE,Combined TRACON& Tower with Radar,0,1,5,0,6,0,1,8,0,9,0,2,13,0,15,14,0,14,29
09/04/2022,HUF,IN,AGL,CE,Combined TRACON& Tower with Radar,0,0,17,0,17,0,1,7,0,8,0,1,24,0,25,4,0,4,29
09/05/2022,HUF,IN,AGL,CE,Combined TRACON& Tower with Radar,0,2,18,0,20,0,0,1,0,1,0,2,19,0,21,6,0,6,27
09/06/2022,HUF,IN,AGL,CE,Combined TRACON& Tower with Radar,0,0,24,0,24,0,0,38,0,38,0,0,62,0,62,170,0,170,232
09/07/2022,HUF,IN,AGL,CE,Combined TRACON& Tower with Radar,0,4,31,1,36,0,2,144,1,147,0,6,175,2,183,186,0,186,369
09/08/2022,HUF,IN,AGL,CE,Combined TRACON& Tower with Radar,0,2,34,1,37,0,0,185,0,185,0,2,219,1,222,202,0,202,424
09/09/2022,HUF,IN,AGL,CE,Combined TRACON& Tower with Radar,0,4,21,5,30,0,25,77,1,103,0,29,98,6,133,134,0,134,267
09/10/2022,HUF,IN,AGL,CE,Combined TRACON& Tower with Radar,0,0,28,0,28,0,5,79,0,84,0,5,107,0,112,62,0,62,174
09/11/2022,HUF,IN,AGL,CE,Combined TRACON& Tower with Radar,0,4,6,0,10,0,1,0,0,1,0,5,6,0,11,12,0,12,23
09/12/2022,HUF,IN,AGL,CE,Combined TRACON& Tower with Radar,0,5,27,0,32,0,1,86,0,87,0,6,113,0,119,212,0,212,331
09/13/2022,HUF,IN,AGL,CE,Combined TRACON& Tower with Radar,0,8,48,0,56,0,13,71,0,84,0,21,119,0,140,172,0,172,312
09/14/2022,HUF,IN,AGL,CE,Combined TRACON& Tower with Radar,0,2,24,0,26,0,15,132,2,149,0,17,156,2,175,119,0,119,294
09/15/2022,HUF,IN,AGL,CE,Combined TRACON& Tower with Radar,0,2,43,2,47,0,26,115,0,141,0,28,158,2,188,102,0,102,290
09/16/2022,HUF,IN,AGL,CE,Combined TRACON& Tower with Radar,0,4,28,4,36,0,15,94,0,109,0,19,122,4,145,116,0,116,261
09/17/2022,HUF,IN,AGL,CE,Combined TRACON& Tower with Radar,2,6,20,0,28,0,10,69,0,79,2,16,89,0,107,60,0,60,167
09/18/2022,HUF,IN,AGL,CE,Combined TRACON& Tower with Radar,0,4,10,4,18,0,3,50,0,53,0,7,60,4,71,74,0,74,145
09/19/2022,HUF,IN,AGL,CE,Combined TRACON& Tower with Radar,0,4,25,0,29,0,3,37,0,40,0,7,62,0,69,138,0,138,207
09/20/2022,HUF,IN,AGL,CE,Combined TRACON& Tower with Radar,0,6,37,1,44,0,12,94,1,107,0,18,131,2,151,208,0,208,359
09/21/2022,HUF,IN,AGL,CE,Combined TRACON& Tower with Radar,0,6,31,0,37,0,33,101,3,137,0,39,132,3,174,118,0,118,292
09/22/2022,HUF,IN,AGL,CE,Combined TRACON& Tower with Radar,0,1,31,2,34,0,26,120,2,148,0,27,151,4,182,180,0,180,362
09/23/2022,HUF,IN,AGL,CE,Combined TRACON& Tower with Radar,0,1,35,6,42,0,46,145,0,191,0,47,180,6,233,180,0,180,413
09/24/2022,HUF,IN,AGL,CE,Combined TRACON& Tower with Radar,0,0,19,0,19,0,19,63,0,82,0,19,82,0,101,36,0,36,137
09/25/2022,HUF,IN,AGL,CE,Combined TRACON& Tower with Radar,0,0,11,7,18,0,2,15,1,18,0,2,26,8,36,8,0,8,44
09/26/2022,HUF,IN,AGL,CE,Combined TRACON& Tower with Radar,0,6,13,0,19,0,6,97,0,103,0,12,110,0,122,120,0,120,242
09/27/2022,HUF,IN,AGL,CE,Combined TRACON& Tower with Radar,0,0,22,0,22,0,15,113,0,128,0,15,135,0,150,240,0,240,390
09/28/2022,HUF,IN,AGL,CE,Combined TRACON& Tower with Radar,0,4,43,0,47,0,38,94,0,132,0,42,137,0,179,258,0,258,437
09/29/2022,HUF,IN,AGL,CE,Combined TRACON& Tower with Radar,0,4,29,2,35,0,7,89,0,96,0,11,118,2,131,186,0,186,317
09/30/2022,HUF,IN,AGL,CE,Combined TRACON& Tower with Radar,0,4,26,2,32,0,24,114,0,138,0,28,140,2,170,148,0,148,318
10/01/2022,HUF,IN,AGL,CE,Combined TRACON& Tower with Radar,0,3,21,0,24,0,22,61,0,83,0,25,82,0,107,70,0,70,177
10/02/2022,HUF,IN,AGL,CE,Combined TRACON& Tower with Radar,0,3,8,0,11,0,3,40,0,43,0,6,48,0,54,22,0,22,76
10/03/2022,HUF,IN,AGL,CE,Combined TRACON& Tower with Radar,0,3,23,0,26,0,5,124,0,129,0,8,147,0,155,251,0,251,406
10/04/2022,HUF,IN,AGL,CE,Combined TRACON& Tower with Radar,0,6,26,0,32,0,18,110,0,128,0,24,136,0,160,210,0,210,370
10/05/2022,HUF,IN,AGL,CE,Combined TRACON& Tower with Radar,0,2,32,0,34,0,21,145,0,166,0,23,177,0,200,254,0,254,454
10/06/2022,HUF,IN,AGL,CE,Combined TRACON& Tower with Radar,0,6,35,5,46,0,43,130,1,174,0,49,165,6,220,266,2,268,488
10/07/2022,HUF,IN,AGL,CE,Combined TRACON& Tower with Radar,0,2,25,9,36,0,13,89,0,102,0,15,114,9,138,96,2,98,236
10/08/2022,HUF,IN,AGL,CE,Combined TRACON& Tower with Radar,2,2,16,2,22,0,9,54,0,63,2,11,70,2,85,54,0,54,139
10/09/2022,HUF,IN,AGL,CE,Combined TRACON& Tower with Radar,0,3,13,0,16,0,11,50,0,61,0,14,63,0,77,42,0,42,119
10/10/2022,HUF,IN,AGL,CE,Combined TRACON& Tower with Radar,0,2,38,0,40,0,11,134,0,145,0,13,172,0,185,184,0,184,369
10/11/2022,HUF,IN,AGL,CE,Combined TRACON& Tower with Radar,0,0,19,2,21,0,3,76,0,79,0,3,95,2,100,206,0,206,306
10/12/2022,HUF,IN,AGL,CE,Combined TRACON& Tower with Radar,0,6,15,1,22,3,2,14,0,19,3,8,29,1,41,26,0,26,67
10/13/2022,HUF,IN,AGL,CE,Combined TRACON& Tower with Radar,0,2,22,2,26,0,6,65,4,75,0,8,87,6,101,192,0,192,293
10/14/2022,HUF,IN,AGL,CE,Combined TRACON& Tower with Radar,0,5,18,0,23,0,16,57,0,73,0,21,75,0,96,94,0,94,190
10/15/2022,HUF,IN,AGL,CE,Combined TRACON& Tower with Radar,0,6,21,0,27,0,8,57,0,65,0,14,78,0,92,22,0,22,114
10/16/2022,HUF,IN,AGL,CE,Combined TRACON& Tower with Radar,0,0,8,0,8,0,7,24,2,33,0,7,32,2,41,6,0,6,47
10/17/2022,HUF,IN,AGL,CE,Combined TRACON& Tower with Radar,0,3,12,2,17,0,2,55,0,57,0,5,67,2,74,106,10,116,190
10/18/2022,HUF,IN,AGL,CE,Combined TRACON& Tower with Radar,0,3,29,0,32,0,6,53,1,60,0,9,82,1,92,83,0,83,175
10/19/2022,HUF,IN,AGL,CE,Combined TRACON& Tower with Radar,0,2,38,0,40,0,36,114,0,150,0,38,152,0,190,161,0,161,351
10/20/2022,HUF,IN,AGL,CE,Combined TRACON& Tower with Radar,0,0,27,2,29,0,19,83,4,106,0,19,110,6,135,208,0,208,343
10/21/2022,HUF,IN,AGL,CE,Combined TRACON& Tower with Radar,0,0,21,1,22,0,35,58,3,96,0,35,79,4,118,186,2,188,306
10/22/2022,HUF,IN,AGL,CE,Combined TRACON& Tower with Radar,0,0,17,3,20,0,6,21,7,34,0,6,38,10,54,80,6,86,140
10/23/2022,HUF,IN,AGL,CE,Combined TRACON& Tower with Radar,0,2,13,2,17,0,2,23,0,25,0,4,36,2,42,34,0,34,76
10/24/2022,HUF,IN,AGL,CE,Combined TRACON& Tower with Radar,0,0,15,0,15,0,6,62,0,68,0,6,77,0,83,137,0,137,220
10/25/2022,HUF,IN,AGL,CE,Combined TRACON& Tower with Radar,0,2,13,10,25,0,1,3,0,4,0,3,16,10,29,41,8,49,78
10/26/2022,HUF,IN,AGL,CE,Combined TRACON& Tower with Radar,0,2,20,0,22,0,11,36,1,48,0,13,56,1,70,66,0,66,136
10/27/2022,HUF,IN,AGL,CE,Combined TRACON& Tower with Radar,0,0,35,2,37,0,21,101,0,122,0,21,136,2,159,170,0,170,329
10/28/2022,HUF,IN,AGL,CE,Combined TRACON& Tower with Radar,2,0,33,0,35,0,34,80,0,114,2,34,113,0,149,256,0,256,405
10/29/2022,HUF,IN,AGL,CE,Combined TRACON& Tower with Radar,1,0,27,0,28,0,17,84,0,101,1,17,111,0,129,198,0,198,327
10/30/2022,HUF,IN,AGL,CE,Combined TRACON& Tower with Radar,1,2,13,0,16,0,1,4,0,5,1,3,17,0,21,0,0,0,21
10/31/2022,HUF,IN,AGL,CE,Combined TRACON& Tower with Radar,0,6,34,0,40,0,1,1,0,2,0,7,35,0,42,20,0,20,62
11/01/2022,HUF,IN,AGL,CE,Combined TRACON& Tower with Radar,0,4,23,0,27,0,29,64,0,93,0,33,87,0,120,220,0,220,340
11/02/2022,HUF,IN,AGL,CE,Combined TRACON& Tower with Radar,0,1,31,4,36,0,29,99,0,128,0,30,130,4,164,243,0,243,407
11/03/2022,HUF,IN,AGL,CE,Combined TRACON& Tower with Radar,0,4,28,0,32,0,42,124,0,166,0,46,152,0,198,273,0,273,471
11/04/2022,HUF,IN,AGL,CE,Combined TRACON& Tower with Radar,1,0,20,4,25,0,10,43,1,54,1,10,63,5,79,96,2,98,177
11/05/2022,HUF,IN,AGL,CE,Combined TRACON& Tower with Radar,1,0,4,3,8,0,0,1,1,2,1,0,5,4,10,0,0,0,10
11/06/2022,HUF,IN,AGL,CE,Combined TRACON& Tower with Radar,0,2,29,0,31,0,13,65,0,78,0,15,94,0,109,86,0,86,195
11/07/2022,HUF,IN,AGL,CE,Combined TRACON& Tower with Radar,0,1,34,0,35,0,1,84,0,85,0,2,118,0,120,182,0,182,302
11/08/2022,HUF,IN,AGL,CE,Combined TRACON& Tower with Radar,0,4,40,0,44,0,13,121,0,134,0,17,161,0,178,249,0,249,427
11/09/2022,HUF,IN,AGL,CE,Combined TRACON& Tower with Radar,0,2,37,2,41,0,18,158,1,177,0,20,195,3,218,360,0,360,578
11/10/2022,HUF,IN,AGL,CE,Combined TRACON& Tower with Radar,0,6,44,0,50,0,37,74,0,111,0,43,118,0,161,140,0,140,301
11/11/2022,HUF,IN,AGL,CE,Combined TRACON& Tower with Radar,0,0,28,2,30,0,1,36,1,38,0,1,64,3,68,122,0,122,190
11/12/2022,HUF,IN,AGL,CE,Combined TRACON& Tower with Radar,0,0,1,0,1,0,1,0,0,1,0,1,1,0,2,14,0,14,16
11/13/2022,HUF,IN,AGL,CE,Combined TRACON& Tower with Radar,0,0,20,0,20,0,16,60,0,76,0,16,80,0,96,218,0,218,314
11/14/2022,HUF,IN,AGL,CE,Combined TRACON& Tower with Radar,0,8,27,0,35,0,4,106,0,110,0,12,133,0,145,280,0,280,425
11/15/2022,HUF,IN,AGL,CE,Combined TRACON& Tower with Radar,0,1,4,0,5,0,0,0,0,0,0,1,4,0,5,0,0,0,5
11/16/2022,HUF,IN,AGL,CE,Combined TRACON& Tower with Radar,0,3,7,0,10,0,9,6,0,15,0,12,13,0,25,38,0,38,63
11/17/2022,HUF,IN,AGL,CE,Combined TRACON& Tower with Radar,0,0,30,0,30,0,19,38,0,57,0,19,68,0,87,228,0,228,315
11/18/2022,HUF,IN,AGL,CE,Combined TRACON& Tower with Radar,0,0,23,2,25,0,6,52,0,58,0,6,75,2,83,132,0,132,215
11/19/2022,HUF,IN,AGL,CE,Combined TRACON& Tower with Radar,0,4,7,0,11,0,9,17,0,26,0,13,24,0,37,46,0,46,83
11/20/2022,HUF,IN,AGL,CE,Combined TRACON& Tower with Radar,0,2,13,0,15,0,3,58,0,61,0,5,71,0,76,154,0,154,230
11/21/2022,HUF,IN,AGL,CE,Combined TRACON& Tower with Radar,0,0,26,0,26,0,5,66,4,75,0,5,92,4,101,44,0,44,145
11/22/2022,HUF,IN,AGL,CE,Combined TRACON& Tower with Radar,0,0,36,0,36,0,7,90,0,97,0,7,126,0,133,152,0,152,285
11/23/2022,HUF,IN,AGL,CE,Combined TRACON& Tower with Radar,0,0,14,2,16,0,4,54,0,58,0,4,68,2,74,174,0,174,248
11/24/2022,HUF,IN,AGL,CE,Combined TRACON& Tower with Radar,0,0,6,0,6,0,0,7,0,7,0,0,13,0,13,0,0,0,13
11/25/2022,HUF,IN,AGL,CE,Combined TRACON& Tower with Radar,0,2,6,0,8,0,0,4,0,4,0,2,10,0,12,0,0,0,12
11/26/2022,HUF,IN,AGL,CE,Combined TRACON& Tower with Radar,0,0,9,0,9,0,1,13,0,14,0,1,22,0,23,0,0,0,23
11/27/2022,HUF,IN,AGL,CE,Combined TRACON& Tower with Radar,0,0,7,0,7,0,0,0,0,0,0,0,7,0,7,0,0,0,7
11/28/2022,HUF,IN,AGL,CE,Combined TRACON& Tower with Radar,0,0,19,0,19,0,2,28,0,30,0,2,47,0,49,172,0,172,221
11/29/2022,HUF,IN,AGL,CE,Combined TRACON& Tower with Radar,0,1,15,0,16,0,0,34,0,34,0,1,49,0,50,72,0,72,122
11/30/2022,HUF,IN,AGL,CE,Combined TRACON& Tower with Radar,0,1,27,2,30,0,12,45,0,57,0,13,72,2,87,157,0,157,244
12/01/2022,HUF,IN,AGL,CE,Combined TRACON& Tower with Radar,0,0,31,0,31,0,23,102,0,125,0,23,133,0,156,252,0,252,408
12/02/2022,HUF,IN,AGL,CE,Combined TRACON& Tower with Radar,0,1,7,0,8,0,4,11,1,16,0,5,18,1,24,30,0,30,54
12/03/2022,HUF,IN,AGL,CE,Combined TRACON& Tower with Radar,0,7,10,4,21,0,7,33,2,42,0,14,43,6,63,74,0,74,137
12/04/2022,HUF,IN,AGL,CE,Combined TRACON& Tower with Radar,0,2,19,0,21,0,14,70,0,84,0,16,89,0,105,160,0,160,265
12/05/2022,HUF,IN,AGL,CE,Combined TRACON& Tower with Radar,0,2,32,0,34,0,3,64,0,67,0,5,96,0,101,286,0,286,387
12/06/2022,HUF,IN,AGL,CE,Combined TRACON& Tower with Radar,0,0,17,0,17,0,0,2,0,2,0,0,19,0,19,10,0,10,29
12/07/2022,HUF,IN,AGL,CE,Combined TRACON& Tower with Radar,0,0,52,4,56,0,4,5,0,9,0,4,57,4,65,54,0,54,119
12/08/2022,HUF,IN,AGL,CE,Combined TRACON& Tower with Radar,0,3,16,0,19,0,0,4,0,4,0,3,20,0,23,28,0,28,51
12/09/2022,HUF,IN,AGL,CE,Combined TRACON& Tower with Radar,0,2,8,0,10,0,0,0,0,0,0,2,8,0,10,0,0,0,10
12/10/2022,HUF,IN,AGL,CE,Combined TRACON& Tower with Radar,0,0,7,0,7,0,0,0,0,0,0,0,7,0,7,0,0,0,7
12/11/2022,HUF,IN,AGL,CE,Combined TRACON& Tower with Radar,0,0,8,0,8,0,0,5,0,5,0,0,13,0,13,110,0,110,123
12/12/2022,HUF,IN,AGL,CE,Combined TRACON& Tower with Radar,0,3,27,2,32,0,5,94,0,99,0,8,121,2,131,266,0,266,397
12/13/2022,HUF,IN,AGL,CE,Combined TRACON& Tower with Radar,0,17,36,2,55,0,2,116,2,120,0,19,152,4,175,214,0,214,389
12/14/2022,HUF,IN,AGL,CE,Combined TRACON& Tower with Radar,0,2,9,0,11,0,0,0,0,0,0,2,9,0,11,0,0,0,11
12/15/2022,HUF,IN,AGL,CE,Combined TRACON& Tower with Radar,0,0,26,2,28,0,2,75,0,77,0,2,101,2,105,216,6,222,327
12/16/2022,HUF,IN,AGL,CE,Combined TRACON& Tower with Radar,0,0,22,0,22,0,3,48,0,51,0,3,70,0,73,84,0,84,157
12/17/2022,HUF,IN,AGL,CE,Combined TRACON& Tower with Radar,0,0,4,0,4,0,3,22,0,25,0,3,26,0,29,76,0,76,105
12/18/2022,HUF,IN,AGL,CE,Combined TRACON& Tower with Radar,0,5,15,0,20,0,7,58,0,65,0,12,73,0,85,140,0,140,225
12/19/2022,HUF,IN,AGL,CE,Combined TRACON& Tower with Radar,0,9,17,0,26,0,6,85,0,91,0,15,102,0,117,228,0,228,345
12/20/2022,HUF,IN,AGL,CE,Combined TRACON& Tower with Radar,6,2,22,0,30,0,13,94,0,107,6,15,116,0,137,150,0,150,287
12/21/2022,HUF,IN,AGL,CE,Combined TRACON& Tower with Radar,0,0,24,2,26,0,7,49,0,56,0,7,73,2,82,194,0,194,276
12/22/2022,HUF,IN,AGL,CE,Combined TRACON& Tower with Radar,0,0,3,0,3,0,0,0,0,0,0,0,3,0,3,0,0,0,3
12/23/2022,HUF,IN,AGL,CE,Combined TRACON& Tower with Radar,0,1,0,0,1,0,0,0,0,0,0,1,0,0,1,0,0,0,1
12/24/2022,HUF,IN,AGL,CE,Combined TRACON& Tower with Radar,0,1,0,0,1,0,3,0,0,3,0,4,0,0,4,0,0,0,4
12/25/2022,HUF,IN,AGL,CE,Combined TRACON& Tower with Radar,0,0,2,0,2,0,1,0,0,1,0,1,2,0,3,0,0,0,3
12/26/2022,HUF,IN,AGL,CE,Combined TRACON& Tower with Radar,0,2,4,0,6,0,0,0,0,0,0,2,4,0,6,0,0,0,6
12/27/2022,HUF,IN,AGL,CE,Combined TRACON& Tower with Radar,0,0,10,0,10,0,0,0,0,0,0,0,10,0,10,0,0,0,10
12/28/2022,HUF,IN,AGL,CE,Combined TRACON& Tower with Radar,0,0,2,0,2,0,3,14,0,17,0,3,16,0,19,12,0,12,31
12/29/2022,HUF,IN,AGL,CE,Combined TRACON& Tower with Radar,0,0,5,1,6,0,0,2,0,2,0,0,7,1,8,10,0,10,18
12/30/2022,HUF,IN,AGL,CE,Combined TRACON& Tower with Radar,0,2,7,0,9,0,0,1,0,1,0,2,8,0,10,0,0,0,10
12/31/2022,HUF,IN,AGL,CE,Combined TRACON& Tower with Radar,0,1,2,0,3,0,2,9,0,11,0,3,11,0,14,18,0,18,32
01/01/2023,HUF,IN,AGL,CE,Combined TRACON& Tower with Radar,0,0,2,0,2,0,0,0,0,0,0,0,2,0,2,0,0,0,2
01/02/2023,HUF,IN,AGL,CE,Combined TRACON& Tower with Radar,0,2,2,0,4,0,0,0,0,0,0,2,2,0,4,0,0,0,4
01/03/2023,HUF,IN,AGL,CE,Combined TRACON& Tower with Radar,0,2,21,0,23,0,2,2,0,4,0,4,23,0,27,25,0,25,52
01/04/2023,HUF,IN,AGL,CE,Combined TRACON& Tower with Radar,0,0,27,0,27,0,3,74,0,77,0,3,101,0,104,181,0,181,285
01/05/2023,HUF,IN,AGL,CE,Combined TRACON& Tower with Radar,0,0,10,0,10,0,2,39,0,41,0,2,49,0,51,96,0,96,147
01/06/2023,HUF,IN,AGL,CE,Combined TRACON& Tower with Radar,0,0,17,0,17,0,14,32,0,46,0,14,49,0,63,108,0,108,171
01/07/2023,HUF,IN,AGL,CE,Combined TRACON& Tower with Radar,0,0,17,0,17,0,26,89,0,115,0,26,106,0,132,166,0,166,298
01/08/2023,HUF,IN,AGL,CE,Combined TRACON& Tower with Radar,0,0,9,0,9,0,4,13,0,17,0,4,22,0,26,116,0,116,142
01/09/2023,HUF,IN,AGL,CE,Combined TRACON& Tower with Radar,0,0,15,0,15,0,4,63,0,67,0,4,78,0,82,76,0,76,158
01/10/2023,HUF,IN,AGL,CE,Combined TRACON& Tower with Radar,0,2,25,0,27,0,8,105,1,114,0,10,130,1,141,208,0,208,349
01/11/2023,HUF,IN,AGL,CE,Combined TRACON& Tower with Radar,0,0,10,0,10,0,0,0,0,0,0,0,10,0,10,0,0,0,10
01/12/2023,HUF,IN,AGL,CE,Combined TRACON& Tower with Radar,0,0,4,0,4,0,0,0,0,0,0,0,4,0,4,0,0,0,4
01/13/2023,HUF,IN,AGL,CE,Combined TRACON& Tower with Radar,0,2,10,0,12,0,5,8,0,13,0,7,18,0,25,52,0,52,77
01/14/2023,HUF,IN,AGL,CE,Combined TRACON& Tower with Radar,0,2,12,0,14,0,26,43,0,69,0,28,55,0,83,342,0,342,425
01/15/2023,HUF,IN,AGL,CE,Combined TRACON& Tower with Radar,0,3,20,0,23,0,3,75,0,78,0,6,95,0,101,114,0,114,215
01/16/2023,HUF,IN,AGL,CE,Combined TRACON& Tower with Radar,0,0,2,0,2,0,0,2,0,2,0,0,4,0,4,0,0,0,4
01/17/2023,HUF,IN,AGL,CE,Combined TRACON& Tower with Radar,0,0,52,3,55,0,4,77,0,81,0,4,129,3,136,174,0,174,310
01/18/2023,HUF,IN,AGL,CE,Combined TRACON& Tower with Radar,1,1,7,2,11,0,0,1,0,1,1,1,8,2,12,0,0,0,12
01/19/2023,HUF,IN,AGL,CE,Combined TRACON& Tower with Radar,2,2,10,0,14,0,0,4,0,4,2,2,14,0,18,8,0,8,26
01/20/2023,HUF,IN,AGL,CE,Combined TRACON& Tower with Radar,2,3,10,2,17,1,5,18,0,24,3,8,28,2,41,204,0,204,245
01/21/2023,HUF,IN,AGL,CE,Combined TRACON& Tower with Radar,1,0,2,0,3,0,2,3,0,5,1,2,5,0,8,64,0,64,72
01/22/2023,HUF,IN,AGL,CE,Combined TRACON& Tower with Radar,0,0,1,0,1,0,0,0,0,0,0,0,1,0,1,0,0,0,1
01/23/2023,HUF,IN,AGL,CE,Combined TRACON& Tower with Radar,2,2,14,0,18,0,3,49,0,52,2,5,63,0,70,309,0,309,379
01/24/2023,HUF,IN,AGL,CE,Combined TRACON& Tower with Radar,2,6,43,0,51,0,8,140,0,148,2,14,183,0,199,266,0,266,465
01/25/2023,HUF,IN,AGL,CE,Combined TRACON& Tower with Radar,6,0,1,0,7,0,0,0,0,0,6,0,1,0,7,0,0,0,7
01/26/2023,HUF,IN,AGL,CE,Combined TRACON& Tower with Radar,1,7,15,0,23,0,1,1,0,2,1,8,16,0,25,38,0,38,63
01/27/2023,HUF,IN,AGL,CE,Combined TRACON& Tower with Radar,1,2,21,0,24,0,11,46,0,57,1,13,67,0,81,84,0,84,165
01/28/2023,HUF,IN,AGL,CE,Combined TRACON& Tower with Radar,0,3,18,1,22,0,15,82,1,98,0,18,100,2,120,164,0,164,284
01/29/2023,HUF,IN,AGL,CE,Combined TRACON& Tower with Radar,0,0,0,0,0,0,0,0,0,0,0,0,0,0,0,0,0,0,0
01/30/2023,HUF,IN,AGL,CE,Combined TRACON& Tower with Radar,0,0,3,0,3,0,1,0,0,1,0,1,3,0,4,0,0,0,4
01/31/2023,HUF,IN,AGL,CE,Combined TRACON& Tower with Radar,0,1,30,4,35,0,26,116,1,143,0,27,146,5,178,202,0,202,380
02/01/2023,HUF,IN,AGL,CE,Combined TRACON& Tower with Radar,0,0,35,0,35,0,31,107,0,138,0,31,142,0,173,268,0,268,441
02/02/2023,HUF,IN,AGL,CE,Combined TRACON& Tower with Radar,0,0,37,0,37,0,20,135,0,155,0,20,172,0,192,284,0,284,476
02/03/2023,HUF,IN,AGL,CE,Combined TRACON& Tower with Radar,0,6,26,0,32,0,22,75,0,97,0,28,101,0,129,234,0,234,363
02/04/2023,HUF,IN,AGL,CE,Combined TRACON& Tower with Radar,0,2,8,0,10,0,6,14,0,20,0,8,22,0,30,40,0,40,70
02/05/2023,HUF,IN,AGL,CE,Combined TRACON& Tower with Radar,0,0,5,0,5,0,1,43,0,44,0,1,48,0,49,40,0,40,89
02/06/2023,HUF,IN,AGL,CE,Combined TRACON& Tower with Radar,0,4,21,0,25,0,2,88,1,91,0,6,109,1,116,244,0,244,360
02/07/2023,HUF,IN,AGL,CE,Combined TRACON& Tower with Radar,0,2,27,0,29,0,14,51,2,67,0,16,78,2,96,258,0,258,354
02/08/2023,HUF,IN,AGL,CE,Combined TRACON& Tower with Radar,0,0,29,0,29,0,9,56,0,65,0,9,85,0,94,162,0,162,256
02/09/2023,HUF,IN,AGL,CE,Combined TRACON& Tower with Radar,0,0,2,0,2,0,0,0,0,0,0,0,2,0,2,0,0,0,2
02/10/2023,HUF,IN,AGL,CE,Combined TRACON& Tower with Radar,0,0,5,2,7,0,0,26,0,26,0,0,31,2,33,118,0,118,151
02/11/2023,HUF,IN,AGL,CE,Combined TRACON& Tower with Radar,0,1,27,0,28,0,6,109,0,115,0,7,136,0,143,98,0,98,241
02/12/2023,HUF,IN,AGL,CE,Combined TRACON& Tower with Radar,0,4,25,0,29,0,1,112,0,113,0,5,137,0,142,155,0,155,297
02/13/2023,HUF,IN,AGL,CE,Combined TRACON& Tower with Radar,0,2,32,0,34,0,0,94,0,94,0,2,126,0,128,230,0,230,358
02/14/2023,HUF,IN,AGL,CE,Combined TRACON& Tower with Radar,0,0,27,0,27,0,6,33,2,41,0,6,60,2,68,140,0,140,208
02/15/2023,HUF,IN,AGL,CE,Combined TRACON& Tower with Radar,0,0,33,18,51,0,13,68,0,81,0,13,101,18,132,210,0,210,342
02/16/2023,HUF,IN,AGL,CE,Combined TRACON& Tower with Radar,0,0,4,0,4,0,0,0,0,0,0,0,4,0,4,0,0,0,4
02/17/2023,HUF,IN,AGL,CE,Combined TRACON& Tower with Radar,0,0,3,0,3,0,6,32,0,38,0,6,35,0,41,142,0,142,183
02/18/2023,HUF,IN,AGL,CE,Combined TRACON& Tower with Radar,0,0,16,0,16,0,19,84,0,103,0,19,100,0,119,124,0,124,243
02/19/2023,HUF,IN,AGL,CE,Combined TRACON& Tower with Radar,0,0,9,0,9,0,1,30,0,31,0,1,39,0,40,14,0,14,54
02/20/2023,HUF,IN,AGL,CE,Combined TRACON& Tower with Radar,0,8,30,0,38,0,4,113,0,117,0,12,143,0,155,168,0,168,323
02/21/2023,HUF,IN,AGL,CE,Combined TRACON& Tower with Radar,0,9,37,0,46,0,33,84,0,117,0,42,121,0,163,188,0,188,351
02/22/2023,HUF,IN,AGL,CE,Combined TRACON& Tower with Radar,0,0,7,0,7,0,0,2,0,2,0,0,9,0,9,6,0,6,15
02/23/2023,HUF,IN,AGL,CE,Combined TRACON& Tower with Radar,0,0,16,0,16,0,5,30,0,35,0,5,46,0,51,72,0,72,123
02/24/2023,HUF,IN,AGL,CE,Combined TRACON& Tower with Radar,0,6,23,0,29,0,15,105,0,120,0,21,128,0,149,272,0,272,421
02/25/2023,HUF,IN,AGL,CE,Combined TRACON& Tower with Radar,0,4,22,1,27,0,2,75,1,78,0,6,97,2,105,212,0,212,317
02/26/2023,HUF,IN,AGL,CE,Combined TRACON& Tower with Radar,0,4,16,0,20,0,7,80,1,88,0,11,96,1,108,186,0,186,294
02/27/2023,HUF,IN,AGL,CE,Combined TRACON& Tower with Radar,0,0,10,0,10,0,0,0,0,0,0,0,10,0,10,0,0,0,10
02/28/2023,HUF,IN,AGL,CE,Combined TRACON& Tower with Radar,0,7,25,2,34,0,10,75,0,85,0,17,100,2,119,184,0,184,303
03/01/2023,HUF,IN,AGL,CE,Combined TRACON& Tower with Radar,0,3,31,2,36,0,6,167,0,173,0,9,198,2,209,306,0,306,515
03/02/2023,HUF,IN,AGL,CE,Combined TRACON& Tower with Radar,0,6,42,0,48,0,7,141,0,148,0,13,183,0,196,273,0,273,469
03/03/2023,HUF,IN,AGL,CE,Combined TRACON& Tower with Radar,0,0,0,0,0,0,0,0,0,0,0,0,0,0,0,0,0,0,0
03/04/2023,HUF,IN,AGL,CE,Combined TRACON& Tower with Radar,0,2,15,0,17,0,9,63,0,72,0,11,78,0,89,144,0,144,233
03/05/2023,HUF,IN,AGL,CE,Combined TRACON& Tower with Radar,0,0,20,0,20,0,8,79,0,87,0,8,99,0,107,84,0,84,191
03/06/2023,HUF,IN,AGL,CE,Combined TRACON& Tower with Radar,0,0,19,0,19,0,1,75,0,76,0,1,94,0,95,91,0,91,186
03/07/2023,HUF,IN,AGL,CE,Combined TRACON& Tower with Radar,0,4,18,5,27,0,10,64,1,75,0,14,82,6,102,276,0,276,378
03/08/2023,HUF,IN,AGL,CE,Combined TRACON& Tower with Radar,0,4,17,2,23,0,6,73,0,79,0,10,90,2,102,96,0,96,198
03/09/2023,HUF,IN,AGL,CE,Combined TRACON& Tower with Radar,0,0,22,7,29,0,6,63,1,70,0,6,85,8,99,84,10,94,193
03/10/2023,HUF,IN,AGL,CE,Combined TRACON& Tower with Radar,0,2,7,0,9,0,3,0,0,3,0,5,7,0,12,0,0,0,12
03/11/2023,HUF,IN,AGL,CE,Combined TRACON& Tower with Radar,0,0,6,0,6,0,1,45,0,46,0,1,51,0,52,118,0,118,170
03/12/2023,HUF,IN,AGL,CE,Combined TRACON& Tower with Radar,0,0,0,0,0,0,0,0,0,0,0,0,0,0,0,0,0,0,0
03/13/2023,HUF,IN,AGL,CE,Combined TRACON& Tower with Radar,0,0,8,0,8,0,2,8,0,10,0,2,16,0,18,86,0,86,104
03/14/2023,HUF,IN,AGL,CE,Combined TRACON& Tower with Radar,0,0,36,4,40,0,6,110,2,118,0,6,146,6,158,234,7,241,399
03/15/2023,HUF,IN,AGL,CE,Combined TRACON& Tower with Radar,0,3,41,8,52,0,2,153,0,155,0,5,194,8,207,269,8,277,484
03/16/2023,HUF,IN,AGL,CE,Combined TRACON& Tower with Radar,0,1,16,0,17,0,2,31,1,34,0,3,47,1,51,78,0,78,129
03/17/2023,HUF,IN,AGL,CE,Combined TRACON& Tower with Radar,0,0,8,0,8,0,0,2,0,2,0,0,10,0,10,0,0,0,10
03/18/2023,HUF,IN,AGL,CE,Combined TRACON& Tower with Radar,0,0,3,0,3,0,1,1,0,2,0,1,4,0,5,0,0,0,5
03/19/2023,HUF,IN,AGL,CE,Combined TRACON& Tower with Radar,0,2,27,0,29,0,7,86,0,93,0,9,113,0,122,88,0,88,210
03/20/2023,HUF,IN,AGL,CE,Combined TRACON& Tower with Radar,0,4,45,2,51,0,7,112,5,124,0,11,157,7,175,255,0,255,430
03/21/2023,HUF,IN,AGL,CE,Combined TRACON& Tower with Radar,0,0,21,6,27,0,6,86,0,92,0,6,107,6,119,139,4,143,262
03/22/2023,HUF,IN,AGL,CE,Combined TRACON& Tower with Radar,0,12,12,0,24,0,0,0,0,0,0,12,12,0,24,32,0,32,56
03/23/2023,HUF,IN,AGL,CE,Combined TRACON& Tower with Radar,0,9,6,0,15,0,0,0,0,0,0,9,6,0,15,0,0,0,15
03/24/2023,HUF,IN,AGL,CE,Combined TRACON& Tower with Radar,0,6,4,0,10,0,0,0,0,0,0,6,4,0,10,0,0,0,10
03/25/2023,HUF,IN,AGL,CE,Combined TRACON& Tower with Radar,0,0,10,0,10,0,0,2,0,2,0,0,12,0,12,0,0,0,12
03/26/2023,HUF,IN,AGL,CE,Combined TRACON& Tower with Radar,0,0,25,0,25,0,0,92,0,92,0,0,117,0,117,220,0,220,337
03/27/2023,HUF,IN,AGL,CE,Combined TRACON& Tower with Radar,0,0,13,0,13,0,4,8,0,12,0,4,21,0,25,44,0,44,69
03/28/2023,HUF,IN,AGL,CE,Combined TRACON& Tower with Radar,0,2,37,6,45,0,6,113,0,119,0,8,150,6,164,276,0,276,440
03/29/2023,HUF,IN,AGL,CE,Combined TRACON& Tower with Radar,0,2,36,0,38,0,4,113,0,117,0,6,149,0,155,296,0,296,451
03/30/2023,HUF,IN,AGL,CE,Combined TRACON& Tower with Radar,0,3,40,0,43,0,1,117,1,119,0,4,157,1,162,230,6,236,398
03/31/2023,HUF,IN,AGL,CE,Combined TRACON& Tower with Radar,0,0,0,0,0,0,1,2,0,3,0,1,2,0,3,12,0,12,15
04/01/2023,HUF,IN,AGL,CE,Combined TRACON& Tower with Radar,0,0,4,0,4,0,0,3,0,3,0,0,7,0,7,1,0,1,8
04/02/2023,HUF,IN,AGL,CE,Combined TRACON& Tower with Radar,0,5,25,0,30,0,12,119,0,131,0,17,144,0,161,117,0,117,278
04/03/2023,HUF,IN,AGL,CE,Combined TRACON& Tower with Radar,0,6,34,8,48,0,1,89,0,90,0,7,123,8,138,198,0,198,336
04/04/2023,HUF,IN,AGL,CE,Combined TRACON& Tower with Radar,0,0,10,0,10,0,0,2,0,2,0,0,12,0,12,2,0,2,14
04/05/2023,HUF,IN,AGL,CE,Combined TRACON& Tower with Radar,0,0,3,0,3,0,0,1,0,1,0,0,4,0,4,0,0,0,4
04/06/2023,HUF,IN,AGL,CE,Combined TRACON& Tower with Radar,0,3,43,1,47,0,1,131,2,134,0,4,174,3,181,233,0,233,414
04/07/2023,HUF,IN,AGL,CE,Combined TRACON& Tower with Radar,0,6,25,0,31,0,4,103,0,107,0,10,128,0,138,154,0,154,292
04/08/2023,HUF,IN,AGL,CE,Combined TRACON& Tower with Radar,0,2,13,2,17,0,8,72,0,80,0,10,85,2,97,66,0,66,163
04/09/2023,HUF,IN,AGL,CE,Combined TRACON& Tower with Radar,0,4,4,0,8,0,0,14,0,14,0,4,18,0,22,2,0,2,24
04/10/2023,HUF,IN,AGL,CE,Combined TRACON& Tower with Radar,0,2,27,6,35,0,6,121,0,127,0,8,148,6,162,180,0,180,342
04/11/2023,HUF,IN,AGL,CE,Combined TRACON& Tower with Radar,0,0,34,0,34,0,5,126,0,131,0,5,160,0,165,198,0,198,363
04/12/2023,HUF,IN,AGL,CE,Combined TRACON& Tower with Radar,0,3,36,0,39,0,4,118,0,122,0,7,154,0,161,168,0,168,329
04/13/2023,HUF,IN,AGL,CE,Combined TRACON& Tower with Radar,0,2,44,0,46,0,1,131,1,133,0,3,175,1,179,214,0,214,393
04/14/2023,HUF,IN,AGL,CE,Combined TRACON& Tower with Radar,0,0,38,4,42,0,1,106,0,107,0,1,144,4,149,227,0,227,376
04/15/2023,HUF,IN,AGL,CE,Combined TRACON& Tower with Radar,0,0,28,1,29,0,1,74,1,76,0,1,102,2,105,60,0,60,165
04/16/2023,HUF,IN,AGL,CE,Combined TRACON& Tower with Radar,0,0,6,0,6,0,0,0,0,0,0,0,6,0,6,0,0,0,6
04/17/2023,HUF,IN,AGL,CE,Combined TRACON& Tower with Radar,0,2,3,0,5,0,1,8,0,9,0,3,11,0,14,10,0,10,24
04/18/2023,HUF,IN,AGL,CE,Combined TRACON& Tower with Radar,0,3,30,8,41,0,7,124,0,131,0,10,154,8,172,282,0,282,454
04/19/2023,HUF,IN,AGL,CE,Combined TRACON& Tower with Radar,0,1,28,0,29,0,1,91,0,92,0,2,119,0,121,136,0,136,257
04/20/2023,HUF,IN,AGL,CE,Combined TRACON& Tower with Radar,0,0,13,2,15,0,5,11,0,16,0,5,24,2,31,10,0,10,41
04/21/2023,HUF,IN,AGL,CE,Combined TRACON& Tower with Radar,0,4,17,0,21,0,8,62,0,70,0,12,79,0,91,130,4,134,225
04/22/2023,HUF,IN,AGL,CE,Combined TRACON& Tower with Radar,0,4,9,0,13,0,4,40,1,45,0,8,49,1,58,58,0,58,116
04/23/2023,HUF,IN,AGL,CE,Combined TRACON& Tower with Radar,0,4,11,0,15,0,4,41,1,46,0,8,52,1,61,76,0,76,137
04/24/2023,HUF,IN,AGL,CE,Combined TRACON& Tower with Radar,0,2,28,0,30,0,6,119,3,128,0,8,147,3,158,195,0,195,353
04/25/2023,HUF,IN,AGL,CE,Combined TRACON& Tower with Radar,0,4,22,0,26,0,6,66,0,72,0,10,88,0,98,268,0,268,366
04/26/2023,HUF,IN,AGL,CE,Combined TRACON& Tower with Radar,0,12,41,1,54,0,10,130,3,143,0,22,171,4,197,220,0,220,417
04/27/2023,HUF,IN,AGL,CE,Combined TRACON& Tower with Radar,0,0,17,5,22,0,6,85,4,95,0,6,102,9,117,198,6,204,321
04/28/2023,HUF,IN,AGL,CE,Combined TRACON& Tower with Radar,0,4,37,0,41,0,0,14,0,14,0,4,51,0,55,30,0,30,85
04/29/2023,HUF,IN,AGL,CE,Combined TRACON& Tower with Radar,0,1,15,0,16,0,8,62,0,70,0,9,77,0,86,80,0,80,166
04/30/2023,HUF,IN,AGL,CE,Combined TRACON& Tower with Radar,0,0,10,0,10,0,0,7,1,8,0,0,17,1,18,0,0,0,18
05/01/2023,HUF,IN,AGL,CE,Combined TRACON& Tower with Radar,0,0,8,0,8,0,2,4,0,6,0,2,12,0,14,26,0,26,40
05/02/2023,HUF,IN,AGL,CE,Combined TRACON& Tower with Radar,0,2,41,2,45,0,3,57,2,62,0,5,98,4,107,64,12,76,183
05/03/2023,HUF,IN,AGL,CE,Combined TRACON& Tower with Radar,0,1,37,8,46,0,3,130,0,133,0,4,167,8,179,238,10,248,427
05/04/2023,HUF,IN,AGL,CE,Combined TRACON& Tower with Radar,0,4,30,10,44,0,8,142,1,151,0,12,172,11,195,330,0,330,525
05/05/2023,HUF,IN,AGL,CE,Combined TRACON& Tower with Radar,0,5,35,4,44,0,13,101,0,114,0,18,136,4,158,157,2,159,317
05/06/2023,HUF,IN,AGL,CE,Combined TRACON& Tower with Radar,0,2,5,0,7,0,4,39,0,43,0,6,44,0,50,76,0,76,126
05/07/2023,HUF,IN,AGL,CE,Combined TRACON& Tower with Radar,0,2,7,0,9,0,0,8,0,8,0,2,15,0,17,36,0,36,53
05/08/2023,HUF,IN,AGL,CE,Combined TRACON& Tower with Radar,0,2,11,0,13,0,0,11,0,11,0,2,22,0,24,68,0,68,92
05/09/2023,HUF,IN,AGL,CE,Combined TRACON& Tower with Radar,0,4,29,0,33,0,8,85,0,93,0,12,114,0,126,198,0,198,324
05/10/2023,HUF,IN,AGL,CE,Combined TRACON& Tower with Radar,0,1,34,0,35,0,16,124,6,146,0,17,158,6,181,242,0,242,423
05/11/2023,HUF,IN,AGL,CE,Combined TRACON& Tower with Radar,0,4,28,0,32,0,12,92,0,104,0,16,120,0,136,250,0,250,386
05/12/2023,HUF,IN,AGL,CE,Combined TRACON& Tower with Radar,0,4,32,0,36,0,1,14,0,15,0,5,46,0,51,83,0,83,134
05/13/2023,HUF,IN,AGL,CE,Combined TRACON& Tower with Radar,0,4,10,0,14,0,0,3,0,3,0,4,13,0,17,26,0,26,43
05/14/2023,HUF,IN,AGL,CE,Combined TRACON& Tower with Radar,0,0,7,0,7,0,6,22,0,28,0,6,29,0,35,58,0,58,93
05/15/2023,HUF,IN,AGL,CE,Combined TRACON& Tower with Radar,0,1,37,6,44,0,2,94,0,96,0,3,131,6,140,228,2,230,370
05/16/2023,HUF,IN,AGL,CE,Combined TRACON& Tower with Radar,0,0,47,0,47,0,16,34,0,50,0,16,81,0,97,104,0,104,201
05/17/2023,HUF,IN,AGL,CE,Combined TRACON& Tower with Radar,0,0,43,2,45,0,14,133,2,149,0,14,176,4,194,216,6,222,416
05/18/2023,HUF,IN,AGL,CE,Combined TRACON& Tower with Radar,0,4,28,0,32,0,18,110,0,128,0,22,138,0,160,215,0,215,375
05/19/2023,HUF,IN,AGL,CE,Combined TRACON& Tower with Radar,0,8,31,0,39,0,12,70,3,85,0,20,101,3,124,156,8,164,288
05/20/2023,HUF,IN,AGL,CE,Combined TRACON& Tower with Radar,0,3,9,0,12,0,6,58,4,68,0,9,67,4,80,72,0,72,152
05/21/2023,HUF,IN,AGL,CE,Combined TRACON& Tower with Radar,0,2,19,0,21,0,5,43,0,48,0,7,62,0,69,66,0,66,135
05/22/2023,HUF,IN,AGL,CE,Combined TRACON& Tower with Radar,0,2,20,4,26,0,0,96,0,96,0,2,116,4,122,194,0,194,316
05/23/2023,HUF,IN,AGL,CE,Combined TRACON& Tower with Radar,0,0,24,2,26,0,11,97,0,108,0,11,121,2,134,161,0,161,295
05/24/2023,HUF,IN,AGL,CE,Combined TRACON& Tower with Radar,0,0,39,0,39,0,8,97,0,105,0,8,136,0,144,210,0,210,354
05/25/2023,HUF,IN,AGL,CE,Combined TRACON& Tower with Radar,0,4,31,4,39,0,13,91,9,113,0,17,122,13,152,126,10,136,288
05/26/2023,HUF,IN,AGL,CE,Combined TRACON& Tower with Radar,0,1,19,0,20,0,15,105,0,120,0,16,124,0,140,170,0,170,310
05/27/2023,HUF,IN,AGL,CE,Combined TRACON& Tower with Radar,0,2,18,1,21,0,4,43,2,49,0,6,61,3,70,64,0,64,134
05/28/2023,HUF,IN,AGL,CE,Combined TRACON& Tower with Radar,0,4,9,0,13,0,7,21,0,28,0,11,30,0,41,44,0,44,85
05/29/2023,HUF,IN,AGL,CE,Combined TRACON& Tower with Radar,0,0,12,2,14,0,3,49,1,53,0,3,61,3,67,84,0,84,151
05/30/2023,HUF,IN,AGL,CE,Combined TRACON& Tower with Radar,0,2,29,1,32,0,9,76,0,85,0,11,105,1,117,218,0,218,335
05/31/2023,HUF,IN,AGL,CE,Combined TRACON& Tower with Radar,2,1,38,0,41,0,2,82,0,84,2,3,120,0,125,188,0,188,313
06/01/2023,HUF,IN,AGL,CE,Combined TRACON& Tower with Radar,0,10,58,0,68,0,15,132,0,147,0,25,190,0,215,146,0,146,361
06/02/2023,HUF,IN,AGL,CE,Combined TRACON& Tower with Radar,0,2,37,0,39,0,12,91,4,107,0,14,128,4,146,174,0,174,320
06/03/2023,HUF,IN,AGL,CE,Combined TRACON& Tower with Radar,0,2,10,0,12,0,5,64,0,69,0,7,74,0,81,116,0,116,197
06/04/2023,HUF,IN,AGL,CE,Combined TRACON& Tower with Radar,2,2,12,4,20,0,2,50,0,52,2,4,62,4,72,32,0,32,104
06/05/2023,HUF,IN,AGL,CE,Combined TRACON& Tower with Radar,0,2,35,0,37,0,5,84,0,89,0,7,119,0,126,82,0,82,208
06/06/2023,HUF,IN,AGL,CE,Combined TRACON& Tower with Radar,0,4,37,1,42,0,12,105,0,117,0,16,142,1,159,166,0,166,325
06/07/2023,HUF,IN,AGL,CE,Combined TRACON& Tower with Radar,1,0,29,0,30,0,5,56,0,61,1,5,85,0,91,172,0,172,263
06/08/2023,HUF,IN,AGL,CE,Combined TRACON& Tower with Radar,0,10,44,0,54,0,10,113,0,123,0,20,157,0,177,190,0,190,367
06/09/2023,HUF,IN,AGL,CE,Combined TRACON& Tower with Radar,0,0,35,0,35,0,19,111,1,131,0,19,146,1,166,222,6,228,394
06/10/2023,HUF,IN,AGL,CE,Combined TRACON& Tower with Radar,0,2,16,6,24,0,5,118,0,123,0,7,134,6,147,126,0,126,273
06/11/2023,HUF,IN,AGL,CE,Combined TRACON& Tower with Radar,2,0,4,0,6,0,2,0,0,2,2,2,4,0,8,0,0,0,8
06/12/2023,HUF,IN,AGL,CE,Combined TRACON& Tower with Radar,0,2,32,0,34,0,0,40,0,40,0,2,72,0,74,136,0,136,210
06/13/2023,HUF,IN,AGL,CE,Combined TRACON& Tower with Radar,0,3,9,0,12,0,5,61,0,66,0,8,70,0,78,86,0,86,164
06/14/2023,HUF,IN,AGL,CE,Combined TRACON& Tower with Radar,8,2,32,0,42,0,11,69,0,80,8,13,101,0,122,150,0,150,272
06/15/2023,HUF,IN,AGL,CE,Combined TRACON& Tower with Radar,0,1,42,2,45,0,14,93,0,107,0,15,135,2,152,148,0,148,300
06/16/2023,HUF,IN,AGL,CE,Combined TRACON& Tower with Radar,0,6,26,0,32,0,13,77,0,90,0,19,103,0,122,286,0,286,408
06/17/2023,HUF,IN,AGL,CE,Combined TRACON& Tower with Radar,0,0,9,0,9,0,10,72,0,82,0,10,81,0,91,96,0,96,187
06/18/2023,HUF,IN,AGL,CE,Combined TRACON& Tower with Radar,0,1,12,0,13,0,5,55,0,60,0,6,67,0,73,58,0,58,131
06/19/2023,HUF,IN,AGL,CE,Combined TRACON& Tower with Radar,0,2,11,0,13,0,2,30,0,32,0,4,41,0,45,86,0,86,131
06/20/2023,HUF,IN,AGL,CE,Combined TRACON& Tower with Radar,0,6,29,2,37,0,4,91,0,95,0,10,120,2,132,170,0,170,302
06/21/2023,HUF,IN,AGL,CE,Combined TRACON& Tower with Radar,0,0,18,8,26,0,1,49,1,51,0,1,67,9,77,64,8,72,149
06/22/2023,HUF,IN,AGL,CE,Combined TRACON& Tower with Radar,0,6,36,4,46,0,1,88,0,89,0,7,124,4,135,132,8,140,275
06/23/2023,HUF,IN,AGL,CE,Combined TRACON& Tower with Radar,0,2,38,16,56,0,10,93,0,103,0,12,131,16,159,137,16,153,312
06/24/2023,HUF,IN,AGL,CE,Combined TRACON& Tower with Radar,0,5,12,0,17,0,5,75,0,80,0,10,87,0,97,108,0,108,205
06/25/2023,HUF,IN,AGL,CE,Combined TRACON& Tower with Radar,0,0,4,0,4,0,3,8,0,11,0,3,12,0,15,0,0,0,15
06/26/2023,HUF,IN,AGL,CE,Combined TRACON& Tower with Radar,0,7,24,0,31,0,5,19,0,24,0,12,43,0,55,124,0,124,179
06/27/2023,HUF,IN,AGL,CE,Combined TRACON& Tower with Radar,0,8,43,12,63,0,0,21,0,21,0,8,64,12,84,229,0,229,313
06/28/2023,HUF,IN,AGL,CE,Combined TRACON& Tower with Radar,0,2,33,10,45,0,0,2,0,2,0,2,35,10,47,0,0,0,47
06/29/2023,HUF,IN,AGL,CE,Combined TRACON& Tower with Radar,0,0,3,0,3,0,0,0,0,0,0,0,3,0,3,0,0,0,3
06/30/2023,HUF,IN,AGL,CE,Combined TRACON& Tower with Radar,0,5,19,0,24,0,3,9,3,15,0,8,28,3,39,6,0,6,45
07/01/2023,HUF,IN,AGL,CE,Combined TRACON& Tower with Radar,0,0,4,2,6,0,2,2,0,4,0,2,6,2,10,6,0,6,16
07/02/2023,HUF,IN,AGL,CE,Combined TRACON& Tower with Radar,0,0,2,0,2,0,0,1,0,1,0,0,3,0,3,0,0,0,3
07/03/2023,HUF,IN,AGL,CE,Combined TRACON& Tower with Radar,0,9,8,0,17,0,2,28,0,30,0,11,36,0,47,28,0,28,75
07/04/2023,HUF,IN,AGL,CE,Combined TRACON& Tower with Radar,0,0,5,0,5,0,5,22,0,27,0,5,27,0,32,8,0,8,40
07/05/2023,HUF,IN,AGL,CE,Combined TRACON& Tower with Radar,0,0,26,0,26,0,7,68,0,75,0,7,94,0,101,153,0,153,254
07/06/2023,HUF,IN,AGL,CE,Combined TRACON& Tower with Radar,0,3,30,0,33,0,5,45,0,50,0,8,75,0,83,215,0,215,298
07/07/2023,HUF,IN,AGL,CE,Combined TRACON& Tower with Radar,0,8,32,0,40,0,5,152,2,159,0,13,184,2,199,204,0,204,403
07/08/2023,HUF,IN,AGL,CE,Combined TRACON& Tower with Radar,0,0,5,0,5,0,2,2,0,4,0,2,7,0,9,0,0,0,9
07/09/2023,HUF,IN,AGL,CE,Combined TRACON& Tower with Radar,0,0,13,0,13,0,5,84,0,89,0,5,97,0,102,119,0,119,221
07/10/2023,HUF,IN,AGL,CE,Combined TRACON& Tower with Radar,0,6,32,0,38,0,0,122,0,122,0,6,154,0,160,236,0,236,396
07/11/2023,HUF,IN,AGL,CE,Combined TRACON& Tower with Radar,0,5,24,2,31,0,4,108,0,112,0,9,132,2,143,188,0,188,331
07/12/2023,HUF,IN,AGL,CE,Combined TRACON& Tower with Radar,0,2,35,0,37,0,4,93,0,97,0,6,128,0,134,186,0,186,320
07/13/2023,HUF,IN,AGL,CE,Combined TRACON& Tower with Radar,0,4,43,0,47,0,2,92,0,94,0,6,135,0,141,216,0,216,357
07/14/2023,HUF,IN,AGL,CE,Combined TRACON& Tower with Radar,0,4,25,2,31,1,3,81,0,85,1,7,106,2,116,206,6,212,328
07/15/2023,HUF,IN,AGL,CE,Combined TRACON& Tower with Radar,0,0,8,0,8,0,2,19,0,21,0,2,27,0,29,66,0,66,95
07/16/2023,HUF,IN,AGL,CE,Combined TRACON& Tower with Radar,0,2,5,0,7,0,3,42,0,45,0,5,47,0,52,72,0,72,124
07/17/2023,HUF,IN,AGL,CE,Combined TRACON& Tower with Radar,0,5,33,0,38,0,0,33,0,33,0,5,66,0,71,64,0,64,135
07/18/2023,HUF,IN,AGL,CE,Combined TRACON& Tower with Radar,0,8,46,0,54,0,6,92,0,98,0,14,138,0,152,312,0,312,464
07/19/2023,HUF,IN,AGL,CE,Combined TRACON& Tower with Radar,0,5,43,2,50,0,5,95,0,100,0,10,138,2,150,310,0,310,460
07/20/2023,HUF,IN,AGL,CE,Combined TRACON& Tower with Radar,0,2,34,0,36,0,0,22,2,24,0,2,56,2,60,56,0,56,116
07/21/2023,HUF,IN,AGL,CE,Combined TRACON& Tower with Radar,0,9,15,1,25,0,4,83,0,87,0,13,98,1,112,108,0,108,220
07/22/2023,HUF,IN,AGL,CE,Combined TRACON& Tower with Radar,0,2,21,0,23,0,6,75,0,81,0,8,96,0,104,82,0,82,186
07/23/2023,HUF,IN,AGL,CE,Combined TRACON& Tower with Radar,0,2,13,0,15,0,6,60,1,67,0,8,73,1,82,56,0,56,138
07/24/2023,HUF,IN,AGL,CE,Combined TRACON& Tower with Radar,0,2,38,0,40,0,3,59,0,62,0,5,97,0,102,178,0,178,280
07/25/2023,HUF,IN,AGL,CE,Combined TRACON& Tower with Radar,0,4,27,2,33,0,4,84,0,88,0,8,111,2,121,82,0,82,203
07/26/2023,HUF,IN,AGL,CE,Combined TRACON& Tower with Radar,0,4,17,0,21,0,6,31,0,37,0,10,48,0,58,72,0,72,130
07/27/2023,HUF,IN,AGL,CE,Combined TRACON& Tower with Radar,0,4,20,2,26,0,4,86,0,90,0,8,106,2,116,156,0,156,272
07/28/2023,HUF,IN,AGL,CE,Combined TRACON& Tower with Radar,0,2,20,4,26,0,1,43,0,44,0,3,63,4,70,66,12,78,148
07/29/2023,HUF,IN,AGL,CE,Combined TRACON& Tower with Radar,0,5,9,0,14,0,0,41,1,42,0,5,50,1,56,32,0,32,88
07/30/2023,HUF,IN,AGL,CE,Combined TRACON& Tower with Radar,0,0,12,0,12,0,3,71,0,74,0,3,83,0,86,80,0,80,166
07/31/2023,HUF,IN,AGL,CE,Combined TRACON& Tower with Radar,0,3,21,2,26,0,5,73,0,78,0,8,94,2,104,136,0,136,240
08/01/2023,HUF,IN,AGL,CE,Combined TRACON& Tower with Radar,0,0,29,0,29,0,4,96,0,100,0,4,125,0,129,208,0,208,337
08/02/2023,HUF,IN,AGL,CE,Combined TRACON& Tower with Radar,0,0,25,0,25,0,5,81,0,86,0,5,106,0,111,116,0,116,227
08/03/2023,HUF,IN,AGL,CE,Combined TRACON& Tower with Radar,0,4,31,0,35,0,4,50,5,59,0,8,81,5,94,106,0,106,200
08/04/2023,HUF,IN,AGL,CE,Combined TRACON& Tower with Radar,0,6,28,0,34,0,7,59,2,68,0,13,87,2,102,64,0,64,166
08/05/2023,HUF,IN,AGL,CE,Combined TRACON& Tower with Radar,0,4,8,0,12,0,3,33,9,45,0,7,41,9,57,2,0,2,59
08/06/2023,HUF,IN,AGL,CE,Combined TRACON& Tower with Radar,0,2,18,1,21,0,7,44,1,52,0,9,62,2,73,28,0,28,101
08/07/2023,HUF,IN,AGL,CE,Combined TRACON& Tower with Radar,0,2,12,0,14,0,0,24,0,24,0,2,36,0,38,44,0,44,82
08/08/2023,HUF,IN,AGL,CE,Combined TRACON& Tower with Radar,0,3,15,0,18,0,6,78,1,85,0,9,93,1,103,180,0,180,283
08/09/2023,HUF,IN,AGL,CE,Combined TRACON& Tower with Radar,0,2,6,2,10,0,0,21,0,21,0,2,27,2,31,46,0,46,77
08/10/2023,HUF,IN,AGL,CE,Combined TRACON& Tower with Radar,0,4,33,0,37,0,0,51,0,51,0,4,84,0,88,32,0,32,120
08/11/2023,HUF,IN,AGL,CE,Combined TRACON& Tower with Radar,0,0,22,4,26,0,5,62,1,68,0,5,84,5,94,162,0,162,256
08/12/2023,HUF,IN,AGL,CE,Combined TRACON& Tower with Radar,0,0,13,0,13,0,1,40,0,41,0,1,53,0,54,24,0,24,78
08/13/2023,HUF,IN,AGL,CE,Combined TRACON& Tower with Radar,0,0,8,0,8,0,0,43,0,43,0,0,51,0,51,58,0,58,109
08/14/2023,HUF,IN,AGL,CE,Combined TRACON& Tower with Radar,0,2,16,6,24,0,3,18,0,21,0,5,34,6,45,50,0,50,95
08/15/2023,HUF,IN,AGL,CE,Combined TRACON& Tower with Radar,0,6,50,0,56,0,0,41,0,41,0,6,91,0,97,150,0,150,247
08/16/2023,HUF,IN,AGL,CE,Combined TRACON& Tower with Radar,0,6,13,3,22,0,5,70,2,77,0,11,83,5,99,90,0,90,189
08/17/2023,HUF,IN,AGL,CE,Combined TRACON& Tower with Radar,0,2,27,0,29,0,2,80,0,82,0,4,107,0,111,84,0,84,195
08/18/2023,HUF,IN,AGL,CE,Combined TRACON& Tower with Radar,0,5,43,2,50,0,2,89,0,91,0,7,132,2,141,180,0,180,321
08/19/2023,HUF,IN,AGL,CE,Combined TRACON& Tower with Radar,0,5,15,0,20,0,0,61,0,61,0,5,76,0,81,52,0,52,133
08/20/2023,HUF,IN,AGL,CE,Combined TRACON& Tower with Radar,0,0,9,0,9,0,2,48,1,51,0,2,57,1,60,48,0,48,108
08/21/2023,HUF,IN,AGL,CE,Combined TRACON& Tower with Radar,0,1,12,2,15,0,3,44,0,47,0,4,56,2,62,88,0,88,150
08/22/2023,HUF,IN,AGL,CE,Combined TRACON& Tower with Radar,0,1,36,2,39,0,1,51,0,52,0,2,87,2,91,68,0,68,159
08/23/2023,HUF,IN,AGL,CE,Combined TRACON& Tower with Radar,0,1,17,0,18,0,4,44,0,48,0,5,61,0,66,78,0,78,144
08/24/2023,HUF,IN,AGL,CE,Combined TRACON& Tower with Radar,0,3,23,1,27,0,4,35,0,39,0,7,58,1,66,102,2,104,170
08/25/2023,HUF,IN,AGL,CE,Combined TRACON& Tower with Radar,0,2,30,3,35,0,5,53,0,58,0,7,83,3,93,28,0,28,121
08/26/2023,HUF,IN,AGL,CE,Combined TRACON& Tower with Radar,0,0,23,0,23,0,0,20,0,20,0,0,43,0,43,30,0,30,73
08/27/2023,HUF,IN,AGL,CE,Combined TRACON& Tower with Radar,0,3,24,5,32,0,6,24,0,30,0,9,48,5,62,86,0,86,148
08/28/2023,HUF,IN,AGL,CE,Combined TRACON& Tower with Radar,0,5,25,0,30,0,2,96,0,98,0,7,121,0,128,126,0,126,254
08/29/2023,HUF,IN,AGL,CE,Combined TRACON& Tower with Radar,0,0,45,0,45,0,6,102,0,108,0,6,147,0,153,124,0,124,277
08/30/2023,HUF,IN,AGL,CE,Combined TRACON& Tower with Radar,0,2,47,5,54,0,4,85,2,91,0,6,132,7,145,70,0,70,215
08/31/2023,HUF,IN,AGL,CE,Combined TRACON& Tower with Radar,0,3,25,10,38,0,5,85,4,94,0,8,110,14,132,124,6,130,262
