01/01/2000,HUM,LA,ASW,CE,Federal Contract Tower,0,4,6,0,10,0,23,20,0,43,0,27,26,0,53,6,0,6,59
01/02/2000,HUM,LA,ASW,CE,Federal Contract Tower,0,7,7,0,14,0,43,16,0,59,0,50,23,0,73,10,0,10,83
01/03/2000,HUM,LA,ASW,CE,Federal Contract Tower,0,7,7,0,14,0,87,35,0,122,0,94,42,0,136,14,0,14,150
01/04/2000,HUM,LA,ASW,CE,Federal Contract Tower,0,7,7,1,15,0,148,18,1,167,0,155,25,2,182,6,40,46,228
01/05/2000,HUM,LA,ASW,CE,Federal Contract Tower,0,3,3,0,6,0,111,47,0,158,0,114,50,0,164,24,0,24,188
01/06/2000,HUM,LA,ASW,CE,Federal Contract Tower,0,3,2,1,6,0,136,63,1,200,0,139,65,2,206,70,2,72,278
01/07/2000,HUM,LA,ASW,CE,Federal Contract Tower,0,3,1,1,5,0,112,55,3,170,0,115,56,4,175,0,0,0,175
01/08/2000,HUM,LA,ASW,CE,Federal Contract Tower,0,4,3,1,8,0,67,35,1,103,0,71,38,2,111,52,6,58,169
01/09/2000,HUM,LA,ASW,CE,Federal Contract Tower,0,10,10,0,20,0,62,5,0,67,0,72,15,0,87,56,0,56,143
01/10/2000,HUM,LA,ASW,CE,Federal Contract Tower,0,6,4,1,11,0,108,39,0,147,0,114,43,1,158,0,0,0,158
01/11/2000,HUM,LA,ASW,CE,Federal Contract Tower,0,14,14,2,30,0,123,59,0,182,0,137,73,2,212,34,22,56,268
01/12/2000,HUM,LA,ASW,CE,Federal Contract Tower,0,8,9,2,19,0,118,60,0,178,0,126,69,2,197,2,0,2,199
01/13/2000,HUM,LA,ASW,CE,Federal Contract Tower,0,10,11,0,21,0,41,37,0,78,0,51,48,0,99,12,0,12,111
01/14/2000,HUM,LA,ASW,CE,Federal Contract Tower,0,8,9,0,17,0,120,37,0,157,0,128,46,0,174,8,0,8,182
01/15/2000,HUM,LA,ASW,CE,Federal Contract Tower,0,1,2,0,3,0,71,48,0,119,0,72,50,0,122,2,0,2,124
01/16/2000,HUM,LA,ASW,CE,Federal Contract Tower,0,5,7,0,12,0,79,56,0,135,0,84,63,0,147,12,0,12,159
01/17/2000,HUM,LA,ASW,CE,Federal Contract Tower,0,10,11,0,21,0,76,62,0,138,0,86,73,0,159,72,0,72,231
01/18/2000,HUM,LA,ASW,CE,Federal Contract Tower,0,5,7,0,12,0,143,61,0,204,0,148,68,0,216,8,0,8,224
01/19/2000,HUM,LA,ASW,CE,Federal Contract Tower,0,9,12,0,21,0,117,57,0,174,0,126,69,0,195,6,0,6,201
01/20/2000,HUM,LA,ASW,CE,Federal Contract Tower,0,2,3,0,5,0,129,56,2,187,0,131,59,2,192,48,14,62,254
01/21/2000,HUM,LA,ASW,CE,Federal Contract Tower,0,6,7,0,13,0,125,65,7,197,0,131,72,7,210,16,0,16,226
01/22/2000,HUM,LA,ASW,CE,Federal Contract Tower,0,7,10,0,17,0,83,26,0,109,0,90,36,0,126,32,0,32,158
01/23/2000,HUM,LA,ASW,CE,Federal Contract Tower,0,5,7,0,12,0,70,12,0,82,0,75,19,0,94,12,0,12,106
01/24/2000,HUM,LA,ASW,CE,Federal Contract Tower,0,14,16,1,31,0,112,32,2,146,0,126,48,3,177,16,0,16,193
01/25/2000,HUM,LA,ASW,CE,Federal Contract Tower,0,4,6,0,10,0,133,41,2,176,0,137,47,2,186,14,0,14,200
01/26/2000,HUM,LA,ASW,CE,Federal Contract Tower,0,7,9,0,16,0,153,52,2,207,0,160,61,2,223,0,0,0,223
01/27/2000,HUM,LA,ASW,CE,Federal Contract Tower,0,3,5,0,8,0,121,32,0,153,0,124,37,0,161,6,0,6,167
01/28/2000,HUM,LA,ASW,CE,Federal Contract Tower,0,17,8,2,27,0,21,0,2,23,0,38,8,4,50,4,0,4,54
01/29/2000,HUM,LA,ASW,CE,Federal Contract Tower,0,5,4,0,9,0,0,0,0,0,0,5,4,0,9,2,0,2,11
01/30/2000,HUM,LA,ASW,CE,Federal Contract Tower,0,26,31,0,57,0,84,10,0,94,0,110,41,0,151,48,0,48,199
01/31/2000,HUM,LA,ASW,CE,Federal Contract Tower,0,4,6,0,10,0,124,64,6,194,0,128,70,6,204,200,8,208,412
02/01/2000,HUM,LA,ASW,CE,Federal Contract Tower,0,2,1,0,3,0,170,40,0,210,0,172,41,0,213,32,0,32,245
02/02/2000,HUM,LA,ASW,CE,Federal Contract Tower,0,6,6,0,12,0,107,43,0,150,0,113,49,0,162,6,0,6,168
02/03/2000,HUM,LA,ASW,CE,Federal Contract Tower,0,1,2,1,4,0,145,77,0,222,0,146,79,1,226,68,0,68,294
02/04/2000,HUM,LA,ASW,CE,Federal Contract Tower,0,3,2,1,6,0,136,55,1,192,0,139,57,2,198,66,0,66,264
02/05/2000,HUM,LA,ASW,CE,Federal Contract Tower,0,4,4,0,8,0,85,48,2,135,0,89,52,2,143,38,0,38,181
02/06/2000,HUM,LA,ASW,CE,Federal Contract Tower,0,6,6,0,12,0,75,42,0,117,0,81,48,0,129,46,0,46,175
02/07/2000,HUM,LA,ASW,CE,Federal Contract Tower,0,13,10,0,23,0,132,51,0,183,0,145,61,0,206,30,0,30,236
02/08/2000,HUM,LA,ASW,CE,Federal Contract Tower,0,12,8,0,20,0,135,55,3,193,0,147,63,3,213,16,0,16,229
02/09/2000,HUM,LA,ASW,CE,Federal Contract Tower,0,10,7,0,17,0,72,56,0,128,0,82,63,0,145,90,2,92,237
02/10/2000,HUM,LA,ASW,CE,Federal Contract Tower,0,13,9,0,22,0,117,62,0,179,0,130,71,0,201,28,2,30,231
02/11/2000,HUM,LA,ASW,CE,Federal Contract Tower,0,10,7,0,17,0,115,48,0,163,0,125,55,0,180,8,0,8,188
02/12/2000,HUM,LA,ASW,CE,Federal Contract Tower,0,17,13,0,30,0,64,29,0,93,0,81,42,0,123,120,0,120,243
02/13/2000,HUM,LA,ASW,CE,Federal Contract Tower,0,9,6,0,15,0,57,20,0,77,0,66,26,0,92,28,0,28,120
02/14/2000,HUM,LA,ASW,CE,Federal Contract Tower,0,16,12,0,28,0,36,44,2,82,0,52,56,2,110,24,4,28,138
02/15/2000,HUM,LA,ASW,CE,Federal Contract Tower,0,28,23,4,55,0,113,43,0,156,0,141,66,4,211,48,2,50,261
02/16/2000,HUM,LA,ASW,CE,Federal Contract Tower,0,9,7,0,16,0,60,32,0,92,0,69,39,0,108,22,0,22,130
02/17/2000,HUM,LA,ASW,CE,Federal Contract Tower,0,21,17,0,38,0,127,32,0,159,0,148,49,0,197,2,0,2,199
02/18/2000,HUM,LA,ASW,CE,Federal Contract Tower,0,29,23,3,55,0,104,24,0,128,0,133,47,3,183,32,0,32,215
02/19/2000,HUM,LA,ASW,CE,Federal Contract Tower,0,7,5,0,12,0,62,47,0,109,0,69,52,0,121,82,0,82,203
02/20/2000,HUM,LA,ASW,CE,Federal Contract Tower,0,6,4,0,10,0,86,50,0,136,0,92,54,0,146,68,0,68,214
02/21/2000,HUM,LA,ASW,CE,Federal Contract Tower,0,10,7,0,17,0,104,66,0,170,0,114,73,0,187,50,0,50,237
02/22/2000,HUM,LA,ASW,CE,Federal Contract Tower,0,5,3,0,8,0,151,75,2,228,0,156,78,2,236,92,0,92,328
02/23/2000,HUM,LA,ASW,CE,Federal Contract Tower,0,4,3,0,7,0,150,54,4,208,0,154,57,4,215,104,2,106,321
02/24/2000,HUM,LA,ASW,CE,Federal Contract Tower,0,15,11,0,26,0,134,54,6,194,0,149,65,6,220,26,0,26,246
02/25/2000,HUM,LA,ASW,CE,Federal Contract Tower,0,13,9,0,22,0,105,56,0,161,0,118,65,0,183,30,0,30,213
02/26/2000,HUM,LA,ASW,CE,Federal Contract Tower,0,10,8,0,18,0,98,23,2,123,0,108,31,2,141,20,2,22,163
02/27/2000,HUM,LA,ASW,CE,Federal Contract Tower,0,14,11,0,25,0,60,52,0,112,0,74,63,0,137,81,0,81,218
02/28/2000,HUM,LA,ASW,CE,Federal Contract Tower,0,11,8,0,19,0,109,60,4,173,0,120,68,4,192,90,0,90,282
02/29/2000,HUM,LA,ASW,CE,Federal Contract Tower,0,11,8,0,19,0,139,71,0,210,0,150,79,0,229,62,0,62,291
03/01/2000,HUM,LA,ASW,CE,Federal Contract Tower,0,28,28,0,56,0,84,23,0,107,0,112,51,0,163,70,0,70,233
03/02/2000,HUM,LA,ASW,CE,Federal Contract Tower,0,7,7,0,14,0,109,36,0,145,0,116,43,0,159,54,0,54,213
03/03/2000,HUM,LA,ASW,CE,Federal Contract Tower,0,8,7,0,15,0,111,35,0,146,0,119,42,0,161,18,0,18,179
03/04/2000,HUM,LA,ASW,CE,Federal Contract Tower,0,1,0,0,1,0,60,42,0,102,0,61,42,0,103,48,0,48,151
03/05/2000,HUM,LA,ASW,CE,Federal Contract Tower,0,3,3,0,6,0,91,42,0,133,0,94,45,0,139,64,0,64,203
03/06/2000,HUM,LA,ASW,CE,Federal Contract Tower,0,8,7,0,15,0,119,53,0,172,0,127,60,0,187,34,0,34,221
03/07/2000,HUM,LA,ASW,CE,Federal Contract Tower,0,8,8,0,16,0,114,32,0,146,0,122,40,0,162,52,0,52,214
03/08/2000,HUM,LA,ASW,CE,Federal Contract Tower,0,17,18,2,37,0,121,29,0,150,0,138,47,2,187,22,16,38,225
03/09/2000,HUM,LA,ASW,CE,Federal Contract Tower,0,10,10,1,21,0,145,44,1,190,0,155,54,2,211,4,0,4,215
03/10/2000,HUM,LA,ASW,CE,Federal Contract Tower,0,10,11,1,22,0,97,55,5,157,0,107,66,6,179,60,0,60,239
03/11/2000,HUM,LA,ASW,CE,Federal Contract Tower,0,4,4,0,8,0,82,29,0,111,0,86,33,0,119,30,0,30,149
03/12/2000,HUM,LA,ASW,CE,Federal Contract Tower,0,2,2,0,4,0,89,42,0,131,0,91,44,0,135,44,0,44,179
03/13/2000,HUM,LA,ASW,CE,Federal Contract Tower,0,5,6,0,11,0,141,71,0,212,0,146,77,0,223,56,0,56,279
03/14/2000,HUM,LA,ASW,CE,Federal Contract Tower,0,5,6,0,11,0,149,50,0,199,0,154,56,0,210,22,0,22,232
03/15/2000,HUM,LA,ASW,CE,Federal Contract Tower,0,9,10,1,20,0,81,20,1,102,0,90,30,2,122,2,0,2,124
03/16/2000,HUM,LA,ASW,CE,Federal Contract Tower,0,4,4,1,9,0,161,52,7,220,0,165,56,8,229,24,2,26,255
03/17/2000,HUM,LA,ASW,CE,Federal Contract Tower,0,5,6,1,12,0,114,48,1,163,0,119,54,2,175,24,2,26,201
03/18/2000,HUM,LA,ASW,CE,Federal Contract Tower,0,5,3,0,8,0,34,0,0,34,0,39,3,0,42,0,0,0,42
03/19/2000,HUM,LA,ASW,CE,Federal Contract Tower,0,3,3,0,6,0,81,9,0,90,0,84,12,0,96,6,0,6,102
03/20/2000,HUM,LA,ASW,CE,Federal Contract Tower,0,10,10,1,21,0,88,83,1,172,0,98,93,2,193,60,0,60,253
03/21/2000,HUM,LA,ASW,CE,Federal Contract Tower,0,6,6,1,13,0,131,74,2,207,0,137,80,3,220,26,0,26,246
03/22/2000,HUM,LA,ASW,CE,Federal Contract Tower,0,9,11,0,20,0,100,42,0,142,0,109,53,0,162,58,0,58,220
03/23/2000,HUM,LA,ASW,CE,Federal Contract Tower,0,2,3,0,5,0,113,75,0,188,0,115,78,0,193,30,0,30,223
03/24/2000,HUM,LA,ASW,CE,Federal Contract Tower,0,10,11,0,21,0,91,69,2,162,0,101,80,2,183,26,6,32,215
03/25/2000,HUM,LA,ASW,CE,Federal Contract Tower,0,7,9,0,16,0,56,33,0,89,0,63,42,0,105,32,0,32,137
03/26/2000,HUM,LA,ASW,CE,Federal Contract Tower,0,13,14,0,27,0,70,14,0,84,0,83,28,0,111,68,0,68,179
03/27/2000,HUM,LA,ASW,CE,Federal Contract Tower,0,8,10,0,18,0,107,20,0,127,0,115,30,0,145,70,0,70,215
03/28/2000,HUM,LA,ASW,CE,Federal Contract Tower,0,7,9,0,16,0,121,69,0,190,0,128,78,0,206,46,0,46,252
03/29/2000,HUM,LA,ASW,CE,Federal Contract Tower,0,9,10,0,19,0,132,43,2,177,0,141,53,2,196,36,0,36,232
03/30/2000,HUM,LA,ASW,CE,Federal Contract Tower,0,13,14,0,27,0,121,43,0,164,0,134,57,0,191,22,0,22,213
03/31/2000,HUM,LA,ASW,CE,Federal Contract Tower,0,8,9,0,17,0,92,81,2,175,0,100,90,2,192,4,4,8,200
04/01/2000,HUM,LA,ASW,CE,Federal Contract Tower,0,1,2,1,4,0,78,26,1,105,0,79,28,2,109,14,0,14,123
04/02/2000,HUM,LA,ASW,CE,Federal Contract Tower,0,5,5,0,10,0,63,12,0,75,0,68,17,0,85,16,0,16,101
04/03/2000,HUM,LA,ASW,CE,Federal Contract Tower,0,4,3,0,7,0,78,9,0,87,0,82,12,0,94,44,0,44,138
04/04/2000,HUM,LA,ASW,CE,Federal Contract Tower,0,8,6,3,17,0,129,54,2,185,0,137,60,5,202,76,8,84,286
04/05/2000,HUM,LA,ASW,CE,Federal Contract Tower,0,2,2,0,4,0,136,65,0,201,0,138,67,0,205,18,8,26,231
04/06/2000,HUM,LA,ASW,CE,Federal Contract Tower,0,5,5,0,10,0,157,68,0,225,0,162,73,0,235,10,0,10,245
04/07/2000,HUM,LA,ASW,CE,Federal Contract Tower,0,5,4,0,9,0,136,46,0,182,0,141,50,0,191,2,0,2,193
04/08/2000,HUM,LA,ASW,CE,Federal Contract Tower,0,3,2,0,5,0,63,28,4,95,0,66,30,4,100,10,0,10,110
04/09/2000,HUM,LA,ASW,CE,Federal Contract Tower,0,2,2,0,4,0,61,22,0,83,0,63,24,0,87,20,0,20,107
04/10/2000,HUM,LA,ASW,CE,Federal Contract Tower,0,6,5,2,13,0,115,62,4,181,0,121,67,6,194,12,4,16,210
04/11/2000,HUM,LA,ASW,CE,Federal Contract Tower,0,3,3,0,6,0,142,67,0,209,0,145,70,0,215,42,0,42,257
04/12/2000,HUM,LA,ASW,CE,Federal Contract Tower,0,17,16,2,35,0,97,30,0,127,0,114,46,2,162,26,0,26,188
04/13/2000,HUM,LA,ASW,CE,Federal Contract Tower,0,25,21,0,46,0,49,7,0,56,0,74,28,0,102,18,0,18,120
04/14/2000,HUM,LA,ASW,CE,Federal Contract Tower,0,14,13,0,27,0,126,21,0,147,0,140,34,0,174,0,0,0,174
04/15/2000,HUM,LA,ASW,CE,Federal Contract Tower,0,8,8,0,16,0,78,29,0,107,0,86,37,0,123,16,0,16,139
04/16/2000,HUM,LA,ASW,CE,Federal Contract Tower,0,6,5,0,11,0,70,38,0,108,0,76,43,0,119,30,0,30,149
04/17/2000,HUM,LA,ASW,CE,Federal Contract Tower,0,23,21,4,48,0,103,45,6,154,0,126,66,10,202,28,6,34,236
04/18/2000,HUM,LA,ASW,CE,Federal Contract Tower,0,5,4,0,9,0,138,65,0,203,0,143,69,0,212,46,0,46,258
04/19/2000,HUM,LA,ASW,CE,Federal Contract Tower,0,12,11,2,25,0,142,83,0,225,0,154,94,2,250,36,0,36,286
04/20/2000,HUM,LA,ASW,CE,Federal Contract Tower,0,4,3,0,7,0,116,79,0,195,0,120,82,0,202,28,0,28,230
04/21/2000,HUM,LA,ASW,CE,Federal Contract Tower,0,7,5,0,12,0,103,46,0,149,0,110,51,0,161,8,0,8,169
04/22/2000,HUM,LA,ASW,CE,Federal Contract Tower,0,3,3,0,6,0,58,57,0,115,0,61,60,0,121,20,0,20,141
04/23/2000,HUM,LA,ASW,CE,Federal Contract Tower,0,5,4,0,9,0,69,21,0,90,0,74,25,0,99,36,0,36,135
04/24/2000,HUM,LA,ASW,CE,Federal Contract Tower,0,21,17,0,38,0,98,37,0,135,0,119,54,0,173,10,6,16,189
04/25/2000,HUM,LA,ASW,CE,Federal Contract Tower,0,2,2,0,4,0,155,57,2,214,0,157,59,2,218,22,8,30,248
04/26/2000,HUM,LA,ASW,CE,Federal Contract Tower,0,8,7,1,16,0,152,71,0,223,0,160,78,1,239,12,10,22,261
04/27/2000,HUM,LA,ASW,CE,Federal Contract Tower,0,14,12,0,26,0,121,77,0,198,0,135,89,0,224,20,0,20,244
04/28/2000,HUM,LA,ASW,CE,Federal Contract Tower,0,4,3,0,7,0,116,55,0,171,0,120,58,0,178,6,0,6,184
04/29/2000,HUM,LA,ASW,CE,Federal Contract Tower,0,4,3,0,7,0,70,25,0,95,0,74,28,0,102,46,0,46,148
04/30/2000,HUM,LA,ASW,CE,Federal Contract Tower,0,2,0,0,2,0,74,41,0,115,0,76,41,0,117,42,2,44,161
05/01/2000,HUM,LA,ASW,CE,Federal Contract Tower,0,3,7,0,10,0,121,66,0,187,0,124,73,0,197,10,0,10,207
05/02/2000,HUM,LA,ASW,CE,Federal Contract Tower,0,5,9,0,14,0,144,53,0,197,0,149,62,0,211,24,0,24,235
05/03/2000,HUM,LA,ASW,CE,Federal Contract Tower,0,6,9,0,15,0,113,62,0,175,0,119,71,0,190,24,0,24,214
05/04/2000,HUM,LA,ASW,CE,Federal Contract Tower,0,9,15,1,25,0,113,34,1,148,0,122,49,2,173,22,8,30,203
05/05/2000,HUM,LA,ASW,CE,Federal Contract Tower,0,6,8,1,15,0,73,43,1,117,0,79,51,2,132,2,0,2,134
05/06/2000,HUM,LA,ASW,CE,Federal Contract Tower,0,9,13,0,22,0,54,40,0,94,0,63,53,0,116,26,0,26,142
05/07/2000,HUM,LA,ASW,CE,Federal Contract Tower,0,6,7,0,13,0,94,43,0,137,0,100,50,0,150,0,0,0,150
05/08/2000,HUM,LA,ASW,CE,Federal Contract Tower,0,5,8,0,13,0,130,77,0,207,0,135,85,0,220,36,0,36,256
05/09/2000,HUM,LA,ASW,CE,Federal Contract Tower,0,3,6,0,9,0,152,56,0,208,0,155,62,0,217,12,0,12,229
05/10/2000,HUM,LA,ASW,CE,Federal Contract Tower,0,3,4,0,7,0,126,75,0,201,0,129,79,0,208,14,0,14,222
05/11/2000,HUM,LA,ASW,CE,Federal Contract Tower,0,5,7,1,13,0,134,69,2,205,0,139,76,3,218,10,0,10,228
05/12/2000,HUM,LA,ASW,CE,Federal Contract Tower,0,5,10,0,15,0,119,52,0,171,0,124,62,0,186,22,0,22,208
05/13/2000,HUM,LA,ASW,CE,Federal Contract Tower,0,6,11,0,17,0,87,50,0,137,0,93,61,0,154,44,0,44,198
05/14/2000,HUM,LA,ASW,CE,Federal Contract Tower,0,5,9,0,14,0,76,26,0,102,0,81,35,0,116,4,0,4,120
05/15/2000,HUM,LA,ASW,CE,Federal Contract Tower,0,2,4,0,6,0,108,62,0,170,0,110,66,0,176,58,0,58,234
05/16/2000,HUM,LA,ASW,CE,Federal Contract Tower,0,4,7,0,11,0,132,78,2,212,0,136,85,2,223,8,0,8,231
05/17/2000,HUM,LA,ASW,CE,Federal Contract Tower,0,5,10,0,15,0,128,80,0,208,0,133,90,0,223,22,2,24,247
05/18/2000,HUM,LA,ASW,CE,Federal Contract Tower,0,7,12,0,19,0,118,65,0,183,0,125,77,0,202,40,0,40,242
05/19/2000,HUM,LA,ASW,CE,Federal Contract Tower,0,7,12,0,19,0,120,65,0,185,0,127,77,0,204,40,0,40,244
05/20/2000,HUM,LA,ASW,CE,Federal Contract Tower,0,5,8,0,13,0,74,33,2,109,0,79,41,2,122,46,0,46,168
05/21/2000,HUM,LA,ASW,CE,Federal Contract Tower,0,11,18,0,29,0,70,25,0,95,0,81,43,0,124,40,0,40,164
05/22/2000,HUM,LA,ASW,CE,Federal Contract Tower,0,5,10,0,15,0,100,57,9,166,0,105,67,9,181,24,0,24,205
05/23/2000,HUM,LA,ASW,CE,Federal Contract Tower,0,4,8,0,12,0,140,45,0,185,0,144,53,0,197,8,0,8,205
05/24/2000,HUM,LA,ASW,CE,Federal Contract Tower,0,6,10,0,16,0,103,46,0,149,0,109,56,0,165,22,0,22,187
05/25/2000,HUM,LA,ASW,CE,Federal Contract Tower,0,5,10,0,15,0,136,63,0,199,0,141,73,0,214,16,0,16,230
05/26/2000,HUM,LA,ASW,CE,Federal Contract Tower,0,9,15,0,24,0,96,63,0,159,0,105,78,0,183,20,0,20,203
05/27/2000,HUM,LA,ASW,CE,Federal Contract Tower,0,5,10,0,15,0,80,22,0,102,0,85,32,0,117,34,0,34,151
05/28/2000,HUM,LA,ASW,CE,Federal Contract Tower,0,13,21,0,34,0,75,14,0,89,0,88,35,0,123,76,0,76,199
05/29/2000,HUM,LA,ASW,CE,Federal Contract Tower,0,2,4,0,6,0,109,51,0,160,0,111,55,0,166,32,0,32,198
05/30/2000,HUM,LA,ASW,CE,Federal Contract Tower,0,4,7,0,11,0,107,54,1,162,0,111,61,1,173,38,0,38,211
05/31/2000,HUM,LA,ASW,CE,Federal Contract Tower,0,3,5,0,8,0,99,102,0,201,0,102,107,0,209,8,0,8,217
06/01/2000,HUM,LA,ASW,CE,Federal Contract Tower,0,3,10,0,13,0,118,63,0,181,0,121,73,0,194,24,0,24,218
06/02/2000,HUM,LA,ASW,CE,Federal Contract Tower,0,5,14,0,19,0,121,53,0,174,0,126,67,0,193,18,0,18,211
06/03/2000,HUM,LA,ASW,CE,Federal Contract Tower,0,1,2,0,3,0,59,29,0,88,0,60,31,0,91,26,0,26,117
06/04/2000,HUM,LA,ASW,CE,Federal Contract Tower,0,5,9,0,14,0,82,29,0,111,0,87,38,0,125,30,0,30,155
06/05/2000,HUM,LA,ASW,CE,Federal Contract Tower,0,5,9,0,14,0,94,42,0,136,0,99,51,0,150,2,0,2,152
06/06/2000,HUM,LA,ASW,CE,Federal Contract Tower,0,11,24,0,35,0,128,43,0,171,0,139,67,0,206,6,0,6,212
06/07/2000,HUM,LA,ASW,CE,Federal Contract Tower,0,5,9,1,15,0,119,62,1,182,0,124,71,2,197,6,0,6,203
06/08/2000,HUM,LA,ASW,CE,Federal Contract Tower,0,7,13,1,21,0,104,67,0,171,0,111,80,1,192,14,0,14,206
06/09/2000,HUM,LA,ASW,CE,Federal Contract Tower,0,4,7,0,11,0,88,46,0,134,0,92,53,0,145,18,0,18,163
06/10/2000,HUM,LA,ASW,CE,Federal Contract Tower,0,1,2,0,3,0,59,23,0,82,0,60,25,0,85,14,0,14,99
06/11/2000,HUM,LA,ASW,CE,Federal Contract Tower,0,7,13,0,20,0,68,32,0,100,0,75,45,0,120,8,0,8,128
06/12/2000,HUM,LA,ASW,CE,Federal Contract Tower,0,3,7,1,11,0,106,65,5,176,0,109,72,6,187,18,0,18,205
06/13/2000,HUM,LA,ASW,CE,Federal Contract Tower,0,4,8,0,12,0,114,90,1,205,0,118,98,1,217,34,2,36,253
06/14/2000,HUM,LA,ASW,CE,Federal Contract Tower,0,3,8,0,11,0,107,62,0,169,0,110,70,0,180,8,0,8,188
06/15/2000,HUM,LA,ASW,CE,Federal Contract Tower,0,6,12,0,18,0,121,82,0,203,0,127,94,0,221,14,0,14,235
06/16/2000,HUM,LA,ASW,CE,Federal Contract Tower,0,3,7,0,10,0,107,17,0,124,0,110,24,0,134,2,0,2,136
06/17/2000,HUM,LA,ASW,CE,Federal Contract Tower,0,2,6,0,8,0,87,29,0,116,0,89,35,0,124,12,16,28,152
06/18/2000,HUM,LA,ASW,CE,Federal Contract Tower,0,5,10,0,15,0,65,9,0,74,0,70,19,0,89,6,2,8,97
06/19/2000,HUM,LA,ASW,CE,Federal Contract Tower,0,4,8,0,12,0,134,67,4,205,0,138,75,4,217,38,6,44,261
06/20/2000,HUM,LA,ASW,CE,Federal Contract Tower,0,7,14,0,21,0,131,86,12,229,0,138,100,12,250,22,8,30,280
06/21/2000,HUM,LA,ASW,CE,Federal Contract Tower,0,2,4,0,6,0,149,89,17,255,0,151,93,17,261,20,0,20,281
06/22/2000,HUM,LA,ASW,CE,Federal Contract Tower,0,5,12,0,17,0,131,94,12,237,0,136,106,12,254,14,0,14,268
06/23/2000,HUM,LA,ASW,CE,Federal Contract Tower,0,2,5,0,7,0,121,56,5,182,0,123,61,5,189,50,0,50,239
06/24/2000,HUM,LA,ASW,CE,Federal Contract Tower,0,2,5,0,7,0,110,28,0,138,0,112,33,0,145,74,0,74,219
06/25/2000,HUM,LA,ASW,CE,Federal Contract Tower,0,9,18,0,27,0,74,23,0,97,0,83,41,0,124,22,0,22,146
06/26/2000,HUM,LA,ASW,CE,Federal Contract Tower,0,5,11,0,16,0,80,43,0,123,0,85,54,0,139,6,0,6,145
06/27/2000,HUM,LA,ASW,CE,Federal Contract Tower,0,4,10,0,14,0,111,47,0,158,0,115,57,0,172,14,0,14,186
06/28/2000,HUM,LA,ASW,CE,Federal Contract Tower,0,2,6,0,8,0,128,65,2,195,0,130,71,2,203,10,0,10,213
06/29/2000,HUM,LA,ASW,CE,Federal Contract Tower,0,4,9,0,13,0,136,50,0,186,0,140,59,0,199,14,0,14,213
06/30/2000,HUM,LA,ASW,CE,Federal Contract Tower,0,7,15,0,22,0,133,56,0,189,0,140,71,0,211,8,0,8,219
07/01/2000,HUM,LA,ASW,CE,Federal Contract Tower,0,3,10,0,13,0,53,24,0,77,0,56,34,0,90,10,0,10,100
07/02/2000,HUM,LA,ASW,CE,Federal Contract Tower,0,0,2,0,2,0,84,22,0,106,0,84,24,0,108,14,0,14,122
07/03/2000,HUM,LA,ASW,CE,Federal Contract Tower,0,3,6,0,9,0,118,41,0,159,0,121,47,0,168,22,0,22,190
07/04/2000,HUM,LA,ASW,CE,Federal Contract Tower,0,0,1,0,1,0,97,31,0,128,0,97,32,0,129,24,0,24,153
07/05/2000,HUM,LA,ASW,CE,Federal Contract Tower,0,2,4,1,7,0,106,34,8,148,0,108,38,9,155,10,0,10,165
07/06/2000,HUM,LA,ASW,CE,Federal Contract Tower,0,0,2,1,3,0,127,62,1,190,0,127,64,2,193,16,0,16,209
07/07/2000,HUM,LA,ASW,CE,Federal Contract Tower,0,2,4,0,6,0,114,50,0,164,0,116,54,0,170,6,0,6,176
07/08/2000,HUM,LA,ASW,CE,Federal Contract Tower,0,0,1,1,2,0,82,14,1,97,0,82,15,2,99,8,0,8,107
07/09/2000,HUM,LA,ASW,CE,Federal Contract Tower,0,0,2,0,2,0,78,15,0,93,0,78,17,0,95,8,0,8,103
07/10/2000,HUM,LA,ASW,CE,Federal Contract Tower,0,3,2,0,5,0,115,57,0,172,0,118,59,0,177,10,0,10,187
07/11/2000,HUM,LA,ASW,CE,Federal Contract Tower,0,4,3,0,7,0,148,70,0,218,0,152,73,0,225,10,0,10,235
07/12/2000,HUM,LA,ASW,CE,Federal Contract Tower,0,4,5,0,9,0,133,48,0,181,0,137,53,0,190,12,0,12,202
07/13/2000,HUM,LA,ASW,CE,Federal Contract Tower,0,4,5,0,9,0,127,80,0,207,0,131,85,0,216,10,0,10,226
07/14/2000,HUM,LA,ASW,CE,Federal Contract Tower,0,4,7,0,11,0,128,59,0,187,0,132,66,0,198,10,0,10,208
07/15/2000,HUM,LA,ASW,CE,Federal Contract Tower,0,4,5,0,9,0,86,30,0,116,0,90,35,0,125,24,2,26,151
07/16/2000,HUM,LA,ASW,CE,Federal Contract Tower,0,6,9,0,15,0,98,35,0,133,0,104,44,0,148,66,0,66,214
07/17/2000,HUM,LA,ASW,CE,Federal Contract Tower,0,3,7,0,10,0,89,47,0,136,0,92,54,0,146,4,0,4,150
07/18/2000,HUM,LA,ASW,CE,Federal Contract Tower,0,4,10,1,15,0,126,67,4,197,0,130,77,5,212,20,0,20,232
07/19/2000,HUM,LA,ASW,CE,Federal Contract Tower,0,4,10,1,15,0,148,37,1,186,0,152,47,2,201,44,4,48,249
07/20/2000,HUM,LA,ASW,CE,Federal Contract Tower,0,3,7,0,10,0,125,68,4,197,0,128,75,4,207,38,0,38,245
07/21/2000,HUM,LA,ASW,CE,Federal Contract Tower,0,4,10,0,14,0,100,65,0,165,0,104,75,0,179,22,4,26,205
07/22/2000,HUM,LA,ASW,CE,Federal Contract Tower,0,3,8,0,11,0,83,23,0,106,0,86,31,0,117,32,0,32,149
07/23/2000,HUM,LA,ASW,CE,Federal Contract Tower,0,3,8,1,12,0,52,16,0,68,0,55,24,1,80,10,8,18,98
07/24/2000,HUM,LA,ASW,CE,Federal Contract Tower,0,2,4,0,6,0,104,60,0,164,0,106,64,0,170,18,0,18,188
07/25/2000,HUM,LA,ASW,CE,Federal Contract Tower,0,3,6,0,9,0,149,57,2,208,0,152,63,2,217,16,0,16,233
07/26/2000,HUM,LA,ASW,CE,Federal Contract Tower,0,4,9,0,13,0,142,58,0,200,0,146,67,0,213,12,0,12,225
07/27/2000,HUM,LA,ASW,CE,Federal Contract Tower,0,5,11,0,16,0,137,88,0,225,0,142,99,0,241,46,0,46,287
07/28/2000,HUM,LA,ASW,CE,Federal Contract Tower,0,2,5,0,7,0,114,47,1,162,0,116,52,1,169,14,0,14,183
07/29/2000,HUM,LA,ASW,CE,Federal Contract Tower,0,1,3,0,4,0,95,30,0,125,0,96,33,0,129,26,0,26,155
07/30/2000,HUM,LA,ASW,CE,Federal Contract Tower,0,1,4,0,5,0,80,16,0,96,0,81,20,0,101,0,0,0,101
07/31/2000,HUM,LA,ASW,CE,Federal Contract Tower,0,2,5,0,7,0,112,49,0,161,0,114,54,0,168,28,0,28,196
08/01/2000,HUM,LA,ASW,CE,Federal Contract Tower,0,4,7,0,11,0,116,67,0,183,0,120,74,0,194,2,2,4,198
08/02/2000,HUM,LA,ASW,CE,Federal Contract Tower,0,4,5,0,9,0,152,81,0,233,0,156,86,0,242,24,0,24,266
08/03/2000,HUM,LA,ASW,CE,Federal Contract Tower,0,4,5,0,9,0,144,73,0,217,0,148,78,0,226,16,4,20,246
08/04/2000,HUM,LA,ASW,CE,Federal Contract Tower,0,5,6,1,12,0,138,83,2,223,0,143,89,3,235,10,0,10,245
08/05/2000,HUM,LA,ASW,CE,Federal Contract Tower,0,2,4,0,6,0,107,30,0,137,0,109,34,0,143,6,0,6,149
08/06/2000,HUM,LA,ASW,CE,Federal Contract Tower,0,3,3,0,6,0,59,28,0,87,0,62,31,0,93,2,0,2,95
08/07/2000,HUM,LA,ASW,CE,Federal Contract Tower,0,3,4,1,8,0,138,87,4,229,0,141,91,5,237,24,0,24,261
08/08/2000,HUM,LA,ASW,CE,Federal Contract Tower,0,4,5,1,10,0,145,90,8,243,0,149,95,9,253,36,48,84,337
08/09/2000,HUM,LA,ASW,CE,Federal Contract Tower,0,5,6,0,11,0,157,107,0,264,0,162,113,0,275,4,0,4,279
08/10/2000,HUM,LA,ASW,CE,Federal Contract Tower,0,3,3,1,7,0,165,61,1,227,0,168,64,2,234,20,0,20,254
08/11/2000,HUM,LA,ASW,CE,Federal Contract Tower,0,3,4,1,8,0,159,63,0,222,0,162,67,1,230,4,30,34,264
08/12/2000,HUM,LA,ASW,CE,Federal Contract Tower,0,1,2,0,3,0,119,35,0,154,0,120,37,0,157,8,2,10,167
08/13/2000,HUM,LA,ASW,CE,Federal Contract Tower,0,2,4,0,6,0,102,28,0,130,0,104,32,0,136,14,0,14,150
08/14/2000,HUM,LA,ASW,CE,Federal Contract Tower,0,4,6,0,10,0,146,52,0,198,0,150,58,0,208,18,2,20,228
08/15/2000,HUM,LA,ASW,CE,Federal Contract Tower,0,7,10,2,19,0,175,62,8,245,0,182,72,10,264,16,26,42,306
08/16/2000,HUM,LA,ASW,CE,Federal Contract Tower,0,6,9,0,15,0,140,89,0,229,0,146,98,0,244,28,0,28,272
08/17/2000,HUM,LA,ASW,CE,Federal Contract Tower,0,3,5,0,8,0,191,86,0,277,0,194,91,0,285,24,0,24,309
08/18/2000,HUM,LA,ASW,CE,Federal Contract Tower,0,8,12,0,20,0,127,47,0,174,0,135,59,0,194,2,0,2,196
08/19/2000,HUM,LA,ASW,CE,Federal Contract Tower,0,2,3,0,5,0,75,27,0,102,0,77,30,0,107,48,0,48,155
08/20/2000,HUM,LA,ASW,CE,Federal Contract Tower,0,5,8,0,13,0,98,37,0,135,0,103,45,0,148,8,0,8,156
08/21/2000,HUM,LA,ASW,CE,Federal Contract Tower,0,6,8,0,14,0,103,54,6,163,0,109,62,6,177,40,0,40,217
08/22/2000,HUM,LA,ASW,CE,Federal Contract Tower,0,3,5,0,8,0,166,62,0,228,0,169,67,0,236,26,0,26,262
08/23/2000,HUM,LA,ASW,CE,Federal Contract Tower,0,2,3,0,5,0,147,70,0,217,0,149,73,0,222,86,2,88,310
08/24/2000,HUM,LA,ASW,CE,Federal Contract Tower,0,5,8,0,13,0,158,71,6,235,0,163,79,6,248,6,2,8,256
08/25/2000,HUM,LA,ASW,CE,Federal Contract Tower,0,16,24,0,40,0,126,56,0,182,0,142,80,0,222,16,0,16,238
08/26/2000,HUM,LA,ASW,CE,Federal Contract Tower,0,0,1,0,1,0,93,45,0,138,0,93,46,0,139,22,0,22,161
08/27/2000,HUM,LA,ASW,CE,Federal Contract Tower,0,0,1,0,1,0,84,47,0,131,0,84,48,0,132,38,0,38,170
08/28/2000,HUM,LA,ASW,CE,Federal Contract Tower,0,5,10,0,15,0,137,53,0,190,0,142,63,0,205,10,0,10,215
08/29/2000,HUM,LA,ASW,CE,Federal Contract Tower,0,4,7,0,11,0,159,67,0,226,0,163,74,0,237,16,0,16,253
08/30/2000,HUM,LA,ASW,CE,Federal Contract Tower,0,6,11,0,17,0,147,83,0,230,0,153,94,0,247,26,0,26,273
08/31/2000,HUM,LA,ASW,CE,Federal Contract Tower,0,3,5,0,8,0,180,82,0,262,0,183,87,0,270,6,0,6,276
09/01/2000,HUM,LA,ASW,CE,Federal Contract Tower,0,3,5,1,9,0,144,72,3,219,0,147,77,4,228,6,0,6,234
09/02/2000,HUM,LA,ASW,CE,Federal Contract Tower,0,5,7,0,12,0,86,43,0,129,0,91,50,0,141,66,0,66,207
09/03/2000,HUM,LA,ASW,CE,Federal Contract Tower,0,12,14,3,29,0,72,8,4,84,0,84,22,7,113,36,2,38,151
09/04/2000,HUM,LA,ASW,CE,Federal Contract Tower,0,11,14,2,27,0,82,36,0,118,0,93,50,2,145,32,2,34,179
09/05/2000,HUM,LA,ASW,CE,Federal Contract Tower,0,32,35,4,71,0,101,42,0,143,0,133,77,4,214,16,6,22,236
09/06/2000,HUM,LA,ASW,CE,Federal Contract Tower,0,7,6,2,15,0,145,78,0,223,0,152,84,2,238,48,0,48,286
09/07/2000,HUM,LA,ASW,CE,Federal Contract Tower,0,30,34,6,70,0,181,73,2,256,0,211,107,8,326,50,0,50,376
09/08/2000,HUM,LA,ASW,CE,Federal Contract Tower,0,6,5,0,11,0,43,11,0,54,0,49,16,0,65,12,0,12,77
09/09/2000,HUM,LA,ASW,CE,Federal Contract Tower,0,6,5,0,11,0,95,13,0,108,0,101,18,0,119,12,4,16,135
09/10/2000,HUM,LA,ASW,CE,Federal Contract Tower,0,7,7,0,14,0,111,18,0,129,0,118,25,0,143,36,0,36,179
09/11/2000,HUM,LA,ASW,CE,Federal Contract Tower,0,12,12,1,25,0,147,62,1,210,0,159,74,2,235,46,0,46,281
09/12/2000,HUM,LA,ASW,CE,Federal Contract Tower,0,6,7,1,14,0,181,67,1,249,0,187,74,2,263,42,4,46,309
09/13/2000,HUM,LA,ASW,CE,Federal Contract Tower,0,6,7,0,13,0,179,76,0,255,0,185,83,0,268,34,0,34,302
09/14/2000,HUM,LA,ASW,CE,Federal Contract Tower,0,10,11,2,23,0,165,72,4,241,0,175,83,6,264,18,32,50,314
09/15/2000,HUM,LA,ASW,CE,Federal Contract Tower,0,4,6,0,10,0,147,75,2,224,0,151,81,2,234,34,0,34,268
09/16/2000,HUM,LA,ASW,CE,Federal Contract Tower,0,1,2,0,3,0,144,64,0,208,0,145,66,0,211,52,8,60,271
09/17/2000,HUM,LA,ASW,CE,Federal Contract Tower,0,9,10,0,19,0,97,37,0,134,0,106,47,0,153,52,0,52,205
09/18/2000,HUM,LA,ASW,CE,Federal Contract Tower,0,6,7,0,13,0,134,66,0,200,0,140,73,0,213,42,0,42,255
09/19/2000,HUM,LA,ASW,CE,Federal Contract Tower,0,9,11,2,22,0,177,61,0,238,0,186,72,2,260,44,0,44,304
09/20/2000,HUM,LA,ASW,CE,Federal Contract Tower,0,8,10,2,20,0,147,87,0,234,0,155,97,2,254,58,102,160,414
09/21/2000,HUM,LA,ASW,CE,Federal Contract Tower,0,22,25,0,47,0,159,14,0,173,0,181,39,0,220,28,8,36,256
09/22/2000,HUM,LA,ASW,CE,Federal Contract Tower,0,3,5,0,8,0,144,25,0,169,0,147,30,0,177,6,0,6,183
09/23/2000,HUM,LA,ASW,CE,Federal Contract Tower,0,1,3,0,4,0,89,26,4,119,0,90,29,4,123,22,0,22,145
09/24/2000,HUM,LA,ASW,CE,Federal Contract Tower,0,8,11,1,20,0,90,42,7,139,0,98,53,8,159,62,0,62,221
09/25/2000,HUM,LA,ASW,CE,Federal Contract Tower,0,9,12,0,21,0,139,49,0,188,0,148,61,0,209,26,0,26,235
09/26/2000,HUM,LA,ASW,CE,Federal Contract Tower,0,6,8,0,14,0,161,62,0,223,0,167,70,0,237,16,2,18,255
09/27/2000,HUM,LA,ASW,CE,Federal Contract Tower,0,7,9,1,17,0,194,81,1,276,0,201,90,2,293,24,6,30,323
09/28/2000,HUM,LA,ASW,CE,Federal Contract Tower,0,4,6,0,10,0,181,95,1,277,0,185,101,1,287,6,4,10,297
09/29/2000,HUM,LA,ASW,CE,Federal Contract Tower,0,3,4,0,7,0,170,53,6,229,0,173,57,6,236,2,0,2,238
09/30/2000,HUM,LA,ASW,CE,Federal Contract Tower,0,2,4,0,6,0,95,51,0,146,0,97,55,0,152,12,0,12,164
10/01/2000,HUM,LA,ASW,CE,Federal Contract Tower,0,1,3,0,4,0,94,42,0,136,0,95,45,0,140,20,0,20,160
10/02/2000,HUM,LA,ASW,CE,Federal Contract Tower,0,1,2,1,4,0,154,48,1,203,0,155,50,2,207,4,0,4,211
10/03/2000,HUM,LA,ASW,CE,Federal Contract Tower,0,3,1,1,5,0,161,68,1,230,0,164,69,2,235,10,6,16,251
10/04/2000,HUM,LA,ASW,CE,Federal Contract Tower,0,6,6,1,13,0,156,77,6,239,0,162,83,7,252,24,12,36,288
10/05/2000,HUM,LA,ASW,CE,Federal Contract Tower,0,8,9,1,18,0,165,45,1,211,0,173,54,2,229,18,2,20,249
10/06/2000,HUM,LA,ASW,CE,Federal Contract Tower,0,7,12,0,19,0,133,16,2,151,0,140,28,2,170,0,4,4,174
10/07/2000,HUM,LA,ASW,CE,Federal Contract Tower,0,1,2,0,3,0,118,26,0,144,0,119,28,0,147,20,0,20,167
10/08/2000,HUM,LA,ASW,CE,Federal Contract Tower,0,2,5,0,7,0,67,18,0,85,0,69,23,0,92,20,0,20,112
10/09/2000,HUM,LA,ASW,CE,Federal Contract Tower,0,5,9,0,14,0,107,48,4,159,0,112,57,4,173,22,0,22,195
10/10/2000,HUM,LA,ASW,CE,Federal Contract Tower,0,4,7,0,11,0,188,80,0,268,0,192,87,0,279,50,0,50,329
10/11/2000,HUM,LA,ASW,CE,Federal Contract Tower,0,6,10,0,16,0,182,88,0,270,0,188,98,0,286,18,0,18,304
10/12/2000,HUM,LA,ASW,CE,Federal Contract Tower,0,8,13,0,21,0,158,74,0,232,0,166,87,0,253,34,0,34,287
10/13/2000,HUM,LA,ASW,CE,Federal Contract Tower,0,4,7,0,11,0,137,58,4,199,0,141,65,4,210,14,0,14,224
10/14/2000,HUM,LA,ASW,CE,Federal Contract Tower,0,4,7,0,11,0,116,42,2,160,0,120,49,2,171,134,0,134,305
10/15/2000,HUM,LA,ASW,CE,Federal Contract Tower,0,8,13,0,21,0,118,28,1,147,0,126,41,1,168,50,0,50,218
10/16/2000,HUM,LA,ASW,CE,Federal Contract Tower,0,11,18,0,29,0,148,59,6,213,0,159,77,6,242,28,0,28,270
10/17/2000,HUM,LA,ASW,CE,Federal Contract Tower,0,5,8,0,13,0,187,71,1,259,0,192,79,1,272,4,0,4,276
10/18/2000,HUM,LA,ASW,CE,Federal Contract Tower,0,5,8,0,13,0,173,59,4,236,0,178,67,4,249,10,26,36,285
10/19/2000,HUM,LA,ASW,CE,Federal Contract Tower,0,4,6,0,10,0,161,60,0,221,0,165,66,0,231,52,0,52,283
10/20/2000,HUM,LA,ASW,CE,Federal Contract Tower,0,9,13,0,22,0,145,75,5,225,0,154,88,5,247,20,0,20,267
10/21/2000,HUM,LA,ASW,CE,Federal Contract Tower,0,19,20,0,39,0,86,0,0,86,0,105,20,0,125,66,0,66,191
10/22/2000,HUM,LA,ASW,CE,Federal Contract Tower,0,5,9,0,14,0,91,27,2,120,0,96,36,2,134,18,2,20,154
10/23/2000,HUM,LA,ASW,CE,Federal Contract Tower,0,6,10,0,16,0,134,52,0,186,0,140,62,0,202,48,2,50,252
10/24/2000,HUM,LA,ASW,CE,Federal Contract Tower,0,19,26,5,50,0,161,29,0,190,0,180,55,5,240,28,0,28,268
10/25/2000,HUM,LA,ASW,CE,Federal Contract Tower,0,9,15,0,24,0,142,55,0,197,0,151,70,0,221,26,0,26,247
10/26/2000,HUM,LA,ASW,CE,Federal Contract Tower,0,14,22,0,36,0,163,66,0,229,0,177,88,0,265,32,2,34,299
10/27/2000,HUM,LA,ASW,CE,Federal Contract Tower,0,6,9,0,15,0,144,56,0,200,0,150,65,0,215,24,0,24,239
10/28/2000,HUM,LA,ASW,CE,Federal Contract Tower,0,5,8,0,13,0,94,19,0,113,0,99,27,0,126,8,0,8,134
10/29/2000,HUM,LA,ASW,CE,Federal Contract Tower,0,9,15,0,24,0,68,13,0,81,0,77,28,0,105,20,0,20,125
10/30/2000,HUM,LA,ASW,CE,Federal Contract Tower,0,5,8,0,13,0,127,54,0,181,0,132,62,0,194,10,0,10,204
10/31/2000,HUM,LA,ASW,CE,Federal Contract Tower,0,11,16,0,27,0,136,43,6,185,0,147,59,6,212,6,0,6,218
11/01/2000,HUM,LA,ASW,CE,Federal Contract Tower,0,10,8,1,19,0,165,64,1,230,0,175,72,2,249,4,0,4,253
11/02/2000,HUM,LA,ASW,CE,Federal Contract Tower,0,20,16,2,38,0,158,46,0,204,0,178,62,2,242,12,10,22,264
11/03/2000,HUM,LA,ASW,CE,Federal Contract Tower,0,8,9,1,18,0,140,63,1,204,0,148,72,2,222,18,4,22,244
11/04/2000,HUM,LA,ASW,CE,Federal Contract Tower,0,3,5,0,8,0,113,51,0,164,0,116,56,0,172,20,0,20,192
11/05/2000,HUM,LA,ASW,CE,Federal Contract Tower,0,8,8,0,16,0,90,41,0,131,0,98,49,0,147,40,0,40,187
11/06/2000,HUM,LA,ASW,CE,Federal Contract Tower,0,4,5,0,9,0,45,8,0,53,0,49,13,0,62,2,0,2,64
11/07/2000,HUM,LA,ASW,CE,Federal Contract Tower,0,10,9,0,19,0,174,36,0,210,0,184,45,0,229,16,0,16,245
11/08/2000,HUM,LA,ASW,CE,Federal Contract Tower,0,3,2,1,6,0,168,22,5,195,0,171,24,6,201,16,0,16,217
11/09/2000,HUM,LA,ASW,CE,Federal Contract Tower,0,11,8,0,19,0,195,59,0,254,0,206,67,0,273,6,0,6,279
11/10/2000,HUM,LA,ASW,CE,Federal Contract Tower,0,6,5,0,11,0,135,88,0,223,0,141,93,0,234,0,12,12,246
11/11/2000,HUM,LA,ASW,CE,Federal Contract Tower,0,15,10,0,25,0,71,0,0,71,0,86,10,0,96,0,0,0,96
11/12/2000,HUM,LA,ASW,CE,Federal Contract Tower,0,14,10,0,24,0,61,32,0,93,0,75,42,0,117,4,0,4,121
11/13/2000,HUM,LA,ASW,CE,Federal Contract Tower,0,31,23,1,55,0,63,19,1,83,0,94,42,2,138,6,0,6,144
11/14/2000,HUM,LA,ASW,CE,Federal Contract Tower,0,8,6,0,14,0,201,79,2,282,0,209,85,2,296,20,0,20,316
11/15/2000,HUM,LA,ASW,CE,Federal Contract Tower,0,8,5,0,13,0,151,79,2,232,0,159,84,2,245,34,12,46,291
11/16/2000,HUM,LA,ASW,CE,Federal Contract Tower,0,8,5,0,13,0,128,21,0,149,0,136,26,0,162,0,0,0,162
11/17/2000,HUM,LA,ASW,CE,Federal Contract Tower,0,29,18,0,47,0,33,0,0,33,0,62,18,0,80,0,0,0,80
11/18/2000,HUM,LA,ASW,CE,Federal Contract Tower,0,20,4,1,25,0,20,0,1,21,0,40,4,2,46,4,0,4,50
11/19/2000,HUM,LA,ASW,CE,Federal Contract Tower,0,38,29,0,67,0,54,4,0,58,0,92,33,0,125,12,0,12,137
11/20/2000,HUM,LA,ASW,CE,Federal Contract Tower,0,7,4,0,11,0,163,69,0,232,0,170,73,0,243,26,0,26,269
11/21/2000,HUM,LA,ASW,CE,Federal Contract Tower,0,7,5,0,12,0,192,54,0,246,0,199,59,0,258,42,0,42,300
11/22/2000,HUM,LA,ASW,CE,Federal Contract Tower,0,5,3,0,8,0,156,92,4,252,0,161,95,4,260,58,0,58,318
11/23/2000,HUM,LA,ASW,CE,Federal Contract Tower,0,3,1,0,4,0,129,11,0,140,0,132,12,0,144,2,0,2,146
11/24/2000,HUM,LA,ASW,CE,Federal Contract Tower,0,6,4,0,10,0,58,7,0,65,0,64,11,0,75,4,0,4,79
11/25/2000,HUM,LA,ASW,CE,Federal Contract Tower,0,4,2,0,6,0,84,37,0,121,0,88,39,0,127,34,0,34,161
11/26/2000,HUM,LA,ASW,CE,Federal Contract Tower,0,3,2,0,5,0,89,29,0,118,0,92,31,0,123,34,0,34,157
11/27/2000,HUM,LA,ASW,CE,Federal Contract Tower,0,8,5,0,13,0,97,42,0,139,0,105,47,0,152,8,0,8,160
11/28/2000,HUM,LA,ASW,CE,Federal Contract Tower,0,8,5,0,13,0,199,53,8,260,0,207,58,8,273,14,8,22,295
11/29/2000,HUM,LA,ASW,CE,Federal Contract Tower,0,10,7,0,17,0,161,52,0,213,0,171,59,0,230,22,0,22,252
11/30/2000,HUM,LA,ASW,CE,Federal Contract Tower,0,6,4,0,10,0,206,75,0,281,0,212,79,0,291,8,2,10,301
12/01/2000,HUM,LA,ASW,CE,Federal Contract Tower,0,4,7,0,11,0,147,35,0,182,0,151,42,0,193,30,0,30,223
12/02/2000,HUM,LA,ASW,CE,Federal Contract Tower,0,1,1,0,2,0,96,38,0,134,0,97,39,0,136,0,0,0,136
12/03/2000,HUM,LA,ASW,CE,Federal Contract Tower,0,4,4,0,8,0,109,46,0,155,0,113,50,0,163,8,0,8,171
12/04/2000,HUM,LA,ASW,CE,Federal Contract Tower,0,4,5,1,10,0,143,45,3,191,0,147,50,4,201,44,0,44,245
12/05/2000,HUM,LA,ASW,CE,Federal Contract Tower,0,5,5,0,10,0,210,47,0,257,0,215,52,0,267,28,2,30,297
12/06/2000,HUM,LA,ASW,CE,Federal Contract Tower,0,6,4,1,11,0,194,37,1,232,0,200,41,2,243,44,4,48,291
12/07/2000,HUM,LA,ASW,CE,Federal Contract Tower,0,5,4,0,9,0,228,50,0,278,0,233,54,0,287,6,2,8,295
12/08/2000,HUM,LA,ASW,CE,Federal Contract Tower,0,9,9,2,20,0,112,40,0,152,0,121,49,2,172,12,2,14,186
12/09/2000,HUM,LA,ASW,CE,Federal Contract Tower,0,3,2,0,5,0,95,48,0,143,0,98,50,0,148,12,0,12,160
12/10/2000,HUM,LA,ASW,CE,Federal Contract Tower,0,5,4,0,9,0,106,41,0,147,0,111,45,0,156,10,0,10,166
12/11/2000,HUM,LA,ASW,CE,Federal Contract Tower,0,4,3,0,7,0,186,59,0,245,0,190,62,0,252,24,0,24,276
12/12/2000,HUM,LA,ASW,CE,Federal Contract Tower,0,5,5,1,11,0,196,47,8,251,0,201,52,9,262,26,0,26,288
12/13/2000,HUM,LA,ASW,CE,Federal Contract Tower,0,19,22,2,43,0,153,11,0,164,0,172,33,2,207,2,0,2,209
12/14/2000,HUM,LA,ASW,CE,Federal Contract Tower,0,14,17,3,34,0,176,69,1,246,0,190,86,4,280,26,0,26,306
12/15/2000,HUM,LA,ASW,CE,Federal Contract Tower,0,20,22,0,42,0,7,0,0,7,0,27,22,0,49,2,0,2,51
12/16/2000,HUM,LA,ASW,CE,Federal Contract Tower,0,1,3,0,4,0,154,22,0,176,0,155,25,0,180,10,0,10,190
12/17/2000,HUM,LA,ASW,CE,Federal Contract Tower,0,2,3,0,5,0,101,43,0,144,0,103,46,0,149,20,0,20,169
12/18/2000,HUM,LA,ASW,CE,Federal Contract Tower,0,4,5,0,9,0,144,38,2,184,0,148,43,2,193,2,20,22,215
12/19/2000,HUM,LA,ASW,CE,Federal Contract Tower,0,10,13,1,24,0,187,42,5,234,0,197,55,6,258,24,0,24,282
12/20/2000,HUM,LA,ASW,CE,Federal Contract Tower,0,8,10,1,19,0,220,57,7,284,0,228,67,8,303,12,0,12,315
12/21/2000,HUM,LA,ASW,CE,Federal Contract Tower,0,22,24,2,48,0,129,0,0,129,0,151,24,2,177,2,0,2,179
12/22/2000,HUM,LA,ASW,CE,Federal Contract Tower,0,5,6,0,11,0,147,40,0,187,0,152,46,0,198,8,0,8,206
12/23/2000,HUM,LA,ASW,CE,Federal Contract Tower,0,7,9,0,16,0,85,32,0,117,0,92,41,0,133,34,0,34,167
12/24/2000,HUM,LA,ASW,CE,Federal Contract Tower,0,0,2,0,2,0,53,7,2,62,0,53,9,2,64,6,0,6,70
12/25/2000,HUM,LA,ASW,CE,Federal Contract Tower,0,0,1,0,1,0,49,10,0,59,0,49,11,0,60,4,0,4,64
12/26/2000,HUM,LA,ASW,CE,Federal Contract Tower,0,5,6,0,11,0,139,28,4,171,0,144,34,4,182,0,0,0,182
12/27/2000,HUM,LA,ASW,CE,Federal Contract Tower,0,4,5,0,9,0,87,9,2,98,0,91,14,2,107,2,0,2,109
12/28/2000,HUM,LA,ASW,CE,Federal Contract Tower,0,22,28,2,52,0,99,6,0,105,0,121,34,2,157,0,2,2,159
12/29/2000,HUM,LA,ASW,CE,Federal Contract Tower,0,5,7,0,12,0,165,62,2,229,0,170,69,2,241,58,0,58,299
12/30/2000,HUM,LA,ASW,CE,Federal Contract Tower,0,2,4,0,6,0,111,28,0,139,0,113,32,0,145,22,0,22,167
12/31/2000,HUM,LA,ASW,CE,Federal Contract Tower,0,4,4,0,8,0,1,0,0,1,0,5,4,0,9,0,0,0,9
01/01/2001,HUM,LA,ASW,CE,Federal Contract Tower,0,0,0,0,0,0,38,9,0,47,0,38,9,0,47,0,0,0,47
01/02/2001,HUM,LA,ASW,CE,Federal Contract Tower,0,5,5,0,10,0,167,43,4,214,0,172,48,4,224,26,4,30,254
01/03/2001,HUM,LA,ASW,CE,Federal Contract Tower,0,5,6,0,11,0,151,55,0,206,0,156,61,0,217,44,2,46,263
01/04/2001,HUM,LA,ASW,CE,Federal Contract Tower,0,6,4,0,10,0,194,80,4,278,0,200,84,4,288,40,14,54,342
01/05/2001,HUM,LA,ASW,CE,Federal Contract Tower,0,9,8,0,17,0,133,57,0,190,0,142,65,0,207,16,4,20,227
01/06/2001,HUM,LA,ASW,CE,Federal Contract Tower,0,9,7,0,16,0,82,41,0,123,0,91,48,0,139,22,0,22,161
01/07/2001,HUM,LA,ASW,CE,Federal Contract Tower,0,6,4,0,10,0,73,12,0,85,0,79,16,0,95,32,0,32,127
01/08/2001,HUM,LA,ASW,CE,Federal Contract Tower,0,8,6,0,14,0,98,37,3,138,0,106,43,3,152,26,14,40,192
01/09/2001,HUM,LA,ASW,CE,Federal Contract Tower,0,4,3,0,7,0,169,50,0,219,0,173,53,0,226,16,22,38,264
01/10/2001,HUM,LA,ASW,CE,Federal Contract Tower,0,9,7,3,19,0,172,65,0,237,0,181,72,3,256,24,6,30,286
01/11/2001,HUM,LA,ASW,CE,Federal Contract Tower,0,10,7,2,19,0,123,30,2,155,0,133,37,4,174,0,0,0,174
01/12/2001,HUM,LA,ASW,CE,Federal Contract Tower,0,9,7,0,16,0,140,41,0,181,0,149,48,0,197,28,0,28,225
01/13/2001,HUM,LA,ASW,CE,Federal Contract Tower,0,22,18,0,40,0,78,9,0,87,0,100,27,0,127,80,0,80,207
01/14/2001,HUM,LA,ASW,CE,Federal Contract Tower,0,7,5,0,12,0,86,18,0,104,0,93,23,0,116,20,0,20,136
01/15/2001,HUM,LA,ASW,CE,Federal Contract Tower,0,19,15,0,34,0,16,0,0,16,0,35,15,0,50,0,0,0,50
01/16/2001,HUM,LA,ASW,CE,Federal Contract Tower,0,39,15,0,54,0,41,0,0,41,0,80,15,0,95,4,0,4,99
01/17/2001,HUM,LA,ASW,CE,Federal Contract Tower,0,8,6,0,14,0,73,22,0,95,0,81,28,0,109,12,0,12,121
01/18/2001,HUM,LA,ASW,CE,Federal Contract Tower,0,9,6,2,17,0,109,15,0,124,0,118,21,2,141,6,0,6,147
01/19/2001,HUM,LA,ASW,CE,Federal Contract Tower,0,23,11,0,34,0,33,0,0,33,0,56,11,0,67,0,0,0,67
01/20/2001,HUM,LA,ASW,CE,Federal Contract Tower,0,3,2,0,5,0,87,49,0,136,0,90,51,0,141,30,0,30,171
01/21/2001,HUM,LA,ASW,CE,Federal Contract Tower,0,5,3,0,8,0,100,53,1,154,0,105,56,1,162,14,2,16,178
01/22/2001,HUM,LA,ASW,CE,Federal Contract Tower,0,5,3,0,8,0,149,104,0,253,0,154,107,0,261,52,0,52,313
01/23/2001,HUM,LA,ASW,CE,Federal Contract Tower,0,8,6,0,14,0,182,58,0,240,0,190,64,0,254,44,0,44,298
01/24/2001,HUM,LA,ASW,CE,Federal Contract Tower,0,8,7,0,15,0,161,73,4,238,0,169,80,4,253,38,0,38,291
01/25/2001,HUM,LA,ASW,CE,Federal Contract Tower,0,10,7,2,19,0,181,38,2,221,0,191,45,4,240,6,0,6,246
01/26/2001,HUM,LA,ASW,CE,Federal Contract Tower,0,7,5,0,12,0,165,58,0,223,0,172,63,0,235,116,0,116,351
01/27/2001,HUM,LA,ASW,CE,Federal Contract Tower,0,7,5,0,12,0,120,30,0,150,0,127,35,0,162,24,0,24,186
01/28/2001,HUM,LA,ASW,CE,Federal Contract Tower,0,7,6,0,13,0,87,28,0,115,0,94,34,0,128,10,0,10,138
01/29/2001,HUM,LA,ASW,CE,Federal Contract Tower,0,7,6,0,13,0,45,6,2,53,0,52,12,2,66,12,0,12,78
01/30/2001,HUM,LA,ASW,CE,Federal Contract Tower,0,6,5,0,11,0,186,51,2,239,0,192,56,2,250,24,0,24,274
01/31/2001,HUM,LA,ASW,CE,Federal Contract Tower,0,5,3,0,8,0,140,52,0,192,0,145,55,0,200,36,2,38,238
02/01/2001,HUM,LA,ASW,CE,Federal Contract Tower,0,6,6,0,12,0,165,61,0,226,0,171,67,0,238,94,2,96,334
02/02/2001,HUM,LA,ASW,CE,Federal Contract Tower,0,8,10,1,19,0,160,41,1,202,0,168,51,2,221,22,24,46,267
02/03/2001,HUM,LA,ASW,CE,Federal Contract Tower,0,1,2,0,3,0,101,55,0,156,0,102,57,0,159,44,0,44,203
02/04/2001,HUM,LA,ASW,CE,Federal Contract Tower,0,2,4,0,6,0,107,54,0,161,0,109,58,0,167,20,0,20,187
02/05/2001,HUM,LA,ASW,CE,Federal Contract Tower,0,3,4,1,8,0,156,64,1,221,0,159,68,2,229,46,0,46,275
02/06/2001,HUM,LA,ASW,CE,Federal Contract Tower,0,5,7,1,13,0,208,68,2,278,0,213,75,3,291,22,0,22,313
02/07/2001,HUM,LA,ASW,CE,Federal Contract Tower,0,8,10,1,19,0,139,48,3,190,0,147,58,4,209,20,14,34,243
02/08/2001,HUM,LA,ASW,CE,Federal Contract Tower,0,6,4,0,10,0,175,57,0,232,0,181,61,0,242,32,0,32,274
02/09/2001,HUM,LA,ASW,CE,Federal Contract Tower,0,9,7,0,16,0,141,31,0,172,0,150,38,0,188,44,0,44,232
02/10/2001,HUM,LA,ASW,CE,Federal Contract Tower,0,2,0,0,2,0,120,43,0,163,0,122,43,0,165,36,0,36,201
02/11/2001,HUM,LA,ASW,CE,Federal Contract Tower,0,6,4,1,11,0,112,24,5,141,0,118,28,6,152,38,0,38,190
02/12/2001,HUM,LA,ASW,CE,Federal Contract Tower,0,30,23,0,53,0,113,27,0,140,0,143,50,0,193,24,0,24,217
02/13/2001,HUM,LA,ASW,CE,Federal Contract Tower,0,35,21,0,56,0,121,0,0,121,0,156,21,0,177,6,0,6,183
02/14/2001,HUM,LA,ASW,CE,Federal Contract Tower,0,19,15,0,34,0,123,32,0,155,0,142,47,0,189,16,8,24,213
02/15/2001,HUM,LA,ASW,CE,Federal Contract Tower,0,16,13,0,29,0,166,17,0,183,0,182,30,0,212,16,0,16,228
02/16/2001,HUM,LA,ASW,CE,Federal Contract Tower,0,16,13,0,29,0,112,1,0,113,0,128,14,0,142,2,0,2,144
02/17/2001,HUM,LA,ASW,CE,Federal Contract Tower,0,2,0,0,2,0,113,23,0,136,0,115,23,0,138,12,0,12,150
02/18/2001,HUM,LA,ASW,CE,Federal Contract Tower,0,5,4,0,9,0,101,34,0,135,0,106,38,0,144,32,0,32,176
02/19/2001,HUM,LA,ASW,CE,Federal Contract Tower,0,8,6,0,14,0,131,35,0,166,0,139,41,0,180,24,0,24,204
02/20/2001,HUM,LA,ASW,CE,Federal Contract Tower,0,11,9,1,21,0,166,51,1,218,0,177,60,2,239,30,18,48,287
02/21/2001,HUM,LA,ASW,CE,Federal Contract Tower,0,13,11,1,25,0,44,41,7,92,0,57,52,8,117,56,6,62,179
02/22/2001,HUM,LA,ASW,CE,Federal Contract Tower,0,22,17,2,41,0,147,61,2,210,0,169,78,4,251,22,2,24,275
02/23/2001,HUM,LA,ASW,CE,Federal Contract Tower,0,24,20,0,44,0,161,44,0,205,0,185,64,0,249,20,0,20,269
02/24/2001,HUM,LA,ASW,CE,Federal Contract Tower,0,12,9,1,22,0,83,6,3,92,0,95,15,4,114,12,0,12,126
02/25/2001,HUM,LA,ASW,CE,Federal Contract Tower,0,4,3,0,7,0,50,7,0,57,0,54,10,0,64,8,0,8,72
02/26/2001,HUM,LA,ASW,CE,Federal Contract Tower,0,30,25,0,55,0,73,18,0,91,0,103,43,0,146,28,0,28,174
02/27/2001,HUM,LA,ASW,CE,Federal Contract Tower,0,8,6,0,14,0,155,30,0,185,0,163,36,0,199,6,0,6,205
02/28/2001,HUM,LA,ASW,CE,Federal Contract Tower,0,11,9,0,20,0,149,43,0,192,0,160,52,0,212,16,0,16,228
03/01/2001,HUM,LA,ASW,CE,Federal Contract Tower,0,20,19,0,39,0,75,24,0,99,0,95,43,0,138,66,0,66,204
03/02/2001,HUM,LA,ASW,CE,Federal Contract Tower,0,7,7,0,14,0,164,37,0,201,0,171,44,0,215,12,0,12,227
03/03/2001,HUM,LA,ASW,CE,Federal Contract Tower,0,6,3,0,9,0,64,0,0,64,0,70,3,0,73,0,0,0,73
03/04/2001,HUM,LA,ASW,CE,Federal Contract Tower,0,13,12,0,25,0,109,30,0,139,0,122,42,0,164,87,0,87,251
03/05/2001,HUM,LA,ASW,CE,Federal Contract Tower,0,12,12,2,26,0,156,73,0,229,0,168,85,2,255,24,14,38,293
03/06/2001,HUM,LA,ASW,CE,Federal Contract Tower,0,2,3,1,6,0,208,57,3,268,0,210,60,4,274,16,0,16,290
03/07/2001,HUM,LA,ASW,CE,Federal Contract Tower,0,3,4,0,7,0,177,56,0,233,0,180,60,0,240,62,4,66,306
03/08/2001,HUM,LA,ASW,CE,Federal Contract Tower,0,4,5,1,10,0,165,76,3,244,0,169,81,4,254,44,0,44,298
03/09/2001,HUM,LA,ASW,CE,Federal Contract Tower,0,12,9,1,22,0,146,19,0,165,0,158,28,1,187,10,42,52,239
03/10/2001,HUM,LA,ASW,CE,Federal Contract Tower,0,5,3,1,9,0,116,46,1,163,0,121,49,2,172,60,0,60,232
03/11/2001,HUM,LA,ASW,CE,Federal Contract Tower,0,9,8,0,17,0,73,28,0,101,0,82,36,0,118,18,0,18,136
03/12/2001,HUM,LA,ASW,CE,Federal Contract Tower,0,9,7,0,16,0,98,27,0,125,0,107,34,0,141,14,0,14,155
03/13/2001,HUM,LA,ASW,CE,Federal Contract Tower,0,6,5,1,12,0,157,56,5,218,0,163,61,6,230,50,0,50,280
03/14/2001,HUM,LA,ASW,CE,Federal Contract Tower,0,5,3,0,8,0,185,50,0,235,0,190,53,0,243,26,0,26,269
03/15/2001,HUM,LA,ASW,CE,Federal Contract Tower,0,12,10,0,22,0,170,54,0,224,0,182,64,0,246,26,0,26,272
03/16/2001,HUM,LA,ASW,CE,Federal Contract Tower,0,5,3,0,8,0,149,62,0,211,0,154,65,0,219,8,0,8,227
03/17/2001,HUM,LA,ASW,CE,Federal Contract Tower,0,4,3,0,7,0,97,27,0,124,0,101,30,0,131,50,0,50,181
03/18/2001,HUM,LA,ASW,CE,Federal Contract Tower,0,2,2,0,4,0,82,32,0,114,0,84,34,0,118,4,0,4,122
03/19/2001,HUM,LA,ASW,CE,Federal Contract Tower,0,5,4,0,9,0,149,46,2,197,0,154,50,2,206,40,4,44,250
03/20/2001,HUM,LA,ASW,CE,Federal Contract Tower,0,4,3,0,7,0,174,39,5,218,0,178,42,5,225,14,2,16,241
03/21/2001,HUM,LA,ASW,CE,Federal Contract Tower,0,7,7,0,14,0,174,55,4,233,0,181,62,4,247,56,20,76,323
03/22/2001,HUM,LA,ASW,CE,Federal Contract Tower,0,6,6,0,12,0,201,95,0,296,0,207,101,0,308,14,0,14,322
03/23/2001,HUM,LA,ASW,CE,Federal Contract Tower,0,7,7,0,14,0,146,64,0,210,0,153,71,0,224,54,0,54,278
03/24/2001,HUM,LA,ASW,CE,Federal Contract Tower,0,8,7,0,15,0,100,11,0,111,0,108,18,0,126,114,0,114,240
03/25/2001,HUM,LA,ASW,CE,Federal Contract Tower,0,22,19,0,41,0,66,4,0,70,0,88,23,0,111,8,0,8,119
03/26/2001,HUM,LA,ASW,CE,Federal Contract Tower,0,5,5,0,10,0,148,36,4,188,0,153,41,4,198,12,34,46,244
03/27/2001,HUM,LA,ASW,CE,Federal Contract Tower,0,6,6,0,12,0,151,72,6,229,0,157,78,6,241,20,0,20,261
03/28/2001,HUM,LA,ASW,CE,Federal Contract Tower,0,14,7,0,21,0,24,0,0,24,0,38,7,0,45,0,0,0,45
03/29/2001,HUM,LA,ASW,CE,Federal Contract Tower,0,19,16,0,35,0,79,0,0,79,0,98,16,0,114,20,2,22,136
03/30/2001,HUM,LA,ASW,CE,Federal Contract Tower,0,14,13,1,28,0,197,52,4,253,0,211,65,5,281,26,2,28,309
03/31/2001,HUM,LA,ASW,CE,Federal Contract Tower,0,9,9,0,18,0,129,23,4,156,0,138,32,4,174,72,0,72,246
04/01/2001,HUM,LA,ASW,CE,Federal Contract Tower,0,5,4,0,9,0,83,27,0,110,0,88,31,0,119,19,4,23,142
04/02/2001,HUM,LA,ASW,CE,Federal Contract Tower,0,6,7,2,15,0,161,52,2,215,0,167,59,4,230,28,6,34,264
04/03/2001,HUM,LA,ASW,CE,Federal Contract Tower,0,3,12,0,15,0,194,27,0,221,0,197,39,0,236,14,0,14,250
04/04/2001,HUM,LA,ASW,CE,Federal Contract Tower,0,27,21,0,48,0,145,43,0,188,0,172,64,0,236,8,2,10,246
04/05/2001,HUM,LA,ASW,CE,Federal Contract Tower,0,4,5,2,11,0,183,40,0,223,0,187,45,2,234,8,8,16,250
04/06/2001,HUM,LA,ASW,CE,Federal Contract Tower,0,2,21,0,23,0,184,47,0,231,0,186,68,0,254,38,42,80,334
04/07/2001,HUM,LA,ASW,CE,Federal Contract Tower,0,29,16,0,45,0,88,21,0,109,0,117,37,0,154,22,0,22,176
04/08/2001,HUM,LA,ASW,CE,Federal Contract Tower,0,17,7,0,24,0,80,33,2,115,0,97,40,2,139,12,0,12,151
04/09/2001,HUM,LA,ASW,CE,Federal Contract Tower,0,4,13,0,17,0,171,51,0,222,0,175,64,0,239,32,0,32,271
04/10/2001,HUM,LA,ASW,CE,Federal Contract Tower,0,5,9,0,14,0,194,68,4,266,0,199,77,4,280,48,0,48,328
04/11/2001,HUM,LA,ASW,CE,Federal Contract Tower,0,5,14,2,21,0,165,36,0,201,0,170,50,2,222,12,54,66,288
04/12/2001,HUM,LA,ASW,CE,Federal Contract Tower,0,3,12,0,15,0,189,28,0,217,0,192,40,0,232,70,4,74,306
04/13/2001,HUM,LA,ASW,CE,Federal Contract Tower,0,4,7,0,11,0,113,43,0,156,0,117,50,0,167,8,8,16,183
04/14/2001,HUM,LA,ASW,CE,Federal Contract Tower,0,3,12,0,15,0,94,50,0,144,0,97,62,0,159,44,0,44,203
04/15/2001,HUM,LA,ASW,CE,Federal Contract Tower,0,11,4,0,15,0,92,26,0,118,0,103,30,0,133,24,0,24,157
04/16/2001,HUM,LA,ASW,CE,Federal Contract Tower,0,2,5,0,7,0,136,54,0,190,0,138,59,0,197,12,34,46,243
04/17/2001,HUM,LA,ASW,CE,Federal Contract Tower,0,3,14,1,18,0,180,51,1,232,0,183,65,2,250,28,42,70,320
04/18/2001,HUM,LA,ASW,CE,Federal Contract Tower,0,2,5,0,7,0,176,65,2,243,0,178,70,2,250,42,38,80,330
04/19/2001,HUM,LA,ASW,CE,Federal Contract Tower,0,2,4,3,9,0,174,46,1,221,0,176,50,4,230,32,56,88,318
04/20/2001,HUM,LA,ASW,CE,Federal Contract Tower,0,2,19,0,21,0,165,63,0,228,0,167,82,0,249,6,0,6,255
04/21/2001,HUM,LA,ASW,CE,Federal Contract Tower,0,0,9,0,9,0,101,20,0,121,0,101,29,0,130,6,0,6,136
04/22/2001,HUM,LA,ASW,CE,Federal Contract Tower,0,6,6,0,12,0,82,21,0,103,0,88,27,0,115,10,0,10,125
04/23/2001,HUM,LA,ASW,CE,Federal Contract Tower,0,2,15,0,17,0,140,46,0,186,0,142,61,0,203,2,0,2,205
04/24/2001,HUM,LA,ASW,CE,Federal Contract Tower,0,18,9,0,27,0,108,22,0,130,0,126,31,0,157,0,0,0,157
04/25/2001,HUM,LA,ASW,CE,Federal Contract Tower,0,7,2,0,9,0,183,71,0,254,0,190,73,0,263,40,14,54,317
04/26/2001,HUM,LA,ASW,CE,Federal Contract Tower,0,2,15,0,17,0,221,94,0,315,0,223,109,0,332,22,0,22,354
04/27/2001,HUM,LA,ASW,CE,Federal Contract Tower,0,3,15,0,18,0,184,92,0,276,0,187,107,0,294,24,0,24,318
04/28/2001,HUM,LA,ASW,CE,Federal Contract Tower,0,0,6,0,6,0,108,69,0,177,0,108,75,0,183,10,0,10,193
04/29/2001,HUM,LA,ASW,CE,Federal Contract Tower,0,0,4,0,4,0,112,44,0,156,0,112,48,0,160,52,0,52,212
04/30/2001,HUM,LA,ASW,CE,Federal Contract Tower,0,9,14,0,23,0,143,63,0,206,0,152,77,0,229,94,2,96,325
05/01/2001,HUM,LA,ASW,CE,Federal Contract Tower,0,2,6,0,8,0,196,76,0,272,0,198,82,0,280,8,0,8,288
05/02/2001,HUM,LA,ASW,CE,Federal Contract Tower,0,5,4,0,9,0,170,64,0,234,0,175,68,0,243,8,0,8,251
05/03/2001,HUM,LA,ASW,CE,Federal Contract Tower,0,3,12,0,15,0,190,57,0,247,0,193,69,0,262,12,30,42,304
05/04/2001,HUM,LA,ASW,CE,Federal Contract Tower,0,5,5,0,10,0,151,55,0,206,0,156,60,0,216,22,0,22,238
05/05/2001,HUM,LA,ASW,CE,Federal Contract Tower,0,3,7,0,10,0,107,31,0,138,0,110,38,0,148,74,0,74,222
05/06/2001,HUM,LA,ASW,CE,Federal Contract Tower,0,5,8,0,13,0,83,50,0,133,0,88,58,0,146,124,0,124,270
05/07/2001,HUM,LA,ASW,CE,Federal Contract Tower,0,23,13,0,36,0,147,56,0,203,0,170,69,0,239,48,0,48,287
05/08/2001,HUM,LA,ASW,CE,Federal Contract Tower,0,8,14,0,22,0,205,63,4,272,0,213,77,4,294,14,0,14,308
05/09/2001,HUM,LA,ASW,CE,Federal Contract Tower,0,26,9,0,35,0,162,64,2,228,0,188,73,2,263,20,0,20,283
05/10/2001,HUM,LA,ASW,CE,Federal Contract Tower,0,2,14,0,16,0,181,79,0,260,0,183,93,0,276,78,0,78,354
05/11/2001,HUM,LA,ASW,CE,Federal Contract Tower,0,2,14,0,16,0,136,62,0,198,0,138,76,0,214,32,0,32,246
05/12/2001,HUM,LA,ASW,CE,Federal Contract Tower,0,5,13,0,18,0,94,42,0,136,0,99,55,0,154,28,0,28,182
05/13/2001,HUM,LA,ASW,CE,Federal Contract Tower,0,2,5,0,7,0,115,31,0,146,0,117,36,0,153,22,0,22,175
05/14/2001,HUM,LA,ASW,CE,Federal Contract Tower,0,7,11,0,18,0,143,82,0,225,0,150,93,0,243,12,0,12,255
05/15/2001,HUM,LA,ASW,CE,Federal Contract Tower,0,11,20,1,32,0,183,66,8,257,0,194,86,9,289,6,2,8,297
05/16/2001,HUM,LA,ASW,CE,Federal Contract Tower,0,3,9,0,12,0,180,81,0,261,0,183,90,0,273,8,0,8,281
05/17/2001,HUM,LA,ASW,CE,Federal Contract Tower,0,2,13,0,15,0,185,58,0,243,0,187,71,0,258,70,0,70,328
05/18/2001,HUM,LA,ASW,CE,Federal Contract Tower,0,2,16,0,18,0,150,50,0,200,0,152,66,0,218,20,0,20,238
05/19/2001,HUM,LA,ASW,CE,Federal Contract Tower,0,0,9,0,9,0,120,21,0,141,0,120,30,0,150,82,0,82,232
05/20/2001,HUM,LA,ASW,CE,Federal Contract Tower,0,1,14,0,15,0,86,23,0,109,0,87,37,0,124,40,0,40,164
05/21/2001,HUM,LA,ASW,CE,Federal Contract Tower,0,10,5,3,18,0,162,63,3,228,0,172,68,6,246,42,16,58,304
05/22/2001,HUM,LA,ASW,CE,Federal Contract Tower,0,35,16,0,51,0,139,65,4,208,0,174,81,4,259,30,0,30,289
05/23/2001,HUM,LA,ASW,CE,Federal Contract Tower,0,4,8,0,12,0,196,105,0,301,0,200,113,0,313,8,0,8,321
05/24/2001,HUM,LA,ASW,CE,Federal Contract Tower,0,3,12,0,15,0,183,58,0,241,0,186,70,0,256,66,4,70,326
05/25/2001,HUM,LA,ASW,CE,Federal Contract Tower,0,2,13,3,18,0,162,68,1,231,0,164,81,4,249,10,0,10,259
05/26/2001,HUM,LA,ASW,CE,Federal Contract Tower,0,0,4,0,4,0,76,35,0,111,0,76,39,0,115,10,4,14,129
05/27/2001,HUM,LA,ASW,CE,Federal Contract Tower,0,0,5,0,5,0,77,32,0,109,0,77,37,0,114,4,0,4,118
05/28/2001,HUM,LA,ASW,CE,Federal Contract Tower,0,0,14,0,14,0,127,51,0,178,0,127,65,0,192,18,0,18,210
05/29/2001,HUM,LA,ASW,CE,Federal Contract Tower,0,3,11,2,16,0,203,74,2,279,0,206,85,4,295,4,2,6,301
05/30/2001,HUM,LA,ASW,CE,Federal Contract Tower,0,2,6,0,8,0,171,66,0,237,0,173,72,0,245,0,2,2,247
05/31/2001,HUM,LA,ASW,CE,Federal Contract Tower,0,9,9,0,18,0,237,89,0,326,0,246,98,0,344,54,0,54,398
06/01/2001,HUM,LA,ASW,CE,Federal Contract Tower,0,2,21,0,23,0,156,53,0,209,0,158,74,0,232,14,0,14,246
06/02/2001,HUM,LA,ASW,CE,Federal Contract Tower,0,0,5,0,5,0,111,23,4,138,0,111,28,4,143,2,0,2,145
06/03/2001,HUM,LA,ASW,CE,Federal Contract Tower,0,0,14,0,14,0,95,19,0,114,0,95,33,0,128,0,0,0,128
06/04/2001,HUM,LA,ASW,CE,Federal Contract Tower,0,6,2,0,8,0,150,47,8,205,0,156,49,8,213,12,0,12,225
06/05/2001,HUM,LA,ASW,CE,Federal Contract Tower,0,2,8,0,10,0,181,20,0,201,0,183,28,0,211,8,0,8,219
06/06/2001,HUM,LA,ASW,CE,Federal Contract Tower,0,11,1,0,12,0,25,3,0,28,0,36,4,0,40,0,0,0,40
06/07/2001,HUM,LA,ASW,CE,Federal Contract Tower,0,6,3,0,9,0,209,35,0,244,0,215,38,0,253,10,0,10,263
06/08/2001,HUM,LA,ASW,CE,Federal Contract Tower,0,10,5,0,15,0,137,16,0,153,0,147,21,0,168,0,0,0,168
06/09/2001,HUM,LA,ASW,CE,Federal Contract Tower,0,18,2,0,20,0,78,3,0,81,0,96,5,0,101,0,0,0,101
06/10/2001,HUM,LA,ASW,CE,Federal Contract Tower,0,5,0,0,5,0,0,0,0,0,0,5,0,0,5,0,0,0,5
06/11/2001,HUM,LA,ASW,CE,Federal Contract Tower,0,30,10,0,40,0,135,62,0,197,0,165,72,0,237,4,0,4,241
06/12/2001,HUM,LA,ASW,CE,Federal Contract Tower,0,2,5,3,10,0,223,78,0,301,0,225,83,3,311,14,4,18,329
06/13/2001,HUM,LA,ASW,CE,Federal Contract Tower,0,7,9,0,16,0,183,67,0,250,0,190,76,0,266,8,8,16,282
06/14/2001,HUM,LA,ASW,CE,Federal Contract Tower,0,2,12,0,14,0,207,57,0,264,0,209,69,0,278,6,0,6,284
06/15/2001,HUM,LA,ASW,CE,Federal Contract Tower,0,4,13,0,17,0,154,55,2,211,0,158,68,2,228,22,0,22,250
06/16/2001,HUM,LA,ASW,CE,Federal Contract Tower,0,1,7,0,8,0,94,41,0,135,0,95,48,0,143,32,4,36,179
06/17/2001,HUM,LA,ASW,CE,Federal Contract Tower,0,0,6,0,6,0,86,35,6,127,0,86,41,6,133,10,0,10,143
06/18/2001,HUM,LA,ASW,CE,Federal Contract Tower,0,2,9,0,11,0,157,72,0,229,0,159,81,0,240,14,0,14,254
06/19/2001,HUM,LA,ASW,CE,Federal Contract Tower,0,4,6,0,10,0,235,62,0,297,0,239,68,0,307,0,0,0,307
06/20/2001,HUM,LA,ASW,CE,Federal Contract Tower,0,2,5,0,7,0,172,61,0,233,0,174,66,0,240,20,0,20,260
06/21/2001,HUM,LA,ASW,CE,Federal Contract Tower,0,2,10,0,12,0,196,59,2,257,0,198,69,2,269,16,0,16,285
06/22/2001,HUM,LA,ASW,CE,Federal Contract Tower,0,2,12,3,17,0,147,32,5,184,0,149,44,8,201,6,2,8,209
06/23/2001,HUM,LA,ASW,CE,Federal Contract Tower,0,4,5,0,9,0,127,22,0,149,0,131,27,0,158,14,8,22,180
06/24/2001,HUM,LA,ASW,CE,Federal Contract Tower,0,18,14,0,32,0,74,11,0,85,0,92,25,0,117,36,0,36,153
06/25/2001,HUM,LA,ASW,CE,Federal Contract Tower,0,9,11,0,20,0,137,63,2,202,0,146,74,2,222,54,6,60,282
06/26/2001,HUM,LA,ASW,CE,Federal Contract Tower,0,3,10,2,15,0,228,81,0,309,0,231,91,2,324,44,6,50,374
06/27/2001,HUM,LA,ASW,CE,Federal Contract Tower,0,4,7,0,11,0,199,64,0,263,0,203,71,0,274,12,0,12,286
06/28/2001,HUM,LA,ASW,CE,Federal Contract Tower,0,2,13,4,19,0,234,76,0,310,0,236,89,4,329,56,8,64,393
06/29/2001,HUM,LA,ASW,CE,Federal Contract Tower,0,3,9,2,14,0,135,42,0,177,0,138,51,2,191,8,0,8,199
06/30/2001,HUM,LA,ASW,CE,Federal Contract Tower,0,0,6,0,6,0,85,26,0,111,0,85,32,0,117,24,0,24,141
07/01/2001,HUM,LA,ASW,CE,Federal Contract Tower,0,13,6,0,19,0,72,33,0,105,0,85,39,0,124,30,0,30,154
07/02/2001,HUM,LA,ASW,CE,Federal Contract Tower,0,2,5,0,7,0,141,36,0,177,0,143,41,0,184,2,0,2,186
07/03/2001,HUM,LA,ASW,CE,Federal Contract Tower,0,2,7,0,9,0,199,94,2,295,0,201,101,2,304,24,0,24,328
07/04/2001,HUM,LA,ASW,CE,Federal Contract Tower,0,0,5,0,5,0,112,28,0,140,0,112,33,0,145,10,0,10,155
07/05/2001,HUM,LA,ASW,CE,Federal Contract Tower,0,3,3,0,6,0,195,45,0,240,0,198,48,0,246,0,0,0,246
07/06/2001,HUM,LA,ASW,CE,Federal Contract Tower,0,2,4,0,6,0,180,62,0,242,0,182,66,0,248,58,0,58,306
07/07/2001,HUM,LA,ASW,CE,Federal Contract Tower,0,1,5,0,6,0,134,32,0,166,0,135,37,0,172,26,0,26,198
07/08/2001,HUM,LA,ASW,CE,Federal Contract Tower,0,1,9,0,10,0,102,36,0,138,0,103,45,0,148,50,0,50,198
07/09/2001,HUM,LA,ASW,CE,Federal Contract Tower,0,5,9,0,14,0,152,72,0,224,0,157,81,0,238,20,0,20,258
07/10/2001,HUM,LA,ASW,CE,Federal Contract Tower,0,2,6,0,8,0,210,69,5,284,0,212,75,5,292,22,0,22,314
07/11/2001,HUM,LA,ASW,CE,Federal Contract Tower,0,3,16,0,19,0,198,70,0,268,0,201,86,0,287,10,0,10,297
07/12/2001,HUM,LA,ASW,CE,Federal Contract Tower,0,2,7,0,9,0,208,52,4,264,0,210,59,4,273,2,0,2,275
07/13/2001,HUM,LA,ASW,CE,Federal Contract Tower,0,0,15,3,18,0,140,52,3,195,0,140,67,6,213,10,24,34,247
07/14/2001,HUM,LA,ASW,CE,Federal Contract Tower,0,0,3,0,3,0,116,38,2,156,0,116,41,2,159,16,0,16,175
07/15/2001,HUM,LA,ASW,CE,Federal Contract Tower,0,6,7,0,13,0,99,36,0,135,0,105,43,0,148,24,0,24,172
07/16/2001,HUM,LA,ASW,CE,Federal Contract Tower,0,0,8,1,9,0,144,51,1,196,0,144,59,2,205,20,4,24,229
07/17/2001,HUM,LA,ASW,CE,Federal Contract Tower,0,2,8,0,10,0,199,74,4,277,0,201,82,4,287,24,0,24,311
07/18/2001,HUM,LA,ASW,CE,Federal Contract Tower,0,2,8,3,13,0,224,69,3,296,0,226,77,6,309,26,10,36,345
07/19/2001,HUM,LA,ASW,CE,Federal Contract Tower,0,6,8,0,14,0,223,74,4,301,0,229,82,4,315,34,0,34,349
07/20/2001,HUM,LA,ASW,CE,Federal Contract Tower,0,6,10,0,16,0,119,60,0,179,0,125,70,0,195,32,34,66,261
07/21/2001,HUM,LA,ASW,CE,Federal Contract Tower,0,2,8,0,10,0,99,20,0,119,0,101,28,0,129,26,0,26,155
07/22/2001,HUM,LA,ASW,CE,Federal Contract Tower,0,0,12,2,14,0,82,18,0,100,0,82,30,2,114,12,0,12,126
07/23/2001,HUM,LA,ASW,CE,Federal Contract Tower,0,1,9,0,10,0,179,71,1,251,0,180,80,1,261,62,0,62,323
07/24/2001,HUM,LA,ASW,CE,Federal Contract Tower,0,3,9,2,14,0,204,78,4,286,0,207,87,6,300,38,10,48,348
07/25/2001,HUM,LA,ASW,CE,Federal Contract Tower,0,10,9,0,19,0,172,57,2,231,0,182,66,2,250,40,0,40,290
07/26/2001,HUM,LA,ASW,CE,Federal Contract Tower,0,3,14,0,17,0,168,45,0,213,0,171,59,0,230,2,0,2,232
07/27/2001,HUM,LA,ASW,CE,Federal Contract Tower,0,2,15,0,17,0,183,60,2,245,0,185,75,2,262,16,0,16,278
07/28/2001,HUM,LA,ASW,CE,Federal Contract Tower,0,8,5,0,13,0,108,30,0,138,0,116,35,0,151,56,4,60,211
07/29/2001,HUM,LA,ASW,CE,Federal Contract Tower,0,0,13,0,13,0,125,15,0,140,0,125,28,0,153,24,0,24,177
07/30/2001,HUM,LA,ASW,CE,Federal Contract Tower,0,2,15,0,17,0,172,74,0,246,0,174,89,0,263,14,0,14,277
07/31/2001,HUM,LA,ASW,CE,Federal Contract Tower,0,2,5,2,9,0,238,80,2,320,0,240,85,4,329,14,6,20,349
08/01/2001,HUM,LA,ASW,CE,Federal Contract Tower,0,2,7,0,9,0,265,50,0,315,0,267,57,0,324,8,0,8,332
08/02/2001,HUM,LA,ASW,CE,Federal Contract Tower,0,2,5,0,7,0,247,47,0,294,0,249,52,0,301,28,0,28,329
08/03/2001,HUM,LA,ASW,CE,Federal Contract Tower,0,3,13,1,17,0,236,53,1,290,0,239,66,2,307,6,0,6,313
08/04/2001,HUM,LA,ASW,CE,Federal Contract Tower,0,0,1,0,1,0,156,13,0,169,0,156,14,0,170,0,0,0,170
08/05/2001,HUM,LA,ASW,CE,Federal Contract Tower,0,0,6,0,6,0,149,17,0,166,0,149,23,0,172,4,0,4,176
08/06/2001,HUM,LA,ASW,CE,Federal Contract Tower,0,3,2,1,6,0,120,56,1,177,0,123,58,2,183,8,0,8,191
08/07/2001,HUM,LA,ASW,CE,Federal Contract Tower,0,2,9,1,12,0,231,67,3,301,0,233,76,4,313,10,0,10,323
08/08/2001,HUM,LA,ASW,CE,Federal Contract Tower,0,4,11,0,15,0,195,43,0,238,0,199,54,0,253,8,0,8,261
08/09/2001,HUM,LA,ASW,CE,Federal Contract Tower,0,2,9,0,11,0,214,57,0,271,0,216,66,0,282,14,0,14,296
08/10/2001,HUM,LA,ASW,CE,Federal Contract Tower,0,1,10,0,11,0,150,80,0,230,0,151,90,0,241,2,8,10,251
08/11/2001,HUM,LA,ASW,CE,Federal Contract Tower,0,1,8,0,9,0,75,61,0,136,0,76,69,0,145,70,0,70,215
08/12/2001,HUM,LA,ASW,CE,Federal Contract Tower,0,0,4,0,4,0,100,24,0,124,0,100,28,0,128,44,0,44,172
08/13/2001,HUM,LA,ASW,CE,Federal Contract Tower,0,13,9,2,24,0,94,54,0,148,0,107,63,2,172,0,0,0,172
08/14/2001,HUM,LA,ASW,CE,Federal Contract Tower,0,71,11,0,82,0,143,50,0,193,0,214,61,0,275,8,0,8,283
08/15/2001,HUM,LA,ASW,CE,Federal Contract Tower,0,5,9,0,14,0,190,61,0,251,0,195,70,0,265,30,0,30,295
08/16/2001,HUM,LA,ASW,CE,Federal Contract Tower,0,11,19,2,32,0,203,78,0,281,0,214,97,2,313,18,16,34,347
08/17/2001,HUM,LA,ASW,CE,Federal Contract Tower,0,2,5,0,7,0,176,71,0,247,0,178,76,0,254,0,0,0,254
08/18/2001,HUM,LA,ASW,CE,Federal Contract Tower,0,0,13,4,17,0,153,26,0,179,0,153,39,4,196,26,0,26,222
08/19/2001,HUM,LA,ASW,CE,Federal Contract Tower,0,0,5,0,5,0,92,31,0,123,0,92,36,0,128,12,4,16,144
08/20/2001,HUM,LA,ASW,CE,Federal Contract Tower,0,0,7,4,11,0,141,82,0,223,0,141,89,4,234,40,0,40,274
08/21/2001,HUM,LA,ASW,CE,Federal Contract Tower,0,1,7,3,11,0,209,86,5,300,0,210,93,8,311,12,2,14,325
08/22/2001,HUM,LA,ASW,CE,Federal Contract Tower,0,2,9,1,12,0,187,83,0,270,0,189,92,1,282,38,6,44,326
08/23/2001,HUM,LA,ASW,CE,Federal Contract Tower,0,2,17,0,19,0,211,94,0,305,0,213,111,0,324,60,0,60,384
08/24/2001,HUM,LA,ASW,CE,Federal Contract Tower,0,2,9,0,11,0,157,72,4,233,0,159,81,4,244,12,0,12,256
08/25/2001,HUM,LA,ASW,CE,Federal Contract Tower,0,2,2,0,4,0,110,25,4,139,0,112,27,4,143,36,0,36,179
08/26/2001,HUM,LA,ASW,CE,Federal Contract Tower,0,0,10,0,10,0,98,26,0,124,0,98,36,0,134,18,0,18,152
08/27/2001,HUM,LA,ASW,CE,Federal Contract Tower,0,3,10,0,13,0,162,56,0,218,0,165,66,0,231,60,0,60,291
08/28/2001,HUM,LA,ASW,CE,Federal Contract Tower,0,3,10,1,14,0,199,91,0,290,0,202,101,1,304,16,34,50,354
08/29/2001,HUM,LA,ASW,CE,Federal Contract Tower,0,14,11,2,27,0,181,50,0,231,0,195,61,2,258,36,0,36,294
08/30/2001,HUM,LA,ASW,CE,Federal Contract Tower,0,7,6,0,13,0,201,54,2,257,0,208,60,2,270,30,0,30,300
08/31/2001,HUM,LA,ASW,CE,Federal Contract Tower,0,3,13,3,19,0,144,39,1,184,0,147,52,4,203,4,34,38,241
09/01/2001,HUM,LA,ASW,CE,Federal Contract Tower,0,18,7,0,25,0,84,24,0,108,0,102,31,0,133,10,0,10,143
09/02/2001,HUM,LA,ASW,CE,Federal Contract Tower,0,5,5,0,10,0,82,9,0,91,0,87,14,0,101,56,0,56,157
09/03/2001,HUM,LA,ASW,CE,Federal Contract Tower,0,0,13,0,13,0,89,50,0,139,0,89,63,0,152,66,0,66,218
09/04/2001,HUM,LA,ASW,CE,Federal Contract Tower,0,15,13,4,32,0,215,57,0,272,0,230,70,4,304,22,2,24,328
09/05/2001,HUM,LA,ASW,CE,Federal Contract Tower,0,5,7,0,12,0,217,62,0,279,0,222,69,0,291,16,30,46,337
09/06/2001,HUM,LA,ASW,CE,Federal Contract Tower,0,12,23,2,37,0,181,73,0,254,0,193,96,2,291,8,0,8,299
09/07/2001,HUM,LA,ASW,CE,Federal Contract Tower,0,2,14,0,16,0,146,56,0,202,0,148,70,0,218,20,0,20,238
09/08/2001,HUM,LA,ASW,CE,Federal Contract Tower,0,1,4,0,5,0,59,6,0,65,0,60,10,0,70,0,0,0,70
09/09/2001,HUM,LA,ASW,CE,Federal Contract Tower,0,0,8,0,8,0,102,16,3,121,0,102,24,3,129,80,0,80,209
09/10/2001,HUM,LA,ASW,CE,Federal Contract Tower,0,14,13,0,27,0,154,74,10,238,0,168,87,10,265,52,4,56,321
09/11/2001,HUM,LA,ASW,CE,Federal Contract Tower,0,0,2,0,2,0,101,32,0,133,0,101,34,0,135,0,0,0,135
09/12/2001,HUM,LA,ASW,CE,Federal Contract Tower,0,0,0,0,0,0,9,0,0,9,0,9,0,0,9,0,0,0,9
09/13/2001,HUM,LA,ASW,CE,Federal Contract Tower,0,3,0,0,3,0,111,2,0,113,0,114,2,0,116,0,0,0,116
09/14/2001,HUM,LA,ASW,CE,Federal Contract Tower,0,3,6,0,9,0,197,2,3,202,0,200,8,3,211,4,0,4,215
09/15/2001,HUM,LA,ASW,CE,Federal Contract Tower,0,0,7,0,7,0,114,0,0,114,0,114,7,0,121,0,0,0,121
09/16/2001,HUM,LA,ASW,CE,Federal Contract Tower,0,13,10,2,25,0,81,0,0,81,0,94,10,2,106,18,0,18,124
09/17/2001,HUM,LA,ASW,CE,Federal Contract Tower,0,5,23,0,28,0,177,13,0,190,0,182,36,0,218,0,0,0,218
09/18/2001,HUM,LA,ASW,CE,Federal Contract Tower,0,2,27,2,31,0,209,6,2,217,0,211,33,4,248,10,0,10,258
09/19/2001,HUM,LA,ASW,CE,Federal Contract Tower,0,4,18,0,22,0,177,19,0,196,0,181,37,0,218,12,2,14,232
09/20/2001,HUM,LA,ASW,CE,Federal Contract Tower,0,2,9,2,13,0,213,47,0,260,0,215,56,2,273,6,10,16,289
09/21/2001,HUM,LA,ASW,CE,Federal Contract Tower,0,11,8,0,19,0,155,68,4,227,0,166,76,4,246,24,0,24,270
09/22/2001,HUM,LA,ASW,CE,Federal Contract Tower,0,3,11,0,14,0,96,21,4,121,0,99,32,4,135,20,0,20,155
09/23/2001,HUM,LA,ASW,CE,Federal Contract Tower,0,0,4,0,4,0,68,7,0,75,0,68,11,0,79,2,0,2,81
09/24/2001,HUM,LA,ASW,CE,Federal Contract Tower,0,6,7,0,13,0,139,55,0,194,0,145,62,0,207,24,0,24,231
09/25/2001,HUM,LA,ASW,CE,Federal Contract Tower,0,5,7,5,17,0,170,50,21,241,0,175,57,26,258,22,14,36,294
09/26/2001,HUM,LA,ASW,CE,Federal Contract Tower,0,3,15,1,19,0,217,82,0,299,0,220,97,1,318,20,16,36,354
09/27/2001,HUM,LA,ASW,CE,Federal Contract Tower,0,3,15,0,18,0,212,71,0,283,0,215,86,0,301,12,0,12,313
09/28/2001,HUM,LA,ASW,CE,Federal Contract Tower,0,2,17,0,19,0,167,46,0,213,0,169,63,0,232,28,0,28,260
09/29/2001,HUM,LA,ASW,CE,Federal Contract Tower,0,0,23,0,23,0,113,20,0,133,0,113,43,0,156,42,6,48,204
09/30/2001,HUM,LA,ASW,CE,Federal Contract Tower,0,3,9,0,12,0,87,34,0,121,0,90,43,0,133,30,0,30,163
10/01/2001,HUM,LA,ASW,CE,Federal Contract Tower,0,3,13,2,18,0,151,63,0,214,0,154,76,2,232,52,0,52,284
10/02/2001,HUM,LA,ASW,CE,Federal Contract Tower,0,6,10,5,21,0,213,76,3,292,0,219,86,8,313,14,0,14,327
10/03/2001,HUM,LA,ASW,CE,Federal Contract Tower,0,3,10,2,15,0,212,57,0,269,0,215,67,2,284,10,6,16,300
10/04/2001,HUM,LA,ASW,CE,Federal Contract Tower,0,3,15,2,20,0,208,78,0,286,0,211,93,2,306,28,2,30,336
10/05/2001,HUM,LA,ASW,CE,Federal Contract Tower,0,9,9,2,20,0,143,44,0,187,0,152,53,2,207,0,10,10,217
10/06/2001,HUM,LA,ASW,CE,Federal Contract Tower,0,15,5,1,21,0,45,4,3,52,0,60,9,4,73,20,0,20,93
10/07/2001,HUM,LA,ASW,CE,Federal Contract Tower,0,6,13,0,19,0,91,32,0,123,0,97,45,0,142,44,0,44,186
10/08/2001,HUM,LA,ASW,CE,Federal Contract Tower,0,1,9,6,16,0,127,71,0,198,0,128,80,6,214,52,2,54,268
10/09/2001,HUM,LA,ASW,CE,Federal Contract Tower,0,3,9,1,13,0,204,53,1,258,0,207,62,2,271,32,0,32,303
10/10/2001,HUM,LA,ASW,CE,Federal Contract Tower,0,5,9,0,14,0,159,15,0,174,0,164,24,0,188,4,0,4,192
10/11/2001,HUM,LA,ASW,CE,Federal Contract Tower,0,11,10,0,21,0,204,27,0,231,0,215,37,0,252,40,0,40,292
10/12/2001,HUM,LA,ASW,CE,Federal Contract Tower,0,3,16,1,20,0,153,25,1,179,0,156,41,2,199,10,0,10,209
10/13/2001,HUM,LA,ASW,CE,Federal Contract Tower,0,19,1,3,23,0,23,1,1,25,0,42,2,4,48,2,0,2,50
10/14/2001,HUM,LA,ASW,CE,Federal Contract Tower,0,32,32,0,64,0,70,27,0,97,0,102,59,0,161,58,0,58,219
10/15/2001,HUM,LA,ASW,CE,Federal Contract Tower,0,1,6,2,9,0,175,62,0,237,0,176,68,2,246,12,14,26,272
10/16/2001,HUM,LA,ASW,CE,Federal Contract Tower,0,11,4,1,16,0,190,66,5,261,0,201,70,6,277,50,0,50,327
10/17/2001,HUM,LA,ASW,CE,Federal Contract Tower,0,6,11,0,17,0,204,73,0,277,0,210,84,0,294,90,0,90,384
10/18/2001,HUM,LA,ASW,CE,Federal Contract Tower,0,2,10,0,12,0,236,82,6,324,0,238,92,6,336,56,0,56,392
10/19/2001,HUM,LA,ASW,CE,Federal Contract Tower,0,2,19,4,25,0,185,66,0,251,0,187,85,4,276,20,0,20,296
10/20/2001,HUM,LA,ASW,CE,Federal Contract Tower,0,0,8,0,8,0,116,44,8,168,0,116,52,8,176,90,0,90,266
10/21/2001,HUM,LA,ASW,CE,Federal Contract Tower,0,43,19,1,63,0,42,31,1,74,0,85,50,2,137,30,0,30,167
10/22/2001,HUM,LA,ASW,CE,Federal Contract Tower,0,7,15,0,22,0,66,57,4,127,0,73,72,4,149,12,0,12,161
10/23/2001,HUM,LA,ASW,CE,Federal Contract Tower,0,25,3,0,28,0,179,89,9,277,0,204,92,9,305,24,0,24,329
10/24/2001,HUM,LA,ASW,CE,Federal Contract Tower,0,10,14,0,24,0,208,75,6,289,0,218,89,6,313,14,0,14,327
10/25/2001,HUM,LA,ASW,CE,Federal Contract Tower,0,4,8,0,12,0,240,49,4,293,0,244,57,4,305,12,0,12,317
10/26/2001,HUM,LA,ASW,CE,Federal Contract Tower,0,7,11,0,18,0,157,56,5,218,0,164,67,5,236,28,0,28,264
10/27/2001,HUM,LA,ASW,CE,Federal Contract Tower,0,10,1,0,11,0,72,19,0,91,0,82,20,0,102,20,0,20,122
10/28/2001,HUM,LA,ASW,CE,Federal Contract Tower,0,5,8,0,13,0,75,32,2,109,0,80,40,2,122,18,0,18,140
10/29/2001,HUM,LA,ASW,CE,Federal Contract Tower,0,7,12,3,22,0,136,68,0,204,0,143,80,3,226,12,28,40,266
10/30/2001,HUM,LA,ASW,CE,Federal Contract Tower,0,2,7,0,9,0,204,75,5,284,0,206,82,5,293,12,0,12,305
10/31/2001,HUM,LA,ASW,CE,Federal Contract Tower,0,3,11,0,14,0,214,50,4,268,0,217,61,4,282,20,0,20,302
11/01/2001,HUM,LA,ASW,CE,Federal Contract Tower,0,6,15,0,21,0,211,74,0,285,0,217,89,0,306,32,0,32,338
11/02/2001,HUM,LA,ASW,CE,Federal Contract Tower,0,11,11,2,24,0,110,45,7,162,0,121,56,9,186,40,0,40,226
11/03/2001,HUM,LA,ASW,CE,Federal Contract Tower,0,5,10,0,15,0,81,14,0,95,0,86,24,0,110,22,0,22,132
11/04/2001,HUM,LA,ASW,CE,Federal Contract Tower,0,1,4,0,5,0,122,24,0,146,0,123,28,0,151,4,0,4,155
11/05/2001,HUM,LA,ASW,CE,Federal Contract Tower,0,7,7,0,14,0,137,36,2,175,0,144,43,2,189,16,0,16,205
11/06/2001,HUM,LA,ASW,CE,Federal Contract Tower,0,3,3,2,8,0,216,58,2,276,0,219,61,4,284,36,4,40,324
11/07/2001,HUM,LA,ASW,CE,Federal Contract Tower,0,15,14,0,29,0,204,66,2,272,0,219,80,2,301,12,0,12,313
11/08/2001,HUM,LA,ASW,CE,Federal Contract Tower,0,2,8,0,10,0,203,44,0,247,0,205,52,0,257,10,4,14,271
11/09/2001,HUM,LA,ASW,CE,Federal Contract Tower,0,2,11,2,15,0,153,71,0,224,0,155,82,2,239,26,10,36,275
11/10/2001,HUM,LA,ASW,CE,Federal Contract Tower,0,0,14,0,14,0,100,22,0,122,0,100,36,0,136,44,0,44,180
11/11/2001,HUM,LA,ASW,CE,Federal Contract Tower,0,0,11,0,11,0,81,29,0,110,0,81,40,0,121,22,0,22,143
11/12/2001,HUM,LA,ASW,CE,Federal Contract Tower,0,0,9,0,9,0,135,51,0,186,0,135,60,0,195,10,0,10,205
11/13/2001,HUM,LA,ASW,CE,Federal Contract Tower,0,2,5,0,7,0,205,55,3,263,0,207,60,3,270,38,0,38,308
11/14/2001,HUM,LA,ASW,CE,Federal Contract Tower,0,4,15,0,19,0,221,47,0,268,0,225,62,0,287,42,0,42,329
11/15/2001,HUM,LA,ASW,CE,Federal Contract Tower,0,3,11,2,16,0,160,55,0,215,0,163,66,2,231,18,4,22,253
11/16/2001,HUM,LA,ASW,CE,Federal Contract Tower,0,3,16,0,19,0,187,90,0,277,0,190,106,0,296,74,20,94,390
11/17/2001,HUM,LA,ASW,CE,Federal Contract Tower,0,0,6,0,6,0,109,30,0,139,0,109,36,0,145,98,0,98,243
11/18/2001,HUM,LA,ASW,CE,Federal Contract Tower,0,6,8,0,14,0,87,47,2,136,0,93,55,2,150,22,0,22,172
11/19/2001,HUM,LA,ASW,CE,Federal Contract Tower,0,16,8,0,24,0,143,40,0,183,0,159,48,0,207,12,0,12,219
11/20/2001,HUM,LA,ASW,CE,Federal Contract Tower,0,17,9,0,26,0,150,24,4,178,0,167,33,4,204,6,0,6,210
11/21/2001,HUM,LA,ASW,CE,Federal Contract Tower,0,3,7,0,10,0,157,47,0,204,0,160,54,0,214,4,0,4,218
11/22/2001,HUM,LA,ASW,CE,Federal Contract Tower,0,1,5,0,6,0,128,14,0,142,0,129,19,0,148,2,0,2,150
11/23/2001,HUM,LA,ASW,CE,Federal Contract Tower,0,3,5,0,8,0,101,16,0,117,0,104,21,0,125,10,0,10,135
11/24/2001,HUM,LA,ASW,CE,Federal Contract Tower,0,10,2,0,12,0,89,8,0,97,0,99,10,0,109,24,0,24,133
11/25/2001,HUM,LA,ASW,CE,Federal Contract Tower,0,0,10,0,10,0,82,30,0,112,0,82,40,0,122,22,0,22,144
11/26/2001,HUM,LA,ASW,CE,Federal Contract Tower,0,13,10,0,23,0,107,30,0,137,0,120,40,0,160,8,0,8,168
11/27/2001,HUM,LA,ASW,CE,Federal Contract Tower,0,2,4,0,6,0,202,26,2,230,0,204,30,2,236,8,0,8,244
11/28/2001,HUM,LA,ASW,CE,Federal Contract Tower,0,2,8,0,10,0,180,16,0,196,0,182,24,0,206,8,0,8,214
11/29/2001,HUM,LA,ASW,CE,Federal Contract Tower,0,86,12,0,98,0,34,2,0,36,0,120,14,0,134,0,0,0,134
11/30/2001,HUM,LA,ASW,CE,Federal Contract Tower,0,64,20,0,84,0,147,59,0,206,0,211,79,0,290,28,6,34,324
12/01/2001,HUM,LA,ASW,CE,Federal Contract Tower,0,0,8,0,8,0,128,21,0,149,0,128,29,0,157,12,0,12,169
12/02/2001,HUM,LA,ASW,CE,Federal Contract Tower,0,13,8,0,21,0,128,27,0,155,0,141,35,0,176,32,0,32,208
12/03/2001,HUM,LA,ASW,CE,Federal Contract Tower,0,14,9,0,23,0,181,44,0,225,0,195,53,0,248,20,0,20,268
12/04/2001,HUM,LA,ASW,CE,Federal Contract Tower,0,28,12,0,40,0,181,33,0,214,0,209,45,0,254,16,0,16,270
12/05/2001,HUM,LA,ASW,CE,Federal Contract Tower,0,33,11,0,44,0,182,56,0,238,0,215,67,0,282,20,0,20,302
12/06/2001,HUM,LA,ASW,CE,Federal Contract Tower,0,38,10,4,52,0,171,31,0,202,0,209,41,4,254,18,4,22,276
12/07/2001,HUM,LA,ASW,CE,Federal Contract Tower,0,23,19,0,42,0,107,30,0,137,0,130,49,0,179,8,4,12,191
12/08/2001,HUM,LA,ASW,CE,Federal Contract Tower,0,0,6,0,6,0,57,8,0,65,0,57,14,0,71,12,0,12,83
12/09/2001,HUM,LA,ASW,CE,Federal Contract Tower,0,17,9,0,26,0,57,13,0,70,0,74,22,0,96,20,0,20,116
12/10/2001,HUM,LA,ASW,CE,Federal Contract Tower,0,3,10,0,13,0,145,37,0,182,0,148,47,0,195,10,0,10,205
12/11/2001,HUM,LA,ASW,CE,Federal Contract Tower,0,12,11,0,23,0,165,41,0,206,0,177,52,0,229,20,2,22,251
12/12/2001,HUM,LA,ASW,CE,Federal Contract Tower,0,39,11,0,50,0,146,22,0,168,0,185,33,0,218,8,0,8,226
12/13/2001,HUM,LA,ASW,CE,Federal Contract Tower,0,25,13,0,38,0,158,7,0,165,0,183,20,0,203,2,0,2,205
12/14/2001,HUM,LA,ASW,CE,Federal Contract Tower,0,9,7,0,16,0,136,43,2,181,0,145,50,2,197,28,0,28,225
12/15/2001,HUM,LA,ASW,CE,Federal Contract Tower,0,7,9,0,16,0,93,16,0,109,0,100,25,0,125,44,4,48,173
12/16/2001,HUM,LA,ASW,CE,Federal Contract Tower,0,13,19,0,32,0,93,23,0,116,0,106,42,0,148,18,0,18,166
12/17/2001,HUM,LA,ASW,CE,Federal Contract Tower,0,4,9,2,15,0,107,24,0,131,0,111,33,2,146,8,2,10,156
12/18/2001,HUM,LA,ASW,CE,Federal Contract Tower,0,2,9,0,11,0,174,47,4,225,0,176,56,4,236,28,0,28,264
12/19/2001,HUM,LA,ASW,CE,Federal Contract Tower,0,9,5,0,14,0,160,69,0,229,0,169,74,0,243,14,0,14,257
12/20/2001,HUM,LA,ASW,CE,Federal Contract Tower,0,2,5,2,9,0,231,63,2,296,0,233,68,4,305,22,0,22,327
12/21/2001,HUM,LA,ASW,CE,Federal Contract Tower,0,2,4,0,6,0,160,53,0,213,0,162,57,0,219,44,12,56,275
12/22/2001,HUM,LA,ASW,CE,Federal Contract Tower,0,0,7,0,7,0,86,19,0,105,0,86,26,0,112,28,0,28,140
12/23/2001,HUM,LA,ASW,CE,Federal Contract Tower,0,16,5,0,21,0,80,13,0,93,0,96,18,0,114,2,0,2,116
12/24/2001,HUM,LA,ASW,CE,Federal Contract Tower,0,2,4,0,6,0,91,25,3,119,0,93,29,3,125,0,0,0,125
12/25/2001,HUM,LA,ASW,CE,Federal Contract Tower,0,0,0,0,0,0,94,17,0,111,0,94,17,0,111,0,0,0,111
12/26/2001,HUM,LA,ASW,CE,Federal Contract Tower,0,2,11,0,13,0,164,48,0,212,0,166,59,0,225,4,0,4,229
12/27/2001,HUM,LA,ASW,CE,Federal Contract Tower,0,2,3,2,7,0,201,67,0,268,0,203,70,2,275,28,18,46,321
12/28/2001,HUM,LA,ASW,CE,Federal Contract Tower,0,2,2,2,6,0,86,25,0,111,0,88,27,2,117,6,10,16,133
12/29/2001,HUM,LA,ASW,CE,Federal Contract Tower,0,3,5,0,8,0,92,25,0,117,0,95,30,0,125,14,0,14,139
12/30/2001,HUM,LA,ASW,CE,Federal Contract Tower,0,3,3,0,6,0,101,32,0,133,0,104,35,0,139,22,0,22,161
12/31/2001,HUM,LA,ASW,CE,Federal Contract Tower,0,2,1,0,3,0,77,4,0,81,0,79,5,0,84,0,0,0,84
01/01/2002,HUM,LA,ASW,CE,Federal Contract Tower,0,1,3,0,4,0,50,0,0,50,0,51,3,0,54,8,0,8,62
01/02/2002,HUM,LA,ASW,CE,Federal Contract Tower,0,5,3,0,8,0,143,15,0,158,0,148,18,0,166,6,0,6,172
01/03/2002,HUM,LA,ASW,CE,Federal Contract Tower,0,3,1,0,4,0,256,53,0,309,0,259,54,0,313,2,0,2,315
01/04/2002,HUM,LA,ASW,CE,Federal Contract Tower,0,3,1,0,4,0,166,44,4,214,0,169,45,4,218,4,12,16,234
01/05/2002,HUM,LA,ASW,CE,Federal Contract Tower,0,9,1,0,10,0,59,6,0,65,0,68,7,0,75,14,0,14,89
01/06/2002,HUM,LA,ASW,CE,Federal Contract Tower,0,5,2,1,8,0,80,15,3,98,0,85,17,4,106,36,2,38,144
01/07/2002,HUM,LA,ASW,CE,Federal Contract Tower,0,2,4,0,6,0,162,33,4,199,0,164,37,4,205,0,4,4,209
01/08/2002,HUM,LA,ASW,CE,Federal Contract Tower,0,2,12,1,15,0,224,61,0,285,0,226,73,1,300,28,4,32,332
01/09/2002,HUM,LA,ASW,CE,Federal Contract Tower,0,4,6,0,10,0,203,38,0,241,0,207,44,0,251,4,2,6,257
01/10/2002,HUM,LA,ASW,CE,Federal Contract Tower,0,4,7,0,11,0,208,41,2,251,0,212,48,2,262,30,0,30,292
01/11/2002,HUM,LA,ASW,CE,Federal Contract Tower,0,3,13,0,16,0,203,32,0,235,0,206,45,0,251,8,0,8,259
01/12/2002,HUM,LA,ASW,CE,Federal Contract Tower,0,21,5,0,26,0,47,5,0,52,0,68,10,0,78,6,0,6,84
01/13/2002,HUM,LA,ASW,CE,Federal Contract Tower,0,4,9,0,13,0,113,21,0,134,0,117,30,0,147,40,0,40,187
01/14/2002,HUM,LA,ASW,CE,Federal Contract Tower,0,12,7,2,21,0,55,9,0,64,0,67,16,2,85,4,4,8,93
01/15/2002,HUM,LA,ASW,CE,Federal Contract Tower,0,3,6,1,10,0,209,67,6,282,0,212,73,7,292,18,2,20,312
01/16/2002,HUM,LA,ASW,CE,Federal Contract Tower,0,9,6,0,15,0,225,55,0,280,0,234,61,0,295,54,2,56,351
01/17/2002,HUM,LA,ASW,CE,Federal Contract Tower,0,2,10,0,12,0,208,46,6,260,0,210,56,6,272,14,0,14,286
01/18/2002,HUM,LA,ASW,CE,Federal Contract Tower,0,7,16,0,23,0,147,37,0,184,0,154,53,0,207,2,4,6,213
01/19/2002,HUM,LA,ASW,CE,Federal Contract Tower,0,8,2,0,10,0,89,8,0,97,0,97,10,0,107,10,0,10,117
01/20/2002,HUM,LA,ASW,CE,Federal Contract Tower,0,5,19,0,24,0,98,21,0,119,0,103,40,0,143,22,2,24,167
01/21/2002,HUM,LA,ASW,CE,Federal Contract Tower,0,3,4,4,11,0,72,42,0,114,0,75,46,4,125,0,0,0,125
01/22/2002,HUM,LA,ASW,CE,Federal Contract Tower,0,43,22,0,65,0,71,10,8,89,0,114,32,8,154,10,0,10,164
01/23/2002,HUM,LA,ASW,CE,Federal Contract Tower,0,13,9,0,22,0,187,26,4,217,0,200,35,4,239,6,0,6,245
01/24/2002,HUM,LA,ASW,CE,Federal Contract Tower,0,7,10,0,17,0,157,26,0,183,0,164,36,0,200,8,22,30,230
01/25/2002,HUM,LA,ASW,CE,Federal Contract Tower,0,4,6,0,10,0,153,82,0,235,0,157,88,0,245,10,6,16,261
01/26/2002,HUM,LA,ASW,CE,Federal Contract Tower,0,1,7,0,8,0,87,54,4,145,0,88,61,4,153,42,0,42,195
01/27/2002,HUM,LA,ASW,CE,Federal Contract Tower,0,7,5,0,12,0,30,21,4,55,0,37,26,4,67,44,0,44,111
01/28/2002,HUM,LA,ASW,CE,Federal Contract Tower,0,4,6,4,14,0,140,32,0,172,0,144,38,4,186,6,0,6,192
01/29/2002,HUM,LA,ASW,CE,Federal Contract Tower,0,33,7,10,50,0,132,42,6,180,0,165,49,16,230,8,2,10,240
01/30/2002,HUM,LA,ASW,CE,Federal Contract Tower,0,28,9,2,39,0,145,28,0,173,0,173,37,2,212,12,4,16,228
01/31/2002,HUM,LA,ASW,CE,Federal Contract Tower,0,6,19,4,29,0,193,42,0,235,0,199,61,4,264,6,4,10,274
02/01/2002,HUM,LA,ASW,CE,Federal Contract Tower,0,10,23,2,35,0,131,15,0,146,0,141,38,2,181,0,0,0,181
02/02/2002,HUM,LA,ASW,CE,Federal Contract Tower,0,9,14,0,23,0,75,10,0,85,0,84,24,0,108,8,0,8,116
02/03/2002,HUM,LA,ASW,CE,Federal Contract Tower,0,3,81,0,84,0,32,33,0,65,0,35,114,0,149,8,0,8,157
02/04/2002,HUM,LA,ASW,CE,Federal Contract Tower,0,15,26,2,43,0,132,55,2,189,0,147,81,4,232,6,10,16,248
02/05/2002,HUM,LA,ASW,CE,Federal Contract Tower,0,31,2,0,33,0,120,25,6,151,0,151,27,6,184,6,0,6,190
02/06/2002,HUM,LA,ASW,CE,Federal Contract Tower,0,45,5,3,53,0,0,4,0,4,0,45,9,3,57,14,0,14,71
02/07/2002,HUM,LA,ASW,CE,Federal Contract Tower,0,4,11,0,15,0,232,47,0,279,0,236,58,0,294,20,0,20,314
02/08/2002,HUM,LA,ASW,CE,Federal Contract Tower,0,2,10,0,12,0,152,45,2,199,0,154,55,2,211,4,0,4,215
02/09/2002,HUM,LA,ASW,CE,Federal Contract Tower,0,6,12,0,18,0,104,21,2,127,0,110,33,2,145,28,0,28,173
02/10/2002,HUM,LA,ASW,CE,Federal Contract Tower,0,1,7,2,10,0,99,15,0,114,0,100,22,2,124,22,0,22,146
02/11/2002,HUM,LA,ASW,CE,Federal Contract Tower,0,2,6,0,8,0,156,56,0,212,0,158,62,0,220,8,0,8,228
02/12/2002,HUM,LA,ASW,CE,Federal Contract Tower,0,1,4,0,5,0,149,41,0,190,0,150,45,0,195,10,0,10,205
02/13/2002,HUM,LA,ASW,CE,Federal Contract Tower,0,4,20,0,24,0,163,37,0,200,0,167,57,0,224,34,0,34,258
02/14/2002,HUM,LA,ASW,CE,Federal Contract Tower,0,3,5,0,8,0,189,67,0,256,0,192,72,0,264,50,6,56,320
02/15/2002,HUM,LA,ASW,CE,Federal Contract Tower,0,5,10,2,17,0,141,47,4,192,0,146,57,6,209,34,0,34,243
02/16/2002,HUM,LA,ASW,CE,Federal Contract Tower,0,0,7,0,7,0,96,39,0,135,0,96,46,0,142,46,0,46,188
02/17/2002,HUM,LA,ASW,CE,Federal Contract Tower,0,11,5,0,16,0,87,52,0,139,0,98,57,0,155,58,0,58,213
02/18/2002,HUM,LA,ASW,CE,Federal Contract Tower,0,15,4,0,19,0,135,51,0,186,0,150,55,0,205,32,0,32,237
02/19/2002,HUM,LA,ASW,CE,Federal Contract Tower,0,4,8,1,13,0,200,30,3,233,0,204,38,4,246,16,8,24,270
02/20/2002,HUM,LA,ASW,CE,Federal Contract Tower,0,3,11,0,14,0,184,29,2,215,0,187,40,2,229,16,0,16,245
02/21/2002,HUM,LA,ASW,CE,Federal Contract Tower,0,2,19,0,21,0,175,39,0,214,0,177,58,0,235,56,18,74,309
02/22/2002,HUM,LA,ASW,CE,Federal Contract Tower,0,3,13,0,16,0,153,32,0,185,0,156,45,0,201,20,2,22,223
02/23/2002,HUM,LA,ASW,CE,Federal Contract Tower,0,0,3,0,3,0,76,48,2,126,0,76,51,2,129,8,8,16,145
02/24/2002,HUM,LA,ASW,CE,Federal Contract Tower,0,6,11,0,17,0,118,52,0,170,0,124,63,0,187,72,0,72,259
02/25/2002,HUM,LA,ASW,CE,Federal Contract Tower,0,3,14,0,17,0,164,43,0,207,0,167,57,0,224,0,0,0,224
02/26/2002,HUM,LA,ASW,CE,Federal Contract Tower,0,4,3,0,7,0,145,28,4,177,0,149,31,4,184,14,0,14,198
02/27/2002,HUM,LA,ASW,CE,Federal Contract Tower,0,2,4,0,6,0,198,49,2,249,0,200,53,2,255,4,0,4,259
02/28/2002,HUM,LA,ASW,CE,Federal Contract Tower,0,2,12,0,14,0,220,44,0,264,0,222,56,0,278,6,2,8,286
03/01/2002,HUM,LA,ASW,CE,Federal Contract Tower,0,9,6,0,15,0,69,23,0,92,0,78,29,0,107,6,0,6,113
03/02/2002,HUM,LA,ASW,CE,Federal Contract Tower,0,36,5,0,41,0,39,2,0,41,0,75,7,0,82,0,0,0,82
03/03/2002,HUM,LA,ASW,CE,Federal Contract Tower,0,8,6,0,14,0,62,21,0,83,0,70,27,0,97,38,0,38,135
03/04/2002,HUM,LA,ASW,CE,Federal Contract Tower,0,17,2,2,21,0,154,43,2,199,0,171,45,4,220,28,2,30,250
03/05/2002,HUM,LA,ASW,CE,Federal Contract Tower,0,5,4,2,11,0,239,62,4,305,0,244,66,6,316,42,6,48,364
03/06/2002,HUM,LA,ASW,CE,Federal Contract Tower,0,3,5,0,8,0,218,67,0,285,0,221,72,0,293,38,40,78,371
03/07/2002,HUM,LA,ASW,CE,Federal Contract Tower,0,22,7,0,29,0,168,77,0,245,0,190,84,0,274,56,2,58,332
03/08/2002,HUM,LA,ASW,CE,Federal Contract Tower,0,9,15,0,24,0,134,34,0,168,0,143,49,0,192,16,8,24,216
03/09/2002,HUM,LA,ASW,CE,Federal Contract Tower,0,21,6,0,27,0,76,25,0,101,0,97,31,0,128,44,0,44,172
03/10/2002,HUM,LA,ASW,CE,Federal Contract Tower,0,0,6,0,6,0,91,39,0,130,0,91,45,0,136,28,0,28,164
03/11/2002,HUM,LA,ASW,CE,Federal Contract Tower,0,0,8,0,8,0,153,31,2,186,0,153,39,2,194,22,0,22,216
03/12/2002,HUM,LA,ASW,CE,Federal Contract Tower,0,5,5,0,10,0,201,17,8,226,0,206,22,8,236,28,0,28,264
03/13/2002,HUM,LA,ASW,CE,Federal Contract Tower,0,5,13,0,18,0,187,52,0,239,0,192,65,0,257,14,0,14,271
03/14/2002,HUM,LA,ASW,CE,Federal Contract Tower,0,6,14,0,20,0,178,35,0,213,0,184,49,0,233,42,0,42,275
03/15/2002,HUM,LA,ASW,CE,Federal Contract Tower,0,2,14,0,16,0,145,28,0,173,0,147,42,0,189,28,0,28,217
03/16/2002,HUM,LA,ASW,CE,Federal Contract Tower,0,15,13,0,28,0,114,12,0,126,0,129,25,0,154,40,0,40,194
03/17/2002,HUM,LA,ASW,CE,Federal Contract Tower,0,1,14,0,15,0,96,24,0,120,0,97,38,0,135,4,0,4,139
03/18/2002,HUM,LA,ASW,CE,Federal Contract Tower,0,15,3,0,18,0,142,32,2,176,0,157,35,2,194,26,0,26,220
03/19/2002,HUM,LA,ASW,CE,Federal Contract Tower,0,6,10,8,24,0,189,43,2,234,0,195,53,10,258,24,26,50,308
03/20/2002,HUM,LA,ASW,CE,Federal Contract Tower,0,5,10,0,15,0,188,23,0,211,0,193,33,0,226,12,0,12,238
03/21/2002,HUM,LA,ASW,CE,Federal Contract Tower,0,38,9,0,47,0,204,35,2,241,0,242,44,2,288,18,0,18,306
03/22/2002,HUM,LA,ASW,CE,Federal Contract Tower,0,8,7,0,15,0,133,56,0,189,0,141,63,0,204,66,0,66,270
03/23/2002,HUM,LA,ASW,CE,Federal Contract Tower,0,3,12,0,15,0,103,31,2,136,0,106,43,2,151,70,0,70,221
03/24/2002,HUM,LA,ASW,CE,Federal Contract Tower,0,0,5,4,9,0,100,34,1,135,0,100,39,5,144,32,18,50,194
03/25/2002,HUM,LA,ASW,CE,Federal Contract Tower,0,4,7,3,14,0,138,45,2,185,0,142,52,5,199,20,14,34,233
03/26/2002,HUM,LA,ASW,CE,Federal Contract Tower,0,55,18,2,75,0,133,13,0,146,0,188,31,2,221,24,12,36,257
03/27/2002,HUM,LA,ASW,CE,Federal Contract Tower,0,9,11,0,20,0,205,52,0,257,0,214,63,0,277,34,16,50,327
03/28/2002,HUM,LA,ASW,CE,Federal Contract Tower,0,6,12,0,18,0,188,56,0,244,0,194,68,0,262,14,0,14,276
03/29/2002,HUM,LA,ASW,CE,Federal Contract Tower,0,20,11,0,31,0,110,36,0,146,0,130,47,0,177,36,0,36,213
03/30/2002,HUM,LA,ASW,CE,Federal Contract Tower,0,4,3,0,7,0,74,12,0,86,0,78,15,0,93,28,0,28,121
03/31/2002,HUM,LA,ASW,CE,Federal Contract Tower,0,4,2,0,6,0,69,6,0,75,0,73,8,0,81,2,0,2,83
04/01/2002,HUM,LA,ASW,CE,Federal Contract Tower,0,11,18,0,29,0,147,55,2,204,0,158,73,2,233,48,0,48,281
04/02/2002,HUM,LA,ASW,CE,Federal Contract Tower,0,22,14,2,38,0,184,46,4,234,0,206,60,6,272,14,24,38,310
04/03/2002,HUM,LA,ASW,CE,Federal Contract Tower,0,10,16,4,30,0,142,34,0,176,0,152,50,4,206,18,0,18,224
04/04/2002,HUM,LA,ASW,CE,Federal Contract Tower,0,2,9,4,15,0,222,70,0,292,0,224,79,4,307,60,36,96,403
04/05/2002,HUM,LA,ASW,CE,Federal Contract Tower,0,2,8,6,16,0,124,49,2,175,0,126,57,8,191,26,4,30,221
04/06/2002,HUM,LA,ASW,CE,Federal Contract Tower,0,1,0,0,1,0,85,23,4,112,0,86,23,4,113,26,0,26,139
04/07/2002,HUM,LA,ASW,CE,Federal Contract Tower,0,1,2,0,3,0,101,20,0,121,0,102,22,0,124,0,0,0,124
04/08/2002,HUM,LA,ASW,CE,Federal Contract Tower,0,0,2,0,2,0,47,11,0,58,0,47,13,0,60,16,0,16,76
04/09/2002,HUM,LA,ASW,CE,Federal Contract Tower,0,4,16,0,20,0,193,30,6,229,0,197,46,6,249,12,0,12,261
04/10/2002,HUM,LA,ASW,CE,Federal Contract Tower,0,39,16,0,55,0,130,45,0,175,0,169,61,0,230,82,0,82,312
04/11/2002,HUM,LA,ASW,CE,Federal Contract Tower,0,15,7,1,23,0,182,41,0,223,0,197,48,1,246,94,4,98,344
04/12/2002,HUM,LA,ASW,CE,Federal Contract Tower,0,15,16,0,31,0,150,49,0,199,0,165,65,0,230,40,10,50,280
04/13/2002,HUM,LA,ASW,CE,Federal Contract Tower,0,5,12,0,17,0,106,21,0,127,0,111,33,0,144,8,0,8,152
04/14/2002,HUM,LA,ASW,CE,Federal Contract Tower,0,5,6,0,11,0,90,35,0,125,0,95,41,0,136,68,0,68,204
04/15/2002,HUM,LA,ASW,CE,Federal Contract Tower,0,11,13,2,26,0,125,42,4,171,0,136,55,6,197,18,0,18,215
04/16/2002,HUM,LA,ASW,CE,Federal Contract Tower,0,10,15,4,29,0,190,54,4,248,0,200,69,8,277,8,0,8,285
04/17/2002,HUM,LA,ASW,CE,Federal Contract Tower,0,9,5,1,15,0,147,55,0,202,0,156,60,1,217,58,18,76,293
04/18/2002,HUM,LA,ASW,CE,Federal Contract Tower,0,18,19,0,37,0,169,48,0,217,0,187,67,0,254,58,10,68,322
04/19/2002,HUM,LA,ASW,CE,Federal Contract Tower,0,15,12,2,29,0,131,61,0,192,0,146,73,2,221,16,0,16,237
04/20/2002,HUM,LA,ASW,CE,Federal Contract Tower,0,10,10,0,20,0,107,32,0,139,0,117,42,0,159,58,8,66,225
04/21/2002,HUM,LA,ASW,CE,Federal Contract Tower,0,12,6,0,18,0,85,39,0,124,0,97,45,0,142,76,0,76,218
04/22/2002,HUM,LA,ASW,CE,Federal Contract Tower,0,10,8,0,18,0,146,49,0,195,0,156,57,0,213,16,0,16,229
04/23/2002,HUM,LA,ASW,CE,Federal Contract Tower,0,7,3,0,10,0,177,51,4,232,0,184,54,4,242,28,0,28,270
04/24/2002,HUM,LA,ASW,CE,Federal Contract Tower,0,4,11,0,15,0,140,52,2,194,0,144,63,2,209,22,0,22,231
04/25/2002,HUM,LA,ASW,CE,Federal Contract Tower,0,9,15,4,28,0,198,65,0,263,0,207,80,4,291,22,10,32,323
04/26/2002,HUM,LA,ASW,CE,Federal Contract Tower,0,11,14,0,25,0,137,68,0,205,0,148,82,0,230,38,4,42,272
04/27/2002,HUM,LA,ASW,CE,Federal Contract Tower,0,15,11,4,30,0,79,10,2,91,0,94,21,6,121,16,0,16,137
04/28/2002,HUM,LA,ASW,CE,Federal Contract Tower,0,7,15,0,22,0,85,29,0,114,0,92,44,0,136,88,0,88,224
04/29/2002,HUM,LA,ASW,CE,Federal Contract Tower,0,14,7,0,21,0,143,64,0,207,0,157,71,0,228,42,0,42,270
04/30/2002,HUM,LA,ASW,CE,Federal Contract Tower,0,4,10,0,14,0,173,78,2,253,0,177,88,2,267,20,0,20,287
05/01/2002,HUM,LA,ASW,CE,Federal Contract Tower,0,2,12,0,14,0,153,43,4,200,0,155,55,4,214,14,0,14,228
05/02/2002,HUM,LA,ASW,CE,Federal Contract Tower,0,4,6,0,10,0,166,51,4,221,0,170,57,4,231,10,2,12,243
05/03/2002,HUM,LA,ASW,CE,Federal Contract Tower,0,2,14,0,16,0,131,58,0,189,0,133,72,0,205,2,0,2,207
05/04/2002,HUM,LA,ASW,CE,Federal Contract Tower,0,3,10,0,13,0,68,16,0,84,0,71,26,0,97,10,0,10,107
05/05/2002,HUM,LA,ASW,CE,Federal Contract Tower,0,7,10,0,17,0,104,32,0,136,0,111,42,0,153,48,0,48,201
05/06/2002,HUM,LA,ASW,CE,Federal Contract Tower,0,5,4,0,9,0,160,53,0,213,0,165,57,0,222,2,0,2,224
05/07/2002,HUM,LA,ASW,CE,Federal Contract Tower,0,3,10,1,14,0,205,58,0,263,0,208,68,1,277,8,14,22,299
05/08/2002,HUM,LA,ASW,CE,Federal Contract Tower,0,2,4,0,6,0,171,75,0,246,0,173,79,0,252,16,0,16,268
05/09/2002,HUM,LA,ASW,CE,Federal Contract Tower,0,3,8,0,11,0,188,56,0,244,0,191,64,0,255,26,0,26,281
05/10/2002,HUM,LA,ASW,CE,Federal Contract Tower,0,2,15,0,17,0,131,57,4,192,0,133,72,4,209,12,0,12,221
05/11/2002,HUM,LA,ASW,CE,Federal Contract Tower,0,0,9,0,9,0,78,14,2,94,0,78,23,2,103,18,2,20,123
05/12/2002,HUM,LA,ASW,CE,Federal Contract Tower,0,12,12,0,24,0,90,42,0,132,0,102,54,0,156,26,0,26,182
05/13/2002,HUM,LA,ASW,CE,Federal Contract Tower,0,0,18,0,18,0,141,40,0,181,0,141,58,0,199,6,24,30,229
05/14/2002,HUM,LA,ASW,CE,Federal Contract Tower,0,3,3,0,6,0,159,80,5,244,0,162,83,5,250,2,46,48,298
05/15/2002,HUM,LA,ASW,CE,Federal Contract Tower,0,2,7,1,10,0,171,62,1,234,0,173,69,2,244,20,40,60,304
05/16/2002,HUM,LA,ASW,CE,Federal Contract Tower,0,2,4,0,6,0,171,58,6,235,0,173,62,6,241,34,20,54,295
05/17/2002,HUM,LA,ASW,CE,Federal Contract Tower,0,4,9,0,13,0,93,55,2,150,0,97,64,2,163,20,0,20,183
05/18/2002,HUM,LA,ASW,CE,Federal Contract Tower,0,21,6,0,27,0,53,11,2,66,0,74,17,2,93,86,0,86,179
05/19/2002,HUM,LA,ASW,CE,Federal Contract Tower,0,13,12,0,25,0,60,36,0,96,0,73,48,0,121,56,0,56,177
05/20/2002,HUM,LA,ASW,CE,Federal Contract Tower,0,2,8,0,10,0,149,66,3,218,0,151,74,3,228,50,0,50,278
05/21/2002,HUM,LA,ASW,CE,Federal Contract Tower,0,9,3,0,12,0,211,59,4,274,0,220,62,4,286,18,26,44,330
05/22/2002,HUM,LA,ASW,CE,Federal Contract Tower,0,7,16,0,23,0,155,67,2,224,0,162,83,2,247,22,0,22,269
05/23/2002,HUM,LA,ASW,CE,Federal Contract Tower,0,2,10,0,12,0,189,60,3,252,0,191,70,3,264,22,0,22,286
05/24/2002,HUM,LA,ASW,CE,Federal Contract Tower,0,2,22,0,24,0,147,65,0,212,0,149,87,0,236,24,0,24,260
05/25/2002,HUM,LA,ASW,CE,Federal Contract Tower,0,10,6,2,18,0,83,23,0,106,0,93,29,2,124,96,2,98,222
05/26/2002,HUM,LA,ASW,CE,Federal Contract Tower,0,12,7,0,19,0,78,28,0,106,0,90,35,0,125,82,0,82,207
05/27/2002,HUM,LA,ASW,CE,Federal Contract Tower,0,0,9,0,9,0,104,56,0,160,0,104,65,0,169,4,0,4,173
05/28/2002,HUM,LA,ASW,CE,Federal Contract Tower,0,2,16,0,18,0,222,48,6,276,0,224,64,6,294,32,0,32,326
05/29/2002,HUM,LA,ASW,CE,Federal Contract Tower,0,2,8,0,10,0,204,76,4,284,0,206,84,4,294,10,0,10,304
05/30/2002,HUM,LA,ASW,CE,Federal Contract Tower,0,7,19,0,26,0,146,54,0,200,0,153,73,0,226,26,0,26,252
05/31/2002,HUM,LA,ASW,CE,Federal Contract Tower,0,2,14,0,16,0,135,51,0,186,0,137,65,0,202,48,2,50,252
06/01/2002,HUM,LA,ASW,CE,Federal Contract Tower,0,5,7,2,14,0,99,32,0,131,0,104,39,2,145,16,2,18,163
06/02/2002,HUM,LA,ASW,CE,Federal Contract Tower,0,17,17,0,34,0,93,42,0,135,0,110,59,0,169,66,0,66,235
06/03/2002,HUM,LA,ASW,CE,Federal Contract Tower,0,2,14,4,20,0,135,44,2,181,0,137,58,6,201,14,0,14,215
06/04/2002,HUM,LA,ASW,CE,Federal Contract Tower,0,2,7,6,15,0,173,70,0,243,0,175,77,6,258,10,18,28,286
06/05/2002,HUM,LA,ASW,CE,Federal Contract Tower,0,2,10,0,12,0,220,62,4,286,0,222,72,4,298,66,0,66,364
06/06/2002,HUM,LA,ASW,CE,Federal Contract Tower,0,3,7,0,10,0,177,53,0,230,0,180,60,0,240,12,0,12,252
06/07/2002,HUM,LA,ASW,CE,Federal Contract Tower,0,6,12,0,18,0,144,38,0,182,0,150,50,0,200,6,0,6,206
06/08/2002,HUM,LA,ASW,CE,Federal Contract Tower,0,20,5,0,25,0,82,24,0,106,0,102,29,0,131,58,0,58,189
06/09/2002,HUM,LA,ASW,CE,Federal Contract Tower,0,0,12,0,12,0,98,19,0,117,0,98,31,0,129,8,0,8,137
06/10/2002,HUM,LA,ASW,CE,Federal Contract Tower,0,2,6,0,8,0,135,32,0,167,0,137,38,0,175,6,0,6,181
06/11/2002,HUM,LA,ASW,CE,Federal Contract Tower,0,4,3,0,7,0,169,54,0,223,0,173,57,0,230,14,0,14,244
06/12/2002,HUM,LA,ASW,CE,Federal Contract Tower,0,2,5,0,7,0,202,69,2,273,0,204,74,2,280,34,2,36,316
06/13/2002,HUM,LA,ASW,CE,Federal Contract Tower,0,2,14,0,16,0,182,73,0,255,0,184,87,0,271,2,0,2,273
06/14/2002,HUM,LA,ASW,CE,Federal Contract Tower,0,2,13,0,15,0,145,55,0,200,0,147,68,0,215,10,0,10,225
06/15/2002,HUM,LA,ASW,CE,Federal Contract Tower,0,11,3,0,14,0,111,33,4,148,0,122,36,4,162,116,0,116,278
06/16/2002,HUM,LA,ASW,CE,Federal Contract Tower,0,9,4,0,13,0,96,16,4,116,0,105,20,4,129,44,0,44,173
06/17/2002,HUM,LA,ASW,CE,Federal Contract Tower,0,3,8,0,11,0,138,47,0,185,0,141,55,0,196,2,0,2,198
06/18/2002,HUM,LA,ASW,CE,Federal Contract Tower,0,2,9,0,11,0,164,62,4,230,0,166,71,4,241,14,2,16,257
06/19/2002,HUM,LA,ASW,CE,Federal Contract Tower,0,2,17,0,19,0,160,58,4,222,0,162,75,4,241,20,0,20,261
06/20/2002,HUM,LA,ASW,CE,Federal Contract Tower,0,2,7,0,9,0,145,71,0,216,0,147,78,0,225,56,0,56,281
06/21/2002,HUM,LA,ASW,CE,Federal Contract Tower,0,2,9,0,11,0,142,51,0,193,0,144,60,0,204,2,6,8,212
06/22/2002,HUM,LA,ASW,CE,Federal Contract Tower,0,0,0,0,0,0,87,31,0,118,0,87,31,0,118,26,0,26,144
06/23/2002,HUM,LA,ASW,CE,Federal Contract Tower,0,1,11,0,12,0,75,18,0,93,0,76,29,0,105,4,0,4,109
06/24/2002,HUM,LA,ASW,CE,Federal Contract Tower,0,2,12,0,14,0,169,50,0,219,0,171,62,0,233,10,0,10,243
06/25/2002,HUM,LA,ASW,CE,Federal Contract Tower,0,2,10,3,15,0,169,57,5,231,0,171,67,8,246,6,28,34,280
06/26/2002,HUM,LA,ASW,CE,Federal Contract Tower,0,2,12,0,14,0,180,59,0,239,0,182,71,0,253,2,0,2,255
06/27/2002,HUM,LA,ASW,CE,Federal Contract Tower,0,3,13,0,16,0,176,37,0,213,0,179,50,0,229,2,0,2,231
06/28/2002,HUM,LA,ASW,CE,Federal Contract Tower,0,10,5,0,15,0,154,47,4,205,0,164,52,4,220,22,0,22,242
06/29/2002,HUM,LA,ASW,CE,Federal Contract Tower,0,6,4,0,10,0,73,26,2,101,0,79,30,2,111,24,0,24,135
06/30/2002,HUM,LA,ASW,CE,Federal Contract Tower,0,18,9,0,27,0,54,48,0,102,0,72,57,0,129,60,0,60,189
07/01/2002,HUM,LA,ASW,CE,Federal Contract Tower,0,2,10,0,12,0,139,48,0,187,0,141,58,0,199,8,0,8,207
07/02/2002,HUM,LA,ASW,CE,Federal Contract Tower,0,2,10,0,12,0,175,54,8,237,0,177,64,8,249,10,2,12,261
07/03/2002,HUM,LA,ASW,CE,Federal Contract Tower,0,0,11,4,15,0,194,49,0,243,0,194,60,4,258,4,22,26,284
07/04/2002,HUM,LA,ASW,CE,Federal Contract Tower,0,0,1,0,1,0,116,20,0,136,0,116,21,0,137,8,0,8,145
07/05/2002,HUM,LA,ASW,CE,Federal Contract Tower,0,0,4,0,4,0,119,37,0,156,0,119,41,0,160,6,0,6,166
07/06/2002,HUM,LA,ASW,CE,Federal Contract Tower,0,10,5,0,15,0,80,28,0,108,0,90,33,0,123,50,0,50,173
07/07/2002,HUM,LA,ASW,CE,Federal Contract Tower,0,0,9,0,9,0,69,30,0,99,0,69,39,0,108,26,0,26,134
07/08/2002,HUM,LA,ASW,CE,Federal Contract Tower,0,1,5,0,6,0,120,50,0,170,0,121,55,0,176,0,0,0,176
07/09/2002,HUM,LA,ASW,CE,Federal Contract Tower,0,1,7,3,11,0,184,58,3,245,0,185,65,6,256,0,16,16,272
07/10/2002,HUM,LA,ASW,CE,Federal Contract Tower,0,2,10,2,14,0,162,77,4,243,0,164,87,6,257,18,2,20,277
07/11/2002,HUM,LA,ASW,CE,Federal Contract Tower,0,5,17,0,22,0,170,79,0,249,0,175,96,0,271,34,6,40,311
07/12/2002,HUM,LA,ASW,CE,Federal Contract Tower,0,5,12,0,17,0,151,49,0,200,0,156,61,0,217,38,2,40,257
07/13/2002,HUM,LA,ASW,CE,Federal Contract Tower,0,0,3,0,3,0,75,19,0,94,0,75,22,0,97,6,0,6,103
07/14/2002,HUM,LA,ASW,CE,Federal Contract Tower,0,1,9,1,11,0,76,21,1,98,0,77,30,2,109,30,34,64,173
07/15/2002,HUM,LA,ASW,CE,Federal Contract Tower,0,2,10,0,12,0,132,44,0,176,0,134,54,0,188,26,6,32,220
07/16/2002,HUM,LA,ASW,CE,Federal Contract Tower,0,3,8,1,12,0,183,64,8,255,0,186,72,9,267,22,10,32,299
07/17/2002,HUM,LA,ASW,CE,Federal Contract Tower,0,14,9,0,23,0,165,68,0,233,0,179,77,0,256,26,0,26,282
07/18/2002,HUM,LA,ASW,CE,Federal Contract Tower,0,1,13,0,14,0,183,64,2,249,0,184,77,2,263,0,0,0,263
07/19/2002,HUM,LA,ASW,CE,Federal Contract Tower,0,7,11,0,18,0,123,72,0,195,0,130,83,0,213,40,18,58,271
07/20/2002,HUM,LA,ASW,CE,Federal Contract Tower,0,10,2,0,12,0,94,31,0,125,0,104,33,0,137,66,0,66,203
07/21/2002,HUM,LA,ASW,CE,Federal Contract Tower,0,19,5,0,24,0,72,16,0,88,0,91,21,0,112,42,0,42,154
07/22/2002,HUM,LA,ASW,CE,Federal Contract Tower,0,3,9,0,12,0,132,60,0,192,0,135,69,0,204,4,2,6,210
07/23/2002,HUM,LA,ASW,CE,Federal Contract Tower,0,3,7,0,10,0,173,55,6,234,0,176,62,6,244,26,0,26,270
07/24/2002,HUM,LA,ASW,CE,Federal Contract Tower,0,5,6,1,12,0,140,50,4,194,0,145,56,5,206,24,0,24,230
07/25/2002,HUM,LA,ASW,CE,Federal Contract Tower,0,3,8,0,11,0,158,42,0,200,0,161,50,0,211,14,0,14,225
07/26/2002,HUM,LA,ASW,CE,Federal Contract Tower,0,6,9,0,15,0,134,54,6,194,0,140,63,6,209,26,0,26,235
07/27/2002,HUM,LA,ASW,CE,Federal Contract Tower,0,3,6,0,9,0,83,28,0,111,0,86,34,0,120,16,0,16,136
07/28/2002,HUM,LA,ASW,CE,Federal Contract Tower,0,0,3,0,3,0,78,34,0,112,0,78,37,0,115,2,0,2,117
07/29/2002,HUM,LA,ASW,CE,Federal Contract Tower,0,16,0,0,16,0,102,50,0,152,0,118,50,0,168,20,0,20,188
07/30/2002,HUM,LA,ASW,CE,Federal Contract Tower,0,4,10,0,14,0,135,48,4,187,0,139,58,4,201,18,0,18,219
07/31/2002,HUM,LA,ASW,CE,Federal Contract Tower,0,6,8,0,14,0,158,55,0,213,0,164,63,0,227,34,0,34,261
08/01/2002,HUM,LA,ASW,CE,Federal Contract Tower,0,2,12,0,14,0,173,37,4,214,0,175,49,4,228,6,0,6,234
08/02/2002,HUM,LA,ASW,CE,Federal Contract Tower,0,2,12,0,14,0,149,42,0,191,0,151,54,0,205,16,0,16,221
08/03/2002,HUM,LA,ASW,CE,Federal Contract Tower,0,4,10,0,14,0,95,8,1,104,0,99,18,1,118,42,2,44,162
08/04/2002,HUM,LA,ASW,CE,Federal Contract Tower,0,0,14,0,14,0,97,21,0,118,0,97,35,0,132,38,2,40,172
08/05/2002,HUM,LA,ASW,CE,Federal Contract Tower,0,2,10,5,17,0,120,40,15,175,0,122,50,20,192,12,12,24,216
08/06/2002,HUM,LA,ASW,CE,Federal Contract Tower,0,2,9,0,11,0,152,29,15,196,0,154,38,15,207,4,0,4,211
08/07/2002,HUM,LA,ASW,CE,Federal Contract Tower,0,25,11,0,36,0,145,32,15,192,0,170,43,15,228,18,2,20,248
08/08/2002,HUM,LA,ASW,CE,Federal Contract Tower,0,3,5,2,10,0,176,46,8,230,0,179,51,10,240,20,24,44,284
08/09/2002,HUM,LA,ASW,CE,Federal Contract Tower,0,2,6,0,8,0,140,63,4,207,0,142,69,4,215,10,0,10,225
08/10/2002,HUM,LA,ASW,CE,Federal Contract Tower,0,0,4,0,4,0,98,38,0,136,0,98,42,0,140,34,0,34,174
08/11/2002,HUM,LA,ASW,CE,Federal Contract Tower,0,0,9,0,9,0,59,22,0,81,0,59,31,0,90,42,0,42,132
08/12/2002,HUM,LA,ASW,CE,Federal Contract Tower,0,4,3,0,7,0,126,44,0,170,0,130,47,0,177,4,0,4,181
08/13/2002,HUM,LA,ASW,CE,Federal Contract Tower,0,4,19,0,23,0,177,43,4,224,0,181,62,4,247,20,0,20,267
08/14/2002,HUM,LA,ASW,CE,Federal Contract Tower,0,2,1,0,3,0,205,59,4,268,0,207,60,4,271,16,0,16,287
08/15/2002,HUM,LA,ASW,CE,Federal Contract Tower,0,3,9,0,12,0,188,38,0,226,0,191,47,0,238,8,8,16,254
08/16/2002,HUM,LA,ASW,CE,Federal Contract Tower,0,2,11,0,13,0,125,55,0,180,0,127,66,0,193,0,0,0,193
08/17/2002,HUM,LA,ASW,CE,Federal Contract Tower,0,1,11,0,12,0,92,20,0,112,0,93,31,0,124,14,0,14,138
08/18/2002,HUM,LA,ASW,CE,Federal Contract Tower,0,2,10,0,12,0,93,38,0,131,0,95,48,0,143,10,0,10,153
08/19/2002,HUM,LA,ASW,CE,Federal Contract Tower,0,7,3,0,10,0,127,63,0,190,0,134,66,0,200,42,0,42,242
08/20/2002,HUM,LA,ASW,CE,Federal Contract Tower,0,2,8,0,10,0,154,65,4,223,0,156,73,4,233,20,0,20,253
08/21/2002,HUM,LA,ASW,CE,Federal Contract Tower,0,3,9,0,12,0,197,59,2,258,0,200,68,2,270,14,0,14,284
08/22/2002,HUM,LA,ASW,CE,Federal Contract Tower,0,3,5,0,8,0,175,50,0,225,0,178,55,0,233,28,0,28,261
08/23/2002,HUM,LA,ASW,CE,Federal Contract Tower,0,4,9,6,19,0,141,57,0,198,0,145,66,6,217,14,0,14,231
08/24/2002,HUM,LA,ASW,CE,Federal Contract Tower,0,21,1,0,22,0,71,42,0,113,0,92,43,0,135,116,0,116,251
08/25/2002,HUM,LA,ASW,CE,Federal Contract Tower,0,1,4,0,5,0,111,27,0,138,0,112,31,0,143,14,0,14,157
08/26/2002,HUM,LA,ASW,CE,Federal Contract Tower,0,4,9,0,13,0,140,61,0,201,0,144,70,0,214,12,0,12,226
08/27/2002,HUM,LA,ASW,CE,Federal Contract Tower,0,5,2,2,9,0,172,74,7,253,0,177,76,9,262,32,16,48,310
08/28/2002,HUM,LA,ASW,CE,Federal Contract Tower,0,4,12,0,16,0,173,83,1,257,0,177,95,1,273,24,0,24,297
08/29/2002,HUM,LA,ASW,CE,Federal Contract Tower,0,5,9,0,14,0,172,55,0,227,0,177,64,0,241,20,0,20,261
08/30/2002,HUM,LA,ASW,CE,Federal Contract Tower,0,3,14,2,19,0,122,57,0,179,0,125,71,2,198,4,0,4,202
08/31/2002,HUM,LA,ASW,CE,Federal Contract Tower,0,1,1,0,2,0,90,28,0,118,0,91,29,0,120,60,0,60,180
09/01/2002,HUM,LA,ASW,CE,Federal Contract Tower,0,13,2,2,17,0,66,26,0,92,0,79,28,2,109,38,0,38,147
09/02/2002,HUM,LA,ASW,CE,Federal Contract Tower,0,9,5,0,14,0,84,41,0,125,0,93,46,0,139,12,0,12,151
09/03/2002,HUM,LA,ASW,CE,Federal Contract Tower,0,4,10,0,14,0,121,24,4,149,0,125,34,4,163,2,0,2,165
09/04/2002,HUM,LA,ASW,CE,Federal Contract Tower,0,10,17,0,27,0,97,24,0,121,0,107,41,0,148,0,0,0,148
09/05/2002,HUM,LA,ASW,CE,Federal Contract Tower,0,4,10,0,14,0,135,54,0,189,0,139,64,0,203,10,20,30,233
09/06/2002,HUM,LA,ASW,CE,Federal Contract Tower,0,2,8,0,10,0,65,29,0,94,0,67,37,0,104,10,0,10,114
09/07/2002,HUM,LA,ASW,CE,Federal Contract Tower,0,6,10,0,16,0,33,15,4,52,0,39,25,4,68,2,0,2,70
09/08/2002,HUM,LA,ASW,CE,Federal Contract Tower,0,7,2,0,9,0,72,14,0,86,0,79,16,0,95,26,0,26,121
09/09/2002,HUM,LA,ASW,CE,Federal Contract Tower,0,0,8,0,8,0,124,55,0,179,0,124,63,0,187,12,4,16,203
09/10/2002,HUM,LA,ASW,CE,Federal Contract Tower,0,15,6,6,27,0,151,57,0,208,0,166,63,6,235,18,4,22,257
09/11/2002,HUM,LA,ASW,CE,Federal Contract Tower,0,3,5,2,10,0,175,57,2,234,0,178,62,4,244,4,0,4,248
09/12/2002,HUM,LA,ASW,CE,Federal Contract Tower,0,36,17,0,53,0,131,66,0,197,0,167,83,0,250,4,0,4,254
09/13/2002,HUM,LA,ASW,CE,Federal Contract Tower,0,3,4,0,7,0,128,40,0,168,0,131,44,0,175,10,0,10,185
09/14/2002,HUM,LA,ASW,CE,Federal Contract Tower,0,0,5,0,5,0,93,21,2,116,0,93,26,2,121,2,0,2,123
09/15/2002,HUM,LA,ASW,CE,Federal Contract Tower,0,34,4,0,38,0,80,41,0,121,0,114,45,0,159,110,0,110,269
09/16/2002,HUM,LA,ASW,CE,Federal Contract Tower,0,2,7,0,9,0,121,46,0,167,0,123,53,0,176,2,0,2,178
09/17/2002,HUM,LA,ASW,CE,Federal Contract Tower,0,5,6,4,15,0,157,50,6,213,0,162,56,10,228,38,6,44,272
09/18/2002,HUM,LA,ASW,CE,Federal Contract Tower,0,4,8,2,14,0,200,60,0,260,0,204,68,2,274,0,0,0,274
09/19/2002,HUM,LA,ASW,CE,Federal Contract Tower,0,2,7,0,9,0,186,50,2,238,0,188,57,2,247,6,0,6,253
09/20/2002,HUM,LA,ASW,CE,Federal Contract Tower,0,3,5,0,8,0,123,49,2,174,0,126,54,2,182,28,0,28,210
09/21/2002,HUM,LA,ASW,CE,Federal Contract Tower,0,1,5,2,8,0,82,15,0,97,0,83,20,2,105,18,0,18,123
09/22/2002,HUM,LA,ASW,CE,Federal Contract Tower,0,20,11,0,31,0,64,17,0,81,0,84,28,0,112,50,0,50,162
09/23/2002,HUM,LA,ASW,CE,Federal Contract Tower,0,3,9,0,12,0,120,42,0,162,0,123,51,0,174,12,32,44,218
09/24/2002,HUM,LA,ASW,CE,Federal Contract Tower,0,37,8,0,45,0,114,12,0,126,0,151,20,0,171,2,0,2,173
09/25/2002,HUM,LA,ASW,CE,Federal Contract Tower,0,6,1,0,7,0,1,0,0,1,0,7,1,0,8,0,0,0,8
09/26/2002,HUM,LA,ASW,CE,Federal Contract Tower,0,6,6,4,16,0,203,27,8,238,0,209,33,12,254,0,2,2,256
09/27/2002,HUM,LA,ASW,CE,Federal Contract Tower,0,2,14,2,18,0,460,55,0,515,0,462,69,2,533,20,4,24,557
09/28/2002,HUM,LA,ASW,CE,Federal Contract Tower,0,0,4,0,4,0,159,51,4,214,0,159,55,4,218,48,0,48,266
09/29/2002,HUM,LA,ASW,CE,Federal Contract Tower,0,0,12,0,12,0,87,43,0,130,0,87,55,0,142,2,0,2,144
09/30/2002,HUM,LA,ASW,CE,Federal Contract Tower,0,25,6,0,31,0,158,45,0,203,0,183,51,0,234,20,2,22,256
10/01/2002,HUM,LA,ASW,CE,Federal Contract Tower,0,33,10,1,44,0,223,50,5,278,0,256,60,6,322,10,0,10,332
10/02/2002,HUM,LA,ASW,CE,Federal Contract Tower,0,5,10,0,15,0,109,13,0,122,0,114,23,0,137,4,0,4,141
10/03/2002,HUM,LA,ASW,CE,Federal Contract Tower,0,0,0,0,0,0,0,0,0,0,0,0,0,0,0,0,0,0,0
10/04/2002,HUM,LA,ASW,CE,Federal Contract Tower,0,2,11,0,13,0,520,89,18,627,0,522,100,18,640,0,0,0,640
10/05/2002,HUM,LA,ASW,CE,Federal Contract Tower,0,11,7,0,18,0,287,14,0,301,0,298,21,0,319,12,0,12,331
10/06/2002,HUM,LA,ASW,CE,Federal Contract Tower,0,4,6,0,10,0,218,40,0,258,0,222,46,0,268,10,0,10,278
10/07/2002,HUM,LA,ASW,CE,Federal Contract Tower,0,3,6,0,9,0,207,66,2,275,0,210,72,2,284,6,0,6,290
10/08/2002,HUM,LA,ASW,CE,Federal Contract Tower,0,66,25,2,93,0,152,69,0,221,0,218,94,2,314,10,0,10,324
10/09/2002,HUM,LA,ASW,CE,Federal Contract Tower,0,2,17,0,19,0,226,29,0,255,0,228,46,0,274,6,0,6,280
10/10/2002,HUM,LA,ASW,CE,Federal Contract Tower,0,2,11,0,13,0,186,48,0,234,0,188,59,0,247,4,0,4,251
10/11/2002,HUM,LA,ASW,CE,Federal Contract Tower,0,26,13,0,39,0,148,51,0,199,0,174,64,0,238,4,0,4,242
10/12/2002,HUM,LA,ASW,CE,Federal Contract Tower,0,25,17,0,42,0,98,41,0,139,0,123,58,0,181,50,0,50,231
10/13/2002,HUM,LA,ASW,CE,Federal Contract Tower,0,2,7,0,9,0,84,10,0,94,0,86,17,0,103,32,0,32,135
10/14/2002,HUM,LA,ASW,CE,Federal Contract Tower,0,14,9,0,23,0,123,60,0,183,0,137,69,0,206,0,0,0,206
10/15/2002,HUM,LA,ASW,CE,Federal Contract Tower,0,20,14,1,35,0,174,63,10,247,0,194,77,11,282,8,0,8,290
10/16/2002,HUM,LA,ASW,CE,Federal Contract Tower,0,2,14,0,16,0,224,81,0,305,0,226,95,0,321,8,0,8,329
10/17/2002,HUM,LA,ASW,CE,Federal Contract Tower,0,2,20,2,24,0,169,70,0,239,0,171,90,2,263,22,20,42,305
10/18/2002,HUM,LA,ASW,CE,Federal Contract Tower,0,2,2,0,4,0,129,87,0,216,0,131,89,0,220,36,0,36,256
10/19/2002,HUM,LA,ASW,CE,Federal Contract Tower,0,0,14,0,14,0,97,38,0,135,0,97,52,0,149,12,0,12,161
10/20/2002,HUM,LA,ASW,CE,Federal Contract Tower,0,19,11,0,30,0,85,23,0,108,0,104,34,0,138,14,0,14,152
10/21/2002,HUM,LA,ASW,CE,Federal Contract Tower,0,21,15,0,36,0,72,24,0,96,0,93,39,0,132,18,0,18,150
10/22/2002,HUM,LA,ASW,CE,Federal Contract Tower,0,28,26,0,54,0,161,40,0,201,0,189,66,0,255,14,0,14,269
10/23/2002,HUM,LA,ASW,CE,Federal Contract Tower,0,61,14,0,75,0,65,28,2,95,0,126,42,2,170,0,0,0,170
10/24/2002,HUM,LA,ASW,CE,Federal Contract Tower,0,27,21,0,48,0,145,37,0,182,0,172,58,0,230,14,2,16,246
10/25/2002,HUM,LA,ASW,CE,Federal Contract Tower,0,4,12,0,16,0,103,39,0,142,0,107,51,0,158,0,0,0,158
10/26/2002,HUM,LA,ASW,CE,Federal Contract Tower,0,1,9,0,10,0,63,6,0,69,0,64,15,0,79,6,0,6,85
10/27/2002,HUM,LA,ASW,CE,Federal Contract Tower,0,18,5,0,23,0,100,8,0,108,0,118,13,0,131,0,0,0,131
10/28/2002,HUM,LA,ASW,CE,Federal Contract Tower,0,27,12,0,39,0,134,52,0,186,0,161,64,0,225,52,0,52,277
10/29/2002,HUM,LA,ASW,CE,Federal Contract Tower,0,10,12,0,22,0,60,8,0,68,0,70,20,0,90,4,0,4,94
10/30/2002,HUM,LA,ASW,CE,Federal Contract Tower,0,75,22,0,97,0,128,64,0,192,0,203,86,0,289,22,0,22,311
10/31/2002,HUM,LA,ASW,CE,Federal Contract Tower,0,3,4,0,7,0,214,77,0,291,0,217,81,0,298,10,0,10,308
11/01/2002,HUM,LA,ASW,CE,Federal Contract Tower,0,4,7,2,13,0,135,52,1,188,0,139,59,3,201,18,12,30,231
11/02/2002,HUM,LA,ASW,CE,Federal Contract Tower,0,6,2,0,8,0,84,38,0,122,0,90,40,0,130,32,0,32,162
11/03/2002,HUM,LA,ASW,CE,Federal Contract Tower,0,11,5,0,16,0,92,14,2,108,0,103,19,2,124,17,0,17,141
11/04/2002,HUM,LA,ASW,CE,Federal Contract Tower,0,26,11,0,37,0,35,30,0,65,0,61,41,0,102,4,0,4,106
11/05/2002,HUM,LA,ASW,CE,Federal Contract Tower,0,42,8,2,52,0,77,5,2,84,0,119,13,4,136,0,0,0,136
11/06/2002,HUM,LA,ASW,CE,Federal Contract Tower,0,3,16,0,19,0,204,46,0,250,0,207,62,0,269,8,0,8,277
11/07/2002,HUM,LA,ASW,CE,Federal Contract Tower,0,2,8,0,10,0,177,64,0,241,0,179,72,0,251,12,0,12,263
11/08/2002,HUM,LA,ASW,CE,Federal Contract Tower,0,2,15,1,18,0,126,57,3,186,0,128,72,4,204,12,4,16,220
11/09/2002,HUM,LA,ASW,CE,Federal Contract Tower,0,10,10,1,21,0,96,16,0,112,0,106,26,1,133,6,0,6,139
11/10/2002,HUM,LA,ASW,CE,Federal Contract Tower,0,10,16,2,28,0,82,29,0,111,0,92,45,2,139,24,0,24,163
11/11/2002,HUM,LA,ASW,CE,Federal Contract Tower,0,18,14,0,32,0,99,13,0,112,0,117,27,0,144,0,0,0,144
11/12/2002,HUM,LA,ASW,CE,Federal Contract Tower,0,3,9,0,12,0,158,45,6,209,0,161,54,6,221,10,0,10,231
11/13/2002,HUM,LA,ASW,CE,Federal Contract Tower,0,2,5,2,9,0,192,43,2,237,0,194,48,4,246,4,0,4,250
11/14/2002,HUM,LA,ASW,CE,Federal Contract Tower,0,4,10,0,14,0,179,55,0,234,0,183,65,0,248,4,0,4,252
11/15/2002,HUM,LA,ASW,CE,Federal Contract Tower,0,2,8,0,10,0,109,33,0,142,0,111,41,0,152,12,0,12,164
11/16/2002,HUM,LA,ASW,CE,Federal Contract Tower,0,1,7,0,8,0,54,8,4,66,0,55,15,4,74,4,0,4,78
11/17/2002,HUM,LA,ASW,CE,Federal Contract Tower,0,7,4,0,11,0,102,23,0,125,0,109,27,0,136,28,0,28,164
11/18/2002,HUM,LA,ASW,CE,Federal Contract Tower,0,3,14,0,17,0,174,53,0,227,0,177,67,0,244,12,0,12,256
11/19/2002,HUM,LA,ASW,CE,Federal Contract Tower,0,2,8,0,10,0,170,56,4,230,0,172,64,4,240,0,0,0,240
11/20/2002,HUM,LA,ASW,CE,Federal Contract Tower,0,3,10,0,13,0,175,29,0,204,0,178,39,0,217,6,0,6,223
11/21/2002,HUM,LA,ASW,CE,Federal Contract Tower,0,2,6,2,10,0,168,48,0,216,0,170,54,2,226,2,0,2,228
11/22/2002,HUM,LA,ASW,CE,Federal Contract Tower,0,4,8,0,12,0,153,41,0,194,0,157,49,0,206,22,0,22,228
11/23/2002,HUM,LA,ASW,CE,Federal Contract Tower,0,19,13,0,32,0,107,28,0,135,0,126,41,0,167,66,0,66,233
11/24/2002,HUM,LA,ASW,CE,Federal Contract Tower,0,0,8,0,8,0,121,29,0,150,0,121,37,0,158,76,0,76,234
11/25/2002,HUM,LA,ASW,CE,Federal Contract Tower,0,3,6,0,9,0,166,54,0,220,0,169,60,0,229,22,0,22,251
11/26/2002,HUM,LA,ASW,CE,Federal Contract Tower,0,2,9,0,11,0,173,33,3,209,0,175,42,3,220,4,0,4,224
11/27/2002,HUM,LA,ASW,CE,Federal Contract Tower,0,5,5,0,10,0,145,17,0,162,0,150,22,0,172,4,0,4,176
11/28/2002,HUM,LA,ASW,CE,Federal Contract Tower,0,0,4,0,4,0,118,13,0,131,0,118,17,0,135,4,0,4,139
11/29/2002,HUM,LA,ASW,CE,Federal Contract Tower,0,9,4,0,13,0,73,42,0,115,0,82,46,0,128,8,0,8,136
11/30/2002,HUM,LA,ASW,CE,Federal Contract Tower,0,7,10,0,17,0,47,4,0,51,0,54,14,0,68,10,0,10,78
12/01/2002,HUM,LA,ASW,CE,Federal Contract Tower,0,8,7,0,15,0,108,18,0,126,0,116,25,0,141,26,0,26,167
12/02/2002,HUM,LA,ASW,CE,Federal Contract Tower,0,6,9,2,17,0,150,27,0,177,0,156,36,2,194,16,8,24,218
12/03/2002,HUM,LA,ASW,CE,Federal Contract Tower,0,2,3,0,5,0,143,50,0,193,0,145,53,0,198,12,0,12,210
12/04/2002,HUM,LA,ASW,CE,Federal Contract Tower,0,7,6,0,13,0,136,19,3,158,0,143,25,3,171,4,0,4,175
12/05/2002,HUM,LA,ASW,CE,Federal Contract Tower,0,25,27,0,52,0,150,31,2,183,0,175,58,2,235,8,0,8,243
12/06/2002,HUM,LA,ASW,CE,Federal Contract Tower,0,2,3,0,5,0,120,56,0,176,0,122,59,0,181,16,0,16,197
12/07/2002,HUM,LA,ASW,CE,Federal Contract Tower,0,1,16,0,17,0,85,30,0,115,0,86,46,0,132,36,0,36,168
12/08/2002,HUM,LA,ASW,CE,Federal Contract Tower,0,9,21,0,30,0,95,21,0,116,0,104,42,0,146,40,0,40,186
12/09/2002,HUM,LA,ASW,CE,Federal Contract Tower,0,7,10,1,18,0,161,37,1,199,0,168,47,2,217,18,4,22,239
12/10/2002,HUM,LA,ASW,CE,Federal Contract Tower,0,83,34,3,120,0,60,0,1,61,0,143,34,4,181,8,0,8,189
12/11/2002,HUM,LA,ASW,CE,Federal Contract Tower,0,17,16,2,35,0,204,65,0,269,0,221,81,2,304,24,0,24,328
12/12/2002,HUM,LA,ASW,CE,Federal Contract Tower,0,4,17,0,21,0,139,34,0,173,0,143,51,0,194,2,0,2,196
12/13/2002,HUM,LA,ASW,CE,Federal Contract Tower,0,0,14,2,16,0,100,33,0,133,0,100,47,2,149,2,0,2,151
12/14/2002,HUM,LA,ASW,CE,Federal Contract Tower,0,12,3,0,15,0,66,29,0,95,0,78,32,0,110,30,0,30,140
12/15/2002,HUM,LA,ASW,CE,Federal Contract Tower,0,15,4,0,19,0,104,48,0,152,0,119,52,0,171,18,0,18,189
12/16/2002,HUM,LA,ASW,CE,Federal Contract Tower,0,22,13,0,35,0,190,44,2,236,0,212,57,2,271,32,2,34,305
12/17/2002,HUM,LA,ASW,CE,Federal Contract Tower,0,4,10,0,14,0,196,35,4,235,0,200,45,4,249,32,2,34,283
12/18/2002,HUM,LA,ASW,CE,Federal Contract Tower,0,3,11,0,14,0,209,39,0,248,0,212,50,0,262,40,0,40,302
12/19/2002,HUM,LA,ASW,CE,Federal Contract Tower,0,78,12,0,90,0,89,12,0,101,0,167,24,0,191,2,0,2,193
12/20/2002,HUM,LA,ASW,CE,Federal Contract Tower,0,1,6,0,7,0,128,68,0,196,0,129,74,0,203,34,0,34,237
12/21/2002,HUM,LA,ASW,CE,Federal Contract Tower,0,5,14,0,19,0,67,34,0,101,0,72,48,0,120,30,0,30,150
12/22/2002,HUM,LA,ASW,CE,Federal Contract Tower,0,2,11,0,13,0,82,34,0,116,0,84,45,0,129,52,0,52,181
12/23/2002,HUM,LA,ASW,CE,Federal Contract Tower,0,6,7,0,13,0,97,17,0,114,0,103,24,0,127,6,0,6,133
12/24/2002,HUM,LA,ASW,CE,Federal Contract Tower,0,20,10,0,30,0,106,5,6,117,0,126,15,6,147,2,0,2,149
12/25/2002,HUM,LA,ASW,CE,Federal Contract Tower,0,0,1,0,1,0,91,14,2,107,0,91,15,2,108,2,0,2,110
12/26/2002,HUM,LA,ASW,CE,Federal Contract Tower,0,3,8,0,11,0,146,40,0,186,0,149,48,0,197,12,0,12,209
12/27/2002,HUM,LA,ASW,CE,Federal Contract Tower,0,2,8,0,10,0,114,50,0,164,0,116,58,0,174,14,0,14,188
12/28/2002,HUM,LA,ASW,CE,Federal Contract Tower,0,0,4,0,4,0,86,39,0,125,0,86,43,0,129,12,0,12,141
12/29/2002,HUM,LA,ASW,CE,Federal Contract Tower,0,0,6,0,6,0,101,20,0,121,0,101,26,0,127,28,0,28,155
12/30/2002,HUM,LA,ASW,CE,Federal Contract Tower,0,2,13,0,15,0,105,30,0,135,0,107,43,0,150,18,0,18,168
12/31/2002,HUM,LA,ASW,CE,Federal Contract Tower,0,25,7,0,32,0,91,21,0,112,0,116,28,0,144,0,0,0,144
01/01/2003,HUM,LA,ASW,CE,Federal Contract Tower,0,0,0,0,0,0,149,13,0,162,0,149,13,0,162,8,0,8,170
01/02/2003,HUM,LA,ASW,CE,Federal Contract Tower,0,2,11,0,13,0,157,41,2,200,0,159,52,2,213,20,0,20,233
01/03/2003,HUM,LA,ASW,CE,Federal Contract Tower,0,0,9,0,9,0,138,50,0,188,0,138,59,0,197,36,0,36,233
01/04/2003,HUM,LA,ASW,CE,Federal Contract Tower,0,28,0,0,28,0,88,30,0,118,0,116,30,0,146,82,0,82,228
01/05/2003,HUM,LA,ASW,CE,Federal Contract Tower,0,15,8,0,23,0,81,32,0,113,0,96,40,0,136,16,0,16,152
01/06/2003,HUM,LA,ASW,CE,Federal Contract Tower,0,14,9,0,23,0,120,35,2,157,0,134,44,2,180,46,0,46,226
01/07/2003,HUM,LA,ASW,CE,Federal Contract Tower,0,2,6,0,8,0,169,54,6,229,0,171,60,6,237,12,0,12,249
01/08/2003,HUM,LA,ASW,CE,Federal Contract Tower,0,3,7,0,10,0,175,65,4,244,0,178,72,4,254,2,0,2,256
01/09/2003,HUM,LA,ASW,CE,Federal Contract Tower,0,3,18,0,21,0,161,51,0,212,0,164,69,0,233,6,0,6,239
01/10/2003,HUM,LA,ASW,CE,Federal Contract Tower,0,6,9,0,15,0,142,38,2,182,0,148,47,2,197,70,0,70,267
01/11/2003,HUM,LA,ASW,CE,Federal Contract Tower,0,0,9,0,9,0,111,21,0,132,0,111,30,0,141,46,0,46,187
01/12/2003,HUM,LA,ASW,CE,Federal Contract Tower,0,0,6,4,10,0,51,14,0,65,0,51,20,4,75,40,0,40,115
01/13/2003,HUM,LA,ASW,CE,Federal Contract Tower,0,6,6,2,14,0,130,45,0,175,0,136,51,2,189,6,0,6,195
01/14/2003,HUM,LA,ASW,CE,Federal Contract Tower,0,2,18,0,20,0,185,52,4,241,0,187,70,4,261,10,0,10,271
01/15/2003,HUM,LA,ASW,CE,Federal Contract Tower,0,17,13,0,30,0,137,38,0,175,0,154,51,0,205,14,0,14,219
01/16/2003,HUM,LA,ASW,CE,Federal Contract Tower,0,2,4,0,6,0,185,31,0,216,0,187,35,0,222,0,0,0,222
01/17/2003,HUM,LA,ASW,CE,Federal Contract Tower,0,0,9,0,9,0,122,33,0,155,0,122,42,0,164,16,0,16,180
01/18/2003,HUM,LA,ASW,CE,Federal Contract Tower,0,0,3,2,5,0,78,27,0,105,0,78,30,2,110,24,0,24,134
01/19/2003,HUM,LA,ASW,CE,Federal Contract Tower,0,0,12,0,12,0,72,17,0,89,0,72,29,0,101,34,0,34,135
01/20/2003,HUM,LA,ASW,CE,Federal Contract Tower,0,3,3,0,6,0,132,56,0,188,0,135,59,0,194,20,0,20,214
01/21/2003,HUM,LA,ASW,CE,Federal Contract Tower,0,2,6,0,8,0,153,49,4,206,0,155,55,4,214,36,0,36,250
01/22/2003,HUM,LA,ASW,CE,Federal Contract Tower,0,21,21,0,42,0,55,7,0,62,0,76,28,0,104,4,0,4,108
01/23/2003,HUM,LA,ASW,CE,Federal Contract Tower,0,2,12,0,14,0,179,37,0,216,0,181,49,0,230,24,0,24,254
01/24/2003,HUM,LA,ASW,CE,Federal Contract Tower,0,0,9,8,17,0,130,43,7,180,0,130,52,15,197,14,8,22,219
01/25/2003,HUM,LA,ASW,CE,Federal Contract Tower,0,5,15,0,20,0,68,34,0,102,0,73,49,0,122,18,0,18,140
01/26/2003,HUM,LA,ASW,CE,Federal Contract Tower,0,12,9,0,21,0,51,6,0,57,0,63,15,0,78,2,0,2,80
01/27/2003,HUM,LA,ASW,CE,Federal Contract Tower,0,2,14,0,16,0,157,32,0,189,0,159,46,0,205,4,0,4,209
01/28/2003,HUM,LA,ASW,CE,Federal Contract Tower,0,3,6,0,9,0,190,49,4,243,0,193,55,4,252,18,0,18,270
01/29/2003,HUM,LA,ASW,CE,Federal Contract Tower,0,4,1,0,5,0,193,24,0,217,0,197,25,0,222,8,0,8,230
01/30/2003,HUM,LA,ASW,CE,Federal Contract Tower,0,18,26,1,45,0,18,12,1,31,0,36,38,2,76,8,0,8,84
01/31/2003,HUM,LA,ASW,CE,Federal Contract Tower,0,4,6,0,10,0,115,34,2,151,0,119,40,2,161,4,0,4,165
02/01/2003,HUM,LA,ASW,CE,Federal Contract Tower,0,8,3,0,11,0,126,42,6,174,0,134,45,6,185,34,0,34,219
02/02/2003,HUM,LA,ASW,CE,Federal Contract Tower,0,3,5,0,8,0,102,22,8,132,0,105,27,8,140,16,0,16,156
02/03/2003,HUM,LA,ASW,CE,Federal Contract Tower,0,4,7,0,11,0,139,26,0,165,0,143,33,0,176,0,8,8,184
02/04/2003,HUM,LA,ASW,CE,Federal Contract Tower,0,4,4,0,8,0,183,44,4,231,0,187,48,4,239,10,0,10,249
02/05/2003,HUM,LA,ASW,CE,Federal Contract Tower,0,3,5,2,10,0,155,56,0,211,0,158,61,2,221,2,28,30,251
02/06/2003,HUM,LA,ASW,CE,Federal Contract Tower,0,8,3,0,11,0,134,12,0,146,0,142,15,0,157,0,0,0,157
02/07/2003,HUM,LA,ASW,CE,Federal Contract Tower,0,2,5,0,7,0,91,15,0,106,0,93,20,0,113,10,0,10,123
02/08/2003,HUM,LA,ASW,CE,Federal Contract Tower,0,9,7,3,19,0,70,23,1,94,0,79,30,4,113,22,0,22,135
02/09/2003,HUM,LA,ASW,CE,Federal Contract Tower,0,42,10,0,52,0,29,3,0,32,0,71,13,0,84,0,0,0,84
02/10/2003,HUM,LA,ASW,CE,Federal Contract Tower,0,32,19,0,51,0,111,46,0,157,0,143,65,0,208,20,0,20,228
02/11/2003,HUM,LA,ASW,CE,Federal Contract Tower,0,2,5,2,9,0,172,48,2,222,0,174,53,4,231,8,2,10,241
02/12/2003,HUM,LA,ASW,CE,Federal Contract Tower,0,12,8,0,20,0,140,42,0,182,0,152,50,0,202,6,0,6,208
02/13/2003,HUM,LA,ASW,CE,Federal Contract Tower,0,3,13,1,17,0,181,33,0,214,0,184,46,1,231,16,6,22,253
02/14/2003,HUM,LA,ASW,CE,Federal Contract Tower,0,2,16,0,18,0,114,21,0,135,0,116,37,0,153,8,0,8,161
02/15/2003,HUM,LA,ASW,CE,Federal Contract Tower,0,36,3,0,39,0,5,0,0,5,0,41,3,0,44,2,0,2,46
02/16/2003,HUM,LA,ASW,CE,Federal Contract Tower,0,29,11,0,40,0,46,0,0,46,0,75,11,0,86,18,0,18,104
02/17/2003,HUM,LA,ASW,CE,Federal Contract Tower,0,34,16,0,50,0,71,25,0,96,0,105,41,0,146,12,0,12,158
02/18/2003,HUM,LA,ASW,CE,Federal Contract Tower,0,2,8,0,10,0,169,53,4,226,0,171,61,4,236,10,0,10,246
02/19/2003,HUM,LA,ASW,CE,Federal Contract Tower,0,3,10,0,13,0,176,51,2,229,0,179,61,2,242,16,2,18,260
02/20/2003,HUM,LA,ASW,CE,Federal Contract Tower,0,12,17,0,29,0,159,30,0,189,0,171,47,0,218,18,0,18,236
02/21/2003,HUM,LA,ASW,CE,Federal Contract Tower,0,30,1,0,31,0,0,0,0,0,0,30,1,0,31,0,0,0,31
02/22/2003,HUM,LA,ASW,CE,Federal Contract Tower,0,4,4,2,10,0,45,2,0,47,0,49,6,2,57,6,0,6,63
02/23/2003,HUM,LA,ASW,CE,Federal Contract Tower,0,9,4,0,13,0,44,35,0,79,0,53,39,0,92,42,0,42,134
02/24/2003,HUM,LA,ASW,CE,Federal Contract Tower,0,4,15,2,21,0,133,30,0,163,0,137,45,2,184,34,2,36,220
02/25/2003,HUM,LA,ASW,CE,Federal Contract Tower,0,26,17,0,43,0,69,18,0,87,0,95,35,0,130,2,0,2,132
02/26/2003,HUM,LA,ASW,CE,Federal Contract Tower,0,12,7,0,19,0,74,2,0,76,0,86,9,0,95,0,0,0,95
02/27/2003,HUM,LA,ASW,CE,Federal Contract Tower,0,37,22,0,59,0,96,18,0,114,0,133,40,0,173,0,0,0,173
02/28/2003,HUM,LA,ASW,CE,Federal Contract Tower,0,53,37,0,90,0,64,17,0,81,0,117,54,0,171,16,0,16,187
03/01/2003,HUM,LA,ASW,CE,Federal Contract Tower,0,17,20,0,37,0,16,0,0,16,0,33,20,0,53,0,0,0,53
03/02/2003,HUM,LA,ASW,CE,Federal Contract Tower,0,15,9,3,27,0,111,21,1,133,0,126,30,4,160,30,0,30,190
03/03/2003,HUM,LA,ASW,CE,Federal Contract Tower,0,4,16,0,20,0,93,29,0,122,0,97,45,0,142,6,0,6,148
03/04/2003,HUM,LA,ASW,CE,Federal Contract Tower,0,19,10,0,29,0,9,0,0,9,0,28,10,0,38,0,0,0,38
03/05/2003,HUM,LA,ASW,CE,Federal Contract Tower,0,29,6,0,35,0,45,9,0,54,0,74,15,0,89,4,0,4,93
03/06/2003,HUM,LA,ASW,CE,Federal Contract Tower,0,20,13,0,33,0,35,19,0,54,0,55,32,0,87,4,0,4,91
03/07/2003,HUM,LA,ASW,CE,Federal Contract Tower,0,19,16,4,39,0,131,52,0,183,0,150,68,4,222,22,0,22,244
03/08/2003,HUM,LA,ASW,CE,Federal Contract Tower,0,12,9,4,25,0,0,0,0,0,0,12,9,4,25,8,0,8,33
03/09/2003,HUM,LA,ASW,CE,Federal Contract Tower,0,14,10,0,24,0,40,27,0,67,0,54,37,0,91,16,0,16,107
03/10/2003,HUM,LA,ASW,CE,Federal Contract Tower,0,3,6,4,13,0,150,69,0,219,0,153,75,4,232,6,0,6,238
03/11/2003,HUM,LA,ASW,CE,Federal Contract Tower,0,42,13,4,59,0,130,51,2,183,0,172,64,6,242,20,0,20,262
03/12/2003,HUM,LA,ASW,CE,Federal Contract Tower,0,28,17,0,45,0,98,22,0,120,0,126,39,0,165,10,0,10,175
03/13/2003,HUM,LA,ASW,CE,Federal Contract Tower,0,4,8,4,16,0,8,7,0,15,0,12,15,4,31,0,0,0,31
03/14/2003,HUM,LA,ASW,CE,Federal Contract Tower,0,9,5,0,14,0,113,51,0,164,0,122,56,0,178,12,0,12,190
03/15/2003,HUM,LA,ASW,CE,Federal Contract Tower,0,9,7,0,16,0,61,18,0,79,0,70,25,0,95,48,0,48,143
03/16/2003,HUM,LA,ASW,CE,Federal Contract Tower,0,4,11,0,15,0,51,4,0,55,0,55,15,0,70,0,0,0,70
03/17/2003,HUM,LA,ASW,CE,Federal Contract Tower,0,35,12,0,47,0,163,36,4,203,0,198,48,4,250,2,0,2,252
03/18/2003,HUM,LA,ASW,CE,Federal Contract Tower,0,31,11,0,42,0,126,22,0,148,0,157,33,0,190,14,0,14,204
03/19/2003,HUM,LA,ASW,CE,Federal Contract Tower,0,2,2,0,4,0,167,61,0,228,0,169,63,0,232,62,0,62,294
03/20/2003,HUM,LA,ASW,CE,Federal Contract Tower,0,6,11,0,17,0,173,45,6,224,0,179,56,6,241,2,0,2,243
03/21/2003,HUM,LA,ASW,CE,Federal Contract Tower,0,4,3,0,7,0,107,68,0,175,0,111,71,0,182,0,0,0,182
03/22/2003,HUM,LA,ASW,CE,Federal Contract Tower,0,8,0,0,8,0,81,37,0,118,0,89,37,0,126,30,0,30,156
03/23/2003,HUM,LA,ASW,CE,Federal Contract Tower,0,11,17,0,28,0,86,36,0,122,0,97,53,0,150,48,0,48,198
03/24/2003,HUM,LA,ASW,CE,Federal Contract Tower,0,3,9,0,12,0,125,57,0,182,0,128,66,0,194,0,0,0,194
03/25/2003,HUM,LA,ASW,CE,Federal Contract Tower,0,0,25,0,25,0,156,30,2,188,0,156,55,2,213,10,0,10,223
03/26/2003,HUM,LA,ASW,CE,Federal Contract Tower,0,4,14,0,18,0,154,30,0,184,0,158,44,0,202,0,0,0,202
03/27/2003,HUM,LA,ASW,CE,Federal Contract Tower,0,4,12,0,16,0,175,57,0,232,0,179,69,0,248,8,0,8,256
03/28/2003,HUM,LA,ASW,CE,Federal Contract Tower,0,10,9,2,21,0,109,37,0,146,0,119,46,2,167,10,0,10,177
03/29/2003,HUM,LA,ASW,CE,Federal Contract Tower,0,14,11,0,25,0,88,0,0,88,0,102,11,0,113,32,0,32,145
03/30/2003,HUM,LA,ASW,CE,Federal Contract Tower,0,0,4,0,4,0,77,28,0,105,0,77,32,0,109,14,0,14,123
03/31/2003,HUM,LA,ASW,CE,Federal Contract Tower,0,5,12,5,22,0,147,47,0,194,0,152,59,5,216,0,28,28,244
04/01/2003,HUM,LA,ASW,CE,Federal Contract Tower,0,2,15,0,17,0,161,63,0,224,0,163,78,0,241,12,0,12,253
04/02/2003,HUM,LA,ASW,CE,Federal Contract Tower,0,2,9,0,11,0,211,59,0,270,0,213,68,0,281,2,6,8,289
04/03/2003,HUM,LA,ASW,CE,Federal Contract Tower,0,9,13,0,22,0,156,45,0,201,0,165,58,0,223,14,0,14,237
04/04/2003,HUM,LA,ASW,CE,Federal Contract Tower,0,8,11,0,19,0,144,34,2,180,0,152,45,2,199,16,2,18,217
04/05/2003,HUM,LA,ASW,CE,Federal Contract Tower,0,5,13,3,21,0,75,0,0,75,0,80,13,3,96,74,0,74,170
04/06/2003,HUM,LA,ASW,CE,Federal Contract Tower,0,16,15,2,33,0,46,8,6,60,0,62,23,8,93,98,2,100,193
04/07/2003,HUM,LA,ASW,CE,Federal Contract Tower,0,23,18,0,41,0,107,13,0,120,0,130,31,0,161,112,0,112,273
04/08/2003,HUM,LA,ASW,CE,Federal Contract Tower,0,29,15,0,44,0,66,9,0,75,0,95,24,0,119,18,0,18,137
04/09/2003,HUM,LA,ASW,CE,Federal Contract Tower,0,3,10,0,13,0,171,53,0,224,0,174,63,0,237,14,2,16,253
04/10/2003,HUM,LA,ASW,CE,Federal Contract Tower,0,2,12,0,14,0,151,61,0,212,0,153,73,0,226,14,0,14,240
04/11/2003,HUM,LA,ASW,CE,Federal Contract Tower,0,3,10,0,13,0,100,49,0,149,0,103,59,0,162,106,0,106,268
04/12/2003,HUM,LA,ASW,CE,Federal Contract Tower,0,11,4,0,15,0,73,40,0,113,0,84,44,0,128,90,0,90,218
04/13/2003,HUM,LA,ASW,CE,Federal Contract Tower,0,2,11,0,13,0,97,32,0,129,0,99,43,0,142,106,0,106,248
04/14/2003,HUM,LA,ASW,CE,Federal Contract Tower,0,7,6,2,15,0,109,47,0,156,0,116,53,2,171,6,10,16,187
04/15/2003,HUM,LA,ASW,CE,Federal Contract Tower,0,3,11,6,20,0,178,69,3,250,0,181,80,9,270,8,0,8,278
04/16/2003,HUM,LA,ASW,CE,Federal Contract Tower,0,15,12,0,27,0,138,38,0,176,0,153,50,0,203,2,0,2,205
04/17/2003,HUM,LA,ASW,CE,Federal Contract Tower,0,2,14,4,20,0,159,62,0,221,0,161,76,4,241,2,10,12,253
04/18/2003,HUM,LA,ASW,CE,Federal Contract Tower,0,8,3,0,11,0,72,20,0,92,0,80,23,0,103,0,0,0,103
04/19/2003,HUM,LA,ASW,CE,Federal Contract Tower,0,20,9,0,29,0,54,10,2,66,0,74,19,2,95,42,0,42,137
04/20/2003,HUM,LA,ASW,CE,Federal Contract Tower,0,8,7,0,15,0,79,20,0,99,0,87,27,0,114,36,0,36,150
04/21/2003,HUM,LA,ASW,CE,Federal Contract Tower,0,4,9,0,13,0,97,47,0,144,0,101,56,0,157,4,0,4,161
04/22/2003,HUM,LA,ASW,CE,Federal Contract Tower,0,2,2,1,5,0,155,61,4,220,0,157,63,5,225,0,0,0,225
04/23/2003,HUM,LA,ASW,CE,Federal Contract Tower,0,2,11,2,15,0,171,75,0,246,0,173,86,2,261,4,0,4,265
04/24/2003,HUM,LA,ASW,CE,Federal Contract Tower,0,8,11,0,19,0,143,40,0,183,0,151,51,0,202,4,0,4,206
04/25/2003,HUM,LA,ASW,CE,Federal Contract Tower,0,29,13,0,42,0,93,33,0,126,0,122,46,0,168,12,0,12,180
04/26/2003,HUM,LA,ASW,CE,Federal Contract Tower,0,12,1,0,13,0,85,35,0,120,0,97,36,0,133,36,0,36,169
04/27/2003,HUM,LA,ASW,CE,Federal Contract Tower,0,1,2,0,3,0,75,30,0,105,0,76,32,0,108,56,0,56,164
04/28/2003,HUM,LA,ASW,CE,Federal Contract Tower,0,4,7,0,11,0,151,70,0,221,0,155,77,0,232,74,0,74,306
04/29/2003,HUM,LA,ASW,CE,Federal Contract Tower,0,3,2,0,5,0,163,75,0,238,0,166,77,0,243,32,0,32,275
04/30/2003,HUM,LA,ASW,CE,Federal Contract Tower,0,11,10,0,21,0,149,59,0,208,0,160,69,0,229,14,0,14,243
05/01/2003,HUM,LA,ASW,CE,Federal Contract Tower,0,8,12,0,20,0,154,57,0,211,0,162,69,0,231,8,8,16,247
05/02/2003,HUM,LA,ASW,CE,Federal Contract Tower,0,12,12,0,24,0,117,68,0,185,0,129,80,0,209,8,0,8,217
05/03/2003,HUM,LA,ASW,CE,Federal Contract Tower,0,0,11,0,11,0,78,34,0,112,0,78,45,0,123,8,0,8,131
05/04/2003,HUM,LA,ASW,CE,Federal Contract Tower,0,0,8,0,8,0,93,16,0,109,0,93,24,0,117,16,0,16,133
05/05/2003,HUM,LA,ASW,CE,Federal Contract Tower,0,3,7,0,10,0,117,49,0,166,0,120,56,0,176,14,0,14,190
05/06/2003,HUM,LA,ASW,CE,Federal Contract Tower,0,4,9,0,13,0,147,42,4,193,0,151,51,4,206,0,0,0,206
05/07/2003,HUM,LA,ASW,CE,Federal Contract Tower,0,0,0,0,0,0,0,0,0,0,0,0,0,0,0,0,0,0,0
05/08/2003,HUM,LA,ASW,CE,Federal Contract Tower,0,6,15,0,21,0,160,56,4,220,0,166,71,4,241,12,0,12,253
05/09/2003,HUM,LA,ASW,CE,Federal Contract Tower,0,6,14,0,20,0,102,26,0,128,0,108,40,0,148,24,0,24,172
05/10/2003,HUM,LA,ASW,CE,Federal Contract Tower,0,20,7,0,27,0,67,15,2,84,0,87,22,2,111,28,0,28,139
05/11/2003,HUM,LA,ASW,CE,Federal Contract Tower,0,20,16,0,36,0,87,12,0,99,0,107,28,0,135,100,0,100,235
05/12/2003,HUM,LA,ASW,CE,Federal Contract Tower,0,6,8,3,17,0,150,71,0,221,0,156,79,3,238,16,4,20,258
05/13/2003,HUM,LA,ASW,CE,Federal Contract Tower,0,4,5,0,9,0,159,59,0,218,0,163,64,0,227,4,0,4,231
05/14/2003,HUM,LA,ASW,CE,Federal Contract Tower,0,4,3,0,7,0,155,62,0,217,0,159,65,0,224,8,0,8,232
05/15/2003,HUM,LA,ASW,CE,Federal Contract Tower,0,5,10,0,15,0,144,56,0,200,0,149,66,0,215,22,0,22,237
05/16/2003,HUM,LA,ASW,CE,Federal Contract Tower,0,6,13,0,19,0,111,59,0,170,0,117,72,0,189,16,0,16,205
05/17/2003,HUM,LA,ASW,CE,Federal Contract Tower,0,5,8,0,13,0,64,6,0,70,0,69,14,0,83,6,0,6,89
05/18/2003,HUM,LA,ASW,CE,Federal Contract Tower,0,10,7,0,17,0,91,26,0,117,0,101,33,0,134,38,0,38,172
05/19/2003,HUM,LA,ASW,CE,Federal Contract Tower,0,12,12,0,24,0,118,54,0,172,0,130,66,0,196,42,0,42,238
05/20/2003,HUM,LA,ASW,CE,Federal Contract Tower,0,3,10,0,13,0,179,50,4,233,0,182,60,4,246,50,0,50,296
05/21/2003,HUM,LA,ASW,CE,Federal Contract Tower,0,2,12,0,14,0,161,46,2,209,0,163,58,2,223,6,0,6,229
05/22/2003,HUM,LA,ASW,CE,Federal Contract Tower,0,3,7,0,10,0,162,42,0,204,0,165,49,0,214,4,0,4,218
05/23/2003,HUM,LA,ASW,CE,Federal Contract Tower,0,2,12,0,14,0,108,44,0,152,0,110,56,0,166,12,0,12,178
05/24/2003,HUM,LA,ASW,CE,Federal Contract Tower,0,5,14,2,21,0,100,53,0,153,0,105,67,2,174,52,0,52,226
05/25/2003,HUM,LA,ASW,CE,Federal Contract Tower,0,11,13,0,24,0,56,26,0,82,0,67,39,0,106,40,0,40,146
05/26/2003,HUM,LA,ASW,CE,Federal Contract Tower,0,0,5,0,5,0,70,43,0,113,0,70,48,0,118,10,0,10,128
05/27/2003,HUM,LA,ASW,CE,Federal Contract Tower,0,18,18,0,36,0,134,75,6,215,0,152,93,6,251,28,0,28,279
05/28/2003,HUM,LA,ASW,CE,Federal Contract Tower,0,0,10,2,12,0,162,50,6,218,0,162,60,8,230,4,0,4,234
05/29/2003,HUM,LA,ASW,CE,Federal Contract Tower,0,15,11,0,26,0,128,86,4,218,0,143,97,4,244,30,0,30,274
05/30/2003,HUM,LA,ASW,CE,Federal Contract Tower,0,2,12,0,14,0,106,49,0,155,0,108,61,0,169,4,0,4,173
05/31/2003,HUM,LA,ASW,CE,Federal Contract Tower,0,0,6,0,6,0,83,26,0,109,0,83,32,0,115,34,0,34,149
06/01/2003,HUM,LA,ASW,CE,Federal Contract Tower,0,7,16,0,23,0,57,41,0,98,0,64,57,0,121,18,0,18,139
06/02/2003,HUM,LA,ASW,CE,Federal Contract Tower,0,3,12,0,15,0,116,54,2,172,0,119,66,2,187,0,0,0,187
06/03/2003,HUM,LA,ASW,CE,Federal Contract Tower,0,2,7,0,9,0,116,45,0,161,0,118,52,0,170,0,0,0,170
06/04/2003,HUM,LA,ASW,CE,Federal Contract Tower,0,22,24,0,46,0,177,50,2,229,0,199,74,2,275,20,0,20,295
06/05/2003,HUM,LA,ASW,CE,Federal Contract Tower,0,2,12,1,15,0,139,44,1,184,0,141,56,2,199,4,0,4,203
06/06/2003,HUM,LA,ASW,CE,Federal Contract Tower,0,6,11,0,17,0,112,25,0,137,0,118,36,0,154,2,0,2,156
06/07/2003,HUM,LA,ASW,CE,Federal Contract Tower,0,13,5,0,18,0,67,34,0,101,0,80,39,0,119,20,0,20,139
06/08/2003,HUM,LA,ASW,CE,Federal Contract Tower,0,0,9,0,9,0,73,34,0,107,0,73,43,0,116,16,0,16,132
06/09/2003,HUM,LA,ASW,CE,Federal Contract Tower,0,2,6,2,10,0,118,56,0,174,0,120,62,2,184,4,4,8,192
06/10/2003,HUM,LA,ASW,CE,Federal Contract Tower,0,2,10,0,12,0,164,94,6,264,0,166,104,6,276,2,0,2,278
06/11/2003,HUM,LA,ASW,CE,Federal Contract Tower,0,3,11,0,14,0,186,40,2,228,0,189,51,2,242,10,0,10,252
06/12/2003,HUM,LA,ASW,CE,Federal Contract Tower,0,2,10,0,12,0,174,57,0,231,0,176,67,0,243,6,8,14,257
06/13/2003,HUM,LA,ASW,CE,Federal Contract Tower,0,2,9,0,11,0,123,42,0,165,0,125,51,0,176,2,0,2,178
06/14/2003,HUM,LA,ASW,CE,Federal Contract Tower,0,6,4,0,10,0,73,14,0,87,0,79,18,0,97,12,0,12,109
06/15/2003,HUM,LA,ASW,CE,Federal Contract Tower,0,3,6,0,9,0,55,34,0,89,0,58,40,0,98,24,0,24,122
06/16/2003,HUM,LA,ASW,CE,Federal Contract Tower,0,2,11,0,13,0,95,56,0,151,0,97,67,0,164,20,0,20,184
06/17/2003,HUM,LA,ASW,CE,Federal Contract Tower,0,3,9,0,12,0,134,50,0,184,0,137,59,0,196,6,0,6,202
06/18/2003,HUM,LA,ASW,CE,Federal Contract Tower,0,2,12,0,14,0,217,73,1,291,0,219,85,1,305,18,8,26,331
06/19/2003,HUM,LA,ASW,CE,Federal Contract Tower,0,2,16,0,18,0,151,60,0,211,0,153,76,0,229,14,0,14,243
06/20/2003,HUM,LA,ASW,CE,Federal Contract Tower,0,11,15,0,26,0,94,21,0,115,0,105,36,0,141,2,0,2,143
06/21/2003,HUM,LA,ASW,CE,Federal Contract Tower,0,9,4,0,13,0,67,10,0,77,0,76,14,0,90,16,0,16,106
06/22/2003,HUM,LA,ASW,CE,Federal Contract Tower,0,6,13,0,19,0,109,29,0,138,0,115,42,0,157,6,0,6,163
06/23/2003,HUM,LA,ASW,CE,Federal Contract Tower,0,3,5,4,12,0,114,64,2,180,0,117,69,6,192,8,0,8,200
06/24/2003,HUM,LA,ASW,CE,Federal Contract Tower,0,16,13,0,29,0,127,35,10,172,0,143,48,10,201,24,4,28,229
06/25/2003,HUM,LA,ASW,CE,Federal Contract Tower,0,2,15,0,17,0,151,54,1,206,0,153,69,1,223,24,0,24,247
06/26/2003,HUM,LA,ASW,CE,Federal Contract Tower,0,5,9,0,14,0,155,80,2,237,0,160,89,2,251,30,0,30,281
06/27/2003,HUM,LA,ASW,CE,Federal Contract Tower,0,6,10,0,16,0,116,40,6,162,0,122,50,6,178,0,0,0,178
06/28/2003,HUM,LA,ASW,CE,Federal Contract Tower,0,12,8,0,20,0,53,27,0,80,0,65,35,0,100,14,0,14,114
06/29/2003,HUM,LA,ASW,CE,Federal Contract Tower,0,0,9,0,9,0,115,13,0,128,0,115,22,0,137,10,0,10,147
06/30/2003,HUM,LA,ASW,CE,Federal Contract Tower,0,23,1,2,26,0,3,3,0,6,0,26,4,2,32,0,2,2,34
07/01/2003,HUM,LA,ASW,CE,Federal Contract Tower,0,2,5,0,7,0,322,77,18,417,0,324,82,18,424,20,4,24,448
07/02/2003,HUM,LA,ASW,CE,Federal Contract Tower,0,2,10,0,12,0,185,56,8,249,0,187,66,8,261,6,0,6,267
07/03/2003,HUM,LA,ASW,CE,Federal Contract Tower,0,3,6,0,9,0,151,47,0,198,0,154,53,0,207,12,0,12,219
07/04/2003,HUM,LA,ASW,CE,Federal Contract Tower,0,0,1,0,1,0,116,18,0,134,0,116,19,0,135,20,0,20,155
07/05/2003,HUM,LA,ASW,CE,Federal Contract Tower,0,0,0,0,0,0,62,18,0,80,0,62,18,0,80,0,0,0,80
07/06/2003,HUM,LA,ASW,CE,Federal Contract Tower,0,2,27,0,29,0,100,18,0,118,0,102,45,0,147,8,0,8,155
07/07/2003,HUM,LA,ASW,CE,Federal Contract Tower,0,3,13,0,16,0,131,58,0,189,0,134,71,0,205,4,0,4,209
07/08/2003,HUM,LA,ASW,CE,Federal Contract Tower,0,2,3,0,5,0,150,60,5,215,0,152,63,5,220,22,0,22,242
07/09/2003,HUM,LA,ASW,CE,Federal Contract Tower,0,4,5,0,9,0,205,86,0,291,0,209,91,0,300,98,0,98,398
07/10/2003,HUM,LA,ASW,CE,Federal Contract Tower,0,3,10,0,13,0,162,59,2,223,0,165,69,2,236,14,0,14,250
07/11/2003,HUM,LA,ASW,CE,Federal Contract Tower,0,2,16,0,18,0,128,66,0,194,0,130,82,0,212,26,0,26,238
07/12/2003,HUM,LA,ASW,CE,Federal Contract Tower,0,0,2,0,2,0,61,44,0,105,0,61,46,0,107,20,0,20,127
07/13/2003,HUM,LA,ASW,CE,Federal Contract Tower,0,0,14,0,14,0,100,38,0,138,0,100,52,0,152,8,0,8,160
07/14/2003,HUM,LA,ASW,CE,Federal Contract Tower,0,2,4,0,6,0,90,39,0,129,0,92,43,0,135,2,0,2,137
07/15/2003,HUM,LA,ASW,CE,Federal Contract Tower,0,2,8,0,10,0,190,44,0,234,0,192,52,0,244,36,0,36,280
07/16/2003,HUM,LA,ASW,CE,Federal Contract Tower,0,2,1,0,3,0,157,50,0,207,0,159,51,0,210,20,0,20,230
07/17/2003,HUM,LA,ASW,CE,Federal Contract Tower,0,3,7,0,10,0,155,41,0,196,0,158,48,0,206,0,0,0,206
07/18/2003,HUM,LA,ASW,CE,Federal Contract Tower,0,2,8,0,10,0,122,36,0,158,0,124,44,0,168,12,0,12,180
07/19/2003,HUM,LA,ASW,CE,Federal Contract Tower,0,5,4,0,9,0,83,9,0,92,0,88,13,0,101,64,0,64,165
07/20/2003,HUM,LA,ASW,CE,Federal Contract Tower,0,29,1,0,30,0,88,8,0,96,0,117,9,0,126,46,0,46,172
07/21/2003,HUM,LA,ASW,CE,Federal Contract Tower,0,2,20,0,22,0,128,56,0,184,0,130,76,0,206,0,0,0,206
07/22/2003,HUM,LA,ASW,CE,Federal Contract Tower,0,2,9,0,11,0,152,47,4,203,0,154,56,4,214,14,0,14,228
07/23/2003,HUM,LA,ASW,CE,Federal Contract Tower,0,2,9,0,11,0,174,42,2,218,0,176,51,2,229,0,0,0,229
07/24/2003,HUM,LA,ASW,CE,Federal Contract Tower,0,2,20,0,22,0,138,58,0,196,0,140,78,0,218,16,0,16,234
07/25/2003,HUM,LA,ASW,CE,Federal Contract Tower,0,10,12,4,26,0,88,51,0,139,0,98,63,4,165,36,0,36,201
07/26/2003,HUM,LA,ASW,CE,Federal Contract Tower,0,0,7,0,7,0,89,25,0,114,0,89,32,0,121,74,0,74,195
07/27/2003,HUM,LA,ASW,CE,Federal Contract Tower,0,2,6,0,8,0,87,33,0,120,0,89,39,0,128,28,0,28,156
07/28/2003,HUM,LA,ASW,CE,Federal Contract Tower,0,2,10,0,12,0,126,68,0,194,0,128,78,0,206,60,0,60,266
07/29/2003,HUM,LA,ASW,CE,Federal Contract Tower,0,4,15,8,27,0,145,51,4,200,0,149,66,12,227,40,16,56,283
07/30/2003,HUM,LA,ASW,CE,Federal Contract Tower,0,2,14,0,16,0,200,55,2,257,0,202,69,2,273,26,0,26,299
07/31/2003,HUM,LA,ASW,CE,Federal Contract Tower,0,4,10,0,14,0,153,48,0,201,0,157,58,0,215,0,0,0,215
08/01/2003,HUM,LA,ASW,CE,Federal Contract Tower,0,5,10,0,15,0,106,33,0,139,0,111,43,0,154,6,0,6,160
08/02/2003,HUM,LA,ASW,CE,Federal Contract Tower,0,0,7,0,7,0,86,46,2,134,0,86,53,2,141,50,0,50,191
08/03/2003,HUM,LA,ASW,CE,Federal Contract Tower,0,0,3,0,3,0,119,22,0,141,0,119,25,0,144,36,0,36,180
08/04/2003,HUM,LA,ASW,CE,Federal Contract Tower,0,2,11,5,18,0,119,75,1,195,0,121,86,6,213,8,8,16,229
08/05/2003,HUM,LA,ASW,CE,Federal Contract Tower,0,2,7,0,9,0,135,77,6,218,0,137,84,6,227,96,0,96,323
08/06/2003,HUM,LA,ASW,CE,Federal Contract Tower,0,2,4,0,6,0,172,53,5,230,0,174,57,5,236,34,0,34,270
08/07/2003,HUM,LA,ASW,CE,Federal Contract Tower,0,2,3,0,5,0,144,28,6,178,0,146,31,6,183,22,0,22,205
08/08/2003,HUM,LA,ASW,CE,Federal Contract Tower,0,2,5,0,7,0,87,71,0,158,0,89,76,0,165,64,0,64,229
08/09/2003,HUM,LA,ASW,CE,Federal Contract Tower,0,0,8,0,8,0,58,19,0,77,0,58,27,0,85,8,0,8,93
08/10/2003,HUM,LA,ASW,CE,Federal Contract Tower,0,0,4,0,4,0,53,35,0,88,0,53,39,0,92,24,0,24,116
08/11/2003,HUM,LA,ASW,CE,Federal Contract Tower,0,2,9,0,11,0,100,56,0,156,0,102,65,0,167,2,0,2,169
08/12/2003,HUM,LA,ASW,CE,Federal Contract Tower,0,3,6,0,9,0,124,27,0,151,0,127,33,0,160,32,0,32,192
08/13/2003,HUM,LA,ASW,CE,Federal Contract Tower,0,2,9,2,13,0,175,69,0,244,0,177,78,2,257,26,0,26,283
08/14/2003,HUM,LA,ASW,CE,Federal Contract Tower,0,25,11,0,36,0,118,49,0,167,0,143,60,0,203,34,0,34,237
08/15/2003,HUM,LA,ASW,CE,Federal Contract Tower,0,2,14,0,16,0,88,45,0,133,0,90,59,0,149,24,0,24,173
08/16/2003,HUM,LA,ASW,CE,Federal Contract Tower,0,14,6,0,20,0,95,24,0,119,0,109,30,0,139,24,0,24,163
08/17/2003,HUM,LA,ASW,CE,Federal Contract Tower,0,0,8,0,8,0,62,15,0,77,0,62,23,0,85,20,0,20,105
08/18/2003,HUM,LA,ASW,CE,Federal Contract Tower,0,3,5,0,8,0,96,52,0,148,0,99,57,0,156,36,0,36,192
08/19/2003,HUM,LA,ASW,CE,Federal Contract Tower,0,3,8,0,11,0,150,66,0,216,0,153,74,0,227,12,0,12,239
08/20/2003,HUM,LA,ASW,CE,Federal Contract Tower,0,6,10,0,16,0,134,47,0,181,0,140,57,0,197,32,0,32,229
08/21/2003,HUM,LA,ASW,CE,Federal Contract Tower,0,0,20,0,20,0,151,71,6,228,0,151,91,6,248,42,2,44,292
08/22/2003,HUM,LA,ASW,CE,Federal Contract Tower,0,2,13,0,15,0,123,56,0,179,0,125,69,0,194,2,0,2,196
08/23/2003,HUM,LA,ASW,CE,Federal Contract Tower,0,0,4,0,4,0,73,32,2,107,0,73,36,2,111,46,0,46,157
08/24/2003,HUM,LA,ASW,CE,Federal Contract Tower,0,0,5,0,5,0,114,26,0,140,0,114,31,0,145,0,2,2,147
08/25/2003,HUM,LA,ASW,CE,Federal Contract Tower,0,3,5,2,10,0,94,74,2,170,0,97,79,4,180,88,0,88,268
08/26/2003,HUM,LA,ASW,CE,Federal Contract Tower,0,2,4,1,7,0,146,68,3,217,0,148,72,4,224,48,0,48,272
08/27/2003,HUM,LA,ASW,CE,Federal Contract Tower,0,2,5,0,7,0,173,51,0,224,0,175,56,0,231,2,0,2,233
08/28/2003,HUM,LA,ASW,CE,Federal Contract Tower,0,3,16,0,19,0,140,52,1,193,0,143,68,1,212,18,0,18,230
08/29/2003,HUM,LA,ASW,CE,Federal Contract Tower,0,3,12,0,15,0,125,58,0,183,0,128,70,0,198,26,0,26,224
08/30/2003,HUM,LA,ASW,CE,Federal Contract Tower,0,0,10,0,10,0,63,9,0,72,0,63,19,0,82,2,0,2,84
08/31/2003,HUM,LA,ASW,CE,Federal Contract Tower,0,6,2,0,8,0,96,29,0,125,0,102,31,0,133,22,0,22,155
09/01/2003,HUM,LA,ASW,CE,Federal Contract Tower,0,0,14,0,14,0,63,35,0,98,0,63,49,0,112,44,0,44,156
09/02/2003,HUM,LA,ASW,CE,Federal Contract Tower,0,2,9,0,11,0,127,66,0,193,0,129,75,0,204,28,0,28,232
09/03/2003,HUM,LA,ASW,CE,Federal Contract Tower,0,2,0,2,4,0,192,90,7,289,0,194,90,9,293,62,8,70,363
09/04/2003,HUM,LA,ASW,CE,Federal Contract Tower,0,2,9,0,11,0,154,55,0,209,0,156,64,0,220,12,0,12,232
09/05/2003,HUM,LA,ASW,CE,Federal Contract Tower,0,2,7,0,9,0,98,53,2,153,0,100,60,2,162,56,10,66,228
09/06/2003,HUM,LA,ASW,CE,Federal Contract Tower,0,8,9,0,17,0,97,21,0,118,0,105,30,0,135,32,0,32,167
09/07/2003,HUM,LA,ASW,CE,Federal Contract Tower,0,10,7,0,17,0,88,48,0,136,0,98,55,0,153,54,0,54,207
09/08/2003,HUM,LA,ASW,CE,Federal Contract Tower,0,2,4,0,6,0,92,70,2,164,0,94,74,2,170,36,0,36,206
09/09/2003,HUM,LA,ASW,CE,Federal Contract Tower,0,2,17,0,19,0,127,51,4,182,0,129,68,4,201,44,0,44,245
09/10/2003,HUM,LA,ASW,CE,Federal Contract Tower,0,3,12,0,15,0,168,68,0,236,0,171,80,0,251,2,0,2,253
09/11/2003,HUM,LA,ASW,CE,Federal Contract Tower,0,3,7,0,10,0,163,66,2,231,0,166,73,2,241,84,0,84,325
09/12/2003,HUM,LA,ASW,CE,Federal Contract Tower,0,6,7,0,13,0,102,38,0,140,0,108,45,0,153,56,0,56,209
09/13/2003,HUM,LA,ASW,CE,Federal Contract Tower,0,3,4,0,7,0,77,13,0,90,0,80,17,0,97,12,0,12,109
09/14/2003,HUM,LA,ASW,CE,Federal Contract Tower,0,8,8,0,16,0,91,32,0,123,0,99,40,0,139,20,0,20,159
09/15/2003,HUM,LA,ASW,CE,Federal Contract Tower,0,3,5,0,8,0,113,49,0,162,0,116,54,0,170,10,0,10,180
09/16/2003,HUM,LA,ASW,CE,Federal Contract Tower,0,2,12,0,14,0,189,70,4,263,0,191,82,4,277,22,0,22,299
09/17/2003,HUM,LA,ASW,CE,Federal Contract Tower,0,2,6,0,8,0,175,76,0,251,0,177,82,0,259,32,0,32,291
09/18/2003,HUM,LA,ASW,CE,Federal Contract Tower,0,2,8,0,10,0,168,55,0,223,0,170,63,0,233,8,0,8,241
09/19/2003,HUM,LA,ASW,CE,Federal Contract Tower,0,2,5,0,7,0,115,62,0,177,0,117,67,0,184,40,0,40,224
09/20/2003,HUM,LA,ASW,CE,Federal Contract Tower,0,5,5,0,10,0,66,10,0,76,0,71,15,0,86,22,0,22,108
09/21/2003,HUM,LA,ASW,CE,Federal Contract Tower,0,0,13,0,13,0,57,1,0,58,0,57,14,0,71,8,0,8,79
09/22/2003,HUM,LA,ASW,CE,Federal Contract Tower,0,10,10,0,20,0,99,41,2,142,0,109,51,2,162,38,0,38,200
09/23/2003,HUM,LA,ASW,CE,Federal Contract Tower,0,2,4,2,8,0,155,84,4,243,0,157,88,6,251,28,22,50,301
09/24/2003,HUM,LA,ASW,CE,Federal Contract Tower,0,3,5,0,8,0,182,43,0,225,0,185,48,0,233,16,8,24,257
09/25/2003,HUM,LA,ASW,CE,Federal Contract Tower,0,3,1,0,4,0,173,68,0,241,0,176,69,0,245,28,4,32,277
09/26/2003,HUM,LA,ASW,CE,Federal Contract Tower,0,2,11,0,13,0,113,61,0,174,0,115,72,0,187,26,0,26,213
09/27/2003,HUM,LA,ASW,CE,Federal Contract Tower,0,8,8,0,16,0,60,38,0,98,0,68,46,0,114,18,0,18,132
09/28/2003,HUM,LA,ASW,CE,Federal Contract Tower,0,0,7,0,7,0,77,42,0,119,0,77,49,0,126,14,0,14,140
09/29/2003,HUM,LA,ASW,CE,Federal Contract Tower,0,4,2,0,6,0,91,87,0,178,0,95,89,0,184,6,0,6,190
09/30/2003,HUM,LA,ASW,CE,Federal Contract Tower,0,3,7,0,10,0,156,62,6,224,0,159,69,6,234,18,0,18,252
10/01/2003,HUM,LA,ASW,CE,Federal Contract Tower,0,2,9,0,11,0,208,50,0,258,0,210,59,0,269,2,0,2,271
10/02/2003,HUM,LA,ASW,CE,Federal Contract Tower,0,2,2,0,4,0,154,37,0,191,0,156,39,0,195,0,0,0,195
10/03/2003,HUM,LA,ASW,CE,Federal Contract Tower,0,4,1,0,5,0,107,41,0,148,0,111,42,0,153,60,0,60,213
10/04/2003,HUM,LA,ASW,CE,Federal Contract Tower,0,23,5,0,28,0,55,28,0,83,0,78,33,0,111,52,4,56,167
10/05/2003,HUM,LA,ASW,CE,Federal Contract Tower,0,6,7,0,13,0,72,42,6,120,0,78,49,6,133,52,8,60,193
10/06/2003,HUM,LA,ASW,CE,Federal Contract Tower,0,19,6,2,27,0,127,57,3,187,0,146,63,5,214,20,20,40,254
10/07/2003,HUM,LA,ASW,CE,Federal Contract Tower,0,28,7,0,35,0,154,61,12,227,0,182,68,12,262,34,0,34,296
10/08/2003,HUM,LA,ASW,CE,Federal Contract Tower,0,20,15,5,40,0,114,34,0,148,0,134,49,5,188,24,12,36,224
10/09/2003,HUM,LA,ASW,CE,Federal Contract Tower,0,11,14,4,29,0,117,29,2,148,0,128,43,6,177,2,0,2,179
10/10/2003,HUM,LA,ASW,CE,Federal Contract Tower,0,23,9,0,32,0,15,1,0,16,0,38,10,0,48,0,0,0,48
10/11/2003,HUM,LA,ASW,CE,Federal Contract Tower,0,64,29,0,93,0,10,13,0,23,0,74,42,0,116,62,0,62,178
10/12/2003,HUM,LA,ASW,CE,Federal Contract Tower,0,6,11,0,17,0,86,109,0,195,0,92,120,0,212,100,0,100,312
10/13/2003,HUM,LA,ASW,CE,Federal Contract Tower,0,3,6,0,9,0,132,86,0,218,0,135,92,0,227,14,0,14,241
10/14/2003,HUM,LA,ASW,CE,Federal Contract Tower,0,3,6,0,9,0,171,64,4,239,0,174,70,4,248,36,0,36,284
10/15/2003,HUM,LA,ASW,CE,Federal Contract Tower,0,8,6,2,16,0,188,42,0,230,0,196,48,2,246,30,0,30,276
10/16/2003,HUM,LA,ASW,CE,Federal Contract Tower,0,2,12,1,15,0,153,56,1,210,0,155,68,2,225,20,8,28,253
10/17/2003,HUM,LA,ASW,CE,Federal Contract Tower,0,2,8,0,10,0,99,73,0,172,0,101,81,0,182,42,0,42,224
10/18/2003,HUM,LA,ASW,CE,Federal Contract Tower,0,0,16,0,16,0,80,10,0,90,0,80,26,0,106,6,0,6,112
10/19/2003,HUM,LA,ASW,CE,Federal Contract Tower,0,4,5,0,9,0,109,34,0,143,0,113,39,0,152,34,0,34,186
10/20/2003,HUM,LA,ASW,CE,Federal Contract Tower,0,8,9,2,19,0,130,94,0,224,0,138,103,2,243,10,20,30,273
10/21/2003,HUM,LA,ASW,CE,Federal Contract Tower,0,13,9,0,22,0,147,66,6,219,0,160,75,6,241,22,0,22,263
10/22/2003,HUM,LA,ASW,CE,Federal Contract Tower,0,4,14,2,20,0,196,85,1,282,0,200,99,3,302,38,38,76,378
10/23/2003,HUM,LA,ASW,CE,Federal Contract Tower,0,9,16,0,25,0,164,74,0,238,0,173,90,0,263,14,0,14,277
10/24/2003,HUM,LA,ASW,CE,Federal Contract Tower,0,16,10,0,26,0,84,50,0,134,0,100,60,0,160,0,0,0,160
10/25/2003,HUM,LA,ASW,CE,Federal Contract Tower,0,5,12,2,19,0,87,30,4,121,0,92,42,6,140,46,2,48,188
10/26/2003,HUM,LA,ASW,CE,Federal Contract Tower,0,1,7,0,8,0,66,8,0,74,0,67,15,0,82,2,0,2,84
10/27/2003,HUM,LA,ASW,CE,Federal Contract Tower,0,16,6,2,24,0,81,30,0,111,0,97,36,2,135,8,0,8,143
10/28/2003,HUM,LA,ASW,CE,Federal Contract Tower,0,2,7,0,9,0,193,66,3,262,0,195,73,3,271,22,0,22,293
10/29/2003,HUM,LA,ASW,CE,Federal Contract Tower,0,2,21,0,23,0,187,89,0,276,0,189,110,0,299,24,0,24,323
10/30/2003,HUM,LA,ASW,CE,Federal Contract Tower,0,6,15,0,21,0,161,43,0,204,0,167,58,0,225,16,0,16,241
10/31/2003,HUM,LA,ASW,CE,Federal Contract Tower,0,7,10,0,17,0,118,46,0,164,0,125,56,0,181,12,0,12,193
11/01/2003,HUM,LA,ASW,CE,Federal Contract Tower,0,0,11,0,11,0,81,17,0,98,0,81,28,0,109,42,0,42,151
11/02/2003,HUM,LA,ASW,CE,Federal Contract Tower,0,12,17,0,29,0,61,19,0,80,0,73,36,0,109,58,0,58,167
11/03/2003,HUM,LA,ASW,CE,Federal Contract Tower,0,7,9,0,16,0,99,62,0,161,0,106,71,0,177,14,0,14,191
11/04/2003,HUM,LA,ASW,CE,Federal Contract Tower,0,2,11,1,14,0,158,60,7,225,0,160,71,8,239,8,0,8,247
11/05/2003,HUM,LA,ASW,CE,Federal Contract Tower,0,2,14,2,18,0,171,43,2,216,0,173,57,4,234,12,4,16,250
11/06/2003,HUM,LA,ASW,CE,Federal Contract Tower,0,5,18,0,23,0,119,27,0,146,0,124,45,0,169,22,0,22,191
11/07/2003,HUM,LA,ASW,CE,Federal Contract Tower,0,29,24,0,53,0,36,17,0,53,0,65,41,0,106,0,0,0,106
11/08/2003,HUM,LA,ASW,CE,Federal Contract Tower,0,20,5,0,25,0,76,21,0,97,0,96,26,0,122,34,0,34,156
11/09/2003,HUM,LA,ASW,CE,Federal Contract Tower,0,0,12,0,12,0,78,37,0,115,0,78,49,0,127,10,0,10,137
11/10/2003,HUM,LA,ASW,CE,Federal Contract Tower,0,22,13,2,37,0,99,39,2,140,0,121,52,4,177,2,0,2,179
11/11/2003,HUM,LA,ASW,CE,Federal Contract Tower,0,4,9,0,13,0,164,49,0,213,0,168,58,0,226,6,0,6,232
11/12/2003,HUM,LA,ASW,CE,Federal Contract Tower,0,2,21,0,23,0,132,58,0,190,0,134,79,0,213,8,0,8,221
11/13/2003,HUM,LA,ASW,CE,Federal Contract Tower,0,3,10,0,13,0,106,21,0,127,0,109,31,0,140,4,0,4,144
11/14/2003,HUM,LA,ASW,CE,Federal Contract Tower,0,2,15,0,17,0,107,48,0,155,0,109,63,0,172,2,0,2,174
11/15/2003,HUM,LA,ASW,CE,Federal Contract Tower,0,3,20,0,23,0,94,41,0,135,0,97,61,0,158,12,0,12,170
11/16/2003,HUM,LA,ASW,CE,Federal Contract Tower,0,3,17,0,20,0,77,16,4,97,0,80,33,4,117,12,0,12,129
11/17/2003,HUM,LA,ASW,CE,Federal Contract Tower,0,11,20,7,38,0,98,55,0,153,0,109,75,7,191,38,4,42,233
11/18/2003,HUM,LA,ASW,CE,Federal Contract Tower,0,2,12,0,14,0,94,14,0,108,0,96,26,0,122,8,0,8,130
11/19/2003,HUM,LA,ASW,CE,Federal Contract Tower,0,4,20,0,24,0,134,32,0,166,0,138,52,0,190,4,0,4,194
11/20/2003,HUM,LA,ASW,CE,Federal Contract Tower,0,6,20,0,26,0,163,46,0,209,0,169,66,0,235,18,0,18,253
11/21/2003,HUM,LA,ASW,CE,Federal Contract Tower,0,3,11,2,16,0,122,63,0,185,0,125,74,2,201,58,12,70,271
11/22/2003,HUM,LA,ASW,CE,Federal Contract Tower,0,1,5,2,8,0,106,47,0,153,0,107,52,2,161,130,0,130,291
11/23/2003,HUM,LA,ASW,CE,Federal Contract Tower,0,0,8,0,8,0,90,19,0,109,0,90,27,0,117,6,0,6,123
11/24/2003,HUM,LA,ASW,CE,Federal Contract Tower,0,5,5,2,12,0,67,24,4,95,0,72,29,6,107,2,10,12,119
11/25/2003,HUM,LA,ASW,CE,Federal Contract Tower,0,2,11,4,17,0,156,43,12,211,0,158,54,16,228,12,12,24,252
11/26/2003,HUM,LA,ASW,CE,Federal Contract Tower,0,3,4,0,7,0,158,39,0,197,0,161,43,0,204,8,0,8,212
11/27/2003,HUM,LA,ASW,CE,Federal Contract Tower,0,14,5,0,19,0,57,0,0,57,0,71,5,0,76,0,0,0,76
11/28/2003,HUM,LA,ASW,CE,Federal Contract Tower,0,2,15,0,17,0,25,17,0,42,0,27,32,0,59,10,0,10,69
11/29/2003,HUM,LA,ASW,CE,Federal Contract Tower,0,0,2,0,2,0,80,27,0,107,0,80,29,0,109,16,0,16,125
11/30/2003,HUM,LA,ASW,CE,Federal Contract Tower,0,0,8,0,8,0,87,42,0,129,0,87,50,0,137,8,0,8,145
12/01/2003,HUM,LA,ASW,CE,Federal Contract Tower,0,2,2,2,6,0,121,45,0,166,0,123,47,2,172,4,14,18,190
12/02/2003,HUM,LA,ASW,CE,Federal Contract Tower,0,2,9,0,11,0,177,59,4,240,0,179,68,4,251,10,0,10,261
12/03/2003,HUM,LA,ASW,CE,Federal Contract Tower,0,7,7,0,14,0,192,56,4,252,0,199,63,4,266,12,0,12,278
12/04/2003,HUM,LA,ASW,CE,Federal Contract Tower,0,7,9,4,20,0,133,14,0,147,0,140,23,4,167,4,10,14,181
12/05/2003,HUM,LA,ASW,CE,Federal Contract Tower,0,3,9,6,18,0,144,40,16,200,0,147,49,22,218,22,24,46,264
12/06/2003,HUM,LA,ASW,CE,Federal Contract Tower,0,0,7,0,7,0,64,20,3,87,0,64,27,3,94,14,0,14,108
12/07/2003,HUM,LA,ASW,CE,Federal Contract Tower,0,0,7,0,7,0,78,28,2,108,0,78,35,2,115,4,0,4,119
12/08/2003,HUM,LA,ASW,CE,Federal Contract Tower,0,2,0,0,2,0,112,57,0,169,0,114,57,0,171,6,0,6,177
12/09/2003,HUM,LA,ASW,CE,Federal Contract Tower,0,6,7,0,13,0,139,45,4,188,0,145,52,4,201,20,0,20,221
12/10/2003,HUM,LA,ASW,CE,Federal Contract Tower,0,2,9,4,15,0,122,38,0,160,0,124,47,4,175,2,0,2,177
12/11/2003,HUM,LA,ASW,CE,Federal Contract Tower,0,2,6,0,8,0,157,45,0,202,0,159,51,0,210,2,0,2,212
12/12/2003,HUM,LA,ASW,CE,Federal Contract Tower,0,2,16,0,18,0,111,51,0,162,0,113,67,0,180,24,0,24,204
12/13/2003,HUM,LA,ASW,CE,Federal Contract Tower,0,2,1,0,3,0,0,0,0,0,0,2,1,0,3,0,0,0,3
12/14/2003,HUM,LA,ASW,CE,Federal Contract Tower,0,0,5,0,5,0,81,21,0,102,0,81,26,0,107,2,0,2,109
12/15/2003,HUM,LA,ASW,CE,Federal Contract Tower,0,2,3,6,11,0,126,38,0,164,0,128,41,6,175,8,0,8,183
12/16/2003,HUM,LA,ASW,CE,Federal Contract Tower,0,2,4,0,6,0,123,50,0,173,0,125,54,0,179,0,0,0,179
12/17/2003,HUM,LA,ASW,CE,Federal Contract Tower,0,5,7,0,12,0,160,59,0,219,0,165,66,0,231,46,0,46,277
12/18/2003,HUM,LA,ASW,CE,Federal Contract Tower,0,3,3,0,6,0,132,33,0,165,0,135,36,0,171,38,0,38,209
12/19/2003,HUM,LA,ASW,CE,Federal Contract Tower,0,2,2,0,4,0,108,35,0,143,0,110,37,0,147,8,0,8,155
12/20/2003,HUM,LA,ASW,CE,Federal Contract Tower,0,0,10,0,10,0,76,42,0,118,0,76,52,0,128,22,0,22,150
12/21/2003,HUM,LA,ASW,CE,Federal Contract Tower,0,3,1,0,4,0,88,31,0,119,0,91,32,0,123,50,0,50,173
12/22/2003,HUM,LA,ASW,CE,Federal Contract Tower,0,2,7,0,9,0,100,65,0,165,0,102,72,0,174,28,0,28,202
12/23/2003,HUM,LA,ASW,CE,Federal Contract Tower,0,22,9,0,31,0,83,11,0,94,0,105,20,0,125,0,0,0,125
12/24/2003,HUM,LA,ASW,CE,Federal Contract Tower,0,4,5,0,9,0,94,26,0,120,0,98,31,0,129,14,0,14,143
12/25/2003,HUM,LA,ASW,CE,Federal Contract Tower,0,1,1,0,2,0,77,7,0,84,0,78,8,0,86,0,0,0,86
12/26/2003,HUM,LA,ASW,CE,Federal Contract Tower,0,1,9,0,10,0,54,64,0,118,0,55,73,0,128,28,0,28,156
12/27/2003,HUM,LA,ASW,CE,Federal Contract Tower,0,0,4,0,4,0,76,24,0,100,0,76,28,0,104,20,0,20,124
12/28/2003,HUM,LA,ASW,CE,Federal Contract Tower,0,13,13,0,26,0,66,15,0,81,0,79,28,0,107,4,0,4,111
12/29/2003,HUM,LA,ASW,CE,Federal Contract Tower,0,10,15,0,25,0,22,6,0,28,0,32,21,0,53,0,0,0,53
12/30/2003,HUM,LA,ASW,CE,Federal Contract Tower,0,2,17,0,19,0,136,41,0,177,0,138,58,0,196,28,0,28,224
12/31/2003,HUM,LA,ASW,CE,Federal Contract Tower,0,4,4,0,8,0,110,49,0,159,0,114,53,0,167,58,0,58,225
01/01/2004,HUM,LA,ASW,CE,Federal Contract Tower,0,1,10,0,11,0,77,8,0,85,0,78,18,0,96,0,0,0,96
01/02/2004,HUM,LA,ASW,CE,Federal Contract Tower,0,6,18,0,24,0,95,21,0,116,0,101,39,0,140,0,0,0,140
01/03/2004,HUM,LA,ASW,CE,Federal Contract Tower,0,12,12,0,24,0,103,28,0,131,0,115,40,0,155,28,0,28,183
01/04/2004,HUM,LA,ASW,CE,Federal Contract Tower,0,1,2,0,3,0,61,24,0,85,0,62,26,0,88,14,8,22,110
01/05/2004,HUM,LA,ASW,CE,Federal Contract Tower,0,26,20,0,46,0,47,5,29,81,0,73,25,29,127,0,0,0,127
01/06/2004,HUM,LA,ASW,CE,Federal Contract Tower,0,7,7,0,14,0,110,33,0,143,0,117,40,0,157,10,0,10,167
01/07/2004,HUM,LA,ASW,CE,Federal Contract Tower,0,2,5,0,7,0,147,38,0,185,0,149,43,0,192,24,12,36,228
01/08/2004,HUM,LA,ASW,CE,Federal Contract Tower,0,15,16,2,33,0,120,24,0,144,0,135,40,2,177,22,0,22,199
01/09/2004,HUM,LA,ASW,CE,Federal Contract Tower,0,23,9,0,32,0,52,32,0,84,0,75,41,0,116,6,0,6,122
01/10/2004,HUM,LA,ASW,CE,Federal Contract Tower,0,3,10,0,13,0,86,54,0,140,0,89,64,0,153,38,0,38,191
01/11/2004,HUM,LA,ASW,CE,Federal Contract Tower,0,0,10,2,12,0,85,27,0,112,0,85,37,2,124,22,14,36,160
01/12/2004,HUM,LA,ASW,CE,Federal Contract Tower,0,2,7,0,9,0,107,79,0,186,0,109,86,0,195,44,0,44,239
01/13/2004,HUM,LA,ASW,CE,Federal Contract Tower,0,2,10,2,14,0,133,47,0,180,0,135,57,2,194,10,0,10,204
01/14/2004,HUM,LA,ASW,CE,Federal Contract Tower,0,4,13,0,17,0,153,46,0,199,0,157,59,0,216,34,14,48,264
01/15/2004,HUM,LA,ASW,CE,Federal Contract Tower,0,14,8,0,22,0,91,43,0,134,0,105,51,0,156,64,0,64,220
01/16/2004,HUM,LA,ASW,CE,Federal Contract Tower,0,2,12,0,14,0,175,41,0,216,0,177,53,0,230,24,0,24,254
01/17/2004,HUM,LA,ASW,CE,Federal Contract Tower,0,2,6,0,8,0,29,2,0,31,0,31,8,0,39,8,0,8,47
01/18/2004,HUM,LA,ASW,CE,Federal Contract Tower,0,17,7,0,24,0,76,17,0,93,0,93,24,0,117,26,0,26,143
01/19/2004,HUM,LA,ASW,CE,Federal Contract Tower,0,3,12,0,15,0,92,36,2,130,0,95,48,2,145,18,0,18,163
01/20/2004,HUM,LA,ASW,CE,Federal Contract Tower,0,0,11,2,13,0,155,58,0,213,0,155,69,2,226,4,0,4,230
01/21/2004,HUM,LA,ASW,CE,Federal Contract Tower,0,1,14,0,15,0,142,51,0,193,0,143,65,0,208,44,14,58,266
01/22/2004,HUM,LA,ASW,CE,Federal Contract Tower,0,0,10,0,10,0,120,29,0,149,0,120,39,0,159,8,14,22,181
01/23/2004,HUM,LA,ASW,CE,Federal Contract Tower,0,1,11,1,13,0,116,37,1,154,0,117,48,2,167,32,14,46,213
01/24/2004,HUM,LA,ASW,CE,Federal Contract Tower,0,0,5,0,5,0,78,17,0,95,0,78,22,0,100,66,0,66,166
01/25/2004,HUM,LA,ASW,CE,Federal Contract Tower,0,11,3,0,14,0,48,10,0,58,0,59,13,0,72,34,0,34,106
01/26/2004,HUM,LA,ASW,CE,Federal Contract Tower,0,1,10,2,13,0,76,34,0,110,0,77,44,2,123,8,0,8,131
01/27/2004,HUM,LA,ASW,CE,Federal Contract Tower,0,0,5,0,5,0,123,33,0,156,0,123,38,0,161,8,0,8,169
01/28/2004,HUM,LA,ASW,CE,Federal Contract Tower,0,1,5,0,6,0,149,40,3,192,0,150,45,3,198,20,0,20,218
01/29/2004,HUM,LA,ASW,CE,Federal Contract Tower,0,0,5,0,5,0,145,50,0,195,0,145,55,0,200,0,0,0,200
01/30/2004,HUM,LA,ASW,CE,Federal Contract Tower,0,2,13,6,21,0,54,13,0,67,0,56,26,6,88,4,0,4,92
01/31/2004,HUM,LA,ASW,CE,Federal Contract Tower,0,0,5,0,5,0,77,32,0,109,0,77,37,0,114,18,0,18,132
02/01/2004,HUM,LA,ASW,CE,Federal Contract Tower,0,9,14,0,23,0,57,13,0,70,0,66,27,0,93,34,0,34,127
02/02/2004,HUM,LA,ASW,CE,Federal Contract Tower,0,3,5,4,12,0,51,13,0,64,0,54,18,4,76,8,0,8,84
02/03/2004,HUM,LA,ASW,CE,Federal Contract Tower,0,1,5,0,6,0,171,95,2,268,0,172,100,2,274,32,0,32,306
02/04/2004,HUM,LA,ASW,CE,Federal Contract Tower,0,7,42,0,49,0,164,16,0,180,0,171,58,0,229,0,0,0,229
02/05/2004,HUM,LA,ASW,CE,Federal Contract Tower,0,1,8,0,9,0,72,0,0,72,0,73,8,0,81,2,0,2,83
02/06/2004,HUM,LA,ASW,CE,Federal Contract Tower,0,54,9,4,67,0,68,22,0,90,0,122,31,4,157,0,4,4,161
02/07/2004,HUM,LA,ASW,CE,Federal Contract Tower,0,8,5,0,13,0,97,35,2,134,0,105,40,2,147,8,4,12,159
02/08/2004,HUM,LA,ASW,CE,Federal Contract Tower,0,0,8,2,10,0,86,23,0,109,0,86,31,2,119,10,0,10,129
02/09/2004,HUM,LA,ASW,CE,Federal Contract Tower,0,0,10,2,12,0,113,41,0,154,0,113,51,2,166,0,8,8,174
02/10/2004,HUM,LA,ASW,CE,Federal Contract Tower,0,24,6,0,30,0,44,2,0,46,0,68,8,0,76,2,0,2,78
02/11/2004,HUM,LA,ASW,CE,Federal Contract Tower,0,49,6,0,55,0,6,4,0,10,0,55,10,0,65,0,0,0,65
02/12/2004,HUM,LA,ASW,CE,Federal Contract Tower,0,70,13,0,83,0,88,7,0,95,0,158,20,0,178,0,0,0,178
02/13/2004,HUM,LA,ASW,CE,Federal Contract Tower,0,15,5,6,26,0,126,31,4,161,0,141,36,10,187,10,10,20,207
02/14/2004,HUM,LA,ASW,CE,Federal Contract Tower,0,11,2,0,13,0,48,1,0,49,0,59,3,0,62,0,0,0,62
02/15/2004,HUM,LA,ASW,CE,Federal Contract Tower,0,17,4,3,24,0,106,15,1,122,0,123,19,4,146,16,0,16,162
02/16/2004,HUM,LA,ASW,CE,Federal Contract Tower,0,0,5,0,5,0,130,66,0,196,0,130,71,0,201,12,0,12,213
02/17/2004,HUM,LA,ASW,CE,Federal Contract Tower,0,8,4,0,12,0,189,60,4,253,0,197,64,4,265,14,0,14,279
02/18/2004,HUM,LA,ASW,CE,Federal Contract Tower,0,0,1,0,1,0,184,57,0,241,0,184,58,0,242,4,0,4,246
02/19/2004,HUM,LA,ASW,CE,Federal Contract Tower,0,8,17,0,25,0,165,55,0,220,0,173,72,0,245,12,0,12,257
02/20/2004,HUM,LA,ASW,CE,Federal Contract Tower,0,0,12,0,12,0,137,39,0,176,0,137,51,0,188,24,0,24,212
02/21/2004,HUM,LA,ASW,CE,Federal Contract Tower,0,0,2,0,2,0,87,30,0,117,0,87,32,0,119,58,0,58,177
02/22/2004,HUM,LA,ASW,CE,Federal Contract Tower,0,1,9,0,10,0,84,30,0,114,0,85,39,0,124,6,0,6,130
02/23/2004,HUM,LA,ASW,CE,Federal Contract Tower,0,20,6,0,26,0,3,0,0,3,0,23,6,0,29,0,0,0,29
02/24/2004,HUM,LA,ASW,CE,Federal Contract Tower,0,3,1,0,4,0,0,0,0,0,0,3,1,0,4,0,0,0,4
02/25/2004,HUM,LA,ASW,CE,Federal Contract Tower,0,67,16,4,87,0,117,20,0,137,0,184,36,4,224,6,0,6,230
02/26/2004,HUM,LA,ASW,CE,Federal Contract Tower,0,79,39,0,118,0,68,0,0,68,0,147,39,0,186,8,0,8,194
02/27/2004,HUM,LA,ASW,CE,Federal Contract Tower,0,10,12,5,27,0,129,69,5,203,0,139,81,10,230,36,34,70,300
02/28/2004,HUM,LA,ASW,CE,Federal Contract Tower,0,5,2,0,7,0,121,62,0,183,0,126,64,0,190,12,0,12,202
02/29/2004,HUM,LA,ASW,CE,Federal Contract Tower,0,0,13,0,13,0,102,29,0,131,0,102,42,0,144,8,0,8,152
03/01/2004,HUM,LA,ASW,CE,Federal Contract Tower,0,0,10,0,10,0,137,42,0,179,0,137,52,0,189,8,0,8,197
03/02/2004,HUM,LA,ASW,CE,Federal Contract Tower,0,2,4,0,6,0,150,63,4,217,0,152,67,4,223,2,0,2,225
03/03/2004,HUM,LA,ASW,CE,Federal Contract Tower,0,0,27,3,30,0,162,29,2,193,0,162,56,5,223,16,6,22,245
03/04/2004,HUM,LA,ASW,CE,Federal Contract Tower,0,1,18,0,19,0,151,24,0,175,0,152,42,0,194,4,0,4,198
03/05/2004,HUM,LA,ASW,CE,Federal Contract Tower,0,35,9,0,44,0,41,0,0,41,0,76,9,0,85,0,0,0,85
03/06/2004,HUM,LA,ASW,CE,Federal Contract Tower,0,2,11,0,13,0,62,40,0,102,0,64,51,0,115,4,0,4,119
03/07/2004,HUM,LA,ASW,CE,Federal Contract Tower,0,6,6,0,12,0,129,41,0,170,0,135,47,0,182,36,0,36,218
03/08/2004,HUM,LA,ASW,CE,Federal Contract Tower,0,0,8,0,8,0,119,52,3,174,0,119,60,3,182,30,0,30,212
03/09/2004,HUM,LA,ASW,CE,Federal Contract Tower,0,1,4,0,5,0,190,51,6,247,0,191,55,6,252,0,0,0,252
03/10/2004,HUM,LA,ASW,CE,Federal Contract Tower,0,0,15,0,15,0,153,51,0,204,0,153,66,0,219,0,0,0,219
03/11/2004,HUM,LA,ASW,CE,Federal Contract Tower,0,0,18,0,18,0,153,60,2,215,0,153,78,2,233,0,0,0,233
03/12/2004,HUM,LA,ASW,CE,Federal Contract Tower,0,1,19,6,26,0,160,58,2,220,0,161,77,8,246,20,0,20,266
03/13/2004,HUM,LA,ASW,CE,Federal Contract Tower,0,1,6,0,7,0,112,39,0,151,0,113,45,0,158,26,0,26,184
03/14/2004,HUM,LA,ASW,CE,Federal Contract Tower,0,0,12,0,12,0,72,3,0,75,0,72,15,0,87,50,0,50,137
03/15/2004,HUM,LA,ASW,CE,Federal Contract Tower,0,11,18,1,30,0,93,0,1,94,0,104,18,2,124,24,16,40,164
03/16/2004,HUM,LA,ASW,CE,Federal Contract Tower,0,31,15,0,46,0,142,61,3,206,0,173,76,3,252,24,0,24,276
03/17/2004,HUM,LA,ASW,CE,Federal Contract Tower,0,0,10,0,10,0,177,77,0,254,0,177,87,0,264,48,0,48,312
03/18/2004,HUM,LA,ASW,CE,Federal Contract Tower,0,1,10,0,11,0,166,56,0,222,0,167,66,0,233,26,2,28,261
03/19/2004,HUM,LA,ASW,CE,Federal Contract Tower,0,1,17,0,18,0,90,67,0,157,0,91,84,0,175,8,0,8,183
03/20/2004,HUM,LA,ASW,CE,Federal Contract Tower,0,0,9,2,11,0,79,50,0,129,0,79,59,2,140,26,18,44,184
03/21/2004,HUM,LA,ASW,CE,Federal Contract Tower,0,2,9,0,11,0,71,40,0,111,0,73,49,0,122,12,0,12,134
03/22/2004,HUM,LA,ASW,CE,Federal Contract Tower,0,0,13,0,13,0,128,40,0,168,0,128,53,0,181,10,0,10,191
03/23/2004,HUM,LA,ASW,CE,Federal Contract Tower,0,0,8,7,15,0,178,51,7,236,0,178,59,14,251,6,0,6,257
03/24/2004,HUM,LA,ASW,CE,Federal Contract Tower,0,1,11,0,12,0,150,44,0,194,0,151,55,0,206,36,0,36,242
03/25/2004,HUM,LA,ASW,CE,Federal Contract Tower,0,1,7,0,8,0,138,34,2,174,0,139,41,2,182,24,8,32,214
03/26/2004,HUM,LA,ASW,CE,Federal Contract Tower,0,0,8,0,8,0,131,48,0,179,0,131,56,0,187,24,0,24,211
03/27/2004,HUM,LA,ASW,CE,Federal Contract Tower,0,5,11,0,16,0,89,56,0,145,0,94,67,0,161,30,0,30,191
03/28/2004,HUM,LA,ASW,CE,Federal Contract Tower,0,0,7,0,7,0,100,32,0,132,0,100,39,0,139,54,0,54,193
03/29/2004,HUM,LA,ASW,CE,Federal Contract Tower,0,20,12,2,34,0,90,25,4,119,0,110,37,6,153,22,0,22,175
03/30/2004,HUM,LA,ASW,CE,Federal Contract Tower,0,0,5,0,5,0,173,71,0,244,0,173,76,0,249,26,0,26,275
03/31/2004,HUM,LA,ASW,CE,Federal Contract Tower,0,0,6,0,6,0,132,74,0,206,0,132,80,0,212,12,0,12,224
04/01/2004,HUM,LA,ASW,CE,Federal Contract Tower,0,0,5,0,5,0,110,40,0,150,0,110,45,0,155,28,0,28,183
04/02/2004,HUM,LA,ASW,CE,Federal Contract Tower,0,8,9,0,17,0,91,60,0,151,0,99,69,0,168,6,0,6,174
04/03/2004,HUM,LA,ASW,CE,Federal Contract Tower,0,0,7,0,7,0,75,33,0,108,0,75,40,0,115,18,0,18,133
04/04/2004,HUM,LA,ASW,CE,Federal Contract Tower,0,2,5,0,7,0,91,35,0,126,0,93,40,0,133,40,0,40,173
04/05/2004,HUM,LA,ASW,CE,Federal Contract Tower,0,0,15,0,15,0,121,45,0,166,0,121,60,0,181,28,0,28,209
04/06/2004,HUM,LA,ASW,CE,Federal Contract Tower,0,0,8,0,8,0,164,50,4,218,0,164,58,4,226,4,8,12,238
04/07/2004,HUM,LA,ASW,CE,Federal Contract Tower,0,14,2,0,16,0,152,28,0,180,0,166,30,0,196,18,0,18,214
04/08/2004,HUM,LA,ASW,CE,Federal Contract Tower,0,16,10,0,26,0,135,51,0,186,0,151,61,0,212,26,0,26,238
04/09/2004,HUM,LA,ASW,CE,Federal Contract Tower,0,0,3,0,3,0,120,35,0,155,0,120,38,0,158,36,0,36,194
04/10/2004,HUM,LA,ASW,CE,Federal Contract Tower,0,0,3,0,3,0,79,30,0,109,0,79,33,0,112,54,0,54,166
04/11/2004,HUM,LA,ASW,CE,Federal Contract Tower,0,0,9,0,9,0,53,8,0,61,0,53,17,0,70,0,0,0,70
04/12/2004,HUM,LA,ASW,CE,Federal Contract Tower,0,29,19,0,48,0,86,16,0,102,0,115,35,0,150,42,0,42,192
04/13/2004,HUM,LA,ASW,CE,Federal Contract Tower,0,0,5,0,5,0,134,79,4,217,0,134,84,4,222,6,0,6,228
04/14/2004,HUM,LA,ASW,CE,Federal Contract Tower,0,0,16,0,16,0,162,76,2,240,0,162,92,2,256,8,0,8,264
04/15/2004,HUM,LA,ASW,CE,Federal Contract Tower,0,0,17,2,19,0,117,77,3,197,0,117,94,5,216,22,6,28,244
04/16/2004,HUM,LA,ASW,CE,Federal Contract Tower,0,1,12,0,13,0,124,57,0,181,0,125,69,0,194,10,0,10,204
04/17/2004,HUM,LA,ASW,CE,Federal Contract Tower,0,0,9,0,9,0,93,24,2,119,0,93,33,2,128,12,6,18,146
04/18/2004,HUM,LA,ASW,CE,Federal Contract Tower,0,0,10,0,10,0,81,39,0,120,0,81,49,0,130,14,0,14,144
04/19/2004,HUM,LA,ASW,CE,Federal Contract Tower,0,0,12,0,12,0,111,60,0,171,0,111,72,0,183,26,0,26,209
04/20/2004,HUM,LA,ASW,CE,Federal Contract Tower,0,0,9,0,9,0,149,71,2,222,0,149,80,2,231,4,0,4,235
04/21/2004,HUM,LA,ASW,CE,Federal Contract Tower,0,1,10,0,11,0,174,51,13,238,0,175,61,13,249,4,0,4,253
04/22/2004,HUM,LA,ASW,CE,Federal Contract Tower,0,0,14,0,14,0,152,66,0,218,0,152,80,0,232,28,0,28,260
04/23/2004,HUM,LA,ASW,CE,Federal Contract Tower,0,4,24,0,28,0,98,32,4,134,0,102,56,4,162,16,0,16,178
04/24/2004,HUM,LA,ASW,CE,Federal Contract Tower,0,5,19,0,24,0,76,11,0,87,0,81,30,0,111,38,0,38,149
04/25/2004,HUM,LA,ASW,CE,Federal Contract Tower,0,18,6,0,24,0,42,6,0,48,0,60,12,0,72,14,0,14,86
04/26/2004,HUM,LA,ASW,CE,Federal Contract Tower,0,46,27,0,73,0,79,40,0,119,0,125,67,0,192,2,0,2,194
04/27/2004,HUM,LA,ASW,CE,Federal Contract Tower,0,0,7,0,7,0,178,82,4,264,0,178,89,4,271,52,0,52,323
04/28/2004,HUM,LA,ASW,CE,Federal Contract Tower,0,0,6,1,7,0,185,79,1,265,0,185,85,2,272,64,8,72,344
04/29/2004,HUM,LA,ASW,CE,Federal Contract Tower,0,0,9,0,9,0,133,49,0,182,0,133,58,0,191,2,0,2,193
04/30/2004,HUM,LA,ASW,CE,Federal Contract Tower,0,7,14,0,21,0,28,0,0,28,0,35,14,0,49,0,0,0,49
05/01/2004,HUM,LA,ASW,CE,Federal Contract Tower,0,0,3,0,3,0,101,15,0,116,0,101,18,0,119,24,0,24,143
05/02/2004,HUM,LA,ASW,CE,Federal Contract Tower,0,22,13,0,35,0,120,45,0,165,0,142,58,0,200,8,0,8,208
05/03/2004,HUM,LA,ASW,CE,Federal Contract Tower,0,0,14,0,14,0,144,71,0,215,0,144,85,0,229,44,0,44,273
05/04/2004,HUM,LA,ASW,CE,Federal Contract Tower,0,0,5,0,5,0,156,96,4,256,0,156,101,4,261,54,0,54,315
05/05/2004,HUM,LA,ASW,CE,Federal Contract Tower,0,0,8,0,8,0,165,80,1,246,0,165,88,1,254,26,0,26,280
05/06/2004,HUM,LA,ASW,CE,Federal Contract Tower,0,0,9,0,9,0,156,49,0,205,0,156,58,0,214,12,0,12,226
05/07/2004,HUM,LA,ASW,CE,Federal Contract Tower,0,1,14,0,15,0,133,79,0,212,0,134,93,0,227,28,0,28,255
05/08/2004,HUM,LA,ASW,CE,Federal Contract Tower,0,14,7,0,21,0,106,32,0,138,0,120,39,0,159,74,0,74,233
05/09/2004,HUM,LA,ASW,CE,Federal Contract Tower,0,5,18,0,23,0,92,27,0,119,0,97,45,0,142,10,0,10,152
05/10/2004,HUM,LA,ASW,CE,Federal Contract Tower,0,0,11,0,11,0,115,55,0,170,0,115,66,0,181,30,0,30,211
05/11/2004,HUM,LA,ASW,CE,Federal Contract Tower,0,1,16,0,17,0,166,49,0,215,0,167,65,0,232,16,0,16,248
05/12/2004,HUM,LA,ASW,CE,Federal Contract Tower,0,1,12,0,13,0,156,44,2,202,0,157,56,2,215,0,26,26,241
05/13/2004,HUM,LA,ASW,CE,Federal Contract Tower,0,4,9,0,13,0,159,47,6,212,0,163,56,6,225,26,0,26,251
05/14/2004,HUM,LA,ASW,CE,Federal Contract Tower,0,3,14,0,17,0,107,22,0,129,0,110,36,0,146,12,0,12,158
05/15/2004,HUM,LA,ASW,CE,Federal Contract Tower,0,0,12,0,12,0,64,7,2,73,0,64,19,2,85,40,0,40,125
05/16/2004,HUM,LA,ASW,CE,Federal Contract Tower,0,3,10,0,13,0,96,11,0,107,0,99,21,0,120,44,0,44,164
05/17/2004,HUM,LA,ASW,CE,Federal Contract Tower,0,0,7,0,7,0,106,50,12,168,0,106,57,12,175,8,10,18,193
05/18/2004,HUM,LA,ASW,CE,Federal Contract Tower,0,0,11,0,11,0,167,57,0,224,0,167,68,0,235,21,0,21,256
05/19/2004,HUM,LA,ASW,CE,Federal Contract Tower,0,2,13,6,21,0,189,84,1,274,0,191,97,7,295,28,0,28,323
05/20/2004,HUM,LA,ASW,CE,Federal Contract Tower,0,0,17,1,18,0,178,65,1,244,0,178,82,2,262,12,10,22,284
05/21/2004,HUM,LA,ASW,CE,Federal Contract Tower,0,0,11,0,11,0,120,68,0,188,0,120,79,0,199,6,0,6,205
05/22/2004,HUM,LA,ASW,CE,Federal Contract Tower,0,19,12,0,31,0,98,20,0,118,0,117,32,0,149,40,0,40,189
05/23/2004,HUM,LA,ASW,CE,Federal Contract Tower,0,1,17,0,18,0,101,34,0,135,0,102,51,0,153,40,0,40,193
05/24/2004,HUM,LA,ASW,CE,Federal Contract Tower,0,0,7,0,7,0,145,65,1,211,0,145,72,1,218,8,0,8,226
05/25/2004,HUM,LA,ASW,CE,Federal Contract Tower,0,2,12,0,14,0,133,88,0,221,0,135,100,0,235,32,0,32,267
05/26/2004,HUM,LA,ASW,CE,Federal Contract Tower,0,2,18,0,20,0,155,71,0,226,0,157,89,0,246,40,0,40,286
05/27/2004,HUM,LA,ASW,CE,Federal Contract Tower,0,0,9,0,9,0,165,54,0,219,0,165,63,0,228,20,4,24,252
05/28/2004,HUM,LA,ASW,CE,Federal Contract Tower,0,0,11,1,12,0,117,91,1,209,0,117,102,2,221,42,6,48,269
05/29/2004,HUM,LA,ASW,CE,Federal Contract Tower,0,13,4,0,17,0,83,31,0,114,0,96,35,0,131,28,0,28,159
05/30/2004,HUM,LA,ASW,CE,Federal Contract Tower,0,16,14,0,30,0,80,18,0,98,0,96,32,0,128,70,0,70,198
05/31/2004,HUM,LA,ASW,CE,Federal Contract Tower,0,13,8,0,21,0,88,20,0,108,0,101,28,0,129,0,0,0,129
06/01/2004,HUM,LA,ASW,CE,Federal Contract Tower,0,3,12,0,15,0,140,33,6,179,0,143,45,6,194,8,0,8,202
06/03/2004,HUM,LA,ASW,CE,Federal Contract Tower,0,0,6,0,6,0,149,50,0,199,0,149,56,0,205,2,0,2,207
06/04/2004,HUM,LA,ASW,CE,Federal Contract Tower,0,3,9,0,12,0,117,55,0,172,0,120,64,0,184,28,0,28,212
06/05/2004,HUM,LA,ASW,CE,Federal Contract Tower,0,0,6,1,7,0,98,27,3,128,0,98,33,4,135,26,0,26,161
06/06/2004,HUM,LA,ASW,CE,Federal Contract Tower,0,3,9,1,13,0,87,28,1,116,0,90,37,2,129,28,0,28,157
06/07/2004,HUM,LA,ASW,CE,Federal Contract Tower,0,4,19,1,24,0,134,53,5,192,0,138,72,6,216,68,16,84,300
06/08/2004,HUM,LA,ASW,CE,Federal Contract Tower,0,0,6,1,7,0,151,58,5,214,0,151,64,6,221,38,0,38,259
06/09/2004,HUM,LA,ASW,CE,Federal Contract Tower,0,0,5,1,6,0,186,86,10,282,0,186,91,11,288,34,2,36,324
06/10/2004,HUM,LA,ASW,CE,Federal Contract Tower,0,3,17,1,21,0,155,64,5,224,0,158,81,6,245,78,0,78,323
06/11/2004,HUM,LA,ASW,CE,Federal Contract Tower,0,2,11,0,13,0,111,51,0,162,0,113,62,0,175,6,0,6,181
06/12/2004,HUM,LA,ASW,CE,Federal Contract Tower,0,0,5,1,6,0,111,35,1,147,0,111,40,2,153,12,0,12,165
06/13/2004,HUM,LA,ASW,CE,Federal Contract Tower,0,1,10,1,12,0,103,48,15,166,0,104,58,16,178,42,0,42,220
06/14/2004,HUM,LA,ASW,CE,Federal Contract Tower,0,3,20,0,23,0,70,19,0,89,0,73,39,0,112,6,0,6,118
06/15/2004,HUM,LA,ASW,CE,Federal Contract Tower,0,1,9,0,10,0,156,40,4,200,0,157,49,4,210,2,0,2,212
06/16/2004,HUM,LA,ASW,CE,Federal Contract Tower,0,2,12,0,14,0,156,63,8,227,0,158,75,8,241,6,0,6,247
06/17/2004,HUM,LA,ASW,CE,Federal Contract Tower,0,3,17,0,20,0,179,47,8,234,0,182,64,8,254,12,0,12,266
06/18/2004,HUM,LA,ASW,CE,Federal Contract Tower,0,1,8,0,9,0,120,43,2,165,0,121,51,2,174,0,10,10,184
06/19/2004,HUM,LA,ASW,CE,Federal Contract Tower,0,1,8,0,9,0,93,45,0,138,0,94,53,0,147,10,0,10,157
06/20/2004,HUM,LA,ASW,CE,Federal Contract Tower,0,0,6,0,6,0,77,33,0,110,0,77,39,0,116,30,0,30,146
06/21/2004,HUM,LA,ASW,CE,Federal Contract Tower,0,0,4,0,4,0,122,57,2,181,0,122,61,2,185,6,18,24,209
06/22/2004,HUM,LA,ASW,CE,Federal Contract Tower,0,2,16,0,18,0,123,44,4,171,0,125,60,4,189,50,8,58,247
06/23/2004,HUM,LA,ASW,CE,Federal Contract Tower,0,1,11,0,12,0,158,42,0,200,0,159,53,0,212,22,0,22,234
06/24/2004,HUM,LA,ASW,CE,Federal Contract Tower,0,3,18,0,21,0,151,51,6,208,0,154,69,6,229,2,0,2,231
06/25/2004,HUM,LA,ASW,CE,Federal Contract Tower,0,2,14,0,16,0,114,16,2,132,0,116,30,2,148,32,0,32,180
06/26/2004,HUM,LA,ASW,CE,Federal Contract Tower,0,0,4,0,4,0,82,22,2,106,0,82,26,2,110,82,0,82,192
06/27/2004,HUM,LA,ASW,CE,Federal Contract Tower,0,2,12,0,14,0,107,18,0,125,0,109,30,0,139,48,0,48,187
06/28/2004,HUM,LA,ASW,CE,Federal Contract Tower,0,0,5,0,5,0,131,45,1,177,0,131,50,1,182,28,22,50,232
06/29/2004,HUM,LA,ASW,CE,Federal Contract Tower,0,1,9,0,10,0,170,50,5,225,0,171,59,5,235,2,0,2,237
06/30/2004,HUM,LA,ASW,CE,Federal Contract Tower,0,2,16,0,18,0,191,66,0,257,0,193,82,0,275,32,0,32,307
07/01/2004,HUM,LA,ASW,CE,Federal Contract Tower,0,5,16,2,23,0,165,55,8,228,0,170,71,10,251,34,8,42,293
07/02/2004,HUM,LA,ASW,CE,Federal Contract Tower,0,2,6,0,8,0,117,33,0,150,0,119,39,0,158,4,0,4,162
07/03/2004,HUM,LA,ASW,CE,Federal Contract Tower,0,2,8,0,10,0,55,24,0,79,0,57,32,0,89,76,0,76,165
07/04/2004,HUM,LA,ASW,CE,Federal Contract Tower,0,0,0,0,0,0,90,14,0,104,0,90,14,0,104,44,0,44,148
07/05/2004,HUM,LA,ASW,CE,Federal Contract Tower,0,4,11,1,16,0,78,44,1,123,0,82,55,2,139,62,0,62,201
07/06/2004,HUM,LA,ASW,CE,Federal Contract Tower,0,3,8,1,12,0,133,65,3,201,0,136,73,4,213,12,0,12,225
07/07/2004,HUM,LA,ASW,CE,Federal Contract Tower,0,4,13,0,17,0,165,70,0,235,0,169,83,0,252,28,0,28,280
07/08/2004,HUM,LA,ASW,CE,Federal Contract Tower,0,2,8,0,10,0,155,70,0,225,0,157,78,0,235,10,0,10,245
07/09/2004,HUM,LA,ASW,CE,Federal Contract Tower,0,2,5,0,7,0,80,47,0,127,0,82,52,0,134,16,0,16,150
07/10/2004,HUM,LA,ASW,CE,Federal Contract Tower,0,6,20,2,28,0,90,42,0,132,0,96,62,2,160,126,0,126,286
07/11/2004,HUM,LA,ASW,CE,Federal Contract Tower,0,3,10,0,13,0,97,31,0,128,0,100,41,0,141,10,0,10,151
07/12/2004,HUM,LA,ASW,CE,Federal Contract Tower,0,7,21,2,30,0,155,52,13,220,0,162,73,15,250,20,0,20,270
07/13/2004,HUM,LA,ASW,CE,Federal Contract Tower,0,2,8,1,11,0,149,51,21,221,0,151,59,22,232,22,8,30,262
07/14/2004,HUM,LA,ASW,CE,Federal Contract Tower,0,2,7,1,10,0,153,66,20,239,0,155,73,21,249,28,0,28,277
07/15/2004,HUM,LA,ASW,CE,Federal Contract Tower,0,4,11,1,16,0,162,77,9,248,0,166,88,10,264,28,0,28,292
07/16/2004,HUM,LA,ASW,CE,Federal Contract Tower,0,2,7,1,10,0,132,70,2,204,0,134,77,3,214,22,0,22,236
07/17/2004,HUM,LA,ASW,CE,Federal Contract Tower,0,1,3,0,4,0,119,34,0,153,0,120,37,0,157,140,0,140,297
07/18/2004,HUM,LA,ASW,CE,Federal Contract Tower,0,3,10,0,13,0,31,26,0,57,0,34,36,0,70,56,0,56,126
07/19/2004,HUM,LA,ASW,CE,Federal Contract Tower,0,4,12,0,16,0,130,45,0,175,0,134,57,0,191,58,0,58,249
07/20/2004,HUM,LA,ASW,CE,Federal Contract Tower,0,2,8,0,10,0,144,50,6,200,0,146,58,6,210,6,16,22,232
07/21/2004,HUM,LA,ASW,CE,Federal Contract Tower,0,1,6,0,7,0,187,50,0,237,0,188,56,0,244,10,0,10,254
07/22/2004,HUM,LA,ASW,CE,Federal Contract Tower,0,1,6,0,7,0,176,67,0,243,0,177,73,0,250,12,0,12,262
07/23/2004,HUM,LA,ASW,CE,Federal Contract Tower,0,5,15,0,20,0,90,66,4,160,0,95,81,4,180,16,0,16,196
07/24/2004,HUM,LA,ASW,CE,Federal Contract Tower,0,3,11,0,14,0,59,20,0,79,0,62,31,0,93,12,0,12,105
07/25/2004,HUM,LA,ASW,CE,Federal Contract Tower,0,4,14,0,18,0,78,15,0,93,0,82,29,0,111,24,0,24,135
07/26/2004,HUM,LA,ASW,CE,Federal Contract Tower,0,2,8,0,10,0,102,58,0,160,0,104,66,0,170,0,0,0,170
07/27/2004,HUM,LA,ASW,CE,Federal Contract Tower,0,2,9,0,11,0,143,52,4,199,0,145,61,4,210,36,0,36,246
07/28/2004,HUM,LA,ASW,CE,Federal Contract Tower,0,5,14,0,19,0,134,60,0,194,0,139,74,0,213,22,0,22,235
07/29/2004,HUM,LA,ASW,CE,Federal Contract Tower,0,4,12,0,16,0,157,56,0,213,0,161,68,0,229,0,0,0,229
07/30/2004,HUM,LA,ASW,CE,Federal Contract Tower,0,2,6,0,8,0,119,57,0,176,0,121,63,0,184,8,0,8,192
07/31/2004,HUM,LA,ASW,CE,Federal Contract Tower,0,5,14,0,19,0,118,26,0,144,0,123,40,0,163,106,0,106,269
08/01/2004,HUM,LA,ASW,CE,Federal Contract Tower,0,3,6,0,9,0,60,33,0,93,0,63,39,0,102,16,0,16,118
08/02/2004,HUM,LA,ASW,CE,Federal Contract Tower,0,6,9,0,15,0,145,77,0,222,0,151,86,0,237,42,0,42,279
08/03/2004,HUM,LA,ASW,CE,Federal Contract Tower,0,4,6,1,11,0,173,62,8,243,0,177,68,9,254,10,6,16,270
08/04/2004,HUM,LA,ASW,CE,Federal Contract Tower,0,1,2,0,3,0,185,72,0,257,0,186,74,0,260,14,0,14,274
08/05/2004,HUM,LA,ASW,CE,Federal Contract Tower,0,7,7,0,14,0,135,82,0,217,0,142,89,0,231,0,0,0,231
08/06/2004,HUM,LA,ASW,CE,Federal Contract Tower,0,17,23,0,40,0,107,58,0,165,0,124,81,0,205,4,0,4,209
08/07/2004,HUM,LA,ASW,CE,Federal Contract Tower,0,7,8,0,15,0,71,44,0,115,0,78,52,0,130,54,0,54,184
08/08/2004,HUM,LA,ASW,CE,Federal Contract Tower,0,3,1,1,5,0,74,36,0,110,0,77,37,1,115,2,0,2,117
08/09/2004,HUM,LA,ASW,CE,Federal Contract Tower,0,23,33,0,56,0,72,37,0,109,0,95,70,0,165,4,0,4,169
08/10/2004,HUM,LA,ASW,CE,Federal Contract Tower,0,1,2,1,4,0,162,72,3,237,0,163,74,4,241,4,0,4,245
08/11/2004,HUM,LA,ASW,CE,Federal Contract Tower,0,6,9,0,15,0,105,72,0,177,0,111,81,0,192,4,0,4,196
08/12/2004,HUM,LA,ASW,CE,Federal Contract Tower,0,16,25,0,41,0,166,11,0,177,0,182,36,0,218,36,0,36,254
08/13/2004,HUM,LA,ASW,CE,Federal Contract Tower,0,2,4,0,6,0,126,80,4,210,0,128,84,4,216,4,0,4,220
08/14/2004,HUM,LA,ASW,CE,Federal Contract Tower,0,5,7,0,12,0,116,17,0,133,0,121,24,0,145,34,0,34,179
08/15/2004,HUM,LA,ASW,CE,Federal Contract Tower,0,2,5,0,7,0,87,47,14,148,0,89,52,14,155,116,0,116,271
08/16/2004,HUM,LA,ASW,CE,Federal Contract Tower,0,4,7,0,11,0,132,92,4,228,0,136,99,4,239,60,0,60,299
08/17/2004,HUM,LA,ASW,CE,Federal Contract Tower,0,1,3,0,4,0,168,79,4,251,0,169,82,4,255,22,0,22,277
08/18/2004,HUM,LA,ASW,CE,Federal Contract Tower,0,3,6,0,9,0,187,76,0,263,0,190,82,0,272,28,0,28,300
08/19/2004,HUM,LA,ASW,CE,Federal Contract Tower,0,3,5,0,8,0,162,60,4,226,0,165,65,4,234,28,0,28,262
08/20/2004,HUM,LA,ASW,CE,Federal Contract Tower,0,12,19,0,31,0,114,44,0,158,0,126,63,0,189,4,0,4,193
08/21/2004,HUM,LA,ASW,CE,Federal Contract Tower,0,7,12,0,19,0,83,16,0,99,0,90,28,0,118,48,0,48,166
08/22/2004,HUM,LA,ASW,CE,Federal Contract Tower,0,2,4,0,6,0,103,17,0,120,0,105,21,0,126,20,0,20,146
08/23/2004,HUM,LA,ASW,CE,Federal Contract Tower,0,2,3,0,5,0,114,55,0,169,0,116,58,0,174,2,0,2,176
08/24/2004,HUM,LA,ASW,CE,Federal Contract Tower,0,1,3,0,4,0,131,42,4,177,0,132,45,4,181,6,0,6,187
08/25/2004,HUM,LA,ASW,CE,Federal Contract Tower,0,2,4,0,6,0,158,58,2,218,0,160,62,2,224,50,0,50,274
08/26/2004,HUM,LA,ASW,CE,Federal Contract Tower,0,3,5,0,8,0,196,53,0,249,0,199,58,0,257,46,0,46,303
08/27/2004,HUM,LA,ASW,CE,Federal Contract Tower,0,3,5,0,8,0,101,56,4,161,0,104,61,4,169,74,2,76,245
08/28/2004,HUM,LA,ASW,CE,Federal Contract Tower,0,2,4,0,6,0,96,9,0,105,0,98,13,0,111,36,0,36,147
08/29/2004,HUM,LA,ASW,CE,Federal Contract Tower,0,3,5,0,8,0,56,16,0,72,0,59,21,0,80,64,0,64,144
08/30/2004,HUM,LA,ASW,CE,Federal Contract Tower,0,7,11,0,18,0,111,63,0,174,0,118,74,0,192,10,0,10,202
08/31/2004,HUM,LA,ASW,CE,Federal Contract Tower,0,4,7,0,11,0,146,66,5,217,0,150,73,5,228,34,2,36,264
09/01/2004,HUM,LA,ASW,CE,Federal Contract Tower,0,1,7,0,8,0,188,79,0,267,0,189,86,0,275,18,0,18,293
09/02/2004,HUM,LA,ASW,CE,Federal Contract Tower,0,2,6,0,8,0,151,64,0,215,0,153,70,0,223,8,0,8,231
09/03/2004,HUM,LA,ASW,CE,Federal Contract Tower,0,4,7,0,11,0,105,47,0,152,0,109,54,0,163,0,0,0,163
09/04/2004,HUM,LA,ASW,CE,Federal Contract Tower,0,4,8,0,12,0,72,18,0,90,0,76,26,0,102,14,0,14,116
09/05/2004,HUM,LA,ASW,CE,Federal Contract Tower,0,2,3,0,5,0,58,22,0,80,0,60,25,0,85,74,0,74,159
09/06/2004,HUM,LA,ASW,CE,Federal Contract Tower,0,3,8,0,11,0,90,52,0,142,0,93,60,0,153,90,0,90,243
09/07/2004,HUM,LA,ASW,CE,Federal Contract Tower,0,3,9,1,13,0,140,85,7,232,0,143,94,8,245,52,2,54,299
09/08/2004,HUM,LA,ASW,CE,Federal Contract Tower,0,3,7,0,10,0,165,73,0,238,0,168,80,0,248,14,0,14,262
09/09/2004,HUM,LA,ASW,CE,Federal Contract Tower,0,2,7,0,9,0,185,71,0,256,0,187,78,0,265,40,0,40,305
09/10/2004,HUM,LA,ASW,CE,Federal Contract Tower,0,2,6,0,8,0,96,83,2,181,0,98,89,2,189,24,0,24,213
09/11/2004,HUM,LA,ASW,CE,Federal Contract Tower,0,1,4,0,5,0,81,20,0,101,0,82,24,0,106,78,0,78,184
09/12/2004,HUM,LA,ASW,CE,Federal Contract Tower,0,1,6,0,7,0,66,19,0,85,0,67,25,0,92,2,0,2,94
09/13/2004,HUM,LA,ASW,CE,Federal Contract Tower,0,2,8,0,10,0,189,50,0,239,0,191,58,0,249,32,0,32,281
09/14/2004,HUM,LA,ASW,CE,Federal Contract Tower,0,4,12,0,16,0,213,23,6,242,0,217,35,6,258,0,0,0,258
09/15/2004,HUM,LA,ASW,CE,Federal Contract Tower,0,0,0,0,0,0,11,0,2,13,0,11,0,2,13,0,0,0,13
09/16/2004,HUM,LA,ASW,CE,Federal Contract Tower,0,4,12,0,16,0,324,104,9,437,0,328,116,9,453,0,0,0,453
09/17/2004,HUM,LA,ASW,CE,Federal Contract Tower,0,6,19,0,25,0,333,72,0,405,0,339,91,0,430,56,0,56,486
09/18/2004,HUM,LA,ASW,CE,Federal Contract Tower,0,1,5,0,6,0,291,62,0,353,0,292,67,0,359,88,0,88,447
09/19/2004,HUM,LA,ASW,CE,Federal Contract Tower,0,3,8,0,11,0,171,34,0,205,0,174,42,0,216,132,0,132,348
09/20/2004,HUM,LA,ASW,CE,Federal Contract Tower,0,2,6,0,8,0,139,81,0,220,0,141,87,0,228,14,0,14,242
09/21/2004,HUM,LA,ASW,CE,Federal Contract Tower,0,1,4,0,5,0,165,70,4,239,0,166,74,4,244,40,0,40,284
09/22/2004,HUM,LA,ASW,CE,Federal Contract Tower,0,0,4,0,4,0,190,48,4,242,0,190,52,4,246,22,0,22,268
09/23/2004,HUM,LA,ASW,CE,Federal Contract Tower,0,3,9,0,12,0,157,16,0,173,0,160,25,0,185,78,0,78,263
09/24/2004,HUM,LA,ASW,CE,Federal Contract Tower,0,2,8,0,10,0,153,47,0,200,0,155,55,0,210,30,0,30,240
09/25/2004,HUM,LA,ASW,CE,Federal Contract Tower,0,9,27,0,36,0,80,17,0,97,0,89,44,0,133,28,0,28,161
09/26/2004,HUM,LA,ASW,CE,Federal Contract Tower,0,0,3,0,3,0,81,33,0,114,0,81,36,0,117,62,0,62,179
09/27/2004,HUM,LA,ASW,CE,Federal Contract Tower,0,2,6,0,8,0,116,97,0,213,0,118,103,0,221,30,0,30,251
09/28/2004,HUM,LA,ASW,CE,Federal Contract Tower,0,5,15,0,20,0,129,83,18,230,0,134,98,18,250,30,8,38,288
09/29/2004,HUM,LA,ASW,CE,Federal Contract Tower,0,3,8,0,11,0,169,71,4,244,0,172,79,4,255,88,4,92,347
09/30/2004,HUM,LA,ASW,CE,Federal Contract Tower,0,8,25,0,33,0,160,45,0,205,0,168,70,0,238,6,0,6,244
10/01/2004,HUM,LA,ASW,CE,Federal Contract Tower,0,11,8,0,19,0,136,52,2,190,0,147,60,2,209,4,12,16,225
10/02/2004,HUM,LA,ASW,CE,Federal Contract Tower,0,5,9,0,14,0,57,44,0,101,0,62,53,0,115,100,0,100,215
10/03/2004,HUM,LA,ASW,CE,Federal Contract Tower,0,8,12,0,20,0,75,59,0,134,0,83,71,0,154,62,0,62,216
10/04/2004,HUM,LA,ASW,CE,Federal Contract Tower,0,6,10,0,16,0,120,51,0,171,0,126,61,0,187,2,0,2,189
10/05/2004,HUM,LA,ASW,CE,Federal Contract Tower,0,10,16,1,27,0,115,46,0,161,0,125,62,1,188,32,14,46,234
10/06/2004,HUM,LA,ASW,CE,Federal Contract Tower,0,26,10,0,36,0,131,67,2,200,0,157,77,2,236,12,0,12,248
10/07/2004,HUM,LA,ASW,CE,Federal Contract Tower,0,8,13,0,21,0,100,14,0,114,0,108,27,0,135,0,0,0,135
10/08/2004,HUM,LA,ASW,CE,Federal Contract Tower,0,9,7,0,16,0,8,0,0,8,0,17,7,0,24,0,0,0,24
10/09/2004,HUM,LA,ASW,CE,Federal Contract Tower,0,38,3,0,41,0,1,0,0,1,0,39,3,0,42,0,0,0,42
10/10/2004,HUM,LA,ASW,CE,Federal Contract Tower,0,19,0,0,19,0,109,14,0,123,0,128,14,0,142,28,0,28,170
10/11/2004,HUM,LA,ASW,CE,Federal Contract Tower,0,6,9,0,15,0,118,68,0,186,0,124,77,0,201,52,0,52,253
10/12/2004,HUM,LA,ASW,CE,Federal Contract Tower,0,0,10,0,10,0,164,75,0,239,0,164,85,0,249,52,0,52,301
10/13/2004,HUM,LA,ASW,CE,Federal Contract Tower,0,5,10,6,21,0,174,91,0,265,0,179,101,6,286,74,0,74,360
10/14/2004,HUM,LA,ASW,CE,Federal Contract Tower,0,10,8,0,18,0,116,22,0,138,0,126,30,0,156,40,0,40,196
10/15/2004,HUM,LA,ASW,CE,Federal Contract Tower,0,2,10,5,17,0,158,67,1,226,0,160,77,6,243,16,12,28,271
10/16/2004,HUM,LA,ASW,CE,Federal Contract Tower,0,3,3,0,6,0,112,76,0,188,0,115,79,0,194,132,0,132,326
10/17/2004,HUM,LA,ASW,CE,Federal Contract Tower,0,0,6,0,6,0,64,93,2,159,0,64,99,2,165,104,0,104,269
10/18/2004,HUM,LA,ASW,CE,Federal Contract Tower,0,0,6,0,6,0,131,62,0,193,0,131,68,0,199,0,0,0,199
10/19/2004,HUM,LA,ASW,CE,Federal Contract Tower,0,0,11,3,14,0,141,44,4,189,0,141,55,7,203,2,0,2,205
10/20/2004,HUM,LA,ASW,CE,Federal Contract Tower,0,4,4,0,8,0,178,71,0,249,0,182,75,0,257,4,0,4,261
10/21/2004,HUM,LA,ASW,CE,Federal Contract Tower,0,22,18,0,40,0,136,49,0,185,0,158,67,0,225,16,0,16,241
10/22/2004,HUM,LA,ASW,CE,Federal Contract Tower,0,3,10,0,13,0,97,46,0,143,0,100,56,0,156,16,0,16,172
10/23/2004,HUM,LA,ASW,CE,Federal Contract Tower,0,0,8,0,8,0,59,34,2,95,0,59,42,2,103,24,0,24,127
10/24/2004,HUM,LA,ASW,CE,Federal Contract Tower,0,0,6,0,6,0,106,32,0,138,0,106,38,0,144,14,0,14,158
10/25/2004,HUM,LA,ASW,CE,Federal Contract Tower,0,20,12,0,32,0,100,55,0,155,0,120,67,0,187,8,0,8,195
10/26/2004,HUM,LA,ASW,CE,Federal Contract Tower,0,10,6,0,16,0,116,58,4,178,0,126,64,4,194,10,0,10,204
10/27/2004,HUM,LA,ASW,CE,Federal Contract Tower,0,4,25,0,29,0,152,64,0,216,0,156,89,0,245,26,0,26,271
10/28/2004,HUM,LA,ASW,CE,Federal Contract Tower,0,1,11,0,12,0,150,50,0,200,0,151,61,0,212,38,0,38,250
10/29/2004,HUM,LA,ASW,CE,Federal Contract Tower,0,0,17,0,17,0,133,66,0,199,0,133,83,0,216,42,0,42,258
10/30/2004,HUM,LA,ASW,CE,Federal Contract Tower,0,0,7,0,7,0,72,29,0,101,0,72,36,0,108,50,0,50,158
10/31/2004,HUM,LA,ASW,CE,Federal Contract Tower,0,2,7,0,9,0,94,20,0,114,0,96,27,0,123,32,0,32,155
11/01/2004,HUM,LA,ASW,CE,Federal Contract Tower,0,0,9,2,11,0,101,31,0,132,0,101,40,2,143,18,0,18,161
11/02/2004,HUM,LA,ASW,CE,Federal Contract Tower,0,5,6,0,11,0,99,13,0,112,0,104,19,0,123,2,0,2,125
11/03/2004,HUM,LA,ASW,CE,Federal Contract Tower,0,26,8,0,34,0,136,30,0,166,0,162,38,0,200,4,0,4,204
11/04/2004,HUM,LA,ASW,CE,Federal Contract Tower,0,0,10,0,10,0,176,62,0,238,0,176,72,0,248,32,0,32,280
11/05/2004,HUM,LA,ASW,CE,Federal Contract Tower,0,0,18,0,18,0,143,84,0,227,0,143,102,0,245,30,0,30,275
11/06/2004,HUM,LA,ASW,CE,Federal Contract Tower,0,0,8,0,8,0,96,97,2,195,0,96,105,2,203,36,0,36,239
11/07/2004,HUM,LA,ASW,CE,Federal Contract Tower,0,4,11,0,15,0,107,57,0,164,0,111,68,0,179,66,0,66,245
11/08/2004,HUM,LA,ASW,CE,Federal Contract Tower,0,0,12,0,12,0,131,68,0,199,0,131,80,0,211,40,0,40,251
11/09/2004,HUM,LA,ASW,CE,Federal Contract Tower,0,0,3,0,3,0,139,51,0,190,0,139,54,0,193,36,0,36,229
11/10/2004,HUM,LA,ASW,CE,Federal Contract Tower,0,0,12,0,12,0,163,31,6,200,0,163,43,6,212,40,0,40,252
11/11/2004,HUM,LA,ASW,CE,Federal Contract Tower,0,14,14,0,28,0,149,32,0,181,0,163,46,0,209,38,0,38,247
11/12/2004,HUM,LA,ASW,CE,Federal Contract Tower,0,0,13,0,13,0,102,55,0,157,0,102,68,0,170,2,0,2,172
11/13/2004,HUM,LA,ASW,CE,Federal Contract Tower,0,25,12,0,37,0,82,19,0,101,0,107,31,0,138,20,0,20,158
11/14/2004,HUM,LA,ASW,CE,Federal Contract Tower,0,26,7,0,33,0,70,3,0,73,0,96,10,0,106,58,0,58,164
11/15/2004,HUM,LA,ASW,CE,Federal Contract Tower,0,3,14,0,17,0,118,32,0,150,0,121,46,0,167,0,0,0,167
11/16/2004,HUM,LA,ASW,CE,Federal Contract Tower,0,0,11,0,11,0,163,40,0,203,0,163,51,0,214,6,0,6,220
11/17/2004,HUM,LA,ASW,CE,Federal Contract Tower,0,1,2,0,3,0,139,60,0,199,0,140,62,0,202,16,0,16,218
11/18/2004,HUM,LA,ASW,CE,Federal Contract Tower,0,1,19,0,20,0,119,11,2,132,0,120,30,2,152,0,0,0,152
11/19/2004,HUM,LA,ASW,CE,Federal Contract Tower,0,9,5,0,14,0,164,46,0,210,0,173,51,0,224,36,0,36,260
11/20/2004,HUM,LA,ASW,CE,Federal Contract Tower,0,7,6,0,13,0,75,9,2,86,0,82,15,2,99,4,0,4,103
11/21/2004,HUM,LA,ASW,CE,Federal Contract Tower,0,0,7,0,7,0,104,24,0,128,0,104,31,0,135,18,0,18,153
11/22/2004,HUM,LA,ASW,CE,Federal Contract Tower,0,29,12,0,41,0,80,7,0,87,0,109,19,0,128,36,0,36,164
11/23/2004,HUM,LA,ASW,CE,Federal Contract Tower,0,2,8,2,12,0,148,29,4,181,0,150,37,6,193,26,0,26,219
11/24/2004,HUM,LA,ASW,CE,Federal Contract Tower,0,2,10,0,12,0,132,23,0,155,0,134,33,0,167,16,0,16,183
11/25/2004,HUM,LA,ASW,CE,Federal Contract Tower,0,0,2,0,2,0,129,8,0,137,0,129,10,0,139,0,0,0,139
11/26/2004,HUM,LA,ASW,CE,Federal Contract Tower,0,0,3,0,3,0,87,30,0,117,0,87,33,0,120,44,0,44,164
11/27/2004,HUM,LA,ASW,CE,Federal Contract Tower,0,0,4,0,4,0,45,12,0,57,0,45,16,0,61,12,0,12,73
11/28/2004,HUM,LA,ASW,CE,Federal Contract Tower,0,6,12,0,18,0,91,35,0,126,0,97,47,0,144,8,0,8,152
11/29/2004,HUM,LA,ASW,CE,Federal Contract Tower,0,0,7,0,7,0,105,63,0,168,0,105,70,0,175,42,0,42,217
11/30/2004,HUM,LA,ASW,CE,Federal Contract Tower,0,5,12,3,20,0,112,25,0,137,0,117,37,3,157,32,0,32,189
12/01/2004,HUM,LA,ASW,CE,Federal Contract Tower,0,6,16,7,29,0,140,28,2,170,0,146,44,9,199,0,10,10,209
12/02/2004,HUM,LA,ASW,CE,Federal Contract Tower,0,0,13,0,13,0,173,43,0,216,0,173,56,0,229,60,0,60,289
12/03/2004,HUM,LA,ASW,CE,Federal Contract Tower,0,0,7,0,7,0,123,54,9,186,0,123,61,9,193,76,0,76,269
12/04/2004,HUM,LA,ASW,CE,Federal Contract Tower,0,2,4,2,8,0,85,21,2,108,0,87,25,4,116,28,0,28,144
12/05/2004,HUM,LA,ASW,CE,Federal Contract Tower,0,4,14,0,18,0,81,3,0,84,0,85,17,0,102,16,0,16,118
12/06/2004,HUM,LA,ASW,CE,Federal Contract Tower,0,12,18,0,30,0,85,21,0,106,0,97,39,0,136,6,0,6,142
12/07/2004,HUM,LA,ASW,CE,Federal Contract Tower,0,2,7,0,9,0,131,37,0,168,0,133,44,0,177,14,0,14,191
12/08/2004,HUM,LA,ASW,CE,Federal Contract Tower,0,2,12,0,14,0,121,33,2,156,0,123,45,2,170,34,18,52,222
12/09/2004,HUM,LA,ASW,CE,Federal Contract Tower,0,0,9,0,9,0,105,32,0,137,0,105,41,0,146,30,0,30,176
12/10/2004,HUM,LA,ASW,CE,Federal Contract Tower,0,0,3,0,3,0,97,51,0,148,0,97,54,0,151,30,0,30,181
12/11/2004,HUM,LA,ASW,CE,Federal Contract Tower,0,0,0,0,0,0,71,32,0,103,0,71,32,0,103,56,0,56,159
12/12/2004,HUM,LA,ASW,CE,Federal Contract Tower,0,1,3,0,4,0,82,35,0,117,0,83,38,0,121,64,0,64,185
12/13/2004,HUM,LA,ASW,CE,Federal Contract Tower,0,2,12,0,14,0,84,39,2,125,0,86,51,2,139,12,0,12,151
12/14/2004,HUM,LA,ASW,CE,Federal Contract Tower,0,0,2,0,2,0,123,35,4,162,0,123,37,4,164,4,0,4,168
12/15/2004,HUM,LA,ASW,CE,Federal Contract Tower,0,3,7,2,12,0,149,27,0,176,0,152,34,2,188,30,0,30,218
12/16/2004,HUM,LA,ASW,CE,Federal Contract Tower,0,0,8,0,8,0,146,44,0,190,0,146,52,0,198,40,0,40,238
12/17/2004,HUM,LA,ASW,CE,Federal Contract Tower,0,0,11,0,11,0,115,49,2,166,0,115,60,2,177,38,2,40,217
12/18/2004,HUM,LA,ASW,CE,Federal Contract Tower,0,0,4,0,4,0,86,26,4,116,0,86,30,4,120,36,0,36,156
12/19/2004,HUM,LA,ASW,CE,Federal Contract Tower,0,0,7,0,7,0,89,8,0,97,0,89,15,0,104,8,0,8,112
12/20/2004,HUM,LA,ASW,CE,Federal Contract Tower,0,0,8,0,8,0,127,51,0,178,0,127,59,0,186,22,0,22,208
12/21/2004,HUM,LA,ASW,CE,Federal Contract Tower,0,0,2,5,7,0,129,56,7,192,0,129,58,12,199,4,0,4,203
12/22/2004,HUM,LA,ASW,CE,Federal Contract Tower,0,1,8,0,9,0,107,17,0,124,0,108,25,0,133,2,0,2,135
12/23/2004,HUM,LA,ASW,CE,Federal Contract Tower,0,0,5,0,5,0,127,10,0,137,0,127,15,0,142,4,0,4,146
12/24/2004,HUM,LA,ASW,CE,Federal Contract Tower,0,0,2,0,2,0,30,7,1,38,0,30,9,1,40,0,0,0,40
12/25/2004,HUM,LA,ASW,CE,Federal Contract Tower,0,0,0,0,0,0,0,0,0,0,0,0,0,0,0,0,0,0,0
12/26/2004,HUM,LA,ASW,CE,Federal Contract Tower,0,0,3,0,3,0,69,23,2,94,0,69,26,2,97,0,0,0,97
12/27/2004,HUM,LA,ASW,CE,Federal Contract Tower,0,0,7,0,7,0,129,66,0,195,0,129,73,0,202,18,0,18,220
12/28/2004,HUM,LA,ASW,CE,Federal Contract Tower,0,0,10,2,12,0,334,66,3,403,0,334,76,5,415,28,0,28,443
12/29/2004,HUM,LA,ASW,CE,Federal Contract Tower,0,3,4,0,7,0,156,59,0,215,0,159,63,0,222,12,0,12,234
12/30/2004,HUM,LA,ASW,CE,Federal Contract Tower,0,0,2,0,2,0,127,41,0,168,0,127,43,0,170,14,0,14,184
12/31/2004,HUM,LA,ASW,CE,Federal Contract Tower,0,0,8,0,8,0,104,22,0,126,0,104,30,0,134,26,0,26,160
01/01/2005,HUM,LA,ASW,CE,Federal Contract Tower,0,2,5,0,7,0,67,5,0,72,0,69,10,0,79,14,0,14,93
01/02/2005,HUM,LA,ASW,CE,Federal Contract Tower,0,3,10,0,13,0,64,13,4,81,0,67,23,4,94,22,0,22,116
01/03/2005,HUM,LA,ASW,CE,Federal Contract Tower,0,0,10,0,10,0,98,39,0,137,0,98,49,0,147,64,0,64,211
01/04/2005,HUM,LA,ASW,CE,Federal Contract Tower,0,0,12,0,12,0,119,28,3,150,0,119,40,3,162,46,0,46,208
01/05/2005,HUM,LA,ASW,CE,Federal Contract Tower,0,0,13,2,15,0,137,33,0,170,0,137,46,2,185,2,0,2,187
01/06/2005,HUM,LA,ASW,CE,Federal Contract Tower,0,42,16,0,58,0,124,31,0,155,0,166,47,0,213,14,0,14,227
01/07/2005,HUM,LA,ASW,CE,Federal Contract Tower,0,12,13,2,27,0,115,22,0,137,0,127,35,2,164,44,0,44,208
01/08/2005,HUM,LA,ASW,CE,Federal Contract Tower,0,21,12,0,33,0,10,3,0,13,0,31,15,0,46,44,0,44,90
01/09/2005,HUM,LA,ASW,CE,Federal Contract Tower,0,3,7,0,10,0,1,2,0,3,0,4,9,0,13,0,0,0,13
01/10/2005,HUM,LA,ASW,CE,Federal Contract Tower,0,4,3,0,7,0,71,18,0,89,0,75,21,0,96,38,0,38,134
01/11/2005,HUM,LA,ASW,CE,Federal Contract Tower,0,1,10,0,11,0,105,44,4,153,0,106,54,4,164,54,0,54,218
01/12/2005,HUM,LA,ASW,CE,Federal Contract Tower,0,0,10,0,10,0,161,37,0,198,0,161,47,0,208,50,0,50,258
01/13/2005,HUM,LA,ASW,CE,Federal Contract Tower,0,4,8,0,12,0,28,5,0,33,0,32,13,0,45,0,0,0,45
01/14/2005,HUM,LA,ASW,CE,Federal Contract Tower,0,0,7,0,7,0,157,38,0,195,0,157,45,0,202,68,0,68,270
01/15/2005,HUM,LA,ASW,CE,Federal Contract Tower,0,0,6,0,6,0,77,52,0,129,0,77,58,0,135,50,0,50,185
01/16/2005,HUM,LA,ASW,CE,Federal Contract Tower,0,0,0,0,0,0,81,20,0,101,0,81,20,0,101,48,0,48,149
01/17/2005,HUM,LA,ASW,CE,Federal Contract Tower,0,0,2,0,2,0,90,38,0,128,0,90,40,0,130,90,0,90,220
01/18/2005,HUM,LA,ASW,CE,Federal Contract Tower,0,0,10,0,10,0,131,47,0,178,0,131,57,0,188,98,0,98,286
01/19/2005,HUM,LA,ASW,CE,Federal Contract Tower,0,0,3,0,3,0,143,46,0,189,0,143,49,0,192,14,0,14,206
01/20/2005,HUM,LA,ASW,CE,Federal Contract Tower,0,0,15,0,15,0,141,44,0,185,0,141,59,0,200,4,0,4,204
01/21/2005,HUM,LA,ASW,CE,Federal Contract Tower,0,0,13,0,13,0,101,35,0,136,0,101,48,0,149,64,0,64,213
01/22/2005,HUM,LA,ASW,CE,Federal Contract Tower,0,0,5,0,5,0,72,23,0,95,0,72,28,0,100,36,0,36,136
01/23/2005,HUM,LA,ASW,CE,Federal Contract Tower,0,0,6,0,6,0,58,10,0,68,0,58,16,0,74,26,0,26,100
01/24/2005,HUM,LA,ASW,CE,Federal Contract Tower,0,0,5,0,5,0,101,54,0,155,0,101,59,0,160,68,0,68,228
01/25/2005,HUM,LA,ASW,CE,Federal Contract Tower,0,0,8,0,8,0,122,49,0,171,0,122,57,0,179,62,0,62,241
01/26/2005,HUM,LA,ASW,CE,Federal Contract Tower,0,3,15,0,18,0,168,41,0,209,0,171,56,0,227,10,0,10,237
01/27/2005,HUM,LA,ASW,CE,Federal Contract Tower,0,0,17,0,17,0,153,33,0,186,0,153,50,0,203,0,0,0,203
01/28/2005,HUM,LA,ASW,CE,Federal Contract Tower,0,17,13,0,30,0,44,7,0,51,0,61,20,0,81,2,0,2,83
01/29/2005,HUM,LA,ASW,CE,Federal Contract Tower,0,6,5,0,11,0,55,14,0,69,0,61,19,0,80,34,0,34,114
01/30/2005,HUM,LA,ASW,CE,Federal Contract Tower,0,3,10,0,13,0,78,23,0,101,0,81,33,0,114,50,0,50,164
01/31/2005,HUM,LA,ASW,CE,Federal Contract Tower,0,2,7,0,9,0,120,15,0,135,0,122,22,0,144,0,0,0,144
02/01/2005,HUM,LA,ASW,CE,Federal Contract Tower,0,7,3,0,10,0,0,0,0,0,0,7,3,0,10,0,0,0,10
02/02/2005,HUM,LA,ASW,CE,Federal Contract Tower,0,54,7,0,61,0,15,0,0,15,0,69,7,0,76,0,0,0,76
02/03/2005,HUM,LA,ASW,CE,Federal Contract Tower,0,0,4,0,4,0,172,27,0,199,0,172,31,0,203,26,0,26,229
02/04/2005,HUM,LA,ASW,CE,Federal Contract Tower,0,0,18,0,18,0,101,46,0,147,0,101,64,0,165,18,0,18,183
02/05/2005,HUM,LA,ASW,CE,Federal Contract Tower,0,0,10,0,10,0,90,37,0,127,0,90,47,0,137,70,0,70,207
02/06/2005,HUM,LA,ASW,CE,Federal Contract Tower,0,0,7,0,7,0,71,11,0,82,0,71,18,0,89,2,0,2,91
02/07/2005,HUM,LA,ASW,CE,Federal Contract Tower,0,1,9,0,10,0,95,16,0,111,0,96,25,0,121,44,0,44,165
02/08/2005,HUM,LA,ASW,CE,Federal Contract Tower,0,7,6,0,13,0,101,7,0,108,0,108,13,0,121,20,0,20,141
02/09/2005,HUM,LA,ASW,CE,Federal Contract Tower,0,1,8,0,9,0,129,10,0,139,0,130,18,0,148,20,0,20,168
02/10/2005,HUM,LA,ASW,CE,Federal Contract Tower,0,0,9,0,9,0,173,42,0,215,0,173,51,0,224,10,0,10,234
02/11/2005,HUM,LA,ASW,CE,Federal Contract Tower,0,0,3,0,3,0,105,68,0,173,0,105,71,0,176,22,0,22,198
02/12/2005,HUM,LA,ASW,CE,Federal Contract Tower,0,0,7,0,7,0,81,32,2,115,0,81,39,2,122,92,0,92,214
02/13/2005,HUM,LA,ASW,CE,Federal Contract Tower,0,0,4,0,4,0,66,4,0,70,0,66,8,0,74,50,0,50,124
02/14/2005,HUM,LA,ASW,CE,Federal Contract Tower,0,53,14,2,69,0,95,19,1,115,0,148,33,3,184,28,8,36,220
02/15/2005,HUM,LA,ASW,CE,Federal Contract Tower,0,15,12,2,29,0,87,31,4,122,0,102,43,6,151,26,4,30,181
02/16/2005,HUM,LA,ASW,CE,Federal Contract Tower,0,16,10,0,26,0,122,32,0,154,0,138,42,0,180,8,0,8,188
02/17/2005,HUM,LA,ASW,CE,Federal Contract Tower,0,2,3,0,5,0,158,43,6,207,0,160,46,6,212,45,0,45,257
02/18/2005,HUM,LA,ASW,CE,Federal Contract Tower,0,0,13,0,13,0,104,44,0,148,0,104,57,0,161,20,0,20,181
02/19/2005,HUM,LA,ASW,CE,Federal Contract Tower,0,0,4,0,4,0,72,34,0,106,0,72,38,0,110,98,0,98,208
02/20/2005,HUM,LA,ASW,CE,Federal Contract Tower,0,2,5,0,7,0,69,16,0,85,0,71,21,0,92,52,0,52,144
02/21/2005,HUM,LA,ASW,CE,Federal Contract Tower,0,0,6,0,6,0,82,21,0,103,0,82,27,0,109,16,0,16,125
02/22/2005,HUM,LA,ASW,CE,Federal Contract Tower,0,16,3,0,19,0,46,36,0,82,0,62,39,0,101,72,0,72,173
02/23/2005,HUM,LA,ASW,CE,Federal Contract Tower,0,41,5,0,46,0,41,2,0,43,0,82,7,0,89,0,0,0,89
02/24/2005,HUM,LA,ASW,CE,Federal Contract Tower,0,65,5,0,70,0,62,6,0,68,0,127,11,0,138,6,0,6,144
02/25/2005,HUM,LA,ASW,CE,Federal Contract Tower,0,0,14,1,15,0,109,34,1,144,0,109,48,2,159,26,0,26,185
02/26/2005,HUM,LA,ASW,CE,Federal Contract Tower,0,0,8,0,8,0,83,24,0,107,0,83,32,0,115,72,0,72,187
02/27/2005,HUM,LA,ASW,CE,Federal Contract Tower,0,18,12,0,30,0,47,3,0,50,0,65,15,0,80,104,0,104,184
02/28/2005,HUM,LA,ASW,CE,Federal Contract Tower,0,0,4,0,4,0,97,44,0,141,0,97,48,0,145,2,0,2,147
03/01/2005,HUM,LA,ASW,CE,Federal Contract Tower,0,0,14,0,14,0,153,44,5,202,0,153,58,5,216,30,0,30,246
03/02/2005,HUM,LA,ASW,CE,Federal Contract Tower,0,1,10,0,11,0,135,51,0,186,0,136,61,0,197,38,0,38,235
03/03/2005,HUM,LA,ASW,CE,Federal Contract Tower,0,87,18,0,105,0,71,12,0,83,0,158,30,0,188,36,0,36,224
03/04/2005,HUM,LA,ASW,CE,Federal Contract Tower,0,2,11,0,13,0,95,32,0,127,0,97,43,0,140,24,0,24,164
03/05/2005,HUM,LA,ASW,CE,Federal Contract Tower,0,20,12,0,32,0,56,26,0,82,0,76,38,0,114,54,0,54,168
03/06/2005,HUM,LA,ASW,CE,Federal Contract Tower,0,0,7,2,9,0,91,33,0,124,0,91,40,2,133,96,0,96,229
03/07/2005,HUM,LA,ASW,CE,Federal Contract Tower,0,15,7,0,22,0,78,24,2,104,0,93,31,2,126,0,0,0,126
03/08/2005,HUM,LA,ASW,CE,Federal Contract Tower,0,1,9,0,10,0,167,53,4,224,0,168,62,4,234,38,0,38,272
03/09/2005,HUM,LA,ASW,CE,Federal Contract Tower,0,0,7,0,7,0,151,32,0,183,0,151,39,0,190,28,0,28,218
03/10/2005,HUM,LA,ASW,CE,Federal Contract Tower,0,0,14,0,14,0,160,39,0,199,0,160,53,0,213,58,0,58,271
03/11/2005,HUM,LA,ASW,CE,Federal Contract Tower,0,0,5,0,5,0,130,43,0,173,0,130,48,0,178,38,0,38,216
03/12/2005,HUM,LA,ASW,CE,Federal Contract Tower,0,0,5,0,5,0,70,26,0,96,0,70,31,0,101,60,0,60,161
03/13/2005,HUM,LA,ASW,CE,Federal Contract Tower,0,1,4,0,5,0,68,19,2,89,0,69,23,2,94,16,0,16,110
03/14/2005,HUM,LA,ASW,CE,Federal Contract Tower,0,8,8,2,18,0,50,23,0,73,0,58,31,2,91,62,0,62,153
03/15/2005,HUM,LA,ASW,CE,Federal Contract Tower,0,10,2,0,12,0,111,18,6,135,0,121,20,6,147,2,0,2,149
03/16/2005,HUM,LA,ASW,CE,Federal Contract Tower,0,26,11,1,38,0,17,0,1,18,0,43,11,2,56,0,0,0,56
03/17/2005,HUM,LA,ASW,CE,Federal Contract Tower,0,0,8,0,8,0,203,45,0,248,0,203,53,0,256,10,2,12,268
03/18/2005,HUM,LA,ASW,CE,Federal Contract Tower,0,0,18,0,18,0,135,64,0,199,0,135,82,0,217,68,0,68,285
03/19/2005,HUM,LA,ASW,CE,Federal Contract Tower,0,0,9,0,9,0,81,26,0,107,0,81,35,0,116,110,0,110,226
03/20/2005,HUM,LA,ASW,CE,Federal Contract Tower,0,0,10,0,10,0,57,19,0,76,0,57,29,0,86,30,0,30,116
03/21/2005,HUM,LA,ASW,CE,Federal Contract Tower,0,1,12,0,13,0,135,29,0,164,0,136,41,0,177,40,0,40,217
03/22/2005,HUM,LA,ASW,CE,Federal Contract Tower,0,14,11,0,25,0,107,26,0,133,0,121,37,0,158,66,0,66,224
03/23/2005,HUM,LA,ASW,CE,Federal Contract Tower,0,0,4,2,6,0,174,73,0,247,0,174,77,2,253,74,2,76,329
03/24/2005,HUM,LA,ASW,CE,Federal Contract Tower,0,0,5,0,5,0,167,95,5,267,0,167,100,5,272,56,2,58,330
03/25/2005,HUM,LA,ASW,CE,Federal Contract Tower,0,3,2,0,5,0,97,42,0,139,0,100,44,0,144,89,0,89,233
03/26/2005,HUM,LA,ASW,CE,Federal Contract Tower,0,11,0,0,11,0,3,0,0,3,0,14,0,0,14,30,0,30,44
03/27/2005,HUM,LA,ASW,CE,Federal Contract Tower,0,7,5,0,12,0,58,10,0,68,0,65,15,0,80,62,0,62,142
03/28/2005,HUM,LA,ASW,CE,Federal Contract Tower,0,0,6,0,6,0,167,46,0,213,0,167,52,0,219,142,0,142,361
03/29/2005,HUM,LA,ASW,CE,Federal Contract Tower,0,1,4,0,5,0,138,75,2,215,0,139,79,2,220,50,0,50,270
03/30/2005,HUM,LA,ASW,CE,Federal Contract Tower,0,41,21,1,63,0,92,16,7,115,0,133,37,8,178,28,0,28,206
03/31/2005,HUM,LA,ASW,CE,Federal Contract Tower,0,54,17,0,71,0,64,6,0,70,0,118,23,0,141,18,0,18,159
04/01/2005,HUM,LA,ASW,CE,Federal Contract Tower,0,3,14,2,19,0,50,30,4,84,0,53,44,6,103,20,2,22,125
04/02/2005,HUM,LA,ASW,CE,Federal Contract Tower,0,0,7,0,7,0,75,26,2,103,0,75,33,2,110,34,0,34,144
04/03/2005,HUM,LA,ASW,CE,Federal Contract Tower,0,6,11,0,17,0,90,29,0,119,0,96,40,0,136,48,0,48,184
04/04/2005,HUM,LA,ASW,CE,Federal Contract Tower,0,0,4,0,4,0,133,74,0,207,0,133,78,0,211,14,0,14,225
04/05/2005,HUM,LA,ASW,CE,Federal Contract Tower,0,0,12,7,19,0,144,54,1,199,0,144,66,8,218,8,16,24,242
04/06/2005,HUM,LA,ASW,CE,Federal Contract Tower,0,21,0,0,21,0,87,0,0,87,0,108,0,0,108,0,0,0,108
04/07/2005,HUM,LA,ASW,CE,Federal Contract Tower,0,0,0,0,0,0,145,30,2,177,0,145,30,2,177,4,0,4,181
04/08/2005,HUM,LA,ASW,CE,Federal Contract Tower,0,0,0,0,0,0,115,5,0,120,0,115,5,0,120,0,0,0,120
04/09/2005,HUM,LA,ASW,CE,Federal Contract Tower,0,0,0,0,0,0,76,4,0,80,0,76,4,0,80,0,0,0,80
04/10/2005,HUM,LA,ASW,CE,Federal Contract Tower,0,0,0,0,0,0,97,4,0,101,0,97,4,0,101,2,0,2,103
04/11/2005,HUM,LA,ASW,CE,Federal Contract Tower,0,0,0,0,0,0,93,2,0,95,0,93,2,0,95,0,0,0,95
04/12/2005,HUM,LA,ASW,CE,Federal Contract Tower,0,0,0,0,0,0,131,20,0,151,0,131,20,0,151,2,0,2,153
04/13/2005,HUM,LA,ASW,CE,Federal Contract Tower,0,0,0,0,0,0,166,33,0,199,0,166,33,0,199,4,0,4,203
04/14/2005,HUM,LA,ASW,CE,Federal Contract Tower,0,0,0,0,0,0,168,21,0,189,0,168,21,0,189,20,0,20,209
04/15/2005,HUM,LA,ASW,CE,Federal Contract Tower,0,0,0,0,0,0,98,21,0,119,0,98,21,0,119,14,0,14,133
04/16/2005,HUM,LA,ASW,CE,Federal Contract Tower,0,0,0,0,0,0,76,6,0,82,0,76,6,0,82,16,0,16,98
04/17/2005,HUM,LA,ASW,CE,Federal Contract Tower,0,0,0,0,0,0,80,4,0,84,0,80,4,0,84,0,0,0,84
04/18/2005,HUM,LA,ASW,CE,Federal Contract Tower,0,0,0,0,0,0,132,14,0,146,0,132,14,0,146,52,0,52,198
04/19/2005,HUM,LA,ASW,CE,Federal Contract Tower,0,0,0,0,0,0,153,19,0,172,0,153,19,0,172,0,0,0,172
04/20/2005,HUM,LA,ASW,CE,Federal Contract Tower,0,0,0,0,0,0,151,25,0,176,0,151,25,0,176,0,0,0,176
04/21/2005,HUM,LA,ASW,CE,Federal Contract Tower,0,11,1,0,12,0,140,38,0,178,0,151,39,0,190,92,0,92,282
04/22/2005,HUM,LA,ASW,CE,Federal Contract Tower,0,0,0,0,0,0,140,35,0,175,0,140,35,0,175,2,0,2,177
04/23/2005,HUM,LA,ASW,CE,Federal Contract Tower,0,0,0,0,0,0,65,17,0,82,0,65,17,0,82,4,0,4,86
04/24/2005,HUM,LA,ASW,CE,Federal Contract Tower,0,0,0,0,0,0,73,14,0,87,0,73,14,0,87,0,0,0,87
04/25/2005,HUM,LA,ASW,CE,Federal Contract Tower,0,1,0,0,1,0,92,19,0,111,0,93,19,0,112,16,0,16,128
04/26/2005,HUM,LA,ASW,CE,Federal Contract Tower,0,0,0,0,0,0,125,8,3,136,0,125,8,3,136,6,0,6,142
04/27/2005,HUM,LA,ASW,CE,Federal Contract Tower,0,0,0,0,0,0,180,22,0,202,0,180,22,0,202,0,0,0,202
04/28/2005,HUM,LA,ASW,CE,Federal Contract Tower,0,0,0,0,0,0,141,27,4,172,0,141,27,4,172,10,0,10,182
04/29/2005,HUM,LA,ASW,CE,Federal Contract Tower,0,0,0,0,0,0,99,20,3,122,0,99,20,3,122,4,0,4,126
04/30/2005,HUM,LA,ASW,CE,Federal Contract Tower,0,6,0,0,6,0,37,0,0,37,0,43,0,0,43,0,0,0,43
05/01/2005,HUM,LA,ASW,CE,Federal Contract Tower,0,0,0,0,0,0,86,4,0,90,0,86,4,0,90,24,0,24,114
05/02/2005,HUM,LA,ASW,CE,Federal Contract Tower,0,0,0,0,0,0,122,21,0,143,0,122,21,0,143,36,0,36,179
05/03/2005,HUM,LA,ASW,CE,Federal Contract Tower,0,0,0,0,0,0,122,21,0,143,0,122,21,0,143,16,0,16,159
05/04/2005,HUM,LA,ASW,CE,Federal Contract Tower,0,0,2,2,4,0,159,52,0,211,0,159,54,2,215,38,2,40,255
05/05/2005,HUM,LA,ASW,CE,Federal Contract Tower,0,4,4,0,8,0,160,45,0,205,0,164,49,0,213,30,0,30,243
05/06/2005,HUM,LA,ASW,CE,Federal Contract Tower,0,0,7,0,7,0,111,58,0,169,0,111,65,0,176,32,0,32,208
05/07/2005,HUM,LA,ASW,CE,Federal Contract Tower,0,11,0,0,11,0,82,23,0,105,0,93,23,0,116,80,0,80,196
05/08/2005,HUM,LA,ASW,CE,Federal Contract Tower,0,0,5,0,5,0,75,26,0,101,0,75,31,0,106,36,0,36,142
05/09/2005,HUM,LA,ASW,CE,Federal Contract Tower,0,0,3,0,3,0,134,29,0,163,0,134,32,0,166,22,0,22,188
05/10/2005,HUM,LA,ASW,CE,Federal Contract Tower,0,2,14,2,18,0,135,56,0,191,0,137,70,2,209,24,2,26,235
05/11/2005,HUM,LA,ASW,CE,Federal Contract Tower,0,1,9,0,10,0,153,44,0,197,0,154,53,0,207,26,0,26,233
05/12/2005,HUM,LA,ASW,CE,Federal Contract Tower,0,1,8,2,11,0,129,69,0,198,0,130,77,2,209,32,2,34,243
05/13/2005,HUM,LA,ASW,CE,Federal Contract Tower,0,0,13,2,15,0,94,62,4,160,0,94,75,6,175,0,0,0,175
05/14/2005,HUM,LA,ASW,CE,Federal Contract Tower,0,0,6,0,6,0,64,20,0,84,0,64,26,0,90,18,0,18,108
05/15/2005,HUM,LA,ASW,CE,Federal Contract Tower,0,19,16,0,35,0,53,16,0,69,0,72,32,0,104,18,0,18,122
05/16/2005,HUM,LA,ASW,CE,Federal Contract Tower,0,0,10,0,10,0,122,64,2,188,0,122,74,2,198,20,0,20,218
05/17/2005,HUM,LA,ASW,CE,Federal Contract Tower,0,0,15,0,15,0,130,58,4,192,0,130,73,4,207,56,0,56,263
05/18/2005,HUM,LA,ASW,CE,Federal Contract Tower,0,3,5,0,8,0,185,53,0,238,0,188,58,0,246,52,0,52,298
05/19/2005,HUM,LA,ASW,CE,Federal Contract Tower,0,0,15,0,15,0,173,56,0,229,0,173,71,0,244,46,0,46,290
05/20/2005,HUM,LA,ASW,CE,Federal Contract Tower,0,0,12,0,12,0,123,30,0,153,0,123,42,0,165,42,0,42,207
05/21/2005,HUM,LA,ASW,CE,Federal Contract Tower,0,0,3,0,3,0,93,24,0,117,0,93,27,0,120,94,0,94,214
05/22/2005,HUM,LA,ASW,CE,Federal Contract Tower,0,7,10,0,17,0,81,27,0,108,0,88,37,0,125,92,0,92,217
05/23/2005,HUM,LA,ASW,CE,Federal Contract Tower,0,1,10,0,11,0,121,51,0,172,0,122,61,0,183,48,0,48,231
05/24/2005,HUM,LA,ASW,CE,Federal Contract Tower,0,7,13,4,24,0,143,50,4,197,0,150,63,8,221,28,4,32,253
05/25/2005,HUM,LA,ASW,CE,Federal Contract Tower,0,0,5,0,5,0,127,44,0,171,0,127,49,0,176,22,0,22,198
05/26/2005,HUM,LA,ASW,CE,Federal Contract Tower,0,0,32,0,32,0,133,44,0,177,0,133,76,0,209,4,0,4,213
05/27/2005,HUM,LA,ASW,CE,Federal Contract Tower,0,1,15,0,16,0,94,44,0,138,0,95,59,0,154,2,0,2,156
05/28/2005,HUM,LA,ASW,CE,Federal Contract Tower,0,0,4,0,4,0,71,20,0,91,0,71,24,0,95,22,0,22,117
05/29/2005,HUM,LA,ASW,CE,Federal Contract Tower,0,0,7,0,7,0,61,26,2,89,0,61,33,2,96,18,0,18,114
05/30/2005,HUM,LA,ASW,CE,Federal Contract Tower,0,0,4,0,4,0,51,16,0,67,0,51,20,0,71,0,0,0,71
05/31/2005,HUM,LA,ASW,CE,Federal Contract Tower,0,0,14,0,14,0,118,26,0,144,0,118,40,0,158,6,0,6,164
06/01/2005,HUM,LA,ASW,CE,Federal Contract Tower,0,14,10,0,24,0,132,53,0,185,0,146,63,0,209,6,0,6,215
06/02/2005,HUM,LA,ASW,CE,Federal Contract Tower,0,0,12,2,14,0,140,61,0,201,0,140,73,2,215,24,2,26,241
06/03/2005,HUM,LA,ASW,CE,Federal Contract Tower,0,0,18,0,18,0,124,60,0,184,0,124,78,0,202,8,0,8,210
06/04/2005,HUM,LA,ASW,CE,Federal Contract Tower,0,0,7,0,7,0,79,23,2,104,0,79,30,2,111,4,0,4,115
06/05/2005,HUM,LA,ASW,CE,Federal Contract Tower,0,0,7,0,7,0,82,16,0,98,0,82,23,0,105,0,0,0,105
06/06/2005,HUM,LA,ASW,CE,Federal Contract Tower,0,0,8,0,8,0,117,31,0,148,0,117,39,0,156,0,0,0,156
06/07/2005,HUM,LA,ASW,CE,Federal Contract Tower,0,6,13,0,19,0,139,54,0,193,0,145,67,0,212,10,0,10,222
06/08/2005,HUM,LA,ASW,CE,Federal Contract Tower,0,0,13,0,13,0,138,47,0,185,0,138,60,0,198,46,0,46,244
06/09/2005,HUM,LA,ASW,CE,Federal Contract Tower,0,0,21,0,21,0,132,50,0,182,0,132,71,0,203,21,0,21,224
06/10/2005,HUM,LA,ASW,CE,Federal Contract Tower,0,7,11,0,18,0,108,28,2,138,0,115,39,2,156,10,0,10,166
06/11/2005,HUM,LA,ASW,CE,Federal Contract Tower,0,0,4,0,4,0,79,5,2,86,0,79,9,2,90,86,0,86,176
06/12/2005,HUM,LA,ASW,CE,Federal Contract Tower,0,2,4,0,6,0,113,27,0,140,0,115,31,0,146,14,0,14,160
06/13/2005,HUM,LA,ASW,CE,Federal Contract Tower,0,0,7,0,7,0,140,46,0,186,0,140,53,0,193,26,0,26,219
06/14/2005,HUM,LA,ASW,CE,Federal Contract Tower,0,0,11,0,11,0,131,53,4,188,0,131,64,4,199,2,0,2,201
06/15/2005,HUM,LA,ASW,CE,Federal Contract Tower,0,0,10,0,10,0,160,47,0,207,0,160,57,0,217,44,0,44,261
06/16/2005,HUM,LA,ASW,CE,Federal Contract Tower,0,0,21,0,21,0,148,52,0,200,0,148,73,0,221,10,0,10,231
06/17/2005,HUM,LA,ASW,CE,Federal Contract Tower,0,0,16,0,16,0,88,28,0,116,0,88,44,0,132,12,0,12,144
06/18/2005,HUM,LA,ASW,CE,Federal Contract Tower,0,3,5,0,8,0,61,17,0,78,0,64,22,0,86,6,0,6,92
06/19/2005,HUM,LA,ASW,CE,Federal Contract Tower,0,2,4,0,6,0,80,29,0,109,0,82,33,0,115,18,0,18,133
06/20/2005,HUM,LA,ASW,CE,Federal Contract Tower,0,0,11,0,11,0,136,50,2,188,0,136,61,2,199,14,0,14,213
06/21/2005,HUM,LA,ASW,CE,Federal Contract Tower,0,0,17,0,17,0,128,51,7,186,0,128,68,7,203,2,0,2,205
06/22/2005,HUM,LA,ASW,CE,Federal Contract Tower,0,0,9,0,9,0,149,37,0,186,0,149,46,0,195,96,0,96,291
06/23/2005,HUM,LA,ASW,CE,Federal Contract Tower,0,0,14,0,14,0,133,46,0,179,0,133,60,0,193,216,0,216,409
06/24/2005,HUM,LA,ASW,CE,Federal Contract Tower,0,0,17,0,17,0,98,45,0,143,0,98,62,0,160,108,0,108,268
06/25/2005,HUM,LA,ASW,CE,Federal Contract Tower,0,16,8,0,24,0,51,18,0,69,0,67,26,0,93,192,0,192,285
06/26/2005,HUM,LA,ASW,CE,Federal Contract Tower,0,9,0,0,9,0,84,48,0,132,0,93,48,0,141,56,0,56,197
06/27/2005,HUM,LA,ASW,CE,Federal Contract Tower,0,0,11,0,11,0,140,48,11,199,0,140,59,11,210,14,0,14,224
06/28/2005,HUM,LA,ASW,CE,Federal Contract Tower,0,3,8,1,12,0,127,43,12,182,0,130,51,13,194,36,0,36,230
06/29/2005,HUM,LA,ASW,CE,Federal Contract Tower,0,4,18,0,22,0,166,38,5,209,0,170,56,5,231,18,0,18,249
06/30/2005,HUM,LA,ASW,CE,Federal Contract Tower,0,0,12,0,12,0,149,27,28,204,0,149,39,28,216,8,0,8,224
07/01/2005,HUM,LA,ASW,CE,Federal Contract Tower,0,3,7,0,10,0,115,29,2,146,0,118,36,2,156,34,0,34,190
07/02/2005,HUM,LA,ASW,CE,Federal Contract Tower,0,1,9,0,10,0,71,14,0,85,0,72,23,0,95,24,0,24,119
07/03/2005,HUM,LA,ASW,CE,Federal Contract Tower,0,0,3,0,3,0,89,14,0,103,0,89,17,0,106,30,0,30,136
07/04/2005,HUM,LA,ASW,CE,Federal Contract Tower,0,0,3,0,3,0,71,36,0,107,0,71,39,0,110,28,0,28,138
07/05/2005,HUM,LA,ASW,CE,Federal Contract Tower,0,1,3,0,4,0,88,22,0,110,0,89,25,0,114,2,0,2,116
07/06/2005,HUM,LA,ASW,CE,Federal Contract Tower,0,0,7,0,7,0,180,70,0,250,0,180,77,0,257,48,0,48,305
07/07/2005,HUM,LA,ASW,CE,Federal Contract Tower,0,0,15,0,15,0,163,68,2,233,0,163,83,2,248,66,10,76,324
07/08/2005,HUM,LA,ASW,CE,Federal Contract Tower,0,0,7,0,7,0,203,46,0,249,0,203,53,0,256,6,0,6,262
07/09/2005,HUM,LA,ASW,CE,Federal Contract Tower,0,0,6,0,6,0,177,14,0,191,0,177,20,0,197,82,0,82,279
07/10/2005,HUM,LA,ASW,CE,Federal Contract Tower,0,1,5,0,6,0,83,12,0,95,0,84,17,0,101,0,0,0,101
07/11/2005,HUM,LA,ASW,CE,Federal Contract Tower,0,4,7,0,11,0,238,74,0,312,0,242,81,0,323,38,0,38,361
07/12/2005,HUM,LA,ASW,CE,Federal Contract Tower,0,0,12,0,12,0,152,51,6,209,0,152,63,6,221,54,0,54,275
07/13/2005,HUM,LA,ASW,CE,Federal Contract Tower,0,0,13,0,13,0,186,49,0,235,0,186,62,0,248,74,0,74,322
07/14/2005,HUM,LA,ASW,CE,Federal Contract Tower,0,1,19,0,20,0,153,28,0,181,0,154,47,0,201,18,0,18,219
07/15/2005,HUM,LA,ASW,CE,Federal Contract Tower,0,0,2,0,2,0,115,33,0,148,0,115,35,0,150,14,0,14,164
07/16/2005,HUM,LA,ASW,CE,Federal Contract Tower,0,0,7,0,7,0,97,15,0,112,0,97,22,0,119,20,0,20,139
07/17/2005,HUM,LA,ASW,CE,Federal Contract Tower,0,0,9,0,9,0,94,27,0,121,0,94,36,0,130,56,0,56,186
07/18/2005,HUM,LA,ASW,CE,Federal Contract Tower,0,0,10,0,10,0,134,48,0,182,0,134,58,0,192,86,0,86,278
07/19/2005,HUM,LA,ASW,CE,Federal Contract Tower,0,0,13,0,13,0,126,58,4,188,0,126,71,4,201,80,0,80,281
07/20/2005,HUM,LA,ASW,CE,Federal Contract Tower,0,0,10,0,10,0,126,54,0,180,0,126,64,0,190,36,0,36,226
07/21/2005,HUM,LA,ASW,CE,Federal Contract Tower,0,0,7,0,7,0,137,53,4,194,0,137,60,4,201,4,0,4,205
07/22/2005,HUM,LA,ASW,CE,Federal Contract Tower,0,0,11,0,11,0,98,51,0,149,0,98,62,0,160,64,0,64,224
07/23/2005,HUM,LA,ASW,CE,Federal Contract Tower,0,0,4,0,4,0,56,23,0,79,0,56,27,0,83,40,0,40,123
07/24/2005,HUM,LA,ASW,CE,Federal Contract Tower,0,0,6,0,6,0,70,30,0,100,0,70,36,0,106,14,0,14,120
07/25/2005,HUM,LA,ASW,CE,Federal Contract Tower,0,3,9,0,12,0,123,48,6,177,0,126,57,6,189,28,6,34,223
07/26/2005,HUM,LA,ASW,CE,Federal Contract Tower,0,0,8,0,8,0,116,66,3,185,0,116,74,3,193,46,0,46,239
07/27/2005,HUM,LA,ASW,CE,Federal Contract Tower,0,0,8,0,8,0,123,61,0,184,0,123,69,0,192,4,0,4,196
07/28/2005,HUM,LA,ASW,CE,Federal Contract Tower,0,4,21,0,25,0,157,44,0,201,0,161,65,0,226,72,0,72,298
07/29/2005,HUM,LA,ASW,CE,Federal Contract Tower,0,0,8,0,8,0,131,57,0,188,0,131,65,0,196,58,0,58,254
07/30/2005,HUM,LA,ASW,CE,Federal Contract Tower,0,0,4,0,4,0,67,12,0,79,0,67,16,0,83,126,0,126,209
07/31/2005,HUM,LA,ASW,CE,Federal Contract Tower,0,1,8,0,9,0,95,16,0,111,0,96,24,0,120,54,0,54,174
08/01/2005,HUM,LA,ASW,CE,Federal Contract Tower,0,0,3,0,3,0,137,58,0,195,0,137,61,0,198,50,0,50,248
08/02/2005,HUM,LA,ASW,CE,Federal Contract Tower,0,0,6,0,6,0,124,51,6,181,0,124,57,6,187,38,0,38,225
08/03/2005,HUM,LA,ASW,CE,Federal Contract Tower,0,0,5,0,5,0,133,48,0,181,0,133,53,0,186,26,0,26,212
08/04/2005,HUM,LA,ASW,CE,Federal Contract Tower,0,0,12,0,12,0,120,42,0,162,0,120,54,0,174,26,0,26,200
08/05/2005,HUM,LA,ASW,CE,Federal Contract Tower,0,0,7,0,7,0,74,49,0,123,0,74,56,0,130,52,0,52,182
08/06/2005,HUM,LA,ASW,CE,Federal Contract Tower,0,0,2,0,2,0,62,18,0,80,0,62,20,0,82,22,0,22,104
08/07/2005,HUM,LA,ASW,CE,Federal Contract Tower,0,0,8,2,10,0,82,39,2,123,0,82,47,4,133,48,0,48,181
08/08/2005,HUM,LA,ASW,CE,Federal Contract Tower,0,1,8,0,9,0,124,60,0,184,0,125,68,0,193,94,0,94,287
08/09/2005,HUM,LA,ASW,CE,Federal Contract Tower,0,0,2,0,2,0,117,69,2,188,0,117,71,2,190,20,0,20,210
08/10/2005,HUM,LA,ASW,CE,Federal Contract Tower,0,0,6,2,8,0,117,75,2,194,0,117,81,4,202,8,0,8,210
08/11/2005,HUM,LA,ASW,CE,Federal Contract Tower,0,0,6,0,6,0,118,52,0,170,0,118,58,0,176,48,0,48,224
08/12/2005,HUM,LA,ASW,CE,Federal Contract Tower,0,0,9,2,11,0,111,41,0,152,0,111,50,2,163,10,0,10,173
08/13/2005,HUM,LA,ASW,CE,Federal Contract Tower,0,0,5,0,5,0,85,23,6,114,0,85,28,6,119,82,0,82,201
08/14/2005,HUM,LA,ASW,CE,Federal Contract Tower,0,0,5,0,5,0,79,40,0,119,0,79,45,0,124,118,0,118,242
08/15/2005,HUM,LA,ASW,CE,Federal Contract Tower,0,0,8,0,8,0,143,41,0,184,0,143,49,0,192,20,0,20,212
08/16/2005,HUM,LA,ASW,CE,Federal Contract Tower,0,1,7,0,8,0,115,49,0,164,0,116,56,0,172,116,0,116,288
08/17/2005,HUM,LA,ASW,CE,Federal Contract Tower,0,0,13,0,13,0,120,63,0,183,0,120,76,0,196,82,0,82,278
08/18/2005,HUM,LA,ASW,CE,Federal Contract Tower,0,0,9,0,9,0,133,72,0,205,0,133,81,0,214,50,0,50,264
08/19/2005,HUM,LA,ASW,CE,Federal Contract Tower,0,0,7,2,9,0,82,50,2,134,0,82,57,4,143,62,0,62,205
08/20/2005,HUM,LA,ASW,CE,Federal Contract Tower,0,0,0,0,0,0,95,42,0,137,0,95,42,0,137,18,0,18,155
08/21/2005,HUM,LA,ASW,CE,Federal Contract Tower,0,1,10,0,11,0,78,30,0,108,0,79,40,0,119,56,0,56,175
08/22/2005,HUM,LA,ASW,CE,Federal Contract Tower,0,0,8,0,8,0,107,47,0,154,0,107,55,0,162,90,0,90,252
08/23/2005,HUM,LA,ASW,CE,Federal Contract Tower,0,0,6,0,6,0,124,57,0,181,0,124,63,0,187,68,0,68,255
08/24/2005,HUM,LA,ASW,CE,Federal Contract Tower,0,1,9,0,10,0,141,70,2,213,0,142,79,2,223,4,0,4,227
08/25/2005,HUM,LA,ASW,CE,Federal Contract Tower,0,0,9,4,13,0,143,50,0,193,0,143,59,4,206,54,0,54,260
08/26/2005,HUM,LA,ASW,CE,Federal Contract Tower,0,0,16,0,16,0,142,58,0,200,0,142,74,0,216,92,0,92,308
08/27/2005,HUM,LA,ASW,CE,Federal Contract Tower,0,0,15,0,15,0,211,22,0,233,0,211,37,0,248,38,0,38,286
08/28/2005,HUM,LA,ASW,CE,Federal Contract Tower,0,0,4,0,4,0,29,5,0,34,0,29,9,0,38,0,0,0,38
08/29/2005,HUM,LA,ASW,CE,Federal Contract Tower,0,0,0,0,0,0,0,0,0,0,0,0,0,0,0,0,0,0,0
08/30/2005,HUM,LA,ASW,CE,Federal Contract Tower,0,0,0,0,0,0,287,24,0,311,0,287,24,0,311,0,0,0,311
08/31/2005,HUM,LA,ASW,CE,Federal Contract Tower,0,0,0,0,0,0,691,132,2,825,0,691,132,2,825,0,0,0,825
09/01/2005,HUM,LA,ASW,CE,Federal Contract Tower,0,1,1,0,2,0,526,144,0,670,0,527,145,0,672,0,0,0,672
09/02/2005,HUM,LA,ASW,CE,Federal Contract Tower,0,10,8,0,18,0,527,164,2,693,0,537,172,2,711,0,0,0,711
09/03/2005,HUM,LA,ASW,CE,Federal Contract Tower,0,0,0,0,0,0,496,186,2,684,0,496,186,2,684,0,0,0,684
09/04/2005,HUM,LA,ASW,CE,Federal Contract Tower,0,0,0,0,0,0,354,148,10,512,0,354,148,10,512,0,0,0,512
09/05/2005,HUM,LA,ASW,CE,Federal Contract Tower,0,0,0,0,0,0,302,103,6,411,0,302,103,6,411,0,0,0,411
09/06/2005,HUM,LA,ASW,CE,Federal Contract Tower,0,0,0,0,0,0,350,167,4,521,0,350,167,4,521,10,0,10,531
09/07/2005,HUM,LA,ASW,CE,Federal Contract Tower,0,0,0,0,0,0,383,171,2,556,0,383,171,2,556,12,0,12,568
09/08/2005,HUM,LA,ASW,CE,Federal Contract Tower,0,0,19,0,19,0,377,162,2,541,0,377,181,2,560,12,0,12,572
09/09/2005,HUM,LA,ASW,CE,Federal Contract Tower,0,0,21,0,21,0,303,123,0,426,0,303,144,0,447,24,0,24,471
09/10/2005,HUM,LA,ASW,CE,Federal Contract Tower,0,0,29,0,29,0,234,62,0,296,0,234,91,0,325,2,0,2,327
09/11/2005,HUM,LA,ASW,CE,Federal Contract Tower,0,2,21,0,23,0,254,85,4,343,0,256,106,4,366,78,0,78,444
09/12/2005,HUM,LA,ASW,CE,Federal Contract Tower,0,3,27,1,31,0,343,156,5,504,0,346,183,6,535,24,0,24,559
09/13/2005,HUM,LA,ASW,CE,Federal Contract Tower,0,4,25,0,29,0,380,157,4,541,0,384,182,4,570,28,0,28,598
09/14/2005,HUM,LA,ASW,CE,Federal Contract Tower,0,2,24,0,26,0,367,131,2,500,0,369,155,2,526,0,0,0,526
09/15/2005,HUM,LA,ASW,CE,Federal Contract Tower,0,0,37,0,37,0,345,137,2,484,0,345,174,2,521,30,0,30,551
09/16/2005,HUM,LA,ASW,CE,Federal Contract Tower,0,0,28,0,28,0,276,154,2,432,0,276,182,2,460,90,0,90,550
09/17/2005,HUM,LA,ASW,CE,Federal Contract Tower,0,4,30,0,34,0,208,77,0,285,0,212,107,0,319,14,0,14,333
09/18/2005,HUM,LA,ASW,CE,Federal Contract Tower,0,0,10,0,10,0,225,65,3,293,0,225,75,3,303,22,0,22,325
09/19/2005,HUM,LA,ASW,CE,Federal Contract Tower,0,1,14,4,19,0,382,104,0,486,0,383,118,4,505,38,0,38,543
09/20/2005,HUM,LA,ASW,CE,Federal Contract Tower,0,0,16,0,16,0,325,121,0,446,0,325,137,0,462,40,0,40,502
09/21/2005,HUM,LA,ASW,CE,Federal Contract Tower,0,0,8,0,8,0,142,79,2,223,0,142,87,2,231,2,0,2,233
09/22/2005,HUM,LA,ASW,CE,Federal Contract Tower,0,0,14,0,14,0,58,48,8,114,0,58,62,8,128,2,0,2,130
09/23/2005,HUM,LA,ASW,CE,Federal Contract Tower,0,0,0,0,0,0,2,1,12,15,0,2,1,12,15,0,0,0,15
09/24/2005,HUM,LA,ASW,CE,Federal Contract Tower,0,0,2,0,2,0,8,11,24,43,0,8,13,24,45,0,0,0,45
09/25/2005,HUM,LA,ASW,CE,Federal Contract Tower,0,0,2,0,2,0,275,54,23,352,0,275,56,23,354,0,0,0,354
09/26/2005,HUM,LA,ASW,CE,Federal Contract Tower,0,2,10,2,14,0,449,416,113,978,0,451,426,115,992,0,0,0,992
09/27/2005,HUM,LA,ASW,CE,Federal Contract Tower,0,2,11,1,14,0,409,513,115,1037,0,411,524,116,1051,4,0,4,1055
09/28/2005,HUM,LA,ASW,CE,Federal Contract Tower,0,1,17,0,18,0,415,621,105,1141,0,416,638,105,1159,32,4,36,1195
09/29/2005,HUM,LA,ASW,CE,Federal Contract Tower,0,0,17,0,17,0,295,357,113,765,0,295,374,113,782,12,2,14,796
09/30/2005,HUM,LA,ASW,CE,Federal Contract Tower,0,30,33,2,65,0,315,393,0,708,0,345,426,2,773,14,0,14,787
10/01/2005,HUM,LA,ASW,CE,Federal Contract Tower,0,0,5,0,5,0,162,28,2,192,0,162,33,2,197,8,0,8,205
10/02/2005,HUM,LA,ASW,CE,Federal Contract Tower,0,0,2,0,2,0,208,118,25,351,0,208,120,25,353,154,0,154,507
10/03/2005,HUM,LA,ASW,CE,Federal Contract Tower,0,2,16,0,18,0,304,220,4,528,0,306,236,4,546,8,0,8,554
10/04/2005,HUM,LA,ASW,CE,Federal Contract Tower,0,0,13,0,13,0,345,316,15,676,0,345,329,15,689,40,0,40,729
10/05/2005,HUM,LA,ASW,CE,Federal Contract Tower,0,1,20,0,21,0,345,181,7,533,0,346,201,7,554,86,0,86,640
10/06/2005,HUM,LA,ASW,CE,Federal Contract Tower,0,3,10,0,13,0,337,82,6,425,0,340,92,6,438,16,0,16,454
10/07/2005,HUM,LA,ASW,CE,Federal Contract Tower,0,0,9,0,9,0,280,42,13,335,0,280,51,13,344,16,0,16,360
10/08/2005,HUM,LA,ASW,CE,Federal Contract Tower,0,0,8,0,8,0,226,56,1,283,0,226,64,1,291,62,0,62,353
10/09/2005,HUM,LA,ASW,CE,Federal Contract Tower,0,1,6,0,7,0,178,44,2,224,0,179,50,2,231,62,0,62,293
10/10/2005,HUM,LA,ASW,CE,Federal Contract Tower,0,0,10,0,10,0,254,60,15,329,0,254,70,15,339,102,0,102,441
10/11/2005,HUM,LA,ASW,CE,Federal Contract Tower,0,1,13,0,14,0,302,49,12,363,0,303,62,12,377,6,0,6,383
10/12/2005,HUM,LA,ASW,CE,Federal Contract Tower,0,0,11,0,11,0,330,61,6,397,0,330,72,6,408,74,0,74,482
10/13/2005,HUM,LA,ASW,CE,Federal Contract Tower,0,0,10,1,11,0,302,78,25,405,0,302,88,26,416,116,0,116,532
10/14/2005,HUM,LA,ASW,CE,Federal Contract Tower,0,21,18,0,39,0,239,65,11,315,0,260,83,11,354,76,0,76,430
10/15/2005,HUM,LA,ASW,CE,Federal Contract Tower,0,2,6,2,10,0,162,34,2,198,0,164,40,4,208,54,8,62,270
10/16/2005,HUM,LA,ASW,CE,Federal Contract Tower,0,1,3,0,4,0,225,43,2,270,0,226,46,2,274,40,0,40,314
10/17/2005,HUM,LA,ASW,CE,Federal Contract Tower,0,0,7,0,7,0,227,36,6,269,0,227,43,6,276,44,0,44,320
10/18/2005,HUM,LA,ASW,CE,Federal Contract Tower,0,0,16,0,16,0,341,65,1,407,0,341,81,1,423,72,0,72,495
10/19/2005,HUM,LA,ASW,CE,Federal Contract Tower,0,2,19,0,21,0,310,68,3,381,0,312,87,3,402,105,0,105,507
10/20/2005,HUM,LA,ASW,CE,Federal Contract Tower,0,15,14,0,29,0,297,47,1,345,0,312,61,1,374,30,0,30,404
10/21/2005,HUM,LA,ASW,CE,Federal Contract Tower,0,14,15,0,29,0,243,33,0,276,0,257,48,0,305,18,0,18,323
10/22/2005,HUM,LA,ASW,CE,Federal Contract Tower,0,0,3,0,3,0,209,29,0,238,0,209,32,0,241,30,0,30,271
10/23/2005,HUM,LA,ASW,CE,Federal Contract Tower,0,0,5,0,5,0,154,35,0,189,0,154,40,0,194,22,0,22,216
10/24/2005,HUM,LA,ASW,CE,Federal Contract Tower,0,0,8,0,8,0,217,48,0,265,0,217,56,0,273,84,0,84,357
10/25/2005,HUM,LA,ASW,CE,Federal Contract Tower,0,0,14,0,14,0,321,37,0,358,0,321,51,0,372,60,0,60,432
10/26/2005,HUM,LA,ASW,CE,Federal Contract Tower,0,2,14,0,16,0,309,4,0,313,0,311,18,0,329,90,0,90,419
10/27/2005,HUM,LA,ASW,CE,Federal Contract Tower,0,37,20,0,57,0,252,60,0,312,0,289,80,0,369,132,0,132,501
10/28/2005,HUM,LA,ASW,CE,Federal Contract Tower,0,0,15,0,15,0,272,63,4,339,0,272,78,4,354,94,0,94,448
10/29/2005,HUM,LA,ASW,CE,Federal Contract Tower,0,3,7,0,10,0,181,30,0,211,0,184,37,0,221,18,0,18,239
10/30/2005,HUM,LA,ASW,CE,Federal Contract Tower,0,2,8,0,10,0,142,40,0,182,0,144,48,0,192,14,0,14,206
10/31/2005,HUM,LA,ASW,CE,Federal Contract Tower,0,1,8,0,9,0,231,57,0,288,0,232,65,0,297,130,0,130,427
11/01/2005,HUM,LA,ASW,CE,Federal Contract Tower,0,2,12,0,14,0,233,28,0,261,0,235,40,0,275,22,0,22,297
11/02/2005,HUM,LA,ASW,CE,Federal Contract Tower,0,2,12,0,14,0,287,62,4,353,0,289,74,4,367,50,0,50,417
11/03/2005,HUM,LA,ASW,CE,Federal Contract Tower,0,0,15,0,15,0,275,72,0,347,0,275,87,0,362,80,0,80,442
11/04/2005,HUM,LA,ASW,CE,Federal Contract Tower,0,4,20,0,24,0,224,35,2,261,0,228,55,2,285,78,0,78,363
11/05/2005,HUM,LA,ASW,CE,Federal Contract Tower,0,2,21,0,23,0,150,20,0,170,0,152,41,0,193,100,0,100,293
11/06/2005,HUM,LA,ASW,CE,Federal Contract Tower,0,0,13,0,13,0,146,25,0,171,0,146,38,0,184,2,0,2,186
11/07/2005,HUM,LA,ASW,CE,Federal Contract Tower,0,0,15,0,15,0,187,40,0,227,0,187,55,0,242,6,0,6,248
11/08/2005,HUM,LA,ASW,CE,Federal Contract Tower,0,29,19,1,49,0,179,31,3,213,0,208,50,4,262,54,0,54,316
11/09/2005,HUM,LA,ASW,CE,Federal Contract Tower,0,27,17,0,44,0,200,31,0,231,0,227,48,0,275,48,0,48,323
11/10/2005,HUM,LA,ASW,CE,Federal Contract Tower,0,5,12,0,17,0,271,66,0,337,0,276,78,0,354,142,0,142,496
11/11/2005,HUM,LA,ASW,CE,Federal Contract Tower,0,2,9,0,11,0,220,52,0,272,0,222,61,0,283,52,0,52,335
11/12/2005,HUM,LA,ASW,CE,Federal Contract Tower,0,0,8,0,8,0,158,62,0,220,0,158,70,0,228,70,0,70,298
11/13/2005,HUM,LA,ASW,CE,Federal Contract Tower,0,4,9,0,13,0,177,26,4,207,0,181,35,4,220,32,0,32,252
11/14/2005,HUM,LA,ASW,CE,Federal Contract Tower,0,3,17,0,20,0,191,30,0,221,0,194,47,0,241,24,0,24,265
11/15/2005,HUM,LA,ASW,CE,Federal Contract Tower,0,1,5,2,8,0,240,49,4,293,0,241,54,6,301,142,8,150,451
11/16/2005,HUM,LA,ASW,CE,Federal Contract Tower,0,0,14,0,14,0,214,41,0,255,0,214,55,0,269,54,0,54,323
11/17/2005,HUM,LA,ASW,CE,Federal Contract Tower,0,0,14,0,14,0,255,40,2,297,0,255,54,2,311,60,6,66,377
11/18/2005,HUM,LA,ASW,CE,Federal Contract Tower,0,0,10,0,10,0,238,58,2,298,0,238,68,2,308,72,0,72,380
11/19/2005,HUM,LA,ASW,CE,Federal Contract Tower,0,0,12,0,12,0,179,43,0,222,0,179,55,0,234,20,2,22,256
11/20/2005,HUM,LA,ASW,CE,Federal Contract Tower,0,0,14,0,14,0,172,25,0,197,0,172,39,0,211,2,0,2,213
11/21/2005,HUM,LA,ASW,CE,Federal Contract Tower,0,0,8,0,8,0,218,43,0,261,0,218,51,0,269,0,0,0,269
11/22/2005,HUM,LA,ASW,CE,Federal Contract Tower,0,2,2,0,4,0,290,53,4,347,0,292,55,4,351,60,0,60,411
11/23/2005,HUM,LA,ASW,CE,Federal Contract Tower,0,0,16,0,16,0,192,54,0,246,0,192,70,0,262,104,0,104,366
11/24/2005,HUM,LA,ASW,CE,Federal Contract Tower,0,1,3,0,4,0,150,10,0,160,0,151,13,0,164,10,0,10,174
11/25/2005,HUM,LA,ASW,CE,Federal Contract Tower,0,0,8,0,8,0,133,34,0,167,0,133,42,0,175,88,0,88,263
11/26/2005,HUM,LA,ASW,CE,Federal Contract Tower,0,3,2,0,5,0,142,35,0,177,0,145,37,0,182,96,0,96,278
11/27/2005,HUM,LA,ASW,CE,Federal Contract Tower,0,3,13,0,16,0,159,26,0,185,0,162,39,0,201,54,0,54,255
11/28/2005,HUM,LA,ASW,CE,Federal Contract Tower,0,0,7,0,7,0,255,41,0,296,0,255,48,0,303,98,0,98,401
11/29/2005,HUM,LA,ASW,CE,Federal Contract Tower,0,0,16,1,17,0,300,68,7,375,0,300,84,8,392,70,2,72,464
11/30/2005,HUM,LA,ASW,CE,Federal Contract Tower,0,0,12,0,12,0,318,85,0,403,0,318,97,0,415,56,0,56,471
12/01/2005,HUM,LA,ASW,CE,Federal Contract Tower,0,0,8,0,8,0,327,88,0,415,0,327,96,0,423,60,0,60,483
12/02/2005,HUM,LA,ASW,CE,Federal Contract Tower,0,2,17,0,19,0,226,54,4,284,0,228,71,4,303,14,0,14,317
12/03/2005,HUM,LA,ASW,CE,Federal Contract Tower,0,1,9,0,10,0,143,22,0,165,0,144,31,0,175,34,0,34,209
12/04/2005,HUM,LA,ASW,CE,Federal Contract Tower,0,1,10,0,11,0,187,32,0,219,0,188,42,0,230,18,0,18,248
12/05/2005,HUM,LA,ASW,CE,Federal Contract Tower,0,49,26,0,75,0,82,17,0,99,0,131,43,0,174,0,0,0,174
12/06/2005,HUM,LA,ASW,CE,Federal Contract Tower,0,1,7,0,8,0,273,63,0,336,0,274,70,0,344,64,0,64,408
12/07/2005,HUM,LA,ASW,CE,Federal Contract Tower,0,1,14,0,15,0,212,32,0,244,0,213,46,0,259,24,0,24,283
12/08/2005,HUM,LA,ASW,CE,Federal Contract Tower,0,39,18,0,57,0,134,28,0,162,0,173,46,0,219,0,0,0,219
12/09/2005,HUM,LA,ASW,CE,Federal Contract Tower,0,0,2,1,3,0,248,23,1,272,0,248,25,2,275,12,0,12,287
12/10/2005,HUM,LA,ASW,CE,Federal Contract Tower,0,0,4,0,4,0,180,46,0,226,0,180,50,0,230,88,0,88,318
12/11/2005,HUM,LA,ASW,CE,Federal Contract Tower,0,0,7,0,7,0,156,26,0,182,0,156,33,0,189,68,0,68,257
12/12/2005,HUM,LA,ASW,CE,Federal Contract Tower,0,0,14,0,14,0,249,69,0,318,0,249,83,0,332,98,0,98,430
12/13/2005,HUM,LA,ASW,CE,Federal Contract Tower,0,1,18,0,19,0,264,89,0,353,0,265,107,0,372,94,0,94,466
12/14/2005,HUM,LA,ASW,CE,Federal Contract Tower,0,0,4,2,6,0,259,52,0,311,0,259,56,2,317,20,0,20,337
12/15/2005,HUM,LA,ASW,CE,Federal Contract Tower,0,0,9,2,11,0,257,54,0,311,0,257,63,2,322,84,4,88,410
12/16/2005,HUM,LA,ASW,CE,Federal Contract Tower,0,4,17,0,21,0,188,39,0,227,0,192,56,0,248,46,0,46,294
12/17/2005,HUM,LA,ASW,CE,Federal Contract Tower,0,5,3,0,8,0,76,9,0,85,0,81,12,0,93,0,0,0,93
12/18/2005,HUM,LA,ASW,CE,Federal Contract Tower,0,13,3,0,16,0,176,39,0,215,0,189,42,0,231,34,0,34,265
12/19/2005,HUM,LA,ASW,CE,Federal Contract Tower,0,1,7,0,8,0,257,93,0,350,0,258,100,0,358,182,0,182,540
12/20/2005,HUM,LA,ASW,CE,Federal Contract Tower,0,0,11,0,11,0,259,69,4,332,0,259,80,4,343,20,0,20,363
12/21/2005,HUM,LA,ASW,CE,Federal Contract Tower,0,6,14,0,20,0,280,72,0,352,0,286,86,0,372,64,0,64,436
12/22/2005,HUM,LA,ASW,CE,Federal Contract Tower,0,1,9,0,10,0,237,73,0,310,0,238,82,0,320,50,0,50,370
12/23/2005,HUM,LA,ASW,CE,Federal Contract Tower,0,4,3,0,7,0,191,68,0,259,0,195,71,0,266,62,0,62,328
12/24/2005,HUM,LA,ASW,CE,Federal Contract Tower,0,4,9,0,13,0,104,12,0,116,0,108,21,0,129,16,0,16,145
12/25/2005,HUM,LA,ASW,CE,Federal Contract Tower,0,0,0,0,0,0,127,9,0,136,0,127,9,0,136,12,0,12,148
12/26/2005,HUM,LA,ASW,CE,Federal Contract Tower,0,3,7,0,10,0,197,67,1,265,0,200,74,1,275,58,0,58,333
12/27/2005,HUM,LA,ASW,CE,Federal Contract Tower,0,0,2,0,2,0,254,41,4,299,0,254,43,4,301,26,0,26,327
12/28/2005,HUM,LA,ASW,CE,Federal Contract Tower,0,62,9,0,71,0,224,43,0,267,0,286,52,0,338,4,0,4,342
12/29/2005,HUM,LA,ASW,CE,Federal Contract Tower,0,1,16,0,17,0,268,86,0,354,0,269,102,0,371,104,0,104,475
12/30/2005,HUM,LA,ASW,CE,Federal Contract Tower,0,8,16,0,24,0,223,41,0,264,0,231,57,0,288,100,0,100,388
12/31/2005,HUM,LA,ASW,CE,Federal Contract Tower,0,27,30,0,57,0,90,9,0,99,0,117,39,0,156,44,0,44,200
01/01/2006,HUM,LA,ASW,CE,Federal Contract Tower,0,3,6,0,9,0,78,11,4,93,0,81,17,4,102,4,0,4,106
01/02/2006,HUM,LA,ASW,CE,Federal Contract Tower,0,50,31,0,81,0,114,26,0,140,0,164,57,0,221,64,0,64,285
01/03/2006,HUM,LA,ASW,CE,Federal Contract Tower,0,8,7,0,15,0,271,57,0,328,0,279,64,0,343,44,0,44,387
01/04/2006,HUM,LA,ASW,CE,Federal Contract Tower,0,18,14,0,32,0,272,41,0,313,0,290,55,0,345,90,0,90,435
01/05/2006,HUM,LA,ASW,CE,Federal Contract Tower,0,11,8,0,19,0,277,56,4,337,0,288,64,4,356,88,0,88,444
01/06/2006,HUM,LA,ASW,CE,Federal Contract Tower,0,3,12,0,15,0,192,54,8,254,0,195,66,8,269,16,0,16,285
01/07/2006,HUM,LA,ASW,CE,Federal Contract Tower,0,4,6,0,10,0,143,47,0,190,0,147,53,0,200,110,0,110,310
01/08/2006,HUM,LA,ASW,CE,Federal Contract Tower,0,3,7,0,10,0,128,18,4,150,0,131,25,4,160,70,0,70,230
01/09/2006,HUM,LA,ASW,CE,Federal Contract Tower,0,0,8,0,8,0,256,72,0,328,0,256,80,0,336,50,0,50,386
01/10/2006,HUM,LA,ASW,CE,Federal Contract Tower,0,5,9,0,14,0,234,48,0,282,0,239,57,0,296,38,0,38,334
01/11/2006,HUM,LA,ASW,CE,Federal Contract Tower,0,11,23,0,34,0,302,83,2,387,0,313,106,2,421,24,24,48,469
01/12/2006,HUM,LA,ASW,CE,Federal Contract Tower,0,25,15,0,40,0,97,20,1,118,0,122,35,1,158,72,0,72,230
01/13/2006,HUM,LA,ASW,CE,Federal Contract Tower,0,0,11,0,11,0,234,21,0,255,0,234,32,0,266,28,0,28,294
01/14/2006,HUM,LA,ASW,CE,Federal Contract Tower,0,2,15,0,17,0,160,40,0,200,0,162,55,0,217,56,0,56,273
01/15/2006,HUM,LA,ASW,CE,Federal Contract Tower,0,8,8,0,16,0,116,31,0,147,0,124,39,0,163,58,0,58,221
01/16/2006,HUM,LA,ASW,CE,Federal Contract Tower,0,0,17,0,17,0,200,41,0,241,0,200,58,0,258,62,0,62,320
01/17/2006,HUM,LA,ASW,CE,Federal Contract Tower,0,21,6,0,27,0,152,26,0,178,0,173,32,0,205,14,0,14,219
01/18/2006,HUM,LA,ASW,CE,Federal Contract Tower,0,1,14,0,15,0,296,68,0,364,0,297,82,0,379,52,0,52,431
01/19/2006,HUM,LA,ASW,CE,Federal Contract Tower,0,3,10,0,13,0,360,59,0,419,0,363,69,0,432,110,0,110,542
01/20/2006,HUM,LA,ASW,CE,Federal Contract Tower,0,21,20,0,41,0,161,22,0,183,0,182,42,0,224,86,0,86,310
01/21/2006,HUM,LA,ASW,CE,Federal Contract Tower,0,25,14,0,39,0,59,7,0,66,0,84,21,0,105,0,0,0,105
01/22/2006,HUM,LA,ASW,CE,Federal Contract Tower,0,44,15,0,59,0,30,2,0,32,0,74,17,0,91,4,0,4,95
01/23/2006,HUM,LA,ASW,CE,Federal Contract Tower,0,40,7,0,47,0,94,11,0,105,0,134,18,0,152,14,0,14,166
01/24/2006,HUM,LA,ASW,CE,Federal Contract Tower,0,33,27,0,60,0,160,52,0,212,0,193,79,0,272,32,0,32,304
01/25/2006,HUM,LA,ASW,CE,Federal Contract Tower,0,0,15,0,15,0,289,52,0,341,0,289,67,0,356,126,0,126,482
01/26/2006,HUM,LA,ASW,CE,Federal Contract Tower,0,0,11,0,11,0,260,58,0,318,0,260,69,0,329,128,0,128,457
01/27/2006,HUM,LA,ASW,CE,Federal Contract Tower,0,0,17,4,21,0,210,69,2,281,0,210,86,6,302,56,2,58,360
01/28/2006,HUM,LA,ASW,CE,Federal Contract Tower,0,4,3,0,7,0,106,11,4,121,0,110,14,4,128,24,0,24,152
01/29/2006,HUM,LA,ASW,CE,Federal Contract Tower,0,5,16,0,21,0,86,30,0,116,0,91,46,0,137,66,0,66,203
01/30/2006,HUM,LA,ASW,CE,Federal Contract Tower,0,10,18,0,28,0,117,40,4,161,0,127,58,4,189,58,0,58,247
01/31/2006,HUM,LA,ASW,CE,Federal Contract Tower,0,1,10,0,11,0,253,61,4,318,0,254,71,4,329,110,0,110,439
02/01/2006,HUM,LA,ASW,CE,Federal Contract Tower,0,1,7,0,8,0,255,31,0,286,0,256,38,0,294,98,0,98,392
02/02/2006,HUM,LA,ASW,CE,Federal Contract Tower,0,41,25,0,66,0,186,36,0,222,0,227,61,0,288,64,0,64,352
02/03/2006,HUM,LA,ASW,CE,Federal Contract Tower,0,5,24,0,29,0,205,37,4,246,0,210,61,4,275,12,0,12,287
02/04/2006,HUM,LA,ASW,CE,Federal Contract Tower,0,3,2,0,5,0,171,32,2,205,0,174,34,2,210,80,0,80,290
02/05/2006,HUM,LA,ASW,CE,Federal Contract Tower,0,0,9,0,9,0,112,57,0,169,0,112,66,0,178,46,0,46,224
02/06/2006,HUM,LA,ASW,CE,Federal Contract Tower,0,1,8,0,9,0,202,45,0,247,0,203,53,0,256,12,0,12,268
02/07/2006,HUM,LA,ASW,CE,Federal Contract Tower,0,0,7,0,7,0,253,65,0,318,0,253,72,0,325,92,0,92,417
02/08/2006,HUM,LA,ASW,CE,Federal Contract Tower,0,0,24,0,24,0,226,85,0,311,0,226,109,0,335,92,0,92,427
02/09/2006,HUM,LA,ASW,CE,Federal Contract Tower,0,4,15,0,19,0,250,62,0,312,0,254,77,0,331,58,0,58,389
02/10/2006,HUM,LA,ASW,CE,Federal Contract Tower,0,3,9,0,12,0,207,20,0,227,0,210,29,0,239,58,0,58,297
02/11/2006,HUM,LA,ASW,CE,Federal Contract Tower,0,0,0,0,0,0,68,17,0,85,0,68,17,0,85,60,0,60,145
02/12/2006,HUM,LA,ASW,CE,Federal Contract Tower,0,1,7,0,8,0,124,38,0,162,0,125,45,0,170,30,0,30,200
02/13/2006,HUM,LA,ASW,CE,Federal Contract Tower,0,0,15,0,15,0,211,64,0,275,0,211,79,0,290,96,0,96,386
02/14/2006,HUM,LA,ASW,CE,Federal Contract Tower,0,0,15,0,15,0,263,63,2,328,0,263,78,2,343,170,0,170,513
02/15/2006,HUM,LA,ASW,CE,Federal Contract Tower,0,1,22,0,23,0,245,54,4,303,0,246,76,4,326,64,2,66,392
02/16/2006,HUM,LA,ASW,CE,Federal Contract Tower,0,0,18,0,18,0,298,38,2,338,0,298,56,2,356,48,12,60,416
02/17/2006,HUM,LA,ASW,CE,Federal Contract Tower,0,19,8,0,27,0,137,22,0,159,0,156,30,0,186,64,0,64,250
02/18/2006,HUM,LA,ASW,CE,Federal Contract Tower,0,40,5,0,45,0,5,0,0,5,0,45,5,0,50,10,0,10,60
02/19/2006,HUM,LA,ASW,CE,Federal Contract Tower,0,43,15,0,58,0,89,19,0,108,0,132,34,0,166,42,0,42,208
02/20/2006,HUM,LA,ASW,CE,Federal Contract Tower,0,63,14,0,77,0,39,10,0,49,0,102,24,0,126,28,0,28,154
02/21/2006,HUM,LA,ASW,CE,Federal Contract Tower,0,30,14,0,44,0,89,27,0,116,0,119,41,0,160,94,0,94,254
02/22/2006,HUM,LA,ASW,CE,Federal Contract Tower,0,11,12,0,23,0,233,47,0,280,0,244,59,0,303,59,0,59,362
02/23/2006,HUM,LA,ASW,CE,Federal Contract Tower,0,48,20,0,68,0,142,29,0,171,0,190,49,0,239,10,0,10,249
02/24/2006,HUM,LA,ASW,CE,Federal Contract Tower,0,7,12,0,19,0,216,46,3,265,0,223,58,3,284,24,28,52,336
02/25/2006,HUM,LA,ASW,CE,Federal Contract Tower,0,15,4,0,19,0,94,3,0,97,0,109,7,0,116,34,0,34,150
02/26/2006,HUM,LA,ASW,CE,Federal Contract Tower,0,5,11,0,16,0,111,43,0,154,0,116,54,0,170,86,0,86,256
02/27/2006,HUM,LA,ASW,CE,Federal Contract Tower,0,0,7,0,7,0,213,100,0,313,0,213,107,0,320,98,0,98,418
02/28/2006,HUM,LA,ASW,CE,Federal Contract Tower,0,1,9,0,10,0,206,69,0,275,0,207,78,0,285,100,0,100,385
03/01/2006,HUM,LA,ASW,CE,Federal Contract Tower,0,2,16,0,18,0,258,76,0,334,0,260,92,0,352,92,0,92,444
03/02/2006,HUM,LA,ASW,CE,Federal Contract Tower,0,1,16,0,17,0,258,62,0,320,0,259,78,0,337,34,0,34,371
03/03/2006,HUM,LA,ASW,CE,Federal Contract Tower,0,1,19,0,20,0,229,42,0,271,0,230,61,0,291,90,0,90,381
03/04/2006,HUM,LA,ASW,CE,Federal Contract Tower,0,1,6,0,7,0,160,34,0,194,0,161,40,0,201,36,0,36,237
03/05/2006,HUM,LA,ASW,CE,Federal Contract Tower,0,2,9,1,12,0,129,29,5,163,0,131,38,6,175,110,0,110,285
03/06/2006,HUM,LA,ASW,CE,Federal Contract Tower,0,24,10,0,34,0,215,23,0,238,0,239,33,0,272,138,0,138,410
03/07/2006,HUM,LA,ASW,CE,Federal Contract Tower,0,0,14,0,14,0,238,64,0,302,0,238,78,0,316,66,0,66,382
03/08/2006,HUM,LA,ASW,CE,Federal Contract Tower,0,1,11,0,12,0,235,27,4,266,0,236,38,4,278,2,0,2,280
03/09/2006,HUM,LA,ASW,CE,Federal Contract Tower,0,0,10,0,10,0,174,9,4,187,0,174,19,4,197,2,0,2,199
03/10/2006,HUM,LA,ASW,CE,Federal Contract Tower,0,15,18,0,33,0,145,37,0,182,0,160,55,0,215,38,0,38,253
03/11/2006,HUM,LA,ASW,CE,Federal Contract Tower,0,22,12,4,38,0,126,7,0,133,0,148,19,4,171,50,20,70,241
03/12/2006,HUM,LA,ASW,CE,Federal Contract Tower,0,24,16,0,40,0,125,19,0,144,0,149,35,0,184,88,0,88,272
03/13/2006,HUM,LA,ASW,CE,Federal Contract Tower,0,5,8,0,13,0,187,23,0,210,0,192,31,0,223,34,0,34,257
03/14/2006,HUM,LA,ASW,CE,Federal Contract Tower,0,2,10,0,12,0,211,59,2,272,0,213,69,2,284,50,0,50,334
03/15/2006,HUM,LA,ASW,CE,Federal Contract Tower,0,1,12,0,13,0,265,54,0,319,0,266,66,0,332,104,0,104,436
03/16/2006,HUM,LA,ASW,CE,Federal Contract Tower,0,1,17,0,18,0,265,55,0,320,0,266,72,0,338,84,0,84,422
03/17/2006,HUM,LA,ASW,CE,Federal Contract Tower,0,22,17,0,39,0,131,23,0,154,0,153,40,0,193,44,0,44,237
03/18/2006,HUM,LA,ASW,CE,Federal Contract Tower,0,1,5,0,6,0,167,32,0,199,0,168,37,0,205,40,0,40,245
03/19/2006,HUM,LA,ASW,CE,Federal Contract Tower,0,1,8,0,9,0,107,33,0,140,0,108,41,0,149,86,0,86,235
03/20/2006,HUM,LA,ASW,CE,Federal Contract Tower,0,2,14,0,16,0,168,13,0,181,0,170,27,0,197,10,0,10,207
03/21/2006,HUM,LA,ASW,CE,Federal Contract Tower,0,0,17,0,17,0,228,83,4,315,0,228,100,4,332,108,0,108,440
03/22/2006,HUM,LA,ASW,CE,Federal Contract Tower,0,1,18,2,21,0,229,63,0,292,0,230,81,2,313,46,0,46,359
03/23/2006,HUM,LA,ASW,CE,Federal Contract Tower,0,2,10,0,12,0,231,62,0,293,0,233,72,0,305,108,0,108,413
03/24/2006,HUM,LA,ASW,CE,Federal Contract Tower,0,1,15,2,18,0,229,53,0,282,0,230,68,2,300,94,0,94,394
03/25/2006,HUM,LA,ASW,CE,Federal Contract Tower,0,4,14,0,18,0,146,46,0,192,0,150,60,0,210,136,0,136,346
03/26/2006,HUM,LA,ASW,CE,Federal Contract Tower,0,2,14,8,24,0,102,44,0,146,0,104,58,8,170,140,0,140,310
03/27/2006,HUM,LA,ASW,CE,Federal Contract Tower,0,2,6,0,8,0,216,53,0,269,0,218,59,0,277,64,0,64,341
03/28/2006,HUM,LA,ASW,CE,Federal Contract Tower,0,2,13,0,15,0,244,54,0,298,0,246,67,0,313,98,0,98,411
03/29/2006,HUM,LA,ASW,CE,Federal Contract Tower,0,1,17,2,20,0,263,67,4,334,0,264,84,6,354,42,0,42,396
03/30/2006,HUM,LA,ASW,CE,Federal Contract Tower,0,5,26,2,33,0,243,52,2,297,0,248,78,4,330,66,0,66,396
03/31/2006,HUM,LA,ASW,CE,Federal Contract Tower,0,2,15,0,17,0,176,43,2,221,0,178,58,2,238,42,0,42,280
04/01/2006,HUM,LA,ASW,CE,Federal Contract Tower,0,6,6,0,12,0,108,22,0,130,0,114,28,0,142,26,0,26,168
04/02/2006,HUM,LA,ASW,CE,Federal Contract Tower,0,8,14,0,22,0,149,22,0,171,0,157,36,0,193,70,0,70,263
04/03/2006,HUM,LA,ASW,CE,Federal Contract Tower,0,4,14,0,18,0,198,32,0,230,0,202,46,0,248,72,0,72,320
04/04/2006,HUM,LA,ASW,CE,Federal Contract Tower,0,0,14,0,14,0,239,73,0,312,0,239,87,0,326,50,0,50,376
04/05/2006,HUM,LA,ASW,CE,Federal Contract Tower,0,8,13,0,21,0,233,46,0,279,0,241,59,0,300,48,0,48,348
04/06/2006,HUM,LA,ASW,CE,Federal Contract Tower,0,1,21,0,22,0,182,41,4,227,0,183,62,4,249,108,0,108,357
04/07/2006,HUM,LA,ASW,CE,Federal Contract Tower,0,6,14,0,20,0,234,33,0,267,0,240,47,0,287,18,0,18,305
04/08/2006,HUM,LA,ASW,CE,Federal Contract Tower,0,5,7,0,12,0,162,30,0,192,0,167,37,0,204,118,0,118,322
04/09/2006,HUM,LA,ASW,CE,Federal Contract Tower,0,5,9,0,14,0,109,60,0,169,0,114,69,0,183,74,0,74,257
04/10/2006,HUM,LA,ASW,CE,Federal Contract Tower,0,1,18,0,19,0,228,70,2,300,0,229,88,2,319,118,0,118,437
04/11/2006,HUM,LA,ASW,CE,Federal Contract Tower,0,3,13,0,16,0,259,93,3,355,0,262,106,3,371,52,0,52,423
04/12/2006,HUM,LA,ASW,CE,Federal Contract Tower,0,3,25,10,38,0,269,41,0,310,0,272,66,10,348,50,0,50,398
04/13/2006,HUM,LA,ASW,CE,Federal Contract Tower,0,12,7,0,19,0,205,73,0,278,0,217,80,0,297,72,0,72,369
04/14/2006,HUM,LA,ASW,CE,Federal Contract Tower,0,18,10,0,28,0,203,50,2,255,0,221,60,2,283,110,0,110,393
04/15/2006,HUM,LA,ASW,CE,Federal Contract Tower,0,1,10,0,11,0,157,36,0,193,0,158,46,0,204,78,0,78,282
04/16/2006,HUM,LA,ASW,CE,Federal Contract Tower,0,1,4,0,5,0,102,32,0,134,0,103,36,0,139,68,0,68,207
04/17/2006,HUM,LA,ASW,CE,Federal Contract Tower,0,10,5,0,15,0,236,67,0,303,0,246,72,0,318,92,0,92,410
04/18/2006,HUM,LA,ASW,CE,Federal Contract Tower,0,6,21,0,27,0,248,75,2,325,0,254,96,2,352,50,0,50,402
04/19/2006,HUM,LA,ASW,CE,Federal Contract Tower,0,6,16,2,24,0,235,67,0,302,0,241,83,2,326,74,0,74,400
04/20/2006,HUM,LA,ASW,CE,Federal Contract Tower,0,8,14,0,22,0,254,96,0,350,0,262,110,0,372,68,0,68,440
04/21/2006,HUM,LA,ASW,CE,Federal Contract Tower,0,3,5,0,8,0,212,34,0,246,0,215,39,0,254,20,0,20,274
04/22/2006,HUM,LA,ASW,CE,Federal Contract Tower,0,2,6,2,10,0,145,63,2,210,0,147,69,4,220,92,6,98,318
04/23/2006,HUM,LA,ASW,CE,Federal Contract Tower,0,4,13,0,17,0,130,46,0,176,0,134,59,0,193,52,0,52,245
04/24/2006,HUM,LA,ASW,CE,Federal Contract Tower,0,6,12,0,18,0,227,64,4,295,0,233,76,4,313,58,0,58,371
04/25/2006,HUM,LA,ASW,CE,Federal Contract Tower,0,12,13,0,25,0,246,72,0,318,0,258,85,0,343,54,0,54,397
04/26/2006,HUM,LA,ASW,CE,Federal Contract Tower,0,4,15,0,19,0,143,21,0,164,0,147,36,0,183,0,0,0,183
04/27/2006,HUM,LA,ASW,CE,Federal Contract Tower,0,8,24,0,32,0,244,78,0,322,0,252,102,0,354,12,0,12,366
04/28/2006,HUM,LA,ASW,CE,Federal Contract Tower,0,0,19,2,21,0,261,95,6,362,0,261,114,8,383,74,0,74,457
04/29/2006,HUM,LA,ASW,CE,Federal Contract Tower,0,1,5,0,6,0,114,3,0,117,0,115,8,0,123,8,0,8,131
04/30/2006,HUM,LA,ASW,CE,Federal Contract Tower,0,2,16,0,18,0,253,28,0,281,0,255,44,0,299,50,0,50,349
05/01/2006,HUM,LA,ASW,CE,Federal Contract Tower,0,20,12,0,32,0,197,72,2,271,0,217,84,2,303,90,0,90,393
05/02/2006,HUM,LA,ASW,CE,Federal Contract Tower,0,2,15,0,17,0,227,80,2,309,0,229,95,2,326,24,0,24,350
05/03/2006,HUM,LA,ASW,CE,Federal Contract Tower,0,2,18,0,20,0,225,76,0,301,0,227,94,0,321,18,0,18,339
05/04/2006,HUM,LA,ASW,CE,Federal Contract Tower,0,0,24,3,27,0,229,59,1,289,0,229,83,4,316,32,10,42,358
05/05/2006,HUM,LA,ASW,CE,Federal Contract Tower,0,6,16,1,23,0,170,27,1,198,0,176,43,2,221,6,0,6,227
05/06/2006,HUM,LA,ASW,CE,Federal Contract Tower,0,6,4,0,10,0,133,19,0,152,0,139,23,0,162,36,0,36,198
05/07/2006,HUM,LA,ASW,CE,Federal Contract Tower,0,0,23,0,23,0,131,23,0,154,0,131,46,0,177,80,0,80,257
05/08/2006,HUM,LA,ASW,CE,Federal Contract Tower,0,34,14,0,48,0,196,54,0,250,0,230,68,0,298,18,0,18,316
05/09/2006,HUM,LA,ASW,CE,Federal Contract Tower,0,9,28,0,37,0,246,55,0,301,0,255,83,0,338,4,0,4,342
05/10/2006,HUM,LA,ASW,CE,Federal Contract Tower,0,16,15,0,31,0,185,32,2,219,0,201,47,2,250,0,0,0,250
05/11/2006,HUM,LA,ASW,CE,Federal Contract Tower,0,6,10,0,16,0,184,80,0,264,0,190,90,0,280,56,0,56,336
05/12/2006,HUM,LA,ASW,CE,Federal Contract Tower,0,0,18,0,18,0,204,66,2,272,0,204,84,2,290,36,0,36,326
05/13/2006,HUM,LA,ASW,CE,Federal Contract Tower,0,6,8,1,15,0,127,40,1,168,0,133,48,2,183,50,0,50,233
05/14/2006,HUM,LA,ASW,CE,Federal Contract Tower,0,3,13,0,16,0,134,21,0,155,0,137,34,0,171,28,0,28,199
05/15/2006,HUM,LA,ASW,CE,Federal Contract Tower,0,0,13,0,13,0,267,77,0,344,0,267,90,0,357,54,0,54,411
05/16/2006,HUM,LA,ASW,CE,Federal Contract Tower,0,0,12,1,13,0,246,64,0,310,0,246,76,1,323,70,0,70,393
05/17/2006,HUM,LA,ASW,CE,Federal Contract Tower,0,0,25,0,25,0,247,75,7,329,0,247,100,7,354,46,0,46,400
05/18/2006,HUM,LA,ASW,CE,Federal Contract Tower,0,0,13,4,17,0,234,83,0,317,0,234,96,4,334,150,0,150,484
05/19/2006,HUM,LA,ASW,CE,Federal Contract Tower,0,2,19,6,27,0,220,75,3,298,0,222,94,9,325,134,12,146,471
05/20/2006,HUM,LA,ASW,CE,Federal Contract Tower,0,3,3,0,6,0,126,59,2,187,0,129,62,2,193,122,0,122,315
05/21/2006,HUM,LA,ASW,CE,Federal Contract Tower,0,0,12,0,12,0,140,57,0,197,0,140,69,0,209,74,0,74,283
05/22/2006,HUM,LA,ASW,CE,Federal Contract Tower,0,11,14,0,25,0,224,63,6,293,0,235,77,6,318,106,0,106,424
05/23/2006,HUM,LA,ASW,CE,Federal Contract Tower,0,11,16,6,33,0,245,80,4,329,0,256,96,10,362,80,0,80,442
05/24/2006,HUM,LA,ASW,CE,Federal Contract Tower,0,6,24,1,31,0,254,61,20,335,0,260,85,21,366,84,0,84,450
05/25/2006,HUM,LA,ASW,CE,Federal Contract Tower,0,2,12,0,14,0,221,67,10,298,0,223,79,10,312,108,0,108,420
05/26/2006,HUM,LA,ASW,CE,Federal Contract Tower,0,0,16,0,16,0,200,63,1,264,0,200,79,1,280,152,0,152,432
05/27/2006,HUM,LA,ASW,CE,Federal Contract Tower,0,9,7,0,16,0,106,23,0,129,0,115,30,0,145,168,0,168,313
05/28/2006,HUM,LA,ASW,CE,Federal Contract Tower,0,6,9,0,15,0,116,35,0,151,0,122,44,0,166,86,0,86,252
05/29/2006,HUM,LA,ASW,CE,Federal Contract Tower,0,1,13,0,14,0,175,39,2,216,0,176,52,2,230,158,0,158,388
05/30/2006,HUM,LA,ASW,CE,Federal Contract Tower,0,3,19,0,22,0,209,61,2,272,0,212,80,2,294,102,0,102,396
05/31/2006,HUM,LA,ASW,CE,Federal Contract Tower,0,0,19,0,19,0,243,72,2,317,0,243,91,2,336,48,0,48,384
06/01/2006,HUM,LA,ASW,CE,Federal Contract Tower,0,2,16,0,18,0,262,74,1,337,0,264,90,1,355,32,0,32,387
06/02/2006,HUM,LA,ASW,CE,Federal Contract Tower,0,7,27,0,34,0,187,55,0,242,0,194,82,0,276,18,0,18,294
06/03/2006,HUM,LA,ASW,CE,Federal Contract Tower,0,1,7,0,8,0,134,42,0,176,0,135,49,0,184,104,0,104,288
06/04/2006,HUM,LA,ASW,CE,Federal Contract Tower,0,4,13,0,17,0,138,104,0,242,0,142,117,0,259,128,0,128,387
06/05/2006,HUM,LA,ASW,CE,Federal Contract Tower,0,5,9,2,16,0,228,61,0,289,0,233,70,2,305,72,0,72,377
06/06/2006,HUM,LA,ASW,CE,Federal Contract Tower,0,4,13,2,19,0,289,84,4,377,0,293,97,6,396,40,6,46,442
06/07/2006,HUM,LA,ASW,CE,Federal Contract Tower,0,5,29,0,34,0,243,60,0,303,0,248,89,0,337,28,0,28,365
06/08/2006,HUM,LA,ASW,CE,Federal Contract Tower,0,8,28,0,36,0,259,77,0,336,0,267,105,0,372,30,0,30,402
06/09/2006,HUM,LA,ASW,CE,Federal Contract Tower,0,4,21,0,25,0,242,82,0,324,0,246,103,0,349,74,0,74,423
06/10/2006,HUM,LA,ASW,CE,Federal Contract Tower,0,20,13,0,33,0,98,33,0,131,0,118,46,0,164,114,0,114,278
06/11/2006,HUM,LA,ASW,CE,Federal Contract Tower,0,16,17,0,33,0,105,46,0,151,0,121,63,0,184,72,0,72,256
06/12/2006,HUM,LA,ASW,CE,Federal Contract Tower,0,3,4,0,7,0,229,61,0,290,0,232,65,0,297,20,0,20,317
06/13/2006,HUM,LA,ASW,CE,Federal Contract Tower,0,2,19,0,21,0,217,71,0,288,0,219,90,0,309,118,0,118,427
06/14/2006,HUM,LA,ASW,CE,Federal Contract Tower,0,2,18,0,20,0,257,67,0,324,0,259,85,0,344,38,0,38,382
06/15/2006,HUM,LA,ASW,CE,Federal Contract Tower,0,3,25,3,31,0,236,67,0,303,0,239,92,3,334,42,0,42,376
06/16/2006,HUM,LA,ASW,CE,Federal Contract Tower,0,2,13,0,15,0,205,32,0,237,0,207,45,0,252,44,0,44,296
06/17/2006,HUM,LA,ASW,CE,Federal Contract Tower,0,2,7,0,9,0,149,13,0,162,0,151,20,0,171,92,0,92,263
06/18/2006,HUM,LA,ASW,CE,Federal Contract Tower,0,4,14,0,18,0,112,16,0,128,0,116,30,0,146,36,0,36,182
06/19/2006,HUM,LA,ASW,CE,Federal Contract Tower,0,8,19,0,27,0,198,54,0,252,0,206,73,0,279,54,0,54,333
06/20/2006,HUM,LA,ASW,CE,Federal Contract Tower,0,8,17,2,27,0,270,59,0,329,0,278,76,2,356,8,12,20,376
06/21/2006,HUM,LA,ASW,CE,Federal Contract Tower,0,6,9,0,15,0,234,61,0,295,0,240,70,0,310,50,0,50,360
06/22/2006,HUM,LA,ASW,CE,Federal Contract Tower,0,2,19,2,23,0,180,58,0,238,0,182,77,2,261,72,8,80,341
06/23/2006,HUM,LA,ASW,CE,Federal Contract Tower,0,4,25,0,29,0,200,66,0,266,0,204,91,0,295,30,0,30,325
06/24/2006,HUM,LA,ASW,CE,Federal Contract Tower,0,2,3,1,6,0,140,25,1,166,0,142,28,2,172,62,8,70,242
06/25/2006,HUM,LA,ASW,CE,Federal Contract Tower,0,5,16,0,21,0,97,53,0,150,0,102,69,0,171,74,0,74,245
06/26/2006,HUM,LA,ASW,CE,Federal Contract Tower,0,0,11,0,11,0,263,53,0,316,0,263,64,0,327,46,0,46,373
06/27/2006,HUM,LA,ASW,CE,Federal Contract Tower,0,5,19,0,24,0,268,96,0,364,0,273,115,0,388,52,0,52,440
06/28/2006,HUM,LA,ASW,CE,Federal Contract Tower,0,1,26,3,30,0,302,54,1,357,0,303,80,4,387,20,12,32,419
06/29/2006,HUM,LA,ASW,CE,Federal Contract Tower,0,2,23,0,25,0,289,45,0,334,0,291,68,0,359,40,0,40,399
06/30/2006,HUM,LA,ASW,CE,Federal Contract Tower,0,6,28,0,34,0,197,51,0,248,0,203,79,0,282,58,0,58,340
07/01/2006,HUM,LA,ASW,CE,Federal Contract Tower,0,1,9,0,10,0,138,21,0,159,0,139,30,0,169,28,0,28,197
07/02/2006,HUM,LA,ASW,CE,Federal Contract Tower,0,8,12,0,20,0,107,33,0,140,0,115,45,0,160,10,0,10,170
07/03/2006,HUM,LA,ASW,CE,Federal Contract Tower,0,3,7,0,10,0,180,27,0,207,0,183,34,0,217,28,0,28,245
07/04/2006,HUM,LA,ASW,CE,Federal Contract Tower,0,3,2,0,5,0,180,34,0,214,0,183,36,0,219,6,0,6,225
07/05/2006,HUM,LA,ASW,CE,Federal Contract Tower,0,6,17,0,23,0,223,45,0,268,0,229,62,0,291,14,0,14,305
07/06/2006,HUM,LA,ASW,CE,Federal Contract Tower,0,7,26,0,33,0,201,42,0,243,0,208,68,0,276,10,0,10,286
07/07/2006,HUM,LA,ASW,CE,Federal Contract Tower,0,13,19,3,35,0,227,49,1,277,0,240,68,4,312,30,10,40,352
07/08/2006,HUM,LA,ASW,CE,Federal Contract Tower,0,20,13,0,33,0,138,39,0,177,0,158,52,0,210,40,0,40,250
07/09/2006,HUM,LA,ASW,CE,Federal Contract Tower,0,9,26,0,35,0,148,53,0,201,0,157,79,0,236,26,0,26,262
07/10/2006,HUM,LA,ASW,CE,Federal Contract Tower,0,1,10,0,11,0,219,67,10,296,0,220,77,10,307,24,0,24,331
07/11/2006,HUM,LA,ASW,CE,Federal Contract Tower,0,10,5,2,17,0,277,97,1,375,0,287,102,3,392,70,10,80,472
07/12/2006,HUM,LA,ASW,CE,Federal Contract Tower,0,4,14,0,18,0,277,90,0,367,0,281,104,0,385,110,0,110,495
07/13/2006,HUM,LA,ASW,CE,Federal Contract Tower,0,5,18,0,23,0,261,64,0,325,0,266,82,0,348,68,0,68,416
07/14/2006,HUM,LA,ASW,CE,Federal Contract Tower,0,4,26,0,30,0,214,65,0,279,0,218,91,0,309,138,0,138,447
07/15/2006,HUM,LA,ASW,CE,Federal Contract Tower,0,4,10,0,14,0,148,25,0,173,0,152,35,0,187,0,0,0,187
07/16/2006,HUM,LA,ASW,CE,Federal Contract Tower,0,13,15,0,28,0,148,29,0,177,0,161,44,0,205,66,0,66,271
07/17/2006,HUM,LA,ASW,CE,Federal Contract Tower,0,6,9,0,15,0,234,46,0,280,0,240,55,0,295,54,0,54,349
07/18/2006,HUM,LA,ASW,CE,Federal Contract Tower,0,11,14,0,25,0,273,61,0,334,0,284,75,0,359,60,0,60,419
07/19/2006,HUM,LA,ASW,CE,Federal Contract Tower,0,11,15,0,26,0,289,47,0,336,0,300,62,0,362,20,0,20,382
07/20/2006,HUM,LA,ASW,CE,Federal Contract Tower,0,7,15,0,22,0,257,58,0,315,0,264,73,0,337,32,0,32,369
07/21/2006,HUM,LA,ASW,CE,Federal Contract Tower,0,2,25,0,27,0,221,70,0,291,0,223,95,0,318,14,0,14,332
07/22/2006,HUM,LA,ASW,CE,Federal Contract Tower,0,6,6,0,12,0,134,26,0,160,0,140,32,0,172,72,0,72,244
07/23/2006,HUM,LA,ASW,CE,Federal Contract Tower,0,1,7,0,8,0,86,13,0,99,0,87,20,0,107,0,0,0,107
07/24/2006,HUM,LA,ASW,CE,Federal Contract Tower,0,0,5,0,5,0,212,46,0,258,0,212,51,0,263,92,0,92,355
07/25/2006,HUM,LA,ASW,CE,Federal Contract Tower,0,10,14,0,24,0,157,33,0,190,0,167,47,0,214,16,0,16,230
07/26/2006,HUM,LA,ASW,CE,Federal Contract Tower,0,0,13,0,13,0,275,31,0,306,0,275,44,0,319,120,0,120,439
07/27/2006,HUM,LA,ASW,CE,Federal Contract Tower,0,1,7,0,8,0,221,46,2,269,0,222,53,2,277,74,0,74,351
07/28/2006,HUM,LA,ASW,CE,Federal Contract Tower,0,0,11,0,11,0,207,53,2,262,0,207,64,2,273,166,6,172,445
07/29/2006,HUM,LA,ASW,CE,Federal Contract Tower,0,3,11,0,14,0,117,25,2,144,0,120,36,2,158,60,0,60,218
07/30/2006,HUM,LA,ASW,CE,Federal Contract Tower,0,7,6,0,13,0,165,19,0,184,0,172,25,0,197,102,0,102,299
07/31/2006,HUM,LA,ASW,CE,Federal Contract Tower,0,18,11,0,29,0,239,75,0,314,0,257,86,0,343,210,0,210,553
08/01/2006,HUM,LA,ASW,CE,Federal Contract Tower,0,6,4,0,10,0,251,76,2,329,0,257,80,2,339,92,0,92,431
08/02/2006,HUM,LA,ASW,CE,Federal Contract Tower,0,6,12,0,18,0,228,72,2,302,0,234,84,2,320,88,0,88,408
08/03/2006,HUM,LA,ASW,CE,Federal Contract Tower,0,6,5,0,11,0,220,68,0,288,0,226,73,0,299,70,0,70,369
08/04/2006,HUM,LA,ASW,CE,Federal Contract Tower,0,9,10,0,19,0,198,44,0,242,0,207,54,0,261,94,0,94,355
08/05/2006,HUM,LA,ASW,CE,Federal Contract Tower,0,6,9,0,15,0,119,20,0,139,0,125,29,0,154,74,0,74,228
08/06/2006,HUM,LA,ASW,CE,Federal Contract Tower,0,5,6,0,11,0,154,23,0,177,0,159,29,0,188,32,0,32,220
08/07/2006,HUM,LA,ASW,CE,Federal Contract Tower,0,5,8,0,13,0,212,64,0,276,0,217,72,0,289,114,0,114,403
08/08/2006,HUM,LA,ASW,CE,Federal Contract Tower,0,2,12,0,14,0,259,71,0,330,0,261,83,0,344,50,0,50,394
08/09/2006,HUM,LA,ASW,CE,Federal Contract Tower,0,8,11,0,19,0,220,66,0,286,0,228,77,0,305,62,0,62,367
08/10/2006,HUM,LA,ASW,CE,Federal Contract Tower,0,3,21,0,24,0,206,57,2,265,0,209,78,2,289,76,0,76,365
08/11/2006,HUM,LA,ASW,CE,Federal Contract Tower,0,4,22,0,26,0,180,61,0,241,0,184,83,0,267,70,0,70,337
08/12/2006,HUM,LA,ASW,CE,Federal Contract Tower,0,1,8,0,9,0,120,25,0,145,0,121,33,0,154,92,0,92,246
08/13/2006,HUM,LA,ASW,CE,Federal Contract Tower,0,0,16,0,16,0,109,16,0,125,0,109,32,0,141,16,0,16,157
08/14/2006,HUM,LA,ASW,CE,Federal Contract Tower,0,7,18,0,25,0,180,61,0,241,0,187,79,0,266,62,0,62,328
08/15/2006,HUM,LA,ASW,CE,Federal Contract Tower,0,12,4,0,16,0,209,77,0,286,0,221,81,0,302,100,0,100,402
08/16/2006,HUM,LA,ASW,CE,Federal Contract Tower,0,14,21,0,35,0,247,81,4,332,0,261,102,4,367,146,0,146,513
08/17/2006,HUM,LA,ASW,CE,Federal Contract Tower,0,16,23,0,39,0,207,83,2,292,0,223,106,2,331,122,0,122,453
08/18/2006,HUM,LA,ASW,CE,Federal Contract Tower,0,1,21,0,22,0,182,79,0,261,0,183,100,0,283,106,0,106,389
08/19/2006,HUM,LA,ASW,CE,Federal Contract Tower,0,7,7,0,14,0,162,58,0,220,0,169,65,0,234,136,0,136,370
08/20/2006,HUM,LA,ASW,CE,Federal Contract Tower,0,15,14,0,29,0,185,58,0,243,0,200,72,0,272,38,0,38,310
08/21/2006,HUM,LA,ASW,CE,Federal Contract Tower,0,9,8,0,17,0,198,51,0,249,0,207,59,0,266,14,0,14,280
08/22/2006,HUM,LA,ASW,CE,Federal Contract Tower,0,5,18,0,23,0,251,87,0,338,0,256,105,0,361,44,6,50,411
08/23/2006,HUM,LA,ASW,CE,Federal Contract Tower,0,3,12,0,15,0,226,60,0,286,0,229,72,0,301,10,0,10,311
08/24/2006,HUM,LA,ASW,CE,Federal Contract Tower,0,6,19,0,25,0,184,40,0,224,0,190,59,0,249,54,0,54,303
08/25/2006,HUM,LA,ASW,CE,Federal Contract Tower,0,12,18,2,32,0,222,57,0,279,0,234,75,2,311,44,0,44,355
08/26/2006,HUM,LA,ASW,CE,Federal Contract Tower,0,11,12,0,23,0,146,20,0,166,0,157,32,0,189,52,0,52,241
08/27/2006,HUM,LA,ASW,CE,Federal Contract Tower,0,7,13,0,20,0,185,25,0,210,0,192,38,0,230,48,0,48,278
08/28/2006,HUM,LA,ASW,CE,Federal Contract Tower,0,5,5,0,10,0,172,63,2,237,0,177,68,2,247,30,0,30,277
08/29/2006,HUM,LA,ASW,CE,Federal Contract Tower,0,1,30,4,35,0,249,69,0,318,0,250,99,4,353,12,0,12,365
08/30/2006,HUM,LA,ASW,CE,Federal Contract Tower,0,6,8,0,14,0,274,67,0,341,0,280,75,0,355,24,0,24,379
08/31/2006,HUM,LA,ASW,CE,Federal Contract Tower,0,2,15,0,17,0,230,86,2,318,0,232,101,2,335,100,0,100,435
09/01/2006,HUM,LA,ASW,CE,Federal Contract Tower,0,2,15,0,17,0,200,88,1,289,0,202,103,1,306,86,0,86,392
09/02/2006,HUM,LA,ASW,CE,Federal Contract Tower,0,0,8,0,8,0,149,29,0,178,0,149,37,0,186,94,0,94,280
09/03/2006,HUM,LA,ASW,CE,Federal Contract Tower,0,17,12,2,31,0,109,34,0,143,0,126,46,2,174,58,0,58,232
09/04/2006,HUM,LA,ASW,CE,Federal Contract Tower,0,3,8,0,11,0,181,85,0,266,0,184,93,0,277,90,0,90,367
09/05/2006,HUM,LA,ASW,CE,Federal Contract Tower,0,1,11,0,12,0,219,97,3,319,0,220,108,3,331,100,0,100,431
09/06/2006,HUM,LA,ASW,CE,Federal Contract Tower,0,0,22,0,22,0,230,72,0,302,0,230,94,0,324,88,2,90,414
09/07/2006,HUM,LA,ASW,CE,Federal Contract Tower,0,8,14,0,22,0,191,76,0,267,0,199,90,0,289,56,0,56,345
09/08/2006,HUM,LA,ASW,CE,Federal Contract Tower,0,8,16,2,26,0,218,84,0,302,0,226,100,2,328,100,0,100,428
09/09/2006,HUM,LA,ASW,CE,Federal Contract Tower,0,11,4,0,15,0,117,19,2,138,0,128,23,2,153,52,0,52,205
09/10/2006,HUM,LA,ASW,CE,Federal Contract Tower,0,5,9,0,14,0,106,36,0,142,0,111,45,0,156,38,0,38,194
09/11/2006,HUM,LA,ASW,CE,Federal Contract Tower,0,14,4,0,18,0,207,106,0,313,0,221,110,0,331,38,0,38,369
09/12/2006,HUM,LA,ASW,CE,Federal Contract Tower,0,15,11,0,26,0,216,66,0,282,0,231,77,0,308,68,0,68,376
09/13/2006,HUM,LA,ASW,CE,Federal Contract Tower,0,19,21,0,40,0,232,60,0,292,0,251,81,0,332,38,0,38,370
09/14/2006,HUM,LA,ASW,CE,Federal Contract Tower,0,13,11,0,24,0,207,77,0,284,0,220,88,0,308,156,0,156,464
09/15/2006,HUM,LA,ASW,CE,Federal Contract Tower,0,5,13,0,18,0,197,62,0,259,0,202,75,0,277,62,0,62,339
09/16/2006,HUM,LA,ASW,CE,Federal Contract Tower,0,10,6,0,16,0,136,33,0,169,0,146,39,0,185,60,0,60,245
09/17/2006,HUM,LA,ASW,CE,Federal Contract Tower,0,0,13,0,13,0,139,31,0,170,0,139,44,0,183,22,0,22,205
09/18/2006,HUM,LA,ASW,CE,Federal Contract Tower,0,6,9,2,17,0,200,32,1,233,0,206,41,3,250,34,6,40,290
09/19/2006,HUM,LA,ASW,CE,Federal Contract Tower,0,4,11,0,15,0,206,63,0,269,0,210,74,0,284,170,0,170,454
09/20/2006,HUM,LA,ASW,CE,Federal Contract Tower,0,0,18,0,18,0,194,79,2,275,0,194,97,2,293,40,0,40,333
09/21/2006,HUM,LA,ASW,CE,Federal Contract Tower,0,0,16,0,16,0,186,73,0,259,0,186,89,0,275,112,0,112,387
09/22/2006,HUM,LA,ASW,CE,Federal Contract Tower,0,4,12,0,16,0,158,43,4,205,0,162,55,4,221,98,4,102,323
09/23/2006,HUM,LA,ASW,CE,Federal Contract Tower,0,1,14,0,15,0,115,29,0,144,0,116,43,0,159,26,0,26,185
09/24/2006,HUM,LA,ASW,CE,Federal Contract Tower,0,1,14,0,15,0,127,20,0,147,0,128,34,0,162,20,0,20,182
09/25/2006,HUM,LA,ASW,CE,Federal Contract Tower,0,4,15,0,19,0,222,84,0,306,0,226,99,0,325,108,0,108,433
09/26/2006,HUM,LA,ASW,CE,Federal Contract Tower,0,0,10,0,10,0,226,95,9,330,0,226,105,9,340,106,4,110,450
09/27/2006,HUM,LA,ASW,CE,Federal Contract Tower,0,0,10,0,10,0,198,79,0,277,0,198,89,0,287,134,0,134,421
09/28/2006,HUM,LA,ASW,CE,Federal Contract Tower,0,0,26,0,26,0,242,53,0,295,0,242,79,0,321,142,0,142,463
09/29/2006,HUM,LA,ASW,CE,Federal Contract Tower,0,0,11,2,13,0,178,66,0,244,0,178,77,2,257,140,0,140,397
09/30/2006,HUM,LA,ASW,CE,Federal Contract Tower,0,0,11,0,11,0,107,33,0,140,0,107,44,0,151,130,0,130,281
10/01/2006,HUM,LA,ASW,CE,Federal Contract Tower,0,8,8,0,16,0,103,34,0,137,0,111,42,0,153,150,0,150,303
10/02/2006,HUM,LA,ASW,CE,Federal Contract Tower,0,3,16,0,19,0,202,95,0,297,0,205,111,0,316,98,0,98,414
10/03/2006,HUM,LA,ASW,CE,Federal Contract Tower,0,0,19,0,19,0,208,78,1,287,0,208,97,1,306,76,0,76,382
10/04/2006,HUM,LA,ASW,CE,Federal Contract Tower,0,0,25,0,25,0,214,82,0,296,0,214,107,0,321,50,0,50,371
10/05/2006,HUM,LA,ASW,CE,Federal Contract Tower,0,2,12,0,14,0,188,78,0,266,0,190,90,0,280,84,0,84,364
10/06/2006,HUM,LA,ASW,CE,Federal Contract Tower,0,2,17,0,19,0,204,77,0,281,0,206,94,0,300,34,0,34,334
10/07/2006,HUM,LA,ASW,CE,Federal Contract Tower,0,0,5,0,5,0,110,92,0,202,0,110,97,0,207,54,0,54,261
10/08/2006,HUM,LA,ASW,CE,Federal Contract Tower,0,5,6,0,11,0,126,41,0,167,0,131,47,0,178,50,0,50,228
10/09/2006,HUM,LA,ASW,CE,Federal Contract Tower,0,0,21,0,21,0,182,64,0,246,0,182,85,0,267,48,0,48,315
10/10/2006,HUM,LA,ASW,CE,Federal Contract Tower,0,2,10,0,12,0,221,97,3,321,0,223,107,3,333,104,0,104,437
10/11/2006,HUM,LA,ASW,CE,Federal Contract Tower,0,1,17,0,18,0,201,47,0,248,0,202,64,0,266,104,0,104,370
10/12/2006,HUM,LA,ASW,CE,Federal Contract Tower,0,0,14,0,14,0,210,75,0,285,0,210,89,0,299,54,0,54,353
10/13/2006,HUM,LA,ASW,CE,Federal Contract Tower,0,6,9,0,15,0,160,46,0,206,0,166,55,0,221,112,0,112,333
10/14/2006,HUM,LA,ASW,CE,Federal Contract Tower,0,0,11,6,17,0,145,41,1,187,0,145,52,7,204,110,0,110,314
10/15/2006,HUM,LA,ASW,CE,Federal Contract Tower,0,0,4,0,4,0,97,23,0,120,0,97,27,0,124,44,0,44,168
10/16/2006,HUM,LA,ASW,CE,Federal Contract Tower,0,1,11,0,12,0,91,5,0,96,0,92,16,0,108,14,0,14,122
10/17/2006,HUM,LA,ASW,CE,Federal Contract Tower,0,3,10,0,13,0,162,59,0,221,0,165,69,0,234,70,0,70,304
10/18/2006,HUM,LA,ASW,CE,Federal Contract Tower,0,22,26,0,48,0,141,35,0,176,0,163,61,0,224,14,0,14,238
10/19/2006,HUM,LA,ASW,CE,Federal Contract Tower,0,11,16,0,27,0,132,16,0,148,0,143,32,0,175,18,0,18,193
10/20/2006,HUM,LA,ASW,CE,Federal Contract Tower,0,4,29,0,33,0,193,58,0,251,0,197,87,0,284,40,0,40,324
10/21/2006,HUM,LA,ASW,CE,Federal Contract Tower,0,11,11,0,22,0,109,28,8,145,0,120,39,8,167,92,0,92,259
10/22/2006,HUM,LA,ASW,CE,Federal Contract Tower,0,20,19,0,39,0,94,35,0,129,0,114,54,0,168,46,0,46,214
10/23/2006,HUM,LA,ASW,CE,Federal Contract Tower,0,1,19,0,20,0,180,77,1,258,0,181,96,1,278,66,0,66,344
10/24/2006,HUM,LA,ASW,CE,Federal Contract Tower,0,7,16,0,23,0,234,94,4,332,0,241,110,4,355,110,0,110,465
10/25/2006,HUM,LA,ASW,CE,Federal Contract Tower,0,1,23,0,24,0,190,75,0,265,0,191,98,0,289,126,0,126,415
10/26/2006,HUM,LA,ASW,CE,Federal Contract Tower,0,0,15,0,15,0,185,50,0,235,0,185,65,0,250,140,0,140,390
10/27/2006,HUM,LA,ASW,CE,Federal Contract Tower,0,3,6,0,9,0,54,23,0,77,0,57,29,0,86,14,0,14,100
10/28/2006,HUM,LA,ASW,CE,Federal Contract Tower,0,11,6,0,17,0,150,36,2,188,0,161,42,2,205,106,0,106,311
10/29/2006,HUM,LA,ASW,CE,Federal Contract Tower,0,1,14,0,15,0,151,48,0,199,0,152,62,0,214,90,0,90,304
10/30/2006,HUM,LA,ASW,CE,Federal Contract Tower,0,4,14,0,18,0,160,37,2,199,0,164,51,2,217,162,0,162,379
10/31/2006,HUM,LA,ASW,CE,Federal Contract Tower,0,0,13,0,13,0,211,49,2,262,0,211,62,2,275,62,0,62,337
11/01/2006,HUM,LA,ASW,CE,Federal Contract Tower,0,0,11,3,14,0,190,51,1,242,0,190,62,4,256,120,0,120,376
11/02/2006,HUM,LA,ASW,CE,Federal Contract Tower,0,3,22,2,27,0,177,27,0,204,0,180,49,2,231,95,0,95,326
11/03/2006,HUM,LA,ASW,CE,Federal Contract Tower,0,0,6,0,6,0,141,34,5,180,0,141,40,5,186,44,0,44,230
11/04/2006,HUM,LA,ASW,CE,Federal Contract Tower,0,4,11,0,15,0,109,26,0,135,0,113,37,0,150,62,0,62,212
11/05/2006,HUM,LA,ASW,CE,Federal Contract Tower,0,0,15,0,15,0,110,30,2,142,0,110,45,2,157,58,0,58,215
11/06/2006,HUM,LA,ASW,CE,Federal Contract Tower,0,2,10,0,12,0,125,18,0,143,0,127,28,0,155,28,0,28,183
11/07/2006,HUM,LA,ASW,CE,Federal Contract Tower,0,22,14,0,36,0,145,28,0,173,0,167,42,0,209,60,0,60,269
11/08/2006,HUM,LA,ASW,CE,Federal Contract Tower,0,1,11,0,12,0,208,59,0,267,0,209,70,0,279,22,0,22,301
11/09/2006,HUM,LA,ASW,CE,Federal Contract Tower,0,0,16,0,16,0,175,69,0,244,0,175,85,0,260,102,0,102,362
11/10/2006,HUM,LA,ASW,CE,Federal Contract Tower,0,2,27,0,29,0,184,61,0,245,0,186,88,0,274,138,0,138,412
11/11/2006,HUM,LA,ASW,CE,Federal Contract Tower,0,28,17,0,45,0,84,0,0,84,0,112,17,0,129,54,0,54,183
11/12/2006,HUM,LA,ASW,CE,Federal Contract Tower,0,15,15,0,30,0,157,66,2,225,0,172,81,2,255,242,0,242,497
11/13/2006,HUM,LA,ASW,CE,Federal Contract Tower,0,4,20,0,24,0,188,53,2,243,0,192,73,2,267,196,2,198,465
11/14/2006,HUM,LA,ASW,CE,Federal Contract Tower,0,6,20,2,28,0,179,37,0,216,0,185,57,2,244,236,0,236,480
11/15/2006,HUM,LA,ASW,CE,Federal Contract Tower,0,0,6,0,6,0,97,14,0,111,0,97,20,0,117,2,0,2,119
11/16/2006,HUM,LA,ASW,CE,Federal Contract Tower,0,3,18,2,23,0,231,30,0,261,0,234,48,2,284,146,0,146,430
11/17/2006,HUM,LA,ASW,CE,Federal Contract Tower,0,1,16,0,17,0,171,63,0,234,0,172,79,0,251,162,0,162,413
11/18/2006,HUM,LA,ASW,CE,Federal Contract Tower,0,4,11,0,15,0,124,31,4,159,0,128,42,4,174,108,0,108,282
11/19/2006,HUM,LA,ASW,CE,Federal Contract Tower,0,9,10,0,19,0,114,33,0,147,0,123,43,0,166,132,0,132,298
11/20/2006,HUM,LA,ASW,CE,Federal Contract Tower,0,2,6,0,8,0,202,65,0,267,0,204,71,0,275,186,0,186,461
11/21/2006,HUM,LA,ASW,CE,Federal Contract Tower,0,1,17,2,20,0,190,59,1,250,0,191,76,3,270,144,11,155,425
11/22/2006,HUM,LA,ASW,CE,Federal Contract Tower,0,0,15,0,15,0,199,53,0,252,0,199,68,0,267,122,0,122,389
11/23/2006,HUM,LA,ASW,CE,Federal Contract Tower,0,2,1,0,3,0,171,20,0,191,0,173,21,0,194,6,0,6,200
11/24/2006,HUM,LA,ASW,CE,Federal Contract Tower,0,0,6,0,6,0,157,51,0,208,0,157,57,0,214,100,0,100,314
11/25/2006,HUM,LA,ASW,CE,Federal Contract Tower,0,1,12,0,13,0,109,47,0,156,0,110,59,0,169,218,0,218,387
11/26/2006,HUM,LA,ASW,CE,Federal Contract Tower,0,0,14,0,14,112,0,18,0,130,112,0,32,0,144,209,0,209,353
11/27/2006,HUM,LA,ASW,CE,Federal Contract Tower,0,1,14,0,15,0,201,42,0,243,0,202,56,0,258,126,0,126,384
11/28/2006,HUM,LA,ASW,CE,Federal Contract Tower,0,6,21,0,27,0,236,36,4,276,0,242,57,4,303,68,0,68,371
11/29/2006,HUM,LA,ASW,CE,Federal Contract Tower,0,9,20,1,30,0,213,40,1,254,0,222,60,2,284,152,8,160,444
11/30/2006,HUM,LA,ASW,CE,Federal Contract Tower,0,16,11,0,27,0,207,10,0,217,0,223,21,0,244,36,0,36,280
12/01/2006,HUM,LA,ASW,CE,Federal Contract Tower,0,2,12,0,14,0,140,47,2,189,0,142,59,2,203,174,0,174,377
12/02/2006,HUM,LA,ASW,CE,Federal Contract Tower,0,0,6,4,10,0,115,28,2,145,0,115,34,6,155,122,0,122,277
12/03/2006,HUM,LA,ASW,CE,Federal Contract Tower,0,2,12,1,15,0,92,21,1,114,0,94,33,2,129,66,0,66,195
12/04/2006,HUM,LA,ASW,CE,Federal Contract Tower,0,4,15,0,19,0,136,50,0,186,0,140,65,0,205,92,0,92,297
12/05/2006,HUM,LA,ASW,CE,Federal Contract Tower,0,4,29,0,33,0,211,61,0,272,0,215,90,0,305,100,0,100,405
12/06/2006,HUM,LA,ASW,CE,Federal Contract Tower,0,0,12,0,12,0,158,48,4,210,0,158,60,4,222,162,0,162,384
12/07/2006,HUM,LA,ASW,CE,Federal Contract Tower,0,8,18,0,26,0,175,37,2,214,0,183,55,2,240,138,0,138,378
12/08/2006,HUM,LA,ASW,CE,Federal Contract Tower,0,0,15,4,19,0,161,25,2,188,0,161,40,6,207,174,8,182,389
12/09/2006,HUM,LA,ASW,CE,Federal Contract Tower,0,0,9,0,9,0,106,31,0,137,0,106,40,0,146,66,0,66,212
12/10/2006,HUM,LA,ASW,CE,Federal Contract Tower,0,2,18,0,20,0,87,10,0,97,0,89,28,0,117,186,0,186,303
12/11/2006,HUM,LA,ASW,CE,Federal Contract Tower,0,7,15,0,22,0,151,33,0,184,0,158,48,0,206,84,0,84,290
12/12/2006,HUM,LA,ASW,CE,Federal Contract Tower,0,26,17,0,43,0,146,13,2,161,0,172,30,2,204,2,0,2,206
12/13/2006,HUM,LA,ASW,CE,Federal Contract Tower,0,21,15,0,36,0,37,18,0,55,0,58,33,0,91,42,0,42,133
12/14/2006,HUM,LA,ASW,CE,Federal Contract Tower,0,36,24,0,60,0,35,5,0,40,0,71,29,0,100,6,0,6,106
12/15/2006,HUM,LA,ASW,CE,Federal Contract Tower,0,18,12,0,30,0,91,20,0,111,0,109,32,0,141,10,0,10,151
12/16/2006,HUM,LA,ASW,CE,Federal Contract Tower,0,13,8,0,21,0,60,30,2,92,0,73,38,2,113,56,0,56,169
12/17/2006,HUM,LA,ASW,CE,Federal Contract Tower,0,7,7,0,14,0,84,11,0,95,0,91,18,0,109,66,0,66,175
12/18/2006,HUM,LA,ASW,CE,Federal Contract Tower,0,85,30,0,115,0,13,6,0,19,0,98,36,0,134,0,0,0,134
12/19/2006,HUM,LA,ASW,CE,Federal Contract Tower,0,16,13,2,31,0,138,37,0,175,0,154,50,2,206,44,0,44,250
12/20/2006,HUM,LA,ASW,CE,Federal Contract Tower,0,17,13,0,30,0,142,20,0,162,0,159,33,0,192,12,0,12,204
12/21/2006,HUM,LA,ASW,CE,Federal Contract Tower,0,33,11,0,44,0,49,4,0,53,0,82,15,0,97,0,0,0,97
12/22/2006,HUM,LA,ASW,CE,Federal Contract Tower,0,39,11,4,54,0,101,12,0,113,0,140,23,4,167,4,0,4,171
12/23/2006,HUM,LA,ASW,CE,Federal Contract Tower,0,2,8,0,10,0,124,41,0,165,0,126,49,0,175,2,0,2,177
12/24/2006,HUM,LA,ASW,CE,Federal Contract Tower,0,2,0,0,2,0,42,1,0,43,0,44,1,0,45,0,0,0,45
12/25/2006,HUM,LA,ASW,CE,Federal Contract Tower,0,2,0,0,2,0,55,2,2,59,0,57,2,2,61,0,0,0,61
12/26/2006,HUM,LA,ASW,CE,Federal Contract Tower,0,0,14,0,14,0,145,37,0,182,0,145,51,0,196,4,0,4,200
12/27/2006,HUM,LA,ASW,CE,Federal Contract Tower,0,0,12,0,12,0,181,52,0,233,0,181,64,0,245,22,0,22,267
12/28/2006,HUM,LA,ASW,CE,Federal Contract Tower,0,2,20,0,22,0,211,53,0,264,0,213,73,0,286,52,0,52,338
12/29/2006,HUM,LA,ASW,CE,Federal Contract Tower,0,3,18,2,23,0,154,26,0,180,0,157,44,2,203,22,0,22,225
12/30/2006,HUM,LA,ASW,CE,Federal Contract Tower,0,7,2,0,9,0,25,0,0,25,0,32,2,0,34,14,0,14,48
12/31/2006,HUM,LA,ASW,CE,Federal Contract Tower,0,6,8,0,14,0,109,18,0,127,0,115,26,0,141,84,0,84,225
01/01/2007,HUM,LA,ASW,CE,Federal Contract Tower,0,4,6,0,10,0,134,35,0,169,0,138,41,0,179,64,0,64,243
01/02/2007,HUM,LA,ASW,CE,Federal Contract Tower,0,4,13,0,17,0,168,64,0,232,0,172,77,0,249,42,0,42,291
01/03/2007,HUM,LA,ASW,CE,Federal Contract Tower,0,11,9,0,20,0,192,44,3,239,0,203,53,3,259,34,0,34,293
01/04/2007,HUM,LA,ASW,CE,Federal Contract Tower,0,23,11,0,34,0,28,1,0,29,0,51,12,0,63,0,0,0,63
01/05/2007,HUM,LA,ASW,CE,Federal Contract Tower,0,11,32,0,43,0,147,46,0,193,0,158,78,0,236,24,0,24,260
01/06/2007,HUM,LA,ASW,CE,Federal Contract Tower,0,17,7,0,24,0,4,1,0,5,0,21,8,0,29,0,0,0,29
01/07/2007,HUM,LA,ASW,CE,Federal Contract Tower,0,23,13,0,36,0,46,1,0,47,0,69,14,0,83,0,0,0,83
01/08/2007,HUM,LA,ASW,CE,Federal Contract Tower,0,4,18,0,22,0,173,44,0,217,0,177,62,0,239,0,0,0,239
01/09/2007,HUM,LA,ASW,CE,Federal Contract Tower,0,9,32,0,41,0,206,59,2,267,0,215,91,2,308,38,0,38,346
01/10/2007,HUM,LA,ASW,CE,Federal Contract Tower,0,2,32,0,34,0,189,40,0,229,0,191,72,0,263,60,0,60,323
01/11/2007,HUM,LA,ASW,CE,Federal Contract Tower,0,5,27,0,32,0,208,50,0,258,0,213,77,0,290,16,0,16,306
01/12/2007,HUM,LA,ASW,CE,Federal Contract Tower,0,13,31,0,44,0,155,25,0,180,0,168,56,0,224,85,0,85,309
01/13/2007,HUM,LA,ASW,CE,Federal Contract Tower,0,13,7,0,20,0,89,17,0,106,0,102,24,0,126,74,0,74,200
01/14/2007,HUM,LA,ASW,CE,Federal Contract Tower,0,15,15,0,30,0,108,1,0,109,0,123,16,0,139,46,0,46,185
01/15/2007,HUM,LA,ASW,CE,Federal Contract Tower,0,21,6,0,27,0,114,9,0,123,0,135,15,0,150,28,0,28,178
01/16/2007,HUM,LA,ASW,CE,Federal Contract Tower,0,16,13,0,29,0,93,4,0,97,0,109,17,0,126,0,0,0,126
01/17/2007,HUM,LA,ASW,CE,Federal Contract Tower,0,7,4,0,11,0,176,25,0,201,0,183,29,0,212,65,0,65,277
01/18/2007,HUM,LA,ASW,CE,Federal Contract Tower,0,46,21,2,69,0,114,17,0,131,0,160,38,2,200,20,0,20,220
01/19/2007,HUM,LA,ASW,CE,Federal Contract Tower,0,40,19,0,59,0,11,0,0,11,0,51,19,0,70,0,0,0,70
01/20/2007,HUM,LA,ASW,CE,Federal Contract Tower,0,7,12,1,20,0,142,10,0,152,0,149,22,1,172,62,0,62,234
01/21/2007,HUM,LA,ASW,CE,Federal Contract Tower,0,20,6,0,26,0,37,3,0,40,0,57,9,0,66,13,0,13,79
01/22/2007,HUM,LA,ASW,CE,Federal Contract Tower,0,64,11,0,75,0,59,16,0,75,0,123,27,0,150,4,0,4,154
01/23/2007,HUM,LA,ASW,CE,Federal Contract Tower,0,9,18,0,27,0,216,42,2,260,0,225,60,2,287,98,0,98,385
01/24/2007,HUM,LA,ASW,CE,Federal Contract Tower,0,12,12,0,24,0,151,29,0,180,0,163,41,0,204,37,0,37,241
01/25/2007,HUM,LA,ASW,CE,Federal Contract Tower,0,4,20,0,24,0,151,39,0,190,0,155,59,0,214,58,0,58,272
01/26/2007,HUM,LA,ASW,CE,Federal Contract Tower,0,1,19,0,20,0,200,67,0,267,0,201,86,0,287,46,0,46,333
01/27/2007,HUM,LA,ASW,CE,Federal Contract Tower,0,13,5,0,18,0,43,11,0,54,0,56,16,0,72,0,0,0,72
01/28/2007,HUM,LA,ASW,CE,Federal Contract Tower,0,3,13,0,16,0,229,23,0,252,0,232,36,0,268,82,0,82,350
01/29/2007,HUM,LA,ASW,CE,Federal Contract Tower,0,6,14,0,20,0,156,50,0,206,0,162,64,0,226,8,0,8,234
01/30/2007,HUM,LA,ASW,CE,Federal Contract Tower,0,18,13,0,31,0,130,28,0,158,0,148,41,0,189,22,0,22,211
01/31/2007,HUM,LA,ASW,CE,Federal Contract Tower,0,7,8,0,15,0,164,34,0,198,0,171,42,0,213,6,0,6,219
02/01/2007,HUM,LA,ASW,CE,Federal Contract Tower,0,13,11,0,24,0,17,0,0,17,0,30,11,0,41,0,0,0,41
02/02/2007,HUM,LA,ASW,CE,Federal Contract Tower,0,21,12,0,33,0,178,24,1,203,0,199,36,1,236,50,0,50,286
02/03/2007,HUM,LA,ASW,CE,Federal Contract Tower,0,1,7,0,8,0,106,31,0,137,0,107,38,0,145,54,0,54,199
02/04/2007,HUM,LA,ASW,CE,Federal Contract Tower,0,3,3,0,6,0,69,18,0,87,0,72,21,0,93,92,0,92,185
02/05/2007,HUM,LA,ASW,CE,Federal Contract Tower,0,7,13,0,20,0,134,48,0,182,0,141,61,0,202,11,0,11,213
02/06/2007,HUM,LA,ASW,CE,Federal Contract Tower,0,9,18,0,27,0,178,62,0,240,0,187,80,0,267,6,0,6,273
02/07/2007,HUM,LA,ASW,CE,Federal Contract Tower,0,4,19,0,23,0,168,60,0,228,0,172,79,0,251,8,0,8,259
02/08/2007,HUM,LA,ASW,CE,Federal Contract Tower,0,9,12,0,21,0,146,67,0,213,0,155,79,0,234,86,0,86,320
02/09/2007,HUM,LA,ASW,CE,Federal Contract Tower,0,5,19,0,24,0,200,33,0,233,0,205,52,0,257,46,0,46,303
02/10/2007,HUM,LA,ASW,CE,Federal Contract Tower,0,9,6,0,15,0,123,24,0,147,0,132,30,0,162,16,0,16,178
02/11/2007,HUM,LA,ASW,CE,Federal Contract Tower,0,1,10,0,11,0,104,20,0,124,0,105,30,0,135,0,0,0,135
02/12/2007,HUM,LA,ASW,CE,Federal Contract Tower,0,5,12,2,19,0,171,31,4,206,0,176,43,6,225,24,0,24,249
02/13/2007,HUM,LA,ASW,CE,Federal Contract Tower,0,33,24,0,57,0,159,34,0,193,0,192,58,0,250,0,0,0,250
02/14/2007,HUM,LA,ASW,CE,Federal Contract Tower,0,18,13,0,31,0,169,35,0,204,0,187,48,0,235,16,0,16,251
02/15/2007,HUM,LA,ASW,CE,Federal Contract Tower,0,13,25,0,38,0,158,48,0,206,0,171,73,0,244,10,0,10,254
02/16/2007,HUM,LA,ASW,CE,Federal Contract Tower,0,3,24,0,27,0,173,40,0,213,0,176,64,0,240,0,0,0,240
02/17/2007,HUM,LA,ASW,CE,Federal Contract Tower,0,0,6,0,6,0,90,32,2,124,0,90,38,2,130,22,0,22,152
02/18/2007,HUM,LA,ASW,CE,Federal Contract Tower,0,0,17,0,17,0,110,21,0,131,0,110,38,0,148,16,0,16,164
02/19/2007,HUM,LA,ASW,CE,Federal Contract Tower,0,0,17,0,17,0,164,50,0,214,0,164,67,0,231,56,0,56,287
02/20/2007,HUM,LA,ASW,CE,Federal Contract Tower,0,4,13,0,17,0,174,15,0,189,0,178,28,0,206,80,0,80,286
02/21/2007,HUM,LA,ASW,CE,Federal Contract Tower,0,20,15,0,35,0,165,26,0,191,0,185,41,0,226,18,0,18,244
02/22/2007,HUM,LA,ASW,CE,Federal Contract Tower,0,8,20,0,28,0,194,48,8,250,0,202,68,8,278,16,0,16,294
02/23/2007,HUM,LA,ASW,CE,Federal Contract Tower,0,9,26,0,35,0,195,64,0,259,0,204,90,0,294,68,0,68,362
02/24/2007,HUM,LA,ASW,CE,Federal Contract Tower,0,5,4,0,9,0,98,9,0,107,0,103,13,0,116,8,0,8,124
02/25/2007,HUM,LA,ASW,CE,Federal Contract Tower,0,9,13,0,22,0,118,33,0,151,0,127,46,0,173,62,0,62,235
02/26/2007,HUM,LA,ASW,CE,Federal Contract Tower,0,6,28,0,34,0,182,49,0,231,0,188,77,0,265,50,0,50,315
02/27/2007,HUM,LA,ASW,CE,Federal Contract Tower,0,9,12,0,21,0,151,69,0,220,0,160,81,0,241,58,0,58,299
02/28/2007,HUM,LA,ASW,CE,Federal Contract Tower,0,66,30,0,96,0,54,6,0,60,0,120,36,0,156,0,0,0,156
03/01/2007,HUM,LA,ASW,CE,Federal Contract Tower,0,16,21,0,37,0,5,3,0,8,0,21,24,0,45,2,0,2,47
03/02/2007,HUM,LA,ASW,CE,Federal Contract Tower,0,9,13,0,22,0,203,71,0,274,0,212,84,0,296,76,0,76,372
03/03/2007,HUM,LA,ASW,CE,Federal Contract Tower,0,0,5,0,5,0,104,43,0,147,0,104,48,0,152,24,0,24,176
03/04/2007,HUM,LA,ASW,CE,Federal Contract Tower,0,0,15,0,15,0,78,39,1,118,0,78,54,1,133,74,0,74,207
03/05/2007,HUM,LA,ASW,CE,Federal Contract Tower,0,3,15,0,18,0,145,44,0,189,0,148,59,0,207,62,0,62,269
03/06/2007,HUM,LA,ASW,CE,Federal Contract Tower,0,7,12,2,21,0,176,64,0,240,0,183,76,2,261,14,0,14,275
03/07/2007,HUM,LA,ASW,CE,Federal Contract Tower,0,4,22,0,26,0,207,44,0,251,0,211,66,0,277,28,0,28,305
03/08/2007,HUM,LA,ASW,CE,Federal Contract Tower,0,7,16,0,23,0,175,62,0,237,0,182,78,0,260,46,0,46,306
03/09/2007,HUM,LA,ASW,CE,Federal Contract Tower,0,8,18,0,26,0,186,47,0,233,0,194,65,0,259,48,0,48,307
03/10/2007,HUM,LA,ASW,CE,Federal Contract Tower,0,15,7,0,22,0,98,48,0,146,0,113,55,0,168,123,0,123,291
03/11/2007,HUM,LA,ASW,CE,Federal Contract Tower,0,26,12,0,38,0,45,11,0,56,0,71,23,0,94,0,0,0,94
03/12/2007,HUM,LA,ASW,CE,Federal Contract Tower,0,11,5,0,16,0,172,29,0,201,0,183,34,0,217,64,0,64,281
03/13/2007,HUM,LA,ASW,CE,Federal Contract Tower,0,36,10,0,46,0,144,20,0,164,0,180,30,0,210,64,0,64,274
03/14/2007,HUM,LA,ASW,CE,Federal Contract Tower,0,11,5,0,16,0,142,14,0,156,0,153,19,0,172,66,0,66,238
03/15/2007,HUM,LA,ASW,CE,Federal Contract Tower,0,7,12,0,19,0,156,28,0,184,0,163,40,0,203,16,0,16,219
03/16/2007,HUM,LA,ASW,CE,Federal Contract Tower,0,9,18,0,27,0,148,40,0,188,0,157,58,0,215,84,0,84,299
03/17/2007,HUM,LA,ASW,CE,Federal Contract Tower,0,1,10,0,11,0,107,39,4,150,0,108,49,4,161,118,0,118,279
03/18/2007,HUM,LA,ASW,CE,Federal Contract Tower,0,0,13,0,13,0,82,46,0,128,0,82,59,0,141,44,0,44,185
03/19/2007,HUM,LA,ASW,CE,Federal Contract Tower,0,0,9,0,9,0,203,55,0,258,0,203,64,0,267,14,0,14,281
03/20/2007,HUM,LA,ASW,CE,Federal Contract Tower,0,0,26,0,26,0,209,69,0,278,0,209,95,0,304,54,0,54,358
03/21/2007,HUM,LA,ASW,CE,Federal Contract Tower,0,5,30,0,35,0,209,43,0,252,0,214,73,0,287,54,0,54,341
03/22/2007,HUM,LA,ASW,CE,Federal Contract Tower,0,1,30,0,31,0,194,62,0,256,0,195,92,0,287,66,0,66,353
03/23/2007,HUM,LA,ASW,CE,Federal Contract Tower,0,10,28,0,38,0,205,30,2,237,0,215,58,2,275,104,0,104,379
03/24/2007,HUM,LA,ASW,CE,Federal Contract Tower,0,6,7,0,13,0,130,51,2,183,0,136,58,2,196,50,0,50,246
03/25/2007,HUM,LA,ASW,CE,Federal Contract Tower,0,14,13,0,27,0,72,30,0,102,0,86,43,0,129,40,0,40,169
03/26/2007,HUM,LA,ASW,CE,Federal Contract Tower,0,7,24,0,31,0,178,40,0,218,0,185,64,0,249,40,0,40,289
03/27/2007,HUM,LA,ASW,CE,Federal Contract Tower,0,13,24,0,37,0,173,45,0,218,0,186,69,0,255,86,0,86,341
03/28/2007,HUM,LA,ASW,CE,Federal Contract Tower,0,47,26,0,73,0,167,43,1,211,0,214,69,1,284,46,0,46,330
03/29/2007,HUM,LA,ASW,CE,Federal Contract Tower,0,8,24,0,32,0,188,68,0,256,0,196,92,0,288,70,0,70,358
03/30/2007,HUM,LA,ASW,CE,Federal Contract Tower,0,10,22,0,32,0,171,46,0,217,0,181,68,0,249,102,0,102,351
03/31/2007,HUM,LA,ASW,CE,Federal Contract Tower,0,2,2,0,4,0,146,19,0,165,0,148,21,0,169,84,0,84,253
04/01/2007,HUM,LA,ASW,CE,Federal Contract Tower,0,9,13,0,22,0,77,6,0,83,0,86,19,0,105,16,0,16,121
04/02/2007,HUM,LA,ASW,CE,Federal Contract Tower,0,9,23,0,32,0,156,29,0,185,0,165,52,0,217,52,0,52,269
04/03/2007,HUM,LA,ASW,CE,Federal Contract Tower,0,10,11,0,21,0,186,55,0,241,0,196,66,0,262,96,0,96,358
04/04/2007,HUM,LA,ASW,CE,Federal Contract Tower,0,17,12,0,29,0,139,30,0,169,0,156,42,0,198,50,0,50,248
04/05/2007,HUM,LA,ASW,CE,Federal Contract Tower,0,6,27,0,33,0,158,53,0,211,0,164,80,0,244,26,0,26,270
04/06/2007,HUM,LA,ASW,CE,Federal Contract Tower,0,2,15,2,19,0,177,44,0,221,0,179,59,2,240,18,4,22,262
04/07/2007,HUM,LA,ASW,CE,Federal Contract Tower,0,3,4,0,7,0,107,30,0,137,0,110,34,0,144,14,0,14,158
04/08/2007,HUM,LA,ASW,CE,Federal Contract Tower,0,13,7,0,20,0,45,10,0,55,0,58,17,0,75,4,0,4,79
04/09/2007,HUM,LA,ASW,CE,Federal Contract Tower,0,18,17,0,35,0,135,40,0,175,0,153,57,0,210,22,0,22,232
04/10/2007,HUM,LA,ASW,CE,Federal Contract Tower,0,36,17,0,53,0,89,15,0,104,0,125,32,0,157,12,0,12,169
04/11/2007,HUM,LA,ASW,CE,Federal Contract Tower,0,37,24,2,63,0,164,58,0,222,0,201,82,2,285,4,0,4,289
04/12/2007,HUM,LA,ASW,CE,Federal Contract Tower,0,8,17,4,29,0,182,73,0,255,0,190,90,4,284,28,0,28,312
04/13/2007,HUM,LA,ASW,CE,Federal Contract Tower,0,1,28,1,30,0,194,34,3,231,0,195,62,4,261,6,0,6,267
04/14/2007,HUM,LA,ASW,CE,Federal Contract Tower,0,23,10,0,33,0,48,1,0,49,0,71,11,0,82,0,0,0,82
04/15/2007,HUM,LA,ASW,CE,Federal Contract Tower,0,2,14,0,16,0,113,32,0,145,0,115,46,0,161,114,0,114,275
04/16/2007,HUM,LA,ASW,CE,Federal Contract Tower,0,2,7,0,9,0,196,83,0,279,0,198,90,0,288,66,0,66,354
04/17/2007,HUM,LA,ASW,CE,Federal Contract Tower,0,4,12,0,16,0,187,77,0,264,0,191,89,0,280,80,0,80,360
04/18/2007,HUM,LA,ASW,CE,Federal Contract Tower,0,4,28,2,34,0,234,79,0,313,0,238,107,2,347,34,0,34,381
04/19/2007,HUM,LA,ASW,CE,Federal Contract Tower,0,4,21,0,25,0,189,90,0,279,0,193,111,0,304,32,0,32,336
04/20/2007,HUM,LA,ASW,CE,Federal Contract Tower,0,8,11,0,19,0,177,85,0,262,0,185,96,0,281,36,0,36,317
04/21/2007,HUM,LA,ASW,CE,Federal Contract Tower,0,7,7,0,14,0,118,61,0,179,0,125,68,0,193,78,0,78,271
04/22/2007,HUM,LA,ASW,CE,Federal Contract Tower,0,6,12,0,18,0,105,29,0,134,0,111,41,0,152,2,0,2,154
04/23/2007,HUM,LA,ASW,CE,Federal Contract Tower,0,9,20,0,29,0,165,64,0,229,0,174,84,0,258,54,0,54,312
04/24/2007,HUM,LA,ASW,CE,Federal Contract Tower,0,14,13,0,27,0,211,67,0,278,0,225,80,0,305,84,0,84,389
04/25/2007,HUM,LA,ASW,CE,Federal Contract Tower,0,15,13,2,30,0,225,45,1,271,0,240,58,3,301,44,4,48,349
04/26/2007,HUM,LA,ASW,CE,Federal Contract Tower,0,16,28,0,44,0,196,72,0,268,0,212,100,0,312,36,0,36,348
04/27/2007,HUM,LA,ASW,CE,Federal Contract Tower,0,3,23,1,27,0,164,79,1,244,0,167,102,2,271,54,20,74,345
04/28/2007,HUM,LA,ASW,CE,Federal Contract Tower,0,4,3,0,7,0,125,33,0,158,0,129,36,0,165,28,0,28,193
04/29/2007,HUM,LA,ASW,CE,Federal Contract Tower,0,13,15,0,28,0,117,33,0,150,0,130,48,0,178,32,0,32,210
04/30/2007,HUM,LA,ASW,CE,Federal Contract Tower,0,7,12,0,19,0,190,68,0,258,0,197,80,0,277,2,4,6,283
05/01/2007,HUM,LA,ASW,CE,Federal Contract Tower,0,5,0,0,5,0,204,0,0,204,0,209,0,0,209,90,0,90,299
05/02/2007,HUM,LA,ASW,CE,Federal Contract Tower,0,5,16,2,23,0,211,53,0,264,0,216,69,2,287,34,6,40,327
05/03/2007,HUM,LA,ASW,CE,Federal Contract Tower,0,11,14,0,25,0,179,55,0,234,0,190,69,0,259,52,0,52,311
05/04/2007,HUM,LA,ASW,CE,Federal Contract Tower,0,18,19,0,37,0,192,23,0,215,0,210,42,0,252,44,0,44,296
05/05/2007,HUM,LA,ASW,CE,Federal Contract Tower,0,5,11,0,16,0,125,15,0,140,0,130,26,0,156,40,0,40,196
05/06/2007,HUM,LA,ASW,CE,Federal Contract Tower,0,3,13,0,16,0,91,24,0,115,0,94,37,0,131,6,0,6,137
05/07/2007,HUM,LA,ASW,CE,Federal Contract Tower,0,20,18,0,38,0,155,35,0,190,0,175,53,0,228,34,0,34,262
05/08/2007,HUM,LA,ASW,CE,Federal Contract Tower,0,2,24,0,26,0,252,74,0,326,0,254,98,0,352,24,0,24,376
05/09/2007,HUM,LA,ASW,CE,Federal Contract Tower,0,1,17,0,18,0,239,78,0,317,0,240,95,0,335,56,4,60,395
05/10/2007,HUM,LA,ASW,CE,Federal Contract Tower,0,13,18,0,31,0,186,131,0,317,0,199,149,0,348,84,0,84,432
05/11/2007,HUM,LA,ASW,CE,Federal Contract Tower,0,2,17,2,21,0,212,66,0,278,0,214,83,2,299,48,0,48,347
05/12/2007,HUM,LA,ASW,CE,Federal Contract Tower,0,0,8,0,8,0,144,29,0,173,0,144,37,0,181,38,0,38,219
05/13/2007,HUM,LA,ASW,CE,Federal Contract Tower,0,0,5,0,5,0,98,34,0,132,0,98,39,0,137,22,0,22,159
05/14/2007,HUM,LA,ASW,CE,Federal Contract Tower,0,0,6,0,6,0,211,36,0,247,0,211,42,0,253,0,0,0,253
05/15/2007,HUM,LA,ASW,CE,Federal Contract Tower,0,9,19,0,28,0,240,50,0,290,0,249,69,0,318,74,0,74,392
05/16/2007,HUM,LA,ASW,CE,Federal Contract Tower,0,7,12,0,19,0,223,61,0,284,0,230,73,0,303,70,0,70,373
05/17/2007,HUM,LA,ASW,CE,Federal Contract Tower,0,4,28,0,32,0,190,81,0,271,0,194,109,0,303,46,0,46,349
05/18/2007,HUM,LA,ASW,CE,Federal Contract Tower,0,6,15,0,21,0,211,73,2,286,0,217,88,2,307,12,0,12,319
05/19/2007,HUM,LA,ASW,CE,Federal Contract Tower,0,3,13,0,16,0,101,40,1,142,0,104,53,1,158,0,0,0,158
05/20/2007,HUM,LA,ASW,CE,Federal Contract Tower,0,3,13,0,16,0,103,53,2,158,0,106,66,2,174,32,0,32,206
05/21/2007,HUM,LA,ASW,CE,Federal Contract Tower,0,11,16,0,27,0,178,76,0,254,0,189,92,0,281,2,0,2,283
05/22/2007,HUM,LA,ASW,CE,Federal Contract Tower,0,12,21,0,33,0,199,56,0,255,0,211,77,0,288,38,0,38,326
05/23/2007,HUM,LA,ASW,CE,Federal Contract Tower,0,16,20,0,36,0,201,42,0,243,0,217,62,0,279,46,0,46,325
05/24/2007,HUM,LA,ASW,CE,Federal Contract Tower,0,6,22,0,28,0,204,51,4,259,0,210,73,4,287,46,0,46,333
05/25/2007,HUM,LA,ASW,CE,Federal Contract Tower,0,0,16,0,16,0,187,53,0,240,0,187,69,0,256,104,0,104,360
05/26/2007,HUM,LA,ASW,CE,Federal Contract Tower,0,2,7,0,9,0,131,31,0,162,0,133,38,0,171,72,0,72,243
05/27/2007,HUM,LA,ASW,CE,Federal Contract Tower,0,2,20,0,22,0,70,18,0,88,0,72,38,0,110,60,0,60,170
05/28/2007,HUM,LA,ASW,CE,Federal Contract Tower,0,7,8,0,15,0,142,45,0,187,0,149,53,0,202,62,0,62,264
05/29/2007,HUM,LA,ASW,CE,Federal Contract Tower,0,26,14,0,40,0,128,30,0,158,0,154,44,0,198,12,0,12,210
05/30/2007,HUM,LA,ASW,CE,Federal Contract Tower,0,11,11,0,22,0,219,60,2,281,0,230,71,2,303,40,4,44,347
05/31/2007,HUM,LA,ASW,CE,Federal Contract Tower,0,9,26,0,35,0,163,50,0,213,0,172,76,0,248,12,0,12,260
06/01/2007,HUM,LA,ASW,CE,Federal Contract Tower,0,6,20,0,26,0,222,66,0,288,0,228,86,0,314,16,0,16,330
06/02/2007,HUM,LA,ASW,CE,Federal Contract Tower,0,19,10,0,29,0,134,33,0,167,0,153,43,0,196,24,0,24,220
06/03/2007,HUM,LA,ASW,CE,Federal Contract Tower,0,1,30,0,31,0,118,34,0,152,0,119,64,0,183,16,0,16,199
06/04/2007,HUM,LA,ASW,CE,Federal Contract Tower,0,6,12,0,18,0,179,45,2,226,0,185,57,2,244,2,0,2,246
06/05/2007,HUM,LA,ASW,CE,Federal Contract Tower,0,11,24,0,35,0,204,77,0,281,0,215,101,0,316,92,0,92,408
06/06/2007,HUM,LA,ASW,CE,Federal Contract Tower,0,13,18,0,31,0,219,66,0,285,0,232,84,0,316,68,0,68,384
06/07/2007,HUM,LA,ASW,CE,Federal Contract Tower,0,15,15,0,30,0,297,47,0,344,0,312,62,0,374,18,0,18,392
06/08/2007,HUM,LA,ASW,CE,Federal Contract Tower,0,22,28,0,50,0,163,54,0,217,0,185,82,0,267,52,0,52,319
06/09/2007,HUM,LA,ASW,CE,Federal Contract Tower,0,7,6,0,13,0,126,26,0,152,0,133,32,0,165,42,0,42,207
06/10/2007,HUM,LA,ASW,CE,Federal Contract Tower,0,2,14,0,16,0,116,42,0,158,0,118,56,0,174,2,0,2,176
06/11/2007,HUM,LA,ASW,CE,Federal Contract Tower,0,3,20,1,24,0,193,78,2,273,0,196,98,3,297,20,0,20,317
06/12/2007,HUM,LA,ASW,CE,Federal Contract Tower,0,10,16,0,26,0,202,56,0,258,0,212,72,0,284,54,0,54,338
06/13/2007,HUM,LA,ASW,CE,Federal Contract Tower,0,3,13,0,16,0,217,83,0,300,0,220,96,0,316,40,0,40,356
06/14/2007,HUM,LA,ASW,CE,Federal Contract Tower,0,13,28,0,41,0,208,83,9,300,0,221,111,9,341,30,0,30,371
06/15/2007,HUM,LA,ASW,CE,Federal Contract Tower,0,4,16,0,20,0,157,51,8,216,0,161,67,8,236,104,0,104,340
06/16/2007,HUM,LA,ASW,CE,Federal Contract Tower,0,0,17,0,17,0,150,43,0,193,0,150,60,0,210,108,0,108,318
06/17/2007,HUM,LA,ASW,CE,Federal Contract Tower,0,8,12,0,20,0,98,32,0,130,0,106,44,0,150,10,0,10,160
06/18/2007,HUM,LA,ASW,CE,Federal Contract Tower,0,7,12,0,19,0,140,26,0,166,0,147,38,0,185,0,0,0,185
06/19/2007,HUM,LA,ASW,CE,Federal Contract Tower,0,9,18,1,28,0,182,65,3,250,0,191,83,4,278,6,8,14,292
06/20/2007,HUM,LA,ASW,CE,Federal Contract Tower,0,7,22,0,29,0,214,47,0,261,0,221,69,0,290,14,0,14,304
06/21/2007,HUM,LA,ASW,CE,Federal Contract Tower,0,0,22,0,22,0,252,87,2,341,0,252,109,2,363,20,0,20,383
06/22/2007,HUM,LA,ASW,CE,Federal Contract Tower,0,1,8,0,9,0,195,78,2,275,0,196,86,2,284,18,0,18,302
06/23/2007,HUM,LA,ASW,CE,Federal Contract Tower,0,1,9,0,10,0,129,42,0,171,0,130,51,0,181,12,0,12,193
06/24/2007,HUM,LA,ASW,CE,Federal Contract Tower,0,3,25,0,28,0,90,34,0,124,0,93,59,0,152,34,0,34,186
06/25/2007,HUM,LA,ASW,CE,Federal Contract Tower,0,3,4,0,7,0,180,42,2,224,0,183,46,2,231,14,0,14,245
06/26/2007,HUM,LA,ASW,CE,Federal Contract Tower,0,4,11,0,15,0,209,52,0,261,0,213,63,0,276,6,0,6,282
06/27/2007,HUM,LA,ASW,CE,Federal Contract Tower,0,9,20,0,29,0,223,60,0,283,0,232,80,0,312,14,0,14,326
06/28/2007,HUM,LA,ASW,CE,Federal Contract Tower,0,5,16,0,21,0,230,45,0,275,0,235,61,0,296,38,0,38,334
06/29/2007,HUM,LA,ASW,CE,Federal Contract Tower,0,15,24,0,39,0,198,62,2,262,0,213,86,2,301,62,0,62,363
06/30/2007,HUM,LA,ASW,CE,Federal Contract Tower,0,10,12,0,22,0,160,22,0,182,0,170,34,0,204,26,0,26,230
07/01/2007,HUM,LA,ASW,CE,Federal Contract Tower,0,11,18,0,29,0,125,32,0,157,0,136,50,0,186,28,0,28,214
07/02/2007,HUM,LA,ASW,CE,Federal Contract Tower,0,5,11,0,16,0,154,55,1,210,0,159,66,1,226,62,0,62,288
07/03/2007,HUM,LA,ASW,CE,Federal Contract Tower,0,3,18,0,21,0,222,56,0,278,0,225,74,0,299,34,0,34,333
07/04/2007,HUM,LA,ASW,CE,Federal Contract Tower,0,11,2,0,13,0,160,32,0,192,0,171,34,0,205,6,0,6,211
07/05/2007,HUM,LA,ASW,CE,Federal Contract Tower,0,6,12,0,18,0,207,50,0,257,0,213,62,0,275,10,0,10,285
07/06/2007,HUM,LA,ASW,CE,Federal Contract Tower,0,3,13,0,16,0,191,44,0,235,0,194,57,0,251,20,0,20,271
07/07/2007,HUM,LA,ASW,CE,Federal Contract Tower,0,4,8,0,12,0,124,24,0,148,0,128,32,0,160,10,0,10,170
07/08/2007,HUM,LA,ASW,CE,Federal Contract Tower,0,5,13,0,18,0,103,22,0,125,0,108,35,0,143,14,0,14,157
07/09/2007,HUM,LA,ASW,CE,Federal Contract Tower,0,0,7,0,7,0,169,65,0,234,0,169,72,0,241,2,0,2,243
07/10/2007,HUM,LA,ASW,CE,Federal Contract Tower,0,2,12,0,14,0,228,56,0,284,0,230,68,0,298,52,0,52,350
07/11/2007,HUM,LA,ASW,CE,Federal Contract Tower,0,7,18,0,25,0,235,66,0,301,0,242,84,0,326,36,0,36,362
07/12/2007,HUM,LA,ASW,CE,Federal Contract Tower,0,7,22,0,29,0,216,48,0,264,0,223,70,0,293,32,0,32,325
07/13/2007,HUM,LA,ASW,CE,Federal Contract Tower,0,7,23,0,30,0,189,72,6,267,0,196,95,6,297,8,0,8,305
07/14/2007,HUM,LA,ASW,CE,Federal Contract Tower,0,5,1,0,6,0,99,22,0,121,0,104,23,0,127,54,0,54,181
07/15/2007,HUM,LA,ASW,CE,Federal Contract Tower,0,2,18,0,20,0,82,6,0,88,0,84,24,0,108,16,0,16,124
07/16/2007,HUM,LA,ASW,CE,Federal Contract Tower,0,6,18,0,24,0,90,24,0,114,0,96,42,0,138,16,0,16,154
07/17/2007,HUM,LA,ASW,CE,Federal Contract Tower,0,6,17,0,23,0,203,37,0,240,0,209,54,0,263,26,0,26,289
07/18/2007,HUM,LA,ASW,CE,Federal Contract Tower,0,5,17,0,22,0,231,49,0,280,0,236,66,0,302,90,0,90,392
07/19/2007,HUM,LA,ASW,CE,Federal Contract Tower,0,26,6,0,32,0,279,87,4,370,0,305,93,4,402,34,0,34,436
07/20/2007,HUM,LA,ASW,CE,Federal Contract Tower,0,1,13,0,14,0,166,50,0,216,0,167,63,0,230,56,0,56,286
07/21/2007,HUM,LA,ASW,CE,Federal Contract Tower,0,6,3,0,9,0,122,40,0,162,0,128,43,0,171,76,0,76,247
07/22/2007,HUM,LA,ASW,CE,Federal Contract Tower,0,5,8,0,13,0,129,33,0,162,0,134,41,0,175,80,0,80,255
07/23/2007,HUM,LA,ASW,CE,Federal Contract Tower,0,1,5,0,6,0,171,54,0,225,0,172,59,0,231,82,0,82,313
07/24/2007,HUM,LA,ASW,CE,Federal Contract Tower,0,2,23,0,25,0,216,59,0,275,0,218,82,0,300,92,0,92,392
07/25/2007,HUM,LA,ASW,CE,Federal Contract Tower,0,3,13,0,16,0,212,80,0,292,0,215,93,0,308,96,0,96,404
07/26/2007,HUM,LA,ASW,CE,Federal Contract Tower,0,2,20,0,22,0,209,64,2,275,0,211,84,2,297,82,0,82,379
07/27/2007,HUM,LA,ASW,CE,Federal Contract Tower,0,4,16,0,20,0,115,28,0,143,0,119,44,0,163,88,0,88,251
07/28/2007,HUM,LA,ASW,CE,Federal Contract Tower,0,9,23,0,32,0,150,40,0,190,0,159,63,0,222,50,0,50,272
07/29/2007,HUM,LA,ASW,CE,Federal Contract Tower,0,2,19,0,21,0,129,33,0,162,0,131,52,0,183,42,0,42,225
07/30/2007,HUM,LA,ASW,CE,Federal Contract Tower,0,13,23,0,36,0,208,59,0,267,0,221,82,0,303,66,0,66,369
07/31/2007,HUM,LA,ASW,CE,Federal Contract Tower,0,7,16,0,23,0,182,43,0,225,0,189,59,0,248,46,0,46,294
08/01/2007,HUM,LA,ASW,CE,Federal Contract Tower,0,10,20,0,30,0,178,57,0,235,0,188,77,0,265,32,0,32,297
08/02/2007,HUM,LA,ASW,CE,Federal Contract Tower,0,16,16,0,32,0,191,95,0,286,0,207,111,0,318,26,0,26,344
08/03/2007,HUM,LA,ASW,CE,Federal Contract Tower,0,4,23,0,27,0,165,83,0,248,0,169,106,0,275,84,0,84,359
08/04/2007,HUM,LA,ASW,CE,Federal Contract Tower,0,4,6,0,10,0,110,36,0,146,0,114,42,0,156,36,0,36,192
08/05/2007,HUM,LA,ASW,CE,Federal Contract Tower,0,0,12,0,12,0,86,36,0,122,0,86,48,0,134,32,0,32,166
08/06/2007,HUM,LA,ASW,CE,Federal Contract Tower,0,3,10,0,13,0,221,74,0,295,0,224,84,0,308,134,0,134,442
08/07/2007,HUM,LA,ASW,CE,Federal Contract Tower,0,0,15,0,15,0,214,64,0,278,0,214,79,0,293,0,0,0,293
08/08/2007,HUM,LA,ASW,CE,Federal Contract Tower,0,1,23,0,24,0,190,45,0,235,0,191,68,0,259,42,0,42,301
08/09/2007,HUM,LA,ASW,CE,Federal Contract Tower,0,8,20,0,28,0,194,70,2,266,0,202,90,2,294,150,0,150,444
08/10/2007,HUM,LA,ASW,CE,Federal Contract Tower,0,3,23,0,26,0,158,45,0,203,0,161,68,0,229,152,0,152,381
08/11/2007,HUM,LA,ASW,CE,Federal Contract Tower,0,3,4,0,7,0,108,32,0,140,0,111,36,0,147,50,0,50,197
08/12/2007,HUM,LA,ASW,CE,Federal Contract Tower,0,1,11,0,12,0,56,31,0,87,0,57,42,0,99,30,0,30,129
08/13/2007,HUM,LA,ASW,CE,Federal Contract Tower,0,5,15,0,20,0,178,70,0,248,0,183,85,0,268,76,0,76,344
08/14/2007,HUM,LA,ASW,CE,Federal Contract Tower,0,3,28,0,31,0,162,66,0,228,0,165,94,0,259,32,0,32,291
08/15/2007,HUM,LA,ASW,CE,Federal Contract Tower,0,3,28,0,31,0,227,55,0,282,0,230,83,0,313,34,0,34,347
08/16/2007,HUM,LA,ASW,CE,Federal Contract Tower,0,4,18,0,22,0,204,49,0,253,0,208,67,0,275,100,0,100,375
08/17/2007,HUM,LA,ASW,CE,Federal Contract Tower,0,3,18,0,21,0,179,39,0,218,0,182,57,0,239,22,0,22,261
08/18/2007,HUM,LA,ASW,CE,Federal Contract Tower,0,0,8,0,8,0,198,35,0,233,0,198,43,0,241,38,0,38,279
08/19/2007,HUM,LA,ASW,CE,Federal Contract Tower,0,3,9,0,12,0,142,26,0,168,0,145,35,0,180,16,0,16,196
08/20/2007,HUM,LA,ASW,CE,Federal Contract Tower,0,0,14,0,14,0,107,53,0,160,0,107,67,0,174,86,0,86,260
08/21/2007,HUM,LA,ASW,CE,Federal Contract Tower,0,5,10,0,15,0,156,52,0,208,0,161,62,0,223,66,0,66,289
08/22/2007,HUM,LA,ASW,CE,Federal Contract Tower,0,1,16,0,17,0,255,47,0,302,0,256,63,0,319,48,0,48,367
08/23/2007,HUM,LA,ASW,CE,Federal Contract Tower,0,1,15,0,16,0,180,42,0,222,0,181,57,0,238,20,0,20,258
08/24/2007,HUM,LA,ASW,CE,Federal Contract Tower,0,4,23,0,27,0,162,39,0,201,0,166,62,0,228,46,0,46,274
08/25/2007,HUM,LA,ASW,CE,Federal Contract Tower,0,2,6,0,8,0,123,24,0,147,0,125,30,0,155,54,0,54,209
08/26/2007,HUM,LA,ASW,CE,Federal Contract Tower,0,8,13,0,21,0,76,14,0,90,0,84,27,0,111,50,0,50,161
08/27/2007,HUM,LA,ASW,CE,Federal Contract Tower,0,7,18,0,25,0,166,44,0,210,0,173,62,0,235,84,0,84,319
08/28/2007,HUM,LA,ASW,CE,Federal Contract Tower,0,9,24,0,33,0,153,30,6,189,0,162,54,6,222,26,0,26,248
08/29/2007,HUM,LA,ASW,CE,Federal Contract Tower,0,14,24,0,38,0,209,39,0,248,0,223,63,0,286,36,0,36,322
08/30/2007,HUM,LA,ASW,CE,Federal Contract Tower,0,13,5,0,18,0,193,86,0,279,0,206,91,0,297,110,0,110,407
08/31/2007,HUM,LA,ASW,CE,Federal Contract Tower,0,2,22,0,24,0,143,57,0,200,0,145,79,0,224,128,0,128,352
09/01/2007,HUM,LA,ASW,CE,Federal Contract Tower,0,6,8,0,14,0,100,19,1,120,0,106,27,1,134,20,0,20,154
09/02/2007,HUM,LA,ASW,CE,Federal Contract Tower,0,11,8,0,19,0,91,18,0,109,0,102,26,0,128,68,0,68,196
09/03/2007,HUM,LA,ASW,CE,Federal Contract Tower,0,1,16,0,17,0,135,39,6,180,0,136,55,6,197,23,0,23,220
09/04/2007,HUM,LA,ASW,CE,Federal Contract Tower,0,0,18,0,18,0,186,51,0,237,0,186,69,0,255,71,0,71,326
09/05/2007,HUM,LA,ASW,CE,Federal Contract Tower,0,0,13,2,15,0,196,65,0,261,0,196,78,2,276,50,0,50,326
09/06/2007,HUM,LA,ASW,CE,Federal Contract Tower,0,0,18,0,18,0,183,56,0,239,0,183,74,0,257,22,0,22,279
09/07/2007,HUM,LA,ASW,CE,Federal Contract Tower,0,8,16,0,24,0,142,46,0,188,0,150,62,0,212,36,0,36,248
09/08/2007,HUM,LA,ASW,CE,Federal Contract Tower,0,11,6,0,17,0,105,29,0,134,0,116,35,0,151,74,0,74,225
09/09/2007,HUM,LA,ASW,CE,Federal Contract Tower,0,0,7,0,7,0,116,31,0,147,0,116,38,0,154,50,0,50,204
09/10/2007,HUM,LA,ASW,CE,Federal Contract Tower,0,9,9,0,18,0,160,54,0,214,0,169,63,0,232,64,0,64,296
09/11/2007,HUM,LA,ASW,CE,Federal Contract Tower,0,6,26,0,32,0,170,57,0,227,0,176,83,0,259,8,0,8,267
09/12/2007,HUM,LA,ASW,CE,Federal Contract Tower,0,8,16,0,24,0,147,39,0,186,0,155,55,0,210,46,0,46,256
09/13/2007,HUM,LA,ASW,CE,Federal Contract Tower,0,4,9,0,13,0,49,5,0,54,0,53,14,0,67,0,0,0,67
09/14/2007,HUM,LA,ASW,CE,Federal Contract Tower,0,4,13,0,17,0,204,46,2,252,0,208,59,2,269,45,0,45,314
09/15/2007,HUM,LA,ASW,CE,Federal Contract Tower,0,0,11,0,11,0,106,33,0,139,0,106,44,0,150,96,0,96,246
09/16/2007,HUM,LA,ASW,CE,Federal Contract Tower,0,3,8,0,11,0,112,32,0,144,0,115,40,0,155,78,0,78,233
09/17/2007,HUM,LA,ASW,CE,Federal Contract Tower,0,0,12,2,14,0,181,72,0,253,0,181,84,2,267,122,2,124,391
09/18/2007,HUM,LA,ASW,CE,Federal Contract Tower,0,0,22,2,24,0,220,63,2,285,0,220,85,4,309,0,0,0,309
09/19/2007,HUM,LA,ASW,CE,Federal Contract Tower,0,2,24,0,26,0,215,48,0,263,0,217,72,0,289,62,0,62,351
09/20/2007,HUM,LA,ASW,CE,Federal Contract Tower,0,5,19,0,24,0,258,57,0,315,0,263,76,0,339,44,0,44,383
09/21/2007,HUM,LA,ASW,CE,Federal Contract Tower,0,2,17,0,19,0,173,41,0,214,0,175,58,0,233,10,0,10,243
09/22/2007,HUM,LA,ASW,CE,Federal Contract Tower,0,0,5,0,5,0,179,18,0,197,0,179,23,0,202,46,0,46,248
09/23/2007,HUM,LA,ASW,CE,Federal Contract Tower,0,3,6,0,9,0,142,19,0,161,0,145,25,0,170,42,0,42,212
09/24/2007,HUM,LA,ASW,CE,Federal Contract Tower,0,23,8,0,31,0,79,14,0,93,0,102,22,0,124,0,0,0,124
09/25/2007,HUM,LA,ASW,CE,Federal Contract Tower,0,15,8,0,23,0,158,51,0,209,0,173,59,0,232,36,0,36,268
09/26/2007,HUM,LA,ASW,CE,Federal Contract Tower,0,4,19,0,23,0,205,71,0,276,0,209,90,0,299,78,0,78,377
09/27/2007,HUM,LA,ASW,CE,Federal Contract Tower,0,12,19,0,31,0,176,57,0,233,0,188,76,0,264,132,0,132,396
09/28/2007,HUM,LA,ASW,CE,Federal Contract Tower,0,0,13,0,13,0,170,61,0,231,0,170,74,0,244,126,0,126,370
09/29/2007,HUM,LA,ASW,CE,Federal Contract Tower,0,0,9,0,9,0,119,42,0,161,0,119,51,0,170,34,0,34,204
09/30/2007,HUM,LA,ASW,CE,Federal Contract Tower,0,7,10,0,17,0,126,36,0,162,0,133,46,0,179,60,0,60,239
10/01/2007,HUM,LA,ASW,CE,Federal Contract Tower,0,3,10,0,13,0,156,50,0,206,0,159,60,0,219,50,0,50,269
10/02/2007,HUM,LA,ASW,CE,Federal Contract Tower,0,0,17,0,17,0,197,85,4,286,0,197,102,4,303,22,0,22,325
10/03/2007,HUM,LA,ASW,CE,Federal Contract Tower,0,5,11,0,16,0,225,62,0,287,0,230,73,0,303,52,0,52,355
10/04/2007,HUM,LA,ASW,CE,Federal Contract Tower,0,9,19,0,28,0,185,42,0,227,0,194,61,0,255,6,0,6,261
10/05/2007,HUM,LA,ASW,CE,Federal Contract Tower,0,16,16,0,32,0,148,31,6,185,0,164,47,6,217,0,26,26,243
10/06/2007,HUM,LA,ASW,CE,Federal Contract Tower,0,15,9,0,24,0,89,21,0,110,0,104,30,0,134,16,0,16,150
10/07/2007,HUM,LA,ASW,CE,Federal Contract Tower,0,9,9,0,18,0,89,28,0,117,0,98,37,0,135,52,0,52,187
10/08/2007,HUM,LA,ASW,CE,Federal Contract Tower,0,14,8,0,22,0,136,37,0,173,0,150,45,0,195,3,0,3,198
10/09/2007,HUM,LA,ASW,CE,Federal Contract Tower,0,41,22,0,63,0,144,36,0,180,0,185,58,0,243,72,0,72,315
10/10/2007,HUM,LA,ASW,CE,Federal Contract Tower,0,8,18,0,26,0,197,79,0,276,0,205,97,0,302,20,0,20,322
10/11/2007,HUM,LA,ASW,CE,Federal Contract Tower,0,12,23,0,35,0,233,107,0,340,0,245,130,0,375,45,0,45,420
10/12/2007,HUM,LA,ASW,CE,Federal Contract Tower,0,6,25,0,31,0,194,119,0,313,0,200,144,0,344,63,0,63,407
10/13/2007,HUM,LA,ASW,CE,Federal Contract Tower,0,11,10,0,21,0,114,57,0,171,0,125,67,0,192,44,0,44,236
10/14/2007,HUM,LA,ASW,CE,Federal Contract Tower,0,4,12,0,16,0,81,68,0,149,0,85,80,0,165,58,0,58,223
10/15/2007,HUM,LA,ASW,CE,Federal Contract Tower,0,11,19,0,30,0,156,67,0,223,0,167,86,0,253,38,0,38,291
10/16/2007,HUM,LA,ASW,CE,Federal Contract Tower,0,23,20,0,43,0,165,56,2,223,0,188,76,2,266,8,0,8,274
10/17/2007,HUM,LA,ASW,CE,Federal Contract Tower,0,14,13,0,27,0,204,24,0,228,0,218,37,0,255,2,0,2,257
10/18/2007,HUM,LA,ASW,CE,Federal Contract Tower,0,11,16,0,27,0,196,35,0,231,0,207,51,0,258,6,0,6,264
10/19/2007,HUM,LA,ASW,CE,Federal Contract Tower,0,5,14,3,22,0,172,51,10,233,0,177,65,13,255,14,8,22,277
10/20/2007,HUM,LA,ASW,CE,Federal Contract Tower,0,2,14,1,17,0,116,129,5,250,0,118,143,6,267,16,2,18,285
10/21/2007,HUM,LA,ASW,CE,Federal Contract Tower,0,2,12,0,14,0,142,35,0,177,0,144,47,0,191,128,0,128,319
10/22/2007,HUM,LA,ASW,CE,Federal Contract Tower,0,33,9,0,42,0,42,0,0,42,0,75,9,0,84,0,0,0,84
10/23/2007,HUM,LA,ASW,CE,Federal Contract Tower,0,14,6,0,20,0,176,38,0,214,0,190,44,0,234,0,0,0,234
10/24/2007,HUM,LA,ASW,CE,Federal Contract Tower,0,6,19,0,25,0,213,59,2,274,0,219,78,2,299,36,2,38,337
10/25/2007,HUM,LA,ASW,CE,Federal Contract Tower,0,0,15,0,15,0,205,71,2,278,0,205,86,2,293,16,0,16,309
10/26/2007,HUM,LA,ASW,CE,Federal Contract Tower,0,0,13,0,13,0,153,88,0,241,0,153,101,0,254,50,0,50,304
10/27/2007,HUM,LA,ASW,CE,Federal Contract Tower,0,2,5,0,7,0,142,51,0,193,0,144,56,0,200,160,0,160,360
10/28/2007,HUM,LA,ASW,CE,Federal Contract Tower,0,0,12,0,12,0,150,33,16,199,0,150,45,16,211,34,0,34,245
10/29/2007,HUM,LA,ASW,CE,Federal Contract Tower,0,0,12,0,12,0,172,62,0,234,0,172,74,0,246,22,0,22,268
10/30/2007,HUM,LA,ASW,CE,Federal Contract Tower,0,14,16,0,30,0,227,58,0,285,0,241,74,0,315,50,0,50,365
10/31/2007,HUM,LA,ASW,CE,Federal Contract Tower,0,12,10,0,22,0,172,80,0,252,0,184,90,0,274,18,0,18,292
11/01/2007,HUM,LA,ASW,CE,Federal Contract Tower,0,4,17,0,21,0,251,100,0,351,0,255,117,0,372,32,0,32,404
11/02/2007,HUM,LA,ASW,CE,Federal Contract Tower,0,6,19,0,25,0,182,52,0,234,0,188,71,0,259,20,0,20,279
11/03/2007,HUM,LA,ASW,CE,Federal Contract Tower,0,0,7,0,7,0,139,27,0,166,0,139,34,0,173,52,0,52,225
11/04/2007,HUM,LA,ASW,CE,Federal Contract Tower,0,2,13,0,15,0,131,55,0,186,0,133,68,0,201,56,0,56,257
11/05/2007,HUM,LA,ASW,CE,Federal Contract Tower,0,23,14,0,37,0,150,53,0,203,0,173,67,0,240,24,0,24,264
11/06/2007,HUM,LA,ASW,CE,Federal Contract Tower,0,20,22,0,42,0,215,56,0,271,0,235,78,0,313,14,0,14,327
11/07/2007,HUM,LA,ASW,CE,Federal Contract Tower,0,7,20,1,28,0,218,50,0,268,0,225,70,1,296,78,0,78,374
11/08/2007,HUM,LA,ASW,CE,Federal Contract Tower,0,6,18,0,24,0,182,98,0,280,0,188,116,0,304,80,0,80,384
11/09/2007,HUM,LA,ASW,CE,Federal Contract Tower,0,3,18,0,21,0,185,47,1,233,0,188,65,1,254,62,0,62,316
11/10/2007,HUM,LA,ASW,CE,Federal Contract Tower,0,6,10,0,16,0,142,36,3,181,0,148,46,3,197,60,0,60,257
11/11/2007,HUM,LA,ASW,CE,Federal Contract Tower,0,18,13,0,31,0,110,37,0,147,0,128,50,0,178,38,0,38,216
11/12/2007,HUM,LA,ASW,CE,Federal Contract Tower,0,6,20,0,26,0,151,50,0,201,0,157,70,0,227,100,0,100,327
11/13/2007,HUM,LA,ASW,CE,Federal Contract Tower,0,19,29,0,48,0,181,66,0,247,0,200,95,0,295,100,0,100,395
11/14/2007,HUM,LA,ASW,CE,Federal Contract Tower,0,9,30,0,39,0,195,42,0,237,0,204,72,0,276,30,0,30,306
11/15/2007,HUM,LA,ASW,CE,Federal Contract Tower,0,2,18,0,20,0,180,45,0,225,0,182,63,0,245,8,0,8,253
11/16/2007,HUM,LA,ASW,CE,Federal Contract Tower,0,2,22,0,24,0,193,73,0,266,0,195,95,0,290,88,0,88,378
11/17/2007,HUM,LA,ASW,CE,Federal Contract Tower,0,4,14,0,18,0,135,35,0,170,0,139,49,0,188,50,0,50,238
11/18/2007,HUM,LA,ASW,CE,Federal Contract Tower,0,4,15,0,19,0,105,28,0,133,0,109,43,0,152,10,0,10,162
11/19/2007,HUM,LA,ASW,CE,Federal Contract Tower,0,5,11,0,16,0,183,66,0,249,0,188,77,0,265,88,0,88,353
11/20/2007,HUM,LA,ASW,CE,Federal Contract Tower,0,2,28,0,30,0,189,39,0,228,0,191,67,0,258,12,0,12,270
11/21/2007,HUM,LA,ASW,CE,Federal Contract Tower,0,15,30,0,45,0,208,45,0,253,0,223,75,0,298,6,0,6,304
11/22/2007,HUM,LA,ASW,CE,Federal Contract Tower,0,69,8,0,77,0,91,0,0,91,0,160,8,0,168,0,0,0,168
11/23/2007,HUM,LA,ASW,CE,Federal Contract Tower,0,2,12,0,14,0,103,10,0,113,0,105,22,0,127,50,0,50,177
11/24/2007,HUM,LA,ASW,CE,Federal Contract Tower,0,8,12,0,20,0,124,19,6,149,0,132,31,6,169,80,18,98,267
11/25/2007,HUM,LA,ASW,CE,Federal Contract Tower,0,10,11,0,21,0,43,2,2,47,0,53,13,2,68,2,0,2,70
11/26/2007,HUM,LA,ASW,CE,Federal Contract Tower,0,22,12,2,36,0,143,29,0,172,0,165,41,2,208,0,2,2,210
11/27/2007,HUM,LA,ASW,CE,Federal Contract Tower,0,2,30,0,32,0,199,34,0,233,0,201,64,0,265,53,0,53,318
11/28/2007,HUM,LA,ASW,CE,Federal Contract Tower,0,2,16,0,18,0,212,60,0,272,0,214,76,0,290,53,0,53,343
11/29/2007,HUM,LA,ASW,CE,Federal Contract Tower,0,7,10,0,17,0,203,61,0,264,0,210,71,0,281,98,0,98,379
11/30/2007,HUM,LA,ASW,CE,Federal Contract Tower,0,7,18,0,25,0,206,83,0,289,0,213,101,0,314,94,0,94,408
12/01/2007,HUM,LA,ASW,CE,Federal Contract Tower,0,3,9,0,12,0,147,25,0,172,0,150,34,0,184,30,0,30,214
12/02/2007,HUM,LA,ASW,CE,Federal Contract Tower,0,4,16,0,20,0,95,7,0,102,0,99,23,0,122,36,0,36,158
12/03/2007,HUM,LA,ASW,CE,Federal Contract Tower,0,9,15,0,24,0,157,30,0,187,0,166,45,0,211,14,0,14,225
12/04/2007,HUM,LA,ASW,CE,Federal Contract Tower,0,13,22,0,35,0,210,50,1,261,0,223,72,1,296,62,0,62,358
12/05/2007,HUM,LA,ASW,CE,Federal Contract Tower,0,8,7,0,15,0,247,77,2,326,0,255,84,2,341,78,0,78,419
12/06/2007,HUM,LA,ASW,CE,Federal Contract Tower,0,9,23,0,32,0,216,54,6,276,0,225,77,6,308,34,18,52,360
12/07/2007,HUM,LA,ASW,CE,Federal Contract Tower,0,8,21,0,29,0,187,62,0,249,0,195,83,0,278,58,0,58,336
12/08/2007,HUM,LA,ASW,CE,Federal Contract Tower,0,10,18,0,28,0,109,29,2,140,0,119,47,2,168,28,0,28,196
12/09/2007,HUM,LA,ASW,CE,Federal Contract Tower,0,1,11,0,12,0,73,24,0,97,0,74,35,0,109,30,0,30,139
12/10/2007,HUM,LA,ASW,CE,Federal Contract Tower,0,11,14,0,25,0,161,21,0,182,0,172,35,0,207,30,0,30,237
12/11/2007,HUM,LA,ASW,CE,Federal Contract Tower,0,7,13,0,20,0,199,51,2,252,0,206,64,2,272,26,0,26,298
12/12/2007,HUM,LA,ASW,CE,Federal Contract Tower,0,21,19,0,40,0,202,37,0,239,0,223,56,0,279,24,0,24,303
12/13/2007,HUM,LA,ASW,CE,Federal Contract Tower,0,28,20,2,50,0,173,23,2,198,0,201,43,4,248,44,0,44,292
12/14/2007,HUM,LA,ASW,CE,Federal Contract Tower,0,74,37,0,111,0,92,6,0,98,0,166,43,0,209,2,0,2,211
12/15/2007,HUM,LA,ASW,CE,Federal Contract Tower,0,11,7,0,18,0,109,17,0,126,0,120,24,0,144,42,0,42,186
12/16/2007,HUM,LA,ASW,CE,Federal Contract Tower,0,1,9,0,10,0,97,37,2,136,0,98,46,2,146,28,0,28,174
12/17/2007,HUM,LA,ASW,CE,Federal Contract Tower,0,9,14,0,23,0,172,66,0,238,0,181,80,0,261,68,0,68,329
12/18/2007,HUM,LA,ASW,CE,Federal Contract Tower,0,7,13,0,20,0,231,77,0,308,0,238,90,0,328,77,0,77,405
12/19/2007,HUM,LA,ASW,CE,Federal Contract Tower,0,7,19,0,26,0,209,53,0,262,0,216,72,0,288,6,0,6,294
12/20/2007,HUM,LA,ASW,CE,Federal Contract Tower,0,13,17,0,30,0,168,27,0,195,0,181,44,0,225,2,0,2,227
12/21/2007,HUM,LA,ASW,CE,Federal Contract Tower,0,47,30,0,77,0,93,27,2,122,0,140,57,2,199,42,0,42,241
12/22/2007,HUM,LA,ASW,CE,Federal Contract Tower,0,10,4,0,14,0,137,22,0,159,0,147,26,0,173,92,0,92,265
12/23/2007,HUM,LA,ASW,CE,Federal Contract Tower,0,6,5,0,11,0,97,17,0,114,0,103,22,0,125,20,0,20,145
12/24/2007,HUM,LA,ASW,CE,Federal Contract Tower,0,3,4,0,7,0,142,27,0,169,0,145,31,0,176,44,0,44,220
12/25/2007,HUM,LA,ASW,CE,Federal Contract Tower,0,9,2,0,11,0,87,0,0,87,0,96,2,0,98,0,0,0,98
12/26/2007,HUM,LA,ASW,CE,Federal Contract Tower,0,7,11,0,18,0,203,26,0,229,0,210,37,0,247,18,0,18,265
12/27/2007,HUM,LA,ASW,CE,Federal Contract Tower,0,13,22,0,35,0,184,59,0,243,0,197,81,0,278,60,0,60,338
12/28/2007,HUM,LA,ASW,CE,Federal Contract Tower,0,20,13,0,33,0,120,7,0,127,0,140,20,0,160,6,0,6,166
12/29/2007,HUM,LA,ASW,CE,Federal Contract Tower,0,16,17,0,33,0,119,28,0,147,0,135,45,0,180,18,0,18,198
12/30/2007,HUM,LA,ASW,CE,Federal Contract Tower,0,7,16,0,23,0,95,11,0,106,0,102,27,0,129,42,0,42,171
12/31/2007,HUM,LA,ASW,CE,Federal Contract Tower,0,11,6,0,17,0,131,32,2,165,0,142,38,2,182,4,0,4,186
01/01/2008,HUM,LA,ASW,CE,Federal Contract Tower,0,6,4,0,10,0,119,7,0,126,0,125,11,0,136,2,0,2,138
01/02/2008,HUM,LA,ASW,CE,Federal Contract Tower,0,6,21,0,27,0,194,29,0,223,0,200,50,0,250,2,0,2,252
01/03/2008,HUM,LA,ASW,CE,Federal Contract Tower,0,5,17,0,22,0,201,43,0,244,0,206,60,0,266,24,0,24,290
01/04/2008,HUM,LA,ASW,CE,Federal Contract Tower,0,7,28,0,35,0,180,49,0,229,0,187,77,0,264,20,2,22,286
01/05/2008,HUM,LA,ASW,CE,Federal Contract Tower,0,6,23,0,29,0,88,20,0,108,0,94,43,0,137,40,0,40,177
01/06/2008,HUM,LA,ASW,CE,Federal Contract Tower,0,15,21,0,36,0,101,48,0,149,0,116,69,0,185,18,0,18,203
01/07/2008,HUM,LA,ASW,CE,Federal Contract Tower,0,5,10,0,15,0,182,41,0,223,0,187,51,0,238,10,0,10,248
01/08/2008,HUM,LA,ASW,CE,Federal Contract Tower,0,9,24,0,33,0,196,50,0,246,0,205,74,0,279,34,0,34,313
01/09/2008,HUM,LA,ASW,CE,Federal Contract Tower,0,44,28,0,72,0,188,44,0,232,0,232,72,0,304,114,2,116,420
01/10/2008,HUM,LA,ASW,CE,Federal Contract Tower,0,30,9,0,39,0,138,26,0,164,0,168,35,0,203,18,0,18,221
01/11/2008,HUM,LA,ASW,CE,Federal Contract Tower,0,6,14,0,20,0,190,81,0,271,0,196,95,0,291,87,0,87,378
01/12/2008,HUM,LA,ASW,CE,Federal Contract Tower,0,5,8,0,13,0,154,48,0,202,0,159,56,0,215,64,0,64,279
01/13/2008,HUM,LA,ASW,CE,Federal Contract Tower,0,24,14,0,38,0,61,28,0,89,0,85,42,0,127,58,0,58,185
01/14/2008,HUM,LA,ASW,CE,Federal Contract Tower,0,8,18,0,26,0,189,54,0,243,0,197,72,0,269,78,0,78,347
01/15/2008,HUM,LA,ASW,CE,Federal Contract Tower,0,6,19,0,25,0,218,55,0,273,0,224,74,0,298,100,0,100,398
01/16/2008,HUM,LA,ASW,CE,Federal Contract Tower,0,33,16,0,49,0,40,2,0,42,0,73,18,0,91,0,0,0,91
01/17/2008,HUM,LA,ASW,CE,Federal Contract Tower,0,34,28,0,62,0,235,40,0,275,0,269,68,0,337,42,0,42,379
01/18/2008,HUM,LA,ASW,CE,Federal Contract Tower,0,4,21,0,25,0,188,34,2,224,0,192,55,2,249,20,0,20,269
01/19/2008,HUM,LA,ASW,CE,Federal Contract Tower,0,11,3,0,14,0,28,2,0,30,0,39,5,0,44,8,0,8,52
01/20/2008,HUM,LA,ASW,CE,Federal Contract Tower,0,1,6,0,7,0,163,61,0,224,0,164,67,0,231,82,0,82,313
01/21/2008,HUM,LA,ASW,CE,Federal Contract Tower,0,1,8,0,9,0,154,39,0,193,0,155,47,0,202,34,0,34,236
01/22/2008,HUM,LA,ASW,CE,Federal Contract Tower,0,14,17,0,31,0,198,45,0,243,0,212,62,0,274,26,0,26,300
01/23/2008,HUM,LA,ASW,CE,Federal Contract Tower,0,47,26,0,73,0,15,1,0,16,0,62,27,0,89,0,0,0,89
01/24/2008,HUM,LA,ASW,CE,Federal Contract Tower,0,55,14,0,69,0,55,6,0,61,0,110,20,0,130,0,0,0,130
01/25/2008,HUM,LA,ASW,CE,Federal Contract Tower,0,7,22,0,29,0,225,50,0,275,0,232,72,0,304,34,0,34,338
01/26/2008,HUM,LA,ASW,CE,Federal Contract Tower,0,15,10,0,25,0,2,0,0,2,0,17,10,0,27,0,0,0,27
01/27/2008,HUM,LA,ASW,CE,Federal Contract Tower,0,18,10,0,28,0,120,54,0,174,0,138,64,0,202,134,0,134,336
01/28/2008,HUM,LA,ASW,CE,Federal Contract Tower,0,25,19,0,44,0,162,64,0,226,0,187,83,0,270,68,0,68,338
01/29/2008,HUM,LA,ASW,CE,Federal Contract Tower,0,4,13,0,17,0,190,41,0,231,0,194,54,0,248,36,0,36,284
01/30/2008,HUM,LA,ASW,CE,Federal Contract Tower,0,4,17,0,21,0,219,42,0,261,0,223,59,0,282,46,0,46,328
01/31/2008,HUM,LA,ASW,CE,Federal Contract Tower,0,15,7,0,22,0,140,16,0,156,0,155,23,0,178,22,0,22,200
02/01/2008,HUM,LA,ASW,CE,Federal Contract Tower,0,1,21,0,22,0,187,60,0,247,0,188,81,0,269,90,0,90,359
02/02/2008,HUM,LA,ASW,CE,Federal Contract Tower,0,13,20,0,33,0,156,43,0,199,0,169,63,0,232,106,0,106,338
02/03/2008,HUM,LA,ASW,CE,Federal Contract Tower,0,11,10,0,21,0,106,20,0,126,0,117,30,0,147,14,0,14,161
02/04/2008,HUM,LA,ASW,CE,Federal Contract Tower,0,26,11,0,37,0,141,25,0,166,0,167,36,0,203,26,0,26,229
02/05/2008,HUM,LA,ASW,CE,Federal Contract Tower,0,54,1,0,55,0,84,11,0,95,0,138,12,0,150,0,0,0,150
02/06/2008,HUM,LA,ASW,CE,Federal Contract Tower,0,4,9,0,13,0,195,42,0,237,0,199,51,0,250,94,0,94,344
02/07/2008,HUM,LA,ASW,CE,Federal Contract Tower,0,1,7,1,9,0,218,56,6,280,0,219,63,7,289,74,0,74,363
02/08/2008,HUM,LA,ASW,CE,Federal Contract Tower,0,4,9,0,13,0,175,61,2,238,0,179,70,2,251,18,0,18,269
02/09/2008,HUM,LA,ASW,CE,Federal Contract Tower,0,11,17,0,28,0,128,33,0,161,0,139,50,0,189,32,0,32,221
02/10/2008,HUM,LA,ASW,CE,Federal Contract Tower,0,7,19,0,26,0,92,27,0,119,0,99,46,0,145,74,0,74,219
02/11/2008,HUM,LA,ASW,CE,Federal Contract Tower,0,10,17,0,27,0,164,41,0,205,0,174,58,0,232,42,0,42,274
02/12/2008,HUM,LA,ASW,CE,Federal Contract Tower,0,8,9,0,17,0,149,11,0,160,0,157,20,0,177,2,0,2,179
02/13/2008,HUM,LA,ASW,CE,Federal Contract Tower,0,7,17,0,24,0,218,61,0,279,0,225,78,0,303,72,0,72,375
02/14/2008,HUM,LA,ASW,CE,Federal Contract Tower,0,10,17,0,27,0,214,50,0,264,0,224,67,0,291,90,0,90,381
02/15/2008,HUM,LA,ASW,CE,Federal Contract Tower,0,12,20,0,32,0,172,25,0,197,0,184,45,0,229,26,0,26,255
02/16/2008,HUM,LA,ASW,CE,Federal Contract Tower,0,13,5,0,18,0,153,15,0,168,0,166,20,0,186,98,0,98,284
02/17/2008,HUM,LA,ASW,CE,Federal Contract Tower,0,7,8,0,15,0,98,13,0,111,0,105,21,0,126,54,0,54,180
02/18/2008,HUM,LA,ASW,CE,Federal Contract Tower,0,2,15,0,17,0,154,39,2,195,0,156,54,2,212,132,0,132,344
02/19/2008,HUM,LA,ASW,CE,Federal Contract Tower,0,10,23,0,33,0,220,68,0,288,0,230,91,0,321,100,0,100,421
02/20/2008,HUM,LA,ASW,CE,Federal Contract Tower,0,8,10,0,18,0,227,37,1,265,0,235,47,1,283,90,0,90,373
02/21/2008,HUM,LA,ASW,CE,Federal Contract Tower,0,17,12,0,29,0,168,13,0,181,0,185,25,0,210,0,0,0,210
02/22/2008,HUM,LA,ASW,CE,Federal Contract Tower,0,27,27,0,54,0,84,28,0,112,0,111,55,0,166,20,0,20,186
02/23/2008,HUM,LA,ASW,CE,Federal Contract Tower,0,44,15,0,59,0,137,42,0,179,0,181,57,0,238,24,0,24,262
02/24/2008,HUM,LA,ASW,CE,Federal Contract Tower,0,10,25,0,35,0,120,30,0,150,0,130,55,0,185,42,0,42,227
02/25/2008,HUM,LA,ASW,CE,Federal Contract Tower,0,17,14,0,31,0,127,39,0,166,0,144,53,0,197,88,0,88,285
02/26/2008,HUM,LA,ASW,CE,Federal Contract Tower,0,9,10,0,19,0,177,44,0,221,0,186,54,0,240,66,0,66,306
02/27/2008,HUM,LA,ASW,CE,Federal Contract Tower,0,4,17,0,21,0,272,46,0,318,0,276,63,0,339,92,0,92,431
02/28/2008,HUM,LA,ASW,CE,Federal Contract Tower,0,13,20,0,33,0,231,86,0,317,0,244,106,0,350,16,0,16,366
02/29/2008,HUM,LA,ASW,CE,Federal Contract Tower,0,2,17,0,19,0,162,49,0,211,0,164,66,0,230,46,0,46,276
03/01/2008,HUM,LA,ASW,CE,Federal Contract Tower,0,2,12,0,14,0,129,66,4,199,0,131,78,4,213,88,0,88,301
03/02/2008,HUM,LA,ASW,CE,Federal Contract Tower,0,9,11,2,22,0,99,14,0,113,0,108,25,2,135,70,0,70,205
03/03/2008,HUM,LA,ASW,CE,Federal Contract Tower,0,5,6,0,11,0,130,24,0,154,0,135,30,0,165,36,0,36,201
03/04/2008,HUM,LA,ASW,CE,Federal Contract Tower,0,9,18,0,27,0,186,49,0,235,0,195,67,0,262,76,0,76,338
03/05/2008,HUM,LA,ASW,CE,Federal Contract Tower,0,2,12,0,14,0,221,63,0,284,0,223,75,0,298,160,0,160,458
03/06/2008,HUM,LA,ASW,CE,Federal Contract Tower,0,2,18,0,20,0,174,57,0,231,0,176,75,0,251,76,0,76,327
03/07/2008,HUM,LA,ASW,CE,Federal Contract Tower,0,30,21,0,51,0,66,12,0,78,0,96,33,0,129,0,0,0,129
03/08/2008,HUM,LA,ASW,CE,Federal Contract Tower,0,0,21,0,21,0,117,70,0,187,0,117,91,0,208,116,0,116,324
03/09/2008,HUM,LA,ASW,CE,Federal Contract Tower,0,8,15,0,23,0,103,50,0,153,0,111,65,0,176,56,0,56,232
03/10/2008,HUM,LA,ASW,CE,Federal Contract Tower,0,13,11,0,24,0,164,50,2,216,0,177,61,2,240,38,0,38,278
03/11/2008,HUM,LA,ASW,CE,Federal Contract Tower,0,47,17,0,64,0,140,34,0,174,0,187,51,0,238,42,0,42,280
03/12/2008,HUM,LA,ASW,CE,Federal Contract Tower,0,6,9,0,15,0,202,46,4,252,0,208,55,4,267,118,0,118,385
03/13/2008,HUM,LA,ASW,CE,Federal Contract Tower,0,4,19,0,23,0,249,70,6,325,0,253,89,6,348,34,0,34,382
03/14/2008,HUM,LA,ASW,CE,Federal Contract Tower,0,32,16,0,48,0,108,13,0,121,0,140,29,0,169,28,0,28,197
03/15/2008,HUM,LA,ASW,CE,Federal Contract Tower,0,16,9,0,25,0,111,24,0,135,0,127,33,0,160,14,0,14,174
03/16/2008,HUM,LA,ASW,CE,Federal Contract Tower,0,6,8,0,14,0,110,53,2,165,0,116,61,2,179,6,0,6,185
03/17/2008,HUM,LA,ASW,CE,Federal Contract Tower,0,31,10,0,41,0,138,12,0,150,0,169,22,0,191,0,0,0,191
03/18/2008,HUM,LA,ASW,CE,Federal Contract Tower,0,16,15,0,31,0,143,13,0,156,0,159,28,0,187,0,0,0,187
03/19/2008,HUM,LA,ASW,CE,Federal Contract Tower,0,4,6,0,10,0,226,36,4,266,0,230,42,4,276,24,0,24,300
03/20/2008,HUM,LA,ASW,CE,Federal Contract Tower,0,3,20,0,23,0,246,66,0,312,0,249,86,0,335,82,0,82,417
03/21/2008,HUM,LA,ASW,CE,Federal Contract Tower,0,11,19,0,30,0,159,43,0,202,0,170,62,0,232,90,0,90,322
03/22/2008,HUM,LA,ASW,CE,Federal Contract Tower,0,4,17,0,21,0,155,51,2,208,0,159,68,2,229,6,0,6,235
03/23/2008,HUM,LA,ASW,CE,Federal Contract Tower,0,22,11,0,33,0,95,20,2,117,0,117,31,2,150,4,0,4,154
03/24/2008,HUM,LA,ASW,CE,Federal Contract Tower,0,6,20,0,26,0,139,50,0,189,0,145,70,0,215,110,0,110,325
03/25/2008,HUM,LA,ASW,CE,Federal Contract Tower,0,0,20,0,20,0,191,51,0,242,0,191,71,0,262,120,0,120,382
03/26/2008,HUM,LA,ASW,CE,Federal Contract Tower,0,10,16,0,26,0,230,68,0,298,0,240,84,0,324,126,0,126,450
03/27/2008,HUM,LA,ASW,CE,Federal Contract Tower,0,5,21,0,26,0,206,53,3,262,0,211,74,3,288,94,0,94,382
03/28/2008,HUM,LA,ASW,CE,Federal Contract Tower,0,3,25,0,28,0,173,53,2,228,0,176,78,2,256,62,0,62,318
03/29/2008,HUM,LA,ASW,CE,Federal Contract Tower,0,29,22,0,51,0,108,20,0,128,0,137,42,0,179,28,0,28,207
03/30/2008,HUM,LA,ASW,CE,Federal Contract Tower,0,11,32,0,43,0,95,45,5,145,0,106,77,5,188,10,0,10,198
03/31/2008,HUM,LA,ASW,CE,Federal Contract Tower,0,8,11,0,19,0,159,30,0,189,0,167,41,0,208,16,0,16,224
04/01/2008,HUM,LA,ASW,CE,Federal Contract Tower,0,6,22,0,28,0,242,44,0,286,0,248,66,0,314,86,0,86,400
04/02/2008,HUM,LA,ASW,CE,Federal Contract Tower,0,28,8,0,36,0,169,31,0,200,0,197,39,0,236,52,0,52,288
04/03/2008,HUM,LA,ASW,CE,Federal Contract Tower,0,12,18,0,30,0,238,49,4,291,0,250,67,4,321,100,0,100,421
04/04/2008,HUM,LA,ASW,CE,Federal Contract Tower,0,12,20,0,32,0,164,35,0,199,0,176,55,0,231,18,0,18,249
04/05/2008,HUM,LA,ASW,CE,Federal Contract Tower,0,32,10,0,42,0,47,4,2,53,0,79,14,2,95,0,0,0,95
04/06/2008,HUM,LA,ASW,CE,Federal Contract Tower,0,7,12,0,19,0,96,27,0,123,0,103,39,0,142,26,0,26,168
04/07/2008,HUM,LA,ASW,CE,Federal Contract Tower,0,12,20,0,32,0,127,41,0,168,0,139,61,0,200,98,0,98,298
04/08/2008,HUM,LA,ASW,CE,Federal Contract Tower,0,8,20,0,28,0,196,43,11,250,0,204,63,11,278,48,0,48,326
04/09/2008,HUM,LA,ASW,CE,Federal Contract Tower,0,9,24,0,33,0,197,35,8,240,0,206,59,8,273,54,0,54,327
04/10/2008,HUM,LA,ASW,CE,Federal Contract Tower,0,8,15,0,23,0,187,12,0,199,0,195,27,0,222,4,0,4,226
04/11/2008,HUM,LA,ASW,CE,Federal Contract Tower,0,10,10,1,21,0,136,34,1,171,0,146,44,2,192,4,0,4,196
04/12/2008,HUM,LA,ASW,CE,Federal Contract Tower,0,7,10,0,17,0,101,33,4,138,0,108,43,4,155,60,0,60,215
04/13/2008,HUM,LA,ASW,CE,Federal Contract Tower,0,0,13,0,13,0,121,22,8,151,0,121,35,8,164,64,0,64,228
04/14/2008,HUM,LA,ASW,CE,Federal Contract Tower,0,3,10,0,13,0,182,89,0,271,0,185,99,0,284,102,0,102,386
04/15/2008,HUM,LA,ASW,CE,Federal Contract Tower,0,7,7,0,14,0,233,70,4,307,0,240,77,4,321,74,0,74,395
04/16/2008,HUM,LA,ASW,CE,Federal Contract Tower,0,2,24,0,26,0,229,61,6,296,0,231,85,6,322,68,0,68,390
04/17/2008,HUM,LA,ASW,CE,Federal Contract Tower,0,0,12,0,12,0,233,52,2,287,0,233,64,2,299,62,0,62,361
04/18/2008,HUM,LA,ASW,CE,Federal Contract Tower,0,2,8,0,10,0,174,41,0,215,0,176,49,0,225,58,0,58,283
04/19/2008,HUM,LA,ASW,CE,Federal Contract Tower,0,3,9,0,12,0,116,39,0,155,0,119,48,0,167,100,0,100,267
04/20/2008,HUM,LA,ASW,CE,Federal Contract Tower,0,1,5,0,6,0,105,49,0,154,0,106,54,0,160,26,0,26,186
04/21/2008,HUM,LA,ASW,CE,Federal Contract Tower,0,1,12,0,13,0,169,62,4,235,0,170,74,4,248,38,40,78,326
04/22/2008,HUM,LA,ASW,CE,Federal Contract Tower,0,4,23,0,27,0,205,50,4,259,0,209,73,4,286,12,48,60,346
04/23/2008,HUM,LA,ASW,CE,Federal Contract Tower,0,43,31,0,74,0,141,52,2,195,0,184,83,2,269,36,0,36,305
04/24/2008,HUM,LA,ASW,CE,Federal Contract Tower,0,10,70,0,80,0,215,8,0,223,0,225,78,0,303,10,0,10,313
04/25/2008,HUM,LA,ASW,CE,Federal Contract Tower,0,9,11,0,20,0,173,44,0,217,0,182,55,0,237,66,0,66,303
04/26/2008,HUM,LA,ASW,CE,Federal Contract Tower,0,19,10,0,29,0,105,22,0,127,0,124,32,0,156,56,0,56,212
04/27/2008,HUM,LA,ASW,CE,Federal Contract Tower,0,18,14,0,32,0,75,20,2,97,0,93,34,2,129,12,0,12,141
04/28/2008,HUM,LA,ASW,CE,Federal Contract Tower,0,5,16,0,21,0,160,65,0,225,0,165,81,0,246,84,0,84,330
04/29/2008,HUM,LA,ASW,CE,Federal Contract Tower,0,0,12,2,14,0,199,77,2,278,0,199,89,4,292,52,0,52,344
04/30/2008,HUM,LA,ASW,CE,Federal Contract Tower,0,2,14,0,16,0,222,67,0,289,0,224,81,0,305,24,0,24,329
05/01/2008,HUM,LA,ASW,CE,Federal Contract Tower,0,1,17,0,18,0,209,53,0,262,0,210,70,0,280,12,0,12,292
05/02/2008,HUM,LA,ASW,CE,Federal Contract Tower,0,9,22,0,31,0,140,41,0,181,0,149,63,0,212,8,0,8,220
05/03/2008,HUM,LA,ASW,CE,Federal Contract Tower,0,8,6,0,14,0,62,14,0,76,0,70,20,0,90,54,0,54,144
05/04/2008,HUM,LA,ASW,CE,Federal Contract Tower,0,10,22,0,32,0,121,54,2,177,0,131,76,2,209,76,0,76,285
05/05/2008,HUM,LA,ASW,CE,Federal Contract Tower,0,4,17,0,21,0,207,62,0,269,0,211,79,0,290,54,0,54,344
05/06/2008,HUM,LA,ASW,CE,Federal Contract Tower,0,6,16,0,22,0,173,71,0,244,0,179,87,0,266,74,0,74,340
05/07/2008,HUM,LA,ASW,CE,Federal Contract Tower,0,5,15,0,20,0,194,41,0,235,0,199,56,0,255,86,0,86,341
05/08/2008,HUM,LA,ASW,CE,Federal Contract Tower,0,6,16,0,22,0,207,48,0,255,0,213,64,0,277,36,0,36,313
05/09/2008,HUM,LA,ASW,CE,Federal Contract Tower,0,22,22,0,44,0,143,42,0,185,0,165,64,0,229,26,0,26,255
05/10/2008,HUM,LA,ASW,CE,Federal Contract Tower,0,8,3,0,11,0,119,55,2,176,0,127,58,2,187,48,0,48,235
05/11/2008,HUM,LA,ASW,CE,Federal Contract Tower,0,5,6,0,11,0,100,26,10,136,0,105,32,10,147,0,0,0,147
05/12/2008,HUM,LA,ASW,CE,Federal Contract Tower,0,5,11,0,16,0,181,58,2,241,0,186,69,2,257,12,0,12,269
05/13/2008,HUM,LA,ASW,CE,Federal Contract Tower,0,11,12,0,23,0,185,67,3,255,0,196,79,3,278,42,0,42,320
05/14/2008,HUM,LA,ASW,CE,Federal Contract Tower,0,5,10,0,15,0,200,70,0,270,0,205,80,0,285,52,0,52,337
05/15/2008,HUM,LA,ASW,CE,Federal Contract Tower,0,4,6,0,10,0,121,13,2,136,0,125,19,2,146,2,6,8,154
05/16/2008,HUM,LA,ASW,CE,Federal Contract Tower,0,23,23,0,46,0,53,15,0,68,0,76,38,0,114,18,0,18,132
05/17/2008,HUM,LA,ASW,CE,Federal Contract Tower,0,0,5,0,5,0,154,53,2,209,0,154,58,2,214,36,0,36,250
05/18/2008,HUM,LA,ASW,CE,Federal Contract Tower,0,4,0,0,4,0,111,0,53,164,0,115,0,53,168,34,0,34,202
05/19/2008,HUM,LA,ASW,CE,Federal Contract Tower,0,2,15,0,17,0,196,85,0,281,0,198,100,0,298,24,0,24,322
05/20/2008,HUM,LA,ASW,CE,Federal Contract Tower,0,2,13,0,15,0,205,82,0,287,0,207,95,0,302,24,0,24,326
05/21/2008,HUM,LA,ASW,CE,Federal Contract Tower,0,2,15,0,17,0,201,62,2,265,0,203,77,2,282,20,0,20,302
05/22/2008,HUM,LA,ASW,CE,Federal Contract Tower,0,15,19,0,34,0,182,35,0,217,0,197,54,0,251,2,0,2,253
05/23/2008,HUM,LA,ASW,CE,Federal Contract Tower,0,14,28,0,42,0,158,42,10,210,0,172,70,10,252,0,0,0,252
05/24/2008,HUM,LA,ASW,CE,Federal Contract Tower,0,10,10,0,20,0,124,28,1,153,0,134,38,1,173,52,0,52,225
05/25/2008,HUM,LA,ASW,CE,Federal Contract Tower,0,8,10,0,18,0,92,32,4,128,0,100,42,4,146,28,0,28,174
05/26/2008,HUM,LA,ASW,CE,Federal Contract Tower,0,9,16,0,25,0,170,43,0,213,0,179,59,0,238,24,0,24,262
05/27/2008,HUM,LA,ASW,CE,Federal Contract Tower,0,1,12,0,13,0,193,42,0,235,0,194,54,0,248,12,0,12,260
05/28/2008,HUM,LA,ASW,CE,Federal Contract Tower,0,1,11,0,12,0,184,71,0,255,0,185,82,0,267,47,0,47,314
05/29/2008,HUM,LA,ASW,CE,Federal Contract Tower,0,0,12,0,12,0,217,56,0,273,0,217,68,0,285,6,0,6,291
05/30/2008,HUM,LA,ASW,CE,Federal Contract Tower,0,6,16,0,22,0,158,62,0,220,0,164,78,0,242,50,0,50,292
05/31/2008,HUM,LA,ASW,CE,Federal Contract Tower,0,7,9,0,16,0,126,42,4,172,0,133,51,4,188,44,0,44,232
06/01/2008,HUM,LA,ASW,CE,Federal Contract Tower,0,1,22,0,23,0,125,25,0,150,0,126,47,0,173,16,0,16,189
06/02/2008,HUM,LA,ASW,CE,Federal Contract Tower,0,4,18,0,22,0,167,58,0,225,0,171,76,0,247,42,0,42,289
06/03/2008,HUM,LA,ASW,CE,Federal Contract Tower,0,4,21,0,25,0,189,73,0,262,0,193,94,0,287,74,0,74,361
06/04/2008,HUM,LA,ASW,CE,Federal Contract Tower,0,4,15,0,19,0,243,55,0,298,0,247,70,0,317,72,0,72,389
06/05/2008,HUM,LA,ASW,CE,Federal Contract Tower,0,3,21,0,24,0,202,65,0,267,0,205,86,0,291,42,0,42,333
06/06/2008,HUM,LA,ASW,CE,Federal Contract Tower,0,10,21,0,31,0,151,52,0,203,0,161,73,0,234,44,0,44,278
06/07/2008,HUM,LA,ASW,CE,Federal Contract Tower,0,5,9,2,16,0,109,35,0,144,0,114,44,2,160,4,0,4,164
06/08/2008,HUM,LA,ASW,CE,Federal Contract Tower,0,3,19,0,22,0,133,31,0,164,0,136,50,0,186,68,0,68,254
06/09/2008,HUM,LA,ASW,CE,Federal Contract Tower,0,3,10,0,13,0,190,52,0,242,0,193,62,0,255,60,0,60,315
06/10/2008,HUM,LA,ASW,CE,Federal Contract Tower,0,5,23,0,28,0,179,52,4,235,0,184,75,4,263,88,0,88,351
06/11/2008,HUM,LA,ASW,CE,Federal Contract Tower,0,3,14,0,17,0,197,55,3,255,0,200,69,3,272,8,0,8,280
06/12/2008,HUM,LA,ASW,CE,Federal Contract Tower,0,8,14,0,22,0,205,65,0,270,0,213,79,0,292,52,0,52,344
06/13/2008,HUM,LA,ASW,CE,Federal Contract Tower,0,4,12,0,16,0,163,38,0,201,0,167,50,0,217,54,0,54,271
06/14/2008,HUM,LA,ASW,CE,Federal Contract Tower,0,6,18,0,24,0,84,31,1,116,0,90,49,1,140,16,0,16,156
06/15/2008,HUM,LA,ASW,CE,Federal Contract Tower,0,10,13,0,23,0,85,23,0,108,0,95,36,0,131,20,0,20,151
06/16/2008,HUM,LA,ASW,CE,Federal Contract Tower,0,4,6,0,10,0,190,61,0,251,0,194,67,0,261,38,0,38,299
06/17/2008,HUM,LA,ASW,CE,Federal Contract Tower,0,3,17,0,20,0,193,66,0,259,0,196,83,0,279,38,0,38,317
06/18/2008,HUM,LA,ASW,CE,Federal Contract Tower,0,12,8,0,20,0,223,76,5,304,0,235,84,5,324,132,0,132,456
06/19/2008,HUM,LA,ASW,CE,Federal Contract Tower,0,5,21,0,26,0,205,75,0,280,0,210,96,0,306,76,0,76,382
06/20/2008,HUM,LA,ASW,CE,Federal Contract Tower,0,3,18,0,21,0,176,58,0,234,0,179,76,0,255,56,0,56,311
06/21/2008,HUM,LA,ASW,CE,Federal Contract Tower,0,0,7,0,7,0,165,33,0,198,0,165,40,0,205,58,0,58,263
06/22/2008,HUM,LA,ASW,CE,Federal Contract Tower,0,20,26,0,46,0,140,28,0,168,0,160,54,0,214,16,0,16,230
06/23/2008,HUM,LA,ASW,CE,Federal Contract Tower,0,0,19,0,19,0,174,51,0,225,0,174,70,0,244,48,0,48,292
06/24/2008,HUM,LA,ASW,CE,Federal Contract Tower,0,3,9,0,12,0,182,58,0,240,0,185,67,0,252,76,0,76,328
06/25/2008,HUM,LA,ASW,CE,Federal Contract Tower,0,3,19,0,22,0,247,72,0,319,0,250,91,0,341,118,0,118,459
06/26/2008,HUM,LA,ASW,CE,Federal Contract Tower,0,0,15,0,15,0,198,60,0,258,0,198,75,0,273,30,0,30,303
06/27/2008,HUM,LA,ASW,CE,Federal Contract Tower,0,1,11,0,12,0,187,45,0,232,0,188,56,0,244,40,0,40,284
06/28/2008,HUM,LA,ASW,CE,Federal Contract Tower,0,12,9,0,21,0,139,41,0,180,0,151,50,0,201,56,0,56,257
06/29/2008,HUM,LA,ASW,CE,Federal Contract Tower,0,2,18,0,20,0,110,29,0,139,0,112,47,0,159,70,0,70,229
06/30/2008,HUM,LA,ASW,CE,Federal Contract Tower,0,10,14,0,24,0,156,48,2,206,0,166,62,2,230,70,0,70,300
07/01/2008,HUM,LA,ASW,CE,Federal Contract Tower,0,5,14,0,19,0,236,83,2,321,0,241,97,2,340,24,0,24,364
07/02/2008,HUM,LA,ASW,CE,Federal Contract Tower,0,7,18,0,25,0,206,57,2,265,0,213,75,2,290,60,0,60,350
07/03/2008,HUM,LA,ASW,CE,Federal Contract Tower,0,3,17,0,20,0,190,58,0,248,0,193,75,0,268,98,0,98,366
07/04/2008,HUM,LA,ASW,CE,Federal Contract Tower,0,5,11,0,16,0,120,43,0,163,0,125,54,0,179,68,0,68,247
07/05/2008,HUM,LA,ASW,CE,Federal Contract Tower,0,5,9,0,14,0,107,36,0,143,0,112,45,0,157,30,0,30,187
07/06/2008,HUM,LA,ASW,CE,Federal Contract Tower,0,6,12,0,18,0,95,40,0,135,0,101,52,0,153,46,0,46,199
07/07/2008,HUM,LA,ASW,CE,Federal Contract Tower,0,8,11,0,19,0,221,64,0,285,0,229,75,0,304,30,0,30,334
07/08/2008,HUM,LA,ASW,CE,Federal Contract Tower,0,0,16,0,16,0,209,70,0,279,0,209,86,0,295,74,0,74,369
07/09/2008,HUM,LA,ASW,CE,Federal Contract Tower,0,0,19,0,19,0,238,79,0,317,0,238,98,0,336,169,0,169,505
07/10/2008,HUM,LA,ASW,CE,Federal Contract Tower,0,3,21,0,24,0,217,95,0,312,0,220,116,0,336,58,0,58,394
07/11/2008,HUM,LA,ASW,CE,Federal Contract Tower,0,2,22,0,24,0,176,90,0,266,0,178,112,0,290,148,0,148,438
07/12/2008,HUM,LA,ASW,CE,Federal Contract Tower,0,8,10,0,18,0,114,38,0,152,0,122,48,0,170,52,0,52,222
07/13/2008,HUM,LA,ASW,CE,Federal Contract Tower,0,3,17,0,20,0,104,80,1,185,0,107,97,1,205,36,0,36,241
07/14/2008,HUM,LA,ASW,CE,Federal Contract Tower,0,11,17,0,28,0,172,55,0,227,0,183,72,0,255,10,0,10,265
07/15/2008,HUM,LA,ASW,CE,Federal Contract Tower,0,2,10,0,12,0,213,93,0,306,0,215,103,0,318,88,0,88,406
07/16/2008,HUM,LA,ASW,CE,Federal Contract Tower,0,9,9,0,18,0,225,77,0,302,0,234,86,0,320,16,0,16,336
07/17/2008,HUM,LA,ASW,CE,Federal Contract Tower,0,1,16,0,17,0,205,103,0,308,0,206,119,0,325,26,0,26,351
07/18/2008,HUM,LA,ASW,CE,Federal Contract Tower,0,10,25,0,35,0,151,70,0,221,0,161,95,0,256,6,0,6,262
07/19/2008,HUM,LA,ASW,CE,Federal Contract Tower,0,8,9,0,17,0,114,31,0,145,0,122,40,0,162,32,0,32,194
07/20/2008,HUM,LA,ASW,CE,Federal Contract Tower,0,28,17,0,45,0,144,65,0,209,0,172,82,0,254,18,0,18,272
07/21/2008,HUM,LA,ASW,CE,Federal Contract Tower,0,7,12,0,19,0,176,56,0,232,0,183,68,0,251,36,0,36,287
07/22/2008,HUM,LA,ASW,CE,Federal Contract Tower,0,5,19,0,24,0,199,70,0,269,0,204,89,0,293,48,0,48,341
07/23/2008,HUM,LA,ASW,CE,Federal Contract Tower,0,2,17,0,19,0,221,64,0,285,0,223,81,0,304,76,0,76,380
07/24/2008,HUM,LA,ASW,CE,Federal Contract Tower,0,2,13,0,15,0,200,63,0,263,0,202,76,0,278,88,0,88,366
07/25/2008,HUM,LA,ASW,CE,Federal Contract Tower,0,3,10,0,13,0,175,57,0,232,0,178,67,0,245,66,0,66,311
07/26/2008,HUM,LA,ASW,CE,Federal Contract Tower,0,3,5,0,8,0,110,43,4,157,0,113,48,4,165,50,0,50,215
07/27/2008,HUM,LA,ASW,CE,Federal Contract Tower,0,4,11,0,15,0,80,28,0,108,0,84,39,0,123,20,0,20,143
07/28/2008,HUM,LA,ASW,CE,Federal Contract Tower,0,6,7,0,13,0,141,69,0,210,0,147,76,0,223,50,0,50,273
07/29/2008,HUM,LA,ASW,CE,Federal Contract Tower,0,10,18,0,28,0,124,60,0,184,0,134,78,0,212,34,0,34,246
07/30/2008,HUM,LA,ASW,CE,Federal Contract Tower,0,11,7,0,18,0,238,76,0,314,0,249,83,0,332,12,0,12,344
07/31/2008,HUM,LA,ASW,CE,Federal Contract Tower,0,8,8,0,16,0,231,55,0,286,0,239,63,0,302,28,0,28,330
08/01/2008,HUM,LA,ASW,CE,Federal Contract Tower,0,2,19,0,21,0,137,48,0,185,0,139,67,0,206,40,0,40,246
08/02/2008,HUM,LA,ASW,CE,Federal Contract Tower,0,8,4,0,12,0,94,17,0,111,0,102,21,0,123,32,0,32,155
08/03/2008,HUM,LA,ASW,CE,Federal Contract Tower,0,4,8,0,12,0,110,50,0,160,0,114,58,0,172,36,0,36,208
08/04/2008,HUM,LA,ASW,CE,Federal Contract Tower,0,5,5,0,10,0,53,35,0,88,0,58,40,0,98,64,0,64,162
08/05/2008,HUM,LA,ASW,CE,Federal Contract Tower,0,5,4,0,9,0,221,62,0,283,0,226,66,0,292,30,0,30,322
08/06/2008,HUM,LA,ASW,CE,Federal Contract Tower,0,3,16,0,19,0,222,89,0,311,0,225,105,0,330,40,0,40,370
08/07/2008,HUM,LA,ASW,CE,Federal Contract Tower,0,6,17,0,23,0,262,96,0,358,0,268,113,0,381,98,0,98,479
08/08/2008,HUM,LA,ASW,CE,Federal Contract Tower,0,2,9,0,11,0,79,32,0,111,0,81,41,0,122,14,0,14,136
08/09/2008,HUM,LA,ASW,CE,Federal Contract Tower,0,11,8,0,19,0,169,54,0,223,0,180,62,0,242,40,0,40,282
08/10/2008,HUM,LA,ASW,CE,Federal Contract Tower,0,0,7,0,7,0,127,40,0,167,0,127,47,0,174,22,0,22,196
08/11/2008,HUM,LA,ASW,CE,Federal Contract Tower,0,9,6,0,15,0,191,60,0,251,0,200,66,0,266,112,0,112,378
08/12/2008,HUM,LA,ASW,CE,Federal Contract Tower,0,10,10,0,20,0,212,58,4,274,0,222,68,4,294,34,0,34,328
08/13/2008,HUM,LA,ASW,CE,Federal Contract Tower,0,16,16,0,32,0,92,43,0,135,0,108,59,0,167,12,0,12,179
08/14/2008,HUM,LA,ASW,CE,Federal Contract Tower,0,3,16,0,19,0,248,100,0,348,0,251,116,0,367,118,0,118,485
08/15/2008,HUM,LA,ASW,CE,Federal Contract Tower,0,5,13,0,18,0,192,94,0,286,0,197,107,0,304,50,0,50,354
08/16/2008,HUM,LA,ASW,CE,Federal Contract Tower,0,9,5,0,14,0,118,31,0,149,0,127,36,0,163,48,0,48,211
08/17/2008,HUM,LA,ASW,CE,Federal Contract Tower,0,4,6,0,10,0,100,36,0,136,0,104,42,0,146,16,0,16,162
08/18/2008,HUM,LA,ASW,CE,Federal Contract Tower,0,8,15,0,23,0,143,77,0,220,0,151,92,0,243,4,0,4,247
08/19/2008,HUM,LA,ASW,CE,Federal Contract Tower,0,1,6,0,7,0,208,55,0,263,0,209,61,0,270,38,0,38,308
08/20/2008,HUM,LA,ASW,CE,Federal Contract Tower,0,10,23,0,33,0,218,76,0,294,0,228,99,0,327,70,0,70,397
08/21/2008,HUM,LA,ASW,CE,Federal Contract Tower,0,0,13,2,15,0,225,79,2,306,0,225,92,4,321,58,14,72,393
08/22/2008,HUM,LA,ASW,CE,Federal Contract Tower,0,3,23,2,28,0,200,72,2,274,0,203,95,4,302,22,0,22,324
08/23/2008,HUM,LA,ASW,CE,Federal Contract Tower,0,6,11,0,17,0,115,45,0,160,0,121,56,0,177,6,0,6,183
08/24/2008,HUM,LA,ASW,CE,Federal Contract Tower,0,4,8,0,12,0,96,12,0,108,0,100,20,0,120,0,0,0,120
08/25/2008,HUM,LA,ASW,CE,Federal Contract Tower,0,10,7,0,17,0,164,30,0,194,0,174,37,0,211,0,0,0,211
08/26/2008,HUM,LA,ASW,CE,Federal Contract Tower,0,7,19,0,26,0,203,96,0,299,0,210,115,0,325,86,0,86,411
08/27/2008,HUM,LA,ASW,CE,Federal Contract Tower,0,5,15,0,20,0,228,105,0,333,0,233,120,0,353,72,0,72,425
08/28/2008,HUM,LA,ASW,CE,Federal Contract Tower,0,2,19,0,21,0,255,98,0,353,0,257,117,0,374,56,0,56,430
08/29/2008,HUM,LA,ASW,CE,Federal Contract Tower,0,6,13,2,21,0,176,61,6,243,0,182,74,8,264,42,0,42,306
08/30/2008,HUM,LA,ASW,CE,Federal Contract Tower,0,1,30,0,31,0,225,69,0,294,0,226,99,0,325,10,0,10,335
08/31/2008,HUM,LA,ASW,CE,Federal Contract Tower,0,0,0,0,0,0,0,0,0,0,0,0,0,0,0,0,0,0,0
09/01/2008,HUM,LA,ASW,CE,Federal Contract Tower,0,0,0,0,0,0,0,0,0,0,0,0,0,0,0,0,0,0,0
09/02/2008,HUM,LA,ASW,CE,Federal Contract Tower,0,0,0,0,0,0,0,0,0,0,0,0,0,0,0,0,0,0,0
09/03/2008,HUM,LA,ASW,CE,Federal Contract Tower,0,0,0,0,0,0,0,0,0,0,0,0,0,0,0,0,0,0,0
09/04/2008,HUM,LA,ASW,CE,Federal Contract Tower,0,0,0,0,0,0,0,0,0,0,0,0,0,0,0,0,0,0,0
09/05/2008,HUM,LA,ASW,CE,Federal Contract Tower,0,0,0,0,0,0,0,0,0,0,0,0,0,0,0,0,0,0,0
09/06/2008,HUM,LA,ASW,CE,Federal Contract Tower,0,3,17,0,20,0,202,64,35,301,0,205,81,35,321,0,0,0,321
09/07/2008,HUM,LA,ASW,CE,Federal Contract Tower,0,0,13,1,14,0,157,53,35,245,0,157,66,36,259,0,0,0,259
09/08/2008,HUM,LA,ASW,CE,Federal Contract Tower,0,1,18,0,19,155,73,24,0,252,155,74,42,0,271,24,2,26,297
09/09/2008,HUM,LA,ASW,CE,Federal Contract Tower,0,1,12,0,13,0,155,82,0,237,0,156,94,0,250,0,0,0,250
09/10/2008,HUM,LA,ASW,CE,Federal Contract Tower,0,4,10,2,16,0,147,79,8,234,0,151,89,10,250,14,0,14,264
09/11/2008,HUM,LA,ASW,CE,Federal Contract Tower,0,2,19,0,21,0,77,35,2,114,0,79,54,2,135,4,0,4,139
09/12/2008,HUM,LA,ASW,CE,Federal Contract Tower,0,0,1,0,1,0,11,2,2,15,0,11,3,2,16,0,0,0,16
09/13/2008,HUM,LA,ASW,CE,Federal Contract Tower,0,0,0,0,0,0,0,0,0,0,0,0,0,0,0,0,0,0,0
09/14/2008,HUM,LA,ASW,CE,Federal Contract Tower,0,2,4,0,6,0,188,32,79,299,0,190,36,79,305,0,0,0,305
09/15/2008,HUM,LA,ASW,CE,Federal Contract Tower,0,11,22,0,33,0,180,67,15,262,0,191,89,15,295,10,0,10,305
09/16/2008,HUM,LA,ASW,CE,Federal Contract Tower,0,5,10,0,15,0,327,103,231,661,0,332,113,231,676,20,2,22,698
09/17/2008,HUM,LA,ASW,CE,Federal Contract Tower,0,5,10,2,17,0,311,116,91,518,0,316,126,93,535,48,0,48,583
09/18/2008,HUM,LA,ASW,CE,Federal Contract Tower,0,2,12,0,14,0,302,109,103,514,0,304,121,103,528,68,0,68,596
09/19/2008,HUM,LA,ASW,CE,Federal Contract Tower,0,21,26,0,47,0,219,58,0,277,0,240,84,0,324,14,0,14,338
09/20/2008,HUM,LA,ASW,CE,Federal Contract Tower,0,5,17,0,22,0,202,45,5,252,0,207,62,5,274,6,0,6,280
09/21/2008,HUM,LA,ASW,CE,Federal Contract Tower,0,5,6,0,11,0,177,40,28,245,0,182,46,28,256,14,0,14,270
09/22/2008,HUM,LA,ASW,CE,Federal Contract Tower,0,4,10,0,14,0,199,71,14,284,0,203,81,14,298,18,0,18,316
09/23/2008,HUM,LA,ASW,CE,Federal Contract Tower,0,3,8,0,11,0,265,85,0,350,0,268,93,0,361,104,0,104,465
09/24/2008,HUM,LA,ASW,CE,Federal Contract Tower,0,2,11,0,13,0,214,91,0,305,0,216,102,0,318,24,0,24,342
09/25/2008,HUM,LA,ASW,CE,Federal Contract Tower,0,1,24,0,25,0,243,79,0,322,0,244,103,0,347,126,0,126,473
09/26/2008,HUM,LA,ASW,CE,Federal Contract Tower,0,4,16,0,20,0,191,69,0,260,0,195,85,0,280,86,0,86,366
09/27/2008,HUM,LA,ASW,CE,Federal Contract Tower,0,2,7,0,9,0,133,43,0,176,0,135,50,0,185,106,0,106,291
09/28/2008,HUM,LA,ASW,CE,Federal Contract Tower,0,2,12,0,14,0,145,50,2,197,0,147,62,2,211,48,0,48,259
09/29/2008,HUM,LA,ASW,CE,Federal Contract Tower,0,4,11,0,15,0,221,78,0,299,0,225,89,0,314,76,0,76,390
09/30/2008,HUM,LA,ASW,CE,Federal Contract Tower,0,3,12,2,17,0,242,99,2,343,0,245,111,4,360,134,0,134,494
10/01/2008,HUM,LA,ASW,CE,Federal Contract Tower,0,2,7,0,9,0,248,82,0,330,0,250,89,0,339,112,0,112,451
10/02/2008,HUM,LA,ASW,CE,Federal Contract Tower,0,5,18,0,23,0,232,91,4,327,0,237,109,4,350,82,38,120,470
10/03/2008,HUM,LA,ASW,CE,Federal Contract Tower,0,2,16,0,18,0,182,88,2,272,0,184,104,2,290,100,0,100,390
10/04/2008,HUM,LA,ASW,CE,Federal Contract Tower,0,0,5,0,5,0,112,48,4,164,0,112,53,4,169,56,0,56,225
10/05/2008,HUM,LA,ASW,CE,Federal Contract Tower,0,1,7,0,8,0,113,39,0,152,0,114,46,0,160,64,0,64,224
10/06/2008,HUM,LA,ASW,CE,Federal Contract Tower,0,3,8,0,11,0,206,58,0,264,0,209,66,0,275,48,0,48,323
10/07/2008,HUM,LA,ASW,CE,Federal Contract Tower,0,3,15,0,18,0,204,65,4,273,0,207,80,4,291,10,0,10,301
10/08/2008,HUM,LA,ASW,CE,Federal Contract Tower,0,3,15,0,18,0,207,87,0,294,0,210,102,0,312,82,0,82,394
10/09/2008,HUM,LA,ASW,CE,Federal Contract Tower,0,2,13,0,15,0,195,98,0,293,0,197,111,0,308,142,0,142,450
10/10/2008,HUM,LA,ASW,CE,Federal Contract Tower,0,4,13,0,17,0,185,93,0,278,0,189,106,0,295,104,0,104,399
10/11/2008,HUM,LA,ASW,CE,Federal Contract Tower,0,4,8,0,12,0,128,57,0,185,0,132,65,0,197,124,0,124,321
10/12/2008,HUM,LA,ASW,CE,Federal Contract Tower,0,5,7,0,12,0,121,44,4,169,0,126,51,4,181,66,0,66,247
10/13/2008,HUM,LA,ASW,CE,Federal Contract Tower,0,14,24,0,38,0,192,77,0,269,0,206,101,0,307,48,0,48,355
10/14/2008,HUM,LA,ASW,CE,Federal Contract Tower,0,7,12,0,19,0,212,84,0,296,0,219,96,0,315,52,0,52,367
10/15/2008,HUM,LA,ASW,CE,Federal Contract Tower,0,8,9,2,19,0,241,73,2,316,0,249,82,4,335,40,8,48,383
10/16/2008,HUM,LA,ASW,CE,Federal Contract Tower,0,2,10,2,14,0,209,71,6,286,0,211,81,8,300,78,0,78,378
10/17/2008,HUM,LA,ASW,CE,Federal Contract Tower,0,3,20,0,23,0,177,71,0,248,0,180,91,0,271,46,0,46,317
10/18/2008,HUM,LA,ASW,CE,Federal Contract Tower,0,1,6,2,9,0,136,91,3,230,0,137,97,5,239,32,0,32,271
10/19/2008,HUM,LA,ASW,CE,Federal Contract Tower,0,14,7,0,21,0,167,41,4,212,0,181,48,4,233,30,0,30,263
10/20/2008,HUM,LA,ASW,CE,Federal Contract Tower,0,7,9,0,16,0,183,52,3,238,0,190,61,3,254,2,0,2,256
10/21/2008,HUM,LA,ASW,CE,Federal Contract Tower,0,5,11,2,18,0,270,64,2,336,0,275,75,4,354,34,2,36,390
10/22/2008,HUM,LA,ASW,CE,Federal Contract Tower,0,5,14,0,19,0,205,74,0,279,0,210,88,0,298,90,0,90,388
10/23/2008,HUM,LA,ASW,CE,Federal Contract Tower,0,14,14,0,28,0,191,40,2,233,0,205,54,2,261,36,2,38,299
10/24/2008,HUM,LA,ASW,CE,Federal Contract Tower,0,72,28,0,100,0,151,45,0,196,0,223,73,0,296,36,0,36,332
10/25/2008,HUM,LA,ASW,CE,Federal Contract Tower,0,11,9,0,20,0,154,47,0,201,0,165,56,0,221,34,0,34,255
10/26/2008,HUM,LA,ASW,CE,Federal Contract Tower,0,29,16,0,45,0,154,50,0,204,0,183,66,0,249,78,0,78,327
10/27/2008,HUM,LA,ASW,CE,Federal Contract Tower,0,3,13,0,16,0,172,72,0,244,0,175,85,0,260,2,0,2,262
10/28/2008,HUM,LA,ASW,CE,Federal Contract Tower,0,1,17,0,18,0,262,87,2,351,0,263,104,2,369,90,0,90,459
10/29/2008,HUM,LA,ASW,CE,Federal Contract Tower,0,0,11,1,12,0,252,71,5,328,0,252,82,6,340,66,0,66,406
10/30/2008,HUM,LA,ASW,CE,Federal Contract Tower,0,1,18,0,19,0,212,89,0,301,0,213,107,0,320,78,0,78,398
10/31/2008,HUM,LA,ASW,CE,Federal Contract Tower,0,3,11,0,14,0,184,65,2,251,0,187,76,2,265,94,0,94,359
11/01/2008,HUM,LA,ASW,CE,Federal Contract Tower,0,1,10,0,11,0,123,40,3,166,0,124,50,3,177,104,0,104,281
11/02/2008,HUM,LA,ASW,CE,Federal Contract Tower,0,10,0,0,10,0,118,43,0,161,0,128,43,0,171,22,0,22,193
11/03/2008,HUM,LA,ASW,CE,Federal Contract Tower,0,1,13,0,14,0,196,81,0,277,0,197,94,0,291,120,0,120,411
11/04/2008,HUM,LA,ASW,CE,Federal Contract Tower,0,0,18,0,18,0,237,67,0,304,0,237,85,0,322,92,0,92,414
11/05/2008,HUM,LA,ASW,CE,Federal Contract Tower,0,5,23,2,30,0,195,51,2,248,0,200,74,4,278,38,0,38,316
11/06/2008,HUM,LA,ASW,CE,Federal Contract Tower,0,1,20,0,21,0,215,52,0,267,0,216,72,0,288,60,0,60,348
11/07/2008,HUM,LA,ASW,CE,Federal Contract Tower,0,10,26,0,36,0,156,41,0,197,0,166,67,0,233,52,0,52,285
11/08/2008,HUM,LA,ASW,CE,Federal Contract Tower,0,3,3,0,6,0,166,37,0,203,0,169,40,0,209,112,0,112,321
11/09/2008,HUM,LA,ASW,CE,Federal Contract Tower,0,2,11,0,13,0,101,44,0,145,0,103,55,0,158,42,0,42,200
11/10/2008,HUM,LA,ASW,CE,Federal Contract Tower,0,2,23,0,25,0,167,52,0,219,0,169,75,0,244,80,0,80,324
11/11/2008,HUM,LA,ASW,CE,Federal Contract Tower,0,0,16,0,16,0,193,59,0,252,0,193,75,0,268,124,0,124,392
11/12/2008,HUM,LA,ASW,CE,Federal Contract Tower,0,12,12,0,24,0,165,28,3,196,0,177,40,3,220,122,0,122,342
11/13/2008,HUM,LA,ASW,CE,Federal Contract Tower,0,10,20,0,30,0,179,53,0,232,0,189,73,0,262,136,0,136,398
11/14/2008,HUM,LA,ASW,CE,Federal Contract Tower,0,17,25,0,42,0,150,48,0,198,0,167,73,0,240,40,0,40,280
11/15/2008,HUM,LA,ASW,CE,Federal Contract Tower,0,0,10,0,10,0,145,32,0,177,0,145,42,0,187,60,0,60,247
11/16/2008,HUM,LA,ASW,CE,Federal Contract Tower,0,13,13,0,26,0,124,34,0,158,0,137,47,0,184,16,0,16,200
11/17/2008,HUM,LA,ASW,CE,Federal Contract Tower,0,0,8,0,8,0,166,52,2,220,0,166,60,2,228,112,0,112,340
11/18/2008,HUM,LA,ASW,CE,Federal Contract Tower,0,0,14,0,14,0,188,80,0,268,0,188,94,0,282,110,0,110,392
11/19/2008,HUM,LA,ASW,CE,Federal Contract Tower,0,2,16,0,18,0,226,61,0,287,0,228,77,0,305,178,0,178,483
11/20/2008,HUM,LA,ASW,CE,Federal Contract Tower,0,1,18,0,19,0,205,75,0,280,0,206,93,0,299,112,0,112,411
11/21/2008,HUM,LA,ASW,CE,Federal Contract Tower,0,1,15,0,16,0,154,59,0,213,0,155,74,0,229,96,0,96,325
11/22/2008,HUM,LA,ASW,CE,Federal Contract Tower,0,1,11,0,12,0,121,46,0,167,0,122,57,0,179,82,0,82,261
11/23/2008,HUM,LA,ASW,CE,Federal Contract Tower,0,0,15,0,15,0,118,38,0,156,0,118,53,0,171,40,0,40,211
11/24/2008,HUM,LA,ASW,CE,Federal Contract Tower,0,5,10,0,15,0,178,29,0,207,0,183,39,0,222,48,0,48,270
11/25/2008,HUM,LA,ASW,CE,Federal Contract Tower,0,5,23,0,28,0,196,63,2,261,0,201,86,2,289,36,0,36,325
11/26/2008,HUM,LA,ASW,CE,Federal Contract Tower,0,1,23,0,24,0,177,55,0,232,0,178,78,0,256,82,0,82,338
11/27/2008,HUM,LA,ASW,CE,Federal Contract Tower,0,2,7,0,9,0,154,25,0,179,0,156,32,0,188,22,0,22,210
11/28/2008,HUM,LA,ASW,CE,Federal Contract Tower,0,5,11,0,16,0,140,22,0,162,0,145,33,0,178,16,0,16,194
11/29/2008,HUM,LA,ASW,CE,Federal Contract Tower,0,19,9,0,28,0,51,4,0,55,0,70,13,0,83,0,0,0,83
11/30/2008,HUM,LA,ASW,CE,Federal Contract Tower,0,18,11,0,29,0,101,38,0,139,0,119,49,0,168,56,0,56,224
12/01/2008,HUM,LA,ASW,CE,Federal Contract Tower,0,8,17,0,25,0,145,50,0,195,0,153,67,0,220,66,0,66,286
12/02/2008,HUM,LA,ASW,CE,Federal Contract Tower,0,3,10,0,13,0,176,70,0,246,0,179,80,0,259,186,0,186,445
12/03/2008,HUM,LA,ASW,CE,Federal Contract Tower,0,1,15,0,16,0,218,56,3,277,0,219,71,3,293,230,20,250,543
12/04/2008,HUM,LA,ASW,CE,Federal Contract Tower,0,54,20,0,74,0,96,9,0,105,0,150,29,0,179,0,0,0,179
12/05/2008,HUM,LA,ASW,CE,Federal Contract Tower,0,6,13,0,19,0,161,65,0,226,0,167,78,0,245,66,0,66,311
12/06/2008,HUM,LA,ASW,CE,Federal Contract Tower,0,1,7,0,8,0,132,76,4,212,0,133,83,4,220,142,0,142,362
12/07/2008,HUM,LA,ASW,CE,Federal Contract Tower,0,2,16,0,18,0,103,38,0,141,0,105,54,0,159,60,0,60,219
12/08/2008,HUM,LA,ASW,CE,Federal Contract Tower,0,5,10,0,15,174,69,2,0,245,174,74,12,0,260,94,0,94,354
12/09/2008,HUM,LA,ASW,CE,Federal Contract Tower,0,4,10,0,14,0,171,26,0,197,0,175,36,0,211,28,0,28,239
12/10/2008,HUM,LA,ASW,CE,Federal Contract Tower,0,50,18,0,68,0,42,6,0,48,0,92,24,0,116,0,0,0,116
12/11/2008,HUM,LA,ASW,CE,Federal Contract Tower,0,0,18,0,18,0,153,22,0,175,0,153,40,0,193,20,0,20,213
12/12/2008,HUM,LA,ASW,CE,Federal Contract Tower,0,0,19,0,19,0,221,59,0,280,0,221,78,0,299,70,0,70,369
12/13/2008,HUM,LA,ASW,CE,Federal Contract Tower,0,0,16,0,16,0,172,42,0,214,0,172,58,0,230,100,0,100,330
12/14/2008,HUM,LA,ASW,CE,Federal Contract Tower,0,2,12,0,14,0,106,13,2,121,0,108,25,2,135,34,0,34,169
12/15/2008,HUM,LA,ASW,CE,Federal Contract Tower,0,13,9,0,22,0,149,21,0,170,0,162,30,0,192,16,0,16,208
12/16/2008,HUM,LA,ASW,CE,Federal Contract Tower,0,43,15,0,58,0,0,0,0,0,0,43,15,0,58,0,0,0,58
12/17/2008,HUM,LA,ASW,CE,Federal Contract Tower,0,42,20,0,62,0,80,40,0,120,0,122,60,0,182,38,0,38,220
12/18/2008,HUM,LA,ASW,CE,Federal Contract Tower,0,20,22,0,42,0,140,46,0,186,0,160,68,0,228,172,0,172,400
12/19/2008,HUM,LA,ASW,CE,Federal Contract Tower,0,8,8,0,16,0,130,50,2,182,0,138,58,2,198,80,0,80,278
12/20/2008,HUM,LA,ASW,CE,Federal Contract Tower,0,43,12,0,55,0,72,26,0,98,0,115,38,0,153,62,0,62,215
12/21/2008,HUM,LA,ASW,CE,Federal Contract Tower,0,38,8,0,46,0,83,24,0,107,0,121,32,0,153,54,0,54,207
12/22/2008,HUM,LA,ASW,CE,Federal Contract Tower,0,0,15,0,15,0,143,40,0,183,0,143,55,0,198,56,0,56,254
12/23/2008,HUM,LA,ASW,CE,Federal Contract Tower,0,4,24,0,28,0,177,50,0,227,0,181,74,0,255,38,0,38,293
12/24/2008,HUM,LA,ASW,CE,Federal Contract Tower,0,25,0,0,25,0,135,19,0,154,0,160,19,0,179,32,0,32,211
12/25/2008,HUM,LA,ASW,CE,Federal Contract Tower,0,16,5,0,21,0,44,9,0,53,0,60,14,0,74,0,0,0,74
12/26/2008,HUM,LA,ASW,CE,Federal Contract Tower,0,12,15,0,27,0,164,31,0,195,0,176,46,0,222,80,0,80,302
12/27/2008,HUM,LA,ASW,CE,Federal Contract Tower,0,11,4,0,15,0,124,14,0,138,0,135,18,0,153,12,0,12,165
12/28/2008,HUM,LA,ASW,CE,Federal Contract Tower,0,13,12,0,25,0,66,7,0,73,0,79,19,0,98,8,0,8,106
12/29/2008,HUM,LA,ASW,CE,Federal Contract Tower,0,28,15,0,43,0,126,59,0,185,0,154,74,0,228,84,0,84,312
12/30/2008,HUM,LA,ASW,CE,Federal Contract Tower,0,2,18,0,20,0,179,78,0,257,0,181,96,0,277,86,0,86,363
12/31/2008,HUM,LA,ASW,CE,Federal Contract Tower,0,18,17,0,35,0,188,58,0,246,0,206,75,0,281,76,0,76,357
01/01/2009,HUM,LA,ASW,CE,Federal Contract Tower,0,0,3,0,3,0,102,16,0,118,0,102,19,0,121,14,0,14,135
01/02/2009,HUM,LA,ASW,CE,Federal Contract Tower,0,9,15,0,24,0,134,37,0,171,0,143,52,0,195,56,0,56,251
01/03/2009,HUM,LA,ASW,CE,Federal Contract Tower,0,5,14,0,19,0,124,19,0,143,0,129,33,0,162,14,0,14,176
01/04/2009,HUM,LA,ASW,CE,Federal Contract Tower,0,11,19,0,30,0,105,24,11,140,0,116,43,11,170,8,0,8,178
01/05/2009,HUM,LA,ASW,CE,Federal Contract Tower,0,20,20,0,40,0,118,22,0,140,0,138,42,0,180,32,0,32,212
01/06/2009,HUM,LA,ASW,CE,Federal Contract Tower,0,41,25,0,66,0,94,23,0,117,0,135,48,0,183,0,0,0,183
01/07/2009,HUM,LA,ASW,CE,Federal Contract Tower,0,0,19,0,19,0,225,89,0,314,0,225,108,0,333,68,0,68,401
01/08/2009,HUM,LA,ASW,CE,Federal Contract Tower,0,0,24,0,24,0,218,71,2,291,0,218,95,2,315,158,0,158,473
01/09/2009,HUM,LA,ASW,CE,Federal Contract Tower,0,7,22,0,29,0,132,58,0,190,0,139,80,0,219,58,0,58,277
01/10/2009,HUM,LA,ASW,CE,Federal Contract Tower,0,13,6,0,19,0,98,22,0,120,0,111,28,0,139,38,0,38,177
01/11/2009,HUM,LA,ASW,CE,Federal Contract Tower,0,4,9,0,13,0,126,26,0,152,0,130,35,0,165,12,0,12,177
01/12/2009,HUM,LA,ASW,CE,Federal Contract Tower,0,0,19,0,19,0,142,50,0,192,0,142,69,0,211,54,0,54,265
01/13/2009,HUM,LA,ASW,CE,Federal Contract Tower,0,2,23,0,25,0,195,67,6,268,0,197,90,6,293,70,0,70,363
01/14/2009,HUM,LA,ASW,CE,Federal Contract Tower,0,0,12,0,12,0,181,75,0,256,0,181,87,0,268,162,0,162,430
01/15/2009,HUM,LA,ASW,CE,Federal Contract Tower,0,0,19,0,19,0,157,65,0,222,0,157,84,0,241,110,4,114,355
01/16/2009,HUM,LA,ASW,CE,Federal Contract Tower,0,0,20,0,20,0,160,52,0,212,0,160,72,0,232,58,0,58,290
01/17/2009,HUM,LA,ASW,CE,Federal Contract Tower,0,1,10,0,11,0,133,53,1,187,0,134,63,1,198,88,0,88,286
01/18/2009,HUM,LA,ASW,CE,Federal Contract Tower,0,11,11,0,22,0,94,35,0,129,0,105,46,0,151,70,0,70,221
01/19/2009,HUM,LA,ASW,CE,Federal Contract Tower,0,3,10,0,13,0,163,37,0,200,0,166,47,0,213,74,0,74,287
01/20/2009,HUM,LA,ASW,CE,Federal Contract Tower,0,11,15,0,26,0,194,51,0,245,0,205,66,0,271,74,0,74,345
01/21/2009,HUM,LA,ASW,CE,Federal Contract Tower,0,4,10,2,16,0,198,75,0,273,0,202,85,2,289,96,0,96,385
01/22/2009,HUM,LA,ASW,CE,Federal Contract Tower,0,0,28,0,28,0,178,80,2,260,0,178,108,2,288,148,0,148,436
01/23/2009,HUM,LA,ASW,CE,Federal Contract Tower,0,2,18,0,20,0,151,49,0,200,0,153,67,0,220,86,0,86,306
01/24/2009,HUM,LA,ASW,CE,Federal Contract Tower,0,2,4,0,6,0,134,29,2,165,0,136,33,2,171,42,0,42,213
01/25/2009,HUM,LA,ASW,CE,Federal Contract Tower,0,29,13,0,42,0,7,6,0,13,0,36,19,0,55,24,0,24,79
01/26/2009,HUM,LA,ASW,CE,Federal Contract Tower,0,44,7,0,51,0,50,9,0,59,0,94,16,0,110,4,0,4,114
01/27/2009,HUM,LA,ASW,CE,Federal Contract Tower,0,5,23,0,28,0,198,43,0,241,0,203,66,0,269,36,0,36,305
01/28/2009,HUM,LA,ASW,CE,Federal Contract Tower,0,26,15,0,41,0,156,14,0,170,0,182,29,0,211,6,0,6,217
01/29/2009,HUM,LA,ASW,CE,Federal Contract Tower,0,6,18,0,24,0,168,64,0,232,0,174,82,0,256,130,0,130,386
01/30/2009,HUM,LA,ASW,CE,Federal Contract Tower,0,4,11,0,15,0,136,65,0,201,0,140,76,0,216,132,0,132,348
01/31/2009,HUM,LA,ASW,CE,Federal Contract Tower,0,0,10,0,10,0,83,57,0,140,0,83,67,0,150,94,0,94,244
02/01/2009,HUM,LA,ASW,CE,Federal Contract Tower,0,1,10,0,11,0,101,14,2,117,0,102,24,2,128,84,0,84,212
02/02/2009,HUM,LA,ASW,CE,Federal Contract Tower,0,9,11,0,20,0,105,27,0,132,0,114,38,0,152,74,0,74,226
02/03/2009,HUM,LA,ASW,CE,Federal Contract Tower,0,2,31,2,35,0,188,55,6,249,0,190,86,8,284,158,0,158,442
02/04/2009,HUM,LA,ASW,CE,Federal Contract Tower,0,4,17,2,23,0,197,56,7,260,0,201,73,9,283,188,0,188,471
02/05/2009,HUM,LA,ASW,CE,Federal Contract Tower,0,3,17,0,20,0,188,60,0,248,0,191,77,0,268,178,0,178,446
02/06/2009,HUM,LA,ASW,CE,Federal Contract Tower,0,7,15,0,22,0,184,81,0,265,0,191,96,0,287,132,0,132,419
02/07/2009,HUM,LA,ASW,CE,Federal Contract Tower,0,11,3,0,14,0,115,56,0,171,0,126,59,0,185,60,0,60,245
02/08/2009,HUM,LA,ASW,CE,Federal Contract Tower,0,1,16,0,17,0,118,65,0,183,0,119,81,0,200,34,0,34,234
02/09/2009,HUM,LA,ASW,CE,Federal Contract Tower,0,2,12,0,14,0,151,37,0,188,0,153,49,0,202,44,0,44,246
02/10/2009,HUM,LA,ASW,CE,Federal Contract Tower,0,7,22,0,29,0,176,35,0,211,0,183,57,0,240,96,0,96,336
02/11/2009,HUM,LA,ASW,CE,Federal Contract Tower,0,4,20,0,24,0,157,32,2,191,0,161,52,2,215,126,0,126,341
02/12/2009,HUM,LA,ASW,CE,Federal Contract Tower,0,1,13,0,14,0,160,75,0,235,0,161,88,0,249,118,0,118,367
02/13/2009,HUM,LA,ASW,CE,Federal Contract Tower,0,9,18,0,27,0,134,26,0,160,0,143,44,0,187,86,0,86,273
02/14/2009,HUM,LA,ASW,CE,Federal Contract Tower,0,12,6,0,18,0,59,21,0,80,0,71,27,0,98,56,0,56,154
02/15/2009,HUM,LA,ASW,CE,Federal Contract Tower,0,34,20,0,54,0,35,18,0,53,0,69,38,0,107,34,0,34,141
02/16/2009,HUM,LA,ASW,CE,Federal Contract Tower,0,3,10,0,13,0,165,47,0,212,0,168,57,0,225,48,0,48,273
02/17/2009,HUM,LA,ASW,CE,Federal Contract Tower,0,1,14,1,16,0,147,46,0,193,0,148,60,1,209,88,0,88,297
02/18/2009,HUM,LA,ASW,CE,Federal Contract Tower,0,6,18,0,24,0,157,32,0,189,0,163,50,0,213,22,0,22,235
02/19/2009,HUM,LA,ASW,CE,Federal Contract Tower,0,2,31,0,33,0,186,77,0,263,0,188,108,0,296,112,2,114,410
02/20/2009,HUM,LA,ASW,CE,Federal Contract Tower,0,1,19,0,20,0,145,59,0,204,0,146,78,0,224,79,2,81,305
02/21/2009,HUM,LA,ASW,CE,Federal Contract Tower,0,8,14,0,22,0,101,52,0,153,0,109,66,0,175,38,0,38,213
02/22/2009,HUM,LA,ASW,CE,Federal Contract Tower,0,1,11,0,12,0,91,29,0,120,0,92,40,0,132,44,0,44,176
02/23/2009,HUM,LA,ASW,CE,Federal Contract Tower,0,1,13,0,14,0,116,56,0,172,0,117,69,0,186,124,0,124,310
02/24/2009,HUM,LA,ASW,CE,Federal Contract Tower,0,4,9,0,13,0,143,46,0,189,0,147,55,0,202,140,0,140,342
02/25/2009,HUM,LA,ASW,CE,Federal Contract Tower,0,2,16,0,18,0,191,49,0,240,0,193,65,0,258,104,0,104,362
02/26/2009,HUM,LA,ASW,CE,Federal Contract Tower,0,5,13,0,18,0,200,34,0,234,0,205,47,0,252,68,0,68,320
02/27/2009,HUM,LA,ASW,CE,Federal Contract Tower,0,0,12,0,12,0,145,54,2,201,0,145,66,2,213,174,0,174,387
02/28/2009,HUM,LA,ASW,CE,Federal Contract Tower,0,5,19,0,24,0,96,38,0,134,0,101,57,0,158,112,0,112,270
03/01/2009,HUM,LA,ASW,CE,Federal Contract Tower,0,0,9,0,9,0,74,31,0,105,0,74,40,0,114,52,0,52,166
03/02/2009,HUM,LA,ASW,CE,Federal Contract Tower,0,0,18,0,18,0,163,56,0,219,0,163,74,0,237,50,0,50,287
03/03/2009,HUM,LA,ASW,CE,Federal Contract Tower,0,0,15,0,15,0,166,64,2,232,0,166,79,2,247,182,0,182,429
03/04/2009,HUM,LA,ASW,CE,Federal Contract Tower,0,2,19,0,21,0,173,41,0,214,0,175,60,0,235,50,0,50,285
03/05/2009,HUM,LA,ASW,CE,Federal Contract Tower,0,0,9,0,9,0,169,59,0,228,0,169,68,0,237,130,0,130,367
03/06/2009,HUM,LA,ASW,CE,Federal Contract Tower,0,0,19,0,19,0,139,37,0,176,0,139,56,0,195,64,0,64,259
03/07/2009,HUM,LA,ASW,CE,Federal Contract Tower,0,3,10,0,13,0,111,56,4,171,0,114,66,4,184,44,0,44,228
03/08/2009,HUM,LA,ASW,CE,Federal Contract Tower,0,0,7,0,7,0,125,37,0,162,0,125,44,0,169,74,0,74,243
03/09/2009,HUM,LA,ASW,CE,Federal Contract Tower,0,13,23,0,36,0,141,48,2,191,0,154,71,2,227,104,0,104,331
03/10/2009,HUM,LA,ASW,CE,Federal Contract Tower,0,0,22,0,22,0,194,56,0,250,0,194,78,0,272,76,0,76,348
03/11/2009,HUM,LA,ASW,CE,Federal Contract Tower,0,1,10,0,11,0,191,51,0,242,0,192,61,0,253,150,0,150,403
03/12/2009,HUM,LA,ASW,CE,Federal Contract Tower,0,32,16,0,48,0,124,38,0,162,0,156,54,0,210,128,0,128,338
03/13/2009,HUM,LA,ASW,CE,Federal Contract Tower,0,28,15,3,46,0,117,36,0,153,0,145,51,3,199,108,0,108,307
03/14/2009,HUM,LA,ASW,CE,Federal Contract Tower,0,17,14,0,31,0,110,22,0,132,0,127,36,0,163,30,0,30,193
03/15/2009,HUM,LA,ASW,CE,Federal Contract Tower,0,67,8,0,75,0,10,3,0,13,0,77,11,0,88,0,0,0,88
03/16/2009,HUM,LA,ASW,CE,Federal Contract Tower,0,51,14,6,71,0,48,7,0,55,0,99,21,6,126,30,0,30,156
03/17/2009,HUM,LA,ASW,CE,Federal Contract Tower,0,52,20,0,72,0,129,41,0,170,0,181,61,0,242,26,0,26,268
03/18/2009,HUM,LA,ASW,CE,Federal Contract Tower,0,2,24,2,28,0,175,67,2,244,0,177,91,4,272,118,16,134,406
03/19/2009,HUM,LA,ASW,CE,Federal Contract Tower,0,26,14,0,40,0,147,40,0,187,0,173,54,0,227,48,0,48,275
03/20/2009,HUM,LA,ASW,CE,Federal Contract Tower,0,0,10,0,10,0,155,57,0,212,0,155,67,0,222,76,0,76,298
03/21/2009,HUM,LA,ASW,CE,Federal Contract Tower,0,0,8,0,8,0,116,39,0,155,0,116,47,0,163,72,0,72,235
03/22/2009,HUM,LA,ASW,CE,Federal Contract Tower,0,1,15,0,16,0,90,42,2,134,0,91,57,2,150,18,0,18,168
03/23/2009,HUM,LA,ASW,CE,Federal Contract Tower,0,1,9,0,10,0,138,60,0,198,0,139,69,0,208,88,0,88,296
03/24/2009,HUM,LA,ASW,CE,Federal Contract Tower,0,2,13,0,15,0,136,40,0,176,0,138,53,0,191,84,0,84,275
03/25/2009,HUM,LA,ASW,CE,Federal Contract Tower,0,36,20,0,56,0,130,27,0,157,0,166,47,0,213,76,0,76,289
03/26/2009,HUM,LA,ASW,CE,Federal Contract Tower,0,4,12,2,18,0,135,18,2,155,0,139,30,4,173,56,12,68,241
03/27/2009,HUM,LA,ASW,CE,Federal Contract Tower,0,22,20,0,42,0,66,14,0,80,0,88,34,0,122,68,0,68,190
03/28/2009,HUM,LA,ASW,CE,Federal Contract Tower,0,1,9,0,10,0,87,42,0,129,0,88,51,0,139,56,0,56,195
03/29/2009,HUM,LA,ASW,CE,Federal Contract Tower,0,0,11,0,11,0,97,35,0,132,0,97,46,0,143,62,0,62,205
03/30/2009,HUM,LA,ASW,CE,Federal Contract Tower,0,0,7,0,7,0,152,91,0,243,0,152,98,0,250,84,0,84,334
03/31/2009,HUM,LA,ASW,CE,Federal Contract Tower,0,40,18,0,58,0,52,11,0,63,0,92,29,0,121,14,0,14,135
04/01/2009,HUM,LA,ASW,CE,Federal Contract Tower,0,1,8,0,9,0,211,47,0,258,0,212,55,0,267,62,0,62,329
04/02/2009,HUM,LA,ASW,CE,Federal Contract Tower,0,0,18,0,18,0,109,10,0,119,0,109,28,0,137,12,0,12,149
04/03/2009,HUM,LA,ASW,CE,Federal Contract Tower,0,0,13,0,13,0,129,50,0,179,0,129,63,0,192,32,0,32,224
04/04/2009,HUM,LA,ASW,CE,Federal Contract Tower,0,0,12,0,12,0,126,33,5,164,0,126,45,5,176,26,0,26,202
04/05/2009,HUM,LA,ASW,CE,Federal Contract Tower,0,23,19,0,42,0,43,18,0,61,0,66,37,0,103,12,0,12,115
04/06/2009,HUM,LA,ASW,CE,Federal Contract Tower,0,0,7,0,7,0,129,21,0,150,0,129,28,0,157,14,0,14,171
04/07/2009,HUM,LA,ASW,CE,Federal Contract Tower,0,2,18,0,20,0,170,61,0,231,0,172,79,0,251,40,0,40,291
04/08/2009,HUM,LA,ASW,CE,Federal Contract Tower,0,0,18,0,18,0,210,57,4,271,0,210,75,4,289,70,0,70,359
04/09/2009,HUM,LA,ASW,CE,Federal Contract Tower,0,0,13,0,13,0,189,44,0,233,0,189,57,0,246,22,0,22,268
04/10/2009,HUM,LA,ASW,CE,Federal Contract Tower,0,11,12,0,23,0,111,21,0,132,0,122,33,0,155,0,0,0,155
04/11/2009,HUM,LA,ASW,CE,Federal Contract Tower,0,4,5,0,9,0,117,45,0,162,0,121,50,0,171,44,0,44,215
04/12/2009,HUM,LA,ASW,CE,Federal Contract Tower,0,12,11,0,23,0,36,5,0,41,0,48,16,0,64,0,0,0,64
04/13/2009,HUM,LA,ASW,CE,Federal Contract Tower,0,44,30,0,74,0,55,30,0,85,0,99,60,0,159,8,0,8,167
04/14/2009,HUM,LA,ASW,CE,Federal Contract Tower,0,2,16,0,18,0,168,70,0,238,0,170,86,0,256,130,0,130,386
04/15/2009,HUM,LA,ASW,CE,Federal Contract Tower,0,0,10,0,10,0,175,79,0,254,0,175,89,0,264,66,0,66,330
04/16/2009,HUM,LA,ASW,CE,Federal Contract Tower,0,2,13,0,15,0,180,72,0,252,0,182,85,0,267,120,0,120,387
04/17/2009,HUM,LA,ASW,CE,Federal Contract Tower,0,0,17,0,17,0,127,45,0,172,0,127,62,0,189,68,0,68,257
04/18/2009,HUM,LA,ASW,CE,Federal Contract Tower,0,2,9,0,11,0,77,27,0,104,0,79,36,0,115,136,0,136,251
04/19/2009,HUM,LA,ASW,CE,Federal Contract Tower,0,1,9,0,10,0,69,14,0,83,0,70,23,0,93,14,0,14,107
04/20/2009,HUM,LA,ASW,CE,Federal Contract Tower,0,0,11,0,11,0,160,66,0,226,0,160,77,0,237,68,0,68,305
04/21/2009,HUM,LA,ASW,CE,Federal Contract Tower,0,0,15,0,15,0,187,59,0,246,0,187,74,0,261,98,0,98,359
04/22/2009,HUM,LA,ASW,CE,Federal Contract Tower,0,0,20,0,20,0,166,73,0,239,0,166,93,0,259,56,0,56,315
04/23/2009,HUM,LA,ASW,CE,Federal Contract Tower,0,7,18,0,25,0,133,70,3,206,0,140,88,3,231,138,0,138,369
04/24/2009,HUM,LA,ASW,CE,Federal Contract Tower,0,6,12,0,18,0,125,44,0,169,0,131,56,0,187,110,0,110,297
04/25/2009,HUM,LA,ASW,CE,Federal Contract Tower,0,2,10,0,12,0,84,31,0,115,0,86,41,0,127,78,0,78,205
04/26/2009,HUM,LA,ASW,CE,Federal Contract Tower,0,26,20,0,46,0,78,22,0,100,0,104,42,0,146,2,0,2,148
04/27/2009,HUM,LA,ASW,CE,Federal Contract Tower,0,0,21,0,21,0,123,67,0,190,0,123,88,0,211,48,0,48,259
04/28/2009,HUM,LA,ASW,CE,Federal Contract Tower,0,4,10,0,14,0,158,36,0,194,0,162,46,0,208,40,0,40,248
04/29/2009,HUM,LA,ASW,CE,Federal Contract Tower,0,0,10,0,10,0,199,67,0,266,0,199,77,0,276,112,0,112,388
04/30/2009,HUM,LA,ASW,CE,Federal Contract Tower,0,5,13,0,18,0,171,77,4,252,0,176,90,4,270,114,0,114,384
05/01/2009,HUM,LA,ASW,CE,Federal Contract Tower,0,1,16,0,17,0,140,56,0,196,0,141,72,0,213,68,0,68,281
05/02/2009,HUM,LA,ASW,CE,Federal Contract Tower,0,5,21,0,26,0,113,38,0,151,0,118,59,0,177,66,0,66,243
05/03/2009,HUM,LA,ASW,CE,Federal Contract Tower,0,17,11,0,28,0,103,20,0,123,0,120,31,0,151,22,0,22,173
05/04/2009,HUM,LA,ASW,CE,Federal Contract Tower,0,5,12,0,17,0,126,25,4,155,0,131,37,4,172,6,0,6,178
05/05/2009,HUM,LA,ASW,CE,Federal Contract Tower,0,9,13,0,22,0,152,66,0,218,0,161,79,0,240,74,0,74,314
05/06/2009,HUM,LA,ASW,CE,Federal Contract Tower,0,7,10,0,17,0,183,65,0,248,0,190,75,0,265,84,0,84,349
05/07/2009,HUM,LA,ASW,CE,Federal Contract Tower,0,0,11,0,11,0,156,50,0,206,0,156,61,0,217,46,0,46,263
05/08/2009,HUM,LA,ASW,CE,Federal Contract Tower,0,0,17,0,17,0,142,48,0,190,0,142,65,0,207,60,0,60,267
05/09/2009,HUM,LA,ASW,CE,Federal Contract Tower,0,6,6,0,12,0,137,48,0,185,0,143,54,0,197,82,0,82,279
05/10/2009,HUM,LA,ASW,CE,Federal Contract Tower,0,1,12,0,13,0,113,46,0,159,0,114,58,0,172,20,0,20,192
05/11/2009,HUM,LA,ASW,CE,Federal Contract Tower,0,2,20,0,22,0,145,45,0,190,0,147,65,0,212,42,0,42,254
05/12/2009,HUM,LA,ASW,CE,Federal Contract Tower,0,3,11,0,14,0,179,67,0,246,0,182,78,0,260,100,0,100,360
05/13/2009,HUM,LA,ASW,CE,Federal Contract Tower,0,3,17,0,20,0,207,75,0,282,0,210,92,0,302,128,0,128,430
05/14/2009,HUM,LA,ASW,CE,Federal Contract Tower,0,3,18,0,21,0,165,38,0,203,0,168,56,0,224,50,0,50,274
05/15/2009,HUM,LA,ASW,CE,Federal Contract Tower,0,0,28,0,28,0,166,55,0,221,0,166,83,0,249,78,0,78,327
05/16/2009,HUM,LA,ASW,CE,Federal Contract Tower,0,0,5,0,5,0,113,28,0,141,0,113,33,0,146,48,0,48,194
05/17/2009,HUM,LA,ASW,CE,Federal Contract Tower,0,8,8,0,16,0,70,25,0,95,0,78,33,0,111,64,0,64,175
05/18/2009,HUM,LA,ASW,CE,Federal Contract Tower,0,0,8,0,8,0,146,46,0,192,0,146,54,0,200,30,0,30,230
05/19/2009,HUM,LA,ASW,CE,Federal Contract Tower,0,0,15,2,17,0,144,76,2,222,0,144,91,4,239,66,0,66,305
05/20/2009,HUM,LA,ASW,CE,Federal Contract Tower,0,2,14,0,16,0,187,68,0,255,0,189,82,0,271,74,0,74,345
05/21/2009,HUM,LA,ASW,CE,Federal Contract Tower,0,3,21,3,27,0,169,47,3,219,0,172,68,6,246,104,0,104,350
05/22/2009,HUM,LA,ASW,CE,Federal Contract Tower,0,13,18,0,31,0,120,25,0,145,0,133,43,0,176,32,0,32,208
05/23/2009,HUM,LA,ASW,CE,Federal Contract Tower,0,1,5,0,6,0,76,30,0,106,0,77,35,0,112,38,0,38,150
05/24/2009,HUM,LA,ASW,CE,Federal Contract Tower,0,15,10,0,25,0,92,26,0,118,0,107,36,0,143,22,0,22,165
05/25/2009,HUM,LA,ASW,CE,Federal Contract Tower,0,12,9,0,21,0,68,18,0,86,0,80,27,0,107,14,0,14,121
05/26/2009,HUM,LA,ASW,CE,Federal Contract Tower,0,8,18,0,26,0,193,41,0,234,0,201,59,0,260,18,0,18,278
05/27/2009,HUM,LA,ASW,CE,Federal Contract Tower,0,3,14,2,19,0,223,59,0,282,0,226,73,2,301,34,0,34,335
05/28/2009,HUM,LA,ASW,CE,Federal Contract Tower,0,1,14,0,15,0,177,60,0,237,0,178,74,0,252,28,0,28,280
05/29/2009,HUM,LA,ASW,CE,Federal Contract Tower,0,0,20,0,20,0,156,62,0,218,0,156,82,0,238,98,0,98,336
05/30/2009,HUM,LA,ASW,CE,Federal Contract Tower,0,4,13,0,17,0,104,49,3,156,0,108,62,3,173,58,0,58,231
05/31/2009,HUM,LA,ASW,CE,Federal Contract Tower,0,2,15,0,17,0,95,36,0,131,0,97,51,0,148,34,0,34,182
06/01/2009,HUM,LA,ASW,CE,Federal Contract Tower,0,0,21,0,21,0,164,44,0,208,0,164,65,0,229,14,0,14,243
06/02/2009,HUM,LA,ASW,CE,Federal Contract Tower,0,3,20,0,23,0,131,50,0,181,0,134,70,0,204,20,0,20,224
06/03/2009,HUM,LA,ASW,CE,Federal Contract Tower,0,3,17,0,20,0,165,45,4,214,0,168,62,4,234,28,0,28,262
06/04/2009,HUM,LA,ASW,CE,Federal Contract Tower,0,2,19,0,21,0,164,70,0,234,0,166,89,0,255,66,0,66,321
06/05/2009,HUM,LA,ASW,CE,Federal Contract Tower,0,5,22,0,27,0,135,66,0,201,0,140,88,0,228,104,0,104,332
06/06/2009,HUM,LA,ASW,CE,Federal Contract Tower,0,0,11,0,11,0,79,48,0,127,0,79,59,0,138,78,0,78,216
06/07/2009,HUM,LA,ASW,CE,Federal Contract Tower,0,5,25,0,30,0,112,56,4,172,0,117,81,4,202,44,0,44,246
06/08/2009,HUM,LA,ASW,CE,Federal Contract Tower,0,9,6,0,15,0,117,52,0,169,0,126,58,0,184,110,0,110,294
06/09/2009,HUM,LA,ASW,CE,Federal Contract Tower,0,3,14,0,17,0,158,54,0,212,0,161,68,0,229,92,0,92,321
06/10/2009,HUM,LA,ASW,CE,Federal Contract Tower,0,0,14,0,14,0,181,62,0,243,0,181,76,0,257,86,0,86,343
06/11/2009,HUM,LA,ASW,CE,Federal Contract Tower,0,0,14,0,14,0,155,57,0,212,0,155,71,0,226,110,0,110,336
06/12/2009,HUM,LA,ASW,CE,Federal Contract Tower,0,0,18,0,18,0,156,52,0,208,0,156,70,0,226,98,0,98,324
06/13/2009,HUM,LA,ASW,CE,Federal Contract Tower,0,0,9,0,9,0,95,33,3,131,0,95,42,3,140,36,0,36,176
06/14/2009,HUM,LA,ASW,CE,Federal Contract Tower,0,0,19,0,19,0,110,36,0,146,0,110,55,0,165,36,0,36,201
06/15/2009,HUM,LA,ASW,CE,Federal Contract Tower,0,10,0,0,10,0,152,42,4,198,0,162,42,4,208,14,0,14,222
06/16/2009,HUM,LA,ASW,CE,Federal Contract Tower,0,0,23,0,23,0,168,58,0,226,0,168,81,0,249,70,0,70,319
06/17/2009,HUM,LA,ASW,CE,Federal Contract Tower,0,0,32,0,32,0,221,56,6,283,0,221,88,6,315,88,0,88,403
06/18/2009,HUM,LA,ASW,CE,Federal Contract Tower,0,1,21,0,22,0,156,48,0,204,0,157,69,0,226,154,0,154,380
06/19/2009,HUM,LA,ASW,CE,Federal Contract Tower,0,1,22,0,23,0,139,46,0,185,0,140,68,0,208,120,0,120,328
06/20/2009,HUM,LA,ASW,CE,Federal Contract Tower,0,0,12,0,12,0,90,50,0,140,0,90,62,0,152,42,0,42,194
06/21/2009,HUM,LA,ASW,CE,Federal Contract Tower,0,5,16,0,21,0,97,39,0,136,0,102,55,0,157,43,0,43,200
06/22/2009,HUM,LA,ASW,CE,Federal Contract Tower,0,2,20,0,22,0,145,62,10,217,0,147,82,10,239,68,0,68,307
06/23/2009,HUM,LA,ASW,CE,Federal Contract Tower,0,1,11,0,12,0,145,55,2,202,0,146,66,2,214,44,0,44,258
06/24/2009,HUM,LA,ASW,CE,Federal Contract Tower,0,1,13,2,16,0,173,58,0,231,0,174,71,2,247,148,0,148,395
06/25/2009,HUM,LA,ASW,CE,Federal Contract Tower,0,0,17,0,17,0,159,49,0,208,0,159,66,0,225,96,0,96,321
06/26/2009,HUM,LA,ASW,CE,Federal Contract Tower,0,1,19,0,20,0,145,46,0,191,0,146,65,0,211,94,0,94,305
06/27/2009,HUM,LA,ASW,CE,Federal Contract Tower,0,1,14,0,15,0,98,24,0,122,0,99,38,0,137,10,0,10,147
06/28/2009,HUM,LA,ASW,CE,Federal Contract Tower,0,0,20,0,20,0,86,30,0,116,0,86,50,0,136,40,0,40,176
06/29/2009,HUM,LA,ASW,CE,Federal Contract Tower,0,0,16,0,16,0,155,54,1,210,0,155,70,1,226,68,0,68,294
06/30/2009,HUM,LA,ASW,CE,Federal Contract Tower,0,2,21,0,23,0,180,71,0,251,0,182,92,0,274,148,0,148,422
07/01/2009,HUM,LA,ASW,CE,Federal Contract Tower,0,2,23,0,25,0,212,57,0,269,0,214,80,0,294,116,0,116,410
07/02/2009,HUM,LA,ASW,CE,Federal Contract Tower,0,0,21,0,21,0,178,61,0,239,0,178,82,0,260,118,0,118,378
07/03/2009,HUM,LA,ASW,CE,Federal Contract Tower,0,1,17,0,18,0,81,59,0,140,0,82,76,0,158,126,0,126,284
07/04/2009,HUM,LA,ASW,CE,Federal Contract Tower,0,0,7,0,7,0,81,27,0,108,0,81,34,0,115,26,0,26,141
07/05/2009,HUM,LA,ASW,CE,Federal Contract Tower,0,18,0,0,18,0,92,36,0,128,0,110,36,0,146,56,0,56,202
07/06/2009,HUM,LA,ASW,CE,Federal Contract Tower,0,2,18,0,20,0,176,40,0,216,0,178,58,0,236,2,0,2,238
07/07/2009,HUM,LA,ASW,CE,Federal Contract Tower,0,7,14,0,21,0,137,20,0,157,0,144,34,0,178,4,0,4,182
07/08/2009,HUM,LA,ASW,CE,Federal Contract Tower,0,4,15,0,19,0,180,53,0,233,0,184,68,0,252,66,0,66,318
07/09/2009,HUM,LA,ASW,CE,Federal Contract Tower,0,7,22,0,29,0,186,41,4,231,0,193,63,4,260,52,0,52,312
07/10/2009,HUM,LA,ASW,CE,Federal Contract Tower,0,0,10,0,10,0,116,66,3,185,0,116,76,3,195,90,0,90,285
07/11/2009,HUM,LA,ASW,CE,Federal Contract Tower,0,0,16,0,16,0,102,49,0,151,0,102,65,0,167,58,0,58,225
07/12/2009,HUM,LA,ASW,CE,Federal Contract Tower,0,0,20,0,20,0,95,51,0,146,0,95,71,0,166,34,0,34,200
07/13/2009,HUM,LA,ASW,CE,Federal Contract Tower,0,2,17,2,21,0,148,57,0,205,0,150,74,2,226,74,0,74,300
07/14/2009,HUM,LA,ASW,CE,Federal Contract Tower,0,5,12,0,17,0,132,55,0,187,0,137,67,0,204,58,0,58,262
07/15/2009,HUM,LA,ASW,CE,Federal Contract Tower,0,0,14,0,14,0,158,48,0,206,0,158,62,0,220,92,0,92,312
07/16/2009,HUM,LA,ASW,CE,Federal Contract Tower,0,2,26,0,28,0,159,40,0,199,0,161,66,0,227,60,0,60,287
07/17/2009,HUM,LA,ASW,CE,Federal Contract Tower,0,6,18,0,24,0,101,35,0,136,0,107,53,0,160,66,0,66,226
07/18/2009,HUM,LA,ASW,CE,Federal Contract Tower,0,13,0,0,13,0,76,35,0,111,0,89,35,0,124,44,0,44,168
07/19/2009,HUM,LA,ASW,CE,Federal Contract Tower,0,2,17,0,19,0,97,37,0,134,0,99,54,0,153,76,0,76,229
07/20/2009,HUM,LA,ASW,CE,Federal Contract Tower,0,21,0,0,21,0,145,41,0,186,0,166,41,0,207,62,0,62,269
07/21/2009,HUM,LA,ASW,CE,Federal Contract Tower,0,0,10,4,14,0,173,51,0,224,0,173,61,4,238,122,0,122,360
07/22/2009,HUM,LA,ASW,CE,Federal Contract Tower,0,2,12,0,14,0,191,58,0,249,0,193,70,0,263,72,0,72,335
07/23/2009,HUM,LA,ASW,CE,Federal Contract Tower,0,2,14,0,16,0,167,61,2,230,0,169,75,2,246,42,0,42,288
07/24/2009,HUM,LA,ASW,CE,Federal Contract Tower,0,10,14,0,24,0,121,41,0,162,0,131,55,0,186,18,0,18,204
07/25/2009,HUM,LA,ASW,CE,Federal Contract Tower,0,8,0,0,8,0,87,39,0,126,0,95,39,0,134,62,0,62,196
07/26/2009,HUM,LA,ASW,CE,Federal Contract Tower,0,3,13,0,16,0,94,27,0,121,0,97,40,0,137,28,0,28,165
07/27/2009,HUM,LA,ASW,CE,Federal Contract Tower,0,5,13,0,18,0,137,38,0,175,0,142,51,0,193,28,0,28,221
07/28/2009,HUM,LA,ASW,CE,Federal Contract Tower,0,1,16,0,17,0,143,64,2,209,0,144,80,2,226,88,0,88,314
07/29/2009,HUM,LA,ASW,CE,Federal Contract Tower,0,1,16,0,17,0,156,62,0,218,0,157,78,0,235,46,0,46,281
07/30/2009,HUM,LA,ASW,CE,Federal Contract Tower,0,3,13,0,16,0,157,50,0,207,0,160,63,0,223,28,0,28,251
07/31/2009,HUM,LA,ASW,CE,Federal Contract Tower,0,1,15,0,16,0,122,41,0,163,0,123,56,0,179,28,0,28,207
08/01/2009,HUM,LA,ASW,CE,Federal Contract Tower,0,0,6,0,6,0,78,39,1,118,0,78,45,1,124,24,0,24,148
08/02/2009,HUM,LA,ASW,CE,Federal Contract Tower,0,3,15,0,18,0,76,20,0,96,0,79,35,0,114,16,0,16,130
08/03/2009,HUM,LA,ASW,CE,Federal Contract Tower,0,0,9,0,9,0,140,56,0,196,0,140,65,0,205,20,0,20,225
08/04/2009,HUM,LA,ASW,CE,Federal Contract Tower,0,5,9,0,14,0,143,69,0,212,0,148,78,0,226,2,0,2,228
08/05/2009,HUM,LA,ASW,CE,Federal Contract Tower,0,4,18,0,22,0,137,59,0,196,0,141,77,0,218,8,0,8,226
08/06/2009,HUM,LA,ASW,CE,Federal Contract Tower,0,0,7,0,7,0,132,60,0,192,0,132,67,0,199,24,0,24,223
08/07/2009,HUM,LA,ASW,CE,Federal Contract Tower,0,5,8,0,13,0,139,66,0,205,0,144,74,0,218,40,0,40,258
08/08/2009,HUM,LA,ASW,CE,Federal Contract Tower,0,5,5,0,10,0,88,44,0,132,0,93,49,0,142,64,0,64,206
08/09/2009,HUM,LA,ASW,CE,Federal Contract Tower,0,1,8,0,9,0,97,34,0,131,0,98,42,0,140,44,0,44,184
08/10/2009,HUM,LA,ASW,CE,Federal Contract Tower,0,0,11,0,11,0,154,65,0,219,0,154,76,0,230,14,0,14,244
08/11/2009,HUM,LA,ASW,CE,Federal Contract Tower,0,4,2,0,6,0,148,49,2,199,0,152,51,2,205,0,0,0,205
08/12/2009,HUM,LA,ASW,CE,Federal Contract Tower,0,1,6,0,7,0,174,38,0,212,0,175,44,0,219,0,0,0,219
08/13/2009,HUM,LA,ASW,CE,Federal Contract Tower,0,0,12,0,12,0,165,58,0,223,0,165,70,0,235,24,0,24,259
08/14/2009,HUM,LA,ASW,CE,Federal Contract Tower,0,0,15,0,15,0,108,58,0,166,0,108,73,0,181,22,0,22,203
08/15/2009,HUM,LA,ASW,CE,Federal Contract Tower,0,2,13,0,15,0,99,30,0,129,0,101,43,0,144,20,0,20,164
08/16/2009,HUM,LA,ASW,CE,Federal Contract Tower,0,2,15,0,17,0,95,31,0,126,0,97,46,0,143,16,0,16,159
08/17/2009,HUM,LA,ASW,CE,Federal Contract Tower,0,0,19,0,19,0,125,45,0,170,0,125,64,0,189,22,0,22,211
08/18/2009,HUM,LA,ASW,CE,Federal Contract Tower,0,0,10,1,11,0,134,33,2,169,0,134,43,3,180,2,50,52,232
08/19/2009,HUM,LA,ASW,CE,Federal Contract Tower,0,1,14,0,15,0,183,52,0,235,0,184,66,0,250,36,0,36,286
08/20/2009,HUM,LA,ASW,CE,Federal Contract Tower,0,3,15,0,18,0,148,66,0,214,0,151,81,0,232,38,0,38,270
08/21/2009,HUM,LA,ASW,CE,Federal Contract Tower,0,0,17,0,17,0,112,61,0,173,0,112,78,0,190,118,0,118,308
08/22/2009,HUM,LA,ASW,CE,Federal Contract Tower,0,3,9,0,12,0,83,55,0,138,0,86,64,0,150,100,0,100,250
08/23/2009,HUM,LA,ASW,CE,Federal Contract Tower,0,0,8,0,8,0,113,66,0,179,0,113,74,0,187,66,0,66,253
08/24/2009,HUM,LA,ASW,CE,Federal Contract Tower,0,4,15,0,19,0,146,70,4,220,0,150,85,4,239,86,0,86,325
08/25/2009,HUM,LA,ASW,CE,Federal Contract Tower,0,0,17,0,17,0,172,39,2,213,0,172,56,2,230,38,0,38,268
08/26/2009,HUM,LA,ASW,CE,Federal Contract Tower,0,0,18,0,18,0,170,69,2,241,0,170,87,2,259,108,0,108,367
08/27/2009,HUM,LA,ASW,CE,Federal Contract Tower,0,1,17,0,18,0,141,85,0,226,0,142,102,0,244,56,0,56,300
08/28/2009,HUM,LA,ASW,CE,Federal Contract Tower,0,2,18,2,22,0,129,50,2,181,0,131,68,4,203,14,0,14,217
08/29/2009,HUM,LA,ASW,CE,Federal Contract Tower,0,2,13,0,15,0,77,44,1,122,0,79,57,1,137,60,0,60,197
08/30/2009,HUM,LA,ASW,CE,Federal Contract Tower,0,3,9,0,12,0,96,40,0,136,0,99,49,0,148,38,0,38,186
08/31/2009,HUM,LA,ASW,CE,Federal Contract Tower,0,5,7,0,12,0,130,40,2,172,0,135,47,2,184,22,0,22,206
09/01/2009,HUM,LA,ASW,CE,Federal Contract Tower,0,1,15,0,16,0,167,56,2,225,0,168,71,2,241,16,4,20,261
09/02/2009,HUM,LA,ASW,CE,Federal Contract Tower,0,0,15,0,15,0,164,65,4,233,0,164,80,4,248,32,0,32,280
09/03/2009,HUM,LA,ASW,CE,Federal Contract Tower,0,2,19,0,21,0,183,48,0,231,0,185,67,0,252,40,0,40,292
09/04/2009,HUM,LA,ASW,CE,Federal Contract Tower,0,0,13,2,15,0,103,40,0,143,0,103,53,2,158,44,0,44,202
09/05/2009,HUM,LA,ASW,CE,Federal Contract Tower,0,0,3,0,3,0,109,34,0,143,0,109,37,0,146,58,0,58,204
09/06/2009,HUM,LA,ASW,CE,Federal Contract Tower,0,0,8,0,8,0,80,19,0,99,0,80,27,0,107,16,0,16,123
09/07/2009,HUM,LA,ASW,CE,Federal Contract Tower,0,2,8,0,10,0,110,31,0,141,0,112,39,0,151,22,0,22,173
09/08/2009,HUM,LA,ASW,CE,Federal Contract Tower,0,2,14,0,16,0,136,57,0,193,0,138,71,0,209,8,0,8,217
09/09/2009,HUM,LA,ASW,CE,Federal Contract Tower,0,12,9,0,21,0,171,37,2,210,0,183,46,2,231,4,0,4,235
09/10/2009,HUM,LA,ASW,CE,Federal Contract Tower,0,11,14,0,25,0,139,43,0,182,0,150,57,0,207,32,0,32,239
09/11/2009,HUM,LA,ASW,CE,Federal Contract Tower,0,12,10,0,22,0,72,5,0,77,0,84,15,0,99,4,0,4,103
09/12/2009,HUM,LA,ASW,CE,Federal Contract Tower,0,0,7,0,7,0,52,3,0,55,0,52,10,0,62,10,0,10,72
09/13/2009,HUM,LA,ASW,CE,Federal Contract Tower,0,4,2,0,6,0,93,13,0,106,0,97,15,0,112,2,0,2,114
09/14/2009,HUM,LA,ASW,CE,Federal Contract Tower,0,0,11,0,11,0,126,39,0,165,0,126,50,0,176,28,0,28,204
09/15/2009,HUM,LA,ASW,CE,Federal Contract Tower,0,2,15,0,17,0,155,41,0,196,0,157,56,0,213,26,0,26,239
09/16/2009,HUM,LA,ASW,CE,Federal Contract Tower,0,2,9,0,11,0,166,61,2,229,0,168,70,2,240,138,0,138,378
09/17/2009,HUM,LA,ASW,CE,Federal Contract Tower,0,2,20,0,22,0,177,57,0,234,0,179,77,0,256,34,0,34,290
09/18/2009,HUM,LA,ASW,CE,Federal Contract Tower,0,2,16,0,18,0,131,33,0,164,0,133,49,0,182,52,0,52,234
09/19/2009,HUM,LA,ASW,CE,Federal Contract Tower,0,0,12,0,12,0,88,32,0,120,0,88,44,0,132,18,0,18,150
09/20/2009,HUM,LA,ASW,CE,Federal Contract Tower,0,0,9,0,9,0,88,27,0,115,0,88,36,0,124,34,0,34,158
09/21/2009,HUM,LA,ASW,CE,Federal Contract Tower,0,0,15,0,15,0,140,43,0,183,0,140,58,0,198,10,0,10,208
09/22/2009,HUM,LA,ASW,CE,Federal Contract Tower,0,3,17,0,20,0,146,24,0,170,0,149,41,0,190,10,0,10,200
09/23/2009,HUM,LA,ASW,CE,Federal Contract Tower,0,2,11,0,13,0,164,52,0,216,0,166,63,0,229,50,0,50,279
09/24/2009,HUM,LA,ASW,CE,Federal Contract Tower,0,25,13,0,38,0,117,48,2,167,0,142,61,2,205,24,0,24,229
09/25/2009,HUM,LA,ASW,CE,Federal Contract Tower,0,29,19,0,48,0,84,21,0,105,0,113,40,0,153,0,0,0,153
09/26/2009,HUM,LA,ASW,CE,Federal Contract Tower,0,10,7,0,17,0,78,14,0,92,0,88,21,0,109,0,0,0,109
09/27/2009,HUM,LA,ASW,CE,Federal Contract Tower,0,19,8,0,27,0,100,35,0,135,0,119,43,0,162,52,0,52,214
09/28/2009,HUM,LA,ASW,CE,Federal Contract Tower,0,3,15,0,18,0,138,48,0,186,0,141,63,0,204,0,0,0,204
09/29/2009,HUM,LA,ASW,CE,Federal Contract Tower,0,0,17,0,17,0,143,55,0,198,0,143,72,0,215,44,0,44,259
09/30/2009,HUM,LA,ASW,CE,Federal Contract Tower,0,0,13,0,13,0,173,64,0,237,0,173,77,0,250,50,0,50,300
10/01/2009,HUM,LA,ASW,CE,Federal Contract Tower,0,0,13,0,13,0,154,41,0,195,0,154,54,0,208,42,42,84,292
10/02/2009,HUM,LA,ASW,CE,Federal Contract Tower,0,5,13,0,18,0,77,20,0,97,0,82,33,0,115,30,0,30,145
10/03/2009,HUM,LA,ASW,CE,Federal Contract Tower,0,18,10,0,28,0,94,26,0,120,0,112,36,0,148,24,0,24,172
10/04/2009,HUM,LA,ASW,CE,Federal Contract Tower,0,2,3,0,5,0,65,1,0,66,0,67,4,0,71,10,0,10,81
10/05/2009,HUM,LA,ASW,CE,Federal Contract Tower,0,8,10,0,18,0,133,26,0,159,0,141,36,0,177,16,0,16,193
10/06/2009,HUM,LA,ASW,CE,Federal Contract Tower,0,10,10,0,20,0,148,29,3,180,0,158,39,3,200,0,0,0,200
10/07/2009,HUM,LA,ASW,CE,Federal Contract Tower,0,1,13,0,14,0,172,56,0,228,0,173,69,0,242,24,0,24,266
10/08/2009,HUM,LA,ASW,CE,Federal Contract Tower,0,1,25,0,26,0,166,64,0,230,0,167,89,0,256,18,0,18,274
10/09/2009,HUM,LA,ASW,CE,Federal Contract Tower,0,1,7,0,8,0,122,39,0,161,0,123,46,0,169,4,0,4,173
10/10/2009,HUM,LA,ASW,CE,Federal Contract Tower,0,2,4,0,6,0,73,12,0,85,0,75,16,0,91,10,0,10,101
10/11/2009,HUM,LA,ASW,CE,Federal Contract Tower,0,15,14,0,29,0,48,6,0,54,0,63,20,0,83,2,0,2,85
10/12/2009,HUM,LA,ASW,CE,Federal Contract Tower,0,9,19,0,28,0,124,33,0,157,0,133,52,0,185,42,0,42,227
10/13/2009,HUM,LA,ASW,CE,Federal Contract Tower,0,13,10,0,23,0,144,22,3,169,0,157,32,3,192,8,0,8,200
10/14/2009,HUM,LA,ASW,CE,Federal Contract Tower,0,13,11,0,24,0,151,47,14,212,0,164,58,14,236,10,0,10,246
10/15/2009,HUM,LA,ASW,CE,Federal Contract Tower,0,2,20,0,22,0,161,23,12,196,0,163,43,12,218,14,0,14,232
10/16/2009,HUM,LA,ASW,CE,Federal Contract Tower,0,34,12,3,49,0,63,20,0,83,0,97,32,3,132,12,0,12,144
10/17/2009,HUM,LA,ASW,CE,Federal Contract Tower,0,0,7,0,7,0,96,65,3,164,0,96,72,3,171,36,0,36,207
10/18/2009,HUM,LA,ASW,CE,Federal Contract Tower,0,1,12,0,13,0,82,10,0,92,0,83,22,0,105,0,0,0,105
10/19/2009,HUM,LA,ASW,CE,Federal Contract Tower,0,3,11,2,16,0,137,54,0,191,0,140,65,2,207,8,0,8,215
10/20/2009,HUM,LA,ASW,CE,Federal Contract Tower,0,1,20,0,21,0,139,35,0,174,0,140,55,0,195,2,0,2,197
10/21/2009,HUM,LA,ASW,CE,Federal Contract Tower,0,5,19,1,25,0,173,51,1,225,0,178,70,2,250,26,0,26,276
10/22/2009,HUM,LA,ASW,CE,Federal Contract Tower,0,4,14,0,18,0,149,23,0,172,0,153,37,0,190,4,0,4,194
10/23/2009,HUM,LA,ASW,CE,Federal Contract Tower,0,8,31,0,39,0,143,34,0,177,0,151,65,0,216,4,0,4,220
10/24/2009,HUM,LA,ASW,CE,Federal Contract Tower,0,7,9,0,16,0,115,47,2,164,0,122,56,2,180,16,0,16,196
10/25/2009,HUM,LA,ASW,CE,Federal Contract Tower,0,0,8,0,8,0,84,32,0,116,0,84,40,0,124,4,0,4,128
10/26/2009,HUM,LA,ASW,CE,Federal Contract Tower,0,2,10,0,12,0,158,45,0,203,0,160,55,0,215,8,0,8,223
10/27/2009,HUM,LA,ASW,CE,Federal Contract Tower,0,43,13,4,60,0,118,18,0,136,0,161,31,4,196,18,0,18,214
10/28/2009,HUM,LA,ASW,CE,Federal Contract Tower,0,5,19,0,24,0,192,51,3,246,0,197,70,3,270,8,0,8,278
10/29/2009,HUM,LA,ASW,CE,Federal Contract Tower,0,52,18,1,71,0,80,22,0,102,0,132,40,1,173,0,0,0,173
10/30/2009,HUM,LA,ASW,CE,Federal Contract Tower,0,11,13,0,24,0,89,13,2,104,0,100,26,2,128,0,6,6,134
10/31/2009,HUM,LA,ASW,CE,Federal Contract Tower,0,6,10,0,16,0,117,23,2,142,0,123,33,2,158,6,0,6,164
11/01/2009,HUM,LA,ASW,CE,Federal Contract Tower,0,0,11,0,11,0,73,35,0,108,0,73,46,0,119,34,0,34,153
11/02/2009,HUM,LA,ASW,CE,Federal Contract Tower,0,0,8,0,8,0,137,40,0,177,0,137,48,0,185,26,0,26,211
11/03/2009,HUM,LA,ASW,CE,Federal Contract Tower,0,2,10,0,12,0,170,38,2,210,0,172,48,2,222,38,0,38,260
11/04/2009,HUM,LA,ASW,CE,Federal Contract Tower,0,2,23,0,25,0,184,57,2,243,0,186,80,2,268,10,0,10,278
11/05/2009,HUM,LA,ASW,CE,Federal Contract Tower,0,4,10,0,14,0,171,53,0,224,0,175,63,0,238,68,0,68,306
11/06/2009,HUM,LA,ASW,CE,Federal Contract Tower,0,3,12,0,15,0,172,44,0,216,0,175,56,0,231,34,0,34,265
11/07/2009,HUM,LA,ASW,CE,Federal Contract Tower,0,1,7,0,8,0,82,29,0,111,0,83,36,0,119,2,0,2,121
11/08/2009,HUM,LA,ASW,CE,Federal Contract Tower,0,6,11,0,17,0,245,19,0,264,0,251,30,0,281,0,0,0,281
11/09/2009,HUM,LA,ASW,CE,Federal Contract Tower,0,7,4,0,11,0,87,10,0,97,0,94,14,0,108,14,0,14,122
11/10/2009,HUM,LA,ASW,CE,Federal Contract Tower,0,5,15,0,20,0,208,32,0,240,0,213,47,0,260,32,0,32,292
11/11/2009,HUM,LA,ASW,CE,Federal Contract Tower,0,2,11,0,13,0,219,35,0,254,0,221,46,0,267,102,0,102,369
11/12/2009,HUM,LA,ASW,CE,Federal Contract Tower,0,3,9,0,12,0,161,71,0,232,0,164,80,0,244,124,0,124,368
11/13/2009,HUM,LA,ASW,CE,Federal Contract Tower,0,1,19,2,22,0,139,52,2,193,0,140,71,4,215,52,2,54,269
11/14/2009,HUM,LA,ASW,CE,Federal Contract Tower,0,4,7,0,11,0,104,51,0,155,0,108,58,0,166,16,0,16,182
11/15/2009,HUM,LA,ASW,CE,Federal Contract Tower,0,4,7,0,11,0,109,18,3,130,0,113,25,3,141,0,0,0,141
11/16/2009,HUM,LA,ASW,CE,Federal Contract Tower,0,19,17,0,36,0,127,20,0,147,0,146,37,0,183,12,0,12,195
11/17/2009,HUM,LA,ASW,CE,Federal Contract Tower,0,0,7,0,7,0,168,51,0,219,0,168,58,0,226,44,0,44,270
11/18/2009,HUM,LA,ASW,CE,Federal Contract Tower,0,0,12,0,12,0,183,52,1,236,0,183,64,1,248,58,0,58,306
11/19/2009,HUM,LA,ASW,CE,Federal Contract Tower,0,0,15,0,15,0,158,46,0,204,0,158,61,0,219,76,0,76,295
11/20/2009,HUM,LA,ASW,CE,Federal Contract Tower,0,3,16,0,19,0,141,40,0,181,0,144,56,0,200,0,0,0,200
11/21/2009,HUM,LA,ASW,CE,Federal Contract Tower,0,10,4,0,14,0,48,0,0,48,0,58,4,0,62,0,0,0,62
11/22/2009,HUM,LA,ASW,CE,Federal Contract Tower,0,60,11,0,71,0,36,2,0,38,0,96,13,0,109,0,0,0,109
11/23/2009,HUM,LA,ASW,CE,Federal Contract Tower,0,9,17,0,26,0,128,33,0,161,0,137,50,0,187,18,0,18,205
11/24/2009,HUM,LA,ASW,CE,Federal Contract Tower,0,7,23,0,30,0,132,36,1,169,0,139,59,1,199,20,0,20,219
11/25/2009,HUM,LA,ASW,CE,Federal Contract Tower,0,6,10,0,16,0,193,50,0,243,0,199,60,0,259,8,0,8,267
11/26/2009,HUM,LA,ASW,CE,Federal Contract Tower,0,2,2,0,4,0,122,22,0,144,0,124,24,0,148,8,0,8,156
11/27/2009,HUM,LA,ASW,CE,Federal Contract Tower,0,1,6,0,7,0,111,39,0,150,0,112,45,0,157,20,0,20,177
11/28/2009,HUM,LA,ASW,CE,Federal Contract Tower,0,1,4,0,5,0,88,31,0,119,0,89,35,0,124,38,0,38,162
11/29/2009,HUM,LA,ASW,CE,Federal Contract Tower,0,0,14,0,14,0,91,17,0,108,0,91,31,0,122,24,0,24,146
11/30/2009,HUM,LA,ASW,CE,Federal Contract Tower,0,28,6,0,34,0,100,8,0,108,0,128,14,0,142,0,0,0,142
12/01/2009,HUM,LA,ASW,CE,Federal Contract Tower,0,30,20,0,50,0,17,0,0,17,0,47,20,0,67,2,0,2,69
12/02/2009,HUM,LA,ASW,CE,Federal Contract Tower,0,26,10,0,36,0,172,8,4,184,0,198,18,4,220,10,0,10,230
12/03/2009,HUM,LA,ASW,CE,Federal Contract Tower,0,4,17,0,21,0,168,51,2,221,0,172,68,2,242,14,0,14,256
12/04/2009,HUM,LA,ASW,CE,Federal Contract Tower,0,5,15,0,20,0,124,15,0,139,0,129,30,0,159,0,0,0,159
12/05/2009,HUM,LA,ASW,CE,Federal Contract Tower,0,1,11,0,12,0,77,29,0,106,0,78,40,0,118,20,0,20,138
12/06/2009,HUM,LA,ASW,CE,Federal Contract Tower,0,3,8,0,11,0,109,26,0,135,0,112,34,0,146,8,0,8,154
12/07/2009,HUM,LA,ASW,CE,Federal Contract Tower,0,8,7,0,15,0,118,6,0,124,0,126,13,0,139,2,0,2,141
12/08/2009,HUM,LA,ASW,CE,Federal Contract Tower,0,84,15,0,99,0,0,0,0,0,0,84,15,0,99,0,0,0,99
12/09/2009,HUM,LA,ASW,CE,Federal Contract Tower,0,31,15,0,46,0,151,37,0,188,0,182,52,0,234,48,0,48,282
12/10/2009,HUM,LA,ASW,CE,Federal Contract Tower,0,5,13,0,18,0,160,47,0,207,0,165,60,0,225,0,0,0,225
12/11/2009,HUM,LA,ASW,CE,Federal Contract Tower,0,18,8,0,26,0,105,14,0,119,0,123,22,0,145,0,0,0,145
12/12/2009,HUM,LA,ASW,CE,Federal Contract Tower,0,13,1,0,14,0,0,0,0,0,0,13,1,0,14,0,0,0,14
12/13/2009,HUM,LA,ASW,CE,Federal Contract Tower,0,28,13,0,41,0,8,1,0,9,0,36,14,0,50,10,0,10,60
12/14/2009,HUM,LA,ASW,CE,Federal Contract Tower,0,5,11,0,16,0,0,0,0,0,0,5,11,0,16,0,0,0,16
12/15/2009,HUM,LA,ASW,CE,Federal Contract Tower,0,43,5,0,48,0,26,0,0,26,0,69,5,0,74,0,0,0,74
12/16/2009,HUM,LA,ASW,CE,Federal Contract Tower,0,9,17,0,26,0,243,53,0,296,0,252,70,0,322,26,0,26,348
12/17/2009,HUM,LA,ASW,CE,Federal Contract Tower,0,26,17,0,43,0,104,14,0,118,0,130,31,0,161,10,0,10,171
12/18/2009,HUM,LA,ASW,CE,Federal Contract Tower,0,29,17,0,46,0,87,43,1,131,0,116,60,1,177,10,0,10,187
12/19/2009,HUM,LA,ASW,CE,Federal Contract Tower,0,0,3,0,3,0,102,27,0,129,0,102,30,0,132,26,0,26,158
12/20/2009,HUM,LA,ASW,CE,Federal Contract Tower,0,15,12,0,27,0,76,29,0,105,0,91,41,0,132,14,0,14,146
12/21/2009,HUM,LA,ASW,CE,Federal Contract Tower,0,16,16,0,32,0,155,41,0,196,0,171,57,0,228,26,0,26,254
12/22/2009,HUM,LA,ASW,CE,Federal Contract Tower,0,6,17,0,23,0,149,45,0,194,0,155,62,0,217,22,0,22,239
12/23/2009,HUM,LA,ASW,CE,Federal Contract Tower,0,5,12,0,17,0,171,23,0,194,0,176,35,0,211,46,0,46,257
12/24/2009,HUM,LA,ASW,CE,Federal Contract Tower,0,12,2,0,14,0,74,0,0,74,0,86,2,0,88,0,0,0,88
12/25/2009,HUM,LA,ASW,CE,Federal Contract Tower,0,3,0,0,3,0,86,16,0,102,0,89,16,0,105,8,0,8,113
12/26/2009,HUM,LA,ASW,CE,Federal Contract Tower,0,0,6,0,6,0,75,24,0,99,0,75,30,0,105,26,0,26,131
12/27/2009,HUM,LA,ASW,CE,Federal Contract Tower,0,4,6,0,10,0,84,21,2,107,0,88,27,2,117,22,0,22,139
12/28/2009,HUM,LA,ASW,CE,Federal Contract Tower,0,7,10,0,17,0,151,37,0,188,0,158,47,0,205,26,0,26,231
12/29/2009,HUM,LA,ASW,CE,Federal Contract Tower,0,3,3,0,6,0,137,34,0,171,0,140,37,0,177,50,0,50,227
12/30/2009,HUM,LA,ASW,CE,Federal Contract Tower,0,14,7,0,21,0,158,18,0,176,0,172,25,0,197,4,0,4,201
12/31/2009,HUM,LA,ASW,CE,Federal Contract Tower,0,80,21,0,101,0,68,23,0,91,0,148,44,0,192,22,0,22,214
01/01/2010,HUM,LA,ASW,CE,Federal Contract Tower,0,12,3,0,15,0,63,12,0,75,0,75,15,0,90,30,0,30,120
01/02/2010,HUM,LA,ASW,CE,Federal Contract Tower,0,0,18,0,18,0,61,31,0,92,0,61,49,0,110,32,0,32,142
01/03/2010,HUM,LA,ASW,CE,Federal Contract Tower,0,2,8,0,10,0,84,18,0,102,0,86,26,0,112,34,0,34,146
01/04/2010,HUM,LA,ASW,CE,Federal Contract Tower,0,4,7,0,11,0,142,38,0,180,0,146,45,0,191,6,0,6,197
01/05/2010,HUM,LA,ASW,CE,Federal Contract Tower,0,5,5,0,10,0,171,43,0,214,0,176,48,0,224,28,0,28,252
01/06/2010,HUM,LA,ASW,CE,Federal Contract Tower,0,4,9,0,13,0,201,29,0,230,0,205,38,0,243,20,0,20,263
01/07/2010,HUM,LA,ASW,CE,Federal Contract Tower,0,13,22,1,36,0,113,6,2,121,0,126,28,3,157,2,0,2,159
01/08/2010,HUM,LA,ASW,CE,Federal Contract Tower,0,0,14,1,15,0,110,24,1,135,0,110,38,2,150,38,0,38,188
01/09/2010,HUM,LA,ASW,CE,Federal Contract Tower,0,0,4,0,4,0,67,15,0,82,0,67,19,0,86,16,0,16,102
01/10/2010,HUM,LA,ASW,CE,Federal Contract Tower,0,0,9,0,9,0,81,29,0,110,0,81,38,0,119,10,0,10,129
01/11/2010,HUM,LA,ASW,CE,Federal Contract Tower,0,0,7,0,7,0,139,26,0,165,0,139,33,0,172,48,0,48,220
01/12/2010,HUM,LA,ASW,CE,Federal Contract Tower,0,3,10,0,13,0,184,42,0,226,0,187,52,0,239,54,0,54,293
01/13/2010,HUM,LA,ASW,CE,Federal Contract Tower,0,2,7,0,9,0,199,38,0,237,0,201,45,0,246,44,0,44,290
01/14/2010,HUM,LA,ASW,CE,Federal Contract Tower,0,1,21,0,22,0,184,38,5,227,0,185,59,5,249,26,0,26,275
01/15/2010,HUM,LA,ASW,CE,Federal Contract Tower,0,7,10,0,17,0,101,14,0,115,0,108,24,0,132,10,0,10,142
01/16/2010,HUM,LA,ASW,CE,Federal Contract Tower,0,9,2,0,11,0,0,0,0,0,0,9,2,0,11,0,0,0,11
01/17/2010,HUM,LA,ASW,CE,Federal Contract Tower,0,10,13,0,23,0,100,16,0,116,0,110,29,0,139,16,0,16,155
01/18/2010,HUM,LA,ASW,CE,Federal Contract Tower,0,13,17,0,30,0,115,32,2,149,0,128,49,2,179,6,0,6,185
01/19/2010,HUM,LA,ASW,CE,Federal Contract Tower,0,13,13,0,26,0,178,30,0,208,0,191,43,0,234,34,0,34,268
01/20/2010,HUM,LA,ASW,CE,Federal Contract Tower,0,56,19,0,75,0,16,0,0,16,0,72,19,0,91,6,0,6,97
01/21/2010,HUM,LA,ASW,CE,Federal Contract Tower,0,44,24,0,68,0,58,20,0,78,0,102,44,0,146,8,0,8,154
01/22/2010,HUM,LA,ASW,CE,Federal Contract Tower,0,3,10,0,13,0,187,31,0,218,0,190,41,0,231,2,0,2,233
01/23/2010,HUM,LA,ASW,CE,Federal Contract Tower,0,27,8,0,35,0,41,0,0,41,0,68,8,0,76,0,0,0,76
01/24/2010,HUM,LA,ASW,CE,Federal Contract Tower,0,5,7,0,12,0,77,8,0,85,0,82,15,0,97,0,0,0,97
01/25/2010,HUM,LA,ASW,CE,Federal Contract Tower,0,2,9,0,11,0,147,30,0,177,0,149,39,0,188,26,0,26,214
01/26/2010,HUM,LA,ASW,CE,Federal Contract Tower,0,0,21,0,21,0,162,48,0,210,0,162,69,0,231,26,0,26,257
01/27/2010,HUM,LA,ASW,CE,Federal Contract Tower,0,0,3,0,3,0,201,23,0,224,0,201,26,0,227,2,0,2,229
01/28/2010,HUM,LA,ASW,CE,Federal Contract Tower,0,1,16,0,17,0,167,34,2,203,0,168,50,2,220,6,0,6,226
01/29/2010,HUM,LA,ASW,CE,Federal Contract Tower,0,11,9,0,20,0,90,13,0,103,0,101,22,0,123,10,0,10,133
01/30/2010,HUM,LA,ASW,CE,Federal Contract Tower,0,24,7,0,31,0,48,5,0,53,0,72,12,0,84,4,0,4,88
01/31/2010,HUM,LA,ASW,CE,Federal Contract Tower,0,3,14,0,17,0,117,23,0,140,0,120,37,0,157,36,0,36,193
02/01/2010,HUM,LA,ASW,CE,Federal Contract Tower,0,4,9,0,13,0,139,16,0,155,0,143,25,0,168,12,0,12,180
02/02/2010,HUM,LA,ASW,CE,Federal Contract Tower,0,7,14,0,21,0,140,25,0,165,0,147,39,0,186,4,0,4,190
02/03/2010,HUM,LA,ASW,CE,Federal Contract Tower,0,4,14,0,18,0,209,16,0,225,0,213,30,0,243,0,0,0,243
02/04/2010,HUM,LA,ASW,CE,Federal Contract Tower,0,30,14,0,44,0,25,0,0,25,0,55,14,0,69,0,0,0,69
02/05/2010,HUM,LA,ASW,CE,Federal Contract Tower,0,39,19,0,58,0,118,11,2,131,0,157,30,2,189,0,0,0,189
02/06/2010,HUM,LA,ASW,CE,Federal Contract Tower,0,4,13,0,17,0,100,17,0,117,0,104,30,0,134,10,0,10,144
02/07/2010,HUM,LA,ASW,CE,Federal Contract Tower,0,3,2,0,5,0,71,22,0,93,0,74,24,0,98,0,0,0,98
02/08/2010,HUM,LA,ASW,CE,Federal Contract Tower,0,6,32,0,38,0,136,32,0,168,0,142,64,0,206,0,0,0,206
02/09/2010,HUM,LA,ASW,CE,Federal Contract Tower,0,39,20,0,59,0,109,21,0,130,0,148,41,0,189,4,0,4,193
02/10/2010,HUM,LA,ASW,CE,Federal Contract Tower,0,6,8,0,14,0,184,27,0,211,0,190,35,0,225,2,0,2,227
02/11/2010,HUM,LA,ASW,CE,Federal Contract Tower,0,6,17,0,23,0,129,9,0,138,0,135,26,0,161,2,0,2,163
02/12/2010,HUM,LA,ASW,CE,Federal Contract Tower,0,27,9,0,36,0,53,6,0,59,0,80,15,0,95,2,0,2,97
02/13/2010,HUM,LA,ASW,CE,Federal Contract Tower,0,2,20,0,22,0,120,46,0,166,0,122,66,0,188,24,0,24,212
02/14/2010,HUM,LA,ASW,CE,Federal Contract Tower,0,2,5,0,7,0,123,36,0,159,0,125,41,0,166,22,0,22,188
02/15/2010,HUM,LA,ASW,CE,Federal Contract Tower,0,4,7,2,13,0,117,31,0,148,0,121,38,2,161,0,0,0,161
02/16/2010,HUM,LA,ASW,CE,Federal Contract Tower,0,5,9,0,14,0,133,43,0,176,0,138,52,0,190,14,0,14,204
02/17/2010,HUM,LA,ASW,CE,Federal Contract Tower,0,4,8,0,12,0,204,35,3,242,0,208,43,3,254,22,0,22,276
02/18/2010,HUM,LA,ASW,CE,Federal Contract Tower,0,4,12,0,16,0,170,52,2,224,0,174,64,2,240,104,0,104,344
02/19/2010,HUM,LA,ASW,CE,Federal Contract Tower,0,1,18,0,19,0,120,20,0,140,0,121,38,0,159,24,0,24,183
02/20/2010,HUM,LA,ASW,CE,Federal Contract Tower,0,2,6,0,8,0,101,33,0,134,0,103,39,0,142,20,0,20,162
02/21/2010,HUM,LA,ASW,CE,Federal Contract Tower,0,10,12,0,22,0,83,12,0,95,0,93,24,0,117,6,0,6,123
02/22/2010,HUM,LA,ASW,CE,Federal Contract Tower,0,35,16,0,51,0,78,39,0,117,0,113,55,0,168,10,0,10,178
02/23/2010,HUM,LA,ASW,CE,Federal Contract Tower,0,40,10,0,50,0,172,27,0,199,0,212,37,0,249,48,0,48,297
02/24/2010,HUM,LA,ASW,CE,Federal Contract Tower,0,4,7,0,11,0,175,27,0,202,0,179,34,0,213,24,0,24,237
02/25/2010,HUM,LA,ASW,CE,Federal Contract Tower,0,2,13,0,15,0,169,45,0,214,0,171,58,0,229,20,0,20,249
02/26/2010,HUM,LA,ASW,CE,Federal Contract Tower,0,3,4,0,7,0,129,35,0,164,0,132,39,0,171,20,0,20,191
02/27/2010,HUM,LA,ASW,CE,Federal Contract Tower,0,25,4,0,29,0,75,12,0,87,0,100,16,0,116,10,0,10,126
02/28/2010,HUM,LA,ASW,CE,Federal Contract Tower,0,2,8,0,10,0,81,57,0,138,0,83,65,0,148,28,0,28,176
03/01/2010,HUM,LA,ASW,CE,Federal Contract Tower,0,7,13,0,20,0,119,13,0,132,0,126,26,0,152,8,0,8,160
03/02/2010,HUM,LA,ASW,CE,Federal Contract Tower,0,4,9,0,13,0,145,19,0,164,0,149,28,0,177,20,0,20,197
03/03/2010,HUM,LA,ASW,CE,Federal Contract Tower,0,5,11,1,17,0,186,33,0,219,0,191,44,1,236,46,0,46,282
03/04/2010,HUM,LA,ASW,CE,Federal Contract Tower,0,6,8,0,14,0,205,54,0,259,0,211,62,0,273,18,0,18,291
03/05/2010,HUM,LA,ASW,CE,Federal Contract Tower,0,0,16,0,16,0,162,38,0,200,0,162,54,0,216,6,0,6,222
03/06/2010,HUM,LA,ASW,CE,Federal Contract Tower,0,0,7,0,7,0,111,41,0,152,0,111,48,0,159,14,0,14,173
03/07/2010,HUM,LA,ASW,CE,Federal Contract Tower,0,0,4,0,4,0,96,40,0,136,0,96,44,0,140,18,2,20,160
03/08/2010,HUM,LA,ASW,CE,Federal Contract Tower,0,4,17,0,21,0,167,20,0,187,0,171,37,0,208,8,0,8,216
03/09/2010,HUM,LA,ASW,CE,Federal Contract Tower,0,16,8,0,24,0,178,4,2,184,0,194,12,2,208,4,0,4,212
03/10/2010,HUM,LA,ASW,CE,Federal Contract Tower,0,77,15,0,92,0,94,8,0,102,0,171,23,0,194,0,0,0,194
03/11/2010,HUM,LA,ASW,CE,Federal Contract Tower,0,25,23,0,48,0,26,36,0,62,0,51,59,0,110,14,0,14,124
03/12/2010,HUM,LA,ASW,CE,Federal Contract Tower,0,7,18,0,25,0,195,52,0,247,0,202,70,0,272,4,0,4,276
03/13/2010,HUM,LA,ASW,CE,Federal Contract Tower,0,2,9,0,11,0,82,27,0,109,0,84,36,0,120,0,0,0,120
03/14/2010,HUM,LA,ASW,CE,Federal Contract Tower,0,5,8,0,13,0,90,50,1,141,0,95,58,1,154,6,0,6,160
03/15/2010,HUM,LA,ASW,CE,Federal Contract Tower,0,5,13,0,18,0,167,37,0,204,0,172,50,0,222,40,0,40,262
03/16/2010,HUM,LA,ASW,CE,Federal Contract Tower,0,6,7,0,13,0,154,36,0,190,0,160,43,0,203,14,0,14,217
03/17/2010,HUM,LA,ASW,CE,Federal Contract Tower,0,11,17,0,28,0,186,39,0,225,0,197,56,0,253,20,0,20,273
03/18/2010,HUM,LA,ASW,CE,Federal Contract Tower,0,8,22,0,30,0,176,40,0,216,0,184,62,0,246,28,0,28,274
03/19/2010,HUM,LA,ASW,CE,Federal Contract Tower,0,10,10,0,20,0,137,39,0,176,0,147,49,0,196,18,0,18,214
03/20/2010,HUM,LA,ASW,CE,Federal Contract Tower,0,4,11,0,15,0,115,9,0,124,0,119,20,0,139,0,0,0,139
03/21/2010,HUM,LA,ASW,CE,Federal Contract Tower,0,2,14,0,16,0,72,27,2,101,0,74,41,2,117,28,0,28,145
03/22/2010,HUM,LA,ASW,CE,Federal Contract Tower,0,3,10,0,13,0,153,38,6,197,0,156,48,6,210,20,0,20,230
03/23/2010,HUM,LA,ASW,CE,Federal Contract Tower,0,15,10,0,25,0,148,26,2,176,0,163,36,2,201,8,0,8,209
03/24/2010,HUM,LA,ASW,CE,Federal Contract Tower,0,22,10,0,32,0,182,26,2,210,0,204,36,2,242,28,0,28,270
03/25/2010,HUM,LA,ASW,CE,Federal Contract Tower,0,21,11,0,32,0,127,21,0,148,0,148,32,0,180,2,0,2,182
03/26/2010,HUM,LA,ASW,CE,Federal Contract Tower,0,6,12,2,20,0,143,38,0,181,0,149,50,2,201,6,0,6,207
03/27/2010,HUM,LA,ASW,CE,Federal Contract Tower,0,6,0,0,6,0,83,15,0,98,0,89,15,0,104,0,0,0,104
03/28/2010,HUM,LA,ASW,CE,Federal Contract Tower,0,16,7,0,23,0,97,24,0,121,0,113,31,0,144,12,0,12,156
03/29/2010,HUM,LA,ASW,CE,Federal Contract Tower,0,6,12,2,20,0,171,34,0,205,0,177,46,2,225,8,0,8,233
03/30/2010,HUM,LA,ASW,CE,Federal Contract Tower,0,16,6,0,22,0,196,51,2,249,0,212,57,2,271,20,0,20,291
03/31/2010,HUM,LA,ASW,CE,Federal Contract Tower,0,5,10,0,15,0,176,43,0,219,0,181,53,0,234,20,0,20,254
04/01/2010,HUM,LA,ASW,CE,Federal Contract Tower,0,4,16,0,20,0,204,49,1,254,0,208,65,1,274,20,0,20,294
04/02/2010,HUM,LA,ASW,CE,Federal Contract Tower,0,1,6,0,7,0,151,25,0,176,0,152,31,0,183,18,0,18,201
04/03/2010,HUM,LA,ASW,CE,Federal Contract Tower,0,22,8,0,30,0,86,4,0,90,0,108,12,0,120,0,0,0,120
04/04/2010,HUM,LA,ASW,CE,Federal Contract Tower,0,10,4,0,14,0,64,12,0,76,0,74,16,0,90,0,0,0,90
04/05/2010,HUM,LA,ASW,CE,Federal Contract Tower,0,23,18,0,41,0,151,35,0,186,0,174,53,0,227,40,0,40,267
04/06/2010,HUM,LA,ASW,CE,Federal Contract Tower,0,22,11,2,35,0,164,35,0,199,0,186,46,2,234,4,0,4,238
04/07/2010,HUM,LA,ASW,CE,Federal Contract Tower,0,11,8,0,19,0,200,25,2,227,0,211,33,2,246,8,0,8,254
04/08/2010,HUM,LA,ASW,CE,Federal Contract Tower,0,11,10,0,21,0,183,35,2,220,0,194,45,2,241,6,0,6,247
04/09/2010,HUM,LA,ASW,CE,Federal Contract Tower,0,5,11,1,17,0,151,30,0,181,0,156,41,1,198,6,0,6,204
04/10/2010,HUM,LA,ASW,CE,Federal Contract Tower,0,3,9,0,12,0,126,28,0,154,0,129,37,0,166,8,0,8,174
04/11/2010,HUM,LA,ASW,CE,Federal Contract Tower,0,3,5,0,8,0,102,25,0,127,0,105,30,0,135,28,0,28,163
04/12/2010,HUM,LA,ASW,CE,Federal Contract Tower,0,21,10,0,31,0,132,48,1,181,0,153,58,1,212,38,0,38,250
04/13/2010,HUM,LA,ASW,CE,Federal Contract Tower,0,10,12,0,22,0,181,52,0,233,0,191,64,0,255,34,0,34,289
04/14/2010,HUM,LA,ASW,CE,Federal Contract Tower,0,22,14,0,36,0,192,59,0,251,0,214,73,0,287,32,0,32,319
04/15/2010,HUM,LA,ASW,CE,Federal Contract Tower,0,8,11,0,19,0,188,40,0,228,0,196,51,0,247,12,0,12,259
04/16/2010,HUM,LA,ASW,CE,Federal Contract Tower,0,12,16,0,28,0,135,34,0,169,0,147,50,0,197,38,0,38,235
04/17/2010,HUM,LA,ASW,CE,Federal Contract Tower,0,13,3,0,16,0,100,23,0,123,0,113,26,0,139,0,0,0,139
04/18/2010,HUM,LA,ASW,CE,Federal Contract Tower,0,5,6,0,11,0,95,38,0,133,0,100,44,0,144,22,0,22,166
04/19/2010,HUM,LA,ASW,CE,Federal Contract Tower,0,5,8,0,13,0,161,39,0,200,0,166,47,0,213,10,0,10,223
04/20/2010,HUM,LA,ASW,CE,Federal Contract Tower,0,8,7,0,15,0,165,39,0,204,0,173,46,0,219,0,0,0,219
04/21/2010,HUM,LA,ASW,CE,Federal Contract Tower,0,6,8,0,14,0,207,32,0,239,0,213,40,0,253,14,0,14,267
04/22/2010,HUM,LA,ASW,CE,Federal Contract Tower,0,17,20,0,37,0,169,48,0,217,0,186,68,0,254,10,0,10,264
04/23/2010,HUM,LA,ASW,CE,Federal Contract Tower,0,14,17,0,31,0,128,32,3,163,0,142,49,3,194,4,0,4,198
04/24/2010,HUM,LA,ASW,CE,Federal Contract Tower,0,18,10,0,28,0,36,3,0,39,0,54,13,0,67,0,0,0,67
04/25/2010,HUM,LA,ASW,CE,Federal Contract Tower,0,2,9,0,11,0,132,40,2,174,0,134,49,2,185,0,0,0,185
04/26/2010,HUM,LA,ASW,CE,Federal Contract Tower,0,3,11,1,15,0,181,58,1,240,0,184,69,2,255,8,0,8,263
04/27/2010,HUM,LA,ASW,CE,Federal Contract Tower,0,5,15,0,20,0,177,59,0,236,0,182,74,0,256,0,0,0,256
04/28/2010,HUM,LA,ASW,CE,Federal Contract Tower,0,11,16,0,27,0,196,73,3,272,0,207,89,3,299,38,0,38,337
04/29/2010,HUM,LA,ASW,CE,Federal Contract Tower,0,7,37,0,44,0,182,53,0,235,0,189,90,0,279,0,0,0,279
04/30/2010,HUM,LA,ASW,CE,Federal Contract Tower,0,62,31,5,98,0,53,3,3,59,0,115,34,8,157,0,0,0,157
05/01/2010,HUM,LA,ASW,CE,Federal Contract Tower,0,50,17,0,67,0,46,3,3,52,0,96,20,3,119,0,0,0,119
05/02/2010,HUM,LA,ASW,CE,Federal Contract Tower,0,31,26,1,58,0,14,0,0,14,0,45,26,1,72,0,0,0,72
05/03/2010,HUM,LA,ASW,CE,Federal Contract Tower,0,38,34,1,73,0,87,46,5,138,0,125,80,6,211,6,0,6,217
05/04/2010,HUM,LA,ASW,CE,Federal Contract Tower,0,29,19,0,48,0,183,69,2,254,0,212,88,2,302,30,0,30,332
05/05/2010,HUM,LA,ASW,CE,Federal Contract Tower,0,19,17,0,36,0,247,75,2,324,0,266,92,2,360,0,0,0,360
05/06/2010,HUM,LA,ASW,CE,Federal Contract Tower,0,14,23,1,38,0,219,69,7,295,0,233,92,8,333,74,0,74,407
05/07/2010,HUM,LA,ASW,CE,Federal Contract Tower,0,15,33,0,48,0,155,69,7,231,0,170,102,7,279,104,0,104,383
05/08/2010,HUM,LA,ASW,CE,Federal Contract Tower,0,17,19,1,37,0,114,49,8,171,0,131,68,9,208,58,0,58,266
05/09/2010,HUM,LA,ASW,CE,Federal Contract Tower,0,14,10,2,26,0,126,43,6,175,0,140,53,8,201,40,0,40,241
05/10/2010,HUM,LA,ASW,CE,Federal Contract Tower,0,19,7,0,26,0,194,70,6,270,0,213,77,6,296,52,0,52,348
05/11/2010,HUM,LA,ASW,CE,Federal Contract Tower,0,15,25,1,41,0,192,54,7,253,0,207,79,8,294,26,0,26,320
05/12/2010,HUM,LA,ASW,CE,Federal Contract Tower,0,16,18,0,34,0,243,45,11,299,0,259,63,11,333,10,0,10,343
05/13/2010,HUM,LA,ASW,CE,Federal Contract Tower,0,20,30,0,50,0,214,35,6,255,0,234,65,6,305,18,0,18,323
05/14/2010,HUM,LA,ASW,CE,Federal Contract Tower,0,7,28,2,37,0,182,51,0,233,0,189,79,2,270,14,0,14,284
05/15/2010,HUM,LA,ASW,CE,Federal Contract Tower,0,13,17,2,32,0,138,25,2,165,0,151,42,4,197,0,0,0,197
05/16/2010,HUM,LA,ASW,CE,Federal Contract Tower,0,7,26,0,33,0,127,33,0,160,0,134,59,0,193,0,0,0,193
05/17/2010,HUM,LA,ASW,CE,Federal Contract Tower,0,16,20,0,36,0,185,20,0,205,0,201,40,0,241,34,0,34,275
05/18/2010,HUM,LA,ASW,CE,Federal Contract Tower,0,3,22,0,25,0,227,58,0,285,0,230,80,0,310,10,0,10,320
05/19/2010,HUM,LA,ASW,CE,Federal Contract Tower,0,6,25,0,31,0,255,61,0,316,0,261,86,0,347,20,0,20,367
05/20/2010,HUM,LA,ASW,CE,Federal Contract Tower,0,6,28,2,36,0,243,62,2,307,0,249,90,4,343,24,0,24,367
05/21/2010,HUM,LA,ASW,CE,Federal Contract Tower,0,13,21,2,36,0,198,75,13,286,0,211,96,15,322,20,0,20,342
05/22/2010,HUM,LA,ASW,CE,Federal Contract Tower,0,2,19,1,22,0,190,59,3,252,0,192,78,4,274,0,0,0,274
05/23/2010,HUM,LA,ASW,CE,Federal Contract Tower,0,6,22,0,28,0,167,61,4,232,0,173,83,4,260,18,0,18,278
05/24/2010,HUM,LA,ASW,CE,Federal Contract Tower,0,5,18,0,23,0,203,43,0,246,0,208,61,0,269,8,0,8,277
05/25/2010,HUM,LA,ASW,CE,Federal Contract Tower,0,6,12,0,18,0,228,63,7,298,0,234,75,7,316,24,0,24,340
05/26/2010,HUM,LA,ASW,CE,Federal Contract Tower,0,10,22,1,33,0,224,76,4,304,0,234,98,5,337,50,0,50,387
05/27/2010,HUM,LA,ASW,CE,Federal Contract Tower,0,7,30,0,37,0,202,64,12,278,0,209,94,12,315,34,0,34,349
05/28/2010,HUM,LA,ASW,CE,Federal Contract Tower,0,7,35,5,47,0,180,32,6,218,0,187,67,11,265,0,0,0,265
05/29/2010,HUM,LA,ASW,CE,Federal Contract Tower,0,9,12,1,22,0,139,44,10,193,0,148,56,11,215,8,0,8,223
05/30/2010,HUM,LA,ASW,CE,Federal Contract Tower,0,8,17,0,25,0,135,34,0,169,0,143,51,0,194,6,0,6,200
05/31/2010,HUM,LA,ASW,CE,Federal Contract Tower,0,2,23,4,29,0,185,55,0,240,0,187,78,4,269,38,0,38,307
06/01/2010,HUM,LA,ASW,CE,Federal Contract Tower,0,4,20,0,24,0,228,49,8,285,0,232,69,8,309,28,0,28,337
06/02/2010,HUM,LA,ASW,CE,Federal Contract Tower,0,7,21,4,32,0,230,49,7,286,0,237,70,11,318,26,0,26,344
06/03/2010,HUM,LA,ASW,CE,Federal Contract Tower,1,4,26,0,31,0,223,41,8,272,1,227,67,8,303,14,0,14,317
06/04/2010,HUM,LA,ASW,CE,Federal Contract Tower,0,8,21,0,29,0,165,33,8,206,0,173,54,8,235,48,0,48,283
06/05/2010,HUM,LA,ASW,CE,Federal Contract Tower,0,3,19,0,22,0,150,34,3,187,0,153,53,3,209,68,0,68,277
06/06/2010,HUM,LA,ASW,CE,Federal Contract Tower,0,9,17,0,26,0,131,26,8,165,0,140,43,8,191,4,0,4,195
06/07/2010,HUM,LA,ASW,CE,Federal Contract Tower,0,5,20,0,25,0,228,55,7,290,0,233,75,7,315,4,0,4,319
06/08/2010,HUM,LA,ASW,CE,Federal Contract Tower,0,8,28,0,36,0,194,65,4,263,0,202,93,4,299,14,0,14,313
06/09/2010,HUM,LA,ASW,CE,Federal Contract Tower,0,7,18,3,28,0,228,56,9,293,0,235,74,12,321,32,0,32,353
06/10/2010,HUM,LA,ASW,CE,Federal Contract Tower,0,3,40,0,43,0,200,61,11,272,0,203,101,11,315,56,0,56,371
06/11/2010,HUM,LA,ASW,CE,Federal Contract Tower,0,1,22,2,25,0,251,71,12,334,0,252,93,14,359,56,0,56,415
06/12/2010,HUM,LA,ASW,CE,Federal Contract Tower,0,5,21,2,28,0,152,47,6,205,0,157,68,8,233,0,0,0,233
06/13/2010,HUM,LA,ASW,CE,Federal Contract Tower,0,9,19,2,30,0,161,58,8,227,0,170,77,10,257,6,0,6,263
06/14/2010,HUM,LA,ASW,CE,Federal Contract Tower,0,4,23,0,27,0,230,77,7,314,0,234,100,7,341,28,0,28,369
06/15/2010,HUM,LA,ASW,CE,Federal Contract Tower,0,11,25,2,38,0,176,59,3,238,0,187,84,5,276,36,0,36,312
06/16/2010,HUM,LA,ASW,CE,Federal Contract Tower,0,5,29,0,34,0,224,71,5,300,0,229,100,5,334,55,0,55,389
06/17/2010,HUM,LA,ASW,CE,Federal Contract Tower,0,2,22,1,25,0,224,85,0,309,0,226,107,1,334,0,0,0,334
06/18/2010,HUM,LA,ASW,CE,Federal Contract Tower,0,7,30,1,38,0,205,66,6,277,0,212,96,7,315,52,0,52,367
06/19/2010,HUM,LA,ASW,CE,Federal Contract Tower,0,2,8,2,12,0,126,55,2,183,0,128,63,4,195,32,0,32,227
06/20/2010,HUM,LA,ASW,CE,Federal Contract Tower,0,3,21,0,24,0,125,55,1,181,0,128,76,1,205,18,0,18,223
06/21/2010,HUM,LA,ASW,CE,Federal Contract Tower,0,12,16,0,28,0,196,62,0,258,0,208,78,0,286,66,0,66,352
06/22/2010,HUM,LA,ASW,CE,Federal Contract Tower,0,7,19,0,26,0,178,56,5,239,0,185,75,5,265,20,0,20,285
06/23/2010,HUM,LA,ASW,CE,Federal Contract Tower,0,3,32,0,35,0,226,58,2,286,0,229,90,2,321,20,0,20,341
06/24/2010,HUM,LA,ASW,CE,Federal Contract Tower,0,5,20,0,25,0,185,70,4,259,0,190,90,4,284,8,0,8,292
06/25/2010,HUM,LA,ASW,CE,Federal Contract Tower,0,8,24,1,33,0,174,53,7,234,0,182,77,8,267,2,0,2,269
06/26/2010,HUM,LA,ASW,CE,Federal Contract Tower,0,5,16,0,21,0,151,73,0,224,0,156,89,0,245,54,0,54,299
06/27/2010,HUM,LA,ASW,CE,Federal Contract Tower,0,8,13,0,21,0,161,41,0,202,0,169,54,0,223,18,0,18,241
06/28/2010,HUM,LA,ASW,CE,Federal Contract Tower,0,4,20,2,26,0,213,46,8,267,0,217,66,10,293,0,0,0,293
06/29/2010,HUM,LA,ASW,CE,Federal Contract Tower,0,17,25,2,44,0,169,27,1,197,0,186,52,3,241,22,0,22,263
06/30/2010,HUM,LA,ASW,CE,Federal Contract Tower,0,27,27,2,56,0,148,5,0,153,0,175,32,2,209,0,0,0,209
07/01/2010,HUM,LA,ASW,CE,Federal Contract Tower,0,43,29,0,72,0,145,14,2,161,0,188,43,2,233,0,0,0,233
07/02/2010,HUM,LA,ASW,CE,Federal Contract Tower,0,14,16,1,31,0,203,61,5,269,0,217,77,6,300,16,0,16,316
07/03/2010,HUM,LA,ASW,CE,Federal Contract Tower,0,3,13,2,18,0,166,46,1,213,0,169,59,3,231,10,0,10,241
07/04/2010,HUM,LA,ASW,CE,Federal Contract Tower,0,4,10,2,16,0,122,30,4,156,0,126,40,6,172,10,0,10,182
07/05/2010,HUM,LA,ASW,CE,Federal Contract Tower,0,12,22,0,34,0,214,47,0,261,0,226,69,0,295,48,0,48,343
07/06/2010,HUM,LA,ASW,CE,Federal Contract Tower,0,9,22,2,33,0,175,26,3,204,0,184,48,5,237,0,0,0,237
07/07/2010,HUM,LA,ASW,CE,Federal Contract Tower,0,19,31,0,50,0,178,33,6,217,0,197,64,6,267,0,0,0,267
07/08/2010,HUM,LA,ASW,CE,Federal Contract Tower,0,5,32,3,40,0,250,55,10,315,0,255,87,13,355,48,0,48,403
07/09/2010,HUM,LA,ASW,CE,Federal Contract Tower,0,2,28,0,30,0,219,73,4,296,0,221,101,4,326,24,0,24,350
07/10/2010,HUM,LA,ASW,CE,Federal Contract Tower,0,4,17,0,21,0,203,61,0,264,0,207,78,0,285,38,0,38,323
07/11/2010,HUM,LA,ASW,CE,Federal Contract Tower,0,3,22,1,26,0,154,34,3,191,0,157,56,4,217,54,0,54,271
07/12/2010,HUM,LA,ASW,CE,Federal Contract Tower,0,7,30,0,37,0,209,47,2,258,0,216,77,2,295,12,0,12,307
07/13/2010,HUM,LA,ASW,CE,Federal Contract Tower,0,2,18,0,20,0,193,76,4,273,0,195,94,4,293,8,0,8,301
07/14/2010,HUM,LA,ASW,CE,Federal Contract Tower,0,4,23,0,27,0,240,79,2,321,0,244,102,2,348,72,0,72,420
07/15/2010,HUM,LA,ASW,CE,Federal Contract Tower,0,5,24,0,29,0,234,105,5,344,0,239,129,5,373,58,0,58,431
07/16/2010,HUM,LA,ASW,CE,Federal Contract Tower,0,4,25,0,29,0,155,39,2,196,0,159,64,2,225,6,0,6,231
07/17/2010,HUM,LA,ASW,CE,Federal Contract Tower,0,2,18,0,20,0,182,58,5,245,0,184,76,5,265,38,0,38,303
07/18/2010,HUM,LA,ASW,CE,Federal Contract Tower,0,4,18,2,24,0,93,21,8,122,0,97,39,10,146,0,0,0,146
07/19/2010,HUM,LA,ASW,CE,Federal Contract Tower,0,9,24,2,35,0,249,52,2,303,0,258,76,4,338,28,0,28,366
07/20/2010,HUM,LA,ASW,CE,Federal Contract Tower,0,6,27,0,33,0,220,62,3,285,0,226,89,3,318,6,0,6,324
07/21/2010,HUM,LA,ASW,CE,Federal Contract Tower,0,8,22,1,31,0,222,60,3,285,0,230,82,4,316,36,0,36,352
07/22/2010,HUM,LA,ASW,CE,Federal Contract Tower,0,7,17,0,24,0,284,51,5,340,0,291,68,5,364,12,0,12,376
07/23/2010,HUM,LA,ASW,CE,Federal Contract Tower,0,2,25,0,27,0,310,44,5,359,0,312,69,5,386,40,0,40,426
07/24/2010,HUM,LA,ASW,CE,Federal Contract Tower,0,5,15,0,20,0,74,23,0,97,0,79,38,0,117,18,0,18,135
07/25/2010,HUM,LA,ASW,CE,Federal Contract Tower,0,9,9,0,18,0,208,16,0,224,0,217,25,0,242,20,0,20,262
07/26/2010,HUM,LA,ASW,CE,Federal Contract Tower,0,8,22,2,32,232,43,4,0,279,232,51,26,2,311,24,0,24,335
07/27/2010,HUM,LA,ASW,CE,Federal Contract Tower,0,10,21,1,32,0,204,46,2,252,0,214,67,3,284,12,0,12,296
07/28/2010,HUM,LA,ASW,CE,Federal Contract Tower,0,9,17,0,26,0,256,69,2,327,0,265,86,2,353,8,0,8,361
07/29/2010,HUM,LA,ASW,CE,Federal Contract Tower,0,9,24,1,34,0,213,70,8,291,0,222,94,9,325,22,0,22,347
07/30/2010,HUM,LA,ASW,CE,Federal Contract Tower,0,8,21,0,29,0,219,54,0,273,0,227,75,0,302,4,0,4,306
07/31/2010,HUM,LA,ASW,CE,Federal Contract Tower,0,4,11,0,15,0,166,44,0,210,0,170,55,0,225,12,0,12,237
08/01/2010,HUM,LA,ASW,CE,Federal Contract Tower,0,6,14,0,20,0,168,33,0,201,0,174,47,0,221,20,0,20,241
08/02/2010,HUM,LA,ASW,CE,Federal Contract Tower,0,7,18,1,26,0,175,42,0,217,0,182,60,1,243,20,0,20,263
08/03/2010,HUM,LA,ASW,CE,Federal Contract Tower,0,8,20,0,28,0,201,52,2,255,0,209,72,2,283,32,0,32,315
08/04/2010,HUM,LA,ASW,CE,Federal Contract Tower,0,9,22,0,31,0,227,52,0,279,0,236,74,0,310,20,0,20,330
08/05/2010,HUM,LA,ASW,CE,Federal Contract Tower,0,6,20,1,27,0,252,51,5,308,0,258,71,6,335,36,0,36,371
08/06/2010,HUM,LA,ASW,CE,Federal Contract Tower,0,5,19,0,24,0,201,41,0,242,0,206,60,0,266,0,0,0,266
08/07/2010,HUM,LA,ASW,CE,Federal Contract Tower,0,9,7,0,16,0,142,27,0,169,0,151,34,0,185,8,0,8,193
08/08/2010,HUM,LA,ASW,CE,Federal Contract Tower,0,4,14,0,18,0,126,16,0,142,0,130,30,0,160,14,0,14,174
08/09/2010,HUM,LA,ASW,CE,Federal Contract Tower,0,12,16,0,28,0,211,58,1,270,0,223,74,1,298,0,0,0,298
08/10/2010,HUM,LA,ASW,CE,Federal Contract Tower,0,24,27,0,51,0,223,40,0,263,0,247,67,0,314,2,0,2,316
08/11/2010,HUM,LA,ASW,CE,Federal Contract Tower,0,8,15,0,23,0,164,27,0,191,0,172,42,0,214,24,0,24,238
08/12/2010,HUM,LA,ASW,CE,Federal Contract Tower,0,34,11,0,45,0,139,17,0,156,0,173,28,0,201,0,0,0,201
08/13/2010,HUM,LA,ASW,CE,Federal Contract Tower,0,8,16,0,24,0,158,29,4,191,0,166,45,4,215,10,0,10,225
08/14/2010,HUM,LA,ASW,CE,Federal Contract Tower,0,2,15,0,17,0,141,30,0,171,0,143,45,0,188,4,0,4,192
08/15/2010,HUM,LA,ASW,CE,Federal Contract Tower,0,4,16,0,20,0,125,30,2,157,0,129,46,2,177,32,0,32,209
08/16/2010,HUM,LA,ASW,CE,Federal Contract Tower,0,11,17,0,28,0,215,45,0,260,0,226,62,0,288,28,0,28,316
08/17/2010,HUM,LA,ASW,CE,Federal Contract Tower,0,50,18,1,69,0,95,13,0,108,0,145,31,1,177,0,0,0,177
08/18/2010,HUM,LA,ASW,CE,Federal Contract Tower,0,15,28,0,43,0,207,38,0,245,0,222,66,0,288,23,0,23,311
08/19/2010,HUM,LA,ASW,CE,Federal Contract Tower,0,19,23,0,42,0,179,48,0,227,0,198,71,0,269,32,0,32,301
08/20/2010,HUM,LA,ASW,CE,Federal Contract Tower,0,7,33,3,43,0,146,40,3,189,0,153,73,6,232,47,0,47,279
08/21/2010,HUM,LA,ASW,CE,Federal Contract Tower,0,1,10,0,11,0,123,34,0,157,0,124,44,0,168,40,0,40,208
08/22/2010,HUM,LA,ASW,CE,Federal Contract Tower,0,4,16,0,20,0,112,32,0,144,0,116,48,0,164,40,0,40,204
08/23/2010,HUM,LA,ASW,CE,Federal Contract Tower,0,9,13,0,22,0,156,49,0,205,0,165,62,0,227,28,0,28,255
08/24/2010,HUM,LA,ASW,CE,Federal Contract Tower,0,1,23,0,24,0,179,50,0,229,0,180,73,0,253,10,0,10,263
08/25/2010,HUM,LA,ASW,CE,Federal Contract Tower,0,5,23,0,28,0,218,67,4,289,0,223,90,4,317,4,0,4,321
08/26/2010,HUM,LA,ASW,CE,Federal Contract Tower,0,3,26,2,31,0,180,65,1,246,0,183,91,3,277,4,0,4,281
08/27/2010,HUM,LA,ASW,CE,Federal Contract Tower,0,3,21,0,24,0,118,28,0,146,0,121,49,0,170,0,0,0,170
08/28/2010,HUM,LA,ASW,CE,Federal Contract Tower,0,5,11,0,16,0,37,0,0,37,0,42,11,0,53,0,0,0,53
08/29/2010,HUM,LA,ASW,CE,Federal Contract Tower,0,16,15,0,31,0,87,0,0,87,0,103,15,0,118,0,0,0,118
08/30/2010,HUM,LA,ASW,CE,Federal Contract Tower,0,14,20,0,34,0,181,37,2,220,0,195,57,2,254,22,0,22,276
08/31/2010,HUM,LA,ASW,CE,Federal Contract Tower,0,29,26,4,59,0,174,46,5,225,0,203,72,9,284,30,0,30,314
09/01/2010,HUM,LA,ASW,CE,Federal Contract Tower,0,3,14,0,17,0,202,51,9,262,0,205,65,9,279,21,0,21,300
09/02/2010,HUM,LA,ASW,CE,Federal Contract Tower,0,7,24,1,32,0,225,64,14,303,0,232,88,15,335,76,0,76,411
09/03/2010,HUM,LA,ASW,CE,Federal Contract Tower,0,5,32,0,37,0,160,35,0,195,0,165,67,0,232,4,0,4,236
09/04/2010,HUM,LA,ASW,CE,Federal Contract Tower,0,5,17,0,22,0,107,31,0,138,0,112,48,0,160,8,0,8,168
09/05/2010,HUM,LA,ASW,CE,Federal Contract Tower,0,4,15,0,19,0,127,29,0,156,0,131,44,0,175,0,0,0,175
09/06/2010,HUM,LA,ASW,CE,Federal Contract Tower,0,6,27,0,33,0,118,42,0,160,0,124,69,0,193,0,0,0,193
09/07/2010,HUM,LA,ASW,CE,Federal Contract Tower,0,4,19,0,23,0,196,48,0,244,0,200,67,0,267,24,0,24,291
09/08/2010,HUM,LA,ASW,CE,Federal Contract Tower,0,14,26,1,41,0,202,37,3,242,0,216,63,4,283,0,0,0,283
09/09/2010,HUM,LA,ASW,CE,Federal Contract Tower,0,10,12,0,22,0,181,52,0,233,0,191,64,0,255,0,0,0,255
09/10/2010,HUM,LA,ASW,CE,Federal Contract Tower,0,12,16,0,28,0,162,44,0,206,0,174,60,0,234,30,0,30,264
09/11/2010,HUM,LA,ASW,CE,Federal Contract Tower,0,6,8,0,14,0,134,18,2,154,0,140,26,2,168,2,0,2,170
09/12/2010,HUM,LA,ASW,CE,Federal Contract Tower,0,2,16,0,18,0,81,10,0,91,0,83,26,0,109,6,0,6,115
09/13/2010,HUM,LA,ASW,CE,Federal Contract Tower,0,11,14,0,25,0,151,42,0,193,0,162,56,0,218,6,0,6,224
09/14/2010,HUM,LA,ASW,CE,Federal Contract Tower,0,12,18,0,30,0,167,46,0,213,0,179,64,0,243,36,0,36,279
09/15/2010,HUM,LA,ASW,CE,Federal Contract Tower,0,10,19,0,29,0,204,37,0,241,0,214,56,0,270,8,0,8,278
09/16/2010,HUM,LA,ASW,CE,Federal Contract Tower,0,5,19,0,24,0,180,37,0,217,0,185,56,0,241,0,0,0,241
09/17/2010,HUM,LA,ASW,CE,Federal Contract Tower,0,1,17,0,18,0,144,28,0,172,0,145,45,0,190,8,0,8,198
09/18/2010,HUM,LA,ASW,CE,Federal Contract Tower,0,2,8,0,10,0,111,21,0,132,0,113,29,0,142,4,0,4,146
09/19/2010,HUM,LA,ASW,CE,Federal Contract Tower,0,3,16,0,19,0,106,36,0,142,0,109,52,0,161,0,0,0,161
09/20/2010,HUM,LA,ASW,CE,Federal Contract Tower,0,8,20,0,28,0,142,41,0,183,0,150,61,0,211,24,0,24,235
09/21/2010,HUM,LA,ASW,CE,Federal Contract Tower,0,6,12,0,18,0,147,49,0,196,0,153,61,0,214,32,0,32,246
09/22/2010,HUM,LA,ASW,CE,Federal Contract Tower,0,10,26,0,36,0,185,67,0,252,0,195,93,0,288,36,0,36,324
09/23/2010,HUM,LA,ASW,CE,Federal Contract Tower,0,5,11,0,16,0,184,50,6,240,0,189,61,6,256,2,0,2,258
09/24/2010,HUM,LA,ASW,CE,Federal Contract Tower,0,4,18,2,24,0,144,29,0,173,0,148,47,2,197,48,0,48,245
09/25/2010,HUM,LA,ASW,CE,Federal Contract Tower,0,5,7,0,12,0,108,29,0,137,0,113,36,0,149,24,0,24,173
09/26/2010,HUM,LA,ASW,CE,Federal Contract Tower,0,3,10,0,13,0,112,13,0,125,0,115,23,0,138,26,0,26,164
09/27/2010,HUM,LA,ASW,CE,Federal Contract Tower,0,4,13,0,17,0,135,41,0,176,0,139,54,0,193,20,0,20,213
09/28/2010,HUM,LA,ASW,CE,Federal Contract Tower,0,6,18,0,24,0,146,47,1,194,0,152,65,1,218,12,0,12,230
09/29/2010,HUM,LA,ASW,CE,Federal Contract Tower,0,19,16,0,35,0,173,37,0,210,0,192,53,0,245,14,0,14,259
09/30/2010,HUM,LA,ASW,CE,Federal Contract Tower,0,14,18,0,32,0,173,50,0,223,0,187,68,0,255,26,0,26,281
10/01/2010,HUM,LA,ASW,CE,Federal Contract Tower,0,0,15,0,15,0,136,30,1,167,0,136,45,1,182,10,0,10,192
10/02/2010,HUM,LA,ASW,CE,Federal Contract Tower,0,2,10,0,12,0,83,20,0,103,0,85,30,0,115,18,0,18,133
10/03/2010,HUM,LA,ASW,CE,Federal Contract Tower,0,2,9,0,11,0,102,18,0,120,0,104,27,0,131,20,0,20,151
10/04/2010,HUM,LA,ASW,CE,Federal Contract Tower,0,6,12,0,18,0,158,49,0,207,0,164,61,0,225,12,0,12,237
10/05/2010,HUM,LA,ASW,CE,Federal Contract Tower,0,7,8,0,15,0,151,55,0,206,0,158,63,0,221,38,0,38,259
10/06/2010,HUM,LA,ASW,CE,Federal Contract Tower,0,2,16,0,18,0,182,35,0,217,0,184,51,0,235,16,0,16,251
10/07/2010,HUM,LA,ASW,CE,Federal Contract Tower,0,6,20,0,26,0,156,52,0,208,0,162,72,0,234,4,0,4,238
10/08/2010,HUM,LA,ASW,CE,Federal Contract Tower,0,5,16,0,21,0,131,43,0,174,0,136,59,0,195,0,0,0,195
10/09/2010,HUM,LA,ASW,CE,Federal Contract Tower,0,3,8,0,11,0,89,38,0,127,0,92,46,0,138,20,0,20,158
10/10/2010,HUM,LA,ASW,CE,Federal Contract Tower,0,10,8,0,18,0,109,24,0,133,0,119,32,0,151,8,0,8,159
10/11/2010,HUM,LA,ASW,CE,Federal Contract Tower,0,8,22,0,30,0,145,41,0,186,0,153,63,0,216,20,0,20,236
10/12/2010,HUM,LA,ASW,CE,Federal Contract Tower,0,18,18,0,36,0,160,50,0,210,0,178,68,0,246,46,0,46,292
10/13/2010,HUM,LA,ASW,CE,Federal Contract Tower,0,13,18,0,31,0,208,49,0,257,0,221,67,0,288,0,0,0,288
10/14/2010,HUM,LA,ASW,CE,Federal Contract Tower,0,8,23,0,31,0,181,47,4,232,0,189,70,4,263,0,0,0,263
10/15/2010,HUM,LA,ASW,CE,Federal Contract Tower,0,0,18,0,18,0,138,37,2,177,0,138,55,2,195,16,0,16,211
10/16/2010,HUM,LA,ASW,CE,Federal Contract Tower,0,3,8,0,11,0,129,112,2,243,0,132,120,2,254,10,0,10,264
10/17/2010,HUM,LA,ASW,CE,Federal Contract Tower,0,4,9,0,13,0,98,30,0,128,0,102,39,0,141,14,0,14,155
10/18/2010,HUM,LA,ASW,CE,Federal Contract Tower,0,3,13,2,18,0,142,37,0,179,0,145,50,2,197,38,0,38,235
10/19/2010,HUM,LA,ASW,CE,Federal Contract Tower,0,6,10,0,16,0,139,51,0,190,0,145,61,0,206,0,0,0,206
10/20/2010,HUM,LA,ASW,CE,Federal Contract Tower,0,8,8,0,16,0,176,48,2,226,0,184,56,2,242,0,0,0,242
10/21/2010,HUM,LA,ASW,CE,Federal Contract Tower,0,9,18,0,27,0,130,49,0,179,0,139,67,0,206,22,0,22,228
10/22/2010,HUM,LA,ASW,CE,Federal Contract Tower,0,10,8,0,18,0,100,35,0,135,0,110,43,0,153,38,0,38,191
10/23/2010,HUM,LA,ASW,CE,Federal Contract Tower,0,5,5,0,10,0,84,12,0,96,0,89,17,0,106,16,0,16,122
10/24/2010,HUM,LA,ASW,CE,Federal Contract Tower,0,11,9,0,20,0,74,15,0,89,0,85,24,0,109,0,0,0,109
10/25/2010,HUM,LA,ASW,CE,Federal Contract Tower,0,6,10,0,16,0,135,33,0,168,0,141,43,0,184,0,0,0,184
10/26/2010,HUM,LA,ASW,CE,Federal Contract Tower,0,22,13,0,35,0,116,25,0,141,0,138,38,0,176,0,0,0,176
10/27/2010,HUM,LA,ASW,CE,Federal Contract Tower,0,31,14,0,45,0,193,22,0,215,0,224,36,0,260,6,0,6,266
10/28/2010,HUM,LA,ASW,CE,Federal Contract Tower,0,20,20,0,40,0,131,40,0,171,0,151,60,0,211,8,0,8,219
10/29/2010,HUM,LA,ASW,CE,Federal Contract Tower,0,8,11,0,19,0,145,50,0,195,0,153,61,0,214,6,0,6,220
10/30/2010,HUM,LA,ASW,CE,Federal Contract Tower,0,0,15,0,15,0,82,50,0,132,0,82,65,0,147,36,0,36,183
10/31/2010,HUM,LA,ASW,CE,Federal Contract Tower,0,5,6,0,11,0,72,18,2,92,0,77,24,2,103,18,0,18,121
11/01/2010,HUM,LA,ASW,CE,Federal Contract Tower,0,15,12,0,27,0,132,27,0,159,0,147,39,0,186,2,0,2,188
11/02/2010,HUM,LA,ASW,CE,Federal Contract Tower,0,19,13,0,32,0,86,3,0,89,0,105,16,0,121,8,0,8,129
11/03/2010,HUM,LA,ASW,CE,Federal Contract Tower,0,34,14,0,48,0,90,9,0,99,0,124,23,0,147,4,0,4,151
11/04/2010,HUM,LA,ASW,CE,Federal Contract Tower,0,16,14,0,30,0,114,33,0,147,0,130,47,0,177,14,0,14,191
11/05/2010,HUM,LA,ASW,CE,Federal Contract Tower,0,2,27,0,29,0,140,45,0,185,0,142,72,0,214,0,0,0,214
11/06/2010,HUM,LA,ASW,CE,Federal Contract Tower,0,0,8,0,8,0,96,42,0,138,0,96,50,0,146,16,0,16,162
11/07/2010,HUM,LA,ASW,CE,Federal Contract Tower,0,6,19,0,25,0,93,26,0,119,0,99,45,0,144,28,0,28,172
11/08/2010,HUM,LA,ASW,CE,Federal Contract Tower,0,3,17,0,20,0,132,52,0,184,0,135,69,0,204,0,0,0,204
11/09/2010,HUM,LA,ASW,CE,Federal Contract Tower,0,6,15,0,21,0,148,42,0,190,0,154,57,0,211,2,0,2,213
11/10/2010,HUM,LA,ASW,CE,Federal Contract Tower,0,3,13,0,16,0,164,40,0,204,0,167,53,0,220,0,0,0,220
11/11/2010,HUM,LA,ASW,CE,Federal Contract Tower,0,4,18,0,22,0,135,35,0,170,0,139,53,0,192,0,0,0,192
11/12/2010,HUM,LA,ASW,CE,Federal Contract Tower,0,5,19,0,24,0,123,42,0,165,0,128,61,0,189,0,0,0,189
11/13/2010,HUM,LA,ASW,CE,Federal Contract Tower,0,4,10,0,14,0,94,39,0,133,0,98,49,0,147,8,0,8,155
11/14/2010,HUM,LA,ASW,CE,Federal Contract Tower,0,45,11,0,56,0,31,3,0,34,0,76,14,0,90,0,0,0,90
11/15/2010,HUM,LA,ASW,CE,Federal Contract Tower,0,37,17,0,54,0,34,1,0,35,0,71,18,0,89,0,0,0,89
11/16/2010,HUM,LA,ASW,CE,Federal Contract Tower,0,34,21,0,55,0,151,28,0,179,0,185,49,0,234,17,0,17,251
11/17/2010,HUM,LA,ASW,CE,Federal Contract Tower,0,7,24,0,31,0,160,39,0,199,0,167,63,0,230,50,0,50,280
11/18/2010,HUM,LA,ASW,CE,Federal Contract Tower,0,34,20,0,54,0,131,24,2,157,0,165,44,2,211,24,0,24,235
11/19/2010,HUM,LA,ASW,CE,Federal Contract Tower,0,53,30,0,83,0,54,22,0,76,0,107,52,0,159,22,0,22,181
11/20/2010,HUM,LA,ASW,CE,Federal Contract Tower,0,9,6,0,15,0,101,31,0,132,0,110,37,0,147,20,0,20,167
11/21/2010,HUM,LA,ASW,CE,Federal Contract Tower,0,8,12,0,20,0,99,26,0,125,0,107,38,0,145,30,0,30,175
11/22/2010,HUM,LA,ASW,CE,Federal Contract Tower,0,12,16,0,28,0,149,41,2,192,0,161,57,2,220,48,0,48,268
11/23/2010,HUM,LA,ASW,CE,Federal Contract Tower,0,19,22,0,41,0,155,49,0,204,0,174,71,0,245,44,0,44,289
11/24/2010,HUM,LA,ASW,CE,Federal Contract Tower,0,22,16,0,38,0,157,28,0,185,0,179,44,0,223,0,0,0,223
11/25/2010,HUM,LA,ASW,CE,Federal Contract Tower,0,5,3,0,8,0,105,2,0,107,0,110,5,0,115,26,0,26,141
11/26/2010,HUM,LA,ASW,CE,Federal Contract Tower,0,44,18,0,62,0,1,0,0,1,0,45,18,0,63,0,0,0,63
11/27/2010,HUM,LA,ASW,CE,Federal Contract Tower,0,2,5,0,7,0,124,35,0,159,0,126,40,0,166,14,0,14,180
11/28/2010,HUM,LA,ASW,CE,Federal Contract Tower,0,2,25,0,27,0,84,23,0,107,0,86,48,0,134,0,0,0,134
11/29/2010,HUM,LA,ASW,CE,Federal Contract Tower,0,27,11,0,38,0,103,13,0,116,0,130,24,0,154,4,0,4,158
11/30/2010,HUM,LA,ASW,CE,Federal Contract Tower,0,14,11,0,25,0,60,28,0,88,0,74,39,0,113,0,0,0,113
12/01/2010,HUM,LA,ASW,CE,Federal Contract Tower,0,6,8,0,14,0,198,49,0,247,0,204,57,0,261,26,0,26,287
12/02/2010,HUM,LA,ASW,CE,Federal Contract Tower,0,0,8,0,8,0,165,33,0,198,0,165,41,0,206,38,0,38,244
12/03/2010,HUM,LA,ASW,CE,Federal Contract Tower,0,7,24,0,31,0,130,32,0,162,0,137,56,0,193,37,0,37,230
12/04/2010,HUM,LA,ASW,CE,Federal Contract Tower,0,0,9,0,9,0,78,23,0,101,0,78,32,0,110,36,0,36,146
12/05/2010,HUM,LA,ASW,CE,Federal Contract Tower,0,1,12,1,14,0,80,20,3,103,0,81,32,4,117,10,0,10,127
12/06/2010,HUM,LA,ASW,CE,Federal Contract Tower,0,5,16,0,21,0,105,33,0,138,0,110,49,0,159,58,0,58,217
12/07/2010,HUM,LA,ASW,CE,Federal Contract Tower,0,9,15,0,24,0,150,54,0,204,0,159,69,0,228,50,0,50,278
12/08/2010,HUM,LA,ASW,CE,Federal Contract Tower,0,6,21,0,27,0,161,47,1,209,0,167,68,1,236,30,0,30,266
12/09/2010,HUM,LA,ASW,CE,Federal Contract Tower,0,1,14,0,15,0,167,42,0,209,0,168,56,0,224,66,0,66,290
12/10/2010,HUM,LA,ASW,CE,Federal Contract Tower,0,2,34,0,36,0,131,42,0,173,0,133,76,0,209,32,0,32,241
12/11/2010,HUM,LA,ASW,CE,Federal Contract Tower,0,4,4,0,8,0,113,16,0,129,0,117,20,0,137,10,0,10,147
12/12/2010,HUM,LA,ASW,CE,Federal Contract Tower,0,3,13,0,16,0,61,5,0,66,0,64,18,0,82,4,0,4,86
12/13/2010,HUM,LA,ASW,CE,Federal Contract Tower,0,5,15,0,20,0,111,44,2,157,0,116,59,2,177,8,0,8,185
12/14/2010,HUM,LA,ASW,CE,Federal Contract Tower,0,2,21,0,23,0,145,45,0,190,0,147,66,0,213,19,0,19,232
12/15/2010,HUM,LA,ASW,CE,Federal Contract Tower,0,2,24,0,26,0,167,22,2,191,0,169,46,2,217,0,0,0,217
12/16/2010,HUM,LA,ASW,CE,Federal Contract Tower,0,0,16,0,16,0,136,24,0,160,0,136,40,0,176,24,0,24,200
12/17/2010,HUM,LA,ASW,CE,Federal Contract Tower,0,28,21,0,49,0,0,0,0,0,0,28,21,0,49,0,0,0,49
12/18/2010,HUM,LA,ASW,CE,Federal Contract Tower,0,20,12,0,32,0,42,12,0,54,0,62,24,0,86,12,0,12,98
12/19/2010,HUM,LA,ASW,CE,Federal Contract Tower,0,0,10,0,10,0,97,38,0,135,0,97,48,0,145,20,0,20,165
12/20/2010,HUM,LA,ASW,CE,Federal Contract Tower,0,16,5,0,21,0,139,38,2,179,0,155,43,2,200,14,0,14,214
12/21/2010,HUM,LA,ASW,CE,Federal Contract Tower,0,8,21,0,29,0,139,36,0,175,0,147,57,0,204,16,0,16,220
12/22/2010,HUM,LA,ASW,CE,Federal Contract Tower,0,20,9,0,29,0,131,18,0,149,0,151,27,0,178,0,0,0,178
12/23/2010,HUM,LA,ASW,CE,Federal Contract Tower,0,13,16,0,29,0,138,28,0,166,0,151,44,0,195,38,0,38,233
12/24/2010,HUM,LA,ASW,CE,Federal Contract Tower,0,2,3,0,5,0,45,28,0,73,0,47,31,0,78,14,0,14,92
12/25/2010,HUM,LA,ASW,CE,Federal Contract Tower,0,4,1,0,5,0,4,0,0,4,0,8,1,0,9,0,0,0,9
12/26/2010,HUM,LA,ASW,CE,Federal Contract Tower,0,1,6,0,7,0,60,7,0,67,0,61,13,0,74,6,0,6,80
12/27/2010,HUM,LA,ASW,CE,Federal Contract Tower,0,5,10,0,15,0,105,24,0,129,0,110,34,0,144,0,0,0,144
12/28/2010,HUM,LA,ASW,CE,Federal Contract Tower,0,5,4,0,9,0,136,51,0,187,0,141,55,0,196,4,0,4,200
12/29/2010,HUM,LA,ASW,CE,Federal Contract Tower,0,14,18,0,32,0,161,44,0,205,0,175,62,0,237,14,0,14,251
12/30/2010,HUM,LA,ASW,CE,Federal Contract Tower,0,12,13,0,25,0,142,34,0,176,0,154,47,0,201,2,0,2,203
12/31/2010,HUM,LA,ASW,CE,Federal Contract Tower,0,35,11,0,46,0,18,1,0,19,0,53,12,0,65,0,0,0,65
01/01/2011,HUM,LA,ASW,CE,Federal Contract Tower,0,7,0,0,7,0,13,0,0,13,0,20,0,0,20,0,0,0,20
01/02/2011,HUM,LA,ASW,CE,Federal Contract Tower,0,4,18,0,22,0,100,32,0,132,0,104,50,0,154,10,0,10,164
01/03/2011,HUM,LA,ASW,CE,Federal Contract Tower,0,3,9,0,12,0,139,42,0,181,0,142,51,0,193,4,0,4,197
01/04/2011,HUM,LA,ASW,CE,Federal Contract Tower,0,24,24,0,48,0,143,37,0,180,0,167,61,0,228,30,0,30,258
01/05/2011,HUM,LA,ASW,CE,Federal Contract Tower,0,55,10,0,65,0,6,0,0,6,0,61,10,0,71,0,0,0,71
01/06/2011,HUM,LA,ASW,CE,Federal Contract Tower,0,5,18,0,23,0,223,39,0,262,0,228,57,0,285,12,0,12,297
01/07/2011,HUM,LA,ASW,CE,Federal Contract Tower,0,1,20,0,21,0,128,23,1,152,0,129,43,1,173,14,0,14,187
01/08/2011,HUM,LA,ASW,CE,Federal Contract Tower,0,0,10,0,10,0,112,61,0,173,0,112,71,0,183,14,0,14,197
01/09/2011,HUM,LA,ASW,CE,Federal Contract Tower,0,0,7,0,7,0,47,4,0,51,0,47,11,0,58,0,0,0,58
01/10/2011,HUM,LA,ASW,CE,Federal Contract Tower,0,41,10,0,51,0,55,10,0,65,0,96,20,0,116,12,0,12,128
01/11/2011,HUM,LA,ASW,CE,Federal Contract Tower,0,22,15,0,37,0,123,28,0,151,0,145,43,0,188,58,0,58,246
01/12/2011,HUM,LA,ASW,CE,Federal Contract Tower,0,3,9,0,12,0,156,32,0,188,0,159,41,0,200,30,0,30,230
01/13/2011,HUM,LA,ASW,CE,Federal Contract Tower,0,3,16,1,20,0,181,57,1,239,0,184,73,2,259,24,0,24,283
01/14/2011,HUM,LA,ASW,CE,Federal Contract Tower,0,6,6,1,13,0,118,38,0,156,0,124,44,1,169,4,0,4,173
01/15/2011,HUM,LA,ASW,CE,Federal Contract Tower,0,5,10,0,15,0,89,44,0,133,0,94,54,0,148,6,0,6,154
01/16/2011,HUM,LA,ASW,CE,Federal Contract Tower,0,2,6,0,8,0,56,15,0,71,0,58,21,0,79,12,0,12,91
01/17/2011,HUM,LA,ASW,CE,Federal Contract Tower,0,10,18,0,28,0,112,41,0,153,0,122,59,0,181,24,0,24,205
01/18/2011,HUM,LA,ASW,CE,Federal Contract Tower,0,22,12,0,34,0,120,24,4,148,0,142,36,4,182,44,0,44,226
01/19/2011,HUM,LA,ASW,CE,Federal Contract Tower,0,11,11,0,22,0,167,39,0,206,0,178,50,0,228,42,0,42,270
01/20/2011,HUM,LA,ASW,CE,Federal Contract Tower,0,32,21,0,53,0,117,24,2,143,0,149,45,2,196,0,0,0,196
01/21/2011,HUM,LA,ASW,CE,Federal Contract Tower,0,16,15,0,31,0,114,48,0,162,0,130,63,0,193,0,0,0,193
01/22/2011,HUM,LA,ASW,CE,Federal Contract Tower,0,2,10,0,12,0,102,61,0,163,0,104,71,0,175,26,0,26,201
01/23/2011,HUM,LA,ASW,CE,Federal Contract Tower,0,0,8,0,8,0,104,31,0,135,0,104,39,0,143,10,0,10,153
01/24/2011,HUM,LA,ASW,CE,Federal Contract Tower,0,9,10,0,19,0,142,24,0,166,0,151,34,0,185,30,0,30,215
01/25/2011,HUM,LA,ASW,CE,Federal Contract Tower,0,54,9,0,63,0,31,9,0,40,0,85,18,0,103,0,0,0,103
01/26/2011,HUM,LA,ASW,CE,Federal Contract Tower,0,4,14,0,18,0,176,39,1,216,0,180,53,1,234,0,0,0,234
01/27/2011,HUM,LA,ASW,CE,Federal Contract Tower,0,3,17,0,20,0,170,50,0,220,0,173,67,0,240,16,0,16,256
01/28/2011,HUM,LA,ASW,CE,Federal Contract Tower,0,9,15,0,24,0,119,45,0,164,0,128,60,0,188,22,0,22,210
01/29/2011,HUM,LA,ASW,CE,Federal Contract Tower,0,1,10,0,11,0,98,48,0,146,0,99,58,0,157,18,0,18,175
01/30/2011,HUM,LA,ASW,CE,Federal Contract Tower,0,17,17,0,34,0,83,17,0,100,0,100,34,0,134,44,0,44,178
01/31/2011,HUM,LA,ASW,CE,Federal Contract Tower,0,38,4,0,42,0,86,13,0,99,0,124,17,0,141,52,0,52,193
02/01/2011,HUM,LA,ASW,CE,Federal Contract Tower,0,35,2,0,37,0,36,3,0,39,0,71,5,0,76,0,0,0,76
02/02/2011,HUM,LA,ASW,CE,Federal Contract Tower,0,14,14,0,28,0,200,18,5,223,0,214,32,5,251,0,0,0,251
02/03/2011,HUM,LA,ASW,CE,Federal Contract Tower,0,1,9,0,10,0,95,14,0,109,0,96,23,0,119,0,0,0,119
02/04/2011,HUM,LA,ASW,CE,Federal Contract Tower,0,0,3,0,3,0,0,0,0,0,0,0,3,0,3,0,0,0,3
02/05/2011,HUM,LA,ASW,CE,Federal Contract Tower,0,4,8,0,12,0,160,37,0,197,0,164,45,0,209,8,0,8,217
02/06/2011,HUM,LA,ASW,CE,Federal Contract Tower,0,3,5,0,8,0,109,13,0,122,0,112,18,0,130,4,0,4,134
02/07/2011,HUM,LA,ASW,CE,Federal Contract Tower,0,12,14,0,26,0,121,13,0,134,0,133,27,0,160,26,0,26,186
02/08/2011,HUM,LA,ASW,CE,Federal Contract Tower,0,5,18,0,23,0,144,37,0,181,0,149,55,0,204,12,0,12,216
02/09/2011,HUM,LA,ASW,CE,Federal Contract Tower,0,22,11,0,33,0,158,21,0,179,0,180,32,0,212,0,0,0,212
02/10/2011,HUM,LA,ASW,CE,Federal Contract Tower,0,1,17,0,18,0,158,20,0,178,0,159,37,0,196,10,0,10,206
02/11/2011,HUM,LA,ASW,CE,Federal Contract Tower,0,38,14,0,52,0,71,18,0,89,0,109,32,0,141,0,0,0,141
02/12/2011,HUM,LA,ASW,CE,Federal Contract Tower,0,3,13,0,16,0,88,41,0,129,0,91,54,0,145,4,0,4,149
02/13/2011,HUM,LA,ASW,CE,Federal Contract Tower,0,4,6,0,10,0,105,35,0,140,0,109,41,0,150,26,0,26,176
02/14/2011,HUM,LA,ASW,CE,Federal Contract Tower,0,11,6,0,17,0,139,37,4,180,0,150,43,4,197,0,0,0,197
02/15/2011,HUM,LA,ASW,CE,Federal Contract Tower,0,15,17,0,32,0,172,53,2,227,0,187,70,2,259,10,0,10,269
02/16/2011,HUM,LA,ASW,CE,Federal Contract Tower,0,19,23,0,42,0,168,30,0,198,0,187,53,0,240,0,0,0,240
02/17/2011,HUM,LA,ASW,CE,Federal Contract Tower,0,13,17,0,30,0,170,40,2,212,0,183,57,2,242,8,0,8,250
02/18/2011,HUM,LA,ASW,CE,Federal Contract Tower,0,6,14,0,20,0,127,58,4,189,0,133,72,4,209,38,0,38,247
02/19/2011,HUM,LA,ASW,CE,Federal Contract Tower,0,11,18,0,29,0,59,27,0,86,0,70,45,0,115,2,0,2,117
02/20/2011,HUM,LA,ASW,CE,Federal Contract Tower,0,15,10,8,33,0,88,11,4,103,0,103,21,12,136,22,0,22,158
02/21/2011,HUM,LA,ASW,CE,Federal Contract Tower,0,42,15,0,57,0,105,30,0,135,0,147,45,0,192,24,0,24,216
02/22/2011,HUM,LA,ASW,CE,Federal Contract Tower,0,29,15,0,44,0,131,36,0,167,0,160,51,0,211,2,0,2,213
02/23/2011,HUM,LA,ASW,CE,Federal Contract Tower,0,30,18,0,48,0,199,32,0,231,0,229,50,0,279,18,0,18,297
02/24/2011,HUM,LA,ASW,CE,Federal Contract Tower,0,13,17,0,30,0,169,37,0,206,0,182,54,0,236,0,0,0,236
02/25/2011,HUM,LA,ASW,CE,Federal Contract Tower,0,29,11,0,40,0,98,30,0,128,0,127,41,0,168,34,0,34,202
02/26/2011,HUM,LA,ASW,CE,Federal Contract Tower,0,21,20,0,41,0,54,27,0,81,0,75,47,0,122,24,0,24,146
02/27/2011,HUM,LA,ASW,CE,Federal Contract Tower,0,14,17,0,31,0,74,20,0,94,0,88,37,0,125,8,0,8,133
02/28/2011,HUM,LA,ASW,CE,Federal Contract Tower,0,54,22,0,76,0,68,14,0,82,0,122,36,0,158,2,0,2,160
03/01/2011,HUM,LA,ASW,CE,Federal Contract Tower,0,13,10,0,23,0,150,53,0,203,0,163,63,0,226,26,0,26,252
03/02/2011,HUM,LA,ASW,CE,Federal Contract Tower,0,4,11,0,15,0,182,46,0,228,0,186,57,0,243,0,0,0,243
03/03/2011,HUM,LA,ASW,CE,Federal Contract Tower,0,11,15,0,26,0,173,52,0,225,0,184,67,0,251,18,0,18,269
03/04/2011,HUM,LA,ASW,CE,Federal Contract Tower,0,51,19,0,70,0,56,6,0,62,0,107,25,0,132,0,0,0,132
03/05/2011,HUM,LA,ASW,CE,Federal Contract Tower,0,10,8,1,19,0,5,0,1,6,0,15,8,2,25,0,0,0,25
03/06/2011,HUM,LA,ASW,CE,Federal Contract Tower,0,24,8,0,32,0,113,23,0,136,0,137,31,0,168,8,0,8,176
03/07/2011,HUM,LA,ASW,CE,Federal Contract Tower,0,14,14,0,28,0,137,31,0,168,0,151,45,0,196,6,0,6,202
03/08/2011,HUM,LA,ASW,CE,Federal Contract Tower,0,21,5,0,26,0,79,2,0,81,0,100,7,0,107,0,0,0,107
03/09/2011,HUM,LA,ASW,CE,Federal Contract Tower,0,36,12,2,50,0,65,14,4,83,0,101,26,6,133,4,0,4,137
03/10/2011,HUM,LA,ASW,CE,Federal Contract Tower,0,5,13,0,18,0,190,38,0,228,0,195,51,0,246,0,0,0,246
03/11/2011,HUM,LA,ASW,CE,Federal Contract Tower,0,6,13,2,21,0,140,81,0,221,0,146,94,2,242,40,0,40,282
03/12/2011,HUM,LA,ASW,CE,Federal Contract Tower,0,5,26,0,31,0,89,59,0,148,0,94,85,0,179,26,0,26,205
03/13/2011,HUM,LA,ASW,CE,Federal Contract Tower,0,18,24,0,42,0,97,38,0,135,0,115,62,0,177,28,0,28,205
03/14/2011,HUM,LA,ASW,CE,Federal Contract Tower,0,14,12,0,26,0,122,16,0,138,0,136,28,0,164,4,0,4,168
03/15/2011,HUM,LA,ASW,CE,Federal Contract Tower,0,12,20,0,32,0,124,36,0,160,0,136,56,0,192,0,0,0,192
03/16/2011,HUM,LA,ASW,CE,Federal Contract Tower,0,16,11,0,27,0,182,40,0,222,0,198,51,0,249,14,0,14,263
03/17/2011,HUM,LA,ASW,CE,Federal Contract Tower,0,8,21,0,29,0,165,40,0,205,0,173,61,0,234,30,0,30,264
03/18/2011,HUM,LA,ASW,CE,Federal Contract Tower,0,19,26,0,45,0,108,38,0,146,0,127,64,0,191,24,0,24,215
03/19/2011,HUM,LA,ASW,CE,Federal Contract Tower,0,14,14,0,28,0,94,30,0,124,0,108,44,0,152,6,0,6,158
03/20/2011,HUM,LA,ASW,CE,Federal Contract Tower,0,5,13,0,18,0,79,27,0,106,0,84,40,0,124,10,0,10,134
03/21/2011,HUM,LA,ASW,CE,Federal Contract Tower,0,8,10,0,18,0,168,39,0,207,0,176,49,0,225,10,0,10,235
03/22/2011,HUM,LA,ASW,CE,Federal Contract Tower,0,25,21,0,46,0,169,28,0,197,0,194,49,0,243,14,0,14,257
03/23/2011,HUM,LA,ASW,CE,Federal Contract Tower,0,23,19,2,44,0,162,33,0,195,0,185,52,2,239,4,0,4,243
03/24/2011,HUM,LA,ASW,CE,Federal Contract Tower,0,24,12,0,36,0,164,39,0,203,0,188,51,0,239,12,0,12,251
03/25/2011,HUM,LA,ASW,CE,Federal Contract Tower,0,31,37,0,68,0,125,49,2,176,0,156,86,2,244,34,0,34,278
03/26/2011,HUM,LA,ASW,CE,Federal Contract Tower,0,7,6,0,13,0,96,36,0,132,0,103,42,0,145,0,0,0,145
03/27/2011,HUM,LA,ASW,CE,Federal Contract Tower,0,16,12,0,28,0,98,20,0,118,0,114,32,0,146,24,0,24,170
03/28/2011,HUM,LA,ASW,CE,Federal Contract Tower,0,57,21,0,78,0,56,35,0,91,0,113,56,0,169,28,0,28,197
03/29/2011,HUM,LA,ASW,CE,Federal Contract Tower,0,33,17,0,50,0,153,35,0,188,0,186,52,0,238,26,0,26,264
03/30/2011,HUM,LA,ASW,CE,Federal Contract Tower,0,56,6,0,62,0,114,14,0,128,0,170,20,0,190,4,0,4,194
03/31/2011,HUM,LA,ASW,CE,Federal Contract Tower,0,80,19,0,99,0,98,26,2,126,0,178,45,2,225,8,0,8,233
04/01/2011,HUM,LA,ASW,CE,Federal Contract Tower,0,4,13,2,19,0,120,43,0,163,0,124,56,2,182,16,0,16,198
04/02/2011,HUM,LA,ASW,CE,Federal Contract Tower,0,3,8,0,11,0,88,19,0,107,0,91,27,0,118,22,0,22,140
04/03/2011,HUM,LA,ASW,CE,Federal Contract Tower,0,16,13,0,29,0,96,16,0,112,0,112,29,0,141,24,0,24,165
04/04/2011,HUM,LA,ASW,CE,Federal Contract Tower,0,24,8,0,32,0,121,4,0,125,0,145,12,0,157,0,0,0,157
04/05/2011,HUM,LA,ASW,CE,Federal Contract Tower,0,3,11,0,14,0,142,30,0,172,0,145,41,0,186,8,0,8,194
04/06/2011,HUM,LA,ASW,CE,Federal Contract Tower,0,0,17,0,17,0,204,54,0,258,0,204,71,0,275,4,0,4,279
04/07/2011,HUM,LA,ASW,CE,Federal Contract Tower,0,37,30,0,67,0,143,37,2,182,0,180,67,2,249,28,0,28,277
04/08/2011,HUM,LA,ASW,CE,Federal Contract Tower,0,34,20,0,54,0,114,36,0,150,0,148,56,0,204,0,0,0,204
04/09/2011,HUM,LA,ASW,CE,Federal Contract Tower,0,18,13,0,31,0,86,42,0,128,0,104,55,0,159,22,0,22,181
04/10/2011,HUM,LA,ASW,CE,Federal Contract Tower,0,10,2,0,12,0,65,15,0,80,0,75,17,0,92,0,0,0,92
04/11/2011,HUM,LA,ASW,CE,Federal Contract Tower,0,24,17,0,41,0,116,27,0,143,0,140,44,0,184,4,0,4,188
04/12/2011,HUM,LA,ASW,CE,Federal Contract Tower,0,10,18,0,28,0,149,69,0,218,0,159,87,0,246,16,0,16,262
04/13/2011,HUM,LA,ASW,CE,Federal Contract Tower,0,8,7,0,15,0,207,43,0,250,0,215,50,0,265,4,0,4,269
04/14/2011,HUM,LA,ASW,CE,Federal Contract Tower,0,13,15,0,28,0,192,30,0,222,0,205,45,0,250,6,0,6,256
04/15/2011,HUM,LA,ASW,CE,Federal Contract Tower,0,19,14,0,33,0,110,14,0,124,0,129,28,0,157,0,0,0,157
04/16/2011,HUM,LA,ASW,CE,Federal Contract Tower,0,5,5,0,10,0,99,34,0,133,0,104,39,0,143,2,0,2,145
04/17/2011,HUM,LA,ASW,CE,Federal Contract Tower,0,5,11,0,16,0,109,30,0,139,0,114,41,0,155,2,0,2,157
04/18/2011,HUM,LA,ASW,CE,Federal Contract Tower,0,23,13,4,40,0,167,35,0,202,0,190,48,4,242,6,0,6,248
04/19/2011,HUM,LA,ASW,CE,Federal Contract Tower,0,49,18,0,67,0,143,43,1,187,0,192,61,1,254,0,0,0,254
04/20/2011,HUM,LA,ASW,CE,Federal Contract Tower,0,31,21,0,52,0,181,43,2,226,0,212,64,2,278,24,0,24,302
04/21/2011,HUM,LA,ASW,CE,Federal Contract Tower,0,30,36,0,66,0,191,39,0,230,0,221,75,0,296,4,0,4,300
04/22/2011,HUM,LA,ASW,CE,Federal Contract Tower,0,19,17,0,36,0,119,35,0,154,0,138,52,0,190,48,0,48,238
04/23/2011,HUM,LA,ASW,CE,Federal Contract Tower,0,9,6,0,15,0,79,30,0,109,0,88,36,0,124,10,0,10,134
04/24/2011,HUM,LA,ASW,CE,Federal Contract Tower,0,6,5,0,11,0,51,19,0,70,0,57,24,0,81,32,0,32,113
04/25/2011,HUM,LA,ASW,CE,Federal Contract Tower,0,26,36,0,62,0,123,38,0,161,0,149,74,0,223,14,0,14,237
04/26/2011,HUM,LA,ASW,CE,Federal Contract Tower,0,13,18,0,31,0,131,36,0,167,0,144,54,0,198,16,0,16,214
04/27/2011,HUM,LA,ASW,CE,Federal Contract Tower,0,38,20,0,58,0,128,11,0,139,0,166,31,0,197,0,0,0,197
04/28/2011,HUM,LA,ASW,CE,Federal Contract Tower,0,10,14,0,24,0,188,39,0,227,0,198,53,0,251,14,0,14,265
04/29/2011,HUM,LA,ASW,CE,Federal Contract Tower,0,5,16,0,21,0,125,40,0,165,0,130,56,0,186,10,0,10,196
04/30/2011,HUM,LA,ASW,CE,Federal Contract Tower,0,1,17,0,18,0,97,27,0,124,0,98,44,0,142,6,0,6,148
05/01/2011,HUM,LA,ASW,CE,Federal Contract Tower,0,4,13,0,17,0,98,20,0,118,0,102,33,0,135,12,0,12,147
05/02/2011,HUM,LA,ASW,CE,Federal Contract Tower,0,24,17,0,41,0,136,29,0,165,0,160,46,0,206,26,0,26,232
05/03/2011,HUM,LA,ASW,CE,Federal Contract Tower,0,37,13,0,50,0,140,24,0,164,0,177,37,0,214,0,0,0,214
05/04/2011,HUM,LA,ASW,CE,Federal Contract Tower,0,9,13,0,22,0,161,49,0,210,0,170,62,0,232,16,0,16,248
05/05/2011,HUM,LA,ASW,CE,Federal Contract Tower,0,9,24,2,35,0,162,53,5,220,0,171,77,7,255,0,0,0,255
05/06/2011,HUM,LA,ASW,CE,Federal Contract Tower,0,11,18,0,29,0,137,39,0,176,0,148,57,0,205,11,1,12,217
05/07/2011,HUM,LA,ASW,CE,Federal Contract Tower,0,7,6,0,13,0,120,37,0,157,0,127,43,0,170,38,0,38,208
05/08/2011,HUM,LA,ASW,CE,Federal Contract Tower,0,12,15,0,27,0,82,24,0,106,0,94,39,0,133,22,0,22,155
05/09/2011,HUM,LA,ASW,CE,Federal Contract Tower,0,26,11,0,37,0,135,36,0,171,0,161,47,0,208,18,0,18,226
05/10/2011,HUM,LA,ASW,CE,Federal Contract Tower,0,15,27,1,43,0,159,47,11,217,0,174,74,12,260,2,0,2,262
05/11/2011,HUM,LA,ASW,CE,Federal Contract Tower,0,25,15,2,42,0,160,46,6,212,0,185,61,8,254,20,0,20,274
05/12/2011,HUM,LA,ASW,CE,Federal Contract Tower,0,25,7,3,35,0,195,36,6,237,0,220,43,9,272,10,0,10,282
05/13/2011,HUM,LA,ASW,CE,Federal Contract Tower,0,22,21,2,45,0,133,33,2,168,0,155,54,4,213,0,0,0,213
05/14/2011,HUM,LA,ASW,CE,Federal Contract Tower,0,2,4,2,8,0,139,26,2,167,0,141,30,4,175,6,2,8,183
05/15/2011,HUM,LA,ASW,CE,Federal Contract Tower,0,9,16,0,25,0,107,36,4,147,0,116,52,4,172,0,0,0,172
05/16/2011,HUM,LA,ASW,CE,Federal Contract Tower,0,11,16,2,29,0,138,51,3,192,0,149,67,5,221,0,0,0,221
05/17/2011,HUM,LA,ASW,CE,Federal Contract Tower,0,14,21,0,35,0,168,64,0,232,0,182,85,0,267,12,0,12,279
05/18/2011,HUM,LA,ASW,CE,Federal Contract Tower,0,11,12,0,23,0,218,57,0,275,0,229,69,0,298,6,0,6,304
05/19/2011,HUM,LA,ASW,CE,Federal Contract Tower,0,11,15,0,26,0,182,42,0,224,0,193,57,0,250,10,0,10,260
05/20/2011,HUM,LA,ASW,CE,Federal Contract Tower,0,31,14,0,45,0,152,27,2,181,0,183,41,2,226,0,0,0,226
05/21/2011,HUM,LA,ASW,CE,Federal Contract Tower,0,7,13,0,20,0,76,34,0,110,0,83,47,0,130,40,0,40,170
05/22/2011,HUM,LA,ASW,CE,Federal Contract Tower,0,15,14,0,29,0,115,33,0,148,0,130,47,0,177,20,0,20,197
05/23/2011,HUM,LA,ASW,CE,Federal Contract Tower,0,18,19,0,37,0,115,46,0,161,0,133,65,0,198,30,0,30,228
05/24/2011,HUM,LA,ASW,CE,Federal Contract Tower,0,21,12,0,33,0,165,46,0,211,0,186,58,0,244,6,0,6,250
05/25/2011,HUM,LA,ASW,CE,Federal Contract Tower,0,24,27,0,51,0,188,24,0,212,0,212,51,0,263,0,0,0,263
05/26/2011,HUM,LA,ASW,CE,Federal Contract Tower,0,29,13,0,42,0,182,35,2,219,0,211,48,2,261,2,0,2,263
05/27/2011,HUM,LA,ASW,CE,Federal Contract Tower,0,13,26,0,39,0,132,39,0,171,0,145,65,0,210,0,0,0,210
05/28/2011,HUM,LA,ASW,CE,Federal Contract Tower,0,11,3,0,14,0,104,22,0,126,0,115,25,0,140,24,0,24,164
05/29/2011,HUM,LA,ASW,CE,Federal Contract Tower,0,2,21,0,23,0,109,19,0,128,0,111,40,0,151,18,0,18,169
05/30/2011,HUM,LA,ASW,CE,Federal Contract Tower,0,14,9,0,23,0,116,31,0,147,0,130,40,0,170,40,0,40,210
05/31/2011,HUM,LA,ASW,CE,Federal Contract Tower,0,11,22,0,33,0,140,52,0,192,0,151,74,0,225,54,0,54,279
06/01/2011,HUM,LA,ASW,CE,Federal Contract Tower,0,9,17,0,26,0,211,54,4,269,0,220,71,4,295,0,0,0,295
06/02/2011,HUM,LA,ASW,CE,Federal Contract Tower,0,10,12,0,22,0,166,38,0,204,0,176,50,0,226,30,0,30,256
06/03/2011,HUM,LA,ASW,CE,Federal Contract Tower,0,12,3,0,15,0,170,44,0,214,0,182,47,0,229,22,0,22,251
06/04/2011,HUM,LA,ASW,CE,Federal Contract Tower,0,3,7,0,10,0,101,16,0,117,0,104,23,0,127,0,0,0,127
06/05/2011,HUM,LA,ASW,CE,Federal Contract Tower,0,10,8,0,18,0,92,17,0,109,0,102,25,0,127,38,0,38,165
06/06/2011,HUM,LA,ASW,CE,Federal Contract Tower,0,11,15,0,26,0,138,40,0,178,0,149,55,0,204,30,0,30,234
06/07/2011,HUM,LA,ASW,CE,Federal Contract Tower,0,23,11,0,34,0,137,33,0,170,0,160,44,0,204,14,0,14,218
06/08/2011,HUM,LA,ASW,CE,Federal Contract Tower,0,14,11,0,25,0,177,25,0,202,0,191,36,0,227,0,0,0,227
06/09/2011,HUM,LA,ASW,CE,Federal Contract Tower,0,13,13,0,26,0,181,34,2,217,0,194,47,2,243,0,0,0,243
06/10/2011,HUM,LA,ASW,CE,Federal Contract Tower,0,15,12,0,27,0,133,42,0,175,0,148,54,0,202,24,0,24,226
06/11/2011,HUM,LA,ASW,CE,Federal Contract Tower,0,8,10,0,18,0,112,22,0,134,0,120,32,0,152,16,0,16,168
06/12/2011,HUM,LA,ASW,CE,Federal Contract Tower,0,7,14,0,21,0,107,18,0,125,0,114,32,0,146,4,0,4,150
06/13/2011,HUM,LA,ASW,CE,Federal Contract Tower,0,20,3,0,23,0,127,46,0,173,0,147,49,0,196,36,0,36,232
06/14/2011,HUM,LA,ASW,CE,Federal Contract Tower,0,11,10,0,21,0,169,30,0,199,0,180,40,0,220,4,0,4,224
06/15/2011,HUM,LA,ASW,CE,Federal Contract Tower,0,9,13,0,22,0,181,30,2,213,0,190,43,2,235,8,0,8,243
06/16/2011,HUM,LA,ASW,CE,Federal Contract Tower,0,7,8,0,15,0,170,38,0,208,0,177,46,0,223,36,0,36,259
06/17/2011,HUM,LA,ASW,CE,Federal Contract Tower,0,7,9,0,16,0,164,40,0,204,0,171,49,0,220,18,0,18,238
06/18/2011,HUM,LA,ASW,CE,Federal Contract Tower,0,5,6,0,11,0,116,31,0,147,0,121,37,0,158,48,0,48,206
06/19/2011,HUM,LA,ASW,CE,Federal Contract Tower,0,3,5,0,8,0,119,16,0,135,0,122,21,0,143,0,0,0,143
06/20/2011,HUM,LA,ASW,CE,Federal Contract Tower,0,10,19,0,29,0,166,44,0,210,0,176,63,0,239,18,0,18,257
06/21/2011,HUM,LA,ASW,CE,Federal Contract Tower,0,12,24,0,36,0,147,31,0,178,0,159,55,0,214,6,0,6,220
06/22/2011,HUM,LA,ASW,CE,Federal Contract Tower,0,21,7,4,32,0,186,38,2,226,0,207,45,6,258,2,0,2,260
06/23/2011,HUM,LA,ASW,CE,Federal Contract Tower,0,22,15,0,37,0,165,32,0,197,0,187,47,0,234,16,0,16,250
06/24/2011,HUM,LA,ASW,CE,Federal Contract Tower,0,24,11,0,35,0,113,43,0,156,0,137,54,0,191,18,0,18,209
06/25/2011,HUM,LA,ASW,CE,Federal Contract Tower,0,11,7,0,18,0,90,40,0,130,0,101,47,0,148,32,0,32,180
06/26/2011,HUM,LA,ASW,CE,Federal Contract Tower,0,8,9,0,17,0,92,25,0,117,0,100,34,0,134,2,0,2,136
06/27/2011,HUM,LA,ASW,CE,Federal Contract Tower,0,15,6,0,21,0,151,56,0,207,0,166,62,0,228,16,0,16,244
06/28/2011,HUM,LA,ASW,CE,Federal Contract Tower,0,12,12,0,24,0,155,51,0,206,0,167,63,0,230,4,0,4,234
06/29/2011,HUM,LA,ASW,CE,Federal Contract Tower,0,12,18,0,30,0,194,53,1,248,0,206,71,1,278,2,0,2,280
06/30/2011,HUM,LA,ASW,CE,Federal Contract Tower,0,8,15,0,23,0,161,39,0,200,0,169,54,0,223,28,0,28,251
07/01/2011,HUM,LA,ASW,CE,Federal Contract Tower,0,11,14,0,25,0,129,37,0,166,0,140,51,0,191,2,0,2,193
07/02/2011,HUM,LA,ASW,CE,Federal Contract Tower,0,1,9,0,10,0,100,20,0,120,0,101,29,0,130,0,0,0,130
07/03/2011,HUM,LA,ASW,CE,Federal Contract Tower,0,6,8,0,14,0,92,14,0,106,0,98,22,0,120,6,0,6,126
07/04/2011,HUM,LA,ASW,CE,Federal Contract Tower,0,16,6,0,22,0,111,18,0,129,0,127,24,0,151,0,0,0,151
07/05/2011,HUM,LA,ASW,CE,Federal Contract Tower,0,13,13,0,26,0,133,29,0,162,0,146,42,0,188,6,0,6,194
07/06/2011,HUM,LA,ASW,CE,Federal Contract Tower,0,14,10,0,24,0,192,28,3,223,0,206,38,3,247,20,0,20,267
07/07/2011,HUM,LA,ASW,CE,Federal Contract Tower,0,7,14,0,21,0,158,37,0,195,0,165,51,0,216,30,0,30,246
07/08/2011,HUM,LA,ASW,CE,Federal Contract Tower,0,15,6,0,21,0,123,27,0,150,0,138,33,0,171,16,0,16,187
07/09/2011,HUM,LA,ASW,CE,Federal Contract Tower,0,2,10,0,12,0,75,18,0,93,0,77,28,0,105,0,0,0,105
07/10/2011,HUM,LA,ASW,CE,Federal Contract Tower,0,6,16,0,22,0,99,18,0,117,0,105,34,0,139,0,0,0,139
07/11/2011,HUM,LA,ASW,CE,Federal Contract Tower,0,10,11,0,21,0,149,38,0,187,0,159,49,0,208,20,0,20,228
07/12/2011,HUM,LA,ASW,CE,Federal Contract Tower,0,10,13,0,23,0,146,43,0,189,0,156,56,0,212,8,0,8,220
07/13/2011,HUM,LA,ASW,CE,Federal Contract Tower,0,11,15,0,26,0,170,30,0,200,0,181,45,0,226,16,0,16,242
07/14/2011,HUM,LA,ASW,CE,Federal Contract Tower,0,14,23,0,37,0,117,32,0,149,0,131,55,0,186,16,0,16,202
07/15/2011,HUM,LA,ASW,CE,Federal Contract Tower,0,43,12,0,55,0,99,7,0,106,0,142,19,0,161,0,0,0,161
07/16/2011,HUM,LA,ASW,CE,Federal Contract Tower,0,8,7,0,15,0,97,7,0,104,0,105,14,0,119,10,0,10,129
07/17/2011,HUM,LA,ASW,CE,Federal Contract Tower,0,8,13,0,21,0,106,10,0,116,0,114,23,0,137,34,0,34,171
07/18/2011,HUM,LA,ASW,CE,Federal Contract Tower,0,24,3,0,27,0,35,10,0,45,0,59,13,0,72,2,0,2,74
07/19/2011,HUM,LA,ASW,CE,Federal Contract Tower,0,14,12,0,26,0,182,61,0,243,0,196,73,0,269,22,0,22,291
07/20/2011,HUM,LA,ASW,CE,Federal Contract Tower,0,21,19,0,40,0,189,55,2,246,0,210,74,2,286,26,0,26,312
07/21/2011,HUM,LA,ASW,CE,Federal Contract Tower,0,17,18,0,35,0,140,45,0,185,0,157,63,0,220,28,0,28,248
07/22/2011,HUM,LA,ASW,CE,Federal Contract Tower,0,22,20,0,42,0,145,29,0,174,0,167,49,0,216,52,0,52,268
07/23/2011,HUM,LA,ASW,CE,Federal Contract Tower,0,5,7,0,12,0,85,12,0,97,0,90,19,0,109,10,0,10,119
07/24/2011,HUM,LA,ASW,CE,Federal Contract Tower,0,9,12,0,21,0,87,10,0,97,0,96,22,0,118,2,0,2,120
07/25/2011,HUM,LA,ASW,CE,Federal Contract Tower,0,14,15,0,29,0,117,25,0,142,0,131,40,0,171,0,0,0,171
07/26/2011,HUM,LA,ASW,CE,Federal Contract Tower,0,15,26,0,41,0,148,45,0,193,0,163,71,0,234,0,0,0,234
07/27/2011,HUM,LA,ASW,CE,Federal Contract Tower,0,44,16,0,60,0,170,18,11,199,0,214,34,11,259,0,0,0,259
07/28/2011,HUM,LA,ASW,CE,Federal Contract Tower,0,19,11,0,30,0,170,28,0,198,0,189,39,0,228,0,0,0,228
07/29/2011,HUM,LA,ASW,CE,Federal Contract Tower,0,19,10,0,29,0,146,23,0,169,0,165,33,0,198,0,0,0,198
07/30/2011,HUM,LA,ASW,CE,Federal Contract Tower,0,13,6,0,19,0,105,31,0,136,0,118,37,0,155,36,0,36,191
07/31/2011,HUM,LA,ASW,CE,Federal Contract Tower,0,9,5,0,14,0,66,17,0,83,0,75,22,0,97,26,0,26,123
08/01/2011,HUM,LA,ASW,CE,Federal Contract Tower,0,9,19,0,28,0,132,37,0,169,0,141,56,0,197,66,0,66,263
08/02/2011,HUM,LA,ASW,CE,Federal Contract Tower,0,28,17,0,45,0,121,45,0,166,0,149,62,0,211,50,0,50,261
08/03/2011,HUM,LA,ASW,CE,Federal Contract Tower,0,22,11,0,33,0,185,56,0,241,0,207,67,0,274,62,0,62,336
08/04/2011,HUM,LA,ASW,CE,Federal Contract Tower,0,18,8,0,26,0,181,30,0,211,0,199,38,0,237,8,0,8,245
08/05/2011,HUM,LA,ASW,CE,Federal Contract Tower,0,25,11,0,36,0,137,34,0,171,0,162,45,0,207,20,0,20,227
08/06/2011,HUM,LA,ASW,CE,Federal Contract Tower,0,13,9,0,22,0,116,38,0,154,0,129,47,0,176,12,0,12,188
08/07/2011,HUM,LA,ASW,CE,Federal Contract Tower,0,7,10,0,17,0,103,29,0,132,0,110,39,0,149,34,0,34,183
08/08/2011,HUM,LA,ASW,CE,Federal Contract Tower,0,6,7,0,13,0,153,38,0,191,0,159,45,0,204,6,0,6,210
08/09/2011,HUM,LA,ASW,CE,Federal Contract Tower,0,5,17,0,22,0,126,38,0,164,0,131,55,0,186,20,0,20,206
08/10/2011,HUM,LA,ASW,CE,Federal Contract Tower,0,11,16,1,28,0,201,49,0,250,0,212,65,1,278,50,0,50,328
08/11/2011,HUM,LA,ASW,CE,Federal Contract Tower,0,4,9,0,13,0,165,37,0,202,0,169,46,0,215,12,0,12,227
08/12/2011,HUM,LA,ASW,CE,Federal Contract Tower,0,17,7,0,24,0,128,30,3,161,0,145,37,3,185,16,0,16,201
08/13/2011,HUM,LA,ASW,CE,Federal Contract Tower,0,9,8,0,17,0,101,26,0,127,0,110,34,0,144,2,0,2,146
08/14/2011,HUM,LA,ASW,CE,Federal Contract Tower,0,7,10,0,17,0,95,15,0,110,0,102,25,0,127,16,0,16,143
08/15/2011,HUM,LA,ASW,CE,Federal Contract Tower,0,12,8,0,20,0,155,38,2,195,0,167,46,2,215,44,12,56,271
08/16/2011,HUM,LA,ASW,CE,Federal Contract Tower,0,23,10,0,33,0,146,38,2,186,0,169,48,2,219,12,0,12,231
08/17/2011,HUM,LA,ASW,CE,Federal Contract Tower,0,20,17,0,37,0,193,39,0,232,0,213,56,0,269,0,0,0,269
08/18/2011,HUM,LA,ASW,CE,Federal Contract Tower,0,19,4,0,23,0,147,27,0,174,0,166,31,0,197,0,0,0,197
08/19/2011,HUM,LA,ASW,CE,Federal Contract Tower,0,9,21,2,32,0,131,33,0,164,0,140,54,2,196,2,12,14,210
08/20/2011,HUM,LA,ASW,CE,Federal Contract Tower,0,2,4,2,8,0,89,24,0,113,0,91,28,2,121,0,0,0,121
08/21/2011,HUM,LA,ASW,CE,Federal Contract Tower,0,5,21,0,26,0,85,19,0,104,0,90,40,0,130,14,0,14,144
08/22/2011,HUM,LA,ASW,CE,Federal Contract Tower,0,5,9,0,14,0,136,35,0,171,0,141,44,0,185,30,0,30,215
08/23/2011,HUM,LA,ASW,CE,Federal Contract Tower,0,15,26,0,41,0,160,27,2,189,0,175,53,2,230,30,0,30,260
08/24/2011,HUM,LA,ASW,CE,Federal Contract Tower,0,23,9,0,32,0,162,49,2,213,0,185,58,2,245,12,0,12,257
08/25/2011,HUM,LA,ASW,CE,Federal Contract Tower,0,16,13,0,29,0,143,32,0,175,0,159,45,0,204,18,0,18,222
08/26/2011,HUM,LA,ASW,CE,Federal Contract Tower,0,11,13,0,24,0,109,32,0,141,0,120,45,0,165,30,0,30,195
08/27/2011,HUM,LA,ASW,CE,Federal Contract Tower,0,8,4,0,12,0,100,27,0,127,0,108,31,0,139,0,0,0,139
08/28/2011,HUM,LA,ASW,CE,Federal Contract Tower,0,13,6,0,19,0,105,28,0,133,0,118,34,0,152,12,0,12,164
08/29/2011,HUM,LA,ASW,CE,Federal Contract Tower,0,22,4,0,26,0,119,41,0,160,0,141,45,0,186,22,0,22,208
08/30/2011,HUM,LA,ASW,CE,Federal Contract Tower,0,18,8,0,26,0,132,25,0,157,0,150,33,0,183,0,0,0,183
08/31/2011,HUM,LA,ASW,CE,Federal Contract Tower,0,29,11,0,40,0,216,35,0,251,0,245,46,0,291,10,0,10,301
09/01/2011,HUM,LA,ASW,CE,Federal Contract Tower,0,27,13,0,40,0,221,19,0,240,0,248,32,0,280,14,0,14,294
09/02/2011,HUM,LA,ASW,CE,Federal Contract Tower,0,23,8,0,31,0,17,1,0,18,0,40,9,0,49,0,0,0,49
09/03/2011,HUM,LA,ASW,CE,Federal Contract Tower,0,0,4,0,4,0,4,3,0,7,0,4,7,0,11,0,0,0,11
09/04/2011,HUM,LA,ASW,CE,Federal Contract Tower,0,1,3,0,4,0,1,0,0,1,0,2,3,0,5,0,0,0,5
09/05/2011,HUM,LA,ASW,CE,Federal Contract Tower,0,15,5,0,20,0,138,4,4,146,0,153,9,4,166,4,0,4,170
09/06/2011,HUM,LA,ASW,CE,Federal Contract Tower,0,13,10,1,24,0,242,45,1,288,0,255,55,2,312,20,0,20,332
09/07/2011,HUM,LA,ASW,CE,Federal Contract Tower,0,9,10,3,22,0,211,52,9,272,0,220,62,12,294,22,0,22,316
09/08/2011,HUM,LA,ASW,CE,Federal Contract Tower,0,7,5,0,12,0,204,42,3,249,0,211,47,3,261,0,0,0,261
09/09/2011,HUM,LA,ASW,CE,Federal Contract Tower,0,6,12,0,18,0,113,43,0,156,0,119,55,0,174,14,0,14,188
09/10/2011,HUM,LA,ASW,CE,Federal Contract Tower,0,9,3,0,12,0,153,21,6,180,0,162,24,6,192,12,0,12,204
09/11/2011,HUM,LA,ASW,CE,Federal Contract Tower,0,7,6,0,13,0,91,32,0,123,0,98,38,0,136,16,0,16,152
09/12/2011,HUM,LA,ASW,CE,Federal Contract Tower,0,5,6,0,11,0,121,31,0,152,0,126,37,0,163,20,0,20,183
09/13/2011,HUM,LA,ASW,CE,Federal Contract Tower,0,12,7,0,19,0,151,32,0,183,0,163,39,0,202,24,0,24,226
09/14/2011,HUM,LA,ASW,CE,Federal Contract Tower,0,14,9,0,23,0,203,55,0,258,0,217,64,0,281,14,0,14,295
09/15/2011,HUM,LA,ASW,CE,Federal Contract Tower,0,14,8,0,22,0,207,48,0,255,0,221,56,0,277,38,0,38,315
09/16/2011,HUM,LA,ASW,CE,Federal Contract Tower,0,24,22,0,46,0,138,33,1,172,0,162,55,1,218,10,0,10,228
09/17/2011,HUM,LA,ASW,CE,Federal Contract Tower,0,7,12,0,19,0,85,20,0,105,0,92,32,0,124,6,0,6,130
09/18/2011,HUM,LA,ASW,CE,Federal Contract Tower,0,8,5,0,13,0,74,28,0,102,0,82,33,0,115,4,0,4,119
09/19/2011,HUM,LA,ASW,CE,Federal Contract Tower,0,18,8,0,26,0,75,25,0,100,0,93,33,0,126,30,0,30,156
09/20/2011,HUM,LA,ASW,CE,Federal Contract Tower,0,51,13,1,65,0,135,43,2,180,0,186,56,3,245,16,0,16,261
09/21/2011,HUM,LA,ASW,CE,Federal Contract Tower,0,28,14,0,42,0,166,30,0,196,0,194,44,0,238,20,0,20,258
09/22/2011,HUM,LA,ASW,CE,Federal Contract Tower,0,21,21,0,42,0,174,34,0,208,0,195,55,0,250,20,0,20,270
09/23/2011,HUM,LA,ASW,CE,Federal Contract Tower,0,31,7,0,38,0,92,35,0,127,0,123,42,0,165,0,0,0,165
09/24/2011,HUM,LA,ASW,CE,Federal Contract Tower,0,17,4,0,21,0,108,32,0,140,0,125,36,0,161,28,0,28,189
09/25/2011,HUM,LA,ASW,CE,Federal Contract Tower,0,7,8,0,15,0,69,28,2,99,0,76,36,2,114,4,0,4,118
09/26/2011,HUM,LA,ASW,CE,Federal Contract Tower,0,13,8,0,21,0,140,36,0,176,0,153,44,0,197,12,0,12,209
09/27/2011,HUM,LA,ASW,CE,Federal Contract Tower,0,17,9,0,26,0,179,27,0,206,0,196,36,0,232,20,0,20,252
09/28/2011,HUM,LA,ASW,CE,Federal Contract Tower,0,28,12,0,40,0,177,34,6,217,0,205,46,6,257,28,0,28,285
09/29/2011,HUM,LA,ASW,CE,Federal Contract Tower,0,12,9,0,21,0,157,44,1,202,0,169,53,1,223,20,0,20,243
09/30/2011,HUM,LA,ASW,CE,Federal Contract Tower,0,23,16,0,39,0,92,38,0,130,0,115,54,0,169,14,0,14,183
10/01/2011,HUM,LA,ASW,CE,Federal Contract Tower,0,7,8,0,15,0,92,20,0,112,0,99,28,0,127,0,0,0,127
10/02/2011,HUM,LA,ASW,CE,Federal Contract Tower,0,7,7,0,14,0,87,17,0,104,0,94,24,0,118,8,0,8,126
10/03/2011,HUM,LA,ASW,CE,Federal Contract Tower,0,5,13,2,20,0,122,39,0,161,0,127,52,2,181,10,0,10,191
10/04/2011,HUM,LA,ASW,CE,Federal Contract Tower,0,10,15,0,25,0,158,44,0,202,0,168,59,0,227,10,0,10,237
10/05/2011,HUM,LA,ASW,CE,Federal Contract Tower,0,10,15,0,25,0,217,58,0,275,0,227,73,0,300,20,0,20,320
10/06/2011,HUM,LA,ASW,CE,Federal Contract Tower,0,7,14,0,21,0,164,31,0,195,0,171,45,0,216,0,0,0,216
10/07/2011,HUM,LA,ASW,CE,Federal Contract Tower,0,18,13,0,31,0,136,26,0,162,0,154,39,0,193,0,0,0,193
10/08/2011,HUM,LA,ASW,CE,Federal Contract Tower,0,7,7,0,14,0,67,12,0,79,0,74,19,0,93,2,0,2,95
10/09/2011,HUM,LA,ASW,CE,Federal Contract Tower,0,10,8,0,18,0,66,18,0,84,0,76,26,0,102,34,0,34,136
10/10/2011,HUM,LA,ASW,CE,Federal Contract Tower,0,27,15,0,42,0,123,17,0,140,0,150,32,0,182,6,0,6,188
10/11/2011,HUM,LA,ASW,CE,Federal Contract Tower,0,23,14,0,37,0,150,37,0,187,0,173,51,0,224,6,0,6,230
10/12/2011,HUM,LA,ASW,CE,Federal Contract Tower,0,33,12,0,45,0,171,33,0,204,0,204,45,0,249,2,0,2,251
10/13/2011,HUM,LA,ASW,CE,Federal Contract Tower,0,23,14,0,37,0,162,39,0,201,0,185,53,0,238,0,0,0,238
10/14/2011,HUM,LA,ASW,CE,Federal Contract Tower,0,7,16,2,25,0,174,52,0,226,0,181,68,2,251,2,0,2,253
10/15/2011,HUM,LA,ASW,CE,Federal Contract Tower,0,6,10,0,16,0,74,78,5,157,0,80,88,5,173,10,0,10,183
10/16/2011,HUM,LA,ASW,CE,Federal Contract Tower,0,5,13,0,18,0,89,15,0,104,0,94,28,0,122,20,0,20,142
10/17/2011,HUM,LA,ASW,CE,Federal Contract Tower,0,26,8,0,34,0,138,32,0,170,0,164,40,0,204,12,0,12,216
10/18/2011,HUM,LA,ASW,CE,Federal Contract Tower,0,37,11,0,48,0,142,22,0,164,0,179,33,0,212,8,0,8,220
10/19/2011,HUM,LA,ASW,CE,Federal Contract Tower,0,7,14,0,21,0,148,48,0,196,0,155,62,0,217,10,0,10,227
10/20/2011,HUM,LA,ASW,CE,Federal Contract Tower,0,13,6,0,19,0,166,50,1,217,0,179,56,1,236,14,0,14,250
10/21/2011,HUM,LA,ASW,CE,Federal Contract Tower,0,8,4,0,12,0,133,48,0,181,0,141,52,0,193,6,0,6,199
10/22/2011,HUM,LA,ASW,CE,Federal Contract Tower,0,7,0,0,7,0,119,26,0,145,0,126,26,0,152,10,0,10,162
10/23/2011,HUM,LA,ASW,CE,Federal Contract Tower,0,2,8,0,10,0,95,29,0,124,0,97,37,0,134,12,0,12,146
10/24/2011,HUM,LA,ASW,CE,Federal Contract Tower,0,17,15,0,32,0,134,41,0,175,0,151,56,0,207,44,0,44,251
10/25/2011,HUM,LA,ASW,CE,Federal Contract Tower,0,17,15,0,32,0,149,44,0,193,0,166,59,0,225,32,0,32,257
10/26/2011,HUM,LA,ASW,CE,Federal Contract Tower,0,39,9,0,48,0,175,36,1,212,0,214,45,1,260,10,0,10,270
10/27/2011,HUM,LA,ASW,CE,Federal Contract Tower,0,13,8,2,23,0,162,43,0,205,0,175,51,2,228,40,0,40,268
10/28/2011,HUM,LA,ASW,CE,Federal Contract Tower,0,54,19,3,76,0,79,13,0,92,0,133,32,3,168,0,0,0,168
10/29/2011,HUM,LA,ASW,CE,Federal Contract Tower,0,6,9,0,15,0,68,25,0,93,0,74,34,0,108,24,0,24,132
10/30/2011,HUM,LA,ASW,CE,Federal Contract Tower,0,3,16,0,19,0,90,17,0,107,0,93,33,0,126,30,0,30,156
10/31/2011,HUM,LA,ASW,CE,Federal Contract Tower,0,3,8,0,11,0,122,31,0,153,0,125,39,0,164,18,0,18,182
11/01/2011,HUM,LA,ASW,CE,Federal Contract Tower,0,4,13,0,17,0,145,41,0,186,0,149,54,0,203,12,0,12,215
11/02/2011,HUM,LA,ASW,CE,Federal Contract Tower,0,10,10,0,20,0,188,46,0,234,0,198,56,0,254,32,0,32,286
11/03/2011,HUM,LA,ASW,CE,Federal Contract Tower,0,41,23,0,64,0,117,18,8,143,0,158,41,8,207,34,0,34,241
11/04/2011,HUM,LA,ASW,CE,Federal Contract Tower,0,8,12,0,20,0,131,27,0,158,0,139,39,0,178,54,0,54,232
11/05/2011,HUM,LA,ASW,CE,Federal Contract Tower,0,13,7,0,20,0,78,20,0,98,0,91,27,0,118,20,0,20,138
11/06/2011,HUM,LA,ASW,CE,Federal Contract Tower,0,7,5,0,12,0,80,19,0,99,0,87,24,0,111,44,0,44,155
11/07/2011,HUM,LA,ASW,CE,Federal Contract Tower,0,18,12,0,30,0,107,20,2,129,0,125,32,2,159,0,0,0,159
11/08/2011,HUM,LA,ASW,CE,Federal Contract Tower,0,23,10,0,33,0,121,20,0,141,0,144,30,0,174,22,0,22,196
11/09/2011,HUM,LA,ASW,CE,Federal Contract Tower,0,49,10,2,61,0,150,20,0,170,0,199,30,2,231,6,0,6,237
11/10/2011,HUM,LA,ASW,CE,Federal Contract Tower,0,24,16,0,40,0,123,15,0,138,0,147,31,0,178,0,0,0,178
11/11/2011,HUM,LA,ASW,CE,Federal Contract Tower,0,10,13,0,23,0,113,32,0,145,0,123,45,0,168,8,0,8,176
11/12/2011,HUM,LA,ASW,CE,Federal Contract Tower,0,4,11,0,15,0,119,10,0,129,0,123,21,0,144,12,0,12,156
11/13/2011,HUM,LA,ASW,CE,Federal Contract Tower,0,3,19,0,22,0,108,20,0,128,0,111,39,0,150,16,0,16,166
11/14/2011,HUM,LA,ASW,CE,Federal Contract Tower,0,31,10,0,41,0,93,18,0,111,0,124,28,0,152,16,0,16,168
11/15/2011,HUM,LA,ASW,CE,Federal Contract Tower,0,32,8,0,40,0,127,12,0,139,0,159,20,0,179,0,0,0,179
11/16/2011,HUM,LA,ASW,CE,Federal Contract Tower,0,14,11,0,25,0,190,16,0,206,0,204,27,0,231,4,0,4,235
11/17/2011,HUM,LA,ASW,CE,Federal Contract Tower,0,19,17,0,36,0,153,29,0,182,0,172,46,0,218,36,0,36,254
11/18/2011,HUM,LA,ASW,CE,Federal Contract Tower,0,16,15,0,31,0,137,25,0,162,0,153,40,0,193,10,0,10,203
11/19/2011,HUM,LA,ASW,CE,Federal Contract Tower,0,16,12,0,28,0,105,18,0,123,0,121,30,0,151,0,0,0,151
11/20/2011,HUM,LA,ASW,CE,Federal Contract Tower,0,16,17,0,33,0,72,11,0,83,0,88,28,0,116,0,0,0,116
11/21/2011,HUM,LA,ASW,CE,Federal Contract Tower,0,33,10,0,43,0,101,45,0,146,0,134,55,0,189,14,0,14,203
11/22/2011,HUM,LA,ASW,CE,Federal Contract Tower,0,29,13,0,42,0,111,20,0,131,0,140,33,0,173,16,0,16,189
11/23/2011,HUM,LA,ASW,CE,Federal Contract Tower,0,37,19,0,56,0,158,34,0,192,0,195,53,0,248,16,0,16,264
11/24/2011,HUM,LA,ASW,CE,Federal Contract Tower,0,15,4,0,19,0,96,10,0,106,0,111,14,0,125,12,0,12,137
11/25/2011,HUM,LA,ASW,CE,Federal Contract Tower,0,11,11,0,22,0,98,19,0,117,0,109,30,0,139,16,0,16,155
11/26/2011,HUM,LA,ASW,CE,Federal Contract Tower,0,12,8,0,20,0,51,5,0,56,0,63,13,0,76,0,0,0,76
11/27/2011,HUM,LA,ASW,CE,Federal Contract Tower,0,29,13,3,45,0,30,1,0,31,0,59,14,3,76,0,0,0,76
11/28/2011,HUM,LA,ASW,CE,Federal Contract Tower,0,5,8,0,13,0,119,31,0,150,0,124,39,0,163,0,0,0,163
11/29/2011,HUM,LA,ASW,CE,Federal Contract Tower,0,1,17,0,18,0,162,25,0,187,0,163,42,0,205,14,0,14,219
11/30/2011,HUM,LA,ASW,CE,Federal Contract Tower,0,13,13,0,26,0,193,51,0,244,0,206,64,0,270,32,0,32,302
12/01/2011,HUM,LA,ASW,CE,Federal Contract Tower,0,9,12,0,21,0,140,58,0,198,0,149,70,0,219,16,0,16,235
12/02/2011,HUM,LA,ASW,CE,Federal Contract Tower,0,29,15,0,44,0,97,51,0,148,0,126,66,0,192,0,0,0,192
12/03/2011,HUM,LA,ASW,CE,Federal Contract Tower,0,5,9,0,14,0,117,41,0,158,0,122,50,0,172,4,0,4,176
12/04/2011,HUM,LA,ASW,CE,Federal Contract Tower,0,10,11,0,21,0,66,7,0,73,0,76,18,0,94,0,0,0,94
12/05/2011,HUM,LA,ASW,CE,Federal Contract Tower,0,40,9,0,49,0,90,17,0,107,0,130,26,0,156,4,0,4,160
12/06/2011,HUM,LA,ASW,CE,Federal Contract Tower,0,66,13,0,79,0,3,1,0,4,0,69,14,0,83,0,0,0,83
12/07/2011,HUM,LA,ASW,CE,Federal Contract Tower,0,22,23,4,49,0,199,40,0,239,0,221,63,4,288,12,0,12,300
12/08/2011,HUM,LA,ASW,CE,Federal Contract Tower,0,13,10,0,23,0,152,43,0,195,0,165,53,0,218,14,0,14,232
12/09/2011,HUM,LA,ASW,CE,Federal Contract Tower,0,19,17,0,36,0,113,28,0,141,0,132,45,0,177,2,0,2,179
12/10/2011,HUM,LA,ASW,CE,Federal Contract Tower,0,7,14,0,21,0,68,13,0,81,0,75,27,0,102,0,0,0,102
12/11/2011,HUM,LA,ASW,CE,Federal Contract Tower,0,13,12,0,25,0,65,16,0,81,0,78,28,0,106,0,0,0,106
12/12/2011,HUM,LA,ASW,CE,Federal Contract Tower,0,52,15,0,67,0,108,27,0,135,0,160,42,0,202,16,0,16,218
12/13/2011,HUM,LA,ASW,CE,Federal Contract Tower,0,51,22,0,73,0,93,18,0,111,0,144,40,0,184,0,0,0,184
12/14/2011,HUM,LA,ASW,CE,Federal Contract Tower,0,38,18,0,56,0,156,17,0,173,0,194,35,0,229,0,0,0,229
12/15/2011,HUM,LA,ASW,CE,Federal Contract Tower,0,38,8,0,46,0,92,16,0,108,0,130,24,0,154,0,0,0,154
12/16/2011,HUM,LA,ASW,CE,Federal Contract Tower,0,21,28,0,49,0,94,10,0,104,0,115,38,0,153,0,0,0,153
12/17/2011,HUM,LA,ASW,CE,Federal Contract Tower,0,28,22,0,50,0,45,12,0,57,0,73,34,0,107,0,0,0,107
12/18/2011,HUM,LA,ASW,CE,Federal Contract Tower,0,7,10,0,17,0,0,0,0,0,0,7,10,0,17,0,0,0,17
12/19/2011,HUM,LA,ASW,CE,Federal Contract Tower,0,11,8,0,19,0,113,28,0,141,0,124,36,0,160,50,0,50,210
12/20/2011,HUM,LA,ASW,CE,Federal Contract Tower,0,39,9,0,48,0,115,21,0,136,0,154,30,0,184,2,0,2,186
12/21/2011,HUM,LA,ASW,CE,Federal Contract Tower,0,57,7,0,64,0,112,42,0,154,0,169,49,0,218,24,0,24,242
12/22/2011,HUM,LA,ASW,CE,Federal Contract Tower,0,40,9,0,49,0,47,5,0,52,0,87,14,0,101,0,0,0,101
12/23/2011,HUM,LA,ASW,CE,Federal Contract Tower,0,26,0,0,26,0,118,14,0,132,0,144,14,0,158,4,0,4,162
12/24/2011,HUM,LA,ASW,CE,Federal Contract Tower,0,21,1,0,22,0,35,7,0,42,0,56,8,0,64,8,0,8,72
12/25/2011,HUM,LA,ASW,CE,Federal Contract Tower,0,23,0,0,23,0,17,0,0,17,0,40,0,0,40,0,0,0,40
12/26/2011,HUM,LA,ASW,CE,Federal Contract Tower,0,0,4,0,4,0,0,0,0,0,0,0,4,0,4,0,0,0,4
12/27/2011,HUM,LA,ASW,CE,Federal Contract Tower,0,12,11,0,23,0,168,17,0,185,0,180,28,0,208,6,0,6,214
12/28/2011,HUM,LA,ASW,CE,Federal Contract Tower,0,8,13,0,21,0,218,41,0,259,0,226,54,0,280,42,0,42,322
12/29/2011,HUM,LA,ASW,CE,Federal Contract Tower,0,9,9,0,18,0,160,32,0,192,0,169,41,0,210,28,0,28,238
12/30/2011,HUM,LA,ASW,CE,Federal Contract Tower,0,15,23,0,38,0,80,29,0,109,0,95,52,0,147,16,0,16,163
12/31/2011,HUM,LA,ASW,CE,Federal Contract Tower,0,13,6,0,19,0,47,5,0,52,0,60,11,0,71,0,0,0,71
01/01/2012,HUM,LA,ASW,CE,Federal Contract Tower,0,14,15,0,29,0,0,0,0,0,0,14,15,0,29,0,0,0,29
01/02/2012,HUM,LA,ASW,CE,Federal Contract Tower,0,13,14,0,27,0,99,32,0,131,0,112,46,0,158,40,0,40,198
01/03/2012,HUM,LA,ASW,CE,Federal Contract Tower,0,7,8,2,17,0,136,28,0,164,0,143,36,2,181,24,0,24,205
01/04/2012,HUM,LA,ASW,CE,Federal Contract Tower,0,10,40,0,50,0,176,26,0,202,0,186,66,0,252,0,0,0,252
01/05/2012,HUM,LA,ASW,CE,Federal Contract Tower,0,23,10,0,33,0,138,32,0,170,0,161,42,0,203,28,0,28,231
01/06/2012,HUM,LA,ASW,CE,Federal Contract Tower,0,23,19,0,42,0,122,28,0,150,0,145,47,0,192,6,0,6,198
01/07/2012,HUM,LA,ASW,CE,Federal Contract Tower,0,9,12,0,21,0,95,12,0,107,0,104,24,0,128,0,0,0,128
01/08/2012,HUM,LA,ASW,CE,Federal Contract Tower,0,10,7,0,17,0,113,7,0,120,0,123,14,0,137,10,0,10,147
01/09/2012,HUM,LA,ASW,CE,Federal Contract Tower,0,18,9,0,27,0,0,0,0,0,0,18,9,0,27,22,0,22,49
01/10/2012,HUM,LA,ASW,CE,Federal Contract Tower,0,45,23,0,68,0,79,10,0,89,0,124,33,0,157,0,0,0,157
01/11/2012,HUM,LA,ASW,CE,Federal Contract Tower,0,9,21,0,30,0,230,33,0,263,0,239,54,0,293,4,0,4,297
01/12/2012,HUM,LA,ASW,CE,Federal Contract Tower,0,15,12,1,28,0,104,36,0,140,0,119,48,1,168,6,0,6,174
01/13/2012,HUM,LA,ASW,CE,Federal Contract Tower,0,13,14,0,27,0,121,25,0,146,0,134,39,0,173,16,0,16,189
01/14/2012,HUM,LA,ASW,CE,Federal Contract Tower,0,3,3,0,6,0,93,31,0,124,0,96,34,0,130,16,0,16,146
01/15/2012,HUM,LA,ASW,CE,Federal Contract Tower,0,6,12,0,18,0,96,23,0,119,0,102,35,0,137,20,0,20,157
01/16/2012,HUM,LA,ASW,CE,Federal Contract Tower,0,9,8,0,17,0,133,15,0,148,0,142,23,0,165,0,0,0,165
01/17/2012,HUM,LA,ASW,CE,Federal Contract Tower,0,27,18,2,47,0,122,16,2,140,0,149,34,4,187,14,0,14,201
01/18/2012,HUM,LA,ASW,CE,Federal Contract Tower,0,18,19,0,37,0,184,40,3,227,0,202,59,3,264,36,0,36,300
01/19/2012,HUM,LA,ASW,CE,Federal Contract Tower,0,13,22,0,35,0,143,26,0,169,0,156,48,0,204,20,0,20,224
01/20/2012,HUM,LA,ASW,CE,Federal Contract Tower,0,54,10,0,64,0,89,16,0,105,0,143,26,0,169,22,0,22,191
01/21/2012,HUM,LA,ASW,CE,Federal Contract Tower,0,26,1,0,27,0,33,7,0,40,0,59,8,0,67,0,0,0,67
01/22/2012,HUM,LA,ASW,CE,Federal Contract Tower,0,43,13,0,56,0,29,3,0,32,0,72,16,0,88,0,0,0,88
01/23/2012,HUM,LA,ASW,CE,Federal Contract Tower,0,25,12,0,37,0,72,30,0,102,0,97,42,0,139,4,0,4,143
01/24/2012,HUM,LA,ASW,CE,Federal Contract Tower,0,52,19,0,71,0,79,12,1,92,0,131,31,1,163,8,0,8,171
01/25/2012,HUM,LA,ASW,CE,Federal Contract Tower,0,44,8,0,52,0,156,6,0,162,0,200,14,0,214,0,0,0,214
01/26/2012,HUM,LA,ASW,CE,Federal Contract Tower,0,24,13,0,37,0,103,8,0,111,0,127,21,0,148,6,0,6,154
01/27/2012,HUM,LA,ASW,CE,Federal Contract Tower,0,13,11,0,24,0,110,47,0,157,0,123,58,0,181,42,0,42,223
01/28/2012,HUM,LA,ASW,CE,Federal Contract Tower,0,6,5,0,11,0,93,31,0,124,0,99,36,0,135,2,0,2,137
01/29/2012,HUM,LA,ASW,CE,Federal Contract Tower,0,4,17,0,21,0,102,36,2,140,0,106,53,2,161,4,0,4,165
01/30/2012,HUM,LA,ASW,CE,Federal Contract Tower,0,21,1,0,22,0,114,42,0,156,0,135,43,0,178,22,0,22,200
01/31/2012,HUM,LA,ASW,CE,Federal Contract Tower,0,29,14,0,43,0,132,31,0,163,0,161,45,0,206,4,0,4,210
02/01/2012,HUM,LA,ASW,CE,Federal Contract Tower,0,93,15,0,108,0,19,3,0,22,0,112,18,0,130,0,0,0,130
02/02/2012,HUM,LA,ASW,CE,Federal Contract Tower,0,44,18,0,62,0,75,14,0,89,0,119,32,0,151,16,0,16,167
02/03/2012,HUM,LA,ASW,CE,Federal Contract Tower,0,36,12,0,48,0,99,6,0,105,0,135,18,0,153,0,0,0,153
02/04/2012,HUM,LA,ASW,CE,Federal Contract Tower,0,13,3,0,16,0,55,4,0,59,0,68,7,0,75,4,0,4,79
02/05/2012,HUM,LA,ASW,CE,Federal Contract Tower,0,48,4,0,52,0,0,5,0,5,0,48,9,0,57,0,0,0,57
02/06/2012,HUM,LA,ASW,CE,Federal Contract Tower,0,24,13,0,37,0,119,35,0,154,0,143,48,0,191,12,0,12,203
02/07/2012,HUM,LA,ASW,CE,Federal Contract Tower,0,14,9,0,23,0,156,35,0,191,0,170,44,0,214,34,0,34,248
02/08/2012,HUM,LA,ASW,CE,Federal Contract Tower,0,17,12,0,29,0,213,28,0,241,0,230,40,0,270,2,0,2,272
02/09/2012,HUM,LA,ASW,CE,Federal Contract Tower,0,21,11,2,34,0,148,30,0,178,0,169,41,2,212,0,0,0,212
02/10/2012,HUM,LA,ASW,CE,Federal Contract Tower,0,25,10,0,35,0,91,8,0,99,0,116,18,0,134,0,0,0,134
02/11/2012,HUM,LA,ASW,CE,Federal Contract Tower,0,3,8,0,11,0,113,32,0,145,0,116,40,0,156,14,0,14,170
02/12/2012,HUM,LA,ASW,CE,Federal Contract Tower,0,3,12,0,15,0,118,29,0,147,0,121,41,0,162,0,0,0,162
02/13/2012,HUM,LA,ASW,CE,Federal Contract Tower,0,11,18,0,29,0,124,26,0,150,0,135,44,0,179,0,0,0,179
02/14/2012,HUM,LA,ASW,CE,Federal Contract Tower,0,35,9,0,44,0,141,34,0,175,0,176,43,0,219,22,0,22,241
02/15/2012,HUM,LA,ASW,CE,Federal Contract Tower,0,70,13,0,83,0,130,10,0,140,0,200,23,0,223,0,0,0,223
02/16/2012,HUM,LA,ASW,CE,Federal Contract Tower,0,47,15,2,64,0,16,24,0,40,0,63,39,2,104,0,0,0,104
02/17/2012,HUM,LA,ASW,CE,Federal Contract Tower,0,47,20,0,67,0,109,19,0,128,0,156,39,0,195,4,0,4,199
02/18/2012,HUM,LA,ASW,CE,Federal Contract Tower,0,20,3,0,23,0,11,0,0,11,0,31,3,0,34,0,0,0,34
02/19/2012,HUM,LA,ASW,CE,Federal Contract Tower,0,14,13,0,27,0,108,5,0,113,0,122,18,0,140,8,0,8,148
02/20/2012,HUM,LA,ASW,CE,Federal Contract Tower,0,10,9,0,19,0,129,29,0,158,0,139,38,0,177,16,0,16,193
02/21/2012,HUM,LA,ASW,CE,Federal Contract Tower,0,8,15,0,23,0,125,18,0,143,0,133,33,0,166,4,0,4,170
02/22/2012,HUM,LA,ASW,CE,Federal Contract Tower,0,70,7,0,77,0,140,10,0,150,0,210,17,0,227,0,0,0,227
02/23/2012,HUM,LA,ASW,CE,Federal Contract Tower,0,72,13,0,85,0,82,5,0,87,0,154,18,0,172,0,0,0,172
02/24/2012,HUM,LA,ASW,CE,Federal Contract Tower,0,31,12,0,43,0,100,13,0,113,0,131,25,0,156,4,0,4,160
02/25/2012,HUM,LA,ASW,CE,Federal Contract Tower,0,8,5,0,13,0,93,11,0,104,0,101,16,0,117,0,0,0,117
02/26/2012,HUM,LA,ASW,CE,Federal Contract Tower,0,21,14,0,35,0,76,17,0,93,0,97,31,0,128,0,0,0,128
02/27/2012,HUM,LA,ASW,CE,Federal Contract Tower,0,47,10,0,57,0,0,0,0,0,0,47,10,0,57,0,0,0,57
02/28/2012,HUM,LA,ASW,CE,Federal Contract Tower,0,41,16,0,57,0,68,12,2,82,0,109,28,2,139,10,0,10,149
02/29/2012,HUM,LA,ASW,CE,Federal Contract Tower,0,75,15,0,90,0,82,24,0,106,0,157,39,0,196,8,0,8,204
03/01/2012,HUM,LA,ASW,CE,Federal Contract Tower,0,78,22,0,100,0,44,12,0,56,0,122,34,0,156,8,0,8,164
03/02/2012,HUM,LA,ASW,CE,Federal Contract Tower,0,46,11,2,59,0,109,21,0,130,0,155,32,2,189,0,0,0,189
03/03/2012,HUM,LA,ASW,CE,Federal Contract Tower,0,18,4,0,22,0,42,2,0,44,0,60,6,0,66,4,0,4,70
03/04/2012,HUM,LA,ASW,CE,Federal Contract Tower,0,4,10,0,14,0,97,23,0,120,0,101,33,0,134,0,0,0,134
03/05/2012,HUM,LA,ASW,CE,Federal Contract Tower,0,5,10,0,15,0,137,29,0,166,0,142,39,0,181,4,0,4,185
03/06/2012,HUM,LA,ASW,CE,Federal Contract Tower,0,18,12,0,30,0,143,44,0,187,0,161,56,0,217,12,0,12,229
03/07/2012,HUM,LA,ASW,CE,Federal Contract Tower,0,12,15,0,27,0,161,31,0,192,0,173,46,0,219,0,0,0,219
03/08/2012,HUM,LA,ASW,CE,Federal Contract Tower,0,85,16,0,101,0,96,4,0,100,0,181,20,0,201,0,0,0,201
03/09/2012,HUM,LA,ASW,CE,Federal Contract Tower,0,44,11,0,55,0,40,2,0,42,0,84,13,0,97,12,0,12,109
03/10/2012,HUM,LA,ASW,CE,Federal Contract Tower,0,11,4,0,15,0,84,19,0,103,0,95,23,0,118,12,0,12,130
03/11/2012,HUM,LA,ASW,CE,Federal Contract Tower,0,17,8,0,25,0,88,5,0,93,0,105,13,0,118,0,0,0,118
03/12/2012,HUM,LA,ASW,CE,Federal Contract Tower,0,50,13,0,63,0,64,9,0,73,0,114,22,0,136,0,0,0,136
03/13/2012,HUM,LA,ASW,CE,Federal Contract Tower,0,50,12,0,62,0,81,21,0,102,0,131,33,0,164,14,0,14,178
03/14/2012,HUM,LA,ASW,CE,Federal Contract Tower,0,50,21,0,71,0,116,22,0,138,0,166,43,0,209,0,0,0,209
03/15/2012,HUM,LA,ASW,CE,Federal Contract Tower,0,21,14,0,35,0,142,41,0,183,0,163,55,0,218,20,0,20,238
03/16/2012,HUM,LA,ASW,CE,Federal Contract Tower,0,30,18,0,48,0,96,30,0,126,0,126,48,0,174,20,0,20,194
03/17/2012,HUM,LA,ASW,CE,Federal Contract Tower,0,8,7,0,15,0,80,25,2,107,0,88,32,2,122,18,0,18,140
03/18/2012,HUM,LA,ASW,CE,Federal Contract Tower,0,15,14,0,29,0,93,21,0,114,0,108,35,0,143,0,0,0,143
03/19/2012,HUM,LA,ASW,CE,Federal Contract Tower,0,21,13,0,34,0,128,29,0,157,0,149,42,0,191,0,0,0,191
03/20/2012,HUM,LA,ASW,CE,Federal Contract Tower,0,26,13,0,39,0,104,4,0,108,0,130,17,0,147,0,0,0,147
03/21/2012,HUM,LA,ASW,CE,Federal Contract Tower,0,48,12,0,60,0,63,4,0,67,0,111,16,0,127,0,0,0,127
03/22/2012,HUM,LA,ASW,CE,Federal Contract Tower,0,36,9,0,45,0,96,8,0,104,0,132,17,0,149,0,0,0,149
03/23/2012,HUM,LA,ASW,CE,Federal Contract Tower,0,20,23,4,47,0,119,40,1,160,0,139,63,5,207,8,0,8,215
03/24/2012,HUM,LA,ASW,CE,Federal Contract Tower,0,18,7,0,25,0,109,30,0,139,0,127,37,0,164,8,0,8,172
03/25/2012,HUM,LA,ASW,CE,Federal Contract Tower,0,7,17,0,24,0,95,28,0,123,0,102,45,0,147,22,0,22,169
03/26/2012,HUM,LA,ASW,CE,Federal Contract Tower,0,10,12,0,22,0,145,36,0,181,0,155,48,0,203,6,0,6,209
03/27/2012,HUM,LA,ASW,CE,Federal Contract Tower,0,13,19,0,32,0,127,44,0,171,0,140,63,0,203,0,0,0,203
03/28/2012,HUM,LA,ASW,CE,Federal Contract Tower,0,20,6,0,26,0,183,35,0,218,0,203,41,0,244,0,0,0,244
03/29/2012,HUM,LA,ASW,CE,Federal Contract Tower,0,32,15,0,47,0,130,33,0,163,0,162,48,0,210,22,0,22,232
03/30/2012,HUM,LA,ASW,CE,Federal Contract Tower,0,20,17,0,37,0,139,27,0,166,0,159,44,0,203,0,0,0,203
03/31/2012,HUM,LA,ASW,CE,Federal Contract Tower,0,11,8,0,19,0,72,29,0,101,0,83,37,0,120,30,0,30,150
04/01/2012,HUM,LA,ASW,CE,Federal Contract Tower,0,15,11,0,26,0,93,16,0,109,0,108,27,0,135,2,0,2,137
04/02/2012,HUM,LA,ASW,CE,Federal Contract Tower,0,23,13,0,36,0,131,27,0,158,0,154,40,0,194,0,0,0,194
04/03/2012,HUM,LA,ASW,CE,Federal Contract Tower,0,20,19,0,39,0,139,31,0,170,0,159,50,0,209,14,0,14,223
04/04/2012,HUM,LA,ASW,CE,Federal Contract Tower,0,8,8,0,16,0,111,25,0,136,0,119,33,0,152,0,0,0,152
04/05/2012,HUM,LA,ASW,CE,Federal Contract Tower,0,31,26,0,57,0,170,30,0,200,0,201,56,0,257,0,0,0,257
04/06/2012,HUM,LA,ASW,CE,Federal Contract Tower,0,7,4,0,11,0,135,32,0,167,0,142,36,0,178,38,2,40,218
04/07/2012,HUM,LA,ASW,CE,Federal Contract Tower,0,6,9,0,15,0,69,33,0,102,0,75,42,0,117,16,0,16,133
04/08/2012,HUM,LA,ASW,CE,Federal Contract Tower,0,6,9,0,15,0,65,14,0,79,0,71,23,0,94,0,0,0,94
04/09/2012,HUM,LA,ASW,CE,Federal Contract Tower,0,15,18,0,33,0,142,57,0,199,0,157,75,0,232,34,0,34,266
04/10/2012,HUM,LA,ASW,CE,Federal Contract Tower,0,21,12,0,33,0,151,48,0,199,0,172,60,0,232,0,0,0,232
04/11/2012,HUM,LA,ASW,CE,Federal Contract Tower,0,16,23,0,39,0,161,38,0,199,0,177,61,0,238,6,0,6,244
04/12/2012,HUM,LA,ASW,CE,Federal Contract Tower,0,10,12,0,22,0,157,32,0,189,0,167,44,0,211,8,0,8,219
04/13/2012,HUM,LA,ASW,CE,Federal Contract Tower,0,12,19,0,31,0,140,29,0,169,0,152,48,0,200,20,0,20,220
04/14/2012,HUM,LA,ASW,CE,Federal Contract Tower,0,2,8,0,10,0,81,26,0,107,0,83,34,0,117,16,0,16,133
04/15/2012,HUM,LA,ASW,CE,Federal Contract Tower,0,16,9,0,25,0,96,25,0,121,0,112,34,0,146,16,0,16,162
04/16/2012,HUM,LA,ASW,CE,Federal Contract Tower,0,19,4,0,23,0,134,18,0,152,0,153,22,0,175,0,0,0,175
04/17/2012,HUM,LA,ASW,CE,Federal Contract Tower,0,30,12,0,42,0,107,26,0,133,0,137,38,0,175,0,0,0,175
04/18/2012,HUM,LA,ASW,CE,Federal Contract Tower,0,45,17,0,62,0,166,44,0,210,0,211,61,0,272,0,0,0,272
04/19/2012,HUM,LA,ASW,CE,Federal Contract Tower,0,2,19,0,21,0,178,53,2,233,0,180,72,2,254,18,0,18,272
04/20/2012,HUM,LA,ASW,CE,Federal Contract Tower,0,11,16,0,27,0,113,57,2,172,0,124,73,2,199,16,0,16,215
04/21/2012,HUM,LA,ASW,CE,Federal Contract Tower,0,25,7,0,32,0,40,0,0,40,0,65,7,0,72,0,0,0,72
04/22/2012,HUM,LA,ASW,CE,Federal Contract Tower,0,14,17,0,31,0,107,33,0,140,0,121,50,0,171,10,0,10,181
04/23/2012,HUM,LA,ASW,CE,Federal Contract Tower,0,3,13,0,16,0,118,42,4,164,0,121,55,4,180,4,0,4,184
04/24/2012,HUM,LA,ASW,CE,Federal Contract Tower,0,10,16,0,26,0,131,40,0,171,0,141,56,0,197,36,0,36,233
04/25/2012,HUM,LA,ASW,CE,Federal Contract Tower,0,11,13,0,24,0,176,48,16,240,0,187,61,16,264,10,0,10,274
04/26/2012,HUM,LA,ASW,CE,Federal Contract Tower,0,13,23,0,36,0,172,45,1,218,0,185,68,1,254,4,0,4,258
04/27/2012,HUM,LA,ASW,CE,Federal Contract Tower,0,8,11,0,19,0,134,52,0,186,0,142,63,0,205,14,0,14,219
04/28/2012,HUM,LA,ASW,CE,Federal Contract Tower,0,9,8,0,17,0,110,17,0,127,0,119,25,0,144,14,0,14,158
04/29/2012,HUM,LA,ASW,CE,Federal Contract Tower,0,24,14,0,38,0,66,33,0,99,0,90,47,0,137,42,0,42,179
04/30/2012,HUM,LA,ASW,CE,Federal Contract Tower,0,22,14,0,36,0,122,31,0,153,0,144,45,0,189,54,0,54,243
05/01/2012,HUM,LA,ASW,CE,Federal Contract Tower,0,22,14,0,36,0,140,43,4,187,0,162,57,4,223,4,0,4,227
05/02/2012,HUM,LA,ASW,CE,Federal Contract Tower,0,36,17,0,53,0,160,20,0,180,0,196,37,0,233,0,0,0,233
05/03/2012,HUM,LA,ASW,CE,Federal Contract Tower,0,24,12,2,38,0,169,50,0,219,0,193,62,2,257,20,0,20,277
05/04/2012,HUM,LA,ASW,CE,Federal Contract Tower,0,27,14,1,42,0,123,52,10,185,0,150,66,11,227,8,0,8,235
05/05/2012,HUM,LA,ASW,CE,Federal Contract Tower,0,12,12,0,24,0,90,49,0,139,0,102,61,0,163,66,0,66,229
05/06/2012,HUM,LA,ASW,CE,Federal Contract Tower,0,6,9,0,15,0,89,20,0,109,0,95,29,0,124,6,0,6,130
05/07/2012,HUM,LA,ASW,CE,Federal Contract Tower,0,23,9,0,32,0,122,41,0,163,0,145,50,0,195,40,0,40,235
05/08/2012,HUM,LA,ASW,CE,Federal Contract Tower,0,34,17,4,55,0,135,47,0,182,0,169,64,4,237,34,0,34,271
05/09/2012,HUM,LA,ASW,CE,Federal Contract Tower,0,37,11,0,48,0,183,48,0,231,0,220,59,0,279,18,0,18,297
05/10/2012,HUM,LA,ASW,CE,Federal Contract Tower,0,10,12,0,22,0,149,53,0,202,0,159,65,0,224,4,0,4,228
05/11/2012,HUM,LA,ASW,CE,Federal Contract Tower,0,8,16,0,24,0,29,9,0,38,0,37,25,0,62,0,0,0,62
05/12/2012,HUM,LA,ASW,CE,Federal Contract Tower,0,28,7,0,35,0,44,4,0,48,0,72,11,0,83,0,0,0,83
05/13/2012,HUM,LA,ASW,CE,Federal Contract Tower,0,34,9,0,43,0,75,4,0,79,0,109,13,0,122,0,0,0,122
05/14/2012,HUM,LA,ASW,CE,Federal Contract Tower,0,18,12,0,30,0,139,46,0,185,0,157,58,0,215,2,0,2,217
05/15/2012,HUM,LA,ASW,CE,Federal Contract Tower,0,15,19,0,34,0,152,51,0,203,0,167,70,0,237,16,0,16,253
05/16/2012,HUM,LA,ASW,CE,Federal Contract Tower,0,25,19,0,44,0,167,29,0,196,0,192,48,0,240,0,0,0,240
05/17/2012,HUM,LA,ASW,CE,Federal Contract Tower,0,8,13,0,21,0,177,51,0,228,0,185,64,0,249,20,0,20,269
05/18/2012,HUM,LA,ASW,CE,Federal Contract Tower,0,19,17,0,36,0,152,39,0,191,0,171,56,0,227,8,0,8,235
05/19/2012,HUM,LA,ASW,CE,Federal Contract Tower,0,11,5,0,16,0,101,20,0,121,0,112,25,0,137,6,0,6,143
05/20/2012,HUM,LA,ASW,CE,Federal Contract Tower,0,9,15,0,24,0,103,23,0,126,0,112,38,0,150,10,0,10,160
05/21/2012,HUM,LA,ASW,CE,Federal Contract Tower,0,14,14,0,28,0,0,0,0,0,0,14,14,0,28,32,0,32,60
05/22/2012,HUM,LA,ASW,CE,Federal Contract Tower,0,9,14,2,25,0,165,40,2,207,0,174,54,4,232,20,0,20,252
05/23/2012,HUM,LA,ASW,CE,Federal Contract Tower,0,30,6,0,36,0,196,30,0,226,0,226,36,0,262,18,0,18,280
05/24/2012,HUM,LA,ASW,CE,Federal Contract Tower,0,19,20,0,39,0,171,42,0,213,0,190,62,0,252,32,0,32,284
05/25/2012,HUM,LA,ASW,CE,Federal Contract Tower,0,12,11,0,23,0,163,53,0,216,0,175,64,0,239,2,0,2,241
05/26/2012,HUM,LA,ASW,CE,Federal Contract Tower,0,13,7,0,20,0,100,17,0,117,0,113,24,0,137,2,0,2,139
05/27/2012,HUM,LA,ASW,CE,Federal Contract Tower,0,23,7,0,30,0,92,20,0,112,0,115,27,0,142,8,0,8,150
05/28/2012,HUM,LA,ASW,CE,Federal Contract Tower,0,15,15,0,30,0,92,33,0,125,0,107,48,0,155,2,0,2,157
05/29/2012,HUM,LA,ASW,CE,Federal Contract Tower,0,25,13,0,38,0,159,41,2,202,0,184,54,2,240,34,0,34,274
05/30/2012,HUM,LA,ASW,CE,Federal Contract Tower,0,25,5,0,30,0,190,44,0,234,0,215,49,0,264,40,0,40,304
05/31/2012,HUM,LA,ASW,CE,Federal Contract Tower,0,21,14,0,35,0,168,46,0,214,0,189,60,0,249,14,0,14,263
06/01/2012,HUM,LA,ASW,CE,Federal Contract Tower,0,16,17,0,33,0,115,24,4,143,0,131,41,4,176,0,0,0,176
06/02/2012,HUM,LA,ASW,CE,Federal Contract Tower,0,2,5,0,7,0,82,34,0,116,0,84,39,0,123,6,0,6,129
06/03/2012,HUM,LA,ASW,CE,Federal Contract Tower,0,13,11,0,24,0,126,19,0,145,0,139,30,0,169,24,0,24,193
06/04/2012,HUM,LA,ASW,CE,Federal Contract Tower,0,24,9,0,33,0,158,33,0,191,0,182,42,0,224,6,0,6,230
06/05/2012,HUM,LA,ASW,CE,Federal Contract Tower,0,39,12,0,51,0,171,40,0,211,0,210,52,0,262,8,0,8,270
06/06/2012,HUM,LA,ASW,CE,Federal Contract Tower,0,29,10,0,39,0,218,49,1,268,0,247,59,1,307,28,0,28,335
06/07/2012,HUM,LA,ASW,CE,Federal Contract Tower,0,31,16,0,47,0,156,42,0,198,0,187,58,0,245,12,0,12,257
06/08/2012,HUM,LA,ASW,CE,Federal Contract Tower,0,30,16,0,46,0,66,31,0,97,0,96,47,0,143,22,0,22,165
06/09/2012,HUM,LA,ASW,CE,Federal Contract Tower,0,10,1,0,11,0,79,9,0,88,0,89,10,0,99,0,0,0,99
06/10/2012,HUM,LA,ASW,CE,Federal Contract Tower,0,15,16,0,31,0,52,13,2,67,0,67,29,2,98,2,0,2,100
06/11/2012,HUM,LA,ASW,CE,Federal Contract Tower,0,38,11,0,49,0,146,35,0,181,0,184,46,0,230,24,0,24,254
06/12/2012,HUM,LA,ASW,CE,Federal Contract Tower,0,25,15,0,40,0,161,46,0,207,0,186,61,0,247,2,0,2,249
06/13/2012,HUM,LA,ASW,CE,Federal Contract Tower,0,32,14,0,46,0,180,43,0,223,0,212,57,0,269,6,0,6,275
06/14/2012,HUM,LA,ASW,CE,Federal Contract Tower,0,28,14,0,42,0,152,41,0,193,0,180,55,0,235,0,0,0,235
06/15/2012,HUM,LA,ASW,CE,Federal Contract Tower,0,19,16,0,35,0,153,61,0,214,0,172,77,0,249,8,0,8,257
06/16/2012,HUM,LA,ASW,CE,Federal Contract Tower,0,11,8,0,19,0,94,32,0,126,0,105,40,0,145,28,0,28,173
06/17/2012,HUM,LA,ASW,CE,Federal Contract Tower,0,20,19,0,39,0,66,11,0,77,0,86,30,0,116,6,0,6,122
06/18/2012,HUM,LA,ASW,CE,Federal Contract Tower,0,32,32,0,64,0,133,32,0,165,0,165,64,0,229,14,0,14,243
06/19/2012,HUM,LA,ASW,CE,Federal Contract Tower,0,26,15,0,41,0,155,52,0,207,0,181,67,0,248,18,0,18,266
06/20/2012,HUM,LA,ASW,CE,Federal Contract Tower,0,24,18,0,42,0,176,32,0,208,0,200,50,0,250,0,0,0,250
06/21/2012,HUM,LA,ASW,CE,Federal Contract Tower,0,26,11,0,37,0,138,44,0,182,0,164,55,0,219,2,0,2,221
06/22/2012,HUM,LA,ASW,CE,Federal Contract Tower,0,51,13,0,64,0,140,33,0,173,0,191,46,0,237,2,0,2,239
06/23/2012,HUM,LA,ASW,CE,Federal Contract Tower,0,53,14,0,67,0,166,13,0,179,0,219,27,0,246,0,0,0,246
06/24/2012,HUM,LA,ASW,CE,Federal Contract Tower,0,33,12,0,45,0,143,19,0,162,0,176,31,0,207,0,0,0,207
06/25/2012,HUM,LA,ASW,CE,Federal Contract Tower,0,12,15,0,27,0,174,44,0,218,0,186,59,0,245,22,0,22,267
06/26/2012,HUM,LA,ASW,CE,Federal Contract Tower,0,41,15,4,60,0,205,36,0,241,0,246,51,4,301,38,0,38,339
06/27/2012,HUM,LA,ASW,CE,Federal Contract Tower,0,22,27,0,49,0,226,47,0,273,0,248,74,0,322,0,0,0,322
06/28/2012,HUM,LA,ASW,CE,Federal Contract Tower,0,32,13,0,45,0,225,56,0,281,0,257,69,0,326,8,0,8,334
06/29/2012,HUM,LA,ASW,CE,Federal Contract Tower,0,23,12,0,35,0,169,33,0,202,0,192,45,0,237,4,0,4,241
06/30/2012,HUM,LA,ASW,CE,Federal Contract Tower,0,11,13,0,24,0,76,26,0,102,0,87,39,0,126,0,0,0,126
07/01/2012,HUM,LA,ASW,CE,Federal Contract Tower,0,12,10,0,22,0,80,28,0,108,0,92,38,0,130,6,0,6,136
07/02/2012,HUM,LA,ASW,CE,Federal Contract Tower,0,32,2,0,34,0,107,33,0,140,0,139,35,0,174,20,0,20,194
07/03/2012,HUM,LA,ASW,CE,Federal Contract Tower,0,32,24,0,56,0,193,48,0,241,0,225,72,0,297,18,0,18,315
07/04/2012,HUM,LA,ASW,CE,Federal Contract Tower,0,25,4,0,29,0,145,22,0,167,0,170,26,0,196,14,0,14,210
07/05/2012,HUM,LA,ASW,CE,Federal Contract Tower,0,30,10,0,40,0,162,25,0,187,0,192,35,0,227,16,0,16,243
07/06/2012,HUM,LA,ASW,CE,Federal Contract Tower,0,27,13,0,40,0,166,27,0,193,0,193,40,0,233,0,0,0,233
07/07/2012,HUM,LA,ASW,CE,Federal Contract Tower,0,8,4,0,12,0,87,10,0,97,0,95,14,0,109,6,0,6,115
07/08/2012,HUM,LA,ASW,CE,Federal Contract Tower,0,23,18,0,41,0,76,3,0,79,0,99,21,0,120,0,0,0,120
07/09/2012,HUM,LA,ASW,CE,Federal Contract Tower,0,27,14,0,41,0,106,23,0,129,0,133,37,0,170,6,0,6,176
07/10/2012,HUM,LA,ASW,CE,Federal Contract Tower,0,55,5,4,64,0,81,19,0,100,0,136,24,4,164,6,0,6,170
07/11/2012,HUM,LA,ASW,CE,Federal Contract Tower,0,40,8,1,49,0,180,25,0,205,0,220,33,1,254,0,0,0,254
07/12/2012,HUM,LA,ASW,CE,Federal Contract Tower,0,25,13,0,38,0,156,44,6,206,0,181,57,6,244,0,0,0,244
07/13/2012,HUM,LA,ASW,CE,Federal Contract Tower,0,33,11,0,44,0,81,23,0,104,0,114,34,0,148,0,0,0,148
07/14/2012,HUM,LA,ASW,CE,Federal Contract Tower,0,13,16,0,29,0,96,16,0,112,0,109,32,0,141,28,0,28,169
07/15/2012,HUM,LA,ASW,CE,Federal Contract Tower,0,10,13,0,23,0,75,17,2,94,0,85,30,2,117,10,0,10,127
07/16/2012,HUM,LA,ASW,CE,Federal Contract Tower,0,31,22,0,53,0,106,33,0,139,0,137,55,0,192,0,0,0,192
07/17/2012,HUM,LA,ASW,CE,Federal Contract Tower,0,20,10,2,32,0,166,47,1,214,0,186,57,3,246,12,0,12,258
07/18/2012,HUM,LA,ASW,CE,Federal Contract Tower,0,40,15,0,55,0,180,56,0,236,0,220,71,0,291,6,0,6,297
07/19/2012,HUM,LA,ASW,CE,Federal Contract Tower,0,40,15,0,55,0,143,29,0,172,0,183,44,0,227,0,0,0,227
07/20/2012,HUM,LA,ASW,CE,Federal Contract Tower,0,15,12,0,27,0,56,5,0,61,0,71,17,0,88,0,0,0,88
07/21/2012,HUM,LA,ASW,CE,Federal Contract Tower,0,40,4,0,44,0,88,4,0,92,0,128,8,0,136,0,0,0,136
07/22/2012,HUM,LA,ASW,CE,Federal Contract Tower,0,19,13,0,32,0,105,21,0,126,0,124,34,0,158,6,0,6,164
07/23/2012,HUM,LA,ASW,CE,Federal Contract Tower,0,28,5,0,33,0,0,0,0,0,0,28,5,0,33,0,0,0,33
07/24/2012,HUM,LA,ASW,CE,Federal Contract Tower,0,24,11,0,35,0,147,44,0,191,0,171,55,0,226,4,0,4,230
07/25/2012,HUM,LA,ASW,CE,Federal Contract Tower,0,26,30,0,56,0,169,29,0,198,0,195,59,0,254,0,0,0,254
07/26/2012,HUM,LA,ASW,CE,Federal Contract Tower,0,20,23,0,43,0,165,45,0,210,0,185,68,0,253,0,0,0,253
07/27/2012,HUM,LA,ASW,CE,Federal Contract Tower,0,16,9,0,25,0,127,32,0,159,0,143,41,0,184,8,0,8,192
07/28/2012,HUM,LA,ASW,CE,Federal Contract Tower,0,8,5,0,13,0,87,21,0,108,0,95,26,0,121,10,0,10,131
07/29/2012,HUM,LA,ASW,CE,Federal Contract Tower,0,13,19,0,32,0,79,28,0,107,0,92,47,0,139,2,0,2,141
07/30/2012,HUM,LA,ASW,CE,Federal Contract Tower,0,16,10,0,26,0,166,40,0,206,0,182,50,0,232,4,4,8,240
07/31/2012,HUM,LA,ASW,CE,Federal Contract Tower,0,29,11,0,40,0,185,32,0,217,0,214,43,0,257,16,0,16,273
08/01/2012,HUM,LA,ASW,CE,Federal Contract Tower,0,23,14,0,37,0,193,27,0,220,0,216,41,0,257,10,0,10,267
08/02/2012,HUM,LA,ASW,CE,Federal Contract Tower,0,18,21,0,39,0,150,23,0,173,0,168,44,0,212,0,0,0,212
08/03/2012,HUM,LA,ASW,CE,Federal Contract Tower,0,29,9,0,38,0,191,23,0,214,0,220,32,0,252,0,0,0,252
08/04/2012,HUM,LA,ASW,CE,Federal Contract Tower,0,12,9,0,21,0,86,8,0,94,0,98,17,0,115,8,0,8,123
08/05/2012,HUM,LA,ASW,CE,Federal Contract Tower,0,16,10,1,27,0,83,14,0,97,0,99,24,1,124,10,0,10,134
08/06/2012,HUM,LA,ASW,CE,Federal Contract Tower,0,21,7,0,28,0,174,31,2,207,0,195,38,2,235,18,0,18,253
08/07/2012,HUM,LA,ASW,CE,Federal Contract Tower,0,31,10,0,41,0,161,33,3,197,0,192,43,3,238,6,0,6,244
08/08/2012,HUM,LA,ASW,CE,Federal Contract Tower,0,25,15,0,40,0,225,19,9,253,0,250,34,9,293,14,0,14,307
08/09/2012,HUM,LA,ASW,CE,Federal Contract Tower,0,34,6,0,40,0,184,22,0,206,0,218,28,0,246,2,0,2,248
08/10/2012,HUM,LA,ASW,CE,Federal Contract Tower,0,29,6,0,35,0,144,31,1,176,0,173,37,1,211,12,0,12,223
08/11/2012,HUM,LA,ASW,CE,Federal Contract Tower,0,8,10,0,18,0,86,16,0,102,0,94,26,0,120,2,0,2,122
08/12/2012,HUM,LA,ASW,CE,Federal Contract Tower,0,17,16,0,33,0,91,26,0,117,0,108,42,0,150,18,0,18,168
08/13/2012,HUM,LA,ASW,CE,Federal Contract Tower,0,28,10,0,38,0,147,21,0,168,0,175,31,0,206,10,0,10,216
08/14/2012,HUM,LA,ASW,CE,Federal Contract Tower,0,38,9,0,47,0,176,31,0,207,0,214,40,0,254,8,0,8,262
08/15/2012,HUM,LA,ASW,CE,Federal Contract Tower,0,41,7,0,48,0,227,39,0,266,0,268,46,0,314,2,0,2,316
08/16/2012,HUM,LA,ASW,CE,Federal Contract Tower,0,30,20,0,50,0,183,29,0,212,0,213,49,0,262,0,0,0,262
08/17/2012,HUM,LA,ASW,CE,Federal Contract Tower,0,22,8,0,30,0,125,38,5,168,0,147,46,5,198,22,0,22,220
08/18/2012,HUM,LA,ASW,CE,Federal Contract Tower,0,5,6,0,11,0,68,2,1,71,0,73,8,1,82,0,0,0,82
08/19/2012,HUM,LA,ASW,CE,Federal Contract Tower,0,15,11,0,26,0,27,1,0,28,0,42,12,0,54,0,0,0,54
08/20/2012,HUM,LA,ASW,CE,Federal Contract Tower,0,13,6,0,19,0,84,35,0,119,0,97,41,0,138,0,0,0,138
08/21/2012,HUM,LA,ASW,CE,Federal Contract Tower,0,27,20,0,47,0,228,62,0,290,0,255,82,0,337,20,0,20,357
08/22/2012,HUM,LA,ASW,CE,Federal Contract Tower,0,46,9,0,55,0,196,31,0,227,0,242,40,0,282,24,0,24,306
08/23/2012,HUM,LA,ASW,CE,Federal Contract Tower,0,40,16,0,56,0,174,31,0,205,0,214,47,0,261,22,0,22,283
08/24/2012,HUM,LA,ASW,CE,Federal Contract Tower,0,43,22,2,67,0,171,39,0,210,0,214,61,2,277,40,0,40,317
08/25/2012,HUM,LA,ASW,CE,Federal Contract Tower,0,21,7,0,28,0,154,35,1,190,0,175,42,1,218,12,0,12,230
08/26/2012,HUM,LA,ASW,CE,Federal Contract Tower,0,27,11,0,38,0,178,21,0,199,0,205,32,0,237,8,0,8,245
08/27/2012,HUM,LA,ASW,CE,Federal Contract Tower,0,25,16,0,41,0,188,27,0,215,0,213,43,0,256,0,0,0,256
08/28/2012,HUM,LA,ASW,CE,Federal Contract Tower,0,0,0,0,0,0,0,0,0,0,0,0,0,0,0,0,0,0,0
08/29/2012,HUM,LA,ASW,CE,Federal Contract Tower,0,0,0,0,0,0,0,0,0,0,0,0,0,0,0,0,0,0,0
08/30/2012,HUM,LA,ASW,CE,Federal Contract Tower,0,5,10,0,15,0,52,15,2,69,0,57,25,2,84,0,0,0,84
08/31/2012,HUM,LA,ASW,CE,Federal Contract Tower,0,5,25,0,30,0,409,71,5,485,0,414,96,5,515,0,0,0,515
09/01/2012,HUM,LA,ASW,CE,Federal Contract Tower,0,10,8,0,18,0,276,47,2,325,0,286,55,2,343,0,0,0,343
09/02/2012,HUM,LA,ASW,CE,Federal Contract Tower,0,16,6,0,22,0,220,43,0,263,0,236,49,0,285,12,0,12,297
09/03/2012,HUM,LA,ASW,CE,Federal Contract Tower,0,24,12,0,36,0,181,35,0,216,0,205,47,0,252,12,0,12,264
09/04/2012,HUM,LA,ASW,CE,Federal Contract Tower,0,21,10,0,31,0,221,40,0,261,0,242,50,0,292,4,0,4,296
09/05/2012,HUM,LA,ASW,CE,Federal Contract Tower,0,36,11,0,47,0,199,40,0,239,0,235,51,0,286,90,0,90,376
09/06/2012,HUM,LA,ASW,CE,Federal Contract Tower,0,69,13,0,82,0,180,25,0,205,0,249,38,0,287,16,0,16,303
09/07/2012,HUM,LA,ASW,CE,Federal Contract Tower,0,30,14,0,44,0,194,44,0,238,0,224,58,0,282,112,0,112,394
09/08/2012,HUM,LA,ASW,CE,Federal Contract Tower,0,9,5,0,14,121,24,0,0,145,121,33,5,0,159,28,0,28,187
09/09/2012,HUM,LA,ASW,CE,Federal Contract Tower,0,12,3,0,15,0,135,32,0,167,0,147,35,0,182,0,0,0,182
09/10/2012,HUM,LA,ASW,CE,Federal Contract Tower,0,23,17,0,40,0,144,51,0,195,0,167,68,0,235,0,0,0,235
09/11/2012,HUM,LA,ASW,CE,Federal Contract Tower,0,31,15,0,46,0,182,37,2,221,0,213,52,2,267,2,0,2,269
09/12/2012,HUM,LA,ASW,CE,Federal Contract Tower,0,25,9,0,34,0,232,33,0,265,0,257,42,0,299,8,0,8,307
09/13/2012,HUM,LA,ASW,CE,Federal Contract Tower,0,24,27,0,51,0,160,23,2,185,0,184,50,2,236,0,0,0,236
09/14/2012,HUM,LA,ASW,CE,Federal Contract Tower,0,21,16,1,38,0,136,32,1,169,0,157,48,2,207,0,0,0,207
09/15/2012,HUM,LA,ASW,CE,Federal Contract Tower,0,9,11,0,20,0,114,21,0,135,0,123,32,0,155,2,0,2,157
09/16/2012,HUM,LA,ASW,CE,Federal Contract Tower,0,11,16,0,27,0,138,21,0,159,0,149,37,0,186,46,0,46,232
09/17/2012,HUM,LA,ASW,CE,Federal Contract Tower,0,55,8,0,63,0,79,3,0,82,0,134,11,0,145,0,0,0,145
09/18/2012,HUM,LA,ASW,CE,Federal Contract Tower,0,33,5,0,38,0,176,30,0,206,0,209,35,0,244,2,0,2,246
09/19/2012,HUM,LA,ASW,CE,Federal Contract Tower,0,32,15,0,47,0,192,26,1,219,0,224,41,1,266,12,12,24,290
09/20/2012,HUM,LA,ASW,CE,Federal Contract Tower,0,21,19,0,40,0,158,33,0,191,0,179,52,0,231,28,0,28,259
09/21/2012,HUM,LA,ASW,CE,Federal Contract Tower,0,19,18,0,37,0,140,30,0,170,0,159,48,0,207,12,0,12,219
09/22/2012,HUM,LA,ASW,CE,Federal Contract Tower,0,8,5,0,13,0,125,28,0,153,0,133,33,0,166,10,0,10,176
09/23/2012,HUM,LA,ASW,CE,Federal Contract Tower,0,9,12,0,21,0,99,25,0,124,0,108,37,0,145,10,0,10,155
09/24/2012,HUM,LA,ASW,CE,Federal Contract Tower,0,20,7,3,30,0,171,39,0,210,0,191,46,3,240,0,0,0,240
09/25/2012,HUM,LA,ASW,CE,Federal Contract Tower,0,38,11,0,49,0,167,32,3,202,0,205,43,3,251,18,0,18,269
09/26/2012,HUM,LA,ASW,CE,Federal Contract Tower,0,16,27,0,43,0,190,31,0,221,0,206,58,0,264,0,0,0,264
09/27/2012,HUM,LA,ASW,CE,Federal Contract Tower,0,30,18,0,48,0,153,31,0,184,0,183,49,0,232,2,0,2,234
09/28/2012,HUM,LA,ASW,CE,Federal Contract Tower,0,23,16,0,39,0,140,25,0,165,0,163,41,0,204,6,0,6,210
09/29/2012,HUM,LA,ASW,CE,Federal Contract Tower,0,32,5,0,37,0,8,2,0,10,0,40,7,0,47,0,0,0,47
09/30/2012,HUM,LA,ASW,CE,Federal Contract Tower,0,23,11,0,34,0,45,1,0,46,0,68,12,0,80,0,0,0,80
10/01/2012,HUM,LA,ASW,CE,Federal Contract Tower,0,37,10,0,47,0,105,18,2,125,0,142,28,2,172,0,0,0,172
10/02/2012,HUM,LA,ASW,CE,Federal Contract Tower,0,23,3,0,26,0,157,53,0,210,0,180,56,0,236,8,0,8,244
10/03/2012,HUM,LA,ASW,CE,Federal Contract Tower,0,13,21,0,34,0,198,34,0,232,0,211,55,0,266,10,0,10,276
10/04/2012,HUM,LA,ASW,CE,Federal Contract Tower,0,20,25,0,45,0,169,45,0,214,0,189,70,0,259,0,0,0,259
10/05/2012,HUM,LA,ASW,CE,Federal Contract Tower,0,28,10,0,38,0,147,33,0,180,0,175,43,0,218,0,0,0,218
10/06/2012,HUM,LA,ASW,CE,Federal Contract Tower,0,4,4,0,8,0,77,30,5,112,0,81,34,5,120,8,0,8,128
10/07/2012,HUM,LA,ASW,CE,Federal Contract Tower,0,23,15,0,38,0,69,11,0,80,0,92,26,0,118,0,0,0,118
10/08/2012,HUM,LA,ASW,CE,Federal Contract Tower,0,29,5,0,34,0,119,31,0,150,0,148,36,0,184,2,0,2,186
10/09/2012,HUM,LA,ASW,CE,Federal Contract Tower,0,28,9,0,37,0,135,41,0,176,0,163,50,0,213,16,0,16,229
10/10/2012,HUM,LA,ASW,CE,Federal Contract Tower,0,21,18,6,45,0,148,31,0,179,0,169,49,6,224,0,0,0,224
10/11/2012,HUM,LA,ASW,CE,Federal Contract Tower,0,31,14,0,45,0,169,38,0,207,0,200,52,0,252,4,0,4,256
10/12/2012,HUM,LA,ASW,CE,Federal Contract Tower,0,26,16,0,42,0,119,40,0,159,0,145,56,0,201,22,0,22,223
10/13/2012,HUM,LA,ASW,CE,Federal Contract Tower,0,28,9,0,37,0,90,21,0,111,0,118,30,0,148,6,0,6,154
10/14/2012,HUM,LA,ASW,CE,Federal Contract Tower,0,14,11,0,25,0,102,25,0,127,0,116,36,0,152,10,0,10,162
10/15/2012,HUM,LA,ASW,CE,Federal Contract Tower,0,46,7,0,53,0,108,29,0,137,0,154,36,0,190,8,0,8,198
10/16/2012,HUM,LA,ASW,CE,Federal Contract Tower,0,23,11,2,36,0,168,44,4,216,0,191,55,6,252,2,0,2,254
10/17/2012,HUM,LA,ASW,CE,Federal Contract Tower,0,36,16,0,52,0,141,25,0,166,0,177,41,0,218,0,0,0,218
10/18/2012,HUM,LA,ASW,CE,Federal Contract Tower,0,25,11,0,36,0,151,24,0,175,0,176,35,0,211,4,0,4,215
10/19/2012,HUM,LA,ASW,CE,Federal Contract Tower,0,19,15,0,34,0,138,43,0,181,0,157,58,0,215,0,0,0,215
10/20/2012,HUM,LA,ASW,CE,Federal Contract Tower,0,6,7,0,13,0,68,107,0,175,0,74,114,0,188,4,0,4,192
10/21/2012,HUM,LA,ASW,CE,Federal Contract Tower,0,6,14,0,20,0,72,41,0,113,0,78,55,0,133,4,0,4,137
10/22/2012,HUM,LA,ASW,CE,Federal Contract Tower,0,28,4,0,32,0,141,27,0,168,0,169,31,0,200,8,0,8,208
10/23/2012,HUM,LA,ASW,CE,Federal Contract Tower,0,31,5,0,36,0,133,41,0,174,0,164,46,0,210,4,0,4,214
10/24/2012,HUM,LA,ASW,CE,Federal Contract Tower,0,28,11,0,39,0,179,35,0,214,0,207,46,0,253,0,0,0,253
10/25/2012,HUM,LA,ASW,CE,Federal Contract Tower,0,20,15,0,35,0,159,25,0,184,0,179,40,0,219,0,0,0,219
10/26/2012,HUM,LA,ASW,CE,Federal Contract Tower,0,33,16,0,49,0,79,22,0,101,0,112,38,0,150,6,0,6,156
10/27/2012,HUM,LA,ASW,CE,Federal Contract Tower,0,22,8,0,30,0,81,8,0,89,0,103,16,0,119,24,0,24,143
10/28/2012,HUM,LA,ASW,CE,Federal Contract Tower,0,13,13,0,26,0,81,15,0,96,0,94,28,0,122,12,0,12,134
10/29/2012,HUM,LA,ASW,CE,Federal Contract Tower,0,19,9,0,28,0,143,24,0,167,0,162,33,0,195,8,0,8,203
10/30/2012,HUM,LA,ASW,CE,Federal Contract Tower,0,17,11,0,28,0,162,42,0,204,0,179,53,0,232,10,0,10,242
10/31/2012,HUM,LA,ASW,CE,Federal Contract Tower,0,12,4,0,16,0,175,31,0,206,0,187,35,0,222,0,0,0,222
11/01/2012,HUM,LA,ASW,CE,Federal Contract Tower,0,24,20,1,45,0,150,41,0,191,0,174,61,1,236,18,0,18,254
11/02/2012,HUM,LA,ASW,CE,Federal Contract Tower,0,28,13,0,41,0,126,28,0,154,0,154,41,0,195,6,0,6,201
11/03/2012,HUM,LA,ASW,CE,Federal Contract Tower,0,12,14,0,26,0,87,25,0,112,0,99,39,0,138,26,0,26,164
11/04/2012,HUM,LA,ASW,CE,Federal Contract Tower,0,15,9,0,24,0,65,13,0,78,0,80,22,0,102,0,0,0,102
11/05/2012,HUM,LA,ASW,CE,Federal Contract Tower,0,40,9,0,49,0,0,0,0,0,0,40,9,0,49,16,0,16,65
11/06/2012,HUM,LA,ASW,CE,Federal Contract Tower,0,61,14,0,75,0,96,22,0,118,0,157,36,0,193,0,0,0,193
11/07/2012,HUM,LA,ASW,CE,Federal Contract Tower,0,23,10,0,33,0,176,26,0,202,0,199,36,0,235,8,0,8,243
11/08/2012,HUM,LA,ASW,CE,Federal Contract Tower,0,15,13,2,30,0,130,29,0,159,0,145,42,2,189,6,0,6,195
11/09/2012,HUM,LA,ASW,CE,Federal Contract Tower,0,15,13,0,28,0,177,34,0,211,0,192,47,0,239,18,0,18,257
11/10/2012,HUM,LA,ASW,CE,Federal Contract Tower,0,14,9,0,23,0,85,12,4,101,0,99,21,4,124,20,0,20,144
11/11/2012,HUM,LA,ASW,CE,Federal Contract Tower,0,4,7,0,11,0,80,7,0,87,0,84,14,0,98,0,0,0,98
11/12/2012,HUM,LA,ASW,CE,Federal Contract Tower,0,34,9,0,43,0,61,6,0,67,0,95,15,0,110,0,0,0,110
11/13/2012,HUM,LA,ASW,CE,Federal Contract Tower,0,15,15,0,30,0,137,19,0,156,0,152,34,0,186,15,0,15,201
11/14/2012,HUM,LA,ASW,CE,Federal Contract Tower,0,20,12,1,33,0,174,31,0,205,0,194,43,1,238,6,0,6,244
11/15/2012,HUM,LA,ASW,CE,Federal Contract Tower,0,19,14,0,33,0,174,35,0,209,0,193,49,0,242,20,0,20,262
11/16/2012,HUM,LA,ASW,CE,Federal Contract Tower,0,23,20,0,43,0,159,52,0,211,0,182,72,0,254,14,0,14,268
11/17/2012,HUM,LA,ASW,CE,Federal Contract Tower,0,4,10,0,14,0,100,29,0,129,0,104,39,0,143,6,0,6,149
11/18/2012,HUM,LA,ASW,CE,Federal Contract Tower,0,16,14,0,30,0,97,20,0,117,0,113,34,0,147,12,0,12,159
11/19/2012,HUM,LA,ASW,CE,Federal Contract Tower,0,32,15,0,47,0,136,45,0,181,0,168,60,0,228,34,0,34,262
11/20/2012,HUM,LA,ASW,CE,Federal Contract Tower,0,22,24,0,46,0,139,37,1,177,0,161,61,1,223,44,0,44,267
11/21/2012,HUM,LA,ASW,CE,Federal Contract Tower,0,25,6,0,31,0,170,32,0,202,0,195,38,0,233,8,0,8,241
11/22/2012,HUM,LA,ASW,CE,Federal Contract Tower,0,31,6,0,37,0,115,5,0,120,0,146,11,0,157,0,0,0,157
11/23/2012,HUM,LA,ASW,CE,Federal Contract Tower,0,17,6,0,23,0,106,40,0,146,0,123,46,0,169,16,0,16,185
11/24/2012,HUM,LA,ASW,CE,Federal Contract Tower,0,8,6,0,14,0,94,24,0,118,0,102,30,0,132,6,0,6,138
11/25/2012,HUM,LA,ASW,CE,Federal Contract Tower,0,8,14,0,22,0,60,26,0,86,0,68,40,0,108,70,0,70,178
11/26/2012,HUM,LA,ASW,CE,Federal Contract Tower,0,57,11,0,68,0,40,5,0,45,0,97,16,0,113,0,0,0,113
11/27/2012,HUM,LA,ASW,CE,Federal Contract Tower,0,44,9,0,53,0,58,8,0,66,0,102,17,0,119,2,0,2,121
11/28/2012,HUM,LA,ASW,CE,Federal Contract Tower,0,56,18,0,74,0,84,17,0,101,0,140,35,0,175,0,0,0,175
11/29/2012,HUM,LA,ASW,CE,Federal Contract Tower,0,16,8,6,30,0,203,41,0,244,0,219,49,6,274,2,0,2,276
11/30/2012,HUM,LA,ASW,CE,Federal Contract Tower,0,24,20,0,44,0,127,27,0,154,0,151,47,0,198,18,0,18,216
12/01/2012,HUM,LA,ASW,CE,Federal Contract Tower,0,12,7,0,19,0,73,20,0,93,0,85,27,0,112,32,0,32,144
12/02/2012,HUM,LA,ASW,CE,Federal Contract Tower,0,16,8,0,24,0,65,27,0,92,0,81,35,0,116,12,0,12,128
12/03/2012,HUM,LA,ASW,CE,Federal Contract Tower,0,27,13,0,40,0,118,28,0,146,0,145,41,0,186,16,0,16,202
12/04/2012,HUM,LA,ASW,CE,Federal Contract Tower,0,35,5,0,40,0,122,21,0,143,0,157,26,0,183,16,0,16,199
12/05/2012,HUM,LA,ASW,CE,Federal Contract Tower,0,76,24,0,100,0,73,2,0,75,0,149,26,0,175,0,0,0,175
12/06/2012,HUM,LA,ASW,CE,Federal Contract Tower,0,77,17,0,94,0,99,8,0,107,0,176,25,0,201,0,0,0,201
12/07/2012,HUM,LA,ASW,CE,Federal Contract Tower,0,32,13,0,45,0,114,25,0,139,0,146,38,0,184,0,0,0,184
12/08/2012,HUM,LA,ASW,CE,Federal Contract Tower,0,9,9,0,18,0,78,23,0,101,0,87,32,0,119,56,0,56,175
12/09/2012,HUM,LA,ASW,CE,Federal Contract Tower,0,18,15,0,33,0,72,6,0,78,0,90,21,0,111,36,0,36,147
12/10/2012,HUM,LA,ASW,CE,Federal Contract Tower,0,65,4,0,69,0,52,0,0,52,0,117,4,0,121,0,0,0,121
12/11/2012,HUM,LA,ASW,CE,Federal Contract Tower,0,31,16,0,47,0,174,18,0,192,0,205,34,0,239,22,0,22,261
12/12/2012,HUM,LA,ASW,CE,Federal Contract Tower,0,29,16,0,45,0,161,27,3,191,0,190,43,3,236,6,0,6,242
12/13/2012,HUM,LA,ASW,CE,Federal Contract Tower,0,18,22,0,40,0,177,44,0,221,0,195,66,0,261,18,0,18,279
12/14/2012,HUM,LA,ASW,CE,Federal Contract Tower,0,25,16,0,41,0,102,24,8,134,0,127,40,8,175,8,6,14,189
12/15/2012,HUM,LA,ASW,CE,Federal Contract Tower,0,13,17,0,30,0,84,9,0,93,0,97,26,0,123,0,0,0,123
12/16/2012,HUM,LA,ASW,CE,Federal Contract Tower,0,23,17,0,40,0,63,9,0,72,0,86,26,0,112,0,0,0,112
12/17/2012,HUM,LA,ASW,CE,Federal Contract Tower,0,36,17,0,53,0,87,17,0,104,0,123,34,0,157,0,0,0,157
12/18/2012,HUM,LA,ASW,CE,Federal Contract Tower,0,25,14,0,39,0,146,21,0,167,0,171,35,0,206,0,0,0,206
12/19/2012,HUM,LA,ASW,CE,Federal Contract Tower,0,29,20,0,49,0,226,29,0,255,0,255,49,0,304,10,0,10,314
12/20/2012,HUM,LA,ASW,CE,Federal Contract Tower,0,37,14,0,51,0,144,7,0,151,0,181,21,0,202,18,0,18,220
12/21/2012,HUM,LA,ASW,CE,Federal Contract Tower,0,13,5,0,18,0,164,22,0,186,0,177,27,0,204,0,0,0,204
12/22/2012,HUM,LA,ASW,CE,Federal Contract Tower,0,4,13,0,17,0,95,24,0,119,0,99,37,0,136,0,0,0,136
12/23/2012,HUM,LA,ASW,CE,Federal Contract Tower,0,10,5,0,15,0,57,11,0,68,0,67,16,0,83,0,0,0,83
12/24/2012,HUM,LA,ASW,CE,Federal Contract Tower,0,26,4,0,30,0,66,7,0,73,0,92,11,0,103,4,0,4,107
12/25/2012,HUM,LA,ASW,CE,Federal Contract Tower,0,20,0,0,20,0,44,0,0,44,0,64,0,0,64,0,0,0,64
12/26/2012,HUM,LA,ASW,CE,Federal Contract Tower,0,21,8,0,29,0,170,19,1,190,0,191,27,1,219,0,0,0,219
12/27/2012,HUM,LA,ASW,CE,Federal Contract Tower,0,33,10,0,43,0,181,26,0,207,0,214,36,0,250,30,0,30,280
12/28/2012,HUM,LA,ASW,CE,Federal Contract Tower,0,30,16,0,46,0,60,5,0,65,0,90,21,0,111,6,0,6,117
12/29/2012,HUM,LA,ASW,CE,Federal Contract Tower,0,13,6,0,19,0,75,26,0,101,0,88,32,0,120,0,0,0,120
12/30/2012,HUM,LA,ASW,CE,Federal Contract Tower,0,6,8,0,14,0,65,17,0,82,0,71,25,0,96,16,0,16,112
12/31/2012,HUM,LA,ASW,CE,Federal Contract Tower,0,26,10,0,36,0,112,20,0,132,0,138,30,0,168,6,0,6,174
01/01/2013,HUM,LA,ASW,CE,Federal Contract Tower,0,28,3,0,31,0,87,2,0,89,0,115,5,0,120,1,4,5,125
01/02/2013,HUM,LA,ASW,CE,Federal Contract Tower,0,57,20,0,77,0,140,7,0,147,0,197,27,0,224,0,0,0,224
01/03/2013,HUM,LA,ASW,CE,Federal Contract Tower,0,38,6,0,44,0,149,20,0,169,0,187,26,0,213,14,0,14,227
01/04/2013,HUM,LA,ASW,CE,Federal Contract Tower,0,18,15,0,33,0,130,23,0,153,0,148,38,0,186,20,0,20,206
01/05/2013,HUM,LA,ASW,CE,Federal Contract Tower,0,8,4,0,12,0,84,15,0,99,0,92,19,0,111,6,0,6,117
01/06/2013,HUM,LA,ASW,CE,Federal Contract Tower,0,55,12,0,67,0,2,0,0,2,0,57,12,0,69,0,0,0,69
01/07/2013,HUM,LA,ASW,CE,Federal Contract Tower,0,26,4,0,30,0,134,29,0,163,0,160,33,0,193,22,0,22,215
01/08/2013,HUM,LA,ASW,CE,Federal Contract Tower,0,55,7,0,62,0,83,4,0,87,0,138,11,0,149,0,0,0,149
01/09/2013,HUM,LA,ASW,CE,Federal Contract Tower,0,101,10,0,111,0,26,4,0,30,0,127,14,0,141,0,0,0,141
01/10/2013,HUM,LA,ASW,CE,Federal Contract Tower,0,7,11,0,18,0,2,0,0,2,0,9,11,0,20,0,0,0,20
01/11/2013,HUM,LA,ASW,CE,Federal Contract Tower,0,69,14,0,83,0,131,5,0,136,0,200,19,0,219,0,0,0,219
01/12/2013,HUM,LA,ASW,CE,Federal Contract Tower,0,23,2,0,25,0,76,11,0,87,0,99,13,0,112,0,0,0,112
01/13/2013,HUM,LA,ASW,CE,Federal Contract Tower,0,28,2,0,30,0,56,4,0,60,0,84,6,0,90,0,0,0,90
01/14/2013,HUM,LA,ASW,CE,Federal Contract Tower,0,55,10,0,65,0,0,0,0,0,0,55,10,0,65,0,0,0,65
01/15/2013,HUM,LA,ASW,CE,Federal Contract Tower,0,49,13,0,62,0,0,0,0,0,0,49,13,0,62,0,0,0,62
01/16/2013,HUM,LA,ASW,CE,Federal Contract Tower,0,157,13,0,170,0,0,0,0,0,0,157,13,0,170,0,0,0,170
01/17/2013,HUM,LA,ASW,CE,Federal Contract Tower,0,17,15,0,32,0,243,40,0,283,0,260,55,0,315,14,0,14,329
01/18/2013,HUM,LA,ASW,CE,Federal Contract Tower,0,18,15,0,33,0,161,33,0,194,0,179,48,0,227,10,0,10,237
01/19/2013,HUM,LA,ASW,CE,Federal Contract Tower,0,2,11,0,13,0,98,41,0,139,0,100,52,0,152,4,0,4,156
01/20/2013,HUM,LA,ASW,CE,Federal Contract Tower,0,11,13,0,24,0,101,36,0,137,0,112,49,0,161,20,0,20,181
01/21/2013,HUM,LA,ASW,CE,Federal Contract Tower,0,19,20,0,39,0,150,26,0,176,0,169,46,0,215,0,0,0,215
01/22/2013,HUM,LA,ASW,CE,Federal Contract Tower,0,17,11,0,28,0,153,43,0,196,0,170,54,0,224,34,0,34,258
01/23/2013,HUM,LA,ASW,CE,Federal Contract Tower,0,17,13,0,30,0,218,45,0,263,0,235,58,0,293,0,0,0,293
01/24/2013,HUM,LA,ASW,CE,Federal Contract Tower,0,25,15,0,40,0,156,32,2,190,0,181,47,2,230,12,0,12,242
01/25/2013,HUM,LA,ASW,CE,Federal Contract Tower,0,22,10,0,32,0,143,28,0,171,0,165,38,0,203,4,0,4,207
01/26/2013,HUM,LA,ASW,CE,Federal Contract Tower,0,11,7,0,18,0,88,24,0,112,0,99,31,0,130,15,0,15,145
01/27/2013,HUM,LA,ASW,CE,Federal Contract Tower,0,16,11,0,27,0,88,28,0,116,0,104,39,0,143,2,0,2,145
01/28/2013,HUM,LA,ASW,CE,Federal Contract Tower,0,24,9,0,33,0,128,30,0,158,0,152,39,0,191,24,0,24,215
01/29/2013,HUM,LA,ASW,CE,Federal Contract Tower,0,48,15,0,63,0,95,8,0,103,0,143,23,0,166,12,0,12,178
01/30/2013,HUM,LA,ASW,CE,Federal Contract Tower,0,28,12,0,40,0,86,7,1,94,0,114,19,1,134,0,0,0,134
01/31/2013,HUM,LA,ASW,CE,Federal Contract Tower,0,10,12,0,22,0,200,43,0,243,0,210,55,0,265,2,0,2,267
02/01/2013,HUM,LA,ASW,CE,Federal Contract Tower,0,25,10,0,35,0,104,30,0,134,0,129,40,0,169,10,0,10,179
02/02/2013,HUM,LA,ASW,CE,Federal Contract Tower,0,10,10,0,20,0,105,25,0,130,0,115,35,0,150,0,0,0,150
02/03/2013,HUM,LA,ASW,CE,Federal Contract Tower,0,19,8,0,27,0,97,9,0,106,0,116,17,0,133,0,0,0,133
02/04/2013,HUM,LA,ASW,CE,Federal Contract Tower,0,32,27,0,59,0,123,23,0,146,0,155,50,0,205,0,0,0,205
02/05/2013,HUM,LA,ASW,CE,Federal Contract Tower,0,67,13,0,80,0,62,10,0,72,0,129,23,0,152,0,0,0,152
02/06/2013,HUM,LA,ASW,CE,Federal Contract Tower,0,67,13,0,80,0,144,3,0,147,0,211,16,0,227,0,0,0,227
02/07/2013,HUM,LA,ASW,CE,Federal Contract Tower,0,28,18,0,46,0,202,29,0,231,0,230,47,0,277,4,0,4,281
02/08/2013,HUM,LA,ASW,CE,Federal Contract Tower,0,59,22,0,81,0,79,28,0,107,0,138,50,0,188,8,0,8,196
02/09/2013,HUM,LA,ASW,CE,Federal Contract Tower,0,17,12,0,29,0,92,24,0,116,0,109,36,0,145,20,0,20,165
02/10/2013,HUM,LA,ASW,CE,Federal Contract Tower,0,18,20,0,38,0,33,0,0,33,0,51,20,0,71,0,0,0,71
02/11/2013,HUM,LA,ASW,CE,Federal Contract Tower,0,61,9,0,70,0,25,0,0,25,0,86,9,0,95,0,0,0,95
02/12/2013,HUM,LA,ASW,CE,Federal Contract Tower,0,95,7,0,102,0,18,0,0,18,0,113,7,0,120,0,0,0,120
02/13/2013,HUM,LA,ASW,CE,Federal Contract Tower,0,48,15,0,63,0,203,20,0,223,0,251,35,0,286,8,0,8,294
02/14/2013,HUM,LA,ASW,CE,Federal Contract Tower,0,26,15,0,41,0,167,57,0,224,0,193,72,0,265,32,0,32,297
02/15/2013,HUM,LA,ASW,CE,Federal Contract Tower,0,2,16,0,18,0,129,58,0,187,0,131,74,0,205,60,0,60,265
02/16/2013,HUM,LA,ASW,CE,Federal Contract Tower,0,6,9,0,15,0,116,16,0,132,0,122,25,0,147,0,0,0,147
02/17/2013,HUM,LA,ASW,CE,Federal Contract Tower,0,7,12,0,19,0,81,20,0,101,0,88,32,0,120,4,0,4,124
02/18/2013,HUM,LA,ASW,CE,Federal Contract Tower,0,24,13,0,37,0,113,17,0,130,0,137,30,0,167,18,0,18,185
02/19/2013,HUM,LA,ASW,CE,Federal Contract Tower,0,47,13,0,60,0,132,42,0,174,0,179,55,0,234,12,0,12,246
02/20/2013,HUM,LA,ASW,CE,Federal Contract Tower,0,32,15,0,47,0,205,40,2,247,0,237,55,2,294,0,0,0,294
02/21/2013,HUM,LA,ASW,CE,Federal Contract Tower,0,49,12,0,61,0,177,6,2,185,0,226,18,2,246,0,0,0,246
02/22/2013,HUM,LA,ASW,CE,Federal Contract Tower,0,55,6,0,61,0,19,2,0,21,0,74,8,0,82,0,0,0,82
02/23/2013,HUM,LA,ASW,CE,Federal Contract Tower,0,33,8,0,41,0,25,2,0,27,0,58,10,0,68,0,0,0,68
02/24/2013,HUM,LA,ASW,CE,Federal Contract Tower,0,35,9,0,44,0,59,5,0,64,0,94,14,0,108,8,0,8,116
02/25/2013,HUM,LA,ASW,CE,Federal Contract Tower,0,52,8,0,60,0,0,0,0,0,0,52,8,0,60,0,0,0,60
02/26/2013,HUM,LA,ASW,CE,Federal Contract Tower,0,12,13,0,25,0,153,29,0,182,0,165,42,0,207,6,0,6,213
02/27/2013,HUM,LA,ASW,CE,Federal Contract Tower,0,15,11,0,26,0,218,46,0,264,0,233,57,0,290,44,0,44,334
02/28/2013,HUM,LA,ASW,CE,Federal Contract Tower,0,14,23,0,37,0,208,36,4,248,0,222,59,4,285,26,0,26,311
03/01/2013,HUM,LA,ASW,CE,Federal Contract Tower,0,20,13,0,33,0,154,30,0,184,0,174,43,0,217,18,0,18,235
03/02/2013,HUM,LA,ASW,CE,Federal Contract Tower,0,6,4,0,10,0,82,23,0,105,0,88,27,0,115,58,0,58,173
03/03/2013,HUM,LA,ASW,CE,Federal Contract Tower,0,9,10,0,19,0,84,26,0,110,0,93,36,0,129,42,0,42,171
03/04/2013,HUM,LA,ASW,CE,Federal Contract Tower,0,15,29,0,44,0,157,25,0,182,0,172,54,0,226,0,0,0,226
03/05/2013,HUM,LA,ASW,CE,Federal Contract Tower,0,19,10,0,29,0,184,27,0,211,0,203,37,0,240,8,0,8,248
03/06/2013,HUM,LA,ASW,CE,Federal Contract Tower,0,13,16,0,29,0,196,21,0,217,0,209,37,0,246,8,0,8,254
03/07/2013,HUM,LA,ASW,CE,Federal Contract Tower,0,7,6,0,13,0,179,45,2,226,0,186,51,2,239,16,0,16,255
03/08/2013,HUM,LA,ASW,CE,Federal Contract Tower,0,20,9,0,29,0,162,25,0,187,0,182,34,0,216,24,0,24,240
03/09/2013,HUM,LA,ASW,CE,Federal Contract Tower,0,4,4,0,8,0,102,18,0,120,0,106,22,0,128,12,0,12,140
03/10/2013,HUM,LA,ASW,CE,Federal Contract Tower,0,19,7,0,26,0,76,8,0,84,0,95,15,0,110,8,0,8,118
03/11/2013,HUM,LA,ASW,CE,Federal Contract Tower,0,67,14,0,81,0,76,14,0,90,0,143,28,0,171,0,0,0,171
03/12/2013,HUM,LA,ASW,CE,Federal Contract Tower,0,16,23,0,39,0,178,27,0,205,0,194,50,0,244,6,0,6,250
03/13/2013,HUM,LA,ASW,CE,Federal Contract Tower,0,5,11,0,16,0,195,53,0,248,0,200,64,0,264,8,0,8,272
03/14/2013,HUM,LA,ASW,CE,Federal Contract Tower,0,5,15,0,20,0,185,51,0,236,0,190,66,0,256,26,0,26,282
03/15/2013,HUM,LA,ASW,CE,Federal Contract Tower,0,13,7,0,20,0,134,31,0,165,0,147,38,0,185,14,0,14,199
03/16/2013,HUM,LA,ASW,CE,Federal Contract Tower,0,9,10,0,19,0,109,36,0,145,0,118,46,0,164,38,0,38,202
03/17/2013,HUM,LA,ASW,CE,Federal Contract Tower,0,13,18,0,31,0,73,27,0,100,0,86,45,0,131,22,0,22,153
03/18/2013,HUM,LA,ASW,CE,Federal Contract Tower,0,62,11,0,73,0,68,22,0,90,0,130,33,0,163,18,0,18,181
03/19/2013,HUM,LA,ASW,CE,Federal Contract Tower,0,34,7,0,41,0,179,30,1,210,0,213,37,1,251,2,0,2,253
03/20/2013,HUM,LA,ASW,CE,Federal Contract Tower,0,56,13,0,69,0,159,29,0,188,0,215,42,0,257,8,0,8,265
03/21/2013,HUM,LA,ASW,CE,Federal Contract Tower,0,9,18,0,27,0,184,39,0,223,0,193,57,0,250,14,0,14,264
03/22/2013,HUM,LA,ASW,CE,Federal Contract Tower,0,49,29,0,78,0,87,18,0,105,0,136,47,0,183,8,0,8,191
03/23/2013,HUM,LA,ASW,CE,Federal Contract Tower,0,25,3,0,28,0,5,0,0,5,0,30,3,0,33,0,0,0,33
03/24/2013,HUM,LA,ASW,CE,Federal Contract Tower,0,24,16,0,40,0,81,18,0,99,0,105,34,0,139,28,0,28,167
03/25/2013,HUM,LA,ASW,CE,Federal Contract Tower,0,12,13,0,25,0,138,24,5,167,0,150,37,5,192,28,0,28,220
03/26/2013,HUM,LA,ASW,CE,Federal Contract Tower,0,15,9,0,24,0,165,35,1,201,0,180,44,1,225,14,0,14,239
03/27/2013,HUM,LA,ASW,CE,Federal Contract Tower,0,9,18,0,27,0,206,37,0,243,0,215,55,0,270,6,0,6,276
03/28/2013,HUM,LA,ASW,CE,Federal Contract Tower,0,11,16,0,27,0,163,36,0,199,0,174,52,0,226,28,0,28,254
03/29/2013,HUM,LA,ASW,CE,Federal Contract Tower,0,31,6,0,37,0,96,26,0,122,0,127,32,0,159,8,0,8,167
03/30/2013,HUM,LA,ASW,CE,Federal Contract Tower,0,13,4,0,17,0,64,16,0,80,0,77,20,0,97,0,0,0,97
03/31/2013,HUM,LA,ASW,CE,Federal Contract Tower,0,21,4,0,25,0,59,4,0,63,0,80,8,0,88,0,0,0,88
04/01/2013,HUM,LA,ASW,CE,Federal Contract Tower,0,41,12,0,53,0,118,24,0,142,0,159,36,0,195,30,0,30,225
04/02/2013,HUM,LA,ASW,CE,Federal Contract Tower,0,39,24,0,63,0,133,34,2,169,0,172,58,2,232,6,0,6,238
04/03/2013,HUM,LA,ASW,CE,Federal Contract Tower,0,22,18,0,40,0,72,0,0,72,0,94,18,0,112,0,0,0,112
04/04/2013,HUM,LA,ASW,CE,Federal Contract Tower,0,84,24,0,108,0,115,11,0,126,0,199,35,0,234,6,0,6,240
04/05/2013,HUM,LA,ASW,CE,Federal Contract Tower,0,29,9,0,38,0,121,32,0,153,0,150,41,0,191,20,0,20,211
04/06/2013,HUM,LA,ASW,CE,Federal Contract Tower,0,5,12,0,17,0,96,31,0,127,0,101,43,0,144,18,0,18,162
04/07/2013,HUM,LA,ASW,CE,Federal Contract Tower,0,6,8,0,14,0,82,19,0,101,0,88,27,0,115,32,0,32,147
04/08/2013,HUM,LA,ASW,CE,Federal Contract Tower,0,29,13,0,42,0,121,31,0,152,0,150,44,0,194,14,0,14,208
04/09/2013,HUM,LA,ASW,CE,Federal Contract Tower,0,50,19,0,69,0,81,15,0,96,0,131,34,0,165,22,0,22,187
04/10/2013,HUM,LA,ASW,CE,Federal Contract Tower,0,71,16,2,89,0,150,15,2,167,0,221,31,4,256,0,0,0,256
04/11/2013,HUM,LA,ASW,CE,Federal Contract Tower,0,58,13,0,71,0,41,3,0,44,0,99,16,0,115,10,0,10,125
04/12/2013,HUM,LA,ASW,CE,Federal Contract Tower,0,13,15,0,28,0,217,41,0,258,0,230,56,0,286,10,0,10,296
04/13/2013,HUM,LA,ASW,CE,Federal Contract Tower,0,0,2,0,2,0,79,30,0,109,0,79,32,0,111,8,0,8,119
04/14/2013,HUM,LA,ASW,CE,Federal Contract Tower,0,18,13,0,31,0,31,10,0,41,0,49,23,0,72,4,0,4,76
04/15/2013,HUM,LA,ASW,CE,Federal Contract Tower,0,67,0,0,67,0,0,0,0,0,0,67,0,0,67,0,0,0,67
04/16/2013,HUM,LA,ASW,CE,Federal Contract Tower,0,72,10,0,82,0,93,21,0,114,0,165,31,0,196,6,0,6,202
04/17/2013,HUM,LA,ASW,CE,Federal Contract Tower,0,66,9,0,75,0,171,29,0,200,0,237,38,0,275,0,0,0,275
04/18/2013,HUM,LA,ASW,CE,Federal Contract Tower,0,60,10,0,70,0,190,13,2,205,0,250,23,2,275,0,0,0,275
04/19/2013,HUM,LA,ASW,CE,Federal Contract Tower,0,28,17,0,45,0,92,24,3,119,0,120,41,3,164,0,0,0,164
04/20/2013,HUM,LA,ASW,CE,Federal Contract Tower,0,16,7,0,23,0,64,19,0,83,0,80,26,0,106,9,0,9,115
04/21/2013,HUM,LA,ASW,CE,Federal Contract Tower,0,8,8,0,16,0,101,36,0,137,0,109,44,0,153,30,0,30,183
04/22/2013,HUM,LA,ASW,CE,Federal Contract Tower,0,43,13,0,56,0,116,48,0,164,0,159,61,0,220,26,0,26,246
04/23/2013,HUM,LA,ASW,CE,Federal Contract Tower,0,32,20,0,52,0,156,32,0,188,0,188,52,0,240,26,0,26,266
04/24/2013,HUM,LA,ASW,CE,Federal Contract Tower,0,77,16,0,93,0,74,8,0,82,0,151,24,0,175,6,0,6,181
04/25/2013,HUM,LA,ASW,CE,Federal Contract Tower,0,83,22,0,105,0,118,25,0,143,0,201,47,0,248,6,0,6,254
04/26/2013,HUM,LA,ASW,CE,Federal Contract Tower,0,28,18,0,46,0,144,36,0,180,0,172,54,0,226,8,0,8,234
04/27/2013,HUM,LA,ASW,CE,Federal Contract Tower,0,40,6,0,46,0,69,16,0,85,0,109,22,0,131,0,0,0,131
04/28/2013,HUM,LA,ASW,CE,Federal Contract Tower,0,22,14,0,36,0,44,7,0,51,0,66,21,0,87,8,0,8,95
04/29/2013,HUM,LA,ASW,CE,Federal Contract Tower,0,28,8,0,36,0,136,48,0,184,0,164,56,0,220,8,0,8,228
04/30/2013,HUM,LA,ASW,CE,Federal Contract Tower,0,39,19,0,58,0,51,18,0,69,0,90,37,0,127,14,0,14,141
05/01/2013,HUM,LA,ASW,CE,Federal Contract Tower,0,65,19,0,84,0,176,29,0,205,0,241,48,0,289,0,0,0,289
05/02/2013,HUM,LA,ASW,CE,Federal Contract Tower,0,66,13,0,79,0,151,26,0,177,0,217,39,0,256,0,0,0,256
05/03/2013,HUM,LA,ASW,CE,Federal Contract Tower,0,58,18,0,76,0,63,13,0,76,0,121,31,0,152,0,0,0,152
05/04/2013,HUM,LA,ASW,CE,Federal Contract Tower,0,6,9,0,15,0,85,21,0,106,0,91,30,0,121,12,0,12,133
05/05/2013,HUM,LA,ASW,CE,Federal Contract Tower,0,10,10,0,20,0,87,7,0,94,0,97,17,0,114,0,0,0,114
05/06/2013,HUM,LA,ASW,CE,Federal Contract Tower,0,17,9,0,26,0,149,49,0,198,0,166,58,0,224,0,0,0,224
05/07/2013,HUM,LA,ASW,CE,Federal Contract Tower,0,20,15,0,35,0,187,56,0,243,0,207,71,0,278,0,0,0,278
05/08/2013,HUM,LA,ASW,CE,Federal Contract Tower,0,34,23,0,57,0,206,57,2,265,0,240,80,2,322,0,0,0,322
05/09/2013,HUM,LA,ASW,CE,Federal Contract Tower,0,12,24,0,36,0,185,47,0,232,0,197,71,0,268,18,0,18,286
05/10/2013,HUM,LA,ASW,CE,Federal Contract Tower,0,27,5,0,32,0,22,0,0,22,0,49,5,0,54,0,0,0,54
05/11/2013,HUM,LA,ASW,CE,Federal Contract Tower,0,32,8,0,40,0,8,0,0,8,0,40,8,0,48,0,0,0,48
05/12/2013,HUM,LA,ASW,CE,Federal Contract Tower,0,23,5,0,28,0,90,13,0,103,0,113,18,0,131,16,0,16,147
05/13/2013,HUM,LA,ASW,CE,Federal Contract Tower,0,17,17,0,34,0,131,47,0,178,0,148,64,0,212,4,6,10,222
05/14/2013,HUM,LA,ASW,CE,Federal Contract Tower,0,13,10,0,23,0,186,50,0,236,0,199,60,0,259,40,0,40,299
05/15/2013,HUM,LA,ASW,CE,Federal Contract Tower,0,15,12,0,27,0,198,34,0,232,0,213,46,0,259,10,0,10,269
05/16/2013,HUM,LA,ASW,CE,Federal Contract Tower,0,18,21,0,39,0,185,32,0,217,0,203,53,0,256,26,0,26,282
05/17/2013,HUM,LA,ASW,CE,Federal Contract Tower,0,30,21,0,51,0,0,0,0,0,0,30,21,0,51,16,0,16,67
05/18/2013,HUM,LA,ASW,CE,Federal Contract Tower,0,9,8,0,17,0,90,20,0,110,0,99,28,0,127,20,0,20,147
05/19/2013,HUM,LA,ASW,CE,Federal Contract Tower,0,22,14,0,36,0,80,23,0,103,0,102,37,0,139,14,0,14,153
05/20/2013,HUM,LA,ASW,CE,Federal Contract Tower,0,38,13,0,51,0,106,32,0,138,0,144,45,0,189,8,0,8,197
05/21/2013,HUM,LA,ASW,CE,Federal Contract Tower,0,33,16,0,49,0,142,48,0,190,0,175,64,0,239,24,0,24,263
05/22/2013,HUM,LA,ASW,CE,Federal Contract Tower,0,59,15,0,74,0,128,11,0,139,0,187,26,0,213,0,0,0,213
05/23/2013,HUM,LA,ASW,CE,Federal Contract Tower,0,38,23,0,61,0,157,36,0,193,0,195,59,0,254,26,0,26,280
05/24/2013,HUM,LA,ASW,CE,Federal Contract Tower,0,15,17,0,32,0,129,45,0,174,0,144,62,0,206,14,0,14,220
05/25/2013,HUM,LA,ASW,CE,Federal Contract Tower,0,6,5,0,11,0,82,9,0,91,0,88,14,0,102,12,0,12,114
05/26/2013,HUM,LA,ASW,CE,Federal Contract Tower,0,10,10,0,20,0,96,17,0,113,0,106,27,0,133,28,0,28,161
05/27/2013,HUM,LA,ASW,CE,Federal Contract Tower,0,17,17,0,34,0,108,23,0,131,0,125,40,0,165,10,0,10,175
05/28/2013,HUM,LA,ASW,CE,Federal Contract Tower,0,25,10,0,35,0,159,28,0,187,0,184,38,0,222,0,0,0,222
05/29/2013,HUM,LA,ASW,CE,Federal Contract Tower,0,41,9,0,50,0,191,26,0,217,0,232,35,0,267,0,0,0,267
05/30/2013,HUM,LA,ASW,CE,Federal Contract Tower,0,30,10,0,40,0,188,25,0,213,0,218,35,0,253,2,0,2,255
05/31/2013,HUM,LA,ASW,CE,Federal Contract Tower,0,20,20,0,40,0,137,20,0,157,0,157,40,0,197,4,0,4,201
06/01/2013,HUM,LA,ASW,CE,Federal Contract Tower,0,13,8,0,21,0,93,36,0,129,0,106,44,0,150,8,0,8,158
06/02/2013,HUM,LA,ASW,CE,Federal Contract Tower,0,18,15,0,33,0,57,12,0,69,0,75,27,0,102,4,0,4,106
06/03/2013,HUM,LA,ASW,CE,Federal Contract Tower,0,34,15,0,49,0,146,40,0,186,0,180,55,0,235,12,0,12,247
06/04/2013,HUM,LA,ASW,CE,Federal Contract Tower,0,31,27,0,58,0,157,52,0,209,0,188,79,0,267,16,0,16,283
06/05/2013,HUM,LA,ASW,CE,Federal Contract Tower,0,38,18,0,56,0,219,55,0,274,0,257,73,0,330,24,0,24,354
06/06/2013,HUM,LA,ASW,CE,Federal Contract Tower,0,26,17,0,43,0,139,32,2,173,0,165,49,2,216,6,0,6,222
06/07/2013,HUM,LA,ASW,CE,Federal Contract Tower,0,26,9,0,35,0,129,28,0,157,0,155,37,0,192,8,0,8,200
06/08/2013,HUM,LA,ASW,CE,Federal Contract Tower,0,8,4,0,12,0,88,22,0,110,0,96,26,0,122,2,0,2,124
06/09/2013,HUM,LA,ASW,CE,Federal Contract Tower,0,20,13,0,33,0,63,7,0,70,0,83,20,0,103,14,0,14,117
06/10/2013,HUM,LA,ASW,CE,Federal Contract Tower,0,39,14,0,53,0,122,28,0,150,0,161,42,0,203,24,0,24,227
06/11/2013,HUM,LA,ASW,CE,Federal Contract Tower,0,27,11,0,38,0,160,31,1,192,0,187,42,1,230,6,0,6,236
06/12/2013,HUM,LA,ASW,CE,Federal Contract Tower,0,24,16,0,40,0,196,35,0,231,0,220,51,0,271,8,0,8,279
06/13/2013,HUM,LA,ASW,CE,Federal Contract Tower,0,19,16,0,35,0,176,38,0,214,0,195,54,0,249,14,0,14,263
06/14/2013,HUM,LA,ASW,CE,Federal Contract Tower,0,23,13,0,36,0,136,42,2,180,0,159,55,2,216,12,0,12,228
06/15/2013,HUM,LA,ASW,CE,Federal Contract Tower,0,8,9,0,17,0,82,23,1,106,0,90,32,1,123,6,0,6,129
06/16/2013,HUM,LA,ASW,CE,Federal Contract Tower,0,14,8,0,22,0,71,13,0,84,0,85,21,0,106,8,0,8,114
06/17/2013,HUM,LA,ASW,CE,Federal Contract Tower,0,29,18,0,47,0,141,31,0,172,0,170,49,0,219,0,0,0,219
06/18/2013,HUM,LA,ASW,CE,Federal Contract Tower,0,22,20,0,42,0,177,37,0,214,0,199,57,0,256,6,0,6,262
06/19/2013,HUM,LA,ASW,CE,Federal Contract Tower,0,24,13,0,37,0,215,31,2,248,0,239,44,2,285,18,0,18,303
06/20/2013,HUM,LA,ASW,CE,Federal Contract Tower,0,21,22,0,43,0,176,30,0,206,0,197,52,0,249,4,0,4,253
06/21/2013,HUM,LA,ASW,CE,Federal Contract Tower,0,23,9,0,32,0,153,26,0,179,0,176,35,0,211,20,0,20,231
06/22/2013,HUM,LA,ASW,CE,Federal Contract Tower,0,5,2,0,7,0,85,12,0,97,0,90,14,0,104,2,0,2,106
06/23/2013,HUM,LA,ASW,CE,Federal Contract Tower,0,13,12,0,25,0,92,17,0,109,0,105,29,0,134,12,0,12,146
06/24/2013,HUM,LA,ASW,CE,Federal Contract Tower,0,27,21,0,48,0,133,32,0,165,0,160,53,0,213,2,0,2,215
06/25/2013,HUM,LA,ASW,CE,Federal Contract Tower,0,25,13,0,38,0,158,51,6,215,0,183,64,6,253,14,0,14,267
06/26/2013,HUM,LA,ASW,CE,Federal Contract Tower,0,22,14,0,36,0,208,40,2,250,0,230,54,2,286,10,0,10,296
06/27/2013,HUM,LA,ASW,CE,Federal Contract Tower,0,23,24,0,47,0,203,36,0,239,0,226,60,0,286,8,0,8,294
06/28/2013,HUM,LA,ASW,CE,Federal Contract Tower,0,20,11,0,31,0,124,54,0,178,0,144,65,0,209,16,0,16,225
06/29/2013,HUM,LA,ASW,CE,Federal Contract Tower,0,16,9,0,25,0,57,15,0,72,0,73,24,0,97,4,0,4,101
06/30/2013,HUM,LA,ASW,CE,Federal Contract Tower,0,10,14,0,24,0,80,32,0,112,0,90,46,0,136,26,0,26,162
07/01/2013,HUM,LA,ASW,CE,Federal Contract Tower,0,21,13,0,34,0,123,46,0,169,0,144,59,0,203,0,0,0,203
07/02/2013,HUM,LA,ASW,CE,Federal Contract Tower,0,16,18,0,34,0,156,39,0,195,0,172,57,0,229,4,0,4,233
07/03/2013,HUM,LA,ASW,CE,Federal Contract Tower,0,32,15,0,47,0,180,20,0,200,0,212,35,0,247,0,0,0,247
07/04/2013,HUM,LA,ASW,CE,Federal Contract Tower,0,26,7,0,33,0,142,26,0,168,0,168,33,0,201,0,0,0,201
07/05/2013,HUM,LA,ASW,CE,Federal Contract Tower,0,16,6,0,22,0,70,7,0,77,0,86,13,0,99,0,0,0,99
07/06/2013,HUM,LA,ASW,CE,Federal Contract Tower,0,14,11,0,25,0,82,8,0,90,0,96,19,0,115,0,0,0,115
07/07/2013,HUM,LA,ASW,CE,Federal Contract Tower,0,10,18,0,28,0,79,8,0,87,0,89,26,0,115,8,0,8,123
07/08/2013,HUM,LA,ASW,CE,Federal Contract Tower,0,32,10,0,42,0,147,7,2,156,0,179,17,2,198,0,0,0,198
07/09/2013,HUM,LA,ASW,CE,Federal Contract Tower,0,24,19,0,43,0,176,24,0,200,0,200,43,0,243,6,0,6,249
07/10/2013,HUM,LA,ASW,CE,Federal Contract Tower,0,27,26,0,53,0,209,32,0,241,0,236,58,0,294,4,0,4,298
07/11/2013,HUM,LA,ASW,CE,Federal Contract Tower,0,33,27,0,60,0,171,27,0,198,0,204,54,0,258,0,0,0,258
07/12/2013,HUM,LA,ASW,CE,Federal Contract Tower,0,39,26,0,65,0,112,24,0,136,0,151,50,0,201,0,0,0,201
07/13/2013,HUM,LA,ASW,CE,Federal Contract Tower,0,14,15,0,29,0,94,36,0,130,0,108,51,0,159,12,0,12,171
07/14/2013,HUM,LA,ASW,CE,Federal Contract Tower,0,10,17,0,27,0,86,18,0,104,0,96,35,0,131,6,0,6,137
07/15/2013,HUM,LA,ASW,CE,Federal Contract Tower,0,37,13,0,50,0,133,18,0,151,0,170,31,0,201,0,0,0,201
07/16/2013,HUM,LA,ASW,CE,Federal Contract Tower,0,41,25,0,66,0,143,31,0,174,0,184,56,0,240,0,0,0,240
07/17/2013,HUM,LA,ASW,CE,Federal Contract Tower,0,48,10,0,58,0,185,38,0,223,0,233,48,0,281,0,0,0,281
07/18/2013,HUM,LA,ASW,CE,Federal Contract Tower,0,23,31,0,54,0,168,34,0,202,0,191,65,0,256,0,0,0,256
07/19/2013,HUM,LA,ASW,CE,Federal Contract Tower,0,10,16,0,26,0,135,23,0,158,0,145,39,0,184,10,0,10,194
07/20/2013,HUM,LA,ASW,CE,Federal Contract Tower,0,7,6,0,13,0,98,21,2,121,0,105,27,2,134,2,0,2,136
07/21/2013,HUM,LA,ASW,CE,Federal Contract Tower,0,15,4,0,19,0,56,6,0,62,0,71,10,0,81,2,0,2,83
07/22/2013,HUM,LA,ASW,CE,Federal Contract Tower,0,28,22,0,50,0,171,25,0,196,0,199,47,0,246,20,0,20,266
07/23/2013,HUM,LA,ASW,CE,Federal Contract Tower,0,30,15,0,45,0,159,20,2,181,0,189,35,2,226,0,0,0,226
07/24/2013,HUM,LA,ASW,CE,Federal Contract Tower,0,39,26,0,65,0,212,41,0,253,0,251,67,0,318,10,0,10,328
07/25/2013,HUM,LA,ASW,CE,Federal Contract Tower,0,44,21,0,65,0,150,29,0,179,0,194,50,0,244,16,0,16,260
07/26/2013,HUM,LA,ASW,CE,Federal Contract Tower,0,28,16,0,44,0,121,20,0,141,0,149,36,0,185,6,0,6,191
07/27/2013,HUM,LA,ASW,CE,Federal Contract Tower,0,19,7,0,26,0,75,11,0,86,0,94,18,0,112,0,0,0,112
07/28/2013,HUM,LA,ASW,CE,Federal Contract Tower,0,18,30,0,48,0,78,19,0,97,0,96,49,0,145,12,0,12,157
07/29/2013,HUM,LA,ASW,CE,Federal Contract Tower,0,30,15,0,45,0,147,31,0,178,0,177,46,0,223,28,0,28,251
07/30/2013,HUM,LA,ASW,CE,Federal Contract Tower,0,32,19,0,51,0,183,51,0,234,0,215,70,0,285,14,0,14,299
07/31/2013,HUM,LA,ASW,CE,Federal Contract Tower,0,36,18,0,54,0,186,42,0,228,0,222,60,0,282,14,0,14,296
08/01/2013,HUM,LA,ASW,CE,Federal Contract Tower,0,28,16,0,44,0,160,36,0,196,0,188,52,0,240,24,0,24,264
08/02/2013,HUM,LA,ASW,CE,Federal Contract Tower,0,29,10,0,39,0,159,36,0,195,0,188,46,0,234,4,0,4,238
08/03/2013,HUM,LA,ASW,CE,Federal Contract Tower,0,5,11,0,16,0,79,15,0,94,0,84,26,0,110,12,0,12,122
08/04/2013,HUM,LA,ASW,CE,Federal Contract Tower,0,19,9,0,28,0,75,23,0,98,0,94,32,0,126,10,0,10,136
08/05/2013,HUM,LA,ASW,CE,Federal Contract Tower,0,27,14,0,41,0,145,19,0,164,0,172,33,0,205,0,0,0,205
08/06/2013,HUM,LA,ASW,CE,Federal Contract Tower,0,29,16,0,45,0,218,32,0,250,0,247,48,0,295,0,0,0,295
08/07/2013,HUM,LA,ASW,CE,Federal Contract Tower,0,35,17,0,52,0,199,39,1,239,0,234,56,1,291,5,0,5,296
08/08/2013,HUM,LA,ASW,CE,Federal Contract Tower,0,26,10,0,36,0,192,43,0,235,0,218,53,0,271,18,0,18,289
08/09/2013,HUM,LA,ASW,CE,Federal Contract Tower,0,29,19,0,48,0,172,29,2,203,0,201,48,2,251,4,0,4,255
08/10/2013,HUM,LA,ASW,CE,Federal Contract Tower,0,5,10,0,15,0,108,27,0,135,0,113,37,0,150,26,0,26,176
08/11/2013,HUM,LA,ASW,CE,Federal Contract Tower,0,18,13,0,31,0,98,18,0,116,0,116,31,0,147,2,0,2,149
08/12/2013,HUM,LA,ASW,CE,Federal Contract Tower,0,26,10,0,36,0,156,40,0,196,0,182,50,0,232,6,0,6,238
08/13/2013,HUM,LA,ASW,CE,Federal Contract Tower,0,37,8,0,45,0,166,36,0,202,0,203,44,0,247,0,0,0,247
08/14/2013,HUM,LA,ASW,CE,Federal Contract Tower,0,56,15,0,71,0,172,27,0,199,0,228,42,0,270,6,0,6,276
08/15/2013,HUM,LA,ASW,CE,Federal Contract Tower,0,52,15,0,67,0,184,37,0,221,0,236,52,0,288,6,0,6,294
08/16/2013,HUM,LA,ASW,CE,Federal Contract Tower,0,20,16,0,36,0,138,28,4,170,0,158,44,4,206,0,0,0,206
08/17/2013,HUM,LA,ASW,CE,Federal Contract Tower,0,16,4,0,20,0,64,16,0,80,0,80,20,0,100,4,0,4,104
08/18/2013,HUM,LA,ASW,CE,Federal Contract Tower,0,55,5,0,60,0,53,8,0,61,0,108,13,0,121,6,0,6,127
08/19/2013,HUM,LA,ASW,CE,Federal Contract Tower,0,35,24,0,59,0,170,38,0,208,0,205,62,0,267,8,0,8,275
08/20/2013,HUM,LA,ASW,CE,Federal Contract Tower,0,45,9,0,54,0,152,33,0,185,0,197,42,0,239,0,0,0,239
08/21/2013,HUM,LA,ASW,CE,Federal Contract Tower,0,32,18,0,50,0,201,55,6,262,0,233,73,6,312,0,0,0,312
08/22/2013,HUM,LA,ASW,CE,Federal Contract Tower,0,28,17,0,45,0,177,37,0,214,0,205,54,0,259,16,0,16,275
08/23/2013,HUM,LA,ASW,CE,Federal Contract Tower,0,34,15,0,49,0,144,35,0,179,0,178,50,0,228,4,0,4,232
08/24/2013,HUM,LA,ASW,CE,Federal Contract Tower,0,31,4,0,35,0,29,9,0,38,0,60,13,0,73,0,0,0,73
08/25/2013,HUM,LA,ASW,CE,Federal Contract Tower,0,11,16,0,27,0,61,4,0,65,0,72,20,0,92,6,0,6,98
08/26/2013,HUM,LA,ASW,CE,Federal Contract Tower,0,30,10,0,40,0,167,23,0,190,0,197,33,0,230,0,0,0,230
08/27/2013,HUM,LA,ASW,CE,Federal Contract Tower,0,21,16,0,37,0,184,49,0,233,0,205,65,0,270,32,0,32,302
08/28/2013,HUM,LA,ASW,CE,Federal Contract Tower,0,20,11,0,31,0,218,47,0,265,0,238,58,0,296,0,0,0,296
08/29/2013,HUM,LA,ASW,CE,Federal Contract Tower,0,19,23,0,42,0,193,48,0,241,0,212,71,0,283,12,0,12,295
08/30/2013,HUM,LA,ASW,CE,Federal Contract Tower,0,16,28,0,44,0,128,50,0,178,0,144,78,0,222,12,0,12,234
08/31/2013,HUM,LA,ASW,CE,Federal Contract Tower,0,8,7,0,15,0,84,24,0,108,0,92,31,0,123,10,0,10,133
09/01/2013,HUM,LA,ASW,CE,Federal Contract Tower,0,9,14,0,23,0,75,25,0,100,0,84,39,0,123,0,0,0,123
09/02/2013,HUM,LA,ASW,CE,Federal Contract Tower,0,26,17,0,43,0,99,33,0,132,0,125,50,0,175,4,0,4,179
09/03/2013,HUM,LA,ASW,CE,Federal Contract Tower,0,32,18,0,50,0,149,41,0,190,0,181,59,0,240,4,0,4,244
09/04/2013,HUM,LA,ASW,CE,Federal Contract Tower,0,27,16,0,43,0,209,29,0,238,0,236,45,0,281,4,0,4,285
09/05/2013,HUM,LA,ASW,CE,Federal Contract Tower,0,25,10,0,35,0,185,37,0,222,0,210,47,0,257,2,0,2,259
09/06/2013,HUM,LA,ASW,CE,Federal Contract Tower,0,28,23,0,51,0,135,25,0,160,0,163,48,0,211,10,0,10,221
09/07/2013,HUM,LA,ASW,CE,Federal Contract Tower,0,9,8,0,17,0,81,13,0,94,0,90,21,0,111,10,0,10,121
09/08/2013,HUM,LA,ASW,CE,Federal Contract Tower,0,11,7,0,18,0,109,10,2,121,0,120,17,2,139,16,0,16,155
09/09/2013,HUM,LA,ASW,CE,Federal Contract Tower,0,35,9,0,44,0,152,30,0,182,0,187,39,0,226,12,0,12,238
09/10/2013,HUM,LA,ASW,CE,Federal Contract Tower,0,30,16,2,48,0,173,33,1,207,0,203,49,3,255,0,0,0,255
09/11/2013,HUM,LA,ASW,CE,Federal Contract Tower,0,25,18,0,43,0,199,42,0,241,0,224,60,0,284,6,0,6,290
09/12/2013,HUM,LA,ASW,CE,Federal Contract Tower,0,29,17,0,46,0,206,33,0,239,0,235,50,0,285,0,0,0,285
09/13/2013,HUM,LA,ASW,CE,Federal Contract Tower,0,25,17,0,42,0,144,27,1,172,0,169,44,1,214,6,0,6,220
09/14/2013,HUM,LA,ASW,CE,Federal Contract Tower,0,9,5,0,14,0,80,11,2,93,0,89,16,2,107,0,0,0,107
09/15/2013,HUM,LA,ASW,CE,Federal Contract Tower,0,4,8,0,12,0,74,23,0,97,0,78,31,0,109,6,0,6,115
09/16/2013,HUM,LA,ASW,CE,Federal Contract Tower,0,21,13,0,34,0,128,25,0,153,0,149,38,0,187,0,0,0,187
09/17/2013,HUM,LA,ASW,CE,Federal Contract Tower,0,24,8,0,32,0,190,41,0,231,0,214,49,0,263,84,0,84,347
09/18/2013,HUM,LA,ASW,CE,Federal Contract Tower,0,35,22,0,57,0,216,26,0,242,0,251,48,0,299,30,0,30,329
09/19/2013,HUM,LA,ASW,CE,Federal Contract Tower,0,29,20,0,49,0,186,22,0,208,0,215,42,0,257,0,0,0,257
09/20/2013,HUM,LA,ASW,CE,Federal Contract Tower,0,25,8,0,33,0,162,10,0,172,0,187,18,0,205,16,0,16,221
09/21/2013,HUM,LA,ASW,CE,Federal Contract Tower,0,13,1,0,14,0,7,3,0,10,0,20,4,0,24,2,0,2,26
09/22/2013,HUM,LA,ASW,CE,Federal Contract Tower,0,40,14,0,54,0,52,7,0,59,0,92,21,0,113,12,0,12,125
09/23/2013,HUM,LA,ASW,CE,Federal Contract Tower,0,32,13,0,45,0,161,27,0,188,0,193,40,0,233,10,0,10,243
09/24/2013,HUM,LA,ASW,CE,Federal Contract Tower,0,47,13,0,60,0,159,39,0,198,0,206,52,0,258,92,0,92,350
09/25/2013,HUM,LA,ASW,CE,Federal Contract Tower,0,39,14,0,53,0,196,40,0,236,0,235,54,0,289,68,0,68,357
09/26/2013,HUM,LA,ASW,CE,Federal Contract Tower,0,19,22,0,41,0,209,45,0,254,0,228,67,0,295,12,0,12,307
09/27/2013,HUM,LA,ASW,CE,Federal Contract Tower,0,13,13,0,26,0,191,37,3,231,0,204,50,3,257,0,0,0,257
09/28/2013,HUM,LA,ASW,CE,Federal Contract Tower,0,4,7,0,11,0,81,34,1,116,0,85,41,1,127,6,0,6,133
09/29/2013,HUM,LA,ASW,CE,Federal Contract Tower,0,9,4,0,13,0,117,35,0,152,0,126,39,0,165,10,0,10,175
09/30/2013,HUM,LA,ASW,CE,Federal Contract Tower,0,28,16,0,44,0,155,38,0,193,0,183,54,0,237,0,0,0,237
10/01/2013,HUM,LA,ASW,CE,Federal Contract Tower,0,51,15,0,66,0,143,36,0,179,0,194,51,0,245,4,0,4,249
10/02/2013,HUM,LA,ASW,CE,Federal Contract Tower,0,45,13,0,58,0,179,31,0,210,0,224,44,0,268,6,0,6,274
10/03/2013,HUM,LA,ASW,CE,Federal Contract Tower,0,51,17,0,68,0,283,27,0,310,0,334,44,0,378,6,0,6,384
10/04/2013,HUM,LA,ASW,CE,Federal Contract Tower,0,31,19,0,50,0,123,15,0,138,0,154,34,0,188,6,0,6,194
10/05/2013,HUM,LA,ASW,CE,Federal Contract Tower,0,3,5,0,8,0,30,0,0,30,0,33,5,0,38,0,0,0,38
10/06/2013,HUM,LA,ASW,CE,Federal Contract Tower,0,36,7,0,43,0,177,13,0,190,0,213,20,0,233,2,0,2,235
10/07/2013,HUM,LA,ASW,CE,Federal Contract Tower,0,20,14,0,34,0,217,39,0,256,0,237,53,0,290,0,0,0,290
10/08/2013,HUM,LA,ASW,CE,Federal Contract Tower,0,17,13,0,30,0,191,47,0,238,0,208,60,0,268,6,0,6,274
10/09/2013,HUM,LA,ASW,CE,Federal Contract Tower,0,32,15,0,47,0,182,43,0,225,0,214,58,0,272,0,0,0,272
10/10/2013,HUM,LA,ASW,CE,Federal Contract Tower,0,27,23,0,50,0,172,36,0,208,0,199,59,0,258,30,0,30,288
10/11/2013,HUM,LA,ASW,CE,Federal Contract Tower,0,30,16,0,46,0,131,15,0,146,0,161,31,0,192,0,0,0,192
10/12/2013,HUM,LA,ASW,CE,Federal Contract Tower,0,9,5,0,14,0,106,34,0,140,0,115,39,0,154,2,0,2,156
10/13/2013,HUM,LA,ASW,CE,Federal Contract Tower,0,14,16,0,30,0,79,22,0,101,0,93,38,0,131,2,0,2,133
10/14/2013,HUM,LA,ASW,CE,Federal Contract Tower,0,31,17,0,48,0,166,46,0,212,0,197,63,0,260,12,0,12,272
10/15/2013,HUM,LA,ASW,CE,Federal Contract Tower,0,30,10,0,40,0,173,65,0,238,0,203,75,0,278,20,0,20,298
10/16/2013,HUM,LA,ASW,CE,Federal Contract Tower,0,35,10,0,45,0,214,62,0,276,0,249,72,0,321,26,0,26,347
10/17/2013,HUM,LA,ASW,CE,Federal Contract Tower,0,48,23,0,71,0,166,45,0,211,0,214,68,0,282,24,0,24,306
10/18/2013,HUM,LA,ASW,CE,Federal Contract Tower,0,40,19,0,59,0,129,43,0,172,0,169,62,0,231,4,0,4,235
10/19/2013,HUM,LA,ASW,CE,Federal Contract Tower,0,19,9,0,28,0,52,6,0,58,0,71,15,0,86,0,0,0,86
10/20/2013,HUM,LA,ASW,CE,Federal Contract Tower,0,25,14,0,39,0,96,27,0,123,0,121,41,0,162,16,0,16,178
10/21/2013,HUM,LA,ASW,CE,Federal Contract Tower,0,42,10,2,54,0,114,48,0,162,0,156,58,2,216,4,0,4,220
10/22/2013,HUM,LA,ASW,CE,Federal Contract Tower,0,37,16,0,53,0,161,40,0,201,0,198,56,0,254,8,0,8,262
10/23/2013,HUM,LA,ASW,CE,Federal Contract Tower,0,24,15,0,39,0,207,46,1,254,0,231,61,1,293,14,0,14,307
10/24/2013,HUM,LA,ASW,CE,Federal Contract Tower,0,18,9,0,27,0,183,57,3,243,0,201,66,3,270,0,0,0,270
10/25/2013,HUM,LA,ASW,CE,Federal Contract Tower,0,16,17,0,33,0,154,46,0,200,0,170,63,0,233,14,0,14,247
10/26/2013,HUM,LA,ASW,CE,Federal Contract Tower,0,4,8,0,12,0,106,33,0,139,0,110,41,0,151,6,0,6,157
10/27/2013,HUM,LA,ASW,CE,Federal Contract Tower,0,24,5,0,29,0,78,19,0,97,0,102,24,0,126,18,0,18,144
10/28/2013,HUM,LA,ASW,CE,Federal Contract Tower,0,27,23,0,50,0,175,44,0,219,0,202,67,0,269,8,0,8,277
10/29/2013,HUM,LA,ASW,CE,Federal Contract Tower,0,41,15,2,58,0,173,36,2,211,0,214,51,4,269,0,0,0,269
10/30/2013,HUM,LA,ASW,CE,Federal Contract Tower,0,53,19,0,72,0,212,58,0,270,0,265,77,0,342,0,0,0,342
10/31/2013,HUM,LA,ASW,CE,Federal Contract Tower,0,31,21,0,52,0,164,48,0,212,0,195,69,0,264,2,0,2,266
11/01/2013,HUM,LA,ASW,CE,Federal Contract Tower,0,29,22,0,51,0,137,31,0,168,0,166,53,0,219,4,0,4,223
11/02/2013,HUM,LA,ASW,CE,Federal Contract Tower,0,5,5,0,10,0,105,16,0,121,0,110,21,0,131,10,0,10,141
11/03/2013,HUM,LA,ASW,CE,Federal Contract Tower,0,7,24,0,31,0,102,22,0,124,0,109,46,0,155,5,0,5,160
11/04/2013,HUM,LA,ASW,CE,Federal Contract Tower,0,21,15,0,36,0,167,50,0,217,0,188,65,0,253,11,4,15,268
11/05/2013,HUM,LA,ASW,CE,Federal Contract Tower,0,31,13,0,44,0,203,16,0,219,0,234,29,0,263,0,0,0,263
11/06/2013,HUM,LA,ASW,CE,Federal Contract Tower,0,80,13,0,93,0,150,14,0,164,0,230,27,0,257,4,0,4,261
11/07/2013,HUM,LA,ASW,CE,Federal Contract Tower,0,58,16,0,74,0,175,22,0,197,0,233,38,0,271,0,0,0,271
11/08/2013,HUM,LA,ASW,CE,Federal Contract Tower,0,25,9,0,34,0,129,31,0,160,0,154,40,0,194,16,0,16,210
11/09/2013,HUM,LA,ASW,CE,Federal Contract Tower,0,9,5,0,14,0,91,20,0,111,0,100,25,0,125,0,0,0,125
11/10/2013,HUM,LA,ASW,CE,Federal Contract Tower,0,8,5,0,13,0,101,28,0,129,0,109,33,0,142,0,0,0,142
11/11/2013,HUM,LA,ASW,CE,Federal Contract Tower,0,21,24,0,45,0,185,42,0,227,0,206,66,0,272,0,0,0,272
11/12/2013,HUM,LA,ASW,CE,Federal Contract Tower,0,27,15,0,42,0,209,36,0,245,0,236,51,0,287,0,0,0,287
11/13/2013,HUM,LA,ASW,CE,Federal Contract Tower,0,22,23,0,45,0,173,29,2,204,0,195,52,2,249,4,0,4,253
11/14/2013,HUM,LA,ASW,CE,Federal Contract Tower,0,31,19,0,50,0,230,32,0,262,0,261,51,0,312,20,0,20,332
11/15/2013,HUM,LA,ASW,CE,Federal Contract Tower,0,41,25,0,66,0,124,14,0,138,0,165,39,0,204,0,0,0,204
11/16/2013,HUM,LA,ASW,CE,Federal Contract Tower,0,21,8,0,29,0,95,14,0,109,0,116,22,0,138,16,0,16,154
11/17/2013,HUM,LA,ASW,CE,Federal Contract Tower,0,46,7,0,53,0,62,3,0,65,0,108,10,0,118,10,0,10,128
11/18/2013,HUM,LA,ASW,CE,Federal Contract Tower,0,25,8,0,33,0,48,10,0,58,0,73,18,0,91,0,0,0,91
11/19/2013,HUM,LA,ASW,CE,Federal Contract Tower,0,28,14,0,42,0,225,44,0,269,0,253,58,0,311,0,0,0,311
11/20/2013,HUM,LA,ASW,CE,Federal Contract Tower,0,13,19,0,32,0,204,25,0,229,0,217,44,0,261,30,0,30,291
11/21/2013,HUM,LA,ASW,CE,Federal Contract Tower,0,95,20,0,115,0,125,8,0,133,0,220,28,0,248,0,0,0,248
11/22/2013,HUM,LA,ASW,CE,Federal Contract Tower,0,51,16,0,67,0,114,6,0,120,0,165,22,0,187,0,0,0,187
11/23/2013,HUM,LA,ASW,CE,Federal Contract Tower,0,40,4,0,44,0,10,0,0,10,0,50,4,0,54,0,0,0,54
11/24/2013,HUM,LA,ASW,CE,Federal Contract Tower,0,18,4,0,22,0,82,12,0,94,0,100,16,0,116,6,0,6,122
11/25/2013,HUM,LA,ASW,CE,Federal Contract Tower,0,102,8,0,110,0,80,6,0,86,0,182,14,0,196,0,0,0,196
11/26/2013,HUM,LA,ASW,CE,Federal Contract Tower,0,123,8,0,131,0,25,2,0,27,0,148,10,0,158,10,0,10,168
11/27/2013,HUM,LA,ASW,CE,Federal Contract Tower,0,28,13,0,41,0,215,24,0,239,0,243,37,0,280,4,0,4,284
11/28/2013,HUM,LA,ASW,CE,Federal Contract Tower,0,12,0,0,12,0,131,4,0,135,0,143,4,0,147,0,0,0,147
11/29/2013,HUM,LA,ASW,CE,Federal Contract Tower,0,13,13,0,26,0,138,35,0,173,0,151,48,0,199,0,0,0,199
11/30/2013,HUM,LA,ASW,CE,Federal Contract Tower,0,11,11,0,22,0,100,29,0,129,0,111,40,0,151,38,0,38,189
12/01/2013,HUM,LA,ASW,CE,Federal Contract Tower,0,7,18,0,25,0,98,16,0,114,0,105,34,0,139,0,0,0,139
12/02/2013,HUM,LA,ASW,CE,Federal Contract Tower,0,27,15,0,42,0,138,27,0,165,0,165,42,0,207,0,0,0,207
12/03/2013,HUM,LA,ASW,CE,Federal Contract Tower,0,29,10,0,39,0,172,33,0,205,0,201,43,0,244,16,0,16,260
12/04/2013,HUM,LA,ASW,CE,Federal Contract Tower,0,72,28,2,102,0,150,33,0,183,0,222,61,2,285,0,0,0,285
12/05/2013,HUM,LA,ASW,CE,Federal Contract Tower,0,75,35,0,110,0,33,3,0,36,0,108,38,0,146,0,0,0,146
12/06/2013,HUM,LA,ASW,CE,Federal Contract Tower,0,70,18,0,88,0,58,5,0,63,0,128,23,0,151,0,0,0,151
12/07/2013,HUM,LA,ASW,CE,Federal Contract Tower,0,24,8,0,32,0,0,0,0,0,0,24,8,0,32,0,0,0,32
12/08/2013,HUM,LA,ASW,CE,Federal Contract Tower,0,1,1,0,2,0,0,0,0,0,0,1,1,0,2,0,0,0,2
12/09/2013,HUM,LA,ASW,CE,Federal Contract Tower,0,104,6,0,110,0,22,0,0,22,0,126,6,0,132,0,0,0,132
12/10/2013,HUM,LA,ASW,CE,Federal Contract Tower,0,82,19,0,101,0,146,14,0,160,0,228,33,0,261,0,0,0,261
12/11/2013,HUM,LA,ASW,CE,Federal Contract Tower,0,22,10,0,32,0,224,51,0,275,0,246,61,0,307,14,0,14,321
12/12/2013,HUM,LA,ASW,CE,Federal Contract Tower,0,31,17,0,48,0,203,35,0,238,0,234,52,0,286,6,0,6,292
12/13/2013,HUM,LA,ASW,CE,Federal Contract Tower,0,32,13,0,45,0,161,35,0,196,0,193,48,0,241,10,0,10,251
12/14/2013,HUM,LA,ASW,CE,Federal Contract Tower,0,21,15,0,36,0,115,6,0,121,0,136,21,0,157,32,0,32,189
12/15/2013,HUM,LA,ASW,CE,Federal Contract Tower,0,25,12,0,37,0,96,18,0,114,0,121,30,0,151,8,0,8,159
12/16/2013,HUM,LA,ASW,CE,Federal Contract Tower,0,38,9,0,47,0,163,29,0,192,0,201,38,0,239,10,0,10,249
12/17/2013,HUM,LA,ASW,CE,Federal Contract Tower,0,30,16,0,46,0,201,41,0,242,0,231,57,0,288,6,0,6,294
12/18/2013,HUM,LA,ASW,CE,Federal Contract Tower,0,31,19,0,50,0,207,45,0,252,0,238,64,0,302,42,0,42,344
12/19/2013,HUM,LA,ASW,CE,Federal Contract Tower,0,39,18,0,57,0,206,29,0,235,0,245,47,0,292,4,0,4,296
12/20/2013,HUM,LA,ASW,CE,Federal Contract Tower,0,30,15,0,45,0,111,21,0,132,0,141,36,0,177,20,0,20,197
12/21/2013,HUM,LA,ASW,CE,Federal Contract Tower,0,49,7,0,56,0,27,2,0,29,0,76,9,0,85,2,0,2,87
12/22/2013,HUM,LA,ASW,CE,Federal Contract Tower,0,18,3,0,21,0,30,0,0,30,0,48,3,0,51,0,0,0,51
12/23/2013,HUM,LA,ASW,CE,Federal Contract Tower,0,100,9,0,109,0,105,22,0,127,0,205,31,0,236,0,0,0,236
12/24/2013,HUM,LA,ASW,CE,Federal Contract Tower,0,28,5,0,33,0,162,14,0,176,0,190,19,0,209,8,0,8,217
12/25/2013,HUM,LA,ASW,CE,Federal Contract Tower,0,18,4,0,22,0,137,0,0,137,0,155,4,0,159,0,0,0,159
12/26/2013,HUM,LA,ASW,CE,Federal Contract Tower,0,26,13,0,39,0,162,23,0,185,0,188,36,0,224,6,0,6,230
12/27/2013,HUM,LA,ASW,CE,Federal Contract Tower,0,46,15,0,61,0,170,16,0,186,0,216,31,0,247,4,0,4,251
12/28/2013,HUM,LA,ASW,CE,Federal Contract Tower,0,16,9,0,25,0,2,0,0,2,0,18,9,0,27,0,0,0,27
12/29/2013,HUM,LA,ASW,CE,Federal Contract Tower,0,32,8,0,40,0,94,14,0,108,0,126,22,0,148,24,0,24,172
12/30/2013,HUM,LA,ASW,CE,Federal Contract Tower,0,24,15,0,39,0,163,33,0,196,0,187,48,0,235,0,0,0,235
12/31/2013,HUM,LA,ASW,CE,Federal Contract Tower,0,45,3,0,48,0,133,18,0,151,0,178,21,0,199,0,0,0,199
01/01/2014,HUM,LA,ASW,CE,Federal Contract Tower,0,75,11,0,86,0,101,4,0,105,0,176,15,0,191,0,0,0,191
01/02/2014,HUM,LA,ASW,CE,Federal Contract Tower,0,77,16,0,93,0,132,9,0,141,0,209,25,0,234,0,0,0,234
01/03/2014,HUM,LA,ASW,CE,Federal Contract Tower,0,23,4,0,27,0,130,22,0,152,0,153,26,0,179,10,0,10,189
01/04/2014,HUM,LA,ASW,CE,Federal Contract Tower,0,7,17,0,24,0,133,26,0,159,0,140,43,0,183,32,0,32,215
01/05/2014,HUM,LA,ASW,CE,Federal Contract Tower,0,20,19,0,39,0,88,8,0,96,0,108,27,0,135,2,0,2,137
01/06/2014,HUM,LA,ASW,CE,Federal Contract Tower,0,3,6,0,9,0,131,13,0,144,0,134,19,0,153,0,0,0,153
01/07/2014,HUM,LA,ASW,CE,Federal Contract Tower,0,5,17,0,22,0,213,24,0,237,0,218,41,0,259,10,0,10,269
01/08/2014,HUM,LA,ASW,CE,Federal Contract Tower,0,11,20,0,31,0,273,22,0,295,0,284,42,0,326,6,0,6,332
01/09/2014,HUM,LA,ASW,CE,Federal Contract Tower,0,40,10,0,50,0,203,28,0,231,0,243,38,0,281,0,0,0,281
01/10/2014,HUM,LA,ASW,CE,Federal Contract Tower,0,44,18,0,62,0,16,4,0,20,0,60,22,0,82,4,0,4,86
01/11/2014,HUM,LA,ASW,CE,Federal Contract Tower,0,40,8,0,48,0,74,10,0,84,0,114,18,0,132,0,0,0,132
01/12/2014,HUM,LA,ASW,CE,Federal Contract Tower,0,10,11,0,21,0,142,37,0,179,0,152,48,0,200,20,0,20,220
01/13/2014,HUM,LA,ASW,CE,Federal Contract Tower,0,33,10,0,43,0,32,0,0,32,0,65,10,0,75,0,0,0,75
01/14/2014,HUM,LA,ASW,CE,Federal Contract Tower,0,29,12,0,41,0,210,42,2,254,0,239,54,2,295,0,0,0,295
01/15/2014,HUM,LA,ASW,CE,Federal Contract Tower,0,21,21,0,42,0,212,22,0,234,0,233,43,0,276,0,0,0,276
01/16/2014,HUM,LA,ASW,CE,Federal Contract Tower,0,15,10,0,25,0,212,25,0,237,0,227,35,0,262,0,0,0,262
01/17/2014,HUM,LA,ASW,CE,Federal Contract Tower,0,23,17,0,40,0,194,28,0,222,0,217,45,0,262,0,0,0,262
01/18/2014,HUM,LA,ASW,CE,Federal Contract Tower,0,1,3,0,4,0,106,23,0,129,0,107,26,0,133,2,0,2,135
01/19/2014,HUM,LA,ASW,CE,Federal Contract Tower,0,10,5,0,15,0,88,21,0,109,0,98,26,0,124,24,0,24,148
01/20/2014,HUM,LA,ASW,CE,Federal Contract Tower,0,35,7,0,42,0,149,16,0,165,0,184,23,0,207,2,0,2,209
01/21/2014,HUM,LA,ASW,CE,Federal Contract Tower,0,47,12,0,59,0,131,23,0,154,0,178,35,0,213,6,0,6,219
01/22/2014,HUM,LA,ASW,CE,Federal Contract Tower,0,17,7,0,24,0,259,26,0,285,0,276,33,0,309,10,0,10,319
01/23/2014,HUM,LA,ASW,CE,Federal Contract Tower,0,20,18,0,38,0,251,34,0,285,0,271,52,0,323,12,0,12,335
01/24/2014,HUM,LA,ASW,CE,Federal Contract Tower,0,2,6,0,8,0,6,0,0,6,0,8,6,0,14,0,0,0,14
01/25/2014,HUM,LA,ASW,CE,Federal Contract Tower,0,29,12,0,41,0,129,21,0,150,0,158,33,0,191,8,0,8,199
01/26/2014,HUM,LA,ASW,CE,Federal Contract Tower,0,26,15,0,41,0,126,25,0,151,0,152,40,0,192,24,0,24,216
01/27/2014,HUM,LA,ASW,CE,Federal Contract Tower,0,58,14,0,72,0,82,9,0,91,0,140,23,0,163,8,0,8,171
01/28/2014,HUM,LA,ASW,CE,Federal Contract Tower,0,0,0,0,0,0,10,0,0,10,0,10,0,0,10,0,0,0,10
01/29/2014,HUM,LA,ASW,CE,Federal Contract Tower,0,2,4,0,6,0,70,11,0,81,0,72,15,0,87,0,0,0,87
01/30/2014,HUM,LA,ASW,CE,Federal Contract Tower,0,29,14,0,43,0,279,39,0,318,0,308,53,0,361,0,0,0,361
01/31/2014,HUM,LA,ASW,CE,Federal Contract Tower,0,26,11,0,37,0,213,21,0,234,0,239,32,0,271,8,0,8,279
02/01/2014,HUM,LA,ASW,CE,Federal Contract Tower,0,13,7,0,20,0,116,16,0,132,0,129,23,0,152,6,0,6,158
02/02/2014,HUM,LA,ASW,CE,Federal Contract Tower,0,6,3,0,9,0,0,0,0,0,0,6,3,0,9,0,0,0,9
02/03/2014,HUM,LA,ASW,CE,Federal Contract Tower,0,107,10,0,117,0,62,7,0,69,0,169,17,0,186,0,0,0,186
02/04/2014,HUM,LA,ASW,CE,Federal Contract Tower,0,1,8,0,9,0,0,0,0,0,0,1,8,0,9,0,0,0,9
02/05/2014,HUM,LA,ASW,CE,Federal Contract Tower,0,43,12,0,55,0,286,31,0,317,0,329,43,0,372,38,0,38,410
02/06/2014,HUM,LA,ASW,CE,Federal Contract Tower,0,14,13,0,27,0,176,13,0,189,0,190,26,0,216,0,0,0,216
02/07/2014,HUM,LA,ASW,CE,Federal Contract Tower,0,20,7,0,27,0,233,27,0,260,0,253,34,0,287,2,0,2,289
02/08/2014,HUM,LA,ASW,CE,Federal Contract Tower,0,17,4,0,21,0,137,26,0,163,0,154,30,0,184,4,0,4,188
02/09/2014,HUM,LA,ASW,CE,Federal Contract Tower,0,19,16,9,44,0,121,21,0,142,0,140,37,9,186,4,0,4,190
02/10/2014,HUM,LA,ASW,CE,Federal Contract Tower,0,33,13,2,48,0,187,25,0,212,0,220,38,2,260,0,0,0,260
02/11/2014,HUM,LA,ASW,CE,Federal Contract Tower,0,81,14,0,95,0,2,0,0,2,0,83,14,0,97,10,0,10,107
02/12/2014,HUM,LA,ASW,CE,Federal Contract Tower,0,93,20,0,113,0,7,2,0,9,0,100,22,0,122,6,0,6,128
02/13/2014,HUM,LA,ASW,CE,Federal Contract Tower,0,91,17,5,113,0,201,35,0,236,0,292,52,5,349,6,0,6,355
02/14/2014,HUM,LA,ASW,CE,Federal Contract Tower,0,17,8,0,25,0,189,35,0,224,0,206,43,0,249,28,0,28,277
02/15/2014,HUM,LA,ASW,CE,Federal Contract Tower,0,10,6,0,16,0,117,35,0,152,0,127,41,0,168,28,0,28,196
02/16/2014,HUM,LA,ASW,CE,Federal Contract Tower,0,7,6,0,13,0,126,31,0,157,0,133,37,0,170,42,0,42,212
02/17/2014,HUM,LA,ASW,CE,Federal Contract Tower,0,34,10,0,44,0,198,26,0,224,0,232,36,0,268,0,0,0,268
02/18/2014,HUM,LA,ASW,CE,Federal Contract Tower,0,48,11,0,59,0,142,19,0,161,0,190,30,0,220,2,0,2,222
02/19/2014,HUM,LA,ASW,CE,Federal Contract Tower,0,89,12,0,101,0,110,17,0,127,0,199,29,0,228,2,0,2,230
02/20/2014,HUM,LA,ASW,CE,Federal Contract Tower,0,104,19,0,123,0,181,9,0,190,0,285,28,0,313,0,0,0,313
02/21/2014,HUM,LA,ASW,CE,Federal Contract Tower,0,24,17,0,41,0,197,33,0,230,0,221,50,0,271,20,0,20,291
02/22/2014,HUM,LA,ASW,CE,Federal Contract Tower,0,9,5,0,14,0,167,31,0,198,0,176,36,0,212,42,0,42,254
02/23/2014,HUM,LA,ASW,CE,Federal Contract Tower,0,27,8,0,35,0,7,1,0,8,0,34,9,0,43,0,0,0,43
02/24/2014,HUM,LA,ASW,CE,Federal Contract Tower,0,88,18,0,106,0,46,5,0,51,0,134,23,0,157,0,0,0,157
02/25/2014,HUM,LA,ASW,CE,Federal Contract Tower,0,113,16,0,129,0,27,0,2,29,0,140,16,2,158,0,26,26,184
02/26/2014,HUM,LA,ASW,CE,Federal Contract Tower,0,79,15,0,94,0,80,3,0,83,0,159,18,0,177,0,0,0,177
02/27/2014,HUM,LA,ASW,CE,Federal Contract Tower,0,22,13,0,35,0,221,47,0,268,0,243,60,0,303,22,0,22,325
02/28/2014,HUM,LA,ASW,CE,Federal Contract Tower,0,22,16,0,38,0,205,35,0,240,0,227,51,0,278,18,0,18,296
03/01/2014,HUM,LA,ASW,CE,Federal Contract Tower,0,7,16,0,23,0,122,15,0,137,0,129,31,0,160,16,0,16,176
03/02/2014,HUM,LA,ASW,CE,Federal Contract Tower,0,33,12,0,45,0,123,12,0,135,0,156,24,0,180,2,0,2,182
03/03/2014,HUM,LA,ASW,CE,Federal Contract Tower,0,60,12,0,72,0,139,17,0,156,0,199,29,0,228,0,0,0,228
03/04/2014,HUM,LA,ASW,CE,Federal Contract Tower,0,21,4,0,25,0,29,0,0,29,0,50,4,0,54,0,0,0,54
03/05/2014,HUM,LA,ASW,CE,Federal Contract Tower,0,167,16,0,183,0,40,3,0,43,0,207,19,0,226,0,0,0,226
03/06/2014,HUM,LA,ASW,CE,Federal Contract Tower,0,131,18,0,149,0,116,5,0,121,0,247,23,0,270,0,0,0,270
03/07/2014,HUM,LA,ASW,CE,Federal Contract Tower,0,46,9,0,55,0,206,48,0,254,0,252,57,0,309,16,0,16,325
03/08/2014,HUM,LA,ASW,CE,Federal Contract Tower,0,16,6,0,22,0,147,28,0,175,0,163,34,0,197,2,0,2,199
03/09/2014,HUM,LA,ASW,CE,Federal Contract Tower,0,17,3,0,20,0,93,16,0,109,0,110,19,0,129,26,0,26,155
03/10/2014,HUM,LA,ASW,CE,Federal Contract Tower,0,39,9,0,48,0,157,33,0,190,0,196,42,0,238,4,0,4,242
03/11/2014,HUM,LA,ASW,CE,Federal Contract Tower,0,69,15,0,84,0,94,13,0,107,0,163,28,0,191,6,0,6,197
03/12/2014,HUM,LA,ASW,CE,Federal Contract Tower,0,66,18,0,84,0,250,23,0,273,0,316,41,0,357,4,0,4,361
03/13/2014,HUM,LA,ASW,CE,Federal Contract Tower,0,20,24,0,44,0,189,57,0,246,0,209,81,0,290,30,0,30,320
03/14/2014,HUM,LA,ASW,CE,Federal Contract Tower,0,18,24,0,42,0,169,32,0,201,0,187,56,0,243,62,0,62,305
03/15/2014,HUM,LA,ASW,CE,Federal Contract Tower,0,9,11,0,20,0,138,28,0,166,0,147,39,0,186,20,0,20,206
03/16/2014,HUM,LA,ASW,CE,Federal Contract Tower,0,17,14,0,31,0,14,5,0,19,0,31,19,0,50,14,0,14,64
03/17/2014,HUM,LA,ASW,CE,Federal Contract Tower,0,41,16,0,57,0,161,17,0,178,0,202,33,0,235,0,0,0,235
03/18/2014,HUM,LA,ASW,CE,Federal Contract Tower,0,37,5,0,42,0,175,35,0,210,0,212,40,0,252,32,0,32,284
03/19/2014,HUM,LA,ASW,CE,Federal Contract Tower,0,30,20,0,50,0,222,31,0,253,0,252,51,0,303,4,0,4,307
03/20/2014,HUM,LA,ASW,CE,Federal Contract Tower,0,38,18,0,56,0,232,29,0,261,0,270,47,0,317,12,0,12,329
03/21/2014,HUM,LA,ASW,CE,Federal Contract Tower,0,41,14,0,55,0,160,62,0,222,0,201,76,0,277,8,0,8,285
03/22/2014,HUM,LA,ASW,CE,Federal Contract Tower,0,18,10,3,31,0,85,21,0,106,0,103,31,3,137,60,0,60,197
03/23/2014,HUM,LA,ASW,CE,Federal Contract Tower,0,24,10,0,34,0,37,7,0,44,0,61,17,0,78,8,0,8,86
03/24/2014,HUM,LA,ASW,CE,Federal Contract Tower,0,78,16,2,96,0,86,8,0,94,0,164,24,2,190,0,0,0,190
03/25/2014,HUM,LA,ASW,CE,Federal Contract Tower,0,27,13,1,41,0,232,28,1,261,0,259,41,2,302,10,0,10,312
03/26/2014,HUM,LA,ASW,CE,Federal Contract Tower,0,16,22,0,38,0,234,28,0,262,0,250,50,0,300,12,0,12,312
03/27/2014,HUM,LA,ASW,CE,Federal Contract Tower,0,41,20,0,61,0,155,21,0,176,0,196,41,0,237,12,0,12,249
03/28/2014,HUM,LA,ASW,CE,Federal Contract Tower,0,72,18,0,90,0,28,0,0,28,0,100,18,0,118,0,0,0,118
03/29/2014,HUM,LA,ASW,CE,Federal Contract Tower,0,20,24,0,44,0,133,30,0,163,0,153,54,0,207,6,0,6,213
03/30/2014,HUM,LA,ASW,CE,Federal Contract Tower,0,12,9,0,21,0,106,41,0,147,0,118,50,0,168,40,0,40,208
03/31/2014,HUM,LA,ASW,CE,Federal Contract Tower,0,16,11,0,27,0,155,37,0,192,0,171,48,0,219,7,3,10,229
04/01/2014,HUM,LA,ASW,CE,Federal Contract Tower,0,35,20,0,55,0,182,37,1,220,0,217,57,1,275,8,0,8,283
04/02/2014,HUM,LA,ASW,CE,Federal Contract Tower,0,74,19,0,93,0,222,19,0,241,0,296,38,0,334,0,0,0,334
04/03/2014,HUM,LA,ASW,CE,Federal Contract Tower,0,47,10,0,57,0,200,18,0,218,0,247,28,0,275,4,0,4,279
04/04/2014,HUM,LA,ASW,CE,Federal Contract Tower,0,85,20,0,105,0,62,11,0,73,0,147,31,0,178,4,0,4,182
04/05/2014,HUM,LA,ASW,CE,Federal Contract Tower,0,26,7,0,33,0,61,8,0,69,0,87,15,0,102,0,0,0,102
04/06/2014,HUM,LA,ASW,CE,Federal Contract Tower,0,29,9,0,38,0,42,1,0,43,0,71,10,0,81,0,0,0,81
04/07/2014,HUM,LA,ASW,CE,Federal Contract Tower,0,56,16,0,72,0,129,25,0,154,0,185,41,0,226,6,0,6,232
04/08/2014,HUM,LA,ASW,CE,Federal Contract Tower,0,33,8,0,41,0,226,31,0,257,0,259,39,0,298,0,0,0,298
04/09/2014,HUM,LA,ASW,CE,Federal Contract Tower,0,24,8,0,32,0,224,50,0,274,0,248,58,0,306,8,0,8,314
04/10/2014,HUM,LA,ASW,CE,Federal Contract Tower,0,12,13,0,25,0,228,35,0,263,0,240,48,0,288,0,0,0,288
04/11/2014,HUM,LA,ASW,CE,Federal Contract Tower,0,12,15,0,27,0,186,24,0,210,0,198,39,0,237,8,0,8,245
04/12/2014,HUM,LA,ASW,CE,Federal Contract Tower,0,22,10,0,32,0,105,25,0,130,0,127,35,0,162,24,0,24,186
04/13/2014,HUM,LA,ASW,CE,Federal Contract Tower,0,16,11,0,27,0,98,26,0,124,0,114,37,0,151,0,0,0,151
04/14/2014,HUM,LA,ASW,CE,Federal Contract Tower,0,59,20,0,79,0,77,12,0,89,0,136,32,0,168,0,0,0,168
04/15/2014,HUM,LA,ASW,CE,Federal Contract Tower,0,50,17,0,67,0,145,25,0,170,0,195,42,0,237,0,0,0,237
04/16/2014,HUM,LA,ASW,CE,Federal Contract Tower,0,25,8,0,33,0,248,46,0,294,0,273,54,0,327,0,0,0,327
04/17/2014,HUM,LA,ASW,CE,Federal Contract Tower,0,38,17,0,55,0,215,21,0,236,0,253,38,0,291,2,0,2,293
04/18/2014,HUM,LA,ASW,CE,Federal Contract Tower,0,58,8,0,66,0,111,21,0,132,0,169,29,0,198,0,0,0,198
04/19/2014,HUM,LA,ASW,CE,Federal Contract Tower,0,16,8,0,24,0,123,30,0,153,0,139,38,0,177,50,0,50,227
04/20/2014,HUM,LA,ASW,CE,Federal Contract Tower,0,3,7,0,10,0,93,36,0,129,0,96,43,0,139,46,0,46,185
04/21/2014,HUM,LA,ASW,CE,Federal Contract Tower,0,31,13,0,44,0,174,64,0,238,0,205,77,0,282,0,0,0,282
04/22/2014,HUM,LA,ASW,CE,Federal Contract Tower,0,43,15,0,58,0,196,35,0,231,0,239,50,0,289,0,0,0,289
04/23/2014,HUM,LA,ASW,CE,Federal Contract Tower,0,48,18,0,66,0,206,48,0,254,0,254,66,0,320,4,0,4,324
04/24/2014,HUM,LA,ASW,CE,Federal Contract Tower,0,51,30,0,81,0,224,30,0,254,0,275,60,0,335,0,0,0,335
04/25/2014,HUM,LA,ASW,CE,Federal Contract Tower,0,41,17,0,58,0,152,39,0,191,0,193,56,0,249,0,0,0,249
04/26/2014,HUM,LA,ASW,CE,Federal Contract Tower,0,28,4,0,32,0,98,23,0,121,0,126,27,0,153,16,0,16,169
04/27/2014,HUM,LA,ASW,CE,Federal Contract Tower,0,31,13,0,44,0,82,12,0,94,0,113,25,0,138,4,0,4,142
04/28/2014,HUM,LA,ASW,CE,Federal Contract Tower,0,44,13,0,57,0,136,23,0,159,0,180,36,0,216,0,0,0,216
04/29/2014,HUM,LA,ASW,CE,Federal Contract Tower,0,101,10,0,111,0,29,10,0,39,0,130,20,0,150,1,0,1,151
04/30/2014,HUM,LA,ASW,CE,Federal Contract Tower,0,26,7,0,33,0,265,44,0,309,0,291,51,0,342,0,0,0,342
05/01/2014,HUM,LA,ASW,CE,Federal Contract Tower,0,31,14,0,45,0,236,59,2,297,0,267,73,2,342,6,0,6,348
05/02/2014,HUM,LA,ASW,CE,Federal Contract Tower,0,29,24,0,53,0,175,52,0,227,0,204,76,0,280,6,0,6,286
05/03/2014,HUM,LA,ASW,CE,Federal Contract Tower,0,3,6,0,9,0,128,28,0,156,0,131,34,0,165,34,0,34,199
05/04/2014,HUM,LA,ASW,CE,Federal Contract Tower,0,5,16,0,21,0,129,32,0,161,0,134,48,0,182,28,0,28,210
05/05/2014,HUM,LA,ASW,CE,Federal Contract Tower,0,29,13,0,42,0,173,56,1,230,0,202,69,1,272,50,0,50,322
05/06/2014,HUM,LA,ASW,CE,Federal Contract Tower,0,28,16,0,44,0,190,71,0,261,0,218,87,0,305,12,0,12,317
05/07/2014,HUM,LA,ASW,CE,Federal Contract Tower,0,16,23,0,39,0,242,49,0,291,0,258,72,0,330,12,0,12,342
05/08/2014,HUM,LA,ASW,CE,Federal Contract Tower,0,25,20,0,45,0,230,57,0,287,0,255,77,0,332,28,0,28,360
05/09/2014,HUM,LA,ASW,CE,Federal Contract Tower,0,53,18,0,71,0,71,14,0,85,0,124,32,0,156,0,0,0,156
05/10/2014,HUM,LA,ASW,CE,Federal Contract Tower,0,29,6,0,35,0,131,13,0,144,0,160,19,0,179,12,0,12,191
05/11/2014,HUM,LA,ASW,CE,Federal Contract Tower,0,20,15,0,35,0,74,9,0,83,0,94,24,0,118,0,0,0,118
05/12/2014,HUM,LA,ASW,CE,Federal Contract Tower,0,41,19,0,60,0,149,54,0,203,0,190,73,0,263,10,0,10,273
05/13/2014,HUM,LA,ASW,CE,Federal Contract Tower,0,56,7,0,63,0,172,64,0,236,0,228,71,0,299,6,0,6,305
05/14/2014,HUM,LA,ASW,CE,Federal Contract Tower,0,67,9,0,76,0,181,27,0,208,0,248,36,0,284,8,0,8,292
05/15/2014,HUM,LA,ASW,CE,Federal Contract Tower,0,26,15,0,41,0,249,42,0,291,0,275,57,0,332,16,0,16,348
05/16/2014,HUM,LA,ASW,CE,Federal Contract Tower,0,10,12,0,22,0,184,53,0,237,0,194,65,0,259,18,0,18,277
05/17/2014,HUM,LA,ASW,CE,Federal Contract Tower,0,3,4,0,7,0,99,23,0,122,0,102,27,0,129,12,0,12,141
05/18/2014,HUM,LA,ASW,CE,Federal Contract Tower,0,3,20,0,23,0,123,41,0,164,0,126,61,0,187,46,0,46,233
05/19/2014,HUM,LA,ASW,CE,Federal Contract Tower,0,19,6,0,25,0,172,56,0,228,0,191,62,0,253,10,0,10,263
05/20/2014,HUM,LA,ASW,CE,Federal Contract Tower,0,26,18,0,44,0,194,48,0,242,0,220,66,0,286,26,0,26,312
05/21/2014,HUM,LA,ASW,CE,Federal Contract Tower,0,23,24,0,47,0,233,34,2,269,0,256,58,2,316,2,0,2,318
05/22/2014,HUM,LA,ASW,CE,Federal Contract Tower,0,24,25,0,49,0,220,44,0,264,0,244,69,0,313,22,0,22,335
05/23/2014,HUM,LA,ASW,CE,Federal Contract Tower,0,20,17,0,37,0,173,38,0,211,0,193,55,0,248,36,0,36,284
05/24/2014,HUM,LA,ASW,CE,Federal Contract Tower,0,7,1,0,8,0,99,10,0,109,0,106,11,0,117,4,0,4,121
05/25/2014,HUM,LA,ASW,CE,Federal Contract Tower,0,10,10,0,20,0,130,25,0,155,0,140,35,0,175,8,0,8,183
05/26/2014,HUM,LA,ASW,CE,Federal Contract Tower,0,19,14,0,33,0,115,32,0,147,0,134,46,0,180,2,0,2,182
05/27/2014,HUM,LA,ASW,CE,Federal Contract Tower,0,39,13,0,52,0,180,40,0,220,0,219,53,0,272,12,0,12,284
05/28/2014,HUM,LA,ASW,CE,Federal Contract Tower,0,54,14,0,68,0,145,3,0,148,0,199,17,0,216,0,0,0,216
05/29/2014,HUM,LA,ASW,CE,Federal Contract Tower,0,43,14,0,57,0,187,15,0,202,0,230,29,0,259,0,0,0,259
05/30/2014,HUM,LA,ASW,CE,Federal Contract Tower,0,38,20,0,58,0,113,5,0,118,0,151,25,0,176,0,0,0,176
05/31/2014,HUM,LA,ASW,CE,Federal Contract Tower,0,35,4,0,39,0,90,11,0,101,0,125,15,0,140,8,0,8,148
06/01/2014,HUM,LA,ASW,CE,Federal Contract Tower,0,42,23,0,65,0,68,19,0,87,0,110,42,0,152,7,0,7,159
06/02/2014,HUM,LA,ASW,CE,Federal Contract Tower,0,53,8,0,61,0,175,36,0,211,0,228,44,0,272,0,0,0,272
06/03/2014,HUM,LA,ASW,CE,Federal Contract Tower,0,65,15,0,80,0,180,56,0,236,0,245,71,0,316,24,0,24,340
06/04/2014,HUM,LA,ASW,CE,Federal Contract Tower,0,60,17,0,77,0,224,51,0,275,0,284,68,0,352,12,0,12,364
06/05/2014,HUM,LA,ASW,CE,Federal Contract Tower,0,50,20,0,70,0,199,45,0,244,0,249,65,0,314,12,0,12,326
06/06/2014,HUM,LA,ASW,CE,Federal Contract Tower,0,29,16,0,45,0,193,76,0,269,0,222,92,0,314,4,0,4,318
06/07/2014,HUM,LA,ASW,CE,Federal Contract Tower,0,9,3,0,12,0,127,27,2,156,0,136,30,2,168,38,0,38,206
06/08/2014,HUM,LA,ASW,CE,Federal Contract Tower,0,11,15,0,26,0,93,27,0,120,0,104,42,0,146,24,0,24,170
06/09/2014,HUM,LA,ASW,CE,Federal Contract Tower,0,27,12,0,39,0,185,45,0,230,0,212,57,0,269,4,0,4,273
06/10/2014,HUM,LA,ASW,CE,Federal Contract Tower,0,53,5,0,58,253,18,0,0,271,253,71,5,0,329,0,0,0,329
06/11/2014,HUM,LA,ASW,CE,Federal Contract Tower,0,30,17,0,47,0,175,32,0,207,0,205,49,0,254,10,0,10,264
06/12/2014,HUM,LA,ASW,CE,Federal Contract Tower,0,25,27,0,52,0,228,42,0,270,0,253,69,0,322,20,0,20,342
06/13/2014,HUM,LA,ASW,CE,Federal Contract Tower,0,36,17,0,53,0,133,21,0,154,0,169,38,0,207,18,0,18,225
06/14/2014,HUM,LA,ASW,CE,Federal Contract Tower,0,17,9,0,26,0,117,27,0,144,0,134,36,0,170,12,0,12,182
06/15/2014,HUM,LA,ASW,CE,Federal Contract Tower,0,22,8,0,30,0,92,5,0,97,0,114,13,0,127,8,0,8,135
06/16/2014,HUM,LA,ASW,CE,Federal Contract Tower,0,58,14,0,72,0,195,39,0,234,0,253,53,0,306,4,0,4,310
06/17/2014,HUM,LA,ASW,CE,Federal Contract Tower,0,34,17,0,51,0,197,46,0,243,0,231,63,0,294,20,0,20,314
06/18/2014,HUM,LA,ASW,CE,Federal Contract Tower,0,34,18,0,52,0,257,34,2,293,0,291,52,2,345,0,0,0,345
06/19/2014,HUM,LA,ASW,CE,Federal Contract Tower,0,30,13,0,43,0,191,34,0,225,0,221,47,0,268,14,0,14,282
06/20/2014,HUM,LA,ASW,CE,Federal Contract Tower,0,19,10,0,29,0,164,35,2,201,0,183,45,2,230,22,0,22,252
06/21/2014,HUM,LA,ASW,CE,Federal Contract Tower,0,7,3,0,10,0,117,30,0,147,0,124,33,0,157,18,0,18,175
06/22/2014,HUM,LA,ASW,CE,Federal Contract Tower,0,14,19,0,33,0,103,15,0,118,0,117,34,0,151,40,0,40,191
06/23/2014,HUM,LA,ASW,CE,Federal Contract Tower,0,33,18,0,51,0,139,51,0,190,0,172,69,0,241,20,0,20,261
06/24/2014,HUM,LA,ASW,CE,Federal Contract Tower,0,53,7,0,60,0,158,46,0,204,0,211,53,0,264,0,0,0,264
06/25/2014,HUM,LA,ASW,CE,Federal Contract Tower,0,53,14,0,67,0,230,41,0,271,0,283,55,0,338,2,0,2,340
06/26/2014,HUM,LA,ASW,CE,Federal Contract Tower,0,55,23,2,80,0,210,25,0,235,0,265,48,2,315,16,0,16,331
06/27/2014,HUM,LA,ASW,CE,Federal Contract Tower,0,50,24,0,74,0,111,21,0,132,0,161,45,0,206,14,0,14,220
06/28/2014,HUM,LA,ASW,CE,Federal Contract Tower,0,16,11,0,27,0,109,12,0,121,0,125,23,0,148,22,0,22,170
06/29/2014,HUM,LA,ASW,CE,Federal Contract Tower,0,21,9,0,30,0,115,24,0,139,0,136,33,0,169,26,0,26,195
06/30/2014,HUM,LA,ASW,CE,Federal Contract Tower,0,36,13,0,49,0,182,28,0,210,0,218,41,0,259,46,0,46,305
07/01/2014,HUM,LA,ASW,CE,Federal Contract Tower,0,42,13,0,55,0,215,47,0,262,0,257,60,0,317,6,0,6,323
07/02/2014,HUM,LA,ASW,CE,Federal Contract Tower,0,40,20,0,60,0,250,18,0,268,0,290,38,0,328,24,0,24,352
07/03/2014,HUM,LA,ASW,CE,Federal Contract Tower,0,24,19,0,43,0,174,27,0,201,0,198,46,0,244,12,0,12,256
07/04/2014,HUM,LA,ASW,CE,Federal Contract Tower,0,25,9,0,34,0,113,10,0,123,0,138,19,0,157,46,0,46,203
07/05/2014,HUM,LA,ASW,CE,Federal Contract Tower,0,3,18,0,21,0,102,22,0,124,0,105,40,0,145,0,0,0,145
07/06/2014,HUM,LA,ASW,CE,Federal Contract Tower,0,9,31,0,40,0,95,14,0,109,0,104,45,0,149,10,0,10,159
07/07/2014,HUM,LA,ASW,CE,Federal Contract Tower,0,21,14,0,35,0,206,42,0,248,0,227,56,0,283,2,0,2,285
07/08/2014,HUM,LA,ASW,CE,Federal Contract Tower,0,30,9,0,39,0,179,37,0,216,0,209,46,0,255,24,0,24,279
07/09/2014,HUM,LA,ASW,CE,Federal Contract Tower,0,15,14,4,33,0,280,27,0,307,0,295,41,4,340,6,0,6,346
07/10/2014,HUM,LA,ASW,CE,Federal Contract Tower,0,19,21,0,40,0,244,17,0,261,0,263,38,0,301,28,0,28,329
07/11/2014,HUM,LA,ASW,CE,Federal Contract Tower,0,30,17,0,47,0,175,32,0,207,0,205,49,0,254,10,0,10,264
07/12/2014,HUM,LA,ASW,CE,Federal Contract Tower,0,10,18,0,28,0,125,17,2,144,0,135,35,2,172,4,0,4,176
07/13/2014,HUM,LA,ASW,CE,Federal Contract Tower,0,21,29,0,50,0,89,20,2,111,0,110,49,2,161,26,0,26,187
07/14/2014,HUM,LA,ASW,CE,Federal Contract Tower,0,32,13,0,45,0,207,17,0,224,0,239,30,0,269,0,0,0,269
07/15/2014,HUM,LA,ASW,CE,Federal Contract Tower,0,38,13,0,51,0,246,38,0,284,0,284,51,0,335,0,0,0,335
07/16/2014,HUM,LA,ASW,CE,Federal Contract Tower,0,38,10,0,48,0,233,86,0,319,0,271,96,0,367,28,0,28,395
07/17/2014,HUM,LA,ASW,CE,Federal Contract Tower,0,25,16,0,41,0,219,24,0,243,0,244,40,0,284,0,0,0,284
07/18/2014,HUM,LA,ASW,CE,Federal Contract Tower,0,41,10,0,51,0,78,6,0,84,0,119,16,0,135,0,0,0,135
07/19/2014,HUM,LA,ASW,CE,Federal Contract Tower,0,15,4,0,19,0,106,15,0,121,0,121,19,0,140,26,0,26,166
07/20/2014,HUM,LA,ASW,CE,Federal Contract Tower,0,27,13,0,40,0,56,6,0,62,0,83,19,0,102,14,0,14,116
07/21/2014,HUM,LA,ASW,CE,Federal Contract Tower,0,43,6,0,49,0,199,39,0,238,0,242,45,0,287,8,0,8,295
07/22/2014,HUM,LA,ASW,CE,Federal Contract Tower,0,46,12,0,58,0,197,29,2,228,0,243,41,2,286,6,0,6,292
07/23/2014,HUM,LA,ASW,CE,Federal Contract Tower,0,44,16,0,60,0,234,41,0,275,0,278,57,0,335,10,0,10,345
07/24/2014,HUM,LA,ASW,CE,Federal Contract Tower,0,37,10,0,47,0,245,33,0,278,0,282,43,0,325,2,0,2,327
07/25/2014,HUM,LA,ASW,CE,Federal Contract Tower,0,30,16,0,46,0,191,45,0,236,0,221,61,0,282,2,0,2,284
07/26/2014,HUM,LA,ASW,CE,Federal Contract Tower,0,11,12,0,23,0,148,30,0,178,0,159,42,0,201,40,0,40,241
07/27/2014,HUM,LA,ASW,CE,Federal Contract Tower,0,15,13,0,28,0,111,23,0,134,0,126,36,0,162,0,0,0,162
07/28/2014,HUM,LA,ASW,CE,Federal Contract Tower,0,36,12,0,48,0,194,38,0,232,0,230,50,0,280,0,0,0,280
07/29/2014,HUM,LA,ASW,CE,Federal Contract Tower,0,38,13,0,51,0,215,51,0,266,0,253,64,0,317,26,0,26,343
07/30/2014,HUM,LA,ASW,CE,Federal Contract Tower,0,27,5,0,32,0,230,39,2,271,0,257,44,2,303,14,0,14,317
07/31/2014,HUM,LA,ASW,CE,Federal Contract Tower,0,22,11,0,33,0,214,33,0,247,0,236,44,0,280,10,0,10,290
08/01/2014,HUM,LA,ASW,CE,Federal Contract Tower,0,24,13,0,37,0,163,26,0,189,0,187,39,0,226,18,0,18,244
08/02/2014,HUM,LA,ASW,CE,Federal Contract Tower,0,11,7,0,18,0,99,9,0,108,0,110,16,0,126,8,0,8,134
08/03/2014,HUM,LA,ASW,CE,Federal Contract Tower,0,12,8,0,20,0,98,20,0,118,0,110,28,0,138,18,0,18,156
08/04/2014,HUM,LA,ASW,CE,Federal Contract Tower,0,29,18,0,47,0,166,44,0,210,0,195,62,0,257,12,0,12,269
08/05/2014,HUM,LA,ASW,CE,Federal Contract Tower,0,34,10,0,44,0,219,41,0,260,0,253,51,0,304,8,0,8,312
08/06/2014,HUM,LA,ASW,CE,Federal Contract Tower,0,30,17,0,47,0,271,34,2,307,0,301,51,2,354,4,0,4,358
08/07/2014,HUM,LA,ASW,CE,Federal Contract Tower,0,28,9,0,37,0,248,52,0,300,0,276,61,0,337,8,0,8,345
08/08/2014,HUM,LA,ASW,CE,Federal Contract Tower,0,22,11,0,33,0,208,18,0,226,0,230,29,0,259,6,0,6,265
08/09/2014,HUM,LA,ASW,CE,Federal Contract Tower,0,8,8,0,16,0,117,18,0,135,0,125,26,0,151,8,0,8,159
08/10/2014,HUM,LA,ASW,CE,Federal Contract Tower,0,11,12,0,23,0,122,24,0,146,0,133,36,0,169,24,0,24,193
08/11/2014,HUM,LA,ASW,CE,Federal Contract Tower,0,27,8,0,35,0,207,32,0,239,0,234,40,0,274,0,0,0,274
08/12/2014,HUM,LA,ASW,CE,Federal Contract Tower,0,21,17,0,38,0,240,45,0,285,0,261,62,0,323,10,0,10,333
08/13/2014,HUM,LA,ASW,CE,Federal Contract Tower,0,32,20,0,52,0,217,46,0,263,0,249,66,0,315,12,0,12,327
08/14/2014,HUM,LA,ASW,CE,Federal Contract Tower,0,20,32,2,54,0,205,32,0,237,0,225,64,2,291,0,0,0,291
08/15/2014,HUM,LA,ASW,CE,Federal Contract Tower,0,22,15,0,37,0,178,32,4,214,0,200,47,4,251,40,0,40,291
08/16/2014,HUM,LA,ASW,CE,Federal Contract Tower,0,2,3,0,5,0,130,38,0,168,0,132,41,0,173,10,0,10,183
08/17/2014,HUM,LA,ASW,CE,Federal Contract Tower,0,15,16,0,31,0,88,31,0,119,0,103,47,0,150,50,0,50,200
08/18/2014,HUM,LA,ASW,CE,Federal Contract Tower,0,29,26,0,55,0,203,42,0,245,0,232,68,0,300,6,0,6,306
08/19/2014,HUM,LA,ASW,CE,Federal Contract Tower,0,35,15,0,50,0,225,50,0,275,0,260,65,0,325,6,0,6,331
08/20/2014,HUM,LA,ASW,CE,Federal Contract Tower,0,28,19,0,47,0,252,36,0,288,0,280,55,0,335,10,0,10,345
08/21/2014,HUM,LA,ASW,CE,Federal Contract Tower,0,26,23,0,49,0,247,31,0,278,0,273,54,0,327,20,0,20,347
08/22/2014,HUM,LA,ASW,CE,Federal Contract Tower,0,23,9,3,35,0,188,26,0,214,0,211,35,3,249,4,0,4,253
08/23/2014,HUM,LA,ASW,CE,Federal Contract Tower,0,6,2,0,8,0,113,24,0,137,0,119,26,0,145,30,0,30,175
08/24/2014,HUM,LA,ASW,CE,Federal Contract Tower,0,16,5,0,21,0,107,25,0,132,0,123,30,0,153,24,0,24,177
08/25/2014,HUM,LA,ASW,CE,Federal Contract Tower,0,36,12,0,48,0,137,25,0,162,0,173,37,0,210,28,0,28,238
08/26/2014,HUM,LA,ASW,CE,Federal Contract Tower,0,42,19,0,61,0,148,44,0,192,0,190,63,0,253,7,5,12,265
08/27/2014,HUM,LA,ASW,CE,Federal Contract Tower,0,38,16,0,54,0,216,54,0,270,0,254,70,0,324,28,0,28,352
08/28/2014,HUM,LA,ASW,CE,Federal Contract Tower,0,29,15,0,44,0,203,41,3,247,0,232,56,3,291,10,0,10,301
08/29/2014,HUM,LA,ASW,CE,Federal Contract Tower,0,29,14,0,43,0,89,11,0,100,0,118,25,0,143,12,0,12,155
08/30/2014,HUM,LA,ASW,CE,Federal Contract Tower,0,12,5,0,17,0,91,0,0,91,0,103,5,0,108,20,0,20,128
08/31/2014,HUM,LA,ASW,CE,Federal Contract Tower,0,12,19,0,31,0,113,13,0,126,0,125,32,0,157,22,0,22,179
09/01/2014,HUM,LA,ASW,CE,Federal Contract Tower,0,28,11,0,39,0,142,28,0,170,0,170,39,0,209,14,0,14,223
09/02/2014,HUM,LA,ASW,CE,Federal Contract Tower,0,30,14,0,44,0,203,28,0,231,0,233,42,0,275,2,0,2,277
09/03/2014,HUM,LA,ASW,CE,Federal Contract Tower,0,28,9,0,37,0,261,37,0,298,0,289,46,0,335,12,0,12,347
09/04/2014,HUM,LA,ASW,CE,Federal Contract Tower,0,23,8,0,31,0,237,54,0,291,0,260,62,0,322,0,0,0,322
09/05/2014,HUM,LA,ASW,CE,Federal Contract Tower,0,31,16,1,48,0,161,15,3,179,0,192,31,4,227,2,0,2,229
09/06/2014,HUM,LA,ASW,CE,Federal Contract Tower,0,19,9,0,28,0,108,19,0,127,0,127,28,0,155,8,0,8,163
09/07/2014,HUM,LA,ASW,CE,Federal Contract Tower,0,20,15,0,35,0,112,11,0,123,0,132,26,0,158,2,0,2,160
09/08/2014,HUM,LA,ASW,CE,Federal Contract Tower,0,43,7,0,50,0,176,44,0,220,0,219,51,0,270,10,0,10,280
09/09/2014,HUM,LA,ASW,CE,Federal Contract Tower,0,39,10,0,49,0,211,39,0,250,0,250,49,0,299,10,0,10,309
09/10/2014,HUM,LA,ASW,CE,Federal Contract Tower,0,31,15,1,47,0,208,52,2,262,0,239,67,3,309,28,14,42,351
09/11/2014,HUM,LA,ASW,CE,Federal Contract Tower,0,37,14,0,51,0,175,35,0,210,0,212,49,0,261,8,0,8,269
09/12/2014,HUM,LA,ASW,CE,Federal Contract Tower,0,26,17,0,43,0,177,28,0,205,0,203,45,0,248,8,0,8,256
09/13/2014,HUM,LA,ASW,CE,Federal Contract Tower,0,28,3,0,31,0,87,0,0,87,0,115,3,0,118,36,0,36,154
09/14/2014,HUM,LA,ASW,CE,Federal Contract Tower,0,31,6,0,37,0,74,12,0,86,0,105,18,0,123,12,0,12,135
09/15/2014,HUM,LA,ASW,CE,Federal Contract Tower,0,24,21,0,45,0,194,38,0,232,0,218,59,0,277,2,0,2,279
09/16/2014,HUM,LA,ASW,CE,Federal Contract Tower,0,46,10,0,56,0,129,30,0,159,0,175,40,0,215,50,0,50,265
09/17/2014,HUM,LA,ASW,CE,Federal Contract Tower,0,35,16,0,51,0,244,44,0,288,0,279,60,0,339,0,0,0,339
09/18/2014,HUM,LA,ASW,CE,Federal Contract Tower,0,53,22,0,75,0,199,49,0,248,0,252,71,0,323,0,0,0,323
09/19/2014,HUM,LA,ASW,CE,Federal Contract Tower,0,40,11,0,51,0,150,31,0,181,0,190,42,0,232,10,0,10,242
09/20/2014,HUM,LA,ASW,CE,Federal Contract Tower,0,16,6,0,22,0,164,15,0,179,0,180,21,0,201,0,0,0,201
09/21/2014,HUM,LA,ASW,CE,Federal Contract Tower,0,16,9,0,25,0,121,21,0,142,0,137,30,0,167,8,0,8,175
09/22/2014,HUM,LA,ASW,CE,Federal Contract Tower,0,29,11,0,40,0,164,39,0,203,0,193,50,0,243,0,0,0,243
09/23/2014,HUM,LA,ASW,CE,Federal Contract Tower,0,25,10,0,35,0,213,36,0,249,0,238,46,0,284,20,0,20,304
09/24/2014,HUM,LA,ASW,CE,Federal Contract Tower,0,36,13,0,49,0,199,38,0,237,0,235,51,0,286,2,0,2,288
09/25/2014,HUM,LA,ASW,CE,Federal Contract Tower,0,33,19,0,52,0,221,31,1,253,0,254,50,1,305,0,0,0,305
09/26/2014,HUM,LA,ASW,CE,Federal Contract Tower,0,31,20,0,51,0,164,29,0,193,0,195,49,0,244,0,0,0,244
09/27/2014,HUM,LA,ASW,CE,Federal Contract Tower,0,16,12,0,28,0,126,18,0,144,0,142,30,0,172,0,0,0,172
09/28/2014,HUM,LA,ASW,CE,Federal Contract Tower,0,27,15,0,42,0,29,1,0,30,0,56,16,0,72,0,0,0,72
09/29/2014,HUM,LA,ASW,CE,Federal Contract Tower,0,67,22,0,89,0,169,20,0,189,0,236,42,0,278,0,0,0,278
09/30/2014,HUM,LA,ASW,CE,Federal Contract Tower,0,35,8,0,43,0,205,39,0,244,0,240,47,0,287,12,0,12,299
10/01/2014,HUM,LA,ASW,CE,Federal Contract Tower,0,40,17,0,57,0,195,34,0,229,0,235,51,0,286,6,0,6,292
10/02/2014,HUM,LA,ASW,CE,Federal Contract Tower,0,28,14,0,42,0,209,33,0,242,0,237,47,0,284,0,0,0,284
10/03/2014,HUM,LA,ASW,CE,Federal Contract Tower,0,27,8,0,35,0,97,21,6,124,0,124,29,6,159,12,0,12,171
10/04/2014,HUM,LA,ASW,CE,Federal Contract Tower,0,7,5,0,12,0,100,24,0,124,0,107,29,0,136,0,0,0,136
10/05/2014,HUM,LA,ASW,CE,Federal Contract Tower,0,7,8,0,15,0,132,29,0,161,0,139,37,0,176,48,0,48,224
10/06/2014,HUM,LA,ASW,CE,Federal Contract Tower,0,24,11,0,35,0,180,59,0,239,0,204,70,0,274,16,0,16,290
10/07/2014,HUM,LA,ASW,CE,Federal Contract Tower,0,182,55,0,237,0,41,11,0,52,0,223,66,0,289,14,0,14,303
10/08/2014,HUM,LA,ASW,CE,Federal Contract Tower,0,62,14,0,76,0,174,44,0,218,0,236,58,0,294,8,0,8,302
10/09/2014,HUM,LA,ASW,CE,Federal Contract Tower,0,50,25,0,75,0,198,37,0,235,0,248,62,0,310,10,0,10,320
10/10/2014,HUM,LA,ASW,CE,Federal Contract Tower,0,25,13,0,38,0,165,44,0,209,0,190,57,0,247,0,0,0,247
10/11/2014,HUM,LA,ASW,CE,Federal Contract Tower,0,16,12,0,28,0,112,15,127,254,0,128,27,127,282,8,0,8,290
10/12/2014,HUM,LA,ASW,CE,Federal Contract Tower,0,17,8,0,25,0,86,29,0,115,0,103,37,0,140,16,0,16,156
10/13/2014,HUM,LA,ASW,CE,Federal Contract Tower,0,30,7,0,37,0,158,28,0,186,0,188,35,0,223,10,0,10,233
10/14/2014,HUM,LA,ASW,CE,Federal Contract Tower,0,22,12,0,34,0,195,45,0,240,0,217,57,0,274,22,0,22,296
10/15/2014,HUM,LA,ASW,CE,Federal Contract Tower,0,21,12,0,33,0,297,59,0,356,0,318,71,0,389,22,0,22,411
10/16/2014,HUM,LA,ASW,CE,Federal Contract Tower,0,15,15,0,30,0,214,40,0,254,0,229,55,0,284,12,0,12,296
10/17/2014,HUM,LA,ASW,CE,Federal Contract Tower,0,44,14,4,62,0,161,36,0,197,0,205,50,4,259,4,0,4,263
10/18/2014,HUM,LA,ASW,CE,Federal Contract Tower,0,12,11,0,23,0,105,87,0,192,0,117,98,0,215,25,0,25,240
10/19/2014,HUM,LA,ASW,CE,Federal Contract Tower,0,8,6,0,14,0,122,27,0,149,0,130,33,0,163,6,0,6,169
10/20/2014,HUM,LA,ASW,CE,Federal Contract Tower,0,36,9,0,45,0,182,44,3,229,0,218,53,3,274,4,0,4,278
10/21/2014,HUM,LA,ASW,CE,Federal Contract Tower,0,28,2,0,30,0,187,37,0,224,0,215,39,0,254,120,0,120,374
10/22/2014,HUM,LA,ASW,CE,Federal Contract Tower,0,29,13,0,42,0,214,39,0,253,0,243,52,0,295,122,0,122,417
10/23/2014,HUM,LA,ASW,CE,Federal Contract Tower,0,29,17,0,46,0,188,35,0,223,0,217,52,0,269,42,0,42,311
10/24/2014,HUM,LA,ASW,CE,Federal Contract Tower,0,15,14,0,29,0,172,34,0,206,0,187,48,0,235,4,0,4,239
10/25/2014,HUM,LA,ASW,CE,Federal Contract Tower,0,2,11,0,13,0,119,25,0,144,0,121,36,0,157,16,0,16,173
10/26/2014,HUM,LA,ASW,CE,Federal Contract Tower,0,10,11,0,21,0,133,36,0,169,0,143,47,0,190,12,0,12,202
10/27/2014,HUM,LA,ASW,CE,Federal Contract Tower,0,39,30,0,69,0,193,40,0,233,0,232,70,0,302,6,0,6,308
10/28/2014,HUM,LA,ASW,CE,Federal Contract Tower,0,40,8,0,48,0,198,40,0,238,0,238,48,0,286,34,0,34,320
10/29/2014,HUM,LA,ASW,CE,Federal Contract Tower,0,49,13,0,62,0,209,29,0,238,0,258,42,0,300,0,0,0,300
10/30/2014,HUM,LA,ASW,CE,Federal Contract Tower,0,27,12,0,39,0,205,57,0,262,0,232,69,0,301,2,0,2,303
10/31/2014,HUM,LA,ASW,CE,Federal Contract Tower,0,11,15,0,26,0,145,47,0,192,0,156,62,0,218,0,0,0,218
11/01/2014,HUM,LA,ASW,CE,Federal Contract Tower,0,5,9,0,14,0,100,27,0,127,0,105,36,0,141,0,0,0,141
11/02/2014,HUM,LA,ASW,CE,Federal Contract Tower,0,5,12,0,17,0,118,29,0,147,0,123,41,0,164,4,0,4,168
11/03/2014,HUM,LA,ASW,CE,Federal Contract Tower,0,24,6,0,30,0,192,54,0,246,0,216,60,0,276,0,0,0,276
11/04/2014,HUM,LA,ASW,CE,Federal Contract Tower,0,32,5,0,37,0,185,37,0,222,0,217,42,0,259,0,0,0,259
11/05/2014,HUM,LA,ASW,CE,Federal Contract Tower,0,40,12,0,52,0,204,14,0,218,0,244,26,0,270,0,0,0,270
11/06/2014,HUM,LA,ASW,CE,Federal Contract Tower,0,59,25,0,84,0,150,21,0,171,0,209,46,0,255,18,0,18,273
11/07/2014,HUM,LA,ASW,CE,Federal Contract Tower,0,9,16,0,25,0,198,34,0,232,0,207,50,0,257,28,0,28,285
11/08/2014,HUM,LA,ASW,CE,Federal Contract Tower,0,12,5,0,17,0,151,18,0,169,0,163,23,0,186,2,0,2,188
11/09/2014,HUM,LA,ASW,CE,Federal Contract Tower,0,6,7,0,13,0,119,35,0,154,0,125,42,0,167,18,0,18,185
11/10/2014,HUM,LA,ASW,CE,Federal Contract Tower,0,22,14,0,36,0,184,33,0,217,0,206,47,0,253,20,0,20,273
11/11/2014,HUM,LA,ASW,CE,Federal Contract Tower,0,41,14,0,55,0,208,38,0,246,0,249,52,0,301,0,0,0,301
11/12/2014,HUM,LA,ASW,CE,Federal Contract Tower,0,85,21,0,106,0,149,18,0,167,0,234,39,0,273,0,0,0,273
11/13/2014,HUM,LA,ASW,CE,Federal Contract Tower,0,46,14,0,60,0,64,6,0,70,0,110,20,0,130,2,0,2,132
11/14/2014,HUM,LA,ASW,CE,Federal Contract Tower,0,35,21,0,56,0,208,28,0,236,0,243,49,0,292,0,0,0,292
11/15/2014,HUM,LA,ASW,CE,Federal Contract Tower,0,22,12,0,34,0,98,22,0,120,0,120,34,0,154,20,0,20,174
11/16/2014,HUM,LA,ASW,CE,Federal Contract Tower,0,23,7,0,30,0,108,12,0,120,0,131,19,0,150,8,0,8,158
11/17/2014,HUM,LA,ASW,CE,Federal Contract Tower,0,50,29,0,79,0,126,20,0,146,0,176,49,0,225,36,0,36,261
11/18/2014,HUM,LA,ASW,CE,Federal Contract Tower,0,28,13,0,41,0,187,25,0,212,0,215,38,0,253,0,0,0,253
11/19/2014,HUM,LA,ASW,CE,Federal Contract Tower,0,13,25,0,38,0,242,42,0,284,0,255,67,0,322,0,0,0,322
11/20/2014,HUM,LA,ASW,CE,Federal Contract Tower,0,18,26,0,44,0,230,51,0,281,0,248,77,0,325,0,0,0,325
11/21/2014,HUM,LA,ASW,CE,Federal Contract Tower,0,10,21,0,31,0,173,41,0,214,0,183,62,0,245,4,0,4,249
11/22/2014,HUM,LA,ASW,CE,Federal Contract Tower,0,12,2,0,14,0,92,7,0,99,0,104,9,0,113,0,0,0,113
11/23/2014,HUM,LA,ASW,CE,Federal Contract Tower,0,18,10,0,28,0,88,6,0,94,0,106,16,0,122,0,0,0,122
11/24/2014,HUM,LA,ASW,CE,Federal Contract Tower,0,45,6,0,51,0,174,43,0,217,0,219,49,0,268,0,0,0,268
11/25/2014,HUM,LA,ASW,CE,Federal Contract Tower,0,30,11,0,41,0,164,18,0,182,0,194,29,0,223,0,0,0,223
11/26/2014,HUM,LA,ASW,CE,Federal Contract Tower,0,7,13,0,20,0,224,24,0,248,0,231,37,0,268,0,0,0,268
11/27/2014,HUM,LA,ASW,CE,Federal Contract Tower,0,6,5,0,11,0,141,6,0,147,0,147,11,0,158,26,0,26,184
11/28/2014,HUM,LA,ASW,CE,Federal Contract Tower,0,13,14,0,27,0,145,27,0,172,0,158,41,0,199,0,0,0,199
11/29/2014,HUM,LA,ASW,CE,Federal Contract Tower,0,7,9,0,16,0,81,12,0,93,0,88,21,0,109,0,0,0,109
11/30/2014,HUM,LA,ASW,CE,Federal Contract Tower,0,8,19,0,27,0,109,11,0,120,0,117,30,0,147,0,0,0,147
12/01/2014,HUM,LA,ASW,CE,Federal Contract Tower,0,33,15,0,48,0,184,39,2,225,0,217,54,2,273,36,0,36,309
12/02/2014,HUM,LA,ASW,CE,Federal Contract Tower,0,58,22,0,80,0,117,20,0,137,0,175,42,0,217,2,0,2,219
12/03/2014,HUM,LA,ASW,CE,Federal Contract Tower,0,74,10,0,84,0,71,12,0,83,0,145,22,0,167,8,0,8,175
12/04/2014,HUM,LA,ASW,CE,Federal Contract Tower,0,41,15,0,56,0,108,11,0,119,0,149,26,0,175,0,0,0,175
12/05/2014,HUM,LA,ASW,CE,Federal Contract Tower,0,28,24,0,52,0,175,16,0,191,0,203,40,0,243,0,0,0,243
12/06/2014,HUM,LA,ASW,CE,Federal Contract Tower,0,13,8,0,21,0,70,26,0,96,0,83,34,0,117,4,0,4,121
12/07/2014,HUM,LA,ASW,CE,Federal Contract Tower,0,25,9,0,34,0,115,10,0,125,0,140,19,0,159,0,0,0,159
12/08/2014,HUM,LA,ASW,CE,Federal Contract Tower,0,24,17,1,42,0,189,35,2,226,0,213,52,3,268,0,0,0,268
12/09/2014,HUM,LA,ASW,CE,Federal Contract Tower,0,25,16,0,41,0,182,43,0,225,0,207,59,0,266,0,0,0,266
12/10/2014,HUM,LA,ASW,CE,Federal Contract Tower,0,22,18,0,40,0,258,30,0,288,0,280,48,0,328,16,0,16,344
12/11/2014,HUM,LA,ASW,CE,Federal Contract Tower,0,19,22,0,41,0,234,21,0,255,0,253,43,0,296,0,0,0,296
12/12/2014,HUM,LA,ASW,CE,Federal Contract Tower,0,21,26,0,47,0,188,25,0,213,0,209,51,0,260,2,0,2,262
12/13/2014,HUM,LA,ASW,CE,Federal Contract Tower,0,11,3,4,18,0,117,36,2,155,0,128,39,6,173,12,0,12,185
12/14/2014,HUM,LA,ASW,CE,Federal Contract Tower,0,12,8,0,20,0,136,30,0,166,0,148,38,0,186,12,0,12,198
12/15/2014,HUM,LA,ASW,CE,Federal Contract Tower,0,36,16,0,52,0,162,26,0,188,0,198,42,0,240,0,0,0,240
12/16/2014,HUM,LA,ASW,CE,Federal Contract Tower,0,38,15,0,53,0,212,30,0,242,0,250,45,0,295,18,0,18,313
12/17/2014,HUM,LA,ASW,CE,Federal Contract Tower,0,27,13,0,40,0,205,31,0,236,0,232,44,0,276,0,0,0,276
12/18/2014,HUM,LA,ASW,CE,Federal Contract Tower,0,23,11,0,34,0,199,21,0,220,0,222,32,0,254,0,0,0,254
12/19/2014,HUM,LA,ASW,CE,Federal Contract Tower,0,73,16,0,89,0,56,0,0,56,0,129,16,0,145,0,0,0,145
12/20/2014,HUM,LA,ASW,CE,Federal Contract Tower,0,50,26,0,76,0,0,0,0,0,0,50,26,0,76,0,0,0,76
12/21/2014,HUM,LA,ASW,CE,Federal Contract Tower,0,55,15,0,70,0,58,2,0,60,0,113,17,0,130,0,0,0,130
12/22/2014,HUM,LA,ASW,CE,Federal Contract Tower,0,64,12,0,76,0,84,6,0,90,0,148,18,0,166,0,0,0,166
12/23/2014,HUM,LA,ASW,CE,Federal Contract Tower,0,58,8,0,66,0,107,2,0,109,0,165,10,0,175,0,0,0,175
12/24/2014,HUM,LA,ASW,CE,Federal Contract Tower,0,36,8,0,44,0,173,15,0,188,0,209,23,0,232,0,0,0,232
12/25/2014,HUM,LA,ASW,CE,Federal Contract Tower,0,15,1,0,16,0,82,11,0,93,0,97,12,0,109,10,0,10,119
12/26/2014,HUM,LA,ASW,CE,Federal Contract Tower,0,30,9,0,39,0,99,28,0,127,0,129,37,0,166,8,0,8,174
12/27/2014,HUM,LA,ASW,CE,Federal Contract Tower,0,36,7,0,43,0,0,0,0,0,0,36,7,0,43,0,0,0,43
12/28/2014,HUM,LA,ASW,CE,Federal Contract Tower,0,41,6,0,47,0,0,0,0,0,0,41,6,0,47,0,0,0,47
12/29/2014,HUM,LA,ASW,CE,Federal Contract Tower,0,76,9,0,85,0,34,10,0,44,0,110,19,0,129,8,0,8,137
12/30/2014,HUM,LA,ASW,CE,Federal Contract Tower,0,127,17,0,144,0,89,22,0,111,0,216,39,0,255,6,0,6,261
12/31/2014,HUM,LA,ASW,CE,Federal Contract Tower,0,57,7,0,64,0,188,31,0,219,0,245,38,0,283,0,0,0,283
01/01/2015,HUM,LA,ASW,CE,Federal Contract Tower,0,84,7,0,91,0,39,1,0,40,0,123,8,0,131,0,0,0,131
01/02/2015,HUM,LA,ASW,CE,Federal Contract Tower,0,80,18,1,99,0,48,3,0,51,0,128,21,1,150,0,0,0,150
01/03/2015,HUM,LA,ASW,CE,Federal Contract Tower,0,24,9,0,33,0,23,0,0,23,0,47,9,0,56,0,0,0,56
01/04/2015,HUM,LA,ASW,CE,Federal Contract Tower,0,15,8,0,23,0,121,29,0,150,0,136,37,0,173,38,0,38,211
01/05/2015,HUM,LA,ASW,CE,Federal Contract Tower,0,22,7,0,29,0,166,27,0,193,0,188,34,0,222,22,4,26,248
01/06/2015,HUM,LA,ASW,CE,Federal Contract Tower,0,24,7,0,31,0,231,53,0,284,0,255,60,0,315,14,0,14,329
01/07/2015,HUM,LA,ASW,CE,Federal Contract Tower,0,21,14,2,37,0,230,25,0,255,0,251,39,2,292,0,0,0,292
01/08/2015,HUM,LA,ASW,CE,Federal Contract Tower,0,25,9,0,34,0,147,31,2,180,0,172,40,2,214,8,0,8,222
01/09/2015,HUM,LA,ASW,CE,Federal Contract Tower,0,42,10,0,52,0,120,32,0,152,0,162,42,0,204,0,0,0,204
01/10/2015,HUM,LA,ASW,CE,Federal Contract Tower,0,15,5,0,20,0,104,29,0,133,0,119,34,0,153,4,0,4,157
01/11/2015,HUM,LA,ASW,CE,Federal Contract Tower,0,20,10,0,30,0,90,15,0,105,0,110,25,0,135,18,0,18,153
01/12/2015,HUM,LA,ASW,CE,Federal Contract Tower,0,74,9,0,83,0,92,4,0,96,0,166,13,0,179,0,0,0,179
01/13/2015,HUM,LA,ASW,CE,Federal Contract Tower,0,94,12,0,106,0,102,17,0,119,0,196,29,0,225,4,0,4,229
01/14/2015,HUM,LA,ASW,CE,Federal Contract Tower,0,124,10,0,134,0,126,0,0,126,0,250,10,0,260,0,0,0,260
01/15/2015,HUM,LA,ASW,CE,Federal Contract Tower,0,85,21,0,106,0,0,0,0,0,0,85,21,0,106,2,0,2,108
01/16/2015,HUM,LA,ASW,CE,Federal Contract Tower,0,21,21,0,42,0,187,48,0,235,0,208,69,0,277,6,0,6,283
01/17/2015,HUM,LA,ASW,CE,Federal Contract Tower,0,18,6,0,24,0,99,36,0,135,0,117,42,0,159,10,0,10,169
01/18/2015,HUM,LA,ASW,CE,Federal Contract Tower,0,5,7,0,12,0,113,28,0,141,0,118,35,0,153,10,0,10,163
01/19/2015,HUM,LA,ASW,CE,Federal Contract Tower,0,14,21,0,35,0,160,52,0,212,0,174,73,0,247,0,0,0,247
01/20/2015,HUM,LA,ASW,CE,Federal Contract Tower,0,31,14,0,45,0,203,53,0,256,0,234,67,0,301,8,0,8,309
01/21/2015,HUM,LA,ASW,CE,Federal Contract Tower,0,28,16,0,44,0,208,34,0,242,0,236,50,0,286,0,0,0,286
01/22/2015,HUM,LA,ASW,CE,Federal Contract Tower,0,37,26,0,63,0,146,2,0,148,0,183,28,0,211,4,0,4,215
01/23/2015,HUM,LA,ASW,CE,Federal Contract Tower,0,77,18,0,95,0,0,0,0,0,0,77,18,0,95,0,0,0,95
01/24/2015,HUM,LA,ASW,CE,Federal Contract Tower,0,12,7,0,19,0,122,39,0,161,0,134,46,0,180,0,0,0,180
01/25/2015,HUM,LA,ASW,CE,Federal Contract Tower,0,11,5,0,16,0,117,26,0,143,0,128,31,0,159,0,0,0,159
01/26/2015,HUM,LA,ASW,CE,Federal Contract Tower,0,13,11,0,24,0,229,59,0,288,0,242,70,0,312,10,0,10,322
01/27/2015,HUM,LA,ASW,CE,Federal Contract Tower,0,23,10,1,34,0,233,57,2,292,0,256,67,3,326,0,0,0,326
01/28/2015,HUM,LA,ASW,CE,Federal Contract Tower,0,20,19,0,39,0,259,70,0,329,0,279,89,0,368,10,0,10,378
01/29/2015,HUM,LA,ASW,CE,Federal Contract Tower,0,20,20,0,40,0,217,33,0,250,0,237,53,0,290,0,0,0,290
01/30/2015,HUM,LA,ASW,CE,Federal Contract Tower,0,27,13,0,40,0,178,41,0,219,0,205,54,0,259,26,0,26,285
01/31/2015,HUM,LA,ASW,CE,Federal Contract Tower,0,4,6,0,10,0,123,25,0,148,0,127,31,0,158,4,0,4,162
02/01/2015,HUM,LA,ASW,CE,Federal Contract Tower,0,9,10,0,19,0,87,10,0,97,0,96,20,0,116,0,0,0,116
02/02/2015,HUM,LA,ASW,CE,Federal Contract Tower,0,16,12,0,28,0,138,26,0,164,0,154,38,0,192,10,0,10,202
02/03/2015,HUM,LA,ASW,CE,Federal Contract Tower,0,50,8,0,58,0,165,27,0,192,0,215,35,0,250,10,0,10,260
02/04/2015,HUM,LA,ASW,CE,Federal Contract Tower,0,76,11,0,87,0,16,0,0,16,0,92,11,0,103,0,0,0,103
02/05/2015,HUM,LA,ASW,CE,Federal Contract Tower,0,26,15,0,41,0,257,22,0,279,0,283,37,0,320,0,0,0,320
02/06/2015,HUM,LA,ASW,CE,Federal Contract Tower,0,20,19,0,39,0,173,41,0,214,0,193,60,0,253,8,0,8,261
02/07/2015,HUM,LA,ASW,CE,Federal Contract Tower,0,6,6,0,12,0,85,33,0,118,0,91,39,0,130,18,0,18,148
02/08/2015,HUM,LA,ASW,CE,Federal Contract Tower,0,3,18,0,21,0,109,21,0,130,0,112,39,0,151,18,0,18,169
02/09/2015,HUM,LA,ASW,CE,Federal Contract Tower,0,41,18,0,59,0,177,34,0,211,0,218,52,0,270,2,0,2,272
02/10/2015,HUM,LA,ASW,CE,Federal Contract Tower,0,23,9,0,32,0,261,37,0,298,0,284,46,0,330,8,0,8,338
02/11/2015,HUM,LA,ASW,CE,Federal Contract Tower,0,27,18,0,45,0,243,39,0,282,0,270,57,0,327,0,0,0,327
02/12/2015,HUM,LA,ASW,CE,Federal Contract Tower,0,22,11,1,34,0,208,25,0,233,0,230,36,1,267,0,0,0,267
02/13/2015,HUM,LA,ASW,CE,Federal Contract Tower,0,10,14,0,24,0,178,42,0,220,0,188,56,0,244,0,0,0,244
02/14/2015,HUM,LA,ASW,CE,Federal Contract Tower,0,4,9,0,13,0,120,21,0,141,0,124,30,0,154,0,0,0,154
02/15/2015,HUM,LA,ASW,CE,Federal Contract Tower,0,28,10,0,38,0,31,4,0,35,0,59,14,0,73,0,0,0,73
02/16/2015,HUM,LA,ASW,CE,Federal Contract Tower,0,30,12,0,42,0,158,15,0,173,0,188,27,0,215,0,0,0,215
02/17/2015,HUM,LA,ASW,CE,Federal Contract Tower,0,11,11,0,22,0,140,7,0,147,0,151,18,0,169,0,0,0,169
02/18/2015,HUM,LA,ASW,CE,Federal Contract Tower,0,5,18,2,25,0,245,42,0,287,0,250,60,2,312,2,0,2,314
02/19/2015,HUM,LA,ASW,CE,Federal Contract Tower,0,2,12,0,14,0,173,29,0,202,0,175,41,0,216,0,0,0,216
02/20/2015,HUM,LA,ASW,CE,Federal Contract Tower,0,14,16,0,30,0,176,28,0,204,0,190,44,0,234,2,0,2,236
02/21/2015,HUM,LA,ASW,CE,Federal Contract Tower,0,7,11,0,18,0,102,13,0,115,0,109,24,0,133,22,0,22,155
02/22/2015,HUM,LA,ASW,CE,Federal Contract Tower,0,11,15,0,26,0,134,19,0,153,0,145,34,0,179,6,0,6,185
02/23/2015,HUM,LA,ASW,CE,Federal Contract Tower,0,105,9,0,114,0,45,3,0,48,0,150,12,0,162,0,0,0,162
02/24/2015,HUM,LA,ASW,CE,Federal Contract Tower,0,76,9,2,87,0,134,22,0,156,0,210,31,2,243,38,0,38,281
02/25/2015,HUM,LA,ASW,CE,Federal Contract Tower,0,88,14,0,102,0,0,0,0,0,0,88,14,0,102,0,0,0,102
02/26/2015,HUM,LA,ASW,CE,Federal Contract Tower,0,49,24,2,75,0,258,33,0,291,0,307,57,2,366,8,0,8,374
02/27/2015,HUM,LA,ASW,CE,Federal Contract Tower,0,16,20,0,36,0,162,25,2,189,0,178,45,2,225,0,0,0,225
02/28/2015,HUM,LA,ASW,CE,Federal Contract Tower,0,8,5,0,13,0,102,41,0,143,0,110,46,0,156,30,10,40,196
03/01/2015,HUM,LA,ASW,CE,Federal Contract Tower,0,22,7,0,29,0,32,10,0,42,0,54,17,0,71,0,0,0,71
03/02/2015,HUM,LA,ASW,CE,Federal Contract Tower,0,76,21,1,98,0,57,7,0,64,0,133,28,1,162,8,0,8,170
03/03/2015,HUM,LA,ASW,CE,Federal Contract Tower,0,54,19,0,73,0,170,23,0,193,0,224,42,0,266,2,0,2,268
03/04/2015,HUM,LA,ASW,CE,Federal Contract Tower,0,44,16,0,60,0,216,42,0,258,0,260,58,0,318,10,0,10,328
03/05/2015,HUM,LA,ASW,CE,Federal Contract Tower,0,9,11,0,20,0,69,3,0,72,0,78,14,0,92,0,0,0,92
03/06/2015,HUM,LA,ASW,CE,Federal Contract Tower,0,29,6,0,35,0,196,28,0,224,0,225,34,0,259,24,0,24,283
03/07/2015,HUM,LA,ASW,CE,Federal Contract Tower,0,12,13,0,25,0,125,60,0,185,0,137,73,0,210,26,0,26,236
03/08/2015,HUM,LA,ASW,CE,Federal Contract Tower,0,6,2,0,8,0,141,55,0,196,0,147,57,0,204,12,0,12,216
03/09/2015,HUM,LA,ASW,CE,Federal Contract Tower,0,26,7,0,33,0,35,4,0,39,0,61,11,0,72,6,0,6,78
03/10/2015,HUM,LA,ASW,CE,Federal Contract Tower,0,49,14,0,63,0,62,1,0,63,0,111,15,0,126,0,0,0,126
03/11/2015,HUM,LA,ASW,CE,Federal Contract Tower,0,74,22,0,96,0,0,0,0,0,0,74,22,0,96,0,0,0,96
03/12/2015,HUM,LA,ASW,CE,Federal Contract Tower,0,55,6,0,61,0,108,4,0,112,0,163,10,0,173,12,0,12,185
03/13/2015,HUM,LA,ASW,CE,Federal Contract Tower,0,46,17,0,63,0,120,32,0,152,0,166,49,0,215,0,0,0,215
03/14/2015,HUM,LA,ASW,CE,Federal Contract Tower,0,28,16,0,44,0,110,41,0,151,0,138,57,0,195,4,0,4,199
03/15/2015,HUM,LA,ASW,CE,Federal Contract Tower,0,12,14,0,26,0,108,29,0,137,0,120,43,0,163,12,0,12,175
03/16/2015,HUM,LA,ASW,CE,Federal Contract Tower,0,22,19,0,41,0,191,53,0,244,0,213,72,0,285,4,0,4,289
03/17/2015,HUM,LA,ASW,CE,Federal Contract Tower,0,21,13,0,34,0,228,45,0,273,0,249,58,0,307,0,0,0,307
03/18/2015,HUM,LA,ASW,CE,Federal Contract Tower,0,37,15,0,52,0,198,34,0,232,0,235,49,0,284,4,0,4,288
03/19/2015,HUM,LA,ASW,CE,Federal Contract Tower,0,22,11,2,35,0,219,49,0,268,0,241,60,2,303,6,0,6,309
03/20/2015,HUM,LA,ASW,CE,Federal Contract Tower,0,46,18,1,65,0,107,16,0,123,0,153,34,1,188,18,0,18,206
03/21/2015,HUM,LA,ASW,CE,Federal Contract Tower,0,14,6,0,20,0,100,28,0,128,0,114,34,0,148,10,0,10,158
03/22/2015,HUM,LA,ASW,CE,Federal Contract Tower,0,14,14,0,28,0,84,16,0,100,0,98,30,0,128,22,0,22,150
03/23/2015,HUM,LA,ASW,CE,Federal Contract Tower,0,47,10,0,57,0,176,37,0,213,0,223,47,0,270,0,0,0,270
03/24/2015,HUM,LA,ASW,CE,Federal Contract Tower,0,36,9,0,45,0,200,41,0,241,0,236,50,0,286,6,0,6,292
03/25/2015,HUM,LA,ASW,CE,Federal Contract Tower,0,45,18,0,63,0,195,32,0,227,0,240,50,0,290,6,0,6,296
03/26/2015,HUM,LA,ASW,CE,Federal Contract Tower,0,17,11,0,28,0,27,3,0,30,0,44,14,0,58,0,0,0,58
03/27/2015,HUM,LA,ASW,CE,Federal Contract Tower,0,37,21,2,60,0,222,33,0,255,0,259,54,2,315,0,0,0,315
03/28/2015,HUM,LA,ASW,CE,Federal Contract Tower,0,7,8,0,15,0,122,37,0,159,0,129,45,0,174,36,0,36,210
03/29/2015,HUM,LA,ASW,CE,Federal Contract Tower,0,7,8,0,15,0,122,37,0,159,0,129,45,0,174,50,0,50,224
03/30/2015,HUM,LA,ASW,CE,Federal Contract Tower,0,24,8,6,38,0,200,22,0,222,0,224,30,6,260,0,0,0,260
03/31/2015,HUM,LA,ASW,CE,Federal Contract Tower,0,39,10,0,49,0,196,30,0,226,0,235,40,0,275,12,0,12,287
04/01/2015,HUM,LA,ASW,CE,Federal Contract Tower,0,28,10,0,38,0,220,23,0,243,0,248,33,0,281,0,0,0,281
04/02/2015,HUM,LA,ASW,CE,Federal Contract Tower,0,22,19,2,43,0,180,26,0,206,0,202,45,2,249,6,0,6,255
04/03/2015,HUM,LA,ASW,CE,Federal Contract Tower,0,29,8,0,37,0,111,23,0,134,0,140,31,0,171,0,0,0,171
04/04/2015,HUM,LA,ASW,CE,Federal Contract Tower,0,11,9,0,20,0,41,19,0,60,0,52,28,0,80,14,0,14,94
04/05/2015,HUM,LA,ASW,CE,Federal Contract Tower,0,5,11,0,16,0,68,8,0,76,0,73,19,0,92,14,0,14,106
04/06/2015,HUM,LA,ASW,CE,Federal Contract Tower,0,31,20,0,51,0,180,30,0,210,0,211,50,0,261,22,0,22,283
04/07/2015,HUM,LA,ASW,CE,Federal Contract Tower,0,35,10,0,45,0,183,40,0,223,0,218,50,0,268,6,0,6,274
04/08/2015,HUM,LA,ASW,CE,Federal Contract Tower,0,23,13,4,40,0,185,28,0,213,0,208,41,4,253,0,0,0,253
04/09/2015,HUM,LA,ASW,CE,Federal Contract Tower,0,32,15,0,47,0,155,30,0,185,0,187,45,0,232,12,0,12,244
04/10/2015,HUM,LA,ASW,CE,Federal Contract Tower,0,36,20,0,56,0,149,12,0,161,0,185,32,0,217,0,0,0,217
04/11/2015,HUM,LA,ASW,CE,Federal Contract Tower,0,5,5,0,10,0,79,9,0,88,0,84,14,0,98,0,0,0,98
04/12/2015,HUM,LA,ASW,CE,Federal Contract Tower,0,20,12,0,32,0,74,1,0,75,0,94,13,0,107,0,0,0,107
04/13/2015,HUM,LA,ASW,CE,Federal Contract Tower,0,31,17,0,48,0,94,20,0,114,0,125,37,0,162,14,0,14,176
04/14/2015,HUM,LA,ASW,CE,Federal Contract Tower,0,53,7,0,60,0,54,11,0,65,0,107,18,0,125,0,0,0,125
04/15/2015,HUM,LA,ASW,CE,Federal Contract Tower,0,84,13,0,97,0,121,25,0,146,0,205,38,0,243,20,0,20,263
04/16/2015,HUM,LA,ASW,CE,Federal Contract Tower,0,37,21,0,58,0,109,27,0,136,0,146,48,0,194,12,0,12,206
04/17/2015,HUM,LA,ASW,CE,Federal Contract Tower,0,53,22,2,77,0,72,14,2,88,0,125,36,4,165,0,0,0,165
04/18/2015,HUM,LA,ASW,CE,Federal Contract Tower,0,13,6,0,19,0,45,4,0,49,0,58,10,0,68,0,0,0,68
04/19/2015,HUM,LA,ASW,CE,Federal Contract Tower,0,15,9,0,24,0,124,30,0,154,0,139,39,0,178,16,0,16,194
04/20/2015,HUM,LA,ASW,CE,Federal Contract Tower,0,20,8,0,28,0,183,41,0,224,0,203,49,0,252,0,0,0,252
04/21/2015,HUM,LA,ASW,CE,Federal Contract Tower,0,25,17,0,42,0,237,33,0,270,0,262,50,0,312,0,0,0,312
04/22/2015,HUM,LA,ASW,CE,Federal Contract Tower,0,25,11,0,36,0,216,35,0,251,0,241,46,0,287,0,0,0,287
04/23/2015,HUM,LA,ASW,CE,Federal Contract Tower,0,39,14,0,53,0,146,38,3,187,0,185,52,3,240,0,0,0,240
04/24/2015,HUM,LA,ASW,CE,Federal Contract Tower,0,65,23,0,88,0,51,14,0,65,0,116,37,0,153,0,0,0,153
04/25/2015,HUM,LA,ASW,CE,Federal Contract Tower,0,15,8,0,23,0,64,4,0,68,0,79,12,0,91,0,0,0,91
04/26/2015,HUM,LA,ASW,CE,Federal Contract Tower,0,31,16,0,47,0,66,24,0,90,0,97,40,0,137,12,0,12,149
04/27/2015,HUM,LA,ASW,CE,Federal Contract Tower,0,35,5,0,40,0,46,5,0,51,0,81,10,0,91,0,0,0,91
04/28/2015,HUM,LA,ASW,CE,Federal Contract Tower,0,89,10,0,99,0,70,27,0,97,0,159,37,0,196,4,0,4,200
04/29/2015,HUM,LA,ASW,CE,Federal Contract Tower,0,40,9,0,49,0,169,46,0,215,0,209,55,0,264,6,0,6,270
04/30/2015,HUM,LA,ASW,CE,Federal Contract Tower,0,13,19,0,32,0,192,45,0,237,0,205,64,0,269,26,0,26,295
05/01/2015,HUM,LA,ASW,CE,Federal Contract Tower,0,9,16,0,25,0,136,56,0,192,0,145,72,0,217,18,0,18,235
05/02/2015,HUM,LA,ASW,CE,Federal Contract Tower,0,5,11,0,16,0,103,26,0,129,0,108,37,0,145,0,0,0,145
05/03/2015,HUM,LA,ASW,CE,Federal Contract Tower,0,3,15,2,20,0,114,49,0,163,0,117,64,2,183,32,0,32,215
05/04/2015,HUM,LA,ASW,CE,Federal Contract Tower,0,15,8,0,23,0,157,37,0,194,0,172,45,0,217,18,0,18,235
05/05/2015,HUM,LA,ASW,CE,Federal Contract Tower,0,19,17,0,36,0,197,59,0,256,0,216,76,0,292,8,0,8,300
05/06/2015,HUM,LA,ASW,CE,Federal Contract Tower,0,28,8,0,36,0,228,47,0,275,0,256,55,0,311,10,0,10,321
05/07/2015,HUM,LA,ASW,CE,Federal Contract Tower,0,21,15,0,36,0,180,43,0,223,0,201,58,0,259,0,0,0,259
05/08/2015,HUM,LA,ASW,CE,Federal Contract Tower,0,20,21,4,45,0,174,39,0,213,0,194,60,4,258,7,0,7,265
05/09/2015,HUM,LA,ASW,CE,Federal Contract Tower,0,9,20,0,29,0,87,30,0,117,0,96,50,0,146,14,0,14,160
05/10/2015,HUM,LA,ASW,CE,Federal Contract Tower,0,23,7,0,30,0,92,20,2,114,0,115,27,2,144,2,0,2,146
05/11/2015,HUM,LA,ASW,CE,Federal Contract Tower,0,39,24,0,63,0,136,33,2,171,0,175,57,2,234,16,0,16,250
05/12/2015,HUM,LA,ASW,CE,Federal Contract Tower,0,55,16,0,71,0,153,29,0,182,0,208,45,0,253,2,0,2,255
05/13/2015,HUM,LA,ASW,CE,Federal Contract Tower,0,37,13,0,50,0,159,30,0,189,0,196,43,0,239,26,0,26,265
05/14/2015,HUM,LA,ASW,CE,Federal Contract Tower,0,24,20,0,44,0,161,25,0,186,0,185,45,0,230,6,0,6,236
05/15/2015,HUM,LA,ASW,CE,Federal Contract Tower,0,26,14,0,40,0,130,20,0,150,0,156,34,0,190,0,0,0,190
05/16/2015,HUM,LA,ASW,CE,Federal Contract Tower,0,16,9,0,25,0,111,11,0,122,0,127,20,0,147,12,0,12,159
05/17/2015,HUM,LA,ASW,CE,Federal Contract Tower,0,12,11,0,23,0,78,29,0,107,0,90,40,0,130,12,0,12,142
05/18/2015,HUM,LA,ASW,CE,Federal Contract Tower,0,39,15,0,54,0,182,29,0,211,0,221,44,0,265,4,0,4,269
05/19/2015,HUM,LA,ASW,CE,Federal Contract Tower,0,36,16,0,52,0,180,40,0,220,0,216,56,0,272,0,0,0,272
05/20/2015,HUM,LA,ASW,CE,Federal Contract Tower,0,36,18,0,54,0,195,54,0,249,0,231,72,0,303,8,0,8,311
05/21/2015,HUM,LA,ASW,CE,Federal Contract Tower,0,19,11,0,30,0,162,42,0,204,0,181,53,0,234,24,0,24,258
05/22/2015,HUM,LA,ASW,CE,Federal Contract Tower,0,48,17,0,65,0,118,45,0,163,0,166,62,0,228,12,0,12,240
05/23/2015,HUM,LA,ASW,CE,Federal Contract Tower,0,14,11,0,25,0,110,34,0,144,0,124,45,0,169,24,0,24,193
05/24/2015,HUM,LA,ASW,CE,Federal Contract Tower,0,10,11,0,21,0,89,18,0,107,0,99,29,0,128,16,0,16,144
05/25/2015,HUM,LA,ASW,CE,Federal Contract Tower,0,19,17,0,36,0,103,12,0,115,0,122,29,0,151,16,0,16,167
05/26/2015,HUM,LA,ASW,CE,Federal Contract Tower,0,26,6,1,33,0,131,21,0,152,0,157,27,1,185,0,0,0,185
05/27/2015,HUM,LA,ASW,CE,Federal Contract Tower,0,20,8,0,28,0,150,16,0,166,0,170,24,0,194,0,0,0,194
05/28/2015,HUM,LA,ASW,CE,Federal Contract Tower,0,26,18,0,44,0,179,41,0,220,0,205,59,0,264,37,0,37,301
05/29/2015,HUM,LA,ASW,CE,Federal Contract Tower,0,24,12,0,36,0,144,36,0,180,0,168,48,0,216,0,0,0,216
05/30/2015,HUM,LA,ASW,CE,Federal Contract Tower,0,7,15,0,22,0,119,23,0,142,0,126,38,0,164,4,0,4,168
05/31/2015,HUM,LA,ASW,CE,Federal Contract Tower,0,6,15,0,21,0,96,28,0,124,0,102,43,0,145,0,0,0,145
06/01/2015,HUM,LA,ASW,CE,Federal Contract Tower,0,23,13,0,36,0,205,51,0,256,0,228,64,0,292,36,0,36,328
06/02/2015,HUM,LA,ASW,CE,Federal Contract Tower,0,19,19,0,38,0,246,33,0,279,0,265,52,0,317,0,0,0,317
06/03/2015,HUM,LA,ASW,CE,Federal Contract Tower,0,20,26,0,46,0,197,33,0,230,0,217,59,0,276,12,0,12,288
06/04/2015,HUM,LA,ASW,CE,Federal Contract Tower,0,12,18,0,30,0,187,26,0,213,0,199,44,0,243,32,0,32,275
06/05/2015,HUM,LA,ASW,CE,Federal Contract Tower,0,18,17,0,35,0,167,37,0,204,0,185,54,0,239,0,0,0,239
06/06/2015,HUM,LA,ASW,CE,Federal Contract Tower,0,3,6,2,11,0,104,23,0,127,0,107,29,2,138,0,0,0,138
06/07/2015,HUM,LA,ASW,CE,Federal Contract Tower,0,3,14,0,17,0,90,25,0,115,0,93,39,0,132,20,0,20,152
06/08/2015,HUM,LA,ASW,CE,Federal Contract Tower,0,11,24,0,35,0,176,31,0,207,0,187,55,0,242,18,0,18,260
06/09/2015,HUM,LA,ASW,CE,Federal Contract Tower,0,12,13,0,25,0,155,23,0,178,0,167,36,0,203,0,0,0,203
06/10/2015,HUM,LA,ASW,CE,Federal Contract Tower,0,16,22,0,38,0,225,32,0,257,0,241,54,0,295,14,0,14,309
06/11/2015,HUM,LA,ASW,CE,Federal Contract Tower,0,6,28,0,34,0,190,35,0,225,0,196,63,0,259,18,0,18,277
06/12/2015,HUM,LA,ASW,CE,Federal Contract Tower,0,23,11,0,34,0,160,25,0,185,0,183,36,0,219,2,0,2,221
06/13/2015,HUM,LA,ASW,CE,Federal Contract Tower,0,8,8,0,16,0,114,9,0,123,0,122,17,0,139,0,0,0,139
06/14/2015,HUM,LA,ASW,CE,Federal Contract Tower,0,9,11,0,20,0,108,17,0,125,0,117,28,0,145,14,0,14,159
06/15/2015,HUM,LA,ASW,CE,Federal Contract Tower,0,18,8,0,26,0,137,26,0,163,0,155,34,0,189,8,0,8,197
06/16/2015,HUM,LA,ASW,CE,Federal Contract Tower,0,26,17,0,43,0,176,30,0,206,0,202,47,0,249,24,0,24,273
06/17/2015,HUM,LA,ASW,CE,Federal Contract Tower,0,31,13,0,44,0,178,55,0,233,0,209,68,0,277,2,0,2,279
06/18/2015,HUM,LA,ASW,CE,Federal Contract Tower,0,32,18,0,50,0,177,50,0,227,0,209,68,0,277,32,0,32,309
06/19/2015,HUM,LA,ASW,CE,Federal Contract Tower,0,30,14,0,44,0,157,42,0,199,0,187,56,0,243,10,0,10,253
06/20/2015,HUM,LA,ASW,CE,Federal Contract Tower,0,13,10,0,23,0,98,30,0,128,0,111,40,0,151,32,0,32,183
06/21/2015,HUM,LA,ASW,CE,Federal Contract Tower,0,11,19,0,30,0,89,22,0,111,0,100,41,0,141,22,0,22,163
06/22/2015,HUM,LA,ASW,CE,Federal Contract Tower,0,24,19,0,43,0,162,19,0,181,0,186,38,0,224,0,0,0,224
06/23/2015,HUM,LA,ASW,CE,Federal Contract Tower,0,23,8,0,31,0,184,41,0,225,0,207,49,0,256,52,0,52,308
06/24/2015,HUM,LA,ASW,CE,Federal Contract Tower,0,21,12,0,33,0,192,41,0,233,0,213,53,0,266,14,2,16,282
06/25/2015,HUM,LA,ASW,CE,Federal Contract Tower,0,17,23,0,40,0,195,44,0,239,0,212,67,0,279,30,0,30,309
06/26/2015,HUM,LA,ASW,CE,Federal Contract Tower,0,21,12,0,33,0,142,52,0,194,0,163,64,0,227,22,0,22,249
06/27/2015,HUM,LA,ASW,CE,Federal Contract Tower,0,16,14,0,30,0,122,20,0,142,0,138,34,0,172,38,0,38,210
06/28/2015,HUM,LA,ASW,CE,Federal Contract Tower,0,14,25,0,39,0,80,11,0,91,0,94,36,0,130,0,0,0,130
06/29/2015,HUM,LA,ASW,CE,Federal Contract Tower,0,21,10,0,31,0,190,30,0,220,0,211,40,0,251,20,0,20,271
06/30/2015,HUM,LA,ASW,CE,Federal Contract Tower,0,23,6,0,29,0,196,45,0,241,0,219,51,0,270,2,0,2,272
07/01/2015,HUM,LA,ASW,CE,Federal Contract Tower,0,32,14,0,46,0,182,33,5,220,0,214,47,5,266,26,0,26,292
07/02/2015,HUM,LA,ASW,CE,Federal Contract Tower,0,24,20,0,44,0,168,28,0,196,0,192,48,0,240,8,0,8,248
07/03/2015,HUM,LA,ASW,CE,Federal Contract Tower,0,16,6,0,22,0,153,37,0,190,0,169,43,0,212,30,0,30,242
07/04/2015,HUM,LA,ASW,CE,Federal Contract Tower,0,5,6,0,11,0,90,5,0,95,0,95,11,0,106,8,0,8,114
07/05/2015,HUM,LA,ASW,CE,Federal Contract Tower,0,11,14,0,25,0,92,7,0,99,0,103,21,0,124,0,0,0,124
07/06/2015,HUM,LA,ASW,CE,Federal Contract Tower,0,18,15,2,35,0,196,43,0,239,0,214,58,2,274,14,0,14,288
07/07/2015,HUM,LA,ASW,CE,Federal Contract Tower,0,8,12,0,20,0,170,48,0,218,0,178,60,0,238,20,0,20,258
07/08/2015,HUM,LA,ASW,CE,Federal Contract Tower,0,15,14,0,29,0,210,29,0,239,0,225,43,0,268,18,0,18,286
07/09/2015,HUM,LA,ASW,CE,Federal Contract Tower,0,16,22,0,38,0,195,39,0,234,0,211,61,0,272,0,0,0,272
07/10/2015,HUM,LA,ASW,CE,Federal Contract Tower,0,16,23,0,39,0,148,34,0,182,0,164,57,0,221,0,0,0,221
07/11/2015,HUM,LA,ASW,CE,Federal Contract Tower,0,8,13,0,21,0,88,25,0,113,0,96,38,0,134,18,0,18,152
07/12/2015,HUM,LA,ASW,CE,Federal Contract Tower,0,8,10,0,18,0,89,23,0,112,0,97,33,0,130,12,0,12,142
07/13/2015,HUM,LA,ASW,CE,Federal Contract Tower,0,18,5,0,23,0,155,41,0,196,0,173,46,0,219,0,0,0,219
07/14/2015,HUM,LA,ASW,CE,Federal Contract Tower,0,19,14,0,33,0,179,28,4,211,0,198,42,4,244,0,0,0,244
07/15/2015,HUM,LA,ASW,CE,Federal Contract Tower,0,19,12,0,31,0,226,33,0,259,0,245,45,0,290,30,0,30,320
07/16/2015,HUM,LA,ASW,CE,Federal Contract Tower,0,10,16,0,26,0,195,24,2,221,0,205,40,2,247,0,0,0,247
07/17/2015,HUM,LA,ASW,CE,Federal Contract Tower,0,16,15,0,31,0,147,24,0,171,0,163,39,0,202,0,0,0,202
07/18/2015,HUM,LA,ASW,CE,Federal Contract Tower,0,3,4,0,7,0,76,29,0,105,0,79,33,0,112,28,0,28,140
07/19/2015,HUM,LA,ASW,CE,Federal Contract Tower,0,5,13,0,18,0,112,23,0,135,0,117,36,0,153,6,0,6,159
07/20/2015,HUM,LA,ASW,CE,Federal Contract Tower,0,20,10,0,30,0,170,35,0,205,0,190,45,0,235,10,0,10,245
07/21/2015,HUM,LA,ASW,CE,Federal Contract Tower,0,15,12,0,27,0,203,33,0,236,0,218,45,0,263,16,0,16,279
07/22/2015,HUM,LA,ASW,CE,Federal Contract Tower,0,19,15,0,34,0,201,27,0,228,0,220,42,0,262,12,0,12,274
07/23/2015,HUM,LA,ASW,CE,Federal Contract Tower,0,15,10,0,25,0,218,33,0,251,0,233,43,0,276,0,0,0,276
07/24/2015,HUM,LA,ASW,CE,Federal Contract Tower,0,18,8,0,26,0,144,31,0,175,0,162,39,0,201,0,0,0,201
07/25/2015,HUM,LA,ASW,CE,Federal Contract Tower,0,4,12,0,16,0,83,30,0,113,0,87,42,0,129,24,0,24,153
07/26/2015,HUM,LA,ASW,CE,Federal Contract Tower,0,5,5,0,10,0,79,24,0,103,0,84,29,0,113,4,0,4,117
07/27/2015,HUM,LA,ASW,CE,Federal Contract Tower,0,24,12,0,36,0,154,35,0,189,0,178,47,0,225,14,0,14,239
07/28/2015,HUM,LA,ASW,CE,Federal Contract Tower,0,10,12,0,22,0,171,31,0,202,0,181,43,0,224,24,0,24,248
07/29/2015,HUM,LA,ASW,CE,Federal Contract Tower,0,28,23,0,51,0,206,22,0,228,0,234,45,0,279,22,0,22,301
07/30/2015,HUM,LA,ASW,CE,Federal Contract Tower,0,16,6,0,22,0,169,22,0,191,0,185,28,0,213,8,0,8,221
07/31/2015,HUM,LA,ASW,CE,Federal Contract Tower,0,13,22,0,35,0,157,23,0,180,0,170,45,0,215,18,0,18,233
08/01/2015,HUM,LA,ASW,CE,Federal Contract Tower,0,9,8,0,17,0,99,16,0,115,0,108,24,0,132,18,0,18,150
08/02/2015,HUM,LA,ASW,CE,Federal Contract Tower,0,6,7,0,13,0,113,12,0,125,0,119,19,0,138,6,0,6,144
08/03/2015,HUM,LA,ASW,CE,Federal Contract Tower,0,17,12,0,29,0,157,21,0,178,0,174,33,0,207,0,0,0,207
08/04/2015,HUM,LA,ASW,CE,Federal Contract Tower,0,26,11,0,37,0,158,26,0,184,0,184,37,0,221,0,0,0,221
08/05/2015,HUM,LA,ASW,CE,Federal Contract Tower,0,23,10,0,33,0,224,29,0,253,0,247,39,0,286,0,0,0,286
08/06/2015,HUM,LA,ASW,CE,Federal Contract Tower,0,14,10,0,24,0,179,23,0,202,0,193,33,0,226,0,0,0,226
08/07/2015,HUM,LA,ASW,CE,Federal Contract Tower,0,18,9,1,28,0,186,50,0,236,0,204,59,1,264,22,0,22,286
08/08/2015,HUM,LA,ASW,CE,Federal Contract Tower,0,7,2,0,9,0,96,14,0,110,0,103,16,0,119,16,0,16,135
08/09/2015,HUM,LA,ASW,CE,Federal Contract Tower,0,8,6,0,14,0,91,24,0,115,0,99,30,0,129,6,0,6,135
08/10/2015,HUM,LA,ASW,CE,Federal Contract Tower,0,19,5,0,24,0,164,24,0,188,0,183,29,0,212,4,0,4,216
08/11/2015,HUM,LA,ASW,CE,Federal Contract Tower,0,24,6,0,30,0,184,47,0,231,0,208,53,0,261,4,0,4,265
08/12/2015,HUM,LA,ASW,CE,Federal Contract Tower,0,20,5,0,25,0,207,31,0,238,0,227,36,0,263,20,0,20,283
08/13/2015,HUM,LA,ASW,CE,Federal Contract Tower,0,22,12,0,34,0,180,25,1,206,0,202,37,1,240,6,0,6,246
08/14/2015,HUM,LA,ASW,CE,Federal Contract Tower,0,17,6,0,23,0,151,24,0,175,0,168,30,0,198,8,0,8,206
08/15/2015,HUM,LA,ASW,CE,Federal Contract Tower,0,0,8,0,8,0,85,21,0,106,0,85,29,0,114,6,0,6,120
08/16/2015,HUM,LA,ASW,CE,Federal Contract Tower,0,3,1,0,4,0,65,25,0,90,0,68,26,0,94,24,0,24,118
08/17/2015,HUM,LA,ASW,CE,Federal Contract Tower,0,24,6,0,30,0,152,19,0,171,0,176,25,0,201,6,0,6,207
08/18/2015,HUM,LA,ASW,CE,Federal Contract Tower,0,18,4,0,22,0,161,25,2,188,0,179,29,2,210,4,8,12,222
08/19/2015,HUM,LA,ASW,CE,Federal Contract Tower,0,23,16,0,39,0,188,13,0,201,0,211,29,0,240,12,0,12,252
08/20/2015,HUM,LA,ASW,CE,Federal Contract Tower,0,25,7,0,32,0,177,22,0,199,0,202,29,0,231,10,0,10,241
08/21/2015,HUM,LA,ASW,CE,Federal Contract Tower,0,22,14,1,37,0,137,2,2,141,0,159,16,3,178,0,0,0,178
08/22/2015,HUM,LA,ASW,CE,Federal Contract Tower,0,7,8,0,15,0,77,14,0,91,0,84,22,0,106,2,0,2,108
08/23/2015,HUM,LA,ASW,CE,Federal Contract Tower,0,6,11,0,17,0,95,26,0,121,0,101,37,0,138,0,0,0,138
08/24/2015,HUM,LA,ASW,CE,Federal Contract Tower,0,16,9,0,25,0,147,33,0,180,0,163,42,0,205,18,0,18,223
08/25/2015,HUM,LA,ASW,CE,Federal Contract Tower,0,12,13,0,25,0,182,32,0,214,0,194,45,0,239,2,0,2,241
08/26/2015,HUM,LA,ASW,CE,Federal Contract Tower,0,13,13,0,26,0,192,25,0,217,0,205,38,0,243,0,0,0,243
08/27/2015,HUM,LA,ASW,CE,Federal Contract Tower,0,6,16,2,24,0,154,25,0,179,0,160,41,2,203,0,0,0,203
08/28/2015,HUM,LA,ASW,CE,Federal Contract Tower,0,9,18,0,27,0,183,43,0,226,0,192,61,0,253,0,0,0,253
08/29/2015,HUM,LA,ASW,CE,Federal Contract Tower,0,2,4,0,6,0,104,24,0,128,0,106,28,0,134,14,0,14,148
08/30/2015,HUM,LA,ASW,CE,Federal Contract Tower,0,6,17,0,23,0,78,32,0,110,0,84,49,0,133,16,0,16,149
08/31/2015,HUM,LA,ASW,CE,Federal Contract Tower,0,11,10,0,21,0,151,35,0,186,0,162,45,0,207,0,0,0,207
09/01/2015,HUM,LA,ASW,CE,Federal Contract Tower,0,12,17,0,29,0,188,25,0,213,0,200,42,0,242,8,0,8,250
09/02/2015,HUM,LA,ASW,CE,Federal Contract Tower,0,19,8,0,27,0,163,19,1,183,0,182,27,1,210,16,0,16,226
09/03/2015,HUM,LA,ASW,CE,Federal Contract Tower,0,18,12,0,30,0,166,29,0,195,0,184,41,0,225,18,0,18,243
09/04/2015,HUM,LA,ASW,CE,Federal Contract Tower,0,14,9,0,23,0,134,28,0,162,0,148,37,0,185,12,0,12,197
09/05/2015,HUM,LA,ASW,CE,Federal Contract Tower,0,10,12,0,22,0,67,16,0,83,0,77,28,0,105,10,0,10,115
09/06/2015,HUM,LA,ASW,CE,Federal Contract Tower,0,5,5,0,10,0,100,17,0,117,0,105,22,0,127,12,0,12,139
09/07/2015,HUM,LA,ASW,CE,Federal Contract Tower,27,11,0,0,38,0,124,38,0,162,27,135,38,0,200,0,0,0,200
09/08/2015,HUM,LA,ASW,CE,Federal Contract Tower,0,25,13,0,38,0,157,36,0,193,0,182,49,0,231,4,0,4,235
09/09/2015,HUM,LA,ASW,CE,Federal Contract Tower,0,21,8,0,29,0,192,42,0,234,0,213,50,0,263,12,0,12,275
09/10/2015,HUM,LA,ASW,CE,Federal Contract Tower,0,16,12,2,30,0,157,15,0,172,0,173,27,2,202,0,0,0,202
09/11/2015,HUM,LA,ASW,CE,Federal Contract Tower,0,3,13,0,16,0,18,6,0,24,0,21,19,0,40,0,0,0,40
09/12/2015,HUM,LA,ASW,CE,Federal Contract Tower,0,42,9,0,51,0,118,10,0,128,0,160,19,0,179,8,0,8,187
09/13/2015,HUM,LA,ASW,CE,Federal Contract Tower,0,6,11,0,17,0,125,28,0,153,0,131,39,0,170,18,0,18,188
09/14/2015,HUM,LA,ASW,CE,Federal Contract Tower,0,13,15,0,28,0,171,32,0,203,0,184,47,0,231,4,0,4,235
09/15/2015,HUM,LA,ASW,CE,Federal Contract Tower,0,36,5,2,43,0,173,26,1,200,0,209,31,3,243,0,0,0,243
09/16/2015,HUM,LA,ASW,CE,Federal Contract Tower,0,28,15,0,43,0,213,28,0,241,0,241,43,0,284,0,0,0,284
09/17/2015,HUM,LA,ASW,CE,Federal Contract Tower,0,27,19,0,46,0,202,26,0,228,0,229,45,0,274,0,0,0,274
09/18/2015,HUM,LA,ASW,CE,Federal Contract Tower,0,26,12,0,38,0,163,26,0,189,0,189,38,0,227,8,0,8,235
09/19/2015,HUM,LA,ASW,CE,Federal Contract Tower,0,6,5,1,12,0,83,27,2,112,0,89,32,3,124,44,0,44,168
09/20/2015,HUM,LA,ASW,CE,Federal Contract Tower,0,1,7,0,8,0,95,21,0,116,0,96,28,0,124,0,0,0,124
09/21/2015,HUM,LA,ASW,CE,Federal Contract Tower,0,31,14,0,45,0,161,22,0,183,0,192,36,0,228,0,0,0,228
09/22/2015,HUM,LA,ASW,CE,Federal Contract Tower,0,15,12,0,27,0,206,38,0,244,0,221,50,0,271,6,0,6,277
09/23/2015,HUM,LA,ASW,CE,Federal Contract Tower,0,19,17,0,36,0,220,50,0,270,0,239,67,0,306,6,0,6,312
09/24/2015,HUM,LA,ASW,CE,Federal Contract Tower,0,27,17,0,44,0,187,39,0,226,0,214,56,0,270,0,0,0,270
09/25/2015,HUM,LA,ASW,CE,Federal Contract Tower,0,13,17,0,30,0,129,34,0,163,0,142,51,0,193,18,0,18,211
09/26/2015,HUM,LA,ASW,CE,Federal Contract Tower,0,7,3,0,10,0,90,21,0,111,0,97,24,0,121,2,0,2,123
09/27/2015,HUM,LA,ASW,CE,Federal Contract Tower,0,21,12,0,33,0,61,7,0,68,0,82,19,0,101,0,0,0,101
09/28/2015,HUM,LA,ASW,CE,Federal Contract Tower,0,92,13,0,105,0,68,11,0,79,0,160,24,0,184,0,0,0,184
09/29/2015,HUM,LA,ASW,CE,Federal Contract Tower,0,58,11,0,69,0,115,22,0,137,0,173,33,0,206,8,0,8,214
09/30/2015,HUM,LA,ASW,CE,Federal Contract Tower,0,28,7,0,35,0,201,23,0,224,0,229,30,0,259,4,0,4,263
10/01/2015,HUM,LA,ASW,CE,Federal Contract Tower,0,23,17,0,40,0,150,35,2,187,0,173,52,2,227,10,4,14,241
10/02/2015,HUM,LA,ASW,CE,Federal Contract Tower,0,9,8,0,17,0,134,29,2,165,0,143,37,2,182,2,0,2,184
10/03/2015,HUM,LA,ASW,CE,Federal Contract Tower,0,19,5,0,24,92,15,0,0,107,92,34,5,0,131,35,0,35,166
10/04/2015,HUM,LA,ASW,CE,Federal Contract Tower,0,18,9,0,27,0,72,15,0,87,0,90,24,0,114,0,0,0,114
10/05/2015,HUM,LA,ASW,CE,Federal Contract Tower,0,16,20,0,36,0,182,36,0,218,0,198,56,0,254,0,0,0,254
10/06/2015,HUM,LA,ASW,CE,Federal Contract Tower,0,19,5,0,24,0,176,31,0,207,0,195,36,0,231,4,0,4,235
10/07/2015,HUM,LA,ASW,CE,Federal Contract Tower,0,30,14,0,44,0,198,42,0,240,0,228,56,0,284,54,0,54,338
10/08/2015,HUM,LA,ASW,CE,Federal Contract Tower,0,48,11,0,59,0,143,34,0,177,0,191,45,0,236,88,0,88,324
10/09/2015,HUM,LA,ASW,CE,Federal Contract Tower,0,28,19,0,47,0,144,35,2,181,0,172,54,2,228,22,0,22,250
10/10/2015,HUM,LA,ASW,CE,Federal Contract Tower,0,10,2,0,12,0,86,20,0,106,0,96,22,0,118,22,0,22,140
10/11/2015,HUM,LA,ASW,CE,Federal Contract Tower,0,5,12,0,17,0,115,36,0,151,0,120,48,0,168,18,0,18,186
10/12/2015,HUM,LA,ASW,CE,Federal Contract Tower,0,20,22,0,42,0,145,55,0,200,0,165,77,0,242,6,0,6,248
10/13/2015,HUM,LA,ASW,CE,Federal Contract Tower,0,25,13,0,38,0,171,32,0,203,0,196,45,0,241,0,0,0,241
10/14/2015,HUM,LA,ASW,CE,Federal Contract Tower,0,20,13,0,33,0,186,40,0,226,0,206,53,0,259,0,0,0,259
10/15/2015,HUM,LA,ASW,CE,Federal Contract Tower,0,13,15,0,28,0,191,42,0,233,0,204,57,0,261,0,0,0,261
10/16/2015,HUM,LA,ASW,CE,Federal Contract Tower,0,18,15,0,33,0,128,32,0,160,0,146,47,0,193,8,0,8,201
10/17/2015,HUM,LA,ASW,CE,Federal Contract Tower,0,3,3,0,6,0,116,94,0,210,0,119,97,0,216,10,0,10,226
10/18/2015,HUM,LA,ASW,CE,Federal Contract Tower,0,8,14,0,22,0,96,16,0,112,0,104,30,0,134,6,0,6,140
10/19/2015,HUM,LA,ASW,CE,Federal Contract Tower,0,28,15,0,43,0,156,37,0,193,0,184,52,0,236,6,0,6,242
10/20/2015,HUM,LA,ASW,CE,Federal Contract Tower,0,39,14,0,53,0,150,34,0,184,0,189,48,0,237,0,0,0,237
10/21/2015,HUM,LA,ASW,CE,Federal Contract Tower,0,27,16,0,43,0,155,41,0,196,0,182,57,0,239,5,0,5,244
10/22/2015,HUM,LA,ASW,CE,Federal Contract Tower,0,34,10,2,46,0,188,23,2,213,0,222,33,4,259,5,0,5,264
10/23/2015,HUM,LA,ASW,CE,Federal Contract Tower,0,23,18,0,41,0,125,11,0,136,0,148,29,0,177,0,0,0,177
10/24/2015,HUM,LA,ASW,CE,Federal Contract Tower,0,13,4,0,17,0,107,6,1,114,0,120,10,1,131,0,0,0,131
10/25/2015,HUM,LA,ASW,CE,Federal Contract Tower,0,23,5,0,28,0,14,0,0,14,0,37,5,0,42,0,0,0,42
10/26/2015,HUM,LA,ASW,CE,Federal Contract Tower,0,59,21,1,81,0,39,11,0,50,0,98,32,1,131,0,0,0,131
10/27/2015,HUM,LA,ASW,CE,Federal Contract Tower,0,129,10,0,139,0,87,4,0,91,0,216,14,0,230,2,0,2,232
10/28/2015,HUM,LA,ASW,CE,Federal Contract Tower,0,24,10,0,34,0,165,34,0,199,0,189,44,0,233,14,0,14,247
10/29/2015,HUM,LA,ASW,CE,Federal Contract Tower,0,30,17,0,47,0,179,42,0,221,0,209,59,0,268,13,0,13,281
10/30/2015,HUM,LA,ASW,CE,Federal Contract Tower,0,13,15,0,28,0,144,28,0,172,0,157,43,0,200,18,0,18,218
10/31/2015,HUM,LA,ASW,CE,Federal Contract Tower,0,15,1,0,16,0,54,0,0,54,0,69,1,0,70,0,0,0,70
11/01/2015,HUM,LA,ASW,CE,Federal Contract Tower,0,19,5,0,24,0,23,0,0,23,0,42,5,0,47,0,0,0,47
11/02/2015,HUM,LA,ASW,CE,Federal Contract Tower,0,56,13,0,69,0,136,13,0,149,0,192,26,0,218,32,0,32,250
11/03/2015,HUM,LA,ASW,CE,Federal Contract Tower,0,40,9,0,49,0,155,23,0,178,0,195,32,0,227,6,0,6,233
11/04/2015,HUM,LA,ASW,CE,Federal Contract Tower,0,20,13,0,33,0,191,21,0,212,0,211,34,0,245,30,0,30,275
11/05/2015,HUM,LA,ASW,CE,Federal Contract Tower,0,51,19,0,70,0,111,26,0,137,0,162,45,0,207,16,2,18,225
11/06/2015,HUM,LA,ASW,CE,Federal Contract Tower,0,50,19,0,69,0,89,17,0,106,0,139,36,0,175,8,0,8,183
11/07/2015,HUM,LA,ASW,CE,Federal Contract Tower,26,4,0,0,30,0,19,0,0,19,26,23,0,0,49,0,0,0,49
11/08/2015,HUM,LA,ASW,CE,Federal Contract Tower,0,40,14,0,54,0,33,14,0,47,0,73,28,0,101,10,0,10,111
11/09/2015,HUM,LA,ASW,CE,Federal Contract Tower,0,130,18,0,148,0,46,5,0,51,0,176,23,0,199,0,0,0,199
11/10/2015,HUM,LA,ASW,CE,Federal Contract Tower,0,57,8,0,65,0,141,27,0,168,0,198,35,0,233,0,0,0,233
11/11/2015,HUM,LA,ASW,CE,Federal Contract Tower,0,29,13,0,42,0,185,17,0,202,0,214,30,0,244,0,0,0,244
11/12/2015,HUM,LA,ASW,CE,Federal Contract Tower,0,55,20,0,75,0,136,11,0,147,0,191,31,0,222,8,0,8,230
11/13/2015,HUM,LA,ASW,CE,Federal Contract Tower,0,16,18,0,34,0,145,31,0,176,0,161,49,0,210,4,0,4,214
11/14/2015,HUM,LA,ASW,CE,Federal Contract Tower,0,5,3,0,8,0,89,11,0,100,0,94,14,0,108,16,0,16,124
11/15/2015,HUM,LA,ASW,CE,Federal Contract Tower,0,12,17,0,29,0,79,23,0,102,0,91,40,0,131,15,0,15,146
11/16/2015,HUM,LA,ASW,CE,Federal Contract Tower,0,31,19,0,50,0,144,12,0,156,0,175,31,0,206,10,0,10,216
11/17/2015,HUM,LA,ASW,CE,Federal Contract Tower,0,34,6,0,40,0,161,10,2,173,0,195,16,2,213,0,0,0,213
11/18/2015,HUM,LA,ASW,CE,Federal Contract Tower,0,42,6,2,50,0,139,15,2,156,0,181,21,4,206,6,0,6,212
11/19/2015,HUM,LA,ASW,CE,Federal Contract Tower,0,31,20,0,51,0,202,39,0,241,0,233,59,0,292,8,0,8,300
11/20/2015,HUM,LA,ASW,CE,Federal Contract Tower,0,10,18,0,28,0,146,25,0,171,0,156,43,0,199,14,0,14,213
11/21/2015,HUM,LA,ASW,CE,Federal Contract Tower,0,13,5,0,18,0,91,9,0,100,0,104,14,0,118,12,0,12,130
11/22/2015,HUM,LA,ASW,CE,Federal Contract Tower,0,7,7,0,14,0,114,24,0,138,0,121,31,0,152,0,0,0,152
11/23/2015,HUM,LA,ASW,CE,Federal Contract Tower,0,10,6,0,16,0,167,33,0,200,0,177,39,0,216,0,0,0,216
11/24/2015,HUM,LA,ASW,CE,Federal Contract Tower,0,15,13,0,28,0,169,39,0,208,0,184,52,0,236,4,0,4,240
11/25/2015,HUM,LA,ASW,CE,Federal Contract Tower,0,21,11,0,32,0,212,13,0,225,0,233,24,0,257,7,0,7,264
11/26/2015,HUM,LA,ASW,CE,Federal Contract Tower,0,10,3,0,13,0,106,8,0,114,0,116,11,0,127,6,0,6,133
11/27/2015,HUM,LA,ASW,CE,Federal Contract Tower,0,16,12,0,28,0,107,16,0,123,0,123,28,0,151,18,0,18,169
11/28/2015,HUM,LA,ASW,CE,Federal Contract Tower,0,3,17,0,20,0,80,20,0,100,0,83,37,0,120,5,0,5,125
11/29/2015,HUM,LA,ASW,CE,Federal Contract Tower,0,9,22,0,31,0,82,11,0,93,0,91,33,0,124,10,0,10,134
11/30/2015,HUM,LA,ASW,CE,Federal Contract Tower,0,29,10,0,39,0,131,16,0,147,0,160,26,0,186,0,0,0,186
12/01/2015,HUM,LA,ASW,CE,Federal Contract Tower,0,49,8,0,57,0,154,16,0,170,0,203,24,0,227,0,0,0,227
12/02/2015,HUM,LA,ASW,CE,Federal Contract Tower,0,67,9,0,76,0,108,21,0,129,0,175,30,0,205,0,0,0,205
12/03/2015,HUM,LA,ASW,CE,Federal Contract Tower,0,18,27,0,45,0,180,37,0,217,0,198,64,0,262,23,0,23,285
12/04/2015,HUM,LA,ASW,CE,Federal Contract Tower,0,8,19,0,27,0,147,29,0,176,0,155,48,0,203,34,0,34,237
12/05/2015,HUM,LA,ASW,CE,Federal Contract Tower,0,2,9,0,11,0,97,26,0,123,0,99,35,0,134,78,0,78,212
12/06/2015,HUM,LA,ASW,CE,Federal Contract Tower,0,7,4,0,11,0,73,20,0,93,0,80,24,0,104,73,0,73,177
12/07/2015,HUM,LA,ASW,CE,Federal Contract Tower,0,28,9,0,37,0,169,44,0,213,0,197,53,0,250,6,0,6,256
12/08/2015,HUM,LA,ASW,CE,Federal Contract Tower,0,20,10,0,30,0,170,42,2,214,0,190,52,2,244,20,0,20,264
12/09/2015,HUM,LA,ASW,CE,Federal Contract Tower,0,22,8,0,30,0,199,32,0,231,0,221,40,0,261,8,0,8,269
12/10/2015,HUM,LA,ASW,CE,Federal Contract Tower,0,17,16,0,33,0,161,44,0,205,0,178,60,0,238,8,0,8,246
12/11/2015,HUM,LA,ASW,CE,Federal Contract Tower,0,24,12,0,36,0,129,39,0,168,0,153,51,0,204,6,0,6,210
12/12/2015,HUM,LA,ASW,CE,Federal Contract Tower,0,11,3,0,14,0,98,19,0,117,0,109,22,0,131,42,0,42,173
12/13/2015,HUM,LA,ASW,CE,Federal Contract Tower,0,11,3,0,14,0,46,7,0,53,0,57,10,0,67,24,0,24,91
12/14/2015,HUM,LA,ASW,CE,Federal Contract Tower,0,22,15,0,37,0,169,50,0,219,0,191,65,0,256,34,0,34,290
12/15/2015,HUM,LA,ASW,CE,Federal Contract Tower,0,18,16,0,34,0,153,45,6,204,0,171,61,6,238,3,0,3,241
12/16/2015,HUM,LA,ASW,CE,Federal Contract Tower,0,64,9,0,73,0,55,6,0,61,0,119,15,0,134,0,0,0,134
12/17/2015,HUM,LA,ASW,CE,Federal Contract Tower,0,46,10,0,56,0,166,21,0,187,0,212,31,0,243,4,0,4,247
12/18/2015,HUM,LA,ASW,CE,Federal Contract Tower,0,13,15,0,28,0,164,49,0,213,0,177,64,0,241,26,0,26,267
12/19/2015,HUM,LA,ASW,CE,Federal Contract Tower,0,5,11,2,18,0,99,36,0,135,0,104,47,2,153,40,0,40,193
12/20/2015,HUM,LA,ASW,CE,Federal Contract Tower,0,5,12,0,17,0,69,18,0,87,0,74,30,0,104,44,0,44,148
12/21/2015,HUM,LA,ASW,CE,Federal Contract Tower,0,40,11,0,51,0,88,6,0,94,0,128,17,0,145,0,0,0,145
12/22/2015,HUM,LA,ASW,CE,Federal Contract Tower,0,62,11,0,73,0,0,0,0,0,0,62,11,0,73,0,0,0,73
12/23/2015,HUM,LA,ASW,CE,Federal Contract Tower,0,63,7,0,70,0,160,3,0,163,0,223,10,0,233,0,0,0,233
12/24/2015,HUM,LA,ASW,CE,Federal Contract Tower,0,66,6,0,72,0,6,0,0,6,0,72,6,0,78,0,0,0,78
12/25/2015,HUM,LA,ASW,CE,Federal Contract Tower,0,53,1,0,54,0,0,0,0,0,0,53,1,0,54,0,0,0,54
12/26/2015,HUM,LA,ASW,CE,Federal Contract Tower,0,36,19,0,55,0,43,6,0,49,0,79,25,0,104,0,0,0,104
12/27/2015,HUM,LA,ASW,CE,Federal Contract Tower,0,35,11,0,46,0,50,0,0,50,0,85,11,0,96,0,0,0,96
12/28/2015,HUM,LA,ASW,CE,Federal Contract Tower,0,44,7,0,51,0,128,12,0,140,0,172,19,0,191,8,0,8,199
12/29/2015,HUM,LA,ASW,CE,Federal Contract Tower,0,30,3,0,33,0,150,27,0,177,0,180,30,0,210,38,0,38,248
12/30/2015,HUM,LA,ASW,CE,Federal Contract Tower,0,84,14,0,98,0,0,0,0,0,0,84,14,0,98,0,0,0,98
12/31/2015,HUM,LA,ASW,CE,Federal Contract Tower,0,90,6,0,96,0,86,4,0,90,0,176,10,0,186,0,0,0,186
01/01/2016,HUM,LA,ASW,CE,Federal Contract Tower,0,66,5,0,71,0,65,3,0,68,0,131,8,0,139,0,0,0,139
01/02/2016,HUM,LA,ASW,CE,Federal Contract Tower,0,16,12,0,28,0,80,11,0,91,0,96,23,0,119,0,0,0,119
01/03/2016,HUM,LA,ASW,CE,Federal Contract Tower,0,16,11,0,27,0,75,23,0,98,0,91,34,0,125,14,0,14,139
01/04/2016,HUM,LA,ASW,CE,Federal Contract Tower,0,15,16,0,31,0,160,32,0,192,0,175,48,0,223,18,0,18,241
01/05/2016,HUM,LA,ASW,CE,Federal Contract Tower,0,20,12,0,32,0,149,44,0,193,0,169,56,0,225,18,0,18,243
01/06/2016,HUM,LA,ASW,CE,Federal Contract Tower,0,21,13,0,34,0,200,41,0,241,0,221,54,0,275,4,0,4,279
01/07/2016,HUM,LA,ASW,CE,Federal Contract Tower,0,68,16,0,84,0,4,0,0,4,0,72,16,0,88,0,0,0,88
01/08/2016,HUM,LA,ASW,CE,Federal Contract Tower,0,65,19,0,84,0,32,11,0,43,0,97,30,0,127,38,0,38,165
01/09/2016,HUM,LA,ASW,CE,Federal Contract Tower,0,10,7,0,17,0,88,23,0,111,0,98,30,0,128,0,0,0,128
01/10/2016,HUM,LA,ASW,CE,Federal Contract Tower,0,5,9,0,14,0,71,14,0,85,0,76,23,0,99,10,0,10,109
01/11/2016,HUM,LA,ASW,CE,Federal Contract Tower,0,18,10,0,28,0,149,40,0,189,0,167,50,0,217,0,0,0,217
01/12/2016,HUM,LA,ASW,CE,Federal Contract Tower,0,17,11,0,28,0,154,37,0,191,0,171,48,0,219,30,0,30,249
01/13/2016,HUM,LA,ASW,CE,Federal Contract Tower,0,15,16,2,33,0,221,23,2,246,0,236,39,4,279,10,0,10,289
01/14/2016,HUM,LA,ASW,CE,Federal Contract Tower,0,25,16,0,41,0,130,21,0,151,0,155,37,0,192,0,0,0,192
01/15/2016,HUM,LA,ASW,CE,Federal Contract Tower,0,28,14,0,42,0,154,31,0,185,0,182,45,0,227,6,0,6,233
01/16/2016,HUM,LA,ASW,CE,Federal Contract Tower,0,6,8,0,14,0,94,40,0,134,0,100,48,0,148,8,0,8,156
01/17/2016,HUM,LA,ASW,CE,Federal Contract Tower,0,7,14,0,21,0,77,23,0,100,0,84,37,0,121,40,0,40,161
01/18/2016,HUM,LA,ASW,CE,Federal Contract Tower,0,9,19,0,28,0,176,44,0,220,0,185,63,0,248,10,0,10,258
01/19/2016,HUM,LA,ASW,CE,Federal Contract Tower,0,10,12,0,22,0,155,35,0,190,0,165,47,0,212,0,0,0,212
01/20/2016,HUM,LA,ASW,CE,Federal Contract Tower,0,22,12,0,34,0,195,32,0,227,0,217,44,0,261,42,0,42,303
01/21/2016,HUM,LA,ASW,CE,Federal Contract Tower,0,44,14,0,58,0,106,16,0,122,0,150,30,0,180,8,0,8,188
01/22/2016,HUM,LA,ASW,CE,Federal Contract Tower,0,23,18,0,41,0,106,21,0,127,0,129,39,0,168,0,0,0,168
01/23/2016,HUM,LA,ASW,CE,Federal Contract Tower,0,6,7,0,13,0,96,46,0,142,0,102,53,0,155,6,0,6,161
01/24/2016,HUM,LA,ASW,CE,Federal Contract Tower,0,2,8,0,10,0,106,34,0,140,0,108,42,0,150,2,0,2,152
01/25/2016,HUM,LA,ASW,CE,Federal Contract Tower,0,9,18,0,27,0,155,33,0,188,0,164,51,0,215,0,0,0,215
01/26/2016,HUM,LA,ASW,CE,Federal Contract Tower,0,34,14,1,49,0,110,12,0,122,0,144,26,1,171,0,0,0,171
01/27/2016,HUM,LA,ASW,CE,Federal Contract Tower,0,77,8,0,85,0,55,10,2,67,0,132,18,2,152,2,0,2,154
01/28/2016,HUM,LA,ASW,CE,Federal Contract Tower,0,12,10,0,22,0,194,35,0,229,0,206,45,0,251,12,0,12,263
01/29/2016,HUM,LA,ASW,CE,Federal Contract Tower,0,13,11,0,24,0,137,40,2,179,0,150,51,2,203,2,0,2,205
01/30/2016,HUM,LA,ASW,CE,Federal Contract Tower,0,2,8,0,10,0,101,19,0,120,0,103,27,0,130,4,0,4,134
01/31/2016,HUM,LA,ASW,CE,Federal Contract Tower,0,7,15,0,22,0,88,14,0,102,0,95,29,0,124,18,0,18,142
02/01/2016,HUM,LA,ASW,CE,Federal Contract Tower,0,58,11,0,69,0,17,0,0,17,0,75,11,0,86,0,0,0,86
02/02/2016,HUM,LA,ASW,CE,Federal Contract Tower,0,84,9,0,93,0,47,0,0,47,0,131,9,0,140,0,0,0,140
02/03/2016,HUM,LA,ASW,CE,Federal Contract Tower,0,32,7,0,39,0,172,25,0,197,0,204,32,0,236,4,0,4,240
02/04/2016,HUM,LA,ASW,CE,Federal Contract Tower,0,4,16,0,20,0,186,39,0,225,0,190,55,0,245,8,0,8,253
02/05/2016,HUM,LA,ASW,CE,Federal Contract Tower,0,10,14,0,24,0,135,23,0,158,0,145,37,0,182,8,0,8,190
02/06/2016,HUM,LA,ASW,CE,Federal Contract Tower,0,0,5,0,5,0,83,17,0,100,0,83,22,0,105,44,0,44,149
02/07/2016,HUM,LA,ASW,CE,Federal Contract Tower,0,3,3,0,6,0,79,18,0,97,0,82,21,0,103,18,0,18,121
02/08/2016,HUM,LA,ASW,CE,Federal Contract Tower,0,12,7,0,19,0,138,22,0,160,0,150,29,0,179,4,0,4,183
02/09/2016,HUM,LA,ASW,CE,Federal Contract Tower,0,10,8,0,18,0,111,13,0,124,0,121,21,0,142,0,4,4,146
02/10/2016,HUM,LA,ASW,CE,Federal Contract Tower,0,10,12,0,22,0,180,30,0,210,0,190,42,0,232,12,0,12,244
02/11/2016,HUM,LA,ASW,CE,Federal Contract Tower,0,6,10,0,16,0,176,27,0,203,0,182,37,0,219,2,0,2,221
02/12/2016,HUM,LA,ASW,CE,Federal Contract Tower,0,9,19,0,28,0,155,47,0,202,0,164,66,0,230,34,0,34,264
02/13/2016,HUM,LA,ASW,CE,Federal Contract Tower,0,1,10,0,11,0,83,28,0,111,0,84,38,0,122,26,0,26,148
02/14/2016,HUM,LA,ASW,CE,Federal Contract Tower,0,2,8,0,10,0,99,25,0,124,0,101,33,0,134,20,0,20,154
02/15/2016,HUM,LA,ASW,CE,Federal Contract Tower,0,17,16,0,33,0,97,4,0,101,0,114,20,0,134,0,0,0,134
02/16/2016,HUM,LA,ASW,CE,Federal Contract Tower,0,11,14,0,25,0,160,28,0,188,0,171,42,0,213,10,0,10,223
02/17/2016,HUM,LA,ASW,CE,Federal Contract Tower,0,6,7,0,13,0,176,48,0,224,0,182,55,0,237,30,0,30,267
02/18/2016,HUM,LA,ASW,CE,Federal Contract Tower,0,3,18,0,21,0,177,48,0,225,0,180,66,0,246,0,0,0,246
02/19/2016,HUM,LA,ASW,CE,Federal Contract Tower,0,12,14,0,26,0,115,30,0,145,0,127,44,0,171,16,0,16,187
02/20/2016,HUM,LA,ASW,CE,Federal Contract Tower,0,8,5,0,13,0,71,24,0,95,0,79,29,0,108,16,0,16,124
02/21/2016,HUM,LA,ASW,CE,Federal Contract Tower,0,9,7,0,16,0,72,14,0,86,0,81,21,0,102,6,0,6,108
02/22/2016,HUM,LA,ASW,CE,Federal Contract Tower,0,62,10,0,72,0,33,7,0,40,0,95,17,0,112,16,0,16,128
02/23/2016,HUM,LA,ASW,CE,Federal Contract Tower,0,51,8,0,59,0,36,7,0,43,0,87,15,0,102,0,0,0,102
02/24/2016,HUM,LA,ASW,CE,Federal Contract Tower,0,14,13,0,27,0,162,20,2,184,0,176,33,2,211,12,0,12,223
02/25/2016,HUM,LA,ASW,CE,Federal Contract Tower,0,0,13,0,13,0,195,43,0,238,0,195,56,0,251,10,0,10,261
02/26/2016,HUM,LA,ASW,CE,Federal Contract Tower,0,5,14,0,19,0,162,28,0,190,0,167,42,0,209,2,0,2,211
02/27/2016,HUM,LA,ASW,CE,Federal Contract Tower,0,2,6,0,8,0,99,45,0,144,0,101,51,0,152,14,0,14,166
02/28/2016,HUM,LA,ASW,CE,Federal Contract Tower,0,3,10,0,13,0,95,31,0,126,0,98,41,0,139,36,0,36,175
02/29/2016,HUM,LA,ASW,CE,Federal Contract Tower,0,16,18,0,34,0,151,35,5,191,0,167,53,5,225,12,0,12,237
03/01/2016,HUM,LA,ASW,CE,Federal Contract Tower,0,20,14,2,36,0,151,36,0,187,0,171,50,2,223,8,4,12,235
03/02/2016,HUM,LA,ASW,CE,Federal Contract Tower,0,19,13,0,32,0,185,32,0,217,0,204,45,0,249,0,0,0,249
03/03/2016,HUM,LA,ASW,CE,Federal Contract Tower,0,29,14,0,43,0,160,14,0,174,0,189,28,0,217,0,0,0,217
03/04/2016,HUM,LA,ASW,CE,Federal Contract Tower,0,15,5,0,20,0,136,17,2,155,0,151,22,2,175,10,0,10,185
03/05/2016,HUM,LA,ASW,CE,Federal Contract Tower,0,6,6,0,12,0,89,23,0,112,0,95,29,0,124,10,0,10,134
03/06/2016,HUM,LA,ASW,CE,Federal Contract Tower,0,13,7,1,21,0,77,25,0,102,0,90,32,1,123,20,0,20,143
03/07/2016,HUM,LA,ASW,CE,Federal Contract Tower,0,19,7,0,26,0,177,30,0,207,0,196,37,0,233,22,0,22,255
03/08/2016,HUM,LA,ASW,CE,Federal Contract Tower,0,23,16,0,39,0,151,24,0,175,0,174,40,0,214,0,0,0,214
03/09/2016,HUM,LA,ASW,CE,Federal Contract Tower,0,46,9,0,55,0,77,1,0,78,0,123,10,0,133,0,0,0,133
03/10/2016,HUM,LA,ASW,CE,Federal Contract Tower,0,39,9,0,48,0,19,0,0,19,0,58,9,0,67,0,0,0,67
03/11/2016,HUM,LA,ASW,CE,Federal Contract Tower,0,20,9,0,29,0,54,1,0,55,0,74,10,0,84,0,0,0,84
03/12/2016,HUM,LA,ASW,CE,Federal Contract Tower,0,22,2,0,24,0,89,0,0,89,0,111,2,0,113,0,0,0,113
03/13/2016,HUM,LA,ASW,CE,Federal Contract Tower,0,5,9,0,14,0,126,34,0,160,0,131,43,0,174,38,0,38,212
03/14/2016,HUM,LA,ASW,CE,Federal Contract Tower,0,29,18,0,47,0,145,31,0,176,0,174,49,0,223,26,0,26,249
03/15/2016,HUM,LA,ASW,CE,Federal Contract Tower,0,30,19,0,49,0,149,30,0,179,0,179,49,0,228,0,0,0,228
03/16/2016,HUM,LA,ASW,CE,Federal Contract Tower,0,38,10,4,52,0,142,34,0,176,0,180,44,4,228,38,0,38,266
03/17/2016,HUM,LA,ASW,CE,Federal Contract Tower,0,52,12,0,64,0,74,11,0,85,0,126,23,0,149,18,0,18,167
03/18/2016,HUM,LA,ASW,CE,Federal Contract Tower,0,40,10,0,50,0,16,1,0,17,0,56,11,0,67,2,0,2,69
03/19/2016,HUM,LA,ASW,CE,Federal Contract Tower,0,30,17,0,47,0,20,4,0,24,0,50,21,0,71,0,0,0,71
03/20/2016,HUM,LA,ASW,CE,Federal Contract Tower,0,6,9,0,15,0,99,34,0,133,0,105,43,0,148,10,0,10,158
03/21/2016,HUM,LA,ASW,CE,Federal Contract Tower,0,5,13,0,18,0,164,42,0,206,0,169,55,0,224,4,0,4,228
03/22/2016,HUM,LA,ASW,CE,Federal Contract Tower,0,10,14,1,25,0,170,28,0,198,0,180,42,1,223,44,0,44,267
03/23/2016,HUM,LA,ASW,CE,Federal Contract Tower,0,15,14,0,29,0,180,38,0,218,0,195,52,0,247,4,0,4,251
03/24/2016,HUM,LA,ASW,CE,Federal Contract Tower,0,0,0,0,0,0,50,4,0,54,0,50,4,0,54,0,0,0,54
03/25/2016,HUM,LA,ASW,CE,Federal Contract Tower,0,32,11,0,43,0,135,38,0,173,0,167,49,0,216,8,0,8,224
03/26/2016,HUM,LA,ASW,CE,Federal Contract Tower,0,13,4,0,17,0,31,23,0,54,0,44,27,0,71,18,0,18,89
03/27/2016,HUM,LA,ASW,CE,Federal Contract Tower,0,22,8,0,30,0,10,1,0,11,0,32,9,0,41,0,0,0,41
03/28/2016,HUM,LA,ASW,CE,Federal Contract Tower,0,48,14,0,62,0,66,16,0,82,0,114,30,0,144,20,0,20,164
03/29/2016,HUM,LA,ASW,CE,Federal Contract Tower,0,82,21,0,103,0,77,19,0,96,0,159,40,0,199,0,0,0,199
03/30/2016,HUM,LA,ASW,CE,Federal Contract Tower,0,49,13,0,62,0,124,3,0,127,0,173,16,0,189,0,0,0,189
03/31/2016,HUM,LA,ASW,CE,Federal Contract Tower,0,44,15,0,59,0,62,2,0,64,0,106,17,0,123,0,0,0,123
04/01/2016,HUM,LA,ASW,CE,Federal Contract Tower,0,39,6,0,45,0,1,0,0,1,0,40,6,0,46,0,0,0,46
04/02/2016,HUM,LA,ASW,CE,Federal Contract Tower,0,12,16,0,28,0,95,34,0,129,0,107,50,0,157,22,0,22,179
04/03/2016,HUM,LA,ASW,CE,Federal Contract Tower,0,9,10,0,19,0,91,40,0,131,0,100,50,0,150,6,0,6,156
04/04/2016,HUM,LA,ASW,CE,Federal Contract Tower,0,21,13,0,34,0,132,48,0,180,0,153,61,0,214,16,0,16,230
04/05/2016,HUM,LA,ASW,CE,Federal Contract Tower,0,12,10,0,22,0,161,54,0,215,0,173,64,0,237,36,0,36,273
04/06/2016,HUM,LA,ASW,CE,Federal Contract Tower,0,21,15,3,39,0,178,34,0,212,0,199,49,3,251,24,0,24,275
04/07/2016,HUM,LA,ASW,CE,Federal Contract Tower,0,13,20,0,33,0,145,52,0,197,0,158,72,0,230,13,0,13,243
04/08/2016,HUM,LA,ASW,CE,Federal Contract Tower,0,8,13,0,21,0,127,38,2,167,0,135,51,2,188,10,0,10,198
04/09/2016,HUM,LA,ASW,CE,Federal Contract Tower,0,3,11,0,14,0,80,32,0,112,0,83,43,0,126,0,0,0,126
04/10/2016,HUM,LA,ASW,CE,Federal Contract Tower,0,5,14,0,19,0,87,29,0,116,0,92,43,0,135,26,0,26,161
04/11/2016,HUM,LA,ASW,CE,Federal Contract Tower,0,18,13,0,31,0,117,31,0,148,0,135,44,0,179,4,0,4,183
04/12/2016,HUM,LA,ASW,CE,Federal Contract Tower,0,67,13,0,80,0,10,1,0,11,0,77,14,0,91,0,0,0,91
04/13/2016,HUM,LA,ASW,CE,Federal Contract Tower,0,29,7,0,36,0,94,5,0,99,0,123,12,0,135,20,0,20,155
04/14/2016,HUM,LA,ASW,CE,Federal Contract Tower,0,15,6,0,21,0,56,12,0,68,0,71,18,0,89,0,0,0,89
04/15/2016,HUM,LA,ASW,CE,Federal Contract Tower,0,60,9,0,69,0,101,12,0,113,0,161,21,0,182,0,0,0,182
04/16/2016,HUM,LA,ASW,CE,Federal Contract Tower,0,34,8,0,42,0,59,4,0,63,0,93,12,0,105,16,0,16,121
04/17/2016,HUM,LA,ASW,CE,Federal Contract Tower,0,6,16,0,22,0,47,16,0,63,0,53,32,0,85,6,0,6,91
04/18/2016,HUM,LA,ASW,CE,Federal Contract Tower,0,17,12,0,29,0,154,43,0,197,0,171,55,0,226,6,0,6,232
04/19/2016,HUM,LA,ASW,CE,Federal Contract Tower,0,23,14,0,37,0,142,40,0,182,0,165,54,0,219,32,0,32,251
04/20/2016,HUM,LA,ASW,CE,Federal Contract Tower,0,19,9,0,28,0,164,39,0,203,0,183,48,0,231,0,0,0,231
04/21/2016,HUM,LA,ASW,CE,Federal Contract Tower,0,30,10,0,40,0,119,18,0,137,0,149,28,0,177,0,0,0,177
04/22/2016,HUM,LA,ASW,CE,Federal Contract Tower,0,30,19,0,49,0,104,18,0,122,0,134,37,0,171,10,0,10,181
04/23/2016,HUM,LA,ASW,CE,Federal Contract Tower,0,3,3,0,6,0,86,35,0,121,0,89,38,0,127,16,0,16,143
04/24/2016,HUM,LA,ASW,CE,Federal Contract Tower,0,1,11,0,12,0,84,37,0,121,0,85,48,0,133,34,2,36,169
04/25/2016,HUM,LA,ASW,CE,Federal Contract Tower,0,17,16,0,33,0,161,56,0,217,0,178,72,0,250,26,0,26,276
04/26/2016,HUM,LA,ASW,CE,Federal Contract Tower,0,21,23,0,44,0,158,69,0,227,0,179,92,0,271,20,0,20,291
04/27/2016,HUM,LA,ASW,CE,Federal Contract Tower,0,24,12,0,36,0,111,15,0,126,0,135,27,0,162,0,0,0,162
04/28/2016,HUM,LA,ASW,CE,Federal Contract Tower,0,68,13,0,81,0,79,5,0,84,0,147,18,0,165,4,0,4,169
04/29/2016,HUM,LA,ASW,CE,Federal Contract Tower,0,31,11,0,42,0,118,36,0,154,0,149,47,0,196,8,0,8,204
04/30/2016,HUM,LA,ASW,CE,Federal Contract Tower,0,21,5,0,26,0,49,0,0,49,0,70,5,0,75,0,0,0,75
05/01/2016,HUM,LA,ASW,CE,Federal Contract Tower,0,18,8,0,26,0,14,3,0,17,0,32,11,0,43,0,0,0,43
05/02/2016,HUM,LA,ASW,CE,Federal Contract Tower,0,37,14,0,51,0,98,16,0,114,0,135,30,0,165,6,0,6,171
05/03/2016,HUM,LA,ASW,CE,Federal Contract Tower,0,67,25,0,92,0,79,18,0,97,0,146,43,0,189,12,0,12,201
05/04/2016,HUM,LA,ASW,CE,Federal Contract Tower,0,22,7,0,29,0,164,43,0,207,0,186,50,0,236,24,0,24,260
05/05/2016,HUM,LA,ASW,CE,Federal Contract Tower,0,3,30,0,33,0,178,44,0,222,0,181,74,0,255,26,0,26,281
05/06/2016,HUM,LA,ASW,CE,Federal Contract Tower,0,9,14,0,23,0,112,25,0,137,0,121,39,0,160,18,0,18,178
05/07/2016,HUM,LA,ASW,CE,Federal Contract Tower,0,2,5,0,7,0,73,45,2,120,0,75,50,2,127,28,0,28,155
05/08/2016,HUM,LA,ASW,CE,Federal Contract Tower,0,5,13,0,18,0,89,19,0,108,0,94,32,0,126,12,0,12,138
05/09/2016,HUM,LA,ASW,CE,Federal Contract Tower,0,9,12,3,24,0,149,44,0,193,0,158,56,3,217,0,0,0,217
05/10/2016,HUM,LA,ASW,CE,Federal Contract Tower,0,11,10,0,21,0,138,37,0,175,0,149,47,0,196,22,0,22,218
05/11/2016,HUM,LA,ASW,CE,Federal Contract Tower,0,22,2,0,24,0,186,34,0,220,0,208,36,0,244,22,2,24,268
05/12/2016,HUM,LA,ASW,CE,Federal Contract Tower,0,31,28,0,59,0,113,25,0,138,0,144,53,0,197,0,0,0,197
05/13/2016,HUM,LA,ASW,CE,Federal Contract Tower,0,25,14,0,39,0,106,38,2,146,0,131,52,2,185,40,0,40,225
05/14/2016,HUM,LA,ASW,CE,Federal Contract Tower,0,6,4,0,10,0,63,49,2,114,0,69,53,2,124,2,0,2,126
05/15/2016,HUM,LA,ASW,CE,Federal Contract Tower,0,8,4,0,12,0,73,14,0,87,0,81,18,0,99,0,0,0,99
05/16/2016,HUM,LA,ASW,CE,Federal Contract Tower,0,26,11,0,37,0,170,38,0,208,0,196,49,0,245,0,0,0,245
05/17/2016,HUM,LA,ASW,CE,Federal Contract Tower,0,41,7,0,48,0,126,14,0,140,0,167,21,0,188,4,0,4,192
05/18/2016,HUM,LA,ASW,CE,Federal Contract Tower,0,41,8,0,49,0,147,33,0,180,0,188,41,0,229,22,0,22,251
05/19/2016,HUM,LA,ASW,CE,Federal Contract Tower,0,56,10,0,66,0,95,26,0,121,0,151,36,0,187,2,0,2,189
05/20/2016,HUM,LA,ASW,CE,Federal Contract Tower,0,5,15,0,20,0,93,18,0,111,0,98,33,0,131,0,0,0,131
05/21/2016,HUM,LA,ASW,CE,Federal Contract Tower,0,21,7,0,28,0,117,28,0,145,0,138,35,0,173,12,0,12,185
05/22/2016,HUM,LA,ASW,CE,Federal Contract Tower,0,4,17,0,21,0,60,22,0,82,0,64,39,0,103,22,0,22,125
05/23/2016,HUM,LA,ASW,CE,Federal Contract Tower,0,11,16,1,28,0,185,52,1,238,0,196,68,2,266,0,0,0,266
05/24/2016,HUM,LA,ASW,CE,Federal Contract Tower,0,12,14,0,26,0,144,40,0,184,0,156,54,0,210,0,0,0,210
05/25/2016,HUM,LA,ASW,CE,Federal Contract Tower,0,19,15,0,34,0,164,24,0,188,0,183,39,0,222,4,0,4,226
05/26/2016,HUM,LA,ASW,CE,Federal Contract Tower,0,13,18,0,31,0,171,35,0,206,0,184,53,0,237,4,0,4,241
05/27/2016,HUM,LA,ASW,CE,Federal Contract Tower,0,16,10,0,26,0,86,18,0,104,0,102,28,0,130,8,0,8,138
05/28/2016,HUM,LA,ASW,CE,Federal Contract Tower,0,7,10,0,17,0,66,18,0,84,0,73,28,0,101,22,0,22,123
05/29/2016,HUM,LA,ASW,CE,Federal Contract Tower,0,9,6,0,15,0,59,13,0,72,0,68,19,0,87,0,0,0,87
05/30/2016,HUM,LA,ASW,CE,Federal Contract Tower,0,15,16,0,31,0,116,32,0,148,0,131,48,0,179,0,0,0,179
05/31/2016,HUM,LA,ASW,CE,Federal Contract Tower,0,22,25,0,47,0,155,29,0,184,0,177,54,0,231,2,0,2,233
06/01/2016,HUM,LA,ASW,CE,Federal Contract Tower,0,21,13,0,34,0,148,26,0,174,0,169,39,0,208,26,0,26,234
06/02/2016,HUM,LA,ASW,CE,Federal Contract Tower,0,19,15,0,34,0,144,22,0,166,0,163,37,0,200,0,0,0,200
06/03/2016,HUM,LA,ASW,CE,Federal Contract Tower,0,24,9,0,33,0,93,21,0,114,0,117,30,0,147,0,0,0,147
06/04/2016,HUM,LA,ASW,CE,Federal Contract Tower,0,6,4,0,10,0,38,1,0,39,0,44,5,0,49,0,0,0,49
06/05/2016,HUM,LA,ASW,CE,Federal Contract Tower,0,3,13,0,16,0,70,14,0,84,0,73,27,0,100,18,0,18,118
06/06/2016,HUM,LA,ASW,CE,Federal Contract Tower,0,29,21,0,50,0,120,29,0,149,0,149,50,0,199,0,0,0,199
06/07/2016,HUM,LA,ASW,CE,Federal Contract Tower,0,0,0,0,0,0,143,42,0,185,0,143,42,0,185,0,0,0,185
06/08/2016,HUM,LA,ASW,CE,Federal Contract Tower,0,12,7,0,19,0,168,43,0,211,0,180,50,0,230,12,0,12,242
06/09/2016,HUM,LA,ASW,CE,Federal Contract Tower,0,13,8,0,21,0,140,46,0,186,0,153,54,0,207,16,0,16,223
06/10/2016,HUM,LA,ASW,CE,Federal Contract Tower,0,12,15,0,27,0,107,19,0,126,0,119,34,0,153,0,0,0,153
06/11/2016,HUM,LA,ASW,CE,Federal Contract Tower,0,1,13,0,14,0,80,13,0,93,0,81,26,0,107,8,0,8,115
06/12/2016,HUM,LA,ASW,CE,Federal Contract Tower,0,8,19,0,27,0,78,14,0,92,0,86,33,0,119,28,0,28,147
06/13/2016,HUM,LA,ASW,CE,Federal Contract Tower,0,21,16,0,37,0,129,22,2,153,0,150,38,2,190,0,0,0,190
06/14/2016,HUM,LA,ASW,CE,Federal Contract Tower,0,36,14,0,50,0,173,29,0,202,0,209,43,0,252,12,0,12,264
06/15/2016,HUM,LA,ASW,CE,Federal Contract Tower,0,23,13,0,36,0,165,32,0,197,0,188,45,0,233,8,0,8,241
06/16/2016,HUM,LA,ASW,CE,Federal Contract Tower,0,19,21,0,40,0,165,45,0,210,0,184,66,0,250,0,0,0,250
06/17/2016,HUM,LA,ASW,CE,Federal Contract Tower,0,13,16,0,29,0,116,22,0,138,0,129,38,0,167,10,0,10,177
06/18/2016,HUM,LA,ASW,CE,Federal Contract Tower,0,7,15,0,22,0,60,7,0,67,0,67,22,0,89,6,0,6,95
06/19/2016,HUM,LA,ASW,CE,Federal Contract Tower,0,5,15,0,20,0,60,12,0,72,0,65,27,0,92,8,0,8,100
06/20/2016,HUM,LA,ASW,CE,Federal Contract Tower,0,11,13,0,24,0,113,28,0,141,0,124,41,0,165,12,0,12,177
06/21/2016,HUM,LA,ASW,CE,Federal Contract Tower,0,9,13,0,22,0,126,41,0,167,0,135,54,0,189,4,0,4,193
06/22/2016,HUM,LA,ASW,CE,Federal Contract Tower,0,7,16,0,23,0,163,26,0,189,0,170,42,0,212,10,6,16,228
06/23/2016,HUM,LA,ASW,CE,Federal Contract Tower,0,5,12,0,17,0,136,32,0,168,0,141,44,0,185,14,0,14,199
06/24/2016,HUM,LA,ASW,CE,Federal Contract Tower,0,9,15,0,24,0,118,23,0,141,0,127,38,0,165,8,0,8,173
06/25/2016,HUM,LA,ASW,CE,Federal Contract Tower,0,3,15,0,18,0,88,23,0,111,0,91,38,0,129,8,0,8,137
06/26/2016,HUM,LA,ASW,CE,Federal Contract Tower,0,10,18,0,28,0,67,25,0,92,0,77,43,0,120,0,0,0,120
06/27/2016,HUM,LA,ASW,CE,Federal Contract Tower,0,21,18,0,39,0,123,30,0,153,0,144,48,0,192,18,0,18,210
06/28/2016,HUM,LA,ASW,CE,Federal Contract Tower,0,26,6,0,32,0,144,18,0,162,0,170,24,0,194,0,0,0,194
06/29/2016,HUM,LA,ASW,CE,Federal Contract Tower,0,24,8,0,32,0,138,25,0,163,0,162,33,0,195,8,0,8,203
06/30/2016,HUM,LA,ASW,CE,Federal Contract Tower,0,20,16,0,36,0,121,21,0,142,0,141,37,0,178,6,0,6,184
07/01/2016,HUM,LA,ASW,CE,Federal Contract Tower,0,19,12,0,31,0,90,18,0,108,0,109,30,0,139,8,0,8,147
07/02/2016,HUM,LA,ASW,CE,Federal Contract Tower,0,7,9,0,16,0,69,9,0,78,0,76,18,0,94,0,0,0,94
07/03/2016,HUM,LA,ASW,CE,Federal Contract Tower,0,5,7,0,12,0,54,8,0,62,0,59,15,0,74,28,0,28,102
07/04/2016,HUM,LA,ASW,CE,Federal Contract Tower,0,17,6,0,23,0,94,16,0,110,0,111,22,0,133,6,0,6,139
07/05/2016,HUM,LA,ASW,CE,Federal Contract Tower,0,17,11,0,28,0,134,24,0,158,0,151,35,0,186,6,0,6,192
07/06/2016,HUM,LA,ASW,CE,Federal Contract Tower,0,17,20,0,37,0,156,24,0,180,0,173,44,0,217,4,0,4,221
07/07/2016,HUM,LA,ASW,CE,Federal Contract Tower,0,13,11,0,24,0,141,34,0,175,0,154,45,0,199,14,0,14,213
07/08/2016,HUM,LA,ASW,CE,Federal Contract Tower,0,4,18,0,22,0,103,20,0,123,0,107,38,0,145,3,2,5,150
07/09/2016,HUM,LA,ASW,CE,Federal Contract Tower,0,6,4,0,10,0,75,15,0,90,0,81,19,0,100,19,0,19,119
07/10/2016,HUM,LA,ASW,CE,Federal Contract Tower,0,2,6,0,8,0,72,8,0,80,0,74,14,0,88,0,0,0,88
07/11/2016,HUM,LA,ASW,CE,Federal Contract Tower,0,13,12,0,25,0,124,26,0,150,0,137,38,0,175,4,0,4,179
07/12/2016,HUM,LA,ASW,CE,Federal Contract Tower,0,11,16,0,27,0,156,44,0,200,0,167,60,0,227,12,0,12,239
07/13/2016,HUM,LA,ASW,CE,Federal Contract Tower,0,7,11,0,18,0,164,22,0,186,0,171,33,0,204,26,0,26,230
07/14/2016,HUM,LA,ASW,CE,Federal Contract Tower,0,4,23,0,27,0,132,22,0,154,0,136,45,0,181,10,0,10,191
07/15/2016,HUM,LA,ASW,CE,Federal Contract Tower,0,7,15,0,22,0,137,24,0,161,0,144,39,0,183,0,0,0,183
07/16/2016,HUM,LA,ASW,CE,Federal Contract Tower,0,3,10,0,13,0,81,16,0,97,0,84,26,0,110,16,0,16,126
07/17/2016,HUM,LA,ASW,CE,Federal Contract Tower,0,4,13,0,17,0,65,15,0,80,0,69,28,0,97,0,0,0,97
07/18/2016,HUM,LA,ASW,CE,Federal Contract Tower,0,13,14,0,27,0,131,23,0,154,0,144,37,0,181,0,0,0,181
07/19/2016,HUM,LA,ASW,CE,Federal Contract Tower,0,13,13,0,26,0,127,21,4,152,0,140,34,4,178,44,0,44,222
07/20/2016,HUM,LA,ASW,CE,Federal Contract Tower,0,8,9,0,17,0,150,30,0,180,0,158,39,0,197,20,0,20,217
07/21/2016,HUM,LA,ASW,CE,Federal Contract Tower,0,5,12,0,17,0,176,32,0,208,0,181,44,0,225,12,2,14,239
07/22/2016,HUM,LA,ASW,CE,Federal Contract Tower,0,12,12,0,24,0,99,24,0,123,0,111,36,0,147,0,0,0,147
07/23/2016,HUM,LA,ASW,CE,Federal Contract Tower,0,3,7,0,10,0,84,19,0,103,0,87,26,0,113,10,0,10,123
07/24/2016,HUM,LA,ASW,CE,Federal Contract Tower,0,8,15,0,23,0,56,7,0,63,0,64,22,0,86,10,0,10,96
07/25/2016,HUM,LA,ASW,CE,Federal Contract Tower,0,12,7,0,19,0,85,16,0,101,0,97,23,0,120,6,0,6,126
07/26/2016,HUM,LA,ASW,CE,Federal Contract Tower,0,34,11,0,45,0,36,11,0,47,0,70,22,0,92,2,0,2,94
07/27/2016,HUM,LA,ASW,CE,Federal Contract Tower,0,36,7,0,43,0,154,9,0,163,0,190,16,0,206,24,0,24,230
07/28/2016,HUM,LA,ASW,CE,Federal Contract Tower,0,16,19,0,35,0,144,32,0,176,0,160,51,0,211,20,0,20,231
07/29/2016,HUM,LA,ASW,CE,Federal Contract Tower,0,17,21,0,38,0,127,25,0,152,0,144,46,0,190,0,0,0,190
07/30/2016,HUM,LA,ASW,CE,Federal Contract Tower,0,2,13,0,15,0,63,14,0,77,0,65,27,0,92,12,0,12,104
07/31/2016,HUM,LA,ASW,CE,Federal Contract Tower,0,2,15,0,17,0,51,17,0,68,0,53,32,0,85,12,0,12,97
08/01/2016,HUM,LA,ASW,CE,Federal Contract Tower,0,14,9,0,23,0,112,31,0,143,0,126,40,0,166,20,0,20,186
08/02/2016,HUM,LA,ASW,CE,Federal Contract Tower,0,10,8,0,18,0,131,22,0,153,0,141,30,0,171,6,0,6,177
08/03/2016,HUM,LA,ASW,CE,Federal Contract Tower,0,18,9,0,27,0,138,13,0,151,0,156,22,0,178,18,0,18,196
08/04/2016,HUM,LA,ASW,CE,Federal Contract Tower,0,11,15,0,26,0,142,23,0,165,0,153,38,0,191,6,0,6,197
08/05/2016,HUM,LA,ASW,CE,Federal Contract Tower,0,4,10,0,14,0,113,25,0,138,0,117,35,0,152,0,0,0,152
08/06/2016,HUM,LA,ASW,CE,Federal Contract Tower,0,5,7,0,12,0,51,7,0,58,0,56,14,0,70,4,0,4,74
08/07/2016,HUM,LA,ASW,CE,Federal Contract Tower,0,6,9,0,15,0,38,15,4,57,0,44,24,4,72,12,0,12,84
08/08/2016,HUM,LA,ASW,CE,Federal Contract Tower,0,8,8,0,16,0,119,20,0,139,0,127,28,0,155,17,0,17,172
08/09/2016,HUM,LA,ASW,CE,Federal Contract Tower,0,13,10,0,23,0,118,28,0,146,0,131,38,0,169,0,0,0,169
08/10/2016,HUM,LA,ASW,CE,Federal Contract Tower,0,11,7,0,18,0,58,6,0,64,0,69,13,0,82,18,0,18,100
08/11/2016,HUM,LA,ASW,CE,Federal Contract Tower,0,0,7,0,7,0,4,0,0,4,0,4,7,0,11,0,0,0,11
08/12/2016,HUM,LA,ASW,CE,Federal Contract Tower,0,0,4,0,4,0,1,0,0,1,0,1,4,0,5,0,0,0,5
08/13/2016,HUM,LA,ASW,CE,Federal Contract Tower,0,22,0,0,22,0,42,7,0,49,0,64,7,0,71,0,0,0,71
08/14/2016,HUM,LA,ASW,CE,Federal Contract Tower,0,3,9,0,12,0,72,15,0,87,0,75,24,0,99,0,0,0,99
08/15/2016,HUM,LA,ASW,CE,Federal Contract Tower,0,12,4,0,16,0,147,28,0,175,0,159,32,0,191,6,0,6,197
08/16/2016,HUM,LA,ASW,CE,Federal Contract Tower,0,16,9,0,25,0,117,30,0,147,0,133,39,0,172,26,0,26,198
08/17/2016,HUM,LA,ASW,CE,Federal Contract Tower,0,13,12,0,25,0,154,32,0,186,0,167,44,0,211,28,0,28,239
08/18/2016,HUM,LA,ASW,CE,Federal Contract Tower,0,15,13,0,28,0,135,25,0,160,0,150,38,0,188,18,0,18,206
08/19/2016,HUM,LA,ASW,CE,Federal Contract Tower,0,19,15,0,34,0,113,25,0,138,0,132,40,0,172,12,0,12,184
08/20/2016,HUM,LA,ASW,CE,Federal Contract Tower,0,3,5,0,8,0,72,23,0,95,0,75,28,0,103,6,0,6,109
08/21/2016,HUM,LA,ASW,CE,Federal Contract Tower,0,3,11,0,14,0,72,15,0,87,0,75,26,0,101,0,0,0,101
08/22/2016,HUM,LA,ASW,CE,Federal Contract Tower,0,13,5,0,18,0,98,22,0,120,0,111,27,0,138,11,0,11,149
08/23/2016,HUM,LA,ASW,CE,Federal Contract Tower,0,25,15,0,40,0,153,29,0,182,0,178,44,0,222,0,0,0,222
08/24/2016,HUM,LA,ASW,CE,Federal Contract Tower,0,15,12,0,27,0,138,27,0,165,0,153,39,0,192,3,2,5,197
08/25/2016,HUM,LA,ASW,CE,Federal Contract Tower,0,25,15,0,40,0,118,26,0,144,0,143,41,0,184,0,0,0,184
08/26/2016,HUM,LA,ASW,CE,Federal Contract Tower,0,21,13,0,34,0,103,30,0,133,0,124,43,0,167,0,0,0,167
08/27/2016,HUM,LA,ASW,CE,Federal Contract Tower,0,14,0,0,14,0,72,4,0,76,0,86,4,0,90,2,0,2,92
08/28/2016,HUM,LA,ASW,CE,Federal Contract Tower,0,2,8,0,10,0,32,5,0,37,0,34,13,0,47,0,0,0,47
08/29/2016,HUM,LA,ASW,CE,Federal Contract Tower,0,14,4,0,18,0,57,17,0,74,0,71,21,0,92,0,0,0,92
08/30/2016,HUM,LA,ASW,CE,Federal Contract Tower,0,11,4,0,15,0,99,44,0,143,0,110,48,0,158,17,0,17,175
08/31/2016,HUM,LA,ASW,CE,Federal Contract Tower,0,11,11,0,22,0,139,28,0,167,0,150,39,0,189,20,0,20,209
09/01/2016,HUM,LA,ASW,CE,Federal Contract Tower,0,13,10,0,23,0,163,31,0,194,0,176,41,0,217,2,0,2,219
09/02/2016,HUM,LA,ASW,CE,Federal Contract Tower,0,7,10,0,17,0,135,24,0,159,0,142,34,0,176,0,0,0,176
09/03/2016,HUM,LA,ASW,CE,Federal Contract Tower,0,2,9,0,11,0,67,16,0,83,0,69,25,0,94,0,0,0,94
09/04/2016,HUM,LA,ASW,CE,Federal Contract Tower,0,3,4,0,7,0,55,13,0,68,0,58,17,0,75,4,0,4,79
09/05/2016,HUM,LA,ASW,CE,Federal Contract Tower,0,10,5,0,15,0,56,12,0,68,0,66,17,0,83,4,0,4,87
09/06/2016,HUM,LA,ASW,CE,Federal Contract Tower,0,16,4,0,20,0,140,34,0,174,0,156,38,0,194,10,0,10,204
09/07/2016,HUM,LA,ASW,CE,Federal Contract Tower,0,13,7,2,22,0,154,30,0,184,0,167,37,2,206,0,2,2,208
09/08/2016,HUM,LA,ASW,CE,Federal Contract Tower,0,10,16,0,26,0,142,33,0,175,0,152,49,0,201,28,0,28,229
09/09/2016,HUM,LA,ASW,CE,Federal Contract Tower,0,15,5,0,20,0,65,8,0,73,0,80,13,0,93,0,0,0,93
09/10/2016,HUM,LA,ASW,CE,Federal Contract Tower,0,0,0,0,0,0,0,0,0,0,0,0,0,0,0,0,0,0,0
09/11/2016,HUM,LA,ASW,CE,Federal Contract Tower,0,0,1,0,1,0,7,1,0,8,0,7,2,0,9,4,0,4,13
09/12/2016,HUM,LA,ASW,CE,Federal Contract Tower,0,16,13,2,31,0,139,23,0,162,0,155,36,2,193,14,0,14,207
09/13/2016,HUM,LA,ASW,CE,Federal Contract Tower,0,16,2,0,18,0,142,26,0,168,0,158,28,0,186,46,0,46,232
09/14/2016,HUM,LA,ASW,CE,Federal Contract Tower,0,28,11,0,39,0,158,25,0,183,0,186,36,0,222,4,0,4,226
09/15/2016,HUM,LA,ASW,CE,Federal Contract Tower,0,16,12,2,30,0,138,24,0,162,0,154,36,2,192,28,0,28,220
09/16/2016,HUM,LA,ASW,CE,Federal Contract Tower,0,23,11,4,38,0,51,6,0,57,0,74,17,4,95,2,0,2,97
09/17/2016,HUM,LA,ASW,CE,Federal Contract Tower,0,13,2,0,15,0,49,7,0,56,0,62,9,0,71,2,0,2,73
09/19/2016,HUM,LA,ASW,CE,Federal Contract Tower,0,25,9,0,34,0,81,40,0,121,0,106,49,0,155,22,0,22,177
09/20/2016,HUM,LA,ASW,CE,Federal Contract Tower,0,10,14,0,24,0,135,41,0,176,0,145,55,0,200,18,0,18,218
09/21/2016,HUM,LA,ASW,CE,Federal Contract Tower,0,17,5,2,24,0,145,41,0,186,0,162,46,2,210,14,0,14,224
09/22/2016,HUM,LA,ASW,CE,Federal Contract Tower,0,11,19,0,30,0,127,28,0,155,0,138,47,0,185,0,0,0,185
09/23/2016,HUM,LA,ASW,CE,Federal Contract Tower,0,9,13,0,22,0,105,37,0,142,0,114,50,0,164,16,0,16,180
09/24/2016,HUM,LA,ASW,CE,Federal Contract Tower,0,1,10,0,11,0,71,18,0,89,0,72,28,0,100,0,0,0,100
09/25/2016,HUM,LA,ASW,CE,Federal Contract Tower,0,1,13,0,14,0,55,27,0,82,0,56,40,0,96,14,0,14,110
09/26/2016,HUM,LA,ASW,CE,Federal Contract Tower,0,5,10,0,15,0,122,22,0,144,0,127,32,0,159,17,0,17,176
09/27/2016,HUM,LA,ASW,CE,Federal Contract Tower,0,9,19,0,28,0,123,30,0,153,0,132,49,0,181,8,0,8,189
09/28/2016,HUM,LA,ASW,CE,Federal Contract Tower,0,9,14,0,23,0,164,26,0,190,0,173,40,0,213,2,0,2,215
09/29/2016,HUM,LA,ASW,CE,Federal Contract Tower,0,6,9,1,16,0,156,25,0,181,0,162,34,1,197,14,0,14,211
09/30/2016,HUM,LA,ASW,CE,Federal Contract Tower,0,2,15,0,17,0,105,38,0,143,0,107,53,0,160,16,0,16,176
10/01/2016,HUM,LA,ASW,CE,Federal Contract Tower,0,0,5,0,5,0,69,21,0,90,0,69,26,0,95,0,0,0,95
10/02/2016,HUM,LA,ASW,CE,Federal Contract Tower,0,0,11,0,11,0,57,15,0,72,0,57,26,0,83,0,0,0,83
10/03/2016,HUM,LA,ASW,CE,Federal Contract Tower,0,11,5,0,16,0,116,37,0,153,0,127,42,0,169,8,0,8,177
10/04/2016,HUM,LA,ASW,CE,Federal Contract Tower,0,12,15,0,27,0,161,37,0,198,0,173,52,0,225,16,0,16,241
10/05/2016,HUM,LA,ASW,CE,Federal Contract Tower,0,7,9,0,16,0,145,25,0,170,0,152,34,0,186,14,0,14,200
10/06/2016,HUM,LA,ASW,CE,Federal Contract Tower,0,8,11,0,19,0,145,35,0,180,0,153,46,0,199,0,0,0,199
10/07/2016,HUM,LA,ASW,CE,Federal Contract Tower,0,4,14,0,18,0,93,39,0,132,0,97,53,0,150,0,0,0,150
10/08/2016,HUM,LA,ASW,CE,Federal Contract Tower,0,0,1,0,1,0,66,21,0,87,0,66,22,0,88,0,0,0,88
10/09/2016,HUM,LA,ASW,CE,Federal Contract Tower,0,0,9,0,9,0,65,18,0,83,0,65,27,0,92,4,0,4,96
10/10/2016,HUM,LA,ASW,CE,Federal Contract Tower,0,6,9,0,15,0,102,23,2,127,0,108,32,2,142,6,0,6,148
10/11/2016,HUM,LA,ASW,CE,Federal Contract Tower,0,13,19,0,32,0,121,37,0,158,0,134,56,0,190,6,0,6,196
10/12/2016,HUM,LA,ASW,CE,Federal Contract Tower,0,12,13,0,25,0,154,34,0,188,0,166,47,0,213,10,0,10,223
10/13/2016,HUM,LA,ASW,CE,Federal Contract Tower,0,13,13,0,26,0,131,39,2,172,0,144,52,2,198,18,0,18,216
10/14/2016,HUM,LA,ASW,CE,Federal Contract Tower,0,8,6,0,14,0,116,32,0,148,0,124,38,0,162,2,0,2,164
10/15/2016,HUM,LA,ASW,CE,Federal Contract Tower,0,6,16,0,22,0,65,111,6,182,0,71,127,6,204,22,0,22,226
10/16/2016,HUM,LA,ASW,CE,Federal Contract Tower,0,10,9,0,19,0,54,10,0,64,0,64,19,0,83,0,0,0,83
10/17/2016,HUM,LA,ASW,CE,Federal Contract Tower,0,25,16,0,41,0,87,13,0,100,0,112,29,0,141,10,0,10,151
10/18/2016,HUM,LA,ASW,CE,Federal Contract Tower,0,19,11,0,30,0,143,30,0,173,0,162,41,0,203,0,2,2,205
10/19/2016,HUM,LA,ASW,CE,Federal Contract Tower,0,16,16,0,32,0,161,28,0,189,0,177,44,0,221,0,0,0,221
10/20/2016,HUM,LA,ASW,CE,Federal Contract Tower,0,11,18,0,29,0,136,30,0,166,0,147,48,0,195,0,0,0,195
10/21/2016,HUM,LA,ASW,CE,Federal Contract Tower,0,9,23,3,35,0,78,23,0,101,0,87,46,3,136,0,0,0,136
10/22/2016,HUM,LA,ASW,CE,Federal Contract Tower,0,2,6,3,11,0,81,18,0,99,0,83,24,3,110,4,0,4,114
10/23/2016,HUM,LA,ASW,CE,Federal Contract Tower,0,0,9,0,9,0,69,23,0,92,0,69,32,0,101,8,0,8,109
10/24/2016,HUM,LA,ASW,CE,Federal Contract Tower,0,5,10,0,15,0,113,40,0,153,0,118,50,0,168,61,0,61,229
10/25/2016,HUM,LA,ASW,CE,Federal Contract Tower,0,12,18,0,30,0,138,46,0,184,0,150,64,0,214,104,0,104,318
10/26/2016,HUM,LA,ASW,CE,Federal Contract Tower,0,11,15,0,26,0,153,39,2,194,0,164,54,2,220,36,2,38,258
10/27/2016,HUM,LA,ASW,CE,Federal Contract Tower,0,11,18,0,29,0,141,41,1,183,0,152,59,1,212,28,0,28,240
10/28/2016,HUM,LA,ASW,CE,Federal Contract Tower,0,12,14,0,26,0,78,43,0,121,0,90,57,0,147,2,0,2,149
10/29/2016,HUM,LA,ASW,CE,Federal Contract Tower,0,3,8,0,11,0,71,16,0,87,0,74,24,0,98,0,0,0,98
10/30/2016,HUM,LA,ASW,CE,Federal Contract Tower,0,8,9,0,17,0,53,9,0,62,0,61,18,0,79,4,0,4,83
10/31/2016,HUM,LA,ASW,CE,Federal Contract Tower,0,15,7,0,22,0,94,22,0,116,0,109,29,0,138,12,0,12,150
11/01/2016,HUM,LA,ASW,CE,Federal Contract Tower,0,32,10,0,42,0,131,19,0,150,0,163,29,0,192,12,0,12,204
11/02/2016,HUM,LA,ASW,CE,Federal Contract Tower,0,9,6,0,15,0,144,24,0,168,0,153,30,0,183,2,0,2,185
11/03/2016,HUM,LA,ASW,CE,Federal Contract Tower,0,18,13,0,31,0,125,21,0,146,0,143,34,0,177,0,0,0,177
11/04/2016,HUM,LA,ASW,CE,Federal Contract Tower,0,11,8,0,19,0,95,17,2,114,0,106,25,2,133,0,0,0,133
11/05/2016,HUM,LA,ASW,CE,Federal Contract Tower,0,4,3,0,7,0,71,24,0,95,0,75,27,0,102,10,0,10,112
11/06/2016,HUM,LA,ASW,CE,Federal Contract Tower,0,5,10,0,15,0,66,30,0,96,0,71,40,0,111,23,0,23,134
11/07/2016,HUM,LA,ASW,CE,Federal Contract Tower,0,12,6,0,18,0,109,17,0,126,0,121,23,0,144,7,0,7,151
11/08/2016,HUM,LA,ASW,CE,Federal Contract Tower,0,39,5,0,44,0,109,3,0,112,0,148,8,0,156,0,0,0,156
11/09/2016,HUM,LA,ASW,CE,Federal Contract Tower,0,34,22,1,57,0,137,12,2,151,0,171,34,3,208,0,0,0,208
11/10/2016,HUM,LA,ASW,CE,Federal Contract Tower,0,8,11,1,20,0,139,36,1,176,0,147,47,2,196,0,0,0,196
11/11/2016,HUM,LA,ASW,CE,Federal Contract Tower,0,20,8,0,28,0,87,15,0,102,0,107,23,0,130,0,0,0,130
11/12/2016,HUM,LA,ASW,CE,Federal Contract Tower,0,1,5,0,6,0,68,19,0,87,0,69,24,0,93,2,0,2,95
11/13/2016,HUM,LA,ASW,CE,Federal Contract Tower,0,3,10,0,13,0,52,30,0,82,0,55,40,0,95,3,0,3,98
11/14/2016,HUM,LA,ASW,CE,Federal Contract Tower,0,9,17,0,26,0,119,34,0,153,0,128,51,0,179,8,0,8,187
11/15/2016,HUM,LA,ASW,CE,Federal Contract Tower,0,15,21,0,36,0,142,35,0,177,0,157,56,0,213,4,0,4,217
11/16/2016,HUM,LA,ASW,CE,Federal Contract Tower,0,32,13,2,47,0,138,29,0,167,0,170,42,2,214,12,0,12,226
11/17/2016,HUM,LA,ASW,CE,Federal Contract Tower,0,18,10,8,36,0,120,20,2,142,0,138,30,10,178,4,14,18,196
11/18/2016,HUM,LA,ASW,CE,Federal Contract Tower,0,19,16,1,36,0,85,14,1,100,0,104,30,2,136,0,0,0,136
11/19/2016,HUM,LA,ASW,CE,Federal Contract Tower,0,8,11,0,19,0,70,14,0,84,0,78,25,0,103,16,0,16,119
11/20/2016,HUM,LA,ASW,CE,Federal Contract Tower,0,3,9,0,12,0,60,11,0,71,0,63,20,0,83,8,0,8,91
11/21/2016,HUM,LA,ASW,CE,Federal Contract Tower,0,5,11,0,16,0,114,35,0,149,0,119,46,0,165,2,0,2,167
11/22/2016,HUM,LA,ASW,CE,Federal Contract Tower,0,17,6,0,23,0,129,22,2,153,0,146,28,2,176,12,10,22,198
11/23/2016,HUM,LA,ASW,CE,Federal Contract Tower,0,16,5,0,21,0,130,26,0,156,0,146,31,0,177,14,0,14,191
11/24/2016,HUM,LA,ASW,CE,Federal Contract Tower,0,48,6,0,54,0,39,0,0,39,0,87,6,0,93,0,0,0,93
11/25/2016,HUM,LA,ASW,CE,Federal Contract Tower,0,17,14,0,31,0,81,14,0,95,0,98,28,0,126,2,0,2,128
11/26/2016,HUM,LA,ASW,CE,Federal Contract Tower,0,2,14,0,16,0,78,17,0,95,0,80,31,0,111,14,0,14,125
11/27/2016,HUM,LA,ASW,CE,Federal Contract Tower,0,3,19,0,22,0,54,14,0,68,0,57,33,0,90,28,0,28,118
11/28/2016,HUM,LA,ASW,CE,Federal Contract Tower,0,7,11,2,20,0,145,19,0,164,0,152,30,2,184,0,0,0,184
11/29/2016,HUM,LA,ASW,CE,Federal Contract Tower,0,36,7,0,43,0,112,20,0,132,0,148,27,0,175,21,0,21,196
11/30/2016,HUM,LA,ASW,CE,Federal Contract Tower,0,19,10,0,29,0,98,22,0,120,0,117,32,0,149,10,0,10,159
12/01/2016,HUM,LA,ASW,CE,Federal Contract Tower,0,1,10,0,11,0,151,37,0,188,0,152,47,0,199,18,0,18,217
12/02/2016,HUM,LA,ASW,CE,Federal Contract Tower,0,12,18,0,30,0,99,31,0,130,0,111,49,0,160,4,0,4,164
12/03/2016,HUM,LA,ASW,CE,Federal Contract Tower,0,6,4,0,10,0,59,6,0,65,0,65,10,0,75,0,0,0,75
12/04/2016,HUM,LA,ASW,CE,Federal Contract Tower,0,12,5,0,17,0,12,2,0,14,0,24,7,0,31,0,0,0,31
12/05/2016,HUM,LA,ASW,CE,Federal Contract Tower,0,13,8,0,21,0,0,0,0,0,0,13,8,0,21,0,0,0,21
12/06/2016,HUM,LA,ASW,CE,Federal Contract Tower,0,10,18,0,28,0,217,28,0,245,0,227,46,0,273,34,2,36,309
12/07/2016,HUM,LA,ASW,CE,Federal Contract Tower,0,71,29,0,100,0,44,5,0,49,0,115,34,0,149,23,0,23,172
12/08/2016,HUM,LA,ASW,CE,Federal Contract Tower,0,68,20,0,88,0,92,20,0,112,0,160,40,0,200,14,0,14,214
12/09/2016,HUM,LA,ASW,CE,Federal Contract Tower,0,9,11,0,20,0,89,44,0,133,0,98,55,0,153,13,0,13,166
12/10/2016,HUM,LA,ASW,CE,Federal Contract Tower,0,1,7,0,8,0,70,27,2,99,0,71,34,2,107,8,0,8,115
12/11/2016,HUM,LA,ASW,CE,Federal Contract Tower,0,6,9,0,15,0,64,10,0,74,0,70,19,0,89,4,0,4,93
12/12/2016,HUM,LA,ASW,CE,Federal Contract Tower,0,19,10,0,29,0,143,37,0,180,0,162,47,0,209,16,0,16,225
12/13/2016,HUM,LA,ASW,CE,Federal Contract Tower,0,50,18,0,68,0,102,10,0,112,0,152,28,0,180,0,0,0,180
12/14/2016,HUM,LA,ASW,CE,Federal Contract Tower,0,45,13,0,58,0,0,0,0,0,0,45,13,0,58,0,0,0,58
12/15/2016,HUM,LA,ASW,CE,Federal Contract Tower,0,48,17,0,65,0,145,41,0,186,0,193,58,0,251,12,0,12,263
12/16/2016,HUM,LA,ASW,CE,Federal Contract Tower,0,11,10,0,21,0,104,46,0,150,0,115,56,0,171,2,0,2,173
12/17/2016,HUM,LA,ASW,CE,Federal Contract Tower,0,12,9,0,21,0,70,10,0,80,0,82,19,0,101,8,0,8,109
12/18/2016,HUM,LA,ASW,CE,Federal Contract Tower,0,22,10,0,32,0,6,0,0,6,0,28,10,0,38,0,0,0,38
12/19/2016,HUM,LA,ASW,CE,Federal Contract Tower,0,26,11,0,37,0,60,31,0,91,0,86,42,0,128,45,0,45,173
12/20/2016,HUM,LA,ASW,CE,Federal Contract Tower,0,56,9,0,65,0,139,52,0,191,0,195,61,0,256,20,0,20,276
12/21/2016,HUM,LA,ASW,CE,Federal Contract Tower,0,23,10,1,34,0,150,42,1,193,0,173,52,2,227,8,0,8,235
12/22/2016,HUM,LA,ASW,CE,Federal Contract Tower,0,40,9,0,49,0,110,13,0,123,0,150,22,0,172,0,0,0,172
12/23/2016,HUM,LA,ASW,CE,Federal Contract Tower,0,28,6,0,34,0,77,40,0,117,0,105,46,0,151,27,0,27,178
12/24/2016,HUM,LA,ASW,CE,Federal Contract Tower,0,10,0,0,10,0,33,24,0,57,0,43,24,0,67,20,0,20,87
12/25/2016,HUM,LA,ASW,CE,Federal Contract Tower,0,4,3,0,7,0,0,0,0,0,0,4,3,0,7,0,0,0,7
12/26/2016,HUM,LA,ASW,CE,Federal Contract Tower,0,31,9,0,40,0,54,6,0,60,0,85,15,0,100,4,0,4,104
12/27/2016,HUM,LA,ASW,CE,Federal Contract Tower,0,25,8,0,33,0,53,11,0,64,0,78,19,0,97,6,0,6,103
12/28/2016,HUM,LA,ASW,CE,Federal Contract Tower,0,61,8,0,69,0,58,18,0,76,0,119,26,0,145,4,0,4,149
12/29/2016,HUM,LA,ASW,CE,Federal Contract Tower,0,62,11,0,73,0,105,15,0,120,0,167,26,0,193,16,0,16,209
12/30/2016,HUM,LA,ASW,CE,Federal Contract Tower,0,16,8,0,24,0,108,39,0,147,0,124,47,0,171,8,0,8,179
12/31/2016,HUM,LA,ASW,CE,Federal Contract Tower,0,16,12,0,28,0,44,5,0,49,0,60,17,0,77,6,0,6,83
01/01/2017,HUM,LA,ASW,CE,Federal Contract Tower,0,19,7,0,26,0,8,1,0,9,0,27,8,0,35,0,0,0,35
01/02/2017,HUM,LA,ASW,CE,Federal Contract Tower,0,48,15,0,63,0,2,0,0,2,0,50,15,0,65,0,0,0,65
01/03/2017,HUM,LA,ASW,CE,Federal Contract Tower,0,37,16,0,53,0,130,34,0,164,0,167,50,0,217,10,0,10,227
01/04/2017,HUM,LA,ASW,CE,Federal Contract Tower,0,20,7,0,27,0,131,24,0,155,0,151,31,0,182,4,0,4,186
01/05/2017,HUM,LA,ASW,CE,Federal Contract Tower,0,16,14,0,30,0,150,25,0,175,0,166,39,0,205,14,0,14,219
01/06/2017,HUM,LA,ASW,CE,Federal Contract Tower,0,24,5,0,29,0,0,0,0,0,0,24,5,0,29,0,0,0,29
01/07/2017,HUM,LA,ASW,CE,Federal Contract Tower,0,2,2,0,4,0,61,14,0,75,0,63,16,0,79,5,0,5,84
01/08/2017,HUM,LA,ASW,CE,Federal Contract Tower,0,0,6,0,6,0,73,12,0,85,0,73,18,0,91,8,0,8,99
01/09/2017,HUM,LA,ASW,CE,Federal Contract Tower,0,16,10,0,26,0,130,27,4,161,0,146,37,4,187,6,0,6,193
01/10/2017,HUM,LA,ASW,CE,Federal Contract Tower,0,6,12,0,18,0,162,25,0,187,0,168,37,0,205,10,0,10,215
01/11/2017,HUM,LA,ASW,CE,Federal Contract Tower,0,35,21,0,56,0,127,15,0,142,0,162,36,0,198,0,0,0,198
01/12/2017,HUM,LA,ASW,CE,Federal Contract Tower,0,30,15,0,45,0,124,32,0,156,0,154,47,0,201,12,0,12,213
01/13/2017,HUM,LA,ASW,CE,Federal Contract Tower,0,28,17,0,45,0,74,27,0,101,0,102,44,0,146,41,0,41,187
01/14/2017,HUM,LA,ASW,CE,Federal Contract Tower,0,7,3,0,10,0,37,8,0,45,0,44,11,0,55,0,0,0,55
01/15/2017,HUM,LA,ASW,CE,Federal Contract Tower,0,10,5,0,15,0,78,17,0,95,0,88,22,0,110,46,0,46,156
01/16/2017,HUM,LA,ASW,CE,Federal Contract Tower,0,19,7,0,26,0,106,28,0,134,0,125,35,0,160,149,0,149,309
01/17/2017,HUM,LA,ASW,CE,Federal Contract Tower,0,47,7,0,54,0,92,21,0,113,0,139,28,0,167,11,0,11,178
01/18/2017,HUM,LA,ASW,CE,Federal Contract Tower,0,59,19,0,78,0,62,6,0,68,0,121,25,0,146,12,0,12,158
01/19/2017,HUM,LA,ASW,CE,Federal Contract Tower,0,60,12,0,72,0,41,4,0,45,0,101,16,0,117,8,0,8,125
01/20/2017,HUM,LA,ASW,CE,Federal Contract Tower,0,35,12,0,47,0,81,52,0,133,0,116,64,0,180,60,0,60,240
01/21/2017,HUM,LA,ASW,CE,Federal Contract Tower,0,18,11,0,29,0,30,8,0,38,0,48,19,0,67,14,0,14,81
01/22/2017,HUM,LA,ASW,CE,Federal Contract Tower,0,15,7,0,22,0,59,15,0,74,0,74,22,0,96,6,0,6,102
01/23/2017,HUM,LA,ASW,CE,Federal Contract Tower,0,13,11,0,24,0,126,37,0,163,0,139,48,0,187,38,0,38,225
01/24/2017,HUM,LA,ASW,CE,Federal Contract Tower,0,11,22,0,33,0,155,40,0,195,0,166,62,0,228,59,0,59,287
01/25/2017,HUM,LA,ASW,CE,Federal Contract Tower,0,16,19,0,35,0,138,42,0,180,0,154,61,0,215,32,0,32,247
01/26/2017,HUM,LA,ASW,CE,Federal Contract Tower,0,13,10,0,23,0,134,36,0,170,0,147,46,0,193,48,0,48,241
01/27/2017,HUM,LA,ASW,CE,Federal Contract Tower,0,78,48,0,126,0,6,11,0,17,0,84,59,0,143,20,0,20,163
01/28/2017,HUM,LA,ASW,CE,Federal Contract Tower,0,1,9,0,10,0,107,47,0,154,0,108,56,0,164,38,0,38,202
01/29/2017,HUM,LA,ASW,CE,Federal Contract Tower,0,13,16,0,29,0,59,24,0,83,0,72,40,0,112,6,0,6,118
01/30/2017,HUM,LA,ASW,CE,Federal Contract Tower,0,4,12,0,16,0,148,54,0,202,0,152,66,0,218,33,0,33,251
01/31/2017,HUM,LA,ASW,CE,Federal Contract Tower,0,8,6,2,16,0,143,36,0,179,0,151,42,2,195,10,0,10,205
02/01/2017,HUM,LA,ASW,CE,Federal Contract Tower,0,9,7,0,16,0,161,27,0,188,0,170,34,0,204,22,0,22,226
02/02/2017,HUM,LA,ASW,CE,Federal Contract Tower,0,21,10,0,31,0,124,34,0,158,0,145,44,0,189,14,0,14,203
02/03/2017,HUM,LA,ASW,CE,Federal Contract Tower,0,42,12,5,59,0,37,13,7,57,0,79,25,12,116,0,0,0,116
02/04/2017,HUM,LA,ASW,CE,Federal Contract Tower,0,3,5,0,8,0,71,39,0,110,0,74,44,0,118,50,0,50,168
02/05/2017,HUM,LA,ASW,CE,Federal Contract Tower,0,9,9,0,18,0,45,37,0,82,0,54,46,0,100,13,0,13,113
02/06/2017,HUM,LA,ASW,CE,Federal Contract Tower,0,22,19,0,41,0,109,21,0,130,0,131,40,0,171,0,0,0,171
02/07/2017,HUM,LA,ASW,CE,Federal Contract Tower,0,47,5,0,52,0,70,10,0,80,0,117,15,0,132,0,0,0,132
02/08/2017,HUM,LA,ASW,CE,Federal Contract Tower,0,51,30,0,81,0,43,11,0,54,0,94,41,0,135,0,0,0,135
02/09/2017,HUM,LA,ASW,CE,Federal Contract Tower,0,18,15,0,33,0,144,45,0,189,0,162,60,0,222,18,0,18,240
02/11/2017,HUM,LA,ASW,CE,Federal Contract Tower,0,5,12,0,17,0,56,11,0,67,0,61,23,0,84,6,0,6,90
02/12/2017,HUM,LA,ASW,CE,Federal Contract Tower,0,10,22,0,32,0,61,19,0,80,0,71,41,0,112,0,0,0,112
02/13/2017,HUM,LA,ASW,CE,Federal Contract Tower,0,49,25,0,74,0,59,34,0,93,0,108,59,0,167,25,0,25,192
02/14/2017,HUM,LA,ASW,CE,Federal Contract Tower,0,39,15,0,54,0,106,17,0,123,0,145,32,0,177,0,0,0,177
02/15/2017,HUM,LA,ASW,CE,Federal Contract Tower,0,31,14,0,45,0,150,26,0,176,0,181,40,0,221,38,0,38,259
02/16/2017,HUM,LA,ASW,CE,Federal Contract Tower,0,7,11,0,18,0,152,37,0,189,0,159,48,0,207,38,0,38,245
02/17/2017,HUM,LA,ASW,CE,Federal Contract Tower,0,19,9,0,28,0,63,17,0,80,0,82,26,0,108,24,0,24,132
02/18/2017,HUM,LA,ASW,CE,Federal Contract Tower,0,8,3,0,11,0,68,17,0,85,0,76,20,0,96,14,0,14,110
02/19/2017,HUM,LA,ASW,CE,Federal Contract Tower,0,16,10,0,26,0,31,8,0,39,0,47,18,0,65,17,0,17,82
02/20/2017,HUM,LA,ASW,CE,Federal Contract Tower,0,48,17,0,65,0,91,18,0,109,0,139,35,0,174,14,0,14,188
02/21/2017,HUM,LA,ASW,CE,Federal Contract Tower,0,27,16,0,43,0,95,13,0,108,0,122,29,0,151,13,0,13,164
02/22/2017,HUM,LA,ASW,CE,Federal Contract Tower,0,19,22,0,41,0,175,39,0,214,0,194,61,0,255,12,0,12,267
02/23/2017,HUM,LA,ASW,CE,Federal Contract Tower,0,16,11,0,27,0,137,54,0,191,0,153,65,0,218,64,0,64,282
02/24/2017,HUM,LA,ASW,CE,Federal Contract Tower,0,25,21,0,46,0,109,35,0,144,0,134,56,0,190,24,0,24,214
02/25/2017,HUM,LA,ASW,CE,Federal Contract Tower,0,2,6,0,8,0,51,38,0,89,0,53,44,0,97,6,0,6,103
02/26/2017,HUM,LA,ASW,CE,Federal Contract Tower,0,15,13,0,28,0,35,18,0,53,0,50,31,0,81,16,0,16,97
02/27/2017,HUM,LA,ASW,CE,Federal Contract Tower,0,30,24,0,54,0,103,18,2,123,0,133,42,2,177,36,0,36,213
02/28/2017,HUM,LA,ASW,CE,Federal Contract Tower,0,56,9,0,65,0,50,19,0,69,0,106,28,0,134,4,0,4,138
03/01/2017,HUM,LA,ASW,CE,Federal Contract Tower,0,52,15,0,67,0,48,16,0,64,0,100,31,0,131,18,0,18,149
03/02/2017,HUM,LA,ASW,CE,Federal Contract Tower,0,16,5,0,21,0,184,35,0,219,0,200,40,0,240,26,0,26,266
03/03/2017,HUM,LA,ASW,CE,Federal Contract Tower,0,18,11,0,29,0,99,50,0,149,0,117,61,0,178,28,0,28,206
03/04/2017,HUM,LA,ASW,CE,Federal Contract Tower,0,4,7,0,11,0,76,28,0,104,0,80,35,0,115,6,0,6,121
03/05/2017,HUM,LA,ASW,CE,Federal Contract Tower,0,12,7,0,19,0,57,31,0,88,0,69,38,0,107,17,0,17,124
03/06/2017,HUM,LA,ASW,CE,Federal Contract Tower,0,19,13,0,32,0,87,19,0,106,0,106,32,0,138,3,0,3,141
03/07/2017,HUM,LA,ASW,CE,Federal Contract Tower,0,36,14,0,50,0,104,16,0,120,0,140,30,0,170,8,0,8,178
03/08/2017,HUM,LA,ASW,CE,Federal Contract Tower,0,59,22,0,81,0,48,20,0,68,0,107,42,0,149,28,0,28,177
03/09/2017,HUM,LA,ASW,CE,Federal Contract Tower,0,20,10,0,30,0,147,36,0,183,0,167,46,0,213,21,0,21,234
03/10/2017,HUM,LA,ASW,CE,Federal Contract Tower,0,45,8,6,59,0,52,13,0,65,0,97,21,6,124,16,0,16,140
03/11/2017,HUM,LA,ASW,CE,Federal Contract Tower,0,20,6,0,26,0,42,12,0,54,0,62,18,0,80,52,0,52,132
03/12/2017,HUM,LA,ASW,CE,Federal Contract Tower,0,19,8,0,27,0,4,5,0,9,0,23,13,0,36,0,0,0,36
03/13/2017,HUM,LA,ASW,CE,Federal Contract Tower,0,46,17,0,63,0,53,4,0,57,0,99,21,0,120,6,0,6,126
03/14/2017,HUM,LA,ASW,CE,Federal Contract Tower,0,25,5,0,30,0,144,53,0,197,0,169,58,0,227,8,0,8,235
03/15/2017,HUM,LA,ASW,CE,Federal Contract Tower,0,10,11,1,22,0,125,57,0,182,0,135,68,1,204,62,0,62,266
03/16/2017,HUM,LA,ASW,CE,Federal Contract Tower,0,10,16,0,26,0,130,27,0,157,0,140,43,0,183,27,0,27,210
03/18/2017,HUM,LA,ASW,CE,Federal Contract Tower,0,1,6,0,7,0,65,25,0,90,0,66,31,0,97,6,0,6,103
03/19/2017,HUM,LA,ASW,CE,Federal Contract Tower,0,15,12,0,27,0,42,9,0,51,0,57,21,0,78,2,0,2,80
03/20/2017,HUM,LA,ASW,CE,Federal Contract Tower,0,31,3,0,34,0,108,27,0,135,0,139,30,0,169,28,0,28,197
03/21/2017,HUM,LA,ASW,CE,Federal Contract Tower,0,30,18,0,48,0,122,33,0,155,0,152,51,0,203,6,0,6,209
03/22/2017,HUM,LA,ASW,CE,Federal Contract Tower,0,33,12,2,47,0,116,20,0,136,0,149,32,2,183,16,0,16,199
03/23/2017,HUM,LA,ASW,CE,Federal Contract Tower,0,39,14,1,54,0,95,28,0,123,0,134,42,1,177,2,0,2,179
03/24/2017,HUM,LA,ASW,CE,Federal Contract Tower,0,16,8,0,24,0,80,18,0,98,0,96,26,0,122,0,0,0,122
03/25/2017,HUM,LA,ASW,CE,Federal Contract Tower,0,6,5,0,11,0,50,9,0,59,0,56,14,0,70,32,0,32,102
03/26/2017,HUM,LA,ASW,CE,Federal Contract Tower,0,14,10,0,24,0,58,28,2,88,0,72,38,2,112,52,0,52,164
03/27/2017,HUM,LA,ASW,CE,Federal Contract Tower,0,25,5,0,30,0,102,24,0,126,0,127,29,0,156,31,0,31,187
03/28/2017,HUM,LA,ASW,CE,Federal Contract Tower,0,30,7,0,37,0,90,32,0,122,0,120,39,0,159,6,0,6,165
03/29/2017,HUM,LA,ASW,CE,Federal Contract Tower,0,25,9,0,34,0,108,40,0,148,0,133,49,0,182,28,0,28,210
03/30/2017,HUM,LA,ASW,CE,Federal Contract Tower,0,3,2,0,5,0,48,1,0,49,0,51,3,0,54,0,0,0,54
03/31/2017,HUM,LA,ASW,CE,Federal Contract Tower,0,18,14,0,32,0,159,35,0,194,0,177,49,0,226,39,0,39,265
04/01/2017,HUM,LA,ASW,CE,Federal Contract Tower,0,4,8,0,12,0,91,33,0,124,0,95,41,0,136,32,0,32,168
04/02/2017,HUM,LA,ASW,CE,Federal Contract Tower,0,22,8,0,30,0,40,2,0,42,0,62,10,0,72,0,0,0,72
04/03/2017,HUM,LA,ASW,CE,Federal Contract Tower,0,36,10,0,46,0,62,17,0,79,0,98,27,0,125,6,0,6,131
04/04/2017,HUM,LA,ASW,CE,Federal Contract Tower,0,30,8,0,38,0,123,34,0,157,0,153,42,0,195,20,0,20,215
04/05/2017,HUM,LA,ASW,CE,Federal Contract Tower,0,50,8,2,60,0,59,12,0,71,0,109,20,2,131,10,0,10,141
04/06/2017,HUM,LA,ASW,CE,Federal Contract Tower,0,10,11,0,21,0,133,35,0,168,0,143,46,0,189,8,0,8,197
04/07/2017,HUM,LA,ASW,CE,Federal Contract Tower,0,5,13,0,18,0,117,33,0,150,0,122,46,0,168,4,0,4,172
04/09/2017,HUM,LA,ASW,CE,Federal Contract Tower,0,3,23,0,26,0,72,28,0,100,0,75,51,0,126,13,0,13,139
04/10/2017,HUM,LA,ASW,CE,Federal Contract Tower,0,17,3,0,20,0,112,23,0,135,0,129,26,0,155,10,0,10,165
04/11/2017,HUM,LA,ASW,CE,Federal Contract Tower,0,18,6,0,24,0,131,30,0,161,0,149,36,0,185,10,0,10,195
04/12/2017,HUM,LA,ASW,CE,Federal Contract Tower,0,23,21,0,44,0,124,29,0,153,0,147,50,0,197,4,0,4,201
04/14/2017,HUM,LA,ASW,CE,Federal Contract Tower,0,15,12,0,27,0,103,31,0,134,0,118,43,0,161,32,0,32,193
04/15/2017,HUM,LA,ASW,CE,Federal Contract Tower,0,6,8,0,14,0,68,16,0,84,0,74,24,0,98,10,0,10,108
04/16/2017,HUM,LA,ASW,CE,Federal Contract Tower,0,9,8,0,17,0,49,28,0,77,0,58,36,0,94,24,0,24,118
04/17/2017,HUM,LA,ASW,CE,Federal Contract Tower,0,32,25,0,57,0,106,38,0,144,0,138,63,0,201,20,0,20,221
04/18/2017,HUM,LA,ASW,CE,Federal Contract Tower,0,25,11,0,36,0,141,40,0,181,0,166,51,0,217,7,0,7,224
04/19/2017,HUM,LA,ASW,CE,Federal Contract Tower,0,19,12,0,31,0,163,25,0,188,0,182,37,0,219,18,0,18,237
04/20/2017,HUM,LA,ASW,CE,Federal Contract Tower,0,120,43,0,163,0,14,17,0,31,0,134,60,0,194,0,0,0,194
04/21/2017,HUM,LA,ASW,CE,Federal Contract Tower,0,16,21,0,37,0,80,38,1,119,0,96,59,1,156,2,0,2,158
04/22/2017,HUM,LA,ASW,CE,Federal Contract Tower,0,8,15,0,23,0,70,20,0,90,0,78,35,0,113,32,0,32,145
04/23/2017,HUM,LA,ASW,CE,Federal Contract Tower,0,17,19,0,36,0,46,14,0,60,0,63,33,0,96,0,0,0,96
04/24/2017,HUM,LA,ASW,CE,Federal Contract Tower,0,11,10,0,21,0,109,38,0,147,0,120,48,0,168,0,0,0,168
04/25/2017,HUM,LA,ASW,CE,Federal Contract Tower,0,8,12,0,20,0,145,60,2,207,0,153,72,2,227,0,0,0,227
04/26/2017,HUM,LA,ASW,CE,Federal Contract Tower,0,21,12,1,34,0,136,31,0,167,0,157,43,1,201,0,0,0,201
04/27/2017,HUM,LA,ASW,CE,Federal Contract Tower,0,26,16,3,45,0,91,45,0,136,0,117,61,3,181,24,4,28,209
04/28/2017,HUM,LA,ASW,CE,Federal Contract Tower,0,27,18,0,45,0,36,13,0,49,0,63,31,0,94,0,0,0,94
04/30/2017,HUM,LA,ASW,CE,Federal Contract Tower,0,9,6,0,15,0,29,2,0,31,0,38,8,0,46,0,0,0,46
05/01/2017,HUM,LA,ASW,CE,Federal Contract Tower,0,16,12,0,28,0,141,31,0,172,0,157,43,0,200,2,0,2,202
05/02/2017,HUM,LA,ASW,CE,Federal Contract Tower,0,7,12,0,19,0,158,38,0,196,0,165,50,0,215,11,0,11,226
05/03/2017,HUM,LA,ASW,CE,Federal Contract Tower,0,18,3,0,21,0,96,3,0,99,0,114,6,0,120,0,0,0,120
05/04/2017,HUM,LA,ASW,CE,Federal Contract Tower,0,29,20,0,49,0,131,19,0,150,0,160,39,0,199,0,0,0,199
05/05/2017,HUM,LA,ASW,CE,Federal Contract Tower,0,9,6,0,15,0,112,27,0,139,0,121,33,0,154,4,0,4,158
05/06/2017,HUM,LA,ASW,CE,Federal Contract Tower,0,2,6,0,8,0,88,41,0,129,0,90,47,0,137,16,0,16,153
05/07/2017,HUM,LA,ASW,CE,Federal Contract Tower,0,1,1,0,2,0,86,25,0,111,0,87,26,0,113,19,0,19,132
05/08/2017,HUM,LA,ASW,CE,Federal Contract Tower,0,11,6,0,17,0,139,33,0,172,0,150,39,0,189,8,0,8,197
05/09/2017,HUM,LA,ASW,CE,Federal Contract Tower,0,9,11,0,20,0,134,37,0,171,0,143,48,0,191,14,0,14,205
05/10/2017,HUM,LA,ASW,CE,Federal Contract Tower,0,20,15,0,35,0,140,29,0,169,0,160,44,0,204,30,2,32,236
05/11/2017,HUM,LA,ASW,CE,Federal Contract Tower,0,18,13,0,31,0,144,41,0,185,0,162,54,0,216,26,0,26,242
05/13/2017,HUM,LA,ASW,CE,Federal Contract Tower,0,4,6,0,10,0,93,26,0,119,0,97,32,0,129,14,0,14,143
05/14/2017,HUM,LA,ASW,CE,Federal Contract Tower,0,5,5,0,10,0,44,21,0,65,0,49,26,0,75,4,0,4,79
05/15/2017,HUM,LA,ASW,CE,Federal Contract Tower,0,9,22,0,31,0,133,37,0,170,0,142,59,0,201,6,0,6,207
05/16/2017,HUM,LA,ASW,CE,Federal Contract Tower,0,11,8,0,19,0,141,45,0,186,0,152,53,0,205,14,0,14,219
05/17/2017,HUM,LA,ASW,CE,Federal Contract Tower,0,16,14,0,30,0,144,24,0,168,0,160,38,0,198,6,0,6,204
05/18/2017,HUM,LA,ASW,CE,Federal Contract Tower,0,26,9,0,35,0,125,21,0,146,0,151,30,0,181,0,0,0,181
05/19/2017,HUM,LA,ASW,CE,Federal Contract Tower,0,19,14,2,35,0,90,19,0,109,0,109,33,2,144,0,0,0,144
05/20/2017,HUM,LA,ASW,CE,Federal Contract Tower,0,9,4,0,13,0,65,10,0,75,0,74,14,0,88,10,0,10,98
05/21/2017,HUM,LA,ASW,CE,Federal Contract Tower,0,8,3,0,11,0,29,4,0,33,0,37,7,0,44,7,0,7,51
05/23/2017,HUM,LA,ASW,CE,Federal Contract Tower,0,25,6,0,31,0,88,55,0,143,0,113,61,0,174,10,0,10,184
05/24/2017,HUM,LA,ASW,CE,Federal Contract Tower,0,22,5,0,27,0,152,34,6,192,0,174,39,6,219,16,0,16,235
05/25/2017,HUM,LA,ASW,CE,Federal Contract Tower,0,9,8,0,17,0,152,41,0,193,0,161,49,0,210,10,0,10,220
05/26/2017,HUM,LA,ASW,CE,Federal Contract Tower,0,8,21,0,29,0,103,42,0,145,0,111,63,0,174,11,0,11,185
05/27/2017,HUM,LA,ASW,CE,Federal Contract Tower,0,7,12,0,19,0,67,16,0,83,0,74,28,0,102,2,0,2,104
05/28/2017,HUM,LA,ASW,CE,Federal Contract Tower,0,5,5,0,10,0,52,23,0,75,0,57,28,0,85,38,0,38,123
05/29/2017,HUM,LA,ASW,CE,Federal Contract Tower,0,26,7,0,33,0,52,23,0,75,0,78,30,0,108,6,0,6,114
05/30/2017,HUM,LA,ASW,CE,Federal Contract Tower,0,33,10,0,43,0,25,6,1,32,0,58,16,1,75,6,0,6,81
05/31/2017,HUM,LA,ASW,CE,Federal Contract Tower,0,26,14,0,40,0,159,31,0,190,0,185,45,0,230,16,0,16,246
06/01/2017,HUM,LA,ASW,CE,Federal Contract Tower,0,35,8,0,43,0,94,8,0,102,0,129,16,0,145,21,0,21,166
06/02/2017,HUM,LA,ASW,CE,Federal Contract Tower,0,25,11,0,36,0,80,11,2,93,0,105,22,2,129,0,0,0,129
06/03/2017,HUM,LA,ASW,CE,Federal Contract Tower,0,6,0,0,6,0,65,13,0,78,0,71,13,0,84,20,0,20,104
06/04/2017,HUM,LA,ASW,CE,Federal Contract Tower,0,7,6,0,13,0,60,13,0,73,0,67,19,0,86,18,0,18,104
06/05/2017,HUM,LA,ASW,CE,Federal Contract Tower,0,95,17,0,112,0,25,8,0,33,0,120,25,0,145,2,0,2,147
06/06/2017,HUM,LA,ASW,CE,Federal Contract Tower,0,28,6,0,34,0,79,15,0,94,0,107,21,0,128,0,0,0,128
06/07/2017,HUM,LA,ASW,CE,Federal Contract Tower,0,27,9,0,36,0,121,40,0,161,0,148,49,0,197,16,0,16,213
06/08/2017,HUM,LA,ASW,CE,Federal Contract Tower,0,12,8,0,20,0,135,29,2,166,0,147,37,2,186,20,0,20,206
06/09/2017,HUM,LA,ASW,CE,Federal Contract Tower,0,10,8,0,18,0,121,22,0,143,0,131,30,0,161,30,0,30,191
06/10/2017,HUM,LA,ASW,CE,Federal Contract Tower,0,0,7,0,7,0,78,23,0,101,0,78,30,0,108,48,0,48,156
06/12/2017,HUM,LA,ASW,CE,Federal Contract Tower,0,22,6,0,28,0,89,28,0,117,0,111,34,0,145,8,0,8,153
06/13/2017,HUM,LA,ASW,CE,Federal Contract Tower,0,28,10,0,38,0,102,19,0,121,0,130,29,0,159,56,0,56,215
06/14/2017,HUM,LA,ASW,CE,Federal Contract Tower,0,28,18,0,46,0,141,34,0,175,0,169,52,0,221,26,0,26,247
06/15/2017,HUM,LA,ASW,CE,Federal Contract Tower,0,13,14,0,27,0,110,35,0,145,0,123,49,0,172,2,0,2,174
06/16/2017,HUM,LA,ASW,CE,Federal Contract Tower,0,14,12,0,26,0,80,28,0,108,0,94,40,0,134,16,0,16,150
06/17/2017,HUM,LA,ASW,CE,Federal Contract Tower,0,9,19,0,28,0,50,20,0,70,0,59,39,0,98,52,0,52,150
06/18/2017,HUM,LA,ASW,CE,Federal Contract Tower,0,12,8,0,20,0,61,22,0,83,0,73,30,0,103,22,0,22,125
06/19/2017,HUM,LA,ASW,CE,Federal Contract Tower,0,19,13,0,32,0,173,31,0,204,0,192,44,0,236,6,0,6,242
06/20/2017,HUM,LA,ASW,CE,Federal Contract Tower,0,2,7,0,9,0,21,2,0,23,0,23,9,0,32,0,0,0,32
06/21/2017,HUM,LA,ASW,CE,Federal Contract Tower,0,9,6,0,15,0,33,0,0,33,0,42,6,0,48,0,0,0,48
06/22/2017,HUM,LA,ASW,CE,Federal Contract Tower,0,27,8,0,35,0,140,1,0,141,0,167,9,0,176,0,0,0,176
06/23/2017,HUM,LA,ASW,CE,Federal Contract Tower,0,46,16,0,62,0,132,26,0,158,0,178,42,0,220,19,0,19,239
06/24/2017,HUM,LA,ASW,CE,Federal Contract Tower,0,11,2,0,13,0,71,38,0,109,0,82,40,0,122,20,0,20,142
06/25/2017,HUM,LA,ASW,CE,Federal Contract Tower,0,7,10,0,17,0,60,7,0,67,0,67,17,0,84,32,0,32,116
06/26/2017,HUM,LA,ASW,CE,Federal Contract Tower,0,27,17,0,44,0,101,38,0,139,0,128,55,0,183,22,0,22,205
06/27/2017,HUM,LA,ASW,CE,Federal Contract Tower,0,35,12,0,47,0,88,33,0,121,0,123,45,0,168,26,0,26,194
06/28/2017,HUM,LA,ASW,CE,Federal Contract Tower,0,32,13,0,45,0,72,26,0,98,0,104,39,0,143,4,0,4,147
06/29/2017,HUM,LA,ASW,CE,Federal Contract Tower,0,25,10,0,35,0,118,21,2,141,0,143,31,2,176,7,0,7,183
06/30/2017,HUM,LA,ASW,CE,Federal Contract Tower,0,29,16,0,45,0,99,27,0,126,0,128,43,0,171,0,0,0,171
07/01/2017,HUM,LA,ASW,CE,Federal Contract Tower,0,3,4,0,7,0,71,15,4,90,0,74,19,4,97,0,0,0,97
07/02/2017,HUM,LA,ASW,CE,Federal Contract Tower,0,4,6,0,10,0,44,8,0,52,0,48,14,0,62,8,0,8,70
07/03/2017,HUM,LA,ASW,CE,Federal Contract Tower,0,26,5,0,31,0,104,20,0,124,0,130,25,0,155,30,0,30,185
07/04/2017,HUM,LA,ASW,CE,Federal Contract Tower,0,18,4,0,22,0,103,23,0,126,0,121,27,0,148,14,0,14,162
07/05/2017,HUM,LA,ASW,CE,Federal Contract Tower,0,15,11,0,26,0,128,29,0,157,0,143,40,0,183,14,0,14,197
07/06/2017,HUM,LA,ASW,CE,Federal Contract Tower,0,21,10,0,31,0,126,27,0,153,0,147,37,0,184,25,0,25,209
07/07/2017,HUM,LA,ASW,CE,Federal Contract Tower,0,13,14,0,27,0,106,31,0,137,0,119,45,0,164,30,0,30,194
07/08/2017,HUM,LA,ASW,CE,Federal Contract Tower,0,3,10,0,13,0,86,24,0,110,0,89,34,0,123,14,0,14,137
07/09/2017,HUM,LA,ASW,CE,Federal Contract Tower,0,6,21,0,27,0,40,24,0,64,0,46,45,0,91,0,0,0,91
07/10/2017,HUM,LA,ASW,CE,Federal Contract Tower,0,20,9,0,29,0,123,36,0,159,0,143,45,0,188,8,0,8,196
07/11/2017,HUM,LA,ASW,CE,Federal Contract Tower,0,15,3,0,18,0,134,29,0,163,0,149,32,0,181,0,0,0,181
07/12/2017,HUM,LA,ASW,CE,Federal Contract Tower,0,16,10,0,26,0,157,28,0,185,0,173,38,0,211,8,0,8,219
07/13/2017,HUM,LA,ASW,CE,Federal Contract Tower,0,11,7,0,18,0,104,31,0,135,0,115,38,0,153,13,0,13,166
07/14/2017,HUM,LA,ASW,CE,Federal Contract Tower,0,9,18,0,27,0,120,17,0,137,0,129,35,0,164,0,0,0,164
07/15/2017,HUM,LA,ASW,CE,Federal Contract Tower,0,4,19,0,23,0,62,27,3,92,0,66,46,3,115,10,0,10,125
07/16/2017,HUM,LA,ASW,CE,Federal Contract Tower,0,6,14,0,20,0,58,20,0,78,0,64,34,0,98,7,0,7,105
07/17/2017,HUM,LA,ASW,CE,Federal Contract Tower,0,18,9,0,27,0,71,10,0,81,0,89,19,0,108,2,0,2,110
07/18/2017,HUM,LA,ASW,CE,Federal Contract Tower,0,20,10,0,30,0,112,22,0,134,0,132,32,0,164,2,0,2,166
07/19/2017,HUM,LA,ASW,CE,Federal Contract Tower,0,16,20,0,36,0,131,35,0,166,0,147,55,0,202,8,0,8,210
07/20/2017,HUM,LA,ASW,CE,Federal Contract Tower,0,11,13,0,24,0,138,22,0,160,0,149,35,0,184,12,0,12,196
07/21/2017,HUM,LA,ASW,CE,Federal Contract Tower,0,13,9,0,22,0,81,37,0,118,0,94,46,0,140,0,0,0,140
07/22/2017,HUM,LA,ASW,CE,Federal Contract Tower,0,7,10,0,17,0,58,23,0,81,0,65,33,0,98,10,0,10,108
07/23/2017,HUM,LA,ASW,CE,Federal Contract Tower,0,15,9,0,24,0,58,15,0,73,0,73,24,0,97,4,0,4,101
07/24/2017,HUM,LA,ASW,CE,Federal Contract Tower,0,16,9,0,25,0,130,39,0,169,0,146,48,0,194,22,0,22,216
07/25/2017,HUM,LA,ASW,CE,Federal Contract Tower,0,20,12,0,32,0,129,26,0,155,0,149,38,0,187,32,0,32,219
07/26/2017,HUM,LA,ASW,CE,Federal Contract Tower,0,13,18,0,31,0,143,36,0,179,0,156,54,0,210,8,0,8,218
07/27/2017,HUM,LA,ASW,CE,Federal Contract Tower,0,12,11,0,23,0,130,34,0,164,0,142,45,0,187,15,0,15,202
07/28/2017,HUM,LA,ASW,CE,Federal Contract Tower,0,12,11,0,23,0,107,30,0,137,0,119,41,0,160,7,0,7,167
07/29/2017,HUM,LA,ASW,CE,Federal Contract Tower,0,7,0,0,7,0,53,15,0,68,0,60,15,0,75,38,0,38,113
07/30/2017,HUM,LA,ASW,CE,Federal Contract Tower,0,9,10,0,19,0,61,23,0,84,0,70,33,0,103,2,0,2,105
07/31/2017,HUM,LA,ASW,CE,Federal Contract Tower,0,20,15,0,35,0,89,30,0,119,0,109,45,0,154,18,0,18,172
08/01/2017,HUM,LA,ASW,CE,Federal Contract Tower,0,25,7,0,32,0,108,21,0,129,0,133,28,0,161,14,0,14,175
08/02/2017,HUM,LA,ASW,CE,Federal Contract Tower,0,18,6,0,24,0,131,26,0,157,0,149,32,0,181,20,0,20,201
08/03/2017,HUM,LA,ASW,CE,Federal Contract Tower,0,2,8,0,10,0,43,13,0,56,0,45,21,0,66,0,0,0,66
08/04/2017,HUM,LA,ASW,CE,Federal Contract Tower,0,15,7,0,22,0,50,14,0,64,0,65,21,0,86,0,0,0,86
08/05/2017,HUM,LA,ASW,CE,Federal Contract Tower,0,30,4,0,34,0,53,15,0,68,0,83,19,0,102,16,0,16,118
08/06/2017,HUM,LA,ASW,CE,Federal Contract Tower,0,7,11,0,18,0,63,20,0,83,0,70,31,0,101,10,0,10,111
08/07/2017,HUM,LA,ASW,CE,Federal Contract Tower,0,18,6,0,24,0,98,43,0,141,0,116,49,0,165,0,0,0,165
08/08/2017,HUM,LA,ASW,CE,Federal Contract Tower,0,20,2,0,22,0,129,38,6,173,0,149,40,6,195,10,0,10,205
08/09/2017,HUM,LA,ASW,CE,Federal Contract Tower,0,20,9,0,29,0,178,36,0,214,0,198,45,0,243,6,0,6,249
08/10/2017,HUM,LA,ASW,CE,Federal Contract Tower,0,11,13,0,24,0,128,37,0,165,0,139,50,0,189,14,0,14,203
08/11/2017,HUM,LA,ASW,CE,Federal Contract Tower,0,12,6,0,18,0,99,35,3,137,0,111,41,3,155,12,0,12,167
08/12/2017,HUM,LA,ASW,CE,Federal Contract Tower,0,3,3,0,6,0,46,12,0,58,0,49,15,0,64,2,0,2,66
08/13/2017,HUM,LA,ASW,CE,Federal Contract Tower,0,4,9,0,13,0,47,18,0,65,0,51,27,0,78,0,0,0,78
08/14/2017,HUM,LA,ASW,CE,Federal Contract Tower,0,19,2,0,21,0,135,31,0,166,0,154,33,0,187,4,0,4,191
08/15/2017,HUM,LA,ASW,CE,Federal Contract Tower,0,25,8,0,33,0,113,21,0,134,0,138,29,0,167,6,0,6,173
08/16/2017,HUM,LA,ASW,CE,Federal Contract Tower,0,24,21,0,45,0,127,26,0,153,0,151,47,0,198,16,0,16,214
08/17/2017,HUM,LA,ASW,CE,Federal Contract Tower,0,12,15,0,27,0,170,29,0,199,0,182,44,0,226,4,0,4,230
08/18/2017,HUM,LA,ASW,CE,Federal Contract Tower,0,12,18,2,32,0,100,24,0,124,0,112,42,2,156,0,0,0,156
08/19/2017,HUM,LA,ASW,CE,Federal Contract Tower,0,3,7,0,10,0,81,16,0,97,0,84,23,0,107,24,0,24,131
08/20/2017,HUM,LA,ASW,CE,Federal Contract Tower,0,12,15,0,27,0,51,32,0,83,0,63,47,0,110,14,0,14,124
08/21/2017,HUM,LA,ASW,CE,Federal Contract Tower,0,15,7,0,22,0,96,30,0,126,0,111,37,0,148,2,0,2,150
08/22/2017,HUM,LA,ASW,CE,Federal Contract Tower,0,21,3,0,24,0,150,26,0,176,0,171,29,0,200,7,0,7,207
08/23/2017,HUM,LA,ASW,CE,Federal Contract Tower,0,26,2,0,28,0,186,22,0,208,0,212,24,0,236,2,0,2,238
08/24/2017,HUM,LA,ASW,CE,Federal Contract Tower,0,27,5,0,32,0,114,19,4,137,0,141,24,4,169,2,0,2,171
08/25/2017,HUM,LA,ASW,CE,Federal Contract Tower,0,20,5,0,25,0,81,6,0,87,0,101,11,0,112,0,0,0,112
08/26/2017,HUM,LA,ASW,CE,Federal Contract Tower,0,6,1,0,7,0,81,17,0,98,0,87,18,0,105,16,0,16,121
08/27/2017,HUM,LA,ASW,CE,Federal Contract Tower,0,12,2,0,14,0,46,2,0,48,0,58,4,0,62,0,0,0,62
08/28/2017,HUM,LA,ASW,CE,Federal Contract Tower,0,30,1,0,31,0,25,3,0,28,0,55,4,0,59,0,0,0,59
08/29/2017,HUM,LA,ASW,CE,Federal Contract Tower,0,18,1,0,19,0,36,1,0,37,0,54,2,0,56,0,0,0,56
08/30/2017,HUM,LA,ASW,CE,Federal Contract Tower,0,20,6,0,26,0,51,0,0,51,0,71,6,0,77,0,0,0,77
08/31/2017,HUM,LA,ASW,CE,Federal Contract Tower,0,24,8,0,32,0,150,10,0,160,0,174,18,0,192,4,0,4,196
09/01/2017,HUM,LA,ASW,CE,Federal Contract Tower,0,14,11,0,25,0,134,17,0,151,0,148,28,0,176,0,0,0,176
09/02/2017,HUM,LA,ASW,CE,Federal Contract Tower,0,5,10,0,15,0,73,22,0,95,0,78,32,0,110,0,0,0,110
09/03/2017,HUM,LA,ASW,CE,Federal Contract Tower,0,3,2,0,5,0,56,14,0,70,0,59,16,0,75,0,0,0,75
09/04/2017,HUM,LA,ASW,CE,Federal Contract Tower,0,11,11,0,22,0,93,30,0,123,0,104,41,0,145,8,0,8,153
09/05/2017,HUM,LA,ASW,CE,Federal Contract Tower,0,19,10,0,29,0,126,39,0,165,0,145,49,0,194,11,0,11,205
09/06/2017,HUM,LA,ASW,CE,Federal Contract Tower,0,24,15,0,39,0,137,21,0,158,0,161,36,0,197,2,0,2,199
09/07/2017,HUM,LA,ASW,CE,Federal Contract Tower,0,10,12,0,22,0,143,22,2,167,0,153,34,2,189,4,2,6,195
09/08/2017,HUM,LA,ASW,CE,Federal Contract Tower,0,10,14,0,24,0,114,43,0,157,0,124,57,0,181,16,0,16,197
09/09/2017,HUM,LA,ASW,CE,Federal Contract Tower,0,13,2,0,15,0,80,22,0,102,0,93,24,0,117,10,0,10,127
09/10/2017,HUM,LA,ASW,CE,Federal Contract Tower,0,9,16,0,25,0,74,26,0,100,0,83,42,0,125,26,0,26,151
09/11/2017,HUM,LA,ASW,CE,Federal Contract Tower,0,10,6,0,16,0,121,36,0,157,0,131,42,0,173,0,0,0,173
09/12/2017,HUM,LA,ASW,CE,Federal Contract Tower,0,13,12,0,25,0,140,49,0,189,0,153,61,0,214,52,0,52,266
09/13/2017,HUM,LA,ASW,CE,Federal Contract Tower,0,14,9,1,24,0,158,30,1,189,0,172,39,2,213,10,0,10,223
09/14/2017,HUM,LA,ASW,CE,Federal Contract Tower,0,10,10,2,22,0,154,42,0,196,0,164,52,2,218,18,0,18,236
09/15/2017,HUM,LA,ASW,CE,Federal Contract Tower,0,32,12,0,44,0,75,29,0,104,0,107,41,0,148,19,4,23,171
09/16/2017,HUM,LA,ASW,CE,Federal Contract Tower,0,12,7,0,19,0,55,13,0,68,0,67,20,0,87,30,0,30,117
09/17/2017,HUM,LA,ASW,CE,Federal Contract Tower,0,8,13,0,21,0,48,27,0,75,0,56,40,0,96,2,0,2,98
09/18/2017,HUM,LA,ASW,CE,Federal Contract Tower,0,29,12,0,41,0,116,22,0,138,0,145,34,0,179,10,0,10,189
09/19/2017,HUM,LA,ASW,CE,Federal Contract Tower,0,20,11,2,33,0,119,25,0,144,0,139,36,2,177,0,0,0,177
09/20/2017,HUM,LA,ASW,CE,Federal Contract Tower,0,19,13,0,32,0,165,41,0,206,0,184,54,0,238,4,12,16,254
09/21/2017,HUM,LA,ASW,CE,Federal Contract Tower,0,14,8,0,22,0,127,34,4,165,0,141,42,4,187,0,0,0,187
09/22/2017,HUM,LA,ASW,CE,Federal Contract Tower,0,18,14,0,32,0,88,27,0,115,0,106,41,0,147,0,0,0,147
09/23/2017,HUM,LA,ASW,CE,Federal Contract Tower,0,9,3,0,12,0,60,17,0,77,0,69,20,0,89,10,0,10,99
09/24/2017,HUM,LA,ASW,CE,Federal Contract Tower,0,10,7,0,17,0,66,12,0,78,0,76,19,0,95,6,0,6,101
09/25/2017,HUM,LA,ASW,CE,Federal Contract Tower,0,27,5,0,32,0,91,31,0,122,0,118,36,0,154,2,0,2,156
09/26/2017,HUM,LA,ASW,CE,Federal Contract Tower,0,20,11,0,31,0,116,43,2,161,0,136,54,2,192,16,0,16,208
09/27/2017,HUM,LA,ASW,CE,Federal Contract Tower,0,21,9,0,30,0,144,31,0,175,0,165,40,0,205,2,0,2,207
09/28/2017,HUM,LA,ASW,CE,Federal Contract Tower,0,25,7,0,32,0,133,24,2,159,0,158,31,2,191,2,0,2,193
09/29/2017,HUM,LA,ASW,CE,Federal Contract Tower,0,18,10,0,28,0,108,31,0,139,0,126,41,0,167,6,0,6,173
09/30/2017,HUM,LA,ASW,CE,Federal Contract Tower,0,7,3,0,10,0,81,22,0,103,0,88,25,0,113,14,0,14,127
10/01/2017,HUM,LA,ASW,CE,Federal Contract Tower,0,10,10,0,20,0,80,15,0,95,0,90,25,0,115,2,0,2,117
10/02/2017,HUM,LA,ASW,CE,Federal Contract Tower,0,60,15,0,75,0,37,3,0,40,0,97,18,0,115,0,0,0,115
10/03/2017,HUM,LA,ASW,CE,Federal Contract Tower,0,23,7,0,30,0,113,48,0,161,0,136,55,0,191,12,0,12,203
10/04/2017,HUM,LA,ASW,CE,Federal Contract Tower,0,34,4,0,38,0,135,26,2,163,0,169,30,2,201,21,0,21,222
10/05/2017,HUM,LA,ASW,CE,Federal Contract Tower,0,23,10,0,33,0,213,24,0,237,0,236,34,0,270,6,0,6,276
10/06/2017,HUM,LA,ASW,CE,Federal Contract Tower,0,44,20,0,64,0,194,32,0,226,0,238,52,0,290,4,0,4,294
10/07/2017,HUM,LA,ASW,CE,Federal Contract Tower,0,4,3,0,7,0,7,0,0,7,0,11,3,0,14,0,0,0,14
10/08/2017,HUM,LA,ASW,CE,Federal Contract Tower,0,24,12,3,39,0,136,16,0,152,0,160,28,3,191,8,0,8,199
10/09/2017,HUM,LA,ASW,CE,Federal Contract Tower,0,51,9,0,60,0,85,12,0,97,0,136,21,0,157,8,0,8,165
10/10/2017,HUM,LA,ASW,CE,Federal Contract Tower,0,57,10,0,67,0,113,39,0,152,0,170,49,0,219,0,0,0,219
10/12/2017,HUM,LA,ASW,CE,Federal Contract Tower,0,38,15,0,53,0,127,40,0,167,0,165,55,0,220,8,0,8,228
10/14/2017,HUM,LA,ASW,CE,Federal Contract Tower,0,4,6,0,10,0,65,29,0,94,0,69,35,0,104,24,0,24,128
10/15/2017,HUM,LA,ASW,CE,Federal Contract Tower,0,13,8,0,21,0,60,15,0,75,0,73,23,0,96,0,0,0,96
10/16/2017,HUM,LA,ASW,CE,Federal Contract Tower,0,53,17,0,70,0,90,33,0,123,0,143,50,0,193,2,0,2,195
10/17/2017,HUM,LA,ASW,CE,Federal Contract Tower,0,30,13,0,43,0,108,44,0,152,0,138,57,0,195,6,0,6,201
10/18/2017,HUM,LA,ASW,CE,Federal Contract Tower,0,23,16,0,39,0,162,54,0,216,0,185,70,0,255,6,0,6,261
10/19/2017,HUM,LA,ASW,CE,Federal Contract Tower,0,24,9,0,33,0,101,38,0,139,0,125,47,0,172,10,0,10,182
10/20/2017,HUM,LA,ASW,CE,Federal Contract Tower,0,14,13,0,27,0,105,36,0,141,0,119,49,0,168,0,0,0,168
10/21/2017,HUM,LA,ASW,CE,Federal Contract Tower,0,1,14,2,17,0,49,26,5,80,0,50,40,7,97,6,18,24,121
10/22/2017,HUM,LA,ASW,CE,Federal Contract Tower,0,5,7,0,12,0,38,3,0,41,0,43,10,0,53,5,0,5,58
10/23/2017,HUM,LA,ASW,CE,Federal Contract Tower,0,37,6,2,45,0,108,34,0,142,0,145,40,2,187,24,0,24,211
10/24/2017,HUM,LA,ASW,CE,Federal Contract Tower,0,12,11,0,23,0,136,38,0,174,0,148,49,0,197,18,0,18,215
10/25/2017,HUM,LA,ASW,CE,Federal Contract Tower,0,12,11,0,23,0,160,35,0,195,0,172,46,0,218,8,0,8,226
10/26/2017,HUM,LA,ASW,CE,Federal Contract Tower,0,9,8,0,17,0,13,43,0,56,0,22,51,0,73,9,0,9,82
10/27/2017,HUM,LA,ASW,CE,Federal Contract Tower,0,18,20,0,38,0,76,19,0,95,0,94,39,0,133,20,0,20,153
10/28/2017,HUM,LA,ASW,CE,Federal Contract Tower,0,6,6,0,12,0,51,9,0,60,0,57,15,0,72,8,0,8,80
10/29/2017,HUM,LA,ASW,CE,Federal Contract Tower,0,12,7,0,19,0,72,31,0,103,0,84,38,0,122,8,0,8,130
10/30/2017,HUM,LA,ASW,CE,Federal Contract Tower,0,8,14,2,24,0,92,38,0,130,0,100,52,2,154,2,0,2,156
10/31/2017,HUM,LA,ASW,CE,Federal Contract Tower,0,14,5,0,19,0,130,36,0,166,0,144,41,0,185,12,0,12,197
11/01/2017,HUM,LA,ASW,CE,Federal Contract Tower,0,25,14,0,39,0,134,13,0,147,0,159,27,0,186,12,0,12,198
11/02/2017,HUM,LA,ASW,CE,Federal Contract Tower,0,16,14,0,30,0,112,23,0,135,0,128,37,0,165,5,0,5,170
11/03/2017,HUM,LA,ASW,CE,Federal Contract Tower,0,28,13,0,41,0,59,37,0,96,0,87,50,0,137,8,0,8,145
11/04/2017,HUM,LA,ASW,CE,Federal Contract Tower,0,9,7,0,16,0,62,25,2,89,0,71,32,2,105,42,0,42,147
11/05/2017,HUM,LA,ASW,CE,Federal Contract Tower,0,8,21,0,29,0,58,30,0,88,0,66,51,0,117,26,0,26,143
11/06/2017,HUM,LA,ASW,CE,Federal Contract Tower,0,32,22,0,54,0,141,28,0,169,0,173,50,0,223,2,0,2,225
11/07/2017,HUM,LA,ASW,CE,Federal Contract Tower,0,30,13,0,43,0,99,14,0,113,0,129,27,0,156,17,0,17,173
11/08/2017,HUM,LA,ASW,CE,Federal Contract Tower,0,55,13,0,68,0,89,13,0,102,0,144,26,0,170,8,0,8,178
11/09/2017,HUM,LA,ASW,CE,Federal Contract Tower,0,52,17,0,69,0,84,23,0,107,0,136,40,0,176,0,0,0,176
11/10/2017,HUM,LA,ASW,CE,Federal Contract Tower,0,19,16,0,35,0,88,32,0,120,0,107,48,0,155,35,0,35,190
11/11/2017,HUM,LA,ASW,CE,Federal Contract Tower,0,3,4,0,7,0,70,21,0,91,0,73,25,0,98,30,0,30,128
11/12/2017,HUM,LA,ASW,CE,Federal Contract Tower,0,30,11,0,41,0,29,11,0,40,0,59,22,0,81,0,0,0,81
11/13/2017,HUM,LA,ASW,CE,Federal Contract Tower,0,28,15,0,43,0,96,31,0,127,0,124,46,0,170,18,0,18,188
11/14/2017,HUM,LA,ASW,CE,Federal Contract Tower,0,21,13,0,34,0,131,21,0,152,0,152,34,0,186,42,0,42,228
11/15/2017,HUM,LA,ASW,CE,Federal Contract Tower,0,20,14,0,34,0,143,13,0,156,0,163,27,0,190,0,0,0,190
11/16/2017,HUM,LA,ASW,CE,Federal Contract Tower,0,13,14,0,27,0,115,32,0,147,0,128,46,0,174,24,0,24,198
11/17/2017,HUM,LA,ASW,CE,Federal Contract Tower,0,24,13,0,37,0,101,39,0,140,0,125,52,0,177,24,0,24,201
11/18/2017,HUM,LA,ASW,CE,Federal Contract Tower,0,4,9,0,13,0,60,11,0,71,0,64,20,0,84,26,0,26,110
11/19/2017,HUM,LA,ASW,CE,Federal Contract Tower,0,10,12,0,22,0,39,15,0,54,0,49,27,0,76,20,0,20,96
11/20/2017,HUM,LA,ASW,CE,Federal Contract Tower,0,19,10,0,29,0,104,25,0,129,0,123,35,0,158,4,0,4,162
11/21/2017,HUM,LA,ASW,CE,Federal Contract Tower,0,22,3,0,25,0,123,28,0,151,0,145,31,0,176,36,0,36,212
11/22/2017,HUM,LA,ASW,CE,Federal Contract Tower,0,23,7,0,30,0,0,0,0,0,0,23,7,0,30,18,0,18,48
11/24/2017,HUM,LA,ASW,CE,Federal Contract Tower,0,11,12,0,23,0,104,25,0,129,0,115,37,0,152,40,0,40,192
11/25/2017,HUM,LA,ASW,CE,Federal Contract Tower,0,1,12,0,13,0,46,21,0,67,0,47,33,0,80,32,0,32,112
11/26/2017,HUM,LA,ASW,CE,Federal Contract Tower,0,2,4,0,6,0,80,22,0,102,0,82,26,0,108,16,0,16,124
11/27/2017,HUM,LA,ASW,CE,Federal Contract Tower,0,12,17,0,29,0,125,24,0,149,0,137,41,0,178,8,0,8,186
11/28/2017,HUM,LA,ASW,CE,Federal Contract Tower,0,11,5,0,16,0,137,22,0,159,0,148,27,0,175,16,0,16,191
11/29/2017,HUM,LA,ASW,CE,Federal Contract Tower,0,26,13,0,39,0,117,17,0,134,0,143,30,0,173,4,0,4,177
11/30/2017,HUM,LA,ASW,CE,Federal Contract Tower,0,30,7,0,37,0,107,23,0,130,0,137,30,0,167,12,0,12,179
12/01/2017,HUM,LA,ASW,CE,Federal Contract Tower,0,15,10,0,25,0,98,25,0,123,0,113,35,0,148,12,0,12,160
12/02/2017,HUM,LA,ASW,CE,Federal Contract Tower,0,19,4,0,23,0,4,9,0,13,0,23,13,0,36,8,0,8,44
12/03/2017,HUM,LA,ASW,CE,Federal Contract Tower,0,16,13,0,29,0,25,10,0,35,0,41,23,0,64,10,0,10,74
12/04/2017,HUM,LA,ASW,CE,Federal Contract Tower,0,16,9,0,25,0,106,25,0,131,0,122,34,0,156,8,0,8,164
12/05/2017,HUM,LA,ASW,CE,Federal Contract Tower,0,20,10,0,30,0,120,19,4,143,0,140,29,4,173,11,0,11,184
12/06/2017,HUM,LA,ASW,CE,Federal Contract Tower,0,47,16,0,63,0,3,2,0,5,0,50,18,0,68,0,0,0,68
12/07/2017,HUM,LA,ASW,CE,Federal Contract Tower,0,24,14,0,38,0,51,9,0,60,0,75,23,0,98,0,0,0,98
12/08/2017,HUM,LA,ASW,CE,Federal Contract Tower,0,1,5,0,6,0,0,0,0,0,0,1,5,0,6,0,0,0,6
12/09/2017,HUM,LA,ASW,CE,Federal Contract Tower,0,7,15,0,22,0,122,30,0,152,0,129,45,0,174,4,0,4,178
12/10/2017,HUM,LA,ASW,CE,Federal Contract Tower,0,5,8,0,13,0,79,23,0,102,0,84,31,0,115,54,0,54,169
12/11/2017,HUM,LA,ASW,CE,Federal Contract Tower,0,8,7,0,15,0,126,36,0,162,0,134,43,0,177,12,0,12,189
12/12/2017,HUM,LA,ASW,CE,Federal Contract Tower,0,13,18,0,31,0,157,50,0,207,0,170,68,0,238,18,0,18,256
12/13/2017,HUM,LA,ASW,CE,Federal Contract Tower,0,13,12,0,25,0,145,35,0,180,0,158,47,0,205,20,0,20,225
12/14/2017,HUM,LA,ASW,CE,Federal Contract Tower,0,17,19,0,36,0,129,38,0,167,0,146,57,0,203,14,0,14,217
12/15/2017,HUM,LA,ASW,CE,Federal Contract Tower,0,33,20,0,53,0,51,18,0,69,0,84,38,0,122,4,0,4,126
12/16/2017,HUM,LA,ASW,CE,Federal Contract Tower,0,4,7,0,11,0,67,17,0,84,0,71,24,0,95,24,0,24,119
12/17/2017,HUM,LA,ASW,CE,Federal Contract Tower,0,21,18,0,39,0,6,0,0,6,0,27,18,0,45,0,0,0,45
12/18/2017,HUM,LA,ASW,CE,Federal Contract Tower,0,53,15,0,68,0,1,0,0,1,0,54,15,0,69,0,0,0,69
12/19/2017,HUM,LA,ASW,CE,Federal Contract Tower,0,37,9,0,46,0,23,19,0,42,0,60,28,0,88,16,0,16,104
12/20/2017,HUM,LA,ASW,CE,Federal Contract Tower,0,41,37,0,78,0,39,24,0,63,0,80,61,0,141,34,0,34,175
12/21/2017,HUM,LA,ASW,CE,Federal Contract Tower,0,56,22,0,78,0,30,13,0,43,0,86,35,0,121,2,0,2,123
12/22/2017,HUM,LA,ASW,CE,Federal Contract Tower,0,31,16,0,47,0,74,19,0,93,0,105,35,0,140,0,0,0,140
12/23/2017,HUM,LA,ASW,CE,Federal Contract Tower,0,11,1,0,12,0,42,14,0,56,0,53,15,0,68,19,0,19,87
12/24/2017,HUM,LA,ASW,CE,Federal Contract Tower,0,25,2,0,27,0,15,13,0,28,0,40,15,0,55,16,0,16,71
12/25/2017,HUM,LA,ASW,CE,Federal Contract Tower,0,11,4,0,15,0,36,4,0,40,0,47,8,0,55,0,0,0,55
12/26/2017,HUM,LA,ASW,CE,Federal Contract Tower,0,30,10,0,40,0,60,11,0,71,0,90,21,0,111,4,0,4,115
12/27/2017,HUM,LA,ASW,CE,Federal Contract Tower,0,57,10,0,67,0,0,0,0,0,0,57,10,0,67,0,0,0,67
12/28/2017,HUM,LA,ASW,CE,Federal Contract Tower,0,36,10,0,46,0,4,1,0,5,0,40,11,0,51,0,0,0,51
12/29/2017,HUM,LA,ASW,CE,Federal Contract Tower,0,27,9,0,36,0,120,48,0,168,0,147,57,0,204,42,0,42,246
12/30/2017,HUM,LA,ASW,CE,Federal Contract Tower,0,3,13,0,16,0,59,36,0,95,0,62,49,0,111,0,0,0,111
12/31/2017,HUM,LA,ASW,CE,Federal Contract Tower,0,38,6,0,44,0,0,0,0,0,0,38,6,0,44,0,0,0,44
01/01/2018,HUM,LA,ASW,CE,Federal Contract Tower,0,18,6,0,24,0,69,8,0,77,0,87,14,0,101,18,0,18,119
01/02/2018,HUM,LA,ASW,CE,Federal Contract Tower,0,18,17,0,35,0,88,35,0,123,0,106,52,0,158,6,0,6,164
01/03/2018,HUM,LA,ASW,CE,Federal Contract Tower,0,11,11,0,22,0,163,31,0,194,0,174,42,0,216,0,0,0,216
01/04/2018,HUM,LA,ASW,CE,Federal Contract Tower,0,4,7,0,11,0,138,32,0,170,0,142,39,0,181,0,0,0,181
01/05/2018,HUM,LA,ASW,CE,Federal Contract Tower,0,8,8,0,16,0,140,36,0,176,0,148,44,0,192,22,0,22,214
01/06/2018,HUM,LA,ASW,CE,Federal Contract Tower,0,7,6,0,13,0,73,15,0,88,0,80,21,0,101,8,0,8,109
01/07/2018,HUM,LA,ASW,CE,Federal Contract Tower,0,4,7,0,11,0,83,15,0,98,0,87,22,0,109,0,0,0,109
01/08/2018,HUM,LA,ASW,CE,Federal Contract Tower,0,26,9,0,35,0,31,1,0,32,0,57,10,0,67,0,0,0,67
01/09/2018,HUM,LA,ASW,CE,Federal Contract Tower,0,75,14,0,89,0,17,4,0,21,0,92,18,0,110,0,0,0,110
01/10/2018,HUM,LA,ASW,CE,Federal Contract Tower,0,31,14,0,45,0,72,10,0,82,0,103,24,0,127,0,0,0,127
01/11/2018,HUM,LA,ASW,CE,Federal Contract Tower,0,32,18,0,50,0,114,11,0,125,0,146,29,0,175,0,0,0,175
01/12/2018,HUM,LA,ASW,CE,Federal Contract Tower,0,36,13,0,49,0,51,12,0,63,0,87,25,0,112,0,0,0,112
01/13/2018,HUM,LA,ASW,CE,Federal Contract Tower,0,0,7,0,7,0,65,19,0,84,0,65,26,0,91,18,0,18,109
01/14/2018,HUM,LA,ASW,CE,Federal Contract Tower,0,0,7,0,7,0,48,23,0,71,0,48,30,0,78,15,0,15,93
01/15/2018,HUM,LA,ASW,CE,Federal Contract Tower,0,7,15,0,22,0,149,42,0,191,0,156,57,0,213,8,0,8,221
01/16/2018,HUM,LA,ASW,CE,Federal Contract Tower,0,12,4,0,16,0,116,12,0,128,0,128,16,0,144,0,0,0,144
01/17/2018,HUM,LA,ASW,CE,Federal Contract Tower,0,4,13,0,17,0,75,10,0,85,0,79,23,0,102,6,0,6,108
01/18/2018,HUM,LA,ASW,CE,Federal Contract Tower,0,6,9,2,17,0,146,24,0,170,0,152,33,2,187,20,0,20,207
01/19/2018,HUM,LA,ASW,CE,Federal Contract Tower,0,9,18,0,27,0,109,33,5,147,0,118,51,5,174,18,0,18,192
01/20/2018,HUM,LA,ASW,CE,Federal Contract Tower,0,7,9,0,16,0,66,25,0,91,0,73,34,0,107,10,0,10,117
01/21/2018,HUM,LA,ASW,CE,Federal Contract Tower,0,4,10,0,14,0,101,24,0,125,0,105,34,0,139,32,0,32,171
01/22/2018,HUM,LA,ASW,CE,Federal Contract Tower,0,46,11,0,57,0,84,35,0,119,0,130,46,0,176,30,0,30,206
01/23/2018,HUM,LA,ASW,CE,Federal Contract Tower,0,12,6,0,18,0,166,53,0,219,0,178,59,0,237,22,0,22,259
01/24/2018,HUM,LA,ASW,CE,Federal Contract Tower,0,15,9,0,24,0,147,31,0,178,0,162,40,0,202,8,0,8,210
01/25/2018,HUM,LA,ASW,CE,Federal Contract Tower,0,13,20,0,33,0,132,43,0,175,0,145,63,0,208,2,0,2,210
01/26/2018,HUM,LA,ASW,CE,Federal Contract Tower,0,17,19,0,36,0,99,20,0,119,0,116,39,0,155,0,0,0,155
01/27/2018,HUM,LA,ASW,CE,Federal Contract Tower,0,7,3,0,10,0,7,2,0,9,0,14,5,0,19,4,0,4,23
01/28/2018,HUM,LA,ASW,CE,Federal Contract Tower,0,15,17,0,32,0,27,2,0,29,0,42,19,0,61,4,0,4,65
01/29/2018,HUM,LA,ASW,CE,Federal Contract Tower,0,19,9,0,28,0,138,33,0,171,0,157,42,0,199,8,0,8,207
01/30/2018,HUM,LA,ASW,CE,Federal Contract Tower,0,17,12,0,29,0,127,37,0,164,0,144,49,0,193,16,0,16,209
01/31/2018,HUM,LA,ASW,CE,Federal Contract Tower,0,16,14,0,30,0,177,35,0,212,0,193,49,0,242,0,0,0,242
02/01/2018,HUM,LA,ASW,CE,Federal Contract Tower,0,14,11,0,25,0,145,39,0,184,0,159,50,0,209,80,6,86,295
02/02/2018,HUM,LA,ASW,CE,Federal Contract Tower,0,35,14,0,49,0,60,22,0,82,0,95,36,0,131,14,0,14,145
02/03/2018,HUM,LA,ASW,CE,Federal Contract Tower,0,8,10,0,18,0,88,23,0,111,0,96,33,0,129,68,0,68,197
02/04/2018,HUM,LA,ASW,CE,Federal Contract Tower,0,29,4,0,33,0,63,21,0,84,0,92,25,0,117,69,0,69,186
02/05/2018,HUM,LA,ASW,CE,Federal Contract Tower,0,26,4,0,30,0,128,40,0,168,0,154,44,0,198,2,0,2,200
02/06/2018,HUM,LA,ASW,CE,Federal Contract Tower,0,65,14,0,79,0,33,4,0,37,0,98,18,0,116,18,0,18,134
02/07/2018,HUM,LA,ASW,CE,Federal Contract Tower,0,65,11,0,76,0,21,1,0,22,0,86,12,0,98,0,2,2,100
02/08/2018,HUM,LA,ASW,CE,Federal Contract Tower,0,52,13,0,65,0,134,29,0,163,0,186,42,0,228,16,0,16,244
02/09/2018,HUM,LA,ASW,CE,Federal Contract Tower,0,17,12,0,29,0,111,35,0,146,0,128,47,0,175,7,0,7,182
02/10/2018,HUM,LA,ASW,CE,Federal Contract Tower,0,23,7,0,30,0,47,6,0,53,0,70,13,0,83,22,0,22,105
02/11/2018,HUM,LA,ASW,CE,Federal Contract Tower,0,17,12,0,29,0,50,8,0,58,0,67,20,0,87,12,0,12,99
02/12/2018,HUM,LA,ASW,CE,Federal Contract Tower,0,71,30,0,101,0,3,0,0,3,0,74,30,0,104,0,0,0,104
02/13/2018,HUM,LA,ASW,CE,Federal Contract Tower,0,57,7,0,64,0,54,27,0,81,0,111,34,0,145,12,0,12,157
02/14/2018,HUM,LA,ASW,CE,Federal Contract Tower,0,44,15,0,59,0,144,30,0,174,0,188,45,0,233,18,0,18,251
02/15/2018,HUM,LA,ASW,CE,Federal Contract Tower,0,36,15,0,51,0,131,28,0,159,0,167,43,0,210,14,0,14,224
02/16/2018,HUM,LA,ASW,CE,Federal Contract Tower,0,38,11,0,49,0,85,36,1,122,0,123,47,1,171,12,0,12,183
02/17/2018,HUM,LA,ASW,CE,Federal Contract Tower,0,9,11,0,20,0,83,29,0,112,0,92,40,0,132,10,0,10,142
02/18/2018,HUM,LA,ASW,CE,Federal Contract Tower,0,18,13,0,31,0,68,19,0,87,0,86,32,0,118,6,0,6,124
02/19/2018,HUM,LA,ASW,CE,Federal Contract Tower,0,28,6,0,34,0,124,31,0,155,0,152,37,0,189,12,0,12,201
02/20/2018,HUM,LA,ASW,CE,Federal Contract Tower,0,29,15,0,44,0,163,29,0,192,0,192,44,0,236,0,0,0,236
02/21/2018,HUM,LA,ASW,CE,Federal Contract Tower,0,36,14,0,50,0,170,18,0,188,0,206,32,0,238,4,0,4,242
02/22/2018,HUM,LA,ASW,CE,Federal Contract Tower,0,27,11,0,38,0,133,20,0,153,0,160,31,0,191,10,0,10,201
02/23/2018,HUM,LA,ASW,CE,Federal Contract Tower,0,31,18,2,51,0,72,13,0,85,0,103,31,2,136,6,0,6,142
02/25/2018,HUM,LA,ASW,CE,Federal Contract Tower,0,8,13,0,21,0,55,8,0,63,0,63,21,0,84,0,0,0,84
02/26/2018,HUM,LA,ASW,CE,Federal Contract Tower,0,67,9,0,76,0,94,28,0,122,0,161,37,0,198,0,0,0,198
02/27/2018,HUM,LA,ASW,CE,Federal Contract Tower,0,32,9,0,41,0,134,16,0,150,0,166,25,0,191,6,0,6,197
02/28/2018,HUM,LA,ASW,CE,Federal Contract Tower,0,36,14,0,50,0,126,30,0,156,0,162,44,0,206,8,0,8,214
03/01/2018,HUM,LA,ASW,CE,Federal Contract Tower,0,22,17,0,39,0,121,30,0,151,0,143,47,0,190,2,0,2,192
03/02/2018,HUM,LA,ASW,CE,Federal Contract Tower,0,24,18,0,42,0,90,31,0,121,0,114,49,0,163,8,0,8,171
03/03/2018,HUM,LA,ASW,CE,Federal Contract Tower,0,2,14,0,16,0,81,52,0,133,0,83,66,0,149,0,0,0,149
03/04/2018,HUM,LA,ASW,CE,Federal Contract Tower,0,1,13,0,14,0,61,29,0,90,0,62,42,0,104,10,0,10,114
03/05/2018,HUM,LA,ASW,CE,Federal Contract Tower,0,20,11,0,31,0,92,30,0,122,0,112,41,0,153,14,0,14,167
03/06/2018,HUM,LA,ASW,CE,Federal Contract Tower,0,79,19,0,98,0,55,16,0,71,0,134,35,0,169,0,0,0,169
03/07/2018,HUM,LA,ASW,CE,Federal Contract Tower,0,23,8,0,31,0,182,30,0,212,0,205,38,0,243,8,0,8,251
03/08/2018,HUM,LA,ASW,CE,Federal Contract Tower,0,15,18,0,33,0,137,31,0,168,0,152,49,0,201,2,0,2,203
03/09/2018,HUM,LA,ASW,CE,Federal Contract Tower,0,20,14,0,34,0,110,41,1,152,0,130,55,1,186,2,2,4,190
03/10/2018,HUM,LA,ASW,CE,Federal Contract Tower,0,9,6,0,15,0,66,16,0,82,0,75,22,0,97,14,0,14,111
03/11/2018,HUM,LA,ASW,CE,Federal Contract Tower,0,7,13,0,20,0,42,11,0,53,0,49,24,0,73,6,0,6,79
03/12/2018,HUM,LA,ASW,CE,Federal Contract Tower,0,25,17,0,42,0,137,36,0,173,0,162,53,0,215,8,0,8,223
03/13/2018,HUM,LA,ASW,CE,Federal Contract Tower,0,17,10,0,27,0,129,35,0,164,0,146,45,0,191,23,0,23,214
03/14/2018,HUM,LA,ASW,CE,Federal Contract Tower,0,22,6,0,28,0,158,34,0,192,0,180,40,0,220,2,0,2,222
03/15/2018,HUM,LA,ASW,CE,Federal Contract Tower,0,26,15,0,41,0,164,32,0,196,0,190,47,0,237,4,0,4,241
03/16/2018,HUM,LA,ASW,CE,Federal Contract Tower,0,29,7,0,36,0,100,21,0,121,0,129,28,0,157,8,0,8,165
03/17/2018,HUM,LA,ASW,CE,Federal Contract Tower,0,22,4,0,26,0,89,13,3,105,0,111,17,3,131,22,0,22,153
03/18/2018,HUM,LA,ASW,CE,Federal Contract Tower,0,27,11,0,38,0,78,17,0,95,0,105,28,0,133,0,0,0,133
03/19/2018,HUM,LA,ASW,CE,Federal Contract Tower,0,65,11,0,76,0,35,23,0,58,0,100,34,0,134,18,0,18,152
03/20/2018,HUM,LA,ASW,CE,Federal Contract Tower,0,27,0,0,27,0,194,0,0,194,0,221,0,0,221,14,0,14,235
03/21/2018,HUM,LA,ASW,CE,Federal Contract Tower,0,8,5,0,13,0,162,35,0,197,0,170,40,0,210,12,0,12,222
03/22/2018,HUM,LA,ASW,CE,Federal Contract Tower,0,9,16,0,25,0,158,41,0,199,0,167,57,0,224,0,0,0,224
03/23/2018,HUM,LA,ASW,CE,Federal Contract Tower,0,11,11,0,22,0,113,40,0,153,0,124,51,0,175,17,0,17,192
03/24/2018,HUM,LA,ASW,CE,Federal Contract Tower,0,6,4,0,10,0,84,40,0,124,0,90,44,0,134,38,0,38,172
03/25/2018,HUM,LA,ASW,CE,Federal Contract Tower,0,19,14,0,33,0,51,26,0,77,0,70,40,0,110,4,0,4,114
03/26/2018,HUM,LA,ASW,CE,Federal Contract Tower,0,28,12,0,40,0,148,26,0,174,0,176,38,0,214,26,0,26,240
03/27/2018,HUM,LA,ASW,CE,Federal Contract Tower,0,28,20,0,48,0,122,35,0,157,0,150,55,0,205,6,0,6,211
03/28/2018,HUM,LA,ASW,CE,Federal Contract Tower,0,39,19,2,60,0,133,27,0,160,0,172,46,2,220,10,0,10,230
03/29/2018,HUM,LA,ASW,CE,Federal Contract Tower,0,12,6,0,18,0,43,1,0,44,0,55,7,0,62,0,0,0,62
03/31/2018,HUM,LA,ASW,CE,Federal Contract Tower,0,9,5,0,14,0,88,57,0,145,0,97,62,0,159,66,0,66,225
04/01/2018,HUM,LA,ASW,CE,Federal Contract Tower,0,7,17,0,24,0,61,24,0,85,0,68,41,0,109,29,0,29,138
04/02/2018,HUM,LA,ASW,CE,Federal Contract Tower,0,35,11,0,46,0,111,30,0,141,0,146,41,0,187,8,0,8,195
04/03/2018,HUM,LA,ASW,CE,Federal Contract Tower,0,34,13,0,47,0,149,15,2,166,0,183,28,2,213,14,0,14,227
04/04/2018,HUM,LA,ASW,CE,Federal Contract Tower,0,32,12,0,44,0,119,32,0,151,0,151,44,0,195,21,0,21,216
04/05/2018,HUM,LA,ASW,CE,Federal Contract Tower,0,18,11,0,29,0,159,36,0,195,0,177,47,0,224,2,0,2,226
04/06/2018,HUM,LA,ASW,CE,Federal Contract Tower,0,21,13,0,34,0,120,15,0,135,0,141,28,0,169,0,0,0,169
04/07/2018,HUM,LA,ASW,CE,Federal Contract Tower,0,16,7,0,23,0,20,5,0,25,0,36,12,0,48,0,0,0,48
04/08/2018,HUM,LA,ASW,CE,Federal Contract Tower,0,42,19,0,61,0,9,4,0,13,0,51,23,0,74,0,0,0,74
04/09/2018,HUM,LA,ASW,CE,Federal Contract Tower,0,53,25,0,78,0,34,14,0,48,0,87,39,0,126,8,0,8,134
04/10/2018,HUM,LA,ASW,CE,Federal Contract Tower,0,35,14,0,49,0,142,50,1,193,0,177,64,1,242,4,0,4,246
04/11/2018,HUM,LA,ASW,CE,Federal Contract Tower,0,17,17,0,34,0,167,46,0,213,0,184,63,0,247,7,0,7,254
04/12/2018,HUM,LA,ASW,CE,Federal Contract Tower,0,18,18,2,38,0,155,35,0,190,0,173,53,2,228,10,8,18,246
04/13/2018,HUM,LA,ASW,CE,Federal Contract Tower,0,19,14,0,33,0,114,18,0,132,0,133,32,0,165,21,0,21,186
04/14/2018,HUM,LA,ASW,CE,Federal Contract Tower,0,1,0,0,1,0,2,1,0,3,0,3,1,0,4,0,0,0,4
04/15/2018,HUM,LA,ASW,CE,Federal Contract Tower,0,12,9,0,21,0,82,21,0,103,0,94,30,0,124,20,0,20,144
04/16/2018,HUM,LA,ASW,CE,Federal Contract Tower,0,10,16,0,26,0,171,55,4,230,0,181,71,4,256,38,0,38,294
04/17/2018,HUM,LA,ASW,CE,Federal Contract Tower,0,18,12,2,32,0,142,44,0,186,0,160,56,2,218,10,0,10,228
04/18/2018,HUM,LA,ASW,CE,Federal Contract Tower,0,12,24,3,39,0,174,52,6,232,0,186,76,9,271,24,0,24,295
04/19/2018,HUM,LA,ASW,CE,Federal Contract Tower,0,28,17,0,45,0,149,43,0,192,0,177,60,0,237,4,0,4,241
04/20/2018,HUM,LA,ASW,CE,Federal Contract Tower,0,9,13,0,22,0,106,36,0,142,0,115,49,0,164,16,0,16,180
04/21/2018,HUM,LA,ASW,CE,Federal Contract Tower,0,2,5,0,7,0,69,15,0,84,0,71,20,0,91,0,0,0,91
04/22/2018,HUM,LA,ASW,CE,Federal Contract Tower,0,3,12,0,15,0,57,14,0,71,0,60,26,0,86,0,0,0,86
04/23/2018,HUM,LA,ASW,CE,Federal Contract Tower,0,17,14,2,33,0,130,44,1,175,0,147,58,3,208,28,0,28,236
04/24/2018,HUM,LA,ASW,CE,Federal Contract Tower,0,21,10,0,31,0,122,37,0,159,0,143,47,0,190,24,0,24,214
04/25/2018,HUM,LA,ASW,CE,Federal Contract Tower,0,10,11,0,21,0,153,42,0,195,0,163,53,0,216,6,0,6,222
04/26/2018,HUM,LA,ASW,CE,Federal Contract Tower,0,34,19,0,53,0,120,23,0,143,0,154,42,0,196,4,0,4,200
04/27/2018,HUM,LA,ASW,CE,Federal Contract Tower,0,13,14,0,27,0,103,45,0,148,0,116,59,0,175,8,0,8,183
04/28/2018,HUM,LA,ASW,CE,Federal Contract Tower,0,5,11,0,16,0,74,24,0,98,0,79,35,0,114,12,0,12,126
04/29/2018,HUM,LA,ASW,CE,Federal Contract Tower,0,5,15,0,20,0,65,30,0,95,0,70,45,0,115,8,0,8,123
04/30/2018,HUM,LA,ASW,CE,Federal Contract Tower,0,16,5,0,21,0,136,51,0,187,0,152,56,0,208,24,0,24,232
05/01/2018,HUM,LA,ASW,CE,Federal Contract Tower,0,27,14,0,41,0,155,50,2,207,0,182,64,2,248,8,0,8,256
05/02/2018,HUM,LA,ASW,CE,Federal Contract Tower,0,27,15,0,42,0,141,87,0,228,0,168,102,0,270,47,0,47,317
05/03/2018,HUM,LA,ASW,CE,Federal Contract Tower,0,16,13,0,29,0,142,53,0,195,0,158,66,0,224,8,0,8,232
05/05/2018,HUM,LA,ASW,CE,Federal Contract Tower,0,12,4,0,16,0,45,14,0,59,0,57,18,0,75,0,0,0,75
05/06/2018,HUM,LA,ASW,CE,Federal Contract Tower,0,8,17,0,25,0,55,35,0,90,0,63,52,0,115,16,0,16,131
05/07/2018,HUM,LA,ASW,CE,Federal Contract Tower,0,16,7,0,23,0,132,42,0,174,0,148,49,0,197,22,0,22,219
05/08/2018,HUM,LA,ASW,CE,Federal Contract Tower,0,22,13,0,35,0,139,43,0,182,0,161,56,0,217,4,0,4,221
05/09/2018,HUM,LA,ASW,CE,Federal Contract Tower,0,23,15,0,38,0,150,65,0,215,0,173,80,0,253,21,0,21,274
05/10/2018,HUM,LA,ASW,CE,Federal Contract Tower,0,21,17,0,38,0,168,60,0,228,0,189,77,0,266,2,0,2,268
05/11/2018,HUM,LA,ASW,CE,Federal Contract Tower,0,10,15,0,25,0,94,43,0,137,0,104,58,0,162,12,0,12,174
05/12/2018,HUM,LA,ASW,CE,Federal Contract Tower,0,11,8,0,19,0,75,22,0,97,0,86,30,0,116,30,0,30,146
05/13/2018,HUM,LA,ASW,CE,Federal Contract Tower,0,8,13,0,21,0,54,35,0,89,0,62,48,0,110,14,0,14,124
05/14/2018,HUM,LA,ASW,CE,Federal Contract Tower,0,17,7,0,24,0,125,50,0,175,0,142,57,0,199,30,0,30,229
05/15/2018,HUM,LA,ASW,CE,Federal Contract Tower,0,25,12,0,37,0,165,43,0,208,0,190,55,0,245,12,0,12,257
05/16/2018,HUM,LA,ASW,CE,Federal Contract Tower,0,15,7,0,22,0,172,37,0,209,0,187,44,0,231,22,0,22,253
05/17/2018,HUM,LA,ASW,CE,Federal Contract Tower,0,11,11,0,22,0,160,33,0,193,0,171,44,0,215,4,0,4,219
05/18/2018,HUM,LA,ASW,CE,Federal Contract Tower,0,13,20,0,33,0,122,30,0,152,0,135,50,0,185,6,0,6,191
05/19/2018,HUM,LA,ASW,CE,Federal Contract Tower,0,9,5,0,14,0,73,30,0,103,0,82,35,0,117,12,0,12,129
05/20/2018,HUM,LA,ASW,CE,Federal Contract Tower,0,6,18,0,24,0,54,28,0,82,0,60,46,0,106,14,0,14,120
05/21/2018,HUM,LA,ASW,CE,Federal Contract Tower,0,18,20,0,38,0,142,48,0,190,0,160,68,0,228,0,0,0,228
05/22/2018,HUM,LA,ASW,CE,Federal Contract Tower,0,25,14,0,39,0,124,45,0,169,0,149,59,0,208,21,0,21,229
05/23/2018,HUM,LA,ASW,CE,Federal Contract Tower,0,27,21,0,48,0,142,62,0,204,0,169,83,0,252,10,0,10,262
05/24/2018,HUM,LA,ASW,CE,Federal Contract Tower,0,36,5,0,41,0,133,29,0,162,0,169,34,0,203,2,0,2,205
05/25/2018,HUM,LA,ASW,CE,Federal Contract Tower,0,32,17,0,49,0,99,31,0,130,0,131,48,0,179,10,0,10,189
05/26/2018,HUM,LA,ASW,CE,Federal Contract Tower,0,10,3,0,13,0,59,11,0,70,0,69,14,0,83,2,0,2,85
05/27/2018,HUM,LA,ASW,CE,Federal Contract Tower,0,17,5,0,22,0,43,15,0,58,0,60,20,0,80,12,0,12,92
05/28/2018,HUM,LA,ASW,CE,Federal Contract Tower,0,37,12,0,49,0,126,37,0,163,0,163,49,0,212,12,0,12,224
05/29/2018,HUM,LA,ASW,CE,Federal Contract Tower,0,39,11,0,50,0,187,50,0,237,0,226,61,0,287,30,0,30,317
05/30/2018,HUM,LA,ASW,CE,Federal Contract Tower,0,32,18,1,51,0,181,44,2,227,0,213,62,3,278,46,0,46,324
05/31/2018,HUM,LA,ASW,CE,Federal Contract Tower,0,24,15,0,39,0,159,43,0,202,0,183,58,0,241,26,0,26,267
06/01/2018,HUM,LA,ASW,CE,Federal Contract Tower,0,17,10,0,27,0,118,30,0,148,0,135,40,0,175,0,0,0,175
06/02/2018,HUM,LA,ASW,CE,Federal Contract Tower,0,16,7,0,23,0,69,28,4,101,0,85,35,4,124,25,0,25,149
06/03/2018,HUM,LA,ASW,CE,Federal Contract Tower,0,10,11,0,21,0,46,21,0,67,0,56,32,0,88,24,0,24,112
06/04/2018,HUM,LA,ASW,CE,Federal Contract Tower,0,19,6,0,25,0,125,21,0,146,0,144,27,0,171,0,0,0,171
06/05/2018,HUM,LA,ASW,CE,Federal Contract Tower,0,37,16,0,53,0,115,38,0,153,0,152,54,0,206,0,0,0,206
06/06/2018,HUM,LA,ASW,CE,Federal Contract Tower,0,42,7,0,49,0,124,35,0,159,0,166,42,0,208,12,0,12,220
06/07/2018,HUM,LA,ASW,CE,Federal Contract Tower,0,18,20,4,42,0,170,59,0,229,0,188,79,4,271,4,0,4,275
06/08/2018,HUM,LA,ASW,CE,Federal Contract Tower,0,0,0,0,0,0,119,42,0,161,0,119,42,0,161,4,0,4,165
06/09/2018,HUM,LA,ASW,CE,Federal Contract Tower,0,10,11,0,21,0,72,35,0,107,0,82,46,0,128,17,0,17,145
06/10/2018,HUM,LA,ASW,CE,Federal Contract Tower,0,15,14,6,35,0,73,22,0,95,0,88,36,6,130,12,0,12,142
06/12/2018,HUM,LA,ASW,CE,Federal Contract Tower,0,23,3,0,26,0,161,34,0,195,0,184,37,0,221,6,0,6,227
06/13/2018,HUM,LA,ASW,CE,Federal Contract Tower,0,15,23,0,38,0,182,37,1,220,0,197,60,1,258,0,0,0,258
06/14/2018,HUM,LA,ASW,CE,Federal Contract Tower,0,11,18,0,29,0,159,27,0,186,0,170,45,0,215,0,0,0,215
06/15/2018,HUM,LA,ASW,CE,Federal Contract Tower,0,15,17,1,33,0,105,36,3,144,0,120,53,4,177,14,0,14,191
06/16/2018,HUM,LA,ASW,CE,Federal Contract Tower,0,3,14,1,18,0,78,30,0,108,0,81,44,1,126,16,0,16,142
06/17/2018,HUM,LA,ASW,CE,Federal Contract Tower,0,16,6,0,22,0,37,17,0,54,0,53,23,0,76,2,0,2,78
06/18/2018,HUM,LA,ASW,CE,Federal Contract Tower,0,31,6,0,37,0,68,8,0,76,0,99,14,0,113,0,0,0,113
06/19/2018,HUM,LA,ASW,CE,Federal Contract Tower,0,50,10,6,66,0,119,24,0,143,0,169,34,6,209,2,1,3,212
06/20/2018,HUM,LA,ASW,CE,Federal Contract Tower,0,26,18,0,44,0,147,16,3,166,0,173,34,3,210,10,0,10,220
06/21/2018,HUM,LA,ASW,CE,Federal Contract Tower,0,24,13,0,37,0,156,28,0,184,0,180,41,0,221,2,0,2,223
06/22/2018,HUM,LA,ASW,CE,Federal Contract Tower,0,20,24,0,44,0,106,30,0,136,0,126,54,0,180,8,0,8,188
06/23/2018,HUM,LA,ASW,CE,Federal Contract Tower,0,12,10,0,22,0,86,21,0,107,0,98,31,0,129,18,0,18,147
06/24/2018,HUM,LA,ASW,CE,Federal Contract Tower,0,8,24,0,32,0,77,26,0,103,0,85,50,0,135,22,0,22,157
06/25/2018,HUM,LA,ASW,CE,Federal Contract Tower,0,23,10,0,33,0,129,36,0,165,0,152,46,0,198,20,0,20,218
06/26/2018,HUM,LA,ASW,CE,Federal Contract Tower,0,21,13,0,34,0,122,35,0,157,0,143,48,0,191,20,0,20,211
06/27/2018,HUM,LA,ASW,CE,Federal Contract Tower,0,23,6,2,31,0,163,36,0,199,0,186,42,2,230,22,0,22,252
06/28/2018,HUM,LA,ASW,CE,Federal Contract Tower,0,37,17,0,54,0,126,37,0,163,0,163,54,0,217,10,0,10,227
06/29/2018,HUM,LA,ASW,CE,Federal Contract Tower,0,15,23,0,38,0,140,33,0,173,0,155,56,0,211,8,0,8,219
06/30/2018,HUM,LA,ASW,CE,Federal Contract Tower,0,7,7,0,14,0,100,33,2,135,0,107,40,2,149,30,0,30,179
07/01/2018,HUM,LA,ASW,CE,Federal Contract Tower,0,5,12,0,17,0,72,19,0,91,0,77,31,0,108,8,0,8,116
07/02/2018,HUM,LA,ASW,CE,Federal Contract Tower,0,23,12,0,35,0,115,14,2,131,0,138,26,2,166,0,0,0,166
07/03/2018,HUM,LA,ASW,CE,Federal Contract Tower,0,56,15,0,71,0,34,4,0,38,0,90,19,0,109,2,0,2,111
07/04/2018,HUM,LA,ASW,CE,Federal Contract Tower,0,31,9,0,40,0,110,30,0,140,0,141,39,0,180,16,0,16,196
07/05/2018,HUM,LA,ASW,CE,Federal Contract Tower,0,31,13,0,44,0,102,33,0,135,0,133,46,0,179,18,0,18,197
07/06/2018,HUM,LA,ASW,CE,Federal Contract Tower,0,16,6,0,22,0,117,24,0,141,0,133,30,0,163,0,0,0,163
07/07/2018,HUM,LA,ASW,CE,Federal Contract Tower,0,8,7,0,15,0,54,30,4,88,0,62,37,4,103,20,4,24,127
07/08/2018,HUM,LA,ASW,CE,Federal Contract Tower,0,7,6,0,13,0,35,18,0,53,0,42,24,0,66,16,0,16,82
07/09/2018,HUM,LA,ASW,CE,Federal Contract Tower,0,28,10,0,38,0,118,23,0,141,0,146,33,0,179,12,0,12,191
07/10/2018,HUM,LA,ASW,CE,Federal Contract Tower,0,31,12,0,43,0,124,37,0,161,0,155,49,0,204,2,0,2,206
07/11/2018,HUM,LA,ASW,CE,Federal Contract Tower,0,23,11,0,34,0,133,19,0,152,0,156,30,0,186,10,0,10,196
07/13/2018,HUM,LA,ASW,CE,Federal Contract Tower,0,18,10,0,28,0,98,38,0,136,0,116,48,0,164,14,0,14,178
07/14/2018,HUM,LA,ASW,CE,Federal Contract Tower,0,10,8,0,18,0,93,57,0,150,0,103,65,0,168,10,0,10,178
07/15/2018,HUM,LA,ASW,CE,Federal Contract Tower,0,8,7,0,15,0,105,29,0,134,0,113,36,0,149,96,0,96,245
07/16/2018,HUM,LA,ASW,CE,Federal Contract Tower,0,24,12,0,36,0,147,27,0,174,0,171,39,0,210,16,0,16,226
07/17/2018,HUM,LA,ASW,CE,Federal Contract Tower,0,33,15,0,48,0,105,27,1,133,0,138,42,1,181,0,0,0,181
07/18/2018,HUM,LA,ASW,CE,Federal Contract Tower,0,40,12,0,52,0,125,23,0,148,0,165,35,0,200,28,0,28,228
07/19/2018,HUM,LA,ASW,CE,Federal Contract Tower,0,35,12,2,49,0,179,37,0,216,0,214,49,2,265,0,0,0,265
07/20/2018,HUM,LA,ASW,CE,Federal Contract Tower,0,25,8,0,33,0,127,37,0,164,0,152,45,0,197,10,0,10,207
07/21/2018,HUM,LA,ASW,CE,Federal Contract Tower,0,6,7,0,13,0,83,28,0,111,0,89,35,0,124,24,0,24,148
07/22/2018,HUM,LA,ASW,CE,Federal Contract Tower,0,6,8,0,14,0,72,23,0,95,0,78,31,0,109,8,0,8,117
07/23/2018,HUM,LA,ASW,CE,Federal Contract Tower,0,34,11,0,45,0,114,24,0,138,0,148,35,0,183,0,0,0,183
07/24/2018,HUM,LA,ASW,CE,Federal Contract Tower,0,23,10,0,33,0,160,27,0,187,0,183,37,0,220,16,0,16,236
07/25/2018,HUM,LA,ASW,CE,Federal Contract Tower,0,16,6,0,22,0,179,47,1,227,0,195,53,1,249,26,0,26,275
07/26/2018,HUM,LA,ASW,CE,Federal Contract Tower,0,16,12,0,28,0,139,25,0,164,0,155,37,0,192,4,0,4,196
07/27/2018,HUM,LA,ASW,CE,Federal Contract Tower,0,19,15,0,34,0,120,38,0,158,0,139,53,0,192,12,0,12,204
07/28/2018,HUM,LA,ASW,CE,Federal Contract Tower,0,11,8,0,19,0,84,43,0,127,0,95,51,0,146,26,0,26,172
07/29/2018,HUM,LA,ASW,CE,Federal Contract Tower,0,8,7,0,15,0,72,45,0,117,0,80,52,0,132,40,0,40,172
07/30/2018,HUM,LA,ASW,CE,Federal Contract Tower,0,28,11,0,39,0,130,23,0,153,0,158,34,0,192,22,0,22,214
07/31/2018,HUM,LA,ASW,CE,Federal Contract Tower,0,35,12,0,47,0,112,22,0,134,0,147,34,0,181,0,0,0,181
08/01/2018,HUM,LA,ASW,CE,Federal Contract Tower,0,31,5,0,36,0,126,24,0,150,0,157,29,0,186,16,0,16,202
08/02/2018,HUM,LA,ASW,CE,Federal Contract Tower,0,30,17,0,47,0,147,40,0,187,0,177,57,0,234,16,0,16,250
08/03/2018,HUM,LA,ASW,CE,Federal Contract Tower,0,23,4,0,27,0,119,45,0,164,0,142,49,0,191,14,0,14,205
08/04/2018,HUM,LA,ASW,CE,Federal Contract Tower,0,16,3,0,19,0,71,31,0,102,0,87,34,0,121,20,0,20,141
08/05/2018,HUM,LA,ASW,CE,Federal Contract Tower,0,9,9,0,18,0,75,10,0,85,0,84,19,0,103,14,0,14,117
08/06/2018,HUM,LA,ASW,CE,Federal Contract Tower,0,21,7,0,28,0,125,23,0,148,0,146,30,0,176,4,0,4,180
08/07/2018,HUM,LA,ASW,CE,Federal Contract Tower,0,30,4,0,34,0,172,39,0,211,0,202,43,0,245,40,0,40,285
08/08/2018,HUM,LA,ASW,CE,Federal Contract Tower,0,27,7,0,34,0,172,42,0,214,0,199,49,0,248,8,0,8,256
08/09/2018,HUM,LA,ASW,CE,Federal Contract Tower,0,32,10,0,42,0,166,26,0,192,0,198,36,0,234,34,0,34,268
08/10/2018,HUM,LA,ASW,CE,Federal Contract Tower,0,18,11,0,29,0,120,24,0,144,0,138,35,0,173,10,0,10,183
08/11/2018,HUM,LA,ASW,CE,Federal Contract Tower,0,14,4,0,18,0,88,36,0,124,0,102,40,0,142,32,0,32,174
08/12/2018,HUM,LA,ASW,CE,Federal Contract Tower,0,7,8,0,15,0,72,37,0,109,0,79,45,0,124,38,0,38,162
08/13/2018,HUM,LA,ASW,CE,Federal Contract Tower,0,26,8,0,34,0,156,32,0,188,0,182,40,0,222,0,0,0,222
08/14/2018,HUM,LA,ASW,CE,Federal Contract Tower,0,33,13,0,46,0,137,53,0,190,0,170,66,0,236,2,0,2,238
08/15/2018,HUM,LA,ASW,CE,Federal Contract Tower,0,23,8,0,31,0,158,40,0,198,0,181,48,0,229,10,0,10,239
08/16/2018,HUM,LA,ASW,CE,Federal Contract Tower,0,29,12,0,41,0,140,41,0,181,0,169,53,0,222,42,0,42,264
08/17/2018,HUM,LA,ASW,CE,Federal Contract Tower,0,19,8,0,27,0,94,23,4,121,0,113,31,4,148,19,4,23,171
08/18/2018,HUM,LA,ASW,CE,Federal Contract Tower,0,6,2,0,8,0,47,23,0,70,0,53,25,0,78,14,0,14,92
08/19/2018,HUM,LA,ASW,CE,Federal Contract Tower,0,8,6,0,14,0,81,21,0,102,0,89,27,0,116,22,0,22,138
08/20/2018,HUM,LA,ASW,CE,Federal Contract Tower,0,27,14,0,41,0,151,27,0,178,0,178,41,0,219,4,0,4,223
08/21/2018,HUM,LA,ASW,CE,Federal Contract Tower,0,29,11,0,40,0,181,41,0,222,0,210,52,0,262,0,0,0,262
08/22/2018,HUM,LA,ASW,CE,Federal Contract Tower,0,29,18,0,47,0,142,29,0,171,0,171,47,0,218,0,0,0,218
08/23/2018,HUM,LA,ASW,CE,Federal Contract Tower,0,20,11,0,31,0,162,43,0,205,0,182,54,0,236,10,0,10,246
08/24/2018,HUM,LA,ASW,CE,Federal Contract Tower,0,22,7,0,29,0,124,36,6,166,0,146,43,6,195,18,0,18,213
08/25/2018,HUM,LA,ASW,CE,Federal Contract Tower,0,6,2,0,8,0,91,54,0,145,0,97,56,0,153,28,2,30,183
08/26/2018,HUM,LA,ASW,CE,Federal Contract Tower,0,8,2,0,10,0,70,17,0,87,0,78,19,0,97,14,0,14,111
08/27/2018,HUM,LA,ASW,CE,Federal Contract Tower,0,26,3,0,29,0,124,21,0,145,0,150,24,0,174,0,0,0,174
08/28/2018,HUM,LA,ASW,CE,Federal Contract Tower,0,29,10,0,39,0,115,28,0,143,0,144,38,0,182,18,0,18,200
08/29/2018,HUM,LA,ASW,CE,Federal Contract Tower,0,18,11,0,29,0,126,21,0,147,0,144,32,0,176,0,0,0,176
08/30/2018,HUM,LA,ASW,CE,Federal Contract Tower,0,29,12,0,41,0,156,49,0,205,0,185,61,0,246,20,0,20,266
08/31/2018,HUM,LA,ASW,CE,Federal Contract Tower,0,23,19,0,42,0,90,21,0,111,0,113,40,0,153,15,0,15,168
09/01/2018,HUM,LA,ASW,CE,Federal Contract Tower,0,19,7,0,26,0,62,10,0,72,0,81,17,0,98,18,0,18,116
09/02/2018,HUM,LA,ASW,CE,Federal Contract Tower,0,27,4,0,31,0,64,4,0,68,0,91,8,0,99,2,0,2,101
09/03/2018,HUM,LA,ASW,CE,Federal Contract Tower,0,45,14,0,59,0,101,14,0,115,0,146,28,0,174,2,0,2,176
09/04/2018,HUM,LA,ASW,CE,Federal Contract Tower,0,35,4,0,39,0,107,25,0,132,0,142,29,0,171,0,0,0,171
09/05/2018,HUM,LA,ASW,CE,Federal Contract Tower,0,25,13,0,38,0,144,24,0,168,0,169,37,0,206,30,0,30,236
09/06/2018,HUM,LA,ASW,CE,Federal Contract Tower,0,33,3,0,36,0,122,28,0,150,0,155,31,0,186,6,0,6,192
09/07/2018,HUM,LA,ASW,CE,Federal Contract Tower,0,20,9,0,29,0,102,24,0,126,0,122,33,0,155,16,0,16,171
09/08/2018,HUM,LA,ASW,CE,Federal Contract Tower,0,14,3,0,17,0,90,39,0,129,0,104,42,0,146,26,0,26,172
09/09/2018,HUM,LA,ASW,CE,Federal Contract Tower,0,10,3,0,13,0,59,18,0,77,0,69,21,0,90,6,0,6,96
09/10/2018,HUM,LA,ASW,CE,Federal Contract Tower,0,28,7,0,35,0,118,42,0,160,0,146,49,0,195,16,0,16,211
09/11/2018,HUM,LA,ASW,CE,Federal Contract Tower,0,24,13,0,37,0,128,27,0,155,0,152,40,0,192,14,0,14,206
09/12/2018,HUM,LA,ASW,CE,Federal Contract Tower,0,17,9,0,26,0,157,31,0,188,0,174,40,0,214,2,0,2,216
09/13/2018,HUM,LA,ASW,CE,Federal Contract Tower,0,26,7,0,33,0,114,44,0,158,0,140,51,0,191,22,0,22,213
09/14/2018,HUM,LA,ASW,CE,Federal Contract Tower,0,25,7,0,32,0,94,68,0,162,0,119,75,0,194,38,0,38,232
09/15/2018,HUM,LA,ASW,CE,Federal Contract Tower,0,9,7,0,16,0,114,66,0,180,0,123,73,0,196,62,0,62,258
09/16/2018,HUM,LA,ASW,CE,Federal Contract Tower,0,4,8,0,12,0,86,48,2,136,0,90,56,2,148,50,2,52,200
09/17/2018,HUM,LA,ASW,CE,Federal Contract Tower,0,28,11,1,40,0,131,27,1,159,0,159,38,2,199,8,0,8,207
09/18/2018,HUM,LA,ASW,CE,Federal Contract Tower,0,26,9,1,36,0,170,45,0,215,0,196,54,1,251,0,0,0,251
09/19/2018,HUM,LA,ASW,CE,Federal Contract Tower,0,29,10,4,43,0,154,36,2,192,0,183,46,6,235,10,0,10,245
09/20/2018,HUM,LA,ASW,CE,Federal Contract Tower,0,36,15,0,51,0,152,36,0,188,0,188,51,0,239,2,0,2,241
09/21/2018,HUM,LA,ASW,CE,Federal Contract Tower,0,27,11,0,38,0,113,36,0,149,0,140,47,0,187,22,0,22,209
09/22/2018,HUM,LA,ASW,CE,Federal Contract Tower,0,5,4,0,9,0,72,30,0,102,0,77,34,0,111,68,0,68,179
09/23/2018,HUM,LA,ASW,CE,Federal Contract Tower,0,7,5,0,12,0,67,18,0,85,0,74,23,0,97,16,0,16,113
09/24/2018,HUM,LA,ASW,CE,Federal Contract Tower,0,33,7,0,40,0,139,19,0,158,0,172,26,0,198,0,0,0,198
09/25/2018,HUM,LA,ASW,CE,Federal Contract Tower,0,27,14,0,41,0,143,20,0,163,0,170,34,0,204,4,0,4,208
09/26/2018,HUM,LA,ASW,CE,Federal Contract Tower,0,36,10,0,46,0,92,16,0,108,0,128,26,0,154,2,0,2,156
09/27/2018,HUM,LA,ASW,CE,Federal Contract Tower,0,44,12,0,56,0,77,9,0,86,0,121,21,0,142,0,0,0,142
09/28/2018,HUM,LA,ASW,CE,Federal Contract Tower,0,32,8,0,40,0,113,18,0,131,0,145,26,0,171,2,0,2,173
09/29/2018,HUM,LA,ASW,CE,Federal Contract Tower,0,31,2,0,33,0,57,8,0,65,0,88,10,0,98,6,0,6,104
09/30/2018,HUM,LA,ASW,CE,Federal Contract Tower,0,17,8,0,25,0,71,11,0,82,0,88,19,0,107,10,0,10,117
10/01/2018,HUM,LA,ASW,CE,Federal Contract Tower,0,26,14,0,40,0,113,43,0,156,0,139,57,0,196,26,0,26,222
10/02/2018,HUM,LA,ASW,CE,Federal Contract Tower,0,32,24,0,56,0,126,51,0,177,0,158,75,0,233,14,0,14,247
10/03/2018,HUM,LA,ASW,CE,Federal Contract Tower,0,19,8,0,27,0,162,29,2,193,0,181,37,2,220,10,2,12,232
10/04/2018,HUM,LA,ASW,CE,Federal Contract Tower,0,22,10,0,32,0,129,47,0,176,0,151,57,0,208,4,0,4,212
10/05/2018,HUM,LA,ASW,CE,Federal Contract Tower,0,21,10,0,31,0,90,35,0,125,0,111,45,0,156,2,0,2,158
10/06/2018,HUM,LA,ASW,CE,Federal Contract Tower,0,16,7,0,23,0,67,29,0,96,0,83,36,0,119,41,0,41,160
10/07/2018,HUM,LA,ASW,CE,Federal Contract Tower,0,13,7,0,20,0,101,37,0,138,0,114,44,0,158,4,0,4,162
10/08/2018,HUM,LA,ASW,CE,Federal Contract Tower,0,46,10,0,56,0,155,24,0,179,0,201,34,0,235,0,0,0,235
10/09/2018,HUM,LA,ASW,CE,Federal Contract Tower,0,25,18,0,43,0,79,31,0,110,0,104,49,0,153,30,0,30,183
10/10/2018,HUM,LA,ASW,CE,Federal Contract Tower,0,22,12,0,34,0,109,28,0,137,0,131,40,0,171,4,0,4,175
10/11/2018,HUM,LA,ASW,CE,Federal Contract Tower,0,29,11,0,40,0,201,59,0,260,0,230,70,0,300,41,0,41,341
10/12/2018,HUM,LA,ASW,CE,Federal Contract Tower,0,14,7,0,21,0,160,54,0,214,0,174,61,0,235,40,0,40,275
10/13/2018,HUM,LA,ASW,CE,Federal Contract Tower,0,9,5,0,14,0,86,90,0,176,0,95,95,0,190,78,0,78,268
10/14/2018,HUM,LA,ASW,CE,Federal Contract Tower,0,5,18,0,23,0,48,15,0,63,0,53,33,0,86,10,0,10,96
10/15/2018,HUM,LA,ASW,CE,Federal Contract Tower,0,39,18,2,59,0,115,33,0,148,0,154,51,2,207,0,0,0,207
10/16/2018,HUM,LA,ASW,CE,Federal Contract Tower,0,49,10,0,59,0,120,19,0,139,0,169,29,0,198,0,0,0,198
10/17/2018,HUM,LA,ASW,CE,Federal Contract Tower,0,75,18,2,95,0,1,1,0,2,0,76,19,2,97,0,0,0,97
10/18/2018,HUM,LA,ASW,CE,Federal Contract Tower,0,36,14,0,50,0,161,63,0,224,0,197,77,0,274,2,0,2,276
10/19/2018,HUM,LA,ASW,CE,Federal Contract Tower,0,21,19,0,40,0,119,41,0,160,0,140,60,0,200,21,0,21,221
10/20/2018,HUM,LA,ASW,CE,Federal Contract Tower,0,15,4,0,19,0,36,28,0,64,0,51,32,0,83,28,0,28,111
10/21/2018,HUM,LA,ASW,CE,Federal Contract Tower,0,7,7,0,14,0,49,18,0,67,0,56,25,0,81,2,0,2,83
10/22/2018,HUM,LA,ASW,CE,Federal Contract Tower,0,26,17,0,43,0,115,48,0,163,0,141,65,0,206,32,0,32,238
10/23/2018,HUM,LA,ASW,CE,Federal Contract Tower,0,54,12,0,66,0,7,0,0,7,0,61,12,0,73,0,0,0,73
10/24/2018,HUM,LA,ASW,CE,Federal Contract Tower,0,25,15,0,40,0,172,29,0,201,0,197,44,0,241,0,0,0,241
10/25/2018,HUM,LA,ASW,CE,Federal Contract Tower,0,42,11,0,53,0,51,8,3,62,0,93,19,3,115,0,0,0,115
10/26/2018,HUM,LA,ASW,CE,Federal Contract Tower,0,28,17,0,45,0,92,54,1,147,0,120,71,1,192,6,0,6,198
10/27/2018,HUM,LA,ASW,CE,Federal Contract Tower,0,8,4,0,12,0,69,33,0,102,0,77,37,0,114,0,0,0,114
10/28/2018,HUM,LA,ASW,CE,Federal Contract Tower,0,13,14,0,27,0,84,36,0,120,0,97,50,0,147,29,0,29,176
10/29/2018,HUM,LA,ASW,CE,Federal Contract Tower,0,44,7,0,51,0,130,41,1,172,0,174,48,1,223,4,0,4,227
10/30/2018,HUM,LA,ASW,CE,Federal Contract Tower,0,40,7,0,47,0,94,18,0,112,0,134,25,0,159,0,0,0,159
10/31/2018,HUM,LA,ASW,CE,Federal Contract Tower,0,29,7,0,36,0,141,41,0,182,0,170,48,0,218,22,0,22,240
11/01/2018,HUM,LA,ASW,CE,Federal Contract Tower,0,28,12,0,40,0,55,18,0,73,0,83,30,0,113,28,0,28,141
11/02/2018,HUM,LA,ASW,CE,Federal Contract Tower,0,30,18,0,48,0,146,38,0,184,0,176,56,0,232,4,0,4,236
11/03/2018,HUM,LA,ASW,CE,Federal Contract Tower,0,6,12,1,19,0,89,97,0,186,0,95,109,1,205,20,18,38,243
11/04/2018,HUM,LA,ASW,CE,Federal Contract Tower,0,8,14,0,22,0,39,10,0,49,0,47,24,0,71,2,0,2,73
11/05/2018,HUM,LA,ASW,CE,Federal Contract Tower,0,36,15,0,51,0,99,14,0,113,0,135,29,0,164,24,0,24,188
11/06/2018,HUM,LA,ASW,CE,Federal Contract Tower,0,47,19,0,66,0,56,9,0,65,0,103,28,0,131,22,0,22,153
11/07/2018,HUM,LA,ASW,CE,Federal Contract Tower,0,53,17,0,70,0,104,8,0,112,0,157,25,0,182,52,0,52,234
11/08/2018,HUM,LA,ASW,CE,Federal Contract Tower,0,33,14,0,47,0,121,21,0,142,0,154,35,0,189,4,0,4,193
11/09/2018,HUM,LA,ASW,CE,Federal Contract Tower,0,24,11,0,35,0,0,0,0,0,0,24,11,0,35,0,0,0,35
11/10/2018,HUM,LA,ASW,CE,Federal Contract Tower,0,13,4,0,17,0,97,55,0,152,0,110,59,0,169,30,0,30,199
11/11/2018,HUM,LA,ASW,CE,Federal Contract Tower,0,10,10,0,20,0,62,13,0,75,0,72,23,0,95,37,0,37,132
11/12/2018,HUM,LA,ASW,CE,Federal Contract Tower,0,33,12,0,45,0,24,3,0,27,0,57,15,0,72,0,0,0,72
11/13/2018,HUM,LA,ASW,CE,Federal Contract Tower,0,93,12,4,109,0,0,0,0,0,0,93,12,4,109,0,0,0,109
11/14/2018,HUM,LA,ASW,CE,Federal Contract Tower,0,37,17,0,54,0,113,25,0,138,0,150,42,0,192,4,0,4,196
11/15/2018,HUM,LA,ASW,CE,Federal Contract Tower,0,7,16,0,23,0,181,52,0,233,0,188,68,0,256,24,0,24,280
11/16/2018,HUM,LA,ASW,CE,Federal Contract Tower,0,15,12,0,27,0,99,76,0,175,0,114,88,0,202,28,0,28,230
11/17/2018,HUM,LA,ASW,CE,Federal Contract Tower,0,3,12,0,15,0,98,58,0,156,0,101,70,0,171,38,0,38,209
11/18/2018,HUM,LA,ASW,CE,Federal Contract Tower,0,8,13,0,21,0,90,17,0,107,0,98,30,0,128,51,0,51,179
11/19/2018,HUM,LA,ASW,CE,Federal Contract Tower,0,24,9,0,33,0,116,22,2,140,0,140,31,2,173,20,0,20,193
11/20/2018,HUM,LA,ASW,CE,Federal Contract Tower,0,59,9,0,68,0,67,16,0,83,0,126,25,0,151,4,0,4,155
11/21/2018,HUM,LA,ASW,CE,Federal Contract Tower,0,23,10,0,33,0,165,45,0,210,0,188,55,0,243,24,0,24,267
11/22/2018,HUM,LA,ASW,CE,Federal Contract Tower,0,29,3,0,32,0,75,13,0,88,0,104,16,0,120,6,0,6,126
11/23/2018,HUM,LA,ASW,CE,Federal Contract Tower,0,19,7,0,26,0,58,41,0,99,0,77,48,0,125,67,0,67,192
11/24/2018,HUM,LA,ASW,CE,Federal Contract Tower,0,17,14,0,31,0,47,20,0,67,0,64,34,0,98,17,0,17,115
11/25/2018,HUM,LA,ASW,CE,Federal Contract Tower,0,17,9,0,26,0,40,4,0,44,0,57,13,0,70,0,0,0,70
11/26/2018,HUM,LA,ASW,CE,Federal Contract Tower,0,27,13,0,40,0,167,42,0,209,0,194,55,0,249,18,0,18,267
11/27/2018,HUM,LA,ASW,CE,Federal Contract Tower,0,23,8,0,31,0,163,52,0,215,0,186,60,0,246,22,0,22,268
11/28/2018,HUM,LA,ASW,CE,Federal Contract Tower,0,27,18,0,45,0,167,62,0,229,0,194,80,0,274,28,0,28,302
11/29/2018,HUM,LA,ASW,CE,Federal Contract Tower,0,37,17,0,54,0,91,14,0,105,0,128,31,0,159,10,0,10,169
11/30/2018,HUM,LA,ASW,CE,Federal Contract Tower,0,29,10,0,39,0,108,26,0,134,0,137,36,0,173,20,0,20,193
12/01/2018,HUM,LA,ASW,CE,Federal Contract Tower,0,21,4,0,25,0,28,12,0,40,0,49,16,0,65,22,0,22,87
12/02/2018,HUM,LA,ASW,CE,Federal Contract Tower,0,20,5,0,25,0,73,38,0,111,0,93,43,0,136,31,0,31,167
12/03/2018,HUM,LA,ASW,CE,Federal Contract Tower,0,29,5,1,35,0,104,31,3,138,0,133,36,4,173,8,6,14,187
12/05/2018,HUM,LA,ASW,CE,Federal Contract Tower,0,20,5,0,25,0,145,46,0,191,0,165,51,0,216,38,0,38,254
12/06/2018,HUM,LA,ASW,CE,Federal Contract Tower,0,15,9,0,24,0,140,39,0,179,0,155,48,0,203,12,0,12,215
12/07/2018,HUM,LA,ASW,CE,Federal Contract Tower,0,18,10,0,28,0,101,29,0,130,0,119,39,0,158,23,0,23,181
12/08/2018,HUM,LA,ASW,CE,Federal Contract Tower,0,9,2,0,11,0,2,0,0,2,0,11,2,0,13,0,0,0,13
12/09/2018,HUM,LA,ASW,CE,Federal Contract Tower,0,23,14,0,37,0,71,14,0,85,0,94,28,0,122,38,0,38,160
12/10/2018,HUM,LA,ASW,CE,Federal Contract Tower,0,26,12,0,38,0,140,28,0,168,0,166,40,0,206,28,0,28,234
12/11/2018,HUM,LA,ASW,CE,Federal Contract Tower,0,14,15,0,29,0,156,55,0,211,0,170,70,0,240,14,0,14,254
12/12/2018,HUM,LA,ASW,CE,Federal Contract Tower,0,21,14,0,35,0,164,32,0,196,0,185,46,0,231,36,0,36,267
12/13/2018,HUM,LA,ASW,CE,Federal Contract Tower,0,39,4,2,45,0,38,11,0,49,0,77,15,2,94,1,1,2,96
12/14/2018,HUM,LA,ASW,CE,Federal Contract Tower,0,24,11,0,35,0,90,27,1,118,0,114,38,1,153,18,2,20,173
12/15/2018,HUM,LA,ASW,CE,Federal Contract Tower,0,25,13,0,38,0,47,11,0,58,0,72,24,0,96,36,0,36,132
12/16/2018,HUM,LA,ASW,CE,Federal Contract Tower,0,18,18,0,36,0,76,50,0,126,0,94,68,0,162,12,0,12,174
12/17/2018,HUM,LA,ASW,CE,Federal Contract Tower,0,31,13,0,44,0,124,38,0,162,0,155,51,0,206,26,0,26,232
12/18/2018,HUM,LA,ASW,CE,Federal Contract Tower,0,29,17,0,46,0,124,42,0,166,0,153,59,0,212,21,0,21,233
12/19/2018,HUM,LA,ASW,CE,Federal Contract Tower,0,0,51,12,63,0,85,7,0,92,0,85,58,12,155,12,0,12,167
12/20/2018,HUM,LA,ASW,CE,Federal Contract Tower,0,63,15,0,78,0,13,0,0,13,0,76,15,0,91,2,0,2,93
12/21/2018,HUM,LA,ASW,CE,Federal Contract Tower,0,13,7,0,20,0,109,48,0,157,0,122,55,0,177,29,0,29,206
12/22/2018,HUM,LA,ASW,CE,Federal Contract Tower,0,11,2,0,13,0,94,47,0,141,0,105,49,0,154,42,0,42,196
12/23/2018,HUM,LA,ASW,CE,Federal Contract Tower,0,6,8,0,14,0,63,37,0,100,0,69,45,0,114,35,0,35,149
12/24/2018,HUM,LA,ASW,CE,Federal Contract Tower,0,20,4,0,24,0,49,18,0,67,0,69,22,0,91,12,0,12,103
12/25/2018,HUM,LA,ASW,CE,Federal Contract Tower,0,30,1,0,31,0,61,10,0,71,0,91,11,0,102,22,0,22,124
12/26/2018,HUM,LA,ASW,CE,Federal Contract Tower,0,37,11,0,48,0,116,16,0,132,0,153,27,0,180,0,0,0,180
12/27/2018,HUM,LA,ASW,CE,Federal Contract Tower,0,45,9,0,54,0,19,1,0,20,0,64,10,0,74,0,0,0,74
12/28/2018,HUM,LA,ASW,CE,Federal Contract Tower,0,26,15,0,41,0,60,19,0,79,0,86,34,0,120,4,0,4,124
12/29/2018,HUM,LA,ASW,CE,Federal Contract Tower,0,0,14,3,17,0,0,0,0,0,0,0,14,3,17,0,0,0,17
12/31/2018,HUM,LA,ASW,CE,Federal Contract Tower,0,72,10,0,82,0,67,4,0,71,0,139,14,0,153,8,0,8,161
01/01/2019,HUM,LA,ASW,CE,Federal Contract Tower,0,73,3,0,76,0,1,0,3,4,0,74,3,3,80,6,0,6,86
01/02/2019,HUM,LA,ASW,CE,Federal Contract Tower,0,29,4,0,33,0,0,0,0,0,0,29,4,0,33,0,0,0,33
01/03/2019,HUM,LA,ASW,CE,Federal Contract Tower,0,93,6,0,99,0,59,5,0,64,0,152,11,0,163,2,0,2,165
01/04/2019,HUM,LA,ASW,CE,Federal Contract Tower,0,20,14,0,34,0,173,34,0,207,0,193,48,0,241,17,0,17,258
01/05/2019,HUM,LA,ASW,CE,Federal Contract Tower,0,3,7,0,10,0,74,39,0,113,0,77,46,0,123,51,0,51,174
01/06/2019,HUM,LA,ASW,CE,Federal Contract Tower,0,10,7,0,17,0,69,35,0,104,0,79,42,0,121,40,0,40,161
01/07/2019,HUM,LA,ASW,CE,Federal Contract Tower,0,29,12,0,41,0,128,27,0,155,0,157,39,0,196,0,0,0,196
01/08/2019,HUM,LA,ASW,CE,Federal Contract Tower,0,29,9,0,38,0,124,28,0,152,0,153,37,0,190,2,0,2,192
01/09/2019,HUM,LA,ASW,CE,Federal Contract Tower,0,22,9,0,31,0,167,22,0,189,0,189,31,0,220,6,0,6,226
01/10/2019,HUM,LA,ASW,CE,Federal Contract Tower,0,12,13,0,25,0,150,31,0,181,0,162,44,0,206,9,2,11,217
01/11/2019,HUM,LA,ASW,CE,Federal Contract Tower,0,14,8,0,22,0,87,40,0,127,0,101,48,0,149,37,0,37,186
01/12/2019,HUM,LA,ASW,CE,Federal Contract Tower,0,14,6,0,20,0,52,8,0,60,0,66,14,0,80,2,0,2,82
01/13/2019,HUM,LA,ASW,CE,Federal Contract Tower,0,13,8,0,21,0,79,31,0,110,0,92,39,0,131,14,0,14,145
01/14/2019,HUM,LA,ASW,CE,Federal Contract Tower,0,43,12,0,55,0,108,24,0,132,0,151,36,0,187,0,0,0,187
01/15/2019,HUM,LA,ASW,CE,Federal Contract Tower,0,45,14,0,59,0,102,20,0,122,0,147,34,0,181,2,0,2,183
01/16/2019,HUM,LA,ASW,CE,Federal Contract Tower,0,22,11,0,33,0,163,44,0,207,0,185,55,0,240,68,0,68,308
01/17/2019,HUM,LA,ASW,CE,Federal Contract Tower,0,33,10,0,43,0,124,16,2,142,0,157,26,2,185,4,0,4,189
01/18/2019,HUM,LA,ASW,CE,Federal Contract Tower,0,35,22,0,57,0,64,15,0,79,0,99,37,0,136,4,0,4,140
01/19/2019,HUM,LA,ASW,CE,Federal Contract Tower,0,10,2,0,12,0,51,2,0,53,0,61,4,0,65,2,0,2,67
01/20/2019,HUM,LA,ASW,CE,Federal Contract Tower,0,4,9,0,13,0,63,31,0,94,0,67,40,0,107,0,0,0,107
01/21/2019,HUM,LA,ASW,CE,Federal Contract Tower,0,29,8,0,37,0,142,29,0,171,0,171,37,0,208,0,0,0,208
01/22/2019,HUM,LA,ASW,CE,Federal Contract Tower,0,26,11,0,37,0,142,30,0,172,0,168,41,0,209,10,0,10,219
01/23/2019,HUM,LA,ASW,CE,Federal Contract Tower,0,38,6,0,44,0,18,0,0,18,0,56,6,0,62,2,0,2,64
01/24/2019,HUM,LA,ASW,CE,Federal Contract Tower,0,31,14,0,45,0,169,39,0,208,0,200,53,0,253,18,0,18,271
01/25/2019,HUM,LA,ASW,CE,Federal Contract Tower,0,17,16,0,33,0,115,27,0,142,0,132,43,0,175,4,0,4,179
01/26/2019,HUM,LA,ASW,CE,Federal Contract Tower,0,6,8,0,14,0,73,40,0,113,0,79,48,0,127,17,0,17,144
01/27/2019,HUM,LA,ASW,CE,Federal Contract Tower,0,13,15,0,28,0,60,27,0,87,0,73,42,0,115,39,0,39,154
01/28/2019,HUM,LA,ASW,CE,Federal Contract Tower,0,18,9,0,27,0,114,28,2,144,0,132,37,2,171,12,6,18,189
01/29/2019,HUM,LA,ASW,CE,Federal Contract Tower,0,15,8,0,23,0,94,14,2,110,0,109,22,2,133,8,22,30,163
01/30/2019,HUM,LA,ASW,CE,Federal Contract Tower,0,26,7,0,33,0,160,36,0,196,0,186,43,0,229,14,0,14,243
01/31/2019,HUM,LA,ASW,CE,Federal Contract Tower,0,24,13,0,37,0,120,28,0,148,0,144,41,0,185,24,0,24,209
02/01/2019,HUM,LA,ASW,CE,Federal Contract Tower,0,47,15,0,62,0,25,13,5,43,0,72,28,5,105,2,18,20,125
02/02/2019,HUM,LA,ASW,CE,Federal Contract Tower,0,13,5,0,18,0,12,20,0,32,0,25,25,0,50,40,0,40,90
02/03/2019,HUM,LA,ASW,CE,Federal Contract Tower,0,40,12,0,52,0,25,9,0,34,0,65,21,0,86,14,0,14,100
02/04/2019,HUM,LA,ASW,CE,Federal Contract Tower,0,54,16,0,70,0,0,0,0,0,0,54,16,0,70,0,0,0,70
02/05/2019,HUM,LA,ASW,CE,Federal Contract Tower,0,38,12,0,50,0,12,1,2,15,0,50,13,2,65,0,11,11,76
02/06/2019,HUM,LA,ASW,CE,Federal Contract Tower,0,60,10,2,72,0,73,19,8,100,0,133,29,10,172,16,0,16,188
02/07/2019,HUM,LA,ASW,CE,Federal Contract Tower,0,52,17,0,69,0,106,32,0,138,0,158,49,0,207,0,0,0,207
02/08/2019,HUM,LA,ASW,CE,Federal Contract Tower,0,36,10,0,46,0,85,18,0,103,0,121,28,0,149,8,0,8,157
02/09/2019,HUM,LA,ASW,CE,Federal Contract Tower,0,6,6,0,12,0,87,34,0,121,0,93,40,0,133,10,0,10,143
02/10/2019,HUM,LA,ASW,CE,Federal Contract Tower,0,21,12,0,33,0,72,17,0,89,0,93,29,0,122,12,0,12,134
02/11/2019,HUM,LA,ASW,CE,Federal Contract Tower,0,91,9,0,100,0,9,3,0,12,0,100,12,0,112,2,0,2,114
02/12/2019,HUM,LA,ASW,CE,Federal Contract Tower,0,47,11,0,58,0,41,8,1,50,0,88,19,1,108,0,19,19,127
02/13/2019,HUM,LA,ASW,CE,Federal Contract Tower,0,22,8,0,30,0,174,59,0,233,0,196,67,0,263,34,10,44,307
02/14/2019,HUM,LA,ASW,CE,Federal Contract Tower,0,29,17,0,46,0,120,40,0,160,0,149,57,0,206,0,0,0,206
02/15/2019,HUM,LA,ASW,CE,Federal Contract Tower,0,34,4,2,40,0,98,25,0,123,0,132,29,2,163,14,0,14,177
02/16/2019,HUM,LA,ASW,CE,Federal Contract Tower,0,20,4,0,24,0,41,18,0,59,0,61,22,0,83,16,0,16,99
02/17/2019,HUM,LA,ASW,CE,Federal Contract Tower,0,38,18,0,56,0,12,10,0,22,0,50,28,0,78,2,0,2,80
02/18/2019,HUM,LA,ASW,CE,Federal Contract Tower,0,65,18,0,83,0,74,22,0,96,0,139,40,0,179,4,0,4,183
02/19/2019,HUM,LA,ASW,CE,Federal Contract Tower,0,57,13,0,70,0,18,0,0,18,0,75,13,0,88,0,0,0,88
02/20/2019,HUM,LA,ASW,CE,Federal Contract Tower,0,62,8,0,70,0,0,0,0,0,0,62,8,0,70,0,0,0,70
02/21/2019,HUM,LA,ASW,CE,Federal Contract Tower,0,68,9,0,77,0,16,9,0,25,0,84,18,0,102,14,0,14,116
02/22/2019,HUM,LA,ASW,CE,Federal Contract Tower,0,57,9,0,66,0,33,11,0,44,0,90,20,0,110,6,0,6,116
02/23/2019,HUM,LA,ASW,CE,Federal Contract Tower,0,25,7,0,32,0,10,0,0,10,0,35,7,0,42,12,0,12,54
02/24/2019,HUM,LA,ASW,CE,Federal Contract Tower,0,5,11,0,16,0,89,38,0,127,0,94,49,0,143,30,0,30,173
02/25/2019,HUM,LA,ASW,CE,Federal Contract Tower,0,24,8,0,32,0,193,36,0,229,0,217,44,0,261,38,0,38,299
02/26/2019,HUM,LA,ASW,CE,Federal Contract Tower,0,54,5,0,59,0,106,18,0,124,0,160,23,0,183,0,0,0,183
02/27/2019,HUM,LA,ASW,CE,Federal Contract Tower,0,28,10,0,38,0,97,15,0,112,0,125,25,0,150,6,0,6,156
02/28/2019,HUM,LA,ASW,CE,Federal Contract Tower,0,56,11,0,67,0,17,0,0,17,0,73,11,0,84,0,0,0,84
03/01/2019,HUM,LA,ASW,CE,Federal Contract Tower,0,67,21,0,88,0,65,7,0,72,0,132,28,0,160,8,0,8,168
03/02/2019,HUM,LA,ASW,CE,Federal Contract Tower,0,27,18,0,45,0,26,5,0,31,0,53,23,0,76,6,0,6,82
03/03/2019,HUM,LA,ASW,CE,Federal Contract Tower,0,26,6,0,32,0,19,1,0,20,0,45,7,0,52,0,0,0,52
03/04/2019,HUM,LA,ASW,CE,Federal Contract Tower,0,48,8,0,56,0,159,33,0,192,0,207,41,0,248,28,0,28,276
03/05/2019,HUM,LA,ASW,CE,Federal Contract Tower,0,13,10,0,23,0,157,33,0,190,0,170,43,0,213,30,0,30,243
03/06/2019,HUM,LA,ASW,CE,Federal Contract Tower,0,15,11,0,26,0,136,32,2,170,0,151,43,2,196,8,0,8,204
03/07/2019,HUM,LA,ASW,CE,Federal Contract Tower,0,23,16,0,39,0,122,45,2,169,0,145,61,2,208,30,0,30,238
03/08/2019,HUM,LA,ASW,CE,Federal Contract Tower,0,23,16,0,39,0,91,37,0,128,0,114,53,0,167,34,0,34,201
03/09/2019,HUM,LA,ASW,CE,Federal Contract Tower,0,18,12,0,30,0,60,14,1,75,0,78,26,1,105,14,0,14,119
03/10/2019,HUM,LA,ASW,CE,Federal Contract Tower,0,24,15,0,39,0,21,19,0,40,0,45,34,0,79,6,0,6,85
03/11/2019,HUM,LA,ASW,CE,Federal Contract Tower,0,53,12,0,65,0,45,28,0,73,0,98,40,0,138,10,0,10,148
03/12/2019,HUM,LA,ASW,CE,Federal Contract Tower,0,74,15,0,89,0,56,38,0,94,0,130,53,0,183,8,0,8,191
03/13/2019,HUM,LA,ASW,CE,Federal Contract Tower,0,69,14,0,83,0,116,26,0,142,0,185,40,0,225,14,0,14,239
03/14/2019,HUM,LA,ASW,CE,Federal Contract Tower,0,54,15,0,69,0,66,12,0,78,0,120,27,0,147,4,0,4,151
03/16/2019,HUM,LA,ASW,CE,Federal Contract Tower,0,19,7,0,26,0,44,16,0,60,0,63,23,0,86,26,0,26,112
03/17/2019,HUM,LA,ASW,CE,Federal Contract Tower,0,16,4,0,20,0,49,27,0,76,0,65,31,0,96,4,0,4,100
03/18/2019,HUM,LA,ASW,CE,Federal Contract Tower,0,37,7,0,44,0,136,22,2,160,0,173,29,2,204,2,0,2,206
03/19/2019,HUM,LA,ASW,CE,Federal Contract Tower,0,31,14,0,45,0,139,38,0,177,0,170,52,0,222,10,0,10,232
03/20/2019,HUM,LA,ASW,CE,Federal Contract Tower,0,23,12,0,35,0,175,39,0,214,0,198,51,0,249,16,0,16,265
03/21/2019,HUM,LA,ASW,CE,Federal Contract Tower,0,21,10,0,31,0,147,38,0,185,0,168,48,0,216,20,0,20,236
03/22/2019,HUM,LA,ASW,CE,Federal Contract Tower,0,15,22,0,37,0,121,47,0,168,0,136,69,0,205,17,0,17,222
03/23/2019,HUM,LA,ASW,CE,Federal Contract Tower,0,6,2,0,8,0,38,38,0,76,0,44,40,0,84,65,0,65,149
03/24/2019,HUM,LA,ASW,CE,Federal Contract Tower,0,7,20,0,27,0,62,32,0,94,0,69,52,0,121,11,0,11,132
03/25/2019,HUM,LA,ASW,CE,Federal Contract Tower,0,31,11,0,42,0,130,24,0,154,0,161,35,0,196,58,0,58,254
03/26/2019,HUM,LA,ASW,CE,Federal Contract Tower,0,29,13,0,42,0,130,40,0,170,0,159,53,0,212,90,0,90,302
03/27/2019,HUM,LA,ASW,CE,Federal Contract Tower,0,20,14,2,36,0,174,49,0,223,0,194,63,2,259,28,0,28,287
03/28/2019,HUM,LA,ASW,CE,Federal Contract Tower,0,26,12,0,38,0,118,31,0,149,0,144,43,0,187,22,0,22,209
03/29/2019,HUM,LA,ASW,CE,Federal Contract Tower,0,21,16,0,37,0,97,37,0,134,0,118,53,0,171,26,0,26,197
03/30/2019,HUM,LA,ASW,CE,Federal Contract Tower,0,9,4,0,13,0,80,25,0,105,0,89,29,0,118,46,0,46,164
03/31/2019,HUM,LA,ASW,CE,Federal Contract Tower,0,23,16,0,39,0,17,10,0,27,0,40,26,0,66,22,0,22,88
04/01/2019,HUM,LA,ASW,CE,Federal Contract Tower,0,35,9,0,44,0,133,46,0,179,0,168,55,0,223,26,0,26,249
04/02/2019,HUM,LA,ASW,CE,Federal Contract Tower,0,23,10,0,33,0,141,71,0,212,0,164,81,0,245,18,0,18,263
04/03/2019,HUM,LA,ASW,CE,Federal Contract Tower,0,19,9,0,28,0,177,54,0,231,0,196,63,0,259,24,0,24,283
04/04/2019,HUM,LA,ASW,CE,Federal Contract Tower,0,40,11,0,51,0,15,1,0,16,0,55,12,0,67,0,0,0,67
04/05/2019,HUM,LA,ASW,CE,Federal Contract Tower,0,60,3,0,63,0,38,7,0,45,0,98,10,0,108,2,0,2,110
04/06/2019,HUM,LA,ASW,CE,Federal Contract Tower,0,23,9,0,32,0,34,16,0,50,0,57,25,0,82,14,0,14,96
04/07/2019,HUM,LA,ASW,CE,Federal Contract Tower,0,28,10,0,38,0,30,4,0,34,0,58,14,0,72,10,0,10,82
04/08/2019,HUM,LA,ASW,CE,Federal Contract Tower,0,43,11,0,54,0,92,9,0,101,0,135,20,0,155,4,0,4,159
04/09/2019,HUM,LA,ASW,CE,Federal Contract Tower,0,24,12,0,36,0,138,58,0,196,0,162,70,0,232,10,0,10,242
04/10/2019,HUM,LA,ASW,CE,Federal Contract Tower,0,8,12,0,20,0,184,58,0,242,0,192,70,0,262,36,0,36,298
04/11/2019,HUM,LA,ASW,CE,Federal Contract Tower,0,25,10,1,36,0,111,37,0,148,0,136,47,1,184,12,0,12,196
04/12/2019,HUM,LA,ASW,CE,Federal Contract Tower,0,29,12,0,41,0,100,39,1,140,0,129,51,1,181,33,0,33,214
04/13/2019,HUM,LA,ASW,CE,Federal Contract Tower,0,22,3,0,25,0,27,2,0,29,0,49,5,0,54,0,0,0,54
04/14/2019,HUM,LA,ASW,CE,Federal Contract Tower,0,12,10,0,22,0,75,28,0,103,0,87,38,0,125,38,0,38,163
04/15/2019,HUM,LA,ASW,CE,Federal Contract Tower,0,19,15,0,34,0,183,74,0,257,0,202,89,0,291,18,0,18,309
04/16/2019,HUM,LA,ASW,CE,Federal Contract Tower,0,20,14,0,34,0,166,47,0,213,0,186,61,0,247,24,0,24,271
04/17/2019,HUM,LA,ASW,CE,Federal Contract Tower,0,28,13,0,41,0,178,53,0,231,0,206,66,0,272,21,0,21,293
04/18/2019,HUM,LA,ASW,CE,Federal Contract Tower,0,27,6,0,33,0,72,2,0,74,0,99,8,0,107,2,0,2,109
04/19/2019,HUM,LA,ASW,CE,Federal Contract Tower,0,13,0,0,13,0,90,31,0,121,0,103,31,0,134,6,0,6,140
04/20/2019,HUM,LA,ASW,CE,Federal Contract Tower,0,3,5,0,8,0,67,32,0,99,0,70,37,0,107,18,0,18,125
04/21/2019,HUM,LA,ASW,CE,Federal Contract Tower,0,5,6,0,11,0,70,37,0,107,0,75,43,0,118,22,0,22,140
04/22/2019,HUM,LA,ASW,CE,Federal Contract Tower,0,25,21,4,50,0,147,56,0,203,0,172,77,4,253,4,0,4,257
04/23/2019,HUM,LA,ASW,CE,Federal Contract Tower,0,29,8,0,37,0,166,59,0,225,0,195,67,0,262,0,0,0,262
04/24/2019,HUM,LA,ASW,CE,Federal Contract Tower,0,51,10,0,61,0,125,42,2,169,0,176,52,2,230,32,0,32,262
04/25/2019,HUM,LA,ASW,CE,Federal Contract Tower,0,23,8,0,31,0,34,5,0,39,0,57,13,0,70,4,0,4,74
04/26/2019,HUM,LA,ASW,CE,Federal Contract Tower,0,13,27,1,41,0,136,43,1,180,0,149,70,2,221,9,0,9,230
04/27/2019,HUM,LA,ASW,CE,Federal Contract Tower,0,2,12,0,14,0,92,54,0,146,0,94,66,0,160,40,0,40,200
04/28/2019,HUM,LA,ASW,CE,Federal Contract Tower,0,6,11,0,17,0,58,35,0,93,0,64,46,0,110,24,0,24,134
04/29/2019,HUM,LA,ASW,CE,Federal Contract Tower,0,29,22,0,51,0,124,48,0,172,0,153,70,0,223,24,0,24,247
04/30/2019,HUM,LA,ASW,CE,Federal Contract Tower,0,41,15,0,56,0,105,45,0,150,0,146,60,0,206,12,0,12,218
05/01/2019,HUM,LA,ASW,CE,Federal Contract Tower,0,42,21,0,63,0,132,40,0,172,0,174,61,0,235,14,0,14,249
05/02/2019,HUM,LA,ASW,CE,Federal Contract Tower,0,30,12,0,42,0,120,45,0,165,0,150,57,0,207,56,0,56,263
05/03/2019,HUM,LA,ASW,CE,Federal Contract Tower,0,40,20,0,60,0,72,35,0,107,0,112,55,0,167,36,0,36,203
05/04/2019,HUM,LA,ASW,CE,Federal Contract Tower,0,17,6,0,23,0,20,2,0,22,0,37,8,0,45,0,0,0,45
05/05/2019,HUM,LA,ASW,CE,Federal Contract Tower,0,11,15,0,26,0,82,39,0,121,0,93,54,0,147,48,0,48,195
05/06/2019,HUM,LA,ASW,CE,Federal Contract Tower,0,23,8,2,33,0,129,57,0,186,0,152,65,2,219,38,0,38,257
05/07/2019,HUM,LA,ASW,CE,Federal Contract Tower,0,38,20,0,58,0,114,63,1,178,0,152,83,1,236,28,0,28,264
05/08/2019,HUM,LA,ASW,CE,Federal Contract Tower,0,38,13,0,51,0,124,25,0,149,0,162,38,0,200,6,0,6,206
05/09/2019,HUM,LA,ASW,CE,Federal Contract Tower,0,57,17,0,74,0,92,22,0,114,0,149,39,0,188,10,0,10,198
05/10/2019,HUM,LA,ASW,CE,Federal Contract Tower,0,28,10,0,38,0,58,11,0,69,0,86,21,0,107,4,0,4,111
05/11/2019,HUM,LA,ASW,CE,Federal Contract Tower,0,28,2,0,30,0,68,8,0,76,0,96,10,0,106,4,0,4,110
05/12/2019,HUM,LA,ASW,CE,Federal Contract Tower,0,17,1,0,18,0,44,12,0,56,0,61,13,0,74,8,0,8,82
05/13/2019,HUM,LA,ASW,CE,Federal Contract Tower,0,44,9,0,53,0,122,40,0,162,0,166,49,0,215,6,0,6,221
05/14/2019,HUM,LA,ASW,CE,Federal Contract Tower,0,36,19,0,55,0,127,49,0,176,0,163,68,0,231,16,0,16,247
05/15/2019,HUM,LA,ASW,CE,Federal Contract Tower,0,28,10,0,38,0,152,50,0,202,0,180,60,0,240,8,0,8,248
05/16/2019,HUM,LA,ASW,CE,Federal Contract Tower,0,18,19,0,37,0,144,65,0,209,0,162,84,0,246,28,0,28,274
05/17/2019,HUM,LA,ASW,CE,Federal Contract Tower,0,15,16,0,31,0,108,53,3,164,0,123,69,3,195,16,2,18,213
05/18/2019,HUM,LA,ASW,CE,Federal Contract Tower,0,9,1,0,10,0,47,16,0,63,0,56,17,0,73,6,0,6,79
05/19/2019,HUM,LA,ASW,CE,Federal Contract Tower,0,16,11,0,27,0,18,4,0,22,0,34,15,0,49,4,0,4,53
05/20/2019,HUM,LA,ASW,CE,Federal Contract Tower,0,61,8,0,69,0,77,27,0,104,0,138,35,0,173,6,0,6,179
05/21/2019,HUM,LA,ASW,CE,Federal Contract Tower,0,34,12,0,46,0,140,26,0,166,0,174,38,0,212,6,0,6,218
05/22/2019,HUM,LA,ASW,CE,Federal Contract Tower,0,38,16,0,54,0,145,26,0,171,0,183,42,0,225,4,0,4,229
05/23/2019,HUM,LA,ASW,CE,Federal Contract Tower,0,30,11,0,41,0,120,46,0,166,0,150,57,0,207,8,0,8,215
05/24/2019,HUM,LA,ASW,CE,Federal Contract Tower,0,25,17,0,42,0,104,32,0,136,0,129,49,0,178,20,0,20,198
05/25/2019,HUM,LA,ASW,CE,Federal Contract Tower,0,7,6,0,13,0,85,19,0,104,0,92,25,0,117,22,0,22,139
05/26/2019,HUM,LA,ASW,CE,Federal Contract Tower,0,10,12,0,22,0,60,31,0,91,0,70,43,0,113,8,0,8,121
05/27/2019,HUM,LA,ASW,CE,Federal Contract Tower,0,32,17,0,49,0,109,30,0,139,0,141,47,0,188,4,0,4,192
05/28/2019,HUM,LA,ASW,CE,Federal Contract Tower,0,36,20,0,56,0,116,30,0,146,0,152,50,0,202,2,0,2,204
05/29/2019,HUM,LA,ASW,CE,Federal Contract Tower,0,39,13,0,52,0,127,36,0,163,0,166,49,0,215,18,0,18,233
05/30/2019,HUM,LA,ASW,CE,Federal Contract Tower,0,29,18,0,47,0,128,58,0,186,0,157,76,0,233,16,0,16,249
05/31/2019,HUM,LA,ASW,CE,Federal Contract Tower,0,25,14,0,39,0,95,34,0,129,0,120,48,0,168,8,0,8,176
06/01/2019,HUM,LA,ASW,CE,Federal Contract Tower,0,6,5,0,11,0,56,26,0,82,0,62,31,0,93,0,0,0,93
06/02/2019,HUM,LA,ASW,CE,Federal Contract Tower,0,10,14,0,24,0,70,26,0,96,0,80,40,0,120,8,0,8,128
06/03/2019,HUM,LA,ASW,CE,Federal Contract Tower,0,30,11,0,41,0,118,28,0,146,0,148,39,0,187,0,0,0,187
06/04/2019,HUM,LA,ASW,CE,Federal Contract Tower,0,37,13,0,50,0,136,31,0,167,0,173,44,0,217,10,0,10,227
06/05/2019,HUM,LA,ASW,CE,Federal Contract Tower,0,35,8,0,43,0,137,29,0,166,0,172,37,0,209,0,0,0,209
06/06/2019,HUM,LA,ASW,CE,Federal Contract Tower,0,41,6,0,47,0,83,14,0,97,0,124,20,0,144,2,0,2,146
06/07/2019,HUM,LA,ASW,CE,Federal Contract Tower,0,43,13,0,56,0,92,22,0,114,0,135,35,0,170,22,0,22,192
06/08/2019,HUM,LA,ASW,CE,Federal Contract Tower,0,19,6,1,26,0,111,30,0,141,0,130,36,1,167,12,0,12,179
06/09/2019,HUM,LA,ASW,CE,Federal Contract Tower,0,19,10,0,29,0,64,28,0,92,0,83,38,0,121,26,2,28,149
06/10/2019,HUM,LA,ASW,CE,Federal Contract Tower,0,34,10,0,44,0,130,39,0,169,0,164,49,0,213,6,0,6,219
06/11/2019,HUM,LA,ASW,CE,Federal Contract Tower,0,36,8,0,44,0,154,33,0,187,0,190,41,0,231,6,0,6,237
06/12/2019,HUM,LA,ASW,CE,Federal Contract Tower,0,43,23,0,66,0,152,41,0,193,0,195,64,0,259,4,0,4,263
06/13/2019,HUM,LA,ASW,CE,Federal Contract Tower,0,31,9,0,40,0,121,39,0,160,0,152,48,0,200,0,0,0,200
06/14/2019,HUM,LA,ASW,CE,Federal Contract Tower,0,30,14,0,44,0,123,59,0,182,0,153,73,0,226,50,0,50,276
06/16/2019,HUM,LA,ASW,CE,Federal Contract Tower,0,4,10,0,14,0,67,31,0,98,0,71,41,0,112,20,0,20,132
06/17/2019,HUM,LA,ASW,CE,Federal Contract Tower,0,41,6,0,47,0,75,27,0,102,0,116,33,0,149,0,0,0,149
06/18/2019,HUM,LA,ASW,CE,Federal Contract Tower,0,46,4,0,50,0,107,21,0,128,0,153,25,0,178,14,0,14,192
06/19/2019,HUM,LA,ASW,CE,Federal Contract Tower,0,43,8,2,53,0,165,37,0,202,0,208,45,2,255,24,0,24,279
06/20/2019,HUM,LA,ASW,CE,Federal Contract Tower,0,37,10,0,47,0,123,32,0,155,0,160,42,0,202,12,0,12,214
06/21/2019,HUM,LA,ASW,CE,Federal Contract Tower,0,22,16,0,38,0,111,26,0,137,0,133,42,0,175,6,0,6,181
06/22/2019,HUM,LA,ASW,CE,Federal Contract Tower,0,19,4,0,23,0,51,42,0,93,0,70,46,0,116,20,0,20,136
06/23/2019,HUM,LA,ASW,CE,Federal Contract Tower,0,14,10,0,24,0,63,36,0,99,0,77,46,0,123,28,0,28,151
06/24/2019,HUM,LA,ASW,CE,Federal Contract Tower,0,37,7,0,44,0,73,18,0,91,0,110,25,0,135,24,0,24,159
06/25/2019,HUM,LA,ASW,CE,Federal Contract Tower,0,40,15,0,55,0,128,31,0,159,0,168,46,0,214,4,0,4,218
06/26/2019,HUM,LA,ASW,CE,Federal Contract Tower,0,38,15,0,53,0,152,36,0,188,0,190,51,0,241,10,0,10,251
06/27/2019,HUM,LA,ASW,CE,Federal Contract Tower,0,38,16,0,54,0,127,51,0,178,0,165,67,0,232,10,0,10,242
06/28/2019,HUM,LA,ASW,CE,Federal Contract Tower,0,20,11,0,31,0,84,34,0,118,0,104,45,0,149,10,0,10,159
06/29/2019,HUM,LA,ASW,CE,Federal Contract Tower,0,17,7,0,24,0,84,34,0,118,0,101,41,0,142,46,0,46,188
06/30/2019,HUM,LA,ASW,CE,Federal Contract Tower,0,17,26,0,43,0,101,47,0,148,0,118,73,0,191,22,0,22,213
07/02/2019,HUM,LA,ASW,CE,Federal Contract Tower,0,28,11,0,39,0,104,40,0,144,0,132,51,0,183,10,0,10,193
07/03/2019,HUM,LA,ASW,CE,Federal Contract Tower,0,45,7,0,52,0,142,33,0,175,0,187,40,0,227,6,0,6,233
07/04/2019,HUM,LA,ASW,CE,Federal Contract Tower,0,30,6,0,36,0,96,27,0,123,0,126,33,0,159,54,0,54,213
07/05/2019,HUM,LA,ASW,CE,Federal Contract Tower,0,27,2,0,29,0,70,41,0,111,0,97,43,0,140,34,0,34,174
07/06/2019,HUM,LA,ASW,CE,Federal Contract Tower,0,9,8,0,17,0,49,29,0,78,0,58,37,0,95,12,0,12,107
07/07/2019,HUM,LA,ASW,CE,Federal Contract Tower,0,22,15,0,37,0,59,44,0,103,0,81,59,0,140,38,0,38,178
07/08/2019,HUM,LA,ASW,CE,Federal Contract Tower,0,39,5,0,44,0,108,35,0,143,0,147,40,0,187,24,0,24,211
07/09/2019,HUM,LA,ASW,CE,Federal Contract Tower,0,31,8,0,39,0,180,30,0,210,0,211,38,0,249,22,0,22,271
07/10/2019,HUM,LA,ASW,CE,Federal Contract Tower,0,25,8,0,33,0,32,8,0,40,0,57,16,0,73,0,0,0,73
07/11/2019,HUM,LA,ASW,CE,Federal Contract Tower,0,38,6,0,44,0,118,9,0,127,0,156,15,0,171,2,0,2,173
07/12/2019,HUM,LA,ASW,CE,Federal Contract Tower,0,7,5,0,12,0,2,0,0,2,0,9,5,0,14,0,0,0,14
07/13/2019,HUM,LA,ASW,CE,Federal Contract Tower,0,0,0,0,0,0,0,0,10,10,0,0,0,10,10,0,0,0,10
07/14/2019,HUM,LA,ASW,CE,Federal Contract Tower,0,14,1,0,15,0,17,1,2,20,0,31,2,2,35,0,0,0,35
07/15/2019,HUM,LA,ASW,CE,Federal Contract Tower,0,62,11,0,73,0,169,27,12,208,0,231,38,12,281,0,0,0,281
07/16/2019,HUM,LA,ASW,CE,Federal Contract Tower,0,70,10,0,80,0,166,36,3,205,0,236,46,3,285,6,0,6,291
07/17/2019,HUM,LA,ASW,CE,Federal Contract Tower,0,48,13,0,61,0,177,47,0,224,0,225,60,0,285,2,0,2,287
07/18/2019,HUM,LA,ASW,CE,Federal Contract Tower,0,32,13,0,45,0,144,57,0,201,0,176,70,0,246,42,0,42,288
07/19/2019,HUM,LA,ASW,CE,Federal Contract Tower,0,27,17,0,44,0,107,41,0,148,0,134,58,0,192,2,0,2,194
07/20/2019,HUM,LA,ASW,CE,Federal Contract Tower,0,10,7,0,17,0,70,30,0,100,0,80,37,0,117,20,0,20,137
07/21/2019,HUM,LA,ASW,CE,Federal Contract Tower,0,17,13,0,30,0,78,15,0,93,0,95,28,0,123,2,0,2,125
07/22/2019,HUM,LA,ASW,CE,Federal Contract Tower,0,34,13,2,49,0,126,27,1,154,0,160,40,3,203,0,0,0,203
07/23/2019,HUM,LA,ASW,CE,Federal Contract Tower,0,36,9,0,45,0,113,19,0,132,0,149,28,0,177,0,0,0,177
07/24/2019,HUM,LA,ASW,CE,Federal Contract Tower,0,42,7,0,49,0,147,36,0,183,0,189,43,0,232,10,0,10,242
07/25/2019,HUM,LA,ASW,CE,Federal Contract Tower,0,31,6,0,37,0,123,39,0,162,0,154,45,0,199,10,0,10,209
07/26/2019,HUM,LA,ASW,CE,Federal Contract Tower,0,24,12,0,36,0,98,20,0,118,0,122,32,0,154,4,0,4,158
07/27/2019,HUM,LA,ASW,CE,Federal Contract Tower,0,8,7,0,15,0,67,24,0,91,0,75,31,0,106,6,0,6,112
07/29/2019,HUM,LA,ASW,CE,Federal Contract Tower,0,26,12,2,40,0,113,32,0,145,0,139,44,2,185,2,0,2,187
07/30/2019,HUM,LA,ASW,CE,Federal Contract Tower,0,38,5,0,43,0,94,16,0,110,0,132,21,0,153,0,0,0,153
07/31/2019,HUM,LA,ASW,CE,Federal Contract Tower,0,46,7,0,53,0,168,33,1,202,0,214,40,1,255,10,0,10,265
08/01/2019,HUM,LA,ASW,CE,Federal Contract Tower,0,45,15,0,60,0,136,41,0,177,0,181,56,0,237,10,0,10,247
08/02/2019,HUM,LA,ASW,CE,Federal Contract Tower,0,28,10,0,38,0,102,20,0,122,0,130,30,0,160,2,0,2,162
08/03/2019,HUM,LA,ASW,CE,Federal Contract Tower,0,13,8,0,21,0,64,17,0,81,0,77,25,0,102,18,0,18,120
08/04/2019,HUM,LA,ASW,CE,Federal Contract Tower,0,17,11,0,28,0,100,33,0,133,0,117,44,0,161,28,0,28,189
08/05/2019,HUM,LA,ASW,CE,Federal Contract Tower,0,36,8,0,44,0,121,17,0,138,0,157,25,0,182,6,0,6,188
08/06/2019,HUM,LA,ASW,CE,Federal Contract Tower,0,37,9,0,46,0,116,24,0,140,0,153,33,0,186,10,0,10,196
08/07/2019,HUM,LA,ASW,CE,Federal Contract Tower,0,37,7,1,45,0,136,35,0,171,0,173,42,1,216,12,0,12,228
08/08/2019,HUM,LA,ASW,CE,Federal Contract Tower,0,40,11,0,51,0,126,32,0,158,0,166,43,0,209,30,0,30,239
08/09/2019,HUM,LA,ASW,CE,Federal Contract Tower,0,24,12,0,36,0,83,36,0,119,0,107,48,0,155,36,0,36,191
08/10/2019,HUM,LA,ASW,CE,Federal Contract Tower,0,10,9,0,19,0,80,15,0,95,0,90,24,0,114,0,0,0,114
08/11/2019,HUM,LA,ASW,CE,Federal Contract Tower,0,14,11,0,25,0,66,15,0,81,0,80,26,0,106,23,0,23,129
08/12/2019,HUM,LA,ASW,CE,Federal Contract Tower,0,38,9,0,47,0,134,21,0,155,0,172,30,0,202,36,0,36,238
08/13/2019,HUM,LA,ASW,CE,Federal Contract Tower,0,34,11,0,45,0,111,26,2,139,0,145,37,2,184,14,0,14,198
08/14/2019,HUM,LA,ASW,CE,Federal Contract Tower,0,30,7,0,37,0,94,20,0,114,0,124,27,0,151,4,0,4,155
08/15/2019,HUM,LA,ASW,CE,Federal Contract Tower,0,39,11,0,50,0,116,19,0,135,0,155,30,0,185,10,0,10,195
08/16/2019,HUM,LA,ASW,CE,Federal Contract Tower,0,32,8,0,40,0,102,34,0,136,0,134,42,0,176,22,0,22,198
08/17/2019,HUM,LA,ASW,CE,Federal Contract Tower,0,8,6,0,14,0,53,29,0,82,0,61,35,0,96,4,0,4,100
08/18/2019,HUM,LA,ASW,CE,Federal Contract Tower,0,7,3,0,10,0,61,20,0,81,0,68,23,0,91,22,0,22,113
08/19/2019,HUM,LA,ASW,CE,Federal Contract Tower,0,32,11,0,43,0,81,20,0,101,0,113,31,0,144,4,0,4,148
08/20/2019,HUM,LA,ASW,CE,Federal Contract Tower,0,57,13,0,70,0,109,16,0,125,0,166,29,0,195,2,0,2,197
08/21/2019,HUM,LA,ASW,CE,Federal Contract Tower,0,32,6,0,38,0,136,42,0,178,0,168,48,0,216,22,0,22,238
08/22/2019,HUM,LA,ASW,CE,Federal Contract Tower,0,36,8,0,44,0,153,25,0,178,0,189,33,0,222,38,0,38,260
08/23/2019,HUM,LA,ASW,CE,Federal Contract Tower,0,26,9,0,35,0,82,20,0,102,0,108,29,0,137,6,0,6,143
08/24/2019,HUM,LA,ASW,CE,Federal Contract Tower,0,7,3,0,10,0,55,4,0,59,0,62,7,0,69,2,0,2,71
08/25/2019,HUM,LA,ASW,CE,Federal Contract Tower,0,14,1,0,15,0,29,0,0,29,0,43,1,0,44,10,0,10,54
08/26/2019,HUM,LA,ASW,CE,Federal Contract Tower,0,35,8,0,43,0,108,28,2,138,0,143,36,2,181,4,4,8,189
08/27/2019,HUM,LA,ASW,CE,Federal Contract Tower,0,42,16,0,58,0,134,20,0,154,0,176,36,0,212,6,0,6,218
08/28/2019,HUM,LA,ASW,CE,Federal Contract Tower,0,27,10,0,37,0,134,25,0,159,0,161,35,0,196,6,0,6,202
08/29/2019,HUM,LA,ASW,CE,Federal Contract Tower,0,32,11,0,43,0,142,39,1,182,0,174,50,1,225,0,0,0,225
08/30/2019,HUM,LA,ASW,CE,Federal Contract Tower,0,23,20,0,43,0,104,41,0,145,0,127,61,0,188,11,0,11,199
08/31/2019,HUM,LA,ASW,CE,Federal Contract Tower,0,23,9,0,32,0,68,32,0,100,0,91,41,0,132,30,0,30,162
09/01/2019,HUM,LA,ASW,CE,Federal Contract Tower,0,13,6,0,19,0,38,14,0,52,0,51,20,0,71,18,0,18,89
09/02/2019,HUM,LA,ASW,CE,Federal Contract Tower,0,49,11,0,60,0,95,34,0,129,0,144,45,0,189,10,0,10,199
09/03/2019,HUM,LA,ASW,CE,Federal Contract Tower,0,35,8,0,43,0,125,38,0,163,0,160,46,0,206,16,0,16,222
09/04/2019,HUM,LA,ASW,CE,Federal Contract Tower,0,28,13,0,41,0,129,33,2,164,0,157,46,2,205,44,0,44,249
09/05/2019,HUM,LA,ASW,CE,Federal Contract Tower,0,26,17,0,43,0,115,31,0,146,0,141,48,0,189,18,0,18,207
09/06/2019,HUM,LA,ASW,CE,Federal Contract Tower,0,12,13,0,25,0,114,22,0,136,0,126,35,0,161,12,0,12,173
09/07/2019,HUM,LA,ASW,CE,Federal Contract Tower,0,7,5,0,12,0,77,28,0,105,0,84,33,0,117,14,0,14,131
09/08/2019,HUM,LA,ASW,CE,Federal Contract Tower,0,10,8,0,18,0,72,29,0,101,0,82,37,0,119,30,0,30,149
09/09/2019,HUM,LA,ASW,CE,Federal Contract Tower,0,35,11,0,46,0,99,32,0,131,0,134,43,0,177,20,0,20,197
09/10/2019,HUM,LA,ASW,CE,Federal Contract Tower,0,30,4,0,34,0,110,35,0,145,0,140,39,0,179,32,0,32,211
09/11/2019,HUM,LA,ASW,CE,Federal Contract Tower,0,30,6,1,37,0,130,33,0,163,0,160,39,1,200,38,0,38,238
09/12/2019,HUM,LA,ASW,CE,Federal Contract Tower,0,24,7,0,31,0,120,23,0,143,0,144,30,0,174,22,0,22,196
09/13/2019,HUM,LA,ASW,CE,Federal Contract Tower,0,45,10,0,55,0,91,26,1,118,0,136,36,1,173,10,2,12,185
09/14/2019,HUM,LA,ASW,CE,Federal Contract Tower,0,17,6,0,23,0,60,17,2,79,0,77,23,2,102,6,0,6,108
09/15/2019,HUM,LA,ASW,CE,Federal Contract Tower,0,16,10,0,26,0,69,29,0,98,0,85,39,0,124,14,0,14,138
09/16/2019,HUM,LA,ASW,CE,Federal Contract Tower,0,36,4,0,40,0,102,19,0,121,0,138,23,0,161,0,0,0,161
09/17/2019,HUM,LA,ASW,CE,Federal Contract Tower,0,50,14,0,64,0,107,33,0,140,0,157,47,0,204,0,0,0,204
09/18/2019,HUM,LA,ASW,CE,Federal Contract Tower,0,34,7,0,41,0,141,36,2,179,0,175,43,2,220,20,0,20,240
09/19/2019,HUM,LA,ASW,CE,Federal Contract Tower,0,36,5,0,41,0,128,21,0,149,0,164,26,0,190,10,0,10,200
09/20/2019,HUM,LA,ASW,CE,Federal Contract Tower,0,20,9,0,29,0,94,20,0,114,0,114,29,0,143,4,0,4,147
09/21/2019,HUM,LA,ASW,CE,Federal Contract Tower,0,9,7,0,16,0,72,21,0,93,0,81,28,0,109,32,0,32,141
09/22/2019,HUM,LA,ASW,CE,Federal Contract Tower,0,8,6,0,14,0,60,24,0,84,0,68,30,0,98,18,0,18,116
09/23/2019,HUM,LA,ASW,CE,Federal Contract Tower,0,36,8,0,44,0,134,33,0,167,0,170,41,0,211,22,0,22,233
09/24/2019,HUM,LA,ASW,CE,Federal Contract Tower,0,38,9,0,47,0,132,31,0,163,0,170,40,0,210,4,0,4,214
09/25/2019,HUM,LA,ASW,CE,Federal Contract Tower,0,32,24,0,56,0,142,33,2,177,0,174,57,2,233,22,0,22,255
09/26/2019,HUM,LA,ASW,CE,Federal Contract Tower,0,27,7,0,34,0,125,28,0,153,0,152,35,0,187,10,0,10,197
09/27/2019,HUM,LA,ASW,CE,Federal Contract Tower,0,32,13,0,45,0,95,18,0,113,0,127,31,0,158,0,0,0,158
09/28/2019,HUM,LA,ASW,CE,Federal Contract Tower,0,10,6,0,16,0,66,23,0,89,0,76,29,0,105,16,0,16,121
09/29/2019,HUM,LA,ASW,CE,Federal Contract Tower,0,6,17,0,23,0,61,20,0,81,0,67,37,0,104,8,0,8,112
09/30/2019,HUM,LA,ASW,CE,Federal Contract Tower,0,43,13,0,56,0,117,43,1,161,0,160,56,1,217,10,0,10,227
10/01/2019,HUM,LA,ASW,CE,Federal Contract Tower,0,53,9,0,62,0,106,43,0,149,0,159,52,0,211,8,0,8,219
10/02/2019,HUM,LA,ASW,CE,Federal Contract Tower,0,38,8,0,46,0,138,43,0,181,0,176,51,0,227,12,0,12,239
10/03/2019,HUM,LA,ASW,CE,Federal Contract Tower,0,34,12,0,46,0,119,38,4,161,0,153,50,4,207,2,0,2,209
10/04/2019,HUM,LA,ASW,CE,Federal Contract Tower,0,22,11,0,33,0,95,32,0,127,0,117,43,0,160,16,0,16,176
10/05/2019,HUM,LA,ASW,CE,Federal Contract Tower,0,9,2,0,11,0,0,0,0,0,0,9,2,0,11,28,0,28,39
10/06/2019,HUM,LA,ASW,CE,Federal Contract Tower,0,10,5,0,15,0,80,17,0,97,0,90,22,0,112,14,0,14,126
10/07/2019,HUM,LA,ASW,CE,Federal Contract Tower,0,53,9,0,62,0,87,33,0,120,0,140,42,0,182,26,0,26,208
10/08/2019,HUM,LA,ASW,CE,Federal Contract Tower,0,52,7,0,59,0,101,40,0,141,0,153,47,0,200,16,0,16,216
10/09/2019,HUM,LA,ASW,CE,Federal Contract Tower,0,38,20,0,58,0,133,41,0,174,0,171,61,0,232,20,0,20,252
10/10/2019,HUM,LA,ASW,CE,Federal Contract Tower,0,33,12,0,45,0,95,32,0,127,0,128,44,0,172,8,0,8,180
10/11/2019,HUM,LA,ASW,CE,Federal Contract Tower,0,31,9,0,40,0,98,30,0,128,0,129,39,0,168,42,0,42,210
10/12/2019,HUM,LA,ASW,CE,Federal Contract Tower,0,32,4,0,36,0,66,13,0,79,0,98,17,0,115,14,0,14,129
10/13/2019,HUM,LA,ASW,CE,Federal Contract Tower,0,27,7,0,34,0,55,27,0,82,0,82,34,0,116,18,0,18,134
10/14/2019,HUM,LA,ASW,CE,Federal Contract Tower,0,43,14,0,57,0,101,27,0,128,0,144,41,0,185,0,0,0,185
10/15/2019,HUM,LA,ASW,CE,Federal Contract Tower,0,49,11,0,60,0,99,18,0,117,0,148,29,0,177,14,0,14,191
10/16/2019,HUM,LA,ASW,CE,Federal Contract Tower,0,52,6,0,58,0,86,20,0,106,0,138,26,0,164,10,0,10,174
10/17/2019,HUM,LA,ASW,CE,Federal Contract Tower,0,61,17,0,78,0,88,36,0,124,0,149,53,0,202,0,0,0,202
10/18/2019,HUM,LA,ASW,CE,Federal Contract Tower,0,22,8,0,30,0,50,19,0,69,0,72,27,0,99,32,0,32,131
10/19/2019,HUM,LA,ASW,CE,Federal Contract Tower,0,16,2,0,18,0,62,25,0,87,0,78,27,0,105,18,0,18,123
10/20/2019,HUM,LA,ASW,CE,Federal Contract Tower,0,12,15,0,27,0,64,15,0,79,0,76,30,0,106,4,0,4,110
10/21/2019,HUM,LA,ASW,CE,Federal Contract Tower,0,14,3,0,17,0,0,0,0,0,0,14,3,0,17,0,0,0,17
10/22/2019,HUM,LA,ASW,CE,Federal Contract Tower,0,63,7,0,70,0,1443,32,0,1475,0,1506,39,0,1545,8,0,8,1553
10/23/2019,HUM,LA,ASW,CE,Federal Contract Tower,0,38,15,0,53,0,153,26,0,179,0,191,41,0,232,0,0,0,232
10/24/2019,HUM,LA,ASW,CE,Federal Contract Tower,0,42,11,0,53,0,108,40,0,148,0,150,51,0,201,35,0,35,236
10/25/2019,HUM,LA,ASW,CE,Federal Contract Tower,0,8,3,0,11,0,0,0,0,0,0,8,3,0,11,0,0,0,11
10/26/2019,HUM,LA,ASW,CE,Federal Contract Tower,0,54,7,0,61,0,41,8,0,49,0,95,15,0,110,4,0,4,114
10/27/2019,HUM,LA,ASW,CE,Federal Contract Tower,0,15,22,0,37,0,55,31,0,86,0,70,53,0,123,12,0,12,135
10/28/2019,HUM,LA,ASW,CE,Federal Contract Tower,0,40,11,0,51,0,121,30,0,151,0,161,41,0,202,10,0,10,212
10/29/2019,HUM,LA,ASW,CE,Federal Contract Tower,0,76,15,0,91,0,35,5,0,40,0,111,20,0,131,0,0,0,131
10/30/2019,HUM,LA,ASW,CE,Federal Contract Tower,0,80,21,0,101,0,72,13,0,85,0,152,34,0,186,10,2,12,198
10/31/2019,HUM,LA,ASW,CE,Federal Contract Tower,0,67,12,0,79,0,37,16,0,53,0,104,28,0,132,2,0,2,134
11/01/2019,HUM,LA,ASW,CE,Federal Contract Tower,0,34,14,0,48,0,97,43,0,140,0,131,57,0,188,14,0,14,202
11/02/2019,HUM,LA,ASW,CE,Federal Contract Tower,0,13,20,0,33,0,55,114,2,171,0,68,134,2,204,28,6,34,238
11/03/2019,HUM,LA,ASW,CE,Federal Contract Tower,0,11,17,0,28,0,54,44,0,98,0,65,61,0,126,24,0,24,150
11/04/2019,HUM,LA,ASW,CE,Federal Contract Tower,0,18,13,0,31,0,124,45,0,169,0,142,58,0,200,22,0,22,222
11/05/2019,HUM,LA,ASW,CE,Federal Contract Tower,0,29,17,0,46,0,120,42,2,164,0,149,59,2,210,4,0,4,214
11/06/2019,HUM,LA,ASW,CE,Federal Contract Tower,0,32,11,0,43,0,128,37,0,165,0,160,48,0,208,2,0,2,210
11/07/2019,HUM,LA,ASW,CE,Federal Contract Tower,0,70,12,0,82,0,12,7,0,19,0,82,19,0,101,0,0,0,101
11/08/2019,HUM,LA,ASW,CE,Federal Contract Tower,0,47,15,0,62,0,56,12,0,68,0,103,27,0,130,2,0,2,132
11/09/2019,HUM,LA,ASW,CE,Federal Contract Tower,0,9,4,0,13,0,53,26,0,79,0,62,30,0,92,24,0,24,116
11/11/2019,HUM,LA,ASW,CE,Federal Contract Tower,0,37,15,0,52,0,93,36,0,129,0,130,51,0,181,16,0,16,197
11/12/2019,HUM,LA,ASW,CE,Federal Contract Tower,0,46,7,0,53,0,25,5,0,30,0,71,12,0,83,2,0,2,85
11/13/2019,HUM,LA,ASW,CE,Federal Contract Tower,0,40,9,0,49,0,159,27,0,186,0,199,36,0,235,44,0,44,279
11/14/2019,HUM,LA,ASW,CE,Federal Contract Tower,0,60,21,0,81,0,95,19,0,114,0,155,40,0,195,26,0,26,221
11/15/2019,HUM,LA,ASW,CE,Federal Contract Tower,0,34,13,0,47,0,0,0,0,0,0,34,13,0,47,18,2,20,67
11/16/2019,HUM,LA,ASW,CE,Federal Contract Tower,0,6,6,0,12,0,57,32,2,91,0,63,38,2,103,22,0,22,125
11/18/2019,HUM,LA,ASW,CE,Federal Contract Tower,0,31,11,0,42,0,146,37,0,183,0,177,48,0,225,0,0,0,225
11/19/2019,HUM,LA,ASW,CE,Federal Contract Tower,0,34,9,0,43,0,130,43,0,173,0,164,52,0,216,16,0,16,232
11/20/2019,HUM,LA,ASW,CE,Federal Contract Tower,0,24,17,0,41,0,171,34,0,205,0,195,51,0,246,4,0,4,250
11/21/2019,HUM,LA,ASW,CE,Federal Contract Tower,0,22,11,0,33,0,125,33,0,158,0,147,44,0,191,12,0,12,203
11/22/2019,HUM,LA,ASW,CE,Federal Contract Tower,0,16,6,0,22,0,71,15,0,86,0,87,21,0,108,4,0,4,112
11/23/2019,HUM,LA,ASW,CE,Federal Contract Tower,0,26,7,0,33,0,21,17,0,38,0,47,24,0,71,4,0,4,75
11/24/2019,HUM,LA,ASW,CE,Federal Contract Tower,0,8,3,0,11,0,44,27,2,73,0,52,30,2,84,20,0,20,104
11/25/2019,HUM,LA,ASW,CE,Federal Contract Tower,0,27,7,0,34,0,105,35,0,140,0,132,42,0,174,82,0,82,256
11/26/2019,HUM,LA,ASW,CE,Federal Contract Tower,0,46,24,0,70,0,130,17,0,147,0,176,41,0,217,0,0,0,217
11/27/2019,HUM,LA,ASW,CE,Federal Contract Tower,0,57,7,0,64,0,101,25,0,126,0,158,32,0,190,54,0,54,244
11/28/2019,HUM,LA,ASW,CE,Federal Contract Tower,0,31,4,0,35,0,75,10,0,85,0,106,14,0,120,20,0,20,140
11/29/2019,HUM,LA,ASW,CE,Federal Contract Tower,0,26,7,0,33,0,62,42,0,104,0,88,49,0,137,32,0,32,169
11/30/2019,HUM,LA,ASW,CE,Federal Contract Tower,0,29,12,0,41,0,20,4,0,24,0,49,16,0,65,0,0,0,65
12/01/2019,HUM,LA,ASW,CE,Federal Contract Tower,0,14,15,0,29,0,45,33,0,78,0,59,48,0,107,22,0,22,129
12/02/2019,HUM,LA,ASW,CE,Federal Contract Tower,0,27,11,0,38,0,123,27,4,154,0,150,38,4,192,0,0,0,192
12/03/2019,HUM,LA,ASW,CE,Federal Contract Tower,0,29,16,1,46,0,110,34,3,147,0,139,50,4,193,12,0,12,205
12/04/2019,HUM,LA,ASW,CE,Federal Contract Tower,0,32,11,0,43,0,158,25,4,187,0,190,36,4,230,2,0,2,232
12/05/2019,HUM,LA,ASW,CE,Federal Contract Tower,0,27,7,0,34,0,139,30,0,169,0,166,37,0,203,22,0,22,225
12/06/2019,HUM,LA,ASW,CE,Federal Contract Tower,0,25,5,0,30,0,93,17,0,110,0,118,22,0,140,30,0,30,170
12/07/2019,HUM,LA,ASW,CE,Federal Contract Tower,0,31,11,0,42,0,26,9,0,35,0,57,20,0,77,0,0,0,77
12/08/2019,HUM,LA,ASW,CE,Federal Contract Tower,0,10,5,0,15,0,73,22,0,95,0,83,27,0,110,6,0,6,116
12/09/2019,HUM,LA,ASW,CE,Federal Contract Tower,0,50,12,0,62,0,115,16,0,131,0,165,28,0,193,14,0,14,207
12/10/2019,HUM,LA,ASW,CE,Federal Contract Tower,0,62,15,0,77,0,49,7,0,56,0,111,22,0,133,0,0,0,133
12/11/2019,HUM,LA,ASW,CE,Federal Contract Tower,0,73,6,0,79,0,90,17,2,109,0,163,23,2,188,0,0,0,188
12/12/2019,HUM,LA,ASW,CE,Federal Contract Tower,0,72,8,0,80,0,113,22,0,135,0,185,30,0,215,8,0,8,223
12/13/2019,HUM,LA,ASW,CE,Federal Contract Tower,0,9,13,0,22,0,0,0,0,0,0,9,13,0,22,0,0,0,22
12/14/2019,HUM,LA,ASW,CE,Federal Contract Tower,0,30,6,0,36,0,61,24,0,85,0,91,30,0,121,14,0,14,135
12/15/2019,HUM,LA,ASW,CE,Federal Contract Tower,0,25,8,0,33,0,89,22,0,111,0,114,30,0,144,22,0,22,166
12/16/2019,HUM,LA,ASW,CE,Federal Contract Tower,0,69,10,0,79,0,34,6,0,40,0,103,16,0,119,0,0,0,119
12/17/2019,HUM,LA,ASW,CE,Federal Contract Tower,0,82,8,0,90,0,51,16,0,67,0,133,24,0,157,2,0,2,159
12/18/2019,HUM,LA,ASW,CE,Federal Contract Tower,0,22,11,0,33,0,138,35,0,173,0,160,46,0,206,0,0,0,206
12/19/2019,HUM,LA,ASW,CE,Federal Contract Tower,0,32,14,0,46,0,118,44,0,162,0,150,58,0,208,2,0,2,210
12/20/2019,HUM,LA,ASW,CE,Federal Contract Tower,0,29,13,0,42,0,100,35,0,135,0,129,48,0,177,2,0,2,179
12/21/2019,HUM,LA,ASW,CE,Federal Contract Tower,0,33,5,0,38,0,0,0,0,0,0,33,5,0,38,0,0,0,38
12/22/2019,HUM,LA,ASW,CE,Federal Contract Tower,0,48,6,0,54,0,20,0,0,20,0,68,6,0,74,0,0,0,74
12/23/2019,HUM,LA,ASW,CE,Federal Contract Tower,0,73,15,0,88,0,87,9,0,96,0,160,24,0,184,2,0,2,186
12/24/2019,HUM,LA,ASW,CE,Federal Contract Tower,0,42,6,0,48,0,94,33,0,127,0,136,39,0,175,20,0,20,195
12/25/2019,HUM,LA,ASW,CE,Federal Contract Tower,0,72,4,0,76,0,8,0,0,8,0,80,4,0,84,0,0,0,84
12/26/2019,HUM,LA,ASW,CE,Federal Contract Tower,0,92,22,0,114,0,12,2,0,14,0,104,24,0,128,0,0,0,128
12/27/2019,HUM,LA,ASW,CE,Federal Contract Tower,0,79,12,0,91,0,9,2,0,11,0,88,14,0,102,0,0,0,102
12/28/2019,HUM,LA,ASW,CE,Federal Contract Tower,0,34,4,0,38,0,11,5,0,16,0,45,9,0,54,10,0,10,64
12/29/2019,HUM,LA,ASW,CE,Federal Contract Tower,0,21,9,0,30,0,27,0,0,27,0,48,9,0,57,0,0,0,57
12/30/2019,HUM,LA,ASW,CE,Federal Contract Tower,0,25,10,0,35,0,134,41,0,175,0,159,51,0,210,38,0,38,248
12/31/2019,HUM,LA,ASW,CE,Federal Contract Tower,0,30,7,0,37,0,102,30,0,132,0,132,37,0,169,8,0,8,177
01/01/2020,HUM,LA,ASW,CE,Federal Contract Tower,0,35,3,0,38,0,112,3,0,115,0,147,6,0,153,0,0,0,153
01/02/2020,HUM,LA,ASW,CE,Federal Contract Tower,0,83,2,0,85,0,8,0,0,8,0,91,2,0,93,0,0,0,93
01/03/2020,HUM,LA,ASW,CE,Federal Contract Tower,0,50,7,0,57,0,18,1,0,19,0,68,8,0,76,0,0,0,76
01/04/2020,HUM,LA,ASW,CE,Federal Contract Tower,0,30,9,0,39,0,79,27,0,106,0,109,36,0,145,10,0,10,155
01/05/2020,HUM,LA,ASW,CE,Federal Contract Tower,0,12,7,0,19,0,69,26,0,95,0,81,33,0,114,12,0,12,126
01/06/2020,HUM,LA,ASW,CE,Federal Contract Tower,0,34,6,0,40,0,134,36,0,170,0,168,42,0,210,0,0,0,210
01/07/2020,HUM,LA,ASW,CE,Federal Contract Tower,0,32,11,0,43,0,118,43,0,161,0,150,54,0,204,10,0,10,214
01/08/2020,HUM,LA,ASW,CE,Federal Contract Tower,0,41,11,0,52,0,125,29,0,154,0,166,40,0,206,6,0,6,212
01/09/2020,HUM,LA,ASW,CE,Federal Contract Tower,0,49,9,0,58,0,109,32,0,141,0,158,41,0,199,6,0,6,205
01/10/2020,HUM,LA,ASW,CE,Federal Contract Tower,0,53,5,0,58,0,61,21,0,82,0,114,26,0,140,0,0,0,140
01/11/2020,HUM,LA,ASW,CE,Federal Contract Tower,0,14,5,0,19,0,27,3,0,30,0,41,8,0,49,2,0,2,51
01/12/2020,HUM,LA,ASW,CE,Federal Contract Tower,0,38,5,0,43,0,28,3,0,31,0,66,8,0,74,0,0,0,74
01/13/2020,HUM,LA,ASW,CE,Federal Contract Tower,0,33,8,0,41,0,4,0,0,4,0,37,8,0,45,0,0,0,45
01/14/2020,HUM,LA,ASW,CE,Federal Contract Tower,0,35,7,0,42,0,24,2,0,26,0,59,9,0,68,0,0,0,68
01/15/2020,HUM,LA,ASW,CE,Federal Contract Tower,0,67,9,0,76,0,29,10,0,39,0,96,19,0,115,0,0,0,115
01/16/2020,HUM,LA,ASW,CE,Federal Contract Tower,0,35,17,0,52,0,22,2,0,24,0,57,19,0,76,0,0,0,76
01/17/2020,HUM,LA,ASW,CE,Federal Contract Tower,0,65,8,0,73,0,105,13,0,118,0,170,21,0,191,0,0,0,191
01/18/2020,HUM,LA,ASW,CE,Federal Contract Tower,0,24,4,0,28,0,37,12,0,49,0,61,16,0,77,8,0,8,85
01/19/2020,HUM,LA,ASW,CE,Federal Contract Tower,0,15,4,0,19,0,46,22,0,68,0,61,26,0,87,0,0,0,87
01/20/2020,HUM,LA,ASW,CE,Federal Contract Tower,0,29,9,0,38,0,102,29,0,131,0,131,38,0,169,0,0,0,169
01/21/2020,HUM,LA,ASW,CE,Federal Contract Tower,0,34,14,0,48,0,119,40,0,159,0,153,54,0,207,14,0,14,221
01/22/2020,HUM,LA,ASW,CE,Federal Contract Tower,0,38,12,0,50,0,153,39,0,192,0,191,51,0,242,12,0,12,254
01/23/2020,HUM,LA,ASW,CE,Federal Contract Tower,0,60,7,0,67,0,49,4,0,53,0,109,11,0,120,4,0,4,124
01/24/2020,HUM,LA,ASW,CE,Federal Contract Tower,0,37,16,0,53,0,135,28,0,163,0,172,44,0,216,14,0,14,230
01/25/2020,HUM,LA,ASW,CE,Federal Contract Tower,0,9,3,0,12,0,60,29,0,89,0,69,32,0,101,22,0,22,123
01/26/2020,HUM,LA,ASW,CE,Federal Contract Tower,0,20,6,0,26,0,0,0,0,0,0,20,6,0,26,0,0,0,26
01/27/2020,HUM,LA,ASW,CE,Federal Contract Tower,0,89,12,0,101,0,22,5,0,27,0,111,17,0,128,0,0,0,128
01/28/2020,HUM,LA,ASW,CE,Federal Contract Tower,0,44,7,0,51,0,106,26,0,132,0,150,33,0,183,6,0,6,189
01/29/2020,HUM,LA,ASW,CE,Federal Contract Tower,0,89,12,0,101,0,62,4,0,66,0,151,16,0,167,0,0,0,167
01/30/2020,HUM,LA,ASW,CE,Federal Contract Tower,0,48,9,0,57,0,112,18,0,130,0,160,27,0,187,6,0,6,193
01/31/2020,HUM,LA,ASW,CE,Federal Contract Tower,0,67,4,0,71,0,36,0,0,36,0,103,4,0,107,0,0,0,107
02/01/2020,HUM,LA,ASW,CE,Federal Contract Tower,0,16,10,4,30,0,59,18,0,77,0,75,28,4,107,14,0,14,121
02/02/2020,HUM,LA,ASW,CE,Federal Contract Tower,0,12,6,0,18,0,59,22,0,81,0,71,28,0,99,10,0,10,109
02/03/2020,HUM,LA,ASW,CE,Federal Contract Tower,0,35,7,0,42,0,145,33,0,178,0,180,40,0,220,18,0,18,238
02/04/2020,HUM,LA,ASW,CE,Federal Contract Tower,0,45,5,0,50,0,112,19,0,131,0,157,24,0,181,4,0,4,185
02/05/2020,HUM,LA,ASW,CE,Federal Contract Tower,0,69,9,0,78,0,0,0,0,0,0,69,9,0,78,0,0,0,78
02/06/2020,HUM,LA,ASW,CE,Federal Contract Tower,0,41,11,0,52,0,75,17,0,92,0,116,28,0,144,6,0,6,150
02/07/2020,HUM,LA,ASW,CE,Federal Contract Tower,0,21,11,6,38,0,147,43,0,190,0,168,54,6,228,12,0,12,240
02/08/2020,HUM,LA,ASW,CE,Federal Contract Tower,0,11,1,0,12,0,83,30,0,113,0,94,31,0,125,32,0,32,157
02/09/2020,HUM,LA,ASW,CE,Federal Contract Tower,0,5,3,0,8,0,53,24,0,77,0,58,27,0,85,14,0,14,99
02/11/2020,HUM,LA,ASW,CE,Federal Contract Tower,0,66,15,0,81,0,9,7,0,16,0,75,22,0,97,4,0,4,101
02/12/2020,HUM,LA,ASW,CE,Federal Contract Tower,0,77,9,0,86,0,35,3,0,38,0,112,12,0,124,6,0,6,130
02/13/2020,HUM,LA,ASW,CE,Federal Contract Tower,0,55,11,0,66,0,108,17,0,125,0,163,28,0,191,2,0,2,193
02/14/2020,HUM,LA,ASW,CE,Federal Contract Tower,0,40,10,0,50,0,82,32,3,117,0,122,42,3,167,20,0,20,187
02/15/2020,HUM,LA,ASW,CE,Federal Contract Tower,0,9,4,0,13,0,62,42,2,106,0,71,46,2,119,6,2,8,127
02/16/2020,HUM,LA,ASW,CE,Federal Contract Tower,0,22,11,0,33,0,1,1,0,2,0,23,12,0,35,0,0,0,35
02/17/2020,HUM,LA,ASW,CE,Federal Contract Tower,0,70,15,0,85,0,2,5,0,7,0,72,20,0,92,0,0,0,92
02/18/2020,HUM,LA,ASW,CE,Federal Contract Tower,0,74,6,0,80,0,27,11,0,38,0,101,17,0,118,16,0,16,134
02/19/2020,HUM,LA,ASW,CE,Federal Contract Tower,0,47,8,0,55,0,11,6,0,17,0,58,14,0,72,24,0,24,96
02/20/2020,HUM,LA,ASW,CE,Federal Contract Tower,0,101,4,2,107,0,0,0,0,0,0,101,4,2,107,0,0,0,107
02/21/2020,HUM,LA,ASW,CE,Federal Contract Tower,0,34,13,0,47,0,132,51,0,183,0,166,64,0,230,8,0,8,238
02/22/2020,HUM,LA,ASW,CE,Federal Contract Tower,0,12,8,0,20,0,102,41,0,143,0,114,49,0,163,14,0,14,177
02/23/2020,HUM,LA,ASW,CE,Federal Contract Tower,0,5,7,0,12,0,69,28,0,97,0,74,35,0,109,28,0,28,137
02/24/2020,HUM,LA,ASW,CE,Federal Contract Tower,0,59,7,0,66,0,116,32,0,148,0,175,39,0,214,22,0,22,236
02/25/2020,HUM,LA,ASW,CE,Federal Contract Tower,0,55,5,0,60,0,88,27,0,115,0,143,32,0,175,24,0,24,199
02/26/2020,HUM,LA,ASW,CE,Federal Contract Tower,0,32,10,0,42,0,156,17,0,173,0,188,27,0,215,6,0,6,221
02/27/2020,HUM,LA,ASW,CE,Federal Contract Tower,0,12,2,0,14,0,149,27,0,176,0,161,29,0,190,10,0,10,200
02/28/2020,HUM,LA,ASW,CE,Federal Contract Tower,0,14,9,0,23,0,102,21,2,125,0,116,30,2,148,2,0,2,150
02/29/2020,HUM,LA,ASW,CE,Federal Contract Tower,0,7,9,0,16,0,67,35,0,102,0,74,44,0,118,18,0,18,136
03/01/2020,HUM,LA,ASW,CE,Federal Contract Tower,0,12,13,0,25,0,62,15,0,77,0,74,28,0,102,4,0,4,106
03/02/2020,HUM,LA,ASW,CE,Federal Contract Tower,0,28,8,0,36,0,118,26,0,144,0,146,34,0,180,18,0,18,198
03/03/2020,HUM,LA,ASW,CE,Federal Contract Tower,0,61,14,0,75,0,90,21,0,111,0,151,35,0,186,0,0,0,186
03/04/2020,HUM,LA,ASW,CE,Federal Contract Tower,0,67,6,4,77,0,5,5,0,10,0,72,11,4,87,8,0,8,95
03/05/2020,HUM,LA,ASW,CE,Federal Contract Tower,0,85,13,0,98,0,94,32,0,126,0,179,45,0,224,14,0,14,238
03/06/2020,HUM,LA,ASW,CE,Federal Contract Tower,0,24,8,0,32,0,92,38,0,130,0,116,46,0,162,22,0,22,184
03/07/2020,HUM,LA,ASW,CE,Federal Contract Tower,0,5,4,0,9,0,62,33,0,95,0,67,37,0,104,24,0,24,128
03/08/2020,HUM,LA,ASW,CE,Federal Contract Tower,0,19,1,0,20,0,50,29,0,79,0,69,30,0,99,12,0,12,111
03/09/2020,HUM,LA,ASW,CE,Federal Contract Tower,0,39,3,0,42,0,132,26,0,158,0,171,29,0,200,0,0,0,200
03/10/2020,HUM,LA,ASW,CE,Federal Contract Tower,0,52,7,0,59,0,72,37,0,109,0,124,44,0,168,122,0,122,290
03/11/2020,HUM,LA,ASW,CE,Federal Contract Tower,0,42,9,0,51,0,78,34,0,112,0,120,43,0,163,92,0,92,255
03/12/2020,HUM,LA,ASW,CE,Federal Contract Tower,0,72,7,0,79,0,81,27,0,108,0,153,34,0,187,58,0,58,245
03/13/2020,HUM,LA,ASW,CE,Federal Contract Tower,0,42,6,0,48,0,104,23,0,127,0,146,29,0,175,0,0,0,175
03/14/2020,HUM,LA,ASW,CE,Federal Contract Tower,0,12,5,0,17,0,39,17,0,56,0,51,22,0,73,20,0,20,93
03/16/2020,HUM,LA,ASW,CE,Federal Contract Tower,0,63,3,0,66,0,83,38,0,121,0,146,41,0,187,48,0,48,235
03/17/2020,HUM,LA,ASW,CE,Federal Contract Tower,0,66,7,0,73,0,65,20,0,85,0,131,27,0,158,0,0,0,158
03/18/2020,HUM,LA,ASW,CE,Federal Contract Tower,0,56,17,0,73,0,85,20,0,105,0,141,37,0,178,4,0,4,182
03/19/2020,HUM,LA,ASW,CE,Federal Contract Tower,0,78,9,0,87,0,59,16,0,75,0,137,25,0,162,0,0,0,162
03/20/2020,HUM,LA,ASW,CE,Federal Contract Tower,0,37,9,10,56,0,45,21,0,66,0,82,30,10,122,54,0,54,176
03/21/2020,HUM,LA,ASW,CE,Federal Contract Tower,0,29,12,0,41,0,32,0,0,32,0,61,12,0,73,6,0,6,79
03/22/2020,HUM,LA,ASW,CE,Federal Contract Tower,0,19,0,0,19,0,43,11,0,54,0,62,11,0,73,4,0,4,77
03/23/2020,HUM,LA,ASW,CE,Federal Contract Tower,0,38,10,0,48,0,88,16,0,104,0,126,26,0,152,0,0,0,152
03/24/2020,HUM,LA,ASW,CE,Federal Contract Tower,0,48,5,2,55,0,79,23,0,102,0,127,28,2,157,0,0,0,157
03/25/2020,HUM,LA,ASW,CE,Federal Contract Tower,0,45,3,0,48,0,90,19,0,109,0,135,22,0,157,12,0,12,169
03/26/2020,HUM,LA,ASW,CE,Federal Contract Tower,0,52,9,0,61,0,77,20,0,97,0,129,29,0,158,0,0,0,158
03/27/2020,HUM,LA,ASW,CE,Federal Contract Tower,0,31,5,0,36,0,66,27,0,93,0,97,32,0,129,12,0,12,141
03/28/2020,HUM,LA,ASW,CE,Federal Contract Tower,0,21,9,0,30,0,60,6,0,66,0,81,15,0,96,0,0,0,96
03/29/2020,HUM,LA,ASW,CE,Federal Contract Tower,0,11,1,0,12,0,40,14,0,54,0,51,15,0,66,2,0,2,68
03/30/2020,HUM,LA,ASW,CE,Federal Contract Tower,0,46,1,0,47,0,72,18,0,90,0,118,19,0,137,24,0,24,161
03/31/2020,HUM,LA,ASW,CE,Federal Contract Tower,0,49,0,0,49,0,63,9,0,72,0,112,9,0,121,0,0,0,121
04/01/2020,HUM,LA,ASW,CE,Federal Contract Tower,0,21,2,0,23,0,90,21,0,111,0,111,23,0,134,18,0,18,152
04/02/2020,HUM,LA,ASW,CE,Federal Contract Tower,0,6,2,0,8,0,79,14,0,93,0,85,16,0,101,10,0,10,111
04/03/2020,HUM,LA,ASW,CE,Federal Contract Tower,0,16,3,0,19,0,45,22,0,67,0,61,25,0,86,14,0,14,100
04/04/2020,HUM,LA,ASW,CE,Federal Contract Tower,0,5,5,0,10,0,32,8,0,40,0,37,13,0,50,6,0,6,56
04/05/2020,HUM,LA,ASW,CE,Federal Contract Tower,0,11,2,0,13,0,21,6,0,27,0,32,8,0,40,0,0,0,40
04/06/2020,HUM,LA,ASW,CE,Federal Contract Tower,0,22,6,0,28,0,69,15,0,84,0,91,21,0,112,0,0,0,112
04/07/2020,HUM,LA,ASW,CE,Federal Contract Tower,0,46,4,0,50,0,32,8,2,42,0,78,12,2,92,0,0,0,92
04/08/2020,HUM,LA,ASW,CE,Federal Contract Tower,0,44,2,0,46,0,71,15,0,86,0,115,17,0,132,0,0,0,132
04/09/2020,HUM,LA,ASW,CE,Federal Contract Tower,0,50,1,0,51,0,44,13,0,57,0,94,14,0,108,6,0,6,114
04/10/2020,HUM,LA,ASW,CE,Federal Contract Tower,0,26,4,0,30,0,35,30,0,65,0,61,34,0,95,32,0,32,127
04/11/2020,HUM,LA,ASW,CE,Federal Contract Tower,0,9,10,0,19,0,50,16,0,66,0,59,26,0,85,30,0,30,115
04/14/2020,HUM,LA,ASW,CE,Federal Contract Tower,0,65,9,0,74,0,42,24,0,66,0,107,33,0,140,44,0,44,184
04/15/2020,HUM,LA,ASW,CE,Federal Contract Tower,0,31,2,0,33,0,83,34,0,117,0,114,36,0,150,38,0,38,188
04/16/2020,HUM,LA,ASW,CE,Federal Contract Tower,0,21,2,0,23,0,104,31,0,135,0,125,33,0,158,14,0,14,172
04/17/2020,HUM,LA,ASW,CE,Federal Contract Tower,0,18,6,0,24,0,56,31,0,87,0,74,37,0,111,52,0,52,163
04/18/2020,HUM,LA,ASW,CE,Federal Contract Tower,0,20,3,0,23,0,8,0,0,8,0,28,3,0,31,10,0,10,41
04/19/2020,HUM,LA,ASW,CE,Federal Contract Tower,0,11,3,0,14,0,19,8,0,27,0,30,11,0,41,10,0,10,51
04/20/2020,HUM,LA,ASW,CE,Federal Contract Tower,0,24,3,0,27,0,82,47,0,129,0,106,50,0,156,70,0,70,226
04/22/2020,HUM,LA,ASW,CE,Federal Contract Tower,0,24,8,0,32,0,89,53,0,142,0,113,61,0,174,50,0,50,224
04/23/2020,HUM,LA,ASW,CE,Federal Contract Tower,0,40,3,0,43,0,19,15,0,34,0,59,18,0,77,6,0,6,83
04/24/2020,HUM,LA,ASW,CE,Federal Contract Tower,0,16,6,0,22,0,72,39,0,111,0,88,45,0,133,46,0,46,179
04/25/2020,HUM,LA,ASW,CE,Federal Contract Tower,0,9,6,0,15,0,78,35,0,113,0,87,41,0,128,36,0,36,164
04/26/2020,HUM,LA,ASW,CE,Federal Contract Tower,0,3,7,0,10,0,58,39,0,97,0,61,46,0,107,16,0,16,123
04/27/2020,HUM,LA,ASW,CE,Federal Contract Tower,0,15,4,0,19,0,88,52,0,140,0,103,56,0,159,18,0,18,177
04/28/2020,HUM,LA,ASW,CE,Federal Contract Tower,0,11,4,0,15,0,64,44,0,108,0,75,48,0,123,59,0,59,182
04/29/2020,HUM,LA,ASW,CE,Federal Contract Tower,0,24,4,0,28,0,35,10,0,45,0,59,14,0,73,0,0,0,73
04/30/2020,HUM,LA,ASW,CE,Federal Contract Tower,0,20,10,0,30,0,126,39,0,165,0,146,49,0,195,42,0,42,237
05/01/2020,HUM,LA,ASW,CE,Federal Contract Tower,0,20,10,0,30,0,126,39,0,165,0,146,49,0,195,42,0,42,237
05/02/2020,HUM,LA,ASW,CE,Federal Contract Tower,0,2,2,0,4,0,44,18,0,62,0,46,20,0,66,14,0,14,80
05/03/2020,HUM,LA,ASW,CE,Federal Contract Tower,0,8,6,0,14,0,44,24,0,68,0,52,30,0,82,22,0,22,104
05/04/2020,HUM,LA,ASW,CE,Federal Contract Tower,0,39,4,0,43,0,85,42,0,127,0,124,46,0,170,38,0,38,208
05/05/2020,HUM,LA,ASW,CE,Federal Contract Tower,0,31,2,0,33,0,83,33,0,116,0,114,35,0,149,64,0,64,213
05/06/2020,HUM,LA,ASW,CE,Federal Contract Tower,0,45,8,0,53,0,90,35,2,127,0,135,43,2,180,4,4,8,188
05/07/2020,HUM,LA,ASW,CE,Federal Contract Tower,0,20,7,0,27,0,86,47,0,133,0,106,54,0,160,34,0,34,194
05/08/2020,HUM,LA,ASW,CE,Federal Contract Tower,0,22,4,0,26,0,70,13,0,83,0,92,17,0,109,10,0,10,119
05/09/2020,HUM,LA,ASW,CE,Federal Contract Tower,0,8,3,0,11,0,21,20,0,41,0,29,23,0,52,38,0,38,90
05/10/2020,HUM,LA,ASW,CE,Federal Contract Tower,0,8,2,0,10,0,39,17,0,56,0,47,19,0,66,40,0,40,106
05/11/2020,HUM,LA,ASW,CE,Federal Contract Tower,0,17,5,0,22,0,95,62,0,157,0,112,67,0,179,4,0,4,183
05/12/2020,HUM,LA,ASW,CE,Federal Contract Tower,0,14,2,0,16,0,77,55,0,132,0,91,57,0,148,18,0,18,166
05/13/2020,HUM,LA,ASW,CE,Federal Contract Tower,0,27,7,0,34,0,85,41,0,126,0,112,48,0,160,2,0,2,162
05/14/2020,HUM,LA,ASW,CE,Federal Contract Tower,0,64,12,0,76,0,44,23,0,67,0,108,35,0,143,2,0,2,145
05/15/2020,HUM,LA,ASW,CE,Federal Contract Tower,0,23,11,0,34,0,18,10,0,28,0,41,21,0,62,2,0,2,64
05/16/2020,HUM,LA,ASW,CE,Federal Contract Tower,0,24,3,0,27,0,29,12,0,41,0,53,15,0,68,34,0,34,102
05/17/2020,HUM,LA,ASW,CE,Federal Contract Tower,0,11,12,0,23,0,53,22,0,75,0,64,34,0,98,22,0,22,120
05/18/2020,HUM,LA,ASW,CE,Federal Contract Tower,0,25,3,0,28,0,83,45,0,128,0,108,48,0,156,26,0,26,182
05/19/2020,HUM,LA,ASW,CE,Federal Contract Tower,0,25,11,0,36,0,64,42,0,106,0,89,53,0,142,54,0,54,196
05/20/2020,HUM,LA,ASW,CE,Federal Contract Tower,0,20,6,0,26,0,98,44,0,142,0,118,50,0,168,24,0,24,192
05/21/2020,HUM,LA,ASW,CE,Federal Contract Tower,0,29,11,0,40,0,97,50,0,147,0,126,61,0,187,48,0,48,235
05/22/2020,HUM,LA,ASW,CE,Federal Contract Tower,0,11,11,0,22,0,48,42,0,90,0,59,53,0,112,46,0,46,158
05/23/2020,HUM,LA,ASW,CE,Federal Contract Tower,0,7,5,0,12,0,22,34,0,56,0,29,39,0,68,30,0,30,98
05/24/2020,HUM,LA,ASW,CE,Federal Contract Tower,0,20,4,0,24,0,29,33,0,62,0,49,37,0,86,42,0,42,128
05/25/2020,HUM,LA,ASW,CE,Federal Contract Tower,0,36,4,0,40,0,58,30,0,88,0,94,34,0,128,26,0,26,154
05/26/2020,HUM,LA,ASW,CE,Federal Contract Tower,0,50,7,0,57,0,65,28,0,93,0,115,35,0,150,46,0,46,196
05/27/2020,HUM,LA,ASW,CE,Federal Contract Tower,0,38,6,0,44,0,71,25,0,96,0,109,31,0,140,22,0,22,162
05/28/2020,HUM,LA,ASW,CE,Federal Contract Tower,0,32,12,0,44,0,63,41,0,104,0,95,53,0,148,42,0,42,190
05/29/2020,HUM,LA,ASW,CE,Federal Contract Tower,0,45,7,0,52,0,42,31,0,73,0,87,38,0,125,2,0,2,127
05/30/2020,HUM,LA,ASW,CE,Federal Contract Tower,0,17,12,0,29,0,58,32,0,90,0,75,44,0,119,22,0,22,141
05/31/2020,HUM,LA,ASW,CE,Federal Contract Tower,0,17,6,0,23,0,53,40,0,93,0,70,46,0,116,40,0,40,156
06/01/2020,HUM,LA,ASW,CE,Federal Contract Tower,0,38,4,0,42,0,77,44,0,121,0,115,48,0,163,48,0,48,211
06/02/2020,HUM,LA,ASW,CE,Federal Contract Tower,0,39,12,0,51,0,99,60,0,159,0,138,72,0,210,64,0,64,274
06/03/2020,HUM,LA,ASW,CE,Federal Contract Tower,0,65,7,0,72,0,88,26,0,114,0,153,33,0,186,8,0,8,194
06/04/2020,HUM,LA,ASW,CE,Federal Contract Tower,0,46,19,0,65,0,103,49,2,154,0,149,68,2,219,32,0,32,251
06/05/2020,HUM,LA,ASW,CE,Federal Contract Tower,0,28,6,2,36,0,107,44,0,151,0,135,50,2,187,14,0,14,201
06/06/2020,HUM,LA,ASW,CE,Federal Contract Tower,0,13,3,0,16,0,44,15,0,59,0,57,18,0,75,6,0,6,81
06/07/2020,HUM,LA,ASW,CE,Federal Contract Tower,0,0,1,0,1,0,0,0,0,0,0,0,1,0,1,0,0,0,1
06/08/2020,HUM,LA,ASW,CE,Federal Contract Tower,0,48,2,0,50,0,56,20,0,76,0,104,22,0,126,18,0,18,144
06/09/2020,HUM,LA,ASW,CE,Federal Contract Tower,0,97,19,0,116,0,133,30,0,163,0,230,49,0,279,16,0,16,295
06/10/2020,HUM,LA,ASW,CE,Federal Contract Tower,0,40,11,0,51,0,83,32,0,115,0,123,43,0,166,0,0,0,166
06/11/2020,HUM,LA,ASW,CE,Federal Contract Tower,0,31,14,0,45,0,125,47,0,172,0,156,61,0,217,22,0,22,239
06/12/2020,HUM,LA,ASW,CE,Federal Contract Tower,0,23,13,0,36,0,74,34,0,108,0,97,47,0,144,12,0,12,156
06/13/2020,HUM,LA,ASW,CE,Federal Contract Tower,0,9,4,0,13,0,70,24,0,94,0,79,28,0,107,10,0,10,117
06/14/2020,HUM,LA,ASW,CE,Federal Contract Tower,0,23,13,0,36,0,74,34,0,108,0,97,47,0,144,12,0,12,156
06/15/2020,HUM,LA,ASW,CE,Federal Contract Tower,0,21,9,0,30,0,102,41,4,147,0,123,50,4,177,26,2,28,205
06/16/2020,HUM,LA,ASW,CE,Federal Contract Tower,0,39,5,0,44,0,78,30,0,108,0,117,35,0,152,42,0,42,194
06/17/2020,HUM,LA,ASW,CE,Federal Contract Tower,0,20,9,0,29,0,59,51,0,110,0,79,60,0,139,16,0,16,155
06/18/2020,HUM,LA,ASW,CE,Federal Contract Tower,0,27,10,1,38,0,73,31,4,108,0,100,41,5,146,44,2,46,192
06/19/2020,HUM,LA,ASW,CE,Federal Contract Tower,0,25,17,0,42,0,64,33,0,97,0,89,50,0,139,0,0,0,139
06/20/2020,HUM,LA,ASW,CE,Federal Contract Tower,0,11,5,0,16,0,46,22,0,68,0,57,27,0,84,50,0,50,134
06/21/2020,HUM,LA,ASW,CE,Federal Contract Tower,0,12,13,0,25,0,46,21,0,67,0,58,34,0,92,46,0,46,138
06/22/2020,HUM,LA,ASW,CE,Federal Contract Tower,0,32,6,0,38,0,33,2,0,35,0,65,8,0,73,0,0,0,73
06/23/2020,HUM,LA,ASW,CE,Federal Contract Tower,0,53,5,0,58,0,73,11,2,86,0,126,16,2,144,0,0,0,144
06/24/2020,HUM,LA,ASW,CE,Federal Contract Tower,0,19,2,0,21,0,12,5,0,17,0,31,7,0,38,2,0,2,40
06/25/2020,HUM,LA,ASW,CE,Federal Contract Tower,0,98,9,0,107,0,55,10,0,65,0,153,19,0,172,4,0,4,176
06/26/2020,HUM,LA,ASW,CE,Federal Contract Tower,0,49,8,0,57,0,76,22,0,98,0,125,30,0,155,12,0,12,167
06/27/2020,HUM,LA,ASW,CE,Federal Contract Tower,0,24,4,0,28,0,66,18,0,84,0,90,22,0,112,24,0,24,136
06/28/2020,HUM,LA,ASW,CE,Federal Contract Tower,0,14,12,0,26,0,57,20,0,77,0,71,32,0,103,20,0,20,123
06/30/2020,HUM,LA,ASW,CE,Federal Contract Tower,0,35,5,0,40,0,103,52,0,155,0,138,57,0,195,48,0,48,243
07/01/2020,HUM,LA,ASW,CE,Federal Contract Tower,0,36,6,0,42,0,97,34,0,131,0,133,40,0,173,22,0,22,195
07/02/2020,HUM,LA,ASW,CE,Federal Contract Tower,0,38,8,0,46,0,77,33,0,110,0,115,41,0,156,36,0,36,192
07/03/2020,HUM,LA,ASW,CE,Federal Contract Tower,0,17,4,0,21,0,21,12,0,33,0,38,16,0,54,12,0,12,66
07/04/2020,HUM,LA,ASW,CE,Federal Contract Tower,0,31,14,0,45,0,64,16,0,80,0,95,30,0,125,0,0,0,125
07/05/2020,HUM,LA,ASW,CE,Federal Contract Tower,0,20,3,0,23,0,47,13,0,60,0,67,16,0,83,0,0,0,83
07/06/2020,HUM,LA,ASW,CE,Federal Contract Tower,0,46,0,0,46,0,55,19,0,74,0,101,19,0,120,0,0,0,120
07/07/2020,HUM,LA,ASW,CE,Federal Contract Tower,0,49,5,0,54,0,87,24,0,111,0,136,29,0,165,0,0,0,165
07/08/2020,HUM,LA,ASW,CE,Federal Contract Tower,0,37,7,0,44,0,102,38,0,140,0,139,45,0,184,34,0,34,218
07/09/2020,HUM,LA,ASW,CE,Federal Contract Tower,0,35,9,0,44,0,88,28,0,116,0,123,37,0,160,0,0,0,160
07/10/2020,HUM,LA,ASW,CE,Federal Contract Tower,0,29,6,2,37,0,58,36,0,94,0,87,42,2,131,2,0,2,133
07/11/2020,HUM,LA,ASW,CE,Federal Contract Tower,0,10,4,0,14,0,66,30,0,96,0,76,34,0,110,16,0,16,126
07/12/2020,HUM,LA,ASW,CE,Federal Contract Tower,0,20,9,0,29,0,37,17,0,54,0,57,26,0,83,8,0,8,91
07/13/2020,HUM,LA,ASW,CE,Federal Contract Tower,0,40,15,0,55,0,90,39,2,131,0,130,54,2,186,0,0,0,186
07/14/2020,HUM,LA,ASW,CE,Federal Contract Tower,0,37,3,0,40,0,101,36,0,137,0,138,39,0,177,24,0,24,201
07/15/2020,HUM,LA,ASW,CE,Federal Contract Tower,0,27,11,0,38,0,112,42,0,154,0,139,53,0,192,10,0,10,202
07/16/2020,HUM,LA,ASW,CE,Federal Contract Tower,0,41,15,0,56,0,54,18,0,72,0,95,33,0,128,6,0,6,134
07/17/2020,HUM,LA,ASW,CE,Federal Contract Tower,0,38,19,0,57,0,79,46,0,125,0,117,65,0,182,2,0,2,184
07/18/2020,HUM,LA,ASW,CE,Federal Contract Tower,0,16,5,0,21,0,52,28,0,80,0,68,33,0,101,30,0,30,131
07/19/2020,HUM,LA,ASW,CE,Federal Contract Tower,0,14,5,0,19,0,33,12,0,45,0,47,17,0,64,26,0,26,90
07/20/2020,HUM,LA,ASW,CE,Federal Contract Tower,0,37,4,0,41,0,72,42,0,114,0,109,46,0,155,42,0,42,197
07/21/2020,HUM,LA,ASW,CE,Federal Contract Tower,0,40,2,0,42,0,75,33,0,108,0,115,35,0,150,12,0,12,162
07/22/2020,HUM,LA,ASW,CE,Federal Contract Tower,0,35,8,0,43,0,86,31,0,117,0,121,39,0,160,2,0,2,162
07/23/2020,HUM,LA,ASW,CE,Federal Contract Tower,0,38,5,0,43,0,60,24,0,84,0,98,29,0,127,4,0,4,131
07/24/2020,HUM,LA,ASW,CE,Federal Contract Tower,0,33,5,0,38,0,27,18,2,47,0,60,23,2,85,18,0,18,103
07/25/2020,HUM,LA,ASW,CE,Federal Contract Tower,0,38,5,0,43,0,41,11,0,52,0,79,16,0,95,32,0,32,127
07/26/2020,HUM,LA,ASW,CE,Federal Contract Tower,0,10,10,0,20,0,14,7,0,21,0,24,17,0,41,6,0,6,47
07/27/2020,HUM,LA,ASW,CE,Federal Contract Tower,0,51,7,0,58,0,43,18,0,61,0,94,25,0,119,10,0,10,129
07/28/2020,HUM,LA,ASW,CE,Federal Contract Tower,0,67,4,0,71,0,67,30,1,98,0,134,34,1,169,20,0,20,189
07/29/2020,HUM,LA,ASW,CE,Federal Contract Tower,0,49,19,1,69,0,98,35,0,133,0,147,54,1,202,22,0,22,224
07/30/2020,HUM,LA,ASW,CE,Federal Contract Tower,0,32,17,0,49,0,64,29,0,93,0,96,46,0,142,26,0,26,168
08/01/2020,HUM,LA,ASW,CE,Federal Contract Tower,0,19,5,0,24,0,51,34,0,85,0,70,39,0,109,42,0,42,151
08/03/2020,HUM,LA,ASW,CE,Federal Contract Tower,0,25,4,0,29,0,69,39,0,108,0,94,43,0,137,12,0,12,149
08/04/2020,HUM,LA,ASW,CE,Federal Contract Tower,0,19,16,0,35,0,92,43,0,135,0,111,59,0,170,4,0,4,174
08/05/2020,HUM,LA,ASW,CE,Federal Contract Tower,0,28,4,0,32,0,115,36,0,151,0,143,40,0,183,6,0,6,189
08/06/2020,HUM,LA,ASW,CE,Federal Contract Tower,0,38,2,0,40,0,91,39,4,134,0,129,41,4,174,16,0,16,190
08/07/2020,HUM,LA,ASW,CE,Federal Contract Tower,0,29,11,0,40,0,65,28,4,97,0,94,39,4,137,8,6,14,151
08/08/2020,HUM,LA,ASW,CE,Federal Contract Tower,0,14,8,0,22,0,46,40,0,86,0,60,48,0,108,44,0,44,152
08/09/2020,HUM,LA,ASW,CE,Federal Contract Tower,0,27,12,0,39,0,79,35,0,114,0,106,47,0,153,12,0,12,165
08/11/2020,HUM,LA,ASW,CE,Federal Contract Tower,0,41,6,0,47,0,91,42,0,133,0,132,48,0,180,26,0,26,206
08/12/2020,HUM,LA,ASW,CE,Federal Contract Tower,0,17,15,0,32,0,124,38,0,162,0,141,53,0,194,30,0,30,224
08/13/2020,HUM,LA,ASW,CE,Federal Contract Tower,0,17,14,0,31,0,102,38,0,140,0,119,52,0,171,56,2,58,229
08/14/2020,HUM,LA,ASW,CE,Federal Contract Tower,0,20,7,0,27,0,74,44,0,118,0,94,51,0,145,10,0,10,155
08/15/2020,HUM,LA,ASW,CE,Federal Contract Tower,0,12,5,0,17,0,48,19,0,67,0,60,24,0,84,4,0,4,88
08/16/2020,HUM,LA,ASW,CE,Federal Contract Tower,0,18,6,0,24,0,59,33,0,92,0,77,39,0,116,44,0,44,160
08/17/2020,HUM,LA,ASW,CE,Federal Contract Tower,0,31,4,0,35,0,89,45,0,134,0,120,49,0,169,74,0,74,243
08/18/2020,HUM,LA,ASW,CE,Federal Contract Tower,0,31,9,0,40,0,95,27,0,122,0,126,36,0,162,4,0,4,166
08/19/2020,HUM,LA,ASW,CE,Federal Contract Tower,0,40,10,0,50,0,129,47,0,176,0,169,57,0,226,8,0,8,234
08/20/2020,HUM,LA,ASW,CE,Federal Contract Tower,0,51,6,0,57,0,106,38,0,144,0,157,44,0,201,16,0,16,217
08/21/2020,HUM,LA,ASW,CE,Federal Contract Tower,0,49,4,0,53,0,116,29,0,145,0,165,33,0,198,20,0,20,218
08/22/2020,HUM,LA,ASW,CE,Federal Contract Tower,0,59,8,0,67,0,96,39,0,135,0,155,47,0,202,8,0,8,210
08/23/2020,HUM,LA,ASW,CE,Federal Contract Tower,0,58,9,0,67,0,120,15,0,135,0,178,24,0,202,6,0,6,208
08/24/2020,HUM,LA,ASW,CE,Federal Contract Tower,0,0,0,0,0,0,4,0,0,4,0,4,0,0,4,6,0,6,10
08/25/2020,HUM,LA,ASW,CE,Federal Contract Tower,0,1,4,0,5,0,20,12,0,32,0,21,16,0,37,16,0,16,53
08/26/2020,HUM,LA,ASW,CE,Federal Contract Tower,0,0,3,0,3,0,0,0,0,0,0,0,3,0,3,0,0,0,3
08/27/2020,HUM,LA,ASW,CE,Federal Contract Tower,0,0,3,2,5,0,18,2,7,27,0,18,5,9,32,0,0,0,32
08/28/2020,HUM,LA,ASW,CE,Federal Contract Tower,0,24,7,0,31,0,186,18,4,208,0,210,25,4,239,0,0,0,239
08/29/2020,HUM,LA,ASW,CE,Federal Contract Tower,0,13,2,0,15,0,140,22,0,162,0,153,24,0,177,18,0,18,195
08/30/2020,HUM,LA,ASW,CE,Federal Contract Tower,0,21,4,0,25,0,51,12,0,63,0,72,16,0,88,6,0,6,94
08/31/2020,HUM,LA,ASW,CE,Federal Contract Tower,0,56,5,0,61,0,77,27,0,104,0,133,32,0,165,6,0,6,171
09/01/2020,HUM,LA,ASW,CE,Federal Contract Tower,0,35,13,0,48,0,113,47,2,162,0,148,60,2,210,4,0,4,214
09/02/2020,HUM,LA,ASW,CE,Federal Contract Tower,0,33,10,0,43,0,133,42,0,175,0,166,52,0,218,30,0,30,248
09/03/2020,HUM,LA,ASW,CE,Federal Contract Tower,0,46,8,0,54,0,98,33,0,131,0,144,41,0,185,16,0,16,201
09/04/2020,HUM,LA,ASW,CE,Federal Contract Tower,0,31,13,0,44,0,75,46,0,121,0,106,59,0,165,8,0,8,173
09/05/2020,HUM,LA,ASW,CE,Federal Contract Tower,0,13,0,0,13,0,59,26,0,85,0,72,26,0,98,14,0,14,112
09/06/2020,HUM,LA,ASW,CE,Federal Contract Tower,0,22,5,0,27,0,80,27,0,107,0,102,32,0,134,0,0,0,134
09/07/2020,HUM,LA,ASW,CE,Federal Contract Tower,0,34,11,0,45,0,88,35,0,123,0,122,46,0,168,40,0,40,208
09/08/2020,HUM,LA,ASW,CE,Federal Contract Tower,0,32,12,0,44,0,92,36,0,128,0,124,48,0,172,6,0,6,178
09/09/2020,HUM,LA,ASW,CE,Federal Contract Tower,0,31,5,0,36,0,97,41,0,138,0,128,46,0,174,48,0,48,222
09/10/2020,HUM,LA,ASW,CE,Federal Contract Tower,0,27,7,0,34,0,103,49,0,152,0,130,56,0,186,32,0,32,218
09/11/2020,HUM,LA,ASW,CE,Federal Contract Tower,0,33,18,0,51,0,63,18,0,81,0,96,36,0,132,22,0,22,154
09/12/2020,HUM,LA,ASW,CE,Federal Contract Tower,0,52,11,0,63,0,76,7,0,83,0,128,18,0,146,2,0,2,148
09/13/2020,HUM,LA,ASW,CE,Federal Contract Tower,0,61,10,0,71,0,122,15,0,137,0,183,25,0,208,0,0,0,208
09/14/2020,HUM,LA,ASW,CE,Federal Contract Tower,0,9,8,3,20,0,20,6,0,26,0,29,14,3,46,0,0,0,46
09/15/2020,HUM,LA,ASW,CE,Federal Contract Tower,0,16,5,0,21,0,61,22,0,83,0,77,27,0,104,10,0,10,114
09/16/2020,HUM,LA,ASW,CE,Federal Contract Tower,0,37,4,0,41,0,164,22,0,186,0,201,26,0,227,4,0,4,231
09/17/2020,HUM,LA,ASW,CE,Federal Contract Tower,0,46,8,1,55,0,122,23,0,145,0,168,31,1,200,6,10,16,216
09/18/2020,HUM,LA,ASW,CE,Federal Contract Tower,0,46,10,0,56,0,88,18,0,106,0,134,28,0,162,0,0,0,162
09/19/2020,HUM,LA,ASW,CE,Federal Contract Tower,0,27,8,0,35,0,6,0,0,6,0,33,8,0,41,10,0,10,51
09/20/2020,HUM,LA,ASW,CE,Federal Contract Tower,0,33,5,0,38,0,0,0,0,0,0,33,5,0,38,0,0,0,38
09/21/2020,HUM,LA,ASW,CE,Federal Contract Tower,0,44,8,0,52,0,4,0,0,4,0,48,8,0,56,0,0,0,56
09/22/2020,HUM,LA,ASW,CE,Federal Contract Tower,0,56,9,0,65,0,19,2,0,21,0,75,11,0,86,0,0,0,86
09/23/2020,HUM,LA,ASW,CE,Federal Contract Tower,0,66,6,0,72,0,90,14,0,104,0,156,20,0,176,0,0,0,176
09/24/2020,HUM,LA,ASW,CE,Federal Contract Tower,0,45,2,2,49,0,111,37,0,148,0,156,39,2,197,28,0,28,225
09/25/2020,HUM,LA,ASW,CE,Federal Contract Tower,0,26,8,4,38,0,100,34,0,134,0,126,42,4,172,8,10,18,190
09/26/2020,HUM,LA,ASW,CE,Federal Contract Tower,0,19,5,0,24,0,67,33,0,100,0,86,38,0,124,22,0,22,146
09/27/2020,HUM,LA,ASW,CE,Federal Contract Tower,0,26,5,0,31,0,51,24,0,75,0,77,29,0,106,46,0,46,152
09/28/2020,HUM,LA,ASW,CE,Federal Contract Tower,0,26,7,2,35,0,115,34,2,151,0,141,41,4,186,44,0,44,230
09/29/2020,HUM,LA,ASW,CE,Federal Contract Tower,0,49,10,0,59,0,121,48,0,169,0,170,58,0,228,16,0,16,244
09/30/2020,HUM,LA,ASW,CE,Federal Contract Tower,0,42,15,0,57,0,120,49,0,169,0,162,64,0,226,14,0,14,240
10/01/2020,HUM,LA,ASW,CE,Federal Contract Tower,0,33,10,0,43,0,114,40,0,154,0,147,50,0,197,30,0,30,227
10/02/2020,HUM,LA,ASW,CE,Federal Contract Tower,0,13,7,0,20,0,92,50,0,142,0,105,57,0,162,20,0,20,182
10/03/2020,HUM,LA,ASW,CE,Federal Contract Tower,0,19,5,0,24,0,67,26,2,95,0,86,31,2,119,30,0,30,149
10/04/2020,HUM,LA,ASW,CE,Federal Contract Tower,0,36,7,0,43,0,77,44,0,121,0,113,51,0,164,34,0,34,198
10/05/2020,HUM,LA,ASW,CE,Federal Contract Tower,0,59,11,0,70,0,176,51,0,227,0,235,62,0,297,16,0,16,313
10/06/2020,HUM,LA,ASW,CE,Federal Contract Tower,0,134,7,0,141,0,94,38,0,132,0,228,45,0,273,8,0,8,281
10/07/2020,HUM,LA,ASW,CE,Federal Contract Tower,0,91,5,0,96,0,73,17,0,90,0,164,22,0,186,8,0,8,194
10/08/2020,HUM,LA,ASW,CE,Federal Contract Tower,0,28,7,0,35,0,2,6,0,8,0,30,13,0,43,22,0,22,65
10/09/2020,HUM,LA,ASW,CE,Federal Contract Tower,0,0,2,0,2,0,0,0,0,0,0,0,2,0,2,0,0,0,2
10/12/2020,HUM,LA,ASW,CE,Federal Contract Tower,0,71,7,0,78,0,127,25,0,152,0,198,32,0,230,18,0,18,248
10/13/2020,HUM,LA,ASW,CE,Federal Contract Tower,0,72,10,0,82,0,79,52,0,131,0,151,62,0,213,10,0,10,223
10/14/2020,HUM,LA,ASW,CE,Federal Contract Tower,0,47,6,0,53,0,128,35,0,163,0,175,41,0,216,24,0,24,240
10/15/2020,HUM,LA,ASW,CE,Federal Contract Tower,0,51,12,0,63,0,101,37,0,138,0,152,49,0,201,14,0,14,215
10/16/2020,HUM,LA,ASW,CE,Federal Contract Tower,0,71,10,0,81,0,44,9,0,53,0,115,19,0,134,2,0,2,136
10/17/2020,HUM,LA,ASW,CE,Federal Contract Tower,0,25,5,0,30,0,59,27,1,87,0,84,32,1,117,16,0,16,133
10/18/2020,HUM,LA,ASW,CE,Federal Contract Tower,0,20,10,0,30,0,68,37,0,105,0,88,47,0,135,24,0,24,159
10/19/2020,HUM,LA,ASW,CE,Federal Contract Tower,0,50,14,0,64,0,56,26,0,82,0,106,40,0,146,14,0,14,160
10/20/2020,HUM,LA,ASW,CE,Federal Contract Tower,0,68,13,0,81,0,89,39,0,128,0,157,52,0,209,44,0,44,253
10/21/2020,HUM,LA,ASW,CE,Federal Contract Tower,0,70,14,0,84,0,101,36,0,137,0,171,50,0,221,0,0,0,221
10/22/2020,HUM,LA,ASW,CE,Federal Contract Tower,0,79,10,0,89,0,64,27,0,91,0,143,37,0,180,12,0,12,192
10/23/2020,HUM,LA,ASW,CE,Federal Contract Tower,0,60,5,0,65,0,50,20,0,70,0,110,25,0,135,0,0,0,135
10/24/2020,HUM,LA,ASW,CE,Federal Contract Tower,0,44,10,0,54,0,34,7,0,41,0,78,17,0,95,6,0,6,101
10/25/2020,HUM,LA,ASW,CE,Federal Contract Tower,0,90,6,0,96,0,49,20,0,69,0,139,26,0,165,12,0,12,177
10/26/2020,HUM,LA,ASW,CE,Federal Contract Tower,0,53,4,0,57,0,133,42,0,175,0,186,46,0,232,14,0,14,246
10/27/2020,HUM,LA,ASW,CE,Federal Contract Tower,0,102,12,0,114,0,72,25,0,97,0,174,37,0,211,0,0,0,211
10/28/2020,HUM,LA,ASW,CE,Federal Contract Tower,0,2,4,0,6,0,0,1,0,1,0,2,5,0,7,0,0,0,7
10/29/2020,HUM,LA,ASW,CE,Federal Contract Tower,0,22,5,0,27,0,227,41,16,284,0,249,46,16,311,0,0,0,311
10/30/2020,HUM,LA,ASW,CE,Federal Contract Tower,0,74,9,0,83,0,174,24,9,207,0,248,33,9,290,6,0,6,296
10/31/2020,HUM,LA,ASW,CE,Federal Contract Tower,0,27,3,0,30,0,84,24,0,108,0,111,27,0,138,18,0,18,156
11/01/2020,HUM,LA,ASW,CE,Federal Contract Tower,0,17,5,0,22,0,77,21,0,98,0,94,26,0,120,22,0,22,142
11/02/2020,HUM,LA,ASW,CE,Federal Contract Tower,0,10,5,0,15,0,119,24,0,143,0,129,29,0,158,10,0,10,168
11/03/2020,HUM,LA,ASW,CE,Federal Contract Tower,0,29,5,0,34,0,125,28,0,153,0,154,33,0,187,28,0,28,215
11/04/2020,HUM,LA,ASW,CE,Federal Contract Tower,0,30,7,1,38,0,123,25,0,148,0,153,32,1,186,12,0,12,198
11/05/2020,HUM,LA,ASW,CE,Federal Contract Tower,0,27,10,2,39,0,115,23,0,138,0,142,33,2,177,10,0,10,187
11/06/2020,HUM,LA,ASW,CE,Federal Contract Tower,0,25,6,0,31,0,99,20,0,119,0,124,26,0,150,2,0,2,152
11/07/2020,HUM,LA,ASW,CE,Federal Contract Tower,0,15,7,0,22,0,35,13,0,48,0,50,20,0,70,18,0,18,88
11/08/2020,HUM,LA,ASW,CE,Federal Contract Tower,0,50,7,0,57,0,38,1,0,39,0,88,8,0,96,4,0,4,100
11/09/2020,HUM,LA,ASW,CE,Federal Contract Tower,0,49,12,0,61,0,98,22,0,120,0,147,34,0,181,40,0,40,221
11/10/2020,HUM,LA,ASW,CE,Federal Contract Tower,0,79,9,0,88,0,37,9,0,46,0,116,18,0,134,0,0,0,134
11/11/2020,HUM,LA,ASW,CE,Federal Contract Tower,0,82,14,0,96,0,46,14,0,60,0,128,28,0,156,26,0,26,182
11/12/2020,HUM,LA,ASW,CE,Federal Contract Tower,0,60,9,0,69,0,128,33,2,163,0,188,42,2,232,12,0,12,244
11/13/2020,HUM,LA,ASW,CE,Federal Contract Tower,0,18,8,2,28,0,80,26,0,106,0,98,34,2,134,10,0,10,144
11/14/2020,HUM,LA,ASW,CE,Federal Contract Tower,0,26,5,0,31,0,61,22,0,83,0,87,27,0,114,4,0,4,118
11/15/2020,HUM,LA,ASW,CE,Federal Contract Tower,0,32,7,2,41,0,56,23,1,80,0,88,30,3,121,2,10,12,133
11/16/2020,HUM,LA,ASW,CE,Federal Contract Tower,0,18,13,0,31,0,78,22,0,100,0,96,35,0,131,6,0,6,137
11/17/2020,HUM,LA,ASW,CE,Federal Contract Tower,0,25,6,0,31,0,96,27,0,123,0,121,33,0,154,12,0,12,166
11/18/2020,HUM,LA,ASW,CE,Federal Contract Tower,0,38,11,0,49,0,112,16,0,128,0,150,27,0,177,4,0,4,181
11/19/2020,HUM,LA,ASW,CE,Federal Contract Tower,0,41,7,0,48,0,101,17,0,118,0,142,24,0,166,8,0,8,174
11/20/2020,HUM,LA,ASW,CE,Federal Contract Tower,0,26,23,0,49,0,68,23,0,91,0,94,46,0,140,8,0,8,148
11/21/2020,HUM,LA,ASW,CE,Federal Contract Tower,0,8,5,0,13,0,55,33,0,88,0,63,38,0,101,40,0,40,141
11/22/2020,HUM,LA,ASW,CE,Federal Contract Tower,0,21,6,0,27,0,61,29,0,90,0,82,35,0,117,10,0,10,127
11/23/2020,HUM,LA,ASW,CE,Federal Contract Tower,0,45,8,1,54,0,51,39,4,94,0,96,47,5,148,34,4,38,186
11/24/2020,HUM,LA,ASW,CE,Federal Contract Tower,0,42,10,1,53,0,121,29,2,152,0,163,39,3,205,4,2,6,211
11/25/2020,HUM,LA,ASW,CE,Federal Contract Tower,0,58,13,0,71,0,108,17,0,125,0,166,30,0,196,50,0,50,246
11/26/2020,HUM,LA,ASW,CE,Federal Contract Tower,0,75,4,0,79,0,20,3,0,23,0,95,7,0,102,18,0,18,120
11/27/2020,HUM,LA,ASW,CE,Federal Contract Tower,0,34,7,0,41,0,37,9,0,46,0,71,16,0,87,20,0,20,107
11/28/2020,HUM,LA,ASW,CE,Federal Contract Tower,0,22,9,0,31,0,22,3,0,25,0,44,12,0,56,12,0,12,68
11/29/2020,HUM,LA,ASW,CE,Federal Contract Tower,0,27,13,0,40,0,5,0,0,5,0,32,13,0,45,0,0,0,45
11/30/2020,HUM,LA,ASW,CE,Federal Contract Tower,0,31,14,0,45,0,87,24,0,111,0,118,38,0,156,4,0,4,160
12/01/2020,HUM,LA,ASW,CE,Federal Contract Tower,0,25,11,0,36,0,122,25,0,147,0,147,36,0,183,52,0,52,235
12/02/2020,HUM,LA,ASW,CE,Federal Contract Tower,0,32,16,0,48,0,122,33,0,155,0,154,49,0,203,6,0,6,209
12/03/2020,HUM,LA,ASW,CE,Federal Contract Tower,0,77,6,2,85,0,61,2,0,63,0,138,8,2,148,2,0,2,150
12/04/2020,HUM,LA,ASW,CE,Federal Contract Tower,0,51,5,0,56,0,62,15,0,77,0,113,20,0,133,10,0,10,143
12/05/2020,HUM,LA,ASW,CE,Federal Contract Tower,0,20,3,0,23,0,56,17,0,73,0,76,20,0,96,10,0,10,106
12/06/2020,HUM,LA,ASW,CE,Federal Contract Tower,0,29,5,0,34,0,43,6,0,49,0,72,11,0,83,8,0,8,91
12/07/2020,HUM,LA,ASW,CE,Federal Contract Tower,0,18,5,0,23,0,132,27,0,159,0,150,32,0,182,36,0,36,218
12/08/2020,HUM,LA,ASW,CE,Federal Contract Tower,0,37,12,2,51,0,132,28,0,160,0,169,40,2,211,0,0,0,211
12/09/2020,HUM,LA,ASW,CE,Federal Contract Tower,0,55,9,0,64,0,144,36,0,180,0,199,45,0,244,36,0,36,280
12/10/2020,HUM,LA,ASW,CE,Federal Contract Tower,0,46,4,2,52,0,83,18,0,101,0,129,22,2,153,12,0,12,165
12/11/2020,HUM,LA,ASW,CE,Federal Contract Tower,0,28,16,0,44,0,92,17,0,109,0,120,33,0,153,18,0,18,171
12/12/2020,HUM,LA,ASW,CE,Federal Contract Tower,0,37,2,0,39,0,21,2,0,23,0,58,4,0,62,8,0,8,70
12/13/2020,HUM,LA,ASW,CE,Federal Contract Tower,0,32,10,0,42,0,44,9,0,53,0,76,19,0,95,22,0,22,117
12/15/2020,HUM,LA,ASW,CE,Federal Contract Tower,0,64,7,0,71,0,99,17,0,116,0,163,24,0,187,6,0,6,193
12/16/2020,HUM,LA,ASW,CE,Federal Contract Tower,0,75,7,0,82,0,90,8,0,98,0,165,15,0,180,6,0,6,186
12/17/2020,HUM,LA,ASW,CE,Federal Contract Tower,0,28,12,0,40,0,135,18,0,153,0,163,30,0,193,2,0,2,195
12/18/2020,HUM,LA,ASW,CE,Federal Contract Tower,0,32,15,0,47,0,74,36,1,111,0,106,51,1,158,24,0,24,182
12/19/2020,HUM,LA,ASW,CE,Federal Contract Tower,0,10,2,0,12,0,50,23,0,73,0,60,25,0,85,14,0,14,99
12/20/2020,HUM,LA,ASW,CE,Federal Contract Tower,0,52,12,0,64,0,20,7,0,27,0,72,19,0,91,6,0,6,97
12/21/2020,HUM,LA,ASW,CE,Federal Contract Tower,0,24,9,0,33,0,86,22,0,108,0,110,31,0,141,2,0,2,143
12/23/2020,HUM,LA,ASW,CE,Federal Contract Tower,0,53,6,0,59,0,99,11,0,110,0,152,17,0,169,22,0,22,191
12/24/2020,HUM,LA,ASW,CE,Federal Contract Tower,0,45,0,0,45,0,62,6,0,68,0,107,6,0,113,0,0,0,113
12/25/2020,HUM,LA,ASW,CE,Federal Contract Tower,0,6,0,0,6,0,34,1,0,35,0,40,1,0,41,2,0,2,43
12/26/2020,HUM,LA,ASW,CE,Federal Contract Tower,0,5,5,0,10,0,35,31,0,66,0,40,36,0,76,20,0,20,96
12/28/2020,HUM,LA,ASW,CE,Federal Contract Tower,0,20,3,0,23,0,79,27,0,106,0,99,30,0,129,4,0,4,133
12/29/2020,HUM,LA,ASW,CE,Federal Contract Tower,0,30,3,0,33,0,70,34,0,104,0,100,37,0,137,16,0,16,153
12/31/2020,HUM,LA,ASW,CE,Federal Contract Tower,0,56,3,0,59,0,76,11,0,87,0,132,14,0,146,10,0,10,156
01/01/2021,HUM,LA,ASW,CE,Federal Contract Tower,0,21,9,0,30,0,66,7,0,73,0,87,16,0,103,0,0,0,103
01/02/2021,HUM,LA,ASW,CE,Federal Contract Tower,0,10,2,0,12,0,38,11,0,49,0,48,13,0,61,8,0,8,69
01/03/2021,HUM,LA,ASW,CE,Federal Contract Tower,0,14,4,0,18,0,85,23,0,108,0,99,27,0,126,8,0,8,134
01/04/2021,HUM,LA,ASW,CE,Federal Contract Tower,0,22,7,0,29,0,84,27,0,111,0,106,34,0,140,18,0,18,158
01/05/2021,HUM,LA,ASW,CE,Federal Contract Tower,0,26,11,0,37,0,121,31,0,152,0,147,42,0,189,20,0,20,209
01/06/2021,HUM,LA,ASW,CE,Federal Contract Tower,0,39,9,0,48,0,128,30,0,158,0,167,39,0,206,8,0,8,214
01/07/2021,HUM,LA,ASW,CE,Federal Contract Tower,0,55,14,0,69,0,91,14,2,107,0,146,28,2,176,12,0,12,188
01/08/2021,HUM,LA,ASW,CE,Federal Contract Tower,0,38,6,0,44,0,81,13,0,94,0,119,19,0,138,0,0,0,138
01/09/2021,HUM,LA,ASW,CE,Federal Contract Tower,0,9,5,0,14,0,68,24,2,94,0,77,29,2,108,12,10,22,130
01/11/2021,HUM,LA,ASW,CE,Federal Contract Tower,0,64,2,0,66,0,19,0,0,19,0,83,2,0,85,4,0,4,89
01/12/2021,HUM,LA,ASW,CE,Federal Contract Tower,0,33,10,0,43,0,111,16,0,127,0,144,26,0,170,34,0,34,204
01/13/2021,HUM,LA,ASW,CE,Federal Contract Tower,0,43,10,0,53,0,97,23,0,120,0,140,33,0,173,4,0,4,177
01/15/2021,HUM,LA,ASW,CE,Federal Contract Tower,0,21,4,4,29,0,84,17,0,101,0,105,21,4,130,2,0,2,132
01/16/2021,HUM,LA,ASW,CE,Federal Contract Tower,0,14,5,0,19,0,72,20,0,92,0,86,25,0,111,8,0,8,119
01/17/2021,HUM,LA,ASW,CE,Federal Contract Tower,0,19,17,0,36,0,47,18,0,65,0,66,35,0,101,6,0,6,107
01/18/2021,HUM,LA,ASW,CE,Federal Contract Tower,0,28,9,0,37,0,99,33,0,132,0,127,42,0,169,6,0,6,175
01/19/2021,HUM,LA,ASW,CE,Federal Contract Tower,0,31,10,0,41,0,133,34,0,167,0,164,44,0,208,30,0,30,238
01/20/2021,HUM,LA,ASW,CE,Federal Contract Tower,0,56,18,4,78,0,116,10,0,126,0,172,28,4,204,0,0,0,204
01/21/2021,HUM,LA,ASW,CE,Federal Contract Tower,0,45,5,2,52,0,120,26,0,146,0,165,31,2,198,0,4,4,202
01/22/2021,HUM,LA,ASW,CE,Federal Contract Tower,0,83,10,0,93,0,0,0,0,0,0,83,10,0,93,0,0,0,93
01/23/2021,HUM,LA,ASW,CE,Federal Contract Tower,0,59,6,0,65,0,0,0,0,0,0,59,6,0,65,0,0,0,65
01/24/2021,HUM,LA,ASW,CE,Federal Contract Tower,0,40,6,0,46,0,28,13,0,41,0,68,19,0,87,10,0,10,97
01/25/2021,HUM,LA,ASW,CE,Federal Contract Tower,0,59,10,0,69,0,13,2,0,15,0,72,12,0,84,2,0,2,86
01/26/2021,HUM,LA,ASW,CE,Federal Contract Tower,0,95,11,0,106,0,14,3,0,17,0,109,14,0,123,6,0,6,129
01/27/2021,HUM,LA,ASW,CE,Federal Contract Tower,0,93,16,0,109,0,51,17,0,68,0,144,33,0,177,14,0,14,191
01/28/2021,HUM,LA,ASW,CE,Federal Contract Tower,0,52,9,0,61,0,95,25,0,120,0,147,34,0,181,14,0,14,195
01/29/2021,HUM,LA,ASW,CE,Federal Contract Tower,0,28,6,0,34,0,98,22,0,120,0,126,28,0,154,10,0,10,164
01/30/2021,HUM,LA,ASW,CE,Federal Contract Tower,0,11,5,0,16,0,67,20,2,89,0,78,25,2,105,16,0,16,121
01/31/2021,HUM,LA,ASW,CE,Federal Contract Tower,0,31,4,0,35,0,64,11,0,75,0,95,15,0,110,8,0,8,118
02/01/2021,HUM,LA,ASW,CE,Federal Contract Tower,0,18,3,0,21,0,63,26,0,89,0,81,29,0,110,10,0,10,120
02/02/2021,HUM,LA,ASW,CE,Federal Contract Tower,0,52,5,0,57,0,100,35,0,135,0,152,40,0,192,2,0,2,194
02/03/2021,HUM,LA,ASW,CE,Federal Contract Tower,0,42,4,0,46,0,132,31,0,163,0,174,35,0,209,8,0,8,217
02/04/2021,HUM,LA,ASW,CE,Federal Contract Tower,0,45,5,0,50,0,135,31,0,166,0,180,36,0,216,4,0,4,220
02/05/2021,HUM,LA,ASW,CE,Federal Contract Tower,0,74,6,0,80,0,38,7,0,45,0,112,13,0,125,8,0,8,133
02/06/2021,HUM,LA,ASW,CE,Federal Contract Tower,0,45,6,0,51,0,0,0,0,0,0,45,6,0,51,20,0,20,71
02/08/2021,HUM,LA,ASW,CE,Federal Contract Tower,0,47,8,0,55,0,100,23,2,125,0,147,31,2,180,0,0,0,180
02/09/2021,HUM,LA,ASW,CE,Federal Contract Tower,0,74,10,0,84,0,15,15,0,30,0,89,25,0,114,10,0,10,124
02/10/2021,HUM,LA,ASW,CE,Federal Contract Tower,0,103,7,1,111,0,29,9,0,38,0,132,16,1,149,10,0,10,159
02/11/2021,HUM,LA,ASW,CE,Federal Contract Tower,0,95,18,0,113,0,41,7,0,48,0,136,25,0,161,8,0,8,169
02/12/2021,HUM,LA,ASW,CE,Federal Contract Tower,0,2,8,0,10,0,0,0,0,0,0,2,8,0,10,2,0,2,12
02/13/2021,HUM,LA,ASW,CE,Federal Contract Tower,0,80,8,0,88,0,17,6,0,23,0,97,14,0,111,0,0,0,111
02/15/2021,HUM,LA,ASW,CE,Federal Contract Tower,0,0,6,0,6,0,0,0,0,0,0,0,6,0,6,0,0,0,6
02/16/2021,HUM,LA,ASW,CE,Federal Contract Tower,0,7,6,0,13,0,102,9,0,111,0,109,15,0,124,6,0,6,130
02/17/2021,HUM,LA,ASW,CE,Federal Contract Tower,0,50,5,0,55,0,14,1,0,15,0,64,6,0,70,2,0,2,72
02/18/2021,HUM,LA,ASW,CE,Federal Contract Tower,0,84,9,0,93,0,15,0,0,15,0,99,9,0,108,0,0,0,108
02/19/2021,HUM,LA,ASW,CE,Federal Contract Tower,0,71,15,0,86,0,114,22,0,136,0,185,37,0,222,12,0,12,234
02/20/2021,HUM,LA,ASW,CE,Federal Contract Tower,0,32,8,0,40,0,79,41,1,121,0,111,49,1,161,4,2,6,167
02/21/2021,HUM,LA,ASW,CE,Federal Contract Tower,0,30,13,0,43,0,64,24,0,88,0,94,37,0,131,20,0,20,151
02/22/2021,HUM,LA,ASW,CE,Federal Contract Tower,0,28,9,1,38,0,93,30,0,123,0,121,39,1,161,8,0,8,169
02/23/2021,HUM,LA,ASW,CE,Federal Contract Tower,0,34,14,2,50,0,111,34,4,149,0,145,48,6,199,14,0,14,213
02/24/2021,HUM,LA,ASW,CE,Federal Contract Tower,0,55,15,0,70,0,112,38,0,150,0,167,53,0,220,12,0,12,232
02/25/2021,HUM,LA,ASW,CE,Federal Contract Tower,0,45,13,0,58,0,83,15,0,98,0,128,28,0,156,16,0,16,172
02/26/2021,HUM,LA,ASW,CE,Federal Contract Tower,0,59,20,0,79,0,49,18,0,67,0,108,38,0,146,8,0,8,154
02/27/2021,HUM,LA,ASW,CE,Federal Contract Tower,0,22,13,1,36,0,25,9,1,35,0,47,22,2,71,10,0,10,81
02/28/2021,HUM,LA,ASW,CE,Federal Contract Tower,0,34,10,0,44,0,29,9,0,38,0,63,19,0,82,20,0,20,102
03/01/2021,HUM,LA,ASW,CE,Federal Contract Tower,0,66,8,0,74,0,25,4,0,29,0,91,12,0,103,8,0,8,111
03/02/2021,HUM,LA,ASW,CE,Federal Contract Tower,0,103,8,0,111,0,0,0,0,0,0,103,8,0,111,0,0,0,111
03/03/2021,HUM,LA,ASW,CE,Federal Contract Tower,0,74,11,1,86,0,104,25,0,129,0,178,36,1,215,16,0,16,231
03/04/2021,HUM,LA,ASW,CE,Federal Contract Tower,0,40,14,0,54,0,127,32,0,159,0,167,46,0,213,24,0,24,237
03/05/2021,HUM,LA,ASW,CE,Federal Contract Tower,0,38,5,0,43,0,97,40,0,137,0,135,45,0,180,42,2,44,224
03/06/2021,HUM,LA,ASW,CE,Federal Contract Tower,0,10,8,0,18,0,70,30,0,100,0,80,38,0,118,42,0,42,160
03/07/2021,HUM,LA,ASW,CE,Federal Contract Tower,0,32,8,0,40,0,77,34,0,111,0,109,42,0,151,54,0,54,205
03/08/2021,HUM,LA,ASW,CE,Federal Contract Tower,0,37,11,0,48,0,95,35,0,130,0,132,46,0,178,28,1,29,207
03/09/2021,HUM,LA,ASW,CE,Federal Contract Tower,0,36,10,0,46,0,122,23,0,145,0,158,33,0,191,12,0,12,203
03/10/2021,HUM,LA,ASW,CE,Federal Contract Tower,0,33,8,0,41,0,123,26,0,149,0,156,34,0,190,18,0,18,208
03/11/2021,HUM,LA,ASW,CE,Federal Contract Tower,0,33,8,1,42,0,134,14,0,148,0,167,22,1,190,16,2,18,208
03/12/2021,HUM,LA,ASW,CE,Federal Contract Tower,0,39,5,2,46,0,109,22,0,131,0,148,27,2,177,8,0,8,185
03/13/2021,HUM,LA,ASW,CE,Federal Contract Tower,0,31,3,0,34,0,48,13,0,61,0,79,16,0,95,14,0,14,109
03/15/2021,HUM,LA,ASW,CE,Federal Contract Tower,0,69,4,0,73,0,32,7,0,39,0,101,11,0,112,0,0,0,112
03/16/2021,HUM,LA,ASW,CE,Federal Contract Tower,0,63,14,0,77,0,102,13,0,115,0,165,27,0,192,32,0,32,224
03/17/2021,HUM,LA,ASW,CE,Federal Contract Tower,0,91,9,0,100,0,47,3,0,50,0,138,12,0,150,12,0,12,162
03/18/2021,HUM,LA,ASW,CE,Federal Contract Tower,0,42,8,1,51,0,114,34,0,148,0,156,42,1,199,12,6,18,217
03/19/2021,HUM,LA,ASW,CE,Federal Contract Tower,0,31,5,0,36,0,85,33,0,118,0,116,38,0,154,6,0,6,160
03/20/2021,HUM,LA,ASW,CE,Federal Contract Tower,0,12,8,0,20,0,41,33,2,76,0,53,41,2,96,14,0,14,110
03/21/2021,HUM,LA,ASW,CE,Federal Contract Tower,0,20,15,0,35,0,48,34,0,82,0,68,49,0,117,44,0,44,161
03/22/2021,HUM,LA,ASW,CE,Federal Contract Tower,0,29,8,0,37,0,95,33,0,128,0,124,41,0,165,10,0,10,175
03/23/2021,HUM,LA,ASW,CE,Federal Contract Tower,0,46,4,0,50,0,38,3,1,42,0,84,7,1,92,0,0,0,92
03/24/2021,HUM,LA,ASW,CE,Federal Contract Tower,0,67,7,0,74,0,55,18,0,73,0,122,25,0,147,72,0,72,219
03/25/2021,HUM,LA,ASW,CE,Federal Contract Tower,0,100,7,0,107,0,11,0,0,11,0,111,7,0,118,0,0,0,118
03/26/2021,HUM,LA,ASW,CE,Federal Contract Tower,0,66,12,0,78,0,36,11,0,47,0,102,23,0,125,12,0,12,137
03/27/2021,HUM,LA,ASW,CE,Federal Contract Tower,0,30,6,0,36,0,59,21,0,80,0,89,27,0,116,48,0,48,164
03/28/2021,HUM,LA,ASW,CE,Federal Contract Tower,0,28,16,0,44,0,38,28,0,66,0,66,44,0,110,78,0,78,188
03/29/2021,HUM,LA,ASW,CE,Federal Contract Tower,0,33,6,0,39,0,103,53,0,156,0,136,59,0,195,40,0,40,235
03/30/2021,HUM,LA,ASW,CE,Federal Contract Tower,0,98,23,0,121,0,50,22,0,72,0,148,45,0,193,22,0,22,215
03/31/2021,HUM,LA,ASW,CE,Federal Contract Tower,0,87,14,0,101,0,48,17,0,65,0,135,31,0,166,18,0,18,184
04/01/2021,HUM,LA,ASW,CE,Federal Contract Tower,0,50,8,0,58,0,93,34,2,129,0,143,42,2,187,30,0,30,217
04/02/2021,HUM,LA,ASW,CE,Federal Contract Tower,0,43,10,0,53,0,92,38,0,130,0,135,48,0,183,52,0,52,235
04/03/2021,HUM,LA,ASW,CE,Federal Contract Tower,0,9,9,0,18,0,50,39,0,89,0,59,48,0,107,20,0,20,127
04/04/2021,HUM,LA,ASW,CE,Federal Contract Tower,0,18,6,0,24,0,47,19,0,66,0,65,25,0,90,0,0,0,90
04/05/2021,HUM,LA,ASW,CE,Federal Contract Tower,0,41,9,0,50,0,99,59,0,158,0,140,68,0,208,28,0,28,236
04/06/2021,HUM,LA,ASW,CE,Federal Contract Tower,0,60,11,0,71,0,101,38,0,139,0,161,49,0,210,28,0,28,238
04/07/2021,HUM,LA,ASW,CE,Federal Contract Tower,0,46,13,0,59,0,94,34,0,128,0,140,47,0,187,34,0,34,221
04/08/2021,HUM,LA,ASW,CE,Federal Contract Tower,0,68,15,0,83,0,79,36,2,117,0,147,51,2,200,16,0,16,216
04/09/2021,HUM,LA,ASW,CE,Federal Contract Tower,0,56,20,0,76,0,61,13,0,74,0,117,33,0,150,4,0,4,154
04/10/2021,HUM,LA,ASW,CE,Federal Contract Tower,0,12,3,0,15,0,34,9,0,43,0,46,12,0,58,24,0,24,82
04/11/2021,HUM,LA,ASW,CE,Federal Contract Tower,0,31,16,0,47,0,59,26,0,85,0,90,42,0,132,14,0,14,146
04/12/2021,HUM,LA,ASW,CE,Federal Contract Tower,0,32,7,0,39,0,91,42,0,133,0,123,49,0,172,32,0,32,204
04/13/2021,HUM,LA,ASW,CE,Federal Contract Tower,0,45,8,0,53,0,64,12,0,76,0,109,20,0,129,0,0,0,129
04/14/2021,HUM,LA,ASW,CE,Federal Contract Tower,0,52,9,0,61,0,51,14,0,65,0,103,23,0,126,0,0,0,126
04/15/2021,HUM,LA,ASW,CE,Federal Contract Tower,0,57,11,0,68,0,29,7,0,36,0,86,18,0,104,0,0,0,104
04/16/2021,HUM,LA,ASW,CE,Federal Contract Tower,0,121,7,4,132,0,25,2,1,28,0,146,9,5,160,6,0,6,166
04/17/2021,HUM,LA,ASW,CE,Federal Contract Tower,0,54,1,0,55,0,6,0,0,6,0,60,1,0,61,0,0,0,61
04/18/2021,HUM,LA,ASW,CE,Federal Contract Tower,0,35,17,0,52,0,70,26,3,99,0,105,43,3,151,10,0,10,161
04/19/2021,HUM,LA,ASW,CE,Federal Contract Tower,0,30,4,0,34,0,95,40,2,137,0,125,44,2,171,38,0,38,209
04/20/2021,HUM,LA,ASW,CE,Federal Contract Tower,0,43,6,0,49,0,114,45,0,159,0,157,51,0,208,22,0,22,230
04/21/2021,HUM,LA,ASW,CE,Federal Contract Tower,0,43,5,0,48,0,137,53,0,190,0,180,58,0,238,6,0,6,244
04/22/2021,HUM,LA,ASW,CE,Federal Contract Tower,0,40,11,2,53,0,107,33,0,140,0,147,44,2,193,4,0,4,197
04/23/2021,HUM,LA,ASW,CE,Federal Contract Tower,0,34,8,0,42,0,88,26,6,120,0,122,34,6,162,16,0,16,178
04/24/2021,HUM,LA,ASW,CE,Federal Contract Tower,0,21,7,0,28,0,51,1,0,52,0,72,8,0,80,0,0,0,80
04/25/2021,HUM,LA,ASW,CE,Federal Contract Tower,0,19,7,0,26,0,73,27,0,100,0,92,34,0,126,20,0,20,146
04/26/2021,HUM,LA,ASW,CE,Federal Contract Tower,0,44,12,0,56,0,111,46,0,157,0,155,58,0,213,4,0,4,217
04/27/2021,HUM,LA,ASW,CE,Federal Contract Tower,0,81,10,0,91,0,76,36,1,113,0,157,46,1,204,2,0,2,206
04/28/2021,HUM,LA,ASW,CE,Federal Contract Tower,0,58,12,0,70,0,120,30,0,150,0,178,42,0,220,28,0,28,248
04/29/2021,HUM,LA,ASW,CE,Federal Contract Tower,0,59,14,0,73,0,92,31,0,123,0,151,45,0,196,20,0,20,216
04/30/2021,HUM,LA,ASW,CE,Federal Contract Tower,0,63,10,0,73,0,46,25,0,71,0,109,35,0,144,28,0,28,172
05/01/2021,HUM,LA,ASW,CE,Federal Contract Tower,0,19,12,0,31,0,58,20,0,78,0,77,32,0,109,40,0,40,149
05/02/2021,HUM,LA,ASW,CE,Federal Contract Tower,0,27,6,0,33,0,25,5,0,30,0,52,11,0,63,10,0,10,73
05/03/2021,HUM,LA,ASW,CE,Federal Contract Tower,0,66,8,0,74,0,52,22,0,74,0,118,30,0,148,0,0,0,148
05/04/2021,HUM,LA,ASW,CE,Federal Contract Tower,0,77,8,0,85,0,32,16,0,48,0,109,24,0,133,0,0,0,133
05/05/2021,HUM,LA,ASW,CE,Federal Contract Tower,0,93,9,0,102,0,14,10,0,24,0,107,19,0,126,12,0,12,138
05/06/2021,HUM,LA,ASW,CE,Federal Contract Tower,0,68,10,0,78,0,108,51,0,159,0,176,61,0,237,12,0,12,249
05/07/2021,HUM,LA,ASW,CE,Federal Contract Tower,0,30,5,0,35,0,89,52,0,141,0,119,57,0,176,14,0,14,190
05/08/2021,HUM,LA,ASW,CE,Federal Contract Tower,0,3,13,0,16,0,71,28,0,99,0,74,41,0,115,28,0,28,143
05/09/2021,HUM,LA,ASW,CE,Federal Contract Tower,0,31,9,0,40,0,52,17,0,69,0,83,26,0,109,8,0,8,117
05/10/2021,HUM,LA,ASW,CE,Federal Contract Tower,0,50,7,0,57,0,60,24,0,84,0,110,31,0,141,8,0,8,149
05/11/2021,HUM,LA,ASW,CE,Federal Contract Tower,0,57,9,2,68,0,96,35,4,135,0,153,44,6,203,14,0,14,217
05/12/2021,HUM,LA,ASW,CE,Federal Contract Tower,0,58,6,0,64,0,145,55,0,200,0,203,61,0,264,4,0,4,268
05/13/2021,HUM,LA,ASW,CE,Federal Contract Tower,0,71,9,0,80,0,131,74,0,205,0,202,83,0,285,14,0,14,299
05/14/2021,HUM,LA,ASW,CE,Federal Contract Tower,0,41,11,0,52,0,107,46,0,153,0,148,57,0,205,34,0,34,239
05/15/2021,HUM,LA,ASW,CE,Federal Contract Tower,0,8,6,0,14,0,55,27,0,82,0,63,33,0,96,14,0,14,110
05/16/2021,HUM,LA,ASW,CE,Federal Contract Tower,0,28,6,0,34,0,60,30,0,90,0,88,36,0,124,4,0,4,128
05/17/2021,HUM,LA,ASW,CE,Federal Contract Tower,0,35,4,0,39,0,54,19,0,73,0,89,23,0,112,0,0,0,112
05/18/2021,HUM,LA,ASW,CE,Federal Contract Tower,0,29,1,0,30,0,19,8,0,27,0,48,9,0,57,0,0,0,57
05/19/2021,HUM,LA,ASW,CE,Federal Contract Tower,0,73,8,0,81,0,114,18,0,132,0,187,26,0,213,18,0,18,231
05/20/2021,HUM,LA,ASW,CE,Federal Contract Tower,0,72,4,0,76,0,30,7,0,37,0,102,11,0,113,8,0,8,121
05/21/2021,HUM,LA,ASW,CE,Federal Contract Tower,0,69,9,0,78,0,35,11,0,46,0,104,20,0,124,0,0,0,124
05/22/2021,HUM,LA,ASW,CE,Federal Contract Tower,0,39,5,0,44,0,114,26,0,140,0,153,31,0,184,20,0,20,204
05/23/2021,HUM,LA,ASW,CE,Federal Contract Tower,0,38,6,0,44,0,49,34,0,83,0,87,40,0,127,32,0,32,159
05/24/2021,HUM,LA,ASW,CE,Federal Contract Tower,0,32,10,0,42,0,103,67,0,170,0,135,77,0,212,38,0,38,250
05/25/2021,HUM,LA,ASW,CE,Federal Contract Tower,0,48,11,0,59,0,160,48,0,208,0,208,59,0,267,8,0,8,275
05/26/2021,HUM,LA,ASW,CE,Federal Contract Tower,0,58,10,0,68,0,169,78,0,247,0,227,88,0,315,32,0,32,347
05/27/2021,HUM,LA,ASW,CE,Federal Contract Tower,0,51,17,0,68,0,141,48,0,189,0,192,65,0,257,6,0,6,263
05/28/2021,HUM,LA,ASW,CE,Federal Contract Tower,0,37,10,0,47,0,114,36,0,150,0,151,46,0,197,24,0,24,221
05/29/2021,HUM,LA,ASW,CE,Federal Contract Tower,0,17,5,0,22,0,77,29,0,106,0,94,34,0,128,70,0,70,198
05/30/2021,HUM,LA,ASW,CE,Federal Contract Tower,0,27,7,0,34,0,54,24,0,78,0,81,31,0,112,22,0,22,134
05/31/2021,HUM,LA,ASW,CE,Federal Contract Tower,0,39,4,0,43,0,63,49,2,114,0,102,53,2,157,10,0,10,167
06/01/2021,HUM,LA,ASW,CE,Federal Contract Tower,0,50,14,0,64,0,136,30,0,166,0,186,44,0,230,10,0,10,240
06/02/2021,HUM,LA,ASW,CE,Federal Contract Tower,0,55,1,1,57,0,91,40,0,131,0,146,41,1,188,4,0,4,192
06/03/2021,HUM,LA,ASW,CE,Federal Contract Tower,0,66,15,2,83,0,118,31,0,149,0,184,46,2,232,8,0,8,240
06/04/2021,HUM,LA,ASW,CE,Federal Contract Tower,0,66,10,2,78,0,75,21,0,96,0,141,31,2,174,12,0,12,186
06/05/2021,HUM,LA,ASW,CE,Federal Contract Tower,0,17,17,0,34,0,40,4,0,44,0,57,21,0,78,0,0,0,78
06/06/2021,HUM,LA,ASW,CE,Federal Contract Tower,0,24,11,0,35,0,32,19,0,51,0,56,30,0,86,8,0,8,94
06/07/2021,HUM,LA,ASW,CE,Federal Contract Tower,0,64,14,0,78,0,89,41,0,130,0,153,55,0,208,4,0,4,212
06/08/2021,HUM,LA,ASW,CE,Federal Contract Tower,0,50,16,0,66,0,111,43,0,154,0,161,59,0,220,14,0,14,234
06/09/2021,HUM,LA,ASW,CE,Federal Contract Tower,0,55,11,0,66,0,133,39,0,172,0,188,50,0,238,26,0,26,264
06/10/2021,HUM,LA,ASW,CE,Federal Contract Tower,0,49,11,0,60,0,116,39,1,156,0,165,50,1,216,24,0,24,240
06/11/2021,HUM,LA,ASW,CE,Federal Contract Tower,0,35,14,0,49,0,114,41,0,155,0,149,55,0,204,22,0,22,226
06/12/2021,HUM,LA,ASW,CE,Federal Contract Tower,0,13,8,0,21,0,41,20,0,61,0,54,28,0,82,46,0,46,128
06/13/2021,HUM,LA,ASW,CE,Federal Contract Tower,0,28,10,0,38,0,40,18,0,58,0,68,28,0,96,10,0,10,106
06/14/2021,HUM,LA,ASW,CE,Federal Contract Tower,0,27,15,0,42,0,114,40,0,154,0,141,55,0,196,10,0,10,206
06/17/2021,HUM,LA,ASW,CE,Federal Contract Tower,0,46,12,0,58,0,154,44,0,198,0,200,56,0,256,16,0,16,272
06/18/2021,HUM,LA,ASW,CE,Federal Contract Tower,0,5,8,0,13,0,21,15,0,36,0,26,23,0,49,2,0,2,51
06/19/2021,HUM,LA,ASW,CE,Federal Contract Tower,0,30,7,0,37,0,52,5,0,57,0,82,12,0,94,0,0,0,94
06/20/2021,HUM,LA,ASW,CE,Federal Contract Tower,0,44,4,0,48,0,39,2,0,41,0,83,6,0,89,2,0,2,91
06/21/2021,HUM,LA,ASW,CE,Federal Contract Tower,0,70,11,0,81,0,32,20,0,52,0,102,31,0,133,0,0,0,133
06/22/2021,HUM,LA,ASW,CE,Federal Contract Tower,0,72,12,0,84,0,101,17,0,118,0,173,29,0,202,0,0,0,202
06/23/2021,HUM,LA,ASW,CE,Federal Contract Tower,0,67,16,0,83,0,107,39,0,146,0,174,55,0,229,36,0,36,265
06/24/2021,HUM,LA,ASW,CE,Federal Contract Tower,0,70,14,0,84,0,112,34,0,146,0,182,48,0,230,8,0,8,238
06/25/2021,HUM,LA,ASW,CE,Federal Contract Tower,0,0,48,6,54,0,69,35,0,104,0,69,83,6,158,18,0,18,176
06/26/2021,HUM,LA,ASW,CE,Federal Contract Tower,0,20,8,0,28,0,64,25,3,92,0,84,33,3,120,6,0,6,126
06/27/2021,HUM,LA,ASW,CE,Federal Contract Tower,0,26,11,0,37,0,64,7,1,72,0,90,18,1,109,2,0,2,111
06/28/2021,HUM,LA,ASW,CE,Federal Contract Tower,0,49,11,0,60,0,102,31,0,133,0,151,42,0,193,14,0,14,207
06/29/2021,HUM,LA,ASW,CE,Federal Contract Tower,0,43,15,1,59,0,111,44,0,155,0,154,59,1,214,6,2,8,222
06/30/2021,HUM,LA,ASW,CE,Federal Contract Tower,0,51,5,0,56,0,113,18,0,131,0,164,23,0,187,0,0,0,187
07/01/2021,HUM,LA,ASW,CE,Federal Contract Tower,0,52,11,2,65,0,136,26,0,162,0,188,37,2,227,26,0,26,253
07/02/2021,HUM,LA,ASW,CE,Federal Contract Tower,0,36,15,0,51,0,90,19,0,109,0,126,34,0,160,0,0,0,160
07/03/2021,HUM,LA,ASW,CE,Federal Contract Tower,0,21,5,0,26,0,36,23,0,59,0,57,28,0,85,24,0,24,109
07/04/2021,HUM,LA,ASW,CE,Federal Contract Tower,0,35,1,0,36,0,51,16,0,67,0,86,17,0,103,34,0,34,137
07/05/2021,HUM,LA,ASW,CE,Federal Contract Tower,0,44,10,0,54,0,57,25,0,82,0,101,35,0,136,0,0,0,136
07/06/2021,HUM,LA,ASW,CE,Federal Contract Tower,0,67,12,0,79,0,113,39,0,152,0,180,51,0,231,12,0,12,243
07/07/2021,HUM,LA,ASW,CE,Federal Contract Tower,0,52,9,0,61,0,105,28,0,133,0,157,37,0,194,32,0,32,226
07/08/2021,HUM,LA,ASW,CE,Federal Contract Tower,0,52,16,0,68,0,94,29,2,125,0,146,45,2,193,0,0,0,193
07/09/2021,HUM,LA,ASW,CE,Federal Contract Tower,0,37,13,0,50,0,78,35,3,116,0,115,48,3,166,24,12,36,202
07/10/2021,HUM,LA,ASW,CE,Federal Contract Tower,0,17,15,0,32,0,66,13,0,79,0,83,28,0,111,34,0,34,145
07/11/2021,HUM,LA,ASW,CE,Federal Contract Tower,0,22,16,0,38,0,81,19,0,100,0,103,35,0,138,22,0,22,160
07/12/2021,HUM,LA,ASW,CE,Federal Contract Tower,0,30,12,0,42,0,106,23,0,129,0,136,35,0,171,0,0,0,171
07/13/2021,HUM,LA,ASW,CE,Federal Contract Tower,0,43,12,0,55,0,111,41,2,154,0,154,53,2,209,26,0,26,235
07/14/2021,HUM,LA,ASW,CE,Federal Contract Tower,0,42,10,0,52,0,125,29,0,154,0,167,39,0,206,8,0,8,214
07/15/2021,HUM,LA,ASW,CE,Federal Contract Tower,0,62,25,0,87,0,128,29,0,157,0,190,54,0,244,36,0,36,280
07/16/2021,HUM,LA,ASW,CE,Federal Contract Tower,0,39,14,0,53,0,110,38,0,148,0,149,52,0,201,8,0,8,209
07/17/2021,HUM,LA,ASW,CE,Federal Contract Tower,0,23,0,0,23,0,75,19,0,94,0,98,19,0,117,8,0,8,125
07/18/2021,HUM,LA,ASW,CE,Federal Contract Tower,0,31,13,0,44,0,61,32,0,93,0,92,45,0,137,6,0,6,143
07/19/2021,HUM,LA,ASW,CE,Federal Contract Tower,0,33,11,0,44,0,96,27,0,123,0,129,38,0,167,0,0,0,167
07/20/2021,HUM,LA,ASW,CE,Federal Contract Tower,0,41,7,0,48,0,35,29,0,64,0,76,36,0,112,40,0,40,152
07/21/2021,HUM,LA,ASW,CE,Federal Contract Tower,0,68,10,0,78,0,121,26,0,147,0,189,36,0,225,2,0,2,227
07/22/2021,HUM,LA,ASW,CE,Federal Contract Tower,0,52,15,0,67,0,125,40,0,165,0,177,55,0,232,26,0,26,258
07/23/2021,HUM,LA,ASW,CE,Federal Contract Tower,0,38,11,0,49,0,86,36,0,122,0,124,47,0,171,16,0,16,187
07/24/2021,HUM,LA,ASW,CE,Federal Contract Tower,0,15,11,0,26,0,76,18,0,94,0,91,29,0,120,18,0,18,138
07/25/2021,HUM,LA,ASW,CE,Federal Contract Tower,0,31,12,0,43,0,82,45,0,127,0,113,57,0,170,46,0,46,216
07/26/2021,HUM,LA,ASW,CE,Federal Contract Tower,0,45,12,0,57,0,104,42,0,146,0,149,54,0,203,22,0,22,225
07/27/2021,HUM,LA,ASW,CE,Federal Contract Tower,0,53,8,0,61,0,140,38,0,178,0,193,46,0,239,26,2,28,267
07/28/2021,HUM,LA,ASW,CE,Federal Contract Tower,0,42,7,0,49,0,122,40,0,162,0,164,47,0,211,18,0,18,229
07/29/2021,HUM,LA,ASW,CE,Federal Contract Tower,0,67,12,0,79,0,137,39,0,176,0,204,51,0,255,24,0,24,279
07/30/2021,HUM,LA,ASW,CE,Federal Contract Tower,0,48,11,0,59,0,80,42,0,122,0,128,53,0,181,26,0,26,207
07/31/2021,HUM,LA,ASW,CE,Federal Contract Tower,0,27,9,0,36,0,85,19,0,104,0,112,28,0,140,12,0,12,152
08/01/2021,HUM,LA,ASW,CE,Federal Contract Tower,0,23,4,0,27,0,72,17,0,89,0,95,21,0,116,14,0,14,130
08/02/2021,HUM,LA,ASW,CE,Federal Contract Tower,0,38,25,0,63,0,83,26,0,109,0,121,51,0,172,8,0,8,180
08/03/2021,HUM,LA,ASW,CE,Federal Contract Tower,0,59,8,0,67,0,96,23,0,119,0,155,31,0,186,3,0,3,189
08/04/2021,HUM,LA,ASW,CE,Federal Contract Tower,0,70,13,0,83,0,122,34,0,156,0,192,47,0,239,10,0,10,249
08/05/2021,HUM,LA,ASW,CE,Federal Contract Tower,0,44,12,0,56,0,166,33,2,201,0,210,45,2,257,0,0,0,257
08/06/2021,HUM,LA,ASW,CE,Federal Contract Tower,0,23,6,0,29,0,131,36,0,167,0,154,42,0,196,12,2,14,210
08/07/2021,HUM,LA,ASW,CE,Federal Contract Tower,0,22,9,0,31,0,74,12,0,86,0,96,21,0,117,0,0,0,117
08/08/2021,HUM,LA,ASW,CE,Federal Contract Tower,0,31,12,0,43,0,58,26,0,84,0,89,38,0,127,14,0,14,141
08/09/2021,HUM,LA,ASW,CE,Federal Contract Tower,0,38,9,0,47,0,107,42,0,149,0,145,51,0,196,30,0,30,226
08/10/2021,HUM,LA,ASW,CE,Federal Contract Tower,0,45,9,0,54,0,91,54,0,145,0,136,63,0,199,12,4,16,215
08/11/2021,HUM,LA,ASW,CE,Federal Contract Tower,0,52,10,0,62,0,136,53,0,189,0,188,63,0,251,0,0,0,251
08/12/2021,HUM,LA,ASW,CE,Federal Contract Tower,0,55,11,0,66,0,120,49,0,169,0,175,60,0,235,14,0,14,249
08/13/2021,HUM,LA,ASW,CE,Federal Contract Tower,0,41,9,0,50,0,97,33,0,130,0,138,42,0,180,0,0,0,180
08/14/2021,HUM,LA,ASW,CE,Federal Contract Tower,0,16,11,0,27,0,69,23,0,92,0,85,34,0,119,6,0,6,125
08/15/2021,HUM,LA,ASW,CE,Federal Contract Tower,0,30,1,0,31,0,85,31,0,116,0,115,32,0,147,10,0,10,157
08/16/2021,HUM,LA,ASW,CE,Federal Contract Tower,0,43,7,0,50,0,90,30,0,120,0,133,37,0,170,18,0,18,188
08/17/2021,HUM,LA,ASW,CE,Federal Contract Tower,0,57,4,0,61,0,115,41,0,156,0,172,45,0,217,18,0,18,235
08/18/2021,HUM,LA,ASW,CE,Federal Contract Tower,0,52,5,0,57,0,137,50,8,195,0,189,55,8,252,16,0,16,268
08/19/2021,HUM,LA,ASW,CE,Federal Contract Tower,0,46,16,0,62,0,138,51,0,189,0,184,67,0,251,0,2,2,253
08/20/2021,HUM,LA,ASW,CE,Federal Contract Tower,0,30,11,0,41,0,84,40,0,124,0,114,51,0,165,16,0,16,181
08/21/2021,HUM,LA,ASW,CE,Federal Contract Tower,0,12,8,0,20,0,66,16,0,82,0,78,24,0,102,12,0,12,114
08/22/2021,HUM,LA,ASW,CE,Federal Contract Tower,0,30,6,0,36,0,65,26,0,91,0,95,32,0,127,48,0,48,175
08/23/2021,HUM,LA,ASW,CE,Federal Contract Tower,0,34,16,0,50,0,78,54,0,132,0,112,70,0,182,6,0,6,188
08/24/2021,HUM,LA,ASW,CE,Federal Contract Tower,0,48,7,0,55,0,124,61,0,185,0,172,68,0,240,24,0,24,264
08/25/2021,HUM,LA,ASW,CE,Federal Contract Tower,0,49,14,0,63,0,123,48,0,171,0,172,62,0,234,14,0,14,248
08/26/2021,HUM,LA,ASW,CE,Federal Contract Tower,0,97,11,0,108,0,140,39,0,179,0,237,50,0,287,6,0,6,293
08/27/2021,HUM,LA,ASW,CE,Federal Contract Tower,0,123,13,0,136,0,141,13,0,154,0,264,26,0,290,8,0,8,298
08/28/2021,HUM,LA,ASW,CE,Federal Contract Tower,0,65,32,0,97,0,65,12,0,77,0,130,44,0,174,0,0,0,174
09/12/2021,HUM,LA,ASW,CE,Federal Contract Tower,0,4,10,0,14,0,20,19,1,40,0,24,29,1,54,0,0,0,54
09/13/2021,HUM,LA,ASW,CE,Federal Contract Tower,0,9,1,0,10,0,44,14,1,59,0,53,15,1,69,0,0,0,69
09/14/2021,HUM,LA,ASW,CE,Federal Contract Tower,0,9,3,1,13,0,0,0,0,0,0,9,3,1,13,0,0,0,13
09/15/2021,HUM,LA,ASW,CE,Federal Contract Tower,0,47,1,0,48,0,17,4,0,21,0,64,5,0,69,0,0,0,69
09/16/2021,HUM,LA,ASW,CE,Federal Contract Tower,0,28,6,4,38,0,48,14,4,66,0,76,20,8,104,12,8,20,124
09/17/2021,HUM,LA,ASW,CE,Federal Contract Tower,0,12,12,0,24,0,36,20,0,56,0,48,32,0,80,0,0,0,80
09/18/2021,HUM,LA,ASW,CE,Federal Contract Tower,0,16,6,0,22,0,16,11,0,27,0,32,17,0,49,8,0,8,57
09/19/2021,HUM,LA,ASW,CE,Federal Contract Tower,0,9,9,0,18,0,12,12,0,24,0,21,21,0,42,35,0,35,77
09/20/2021,HUM,LA,ASW,CE,Federal Contract Tower,0,11,11,0,22,0,62,33,0,95,0,73,44,0,117,0,0,0,117
09/21/2021,HUM,LA,ASW,CE,Federal Contract Tower,0,12,8,0,20,0,48,25,0,73,0,60,33,0,93,0,0,0,93
09/22/2021,HUM,LA,ASW,CE,Federal Contract Tower,0,20,16,0,36,0,53,30,0,83,0,73,46,0,119,8,0,8,127
09/23/2021,HUM,LA,ASW,CE,Federal Contract Tower,0,6,12,0,18,0,62,38,0,100,0,68,50,0,118,20,0,20,138
09/24/2021,HUM,LA,ASW,CE,Federal Contract Tower,0,7,23,0,30,0,58,37,3,98,0,65,60,3,128,0,0,0,128
09/25/2021,HUM,LA,ASW,CE,Federal Contract Tower,0,0,1,0,1,0,36,18,0,54,0,36,19,0,55,0,0,0,55
09/26/2021,HUM,LA,ASW,CE,Federal Contract Tower,0,6,15,0,21,0,18,27,0,45,0,24,42,0,66,24,0,24,90
09/27/2021,HUM,LA,ASW,CE,Federal Contract Tower,0,14,4,2,20,0,50,48,0,98,0,64,52,2,118,12,0,12,130
09/28/2021,HUM,LA,ASW,CE,Federal Contract Tower,0,20,6,0,26,0,44,25,0,69,0,64,31,0,95,2,0,2,97
09/29/2021,HUM,LA,ASW,CE,Federal Contract Tower,0,29,15,0,44,0,38,27,0,65,0,67,42,0,109,0,0,0,109
09/30/2021,HUM,LA,ASW,CE,Federal Contract Tower,0,29,6,0,35,0,50,32,0,82,0,79,38,0,117,0,0,0,117
10/01/2021,HUM,LA,ASW,CE,Federal Contract Tower,0,21,16,0,37,0,24,7,0,31,0,45,23,0,68,20,0,20,88
10/02/2021,HUM,LA,ASW,CE,Federal Contract Tower,0,3,2,0,5,0,19,4,0,23,0,22,6,0,28,0,0,0,28
10/03/2021,HUM,LA,ASW,CE,Federal Contract Tower,0,6,3,0,9,0,1,8,0,9,0,7,11,0,18,0,0,0,18
10/04/2021,HUM,LA,ASW,CE,Federal Contract Tower,0,6,12,0,18,0,74,33,0,107,0,80,45,0,125,0,0,0,125
10/05/2021,HUM,LA,ASW,CE,Federal Contract Tower,0,17,17,0,34,0,67,31,0,98,0,84,48,0,132,22,0,22,154
10/06/2021,HUM,LA,ASW,CE,Federal Contract Tower,0,17,15,0,32,0,82,36,0,118,0,99,51,0,150,2,0,2,152
10/07/2021,HUM,LA,ASW,CE,Federal Contract Tower,0,5,20,0,25,0,61,26,0,87,0,66,46,0,112,18,0,18,130
10/08/2021,HUM,LA,ASW,CE,Federal Contract Tower,0,5,13,0,18,0,47,21,0,68,0,52,34,0,86,0,0,0,86
10/09/2021,HUM,LA,ASW,CE,Federal Contract Tower,0,0,10,0,10,0,29,18,0,47,0,29,28,0,57,28,0,28,85
10/10/2021,HUM,LA,ASW,CE,Federal Contract Tower,0,4,17,0,21,0,18,18,0,36,0,22,35,0,57,14,0,14,71
10/11/2021,HUM,LA,ASW,CE,Federal Contract Tower,0,6,15,0,21,0,46,37,0,83,0,52,52,0,104,44,0,44,148
10/12/2021,HUM,LA,ASW,CE,Federal Contract Tower,0,6,19,0,25,0,64,27,0,91,0,70,46,0,116,12,0,12,128
10/14/2021,HUM,LA,ASW,CE,Federal Contract Tower,0,24,12,2,38,0,78,36,0,114,0,102,48,2,152,2,0,2,154
10/15/2021,HUM,LA,ASW,CE,Federal Contract Tower,0,14,12,0,26,0,71,37,0,108,0,85,49,0,134,10,0,10,144
10/16/2021,HUM,LA,ASW,CE,Federal Contract Tower,0,2,16,0,18,0,22,3,0,25,0,24,19,0,43,12,0,12,55
10/18/2021,HUM,LA,ASW,CE,Federal Contract Tower,0,3,14,0,17,0,92,34,0,126,0,95,48,0,143,10,0,10,153
10/19/2021,HUM,LA,ASW,CE,Federal Contract Tower,0,4,6,0,10,0,81,31,0,112,0,85,37,0,122,18,0,18,140
10/20/2021,HUM,LA,ASW,CE,Federal Contract Tower,0,21,9,0,30,0,32,25,0,57,0,53,34,0,87,0,0,0,87
10/21/2021,HUM,LA,ASW,CE,Federal Contract Tower,0,12,21,2,35,0,40,21,0,61,0,52,42,2,96,14,0,14,110
10/22/2021,HUM,LA,ASW,CE,Federal Contract Tower,0,9,11,0,20,0,31,7,0,38,0,40,18,0,58,0,0,0,58
10/23/2021,HUM,LA,ASW,CE,Federal Contract Tower,0,13,1,0,14,0,34,10,0,44,0,47,11,0,58,2,0,2,60
10/24/2021,HUM,LA,ASW,CE,Federal Contract Tower,0,3,15,0,18,0,21,15,0,36,0,24,30,0,54,2,0,2,56
10/25/2021,HUM,LA,ASW,CE,Federal Contract Tower,0,29,18,0,47,0,80,36,2,118,0,109,54,2,165,10,0,10,175
10/26/2021,HUM,LA,ASW,CE,Federal Contract Tower,0,26,13,0,39,0,100,47,0,147,0,126,60,0,186,42,0,42,228
10/27/2021,HUM,LA,ASW,CE,Federal Contract Tower,0,45,6,0,51,0,61,5,0,66,0,106,11,0,117,4,0,4,121
10/28/2021,HUM,LA,ASW,CE,Federal Contract Tower,0,13,9,2,24,0,116,26,2,144,0,129,35,4,168,4,0,4,172
10/29/2021,HUM,LA,ASW,CE,Federal Contract Tower,0,15,13,0,28,0,75,26,0,101,0,90,39,0,129,10,0,10,139
10/30/2021,HUM,LA,ASW,CE,Federal Contract Tower,0,1,13,0,14,0,43,32,0,75,0,44,45,0,89,32,0,32,121
10/31/2021,HUM,LA,ASW,CE,Federal Contract Tower,0,5,11,0,16,0,35,31,0,66,0,40,42,0,82,8,0,8,90
11/01/2021,HUM,LA,ASW,CE,Federal Contract Tower,0,33,12,0,45,0,100,21,0,121,0,133,33,0,166,2,0,2,168
11/02/2021,HUM,LA,ASW,CE,Federal Contract Tower,0,37,9,0,46,0,114,24,2,140,0,151,33,2,186,24,0,24,210
11/03/2021,HUM,LA,ASW,CE,Federal Contract Tower,0,50,8,0,58,0,117,20,0,137,0,167,28,0,195,23,0,23,218
11/04/2021,HUM,LA,ASW,CE,Federal Contract Tower,0,62,10,0,72,0,95,21,0,116,0,157,31,0,188,4,0,4,192
11/05/2021,HUM,LA,ASW,CE,Federal Contract Tower,0,65,18,0,83,0,64,14,0,78,0,129,32,0,161,0,0,0,161
11/06/2021,HUM,LA,ASW,CE,Federal Contract Tower,0,15,7,0,22,0,43,16,0,59,0,58,23,0,81,58,0,58,139
11/07/2021,HUM,LA,ASW,CE,Federal Contract Tower,0,22,7,0,29,0,65,18,0,83,0,87,25,0,112,0,0,0,112
11/08/2021,HUM,LA,ASW,CE,Federal Contract Tower,0,35,8,1,44,0,145,27,1,173,0,180,35,2,217,28,0,28,245
11/09/2021,HUM,LA,ASW,CE,Federal Contract Tower,0,42,20,0,62,0,118,20,0,138,0,160,40,0,200,0,2,2,202
11/10/2021,HUM,LA,ASW,CE,Federal Contract Tower,0,51,12,0,63,0,152,19,0,171,0,203,31,0,234,16,4,20,254
11/11/2021,HUM,LA,ASW,CE,Federal Contract Tower,0,56,16,0,72,0,98,23,0,121,0,154,39,0,193,6,0,6,199
11/12/2021,HUM,LA,ASW,CE,Federal Contract Tower,0,49,14,0,63,0,78,24,0,102,0,127,38,0,165,22,0,22,187
11/13/2021,HUM,LA,ASW,CE,Federal Contract Tower,0,8,1,0,9,0,49,10,0,59,0,57,11,0,68,24,0,24,92
11/14/2021,HUM,LA,ASW,CE,Federal Contract Tower,0,15,7,0,22,0,89,19,0,108,0,104,26,0,130,40,0,40,170
11/15/2021,HUM,LA,ASW,CE,Federal Contract Tower,0,38,15,0,53,0,120,42,0,162,0,158,57,0,215,22,0,22,237
11/16/2021,HUM,LA,ASW,CE,Federal Contract Tower,0,39,6,0,45,0,131,36,0,167,0,170,42,0,212,16,0,16,228
11/17/2021,HUM,LA,ASW,CE,Federal Contract Tower,0,49,15,0,64,0,139,30,0,169,0,188,45,0,233,14,0,14,247
11/18/2021,HUM,LA,ASW,CE,Federal Contract Tower,0,61,15,0,76,0,72,22,0,94,0,133,37,0,170,4,0,4,174
11/19/2021,HUM,LA,ASW,CE,Federal Contract Tower,0,35,16,0,51,0,100,40,2,142,0,135,56,2,193,16,0,16,209
11/20/2021,HUM,LA,ASW,CE,Federal Contract Tower,0,10,6,0,16,0,71,14,0,85,0,81,20,0,101,16,0,16,117
11/21/2021,HUM,LA,ASW,CE,Federal Contract Tower,0,30,14,0,44,0,46,11,0,57,0,76,25,0,101,0,0,0,101
11/22/2021,HUM,LA,ASW,CE,Federal Contract Tower,0,65,8,0,73,0,67,10,0,77,0,132,18,0,150,16,0,16,166
11/23/2021,HUM,LA,ASW,CE,Federal Contract Tower,0,29,14,0,43,0,120,32,0,152,0,149,46,0,195,0,0,0,195
11/24/2021,HUM,LA,ASW,CE,Federal Contract Tower,0,34,10,0,44,0,140,26,0,166,0,174,36,0,210,6,0,6,216
11/25/2021,HUM,LA,ASW,CE,Federal Contract Tower,0,40,2,0,42,0,68,0,0,68,0,108,2,0,110,8,0,8,118
11/26/2021,HUM,LA,ASW,CE,Federal Contract Tower,0,42,12,0,54,0,42,18,0,60,0,84,30,0,114,0,0,0,114
11/27/2021,HUM,LA,ASW,CE,Federal Contract Tower,0,16,16,0,32,0,60,9,0,69,0,76,25,0,101,16,0,16,117
11/28/2021,HUM,LA,ASW,CE,Federal Contract Tower,0,23,17,0,40,0,18,8,0,26,0,41,25,0,66,8,0,8,74
11/29/2021,HUM,LA,ASW,CE,Federal Contract Tower,0,30,8,0,38,0,143,26,0,169,0,173,34,0,207,0,0,0,207
11/30/2021,HUM,LA,ASW,CE,Federal Contract Tower,0,31,9,0,40,0,107,26,0,133,0,138,35,0,173,24,0,24,197
12/01/2021,HUM,LA,ASW,CE,Federal Contract Tower,0,41,19,0,60,0,124,32,3,159,0,165,51,3,219,22,0,22,241
12/02/2021,HUM,LA,ASW,CE,Federal Contract Tower,0,53,8,0,61,0,82,19,0,101,0,135,27,0,162,24,0,24,186
12/03/2021,HUM,LA,ASW,CE,Federal Contract Tower,0,60,13,0,73,0,74,24,0,98,0,134,37,0,171,4,0,4,175
12/04/2021,HUM,LA,ASW,CE,Federal Contract Tower,0,22,1,0,23,0,33,14,0,47,0,55,15,0,70,6,0,6,76
12/05/2021,HUM,LA,ASW,CE,Federal Contract Tower,0,27,12,0,39,0,44,21,0,65,0,71,33,0,104,10,0,10,114
12/06/2021,HUM,LA,ASW,CE,Federal Contract Tower,0,64,5,0,69,0,103,6,4,113,0,167,11,4,182,0,0,0,182
12/07/2021,HUM,LA,ASW,CE,Federal Contract Tower,0,77,11,0,88,0,0,0,0,0,0,77,11,0,88,0,0,0,88
12/08/2021,HUM,LA,ASW,CE,Federal Contract Tower,0,99,7,0,106,0,27,5,0,32,0,126,12,0,138,0,0,0,138
12/09/2021,HUM,LA,ASW,CE,Federal Contract Tower,0,137,13,0,150,0,34,5,0,39,0,171,18,0,189,0,0,0,189
12/10/2021,HUM,LA,ASW,CE,Federal Contract Tower,0,65,14,0,79,0,78,17,0,95,0,143,31,0,174,46,0,46,220
12/11/2021,HUM,LA,ASW,CE,Federal Contract Tower,0,22,7,0,29,0,29,4,0,33,0,51,11,0,62,24,0,24,86
12/12/2021,HUM,LA,ASW,CE,Federal Contract Tower,0,41,15,0,56,0,53,15,0,68,0,94,30,0,124,0,0,0,124
12/13/2021,HUM,LA,ASW,CE,Federal Contract Tower,0,64,13,0,77,0,103,36,0,139,0,167,49,0,216,14,0,14,230
12/14/2021,HUM,LA,ASW,CE,Federal Contract Tower,0,61,13,0,74,0,54,19,0,73,0,115,32,0,147,2,0,2,149
12/15/2021,HUM,LA,ASW,CE,Federal Contract Tower,0,65,12,0,77,0,133,27,4,164,0,198,39,4,241,20,0,20,261
12/16/2021,HUM,LA,ASW,CE,Federal Contract Tower,0,56,20,0,76,0,77,14,0,91,0,133,34,0,167,18,0,18,185
12/17/2021,HUM,LA,ASW,CE,Federal Contract Tower,0,95,29,0,124,0,36,7,0,43,0,131,36,0,167,0,0,0,167
12/18/2021,HUM,LA,ASW,CE,Federal Contract Tower,0,38,3,0,41,0,45,5,0,50,0,83,8,0,91,0,0,0,91
12/19/2021,HUM,LA,ASW,CE,Federal Contract Tower,0,60,14,0,74,0,45,5,0,50,0,105,19,0,124,0,0,0,124
12/20/2021,HUM,LA,ASW,CE,Federal Contract Tower,0,78,11,0,89,0,12,0,0,12,0,90,11,0,101,0,0,0,101
12/21/2021,HUM,LA,ASW,CE,Federal Contract Tower,0,69,2,0,71,0,91,19,0,110,0,160,21,0,181,2,0,2,183
12/22/2021,HUM,LA,ASW,CE,Federal Contract Tower,0,40,7,0,47,0,124,25,0,149,0,164,32,0,196,2,0,2,198
12/23/2021,HUM,LA,ASW,CE,Federal Contract Tower,0,44,7,0,51,0,102,20,0,122,0,146,27,0,173,8,0,8,181
12/24/2021,HUM,LA,ASW,CE,Federal Contract Tower,0,16,7,0,23,0,51,10,0,61,0,67,17,0,84,8,0,8,92
12/25/2021,HUM,LA,ASW,CE,Federal Contract Tower,0,3,0,0,3,0,0,0,0,0,0,3,0,0,3,4,0,4,7
12/26/2021,HUM,LA,ASW,CE,Federal Contract Tower,0,21,14,0,35,0,31,7,0,38,0,52,21,0,73,0,0,0,73
12/27/2021,HUM,LA,ASW,CE,Federal Contract Tower,0,37,9,0,46,0,56,25,0,81,0,93,34,0,127,25,0,25,152
12/29/2021,HUM,LA,ASW,CE,Federal Contract Tower,0,75,14,0,89,0,47,4,0,51,0,122,18,0,140,0,0,0,140
12/30/2021,HUM,LA,ASW,CE,Federal Contract Tower,0,69,12,0,81,0,56,9,0,65,0,125,21,0,146,6,0,6,152
12/31/2021,HUM,LA,ASW,CE,Federal Contract Tower,0,74,9,0,83,0,40,8,0,48,0,114,17,0,131,0,0,0,131
01/01/2022,HUM,LA,ASW,CE,Federal Contract Tower,0,24,1,0,25,0,18,0,0,18,0,42,1,0,43,0,0,0,43
01/02/2022,HUM,LA,ASW,CE,Federal Contract Tower,0,38,12,0,50,0,13,2,0,15,0,51,14,0,65,0,0,0,65
01/03/2022,HUM,LA,ASW,CE,Federal Contract Tower,0,23,16,0,39,0,101,31,0,132,0,124,47,0,171,0,0,0,171
01/04/2022,HUM,LA,ASW,CE,Federal Contract Tower,0,38,6,0,44,0,126,27,0,153,0,164,33,0,197,0,0,0,197
01/05/2022,HUM,LA,ASW,CE,Federal Contract Tower,0,41,13,0,54,0,154,17,0,171,0,195,30,0,225,0,0,0,225
01/06/2022,HUM,LA,ASW,CE,Federal Contract Tower,0,64,12,0,76,0,104,9,0,113,0,168,21,0,189,0,0,0,189
01/07/2022,HUM,LA,ASW,CE,Federal Contract Tower,0,62,11,0,73,0,59,14,1,74,0,121,25,1,147,0,0,0,147
01/08/2022,HUM,LA,ASW,CE,Federal Contract Tower,0,32,6,0,38,0,28,6,0,34,0,60,12,0,72,12,0,12,84
01/09/2022,HUM,LA,ASW,CE,Federal Contract Tower,0,27,12,0,39,0,55,16,0,71,0,82,28,0,110,4,0,4,114
01/10/2022,HUM,LA,ASW,CE,Federal Contract Tower,0,60,6,0,66,0,71,27,0,98,0,131,33,0,164,8,0,8,172
01/11/2022,HUM,LA,ASW,CE,Federal Contract Tower,0,41,7,0,48,0,114,37,0,151,0,155,44,0,199,14,0,14,213
01/12/2022,HUM,LA,ASW,CE,Federal Contract Tower,0,44,13,0,57,0,107,26,0,133,0,151,39,0,190,8,0,8,198
01/13/2022,HUM,LA,ASW,CE,Federal Contract Tower,0,44,6,0,50,0,104,36,0,140,0,148,42,0,190,0,0,0,190
01/14/2022,HUM,LA,ASW,CE,Federal Contract Tower,0,41,13,0,54,0,93,36,0,129,0,134,49,0,183,6,0,6,189
01/15/2022,HUM,LA,ASW,CE,Federal Contract Tower,0,44,8,0,52,0,45,7,0,52,0,89,15,0,104,6,0,6,110
01/16/2022,HUM,LA,ASW,CE,Federal Contract Tower,0,8,13,0,21,0,51,19,0,70,0,59,32,0,91,0,0,0,91
01/17/2022,HUM,LA,ASW,CE,Federal Contract Tower,0,31,11,0,42,0,117,38,0,155,0,148,49,0,197,2,0,2,199
01/18/2022,HUM,LA,ASW,CE,Federal Contract Tower,0,21,8,2,31,0,145,44,0,189,0,166,52,2,220,0,0,0,220
01/19/2022,HUM,LA,ASW,CE,Federal Contract Tower,0,46,10,0,56,0,150,31,0,181,0,196,41,0,237,2,0,2,239
01/20/2022,HUM,LA,ASW,CE,Federal Contract Tower,0,119,8,0,127,0,6,0,0,6,0,125,8,0,133,0,0,0,133
01/21/2022,HUM,LA,ASW,CE,Federal Contract Tower,0,9,4,0,13,0,7,7,0,14,0,16,11,0,27,2,0,2,29
01/22/2022,HUM,LA,ASW,CE,Federal Contract Tower,0,40,8,0,48,0,90,13,0,103,0,130,21,0,151,0,0,0,151
01/23/2022,HUM,LA,ASW,CE,Federal Contract Tower,0,15,10,0,25,0,73,20,0,93,0,88,30,0,118,0,0,0,118
01/24/2022,HUM,LA,ASW,CE,Federal Contract Tower,0,53,16,0,69,0,93,18,0,111,0,146,34,0,180,10,0,10,190
01/25/2022,HUM,LA,ASW,CE,Federal Contract Tower,0,110,9,0,119,0,3,1,0,4,0,113,10,0,123,0,0,0,123
01/26/2022,HUM,LA,ASW,CE,Federal Contract Tower,0,58,16,0,74,0,140,20,0,160,0,198,36,0,234,2,0,2,236
01/27/2022,HUM,LA,ASW,CE,Federal Contract Tower,0,58,9,0,67,0,93,28,0,121,0,151,37,0,188,14,0,14,202
01/28/2022,HUM,LA,ASW,CE,Federal Contract Tower,0,49,17,0,66,0,97,16,0,113,0,146,33,0,179,10,0,10,189
01/29/2022,HUM,LA,ASW,CE,Federal Contract Tower,0,16,9,1,26,0,67,41,0,108,0,83,50,1,134,20,0,20,154
01/30/2022,HUM,LA,ASW,CE,Federal Contract Tower,0,25,9,0,34,0,78,5,0,83,0,103,14,0,117,0,0,0,117
01/31/2022,HUM,LA,ASW,CE,Federal Contract Tower,0,49,9,0,58,0,104,31,0,135,0,153,40,0,193,10,0,10,203
02/01/2022,HUM,LA,ASW,CE,Federal Contract Tower,0,79,12,0,91,0,61,7,0,68,0,140,19,0,159,20,0,20,179
02/02/2022,HUM,LA,ASW,CE,Federal Contract Tower,0,124,3,0,127,0,10,0,0,10,0,134,3,0,137,0,0,0,137
02/03/2022,HUM,LA,ASW,CE,Federal Contract Tower,0,43,3,0,46,0,0,0,0,0,0,43,3,0,46,0,0,0,46
02/04/2022,HUM,LA,ASW,CE,Federal Contract Tower,0,2,12,0,14,0,16,0,0,16,0,18,12,0,30,0,0,0,30
02/05/2022,HUM,LA,ASW,CE,Federal Contract Tower,0,16,9,0,25,0,199,24,0,223,0,215,33,0,248,8,0,8,256
02/06/2022,HUM,LA,ASW,CE,Federal Contract Tower,0,18,16,0,34,0,113,11,0,124,0,131,27,0,158,9,0,9,167
02/07/2022,HUM,LA,ASW,CE,Federal Contract Tower,0,55,13,0,68,0,117,34,0,151,0,172,47,0,219,12,0,12,231
02/08/2022,HUM,LA,ASW,CE,Federal Contract Tower,0,37,12,0,49,0,116,20,0,136,0,153,32,0,185,10,2,12,197
02/09/2022,HUM,LA,ASW,CE,Federal Contract Tower,0,33,15,0,48,0,148,25,2,175,0,181,40,2,223,12,0,12,235
02/10/2022,HUM,LA,ASW,CE,Federal Contract Tower,0,38,16,0,54,0,94,29,0,123,0,132,45,0,177,22,0,22,199
02/11/2022,HUM,LA,ASW,CE,Federal Contract Tower,0,29,14,0,43,0,103,20,0,123,0,132,34,0,166,4,0,4,170
02/12/2022,HUM,LA,ASW,CE,Federal Contract Tower,0,17,12,0,29,0,73,17,0,90,0,90,29,0,119,20,0,20,139
02/13/2022,HUM,LA,ASW,CE,Federal Contract Tower,0,13,5,0,18,0,68,8,0,76,0,81,13,0,94,0,0,0,94
02/14/2022,HUM,LA,ASW,CE,Federal Contract Tower,0,21,5,0,26,0,137,30,0,167,0,158,35,0,193,4,0,4,197
02/15/2022,HUM,LA,ASW,CE,Federal Contract Tower,0,28,12,0,40,0,151,30,0,181,0,179,42,0,221,8,0,8,229
02/16/2022,HUM,LA,ASW,CE,Federal Contract Tower,0,45,10,0,55,0,135,19,0,154,0,180,29,0,209,8,0,8,217
02/17/2022,HUM,LA,ASW,CE,Federal Contract Tower,0,108,7,0,115,0,30,4,0,34,0,138,11,0,149,0,0,0,149
02/18/2022,HUM,LA,ASW,CE,Federal Contract Tower,0,61,9,0,70,0,89,7,0,96,0,150,16,0,166,2,0,2,168
02/19/2022,HUM,LA,ASW,CE,Federal Contract Tower,0,8,3,0,11,0,96,29,0,125,0,104,32,0,136,0,0,0,136
02/20/2022,HUM,LA,ASW,CE,Federal Contract Tower,0,25,13,0,38,0,63,23,0,86,0,88,36,0,124,26,0,26,150
02/21/2022,HUM,LA,ASW,CE,Federal Contract Tower,0,62,7,0,69,0,109,16,0,125,0,171,23,0,194,0,0,0,194
02/22/2022,HUM,LA,ASW,CE,Federal Contract Tower,0,109,11,0,120,0,53,5,0,58,0,162,16,0,178,0,0,0,178
02/23/2022,HUM,LA,ASW,CE,Federal Contract Tower,0,110,15,0,125,0,56,17,0,73,0,166,32,0,198,0,0,0,198
02/24/2022,HUM,LA,ASW,CE,Federal Contract Tower,0,105,30,0,135,0,95,20,0,115,0,200,50,0,250,4,0,4,254
02/25/2022,HUM,LA,ASW,CE,Federal Contract Tower,0,102,12,1,115,0,24,6,0,30,0,126,18,1,145,0,0,0,145
02/26/2022,HUM,LA,ASW,CE,Federal Contract Tower,0,47,11,0,58,0,66,7,0,73,0,113,18,0,131,6,0,6,137
02/27/2022,HUM,LA,ASW,CE,Federal Contract Tower,0,49,11,0,60,0,38,4,0,42,0,87,15,0,102,16,0,16,118
02/28/2022,HUM,LA,ASW,CE,Federal Contract Tower,0,47,10,0,57,0,104,24,0,128,0,151,34,0,185,4,0,4,189
03/01/2022,HUM,LA,ASW,CE,Federal Contract Tower,0,45,15,0,60,0,103,25,0,128,0,148,40,0,188,0,0,0,188
03/02/2022,HUM,LA,ASW,CE,Federal Contract Tower,0,41,15,0,56,0,154,16,0,170,0,195,31,0,226,18,0,18,244
03/03/2022,HUM,LA,ASW,CE,Federal Contract Tower,0,35,15,0,50,0,145,34,0,179,0,180,49,0,229,18,0,18,247
03/04/2022,HUM,LA,ASW,CE,Federal Contract Tower,0,34,12,0,46,0,104,27,2,133,0,138,39,2,179,12,0,12,191
03/05/2022,HUM,LA,ASW,CE,Federal Contract Tower,0,9,7,0,16,0,57,20,0,77,0,66,27,0,93,2,0,2,95
03/06/2022,HUM,LA,ASW,CE,Federal Contract Tower,0,27,17,0,44,0,55,10,0,65,0,82,27,0,109,8,0,8,117
03/07/2022,HUM,LA,ASW,CE,Federal Contract Tower,0,58,8,0,66,0,76,13,0,89,0,134,21,0,155,0,0,0,155
03/08/2022,HUM,LA,ASW,CE,Federal Contract Tower,0,129,4,0,133,0,85,0,0,85,0,214,4,0,218,0,0,0,218
03/09/2022,HUM,LA,ASW,CE,Federal Contract Tower,0,82,4,0,86,0,35,1,0,36,0,117,5,0,122,0,0,0,122
03/10/2022,HUM,LA,ASW,CE,Federal Contract Tower,0,124,9,0,133,0,138,29,0,167,0,262,38,0,300,0,0,0,300
03/11/2022,HUM,LA,ASW,CE,Federal Contract Tower,0,109,1,0,110,0,38,3,0,41,0,147,4,0,151,1,0,1,152
03/12/2022,HUM,LA,ASW,CE,Federal Contract Tower,0,18,4,0,22,0,41,0,0,41,0,59,4,0,63,0,0,0,63
03/13/2022,HUM,LA,ASW,CE,Federal Contract Tower,0,25,11,0,36,0,102,32,0,134,0,127,43,0,170,22,0,22,192
03/14/2022,HUM,LA,ASW,CE,Federal Contract Tower,0,43,10,0,53,0,124,16,0,140,0,167,26,0,193,16,0,16,209
03/15/2022,HUM,LA,ASW,CE,Federal Contract Tower,0,53,8,0,61,0,96,15,0,111,0,149,23,0,172,26,0,26,198
03/16/2022,HUM,LA,ASW,CE,Federal Contract Tower,0,63,18,0,81,0,0,0,0,0,0,63,18,0,81,4,0,4,85
03/17/2022,HUM,LA,ASW,CE,Federal Contract Tower,0,73,17,0,90,0,0,0,0,0,0,73,17,0,90,10,0,10,100
03/18/2022,HUM,LA,ASW,CE,Federal Contract Tower,0,87,7,0,94,0,22,0,0,22,0,109,7,0,116,0,0,0,116
03/19/2022,HUM,LA,ASW,CE,Federal Contract Tower,0,19,3,0,22,0,56,23,0,79,0,75,26,0,101,24,0,24,125
03/20/2022,HUM,LA,ASW,CE,Federal Contract Tower,0,18,11,0,29,0,62,14,0,76,0,80,25,0,105,0,0,0,105
03/21/2022,HUM,LA,ASW,CE,Federal Contract Tower,0,40,7,0,47,0,95,22,0,117,0,135,29,0,164,0,0,0,164
03/22/2022,HUM,LA,ASW,CE,Federal Contract Tower,0,93,4,0,97,0,16,0,0,16,0,109,4,0,113,0,0,0,113
03/23/2022,HUM,LA,ASW,CE,Federal Contract Tower,0,60,9,0,69,0,146,16,0,162,0,206,25,0,231,18,0,18,249
03/24/2022,HUM,LA,ASW,CE,Federal Contract Tower,0,46,12,0,58,0,147,27,0,174,0,193,39,0,232,4,0,4,236
03/25/2022,HUM,LA,ASW,CE,Federal Contract Tower,0,38,6,0,44,0,87,25,0,112,0,125,31,0,156,10,0,10,166
03/26/2022,HUM,LA,ASW,CE,Federal Contract Tower,0,11,2,0,13,0,58,3,0,61,0,69,5,0,74,0,0,0,74
03/27/2022,HUM,LA,ASW,CE,Federal Contract Tower,0,23,7,0,30,0,79,15,0,94,0,102,22,0,124,2,0,2,126
03/28/2022,HUM,LA,ASW,CE,Federal Contract Tower,0,60,9,0,69,0,83,36,0,119,0,143,45,0,188,62,0,62,250
03/29/2022,HUM,LA,ASW,CE,Federal Contract Tower,0,48,7,0,55,0,106,18,0,124,0,154,25,0,179,56,0,56,235
03/30/2022,HUM,LA,ASW,CE,Federal Contract Tower,0,50,2,0,52,0,67,1,0,68,0,117,3,0,120,0,0,0,120
03/31/2022,HUM,LA,ASW,CE,Federal Contract Tower,0,40,8,0,48,0,129,25,0,154,0,169,33,0,202,32,0,32,234
04/01/2022,HUM,LA,ASW,CE,Federal Contract Tower,0,24,16,0,40,0,82,34,0,116,0,106,50,0,156,10,0,10,166
04/02/2022,HUM,LA,ASW,CE,Federal Contract Tower,0,34,7,0,41,0,37,16,0,53,0,71,23,0,94,24,0,24,118
04/03/2022,HUM,LA,ASW,CE,Federal Contract Tower,0,27,4,0,31,0,80,20,0,100,0,107,24,0,131,16,0,16,147
04/04/2022,HUM,LA,ASW,CE,Federal Contract Tower,0,59,7,0,66,0,99,21,0,120,0,158,28,0,186,0,0,0,186
04/05/2022,HUM,LA,ASW,CE,Federal Contract Tower,0,98,9,0,107,0,61,1,0,62,0,159,10,0,169,0,0,0,169
04/06/2022,HUM,LA,ASW,CE,Federal Contract Tower,0,124,9,0,133,0,77,20,0,97,0,201,29,0,230,10,0,10,240
04/07/2022,HUM,LA,ASW,CE,Federal Contract Tower,0,56,11,0,67,0,138,21,1,160,0,194,32,1,227,10,2,12,239
04/08/2022,HUM,LA,ASW,CE,Federal Contract Tower,0,21,6,0,27,0,81,19,0,100,0,102,25,0,127,0,0,0,127
04/09/2022,HUM,LA,ASW,CE,Federal Contract Tower,0,14,7,0,21,0,59,13,0,72,0,73,20,0,93,6,0,6,99
04/10/2022,HUM,LA,ASW,CE,Federal Contract Tower,0,20,13,0,33,0,49,11,0,60,0,69,24,0,93,0,0,0,93
04/11/2022,HUM,LA,ASW,CE,Federal Contract Tower,0,47,4,2,53,0,145,47,0,192,0,192,51,2,245,2,2,4,249
04/12/2022,HUM,LA,ASW,CE,Federal Contract Tower,0,68,7,0,75,0,120,20,0,140,0,188,27,0,215,2,0,2,217
04/13/2022,HUM,LA,ASW,CE,Federal Contract Tower,0,70,10,0,80,0,92,21,0,113,0,162,31,0,193,8,0,8,201
04/14/2022,HUM,LA,ASW,CE,Federal Contract Tower,0,101,8,0,109,0,60,23,0,83,0,161,31,0,192,4,0,4,196
04/15/2022,HUM,LA,ASW,CE,Federal Contract Tower,0,79,6,0,85,0,85,17,0,102,0,164,23,0,187,14,0,14,201
04/16/2022,HUM,LA,ASW,CE,Federal Contract Tower,0,30,10,0,40,0,44,3,0,47,0,74,13,0,87,4,0,4,91
04/17/2022,HUM,LA,ASW,CE,Federal Contract Tower,0,37,1,0,38,0,55,18,0,73,0,92,19,0,111,4,0,4,115
04/18/2022,HUM,LA,ASW,CE,Federal Contract Tower,0,89,4,0,93,0,112,49,0,161,0,201,53,0,254,8,0,8,262
04/19/2022,HUM,LA,ASW,CE,Federal Contract Tower,0,58,4,0,62,0,117,39,0,156,0,175,43,0,218,10,0,10,228
04/20/2022,HUM,LA,ASW,CE,Federal Contract Tower,0,60,8,0,68,0,125,33,0,158,0,185,41,0,226,2,0,2,228
04/21/2022,HUM,LA,ASW,CE,Federal Contract Tower,0,57,7,0,64,0,124,40,1,165,0,181,47,1,229,12,0,12,241
04/22/2022,HUM,LA,ASW,CE,Federal Contract Tower,0,46,9,0,55,0,128,35,0,163,0,174,44,0,218,28,0,28,246
04/23/2022,HUM,LA,ASW,CE,Federal Contract Tower,0,15,3,0,18,0,70,25,0,95,0,85,28,0,113,24,0,24,137
04/24/2022,HUM,LA,ASW,CE,Federal Contract Tower,0,21,16,0,37,0,84,13,0,97,0,105,29,0,134,6,0,6,140
04/25/2022,HUM,LA,ASW,CE,Federal Contract Tower,0,64,12,0,76,0,125,40,0,165,0,189,52,0,241,0,0,0,241
04/26/2022,HUM,LA,ASW,CE,Federal Contract Tower,0,78,6,0,84,0,116,40,0,156,0,194,46,0,240,8,0,8,248
04/27/2022,HUM,LA,ASW,CE,Federal Contract Tower,0,50,8,0,58,0,165,64,0,229,0,215,72,0,287,10,0,10,297
04/28/2022,HUM,LA,ASW,CE,Federal Contract Tower,0,46,9,0,55,0,139,66,0,205,0,185,75,0,260,12,0,12,272
04/29/2022,HUM,LA,ASW,CE,Federal Contract Tower,0,33,7,0,40,0,121,57,0,178,0,154,64,0,218,10,0,10,228
04/30/2022,HUM,LA,ASW,CE,Federal Contract Tower,0,19,6,0,25,0,59,26,0,85,0,78,32,0,110,16,0,16,126
05/01/2022,HUM,LA,ASW,CE,Federal Contract Tower,0,38,10,0,48,0,55,7,0,62,0,93,17,0,110,0,0,0,110
05/02/2022,HUM,LA,ASW,CE,Federal Contract Tower,0,62,12,2,76,0,151,38,4,193,0,213,50,6,269,0,8,8,277
05/03/2022,HUM,LA,ASW,CE,Federal Contract Tower,0,56,13,0,69,0,130,31,0,161,0,186,44,0,230,0,0,0,230
05/04/2022,HUM,LA,ASW,CE,Federal Contract Tower,0,60,12,1,73,0,170,42,0,212,0,230,54,1,285,8,0,8,293
05/05/2022,HUM,LA,ASW,CE,Federal Contract Tower,0,65,5,0,70,0,169,40,0,209,0,234,45,0,279,8,0,8,287
05/06/2022,HUM,LA,ASW,CE,Federal Contract Tower,0,86,8,0,94,0,49,11,0,60,0,135,19,0,154,6,0,6,160
05/07/2022,HUM,LA,ASW,CE,Federal Contract Tower,0,34,8,0,42,0,55,17,0,72,0,89,25,0,114,32,0,32,146
05/08/2022,HUM,LA,ASW,CE,Federal Contract Tower,0,30,16,0,46,0,75,16,0,91,0,105,32,0,137,8,0,8,145
05/09/2022,HUM,LA,ASW,CE,Federal Contract Tower,0,59,5,0,64,0,152,33,2,187,0,211,38,2,251,0,0,0,251
05/10/2022,HUM,LA,ASW,CE,Federal Contract Tower,0,43,8,0,51,0,120,31,1,152,0,163,39,1,203,0,0,0,203
05/11/2022,HUM,LA,ASW,CE,Federal Contract Tower,0,49,7,0,56,0,156,54,0,210,0,205,61,0,266,2,0,2,268
05/12/2022,HUM,LA,ASW,CE,Federal Contract Tower,0,58,12,0,70,0,124,36,0,160,0,182,48,0,230,0,0,0,230
05/13/2022,HUM,LA,ASW,CE,Federal Contract Tower,0,44,20,0,64,0,107,35,2,144,0,151,55,2,208,10,0,10,218
05/14/2022,HUM,LA,ASW,CE,Federal Contract Tower,0,23,8,0,31,0,73,22,0,95,0,96,30,0,126,8,0,8,134
05/15/2022,HUM,LA,ASW,CE,Federal Contract Tower,0,23,16,0,39,0,72,21,0,93,0,95,37,0,132,4,0,4,136
05/16/2022,HUM,LA,ASW,CE,Federal Contract Tower,0,63,4,0,67,0,115,24,0,139,0,178,28,0,206,0,0,0,206
05/17/2022,HUM,LA,ASW,CE,Federal Contract Tower,0,51,6,0,57,0,118,33,0,151,0,169,39,0,208,20,0,20,228
05/18/2022,HUM,LA,ASW,CE,Federal Contract Tower,0,64,13,0,77,0,144,35,0,179,0,208,48,0,256,2,0,2,258
05/19/2022,HUM,LA,ASW,CE,Federal Contract Tower,0,61,12,0,73,0,147,35,0,182,0,208,47,0,255,8,0,8,263
05/20/2022,HUM,LA,ASW,CE,Federal Contract Tower,0,48,7,0,55,0,76,21,0,97,0,124,28,0,152,0,0,0,152
05/21/2022,HUM,LA,ASW,CE,Federal Contract Tower,0,30,12,0,42,0,55,7,0,62,0,85,19,0,104,0,0,0,104
05/22/2022,HUM,LA,ASW,CE,Federal Contract Tower,0,21,2,0,23,0,40,8,0,48,0,61,10,0,71,12,0,12,83
05/23/2022,HUM,LA,ASW,CE,Federal Contract Tower,0,88,3,0,91,0,94,11,0,105,0,182,14,0,196,0,0,0,196
05/24/2022,HUM,LA,ASW,CE,Federal Contract Tower,0,86,9,0,95,0,117,27,0,144,0,203,36,0,239,2,0,2,241
05/25/2022,HUM,LA,ASW,CE,Federal Contract Tower,0,36,6,0,42,0,88,11,0,99,0,124,17,0,141,10,0,10,151
05/26/2022,HUM,LA,ASW,CE,Federal Contract Tower,0,54,9,0,63,0,153,50,0,203,0,207,59,0,266,20,0,20,286
05/27/2022,HUM,LA,ASW,CE,Federal Contract Tower,0,44,9,0,53,0,125,44,0,169,0,169,53,0,222,12,0,12,234
05/28/2022,HUM,LA,ASW,CE,Federal Contract Tower,0,28,9,0,37,0,66,28,0,94,0,94,37,0,131,0,0,0,131
05/29/2022,HUM,LA,ASW,CE,Federal Contract Tower,0,27,6,0,33,0,58,17,0,75,0,85,23,0,108,6,0,6,114
05/30/2022,HUM,LA,ASW,CE,Federal Contract Tower,0,48,13,0,61,0,98,34,0,132,0,146,47,0,193,8,0,8,201
05/31/2022,HUM,LA,ASW,CE,Federal Contract Tower,0,51,11,0,62,0,135,38,0,173,0,186,49,0,235,32,0,32,267
06/01/2022,HUM,LA,ASW,CE,Federal Contract Tower,0,65,7,0,72,0,144,45,0,189,0,209,52,0,261,14,0,14,275
06/02/2022,HUM,LA,ASW,CE,Federal Contract Tower,0,62,12,0,74,0,179,49,1,229,0,241,61,1,303,8,2,10,313
06/03/2022,HUM,LA,ASW,CE,Federal Contract Tower,0,40,11,0,51,0,147,30,0,177,0,187,41,0,228,20,0,20,248
06/04/2022,HUM,LA,ASW,CE,Federal Contract Tower,0,29,3,0,32,0,73,21,0,94,0,102,24,0,126,6,0,6,132
06/05/2022,HUM,LA,ASW,CE,Federal Contract Tower,0,31,12,0,43,0,88,18,0,106,0,119,30,0,149,16,0,16,165
06/06/2022,HUM,LA,ASW,CE,Federal Contract Tower,0,45,5,1,51,0,146,40,0,186,0,191,45,1,237,11,0,11,248
06/07/2022,HUM,LA,ASW,CE,Federal Contract Tower,0,79,20,0,99,0,92,32,0,124,0,171,52,0,223,34,0,34,257
06/08/2022,HUM,LA,ASW,CE,Federal Contract Tower,0,63,11,0,74,0,153,42,0,195,0,216,53,0,269,8,0,8,277
06/09/2022,HUM,LA,ASW,CE,Federal Contract Tower,0,55,20,0,75,0,131,38,0,169,0,186,58,0,244,4,0,4,248
06/10/2022,HUM,LA,ASW,CE,Federal Contract Tower,0,47,11,0,58,0,0,0,0,0,0,47,11,0,58,0,0,0,58
06/11/2022,HUM,LA,ASW,CE,Federal Contract Tower,0,24,4,0,28,0,71,20,0,91,0,95,24,0,119,14,0,14,133
06/12/2022,HUM,LA,ASW,CE,Federal Contract Tower,0,28,23,0,51,0,72,33,0,105,0,100,56,0,156,4,0,4,160
06/13/2022,HUM,LA,ASW,CE,Federal Contract Tower,0,57,18,0,75,0,116,52,0,168,0,173,70,0,243,8,0,8,251
06/14/2022,HUM,LA,ASW,CE,Federal Contract Tower,0,48,11,0,59,0,151,41,0,192,0,199,52,0,251,24,0,24,275
06/15/2022,HUM,LA,ASW,CE,Federal Contract Tower,0,73,8,0,81,0,156,41,0,197,0,229,49,0,278,20,0,20,298
06/16/2022,HUM,LA,ASW,CE,Federal Contract Tower,0,68,14,4,86,0,164,37,0,201,0,232,51,4,287,22,0,22,309
06/17/2022,HUM,LA,ASW,CE,Federal Contract Tower,0,42,6,0,48,0,102,20,0,122,0,144,26,0,170,6,0,6,176
06/18/2022,HUM,LA,ASW,CE,Federal Contract Tower,0,24,3,0,27,0,64,28,0,92,0,88,31,0,119,26,0,26,145
06/19/2022,HUM,LA,ASW,CE,Federal Contract Tower,0,38,8,2,48,0,60,20,0,80,0,98,28,2,128,0,0,0,128
06/20/2022,HUM,LA,ASW,CE,Federal Contract Tower,0,58,9,0,67,0,118,32,0,150,0,176,41,0,217,14,0,14,231
06/21/2022,HUM,LA,ASW,CE,Federal Contract Tower,0,58,15,0,73,0,142,35,0,177,0,200,50,0,250,12,0,12,262
06/22/2022,HUM,LA,ASW,CE,Federal Contract Tower,0,58,10,0,68,0,143,27,0,170,0,201,37,0,238,32,0,32,270
06/23/2022,HUM,LA,ASW,CE,Federal Contract Tower,0,61,17,0,78,0,123,26,0,149,0,184,43,0,227,6,0,6,233
06/24/2022,HUM,LA,ASW,CE,Federal Contract Tower,0,39,22,0,61,0,88,27,0,115,0,127,49,0,176,10,0,10,186
06/25/2022,HUM,LA,ASW,CE,Federal Contract Tower,0,29,9,0,38,0,60,10,0,70,0,89,19,0,108,4,0,4,112
06/26/2022,HUM,LA,ASW,CE,Federal Contract Tower,0,28,19,0,47,0,45,9,0,54,0,73,28,0,101,14,0,14,115
06/27/2022,HUM,LA,ASW,CE,Federal Contract Tower,0,72,14,0,86,0,83,25,0,108,0,155,39,0,194,4,0,4,198
06/28/2022,HUM,LA,ASW,CE,Federal Contract Tower,0,60,5,0,65,0,119,21,0,140,0,179,26,0,205,4,0,4,209
06/29/2022,HUM,LA,ASW,CE,Federal Contract Tower,0,68,12,0,80,0,136,33,0,169,0,204,45,0,249,14,0,14,263
06/30/2022,HUM,LA,ASW,CE,Federal Contract Tower,0,71,10,0,81,0,102,30,0,132,0,173,40,0,213,12,0,12,225
07/01/2022,HUM,LA,ASW,CE,Federal Contract Tower,0,52,6,0,58,0,98,23,0,121,0,150,29,0,179,8,0,8,187
07/02/2022,HUM,LA,ASW,CE,Federal Contract Tower,0,21,2,0,23,0,59,6,0,65,0,80,8,0,88,4,0,4,92
07/03/2022,HUM,LA,ASW,CE,Federal Contract Tower,0,30,0,0,30,0,54,18,0,72,0,84,18,0,102,16,0,16,118
07/04/2022,HUM,LA,ASW,CE,Federal Contract Tower,0,48,3,0,51,0,76,12,0,88,0,124,15,0,139,8,0,8,147
07/05/2022,HUM,LA,ASW,CE,Federal Contract Tower,0,62,7,0,69,0,117,15,0,132,0,179,22,0,201,0,0,0,201
07/06/2022,HUM,LA,ASW,CE,Federal Contract Tower,0,77,10,0,87,0,147,32,0,179,0,224,42,0,266,4,0,4,270
07/07/2022,HUM,LA,ASW,CE,Federal Contract Tower,0,69,11,0,80,0,123,24,0,147,0,192,35,0,227,4,0,4,231
07/08/2022,HUM,LA,ASW,CE,Federal Contract Tower,0,35,10,0,45,0,114,27,0,141,0,149,37,0,186,18,0,18,204
07/09/2022,HUM,LA,ASW,CE,Federal Contract Tower,0,26,5,0,31,0,61,13,0,74,0,87,18,0,105,8,0,8,113
07/10/2022,HUM,LA,ASW,CE,Federal Contract Tower,0,41,6,0,47,0,55,7,0,62,0,96,13,0,109,6,0,6,115
07/11/2022,HUM,LA,ASW,CE,Federal Contract Tower,0,69,4,0,73,0,122,42,3,167,0,191,46,3,240,0,0,0,240
07/12/2022,HUM,LA,ASW,CE,Federal Contract Tower,0,45,12,0,57,0,70,26,2,98,0,115,38,2,155,28,0,28,183
07/13/2022,HUM,LA,ASW,CE,Federal Contract Tower,0,83,7,0,90,0,149,28,0,177,0,232,35,0,267,33,0,33,300
07/14/2022,HUM,LA,ASW,CE,Federal Contract Tower,0,72,6,0,78,0,151,20,0,171,0,223,26,0,249,6,0,6,255
07/15/2022,HUM,LA,ASW,CE,Federal Contract Tower,0,76,6,0,82,0,150,28,0,178,0,226,34,0,260,14,0,14,274
07/16/2022,HUM,LA,ASW,CE,Federal Contract Tower,0,22,7,0,29,0,60,17,0,77,0,82,24,0,106,4,0,4,110
07/17/2022,HUM,LA,ASW,CE,Federal Contract Tower,0,38,8,0,46,0,106,35,0,141,0,144,43,0,187,40,0,40,227
07/18/2022,HUM,LA,ASW,CE,Federal Contract Tower,0,59,7,0,66,0,145,27,4,176,0,204,34,4,242,12,0,12,254
07/19/2022,HUM,LA,ASW,CE,Federal Contract Tower,0,58,6,0,64,0,147,35,0,182,0,205,41,0,246,8,0,8,254
07/20/2022,HUM,LA,ASW,CE,Federal Contract Tower,0,63,12,0,75,0,152,31,4,187,0,215,43,4,262,32,4,36,298
07/21/2022,HUM,LA,ASW,CE,Federal Contract Tower,0,70,11,0,81,0,128,29,0,157,0,198,40,0,238,0,0,0,238
07/22/2022,HUM,LA,ASW,CE,Federal Contract Tower,0,49,6,0,55,0,110,28,0,138,0,159,34,0,193,0,0,0,193
07/23/2022,HUM,LA,ASW,CE,Federal Contract Tower,0,22,7,0,29,0,85,10,0,95,0,107,17,0,124,20,0,20,144
07/24/2022,HUM,LA,ASW,CE,Federal Contract Tower,0,31,0,0,31,0,82,19,0,101,0,113,19,0,132,0,0,0,132
07/25/2022,HUM,LA,ASW,CE,Federal Contract Tower,0,61,6,0,67,0,126,23,0,149,0,187,29,0,216,12,0,12,228
07/26/2022,HUM,LA,ASW,CE,Federal Contract Tower,0,61,16,0,77,0,119,32,0,151,0,180,48,0,228,8,0,8,236
07/27/2022,HUM,LA,ASW,CE,Federal Contract Tower,0,65,14,0,79,0,145,29,0,174,0,210,43,0,253,0,0,0,253
07/28/2022,HUM,LA,ASW,CE,Federal Contract Tower,0,82,21,1,104,0,141,38,1,180,0,223,59,2,284,0,0,0,284
07/29/2022,HUM,LA,ASW,CE,Federal Contract Tower,0,52,9,0,61,0,139,13,0,152,0,191,22,0,213,0,0,0,213
07/30/2022,HUM,LA,ASW,CE,Federal Contract Tower,0,16,5,0,21,0,66,13,0,79,0,82,18,0,100,16,0,16,116
07/31/2022,HUM,LA,ASW,CE,Federal Contract Tower,0,31,8,0,39,0,60,12,0,72,0,91,20,0,111,0,0,0,111
08/01/2022,HUM,LA,ASW,CE,Federal Contract Tower,0,55,11,0,66,0,109,26,0,135,0,164,37,0,201,20,0,20,221
08/03/2022,HUM,LA,ASW,CE,Federal Contract Tower,0,74,5,0,79,0,119,17,0,136,0,193,22,0,215,0,10,10,225
08/04/2022,HUM,LA,ASW,CE,Federal Contract Tower,0,68,13,0,81,0,100,33,0,133,0,168,46,0,214,2,0,2,216
08/05/2022,HUM,LA,ASW,CE,Federal Contract Tower,0,62,5,0,67,0,142,29,0,171,0,204,34,0,238,0,0,0,238
08/06/2022,HUM,LA,ASW,CE,Federal Contract Tower,0,23,1,0,24,0,68,14,0,82,0,91,15,0,106,10,0,10,116
08/07/2022,HUM,LA,ASW,CE,Federal Contract Tower,0,40,5,0,45,0,63,7,0,70,0,103,12,0,115,0,0,0,115
08/08/2022,HUM,LA,ASW,CE,Federal Contract Tower,0,55,10,0,65,0,0,0,0,0,0,55,10,0,65,0,0,0,65
08/09/2022,HUM,LA,ASW,CE,Federal Contract Tower,0,56,9,0,65,0,133,33,0,166,0,189,42,0,231,10,0,10,241
08/10/2022,HUM,LA,ASW,CE,Federal Contract Tower,0,70,7,0,77,0,127,29,0,156,0,197,36,0,233,6,0,6,239
08/11/2022,HUM,LA,ASW,CE,Federal Contract Tower,0,77,7,0,84,0,61,27,0,88,0,138,34,0,172,0,0,0,172
08/12/2022,HUM,LA,ASW,CE,Federal Contract Tower,0,107,13,0,120,0,74,19,0,93,0,181,32,0,213,0,0,0,213
08/13/2022,HUM,LA,ASW,CE,Federal Contract Tower,0,27,3,0,30,0,83,22,0,105,0,110,25,0,135,0,0,0,135
08/14/2022,HUM,LA,ASW,CE,Federal Contract Tower,0,33,6,0,39,0,87,13,0,100,0,120,19,0,139,0,0,0,139
08/15/2022,HUM,LA,ASW,CE,Federal Contract Tower,0,58,7,0,65,0,123,46,0,169,0,181,53,0,234,20,0,20,254
08/16/2022,HUM,LA,ASW,CE,Federal Contract Tower,0,49,9,1,59,0,131,39,0,170,0,180,48,1,229,12,0,12,241
08/17/2022,HUM,LA,ASW,CE,Federal Contract Tower,0,63,18,0,81,0,161,37,0,198,0,224,55,0,279,12,0,12,291
08/18/2022,HUM,LA,ASW,CE,Federal Contract Tower,0,69,7,0,76,0,141,41,0,182,0,210,48,0,258,9,0,9,267
08/19/2022,HUM,LA,ASW,CE,Federal Contract Tower,0,42,4,0,46,0,0,0,0,0,0,42,4,0,46,18,0,18,64
08/20/2022,HUM,LA,ASW,CE,Federal Contract Tower,0,25,3,0,28,0,59,7,0,66,0,84,10,0,94,0,0,0,94
08/21/2022,HUM,LA,ASW,CE,Federal Contract Tower,0,32,6,0,38,0,85,13,0,98,0,117,19,0,136,12,0,12,148
08/22/2022,HUM,LA,ASW,CE,Federal Contract Tower,0,54,3,0,57,0,83,19,0,102,0,137,22,0,159,0,0,0,159
08/23/2022,HUM,LA,ASW,CE,Federal Contract Tower,0,62,4,1,67,0,105,27,0,132,0,167,31,1,199,33,0,33,232
08/24/2022,HUM,LA,ASW,CE,Federal Contract Tower,0,83,8,0,91,0,133,19,0,152,0,216,27,0,243,2,0,2,245
08/25/2022,HUM,LA,ASW,CE,Federal Contract Tower,0,72,17,0,89,0,98,22,0,120,0,170,39,0,209,0,0,0,209
08/26/2022,HUM,LA,ASW,CE,Federal Contract Tower,0,86,2,0,88,0,56,19,0,75,0,142,21,0,163,2,0,2,165
08/27/2022,HUM,LA,ASW,CE,Federal Contract Tower,0,24,7,0,31,0,60,11,0,71,0,84,18,0,102,0,0,0,102
08/28/2022,HUM,LA,ASW,CE,Federal Contract Tower,0,27,7,0,34,0,59,20,0,79,0,86,27,0,113,18,0,18,131
08/29/2022,HUM,LA,ASW,CE,Federal Contract Tower,0,59,8,0,67,0,128,25,0,153,0,187,33,0,220,12,0,12,232
08/30/2022,HUM,LA,ASW,CE,Federal Contract Tower,0,49,6,0,55,0,118,22,0,140,0,167,28,0,195,20,0,20,215
08/31/2022,HUM,LA,ASW,CE,Federal Contract Tower,0,72,10,0,82,0,145,38,8,191,0,217,48,8,273,6,0,6,279
09/01/2022,HUM,LA,ASW,CE,Federal Contract Tower,0,68,7,0,75,0,122,47,0,169,0,190,54,0,244,10,0,10,254
09/02/2022,HUM,LA,ASW,CE,Federal Contract Tower,0,39,20,0,59,0,117,37,0,154,0,156,57,0,213,2,0,2,215
09/03/2022,HUM,LA,ASW,CE,Federal Contract Tower,0,20,1,0,21,0,53,2,0,55,0,73,3,0,76,0,0,0,76
09/04/2022,HUM,LA,ASW,CE,Federal Contract Tower,0,38,0,0,38,0,35,2,0,37,0,73,2,0,75,0,0,0,75
09/05/2022,HUM,LA,ASW,CE,Federal Contract Tower,0,57,14,0,71,0,111,24,0,135,0,168,38,0,206,8,0,8,214
09/06/2022,HUM,LA,ASW,CE,Federal Contract Tower,0,69,2,0,71,0,112,29,0,141,0,181,31,0,212,0,0,0,212
09/07/2022,HUM,LA,ASW,CE,Federal Contract Tower,0,75,6,0,81,0,105,30,0,135,0,180,36,0,216,10,0,10,226
09/08/2022,HUM,LA,ASW,CE,Federal Contract Tower,0,71,8,0,79,0,128,33,0,161,0,199,41,0,240,8,0,8,248
09/09/2022,HUM,LA,ASW,CE,Federal Contract Tower,0,59,5,0,64,0,88,33,0,121,0,147,38,0,185,2,0,2,187
09/10/2022,HUM,LA,ASW,CE,Federal Contract Tower,0,16,6,0,22,0,69,33,0,102,0,85,39,0,124,16,0,16,140
09/11/2022,HUM,LA,ASW,CE,Federal Contract Tower,0,32,6,0,38,0,55,18,0,73,0,87,24,0,111,22,0,22,133
09/12/2022,HUM,LA,ASW,CE,Federal Contract Tower,0,65,3,0,68,0,118,11,0,129,0,183,14,0,197,0,0,0,197
09/13/2022,HUM,LA,ASW,CE,Federal Contract Tower,0,60,8,0,68,0,146,18,0,164,0,206,26,0,232,0,0,0,232
09/14/2022,HUM,LA,ASW,CE,Federal Contract Tower,0,62,8,0,70,0,171,35,0,206,0,233,43,0,276,24,0,24,300
09/15/2022,HUM,LA,ASW,CE,Federal Contract Tower,0,51,11,0,62,0,122,38,0,160,0,173,49,0,222,38,0,38,260
09/16/2022,HUM,LA,ASW,CE,Federal Contract Tower,0,38,10,1,49,0,102,24,0,126,0,140,34,1,175,8,8,16,191
09/17/2022,HUM,LA,ASW,CE,Federal Contract Tower,0,16,5,0,21,0,51,18,0,69,0,67,23,0,90,27,0,27,117
09/18/2022,HUM,LA,ASW,CE,Federal Contract Tower,0,32,7,0,39,0,68,12,0,80,0,100,19,0,119,5,0,5,124
09/19/2022,HUM,LA,ASW,CE,Federal Contract Tower,0,57,5,0,62,0,130,37,0,167,0,187,42,0,229,10,0,10,239
09/20/2022,HUM,LA,ASW,CE,Federal Contract Tower,0,42,10,0,52,0,153,34,0,187,0,195,44,0,239,2,0,2,241
09/21/2022,HUM,LA,ASW,CE,Federal Contract Tower,0,59,9,0,68,0,195,54,0,249,0,254,63,0,317,14,0,14,331
09/22/2022,HUM,LA,ASW,CE,Federal Contract Tower,0,63,8,0,71,0,114,56,0,170,0,177,64,0,241,0,0,0,241
09/23/2022,HUM,LA,ASW,CE,Federal Contract Tower,0,52,9,0,61,0,99,40,2,141,0,151,49,2,202,14,0,14,216
09/25/2022,HUM,LA,ASW,CE,Federal Contract Tower,0,53,6,0,59,0,115,28,0,143,0,168,34,0,202,12,0,12,214
09/26/2022,HUM,LA,ASW,CE,Federal Contract Tower,0,52,5,0,57,0,102,15,0,117,0,154,20,0,174,0,0,0,174
09/27/2022,HUM,LA,ASW,CE,Federal Contract Tower,0,58,7,0,65,0,121,31,0,152,0,179,38,0,217,4,0,4,221
09/28/2022,HUM,LA,ASW,CE,Federal Contract Tower,0,55,8,0,63,0,104,33,0,137,0,159,41,0,200,0,0,0,200
09/29/2022,HUM,LA,ASW,CE,Federal Contract Tower,0,53,1,0,54,0,109,20,0,129,0,162,21,0,183,2,0,2,185
09/30/2022,HUM,LA,ASW,CE,Federal Contract Tower,0,45,7,0,52,0,103,21,0,124,0,148,28,0,176,16,0,16,192
10/01/2022,HUM,LA,ASW,CE,Federal Contract Tower,0,24,1,0,25,0,64,23,0,87,0,88,24,0,112,15,0,15,127
10/02/2022,HUM,LA,ASW,CE,Federal Contract Tower,0,29,1,0,30,0,71,44,0,115,0,100,45,0,145,26,0,26,171
10/03/2022,HUM,LA,ASW,CE,Federal Contract Tower,0,48,10,0,58,0,124,37,0,161,0,172,47,0,219,0,0,0,219
10/04/2022,HUM,LA,ASW,CE,Federal Contract Tower,0,49,11,0,60,0,152,37,0,189,0,201,48,0,249,4,0,4,253
10/05/2022,HUM,LA,ASW,CE,Federal Contract Tower,0,62,3,0,65,0,163,36,0,199,0,225,39,0,264,2,0,2,266
10/06/2022,HUM,LA,ASW,CE,Federal Contract Tower,0,54,6,0,60,0,0,0,0,0,0,54,6,0,60,9,0,9,69
10/07/2022,HUM,LA,ASW,CE,Federal Contract Tower,0,39,4,0,43,0,124,49,0,173,0,163,53,0,216,19,0,19,235
10/08/2022,HUM,LA,ASW,CE,Federal Contract Tower,0,11,0,0,11,0,98,22,0,120,0,109,22,0,131,35,0,35,166
10/09/2022,HUM,LA,ASW,CE,Federal Contract Tower,0,30,8,0,38,0,103,16,0,119,0,133,24,0,157,2,0,2,159
10/10/2022,HUM,LA,ASW,CE,Federal Contract Tower,0,51,2,0,53,0,144,32,0,176,0,195,34,0,229,6,0,6,235
10/11/2022,HUM,LA,ASW,CE,Federal Contract Tower,0,41,4,0,45,0,131,37,0,168,0,172,41,0,213,16,0,16,229
10/12/2022,HUM,LA,ASW,CE,Federal Contract Tower,0,60,11,0,71,0,105,26,0,131,0,165,37,0,202,6,0,6,208
10/13/2022,HUM,LA,ASW,CE,Federal Contract Tower,0,82,9,0,91,0,131,28,0,159,0,213,37,0,250,4,0,4,254
10/14/2022,HUM,LA,ASW,CE,Federal Contract Tower,0,50,11,0,61,0,139,42,0,181,0,189,53,0,242,52,0,52,294
10/15/2022,HUM,LA,ASW,CE,Federal Contract Tower,0,20,4,0,24,0,76,23,0,99,0,96,27,0,123,39,0,39,162
10/16/2022,HUM,LA,ASW,CE,Federal Contract Tower,0,35,9,0,44,0,117,24,0,141,0,152,33,0,185,22,0,22,207
10/17/2022,HUM,LA,ASW,CE,Federal Contract Tower,0,77,7,0,84,0,121,36,0,157,0,198,43,0,241,30,0,30,271
10/18/2022,HUM,LA,ASW,CE,Federal Contract Tower,0,46,10,0,56,0,133,32,0,165,0,179,42,0,221,0,0,0,221
10/19/2022,HUM,LA,ASW,CE,Federal Contract Tower,0,55,20,0,75,0,202,29,0,231,0,257,49,0,306,15,0,15,321
10/20/2022,HUM,LA,ASW,CE,Federal Contract Tower,0,34,13,0,47,0,161,39,0,200,0,195,52,0,247,10,0,10,257
10/21/2022,HUM,LA,ASW,CE,Federal Contract Tower,0,35,9,0,44,0,109,41,0,150,0,144,50,0,194,0,0,0,194
10/22/2022,HUM,LA,ASW,CE,Federal Contract Tower,0,18,8,0,26,0,80,15,0,95,0,98,23,0,121,14,0,14,135
10/23/2022,HUM,LA,ASW,CE,Federal Contract Tower,0,35,8,0,43,0,77,21,0,98,0,112,29,0,141,6,0,6,147
10/24/2022,HUM,LA,ASW,CE,Federal Contract Tower,0,49,8,3,60,0,117,15,0,132,0,166,23,3,192,4,0,4,196
10/25/2022,HUM,LA,ASW,CE,Federal Contract Tower,0,68,3,2,73,0,95,16,0,111,0,163,19,2,184,4,0,4,188
10/26/2022,HUM,LA,ASW,CE,Federal Contract Tower,0,51,12,0,63,0,142,28,0,170,0,193,40,0,233,10,0,10,243
10/27/2022,HUM,LA,ASW,CE,Federal Contract Tower,0,44,5,0,49,0,103,22,0,125,0,147,27,0,174,4,0,4,178
10/28/2022,HUM,LA,ASW,CE,Federal Contract Tower,0,51,3,0,54,0,97,18,0,115,0,148,21,0,169,30,0,30,199
10/29/2022,HUM,LA,ASW,CE,Federal Contract Tower,0,29,1,0,30,0,43,2,0,45,0,72,3,0,75,0,0,0,75
10/30/2022,HUM,LA,ASW,CE,Federal Contract Tower,0,26,6,0,32,0,68,18,0,86,0,94,24,0,118,16,0,16,134
10/31/2022,HUM,LA,ASW,CE,Federal Contract Tower,0,59,5,0,64,0,138,44,0,182,0,197,49,0,246,16,0,16,262
11/02/2022,HUM,LA,ASW,CE,Federal Contract Tower,0,54,9,0,63,0,159,40,0,199,0,213,49,0,262,20,0,20,282
11/03/2022,HUM,LA,ASW,CE,Federal Contract Tower,0,62,6,0,68,0,137,34,0,171,0,199,40,0,239,26,0,26,265
11/04/2022,HUM,LA,ASW,CE,Federal Contract Tower,0,71,8,0,79,0,84,27,0,111,0,155,35,0,190,24,0,24,214
11/05/2022,HUM,LA,ASW,CE,Federal Contract Tower,0,28,5,0,33,0,19,0,0,19,0,47,5,0,52,2,0,2,54
11/06/2022,HUM,LA,ASW,CE,Federal Contract Tower,0,33,4,0,37,0,112,35,0,147,0,145,39,0,184,42,0,42,226
11/07/2022,HUM,LA,ASW,CE,Federal Contract Tower,0,65,8,0,73,0,92,22,0,114,0,157,30,0,187,10,0,10,197
11/08/2022,HUM,LA,ASW,CE,Federal Contract Tower,0,71,4,0,75,0,94,12,0,106,0,165,16,0,181,0,0,0,181
11/09/2022,HUM,LA,ASW,CE,Federal Contract Tower,0,53,14,0,67,0,155,32,0,187,0,208,46,0,254,8,0,8,262
11/10/2022,HUM,LA,ASW,CE,Federal Contract Tower,0,43,17,0,60,0,136,26,0,162,0,179,43,0,222,10,0,10,232
11/12/2022,HUM,LA,ASW,CE,Federal Contract Tower,0,37,8,0,45,0,23,4,0,27,0,60,12,0,72,30,0,30,102
11/13/2022,HUM,LA,ASW,CE,Federal Contract Tower,0,31,15,0,46,0,77,22,0,99,0,108,37,0,145,24,0,24,169
11/14/2022,HUM,LA,ASW,CE,Federal Contract Tower,0,69,4,0,73,0,126,11,0,137,0,195,15,0,210,0,0,0,210
11/15/2022,HUM,LA,ASW,CE,Federal Contract Tower,0,106,15,0,121,0,35,5,0,40,0,141,20,0,161,0,0,0,161
11/16/2022,HUM,LA,ASW,CE,Federal Contract Tower,0,62,10,0,72,0,148,11,0,159,0,210,21,0,231,0,0,0,231
11/17/2022,HUM,LA,ASW,CE,Federal Contract Tower,0,71,14,1,86,0,122,26,1,149,0,193,40,2,235,18,0,18,253
11/18/2022,HUM,LA,ASW,CE,Federal Contract Tower,0,48,17,0,65,0,122,25,0,147,0,170,42,0,212,36,0,36,248
11/19/2022,HUM,LA,ASW,CE,Federal Contract Tower,0,24,5,0,29,0,32,4,0,36,0,56,9,0,65,20,0,20,85
11/20/2022,HUM,LA,ASW,CE,Federal Contract Tower,0,39,7,0,46,0,44,22,0,66,0,83,29,0,112,22,0,22,134
11/21/2022,HUM,LA,ASW,CE,Federal Contract Tower,0,58,8,0,66,0,134,34,0,168,0,192,42,0,234,16,0,16,250
11/23/2022,HUM,LA,ASW,CE,Federal Contract Tower,0,65,9,0,74,0,121,21,0,142,0,186,30,0,216,0,0,0,216
11/24/2022,HUM,LA,ASW,CE,Federal Contract Tower,0,55,2,0,57,0,80,2,0,82,0,135,4,0,139,0,0,0,139
11/25/2022,HUM,LA,ASW,CE,Federal Contract Tower,0,37,11,0,48,0,2,0,0,2,0,39,11,0,50,0,0,0,50
11/26/2022,HUM,LA,ASW,CE,Federal Contract Tower,0,2,7,0,9,0,2,0,0,2,0,4,7,0,11,0,0,0,11
11/27/2022,HUM,LA,ASW,CE,Federal Contract Tower,0,36,10,0,46,0,118,35,0,153,0,154,45,0,199,46,0,46,245
11/28/2022,HUM,LA,ASW,CE,Federal Contract Tower,0,66,13,0,79,0,124,31,0,155,0,190,44,0,234,0,0,0,234
11/29/2022,HUM,LA,ASW,CE,Federal Contract Tower,0,138,9,1,148,0,0,0,0,0,0,138,9,1,148,0,0,0,148
11/30/2022,HUM,LA,ASW,CE,Federal Contract Tower,0,88,9,2,99,0,74,21,0,95,0,162,30,2,194,2,0,2,196
12/01/2022,HUM,LA,ASW,CE,Federal Contract Tower,0,54,18,0,72,0,147,27,0,174,0,201,45,0,246,4,0,4,250
12/02/2022,HUM,LA,ASW,CE,Federal Contract Tower,0,59,15,0,74,0,90,45,0,135,0,149,60,0,209,34,2,36,245
12/03/2022,HUM,LA,ASW,CE,Federal Contract Tower,0,29,7,0,36,0,36,9,0,45,0,65,16,0,81,14,0,14,95
12/04/2022,HUM,LA,ASW,CE,Federal Contract Tower,0,50,8,0,58,0,25,7,0,32,0,75,15,0,90,6,0,6,96
12/05/2022,HUM,LA,ASW,CE,Federal Contract Tower,0,90,10,1,101,0,85,9,0,94,0,175,19,1,195,0,0,0,195
12/06/2022,HUM,LA,ASW,CE,Federal Contract Tower,0,63,6,0,69,0,168,28,0,196,0,231,34,0,265,20,0,20,285
12/07/2022,HUM,LA,ASW,CE,Federal Contract Tower,0,64,7,0,71,0,0,0,0,0,0,64,7,0,71,24,0,24,95
12/08/2022,HUM,LA,ASW,CE,Federal Contract Tower,0,70,5,0,75,0,60,19,0,79,0,130,24,0,154,20,0,20,174
12/09/2022,HUM,LA,ASW,CE,Federal Contract Tower,0,87,11,1,99,0,48,27,1,76,0,135,38,2,175,4,4,8,183
12/10/2022,HUM,LA,ASW,CE,Federal Contract Tower,0,22,3,0,25,0,57,18,0,75,0,79,21,0,100,22,0,22,122
12/11/2022,HUM,LA,ASW,CE,Federal Contract Tower,0,39,14,0,53,0,36,8,0,44,0,75,22,0,97,6,0,6,103
12/12/2022,HUM,LA,ASW,CE,Federal Contract Tower,0,76,15,0,91,0,76,17,0,93,0,152,32,0,184,0,0,0,184
12/13/2022,HUM,LA,ASW,CE,Federal Contract Tower,0,100,4,2,106,0,54,13,0,67,0,154,17,2,173,8,0,8,181
12/14/2022,HUM,LA,ASW,CE,Federal Contract Tower,0,63,6,0,69,0,56,0,0,56,0,119,6,0,125,0,0,0,125
12/15/2022,HUM,LA,ASW,CE,Federal Contract Tower,0,60,11,0,71,0,151,25,2,178,0,211,36,2,249,0,0,0,249
12/16/2022,HUM,LA,ASW,CE,Federal Contract Tower,0,49,12,0,61,0,146,42,0,188,0,195,54,0,249,0,0,0,249
12/17/2022,HUM,LA,ASW,CE,Federal Contract Tower,0,25,10,0,35,0,48,6,0,54,0,73,16,0,89,8,0,8,97
12/18/2022,HUM,LA,ASW,CE,Federal Contract Tower,0,25,10,0,35,0,76,29,0,105,0,101,39,0,140,20,0,20,160
12/19/2022,HUM,LA,ASW,CE,Federal Contract Tower,0,57,7,0,64,0,121,12,0,133,0,178,19,0,197,0,0,0,197
12/20/2022,HUM,LA,ASW,CE,Federal Contract Tower,0,112,3,0,115,0,0,0,0,0,0,112,3,0,115,0,0,0,115
12/21/2022,HUM,LA,ASW,CE,Federal Contract Tower,0,146,8,0,154,0,28,0,0,28,0,174,8,0,182,0,0,0,182
12/22/2022,HUM,LA,ASW,CE,Federal Contract Tower,0,119,5,0,124,0,74,9,0,83,0,193,14,0,207,4,0,4,211
12/23/2022,HUM,LA,ASW,CE,Federal Contract Tower,0,1,5,0,6,0,57,2,0,59,0,58,7,0,65,0,0,0,65
12/24/2022,HUM,LA,ASW,CE,Federal Contract Tower,0,3,1,0,4,0,69,4,0,73,0,72,5,0,77,14,0,14,91
12/25/2022,HUM,LA,ASW,CE,Federal Contract Tower,0,1,2,0,3,0,30,0,0,30,0,31,2,0,33,0,0,0,33
12/26/2022,HUM,LA,ASW,CE,Federal Contract Tower,0,13,4,0,17,0,86,22,0,108,0,99,26,0,125,12,0,12,137
12/27/2022,HUM,LA,ASW,CE,Federal Contract Tower,0,46,9,0,55,0,102,25,0,127,0,148,34,0,182,32,0,32,214
12/28/2022,HUM,LA,ASW,CE,Federal Contract Tower,0,60,7,0,67,0,133,28,0,161,0,193,35,0,228,14,0,14,242
12/29/2022,HUM,LA,ASW,CE,Federal Contract Tower,0,56,5,1,62,0,137,26,1,164,0,193,31,2,226,18,2,20,246
12/30/2022,HUM,LA,ASW,CE,Federal Contract Tower,0,8,5,0,13,0,0,0,0,0,0,8,5,0,13,0,0,0,13
12/31/2022,HUM,LA,ASW,CE,Federal Contract Tower,0,98,2,0,100,0,47,7,0,54,0,145,9,0,154,26,0,26,180
01/01/2023,HUM,LA,ASW,CE,Federal Contract Tower,0,14,4,0,18,0,0,0,0,0,0,14,4,0,18,0,0,0,18
01/02/2023,HUM,LA,ASW,CE,Federal Contract Tower,0,61,7,0,68,0,71,11,0,82,0,132,18,0,150,30,0,30,180
01/03/2023,HUM,LA,ASW,CE,Federal Contract Tower,0,101,3,0,104,0,3,0,0,3,0,104,3,0,107,0,0,0,107
01/04/2023,HUM,LA,ASW,CE,Federal Contract Tower,0,63,9,0,72,0,157,26,0,183,0,220,35,0,255,14,0,14,269
01/05/2023,HUM,LA,ASW,CE,Federal Contract Tower,0,38,9,0,47,0,135,45,0,180,0,173,54,0,227,16,0,16,243
01/06/2023,HUM,LA,ASW,CE,Federal Contract Tower,0,39,10,0,49,0,115,20,0,135,0,154,30,0,184,24,0,24,208
01/07/2023,HUM,LA,ASW,CE,Federal Contract Tower,0,18,10,0,28,0,59,20,0,79,0,77,30,0,107,24,0,24,131
01/08/2023,HUM,LA,ASW,CE,Federal Contract Tower,0,29,9,0,38,0,38,4,0,42,0,67,13,0,80,22,0,22,102
01/09/2023,HUM,LA,ASW,CE,Federal Contract Tower,0,59,11,0,70,0,92,8,0,100,0,151,19,0,170,2,0,2,172
01/10/2023,HUM,LA,ASW,CE,Federal Contract Tower,0,49,16,0,65,0,157,20,0,177,0,206,36,0,242,14,0,14,256
01/11/2023,HUM,LA,ASW,CE,Federal Contract Tower,0,90,14,0,104,0,109,16,0,125,0,199,30,0,229,0,0,0,229
01/12/2023,HUM,LA,ASW,CE,Federal Contract Tower,0,75,7,0,82,0,235,7,0,242,0,310,14,0,324,0,0,0,324
01/13/2023,HUM,LA,ASW,CE,Federal Contract Tower,0,51,13,0,64,0,104,23,0,127,0,155,36,0,191,0,0,0,191
01/14/2023,HUM,LA,ASW,CE,Federal Contract Tower,0,11,1,0,12,0,81,29,0,110,0,92,30,0,122,46,0,46,168
01/15/2023,HUM,LA,ASW,CE,Federal Contract Tower,0,26,4,0,30,0,81,27,0,108,0,107,31,0,138,10,0,10,148
01/16/2023,HUM,LA,ASW,CE,Federal Contract Tower,0,53,6,0,59,0,112,28,0,140,0,165,34,0,199,6,0,6,205
01/17/2023,HUM,LA,ASW,CE,Federal Contract Tower,0,49,11,0,60,0,140,26,0,166,0,189,37,0,226,0,0,0,226
01/18/2023,HUM,LA,ASW,CE,Federal Contract Tower,0,85,15,0,100,0,102,12,0,114,0,187,27,0,214,0,0,0,214
01/19/2023,HUM,LA,ASW,CE,Federal Contract Tower,0,54,7,0,61,0,168,51,0,219,0,222,58,0,280,0,0,0,280
01/20/2023,HUM,LA,ASW,CE,Federal Contract Tower,0,62,8,0,70,0,118,28,0,146,0,180,36,0,216,36,0,36,252
01/21/2023,HUM,LA,ASW,CE,Federal Contract Tower,0,30,3,0,33,0,35,5,0,40,0,65,8,0,73,0,0,0,73
01/22/2023,HUM,LA,ASW,CE,Federal Contract Tower,0,56,5,0,61,0,20,1,0,21,0,76,6,0,82,0,0,0,82
01/23/2023,HUM,LA,ASW,CE,Federal Contract Tower,0,51,7,1,59,0,134,35,2,171,0,185,42,3,230,24,0,24,254
01/24/2023,HUM,LA,ASW,CE,Federal Contract Tower,0,52,11,0,63,0,89,0,0,89,0,141,11,0,152,0,0,0,152
01/25/2023,HUM,LA,ASW,CE,Federal Contract Tower,0,63,7,0,70,0,110,12,0,122,0,173,19,0,192,2,0,2,194
01/26/2023,HUM,LA,ASW,CE,Federal Contract Tower,0,60,11,0,71,0,141,30,0,171,0,201,41,0,242,0,0,0,242
01/27/2023,HUM,LA,ASW,CE,Federal Contract Tower,0,38,15,0,53,0,93,28,0,121,0,131,43,0,174,4,0,4,178
01/28/2023,HUM,LA,ASW,CE,Federal Contract Tower,0,14,3,0,17,0,56,20,0,76,0,70,23,0,93,0,0,0,93
01/29/2023,HUM,LA,ASW,CE,Federal Contract Tower,0,48,11,0,59,0,14,0,0,14,0,62,11,0,73,6,0,6,79
01/30/2023,HUM,LA,ASW,CE,Federal Contract Tower,0,39,6,0,45,0,48,15,0,63,0,87,21,0,108,12,0,12,120
01/31/2023,HUM,LA,ASW,CE,Federal Contract Tower,0,80,6,0,86,0,21,6,0,27,0,101,12,0,113,6,0,6,119
02/01/2023,HUM,LA,ASW,CE,Federal Contract Tower,0,92,3,0,95,0,19,0,0,19,0,111,3,0,114,2,0,2,116
02/02/2023,HUM,LA,ASW,CE,Federal Contract Tower,0,28,6,0,34,0,0,0,0,0,0,28,6,0,34,0,0,0,34
02/03/2023,HUM,LA,ASW,CE,Federal Contract Tower,0,104,10,1,115,0,136,29,0,165,0,240,39,1,280,4,0,4,284
02/04/2023,HUM,LA,ASW,CE,Federal Contract Tower,0,35,3,0,38,0,79,23,0,102,0,114,26,0,140,14,0,14,154
02/05/2023,HUM,LA,ASW,CE,Federal Contract Tower,0,22,6,0,28,0,108,28,0,136,0,130,34,0,164,0,0,0,164
02/06/2023,HUM,LA,ASW,CE,Federal Contract Tower,0,55,13,2,70,0,132,27,0,159,0,187,40,2,229,0,0,0,229
02/07/2023,HUM,LA,ASW,CE,Federal Contract Tower,0,71,3,0,74,0,123,19,0,142,0,194,22,0,216,4,0,4,220
02/08/2023,HUM,LA,ASW,CE,Federal Contract Tower,0,114,9,4,127,0,40,0,2,42,0,154,9,6,169,0,0,0,169
02/09/2023,HUM,LA,ASW,CE,Federal Contract Tower,0,74,7,0,81,0,129,24,0,153,0,203,31,0,234,4,0,4,238
02/10/2023,HUM,LA,ASW,CE,Federal Contract Tower,0,61,8,0,69,0,69,13,0,82,0,130,21,0,151,0,0,0,151
02/12/2023,HUM,LA,ASW,CE,Federal Contract Tower,0,52,4,0,56,0,82,31,0,113,0,134,35,0,169,8,0,8,177
02/13/2023,HUM,LA,ASW,CE,Federal Contract Tower,0,52,10,0,62,0,130,32,1,163,0,182,42,1,225,18,0,18,243
02/14/2023,HUM,LA,ASW,CE,Federal Contract Tower,0,45,7,0,52,0,128,21,0,149,0,173,28,0,201,2,0,2,203
02/15/2023,HUM,LA,ASW,CE,Federal Contract Tower,0,56,9,0,65,0,143,12,0,155,0,199,21,0,220,8,0,8,228
02/17/2023,HUM,LA,ASW,CE,Federal Contract Tower,0,48,23,0,71,0,110,24,0,134,0,158,47,0,205,2,0,2,207
02/18/2023,HUM,LA,ASW,CE,Federal Contract Tower,0,12,8,0,20,0,94,20,0,114,0,106,28,0,134,6,0,6,140
02/19/2023,HUM,LA,ASW,CE,Federal Contract Tower,0,22,2,0,24,0,96,15,0,111,0,118,17,0,135,4,0,4,139
02/20/2023,HUM,LA,ASW,CE,Federal Contract Tower,0,34,14,0,48,0,123,16,0,139,0,157,30,0,187,0,0,0,187
02/21/2023,HUM,LA,ASW,CE,Federal Contract Tower,0,70,4,0,74,0,104,21,0,125,0,174,25,0,199,12,0,12,211
02/22/2023,HUM,LA,ASW,CE,Federal Contract Tower,0,93,8,0,101,0,104,3,0,107,0,197,11,0,208,0,0,0,208
02/23/2023,HUM,LA,ASW,CE,Federal Contract Tower,0,120,5,0,125,0,61,3,0,64,0,181,8,0,189,4,0,4,193
02/24/2023,HUM,LA,ASW,CE,Federal Contract Tower,0,88,13,0,101,0,19,7,0,26,0,107,20,0,127,8,0,8,135
02/25/2023,HUM,LA,ASW,CE,Federal Contract Tower,0,39,2,0,41,0,43,16,0,59,0,82,18,0,100,4,0,4,104
02/26/2023,HUM,LA,ASW,CE,Federal Contract Tower,0,42,5,0,47,0,60,19,0,79,0,102,24,0,126,10,0,10,136
02/27/2023,HUM,LA,ASW,CE,Federal Contract Tower,0,72,8,0,80,0,100,15,0,115,0,172,23,0,195,0,0,0,195
02/28/2023,HUM,LA,ASW,CE,Federal Contract Tower,0,105,13,2,120,0,89,23,0,112,0,194,36,2,232,8,0,8,240
03/01/2023,HUM,LA,ASW,CE,Federal Contract Tower,0,75,13,0,88,0,113,13,0,126,0,188,26,0,214,0,0,0,214
03/02/2023,HUM,LA,ASW,CE,Federal Contract Tower,0,74,6,0,80,0,124,29,0,153,0,198,35,0,233,4,0,4,237
03/03/2023,HUM,LA,ASW,CE,Federal Contract Tower,0,56,6,0,62,0,56,23,0,79,0,112,29,0,141,4,0,4,145
03/04/2023,HUM,LA,ASW,CE,Federal Contract Tower,0,24,0,0,24,0,0,0,0,0,0,24,0,0,24,20,0,20,44
03/05/2023,HUM,LA,ASW,CE,Federal Contract Tower,0,28,4,0,32,0,79,28,0,107,0,107,32,0,139,6,0,6,145
03/07/2023,HUM,LA,ASW,CE,Federal Contract Tower,0,95,8,0,103,0,90,11,1,102,0,185,19,1,205,0,0,0,205
03/08/2023,HUM,LA,ASW,CE,Federal Contract Tower,0,99,5,0,104,0,105,18,0,123,0,204,23,0,227,0,0,0,227
03/09/2023,HUM,LA,ASW,CE,Federal Contract Tower,0,90,11,0,101,0,106,22,0,128,0,196,33,0,229,12,0,12,241
03/10/2023,HUM,LA,ASW,CE,Federal Contract Tower,0,79,13,0,92,0,84,18,0,102,0,163,31,0,194,4,0,4,198
03/11/2023,HUM,LA,ASW,CE,Federal Contract Tower,0,20,4,0,24,0,80,30,0,110,0,100,34,0,134,28,0,28,162
03/12/2023,HUM,LA,ASW,CE,Federal Contract Tower,0,45,7,0,52,0,81,15,0,96,0,126,22,0,148,12,0,12,160
03/13/2023,HUM,LA,ASW,CE,Federal Contract Tower,0,68,3,0,71,0,123,23,0,146,0,191,26,0,217,8,0,8,225
03/15/2023,HUM,LA,ASW,CE,Federal Contract Tower,0,55,3,0,58,0,166,28,0,194,0,221,31,0,252,6,0,6,258
03/16/2023,HUM,LA,ASW,CE,Federal Contract Tower,0,51,5,0,56,0,132,19,0,151,0,183,24,0,207,10,0,10,217
03/17/2023,HUM,LA,ASW,CE,Federal Contract Tower,0,35,4,0,39,0,34,0,0,34,0,69,4,0,73,0,0,0,73
03/18/2023,HUM,LA,ASW,CE,Federal Contract Tower,0,32,3,0,35,0,57,14,0,71,0,89,17,0,106,16,0,16,122
03/19/2023,HUM,LA,ASW,CE,Federal Contract Tower,0,26,5,0,31,0,78,12,0,90,0,104,17,0,121,0,0,0,121
03/20/2023,HUM,LA,ASW,CE,Federal Contract Tower,0,52,6,0,58,0,173,18,0,191,0,225,24,0,249,0,0,0,249
03/21/2023,HUM,LA,ASW,CE,Federal Contract Tower,0,52,13,0,65,0,134,23,0,157,0,186,36,0,222,18,0,18,240
03/22/2023,HUM,LA,ASW,CE,Federal Contract Tower,0,64,13,0,77,0,187,37,0,224,0,251,50,0,301,6,0,6,307
03/23/2023,HUM,LA,ASW,CE,Federal Contract Tower,0,93,13,0,106,0,124,15,0,139,0,217,28,0,245,0,0,0,245
03/24/2023,HUM,LA,ASW,CE,Federal Contract Tower,0,95,8,0,103,0,69,8,0,77,0,164,16,0,180,0,0,0,180
03/25/2023,HUM,LA,ASW,CE,Federal Contract Tower,0,40,4,0,44,0,48,30,0,78,0,88,34,0,122,18,0,18,140
03/26/2023,HUM,LA,ASW,CE,Federal Contract Tower,0,53,5,0,58,0,49,2,0,51,0,102,7,0,109,8,0,8,117
03/27/2023,HUM,LA,ASW,CE,Federal Contract Tower,0,89,8,1,98,0,115,13,0,128,0,204,21,1,226,8,0,8,234
03/28/2023,HUM,LA,ASW,CE,Federal Contract Tower,0,69,8,0,77,0,42,2,0,44,0,111,10,0,121,0,0,0,121
03/29/2023,HUM,LA,ASW,CE,Federal Contract Tower,0,75,14,0,89,0,155,22,0,177,0,230,36,0,266,2,0,2,268
03/30/2023,HUM,LA,ASW,CE,Federal Contract Tower,0,57,9,0,66,0,148,37,0,185,0,205,46,0,251,8,0,8,259
03/31/2023,HUM,LA,ASW,CE,Federal Contract Tower,0,49,11,0,60,0,84,8,0,92,0,133,19,0,152,4,0,4,156
04/01/2023,HUM,LA,ASW,CE,Federal Contract Tower,0,34,8,0,42,0,45,10,0,55,0,79,18,0,97,0,0,0,97
04/02/2023,HUM,LA,ASW,CE,Federal Contract Tower,0,52,9,0,61,0,61,12,0,73,0,113,21,0,134,0,0,0,134
04/03/2023,HUM,LA,ASW,CE,Federal Contract Tower,0,84,6,0,90,0,93,16,0,109,0,177,22,0,199,8,0,8,207
04/04/2023,HUM,LA,ASW,CE,Federal Contract Tower,0,68,14,0,82,0,136,37,0,173,0,204,51,0,255,6,0,6,261
04/05/2023,HUM,LA,ASW,CE,Federal Contract Tower,0,80,12,0,92,0,130,17,0,147,0,210,29,0,239,0,0,0,239
04/06/2023,HUM,LA,ASW,CE,Federal Contract Tower,0,94,8,0,102,0,130,16,0,146,0,224,24,0,248,0,0,0,248
04/07/2023,HUM,LA,ASW,CE,Federal Contract Tower,0,84,11,0,95,0,21,0,0,21,0,105,11,0,116,0,0,0,116
04/08/2023,HUM,LA,ASW,CE,Federal Contract Tower,0,34,3,0,37,0,22,0,0,22,0,56,3,0,59,0,0,0,59
04/09/2023,HUM,LA,ASW,CE,Federal Contract Tower,0,49,8,0,57,0,31,10,0,41,0,80,18,0,98,0,0,0,98
04/10/2023,HUM,LA,ASW,CE,Federal Contract Tower,0,68,11,0,79,0,88,28,0,116,0,156,39,0,195,0,0,0,195
04/11/2023,HUM,LA,ASW,CE,Federal Contract Tower,0,72,9,0,81,0,110,23,0,133,0,182,32,0,214,0,0,0,214
04/12/2023,HUM,LA,ASW,CE,Federal Contract Tower,0,94,7,0,101,0,100,17,0,117,0,194,24,0,218,0,0,0,218
04/13/2023,HUM,LA,ASW,CE,Federal Contract Tower,0,83,15,0,98,0,131,31,0,162,0,214,46,0,260,0,0,0,260
04/15/2023,HUM,LA,ASW,CE,Federal Contract Tower,0,21,3,0,24,0,20,2,0,22,0,41,5,0,46,2,0,2,48
04/16/2023,HUM,LA,ASW,CE,Federal Contract Tower,0,30,3,0,33,0,107,11,1,119,0,137,14,1,152,0,0,0,152
04/17/2023,HUM,LA,ASW,CE,Federal Contract Tower,0,54,17,0,71,0,183,35,2,220,0,237,52,2,291,0,0,0,291
04/18/2023,HUM,LA,ASW,CE,Federal Contract Tower,0,43,12,0,55,0,148,54,0,202,0,191,66,0,257,0,0,0,257
04/19/2023,HUM,LA,ASW,CE,Federal Contract Tower,62,0,9,0,71,0,181,51,0,232,62,181,60,0,303,2,0,2,305
04/20/2023,HUM,LA,ASW,CE,Federal Contract Tower,0,72,16,0,88,0,150,57,0,207,0,222,73,0,295,2,0,2,297
04/21/2023,HUM,LA,ASW,CE,Federal Contract Tower,0,34,4,1,39,0,52,5,0,57,0,86,9,1,96,0,0,0,96
04/22/2023,HUM,LA,ASW,CE,Federal Contract Tower,0,30,8,0,38,0,59,17,0,76,0,89,25,0,114,0,0,0,114
04/23/2023,HUM,LA,ASW,CE,Federal Contract Tower,0,29,13,0,42,0,52,10,0,62,0,81,23,0,104,0,0,0,104
04/24/2023,HUM,LA,ASW,CE,Federal Contract Tower,0,61,9,0,70,0,147,61,0,208,0,208,70,0,278,12,1,13,291
04/25/2023,HUM,LA,ASW,CE,Federal Contract Tower,0,64,1,0,65,0,115,50,1,166,0,179,51,1,231,36,0,36,267
04/26/2023,HUM,LA,ASW,CE,Federal Contract Tower,0,91,14,0,105,0,108,28,0,136,0,199,42,0,241,0,0,0,241
04/27/2023,HUM,LA,ASW,CE,Federal Contract Tower,0,56,6,0,62,0,69,16,0,85,0,125,22,0,147,0,0,0,147
04/30/2023,HUM,LA,ASW,CE,Federal Contract Tower,0,29,6,0,35,0,66,18,0,84,0,95,24,0,119,14,0,14,133
05/01/2023,HUM,LA,ASW,CE,Federal Contract Tower,0,49,5,0,54,0,140,59,0,199,0,189,64,0,253,4,0,4,257
05/02/2023,HUM,LA,ASW,CE,Federal Contract Tower,0,50,2,0,52,0,108,40,0,148,0,158,42,0,200,0,0,0,200
05/03/2023,HUM,LA,ASW,CE,Federal Contract Tower,0,53,11,0,64,0,186,49,0,235,0,239,60,0,299,0,0,0,299
05/04/2023,HUM,LA,ASW,CE,Federal Contract Tower,0,62,19,0,81,0,159,41,2,202,0,221,60,2,283,5,0,5,288
05/05/2023,HUM,LA,ASW,CE,Federal Contract Tower,0,60,4,0,64,0,69,21,0,90,0,129,25,0,154,0,0,0,154
05/07/2023,HUM,LA,ASW,CE,Federal Contract Tower,0,48,9,0,57,0,57,18,0,75,0,105,27,0,132,0,0,0,132
05/08/2023,HUM,LA,ASW,CE,Federal Contract Tower,0,59,7,0,66,0,113,38,0,151,0,172,45,0,217,0,0,0,217
05/09/2023,HUM,LA,ASW,CE,Federal Contract Tower,0,57,7,0,64,0,137,38,0,175,0,194,45,0,239,0,0,0,239
05/10/2023,HUM,LA,ASW,CE,Federal Contract Tower,0,70,4,0,74,0,151,45,0,196,0,221,49,0,270,6,0,6,276
05/11/2023,HUM,LA,ASW,CE,Federal Contract Tower,0,77,12,0,89,0,120,20,0,140,0,197,32,0,229,3,0,3,232
05/12/2023,HUM,LA,ASW,CE,Federal Contract Tower,0,50,22,0,72,0,77,15,0,92,0,127,37,0,164,14,0,14,178
05/13/2023,HUM,LA,ASW,CE,Federal Contract Tower,0,21,3,0,24,0,54,4,0,58,0,75,7,0,82,6,0,6,88
05/14/2023,HUM,LA,ASW,CE,Federal Contract Tower,0,23,4,0,27,0,68,15,0,83,0,91,19,0,110,0,0,0,110
05/15/2023,HUM,LA,ASW,CE,Federal Contract Tower,0,60,7,0,67,0,113,26,0,139,0,173,33,0,206,0,0,0,206
05/16/2023,HUM,LA,ASW,CE,Federal Contract Tower,0,47,11,0,58,0,136,40,0,176,0,183,51,0,234,18,0,18,252
05/17/2023,HUM,LA,ASW,CE,Federal Contract Tower,0,68,4,0,72,0,151,27,0,178,0,219,31,0,250,2,0,2,252
05/18/2023,HUM,LA,ASW,CE,Federal Contract Tower,0,59,21,0,80,0,165,36,2,203,0,224,57,2,283,2,0,2,285
05/19/2023,HUM,LA,ASW,CE,Federal Contract Tower,0,33,12,0,45,0,103,24,0,127,0,136,36,0,172,2,0,2,174
05/20/2023,HUM,LA,ASW,CE,Federal Contract Tower,0,12,10,0,22,0,45,11,0,56,0,57,21,0,78,6,0,6,84
05/21/2023,HUM,LA,ASW,CE,Federal Contract Tower,0,33,13,0,46,0,81,19,0,100,0,114,32,0,146,4,0,4,150
05/22/2023,HUM,LA,ASW,CE,Federal Contract Tower,0,50,14,0,64,0,140,35,2,177,0,190,49,2,241,10,8,18,259
05/23/2023,HUM,LA,ASW,CE,Federal Contract Tower,0,48,5,0,53,0,155,24,0,179,0,203,29,0,232,0,0,0,232
05/24/2023,HUM,LA,ASW,CE,Federal Contract Tower,0,69,11,0,80,0,137,27,0,164,0,206,38,0,244,4,0,4,248
05/25/2023,HUM,LA,ASW,CE,Federal Contract Tower,0,69,7,0,76,0,127,16,0,143,0,196,23,0,219,2,0,2,221
05/26/2023,HUM,LA,ASW,CE,Federal Contract Tower,0,35,8,0,43,0,106,33,0,139,0,141,41,0,182,0,0,0,182
05/27/2023,HUM,LA,ASW,CE,Federal Contract Tower,0,13,4,0,17,0,80,10,0,90,0,93,14,0,107,0,0,0,107
05/28/2023,HUM,LA,ASW,CE,Federal Contract Tower,0,27,3,0,30,0,66,9,0,75,0,93,12,0,105,0,0,0,105
05/29/2023,HUM,LA,ASW,CE,Federal Contract Tower,0,50,5,0,55,0,111,16,0,127,0,161,21,0,182,4,0,4,186
05/30/2023,HUM,LA,ASW,CE,Federal Contract Tower,0,47,13,0,60,0,111,31,0,142,0,158,44,0,202,0,0,0,202
05/31/2023,HUM,LA,ASW,CE,Federal Contract Tower,0,60,13,0,73,0,131,22,0,153,0,191,35,0,226,0,0,0,226
06/01/2023,HUM,LA,ASW,CE,Federal Contract Tower,0,60,15,0,75,0,145,21,0,166,0,205,36,0,241,0,0,0,241
06/02/2023,HUM,LA,ASW,CE,Federal Contract Tower,0,36,16,0,52,0,99,22,0,121,0,135,38,0,173,0,0,0,173
06/03/2023,HUM,LA,ASW,CE,Federal Contract Tower,0,17,5,0,22,0,61,14,0,75,0,78,19,0,97,4,0,4,101
06/04/2023,HUM,LA,ASW,CE,Federal Contract Tower,0,21,9,0,30,0,60,16,0,76,0,81,25,0,106,0,0,0,106
06/05/2023,HUM,LA,ASW,CE,Federal Contract Tower,0,61,11,0,72,0,100,25,0,125,0,161,36,0,197,0,0,0,197
06/06/2023,HUM,LA,ASW,CE,Federal Contract Tower,0,53,5,0,58,0,116,20,0,136,0,169,25,0,194,4,0,4,198
06/07/2023,HUM,LA,ASW,CE,Federal Contract Tower,0,58,14,0,72,0,150,41,0,191,0,208,55,0,263,10,0,10,273
06/08/2023,HUM,LA,ASW,CE,Federal Contract Tower,0,54,9,0,63,0,126,33,0,159,0,180,42,0,222,6,0,6,228
06/09/2023,HUM,LA,ASW,CE,Federal Contract Tower,0,35,6,0,41,0,111,22,0,133,0,146,28,0,174,1,0,1,175
06/10/2023,HUM,LA,ASW,CE,Federal Contract Tower,0,11,2,0,13,0,53,9,0,62,0,64,11,0,75,20,0,20,95
06/11/2023,HUM,LA,ASW,CE,Federal Contract Tower,0,25,10,0,35,0,109,12,0,121,0,134,22,0,156,6,0,6,162
06/12/2023,HUM,LA,ASW,CE,Federal Contract Tower,0,53,11,0,64,0,151,23,0,174,0,204,34,0,238,10,0,10,248
06/13/2023,HUM,LA,ASW,CE,Federal Contract Tower,0,66,0,0,66,0,126,22,0,148,0,192,22,0,214,0,0,0,214
06/14/2023,HUM,LA,ASW,CE,Federal Contract Tower,0,67,12,0,79,0,147,33,0,180,0,214,45,0,259,0,0,0,259
06/15/2023,HUM,LA,ASW,CE,Federal Contract Tower,0,72,6,0,78,0,123,31,0,154,0,195,37,0,232,2,0,2,234
06/16/2023,HUM,LA,ASW,CE,Federal Contract Tower,0,45,11,0,56,0,106,12,0,118,0,151,23,0,174,8,0,8,182
06/17/2023,HUM,LA,ASW,CE,Federal Contract Tower,0,15,5,0,20,0,35,9,0,44,0,50,14,0,64,0,0,0,64
06/18/2023,HUM,LA,ASW,CE,Federal Contract Tower,0,24,8,0,32,0,84,14,0,98,0,108,22,0,130,10,0,10,140
06/19/2023,HUM,LA,ASW,CE,Federal Contract Tower,0,62,17,0,79,0,121,31,0,152,0,183,48,0,231,0,0,0,231
06/20/2023,HUM,LA,ASW,CE,Federal Contract Tower,0,57,7,0,64,0,119,30,0,149,0,176,37,0,213,0,0,0,213
06/21/2023,HUM,LA,ASW,CE,Federal Contract Tower,0,57,13,0,70,0,155,40,0,195,0,212,53,0,265,0,0,0,265
06/22/2023,HUM,LA,ASW,CE,Federal Contract Tower,0,59,31,0,90,0,146,30,0,176,0,205,61,0,266,0,0,0,266
06/23/2023,HUM,LA,ASW,CE,Federal Contract Tower,0,46,13,0,59,0,75,12,0,87,0,121,25,0,146,0,0,0,146
06/24/2023,HUM,LA,ASW,CE,Federal Contract Tower,0,13,5,0,18,0,43,1,0,44,0,56,6,0,62,0,0,0,62
06/25/2023,HUM,LA,ASW,CE,Federal Contract Tower,0,27,18,0,45,0,85,23,0,108,0,112,41,0,153,8,0,8,161
06/26/2023,HUM,LA,ASW,CE,Federal Contract Tower,0,51,13,0,64,0,147,29,0,176,0,198,42,0,240,0,0,0,240
06/27/2023,HUM,LA,ASW,CE,Federal Contract Tower,0,42,13,0,55,0,144,37,0,181,0,186,50,0,236,20,0,20,256
06/28/2023,HUM,LA,ASW,CE,Federal Contract Tower,0,71,9,0,80,0,0,0,0,0,0,71,9,0,80,0,0,0,80
06/29/2023,HUM,LA,ASW,CE,Federal Contract Tower,0,50,11,0,61,0,160,34,0,194,0,210,45,0,255,14,0,14,269
07/01/2023,HUM,LA,ASW,CE,Federal Contract Tower,0,19,1,0,20,0,52,7,0,59,0,71,8,0,79,4,0,4,83
07/02/2023,HUM,LA,ASW,CE,Federal Contract Tower,0,33,9,0,42,0,73,14,0,87,0,106,23,0,129,12,0,12,141
07/03/2023,HUM,LA,ASW,CE,Federal Contract Tower,0,43,0,0,43,0,114,4,0,118,0,157,4,0,161,0,0,0,161
07/04/2023,HUM,LA,ASW,CE,Federal Contract Tower,0,55,2,0,57,0,75,16,0,91,0,130,18,0,148,0,0,0,148
07/05/2023,HUM,LA,ASW,CE,Federal Contract Tower,0,59,4,0,63,0,121,21,1,143,0,180,25,1,206,2,0,2,208
07/06/2023,HUM,LA,ASW,CE,Federal Contract Tower,0,78,7,0,85,0,125,21,0,146,0,203,28,0,231,9,0,9,240
07/07/2023,HUM,LA,ASW,CE,Federal Contract Tower,0,40,4,0,44,0,101,25,0,126,0,141,29,0,170,8,0,8,178
07/08/2023,HUM,LA,ASW,CE,Federal Contract Tower,0,14,3,0,17,0,52,7,0,59,0,66,10,0,76,8,2,10,86
07/09/2023,HUM,LA,ASW,CE,Federal Contract Tower,0,28,4,0,32,0,63,9,0,72,0,91,13,0,104,3,0,3,107
07/11/2023,HUM,LA,ASW,CE,Federal Contract Tower,0,54,5,0,59,0,139,26,0,165,0,193,31,0,224,0,0,0,224
07/12/2023,HUM,LA,ASW,CE,Federal Contract Tower,0,68,8,0,76,0,162,36,0,198,0,230,44,0,274,4,0,4,278
07/13/2023,HUM,LA,ASW,CE,Federal Contract Tower,0,65,18,0,83,0,142,39,0,181,0,207,57,0,264,0,0,0,264
07/14/2023,HUM,LA,ASW,CE,Federal Contract Tower,0,44,6,0,50,0,94,28,0,122,0,138,34,0,172,0,0,0,172
07/15/2023,HUM,LA,ASW,CE,Federal Contract Tower,0,16,4,0,20,0,49,7,0,56,0,65,11,0,76,2,0,2,78
07/16/2023,HUM,LA,ASW,CE,Federal Contract Tower,0,21,8,0,29,0,75,13,0,88,0,96,21,0,117,1,0,1,118
07/18/2023,HUM,LA,ASW,CE,Federal Contract Tower,0,55,11,0,66,0,143,27,0,170,0,198,38,0,236,0,0,0,236
07/19/2023,HUM,LA,ASW,CE,Federal Contract Tower,0,45,12,0,57,0,166,29,0,195,0,211,41,0,252,4,0,4,256
07/20/2023,HUM,LA,ASW,CE,Federal Contract Tower,0,40,11,0,51,0,180,29,0,209,0,220,40,0,260,0,0,0,260
07/21/2023,HUM,LA,ASW,CE,Federal Contract Tower,0,34,15,0,49,0,122,22,0,144,0,156,37,0,193,0,0,0,193
07/22/2023,HUM,LA,ASW,CE,Federal Contract Tower,0,13,5,0,18,0,83,27,1,111,0,96,32,1,129,18,0,18,147
07/23/2023,HUM,LA,ASW,CE,Federal Contract Tower,0,14,12,0,26,0,67,11,0,78,0,81,23,0,104,0,0,0,104
07/24/2023,HUM,LA,ASW,CE,Federal Contract Tower,0,47,13,0,60,0,135,25,0,160,0,182,38,0,220,0,0,0,220
07/25/2023,HUM,LA,ASW,CE,Federal Contract Tower,0,57,3,0,60,0,140,17,0,157,0,197,20,0,217,4,0,4,221
07/26/2023,HUM,LA,ASW,CE,Federal Contract Tower,0,63,6,0,69,0,170,36,0,206,0,233,42,0,275,0,0,0,275
07/27/2023,HUM,LA,ASW,CE,Federal Contract Tower,0,66,15,0,81,0,142,33,0,175,0,208,48,0,256,3,0,3,259
07/28/2023,HUM,LA,ASW,CE,Federal Contract Tower,0,39,13,0,52,0,114,35,0,149,0,153,48,0,201,4,0,4,205
07/29/2023,HUM,LA,ASW,CE,Federal Contract Tower,0,15,2,0,17,0,49,4,0,53,0,64,6,0,70,4,0,4,74
07/30/2023,HUM,LA,ASW,CE,Federal Contract Tower,0,30,5,0,35,0,72,16,0,88,0,102,21,0,123,6,0,6,129
07/31/2023,HUM,LA,ASW,CE,Federal Contract Tower,0,67,10,0,77,0,152,33,0,185,0,219,43,0,262,0,0,0,262
08/02/2023,HUM,LA,ASW,CE,Federal Contract Tower,0,70,6,0,76,0,136,16,0,152,0,206,22,0,228,0,0,0,228
08/03/2023,HUM,LA,ASW,CE,Federal Contract Tower,0,72,8,0,80,0,125,39,0,164,0,197,47,0,244,9,0,9,253
08/04/2023,HUM,LA,ASW,CE,Federal Contract Tower,0,37,9,0,46,0,95,23,0,118,0,132,32,0,164,20,0,20,184
08/05/2023,HUM,LA,ASW,CE,Federal Contract Tower,0,21,6,0,27,0,74,20,0,94,0,95,26,0,121,29,0,29,150
08/06/2023,HUM,LA,ASW,CE,Federal Contract Tower,0,31,5,0,36,0,76,25,0,101,0,107,30,0,137,8,0,8,145
08/07/2023,HUM,LA,ASW,CE,Federal Contract Tower,0,61,6,0,67,0,147,26,0,173,0,208,32,0,240,0,0,0,240
08/08/2023,HUM,LA,ASW,CE,Federal Contract Tower,0,55,9,0,64,0,98,23,0,121,0,153,32,0,185,0,0,0,185
08/09/2023,HUM,LA,ASW,CE,Federal Contract Tower,0,93,7,0,100,0,137,33,0,170,0,230,40,0,270,8,6,14,284
08/10/2023,HUM,LA,ASW,CE,Federal Contract Tower,0,69,11,0,80,0,145,24,2,171,0,214,35,2,251,6,0,6,257
08/11/2023,HUM,LA,ASW,CE,Federal Contract Tower,0,43,3,0,46,0,110,12,0,122,0,153,15,0,168,0,0,0,168
08/12/2023,HUM,LA,ASW,CE,Federal Contract Tower,0,14,3,0,17,0,76,7,0,83,0,90,10,0,100,27,0,27,127
08/13/2023,HUM,LA,ASW,CE,Federal Contract Tower,0,31,6,0,37,0,85,13,0,98,0,116,19,0,135,4,0,4,139
08/14/2023,HUM,LA,ASW,CE,Federal Contract Tower,0,53,4,0,57,0,149,30,0,179,0,202,34,0,236,6,0,6,242
08/15/2023,HUM,LA,ASW,CE,Federal Contract Tower,0,64,11,0,75,0,131,12,0,143,0,195,23,0,218,2,0,2,220
08/16/2023,HUM,LA,ASW,CE,Federal Contract Tower,0,65,8,0,73,0,129,19,0,148,0,194,27,0,221,0,0,0,221
08/17/2023,HUM,LA,ASW,CE,Federal Contract Tower,0,50,8,0,58,0,133,26,0,159,0,183,34,0,217,2,0,2,219
08/18/2023,HUM,LA,ASW,CE,Federal Contract Tower,0,37,2,0,39,0,111,15,0,126,0,148,17,0,165,2,0,2,167
08/19/2023,HUM,LA,ASW,CE,Federal Contract Tower,0,19,3,0,22,0,75,5,0,80,0,94,8,0,102,2,0,2,104
08/20/2023,HUM,LA,ASW,CE,Federal Contract Tower,0,26,2,0,28,0,82,13,0,95,0,108,15,0,123,16,0,16,139
08/21/2023,HUM,LA,ASW,CE,Federal Contract Tower,0,47,9,0,56,0,92,28,0,120,0,139,37,0,176,20,0,20,196
08/22/2023,HUM,LA,ASW,CE,Federal Contract Tower,0,63,2,0,65,0,144,22,0,166,0,207,24,0,231,42,0,42,273
08/23/2023,HUM,LA,ASW,CE,Federal Contract Tower,0,64,17,0,81,0,139,18,0,157,0,203,35,0,238,2,0,2,240
08/24/2023,HUM,LA,ASW,CE,Federal Contract Tower,0,64,11,0,75,0,135,19,0,154,0,199,30,0,229,1,0,1,230
08/25/2023,HUM,LA,ASW,CE,Federal Contract Tower,0,44,10,0,54,0,114,24,0,138,0,158,34,0,192,6,0,6,198
08/26/2023,HUM,LA,ASW,CE,Federal Contract Tower,0,20,6,0,26,0,64,9,0,73,0,84,15,0,99,4,0,4,103
08/27/2023,HUM,LA,ASW,CE,Federal Contract Tower,0,32,3,0,35,0,71,24,0,95,0,103,27,0,130,10,0,10,140
08/28/2023,HUM,LA,ASW,CE,Federal Contract Tower,0,59,7,0,66,0,107,27,0,134,0,166,34,0,200,19,0,19,219
08/30/2023,HUM,LA,ASW,CE,Federal Contract Tower,0,59,6,0,65,0,160,28,0,188,0,219,34,0,253,2,0,2,255
08/31/2023,HUM,LA,ASW,CE,Federal Contract Tower,0,71,8,0,79,0,106,20,0,126,0,177,28,0,205,0,0,0,205
