01/01/2000,HUT,KS,ACE,CE,Federal Contract Tower,0,0,1,0,1,0,0,1,0,1,0,0,2,0,2,17,0,17,19
01/02/2000,HUT,KS,ACE,CE,Federal Contract Tower,0,0,4,0,4,0,0,101,0,101,0,0,105,0,105,135,0,135,240
01/03/2000,HUT,KS,ACE,CE,Federal Contract Tower,0,2,3,0,5,0,0,1,0,1,0,2,4,0,6,0,0,0,6
01/04/2000,HUT,KS,ACE,CE,Federal Contract Tower,0,4,10,0,14,0,5,14,0,19,0,9,24,0,33,57,0,57,90
01/05/2000,HUT,KS,ACE,CE,Federal Contract Tower,0,4,14,0,18,0,2,24,0,26,0,6,38,0,44,40,0,40,84
01/06/2000,HUT,KS,ACE,CE,Federal Contract Tower,0,5,15,5,25,0,1,101,13,115,0,6,116,18,140,80,0,80,220
01/07/2000,HUT,KS,ACE,CE,Federal Contract Tower,0,2,6,2,10,0,2,55,8,65,0,4,61,10,75,231,0,231,306
01/08/2000,HUT,KS,ACE,CE,Federal Contract Tower,0,0,9,3,12,0,0,26,103,129,0,0,35,106,141,0,0,0,141
01/09/2000,HUT,KS,ACE,CE,Federal Contract Tower,0,0,11,0,11,0,0,39,0,39,0,0,50,0,50,20,0,20,70
01/10/2000,HUT,KS,ACE,CE,Federal Contract Tower,0,5,16,5,26,0,1,129,3,133,0,6,145,8,159,75,3,78,237
01/11/2000,HUT,KS,ACE,CE,Federal Contract Tower,0,6,22,0,28,0,0,140,0,140,0,6,162,0,168,73,0,73,241
01/12/2000,HUT,KS,ACE,CE,Federal Contract Tower,0,6,25,7,38,0,0,19,19,38,0,6,44,26,76,176,18,194,270
01/13/2000,HUT,KS,ACE,CE,Federal Contract Tower,0,5,17,0,22,0,1,42,0,43,0,6,59,0,65,139,0,139,204
01/14/2000,HUT,KS,ACE,CE,Federal Contract Tower,0,5,14,4,23,0,1,47,2,50,0,6,61,6,73,155,16,171,244
01/15/2000,HUT,KS,ACE,CE,Federal Contract Tower,0,0,6,0,6,0,0,56,0,56,0,0,62,0,62,68,0,68,130
01/16/2000,HUT,KS,ACE,CE,Federal Contract Tower,0,0,14,0,14,0,0,18,0,18,0,0,32,0,32,49,0,49,81
01/17/2000,HUT,KS,ACE,CE,Federal Contract Tower,0,0,10,0,10,0,0,16,0,16,0,0,26,0,26,74,0,74,100
01/18/2000,HUT,KS,ACE,CE,Federal Contract Tower,0,7,26,7,40,0,1,66,46,113,0,8,92,53,153,120,34,154,307
01/19/2000,HUT,KS,ACE,CE,Federal Contract Tower,0,3,12,0,15,0,10,6,0,16,0,13,18,0,31,23,0,23,54
01/20/2000,HUT,KS,ACE,CE,Federal Contract Tower,0,2,11,0,13,0,4,44,0,48,0,6,55,0,61,98,0,98,159
01/21/2000,HUT,KS,ACE,CE,Federal Contract Tower,0,4,18,5,27,0,0,57,5,62,0,4,75,10,89,125,13,138,227
01/22/2000,HUT,KS,ACE,CE,Federal Contract Tower,0,0,1,0,1,0,0,54,0,54,0,0,55,0,55,153,2,155,210
01/23/2000,HUT,KS,ACE,CE,Federal Contract Tower,0,0,8,0,8,0,0,11,0,11,0,0,19,0,19,56,0,56,75
01/24/2000,HUT,KS,ACE,CE,Federal Contract Tower,0,2,13,4,19,0,0,26,37,63,0,2,39,41,82,156,13,169,251
01/25/2000,HUT,KS,ACE,CE,Federal Contract Tower,0,4,17,5,26,0,0,7,18,25,0,4,24,23,51,90,32,122,173
01/26/2000,HUT,KS,ACE,CE,Federal Contract Tower,0,3,15,0,18,0,3,17,0,20,0,6,32,0,38,12,0,12,50
01/27/2000,HUT,KS,ACE,CE,Federal Contract Tower,0,1,5,0,6,0,1,0,0,1,0,2,5,0,7,0,0,0,7
01/28/2000,HUT,KS,ACE,CE,Federal Contract Tower,0,4,26,0,30,0,0,12,0,12,0,4,38,0,42,11,0,11,53
01/29/2000,HUT,KS,ACE,CE,Federal Contract Tower,0,0,9,0,9,0,0,10,0,10,0,0,19,0,19,26,0,26,45
01/30/2000,HUT,KS,ACE,CE,Federal Contract Tower,0,0,4,0,4,0,0,27,0,27,0,0,31,0,31,60,0,60,91
01/31/2000,HUT,KS,ACE,CE,Federal Contract Tower,0,6,41,11,58,0,0,14,8,22,0,6,55,19,80,62,20,82,162
02/01/2000,HUT,KS,ACE,CE,Federal Contract Tower,0,6,37,1,44,0,0,13,0,13,0,6,50,1,57,19,1,20,77
02/02/2000,HUT,KS,ACE,CE,Federal Contract Tower,0,6,34,7,47,0,0,21,3,24,0,6,55,10,71,75,14,89,160
02/03/2000,HUT,KS,ACE,CE,Federal Contract Tower,0,6,57,12,75,0,0,36,36,72,0,6,93,48,147,104,43,147,294
02/04/2000,HUT,KS,ACE,CE,Federal Contract Tower,0,4,34,7,45,0,0,60,6,66,0,4,94,13,111,137,13,150,261
02/05/2000,HUT,KS,ACE,CE,Federal Contract Tower,0,0,12,3,15,0,0,26,9,35,0,0,38,12,50,84,0,84,134
02/06/2000,HUT,KS,ACE,CE,Federal Contract Tower,0,0,8,1,9,0,0,38,9,47,0,0,46,10,56,50,0,50,106
02/07/2000,HUT,KS,ACE,CE,Federal Contract Tower,0,5,30,6,41,0,22,45,6,73,0,27,75,12,114,120,20,140,254
02/08/2000,HUT,KS,ACE,CE,Federal Contract Tower,0,3,17,0,20,0,33,33,0,66,0,36,50,0,86,94,0,94,180
02/09/2000,HUT,KS,ACE,CE,Federal Contract Tower,0,2,11,3,16,0,43,108,15,166,0,45,119,18,182,134,0,134,316
02/10/2000,HUT,KS,ACE,CE,Federal Contract Tower,0,3,16,3,22,0,5,75,21,101,0,8,91,24,123,116,37,153,276
02/11/2000,HUT,KS,ACE,CE,Federal Contract Tower,0,2,22,0,24,0,0,23,0,23,0,2,45,0,47,81,0,81,128
02/12/2000,HUT,KS,ACE,CE,Federal Contract Tower,0,0,6,0,6,0,0,27,0,27,0,0,33,0,33,30,0,30,63
02/13/2000,HUT,KS,ACE,CE,Federal Contract Tower,0,0,6,0,6,0,0,20,0,20,0,0,26,0,26,34,0,34,60
02/14/2000,HUT,KS,ACE,CE,Federal Contract Tower,0,3,16,3,22,0,12,12,5,29,0,15,28,8,51,70,34,104,155
02/15/2000,HUT,KS,ACE,CE,Federal Contract Tower,0,2,18,1,21,0,4,43,0,47,0,6,61,1,68,105,0,105,173
02/16/2000,HUT,KS,ACE,CE,Federal Contract Tower,0,4,29,6,39,0,2,65,30,97,0,6,94,36,136,84,6,90,226
02/17/2000,HUT,KS,ACE,CE,Federal Contract Tower,0,3,21,0,24,0,3,7,0,10,0,6,28,0,34,17,0,17,51
02/18/2000,HUT,KS,ACE,CE,Federal Contract Tower,0,4,29,0,33,0,0,13,0,13,0,4,42,0,46,6,0,6,52
02/19/2000,HUT,KS,ACE,CE,Federal Contract Tower,0,0,23,0,23,0,0,5,0,5,0,0,28,0,28,201,0,201,229
02/20/2000,HUT,KS,ACE,CE,Federal Contract Tower,0,0,6,0,6,0,0,68,35,103,0,0,74,35,109,148,30,178,287
02/21/2000,HUT,KS,ACE,CE,Federal Contract Tower,0,0,9,2,11,0,0,75,21,96,0,0,84,23,107,61,26,87,194
02/22/2000,HUT,KS,ACE,CE,Federal Contract Tower,0,4,47,0,51,0,0,26,0,26,0,4,73,0,77,0,0,0,77
02/23/2000,HUT,KS,ACE,CE,Federal Contract Tower,0,4,37,7,48,0,0,44,1,45,0,4,81,8,93,49,0,49,142
02/24/2000,HUT,KS,ACE,CE,Federal Contract Tower,0,3,26,2,31,0,3,85,0,88,0,6,111,2,119,58,0,58,177
02/25/2000,HUT,KS,ACE,CE,Federal Contract Tower,0,2,15,0,17,0,0,109,0,109,0,2,124,0,126,104,0,104,230
02/26/2000,HUT,KS,ACE,CE,Federal Contract Tower,0,0,32,6,38,0,0,19,23,42,0,0,51,29,80,143,17,160,240
02/27/2000,HUT,KS,ACE,CE,Federal Contract Tower,0,0,12,3,15,0,0,90,10,100,0,0,102,13,115,247,0,247,362
02/28/2000,HUT,KS,ACE,CE,Federal Contract Tower,0,3,21,4,28,0,1,51,10,62,0,4,72,14,90,71,0,71,161
02/29/2000,HUT,KS,ACE,CE,Federal Contract Tower,0,3,22,0,25,0,1,113,0,114,0,4,135,0,139,75,0,75,214
03/01/2000,HUT,KS,ACE,CE,Federal Contract Tower,0,3,15,3,21,0,3,46,6,55,0,6,61,9,76,153,0,153,229
03/02/2000,HUT,KS,ACE,CE,Federal Contract Tower,0,3,10,0,13,0,1,4,0,5,0,4,14,0,18,0,0,0,18
03/03/2000,HUT,KS,ACE,CE,Federal Contract Tower,0,2,26,5,33,0,0,47,1,48,0,2,73,6,81,6,0,6,87
03/04/2000,HUT,KS,ACE,CE,Federal Contract Tower,0,0,9,1,10,0,0,114,0,114,0,0,123,1,124,149,0,149,273
03/05/2000,HUT,KS,ACE,CE,Federal Contract Tower,0,0,13,2,15,0,0,60,0,60,0,0,73,2,75,105,0,105,180
03/06/2000,HUT,KS,ACE,CE,Federal Contract Tower,0,3,14,2,19,0,1,70,11,82,0,4,84,13,101,86,13,99,200
03/07/2000,HUT,KS,ACE,CE,Federal Contract Tower,0,2,27,0,29,0,0,33,0,33,0,2,60,0,62,135,0,135,197
03/08/2000,HUT,KS,ACE,CE,Federal Contract Tower,0,2,9,0,11,0,2,29,0,31,0,4,38,0,42,4,0,4,46
03/09/2000,HUT,KS,ACE,CE,Federal Contract Tower,0,4,21,3,28,0,0,99,3,102,0,4,120,6,130,124,0,124,254
03/10/2000,HUT,KS,ACE,CE,Federal Contract Tower,0,2,48,2,52,0,0,48,0,48,0,2,96,2,100,148,0,148,248
03/11/2000,HUT,KS,ACE,CE,Federal Contract Tower,0,0,5,0,5,0,0,63,0,63,0,0,68,0,68,78,0,78,146
03/12/2000,HUT,KS,ACE,CE,Federal Contract Tower,0,0,8,0,8,0,0,35,0,35,0,0,43,0,43,93,0,93,136
03/13/2000,HUT,KS,ACE,CE,Federal Contract Tower,0,2,17,4,23,0,2,69,17,88,0,4,86,21,111,174,5,179,290
03/14/2000,HUT,KS,ACE,CE,Federal Contract Tower,0,4,43,3,50,0,0,125,0,125,0,4,168,3,175,120,18,138,313
03/15/2000,HUT,KS,ACE,CE,Federal Contract Tower,0,1,12,0,13,0,3,64,0,67,0,4,76,0,80,0,0,0,80
03/16/2000,HUT,KS,ACE,CE,Federal Contract Tower,0,1,9,0,10,0,3,1,0,4,0,4,10,0,14,6,0,6,20
03/17/2000,HUT,KS,ACE,CE,Federal Contract Tower,0,2,43,2,47,0,0,10,0,10,0,2,53,2,57,22,3,25,82
03/18/2000,HUT,KS,ACE,CE,Federal Contract Tower,0,0,13,0,13,0,0,8,0,8,0,0,21,0,21,0,0,0,21
03/19/2000,HUT,KS,ACE,CE,Federal Contract Tower,0,0,13,0,13,0,0,17,0,17,0,0,30,0,30,82,0,82,112
03/20/2000,HUT,KS,ACE,CE,Federal Contract Tower,0,2,15,2,19,0,6,103,0,109,0,8,118,2,128,73,12,85,213
03/21/2000,HUT,KS,ACE,CE,Federal Contract Tower,0,4,28,4,36,0,0,68,4,72,0,4,96,8,108,99,56,155,263
03/22/2000,HUT,KS,ACE,CE,Federal Contract Tower,0,3,26,0,29,0,1,32,0,33,0,4,58,0,62,114,0,114,176
03/23/2000,HUT,KS,ACE,CE,Federal Contract Tower,0,1,13,0,14,0,3,3,0,6,0,4,16,0,20,4,0,4,24
03/24/2000,HUT,KS,ACE,CE,Federal Contract Tower,0,2,20,4,26,0,1,45,4,50,0,3,65,8,76,140,25,165,241
03/25/2000,HUT,KS,ACE,CE,Federal Contract Tower,0,0,9,0,9,0,0,110,0,110,0,0,119,0,119,132,0,132,251
03/26/2000,HUT,KS,ACE,CE,Federal Contract Tower,0,0,24,0,24,0,0,48,0,48,0,0,72,0,72,56,0,56,128
03/27/2000,HUT,KS,ACE,CE,Federal Contract Tower,0,2,19,4,25,0,2,86,6,94,0,4,105,10,119,77,20,97,216
03/28/2000,HUT,KS,ACE,CE,Federal Contract Tower,0,2,19,3,24,0,2,65,6,73,0,4,84,9,97,157,47,204,301
03/29/2000,HUT,KS,ACE,CE,Federal Contract Tower,0,4,41,2,47,0,0,19,0,19,0,4,60,2,66,10,0,10,76
03/30/2000,HUT,KS,ACE,CE,Federal Contract Tower,0,3,27,5,35,0,1,67,16,84,0,4,94,21,119,212,8,220,339
03/31/2000,HUT,KS,ACE,CE,Federal Contract Tower,0,2,15,2,19,0,2,42,28,72,0,4,57,30,91,141,7,148,239
04/01/2000,HUT,KS,ACE,CE,Federal Contract Tower,0,0,21,0,21,0,0,30,0,30,0,0,51,0,51,13,0,13,64
04/02/2000,HUT,KS,ACE,CE,Federal Contract Tower,0,0,13,4,17,0,0,81,4,85,0,0,94,8,102,106,0,106,208
04/03/2000,HUT,KS,ACE,CE,Federal Contract Tower,0,4,32,8,44,0,0,21,0,21,0,4,53,8,65,129,0,129,194
04/04/2000,HUT,KS,ACE,CE,Federal Contract Tower,0,3,9,3,15,0,1,80,3,84,0,4,89,6,99,149,14,163,262
04/05/2000,HUT,KS,ACE,CE,Federal Contract Tower,0,3,13,5,21,0,1,140,7,148,0,4,153,12,169,114,5,119,288
04/06/2000,HUT,KS,ACE,CE,Federal Contract Tower,0,3,13,4,20,0,1,41,12,54,0,4,54,16,74,155,10,165,239
04/07/2000,HUT,KS,ACE,CE,Federal Contract Tower,0,2,15,5,22,0,0,67,19,86,0,2,82,24,108,145,14,159,267
04/08/2000,HUT,KS,ACE,CE,Federal Contract Tower,0,0,3,2,5,0,0,100,5,105,0,0,103,7,110,87,0,87,197
04/09/2000,HUT,KS,ACE,CE,Federal Contract Tower,0,0,12,4,16,0,0,30,10,40,0,0,42,14,56,20,0,20,76
04/10/2000,HUT,KS,ACE,CE,Federal Contract Tower,0,3,15,6,24,0,3,47,2,52,0,6,62,8,76,55,2,57,133
04/11/2000,HUT,KS,ACE,CE,Federal Contract Tower,0,4,24,9,37,0,0,0,32,32,0,4,24,41,69,74,83,157,226
04/12/2000,HUT,KS,ACE,CE,Federal Contract Tower,0,4,21,6,31,0,0,41,14,55,0,4,62,20,86,144,3,147,233
04/13/2000,HUT,KS,ACE,CE,Federal Contract Tower,0,4,22,7,33,0,0,42,20,62,0,4,64,27,95,102,16,118,213
04/14/2000,HUT,KS,ACE,CE,Federal Contract Tower,0,2,22,7,31,0,0,32,2,34,0,2,54,9,65,160,0,160,225
04/15/2000,HUT,KS,ACE,CE,Federal Contract Tower,0,0,21,1,22,0,0,7,0,7,0,0,28,1,29,0,0,0,29
04/16/2000,HUT,KS,ACE,CE,Federal Contract Tower,0,0,9,0,9,0,0,16,0,16,0,0,25,0,25,0,60,60,85
04/17/2000,HUT,KS,ACE,CE,Federal Contract Tower,0,3,16,4,23,0,3,116,10,129,0,6,132,14,152,90,7,97,249
04/18/2000,HUT,KS,ACE,CE,Federal Contract Tower,0,2,16,5,23,0,4,63,13,80,0,6,79,18,103,109,9,118,221
04/19/2000,HUT,KS,ACE,CE,Federal Contract Tower,0,1,8,2,11,0,3,84,0,87,0,4,92,2,98,95,0,95,193
04/20/2000,HUT,KS,ACE,CE,Federal Contract Tower,0,1,10,0,11,0,3,15,0,18,0,4,25,0,29,62,0,62,91
04/21/2000,HUT,KS,ACE,CE,Federal Contract Tower,0,2,20,7,29,0,0,133,12,145,0,2,153,19,174,78,7,85,259
04/22/2000,HUT,KS,ACE,CE,Federal Contract Tower,0,1,9,0,10,0,0,18,0,18,0,1,27,0,28,166,0,166,194
04/23/2000,HUT,KS,ACE,CE,Federal Contract Tower,0,0,4,0,4,0,1,1,0,2,0,1,5,0,6,7,0,7,13
04/24/2000,HUT,KS,ACE,CE,Federal Contract Tower,0,4,28,10,42,0,0,45,13,58,0,4,73,23,100,156,12,168,268
04/25/2000,HUT,KS,ACE,CE,Federal Contract Tower,0,1,11,2,14,0,3,56,0,59,0,4,67,2,73,177,1,178,251
04/26/2000,HUT,KS,ACE,CE,Federal Contract Tower,0,2,14,0,16,0,2,59,0,61,0,4,73,0,77,182,0,182,259
04/27/2000,HUT,KS,ACE,CE,Federal Contract Tower,0,1,11,4,16,0,3,92,0,95,0,4,103,4,111,114,0,114,225
04/28/2000,HUT,KS,ACE,CE,Federal Contract Tower,0,2,20,1,23,0,0,103,0,103,0,2,123,1,126,115,0,115,241
04/29/2000,HUT,KS,ACE,CE,Federal Contract Tower,0,0,4,0,4,0,0,14,0,14,0,0,18,0,18,89,0,89,107
04/30/2000,HUT,KS,ACE,CE,Federal Contract Tower,0,0,6,0,6,0,0,6,0,6,0,0,12,0,12,4,0,4,16
05/01/2000,HUT,KS,ACE,CE,Federal Contract Tower,0,4,49,8,61,0,0,17,0,17,0,4,66,8,78,0,0,0,78
05/02/2000,HUT,KS,ACE,CE,Federal Contract Tower,0,4,54,0,58,0,0,0,0,0,0,4,54,0,58,174,0,174,232
05/03/2000,HUT,KS,ACE,CE,Federal Contract Tower,0,3,25,6,34,0,5,59,2,66,0,8,84,8,100,154,22,176,276
05/04/2000,HUT,KS,ACE,CE,Federal Contract Tower,0,3,21,5,29,0,1,80,7,88,0,4,101,12,117,93,26,119,236
05/05/2000,HUT,KS,ACE,CE,Federal Contract Tower,0,2,27,6,35,0,0,74,49,123,0,2,101,55,158,230,20,250,408
05/06/2000,HUT,KS,ACE,CE,Federal Contract Tower,0,0,23,0,23,0,0,33,0,33,0,0,56,0,56,2,0,2,58
05/07/2000,HUT,KS,ACE,CE,Federal Contract Tower,0,0,29,6,35,0,0,35,3,38,0,0,64,9,73,117,0,117,190
05/08/2000,HUT,KS,ACE,CE,Federal Contract Tower,0,4,34,7,45,0,0,36,3,39,0,4,70,10,84,54,0,54,138
05/09/2000,HUT,KS,ACE,CE,Federal Contract Tower,0,3,23,5,31,0,1,48,3,52,0,4,71,8,83,125,0,125,208
05/10/2000,HUT,KS,ACE,CE,Federal Contract Tower,0,4,36,7,47,0,0,47,5,52,0,4,83,12,99,156,13,169,268
05/11/2000,HUT,KS,ACE,CE,Federal Contract Tower,0,2,13,2,17,0,2,30,0,32,0,4,43,2,49,73,0,73,122
05/12/2000,HUT,KS,ACE,CE,Federal Contract Tower,0,3,24,5,32,0,1,29,1,31,0,4,53,6,63,78,0,78,141
05/13/2000,HUT,KS,ACE,CE,Federal Contract Tower,0,0,3,0,3,0,0,42,0,42,0,0,45,0,45,64,0,64,109
05/14/2000,HUT,KS,ACE,CE,Federal Contract Tower,0,0,5,0,5,0,0,77,0,77,0,0,82,0,82,112,0,112,194
05/15/2000,HUT,KS,ACE,CE,Federal Contract Tower,0,4,30,6,40,0,2,57,14,73,0,6,87,20,113,143,10,153,266
05/16/2000,HUT,KS,ACE,CE,Federal Contract Tower,0,4,46,10,60,0,0,33,9,42,0,4,79,19,102,137,14,151,253
05/17/2000,HUT,KS,ACE,CE,Federal Contract Tower,0,3,21,2,26,0,3,16,0,19,0,6,37,2,45,12,0,12,57
05/18/2000,HUT,KS,ACE,CE,Federal Contract Tower,0,3,24,6,33,0,1,41,13,55,0,4,65,19,88,87,12,99,187
05/19/2000,HUT,KS,ACE,CE,Federal Contract Tower,0,2,36,0,38,0,0,52,0,52,0,2,88,0,90,191,0,191,281
05/20/2000,HUT,KS,ACE,CE,Federal Contract Tower,0,0,15,0,15,0,0,178,0,178,0,0,193,0,193,101,0,101,294
05/21/2000,HUT,KS,ACE,CE,Federal Contract Tower,0,0,22,6,28,0,0,26,16,42,0,0,48,22,70,148,19,167,237
05/22/2000,HUT,KS,ACE,CE,Federal Contract Tower,0,3,31,2,36,0,1,121,0,122,0,4,152,2,158,130,0,130,288
05/23/2000,HUT,KS,ACE,CE,Federal Contract Tower,0,2,23,5,30,0,3,43,3,49,0,5,66,8,79,118,22,140,219
05/24/2000,HUT,KS,ACE,CE,Federal Contract Tower,0,1,16,0,17,0,5,34,0,39,0,6,50,0,56,93,0,93,149
05/25/2000,HUT,KS,ACE,CE,Federal Contract Tower,0,4,49,10,63,0,0,64,16,80,0,4,113,26,143,86,17,103,246
05/26/2000,HUT,KS,ACE,CE,Federal Contract Tower,0,2,28,0,30,0,0,52,0,52,0,2,80,0,82,130,0,130,212
05/27/2000,HUT,KS,ACE,CE,Federal Contract Tower,0,0,7,0,7,0,0,38,0,38,0,0,45,0,45,43,0,43,88
05/28/2000,HUT,KS,ACE,CE,Federal Contract Tower,0,0,6,0,6,0,0,62,0,62,0,0,68,0,68,164,0,164,232
05/29/2000,HUT,KS,ACE,CE,Federal Contract Tower,0,0,9,0,9,0,0,10,0,10,0,0,19,0,19,81,0,81,100
05/30/2000,HUT,KS,ACE,CE,Federal Contract Tower,0,1,13,3,17,0,5,110,15,130,0,6,123,18,147,79,22,101,248
05/31/2000,HUT,KS,ACE,CE,Federal Contract Tower,0,1,16,3,20,0,3,55,16,74,0,4,71,19,94,106,49,155,249
06/01/2000,HUT,KS,ACE,CE,Federal Contract Tower,0,1,7,5,13,0,3,55,1,59,0,4,62,6,72,45,21,66,138
06/02/2000,HUT,KS,ACE,CE,Federal Contract Tower,0,4,28,18,50,0,0,42,50,92,0,4,70,68,142,67,56,123,265
06/03/2000,HUT,KS,ACE,CE,Federal Contract Tower,0,0,3,0,3,0,0,31,0,31,0,0,34,0,34,91,4,95,129
06/04/2000,HUT,KS,ACE,CE,Federal Contract Tower,0,0,1,0,1,0,0,6,0,6,0,0,7,0,7,35,0,35,42
06/05/2000,HUT,KS,ACE,CE,Federal Contract Tower,0,4,18,12,34,0,0,127,23,150,0,4,145,35,184,108,15,123,307
06/06/2000,HUT,KS,ACE,CE,Federal Contract Tower,0,3,14,10,27,0,1,85,2,88,0,4,99,12,115,104,7,111,226
06/07/2000,HUT,KS,ACE,CE,Federal Contract Tower,0,0,23,15,38,0,0,83,30,113,0,0,106,45,151,199,44,243,394
06/08/2000,HUT,KS,ACE,CE,Federal Contract Tower,0,1,5,2,8,0,1,85,0,86,0,2,90,2,94,143,24,167,261
06/09/2000,HUT,KS,ACE,CE,Federal Contract Tower,0,2,37,22,61,0,0,35,1,36,0,2,72,23,97,112,90,202,299
06/10/2000,HUT,KS,ACE,CE,Federal Contract Tower,0,0,11,1,12,0,0,42,0,42,0,0,53,1,54,526,0,526,580
06/11/2000,HUT,KS,ACE,CE,Federal Contract Tower,0,0,15,2,17,0,0,52,0,52,0,0,67,2,69,73,22,95,164
06/12/2000,HUT,KS,ACE,CE,Federal Contract Tower,0,1,18,12,31,0,1,9,4,14,0,2,27,16,45,50,38,88,133
06/13/2000,HUT,KS,ACE,CE,Federal Contract Tower,0,1,10,2,13,0,5,4,0,9,0,6,14,2,22,53,8,61,83
06/14/2000,HUT,KS,ACE,CE,Federal Contract Tower,0,1,11,3,15,0,5,52,0,57,0,6,63,3,72,144,20,164,236
06/15/2000,HUT,KS,ACE,CE,Federal Contract Tower,0,1,18,10,29,0,3,38,0,41,0,4,56,10,70,106,12,118,188
06/16/2000,HUT,KS,ACE,CE,Federal Contract Tower,0,1,20,0,21,0,3,53,0,56,0,4,73,0,77,127,1,128,205
06/17/2000,HUT,KS,ACE,CE,Federal Contract Tower,0,0,11,0,11,0,0,34,0,34,0,0,45,0,45,65,0,65,110
06/18/2000,HUT,KS,ACE,CE,Federal Contract Tower,0,0,13,7,20,0,0,45,9,54,0,0,58,16,74,172,21,193,267
06/19/2000,HUT,KS,ACE,CE,Federal Contract Tower,0,0,16,6,22,0,0,8,0,8,0,0,24,6,30,26,14,40,70
06/20/2000,HUT,KS,ACE,CE,Federal Contract Tower,0,1,15,9,25,0,1,15,3,19,0,2,30,12,44,63,0,63,107
06/21/2000,HUT,KS,ACE,CE,Federal Contract Tower,0,1,18,12,31,0,1,61,16,78,0,2,79,28,109,112,28,140,249
06/22/2000,HUT,KS,ACE,CE,Federal Contract Tower,0,2,30,8,40,0,0,16,0,16,0,2,46,8,56,143,9,152,208
06/23/2000,HUT,KS,ACE,CE,Federal Contract Tower,0,1,14,8,23,0,1,80,2,83,0,2,94,10,106,106,16,122,228
06/24/2000,HUT,KS,ACE,CE,Federal Contract Tower,0,0,13,7,20,0,0,124,3,127,0,0,137,10,147,99,2,101,248
06/25/2000,HUT,KS,ACE,CE,Federal Contract Tower,0,0,7,3,10,0,0,121,0,121,0,0,128,3,131,112,12,124,255
06/26/2000,HUT,KS,ACE,CE,Federal Contract Tower,0,1,40,21,62,0,0,0,0,0,0,1,40,21,62,132,140,272,334
06/27/2000,HUT,KS,ACE,CE,Federal Contract Tower,0,2,21,8,31,0,1,35,0,36,0,3,56,8,67,124,20,144,211
06/28/2000,HUT,KS,ACE,CE,Federal Contract Tower,0,4,40,22,66,0,2,56,0,58,0,6,96,22,124,134,24,158,282
06/29/2000,HUT,KS,ACE,CE,Federal Contract Tower,0,2,28,16,46,0,2,71,0,73,0,4,99,16,119,145,17,162,281
06/30/2000,HUT,KS,ACE,CE,Federal Contract Tower,0,0,30,13,43,0,0,28,0,28,0,0,58,13,71,109,0,109,180
07/01/2000,HUT,KS,ACE,CE,Federal Contract Tower,0,0,11,0,11,0,0,19,0,19,0,0,30,0,30,60,0,60,90
07/02/2000,HUT,KS,ACE,CE,Federal Contract Tower,0,0,15,0,15,0,0,13,0,13,0,0,28,0,28,54,0,54,82
07/03/2000,HUT,KS,ACE,CE,Federal Contract Tower,0,0,14,0,14,0,0,12,0,12,0,0,26,0,26,48,0,48,74
07/04/2000,HUT,KS,ACE,CE,Federal Contract Tower,0,0,1,0,1,0,0,11,0,11,0,0,12,0,12,32,0,32,44
07/05/2000,HUT,KS,ACE,CE,Federal Contract Tower,0,0,17,2,19,0,0,15,0,15,0,0,32,2,34,56,4,60,94
07/06/2000,HUT,KS,ACE,CE,Federal Contract Tower,0,0,29,14,43,0,0,0,0,0,0,0,29,14,43,117,26,143,186
07/07/2000,HUT,KS,ACE,CE,Federal Contract Tower,0,0,30,10,40,0,0,18,3,21,0,0,48,13,61,142,10,152,213
07/08/2000,HUT,KS,ACE,CE,Federal Contract Tower,0,0,7,0,7,0,0,51,0,51,0,0,58,0,58,127,0,127,185
07/09/2000,HUT,KS,ACE,CE,Federal Contract Tower,0,1,8,3,12,0,1,14,2,17,0,2,22,5,29,53,22,75,104
07/10/2000,HUT,KS,ACE,CE,Federal Contract Tower,0,0,23,9,32,0,0,0,4,4,0,0,23,13,36,35,26,61,97
07/11/2000,HUT,KS,ACE,CE,Federal Contract Tower,0,0,11,0,11,0,0,20,0,20,0,0,31,0,31,57,0,57,88
07/12/2000,HUT,KS,ACE,CE,Federal Contract Tower,0,0,25,9,34,0,0,0,10,10,0,0,25,19,44,59,11,70,114
07/13/2000,HUT,KS,ACE,CE,Federal Contract Tower,0,0,21,4,25,0,0,4,0,4,0,0,25,4,29,91,26,117,146
07/14/2000,HUT,KS,ACE,CE,Federal Contract Tower,0,0,10,0,10,0,2,65,0,67,0,2,75,0,77,152,0,152,229
07/15/2000,HUT,KS,ACE,CE,Federal Contract Tower,0,0,4,0,4,0,2,11,0,13,0,2,15,0,17,39,0,39,56
07/16/2000,HUT,KS,ACE,CE,Federal Contract Tower,0,0,7,0,7,0,1,27,0,28,0,1,34,0,35,31,0,31,66
07/17/2000,HUT,KS,ACE,CE,Federal Contract Tower,0,0,2,0,2,0,0,16,5,21,0,0,18,5,23,77,8,85,108
07/18/2000,HUT,KS,ACE,CE,Federal Contract Tower,0,0,23,5,28,0,0,53,0,53,0,0,76,5,81,120,22,142,223
07/19/2000,HUT,KS,ACE,CE,Federal Contract Tower,0,0,12,5,17,0,2,0,3,5,0,2,12,8,22,48,20,68,90
07/20/2000,HUT,KS,ACE,CE,Federal Contract Tower,0,0,19,4,23,0,0,5,0,5,0,0,24,4,28,102,6,108,136
07/21/2000,HUT,KS,ACE,CE,Federal Contract Tower,0,0,14,0,14,0,4,7,0,11,0,4,21,0,25,286,0,286,311
07/22/2000,HUT,KS,ACE,CE,Federal Contract Tower,0,0,24,7,31,0,0,7,5,12,0,0,31,12,43,114,0,114,157
07/23/2000,HUT,KS,ACE,CE,Federal Contract Tower,0,0,18,0,18,0,0,25,0,25,0,0,43,0,43,155,7,162,205
07/24/2000,HUT,KS,ACE,CE,Federal Contract Tower,0,0,27,6,33,0,0,24,0,24,0,0,51,6,57,96,2,98,155
07/25/2000,HUT,KS,ACE,CE,Federal Contract Tower,0,0,29,6,35,0,0,42,0,42,0,0,71,6,77,100,11,111,188
07/26/2000,HUT,KS,ACE,CE,Federal Contract Tower,0,0,34,5,39,0,0,44,0,44,0,0,78,5,83,146,16,162,245
07/27/2000,HUT,KS,ACE,CE,Federal Contract Tower,0,0,9,0,9,0,0,22,0,22,0,0,31,0,31,75,2,77,108
07/28/2000,HUT,KS,ACE,CE,Federal Contract Tower,0,0,9,0,9,0,0,5,0,5,0,0,14,0,14,33,0,33,47
07/29/2000,HUT,KS,ACE,CE,Federal Contract Tower,0,0,14,0,14,0,0,3,0,3,0,0,17,0,17,65,0,65,82
07/30/2000,HUT,KS,ACE,CE,Federal Contract Tower,0,0,6,0,6,0,0,27,0,27,0,0,33,0,33,61,0,61,94
07/31/2000,HUT,KS,ACE,CE,Federal Contract Tower,0,0,31,10,41,0,2,15,15,32,0,2,46,25,73,69,35,104,177
08/01/2000,HUT,KS,ACE,CE,Federal Contract Tower,0,0,26,7,33,0,0,3,0,3,0,0,29,7,36,109,9,118,154
08/02/2000,HUT,KS,ACE,CE,Federal Contract Tower,0,0,14,4,18,0,0,66,0,66,0,0,80,4,84,151,6,157,241
08/03/2000,HUT,KS,ACE,CE,Federal Contract Tower,0,0,14,0,14,0,0,31,0,31,0,0,45,0,45,60,0,60,105
08/04/2000,HUT,KS,ACE,CE,Federal Contract Tower,0,0,7,2,9,0,0,19,1,20,0,0,26,3,29,109,26,135,164
08/05/2000,HUT,KS,ACE,CE,Federal Contract Tower,0,0,4,0,4,0,0,20,0,20,0,0,24,0,24,73,0,73,97
08/06/2000,HUT,KS,ACE,CE,Federal Contract Tower,0,0,1,0,1,0,0,22,0,22,0,0,23,0,23,22,0,22,45
08/07/2000,HUT,KS,ACE,CE,Federal Contract Tower,0,2,14,4,20,0,0,41,2,43,0,2,55,6,63,141,12,153,216
08/08/2000,HUT,KS,ACE,CE,Federal Contract Tower,0,0,44,12,56,0,0,0,7,7,0,0,44,19,63,78,32,110,173
08/09/2000,HUT,KS,ACE,CE,Federal Contract Tower,0,0,27,0,27,0,0,12,0,12,0,0,39,0,39,112,6,118,157
08/10/2000,HUT,KS,ACE,CE,Federal Contract Tower,0,0,24,7,31,0,0,0,6,6,0,0,24,13,37,116,28,144,181
08/11/2000,HUT,KS,ACE,CE,Federal Contract Tower,0,0,7,0,7,0,0,13,0,13,0,0,20,0,20,151,4,155,175
08/12/2000,HUT,KS,ACE,CE,Federal Contract Tower,0,0,11,2,13,0,0,10,0,10,0,0,21,2,23,68,2,70,93
08/13/2000,HUT,KS,ACE,CE,Federal Contract Tower,0,0,13,0,13,0,0,8,0,8,0,0,21,0,21,72,0,72,93
08/14/2000,HUT,KS,ACE,CE,Federal Contract Tower,0,2,15,0,17,0,0,39,0,39,0,2,54,0,56,89,0,89,145
08/15/2000,HUT,KS,ACE,CE,Federal Contract Tower,0,1,15,0,16,0,1,46,0,47,0,2,61,0,63,109,0,109,172
08/16/2000,HUT,KS,ACE,CE,Federal Contract Tower,0,2,15,0,17,0,5,35,0,40,0,7,50,0,57,65,0,65,122
08/17/2000,HUT,KS,ACE,CE,Federal Contract Tower,0,0,17,2,19,0,0,13,0,13,0,0,30,2,32,59,0,59,91
08/18/2000,HUT,KS,ACE,CE,Federal Contract Tower,0,2,38,0,40,0,0,20,0,20,0,2,58,0,60,98,0,98,158
08/19/2000,HUT,KS,ACE,CE,Federal Contract Tower,0,0,12,0,12,0,0,50,0,50,0,0,62,0,62,75,0,75,137
08/20/2000,HUT,KS,ACE,CE,Federal Contract Tower,0,0,9,2,11,0,0,15,5,20,0,0,24,7,31,33,1,34,65
08/21/2000,HUT,KS,ACE,CE,Federal Contract Tower,0,2,17,1,20,0,4,20,0,24,0,6,37,1,44,62,2,64,108
08/22/2000,HUT,KS,ACE,CE,Federal Contract Tower,0,0,13,3,16,0,0,19,1,20,0,0,32,4,36,76,0,76,112
08/23/2000,HUT,KS,ACE,CE,Federal Contract Tower,0,0,10,2,12,0,0,23,3,26,0,0,33,5,38,77,25,102,140
08/24/2000,HUT,KS,ACE,CE,Federal Contract Tower,0,4,33,3,40,0,10,68,0,78,0,14,101,3,118,177,12,189,307
08/25/2000,HUT,KS,ACE,CE,Federal Contract Tower,0,4,32,2,38,0,8,55,0,63,0,12,87,2,101,144,24,168,269
08/26/2000,HUT,KS,ACE,CE,Federal Contract Tower,0,3,28,7,38,0,7,44,7,58,0,10,72,14,96,68,25,93,189
08/27/2000,HUT,KS,ACE,CE,Federal Contract Tower,0,5,42,0,47,0,21,10,0,31,0,26,52,0,78,74,0,74,152
08/28/2000,HUT,KS,ACE,CE,Federal Contract Tower,0,3,29,8,40,0,0,29,24,53,0,3,58,32,93,96,4,100,193
08/29/2000,HUT,KS,ACE,CE,Federal Contract Tower,0,0,38,10,48,0,0,38,28,66,0,0,76,38,114,159,34,193,307
08/30/2000,HUT,KS,ACE,CE,Federal Contract Tower,0,0,33,9,42,0,0,47,1,48,0,0,80,10,90,104,32,136,226
08/31/2000,HUT,KS,ACE,CE,Federal Contract Tower,0,0,30,7,37,0,0,98,8,106,0,0,128,15,143,168,10,178,321
09/01/2000,HUT,KS,ACE,CE,Federal Contract Tower,0,0,27,0,27,0,0,84,0,84,0,0,111,0,111,131,0,131,242
09/02/2000,HUT,KS,ACE,CE,Federal Contract Tower,0,1,7,0,8,0,6,29,0,35,0,7,36,0,43,90,0,90,133
09/03/2000,HUT,KS,ACE,CE,Federal Contract Tower,0,0,2,0,2,0,0,27,0,27,0,0,29,0,29,37,0,37,66
09/04/2000,HUT,KS,ACE,CE,Federal Contract Tower,0,0,3,0,3,0,0,19,0,19,0,0,22,0,22,32,0,32,54
09/05/2000,HUT,KS,ACE,CE,Federal Contract Tower,0,1,15,5,21,0,1,34,7,42,0,2,49,12,63,126,16,142,205
09/06/2000,HUT,KS,ACE,CE,Federal Contract Tower,0,0,6,2,8,0,0,21,0,21,0,0,27,2,29,216,6,222,251
09/07/2000,HUT,KS,ACE,CE,Federal Contract Tower,0,1,15,6,22,0,1,39,14,54,0,2,54,20,76,82,11,93,169
09/08/2000,HUT,KS,ACE,CE,Federal Contract Tower,0,0,16,6,22,0,0,70,1,71,0,0,86,7,93,96,4,100,193
09/09/2000,HUT,KS,ACE,CE,Federal Contract Tower,0,0,10,0,10,0,0,85,0,85,0,0,95,0,95,75,0,75,170
09/10/2000,HUT,KS,ACE,CE,Federal Contract Tower,0,0,15,0,15,0,0,50,0,50,0,0,65,0,65,175,0,175,240
09/11/2000,HUT,KS,ACE,CE,Federal Contract Tower,0,2,28,8,38,0,1,47,0,48,0,3,75,8,86,135,18,153,239
09/12/2000,HUT,KS,ACE,CE,Federal Contract Tower,0,2,27,6,35,0,5,18,0,23,0,7,45,6,58,108,12,120,178
09/13/2000,HUT,KS,ACE,CE,Federal Contract Tower,0,0,26,9,35,0,0,31,1,32,0,0,57,10,67,100,2,102,169
09/14/2000,HUT,KS,ACE,CE,Federal Contract Tower,0,0,14,2,16,0,0,45,0,45,0,0,59,2,61,107,0,107,168
09/15/2000,HUT,KS,ACE,CE,Federal Contract Tower,0,0,18,6,24,0,0,58,0,58,0,0,76,6,82,176,28,204,286
09/16/2000,HUT,KS,ACE,CE,Federal Contract Tower,0,0,4,0,4,0,0,76,0,76,0,0,80,0,80,162,0,162,242
09/17/2000,HUT,KS,ACE,CE,Federal Contract Tower,0,0,5,0,5,0,0,47,0,47,0,0,52,0,52,181,0,181,233
09/18/2000,HUT,KS,ACE,CE,Federal Contract Tower,0,0,12,0,12,0,2,24,0,26,0,2,36,0,38,37,0,37,75
09/19/2000,HUT,KS,ACE,CE,Federal Contract Tower,0,0,4,1,5,0,0,33,1,34,0,0,37,2,39,82,6,88,127
09/20/2000,HUT,KS,ACE,CE,Federal Contract Tower,0,0,15,2,17,0,0,6,0,6,0,0,21,2,23,49,14,63,86
09/21/2000,HUT,KS,ACE,CE,Federal Contract Tower,0,0,24,7,31,0,0,17,14,31,0,0,41,21,62,54,60,114,176
09/22/2000,HUT,KS,ACE,CE,Federal Contract Tower,0,1,19,5,25,0,1,35,3,39,0,2,54,8,64,60,6,66,130
09/23/2000,HUT,KS,ACE,CE,Federal Contract Tower,0,1,18,0,19,0,1,0,0,1,0,2,18,0,20,24,0,24,44
09/24/2000,HUT,KS,ACE,CE,Federal Contract Tower,0,1,23,0,24,0,4,0,0,4,0,5,23,0,28,12,0,12,40
09/25/2000,HUT,KS,ACE,CE,Federal Contract Tower,0,1,19,5,25,0,1,63,1,65,0,2,82,6,90,94,8,102,192
09/26/2000,HUT,KS,ACE,CE,Federal Contract Tower,0,0,31,11,42,0,0,69,11,80,0,0,100,22,122,88,42,130,252
09/27/2000,HUT,KS,ACE,CE,Federal Contract Tower,0,0,24,7,31,0,0,49,1,50,0,0,73,8,81,188,14,202,283
09/28/2000,HUT,KS,ACE,CE,Federal Contract Tower,0,0,13,0,13,0,0,54,0,54,0,0,67,0,67,121,0,121,188
09/29/2000,HUT,KS,ACE,CE,Federal Contract Tower,0,0,9,0,9,0,0,43,0,43,0,0,52,0,52,90,0,90,142
09/30/2000,HUT,KS,ACE,CE,Federal Contract Tower,0,1,30,10,41,0,1,59,26,86,0,2,89,36,127,84,35,119,246
10/01/2000,HUT,KS,ACE,CE,Federal Contract Tower,0,4,15,0,19,0,0,48,0,48,0,4,63,0,67,146,0,146,213
10/02/2000,HUT,KS,ACE,CE,Federal Contract Tower,0,3,13,5,21,0,0,56,0,56,0,3,69,5,77,121,14,135,212
10/03/2000,HUT,KS,ACE,CE,Federal Contract Tower,0,0,25,9,34,0,0,58,4,62,0,0,83,13,96,139,43,182,278
10/04/2000,HUT,KS,ACE,CE,Federal Contract Tower,0,0,21,8,29,0,0,28,7,35,0,0,49,15,64,58,6,64,128
10/05/2000,HUT,KS,ACE,CE,Federal Contract Tower,0,0,17,0,17,0,0,9,0,9,0,0,26,0,26,124,0,124,150
10/06/2000,HUT,KS,ACE,CE,Federal Contract Tower,0,0,6,0,6,0,0,20,0,20,0,0,26,0,26,83,0,83,109
10/07/2000,HUT,KS,ACE,CE,Federal Contract Tower,0,4,8,0,12,0,8,31,0,39,0,12,39,0,51,32,0,32,83
10/08/2000,HUT,KS,ACE,CE,Federal Contract Tower,0,9,17,0,26,0,5,59,0,64,0,14,76,0,90,77,0,77,167
10/09/2000,HUT,KS,ACE,CE,Federal Contract Tower,0,10,22,0,32,0,20,41,0,61,0,30,63,0,93,73,0,73,166
10/10/2000,HUT,KS,ACE,CE,Federal Contract Tower,0,18,36,12,66,0,22,48,0,70,0,40,84,12,136,118,23,141,277
10/11/2000,HUT,KS,ACE,CE,Federal Contract Tower,0,21,44,15,80,0,11,47,11,69,0,32,91,26,149,105,30,135,284
10/12/2000,HUT,KS,ACE,CE,Federal Contract Tower,0,2,12,4,18,0,0,26,2,28,0,2,38,6,46,141,0,141,187
10/13/2000,HUT,KS,ACE,CE,Federal Contract Tower,0,2,17,4,23,0,0,47,0,47,0,2,64,4,70,171,0,171,241
10/14/2000,HUT,KS,ACE,CE,Federal Contract Tower,0,0,14,0,14,0,0,13,0,13,0,0,27,0,27,49,0,49,76
10/15/2000,HUT,KS,ACE,CE,Federal Contract Tower,0,2,19,7,28,0,0,127,13,140,0,2,146,20,168,157,8,165,333
10/16/2000,HUT,KS,ACE,CE,Federal Contract Tower,0,0,17,6,23,0,0,24,8,32,0,0,41,14,55,89,23,112,167
10/17/2000,HUT,KS,ACE,CE,Federal Contract Tower,0,11,23,7,41,0,9,28,31,68,0,20,51,38,109,121,42,163,272
10/18/2000,HUT,KS,ACE,CE,Federal Contract Tower,0,5,9,0,14,0,11,58,0,69,0,16,67,0,83,91,0,91,174
10/19/2000,HUT,KS,ACE,CE,Federal Contract Tower,0,3,7,1,11,0,5,30,1,36,0,8,37,2,47,96,2,98,145
10/20/2000,HUT,KS,ACE,CE,Federal Contract Tower,0,8,21,6,35,0,0,51,5,56,0,8,72,11,91,142,0,142,233
10/21/2000,HUT,KS,ACE,CE,Federal Contract Tower,0,12,18,6,36,0,4,0,0,4,0,16,18,6,40,18,3,21,61
10/22/2000,HUT,KS,ACE,CE,Federal Contract Tower,0,7,16,0,23,0,19,3,0,22,0,26,19,0,45,5,0,5,50
10/23/2000,HUT,KS,ACE,CE,Federal Contract Tower,0,18,38,8,64,0,0,3,0,3,0,18,41,8,67,125,16,141,208
10/24/2000,HUT,KS,ACE,CE,Federal Contract Tower,0,9,14,6,29,0,7,0,2,9,0,16,14,8,38,0,10,10,48
10/25/2000,HUT,KS,ACE,CE,Federal Contract Tower,0,0,17,0,17,0,0,3,0,3,0,0,20,0,20,18,0,18,38
10/26/2000,HUT,KS,ACE,CE,Federal Contract Tower,0,8,52,12,72,0,0,32,0,32,0,8,84,12,104,63,6,69,173
10/27/2000,HUT,KS,ACE,CE,Federal Contract Tower,0,20,61,11,92,0,0,7,0,7,0,20,68,11,99,62,22,84,183
10/28/2000,HUT,KS,ACE,CE,Federal Contract Tower,0,13,29,0,42,0,6,1,0,7,0,19,30,0,49,18,0,18,67
10/29/2000,HUT,KS,ACE,CE,Federal Contract Tower,0,2,5,0,7,0,0,50,0,50,0,2,55,0,57,98,0,98,155
10/30/2000,HUT,KS,ACE,CE,Federal Contract Tower,0,7,29,9,45,0,0,22,11,33,0,7,51,20,78,77,54,131,209
10/31/2000,HUT,KS,ACE,CE,Federal Contract Tower,0,6,13,0,19,0,4,13,0,17,0,10,26,0,36,0,0,0,36
11/01/2000,HUT,KS,ACE,CE,Federal Contract Tower,0,0,14,12,26,0,0,20,19,39,0,0,34,31,65,145,3,148,213
11/02/2000,HUT,KS,ACE,CE,Federal Contract Tower,0,0,12,6,18,0,0,130,0,130,0,0,142,6,148,103,2,105,253
11/03/2000,HUT,KS,ACE,CE,Federal Contract Tower,0,11,16,14,41,0,5,22,9,36,0,16,38,23,77,136,38,174,251
11/04/2000,HUT,KS,ACE,CE,Federal Contract Tower,0,8,11,0,19,0,17,19,0,36,0,25,30,0,55,104,0,104,159
11/05/2000,HUT,KS,ACE,CE,Federal Contract Tower,0,2,4,2,8,0,0,1,0,1,0,2,5,2,9,0,1,1,10
11/06/2000,HUT,KS,ACE,CE,Federal Contract Tower,0,13,19,3,35,0,7,8,0,15,0,20,27,3,50,106,7,113,163
11/07/2000,HUT,KS,ACE,CE,Federal Contract Tower,0,26,39,20,85,0,6,36,0,42,0,32,75,20,127,62,38,100,227
11/08/2000,HUT,KS,ACE,CE,Federal Contract Tower,0,9,12,0,21,0,3,42,0,45,0,12,54,0,66,176,0,176,242
11/09/2000,HUT,KS,ACE,CE,Federal Contract Tower,0,6,12,10,28,0,0,88,2,90,0,6,100,12,118,112,16,128,246
11/10/2000,HUT,KS,ACE,CE,Federal Contract Tower,0,11,16,0,27,0,0,114,0,114,0,11,130,0,141,238,0,238,379
11/11/2000,HUT,KS,ACE,CE,Federal Contract Tower,0,2,2,0,4,0,0,3,0,3,0,2,5,0,7,0,0,0,7
11/12/2000,HUT,KS,ACE,CE,Federal Contract Tower,0,3,4,3,10,0,11,54,16,81,0,14,58,19,91,104,20,124,215
11/13/2000,HUT,KS,ACE,CE,Federal Contract Tower,0,13,20,9,42,0,7,29,0,36,0,20,49,9,78,78,12,90,168
11/14/2000,HUT,KS,ACE,CE,Federal Contract Tower,0,10,15,8,33,0,0,81,0,81,0,10,96,8,114,63,31,94,208
11/15/2000,HUT,KS,ACE,CE,Federal Contract Tower,0,6,9,5,20,0,9,15,0,24,0,15,24,5,44,62,18,80,124
11/16/2000,HUT,KS,ACE,CE,Federal Contract Tower,0,2,21,16,39,0,0,35,23,58,0,2,56,39,97,50,16,66,163
11/17/2000,HUT,KS,ACE,CE,Federal Contract Tower,0,13,21,17,51,0,19,16,5,40,0,32,37,22,91,179,26,205,296
11/18/2000,HUT,KS,ACE,CE,Federal Contract Tower,0,9,15,0,24,0,19,58,0,77,0,28,73,0,101,173,0,173,274
11/19/2000,HUT,KS,ACE,CE,Federal Contract Tower,0,5,8,0,13,0,5,0,0,5,0,10,8,0,18,166,0,166,184
11/20/2000,HUT,KS,ACE,CE,Federal Contract Tower,0,2,14,10,26,0,0,37,3,40,0,2,51,13,66,92,40,132,198
11/21/2000,HUT,KS,ACE,CE,Federal Contract Tower,0,0,14,10,24,0,0,68,12,80,0,0,82,22,104,88,44,132,236
11/22/2000,HUT,KS,ACE,CE,Federal Contract Tower,0,2,12,9,23,0,0,65,1,66,0,2,77,10,89,74,22,96,185
11/23/2000,HUT,KS,ACE,CE,Federal Contract Tower,0,0,4,0,4,0,0,10,0,10,0,0,14,0,14,26,0,26,40
11/24/2000,HUT,KS,ACE,CE,Federal Contract Tower,0,0,5,0,5,0,0,46,0,46,0,0,51,0,51,48,0,48,99
11/25/2000,HUT,KS,ACE,CE,Federal Contract Tower,0,0,3,0,3,0,0,46,0,46,0,0,49,0,49,46,0,46,95
11/26/2000,HUT,KS,ACE,CE,Federal Contract Tower,0,1,3,0,4,0,3,47,0,50,0,4,50,0,54,73,0,73,127
11/27/2000,HUT,KS,ACE,CE,Federal Contract Tower,0,0,9,7,16,0,0,38,2,40,0,0,47,9,56,33,20,53,109
11/28/2000,HUT,KS,ACE,CE,Federal Contract Tower,0,5,10,7,22,0,3,36,4,43,0,8,46,11,65,64,3,67,132
11/29/2000,HUT,KS,ACE,CE,Federal Contract Tower,0,8,17,13,38,0,0,37,6,43,0,8,54,19,81,97,19,116,197
11/30/2000,HUT,KS,ACE,CE,Federal Contract Tower,0,4,11,8,23,0,0,37,7,44,0,4,48,15,67,15,17,32,99
12/01/2000,HUT,KS,ACE,CE,Federal Contract Tower,0,0,10,3,13,0,0,8,0,8,0,0,18,3,21,31,8,39,60
12/02/2000,HUT,KS,ACE,CE,Federal Contract Tower,0,0,21,0,21,0,0,34,0,34,0,0,55,0,55,97,0,97,152
12/03/2000,HUT,KS,ACE,CE,Federal Contract Tower,0,0,10,6,16,0,0,41,5,46,0,0,51,11,62,58,10,68,130
12/04/2000,HUT,KS,ACE,CE,Federal Contract Tower,0,6,19,9,34,0,5,40,16,61,0,11,59,25,95,127,46,173,268
12/05/2000,HUT,KS,ACE,CE,Federal Contract Tower,0,6,21,11,38,0,14,48,7,69,0,20,69,18,107,84,54,138,245
12/06/2000,HUT,KS,ACE,CE,Federal Contract Tower,0,6,30,14,50,0,0,49,14,63,0,6,79,28,113,118,62,180,293
12/07/2000,HUT,KS,ACE,CE,Federal Contract Tower,0,8,35,12,55,0,18,33,0,51,0,26,68,12,106,90,32,122,228
12/08/2000,HUT,KS,ACE,CE,Federal Contract Tower,0,0,19,9,28,0,0,58,1,59,0,0,77,10,87,78,20,98,185
12/09/2000,HUT,KS,ACE,CE,Federal Contract Tower,0,0,4,0,4,0,0,34,0,34,0,0,38,0,38,82,0,82,120
12/10/2000,HUT,KS,ACE,CE,Federal Contract Tower,0,0,5,0,5,0,0,5,0,5,0,0,10,0,10,4,0,4,14
12/11/2000,HUT,KS,ACE,CE,Federal Contract Tower,0,0,1,0,1,0,0,5,0,5,0,0,6,0,6,8,0,8,14
12/12/2000,HUT,KS,ACE,CE,Federal Contract Tower,0,0,20,9,29,0,0,27,6,33,0,0,47,15,62,90,27,117,179
12/13/2000,HUT,KS,ACE,CE,Federal Contract Tower,0,0,11,0,11,0,0,0,0,0,0,0,11,0,11,22,0,22,33
12/14/2000,HUT,KS,ACE,CE,Federal Contract Tower,0,3,18,3,24,0,1,5,0,6,0,4,23,3,30,0,11,11,41
12/15/2000,HUT,KS,ACE,CE,Federal Contract Tower,0,3,17,0,20,0,1,16,0,17,0,4,33,0,37,0,0,0,37
12/16/2000,HUT,KS,ACE,CE,Federal Contract Tower,0,0,2,0,2,0,0,9,8,17,0,0,11,8,19,65,12,77,96
12/17/2000,HUT,KS,ACE,CE,Federal Contract Tower,0,0,12,5,17,0,0,59,19,78,0,0,71,24,95,96,39,135,230
12/18/2000,HUT,KS,ACE,CE,Federal Contract Tower,0,7,25,12,44,0,14,0,0,14,0,21,25,12,58,17,2,19,77
12/19/2000,HUT,KS,ACE,CE,Federal Contract Tower,0,0,14,6,20,0,0,40,8,48,0,0,54,14,68,83,0,83,151
12/20/2000,HUT,KS,ACE,CE,Federal Contract Tower,0,0,17,0,17,0,0,14,0,14,0,0,31,0,31,56,0,56,87
12/21/2000,HUT,KS,ACE,CE,Federal Contract Tower,0,0,18,6,24,0,0,52,0,52,0,0,70,6,76,36,45,81,157
12/22/2000,HUT,KS,ACE,CE,Federal Contract Tower,0,0,10,0,10,0,0,53,0,53,0,0,63,0,63,67,0,67,130
12/23/2000,HUT,KS,ACE,CE,Federal Contract Tower,0,0,0,0,0,0,0,48,1,49,0,0,48,1,49,64,0,64,113
12/24/2000,HUT,KS,ACE,CE,Federal Contract Tower,0,0,2,0,2,0,1,16,0,17,0,1,18,0,19,6,0,6,25
12/25/2000,HUT,KS,ACE,CE,Federal Contract Tower,0,0,3,0,3,0,1,0,0,1,0,1,3,0,4,1,0,1,5
12/26/2000,HUT,KS,ACE,CE,Federal Contract Tower,0,1,7,0,8,0,4,16,0,20,0,5,23,0,28,52,0,52,80
12/27/2000,HUT,KS,ACE,CE,Federal Contract Tower,0,2,11,0,13,0,3,34,0,37,0,5,45,0,50,74,0,74,124
12/28/2000,HUT,KS,ACE,CE,Federal Contract Tower,0,1,7,0,8,0,5,29,0,34,0,6,36,0,42,61,0,61,103
12/29/2000,HUT,KS,ACE,CE,Federal Contract Tower,0,1,9,0,10,0,1,76,0,77,0,2,85,0,87,79,0,79,166
12/30/2000,HUT,KS,ACE,CE,Federal Contract Tower,0,0,8,0,8,0,0,29,0,29,0,0,37,0,37,9,0,9,46
12/31/2000,HUT,KS,ACE,CE,Federal Contract Tower,0,1,6,0,7,0,0,1,0,1,0,1,7,0,8,0,0,0,8
01/01/2001,HUT,KS,ACE,CE,Federal Contract Tower,0,0,2,0,2,0,1,3,0,4,0,1,5,0,6,0,0,0,6
01/02/2001,HUT,KS,ACE,CE,Federal Contract Tower,0,4,7,0,11,0,2,11,0,13,0,6,18,0,24,9,0,9,33
01/03/2001,HUT,KS,ACE,CE,Federal Contract Tower,0,0,4,4,8,0,0,89,15,104,0,0,93,19,112,104,0,104,216
01/04/2001,HUT,KS,ACE,CE,Federal Contract Tower,0,12,25,10,47,0,4,20,0,24,0,16,45,10,71,70,0,70,141
01/05/2001,HUT,KS,ACE,CE,Federal Contract Tower,0,11,23,15,49,0,9,81,7,97,0,20,104,22,146,148,58,206,352
01/06/2001,HUT,KS,ACE,CE,Federal Contract Tower,0,10,22,15,47,0,14,88,11,113,0,24,110,26,160,210,16,226,386
01/07/2001,HUT,KS,ACE,CE,Federal Contract Tower,0,7,14,9,30,0,11,41,13,65,0,18,55,22,95,90,18,108,203
01/08/2001,HUT,KS,ACE,CE,Federal Contract Tower,0,11,23,16,50,0,11,54,8,73,0,22,77,24,123,118,38,156,279
01/09/2001,HUT,KS,ACE,CE,Federal Contract Tower,0,12,26,18,56,0,22,30,0,52,0,34,56,18,108,62,34,96,204
01/10/2001,HUT,KS,ACE,CE,Federal Contract Tower,0,12,24,3,39,0,21,18,0,39,0,33,42,3,78,46,2,48,126
01/11/2001,HUT,KS,ACE,CE,Federal Contract Tower,0,15,33,23,71,0,7,11,9,27,0,22,44,32,98,60,40,100,198
01/12/2001,HUT,KS,ACE,CE,Federal Contract Tower,0,7,16,7,30,0,0,68,0,68,0,7,84,7,98,118,27,145,243
01/13/2001,HUT,KS,ACE,CE,Federal Contract Tower,0,0,3,0,3,0,0,0,0,0,0,0,3,0,3,0,0,0,3
01/14/2001,HUT,KS,ACE,CE,Federal Contract Tower,0,5,10,4,19,0,2,48,0,50,0,7,58,4,69,69,9,78,147
01/15/2001,HUT,KS,ACE,CE,Federal Contract Tower,0,6,13,0,19,0,2,66,0,68,0,8,79,0,87,70,0,70,157
01/16/2001,HUT,KS,ACE,CE,Federal Contract Tower,0,7,15,0,22,0,1,10,0,11,0,8,25,0,33,4,0,4,37
01/17/2001,HUT,KS,ACE,CE,Federal Contract Tower,0,6,34,4,44,0,0,10,0,10,0,6,44,4,54,64,0,64,118
01/18/2001,HUT,KS,ACE,CE,Federal Contract Tower,0,0,36,24,60,0,0,98,0,98,0,0,134,24,158,136,56,192,350
01/19/2001,HUT,KS,ACE,CE,Federal Contract Tower,0,7,20,15,42,0,0,68,2,70,0,7,88,17,112,160,28,188,300
01/20/2001,HUT,KS,ACE,CE,Federal Contract Tower,0,0,9,0,9,0,0,94,0,94,0,0,103,0,103,158,0,158,261
01/21/2001,HUT,KS,ACE,CE,Federal Contract Tower,0,0,8,0,8,0,0,44,0,44,0,0,52,0,52,90,0,90,142
01/22/2001,HUT,KS,ACE,CE,Federal Contract Tower,0,0,15,10,25,0,0,64,5,69,0,0,79,15,94,126,31,157,251
01/23/2001,HUT,KS,ACE,CE,Federal Contract Tower,0,0,18,12,30,0,0,46,8,54,0,0,64,20,84,106,49,155,239
01/24/2001,HUT,KS,ACE,CE,Federal Contract Tower,0,10,25,16,51,0,0,60,0,60,0,10,85,16,111,122,30,152,263
01/25/2001,HUT,KS,ACE,CE,Federal Contract Tower,0,9,22,15,46,0,19,52,9,80,0,28,74,24,126,94,48,142,268
01/26/2001,HUT,KS,ACE,CE,Federal Contract Tower,0,2,20,13,35,0,0,41,1,42,0,2,61,14,77,91,14,105,182
01/27/2001,HUT,KS,ACE,CE,Federal Contract Tower,0,0,15,9,24,0,0,109,9,118,0,0,124,18,142,139,30,169,311
01/28/2001,HUT,KS,ACE,CE,Federal Contract Tower,0,0,0,0,0,0,0,0,0,0,0,0,0,0,0,0,0,0,0
01/29/2001,HUT,KS,ACE,CE,Federal Contract Tower,0,0,2,0,2,0,0,2,0,2,0,0,4,0,4,0,0,0,4
01/30/2001,HUT,KS,ACE,CE,Federal Contract Tower,0,0,9,0,9,0,0,47,0,47,0,0,56,0,56,79,0,79,135
01/31/2001,HUT,KS,ACE,CE,Federal Contract Tower,0,0,20,14,34,0,0,68,10,78,0,0,88,24,112,43,31,74,186
02/01/2001,HUT,KS,ACE,CE,Federal Contract Tower,0,14,17,8,39,0,3,27,0,30,0,17,44,8,69,84,43,127,196
02/02/2001,HUT,KS,ACE,CE,Federal Contract Tower,0,12,14,7,33,0,12,29,0,41,0,24,43,7,74,84,22,106,180
02/03/2001,HUT,KS,ACE,CE,Federal Contract Tower,0,7,8,4,19,0,8,28,0,36,0,15,36,4,55,64,2,66,121
02/04/2001,HUT,KS,ACE,CE,Federal Contract Tower,0,6,7,0,13,0,16,29,0,45,0,22,36,0,58,52,0,52,110
02/05/2001,HUT,KS,ACE,CE,Federal Contract Tower,0,15,17,11,43,0,7,79,2,88,0,22,96,13,131,70,53,123,254
02/06/2001,HUT,KS,ACE,CE,Federal Contract Tower,0,14,14,9,37,0,2,80,13,95,0,16,94,22,132,74,28,102,234
02/07/2001,HUT,KS,ACE,CE,Federal Contract Tower,0,31,35,22,88,0,19,11,4,34,0,50,46,26,122,60,22,82,204
02/08/2001,HUT,KS,ACE,CE,Federal Contract Tower,0,4,1,0,5,0,6,0,0,6,0,10,1,0,11,0,0,0,11
02/09/2001,HUT,KS,ACE,CE,Federal Contract Tower,0,0,0,0,0,0,0,1,0,1,0,0,1,0,1,0,0,0,1
02/10/2001,HUT,KS,ACE,CE,Federal Contract Tower,0,4,5,0,9,0,8,25,0,33,0,12,30,0,42,3,0,3,45
02/11/2001,HUT,KS,ACE,CE,Federal Contract Tower,0,0,4,0,4,0,0,19,0,19,0,0,23,0,23,33,0,33,56
02/12/2001,HUT,KS,ACE,CE,Federal Contract Tower,0,2,4,2,8,0,0,7,0,7,0,2,11,2,15,0,0,0,15
02/13/2001,HUT,KS,ACE,CE,Federal Contract Tower,0,0,1,0,1,0,0,3,0,3,0,0,4,0,4,0,0,0,4
02/14/2001,HUT,KS,ACE,CE,Federal Contract Tower,0,4,6,0,10,0,0,4,0,4,0,4,10,0,14,4,0,4,18
02/15/2001,HUT,KS,ACE,CE,Federal Contract Tower,0,0,34,8,42,0,0,12,0,12,0,0,46,8,54,44,33,77,131
02/16/2001,HUT,KS,ACE,CE,Federal Contract Tower,0,14,16,10,40,0,3,79,4,86,0,17,95,14,126,104,14,118,244
02/17/2001,HUT,KS,ACE,CE,Federal Contract Tower,0,8,10,2,20,0,3,80,0,83,0,11,90,2,103,140,1,141,244
02/18/2001,HUT,KS,ACE,CE,Federal Contract Tower,0,8,11,6,25,0,5,24,0,29,0,13,35,6,54,44,4,48,102
02/19/2001,HUT,KS,ACE,CE,Federal Contract Tower,0,9,11,0,20,0,7,73,0,80,0,16,84,0,100,132,0,132,232
02/20/2001,HUT,KS,ACE,CE,Federal Contract Tower,0,20,23,13,56,0,0,29,3,32,0,20,52,16,88,56,34,90,178
02/21/2001,HUT,KS,ACE,CE,Federal Contract Tower,0,0,11,6,17,0,0,23,0,23,0,0,34,6,40,40,2,42,82
02/22/2001,HUT,KS,ACE,CE,Federal Contract Tower,0,8,9,0,17,0,10,48,0,58,0,18,57,0,75,42,0,42,117
02/23/2001,HUT,KS,ACE,CE,Federal Contract Tower,0,0,5,0,5,0,0,6,0,6,0,0,11,0,11,0,0,0,11
02/24/2001,HUT,KS,ACE,CE,Federal Contract Tower,0,9,11,0,20,0,9,11,0,20,0,18,22,0,40,56,0,56,96
02/25/2001,HUT,KS,ACE,CE,Federal Contract Tower,0,9,10,5,24,0,5,36,3,44,0,14,46,8,68,97,32,129,197
02/26/2001,HUT,KS,ACE,CE,Federal Contract Tower,0,27,30,14,71,0,5,18,0,23,0,32,48,14,94,58,39,97,191
02/27/2001,HUT,KS,ACE,CE,Federal Contract Tower,0,0,3,0,3,0,0,4,0,4,0,0,7,0,7,0,0,0,7
02/28/2001,HUT,KS,ACE,CE,Federal Contract Tower,0,0,4,0,4,0,0,4,0,4,0,0,8,0,8,0,0,0,8
03/01/2001,HUT,KS,ACE,CE,Federal Contract Tower,0,4,15,6,25,0,0,21,0,21,0,4,36,6,46,10,0,10,56
03/02/2001,HUT,KS,ACE,CE,Federal Contract Tower,0,7,21,11,39,0,0,89,6,95,0,7,110,17,134,146,29,175,309
03/03/2001,HUT,KS,ACE,CE,Federal Contract Tower,0,5,11,7,23,0,3,47,1,51,0,8,58,8,74,106,20,126,200
03/04/2001,HUT,KS,ACE,CE,Federal Contract Tower,0,0,10,0,10,0,0,34,0,34,0,0,44,0,44,61,0,61,105
03/05/2001,HUT,KS,ACE,CE,Federal Contract Tower,0,2,27,16,45,0,0,15,4,19,0,2,42,20,64,72,25,97,161
03/06/2001,HUT,KS,ACE,CE,Federal Contract Tower,0,0,12,8,20,0,0,90,0,90,0,0,102,8,110,124,2,126,236
03/07/2001,HUT,KS,ACE,CE,Federal Contract Tower,0,0,19,2,21,0,0,58,0,58,0,0,77,2,79,44,6,50,129
03/08/2001,HUT,KS,ACE,CE,Federal Contract Tower,0,0,14,8,22,0,0,96,2,98,0,0,110,10,120,156,16,172,292
03/09/2001,HUT,KS,ACE,CE,Federal Contract Tower,0,0,28,16,44,0,0,71,4,75,0,0,99,20,119,94,52,146,265
03/10/2001,HUT,KS,ACE,CE,Federal Contract Tower,0,8,20,11,39,0,2,28,1,31,0,10,48,12,70,46,20,66,136
03/11/2001,HUT,KS,ACE,CE,Federal Contract Tower,0,4,6,0,10,0,5,0,0,5,0,9,6,0,15,12,0,12,27
03/12/2001,HUT,KS,ACE,CE,Federal Contract Tower,0,18,44,16,78,0,10,36,0,46,0,28,80,16,124,116,55,171,295
03/13/2001,HUT,KS,ACE,CE,Federal Contract Tower,0,11,28,4,43,0,23,84,0,107,0,34,112,4,150,149,2,151,301
03/14/2001,HUT,KS,ACE,CE,Federal Contract Tower,0,9,26,12,47,0,0,54,0,54,0,9,80,12,101,97,10,107,208
03/15/2001,HUT,KS,ACE,CE,Federal Contract Tower,0,0,5,0,5,0,0,0,0,0,0,0,5,0,5,6,0,6,11
03/16/2001,HUT,KS,ACE,CE,Federal Contract Tower,0,10,25,12,47,0,19,84,14,117,0,29,109,26,164,157,76,233,397
03/17/2001,HUT,KS,ACE,CE,Federal Contract Tower,0,4,9,0,13,0,18,73,0,91,0,22,82,0,104,93,2,95,199
03/18/2001,HUT,KS,ACE,CE,Federal Contract Tower,0,0,8,0,8,0,0,18,0,18,0,0,26,0,26,7,0,7,33
03/19/2001,HUT,KS,ACE,CE,Federal Contract Tower,0,9,28,7,44,0,0,39,0,39,0,9,67,7,83,88,39,127,210
03/20/2001,HUT,KS,ACE,CE,Federal Contract Tower,0,5,14,8,27,0,1,86,7,94,0,6,100,15,121,211,26,237,358
03/21/2001,HUT,KS,ACE,CE,Federal Contract Tower,0,0,14,4,18,0,0,95,0,95,0,0,109,4,113,124,8,132,245
03/22/2001,HUT,KS,ACE,CE,Federal Contract Tower,0,0,28,15,43,0,0,69,1,70,0,0,97,16,113,132,34,166,279
03/23/2001,HUT,KS,ACE,CE,Federal Contract Tower,0,0,10,4,14,0,0,71,0,71,0,0,81,4,85,128,22,150,235
03/24/2001,HUT,KS,ACE,CE,Federal Contract Tower,0,0,9,0,9,0,0,63,0,63,0,0,72,0,72,38,0,38,110
03/25/2001,HUT,KS,ACE,CE,Federal Contract Tower,0,0,10,0,10,0,0,57,0,57,0,0,67,0,67,42,0,42,109
03/26/2001,HUT,KS,ACE,CE,Federal Contract Tower,0,4,12,2,18,0,10,44,0,54,0,14,56,2,72,148,24,172,244
03/27/2001,HUT,KS,ACE,CE,Federal Contract Tower,0,4,12,4,20,0,6,49,0,55,0,10,61,4,75,98,6,104,179
03/28/2001,HUT,KS,ACE,CE,Federal Contract Tower,0,11,23,0,34,0,20,0,0,20,0,31,23,0,54,57,0,57,111
03/29/2001,HUT,KS,ACE,CE,Federal Contract Tower,0,14,38,6,58,0,2,29,0,31,0,16,67,6,89,117,2,119,208
03/30/2001,HUT,KS,ACE,CE,Federal Contract Tower,0,4,13,7,24,0,2,67,0,69,0,6,80,7,93,145,16,161,254
03/31/2001,HUT,KS,ACE,CE,Federal Contract Tower,0,3,11,0,14,0,14,18,0,32,0,17,29,0,46,38,0,38,84
04/01/2001,HUT,KS,ACE,CE,Federal Contract Tower,0,8,8,2,18,0,0,34,0,34,0,8,42,2,52,42,4,46,98
04/02/2001,HUT,KS,ACE,CE,Federal Contract Tower,0,0,31,0,31,0,0,0,0,0,0,0,31,0,31,30,0,30,61
04/03/2001,HUT,KS,ACE,CE,Federal Contract Tower,0,0,32,3,35,0,0,31,0,31,0,0,63,3,66,19,0,19,85
04/04/2001,HUT,KS,ACE,CE,Federal Contract Tower,0,0,18,0,18,0,0,1,3,4,0,0,19,3,22,3,0,3,25
04/05/2001,HUT,KS,ACE,CE,Federal Contract Tower,0,0,39,0,39,0,0,1,2,3,0,0,40,2,42,26,0,26,68
04/06/2001,HUT,KS,ACE,CE,Federal Contract Tower,0,0,8,0,8,0,0,0,0,0,0,0,8,0,8,0,0,0,8
04/07/2001,HUT,KS,ACE,CE,Federal Contract Tower,0,0,9,0,9,0,0,56,0,56,0,0,65,0,65,96,0,96,161
04/08/2001,HUT,KS,ACE,CE,Federal Contract Tower,0,0,11,2,13,0,2,41,0,43,0,2,52,2,56,14,0,14,70
04/09/2001,HUT,KS,ACE,CE,Federal Contract Tower,0,0,27,8,35,0,0,70,0,70,0,0,97,8,105,78,42,120,225
04/10/2001,HUT,KS,ACE,CE,Federal Contract Tower,0,0,26,2,28,0,0,14,0,14,0,0,40,2,42,62,11,73,115
04/11/2001,HUT,KS,ACE,CE,Federal Contract Tower,0,0,13,0,13,0,2,5,0,7,0,2,18,0,20,2,0,2,22
04/12/2001,HUT,KS,ACE,CE,Federal Contract Tower,0,1,22,6,29,0,1,71,0,72,0,2,93,6,101,140,12,152,253
04/13/2001,HUT,KS,ACE,CE,Federal Contract Tower,0,0,13,2,15,0,0,79,0,79,0,0,92,2,94,132,18,150,244
04/14/2001,HUT,KS,ACE,CE,Federal Contract Tower,0,6,12,0,18,0,2,34,0,36,0,8,46,0,54,70,0,70,124
04/15/2001,HUT,KS,ACE,CE,Federal Contract Tower,0,26,6,0,32,0,10,105,31,146,0,36,111,31,178,81,30,111,289
04/16/2001,HUT,KS,ACE,CE,Federal Contract Tower,0,13,27,12,52,0,3,75,0,78,0,16,102,12,130,119,23,142,272
04/17/2001,HUT,KS,ACE,CE,Federal Contract Tower,0,0,10,13,23,0,28,113,0,141,0,28,123,13,164,149,33,182,346
04/18/2001,HUT,KS,ACE,CE,Federal Contract Tower,0,26,6,24,56,0,5,120,0,125,0,31,126,24,181,161,63,224,405
04/19/2001,HUT,KS,ACE,CE,Federal Contract Tower,0,11,12,6,29,0,9,55,48,112,0,20,67,54,141,81,72,153,294
04/20/2001,HUT,KS,ACE,CE,Federal Contract Tower,0,12,9,0,21,0,10,79,2,91,0,22,88,2,112,70,0,70,182
04/21/2001,HUT,KS,ACE,CE,Federal Contract Tower,0,6,18,0,24,0,0,76,0,76,0,6,94,0,100,108,0,108,208
04/22/2001,HUT,KS,ACE,CE,Federal Contract Tower,0,0,0,0,0,0,0,30,0,30,0,0,30,0,30,0,0,0,30
04/23/2001,HUT,KS,ACE,CE,Federal Contract Tower,0,18,12,6,36,0,0,93,0,93,0,18,105,6,129,94,28,122,251
04/24/2001,HUT,KS,ACE,CE,Federal Contract Tower,0,20,17,0,37,0,4,92,4,100,0,24,109,4,137,142,26,168,305
04/25/2001,HUT,KS,ACE,CE,Federal Contract Tower,0,2,8,2,12,0,0,69,0,69,0,2,77,2,81,161,8,169,250
04/26/2001,HUT,KS,ACE,CE,Federal Contract Tower,0,15,6,2,23,0,0,65,5,70,0,15,71,7,93,106,19,125,218
04/27/2001,HUT,KS,ACE,CE,Federal Contract Tower,0,2,19,2,23,0,0,70,0,70,0,2,89,2,93,103,4,107,200
04/28/2001,HUT,KS,ACE,CE,Federal Contract Tower,0,4,5,0,9,0,0,53,0,53,0,4,58,0,62,65,0,65,127
04/29/2001,HUT,KS,ACE,CE,Federal Contract Tower,0,6,4,0,10,0,0,33,0,33,0,6,37,0,43,47,0,47,90
04/30/2001,HUT,KS,ACE,CE,Federal Contract Tower,0,7,13,5,25,0,23,73,44,140,0,30,86,49,165,104,46,150,315
05/01/2001,HUT,KS,ACE,CE,Federal Contract Tower,0,9,11,21,41,0,11,92,7,110,0,20,103,28,151,109,28,137,288
05/02/2001,HUT,KS,ACE,CE,Federal Contract Tower,0,16,28,12,56,0,9,87,13,109,0,25,115,25,165,115,33,148,313
05/03/2001,HUT,KS,ACE,CE,Federal Contract Tower,0,30,43,19,92,0,5,54,22,81,0,35,97,41,173,96,44,140,313
05/04/2001,HUT,KS,ACE,CE,Federal Contract Tower,0,16,27,18,61,0,6,86,11,103,0,22,113,29,164,90,32,122,286
05/05/2001,HUT,KS,ACE,CE,Federal Contract Tower,0,11,23,0,34,0,1,65,2,68,0,12,88,2,102,102,2,104,206
05/06/2001,HUT,KS,ACE,CE,Federal Contract Tower,0,23,4,0,27,0,1,91,0,92,0,24,95,0,119,138,0,138,257
05/07/2001,HUT,KS,ACE,CE,Federal Contract Tower,0,26,14,6,46,0,0,132,0,132,0,26,146,6,178,202,24,226,404
05/08/2001,HUT,KS,ACE,CE,Federal Contract Tower,0,16,11,0,27,0,16,114,2,132,0,32,125,2,159,148,0,148,307
05/09/2001,HUT,KS,ACE,CE,Federal Contract Tower,0,12,16,0,28,0,4,66,2,72,0,16,82,2,100,108,2,110,210
05/10/2001,HUT,KS,ACE,CE,Federal Contract Tower,0,15,13,2,30,0,0,71,0,71,0,15,84,2,101,103,0,103,204
05/11/2001,HUT,KS,ACE,CE,Federal Contract Tower,0,0,17,0,17,0,0,115,0,115,0,0,132,0,132,174,0,174,306
05/12/2001,HUT,KS,ACE,CE,Federal Contract Tower,0,0,15,0,15,0,0,86,0,86,0,0,101,0,101,131,0,131,232
05/13/2001,HUT,KS,ACE,CE,Federal Contract Tower,0,4,4,2,10,0,0,66,0,66,0,4,70,2,76,80,2,82,158
05/14/2001,HUT,KS,ACE,CE,Federal Contract Tower,0,4,11,3,18,0,0,59,0,59,0,4,70,3,77,84,4,88,165
05/15/2001,HUT,KS,ACE,CE,Federal Contract Tower,0,0,11,8,19,0,0,91,9,100,0,0,102,17,119,137,21,158,277
05/16/2001,HUT,KS,ACE,CE,Federal Contract Tower,0,9,46,7,62,0,6,21,0,27,0,15,67,7,89,151,28,179,268
05/17/2001,HUT,KS,ACE,CE,Federal Contract Tower,0,0,24,0,24,0,0,28,0,28,0,0,52,0,52,52,0,52,104
05/18/2001,HUT,KS,ACE,CE,Federal Contract Tower,0,2,16,0,18,0,0,36,0,36,0,2,52,0,54,48,0,48,102
05/19/2001,HUT,KS,ACE,CE,Federal Contract Tower,0,2,10,0,12,0,2,98,0,100,0,4,108,0,112,140,0,140,252
05/20/2001,HUT,KS,ACE,CE,Federal Contract Tower,0,0,20,0,20,0,0,21,0,21,0,0,41,0,41,64,0,64,105
05/21/2001,HUT,KS,ACE,CE,Federal Contract Tower,0,0,12,0,12,0,0,63,0,63,0,0,75,0,75,98,0,98,173
05/22/2001,HUT,KS,ACE,CE,Federal Contract Tower,0,8,9,2,19,0,2,53,0,55,0,10,62,2,74,78,8,86,160
05/23/2001,HUT,KS,ACE,CE,Federal Contract Tower,0,12,4,0,16,0,8,86,0,94,0,20,90,0,110,108,0,108,218
05/24/2001,HUT,KS,ACE,CE,Federal Contract Tower,0,0,19,0,19,0,0,105,0,105,0,0,124,0,124,186,0,186,310
05/25/2001,HUT,KS,ACE,CE,Federal Contract Tower,0,3,12,0,15,0,1,54,0,55,0,4,66,0,70,120,0,120,190
05/26/2001,HUT,KS,ACE,CE,Federal Contract Tower,0,0,5,0,5,0,0,46,0,46,0,0,51,0,51,81,0,81,132
05/27/2001,HUT,KS,ACE,CE,Federal Contract Tower,0,0,3,0,3,0,0,23,0,23,0,0,26,0,26,6,0,6,32
05/28/2001,HUT,KS,ACE,CE,Federal Contract Tower,0,0,8,0,8,0,0,57,0,57,0,0,65,0,65,41,0,41,106
05/29/2001,HUT,KS,ACE,CE,Federal Contract Tower,0,0,14,0,14,0,0,28,0,28,0,0,42,0,42,38,0,38,80
05/30/2001,HUT,KS,ACE,CE,Federal Contract Tower,0,17,34,0,51,0,0,50,0,50,0,17,84,0,101,97,0,97,198
05/31/2001,HUT,KS,ACE,CE,Federal Contract Tower,0,14,34,12,60,0,0,17,11,28,0,14,51,23,88,89,17,106,194
06/01/2001,HUT,KS,ACE,CE,Federal Contract Tower,0,12,29,0,41,0,11,38,0,49,0,23,67,0,90,90,0,90,180
06/02/2001,HUT,KS,ACE,CE,Federal Contract Tower,0,4,35,0,39,0,0,108,0,108,0,4,143,0,147,107,0,107,254
06/03/2001,HUT,KS,ACE,CE,Federal Contract Tower,0,19,34,0,53,0,0,64,0,64,0,19,98,0,117,130,0,130,247
06/04/2001,HUT,KS,ACE,CE,Federal Contract Tower,0,5,31,0,36,0,1,33,0,34,0,6,64,0,70,42,0,42,112
06/05/2001,HUT,KS,ACE,CE,Federal Contract Tower,0,17,16,0,33,0,1,17,0,18,0,18,33,0,51,40,0,40,91
06/06/2001,HUT,KS,ACE,CE,Federal Contract Tower,0,29,33,0,62,0,3,69,0,72,0,32,102,0,134,108,0,108,242
06/07/2001,HUT,KS,ACE,CE,Federal Contract Tower,0,22,34,2,58,0,14,74,0,88,0,36,108,2,146,122,2,124,270
06/08/2001,HUT,KS,ACE,CE,Federal Contract Tower,0,13,14,10,37,0,5,37,0,42,0,18,51,10,79,28,8,36,115
06/09/2001,HUT,KS,ACE,CE,Federal Contract Tower,0,27,9,1,37,0,15,68,1,84,0,42,77,2,121,110,0,110,231
06/10/2001,HUT,KS,ACE,CE,Federal Contract Tower,0,6,4,0,10,0,0,55,0,55,0,6,59,0,65,68,0,68,133
06/11/2001,HUT,KS,ACE,CE,Federal Contract Tower,0,0,6,7,13,0,4,73,1,78,0,4,79,8,91,92,4,96,187
06/12/2001,HUT,KS,ACE,CE,Federal Contract Tower,0,4,10,6,20,0,37,66,0,103,0,41,76,6,123,82,6,88,211
06/13/2001,HUT,KS,ACE,CE,Federal Contract Tower,0,12,23,0,35,0,7,63,0,70,0,19,86,0,105,73,0,73,178
06/14/2001,HUT,KS,ACE,CE,Federal Contract Tower,0,6,12,0,18,0,6,45,0,51,0,12,57,0,69,90,0,90,159
06/15/2001,HUT,KS,ACE,CE,Federal Contract Tower,0,0,13,0,13,0,0,88,3,91,0,0,101,3,104,112,0,112,216
06/16/2001,HUT,KS,ACE,CE,Federal Contract Tower,0,0,10,0,10,0,24,85,36,145,0,24,95,36,155,81,27,108,263
06/17/2001,HUT,KS,ACE,CE,Federal Contract Tower,0,14,39,19,72,0,25,38,30,93,0,39,77,49,165,108,65,173,338
06/18/2001,HUT,KS,ACE,CE,Federal Contract Tower,0,11,11,1,23,0,11,34,13,58,0,22,45,14,81,75,21,96,177
06/19/2001,HUT,KS,ACE,CE,Federal Contract Tower,0,7,22,0,29,0,1,27,0,28,0,8,49,0,57,78,0,78,135
06/20/2001,HUT,KS,ACE,CE,Federal Contract Tower,0,10,31,0,41,0,0,20,0,20,0,10,51,0,61,42,0,42,103
06/21/2001,HUT,KS,ACE,CE,Federal Contract Tower,0,12,32,2,46,0,4,72,0,76,0,16,104,2,122,136,22,158,280
06/22/2001,HUT,KS,ACE,CE,Federal Contract Tower,0,0,8,0,8,0,0,82,2,84,0,0,90,2,92,112,2,114,206
06/23/2001,HUT,KS,ACE,CE,Federal Contract Tower,0,1,2,0,3,0,16,77,18,111,0,17,79,18,114,98,8,106,220
06/24/2001,HUT,KS,ACE,CE,Federal Contract Tower,0,1,16,4,21,0,6,41,0,47,0,7,57,4,68,44,12,56,124
06/25/2001,HUT,KS,ACE,CE,Federal Contract Tower,0,4,18,0,22,0,13,130,17,160,0,17,148,17,182,122,19,141,323
06/26/2001,HUT,KS,ACE,CE,Federal Contract Tower,0,4,12,0,16,0,2,95,0,97,0,6,107,0,113,79,0,79,192
06/27/2001,HUT,KS,ACE,CE,Federal Contract Tower,0,14,15,14,43,0,4,76,6,86,0,18,91,20,129,94,22,116,245
06/28/2001,HUT,KS,ACE,CE,Federal Contract Tower,0,1,9,16,26,0,3,77,0,80,0,4,86,16,106,139,30,169,275
06/29/2001,HUT,KS,ACE,CE,Federal Contract Tower,0,11,29,8,48,0,0,70,25,95,0,11,99,33,143,116,32,148,291
06/30/2001,HUT,KS,ACE,CE,Federal Contract Tower,0,7,37,12,56,0,8,57,10,75,0,15,94,22,131,104,25,129,260
07/01/2001,HUT,KS,ACE,CE,Federal Contract Tower,0,10,5,0,15,0,0,69,0,69,0,10,74,0,84,105,0,105,189
07/02/2001,HUT,KS,ACE,CE,Federal Contract Tower,0,18,8,22,48,0,0,71,1,72,0,18,79,23,120,134,28,162,282
07/03/2001,HUT,KS,ACE,CE,Federal Contract Tower,0,9,12,23,44,0,15,81,3,99,0,24,93,26,143,134,39,173,316
07/04/2001,HUT,KS,ACE,CE,Federal Contract Tower,0,0,2,0,2,0,4,25,0,29,0,4,27,0,31,18,0,18,49
07/05/2001,HUT,KS,ACE,CE,Federal Contract Tower,0,3,12,0,15,0,1,44,0,45,0,4,56,0,60,106,0,106,166
07/06/2001,HUT,KS,ACE,CE,Federal Contract Tower,0,1,9,8,18,0,1,53,2,56,0,2,62,10,74,138,18,156,230
07/07/2001,HUT,KS,ACE,CE,Federal Contract Tower,0,2,9,0,11,0,0,46,4,50,0,2,55,4,61,89,0,89,150
07/08/2001,HUT,KS,ACE,CE,Federal Contract Tower,0,3,7,2,12,0,0,24,0,24,0,3,31,2,36,43,0,43,79
07/09/2001,HUT,KS,ACE,CE,Federal Contract Tower,0,1,12,0,13,0,0,71,0,71,0,1,83,0,84,76,0,76,160
07/10/2001,HUT,KS,ACE,CE,Federal Contract Tower,0,0,11,6,17,0,0,85,0,85,0,0,96,6,102,114,4,118,220
07/11/2001,HUT,KS,ACE,CE,Federal Contract Tower,0,0,13,4,17,0,2,64,0,66,0,2,77,4,83,93,4,97,180
07/12/2001,HUT,KS,ACE,CE,Federal Contract Tower,0,2,3,0,5,0,0,77,0,77,0,2,80,0,82,101,0,101,183
07/13/2001,HUT,KS,ACE,CE,Federal Contract Tower,0,12,15,0,27,0,0,72,0,72,0,12,87,0,99,115,0,115,214
07/14/2001,HUT,KS,ACE,CE,Federal Contract Tower,0,6,23,0,29,0,13,163,1,177,0,19,186,1,206,185,4,189,395
07/15/2001,HUT,KS,ACE,CE,Federal Contract Tower,0,7,34,12,53,0,0,61,3,64,0,7,95,15,117,75,21,96,213
07/16/2001,HUT,KS,ACE,CE,Federal Contract Tower,0,7,42,16,65,0,0,32,0,32,0,7,74,16,97,133,14,147,244
07/17/2001,HUT,KS,ACE,CE,Federal Contract Tower,0,13,44,27,84,0,0,42,0,42,0,13,86,27,126,92,30,122,248
07/18/2001,HUT,KS,ACE,CE,Federal Contract Tower,0,13,63,31,107,0,1,34,0,35,0,14,97,31,142,109,22,131,273
07/19/2001,HUT,KS,ACE,CE,Federal Contract Tower,0,11,14,2,27,0,7,60,0,67,0,18,74,2,94,86,4,90,184
07/20/2001,HUT,KS,ACE,CE,Federal Contract Tower,0,10,10,14,34,0,6,121,0,127,0,16,131,14,161,98,26,124,285
07/21/2001,HUT,KS,ACE,CE,Federal Contract Tower,0,9,6,1,16,0,11,85,3,99,0,20,91,4,115,58,6,64,179
07/22/2001,HUT,KS,ACE,CE,Federal Contract Tower,0,0,7,3,10,0,0,44,1,45,0,0,51,4,55,22,8,30,85
07/23/2001,HUT,KS,ACE,CE,Federal Contract Tower,0,15,18,8,41,0,0,56,0,56,0,15,74,8,97,92,10,102,199
07/24/2001,HUT,KS,ACE,CE,Federal Contract Tower,0,9,14,0,23,0,19,44,0,63,0,28,58,0,86,105,0,105,191
07/25/2001,HUT,KS,ACE,CE,Federal Contract Tower,0,15,25,5,45,0,3,44,1,48,0,18,69,6,93,68,6,74,167
07/26/2001,HUT,KS,ACE,CE,Federal Contract Tower,0,5,15,0,20,0,1,20,0,21,0,6,35,0,41,43,0,43,84
07/27/2001,HUT,KS,ACE,CE,Federal Contract Tower,0,4,17,8,29,0,0,26,0,26,0,4,43,8,55,53,8,61,116
07/28/2001,HUT,KS,ACE,CE,Federal Contract Tower,0,2,13,0,15,0,0,30,0,30,0,2,43,0,45,52,0,52,97
07/29/2001,HUT,KS,ACE,CE,Federal Contract Tower,0,12,24,8,44,0,0,32,0,32,0,12,56,8,76,81,17,98,174
07/30/2001,HUT,KS,ACE,CE,Federal Contract Tower,0,4,44,27,75,0,4,51,0,55,0,8,95,27,130,112,34,146,276
07/31/2001,HUT,KS,ACE,CE,Federal Contract Tower,0,0,19,35,54,0,0,60,0,60,0,0,79,35,114,92,55,147,261
08/01/2001,HUT,KS,ACE,CE,Federal Contract Tower,0,0,12,11,23,0,0,58,9,67,0,0,70,20,90,85,24,109,199
08/02/2001,HUT,KS,ACE,CE,Federal Contract Tower,0,13,24,18,55,0,1,39,4,44,0,14,63,22,99,68,17,85,184
08/03/2001,HUT,KS,ACE,CE,Federal Contract Tower,0,6,6,16,28,0,0,69,0,69,0,6,75,16,97,161,44,205,302
08/04/2001,HUT,KS,ACE,CE,Federal Contract Tower,0,4,9,0,13,0,2,63,0,65,0,6,72,0,78,102,0,102,180
08/05/2001,HUT,KS,ACE,CE,Federal Contract Tower,0,2,6,0,8,0,0,66,0,66,0,2,72,0,74,44,0,44,118
08/06/2001,HUT,KS,ACE,CE,Federal Contract Tower,0,0,13,8,21,0,0,36,0,36,0,0,49,8,57,80,18,98,155
08/07/2001,HUT,KS,ACE,CE,Federal Contract Tower,0,0,19,4,23,0,0,40,0,40,0,0,59,4,63,118,16,134,197
08/08/2001,HUT,KS,ACE,CE,Federal Contract Tower,0,0,17,6,23,0,0,59,0,59,0,0,76,6,82,92,18,110,192
08/09/2001,HUT,KS,ACE,CE,Federal Contract Tower,0,0,15,6,21,0,0,67,2,69,0,0,82,8,90,104,6,110,200
08/10/2001,HUT,KS,ACE,CE,Federal Contract Tower,0,6,38,16,60,0,2,88,0,90,0,8,126,16,150,186,44,230,380
08/11/2001,HUT,KS,ACE,CE,Federal Contract Tower,0,6,10,4,20,0,0,71,0,71,0,6,81,4,91,102,0,102,193
08/12/2001,HUT,KS,ACE,CE,Federal Contract Tower,0,1,12,0,13,0,1,63,0,64,0,2,75,0,77,88,0,88,165
08/13/2001,HUT,KS,ACE,CE,Federal Contract Tower,0,3,19,9,31,0,0,52,0,52,0,3,71,9,83,88,19,107,190
08/14/2001,HUT,KS,ACE,CE,Federal Contract Tower,0,15,13,9,37,0,0,48,3,51,0,15,61,12,88,79,10,89,177
08/15/2001,HUT,KS,ACE,CE,Federal Contract Tower,0,16,19,6,41,0,1,52,0,53,0,17,71,6,94,105,17,122,216
08/16/2001,HUT,KS,ACE,CE,Federal Contract Tower,0,11,23,9,43,0,0,69,2,71,0,11,92,11,114,99,29,128,242
08/17/2001,HUT,KS,ACE,CE,Federal Contract Tower,0,5,24,4,33,0,4,70,13,87,0,9,94,17,120,120,17,137,257
08/18/2001,HUT,KS,ACE,CE,Federal Contract Tower,0,6,12,0,18,0,18,181,0,199,0,24,193,0,217,115,0,115,332
08/19/2001,HUT,KS,ACE,CE,Federal Contract Tower,0,0,5,0,5,0,22,41,0,63,0,22,46,0,68,86,0,86,154
08/20/2001,HUT,KS,ACE,CE,Federal Contract Tower,0,6,9,4,19,0,12,41,0,53,0,18,50,4,72,73,10,83,155
08/21/2001,HUT,KS,ACE,CE,Federal Contract Tower,0,2,10,8,20,0,0,53,0,53,0,2,63,8,73,137,50,187,260
08/22/2001,HUT,KS,ACE,CE,Federal Contract Tower,0,14,5,14,33,0,2,41,0,43,0,16,46,14,76,48,36,84,160
08/23/2001,HUT,KS,ACE,CE,Federal Contract Tower,0,28,10,4,42,0,4,78,0,82,0,32,88,4,124,66,0,66,190
08/24/2001,HUT,KS,ACE,CE,Federal Contract Tower,0,20,5,0,25,0,2,58,0,60,0,22,63,0,85,98,0,98,183
08/25/2001,HUT,KS,ACE,CE,Federal Contract Tower,0,36,9,0,45,0,4,59,0,63,0,40,68,0,108,96,0,96,204
08/26/2001,HUT,KS,ACE,CE,Federal Contract Tower,0,18,18,8,44,0,12,27,0,39,0,30,45,8,83,88,12,100,183
08/27/2001,HUT,KS,ACE,CE,Federal Contract Tower,0,2,18,6,26,0,20,61,0,81,0,22,79,6,107,134,28,162,269
08/28/2001,HUT,KS,ACE,CE,Federal Contract Tower,0,17,16,4,37,0,14,64,0,78,0,31,80,4,115,97,18,115,230
08/29/2001,HUT,KS,ACE,CE,Federal Contract Tower,0,9,39,10,58,0,5,56,0,61,0,14,95,10,119,137,37,174,293
08/30/2001,HUT,KS,ACE,CE,Federal Contract Tower,0,7,23,8,38,0,2,55,4,61,0,9,78,12,99,98,24,122,221
08/31/2001,HUT,KS,ACE,CE,Federal Contract Tower,0,18,32,4,54,0,12,36,0,48,0,30,68,4,102,105,10,115,217
09/01/2001,HUT,KS,ACE,CE,Federal Contract Tower,0,6,17,0,23,0,0,61,0,61,0,6,78,0,84,42,0,42,126
09/02/2001,HUT,KS,ACE,CE,Federal Contract Tower,0,1,4,0,5,0,3,50,0,53,0,4,54,0,58,72,0,72,130
09/03/2001,HUT,KS,ACE,CE,Federal Contract Tower,0,0,5,0,5,0,0,35,0,35,0,0,40,0,40,54,0,54,94
09/04/2001,HUT,KS,ACE,CE,Federal Contract Tower,0,0,9,3,12,0,0,29,1,30,0,0,38,4,42,84,9,93,135
09/05/2001,HUT,KS,ACE,CE,Federal Contract Tower,0,2,16,4,22,0,0,56,0,56,0,2,72,4,78,95,4,99,177
09/06/2001,HUT,KS,ACE,CE,Federal Contract Tower,0,0,14,4,18,0,0,50,0,50,0,0,64,4,68,172,24,196,264
09/07/2001,HUT,KS,ACE,CE,Federal Contract Tower,0,9,26,0,35,0,3,51,0,54,0,12,77,0,89,94,0,94,183
09/08/2001,HUT,KS,ACE,CE,Federal Contract Tower,0,0,31,3,34,0,0,65,0,65,0,0,96,3,99,142,0,142,241
09/09/2001,HUT,KS,ACE,CE,Federal Contract Tower,0,14,17,6,37,0,8,82,0,90,0,22,99,6,127,148,24,172,299
09/10/2001,HUT,KS,ACE,CE,Federal Contract Tower,0,5,19,22,46,0,1,118,0,119,0,6,137,22,165,212,72,284,449
09/11/2001,HUT,KS,ACE,CE,Federal Contract Tower,0,0,3,0,3,0,0,0,0,0,0,0,3,0,3,0,0,0,3
09/12/2001,HUT,KS,ACE,CE,Federal Contract Tower,0,0,0,0,0,0,0,0,0,0,0,0,0,0,0,0,0,0,0
09/13/2001,HUT,KS,ACE,CE,Federal Contract Tower,0,0,0,2,2,0,0,0,0,0,0,0,0,2,2,0,4,4,6
09/14/2001,HUT,KS,ACE,CE,Federal Contract Tower,0,2,0,3,5,0,0,0,2,2,0,2,0,5,7,0,16,16,23
09/15/2001,HUT,KS,ACE,CE,Federal Contract Tower,0,2,18,0,20,0,0,0,3,3,0,2,18,3,23,12,0,12,35
09/16/2001,HUT,KS,ACE,CE,Federal Contract Tower,0,2,12,0,14,0,0,0,0,0,0,2,12,0,14,1,0,1,15
09/17/2001,HUT,KS,ACE,CE,Federal Contract Tower,0,2,13,8,23,0,0,0,0,0,0,2,13,8,23,10,2,12,35
09/18/2001,HUT,KS,ACE,CE,Federal Contract Tower,0,0,36,0,36,0,0,0,0,0,0,0,36,0,36,26,0,26,62
09/19/2001,HUT,KS,ACE,CE,Federal Contract Tower,0,0,38,7,45,0,0,0,0,0,0,0,38,7,45,46,10,56,101
09/20/2001,HUT,KS,ACE,CE,Federal Contract Tower,0,7,69,7,83,0,0,0,7,7,0,7,69,14,90,56,20,76,166
09/21/2001,HUT,KS,ACE,CE,Federal Contract Tower,0,0,29,16,45,0,0,34,0,34,0,0,63,16,79,90,22,112,191
09/22/2001,HUT,KS,ACE,CE,Federal Contract Tower,0,0,20,2,22,0,0,25,0,25,0,0,45,2,47,64,10,74,121
09/23/2001,HUT,KS,ACE,CE,Federal Contract Tower,0,0,16,4,20,0,0,26,0,26,0,0,42,4,46,38,14,52,98
09/24/2001,HUT,KS,ACE,CE,Federal Contract Tower,0,9,28,12,49,0,5,68,2,75,0,14,96,14,124,126,22,148,272
09/25/2001,HUT,KS,ACE,CE,Federal Contract Tower,0,8,16,8,32,0,0,99,0,99,0,8,115,8,131,120,24,144,275
09/26/2001,HUT,KS,ACE,CE,Federal Contract Tower,0,14,29,0,43,0,0,68,0,68,0,14,97,0,111,124,0,124,235
09/27/2001,HUT,KS,ACE,CE,Federal Contract Tower,0,6,10,0,16,0,5,55,3,63,0,11,65,3,79,120,0,120,199
09/28/2001,HUT,KS,ACE,CE,Federal Contract Tower,0,2,18,0,20,0,10,86,13,109,0,12,104,13,129,118,26,144,273
09/29/2001,HUT,KS,ACE,CE,Federal Contract Tower,0,1,15,0,16,0,0,65,0,65,0,1,80,0,81,93,0,93,174
09/30/2001,HUT,KS,ACE,CE,Federal Contract Tower,0,1,13,3,17,0,15,99,7,121,0,16,112,10,138,125,21,146,284
10/01/2001,HUT,KS,ACE,CE,Federal Contract Tower,0,1,20,0,21,0,1,42,0,43,0,2,62,0,64,121,0,121,185
10/02/2001,HUT,KS,ACE,CE,Federal Contract Tower,0,17,23,1,41,0,0,41,1,42,0,17,64,2,83,88,0,88,171
10/03/2001,HUT,KS,ACE,CE,Federal Contract Tower,0,2,22,2,26,0,0,56,2,58,0,2,78,4,84,74,4,78,162
10/04/2001,HUT,KS,ACE,CE,Federal Contract Tower,0,8,46,2,56,0,0,27,0,27,0,8,73,2,83,112,4,116,199
10/05/2001,HUT,KS,ACE,CE,Federal Contract Tower,0,4,19,4,27,0,0,35,0,35,0,4,54,4,62,52,18,70,132
10/06/2001,HUT,KS,ACE,CE,Federal Contract Tower,0,12,10,0,22,0,0,93,0,93,0,12,103,0,115,98,0,98,213
10/07/2001,HUT,KS,ACE,CE,Federal Contract Tower,0,1,14,0,15,0,6,25,0,31,0,7,39,0,46,99,0,99,145
10/08/2001,HUT,KS,ACE,CE,Federal Contract Tower,0,14,14,0,28,0,2,21,0,23,0,16,35,0,51,74,0,74,125
10/09/2001,HUT,KS,ACE,CE,Federal Contract Tower,0,3,14,0,17,0,0,0,0,0,0,3,14,0,17,23,2,25,42
10/10/2001,HUT,KS,ACE,CE,Federal Contract Tower,0,0,4,20,24,0,4,39,0,43,0,4,43,20,67,82,52,134,201
10/11/2001,HUT,KS,ACE,CE,Federal Contract Tower,0,10,5,10,25,0,0,65,0,65,0,10,70,10,90,123,18,141,231
10/12/2001,HUT,KS,ACE,CE,Federal Contract Tower,0,25,10,10,45,0,0,79,10,89,0,25,89,20,134,105,10,115,249
10/13/2001,HUT,KS,ACE,CE,Federal Contract Tower,0,22,28,0,50,0,0,26,0,26,0,22,54,0,76,62,0,62,138
10/14/2001,HUT,KS,ACE,CE,Federal Contract Tower,0,14,5,0,19,0,0,55,0,55,0,14,60,0,74,52,0,52,126
10/15/2001,HUT,KS,ACE,CE,Federal Contract Tower,0,7,8,4,19,0,3,10,0,13,0,10,18,4,32,10,14,24,56
10/16/2001,HUT,KS,ACE,CE,Federal Contract Tower,0,1,9,10,20,0,11,55,2,68,0,12,64,12,88,125,45,170,258
10/17/2001,HUT,KS,ACE,CE,Federal Contract Tower,0,8,14,2,24,0,0,66,0,66,0,8,80,2,90,102,6,108,198
10/18/2001,HUT,KS,ACE,CE,Federal Contract Tower,0,16,28,16,60,0,4,70,10,84,0,20,98,26,144,138,45,183,327
10/19/2001,HUT,KS,ACE,CE,Federal Contract Tower,0,6,22,13,41,0,24,153,19,196,0,30,175,32,237,158,28,186,423
10/20/2001,HUT,KS,ACE,CE,Federal Contract Tower,0,8,6,0,14,0,0,230,2,232,0,8,236,2,246,110,0,110,356
10/21/2001,HUT,KS,ACE,CE,Federal Contract Tower,0,6,34,12,52,0,1,35,0,36,0,7,69,12,88,116,7,123,211
10/22/2001,HUT,KS,ACE,CE,Federal Contract Tower,0,7,29,4,40,0,0,21,0,21,0,7,50,4,61,46,16,62,123
10/23/2001,HUT,KS,ACE,CE,Federal Contract Tower,0,0,16,28,44,0,0,102,12,114,0,0,118,40,158,134,54,188,346
10/24/2001,HUT,KS,ACE,CE,Federal Contract Tower,0,20,10,5,35,0,16,90,19,125,0,36,100,24,160,130,28,158,318
10/25/2001,HUT,KS,ACE,CE,Federal Contract Tower,0,16,11,5,32,0,6,65,7,78,0,22,76,12,110,76,38,114,224
10/26/2001,HUT,KS,ACE,CE,Federal Contract Tower,0,25,28,2,55,0,27,86,0,113,0,52,114,2,168,182,9,191,359
10/27/2001,HUT,KS,ACE,CE,Federal Contract Tower,0,23,21,0,44,0,3,41,2,46,0,26,62,2,90,94,0,94,184
10/28/2001,HUT,KS,ACE,CE,Federal Contract Tower,0,6,11,2,19,0,0,19,0,19,0,6,30,2,38,0,2,2,40
10/29/2001,HUT,KS,ACE,CE,Federal Contract Tower,0,8,9,8,25,0,0,33,0,33,0,8,42,8,58,43,16,59,117
10/30/2001,HUT,KS,ACE,CE,Federal Contract Tower,0,6,34,16,56,0,0,95,16,111,0,6,129,32,167,103,58,161,328
10/31/2001,HUT,KS,ACE,CE,Federal Contract Tower,0,23,7,6,36,0,8,45,0,53,0,31,52,6,89,45,10,55,144
11/01/2001,HUT,KS,ACE,CE,Federal Contract Tower,0,9,30,10,49,0,19,68,0,87,0,28,98,10,136,132,42,174,310
11/02/2001,HUT,KS,ACE,CE,Federal Contract Tower,0,0,42,5,47,0,0,94,0,94,0,0,136,5,141,156,20,176,317
11/03/2001,HUT,KS,ACE,CE,Federal Contract Tower,0,0,37,0,37,0,0,14,0,14,0,0,51,0,51,44,0,44,95
11/04/2001,HUT,KS,ACE,CE,Federal Contract Tower,0,7,9,0,16,0,3,59,0,62,0,10,68,0,78,54,0,54,132
11/05/2001,HUT,KS,ACE,CE,Federal Contract Tower,0,14,5,30,49,0,0,73,7,80,0,14,78,37,129,62,48,110,239
11/06/2001,HUT,KS,ACE,CE,Federal Contract Tower,0,17,14,20,51,0,9,44,0,53,0,26,58,20,104,98,32,130,234
11/07/2001,HUT,KS,ACE,CE,Federal Contract Tower,0,18,9,12,39,0,4,37,0,41,0,22,46,12,80,87,42,129,209
11/08/2001,HUT,KS,ACE,CE,Federal Contract Tower,0,3,15,8,26,0,0,24,0,24,0,3,39,8,50,76,32,108,158
11/09/2001,HUT,KS,ACE,CE,Federal Contract Tower,0,12,21,2,35,0,0,78,0,78,0,12,99,2,113,97,6,103,216
11/10/2001,HUT,KS,ACE,CE,Federal Contract Tower,0,0,18,0,18,0,0,61,2,63,0,0,79,2,81,96,4,100,181
11/11/2001,HUT,KS,ACE,CE,Federal Contract Tower,0,2,3,0,5,0,1,72,0,73,0,3,75,0,78,54,0,54,132
11/12/2001,HUT,KS,ACE,CE,Federal Contract Tower,0,6,23,0,29,0,0,0,0,0,0,6,23,0,29,8,0,8,37
11/13/2001,HUT,KS,ACE,CE,Federal Contract Tower,0,12,32,0,44,0,0,0,0,0,0,12,32,0,44,27,0,27,71
11/14/2001,HUT,KS,ACE,CE,Federal Contract Tower,0,17,27,7,51,0,0,20,0,20,0,17,47,7,71,56,18,74,145
11/15/2001,HUT,KS,ACE,CE,Federal Contract Tower,0,15,17,6,38,0,8,44,0,52,0,23,61,6,90,45,12,57,147
11/16/2001,HUT,KS,ACE,CE,Federal Contract Tower,0,6,27,12,45,0,12,39,11,62,0,18,66,23,107,90,42,132,239
11/17/2001,HUT,KS,ACE,CE,Federal Contract Tower,0,14,26,0,40,0,2,63,2,67,0,16,89,2,107,96,0,96,203
11/18/2001,HUT,KS,ACE,CE,Federal Contract Tower,0,6,27,0,33,0,0,5,2,7,0,6,32,2,40,10,0,10,50
11/19/2001,HUT,KS,ACE,CE,Federal Contract Tower,0,9,10,27,46,0,0,80,0,80,0,9,90,27,126,70,53,123,249
11/20/2001,HUT,KS,ACE,CE,Federal Contract Tower,0,0,13,10,23,0,0,41,0,41,0,0,54,10,64,30,32,62,126
11/21/2001,HUT,KS,ACE,CE,Federal Contract Tower,0,4,8,30,42,0,0,53,0,53,0,4,61,30,95,87,44,131,226
11/22/2001,HUT,KS,ACE,CE,Federal Contract Tower,0,0,3,0,3,0,0,31,0,31,0,0,34,0,34,0,0,0,34
11/23/2001,HUT,KS,ACE,CE,Federal Contract Tower,0,0,11,0,11,0,0,6,0,6,0,0,17,0,17,38,0,38,55
11/24/2001,HUT,KS,ACE,CE,Federal Contract Tower,0,0,5,0,5,0,0,4,0,4,0,0,9,0,9,0,0,0,9
11/25/2001,HUT,KS,ACE,CE,Federal Contract Tower,0,0,6,0,6,0,0,17,0,17,0,0,23,0,23,0,0,0,23
11/26/2001,HUT,KS,ACE,CE,Federal Contract Tower,0,2,10,4,16,0,0,19,0,19,0,2,29,4,35,4,10,14,49
11/27/2001,HUT,KS,ACE,CE,Federal Contract Tower,0,0,14,45,59,0,0,43,0,43,0,0,57,45,102,37,71,108,210
11/28/2001,HUT,KS,ACE,CE,Federal Contract Tower,0,0,14,39,53,0,0,20,6,26,0,0,34,45,79,45,106,151,230
11/29/2001,HUT,KS,ACE,CE,Federal Contract Tower,0,10,12,23,45,0,2,13,0,15,0,12,25,23,60,13,26,39,99
11/30/2001,HUT,KS,ACE,CE,Federal Contract Tower,0,14,12,0,26,0,0,27,0,27,0,14,39,0,53,79,0,79,132
12/01/2001,HUT,KS,ACE,CE,Federal Contract Tower,0,6,8,0,14,0,19,112,0,131,0,25,120,0,145,142,0,142,287
12/02/2001,HUT,KS,ACE,CE,Federal Contract Tower,0,5,5,0,10,0,7,79,0,86,0,12,84,0,96,108,0,108,204
12/03/2001,HUT,KS,ACE,CE,Federal Contract Tower,0,15,10,9,34,0,0,13,0,13,0,15,23,9,47,54,16,70,117
12/04/2001,HUT,KS,ACE,CE,Federal Contract Tower,0,17,18,13,48,0,2,12,0,14,0,19,30,13,62,24,12,36,98
12/05/2001,HUT,KS,ACE,CE,Federal Contract Tower,0,6,15,12,33,0,0,13,0,13,0,6,28,12,46,34,18,52,98
12/06/2001,HUT,KS,ACE,CE,Federal Contract Tower,0,12,10,7,29,0,0,57,0,57,0,12,67,7,86,98,11,109,195
12/07/2001,HUT,KS,ACE,CE,Federal Contract Tower,0,20,8,4,32,0,14,76,8,98,0,34,84,12,130,117,8,125,255
12/08/2001,HUT,KS,ACE,CE,Federal Contract Tower,0,8,11,0,19,0,10,88,0,98,0,18,99,0,117,79,0,79,196
12/09/2001,HUT,KS,ACE,CE,Federal Contract Tower,0,14,10,0,24,0,16,52,0,68,0,30,62,0,92,64,0,64,156
12/10/2001,HUT,KS,ACE,CE,Federal Contract Tower,0,14,8,12,34,0,2,45,0,47,0,16,53,12,81,83,14,97,178
12/11/2001,HUT,KS,ACE,CE,Federal Contract Tower,0,14,9,26,49,0,10,53,0,63,0,24,62,26,112,70,40,110,222
12/12/2001,HUT,KS,ACE,CE,Federal Contract Tower,0,9,27,0,36,0,0,1,0,1,0,9,28,0,37,10,0,10,47
12/13/2001,HUT,KS,ACE,CE,Federal Contract Tower,0,3,28,14,45,0,2,53,0,55,0,5,81,14,100,92,26,118,218
12/14/2001,HUT,KS,ACE,CE,Federal Contract Tower,0,6,20,41,67,0,0,77,11,88,0,6,97,52,155,142,68,210,365
12/15/2001,HUT,KS,ACE,CE,Federal Contract Tower,0,8,9,2,19,0,0,45,0,45,0,8,54,2,64,52,2,54,118
12/16/2001,HUT,KS,ACE,CE,Federal Contract Tower,0,7,4,6,17,0,5,4,0,9,0,12,8,6,26,32,6,38,64
12/17/2001,HUT,KS,ACE,CE,Federal Contract Tower,0,10,2,15,27,0,0,64,4,68,0,10,66,19,95,52,14,66,161
12/18/2001,HUT,KS,ACE,CE,Federal Contract Tower,0,0,10,18,28,0,2,69,16,87,0,2,79,34,115,102,50,152,267
12/19/2001,HUT,KS,ACE,CE,Federal Contract Tower,0,0,9,8,17,0,2,71,17,90,0,2,80,25,107,86,18,104,211
12/20/2001,HUT,KS,ACE,CE,Federal Contract Tower,0,2,13,29,44,0,0,73,0,73,0,2,86,29,117,104,66,170,287
12/21/2001,HUT,KS,ACE,CE,Federal Contract Tower,0,0,10,4,14,0,0,46,0,46,0,0,56,4,60,100,8,108,168
12/22/2001,HUT,KS,ACE,CE,Federal Contract Tower,0,0,2,0,2,0,0,13,0,13,0,0,15,0,15,36,0,36,51
12/23/2001,HUT,KS,ACE,CE,Federal Contract Tower,0,2,4,0,6,0,0,18,0,18,0,2,22,0,24,53,0,53,77
12/24/2001,HUT,KS,ACE,CE,Federal Contract Tower,0,0,4,0,4,0,0,46,0,46,0,0,50,0,50,104,0,104,154
12/25/2001,HUT,KS,ACE,CE,Federal Contract Tower,0,0,1,0,1,0,0,14,0,14,0,0,15,0,15,0,0,0,15
12/26/2001,HUT,KS,ACE,CE,Federal Contract Tower,0,0,4,0,4,0,0,46,2,48,0,0,50,2,52,62,0,62,114
12/27/2001,HUT,KS,ACE,CE,Federal Contract Tower,0,0,13,0,13,0,0,40,0,40,0,0,53,0,53,26,0,26,79
12/28/2001,HUT,KS,ACE,CE,Federal Contract Tower,0,2,8,0,10,0,0,51,0,51,0,2,59,0,61,84,0,84,145
12/29/2001,HUT,KS,ACE,CE,Federal Contract Tower,0,0,8,0,8,0,0,36,0,36,0,0,44,0,44,64,0,64,108
12/30/2001,HUT,KS,ACE,CE,Federal Contract Tower,0,0,4,0,4,0,0,31,0,31,0,0,35,0,35,10,0,10,45
12/31/2001,HUT,KS,ACE,CE,Federal Contract Tower,0,2,8,0,10,0,0,22,0,22,0,2,30,0,32,12,0,12,44
01/01/2002,HUT,KS,ACE,CE,Federal Contract Tower,0,0,2,0,2,0,0,33,0,33,0,0,35,0,35,42,0,42,77
01/02/2002,HUT,KS,ACE,CE,Federal Contract Tower,0,0,14,2,16,0,0,6,0,6,0,0,20,2,22,32,4,36,58
01/03/2002,HUT,KS,ACE,CE,Federal Contract Tower,0,0,4,9,13,0,0,16,0,16,0,0,20,9,29,58,14,72,101
01/04/2002,HUT,KS,ACE,CE,Federal Contract Tower,0,0,5,18,23,0,0,55,6,61,0,0,60,24,84,34,38,72,156
01/05/2002,HUT,KS,ACE,CE,Federal Contract Tower,0,2,11,0,13,0,0,21,2,23,0,2,32,2,36,109,0,109,145
01/06/2002,HUT,KS,ACE,CE,Federal Contract Tower,0,0,11,0,11,0,0,47,0,47,0,0,58,0,58,87,0,87,145
01/07/2002,HUT,KS,ACE,CE,Federal Contract Tower,0,2,22,24,48,0,0,74,2,76,0,2,96,26,124,156,46,202,326
01/08/2002,HUT,KS,ACE,CE,Federal Contract Tower,0,0,31,22,53,0,4,41,0,45,0,4,72,22,98,94,44,138,236
01/09/2002,HUT,KS,ACE,CE,Federal Contract Tower,0,0,17,17,34,0,0,43,3,46,0,0,60,20,80,134,38,172,252
01/10/2002,HUT,KS,ACE,CE,Federal Contract Tower,0,0,7,6,13,0,0,52,0,52,0,0,59,6,65,90,2,92,157
01/11/2002,HUT,KS,ACE,CE,Federal Contract Tower,0,2,5,18,25,0,0,64,4,68,0,2,69,22,93,86,60,146,239
01/12/2002,HUT,KS,ACE,CE,Federal Contract Tower,0,1,6,0,7,0,0,71,0,71,0,1,77,0,78,104,0,104,182
01/13/2002,HUT,KS,ACE,CE,Federal Contract Tower,0,1,5,0,6,0,0,82,0,82,0,1,87,0,88,96,0,96,184
01/14/2002,HUT,KS,ACE,CE,Federal Contract Tower,0,2,16,11,29,0,0,57,3,60,0,2,73,14,89,86,32,118,207
01/15/2002,HUT,KS,ACE,CE,Federal Contract Tower,0,0,27,12,39,0,0,21,23,44,0,0,48,35,83,130,61,191,274
01/16/2002,HUT,KS,ACE,CE,Federal Contract Tower,0,0,12,4,16,0,0,29,0,29,0,0,41,4,45,64,14,78,123
01/17/2002,HUT,KS,ACE,CE,Federal Contract Tower,0,8,12,4,24,0,12,58,0,70,0,20,70,4,94,88,14,102,196
01/18/2002,HUT,KS,ACE,CE,Federal Contract Tower,0,20,18,20,58,0,10,43,15,68,0,30,61,35,126,58,26,84,210
01/19/2002,HUT,KS,ACE,CE,Federal Contract Tower,0,0,16,0,16,0,0,30,0,30,0,0,46,0,46,50,0,50,96
01/20/2002,HUT,KS,ACE,CE,Federal Contract Tower,0,2,10,0,12,0,0,30,0,30,0,2,40,0,42,30,0,30,72
01/21/2002,HUT,KS,ACE,CE,Federal Contract Tower,0,6,10,0,16,0,0,27,0,27,0,6,37,0,43,82,0,82,125
01/22/2002,HUT,KS,ACE,CE,Federal Contract Tower,0,2,6,14,22,0,0,24,0,24,0,2,30,14,46,48,96,144,190
01/23/2002,HUT,KS,ACE,CE,Federal Contract Tower,0,6,14,42,62,0,8,110,32,150,0,14,124,74,212,132,94,226,438
01/24/2002,HUT,KS,ACE,CE,Federal Contract Tower,0,0,6,42,48,0,2,88,16,106,0,2,94,58,154,108,98,206,360
01/25/2002,HUT,KS,ACE,CE,Federal Contract Tower,0,5,9,32,46,0,9,112,6,127,0,14,121,38,173,102,86,188,361
01/26/2002,HUT,KS,ACE,CE,Federal Contract Tower,0,0,16,0,16,0,0,81,0,81,0,0,97,0,97,132,0,132,229
01/27/2002,HUT,KS,ACE,CE,Federal Contract Tower,0,0,3,0,3,0,0,67,0,67,0,0,70,0,70,92,0,92,162
01/28/2002,HUT,KS,ACE,CE,Federal Contract Tower,0,2,10,32,44,0,0,71,0,71,0,2,81,32,115,76,38,114,229
01/29/2002,HUT,KS,ACE,CE,Federal Contract Tower,0,0,24,0,24,0,0,6,0,6,0,0,30,0,30,42,0,42,72
01/30/2002,HUT,KS,ACE,CE,Federal Contract Tower,0,0,0,0,0,0,0,0,0,0,0,0,0,0,0,0,0,0,0
01/31/2002,HUT,KS,ACE,CE,Federal Contract Tower,0,0,6,0,6,0,0,0,0,0,0,0,6,0,6,0,0,0,6
02/01/2002,HUT,KS,ACE,CE,Federal Contract Tower,0,2,9,0,11,0,0,27,0,27,0,2,36,0,38,27,0,27,65
02/02/2002,HUT,KS,ACE,CE,Federal Contract Tower,0,0,5,0,5,0,0,13,0,13,0,0,18,0,18,10,0,10,28
02/03/2002,HUT,KS,ACE,CE,Federal Contract Tower,0,0,15,0,15,0,0,8,0,8,0,0,23,0,23,32,0,32,55
02/04/2002,HUT,KS,ACE,CE,Federal Contract Tower,0,2,3,2,7,0,0,16,0,16,0,2,19,2,23,2,2,4,27
02/05/2002,HUT,KS,ACE,CE,Federal Contract Tower,0,0,4,0,4,0,0,0,0,0,0,0,4,0,4,0,0,0,4
02/06/2002,HUT,KS,ACE,CE,Federal Contract Tower,0,0,3,0,3,0,0,0,0,0,0,0,3,0,3,0,0,0,3
02/07/2002,HUT,KS,ACE,CE,Federal Contract Tower,0,2,19,12,33,0,0,54,6,60,0,2,73,18,93,69,26,95,188
02/08/2002,HUT,KS,ACE,CE,Federal Contract Tower,0,0,4,0,4,0,0,38,0,38,0,0,42,0,42,62,0,62,104
02/09/2002,HUT,KS,ACE,CE,Federal Contract Tower,0,0,3,0,3,0,0,5,0,5,0,0,8,0,8,0,0,0,8
02/10/2002,HUT,KS,ACE,CE,Federal Contract Tower,0,0,4,6,10,0,0,32,0,32,0,0,36,6,42,12,2,14,56
02/11/2002,HUT,KS,ACE,CE,Federal Contract Tower,0,2,1,52,55,0,0,82,0,82,0,2,83,52,137,68,96,164,301
02/12/2002,HUT,KS,ACE,CE,Federal Contract Tower,0,0,9,30,39,0,0,55,0,55,0,0,64,30,94,102,84,186,280
02/13/2002,HUT,KS,ACE,CE,Federal Contract Tower,0,0,4,4,8,0,0,71,0,71,0,0,75,4,79,58,30,88,167
02/14/2002,HUT,KS,ACE,CE,Federal Contract Tower,0,0,3,2,5,0,0,19,0,19,0,0,22,2,24,30,2,32,56
02/15/2002,HUT,KS,ACE,CE,Federal Contract Tower,0,1,13,17,31,0,0,103,25,128,0,1,116,42,159,103,52,155,314
02/16/2002,HUT,KS,ACE,CE,Federal Contract Tower,0,1,14,0,15,0,0,116,0,116,0,1,130,0,131,102,0,102,233
02/17/2002,HUT,KS,ACE,CE,Federal Contract Tower,0,0,5,0,5,0,0,53,0,53,0,0,58,0,58,36,0,36,94
02/18/2002,HUT,KS,ACE,CE,Federal Contract Tower,0,0,9,0,9,0,0,47,0,47,0,0,56,0,56,42,0,42,98
02/19/2002,HUT,KS,ACE,CE,Federal Contract Tower,0,2,46,20,68,0,0,2,0,2,0,2,48,20,70,78,24,102,172
02/20/2002,HUT,KS,ACE,CE,Federal Contract Tower,0,0,34,26,60,0,0,84,0,84,0,0,118,26,144,100,28,128,272
02/21/2002,HUT,KS,ACE,CE,Federal Contract Tower,0,0,13,7,20,0,0,49,16,65,0,0,62,23,85,90,29,119,204
02/22/2002,HUT,KS,ACE,CE,Federal Contract Tower,0,0,17,2,19,0,0,71,0,71,0,0,88,2,90,80,4,84,174
02/23/2002,HUT,KS,ACE,CE,Federal Contract Tower,0,0,17,0,17,0,0,68,0,68,0,0,85,0,85,87,0,87,172
02/24/2002,HUT,KS,ACE,CE,Federal Contract Tower,0,16,16,0,32,0,0,5,0,5,0,16,21,0,37,24,0,24,61
02/25/2002,HUT,KS,ACE,CE,Federal Contract Tower,0,2,15,0,17,0,0,0,0,0,0,2,15,0,17,6,0,6,23
02/26/2002,HUT,KS,ACE,CE,Federal Contract Tower,0,2,5,2,9,0,0,41,0,41,0,2,46,2,50,40,0,40,90
02/27/2002,HUT,KS,ACE,CE,Federal Contract Tower,0,0,10,10,20,0,0,52,0,52,0,0,62,10,72,90,78,168,240
02/28/2002,HUT,KS,ACE,CE,Federal Contract Tower,0,0,20,7,27,0,0,100,0,100,0,0,120,7,127,82,36,118,245
03/01/2002,HUT,KS,ACE,CE,Federal Contract Tower,0,0,4,0,4,0,0,0,0,0,0,0,4,0,4,12,0,12,16
03/02/2002,HUT,KS,ACE,CE,Federal Contract Tower,0,0,2,0,2,0,0,12,0,12,0,0,14,0,14,8,0,8,22
03/03/2002,HUT,KS,ACE,CE,Federal Contract Tower,0,0,10,0,10,0,0,26,0,26,0,0,36,0,36,22,0,22,58
03/04/2002,HUT,KS,ACE,CE,Federal Contract Tower,0,0,10,24,34,0,0,33,6,39,0,0,43,30,73,18,75,93,166
03/05/2002,HUT,KS,ACE,CE,Federal Contract Tower,0,0,16,8,24,0,0,38,0,38,0,0,54,8,62,46,32,78,140
03/06/2002,HUT,KS,ACE,CE,Federal Contract Tower,0,0,26,33,59,0,0,62,2,64,0,0,88,35,123,93,63,156,279
03/07/2002,HUT,KS,ACE,CE,Federal Contract Tower,0,3,10,0,13,0,1,26,0,27,0,4,36,0,40,52,0,52,92
03/08/2002,HUT,KS,ACE,CE,Federal Contract Tower,0,0,14,4,18,0,0,0,0,0,0,0,14,4,18,38,4,42,60
03/09/2002,HUT,KS,ACE,CE,Federal Contract Tower,0,0,5,0,5,0,0,33,0,33,0,0,38,0,38,148,0,148,186
03/10/2002,HUT,KS,ACE,CE,Federal Contract Tower,0,0,8,2,10,0,2,33,0,35,0,2,41,2,45,8,2,10,55
03/11/2002,HUT,KS,ACE,CE,Federal Contract Tower,0,0,9,50,59,0,0,48,0,48,0,0,57,50,107,52,154,206,313
03/12/2002,HUT,KS,ACE,CE,Federal Contract Tower,0,0,12,36,48,0,0,44,0,44,0,0,56,36,92,48,82,130,222
03/13/2002,HUT,KS,ACE,CE,Federal Contract Tower,0,0,12,12,24,0,0,39,0,39,0,0,51,12,63,62,34,96,159
03/14/2002,HUT,KS,ACE,CE,Federal Contract Tower,0,2,12,8,22,0,0,26,8,34,0,2,38,16,56,50,48,98,154
03/15/2002,HUT,KS,ACE,CE,Federal Contract Tower,0,0,19,5,24,0,2,25,8,35,0,2,44,13,59,78,29,107,166
03/16/2002,HUT,KS,ACE,CE,Federal Contract Tower,0,2,15,0,17,0,0,113,0,113,0,2,128,0,130,104,0,104,234
03/17/2002,HUT,KS,ACE,CE,Federal Contract Tower,0,2,7,0,9,0,0,49,0,49,0,2,56,0,58,29,0,29,87
03/18/2002,HUT,KS,ACE,CE,Federal Contract Tower,0,0,25,2,27,0,0,7,0,7,0,0,32,2,34,4,12,16,50
03/19/2002,HUT,KS,ACE,CE,Federal Contract Tower,0,0,28,0,28,0,1,0,0,1,0,1,28,0,29,10,0,10,39
03/20/2002,HUT,KS,ACE,CE,Federal Contract Tower,0,2,39,20,61,0,8,84,0,92,0,10,123,20,153,135,27,162,315
03/21/2002,HUT,KS,ACE,CE,Federal Contract Tower,0,2,17,8,27,0,0,26,0,26,0,2,43,8,53,68,8,76,129
03/22/2002,HUT,KS,ACE,CE,Federal Contract Tower,0,0,37,6,43,0,0,51,0,51,0,0,88,6,94,102,28,130,224
03/23/2002,HUT,KS,ACE,CE,Federal Contract Tower,0,0,22,0,22,0,2,24,0,26,0,2,46,0,48,52,0,52,100
03/24/2002,HUT,KS,ACE,CE,Federal Contract Tower,0,0,12,0,12,0,0,0,0,0,0,0,12,0,12,8,0,8,20
03/25/2002,HUT,KS,ACE,CE,Federal Contract Tower,0,0,23,0,23,0,0,2,0,2,0,0,25,0,25,17,0,17,42
03/26/2002,HUT,KS,ACE,CE,Federal Contract Tower,0,0,13,4,17,0,2,33,0,35,0,2,46,4,52,68,12,80,132
03/27/2002,HUT,KS,ACE,CE,Federal Contract Tower,0,0,9,14,23,0,0,50,0,50,0,0,59,14,73,18,12,30,103
03/28/2002,HUT,KS,ACE,CE,Federal Contract Tower,0,0,16,11,27,0,0,78,1,79,0,0,94,12,106,56,28,84,190
03/29/2002,HUT,KS,ACE,CE,Federal Contract Tower,0,0,4,2,6,0,0,55,0,55,0,0,59,2,61,32,0,32,93
03/30/2002,HUT,KS,ACE,CE,Federal Contract Tower,0,0,10,0,10,0,0,99,2,101,0,0,109,2,111,78,2,80,191
03/31/2002,HUT,KS,ACE,CE,Federal Contract Tower,0,0,4,0,4,0,0,53,0,53,0,0,57,0,57,64,0,64,121
04/01/2002,HUT,KS,ACE,CE,Federal Contract Tower,0,2,17,1,20,0,0,25,1,26,0,2,42,2,46,50,0,50,96
04/02/2002,HUT,KS,ACE,CE,Federal Contract Tower,0,0,13,4,17,0,0,25,0,25,0,0,38,4,42,38,4,42,84
04/03/2002,HUT,KS,ACE,CE,Federal Contract Tower,0,0,12,6,18,0,0,64,0,64,0,0,76,6,82,48,0,48,130
04/04/2002,HUT,KS,ACE,CE,Federal Contract Tower,0,0,12,0,12,0,0,69,16,85,0,0,81,16,97,98,10,108,205
04/05/2002,HUT,KS,ACE,CE,Federal Contract Tower,0,0,12,0,12,0,0,75,0,75,0,0,87,0,87,62,0,62,149
04/06/2002,HUT,KS,ACE,CE,Federal Contract Tower,0,0,4,0,4,0,0,18,4,22,0,0,22,4,26,6,0,6,32
04/07/2002,HUT,KS,ACE,CE,Federal Contract Tower,0,0,10,0,10,0,0,0,0,0,0,0,10,0,10,4,0,4,14
04/08/2002,HUT,KS,ACE,CE,Federal Contract Tower,0,2,14,0,16,0,0,0,0,0,0,2,14,0,16,10,0,10,26
04/09/2002,HUT,KS,ACE,CE,Federal Contract Tower,0,0,10,12,22,0,0,93,12,105,0,0,103,24,127,76,52,128,255
04/10/2002,HUT,KS,ACE,CE,Federal Contract Tower,0,0,8,10,18,0,0,76,0,76,0,0,84,10,94,78,2,80,174
04/11/2002,HUT,KS,ACE,CE,Federal Contract Tower,0,0,21,2,23,0,0,45,0,45,0,0,66,2,68,47,2,49,117
04/12/2002,HUT,KS,ACE,CE,Federal Contract Tower,0,0,18,0,18,0,0,61,0,61,0,0,79,0,79,90,0,90,169
04/13/2002,HUT,KS,ACE,CE,Federal Contract Tower,0,2,23,0,25,0,0,3,0,3,0,2,26,0,28,22,0,22,50
04/14/2002,HUT,KS,ACE,CE,Federal Contract Tower,0,2,12,4,18,0,0,79,12,91,0,2,91,16,109,58,10,68,177
04/15/2002,HUT,KS,ACE,CE,Federal Contract Tower,0,2,11,10,23,0,0,13,0,13,0,2,24,10,36,84,44,128,164
04/16/2002,HUT,KS,ACE,CE,Federal Contract Tower,0,0,16,2,18,0,0,6,0,6,0,0,22,2,24,18,0,18,42
04/17/2002,HUT,KS,ACE,CE,Federal Contract Tower,0,0,23,14,37,0,0,55,14,69,0,0,78,28,106,60,44,104,210
04/18/2002,HUT,KS,ACE,CE,Federal Contract Tower,0,0,21,12,33,0,0,50,8,58,0,0,71,20,91,34,32,66,157
04/19/2002,HUT,KS,ACE,CE,Federal Contract Tower,0,2,51,24,77,0,0,33,0,33,0,2,84,24,110,72,46,118,228
04/20/2002,HUT,KS,ACE,CE,Federal Contract Tower,0,0,17,0,17,0,0,25,4,29,0,0,42,4,46,12,0,12,58
04/21/2002,HUT,KS,ACE,CE,Federal Contract Tower,0,0,17,0,17,0,0,50,0,50,0,0,67,0,67,34,0,34,101
04/22/2002,HUT,KS,ACE,CE,Federal Contract Tower,0,2,26,18,46,0,2,95,0,97,0,4,121,18,143,88,58,146,289
04/23/2002,HUT,KS,ACE,CE,Federal Contract Tower,0,0,42,22,64,0,0,23,4,27,0,0,65,26,91,58,30,88,179
04/24/2002,HUT,KS,ACE,CE,Federal Contract Tower,0,0,13,19,32,0,0,38,0,38,0,0,51,19,70,33,26,59,129
04/25/2002,HUT,KS,ACE,CE,Federal Contract Tower,0,0,31,16,47,0,0,154,26,180,0,0,185,42,227,112,70,182,409
04/26/2002,HUT,KS,ACE,CE,Federal Contract Tower,0,0,29,4,33,0,0,2,10,12,0,0,31,14,45,18,10,28,73
04/27/2002,HUT,KS,ACE,CE,Federal Contract Tower,0,2,4,0,6,0,0,16,0,16,0,2,20,0,22,10,0,10,32
04/28/2002,HUT,KS,ACE,CE,Federal Contract Tower,0,0,13,0,13,0,0,92,0,92,0,0,105,0,105,134,0,134,239
04/29/2002,HUT,KS,ACE,CE,Federal Contract Tower,0,6,11,18,35,0,0,90,0,90,0,6,101,18,125,152,70,222,347
04/30/2002,HUT,KS,ACE,CE,Federal Contract Tower,0,3,36,16,55,0,0,21,0,21,0,3,57,16,76,58,74,132,208
05/01/2002,HUT,KS,ACE,CE,Federal Contract Tower,0,0,32,5,37,0,0,0,0,0,0,0,32,5,37,24,10,34,71
05/02/2002,HUT,KS,ACE,CE,Federal Contract Tower,0,0,9,24,33,0,3,67,0,70,0,3,76,24,103,174,104,278,381
05/03/2002,HUT,KS,ACE,CE,Federal Contract Tower,0,0,24,6,30,0,10,85,9,104,0,10,109,15,134,82,18,100,234
05/04/2002,HUT,KS,ACE,CE,Federal Contract Tower,0,0,23,0,23,0,0,52,0,52,0,0,75,0,75,40,0,40,115
05/05/2002,HUT,KS,ACE,CE,Federal Contract Tower,0,0,11,6,17,0,0,23,0,23,0,0,34,6,40,10,0,10,50
05/06/2002,HUT,KS,ACE,CE,Federal Contract Tower,0,2,16,7,25,0,0,48,6,54,0,2,64,13,79,42,16,58,137
05/07/2002,HUT,KS,ACE,CE,Federal Contract Tower,0,1,14,8,23,0,0,32,8,40,0,1,46,16,63,34,16,50,113
05/08/2002,HUT,KS,ACE,CE,Federal Contract Tower,0,1,20,6,27,0,0,48,2,50,0,1,68,8,77,42,6,48,125
05/09/2002,HUT,KS,ACE,CE,Federal Contract Tower,0,0,18,20,38,0,0,110,17,127,0,0,128,37,165,119,44,163,328
05/10/2002,HUT,KS,ACE,CE,Federal Contract Tower,0,2,45,14,61,0,0,99,9,108,0,2,144,23,169,116,12,128,297
05/11/2002,HUT,KS,ACE,CE,Federal Contract Tower,0,0,11,0,11,0,0,1,0,1,0,0,12,0,12,16,0,16,28
05/12/2002,HUT,KS,ACE,CE,Federal Contract Tower,0,2,19,0,21,0,0,5,2,7,0,2,24,2,28,10,0,10,38
05/13/2002,HUT,KS,ACE,CE,Federal Contract Tower,0,2,14,20,36,0,0,108,0,108,0,2,122,20,144,154,44,198,342
05/14/2002,HUT,KS,ACE,CE,Federal Contract Tower,0,1,12,19,32,0,2,150,1,153,0,3,162,20,185,177,70,247,432
05/15/2002,HUT,KS,ACE,CE,Federal Contract Tower,0,3,5,12,20,0,5,60,2,67,0,8,65,14,87,58,14,72,159
05/16/2002,HUT,KS,ACE,CE,Federal Contract Tower,0,2,33,12,47,0,0,41,2,43,0,2,74,14,90,82,20,102,192
05/17/2002,HUT,KS,ACE,CE,Federal Contract Tower,0,2,19,4,25,0,2,62,0,64,0,4,81,4,89,54,2,56,145
05/18/2002,HUT,KS,ACE,CE,Federal Contract Tower,0,0,4,0,4,0,0,155,4,159,0,0,159,4,163,130,0,130,293
05/19/2002,HUT,KS,ACE,CE,Federal Contract Tower,0,0,6,2,8,0,0,87,2,89,0,0,93,4,97,98,18,116,213
05/20/2002,HUT,KS,ACE,CE,Federal Contract Tower,0,2,19,10,31,0,0,123,2,125,0,2,142,12,156,120,14,134,290
05/21/2002,HUT,KS,ACE,CE,Federal Contract Tower,0,2,21,2,25,0,0,109,0,109,0,2,130,2,134,94,40,134,268
05/22/2002,HUT,KS,ACE,CE,Federal Contract Tower,0,0,29,2,31,0,0,56,6,62,0,0,85,8,93,46,10,56,149
05/23/2002,HUT,KS,ACE,CE,Federal Contract Tower,0,0,39,0,39,0,0,36,0,36,0,0,75,0,75,68,0,68,143
05/24/2002,HUT,KS,ACE,CE,Federal Contract Tower,0,0,20,0,20,0,0,13,0,13,0,0,33,0,33,49,0,49,82
05/25/2002,HUT,KS,ACE,CE,Federal Contract Tower,0,0,9,0,9,0,0,97,0,97,0,0,106,0,106,98,0,98,204
05/26/2002,HUT,KS,ACE,CE,Federal Contract Tower,0,0,3,0,3,0,0,88,0,88,0,0,91,0,91,99,0,99,190
05/27/2002,HUT,KS,ACE,CE,Federal Contract Tower,0,0,6,0,6,0,0,39,0,39,0,0,45,0,45,25,0,25,70
05/28/2002,HUT,KS,ACE,CE,Federal Contract Tower,0,1,6,11,18,0,0,23,1,24,0,1,29,12,42,58,12,70,112
05/29/2002,HUT,KS,ACE,CE,Federal Contract Tower,0,1,13,2,16,0,0,87,0,87,0,1,100,2,103,168,0,168,271
05/30/2002,HUT,KS,ACE,CE,Federal Contract Tower,0,0,10,20,30,0,0,54,8,62,0,0,64,28,92,154,60,214,306
05/31/2002,HUT,KS,ACE,CE,Federal Contract Tower,0,0,24,0,24,0,0,55,0,55,0,0,79,0,79,106,0,106,185
06/01/2002,HUT,KS,ACE,CE,Federal Contract Tower,0,0,5,0,5,0,2,83,0,85,0,2,88,0,90,54,0,54,144
06/02/2002,HUT,KS,ACE,CE,Federal Contract Tower,0,4,12,0,16,0,0,47,0,47,0,4,59,0,63,24,0,24,87
06/03/2002,HUT,KS,ACE,CE,Federal Contract Tower,0,2,16,5,23,0,0,68,7,75,0,2,84,12,98,60,14,74,172
06/04/2002,HUT,KS,ACE,CE,Federal Contract Tower,0,0,16,0,16,0,0,0,0,0,0,0,16,0,16,10,0,10,26
06/05/2002,HUT,KS,ACE,CE,Federal Contract Tower,0,0,31,14,45,0,0,90,6,96,0,0,121,20,141,92,50,142,283
06/06/2002,HUT,KS,ACE,CE,Federal Contract Tower,0,2,15,16,33,0,0,53,4,57,0,2,68,20,90,32,20,52,142
06/07/2002,HUT,KS,ACE,CE,Federal Contract Tower,0,4,11,2,17,0,0,63,0,63,0,4,74,2,80,40,0,40,120
06/08/2002,HUT,KS,ACE,CE,Federal Contract Tower,0,0,2,0,2,0,0,29,0,29,0,0,31,0,31,64,0,64,95
06/09/2002,HUT,KS,ACE,CE,Federal Contract Tower,0,2,26,0,28,0,0,28,0,28,0,2,54,0,56,64,0,64,120
06/10/2002,HUT,KS,ACE,CE,Federal Contract Tower,0,2,12,4,18,0,0,39,0,39,0,2,51,4,57,34,4,38,95
06/11/2002,HUT,KS,ACE,CE,Federal Contract Tower,0,0,17,0,17,0,0,66,0,66,0,0,83,0,83,91,0,91,174
06/12/2002,HUT,KS,ACE,CE,Federal Contract Tower,0,0,26,7,33,0,0,38,1,39,0,0,64,8,72,77,13,90,162
06/13/2002,HUT,KS,ACE,CE,Federal Contract Tower,0,1,47,15,63,0,0,23,1,24,0,1,70,16,87,174,18,192,279
06/14/2002,HUT,KS,ACE,CE,Federal Contract Tower,0,0,21,16,37,0,12,115,0,127,0,12,136,16,164,154,56,210,374
06/15/2002,HUT,KS,ACE,CE,Federal Contract Tower,0,0,6,0,6,0,0,52,0,52,0,0,58,0,58,17,0,17,75
06/16/2002,HUT,KS,ACE,CE,Federal Contract Tower,0,0,9,0,9,0,0,77,0,77,0,0,86,0,86,138,0,138,224
06/17/2002,HUT,KS,ACE,CE,Federal Contract Tower,0,3,14,6,23,0,0,61,8,69,0,3,75,14,92,86,12,98,190
06/18/2002,HUT,KS,ACE,CE,Federal Contract Tower,0,1,14,24,39,0,18,54,10,82,0,19,68,34,121,42,60,102,223
06/19/2002,HUT,KS,ACE,CE,Federal Contract Tower,0,0,9,10,19,0,0,26,0,26,0,0,35,10,45,20,28,48,93
06/20/2002,HUT,KS,ACE,CE,Federal Contract Tower,0,4,18,0,22,0,4,57,0,61,0,8,75,0,83,78,0,78,161
06/21/2002,HUT,KS,ACE,CE,Federal Contract Tower,0,2,36,4,42,0,3,66,12,81,0,5,102,16,123,112,18,130,253
06/22/2002,HUT,KS,ACE,CE,Federal Contract Tower,0,2,23,0,25,0,0,55,0,55,0,2,78,0,80,77,0,77,157
06/23/2002,HUT,KS,ACE,CE,Federal Contract Tower,0,1,12,0,13,0,0,49,0,49,0,1,61,0,62,48,0,48,110
06/24/2002,HUT,KS,ACE,CE,Federal Contract Tower,0,2,10,2,14,0,0,49,8,57,0,2,59,10,71,44,10,54,125
06/25/2002,HUT,KS,ACE,CE,Federal Contract Tower,0,0,13,42,55,0,0,73,5,78,0,0,86,47,133,64,85,149,282
06/26/2002,HUT,KS,ACE,CE,Federal Contract Tower,0,10,30,14,54,0,9,55,19,83,0,19,85,33,137,72,44,116,253
06/27/2002,HUT,KS,ACE,CE,Federal Contract Tower,0,0,12,11,23,0,0,27,0,27,0,0,39,11,50,54,24,78,128
06/28/2002,HUT,KS,ACE,CE,Federal Contract Tower,0,0,25,24,49,0,2,43,0,45,0,2,68,24,94,123,44,167,261
06/29/2002,HUT,KS,ACE,CE,Federal Contract Tower,0,0,16,0,16,0,2,41,0,43,0,2,57,0,59,86,0,86,145
06/30/2002,HUT,KS,ACE,CE,Federal Contract Tower,0,4,21,0,25,0,2,19,0,21,0,6,40,0,46,68,0,68,114
07/01/2002,HUT,KS,ACE,CE,Federal Contract Tower,0,8,22,14,44,0,0,31,0,31,0,8,53,14,75,38,20,58,133
07/02/2002,HUT,KS,ACE,CE,Federal Contract Tower,0,2,16,4,22,0,0,29,0,29,0,2,45,4,51,12,2,14,65
07/03/2002,HUT,KS,ACE,CE,Federal Contract Tower,0,4,23,34,61,0,14,135,0,149,0,18,158,34,210,126,52,178,388
07/04/2002,HUT,KS,ACE,CE,Federal Contract Tower,0,1,12,0,13,0,0,34,0,34,0,1,46,0,47,90,0,90,137
07/05/2002,HUT,KS,ACE,CE,Federal Contract Tower,0,0,26,0,26,0,0,82,0,82,0,0,108,0,108,42,0,42,150
07/06/2002,HUT,KS,ACE,CE,Federal Contract Tower,0,2,18,0,20,0,12,103,0,115,0,14,121,0,135,102,0,102,237
07/07/2002,HUT,KS,ACE,CE,Federal Contract Tower,0,12,22,0,34,0,24,80,0,104,0,36,102,0,138,78,0,78,216
07/08/2002,HUT,KS,ACE,CE,Federal Contract Tower,0,4,38,15,57,0,0,21,0,21,0,4,59,15,78,90,34,124,202
07/09/2002,HUT,KS,ACE,CE,Federal Contract Tower,0,0,13,17,30,0,0,41,0,41,0,0,54,17,71,72,35,107,178
07/10/2002,HUT,KS,ACE,CE,Federal Contract Tower,0,0,7,4,11,0,0,55,0,55,0,0,62,4,66,59,12,71,137
07/11/2002,HUT,KS,ACE,CE,Federal Contract Tower,0,2,41,13,56,0,11,40,19,70,0,13,81,32,126,77,42,119,245
07/12/2002,HUT,KS,ACE,CE,Federal Contract Tower,0,0,28,17,45,0,14,58,3,75,0,14,86,20,120,56,34,90,210
07/13/2002,HUT,KS,ACE,CE,Federal Contract Tower,0,0,14,0,14,0,4,48,0,52,0,4,62,0,66,94,0,94,160
07/14/2002,HUT,KS,ACE,CE,Federal Contract Tower,0,0,7,0,7,0,0,76,0,76,0,0,83,0,83,76,0,76,159
07/15/2002,HUT,KS,ACE,CE,Federal Contract Tower,0,2,9,71,82,0,0,86,9,95,0,2,95,80,177,124,148,272,449
07/16/2002,HUT,KS,ACE,CE,Federal Contract Tower,0,0,4,51,55,0,0,64,0,64,0,0,68,51,119,72,124,196,315
07/17/2002,HUT,KS,ACE,CE,Federal Contract Tower,0,2,39,56,97,0,0,90,0,90,0,2,129,56,187,86,146,232,419
07/18/2002,HUT,KS,ACE,CE,Federal Contract Tower,0,0,16,20,36,0,0,71,0,71,0,0,87,20,107,60,64,124,231
07/19/2002,HUT,KS,ACE,CE,Federal Contract Tower,0,0,7,21,28,0,0,71,0,71,0,0,78,21,99,62,46,108,207
07/20/2002,HUT,KS,ACE,CE,Federal Contract Tower,0,0,12,0,12,0,0,107,2,109,0,0,119,2,121,56,0,56,177
07/21/2002,HUT,KS,ACE,CE,Federal Contract Tower,0,0,11,0,11,0,0,45,0,45,0,0,56,0,56,46,0,46,102
07/22/2002,HUT,KS,ACE,CE,Federal Contract Tower,0,2,27,4,33,0,0,67,13,80,0,2,94,17,113,102,20,122,235
07/23/2002,HUT,KS,ACE,CE,Federal Contract Tower,0,2,18,25,45,0,4,62,27,93,0,6,80,52,138,106,78,184,322
07/24/2002,HUT,KS,ACE,CE,Federal Contract Tower,0,2,10,12,24,0,0,74,7,81,0,2,84,19,105,46,16,62,167
07/25/2002,HUT,KS,ACE,CE,Federal Contract Tower,0,0,20,16,36,0,0,61,6,67,0,0,81,22,103,60,25,85,188
07/26/2002,HUT,KS,ACE,CE,Federal Contract Tower,0,0,7,2,9,0,0,57,0,57,0,0,64,2,66,24,10,34,100
07/27/2002,HUT,KS,ACE,CE,Federal Contract Tower,0,0,6,0,6,0,2,36,0,38,0,2,42,0,44,68,0,68,112
07/28/2002,HUT,KS,ACE,CE,Federal Contract Tower,0,0,10,2,12,0,0,38,0,38,0,0,48,2,50,89,6,95,145
07/29/2002,HUT,KS,ACE,CE,Federal Contract Tower,0,5,7,34,46,0,1,71,0,72,0,6,78,34,118,60,34,94,212
07/30/2002,HUT,KS,ACE,CE,Federal Contract Tower,0,1,9,30,40,0,0,67,0,67,0,1,76,30,107,108,54,162,269
07/31/2002,HUT,KS,ACE,CE,Federal Contract Tower,0,1,14,14,29,0,0,68,0,68,0,1,82,14,97,64,32,96,193
08/01/2002,HUT,KS,ACE,CE,Federal Contract Tower,0,3,14,8,25,0,0,48,0,48,0,3,62,8,73,86,22,108,181
08/02/2002,HUT,KS,ACE,CE,Federal Contract Tower,0,3,16,6,25,0,0,67,2,69,0,3,83,8,94,68,14,82,176
08/03/2002,HUT,KS,ACE,CE,Federal Contract Tower,0,1,6,0,7,0,0,30,0,30,0,1,36,0,37,72,0,72,109
08/04/2002,HUT,KS,ACE,CE,Federal Contract Tower,0,0,3,0,3,0,0,29,0,29,0,0,32,0,32,84,0,84,116
08/05/2002,HUT,KS,ACE,CE,Federal Contract Tower,0,2,9,18,29,0,0,46,0,46,0,2,55,18,75,44,18,62,137
08/06/2002,HUT,KS,ACE,CE,Federal Contract Tower,0,2,7,28,37,0,6,91,0,97,0,8,98,28,134,92,39,131,265
08/07/2002,HUT,KS,ACE,CE,Federal Contract Tower,0,0,31,20,51,0,0,51,0,51,0,0,82,20,102,87,37,124,226
08/08/2002,HUT,KS,ACE,CE,Federal Contract Tower,0,0,18,37,55,0,0,71,0,71,0,0,89,37,126,103,56,159,285
08/09/2002,HUT,KS,ACE,CE,Federal Contract Tower,0,0,26,0,26,0,0,6,0,6,0,0,32,0,32,25,0,25,57
08/10/2002,HUT,KS,ACE,CE,Federal Contract Tower,0,2,2,0,4,0,0,57,0,57,0,2,59,0,61,83,0,83,144
08/11/2002,HUT,KS,ACE,CE,Federal Contract Tower,0,0,7,0,7,0,0,56,0,56,0,0,63,0,63,94,0,94,157
08/12/2002,HUT,KS,ACE,CE,Federal Contract Tower,0,2,9,0,11,0,0,33,2,35,0,2,42,2,46,38,0,38,84
08/13/2002,HUT,KS,ACE,CE,Federal Contract Tower,0,0,16,0,16,0,0,57,0,57,0,0,73,0,73,68,0,68,141
08/14/2002,HUT,KS,ACE,CE,Federal Contract Tower,0,0,11,16,27,0,0,82,0,82,0,0,93,16,109,68,24,92,201
08/15/2002,HUT,KS,ACE,CE,Federal Contract Tower,0,0,53,10,63,0,0,28,0,28,0,0,81,10,91,106,10,116,207
08/16/2002,HUT,KS,ACE,CE,Federal Contract Tower,0,0,36,10,46,0,0,0,8,8,0,0,36,18,54,82,28,110,164
08/17/2002,HUT,KS,ACE,CE,Federal Contract Tower,0,0,6,0,6,0,2,42,2,46,0,2,48,2,52,22,0,22,74
08/18/2002,HUT,KS,ACE,CE,Federal Contract Tower,0,0,14,2,16,0,0,44,0,44,0,0,58,2,60,76,0,76,136
08/19/2002,HUT,KS,ACE,CE,Federal Contract Tower,0,2,18,14,34,0,0,70,4,74,0,2,88,18,108,74,46,120,228
08/20/2002,HUT,KS,ACE,CE,Federal Contract Tower,0,0,18,12,30,0,0,69,0,69,0,0,87,12,99,124,70,194,293
08/21/2002,HUT,KS,ACE,CE,Federal Contract Tower,0,0,10,2,12,0,0,65,1,66,0,0,75,3,78,104,0,104,182
08/22/2002,HUT,KS,ACE,CE,Federal Contract Tower,0,0,31,4,35,0,0,71,0,71,0,0,102,4,106,124,4,128,234
08/23/2002,HUT,KS,ACE,CE,Federal Contract Tower,0,2,10,10,22,0,0,105,22,127,0,2,115,32,149,122,40,162,311
08/24/2002,HUT,KS,ACE,CE,Federal Contract Tower,0,0,7,0,7,0,0,20,0,20,0,0,27,0,27,42,0,42,69
08/25/2002,HUT,KS,ACE,CE,Federal Contract Tower,0,0,6,2,8,0,0,48,0,48,0,0,54,2,56,39,4,43,99
08/26/2002,HUT,KS,ACE,CE,Federal Contract Tower,0,2,17,14,33,0,0,80,0,80,0,2,97,14,113,136,48,184,297
08/27/2002,HUT,KS,ACE,CE,Federal Contract Tower,0,0,18,20,38,0,0,97,0,97,0,0,115,20,135,150,62,212,347
08/28/2002,HUT,KS,ACE,CE,Federal Contract Tower,0,2,27,4,33,0,0,55,0,55,0,2,82,4,88,78,20,98,186
08/29/2002,HUT,KS,ACE,CE,Federal Contract Tower,0,0,9,6,15,0,0,76,0,76,0,0,85,6,91,64,10,74,165
08/30/2002,HUT,KS,ACE,CE,Federal Contract Tower,0,0,42,48,90,0,0,104,8,112,0,0,146,56,202,132,98,230,432
08/31/2002,HUT,KS,ACE,CE,Federal Contract Tower,0,0,8,0,8,0,0,32,0,32,0,0,40,0,40,18,0,18,58
09/01/2002,HUT,KS,ACE,CE,Federal Contract Tower,0,0,5,0,5,0,2,42,0,44,0,2,47,0,49,82,0,82,131
09/02/2002,HUT,KS,ACE,CE,Federal Contract Tower,0,2,12,0,14,0,2,33,0,35,0,4,45,0,49,138,0,138,187
09/03/2002,HUT,KS,ACE,CE,Federal Contract Tower,0,2,15,18,35,0,0,47,0,47,0,2,62,18,82,112,30,142,224
09/04/2002,HUT,KS,ACE,CE,Federal Contract Tower,0,0,17,24,41,0,0,27,0,27,0,0,44,24,68,92,28,120,188
09/05/2002,HUT,KS,ACE,CE,Federal Contract Tower,0,2,13,20,35,0,0,66,0,66,0,2,79,20,101,96,48,144,245
09/06/2002,HUT,KS,ACE,CE,Federal Contract Tower,0,0,18,25,43,0,0,69,0,69,0,0,87,25,112,66,36,102,214
09/07/2002,HUT,KS,ACE,CE,Federal Contract Tower,0,2,11,0,13,0,0,33,0,33,0,2,44,0,46,23,0,23,69
09/08/2002,HUT,KS,ACE,CE,Federal Contract Tower,0,0,8,0,8,0,0,30,0,30,0,0,38,0,38,20,0,20,58
09/09/2002,HUT,KS,ACE,CE,Federal Contract Tower,0,4,16,31,51,0,0,41,0,41,0,4,57,31,92,64,46,110,202
09/10/2002,HUT,KS,ACE,CE,Federal Contract Tower,0,0,12,6,18,0,0,71,0,71,0,0,83,6,89,74,26,100,189
09/11/2002,HUT,KS,ACE,CE,Federal Contract Tower,0,0,30,10,40,0,0,45,0,45,0,0,75,10,85,64,20,84,169
09/12/2002,HUT,KS,ACE,CE,Federal Contract Tower,0,5,30,6,41,0,0,38,0,38,0,5,68,6,79,40,8,48,127
09/13/2002,HUT,KS,ACE,CE,Federal Contract Tower,0,1,15,0,16,0,0,28,2,30,0,1,43,2,46,20,0,20,66
09/14/2002,HUT,KS,ACE,CE,Federal Contract Tower,0,0,28,0,28,0,0,19,0,19,0,0,47,0,47,30,0,30,77
09/15/2002,HUT,KS,ACE,CE,Federal Contract Tower,0,0,3,2,5,0,0,29,0,29,0,0,32,2,34,68,2,70,104
09/16/2002,HUT,KS,ACE,CE,Federal Contract Tower,0,2,6,18,26,0,2,42,0,44,0,4,48,18,70,102,98,200,270
09/17/2002,HUT,KS,ACE,CE,Federal Contract Tower,0,0,12,14,26,0,0,34,0,34,0,0,46,14,60,58,80,138,198
09/18/2002,HUT,KS,ACE,CE,Federal Contract Tower,0,3,15,0,18,0,0,47,0,47,0,3,62,0,65,54,0,54,119
09/19/2002,HUT,KS,ACE,CE,Federal Contract Tower,0,3,24,4,31,0,0,10,0,10,0,3,34,4,41,26,0,26,67
09/20/2002,HUT,KS,ACE,CE,Federal Contract Tower,0,0,26,29,55,0,0,60,0,60,0,0,86,29,115,64,61,125,240
09/21/2002,HUT,KS,ACE,CE,Federal Contract Tower,0,2,12,0,14,0,0,151,0,151,0,2,163,0,165,92,0,92,257
09/22/2002,HUT,KS,ACE,CE,Federal Contract Tower,0,2,10,0,12,0,0,60,0,60,0,2,70,0,72,81,0,81,153
09/23/2002,HUT,KS,ACE,CE,Federal Contract Tower,0,2,17,21,40,0,0,71,0,71,0,2,88,21,111,78,49,127,238
09/24/2002,HUT,KS,ACE,CE,Federal Contract Tower,0,0,10,26,36,0,0,80,0,80,0,0,90,26,116,90,41,131,247
09/25/2002,HUT,KS,ACE,CE,Federal Contract Tower,0,0,18,8,26,0,0,21,0,21,0,0,39,8,47,50,42,92,139
09/26/2002,HUT,KS,ACE,CE,Federal Contract Tower,0,2,16,0,18,0,0,42,0,42,0,2,58,0,60,46,0,46,106
09/27/2002,HUT,KS,ACE,CE,Federal Contract Tower,0,2,29,0,31,0,16,64,12,92,0,18,93,12,123,72,18,90,213
09/28/2002,HUT,KS,ACE,CE,Federal Contract Tower,0,0,10,0,10,0,0,49,0,49,0,0,59,0,59,24,0,24,83
09/29/2002,HUT,KS,ACE,CE,Federal Contract Tower,0,0,6,0,6,0,0,70,0,70,0,0,76,0,76,34,0,34,110
09/30/2002,HUT,KS,ACE,CE,Federal Contract Tower,0,3,14,0,17,0,0,51,0,51,0,3,65,0,68,44,0,44,112
10/01/2002,HUT,KS,ACE,CE,Federal Contract Tower,0,1,21,18,40,0,2,91,12,105,0,3,112,30,145,88,22,110,255
10/02/2002,HUT,KS,ACE,CE,Federal Contract Tower,0,0,29,0,29,0,0,23,2,25,0,0,52,2,54,24,0,24,78
10/03/2002,HUT,KS,ACE,CE,Federal Contract Tower,0,0,24,2,26,0,0,0,0,0,0,0,24,2,26,48,4,52,78
10/04/2002,HUT,KS,ACE,CE,Federal Contract Tower,0,0,27,4,31,0,6,79,24,109,0,6,106,28,140,132,30,162,302
10/05/2002,HUT,KS,ACE,CE,Federal Contract Tower,0,0,17,0,17,0,0,91,0,91,0,0,108,0,108,95,0,95,203
10/06/2002,HUT,KS,ACE,CE,Federal Contract Tower,0,0,10,0,10,0,0,62,0,62,0,0,72,0,72,40,0,40,112
10/07/2002,HUT,KS,ACE,CE,Federal Contract Tower,0,0,12,51,63,0,0,113,16,129,0,0,125,67,192,107,95,202,394
10/08/2002,HUT,KS,ACE,CE,Federal Contract Tower,0,0,27,40,67,0,0,40,0,40,0,0,67,40,107,63,71,134,241
10/09/2002,HUT,KS,ACE,CE,Federal Contract Tower,0,2,30,38,70,0,0,51,35,86,0,2,81,73,156,68,131,199,355
10/10/2002,HUT,KS,ACE,CE,Federal Contract Tower,0,3,21,42,66,0,1,82,0,83,0,4,103,42,149,90,98,188,337
10/11/2002,HUT,KS,ACE,CE,Federal Contract Tower,0,0,42,34,76,0,0,53,0,53,0,0,95,34,129,76,80,156,285
10/12/2002,HUT,KS,ACE,CE,Federal Contract Tower,0,0,9,0,9,0,0,27,0,27,0,0,36,0,36,12,0,12,48
10/13/2002,HUT,KS,ACE,CE,Federal Contract Tower,0,0,4,0,4,0,0,77,4,81,0,0,81,4,85,42,0,42,127
10/14/2002,HUT,KS,ACE,CE,Federal Contract Tower,0,0,10,0,10,0,0,87,0,87,0,0,97,0,97,80,0,80,177
10/15/2002,HUT,KS,ACE,CE,Federal Contract Tower,0,2,16,16,34,0,6,43,6,55,0,8,59,22,89,84,30,114,203
10/16/2002,HUT,KS,ACE,CE,Federal Contract Tower,0,0,32,6,38,0,2,50,16,68,0,2,82,22,106,114,30,144,250
10/17/2002,HUT,KS,ACE,CE,Federal Contract Tower,0,0,11,18,29,0,0,89,8,97,0,0,100,26,126,228,22,250,376
10/18/2002,HUT,KS,ACE,CE,Federal Contract Tower,0,2,15,38,55,0,0,35,0,35,0,2,50,38,90,156,52,208,298
10/19/2002,HUT,KS,ACE,CE,Federal Contract Tower,0,0,15,0,15,0,0,59,0,59,0,0,74,0,74,52,0,52,126
10/20/2002,HUT,KS,ACE,CE,Federal Contract Tower,0,0,13,0,13,0,0,99,0,99,0,0,112,0,112,137,0,137,249
10/21/2002,HUT,KS,ACE,CE,Federal Contract Tower,0,2,22,20,44,0,0,59,6,65,0,2,81,26,109,70,32,102,211
10/22/2002,HUT,KS,ACE,CE,Federal Contract Tower,0,0,40,0,40,0,9,25,19,53,0,9,65,19,93,44,28,72,165
10/23/2002,HUT,KS,ACE,CE,Federal Contract Tower,0,0,11,2,13,0,0,0,0,0,0,0,11,2,13,2,2,4,17
10/24/2002,HUT,KS,ACE,CE,Federal Contract Tower,0,0,12,0,12,0,0,0,0,0,0,0,12,0,12,8,0,8,20
10/25/2002,HUT,KS,ACE,CE,Federal Contract Tower,0,0,29,40,69,0,0,64,0,64,0,0,93,40,133,28,52,80,213
10/26/2002,HUT,KS,ACE,CE,Federal Contract Tower,0,0,28,0,28,0,0,37,0,37,0,0,65,0,65,70,0,70,135
10/27/2002,HUT,KS,ACE,CE,Federal Contract Tower,0,0,15,4,19,0,0,0,0,0,0,0,15,4,19,12,0,12,31
10/28/2002,HUT,KS,ACE,CE,Federal Contract Tower,0,2,37,0,39,0,0,1,0,1,0,2,38,0,40,34,0,34,74
10/29/2002,HUT,KS,ACE,CE,Federal Contract Tower,0,0,64,6,70,0,0,19,10,29,0,0,83,16,99,50,12,62,161
10/30/2002,HUT,KS,ACE,CE,Federal Contract Tower,0,4,18,16,38,0,2,0,0,2,0,6,18,16,40,56,8,64,104
10/31/2002,HUT,KS,ACE,CE,Federal Contract Tower,0,0,5,10,15,0,0,0,0,0,0,0,5,10,15,24,10,34,49
11/01/2002,HUT,KS,ACE,CE,Federal Contract Tower,0,0,46,0,46,0,0,32,0,32,0,0,78,0,78,126,0,126,204
11/02/2002,HUT,KS,ACE,CE,Federal Contract Tower,0,1,10,0,11,0,1,0,0,1,0,2,10,0,12,18,0,18,30
11/03/2002,HUT,KS,ACE,CE,Federal Contract Tower,0,0,12,0,12,0,2,33,0,35,0,2,45,0,47,92,0,92,139
11/04/2002,HUT,KS,ACE,CE,Federal Contract Tower,0,2,8,20,30,0,0,123,32,155,0,2,131,52,185,155,44,199,384
11/05/2002,HUT,KS,ACE,CE,Federal Contract Tower,0,2,30,22,54,0,5,72,8,85,0,7,102,30,139,100,35,135,274
11/06/2002,HUT,KS,ACE,CE,Federal Contract Tower,0,2,22,32,56,0,0,104,18,122,0,2,126,50,178,131,101,232,410
11/07/2002,HUT,KS,ACE,CE,Federal Contract Tower,0,2,24,0,26,0,0,81,0,81,0,2,105,0,107,151,0,151,258
11/08/2002,HUT,KS,ACE,CE,Federal Contract Tower,0,2,14,27,43,0,8,118,19,145,0,10,132,46,188,162,86,248,436
11/09/2002,HUT,KS,ACE,CE,Federal Contract Tower,0,0,2,0,2,0,0,46,0,46,0,0,48,0,48,104,0,104,152
11/10/2002,HUT,KS,ACE,CE,Federal Contract Tower,0,2,8,0,10,0,0,40,0,40,0,2,48,0,50,116,0,116,166
11/11/2002,HUT,KS,ACE,CE,Federal Contract Tower,0,0,13,0,13,0,8,29,0,37,0,8,42,0,50,86,0,86,136
11/12/2002,HUT,KS,ACE,CE,Federal Contract Tower,0,2,9,24,35,0,0,75,4,79,0,2,84,28,114,81,57,138,252
11/13/2002,HUT,KS,ACE,CE,Federal Contract Tower,0,0,15,5,20,0,0,37,4,41,0,0,52,9,61,114,36,150,211
11/14/2002,HUT,KS,ACE,CE,Federal Contract Tower,0,0,23,4,27,0,0,15,2,17,0,0,38,6,44,30,14,44,88
11/15/2002,HUT,KS,ACE,CE,Federal Contract Tower,0,3,28,11,42,0,0,34,21,55,0,3,62,32,97,80,52,132,229
11/16/2002,HUT,KS,ACE,CE,Federal Contract Tower,0,2,8,3,13,0,0,160,9,169,0,2,168,12,182,140,22,162,344
11/17/2002,HUT,KS,ACE,CE,Federal Contract Tower,0,2,2,0,4,0,0,65,0,65,0,2,67,0,69,166,0,166,235
11/18/2002,HUT,KS,ACE,CE,Federal Contract Tower,0,2,12,12,26,0,0,59,12,71,0,2,71,24,97,24,31,55,152
11/19/2002,HUT,KS,ACE,CE,Federal Contract Tower,0,0,5,33,38,0,0,101,12,113,0,0,106,45,151,130,77,207,358
11/20/2002,HUT,KS,ACE,CE,Federal Contract Tower,0,0,20,37,57,0,0,81,12,93,0,0,101,49,150,105,73,178,328
11/21/2002,HUT,KS,ACE,CE,Federal Contract Tower,0,4,16,47,67,0,0,77,0,77,0,4,93,47,144,109,108,217,361
11/22/2002,HUT,KS,ACE,CE,Federal Contract Tower,0,0,16,23,39,0,0,84,5,89,0,0,100,28,128,136,68,204,332
11/23/2002,HUT,KS,ACE,CE,Federal Contract Tower,0,0,10,0,10,0,0,44,0,44,0,0,54,0,54,104,0,104,158
11/24/2002,HUT,KS,ACE,CE,Federal Contract Tower,0,0,9,0,9,0,0,1,0,1,0,0,10,0,10,30,0,30,40
11/25/2002,HUT,KS,ACE,CE,Federal Contract Tower,0,2,7,14,23,0,0,66,0,66,0,2,73,14,89,46,36,82,171
11/26/2002,HUT,KS,ACE,CE,Federal Contract Tower,0,0,6,20,26,0,0,41,0,41,0,0,47,20,67,24,46,70,137
11/27/2002,HUT,KS,ACE,CE,Federal Contract Tower,0,3,8,6,17,0,0,28,0,28,0,3,36,6,45,20,8,28,73
11/28/2002,HUT,KS,ACE,CE,Federal Contract Tower,0,1,1,0,2,0,0,27,0,27,0,1,28,0,29,20,0,20,49
11/29/2002,HUT,KS,ACE,CE,Federal Contract Tower,0,2,11,0,13,0,0,35,0,35,0,2,46,0,48,78,0,78,126
11/30/2002,HUT,KS,ACE,CE,Federal Contract Tower,0,0,5,0,5,0,0,47,0,47,0,0,52,0,52,66,0,66,118
12/01/2002,HUT,KS,ACE,CE,Federal Contract Tower,0,0,12,0,12,0,1,55,0,56,0,1,67,0,68,42,0,42,110
12/02/2002,HUT,KS,ACE,CE,Federal Contract Tower,0,4,12,16,32,0,0,62,20,82,0,4,74,36,114,36,64,100,214
12/03/2002,HUT,KS,ACE,CE,Federal Contract Tower,0,0,8,4,12,0,0,39,17,56,0,0,47,21,68,42,38,80,148
12/04/2002,HUT,KS,ACE,CE,Federal Contract Tower,0,2,5,0,7,0,0,11,0,11,0,2,16,0,18,0,0,0,18
12/05/2002,HUT,KS,ACE,CE,Federal Contract Tower,0,0,23,0,23,0,0,25,0,25,0,0,48,0,48,26,0,26,74
12/06/2002,HUT,KS,ACE,CE,Federal Contract Tower,0,2,37,15,54,0,2,27,0,29,0,4,64,15,83,84,38,122,205
12/07/2002,HUT,KS,ACE,CE,Federal Contract Tower,0,0,0,0,0,0,0,14,0,14,0,0,14,0,14,0,0,0,14
12/08/2002,HUT,KS,ACE,CE,Federal Contract Tower,0,2,25,0,27,0,0,16,0,16,0,2,41,0,43,62,0,62,105
12/09/2002,HUT,KS,ACE,CE,Federal Contract Tower,0,2,10,36,48,0,0,99,0,99,0,2,109,36,147,72,92,164,311
12/10/2002,HUT,KS,ACE,CE,Federal Contract Tower,0,1,17,0,18,0,0,0,0,0,0,1,17,0,18,2,0,2,20
12/11/2002,HUT,KS,ACE,CE,Federal Contract Tower,0,0,23,8,31,0,0,0,0,0,0,0,23,8,31,2,8,10,41
12/12/2002,HUT,KS,ACE,CE,Federal Contract Tower,0,0,34,4,38,0,0,0,0,0,0,0,34,4,38,2,10,12,50
12/13/2002,HUT,KS,ACE,CE,Federal Contract Tower,0,1,14,42,57,0,0,66,0,66,0,1,80,42,123,60,72,132,255
12/14/2002,HUT,KS,ACE,CE,Federal Contract Tower,0,2,13,0,15,0,1,40,22,63,0,3,53,22,78,72,30,102,180
12/15/2002,HUT,KS,ACE,CE,Federal Contract Tower,0,1,3,23,27,0,2,39,7,48,0,3,42,30,75,76,86,162,237
12/16/2002,HUT,KS,ACE,CE,Federal Contract Tower,0,2,11,14,27,0,0,93,20,113,0,2,104,34,140,100,60,160,300
12/17/2002,HUT,KS,ACE,CE,Federal Contract Tower,0,1,9,20,30,0,0,58,6,64,0,1,67,26,94,82,74,156,250
12/18/2002,HUT,KS,ACE,CE,Federal Contract Tower,0,1,15,12,28,0,0,66,18,84,0,1,81,30,112,68,52,120,232
12/19/2002,HUT,KS,ACE,CE,Federal Contract Tower,0,0,9,21,30,0,0,58,18,76,0,0,67,39,106,68,62,130,236
12/20/2002,HUT,KS,ACE,CE,Federal Contract Tower,0,0,20,37,57,0,0,62,14,76,0,0,82,51,133,95,83,178,311
12/21/2002,HUT,KS,ACE,CE,Federal Contract Tower,0,0,7,4,11,0,0,88,0,88,0,0,95,4,99,85,6,91,190
12/22/2002,HUT,KS,ACE,CE,Federal Contract Tower,0,0,2,0,2,0,0,49,0,49,0,0,51,0,51,46,0,46,97
12/23/2002,HUT,KS,ACE,CE,Federal Contract Tower,0,2,16,0,18,0,0,8,0,8,0,2,24,0,26,0,0,0,26
12/24/2002,HUT,KS,ACE,CE,Federal Contract Tower,0,0,0,0,0,0,0,4,0,4,0,0,4,0,4,0,0,0,4
12/25/2002,HUT,KS,ACE,CE,Federal Contract Tower,0,1,2,0,3,0,0,14,0,14,0,1,16,0,17,4,0,4,21
12/26/2002,HUT,KS,ACE,CE,Federal Contract Tower,0,4,6,0,10,0,0,7,0,7,0,4,13,0,17,0,0,0,17
12/27/2002,HUT,KS,ACE,CE,Federal Contract Tower,0,3,2,0,5,0,0,28,0,28,0,3,30,0,33,14,0,14,47
12/28/2002,HUT,KS,ACE,CE,Federal Contract Tower,0,0,5,0,5,0,0,58,0,58,0,0,63,0,63,24,0,24,87
12/29/2002,HUT,KS,ACE,CE,Federal Contract Tower,0,0,6,0,6,0,1,42,0,43,0,1,48,0,49,30,0,30,79
12/30/2002,HUT,KS,ACE,CE,Federal Contract Tower,0,3,6,0,9,0,0,24,0,24,0,3,30,0,33,22,0,22,55
12/31/2002,HUT,KS,ACE,CE,Federal Contract Tower,0,0,8,0,8,0,2,42,0,44,0,2,50,0,52,14,0,14,66
01/01/2003,HUT,KS,ACE,CE,Federal Contract Tower,0,0,6,0,6,0,0,6,0,6,0,0,12,0,12,18,0,18,30
01/02/2003,HUT,KS,ACE,CE,Federal Contract Tower,0,0,7,13,20,0,0,33,15,48,0,0,40,28,68,74,52,126,194
01/03/2003,HUT,KS,ACE,CE,Federal Contract Tower,0,2,4,23,29,0,0,70,0,70,0,2,74,23,99,67,73,140,239
01/04/2003,HUT,KS,ACE,CE,Federal Contract Tower,0,2,6,2,10,0,0,98,0,98,0,2,104,2,108,155,4,159,267
01/05/2003,HUT,KS,ACE,CE,Federal Contract Tower,0,0,4,2,6,0,0,34,0,34,0,0,38,2,40,39,2,41,81
01/06/2003,HUT,KS,ACE,CE,Federal Contract Tower,0,6,12,12,30,0,0,28,0,28,0,6,40,12,58,0,10,10,68
01/07/2003,HUT,KS,ACE,CE,Federal Contract Tower,0,0,11,6,17,0,0,88,11,99,0,0,99,17,116,93,16,109,225
01/08/2003,HUT,KS,ACE,CE,Federal Contract Tower,0,0,11,25,36,0,2,87,0,89,0,2,98,25,125,142,82,224,349
01/09/2003,HUT,KS,ACE,CE,Federal Contract Tower,0,6,6,6,18,0,0,51,0,51,0,6,57,6,69,86,42,128,197
01/10/2003,HUT,KS,ACE,CE,Federal Contract Tower,0,0,15,10,25,0,0,58,4,62,0,0,73,14,87,54,36,90,177
01/11/2003,HUT,KS,ACE,CE,Federal Contract Tower,0,0,7,2,9,0,0,54,0,54,0,0,61,2,63,158,0,158,221
01/12/2003,HUT,KS,ACE,CE,Federal Contract Tower,0,0,10,2,12,0,0,32,0,32,0,0,42,2,44,40,26,66,110
01/13/2003,HUT,KS,ACE,CE,Federal Contract Tower,0,8,20,11,39,0,0,70,0,70,0,8,90,11,109,54,44,98,207
01/14/2003,HUT,KS,ACE,CE,Federal Contract Tower,0,1,6,27,34,0,6,52,5,63,0,7,58,32,97,66,72,138,235
01/15/2003,HUT,KS,ACE,CE,Federal Contract Tower,0,3,3,4,10,0,2,27,6,35,0,5,30,10,45,20,46,66,111
01/16/2003,HUT,KS,ACE,CE,Federal Contract Tower,0,3,0,0,3,0,0,0,0,0,0,3,0,0,3,0,0,0,3
01/17/2003,HUT,KS,ACE,CE,Federal Contract Tower,0,0,7,9,16,0,0,40,0,40,0,0,47,9,56,92,24,116,172
01/18/2003,HUT,KS,ACE,CE,Federal Contract Tower,0,0,4,0,4,0,0,101,0,101,0,0,105,0,105,110,0,110,215
01/19/2003,HUT,KS,ACE,CE,Federal Contract Tower,0,2,3,0,5,0,0,47,0,47,0,2,50,0,52,46,0,46,98
01/20/2003,HUT,KS,ACE,CE,Federal Contract Tower,0,2,14,0,16,0,0,52,0,52,0,2,66,0,68,47,0,47,115
01/21/2003,HUT,KS,ACE,CE,Federal Contract Tower,0,2,9,46,57,0,0,96,7,103,0,2,105,53,160,80,75,155,315
01/22/2003,HUT,KS,ACE,CE,Federal Contract Tower,0,0,8,2,10,0,0,2,0,2,0,0,10,2,12,12,4,16,28
01/23/2003,HUT,KS,ACE,CE,Federal Contract Tower,0,0,7,4,11,0,0,30,2,32,0,0,37,6,43,74,2,76,119
01/24/2003,HUT,KS,ACE,CE,Federal Contract Tower,0,0,12,15,27,0,0,90,15,105,0,0,102,30,132,152,60,212,344
01/25/2003,HUT,KS,ACE,CE,Federal Contract Tower,0,2,10,0,12,0,0,47,0,47,0,2,57,0,59,98,0,98,157
01/26/2003,HUT,KS,ACE,CE,Federal Contract Tower,0,0,7,0,7,0,0,44,0,44,0,0,51,0,51,72,0,72,123
01/27/2003,HUT,KS,ACE,CE,Federal Contract Tower,0,2,16,16,34,0,4,71,2,77,0,6,87,18,111,126,52,178,289
01/28/2003,HUT,KS,ACE,CE,Federal Contract Tower,0,2,11,12,25,0,0,38,0,38,0,2,49,12,63,34,20,54,117
01/29/2003,HUT,KS,ACE,CE,Federal Contract Tower,0,0,18,4,22,0,0,2,0,2,0,0,20,4,24,24,8,32,56
01/30/2003,HUT,KS,ACE,CE,Federal Contract Tower,0,0,9,17,26,0,0,49,18,67,0,0,58,35,93,66,40,106,199
01/31/2003,HUT,KS,ACE,CE,Federal Contract Tower,0,2,9,9,20,0,0,53,7,60,0,2,62,16,80,46,38,84,164
02/01/2003,HUT,KS,ACE,CE,Federal Contract Tower,0,0,4,5,9,0,0,63,5,68,0,0,67,10,77,62,16,78,155
02/02/2003,HUT,KS,ACE,CE,Federal Contract Tower,0,2,3,0,5,0,0,43,0,43,0,2,46,0,48,68,0,68,116
02/03/2003,HUT,KS,ACE,CE,Federal Contract Tower,0,2,4,0,6,0,0,0,0,0,0,2,4,0,6,22,0,22,28
02/04/2003,HUT,KS,ACE,CE,Federal Contract Tower,0,0,8,6,14,0,0,93,0,93,0,0,101,6,107,98,34,132,239
02/05/2003,HUT,KS,ACE,CE,Federal Contract Tower,0,0,17,8,25,0,0,32,3,35,0,0,49,11,60,68,15,83,143
02/06/2003,HUT,KS,ACE,CE,Federal Contract Tower,0,0,2,0,2,0,0,0,0,0,0,0,2,0,2,0,0,0,2
02/07/2003,HUT,KS,ACE,CE,Federal Contract Tower,0,0,12,0,12,0,0,55,0,55,0,0,67,0,67,56,0,56,123
02/08/2003,HUT,KS,ACE,CE,Federal Contract Tower,0,0,3,4,7,0,0,72,0,72,0,0,75,4,79,108,18,126,205
02/09/2003,HUT,KS,ACE,CE,Federal Contract Tower,0,0,2,0,2,0,0,1,0,1,0,0,3,0,3,12,0,12,15
02/10/2003,HUT,KS,ACE,CE,Federal Contract Tower,0,2,8,12,22,0,0,90,0,90,0,2,98,12,112,54,26,80,192
02/11/2003,HUT,KS,ACE,CE,Federal Contract Tower,0,0,23,5,28,0,0,98,5,103,0,0,121,10,131,108,18,126,257
02/12/2003,HUT,KS,ACE,CE,Federal Contract Tower,0,0,6,18,24,0,12,70,0,82,0,12,76,18,106,84,60,144,250
02/13/2003,HUT,KS,ACE,CE,Federal Contract Tower,0,0,17,5,22,0,1,21,0,22,0,1,38,5,44,90,20,110,154
02/14/2003,HUT,KS,ACE,CE,Federal Contract Tower,0,6,25,5,36,0,3,21,5,29,0,9,46,10,65,30,24,54,119
02/15/2003,HUT,KS,ACE,CE,Federal Contract Tower,0,1,5,0,6,0,0,4,0,4,0,1,9,0,10,0,0,0,10
02/16/2003,HUT,KS,ACE,CE,Federal Contract Tower,0,0,11,0,11,0,0,69,0,69,0,0,80,0,80,82,0,82,162
02/17/2003,HUT,KS,ACE,CE,Federal Contract Tower,0,1,8,0,9,0,0,86,0,86,0,1,94,0,95,48,0,48,143
02/18/2003,HUT,KS,ACE,CE,Federal Contract Tower,0,2,18,6,26,0,0,30,6,36,0,2,48,12,62,40,46,86,148
02/19/2003,HUT,KS,ACE,CE,Federal Contract Tower,0,0,10,38,48,0,2,54,0,56,0,2,64,38,104,79,68,147,251
02/20/2003,HUT,KS,ACE,CE,Federal Contract Tower,0,2,17,27,46,0,2,66,14,82,0,4,83,41,128,120,51,171,299
02/21/2003,HUT,KS,ACE,CE,Federal Contract Tower,0,0,11,48,59,0,2,61,0,63,0,2,72,48,122,98,128,226,348
02/22/2003,HUT,KS,ACE,CE,Federal Contract Tower,0,0,18,0,18,0,0,0,0,0,0,0,18,0,18,52,0,52,70
02/23/2003,HUT,KS,ACE,CE,Federal Contract Tower,0,0,0,0,0,0,0,0,0,0,0,0,0,0,0,0,0,0,0
02/24/2003,HUT,KS,ACE,CE,Federal Contract Tower,0,2,0,0,2,0,0,7,0,7,0,2,7,0,9,16,0,16,25
02/25/2003,HUT,KS,ACE,CE,Federal Contract Tower,0,0,10,0,10,0,2,27,0,29,0,2,37,0,39,20,0,20,59
02/26/2003,HUT,KS,ACE,CE,Federal Contract Tower,0,0,7,0,7,0,0,17,0,17,0,0,24,0,24,46,0,46,70
02/27/2003,HUT,KS,ACE,CE,Federal Contract Tower,0,0,15,0,15,0,0,1,0,1,0,0,16,0,16,6,0,6,22
02/28/2003,HUT,KS,ACE,CE,Federal Contract Tower,0,0,13,0,13,0,0,0,0,0,0,0,13,0,13,4,0,4,17
03/01/2003,HUT,KS,ACE,CE,Federal Contract Tower,0,0,11,0,11,0,0,18,0,18,0,0,29,0,29,48,0,48,77
03/02/2003,HUT,KS,ACE,CE,Federal Contract Tower,0,0,0,2,2,0,0,44,0,44,0,0,44,2,46,62,0,62,108
03/03/2003,HUT,KS,ACE,CE,Federal Contract Tower,0,2,28,14,44,0,0,32,16,48,0,2,60,30,92,38,26,64,156
03/04/2003,HUT,KS,ACE,CE,Federal Contract Tower,0,0,4,0,4,0,0,0,0,0,0,0,4,0,4,0,0,0,4
03/05/2003,HUT,KS,ACE,CE,Federal Contract Tower,0,0,15,0,15,0,0,0,0,0,0,0,15,0,15,8,0,8,23
03/06/2003,HUT,KS,ACE,CE,Federal Contract Tower,0,1,32,8,41,0,0,14,12,26,0,1,46,20,67,70,28,98,165
03/07/2003,HUT,KS,ACE,CE,Federal Contract Tower,0,0,12,28,40,0,2,36,0,38,0,2,48,28,78,92,48,140,218
03/08/2003,HUT,KS,ACE,CE,Federal Contract Tower,0,2,8,2,12,0,2,42,0,44,0,4,50,2,56,44,8,52,108
03/09/2003,HUT,KS,ACE,CE,Federal Contract Tower,0,0,24,10,34,0,0,51,0,51,0,0,75,10,85,64,32,96,181
03/10/2003,HUT,KS,ACE,CE,Federal Contract Tower,0,2,14,12,28,0,0,123,8,131,0,2,137,20,159,86,34,120,279
03/11/2003,HUT,KS,ACE,CE,Federal Contract Tower,0,2,39,12,53,0,0,9,0,9,0,2,48,12,62,68,34,102,164
03/12/2003,HUT,KS,ACE,CE,Federal Contract Tower,0,0,19,2,21,0,2,9,2,13,0,2,28,4,34,53,0,53,87
03/13/2003,HUT,KS,ACE,CE,Federal Contract Tower,0,2,17,13,32,0,0,49,29,78,0,2,66,42,110,74,26,100,210
03/14/2003,HUT,KS,ACE,CE,Federal Contract Tower,0,1,11,14,26,0,2,50,26,78,0,3,61,40,104,150,55,205,309
03/15/2003,HUT,KS,ACE,CE,Federal Contract Tower,0,1,8,0,9,0,2,91,0,93,0,3,99,0,102,126,0,126,228
03/16/2003,HUT,KS,ACE,CE,Federal Contract Tower,0,0,11,10,21,0,2,27,0,29,0,2,38,10,50,69,30,99,149
03/17/2003,HUT,KS,ACE,CE,Federal Contract Tower,0,2,0,10,12,0,0,44,14,58,0,2,44,24,70,28,18,46,116
03/18/2003,HUT,KS,ACE,CE,Federal Contract Tower,0,2,20,0,22,0,0,8,0,8,0,2,28,0,30,10,0,10,40
03/19/2003,HUT,KS,ACE,CE,Federal Contract Tower,0,2,22,0,24,0,0,5,0,5,0,2,27,0,29,0,0,0,29
03/20/2003,HUT,KS,ACE,CE,Federal Contract Tower,0,0,12,10,22,0,0,11,2,13,0,0,23,12,35,14,6,20,55
03/21/2003,HUT,KS,ACE,CE,Federal Contract Tower,0,0,14,8,22,0,0,115,6,121,0,0,129,14,143,136,14,150,293
03/22/2003,HUT,KS,ACE,CE,Federal Contract Tower,0,0,6,0,6,0,0,47,0,47,0,0,53,0,53,82,0,82,135
03/23/2003,HUT,KS,ACE,CE,Federal Contract Tower,0,0,5,0,5,0,0,63,0,63,0,0,68,0,68,46,0,46,114
03/24/2003,HUT,KS,ACE,CE,Federal Contract Tower,0,2,16,0,18,0,0,73,0,73,0,2,89,0,91,108,0,108,199
03/25/2003,HUT,KS,ACE,CE,Federal Contract Tower,0,0,5,0,5,0,0,66,0,66,0,0,71,0,71,54,0,54,125
03/26/2003,HUT,KS,ACE,CE,Federal Contract Tower,0,6,9,4,19,0,2,35,0,37,0,8,44,4,56,68,24,92,148
03/27/2003,HUT,KS,ACE,CE,Federal Contract Tower,0,5,29,7,41,0,1,35,13,49,0,6,64,20,90,33,34,67,157
03/28/2003,HUT,KS,ACE,CE,Federal Contract Tower,0,0,10,8,18,0,0,14,0,14,0,0,24,8,32,56,12,68,100
03/29/2003,HUT,KS,ACE,CE,Federal Contract Tower,0,0,5,0,5,0,0,45,0,45,0,0,50,0,50,58,0,58,108
03/30/2003,HUT,KS,ACE,CE,Federal Contract Tower,0,0,5,1,6,0,0,49,1,50,0,0,54,2,56,76,0,76,132
03/31/2003,HUT,KS,ACE,CE,Federal Contract Tower,0,3,6,12,21,0,1,58,4,63,0,4,64,16,84,60,34,94,178
04/01/2003,HUT,KS,ACE,CE,Federal Contract Tower,0,0,9,11,20,0,0,82,5,87,0,0,91,16,107,68,52,120,227
04/02/2003,HUT,KS,ACE,CE,Federal Contract Tower,0,1,9,7,17,0,0,61,21,82,0,1,70,28,99,56,20,76,175
04/03/2003,HUT,KS,ACE,CE,Federal Contract Tower,0,0,12,13,25,0,0,33,8,41,0,0,45,21,66,52,32,84,150
04/04/2003,HUT,KS,ACE,CE,Federal Contract Tower,0,0,9,5,14,0,0,38,15,53,0,0,47,20,67,32,22,54,121
04/05/2003,HUT,KS,ACE,CE,Federal Contract Tower,0,0,6,0,6,0,8,40,0,48,0,8,46,0,54,62,0,62,116
04/06/2003,HUT,KS,ACE,CE,Federal Contract Tower,0,0,4,0,4,0,0,2,0,2,0,0,6,0,6,0,0,0,6
04/07/2003,HUT,KS,ACE,CE,Federal Contract Tower,0,2,2,20,24,0,6,32,12,50,0,8,34,32,74,48,20,68,142
04/08/2003,HUT,KS,ACE,CE,Federal Contract Tower,0,0,6,13,19,0,0,29,5,34,0,0,35,18,53,24,26,50,103
04/09/2003,HUT,KS,ACE,CE,Federal Contract Tower,0,0,14,18,32,0,1,88,0,89,0,1,102,18,121,84,40,124,245
04/10/2003,HUT,KS,ACE,CE,Federal Contract Tower,0,4,6,14,24,0,0,54,0,54,0,4,60,14,78,88,76,164,242
04/11/2003,HUT,KS,ACE,CE,Federal Contract Tower,0,0,17,28,45,0,0,68,0,68,0,0,85,28,113,67,84,151,264
04/12/2003,HUT,KS,ACE,CE,Federal Contract Tower,0,0,16,0,16,0,0,48,0,48,0,0,64,0,64,78,0,78,142
04/13/2003,HUT,KS,ACE,CE,Federal Contract Tower,0,0,7,2,9,0,0,25,0,25,0,0,32,2,34,59,0,59,93
04/14/2003,HUT,KS,ACE,CE,Federal Contract Tower,0,2,21,12,35,0,0,49,6,55,0,2,70,18,90,21,48,69,159
04/15/2003,HUT,KS,ACE,CE,Federal Contract Tower,0,0,7,4,11,0,0,18,6,24,0,0,25,10,35,14,10,24,59
04/16/2003,HUT,KS,ACE,CE,Federal Contract Tower,0,0,12,0,12,0,0,15,0,15,0,0,27,0,27,26,0,26,53
04/17/2003,HUT,KS,ACE,CE,Federal Contract Tower,0,0,25,13,38,0,0,36,10,46,0,0,61,23,84,42,18,60,144
04/18/2003,HUT,KS,ACE,CE,Federal Contract Tower,0,0,33,6,39,0,0,9,14,23,0,0,42,20,62,58,20,78,140
04/19/2003,HUT,KS,ACE,CE,Federal Contract Tower,0,0,13,0,13,0,0,11,0,11,0,0,24,0,24,10,0,10,34
04/20/2003,HUT,KS,ACE,CE,Federal Contract Tower,0,0,5,0,5,0,0,60,0,60,0,0,65,0,65,24,0,24,89
04/21/2003,HUT,KS,ACE,CE,Federal Contract Tower,0,2,12,4,18,0,2,67,2,71,0,4,79,6,89,140,2,142,231
04/22/2003,HUT,KS,ACE,CE,Federal Contract Tower,0,0,14,12,26,0,0,121,0,121,0,0,135,12,147,98,56,154,301
04/23/2003,HUT,KS,ACE,CE,Federal Contract Tower,0,5,11,0,16,0,0,31,0,31,0,5,42,0,47,16,0,16,63
04/24/2003,HUT,KS,ACE,CE,Federal Contract Tower,0,3,14,13,30,0,0,13,0,13,0,3,27,13,43,0,0,0,43
04/25/2003,HUT,KS,ACE,CE,Federal Contract Tower,0,4,34,4,42,0,2,24,0,26,0,6,58,4,68,68,24,92,160
04/26/2003,HUT,KS,ACE,CE,Federal Contract Tower,0,0,8,0,8,0,0,43,0,43,0,0,51,0,51,68,0,68,119
04/27/2003,HUT,KS,ACE,CE,Federal Contract Tower,0,0,11,8,19,0,0,14,0,14,0,0,25,8,33,38,14,52,85
04/28/2003,HUT,KS,ACE,CE,Federal Contract Tower,0,2,28,11,41,0,0,43,3,46,0,2,71,14,87,108,48,156,243
04/29/2003,HUT,KS,ACE,CE,Federal Contract Tower,0,0,19,7,26,0,2,55,7,64,0,2,74,14,90,53,18,71,161
04/30/2003,HUT,KS,ACE,CE,Federal Contract Tower,0,0,15,20,35,0,0,45,6,51,0,0,60,26,86,48,64,112,198
05/01/2003,HUT,KS,ACE,CE,Federal Contract Tower,0,0,27,8,35,0,0,4,0,4,0,0,31,8,39,20,14,34,73
05/02/2003,HUT,KS,ACE,CE,Federal Contract Tower,0,0,20,2,22,0,0,98,0,98,0,0,118,2,120,186,10,196,316
05/03/2003,HUT,KS,ACE,CE,Federal Contract Tower,0,0,5,0,5,0,0,25,0,25,0,0,30,0,30,24,0,24,54
05/04/2003,HUT,KS,ACE,CE,Federal Contract Tower,0,0,11,0,11,0,0,11,0,11,0,0,22,0,22,20,0,20,42
05/05/2003,HUT,KS,ACE,CE,Federal Contract Tower,0,2,11,9,22,0,2,71,15,88,0,4,82,24,110,132,40,172,282
05/06/2003,HUT,KS,ACE,CE,Federal Contract Tower,0,0,24,0,24,0,2,54,0,56,0,2,78,0,80,138,0,138,218
05/07/2003,HUT,KS,ACE,CE,Federal Contract Tower,0,1,16,0,17,0,0,92,16,108,0,1,108,16,125,86,18,104,229
05/08/2003,HUT,KS,ACE,CE,Federal Contract Tower,0,1,10,0,11,0,0,57,19,76,0,1,67,19,87,59,26,85,172
05/09/2003,HUT,KS,ACE,CE,Federal Contract Tower,0,0,16,0,16,0,1,116,16,133,0,1,132,16,149,80,32,112,261
05/10/2003,HUT,KS,ACE,CE,Federal Contract Tower,0,2,8,0,10,0,0,44,0,44,0,2,52,0,54,72,0,72,126
05/11/2003,HUT,KS,ACE,CE,Federal Contract Tower,0,0,11,0,11,0,6,45,0,51,0,6,56,0,62,68,0,68,130
05/12/2003,HUT,KS,ACE,CE,Federal Contract Tower,0,2,12,10,24,0,0,90,0,90,0,2,102,10,114,130,38,168,282
05/13/2003,HUT,KS,ACE,CE,Federal Contract Tower,0,0,32,4,36,0,2,0,2,4,0,2,32,6,40,72,2,74,114
05/14/2003,HUT,KS,ACE,CE,Federal Contract Tower,0,0,6,26,32,0,2,46,0,48,0,2,52,26,80,146,74,220,300
05/15/2003,HUT,KS,ACE,CE,Federal Contract Tower,0,0,33,8,41,0,4,27,20,51,0,4,60,28,92,42,18,60,152
05/16/2003,HUT,KS,ACE,CE,Federal Contract Tower,0,0,24,0,24,0,3,18,16,37,0,3,42,16,61,28,30,58,119
05/17/2003,HUT,KS,ACE,CE,Federal Contract Tower,0,0,42,0,42,0,2,47,0,49,0,2,89,0,91,122,0,122,213
05/18/2003,HUT,KS,ACE,CE,Federal Contract Tower,0,0,15,4,19,0,1,59,2,62,0,1,74,6,81,46,14,60,141
05/19/2003,HUT,KS,ACE,CE,Federal Contract Tower,0,2,19,6,27,0,0,21,2,23,0,2,40,8,50,20,18,38,88
05/20/2003,HUT,KS,ACE,CE,Federal Contract Tower,0,0,20,20,40,0,2,117,0,119,0,2,137,20,159,92,58,150,309
05/21/2003,HUT,KS,ACE,CE,Federal Contract Tower,0,0,10,6,16,0,0,82,0,82,0,0,92,6,98,82,20,102,200
05/22/2003,HUT,KS,ACE,CE,Federal Contract Tower,0,6,17,36,59,0,0,114,0,114,0,6,131,36,173,94,96,190,363
05/23/2003,HUT,KS,ACE,CE,Federal Contract Tower,0,0,38,0,38,0,0,57,0,57,0,0,95,0,95,86,0,86,181
05/24/2003,HUT,KS,ACE,CE,Federal Contract Tower,0,0,11,0,11,0,0,43,0,43,0,0,54,0,54,34,0,34,88
05/25/2003,HUT,KS,ACE,CE,Federal Contract Tower,0,0,9,0,9,0,0,26,0,26,0,0,35,0,35,46,0,46,81
05/26/2003,HUT,KS,ACE,CE,Federal Contract Tower,0,0,17,0,17,0,0,61,0,61,0,0,78,0,78,40,0,40,118
05/27/2003,HUT,KS,ACE,CE,Federal Contract Tower,0,2,7,10,19,0,0,65,0,65,0,2,72,10,84,62,50,112,196
05/28/2003,HUT,KS,ACE,CE,Federal Contract Tower,0,0,23,2,25,0,0,50,0,50,0,0,73,2,75,94,10,104,179
05/29/2003,HUT,KS,ACE,CE,Federal Contract Tower,0,2,20,22,44,0,4,49,0,53,0,6,69,22,97,84,40,124,221
05/30/2003,HUT,KS,ACE,CE,Federal Contract Tower,0,0,12,18,30,0,0,58,13,71,0,0,70,31,101,52,48,100,201
05/31/2003,HUT,KS,ACE,CE,Federal Contract Tower,0,0,12,0,12,0,0,49,0,49,0,0,61,0,61,98,0,98,159
06/01/2003,HUT,KS,ACE,CE,Federal Contract Tower,0,0,14,13,27,0,0,28,8,36,0,0,42,21,63,70,34,104,167
06/02/2003,HUT,KS,ACE,CE,Federal Contract Tower,0,2,25,12,39,0,0,106,0,106,0,2,131,12,145,58,28,86,231
06/03/2003,HUT,KS,ACE,CE,Federal Contract Tower,0,2,26,9,37,0,0,13,0,13,0,2,39,9,50,36,26,62,112
06/04/2003,HUT,KS,ACE,CE,Federal Contract Tower,0,0,32,10,42,0,2,65,0,67,0,2,97,10,109,146,32,178,287
06/05/2003,HUT,KS,ACE,CE,Federal Contract Tower,0,0,7,10,17,0,0,91,0,91,0,0,98,10,108,70,24,94,202
06/06/2003,HUT,KS,ACE,CE,Federal Contract Tower,0,0,5,12,17,0,4,84,0,88,0,4,89,12,105,124,42,166,271
06/07/2003,HUT,KS,ACE,CE,Federal Contract Tower,0,1,12,0,13,0,1,69,0,70,0,2,81,0,83,72,0,72,155
06/08/2003,HUT,KS,ACE,CE,Federal Contract Tower,0,0,5,16,21,0,2,70,0,72,0,2,75,16,93,160,38,198,291
06/09/2003,HUT,KS,ACE,CE,Federal Contract Tower,0,0,16,18,34,0,0,72,0,72,0,0,88,18,106,56,44,100,206
06/10/2003,HUT,KS,ACE,CE,Federal Contract Tower,0,2,15,0,17,0,0,40,0,40,0,2,55,0,57,32,0,32,89
06/11/2003,HUT,KS,ACE,CE,Federal Contract Tower,0,0,15,4,19,0,0,62,38,100,0,0,77,42,119,18,2,20,139
06/12/2003,HUT,KS,ACE,CE,Federal Contract Tower,0,0,17,0,17,0,0,35,2,37,0,0,52,2,54,46,0,46,100
06/13/2003,HUT,KS,ACE,CE,Federal Contract Tower,0,0,10,0,10,0,0,62,0,62,0,0,72,0,72,60,0,60,132
06/14/2003,HUT,KS,ACE,CE,Federal Contract Tower,0,0,5,0,5,0,0,41,0,41,0,0,46,0,46,64,0,64,110
06/15/2003,HUT,KS,ACE,CE,Federal Contract Tower,0,0,4,2,6,0,0,51,4,55,0,0,55,6,61,62,8,70,131
06/16/2003,HUT,KS,ACE,CE,Federal Contract Tower,0,0,13,2,15,0,0,36,11,47,0,0,49,13,62,38,20,58,120
06/17/2003,HUT,KS,ACE,CE,Federal Contract Tower,0,1,7,16,24,0,5,41,0,46,0,6,48,16,70,26,42,68,138
06/18/2003,HUT,KS,ACE,CE,Federal Contract Tower,0,3,11,0,14,0,1,44,13,58,0,4,55,13,72,40,18,58,130
06/19/2003,HUT,KS,ACE,CE,Federal Contract Tower,0,2,21,0,23,0,2,40,0,42,0,4,61,0,65,82,0,82,147
06/20/2003,HUT,KS,ACE,CE,Federal Contract Tower,0,4,24,4,32,0,0,32,0,32,0,4,56,4,64,64,8,72,136
06/21/2003,HUT,KS,ACE,CE,Federal Contract Tower,0,0,3,0,3,0,0,67,0,67,0,0,70,0,70,38,0,38,108
06/22/2003,HUT,KS,ACE,CE,Federal Contract Tower,0,0,9,0,9,0,0,38,0,38,0,0,47,0,47,52,0,52,99
06/23/2003,HUT,KS,ACE,CE,Federal Contract Tower,0,2,9,6,17,0,4,54,0,58,0,6,63,6,75,32,8,40,115
06/24/2003,HUT,KS,ACE,CE,Federal Contract Tower,0,0,16,0,16,0,0,74,10,84,0,0,90,10,100,34,0,34,134
06/25/2003,HUT,KS,ACE,CE,Federal Contract Tower,0,0,27,0,27,0,0,9,4,13,0,0,36,4,40,36,0,36,76
06/26/2003,HUT,KS,ACE,CE,Federal Contract Tower,0,0,13,12,25,0,0,58,0,58,0,0,71,12,83,48,52,100,183
06/27/2003,HUT,KS,ACE,CE,Federal Contract Tower,0,0,22,25,47,0,0,100,3,103,0,0,122,28,150,94,38,132,282
06/28/2003,HUT,KS,ACE,CE,Federal Contract Tower,0,0,9,0,9,0,4,73,20,97,0,4,82,20,106,34,0,34,140
06/29/2003,HUT,KS,ACE,CE,Federal Contract Tower,0,0,8,0,8,0,0,135,47,182,0,0,143,47,190,26,0,26,216
06/30/2003,HUT,KS,ACE,CE,Federal Contract Tower,0,0,11,15,26,0,4,48,0,52,0,4,59,15,78,32,21,53,131
07/01/2003,HUT,KS,ACE,CE,Federal Contract Tower,0,0,12,2,14,0,0,45,17,62,0,0,57,19,76,46,26,72,148
07/02/2003,HUT,KS,ACE,CE,Federal Contract Tower,0,2,13,16,31,0,0,50,11,61,0,2,63,27,92,64,28,92,184
07/03/2003,HUT,KS,ACE,CE,Federal Contract Tower,0,1,19,0,20,0,1,48,0,49,0,2,67,0,69,88,0,88,157
07/04/2003,HUT,KS,ACE,CE,Federal Contract Tower,0,1,4,0,5,0,3,49,0,52,0,4,53,0,57,64,0,64,121
07/05/2003,HUT,KS,ACE,CE,Federal Contract Tower,0,0,3,0,3,0,0,59,0,59,0,0,62,0,62,58,0,58,120
07/06/2003,HUT,KS,ACE,CE,Federal Contract Tower,0,1,11,0,12,0,0,37,0,37,0,1,48,0,49,54,0,54,103
07/07/2003,HUT,KS,ACE,CE,Federal Contract Tower,0,3,8,6,17,0,0,27,0,27,0,3,35,6,44,28,22,50,94
07/08/2003,HUT,KS,ACE,CE,Federal Contract Tower,0,0,11,29,40,0,0,58,3,61,0,0,69,32,101,52,54,106,207
07/09/2003,HUT,KS,ACE,CE,Federal Contract Tower,0,2,9,7,18,0,2,37,0,39,0,4,46,7,57,68,20,88,145
07/10/2003,HUT,KS,ACE,CE,Federal Contract Tower,0,1,13,6,20,0,2,45,0,47,0,3,58,6,67,64,16,80,147
07/11/2003,HUT,KS,ACE,CE,Federal Contract Tower,0,2,20,12,34,0,3,38,0,41,0,5,58,12,75,66,28,94,169
07/12/2003,HUT,KS,ACE,CE,Federal Contract Tower,0,0,1,6,7,0,0,53,0,53,0,0,54,6,60,40,18,58,118
07/13/2003,HUT,KS,ACE,CE,Federal Contract Tower,0,0,4,0,4,0,0,51,0,51,0,0,55,0,55,36,0,36,91
07/14/2003,HUT,KS,ACE,CE,Federal Contract Tower,0,2,16,17,35,0,0,89,26,115,0,2,105,43,150,72,38,110,260
07/15/2003,HUT,KS,ACE,CE,Federal Contract Tower,0,8,5,9,22,0,0,56,1,57,0,8,61,10,79,52,24,76,155
07/16/2003,HUT,KS,ACE,CE,Federal Contract Tower,0,1,5,11,17,0,0,40,12,52,0,1,45,23,69,58,30,88,157
07/17/2003,HUT,KS,ACE,CE,Federal Contract Tower,0,2,5,0,7,0,0,36,8,44,0,2,41,8,51,28,16,44,95
07/18/2003,HUT,KS,ACE,CE,Federal Contract Tower,0,0,13,4,17,0,0,63,19,82,0,0,76,23,99,68,24,92,191
07/19/2003,HUT,KS,ACE,CE,Federal Contract Tower,0,0,6,0,6,0,0,79,0,79,0,0,85,0,85,48,0,48,133
07/20/2003,HUT,KS,ACE,CE,Federal Contract Tower,0,2,21,0,23,0,0,32,0,32,0,2,53,0,55,36,0,36,91
07/21/2003,HUT,KS,ACE,CE,Federal Contract Tower,0,0,13,2,15,0,0,59,1,60,0,0,72,3,75,56,4,60,135
07/22/2003,HUT,KS,ACE,CE,Federal Contract Tower,0,0,23,0,23,0,0,46,0,46,0,0,69,0,69,32,0,32,101
07/23/2003,HUT,KS,ACE,CE,Federal Contract Tower,0,0,12,0,12,0,0,52,0,52,0,0,64,0,64,52,0,52,116
07/24/2003,HUT,KS,ACE,CE,Federal Contract Tower,0,4,9,6,19,0,6,60,0,66,0,10,69,6,85,82,12,94,179
07/25/2003,HUT,KS,ACE,CE,Federal Contract Tower,0,2,18,0,20,0,0,43,0,43,0,2,61,0,63,48,0,48,111
07/26/2003,HUT,KS,ACE,CE,Federal Contract Tower,0,0,5,0,5,0,0,73,0,73,0,0,78,0,78,58,0,58,136
07/27/2003,HUT,KS,ACE,CE,Federal Contract Tower,0,0,6,4,10,0,0,59,0,59,0,0,65,4,69,58,8,66,135
07/28/2003,HUT,KS,ACE,CE,Federal Contract Tower,0,2,3,4,9,0,0,38,0,38,0,2,41,4,47,48,14,62,109
07/29/2003,HUT,KS,ACE,CE,Federal Contract Tower,0,2,20,14,36,0,0,64,9,73,0,2,84,23,109,58,26,84,193
07/30/2003,HUT,KS,ACE,CE,Federal Contract Tower,0,2,25,25,52,0,0,68,4,72,0,2,93,29,124,52,28,80,204
07/31/2003,HUT,KS,ACE,CE,Federal Contract Tower,0,4,19,11,34,0,0,24,0,24,0,4,43,11,58,60,16,76,134
08/01/2003,HUT,KS,ACE,CE,Federal Contract Tower,0,4,11,0,15,0,2,28,0,30,0,6,39,0,45,80,0,80,125
08/02/2003,HUT,KS,ACE,CE,Federal Contract Tower,0,0,11,0,11,0,0,26,0,26,0,0,37,0,37,62,0,62,99
08/03/2003,HUT,KS,ACE,CE,Federal Contract Tower,0,0,6,0,6,0,2,43,0,45,0,2,49,0,51,42,0,42,93
08/04/2003,HUT,KS,ACE,CE,Federal Contract Tower,0,2,16,2,20,0,0,30,0,30,0,2,46,2,50,18,6,24,74
08/05/2003,HUT,KS,ACE,CE,Federal Contract Tower,0,0,15,4,19,0,0,105,12,117,0,0,120,16,136,72,30,102,238
08/06/2003,HUT,KS,ACE,CE,Federal Contract Tower,0,0,8,12,20,0,0,107,0,107,0,0,115,12,127,76,28,104,231
08/07/2003,HUT,KS,ACE,CE,Federal Contract Tower,0,0,19,6,25,0,0,88,10,98,0,0,107,16,123,84,16,100,223
08/08/2003,HUT,KS,ACE,CE,Federal Contract Tower,0,2,12,8,22,0,2,42,0,44,0,4,54,8,66,86,32,118,184
08/09/2003,HUT,KS,ACE,CE,Federal Contract Tower,0,2,6,0,8,0,2,76,0,78,0,4,82,0,86,106,0,106,192
08/10/2003,HUT,KS,ACE,CE,Federal Contract Tower,0,0,10,9,19,0,0,32,1,33,0,0,42,10,52,38,24,62,114
08/11/2003,HUT,KS,ACE,CE,Federal Contract Tower,0,2,17,12,31,0,0,82,0,82,0,2,99,12,113,64,14,78,191
08/12/2003,HUT,KS,ACE,CE,Federal Contract Tower,0,0,4,21,25,0,0,68,0,68,0,0,72,21,93,52,64,116,209
08/13/2003,HUT,KS,ACE,CE,Federal Contract Tower,0,0,17,14,31,0,1,42,2,45,0,1,59,16,76,78,30,108,184
08/14/2003,HUT,KS,ACE,CE,Federal Contract Tower,0,0,15,0,15,0,0,38,20,58,0,0,53,20,73,88,10,98,171
08/15/2003,HUT,KS,ACE,CE,Federal Contract Tower,0,4,7,0,11,0,0,54,13,67,0,4,61,13,78,64,38,102,180
08/16/2003,HUT,KS,ACE,CE,Federal Contract Tower,0,0,4,0,4,0,0,97,0,97,0,0,101,0,101,70,0,70,171
08/17/2003,HUT,KS,ACE,CE,Federal Contract Tower,0,0,13,10,23,0,0,40,0,40,0,0,53,10,63,48,14,62,125
08/18/2003,HUT,KS,ACE,CE,Federal Contract Tower,0,0,30,0,30,0,0,8,21,29,0,0,38,21,59,62,26,88,147
08/19/2003,HUT,KS,ACE,CE,Federal Contract Tower,0,0,14,16,30,0,0,57,0,57,0,0,71,16,87,90,34,124,211
08/20/2003,HUT,KS,ACE,CE,Federal Contract Tower,0,0,9,10,19,0,0,56,0,56,0,0,65,10,75,84,34,118,193
08/21/2003,HUT,KS,ACE,CE,Federal Contract Tower,0,0,13,24,37,0,0,45,2,47,0,0,58,26,84,86,64,150,234
08/22/2003,HUT,KS,ACE,CE,Federal Contract Tower,0,0,18,14,32,0,2,51,0,53,0,2,69,14,85,68,36,104,189
08/23/2003,HUT,KS,ACE,CE,Federal Contract Tower,0,0,23,0,23,0,0,32,0,32,0,0,55,0,55,74,0,74,129
08/24/2003,HUT,KS,ACE,CE,Federal Contract Tower,0,0,5,4,9,0,2,41,0,43,0,2,46,4,52,42,12,54,106
08/25/2003,HUT,KS,ACE,CE,Federal Contract Tower,0,2,19,10,31,0,0,37,0,37,0,2,56,10,68,45,16,61,129
08/26/2003,HUT,KS,ACE,CE,Federal Contract Tower,0,1,27,14,42,0,2,66,0,68,0,3,93,14,110,76,28,104,214
08/27/2003,HUT,KS,ACE,CE,Federal Contract Tower,0,0,14,12,26,0,0,48,0,48,0,0,62,12,74,86,30,116,190
08/28/2003,HUT,KS,ACE,CE,Federal Contract Tower,0,0,13,6,19,0,0,36,0,36,0,0,49,6,55,80,20,100,155
08/29/2003,HUT,KS,ACE,CE,Federal Contract Tower,0,2,28,0,30,0,0,7,0,7,0,2,35,0,37,62,0,62,99
08/30/2003,HUT,KS,ACE,CE,Federal Contract Tower,0,0,16,0,16,0,0,11,0,11,0,0,27,0,27,12,0,12,39
08/31/2003,HUT,KS,ACE,CE,Federal Contract Tower,0,0,7,0,7,0,0,14,0,14,0,0,21,0,21,0,0,0,21
09/01/2003,HUT,KS,ACE,CE,Federal Contract Tower,0,0,10,0,10,0,0,16,0,16,0,0,26,0,26,12,0,12,38
09/02/2003,HUT,KS,ACE,CE,Federal Contract Tower,0,2,14,3,19,0,2,76,11,89,0,4,90,14,108,78,8,86,194
09/03/2003,HUT,KS,ACE,CE,Federal Contract Tower,0,0,22,6,28,0,3,43,0,46,0,3,65,6,74,92,30,122,196
09/04/2003,HUT,KS,ACE,CE,Federal Contract Tower,0,2,31,10,43,0,2,66,0,68,0,4,97,10,111,84,20,104,215
09/05/2003,HUT,KS,ACE,CE,Federal Contract Tower,0,2,19,10,31,0,0,70,0,70,0,2,89,10,101,152,28,180,281
09/06/2003,HUT,KS,ACE,CE,Federal Contract Tower,0,0,17,4,21,0,0,84,4,88,0,0,101,8,109,208,0,208,317
09/07/2003,HUT,KS,ACE,CE,Federal Contract Tower,0,0,21,16,37,0,6,37,0,43,0,6,58,16,80,166,40,206,286
09/08/2003,HUT,KS,ACE,CE,Federal Contract Tower,0,2,12,11,25,0,0,50,12,62,0,2,62,23,87,46,30,76,163
09/09/2003,HUT,KS,ACE,CE,Federal Contract Tower,0,0,19,4,23,0,0,35,0,35,0,0,54,4,58,48,6,54,112
09/10/2003,HUT,KS,ACE,CE,Federal Contract Tower,0,3,19,2,24,0,0,38,0,38,0,3,57,2,62,98,0,98,160
09/11/2003,HUT,KS,ACE,CE,Federal Contract Tower,0,2,17,0,19,0,2,8,0,10,0,4,25,0,29,28,0,28,57
09/12/2003,HUT,KS,ACE,CE,Federal Contract Tower,0,1,14,0,15,0,0,53,0,53,0,1,67,0,68,82,0,82,150
09/13/2003,HUT,KS,ACE,CE,Federal Contract Tower,0,0,13,0,13,0,0,32,0,32,0,0,45,0,45,36,0,36,81
09/14/2003,HUT,KS,ACE,CE,Federal Contract Tower,0,1,3,4,8,0,0,49,3,52,0,1,52,7,60,120,22,142,202
09/15/2003,HUT,KS,ACE,CE,Federal Contract Tower,0,3,13,4,20,0,0,30,0,30,0,3,43,4,50,28,10,38,88
09/16/2003,HUT,KS,ACE,CE,Federal Contract Tower,0,0,13,6,19,0,0,26,11,37,0,0,39,17,56,20,28,48,104
09/17/2003,HUT,KS,ACE,CE,Federal Contract Tower,0,2,23,0,25,0,0,44,2,46,0,2,67,2,71,16,0,16,87
09/18/2003,HUT,KS,ACE,CE,Federal Contract Tower,0,0,15,0,15,0,2,39,0,41,0,2,54,0,56,18,0,18,74
09/19/2003,HUT,KS,ACE,CE,Federal Contract Tower,0,0,12,1,13,0,0,53,1,54,0,0,65,2,67,80,0,80,147
09/20/2003,HUT,KS,ACE,CE,Federal Contract Tower,0,2,3,0,5,0,0,58,0,58,0,2,61,0,63,24,0,24,87
09/21/2003,HUT,KS,ACE,CE,Federal Contract Tower,0,0,8,0,8,0,0,38,0,38,0,0,46,0,46,18,0,18,64
09/22/2003,HUT,KS,ACE,CE,Federal Contract Tower,0,4,17,0,21,0,8,56,0,64,0,12,73,0,85,32,0,32,117
09/23/2003,HUT,KS,ACE,CE,Federal Contract Tower,0,3,10,0,13,0,0,24,0,24,0,3,34,0,37,0,0,0,37
09/24/2003,HUT,KS,ACE,CE,Federal Contract Tower,0,3,10,2,15,0,0,40,0,40,0,3,50,2,55,24,8,32,87
09/25/2003,HUT,KS,ACE,CE,Federal Contract Tower,0,0,16,0,16,0,0,48,2,50,0,0,64,2,66,14,8,22,88
09/26/2003,HUT,KS,ACE,CE,Federal Contract Tower,0,0,8,0,8,0,2,65,6,73,0,2,73,6,81,58,4,62,143
09/27/2003,HUT,KS,ACE,CE,Federal Contract Tower,0,0,2,0,2,0,0,48,0,48,0,0,50,0,50,44,0,44,94
09/28/2003,HUT,KS,ACE,CE,Federal Contract Tower,0,0,9,0,9,0,0,59,0,59,0,0,68,0,68,70,0,70,138
09/29/2003,HUT,KS,ACE,CE,Federal Contract Tower,0,2,10,0,12,0,2,42,0,44,0,4,52,0,56,24,0,24,80
09/30/2003,HUT,KS,ACE,CE,Federal Contract Tower,0,6,13,0,19,0,0,5,0,5,0,6,18,0,24,0,0,0,24
10/01/2003,HUT,KS,ACE,CE,Federal Contract Tower,0,0,13,1,14,0,0,49,17,66,0,0,62,18,80,98,20,118,198
10/02/2003,HUT,KS,ACE,CE,Federal Contract Tower,0,2,18,2,22,0,2,38,3,43,0,4,56,5,65,20,6,26,91
10/03/2003,HUT,KS,ACE,CE,Federal Contract Tower,0,2,15,0,17,0,0,36,0,36,0,2,51,0,53,36,0,36,89
10/04/2003,HUT,KS,ACE,CE,Federal Contract Tower,0,0,12,1,13,0,0,45,1,46,0,0,57,2,59,69,2,71,130
10/05/2003,HUT,KS,ACE,CE,Federal Contract Tower,0,0,6,0,6,0,4,52,0,56,0,4,58,0,62,42,0,42,104
10/06/2003,HUT,KS,ACE,CE,Federal Contract Tower,0,2,12,0,14,0,0,27,0,27,0,2,39,0,41,48,0,48,89
10/07/2003,HUT,KS,ACE,CE,Federal Contract Tower,0,2,17,2,21,0,0,54,2,56,0,2,71,4,77,62,20,82,159
10/08/2003,HUT,KS,ACE,CE,Federal Contract Tower,0,1,12,1,14,0,0,5,1,6,0,1,17,2,20,0,0,0,20
10/09/2003,HUT,KS,ACE,CE,Federal Contract Tower,0,0,17,0,17,0,0,20,0,20,0,0,37,0,37,10,0,10,47
10/10/2003,HUT,KS,ACE,CE,Federal Contract Tower,0,2,17,0,19,0,0,45,0,45,0,2,62,0,64,28,0,28,92
10/11/2003,HUT,KS,ACE,CE,Federal Contract Tower,0,1,14,0,15,0,5,27,0,32,0,6,41,0,47,42,0,42,89
10/12/2003,HUT,KS,ACE,CE,Federal Contract Tower,0,1,10,1,12,0,0,32,1,33,0,1,42,2,45,86,16,102,147
10/13/2003,HUT,KS,ACE,CE,Federal Contract Tower,0,2,19,2,23,0,2,30,0,32,0,4,49,2,55,48,0,48,103
10/14/2003,HUT,KS,ACE,CE,Federal Contract Tower,0,1,10,0,11,0,5,64,0,69,0,6,74,0,80,69,0,69,149
10/15/2003,HUT,KS,ACE,CE,Federal Contract Tower,0,2,17,2,21,0,10,60,16,86,0,12,77,18,107,91,12,103,210
10/16/2003,HUT,KS,ACE,CE,Federal Contract Tower,0,0,20,0,20,0,0,73,0,73,0,0,93,0,93,24,0,24,117
10/17/2003,HUT,KS,ACE,CE,Federal Contract Tower,0,0,18,0,18,0,0,127,0,127,0,0,145,0,145,48,0,48,193
10/18/2003,HUT,KS,ACE,CE,Federal Contract Tower,0,2,13,0,15,0,0,93,2,95,0,2,106,2,110,46,14,60,170
10/19/2003,HUT,KS,ACE,CE,Federal Contract Tower,0,0,1,0,1,0,0,39,2,41,0,0,40,2,42,51,8,59,101
10/20/2003,HUT,KS,ACE,CE,Federal Contract Tower,0,0,7,0,7,0,2,20,0,22,0,2,27,0,29,88,0,88,117
10/21/2003,HUT,KS,ACE,CE,Federal Contract Tower,0,1,15,0,16,0,1,54,0,55,0,2,69,0,71,96,0,96,167
10/22/2003,HUT,KS,ACE,CE,Federal Contract Tower,0,0,12,0,12,0,0,53,0,53,0,0,65,0,65,88,0,88,153
10/23/2003,HUT,KS,ACE,CE,Federal Contract Tower,0,1,16,0,17,0,3,75,0,78,0,4,91,0,95,105,0,105,200
10/24/2003,HUT,KS,ACE,CE,Federal Contract Tower,0,1,12,0,13,0,0,82,0,82,0,1,94,0,95,56,0,56,151
10/25/2003,HUT,KS,ACE,CE,Federal Contract Tower,0,0,6,0,6,0,0,36,0,36,0,0,42,0,42,26,0,26,68
10/26/2003,HUT,KS,ACE,CE,Federal Contract Tower,0,0,5,0,5,0,0,47,0,47,0,0,52,0,52,24,0,24,76
10/27/2003,HUT,KS,ACE,CE,Federal Contract Tower,0,3,23,1,27,0,3,41,9,53,0,6,64,10,80,80,14,94,174
10/28/2003,HUT,KS,ACE,CE,Federal Contract Tower,0,0,19,0,19,0,0,60,0,60,0,0,79,0,79,98,0,98,177
10/29/2003,HUT,KS,ACE,CE,Federal Contract Tower,0,1,12,0,13,0,1,46,0,47,0,2,58,0,60,56,0,56,116
10/30/2003,HUT,KS,ACE,CE,Federal Contract Tower,0,1,18,0,19,0,0,52,0,52,0,1,70,0,71,72,0,72,143
10/31/2003,HUT,KS,ACE,CE,Federal Contract Tower,0,0,20,0,20,0,0,39,0,39,0,0,59,0,59,32,0,32,91
11/01/2003,HUT,KS,ACE,CE,Federal Contract Tower,0,0,20,2,22,0,0,26,0,26,0,0,46,2,48,24,0,24,72
11/02/2003,HUT,KS,ACE,CE,Federal Contract Tower,0,0,5,0,5,0,0,5,0,5,0,0,10,0,10,0,0,0,10
11/03/2003,HUT,KS,ACE,CE,Federal Contract Tower,0,0,5,1,6,0,0,0,1,1,0,0,5,2,7,0,0,0,7
11/04/2003,HUT,KS,ACE,CE,Federal Contract Tower,0,0,9,0,9,0,0,12,0,12,0,0,21,0,21,38,0,38,59
11/05/2003,HUT,KS,ACE,CE,Federal Contract Tower,0,0,9,0,9,0,0,4,0,4,0,0,13,0,13,0,0,0,13
11/06/2003,HUT,KS,ACE,CE,Federal Contract Tower,0,0,11,0,11,0,0,48,0,48,0,0,59,0,59,98,0,98,157
11/07/2003,HUT,KS,ACE,CE,Federal Contract Tower,0,0,21,6,27,0,0,61,2,63,0,0,82,8,90,102,30,132,222
11/08/2003,HUT,KS,ACE,CE,Federal Contract Tower,0,0,9,0,9,0,0,56,0,56,0,0,65,0,65,48,0,48,113
11/09/2003,HUT,KS,ACE,CE,Federal Contract Tower,0,2,22,2,26,0,0,42,0,42,0,2,64,2,68,46,2,48,116
11/10/2003,HUT,KS,ACE,CE,Federal Contract Tower,0,1,7,0,8,0,1,9,0,10,0,2,16,0,18,8,0,8,26
11/11/2003,HUT,KS,ACE,CE,Federal Contract Tower,0,0,7,0,7,0,0,47,0,47,0,0,54,0,54,68,0,68,122
11/12/2003,HUT,KS,ACE,CE,Federal Contract Tower,0,0,14,4,18,0,0,31,0,31,0,0,45,4,49,54,18,72,121
11/13/2003,HUT,KS,ACE,CE,Federal Contract Tower,0,1,14,0,15,0,1,73,0,74,0,2,87,0,89,92,0,92,181
11/14/2003,HUT,KS,ACE,CE,Federal Contract Tower,0,1,30,4,35,0,0,46,0,46,0,1,76,4,81,46,6,52,133
11/15/2003,HUT,KS,ACE,CE,Federal Contract Tower,0,0,6,1,7,0,0,122,1,123,0,0,128,2,130,78,0,78,208
11/16/2003,HUT,KS,ACE,CE,Federal Contract Tower,0,1,12,2,15,0,1,51,0,52,0,2,63,2,67,12,0,12,79
11/17/2003,HUT,KS,ACE,CE,Federal Contract Tower,0,0,12,0,12,0,4,15,0,19,0,4,27,0,31,4,0,4,35
11/18/2003,HUT,KS,ACE,CE,Federal Contract Tower,0,0,9,2,11,0,0,63,0,63,0,0,72,2,74,96,6,102,176
11/19/2003,HUT,KS,ACE,CE,Federal Contract Tower,0,0,6,0,6,0,2,48,0,50,0,2,54,0,56,104,0,104,160
11/20/2003,HUT,KS,ACE,CE,Federal Contract Tower,0,1,25,8,34,0,7,73,12,92,0,8,98,20,126,120,74,194,320
11/21/2003,HUT,KS,ACE,CE,Federal Contract Tower,0,0,6,2,8,0,3,95,0,98,0,3,101,2,106,93,6,99,205
11/22/2003,HUT,KS,ACE,CE,Federal Contract Tower,0,0,12,0,12,0,1,40,0,41,0,1,52,0,53,48,0,48,101
11/23/2003,HUT,KS,ACE,CE,Federal Contract Tower,0,0,2,0,2,0,4,13,0,17,0,4,15,0,19,28,0,28,47
11/24/2003,HUT,KS,ACE,CE,Federal Contract Tower,0,0,9,2,11,0,2,45,0,47,0,2,54,2,58,30,0,30,88
11/25/2003,HUT,KS,ACE,CE,Federal Contract Tower,0,0,9,0,9,0,2,61,0,63,0,2,70,0,72,68,0,68,140
11/26/2003,HUT,KS,ACE,CE,Federal Contract Tower,0,0,24,6,30,0,0,36,0,36,0,0,60,6,66,44,32,76,142
11/27/2003,HUT,KS,ACE,CE,Federal Contract Tower,0,0,1,0,1,0,4,12,0,16,0,4,13,0,17,20,0,20,37
11/28/2003,HUT,KS,ACE,CE,Federal Contract Tower,0,0,4,0,4,0,0,60,0,60,0,0,64,0,64,59,0,59,123
11/29/2003,HUT,KS,ACE,CE,Federal Contract Tower,0,0,4,0,4,0,0,19,0,19,0,0,23,0,23,50,0,50,73
11/30/2003,HUT,KS,ACE,CE,Federal Contract Tower,0,0,12,0,12,0,0,55,0,55,0,0,67,0,67,18,0,18,85
12/01/2003,HUT,KS,ACE,CE,Federal Contract Tower,0,1,6,2,9,0,3,68,2,73,0,4,74,4,82,30,4,34,116
12/02/2003,HUT,KS,ACE,CE,Federal Contract Tower,0,1,21,8,30,0,0,23,0,23,0,1,44,8,53,49,28,77,130
12/03/2003,HUT,KS,ACE,CE,Federal Contract Tower,0,2,22,8,32,0,0,28,0,28,0,2,50,8,60,35,40,75,135
12/04/2003,HUT,KS,ACE,CE,Federal Contract Tower,0,0,18,7,25,0,0,39,1,40,0,0,57,8,65,78,38,116,181
12/05/2003,HUT,KS,ACE,CE,Federal Contract Tower,0,1,27,11,39,0,0,45,3,48,0,1,72,14,87,62,40,102,189
12/06/2003,HUT,KS,ACE,CE,Federal Contract Tower,0,1,13,0,14,0,0,66,0,66,0,1,79,0,80,36,0,36,116
12/07/2003,HUT,KS,ACE,CE,Federal Contract Tower,0,1,8,0,9,0,3,64,0,67,0,4,72,0,76,36,0,36,112
12/08/2003,HUT,KS,ACE,CE,Federal Contract Tower,0,3,28,9,40,0,0,65,44,109,0,3,93,53,149,73,51,124,273
12/09/2003,HUT,KS,ACE,CE,Federal Contract Tower,0,0,7,0,7,0,2,2,0,4,0,2,9,0,11,3,0,3,14
12/10/2003,HUT,KS,ACE,CE,Federal Contract Tower,0,2,17,5,24,0,10,27,0,37,0,12,44,5,61,74,18,92,153
12/11/2003,HUT,KS,ACE,CE,Federal Contract Tower,0,0,22,8,30,0,0,54,10,64,0,0,76,18,94,104,18,122,216
12/12/2003,HUT,KS,ACE,CE,Federal Contract Tower,0,0,16,4,20,0,1,34,0,35,0,1,50,4,55,61,10,71,126
12/13/2003,HUT,KS,ACE,CE,Federal Contract Tower,0,0,2,0,2,0,0,3,0,3,0,0,5,0,5,3,0,3,8
12/14/2003,HUT,KS,ACE,CE,Federal Contract Tower,0,0,7,0,7,0,0,7,0,7,0,0,14,0,14,2,0,2,16
12/15/2003,HUT,KS,ACE,CE,Federal Contract Tower,0,0,11,1,12,0,0,20,0,20,0,0,31,1,32,14,1,15,47
12/16/2003,HUT,KS,ACE,CE,Federal Contract Tower,0,0,10,4,14,0,0,43,1,44,0,0,53,5,58,33,2,35,93
12/17/2003,HUT,KS,ACE,CE,Federal Contract Tower,0,1,31,8,40,0,1,99,0,100,0,2,130,8,140,116,24,140,280
12/18/2003,HUT,KS,ACE,CE,Federal Contract Tower,0,1,24,0,25,0,0,82,0,82,0,1,106,0,107,72,0,72,179
12/19/2003,HUT,KS,ACE,CE,Federal Contract Tower,0,0,27,4,31,0,0,140,0,140,0,0,167,4,171,136,2,138,309
12/20/2003,HUT,KS,ACE,CE,Federal Contract Tower,0,0,15,4,19,0,4,191,0,195,0,4,206,4,214,142,6,148,362
12/21/2003,HUT,KS,ACE,CE,Federal Contract Tower,0,0,1,0,1,0,0,86,0,86,0,0,87,0,87,46,0,46,133
12/22/2003,HUT,KS,ACE,CE,Federal Contract Tower,0,1,17,6,24,0,1,34,0,35,0,2,51,6,59,41,5,46,105
12/23/2003,HUT,KS,ACE,CE,Federal Contract Tower,0,0,10,0,10,0,2,38,0,40,0,2,48,0,50,58,0,58,108
12/24/2003,HUT,KS,ACE,CE,Federal Contract Tower,0,0,10,0,10,0,4,63,0,67,0,4,73,0,77,86,1,87,164
12/25/2003,HUT,KS,ACE,CE,Federal Contract Tower,0,0,3,0,3,0,1,21,0,22,0,1,24,0,25,0,0,0,25
12/26/2003,HUT,KS,ACE,CE,Federal Contract Tower,0,0,11,0,11,0,3,35,0,38,0,3,46,0,49,38,0,38,87
12/27/2003,HUT,KS,ACE,CE,Federal Contract Tower,0,0,8,0,8,0,2,28,0,30,0,2,36,0,38,26,0,26,64
12/28/2003,HUT,KS,ACE,CE,Federal Contract Tower,0,0,3,0,3,0,0,29,0,29,0,0,32,0,32,6,0,6,38
12/29/2003,HUT,KS,ACE,CE,Federal Contract Tower,0,0,8,0,8,0,2,66,0,68,0,2,74,0,76,21,0,21,97
12/30/2003,HUT,KS,ACE,CE,Federal Contract Tower,0,0,7,0,7,0,0,76,0,76,0,0,83,0,83,81,0,81,164
12/31/2003,HUT,KS,ACE,CE,Federal Contract Tower,0,0,8,0,8,0,3,96,0,99,0,3,104,0,107,84,0,84,191
01/01/2004,HUT,KS,ACE,CE,Federal Contract Tower,0,0,6,0,6,0,0,36,0,36,0,0,42,0,42,34,0,34,76
01/02/2004,HUT,KS,ACE,CE,Federal Contract Tower,0,1,4,0,5,0,0,52,0,52,0,1,56,0,57,8,0,8,65
01/03/2004,HUT,KS,ACE,CE,Federal Contract Tower,0,1,4,0,5,0,1,45,0,46,0,2,49,0,51,4,0,4,55
01/04/2004,HUT,KS,ACE,CE,Federal Contract Tower,0,1,4,0,5,0,1,5,0,6,0,2,9,0,11,0,0,0,11
01/05/2004,HUT,KS,ACE,CE,Federal Contract Tower,0,1,7,6,14,0,1,35,23,59,0,2,42,29,73,46,18,64,137
01/06/2004,HUT,KS,ACE,CE,Federal Contract Tower,0,0,7,7,14,0,0,54,14,68,0,0,61,21,82,48,19,67,149
01/07/2004,HUT,KS,ACE,CE,Federal Contract Tower,0,3,19,6,28,0,0,29,0,29,0,3,48,6,57,72,18,90,147
01/08/2004,HUT,KS,ACE,CE,Federal Contract Tower,0,3,14,9,26,0,0,24,3,27,0,3,38,12,53,48,18,66,119
01/09/2004,HUT,KS,ACE,CE,Federal Contract Tower,0,0,18,2,20,0,0,32,0,32,0,0,50,2,52,68,10,78,130
01/10/2004,HUT,KS,ACE,CE,Federal Contract Tower,0,0,1,0,1,0,0,45,0,45,0,0,46,0,46,32,0,32,78
01/11/2004,HUT,KS,ACE,CE,Federal Contract Tower,0,1,6,2,9,0,7,11,2,20,0,8,17,4,29,18,8,26,55
01/12/2004,HUT,KS,ACE,CE,Federal Contract Tower,0,2,18,13,33,0,0,59,19,78,0,2,77,32,111,90,64,154,265
01/13/2004,HUT,KS,ACE,CE,Federal Contract Tower,0,0,14,4,18,0,0,46,0,46,0,0,60,4,64,62,12,74,138
01/14/2004,HUT,KS,ACE,CE,Federal Contract Tower,0,0,12,8,20,0,0,37,6,43,0,0,49,14,63,64,14,78,141
01/15/2004,HUT,KS,ACE,CE,Federal Contract Tower,0,1,21,13,35,0,3,34,0,37,0,4,55,13,72,84,22,106,178
01/16/2004,HUT,KS,ACE,CE,Federal Contract Tower,0,0,6,0,6,0,0,4,0,4,0,0,10,0,10,0,0,0,10
01/17/2004,HUT,KS,ACE,CE,Federal Contract Tower,0,0,5,0,5,0,0,5,0,5,0,0,10,0,10,0,0,0,10
01/18/2004,HUT,KS,ACE,CE,Federal Contract Tower,0,0,3,0,3,0,0,32,0,32,0,0,35,0,35,3,0,3,38
01/19/2004,HUT,KS,ACE,CE,Federal Contract Tower,0,0,6,0,6,0,4,45,0,49,0,4,51,0,55,40,0,40,95
01/20/2004,HUT,KS,ACE,CE,Federal Contract Tower,0,0,7,4,11,0,4,15,2,21,0,4,22,6,32,13,6,19,51
01/21/2004,HUT,KS,ACE,CE,Federal Contract Tower,0,3,42,27,72,0,1,61,42,104,0,4,103,69,176,114,76,190,366
01/22/2004,HUT,KS,ACE,CE,Federal Contract Tower,0,0,27,16,43,0,0,108,0,108,0,0,135,16,151,82,26,108,259
01/23/2004,HUT,KS,ACE,CE,Federal Contract Tower,0,1,21,10,32,0,7,61,0,68,0,8,82,10,100,42,20,62,162
01/24/2004,HUT,KS,ACE,CE,Federal Contract Tower,0,0,12,2,14,0,0,31,0,31,0,0,43,2,45,10,2,12,57
01/25/2004,HUT,KS,ACE,CE,Federal Contract Tower,0,0,6,0,6,0,0,3,0,3,0,0,9,0,9,0,0,0,9
01/26/2004,HUT,KS,ACE,CE,Federal Contract Tower,0,0,6,0,6,0,4,1,0,5,0,4,7,0,11,0,0,0,11
01/27/2004,HUT,KS,ACE,CE,Federal Contract Tower,0,0,10,0,10,0,2,64,0,66,0,2,74,0,76,78,0,78,154
01/28/2004,HUT,KS,ACE,CE,Federal Contract Tower,0,0,11,6,17,0,0,21,0,21,0,0,32,6,38,22,12,34,72
01/29/2004,HUT,KS,ACE,CE,Federal Contract Tower,0,0,7,0,7,0,8,13,0,21,0,8,20,0,28,2,0,2,30
01/30/2004,HUT,KS,ACE,CE,Federal Contract Tower,0,0,20,10,30,0,0,17,0,17,0,0,37,10,47,48,28,76,123
01/31/2004,HUT,KS,ACE,CE,Federal Contract Tower,0,0,5,0,5,0,0,3,0,3,0,0,8,0,8,0,0,0,8
02/01/2004,HUT,KS,ACE,CE,Federal Contract Tower,0,0,2,0,2,0,0,2,0,2,0,0,4,0,4,0,0,0,4
02/02/2004,HUT,KS,ACE,CE,Federal Contract Tower,0,1,0,0,1,0,3,5,0,8,0,4,5,0,9,0,0,0,9
02/03/2004,HUT,KS,ACE,CE,Federal Contract Tower,0,1,11,0,12,0,0,23,0,23,0,1,34,0,35,58,0,58,93
02/04/2004,HUT,KS,ACE,CE,Federal Contract Tower,0,0,0,0,0,0,0,0,0,0,0,0,0,0,0,0,0,0,0
02/05/2004,HUT,KS,ACE,CE,Federal Contract Tower,0,1,4,0,5,0,1,3,0,4,0,2,7,0,9,2,0,2,11
02/06/2004,HUT,KS,ACE,CE,Federal Contract Tower,0,0,7,2,9,0,0,9,0,9,0,0,16,2,18,14,2,16,34
02/07/2004,HUT,KS,ACE,CE,Federal Contract Tower,0,0,6,0,6,0,0,61,0,61,0,0,67,0,67,33,0,33,100
02/08/2004,HUT,KS,ACE,CE,Federal Contract Tower,0,0,2,0,2,0,5,30,0,35,0,5,32,0,37,5,0,5,42
02/09/2004,HUT,KS,ACE,CE,Federal Contract Tower,0,0,6,3,9,0,2,50,0,52,0,2,56,3,61,29,5,34,95
02/10/2004,HUT,KS,ACE,CE,Federal Contract Tower,0,0,13,9,22,0,0,71,14,85,0,0,84,23,107,88,41,129,236
02/11/2004,HUT,KS,ACE,CE,Federal Contract Tower,0,3,19,10,32,0,7,52,0,59,0,10,71,10,91,52,32,84,175
02/12/2004,HUT,KS,ACE,CE,Federal Contract Tower,0,2,17,12,31,0,0,75,2,77,0,2,92,14,108,86,42,128,236
02/13/2004,HUT,KS,ACE,CE,Federal Contract Tower,0,2,12,4,18,0,6,79,0,85,0,8,91,4,103,78,2,80,183
02/14/2004,HUT,KS,ACE,CE,Federal Contract Tower,0,0,4,0,4,0,0,55,0,55,0,0,59,0,59,38,0,38,97
02/15/2004,HUT,KS,ACE,CE,Federal Contract Tower,0,0,2,0,2,0,0,35,0,35,0,0,37,0,37,18,0,18,55
02/16/2004,HUT,KS,ACE,CE,Federal Contract Tower,0,0,20,0,20,0,0,31,0,31,0,0,51,0,51,12,0,12,63
02/17/2004,HUT,KS,ACE,CE,Federal Contract Tower,0,2,23,4,29,0,0,38,0,38,0,2,61,4,67,90,34,124,191
02/18/2004,HUT,KS,ACE,CE,Federal Contract Tower,0,2,9,4,15,0,6,47,0,53,0,8,56,4,68,88,10,98,166
02/19/2004,HUT,KS,ACE,CE,Federal Contract Tower,0,0,10,2,12,0,0,26,0,26,0,0,36,2,38,58,0,58,96
02/20/2004,HUT,KS,ACE,CE,Federal Contract Tower,0,0,13,8,21,0,0,31,10,41,0,0,44,18,62,70,42,112,174
02/21/2004,HUT,KS,ACE,CE,Federal Contract Tower,0,0,6,2,8,0,4,112,0,116,0,4,118,2,124,144,2,146,270
02/22/2004,HUT,KS,ACE,CE,Federal Contract Tower,0,0,15,10,25,0,0,83,10,93,0,0,98,20,118,67,26,93,211
02/23/2004,HUT,KS,ACE,CE,Federal Contract Tower,0,1,16,11,28,0,6,52,17,75,0,7,68,28,103,88,33,121,224
02/24/2004,HUT,KS,ACE,CE,Federal Contract Tower,0,1,9,5,15,0,3,36,3,42,0,4,45,8,57,52,5,57,114
02/25/2004,HUT,KS,ACE,CE,Federal Contract Tower,0,2,20,0,22,0,10,105,0,115,0,12,125,0,137,102,0,102,239
02/26/2004,HUT,KS,ACE,CE,Federal Contract Tower,0,4,33,21,58,0,14,109,5,128,0,18,142,26,186,152,70,222,408
02/27/2004,HUT,KS,ACE,CE,Federal Contract Tower,0,2,18,10,30,0,12,49,0,61,0,14,67,10,91,68,20,88,179
02/28/2004,HUT,KS,ACE,CE,Federal Contract Tower,0,1,13,0,14,0,7,32,0,39,0,8,45,0,53,60,0,60,113
02/29/2004,HUT,KS,ACE,CE,Federal Contract Tower,0,0,14,6,20,0,0,1,0,1,0,0,15,6,21,2,10,12,33
03/01/2004,HUT,KS,ACE,CE,Federal Contract Tower,0,2,26,14,42,0,0,30,14,44,0,2,56,28,86,30,40,70,156
03/02/2004,HUT,KS,ACE,CE,Federal Contract Tower,0,0,27,14,41,0,0,81,17,98,0,0,108,31,139,98,54,152,291
03/03/2004,HUT,KS,ACE,CE,Federal Contract Tower,0,1,10,0,11,0,3,3,0,6,0,4,13,0,17,0,0,0,17
03/04/2004,HUT,KS,ACE,CE,Federal Contract Tower,0,0,5,0,5,0,0,4,0,4,0,0,9,0,9,0,0,0,9
03/05/2004,HUT,KS,ACE,CE,Federal Contract Tower,0,4,45,4,53,0,6,29,0,35,0,10,74,4,88,126,26,152,240
03/06/2004,HUT,KS,ACE,CE,Federal Contract Tower,0,1,11,0,12,0,5,39,0,44,0,6,50,0,56,82,0,82,138
03/07/2004,HUT,KS,ACE,CE,Federal Contract Tower,0,0,4,0,4,0,0,33,0,33,0,0,37,0,37,34,0,34,71
03/08/2004,HUT,KS,ACE,CE,Federal Contract Tower,0,1,9,0,10,0,4,81,0,85,0,5,90,0,95,88,0,88,183
03/09/2004,HUT,KS,ACE,CE,Federal Contract Tower,0,1,7,4,12,0,1,69,5,75,0,2,76,9,87,66,3,69,156
03/10/2004,HUT,KS,ACE,CE,Federal Contract Tower,0,1,5,3,9,0,7,21,3,31,0,8,26,6,40,9,2,11,51
03/11/2004,HUT,KS,ACE,CE,Federal Contract Tower,0,2,22,13,37,0,2,113,11,126,0,4,135,24,163,94,30,124,287
03/12/2004,HUT,KS,ACE,CE,Federal Contract Tower,0,2,19,8,29,0,5,75,0,80,0,7,94,8,109,86,34,120,229
03/13/2004,HUT,KS,ACE,CE,Federal Contract Tower,0,0,17,0,17,0,0,18,0,18,0,0,35,0,35,24,0,24,59
03/14/2004,HUT,KS,ACE,CE,Federal Contract Tower,0,2,12,6,20,0,3,48,2,53,0,5,60,8,73,64,32,96,169
03/15/2004,HUT,KS,ACE,CE,Federal Contract Tower,0,2,22,5,29,0,4,43,0,47,0,6,65,5,76,64,24,88,164
03/16/2004,HUT,KS,ACE,CE,Federal Contract Tower,0,2,16,9,27,0,0,53,19,72,0,2,69,28,99,36,26,62,161
03/17/2004,HUT,KS,ACE,CE,Federal Contract Tower,0,1,20,6,27,0,3,53,0,56,0,4,73,6,83,92,28,120,203
03/18/2004,HUT,KS,ACE,CE,Federal Contract Tower,0,1,17,8,26,0,3,54,2,59,0,4,71,10,85,116,18,134,219
03/19/2004,HUT,KS,ACE,CE,Federal Contract Tower,0,2,42,22,66,0,0,26,11,37,0,2,68,33,103,46,42,88,191
03/20/2004,HUT,KS,ACE,CE,Federal Contract Tower,0,0,8,4,12,0,6,40,0,46,0,6,48,4,58,48,12,60,118
03/21/2004,HUT,KS,ACE,CE,Federal Contract Tower,0,0,5,0,5,0,4,51,0,55,0,4,56,0,60,75,0,75,135
03/22/2004,HUT,KS,ACE,CE,Federal Contract Tower,0,1,14,6,21,0,1,72,13,86,0,2,86,19,107,35,25,60,167
03/23/2004,HUT,KS,ACE,CE,Federal Contract Tower,0,0,5,1,6,0,0,25,0,25,0,0,30,1,31,10,1,11,42
03/24/2004,HUT,KS,ACE,CE,Federal Contract Tower,0,1,22,12,35,0,5,40,16,61,0,6,62,28,96,55,20,75,171
03/25/2004,HUT,KS,ACE,CE,Federal Contract Tower,0,1,15,7,23,0,3,13,2,18,0,4,28,9,41,12,6,18,59
03/26/2004,HUT,KS,ACE,CE,Federal Contract Tower,0,2,31,5,38,0,5,30,0,35,0,7,61,5,73,70,10,80,153
03/27/2004,HUT,KS,ACE,CE,Federal Contract Tower,0,0,5,0,5,0,2,2,0,4,0,2,7,0,9,0,0,0,9
03/28/2004,HUT,KS,ACE,CE,Federal Contract Tower,0,0,5,1,6,0,2,29,0,31,0,2,34,1,37,68,0,68,105
03/29/2004,HUT,KS,ACE,CE,Federal Contract Tower,0,0,10,4,14,0,4,52,0,56,0,4,62,4,70,34,14,48,118
03/30/2004,HUT,KS,ACE,CE,Federal Contract Tower,0,0,7,4,11,0,4,72,12,88,0,4,79,16,99,84,24,108,207
03/31/2004,HUT,KS,ACE,CE,Federal Contract Tower,0,2,27,13,42,0,3,68,10,81,0,5,95,23,123,102,38,140,263
04/01/2004,HUT,KS,ACE,CE,Federal Contract Tower,0,2,22,4,28,0,0,59,0,59,0,2,81,4,87,161,7,168,255
04/02/2004,HUT,KS,ACE,CE,Federal Contract Tower,0,1,12,5,18,0,1,30,3,34,0,2,42,8,52,78,28,106,158
04/03/2004,HUT,KS,ACE,CE,Federal Contract Tower,0,1,4,0,5,0,4,72,0,76,0,5,76,0,81,115,0,115,196
04/04/2004,HUT,KS,ACE,CE,Federal Contract Tower,0,1,5,0,6,0,9,36,0,45,0,10,41,0,51,66,0,66,117
04/05/2004,HUT,KS,ACE,CE,Federal Contract Tower,0,2,21,8,31,0,4,52,46,102,0,6,73,54,133,53,43,96,229
04/06/2004,HUT,KS,ACE,CE,Federal Contract Tower,0,0,10,4,14,0,0,81,0,81,0,0,91,4,95,56,4,60,155
04/07/2004,HUT,KS,ACE,CE,Federal Contract Tower,0,1,10,4,15,0,3,43,4,50,0,4,53,8,65,66,14,80,145
04/08/2004,HUT,KS,ACE,CE,Federal Contract Tower,0,1,12,0,13,0,15,57,0,72,0,16,69,0,85,100,0,100,185
04/09/2004,HUT,KS,ACE,CE,Federal Contract Tower,0,1,6,0,7,0,1,12,0,13,0,2,18,0,20,18,0,18,38
04/10/2004,HUT,KS,ACE,CE,Federal Contract Tower,0,0,6,0,6,0,0,13,0,13,0,0,19,0,19,24,0,24,43
04/11/2004,HUT,KS,ACE,CE,Federal Contract Tower,0,1,1,0,2,0,1,34,0,35,0,2,35,0,37,10,0,10,47
04/12/2004,HUT,KS,ACE,CE,Federal Contract Tower,0,1,11,0,12,0,4,75,0,79,0,5,86,0,91,126,0,126,217
04/13/2004,HUT,KS,ACE,CE,Federal Contract Tower,0,1,10,5,16,0,0,84,3,87,0,1,94,8,103,118,12,130,233
04/14/2004,HUT,KS,ACE,CE,Federal Contract Tower,0,1,8,0,9,0,7,67,0,74,0,8,75,0,83,82,0,82,165
04/15/2004,HUT,KS,ACE,CE,Federal Contract Tower,0,1,13,6,20,0,1,46,17,64,0,2,59,23,84,96,33,129,213
04/16/2004,HUT,KS,ACE,CE,Federal Contract Tower,0,1,21,6,28,0,6,68,0,74,0,7,89,6,102,138,34,172,274
04/17/2004,HUT,KS,ACE,CE,Federal Contract Tower,0,0,5,0,5,0,7,74,0,81,0,7,79,0,86,106,0,106,192
04/18/2004,HUT,KS,ACE,CE,Federal Contract Tower,0,0,3,0,3,0,6,31,0,37,0,6,34,0,40,0,0,0,40
04/19/2004,HUT,KS,ACE,CE,Federal Contract Tower,0,1,19,7,27,0,5,60,7,72,0,6,79,14,99,34,26,60,159
04/20/2004,HUT,KS,ACE,CE,Federal Contract Tower,0,1,20,8,29,0,2,0,2,4,0,3,20,10,33,9,41,50,83
04/21/2004,HUT,KS,ACE,CE,Federal Contract Tower,0,0,8,0,8,0,1,40,0,41,0,1,48,0,49,82,0,82,131
04/22/2004,HUT,KS,ACE,CE,Federal Contract Tower,0,0,22,3,25,0,0,10,0,10,0,0,32,3,35,22,15,37,72
04/23/2004,HUT,KS,ACE,CE,Federal Contract Tower,0,0,9,2,11,0,0,4,0,4,0,0,13,2,15,2,0,2,17
04/24/2004,HUT,KS,ACE,CE,Federal Contract Tower,0,0,18,4,22,0,0,9,0,9,0,0,27,4,31,15,11,26,57
04/25/2004,HUT,KS,ACE,CE,Federal Contract Tower,0,0,3,0,3,0,2,42,0,44,0,2,45,0,47,18,0,18,65
04/26/2004,HUT,KS,ACE,CE,Federal Contract Tower,0,1,18,7,26,0,3,71,5,79,0,4,89,12,105,64,14,78,183
04/27/2004,HUT,KS,ACE,CE,Federal Contract Tower,0,1,22,9,32,0,4,124,17,145,0,5,146,26,177,140,34,174,351
04/28/2004,HUT,KS,ACE,CE,Federal Contract Tower,0,0,11,5,16,0,10,35,3,48,0,10,46,8,64,54,10,64,128
04/29/2004,HUT,KS,ACE,CE,Federal Contract Tower,0,1,18,4,23,0,7,32,0,39,0,8,50,4,62,26,4,30,92
04/30/2004,HUT,KS,ACE,CE,Federal Contract Tower,0,0,7,0,7,0,0,9,0,9,0,0,16,0,16,28,0,28,44
05/01/2004,HUT,KS,ACE,CE,Federal Contract Tower,0,1,6,0,7,0,3,59,0,62,0,4,65,0,69,132,0,132,201
05/02/2004,HUT,KS,ACE,CE,Federal Contract Tower,0,0,1,0,1,0,0,45,0,45,0,0,46,0,46,56,0,56,102
05/03/2004,HUT,KS,ACE,CE,Federal Contract Tower,0,1,11,6,18,0,8,111,20,139,0,9,122,26,157,52,48,100,257
05/04/2004,HUT,KS,ACE,CE,Federal Contract Tower,0,3,24,11,38,0,1,100,9,110,0,4,124,20,148,124,32,156,304
05/05/2004,HUT,KS,ACE,CE,Federal Contract Tower,0,0,5,3,8,0,0,58,3,61,0,0,63,6,69,103,4,107,176
05/06/2004,HUT,KS,ACE,CE,Federal Contract Tower,0,3,13,5,21,0,1,55,13,69,0,4,68,18,90,69,4,73,163
05/07/2004,HUT,KS,ACE,CE,Federal Contract Tower,0,0,10,4,14,0,0,44,0,44,0,0,54,4,58,73,4,77,135
05/08/2004,HUT,KS,ACE,CE,Federal Contract Tower,0,0,3,0,3,0,7,50,0,57,0,7,53,0,60,71,0,71,131
05/09/2004,HUT,KS,ACE,CE,Federal Contract Tower,0,0,8,0,8,0,0,11,0,11,0,0,19,0,19,40,0,40,59
05/10/2004,HUT,KS,ACE,CE,Federal Contract Tower,0,3,16,4,23,0,7,21,0,28,0,10,37,4,51,24,0,24,75
05/11/2004,HUT,KS,ACE,CE,Federal Contract Tower,0,3,17,6,26,0,3,66,0,69,0,6,83,6,95,76,0,76,171
05/12/2004,HUT,KS,ACE,CE,Federal Contract Tower,0,3,27,11,41,0,4,46,9,59,0,7,73,20,100,64,46,110,210
05/13/2004,HUT,KS,ACE,CE,Federal Contract Tower,0,0,10,0,10,0,2,4,0,6,0,2,14,0,16,2,0,2,18
05/14/2004,HUT,KS,ACE,CE,Federal Contract Tower,0,3,28,11,42,0,2,54,7,63,0,5,82,18,105,80,32,112,217
05/15/2004,HUT,KS,ACE,CE,Federal Contract Tower,0,1,18,7,26,0,3,62,3,68,0,4,80,10,94,82,40,122,216
05/16/2004,HUT,KS,ACE,CE,Federal Contract Tower,0,0,9,0,9,0,5,22,0,27,0,5,31,0,36,40,0,40,76
05/17/2004,HUT,KS,ACE,CE,Federal Contract Tower,0,2,31,12,45,0,7,53,6,66,0,9,84,18,111,38,48,86,197
05/18/2004,HUT,KS,ACE,CE,Federal Contract Tower,0,2,33,0,35,0,0,35,0,35,0,2,68,0,70,58,0,58,128
05/19/2004,HUT,KS,ACE,CE,Federal Contract Tower,0,0,9,0,9,0,9,36,0,45,0,9,45,0,54,65,0,65,119
05/20/2004,HUT,KS,ACE,CE,Federal Contract Tower,0,0,6,2,8,0,4,54,0,58,0,4,60,2,66,96,0,96,162
05/21/2004,HUT,KS,ACE,CE,Federal Contract Tower,0,1,16,6,23,0,3,24,13,40,0,4,40,19,63,48,71,119,182
05/22/2004,HUT,KS,ACE,CE,Federal Contract Tower,0,0,6,0,6,0,9,41,0,50,0,9,47,0,56,68,0,68,124
05/23/2004,HUT,KS,ACE,CE,Federal Contract Tower,0,0,6,0,6,0,2,51,0,53,0,2,57,0,59,73,0,73,132
05/24/2004,HUT,KS,ACE,CE,Federal Contract Tower,0,0,13,1,14,0,5,37,0,42,0,5,50,1,56,74,5,79,135
05/25/2004,HUT,KS,ACE,CE,Federal Contract Tower,0,1,26,10,37,0,1,59,10,70,0,2,85,20,107,194,14,208,315
05/26/2004,HUT,KS,ACE,CE,Federal Contract Tower,0,1,21,0,22,0,3,32,0,35,0,4,53,0,57,42,0,42,99
05/27/2004,HUT,KS,ACE,CE,Federal Contract Tower,0,0,12,5,17,0,2,56,3,61,0,2,68,8,78,60,6,66,144
05/28/2004,HUT,KS,ACE,CE,Federal Contract Tower,0,0,8,0,8,0,5,52,0,57,0,5,60,0,65,62,0,62,127
05/29/2004,HUT,KS,ACE,CE,Federal Contract Tower,0,0,9,0,9,0,12,19,0,31,0,12,28,0,40,58,0,58,98
05/30/2004,HUT,KS,ACE,CE,Federal Contract Tower,0,0,9,0,9,0,4,39,0,43,0,4,48,0,52,62,0,62,114
05/31/2004,HUT,KS,ACE,CE,Federal Contract Tower,0,1,17,2,20,0,2,85,0,87,0,3,102,2,107,77,13,90,197
06/01/2004,HUT,KS,ACE,CE,Federal Contract Tower,0,0,15,11,26,0,2,85,9,96,0,2,100,20,122,112,28,140,262
06/02/2004,HUT,KS,ACE,CE,Federal Contract Tower,0,0,20,6,26,0,0,77,0,77,0,0,97,6,103,92,14,106,209
06/03/2004,HUT,KS,ACE,CE,Federal Contract Tower,0,0,31,21,52,0,0,75,12,87,0,0,106,33,139,121,30,151,290
06/04/2004,HUT,KS,ACE,CE,Federal Contract Tower,0,0,27,19,46,0,3,63,19,85,0,3,90,38,131,83,72,155,286
06/05/2004,HUT,KS,ACE,CE,Federal Contract Tower,0,1,11,8,20,0,1,21,4,26,0,2,32,12,46,18,41,59,105
06/06/2004,HUT,KS,ACE,CE,Federal Contract Tower,0,0,5,3,8,0,0,47,1,48,0,0,52,4,56,95,12,107,163
06/07/2004,HUT,KS,ACE,CE,Federal Contract Tower,0,1,20,14,35,0,1,34,25,60,0,2,54,39,95,70,105,175,270
06/08/2004,HUT,KS,ACE,CE,Federal Contract Tower,0,1,16,10,27,0,4,36,0,40,0,5,52,10,67,45,53,98,165
06/09/2004,HUT,KS,ACE,CE,Federal Contract Tower,0,1,41,2,44,0,0,23,0,23,0,1,64,2,67,92,0,92,159
06/10/2004,HUT,KS,ACE,CE,Federal Contract Tower,0,2,36,6,44,0,5,24,0,29,0,7,60,6,73,58,2,60,133
06/11/2004,HUT,KS,ACE,CE,Federal Contract Tower,0,1,22,16,39,0,4,52,8,64,0,5,74,24,103,138,52,190,293
06/12/2004,HUT,KS,ACE,CE,Federal Contract Tower,0,1,4,0,5,0,1,30,0,31,0,2,34,0,36,38,0,38,74
06/13/2004,HUT,KS,ACE,CE,Federal Contract Tower,0,1,27,8,36,0,2,41,0,43,0,3,68,8,79,50,24,74,153
06/14/2004,HUT,KS,ACE,CE,Federal Contract Tower,0,1,12,9,22,0,7,41,1,49,0,8,53,10,71,89,18,107,178
06/15/2004,HUT,KS,ACE,CE,Federal Contract Tower,0,1,18,6,25,0,7,22,0,29,0,8,40,6,54,62,58,120,174
06/16/2004,HUT,KS,ACE,CE,Federal Contract Tower,0,1,11,0,12,0,11,53,0,64,0,12,64,0,76,94,0,94,170
06/17/2004,HUT,KS,ACE,CE,Federal Contract Tower,0,1,15,9,25,0,3,28,5,36,0,4,43,14,61,58,20,78,139
06/18/2004,HUT,KS,ACE,CE,Federal Contract Tower,0,0,36,14,50,0,0,15,0,15,0,0,51,14,65,93,48,141,206
06/19/2004,HUT,KS,ACE,CE,Federal Contract Tower,0,1,26,10,37,0,5,30,0,35,0,6,56,10,72,30,44,74,146
06/20/2004,HUT,KS,ACE,CE,Federal Contract Tower,0,0,15,8,23,0,0,40,0,40,0,0,55,8,63,44,31,75,138
06/21/2004,HUT,KS,ACE,CE,Federal Contract Tower,0,0,14,0,14,4,6,55,0,65,4,6,69,0,79,86,0,86,165
06/22/2004,HUT,KS,ACE,CE,Federal Contract Tower,0,0,22,14,36,0,10,120,35,165,0,10,142,49,201,192,75,267,468
06/23/2004,HUT,KS,ACE,CE,Federal Contract Tower,0,0,19,12,31,0,2,101,5,108,0,2,120,17,139,113,19,132,271
06/24/2004,HUT,KS,ACE,CE,Federal Contract Tower,0,0,40,16,56,0,0,87,0,87,0,0,127,16,143,108,72,180,323
06/25/2004,HUT,KS,ACE,CE,Federal Contract Tower,0,1,37,20,58,0,5,108,0,113,0,6,145,20,171,138,58,196,367
06/26/2004,HUT,KS,ACE,CE,Federal Contract Tower,0,0,8,4,12,0,2,68,0,70,0,2,76,4,82,42,6,48,130
06/27/2004,HUT,KS,ACE,CE,Federal Contract Tower,0,0,11,2,13,0,2,35,0,37,0,2,46,2,50,8,10,18,68
06/28/2004,HUT,KS,ACE,CE,Federal Contract Tower,0,1,43,29,73,0,4,83,1,88,0,5,126,30,161,156,82,238,399
06/29/2004,HUT,KS,ACE,CE,Federal Contract Tower,0,0,22,15,37,0,8,63,9,80,0,8,85,24,117,128,36,164,281
06/30/2004,HUT,KS,ACE,CE,Federal Contract Tower,0,1,32,20,53,0,7,3,0,10,0,8,35,20,63,72,38,110,173
07/01/2004,HUT,KS,ACE,CE,Federal Contract Tower,0,3,34,2,39,0,3,20,0,23,0,6,54,2,62,58,6,64,126
07/02/2004,HUT,KS,ACE,CE,Federal Contract Tower,0,2,19,0,21,0,4,12,0,16,0,6,31,0,37,85,0,85,122
07/03/2004,HUT,KS,ACE,CE,Federal Contract Tower,0,1,3,2,6,0,7,33,0,40,0,8,36,2,46,68,8,76,122
07/04/2004,HUT,KS,ACE,CE,Federal Contract Tower,0,0,2,0,2,0,0,19,0,19,0,0,21,0,21,0,0,0,21
07/05/2004,HUT,KS,ACE,CE,Federal Contract Tower,0,0,5,0,5,0,0,51,0,51,0,0,56,0,56,32,0,32,88
07/06/2004,HUT,KS,ACE,CE,Federal Contract Tower,0,1,11,2,14,0,3,23,0,26,0,4,34,2,40,57,18,75,115
07/07/2004,HUT,KS,ACE,CE,Federal Contract Tower,0,0,16,7,23,0,0,52,1,53,0,0,68,8,76,62,28,90,166
07/08/2004,HUT,KS,ACE,CE,Federal Contract Tower,0,1,15,7,23,0,3,31,5,39,0,4,46,12,62,60,27,87,149
07/09/2004,HUT,KS,ACE,CE,Federal Contract Tower,0,2,25,6,33,0,0,44,0,44,0,2,69,6,77,98,12,110,187
07/10/2004,HUT,KS,ACE,CE,Federal Contract Tower,0,1,6,0,7,0,8,68,0,76,0,9,74,0,83,82,0,82,165
07/11/2004,HUT,KS,ACE,CE,Federal Contract Tower,0,1,11,0,12,0,5,71,0,76,0,6,82,0,88,56,0,56,144
07/12/2004,HUT,KS,ACE,CE,Federal Contract Tower,0,1,15,7,23,0,3,92,8,103,0,4,107,15,126,94,16,110,236
07/13/2004,HUT,KS,ACE,CE,Federal Contract Tower,0,2,25,11,38,0,0,109,15,124,0,2,134,26,162,80,58,138,300
07/14/2004,HUT,KS,ACE,CE,Federal Contract Tower,0,1,15,8,24,0,3,36,0,39,0,4,51,8,63,68,4,72,135
07/15/2004,HUT,KS,ACE,CE,Federal Contract Tower,0,2,20,8,30,0,0,47,7,54,0,2,67,15,84,55,32,87,171
07/16/2004,HUT,KS,ACE,CE,Federal Contract Tower,0,1,22,9,32,0,3,30,3,36,0,4,52,12,68,48,16,64,132
07/17/2004,HUT,KS,ACE,CE,Federal Contract Tower,0,0,8,0,8,0,7,113,0,120,0,7,121,0,128,52,0,52,180
07/18/2004,HUT,KS,ACE,CE,Federal Contract Tower,0,0,12,6,18,0,2,39,6,47,0,2,51,12,65,36,22,58,123
07/19/2004,HUT,KS,ACE,CE,Federal Contract Tower,0,0,18,7,25,0,0,59,13,72,0,0,77,20,97,26,47,73,170
07/20/2004,HUT,KS,ACE,CE,Federal Contract Tower,0,0,16,4,20,0,0,96,0,96,0,0,112,4,116,71,15,86,202
07/21/2004,HUT,KS,ACE,CE,Federal Contract Tower,0,1,19,8,28,0,6,78,6,90,0,7,97,14,118,78,28,106,224
07/22/2004,HUT,KS,ACE,CE,Federal Contract Tower,0,1,22,3,26,0,8,92,0,100,0,9,114,3,126,60,7,67,193
07/23/2004,HUT,KS,ACE,CE,Federal Contract Tower,0,0,15,1,16,0,6,11,0,17,0,6,26,1,33,18,3,21,54
07/24/2004,HUT,KS,ACE,CE,Federal Contract Tower,0,0,18,2,20,0,0,5,0,5,0,0,23,2,25,8,2,10,35
07/25/2004,HUT,KS,ACE,CE,Federal Contract Tower,0,0,10,0,10,0,6,54,0,60,0,6,64,0,70,42,0,42,112
07/26/2004,HUT,KS,ACE,CE,Federal Contract Tower,0,0,15,0,15,0,2,82,0,84,0,2,97,0,99,68,0,68,167
07/27/2004,HUT,KS,ACE,CE,Federal Contract Tower,0,1,24,11,36,0,5,77,5,87,0,6,101,16,123,58,16,74,197
07/28/2004,HUT,KS,ACE,CE,Federal Contract Tower,0,2,44,12,58,0,4,37,0,41,0,6,81,12,99,42,26,68,167
07/29/2004,HUT,KS,ACE,CE,Federal Contract Tower,0,1,26,4,31,0,3,17,0,20,0,4,43,4,51,68,14,82,133
07/30/2004,HUT,KS,ACE,CE,Federal Contract Tower,0,2,32,14,48,0,10,0,0,10,0,12,32,14,58,89,48,137,195
07/31/2004,HUT,KS,ACE,CE,Federal Contract Tower,0,0,12,0,12,0,0,84,0,84,0,0,96,0,96,109,0,109,205
08/01/2004,HUT,KS,ACE,CE,Federal Contract Tower,0,2,20,10,32,0,0,29,8,37,0,2,49,18,69,86,38,124,193
08/02/2004,HUT,KS,ACE,CE,Federal Contract Tower,0,2,19,10,31,0,0,43,0,43,0,2,62,10,74,93,30,123,197
08/03/2004,HUT,KS,ACE,CE,Federal Contract Tower,0,2,15,3,20,0,4,70,0,74,0,6,85,3,94,23,7,30,124
08/04/2004,HUT,KS,ACE,CE,Federal Contract Tower,0,1,11,2,14,0,1,56,0,57,0,2,67,2,71,2,37,39,110
08/05/2004,HUT,KS,ACE,CE,Federal Contract Tower,0,2,21,7,30,0,3,45,0,48,0,5,66,7,78,63,18,81,159
08/06/2004,HUT,KS,ACE,CE,Federal Contract Tower,0,1,7,2,10,0,7,46,0,53,0,8,53,2,63,40,3,43,106
08/07/2004,HUT,KS,ACE,CE,Federal Contract Tower,0,1,12,1,14,0,9,26,0,35,0,10,38,1,49,67,9,76,125
08/08/2004,HUT,KS,ACE,CE,Federal Contract Tower,0,0,7,0,7,0,0,20,0,20,0,0,27,0,27,4,0,4,31
08/09/2004,HUT,KS,ACE,CE,Federal Contract Tower,0,2,24,13,39,0,1,65,11,77,0,3,89,24,116,82,16,98,214
08/10/2004,HUT,KS,ACE,CE,Federal Contract Tower,0,2,16,8,26,0,2,85,20,107,0,4,101,28,133,58,24,82,215
08/11/2004,HUT,KS,ACE,CE,Federal Contract Tower,0,3,31,15,49,0,1,111,10,122,0,4,142,25,171,129,31,160,331
08/12/2004,HUT,KS,ACE,CE,Federal Contract Tower,0,2,24,12,38,0,9,68,2,79,0,11,92,14,117,122,16,138,255
08/13/2004,HUT,KS,ACE,CE,Federal Contract Tower,0,1,10,4,15,0,14,87,0,101,0,15,97,4,116,175,8,183,299
08/14/2004,HUT,KS,ACE,CE,Federal Contract Tower,0,0,7,0,7,0,0,71,0,71,0,0,78,0,78,89,0,89,167
08/15/2004,HUT,KS,ACE,CE,Federal Contract Tower,0,1,13,2,16,0,10,40,0,50,0,11,53,2,66,32,0,32,98
08/16/2004,HUT,KS,ACE,CE,Federal Contract Tower,0,2,18,9,29,0,1,50,1,52,0,3,68,10,81,140,18,158,239
08/17/2004,HUT,KS,ACE,CE,Federal Contract Tower,0,0,9,4,13,0,2,55,0,57,0,2,64,4,70,80,2,82,152
08/18/2004,HUT,KS,ACE,CE,Federal Contract Tower,0,0,24,4,28,0,0,68,0,68,0,0,92,4,96,35,14,49,145
08/19/2004,HUT,KS,ACE,CE,Federal Contract Tower,0,0,18,0,18,0,0,6,0,6,0,0,24,0,24,9,0,9,33
08/20/2004,HUT,KS,ACE,CE,Federal Contract Tower,0,0,20,10,30,0,0,58,9,67,0,0,78,19,97,56,34,90,187
08/21/2004,HUT,KS,ACE,CE,Federal Contract Tower,0,0,3,0,3,0,6,90,2,98,0,6,93,2,101,38,8,46,147
08/22/2004,HUT,KS,ACE,CE,Federal Contract Tower,0,0,12,2,14,0,8,51,0,59,0,8,63,2,73,32,6,38,111
08/23/2004,HUT,KS,ACE,CE,Federal Contract Tower,0,0,7,3,10,0,6,40,5,51,0,6,47,8,61,4,6,10,71
08/24/2004,HUT,KS,ACE,CE,Federal Contract Tower,0,0,8,1,9,0,0,34,0,34,0,0,42,1,43,28,0,28,71
08/25/2004,HUT,KS,ACE,CE,Federal Contract Tower,0,0,11,1,12,0,8,59,0,67,0,8,70,1,79,72,0,72,151
08/26/2004,HUT,KS,ACE,CE,Federal Contract Tower,0,0,8,0,8,0,4,71,0,75,0,4,79,0,83,38,0,38,121
08/27/2004,HUT,KS,ACE,CE,Federal Contract Tower,0,1,18,0,19,0,2,76,0,78,0,3,94,0,97,84,0,84,181
08/28/2004,HUT,KS,ACE,CE,Federal Contract Tower,0,0,6,0,6,0,8,39,0,47,0,8,45,0,53,100,0,100,153
08/29/2004,HUT,KS,ACE,CE,Federal Contract Tower,0,1,18,4,23,0,9,54,0,63,0,10,72,4,86,94,22,116,202
08/30/2004,HUT,KS,ACE,CE,Federal Contract Tower,0,1,18,6,25,0,3,64,0,67,0,4,82,6,92,51,10,61,153
08/31/2004,HUT,KS,ACE,CE,Federal Contract Tower,0,1,33,16,50,0,0,165,36,201,0,1,198,52,251,134,65,199,450
09/01/2004,HUT,KS,ACE,CE,Federal Contract Tower,0,2,23,8,33,0,6,84,0,90,0,8,107,8,123,160,36,196,319
09/02/2004,HUT,KS,ACE,CE,Federal Contract Tower,0,2,27,12,41,0,1,97,0,98,0,3,124,12,139,48,38,86,225
09/03/2004,HUT,KS,ACE,CE,Federal Contract Tower,0,1,18,10,29,0,0,60,0,60,0,1,78,10,89,67,28,95,184
09/04/2004,HUT,KS,ACE,CE,Federal Contract Tower,0,1,5,2,8,0,5,53,0,58,0,6,58,2,66,20,0,20,86
09/05/2004,HUT,KS,ACE,CE,Federal Contract Tower,0,1,1,0,2,0,6,11,0,17,0,7,12,0,19,0,0,0,19
09/06/2004,HUT,KS,ACE,CE,Federal Contract Tower,0,1,5,0,6,0,1,57,0,58,0,2,62,0,64,46,0,46,110
09/07/2004,HUT,KS,ACE,CE,Federal Contract Tower,0,1,15,9,25,0,8,90,20,118,0,9,105,29,143,132,29,161,304
09/08/2004,HUT,KS,ACE,CE,Federal Contract Tower,0,1,13,8,22,0,6,95,0,101,0,7,108,8,123,112,10,122,245
09/09/2004,HUT,KS,ACE,CE,Federal Contract Tower,0,1,20,11,32,0,0,81,0,81,0,1,101,11,113,167,36,203,316
09/10/2004,HUT,KS,ACE,CE,Federal Contract Tower,0,2,20,11,33,0,0,90,2,92,0,2,110,13,125,90,16,106,231
09/11/2004,HUT,KS,ACE,CE,Federal Contract Tower,0,1,8,4,13,0,0,83,11,94,0,1,91,15,107,46,8,54,161
09/12/2004,HUT,KS,ACE,CE,Federal Contract Tower,0,1,8,0,9,0,6,70,0,76,0,7,78,0,85,116,0,116,201
09/13/2004,HUT,KS,ACE,CE,Federal Contract Tower,0,1,18,6,25,0,1,53,0,54,0,2,71,6,79,109,48,157,236
09/14/2004,HUT,KS,ACE,CE,Federal Contract Tower,0,1,17,9,27,0,3,51,4,58,0,4,68,13,85,66,20,86,171
09/15/2004,HUT,KS,ACE,CE,Federal Contract Tower,0,1,31,6,38,0,27,34,0,61,0,28,65,6,99,81,24,105,204
09/16/2004,HUT,KS,ACE,CE,Federal Contract Tower,0,0,13,7,20,0,6,41,3,50,0,6,54,10,70,102,18,120,190
09/17/2004,HUT,KS,ACE,CE,Federal Contract Tower,0,2,40,15,57,0,5,114,0,119,0,7,154,15,176,78,39,117,293
09/18/2004,HUT,KS,ACE,CE,Federal Contract Tower,0,0,8,0,8,0,2,73,0,75,0,2,81,0,83,13,0,13,96
09/19/2004,HUT,KS,ACE,CE,Federal Contract Tower,0,0,12,3,15,0,6,78,0,84,0,6,90,3,99,70,8,78,177
09/20/2004,HUT,KS,ACE,CE,Federal Contract Tower,0,1,21,7,29,0,2,45,0,47,0,3,66,7,76,113,27,140,216
09/21/2004,HUT,KS,ACE,CE,Federal Contract Tower,0,1,27,1,29,0,11,47,0,58,0,12,74,1,87,83,20,103,190
09/22/2004,HUT,KS,ACE,CE,Federal Contract Tower,0,0,16,2,18,0,0,48,0,48,0,0,64,2,66,90,0,90,156
09/23/2004,HUT,KS,ACE,CE,Federal Contract Tower,0,1,21,0,22,0,11,96,0,107,0,12,117,0,129,68,4,72,201
09/24/2004,HUT,KS,ACE,CE,Federal Contract Tower,0,1,25,13,39,0,0,113,14,127,0,1,138,27,166,104,24,128,294
09/25/2004,HUT,KS,ACE,CE,Federal Contract Tower,0,0,14,1,15,0,3,58,0,61,0,3,72,1,76,76,2,78,154
09/26/2004,HUT,KS,ACE,CE,Federal Contract Tower,0,0,7,0,7,0,1,50,0,51,0,1,57,0,58,54,0,54,112
09/27/2004,HUT,KS,ACE,CE,Federal Contract Tower,0,0,15,8,23,0,2,56,0,58,0,2,71,8,81,123,20,143,224
09/28/2004,HUT,KS,ACE,CE,Federal Contract Tower,0,1,31,2,34,0,1,67,0,68,0,2,98,2,102,93,8,101,203
09/29/2004,HUT,KS,ACE,CE,Federal Contract Tower,0,0,12,0,12,0,12,88,0,100,0,12,100,0,112,173,0,173,285
09/30/2004,HUT,KS,ACE,CE,Federal Contract Tower,0,0,8,0,8,0,7,44,0,51,0,7,52,0,59,44,0,44,103
10/01/2004,HUT,KS,ACE,CE,Federal Contract Tower,0,0,26,6,32,0,4,31,0,35,0,4,57,6,67,110,4,114,181
10/02/2004,HUT,KS,ACE,CE,Federal Contract Tower,0,0,12,2,14,0,0,74,2,76,0,0,86,4,90,38,0,38,128
10/03/2004,HUT,KS,ACE,CE,Federal Contract Tower,0,0,12,0,12,0,1,71,0,72,0,1,83,0,84,27,0,27,111
10/04/2004,HUT,KS,ACE,CE,Federal Contract Tower,0,0,15,12,27,0,2,82,0,84,0,2,97,12,111,109,38,147,258
10/05/2004,HUT,KS,ACE,CE,Federal Contract Tower,0,0,18,5,23,0,4,56,2,62,0,4,74,7,85,121,15,136,221
10/06/2004,HUT,KS,ACE,CE,Federal Contract Tower,0,0,19,0,19,0,30,18,0,48,0,30,37,0,67,24,0,24,91
10/07/2004,HUT,KS,ACE,CE,Federal Contract Tower,0,0,27,0,27,0,2,7,0,9,0,2,34,0,36,12,0,12,48
10/08/2004,HUT,KS,ACE,CE,Federal Contract Tower,0,0,27,4,31,0,2,74,0,76,0,2,101,4,107,60,10,70,177
10/09/2004,HUT,KS,ACE,CE,Federal Contract Tower,0,0,4,0,4,0,6,71,4,81,0,6,75,4,85,38,0,38,123
10/10/2004,HUT,KS,ACE,CE,Federal Contract Tower,0,0,18,0,18,0,0,2,0,2,0,0,20,0,20,2,0,2,22
10/11/2004,HUT,KS,ACE,CE,Federal Contract Tower,0,0,17,0,17,0,4,8,0,12,0,4,25,0,29,20,0,20,49
10/12/2004,HUT,KS,ACE,CE,Federal Contract Tower,0,4,9,16,29,0,20,54,0,74,0,24,63,16,103,59,44,103,206
10/13/2004,HUT,KS,ACE,CE,Federal Contract Tower,0,1,14,2,17,0,4,50,0,54,0,5,64,2,71,33,2,35,106
10/14/2004,HUT,KS,ACE,CE,Federal Contract Tower,0,1,18,12,31,0,0,46,2,48,0,1,64,14,79,141,12,153,232
10/15/2004,HUT,KS,ACE,CE,Federal Contract Tower,0,0,20,10,30,0,3,50,0,53,0,3,70,10,83,34,42,76,159
10/16/2004,HUT,KS,ACE,CE,Federal Contract Tower,0,0,6,2,8,0,4,102,0,106,0,4,108,2,114,77,5,82,196
10/17/2004,HUT,KS,ACE,CE,Federal Contract Tower,0,0,11,0,11,0,0,47,0,47,0,0,58,0,58,35,0,35,93
10/18/2004,HUT,KS,ACE,CE,Federal Contract Tower,0,0,15,2,17,0,2,43,0,45,0,2,58,2,62,68,4,72,134
10/19/2004,HUT,KS,ACE,CE,Federal Contract Tower,0,2,32,0,34,0,0,24,0,24,0,2,56,0,58,28,0,28,86
10/20/2004,HUT,KS,ACE,CE,Federal Contract Tower,0,4,34,0,38,0,1,0,0,1,0,5,34,0,39,35,0,35,74
10/21/2004,HUT,KS,ACE,CE,Federal Contract Tower,0,5,7,2,14,0,7,31,0,38,0,12,38,2,52,28,12,40,92
10/22/2004,HUT,KS,ACE,CE,Federal Contract Tower,0,0,22,0,22,0,3,25,0,28,0,3,47,0,50,12,0,12,62
10/23/2004,HUT,KS,ACE,CE,Federal Contract Tower,0,8,10,0,18,0,9,72,0,81,0,17,82,0,99,124,0,124,223
10/24/2004,HUT,KS,ACE,CE,Federal Contract Tower,0,2,7,2,11,0,5,47,0,52,0,7,54,2,63,2,2,4,67
10/25/2004,HUT,KS,ACE,CE,Federal Contract Tower,0,0,24,2,26,0,0,67,0,67,0,0,91,2,93,58,12,70,163
10/26/2004,HUT,KS,ACE,CE,Federal Contract Tower,0,2,23,2,27,0,0,36,0,36,0,2,59,2,63,40,12,52,115
10/27/2004,HUT,KS,ACE,CE,Federal Contract Tower,0,2,32,2,36,0,0,0,0,0,0,2,32,2,36,61,2,63,99
10/28/2004,HUT,KS,ACE,CE,Federal Contract Tower,0,0,34,2,36,0,2,9,0,11,0,2,43,2,47,102,2,104,151
10/29/2004,HUT,KS,ACE,CE,Federal Contract Tower,0,0,26,2,28,0,24,31,0,55,0,24,57,2,83,130,2,132,215
10/30/2004,HUT,KS,ACE,CE,Federal Contract Tower,0,0,7,0,7,0,2,96,0,98,0,2,103,0,105,106,0,106,211
10/31/2004,HUT,KS,ACE,CE,Federal Contract Tower,0,0,15,6,21,0,2,47,0,49,0,2,62,6,70,118,8,126,196
11/01/2004,HUT,KS,ACE,CE,Federal Contract Tower,0,0,28,10,38,0,0,0,0,0,0,0,28,10,38,36,8,44,82
11/02/2004,HUT,KS,ACE,CE,Federal Contract Tower,0,0,42,14,56,0,2,45,0,47,0,2,87,14,103,42,30,72,175
11/03/2004,HUT,KS,ACE,CE,Federal Contract Tower,0,0,23,2,25,0,2,13,0,15,0,2,36,2,40,64,2,66,106
11/04/2004,HUT,KS,ACE,CE,Federal Contract Tower,0,0,17,4,21,0,6,66,0,72,0,6,83,4,93,53,12,65,158
11/05/2004,HUT,KS,ACE,CE,Federal Contract Tower,0,0,40,13,53,0,5,57,2,64,0,5,97,15,117,140,22,162,279
11/06/2004,HUT,KS,ACE,CE,Federal Contract Tower,0,0,23,0,23,0,4,98,0,102,0,4,121,0,125,102,0,102,227
11/07/2004,HUT,KS,ACE,CE,Federal Contract Tower,0,0,6,4,10,0,4,69,0,73,0,4,75,4,83,36,2,38,121
11/08/2004,HUT,KS,ACE,CE,Federal Contract Tower,0,0,19,1,20,0,1,71,1,73,0,1,90,2,93,52,8,60,153
11/09/2004,HUT,KS,ACE,CE,Federal Contract Tower,0,0,12,5,17,0,2,66,0,68,0,2,78,5,85,70,10,80,165
11/10/2004,HUT,KS,ACE,CE,Federal Contract Tower,0,0,13,0,13,0,0,0,0,0,0,0,13,0,13,14,0,14,27
11/11/2004,HUT,KS,ACE,CE,Federal Contract Tower,0,0,10,0,10,0,0,23,0,23,0,0,33,0,33,20,0,20,53
11/12/2004,HUT,KS,ACE,CE,Federal Contract Tower,0,0,13,0,13,0,2,74,0,76,0,2,87,0,89,94,0,94,183
11/13/2004,HUT,KS,ACE,CE,Federal Contract Tower,0,0,5,1,6,0,7,66,4,77,0,7,71,5,83,46,6,52,135
11/14/2004,HUT,KS,ACE,CE,Federal Contract Tower,0,0,7,2,9,0,0,23,0,23,0,0,30,2,32,47,18,65,97
11/15/2004,HUT,KS,ACE,CE,Federal Contract Tower,0,2,21,0,23,0,0,0,0,0,0,2,21,0,23,2,0,2,25
11/16/2004,HUT,KS,ACE,CE,Federal Contract Tower,0,3,18,0,21,0,0,0,0,0,0,3,18,0,21,0,0,0,21
11/17/2004,HUT,KS,ACE,CE,Federal Contract Tower,0,10,32,0,42,0,0,0,0,0,0,10,32,0,42,24,0,24,66
11/18/2004,HUT,KS,ACE,CE,Federal Contract Tower,0,8,41,5,54,0,0,0,0,0,0,8,41,5,54,32,0,32,86
11/19/2004,HUT,KS,ACE,CE,Federal Contract Tower,0,0,41,2,43,0,5,15,0,20,0,5,56,2,63,47,0,47,110
11/20/2004,HUT,KS,ACE,CE,Federal Contract Tower,0,0,12,0,12,0,0,29,0,29,0,0,41,0,41,30,0,30,71
11/21/2004,HUT,KS,ACE,CE,Federal Contract Tower,0,0,27,0,27,0,0,4,0,4,0,0,31,0,31,38,0,38,69
11/22/2004,HUT,KS,ACE,CE,Federal Contract Tower,0,0,36,4,40,0,0,0,0,0,0,0,36,4,40,14,6,20,60
11/23/2004,HUT,KS,ACE,CE,Federal Contract Tower,0,2,17,0,19,0,0,2,0,2,0,2,19,0,21,0,0,0,21
11/24/2004,HUT,KS,ACE,CE,Federal Contract Tower,0,0,5,12,17,0,4,60,0,64,0,4,65,12,81,24,24,48,129
11/25/2004,HUT,KS,ACE,CE,Federal Contract Tower,0,0,1,0,1,0,0,22,0,22,0,0,23,0,23,16,0,16,39
11/26/2004,HUT,KS,ACE,CE,Federal Contract Tower,0,2,5,0,7,0,0,12,0,12,0,2,17,0,19,2,0,2,21
11/27/2004,HUT,KS,ACE,CE,Federal Contract Tower,0,0,5,0,5,0,0,35,0,35,0,0,40,0,40,40,0,40,80
11/28/2004,HUT,KS,ACE,CE,Federal Contract Tower,0,0,17,0,17,0,2,22,0,24,0,2,39,0,41,52,0,52,93
11/29/2004,HUT,KS,ACE,CE,Federal Contract Tower,0,0,0,0,0,0,0,3,0,3,0,0,3,0,3,0,0,0,3
11/30/2004,HUT,KS,ACE,CE,Federal Contract Tower,0,0,9,2,11,0,0,42,0,42,0,0,51,2,53,19,0,19,72
12/01/2004,HUT,KS,ACE,CE,Federal Contract Tower,0,2,17,2,21,0,5,55,0,60,0,7,72,2,81,84,2,86,167
12/02/2004,HUT,KS,ACE,CE,Federal Contract Tower,0,0,15,0,15,0,4,66,0,70,0,4,81,0,85,84,0,84,169
12/03/2004,HUT,KS,ACE,CE,Federal Contract Tower,0,0,14,2,16,0,4,54,2,60,0,4,68,4,76,98,18,116,192
12/04/2004,HUT,KS,ACE,CE,Federal Contract Tower,0,0,7,2,9,0,5,78,0,83,0,5,85,2,92,72,6,78,170
12/05/2004,HUT,KS,ACE,CE,Federal Contract Tower,0,1,9,0,10,0,0,0,0,0,0,1,9,0,10,0,0,0,10
12/06/2004,HUT,KS,ACE,CE,Federal Contract Tower,0,0,34,2,36,0,0,49,0,49,0,0,83,2,85,8,0,8,93
12/07/2004,HUT,KS,ACE,CE,Federal Contract Tower,0,0,16,20,36,0,0,108,0,108,0,0,124,20,144,152,56,208,352
12/08/2004,HUT,KS,ACE,CE,Federal Contract Tower,0,2,16,14,32,0,0,76,0,76,0,2,92,14,108,100,19,119,227
12/09/2004,HUT,KS,ACE,CE,Federal Contract Tower,0,0,10,10,20,0,1,41,0,42,0,1,51,10,62,70,28,98,160
12/10/2004,HUT,KS,ACE,CE,Federal Contract Tower,0,5,5,4,14,0,2,44,0,46,0,7,49,4,60,60,8,68,128
12/11/2004,HUT,KS,ACE,CE,Federal Contract Tower,0,0,4,0,4,0,2,93,2,97,0,2,97,2,101,66,6,72,173
12/12/2004,HUT,KS,ACE,CE,Federal Contract Tower,0,2,5,9,16,0,3,31,0,34,0,5,36,9,50,34,16,50,100
12/13/2004,HUT,KS,ACE,CE,Federal Contract Tower,0,1,16,2,19,0,2,64,0,66,0,3,80,2,85,77,4,81,166
12/14/2004,HUT,KS,ACE,CE,Federal Contract Tower,0,2,13,2,17,0,2,56,0,58,0,4,69,2,75,56,14,70,145
12/15/2004,HUT,KS,ACE,CE,Federal Contract Tower,0,0,11,2,13,0,2,65,0,67,0,2,76,2,80,76,0,76,156
12/16/2004,HUT,KS,ACE,CE,Federal Contract Tower,0,0,18,16,34,0,1,70,0,71,0,1,88,16,105,54,20,74,179
12/17/2004,HUT,KS,ACE,CE,Federal Contract Tower,0,0,4,12,16,0,0,73,0,73,0,0,77,12,89,124,30,154,243
12/18/2004,HUT,KS,ACE,CE,Federal Contract Tower,0,0,14,2,16,0,2,66,0,68,0,2,80,2,84,126,8,134,218
12/19/2004,HUT,KS,ACE,CE,Federal Contract Tower,0,2,5,0,7,0,0,39,2,41,0,2,44,2,48,80,0,80,128
12/20/2004,HUT,KS,ACE,CE,Federal Contract Tower,0,0,13,12,25,0,0,70,0,70,0,0,83,12,95,81,18,99,194
12/21/2004,HUT,KS,ACE,CE,Federal Contract Tower,0,0,9,4,13,0,1,61,0,62,0,1,70,4,75,34,16,50,125
12/22/2004,HUT,KS,ACE,CE,Federal Contract Tower,0,0,12,35,47,0,0,81,0,81,0,0,93,35,128,46,96,142,270
12/23/2004,HUT,KS,ACE,CE,Federal Contract Tower,0,0,7,0,7,0,0,51,0,51,0,0,58,0,58,14,0,14,72
12/24/2004,HUT,KS,ACE,CE,Federal Contract Tower,0,0,2,0,2,0,3,32,0,35,0,3,34,0,37,8,0,8,45
12/25/2004,HUT,KS,ACE,CE,Federal Contract Tower,0,0,1,0,1,0,0,15,0,15,0,0,16,0,16,2,0,2,18
12/26/2004,HUT,KS,ACE,CE,Federal Contract Tower,0,0,5,0,5,0,0,25,0,25,0,0,30,0,30,42,0,42,72
12/27/2004,HUT,KS,ACE,CE,Federal Contract Tower,0,2,10,0,12,0,0,71,0,71,0,2,81,0,83,70,0,70,153
12/28/2004,HUT,KS,ACE,CE,Federal Contract Tower,0,2,7,0,9,0,4,62,0,66,0,6,69,0,75,52,0,52,127
12/29/2004,HUT,KS,ACE,CE,Federal Contract Tower,2,3,15,0,20,4,6,76,2,88,6,9,91,2,108,74,0,74,182
12/30/2004,HUT,KS,ACE,CE,Federal Contract Tower,0,0,13,0,13,0,0,34,0,34,0,0,47,0,47,4,0,4,51
12/31/2004,HUT,KS,ACE,CE,Federal Contract Tower,0,4,18,0,22,0,8,75,0,83,0,12,93,0,105,54,0,54,159
01/01/2005,HUT,KS,ACE,CE,Federal Contract Tower,0,0,8,0,8,0,6,1,0,7,0,6,9,0,15,2,0,2,17
01/02/2005,HUT,KS,ACE,CE,Federal Contract Tower,0,0,8,0,8,0,0,2,0,2,0,0,10,0,10,0,0,0,10
01/03/2005,HUT,KS,ACE,CE,Federal Contract Tower,0,0,4,0,4,0,2,2,0,4,0,2,6,0,8,0,0,0,8
01/04/2005,HUT,KS,ACE,CE,Federal Contract Tower,0,0,2,0,2,0,0,0,0,0,0,0,2,0,2,0,0,0,2
01/05/2005,HUT,KS,ACE,CE,Federal Contract Tower,0,0,1,0,1,0,0,0,0,0,0,0,1,0,1,0,0,0,1
01/06/2005,HUT,KS,ACE,CE,Federal Contract Tower,0,0,5,0,5,0,2,9,0,11,0,2,14,0,16,2,0,2,18
01/07/2005,HUT,KS,ACE,CE,Federal Contract Tower,0,4,22,0,26,0,2,12,0,14,0,6,34,0,40,4,0,4,44
01/08/2005,HUT,KS,ACE,CE,Federal Contract Tower,0,0,10,0,10,0,0,0,0,0,0,0,10,0,10,0,0,0,10
01/09/2005,HUT,KS,ACE,CE,Federal Contract Tower,0,0,12,0,12,0,0,20,2,22,0,0,32,2,34,14,0,14,48
01/10/2005,HUT,KS,ACE,CE,Federal Contract Tower,0,0,1,0,1,0,0,0,0,0,0,0,1,0,1,0,0,0,1
01/11/2005,HUT,KS,ACE,CE,Federal Contract Tower,0,0,12,0,12,0,0,0,0,0,0,0,12,0,12,0,0,0,12
01/12/2005,HUT,KS,ACE,CE,Federal Contract Tower,0,0,1,0,1,0,1,3,0,4,0,1,4,0,5,0,0,0,5
01/13/2005,HUT,KS,ACE,CE,Federal Contract Tower,0,0,13,2,15,0,2,69,0,71,0,2,82,2,86,54,2,56,142
01/14/2005,HUT,KS,ACE,CE,Federal Contract Tower,0,0,15,5,20,0,2,114,0,116,0,2,129,5,136,133,10,143,279
01/15/2005,HUT,KS,ACE,CE,Federal Contract Tower,0,0,4,0,4,0,0,21,0,21,0,0,25,0,25,76,0,76,101
01/16/2005,HUT,KS,ACE,CE,Federal Contract Tower,0,2,8,0,10,0,2,42,0,44,0,4,50,0,54,142,0,142,196
01/17/2005,HUT,KS,ACE,CE,Federal Contract Tower,0,0,15,10,25,0,4,65,0,69,0,4,80,10,94,85,69,154,248
01/18/2005,HUT,KS,ACE,CE,Federal Contract Tower,0,0,17,2,19,0,0,47,0,47,0,0,64,2,66,47,20,67,133
01/19/2005,HUT,KS,ACE,CE,Federal Contract Tower,0,0,1,6,7,0,1,87,0,88,0,1,88,6,95,68,30,98,193
01/20/2005,HUT,KS,ACE,CE,Federal Contract Tower,0,2,17,17,36,0,2,70,0,72,0,4,87,17,108,92,30,122,230
01/21/2005,HUT,KS,ACE,CE,Federal Contract Tower,0,8,7,2,17,0,0,53,0,53,0,8,60,2,70,124,0,124,194
01/22/2005,HUT,KS,ACE,CE,Federal Contract Tower,0,0,5,0,5,0,5,41,0,46,0,5,46,0,51,36,0,36,87
01/23/2005,HUT,KS,ACE,CE,Federal Contract Tower,0,0,7,2,9,0,6,43,0,49,0,6,50,2,58,55,0,55,113
01/24/2005,HUT,KS,ACE,CE,Federal Contract Tower,0,0,14,15,29,0,2,50,0,52,0,2,64,15,81,82,54,136,217
01/25/2005,HUT,KS,ACE,CE,Federal Contract Tower,0,0,10,4,14,0,0,91,0,91,0,0,101,4,105,82,4,86,191
01/26/2005,HUT,KS,ACE,CE,Federal Contract Tower,0,1,10,4,15,0,0,83,0,83,0,1,93,4,98,78,30,108,206
01/27/2005,HUT,KS,ACE,CE,Federal Contract Tower,0,0,14,2,16,0,1,26,0,27,0,1,40,2,43,8,4,12,55
01/28/2005,HUT,KS,ACE,CE,Federal Contract Tower,0,0,15,0,15,0,0,0,0,0,0,0,15,0,15,0,0,0,15
01/29/2005,HUT,KS,ACE,CE,Federal Contract Tower,0,0,8,0,8,0,0,0,0,0,0,0,8,0,8,4,0,4,12
01/30/2005,HUT,KS,ACE,CE,Federal Contract Tower,0,0,2,0,2,0,0,0,0,0,0,0,2,0,2,0,0,0,2
01/31/2005,HUT,KS,ACE,CE,Federal Contract Tower,0,0,9,0,9,0,0,1,0,1,0,0,10,0,10,0,0,0,10
02/01/2005,HUT,KS,ACE,CE,Federal Contract Tower,0,0,13,2,15,0,0,0,0,0,0,0,13,2,15,6,4,10,25
02/02/2005,HUT,KS,ACE,CE,Federal Contract Tower,0,0,22,2,24,0,0,106,0,106,0,0,128,2,130,86,12,98,228
02/03/2005,HUT,KS,ACE,CE,Federal Contract Tower,0,0,14,9,23,0,0,85,0,85,0,0,99,9,108,90,26,116,224
02/04/2005,HUT,KS,ACE,CE,Federal Contract Tower,0,0,4,0,4,0,1,109,0,110,0,1,113,0,114,138,0,138,252
02/05/2005,HUT,KS,ACE,CE,Federal Contract Tower,0,0,9,8,17,0,0,89,14,103,0,0,98,22,120,100,6,106,226
02/06/2005,HUT,KS,ACE,CE,Federal Contract Tower,0,0,4,0,4,0,0,0,0,0,0,0,4,0,4,0,0,0,4
02/07/2005,HUT,KS,ACE,CE,Federal Contract Tower,0,2,13,0,15,0,0,2,0,2,0,2,15,0,17,1,0,1,18
02/08/2005,HUT,KS,ACE,CE,Federal Contract Tower,0,0,2,0,2,0,0,2,0,2,0,0,4,0,4,0,0,0,4
02/09/2005,HUT,KS,ACE,CE,Federal Contract Tower,0,0,14,0,14,0,2,62,4,68,0,2,76,4,82,82,0,82,164
02/10/2005,HUT,KS,ACE,CE,Federal Contract Tower,0,1,17,0,18,0,0,125,0,125,0,1,142,0,143,80,0,80,223
02/11/2005,HUT,KS,ACE,CE,Federal Contract Tower,0,0,7,0,7,0,0,68,0,68,0,0,75,0,75,69,0,69,144
02/12/2005,HUT,KS,ACE,CE,Federal Contract Tower,0,0,9,0,9,0,0,41,0,41,0,0,50,0,50,36,0,36,86
02/13/2005,HUT,KS,ACE,CE,Federal Contract Tower,0,0,14,0,14,0,0,3,0,3,0,0,17,0,17,16,0,16,33
02/14/2005,HUT,KS,ACE,CE,Federal Contract Tower,0,0,13,0,13,0,0,91,2,93,0,0,104,2,106,165,0,165,271
02/15/2005,HUT,KS,ACE,CE,Federal Contract Tower,0,0,16,0,16,0,0,42,0,42,0,0,58,0,58,38,0,38,96
02/16/2005,HUT,KS,ACE,CE,Federal Contract Tower,0,1,7,7,15,0,11,55,0,66,0,12,62,7,81,54,20,74,155
02/17/2005,HUT,KS,ACE,CE,Federal Contract Tower,0,0,9,8,17,0,1,105,0,106,0,1,114,8,123,126,20,146,269
02/18/2005,HUT,KS,ACE,CE,Federal Contract Tower,0,0,15,12,27,0,7,62,3,72,0,7,77,15,99,114,10,124,223
02/19/2005,HUT,KS,ACE,CE,Federal Contract Tower,0,0,1,0,1,0,0,0,0,0,0,0,1,0,1,0,0,0,1
02/20/2005,HUT,KS,ACE,CE,Federal Contract Tower,0,0,14,0,14,0,0,26,0,26,0,0,40,0,40,66,0,66,106
02/21/2005,HUT,KS,ACE,CE,Federal Contract Tower,0,0,11,0,11,0,4,8,0,12,0,4,19,0,23,18,0,18,41
02/22/2005,HUT,KS,ACE,CE,Federal Contract Tower,0,2,18,0,20,0,0,7,0,7,0,2,25,0,27,10,0,10,37
02/23/2005,HUT,KS,ACE,CE,Federal Contract Tower,0,0,20,0,20,0,0,2,0,2,0,0,22,0,22,4,0,4,26
02/24/2005,HUT,KS,ACE,CE,Federal Contract Tower,0,0,4,8,12,0,3,89,0,92,0,3,93,8,104,100,24,124,228
02/25/2005,HUT,KS,ACE,CE,Federal Contract Tower,0,0,13,22,35,0,3,96,0,99,0,3,109,22,134,66,62,128,262
02/26/2005,HUT,KS,ACE,CE,Federal Contract Tower,0,0,7,0,7,0,0,107,0,107,0,0,114,0,114,36,0,36,150
02/27/2005,HUT,KS,ACE,CE,Federal Contract Tower,0,0,19,2,21,0,0,4,0,4,0,0,23,2,25,0,0,0,25
02/28/2005,HUT,KS,ACE,CE,Federal Contract Tower,0,0,11,2,13,0,0,27,0,27,0,0,38,2,40,10,4,14,54
03/01/2005,HUT,KS,ACE,CE,Federal Contract Tower,0,1,12,5,18,0,0,28,0,28,0,1,40,5,46,20,4,24,70
03/02/2005,HUT,KS,ACE,CE,Federal Contract Tower,0,0,17,0,17,0,3,62,0,65,0,3,79,0,82,50,0,50,132
03/03/2005,HUT,KS,ACE,CE,Federal Contract Tower,0,2,12,10,24,0,3,94,9,106,0,5,106,19,130,52,10,62,192
03/04/2005,HUT,KS,ACE,CE,Federal Contract Tower,0,1,19,0,20,0,3,69,0,72,0,4,88,0,92,47,0,47,139
03/05/2005,HUT,KS,ACE,CE,Federal Contract Tower,0,1,10,0,11,0,0,85,0,85,0,1,95,0,96,66,0,66,162
03/06/2005,HUT,KS,ACE,CE,Federal Contract Tower,0,0,8,2,10,0,0,25,0,25,0,0,33,2,35,30,1,31,66
03/07/2005,HUT,KS,ACE,CE,Federal Contract Tower,0,0,7,2,9,0,0,23,0,23,0,0,30,2,32,22,6,28,60
03/08/2005,HUT,KS,ACE,CE,Federal Contract Tower,0,4,3,0,7,0,8,39,0,47,0,12,42,0,54,72,0,72,126
03/09/2005,HUT,KS,ACE,CE,Federal Contract Tower,0,2,25,0,27,0,2,57,0,59,0,4,82,0,86,84,0,84,170
03/10/2005,HUT,KS,ACE,CE,Federal Contract Tower,0,0,7,0,7,0,2,52,0,54,0,2,59,0,61,26,0,26,87
03/11/2005,HUT,KS,ACE,CE,Federal Contract Tower,0,0,23,4,27,0,1,64,0,65,0,1,87,4,92,66,20,86,178
03/12/2005,HUT,KS,ACE,CE,Federal Contract Tower,0,0,7,0,7,0,0,109,0,109,0,0,116,0,116,108,0,108,224
03/13/2005,HUT,KS,ACE,CE,Federal Contract Tower,0,0,7,0,7,0,4,45,0,49,0,4,52,0,56,22,0,22,78
03/14/2005,HUT,KS,ACE,CE,Federal Contract Tower,0,2,11,2,15,0,0,101,0,101,0,2,112,2,116,164,8,172,288
03/15/2005,HUT,KS,ACE,CE,Federal Contract Tower,0,0,9,4,13,0,1,36,0,37,0,1,45,4,50,34,12,46,96
03/16/2005,HUT,KS,ACE,CE,Federal Contract Tower,0,0,16,6,22,0,0,105,0,105,0,0,121,6,127,56,14,70,197
03/17/2005,HUT,KS,ACE,CE,Federal Contract Tower,0,0,6,4,10,0,0,41,0,41,0,0,47,4,51,44,6,50,101
03/18/2005,HUT,KS,ACE,CE,Federal Contract Tower,0,0,12,2,14,0,0,67,0,67,0,0,79,2,81,153,2,155,236
03/19/2005,HUT,KS,ACE,CE,Federal Contract Tower,0,0,8,0,8,0,3,77,0,80,0,3,85,0,88,94,0,94,182
03/20/2005,HUT,KS,ACE,CE,Federal Contract Tower,0,2,10,0,12,0,0,15,0,15,0,2,25,0,27,24,0,24,51
03/21/2005,HUT,KS,ACE,CE,Federal Contract Tower,0,2,6,0,8,0,0,0,0,0,0,2,6,0,8,1,0,1,9
03/22/2005,HUT,KS,ACE,CE,Federal Contract Tower,0,4,19,0,23,0,0,0,0,0,0,4,19,0,23,0,0,0,23
03/23/2005,HUT,KS,ACE,CE,Federal Contract Tower,0,0,19,8,27,0,1,5,0,6,0,1,24,8,33,12,4,16,49
03/24/2005,HUT,KS,ACE,CE,Federal Contract Tower,0,2,41,0,43,0,1,12,0,13,0,3,53,0,56,14,0,14,70
03/25/2005,HUT,KS,ACE,CE,Federal Contract Tower,0,0,40,4,44,0,0,14,0,14,0,0,54,4,58,46,4,50,108
03/26/2005,HUT,KS,ACE,CE,Federal Contract Tower,0,0,15,0,15,0,0,31,0,31,0,0,46,0,46,4,0,4,50
03/27/2005,HUT,KS,ACE,CE,Federal Contract Tower,0,0,5,0,5,0,3,53,0,56,0,3,58,0,61,16,0,16,77
03/28/2005,HUT,KS,ACE,CE,Federal Contract Tower,0,0,19,4,23,0,2,94,1,97,0,2,113,5,120,95,4,99,219
03/29/2005,HUT,KS,ACE,CE,Federal Contract Tower,0,0,10,4,14,0,39,89,0,128,0,39,99,4,142,64,2,66,208
03/30/2005,HUT,KS,ACE,CE,Federal Contract Tower,0,2,12,0,14,0,0,23,0,23,0,2,35,0,37,14,0,14,51
03/31/2005,HUT,KS,ACE,CE,Federal Contract Tower,0,0,10,6,16,0,32,62,0,94,0,32,72,6,110,68,18,86,196
04/01/2005,HUT,KS,ACE,CE,Federal Contract Tower,0,0,7,10,17,0,1,87,0,88,0,1,94,10,105,100,38,138,243
04/02/2005,HUT,KS,ACE,CE,Federal Contract Tower,0,0,3,2,5,0,5,58,0,63,0,5,61,2,68,50,2,52,120
04/03/2005,HUT,KS,ACE,CE,Federal Contract Tower,0,0,8,2,10,0,4,40,0,44,0,4,48,2,54,99,4,103,157
04/04/2005,HUT,KS,ACE,CE,Federal Contract Tower,0,0,5,1,6,0,2,38,1,41,0,2,43,2,47,18,0,18,65
04/05/2005,HUT,KS,ACE,CE,Federal Contract Tower,0,0,16,1,17,0,2,26,1,29,0,2,42,2,46,2,0,2,48
04/06/2005,HUT,KS,ACE,CE,Federal Contract Tower,0,0,7,4,11,0,1,6,0,7,0,1,13,4,18,0,13,13,31
04/07/2005,HUT,KS,ACE,CE,Federal Contract Tower,0,0,21,10,31,0,0,137,0,137,0,0,158,10,168,60,8,68,236
04/08/2005,HUT,KS,ACE,CE,Federal Contract Tower,0,2,32,7,41,0,0,2,1,3,0,2,34,8,44,51,4,55,99
04/09/2005,HUT,KS,ACE,CE,Federal Contract Tower,0,1,13,0,14,0,0,45,0,45,0,1,58,0,59,6,0,6,65
04/10/2005,HUT,KS,ACE,CE,Federal Contract Tower,0,0,3,0,3,0,0,6,0,6,0,0,9,0,9,0,0,0,9
04/11/2005,HUT,KS,ACE,CE,Federal Contract Tower,0,0,32,4,36,0,0,11,3,14,0,0,43,7,50,67,7,74,124
04/12/2005,HUT,KS,ACE,CE,Federal Contract Tower,0,0,6,13,19,0,0,69,0,69,0,0,75,13,88,132,46,178,266
04/13/2005,HUT,KS,ACE,CE,Federal Contract Tower,0,0,35,2,37,0,3,49,0,52,0,3,84,2,89,84,36,120,209
04/14/2005,HUT,KS,ACE,CE,Federal Contract Tower,0,2,22,2,26,0,2,109,0,111,0,4,131,2,137,94,12,106,243
04/15/2005,HUT,KS,ACE,CE,Federal Contract Tower,0,0,20,2,22,0,3,96,0,99,0,3,116,2,121,106,2,108,229
04/16/2005,HUT,KS,ACE,CE,Federal Contract Tower,0,0,10,0,10,0,2,57,0,59,0,2,67,0,69,78,0,78,147
04/17/2005,HUT,KS,ACE,CE,Federal Contract Tower,0,0,11,7,18,0,0,32,0,32,0,0,43,7,50,32,29,61,111
04/18/2005,HUT,KS,ACE,CE,Federal Contract Tower,0,0,25,2,27,0,0,37,0,37,0,0,62,2,64,46,0,46,110
04/19/2005,HUT,KS,ACE,CE,Federal Contract Tower,0,0,15,8,23,0,0,42,0,42,0,0,57,8,65,38,12,50,115
04/20/2005,HUT,KS,ACE,CE,Federal Contract Tower,0,0,18,10,28,0,2,61,0,63,0,2,79,10,91,48,12,60,151
04/21/2005,HUT,KS,ACE,CE,Federal Contract Tower,0,0,21,0,21,0,0,47,2,49,0,0,68,2,70,60,2,62,132
04/22/2005,HUT,KS,ACE,CE,Federal Contract Tower,0,2,16,2,20,0,2,50,0,52,0,4,66,2,72,89,4,93,165
04/23/2005,HUT,KS,ACE,CE,Federal Contract Tower,0,0,14,2,16,0,2,79,0,81,0,2,93,2,97,166,2,168,265
04/24/2005,HUT,KS,ACE,CE,Federal Contract Tower,0,0,3,0,3,0,0,69,0,69,0,0,72,0,72,30,0,30,102
04/25/2005,HUT,KS,ACE,CE,Federal Contract Tower,0,0,28,16,44,0,4,13,0,17,0,4,41,16,61,20,22,42,103
04/26/2005,HUT,KS,ACE,CE,Federal Contract Tower,0,0,25,2,27,0,2,82,0,84,0,2,107,2,111,156,2,158,269
04/27/2005,HUT,KS,ACE,CE,Federal Contract Tower,0,0,14,20,34,0,4,115,0,119,0,4,129,20,153,98,44,142,295
04/28/2005,HUT,KS,ACE,CE,Federal Contract Tower,0,0,34,2,36,0,0,18,0,18,0,0,52,2,54,36,0,36,90
04/29/2005,HUT,KS,ACE,CE,Federal Contract Tower,0,1,22,2,25,0,0,5,0,5,0,1,27,2,30,25,0,25,55
04/30/2005,HUT,KS,ACE,CE,Federal Contract Tower,0,0,12,0,12,0,0,132,0,132,0,0,144,0,144,110,0,110,254
05/01/2005,HUT,KS,ACE,CE,Federal Contract Tower,0,0,10,0,10,0,0,29,0,29,0,0,39,0,39,18,0,18,57
05/02/2005,HUT,KS,ACE,CE,Federal Contract Tower,0,0,15,2,17,0,0,96,0,96,0,0,111,2,113,177,12,189,302
05/03/2005,HUT,KS,ACE,CE,Federal Contract Tower,0,0,10,14,24,0,1,61,0,62,0,1,71,14,86,82,50,132,218
05/04/2005,HUT,KS,ACE,CE,Federal Contract Tower,0,0,16,18,34,0,0,88,0,88,0,0,104,18,122,66,42,108,230
05/05/2005,HUT,KS,ACE,CE,Federal Contract Tower,0,1,38,0,39,0,3,50,0,53,0,4,88,0,92,94,0,94,186
05/06/2005,HUT,KS,ACE,CE,Federal Contract Tower,0,2,35,6,43,0,0,35,0,35,0,2,70,6,78,59,12,71,149
05/07/2005,HUT,KS,ACE,CE,Federal Contract Tower,0,0,8,0,8,0,1,28,0,29,0,1,36,0,37,26,0,26,63
05/08/2005,HUT,KS,ACE,CE,Federal Contract Tower,0,0,4,0,4,0,0,10,0,10,0,0,14,0,14,0,0,0,14
05/09/2005,HUT,KS,ACE,CE,Federal Contract Tower,0,4,8,4,16,0,0,119,0,119,0,4,127,4,135,155,4,159,294
05/10/2005,HUT,KS,ACE,CE,Federal Contract Tower,0,0,17,0,17,0,0,46,0,46,0,0,63,0,63,36,0,36,99
05/11/2005,HUT,KS,ACE,CE,Federal Contract Tower,0,0,22,4,26,0,2,123,0,125,0,2,145,4,151,100,16,116,267
05/12/2005,HUT,KS,ACE,CE,Federal Contract Tower,0,0,16,0,16,0,0,28,0,28,0,0,44,0,44,42,0,42,86
05/13/2005,HUT,KS,ACE,CE,Federal Contract Tower,0,4,28,0,32,0,2,15,0,17,0,6,43,0,49,12,0,12,61
05/14/2005,HUT,KS,ACE,CE,Federal Contract Tower,0,0,0,2,2,0,1,73,0,74,0,1,73,2,76,38,0,38,114
05/15/2005,HUT,KS,ACE,CE,Federal Contract Tower,0,2,4,0,6,0,0,58,0,58,0,2,62,0,64,66,0,66,130
05/16/2005,HUT,KS,ACE,CE,Federal Contract Tower,0,0,8,6,14,0,0,64,0,64,0,0,72,6,78,69,4,73,151
05/17/2005,HUT,KS,ACE,CE,Federal Contract Tower,0,0,15,2,17,0,0,57,0,57,0,0,72,2,74,38,6,44,118
05/18/2005,HUT,KS,ACE,CE,Federal Contract Tower,0,2,20,4,26,0,0,32,0,32,0,2,52,4,58,112,12,124,182
05/19/2005,HUT,KS,ACE,CE,Federal Contract Tower,0,2,11,9,22,0,0,175,0,175,0,2,186,9,197,162,63,225,422
05/20/2005,HUT,KS,ACE,CE,Federal Contract Tower,0,0,15,4,19,0,1,121,0,122,0,1,136,4,141,222,4,226,367
05/21/2005,HUT,KS,ACE,CE,Federal Contract Tower,0,0,8,0,8,0,0,67,0,67,0,0,75,0,75,97,0,97,172
05/22/2005,HUT,KS,ACE,CE,Federal Contract Tower,0,0,4,0,4,0,2,27,1,30,0,2,31,1,34,1,0,1,35
05/23/2005,HUT,KS,ACE,CE,Federal Contract Tower,0,0,17,1,18,0,0,90,3,93,0,0,107,4,111,170,0,170,281
05/24/2005,HUT,KS,ACE,CE,Federal Contract Tower,0,0,38,6,44,0,2,85,0,87,0,2,123,6,131,90,10,100,231
05/25/2005,HUT,KS,ACE,CE,Federal Contract Tower,0,2,13,9,24,0,4,121,4,129,0,6,134,13,153,108,20,128,281
05/26/2005,HUT,KS,ACE,CE,Federal Contract Tower,0,1,24,6,31,0,0,58,0,58,0,1,82,6,89,68,24,92,181
05/27/2005,HUT,KS,ACE,CE,Federal Contract Tower,0,1,14,0,15,0,5,82,0,87,0,6,96,0,102,56,0,56,158
05/28/2005,HUT,KS,ACE,CE,Federal Contract Tower,0,0,8,0,8,0,4,41,0,45,0,4,49,0,53,4,0,4,57
05/29/2005,HUT,KS,ACE,CE,Federal Contract Tower,0,0,5,0,5,0,0,20,0,20,0,0,25,0,25,0,0,0,25
05/30/2005,HUT,KS,ACE,CE,Federal Contract Tower,0,0,10,0,10,0,0,32,0,32,0,0,42,0,42,23,0,23,65
05/31/2005,HUT,KS,ACE,CE,Federal Contract Tower,0,0,6,0,6,0,0,9,0,9,0,0,15,0,15,0,0,0,15
06/01/2005,HUT,KS,ACE,CE,Federal Contract Tower,0,1,27,4,32,0,3,53,0,56,0,4,80,4,88,16,2,18,106
06/02/2005,HUT,KS,ACE,CE,Federal Contract Tower,0,0,16,0,16,0,2,35,0,37,0,2,51,0,53,40,0,40,93
06/03/2005,HUT,KS,ACE,CE,Federal Contract Tower,0,0,19,0,19,0,0,0,0,0,0,0,19,0,19,4,0,4,23
06/04/2005,HUT,KS,ACE,CE,Federal Contract Tower,0,0,17,0,17,0,4,33,0,37,0,4,50,0,54,12,0,12,66
06/05/2005,HUT,KS,ACE,CE,Federal Contract Tower,0,0,3,0,3,0,6,37,0,43,0,6,40,0,46,16,0,16,62
06/06/2005,HUT,KS,ACE,CE,Federal Contract Tower,0,0,7,25,32,0,2,55,0,57,0,2,62,25,89,121,58,179,268
06/07/2005,HUT,KS,ACE,CE,Federal Contract Tower,0,0,7,4,11,0,2,63,0,65,0,2,70,4,76,122,14,136,212
06/08/2005,HUT,KS,ACE,CE,Federal Contract Tower,0,0,27,5,32,0,0,98,0,98,0,0,125,5,130,232,24,256,386
06/09/2005,HUT,KS,ACE,CE,Federal Contract Tower,0,0,11,4,15,0,1,35,0,36,0,1,46,4,51,40,32,72,123
06/10/2005,HUT,KS,ACE,CE,Federal Contract Tower,0,2,4,0,6,0,0,14,8,22,0,2,18,8,28,14,0,14,42
06/11/2005,HUT,KS,ACE,CE,Federal Contract Tower,0,2,7,0,9,0,1,45,0,46,0,3,52,0,55,92,0,92,147
06/12/2005,HUT,KS,ACE,CE,Federal Contract Tower,0,2,2,0,4,0,0,2,0,2,0,2,4,0,6,20,0,20,26
06/13/2005,HUT,KS,ACE,CE,Federal Contract Tower,0,2,19,0,21,0,8,101,0,109,0,10,120,0,130,91,0,91,221
06/14/2005,HUT,KS,ACE,CE,Federal Contract Tower,0,0,18,9,27,0,2,72,1,75,0,2,90,10,102,95,23,118,220
06/15/2005,HUT,KS,ACE,CE,Federal Contract Tower,0,0,16,23,39,0,0,108,7,115,0,0,124,30,154,120,46,166,320
06/16/2005,HUT,KS,ACE,CE,Federal Contract Tower,0,0,20,6,26,0,0,42,0,42,0,0,62,6,68,22,16,38,106
06/17/2005,HUT,KS,ACE,CE,Federal Contract Tower,0,1,18,16,35,0,4,92,0,96,0,5,110,16,131,123,44,167,298
06/18/2005,HUT,KS,ACE,CE,Federal Contract Tower,0,0,16,0,16,0,0,62,0,62,0,0,78,0,78,54,0,54,132
06/19/2005,HUT,KS,ACE,CE,Federal Contract Tower,0,0,1,0,1,0,2,61,0,63,0,2,62,0,64,16,0,16,80
06/20/2005,HUT,KS,ACE,CE,Federal Contract Tower,0,1,4,3,8,0,6,56,0,62,0,7,60,3,70,33,10,43,113
06/21/2005,HUT,KS,ACE,CE,Federal Contract Tower,0,0,24,8,32,0,0,74,0,74,0,0,98,8,106,77,12,89,195
06/22/2005,HUT,KS,ACE,CE,Federal Contract Tower,0,2,8,2,12,0,3,68,0,71,0,5,76,2,83,104,0,104,187
06/23/2005,HUT,KS,ACE,CE,Federal Contract Tower,0,0,18,21,39,0,4,83,0,87,0,4,101,21,126,74,42,116,242
06/24/2005,HUT,KS,ACE,CE,Federal Contract Tower,0,6,15,6,27,0,4,53,0,57,0,10,68,6,84,90,10,100,184
06/25/2005,HUT,KS,ACE,CE,Federal Contract Tower,0,0,4,0,4,0,0,35,2,37,0,0,39,2,41,14,24,38,79
06/26/2005,HUT,KS,ACE,CE,Federal Contract Tower,0,0,2,2,4,0,6,51,0,57,0,6,53,2,61,42,20,62,123
06/27/2005,HUT,KS,ACE,CE,Federal Contract Tower,0,0,18,4,22,0,3,84,0,87,0,3,102,4,109,63,34,97,206
06/28/2005,HUT,KS,ACE,CE,Federal Contract Tower,0,1,5,9,15,0,2,107,0,109,0,3,112,9,124,96,9,105,229
06/29/2005,HUT,KS,ACE,CE,Federal Contract Tower,0,0,21,2,23,0,0,58,0,58,0,0,79,2,81,90,0,90,171
06/30/2005,HUT,KS,ACE,CE,Federal Contract Tower,0,0,10,0,10,0,2,44,0,46,0,2,54,0,56,86,0,86,142
07/01/2005,HUT,KS,ACE,CE,Federal Contract Tower,0,0,14,0,14,0,1,64,0,65,0,1,78,0,79,70,0,70,149
07/02/2005,HUT,KS,ACE,CE,Federal Contract Tower,0,0,7,0,7,0,2,68,0,70,0,2,75,0,77,20,0,20,97
07/03/2005,HUT,KS,ACE,CE,Federal Contract Tower,0,0,1,0,1,0,0,18,0,18,0,0,19,0,19,6,0,6,25
07/04/2005,HUT,KS,ACE,CE,Federal Contract Tower,0,0,16,0,16,0,0,43,0,43,0,0,59,0,59,65,0,65,124
07/05/2005,HUT,KS,ACE,CE,Federal Contract Tower,0,3,9,8,20,0,2,66,0,68,0,5,75,8,88,121,4,125,213
07/06/2005,HUT,KS,ACE,CE,Federal Contract Tower,0,0,12,6,18,0,5,85,0,90,0,5,97,6,108,186,24,210,318
07/07/2005,HUT,KS,ACE,CE,Federal Contract Tower,0,0,10,4,14,0,2,54,0,56,0,2,64,4,70,115,26,141,211
07/08/2005,HUT,KS,ACE,CE,Federal Contract Tower,0,2,28,0,30,0,0,49,2,51,0,2,77,2,81,88,0,88,169
07/09/2005,HUT,KS,ACE,CE,Federal Contract Tower,0,0,7,1,8,0,3,47,1,51,0,3,54,2,59,46,16,62,121
07/10/2005,HUT,KS,ACE,CE,Federal Contract Tower,0,0,9,5,14,0,5,27,0,32,0,5,36,5,46,8,10,18,64
07/11/2005,HUT,KS,ACE,CE,Federal Contract Tower,0,0,21,9,30,0,1,81,0,82,0,1,102,9,112,42,20,62,174
07/12/2005,HUT,KS,ACE,CE,Federal Contract Tower,0,0,10,6,16,0,2,52,0,54,0,2,62,6,70,49,8,57,127
07/13/2005,HUT,KS,ACE,CE,Federal Contract Tower,0,0,21,8,29,0,0,48,0,48,0,0,69,8,77,14,6,20,97
07/14/2005,HUT,KS,ACE,CE,Federal Contract Tower,0,1,19,17,37,0,6,46,0,52,0,7,65,17,89,75,14,89,178
07/15/2005,HUT,KS,ACE,CE,Federal Contract Tower,0,1,17,13,31,0,0,68,0,68,0,1,85,13,99,68,30,98,197
07/16/2005,HUT,KS,ACE,CE,Federal Contract Tower,0,0,14,0,14,0,0,58,0,58,0,0,72,0,72,40,0,40,112
07/17/2005,HUT,KS,ACE,CE,Federal Contract Tower,0,1,17,0,18,0,1,32,0,33,0,2,49,0,51,12,0,12,63
07/18/2005,HUT,KS,ACE,CE,Federal Contract Tower,0,2,9,0,11,0,2,26,0,28,0,4,35,0,39,28,0,28,67
07/19/2005,HUT,KS,ACE,CE,Federal Contract Tower,0,1,17,6,24,0,1,81,0,82,0,2,98,6,106,74,16,90,196
07/20/2005,HUT,KS,ACE,CE,Federal Contract Tower,0,0,12,8,20,0,0,127,0,127,0,0,139,8,147,82,6,88,235
07/21/2005,HUT,KS,ACE,CE,Federal Contract Tower,0,0,15,7,22,0,5,105,0,110,0,5,120,7,132,56,6,62,194
07/22/2005,HUT,KS,ACE,CE,Federal Contract Tower,0,0,18,0,18,0,0,61,0,61,0,0,79,0,79,42,0,42,121
07/23/2005,HUT,KS,ACE,CE,Federal Contract Tower,0,0,13,0,13,0,4,72,0,76,0,4,85,0,89,56,0,56,145
07/24/2005,HUT,KS,ACE,CE,Federal Contract Tower,0,0,5,0,5,0,0,48,0,48,0,0,53,0,53,12,0,12,65
07/25/2005,HUT,KS,ACE,CE,Federal Contract Tower,0,0,6,2,8,0,3,86,0,89,0,3,92,2,97,17,0,17,114
07/26/2005,HUT,KS,ACE,CE,Federal Contract Tower,0,1,20,2,23,0,1,3,0,4,0,2,23,2,27,12,2,14,41
07/27/2005,HUT,KS,ACE,CE,Federal Contract Tower,0,0,27,0,27,0,2,97,0,99,0,2,124,0,126,96,0,96,222
07/28/2005,HUT,KS,ACE,CE,Federal Contract Tower,0,0,22,8,30,0,4,125,0,129,0,4,147,8,159,162,2,164,323
07/29/2005,HUT,KS,ACE,CE,Federal Contract Tower,0,0,18,0,18,0,1,83,0,84,0,1,101,0,102,66,0,66,168
07/30/2005,HUT,KS,ACE,CE,Federal Contract Tower,0,2,9,0,11,0,2,56,0,58,0,4,65,0,69,53,0,53,122
07/31/2005,HUT,KS,ACE,CE,Federal Contract Tower,0,2,6,0,8,0,2,81,0,83,0,4,87,0,91,42,0,42,133
08/01/2005,HUT,KS,ACE,CE,Federal Contract Tower,0,0,6,0,6,0,3,60,0,63,0,3,66,0,69,94,0,94,163
08/02/2005,HUT,KS,ACE,CE,Federal Contract Tower,0,6,8,0,14,0,8,49,0,57,0,14,57,0,71,86,0,86,157
08/03/2005,HUT,KS,ACE,CE,Federal Contract Tower,0,0,11,2,13,0,0,68,0,68,0,0,79,2,81,68,6,74,155
08/04/2005,HUT,KS,ACE,CE,Federal Contract Tower,0,0,12,0,12,0,0,42,0,42,0,0,54,0,54,28,0,28,82
08/05/2005,HUT,KS,ACE,CE,Federal Contract Tower,0,6,4,0,10,0,0,46,0,46,0,6,50,0,56,62,0,62,118
08/06/2005,HUT,KS,ACE,CE,Federal Contract Tower,0,0,8,0,8,0,5,55,0,60,0,5,63,0,68,68,0,68,136
08/07/2005,HUT,KS,ACE,CE,Federal Contract Tower,0,1,4,0,5,0,0,19,0,19,0,1,23,0,24,18,0,18,42
08/08/2005,HUT,KS,ACE,CE,Federal Contract Tower,0,3,16,5,24,0,6,84,0,90,0,9,100,5,114,97,8,105,219
08/09/2005,HUT,KS,ACE,CE,Federal Contract Tower,0,2,6,5,13,0,2,63,1,66,0,4,69,6,79,121,2,123,202
08/10/2005,HUT,KS,ACE,CE,Federal Contract Tower,0,2,31,7,40,0,2,97,5,104,0,4,128,12,144,104,12,116,260
08/11/2005,HUT,KS,ACE,CE,Federal Contract Tower,0,0,9,2,11,0,6,57,0,63,0,6,66,2,74,74,12,86,160
08/12/2005,HUT,KS,ACE,CE,Federal Contract Tower,0,2,17,8,27,0,2,53,0,55,0,4,70,8,82,20,34,54,136
08/13/2005,HUT,KS,ACE,CE,Federal Contract Tower,0,3,12,0,15,0,4,23,0,27,0,7,35,0,42,32,0,32,74
08/14/2005,HUT,KS,ACE,CE,Federal Contract Tower,0,2,10,0,12,0,0,8,0,8,0,2,18,0,20,14,0,14,34
08/15/2005,HUT,KS,ACE,CE,Federal Contract Tower,0,0,24,20,44,0,2,25,0,27,0,2,49,20,71,52,38,90,161
08/16/2005,HUT,KS,ACE,CE,Federal Contract Tower,0,0,31,12,43,0,2,28,0,30,0,2,59,12,73,61,26,87,160
08/17/2005,HUT,KS,ACE,CE,Federal Contract Tower,0,3,20,0,23,0,0,29,0,29,0,3,49,0,52,36,0,36,88
08/18/2005,HUT,KS,ACE,CE,Federal Contract Tower,0,0,13,6,19,0,2,78,0,80,0,2,91,6,99,114,0,114,213
08/19/2005,HUT,KS,ACE,CE,Federal Contract Tower,0,0,20,4,24,0,0,108,0,108,0,0,128,4,132,97,4,101,233
08/20/2005,HUT,KS,ACE,CE,Federal Contract Tower,0,0,7,0,7,0,1,24,0,25,0,1,31,0,32,10,0,10,42
08/21/2005,HUT,KS,ACE,CE,Federal Contract Tower,0,0,6,0,6,0,1,22,0,23,0,1,28,0,29,12,0,12,41
08/22/2005,HUT,KS,ACE,CE,Federal Contract Tower,0,0,26,0,26,0,1,39,0,40,0,1,65,0,66,37,0,37,103
08/23/2005,HUT,KS,ACE,CE,Federal Contract Tower,0,0,36,7,43,0,2,42,0,44,0,2,78,7,87,69,19,88,175
08/24/2005,HUT,KS,ACE,CE,Federal Contract Tower,0,0,20,0,20,0,0,17,6,23,0,0,37,6,43,80,0,80,123
08/25/2005,HUT,KS,ACE,CE,Federal Contract Tower,0,0,24,0,24,0,0,23,0,23,0,0,47,0,47,20,0,20,67
08/26/2005,HUT,KS,ACE,CE,Federal Contract Tower,0,0,16,12,28,0,1,85,0,86,0,1,101,12,114,122,62,184,298
08/27/2005,HUT,KS,ACE,CE,Federal Contract Tower,0,0,5,0,5,0,0,76,0,76,0,0,81,0,81,70,0,70,151
08/28/2005,HUT,KS,ACE,CE,Federal Contract Tower,0,0,12,0,12,0,0,50,0,50,0,0,62,0,62,4,0,4,66
08/29/2005,HUT,KS,ACE,CE,Federal Contract Tower,0,0,6,4,10,0,0,104,0,104,0,0,110,4,114,100,8,108,222
08/30/2005,HUT,KS,ACE,CE,Federal Contract Tower,0,0,5,0,5,0,0,55,4,59,0,0,60,4,64,96,0,96,160
08/31/2005,HUT,KS,ACE,CE,Federal Contract Tower,0,0,15,14,29,0,2,36,0,38,0,2,51,14,67,62,28,90,157
09/01/2005,HUT,KS,ACE,CE,Federal Contract Tower,0,1,13,2,16,0,0,53,0,53,0,1,66,2,69,42,2,44,113
09/02/2005,HUT,KS,ACE,CE,Federal Contract Tower,0,2,15,2,19,0,0,57,0,57,0,2,72,2,76,55,6,61,137
09/03/2005,HUT,KS,ACE,CE,Federal Contract Tower,0,0,9,2,11,0,0,41,0,41,0,0,50,2,52,33,0,33,85
09/04/2005,HUT,KS,ACE,CE,Federal Contract Tower,0,0,2,4,6,0,8,34,0,42,0,8,36,4,48,4,10,14,62
09/05/2005,HUT,KS,ACE,CE,Federal Contract Tower,0,0,9,0,9,0,5,53,0,58,0,5,62,0,67,18,0,18,85
09/06/2005,HUT,KS,ACE,CE,Federal Contract Tower,0,0,20,6,26,0,1,22,0,23,0,1,42,6,49,49,12,61,110
09/07/2005,HUT,KS,ACE,CE,Federal Contract Tower,0,2,15,6,23,0,0,41,0,41,0,2,56,6,64,120,8,128,192
09/08/2005,HUT,KS,ACE,CE,Federal Contract Tower,0,0,18,10,28,0,6,76,0,82,0,6,94,10,110,44,8,52,162
09/09/2005,HUT,KS,ACE,CE,Federal Contract Tower,0,0,18,6,24,0,1,66,0,67,0,1,84,6,91,86,22,108,199
09/10/2005,HUT,KS,ACE,CE,Federal Contract Tower,0,0,20,0,20,0,7,57,0,64,0,7,77,0,84,58,0,58,142
09/11/2005,HUT,KS,ACE,CE,Federal Contract Tower,0,8,7,0,15,0,2,57,0,59,0,10,64,0,74,38,0,38,112
09/12/2005,HUT,KS,ACE,CE,Federal Contract Tower,0,0,25,6,31,0,0,73,4,77,0,0,98,10,108,63,2,65,173
09/13/2005,HUT,KS,ACE,CE,Federal Contract Tower,0,0,17,0,17,0,2,26,2,30,0,2,43,2,47,82,6,88,135
09/14/2005,HUT,KS,ACE,CE,Federal Contract Tower,0,0,12,12,24,0,2,50,0,52,0,2,62,12,76,40,14,54,130
09/15/2005,HUT,KS,ACE,CE,Federal Contract Tower,0,0,11,10,21,0,0,41,0,41,0,0,52,10,62,26,29,55,117
09/16/2005,HUT,KS,ACE,CE,Federal Contract Tower,0,0,20,3,23,0,2,118,0,120,0,2,138,3,143,62,2,64,207
09/17/2005,HUT,KS,ACE,CE,Federal Contract Tower,0,0,11,6,17,0,2,51,0,53,0,2,62,6,70,71,6,77,147
09/18/2005,HUT,KS,ACE,CE,Federal Contract Tower,0,2,12,0,14,0,2,60,4,66,0,4,72,4,80,46,0,46,126
09/19/2005,HUT,KS,ACE,CE,Federal Contract Tower,0,0,12,12,24,0,2,88,0,90,0,2,100,12,114,63,31,94,208
09/20/2005,HUT,KS,ACE,CE,Federal Contract Tower,0,5,4,6,15,0,1,51,0,52,0,6,55,6,67,43,24,67,134
09/21/2005,HUT,KS,ACE,CE,Federal Contract Tower,0,0,13,8,21,0,2,65,0,67,0,2,78,8,88,84,12,96,184
09/22/2005,HUT,KS,ACE,CE,Federal Contract Tower,0,0,19,10,29,0,3,85,0,88,0,3,104,10,117,50,16,66,183
09/23/2005,HUT,KS,ACE,CE,Federal Contract Tower,0,2,8,6,16,0,2,34,0,36,0,4,42,6,52,6,6,12,64
09/24/2005,HUT,KS,ACE,CE,Federal Contract Tower,0,2,6,0,8,0,6,79,0,85,0,8,85,0,93,60,0,60,153
09/25/2005,HUT,KS,ACE,CE,Federal Contract Tower,0,1,5,6,12,0,4,30,0,34,0,5,35,6,46,34,20,54,100
09/26/2005,HUT,KS,ACE,CE,Federal Contract Tower,0,4,16,6,26,0,2,49,0,51,0,6,65,6,77,21,37,58,135
09/27/2005,HUT,KS,ACE,CE,Federal Contract Tower,0,0,9,4,13,0,2,68,0,70,0,2,77,4,83,85,12,97,180
09/28/2005,HUT,KS,ACE,CE,Federal Contract Tower,0,0,23,0,23,0,4,20,0,24,0,4,43,0,47,34,0,34,81
09/29/2005,HUT,KS,ACE,CE,Federal Contract Tower,0,1,15,0,16,0,0,68,4,72,0,1,83,4,88,82,0,82,170
09/30/2005,HUT,KS,ACE,CE,Federal Contract Tower,0,0,12,0,12,0,9,50,0,59,0,9,62,0,71,38,0,38,109
10/01/2005,HUT,KS,ACE,CE,Federal Contract Tower,0,0,16,0,16,0,0,5,0,5,0,0,21,0,21,2,0,2,23
10/02/2005,HUT,KS,ACE,CE,Federal Contract Tower,0,0,9,0,9,0,0,39,0,39,0,0,48,0,48,8,0,8,56
10/03/2005,HUT,KS,ACE,CE,Federal Contract Tower,0,0,12,8,20,0,6,65,6,77,0,6,77,14,97,68,0,68,165
10/04/2005,HUT,KS,ACE,CE,Federal Contract Tower,0,0,19,20,39,0,2,47,0,49,0,2,66,20,88,18,49,67,155
10/05/2005,HUT,KS,ACE,CE,Federal Contract Tower,0,0,8,0,8,0,2,7,0,9,0,2,15,0,17,4,0,4,21
10/06/2005,HUT,KS,ACE,CE,Federal Contract Tower,0,0,8,8,16,0,0,60,0,60,0,0,68,8,76,84,16,100,176
10/07/2005,HUT,KS,ACE,CE,Federal Contract Tower,0,0,10,0,10,0,0,51,2,53,0,0,61,2,63,14,0,14,77
10/08/2005,HUT,KS,ACE,CE,Federal Contract Tower,0,0,7,2,9,0,2,84,2,88,0,2,91,4,97,86,0,86,183
10/09/2005,HUT,KS,ACE,CE,Federal Contract Tower,0,1,16,0,17,0,0,59,0,59,0,1,75,0,76,6,0,6,82
10/10/2005,HUT,KS,ACE,CE,Federal Contract Tower,0,0,7,0,7,0,0,74,0,74,0,0,81,0,81,81,0,81,162
10/11/2005,HUT,KS,ACE,CE,Federal Contract Tower,0,0,9,4,13,0,1,12,0,13,0,1,21,4,26,10,10,20,46
10/12/2005,HUT,KS,ACE,CE,Federal Contract Tower,0,0,24,7,31,0,2,88,1,91,0,2,112,8,122,147,6,153,275
10/13/2005,HUT,KS,ACE,CE,Federal Contract Tower,0,0,21,10,31,0,2,98,0,100,0,2,119,10,131,82,46,128,259
10/14/2005,HUT,KS,ACE,CE,Federal Contract Tower,0,0,12,0,12,0,1,75,6,82,0,1,87,6,94,55,0,55,149
10/15/2005,HUT,KS,ACE,CE,Federal Contract Tower,0,0,5,0,5,0,8,110,0,118,0,8,115,0,123,61,0,61,184
10/16/2005,HUT,KS,ACE,CE,Federal Contract Tower,0,0,8,0,8,0,3,55,0,58,0,3,63,0,66,50,0,50,116
10/17/2005,HUT,KS,ACE,CE,Federal Contract Tower,0,0,12,10,22,0,0,115,0,115,0,0,127,10,137,74,37,111,248
10/18/2005,HUT,KS,ACE,CE,Federal Contract Tower,0,0,12,8,20,0,1,72,1,74,0,1,84,9,94,122,20,142,236
10/19/2005,HUT,KS,ACE,CE,Federal Contract Tower,0,2,4,4,10,0,2,22,0,24,0,4,26,4,34,0,4,4,38
10/20/2005,HUT,KS,ACE,CE,Federal Contract Tower,0,4,20,6,30,0,0,3,0,3,0,4,23,6,33,2,0,2,35
10/21/2005,HUT,KS,ACE,CE,Federal Contract Tower,0,2,12,0,14,0,4,61,0,65,0,6,73,0,79,102,0,102,181
10/22/2005,HUT,KS,ACE,CE,Federal Contract Tower,0,2,3,2,7,0,0,53,0,53,0,2,56,2,60,45,0,45,105
10/23/2005,HUT,KS,ACE,CE,Federal Contract Tower,0,2,7,0,9,0,0,16,0,16,0,2,23,0,25,6,0,6,31
10/24/2005,HUT,KS,ACE,CE,Federal Contract Tower,0,0,10,18,28,0,0,112,8,120,0,0,122,26,148,79,46,125,273
10/25/2005,HUT,KS,ACE,CE,Federal Contract Tower,0,0,13,6,19,0,2,107,0,109,0,2,120,6,128,123,15,138,266
10/26/2005,HUT,KS,ACE,CE,Federal Contract Tower,0,0,13,10,23,0,2,44,0,46,0,2,57,10,69,58,24,82,151
10/27/2005,HUT,KS,ACE,CE,Federal Contract Tower,0,0,12,2,14,0,4,83,0,87,0,4,95,2,101,68,2,70,171
10/28/2005,HUT,KS,ACE,CE,Federal Contract Tower,0,0,11,10,21,0,0,103,0,103,0,0,114,10,124,107,12,119,243
10/29/2005,HUT,KS,ACE,CE,Federal Contract Tower,0,0,7,0,7,0,2,45,0,47,0,2,52,0,54,14,0,14,68
10/30/2005,HUT,KS,ACE,CE,Federal Contract Tower,0,0,2,0,2,0,0,51,2,53,0,0,53,2,55,56,0,56,111
10/31/2005,HUT,KS,ACE,CE,Federal Contract Tower,0,0,2,8,10,0,4,81,0,85,0,4,83,8,95,95,20,115,210
11/01/2005,HUT,KS,ACE,CE,Federal Contract Tower,0,0,20,2,22,0,8,121,0,129,0,8,141,2,151,169,4,173,324
11/02/2005,HUT,KS,ACE,CE,Federal Contract Tower,0,0,11,12,23,0,2,135,0,137,0,2,146,12,160,122,8,130,290
11/03/2005,HUT,KS,ACE,CE,Federal Contract Tower,0,2,7,6,15,0,13,83,2,98,0,15,90,8,113,61,0,61,174
11/04/2005,HUT,KS,ACE,CE,Federal Contract Tower,0,0,9,4,13,0,4,59,0,63,0,4,68,4,76,43,10,53,129
11/05/2005,HUT,KS,ACE,CE,Federal Contract Tower,0,0,11,0,11,0,0,89,0,89,0,0,100,0,100,40,0,40,140
11/06/2005,HUT,KS,ACE,CE,Federal Contract Tower,0,0,10,0,10,0,0,62,4,66,0,0,72,4,76,84,0,84,160
11/07/2005,HUT,KS,ACE,CE,Federal Contract Tower,0,0,17,6,23,0,0,25,0,25,0,0,42,6,48,45,21,66,114
11/08/2005,HUT,KS,ACE,CE,Federal Contract Tower,0,2,7,4,13,0,0,65,0,65,0,2,72,4,78,65,6,71,149
11/09/2005,HUT,KS,ACE,CE,Federal Contract Tower,0,2,3,6,11,0,8,64,0,72,0,10,67,6,83,63,10,73,156
11/10/2005,HUT,KS,ACE,CE,Federal Contract Tower,0,0,11,4,15,0,6,58,0,64,0,6,69,4,79,64,14,78,157
11/11/2005,HUT,KS,ACE,CE,Federal Contract Tower,0,0,18,0,18,0,0,71,0,71,0,0,89,0,89,43,0,43,132
11/12/2005,HUT,KS,ACE,CE,Federal Contract Tower,0,0,4,0,4,0,2,17,0,19,0,2,21,0,23,10,0,10,33
11/13/2005,HUT,KS,ACE,CE,Federal Contract Tower,0,0,9,0,9,0,4,41,0,45,0,4,50,0,54,19,0,19,73
11/14/2005,HUT,KS,ACE,CE,Federal Contract Tower,0,1,12,0,13,0,2,56,0,58,0,3,68,0,71,96,0,96,167
11/15/2005,HUT,KS,ACE,CE,Federal Contract Tower,0,1,3,2,6,0,4,3,0,7,0,5,6,2,13,0,4,4,17
11/16/2005,HUT,KS,ACE,CE,Federal Contract Tower,0,0,13,8,21,0,4,82,0,86,0,4,95,8,107,63,22,85,192
11/17/2005,HUT,KS,ACE,CE,Federal Contract Tower,0,0,11,7,18,0,0,110,0,110,0,0,121,7,128,86,18,104,232
11/18/2005,HUT,KS,ACE,CE,Federal Contract Tower,0,0,16,12,28,0,1,117,0,118,0,1,133,12,146,119,8,127,273
11/19/2005,HUT,KS,ACE,CE,Federal Contract Tower,0,0,8,1,9,0,0,45,0,45,0,0,53,1,54,32,0,32,86
11/20/2005,HUT,KS,ACE,CE,Federal Contract Tower,0,0,22,2,24,0,0,20,0,20,0,0,42,2,44,63,6,69,113
11/21/2005,HUT,KS,ACE,CE,Federal Contract Tower,0,0,9,0,9,0,0,49,0,49,0,0,58,0,58,81,0,81,139
11/22/2005,HUT,KS,ACE,CE,Federal Contract Tower,0,0,12,8,20,0,4,55,0,59,0,4,67,8,79,82,30,112,191
11/23/2005,HUT,KS,ACE,CE,Federal Contract Tower,0,0,12,12,24,0,0,120,0,120,0,0,132,12,144,98,50,148,292
11/24/2005,HUT,KS,ACE,CE,Federal Contract Tower,0,1,0,0,1,0,0,16,0,16,0,1,16,0,17,12,0,12,29
11/25/2005,HUT,KS,ACE,CE,Federal Contract Tower,0,2,0,0,2,0,0,38,0,38,0,2,38,0,40,14,0,14,54
11/26/2005,HUT,KS,ACE,CE,Federal Contract Tower,0,0,14,0,14,0,2,24,0,26,0,2,38,0,40,17,0,17,57
11/27/2005,HUT,KS,ACE,CE,Federal Contract Tower,0,0,7,0,7,0,0,0,0,0,0,0,7,0,7,4,0,4,11
11/28/2005,HUT,KS,ACE,CE,Federal Contract Tower,0,2,8,0,10,0,1,0,0,1,0,3,8,0,11,4,0,4,15
11/29/2005,HUT,KS,ACE,CE,Federal Contract Tower,0,0,9,4,13,0,0,52,0,52,0,0,61,4,65,6,36,42,107
11/30/2005,HUT,KS,ACE,CE,Federal Contract Tower,0,2,8,0,10,0,0,46,2,48,0,2,54,2,58,40,0,40,98
12/01/2005,HUT,KS,ACE,CE,Federal Contract Tower,0,2,10,0,12,0,0,103,0,103,0,2,113,0,115,101,0,101,216
12/02/2005,HUT,KS,ACE,CE,Federal Contract Tower,0,0,31,8,39,0,4,47,0,51,0,4,78,8,90,64,40,104,194
12/03/2005,HUT,KS,ACE,CE,Federal Contract Tower,0,1,13,0,14,0,0,44,0,44,0,1,57,0,58,35,0,35,93
12/04/2005,HUT,KS,ACE,CE,Federal Contract Tower,0,1,9,0,10,0,5,58,0,63,0,6,67,0,73,59,0,59,132
12/05/2005,HUT,KS,ACE,CE,Federal Contract Tower,0,1,10,2,13,0,5,30,0,35,0,6,40,2,48,52,0,52,100
12/06/2005,HUT,KS,ACE,CE,Federal Contract Tower,0,0,9,3,12,0,4,43,0,47,0,4,52,3,59,85,0,85,144
12/07/2005,HUT,KS,ACE,CE,Federal Contract Tower,0,0,21,0,21,0,0,0,0,0,0,0,21,0,21,5,0,5,26
12/08/2005,HUT,KS,ACE,CE,Federal Contract Tower,0,0,5,2,7,0,2,92,10,104,0,2,97,12,111,75,14,89,200
12/09/2005,HUT,KS,ACE,CE,Federal Contract Tower,0,2,25,2,29,0,0,122,0,122,0,2,147,2,151,84,14,98,249
12/10/2005,HUT,KS,ACE,CE,Federal Contract Tower,0,0,6,0,6,0,1,91,0,92,0,1,97,0,98,52,0,52,150
12/11/2005,HUT,KS,ACE,CE,Federal Contract Tower,0,0,8,2,10,0,0,67,0,67,0,0,75,2,77,124,16,140,217
12/12/2005,HUT,KS,ACE,CE,Federal Contract Tower,0,2,4,0,6,0,10,47,0,57,0,12,51,0,63,120,0,120,183
12/13/2005,HUT,KS,ACE,CE,Federal Contract Tower,0,0,7,8,15,0,1,35,2,38,0,1,42,10,53,67,0,67,120
12/14/2005,HUT,KS,ACE,CE,Federal Contract Tower,0,0,15,9,24,0,4,145,0,149,0,4,160,9,173,94,7,101,274
12/15/2005,HUT,KS,ACE,CE,Federal Contract Tower,0,2,19,4,25,0,2,73,0,75,0,4,92,4,100,97,6,103,203
12/16/2005,HUT,KS,ACE,CE,Federal Contract Tower,0,0,36,5,41,0,0,124,1,125,0,0,160,6,166,146,16,162,328
12/17/2005,HUT,KS,ACE,CE,Federal Contract Tower,0,0,2,0,2,0,0,0,0,0,0,0,2,0,2,0,0,0,2
12/18/2005,HUT,KS,ACE,CE,Federal Contract Tower,0,0,5,0,5,0,0,0,0,0,0,0,5,0,5,0,0,0,5
12/19/2005,HUT,KS,ACE,CE,Federal Contract Tower,0,0,25,4,29,0,1,26,0,27,0,1,51,4,56,48,6,54,110
12/20/2005,HUT,KS,ACE,CE,Federal Contract Tower,0,0,15,4,19,0,0,0,0,0,0,0,15,4,19,10,0,10,29
12/21/2005,HUT,KS,ACE,CE,Federal Contract Tower,0,2,26,0,28,0,4,79,0,83,0,6,105,0,111,100,0,100,211
12/22/2005,HUT,KS,ACE,CE,Federal Contract Tower,0,0,16,8,24,0,4,107,0,111,0,4,123,8,135,79,10,89,224
12/23/2005,HUT,KS,ACE,CE,Federal Contract Tower,0,0,8,0,8,0,2,65,0,67,0,2,73,0,75,38,0,38,113
12/24/2005,HUT,KS,ACE,CE,Federal Contract Tower,0,0,3,0,3,0,0,12,0,12,0,0,15,0,15,0,0,0,15
12/25/2005,HUT,KS,ACE,CE,Federal Contract Tower,0,0,0,0,0,0,4,12,0,16,0,4,12,0,16,0,0,0,16
12/26/2005,HUT,KS,ACE,CE,Federal Contract Tower,0,2,9,0,11,0,4,103,0,107,0,6,112,0,118,131,0,131,249
12/27/2005,HUT,KS,ACE,CE,Federal Contract Tower,0,0,6,0,6,0,3,60,0,63,0,3,66,0,69,88,0,88,157
12/28/2005,HUT,KS,ACE,CE,Federal Contract Tower,0,0,8,0,8,0,2,86,0,88,0,2,94,0,96,51,0,51,147
12/29/2005,HUT,KS,ACE,CE,Federal Contract Tower,0,0,9,0,9,0,8,78,0,86,0,8,87,0,95,104,0,104,199
12/30/2005,HUT,KS,ACE,CE,Federal Contract Tower,0,0,3,0,3,0,0,37,0,37,0,0,40,0,40,9,0,9,49
12/31/2005,HUT,KS,ACE,CE,Federal Contract Tower,0,0,1,0,1,0,3,19,0,22,0,3,20,0,23,18,0,18,41
01/01/2006,HUT,KS,ACE,CE,Federal Contract Tower,0,0,1,0,1,0,5,31,0,36,0,5,32,0,37,40,0,40,77
01/02/2006,HUT,KS,ACE,CE,Federal Contract Tower,0,0,6,0,6,0,2,57,0,59,0,2,63,0,65,62,0,62,127
01/03/2006,HUT,KS,ACE,CE,Federal Contract Tower,0,0,5,2,7,0,14,65,0,79,0,14,70,2,86,86,4,90,176
01/04/2006,HUT,KS,ACE,CE,Federal Contract Tower,0,0,2,2,4,0,15,111,2,128,0,15,113,4,132,87,52,139,271
01/05/2006,HUT,KS,ACE,CE,Federal Contract Tower,0,0,8,16,24,0,12,55,0,67,0,12,63,16,91,95,26,121,212
01/06/2006,HUT,KS,ACE,CE,Federal Contract Tower,0,2,4,4,10,0,4,180,0,184,0,6,184,4,194,114,2,116,310
01/07/2006,HUT,KS,ACE,CE,Federal Contract Tower,0,0,5,0,5,0,6,112,0,118,0,6,117,0,123,47,0,47,170
01/08/2006,HUT,KS,ACE,CE,Federal Contract Tower,0,0,4,2,6,0,4,18,0,22,0,4,22,2,28,10,18,28,56
01/09/2006,HUT,KS,ACE,CE,Federal Contract Tower,0,0,8,10,18,0,2,21,0,23,0,2,29,10,41,39,35,74,115
01/10/2006,HUT,KS,ACE,CE,Federal Contract Tower,0,0,9,10,19,0,3,112,0,115,0,3,121,10,134,135,30,165,299
01/11/2006,HUT,KS,ACE,CE,Federal Contract Tower,0,0,12,2,14,0,14,73,0,87,0,14,85,2,101,162,2,164,265
01/12/2006,HUT,KS,ACE,CE,Federal Contract Tower,0,0,10,2,12,0,8,77,0,85,0,8,87,2,97,123,10,133,230
01/13/2006,HUT,KS,ACE,CE,Federal Contract Tower,0,0,10,6,16,0,2,66,7,75,0,2,76,13,91,44,52,96,187
01/14/2006,HUT,KS,ACE,CE,Federal Contract Tower,0,0,8,0,8,0,8,97,0,105,0,8,105,0,113,21,0,21,134
01/15/2006,HUT,KS,ACE,CE,Federal Contract Tower,0,0,5,0,5,0,8,27,0,35,0,8,32,0,40,82,0,82,122
01/16/2006,HUT,KS,ACE,CE,Federal Contract Tower,0,0,10,0,10,0,4,22,0,26,0,4,32,0,36,49,0,49,85
01/17/2006,HUT,KS,ACE,CE,Federal Contract Tower,0,0,10,0,10,0,8,42,0,50,0,8,52,0,60,95,0,95,155
01/18/2006,HUT,KS,ACE,CE,Federal Contract Tower,0,0,10,0,10,0,4,83,2,89,0,4,93,2,99,144,8,152,251
01/19/2006,HUT,KS,ACE,CE,Federal Contract Tower,0,0,6,4,10,0,14,122,0,136,0,14,128,4,146,142,2,144,290
01/20/2006,HUT,KS,ACE,CE,Federal Contract Tower,0,0,5,0,5,0,0,0,0,0,0,0,5,0,5,0,0,0,5
01/21/2006,HUT,KS,ACE,CE,Federal Contract Tower,0,0,6,4,10,0,6,90,0,96,0,6,96,4,106,42,2,44,150
01/22/2006,HUT,KS,ACE,CE,Federal Contract Tower,0,0,5,2,7,0,2,37,0,39,0,2,42,2,46,83,18,101,147
01/23/2006,HUT,KS,ACE,CE,Federal Contract Tower,0,0,17,2,19,0,14,74,10,98,0,14,91,12,117,104,0,104,221
01/24/2006,HUT,KS,ACE,CE,Federal Contract Tower,0,0,12,9,21,0,1,77,0,78,0,1,89,9,99,100,6,106,205
01/25/2006,HUT,KS,ACE,CE,Federal Contract Tower,0,0,10,2,12,0,0,80,0,80,0,0,90,2,92,186,4,190,282
01/26/2006,HUT,KS,ACE,CE,Federal Contract Tower,0,0,17,2,19,0,0,48,0,48,0,0,65,2,67,54,4,58,125
01/27/2006,HUT,KS,ACE,CE,Federal Contract Tower,0,0,18,28,46,0,2,91,8,101,0,2,109,36,147,88,52,140,287
01/28/2006,HUT,KS,ACE,CE,Federal Contract Tower,0,0,9,0,9,0,4,24,0,28,0,4,33,0,37,10,0,10,47
01/29/2006,HUT,KS,ACE,CE,Federal Contract Tower,0,0,12,0,12,0,2,47,0,49,0,2,59,0,61,109,0,109,170
01/30/2006,HUT,KS,ACE,CE,Federal Contract Tower,0,0,4,2,6,0,0,80,0,80,0,0,84,2,86,131,18,149,235
01/31/2006,HUT,KS,ACE,CE,Federal Contract Tower,0,0,9,1,10,0,8,66,0,74,0,8,75,1,84,34,16,50,134
02/01/2006,HUT,KS,ACE,CE,Federal Contract Tower,0,0,6,14,20,0,0,117,2,119,0,0,123,16,139,103,32,135,274
02/02/2006,HUT,KS,ACE,CE,Federal Contract Tower,0,2,5,6,13,0,6,82,0,88,0,8,87,6,101,75,14,89,190
02/03/2006,HUT,KS,ACE,CE,Federal Contract Tower,0,0,11,10,21,0,11,93,6,110,0,11,104,16,131,90,24,114,245
02/04/2006,HUT,KS,ACE,CE,Federal Contract Tower,0,0,8,0,8,0,1,72,0,73,0,1,80,0,81,42,0,42,123
02/05/2006,HUT,KS,ACE,CE,Federal Contract Tower,0,0,7,6,13,0,2,22,0,24,0,2,29,6,37,40,31,71,108
02/06/2006,HUT,KS,ACE,CE,Federal Contract Tower,0,0,12,0,12,0,4,48,0,52,0,4,60,0,64,82,0,82,146
02/07/2006,HUT,KS,ACE,CE,Federal Contract Tower,0,0,3,0,3,0,65,47,0,112,0,65,50,0,115,65,0,65,180
02/08/2006,HUT,KS,ACE,CE,Federal Contract Tower,0,0,15,8,23,0,8,74,0,82,0,8,89,8,105,183,22,205,310
02/09/2006,HUT,KS,ACE,CE,Federal Contract Tower,0,0,12,4,16,0,10,82,0,92,0,10,94,4,108,198,8,206,314
02/10/2006,HUT,KS,ACE,CE,Federal Contract Tower,0,0,6,7,13,0,16,100,0,116,0,16,106,7,129,82,14,96,225
02/11/2006,HUT,KS,ACE,CE,Federal Contract Tower,0,0,12,0,12,0,16,44,0,60,0,16,56,0,72,28,0,28,100
02/12/2006,HUT,KS,ACE,CE,Federal Contract Tower,0,0,7,0,7,0,6,27,0,33,0,6,34,0,40,68,0,68,108
02/13/2006,HUT,KS,ACE,CE,Federal Contract Tower,0,0,9,12,21,0,5,99,0,104,0,5,108,12,125,112,24,136,261
02/14/2006,HUT,KS,ACE,CE,Federal Contract Tower,0,0,8,4,12,0,6,112,0,118,0,6,120,4,130,87,6,93,223
02/15/2006,HUT,KS,ACE,CE,Federal Contract Tower,0,0,31,4,35,0,10,36,0,46,0,10,67,4,81,105,10,115,196
02/16/2006,HUT,KS,ACE,CE,Federal Contract Tower,0,1,10,0,11,0,18,5,0,23,0,19,15,0,34,6,0,6,40
02/17/2006,HUT,KS,ACE,CE,Federal Contract Tower,0,0,20,2,22,0,2,64,1,67,0,2,84,3,89,89,2,91,180
02/18/2006,HUT,KS,ACE,CE,Federal Contract Tower,0,0,8,0,8,0,0,41,0,41,0,0,49,0,49,48,0,48,97
02/19/2006,HUT,KS,ACE,CE,Federal Contract Tower,0,0,9,0,9,0,0,5,0,5,0,0,14,0,14,8,0,8,22
02/20/2006,HUT,KS,ACE,CE,Federal Contract Tower,0,0,17,0,17,0,0,30,0,30,0,0,47,0,47,74,0,74,121
02/21/2006,HUT,KS,ACE,CE,Federal Contract Tower,0,0,13,3,16,0,5,48,0,53,0,5,61,3,69,120,26,146,215
02/22/2006,HUT,KS,ACE,CE,Federal Contract Tower,0,0,11,8,19,0,26,137,0,163,0,26,148,8,182,177,44,221,403
02/23/2006,HUT,KS,ACE,CE,Federal Contract Tower,0,1,12,2,15,0,54,54,0,108,0,55,66,2,123,166,0,166,289
02/24/2006,HUT,KS,ACE,CE,Federal Contract Tower,0,0,12,3,15,0,7,119,3,129,0,7,131,6,144,130,6,136,280
02/25/2006,HUT,KS,ACE,CE,Federal Contract Tower,0,1,13,2,16,0,11,59,0,70,0,12,72,2,86,76,0,76,162
02/26/2006,HUT,KS,ACE,CE,Federal Contract Tower,0,0,6,2,8,0,7,58,0,65,0,7,64,2,73,133,10,143,216
02/27/2006,HUT,KS,ACE,CE,Federal Contract Tower,0,0,6,2,8,0,0,67,0,67,0,0,73,2,75,81,10,91,166
02/28/2006,HUT,KS,ACE,CE,Federal Contract Tower,0,0,9,4,13,0,0,77,0,77,0,0,86,4,90,140,7,147,237
03/01/2006,HUT,KS,ACE,CE,Federal Contract Tower,0,0,4,2,6,0,5,39,0,44,0,5,43,2,50,109,0,109,159
03/02/2006,HUT,KS,ACE,CE,Federal Contract Tower,0,0,5,0,5,0,7,59,0,66,0,7,64,0,71,74,0,74,145
03/03/2006,HUT,KS,ACE,CE,Federal Contract Tower,0,0,8,0,8,0,5,94,0,99,0,5,102,0,107,83,0,83,190
03/04/2006,HUT,KS,ACE,CE,Federal Contract Tower,0,0,6,2,8,0,10,22,0,32,0,10,28,2,40,6,6,12,52
03/05/2006,HUT,KS,ACE,CE,Federal Contract Tower,0,0,6,0,6,0,0,60,2,62,0,0,66,2,68,34,0,34,102
03/06/2006,HUT,KS,ACE,CE,Federal Contract Tower,0,0,22,7,29,0,0,39,0,39,0,0,61,7,68,75,18,93,161
03/07/2006,HUT,KS,ACE,CE,Federal Contract Tower,0,0,7,0,7,0,2,18,1,21,0,2,25,1,28,43,1,44,72
03/08/2006,HUT,KS,ACE,CE,Federal Contract Tower,0,0,10,0,10,0,8,90,0,98,0,8,100,0,108,125,0,125,233
03/09/2006,HUT,KS,ACE,CE,Federal Contract Tower,0,0,32,0,32,0,9,43,0,52,0,9,75,0,84,119,0,119,203
03/10/2006,HUT,KS,ACE,CE,Federal Contract Tower,0,0,12,6,18,0,3,105,7,115,0,3,117,13,133,101,6,107,240
03/11/2006,HUT,KS,ACE,CE,Federal Contract Tower,0,0,10,0,10,0,2,69,0,71,0,2,79,0,81,62,0,62,143
03/12/2006,HUT,KS,ACE,CE,Federal Contract Tower,0,0,10,0,10,0,2,10,0,12,0,2,20,0,22,20,0,20,42
03/13/2006,HUT,KS,ACE,CE,Federal Contract Tower,0,0,8,0,8,0,7,44,0,51,0,7,52,0,59,92,0,92,151
03/14/2006,HUT,KS,ACE,CE,Federal Contract Tower,0,0,7,7,14,0,6,73,0,79,0,6,80,7,93,120,26,146,239
03/15/2006,HUT,KS,ACE,CE,Federal Contract Tower,0,0,14,0,14,0,0,56,3,59,0,0,70,3,73,76,0,76,149
03/16/2006,HUT,KS,ACE,CE,Federal Contract Tower,0,0,8,10,18,0,5,66,0,71,0,5,74,10,89,153,40,193,282
03/17/2006,HUT,KS,ACE,CE,Federal Contract Tower,0,0,14,0,14,0,4,93,0,97,0,4,107,0,111,137,0,137,248
03/18/2006,HUT,KS,ACE,CE,Federal Contract Tower,0,2,17,0,19,0,0,0,0,0,0,2,17,0,19,0,0,0,19
03/19/2006,HUT,KS,ACE,CE,Federal Contract Tower,0,2,1,0,3,0,0,0,0,0,0,2,1,0,3,0,0,0,3
03/20/2006,HUT,KS,ACE,CE,Federal Contract Tower,0,0,1,0,1,0,0,0,0,0,0,0,1,0,1,0,0,0,1
03/21/2006,HUT,KS,ACE,CE,Federal Contract Tower,0,3,21,0,24,0,9,30,0,39,0,12,51,0,63,8,0,8,71
03/22/2006,HUT,KS,ACE,CE,Federal Contract Tower,0,0,9,7,16,0,6,30,0,36,0,6,39,7,52,65,14,79,131
03/23/2006,HUT,KS,ACE,CE,Federal Contract Tower,0,2,21,4,27,0,17,63,0,80,0,19,84,4,107,155,36,191,298
03/24/2006,HUT,KS,ACE,CE,Federal Contract Tower,0,0,8,3,11,0,0,103,0,103,0,0,111,3,114,96,40,136,250
03/25/2006,HUT,KS,ACE,CE,Federal Contract Tower,0,0,8,0,8,0,2,147,0,149,0,2,155,0,157,82,0,82,239
03/26/2006,HUT,KS,ACE,CE,Federal Contract Tower,0,0,4,4,8,0,0,36,0,36,0,0,40,4,44,5,6,11,55
03/27/2006,HUT,KS,ACE,CE,Federal Contract Tower,0,0,6,7,13,0,4,26,0,30,0,4,32,7,43,19,22,41,84
03/28/2006,HUT,KS,ACE,CE,Federal Contract Tower,0,0,9,4,13,0,5,85,0,90,0,5,94,4,103,175,2,177,280
03/29/2006,HUT,KS,ACE,CE,Federal Contract Tower,0,0,9,2,11,0,22,41,0,63,0,22,50,2,74,140,0,140,214
03/30/2006,HUT,KS,ACE,CE,Federal Contract Tower,0,0,3,0,3,0,8,29,0,37,0,8,32,0,40,104,0,104,144
03/31/2006,HUT,KS,ACE,CE,Federal Contract Tower,0,1,22,1,24,0,5,208,5,218,0,6,230,6,242,151,27,178,420
04/01/2006,HUT,KS,ACE,CE,Federal Contract Tower,0,0,13,0,13,0,4,81,0,85,0,4,94,0,98,34,0,34,132
04/02/2006,HUT,KS,ACE,CE,Federal Contract Tower,0,0,8,0,8,0,4,30,0,34,0,4,38,0,42,0,0,0,42
04/03/2006,HUT,KS,ACE,CE,Federal Contract Tower,0,0,9,3,12,0,17,75,0,92,0,17,84,3,104,59,32,91,195
04/04/2006,HUT,KS,ACE,CE,Federal Contract Tower,0,0,14,8,22,0,4,51,0,55,0,4,65,8,77,76,40,116,193
04/05/2006,HUT,KS,ACE,CE,Federal Contract Tower,0,0,4,10,14,0,10,41,0,51,0,10,45,10,65,74,44,118,183
04/06/2006,HUT,KS,ACE,CE,Federal Contract Tower,0,0,4,10,14,0,5,32,0,37,0,5,36,10,51,31,6,37,88
04/07/2006,HUT,KS,ACE,CE,Federal Contract Tower,0,0,9,0,9,0,2,5,0,7,0,2,14,0,16,2,0,2,18
04/08/2006,HUT,KS,ACE,CE,Federal Contract Tower,0,0,21,0,21,0,2,151,0,153,0,2,172,0,174,100,0,100,274
04/09/2006,HUT,KS,ACE,CE,Federal Contract Tower,0,0,13,2,15,0,0,47,0,47,0,0,60,2,62,66,2,68,130
04/10/2006,HUT,KS,ACE,CE,Federal Contract Tower,0,0,8,2,10,0,10,31,0,41,0,10,39,2,51,95,0,95,146
04/11/2006,HUT,KS,ACE,CE,Federal Contract Tower,0,0,18,0,18,0,5,38,0,43,0,5,56,0,61,18,0,18,79
04/12/2006,HUT,KS,ACE,CE,Federal Contract Tower,0,0,3,2,5,0,6,93,0,99,0,6,96,2,104,213,18,231,335
04/13/2006,HUT,KS,ACE,CE,Federal Contract Tower,0,2,14,4,20,0,10,72,0,82,0,12,86,4,102,160,18,178,280
04/14/2006,HUT,KS,ACE,CE,Federal Contract Tower,0,2,10,2,14,0,0,77,0,77,0,2,87,2,91,134,2,136,227
04/15/2006,HUT,KS,ACE,CE,Federal Contract Tower,0,0,6,0,6,0,5,43,0,48,0,5,49,0,54,64,0,64,118
04/16/2006,HUT,KS,ACE,CE,Federal Contract Tower,0,2,3,0,5,0,11,30,0,41,0,13,33,0,46,27,0,27,73
04/17/2006,HUT,KS,ACE,CE,Federal Contract Tower,0,0,3,2,5,0,2,69,0,71,0,2,72,2,76,159,2,161,237
04/18/2006,HUT,KS,ACE,CE,Federal Contract Tower,0,0,18,6,24,0,9,73,0,82,0,9,91,6,106,72,24,96,202
04/19/2006,HUT,KS,ACE,CE,Federal Contract Tower,0,2,16,6,24,0,8,58,0,66,0,10,74,6,90,118,14,132,222
04/20/2006,HUT,KS,ACE,CE,Federal Contract Tower,0,0,13,3,16,0,8,71,3,82,0,8,84,6,98,114,0,114,212
04/21/2006,HUT,KS,ACE,CE,Federal Contract Tower,0,0,23,4,27,0,4,76,0,80,0,4,99,4,107,154,28,182,289
04/22/2006,HUT,KS,ACE,CE,Federal Contract Tower,0,0,4,0,4,0,3,58,0,61,0,3,62,0,65,65,0,65,130
04/23/2006,HUT,KS,ACE,CE,Federal Contract Tower,0,0,4,0,4,0,8,49,0,57,0,8,53,0,61,74,0,74,135
04/24/2006,HUT,KS,ACE,CE,Federal Contract Tower,0,2,12,1,15,0,4,9,0,13,0,6,21,1,28,28,3,31,59
04/25/2006,HUT,KS,ACE,CE,Federal Contract Tower,0,4,28,1,33,0,8,10,0,18,0,12,38,1,51,16,7,23,74
04/26/2006,HUT,KS,ACE,CE,Federal Contract Tower,0,0,26,10,36,0,16,50,0,66,0,16,76,10,102,110,16,126,228
04/27/2006,HUT,KS,ACE,CE,Federal Contract Tower,0,0,22,10,32,0,12,97,0,109,0,12,119,10,141,129,54,183,324
04/28/2006,HUT,KS,ACE,CE,Federal Contract Tower,0,2,6,0,8,0,15,0,0,15,0,17,6,0,23,2,0,2,25
04/29/2006,HUT,KS,ACE,CE,Federal Contract Tower,0,0,15,2,17,0,2,22,0,24,0,2,37,2,41,10,0,10,51
04/30/2006,HUT,KS,ACE,CE,Federal Contract Tower,0,2,12,0,14,0,2,41,0,43,0,4,53,0,57,69,0,69,126
05/01/2006,HUT,KS,ACE,CE,Federal Contract Tower,0,2,16,1,19,0,3,58,3,64,0,5,74,4,83,80,8,88,171
05/02/2006,HUT,KS,ACE,CE,Federal Contract Tower,0,0,10,2,12,0,0,55,0,55,0,0,65,2,67,121,0,121,188
05/03/2006,HUT,KS,ACE,CE,Federal Contract Tower,0,2,30,2,34,0,2,40,6,48,0,4,70,8,82,59,0,59,141
05/04/2006,HUT,KS,ACE,CE,Federal Contract Tower,0,0,23,0,23,0,12,22,2,36,0,12,45,2,59,67,0,67,126
05/05/2006,HUT,KS,ACE,CE,Federal Contract Tower,0,2,19,1,22,0,11,60,1,72,0,13,79,2,94,102,0,102,196
05/06/2006,HUT,KS,ACE,CE,Federal Contract Tower,0,0,24,12,36,0,5,7,0,12,0,5,31,12,48,26,4,30,78
05/07/2006,HUT,KS,ACE,CE,Federal Contract Tower,0,0,20,4,24,0,5,1,0,6,0,5,21,4,30,37,2,39,69
05/08/2006,HUT,KS,ACE,CE,Federal Contract Tower,0,0,21,2,23,0,12,33,2,47,0,12,54,4,70,120,0,120,190
05/09/2006,HUT,KS,ACE,CE,Federal Contract Tower,0,0,5,4,9,0,2,69,0,71,0,2,74,4,80,121,40,161,241
05/10/2006,HUT,KS,ACE,CE,Federal Contract Tower,0,0,6,6,12,0,35,36,0,71,0,35,42,6,83,50,21,71,154
05/11/2006,HUT,KS,ACE,CE,Federal Contract Tower,0,0,6,6,12,0,10,72,0,82,0,10,78,6,94,74,30,104,198
05/12/2006,HUT,KS,ACE,CE,Federal Contract Tower,0,0,19,15,34,0,2,68,4,74,0,2,87,19,108,106,24,130,238
05/13/2006,HUT,KS,ACE,CE,Federal Contract Tower,0,2,5,0,7,0,4,81,6,91,0,6,86,6,98,52,0,52,150
05/14/2006,HUT,KS,ACE,CE,Federal Contract Tower,0,0,3,0,3,0,8,27,0,35,0,8,30,0,38,10,0,10,48
05/15/2006,HUT,KS,ACE,CE,Federal Contract Tower,0,0,10,2,12,0,4,51,0,55,0,4,61,2,67,108,0,108,175
05/16/2006,HUT,KS,ACE,CE,Federal Contract Tower,0,2,10,2,14,0,6,34,0,40,0,8,44,2,54,57,2,59,113
05/17/2006,HUT,KS,ACE,CE,Federal Contract Tower,0,2,18,4,24,0,16,58,0,74,0,18,76,4,98,62,2,64,162
05/18/2006,HUT,KS,ACE,CE,Federal Contract Tower,0,2,8,0,10,0,2,74,0,76,0,4,82,0,86,84,0,84,170
05/19/2006,HUT,KS,ACE,CE,Federal Contract Tower,0,0,11,5,16,0,12,65,0,77,0,12,76,5,93,22,14,36,129
05/20/2006,HUT,KS,ACE,CE,Federal Contract Tower,0,0,11,3,14,0,2,59,0,61,0,2,70,3,75,42,19,61,136
05/21/2006,HUT,KS,ACE,CE,Federal Contract Tower,0,1,12,0,13,0,20,28,0,48,0,21,40,0,61,24,0,24,85
05/22/2006,HUT,KS,ACE,CE,Federal Contract Tower,0,1,10,4,15,0,4,42,0,46,0,5,52,4,61,20,18,38,99
05/23/2006,HUT,KS,ACE,CE,Federal Contract Tower,0,0,9,0,9,0,4,52,0,56,0,4,61,0,65,77,0,77,142
05/24/2006,HUT,KS,ACE,CE,Federal Contract Tower,0,0,12,6,18,0,4,60,0,64,0,4,72,6,82,132,20,152,234
05/25/2006,HUT,KS,ACE,CE,Federal Contract Tower,0,2,21,0,23,0,10,100,4,114,0,12,121,4,137,182,40,222,359
05/26/2006,HUT,KS,ACE,CE,Federal Contract Tower,0,0,14,0,14,0,5,43,0,48,0,5,57,0,62,55,0,55,117
05/27/2006,HUT,KS,ACE,CE,Federal Contract Tower,0,0,2,0,2,0,0,14,0,14,0,0,16,0,16,0,0,0,16
05/28/2006,HUT,KS,ACE,CE,Federal Contract Tower,0,0,4,2,6,0,9,11,0,20,0,9,15,2,26,0,2,2,28
05/29/2006,HUT,KS,ACE,CE,Federal Contract Tower,0,0,3,0,3,0,4,14,0,18,0,4,17,0,21,34,0,34,55
05/30/2006,HUT,KS,ACE,CE,Federal Contract Tower,0,3,12,0,15,0,5,20,0,25,0,8,32,0,40,32,0,32,72
05/31/2006,HUT,KS,ACE,CE,Federal Contract Tower,0,0,10,2,12,0,8,65,0,73,0,8,75,2,85,142,2,144,229
06/01/2006,HUT,KS,ACE,CE,Federal Contract Tower,0,5,7,0,12,0,10,76,0,86,0,15,83,0,98,103,0,103,201
06/02/2006,HUT,KS,ACE,CE,Federal Contract Tower,0,0,18,0,18,0,2,91,0,93,0,2,109,0,111,130,0,130,241
06/03/2006,HUT,KS,ACE,CE,Federal Contract Tower,0,2,6,0,8,0,6,62,1,69,0,8,68,1,77,78,0,78,155
06/04/2006,HUT,KS,ACE,CE,Federal Contract Tower,0,0,8,0,8,0,9,45,0,54,0,9,53,0,62,107,0,107,169
06/05/2006,HUT,KS,ACE,CE,Federal Contract Tower,0,0,5,13,18,0,14,32,0,46,0,14,37,13,64,16,32,48,112
06/06/2006,HUT,KS,ACE,CE,Federal Contract Tower,0,1,10,19,30,0,8,67,0,75,0,9,77,19,105,120,15,135,240
06/07/2006,HUT,KS,ACE,CE,Federal Contract Tower,0,0,11,6,17,0,2,81,0,83,0,2,92,6,100,112,8,120,220
06/08/2006,HUT,KS,ACE,CE,Federal Contract Tower,0,0,16,4,20,0,0,79,0,79,0,0,95,4,99,118,4,122,221
06/09/2006,HUT,KS,ACE,CE,Federal Contract Tower,0,0,12,2,14,0,4,54,0,58,0,4,66,2,72,91,8,99,171
06/10/2006,HUT,KS,ACE,CE,Federal Contract Tower,0,0,6,0,6,0,9,26,0,35,0,9,32,0,41,33,0,33,74
06/11/2006,HUT,KS,ACE,CE,Federal Contract Tower,0,0,10,0,10,0,10,46,2,58,0,10,56,2,68,70,2,72,140
06/12/2006,HUT,KS,ACE,CE,Federal Contract Tower,0,0,23,2,25,0,14,17,0,31,0,14,40,2,56,56,16,72,128
06/13/2006,HUT,KS,ACE,CE,Federal Contract Tower,0,0,12,0,12,0,4,72,0,76,0,4,84,0,88,64,0,64,152
06/14/2006,HUT,KS,ACE,CE,Federal Contract Tower,0,0,13,0,13,0,4,45,0,49,0,4,58,0,62,95,0,95,157
06/15/2006,HUT,KS,ACE,CE,Federal Contract Tower,0,3,5,2,10,0,19,42,0,61,0,22,47,2,71,121,2,123,194
06/16/2006,HUT,KS,ACE,CE,Federal Contract Tower,0,0,12,1,13,0,2,44,1,47,0,2,56,2,60,21,0,21,81
06/17/2006,HUT,KS,ACE,CE,Federal Contract Tower,0,1,18,2,21,0,0,7,0,7,0,1,25,2,28,4,0,4,32
06/18/2006,HUT,KS,ACE,CE,Federal Contract Tower,0,0,3,0,3,0,8,39,0,47,0,8,42,0,50,72,0,72,122
06/19/2006,HUT,KS,ACE,CE,Federal Contract Tower,0,0,5,2,7,0,6,48,2,56,0,6,53,4,63,19,0,19,82
06/20/2006,HUT,KS,ACE,CE,Federal Contract Tower,0,2,12,2,16,0,10,57,5,72,0,12,69,7,88,89,2,91,179
06/21/2006,HUT,KS,ACE,CE,Federal Contract Tower,0,0,11,0,11,0,7,27,0,34,0,7,38,0,45,92,0,92,137
06/22/2006,HUT,KS,ACE,CE,Federal Contract Tower,0,3,27,10,40,0,17,73,0,90,0,20,100,10,130,172,18,190,320
06/23/2006,HUT,KS,ACE,CE,Federal Contract Tower,0,0,21,0,21,0,6,67,0,73,0,6,88,0,94,106,0,106,200
06/24/2006,HUT,KS,ACE,CE,Federal Contract Tower,0,0,11,0,11,0,4,66,0,70,0,4,77,0,81,52,0,52,133
06/25/2006,HUT,KS,ACE,CE,Federal Contract Tower,0,0,5,0,5,0,0,47,0,47,0,0,52,0,52,40,0,40,92
06/26/2006,HUT,KS,ACE,CE,Federal Contract Tower,0,0,18,4,22,0,6,40,0,46,0,6,58,4,68,86,8,94,162
06/27/2006,HUT,KS,ACE,CE,Federal Contract Tower,0,0,7,4,11,0,7,49,0,56,0,7,56,4,67,90,4,94,161
06/28/2006,HUT,KS,ACE,CE,Federal Contract Tower,0,0,11,0,11,0,4,41,0,45,0,4,52,0,56,67,0,67,123
06/29/2006,HUT,KS,ACE,CE,Federal Contract Tower,0,0,6,0,6,0,6,49,0,55,0,6,55,0,61,35,0,35,96
06/30/2006,HUT,KS,ACE,CE,Federal Contract Tower,0,0,23,4,27,0,8,75,0,83,0,8,98,4,110,69,14,83,193
07/01/2006,HUT,KS,ACE,CE,Federal Contract Tower,0,0,14,0,14,0,8,25,0,33,0,8,39,0,47,4,0,4,51
07/02/2006,HUT,KS,ACE,CE,Federal Contract Tower,0,3,9,0,12,0,7,26,0,33,0,10,35,0,45,59,0,59,104
07/03/2006,HUT,KS,ACE,CE,Federal Contract Tower,0,15,7,0,22,0,5,50,0,55,0,20,57,0,77,121,0,121,198
07/04/2006,HUT,KS,ACE,CE,Federal Contract Tower,0,1,24,0,25,0,4,25,0,29,0,5,49,0,54,56,0,56,110
07/05/2006,HUT,KS,ACE,CE,Federal Contract Tower,0,3,14,2,19,0,11,49,0,60,0,14,63,2,79,161,4,165,244
07/06/2006,HUT,KS,ACE,CE,Federal Contract Tower,0,2,30,3,35,0,12,68,1,81,0,14,98,4,116,151,0,151,267
07/07/2006,HUT,KS,ACE,CE,Federal Contract Tower,0,5,24,2,31,0,6,165,0,171,0,11,189,2,202,109,1,110,312
07/08/2006,HUT,KS,ACE,CE,Federal Contract Tower,0,5,17,0,22,0,6,62,2,70,0,11,79,2,92,22,0,22,114
07/09/2006,HUT,KS,ACE,CE,Federal Contract Tower,0,29,18,0,47,0,0,29,0,29,0,29,47,0,76,26,0,26,102
07/10/2006,HUT,KS,ACE,CE,Federal Contract Tower,0,2,12,2,16,0,5,17,0,22,0,7,29,2,38,18,6,24,62
07/11/2006,HUT,KS,ACE,CE,Federal Contract Tower,0,2,9,2,13,0,6,35,0,41,0,8,44,2,54,69,0,69,123
07/12/2006,HUT,KS,ACE,CE,Federal Contract Tower,0,0,10,2,12,0,11,64,0,75,0,11,74,2,87,50,2,52,139
07/13/2006,HUT,KS,ACE,CE,Federal Contract Tower,0,0,16,0,16,0,5,48,0,53,0,5,64,0,69,92,0,92,161
07/14/2006,HUT,KS,ACE,CE,Federal Contract Tower,0,0,11,6,17,0,4,126,0,130,0,4,137,6,147,77,41,118,265
07/15/2006,HUT,KS,ACE,CE,Federal Contract Tower,0,0,13,0,13,0,3,64,0,67,0,3,77,0,80,16,0,16,96
07/16/2006,HUT,KS,ACE,CE,Federal Contract Tower,0,2,15,0,17,0,12,40,0,52,0,14,55,0,69,74,0,74,143
07/17/2006,HUT,KS,ACE,CE,Federal Contract Tower,0,0,6,6,12,0,0,50,0,50,0,0,56,6,62,99,4,103,165
07/18/2006,HUT,KS,ACE,CE,Federal Contract Tower,0,0,15,4,19,0,4,187,0,191,0,4,202,4,210,81,2,83,293
07/19/2006,HUT,KS,ACE,CE,Federal Contract Tower,0,3,14,2,19,0,9,125,1,135,0,12,139,3,154,91,8,99,253
07/20/2006,HUT,KS,ACE,CE,Federal Contract Tower,0,3,14,2,19,0,3,76,0,79,0,6,90,2,98,46,4,50,148
07/21/2006,HUT,KS,ACE,CE,Federal Contract Tower,0,0,17,0,17,0,2,28,0,30,0,2,45,0,47,7,0,7,54
07/22/2006,HUT,KS,ACE,CE,Federal Contract Tower,0,2,13,0,15,0,0,53,0,53,0,2,66,0,68,40,0,40,108
07/23/2006,HUT,KS,ACE,CE,Federal Contract Tower,0,2,7,0,9,0,0,41,0,41,0,2,48,0,50,42,0,42,92
07/24/2006,HUT,KS,ACE,CE,Federal Contract Tower,0,0,7,6,13,0,0,41,0,41,0,0,48,6,54,59,14,73,127
07/25/2006,HUT,KS,ACE,CE,Federal Contract Tower,0,0,11,3,14,0,0,38,0,38,0,0,49,3,52,48,20,68,120
07/26/2006,HUT,KS,ACE,CE,Federal Contract Tower,0,0,13,4,17,0,2,58,0,60,0,2,71,4,77,103,0,103,180
07/27/2006,HUT,KS,ACE,CE,Federal Contract Tower,0,0,22,2,24,0,2,39,0,41,0,2,61,2,65,4,4,8,73
07/28/2006,HUT,KS,ACE,CE,Federal Contract Tower,0,0,14,1,15,0,8,49,3,60,0,8,63,4,75,58,0,58,133
07/29/2006,HUT,KS,ACE,CE,Federal Contract Tower,0,0,7,0,7,0,0,67,0,67,0,0,74,0,74,40,0,40,114
07/30/2006,HUT,KS,ACE,CE,Federal Contract Tower,0,0,2,0,2,0,8,60,0,68,0,8,62,0,70,41,0,41,111
07/31/2006,HUT,KS,ACE,CE,Federal Contract Tower,0,0,9,10,19,0,12,76,0,88,0,12,85,10,107,138,22,160,267
08/01/2006,HUT,KS,ACE,CE,Federal Contract Tower,0,1,11,10,22,0,12,32,0,44,0,13,43,10,66,63,26,89,155
08/02/2006,HUT,KS,ACE,CE,Federal Contract Tower,0,1,4,4,9,0,6,29,0,35,0,7,33,4,44,82,14,96,140
08/03/2006,HUT,KS,ACE,CE,Federal Contract Tower,0,2,11,7,20,0,24,40,0,64,0,26,51,7,84,28,16,44,128
08/04/2006,HUT,KS,ACE,CE,Federal Contract Tower,0,0,17,5,22,0,8,60,0,68,0,8,77,5,90,38,14,52,142
08/05/2006,HUT,KS,ACE,CE,Federal Contract Tower,0,2,7,8,17,0,8,41,0,49,0,10,48,8,66,24,6,30,96
08/06/2006,HUT,KS,ACE,CE,Federal Contract Tower,0,0,10,0,10,0,5,28,0,33,0,5,38,0,43,53,0,53,96
08/07/2006,HUT,KS,ACE,CE,Federal Contract Tower,0,0,8,2,10,0,3,33,0,36,0,3,41,2,46,50,0,50,96
08/08/2006,HUT,KS,ACE,CE,Federal Contract Tower,0,2,9,0,11,0,3,48,0,51,0,5,57,0,62,50,0,50,112
08/09/2006,HUT,KS,ACE,CE,Federal Contract Tower,0,2,24,2,28,0,2,61,0,63,0,4,85,2,91,95,6,101,192
08/10/2006,HUT,KS,ACE,CE,Federal Contract Tower,0,2,16,0,18,0,8,52,0,60,0,10,68,0,78,44,8,52,130
08/11/2006,HUT,KS,ACE,CE,Federal Contract Tower,0,1,10,6,17,0,6,114,2,122,0,7,124,8,139,120,8,128,267
08/12/2006,HUT,KS,ACE,CE,Federal Contract Tower,0,0,10,0,10,0,2,42,0,44,0,2,52,0,54,38,0,38,92
08/13/2006,HUT,KS,ACE,CE,Federal Contract Tower,0,0,4,3,7,0,9,19,0,28,0,9,23,3,35,14,20,34,69
08/14/2006,HUT,KS,ACE,CE,Federal Contract Tower,0,0,8,0,8,0,0,9,0,9,0,0,17,0,17,30,0,30,47
08/15/2006,HUT,KS,ACE,CE,Federal Contract Tower,0,2,13,6,21,0,6,42,0,48,0,8,55,6,69,76,18,94,163
08/16/2006,HUT,KS,ACE,CE,Federal Contract Tower,0,0,7,2,9,0,0,28,0,28,0,0,35,2,37,24,4,28,65
08/17/2006,HUT,KS,ACE,CE,Federal Contract Tower,0,0,18,2,20,0,1,62,0,63,0,1,80,2,83,95,2,97,180
08/18/2006,HUT,KS,ACE,CE,Federal Contract Tower,0,0,11,4,15,0,2,59,2,63,0,2,70,6,78,45,10,55,133
08/19/2006,HUT,KS,ACE,CE,Federal Contract Tower,0,0,17,0,17,0,0,3,0,3,0,0,20,0,20,20,0,20,40
08/20/2006,HUT,KS,ACE,CE,Federal Contract Tower,0,2,17,2,21,0,3,15,0,18,0,5,32,2,39,41,12,53,92
08/21/2006,HUT,KS,ACE,CE,Federal Contract Tower,0,0,8,0,8,0,8,5,0,13,0,8,13,0,21,2,0,2,23
08/22/2006,HUT,KS,ACE,CE,Federal Contract Tower,0,0,18,10,28,0,4,77,0,81,0,4,95,10,109,83,26,109,218
08/23/2006,HUT,KS,ACE,CE,Federal Contract Tower,0,0,10,8,18,0,12,72,0,84,0,12,82,8,102,91,10,101,203
08/24/2006,HUT,KS,ACE,CE,Federal Contract Tower,0,0,9,6,15,0,2,49,0,51,0,2,58,6,66,55,26,81,147
08/25/2006,HUT,KS,ACE,CE,Federal Contract Tower,0,0,18,8,26,0,6,57,1,64,0,6,75,9,90,60,12,72,162
08/26/2006,HUT,KS,ACE,CE,Federal Contract Tower,0,2,7,4,13,0,7,6,0,13,0,9,13,4,26,10,14,24,50
08/27/2006,HUT,KS,ACE,CE,Federal Contract Tower,0,0,16,4,20,0,2,7,0,9,0,2,23,4,29,35,4,39,68
08/28/2006,HUT,KS,ACE,CE,Federal Contract Tower,0,0,14,4,18,0,12,58,0,70,0,12,72,4,88,69,2,71,159
08/29/2006,HUT,KS,ACE,CE,Federal Contract Tower,0,0,17,6,23,0,3,31,0,34,0,3,48,6,57,62,16,78,135
08/30/2006,HUT,KS,ACE,CE,Federal Contract Tower,0,0,8,6,14,0,4,59,0,63,0,4,67,6,77,134,2,136,213
08/31/2006,HUT,KS,ACE,CE,Federal Contract Tower,0,2,7,8,17,0,16,71,0,87,0,18,78,8,104,117,12,129,233
09/01/2006,HUT,KS,ACE,CE,Federal Contract Tower,0,2,16,0,18,0,8,54,0,62,0,10,70,0,80,66,0,66,146
09/02/2006,HUT,KS,ACE,CE,Federal Contract Tower,0,0,28,0,28,0,3,0,0,3,0,3,28,0,31,2,0,2,33
09/03/2006,HUT,KS,ACE,CE,Federal Contract Tower,0,0,4,0,4,0,8,41,0,49,0,8,45,0,53,58,0,58,111
09/04/2006,HUT,KS,ACE,CE,Federal Contract Tower,0,0,5,0,5,0,10,36,0,46,0,10,41,0,51,19,0,19,70
09/05/2006,HUT,KS,ACE,CE,Federal Contract Tower,0,0,9,0,9,0,0,46,0,46,0,0,55,0,55,58,0,58,113
09/06/2006,HUT,KS,ACE,CE,Federal Contract Tower,0,0,10,0,10,0,0,92,0,92,0,0,102,0,102,136,0,136,238
09/07/2006,HUT,KS,ACE,CE,Federal Contract Tower,0,0,9,4,13,0,2,67,0,69,0,2,76,4,82,103,20,123,205
09/08/2006,HUT,KS,ACE,CE,Federal Contract Tower,0,4,16,4,24,0,8,41,0,49,0,12,57,4,73,44,2,46,119
09/09/2006,HUT,KS,ACE,CE,Federal Contract Tower,0,0,9,3,12,0,4,45,3,52,0,4,54,6,64,51,6,57,121
09/10/2006,HUT,KS,ACE,CE,Federal Contract Tower,0,0,6,0,6,0,13,26,0,39,0,13,32,0,45,116,0,116,161
09/11/2006,HUT,KS,ACE,CE,Federal Contract Tower,0,0,43,7,50,0,0,27,0,27,0,0,70,7,77,137,4,141,218
09/12/2006,HUT,KS,ACE,CE,Federal Contract Tower,0,0,63,2,65,0,4,15,0,19,0,4,78,2,84,70,0,70,154
09/13/2006,HUT,KS,ACE,CE,Federal Contract Tower,0,2,10,10,22,0,12,83,0,95,0,14,93,10,117,154,50,204,321
09/14/2006,HUT,KS,ACE,CE,Federal Contract Tower,0,0,18,4,22,0,6,96,0,102,0,6,114,4,124,183,10,193,317
09/15/2006,HUT,KS,ACE,CE,Federal Contract Tower,0,0,13,6,19,0,2,43,0,45,0,2,56,6,64,55,20,75,139
09/16/2006,HUT,KS,ACE,CE,Federal Contract Tower,0,0,10,0,10,0,8,28,0,36,0,8,38,0,46,2,0,2,48
09/17/2006,HUT,KS,ACE,CE,Federal Contract Tower,0,0,15,1,16,0,10,29,0,39,0,10,44,1,55,71,0,71,126
09/18/2006,HUT,KS,ACE,CE,Federal Contract Tower,0,0,15,6,21,0,14,65,0,79,0,14,80,6,100,99,6,105,205
09/19/2006,HUT,KS,ACE,CE,Federal Contract Tower,0,0,9,6,15,0,2,57,0,59,0,2,66,6,74,58,16,74,148
09/20/2006,HUT,KS,ACE,CE,Federal Contract Tower,0,0,15,12,27,0,8,55,0,63,0,8,70,12,90,98,28,126,216
09/21/2006,HUT,KS,ACE,CE,Federal Contract Tower,0,0,3,0,3,0,9,5,0,14,0,9,8,0,17,0,0,0,17
09/22/2006,HUT,KS,ACE,CE,Federal Contract Tower,0,0,17,10,27,0,0,83,0,83,0,0,100,10,110,97,21,118,228
09/23/2006,HUT,KS,ACE,CE,Federal Contract Tower,0,1,8,2,11,0,6,44,0,50,0,7,52,2,61,18,0,18,79
09/24/2006,HUT,KS,ACE,CE,Federal Contract Tower,0,1,8,0,9,0,6,36,0,42,0,7,44,0,51,55,0,55,106
09/25/2006,HUT,KS,ACE,CE,Federal Contract Tower,0,0,8,6,14,0,5,62,0,67,0,5,70,6,81,61,8,69,150
09/26/2006,HUT,KS,ACE,CE,Federal Contract Tower,0,0,19,8,27,0,16,126,0,142,0,16,145,8,169,104,28,132,301
09/27/2006,HUT,KS,ACE,CE,Federal Contract Tower,0,0,15,13,28,0,22,110,0,132,0,22,125,13,160,159,20,179,339
09/28/2006,HUT,KS,ACE,CE,Federal Contract Tower,0,5,11,0,16,0,2,167,0,169,0,7,178,0,185,174,0,174,359
09/29/2006,HUT,KS,ACE,CE,Federal Contract Tower,0,0,18,0,18,0,30,68,0,98,0,30,86,0,116,98,0,98,214
09/30/2006,HUT,KS,ACE,CE,Federal Contract Tower,0,0,13,0,13,0,2,61,0,63,0,2,74,0,76,28,0,28,104
10/01/2006,HUT,KS,ACE,CE,Federal Contract Tower,0,2,4,0,6,0,32,46,0,78,0,34,50,0,84,24,0,24,108
10/02/2006,HUT,KS,ACE,CE,Federal Contract Tower,0,0,5,4,9,0,0,24,0,24,0,0,29,4,33,2,4,6,39
10/03/2006,HUT,KS,ACE,CE,Federal Contract Tower,0,0,15,0,15,0,2,60,2,64,0,2,75,2,79,68,12,80,159
10/04/2006,HUT,KS,ACE,CE,Federal Contract Tower,0,0,17,3,20,0,6,44,1,51,0,6,61,4,71,58,0,58,129
10/05/2006,HUT,KS,ACE,CE,Federal Contract Tower,0,0,12,2,14,0,34,72,0,106,0,34,84,2,120,119,48,167,287
10/06/2006,HUT,KS,ACE,CE,Federal Contract Tower,0,2,16,0,18,0,4,99,0,103,0,6,115,0,121,122,0,122,243
10/07/2006,HUT,KS,ACE,CE,Federal Contract Tower,0,0,7,0,7,0,0,41,0,41,0,0,48,0,48,70,0,70,118
10/08/2006,HUT,KS,ACE,CE,Federal Contract Tower,0,0,15,0,15,0,4,34,0,38,0,4,49,0,53,40,0,40,93
10/09/2006,HUT,KS,ACE,CE,Federal Contract Tower,0,0,14,0,14,0,2,62,0,64,0,2,76,0,78,91,0,91,169
10/10/2006,HUT,KS,ACE,CE,Federal Contract Tower,0,0,16,0,16,0,0,0,0,0,0,0,16,0,16,2,0,2,18
10/11/2006,HUT,KS,ACE,CE,Federal Contract Tower,0,0,14,4,18,0,8,44,3,55,0,8,58,7,73,24,7,31,104
10/12/2006,HUT,KS,ACE,CE,Federal Contract Tower,0,0,20,0,20,0,27,32,0,59,0,27,52,0,79,118,0,118,197
10/13/2006,HUT,KS,ACE,CE,Federal Contract Tower,0,0,18,2,20,0,10,69,0,79,0,10,87,2,99,167,18,185,284
10/14/2006,HUT,KS,ACE,CE,Federal Contract Tower,0,0,9,3,12,0,16,45,5,66,0,16,54,8,78,69,14,83,161
10/15/2006,HUT,KS,ACE,CE,Federal Contract Tower,0,0,8,0,8,0,0,0,0,0,0,0,8,0,8,2,0,2,10
10/16/2006,HUT,KS,ACE,CE,Federal Contract Tower,0,0,22,4,26,0,2,1,0,3,0,2,23,4,29,0,2,2,31
10/17/2006,HUT,KS,ACE,CE,Federal Contract Tower,0,2,14,0,16,0,6,7,0,13,0,8,21,0,29,0,0,0,29
10/18/2006,HUT,KS,ACE,CE,Federal Contract Tower,0,7,7,9,23,0,60,28,0,88,0,67,35,9,111,32,15,47,158
10/19/2006,HUT,KS,ACE,CE,Federal Contract Tower,0,1,13,2,16,0,2,69,0,71,0,3,82,2,87,123,8,131,218
10/20/2006,HUT,KS,ACE,CE,Federal Contract Tower,0,1,16,2,19,0,12,91,0,103,0,13,107,2,122,120,2,122,244
10/21/2006,HUT,KS,ACE,CE,Federal Contract Tower,0,2,5,0,7,0,0,2,0,2,0,2,7,0,9,0,0,0,9
10/22/2006,HUT,KS,ACE,CE,Federal Contract Tower,0,1,3,0,4,0,16,31,0,47,0,17,34,0,51,43,0,43,94
10/23/2006,HUT,KS,ACE,CE,Federal Contract Tower,0,0,15,0,15,0,10,84,0,94,0,10,99,0,109,88,0,88,197
10/24/2006,HUT,KS,ACE,CE,Federal Contract Tower,0,0,14,0,14,0,2,101,0,103,0,2,115,0,117,112,0,112,229
10/25/2006,HUT,KS,ACE,CE,Federal Contract Tower,0,2,32,4,38,0,0,0,0,0,0,2,32,4,38,6,6,12,50
10/26/2006,HUT,KS,ACE,CE,Federal Contract Tower,0,0,18,0,18,0,0,0,0,0,0,0,18,0,18,5,0,5,23
10/27/2006,HUT,KS,ACE,CE,Federal Contract Tower,0,0,17,4,21,0,4,20,0,24,0,4,37,4,45,38,2,40,85
10/28/2006,HUT,KS,ACE,CE,Federal Contract Tower,0,0,4,0,4,0,8,34,0,42,0,8,38,0,46,98,0,98,144
10/29/2006,HUT,KS,ACE,CE,Federal Contract Tower,0,0,6,0,6,0,6,53,0,59,0,6,59,0,65,114,0,114,179
10/30/2006,HUT,KS,ACE,CE,Federal Contract Tower,0,0,10,4,14,0,8,56,0,64,0,8,66,4,78,75,0,75,153
10/31/2006,HUT,KS,ACE,CE,Federal Contract Tower,0,0,15,7,22,0,15,130,0,145,0,15,145,7,167,154,25,179,346
11/01/2006,HUT,KS,ACE,CE,Federal Contract Tower,0,0,11,4,15,0,2,50,1,53,0,2,61,5,68,51,12,63,131
11/02/2006,HUT,KS,ACE,CE,Federal Contract Tower,0,0,6,8,14,0,19,73,0,92,0,19,79,8,106,83,14,97,203
11/03/2006,HUT,KS,ACE,CE,Federal Contract Tower,0,0,3,4,7,0,26,52,0,78,0,26,55,4,85,133,4,137,222
11/04/2006,HUT,KS,ACE,CE,Federal Contract Tower,0,0,13,0,13,0,4,42,0,46,0,4,55,0,59,74,0,74,133
11/05/2006,HUT,KS,ACE,CE,Federal Contract Tower,0,2,18,0,20,0,0,1,0,1,0,2,19,0,21,18,0,18,39
11/06/2006,HUT,KS,ACE,CE,Federal Contract Tower,0,0,8,6,14,0,2,42,0,44,0,2,50,6,58,78,4,82,140
11/07/2006,HUT,KS,ACE,CE,Federal Contract Tower,0,0,25,12,37,0,10,56,0,66,0,10,81,12,103,80,36,116,219
11/08/2006,HUT,KS,ACE,CE,Federal Contract Tower,0,4,10,6,20,0,8,66,0,74,0,12,76,6,94,68,8,76,170
11/09/2006,HUT,KS,ACE,CE,Federal Contract Tower,0,2,21,18,41,0,11,75,0,86,0,13,96,18,127,139,32,171,298
11/10/2006,HUT,KS,ACE,CE,Federal Contract Tower,0,2,15,0,17,0,6,58,3,67,0,8,73,3,84,56,0,56,140
11/11/2006,HUT,KS,ACE,CE,Federal Contract Tower,0,0,10,0,10,0,6,42,0,48,0,6,52,0,58,36,0,36,94
11/12/2006,HUT,KS,ACE,CE,Federal Contract Tower,0,2,10,0,12,0,5,12,0,17,0,7,22,0,29,0,0,0,29
11/13/2006,HUT,KS,ACE,CE,Federal Contract Tower,0,0,15,0,15,0,8,44,0,52,0,8,59,0,67,75,0,75,142
11/14/2006,HUT,KS,ACE,CE,Federal Contract Tower,0,0,8,12,20,0,5,17,0,22,0,5,25,12,42,35,40,75,117
11/15/2006,HUT,KS,ACE,CE,Federal Contract Tower,0,6,6,0,12,0,0,11,0,11,0,6,17,0,23,2,0,2,25
11/16/2006,HUT,KS,ACE,CE,Federal Contract Tower,0,0,17,2,19,0,0,71,0,71,0,0,88,2,90,107,0,107,197
11/17/2006,HUT,KS,ACE,CE,Federal Contract Tower,0,0,16,0,16,0,21,107,4,132,0,21,123,4,148,77,0,77,225
11/18/2006,HUT,KS,ACE,CE,Federal Contract Tower,0,1,9,0,10,0,4,41,0,45,0,5,50,0,55,47,0,47,102
11/19/2006,HUT,KS,ACE,CE,Federal Contract Tower,0,1,9,0,10,0,1,61,0,62,0,2,70,0,72,62,0,62,134
11/20/2006,HUT,KS,ACE,CE,Federal Contract Tower,0,0,1,8,9,0,9,61,0,70,0,9,62,8,79,89,42,131,210
11/21/2006,HUT,KS,ACE,CE,Federal Contract Tower,0,0,8,0,8,0,12,61,2,75,0,12,69,2,83,70,0,70,153
11/22/2006,HUT,KS,ACE,CE,Federal Contract Tower,0,0,24,0,24,0,7,53,0,60,0,7,77,0,84,53,0,53,137
11/23/2006,HUT,KS,ACE,CE,Federal Contract Tower,0,0,1,0,1,0,4,39,0,43,0,4,40,0,44,8,0,8,52
11/24/2006,HUT,KS,ACE,CE,Federal Contract Tower,0,0,5,0,5,0,4,27,0,31,0,4,32,0,36,22,0,22,58
11/25/2006,HUT,KS,ACE,CE,Federal Contract Tower,0,0,5,0,5,0,5,42,0,47,0,5,47,0,52,6,0,6,58
11/26/2006,HUT,KS,ACE,CE,Federal Contract Tower,0,0,7,0,7,0,0,8,0,8,0,0,15,0,15,24,0,24,39
11/27/2006,HUT,KS,ACE,CE,Federal Contract Tower,0,0,9,0,9,0,0,1,0,1,0,0,10,0,10,0,0,0,10
11/28/2006,HUT,KS,ACE,CE,Federal Contract Tower,0,2,10,4,16,0,5,79,0,84,0,7,89,4,100,50,12,62,162
11/29/2006,HUT,KS,ACE,CE,Federal Contract Tower,0,0,6,0,6,0,10,4,0,14,0,10,10,0,20,0,0,0,20
11/30/2006,HUT,KS,ACE,CE,Federal Contract Tower,0,0,5,0,5,0,2,0,0,2,0,2,5,0,7,11,0,11,18
12/01/2006,HUT,KS,ACE,CE,Federal Contract Tower,0,0,9,0,9,0,10,60,0,70,0,10,69,0,79,46,0,46,125
12/02/2006,HUT,KS,ACE,CE,Federal Contract Tower,0,0,6,0,6,0,13,32,0,45,0,13,38,0,51,30,0,30,81
12/03/2006,HUT,KS,ACE,CE,Federal Contract Tower,0,0,3,0,3,0,6,29,0,35,0,6,32,0,38,30,0,30,68
12/04/2006,HUT,KS,ACE,CE,Federal Contract Tower,0,0,9,0,9,0,15,108,0,123,0,15,117,0,132,67,0,67,199
12/05/2006,HUT,KS,ACE,CE,Federal Contract Tower,0,0,19,6,25,0,11,136,0,147,0,11,155,6,172,176,10,186,358
12/06/2006,HUT,KS,ACE,CE,Federal Contract Tower,0,2,4,10,16,0,0,99,0,99,0,2,103,10,115,77,8,85,200
12/07/2006,HUT,KS,ACE,CE,Federal Contract Tower,0,0,10,2,12,0,4,74,0,78,0,4,84,2,90,72,4,76,166
12/08/2006,HUT,KS,ACE,CE,Federal Contract Tower,0,4,13,6,23,0,18,103,0,121,0,22,116,6,144,163,4,167,311
12/09/2006,HUT,KS,ACE,CE,Federal Contract Tower,0,0,9,2,11,0,0,42,6,48,0,0,51,8,59,42,0,42,101
12/10/2006,HUT,KS,ACE,CE,Federal Contract Tower,0,0,21,0,21,0,0,23,0,23,0,0,44,0,44,16,0,16,60
12/11/2006,HUT,KS,ACE,CE,Federal Contract Tower,0,4,13,6,23,0,1,58,0,59,0,5,71,6,82,67,31,98,180
12/12/2006,HUT,KS,ACE,CE,Federal Contract Tower,0,0,13,8,21,0,12,141,0,153,0,12,154,8,174,165,14,179,353
12/13/2006,HUT,KS,ACE,CE,Federal Contract Tower,0,0,16,4,20,0,6,69,0,75,0,6,85,4,95,79,14,93,188
12/14/2006,HUT,KS,ACE,CE,Federal Contract Tower,0,0,16,18,34,0,14,100,0,114,0,14,116,18,148,83,20,103,251
12/15/2006,HUT,KS,ACE,CE,Federal Contract Tower,0,0,24,7,31,0,12,117,0,129,0,12,141,7,160,81,14,95,255
12/16/2006,HUT,KS,ACE,CE,Federal Contract Tower,0,0,14,0,14,0,4,27,0,31,0,4,41,0,45,76,0,76,121
12/17/2006,HUT,KS,ACE,CE,Federal Contract Tower,0,0,11,0,11,0,0,20,0,20,0,0,31,0,31,6,0,6,37
12/18/2006,HUT,KS,ACE,CE,Federal Contract Tower,0,0,21,18,39,0,11,102,0,113,0,11,123,18,152,94,21,115,267
12/19/2006,HUT,KS,ACE,CE,Federal Contract Tower,0,0,16,19,35,0,8,31,0,39,0,8,47,19,74,73,62,135,209
12/20/2006,HUT,KS,ACE,CE,Federal Contract Tower,0,2,15,4,21,0,4,0,0,4,0,6,15,4,25,4,0,4,29
12/21/2006,HUT,KS,ACE,CE,Federal Contract Tower,0,1,16,0,17,0,1,3,0,4,0,2,19,0,21,0,0,0,21
12/22/2006,HUT,KS,ACE,CE,Federal Contract Tower,0,0,19,0,19,0,19,44,0,63,0,19,63,0,82,30,0,30,112
12/23/2006,HUT,KS,ACE,CE,Federal Contract Tower,0,0,8,0,8,0,2,39,0,41,0,2,47,0,49,47,0,47,96
12/24/2006,HUT,KS,ACE,CE,Federal Contract Tower,0,2,5,0,7,0,2,8,0,10,0,4,13,0,17,4,0,4,21
12/25/2006,HUT,KS,ACE,CE,Federal Contract Tower,0,0,1,0,1,0,4,2,0,6,0,4,3,0,7,0,0,0,7
12/26/2006,HUT,KS,ACE,CE,Federal Contract Tower,0,0,6,0,6,0,7,77,0,84,0,7,83,0,90,63,0,63,153
12/27/2006,HUT,KS,ACE,CE,Federal Contract Tower,0,2,20,0,22,0,7,75,0,82,0,9,95,0,104,69,0,69,173
12/28/2006,HUT,KS,ACE,CE,Federal Contract Tower,0,0,16,0,16,0,8,4,0,12,0,8,20,0,28,16,0,16,44
12/29/2006,HUT,KS,ACE,CE,Federal Contract Tower,0,2,4,0,6,0,6,0,0,6,0,8,4,0,12,4,2,6,18
12/30/2006,HUT,KS,ACE,CE,Federal Contract Tower,0,2,4,0,6,0,4,0,0,4,0,6,4,0,10,0,0,0,10
12/31/2006,HUT,KS,ACE,CE,Federal Contract Tower,0,0,0,0,0,0,12,0,0,12,0,12,0,0,12,0,0,0,12
01/01/2007,HUT,KS,ACE,CE,Federal Contract Tower,0,0,5,0,5,0,13,17,0,30,0,13,22,0,35,12,0,12,47
01/02/2007,HUT,KS,ACE,CE,Federal Contract Tower,0,0,5,0,5,0,24,81,0,105,0,24,86,0,110,90,0,90,200
01/03/2007,HUT,KS,ACE,CE,Federal Contract Tower,0,3,7,4,14,0,9,83,0,92,0,12,90,4,106,68,6,74,180
01/04/2007,HUT,KS,ACE,CE,Federal Contract Tower,0,0,21,10,31,0,10,88,0,98,0,10,109,10,129,83,0,83,212
01/05/2007,HUT,KS,ACE,CE,Federal Contract Tower,0,2,10,0,12,0,4,0,0,4,0,6,10,0,16,7,0,7,23
01/06/2007,HUT,KS,ACE,CE,Federal Contract Tower,0,0,11,6,17,0,4,64,0,68,0,4,75,6,85,74,40,114,199
01/07/2007,HUT,KS,ACE,CE,Federal Contract Tower,0,0,3,4,7,0,0,29,0,29,0,0,32,4,36,56,10,66,102
01/08/2007,HUT,KS,ACE,CE,Federal Contract Tower,0,0,2,16,18,0,10,91,0,101,0,10,93,16,119,75,22,97,216
01/09/2007,HUT,KS,ACE,CE,Federal Contract Tower,0,0,11,1,12,0,12,88,3,103,0,12,99,4,115,73,22,95,210
01/10/2007,HUT,KS,ACE,CE,Federal Contract Tower,0,2,5,10,17,0,7,23,0,30,0,9,28,10,47,66,50,116,163
01/11/2007,HUT,KS,ACE,CE,Federal Contract Tower,0,0,12,8,20,0,2,89,0,91,0,2,101,8,111,109,10,119,230
01/12/2007,HUT,KS,ACE,CE,Federal Contract Tower,0,0,5,0,5,0,2,2,0,4,0,2,7,0,9,5,0,5,14
01/13/2007,HUT,KS,ACE,CE,Federal Contract Tower,0,2,1,0,3,0,0,0,0,0,0,2,1,0,3,0,0,0,3
01/14/2007,HUT,KS,ACE,CE,Federal Contract Tower,0,0,0,0,0,0,0,0,0,0,0,0,0,0,0,0,0,0,0
01/15/2007,HUT,KS,ACE,CE,Federal Contract Tower,0,0,3,0,3,0,3,14,0,17,0,3,17,0,20,20,0,20,40
01/16/2007,HUT,KS,ACE,CE,Federal Contract Tower,0,0,3,4,7,0,8,43,0,51,0,8,46,4,58,13,8,21,79
01/17/2007,HUT,KS,ACE,CE,Federal Contract Tower,0,0,1,2,3,0,6,26,0,32,0,6,27,2,35,8,0,8,43
01/18/2007,HUT,KS,ACE,CE,Federal Contract Tower,0,0,7,8,15,0,12,40,0,52,0,12,47,8,67,54,8,62,129
01/19/2007,HUT,KS,ACE,CE,Federal Contract Tower,0,0,12,0,12,0,5,105,0,110,0,5,117,0,122,142,0,142,264
01/20/2007,HUT,KS,ACE,CE,Federal Contract Tower,0,0,2,0,2,0,2,0,0,2,0,2,2,0,4,2,0,2,6
01/21/2007,HUT,KS,ACE,CE,Federal Contract Tower,0,0,2,0,2,0,10,2,0,12,0,10,4,0,14,0,0,0,14
01/22/2007,HUT,KS,ACE,CE,Federal Contract Tower,0,0,1,8,9,0,7,79,0,86,0,7,80,8,95,50,37,87,182
01/23/2007,HUT,KS,ACE,CE,Federal Contract Tower,0,0,3,0,3,0,6,52,2,60,0,6,55,2,63,32,6,38,101
01/24/2007,HUT,KS,ACE,CE,Federal Contract Tower,0,0,15,2,17,0,0,88,0,88,0,0,103,2,105,108,0,108,213
01/25/2007,HUT,KS,ACE,CE,Federal Contract Tower,0,0,9,2,11,0,5,107,2,114,0,5,116,4,125,203,0,203,328
01/26/2007,HUT,KS,ACE,CE,Federal Contract Tower,0,0,12,0,12,0,6,111,0,117,0,6,123,0,129,130,0,130,259
01/27/2007,HUT,KS,ACE,CE,Federal Contract Tower,0,0,7,0,7,0,18,47,0,65,0,18,54,0,72,66,0,66,138
01/28/2007,HUT,KS,ACE,CE,Federal Contract Tower,0,4,6,0,10,0,2,37,2,41,0,6,43,2,51,43,0,43,94
01/29/2007,HUT,KS,ACE,CE,Federal Contract Tower,0,0,11,13,24,0,0,62,0,62,0,0,73,13,86,65,34,99,185
01/30/2007,HUT,KS,ACE,CE,Federal Contract Tower,0,1,14,4,19,0,11,70,0,81,0,12,84,4,100,57,6,63,163
01/31/2007,HUT,KS,ACE,CE,Federal Contract Tower,0,0,5,0,5,0,4,0,0,4,0,4,5,0,9,0,0,0,9
02/01/2007,HUT,KS,ACE,CE,Federal Contract Tower,0,0,19,0,19,0,1,25,0,26,0,1,44,0,45,76,0,76,121
02/02/2007,HUT,KS,ACE,CE,Federal Contract Tower,0,0,9,4,13,0,2,49,0,51,0,2,58,4,64,98,12,110,174
02/03/2007,HUT,KS,ACE,CE,Federal Contract Tower,0,0,8,0,8,0,0,18,0,18,0,0,26,0,26,34,0,34,60
02/04/2007,HUT,KS,ACE,CE,Federal Contract Tower,0,0,3,0,3,0,3,24,0,27,0,3,27,0,30,64,0,64,94
02/05/2007,HUT,KS,ACE,CE,Federal Contract Tower,0,0,6,6,12,0,10,108,7,125,0,10,114,13,137,135,18,153,290
02/06/2007,HUT,KS,ACE,CE,Federal Contract Tower,0,0,7,2,9,0,5,83,1,89,0,5,90,3,98,72,18,90,188
02/07/2007,HUT,KS,ACE,CE,Federal Contract Tower,0,2,18,4,24,0,4,27,44,75,0,6,45,48,99,73,2,75,174
02/08/2007,HUT,KS,ACE,CE,Federal Contract Tower,0,0,32,6,38,0,3,58,0,61,0,3,90,6,99,61,28,89,188
02/09/2007,HUT,KS,ACE,CE,Federal Contract Tower,0,0,17,0,17,0,10,0,0,10,0,10,17,0,27,9,0,9,36
02/10/2007,HUT,KS,ACE,CE,Federal Contract Tower,0,0,8,0,8,0,0,36,0,36,0,0,44,0,44,28,0,28,72
02/11/2007,HUT,KS,ACE,CE,Federal Contract Tower,0,1,3,0,4,0,1,0,0,1,0,2,3,0,5,0,0,0,5
02/12/2007,HUT,KS,ACE,CE,Federal Contract Tower,0,0,6,0,6,0,0,0,0,0,0,0,6,0,6,0,0,0,6
02/13/2007,HUT,KS,ACE,CE,Federal Contract Tower,0,0,11,0,11,0,2,0,0,2,0,2,11,0,13,0,0,0,13
02/14/2007,HUT,KS,ACE,CE,Federal Contract Tower,0,2,20,4,26,0,4,9,0,13,0,6,29,4,39,8,4,12,51
02/15/2007,HUT,KS,ACE,CE,Federal Contract Tower,0,4,25,0,29,0,8,3,0,11,0,12,28,0,40,17,0,17,57
02/16/2007,HUT,KS,ACE,CE,Federal Contract Tower,0,0,15,4,19,0,0,17,0,17,0,0,32,4,36,21,8,29,65
02/17/2007,HUT,KS,ACE,CE,Federal Contract Tower,0,2,9,0,11,0,10,24,0,34,0,12,33,0,45,20,0,20,65
02/18/2007,HUT,KS,ACE,CE,Federal Contract Tower,0,0,4,0,4,0,0,45,0,45,0,0,49,0,49,44,0,44,93
02/19/2007,HUT,KS,ACE,CE,Federal Contract Tower,0,2,3,0,5,0,8,47,0,55,0,10,50,0,60,41,0,41,101
02/20/2007,HUT,KS,ACE,CE,Federal Contract Tower,0,0,2,0,2,0,7,84,0,91,0,7,86,0,93,79,0,79,172
02/21/2007,HUT,KS,ACE,CE,Federal Contract Tower,0,0,11,8,19,0,14,45,0,59,0,14,56,8,78,132,10,142,220
02/22/2007,HUT,KS,ACE,CE,Federal Contract Tower,0,0,6,0,6,0,21,99,0,120,0,21,105,0,126,137,0,137,263
02/23/2007,HUT,KS,ACE,CE,Federal Contract Tower,0,0,11,0,11,0,3,20,0,23,0,3,31,0,34,12,0,12,46
02/24/2007,HUT,KS,ACE,CE,Federal Contract Tower,0,0,5,0,5,0,0,3,0,3,0,0,8,0,8,0,0,0,8
02/25/2007,HUT,KS,ACE,CE,Federal Contract Tower,0,0,9,2,11,0,16,9,0,25,0,16,18,2,36,23,0,23,59
02/26/2007,HUT,KS,ACE,CE,Federal Contract Tower,0,0,5,0,5,0,22,58,0,80,0,22,63,0,85,56,0,56,141
02/27/2007,HUT,KS,ACE,CE,Federal Contract Tower,0,0,9,21,30,0,17,70,0,87,0,17,79,21,117,71,57,128,245
02/28/2007,HUT,KS,ACE,CE,Federal Contract Tower,0,0,4,20,24,0,4,62,0,66,0,4,66,20,90,54,31,85,175
03/01/2007,HUT,KS,ACE,CE,Federal Contract Tower,0,2,4,0,6,0,19,44,0,63,0,21,48,0,69,47,0,47,116
03/02/2007,HUT,KS,ACE,CE,Federal Contract Tower,0,0,9,9,18,0,0,35,0,35,0,0,44,9,53,53,20,73,126
03/03/2007,HUT,KS,ACE,CE,Federal Contract Tower,0,0,3,0,3,0,10,7,2,19,0,10,10,2,22,6,0,6,28
03/04/2007,HUT,KS,ACE,CE,Federal Contract Tower,0,0,4,0,4,0,7,55,0,62,0,7,59,0,66,97,0,97,163
03/05/2007,HUT,KS,ACE,CE,Federal Contract Tower,0,1,7,8,16,0,3,118,0,121,0,4,125,8,137,85,20,105,242
03/06/2007,HUT,KS,ACE,CE,Federal Contract Tower,0,0,3,2,5,0,10,97,0,107,0,10,100,2,112,114,4,118,230
03/07/2007,HUT,KS,ACE,CE,Federal Contract Tower,0,1,25,0,26,0,9,4,0,13,0,10,29,0,39,7,1,8,47
03/08/2007,HUT,KS,ACE,CE,Federal Contract Tower,0,0,14,9,23,0,11,131,0,142,0,11,145,9,165,128,25,153,318
03/09/2007,HUT,KS,ACE,CE,Federal Contract Tower,0,0,10,4,14,0,7,58,0,65,0,7,68,4,79,97,6,103,182
03/10/2007,HUT,KS,ACE,CE,Federal Contract Tower,0,2,13,0,15,0,2,54,0,56,0,4,67,0,71,84,0,84,155
03/11/2007,HUT,KS,ACE,CE,Federal Contract Tower,0,0,13,0,13,0,0,0,0,0,0,0,13,0,13,4,0,4,17
03/12/2007,HUT,KS,ACE,CE,Federal Contract Tower,0,0,20,18,38,0,6,64,0,70,0,6,84,18,108,53,18,71,179
03/13/2007,HUT,KS,ACE,CE,Federal Contract Tower,0,0,22,12,34,0,12,85,0,97,0,12,107,12,131,102,31,133,264
03/14/2007,HUT,KS,ACE,CE,Federal Contract Tower,0,0,16,2,18,0,12,92,3,107,0,12,108,5,125,73,8,81,206
03/15/2007,HUT,KS,ACE,CE,Federal Contract Tower,0,0,18,2,20,0,4,28,0,32,0,4,46,2,52,16,0,16,68
03/16/2007,HUT,KS,ACE,CE,Federal Contract Tower,0,0,9,4,13,0,7,42,4,53,0,7,51,8,66,96,30,126,192
03/17/2007,HUT,KS,ACE,CE,Federal Contract Tower,0,0,5,0,5,0,3,39,0,42,0,3,44,0,47,26,0,26,73
03/18/2007,HUT,KS,ACE,CE,Federal Contract Tower,0,0,8,0,8,0,9,14,2,25,0,9,22,2,33,12,0,12,45
03/19/2007,HUT,KS,ACE,CE,Federal Contract Tower,0,0,27,4,31,0,0,6,0,6,0,0,33,4,37,2,4,6,43
03/20/2007,HUT,KS,ACE,CE,Federal Contract Tower,0,0,11,0,11,0,0,2,0,2,0,0,13,0,13,0,0,0,13
03/21/2007,HUT,KS,ACE,CE,Federal Contract Tower,0,0,25,0,25,0,17,12,0,29,0,17,37,0,54,39,0,39,93
03/22/2007,HUT,KS,ACE,CE,Federal Contract Tower,0,0,15,2,17,0,6,15,0,21,0,6,30,2,38,12,4,16,54
03/23/2007,HUT,KS,ACE,CE,Federal Contract Tower,0,0,23,2,25,0,1,0,0,1,0,1,23,2,26,15,0,15,41
03/24/2007,HUT,KS,ACE,CE,Federal Contract Tower,0,0,6,0,6,0,6,7,0,13,0,6,13,0,19,2,0,2,21
03/25/2007,HUT,KS,ACE,CE,Federal Contract Tower,0,0,10,0,10,0,4,21,0,25,0,4,31,0,35,16,0,16,51
03/26/2007,HUT,KS,ACE,CE,Federal Contract Tower,0,0,12,2,14,0,7,4,0,11,0,7,16,2,25,0,0,0,25
03/27/2007,HUT,KS,ACE,CE,Federal Contract Tower,0,4,20,0,24,0,7,0,0,7,0,11,20,0,31,2,0,2,33
03/28/2007,HUT,KS,ACE,CE,Federal Contract Tower,0,0,11,2,13,0,0,5,0,5,0,0,16,2,18,0,10,10,28
03/29/2007,HUT,KS,ACE,CE,Federal Contract Tower,0,2,7,2,11,0,12,8,0,20,0,14,15,2,31,0,0,0,31
03/30/2007,HUT,KS,ACE,CE,Federal Contract Tower,0,0,19,10,29,0,6,16,0,22,0,6,35,10,51,44,31,75,126
03/31/2007,HUT,KS,ACE,CE,Federal Contract Tower,0,0,5,0,5,0,8,9,0,17,0,8,14,0,22,22,0,22,44
04/01/2007,HUT,KS,ACE,CE,Federal Contract Tower,0,1,10,0,11,0,1,82,0,83,0,2,92,0,94,8,0,8,102
04/02/2007,HUT,KS,ACE,CE,Federal Contract Tower,0,2,18,5,25,0,6,74,8,88,0,8,92,13,113,112,26,138,251
04/03/2007,HUT,KS,ACE,CE,Federal Contract Tower,0,2,11,2,15,0,0,32,0,32,0,2,43,2,47,25,6,31,78
04/04/2007,HUT,KS,ACE,CE,Federal Contract Tower,0,2,13,9,24,0,4,113,5,122,0,6,126,14,146,101,10,111,257
04/05/2007,HUT,KS,ACE,CE,Federal Contract Tower,0,2,13,0,15,0,6,10,0,16,0,8,23,0,31,10,0,10,41
04/06/2007,HUT,KS,ACE,CE,Federal Contract Tower,0,0,3,0,3,0,12,23,2,37,0,12,26,2,40,10,0,10,50
04/07/2007,HUT,KS,ACE,CE,Federal Contract Tower,0,0,8,0,8,0,1,27,0,28,0,1,35,0,36,20,0,20,56
04/08/2007,HUT,KS,ACE,CE,Federal Contract Tower,0,2,6,0,8,0,2,19,0,21,0,4,25,0,29,0,0,0,29
04/09/2007,HUT,KS,ACE,CE,Federal Contract Tower,0,0,8,0,8,0,6,18,2,26,0,6,26,2,34,10,0,10,44
04/10/2007,HUT,KS,ACE,CE,Federal Contract Tower,0,0,7,4,11,0,0,2,0,2,0,0,9,4,13,0,4,4,17
04/11/2007,HUT,KS,ACE,CE,Federal Contract Tower,0,0,8,4,12,0,7,52,0,59,0,7,60,4,71,103,4,107,178
04/12/2007,HUT,KS,ACE,CE,Federal Contract Tower,0,2,5,9,16,0,3,67,1,71,0,5,72,10,87,80,19,99,186
04/13/2007,HUT,KS,ACE,CE,Federal Contract Tower,0,0,4,0,4,0,1,0,0,1,0,1,4,0,5,0,0,0,5
04/14/2007,HUT,KS,ACE,CE,Federal Contract Tower,0,0,9,1,10,0,9,11,1,21,0,9,20,2,31,34,0,34,65
04/15/2007,HUT,KS,ACE,CE,Federal Contract Tower,0,0,4,0,4,0,2,26,1,29,0,2,30,1,33,29,1,30,63
04/16/2007,HUT,KS,ACE,CE,Federal Contract Tower,0,0,10,14,24,0,1,57,3,61,0,1,67,17,85,19,11,30,115
04/17/2007,HUT,KS,ACE,CE,Federal Contract Tower,0,0,12,2,14,0,10,14,0,24,0,10,26,2,38,21,2,23,61
04/18/2007,HUT,KS,ACE,CE,Federal Contract Tower,0,1,8,0,9,0,14,47,0,61,0,15,55,0,70,24,0,24,94
04/19/2007,HUT,KS,ACE,CE,Federal Contract Tower,0,0,13,4,17,0,8,54,0,62,0,8,67,4,79,81,2,83,162
04/20/2007,HUT,KS,ACE,CE,Federal Contract Tower,0,0,8,2,10,0,11,26,0,37,0,11,34,2,47,53,4,57,104
04/21/2007,HUT,KS,ACE,CE,Federal Contract Tower,0,2,8,0,10,0,2,25,0,27,0,4,33,0,37,121,0,121,158
04/22/2007,HUT,KS,ACE,CE,Federal Contract Tower,0,0,3,0,3,0,4,14,0,18,0,4,17,0,21,2,0,2,23
04/23/2007,HUT,KS,ACE,CE,Federal Contract Tower,0,0,19,8,27,0,5,94,2,101,0,5,113,10,128,70,16,86,214
04/24/2007,HUT,KS,ACE,CE,Federal Contract Tower,0,0,15,0,15,0,0,2,0,2,0,0,17,0,17,32,0,32,49
04/25/2007,HUT,KS,ACE,CE,Federal Contract Tower,0,5,22,0,27,0,21,51,0,72,0,26,73,0,99,55,0,55,154
04/26/2007,HUT,KS,ACE,CE,Federal Contract Tower,0,2,23,0,25,0,11,58,0,69,0,13,81,0,94,79,0,79,173
04/27/2007,HUT,KS,ACE,CE,Federal Contract Tower,0,3,9,6,18,0,33,42,0,75,0,36,51,6,93,128,2,130,223
04/28/2007,HUT,KS,ACE,CE,Federal Contract Tower,0,0,3,0,3,0,3,32,0,35,0,3,35,0,38,19,0,19,57
04/29/2007,HUT,KS,ACE,CE,Federal Contract Tower,0,0,4,0,4,0,3,72,0,75,0,3,76,0,79,16,0,16,95
04/30/2007,HUT,KS,ACE,CE,Federal Contract Tower,0,0,14,8,22,0,4,79,0,83,0,4,93,8,105,49,22,71,176
05/01/2007,HUT,KS,ACE,CE,Federal Contract Tower,0,0,24,2,26,0,5,59,0,64,0,5,83,2,90,134,18,152,242
05/02/2007,HUT,KS,ACE,CE,Federal Contract Tower,0,2,18,0,20,0,0,4,0,4,0,2,22,0,24,59,0,59,83
05/03/2007,HUT,KS,ACE,CE,Federal Contract Tower,0,1,16,4,21,0,2,5,2,9,0,3,21,6,30,66,8,74,104
05/04/2007,HUT,KS,ACE,CE,Federal Contract Tower,0,0,28,4,32,0,2,11,0,13,0,2,39,4,45,121,4,125,170
05/05/2007,HUT,KS,ACE,CE,Federal Contract Tower,0,0,8,0,8,0,18,24,4,46,0,18,32,4,54,98,4,102,156
05/06/2007,HUT,KS,ACE,CE,Federal Contract Tower,0,0,3,0,3,0,0,0,0,0,0,0,3,0,3,0,0,0,3
05/07/2007,HUT,KS,ACE,CE,Federal Contract Tower,0,0,39,4,43,0,4,53,6,63,0,4,92,10,106,150,2,152,258
05/08/2007,HUT,KS,ACE,CE,Federal Contract Tower,0,0,8,0,8,0,18,88,0,106,0,18,96,0,114,178,0,178,292
05/09/2007,HUT,KS,ACE,CE,Federal Contract Tower,0,3,22,6,31,0,9,32,0,41,0,12,54,6,72,110,8,118,190
05/10/2007,HUT,KS,ACE,CE,Federal Contract Tower,0,3,27,2,32,0,6,86,0,92,0,9,113,2,124,114,0,114,238
05/11/2007,HUT,KS,ACE,CE,Federal Contract Tower,0,2,12,8,22,0,15,72,0,87,0,17,84,8,109,112,14,126,235
05/12/2007,HUT,KS,ACE,CE,Federal Contract Tower,0,2,5,4,11,0,10,55,0,65,0,12,60,4,76,69,4,73,149
05/13/2007,HUT,KS,ACE,CE,Federal Contract Tower,0,0,5,0,5,0,4,49,0,53,0,4,54,0,58,85,0,85,143
05/14/2007,HUT,KS,ACE,CE,Federal Contract Tower,0,0,10,4,14,0,7,71,0,78,0,7,81,4,92,146,8,154,246
05/15/2007,HUT,KS,ACE,CE,Federal Contract Tower,0,7,17,2,26,0,6,42,2,50,0,13,59,4,76,138,20,158,234
05/16/2007,HUT,KS,ACE,CE,Federal Contract Tower,0,0,10,4,14,0,5,64,0,69,0,5,74,4,83,69,2,71,154
05/17/2007,HUT,KS,ACE,CE,Federal Contract Tower,0,2,12,10,24,0,6,66,1,73,0,8,78,11,97,96,24,120,217
05/18/2007,HUT,KS,ACE,CE,Federal Contract Tower,0,0,16,4,20,0,25,78,0,103,0,25,94,4,123,128,4,132,255
05/19/2007,HUT,KS,ACE,CE,Federal Contract Tower,0,6,10,2,18,0,11,52,0,63,0,17,62,2,81,75,8,83,164
05/20/2007,HUT,KS,ACE,CE,Federal Contract Tower,0,2,10,0,12,0,13,45,2,60,0,15,55,2,72,112,0,112,184
05/21/2007,HUT,KS,ACE,CE,Federal Contract Tower,0,0,9,0,9,0,20,53,0,73,0,20,62,0,82,156,0,156,238
05/22/2007,HUT,KS,ACE,CE,Federal Contract Tower,0,0,17,0,17,0,12,10,0,22,0,12,27,0,39,15,0,15,54
05/23/2007,HUT,KS,ACE,CE,Federal Contract Tower,0,0,5,0,5,0,5,5,0,10,0,5,10,0,15,0,0,0,15
05/24/2007,HUT,KS,ACE,CE,Federal Contract Tower,0,0,21,5,26,0,12,40,0,52,0,12,61,5,78,78,17,95,173
05/25/2007,HUT,KS,ACE,CE,Federal Contract Tower,0,0,20,0,20,0,16,25,4,45,0,16,45,4,65,50,2,52,117
05/26/2007,HUT,KS,ACE,CE,Federal Contract Tower,0,3,8,1,12,0,4,4,0,8,0,7,12,1,20,0,0,0,20
05/27/2007,HUT,KS,ACE,CE,Federal Contract Tower,0,0,4,0,4,0,2,4,0,6,0,2,8,0,10,10,0,10,20
05/28/2007,HUT,KS,ACE,CE,Federal Contract Tower,0,0,4,0,4,0,6,30,0,36,0,6,34,0,40,68,0,68,108
05/29/2007,HUT,KS,ACE,CE,Federal Contract Tower,0,0,30,4,34,0,4,16,0,20,0,4,46,4,54,76,10,86,140
05/30/2007,HUT,KS,ACE,CE,Federal Contract Tower,0,0,35,4,39,0,8,34,0,42,0,8,69,4,81,70,6,76,157
05/31/2007,HUT,KS,ACE,CE,Federal Contract Tower,0,0,19,5,24,0,9,58,2,69,0,9,77,7,93,80,12,92,185
06/01/2007,HUT,KS,ACE,CE,Federal Contract Tower,0,0,6,0,6,0,2,15,0,17,0,2,21,0,23,8,0,8,31
06/02/2007,HUT,KS,ACE,CE,Federal Contract Tower,0,0,8,0,8,0,12,44,0,56,0,12,52,0,64,120,0,120,184
06/03/2007,HUT,KS,ACE,CE,Federal Contract Tower,0,0,5,0,5,0,4,93,2,99,0,4,98,2,104,148,0,148,252
06/04/2007,HUT,KS,ACE,CE,Federal Contract Tower,0,2,12,3,17,0,11,71,1,83,0,13,83,4,100,138,0,138,238
06/05/2007,HUT,KS,ACE,CE,Federal Contract Tower,0,0,10,2,12,0,1,67,0,68,0,1,77,2,80,88,2,90,170
06/06/2007,HUT,KS,ACE,CE,Federal Contract Tower,0,1,6,0,7,0,0,30,0,30,0,1,36,0,37,44,0,44,81
06/07/2007,HUT,KS,ACE,CE,Federal Contract Tower,0,1,8,2,11,0,0,33,0,33,0,1,41,2,44,64,8,72,116
06/08/2007,HUT,KS,ACE,CE,Federal Contract Tower,0,1,14,6,21,0,12,67,0,79,0,13,81,6,100,65,18,83,183
06/09/2007,HUT,KS,ACE,CE,Federal Contract Tower,0,2,8,4,14,0,16,21,0,37,0,18,29,4,51,66,10,76,127
06/10/2007,HUT,KS,ACE,CE,Federal Contract Tower,0,0,9,12,21,0,2,61,0,63,0,2,70,12,84,123,33,156,240
06/11/2007,HUT,KS,ACE,CE,Federal Contract Tower,0,0,19,8,27,0,6,24,0,30,0,6,43,8,57,112,32,144,201
06/12/2007,HUT,KS,ACE,CE,Federal Contract Tower,0,0,4,2,6,0,6,36,0,42,0,6,40,2,48,87,20,107,155
06/13/2007,HUT,KS,ACE,CE,Federal Contract Tower,0,0,15,2,17,0,2,31,0,33,0,2,46,2,50,118,4,122,172
06/14/2007,HUT,KS,ACE,CE,Federal Contract Tower,0,0,24,0,24,0,6,27,0,33,0,6,51,0,57,30,0,30,87
06/15/2007,HUT,KS,ACE,CE,Federal Contract Tower,0,3,23,4,30,0,3,52,2,57,0,6,75,6,87,97,2,99,186
06/16/2007,HUT,KS,ACE,CE,Federal Contract Tower,0,0,13,0,13,0,15,49,0,64,0,15,62,0,77,88,0,88,165
06/17/2007,HUT,KS,ACE,CE,Federal Contract Tower,0,2,18,0,20,0,13,23,0,36,0,15,41,0,56,102,0,102,158
06/18/2007,HUT,KS,ACE,CE,Federal Contract Tower,0,0,11,0,11,0,12,23,0,35,0,12,34,0,46,104,0,104,150
06/19/2007,HUT,KS,ACE,CE,Federal Contract Tower,0,0,10,10,20,0,9,38,0,47,0,9,48,10,67,124,8,132,199
06/20/2007,HUT,KS,ACE,CE,Federal Contract Tower,0,2,9,6,17,0,2,56,0,58,0,4,65,6,75,100,12,112,187
06/21/2007,HUT,KS,ACE,CE,Federal Contract Tower,0,2,30,2,34,0,7,26,0,33,0,9,56,2,67,85,14,99,166
06/22/2007,HUT,KS,ACE,CE,Federal Contract Tower,0,2,36,6,44,0,14,5,0,19,0,16,41,6,63,138,18,156,219
06/23/2007,HUT,KS,ACE,CE,Federal Contract Tower,0,0,15,0,15,0,14,27,0,41,0,14,42,0,56,109,0,109,165
06/24/2007,HUT,KS,ACE,CE,Federal Contract Tower,0,0,5,2,7,0,27,66,0,93,0,27,71,2,100,90,2,92,192
06/25/2007,HUT,KS,ACE,CE,Federal Contract Tower,0,0,20,8,28,0,2,87,16,105,0,2,107,24,133,211,16,227,360
06/26/2007,HUT,KS,ACE,CE,Federal Contract Tower,0,1,21,4,26,0,8,9,0,17,0,9,30,4,43,64,18,82,125
06/27/2007,HUT,KS,ACE,CE,Federal Contract Tower,0,4,18,0,22,0,0,0,0,0,0,4,18,0,22,1,0,1,23
06/28/2007,HUT,KS,ACE,CE,Federal Contract Tower,0,0,13,6,19,0,5,26,0,31,0,5,39,6,50,20,4,24,74
06/29/2007,HUT,KS,ACE,CE,Federal Contract Tower,0,2,23,2,27,0,0,7,0,7,0,2,30,2,34,0,2,2,36
06/30/2007,HUT,KS,ACE,CE,Federal Contract Tower,0,0,16,0,16,0,0,10,0,10,0,0,26,0,26,67,0,67,93
07/01/2007,HUT,KS,ACE,CE,Federal Contract Tower,0,2,12,0,14,0,0,24,0,24,0,2,36,0,38,52,0,52,90
07/02/2007,HUT,KS,ACE,CE,Federal Contract Tower,0,0,15,0,15,0,9,44,0,53,0,9,59,0,68,92,0,92,160
07/03/2007,HUT,KS,ACE,CE,Federal Contract Tower,0,0,16,0,16,0,0,23,2,25,0,0,39,2,41,76,8,84,125
07/04/2007,HUT,KS,ACE,CE,Federal Contract Tower,0,0,2,0,2,0,4,21,0,25,0,4,23,0,27,18,0,18,45
07/05/2007,HUT,KS,ACE,CE,Federal Contract Tower,0,0,9,0,9,0,1,42,0,43,0,1,51,0,52,88,0,88,140
07/06/2007,HUT,KS,ACE,CE,Federal Contract Tower,0,2,6,2,10,0,8,49,0,57,0,10,55,2,67,122,8,130,197
07/07/2007,HUT,KS,ACE,CE,Federal Contract Tower,0,1,6,4,11,0,24,36,0,60,0,25,42,4,71,84,8,92,163
07/08/2007,HUT,KS,ACE,CE,Federal Contract Tower,0,1,3,0,4,0,6,47,0,53,0,7,50,0,57,90,0,90,147
07/09/2007,HUT,KS,ACE,CE,Federal Contract Tower,0,0,4,0,4,0,16,42,0,58,0,16,46,0,62,97,0,97,159
07/10/2007,HUT,KS,ACE,CE,Federal Contract Tower,0,0,16,0,16,0,16,36,0,52,0,16,52,0,68,115,0,115,183
07/11/2007,HUT,KS,ACE,CE,Federal Contract Tower,0,0,12,4,16,0,6,69,0,75,0,6,81,4,91,70,10,80,171
07/12/2007,HUT,KS,ACE,CE,Federal Contract Tower,0,3,10,2,15,0,0,52,2,54,0,3,62,4,69,99,0,99,168
07/13/2007,HUT,KS,ACE,CE,Federal Contract Tower,0,3,19,24,46,0,9,67,14,90,0,12,86,38,136,164,104,268,404
07/14/2007,HUT,KS,ACE,CE,Federal Contract Tower,0,0,3,0,3,0,14,63,0,77,0,14,66,0,80,136,0,136,216
07/15/2007,HUT,KS,ACE,CE,Federal Contract Tower,0,2,2,0,4,0,6,50,2,58,0,8,52,2,62,98,0,98,160
07/16/2007,HUT,KS,ACE,CE,Federal Contract Tower,0,0,15,0,15,0,7,82,0,89,0,7,97,0,104,92,0,92,196
07/17/2007,HUT,KS,ACE,CE,Federal Contract Tower,0,0,9,4,13,0,4,58,0,62,0,4,67,4,75,124,34,158,233
07/18/2007,HUT,KS,ACE,CE,Federal Contract Tower,0,0,4,0,4,0,6,61,0,67,0,6,65,0,71,80,0,80,151
07/19/2007,HUT,KS,ACE,CE,Federal Contract Tower,0,0,4,0,4,0,7,41,0,48,0,7,45,0,52,42,0,42,94
07/20/2007,HUT,KS,ACE,CE,Federal Contract Tower,0,0,29,4,33,0,16,85,0,101,0,16,114,4,134,72,2,74,208
07/21/2007,HUT,KS,ACE,CE,Federal Contract Tower,0,0,4,0,4,0,15,50,0,65,0,15,54,0,69,34,0,34,103
07/22/2007,HUT,KS,ACE,CE,Federal Contract Tower,0,2,9,0,11,0,0,49,3,52,0,2,58,3,63,38,0,38,101
07/23/2007,HUT,KS,ACE,CE,Federal Contract Tower,0,0,13,0,13,0,5,37,0,42,0,5,50,0,55,150,0,150,205
07/24/2007,HUT,KS,ACE,CE,Federal Contract Tower,0,0,21,6,27,0,6,36,0,42,0,6,57,6,69,108,44,152,221
07/25/2007,HUT,KS,ACE,CE,Federal Contract Tower,0,0,6,2,8,0,8,56,0,64,0,8,62,2,72,92,6,98,170
07/26/2007,HUT,KS,ACE,CE,Federal Contract Tower,0,0,14,2,16,0,13,63,0,76,0,13,77,2,92,109,10,119,211
07/27/2007,HUT,KS,ACE,CE,Federal Contract Tower,0,4,5,1,10,0,10,43,1,54,0,14,48,2,64,104,6,110,174
07/28/2007,HUT,KS,ACE,CE,Federal Contract Tower,0,0,8,0,8,0,2,46,0,48,0,2,54,0,56,108,0,108,164
07/29/2007,HUT,KS,ACE,CE,Federal Contract Tower,0,0,6,0,6,0,7,20,0,27,0,7,26,0,33,94,0,94,127
07/30/2007,HUT,KS,ACE,CE,Federal Contract Tower,0,0,9,0,9,0,9,27,0,36,0,9,36,0,45,122,0,122,167
07/31/2007,HUT,KS,ACE,CE,Federal Contract Tower,0,0,25,8,33,0,9,18,0,27,0,9,43,8,60,92,18,110,170
08/01/2007,HUT,KS,ACE,CE,Federal Contract Tower,0,0,11,4,15,0,3,21,0,24,0,3,32,4,39,64,14,78,117
08/02/2007,HUT,KS,ACE,CE,Federal Contract Tower,0,0,14,4,18,0,5,42,0,47,0,5,56,4,65,82,6,88,153
08/03/2007,HUT,KS,ACE,CE,Federal Contract Tower,0,0,22,0,22,0,4,47,0,51,0,4,69,0,73,80,0,80,153
08/04/2007,HUT,KS,ACE,CE,Federal Contract Tower,0,0,18,0,18,0,18,34,0,52,0,18,52,0,70,132,0,132,202
08/05/2007,HUT,KS,ACE,CE,Federal Contract Tower,0,0,11,0,11,0,9,32,0,41,0,9,43,0,52,122,0,122,174
08/06/2007,HUT,KS,ACE,CE,Federal Contract Tower,0,0,5,0,5,0,0,63,0,63,0,0,68,0,68,134,0,134,202
08/07/2007,HUT,KS,ACE,CE,Federal Contract Tower,0,0,9,0,9,0,14,45,0,59,0,14,54,0,68,121,0,121,189
08/08/2007,HUT,KS,ACE,CE,Federal Contract Tower,0,2,12,0,14,0,2,47,4,53,0,4,59,4,67,100,0,100,167
08/09/2007,HUT,KS,ACE,CE,Federal Contract Tower,0,0,22,2,24,0,13,45,0,58,0,13,67,2,82,68,2,70,152
08/10/2007,HUT,KS,ACE,CE,Federal Contract Tower,0,1,12,2,15,0,13,38,2,53,0,14,50,4,68,67,8,75,143
08/11/2007,HUT,KS,ACE,CE,Federal Contract Tower,0,2,7,0,9,0,10,29,0,39,0,12,36,0,48,90,0,90,138
08/12/2007,HUT,KS,ACE,CE,Federal Contract Tower,0,0,5,0,5,0,0,28,0,28,0,0,33,0,33,98,0,98,131
08/13/2007,HUT,KS,ACE,CE,Federal Contract Tower,0,0,4,4,8,0,10,35,0,45,0,10,39,4,53,132,2,134,187
08/14/2007,HUT,KS,ACE,CE,Federal Contract Tower,0,0,5,8,13,0,2,43,0,45,0,2,48,8,58,132,12,144,202
08/15/2007,HUT,KS,ACE,CE,Federal Contract Tower,0,2,16,4,22,0,7,51,0,58,0,9,67,4,80,88,10,98,178
08/16/2007,HUT,KS,ACE,CE,Federal Contract Tower,0,2,7,4,13,0,15,37,0,52,0,17,44,4,65,54,12,66,131
08/17/2007,HUT,KS,ACE,CE,Federal Contract Tower,0,0,16,4,20,0,8,49,0,57,0,8,65,4,77,100,12,112,189
08/18/2007,HUT,KS,ACE,CE,Federal Contract Tower,0,0,7,0,7,0,4,64,0,68,0,4,71,0,75,134,0,134,209
08/19/2007,HUT,KS,ACE,CE,Federal Contract Tower,0,0,3,4,7,0,0,44,0,44,0,0,47,4,51,94,6,100,151
08/20/2007,HUT,KS,ACE,CE,Federal Contract Tower,0,2,11,2,15,0,11,43,0,54,0,13,54,2,69,126,26,152,221
08/21/2007,HUT,KS,ACE,CE,Federal Contract Tower,0,0,3,4,7,0,0,34,0,34,0,0,37,4,41,72,4,76,117
08/22/2007,HUT,KS,ACE,CE,Federal Contract Tower,0,0,16,10,26,0,9,35,0,44,0,9,51,10,70,46,28,74,144
08/23/2007,HUT,KS,ACE,CE,Federal Contract Tower,0,0,7,4,11,0,0,41,0,41,0,0,48,4,52,40,8,48,100
08/24/2007,HUT,KS,ACE,CE,Federal Contract Tower,0,0,21,2,23,0,6,9,0,15,0,6,30,2,38,0,2,2,40
08/25/2007,HUT,KS,ACE,CE,Federal Contract Tower,0,0,8,0,8,0,2,25,0,27,0,2,33,0,35,56,0,56,91
08/26/2007,HUT,KS,ACE,CE,Federal Contract Tower,0,0,7,0,7,0,6,33,0,39,0,6,40,0,46,110,0,110,156
08/27/2007,HUT,KS,ACE,CE,Federal Contract Tower,0,0,9,2,11,0,9,44,0,53,0,9,53,2,64,114,4,118,182
08/28/2007,HUT,KS,ACE,CE,Federal Contract Tower,0,0,6,10,16,0,8,35,0,43,0,8,41,10,59,108,14,122,181
08/29/2007,HUT,KS,ACE,CE,Federal Contract Tower,0,0,18,4,22,0,6,3,0,9,0,6,21,4,31,0,4,4,35
08/30/2007,HUT,KS,ACE,CE,Federal Contract Tower,0,1,31,0,32,0,47,69,0,116,0,48,100,0,148,109,0,109,257
08/31/2007,HUT,KS,ACE,CE,Federal Contract Tower,0,3,14,0,17,0,23,54,0,77,0,26,68,0,94,48,0,48,142
09/01/2007,HUT,KS,ACE,CE,Federal Contract Tower,0,0,0,0,0,0,12,37,0,49,0,12,37,0,49,72,0,72,121
09/02/2007,HUT,KS,ACE,CE,Federal Contract Tower,0,0,6,0,6,0,2,41,0,43,0,2,47,0,49,102,0,102,151
09/03/2007,HUT,KS,ACE,CE,Federal Contract Tower,0,0,8,0,8,0,4,65,0,69,0,4,73,0,77,151,0,151,228
09/04/2007,HUT,KS,ACE,CE,Federal Contract Tower,0,0,10,4,14,0,6,36,0,42,0,6,46,4,56,86,12,98,154
09/05/2007,HUT,KS,ACE,CE,Federal Contract Tower,0,0,19,11,30,0,6,32,0,38,0,6,51,11,68,68,27,95,163
09/06/2007,HUT,KS,ACE,CE,Federal Contract Tower,0,2,23,0,25,0,2,11,0,13,0,4,34,0,38,46,0,46,84
09/07/2007,HUT,KS,ACE,CE,Federal Contract Tower,0,0,6,2,8,0,13,25,0,38,0,13,31,2,46,86,4,90,136
09/08/2007,HUT,KS,ACE,CE,Federal Contract Tower,0,0,10,0,10,0,6,51,0,57,0,6,61,0,67,104,0,104,171
09/09/2007,HUT,KS,ACE,CE,Federal Contract Tower,0,0,11,0,11,0,0,43,0,43,0,0,54,0,54,108,0,108,162
09/10/2007,HUT,KS,ACE,CE,Federal Contract Tower,0,2,28,5,35,0,2,15,0,17,0,4,43,5,52,84,4,88,140
09/11/2007,HUT,KS,ACE,CE,Federal Contract Tower,0,4,13,2,19,0,4,53,0,57,0,8,66,2,76,124,2,126,202
09/12/2007,HUT,KS,ACE,CE,Federal Contract Tower,0,4,12,4,20,0,2,69,2,73,0,6,81,6,93,62,2,64,157
09/13/2007,HUT,KS,ACE,CE,Federal Contract Tower,0,0,13,0,13,0,8,51,1,60,0,8,64,1,73,82,0,82,155
09/14/2007,HUT,KS,ACE,CE,Federal Contract Tower,0,0,14,8,22,0,4,40,0,44,0,4,54,8,66,64,8,72,138
09/15/2007,HUT,KS,ACE,CE,Federal Contract Tower,0,0,15,0,15,0,4,29,0,33,0,4,44,0,48,48,0,48,96
09/16/2007,HUT,KS,ACE,CE,Federal Contract Tower,0,0,5,0,5,0,8,38,0,46,0,8,43,0,51,96,0,96,147
09/17/2007,HUT,KS,ACE,CE,Federal Contract Tower,0,1,13,2,16,0,8,68,0,76,0,9,81,2,92,84,4,88,180
09/18/2007,HUT,KS,ACE,CE,Federal Contract Tower,0,0,8,0,8,0,4,5,0,9,0,4,13,0,17,18,0,18,35
09/19/2007,HUT,KS,ACE,CE,Federal Contract Tower,0,0,16,4,20,0,7,48,0,55,0,7,64,4,75,64,2,66,141
09/20/2007,HUT,KS,ACE,CE,Federal Contract Tower,0,0,11,4,15,0,10,62,0,72,0,10,73,4,87,94,10,104,191
09/21/2007,HUT,KS,ACE,CE,Federal Contract Tower,0,0,9,6,15,0,5,29,0,34,0,5,38,6,49,14,12,26,75
09/22/2007,HUT,KS,ACE,CE,Federal Contract Tower,0,0,3,0,3,0,4,34,0,38,0,4,37,0,41,0,0,0,41
09/23/2007,HUT,KS,ACE,CE,Federal Contract Tower,0,0,4,0,4,0,9,48,0,57,0,9,52,0,61,114,0,114,175
09/24/2007,HUT,KS,ACE,CE,Federal Contract Tower,0,0,10,2,12,0,16,27,0,43,0,16,37,2,55,134,0,134,189
09/25/2007,HUT,KS,ACE,CE,Federal Contract Tower,0,0,18,7,25,0,2,21,0,23,0,2,39,7,48,104,25,129,177
09/26/2007,HUT,KS,ACE,CE,Federal Contract Tower,0,0,7,12,19,0,4,55,0,59,0,4,62,12,78,107,40,147,225
09/27/2007,HUT,KS,ACE,CE,Federal Contract Tower,0,0,21,2,23,0,3,76,0,79,0,3,97,2,102,183,2,185,287
09/28/2007,HUT,KS,ACE,CE,Federal Contract Tower,0,0,11,0,11,0,24,64,6,94,0,24,75,6,105,136,6,142,247
09/29/2007,HUT,KS,ACE,CE,Federal Contract Tower,0,0,6,0,6,0,12,26,0,38,0,12,32,0,44,104,0,104,148
09/30/2007,HUT,KS,ACE,CE,Federal Contract Tower,0,0,7,6,13,0,2,31,0,33,0,2,38,6,46,82,10,92,138
10/01/2007,HUT,KS,ACE,CE,Federal Contract Tower,0,0,15,0,15,0,12,56,0,68,0,12,71,0,83,186,0,186,269
10/02/2007,HUT,KS,ACE,CE,Federal Contract Tower,0,0,22,2,24,0,6,12,0,18,0,6,34,2,42,93,0,93,135
10/03/2007,HUT,KS,ACE,CE,Federal Contract Tower,0,0,17,4,21,0,10,102,0,112,0,10,119,4,133,110,2,112,245
10/04/2007,HUT,KS,ACE,CE,Federal Contract Tower,0,4,15,2,21,0,7,39,0,46,0,11,54,2,67,112,2,114,181
10/05/2007,HUT,KS,ACE,CE,Federal Contract Tower,0,1,19,4,24,0,16,83,0,99,0,17,102,4,123,73,18,91,214
10/06/2007,HUT,KS,ACE,CE,Federal Contract Tower,0,0,15,0,15,0,4,12,0,16,0,4,27,0,31,100,0,100,131
10/07/2007,HUT,KS,ACE,CE,Federal Contract Tower,0,0,12,0,12,0,0,29,0,29,0,0,41,0,41,116,0,116,157
10/08/2007,HUT,KS,ACE,CE,Federal Contract Tower,0,0,7,0,7,0,9,77,0,86,0,9,84,0,93,166,0,166,259
10/09/2007,HUT,KS,ACE,CE,Federal Contract Tower,0,0,7,1,8,0,6,61,1,68,0,6,68,2,76,129,12,141,217
10/10/2007,HUT,KS,ACE,CE,Federal Contract Tower,0,0,9,2,11,0,5,85,0,90,0,5,94,2,101,128,8,136,237
10/11/2007,HUT,KS,ACE,CE,Federal Contract Tower,0,0,6,2,8,0,7,71,0,78,0,7,77,2,86,132,6,138,224
10/12/2007,HUT,KS,ACE,CE,Federal Contract Tower,0,0,18,0,18,0,9,30,2,41,0,9,48,2,59,28,0,28,87
10/13/2007,HUT,KS,ACE,CE,Federal Contract Tower,0,2,2,0,4,0,12,13,0,25,0,14,15,0,29,41,0,41,70
10/14/2007,HUT,KS,ACE,CE,Federal Contract Tower,0,0,23,0,23,0,4,1,0,5,0,4,24,0,28,12,0,12,40
10/15/2007,HUT,KS,ACE,CE,Federal Contract Tower,0,0,18,4,22,0,3,18,0,21,0,3,36,4,43,88,8,96,139
10/16/2007,HUT,KS,ACE,CE,Federal Contract Tower,0,0,17,2,19,0,18,80,0,98,0,18,97,2,117,212,2,214,331
10/17/2007,HUT,KS,ACE,CE,Federal Contract Tower,0,0,16,0,16,0,13,0,0,13,0,13,16,0,29,20,0,20,49
10/18/2007,HUT,KS,ACE,CE,Federal Contract Tower,0,0,23,4,27,0,9,59,1,69,0,9,82,5,96,62,14,76,172
10/19/2007,HUT,KS,ACE,CE,Federal Contract Tower,0,0,15,2,17,0,14,81,0,95,0,14,96,2,112,128,16,144,256
10/20/2007,HUT,KS,ACE,CE,Federal Contract Tower,0,0,18,2,20,0,12,38,2,52,0,12,56,4,72,146,0,146,218
10/21/2007,HUT,KS,ACE,CE,Federal Contract Tower,0,0,10,0,10,0,0,43,0,43,0,0,53,0,53,107,0,107,160
10/22/2007,HUT,KS,ACE,CE,Federal Contract Tower,0,0,13,0,13,0,2,34,0,36,0,2,47,0,49,148,0,148,197
10/23/2007,HUT,KS,ACE,CE,Federal Contract Tower,0,0,9,10,19,0,6,50,0,56,0,6,59,10,75,112,41,153,228
10/24/2007,HUT,KS,ACE,CE,Federal Contract Tower,0,0,10,2,12,0,12,54,0,66,0,12,64,2,78,130,12,142,220
10/25/2007,HUT,KS,ACE,CE,Federal Contract Tower,0,2,8,6,16,0,8,58,0,66,0,10,66,6,82,147,14,161,243
10/26/2007,HUT,KS,ACE,CE,Federal Contract Tower,0,2,13,8,23,0,5,34,0,39,0,7,47,8,62,148,26,174,236
10/27/2007,HUT,KS,ACE,CE,Federal Contract Tower,0,0,3,0,3,0,10,45,0,55,0,10,48,0,58,126,0,126,184
10/28/2007,HUT,KS,ACE,CE,Federal Contract Tower,0,0,8,0,8,0,8,36,0,44,0,8,44,0,52,146,0,146,198
10/29/2007,HUT,KS,ACE,CE,Federal Contract Tower,0,0,5,0,5,0,4,40,0,44,0,4,45,0,49,160,0,160,209
10/30/2007,HUT,KS,ACE,CE,Federal Contract Tower,0,0,15,4,19,0,16,52,0,68,0,16,67,4,87,180,6,186,273
10/31/2007,HUT,KS,ACE,CE,Federal Contract Tower,0,0,18,4,22,0,9,44,0,53,0,9,62,4,75,96,10,106,181
11/01/2007,HUT,KS,ACE,CE,Federal Contract Tower,0,0,8,0,8,0,2,67,2,71,0,2,75,2,79,118,6,124,203
11/02/2007,HUT,KS,ACE,CE,Federal Contract Tower,0,0,5,12,17,0,21,109,0,130,0,21,114,12,147,248,84,332,479
11/03/2007,HUT,KS,ACE,CE,Federal Contract Tower,0,0,3,2,5,0,0,21,0,21,0,0,24,2,26,32,0,32,58
11/04/2007,HUT,KS,ACE,CE,Federal Contract Tower,0,0,11,2,13,0,8,44,0,52,0,8,55,2,65,118,4,122,187
11/05/2007,HUT,KS,ACE,CE,Federal Contract Tower,0,0,8,14,22,0,8,31,0,39,0,8,39,14,61,122,14,136,197
11/06/2007,HUT,KS,ACE,CE,Federal Contract Tower,0,0,4,8,12,0,7,50,0,57,0,7,54,8,69,165,20,185,254
11/07/2007,HUT,KS,ACE,CE,Federal Contract Tower,0,0,6,2,8,0,1,44,2,47,0,1,50,4,55,76,8,84,139
11/08/2007,HUT,KS,ACE,CE,Federal Contract Tower,0,2,11,17,30,0,10,59,0,69,0,12,70,17,99,116,32,148,247
11/09/2007,HUT,KS,ACE,CE,Federal Contract Tower,0,2,5,4,11,0,12,71,0,83,0,14,76,4,94,162,6,168,262
11/10/2007,HUT,KS,ACE,CE,Federal Contract Tower,0,0,7,0,7,0,4,9,0,13,0,4,16,0,20,0,0,0,20
11/11/2007,HUT,KS,ACE,CE,Federal Contract Tower,0,2,10,0,12,0,1,35,0,36,0,3,45,0,48,112,0,112,160
11/12/2007,HUT,KS,ACE,CE,Federal Contract Tower,0,0,6,0,6,0,6,10,0,16,0,6,16,0,22,8,0,8,30
11/13/2007,HUT,KS,ACE,CE,Federal Contract Tower,0,0,6,10,16,0,11,43,0,54,0,11,49,10,70,134,28,162,232
11/14/2007,HUT,KS,ACE,CE,Federal Contract Tower,0,0,9,6,15,0,3,51,0,54,0,3,60,6,69,72,4,76,145
11/15/2007,HUT,KS,ACE,CE,Federal Contract Tower,0,0,15,7,22,0,4,70,0,74,0,4,85,7,96,88,16,104,200
11/16/2007,HUT,KS,ACE,CE,Federal Contract Tower,0,2,8,0,10,0,14,47,4,65,0,16,55,4,75,74,0,74,149
11/17/2007,HUT,KS,ACE,CE,Federal Contract Tower,0,0,2,0,2,0,2,65,0,67,0,2,67,0,69,49,0,49,118
11/18/2007,HUT,KS,ACE,CE,Federal Contract Tower,0,0,4,0,4,0,3,53,0,56,0,3,57,0,60,100,0,100,160
11/19/2007,HUT,KS,ACE,CE,Federal Contract Tower,0,0,13,6,19,0,5,36,0,41,0,5,49,6,60,114,18,132,192
11/20/2007,HUT,KS,ACE,CE,Federal Contract Tower,0,0,25,4,29,0,2,27,0,29,0,2,52,4,58,64,18,82,140
11/21/2007,HUT,KS,ACE,CE,Federal Contract Tower,0,0,16,0,16,0,5,2,0,7,0,5,18,0,23,4,0,4,27
11/22/2007,HUT,KS,ACE,CE,Federal Contract Tower,0,2,2,0,4,0,4,32,0,36,0,6,34,0,40,14,0,14,54
11/23/2007,HUT,KS,ACE,CE,Federal Contract Tower,0,0,4,0,4,0,2,5,0,7,0,2,9,0,11,17,0,17,28
11/24/2007,HUT,KS,ACE,CE,Federal Contract Tower,0,0,12,0,12,0,10,15,0,25,0,10,27,0,37,34,0,34,71
11/25/2007,HUT,KS,ACE,CE,Federal Contract Tower,0,0,10,0,10,0,4,37,0,41,0,4,47,0,51,84,0,84,135
11/26/2007,HUT,KS,ACE,CE,Federal Contract Tower,0,0,5,8,13,0,7,25,0,32,0,7,30,8,45,112,15,127,172
11/27/2007,HUT,KS,ACE,CE,Federal Contract Tower,0,0,14,4,18,0,18,72,0,90,0,18,86,4,108,156,16,172,280
11/28/2007,HUT,KS,ACE,CE,Federal Contract Tower,0,0,6,2,8,0,5,43,0,48,0,5,49,2,56,109,4,113,169
11/29/2007,HUT,KS,ACE,CE,Federal Contract Tower,0,0,15,1,16,0,14,51,3,68,0,14,66,4,84,70,10,80,164
11/30/2007,HUT,KS,ACE,CE,Federal Contract Tower,0,0,10,2,12,0,6,40,0,46,0,6,50,2,58,80,4,84,142
12/01/2007,HUT,KS,ACE,CE,Federal Contract Tower,0,1,2,0,3,0,0,0,0,0,0,1,2,0,3,0,0,0,3
12/02/2007,HUT,KS,ACE,CE,Federal Contract Tower,0,0,3,0,3,0,0,8,0,8,0,0,11,0,11,22,0,22,33
12/03/2007,HUT,KS,ACE,CE,Federal Contract Tower,0,0,17,2,19,0,11,40,0,51,0,11,57,2,70,175,4,179,249
12/04/2007,HUT,KS,ACE,CE,Federal Contract Tower,0,0,15,14,29,0,10,77,0,87,0,10,92,14,116,125,44,169,285
12/05/2007,HUT,KS,ACE,CE,Federal Contract Tower,0,1,13,8,22,0,8,36,0,44,0,9,49,8,66,88,16,104,170
12/06/2007,HUT,KS,ACE,CE,Federal Contract Tower,0,2,1,0,3,0,0,0,0,0,0,2,1,0,3,0,0,0,3
12/07/2007,HUT,KS,ACE,CE,Federal Contract Tower,0,0,17,0,17,0,1,0,0,1,0,1,17,0,18,4,0,4,22
12/08/2007,HUT,KS,ACE,CE,Federal Contract Tower,0,0,0,0,0,0,0,0,0,0,0,0,0,0,0,0,0,0,0
12/09/2007,HUT,KS,ACE,CE,Federal Contract Tower,0,0,2,0,2,0,0,0,0,0,0,0,2,0,2,0,0,0,2
12/10/2007,HUT,KS,ACE,CE,Federal Contract Tower,0,0,5,0,5,0,0,0,0,0,0,0,5,0,5,0,0,0,5
12/11/2007,HUT,KS,ACE,CE,Federal Contract Tower,0,0,2,0,2,0,0,0,0,0,0,0,2,0,2,0,0,0,2
12/12/2007,HUT,KS,ACE,CE,Federal Contract Tower,0,2,12,2,16,0,8,8,0,16,0,10,20,2,32,3,0,3,35
12/13/2007,HUT,KS,ACE,CE,Federal Contract Tower,0,2,16,4,22,0,3,47,0,50,0,5,63,4,72,58,6,64,136
12/14/2007,HUT,KS,ACE,CE,Federal Contract Tower,0,2,17,4,23,0,0,14,0,14,0,2,31,4,37,40,4,44,81
12/15/2007,HUT,KS,ACE,CE,Federal Contract Tower,0,0,0,0,0,0,8,0,0,8,0,8,0,0,8,0,0,0,8
12/16/2007,HUT,KS,ACE,CE,Federal Contract Tower,0,0,0,0,0,0,1,15,0,16,0,1,15,0,16,34,0,34,50
12/17/2007,HUT,KS,ACE,CE,Federal Contract Tower,0,0,17,4,21,0,6,35,0,41,0,6,52,4,62,128,8,136,198
12/18/2007,HUT,KS,ACE,CE,Federal Contract Tower,0,3,14,4,21,0,8,113,0,121,0,11,127,4,142,125,18,143,285
12/19/2007,HUT,KS,ACE,CE,Federal Contract Tower,0,0,12,2,14,0,5,64,0,69,0,5,76,2,83,108,2,110,193
12/20/2007,HUT,KS,ACE,CE,Federal Contract Tower,0,4,8,3,15,0,2,68,1,71,0,6,76,4,86,60,56,116,202
12/21/2007,HUT,KS,ACE,CE,Federal Contract Tower,0,0,5,0,5,0,7,66,0,73,0,7,71,0,78,96,0,96,174
12/22/2007,HUT,KS,ACE,CE,Federal Contract Tower,0,0,5,0,5,0,2,0,0,2,0,2,5,0,7,0,0,0,7
12/23/2007,HUT,KS,ACE,CE,Federal Contract Tower,0,0,8,0,8,0,2,34,0,36,0,2,42,0,44,62,0,62,106
12/24/2007,HUT,KS,ACE,CE,Federal Contract Tower,0,2,1,0,3,0,0,109,0,109,0,2,110,0,112,120,0,120,232
12/25/2007,HUT,KS,ACE,CE,Federal Contract Tower,0,0,1,0,1,0,2,4,0,6,0,2,5,0,7,0,0,0,7
12/26/2007,HUT,KS,ACE,CE,Federal Contract Tower,0,0,4,0,4,0,2,4,0,6,0,2,8,0,10,0,0,0,10
12/27/2007,HUT,KS,ACE,CE,Federal Contract Tower,0,4,8,0,12,0,0,0,0,0,0,4,8,0,12,0,0,0,12
12/28/2007,HUT,KS,ACE,CE,Federal Contract Tower,0,0,0,0,0,0,15,58,0,73,0,15,58,0,73,40,0,40,113
12/29/2007,HUT,KS,ACE,CE,Federal Contract Tower,0,0,2,0,2,0,2,26,0,28,0,2,28,0,30,52,0,52,82
12/30/2007,HUT,KS,ACE,CE,Federal Contract Tower,0,1,3,0,4,0,0,27,0,27,0,1,30,0,31,74,0,74,105
12/31/2007,HUT,KS,ACE,CE,Federal Contract Tower,0,1,5,0,6,0,3,34,0,37,0,4,39,0,43,52,0,52,95
01/01/2008,HUT,KS,ACE,CE,Federal Contract Tower,0,0,0,0,0,0,2,8,0,10,0,2,8,0,10,8,0,8,18
01/02/2008,HUT,KS,ACE,CE,Federal Contract Tower,0,0,4,0,4,0,7,65,0,72,0,7,69,0,76,89,0,89,165
01/03/2008,HUT,KS,ACE,CE,Federal Contract Tower,0,0,10,0,10,0,15,52,0,67,0,15,62,0,77,96,0,96,173
01/04/2008,HUT,KS,ACE,CE,Federal Contract Tower,0,0,8,6,14,0,10,50,0,60,0,10,58,6,74,80,2,82,156
01/05/2008,HUT,KS,ACE,CE,Federal Contract Tower,0,0,2,0,2,0,15,38,0,53,0,15,40,0,55,28,0,28,83
01/06/2008,HUT,KS,ACE,CE,Federal Contract Tower,0,0,1,0,1,0,8,25,0,33,0,8,26,0,34,22,0,22,56
01/07/2008,HUT,KS,ACE,CE,Federal Contract Tower,0,0,6,6,12,0,5,28,0,33,0,5,34,6,45,90,18,108,153
01/08/2008,HUT,KS,ACE,CE,Federal Contract Tower,0,0,8,0,8,0,3,9,0,12,0,3,17,0,20,22,0,22,42
01/09/2008,HUT,KS,ACE,CE,Federal Contract Tower,0,0,9,6,15,0,15,95,0,110,0,15,104,6,125,74,32,106,231
01/10/2008,HUT,KS,ACE,CE,Federal Contract Tower,0,2,5,0,7,0,6,20,0,26,0,8,25,0,33,18,0,18,51
01/11/2008,HUT,KS,ACE,CE,Federal Contract Tower,0,0,6,0,6,0,7,56,1,64,0,7,62,1,70,86,0,86,156
01/12/2008,HUT,KS,ACE,CE,Federal Contract Tower,0,0,9,0,9,0,2,47,0,49,0,2,56,0,58,108,0,108,166
01/13/2008,HUT,KS,ACE,CE,Federal Contract Tower,0,0,5,0,5,0,2,33,0,35,0,2,38,0,40,28,0,28,68
01/14/2008,HUT,KS,ACE,CE,Federal Contract Tower,0,2,8,0,10,0,4,28,2,34,0,6,36,2,44,144,10,154,198
01/15/2008,HUT,KS,ACE,CE,Federal Contract Tower,0,0,3,0,3,0,10,42,6,58,0,10,45,6,61,96,12,108,169
01/16/2008,HUT,KS,ACE,CE,Federal Contract Tower,0,0,10,0,10,0,2,0,0,2,0,2,10,0,12,8,0,8,20
01/17/2008,HUT,KS,ACE,CE,Federal Contract Tower,0,0,9,8,17,0,10,43,2,55,0,10,52,10,72,62,6,68,140
01/18/2008,HUT,KS,ACE,CE,Federal Contract Tower,0,0,10,0,10,0,6,7,0,13,0,6,17,0,23,27,0,27,50
01/19/2008,HUT,KS,ACE,CE,Federal Contract Tower,0,0,7,0,7,0,4,24,0,28,0,4,31,0,35,2,0,2,37
01/20/2008,HUT,KS,ACE,CE,Federal Contract Tower,0,0,2,0,2,0,0,42,0,42,0,0,44,0,44,90,0,90,134
01/21/2008,HUT,KS,ACE,CE,Federal Contract Tower,0,0,1,0,1,0,0,0,0,0,0,0,1,0,1,18,0,18,19
01/22/2008,HUT,KS,ACE,CE,Federal Contract Tower,0,0,11,2,13,0,2,21,0,23,0,2,32,2,36,58,0,58,94
01/23/2008,HUT,KS,ACE,CE,Federal Contract Tower,0,2,3,6,11,0,3,43,0,46,0,5,46,6,57,70,8,78,135
01/24/2008,HUT,KS,ACE,CE,Federal Contract Tower,0,2,8,7,17,0,0,64,8,72,0,2,72,15,89,114,28,142,231
01/25/2008,HUT,KS,ACE,CE,Federal Contract Tower,0,4,3,4,11,0,1,31,0,32,0,5,34,4,43,80,6,86,129
01/26/2008,HUT,KS,ACE,CE,Federal Contract Tower,0,0,7,0,7,0,14,59,0,73,0,14,66,0,80,138,0,138,218
01/27/2008,HUT,KS,ACE,CE,Federal Contract Tower,0,0,1,0,1,0,12,53,0,65,0,12,54,0,66,110,0,110,176
01/28/2008,HUT,KS,ACE,CE,Federal Contract Tower,0,0,5,1,6,0,15,36,3,54,0,15,41,4,60,104,22,126,186
01/29/2008,HUT,KS,ACE,CE,Federal Contract Tower,0,0,14,2,16,0,6,15,0,21,0,6,29,2,37,92,6,98,135
01/30/2008,HUT,KS,ACE,CE,Federal Contract Tower,0,0,7,0,7,0,11,58,0,69,0,11,65,0,76,92,0,92,168
01/31/2008,HUT,KS,ACE,CE,Federal Contract Tower,0,0,1,0,1,0,4,0,0,4,0,4,1,0,5,0,0,0,5
02/01/2008,HUT,KS,ACE,CE,Federal Contract Tower,0,0,5,0,5,0,2,22,4,28,0,2,27,4,33,44,0,44,77
02/02/2008,HUT,KS,ACE,CE,Federal Contract Tower,0,1,11,0,12,0,13,64,0,77,0,14,75,0,89,148,0,148,237
02/03/2008,HUT,KS,ACE,CE,Federal Contract Tower,0,1,3,0,4,0,5,42,0,47,0,6,45,0,51,128,0,128,179
02/04/2008,HUT,KS,ACE,CE,Federal Contract Tower,0,0,9,4,13,0,10,54,0,64,0,10,63,4,77,194,14,208,285
02/05/2008,HUT,KS,ACE,CE,Federal Contract Tower,0,0,0,0,0,0,0,0,0,0,0,0,0,0,0,0,0,0,0
02/06/2008,HUT,KS,ACE,CE,Federal Contract Tower,0,2,2,0,4,0,4,27,0,31,0,6,29,0,35,136,0,136,171
02/07/2008,HUT,KS,ACE,CE,Federal Contract Tower,0,0,8,0,8,0,7,93,0,100,0,7,101,0,108,144,0,144,252
02/08/2008,HUT,KS,ACE,CE,Federal Contract Tower,0,0,8,0,8,0,0,41,0,41,0,0,49,0,49,122,0,122,171
02/09/2008,HUT,KS,ACE,CE,Federal Contract Tower,0,0,3,0,3,0,10,45,0,55,0,10,48,0,58,128,0,128,186
02/10/2008,HUT,KS,ACE,CE,Federal Contract Tower,0,0,9,0,9,0,4,33,0,37,0,4,42,0,46,128,0,128,174
02/11/2008,HUT,KS,ACE,CE,Federal Contract Tower,0,0,3,8,11,0,13,43,0,56,0,13,46,8,67,144,20,164,231
02/12/2008,HUT,KS,ACE,CE,Federal Contract Tower,0,0,7,0,7,0,5,41,1,47,0,5,48,1,54,66,0,66,120
02/13/2008,HUT,KS,ACE,CE,Federal Contract Tower,0,2,13,0,15,0,14,57,1,72,0,16,70,1,87,66,0,66,153
02/14/2008,HUT,KS,ACE,CE,Federal Contract Tower,0,4,8,0,12,0,8,41,0,49,0,12,49,0,61,54,0,54,115
02/15/2008,HUT,KS,ACE,CE,Federal Contract Tower,0,0,7,0,7,0,18,104,0,122,0,18,111,0,129,96,0,96,225
02/16/2008,HUT,KS,ACE,CE,Federal Contract Tower,0,0,4,0,4,0,0,1,0,1,0,0,5,0,5,0,0,0,5
02/17/2008,HUT,KS,ACE,CE,Federal Contract Tower,0,0,9,0,9,0,10,3,0,13,0,10,12,0,22,4,0,4,26
02/18/2008,HUT,KS,ACE,CE,Federal Contract Tower,0,0,13,0,13,0,11,40,0,51,0,11,53,0,64,142,0,142,206
02/19/2008,HUT,KS,ACE,CE,Federal Contract Tower,0,0,10,10,20,0,8,61,0,69,0,8,71,10,89,152,52,204,293
02/20/2008,HUT,KS,ACE,CE,Federal Contract Tower,0,0,4,0,4,0,9,42,0,51,0,9,46,0,55,28,0,28,83
02/21/2008,HUT,KS,ACE,CE,Federal Contract Tower,0,0,3,0,3,0,0,1,0,1,0,0,4,0,4,0,0,0,4
02/22/2008,HUT,KS,ACE,CE,Federal Contract Tower,0,8,7,10,25,0,14,25,0,39,0,22,32,10,64,62,34,96,160
02/23/2008,HUT,KS,ACE,CE,Federal Contract Tower,0,2,1,0,3,0,0,4,0,4,0,2,5,0,7,2,0,2,9
02/24/2008,HUT,KS,ACE,CE,Federal Contract Tower,0,0,9,0,9,0,4,31,0,35,0,4,40,0,44,128,0,128,172
02/25/2008,HUT,KS,ACE,CE,Federal Contract Tower,0,1,10,0,11,0,8,44,0,52,0,9,54,0,63,178,0,178,241
02/26/2008,HUT,KS,ACE,CE,Federal Contract Tower,0,5,8,2,15,0,6,51,4,61,0,11,59,6,76,90,14,104,180
02/27/2008,HUT,KS,ACE,CE,Federal Contract Tower,0,1,16,0,17,0,6,55,0,61,0,7,71,0,78,110,0,110,188
02/28/2008,HUT,KS,ACE,CE,Federal Contract Tower,0,0,8,16,24,0,12,88,5,105,0,12,96,21,129,130,40,170,299
02/29/2008,HUT,KS,ACE,CE,Federal Contract Tower,0,4,6,4,14,0,22,67,0,89,0,26,73,4,103,102,18,120,223
03/01/2008,HUT,KS,ACE,CE,Federal Contract Tower,0,0,2,0,2,0,19,39,2,60,0,19,41,2,62,80,0,80,142
03/02/2008,HUT,KS,ACE,CE,Federal Contract Tower,0,0,3,0,3,0,8,7,0,15,0,8,10,0,18,0,0,0,18
03/03/2008,HUT,KS,ACE,CE,Federal Contract Tower,0,2,2,8,12,0,11,32,0,43,0,13,34,8,55,135,36,171,226
03/04/2008,HUT,KS,ACE,CE,Federal Contract Tower,0,0,3,4,7,0,5,47,0,52,0,5,50,4,59,114,16,130,189
03/05/2008,HUT,KS,ACE,CE,Federal Contract Tower,0,0,14,4,18,0,9,50,0,59,0,9,64,4,77,64,14,78,155
03/06/2008,HUT,KS,ACE,CE,Federal Contract Tower,0,0,11,23,34,0,6,51,0,57,0,6,62,23,91,98,64,162,253
03/07/2008,HUT,KS,ACE,CE,Federal Contract Tower,0,2,8,0,10,0,10,58,4,72,0,12,66,4,82,112,0,112,194
03/08/2008,HUT,KS,ACE,CE,Federal Contract Tower,0,0,10,0,10,0,7,56,0,63,0,7,66,0,73,130,0,130,203
03/09/2008,HUT,KS,ACE,CE,Federal Contract Tower,0,0,13,0,13,0,22,55,0,77,0,22,68,0,90,84,0,84,174
03/10/2008,HUT,KS,ACE,CE,Federal Contract Tower,0,1,6,4,11,0,15,92,0,107,0,16,98,4,118,183,14,197,315
03/11/2008,HUT,KS,ACE,CE,Federal Contract Tower,0,0,8,6,14,0,6,69,0,75,0,6,77,6,89,110,24,134,223
03/12/2008,HUT,KS,ACE,CE,Federal Contract Tower,0,2,8,6,16,0,2,55,0,57,0,4,63,6,73,118,8,126,199
03/13/2008,HUT,KS,ACE,CE,Federal Contract Tower,0,0,29,4,33,0,7,48,0,55,0,7,77,4,88,92,27,119,207
03/14/2008,HUT,KS,ACE,CE,Federal Contract Tower,0,0,16,2,18,0,12,30,0,42,0,12,46,2,60,124,2,126,186
03/15/2008,HUT,KS,ACE,CE,Federal Contract Tower,0,1,9,0,10,0,11,26,0,37,0,12,35,0,47,84,0,84,131
03/16/2008,HUT,KS,ACE,CE,Federal Contract Tower,0,0,19,0,19,0,2,19,0,21,0,2,38,0,40,66,0,66,106
03/17/2008,HUT,KS,ACE,CE,Federal Contract Tower,0,0,9,0,9,0,0,0,0,0,0,0,9,0,9,24,0,24,33
03/18/2008,HUT,KS,ACE,CE,Federal Contract Tower,0,2,16,27,45,0,6,33,0,39,0,8,49,27,84,58,94,152,236
03/19/2008,HUT,KS,ACE,CE,Federal Contract Tower,0,0,14,8,22,0,13,96,0,109,0,13,110,8,131,99,32,131,262
03/20/2008,HUT,KS,ACE,CE,Federal Contract Tower,0,0,13,0,13,0,4,37,0,41,0,4,50,0,54,62,0,62,116
03/21/2008,HUT,KS,ACE,CE,Federal Contract Tower,0,0,5,4,9,0,10,73,0,83,0,10,78,4,92,86,8,94,186
03/22/2008,HUT,KS,ACE,CE,Federal Contract Tower,0,1,5,0,6,0,4,102,0,106,0,5,107,0,112,84,0,84,196
03/23/2008,HUT,KS,ACE,CE,Federal Contract Tower,0,0,5,0,5,0,6,34,0,40,0,6,39,0,45,132,0,132,177
03/24/2008,HUT,KS,ACE,CE,Federal Contract Tower,0,0,7,5,12,0,3,45,1,49,0,3,52,6,61,114,30,144,205
03/25/2008,HUT,KS,ACE,CE,Federal Contract Tower,0,2,12,12,26,0,8,31,0,39,0,10,43,12,65,62,19,81,146
03/26/2008,HUT,KS,ACE,CE,Federal Contract Tower,0,0,30,0,30,0,10,32,0,42,0,10,62,0,72,68,0,68,140
03/27/2008,HUT,KS,ACE,CE,Federal Contract Tower,0,2,15,0,17,0,4,0,0,4,0,6,15,0,21,12,0,12,33
03/28/2008,HUT,KS,ACE,CE,Federal Contract Tower,0,2,26,8,36,0,0,16,0,16,0,2,42,8,52,84,8,92,144
03/29/2008,HUT,KS,ACE,CE,Federal Contract Tower,0,1,14,0,15,0,2,4,0,6,0,3,18,0,21,2,0,2,23
03/30/2008,HUT,KS,ACE,CE,Federal Contract Tower,0,0,5,0,5,0,0,0,0,0,0,0,5,0,5,0,0,0,5
03/31/2008,HUT,KS,ACE,CE,Federal Contract Tower,0,0,10,0,10,0,4,20,0,24,0,4,30,0,34,72,0,72,106
04/01/2008,HUT,KS,ACE,CE,Federal Contract Tower,0,0,6,8,14,0,6,67,0,73,0,6,73,8,87,118,18,136,223
04/02/2008,HUT,KS,ACE,CE,Federal Contract Tower,0,0,3,10,13,0,4,52,0,56,0,4,55,10,69,71,12,83,152
04/03/2008,HUT,KS,ACE,CE,Federal Contract Tower,0,0,13,0,13,0,0,0,0,0,0,0,13,0,13,4,0,4,17
04/04/2008,HUT,KS,ACE,CE,Federal Contract Tower,0,0,21,11,32,0,10,55,0,65,0,10,76,11,97,90,39,129,226
04/05/2008,HUT,KS,ACE,CE,Federal Contract Tower,0,0,6,0,6,0,2,21,0,23,0,2,27,0,29,70,0,70,99
04/06/2008,HUT,KS,ACE,CE,Federal Contract Tower,0,0,4,0,4,0,5,43,0,48,0,5,47,0,52,120,0,120,172
04/07/2008,HUT,KS,ACE,CE,Federal Contract Tower,0,0,3,2,5,0,4,42,0,46,0,4,45,2,51,134,6,140,191
04/08/2008,HUT,KS,ACE,CE,Federal Contract Tower,0,2,14,4,20,0,6,8,0,14,0,8,22,4,34,36,12,48,82
04/09/2008,HUT,KS,ACE,CE,Federal Contract Tower,0,0,20,0,20,0,6,0,0,6,0,6,20,0,26,6,0,6,32
04/10/2008,HUT,KS,ACE,CE,Federal Contract Tower,0,2,14,2,18,0,6,3,0,9,0,8,17,2,27,12,0,12,39
04/11/2008,HUT,KS,ACE,CE,Federal Contract Tower,0,0,17,0,17,0,16,7,0,23,0,16,24,0,40,40,0,40,80
04/12/2008,HUT,KS,ACE,CE,Federal Contract Tower,0,0,3,0,3,0,12,25,2,39,0,12,28,2,42,8,2,10,52
04/13/2008,HUT,KS,ACE,CE,Federal Contract Tower,0,0,3,0,3,0,12,44,0,56,0,12,47,0,59,116,0,116,175
04/14/2008,HUT,KS,ACE,CE,Federal Contract Tower,0,4,10,6,20,0,7,75,0,82,0,11,85,6,102,209,12,221,323
04/15/2008,HUT,KS,ACE,CE,Federal Contract Tower,0,0,11,0,11,0,14,37,0,51,0,14,48,0,62,88,0,88,150
04/16/2008,HUT,KS,ACE,CE,Federal Contract Tower,0,0,7,6,13,0,16,83,0,99,0,16,90,6,112,26,2,28,140
04/17/2008,HUT,KS,ACE,CE,Federal Contract Tower,0,0,13,0,13,0,0,0,0,0,0,0,13,0,13,8,0,8,21
04/18/2008,HUT,KS,ACE,CE,Federal Contract Tower,0,1,9,4,14,0,20,41,0,61,0,21,50,4,75,176,10,186,261
04/19/2008,HUT,KS,ACE,CE,Federal Contract Tower,0,0,4,0,4,0,30,122,0,152,0,30,126,0,156,220,0,220,376
04/20/2008,HUT,KS,ACE,CE,Federal Contract Tower,0,0,4,1,5,0,5,42,1,48,0,5,46,2,53,104,2,106,159
04/21/2008,HUT,KS,ACE,CE,Federal Contract Tower,0,4,17,2,23,0,4,28,0,32,0,8,45,2,55,140,18,158,213
04/22/2008,HUT,KS,ACE,CE,Federal Contract Tower,0,0,13,6,19,0,28,67,0,95,0,28,80,6,114,110,8,118,232
04/23/2008,HUT,KS,ACE,CE,Federal Contract Tower,0,2,4,2,8,0,10,2,0,12,0,12,6,2,20,4,6,10,30
04/24/2008,HUT,KS,ACE,CE,Federal Contract Tower,0,4,29,4,37,0,6,9,0,15,0,10,38,4,52,8,6,14,66
04/25/2008,HUT,KS,ACE,CE,Federal Contract Tower,0,0,20,2,22,0,0,33,0,33,0,0,53,2,55,112,0,112,167
04/26/2008,HUT,KS,ACE,CE,Federal Contract Tower,0,0,10,0,10,0,12,69,0,81,0,12,79,0,91,50,0,50,141
04/27/2008,HUT,KS,ACE,CE,Federal Contract Tower,0,0,7,2,9,0,5,36,0,41,0,5,43,2,50,110,2,112,162
04/28/2008,HUT,KS,ACE,CE,Federal Contract Tower,0,0,5,4,9,0,10,50,0,60,0,10,55,4,69,150,12,162,231
04/29/2008,HUT,KS,ACE,CE,Federal Contract Tower,0,0,10,2,12,0,12,52,0,64,0,12,62,2,76,100,4,104,180
04/30/2008,HUT,KS,ACE,CE,Federal Contract Tower,0,2,15,0,17,0,16,33,0,49,0,18,48,0,66,66,0,66,132
05/01/2008,HUT,KS,ACE,CE,Federal Contract Tower,0,0,5,0,5,0,23,70,10,103,0,23,75,10,108,100,0,100,208
05/02/2008,HUT,KS,ACE,CE,Federal Contract Tower,0,2,6,0,8,0,0,21,0,21,0,2,27,0,29,12,0,12,41
05/03/2008,HUT,KS,ACE,CE,Federal Contract Tower,0,0,8,0,8,0,22,51,0,73,0,22,59,0,81,62,0,62,143
05/04/2008,HUT,KS,ACE,CE,Federal Contract Tower,0,0,8,0,8,0,3,46,0,49,0,3,54,0,57,108,0,108,165
05/05/2008,HUT,KS,ACE,CE,Federal Contract Tower,0,0,10,0,10,0,19,35,0,54,0,19,45,0,64,116,0,116,180
05/06/2008,HUT,KS,ACE,CE,Federal Contract Tower,0,2,14,4,20,0,10,2,0,12,0,12,16,4,32,24,4,28,60
05/07/2008,HUT,KS,ACE,CE,Federal Contract Tower,0,2,18,0,20,0,2,0,0,2,0,4,18,0,22,10,0,10,32
05/08/2008,HUT,KS,ACE,CE,Federal Contract Tower,0,1,11,13,25,0,10,62,0,72,0,11,73,13,97,82,31,113,210
05/09/2008,HUT,KS,ACE,CE,Federal Contract Tower,0,0,32,10,42,0,8,29,14,51,0,8,61,24,93,34,56,90,183
05/10/2008,HUT,KS,ACE,CE,Federal Contract Tower,0,0,6,0,6,0,2,5,0,7,0,2,11,0,13,4,0,4,17
05/11/2008,HUT,KS,ACE,CE,Federal Contract Tower,0,0,2,0,2,0,5,31,0,36,0,5,33,0,38,112,0,112,150
05/12/2008,HUT,KS,ACE,CE,Federal Contract Tower,0,0,8,0,8,0,8,24,0,32,0,8,32,0,40,67,0,67,107
05/13/2008,HUT,KS,ACE,CE,Federal Contract Tower,0,0,12,6,18,0,10,17,0,27,0,10,29,6,45,38,42,80,125
05/14/2008,HUT,KS,ACE,CE,Federal Contract Tower,0,0,6,16,22,0,3,39,0,42,0,3,45,16,64,30,78,108,172
05/15/2008,HUT,KS,ACE,CE,Federal Contract Tower,0,1,13,5,19,0,7,56,0,63,0,8,69,5,82,109,20,129,211
05/16/2008,HUT,KS,ACE,CE,Federal Contract Tower,0,1,23,7,31,0,10,47,0,57,0,11,70,7,88,60,18,78,166
05/17/2008,HUT,KS,ACE,CE,Federal Contract Tower,0,2,13,0,15,0,18,48,7,73,0,20,61,7,88,120,12,132,220
05/18/2008,HUT,KS,ACE,CE,Federal Contract Tower,0,0,6,0,6,0,6,50,0,56,0,6,56,0,62,118,0,118,180
05/19/2008,HUT,KS,ACE,CE,Federal Contract Tower,0,1,10,0,11,0,10,28,0,38,0,11,38,0,49,140,0,140,189
05/20/2008,HUT,KS,ACE,CE,Federal Contract Tower,0,0,8,2,10,0,22,40,0,62,0,22,48,2,72,100,2,102,174
05/21/2008,HUT,KS,ACE,CE,Federal Contract Tower,0,2,9,2,13,0,8,55,0,63,0,10,64,2,76,64,8,72,148
05/22/2008,HUT,KS,ACE,CE,Federal Contract Tower,0,4,13,2,19,0,12,8,0,20,0,16,21,2,39,0,8,8,47
05/23/2008,HUT,KS,ACE,CE,Federal Contract Tower,0,4,24,0,28,0,7,7,0,14,0,11,31,0,42,84,0,84,126
05/24/2008,HUT,KS,ACE,CE,Federal Contract Tower,0,0,25,0,25,0,8,0,0,8,0,8,25,0,33,8,0,8,41
05/25/2008,HUT,KS,ACE,CE,Federal Contract Tower,0,0,2,0,2,0,6,33,0,39,0,6,35,0,41,106,0,106,147
05/26/2008,HUT,KS,ACE,CE,Federal Contract Tower,0,0,9,0,9,0,7,3,0,10,0,7,12,0,19,22,0,22,41
05/27/2008,HUT,KS,ACE,CE,Federal Contract Tower,0,0,14,4,18,0,8,6,0,14,0,8,20,4,32,22,0,22,54
05/28/2008,HUT,KS,ACE,CE,Federal Contract Tower,0,0,22,0,22,0,0,0,0,0,0,0,22,0,22,6,0,6,28
05/29/2008,HUT,KS,ACE,CE,Federal Contract Tower,0,0,26,4,30,0,7,3,0,10,0,7,29,4,40,8,4,12,52
05/30/2008,HUT,KS,ACE,CE,Federal Contract Tower,0,0,16,2,18,0,7,53,0,60,0,7,69,2,78,92,4,96,174
05/31/2008,HUT,KS,ACE,CE,Federal Contract Tower,0,0,3,0,3,0,23,32,0,55,0,23,35,0,58,40,0,40,98
06/01/2008,HUT,KS,ACE,CE,Federal Contract Tower,0,0,5,0,5,0,9,39,0,48,0,9,44,0,53,104,0,104,157
06/02/2008,HUT,KS,ACE,CE,Federal Contract Tower,0,2,23,0,25,0,13,34,0,47,0,15,57,0,72,138,0,138,210
06/03/2008,HUT,KS,ACE,CE,Federal Contract Tower,0,1,9,0,10,0,10,56,0,66,0,11,65,0,76,116,0,116,192
06/04/2008,HUT,KS,ACE,CE,Federal Contract Tower,0,1,6,0,7,0,11,44,0,55,0,12,50,0,62,72,0,72,134
06/05/2008,HUT,KS,ACE,CE,Federal Contract Tower,0,2,6,0,8,0,4,12,0,16,0,6,18,0,24,0,0,0,24
06/06/2008,HUT,KS,ACE,CE,Federal Contract Tower,0,6,18,6,30,0,4,68,0,72,0,10,86,6,102,70,6,76,178
06/07/2008,HUT,KS,ACE,CE,Federal Contract Tower,0,0,11,0,11,0,8,18,0,26,0,8,29,0,37,4,0,4,41
06/08/2008,HUT,KS,ACE,CE,Federal Contract Tower,0,4,7,0,11,0,4,21,0,25,0,8,28,0,36,96,0,96,132
06/09/2008,HUT,KS,ACE,CE,Federal Contract Tower,0,0,18,12,30,0,5,26,0,31,0,5,44,12,61,142,14,156,217
06/10/2008,HUT,KS,ACE,CE,Federal Contract Tower,0,2,18,6,26,0,20,48,0,68,0,22,66,6,94,180,46,226,320
06/11/2008,HUT,KS,ACE,CE,Federal Contract Tower,0,0,11,2,13,0,6,27,0,33,0,6,38,2,46,6,2,8,54
06/12/2008,HUT,KS,ACE,CE,Federal Contract Tower,0,4,20,2,26,0,8,54,0,62,0,12,74,2,88,69,6,75,163
06/13/2008,HUT,KS,ACE,CE,Federal Contract Tower,0,0,8,10,18,0,4,51,0,55,0,4,59,10,73,104,18,122,195
06/14/2008,HUT,KS,ACE,CE,Federal Contract Tower,0,0,13,0,13,0,22,56,0,78,0,22,69,0,91,76,0,76,167
06/15/2008,HUT,KS,ACE,CE,Federal Contract Tower,0,4,6,0,10,0,4,28,0,32,0,8,34,0,42,58,0,58,100
06/16/2008,HUT,KS,ACE,CE,Federal Contract Tower,0,0,13,0,13,0,6,25,0,31,0,6,38,0,44,122,0,122,166
06/17/2008,HUT,KS,ACE,CE,Federal Contract Tower,0,0,7,2,9,0,36,49,0,85,0,36,56,2,94,102,4,106,200
06/18/2008,HUT,KS,ACE,CE,Federal Contract Tower,0,0,8,10,18,0,4,84,0,88,0,4,92,10,106,92,26,118,224
06/19/2008,HUT,KS,ACE,CE,Federal Contract Tower,0,1,10,6,17,0,5,28,0,33,0,6,38,6,50,74,0,74,124
06/20/2008,HUT,KS,ACE,CE,Federal Contract Tower,0,3,25,4,32,0,18,94,0,112,0,21,119,4,144,114,16,130,274
06/21/2008,HUT,KS,ACE,CE,Federal Contract Tower,0,2,8,0,10,0,18,93,0,111,0,20,101,0,121,100,0,100,221
06/22/2008,HUT,KS,ACE,CE,Federal Contract Tower,0,0,4,0,4,0,0,31,0,31,0,0,35,0,35,112,0,112,147
06/23/2008,HUT,KS,ACE,CE,Federal Contract Tower,0,2,3,0,5,0,10,46,0,56,0,12,49,0,61,142,0,142,203
06/24/2008,HUT,KS,ACE,CE,Federal Contract Tower,0,2,5,0,7,0,16,39,0,55,0,18,44,0,62,110,0,110,172
06/25/2008,HUT,KS,ACE,CE,Federal Contract Tower,0,0,9,12,21,0,18,46,0,64,0,18,55,12,85,26,14,40,125
06/26/2008,HUT,KS,ACE,CE,Federal Contract Tower,0,2,6,2,10,0,9,64,0,73,0,11,70,2,83,100,0,100,183
06/27/2008,HUT,KS,ACE,CE,Federal Contract Tower,0,0,27,6,33,0,8,29,2,39,0,8,56,8,72,95,8,103,175
06/28/2008,HUT,KS,ACE,CE,Federal Contract Tower,0,0,1,0,1,0,10,24,0,34,0,10,25,0,35,32,0,32,67
06/29/2008,HUT,KS,ACE,CE,Federal Contract Tower,0,0,8,0,8,0,6,70,0,76,0,6,78,0,84,80,0,80,164
06/30/2008,HUT,KS,ACE,CE,Federal Contract Tower,0,0,17,0,17,0,10,40,0,50,0,10,57,0,67,104,0,104,171
07/01/2008,HUT,KS,ACE,CE,Federal Contract Tower,0,2,7,0,9,0,2,41,0,43,0,4,48,0,52,128,6,134,186
07/02/2008,HUT,KS,ACE,CE,Federal Contract Tower,0,0,12,0,12,0,0,49,0,49,0,0,61,0,61,113,0,113,174
07/03/2008,HUT,KS,ACE,CE,Federal Contract Tower,0,0,13,12,25,0,4,29,0,33,0,4,42,12,58,124,12,136,194
07/04/2008,HUT,KS,ACE,CE,Federal Contract Tower,0,0,0,0,0,0,1,18,0,19,0,1,18,0,19,36,0,36,55
07/05/2008,HUT,KS,ACE,CE,Federal Contract Tower,0,0,5,0,5,0,3,26,0,29,0,3,31,0,34,44,0,44,78
07/06/2008,HUT,KS,ACE,CE,Federal Contract Tower,0,0,4,0,4,0,0,25,0,25,0,0,29,0,29,10,0,10,39
07/07/2008,HUT,KS,ACE,CE,Federal Contract Tower,0,1,11,1,13,0,0,12,0,12,0,1,23,1,25,96,8,104,129
07/08/2008,HUT,KS,ACE,CE,Federal Contract Tower,0,7,8,0,15,0,3,14,0,17,0,10,22,0,32,89,0,89,121
07/09/2008,HUT,KS,ACE,CE,Federal Contract Tower,0,14,21,7,42,0,8,48,0,56,0,22,69,7,98,87,14,101,199
07/10/2008,HUT,KS,ACE,CE,Federal Contract Tower,0,1,12,2,15,0,14,28,2,44,0,15,40,4,59,51,8,59,118
07/11/2008,HUT,KS,ACE,CE,Federal Contract Tower,0,1,15,4,20,0,0,47,0,47,0,1,62,4,67,48,10,58,125
07/12/2008,HUT,KS,ACE,CE,Federal Contract Tower,0,3,13,0,16,0,0,12,0,12,0,3,25,0,28,15,0,15,43
07/13/2008,HUT,KS,ACE,CE,Federal Contract Tower,0,0,5,0,5,0,0,62,0,62,0,0,67,0,67,116,0,116,183
07/14/2008,HUT,KS,ACE,CE,Federal Contract Tower,0,0,8,2,10,0,0,36,0,36,0,0,44,2,46,140,0,140,186
07/15/2008,HUT,KS,ACE,CE,Federal Contract Tower,0,0,13,5,18,0,0,36,7,43,0,0,49,12,61,111,34,145,206
07/16/2008,HUT,KS,ACE,CE,Federal Contract Tower,0,0,12,3,15,0,0,33,1,34,0,0,45,4,49,108,2,110,159
07/17/2008,HUT,KS,ACE,CE,Federal Contract Tower,0,0,9,4,13,0,4,27,0,31,0,4,36,4,44,62,6,68,112
07/18/2008,HUT,KS,ACE,CE,Federal Contract Tower,0,2,18,6,26,0,0,36,0,36,0,2,54,6,62,36,0,36,98
07/19/2008,HUT,KS,ACE,CE,Federal Contract Tower,0,0,2,0,2,0,2,74,0,76,0,2,76,0,78,42,0,42,120
07/20/2008,HUT,KS,ACE,CE,Federal Contract Tower,0,0,5,8,13,0,0,46,0,46,0,0,51,8,59,32,16,48,107
07/21/2008,HUT,KS,ACE,CE,Federal Contract Tower,0,0,8,6,14,0,0,14,0,14,0,0,22,6,28,68,15,83,111
07/22/2008,HUT,KS,ACE,CE,Federal Contract Tower,0,2,8,0,10,0,5,8,0,13,0,7,16,0,23,64,2,66,89
07/23/2008,HUT,KS,ACE,CE,Federal Contract Tower,0,1,4,7,12,0,4,30,4,38,0,5,34,11,50,54,32,86,136
07/24/2008,HUT,KS,ACE,CE,Federal Contract Tower,0,4,8,4,16,0,6,23,0,29,0,10,31,4,45,18,8,26,71
07/25/2008,HUT,KS,ACE,CE,Federal Contract Tower,0,0,16,8,24,0,0,40,0,40,0,0,56,8,64,36,0,36,100
07/26/2008,HUT,KS,ACE,CE,Federal Contract Tower,0,0,14,0,14,0,1,23,0,24,0,1,37,0,38,20,0,20,58
07/27/2008,HUT,KS,ACE,CE,Federal Contract Tower,0,0,2,0,2,0,0,36,0,36,0,0,38,0,38,67,0,67,105
07/28/2008,HUT,KS,ACE,CE,Federal Contract Tower,0,0,6,2,8,0,4,14,0,18,0,4,20,2,26,60,0,60,86
07/29/2008,HUT,KS,ACE,CE,Federal Contract Tower,0,5,10,0,15,0,1,14,0,15,0,6,24,0,30,86,0,86,116
07/30/2008,HUT,KS,ACE,CE,Federal Contract Tower,0,4,25,5,34,0,0,32,2,34,0,4,57,7,68,73,2,75,143
07/31/2008,HUT,KS,ACE,CE,Federal Contract Tower,0,1,8,6,15,0,12,35,2,49,0,13,43,8,64,89,33,122,186
08/01/2008,HUT,KS,ACE,CE,Federal Contract Tower,0,2,9,12,23,0,0,30,0,30,0,2,39,12,53,79,28,107,160
08/02/2008,HUT,KS,ACE,CE,Federal Contract Tower,0,0,9,0,9,0,4,28,0,32,0,4,37,0,41,8,0,8,49
08/03/2008,HUT,KS,ACE,CE,Federal Contract Tower,0,0,7,0,7,0,0,26,0,26,0,0,33,0,33,10,0,10,43
08/04/2008,HUT,KS,ACE,CE,Federal Contract Tower,0,0,7,1,8,0,0,31,1,32,0,0,38,2,40,66,0,66,106
08/05/2008,HUT,KS,ACE,CE,Federal Contract Tower,0,0,9,0,9,0,0,22,0,22,0,0,31,0,31,79,10,89,120
08/06/2008,HUT,KS,ACE,CE,Federal Contract Tower,0,0,8,0,8,0,2,13,0,15,0,2,21,0,23,78,0,78,101
08/07/2008,HUT,KS,ACE,CE,Federal Contract Tower,0,0,19,0,19,0,0,1,0,1,0,0,20,0,20,2,0,2,22
08/08/2008,HUT,KS,ACE,CE,Federal Contract Tower,0,2,11,0,13,0,8,41,0,49,0,10,52,0,62,72,0,72,134
08/09/2008,HUT,KS,ACE,CE,Federal Contract Tower,0,5,1,0,6,0,0,0,0,0,0,5,1,0,6,0,0,0,6
08/10/2008,HUT,KS,ACE,CE,Federal Contract Tower,0,0,11,2,13,0,2,4,0,6,0,2,15,2,19,5,14,19,38
08/11/2008,HUT,KS,ACE,CE,Federal Contract Tower,0,0,13,24,37,0,0,10,0,10,0,0,23,24,47,55,40,95,142
08/12/2008,HUT,KS,ACE,CE,Federal Contract Tower,0,4,4,6,14,0,4,31,1,36,0,8,35,7,50,86,43,129,179
08/13/2008,HUT,KS,ACE,CE,Federal Contract Tower,0,0,12,2,14,2,10,38,0,50,2,10,50,2,64,136,0,136,200
08/14/2008,HUT,KS,ACE,CE,Federal Contract Tower,0,4,6,0,10,0,3,21,0,24,0,7,27,0,34,10,0,10,44
08/15/2008,HUT,KS,ACE,CE,Federal Contract Tower,0,0,6,4,10,0,8,23,6,37,0,8,29,10,47,32,64,96,143
08/16/2008,HUT,KS,ACE,CE,Federal Contract Tower,0,2,20,0,22,0,2,18,0,20,0,4,38,0,42,8,0,8,50
08/17/2008,HUT,KS,ACE,CE,Federal Contract Tower,0,2,3,0,5,0,2,32,0,34,0,4,35,0,39,16,0,16,55
08/18/2008,HUT,KS,ACE,CE,Federal Contract Tower,0,5,12,6,23,0,6,22,0,28,0,11,34,6,51,89,15,104,155
08/19/2008,HUT,KS,ACE,CE,Federal Contract Tower,0,0,19,4,23,0,6,25,1,32,0,6,44,5,55,108,20,128,183
08/20/2008,HUT,KS,ACE,CE,Federal Contract Tower,0,5,18,12,35,0,5,14,1,20,0,10,32,13,55,96,14,110,165
08/21/2008,HUT,KS,ACE,CE,Federal Contract Tower,0,0,21,7,28,0,4,29,2,35,0,4,50,9,63,40,6,46,109
08/22/2008,HUT,KS,ACE,CE,Federal Contract Tower,0,0,12,5,17,0,10,41,0,51,0,10,53,5,68,71,16,87,155
08/23/2008,HUT,KS,ACE,CE,Federal Contract Tower,0,0,3,0,3,0,2,44,0,46,0,2,47,0,49,48,0,48,97
08/24/2008,HUT,KS,ACE,CE,Federal Contract Tower,0,0,5,0,5,0,0,13,0,13,0,0,18,0,18,6,0,6,24
08/25/2008,HUT,KS,ACE,CE,Federal Contract Tower,0,2,12,0,14,0,6,25,0,31,0,8,37,0,45,102,0,102,147
08/26/2008,HUT,KS,ACE,CE,Federal Contract Tower,0,1,6,0,7,0,2,29,0,31,0,3,35,0,38,187,6,193,231
08/27/2008,HUT,KS,ACE,CE,Federal Contract Tower,0,0,5,0,5,0,8,30,0,38,0,8,35,0,43,86,0,86,129
08/28/2008,HUT,KS,ACE,CE,Federal Contract Tower,0,2,8,4,14,0,7,13,0,20,0,9,21,4,34,70,6,76,110
08/29/2008,HUT,KS,ACE,CE,Federal Contract Tower,0,0,11,8,19,0,4,38,3,45,0,4,49,11,64,101,7,108,172
08/30/2008,HUT,KS,ACE,CE,Federal Contract Tower,0,5,0,0,5,0,6,24,0,30,0,11,24,0,35,24,0,24,59
08/31/2008,HUT,KS,ACE,CE,Federal Contract Tower,0,0,13,0,13,0,0,11,0,11,0,0,24,0,24,8,0,8,32
09/01/2008,HUT,KS,ACE,CE,Federal Contract Tower,0,0,3,0,3,0,0,7,0,7,0,0,10,0,10,0,0,0,10
09/02/2008,HUT,KS,ACE,CE,Federal Contract Tower,0,0,16,0,16,0,0,3,0,3,0,0,19,0,19,55,0,55,74
09/03/2008,HUT,KS,ACE,CE,Federal Contract Tower,0,2,9,4,15,0,0,9,0,9,0,2,18,4,24,55,0,55,79
09/04/2008,HUT,KS,ACE,CE,Federal Contract Tower,0,5,28,4,37,0,14,30,0,44,0,19,58,4,81,118,0,118,199
09/05/2008,HUT,KS,ACE,CE,Federal Contract Tower,0,0,13,0,13,0,0,7,0,7,0,0,20,0,20,28,0,28,48
09/06/2008,HUT,KS,ACE,CE,Federal Contract Tower,0,2,20,0,22,0,0,0,0,0,0,2,20,0,22,0,0,0,22
09/07/2008,HUT,KS,ACE,CE,Federal Contract Tower,0,0,8,0,8,0,4,10,0,14,0,4,18,0,22,12,0,12,34
09/08/2008,HUT,KS,ACE,CE,Federal Contract Tower,0,2,17,0,19,0,0,0,0,0,0,2,17,0,19,0,0,0,19
09/09/2008,HUT,KS,ACE,CE,Federal Contract Tower,0,0,7,13,20,0,4,29,1,34,0,4,36,14,54,120,29,149,203
09/10/2008,HUT,KS,ACE,CE,Federal Contract Tower,0,2,18,9,29,0,2,0,0,2,0,4,18,9,31,24,14,38,69
09/11/2008,HUT,KS,ACE,CE,Federal Contract Tower,0,2,20,8,30,0,0,1,0,1,0,2,21,8,31,6,2,8,39
09/12/2008,HUT,KS,ACE,CE,Federal Contract Tower,0,1,13,0,14,0,0,0,0,0,0,1,13,0,14,0,0,0,14
09/13/2008,HUT,KS,ACE,CE,Federal Contract Tower,0,0,6,0,6,0,4,11,0,15,0,4,17,0,21,28,0,28,49
09/14/2008,HUT,KS,ACE,CE,Federal Contract Tower,0,3,4,2,9,0,12,4,0,16,0,15,8,2,25,12,2,14,39
09/15/2008,HUT,KS,ACE,CE,Federal Contract Tower,0,0,4,4,8,0,0,38,0,38,0,0,42,4,46,55,12,67,113
09/16/2008,HUT,KS,ACE,CE,Federal Contract Tower,0,4,8,1,13,0,11,33,0,44,0,15,41,1,57,96,6,102,159
09/17/2008,HUT,KS,ACE,CE,Federal Contract Tower,0,0,8,8,16,0,2,28,4,34,0,2,36,12,50,78,4,82,132
09/18/2008,HUT,KS,ACE,CE,Federal Contract Tower,0,1,8,0,9,0,2,42,0,44,0,3,50,0,53,21,0,21,74
09/19/2008,HUT,KS,ACE,CE,Federal Contract Tower,0,0,9,4,13,0,0,36,0,36,0,0,45,4,49,16,8,24,73
09/20/2008,HUT,KS,ACE,CE,Federal Contract Tower,0,5,1,0,6,0,4,25,0,29,0,9,26,0,35,108,0,108,143
09/21/2008,HUT,KS,ACE,CE,Federal Contract Tower,0,0,7,0,7,0,4,30,0,34,0,4,37,0,41,108,0,108,149
09/22/2008,HUT,KS,ACE,CE,Federal Contract Tower,0,0,7,2,9,0,6,22,0,28,0,6,29,2,37,74,2,76,113
09/23/2008,HUT,KS,ACE,CE,Federal Contract Tower,0,6,19,2,27,0,4,3,0,7,0,10,22,2,34,126,24,150,184
09/24/2008,HUT,KS,ACE,CE,Federal Contract Tower,0,0,15,0,15,0,8,27,2,37,0,8,42,2,52,111,0,111,163
09/25/2008,HUT,KS,ACE,CE,Federal Contract Tower,0,3,22,7,32,0,7,33,2,42,0,10,55,9,74,48,24,72,146
09/26/2008,HUT,KS,ACE,CE,Federal Contract Tower,0,4,11,0,15,0,10,47,0,57,0,14,58,0,72,62,0,62,134
09/27/2008,HUT,KS,ACE,CE,Federal Contract Tower,0,0,3,0,3,0,12,55,0,67,0,12,58,0,70,66,0,66,136
09/28/2008,HUT,KS,ACE,CE,Federal Contract Tower,0,0,5,0,5,0,0,40,0,40,0,0,45,0,45,100,0,100,145
09/29/2008,HUT,KS,ACE,CE,Federal Contract Tower,0,0,18,4,22,0,2,23,0,25,0,2,41,4,47,78,10,88,135
09/30/2008,HUT,KS,ACE,CE,Federal Contract Tower,0,0,11,3,14,0,4,34,5,43,0,4,45,8,57,118,6,124,181
10/01/2008,HUT,KS,ACE,CE,Federal Contract Tower,0,0,6,8,14,0,0,21,0,21,0,0,27,8,35,26,61,87,122
10/02/2008,HUT,KS,ACE,CE,Federal Contract Tower,0,0,10,0,10,0,8,20,0,28,0,8,30,0,38,106,0,106,144
10/03/2008,HUT,KS,ACE,CE,Federal Contract Tower,0,2,3,8,13,0,6,22,6,34,0,8,25,14,47,40,2,42,89
10/04/2008,HUT,KS,ACE,CE,Federal Contract Tower,0,0,4,0,4,0,4,24,0,28,0,4,28,0,32,42,0,42,74
10/05/2008,HUT,KS,ACE,CE,Federal Contract Tower,0,0,8,2,10,0,2,4,0,6,0,2,12,2,16,7,2,9,25
10/06/2008,HUT,KS,ACE,CE,Federal Contract Tower,0,0,5,0,5,0,1,0,0,1,0,1,5,0,6,0,0,0,6
10/07/2008,HUT,KS,ACE,CE,Federal Contract Tower,0,0,13,0,13,0,3,11,0,14,0,3,24,0,27,94,8,102,129
10/08/2008,HUT,KS,ACE,CE,Federal Contract Tower,0,2,5,0,7,0,8,34,0,42,0,10,39,0,49,131,18,149,198
10/09/2008,HUT,KS,ACE,CE,Federal Contract Tower,0,2,3,4,9,0,0,26,0,26,0,2,29,4,35,118,8,126,161
10/10/2008,HUT,KS,ACE,CE,Federal Contract Tower,0,2,9,6,17,0,6,28,1,35,0,8,37,7,52,94,12,106,158
10/11/2008,HUT,KS,ACE,CE,Federal Contract Tower,0,0,5,0,5,0,12,0,0,12,0,12,5,0,17,20,0,20,37
10/12/2008,HUT,KS,ACE,CE,Federal Contract Tower,0,0,7,0,7,0,2,5,0,7,0,2,12,0,14,12,0,12,26
10/13/2008,HUT,KS,ACE,CE,Federal Contract Tower,0,6,10,0,16,0,0,0,0,0,0,6,10,0,16,0,0,0,16
10/14/2008,HUT,KS,ACE,CE,Federal Contract Tower,0,2,10,0,12,0,0,0,0,0,0,2,10,0,12,6,0,6,18
10/15/2008,HUT,KS,ACE,CE,Federal Contract Tower,0,4,16,6,26,0,4,15,0,19,0,8,31,6,45,110,24,134,179
10/16/2008,HUT,KS,ACE,CE,Federal Contract Tower,0,1,17,0,18,0,4,39,0,43,0,5,56,0,61,86,0,86,147
10/17/2008,HUT,KS,ACE,CE,Federal Contract Tower,0,0,8,2,10,0,11,31,0,42,0,11,39,2,52,94,6,100,152
10/18/2008,HUT,KS,ACE,CE,Federal Contract Tower,0,2,11,0,13,0,4,42,0,46,0,6,53,0,59,58,0,58,117
10/19/2008,HUT,KS,ACE,CE,Federal Contract Tower,0,0,7,0,7,0,4,20,0,24,0,4,27,0,31,2,0,2,33
10/20/2008,HUT,KS,ACE,CE,Federal Contract Tower,0,2,15,8,25,0,0,3,0,3,0,2,18,8,28,12,6,18,46
10/21/2008,HUT,KS,ACE,CE,Federal Contract Tower,0,0,16,0,16,0,4,1,0,5,0,4,17,0,21,22,0,22,43
10/22/2008,HUT,KS,ACE,CE,Federal Contract Tower,0,1,12,0,13,0,1,1,0,2,0,2,13,0,15,36,0,36,51
10/23/2008,HUT,KS,ACE,CE,Federal Contract Tower,0,8,7,0,15,0,0,0,0,0,0,8,7,0,15,0,0,0,15
10/24/2008,HUT,KS,ACE,CE,Federal Contract Tower,0,3,24,0,27,0,3,28,2,33,0,6,52,2,60,80,0,80,140
10/25/2008,HUT,KS,ACE,CE,Federal Contract Tower,0,0,9,0,9,0,6,56,0,62,0,6,65,0,71,60,0,60,131
10/26/2008,HUT,KS,ACE,CE,Federal Contract Tower,0,0,4,0,4,0,4,15,0,19,0,4,19,0,23,4,0,4,27
10/27/2008,HUT,KS,ACE,CE,Federal Contract Tower,0,0,4,0,4,0,6,19,0,25,0,6,23,0,29,24,0,24,53
10/28/2008,HUT,KS,ACE,CE,Federal Contract Tower,0,2,11,6,19,0,14,23,0,37,0,16,34,6,56,76,26,102,158
10/29/2008,HUT,KS,ACE,CE,Federal Contract Tower,0,0,6,2,8,0,2,25,0,27,0,2,31,2,35,127,2,129,164
10/30/2008,HUT,KS,ACE,CE,Federal Contract Tower,0,0,10,2,12,0,5,41,0,46,0,5,51,2,58,103,18,121,179
10/31/2008,HUT,KS,ACE,CE,Federal Contract Tower,0,3,7,6,16,0,8,56,0,64,0,11,63,6,80,112,10,122,202
11/01/2008,HUT,KS,ACE,CE,Federal Contract Tower,0,0,4,0,4,0,6,60,0,66,0,6,64,0,70,76,0,76,146
11/02/2008,HUT,KS,ACE,CE,Federal Contract Tower,0,0,6,2,8,0,2,42,2,46,0,2,48,4,54,74,6,80,134
11/03/2008,HUT,KS,ACE,CE,Federal Contract Tower,0,0,7,4,11,0,6,40,0,46,0,6,47,4,57,59,2,61,118
11/04/2008,HUT,KS,ACE,CE,Federal Contract Tower,0,0,11,2,13,0,2,9,0,11,0,2,20,2,24,39,2,41,65
11/05/2008,HUT,KS,ACE,CE,Federal Contract Tower,0,0,10,0,10,0,0,8,0,8,0,0,18,0,18,65,0,65,83
11/06/2008,HUT,KS,ACE,CE,Federal Contract Tower,0,2,3,0,5,0,2,27,2,31,0,4,30,2,36,86,0,86,122
11/07/2008,HUT,KS,ACE,CE,Federal Contract Tower,0,0,6,6,12,0,8,15,0,23,0,8,21,6,35,66,0,66,101
11/08/2008,HUT,KS,ACE,CE,Federal Contract Tower,0,0,6,0,6,0,4,38,0,42,0,4,44,0,48,84,0,84,132
11/09/2008,HUT,KS,ACE,CE,Federal Contract Tower,0,0,9,4,13,0,8,47,2,57,0,8,56,6,70,64,16,80,150
11/10/2008,HUT,KS,ACE,CE,Federal Contract Tower,0,4,4,0,8,0,2,2,0,4,0,6,6,0,12,16,0,16,28
11/11/2008,HUT,KS,ACE,CE,Federal Contract Tower,0,0,18,0,18,0,0,0,0,0,0,0,18,0,18,0,0,0,18
11/12/2008,HUT,KS,ACE,CE,Federal Contract Tower,0,0,16,6,22,0,4,27,0,31,0,4,43,6,53,157,41,198,251
11/13/2008,HUT,KS,ACE,CE,Federal Contract Tower,0,0,11,2,13,0,4,26,0,30,0,4,37,2,43,63,4,67,110
11/14/2008,HUT,KS,ACE,CE,Federal Contract Tower,0,0,3,2,5,0,0,23,0,23,0,0,26,2,28,67,0,67,95
11/15/2008,HUT,KS,ACE,CE,Federal Contract Tower,0,0,11,0,11,0,6,24,0,30,0,6,35,0,41,34,0,34,75
11/16/2008,HUT,KS,ACE,CE,Federal Contract Tower,0,0,2,0,2,0,0,28,0,28,0,0,30,0,30,14,0,14,44
11/17/2008,HUT,KS,ACE,CE,Federal Contract Tower,0,0,13,2,15,0,8,30,0,38,0,8,43,2,53,29,0,29,82
11/18/2008,HUT,KS,ACE,CE,Federal Contract Tower,0,0,7,2,9,0,0,57,0,57,0,0,64,2,66,84,4,88,154
11/19/2008,HUT,KS,ACE,CE,Federal Contract Tower,0,0,15,4,19,0,3,34,0,37,0,3,49,4,56,110,14,124,180
11/20/2008,HUT,KS,ACE,CE,Federal Contract Tower,0,4,10,6,20,0,2,20,0,22,0,6,30,6,42,79,8,87,129
11/21/2008,HUT,KS,ACE,CE,Federal Contract Tower,0,0,3,0,3,0,8,28,0,36,0,8,31,0,39,120,0,120,159
11/22/2008,HUT,KS,ACE,CE,Federal Contract Tower,0,0,8,6,14,0,6,34,2,42,0,6,42,8,56,90,0,90,146
11/23/2008,HUT,KS,ACE,CE,Federal Contract Tower,0,2,8,0,10,0,2,7,0,9,0,4,15,0,19,12,0,12,31
11/24/2008,HUT,KS,ACE,CE,Federal Contract Tower,0,0,11,0,11,0,6,29,0,35,0,6,40,0,46,32,0,32,78
11/25/2008,HUT,KS,ACE,CE,Federal Contract Tower,0,0,11,13,24,0,6,39,4,49,0,6,50,17,73,158,46,204,277
11/26/2008,HUT,KS,ACE,CE,Federal Contract Tower,0,0,6,0,6,0,9,52,0,61,0,9,58,0,67,90,0,90,157
11/27/2008,HUT,KS,ACE,CE,Federal Contract Tower,0,2,1,0,3,0,1,7,0,8,0,3,8,0,11,4,0,4,15
11/28/2008,HUT,KS,ACE,CE,Federal Contract Tower,0,0,3,0,3,0,2,10,0,12,0,2,13,0,15,28,0,28,43
11/29/2008,HUT,KS,ACE,CE,Federal Contract Tower,0,0,9,0,9,0,0,12,0,12,0,0,21,0,21,30,0,30,51
11/30/2008,HUT,KS,ACE,CE,Federal Contract Tower,0,2,5,0,7,0,0,4,0,4,0,2,9,0,11,3,0,3,14
12/01/2008,HUT,KS,ACE,CE,Federal Contract Tower,0,0,6,8,14,0,2,26,0,28,0,2,32,8,42,97,26,123,165
12/02/2008,HUT,KS,ACE,CE,Federal Contract Tower,0,2,13,6,21,0,2,16,0,18,0,4,29,6,39,90,33,123,162
12/03/2008,HUT,KS,ACE,CE,Federal Contract Tower,0,0,4,0,4,0,2,4,0,6,0,2,8,0,10,81,0,81,91
12/04/2008,HUT,KS,ACE,CE,Federal Contract Tower,0,2,16,12,30,0,4,20,1,25,0,6,36,13,55,119,26,145,200
12/05/2008,HUT,KS,ACE,CE,Federal Contract Tower,0,1,18,10,29,0,0,38,0,38,0,1,56,10,67,112,20,132,199
12/06/2008,HUT,KS,ACE,CE,Federal Contract Tower,0,0,1,0,1,0,4,22,0,26,0,4,23,0,27,10,0,10,37
12/07/2008,HUT,KS,ACE,CE,Federal Contract Tower,0,0,9,0,9,0,6,13,0,19,0,6,22,0,28,38,0,38,66
12/08/2008,HUT,KS,ACE,CE,Federal Contract Tower,0,0,6,2,8,0,4,13,0,17,0,4,19,2,25,8,8,16,41
12/09/2008,HUT,KS,ACE,CE,Federal Contract Tower,0,2,7,0,9,0,1,4,0,5,0,3,11,0,14,0,0,0,14
12/10/2008,HUT,KS,ACE,CE,Federal Contract Tower,0,0,10,2,12,0,8,5,0,13,0,8,15,2,25,98,4,102,127
12/11/2008,HUT,KS,ACE,CE,Federal Contract Tower,0,4,9,7,20,0,0,32,7,39,0,4,41,14,59,23,30,53,112
12/12/2008,HUT,KS,ACE,CE,Federal Contract Tower,0,0,8,8,16,0,14,35,0,49,0,14,43,8,65,98,34,132,197
12/13/2008,HUT,KS,ACE,CE,Federal Contract Tower,0,2,4,0,6,0,14,4,0,18,0,16,8,0,24,16,0,16,40
12/14/2008,HUT,KS,ACE,CE,Federal Contract Tower,0,4,7,0,11,0,1,2,0,3,0,5,9,0,14,6,0,6,20
12/15/2008,HUT,KS,ACE,CE,Federal Contract Tower,0,0,4,12,16,0,2,20,2,24,0,2,24,14,40,145,58,203,243
12/16/2008,HUT,KS,ACE,CE,Federal Contract Tower,0,0,6,0,6,0,0,1,0,1,0,0,7,0,7,6,0,6,13
12/17/2008,HUT,KS,ACE,CE,Federal Contract Tower,0,0,10,0,10,0,10,4,0,14,0,10,14,0,24,91,0,91,115
12/18/2008,HUT,KS,ACE,CE,Federal Contract Tower,0,0,2,0,2,0,0,0,0,0,0,0,2,0,2,0,0,0,2
12/19/2008,HUT,KS,ACE,CE,Federal Contract Tower,0,0,14,2,16,0,0,46,0,46,0,0,60,2,62,86,6,92,154
12/20/2008,HUT,KS,ACE,CE,Federal Contract Tower,0,2,5,0,7,0,4,13,0,17,0,6,18,0,24,18,0,18,42
12/21/2008,HUT,KS,ACE,CE,Federal Contract Tower,0,0,4,0,4,0,4,11,0,15,0,4,15,0,19,4,0,4,23
12/22/2008,HUT,KS,ACE,CE,Federal Contract Tower,0,0,14,9,23,0,6,10,2,18,0,6,24,11,41,35,14,49,90
12/23/2008,HUT,KS,ACE,CE,Federal Contract Tower,0,2,3,0,5,0,0,0,0,0,0,2,3,0,5,0,0,0,5
12/24/2008,HUT,KS,ACE,CE,Federal Contract Tower,0,0,1,0,1,0,8,9,0,17,0,8,10,0,18,40,0,40,58
12/25/2008,HUT,KS,ACE,CE,Federal Contract Tower,0,0,1,0,1,0,0,1,0,1,0,0,2,0,2,0,0,0,2
12/26/2008,HUT,KS,ACE,CE,Federal Contract Tower,0,0,7,0,7,0,2,16,0,18,0,2,23,0,25,32,0,32,57
12/27/2008,HUT,KS,ACE,CE,Federal Contract Tower,0,2,5,0,7,0,6,0,0,6,0,8,5,0,13,0,0,0,13
12/28/2008,HUT,KS,ACE,CE,Federal Contract Tower,0,0,4,0,4,0,4,34,0,38,0,4,38,0,42,60,0,60,102
12/29/2008,HUT,KS,ACE,CE,Federal Contract Tower,0,0,5,0,5,0,0,55,0,55,0,0,60,0,60,251,0,251,311
12/30/2008,HUT,KS,ACE,CE,Federal Contract Tower,0,0,8,0,8,0,2,40,0,42,0,2,48,0,50,93,0,93,143
12/31/2008,HUT,KS,ACE,CE,Federal Contract Tower,0,0,4,0,4,0,0,30,0,30,0,0,34,0,34,54,0,54,88
01/01/2009,HUT,KS,ACE,CE,Federal Contract Tower,0,0,1,0,1,0,0,13,0,13,0,0,14,0,14,22,0,22,36
01/02/2009,HUT,KS,ACE,CE,Federal Contract Tower,0,2,9,0,11,0,0,84,0,84,0,2,93,0,95,59,0,59,154
01/03/2009,HUT,KS,ACE,CE,Federal Contract Tower,0,0,14,0,14,0,0,1,0,1,0,0,15,0,15,2,0,2,17
01/04/2009,HUT,KS,ACE,CE,Federal Contract Tower,0,0,6,0,6,0,0,13,0,13,0,0,19,0,19,14,0,14,33
01/05/2009,HUT,KS,ACE,CE,Federal Contract Tower,0,0,8,18,26,0,0,17,0,17,0,0,25,18,43,22,44,66,109
01/06/2009,HUT,KS,ACE,CE,Federal Contract Tower,0,2,5,12,19,0,0,46,2,48,0,2,51,14,67,79,38,117,184
01/07/2009,HUT,KS,ACE,CE,Federal Contract Tower,0,0,7,6,13,0,6,37,0,43,0,6,44,6,56,97,13,110,166
01/08/2009,HUT,KS,ACE,CE,Federal Contract Tower,0,1,7,2,10,0,5,42,0,47,0,6,49,2,57,124,20,144,201
01/09/2009,HUT,KS,ACE,CE,Federal Contract Tower,0,2,10,2,14,0,8,13,0,21,0,10,23,2,35,40,0,40,75
01/10/2009,HUT,KS,ACE,CE,Federal Contract Tower,0,0,6,0,6,0,4,23,0,27,0,4,29,0,33,30,0,30,63
01/11/2009,HUT,KS,ACE,CE,Federal Contract Tower,0,0,5,0,5,0,0,29,0,29,0,0,34,0,34,32,0,32,66
01/12/2009,HUT,KS,ACE,CE,Federal Contract Tower,0,1,3,7,11,0,5,11,3,19,0,6,14,10,30,18,4,22,52
01/13/2009,HUT,KS,ACE,CE,Federal Contract Tower,0,0,14,23,37,0,0,59,19,78,0,0,73,42,115,130,34,164,279
01/14/2009,HUT,KS,ACE,CE,Federal Contract Tower,0,0,10,4,14,0,2,37,9,48,0,2,47,13,62,99,0,99,161
01/15/2009,HUT,KS,ACE,CE,Federal Contract Tower,0,0,6,0,6,0,2,1,0,3,0,2,7,0,9,36,0,36,45
01/16/2009,HUT,KS,ACE,CE,Federal Contract Tower,0,0,6,0,6,0,14,25,0,39,0,14,31,0,45,98,0,98,143
01/17/2009,HUT,KS,ACE,CE,Federal Contract Tower,0,0,5,0,5,0,4,62,0,66,0,4,67,0,71,46,0,46,117
01/18/2009,HUT,KS,ACE,CE,Federal Contract Tower,0,0,7,0,7,0,2,38,0,40,0,2,45,0,47,78,0,78,125
01/19/2009,HUT,KS,ACE,CE,Federal Contract Tower,0,4,6,0,10,0,0,38,0,38,0,4,44,0,48,46,0,46,94
01/20/2009,HUT,KS,ACE,CE,Federal Contract Tower,0,0,11,4,15,0,2,68,27,97,0,2,79,31,112,135,22,157,269
01/21/2009,HUT,KS,ACE,CE,Federal Contract Tower,0,0,8,4,12,0,8,39,0,47,0,8,47,4,59,150,51,201,260
01/22/2009,HUT,KS,ACE,CE,Federal Contract Tower,0,4,15,12,31,0,14,34,0,48,0,18,49,12,79,107,32,139,218
01/23/2009,HUT,KS,ACE,CE,Federal Contract Tower,0,1,0,8,9,0,14,23,0,37,0,15,23,8,46,66,32,98,144
01/24/2009,HUT,KS,ACE,CE,Federal Contract Tower,0,0,7,0,7,0,2,26,0,28,0,2,33,0,35,68,0,68,103
01/25/2009,HUT,KS,ACE,CE,Federal Contract Tower,0,2,3,0,5,0,0,5,0,5,0,2,8,0,10,0,0,0,10
01/26/2009,HUT,KS,ACE,CE,Federal Contract Tower,0,3,0,0,3,0,0,24,0,24,0,3,24,0,27,0,0,0,27
01/27/2009,HUT,KS,ACE,CE,Federal Contract Tower,0,0,2,0,2,0,0,0,0,0,0,0,2,0,2,0,0,0,2
01/28/2009,HUT,KS,ACE,CE,Federal Contract Tower,0,4,5,0,9,0,13,24,0,37,0,17,29,0,46,105,0,105,151
01/29/2009,HUT,KS,ACE,CE,Federal Contract Tower,0,0,5,8,13,0,0,23,4,27,0,0,28,12,40,77,44,121,161
01/30/2009,HUT,KS,ACE,CE,Federal Contract Tower,0,0,7,9,16,0,0,26,1,27,0,0,33,10,43,78,20,98,141
01/31/2009,HUT,KS,ACE,CE,Federal Contract Tower,0,2,6,0,8,0,7,25,0,32,0,9,31,0,40,84,0,84,124
02/01/2009,HUT,KS,ACE,CE,Federal Contract Tower,0,0,0,0,0,0,0,16,0,16,0,0,16,0,16,6,0,6,22
02/02/2009,HUT,KS,ACE,CE,Federal Contract Tower,0,0,16,16,32,0,6,21,1,28,0,6,37,17,60,112,16,128,188
02/03/2009,HUT,KS,ACE,CE,Federal Contract Tower,0,0,14,8,22,0,8,45,0,53,0,8,59,8,75,140,20,160,235
02/04/2009,HUT,KS,ACE,CE,Federal Contract Tower,0,0,5,4,9,0,10,53,0,63,0,10,58,4,72,132,4,136,208
02/05/2009,HUT,KS,ACE,CE,Federal Contract Tower,0,0,8,10,18,0,6,37,2,45,0,6,45,12,63,67,22,89,152
02/06/2009,HUT,KS,ACE,CE,Federal Contract Tower,0,0,3,2,5,0,6,20,2,28,0,6,23,4,33,72,4,76,109
02/07/2009,HUT,KS,ACE,CE,Federal Contract Tower,0,0,7,0,7,0,6,57,2,65,0,6,64,2,72,140,0,140,212
02/08/2009,HUT,KS,ACE,CE,Federal Contract Tower,0,2,5,0,7,0,0,7,0,7,0,2,12,0,14,0,0,0,14
02/09/2009,HUT,KS,ACE,CE,Federal Contract Tower,0,0,1,6,7,0,2,4,0,6,0,2,5,6,13,45,12,57,70
02/10/2009,HUT,KS,ACE,CE,Federal Contract Tower,0,5,5,12,22,0,4,21,0,25,0,9,26,12,47,112,23,135,182
02/11/2009,HUT,KS,ACE,CE,Federal Contract Tower,0,2,7,6,15,0,4,19,0,23,0,6,26,6,38,92,16,108,146
02/12/2009,HUT,KS,ACE,CE,Federal Contract Tower,0,0,4,10,14,0,6,30,0,36,0,6,34,10,50,108,10,118,168
02/13/2009,HUT,KS,ACE,CE,Federal Contract Tower,0,0,6,8,14,0,4,11,0,15,0,4,17,8,29,74,18,92,121
02/14/2009,HUT,KS,ACE,CE,Federal Contract Tower,0,1,0,0,1,0,4,58,0,62,0,5,58,0,63,104,0,104,167
02/15/2009,HUT,KS,ACE,CE,Federal Contract Tower,0,0,3,0,3,0,0,24,0,24,0,0,27,0,27,42,0,42,69
02/16/2009,HUT,KS,ACE,CE,Federal Contract Tower,0,0,8,0,8,0,2,24,2,28,0,2,32,2,36,79,4,83,119
02/17/2009,HUT,KS,ACE,CE,Federal Contract Tower,0,0,5,8,13,0,4,13,0,17,0,4,18,8,30,68,8,76,106
02/18/2009,HUT,KS,ACE,CE,Federal Contract Tower,0,0,3,6,9,0,2,15,0,17,0,2,18,6,26,80,6,86,112
02/19/2009,HUT,KS,ACE,CE,Federal Contract Tower,0,0,8,4,12,0,21,39,0,60,0,21,47,4,72,78,6,84,156
02/20/2009,HUT,KS,ACE,CE,Federal Contract Tower,0,4,2,3,9,0,6,23,2,31,0,10,25,5,40,110,2,112,152
02/21/2009,HUT,KS,ACE,CE,Federal Contract Tower,0,0,3,0,3,0,6,22,0,28,0,6,25,0,31,6,0,6,37
02/22/2009,HUT,KS,ACE,CE,Federal Contract Tower,0,0,1,0,1,0,2,25,0,27,0,2,26,0,28,60,0,60,88
02/23/2009,HUT,KS,ACE,CE,Federal Contract Tower,0,0,6,7,13,0,8,9,1,18,0,8,15,8,31,85,63,148,179
02/24/2009,HUT,KS,ACE,CE,Federal Contract Tower,0,0,7,11,18,0,2,43,21,66,0,2,50,32,84,82,50,132,216
02/25/2009,HUT,KS,ACE,CE,Federal Contract Tower,0,9,11,10,30,0,8,29,3,40,0,17,40,13,70,102,49,151,221
02/26/2009,HUT,KS,ACE,CE,Federal Contract Tower,0,2,9,5,16,0,4,8,0,12,0,6,17,5,28,82,7,89,117
02/27/2009,HUT,KS,ACE,CE,Federal Contract Tower,0,7,9,2,18,0,8,8,0,16,0,15,17,2,34,110,0,110,144
02/28/2009,HUT,KS,ACE,CE,Federal Contract Tower,0,0,6,0,6,0,12,8,0,20,0,12,14,0,26,50,0,50,76
03/01/2009,HUT,KS,ACE,CE,Federal Contract Tower,0,0,1,0,1,0,4,26,0,30,0,4,27,0,31,112,0,112,143
03/02/2009,HUT,KS,ACE,CE,Federal Contract Tower,0,1,11,0,12,0,12,32,0,44,0,13,43,0,56,72,0,72,128
03/03/2009,HUT,KS,ACE,CE,Federal Contract Tower,0,0,8,4,12,0,4,34,0,38,0,4,42,4,50,51,10,61,111
03/04/2009,HUT,KS,ACE,CE,Federal Contract Tower,0,2,7,9,18,0,4,20,3,27,0,6,27,12,45,64,64,128,173
03/05/2009,HUT,KS,ACE,CE,Federal Contract Tower,0,0,7,4,11,0,12,15,0,27,0,12,22,4,38,77,14,91,129
03/06/2009,HUT,KS,ACE,CE,Federal Contract Tower,0,0,14,4,18,0,12,32,0,44,0,12,46,4,62,80,10,90,152
03/07/2009,HUT,KS,ACE,CE,Federal Contract Tower,0,0,8,2,10,0,4,0,0,4,0,4,8,2,14,4,16,20,34
03/08/2009,HUT,KS,ACE,CE,Federal Contract Tower,0,0,2,1,3,0,0,32,1,33,0,0,34,2,36,96,0,96,132
03/09/2009,HUT,KS,ACE,CE,Federal Contract Tower,0,2,7,6,15,0,6,14,0,20,0,8,21,6,35,66,10,76,111
03/10/2009,HUT,KS,ACE,CE,Federal Contract Tower,0,10,10,2,22,0,0,0,0,0,0,10,10,2,22,6,2,8,30
03/11/2009,HUT,KS,ACE,CE,Federal Contract Tower,0,1,8,6,15,0,0,18,0,18,0,1,26,6,33,81,31,112,145
03/12/2009,HUT,KS,ACE,CE,Federal Contract Tower,0,0,8,8,16,0,18,28,2,48,0,18,36,10,64,90,10,100,164
03/13/2009,HUT,KS,ACE,CE,Federal Contract Tower,0,5,5,8,18,0,0,1,0,1,0,5,6,8,19,0,2,2,21
03/14/2009,HUT,KS,ACE,CE,Federal Contract Tower,0,0,7,0,7,0,10,40,0,50,0,10,47,0,57,106,0,106,163
03/15/2009,HUT,KS,ACE,CE,Federal Contract Tower,0,2,13,0,15,0,0,29,0,29,0,2,42,0,44,84,0,84,128
03/16/2009,HUT,KS,ACE,CE,Federal Contract Tower,0,0,17,16,33,0,8,35,2,45,0,8,52,18,78,100,20,120,198
03/17/2009,HUT,KS,ACE,CE,Federal Contract Tower,0,0,16,8,24,0,0,26,0,26,0,0,42,8,50,79,23,102,152
03/18/2009,HUT,KS,ACE,CE,Federal Contract Tower,0,0,8,8,16,0,9,32,0,41,0,9,40,8,57,93,10,103,160
03/19/2009,HUT,KS,ACE,CE,Federal Contract Tower,0,0,7,6,13,0,8,15,0,23,0,8,22,6,36,84,4,88,124
03/20/2009,HUT,KS,ACE,CE,Federal Contract Tower,0,2,8,4,14,0,6,6,2,14,0,8,14,6,28,132,12,144,172
03/21/2009,HUT,KS,ACE,CE,Federal Contract Tower,0,0,9,0,9,0,5,21,0,26,0,5,30,0,35,74,0,74,109
03/22/2009,HUT,KS,ACE,CE,Federal Contract Tower,0,0,2,0,2,0,6,16,0,22,0,6,18,0,24,0,0,0,24
03/23/2009,HUT,KS,ACE,CE,Federal Contract Tower,0,0,5,0,5,0,4,1,0,5,0,4,6,0,10,0,0,0,10
03/24/2009,HUT,KS,ACE,CE,Federal Contract Tower,0,0,2,0,2,0,0,26,0,26,0,0,28,0,28,38,0,38,66
03/25/2009,HUT,KS,ACE,CE,Federal Contract Tower,0,0,4,0,4,0,6,35,0,41,0,6,39,0,45,180,0,180,225
03/26/2009,HUT,KS,ACE,CE,Federal Contract Tower,0,0,13,2,15,0,10,26,0,36,0,10,39,2,51,84,2,86,137
03/27/2009,HUT,KS,ACE,CE,Federal Contract Tower,0,0,0,0,0,0,0,0,0,0,0,0,0,0,0,11,0,11,11
03/28/2009,HUT,KS,ACE,CE,Federal Contract Tower,0,0,0,0,0,0,0,0,0,0,0,0,0,0,0,0,0,0,0
03/29/2009,HUT,KS,ACE,CE,Federal Contract Tower,0,3,0,0,3,0,1,10,0,11,0,4,10,0,14,2,0,2,16
03/30/2009,HUT,KS,ACE,CE,Federal Contract Tower,0,0,6,10,16,0,3,0,0,3,0,3,6,10,19,26,8,34,53
03/31/2009,HUT,KS,ACE,CE,Federal Contract Tower,0,2,9,0,11,0,9,7,0,16,0,11,16,0,27,17,0,17,44
04/01/2009,HUT,KS,ACE,CE,Federal Contract Tower,0,0,4,0,4,0,9,24,0,33,0,9,28,0,37,119,0,119,156
04/02/2009,HUT,KS,ACE,CE,Federal Contract Tower,0,0,8,0,8,0,2,5,2,9,0,2,13,2,17,38,0,38,55
04/03/2009,HUT,KS,ACE,CE,Federal Contract Tower,0,0,18,2,20,0,0,27,1,28,0,0,45,3,48,100,0,100,148
04/04/2009,HUT,KS,ACE,CE,Federal Contract Tower,0,0,1,0,1,0,1,3,0,4,0,1,4,0,5,0,0,0,5
04/05/2009,HUT,KS,ACE,CE,Federal Contract Tower,0,0,1,0,1,0,1,1,0,2,0,1,2,0,3,0,0,0,3
04/06/2009,HUT,KS,ACE,CE,Federal Contract Tower,0,0,3,0,3,0,0,10,2,12,0,0,13,2,15,0,0,0,15
04/07/2009,HUT,KS,ACE,CE,Federal Contract Tower,0,0,16,2,18,0,0,13,0,13,0,0,29,2,31,59,5,64,95
04/08/2009,HUT,KS,ACE,CE,Federal Contract Tower,0,0,7,2,9,0,2,30,0,32,0,2,37,2,41,90,0,90,131
04/09/2009,HUT,KS,ACE,CE,Federal Contract Tower,0,3,12,0,15,0,1,2,0,3,0,4,14,0,18,100,0,100,118
04/10/2009,HUT,KS,ACE,CE,Federal Contract Tower,0,0,7,0,7,0,2,21,0,23,0,2,28,0,30,88,0,88,118
04/11/2009,HUT,KS,ACE,CE,Federal Contract Tower,0,0,17,0,17,0,0,23,0,23,0,0,40,0,40,108,0,108,148
04/12/2009,HUT,KS,ACE,CE,Federal Contract Tower,0,0,2,0,2,0,0,0,0,0,0,0,2,0,2,0,0,0,2
04/13/2009,HUT,KS,ACE,CE,Federal Contract Tower,0,0,11,2,13,0,1,17,0,18,0,1,28,2,31,64,0,64,95
04/14/2009,HUT,KS,ACE,CE,Federal Contract Tower,0,0,17,0,17,0,0,38,0,38,0,0,55,0,55,61,0,61,116
04/15/2009,HUT,KS,ACE,CE,Federal Contract Tower,0,2,10,4,16,0,0,10,0,10,0,2,20,4,26,144,0,144,170
04/16/2009,HUT,KS,ACE,CE,Federal Contract Tower,0,2,9,0,11,0,2,6,0,8,0,4,15,0,19,98,0,98,117
04/17/2009,HUT,KS,ACE,CE,Federal Contract Tower,0,2,0,0,2,0,2,7,0,9,0,4,7,0,11,54,0,54,65
04/18/2009,HUT,KS,ACE,CE,Federal Contract Tower,0,0,8,0,8,0,0,12,0,12,0,0,20,0,20,60,0,60,80
04/19/2009,HUT,KS,ACE,CE,Federal Contract Tower,0,1,4,0,5,0,2,9,0,11,0,3,13,0,16,2,0,2,18
04/20/2009,HUT,KS,ACE,CE,Federal Contract Tower,0,0,6,0,6,0,0,50,0,50,0,0,56,0,56,83,0,83,139
04/21/2009,HUT,KS,ACE,CE,Federal Contract Tower,0,0,9,0,9,0,4,41,0,45,0,4,50,0,54,65,0,65,119
04/22/2009,HUT,KS,ACE,CE,Federal Contract Tower,0,2,14,0,16,0,2,23,0,25,0,4,37,0,41,169,0,169,210
04/23/2009,HUT,KS,ACE,CE,Federal Contract Tower,0,2,19,0,21,0,0,29,0,29,0,2,48,0,50,140,0,140,190
04/24/2009,HUT,KS,ACE,CE,Federal Contract Tower,0,6,5,0,11,0,2,5,0,7,0,8,10,0,18,114,0,114,132
04/25/2009,HUT,KS,ACE,CE,Federal Contract Tower,0,2,5,0,7,0,4,7,0,11,0,6,12,0,18,24,0,24,42
04/26/2009,HUT,KS,ACE,CE,Federal Contract Tower,0,0,1,0,1,0,0,0,0,0,0,0,1,0,1,0,0,0,1
04/27/2009,HUT,KS,ACE,CE,Federal Contract Tower,0,6,9,7,22,0,0,1,1,2,0,6,10,8,24,2,10,12,36
04/28/2009,HUT,KS,ACE,CE,Federal Contract Tower,0,0,17,1,18,0,0,36,1,37,0,0,53,2,55,52,0,52,107
04/29/2009,HUT,KS,ACE,CE,Federal Contract Tower,0,2,6,2,10,0,1,7,0,8,0,3,13,2,18,46,0,46,64
04/30/2009,HUT,KS,ACE,CE,Federal Contract Tower,0,3,4,0,7,0,3,10,0,13,0,6,14,0,20,69,0,69,89
05/01/2009,HUT,KS,ACE,CE,Federal Contract Tower,0,0,10,2,12,0,0,13,0,13,0,0,23,2,25,62,6,68,93
05/02/2009,HUT,KS,ACE,CE,Federal Contract Tower,0,0,6,0,6,0,2,15,0,17,0,2,21,0,23,6,0,6,29
05/03/2009,HUT,KS,ACE,CE,Federal Contract Tower,0,0,7,0,7,0,0,9,0,9,0,0,16,0,16,24,0,24,40
05/04/2009,HUT,KS,ACE,CE,Federal Contract Tower,0,0,11,2,13,0,2,23,2,27,0,2,34,4,40,66,0,66,106
05/05/2009,HUT,KS,ACE,CE,Federal Contract Tower,0,2,14,0,16,0,0,3,0,3,0,2,17,0,19,43,0,43,62
05/06/2009,HUT,KS,ACE,CE,Federal Contract Tower,0,1,12,0,13,0,10,12,2,24,0,11,24,2,37,220,0,220,257
05/07/2009,HUT,KS,ACE,CE,Federal Contract Tower,0,3,17,0,20,0,1,40,0,41,0,4,57,0,61,106,0,106,167
05/08/2009,HUT,KS,ACE,CE,Federal Contract Tower,0,4,8,0,12,0,4,26,0,30,0,8,34,0,42,110,0,110,152
05/09/2009,HUT,KS,ACE,CE,Federal Contract Tower,0,0,5,0,5,0,2,45,0,47,0,2,50,0,52,62,0,62,114
05/10/2009,HUT,KS,ACE,CE,Federal Contract Tower,0,0,3,0,3,0,0,4,0,4,0,0,7,0,7,18,0,18,25
05/11/2009,HUT,KS,ACE,CE,Federal Contract Tower,0,0,11,6,17,0,8,28,2,38,0,8,39,8,55,74,4,78,133
05/12/2009,HUT,KS,ACE,CE,Federal Contract Tower,0,4,11,0,15,0,0,0,0,0,0,4,11,0,15,27,0,27,42
05/13/2009,HUT,KS,ACE,CE,Federal Contract Tower,0,0,12,0,12,0,10,24,0,34,0,10,36,0,46,176,0,176,222
05/14/2009,HUT,KS,ACE,CE,Federal Contract Tower,0,0,7,0,7,0,6,35,0,41,0,6,42,0,48,168,0,168,216
05/15/2009,HUT,KS,ACE,CE,Federal Contract Tower,0,0,6,0,6,0,4,4,0,8,0,4,10,0,14,30,0,30,44
05/16/2009,HUT,KS,ACE,CE,Federal Contract Tower,0,0,4,0,4,0,4,33,0,37,0,4,37,0,41,56,0,56,97
05/17/2009,HUT,KS,ACE,CE,Federal Contract Tower,0,0,3,0,3,0,4,30,4,38,0,4,33,4,41,26,0,26,67
05/18/2009,HUT,KS,ACE,CE,Federal Contract Tower,0,0,8,0,8,0,2,40,0,42,0,2,48,0,50,88,0,88,138
05/19/2009,HUT,KS,ACE,CE,Federal Contract Tower,0,2,11,0,13,0,3,38,0,41,0,5,49,0,54,96,0,96,150
05/20/2009,HUT,KS,ACE,CE,Federal Contract Tower,0,0,7,5,12,0,0,49,1,50,0,0,56,6,62,202,0,202,264
05/21/2009,HUT,KS,ACE,CE,Federal Contract Tower,0,2,7,2,11,0,4,43,0,47,0,6,50,2,58,140,4,144,202
05/22/2009,HUT,KS,ACE,CE,Federal Contract Tower,0,2,11,0,13,0,3,33,0,36,0,5,44,0,49,150,0,150,199
05/23/2009,HUT,KS,ACE,CE,Federal Contract Tower,0,0,8,0,8,0,2,31,0,33,0,2,39,0,41,78,0,78,119
05/24/2009,HUT,KS,ACE,CE,Federal Contract Tower,0,0,4,0,4,0,0,20,0,20,0,0,24,0,24,34,0,34,58
05/25/2009,HUT,KS,ACE,CE,Federal Contract Tower,0,0,2,0,2,0,0,8,0,8,0,0,10,0,10,0,0,0,10
05/26/2009,HUT,KS,ACE,CE,Federal Contract Tower,0,0,7,6,13,0,0,25,0,25,0,0,32,6,38,67,0,67,105
05/27/2009,HUT,KS,ACE,CE,Federal Contract Tower,0,2,13,0,15,0,2,7,0,9,0,4,20,0,24,0,0,0,24
05/28/2009,HUT,KS,ACE,CE,Federal Contract Tower,0,4,8,8,20,0,8,53,5,66,0,12,61,13,86,83,6,89,175
05/29/2009,HUT,KS,ACE,CE,Federal Contract Tower,0,0,10,2,12,0,2,49,2,53,0,2,59,4,65,74,0,74,139
05/30/2009,HUT,KS,ACE,CE,Federal Contract Tower,0,0,6,0,6,0,1,39,0,40,0,1,45,0,46,54,0,54,100
05/31/2009,HUT,KS,ACE,CE,Federal Contract Tower,0,0,1,0,1,0,0,19,0,19,0,0,20,0,20,4,0,4,24
06/01/2009,HUT,KS,ACE,CE,Federal Contract Tower,0,0,13,7,20,0,1,26,5,32,0,1,39,12,52,8,10,18,70
06/02/2009,HUT,KS,ACE,CE,Federal Contract Tower,0,2,9,0,11,0,0,29,0,29,0,2,38,0,40,65,0,65,105
06/03/2009,HUT,KS,ACE,CE,Federal Contract Tower,0,2,8,2,12,0,0,18,0,18,0,2,26,2,30,180,0,180,210
06/04/2009,HUT,KS,ACE,CE,Federal Contract Tower,0,1,7,7,15,0,4,31,1,36,0,5,38,8,51,138,2,140,191
06/05/2009,HUT,KS,ACE,CE,Federal Contract Tower,0,1,4,0,5,0,2,36,4,42,0,3,40,4,47,131,8,139,186
06/06/2009,HUT,KS,ACE,CE,Federal Contract Tower,0,2,6,0,8,0,4,32,0,36,0,6,38,0,44,76,0,76,120
06/07/2009,HUT,KS,ACE,CE,Federal Contract Tower,0,2,3,0,5,0,0,21,0,21,0,2,24,0,26,48,0,48,74
06/08/2009,HUT,KS,ACE,CE,Federal Contract Tower,0,0,13,0,13,0,2,24,0,26,0,2,37,0,39,97,0,97,136
06/09/2009,HUT,KS,ACE,CE,Federal Contract Tower,0,0,10,0,10,0,0,30,0,30,0,0,40,0,40,71,0,71,111
06/10/2009,HUT,KS,ACE,CE,Federal Contract Tower,0,0,14,0,14,0,0,4,0,4,0,0,18,0,18,122,0,122,140
06/11/2009,HUT,KS,ACE,CE,Federal Contract Tower,0,8,19,0,27,0,4,15,0,19,0,12,34,0,46,138,0,138,184
06/12/2009,HUT,KS,ACE,CE,Federal Contract Tower,0,0,14,0,14,0,6,26,0,32,0,6,40,0,46,78,0,78,124
06/13/2009,HUT,KS,ACE,CE,Federal Contract Tower,0,0,4,0,4,0,2,36,0,38,0,2,40,0,42,92,0,92,134
06/14/2009,HUT,KS,ACE,CE,Federal Contract Tower,0,0,6,0,6,0,2,17,0,19,0,2,23,0,25,12,0,12,37
06/15/2009,HUT,KS,ACE,CE,Federal Contract Tower,0,2,8,0,10,0,7,23,0,30,0,9,31,0,40,59,0,59,99
06/16/2009,HUT,KS,ACE,CE,Federal Contract Tower,0,1,13,0,14,0,9,35,0,44,0,10,48,0,58,38,0,38,96
06/17/2009,HUT,KS,ACE,CE,Federal Contract Tower,0,0,7,0,7,0,4,31,6,41,0,4,38,6,48,138,0,138,186
06/18/2009,HUT,KS,ACE,CE,Federal Contract Tower,0,0,7,0,7,0,10,40,2,52,0,10,47,2,59,140,0,140,199
06/19/2009,HUT,KS,ACE,CE,Federal Contract Tower,0,2,11,1,14,0,12,32,1,45,0,14,43,2,59,124,2,126,185
06/20/2009,HUT,KS,ACE,CE,Federal Contract Tower,0,0,1,0,1,0,4,0,0,4,0,4,1,0,5,28,0,28,33
06/21/2009,HUT,KS,ACE,CE,Federal Contract Tower,0,0,2,1,3,0,5,26,1,32,0,5,28,2,35,10,0,10,45
06/22/2009,HUT,KS,ACE,CE,Federal Contract Tower,0,0,7,0,7,0,4,68,4,76,0,4,75,4,83,144,0,144,227
06/23/2009,HUT,KS,ACE,CE,Federal Contract Tower,0,1,6,2,9,0,1,49,0,50,0,2,55,2,59,69,0,69,128
06/24/2009,HUT,KS,ACE,CE,Federal Contract Tower,0,0,5,0,5,0,8,38,0,46,0,8,43,0,51,219,0,219,270
06/25/2009,HUT,KS,ACE,CE,Federal Contract Tower,0,4,9,14,27,0,3,60,0,63,0,7,69,14,90,160,14,174,264
06/26/2009,HUT,KS,ACE,CE,Federal Contract Tower,0,0,13,0,13,0,2,34,2,38,0,2,47,2,51,92,2,94,145
06/27/2009,HUT,KS,ACE,CE,Federal Contract Tower,0,0,10,0,10,0,2,25,0,27,0,2,35,0,37,32,0,32,69
06/28/2009,HUT,KS,ACE,CE,Federal Contract Tower,0,0,10,0,10,0,2,49,0,51,0,2,59,0,61,36,0,36,97
06/29/2009,HUT,KS,ACE,CE,Federal Contract Tower,0,0,6,5,11,0,0,27,0,27,0,0,33,5,38,104,14,118,156
06/30/2009,HUT,KS,ACE,CE,Federal Contract Tower,0,0,9,15,24,0,4,37,4,45,0,4,46,19,69,78,29,107,176
07/01/2009,HUT,KS,ACE,CE,Federal Contract Tower,0,0,15,2,17,0,0,33,4,37,0,0,48,6,54,147,4,151,205
07/02/2009,HUT,KS,ACE,CE,Federal Contract Tower,0,2,8,0,10,0,0,27,0,27,0,2,35,0,37,100,0,100,137
07/03/2009,HUT,KS,ACE,CE,Federal Contract Tower,0,0,7,0,7,0,2,30,0,32,0,2,37,0,39,94,0,94,133
07/04/2009,HUT,KS,ACE,CE,Federal Contract Tower,0,0,3,0,3,0,0,16,0,16,0,0,19,0,19,42,0,42,61
07/05/2009,HUT,KS,ACE,CE,Federal Contract Tower,0,0,7,0,7,0,0,21,0,21,0,0,28,0,28,32,0,32,60
07/06/2009,HUT,KS,ACE,CE,Federal Contract Tower,0,0,2,0,2,0,4,21,0,25,0,4,23,0,27,84,0,84,111
07/07/2009,HUT,KS,ACE,CE,Federal Contract Tower,0,0,4,9,13,0,2,50,9,61,0,2,54,18,74,87,8,95,169
07/08/2009,HUT,KS,ACE,CE,Federal Contract Tower,0,0,20,0,20,0,2,34,0,36,0,2,54,0,56,131,0,131,187
07/09/2009,HUT,KS,ACE,CE,Federal Contract Tower,0,0,11,7,18,0,8,32,4,44,0,8,43,11,62,111,11,122,184
07/10/2009,HUT,KS,ACE,CE,Federal Contract Tower,0,0,7,8,15,0,1,32,0,33,0,1,39,8,48,146,10,156,204
07/11/2009,HUT,KS,ACE,CE,Federal Contract Tower,0,0,2,0,2,0,0,5,0,5,0,0,7,0,7,0,0,0,7
07/12/2009,HUT,KS,ACE,CE,Federal Contract Tower,0,0,5,0,5,0,2,21,0,23,0,2,26,0,28,24,0,24,52
07/13/2009,HUT,KS,ACE,CE,Federal Contract Tower,0,0,8,9,17,0,2,36,2,40,0,2,44,11,57,73,36,109,166
07/14/2009,HUT,KS,ACE,CE,Federal Contract Tower,0,0,6,8,14,0,0,11,1,12,0,0,17,9,26,71,0,71,97
07/15/2009,HUT,KS,ACE,CE,Federal Contract Tower,0,0,4,8,12,0,0,25,0,25,0,0,29,8,37,89,15,104,141
07/16/2009,HUT,KS,ACE,CE,Federal Contract Tower,0,0,3,2,5,0,0,41,4,45,0,0,44,6,50,76,0,76,126
07/17/2009,HUT,KS,ACE,CE,Federal Contract Tower,0,4,5,0,9,0,2,39,0,41,0,6,44,0,50,56,0,56,106
07/18/2009,HUT,KS,ACE,CE,Federal Contract Tower,0,0,12,0,12,0,2,38,0,40,0,2,50,0,52,96,0,96,148
07/19/2009,HUT,KS,ACE,CE,Federal Contract Tower,0,0,2,0,2,0,0,42,2,44,0,0,44,2,46,16,0,16,62
07/20/2009,HUT,KS,ACE,CE,Federal Contract Tower,0,4,3,2,9,0,0,53,0,53,0,4,56,2,62,68,4,72,134
07/21/2009,HUT,KS,ACE,CE,Federal Contract Tower,0,0,14,10,24,0,2,29,0,31,0,2,43,10,55,105,18,123,178
07/22/2009,HUT,KS,ACE,CE,Federal Contract Tower,0,1,11,11,23,0,2,54,7,63,0,3,65,18,86,104,28,132,218
07/23/2009,HUT,KS,ACE,CE,Federal Contract Tower,0,3,14,12,29,0,6,46,0,52,0,9,60,12,81,94,38,132,213
07/24/2009,HUT,KS,ACE,CE,Federal Contract Tower,0,1,9,0,10,0,0,25,0,25,0,1,34,0,35,86,0,86,121
07/25/2009,HUT,KS,ACE,CE,Federal Contract Tower,0,0,3,0,3,0,0,76,0,76,0,0,79,0,79,50,0,50,129
07/26/2009,HUT,KS,ACE,CE,Federal Contract Tower,0,0,8,4,12,0,0,68,0,68,0,0,76,4,80,22,22,44,124
07/27/2009,HUT,KS,ACE,CE,Federal Contract Tower,0,0,7,4,11,0,1,13,0,14,0,1,20,4,25,6,10,16,41
07/28/2009,HUT,KS,ACE,CE,Federal Contract Tower,0,4,10,2,16,0,0,6,0,6,0,4,16,2,22,8,2,10,32
07/29/2009,HUT,KS,ACE,CE,Federal Contract Tower,0,0,16,12,28,0,4,31,4,39,0,4,47,16,67,100,36,136,203
07/30/2009,HUT,KS,ACE,CE,Federal Contract Tower,0,2,8,9,19,0,2,35,1,38,0,4,43,10,57,79,22,101,158
07/31/2009,HUT,KS,ACE,CE,Federal Contract Tower,0,0,6,0,6,0,10,35,0,45,0,10,41,0,51,140,0,140,191
08/01/2009,HUT,KS,ACE,CE,Federal Contract Tower,0,0,3,0,3,0,2,30,0,32,0,2,33,0,35,22,0,22,57
08/02/2009,HUT,KS,ACE,CE,Federal Contract Tower,0,0,5,0,5,0,0,50,0,50,0,0,55,0,55,12,0,12,67
08/03/2009,HUT,KS,ACE,CE,Federal Contract Tower,0,1,5,0,6,0,0,35,0,35,0,1,40,0,41,66,0,66,107
08/04/2009,HUT,KS,ACE,CE,Federal Contract Tower,0,0,6,0,6,0,0,19,2,21,0,0,25,2,27,63,0,63,90
08/05/2009,HUT,KS,ACE,CE,Federal Contract Tower,0,1,23,2,26,0,2,13,0,15,0,3,36,2,41,46,0,46,87
08/06/2009,HUT,KS,ACE,CE,Federal Contract Tower,0,0,12,0,12,0,0,18,0,18,0,0,30,0,30,2,0,2,32
08/07/2009,HUT,KS,ACE,CE,Federal Contract Tower,0,0,5,0,5,0,2,18,0,20,0,2,23,0,25,45,0,45,70
08/08/2009,HUT,KS,ACE,CE,Federal Contract Tower,0,0,5,0,5,0,3,22,0,25,0,3,27,0,30,12,0,12,42
08/09/2009,HUT,KS,ACE,CE,Federal Contract Tower,0,0,6,2,8,0,0,14,0,14,0,0,20,2,22,4,0,4,26
08/10/2009,HUT,KS,ACE,CE,Federal Contract Tower,0,0,4,0,4,0,0,18,3,21,0,0,22,3,25,147,0,147,172
08/11/2009,HUT,KS,ACE,CE,Federal Contract Tower,0,0,10,2,12,0,8,29,2,39,0,8,39,4,51,160,0,160,211
08/12/2009,HUT,KS,ACE,CE,Federal Contract Tower,0,2,7,0,9,0,0,34,1,35,0,2,41,1,44,83,0,83,127
08/13/2009,HUT,KS,ACE,CE,Federal Contract Tower,0,0,9,3,12,0,0,32,1,33,0,0,41,4,45,42,10,52,97
08/14/2009,HUT,KS,ACE,CE,Federal Contract Tower,0,1,7,0,8,0,0,36,0,36,0,1,43,0,44,74,0,74,118
08/15/2009,HUT,KS,ACE,CE,Federal Contract Tower,0,0,9,2,11,0,2,30,0,32,0,2,39,2,43,48,4,52,95
08/16/2009,HUT,KS,ACE,CE,Federal Contract Tower,0,1,6,2,9,0,0,21,0,21,0,1,27,2,30,16,0,16,46
08/17/2009,HUT,KS,ACE,CE,Federal Contract Tower,0,1,7,0,8,0,0,0,0,0,0,1,7,0,8,0,0,0,8
08/18/2009,HUT,KS,ACE,CE,Federal Contract Tower,0,0,14,0,14,0,1,12,0,13,0,1,26,0,27,22,0,22,49
08/19/2009,HUT,KS,ACE,CE,Federal Contract Tower,0,0,8,0,8,0,1,19,0,20,0,1,27,0,28,38,0,38,66
08/20/2009,HUT,KS,ACE,CE,Federal Contract Tower,0,0,8,2,10,0,2,21,2,25,0,2,29,4,35,38,0,38,73
08/21/2009,HUT,KS,ACE,CE,Federal Contract Tower,0,0,15,0,15,0,5,47,0,52,0,5,62,0,67,72,0,72,139
08/22/2009,HUT,KS,ACE,CE,Federal Contract Tower,0,2,0,2,4,0,1,38,0,39,0,3,38,2,43,20,0,20,63
08/23/2009,HUT,KS,ACE,CE,Federal Contract Tower,0,0,0,0,0,0,2,23,0,25,0,2,23,0,25,2,0,2,27
08/24/2009,HUT,KS,ACE,CE,Federal Contract Tower,0,0,7,0,7,0,2,25,0,27,0,2,32,0,34,24,0,24,58
08/25/2009,HUT,KS,ACE,CE,Federal Contract Tower,0,3,9,2,14,0,2,16,0,18,0,5,25,2,32,28,0,28,60
08/26/2009,HUT,KS,ACE,CE,Federal Contract Tower,0,4,13,0,17,0,2,15,0,17,0,6,28,0,34,36,0,36,70
08/27/2009,HUT,KS,ACE,CE,Federal Contract Tower,0,2,8,2,12,0,2,8,6,16,0,4,16,8,28,73,0,73,101
08/28/2009,HUT,KS,ACE,CE,Federal Contract Tower,0,0,8,0,8,0,17,42,0,59,0,17,50,0,67,108,0,108,175
08/29/2009,HUT,KS,ACE,CE,Federal Contract Tower,0,0,5,0,5,0,3,27,0,30,0,3,32,0,35,38,0,38,73
08/30/2009,HUT,KS,ACE,CE,Federal Contract Tower,0,0,3,0,3,0,2,20,0,22,0,2,23,0,25,51,0,51,76
08/31/2009,HUT,KS,ACE,CE,Federal Contract Tower,0,0,11,0,11,0,0,41,0,41,0,0,52,0,52,66,0,66,118
09/01/2009,HUT,KS,ACE,CE,Federal Contract Tower,0,2,11,0,13,0,2,25,0,27,0,4,36,0,40,46,0,46,86
09/02/2009,HUT,KS,ACE,CE,Federal Contract Tower,0,6,1,0,7,0,0,11,0,11,0,6,12,0,18,32,0,32,50
09/03/2009,HUT,KS,ACE,CE,Federal Contract Tower,0,0,11,0,11,0,4,16,0,20,0,4,27,0,31,4,0,4,35
09/04/2009,HUT,KS,ACE,CE,Federal Contract Tower,0,0,12,0,12,0,2,4,2,8,0,2,16,2,20,76,6,82,102
09/05/2009,HUT,KS,ACE,CE,Federal Contract Tower,0,0,14,0,14,0,0,14,0,14,0,0,28,0,28,28,0,28,56
09/06/2009,HUT,KS,ACE,CE,Federal Contract Tower,0,0,12,0,12,0,1,18,0,19,0,1,30,0,31,8,0,8,39
09/07/2009,HUT,KS,ACE,CE,Federal Contract Tower,0,0,2,0,2,0,0,17,0,17,0,0,19,0,19,2,0,2,21
09/08/2009,HUT,KS,ACE,CE,Federal Contract Tower,0,4,7,1,12,0,0,0,1,1,0,4,7,2,13,0,0,0,13
09/09/2009,HUT,KS,ACE,CE,Federal Contract Tower,0,0,8,0,8,0,2,2,0,4,0,2,10,0,12,32,0,32,44
09/10/2009,HUT,KS,ACE,CE,Federal Contract Tower,0,0,13,0,13,0,4,19,0,23,0,4,32,0,36,20,0,20,56
09/11/2009,HUT,KS,ACE,CE,Federal Contract Tower,0,3,19,0,22,0,0,14,0,14,0,3,33,0,36,34,0,34,70
09/12/2009,HUT,KS,ACE,CE,Federal Contract Tower,0,1,13,0,14,0,0,13,4,17,0,1,26,4,31,124,2,126,157
09/13/2009,HUT,KS,ACE,CE,Federal Contract Tower,0,2,5,0,7,0,0,18,0,18,0,2,23,0,25,118,0,118,143
09/14/2009,HUT,KS,ACE,CE,Federal Contract Tower,0,0,12,2,14,0,2,32,0,34,0,2,44,2,48,46,0,46,94
09/15/2009,HUT,KS,ACE,CE,Federal Contract Tower,0,0,15,0,15,0,0,26,4,30,0,0,41,4,45,46,0,46,91
09/16/2009,HUT,KS,ACE,CE,Federal Contract Tower,0,5,7,2,14,0,5,21,2,28,0,10,28,4,42,26,0,26,68
09/17/2009,HUT,KS,ACE,CE,Federal Contract Tower,0,1,13,0,14,0,4,36,0,40,0,5,49,0,54,103,0,103,157
09/18/2009,HUT,KS,ACE,CE,Federal Contract Tower,0,3,10,0,13,0,16,27,2,45,0,19,37,2,58,77,6,83,141
09/19/2009,HUT,KS,ACE,CE,Federal Contract Tower,0,0,9,0,9,0,0,35,0,35,0,0,44,0,44,10,0,10,54
09/20/2009,HUT,KS,ACE,CE,Federal Contract Tower,0,0,14,0,14,0,0,22,0,22,0,0,36,0,36,4,0,4,40
09/21/2009,HUT,KS,ACE,CE,Federal Contract Tower,0,3,7,0,10,0,0,6,0,6,0,3,13,0,16,0,0,0,16
09/22/2009,HUT,KS,ACE,CE,Federal Contract Tower,0,0,12,4,16,0,0,17,2,19,0,0,29,6,35,6,0,6,41
09/23/2009,HUT,KS,ACE,CE,Federal Contract Tower,0,1,14,1,16,0,2,28,1,31,0,3,42,2,47,37,0,37,84
09/24/2009,HUT,KS,ACE,CE,Federal Contract Tower,0,3,6,0,9,0,1,26,2,29,0,4,32,2,38,14,0,14,52
09/25/2009,HUT,KS,ACE,CE,Federal Contract Tower,0,2,4,2,8,0,0,5,2,7,0,2,9,4,15,2,0,2,17
09/26/2009,HUT,KS,ACE,CE,Federal Contract Tower,0,0,5,4,9,0,0,51,0,51,0,0,56,4,60,75,0,75,135
09/27/2009,HUT,KS,ACE,CE,Federal Contract Tower,0,0,10,0,10,0,0,25,0,25,0,0,35,0,35,0,0,0,35
09/28/2009,HUT,KS,ACE,CE,Federal Contract Tower,0,1,5,4,10,0,2,19,0,21,0,3,24,4,31,108,2,110,141
09/29/2009,HUT,KS,ACE,CE,Federal Contract Tower,0,0,7,0,7,0,4,32,4,40,0,4,39,4,47,16,0,16,63
09/30/2009,HUT,KS,ACE,CE,Federal Contract Tower,0,2,28,0,30,0,4,8,0,12,0,6,36,0,42,22,0,22,64
10/01/2009,HUT,KS,ACE,CE,Federal Contract Tower,0,0,11,2,13,0,5,8,0,13,0,5,19,2,26,24,0,24,50
10/02/2009,HUT,KS,ACE,CE,Federal Contract Tower,0,0,12,0,12,0,2,18,0,20,0,2,30,0,32,20,0,20,52
10/03/2009,HUT,KS,ACE,CE,Federal Contract Tower,0,2,5,0,7,0,8,45,0,53,0,10,50,0,60,152,0,152,212
10/04/2009,HUT,KS,ACE,CE,Federal Contract Tower,0,0,8,0,8,0,0,14,0,14,0,0,22,0,22,14,0,14,36
10/05/2009,HUT,KS,ACE,CE,Federal Contract Tower,0,4,7,6,17,0,0,1,0,1,0,4,8,6,18,10,2,12,30
10/06/2009,HUT,KS,ACE,CE,Federal Contract Tower,0,0,6,1,7,0,2,19,11,32,0,2,25,12,39,104,2,106,145
10/07/2009,HUT,KS,ACE,CE,Federal Contract Tower,0,0,11,0,11,0,0,29,2,31,0,0,40,2,42,100,0,100,142
10/08/2009,HUT,KS,ACE,CE,Federal Contract Tower,0,1,4,0,5,0,0,0,0,0,0,1,4,0,5,0,0,0,5
10/09/2009,HUT,KS,ACE,CE,Federal Contract Tower,0,2,12,4,18,0,0,34,2,36,0,2,46,6,54,96,2,98,152
10/10/2009,HUT,KS,ACE,CE,Federal Contract Tower,0,0,9,0,9,0,0,4,0,4,0,0,13,0,13,14,0,14,27
10/11/2009,HUT,KS,ACE,CE,Federal Contract Tower,0,0,8,1,9,0,0,2,0,2,0,0,10,1,11,0,0,0,11
10/12/2009,HUT,KS,ACE,CE,Federal Contract Tower,0,0,4,0,4,0,0,0,0,0,0,0,4,0,4,0,0,0,4
10/13/2009,HUT,KS,ACE,CE,Federal Contract Tower,0,0,5,0,5,0,0,0,0,0,0,0,5,0,5,0,0,0,5
10/14/2009,HUT,KS,ACE,CE,Federal Contract Tower,0,0,7,0,7,0,0,0,0,0,0,0,7,0,7,163,0,163,170
10/15/2009,HUT,KS,ACE,CE,Federal Contract Tower,0,2,20,0,22,0,0,12,2,14,0,2,32,2,36,58,0,58,94
10/16/2009,HUT,KS,ACE,CE,Federal Contract Tower,0,0,9,1,10,0,8,55,1,64,0,8,64,2,74,152,0,152,226
10/17/2009,HUT,KS,ACE,CE,Federal Contract Tower,0,0,10,0,10,0,2,21,0,23,0,2,31,0,33,70,0,70,103
10/18/2009,HUT,KS,ACE,CE,Federal Contract Tower,0,0,1,0,1,0,0,8,0,8,0,0,9,0,9,11,0,11,20
10/19/2009,HUT,KS,ACE,CE,Federal Contract Tower,0,2,6,0,8,0,0,37,0,37,0,2,43,0,45,137,0,137,182
10/20/2009,HUT,KS,ACE,CE,Federal Contract Tower,0,2,10,0,12,0,1,6,0,7,0,3,16,0,19,107,0,107,126
10/21/2009,HUT,KS,ACE,CE,Federal Contract Tower,0,0,9,0,9,0,0,10,0,10,0,0,19,0,19,141,0,141,160
10/22/2009,HUT,KS,ACE,CE,Federal Contract Tower,0,2,11,0,13,0,4,2,0,6,0,6,13,0,19,170,0,170,189
10/23/2009,HUT,KS,ACE,CE,Federal Contract Tower,0,0,9,0,9,0,6,16,4,26,0,6,25,4,35,82,0,82,117
10/24/2009,HUT,KS,ACE,CE,Federal Contract Tower,0,0,4,0,4,0,0,41,0,41,0,0,45,0,45,16,0,16,61
10/25/2009,HUT,KS,ACE,CE,Federal Contract Tower,0,0,8,2,10,0,0,8,0,8,0,0,16,2,18,22,2,24,42
10/26/2009,HUT,KS,ACE,CE,Federal Contract Tower,0,0,14,0,14,0,2,45,0,47,0,2,59,0,61,27,0,27,88
10/27/2009,HUT,KS,ACE,CE,Federal Contract Tower,0,0,13,0,13,0,0,28,0,28,0,0,41,0,41,105,0,105,146
10/28/2009,HUT,KS,ACE,CE,Federal Contract Tower,0,0,11,0,11,0,0,16,2,18,0,0,27,2,29,138,0,138,167
10/29/2009,HUT,KS,ACE,CE,Federal Contract Tower,0,1,10,2,13,0,1,5,0,6,0,2,15,2,19,71,8,79,98
10/30/2009,HUT,KS,ACE,CE,Federal Contract Tower,0,2,10,0,12,0,2,9,0,11,0,4,19,0,23,54,0,54,77
10/31/2009,HUT,KS,ACE,CE,Federal Contract Tower,0,0,11,0,11,0,2,39,0,41,0,2,50,0,52,124,0,124,176
11/01/2009,HUT,KS,ACE,CE,Federal Contract Tower,0,0,9,0,9,0,0,33,0,33,0,0,42,0,42,30,0,30,72
11/02/2009,HUT,KS,ACE,CE,Federal Contract Tower,0,0,2,2,4,0,0,22,6,28,0,0,24,8,32,80,2,82,114
11/03/2009,HUT,KS,ACE,CE,Federal Contract Tower,0,0,10,4,14,0,23,32,0,55,0,23,42,4,69,160,6,166,235
11/04/2009,HUT,KS,ACE,CE,Federal Contract Tower,0,0,6,3,9,0,8,40,4,52,0,8,46,7,61,164,8,172,233
11/05/2009,HUT,KS,ACE,CE,Federal Contract Tower,0,0,16,21,37,0,3,37,5,45,0,3,53,26,82,78,22,100,182
11/06/2009,HUT,KS,ACE,CE,Federal Contract Tower,0,2,10,6,18,0,4,38,2,44,0,6,48,8,62,77,6,83,145
11/07/2009,HUT,KS,ACE,CE,Federal Contract Tower,0,0,5,0,5,0,2,51,0,53,0,2,56,0,58,60,0,60,118
11/08/2009,HUT,KS,ACE,CE,Federal Contract Tower,0,0,5,2,7,0,0,18,0,18,0,0,23,2,25,14,2,16,41
11/09/2009,HUT,KS,ACE,CE,Federal Contract Tower,0,4,9,2,15,0,0,2,0,2,0,4,11,2,17,4,0,4,21
11/10/2009,HUT,KS,ACE,CE,Federal Contract Tower,0,2,4,0,6,0,1,2,0,3,0,3,6,0,9,2,0,2,11
11/11/2009,HUT,KS,ACE,CE,Federal Contract Tower,0,0,15,0,15,0,0,61,0,61,0,0,76,0,76,101,0,101,177
11/12/2009,HUT,KS,ACE,CE,Federal Contract Tower,0,0,8,4,12,0,2,21,0,23,0,2,29,4,35,60,4,64,99
11/13/2009,HUT,KS,ACE,CE,Federal Contract Tower,0,0,12,0,12,0,2,49,0,51,0,2,61,0,63,148,0,148,211
11/14/2009,HUT,KS,ACE,CE,Federal Contract Tower,0,0,8,0,8,0,0,13,0,13,0,0,21,0,21,12,0,12,33
11/15/2009,HUT,KS,ACE,CE,Federal Contract Tower,0,0,7,0,7,0,0,0,0,0,0,0,7,0,7,0,0,0,7
11/16/2009,HUT,KS,ACE,CE,Federal Contract Tower,0,4,4,0,8,0,0,0,0,0,0,4,4,0,8,2,0,2,10
11/17/2009,HUT,KS,ACE,CE,Federal Contract Tower,0,0,11,4,15,0,0,13,0,13,0,0,24,4,28,115,4,119,147
11/18/2009,HUT,KS,ACE,CE,Federal Contract Tower,0,0,12,4,16,0,4,57,9,70,0,4,69,13,86,94,24,118,204
11/19/2009,HUT,KS,ACE,CE,Federal Contract Tower,0,3,12,4,19,0,0,42,6,48,0,3,54,10,67,158,4,162,229
11/20/2009,HUT,KS,ACE,CE,Federal Contract Tower,0,1,19,2,22,0,4,71,2,77,0,5,90,4,99,144,4,148,247
11/21/2009,HUT,KS,ACE,CE,Federal Contract Tower,0,0,10,2,12,0,0,2,0,2,0,0,12,2,14,0,0,0,14
11/22/2009,HUT,KS,ACE,CE,Federal Contract Tower,0,0,5,2,7,0,0,4,2,6,0,0,9,4,13,0,0,0,13
11/23/2009,HUT,KS,ACE,CE,Federal Contract Tower,0,3,13,0,16,0,4,11,0,15,0,7,24,0,31,135,0,135,166
11/24/2009,HUT,KS,ACE,CE,Federal Contract Tower,0,0,9,2,11,0,0,21,4,25,0,0,30,6,36,110,8,118,154
11/25/2009,HUT,KS,ACE,CE,Federal Contract Tower,0,2,8,0,10,0,1,20,3,24,0,3,28,3,34,101,0,101,135
11/26/2009,HUT,KS,ACE,CE,Federal Contract Tower,0,0,1,0,1,0,0,18,0,18,0,0,19,0,19,7,0,7,26
11/27/2009,HUT,KS,ACE,CE,Federal Contract Tower,0,0,0,0,0,0,0,46,0,46,0,0,46,0,46,112,0,112,158
11/28/2009,HUT,KS,ACE,CE,Federal Contract Tower,0,0,5,0,5,0,0,36,0,36,0,0,41,0,41,18,0,18,59
11/29/2009,HUT,KS,ACE,CE,Federal Contract Tower,0,0,8,0,8,0,0,9,4,13,0,0,17,4,21,37,0,37,58
11/30/2009,HUT,KS,ACE,CE,Federal Contract Tower,0,2,5,11,18,0,2,37,0,39,0,4,42,11,57,110,26,136,193
12/01/2009,HUT,KS,ACE,CE,Federal Contract Tower,0,0,12,0,12,0,22,8,0,30,0,22,20,0,42,78,0,78,120
12/02/2009,HUT,KS,ACE,CE,Federal Contract Tower,0,0,2,2,4,0,14,6,2,22,0,14,8,4,26,42,0,42,68
12/03/2009,HUT,KS,ACE,CE,Federal Contract Tower,0,0,5,7,12,0,4,13,12,29,0,4,18,19,41,97,23,120,161
12/04/2009,HUT,KS,ACE,CE,Federal Contract Tower,0,0,8,14,22,0,6,28,4,38,0,6,36,18,60,62,0,62,122
12/05/2009,HUT,KS,ACE,CE,Federal Contract Tower,0,0,5,0,5,0,0,40,0,40,0,0,45,0,45,26,0,26,71
12/06/2009,HUT,KS,ACE,CE,Federal Contract Tower,0,0,5,0,5,0,1,1,0,2,0,1,6,0,7,0,0,0,7
12/07/2009,HUT,KS,ACE,CE,Federal Contract Tower,0,0,6,2,8,0,0,5,0,5,0,0,11,2,13,8,4,12,25
12/08/2009,HUT,KS,ACE,CE,Federal Contract Tower,0,0,3,0,3,0,0,0,0,0,0,0,3,0,3,0,0,0,3
12/09/2009,HUT,KS,ACE,CE,Federal Contract Tower,0,0,5,2,7,0,0,12,0,12,0,0,17,2,19,0,4,4,23
12/10/2009,HUT,KS,ACE,CE,Federal Contract Tower,0,0,11,4,15,0,0,35,0,35,0,0,46,4,50,69,14,83,133
12/11/2009,HUT,KS,ACE,CE,Federal Contract Tower,0,0,3,0,3,0,12,39,0,51,0,12,42,0,54,100,0,100,154
12/12/2009,HUT,KS,ACE,CE,Federal Contract Tower,0,0,5,0,5,0,0,11,0,11,0,0,16,0,16,10,0,10,26
12/13/2009,HUT,KS,ACE,CE,Federal Contract Tower,0,0,6,0,6,0,3,13,0,16,0,3,19,0,22,30,0,30,52
12/14/2009,HUT,KS,ACE,CE,Federal Contract Tower,0,0,3,4,7,0,0,8,0,8,0,0,11,4,15,36,6,42,57
12/15/2009,HUT,KS,ACE,CE,Federal Contract Tower,0,0,6,0,6,0,34,15,2,51,0,34,21,2,57,81,0,81,138
12/16/2009,HUT,KS,ACE,CE,Federal Contract Tower,0,0,7,0,7,0,2,31,12,45,0,2,38,12,52,46,12,58,110
12/17/2009,HUT,KS,ACE,CE,Federal Contract Tower,0,8,23,8,39,0,4,41,0,45,0,12,64,8,84,162,8,170,254
12/18/2009,HUT,KS,ACE,CE,Federal Contract Tower,0,2,4,2,8,0,0,35,4,39,0,2,39,6,47,112,0,112,159
12/19/2009,HUT,KS,ACE,CE,Federal Contract Tower,0,0,2,0,2,0,0,9,0,9,0,0,11,0,11,14,0,14,25
12/20/2009,HUT,KS,ACE,CE,Federal Contract Tower,0,0,5,0,5,0,0,31,0,31,0,0,36,0,36,16,0,16,52
12/21/2009,HUT,KS,ACE,CE,Federal Contract Tower,0,2,4,8,14,0,2,27,0,29,0,4,31,8,43,22,6,28,71
12/22/2009,HUT,KS,ACE,CE,Federal Contract Tower,0,1,3,0,4,0,0,0,0,0,0,1,3,0,4,0,0,0,4
12/23/2009,HUT,KS,ACE,CE,Federal Contract Tower,0,0,4,0,4,0,0,0,0,0,0,0,4,0,4,22,0,22,26
12/24/2009,HUT,KS,ACE,CE,Federal Contract Tower,0,0,0,0,0,0,0,0,0,0,0,0,0,0,0,0,0,0,0
12/25/2009,HUT,KS,ACE,CE,Federal Contract Tower,0,0,0,0,0,0,0,0,0,0,0,0,0,0,0,0,0,0,0
12/26/2009,HUT,KS,ACE,CE,Federal Contract Tower,0,0,1,0,1,0,2,4,0,6,0,2,5,0,7,14,0,14,21
12/27/2009,HUT,KS,ACE,CE,Federal Contract Tower,0,0,8,0,8,0,0,5,0,5,0,0,13,0,13,0,0,0,13
12/28/2009,HUT,KS,ACE,CE,Federal Contract Tower,0,0,8,0,8,0,0,16,0,16,0,0,24,0,24,107,0,107,131
12/29/2009,HUT,KS,ACE,CE,Federal Contract Tower,0,0,1,0,1,0,1,1,0,2,0,1,2,0,3,16,0,16,19
12/30/2009,HUT,KS,ACE,CE,Federal Contract Tower,0,0,2,0,2,0,1,0,0,1,0,1,2,0,3,0,0,0,3
12/31/2009,HUT,KS,ACE,CE,Federal Contract Tower,0,0,2,0,2,0,6,31,0,37,0,6,33,0,39,78,0,78,117
01/01/2010,HUT,KS,ACE,CE,Federal Contract Tower,0,0,6,0,6,0,0,11,0,11,0,0,17,0,17,30,0,30,47
01/02/2010,HUT,KS,ACE,CE,Federal Contract Tower,0,0,0,0,0,0,1,5,0,6,0,1,5,0,6,33,0,33,39
01/03/2010,HUT,KS,ACE,CE,Federal Contract Tower,0,0,5,0,5,0,2,0,0,2,0,2,5,0,7,0,0,0,7
01/04/2010,HUT,KS,ACE,CE,Federal Contract Tower,0,0,7,0,7,0,2,26,4,32,0,2,33,4,39,74,0,74,113
01/05/2010,HUT,KS,ACE,CE,Federal Contract Tower,0,0,11,0,11,0,0,0,0,0,0,0,11,0,11,6,0,6,17
01/06/2010,HUT,KS,ACE,CE,Federal Contract Tower,0,1,8,0,9,0,1,11,0,12,0,2,19,0,21,104,0,104,125
01/07/2010,HUT,KS,ACE,CE,Federal Contract Tower,0,0,8,8,16,0,0,5,7,12,0,0,13,15,28,102,49,151,179
01/08/2010,HUT,KS,ACE,CE,Federal Contract Tower,0,2,7,6,15,0,11,24,0,35,0,13,31,6,50,96,22,118,168
01/09/2010,HUT,KS,ACE,CE,Federal Contract Tower,0,2,6,0,8,0,0,21,2,23,0,2,27,2,31,18,0,18,49
01/10/2010,HUT,KS,ACE,CE,Federal Contract Tower,0,0,5,3,8,0,0,22,0,22,0,0,27,3,30,52,4,56,86
01/11/2010,HUT,KS,ACE,CE,Federal Contract Tower,0,0,6,0,6,0,0,17,0,17,0,0,23,0,23,26,0,26,49
01/12/2010,HUT,KS,ACE,CE,Federal Contract Tower,0,0,7,0,7,0,0,12,0,12,0,0,19,0,19,16,0,16,35
01/13/2010,HUT,KS,ACE,CE,Federal Contract Tower,0,0,10,6,16,0,6,33,0,39,0,6,43,6,55,100,20,120,175
01/14/2010,HUT,KS,ACE,CE,Federal Contract Tower,0,3,15,14,32,0,3,15,2,20,0,6,30,16,52,74,14,88,140
01/15/2010,HUT,KS,ACE,CE,Federal Contract Tower,0,4,2,19,25,0,0,11,13,24,0,4,13,32,49,78,28,106,155
01/16/2010,HUT,KS,ACE,CE,Federal Contract Tower,0,0,4,1,5,0,0,8,1,9,0,0,12,2,14,0,0,0,14
01/17/2010,HUT,KS,ACE,CE,Federal Contract Tower,0,0,7,0,7,0,0,41,0,41,0,0,48,0,48,42,0,42,90
01/18/2010,HUT,KS,ACE,CE,Federal Contract Tower,0,0,1,0,1,0,0,0,0,0,0,0,1,0,1,0,0,0,1
01/19/2010,HUT,KS,ACE,CE,Federal Contract Tower,0,2,7,0,9,0,0,0,0,0,0,2,7,0,9,3,0,3,12
01/20/2010,HUT,KS,ACE,CE,Federal Contract Tower,0,8,7,2,17,0,0,27,0,27,0,8,34,2,44,101,2,103,147
01/21/2010,HUT,KS,ACE,CE,Federal Contract Tower,0,0,15,0,15,0,0,0,0,0,0,0,15,0,15,12,0,12,27
01/22/2010,HUT,KS,ACE,CE,Federal Contract Tower,0,2,7,2,11,0,4,14,0,18,0,6,21,2,29,109,0,109,138
01/23/2010,HUT,KS,ACE,CE,Federal Contract Tower,0,0,8,0,8,0,1,26,0,27,0,1,34,0,35,12,0,12,47
01/24/2010,HUT,KS,ACE,CE,Federal Contract Tower,0,4,2,0,6,0,0,15,0,15,0,4,17,0,21,14,0,14,35
01/25/2010,HUT,KS,ACE,CE,Federal Contract Tower,0,0,6,2,8,0,0,16,0,16,0,0,22,2,24,19,2,21,45
01/26/2010,HUT,KS,ACE,CE,Federal Contract Tower,0,2,11,4,17,0,4,63,2,69,0,6,74,6,86,103,10,113,199
01/27/2010,HUT,KS,ACE,CE,Federal Contract Tower,0,0,9,8,17,0,8,38,0,46,0,8,47,8,63,108,10,118,181
01/28/2010,HUT,KS,ACE,CE,Federal Contract Tower,0,4,3,0,7,0,6,24,0,30,0,10,27,0,37,84,0,84,121
01/29/2010,HUT,KS,ACE,CE,Federal Contract Tower,0,0,3,0,3,0,0,0,0,0,0,0,3,0,3,44,0,44,47
01/30/2010,HUT,KS,ACE,CE,Federal Contract Tower,0,0,8,0,8,0,0,13,0,13,0,0,21,0,21,19,0,19,40
01/31/2010,HUT,KS,ACE,CE,Federal Contract Tower,0,2,0,0,2,0,0,0,0,0,0,2,0,0,2,0,0,0,2
02/01/2010,HUT,KS,ACE,CE,Federal Contract Tower,0,2,6,0,8,0,1,0,0,1,0,3,6,0,9,0,0,0,9
02/02/2010,HUT,KS,ACE,CE,Federal Contract Tower,0,1,8,0,9,0,1,20,0,21,0,2,28,0,30,57,0,57,87
02/03/2010,HUT,KS,ACE,CE,Federal Contract Tower,0,0,5,2,7,0,3,8,0,11,0,3,13,2,18,30,10,40,58
02/04/2010,HUT,KS,ACE,CE,Federal Contract Tower,0,0,3,0,3,0,0,0,0,0,0,0,3,0,3,26,0,26,29
02/05/2010,HUT,KS,ACE,CE,Federal Contract Tower,0,2,7,0,9,0,0,0,0,0,0,2,7,0,9,18,0,18,27
02/06/2010,HUT,KS,ACE,CE,Federal Contract Tower,0,0,9,0,9,0,0,0,0,0,0,0,9,0,9,0,0,0,9
02/07/2010,HUT,KS,ACE,CE,Federal Contract Tower,0,1,2,2,5,0,0,3,0,3,0,1,5,2,8,0,0,0,8
02/08/2010,HUT,KS,ACE,CE,Federal Contract Tower,0,0,3,0,3,0,1,2,0,3,0,1,5,0,6,4,0,4,10
02/09/2010,HUT,KS,ACE,CE,Federal Contract Tower,0,0,3,2,5,0,22,31,0,53,0,22,34,2,58,93,6,99,157
02/10/2010,HUT,KS,ACE,CE,Federal Contract Tower,0,4,12,2,18,0,2,7,0,9,0,6,19,2,27,69,2,71,98
02/11/2010,HUT,KS,ACE,CE,Federal Contract Tower,0,0,8,11,19,0,0,17,0,17,0,0,25,11,36,75,12,87,123
02/12/2010,HUT,KS,ACE,CE,Federal Contract Tower,0,3,13,30,46,0,7,55,4,66,0,10,68,34,112,88,26,114,226
02/13/2010,HUT,KS,ACE,CE,Federal Contract Tower,0,0,9,0,9,0,10,46,0,56,0,10,55,0,65,88,0,88,153
02/14/2010,HUT,KS,ACE,CE,Federal Contract Tower,0,0,4,0,4,0,1,1,0,2,0,1,5,0,6,0,0,0,6
02/15/2010,HUT,KS,ACE,CE,Federal Contract Tower,0,2,6,0,8,0,4,26,0,30,0,6,32,0,38,78,0,78,116
02/16/2010,HUT,KS,ACE,CE,Federal Contract Tower,0,0,15,3,18,0,0,25,0,25,0,0,40,3,43,69,3,72,115
02/17/2010,HUT,KS,ACE,CE,Federal Contract Tower,0,2,22,3,27,0,2,29,1,32,0,4,51,4,59,129,0,129,188
02/18/2010,HUT,KS,ACE,CE,Federal Contract Tower,0,0,11,4,15,0,19,32,0,51,0,19,43,4,66,111,8,119,185
02/19/2010,HUT,KS,ACE,CE,Federal Contract Tower,0,7,15,0,22,0,0,8,0,8,0,7,23,0,30,56,0,56,86
02/20/2010,HUT,KS,ACE,CE,Federal Contract Tower,0,1,0,0,1,0,0,0,0,0,0,1,0,0,1,0,0,0,1
02/21/2010,HUT,KS,ACE,CE,Federal Contract Tower,0,0,1,0,1,0,0,1,0,1,0,0,2,0,2,0,0,0,2
02/22/2010,HUT,KS,ACE,CE,Federal Contract Tower,0,4,2,0,6,0,2,0,0,2,0,6,2,0,8,0,0,0,8
02/23/2010,HUT,KS,ACE,CE,Federal Contract Tower,0,0,7,0,7,0,23,18,0,41,0,23,25,0,48,18,0,18,66
02/24/2010,HUT,KS,ACE,CE,Federal Contract Tower,0,11,8,15,34,0,25,30,0,55,0,36,38,15,89,91,17,108,197
02/25/2010,HUT,KS,ACE,CE,Federal Contract Tower,0,10,4,0,14,0,4,33,0,37,0,14,37,0,51,80,0,80,131
02/26/2010,HUT,KS,ACE,CE,Federal Contract Tower,0,4,7,7,18,0,16,29,3,48,0,20,36,10,66,115,0,115,181
02/27/2010,HUT,KS,ACE,CE,Federal Contract Tower,0,0,7,0,7,0,2,43,0,45,0,2,50,0,52,98,0,98,150
02/28/2010,HUT,KS,ACE,CE,Federal Contract Tower,0,0,2,0,2,0,0,25,0,25,0,0,27,0,27,36,0,36,63
03/01/2010,HUT,KS,ACE,CE,Federal Contract Tower,0,0,10,6,16,0,2,9,2,13,0,2,19,8,29,33,2,35,64
03/02/2010,HUT,KS,ACE,CE,Federal Contract Tower,0,6,7,7,20,0,5,27,1,33,0,11,34,8,53,78,4,82,135
03/03/2010,HUT,KS,ACE,CE,Federal Contract Tower,0,3,9,6,18,0,9,27,0,36,0,12,36,6,54,72,6,78,132
03/04/2010,HUT,KS,ACE,CE,Federal Contract Tower,0,0,7,4,11,0,8,45,4,57,0,8,52,8,68,127,0,127,195
03/05/2010,HUT,KS,ACE,CE,Federal Contract Tower,0,0,9,4,13,0,5,16,0,21,0,5,25,4,34,69,18,87,121
03/06/2010,HUT,KS,ACE,CE,Federal Contract Tower,0,0,5,0,5,0,0,24,0,24,0,0,29,0,29,34,0,34,63
03/07/2010,HUT,KS,ACE,CE,Federal Contract Tower,0,0,1,0,1,0,0,15,0,15,0,0,16,0,16,16,0,16,32
03/08/2010,HUT,KS,ACE,CE,Federal Contract Tower,0,2,3,4,9,0,0,0,0,0,0,2,3,4,9,0,6,6,15
03/09/2010,HUT,KS,ACE,CE,Federal Contract Tower,0,0,5,2,7,0,2,4,0,6,0,2,9,2,13,89,6,95,108
03/10/2010,HUT,KS,ACE,CE,Federal Contract Tower,0,0,15,4,19,0,0,2,0,2,0,0,17,4,21,35,8,43,64
03/11/2010,HUT,KS,ACE,CE,Federal Contract Tower,0,4,16,2,22,0,1,24,4,29,0,5,40,6,51,28,0,28,79
03/12/2010,HUT,KS,ACE,CE,Federal Contract Tower,0,3,19,2,24,0,0,12,0,12,0,3,31,2,36,0,0,0,36
03/13/2010,HUT,KS,ACE,CE,Federal Contract Tower,0,3,5,0,8,0,0,9,0,9,0,3,14,0,17,8,0,8,25
03/14/2010,HUT,KS,ACE,CE,Federal Contract Tower,0,0,17,0,17,0,0,1,0,1,0,0,18,0,18,6,0,6,24
03/15/2010,HUT,KS,ACE,CE,Federal Contract Tower,0,0,5,2,7,0,4,10,2,16,0,4,15,4,23,17,2,19,42
03/16/2010,HUT,KS,ACE,CE,Federal Contract Tower,0,0,17,6,23,0,0,34,0,34,0,0,51,6,57,77,8,85,142
03/17/2010,HUT,KS,ACE,CE,Federal Contract Tower,0,3,9,0,12,0,0,14,0,14,0,3,23,0,26,85,0,85,111
03/18/2010,HUT,KS,ACE,CE,Federal Contract Tower,0,0,17,10,27,0,35,31,2,68,0,35,48,12,95,163,4,167,262
03/19/2010,HUT,KS,ACE,CE,Federal Contract Tower,0,11,13,4,28,0,26,15,0,41,0,37,28,4,69,36,0,36,105
03/20/2010,HUT,KS,ACE,CE,Federal Contract Tower,0,0,3,0,3,0,2,1,0,3,0,2,4,0,6,0,0,0,6
03/21/2010,HUT,KS,ACE,CE,Federal Contract Tower,0,0,5,0,5,0,7,18,4,29,0,7,23,4,34,34,0,34,68
03/22/2010,HUT,KS,ACE,CE,Federal Contract Tower,0,0,4,6,10,0,6,31,0,37,0,6,35,6,47,94,0,94,141
03/23/2010,HUT,KS,ACE,CE,Federal Contract Tower,0,2,10,2,14,0,8,40,0,48,0,10,50,2,62,77,6,83,145
03/24/2010,HUT,KS,ACE,CE,Federal Contract Tower,0,9,20,2,31,0,0,0,0,0,0,9,20,2,31,18,0,18,49
03/25/2010,HUT,KS,ACE,CE,Federal Contract Tower,0,2,12,4,18,0,14,24,0,38,0,16,36,4,56,77,0,77,133
03/26/2010,HUT,KS,ACE,CE,Federal Contract Tower,0,0,10,2,12,0,8,12,0,20,0,8,22,2,32,36,2,38,70
03/27/2010,HUT,KS,ACE,CE,Federal Contract Tower,0,0,7,0,7,0,1,0,0,1,0,1,7,0,8,0,0,0,8
03/28/2010,HUT,KS,ACE,CE,Federal Contract Tower,0,0,16,0,16,0,0,16,0,16,0,0,32,0,32,30,0,30,62
03/29/2010,HUT,KS,ACE,CE,Federal Contract Tower,0,6,21,6,33,0,4,24,0,28,0,10,45,6,61,132,8,140,201
03/30/2010,HUT,KS,ACE,CE,Federal Contract Tower,0,0,27,5,32,0,8,33,1,42,0,8,60,6,74,110,6,116,190
03/31/2010,HUT,KS,ACE,CE,Federal Contract Tower,0,0,11,13,24,0,4,37,2,43,0,4,48,15,67,94,22,116,183
04/01/2010,HUT,KS,ACE,CE,Federal Contract Tower,0,0,7,0,7,0,2,23,0,25,0,2,30,0,32,65,0,65,97
04/02/2010,HUT,KS,ACE,CE,Federal Contract Tower,0,0,12,0,12,0,0,3,0,3,0,0,15,0,15,22,0,22,37
04/03/2010,HUT,KS,ACE,CE,Federal Contract Tower,0,0,10,0,10,0,0,32,0,32,0,0,42,0,42,6,0,6,48
04/04/2010,HUT,KS,ACE,CE,Federal Contract Tower,0,0,2,0,2,0,0,15,0,15,0,0,17,0,17,8,0,8,25
04/05/2010,HUT,KS,ACE,CE,Federal Contract Tower,0,0,10,2,12,0,2,17,0,19,0,2,27,2,31,16,0,16,47
04/06/2010,HUT,KS,ACE,CE,Federal Contract Tower,0,0,8,0,8,0,6,6,0,12,0,6,14,0,20,14,0,14,34
04/07/2010,HUT,KS,ACE,CE,Federal Contract Tower,0,0,11,6,17,0,0,4,0,4,0,0,15,6,21,6,2,8,29
04/08/2010,HUT,KS,ACE,CE,Federal Contract Tower,0,0,5,2,7,0,8,22,0,30,0,8,27,2,37,130,4,134,171
04/09/2010,HUT,KS,ACE,CE,Federal Contract Tower,0,0,6,0,6,0,15,9,0,24,0,15,15,0,30,42,0,42,72
04/10/2010,HUT,KS,ACE,CE,Federal Contract Tower,0,0,10,0,10,0,0,32,0,32,0,0,42,0,42,0,0,0,42
04/11/2010,HUT,KS,ACE,CE,Federal Contract Tower,0,0,12,0,12,0,2,17,0,19,0,2,29,0,31,20,0,20,51
04/12/2010,HUT,KS,ACE,CE,Federal Contract Tower,0,0,25,12,37,0,0,15,2,17,0,0,40,14,54,82,40,122,176
04/13/2010,HUT,KS,ACE,CE,Federal Contract Tower,0,0,9,2,11,0,8,20,0,28,0,8,29,2,39,50,2,52,91
04/14/2010,HUT,KS,ACE,CE,Federal Contract Tower,0,4,5,2,11,0,10,22,0,32,0,14,27,2,43,78,4,82,125
04/15/2010,HUT,KS,ACE,CE,Federal Contract Tower,0,0,5,4,9,0,10,15,4,29,0,10,20,8,38,30,0,30,68
04/16/2010,HUT,KS,ACE,CE,Federal Contract Tower,0,1,18,0,19,0,3,12,0,15,0,4,30,0,34,29,0,29,63
04/17/2010,HUT,KS,ACE,CE,Federal Contract Tower,0,0,11,0,11,0,9,40,0,49,0,9,51,0,60,53,0,53,113
04/18/2010,HUT,KS,ACE,CE,Federal Contract Tower,0,4,13,0,17,0,0,37,0,37,0,4,50,0,54,62,0,62,116
04/19/2010,HUT,KS,ACE,CE,Federal Contract Tower,0,0,12,4,16,0,2,31,0,33,0,2,43,4,49,30,4,34,83
04/20/2010,HUT,KS,ACE,CE,Federal Contract Tower,0,0,8,2,10,0,5,37,2,44,0,5,45,4,54,70,16,86,140
04/21/2010,HUT,KS,ACE,CE,Federal Contract Tower,0,1,12,6,19,0,2,17,0,19,0,3,29,6,38,88,30,118,156
04/22/2010,HUT,KS,ACE,CE,Federal Contract Tower,0,0,5,0,5,0,1,0,0,1,0,1,5,0,6,0,0,0,6
04/23/2010,HUT,KS,ACE,CE,Federal Contract Tower,0,4,10,0,14,0,8,22,0,30,0,12,32,0,44,30,0,30,74
04/24/2010,HUT,KS,ACE,CE,Federal Contract Tower,0,0,7,0,7,0,2,24,0,26,0,2,31,0,33,0,0,0,33
04/25/2010,HUT,KS,ACE,CE,Federal Contract Tower,0,1,7,4,12,0,0,26,2,28,0,1,33,6,40,0,0,0,40
04/26/2010,HUT,KS,ACE,CE,Federal Contract Tower,0,2,8,4,14,0,0,19,0,19,0,2,27,4,33,64,4,68,101
04/27/2010,HUT,KS,ACE,CE,Federal Contract Tower,0,2,2,6,10,0,14,57,0,71,0,16,59,6,81,100,26,126,207
04/28/2010,HUT,KS,ACE,CE,Federal Contract Tower,0,0,8,6,14,0,6,18,2,26,0,6,26,8,40,38,10,48,88
04/29/2010,HUT,KS,ACE,CE,Federal Contract Tower,0,2,10,0,12,0,0,12,0,12,0,2,22,0,24,18,0,18,42
04/30/2010,HUT,KS,ACE,CE,Federal Contract Tower,0,0,9,6,15,0,12,12,2,26,0,12,21,8,41,36,8,44,85
05/01/2010,HUT,KS,ACE,CE,Federal Contract Tower,0,0,2,0,2,0,6,63,0,69,0,6,65,0,71,101,0,101,172
05/02/2010,HUT,KS,ACE,CE,Federal Contract Tower,0,0,4,1,5,0,2,30,0,32,0,2,34,1,37,22,0,22,59
05/03/2010,HUT,KS,ACE,CE,Federal Contract Tower,0,0,9,4,13,0,2,35,0,37,0,2,44,4,50,68,4,72,122
05/04/2010,HUT,KS,ACE,CE,Federal Contract Tower,0,0,7,0,7,0,2,23,0,25,0,2,30,0,32,49,0,49,81
05/05/2010,HUT,KS,ACE,CE,Federal Contract Tower,0,3,6,6,15,0,10,40,0,50,0,13,46,6,65,98,12,110,175
05/06/2010,HUT,KS,ACE,CE,Federal Contract Tower,0,0,12,8,20,0,0,38,0,38,0,0,50,8,58,63,0,63,121
05/07/2010,HUT,KS,ACE,CE,Federal Contract Tower,0,2,15,8,25,0,12,8,4,24,0,14,23,12,49,14,6,20,69
05/08/2010,HUT,KS,ACE,CE,Federal Contract Tower,0,0,25,0,25,0,1,69,0,70,0,1,94,0,95,45,0,45,140
05/09/2010,HUT,KS,ACE,CE,Federal Contract Tower,0,0,12,0,12,0,0,8,0,8,0,0,20,0,20,2,0,2,22
05/10/2010,HUT,KS,ACE,CE,Federal Contract Tower,0,0,10,0,10,0,2,0,0,2,0,2,10,0,12,0,0,0,12
05/11/2010,HUT,KS,ACE,CE,Federal Contract Tower,0,4,16,12,32,0,8,32,0,40,0,12,48,12,72,60,4,64,136
05/12/2010,HUT,KS,ACE,CE,Federal Contract Tower,0,11,12,2,25,0,1,3,0,4,0,12,15,2,29,56,0,56,85
05/13/2010,HUT,KS,ACE,CE,Federal Contract Tower,0,0,18,2,20,0,4,38,0,42,0,4,56,2,62,94,0,94,156
05/14/2010,HUT,KS,ACE,CE,Federal Contract Tower,0,1,14,8,23,0,6,29,0,35,0,7,43,8,58,42,18,60,118
05/15/2010,HUT,KS,ACE,CE,Federal Contract Tower,0,2,11,0,13,0,0,0,0,0,0,2,11,0,13,2,0,2,15
05/16/2010,HUT,KS,ACE,CE,Federal Contract Tower,0,2,5,0,7,0,2,4,0,6,0,4,9,0,13,0,0,0,13
05/17/2010,HUT,KS,ACE,CE,Federal Contract Tower,0,0,24,6,30,0,0,32,0,32,0,0,56,6,62,123,2,125,187
05/18/2010,HUT,KS,ACE,CE,Federal Contract Tower,0,0,12,6,18,0,10,24,0,34,0,10,36,6,52,62,14,76,128
05/19/2010,HUT,KS,ACE,CE,Federal Contract Tower,0,0,12,0,12,0,0,4,0,4,0,0,16,0,16,16,0,16,32
05/20/2010,HUT,KS,ACE,CE,Federal Contract Tower,0,6,17,0,23,0,0,4,0,4,0,6,21,0,27,12,0,12,39
05/21/2010,HUT,KS,ACE,CE,Federal Contract Tower,0,1,8,3,12,0,8,17,4,29,0,9,25,7,41,54,0,54,95
05/22/2010,HUT,KS,ACE,CE,Federal Contract Tower,0,2,8,0,10,0,0,4,0,4,0,2,12,0,14,0,0,0,14
05/23/2010,HUT,KS,ACE,CE,Federal Contract Tower,0,0,12,0,12,0,0,8,2,10,0,0,20,2,22,2,0,2,24
05/24/2010,HUT,KS,ACE,CE,Federal Contract Tower,0,0,10,2,12,0,8,19,0,27,0,8,29,2,39,87,0,87,126
05/25/2010,HUT,KS,ACE,CE,Federal Contract Tower,0,0,11,14,25,0,3,33,0,36,0,3,44,14,61,102,36,138,199
05/26/2010,HUT,KS,ACE,CE,Federal Contract Tower,0,1,6,8,15,0,6,43,0,49,0,7,49,8,64,87,6,93,157
05/27/2010,HUT,KS,ACE,CE,Federal Contract Tower,0,4,10,2,16,0,14,39,0,53,0,18,49,2,69,56,0,56,125
05/28/2010,HUT,KS,ACE,CE,Federal Contract Tower,0,0,14,7,21,0,4,20,2,26,0,4,34,9,47,70,5,75,122
05/29/2010,HUT,KS,ACE,CE,Federal Contract Tower,0,0,7,0,7,0,4,9,0,13,0,4,16,0,20,0,0,0,20
05/30/2010,HUT,KS,ACE,CE,Federal Contract Tower,0,0,4,0,4,0,0,5,0,5,0,0,9,0,9,0,0,0,9
05/31/2010,HUT,KS,ACE,CE,Federal Contract Tower,0,0,10,0,10,0,0,6,0,6,0,0,16,0,16,32,0,32,48
06/01/2010,HUT,KS,ACE,CE,Federal Contract Tower,0,0,6,6,12,0,8,28,0,36,0,8,34,6,48,100,6,106,154
06/02/2010,HUT,KS,ACE,CE,Federal Contract Tower,0,0,12,2,14,0,9,29,0,38,0,9,41,2,52,120,0,120,172
06/03/2010,HUT,KS,ACE,CE,Federal Contract Tower,0,2,9,31,42,0,4,35,1,40,0,6,44,32,82,137,60,197,279
06/04/2010,HUT,KS,ACE,CE,Federal Contract Tower,0,2,6,4,12,0,4,28,2,34,0,6,34,6,46,53,0,53,99
06/05/2010,HUT,KS,ACE,CE,Federal Contract Tower,0,0,7,0,7,0,0,16,0,16,0,0,23,0,23,26,0,26,49
06/06/2010,HUT,KS,ACE,CE,Federal Contract Tower,0,0,5,1,6,0,0,16,3,19,0,0,21,4,25,38,4,42,67
06/07/2010,HUT,KS,ACE,CE,Federal Contract Tower,0,0,9,2,11,0,2,7,0,9,0,2,16,2,20,43,6,49,69
06/08/2010,HUT,KS,ACE,CE,Federal Contract Tower,0,0,9,3,12,0,10,14,4,28,0,10,23,7,40,111,5,116,156
06/09/2010,HUT,KS,ACE,CE,Federal Contract Tower,0,0,10,4,14,0,2,40,0,42,0,2,50,4,56,94,8,102,158
06/10/2010,HUT,KS,ACE,CE,Federal Contract Tower,0,0,13,2,15,0,1,20,0,21,0,1,33,2,36,123,0,123,159
06/11/2010,HUT,KS,ACE,CE,Federal Contract Tower,0,2,13,7,22,0,6,16,2,24,0,8,29,9,46,40,10,50,96
06/12/2010,HUT,KS,ACE,CE,Federal Contract Tower,0,0,12,0,12,0,10,16,0,26,0,10,28,0,38,14,0,14,52
06/13/2010,HUT,KS,ACE,CE,Federal Contract Tower,0,0,2,0,2,0,0,3,0,3,0,0,5,0,5,0,0,0,5
06/14/2010,HUT,KS,ACE,CE,Federal Contract Tower,0,2,3,16,21,0,2,10,2,14,0,4,13,18,35,28,26,54,89
06/15/2010,HUT,KS,ACE,CE,Federal Contract Tower,0,0,14,16,30,0,8,44,0,52,0,8,58,16,82,186,16,202,284
06/16/2010,HUT,KS,ACE,CE,Federal Contract Tower,0,0,15,2,17,0,11,32,0,43,0,11,47,2,60,139,2,141,201
06/17/2010,HUT,KS,ACE,CE,Federal Contract Tower,0,0,3,4,7,0,0,30,2,32,0,0,33,6,39,54,0,54,93
06/18/2010,HUT,KS,ACE,CE,Federal Contract Tower,0,0,12,7,19,0,6,18,2,26,0,6,30,9,45,19,12,31,76
06/19/2010,HUT,KS,ACE,CE,Federal Contract Tower,0,0,9,0,9,0,6,29,0,35,0,6,38,0,44,8,0,8,52
06/20/2010,HUT,KS,ACE,CE,Federal Contract Tower,0,0,6,2,8,0,3,25,0,28,0,3,31,2,36,2,2,4,40
06/21/2010,HUT,KS,ACE,CE,Federal Contract Tower,0,0,18,8,26,0,10,43,0,53,0,10,61,8,79,143,11,154,233
06/22/2010,HUT,KS,ACE,CE,Federal Contract Tower,0,1,7,6,14,0,5,26,0,31,0,6,33,6,45,135,2,137,182
06/23/2010,HUT,KS,ACE,CE,Federal Contract Tower,0,1,11,2,14,0,10,31,0,41,0,11,42,2,55,51,2,53,108
06/24/2010,HUT,KS,ACE,CE,Federal Contract Tower,0,0,18,2,20,0,4,47,0,51,0,4,65,2,71,109,12,121,192
06/25/2010,HUT,KS,ACE,CE,Federal Contract Tower,0,0,12,6,18,0,5,31,0,36,0,5,43,6,54,124,6,130,184
06/26/2010,HUT,KS,ACE,CE,Federal Contract Tower,0,0,10,0,10,0,5,26,0,31,0,5,36,0,41,14,0,14,55
06/27/2010,HUT,KS,ACE,CE,Federal Contract Tower,0,2,3,3,8,0,0,48,0,48,0,2,51,3,56,50,0,50,106
06/28/2010,HUT,KS,ACE,CE,Federal Contract Tower,0,2,12,18,32,0,6,56,0,62,0,8,68,18,94,167,48,215,309
06/29/2010,HUT,KS,ACE,CE,Federal Contract Tower,0,2,7,20,29,0,6,35,4,45,0,8,42,24,74,104,24,128,202
06/30/2010,HUT,KS,ACE,CE,Federal Contract Tower,0,0,4,2,6,0,0,39,0,39,0,0,43,2,45,117,0,117,162
07/01/2010,HUT,KS,ACE,CE,Federal Contract Tower,0,0,8,8,16,0,6,23,4,33,0,6,31,12,49,76,16,92,141
07/02/2010,HUT,KS,ACE,CE,Federal Contract Tower,0,0,13,0,13,0,2,19,0,21,0,2,32,0,34,51,0,51,85
07/03/2010,HUT,KS,ACE,CE,Federal Contract Tower,0,0,5,0,5,0,0,3,0,3,0,0,8,0,8,0,0,0,8
07/04/2010,HUT,KS,ACE,CE,Federal Contract Tower,0,0,0,0,0,0,0,0,0,0,0,0,0,0,0,0,0,0,0
07/05/2010,HUT,KS,ACE,CE,Federal Contract Tower,0,0,6,0,6,0,2,8,0,10,0,2,14,0,16,11,0,11,27
07/06/2010,HUT,KS,ACE,CE,Federal Contract Tower,0,0,8,8,16,0,4,8,0,12,0,4,16,8,28,73,44,117,145
07/07/2010,HUT,KS,ACE,CE,Federal Contract Tower,0,4,13,8,25,0,0,32,0,32,0,4,45,8,57,126,10,136,193
07/08/2010,HUT,KS,ACE,CE,Federal Contract Tower,0,5,22,6,33,0,2,13,0,15,0,7,35,6,48,54,6,60,108
07/09/2010,HUT,KS,ACE,CE,Federal Contract Tower,0,4,24,17,45,2,7,53,1,63,2,11,77,18,108,98,43,141,249
07/10/2010,HUT,KS,ACE,CE,Federal Contract Tower,0,0,8,8,16,0,4,23,0,27,0,4,31,8,43,8,4,12,55
07/11/2010,HUT,KS,ACE,CE,Federal Contract Tower,0,0,8,11,19,0,2,18,1,21,0,2,26,12,40,12,28,40,80
07/12/2010,HUT,KS,ACE,CE,Federal Contract Tower,0,0,8,6,14,0,2,24,1,27,0,2,32,7,41,65,12,77,118
07/13/2010,HUT,KS,ACE,CE,Federal Contract Tower,0,0,10,3,13,0,4,33,2,39,0,4,43,5,52,96,24,120,172
07/14/2010,HUT,KS,ACE,CE,Federal Contract Tower,0,7,8,10,25,0,2,20,2,24,0,9,28,12,49,85,14,99,148
07/15/2010,HUT,KS,ACE,CE,Federal Contract Tower,0,1,15,2,18,0,4,14,0,18,0,5,29,2,36,0,0,0,36
07/16/2010,HUT,KS,ACE,CE,Federal Contract Tower,0,2,11,10,23,0,4,22,2,28,0,6,33,12,51,58,14,72,123
07/17/2010,HUT,KS,ACE,CE,Federal Contract Tower,0,0,11,1,12,0,0,79,0,79,0,0,90,1,91,70,0,70,161
07/18/2010,HUT,KS,ACE,CE,Federal Contract Tower,0,0,9,0,9,0,2,33,0,35,0,2,42,0,44,14,0,14,58
07/19/2010,HUT,KS,ACE,CE,Federal Contract Tower,0,0,9,2,11,0,2,19,0,21,0,2,28,2,32,66,0,66,98
07/20/2010,HUT,KS,ACE,CE,Federal Contract Tower,0,0,9,2,11,0,0,28,4,32,0,0,37,6,43,67,4,71,114
07/21/2010,HUT,KS,ACE,CE,Federal Contract Tower,0,0,16,2,18,0,34,16,2,52,0,34,32,4,70,78,4,82,152
07/22/2010,HUT,KS,ACE,CE,Federal Contract Tower,0,3,14,6,23,0,0,33,3,36,0,3,47,9,59,71,18,89,148
07/23/2010,HUT,KS,ACE,CE,Federal Contract Tower,0,0,8,0,8,0,6,33,0,39,0,6,41,0,47,60,0,60,107
07/24/2010,HUT,KS,ACE,CE,Federal Contract Tower,0,0,1,0,1,0,4,18,0,22,0,4,19,0,23,40,0,40,63
07/25/2010,HUT,KS,ACE,CE,Federal Contract Tower,0,2,7,0,9,0,0,30,0,30,0,2,37,0,39,4,0,4,43
07/26/2010,HUT,KS,ACE,CE,Federal Contract Tower,0,0,7,8,15,0,6,45,0,51,0,6,52,8,66,112,14,126,192
07/27/2010,HUT,KS,ACE,CE,Federal Contract Tower,0,0,5,10,15,0,2,25,3,30,0,2,30,13,45,76,12,88,133
07/28/2010,HUT,KS,ACE,CE,Federal Contract Tower,0,0,22,20,42,0,17,41,8,66,0,17,63,28,108,140,14,154,262
07/29/2010,HUT,KS,ACE,CE,Federal Contract Tower,0,4,22,4,30,0,10,40,0,50,0,14,62,4,80,78,2,80,160
07/30/2010,HUT,KS,ACE,CE,Federal Contract Tower,0,2,19,0,21,0,17,15,0,32,0,19,34,0,53,99,0,99,152
07/31/2010,HUT,KS,ACE,CE,Federal Contract Tower,0,0,10,0,10,0,2,24,4,30,0,2,34,4,40,50,2,52,92
08/01/2010,HUT,KS,ACE,CE,Federal Contract Tower,0,0,7,0,7,0,0,44,0,44,0,0,51,0,51,30,0,30,81
08/02/2010,HUT,KS,ACE,CE,Federal Contract Tower,0,0,6,20,26,0,6,25,2,33,0,6,31,22,59,58,40,98,157
08/03/2010,HUT,KS,ACE,CE,Federal Contract Tower,0,2,12,16,30,0,2,33,0,35,0,4,45,16,65,69,22,91,156
08/04/2010,HUT,KS,ACE,CE,Federal Contract Tower,0,0,3,0,3,0,2,23,0,25,0,2,26,0,28,91,0,91,119
08/05/2010,HUT,KS,ACE,CE,Federal Contract Tower,0,0,8,16,24,0,6,29,0,35,0,6,37,16,59,74,6,80,139
08/06/2010,HUT,KS,ACE,CE,Federal Contract Tower,0,0,13,4,17,0,2,37,0,39,0,2,50,4,56,77,0,77,133
08/07/2010,HUT,KS,ACE,CE,Federal Contract Tower,0,0,15,0,15,0,5,16,0,21,0,5,31,0,36,50,0,50,86
08/08/2010,HUT,KS,ACE,CE,Federal Contract Tower,0,0,8,0,8,0,0,19,0,19,0,0,27,0,27,32,0,32,59
08/09/2010,HUT,KS,ACE,CE,Federal Contract Tower,0,1,16,18,35,0,0,19,0,19,0,1,35,18,54,100,6,106,160
08/10/2010,HUT,KS,ACE,CE,Federal Contract Tower,0,0,9,14,23,0,8,21,0,29,0,8,30,14,52,84,8,92,144
08/11/2010,HUT,KS,ACE,CE,Federal Contract Tower,0,0,4,4,8,0,10,35,0,45,0,10,39,4,53,66,12,78,131
08/12/2010,HUT,KS,ACE,CE,Federal Contract Tower,0,0,4,0,4,0,2,24,0,26,0,2,28,0,30,58,0,58,88
08/13/2010,HUT,KS,ACE,CE,Federal Contract Tower,0,0,2,0,2,0,2,14,0,16,0,2,16,0,18,20,0,20,38
08/14/2010,HUT,KS,ACE,CE,Federal Contract Tower,0,0,8,0,8,0,0,22,8,30,0,0,30,8,38,22,0,22,60
08/15/2010,HUT,KS,ACE,CE,Federal Contract Tower,0,0,8,0,8,0,3,20,0,23,0,3,28,0,31,17,0,17,48
08/16/2010,HUT,KS,ACE,CE,Federal Contract Tower,0,0,15,8,23,0,8,31,2,41,0,8,46,10,64,113,10,123,187
08/17/2010,HUT,KS,ACE,CE,Federal Contract Tower,0,4,16,0,20,0,0,0,0,0,0,4,16,0,20,4,0,4,24
08/18/2010,HUT,KS,ACE,CE,Federal Contract Tower,0,1,10,2,13,0,12,26,0,38,0,13,36,2,51,86,4,90,141
08/19/2010,HUT,KS,ACE,CE,Federal Contract Tower,0,6,10,0,16,0,23,34,0,57,0,29,44,0,73,78,0,78,151
08/20/2010,HUT,KS,ACE,CE,Federal Contract Tower,0,2,10,2,14,0,10,33,0,43,0,12,43,2,57,92,6,98,155
08/21/2010,HUT,KS,ACE,CE,Federal Contract Tower,0,0,7,0,7,0,10,26,4,40,0,10,33,4,47,57,2,59,106
08/22/2010,HUT,KS,ACE,CE,Federal Contract Tower,0,0,4,0,4,0,6,27,2,35,0,6,31,2,39,72,0,72,111
08/23/2010,HUT,KS,ACE,CE,Federal Contract Tower,0,2,16,8,26,0,3,44,0,47,0,5,60,8,73,109,14,123,196
08/24/2010,HUT,KS,ACE,CE,Federal Contract Tower,0,0,12,4,16,0,12,32,1,45,0,12,44,5,61,117,0,117,178
08/25/2010,HUT,KS,ACE,CE,Federal Contract Tower,0,0,8,2,10,0,12,57,0,69,0,12,65,2,79,89,0,89,168
08/26/2010,HUT,KS,ACE,CE,Federal Contract Tower,0,7,17,13,37,0,7,24,10,41,0,14,41,23,78,98,22,120,198
08/27/2010,HUT,KS,ACE,CE,Federal Contract Tower,0,2,12,1,15,0,2,29,0,31,0,4,41,1,46,50,0,50,96
08/28/2010,HUT,KS,ACE,CE,Federal Contract Tower,0,0,4,0,4,0,0,49,0,49,0,0,53,0,53,16,0,16,69
08/29/2010,HUT,KS,ACE,CE,Federal Contract Tower,0,0,9,0,9,0,0,16,0,16,0,0,25,0,25,8,0,8,33
08/30/2010,HUT,KS,ACE,CE,Federal Contract Tower,0,0,19,4,23,0,3,25,0,28,0,3,44,4,51,104,0,104,155
08/31/2010,HUT,KS,ACE,CE,Federal Contract Tower,0,0,12,8,20,0,3,30,0,33,0,3,42,8,53,72,10,82,135
09/01/2010,HUT,KS,ACE,CE,Federal Contract Tower,0,0,19,0,19,0,4,17,0,21,0,4,36,0,40,46,0,46,86
09/02/2010,HUT,KS,ACE,CE,Federal Contract Tower,0,0,9,0,9,0,6,16,0,22,0,6,25,0,31,62,0,62,93
09/03/2010,HUT,KS,ACE,CE,Federal Contract Tower,0,0,16,11,27,0,6,48,0,54,0,6,64,11,81,44,22,66,147
09/04/2010,HUT,KS,ACE,CE,Federal Contract Tower,0,0,4,0,4,0,0,22,0,22,0,0,26,0,26,8,0,8,34
09/05/2010,HUT,KS,ACE,CE,Federal Contract Tower,0,0,9,0,9,0,0,18,0,18,0,0,27,0,27,8,0,8,35
09/06/2010,HUT,KS,ACE,CE,Federal Contract Tower,0,0,9,0,9,0,4,12,0,16,0,4,21,0,25,0,0,0,25
09/07/2010,HUT,KS,ACE,CE,Federal Contract Tower,0,0,5,2,7,0,4,39,0,43,0,4,44,2,50,66,14,80,130
09/08/2010,HUT,KS,ACE,CE,Federal Contract Tower,0,3,7,0,10,0,0,8,0,8,0,3,15,0,18,48,0,48,66
09/09/2010,HUT,KS,ACE,CE,Federal Contract Tower,0,5,25,4,34,0,0,10,0,10,0,5,35,4,44,30,4,34,78
09/10/2010,HUT,KS,ACE,CE,Federal Contract Tower,0,2,8,0,10,0,7,26,0,33,0,9,34,0,43,24,0,24,67
09/11/2010,HUT,KS,ACE,CE,Federal Contract Tower,0,0,6,0,6,0,6,30,3,39,0,6,36,3,45,13,26,39,84
09/12/2010,HUT,KS,ACE,CE,Federal Contract Tower,0,0,13,0,13,0,4,22,0,26,0,4,35,0,39,8,0,8,47
09/13/2010,HUT,KS,ACE,CE,Federal Contract Tower,0,0,20,5,25,0,6,22,1,29,0,6,42,6,54,100,0,100,154
09/14/2010,HUT,KS,ACE,CE,Federal Contract Tower,0,2,14,2,18,0,2,20,0,22,0,4,34,2,40,70,0,70,110
09/15/2010,HUT,KS,ACE,CE,Federal Contract Tower,0,2,15,4,21,0,9,20,0,29,0,11,35,4,50,87,0,87,137
09/16/2010,HUT,KS,ACE,CE,Federal Contract Tower,0,0,15,4,19,0,3,46,0,49,0,3,61,4,68,104,8,112,180
09/17/2010,HUT,KS,ACE,CE,Federal Contract Tower,0,0,21,4,25,0,3,41,0,44,0,3,62,4,69,46,2,48,117
09/18/2010,HUT,KS,ACE,CE,Federal Contract Tower,0,0,5,1,6,0,0,37,1,38,0,0,42,2,44,14,6,20,64
09/19/2010,HUT,KS,ACE,CE,Federal Contract Tower,0,3,17,0,20,0,0,10,0,10,0,3,27,0,30,22,0,22,52
09/20/2010,HUT,KS,ACE,CE,Federal Contract Tower,0,0,14,2,16,0,4,17,0,21,0,4,31,2,37,16,0,16,53
09/21/2010,HUT,KS,ACE,CE,Federal Contract Tower,0,2,9,6,17,0,2,20,0,22,0,4,29,6,39,40,8,48,87
09/22/2010,HUT,KS,ACE,CE,Federal Contract Tower,0,4,8,4,16,0,0,27,0,27,0,4,35,4,43,93,4,97,140
09/23/2010,HUT,KS,ACE,CE,Federal Contract Tower,0,4,5,0,9,0,0,4,0,4,0,4,9,0,13,52,0,52,65
09/24/2010,HUT,KS,ACE,CE,Federal Contract Tower,0,0,22,2,24,0,4,28,0,32,0,4,50,2,56,10,8,18,74
09/25/2010,HUT,KS,ACE,CE,Federal Contract Tower,0,0,15,0,15,0,0,17,0,17,0,0,32,0,32,8,0,8,40
09/26/2010,HUT,KS,ACE,CE,Federal Contract Tower,0,0,16,2,18,0,2,24,0,26,0,2,40,2,44,20,2,22,66
09/27/2010,HUT,KS,ACE,CE,Federal Contract Tower,0,2,4,8,14,0,3,28,0,31,0,5,32,8,45,50,20,70,115
09/28/2010,HUT,KS,ACE,CE,Federal Contract Tower,0,0,4,6,10,0,1,23,1,25,0,1,27,7,35,52,2,54,89
09/29/2010,HUT,KS,ACE,CE,Federal Contract Tower,0,3,3,10,16,0,8,26,2,36,0,11,29,12,52,82,22,104,156
09/30/2010,HUT,KS,ACE,CE,Federal Contract Tower,0,0,11,4,15,0,4,49,0,53,0,4,60,4,68,72,6,78,146
10/01/2010,HUT,KS,ACE,CE,Federal Contract Tower,0,4,9,6,19,0,11,36,0,47,0,15,45,6,66,22,14,36,102
10/02/2010,HUT,KS,ACE,CE,Federal Contract Tower,0,0,10,0,10,0,2,26,0,28,0,2,36,0,38,18,0,18,56
10/03/2010,HUT,KS,ACE,CE,Federal Contract Tower,0,0,7,0,7,0,0,20,0,20,0,0,27,0,27,34,0,34,61
10/04/2010,HUT,KS,ACE,CE,Federal Contract Tower,0,0,5,4,9,0,10,43,0,53,0,10,48,4,62,128,2,130,192
10/05/2010,HUT,KS,ACE,CE,Federal Contract Tower,0,2,6,6,14,0,4,11,0,15,0,6,17,6,29,38,12,50,79
10/06/2010,HUT,KS,ACE,CE,Federal Contract Tower,0,0,7,11,18,0,0,27,2,29,0,0,34,13,47,30,18,48,95
10/07/2010,HUT,KS,ACE,CE,Federal Contract Tower,0,0,3,1,4,0,10,28,3,41,0,10,31,4,45,78,0,78,123
10/08/2010,HUT,KS,ACE,CE,Federal Contract Tower,0,2,12,4,18,0,6,22,6,34,0,8,34,10,52,16,6,22,74
10/09/2010,HUT,KS,ACE,CE,Federal Contract Tower,0,0,10,0,10,0,0,21,0,21,0,0,31,0,31,14,0,14,45
10/10/2010,HUT,KS,ACE,CE,Federal Contract Tower,0,2,3,0,5,0,0,14,0,14,0,2,17,0,19,18,0,18,37
10/11/2010,HUT,KS,ACE,CE,Federal Contract Tower,0,2,18,0,20,0,3,9,0,12,0,5,27,0,32,34,0,34,66
10/12/2010,HUT,KS,ACE,CE,Federal Contract Tower,0,0,6,0,6,0,8,23,0,31,0,8,29,0,37,104,0,104,141
10/13/2010,HUT,KS,ACE,CE,Federal Contract Tower,0,2,9,4,15,0,6,41,0,47,0,8,50,4,62,106,2,108,170
10/14/2010,HUT,KS,ACE,CE,Federal Contract Tower,0,0,8,3,11,0,0,35,1,36,0,0,43,4,47,126,0,126,173
10/15/2010,HUT,KS,ACE,CE,Federal Contract Tower,0,9,4,6,19,0,5,48,0,53,0,14,52,6,72,46,4,50,122
10/16/2010,HUT,KS,ACE,CE,Federal Contract Tower,0,1,10,0,11,0,1,36,0,37,0,2,46,0,48,14,0,14,62
10/17/2010,HUT,KS,ACE,CE,Federal Contract Tower,0,0,8,0,8,0,2,11,0,13,0,2,19,0,21,22,0,22,43
10/18/2010,HUT,KS,ACE,CE,Federal Contract Tower,0,3,11,4,18,0,9,46,2,57,0,12,57,6,75,143,10,153,228
10/19/2010,HUT,KS,ACE,CE,Federal Contract Tower,0,0,18,0,18,0,3,38,0,41,0,3,56,0,59,102,0,102,161
10/20/2010,HUT,KS,ACE,CE,Federal Contract Tower,0,0,10,1,11,0,2,32,2,36,0,2,42,3,47,64,0,64,111
10/21/2010,HUT,KS,ACE,CE,Federal Contract Tower,0,0,4,4,8,0,0,16,0,16,0,0,20,4,24,48,0,48,72
10/22/2010,HUT,KS,ACE,CE,Federal Contract Tower,0,5,12,0,17,0,9,9,0,18,0,14,21,0,35,8,0,8,43
10/23/2010,HUT,KS,ACE,CE,Federal Contract Tower,0,0,2,0,2,0,2,17,0,19,0,2,19,0,21,0,0,0,21
10/24/2010,HUT,KS,ACE,CE,Federal Contract Tower,0,0,9,0,9,0,0,31,0,31,0,0,40,0,40,60,0,60,100
10/25/2010,HUT,KS,ACE,CE,Federal Contract Tower,0,0,7,0,7,0,4,28,0,32,0,4,35,0,39,99,0,99,138
10/26/2010,HUT,KS,ACE,CE,Federal Contract Tower,0,0,15,7,22,0,12,62,0,74,0,12,77,7,96,61,15,76,172
10/27/2010,HUT,KS,ACE,CE,Federal Contract Tower,0,2,13,11,26,0,7,54,0,61,0,9,67,11,87,67,10,77,164
10/28/2010,HUT,KS,ACE,CE,Federal Contract Tower,0,0,14,6,20,0,0,41,2,43,0,0,55,8,63,91,12,103,166
10/29/2010,HUT,KS,ACE,CE,Federal Contract Tower,0,0,13,0,13,0,1,36,0,37,0,1,49,0,50,54,0,54,104
10/30/2010,HUT,KS,ACE,CE,Federal Contract Tower,0,0,6,0,6,0,2,45,0,47,0,2,51,0,53,58,0,58,111
10/31/2010,HUT,KS,ACE,CE,Federal Contract Tower,0,0,8,1,9,0,0,28,0,28,0,0,36,1,37,30,11,41,78
11/01/2010,HUT,KS,ACE,CE,Federal Contract Tower,0,0,4,10,14,0,5,34,0,39,0,5,38,10,53,139,18,157,210
11/02/2010,HUT,KS,ACE,CE,Federal Contract Tower,0,0,17,8,25,0,6,67,0,73,0,6,84,8,98,150,6,156,254
11/03/2010,HUT,KS,ACE,CE,Federal Contract Tower,0,1,7,4,12,0,0,24,0,24,0,1,31,4,36,80,2,82,118
11/04/2010,HUT,KS,ACE,CE,Federal Contract Tower,0,1,9,4,14,0,5,34,2,41,0,6,43,6,55,114,4,118,173
11/05/2010,HUT,KS,ACE,CE,Federal Contract Tower,0,7,7,12,26,0,16,35,0,51,0,23,42,12,77,72,8,80,157
11/06/2010,HUT,KS,ACE,CE,Federal Contract Tower,0,1,6,0,7,0,0,26,0,26,0,1,32,0,33,58,0,58,91
11/07/2010,HUT,KS,ACE,CE,Federal Contract Tower,0,1,9,0,10,0,6,15,0,21,0,7,24,0,31,46,0,46,77
11/08/2010,HUT,KS,ACE,CE,Federal Contract Tower,0,0,6,2,8,0,3,72,1,76,0,3,78,3,84,136,0,136,220
11/09/2010,HUT,KS,ACE,CE,Federal Contract Tower,0,1,6,6,13,0,19,9,0,28,0,20,15,6,41,90,16,106,147
11/10/2010,HUT,KS,ACE,CE,Federal Contract Tower,0,0,12,8,20,0,10,43,0,53,0,10,55,8,73,112,18,130,203
11/11/2010,HUT,KS,ACE,CE,Federal Contract Tower,0,2,16,0,18,0,2,21,0,23,0,4,37,0,41,20,0,20,61
11/12/2010,HUT,KS,ACE,CE,Federal Contract Tower,0,0,16,0,16,0,0,0,0,0,0,0,16,0,16,0,0,0,16
11/13/2010,HUT,KS,ACE,CE,Federal Contract Tower,0,0,4,0,4,0,2,24,0,26,0,2,28,0,30,64,0,64,94
11/14/2010,HUT,KS,ACE,CE,Federal Contract Tower,0,0,11,0,11,0,2,51,0,53,0,2,62,0,64,44,0,44,108
11/15/2010,HUT,KS,ACE,CE,Federal Contract Tower,0,0,10,4,14,0,4,74,0,78,0,4,84,4,92,136,10,146,238
11/16/2010,HUT,KS,ACE,CE,Federal Contract Tower,0,0,9,6,15,0,2,42,0,44,0,2,51,6,59,144,10,154,213
11/17/2010,HUT,KS,ACE,CE,Federal Contract Tower,0,2,5,0,7,0,1,5,0,6,0,3,10,0,13,114,0,114,127
11/18/2010,HUT,KS,ACE,CE,Federal Contract Tower,0,0,10,4,14,0,8,41,0,49,0,8,51,4,63,146,4,150,213
11/19/2010,HUT,KS,ACE,CE,Federal Contract Tower,0,6,8,5,19,0,4,31,0,35,0,10,39,5,54,86,12,98,152
11/20/2010,HUT,KS,ACE,CE,Federal Contract Tower,0,0,12,0,12,0,0,12,0,12,0,0,24,0,24,30,0,30,54
11/21/2010,HUT,KS,ACE,CE,Federal Contract Tower,0,0,7,0,7,0,0,22,0,22,0,0,29,0,29,36,0,36,65
11/22/2010,HUT,KS,ACE,CE,Federal Contract Tower,0,0,10,0,10,0,4,56,0,60,0,4,66,0,70,100,0,100,170
11/23/2010,HUT,KS,ACE,CE,Federal Contract Tower,0,0,17,4,21,0,6,15,0,21,0,6,32,4,42,46,4,50,92
11/24/2010,HUT,KS,ACE,CE,Federal Contract Tower,0,0,7,0,7,0,10,13,0,23,0,10,20,0,30,32,0,32,62
11/25/2010,HUT,KS,ACE,CE,Federal Contract Tower,0,0,0,0,0,0,0,3,0,3,0,0,3,0,3,0,0,0,3
11/26/2010,HUT,KS,ACE,CE,Federal Contract Tower,0,0,1,0,1,0,0,29,0,29,0,0,30,0,30,32,0,32,62
11/27/2010,HUT,KS,ACE,CE,Federal Contract Tower,0,0,4,0,4,0,4,27,0,31,0,4,31,0,35,34,0,34,69
11/28/2010,HUT,KS,ACE,CE,Federal Contract Tower,0,0,6,0,6,0,2,6,0,8,0,2,12,0,14,0,0,0,14
11/29/2010,HUT,KS,ACE,CE,Federal Contract Tower,0,0,8,0,8,0,2,40,0,42,0,2,48,0,50,95,0,95,145
11/30/2010,HUT,KS,ACE,CE,Federal Contract Tower,0,2,9,12,23,0,7,10,0,17,0,9,19,12,40,44,8,52,92
12/01/2010,HUT,KS,ACE,CE,Federal Contract Tower,0,0,4,3,7,0,2,38,0,40,0,2,42,3,47,64,6,70,117
12/02/2010,HUT,KS,ACE,CE,Federal Contract Tower,0,0,17,0,17,0,8,37,0,45,0,8,54,0,62,102,0,102,164
12/03/2010,HUT,KS,ACE,CE,Federal Contract Tower,0,4,15,4,23,0,6,26,0,32,0,10,41,4,55,52,12,64,119
12/04/2010,HUT,KS,ACE,CE,Federal Contract Tower,0,1,7,0,8,0,0,14,0,14,0,1,21,0,22,18,0,18,40
12/05/2010,HUT,KS,ACE,CE,Federal Contract Tower,0,0,3,0,3,0,2,39,0,41,0,2,42,0,44,66,0,66,110
12/06/2010,HUT,KS,ACE,CE,Federal Contract Tower,0,0,7,6,13,0,0,55,0,55,0,0,62,6,68,123,6,129,197
12/07/2010,HUT,KS,ACE,CE,Federal Contract Tower,0,0,10,0,10,0,0,16,0,16,0,0,26,0,26,8,0,8,34
12/08/2010,HUT,KS,ACE,CE,Federal Contract Tower,0,7,7,4,18,0,7,25,0,32,0,14,32,4,50,54,6,60,110
12/09/2010,HUT,KS,ACE,CE,Federal Contract Tower,0,0,10,8,18,0,6,25,0,31,0,6,35,8,49,36,20,56,105
12/10/2010,HUT,KS,ACE,CE,Federal Contract Tower,0,0,6,2,8,0,13,20,0,33,0,13,26,2,41,68,0,68,109
12/11/2010,HUT,KS,ACE,CE,Federal Contract Tower,0,0,10,0,10,0,2,8,0,10,0,2,18,0,20,2,0,2,22
12/12/2010,HUT,KS,ACE,CE,Federal Contract Tower,0,0,4,0,4,0,2,20,0,22,0,2,24,0,26,40,0,40,66
12/13/2010,HUT,KS,ACE,CE,Federal Contract Tower,0,0,4,0,4,0,0,43,0,43,0,0,47,0,47,124,0,124,171
12/14/2010,HUT,KS,ACE,CE,Federal Contract Tower,0,0,11,13,24,0,2,21,13,36,0,2,32,26,60,128,35,163,223
12/15/2010,HUT,KS,ACE,CE,Federal Contract Tower,0,0,8,6,14,0,2,23,2,27,0,2,31,8,41,60,6,66,107
12/16/2010,HUT,KS,ACE,CE,Federal Contract Tower,0,6,5,2,13,0,6,24,0,30,0,12,29,2,43,116,0,116,159
12/17/2010,HUT,KS,ACE,CE,Federal Contract Tower,0,4,10,4,18,0,4,21,0,25,0,8,31,4,43,50,6,56,99
12/18/2010,HUT,KS,ACE,CE,Federal Contract Tower,0,0,15,0,15,0,4,42,0,46,0,4,57,0,61,54,0,54,115
12/19/2010,HUT,KS,ACE,CE,Federal Contract Tower,0,0,6,0,6,0,0,26,0,26,0,0,32,0,32,71,0,71,103
12/20/2010,HUT,KS,ACE,CE,Federal Contract Tower,0,1,12,6,19,0,4,30,0,34,0,5,42,6,53,147,22,169,222
12/21/2010,HUT,KS,ACE,CE,Federal Contract Tower,0,0,25,6,31,0,2,30,0,32,0,2,55,6,63,76,6,82,145
12/22/2010,HUT,KS,ACE,CE,Federal Contract Tower,0,4,7,12,23,0,2,28,0,30,0,6,35,12,53,46,10,56,109
12/23/2010,HUT,KS,ACE,CE,Federal Contract Tower,0,2,10,0,12,0,0,12,0,12,0,2,22,0,24,20,0,20,44
12/24/2010,HUT,KS,ACE,CE,Federal Contract Tower,0,4,0,0,4,0,1,0,0,1,0,5,0,0,5,0,0,0,5
12/25/2010,HUT,KS,ACE,CE,Federal Contract Tower,0,0,0,0,0,0,0,0,0,0,0,0,0,0,0,0,0,0,0
12/26/2010,HUT,KS,ACE,CE,Federal Contract Tower,0,2,6,0,8,0,0,0,0,0,0,2,6,0,8,0,0,0,8
12/27/2010,HUT,KS,ACE,CE,Federal Contract Tower,0,1,5,0,6,0,2,23,0,25,0,3,28,0,31,102,0,102,133
12/28/2010,HUT,KS,ACE,CE,Federal Contract Tower,0,0,5,0,5,0,11,30,0,41,0,11,35,0,46,126,0,126,172
12/29/2010,HUT,KS,ACE,CE,Federal Contract Tower,0,2,6,2,10,0,0,0,0,0,0,2,6,2,10,14,2,16,26
12/30/2010,HUT,KS,ACE,CE,Federal Contract Tower,0,0,4,0,4,0,0,8,0,8,0,0,12,0,12,22,0,22,34
12/31/2010,HUT,KS,ACE,CE,Federal Contract Tower,0,0,12,0,12,0,1,0,0,1,0,1,12,0,13,0,0,0,13
01/01/2011,HUT,KS,ACE,CE,Federal Contract Tower,0,0,1,0,1,0,0,9,0,9,0,0,10,0,10,18,0,18,28
01/02/2011,HUT,KS,ACE,CE,Federal Contract Tower,0,0,4,0,4,0,0,21,0,21,0,0,25,0,25,14,0,14,39
01/03/2011,HUT,KS,ACE,CE,Federal Contract Tower,0,0,1,0,1,0,0,31,0,31,0,0,32,0,32,116,0,116,148
01/04/2011,HUT,KS,ACE,CE,Federal Contract Tower,0,0,8,3,11,0,2,34,0,36,0,2,42,3,47,105,14,119,166
01/05/2011,HUT,KS,ACE,CE,Federal Contract Tower,0,0,3,8,11,0,12,43,2,57,0,12,46,10,68,94,10,104,172
01/06/2011,HUT,KS,ACE,CE,Federal Contract Tower,0,0,7,6,13,0,8,50,0,58,0,8,57,6,71,112,0,112,183
01/07/2011,HUT,KS,ACE,CE,Federal Contract Tower,0,0,1,19,20,0,16,28,0,44,0,16,29,19,64,56,0,56,120
01/08/2011,HUT,KS,ACE,CE,Federal Contract Tower,0,0,2,0,2,0,7,24,0,31,0,7,26,0,33,60,0,60,93
01/09/2011,HUT,KS,ACE,CE,Federal Contract Tower,0,0,5,0,5,0,7,3,0,10,0,7,8,0,15,12,0,12,27
01/10/2011,HUT,KS,ACE,CE,Federal Contract Tower,0,0,0,0,0,0,0,0,0,0,0,0,0,0,0,0,0,0,0
01/11/2011,HUT,KS,ACE,CE,Federal Contract Tower,0,2,1,2,5,0,9,7,0,16,0,11,8,2,21,34,0,34,55
01/12/2011,HUT,KS,ACE,CE,Federal Contract Tower,0,0,9,0,9,0,4,27,0,31,0,4,36,0,40,78,0,78,118
01/13/2011,HUT,KS,ACE,CE,Federal Contract Tower,0,0,4,2,6,0,6,16,0,22,0,6,20,2,28,58,2,60,88
01/14/2011,HUT,KS,ACE,CE,Federal Contract Tower,0,0,13,0,13,0,15,28,0,43,0,15,41,0,56,54,0,54,110
01/15/2011,HUT,KS,ACE,CE,Federal Contract Tower,0,0,2,0,2,0,4,24,0,28,0,4,26,0,30,70,0,70,100
01/16/2011,HUT,KS,ACE,CE,Federal Contract Tower,0,0,5,0,5,0,4,35,0,39,0,4,40,0,44,38,0,38,82
01/17/2011,HUT,KS,ACE,CE,Federal Contract Tower,0,0,10,0,10,0,0,13,0,13,0,0,23,0,23,10,0,10,33
01/18/2011,HUT,KS,ACE,CE,Federal Contract Tower,0,2,14,0,16,0,8,17,0,25,0,10,31,0,41,68,0,68,109
01/19/2011,HUT,KS,ACE,CE,Federal Contract Tower,0,3,4,0,7,0,0,0,0,0,0,3,4,0,7,10,0,10,17
01/20/2011,HUT,KS,ACE,CE,Federal Contract Tower,0,1,3,0,4,0,5,21,0,26,0,6,24,0,30,42,0,42,72
01/21/2011,HUT,KS,ACE,CE,Federal Contract Tower,0,0,19,7,26,0,12,19,0,31,0,12,38,7,57,38,0,38,95
01/22/2011,HUT,KS,ACE,CE,Federal Contract Tower,0,0,3,0,3,0,2,29,0,31,0,2,32,0,34,44,0,44,78
01/23/2011,HUT,KS,ACE,CE,Federal Contract Tower,0,0,0,0,0,0,0,5,0,5,0,0,5,0,5,6,0,6,11
01/24/2011,HUT,KS,ACE,CE,Federal Contract Tower,0,2,8,6,16,0,2,15,0,17,0,4,23,6,33,40,4,44,77
01/25/2011,HUT,KS,ACE,CE,Federal Contract Tower,0,0,7,9,16,0,10,44,4,58,0,10,51,13,74,78,11,89,163
01/26/2011,HUT,KS,ACE,CE,Federal Contract Tower,0,0,9,3,12,0,0,22,2,24,0,0,31,5,36,44,4,48,84
01/27/2011,HUT,KS,ACE,CE,Federal Contract Tower,0,0,3,4,7,0,10,21,0,31,0,10,24,4,38,104,2,106,144
01/28/2011,HUT,KS,ACE,CE,Federal Contract Tower,0,0,2,5,7,0,12,50,2,64,0,12,52,7,71,58,0,58,129
01/29/2011,HUT,KS,ACE,CE,Federal Contract Tower,0,0,4,0,4,0,2,44,0,46,0,2,48,0,50,48,0,48,98
01/30/2011,HUT,KS,ACE,CE,Federal Contract Tower,0,0,6,4,10,0,1,14,1,16,0,1,20,5,26,22,2,24,50
01/31/2011,HUT,KS,ACE,CE,Federal Contract Tower,0,0,0,0,0,0,0,0,0,0,0,0,0,0,0,8,0,8,8
02/01/2011,HUT,KS,ACE,CE,Federal Contract Tower,0,0,0,0,0,0,0,0,0,0,0,0,0,0,0,0,0,0,0
02/02/2011,HUT,KS,ACE,CE,Federal Contract Tower,0,2,2,0,4,0,2,3,0,5,0,4,5,0,9,16,0,16,25
02/03/2011,HUT,KS,ACE,CE,Federal Contract Tower,0,0,7,4,11,0,3,23,0,26,0,3,30,4,37,62,6,68,105
02/04/2011,HUT,KS,ACE,CE,Federal Contract Tower,0,0,12,13,25,0,4,21,0,25,0,4,33,13,50,44,16,60,110
02/05/2011,HUT,KS,ACE,CE,Federal Contract Tower,0,0,6,0,6,0,4,35,0,39,0,4,41,0,45,56,0,56,101
02/06/2011,HUT,KS,ACE,CE,Federal Contract Tower,0,0,2,0,2,0,3,5,0,8,0,3,7,0,10,26,0,26,36
02/07/2011,HUT,KS,ACE,CE,Federal Contract Tower,0,0,5,8,13,0,5,18,0,23,0,5,23,8,36,132,4,136,172
02/08/2011,HUT,KS,ACE,CE,Federal Contract Tower,0,0,1,0,1,0,0,0,0,0,0,0,1,0,1,0,0,0,1
02/09/2011,HUT,KS,ACE,CE,Federal Contract Tower,0,0,5,0,5,0,2,1,0,3,0,2,6,0,8,38,0,38,46
02/10/2011,HUT,KS,ACE,CE,Federal Contract Tower,0,0,6,1,7,0,2,23,1,26,0,2,29,2,33,92,0,92,125
02/11/2011,HUT,KS,ACE,CE,Federal Contract Tower,0,0,9,4,13,0,2,40,0,42,0,2,49,4,55,56,8,64,119
02/12/2011,HUT,KS,ACE,CE,Federal Contract Tower,0,2,9,0,11,0,0,46,0,46,0,2,55,0,57,46,0,46,103
02/13/2011,HUT,KS,ACE,CE,Federal Contract Tower,0,0,4,0,4,0,2,65,0,67,0,2,69,0,71,56,0,56,127
02/14/2011,HUT,KS,ACE,CE,Federal Contract Tower,0,0,5,10,15,0,2,36,6,44,0,2,41,16,59,98,4,102,161
02/15/2011,HUT,KS,ACE,CE,Federal Contract Tower,0,0,9,6,15,0,0,27,4,31,0,0,36,10,46,38,8,46,92
02/16/2011,HUT,KS,ACE,CE,Federal Contract Tower,0,0,6,13,19,0,6,24,2,32,0,6,30,15,51,64,54,118,169
02/17/2011,HUT,KS,ACE,CE,Federal Contract Tower,0,0,8,4,12,0,0,32,0,32,0,0,40,4,44,76,10,86,130
02/18/2011,HUT,KS,ACE,CE,Federal Contract Tower,0,4,5,15,24,0,2,41,0,43,0,6,46,15,67,68,30,98,165
02/19/2011,HUT,KS,ACE,CE,Federal Contract Tower,0,0,15,0,15,0,0,0,0,0,0,0,15,0,15,0,0,0,15
02/20/2011,HUT,KS,ACE,CE,Federal Contract Tower,0,0,5,0,5,0,2,4,0,6,0,2,9,0,11,4,0,4,15
02/21/2011,HUT,KS,ACE,CE,Federal Contract Tower,0,0,5,0,5,0,0,13,0,13,0,0,18,0,18,10,0,10,28
02/22/2011,HUT,KS,ACE,CE,Federal Contract Tower,0,0,5,4,9,0,0,45,1,46,0,0,50,5,55,64,10,74,129
02/23/2011,HUT,KS,ACE,CE,Federal Contract Tower,0,2,11,12,25,0,8,26,2,36,0,10,37,14,61,72,60,132,193
02/24/2011,HUT,KS,ACE,CE,Federal Contract Tower,0,0,3,0,3,0,0,0,0,0,0,0,3,0,3,0,0,0,3
02/25/2011,HUT,KS,ACE,CE,Federal Contract Tower,0,4,5,0,9,0,1,0,0,1,0,5,5,0,10,0,0,0,10
02/26/2011,HUT,KS,ACE,CE,Federal Contract Tower,0,0,1,0,1,0,0,0,0,0,0,0,1,0,1,0,0,0,1
02/27/2011,HUT,KS,ACE,CE,Federal Contract Tower,0,0,1,0,1,0,0,0,0,0,0,0,1,0,1,0,0,0,1
02/28/2011,HUT,KS,ACE,CE,Federal Contract Tower,0,0,2,6,8,0,2,48,0,50,0,2,50,6,58,170,6,176,234
03/01/2011,HUT,KS,ACE,CE,Federal Contract Tower,0,0,4,2,6,0,2,29,0,31,0,2,33,2,37,132,4,136,173
03/02/2011,HUT,KS,ACE,CE,Federal Contract Tower,0,0,12,17,29,0,0,33,0,33,0,0,45,17,62,66,10,76,138
03/03/2011,HUT,KS,ACE,CE,Federal Contract Tower,0,2,5,6,13,0,13,21,0,34,0,15,26,6,47,103,2,105,152
03/04/2011,HUT,KS,ACE,CE,Federal Contract Tower,0,0,10,10,20,0,0,12,2,14,0,0,22,12,34,26,10,36,70
03/05/2011,HUT,KS,ACE,CE,Federal Contract Tower,0,0,5,0,5,0,0,27,0,27,0,0,32,0,32,26,0,26,58
03/06/2011,HUT,KS,ACE,CE,Federal Contract Tower,0,4,1,6,11,0,2,21,0,23,0,6,22,6,34,32,24,56,90
03/07/2011,HUT,KS,ACE,CE,Federal Contract Tower,0,2,10,0,12,0,0,10,0,10,0,2,20,0,22,100,0,100,122
03/08/2011,HUT,KS,ACE,CE,Federal Contract Tower,0,2,5,0,7,0,0,0,0,0,0,2,5,0,7,0,0,0,7
03/09/2011,HUT,KS,ACE,CE,Federal Contract Tower,0,2,7,4,13,0,4,21,0,25,0,6,28,4,38,82,2,84,122
03/10/2011,HUT,KS,ACE,CE,Federal Contract Tower,0,0,5,8,13,0,2,54,5,61,0,2,59,13,74,106,8,114,188
03/11/2011,HUT,KS,ACE,CE,Federal Contract Tower,0,0,9,4,13,0,1,29,0,30,0,1,38,4,43,84,4,88,131
03/12/2011,HUT,KS,ACE,CE,Federal Contract Tower,0,0,9,0,9,0,4,47,0,51,0,4,56,0,60,56,0,56,116
03/13/2011,HUT,KS,ACE,CE,Federal Contract Tower,0,0,7,0,7,0,1,12,0,13,0,1,19,0,20,6,0,6,26
03/14/2011,HUT,KS,ACE,CE,Federal Contract Tower,0,0,6,0,6,0,1,44,0,45,0,1,50,0,51,100,0,100,151
03/15/2011,HUT,KS,ACE,CE,Federal Contract Tower,0,0,7,0,7,0,6,42,0,48,0,6,49,0,55,108,0,108,163
03/16/2011,HUT,KS,ACE,CE,Federal Contract Tower,0,0,15,10,25,0,0,37,2,39,0,0,52,12,64,58,16,74,138
03/17/2011,HUT,KS,ACE,CE,Federal Contract Tower,0,2,17,2,21,0,2,39,0,41,0,4,56,2,62,64,18,82,144
03/18/2011,HUT,KS,ACE,CE,Federal Contract Tower,0,2,9,2,13,0,0,26,0,26,0,2,35,2,39,2,0,2,41
03/19/2011,HUT,KS,ACE,CE,Federal Contract Tower,0,0,8,0,8,0,0,3,0,3,0,0,11,0,11,0,0,0,11
03/20/2011,HUT,KS,ACE,CE,Federal Contract Tower,0,0,3,0,3,0,2,21,0,23,0,2,24,0,26,8,0,8,34
03/21/2011,HUT,KS,ACE,CE,Federal Contract Tower,0,1,5,0,6,0,2,27,0,29,0,3,32,0,35,94,0,94,129
03/22/2011,HUT,KS,ACE,CE,Federal Contract Tower,0,2,8,2,12,0,14,26,0,40,0,16,34,2,52,20,2,22,74
03/23/2011,HUT,KS,ACE,CE,Federal Contract Tower,0,0,5,14,19,0,0,25,0,25,0,0,30,14,44,20,26,46,90
03/24/2011,HUT,KS,ACE,CE,Federal Contract Tower,0,2,7,0,9,0,2,35,0,37,0,4,42,0,46,124,0,124,170
03/25/2011,HUT,KS,ACE,CE,Federal Contract Tower,0,3,13,2,18,0,3,28,0,31,0,6,41,2,49,62,2,64,113
03/26/2011,HUT,KS,ACE,CE,Federal Contract Tower,0,0,4,0,4,0,0,0,0,0,0,0,4,0,4,0,0,0,4
03/27/2011,HUT,KS,ACE,CE,Federal Contract Tower,0,2,4,0,6,0,2,0,0,2,0,4,4,0,8,0,0,0,8
03/28/2011,HUT,KS,ACE,CE,Federal Contract Tower,0,0,1,4,5,0,0,0,0,0,0,0,1,4,5,0,6,6,11
03/29/2011,HUT,KS,ACE,CE,Federal Contract Tower,0,1,6,0,7,0,0,0,0,0,0,1,6,0,7,2,0,2,9
03/30/2011,HUT,KS,ACE,CE,Federal Contract Tower,0,4,12,2,18,0,0,6,0,6,0,4,18,2,24,36,2,38,62
03/31/2011,HUT,KS,ACE,CE,Federal Contract Tower,0,1,22,2,25,0,7,24,2,33,0,8,46,4,58,62,16,78,136
04/01/2011,HUT,KS,ACE,CE,Federal Contract Tower,0,0,8,1,9,0,12,45,0,57,0,12,53,1,66,70,0,70,136
04/02/2011,HUT,KS,ACE,CE,Federal Contract Tower,0,0,4,0,4,0,0,14,0,14,0,0,18,0,18,0,0,0,18
04/03/2011,HUT,KS,ACE,CE,Federal Contract Tower,0,0,5,0,5,0,0,8,0,8,0,0,13,0,13,14,0,14,27
04/04/2011,HUT,KS,ACE,CE,Federal Contract Tower,0,0,6,2,8,0,0,31,0,31,0,0,37,2,39,54,6,60,99
04/05/2011,HUT,KS,ACE,CE,Federal Contract Tower,0,2,5,6,13,0,2,25,0,27,0,4,30,6,40,36,6,42,82
04/06/2011,HUT,KS,ACE,CE,Federal Contract Tower,0,0,8,2,10,0,2,36,3,41,0,2,44,5,51,68,0,68,119
04/07/2011,HUT,KS,ACE,CE,Federal Contract Tower,0,0,14,6,20,0,2,31,0,33,0,2,45,6,53,68,10,78,131
04/08/2011,HUT,KS,ACE,CE,Federal Contract Tower,0,5,9,0,14,0,2,29,0,31,0,7,38,0,45,48,0,48,93
04/09/2011,HUT,KS,ACE,CE,Federal Contract Tower,0,0,2,0,2,0,4,22,0,26,0,4,24,0,28,56,0,56,84
04/10/2011,HUT,KS,ACE,CE,Federal Contract Tower,0,0,2,0,2,0,0,8,0,8,0,0,10,0,10,20,0,20,30
04/11/2011,HUT,KS,ACE,CE,Federal Contract Tower,0,1,10,12,23,0,3,31,0,34,0,4,41,12,57,120,20,140,197
04/12/2011,HUT,KS,ACE,CE,Federal Contract Tower,0,2,11,2,15,0,11,48,0,59,0,13,59,2,74,136,8,144,218
04/13/2011,HUT,KS,ACE,CE,Federal Contract Tower,0,0,10,4,14,0,2,27,0,29,0,2,37,4,43,82,4,86,129
04/14/2011,HUT,KS,ACE,CE,Federal Contract Tower,0,2,6,0,8,0,6,20,0,26,0,8,26,0,34,62,0,62,96
04/15/2011,HUT,KS,ACE,CE,Federal Contract Tower,0,9,10,0,19,0,0,0,0,0,0,9,10,0,19,0,0,0,19
04/16/2011,HUT,KS,ACE,CE,Federal Contract Tower,0,2,7,0,9,0,2,58,0,60,0,4,65,0,69,90,0,90,159
04/17/2011,HUT,KS,ACE,CE,Federal Contract Tower,0,2,2,0,4,0,2,33,0,35,0,4,35,0,39,70,0,70,109
04/18/2011,HUT,KS,ACE,CE,Federal Contract Tower,0,6,9,8,23,0,0,31,0,31,0,6,40,8,54,154,22,176,230
04/19/2011,HUT,KS,ACE,CE,Federal Contract Tower,0,0,2,5,7,0,0,2,1,3,0,0,4,6,10,32,8,40,50
04/20/2011,HUT,KS,ACE,CE,Federal Contract Tower,0,0,5,5,10,0,8,15,0,23,0,8,20,5,33,78,0,78,111
04/21/2011,HUT,KS,ACE,CE,Federal Contract Tower,0,0,13,0,13,0,2,15,0,17,0,2,28,0,30,46,0,46,76
04/22/2011,HUT,KS,ACE,CE,Federal Contract Tower,0,4,12,0,16,0,9,30,0,39,0,13,42,0,55,46,0,46,101
04/23/2011,HUT,KS,ACE,CE,Federal Contract Tower,0,0,7,0,7,0,2,23,0,25,0,2,30,0,32,26,0,26,58
04/24/2011,HUT,KS,ACE,CE,Federal Contract Tower,0,0,2,0,2,0,0,5,0,5,0,0,7,0,7,0,0,0,7
04/25/2011,HUT,KS,ACE,CE,Federal Contract Tower,0,0,12,0,12,0,2,2,0,4,0,2,14,0,16,4,0,4,20
04/26/2011,HUT,KS,ACE,CE,Federal Contract Tower,0,0,14,11,25,0,10,40,0,50,0,10,54,11,75,72,32,104,179
04/27/2011,HUT,KS,ACE,CE,Federal Contract Tower,0,0,17,5,22,0,2,19,0,21,0,2,36,5,43,46,2,48,91
04/28/2011,HUT,KS,ACE,CE,Federal Contract Tower,0,0,10,18,28,0,14,38,0,52,0,14,48,18,80,66,18,84,164
04/29/2011,HUT,KS,ACE,CE,Federal Contract Tower,0,2,7,2,11,0,4,13,0,17,0,6,20,2,28,12,0,12,40
04/30/2011,HUT,KS,ACE,CE,Federal Contract Tower,0,0,7,8,15,0,4,24,0,28,0,4,31,8,43,18,0,18,61
05/01/2011,HUT,KS,ACE,CE,Federal Contract Tower,0,2,4,0,6,0,4,21,0,25,0,6,25,0,31,22,0,22,53
05/02/2011,HUT,KS,ACE,CE,Federal Contract Tower,0,0,6,10,16,0,1,23,0,24,0,1,29,10,40,106,28,134,174
05/03/2011,HUT,KS,ACE,CE,Federal Contract Tower,0,0,18,6,24,0,0,65,0,65,0,0,83,6,89,114,10,124,213
05/04/2011,HUT,KS,ACE,CE,Federal Contract Tower,0,2,6,2,10,0,2,22,0,24,0,4,28,2,34,38,0,38,72
05/05/2011,HUT,KS,ACE,CE,Federal Contract Tower,0,2,6,2,10,0,6,44,0,50,0,8,50,2,60,96,4,100,160
05/06/2011,HUT,KS,ACE,CE,Federal Contract Tower,0,0,17,2,19,0,7,31,0,38,0,7,48,2,57,54,0,54,111
05/07/2011,HUT,KS,ACE,CE,Federal Contract Tower,0,0,8,0,8,0,0,43,0,43,0,0,51,0,51,66,0,66,117
05/08/2011,HUT,KS,ACE,CE,Federal Contract Tower,0,0,4,0,4,0,0,6,0,6,0,0,10,0,10,4,0,4,14
05/09/2011,HUT,KS,ACE,CE,Federal Contract Tower,0,0,8,8,16,0,10,41,0,51,0,10,49,8,67,107,20,127,194
05/10/2011,HUT,KS,ACE,CE,Federal Contract Tower,0,0,6,10,16,0,6,32,8,46,0,6,38,18,62,104,6,110,172
05/11/2011,HUT,KS,ACE,CE,Federal Contract Tower,0,4,6,0,10,0,9,10,0,19,0,13,16,0,29,62,0,62,91
05/12/2011,HUT,KS,ACE,CE,Federal Contract Tower,0,0,6,16,22,0,0,26,0,26,0,0,32,16,48,74,12,86,134
05/13/2011,HUT,KS,ACE,CE,Federal Contract Tower,0,2,14,2,18,0,1,5,0,6,0,3,19,2,24,0,0,0,24
05/14/2011,HUT,KS,ACE,CE,Federal Contract Tower,0,0,8,0,8,0,2,20,2,24,0,2,28,2,32,58,6,64,96
05/15/2011,HUT,KS,ACE,CE,Federal Contract Tower,0,0,5,0,5,0,3,17,2,22,0,3,22,2,27,44,8,52,79
05/16/2011,HUT,KS,ACE,CE,Federal Contract Tower,0,0,10,4,14,0,2,57,0,59,0,2,67,4,73,174,8,182,255
05/17/2011,HUT,KS,ACE,CE,Federal Contract Tower,0,3,10,10,23,0,2,25,2,29,0,5,35,12,52,24,20,44,96
05/18/2011,HUT,KS,ACE,CE,Federal Contract Tower,0,1,19,12,32,0,0,10,0,10,0,1,29,12,42,52,0,52,94
05/19/2011,HUT,KS,ACE,CE,Federal Contract Tower,0,1,8,0,9,0,0,0,0,0,0,1,8,0,9,0,0,0,9
05/20/2011,HUT,KS,ACE,CE,Federal Contract Tower,0,4,11,16,31,0,6,4,0,10,0,10,15,16,41,8,0,8,49
05/21/2011,HUT,KS,ACE,CE,Federal Contract Tower,0,0,9,0,9,0,3,21,0,24,0,3,30,0,33,60,0,60,93
05/22/2011,HUT,KS,ACE,CE,Federal Contract Tower,0,2,8,0,10,0,1,16,0,17,0,3,24,0,27,20,0,20,47
05/23/2011,HUT,KS,ACE,CE,Federal Contract Tower,0,0,8,4,12,0,1,19,0,20,0,1,27,4,32,89,14,103,135
05/24/2011,HUT,KS,ACE,CE,Federal Contract Tower,0,0,1,0,1,0,1,16,0,17,0,1,17,0,18,40,0,40,58
05/25/2011,HUT,KS,ACE,CE,Federal Contract Tower,0,0,5,0,5,0,2,8,0,10,0,2,13,0,15,42,0,42,57
05/26/2011,HUT,KS,ACE,CE,Federal Contract Tower,0,0,7,0,7,0,6,46,0,52,0,6,53,0,59,170,0,170,229
05/27/2011,HUT,KS,ACE,CE,Federal Contract Tower,0,6,15,20,41,0,6,33,0,39,0,12,48,20,80,56,0,56,136
05/28/2011,HUT,KS,ACE,CE,Federal Contract Tower,0,0,9,0,9,0,0,14,0,14,0,0,23,0,23,24,0,24,47
05/29/2011,HUT,KS,ACE,CE,Federal Contract Tower,0,0,6,0,6,0,0,1,0,1,0,0,7,0,7,0,0,0,7
05/30/2011,HUT,KS,ACE,CE,Federal Contract Tower,0,0,2,0,2,0,2,1,0,3,0,2,3,0,5,0,0,0,5
05/31/2011,HUT,KS,ACE,CE,Federal Contract Tower,0,0,7,23,30,0,2,47,0,49,0,2,54,23,79,124,14,138,217
06/01/2011,HUT,KS,ACE,CE,Federal Contract Tower,0,0,13,4,17,0,0,37,3,40,0,0,50,7,57,59,8,67,124
06/02/2011,HUT,KS,ACE,CE,Federal Contract Tower,0,0,15,2,17,0,3,17,0,20,0,3,32,2,37,82,0,82,119
06/03/2011,HUT,KS,ACE,CE,Federal Contract Tower,0,2,7,8,17,0,4,24,0,28,0,6,31,8,45,72,4,76,121
06/04/2011,HUT,KS,ACE,CE,Federal Contract Tower,0,0,6,0,6,0,0,11,0,11,0,0,17,0,17,26,0,26,43
06/05/2011,HUT,KS,ACE,CE,Federal Contract Tower,0,0,2,9,11,0,1,21,0,22,0,1,23,9,33,28,6,34,67
06/06/2011,HUT,KS,ACE,CE,Federal Contract Tower,0,0,7,14,21,0,1,60,0,61,0,1,67,14,82,77,43,120,202
06/07/2011,HUT,KS,ACE,CE,Federal Contract Tower,0,0,9,10,19,0,2,33,2,37,0,2,42,12,56,56,24,80,136
06/08/2011,HUT,KS,ACE,CE,Federal Contract Tower,0,0,15,17,32,0,2,26,4,32,0,2,41,21,64,37,14,51,115
06/09/2011,HUT,KS,ACE,CE,Federal Contract Tower,0,6,12,9,27,0,4,69,4,77,0,10,81,13,104,97,6,103,207
06/10/2011,HUT,KS,ACE,CE,Federal Contract Tower,0,3,10,4,17,0,4,23,0,27,0,7,33,4,44,52,10,62,106
06/11/2011,HUT,KS,ACE,CE,Federal Contract Tower,0,2,8,0,10,0,5,14,0,19,0,7,22,0,29,60,0,60,89
06/12/2011,HUT,KS,ACE,CE,Federal Contract Tower,0,0,2,0,2,0,2,13,0,15,0,2,15,0,17,16,0,16,33
06/13/2011,HUT,KS,ACE,CE,Federal Contract Tower,0,0,11,2,13,0,8,34,0,42,0,8,45,2,55,98,8,106,161
06/14/2011,HUT,KS,ACE,CE,Federal Contract Tower,0,2,5,2,9,0,0,15,0,15,0,2,20,2,24,50,8,58,82
06/15/2011,HUT,KS,ACE,CE,Federal Contract Tower,0,0,3,18,21,0,3,47,2,52,0,3,50,20,73,122,14,136,209
06/16/2011,HUT,KS,ACE,CE,Federal Contract Tower,0,3,8,4,15,0,3,8,0,11,0,6,16,4,26,56,2,58,84
06/17/2011,HUT,KS,ACE,CE,Federal Contract Tower,0,0,14,4,18,0,2,43,0,45,0,2,57,4,63,70,0,70,133
06/18/2011,HUT,KS,ACE,CE,Federal Contract Tower,0,0,3,0,3,0,2,39,0,41,0,2,42,0,44,32,0,32,76
06/19/2011,HUT,KS,ACE,CE,Federal Contract Tower,0,1,2,0,3,0,0,26,0,26,0,1,28,0,29,18,0,18,47
06/20/2011,HUT,KS,ACE,CE,Federal Contract Tower,0,0,3,0,3,0,2,20,0,22,0,2,23,0,25,45,0,45,70
06/21/2011,HUT,KS,ACE,CE,Federal Contract Tower,0,3,3,1,7,0,6,38,1,45,0,9,41,2,52,114,0,114,166
06/22/2011,HUT,KS,ACE,CE,Federal Contract Tower,0,1,7,16,24,0,6,21,0,27,0,7,28,16,51,84,0,84,135
06/23/2011,HUT,KS,ACE,CE,Federal Contract Tower,0,0,6,2,8,0,16,61,3,80,0,16,67,5,88,138,0,138,226
06/24/2011,HUT,KS,ACE,CE,Federal Contract Tower,0,6,9,0,15,0,11,25,0,36,0,17,34,0,51,78,0,78,129
06/25/2011,HUT,KS,ACE,CE,Federal Contract Tower,0,2,5,0,7,0,4,28,0,32,0,6,33,0,39,62,0,62,101
06/26/2011,HUT,KS,ACE,CE,Federal Contract Tower,0,0,3,0,3,0,0,42,0,42,0,0,45,0,45,56,0,56,101
06/27/2011,HUT,KS,ACE,CE,Federal Contract Tower,0,0,7,12,19,0,13,17,0,30,0,13,24,12,49,93,36,129,178
06/28/2011,HUT,KS,ACE,CE,Federal Contract Tower,0,0,9,2,11,0,6,39,0,45,0,6,48,2,56,94,4,98,154
06/29/2011,HUT,KS,ACE,CE,Federal Contract Tower,0,2,10,3,15,0,3,34,1,38,0,5,44,4,53,90,12,102,155
06/30/2011,HUT,KS,ACE,CE,Federal Contract Tower,0,2,9,6,17,0,8,29,2,39,0,10,38,8,56,76,12,88,144
07/01/2011,HUT,KS,ACE,CE,Federal Contract Tower,0,0,8,0,8,0,4,42,1,47,0,4,50,1,55,66,0,66,121
07/02/2011,HUT,KS,ACE,CE,Federal Contract Tower,0,0,6,0,6,0,1,11,1,13,0,1,17,1,19,14,0,14,33
07/03/2011,HUT,KS,ACE,CE,Federal Contract Tower,0,0,3,0,3,0,3,11,1,15,0,3,14,1,18,20,0,20,38
07/04/2011,HUT,KS,ACE,CE,Federal Contract Tower,0,0,2,0,2,0,3,15,0,18,0,3,17,0,20,12,0,12,32
07/05/2011,HUT,KS,ACE,CE,Federal Contract Tower,0,0,7,8,15,0,0,35,2,37,0,0,42,10,52,64,10,74,126
07/06/2011,HUT,KS,ACE,CE,Federal Contract Tower,0,0,12,3,15,0,6,30,1,37,0,6,42,4,52,72,10,82,134
07/07/2011,HUT,KS,ACE,CE,Federal Contract Tower,0,3,4,0,7,0,6,39,0,45,0,9,43,0,52,122,0,122,174
07/08/2011,HUT,KS,ACE,CE,Federal Contract Tower,0,0,9,0,9,0,2,41,0,43,0,2,50,0,52,68,0,68,120
07/09/2011,HUT,KS,ACE,CE,Federal Contract Tower,0,0,4,0,4,0,3,37,0,40,0,3,41,0,44,48,0,48,92
07/10/2011,HUT,KS,ACE,CE,Federal Contract Tower,0,0,3,0,3,0,0,13,0,13,0,0,16,0,16,4,0,4,20
07/11/2011,HUT,KS,ACE,CE,Federal Contract Tower,0,0,5,12,17,0,2,40,0,42,0,2,45,12,59,105,12,117,176
07/12/2011,HUT,KS,ACE,CE,Federal Contract Tower,0,2,11,6,19,0,6,33,6,45,0,8,44,12,64,70,6,76,140
07/13/2011,HUT,KS,ACE,CE,Federal Contract Tower,0,0,9,14,23,0,4,38,0,42,0,4,47,14,65,68,0,68,133
07/14/2011,HUT,KS,ACE,CE,Federal Contract Tower,0,0,15,0,15,0,0,30,0,30,0,0,45,0,45,92,2,94,139
07/15/2011,HUT,KS,ACE,CE,Federal Contract Tower,0,1,3,6,10,0,3,25,0,28,0,4,28,6,38,50,2,52,90
07/16/2011,HUT,KS,ACE,CE,Federal Contract Tower,0,4,9,0,13,0,0,33,0,33,0,4,42,0,46,14,0,14,60
07/17/2011,HUT,KS,ACE,CE,Federal Contract Tower,0,0,3,10,13,0,2,24,0,26,0,2,27,10,39,38,0,38,77
07/18/2011,HUT,KS,ACE,CE,Federal Contract Tower,0,0,10,8,18,0,2,55,2,59,0,2,65,10,77,74,15,89,166
07/19/2011,HUT,KS,ACE,CE,Federal Contract Tower,0,4,8,6,18,0,1,28,4,33,0,5,36,10,51,20,34,54,105
07/20/2011,HUT,KS,ACE,CE,Federal Contract Tower,0,0,19,15,34,0,0,48,2,50,0,0,67,17,84,45,32,77,161
07/21/2011,HUT,KS,ACE,CE,Federal Contract Tower,0,2,6,2,10,0,6,7,0,13,0,8,13,2,23,16,8,24,47
07/22/2011,HUT,KS,ACE,CE,Federal Contract Tower,0,0,6,11,17,0,2,22,2,26,0,2,28,13,43,26,14,40,83
07/23/2011,HUT,KS,ACE,CE,Federal Contract Tower,0,0,1,0,1,0,2,22,0,24,0,2,23,0,25,8,0,8,33
07/24/2011,HUT,KS,ACE,CE,Federal Contract Tower,0,0,3,0,3,0,2,35,0,37,0,2,38,0,40,46,0,46,86
07/25/2011,HUT,KS,ACE,CE,Federal Contract Tower,0,4,4,0,8,0,8,31,0,39,0,12,35,0,47,94,0,94,141
07/26/2011,HUT,KS,ACE,CE,Federal Contract Tower,0,0,2,8,10,0,2,28,10,40,0,2,30,18,50,58,8,66,116
07/27/2011,HUT,KS,ACE,CE,Federal Contract Tower,0,2,3,12,17,0,2,25,5,32,0,4,28,17,49,56,22,78,127
07/28/2011,HUT,KS,ACE,CE,Federal Contract Tower,0,2,12,0,14,0,0,25,0,25,0,2,37,0,39,98,0,98,137
07/29/2011,HUT,KS,ACE,CE,Federal Contract Tower,0,2,11,7,20,0,4,26,0,30,0,6,37,7,50,44,2,46,96
07/30/2011,HUT,KS,ACE,CE,Federal Contract Tower,0,0,6,0,6,0,4,34,0,38,0,4,40,0,44,14,0,14,58
07/31/2011,HUT,KS,ACE,CE,Federal Contract Tower,0,0,1,4,5,0,0,24,0,24,0,0,25,4,29,36,8,44,73
08/01/2011,HUT,KS,ACE,CE,Federal Contract Tower,0,0,6,0,6,0,14,25,0,39,0,14,31,0,45,62,0,62,107
08/02/2011,HUT,KS,ACE,CE,Federal Contract Tower,0,0,8,0,8,0,0,38,0,38,0,0,46,0,46,58,0,58,104
08/03/2011,HUT,KS,ACE,CE,Federal Contract Tower,0,2,10,4,16,0,4,35,0,39,0,6,45,4,55,70,0,70,125
08/04/2011,HUT,KS,ACE,CE,Federal Contract Tower,0,0,8,0,8,0,4,35,0,39,0,4,43,0,47,99,0,99,146
08/05/2011,HUT,KS,ACE,CE,Federal Contract Tower,0,0,12,0,12,0,2,54,2,58,0,2,66,2,70,92,0,92,162
08/06/2011,HUT,KS,ACE,CE,Federal Contract Tower,0,0,19,0,19,0,2,39,2,43,0,2,58,2,62,36,0,36,98
08/07/2011,HUT,KS,ACE,CE,Federal Contract Tower,0,0,3,0,3,0,2,20,0,22,0,2,23,0,25,28,0,28,53
08/08/2011,HUT,KS,ACE,CE,Federal Contract Tower,0,0,3,0,3,0,4,10,0,14,0,4,13,0,17,44,0,44,61
08/09/2011,HUT,KS,ACE,CE,Federal Contract Tower,0,0,7,10,17,0,10,49,0,59,0,10,56,10,76,126,8,134,210
08/10/2011,HUT,KS,ACE,CE,Federal Contract Tower,0,0,11,0,11,0,16,40,0,56,0,16,51,0,67,56,0,56,123
08/11/2011,HUT,KS,ACE,CE,Federal Contract Tower,0,1,7,12,20,0,4,51,0,55,0,5,58,12,75,122,6,128,203
08/12/2011,HUT,KS,ACE,CE,Federal Contract Tower,0,0,11,7,18,0,3,43,4,50,0,3,54,11,68,80,22,102,170
08/13/2011,HUT,KS,ACE,CE,Federal Contract Tower,0,0,6,0,6,0,0,22,0,22,0,0,28,0,28,56,0,56,84
08/14/2011,HUT,KS,ACE,CE,Federal Contract Tower,0,0,9,0,9,0,0,23,0,23,0,0,32,0,32,80,0,80,112
08/15/2011,HUT,KS,ACE,CE,Federal Contract Tower,0,0,5,4,9,0,0,30,2,32,0,0,35,6,41,132,14,146,187
08/16/2011,HUT,KS,ACE,CE,Federal Contract Tower,0,0,8,4,12,0,0,31,0,31,0,0,39,4,43,92,10,102,145
08/17/2011,HUT,KS,ACE,CE,Federal Contract Tower,0,0,9,10,19,0,0,15,5,20,0,0,24,15,39,36,28,64,103
08/18/2011,HUT,KS,ACE,CE,Federal Contract Tower,0,2,9,5,16,0,4,26,1,31,0,6,35,6,47,42,4,46,93
08/19/2011,HUT,KS,ACE,CE,Federal Contract Tower,0,0,6,0,6,0,6,30,0,36,0,6,36,0,42,54,0,54,96
08/20/2011,HUT,KS,ACE,CE,Federal Contract Tower,0,0,2,0,2,0,0,31,0,31,0,0,33,0,33,42,0,42,75
08/21/2011,HUT,KS,ACE,CE,Federal Contract Tower,0,0,3,12,15,0,1,29,0,30,0,1,32,12,45,44,22,66,111
08/22/2011,HUT,KS,ACE,CE,Federal Contract Tower,0,0,4,0,4,0,2,17,0,19,0,2,21,0,23,38,0,38,61
08/23/2011,HUT,KS,ACE,CE,Federal Contract Tower,0,4,12,0,16,0,0,27,0,27,0,4,39,0,43,60,0,60,103
08/24/2011,HUT,KS,ACE,CE,Federal Contract Tower,0,0,9,2,11,0,4,31,0,35,0,4,40,2,46,82,2,84,130
08/25/2011,HUT,KS,ACE,CE,Federal Contract Tower,0,4,8,9,21,0,8,40,1,49,0,12,48,10,70,104,0,104,174
08/26/2011,HUT,KS,ACE,CE,Federal Contract Tower,0,1,17,2,20,0,2,30,0,32,0,3,47,2,52,58,8,66,118
08/27/2011,HUT,KS,ACE,CE,Federal Contract Tower,0,0,6,0,6,0,2,35,2,39,0,2,41,2,45,22,0,22,67
08/28/2011,HUT,KS,ACE,CE,Federal Contract Tower,0,0,8,0,8,0,2,28,0,30,0,2,36,0,38,28,0,28,66
08/29/2011,HUT,KS,ACE,CE,Federal Contract Tower,0,0,3,8,11,0,8,31,0,39,0,8,34,8,50,88,14,102,152
08/30/2011,HUT,KS,ACE,CE,Federal Contract Tower,0,12,7,6,25,0,2,32,0,34,0,14,39,6,59,90,10,100,159
08/31/2011,HUT,KS,ACE,CE,Federal Contract Tower,0,0,4,8,12,0,12,35,0,47,0,12,39,8,59,104,4,108,167
09/01/2011,HUT,KS,ACE,CE,Federal Contract Tower,0,0,9,13,22,0,2,39,1,42,0,2,48,14,64,50,20,70,134
09/02/2011,HUT,KS,ACE,CE,Federal Contract Tower,0,0,5,4,9,0,6,19,0,25,0,6,24,4,34,48,0,48,82
09/03/2011,HUT,KS,ACE,CE,Federal Contract Tower,0,0,2,0,2,0,2,18,0,20,0,2,20,0,22,48,0,48,70
09/04/2011,HUT,KS,ACE,CE,Federal Contract Tower,0,0,0,0,0,0,0,5,0,5,0,0,5,0,5,0,0,0,5
09/05/2011,HUT,KS,ACE,CE,Federal Contract Tower,0,0,2,0,2,0,0,35,0,35,0,0,37,0,37,84,0,84,121
09/06/2011,HUT,KS,ACE,CE,Federal Contract Tower,0,0,3,10,13,0,0,57,2,59,0,0,60,12,72,116,14,130,202
09/07/2011,HUT,KS,ACE,CE,Federal Contract Tower,0,5,9,2,16,0,2,34,0,36,0,7,43,2,52,93,6,99,151
09/08/2011,HUT,KS,ACE,CE,Federal Contract Tower,0,1,8,5,14,0,0,54,4,58,0,1,62,9,72,121,8,129,201
09/09/2011,HUT,KS,ACE,CE,Federal Contract Tower,0,0,7,4,11,0,0,60,0,60,0,0,67,4,71,69,4,73,144
09/10/2011,HUT,KS,ACE,CE,Federal Contract Tower,0,0,8,0,8,0,4,34,0,38,0,4,42,0,46,48,0,48,94
09/11/2011,HUT,KS,ACE,CE,Federal Contract Tower,0,6,14,0,20,0,6,36,0,42,0,12,50,0,62,22,0,22,84
09/12/2011,HUT,KS,ACE,CE,Federal Contract Tower,0,0,11,0,11,0,7,39,0,46,0,7,50,0,57,82,0,82,139
09/13/2011,HUT,KS,ACE,CE,Federal Contract Tower,0,2,9,2,13,0,2,39,0,41,0,4,48,2,54,52,0,52,106
09/14/2011,HUT,KS,ACE,CE,Federal Contract Tower,0,0,5,2,7,0,0,15,2,17,0,0,20,4,24,20,6,26,50
09/15/2011,HUT,KS,ACE,CE,Federal Contract Tower,0,1,9,10,20,0,2,36,0,38,0,3,45,10,58,66,0,66,124
09/16/2011,HUT,KS,ACE,CE,Federal Contract Tower,0,2,22,7,31,0,0,7,2,9,0,2,29,9,40,16,28,44,84
09/17/2011,HUT,KS,ACE,CE,Federal Contract Tower,0,2,6,0,8,0,2,0,0,2,0,4,6,0,10,0,0,0,10
09/18/2011,HUT,KS,ACE,CE,Federal Contract Tower,0,1,8,0,9,0,0,7,0,7,0,1,15,0,16,12,0,12,28
09/19/2011,HUT,KS,ACE,CE,Federal Contract Tower,0,0,10,6,16,0,0,30,2,32,0,0,40,8,48,80,16,96,144
09/20/2011,HUT,KS,ACE,CE,Federal Contract Tower,0,2,9,6,17,0,0,38,4,42,0,2,47,10,59,100,4,104,163
09/21/2011,HUT,KS,ACE,CE,Federal Contract Tower,0,3,4,3,10,0,7,27,2,36,0,10,31,5,46,70,4,74,120
09/22/2011,HUT,KS,ACE,CE,Federal Contract Tower,0,4,18,20,42,0,4,25,0,29,0,8,43,20,71,76,18,94,165
09/23/2011,HUT,KS,ACE,CE,Federal Contract Tower,0,1,6,10,17,0,11,43,2,56,0,12,49,12,73,50,2,52,125
09/24/2011,HUT,KS,ACE,CE,Federal Contract Tower,0,0,4,0,4,0,0,37,1,38,0,0,41,1,42,22,0,22,64
09/25/2011,HUT,KS,ACE,CE,Federal Contract Tower,0,0,9,2,11,0,2,29,0,31,0,2,38,2,42,26,2,28,70
09/26/2011,HUT,KS,ACE,CE,Federal Contract Tower,0,2,12,4,18,0,2,24,0,26,0,4,36,4,44,78,14,92,136
09/27/2011,HUT,KS,ACE,CE,Federal Contract Tower,0,2,2,7,11,0,4,22,4,30,0,6,24,11,41,114,18,132,173
09/28/2011,HUT,KS,ACE,CE,Federal Contract Tower,0,0,12,6,18,0,0,32,2,34,0,0,44,8,52,84,18,102,154
09/29/2011,HUT,KS,ACE,CE,Federal Contract Tower,0,2,9,0,11,0,3,15,0,18,0,5,24,0,29,16,0,16,45
09/30/2011,HUT,KS,ACE,CE,Federal Contract Tower,0,4,12,0,16,0,2,19,0,21,0,6,31,0,37,28,0,28,65
10/01/2011,HUT,KS,ACE,CE,Federal Contract Tower,0,1,8,0,9,0,0,44,0,44,0,1,52,0,53,50,0,50,103
10/02/2011,HUT,KS,ACE,CE,Federal Contract Tower,0,0,4,0,4,0,0,24,0,24,0,0,28,0,28,20,0,20,48
10/03/2011,HUT,KS,ACE,CE,Federal Contract Tower,0,2,10,2,14,0,2,23,2,27,0,4,33,4,41,48,0,48,89
10/04/2011,HUT,KS,ACE,CE,Federal Contract Tower,0,0,7,5,12,0,6,20,0,26,0,6,27,5,38,90,2,92,130
10/05/2011,HUT,KS,ACE,CE,Federal Contract Tower,0,0,10,3,13,0,6,20,1,27,0,6,30,4,40,54,6,60,100
10/06/2011,HUT,KS,ACE,CE,Federal Contract Tower,0,4,6,4,14,0,16,15,0,31,0,20,21,4,45,68,0,68,113
10/07/2011,HUT,KS,ACE,CE,Federal Contract Tower,0,2,8,0,10,0,0,11,0,11,0,2,19,0,21,56,0,56,77
10/08/2011,HUT,KS,ACE,CE,Federal Contract Tower,0,0,5,0,5,0,1,2,0,3,0,1,7,0,8,0,0,0,8
10/09/2011,HUT,KS,ACE,CE,Federal Contract Tower,0,0,9,0,9,0,0,4,0,4,0,0,13,0,13,0,0,0,13
10/10/2011,HUT,KS,ACE,CE,Federal Contract Tower,0,4,11,0,15,0,2,23,0,25,0,6,34,0,40,62,0,62,102
10/11/2011,HUT,KS,ACE,CE,Federal Contract Tower,0,0,6,6,12,0,2,27,2,31,0,2,33,8,43,87,16,103,146
10/12/2011,HUT,KS,ACE,CE,Federal Contract Tower,0,0,17,6,23,0,3,34,0,37,0,3,51,6,60,69,0,69,129
10/13/2011,HUT,KS,ACE,CE,Federal Contract Tower,0,4,15,5,24,0,10,37,2,49,0,14,52,7,73,92,4,96,169
10/14/2011,HUT,KS,ACE,CE,Federal Contract Tower,0,1,18,8,27,0,4,31,0,35,0,5,49,8,62,76,8,84,146
10/15/2011,HUT,KS,ACE,CE,Federal Contract Tower,0,2,8,0,10,0,0,33,0,33,0,2,41,0,43,66,0,66,109
10/16/2011,HUT,KS,ACE,CE,Federal Contract Tower,0,0,7,0,7,0,2,30,3,35,0,2,37,3,42,60,8,68,110
10/17/2011,HUT,KS,ACE,CE,Federal Contract Tower,0,4,7,8,19,0,2,24,0,26,0,6,31,8,45,64,14,78,123
10/18/2011,HUT,KS,ACE,CE,Federal Contract Tower,0,0,18,6,24,0,2,23,2,27,0,2,41,8,51,40,6,46,97
10/19/2011,HUT,KS,ACE,CE,Federal Contract Tower,0,0,8,7,15,0,6,40,2,48,0,6,48,9,63,41,2,43,106
10/20/2011,HUT,KS,ACE,CE,Federal Contract Tower,0,0,8,7,15,0,0,39,5,44,0,0,47,12,59,68,10,78,137
10/21/2011,HUT,KS,ACE,CE,Federal Contract Tower,0,2,4,14,20,0,5,39,0,44,0,7,43,14,64,104,24,128,192
10/22/2011,HUT,KS,ACE,CE,Federal Contract Tower,0,0,6,0,6,0,5,39,0,44,0,5,45,0,50,56,0,56,106
10/23/2011,HUT,KS,ACE,CE,Federal Contract Tower,0,0,10,0,10,0,1,62,0,63,0,1,72,0,73,71,0,71,144
10/24/2011,HUT,KS,ACE,CE,Federal Contract Tower,0,2,3,4,9,0,0,38,0,38,0,2,41,4,47,62,6,68,115
10/25/2011,HUT,KS,ACE,CE,Federal Contract Tower,0,1,4,2,7,0,8,34,0,42,0,9,38,2,49,72,0,72,121
10/26/2011,HUT,KS,ACE,CE,Federal Contract Tower,0,0,12,17,29,0,6,20,0,26,0,6,32,17,55,62,0,62,117
10/27/2011,HUT,KS,ACE,CE,Federal Contract Tower,0,4,11,6,21,0,6,41,0,47,0,10,52,6,68,50,4,54,122
10/28/2011,HUT,KS,ACE,CE,Federal Contract Tower,0,2,14,6,22,0,4,28,2,34,0,6,42,8,56,48,0,48,104
10/29/2011,HUT,KS,ACE,CE,Federal Contract Tower,0,0,9,0,9,0,0,25,0,25,0,0,34,0,34,34,0,34,68
10/30/2011,HUT,KS,ACE,CE,Federal Contract Tower,0,0,3,2,5,0,0,39,2,41,0,0,42,4,46,38,8,46,92
10/31/2011,HUT,KS,ACE,CE,Federal Contract Tower,0,0,2,6,8,0,2,35,0,37,0,2,37,6,45,104,8,112,157
11/01/2011,HUT,KS,ACE,CE,Federal Contract Tower,0,0,5,11,16,0,5,26,1,32,0,5,31,12,48,78,12,90,138
11/02/2011,HUT,KS,ACE,CE,Federal Contract Tower,0,1,0,0,1,0,2,0,0,2,0,3,0,0,3,36,0,36,39
11/03/2011,HUT,KS,ACE,CE,Federal Contract Tower,0,3,12,6,21,0,12,39,4,55,0,15,51,10,76,90,0,90,166
11/04/2011,HUT,KS,ACE,CE,Federal Contract Tower,0,0,9,2,11,0,0,42,0,42,0,0,51,2,53,35,4,39,92
11/05/2011,HUT,KS,ACE,CE,Federal Contract Tower,0,0,8,0,8,0,4,9,0,13,0,4,17,0,21,6,0,6,27
11/06/2011,HUT,KS,ACE,CE,Federal Contract Tower,0,0,9,0,9,0,1,33,0,34,0,1,42,0,43,50,0,50,93
11/07/2011,HUT,KS,ACE,CE,Federal Contract Tower,0,1,4,0,5,0,0,0,0,0,0,1,4,0,5,8,0,8,13
11/08/2011,HUT,KS,ACE,CE,Federal Contract Tower,0,2,11,0,13,0,0,0,0,0,0,2,11,0,13,0,0,0,13
11/09/2011,HUT,KS,ACE,CE,Federal Contract Tower,0,5,13,2,20,0,10,39,0,49,0,15,52,2,69,82,6,88,157
11/10/2011,HUT,KS,ACE,CE,Federal Contract Tower,0,0,13,2,15,0,4,46,0,50,0,4,59,2,65,46,0,46,111
11/11/2011,HUT,KS,ACE,CE,Federal Contract Tower,0,0,6,0,6,0,2,48,0,50,0,2,54,0,56,58,0,58,114
11/12/2011,HUT,KS,ACE,CE,Federal Contract Tower,0,2,4,0,6,0,1,15,0,16,0,3,19,0,22,4,0,4,26
11/13/2011,HUT,KS,ACE,CE,Federal Contract Tower,0,0,4,0,4,0,0,40,0,40,0,0,44,0,44,58,0,58,102
11/14/2011,HUT,KS,ACE,CE,Federal Contract Tower,0,0,6,8,14,0,2,33,0,35,0,2,39,8,49,102,20,122,171
11/15/2011,HUT,KS,ACE,CE,Federal Contract Tower,0,0,3,2,5,0,8,29,0,37,0,8,32,2,42,72,2,74,116
11/16/2011,HUT,KS,ACE,CE,Federal Contract Tower,0,0,7,0,7,0,6,18,0,24,0,6,25,0,31,44,0,44,75
11/17/2011,HUT,KS,ACE,CE,Federal Contract Tower,0,0,13,8,21,0,8,38,0,46,0,8,51,8,67,80,0,80,147
11/18/2011,HUT,KS,ACE,CE,Federal Contract Tower,0,4,12,4,20,0,7,14,0,21,0,11,26,4,41,10,0,10,51
11/19/2011,HUT,KS,ACE,CE,Federal Contract Tower,0,0,3,0,3,0,4,9,0,13,0,4,12,0,16,24,0,24,40
11/20/2011,HUT,KS,ACE,CE,Federal Contract Tower,0,0,2,0,2,0,2,2,0,4,0,2,4,0,6,0,0,0,6
11/21/2011,HUT,KS,ACE,CE,Federal Contract Tower,0,0,10,2,12,0,2,3,0,5,0,2,13,2,17,12,0,12,29
11/22/2011,HUT,KS,ACE,CE,Federal Contract Tower,0,4,10,0,14,0,7,21,2,30,0,11,31,2,44,18,0,18,62
11/23/2011,HUT,KS,ACE,CE,Federal Contract Tower,0,2,12,2,16,0,0,49,0,49,0,2,61,2,65,52,2,54,119
11/24/2011,HUT,KS,ACE,CE,Federal Contract Tower,0,0,0,0,0,0,0,6,0,6,0,0,6,0,6,0,0,0,6
11/25/2011,HUT,KS,ACE,CE,Federal Contract Tower,0,0,2,0,2,0,2,5,0,7,0,2,7,0,9,0,0,0,9
11/26/2011,HUT,KS,ACE,CE,Federal Contract Tower,0,0,1,0,1,0,4,2,0,6,0,4,3,0,7,0,0,0,7
11/27/2011,HUT,KS,ACE,CE,Federal Contract Tower,0,0,8,0,8,0,0,26,0,26,0,0,34,0,34,32,0,32,66
11/28/2011,HUT,KS,ACE,CE,Federal Contract Tower,0,4,13,4,21,0,0,53,2,55,0,4,66,6,76,134,6,140,216
11/29/2011,HUT,KS,ACE,CE,Federal Contract Tower,0,5,16,2,23,0,4,37,1,42,0,9,53,3,65,62,12,74,139
11/30/2011,HUT,KS,ACE,CE,Federal Contract Tower,0,0,3,2,5,0,2,21,0,23,0,2,24,2,28,12,2,14,42
12/01/2011,HUT,KS,ACE,CE,Federal Contract Tower,0,2,6,5,13,0,2,30,4,36,0,4,36,9,49,80,4,84,133
12/02/2011,HUT,KS,ACE,CE,Federal Contract Tower,0,1,3,16,20,0,5,4,0,9,0,6,7,16,29,6,4,10,39
12/03/2011,HUT,KS,ACE,CE,Federal Contract Tower,0,0,1,0,1,0,0,0,0,0,0,0,1,0,1,0,0,0,1
12/04/2011,HUT,KS,ACE,CE,Federal Contract Tower,0,0,0,0,0,0,4,17,0,21,0,4,17,0,21,28,0,28,49
12/05/2011,HUT,KS,ACE,CE,Federal Contract Tower,0,0,10,8,18,0,2,33,0,35,0,2,43,8,53,42,6,48,101
12/06/2011,HUT,KS,ACE,CE,Federal Contract Tower,0,0,13,9,22,0,2,19,0,21,0,2,32,9,43,26,4,30,73
12/07/2011,HUT,KS,ACE,CE,Federal Contract Tower,0,0,10,5,15,0,14,38,1,53,0,14,48,6,68,91,2,93,161
12/08/2011,HUT,KS,ACE,CE,Federal Contract Tower,0,1,10,0,11,0,4,21,0,25,0,5,31,0,36,28,0,28,64
12/09/2011,HUT,KS,ACE,CE,Federal Contract Tower,0,0,9,0,9,0,0,17,0,17,0,0,26,0,26,34,0,34,60
12/10/2011,HUT,KS,ACE,CE,Federal Contract Tower,0,1,7,0,8,0,0,5,0,5,0,1,12,0,13,0,0,0,13
12/11/2011,HUT,KS,ACE,CE,Federal Contract Tower,0,2,2,0,4,0,0,3,0,3,0,2,5,0,7,12,0,12,19
12/12/2011,HUT,KS,ACE,CE,Federal Contract Tower,0,4,11,0,15,0,2,35,0,37,0,6,46,0,52,58,0,58,110
12/13/2011,HUT,KS,ACE,CE,Federal Contract Tower,0,0,6,0,6,0,0,0,0,0,0,0,6,0,6,0,0,0,6
12/14/2011,HUT,KS,ACE,CE,Federal Contract Tower,0,2,12,0,14,0,8,31,0,39,0,10,43,0,53,34,0,34,87
12/15/2011,HUT,KS,ACE,CE,Federal Contract Tower,0,0,10,12,22,0,6,48,1,55,0,6,58,13,77,72,0,72,149
12/16/2011,HUT,KS,ACE,CE,Federal Contract Tower,0,4,6,15,25,0,1,59,0,60,0,5,65,15,85,96,8,104,189
12/17/2011,HUT,KS,ACE,CE,Federal Contract Tower,0,0,7,0,7,0,7,47,0,54,0,7,54,0,61,68,0,68,129
12/18/2011,HUT,KS,ACE,CE,Federal Contract Tower,0,0,6,4,10,0,4,28,0,32,0,4,34,4,42,58,10,68,110
12/19/2011,HUT,KS,ACE,CE,Federal Contract Tower,0,0,7,0,7,0,0,4,0,4,0,0,11,0,11,14,0,14,25
12/20/2011,HUT,KS,ACE,CE,Federal Contract Tower,0,2,2,0,4,0,1,2,0,3,0,3,4,0,7,0,0,0,7
12/21/2011,HUT,KS,ACE,CE,Federal Contract Tower,0,0,7,0,7,0,6,71,0,77,0,6,78,0,84,110,2,112,196
12/22/2011,HUT,KS,ACE,CE,Federal Contract Tower,0,1,3,0,4,0,2,2,0,4,0,3,5,0,8,4,0,4,12
12/23/2011,HUT,KS,ACE,CE,Federal Contract Tower,0,0,10,0,10,0,6,42,0,48,0,6,52,0,58,64,0,64,122
12/24/2011,HUT,KS,ACE,CE,Federal Contract Tower,0,0,0,0,0,0,0,14,0,14,0,0,14,0,14,24,0,24,38
12/25/2011,HUT,KS,ACE,CE,Federal Contract Tower,0,0,1,0,1,0,0,5,0,5,0,0,6,0,6,2,0,2,8
12/26/2011,HUT,KS,ACE,CE,Federal Contract Tower,0,0,9,0,9,0,2,31,0,33,0,2,40,0,42,66,0,66,108
12/27/2011,HUT,KS,ACE,CE,Federal Contract Tower,0,0,4,0,4,0,2,40,0,42,0,2,44,0,46,58,0,58,104
12/28/2011,HUT,KS,ACE,CE,Federal Contract Tower,0,0,5,0,5,0,0,49,0,49,0,0,54,0,54,94,0,94,148
12/29/2011,HUT,KS,ACE,CE,Federal Contract Tower,0,0,6,0,6,0,4,56,0,60,0,4,62,0,66,98,0,98,164
12/30/2011,HUT,KS,ACE,CE,Federal Contract Tower,0,0,7,0,7,0,2,37,0,39,0,2,44,0,46,78,0,78,124
12/31/2011,HUT,KS,ACE,CE,Federal Contract Tower,0,0,4,0,4,0,0,17,0,17,0,0,21,0,21,14,0,14,35
01/01/2012,HUT,KS,ACE,CE,Federal Contract Tower,0,0,2,0,2,0,0,10,0,10,0,0,12,0,12,26,0,26,38
01/02/2012,HUT,KS,ACE,CE,Federal Contract Tower,0,2,1,0,3,0,4,38,0,42,0,6,39,0,45,54,0,54,99
01/03/2012,HUT,KS,ACE,CE,Federal Contract Tower,0,0,7,2,9,0,0,31,3,34,0,0,38,5,43,36,14,50,93
01/04/2012,HUT,KS,ACE,CE,Federal Contract Tower,0,2,6,7,15,0,0,26,3,29,0,2,32,10,44,20,2,22,66
01/05/2012,HUT,KS,ACE,CE,Federal Contract Tower,0,0,4,0,4,0,6,31,0,37,0,6,35,0,41,56,0,56,97
01/06/2012,HUT,KS,ACE,CE,Federal Contract Tower,0,0,7,0,7,0,2,42,0,44,0,2,49,0,51,62,0,62,113
01/07/2012,HUT,KS,ACE,CE,Federal Contract Tower,0,0,10,0,10,0,2,31,2,35,0,2,41,2,45,58,0,58,103
01/08/2012,HUT,KS,ACE,CE,Federal Contract Tower,0,0,4,0,4,0,0,9,0,9,0,0,13,0,13,16,0,16,29
01/09/2012,HUT,KS,ACE,CE,Federal Contract Tower,0,0,2,4,6,0,10,39,2,51,0,10,41,6,57,84,8,92,149
01/10/2012,HUT,KS,ACE,CE,Federal Contract Tower,0,0,4,4,8,0,0,27,0,27,0,0,31,4,35,60,8,68,103
01/11/2012,HUT,KS,ACE,CE,Federal Contract Tower,0,0,1,4,5,0,0,10,4,14,0,0,11,8,19,36,4,40,59
01/12/2012,HUT,KS,ACE,CE,Federal Contract Tower,0,0,5,6,11,0,2,16,2,20,0,2,21,8,31,64,36,100,131
01/13/2012,HUT,KS,ACE,CE,Federal Contract Tower,0,0,6,0,6,0,12,32,0,44,0,12,38,0,50,92,0,92,142
01/14/2012,HUT,KS,ACE,CE,Federal Contract Tower,0,0,3,0,3,0,0,44,0,44,0,0,47,0,47,70,0,70,117
01/15/2012,HUT,KS,ACE,CE,Federal Contract Tower,0,0,2,0,2,0,0,9,0,9,0,0,11,0,11,10,0,10,21
01/16/2012,HUT,KS,ACE,CE,Federal Contract Tower,0,0,6,0,6,0,1,36,0,37,0,1,42,0,43,66,0,66,109
01/17/2012,HUT,KS,ACE,CE,Federal Contract Tower,0,2,10,0,12,0,6,23,3,32,0,8,33,3,44,46,0,46,90
01/18/2012,HUT,KS,ACE,CE,Federal Contract Tower,0,0,12,19,31,0,6,21,1,28,0,6,33,20,59,66,0,66,125
01/19/2012,HUT,KS,ACE,CE,Federal Contract Tower,0,0,2,5,7,0,2,21,0,23,0,2,23,5,30,80,2,82,112
01/20/2012,HUT,KS,ACE,CE,Federal Contract Tower,0,3,2,0,5,0,11,35,12,58,0,14,37,12,63,50,10,60,123
01/21/2012,HUT,KS,ACE,CE,Federal Contract Tower,0,0,0,0,0,0,0,28,2,30,0,0,28,2,30,58,4,62,92
01/22/2012,HUT,KS,ACE,CE,Federal Contract Tower,0,0,4,0,4,0,0,7,0,7,0,0,11,0,11,6,0,6,17
01/23/2012,HUT,KS,ACE,CE,Federal Contract Tower,0,2,1,8,11,0,9,24,0,33,0,11,25,8,44,104,16,120,164
01/24/2012,HUT,KS,ACE,CE,Federal Contract Tower,0,0,2,0,2,0,8,12,4,24,0,8,14,4,26,52,0,52,78
01/25/2012,HUT,KS,ACE,CE,Federal Contract Tower,0,0,6,9,15,0,2,27,1,30,0,2,33,10,45,60,6,66,111
01/26/2012,HUT,KS,ACE,CE,Federal Contract Tower,0,3,7,6,16,0,4,29,0,33,0,7,36,6,49,74,0,74,123
01/27/2012,HUT,KS,ACE,CE,Federal Contract Tower,0,2,13,0,15,0,4,17,0,21,0,6,30,0,36,60,0,60,96
01/28/2012,HUT,KS,ACE,CE,Federal Contract Tower,0,0,6,0,6,0,4,24,0,28,0,4,30,0,34,38,0,38,72
01/29/2012,HUT,KS,ACE,CE,Federal Contract Tower,0,0,6,0,6,0,0,25,0,25,0,0,31,0,31,58,0,58,89
01/30/2012,HUT,KS,ACE,CE,Federal Contract Tower,0,0,11,8,19,0,4,34,8,46,0,4,45,16,65,60,24,84,149
01/31/2012,HUT,KS,ACE,CE,Federal Contract Tower,0,0,10,18,28,0,12,42,0,54,0,12,52,18,82,80,6,86,168
02/01/2012,HUT,KS,ACE,CE,Federal Contract Tower,0,0,8,6,14,0,4,43,2,49,0,4,51,8,63,48,0,48,111
02/02/2012,HUT,KS,ACE,CE,Federal Contract Tower,0,0,11,10,21,0,8,22,0,30,0,8,33,10,51,76,2,78,129
02/03/2012,HUT,KS,ACE,CE,Federal Contract Tower,0,0,6,0,6,0,0,0,0,0,0,0,6,0,6,0,0,0,6
02/04/2012,HUT,KS,ACE,CE,Federal Contract Tower,0,3,0,0,3,0,1,0,0,1,0,4,0,0,4,0,0,0,4
02/05/2012,HUT,KS,ACE,CE,Federal Contract Tower,0,0,2,0,2,0,0,17,0,17,0,0,19,0,19,40,0,40,59
02/06/2012,HUT,KS,ACE,CE,Federal Contract Tower,0,2,9,4,15,0,0,41,0,41,0,2,50,4,56,106,6,112,168
02/07/2012,HUT,KS,ACE,CE,Federal Contract Tower,0,4,1,0,5,0,0,3,0,3,0,4,4,0,8,4,0,4,12
02/08/2012,HUT,KS,ACE,CE,Federal Contract Tower,0,0,11,3,14,0,2,2,0,4,0,2,13,3,18,32,0,32,50
02/09/2012,HUT,KS,ACE,CE,Federal Contract Tower,0,0,10,0,10,0,0,7,0,7,0,0,17,0,17,14,0,14,31
02/10/2012,HUT,KS,ACE,CE,Federal Contract Tower,0,1,3,2,6,0,5,21,0,26,0,6,24,2,32,82,0,82,114
02/11/2012,HUT,KS,ACE,CE,Federal Contract Tower,0,0,4,0,4,0,2,16,0,18,0,2,20,0,22,38,0,38,60
02/12/2012,HUT,KS,ACE,CE,Federal Contract Tower,0,0,2,0,2,0,2,1,0,3,0,2,3,0,5,0,0,0,5
02/13/2012,HUT,KS,ACE,CE,Federal Contract Tower,0,0,1,0,1,0,2,1,0,3,0,2,2,0,4,0,0,0,4
02/14/2012,HUT,KS,ACE,CE,Federal Contract Tower,0,0,7,6,13,0,8,36,0,44,0,8,43,6,57,98,0,98,155
02/15/2012,HUT,KS,ACE,CE,Federal Contract Tower,0,0,13,0,13,0,0,0,0,0,0,0,13,0,13,0,0,0,13
02/16/2012,HUT,KS,ACE,CE,Federal Contract Tower,0,0,12,5,17,0,4,31,0,35,0,4,43,5,52,76,0,76,128
02/17/2012,HUT,KS,ACE,CE,Federal Contract Tower,0,4,15,18,37,0,0,54,2,56,0,4,69,20,93,98,4,102,195
02/18/2012,HUT,KS,ACE,CE,Federal Contract Tower,0,0,5,0,5,0,5,14,3,22,0,5,19,3,27,58,4,62,89
02/19/2012,HUT,KS,ACE,CE,Federal Contract Tower,0,0,8,2,10,0,8,30,0,38,0,8,38,2,48,92,4,96,144
02/20/2012,HUT,KS,ACE,CE,Federal Contract Tower,0,3,5,2,10,0,4,3,0,7,0,7,8,2,17,6,0,6,23
02/21/2012,HUT,KS,ACE,CE,Federal Contract Tower,0,1,5,6,12,0,6,31,0,37,0,7,36,6,49,42,6,48,97
02/22/2012,HUT,KS,ACE,CE,Federal Contract Tower,0,0,12,2,14,0,2,23,0,25,0,2,35,2,39,50,6,56,95
02/23/2012,HUT,KS,ACE,CE,Federal Contract Tower,0,0,2,6,8,0,4,12,0,16,0,4,14,6,24,26,6,32,56
02/24/2012,HUT,KS,ACE,CE,Federal Contract Tower,0,3,6,9,18,0,6,44,4,54,0,9,50,13,72,64,0,64,136
02/25/2012,HUT,KS,ACE,CE,Federal Contract Tower,0,0,3,0,3,0,4,26,0,30,0,4,29,0,33,36,0,36,69
02/26/2012,HUT,KS,ACE,CE,Federal Contract Tower,0,0,7,6,13,0,0,32,4,36,0,0,39,10,49,52,12,64,113
02/27/2012,HUT,KS,ACE,CE,Federal Contract Tower,0,2,5,2,9,0,0,17,0,17,0,2,22,2,26,60,4,64,90
02/28/2012,HUT,KS,ACE,CE,Federal Contract Tower,0,4,5,6,15,0,6,6,0,12,0,10,11,6,27,28,20,48,75
02/29/2012,HUT,KS,ACE,CE,Federal Contract Tower,0,0,6,4,10,0,2,23,0,25,0,2,29,4,35,56,0,56,91
03/01/2012,HUT,KS,ACE,CE,Federal Contract Tower,0,0,6,22,28,0,4,30,0,34,0,4,36,22,62,48,8,56,118
03/02/2012,HUT,KS,ACE,CE,Federal Contract Tower,0,0,4,10,14,0,4,22,20,46,0,4,26,30,60,38,30,68,128
03/03/2012,HUT,KS,ACE,CE,Federal Contract Tower,0,0,4,2,6,0,2,21,0,23,0,2,25,2,29,22,0,22,51
03/04/2012,HUT,KS,ACE,CE,Federal Contract Tower,0,0,6,4,10,0,0,9,0,9,0,0,15,4,19,10,10,20,39
03/05/2012,HUT,KS,ACE,CE,Federal Contract Tower,0,0,12,17,29,0,2,36,5,43,0,2,48,22,72,70,48,118,190
03/06/2012,HUT,KS,ACE,CE,Federal Contract Tower,0,0,2,14,16,0,4,14,0,18,0,4,16,14,34,24,8,32,66
03/07/2012,HUT,KS,ACE,CE,Federal Contract Tower,0,0,8,0,8,0,4,8,3,15,0,4,16,3,23,12,0,12,35
03/08/2012,HUT,KS,ACE,CE,Federal Contract Tower,0,0,10,12,22,0,3,25,0,28,0,3,35,12,50,104,12,116,166
03/09/2012,HUT,KS,ACE,CE,Federal Contract Tower,0,0,5,16,21,0,10,49,0,59,0,10,54,16,80,92,2,94,174
03/10/2012,HUT,KS,ACE,CE,Federal Contract Tower,0,2,7,0,9,0,0,27,0,27,0,2,34,0,36,62,0,62,98
03/11/2012,HUT,KS,ACE,CE,Federal Contract Tower,0,0,6,0,6,0,1,3,0,4,0,1,9,0,10,4,0,4,14
03/12/2012,HUT,KS,ACE,CE,Federal Contract Tower,0,2,4,9,15,0,6,36,1,43,0,8,40,10,58,115,16,131,189
03/13/2012,HUT,KS,ACE,CE,Federal Contract Tower,0,0,1,2,3,0,10,39,0,49,0,10,40,2,52,84,2,86,138
03/14/2012,HUT,KS,ACE,CE,Federal Contract Tower,0,0,10,5,15,0,0,25,1,26,0,0,35,6,41,40,4,44,85
03/15/2012,HUT,KS,ACE,CE,Federal Contract Tower,0,0,7,16,23,0,2,9,4,15,0,2,16,20,38,34,4,38,76
03/16/2012,HUT,KS,ACE,CE,Federal Contract Tower,0,3,13,19,35,0,10,16,1,27,0,13,29,20,62,18,30,48,110
03/17/2012,HUT,KS,ACE,CE,Federal Contract Tower,0,2,14,0,16,0,0,4,0,4,0,2,18,0,20,6,0,6,26
03/18/2012,HUT,KS,ACE,CE,Federal Contract Tower,0,0,15,0,15,0,0,0,0,0,0,0,15,0,15,0,0,0,15
03/19/2012,HUT,KS,ACE,CE,Federal Contract Tower,0,0,11,0,11,0,0,3,0,3,0,0,14,0,14,18,0,18,32
03/20/2012,HUT,KS,ACE,CE,Federal Contract Tower,0,2,25,0,27,0,2,9,0,11,0,4,34,0,38,28,0,28,66
03/21/2012,HUT,KS,ACE,CE,Federal Contract Tower,0,0,11,18,29,0,0,0,0,0,0,0,11,18,29,20,2,22,51
03/22/2012,HUT,KS,ACE,CE,Federal Contract Tower,0,6,18,8,32,0,0,21,0,21,0,6,39,8,53,72,10,82,135
03/23/2012,HUT,KS,ACE,CE,Federal Contract Tower,0,0,22,6,28,0,4,17,0,21,0,4,39,6,49,16,0,16,65
03/24/2012,HUT,KS,ACE,CE,Federal Contract Tower,0,0,4,0,4,0,2,57,0,59,0,2,61,0,63,50,0,50,113
03/25/2012,HUT,KS,ACE,CE,Federal Contract Tower,0,0,9,4,13,0,2,41,0,43,0,2,50,4,56,48,10,58,114
03/26/2012,HUT,KS,ACE,CE,Federal Contract Tower,0,0,2,12,14,0,5,31,2,38,0,5,33,14,52,42,54,96,148
03/27/2012,HUT,KS,ACE,CE,Federal Contract Tower,0,0,10,12,22,0,0,24,2,26,0,0,34,14,48,76,6,82,130
03/28/2012,HUT,KS,ACE,CE,Federal Contract Tower,0,7,9,16,32,0,4,25,4,33,0,11,34,20,65,52,10,62,127
03/29/2012,HUT,KS,ACE,CE,Federal Contract Tower,0,2,8,0,10,0,5,21,0,26,0,7,29,0,36,30,0,30,66
03/30/2012,HUT,KS,ACE,CE,Federal Contract Tower,0,0,17,20,37,0,1,32,2,35,0,1,49,22,72,26,18,44,116
03/31/2012,HUT,KS,ACE,CE,Federal Contract Tower,0,0,13,2,15,0,0,45,0,45,0,0,58,2,60,44,6,50,110
04/01/2012,HUT,KS,ACE,CE,Federal Contract Tower,0,0,4,0,4,0,0,14,0,14,0,0,18,0,18,20,0,20,38
04/02/2012,HUT,KS,ACE,CE,Federal Contract Tower,0,0,6,10,16,0,2,41,2,45,0,2,47,12,61,92,14,106,167
04/03/2012,HUT,KS,ACE,CE,Federal Contract Tower,0,2,15,2,19,0,0,0,0,0,0,2,15,2,19,4,0,4,23
04/04/2012,HUT,KS,ACE,CE,Federal Contract Tower,0,10,9,2,21,0,3,10,0,13,0,13,19,2,34,16,0,16,50
04/05/2012,HUT,KS,ACE,CE,Federal Contract Tower,0,0,23,2,25,0,4,6,0,10,0,4,29,2,35,50,0,50,85
04/06/2012,HUT,KS,ACE,CE,Federal Contract Tower,0,0,17,16,33,0,0,11,0,11,0,0,28,16,44,28,0,28,72
04/07/2012,HUT,KS,ACE,CE,Federal Contract Tower,0,0,2,0,2,0,1,11,0,12,0,1,13,0,14,34,0,34,48
04/08/2012,HUT,KS,ACE,CE,Federal Contract Tower,0,0,0,0,0,0,0,15,0,15,0,0,15,0,15,24,0,24,39
04/09/2012,HUT,KS,ACE,CE,Federal Contract Tower,0,0,12,8,20,0,0,40,4,44,0,0,52,12,64,100,12,112,176
04/10/2012,HUT,KS,ACE,CE,Federal Contract Tower,0,0,12,14,26,0,4,23,0,27,0,4,35,14,53,64,16,80,133
04/11/2012,HUT,KS,ACE,CE,Federal Contract Tower,0,2,8,14,24,0,4,18,0,22,0,6,26,14,46,66,6,72,118
04/12/2012,HUT,KS,ACE,CE,Federal Contract Tower,0,2,13,0,15,0,1,0,0,1,0,3,13,0,16,6,0,6,22
04/13/2012,HUT,KS,ACE,CE,Federal Contract Tower,0,0,14,9,23,0,4,29,0,33,0,4,43,9,56,68,62,130,186
04/14/2012,HUT,KS,ACE,CE,Federal Contract Tower,0,0,4,0,4,0,1,0,0,1,0,1,4,0,5,6,0,6,11
04/15/2012,HUT,KS,ACE,CE,Federal Contract Tower,0,0,5,0,5,0,0,1,0,1,0,0,6,0,6,0,0,0,6
04/16/2012,HUT,KS,ACE,CE,Federal Contract Tower,0,0,7,1,8,0,8,43,9,60,0,8,50,10,68,116,0,116,184
04/17/2012,HUT,KS,ACE,CE,Federal Contract Tower,0,0,15,6,21,0,12,46,4,62,0,12,61,10,83,116,4,120,203
04/18/2012,HUT,KS,ACE,CE,Federal Contract Tower,0,0,12,10,22,0,2,38,0,40,0,2,50,10,62,38,6,44,106
04/19/2012,HUT,KS,ACE,CE,Federal Contract Tower,0,4,10,1,15,0,6,15,1,22,0,10,25,2,37,58,8,66,103
04/20/2012,HUT,KS,ACE,CE,Federal Contract Tower,0,4,11,16,31,0,17,16,0,33,0,21,27,16,64,38,8,46,110
04/21/2012,HUT,KS,ACE,CE,Federal Contract Tower,0,2,2,0,4,0,3,25,0,28,0,5,27,0,32,60,0,60,92
04/22/2012,HUT,KS,ACE,CE,Federal Contract Tower,0,0,6,0,6,0,2,24,0,26,0,2,30,0,32,32,0,32,64
04/23/2012,HUT,KS,ACE,CE,Federal Contract Tower,0,2,5,2,9,0,8,57,2,67,0,10,62,4,76,114,4,118,194
04/24/2012,HUT,KS,ACE,CE,Federal Contract Tower,0,0,11,9,20,0,6,45,4,55,0,6,56,13,75,80,0,80,155
04/25/2012,HUT,KS,ACE,CE,Federal Contract Tower,0,0,7,0,7,0,1,37,0,38,0,1,44,0,45,72,0,72,117
04/26/2012,HUT,KS,ACE,CE,Federal Contract Tower,0,5,5,9,19,0,4,23,0,27,0,9,28,9,46,42,0,42,88
04/27/2012,HUT,KS,ACE,CE,Federal Contract Tower,0,2,10,4,16,0,0,4,0,4,0,2,14,4,20,12,0,12,32
04/28/2012,HUT,KS,ACE,CE,Federal Contract Tower,0,1,9,0,10,0,18,38,0,56,0,19,47,0,66,50,0,50,116
04/29/2012,HUT,KS,ACE,CE,Federal Contract Tower,0,2,11,0,13,0,3,3,0,6,0,5,14,0,19,0,0,0,19
04/30/2012,HUT,KS,ACE,CE,Federal Contract Tower,0,9,14,2,25,0,6,38,0,44,0,15,52,2,69,68,4,72,141
05/01/2012,HUT,KS,ACE,CE,Federal Contract Tower,0,6,8,1,15,0,13,13,7,33,0,19,21,8,48,57,2,59,107
05/02/2012,HUT,KS,ACE,CE,Federal Contract Tower,0,4,11,11,26,0,2,14,13,29,0,6,25,24,55,74,4,78,133
05/03/2012,HUT,KS,ACE,CE,Federal Contract Tower,0,4,13,20,37,0,2,21,10,33,0,6,34,30,70,70,18,88,158
05/04/2012,HUT,KS,ACE,CE,Federal Contract Tower,0,0,18,0,18,0,3,34,2,39,0,3,52,2,57,50,0,50,107
05/05/2012,HUT,KS,ACE,CE,Federal Contract Tower,0,2,9,2,13,0,2,26,0,28,0,4,35,2,41,60,6,66,107
05/06/2012,HUT,KS,ACE,CE,Federal Contract Tower,0,6,8,0,14,0,0,1,0,1,0,6,9,0,15,0,0,0,15
05/07/2012,HUT,KS,ACE,CE,Federal Contract Tower,0,0,13,0,13,0,2,51,4,57,0,2,64,4,70,78,4,82,152
05/08/2012,HUT,KS,ACE,CE,Federal Contract Tower,0,0,5,15,20,0,0,36,4,40,0,0,41,19,60,88,4,92,152
05/09/2012,HUT,KS,ACE,CE,Federal Contract Tower,0,1,4,12,17,0,3,38,2,43,0,4,42,14,60,56,4,60,120
05/10/2012,HUT,KS,ACE,CE,Federal Contract Tower,0,0,6,13,19,0,4,44,3,51,0,4,50,16,70,66,14,80,150
05/11/2012,HUT,KS,ACE,CE,Federal Contract Tower,0,2,10,4,16,0,3,19,0,22,0,5,29,4,38,24,0,24,62
05/12/2012,HUT,KS,ACE,CE,Federal Contract Tower,0,0,7,0,7,0,7,14,0,21,0,7,21,0,28,66,0,66,94
05/13/2012,HUT,KS,ACE,CE,Federal Contract Tower,0,0,6,0,6,0,0,39,0,39,0,0,45,0,45,38,0,38,83
05/14/2012,HUT,KS,ACE,CE,Federal Contract Tower,0,2,10,14,26,0,2,54,2,58,0,4,64,16,84,108,24,132,216
05/15/2012,HUT,KS,ACE,CE,Federal Contract Tower,0,0,17,2,19,0,9,39,2,50,0,9,56,4,69,82,2,84,153
05/16/2012,HUT,KS,ACE,CE,Federal Contract Tower,0,2,11,6,19,0,5,45,2,52,0,7,56,8,71,67,0,67,138
05/17/2012,HUT,KS,ACE,CE,Federal Contract Tower,0,0,8,8,16,0,6,37,6,49,0,6,45,14,65,46,22,68,133
05/18/2012,HUT,KS,ACE,CE,Federal Contract Tower,0,0,6,1,7,0,0,35,2,37,0,0,41,3,44,68,0,68,112
05/19/2012,HUT,KS,ACE,CE,Federal Contract Tower,0,0,5,0,5,0,2,6,0,8,0,2,11,0,13,2,0,2,15
05/20/2012,HUT,KS,ACE,CE,Federal Contract Tower,0,0,2,0,2,0,2,20,0,22,0,2,22,0,24,54,0,54,78
05/21/2012,HUT,KS,ACE,CE,Federal Contract Tower,0,2,8,14,24,0,0,62,0,62,0,2,70,14,86,104,18,122,208
05/22/2012,HUT,KS,ACE,CE,Federal Contract Tower,0,0,15,12,27,0,2,79,0,81,0,2,94,12,108,38,16,54,162
05/23/2012,HUT,KS,ACE,CE,Federal Contract Tower,0,0,4,6,10,0,51,5,0,56,0,51,9,6,66,44,0,44,110
05/24/2012,HUT,KS,ACE,CE,Federal Contract Tower,0,4,8,6,18,0,12,26,0,38,0,16,34,6,56,82,2,84,140
05/25/2012,HUT,KS,ACE,CE,Federal Contract Tower,0,4,14,0,18,0,6,22,0,28,0,10,36,0,46,32,0,32,78
05/26/2012,HUT,KS,ACE,CE,Federal Contract Tower,0,0,4,0,4,0,0,14,0,14,0,0,18,0,18,24,0,24,42
05/27/2012,HUT,KS,ACE,CE,Federal Contract Tower,0,0,1,0,1,0,2,5,0,7,0,2,6,0,8,0,0,0,8
05/28/2012,HUT,KS,ACE,CE,Federal Contract Tower,0,0,8,0,8,0,0,15,0,15,0,0,23,0,23,38,0,38,61
05/29/2012,HUT,KS,ACE,CE,Federal Contract Tower,0,2,12,8,22,0,2,29,2,33,0,4,41,10,55,79,20,99,154
05/30/2012,HUT,KS,ACE,CE,Federal Contract Tower,0,0,7,12,19,0,1,21,0,22,0,1,28,12,41,20,14,34,75
05/31/2012,HUT,KS,ACE,CE,Federal Contract Tower,0,0,11,2,13,0,9,31,0,40,0,9,42,2,53,92,2,94,147
06/01/2012,HUT,KS,ACE,CE,Federal Contract Tower,0,0,8,2,10,0,4,13,2,19,0,4,21,4,29,46,6,52,81
06/02/2012,HUT,KS,ACE,CE,Federal Contract Tower,0,2,6,0,8,0,3,33,2,38,0,5,39,2,46,44,0,44,90
06/03/2012,HUT,KS,ACE,CE,Federal Contract Tower,0,0,3,4,7,0,4,15,0,19,0,4,18,4,26,10,2,12,38
06/04/2012,HUT,KS,ACE,CE,Federal Contract Tower,0,0,1,8,9,0,5,35,2,42,0,5,36,10,51,86,12,98,149
06/05/2012,HUT,KS,ACE,CE,Federal Contract Tower,0,0,8,4,12,0,19,33,2,54,0,19,41,6,66,104,18,122,188
06/06/2012,HUT,KS,ACE,CE,Federal Contract Tower,0,0,5,2,7,0,26,30,4,60,0,26,35,6,67,57,2,59,126
06/07/2012,HUT,KS,ACE,CE,Federal Contract Tower,0,0,8,4,12,0,4,39,0,43,0,4,47,4,55,89,4,93,148
06/08/2012,HUT,KS,ACE,CE,Federal Contract Tower,0,2,5,6,13,0,0,41,3,44,0,2,46,9,57,44,6,50,107
06/09/2012,HUT,KS,ACE,CE,Federal Contract Tower,0,0,3,0,3,0,0,13,0,13,0,0,16,0,16,28,0,28,44
06/10/2012,HUT,KS,ACE,CE,Federal Contract Tower,0,0,4,0,4,0,0,8,0,8,0,0,12,0,12,0,0,0,12
06/11/2012,HUT,KS,ACE,CE,Federal Contract Tower,0,0,5,2,7,0,0,47,0,47,0,0,52,2,54,106,6,112,166
06/12/2012,HUT,KS,ACE,CE,Federal Contract Tower,0,0,5,4,9,0,12,52,2,66,0,12,57,6,75,100,4,104,179
06/13/2012,HUT,KS,ACE,CE,Federal Contract Tower,0,2,14,0,16,0,4,17,0,21,0,6,31,0,37,74,0,74,111
06/14/2012,HUT,KS,ACE,CE,Federal Contract Tower,0,0,6,15,21,0,8,23,3,34,0,8,29,18,55,52,14,66,121
06/15/2012,HUT,KS,ACE,CE,Federal Contract Tower,0,2,7,20,29,0,1,31,0,32,0,3,38,20,61,80,10,90,151
06/16/2012,HUT,KS,ACE,CE,Federal Contract Tower,0,0,1,0,1,0,10,12,0,22,0,10,13,0,23,18,0,18,41
06/17/2012,HUT,KS,ACE,CE,Federal Contract Tower,0,0,4,0,4,0,6,42,0,48,0,6,46,0,52,48,0,48,100
06/18/2012,HUT,KS,ACE,CE,Federal Contract Tower,0,0,4,6,10,0,0,25,0,25,0,0,29,6,35,82,10,92,127
06/19/2012,HUT,KS,ACE,CE,Federal Contract Tower,0,2,14,2,18,0,9,31,0,40,0,11,45,2,58,54,2,56,114
06/20/2012,HUT,KS,ACE,CE,Federal Contract Tower,0,1,11,8,20,0,2,13,0,15,0,3,24,8,35,40,12,52,87
06/21/2012,HUT,KS,ACE,CE,Federal Contract Tower,0,0,7,16,23,0,7,39,4,50,0,7,46,20,73,78,0,78,151
06/22/2012,HUT,KS,ACE,CE,Federal Contract Tower,0,1,12,4,17,0,0,64,0,64,0,1,76,4,81,106,0,106,187
06/23/2012,HUT,KS,ACE,CE,Federal Contract Tower,0,0,7,0,7,0,6,23,0,29,0,6,30,0,36,38,0,38,74
06/24/2012,HUT,KS,ACE,CE,Federal Contract Tower,0,2,2,0,4,0,2,55,2,59,0,4,57,2,63,62,0,62,125
06/25/2012,HUT,KS,ACE,CE,Federal Contract Tower,0,1,9,8,18,0,4,26,2,32,0,5,35,10,50,100,14,114,164
06/26/2012,HUT,KS,ACE,CE,Federal Contract Tower,0,3,2,4,9,0,4,32,0,36,0,7,34,4,45,90,0,90,135
06/27/2012,HUT,KS,ACE,CE,Federal Contract Tower,0,2,4,10,16,0,10,27,0,37,0,12,31,10,53,78,0,78,131
06/28/2012,HUT,KS,ACE,CE,Federal Contract Tower,0,2,5,6,13,0,2,35,0,37,0,4,40,6,50,64,2,66,116
06/29/2012,HUT,KS,ACE,CE,Federal Contract Tower,0,2,16,2,20,0,4,52,0,56,0,6,68,2,76,90,0,90,166
06/30/2012,HUT,KS,ACE,CE,Federal Contract Tower,0,1,7,0,8,0,1,35,0,36,0,2,42,0,44,40,0,40,84
07/01/2012,HUT,KS,ACE,CE,Federal Contract Tower,0,1,7,4,12,0,0,10,1,11,0,1,17,5,23,20,4,24,47
07/02/2012,HUT,KS,ACE,CE,Federal Contract Tower,0,0,10,2,12,0,11,16,0,27,0,11,26,2,39,78,6,84,123
07/03/2012,HUT,KS,ACE,CE,Federal Contract Tower,0,0,15,4,19,0,6,25,0,31,0,6,40,4,50,52,8,60,110
07/04/2012,HUT,KS,ACE,CE,Federal Contract Tower,0,0,3,0,3,0,0,1,0,1,0,0,4,0,4,0,0,0,4
07/05/2012,HUT,KS,ACE,CE,Federal Contract Tower,0,0,6,0,6,0,0,27,0,27,0,0,33,0,33,24,0,24,57
07/06/2012,HUT,KS,ACE,CE,Federal Contract Tower,0,0,5,16,21,0,4,36,0,40,0,4,41,16,61,56,8,64,125
07/07/2012,HUT,KS,ACE,CE,Federal Contract Tower,0,0,3,0,3,0,4,17,0,21,0,4,20,0,24,12,0,12,36
07/08/2012,HUT,KS,ACE,CE,Federal Contract Tower,0,0,10,0,10,0,3,16,0,19,0,3,26,0,29,38,0,38,67
07/09/2012,HUT,KS,ACE,CE,Federal Contract Tower,0,4,8,5,17,0,4,31,2,37,0,8,39,7,54,104,16,120,174
07/10/2012,HUT,KS,ACE,CE,Federal Contract Tower,0,0,1,1,2,0,6,19,1,26,0,6,20,2,28,58,0,58,86
07/11/2012,HUT,KS,ACE,CE,Federal Contract Tower,0,0,15,10,25,0,6,30,1,37,0,6,45,11,62,60,6,66,128
07/12/2012,HUT,KS,ACE,CE,Federal Contract Tower,0,3,5,14,22,0,1,29,0,30,0,4,34,14,52,44,28,72,124
07/13/2012,HUT,KS,ACE,CE,Federal Contract Tower,0,3,6,12,21,0,2,35,2,39,0,5,41,14,60,38,12,50,110
07/14/2012,HUT,KS,ACE,CE,Federal Contract Tower,0,0,6,0,6,0,2,34,0,36,0,2,40,0,42,54,0,54,96
07/15/2012,HUT,KS,ACE,CE,Federal Contract Tower,0,2,5,0,7,0,1,21,0,22,0,3,26,0,29,30,0,30,59
07/16/2012,HUT,KS,ACE,CE,Federal Contract Tower,0,0,9,6,15,0,2,38,4,44,0,2,47,10,59,70,24,94,153
07/17/2012,HUT,KS,ACE,CE,Federal Contract Tower,0,0,2,5,7,0,5,45,3,53,0,5,47,8,60,85,14,99,159
07/18/2012,HUT,KS,ACE,CE,Federal Contract Tower,0,0,10,25,35,0,3,45,4,52,0,3,55,29,87,79,2,81,168
07/19/2012,HUT,KS,ACE,CE,Federal Contract Tower,0,2,14,2,18,0,0,47,0,47,0,2,61,2,65,71,0,71,136
07/20/2012,HUT,KS,ACE,CE,Federal Contract Tower,0,6,13,22,41,0,2,34,6,42,0,8,47,28,83,42,10,52,135
07/21/2012,HUT,KS,ACE,CE,Federal Contract Tower,0,0,6,0,6,0,0,42,0,42,0,0,48,0,48,50,0,50,98
07/22/2012,HUT,KS,ACE,CE,Federal Contract Tower,0,0,7,0,7,0,0,57,0,57,0,0,64,0,64,110,0,110,174
07/23/2012,HUT,KS,ACE,CE,Federal Contract Tower,0,0,6,12,18,0,4,57,6,67,0,4,63,18,85,106,12,118,203
07/24/2012,HUT,KS,ACE,CE,Federal Contract Tower,0,2,3,4,9,0,6,20,2,28,0,8,23,6,37,44,6,50,87
07/25/2012,HUT,KS,ACE,CE,Federal Contract Tower,0,4,8,4,16,0,3,28,6,37,0,7,36,10,53,68,0,68,121
07/26/2012,HUT,KS,ACE,CE,Federal Contract Tower,0,4,9,2,15,0,10,42,0,52,0,14,51,2,67,96,4,100,167
07/27/2012,HUT,KS,ACE,CE,Federal Contract Tower,0,0,7,4,11,0,14,26,0,40,0,14,33,4,51,48,8,56,107
07/28/2012,HUT,KS,ACE,CE,Federal Contract Tower,0,0,5,0,5,0,2,28,0,30,0,2,33,0,35,38,0,38,73
07/29/2012,HUT,KS,ACE,CE,Federal Contract Tower,0,0,10,0,10,0,0,53,0,53,0,0,63,0,63,76,0,76,139
07/30/2012,HUT,KS,ACE,CE,Federal Contract Tower,0,0,8,0,8,0,13,24,0,37,0,13,32,0,45,82,0,82,127
07/31/2012,HUT,KS,ACE,CE,Federal Contract Tower,0,2,4,10,16,0,1,22,4,27,0,3,26,14,43,48,16,64,107
08/01/2012,HUT,KS,ACE,CE,Federal Contract Tower,0,0,4,18,22,0,4,25,4,33,0,4,29,22,55,30,0,30,85
08/02/2012,HUT,KS,ACE,CE,Federal Contract Tower,0,0,3,2,5,0,8,24,0,32,0,8,27,2,37,64,6,70,107
08/03/2012,HUT,KS,ACE,CE,Federal Contract Tower,0,6,6,8,20,0,10,37,8,55,0,16,43,16,75,90,6,96,171
08/04/2012,HUT,KS,ACE,CE,Federal Contract Tower,0,0,2,0,2,0,0,28,0,28,0,0,30,0,30,25,0,25,55
08/05/2012,HUT,KS,ACE,CE,Federal Contract Tower,0,0,3,4,7,0,0,17,0,17,0,0,20,4,24,42,10,52,76
08/06/2012,HUT,KS,ACE,CE,Federal Contract Tower,0,1,10,2,13,0,2,34,0,36,0,3,44,2,49,70,4,74,123
08/07/2012,HUT,KS,ACE,CE,Federal Contract Tower,0,2,5,2,9,0,13,16,0,29,0,15,21,2,38,52,0,52,90
08/08/2012,HUT,KS,ACE,CE,Federal Contract Tower,0,3,8,10,21,0,2,17,5,24,0,5,25,15,45,72,10,82,127
08/09/2012,HUT,KS,ACE,CE,Federal Contract Tower,0,0,9,10,19,0,2,36,0,38,0,2,45,10,57,60,8,68,125
08/10/2012,HUT,KS,ACE,CE,Federal Contract Tower,0,0,17,4,21,0,0,14,0,14,0,0,31,4,35,46,2,48,83
08/11/2012,HUT,KS,ACE,CE,Federal Contract Tower,0,2,5,0,7,0,4,45,0,49,0,6,50,0,56,46,0,46,102
08/12/2012,HUT,KS,ACE,CE,Federal Contract Tower,0,0,5,0,5,0,2,14,0,16,0,2,19,0,21,9,0,9,30
08/13/2012,HUT,KS,ACE,CE,Federal Contract Tower,0,0,6,2,8,0,6,22,0,28,0,6,28,2,36,42,4,46,82
08/14/2012,HUT,KS,ACE,CE,Federal Contract Tower,0,0,5,12,17,0,5,17,0,22,0,5,22,12,39,36,8,44,83
08/15/2012,HUT,KS,ACE,CE,Federal Contract Tower,0,0,8,3,11,0,9,37,1,47,0,9,45,4,58,86,2,88,146
08/16/2012,HUT,KS,ACE,CE,Federal Contract Tower,0,2,7,8,17,0,8,51,2,61,0,10,58,10,78,78,6,84,162
08/17/2012,HUT,KS,ACE,CE,Federal Contract Tower,0,2,7,12,21,0,4,28,0,32,0,6,35,12,53,84,12,96,149
08/18/2012,HUT,KS,ACE,CE,Federal Contract Tower,0,0,1,0,1,0,2,19,6,27,0,2,20,6,28,36,0,36,64
08/19/2012,HUT,KS,ACE,CE,Federal Contract Tower,0,0,5,0,5,0,2,37,0,39,0,2,42,0,44,34,0,34,78
08/20/2012,HUT,KS,ACE,CE,Federal Contract Tower,0,0,10,2,12,0,6,27,2,35,0,6,37,4,47,90,6,96,143
08/21/2012,HUT,KS,ACE,CE,Federal Contract Tower,0,1,4,6,11,0,14,36,0,50,0,15,40,6,61,86,6,92,153
08/22/2012,HUT,KS,ACE,CE,Federal Contract Tower,0,1,2,10,13,0,5,27,0,32,0,6,29,10,45,107,6,113,158
08/23/2012,HUT,KS,ACE,CE,Federal Contract Tower,0,2,9,2,13,0,4,22,2,28,0,6,31,4,41,14,0,14,55
08/24/2012,HUT,KS,ACE,CE,Federal Contract Tower,0,4,10,0,14,0,2,32,2,36,0,6,42,2,50,43,4,47,97
08/25/2012,HUT,KS,ACE,CE,Federal Contract Tower,0,4,9,0,13,0,3,1,0,4,0,7,10,0,17,8,0,8,25
08/26/2012,HUT,KS,ACE,CE,Federal Contract Tower,0,0,18,2,20,0,2,25,0,27,0,2,43,2,47,50,10,60,107
08/27/2012,HUT,KS,ACE,CE,Federal Contract Tower,0,0,6,10,16,0,4,22,0,26,0,4,28,10,42,58,8,66,108
08/28/2012,HUT,KS,ACE,CE,Federal Contract Tower,0,0,7,6,13,0,6,30,2,38,0,6,37,8,51,58,12,70,121
08/29/2012,HUT,KS,ACE,CE,Federal Contract Tower,0,5,13,0,18,0,2,43,4,49,0,7,56,4,67,97,0,97,164
08/30/2012,HUT,KS,ACE,CE,Federal Contract Tower,0,2,7,2,11,0,0,43,0,43,0,2,50,2,54,36,0,36,90
08/31/2012,HUT,KS,ACE,CE,Federal Contract Tower,0,0,4,4,8,0,8,38,0,46,0,8,42,4,54,72,2,74,128
09/01/2012,HUT,KS,ACE,CE,Federal Contract Tower,0,0,3,0,3,0,4,16,0,20,0,4,19,0,23,36,0,36,59
09/02/2012,HUT,KS,ACE,CE,Federal Contract Tower,0,0,2,0,2,0,2,12,0,14,0,2,14,0,16,22,0,22,38
09/03/2012,HUT,KS,ACE,CE,Federal Contract Tower,0,0,3,0,3,0,0,17,0,17,0,0,20,0,20,16,0,16,36
09/04/2012,HUT,KS,ACE,CE,Federal Contract Tower,0,0,8,4,12,0,4,21,0,25,0,4,29,4,37,50,2,52,89
09/05/2012,HUT,KS,ACE,CE,Federal Contract Tower,0,0,12,15,27,0,0,46,7,53,0,0,58,22,80,76,16,92,172
09/06/2012,HUT,KS,ACE,CE,Federal Contract Tower,0,2,10,4,16,0,6,35,2,43,0,8,45,6,59,78,4,82,141
09/07/2012,HUT,KS,ACE,CE,Federal Contract Tower,0,0,8,8,16,0,0,24,2,26,0,0,32,10,42,27,10,37,79
09/08/2012,HUT,KS,ACE,CE,Federal Contract Tower,0,2,13,0,15,0,4,32,0,36,0,6,45,0,51,48,0,48,99
09/09/2012,HUT,KS,ACE,CE,Federal Contract Tower,0,0,5,2,7,0,3,27,0,30,0,3,32,2,37,50,4,54,91
09/10/2012,HUT,KS,ACE,CE,Federal Contract Tower,0,2,7,4,13,0,8,22,2,32,0,10,29,6,45,86,6,92,137
09/11/2012,HUT,KS,ACE,CE,Federal Contract Tower,0,1,7,2,10,0,6,23,0,29,0,7,30,2,39,86,4,90,129
09/12/2012,HUT,KS,ACE,CE,Federal Contract Tower,0,7,10,2,19,0,4,37,0,41,0,11,47,2,60,64,2,66,126
09/13/2012,HUT,KS,ACE,CE,Federal Contract Tower,0,2,28,4,34,0,0,0,0,0,0,2,28,4,34,8,0,8,42
09/14/2012,HUT,KS,ACE,CE,Federal Contract Tower,0,0,15,3,18,0,4,69,1,74,0,4,84,4,92,53,0,53,145
09/15/2012,HUT,KS,ACE,CE,Federal Contract Tower,0,4,22,0,26,0,0,8,0,8,0,4,30,0,34,24,0,24,58
09/16/2012,HUT,KS,ACE,CE,Federal Contract Tower,0,2,10,4,16,0,0,28,0,28,0,2,38,4,44,38,6,44,88
09/17/2012,HUT,KS,ACE,CE,Federal Contract Tower,0,0,11,8,19,0,7,25,0,32,0,7,36,8,51,69,10,79,130
09/18/2012,HUT,KS,ACE,CE,Federal Contract Tower,0,3,10,8,21,0,4,48,0,52,0,7,58,8,73,80,2,82,155
09/19/2012,HUT,KS,ACE,CE,Federal Contract Tower,0,5,14,4,23,0,6,41,1,48,0,11,55,5,71,36,4,40,111
09/20/2012,HUT,KS,ACE,CE,Federal Contract Tower,0,2,4,6,12,0,0,49,0,49,0,2,53,6,61,68,6,74,135
09/21/2012,HUT,KS,ACE,CE,Federal Contract Tower,0,2,9,0,11,0,5,55,0,60,0,7,64,0,71,44,0,44,115
09/22/2012,HUT,KS,ACE,CE,Federal Contract Tower,0,0,4,0,4,0,6,36,0,42,0,6,40,0,46,26,0,26,72
09/23/2012,HUT,KS,ACE,CE,Federal Contract Tower,0,0,10,2,12,0,6,35,0,41,0,6,45,2,53,58,2,60,113
09/24/2012,HUT,KS,ACE,CE,Federal Contract Tower,0,0,13,18,31,0,4,53,2,59,0,4,66,20,90,94,22,116,206
09/25/2012,HUT,KS,ACE,CE,Federal Contract Tower,0,0,12,3,15,0,11,24,3,38,0,11,36,6,53,74,4,78,131
09/26/2012,HUT,KS,ACE,CE,Federal Contract Tower,0,4,12,8,24,0,0,27,0,27,0,4,39,8,51,72,6,78,129
09/27/2012,HUT,KS,ACE,CE,Federal Contract Tower,0,5,18,6,29,0,1,6,2,9,0,6,24,8,38,89,12,101,139
09/28/2012,HUT,KS,ACE,CE,Federal Contract Tower,0,0,24,12,36,0,0,4,0,4,0,0,28,12,40,12,12,24,64
09/29/2012,HUT,KS,ACE,CE,Federal Contract Tower,0,0,9,0,9,0,4,22,0,26,0,4,31,0,35,46,0,46,81
09/30/2012,HUT,KS,ACE,CE,Federal Contract Tower,0,0,6,0,6,0,2,13,0,15,0,2,19,0,21,18,0,18,39
10/01/2012,HUT,KS,ACE,CE,Federal Contract Tower,0,2,3,8,13,0,0,15,0,15,0,2,18,8,28,64,22,86,114
10/02/2012,HUT,KS,ACE,CE,Federal Contract Tower,0,0,3,12,15,0,2,27,4,33,0,2,30,16,48,106,16,122,170
10/03/2012,HUT,KS,ACE,CE,Federal Contract Tower,0,0,14,4,18,0,6,34,0,40,0,6,48,4,58,56,2,58,116
10/04/2012,HUT,KS,ACE,CE,Federal Contract Tower,0,2,5,8,15,0,4,22,0,26,0,6,27,8,41,30,10,40,81
10/05/2012,HUT,KS,ACE,CE,Federal Contract Tower,0,0,10,8,18,0,0,21,0,21,0,0,31,8,39,60,2,62,101
10/06/2012,HUT,KS,ACE,CE,Federal Contract Tower,0,1,12,2,15,0,0,3,0,3,0,1,15,2,18,6,0,6,24
10/07/2012,HUT,KS,ACE,CE,Federal Contract Tower,0,1,6,0,7,0,2,12,0,14,0,3,18,0,21,22,0,22,43
10/08/2012,HUT,KS,ACE,CE,Federal Contract Tower,0,0,7,0,7,0,0,37,0,37,0,0,44,0,44,56,0,56,100
10/09/2012,HUT,KS,ACE,CE,Federal Contract Tower,0,2,7,9,18,0,4,21,3,28,0,6,28,12,46,36,26,62,108
10/10/2012,HUT,KS,ACE,CE,Federal Contract Tower,0,0,9,5,14,0,6,43,1,50,0,6,52,6,64,64,0,64,128
10/11/2012,HUT,KS,ACE,CE,Federal Contract Tower,0,0,6,2,8,0,2,46,0,48,0,2,52,2,56,60,0,60,116
10/12/2012,HUT,KS,ACE,CE,Federal Contract Tower,0,10,24,12,46,0,0,6,0,6,0,10,30,12,52,20,8,28,80
10/13/2012,HUT,KS,ACE,CE,Federal Contract Tower,0,0,15,2,17,0,0,2,0,2,0,0,17,2,19,10,2,12,31
10/14/2012,HUT,KS,ACE,CE,Federal Contract Tower,0,0,11,2,13,0,0,16,0,16,0,0,27,2,29,26,0,26,55
10/15/2012,HUT,KS,ACE,CE,Federal Contract Tower,0,1,3,0,4,0,10,33,0,43,0,11,36,0,47,86,0,86,133
10/16/2012,HUT,KS,ACE,CE,Federal Contract Tower,0,3,8,9,20,0,16,40,3,59,0,19,48,12,79,86,18,104,183
10/17/2012,HUT,KS,ACE,CE,Federal Contract Tower,0,5,3,2,10,0,0,10,0,10,0,5,13,2,20,64,2,66,86
10/18/2012,HUT,KS,ACE,CE,Federal Contract Tower,0,2,12,6,20,0,0,8,0,8,0,2,20,6,28,8,0,8,36
10/19/2012,HUT,KS,ACE,CE,Federal Contract Tower,0,0,8,5,13,0,0,22,3,25,0,0,30,8,38,33,6,39,77
10/20/2012,HUT,KS,ACE,CE,Federal Contract Tower,0,1,7,0,8,0,4,40,0,44,0,5,47,0,52,62,0,62,114
10/21/2012,HUT,KS,ACE,CE,Federal Contract Tower,0,0,7,4,11,0,1,18,0,19,0,1,25,4,30,10,6,16,46
10/22/2012,HUT,KS,ACE,CE,Federal Contract Tower,0,0,9,2,11,0,6,21,0,27,0,6,30,2,38,68,4,72,110
10/23/2012,HUT,KS,ACE,CE,Federal Contract Tower,0,4,16,0,20,0,8,14,0,22,0,12,30,0,42,22,0,22,64
10/24/2012,HUT,KS,ACE,CE,Federal Contract Tower,0,4,18,19,41,0,2,18,3,23,0,6,36,22,64,38,2,40,104
10/25/2012,HUT,KS,ACE,CE,Federal Contract Tower,0,2,6,18,26,0,6,10,0,16,0,8,16,18,42,42,8,50,92
10/26/2012,HUT,KS,ACE,CE,Federal Contract Tower,0,8,9,10,27,0,2,28,0,30,0,10,37,10,57,42,12,54,111
10/27/2012,HUT,KS,ACE,CE,Federal Contract Tower,0,0,3,0,3,0,4,29,0,33,0,4,32,0,36,58,0,58,94
10/28/2012,HUT,KS,ACE,CE,Federal Contract Tower,0,0,1,0,1,0,4,18,0,22,0,4,19,0,23,26,0,26,49
10/29/2012,HUT,KS,ACE,CE,Federal Contract Tower,0,0,10,8,18,0,2,30,0,32,0,2,40,8,50,72,18,90,140
10/30/2012,HUT,KS,ACE,CE,Federal Contract Tower,0,0,9,6,15,0,0,38,0,38,0,0,47,6,53,60,6,66,119
10/31/2012,HUT,KS,ACE,CE,Federal Contract Tower,0,1,9,2,12,0,7,47,2,56,0,8,56,4,68,66,2,68,136
11/01/2012,HUT,KS,ACE,CE,Federal Contract Tower,0,1,17,12,30,0,3,41,0,44,0,4,58,12,74,58,18,76,150
11/02/2012,HUT,KS,ACE,CE,Federal Contract Tower,0,1,8,6,15,0,14,39,2,55,0,15,47,8,70,93,2,95,165
11/03/2012,HUT,KS,ACE,CE,Federal Contract Tower,0,0,8,0,8,0,0,31,0,31,0,0,39,0,39,40,0,40,79
11/04/2012,HUT,KS,ACE,CE,Federal Contract Tower,0,0,10,0,10,0,0,29,0,29,0,0,39,0,39,48,0,48,87
11/05/2012,HUT,KS,ACE,CE,Federal Contract Tower,0,0,7,2,9,0,0,35,0,35,0,0,42,2,44,62,0,62,106
11/06/2012,HUT,KS,ACE,CE,Federal Contract Tower,0,0,3,7,10,0,4,24,7,35,0,4,27,14,45,54,8,62,107
11/07/2012,HUT,KS,ACE,CE,Federal Contract Tower,0,0,5,2,7,0,7,36,0,43,0,7,41,2,50,22,2,24,74
11/08/2012,HUT,KS,ACE,CE,Federal Contract Tower,0,5,4,0,9,0,19,14,0,33,0,24,18,0,42,46,0,46,88
11/09/2012,HUT,KS,ACE,CE,Federal Contract Tower,0,2,5,4,11,0,10,37,0,47,0,12,42,4,58,40,10,50,108
11/10/2012,HUT,KS,ACE,CE,Federal Contract Tower,0,0,1,0,1,0,1,2,0,3,0,1,3,0,4,0,0,0,4
11/11/2012,HUT,KS,ACE,CE,Federal Contract Tower,0,1,1,0,2,0,0,4,0,4,0,1,5,0,6,0,0,0,6
11/12/2012,HUT,KS,ACE,CE,Federal Contract Tower,0,1,8,0,9,0,2,50,0,52,0,3,58,0,61,106,0,106,167
11/13/2012,HUT,KS,ACE,CE,Federal Contract Tower,0,0,7,2,9,0,6,25,0,31,0,6,32,2,40,78,0,78,118
11/14/2012,HUT,KS,ACE,CE,Federal Contract Tower,0,7,9,0,16,0,2,34,0,36,0,9,43,0,52,56,0,56,108
11/15/2012,HUT,KS,ACE,CE,Federal Contract Tower,0,4,10,7,21,0,0,26,6,32,0,4,36,13,53,30,6,36,89
11/16/2012,HUT,KS,ACE,CE,Federal Contract Tower,0,4,8,4,16,0,6,52,0,58,0,10,60,4,74,42,14,56,130
11/17/2012,HUT,KS,ACE,CE,Federal Contract Tower,0,0,4,0,4,0,0,29,0,29,0,0,33,0,33,50,0,50,83
11/18/2012,HUT,KS,ACE,CE,Federal Contract Tower,0,1,3,13,17,0,4,24,3,31,0,5,27,16,48,20,26,46,94
11/19/2012,HUT,KS,ACE,CE,Federal Contract Tower,0,1,6,6,13,0,8,18,2,28,0,9,24,8,41,76,22,98,139
11/20/2012,HUT,KS,ACE,CE,Federal Contract Tower,0,2,7,3,12,0,10,27,3,40,0,12,34,6,52,64,10,74,126
11/21/2012,HUT,KS,ACE,CE,Federal Contract Tower,0,0,13,4,17,0,6,30,0,36,0,6,43,4,53,32,4,36,89
11/22/2012,HUT,KS,ACE,CE,Federal Contract Tower,0,0,0,0,0,0,4,10,0,14,0,4,10,0,14,2,0,2,16
11/23/2012,HUT,KS,ACE,CE,Federal Contract Tower,0,0,3,0,3,0,6,15,0,21,0,6,18,0,24,8,0,8,32
11/24/2012,HUT,KS,ACE,CE,Federal Contract Tower,0,0,7,0,7,0,0,31,0,31,0,0,38,0,38,58,0,58,96
11/25/2012,HUT,KS,ACE,CE,Federal Contract Tower,0,0,4,0,4,0,4,19,0,23,0,4,23,0,27,34,0,34,61
11/26/2012,HUT,KS,ACE,CE,Federal Contract Tower,0,0,6,0,6,0,4,35,0,39,0,4,41,0,45,82,0,82,127
11/27/2012,HUT,KS,ACE,CE,Federal Contract Tower,0,0,15,10,25,0,13,32,1,46,0,13,47,11,71,64,8,72,143
11/28/2012,HUT,KS,ACE,CE,Federal Contract Tower,0,0,11,6,17,0,8,29,4,41,0,8,40,10,58,44,6,50,108
11/29/2012,HUT,KS,ACE,CE,Federal Contract Tower,0,0,7,2,9,0,6,41,3,50,0,6,48,5,59,54,2,56,115
11/30/2012,HUT,KS,ACE,CE,Federal Contract Tower,0,0,7,2,9,0,2,35,0,37,0,2,42,2,46,48,0,48,94
12/01/2012,HUT,KS,ACE,CE,Federal Contract Tower,0,0,10,0,10,0,4,14,2,20,0,4,24,2,30,28,0,28,58
12/02/2012,HUT,KS,ACE,CE,Federal Contract Tower,0,0,1,0,1,0,0,27,0,27,0,0,28,0,28,28,0,28,56
12/03/2012,HUT,KS,ACE,CE,Federal Contract Tower,0,3,11,0,14,0,1,35,0,36,0,4,46,0,50,72,0,72,122
12/04/2012,HUT,KS,ACE,CE,Federal Contract Tower,0,0,2,6,8,0,4,33,4,41,0,4,35,10,49,44,6,50,99
12/05/2012,HUT,KS,ACE,CE,Federal Contract Tower,0,0,3,6,9,0,10,31,1,42,0,10,34,7,51,68,0,68,119
12/06/2012,HUT,KS,ACE,CE,Federal Contract Tower,0,6,29,4,39,0,2,19,0,21,0,8,48,4,60,40,2,42,102
12/07/2012,HUT,KS,ACE,CE,Federal Contract Tower,0,4,18,2,24,0,4,18,4,26,0,8,36,6,50,26,10,36,86
12/08/2012,HUT,KS,ACE,CE,Federal Contract Tower,0,2,9,0,11,0,3,6,0,9,0,5,15,0,20,16,0,16,36
12/09/2012,HUT,KS,ACE,CE,Federal Contract Tower,0,0,3,0,3,0,0,0,0,0,0,0,3,0,3,0,0,0,3
12/10/2012,HUT,KS,ACE,CE,Federal Contract Tower,0,0,20,0,20,0,3,63,2,68,0,3,83,2,88,100,0,100,188
12/11/2012,HUT,KS,ACE,CE,Federal Contract Tower,0,7,18,0,25,0,7,31,4,42,0,14,49,4,67,64,4,68,135
12/12/2012,HUT,KS,ACE,CE,Federal Contract Tower,0,4,9,4,17,0,3,23,0,26,0,7,32,4,43,26,4,30,73
12/13/2012,HUT,KS,ACE,CE,Federal Contract Tower,0,0,6,2,8,0,10,28,0,38,0,10,34,2,46,60,0,60,106
12/14/2012,HUT,KS,ACE,CE,Federal Contract Tower,0,2,6,0,8,0,5,16,0,21,0,7,22,0,29,16,4,20,49
12/15/2012,HUT,KS,ACE,CE,Federal Contract Tower,0,4,5,2,11,0,0,24,6,30,0,4,29,8,41,60,12,72,113
12/16/2012,HUT,KS,ACE,CE,Federal Contract Tower,0,0,5,0,5,0,4,3,0,7,0,4,8,0,12,0,0,0,12
12/17/2012,HUT,KS,ACE,CE,Federal Contract Tower,0,1,3,0,4,0,10,50,15,75,0,11,53,15,79,124,6,130,209
12/18/2012,HUT,KS,ACE,CE,Federal Contract Tower,0,1,6,0,7,0,6,29,0,35,0,7,35,0,42,72,0,72,114
12/19/2012,HUT,KS,ACE,CE,Federal Contract Tower,0,0,7,4,11,0,8,17,6,31,0,8,24,10,42,64,8,72,114
12/20/2012,HUT,KS,ACE,CE,Federal Contract Tower,0,0,6,2,8,0,13,17,3,33,0,13,23,5,41,52,8,60,101
12/21/2012,HUT,KS,ACE,CE,Federal Contract Tower,0,0,8,0,8,0,3,49,0,52,0,3,57,0,60,68,0,68,128
12/22/2012,HUT,KS,ACE,CE,Federal Contract Tower,0,2,5,0,7,0,4,45,0,49,0,6,50,0,56,68,0,68,124
12/23/2012,HUT,KS,ACE,CE,Federal Contract Tower,0,2,12,0,14,0,0,5,0,5,0,2,17,0,19,2,0,2,21
12/24/2012,HUT,KS,ACE,CE,Federal Contract Tower,0,0,0,0,0,0,4,23,0,27,0,4,23,0,27,72,0,72,99
12/25/2012,HUT,KS,ACE,CE,Federal Contract Tower,0,2,1,0,3,0,1,0,0,1,0,3,1,0,4,0,0,0,4
12/26/2012,HUT,KS,ACE,CE,Federal Contract Tower,0,1,4,0,5,0,2,26,0,28,0,3,30,0,33,60,0,60,93
12/27/2012,HUT,KS,ACE,CE,Federal Contract Tower,0,0,5,0,5,0,3,15,0,18,0,3,20,0,23,40,0,40,63
12/28/2012,HUT,KS,ACE,CE,Federal Contract Tower,0,0,3,0,3,0,0,16,0,16,0,0,19,0,19,38,0,38,57
12/29/2012,HUT,KS,ACE,CE,Federal Contract Tower,0,1,6,0,7,0,5,18,0,23,0,6,24,0,30,34,0,34,64
12/30/2012,HUT,KS,ACE,CE,Federal Contract Tower,0,0,2,0,2,0,0,6,0,6,0,0,8,0,8,0,0,0,8
12/31/2012,HUT,KS,ACE,CE,Federal Contract Tower,0,0,3,0,3,0,0,0,0,0,0,0,3,0,3,0,0,0,3
01/01/2013,HUT,KS,ACE,CE,Federal Contract Tower,0,2,1,0,3,0,2,0,0,2,0,4,1,0,5,10,0,10,15
01/02/2013,HUT,KS,ACE,CE,Federal Contract Tower,0,1,4,0,5,0,1,6,0,7,0,2,10,0,12,8,0,8,20
01/03/2013,HUT,KS,ACE,CE,Federal Contract Tower,0,0,7,4,11,0,6,4,0,10,0,6,11,4,21,36,2,38,59
01/04/2013,HUT,KS,ACE,CE,Federal Contract Tower,0,0,8,0,8,0,2,16,0,18,0,2,24,0,26,42,0,42,68
01/05/2013,HUT,KS,ACE,CE,Federal Contract Tower,0,0,4,0,4,0,0,17,0,17,0,0,21,0,21,62,0,62,83
01/06/2013,HUT,KS,ACE,CE,Federal Contract Tower,0,0,5,0,5,0,0,29,0,29,0,0,34,0,34,48,0,48,82
01/07/2013,HUT,KS,ACE,CE,Federal Contract Tower,0,0,1,8,9,0,10,53,0,63,0,10,54,8,72,102,14,116,188
01/08/2013,HUT,KS,ACE,CE,Federal Contract Tower,0,0,2,3,5,0,0,23,1,24,0,0,25,4,29,72,4,76,105
01/09/2013,HUT,KS,ACE,CE,Federal Contract Tower,0,0,7,5,12,0,5,30,1,36,0,5,37,6,48,40,6,46,94
01/10/2013,HUT,KS,ACE,CE,Federal Contract Tower,0,2,8,0,10,0,0,1,0,1,0,2,9,0,11,6,0,6,17
01/11/2013,HUT,KS,ACE,CE,Federal Contract Tower,0,0,6,1,7,0,8,18,2,28,0,8,24,3,35,54,4,58,93
01/12/2013,HUT,KS,ACE,CE,Federal Contract Tower,0,0,2,0,2,0,4,18,0,22,0,4,20,0,24,32,0,32,56
01/13/2013,HUT,KS,ACE,CE,Federal Contract Tower,0,0,2,0,2,0,0,19,0,19,0,0,21,0,21,44,0,44,65
01/14/2013,HUT,KS,ACE,CE,Federal Contract Tower,0,0,1,2,3,0,2,36,0,38,0,2,37,2,41,86,6,92,133
01/15/2013,HUT,KS,ACE,CE,Federal Contract Tower,0,0,1,6,7,0,6,25,1,32,0,6,26,7,39,56,14,70,109
01/16/2013,HUT,KS,ACE,CE,Federal Contract Tower,0,1,12,4,17,0,2,27,0,29,0,3,39,4,46,28,4,32,78
01/17/2013,HUT,KS,ACE,CE,Federal Contract Tower,0,0,7,3,10,0,18,49,1,68,0,18,56,4,78,78,4,82,160
01/18/2013,HUT,KS,ACE,CE,Federal Contract Tower,0,0,5,11,16,0,0,15,8,23,0,0,20,19,39,32,24,56,95
01/19/2013,HUT,KS,ACE,CE,Federal Contract Tower,0,0,2,0,2,0,0,56,0,56,0,0,58,0,58,58,0,58,116
01/20/2013,HUT,KS,ACE,CE,Federal Contract Tower,0,0,0,0,0,0,1,21,0,22,0,1,21,0,22,50,0,50,72
01/21/2013,HUT,KS,ACE,CE,Federal Contract Tower,0,4,7,0,11,0,0,51,0,51,0,4,58,0,62,78,0,78,140
01/22/2013,HUT,KS,ACE,CE,Federal Contract Tower,0,0,8,2,10,0,0,18,0,18,0,0,26,2,28,42,2,44,72
01/23/2013,HUT,KS,ACE,CE,Federal Contract Tower,0,0,9,10,19,0,12,33,12,57,0,12,42,22,76,50,26,76,152
01/24/2013,HUT,KS,ACE,CE,Federal Contract Tower,0,2,12,4,18,0,0,15,0,15,0,2,27,4,33,18,4,22,55
01/25/2013,HUT,KS,ACE,CE,Federal Contract Tower,0,2,3,0,5,0,2,48,0,50,0,4,51,0,55,56,0,56,111
01/26/2013,HUT,KS,ACE,CE,Federal Contract Tower,0,0,5,0,5,0,2,16,0,18,0,2,21,0,23,42,0,42,65
01/27/2013,HUT,KS,ACE,CE,Federal Contract Tower,0,0,3,0,3,0,0,5,0,5,0,0,8,0,8,2,0,2,10
01/28/2013,HUT,KS,ACE,CE,Federal Contract Tower,0,0,5,0,5,0,0,24,0,24,0,0,29,0,29,58,0,58,87
01/29/2013,HUT,KS,ACE,CE,Federal Contract Tower,0,2,12,2,16,0,3,6,0,9,0,5,18,2,25,12,4,16,41
01/30/2013,HUT,KS,ACE,CE,Federal Contract Tower,0,2,12,0,14,0,12,10,0,22,0,14,22,0,36,52,0,52,88
01/31/2013,HUT,KS,ACE,CE,Federal Contract Tower,0,0,7,0,7,0,2,18,0,20,0,2,25,0,27,14,0,14,41
02/01/2013,HUT,KS,ACE,CE,Federal Contract Tower,0,2,6,14,22,0,6,27,0,33,0,8,33,14,55,56,10,66,121
02/02/2013,HUT,KS,ACE,CE,Federal Contract Tower,0,0,2,0,2,0,2,44,0,46,0,2,46,0,48,76,0,76,124
02/03/2013,HUT,KS,ACE,CE,Federal Contract Tower,0,0,0,0,0,0,1,27,0,28,0,1,27,0,28,38,0,38,66
02/04/2013,HUT,KS,ACE,CE,Federal Contract Tower,0,0,1,2,3,0,0,38,2,40,0,0,39,4,43,88,2,90,133
02/05/2013,HUT,KS,ACE,CE,Federal Contract Tower,0,0,7,0,7,0,0,35,0,35,0,0,42,0,42,64,0,64,106
02/06/2013,HUT,KS,ACE,CE,Federal Contract Tower,0,0,13,0,13,0,0,4,0,4,0,0,17,0,17,22,0,22,39
02/07/2013,HUT,KS,ACE,CE,Federal Contract Tower,0,0,10,5,15,0,4,31,0,35,0,4,41,5,50,64,8,72,122
02/08/2013,HUT,KS,ACE,CE,Federal Contract Tower,0,0,7,0,7,0,0,12,0,12,0,0,19,0,19,20,0,20,39
02/09/2013,HUT,KS,ACE,CE,Federal Contract Tower,0,0,3,0,3,0,0,4,0,4,0,0,7,0,7,6,0,6,13
02/10/2013,HUT,KS,ACE,CE,Federal Contract Tower,0,2,0,0,2,0,0,3,0,3,0,2,3,0,5,2,0,2,7
02/11/2013,HUT,KS,ACE,CE,Federal Contract Tower,0,1,8,6,15,0,13,28,0,41,0,14,36,6,56,120,14,134,190
02/12/2013,HUT,KS,ACE,CE,Federal Contract Tower,0,2,6,0,8,0,6,25,0,31,0,8,31,0,39,45,0,45,84
02/13/2013,HUT,KS,ACE,CE,Federal Contract Tower,0,0,7,2,9,0,18,25,5,48,0,18,32,7,57,50,0,50,107
02/14/2013,HUT,KS,ACE,CE,Federal Contract Tower,0,0,7,2,9,0,8,18,2,28,0,8,25,4,37,10,0,10,47
02/15/2013,HUT,KS,ACE,CE,Federal Contract Tower,0,4,9,6,19,0,6,28,0,34,0,10,37,6,53,16,0,16,69
02/16/2013,HUT,KS,ACE,CE,Federal Contract Tower,0,0,7,0,7,0,2,27,0,29,0,2,34,0,36,52,0,52,88
02/17/2013,HUT,KS,ACE,CE,Federal Contract Tower,0,0,6,0,6,0,4,23,0,27,0,4,29,0,33,28,0,28,61
02/18/2013,HUT,KS,ACE,CE,Federal Contract Tower,0,0,3,0,3,0,0,24,0,24,0,0,27,0,27,48,0,48,75
02/19/2013,HUT,KS,ACE,CE,Federal Contract Tower,0,2,4,4,10,0,0,31,0,31,0,2,35,4,41,46,4,50,91
02/20/2013,HUT,KS,ACE,CE,Federal Contract Tower,0,0,0,0,0,0,2,0,0,2,0,2,0,0,2,10,0,10,12
02/21/2013,HUT,KS,ACE,CE,Federal Contract Tower,0,0,0,0,0,0,0,0,0,0,0,0,0,0,0,0,0,0,0
02/22/2013,HUT,KS,ACE,CE,Federal Contract Tower,0,0,2,0,2,0,5,3,0,8,0,5,5,0,10,12,0,12,22
02/23/2013,HUT,KS,ACE,CE,Federal Contract Tower,0,4,6,0,10,0,4,14,0,18,0,8,20,0,28,26,0,26,54
02/24/2013,HUT,KS,ACE,CE,Federal Contract Tower,0,1,7,0,8,0,2,9,0,11,0,3,16,0,19,18,0,18,37
02/25/2013,HUT,KS,ACE,CE,Federal Contract Tower,0,0,0,0,0,0,0,0,0,0,0,0,0,0,0,0,0,0,0
02/26/2013,HUT,KS,ACE,CE,Federal Contract Tower,0,0,6,0,6,0,0,3,0,3,0,0,9,0,9,24,0,24,33
02/27/2013,HUT,KS,ACE,CE,Federal Contract Tower,0,0,13,2,15,0,6,19,0,25,0,6,32,2,40,62,0,62,102
02/28/2013,HUT,KS,ACE,CE,Federal Contract Tower,0,6,19,2,27,0,6,21,2,29,0,12,40,4,56,28,2,30,86
03/01/2013,HUT,KS,ACE,CE,Federal Contract Tower,0,0,5,2,7,0,0,10,0,10,0,0,15,2,17,16,0,16,33
03/02/2013,HUT,KS,ACE,CE,Federal Contract Tower,0,2,12,0,14,0,0,48,0,48,0,2,60,0,62,56,0,56,118
03/03/2013,HUT,KS,ACE,CE,Federal Contract Tower,0,0,3,0,3,0,0,33,0,33,0,0,36,0,36,48,0,48,84
03/04/2013,HUT,KS,ACE,CE,Federal Contract Tower,0,0,5,2,7,0,0,7,0,7,0,0,12,2,14,24,4,28,42
03/05/2013,HUT,KS,ACE,CE,Federal Contract Tower,0,0,10,12,22,0,6,50,2,58,0,6,60,14,80,55,12,67,147
03/06/2013,HUT,KS,ACE,CE,Federal Contract Tower,0,0,6,10,16,0,14,29,0,43,0,14,35,10,59,32,2,34,93
03/07/2013,HUT,KS,ACE,CE,Federal Contract Tower,0,0,6,0,6,0,10,55,0,65,0,10,61,0,71,79,0,79,150
03/08/2013,HUT,KS,ACE,CE,Federal Contract Tower,0,0,25,4,29,0,4,5,0,9,0,4,30,4,38,12,0,12,50
03/09/2013,HUT,KS,ACE,CE,Federal Contract Tower,0,0,1,0,1,0,0,2,0,2,0,0,3,0,3,0,0,0,3
03/10/2013,HUT,KS,ACE,CE,Federal Contract Tower,0,0,2,0,2,0,1,0,6,7,0,1,2,6,9,6,0,6,15
03/11/2013,HUT,KS,ACE,CE,Federal Contract Tower,0,0,7,0,7,0,0,29,0,29,0,0,36,0,36,86,0,86,122
03/12/2013,HUT,KS,ACE,CE,Federal Contract Tower,0,0,2,4,6,0,12,34,2,48,0,12,36,6,54,60,6,66,120
03/13/2013,HUT,KS,ACE,CE,Federal Contract Tower,0,0,8,0,8,0,1,30,0,31,0,1,38,0,39,66,0,66,105
03/14/2013,HUT,KS,ACE,CE,Federal Contract Tower,0,0,5,4,9,0,4,90,0,94,0,4,95,4,103,58,0,58,161
03/15/2013,HUT,KS,ACE,CE,Federal Contract Tower,0,2,17,7,26,0,2,30,3,35,0,4,47,10,61,64,10,74,135
03/16/2013,HUT,KS,ACE,CE,Federal Contract Tower,0,0,6,0,6,0,2,18,0,20,0,2,24,0,26,60,0,60,86
03/17/2013,HUT,KS,ACE,CE,Federal Contract Tower,0,5,8,2,15,0,0,8,0,8,0,5,16,2,23,18,4,22,45
03/18/2013,HUT,KS,ACE,CE,Federal Contract Tower,0,0,14,0,14,0,2,67,0,69,0,2,81,0,83,88,4,92,175
03/19/2013,HUT,KS,ACE,CE,Federal Contract Tower,0,7,14,8,29,0,10,42,0,52,0,17,56,8,81,94,18,112,193
03/20/2013,HUT,KS,ACE,CE,Federal Contract Tower,0,0,3,3,6,0,8,35,1,44,0,8,38,4,50,78,0,78,128
03/21/2013,HUT,KS,ACE,CE,Federal Contract Tower,0,0,8,2,10,0,2,6,2,10,0,2,14,4,20,8,4,12,32
03/22/2013,HUT,KS,ACE,CE,Federal Contract Tower,0,2,10,2,14,0,0,7,0,7,0,2,17,2,21,12,0,12,33
03/23/2013,HUT,KS,ACE,CE,Federal Contract Tower,0,0,2,0,2,0,0,0,0,0,0,0,2,0,2,0,0,0,2
03/24/2013,HUT,KS,ACE,CE,Federal Contract Tower,0,0,3,0,3,0,0,3,0,3,0,0,6,0,6,0,0,0,6
03/25/2013,HUT,KS,ACE,CE,Federal Contract Tower,0,4,4,4,12,0,4,10,1,15,0,8,14,5,27,16,14,30,57
03/26/2013,HUT,KS,ACE,CE,Federal Contract Tower,0,0,4,1,5,0,12,23,4,39,0,12,27,5,44,52,0,52,96
03/27/2013,HUT,KS,ACE,CE,Federal Contract Tower,0,2,8,0,10,0,2,35,0,37,0,4,43,0,47,46,0,46,93
03/28/2013,HUT,KS,ACE,CE,Federal Contract Tower,0,0,4,1,5,0,6,28,2,36,0,6,32,3,41,78,0,78,119
03/29/2013,HUT,KS,ACE,CE,Federal Contract Tower,0,2,11,12,25,0,2,39,0,41,0,4,50,12,66,10,0,10,76
03/30/2013,HUT,KS,ACE,CE,Federal Contract Tower,0,0,11,0,11,0,0,19,0,19,0,0,30,0,30,26,0,26,56
03/31/2013,HUT,KS,ACE,CE,Federal Contract Tower,0,0,1,0,1,0,0,23,0,23,0,0,24,0,24,30,0,30,54
04/01/2013,HUT,KS,ACE,CE,Federal Contract Tower,0,0,4,0,4,0,3,6,0,9,0,3,10,0,13,4,0,4,17
04/02/2013,HUT,KS,ACE,CE,Federal Contract Tower,0,0,5,0,5,0,0,13,2,15,0,0,18,2,20,20,0,20,40
04/03/2013,HUT,KS,ACE,CE,Federal Contract Tower,0,7,9,2,18,0,4,6,0,10,0,11,15,2,28,18,0,18,46
04/04/2013,HUT,KS,ACE,CE,Federal Contract Tower,0,1,11,6,18,0,4,66,2,72,0,5,77,8,90,66,0,66,156
04/05/2013,HUT,KS,ACE,CE,Federal Contract Tower,0,5,11,2,18,0,8,24,1,33,0,13,35,3,51,8,0,8,59
04/06/2013,HUT,KS,ACE,CE,Federal Contract Tower,0,0,2,0,2,0,2,13,0,15,0,2,15,0,17,12,0,12,29
04/07/2013,HUT,KS,ACE,CE,Federal Contract Tower,0,3,10,0,13,0,0,12,0,12,0,3,22,0,25,16,0,16,41
04/08/2013,HUT,KS,ACE,CE,Federal Contract Tower,0,4,5,0,9,0,3,11,0,14,0,7,16,0,23,36,0,36,59
04/09/2013,HUT,KS,ACE,CE,Federal Contract Tower,0,2,6,0,8,0,1,6,0,7,0,3,12,0,15,4,0,4,19
04/10/2013,HUT,KS,ACE,CE,Federal Contract Tower,0,0,3,0,3,0,0,0,0,0,0,0,3,0,3,0,0,0,3
04/11/2013,HUT,KS,ACE,CE,Federal Contract Tower,0,0,20,11,31,0,42,35,4,81,0,42,55,15,112,93,4,97,209
04/12/2013,HUT,KS,ACE,CE,Federal Contract Tower,0,1,14,10,25,0,9,27,0,36,0,10,41,10,61,50,0,50,111
04/13/2013,HUT,KS,ACE,CE,Federal Contract Tower,0,0,7,0,7,0,10,16,0,26,0,10,23,0,33,50,0,50,83
04/14/2013,HUT,KS,ACE,CE,Federal Contract Tower,0,0,5,0,5,0,0,7,0,7,0,0,12,0,12,14,0,14,26
04/15/2013,HUT,KS,ACE,CE,Federal Contract Tower,0,0,8,2,10,0,10,59,10,79,0,10,67,12,89,108,20,128,217
04/16/2013,HUT,KS,ACE,CE,Federal Contract Tower,0,0,12,0,12,0,4,12,0,16,0,4,24,0,28,38,0,38,66
04/17/2013,HUT,KS,ACE,CE,Federal Contract Tower,0,0,4,0,4,0,0,0,0,0,0,0,4,0,4,0,0,0,4
04/18/2013,HUT,KS,ACE,CE,Federal Contract Tower,0,0,6,0,6,0,2,2,10,14,0,2,8,10,20,18,18,36,56
04/19/2013,HUT,KS,ACE,CE,Federal Contract Tower,0,2,2,2,6,0,4,31,3,38,0,6,33,5,44,56,6,62,106
04/20/2013,HUT,KS,ACE,CE,Federal Contract Tower,0,2,9,9,20,0,6,19,1,26,0,8,28,10,46,36,4,40,86
04/21/2013,HUT,KS,ACE,CE,Federal Contract Tower,0,2,7,0,9,0,6,22,4,32,0,8,29,4,41,22,6,28,69
04/22/2013,HUT,KS,ACE,CE,Federal Contract Tower,0,2,10,0,12,0,4,17,10,31,0,6,27,10,43,20,4,24,67
04/23/2013,HUT,KS,ACE,CE,Federal Contract Tower,0,0,10,0,10,0,0,2,0,2,0,0,12,0,12,6,0,6,18
04/24/2013,HUT,KS,ACE,CE,Federal Contract Tower,0,3,14,6,23,0,11,67,1,79,0,14,81,7,102,96,0,96,198
04/25/2013,HUT,KS,ACE,CE,Federal Contract Tower,0,3,13,6,22,0,9,39,2,50,0,12,52,8,72,62,0,62,134
04/26/2013,HUT,KS,ACE,CE,Federal Contract Tower,0,4,10,16,30,0,2,7,0,9,0,6,17,16,39,10,18,28,67
04/27/2013,HUT,KS,ACE,CE,Federal Contract Tower,0,1,7,0,8,0,7,19,0,26,0,8,26,0,34,44,0,44,78
04/28/2013,HUT,KS,ACE,CE,Federal Contract Tower,0,2,4,0,6,0,0,25,0,25,0,2,29,0,31,94,0,94,125
04/29/2013,HUT,KS,ACE,CE,Federal Contract Tower,0,0,11,0,11,0,12,36,0,48,0,12,47,0,59,146,0,146,205
04/30/2013,HUT,KS,ACE,CE,Federal Contract Tower,0,2,7,2,11,0,18,27,0,45,0,20,34,2,56,60,0,60,116
05/01/2013,HUT,KS,ACE,CE,Federal Contract Tower,0,2,8,0,10,0,0,4,0,4,0,2,12,0,14,12,0,12,26
05/02/2013,HUT,KS,ACE,CE,Federal Contract Tower,0,0,2,4,6,0,0,2,0,2,0,0,4,4,8,10,0,10,18
05/03/2013,HUT,KS,ACE,CE,Federal Contract Tower,0,0,8,3,11,0,8,23,1,32,0,8,31,4,43,66,6,72,115
05/04/2013,HUT,KS,ACE,CE,Federal Contract Tower,0,1,3,0,4,0,0,0,0,0,0,1,3,0,4,0,0,0,4
05/05/2013,HUT,KS,ACE,CE,Federal Contract Tower,0,0,12,2,14,0,0,20,0,20,0,0,32,2,34,44,0,44,78
05/06/2013,HUT,KS,ACE,CE,Federal Contract Tower,0,2,13,2,17,0,4,32,4,40,0,6,45,6,57,144,14,158,215
05/07/2013,HUT,KS,ACE,CE,Federal Contract Tower,0,2,8,0,10,0,10,25,0,35,0,12,33,0,45,94,0,94,139
05/08/2013,HUT,KS,ACE,CE,Federal Contract Tower,0,2,7,2,11,0,3,19,1,23,0,5,26,3,34,42,6,48,82
05/09/2013,HUT,KS,ACE,CE,Federal Contract Tower,0,5,18,2,25,0,22,40,1,63,0,27,58,3,88,36,0,36,124
05/10/2013,HUT,KS,ACE,CE,Federal Contract Tower,0,1,10,2,13,0,5,28,0,33,0,6,38,2,46,94,2,96,142
05/11/2013,HUT,KS,ACE,CE,Federal Contract Tower,0,0,4,0,4,0,4,13,0,17,0,4,17,0,21,94,0,94,115
05/12/2013,HUT,KS,ACE,CE,Federal Contract Tower,0,0,7,0,7,0,0,59,0,59,0,0,66,0,66,12,0,12,78
05/13/2013,HUT,KS,ACE,CE,Federal Contract Tower,0,0,7,1,8,0,14,63,1,78,0,14,70,2,86,146,0,146,232
05/14/2013,HUT,KS,ACE,CE,Federal Contract Tower,0,0,5,2,7,0,12,16,0,28,0,12,21,2,35,87,0,87,122
05/15/2013,HUT,KS,ACE,CE,Federal Contract Tower,0,2,7,2,11,0,3,28,0,31,0,5,35,2,42,26,2,28,70
05/16/2013,HUT,KS,ACE,CE,Federal Contract Tower,0,2,11,6,19,0,0,72,0,72,0,2,83,6,91,101,4,105,196
05/17/2013,HUT,KS,ACE,CE,Federal Contract Tower,0,2,17,2,21,0,2,26,0,28,0,4,43,2,49,54,4,58,107
05/18/2013,HUT,KS,ACE,CE,Federal Contract Tower,0,2,13,4,19,0,2,2,4,8,0,4,15,8,27,24,0,24,51
05/19/2013,HUT,KS,ACE,CE,Federal Contract Tower,0,0,3,1,4,0,3,1,1,5,0,3,4,2,9,4,0,4,13
05/20/2013,HUT,KS,ACE,CE,Federal Contract Tower,0,0,6,3,9,0,2,34,0,36,0,2,40,3,45,42,4,46,91
05/21/2013,HUT,KS,ACE,CE,Federal Contract Tower,0,0,6,15,21,0,10,22,6,38,0,10,28,21,59,90,44,134,193
05/22/2013,HUT,KS,ACE,CE,Federal Contract Tower,0,0,7,0,7,0,14,19,0,33,0,14,26,0,40,78,0,78,118
05/23/2013,HUT,KS,ACE,CE,Federal Contract Tower,0,3,12,7,22,0,14,28,3,45,0,17,40,10,67,24,18,42,109
05/24/2013,HUT,KS,ACE,CE,Federal Contract Tower,0,8,20,0,28,0,4,12,0,16,0,12,32,0,44,56,0,56,100
05/25/2013,HUT,KS,ACE,CE,Federal Contract Tower,0,0,7,0,7,0,6,8,0,14,0,6,15,0,21,50,0,50,71
05/26/2013,HUT,KS,ACE,CE,Federal Contract Tower,0,0,7,0,7,0,3,0,0,3,0,3,7,0,10,20,0,20,30
05/27/2013,HUT,KS,ACE,CE,Federal Contract Tower,0,0,6,0,6,0,0,8,0,8,0,0,14,0,14,18,0,18,32
05/28/2013,HUT,KS,ACE,CE,Federal Contract Tower,0,6,7,4,17,0,2,39,0,41,0,8,46,4,58,57,12,69,127
05/29/2013,HUT,KS,ACE,CE,Federal Contract Tower,0,0,9,0,9,0,0,5,0,5,0,0,14,0,14,0,0,0,14
05/30/2013,HUT,KS,ACE,CE,Federal Contract Tower,0,0,5,6,11,0,4,42,3,49,0,4,47,9,60,30,68,98,158
05/31/2013,HUT,KS,ACE,CE,Federal Contract Tower,0,2,16,16,34,0,0,14,0,14,0,2,30,16,48,40,28,68,116
06/01/2013,HUT,KS,ACE,CE,Federal Contract Tower,0,2,8,0,10,0,4,17,0,21,0,6,25,0,31,50,0,50,81
06/02/2013,HUT,KS,ACE,CE,Federal Contract Tower,0,0,4,0,4,0,4,16,2,22,0,4,20,2,26,58,0,58,84
06/03/2013,HUT,KS,ACE,CE,Federal Contract Tower,0,0,4,4,8,0,11,15,2,28,0,11,19,6,36,78,14,92,128
06/04/2013,HUT,KS,ACE,CE,Federal Contract Tower,0,0,14,0,14,0,1,16,0,17,0,1,30,0,31,26,0,26,57
06/05/2013,HUT,KS,ACE,CE,Federal Contract Tower,0,5,11,12,28,0,0,12,2,14,0,5,23,14,42,70,0,70,112
06/06/2013,HUT,KS,ACE,CE,Federal Contract Tower,0,2,9,8,19,0,0,23,4,27,0,2,32,12,46,34,10,44,90
06/07/2013,HUT,KS,ACE,CE,Federal Contract Tower,0,1,6,0,7,0,4,44,0,48,0,5,50,0,55,90,0,90,145
06/08/2013,HUT,KS,ACE,CE,Federal Contract Tower,0,0,0,0,0,0,4,11,0,15,0,4,11,0,15,42,0,42,57
06/09/2013,HUT,KS,ACE,CE,Federal Contract Tower,0,0,10,0,10,0,3,28,0,31,0,3,38,0,41,46,0,46,87
06/10/2013,HUT,KS,ACE,CE,Federal Contract Tower,0,2,5,2,9,0,4,23,0,27,0,6,28,2,36,94,8,102,138
06/11/2013,HUT,KS,ACE,CE,Federal Contract Tower,0,2,6,6,14,0,6,19,0,25,0,8,25,6,39,82,12,94,133
06/12/2013,HUT,KS,ACE,CE,Federal Contract Tower,0,1,9,0,10,0,18,35,2,55,0,19,44,2,65,60,0,60,125
06/13/2013,HUT,KS,ACE,CE,Federal Contract Tower,0,0,8,9,17,0,8,48,2,58,0,8,56,11,75,58,10,68,143
06/14/2013,HUT,KS,ACE,CE,Federal Contract Tower,0,0,18,10,28,0,25,14,0,39,0,25,32,10,67,56,0,56,123
06/15/2013,HUT,KS,ACE,CE,Federal Contract Tower,0,0,5,0,5,0,0,15,6,21,0,0,20,6,26,50,20,70,96
06/16/2013,HUT,KS,ACE,CE,Federal Contract Tower,0,0,5,0,5,0,2,34,0,36,0,2,39,0,41,68,0,68,109
06/17/2013,HUT,KS,ACE,CE,Federal Contract Tower,0,10,8,10,28,0,10,50,0,60,0,20,58,10,88,64,4,68,156
06/18/2013,HUT,KS,ACE,CE,Federal Contract Tower,0,6,8,4,18,0,23,56,3,82,0,29,64,7,100,70,8,78,178
06/19/2013,HUT,KS,ACE,CE,Federal Contract Tower,0,3,7,7,17,0,13,34,4,51,0,16,41,11,68,72,16,88,156
06/20/2013,HUT,KS,ACE,CE,Federal Contract Tower,0,0,12,6,18,0,4,11,0,15,0,4,23,6,33,28,2,30,63
06/21/2013,HUT,KS,ACE,CE,Federal Contract Tower,0,6,4,8,18,0,8,26,0,34,0,14,30,8,52,56,2,58,110
06/22/2013,HUT,KS,ACE,CE,Federal Contract Tower,0,0,4,0,4,0,0,27,0,27,0,0,31,0,31,6,0,6,37
06/23/2013,HUT,KS,ACE,CE,Federal Contract Tower,0,0,6,0,6,0,0,17,0,17,0,0,23,0,23,30,0,30,53
06/24/2013,HUT,KS,ACE,CE,Federal Contract Tower,0,0,6,2,8,0,5,51,0,56,0,5,57,2,64,82,4,86,150
06/25/2013,HUT,KS,ACE,CE,Federal Contract Tower,0,0,5,6,11,0,2,36,0,38,0,2,41,6,49,70,6,76,125
06/26/2013,HUT,KS,ACE,CE,Federal Contract Tower,0,0,6,2,8,0,2,50,0,52,0,2,56,2,60,136,2,138,198
06/27/2013,HUT,KS,ACE,CE,Federal Contract Tower,0,2,10,2,14,0,4,22,6,32,0,6,32,8,46,70,8,78,124
06/28/2013,HUT,KS,ACE,CE,Federal Contract Tower,0,1,18,0,19,0,4,49,0,53,0,5,67,0,72,61,0,61,133
06/29/2013,HUT,KS,ACE,CE,Federal Contract Tower,0,2,3,0,5,0,5,24,0,29,0,7,27,0,34,0,0,0,34
06/30/2013,HUT,KS,ACE,CE,Federal Contract Tower,0,4,8,0,12,0,6,34,0,40,0,10,42,0,52,66,0,66,118
07/01/2013,HUT,KS,ACE,CE,Federal Contract Tower,0,2,5,5,12,0,9,16,5,30,0,11,21,10,42,50,12,62,104
07/02/2013,HUT,KS,ACE,CE,Federal Contract Tower,0,3,14,8,25,0,5,53,0,58,0,8,67,8,83,88,20,108,191
07/03/2013,HUT,KS,ACE,CE,Federal Contract Tower,0,1,8,6,15,0,18,34,0,52,0,19,42,6,67,82,6,88,155
07/04/2013,HUT,KS,ACE,CE,Federal Contract Tower,0,0,5,0,5,0,6,20,0,26,0,6,25,0,31,26,0,26,57
07/05/2013,HUT,KS,ACE,CE,Federal Contract Tower,0,0,8,0,8,0,0,12,0,12,0,0,20,0,20,34,0,34,54
07/06/2013,HUT,KS,ACE,CE,Federal Contract Tower,0,0,2,0,2,0,8,12,0,20,0,8,14,0,22,18,0,18,40
07/07/2013,HUT,KS,ACE,CE,Federal Contract Tower,0,4,2,0,6,0,4,17,0,21,0,8,19,0,27,10,0,10,37
07/08/2013,HUT,KS,ACE,CE,Federal Contract Tower,0,0,5,0,5,0,10,30,0,40,0,10,35,0,45,76,0,76,121
07/09/2013,HUT,KS,ACE,CE,Federal Contract Tower,0,0,13,4,17,0,12,34,0,46,0,12,47,4,63,88,10,98,161
07/10/2013,HUT,KS,ACE,CE,Federal Contract Tower,0,0,3,0,3,0,10,26,0,36,0,10,29,0,39,80,0,80,119
07/11/2013,HUT,KS,ACE,CE,Federal Contract Tower,0,1,9,2,12,0,6,33,0,39,0,7,42,2,51,76,10,86,137
07/12/2013,HUT,KS,ACE,CE,Federal Contract Tower,0,0,12,4,16,0,8,31,0,39,0,8,43,4,55,91,8,99,154
07/13/2013,HUT,KS,ACE,CE,Federal Contract Tower,0,0,4,0,4,0,0,33,0,33,0,0,37,0,37,50,0,50,87
07/14/2013,HUT,KS,ACE,CE,Federal Contract Tower,0,0,8,0,8,0,4,0,0,4,0,4,8,0,12,14,0,14,26
07/15/2013,HUT,KS,ACE,CE,Federal Contract Tower,0,0,8,10,18,0,0,22,0,22,0,0,30,10,40,36,30,66,106
07/16/2013,HUT,KS,ACE,CE,Federal Contract Tower,0,0,11,4,15,0,2,60,0,62,0,2,71,4,77,77,28,105,182
07/17/2013,HUT,KS,ACE,CE,Federal Contract Tower,0,0,15,2,17,0,0,55,0,55,0,0,70,2,72,51,4,55,127
07/18/2013,HUT,KS,ACE,CE,Federal Contract Tower,0,0,12,0,12,0,12,51,4,67,0,12,63,4,79,61,0,61,140
07/19/2013,HUT,KS,ACE,CE,Federal Contract Tower,0,2,9,0,11,0,6,24,0,30,0,8,33,0,41,99,0,99,140
07/20/2013,HUT,KS,ACE,CE,Federal Contract Tower,0,0,0,0,0,0,6,20,0,26,0,6,20,0,26,56,0,56,82
07/21/2013,HUT,KS,ACE,CE,Federal Contract Tower,0,2,14,0,16,0,0,34,0,34,0,2,48,0,50,18,0,18,68
07/22/2013,HUT,KS,ACE,CE,Federal Contract Tower,0,0,1,0,1,0,5,37,0,42,0,5,38,0,43,52,0,52,95
07/23/2013,HUT,KS,ACE,CE,Federal Contract Tower,0,4,10,0,14,0,5,33,0,38,0,9,43,0,52,81,0,81,133
07/24/2013,HUT,KS,ACE,CE,Federal Contract Tower,0,22,10,0,32,0,4,45,4,53,0,26,55,4,85,95,10,105,190
07/25/2013,HUT,KS,ACE,CE,Federal Contract Tower,0,1,9,0,10,0,26,57,0,83,0,27,66,0,93,81,0,81,174
07/26/2013,HUT,KS,ACE,CE,Federal Contract Tower,0,8,21,2,31,0,10,34,2,46,0,18,55,4,77,68,4,72,149
07/27/2013,HUT,KS,ACE,CE,Federal Contract Tower,0,0,6,0,6,0,8,37,0,45,0,8,43,0,51,42,0,42,93
07/28/2013,HUT,KS,ACE,CE,Federal Contract Tower,0,0,7,4,11,0,0,0,0,0,0,0,7,4,11,0,0,0,11
07/29/2013,HUT,KS,ACE,CE,Federal Contract Tower,0,0,6,0,6,0,2,4,0,6,0,2,10,0,12,12,0,12,24
07/30/2013,HUT,KS,ACE,CE,Federal Contract Tower,0,4,19,4,27,0,1,11,0,12,0,5,30,4,39,48,0,48,87
07/31/2013,HUT,KS,ACE,CE,Federal Contract Tower,0,0,30,0,30,0,16,61,2,79,0,16,91,2,109,112,2,114,223
08/01/2013,HUT,KS,ACE,CE,Federal Contract Tower,0,1,5,6,12,0,5,38,0,43,0,6,43,6,55,62,6,68,123
08/02/2013,HUT,KS,ACE,CE,Federal Contract Tower,0,4,8,2,14,0,4,24,0,28,0,8,32,2,42,42,0,42,84
08/03/2013,HUT,KS,ACE,CE,Federal Contract Tower,0,0,3,0,3,0,5,20,0,25,0,5,23,0,28,38,0,38,66
08/04/2013,HUT,KS,ACE,CE,Federal Contract Tower,0,2,10,0,12,0,1,12,0,13,0,3,22,0,25,22,0,22,47
08/05/2013,HUT,KS,ACE,CE,Federal Contract Tower,0,1,16,0,17,0,6,37,0,43,0,7,53,0,60,92,0,92,152
08/06/2013,HUT,KS,ACE,CE,Federal Contract Tower,0,0,10,2,12,0,14,30,0,44,0,14,40,2,56,124,0,124,180
08/07/2013,HUT,KS,ACE,CE,Federal Contract Tower,0,0,8,0,8,0,3,21,0,24,0,3,29,0,32,50,0,50,82
08/08/2013,HUT,KS,ACE,CE,Federal Contract Tower,0,0,21,0,21,0,1,5,0,6,0,1,26,0,27,16,0,16,43
08/09/2013,HUT,KS,ACE,CE,Federal Contract Tower,0,0,12,0,12,0,1,6,0,7,0,1,18,0,19,12,0,12,31
08/10/2013,HUT,KS,ACE,CE,Federal Contract Tower,0,0,16,0,16,0,2,31,0,33,0,2,47,0,49,54,0,54,103
08/11/2013,HUT,KS,ACE,CE,Federal Contract Tower,0,0,3,0,3,0,4,10,0,14,0,4,13,0,17,36,0,36,53
08/12/2013,HUT,KS,ACE,CE,Federal Contract Tower,0,0,13,0,13,0,1,36,0,37,0,1,49,0,50,66,0,66,116
08/13/2013,HUT,KS,ACE,CE,Federal Contract Tower,0,3,12,6,21,0,0,13,2,15,0,3,25,8,36,18,28,46,82
08/14/2013,HUT,KS,ACE,CE,Federal Contract Tower,0,0,14,10,24,0,2,35,2,39,0,2,49,12,63,56,14,70,133
08/15/2013,HUT,KS,ACE,CE,Federal Contract Tower,0,0,21,0,21,0,8,30,0,38,0,8,51,0,59,88,0,88,147
08/16/2013,HUT,KS,ACE,CE,Federal Contract Tower,0,3,9,2,14,0,2,18,0,20,0,5,27,2,34,56,8,64,98
08/17/2013,HUT,KS,ACE,CE,Federal Contract Tower,0,0,12,0,12,0,0,34,0,34,0,0,46,0,46,56,0,56,102
08/18/2013,HUT,KS,ACE,CE,Federal Contract Tower,0,0,15,0,15,0,0,34,0,34,0,0,49,0,49,42,0,42,91
08/19/2013,HUT,KS,ACE,CE,Federal Contract Tower,0,0,5,4,9,0,0,36,0,36,0,0,41,4,45,134,8,142,187
08/20/2013,HUT,KS,ACE,CE,Federal Contract Tower,0,5,12,6,23,0,6,29,0,35,0,11,41,6,58,56,10,66,124
08/21/2013,HUT,KS,ACE,CE,Federal Contract Tower,0,5,7,4,16,0,2,27,0,29,0,7,34,4,45,90,8,98,143
08/22/2013,HUT,KS,ACE,CE,Federal Contract Tower,0,2,8,6,16,0,6,23,0,29,0,8,31,6,45,28,14,42,87
08/23/2013,HUT,KS,ACE,CE,Federal Contract Tower,0,0,15,4,19,0,6,32,0,38,0,6,47,4,57,78,2,80,137
08/24/2013,HUT,KS,ACE,CE,Federal Contract Tower,0,2,8,8,18,0,4,43,0,47,0,6,51,8,65,48,6,54,119
08/25/2013,HUT,KS,ACE,CE,Federal Contract Tower,0,0,6,2,8,0,0,25,0,25,0,0,31,2,33,64,6,70,103
08/26/2013,HUT,KS,ACE,CE,Federal Contract Tower,0,2,2,12,16,0,4,18,2,24,0,6,20,14,40,76,36,112,152
08/27/2013,HUT,KS,ACE,CE,Federal Contract Tower,0,0,15,4,19,0,24,32,0,56,0,24,47,4,75,114,6,120,195
08/28/2013,HUT,KS,ACE,CE,Federal Contract Tower,0,0,10,2,12,0,6,52,8,66,0,6,62,10,78,66,12,78,156
08/29/2013,HUT,KS,ACE,CE,Federal Contract Tower,0,0,9,4,13,0,4,35,2,41,0,4,44,6,54,38,2,40,94
08/30/2013,HUT,KS,ACE,CE,Federal Contract Tower,0,1,13,6,20,0,4,43,4,51,0,5,56,10,71,56,6,62,133
08/31/2013,HUT,KS,ACE,CE,Federal Contract Tower,0,0,2,0,2,0,2,27,0,29,0,2,29,0,31,34,0,34,65
09/01/2013,HUT,KS,ACE,CE,Federal Contract Tower,0,0,11,0,11,0,0,12,0,12,0,0,23,0,23,32,0,32,55
09/02/2013,HUT,KS,ACE,CE,Federal Contract Tower,0,0,9,0,9,0,0,23,0,23,0,0,32,0,32,44,0,44,76
09/03/2013,HUT,KS,ACE,CE,Federal Contract Tower,0,0,4,6,10,0,14,10,0,24,0,14,14,6,34,72,14,86,120
09/04/2013,HUT,KS,ACE,CE,Federal Contract Tower,0,0,3,0,3,0,5,16,0,21,0,5,19,0,24,40,0,40,64
09/05/2013,HUT,KS,ACE,CE,Federal Contract Tower,0,2,4,4,10,0,6,37,4,47,0,8,41,8,57,74,0,74,131
09/06/2013,HUT,KS,ACE,CE,Federal Contract Tower,0,0,8,2,10,0,8,39,3,50,0,8,47,5,60,98,0,98,158
09/07/2013,HUT,KS,ACE,CE,Federal Contract Tower,0,1,13,2,16,0,18,17,0,35,0,19,30,2,51,140,0,140,191
09/08/2013,HUT,KS,ACE,CE,Federal Contract Tower,0,2,2,0,4,0,11,13,0,24,0,13,15,0,28,62,0,62,90
09/09/2013,HUT,KS,ACE,CE,Federal Contract Tower,0,0,3,17,20,0,20,27,2,49,0,20,30,19,69,66,26,92,161
09/10/2013,HUT,KS,ACE,CE,Federal Contract Tower,0,1,7,14,22,0,30,26,0,56,0,31,33,14,78,102,24,126,204
09/11/2013,HUT,KS,ACE,CE,Federal Contract Tower,0,4,3,0,7,0,23,44,0,67,0,27,47,0,74,172,0,172,246
09/12/2013,HUT,KS,ACE,CE,Federal Contract Tower,0,9,20,8,37,0,8,5,0,13,0,17,25,8,50,48,4,52,102
09/13/2013,HUT,KS,ACE,CE,Federal Contract Tower,0,0,13,4,17,0,18,27,0,45,0,18,40,4,62,160,6,166,228
09/14/2013,HUT,KS,ACE,CE,Federal Contract Tower,0,1,8,0,9,0,10,22,0,32,0,11,30,0,41,238,0,238,279
09/15/2013,HUT,KS,ACE,CE,Federal Contract Tower,0,0,7,2,9,0,2,10,0,12,0,2,17,2,21,110,0,110,131
09/16/2013,HUT,KS,ACE,CE,Federal Contract Tower,0,4,15,0,19,0,0,0,0,0,0,4,15,0,19,0,0,0,19
09/17/2013,HUT,KS,ACE,CE,Federal Contract Tower,0,20,12,6,38,0,10,15,0,25,0,30,27,6,63,40,4,44,107
09/18/2013,HUT,KS,ACE,CE,Federal Contract Tower,0,0,8,4,12,0,4,20,0,24,0,4,28,4,36,76,0,76,112
09/19/2013,HUT,KS,ACE,CE,Federal Contract Tower,0,1,10,0,11,0,14,11,0,25,0,15,21,0,36,60,0,60,96
09/20/2013,HUT,KS,ACE,CE,Federal Contract Tower,0,0,13,0,13,0,4,28,0,32,0,4,41,0,45,74,0,74,119
09/21/2013,HUT,KS,ACE,CE,Federal Contract Tower,0,0,4,12,16,0,14,34,0,48,0,14,38,12,64,40,12,52,116
09/22/2013,HUT,KS,ACE,CE,Federal Contract Tower,0,0,7,0,7,0,4,18,0,22,0,4,25,0,29,66,0,66,95
09/23/2013,HUT,KS,ACE,CE,Federal Contract Tower,0,0,11,1,12,0,5,13,7,25,0,5,24,8,37,26,28,54,91
09/24/2013,HUT,KS,ACE,CE,Federal Contract Tower,0,2,13,0,15,0,17,21,0,38,0,19,34,0,53,94,0,94,147
09/25/2013,HUT,KS,ACE,CE,Federal Contract Tower,0,6,13,0,19,0,10,33,0,43,0,16,46,0,62,146,0,146,208
09/26/2013,HUT,KS,ACE,CE,Federal Contract Tower,0,0,8,2,10,0,3,21,8,32,0,3,29,10,42,36,6,42,84
09/27/2013,HUT,KS,ACE,CE,Federal Contract Tower,0,0,13,6,19,0,11,16,0,27,0,11,29,6,46,68,10,78,124
09/28/2013,HUT,KS,ACE,CE,Federal Contract Tower,0,2,4,0,6,0,10,11,0,21,0,12,15,0,27,40,0,40,67
09/29/2013,HUT,KS,ACE,CE,Federal Contract Tower,0,0,1,0,1,0,3,24,0,27,0,3,25,0,28,92,0,92,120
09/30/2013,HUT,KS,ACE,CE,Federal Contract Tower,0,0,7,0,7,0,0,26,0,26,0,0,33,0,33,92,0,92,125
10/01/2013,HUT,KS,ACE,CE,Federal Contract Tower,0,1,9,2,12,0,0,36,0,36,0,1,45,2,48,96,8,104,152
10/02/2013,HUT,KS,ACE,CE,Federal Contract Tower,0,4,18,0,22,0,4,16,0,20,0,8,34,0,42,56,0,56,98
10/03/2013,HUT,KS,ACE,CE,Federal Contract Tower,0,2,15,4,21,0,4,21,0,25,0,6,36,4,46,34,0,34,80
10/04/2013,HUT,KS,ACE,CE,Federal Contract Tower,0,2,12,4,18,0,14,38,0,52,0,16,50,4,70,62,0,62,132
10/05/2013,HUT,KS,ACE,CE,Federal Contract Tower,0,0,4,3,7,0,6,36,4,46,0,6,40,7,53,68,12,80,133
10/06/2013,HUT,KS,ACE,CE,Federal Contract Tower,0,0,1,5,6,0,0,29,2,31,0,0,30,7,37,74,20,94,131
10/07/2013,HUT,KS,ACE,CE,Federal Contract Tower,0,0,7,0,7,0,6,26,0,32,0,6,33,0,39,94,0,94,133
10/08/2013,HUT,KS,ACE,CE,Federal Contract Tower,0,0,9,4,13,0,24,17,0,41,0,24,26,4,54,114,4,118,172
10/09/2013,HUT,KS,ACE,CE,Federal Contract Tower,0,0,7,2,9,0,16,32,0,48,0,16,39,2,57,94,8,102,159
10/10/2013,HUT,KS,ACE,CE,Federal Contract Tower,0,3,9,0,12,0,2,16,0,18,0,5,25,0,30,64,0,64,94
10/11/2013,HUT,KS,ACE,CE,Federal Contract Tower,0,0,18,0,18,0,1,50,0,51,0,1,68,0,69,84,0,84,153
10/12/2013,HUT,KS,ACE,CE,Federal Contract Tower,0,0,8,0,8,0,8,24,0,32,0,8,32,0,40,84,0,84,124
10/13/2013,HUT,KS,ACE,CE,Federal Contract Tower,0,0,8,0,8,0,6,13,0,19,0,6,21,0,27,58,0,58,85
10/14/2013,HUT,KS,ACE,CE,Federal Contract Tower,0,4,13,0,17,0,0,5,0,5,0,4,18,0,22,36,0,36,58
10/15/2013,HUT,KS,ACE,CE,Federal Contract Tower,0,0,16,3,19,0,12,28,1,41,0,12,44,4,60,106,2,108,168
10/16/2013,HUT,KS,ACE,CE,Federal Contract Tower,0,0,14,2,16,0,0,61,0,61,0,0,75,2,77,92,2,94,171
10/17/2013,HUT,KS,ACE,CE,Federal Contract Tower,0,0,14,2,16,0,4,44,1,49,0,4,58,3,65,150,2,152,217
10/18/2013,HUT,KS,ACE,CE,Federal Contract Tower,0,2,11,0,13,0,4,4,0,8,0,6,15,0,21,20,0,20,41
10/19/2013,HUT,KS,ACE,CE,Federal Contract Tower,0,0,3,2,5,0,12,63,0,75,0,12,66,2,80,120,0,120,200
10/20/2013,HUT,KS,ACE,CE,Federal Contract Tower,0,0,11,0,11,0,4,42,0,46,0,4,53,0,57,94,0,94,151
10/21/2013,HUT,KS,ACE,CE,Federal Contract Tower,0,0,15,0,15,0,6,31,0,37,0,6,46,0,52,86,0,86,138
10/22/2013,HUT,KS,ACE,CE,Federal Contract Tower,0,2,9,0,11,0,9,23,0,32,0,11,32,0,43,106,0,106,149
10/23/2013,HUT,KS,ACE,CE,Federal Contract Tower,0,1,6,0,7,0,2,35,0,37,0,3,41,0,44,118,0,118,162
10/24/2013,HUT,KS,ACE,CE,Federal Contract Tower,0,0,13,0,13,0,8,54,4,66,0,8,67,4,79,144,0,144,223
10/25/2013,HUT,KS,ACE,CE,Federal Contract Tower,0,0,9,2,11,0,4,28,0,32,0,4,37,2,43,54,0,54,97
10/26/2013,HUT,KS,ACE,CE,Federal Contract Tower,0,0,4,1,5,0,2,38,2,42,0,2,42,3,47,76,12,88,135
10/27/2013,HUT,KS,ACE,CE,Federal Contract Tower,0,0,7,4,11,0,0,22,6,28,0,0,29,10,39,50,16,66,105
10/28/2013,HUT,KS,ACE,CE,Federal Contract Tower,0,2,6,2,10,0,5,2,0,7,0,7,8,2,17,12,6,18,35
10/29/2013,HUT,KS,ACE,CE,Federal Contract Tower,0,2,14,0,16,0,0,1,0,1,0,2,15,0,17,4,0,4,21
10/30/2013,HUT,KS,ACE,CE,Federal Contract Tower,0,2,1,0,3,0,0,0,0,0,0,2,1,0,3,0,0,0,3
10/31/2013,HUT,KS,ACE,CE,Federal Contract Tower,0,0,7,0,7,0,14,32,0,46,0,14,39,0,53,70,0,70,123
11/01/2013,HUT,KS,ACE,CE,Federal Contract Tower,0,0,8,4,12,0,10,45,0,55,0,10,53,4,67,56,0,56,123
11/02/2013,HUT,KS,ACE,CE,Federal Contract Tower,0,3,13,4,20,0,8,35,2,45,0,11,48,6,65,50,0,50,115
11/03/2013,HUT,KS,ACE,CE,Federal Contract Tower,0,3,3,0,6,0,2,2,0,4,0,5,5,0,10,8,0,8,18
11/04/2013,HUT,KS,ACE,CE,Federal Contract Tower,0,2,7,0,9,0,2,16,0,18,0,4,23,0,27,74,0,74,101
11/05/2013,HUT,KS,ACE,CE,Federal Contract Tower,0,0,10,0,10,0,0,0,0,0,0,0,10,0,10,0,0,0,10
11/06/2013,HUT,KS,ACE,CE,Federal Contract Tower,0,0,13,0,13,0,2,43,0,45,0,2,56,0,58,98,0,98,156
11/07/2013,HUT,KS,ACE,CE,Federal Contract Tower,0,4,4,0,8,0,8,61,0,69,0,12,65,0,77,108,0,108,185
11/08/2013,HUT,KS,ACE,CE,Federal Contract Tower,0,0,16,0,16,0,2,20,0,22,0,2,36,0,38,38,0,38,76
11/09/2013,HUT,KS,ACE,CE,Federal Contract Tower,0,0,7,0,7,0,16,31,0,47,0,16,38,0,54,74,0,74,128
11/10/2013,HUT,KS,ACE,CE,Federal Contract Tower,0,2,9,0,11,0,2,32,0,34,0,4,41,0,45,72,0,72,117
11/11/2013,HUT,KS,ACE,CE,Federal Contract Tower,0,0,10,0,10,0,1,1,0,2,0,1,11,0,12,0,0,0,12
11/12/2013,HUT,KS,ACE,CE,Federal Contract Tower,0,0,0,0,0,0,4,16,0,20,0,4,16,0,20,64,8,72,92
11/13/2013,HUT,KS,ACE,CE,Federal Contract Tower,0,0,11,5,16,0,2,22,3,27,0,2,33,8,43,71,22,93,136
11/14/2013,HUT,KS,ACE,CE,Federal Contract Tower,0,0,10,0,10,0,8,25,0,33,0,8,35,0,43,62,0,62,105
11/15/2013,HUT,KS,ACE,CE,Federal Contract Tower,0,0,14,0,14,0,8,37,0,45,0,8,51,0,59,86,0,86,145
11/16/2013,HUT,KS,ACE,CE,Federal Contract Tower,0,0,4,4,8,0,1,6,0,7,0,1,10,4,15,6,8,14,29
11/17/2013,HUT,KS,ACE,CE,Federal Contract Tower,0,2,3,0,5,0,3,4,4,11,0,5,7,4,16,24,12,36,52
11/18/2013,HUT,KS,ACE,CE,Federal Contract Tower,0,0,7,0,7,0,12,25,0,37,0,12,32,0,44,82,0,82,126
11/19/2013,HUT,KS,ACE,CE,Federal Contract Tower,0,2,10,6,18,0,2,23,0,25,0,4,33,6,43,56,0,56,99
11/20/2013,HUT,KS,ACE,CE,Federal Contract Tower,0,1,10,0,11,0,0,34,0,34,0,1,44,0,45,86,0,86,131
11/21/2013,HUT,KS,ACE,CE,Federal Contract Tower,0,6,12,0,18,0,0,3,0,3,0,6,15,0,21,16,0,16,37
11/22/2013,HUT,KS,ACE,CE,Federal Contract Tower,0,1,4,0,5,0,4,8,0,12,0,5,12,0,17,6,0,6,23
11/23/2013,HUT,KS,ACE,CE,Federal Contract Tower,0,0,13,0,13,0,7,20,0,27,0,7,33,0,40,60,0,60,100
11/24/2013,HUT,KS,ACE,CE,Federal Contract Tower,0,0,5,0,5,0,2,3,0,5,0,2,8,0,10,20,0,20,30
11/25/2013,HUT,KS,ACE,CE,Federal Contract Tower,0,6,4,0,10,0,8,13,0,21,0,14,17,0,31,60,0,60,91
11/26/2013,HUT,KS,ACE,CE,Federal Contract Tower,0,0,18,0,18,0,21,34,0,55,0,21,52,0,73,102,0,102,175
11/27/2013,HUT,KS,ACE,CE,Federal Contract Tower,0,1,16,4,21,0,0,42,0,42,0,1,58,4,63,76,6,82,145
11/28/2013,HUT,KS,ACE,CE,Federal Contract Tower,0,0,1,0,1,0,0,8,0,8,0,0,9,0,9,0,0,0,9
11/29/2013,HUT,KS,ACE,CE,Federal Contract Tower,0,0,6,0,6,0,4,26,0,30,0,4,32,0,36,28,0,28,64
11/30/2013,HUT,KS,ACE,CE,Federal Contract Tower,0,0,12,0,12,0,0,34,0,34,0,0,46,0,46,64,0,64,110
12/01/2013,HUT,KS,ACE,CE,Federal Contract Tower,0,0,7,0,7,0,0,19,0,19,0,0,26,0,26,26,0,26,52
12/02/2013,HUT,KS,ACE,CE,Federal Contract Tower,0,0,17,0,17,0,1,20,2,23,0,1,37,2,40,60,8,68,108
12/03/2013,HUT,KS,ACE,CE,Federal Contract Tower,0,4,17,4,25,0,8,25,2,35,0,12,42,6,60,82,16,98,158
12/04/2013,HUT,KS,ACE,CE,Federal Contract Tower,0,0,4,0,4,0,0,0,0,0,0,0,4,0,4,12,0,12,16
12/05/2013,HUT,KS,ACE,CE,Federal Contract Tower,0,0,8,2,10,0,8,18,0,26,0,8,26,2,36,32,0,32,68
12/06/2013,HUT,KS,ACE,CE,Federal Contract Tower,0,0,9,2,11,0,2,9,0,11,0,2,18,2,22,30,0,30,52
12/07/2013,HUT,KS,ACE,CE,Federal Contract Tower,0,0,3,0,3,0,4,12,0,16,0,4,15,0,19,30,0,30,49
12/08/2013,HUT,KS,ACE,CE,Federal Contract Tower,0,0,1,0,1,0,0,0,0,0,0,0,1,0,1,0,0,0,1
12/09/2013,HUT,KS,ACE,CE,Federal Contract Tower,0,0,9,4,13,0,4,22,0,26,0,4,31,4,39,78,14,92,131
12/10/2013,HUT,KS,ACE,CE,Federal Contract Tower,0,0,3,0,3,0,6,28,0,34,0,6,31,0,37,62,0,62,99
12/11/2013,HUT,KS,ACE,CE,Federal Contract Tower,0,0,6,0,6,0,0,18,0,18,0,0,24,0,24,72,0,72,96
12/12/2013,HUT,KS,ACE,CE,Federal Contract Tower,0,0,17,2,19,0,0,31,2,33,0,0,48,4,52,44,8,52,104
12/13/2013,HUT,KS,ACE,CE,Federal Contract Tower,0,0,3,0,3,0,2,12,0,14,0,2,15,0,17,32,0,32,49
12/14/2013,HUT,KS,ACE,CE,Federal Contract Tower,0,0,4,1,5,0,2,14,2,18,0,2,18,3,23,40,6,46,69
12/15/2013,HUT,KS,ACE,CE,Federal Contract Tower,0,1,6,0,7,0,0,18,0,18,0,1,24,0,25,52,0,52,77
12/16/2013,HUT,KS,ACE,CE,Federal Contract Tower,0,0,13,2,15,0,5,34,0,39,0,5,47,2,54,116,4,120,174
12/17/2013,HUT,KS,ACE,CE,Federal Contract Tower,0,0,7,0,7,0,4,37,0,41,0,4,44,0,48,72,0,72,120
12/18/2013,HUT,KS,ACE,CE,Federal Contract Tower,0,0,9,1,10,0,4,29,1,34,0,4,38,2,44,66,0,66,110
12/19/2013,HUT,KS,ACE,CE,Federal Contract Tower,0,4,14,0,18,0,5,33,0,38,0,9,47,0,56,62,0,62,118
12/20/2013,HUT,KS,ACE,CE,Federal Contract Tower,0,0,10,0,10,0,1,14,0,15,0,1,24,0,25,6,0,6,31
12/21/2013,HUT,KS,ACE,CE,Federal Contract Tower,0,0,4,0,4,0,0,0,0,0,0,0,4,0,4,0,0,0,4
12/22/2013,HUT,KS,ACE,CE,Federal Contract Tower,0,0,4,0,4,0,6,1,0,7,0,6,5,0,11,0,0,0,11
12/23/2013,HUT,KS,ACE,CE,Federal Contract Tower,0,0,11,0,11,0,1,2,0,3,0,1,13,0,14,2,0,2,16
12/24/2013,HUT,KS,ACE,CE,Federal Contract Tower,0,2,0,0,2,0,0,0,0,0,0,2,0,0,2,0,0,0,2
12/25/2013,HUT,KS,ACE,CE,Federal Contract Tower,0,0,0,0,0,0,0,8,0,8,0,0,8,0,8,0,0,0,8
12/26/2013,HUT,KS,ACE,CE,Federal Contract Tower,0,2,7,0,9,0,0,40,0,40,0,2,47,0,49,16,0,16,65
12/27/2013,HUT,KS,ACE,CE,Federal Contract Tower,0,0,7,0,7,0,1,53,0,54,0,1,60,0,61,70,0,70,131
12/28/2013,HUT,KS,ACE,CE,Federal Contract Tower,0,0,1,0,1,0,7,30,0,37,0,7,31,0,38,26,0,26,64
12/29/2013,HUT,KS,ACE,CE,Federal Contract Tower,0,0,2,0,2,0,0,4,0,4,0,0,6,0,6,6,0,6,12
12/30/2013,HUT,KS,ACE,CE,Federal Contract Tower,0,2,5,1,8,0,0,26,1,27,0,2,31,2,35,46,8,54,89
12/31/2013,HUT,KS,ACE,CE,Federal Contract Tower,0,0,7,0,7,0,0,12,0,12,0,0,19,0,19,28,0,28,47
01/01/2014,HUT,KS,ACE,CE,Federal Contract Tower,0,2,3,0,5,0,0,3,0,3,0,2,6,0,8,8,0,8,16
01/02/2014,HUT,KS,ACE,CE,Federal Contract Tower,0,0,6,0,6,0,0,32,6,38,0,0,38,6,44,42,2,44,88
01/03/2014,HUT,KS,ACE,CE,Federal Contract Tower,0,0,2,0,2,0,0,31,0,31,0,0,33,0,33,33,0,33,66
01/04/2014,HUT,KS,ACE,CE,Federal Contract Tower,0,2,2,0,4,0,1,0,0,1,0,3,2,0,5,0,0,0,5
01/05/2014,HUT,KS,ACE,CE,Federal Contract Tower,0,6,4,0,10,0,3,2,0,5,0,9,6,0,15,8,0,8,23
01/06/2014,HUT,KS,ACE,CE,Federal Contract Tower,0,0,5,0,5,0,4,46,0,50,0,4,51,0,55,60,0,60,115
01/07/2014,HUT,KS,ACE,CE,Federal Contract Tower,0,1,9,0,10,0,22,25,0,47,0,23,34,0,57,82,0,82,139
01/08/2014,HUT,KS,ACE,CE,Federal Contract Tower,0,1,0,2,3,0,0,33,0,33,0,1,33,2,36,60,2,62,98
01/09/2014,HUT,KS,ACE,CE,Federal Contract Tower,0,0,5,0,5,0,0,0,0,0,0,0,5,0,5,6,0,6,11
01/10/2014,HUT,KS,ACE,CE,Federal Contract Tower,0,0,4,4,8,0,0,3,0,3,0,0,7,4,11,12,12,24,35
01/11/2014,HUT,KS,ACE,CE,Federal Contract Tower,0,0,4,0,4,0,0,28,0,28,0,0,32,0,32,60,0,60,92
01/12/2014,HUT,KS,ACE,CE,Federal Contract Tower,0,0,3,1,4,0,4,24,1,29,0,4,27,2,33,68,2,70,103
01/13/2014,HUT,KS,ACE,CE,Federal Contract Tower,0,1,11,0,12,0,2,63,0,65,0,3,74,0,77,70,0,70,147
01/14/2014,HUT,KS,ACE,CE,Federal Contract Tower,0,1,9,2,12,0,2,40,0,42,0,3,49,2,54,26,2,28,82
01/15/2014,HUT,KS,ACE,CE,Federal Contract Tower,0,0,4,0,4,0,16,52,0,68,0,16,56,0,72,70,0,70,142
01/16/2014,HUT,KS,ACE,CE,Federal Contract Tower,0,2,7,2,11,0,20,23,0,43,0,22,30,2,54,66,0,66,120
01/17/2014,HUT,KS,ACE,CE,Federal Contract Tower,0,0,13,4,17,0,4,55,0,59,0,4,68,4,76,74,6,80,156
01/18/2014,HUT,KS,ACE,CE,Federal Contract Tower,0,0,11,0,11,0,2,17,0,19,0,2,28,0,30,42,0,42,72
01/19/2014,HUT,KS,ACE,CE,Federal Contract Tower,0,0,2,0,2,0,2,15,0,17,0,2,17,0,19,52,0,52,71
01/20/2014,HUT,KS,ACE,CE,Federal Contract Tower,0,0,5,0,5,0,0,22,0,22,0,0,27,0,27,52,0,52,79
01/21/2014,HUT,KS,ACE,CE,Federal Contract Tower,0,0,5,6,11,0,12,44,0,56,0,12,49,6,67,56,4,60,127
01/22/2014,HUT,KS,ACE,CE,Federal Contract Tower,0,0,11,2,13,0,8,31,0,39,0,8,42,2,52,38,0,38,90
01/23/2014,HUT,KS,ACE,CE,Federal Contract Tower,0,6,8,4,18,0,2,27,0,29,0,8,35,4,47,56,10,66,113
01/24/2014,HUT,KS,ACE,CE,Federal Contract Tower,0,0,5,6,11,0,0,15,0,15,0,0,20,6,26,48,8,56,82
01/25/2014,HUT,KS,ACE,CE,Federal Contract Tower,0,0,6,0,6,0,4,33,0,37,0,4,39,0,43,68,0,68,111
01/26/2014,HUT,KS,ACE,CE,Federal Contract Tower,0,0,1,8,9,0,6,23,0,29,0,6,24,8,38,38,16,54,92
01/27/2014,HUT,KS,ACE,CE,Federal Contract Tower,0,0,7,0,7,0,5,5,0,10,0,5,12,0,17,46,0,46,63
01/28/2014,HUT,KS,ACE,CE,Federal Contract Tower,0,0,9,5,14,0,25,29,1,55,0,25,38,6,69,46,6,52,121
01/29/2014,HUT,KS,ACE,CE,Federal Contract Tower,0,2,6,0,8,0,10,42,0,52,0,12,48,0,60,108,0,108,168
01/30/2014,HUT,KS,ACE,CE,Federal Contract Tower,0,0,10,6,16,0,0,48,0,48,0,0,58,6,64,52,6,58,122
01/31/2014,HUT,KS,ACE,CE,Federal Contract Tower,0,0,5,0,5,0,0,2,0,2,0,0,7,0,7,0,0,0,7
02/01/2014,HUT,KS,ACE,CE,Federal Contract Tower,0,0,2,0,2,0,2,2,0,4,0,2,4,0,6,6,0,6,12
02/02/2014,HUT,KS,ACE,CE,Federal Contract Tower,0,0,0,0,0,0,0,12,0,12,0,0,12,0,12,24,0,24,36
02/03/2014,HUT,KS,ACE,CE,Federal Contract Tower,0,0,12,0,12,0,0,4,0,4,0,0,16,0,16,20,0,20,36
02/04/2014,HUT,KS,ACE,CE,Federal Contract Tower,0,0,0,0,0,0,0,0,0,0,0,0,0,0,0,0,0,0,0
02/05/2014,HUT,KS,ACE,CE,Federal Contract Tower,0,0,1,0,1,0,4,0,0,4,0,4,1,0,5,18,0,18,23
02/06/2014,HUT,KS,ACE,CE,Federal Contract Tower,0,0,6,2,8,0,4,1,0,5,0,4,7,2,13,32,0,32,45
02/07/2014,HUT,KS,ACE,CE,Federal Contract Tower,0,0,8,4,12,0,0,5,0,5,0,0,13,4,17,0,0,0,17
02/08/2014,HUT,KS,ACE,CE,Federal Contract Tower,0,0,5,0,5,0,0,0,0,0,0,0,5,0,5,0,0,0,5
02/09/2014,HUT,KS,ACE,CE,Federal Contract Tower,0,0,2,0,2,0,0,4,0,4,0,0,6,0,6,10,0,10,16
02/10/2014,HUT,KS,ACE,CE,Federal Contract Tower,0,2,5,2,9,0,1,6,0,7,0,3,11,2,16,18,0,18,34
02/11/2014,HUT,KS,ACE,CE,Federal Contract Tower,0,2,5,2,9,0,10,14,0,24,0,12,19,2,33,27,0,27,60
02/12/2014,HUT,KS,ACE,CE,Federal Contract Tower,0,0,5,0,5,0,0,17,0,17,0,0,22,0,22,32,0,32,54
02/13/2014,HUT,KS,ACE,CE,Federal Contract Tower,0,0,11,1,12,0,14,20,1,35,0,14,31,2,47,22,12,34,81
02/14/2014,HUT,KS,ACE,CE,Federal Contract Tower,0,0,12,6,18,0,14,35,2,51,0,14,47,8,69,82,0,82,151
02/15/2014,HUT,KS,ACE,CE,Federal Contract Tower,0,0,6,0,6,0,1,29,0,30,0,1,35,0,36,54,0,54,90
02/16/2014,HUT,KS,ACE,CE,Federal Contract Tower,0,0,3,0,3,0,0,26,0,26,0,0,29,0,29,70,0,70,99
02/17/2014,HUT,KS,ACE,CE,Federal Contract Tower,0,3,6,0,9,0,2,33,0,35,0,5,39,0,44,82,0,82,126
02/18/2014,HUT,KS,ACE,CE,Federal Contract Tower,0,1,9,4,14,0,2,32,4,38,0,3,41,8,52,46,6,52,104
02/19/2014,HUT,KS,ACE,CE,Federal Contract Tower,0,0,17,10,27,0,2,21,0,23,0,2,38,10,50,20,48,68,118
02/20/2014,HUT,KS,ACE,CE,Federal Contract Tower,0,0,8,0,8,0,0,18,0,18,0,0,26,0,26,10,0,10,36
02/21/2014,HUT,KS,ACE,CE,Federal Contract Tower,0,0,10,0,10,0,8,21,0,29,0,8,31,0,39,48,0,48,87
02/22/2014,HUT,KS,ACE,CE,Federal Contract Tower,0,0,1,0,1,0,4,28,0,32,0,4,29,0,33,78,0,78,111
02/23/2014,HUT,KS,ACE,CE,Federal Contract Tower,0,2,8,8,18,0,0,16,0,16,0,2,24,8,34,36,12,48,82
02/24/2014,HUT,KS,ACE,CE,Federal Contract Tower,0,0,12,0,12,0,4,18,0,22,0,4,30,0,34,78,0,78,112
02/25/2014,HUT,KS,ACE,CE,Federal Contract Tower,0,2,5,2,9,0,0,0,0,0,0,2,5,2,9,0,0,0,9
02/26/2014,HUT,KS,ACE,CE,Federal Contract Tower,0,0,1,6,7,0,6,24,0,30,0,6,25,6,37,76,8,84,121
02/27/2014,HUT,KS,ACE,CE,Federal Contract Tower,0,0,8,8,16,0,9,35,0,44,0,9,43,8,60,83,12,95,155
02/28/2014,HUT,KS,ACE,CE,Federal Contract Tower,0,2,7,0,9,0,7,12,0,19,0,9,19,0,28,74,0,74,102
03/01/2014,HUT,KS,ACE,CE,Federal Contract Tower,0,0,1,0,1,0,0,0,0,0,0,0,1,0,1,0,0,0,1
03/02/2014,HUT,KS,ACE,CE,Federal Contract Tower,0,0,1,0,1,0,0,0,0,0,0,0,1,0,1,0,0,0,1
03/03/2014,HUT,KS,ACE,CE,Federal Contract Tower,0,2,18,0,20,0,7,8,0,15,0,9,26,0,35,34,0,34,69
03/04/2014,HUT,KS,ACE,CE,Federal Contract Tower,0,0,9,5,14,0,0,53,1,54,0,0,62,6,68,42,6,48,116
03/05/2014,HUT,KS,ACE,CE,Federal Contract Tower,0,0,5,6,11,0,6,9,0,15,0,6,14,6,26,24,0,24,50
03/06/2014,HUT,KS,ACE,CE,Federal Contract Tower,0,0,11,0,11,0,0,13,0,13,0,0,24,0,24,30,0,30,54
03/07/2014,HUT,KS,ACE,CE,Federal Contract Tower,0,2,5,8,15,0,0,42,2,44,0,2,47,10,59,66,0,66,125
03/08/2014,HUT,KS,ACE,CE,Federal Contract Tower,0,2,2,0,4,0,0,6,0,6,0,2,8,0,10,20,0,20,30
03/09/2014,HUT,KS,ACE,CE,Federal Contract Tower,0,0,5,0,5,0,0,45,0,45,0,0,50,0,50,90,0,90,140
03/10/2014,HUT,KS,ACE,CE,Federal Contract Tower,0,0,13,8,21,0,8,69,0,77,0,8,82,8,98,152,6,158,256
03/11/2014,HUT,KS,ACE,CE,Federal Contract Tower,0,1,3,4,8,0,10,22,0,32,0,11,25,4,40,30,0,30,70
03/12/2014,HUT,KS,ACE,CE,Federal Contract Tower,0,7,7,4,18,0,12,56,0,68,0,19,63,4,86,44,2,46,132
03/13/2014,HUT,KS,ACE,CE,Federal Contract Tower,0,0,7,4,11,0,16,22,0,38,0,16,29,4,49,60,6,66,115
03/14/2014,HUT,KS,ACE,CE,Federal Contract Tower,0,4,5,4,13,0,2,47,2,51,0,6,52,6,64,78,0,78,142
03/15/2014,HUT,KS,ACE,CE,Federal Contract Tower,0,0,5,2,7,0,8,32,0,40,0,8,37,2,47,57,6,63,110
03/16/2014,HUT,KS,ACE,CE,Federal Contract Tower,0,0,3,0,3,0,4,3,0,7,0,4,6,0,10,12,0,12,22
03/17/2014,HUT,KS,ACE,CE,Federal Contract Tower,0,0,11,8,19,0,4,15,6,25,0,4,26,14,44,40,22,62,106
03/18/2014,HUT,KS,ACE,CE,Federal Contract Tower,0,0,3,6,9,0,12,33,16,61,0,12,36,22,70,66,2,68,138
03/19/2014,HUT,KS,ACE,CE,Federal Contract Tower,0,3,11,6,20,0,46,38,2,86,0,49,49,8,106,84,4,88,194
03/20/2014,HUT,KS,ACE,CE,Federal Contract Tower,0,0,8,16,24,0,1,25,0,26,0,1,33,16,50,58,24,82,132
03/21/2014,HUT,KS,ACE,CE,Federal Contract Tower,0,0,2,14,16,0,4,42,0,46,0,4,44,14,62,40,24,64,126
03/22/2014,HUT,KS,ACE,CE,Federal Contract Tower,0,1,7,20,28,0,2,14,4,20,0,3,21,24,48,34,24,58,106
03/23/2014,HUT,KS,ACE,CE,Federal Contract Tower,0,0,3,0,3,0,0,17,12,29,0,0,20,12,32,30,10,40,72
03/24/2014,HUT,KS,ACE,CE,Federal Contract Tower,0,0,6,10,16,0,4,10,0,14,0,4,16,10,30,26,12,38,68
03/25/2014,HUT,KS,ACE,CE,Federal Contract Tower,0,0,13,6,19,0,2,41,6,49,0,2,54,12,68,82,8,90,158
03/26/2014,HUT,KS,ACE,CE,Federal Contract Tower,0,2,5,0,7,0,2,2,0,4,0,4,7,0,11,6,0,6,17
03/27/2014,HUT,KS,ACE,CE,Federal Contract Tower,0,0,8,0,8,0,6,25,0,31,0,6,33,0,39,60,0,60,99
03/28/2014,HUT,KS,ACE,CE,Federal Contract Tower,0,9,13,0,22,0,2,41,4,47,0,11,54,4,69,78,25,103,172
03/29/2014,HUT,KS,ACE,CE,Federal Contract Tower,0,0,2,0,2,0,11,24,0,35,0,11,26,0,37,48,0,48,85
03/30/2014,HUT,KS,ACE,CE,Federal Contract Tower,0,0,7,0,7,0,0,4,0,4,0,0,11,0,11,22,0,22,33
03/31/2014,HUT,KS,ACE,CE,Federal Contract Tower,0,0,4,8,12,0,3,4,2,9,0,3,8,10,21,18,0,18,39
04/01/2014,HUT,KS,ACE,CE,Federal Contract Tower,0,10,4,4,18,0,14,42,0,56,0,24,46,4,74,56,4,60,134
04/02/2014,HUT,KS,ACE,CE,Federal Contract Tower,0,2,19,0,21,0,0,7,0,7,0,2,26,0,28,28,0,28,56
04/03/2014,HUT,KS,ACE,CE,Federal Contract Tower,0,6,16,0,22,0,0,0,0,0,0,6,16,0,22,0,0,0,22
04/04/2014,HUT,KS,ACE,CE,Federal Contract Tower,0,4,10,6,20,0,6,35,1,42,0,10,45,7,62,52,6,58,120
04/05/2014,HUT,KS,ACE,CE,Federal Contract Tower,0,0,1,2,3,0,2,18,1,21,0,2,19,3,24,56,10,66,90
04/06/2014,HUT,KS,ACE,CE,Federal Contract Tower,0,0,5,8,13,0,0,13,0,13,0,0,18,8,26,50,26,76,102
04/07/2014,HUT,KS,ACE,CE,Federal Contract Tower,0,1,8,4,13,0,0,4,0,4,0,1,12,4,17,12,2,14,31
04/08/2014,HUT,KS,ACE,CE,Federal Contract Tower,0,2,13,8,23,0,14,26,0,40,0,16,39,8,63,38,2,40,103
04/09/2014,HUT,KS,ACE,CE,Federal Contract Tower,0,0,6,16,22,0,6,19,4,29,0,6,25,20,51,56,14,70,121
04/10/2014,HUT,KS,ACE,CE,Federal Contract Tower,0,0,3,6,9,0,6,19,0,25,0,6,22,6,34,56,12,68,102
04/11/2014,HUT,KS,ACE,CE,Federal Contract Tower,0,6,3,18,27,0,20,46,3,69,0,26,49,21,96,56,30,86,182
04/12/2014,HUT,KS,ACE,CE,Federal Contract Tower,0,0,6,0,6,0,6,8,0,14,0,6,14,0,20,20,0,20,40
04/13/2014,HUT,KS,ACE,CE,Federal Contract Tower,0,0,5,0,5,0,2,0,0,2,0,2,5,0,7,2,0,2,9
04/14/2014,HUT,KS,ACE,CE,Federal Contract Tower,0,2,4,0,6,0,1,6,0,7,0,3,10,0,13,6,0,6,19
04/15/2014,HUT,KS,ACE,CE,Federal Contract Tower,0,2,6,22,30,0,18,34,12,64,0,20,40,34,94,102,16,118,212
04/16/2014,HUT,KS,ACE,CE,Federal Contract Tower,0,2,14,8,24,0,5,32,0,37,0,7,46,8,61,90,12,102,163
04/17/2014,HUT,KS,ACE,CE,Federal Contract Tower,0,0,8,0,8,0,6,10,6,22,0,6,18,6,30,26,0,26,56
04/18/2014,HUT,KS,ACE,CE,Federal Contract Tower,0,1,6,1,8,0,6,23,0,29,0,7,29,1,37,64,6,70,107
04/19/2014,HUT,KS,ACE,CE,Federal Contract Tower,0,0,4,0,4,0,0,7,0,7,0,0,11,0,11,16,0,16,27
04/20/2014,HUT,KS,ACE,CE,Federal Contract Tower,0,0,4,0,4,0,4,6,0,10,0,4,10,0,14,6,0,6,20
04/21/2014,HUT,KS,ACE,CE,Federal Contract Tower,0,0,15,4,19,0,1,28,0,29,0,1,43,4,48,76,20,96,144
04/22/2014,HUT,KS,ACE,CE,Federal Contract Tower,0,0,6,16,22,0,12,27,14,53,0,12,33,30,75,86,22,108,183
04/23/2014,HUT,KS,ACE,CE,Federal Contract Tower,0,1,4,4,9,0,8,11,0,19,0,9,15,4,28,44,0,44,72
04/24/2014,HUT,KS,ACE,CE,Federal Contract Tower,0,1,10,0,11,0,6,9,0,15,0,7,19,0,26,60,0,60,86
04/25/2014,HUT,KS,ACE,CE,Federal Contract Tower,0,4,3,15,22,0,5,30,2,37,0,9,33,17,59,48,0,48,107
04/26/2014,HUT,KS,ACE,CE,Federal Contract Tower,0,0,6,0,6,0,2,14,0,16,0,2,20,0,22,36,0,36,58
04/27/2014,HUT,KS,ACE,CE,Federal Contract Tower,0,0,7,0,7,0,1,5,0,6,0,1,12,0,13,10,0,10,23
04/28/2014,HUT,KS,ACE,CE,Federal Contract Tower,0,0,6,0,6,0,0,7,0,7,0,0,13,0,13,16,0,16,29
04/29/2014,HUT,KS,ACE,CE,Federal Contract Tower,0,2,6,4,12,0,0,3,0,3,0,2,9,4,15,10,6,16,31
04/30/2014,HUT,KS,ACE,CE,Federal Contract Tower,0,2,4,3,9,0,6,6,2,14,0,8,10,5,23,37,0,37,60
05/01/2014,HUT,KS,ACE,CE,Federal Contract Tower,0,0,6,15,21,0,10,24,6,40,0,10,30,21,61,50,24,74,135
05/02/2014,HUT,KS,ACE,CE,Federal Contract Tower,0,0,9,11,20,0,8,35,7,50,0,8,44,18,70,32,0,32,102
05/03/2014,HUT,KS,ACE,CE,Federal Contract Tower,0,0,5,0,5,0,10,52,0,62,0,10,57,0,67,114,0,114,181
05/04/2014,HUT,KS,ACE,CE,Federal Contract Tower,0,0,8,0,8,0,0,15,8,23,0,0,23,8,31,38,0,38,69
05/05/2014,HUT,KS,ACE,CE,Federal Contract Tower,0,0,6,0,6,0,8,37,0,45,0,8,43,0,51,78,0,78,129
05/06/2014,HUT,KS,ACE,CE,Federal Contract Tower,0,0,15,14,29,0,0,67,2,69,0,0,82,16,98,86,4,90,188
05/07/2014,HUT,KS,ACE,CE,Federal Contract Tower,0,2,6,4,12,0,3,29,2,34,0,5,35,6,46,38,0,38,84
05/08/2014,HUT,KS,ACE,CE,Federal Contract Tower,0,2,3,11,16,0,6,12,6,24,0,8,15,17,40,46,16,62,102
05/09/2014,HUT,KS,ACE,CE,Federal Contract Tower,0,16,3,0,19,0,2,49,5,56,0,18,52,5,75,56,0,56,131
05/10/2014,HUT,KS,ACE,CE,Federal Contract Tower,0,2,8,0,10,0,5,33,0,38,0,7,41,0,48,74,0,74,122
05/11/2014,HUT,KS,ACE,CE,Federal Contract Tower,0,0,4,0,4,0,2,5,0,7,0,2,9,0,11,12,0,12,23
05/12/2014,HUT,KS,ACE,CE,Federal Contract Tower,0,0,12,0,12,0,1,3,0,4,0,1,15,0,16,12,0,12,28
05/13/2014,HUT,KS,ACE,CE,Federal Contract Tower,0,3,6,4,13,0,5,29,0,34,0,8,35,4,47,52,0,52,99
05/14/2014,HUT,KS,ACE,CE,Federal Contract Tower,0,1,15,8,24,0,6,31,4,41,0,7,46,12,65,64,16,80,145
05/15/2014,HUT,KS,ACE,CE,Federal Contract Tower,0,6,9,0,15,0,30,16,0,46,0,36,25,0,61,51,0,51,112
05/16/2014,HUT,KS,ACE,CE,Federal Contract Tower,0,1,9,7,17,0,10,29,2,41,0,11,38,9,58,87,18,105,163
05/17/2014,HUT,KS,ACE,CE,Federal Contract Tower,0,0,6,0,6,0,4,15,0,19,0,4,21,0,25,34,0,34,59
05/18/2014,HUT,KS,ACE,CE,Federal Contract Tower,0,0,4,4,8,0,2,21,0,23,0,2,25,4,31,50,0,50,81
05/19/2014,HUT,KS,ACE,CE,Federal Contract Tower,0,0,12,4,16,0,0,18,0,18,0,0,30,4,34,70,12,82,116
05/20/2014,HUT,KS,ACE,CE,Federal Contract Tower,0,0,4,0,4,0,0,24,0,24,0,0,28,0,28,72,0,72,100
05/21/2014,HUT,KS,ACE,CE,Federal Contract Tower,0,2,35,2,39,0,2,57,0,59,0,4,92,2,98,128,4,132,230
05/22/2014,HUT,KS,ACE,CE,Federal Contract Tower,0,0,4,0,4,0,6,19,0,25,0,6,23,0,29,26,0,26,55
05/23/2014,HUT,KS,ACE,CE,Federal Contract Tower,0,0,11,0,11,0,2,6,0,8,0,2,17,0,19,0,0,0,19
05/24/2014,HUT,KS,ACE,CE,Federal Contract Tower,0,0,4,0,4,0,5,10,0,15,0,5,14,0,19,38,0,38,57
05/25/2014,HUT,KS,ACE,CE,Federal Contract Tower,0,0,4,0,4,0,6,3,0,9,0,6,7,0,13,0,0,0,13
05/26/2014,HUT,KS,ACE,CE,Federal Contract Tower,0,2,7,0,9,0,0,21,0,21,0,2,28,0,30,24,0,24,54
05/27/2014,HUT,KS,ACE,CE,Federal Contract Tower,0,6,19,8,33,0,0,20,0,20,0,6,39,8,53,94,4,98,151
05/28/2014,HUT,KS,ACE,CE,Federal Contract Tower,0,0,24,10,34,0,10,46,8,64,0,10,70,18,98,98,0,98,196
05/29/2014,HUT,KS,ACE,CE,Federal Contract Tower,0,0,14,0,14,0,2,30,0,32,0,2,44,0,46,42,0,42,88
05/30/2014,HUT,KS,ACE,CE,Federal Contract Tower,0,0,23,24,47,0,0,25,2,27,0,0,48,26,74,34,4,38,112
05/31/2014,HUT,KS,ACE,CE,Federal Contract Tower,0,0,9,0,9,0,0,33,0,33,0,0,42,0,42,69,0,69,111
06/01/2014,HUT,KS,ACE,CE,Federal Contract Tower,0,0,14,0,14,0,0,10,0,10,0,0,24,0,24,40,0,40,64
06/02/2014,HUT,KS,ACE,CE,Federal Contract Tower,0,2,8,14,24,0,8,22,0,30,0,10,30,14,54,84,24,108,162
06/03/2014,HUT,KS,ACE,CE,Federal Contract Tower,0,0,12,7,19,0,10,34,0,44,0,10,46,7,63,94,6,100,163
06/04/2014,HUT,KS,ACE,CE,Federal Contract Tower,0,0,12,6,18,0,2,54,6,62,0,2,66,12,80,104,12,116,196
06/05/2014,HUT,KS,ACE,CE,Federal Contract Tower,0,2,3,0,5,0,4,33,0,37,0,6,36,0,42,16,0,16,58
06/06/2014,HUT,KS,ACE,CE,Federal Contract Tower,0,0,10,0,10,0,0,23,0,23,0,0,33,0,33,12,0,12,45
06/07/2014,HUT,KS,ACE,CE,Federal Contract Tower,0,1,17,0,18,0,37,53,0,90,0,38,70,0,108,124,0,124,232
06/08/2014,HUT,KS,ACE,CE,Federal Contract Tower,0,0,16,14,30,0,15,63,0,78,0,15,79,14,108,50,20,70,178
06/09/2014,HUT,KS,ACE,CE,Federal Contract Tower,0,0,6,0,6,0,0,0,0,0,0,0,6,0,6,6,0,6,12
06/10/2014,HUT,KS,ACE,CE,Federal Contract Tower,0,5,24,0,29,0,0,62,0,62,0,5,86,0,91,39,0,39,130
06/11/2014,HUT,KS,ACE,CE,Federal Contract Tower,0,4,12,0,16,0,10,44,1,55,0,14,56,1,71,45,0,45,116
06/12/2014,HUT,KS,ACE,CE,Federal Contract Tower,0,1,12,4,17,0,0,32,0,32,0,1,44,4,49,48,0,48,97
06/13/2014,HUT,KS,ACE,CE,Federal Contract Tower,0,1,9,4,14,0,0,45,0,45,0,1,54,4,59,61,0,61,120
06/14/2014,HUT,KS,ACE,CE,Federal Contract Tower,0,0,2,0,2,0,0,17,0,17,0,0,19,0,19,36,0,36,55
06/15/2014,HUT,KS,ACE,CE,Federal Contract Tower,0,2,7,0,9,0,6,30,0,36,0,8,37,0,45,44,0,44,89
06/16/2014,HUT,KS,ACE,CE,Federal Contract Tower,0,2,12,4,18,0,12,13,0,25,0,14,25,4,43,46,2,48,91
06/17/2014,HUT,KS,ACE,CE,Federal Contract Tower,0,0,9,14,23,0,11,53,4,68,0,11,62,18,91,136,8,144,235
06/18/2014,HUT,KS,ACE,CE,Federal Contract Tower,0,4,11,0,15,0,12,31,0,43,0,16,42,0,58,84,0,84,142
06/19/2014,HUT,KS,ACE,CE,Federal Contract Tower,0,1,12,10,23,0,0,37,0,37,0,1,49,10,60,24,0,24,84
06/20/2014,HUT,KS,ACE,CE,Federal Contract Tower,0,4,7,0,11,0,8,49,0,57,0,12,56,0,68,64,0,64,132
06/21/2014,HUT,KS,ACE,CE,Federal Contract Tower,0,1,4,0,5,0,4,29,0,33,0,5,33,0,38,84,0,84,122
06/22/2014,HUT,KS,ACE,CE,Federal Contract Tower,0,4,6,0,10,0,4,19,0,23,0,8,25,0,33,32,0,32,65
06/23/2014,HUT,KS,ACE,CE,Federal Contract Tower,0,1,12,0,13,0,0,23,0,23,0,1,35,0,36,76,0,76,112
06/24/2014,HUT,KS,ACE,CE,Federal Contract Tower,0,1,10,0,11,0,2,58,2,62,0,3,68,2,73,104,0,104,177
06/25/2014,HUT,KS,ACE,CE,Federal Contract Tower,0,1,18,0,19,0,19,14,0,33,0,20,32,0,52,92,0,92,144
06/26/2014,HUT,KS,ACE,CE,Federal Contract Tower,0,0,8,2,10,0,1,10,0,11,0,1,18,2,21,14,6,20,41
06/27/2014,HUT,KS,ACE,CE,Federal Contract Tower,0,13,12,4,29,0,15,7,0,22,0,28,19,4,51,36,4,40,91
06/28/2014,HUT,KS,ACE,CE,Federal Contract Tower,0,0,9,0,9,0,1,18,6,25,0,1,27,6,34,50,0,50,84
06/29/2014,HUT,KS,ACE,CE,Federal Contract Tower,0,0,7,0,7,0,1,11,0,12,0,1,18,0,19,8,0,8,27
06/30/2014,HUT,KS,ACE,CE,Federal Contract Tower,0,0,3,10,13,0,2,14,0,16,0,2,17,10,29,24,8,32,61
07/01/2014,HUT,KS,ACE,CE,Federal Contract Tower,0,1,9,0,10,0,7,56,2,65,0,8,65,2,75,124,0,124,199
07/02/2014,HUT,KS,ACE,CE,Federal Contract Tower,0,0,17,3,20,0,11,45,11,67,0,11,62,14,87,70,18,88,175
07/03/2014,HUT,KS,ACE,CE,Federal Contract Tower,0,0,16,8,24,0,0,20,0,20,0,0,36,8,44,54,0,54,98
07/04/2014,HUT,KS,ACE,CE,Federal Contract Tower,0,0,2,0,2,0,0,13,0,13,0,0,15,0,15,32,0,32,47
07/05/2014,HUT,KS,ACE,CE,Federal Contract Tower,0,2,2,0,4,0,0,9,0,9,0,2,11,0,13,26,0,26,39
07/06/2014,HUT,KS,ACE,CE,Federal Contract Tower,0,0,8,0,8,0,0,13,0,13,0,0,21,0,21,8,0,8,29
07/07/2014,HUT,KS,ACE,CE,Federal Contract Tower,0,0,13,0,13,0,4,16,0,20,0,4,29,0,33,60,0,60,93
07/08/2014,HUT,KS,ACE,CE,Federal Contract Tower,0,0,10,3,13,0,3,34,0,37,0,3,44,3,50,68,2,70,120
07/09/2014,HUT,KS,ACE,CE,Federal Contract Tower,0,0,5,0,5,0,0,16,4,20,0,0,21,4,25,40,0,40,65
07/10/2014,HUT,KS,ACE,CE,Federal Contract Tower,0,0,7,2,9,0,6,13,0,19,0,6,20,2,28,40,6,46,74
07/11/2014,HUT,KS,ACE,CE,Federal Contract Tower,0,0,7,0,7,0,0,16,0,16,0,0,23,0,23,26,0,26,49
07/12/2014,HUT,KS,ACE,CE,Federal Contract Tower,0,0,3,0,3,0,2,27,0,29,0,2,30,0,32,52,0,52,84
07/13/2014,HUT,KS,ACE,CE,Federal Contract Tower,0,0,11,2,13,0,2,50,0,52,0,2,61,2,65,94,4,98,163
07/14/2014,HUT,KS,ACE,CE,Federal Contract Tower,0,0,10,1,11,0,6,15,1,22,0,6,25,2,33,42,0,42,75
07/15/2014,HUT,KS,ACE,CE,Federal Contract Tower,0,2,10,2,14,0,8,50,4,62,0,10,60,6,76,96,0,96,172
07/16/2014,HUT,KS,ACE,CE,Federal Contract Tower,0,0,9,1,10,0,1,22,0,23,0,1,31,1,33,0,0,0,33
07/17/2014,HUT,KS,ACE,CE,Federal Contract Tower,0,0,6,1,7,0,7,26,0,33,0,7,32,1,40,10,0,10,50
07/18/2014,HUT,KS,ACE,CE,Federal Contract Tower,0,9,16,11,36,0,0,21,2,23,0,9,37,13,59,32,10,42,101
07/19/2014,HUT,KS,ACE,CE,Federal Contract Tower,0,0,13,0,13,0,0,24,0,24,0,0,37,0,37,60,0,60,97
07/20/2014,HUT,KS,ACE,CE,Federal Contract Tower,0,0,7,0,7,0,0,20,2,22,0,0,27,2,29,28,4,32,61
07/21/2014,HUT,KS,ACE,CE,Federal Contract Tower,0,0,9,0,9,0,0,50,0,50,0,0,59,0,59,60,0,60,119
07/22/2014,HUT,KS,ACE,CE,Federal Contract Tower,0,2,6,0,8,0,2,55,2,59,0,4,61,2,67,56,0,56,123
07/23/2014,HUT,KS,ACE,CE,Federal Contract Tower,0,10,11,0,21,0,0,54,0,54,0,10,65,0,75,48,0,48,123
07/24/2014,HUT,KS,ACE,CE,Federal Contract Tower,0,0,8,0,8,0,0,42,0,42,0,0,50,0,50,42,0,42,92
07/25/2014,HUT,KS,ACE,CE,Federal Contract Tower,0,0,6,0,6,0,0,25,0,25,0,0,31,0,31,40,0,40,71
07/26/2014,HUT,KS,ACE,CE,Federal Contract Tower,0,7,0,0,7,0,0,38,0,38,0,7,38,0,45,48,0,48,93
07/27/2014,HUT,KS,ACE,CE,Federal Contract Tower,0,0,9,0,9,0,2,51,0,53,0,2,60,0,62,116,0,116,178
07/28/2014,HUT,KS,ACE,CE,Federal Contract Tower,0,0,7,0,7,0,0,75,0,75,0,0,82,0,82,94,0,94,176
07/29/2014,HUT,KS,ACE,CE,Federal Contract Tower,0,2,8,2,12,0,0,39,6,45,0,2,47,8,57,84,0,84,141
07/30/2014,HUT,KS,ACE,CE,Federal Contract Tower,0,2,5,1,8,0,0,1,1,2,0,2,6,2,10,8,0,8,18
07/31/2014,HUT,KS,ACE,CE,Federal Contract Tower,0,14,11,1,26,0,24,16,1,41,0,38,27,2,67,56,0,56,123
08/01/2014,HUT,KS,ACE,CE,Federal Contract Tower,0,2,4,6,12,0,0,26,0,26,0,2,30,6,38,62,4,66,104
08/02/2014,HUT,KS,ACE,CE,Federal Contract Tower,0,0,5,0,5,0,2,15,0,17,0,2,20,0,22,44,0,44,66
08/03/2014,HUT,KS,ACE,CE,Federal Contract Tower,0,2,2,0,4,0,0,14,0,14,0,2,16,0,18,20,0,20,38
08/04/2014,HUT,KS,ACE,CE,Federal Contract Tower,0,3,5,4,12,0,1,32,0,33,0,4,37,4,45,70,4,74,119
08/05/2014,HUT,KS,ACE,CE,Federal Contract Tower,0,0,9,2,11,0,0,60,0,60,0,0,69,2,71,148,6,154,225
08/06/2014,HUT,KS,ACE,CE,Federal Contract Tower,0,0,9,0,9,0,0,31,2,33,0,0,40,2,42,114,4,118,160
08/07/2014,HUT,KS,ACE,CE,Federal Contract Tower,0,0,10,2,12,0,13,13,1,27,0,13,23,3,39,16,10,26,65
08/08/2014,HUT,KS,ACE,CE,Federal Contract Tower,0,1,11,8,20,0,4,37,0,41,0,5,48,8,61,88,0,88,149
08/09/2014,HUT,KS,ACE,CE,Federal Contract Tower,0,0,2,0,2,0,2,10,0,12,0,2,12,0,14,22,0,22,36
08/10/2014,HUT,KS,ACE,CE,Federal Contract Tower,0,2,3,0,5,0,0,15,0,15,0,2,18,0,20,50,0,50,70
08/11/2014,HUT,KS,ACE,CE,Federal Contract Tower,0,2,6,6,14,0,12,24,0,36,0,14,30,6,50,64,6,70,120
08/12/2014,HUT,KS,ACE,CE,Federal Contract Tower,0,0,6,5,11,0,2,56,1,59,0,2,62,6,70,132,0,132,202
08/13/2014,HUT,KS,ACE,CE,Federal Contract Tower,0,0,10,0,10,0,0,49,0,49,0,0,59,0,59,106,0,106,165
08/14/2014,HUT,KS,ACE,CE,Federal Contract Tower,0,0,12,2,14,0,0,31,2,33,0,0,43,4,47,50,4,54,101
08/15/2014,HUT,KS,ACE,CE,Federal Contract Tower,0,0,6,0,6,0,2,27,0,29,0,2,33,0,35,42,0,42,77
08/16/2014,HUT,KS,ACE,CE,Federal Contract Tower,0,1,4,0,5,0,0,27,0,27,0,1,31,0,32,64,0,64,96
08/17/2014,HUT,KS,ACE,CE,Federal Contract Tower,0,1,16,0,17,0,2,29,8,39,0,3,45,8,56,62,0,62,118
08/18/2014,HUT,KS,ACE,CE,Federal Contract Tower,0,0,5,4,9,0,2,22,0,24,0,2,27,4,33,60,4,64,97
08/19/2014,HUT,KS,ACE,CE,Federal Contract Tower,0,0,11,10,21,0,0,49,0,49,0,0,60,10,70,108,4,112,182
08/20/2014,HUT,KS,ACE,CE,Federal Contract Tower,0,0,9,16,25,0,32,0,0,32,0,32,9,16,57,124,28,152,209
08/21/2014,HUT,KS,ACE,CE,Federal Contract Tower,0,0,20,4,24,0,1,22,0,23,0,1,42,4,47,44,0,44,91
08/22/2014,HUT,KS,ACE,CE,Federal Contract Tower,0,2,12,4,18,0,4,29,0,33,0,6,41,4,51,38,38,76,127
08/23/2014,HUT,KS,ACE,CE,Federal Contract Tower,0,2,8,0,10,0,0,46,0,46,0,2,54,0,56,82,0,82,138
08/24/2014,HUT,KS,ACE,CE,Federal Contract Tower,0,0,4,4,8,0,0,7,0,7,0,0,11,4,15,12,6,18,33
08/25/2014,HUT,KS,ACE,CE,Federal Contract Tower,0,0,2,2,4,0,2,12,0,14,0,2,14,2,18,34,6,40,58
08/26/2014,HUT,KS,ACE,CE,Federal Contract Tower,0,0,8,0,8,0,0,17,0,17,0,0,25,0,25,22,0,22,47
08/27/2014,HUT,KS,ACE,CE,Federal Contract Tower,0,2,13,12,27,0,2,27,0,29,0,4,40,12,56,68,4,72,128
08/28/2014,HUT,KS,ACE,CE,Federal Contract Tower,0,1,9,0,10,0,0,4,0,4,0,1,13,0,14,4,0,4,18
08/29/2014,HUT,KS,ACE,CE,Federal Contract Tower,0,2,6,16,24,0,0,52,0,52,0,2,58,16,76,49,16,65,141
08/30/2014,HUT,KS,ACE,CE,Federal Contract Tower,0,0,0,0,0,0,0,21,0,21,0,0,21,0,21,6,0,6,27
08/31/2014,HUT,KS,ACE,CE,Federal Contract Tower,0,0,2,0,2,0,0,15,0,15,0,0,17,0,17,40,0,40,57
09/01/2014,HUT,KS,ACE,CE,Federal Contract Tower,0,1,15,0,16,0,2,27,0,29,0,3,42,0,45,46,0,46,91
09/02/2014,HUT,KS,ACE,CE,Federal Contract Tower,0,0,12,8,20,0,2,43,0,45,0,2,55,8,65,64,30,94,159
09/03/2014,HUT,KS,ACE,CE,Federal Contract Tower,0,4,7,13,24,0,0,9,5,14,0,4,16,18,38,54,0,54,92
09/04/2014,HUT,KS,ACE,CE,Federal Contract Tower,0,2,15,12,29,0,0,53,0,53,0,2,68,12,82,60,0,60,142
09/05/2014,HUT,KS,ACE,CE,Federal Contract Tower,0,0,12,1,13,0,0,10,0,10,0,0,22,1,23,0,0,0,23
09/06/2014,HUT,KS,ACE,CE,Federal Contract Tower,0,0,20,0,20,0,8,20,0,28,0,8,40,0,48,124,0,124,172
09/07/2014,HUT,KS,ACE,CE,Federal Contract Tower,0,2,4,0,6,0,0,51,0,51,0,2,55,0,57,104,0,104,161
09/08/2014,HUT,KS,ACE,CE,Federal Contract Tower,0,0,10,3,13,0,10,31,1,42,0,10,41,4,55,98,0,98,153
09/09/2014,HUT,KS,ACE,CE,Federal Contract Tower,0,0,7,7,14,0,2,39,3,44,0,2,46,10,58,44,6,50,108
09/10/2014,HUT,KS,ACE,CE,Federal Contract Tower,0,3,21,8,32,0,1,13,2,16,0,4,34,10,48,50,2,52,100
09/11/2014,HUT,KS,ACE,CE,Federal Contract Tower,0,12,17,9,38,0,0,10,3,13,0,12,27,12,51,68,4,72,123
09/12/2014,HUT,KS,ACE,CE,Federal Contract Tower,0,0,6,8,14,0,0,2,0,2,0,0,8,8,16,10,0,10,26
09/13/2014,HUT,KS,ACE,CE,Federal Contract Tower,0,1,13,0,14,0,2,18,0,20,0,3,31,0,34,126,0,126,160
09/14/2014,HUT,KS,ACE,CE,Federal Contract Tower,0,2,10,0,12,0,2,31,0,33,0,4,41,0,45,74,0,74,119
09/15/2014,HUT,KS,ACE,CE,Federal Contract Tower,0,6,15,6,27,0,13,19,0,32,0,19,34,6,59,60,0,60,119
09/16/2014,HUT,KS,ACE,CE,Federal Contract Tower,0,3,18,33,54,0,16,59,10,85,0,19,77,43,139,214,26,240,379
09/17/2014,HUT,KS,ACE,CE,Federal Contract Tower,0,3,22,14,39,0,10,51,12,73,0,13,73,26,112,170,30,200,312
09/18/2014,HUT,KS,ACE,CE,Federal Contract Tower,0,5,9,7,21,0,0,28,1,29,0,5,37,8,50,46,20,66,116
09/19/2014,HUT,KS,ACE,CE,Federal Contract Tower,0,1,4,5,10,0,2,44,0,46,0,3,48,5,56,30,14,44,100
09/20/2014,HUT,KS,ACE,CE,Federal Contract Tower,0,2,9,0,11,0,3,31,0,34,0,5,40,0,45,96,0,96,141
09/21/2014,HUT,KS,ACE,CE,Federal Contract Tower,0,5,6,0,11,0,2,22,0,24,0,7,28,0,35,86,0,86,121
09/22/2014,HUT,KS,ACE,CE,Federal Contract Tower,0,0,4,6,10,0,5,85,2,92,0,5,89,8,102,154,10,164,266
09/23/2014,HUT,KS,ACE,CE,Federal Contract Tower,0,2,6,14,22,0,16,20,16,52,0,18,26,30,74,78,40,118,192
09/24/2014,HUT,KS,ACE,CE,Federal Contract Tower,0,0,7,0,7,0,16,18,0,34,0,16,25,0,41,74,0,74,115
09/25/2014,HUT,KS,ACE,CE,Federal Contract Tower,0,2,15,4,21,0,4,51,0,55,0,6,66,4,76,50,0,50,126
09/26/2014,HUT,KS,ACE,CE,Federal Contract Tower,0,2,13,16,31,0,0,34,2,36,0,2,47,18,67,65,12,77,144
09/27/2014,HUT,KS,ACE,CE,Federal Contract Tower,0,2,8,0,10,0,0,31,0,31,0,2,39,0,41,52,0,52,93
09/28/2014,HUT,KS,ACE,CE,Federal Contract Tower,0,0,8,4,12,0,0,20,0,20,0,0,28,4,32,24,16,40,72
09/29/2014,HUT,KS,ACE,CE,Federal Contract Tower,0,1,8,20,29,0,4,12,0,16,0,5,20,20,45,44,30,74,119
09/30/2014,HUT,KS,ACE,CE,Federal Contract Tower,0,4,6,0,10,0,0,26,0,26,0,4,32,0,36,76,0,76,112
10/01/2014,HUT,KS,ACE,CE,Federal Contract Tower,0,9,15,3,27,0,0,30,1,31,0,9,45,4,58,102,8,110,168
10/02/2014,HUT,KS,ACE,CE,Federal Contract Tower,0,1,11,0,12,0,1,1,0,2,0,2,12,0,14,6,0,6,20
10/03/2014,HUT,KS,ACE,CE,Federal Contract Tower,0,3,10,4,17,0,8,37,0,45,0,11,47,4,62,34,0,34,96
10/04/2014,HUT,KS,ACE,CE,Federal Contract Tower,0,0,2,4,6,0,0,31,0,31,0,0,33,4,37,58,8,66,103
10/05/2014,HUT,KS,ACE,CE,Federal Contract Tower,0,2,5,2,9,0,8,21,0,29,0,10,26,2,38,14,6,20,58
10/06/2014,HUT,KS,ACE,CE,Federal Contract Tower,0,0,7,18,25,0,0,35,0,35,0,0,42,18,60,96,28,124,184
10/07/2014,HUT,KS,ACE,CE,Federal Contract Tower,0,2,8,5,15,0,22,20,3,45,0,24,28,8,60,100,6,106,166
10/08/2014,HUT,KS,ACE,CE,Federal Contract Tower,0,4,18,10,32,0,0,23,4,27,0,4,41,14,59,60,12,72,131
10/09/2014,HUT,KS,ACE,CE,Federal Contract Tower,0,1,17,0,18,0,1,5,0,6,0,2,22,0,24,6,0,6,30
10/10/2014,HUT,KS,ACE,CE,Federal Contract Tower,0,1,11,0,12,0,0,1,0,1,0,1,12,0,13,6,0,6,19
10/11/2014,HUT,KS,ACE,CE,Federal Contract Tower,0,1,8,0,9,0,0,36,0,36,0,1,44,0,45,74,0,74,119
10/12/2014,HUT,KS,ACE,CE,Federal Contract Tower,0,0,8,0,8,0,0,8,6,14,0,0,16,6,22,14,0,14,36
10/13/2014,HUT,KS,ACE,CE,Federal Contract Tower,0,0,5,0,5,0,0,0,0,0,0,0,5,0,5,0,0,0,5
10/14/2014,HUT,KS,ACE,CE,Federal Contract Tower,0,0,10,0,10,0,18,34,2,54,0,18,44,2,64,92,2,94,158
10/15/2014,HUT,KS,ACE,CE,Federal Contract Tower,0,3,6,3,12,0,6,53,3,62,0,9,59,6,74,142,4,146,220
10/16/2014,HUT,KS,ACE,CE,Federal Contract Tower,0,0,5,2,7,0,44,11,0,55,0,44,16,2,62,56,6,62,124
10/17/2014,HUT,KS,ACE,CE,Federal Contract Tower,0,0,9,5,14,0,3,28,3,34,0,3,37,8,48,52,14,66,114
10/18/2014,HUT,KS,ACE,CE,Federal Contract Tower,0,0,1,0,1,0,1,13,0,14,0,1,14,0,15,26,0,26,41
10/19/2014,HUT,KS,ACE,CE,Federal Contract Tower,0,2,9,0,11,0,1,17,0,18,0,3,26,0,29,38,0,38,67
10/20/2014,HUT,KS,ACE,CE,Federal Contract Tower,0,0,9,6,15,0,0,75,2,77,0,0,84,8,92,136,10,146,238
10/21/2014,HUT,KS,ACE,CE,Federal Contract Tower,0,3,11,0,14,0,6,58,6,70,0,9,69,6,84,114,8,122,206
10/22/2014,HUT,KS,ACE,CE,Federal Contract Tower,0,2,5,0,7,0,34,26,0,60,0,36,31,0,67,96,0,96,163
10/23/2014,HUT,KS,ACE,CE,Federal Contract Tower,0,16,12,3,31,0,29,30,1,60,0,45,42,4,91,44,0,44,135
10/24/2014,HUT,KS,ACE,CE,Federal Contract Tower,0,4,11,4,19,0,6,22,2,30,0,10,33,6,49,36,2,38,87
10/25/2014,HUT,KS,ACE,CE,Federal Contract Tower,0,1,8,0,9,0,0,27,0,27,0,1,35,0,36,48,0,48,84
10/26/2014,HUT,KS,ACE,CE,Federal Contract Tower,0,1,3,0,4,0,0,16,0,16,0,1,19,0,20,40,0,40,60
10/27/2014,HUT,KS,ACE,CE,Federal Contract Tower,0,2,7,5,14,0,10,25,2,37,0,12,32,7,51,38,6,44,95
10/28/2014,HUT,KS,ACE,CE,Federal Contract Tower,0,2,8,4,14,0,10,52,0,62,0,12,60,4,76,60,6,66,142
10/29/2014,HUT,KS,ACE,CE,Federal Contract Tower,0,0,9,8,17,0,42,37,5,84,0,42,46,13,101,46,0,46,147
10/30/2014,HUT,KS,ACE,CE,Federal Contract Tower,0,2,15,3,20,0,4,50,2,56,0,6,65,5,76,40,6,46,122
10/31/2014,HUT,KS,ACE,CE,Federal Contract Tower,0,2,6,0,8,0,0,9,1,10,0,2,15,1,18,12,0,12,30
11/01/2014,HUT,KS,ACE,CE,Federal Contract Tower,0,0,3,0,3,0,0,7,0,7,0,0,10,0,10,20,0,20,30
11/02/2014,HUT,KS,ACE,CE,Federal Contract Tower,0,2,8,0,10,0,0,3,2,5,0,2,11,2,15,8,0,8,23
11/03/2014,HUT,KS,ACE,CE,Federal Contract Tower,0,0,6,4,10,0,16,13,0,29,0,16,19,4,39,62,12,74,113
11/04/2014,HUT,KS,ACE,CE,Federal Contract Tower,0,2,6,12,20,0,6,31,2,39,0,8,37,14,59,62,16,78,137
11/05/2014,HUT,KS,ACE,CE,Federal Contract Tower,0,0,6,0,6,0,22,37,2,61,0,22,43,2,67,126,0,126,193
11/06/2014,HUT,KS,ACE,CE,Federal Contract Tower,0,1,4,12,17,0,9,56,0,65,0,10,60,12,82,46,0,46,128
11/07/2014,HUT,KS,ACE,CE,Federal Contract Tower,0,0,10,8,18,0,2,26,0,28,0,2,36,8,46,42,12,54,100
11/08/2014,HUT,KS,ACE,CE,Federal Contract Tower,0,0,3,3,6,0,2,29,2,33,0,2,32,5,39,52,14,66,105
11/09/2014,HUT,KS,ACE,CE,Federal Contract Tower,0,3,4,0,7,0,0,53,0,53,0,3,57,0,60,72,0,72,132
11/10/2014,HUT,KS,ACE,CE,Federal Contract Tower,0,5,1,10,16,0,2,18,0,20,0,7,19,10,36,52,18,70,106
11/11/2014,HUT,KS,ACE,CE,Federal Contract Tower,0,0,12,0,12,0,8,18,0,26,0,8,30,0,38,30,0,30,68
11/12/2014,HUT,KS,ACE,CE,Federal Contract Tower,0,0,7,0,7,0,0,26,0,26,0,0,33,0,33,72,0,72,105
11/13/2014,HUT,KS,ACE,CE,Federal Contract Tower,0,0,7,9,16,0,4,28,8,40,0,4,35,17,56,40,10,50,106
11/14/2014,HUT,KS,ACE,CE,Federal Contract Tower,0,0,12,4,16,0,17,16,2,35,0,17,28,6,51,58,2,60,111
11/15/2014,HUT,KS,ACE,CE,Federal Contract Tower,0,2,2,0,4,0,2,2,0,4,0,4,4,0,8,16,0,16,24
11/16/2014,HUT,KS,ACE,CE,Federal Contract Tower,0,0,2,0,2,0,2,1,0,3,0,2,3,0,5,60,0,60,65
11/17/2014,HUT,KS,ACE,CE,Federal Contract Tower,0,2,10,4,16,0,0,23,4,27,0,2,33,8,43,98,6,104,147
11/18/2014,HUT,KS,ACE,CE,Federal Contract Tower,0,0,4,5,9,0,8,17,8,33,0,8,21,13,42,78,8,86,128
11/19/2014,HUT,KS,ACE,CE,Federal Contract Tower,0,0,11,2,13,0,0,56,6,62,0,0,67,8,75,130,4,134,209
11/20/2014,HUT,KS,ACE,CE,Federal Contract Tower,0,0,15,31,46,0,20,55,19,94,0,20,70,50,140,72,18,90,230
11/21/2014,HUT,KS,ACE,CE,Federal Contract Tower,0,2,15,0,17,0,2,0,0,2,0,4,15,0,19,10,0,10,29
11/22/2014,HUT,KS,ACE,CE,Federal Contract Tower,0,5,17,0,22,0,0,0,0,0,0,5,17,0,22,8,0,8,30
11/23/2014,HUT,KS,ACE,CE,Federal Contract Tower,0,0,10,0,10,0,2,3,0,5,0,2,13,0,15,26,0,26,41
11/24/2014,HUT,KS,ACE,CE,Federal Contract Tower,0,0,7,0,7,0,4,20,6,30,0,4,27,6,37,98,16,114,151
11/25/2014,HUT,KS,ACE,CE,Federal Contract Tower,0,0,11,8,19,0,3,38,6,47,0,3,49,14,66,64,6,70,136
11/26/2014,HUT,KS,ACE,CE,Federal Contract Tower,0,0,5,2,7,0,14,21,2,37,0,14,26,4,44,98,0,98,142
11/27/2014,HUT,KS,ACE,CE,Federal Contract Tower,0,0,1,0,1,0,0,0,0,0,0,0,1,0,1,0,0,0,1
11/28/2014,HUT,KS,ACE,CE,Federal Contract Tower,0,0,1,0,1,0,0,15,0,15,0,0,16,0,16,8,0,8,24
11/29/2014,HUT,KS,ACE,CE,Federal Contract Tower,0,0,4,0,4,0,2,42,0,44,0,2,46,0,48,72,0,72,120
11/30/2014,HUT,KS,ACE,CE,Federal Contract Tower,0,0,3,0,3,0,4,5,0,9,0,4,8,0,12,4,0,4,16
12/01/2014,HUT,KS,ACE,CE,Federal Contract Tower,0,4,12,4,20,0,2,21,4,27,0,6,33,8,47,50,4,54,101
12/02/2014,HUT,KS,ACE,CE,Federal Contract Tower,0,0,11,8,19,0,14,20,6,40,0,14,31,14,59,76,6,82,141
12/03/2014,HUT,KS,ACE,CE,Federal Contract Tower,0,0,7,7,14,0,8,8,2,18,0,8,15,9,32,44,4,48,80
12/04/2014,HUT,KS,ACE,CE,Federal Contract Tower,0,8,14,0,22,0,14,35,0,49,0,22,49,0,71,62,0,62,133
12/05/2014,HUT,KS,ACE,CE,Federal Contract Tower,0,12,2,14,28,0,0,2,0,2,0,12,4,14,30,10,0,10,40
12/06/2014,HUT,KS,ACE,CE,Federal Contract Tower,0,8,16,0,24,0,0,1,0,1,0,8,17,0,25,2,0,2,27
12/07/2014,HUT,KS,ACE,CE,Federal Contract Tower,0,6,5,0,11,0,0,0,0,0,0,6,5,0,11,8,0,8,19
12/08/2014,HUT,KS,ACE,CE,Federal Contract Tower,0,4,1,0,5,0,10,28,2,40,0,14,29,2,45,142,2,144,189
12/09/2014,HUT,KS,ACE,CE,Federal Contract Tower,0,2,10,6,18,0,12,32,10,54,0,14,42,16,72,88,10,98,170
12/10/2014,HUT,KS,ACE,CE,Federal Contract Tower,0,0,10,9,19,0,0,3,1,4,0,0,13,10,23,10,6,16,39
12/11/2014,HUT,KS,ACE,CE,Federal Contract Tower,0,4,10,0,14,0,0,0,0,0,0,4,10,0,14,8,0,8,22
12/12/2014,HUT,KS,ACE,CE,Federal Contract Tower,0,10,16,0,26,0,2,0,0,2,0,12,16,0,28,8,0,8,36
12/13/2014,HUT,KS,ACE,CE,Federal Contract Tower,0,2,6,0,8,0,0,0,0,0,0,2,6,0,8,8,0,8,16
12/14/2014,HUT,KS,ACE,CE,Federal Contract Tower,0,5,1,0,6,0,0,0,0,0,0,5,1,0,6,0,0,0,6
12/15/2014,HUT,KS,ACE,CE,Federal Contract Tower,0,0,20,0,20,0,7,13,6,26,0,7,33,6,46,48,12,60,106
12/16/2014,HUT,KS,ACE,CE,Federal Contract Tower,0,3,12,4,19,0,10,33,0,43,0,13,45,4,62,96,6,102,164
12/17/2014,HUT,KS,ACE,CE,Federal Contract Tower,0,12,8,0,20,0,26,7,0,33,0,38,15,0,53,78,0,78,131
12/18/2014,HUT,KS,ACE,CE,Federal Contract Tower,0,0,10,0,10,0,0,0,0,0,0,0,10,0,10,18,0,18,28
12/19/2014,HUT,KS,ACE,CE,Federal Contract Tower,0,0,4,0,4,0,0,0,0,0,0,0,4,0,4,6,0,6,10
12/20/2014,HUT,KS,ACE,CE,Federal Contract Tower,0,0,7,0,7,0,2,24,0,26,0,2,31,0,33,68,0,68,101
12/21/2014,HUT,KS,ACE,CE,Federal Contract Tower,0,0,6,0,6,0,0,0,0,0,0,0,6,0,6,0,0,0,6
12/22/2014,HUT,KS,ACE,CE,Federal Contract Tower,0,0,13,0,13,0,6,29,0,35,0,6,42,0,48,108,2,110,158
12/23/2014,HUT,KS,ACE,CE,Federal Contract Tower,0,0,9,0,9,0,6,10,0,16,0,6,19,0,25,30,0,30,55
12/24/2014,HUT,KS,ACE,CE,Federal Contract Tower,0,2,3,0,5,0,7,13,0,20,0,9,16,0,25,50,0,50,75
12/25/2014,HUT,KS,ACE,CE,Federal Contract Tower,0,0,0,0,0,0,0,5,0,5,0,0,5,0,5,14,0,14,19
12/26/2014,HUT,KS,ACE,CE,Federal Contract Tower,0,3,4,0,7,0,2,0,0,2,0,5,4,0,9,6,0,6,15
12/27/2014,HUT,KS,ACE,CE,Federal Contract Tower,0,1,0,0,1,0,2,16,0,18,0,3,16,0,19,32,0,32,51
12/28/2014,HUT,KS,ACE,CE,Federal Contract Tower,0,0,5,0,5,0,0,27,0,27,0,0,32,0,32,66,0,66,98
12/29/2014,HUT,KS,ACE,CE,Federal Contract Tower,0,2,10,0,12,0,4,27,0,31,0,6,37,0,43,74,0,74,117
12/30/2014,HUT,KS,ACE,CE,Federal Contract Tower,0,0,2,0,2,0,0,0,0,0,0,0,2,0,2,12,0,12,14
12/31/2014,HUT,KS,ACE,CE,Federal Contract Tower,0,2,2,0,4,0,0,5,0,5,0,2,7,0,9,22,0,22,31
01/01/2015,HUT,KS,ACE,CE,Federal Contract Tower,0,0,1,0,1,0,3,3,0,6,0,3,4,0,7,8,0,8,15
01/02/2015,HUT,KS,ACE,CE,Federal Contract Tower,0,0,6,0,6,0,0,6,0,6,0,0,12,0,12,10,0,10,22
01/03/2015,HUT,KS,ACE,CE,Federal Contract Tower,0,2,1,0,3,0,0,0,0,0,0,2,1,0,3,12,0,12,15
01/04/2015,HUT,KS,ACE,CE,Federal Contract Tower,0,0,6,0,6,0,2,3,0,5,0,2,9,0,11,20,0,20,31
01/05/2015,HUT,KS,ACE,CE,Federal Contract Tower,0,0,3,2,5,0,0,3,0,3,0,0,6,2,8,26,8,34,42
01/06/2015,HUT,KS,ACE,CE,Federal Contract Tower,0,0,11,0,11,0,6,8,4,18,0,6,19,4,29,62,4,66,95
01/07/2015,HUT,KS,ACE,CE,Federal Contract Tower,0,3,7,6,16,0,6,13,2,21,0,9,20,8,37,54,6,60,97
01/08/2015,HUT,KS,ACE,CE,Federal Contract Tower,0,0,2,0,2,0,4,12,0,16,0,4,14,0,18,18,0,18,36
01/09/2015,HUT,KS,ACE,CE,Federal Contract Tower,0,0,2,10,12,0,9,23,2,34,0,9,25,12,46,84,12,96,142
01/10/2015,HUT,KS,ACE,CE,Federal Contract Tower,0,0,1,0,1,0,0,22,6,28,0,0,23,6,29,62,14,76,105
01/11/2015,HUT,KS,ACE,CE,Federal Contract Tower,0,0,5,0,5,0,2,6,0,8,0,2,11,0,13,8,0,8,21
01/12/2015,HUT,KS,ACE,CE,Federal Contract Tower,0,1,7,0,8,0,0,23,2,25,0,1,30,2,33,64,0,64,97
01/13/2015,HUT,KS,ACE,CE,Federal Contract Tower,0,3,7,3,13,0,5,14,11,30,0,8,21,14,43,44,26,70,113
01/14/2015,HUT,KS,ACE,CE,Federal Contract Tower,0,1,11,0,12,0,0,26,0,26,0,1,37,0,38,94,0,94,132
01/15/2015,HUT,KS,ACE,CE,Federal Contract Tower,0,0,15,6,21,0,2,29,8,39,0,2,44,14,60,62,36,98,158
01/16/2015,HUT,KS,ACE,CE,Federal Contract Tower,0,0,8,12,20,0,8,54,9,71,0,8,62,21,91,72,30,102,193
01/17/2015,HUT,KS,ACE,CE,Federal Contract Tower,0,1,12,0,13,0,0,25,0,25,0,1,37,0,38,56,0,56,94
01/18/2015,HUT,KS,ACE,CE,Federal Contract Tower,0,0,8,0,8,0,0,39,0,39,0,0,47,0,47,48,0,48,95
01/19/2015,HUT,KS,ACE,CE,Federal Contract Tower,0,0,7,0,7,0,0,29,0,29,0,0,36,0,36,82,0,82,118
01/20/2015,HUT,KS,ACE,CE,Federal Contract Tower,0,1,7,5,13,0,4,15,1,20,0,5,22,6,33,76,16,92,125
01/21/2015,HUT,KS,ACE,CE,Federal Contract Tower,0,0,6,0,6,0,9,27,2,38,0,9,33,2,44,70,0,70,114
01/22/2015,HUT,KS,ACE,CE,Federal Contract Tower,0,0,1,12,13,0,8,33,3,44,0,8,34,15,57,60,4,64,121
01/23/2015,HUT,KS,ACE,CE,Federal Contract Tower,0,0,7,0,7,0,30,62,0,92,0,30,69,0,99,144,0,144,243
01/24/2015,HUT,KS,ACE,CE,Federal Contract Tower,0,0,5,0,5,0,6,45,0,51,0,6,50,0,56,86,0,86,142
01/25/2015,HUT,KS,ACE,CE,Federal Contract Tower,0,0,0,4,4,0,0,2,0,2,0,0,2,4,6,0,0,0,6
01/26/2015,HUT,KS,ACE,CE,Federal Contract Tower,0,0,4,6,10,0,29,17,0,46,0,29,21,6,56,108,8,116,172
01/27/2015,HUT,KS,ACE,CE,Federal Contract Tower,0,1,8,12,21,0,8,46,0,54,0,9,54,12,75,64,16,80,155
01/28/2015,HUT,KS,ACE,CE,Federal Contract Tower,0,1,5,4,10,0,22,29,0,51,0,23,34,4,61,78,0,78,139
01/29/2015,HUT,KS,ACE,CE,Federal Contract Tower,0,3,12,5,20,0,5,27,1,33,0,8,39,6,53,56,0,56,109
01/30/2015,HUT,KS,ACE,CE,Federal Contract Tower,0,0,9,4,13,0,0,13,4,17,0,0,22,8,30,50,6,56,86
01/31/2015,HUT,KS,ACE,CE,Federal Contract Tower,0,0,3,0,3,0,0,0,0,0,0,0,3,0,3,8,0,8,11
02/01/2015,HUT,KS,ACE,CE,Federal Contract Tower,0,0,6,0,6,0,0,0,0,0,0,0,6,0,6,0,0,0,6
02/02/2015,HUT,KS,ACE,CE,Federal Contract Tower,0,0,4,1,5,0,0,16,1,17,0,0,20,2,22,40,6,46,68
02/03/2015,HUT,KS,ACE,CE,Federal Contract Tower,0,0,13,6,19,0,5,15,0,20,0,5,28,6,39,76,10,86,125
02/04/2015,HUT,KS,ACE,CE,Federal Contract Tower,0,0,2,0,2,0,2,0,0,2,0,2,2,0,4,28,0,28,32
02/05/2015,HUT,KS,ACE,CE,Federal Contract Tower,0,0,13,8,21,0,24,25,5,54,0,24,38,13,75,78,2,80,155
02/06/2015,HUT,KS,ACE,CE,Federal Contract Tower,0,0,10,2,12,0,0,28,5,33,0,0,38,7,45,54,4,58,103
02/07/2015,HUT,KS,ACE,CE,Federal Contract Tower,0,0,9,0,9,0,3,41,0,44,0,3,50,0,53,60,0,60,113
02/08/2015,HUT,KS,ACE,CE,Federal Contract Tower,0,1,6,1,8,0,0,10,6,16,0,1,16,7,24,12,16,28,52
02/09/2015,HUT,KS,ACE,CE,Federal Contract Tower,0,2,7,5,14,0,0,19,1,20,0,2,26,6,34,48,8,56,90
02/10/2015,HUT,KS,ACE,CE,Federal Contract Tower,0,0,6,8,14,0,2,28,0,30,0,2,34,8,44,72,14,86,130
02/12/2015,HUT,KS,ACE,CE,Federal Contract Tower,0,0,14,3,17,0,0,41,0,41,0,0,55,3,58,70,8,78,136
02/13/2015,HUT,KS,ACE,CE,Federal Contract Tower,0,3,13,9,25,0,0,23,2,25,0,3,36,11,50,34,22,56,106
02/14/2015,HUT,KS,ACE,CE,Federal Contract Tower,0,1,4,0,5,0,0,21,0,21,0,1,25,0,26,20,0,20,46
02/15/2015,HUT,KS,ACE,CE,Federal Contract Tower,0,1,8,0,9,0,0,15,2,17,0,1,23,2,26,18,2,20,46
02/16/2015,HUT,KS,ACE,CE,Federal Contract Tower,0,0,4,0,4,0,2,9,0,11,0,2,13,0,15,22,0,22,37
02/17/2015,HUT,KS,ACE,CE,Federal Contract Tower,0,0,6,0,6,0,4,4,0,8,0,4,10,0,14,40,0,40,54
02/18/2015,HUT,KS,ACE,CE,Federal Contract Tower,0,0,3,2,5,0,12,23,12,47,0,12,26,14,52,78,12,90,142
02/19/2015,HUT,KS,ACE,CE,Federal Contract Tower,0,2,3,26,31,0,26,31,6,63,0,28,34,32,94,86,12,98,192
02/20/2015,HUT,KS,ACE,CE,Federal Contract Tower,0,2,11,3,16,0,0,5,2,7,0,2,16,5,23,20,32,52,75
02/21/2015,HUT,KS,ACE,CE,Federal Contract Tower,0,0,3,0,3,0,5,19,0,24,0,5,22,0,27,56,0,56,83
02/22/2015,HUT,KS,ACE,CE,Federal Contract Tower,0,0,1,0,1,0,1,0,0,1,0,1,1,0,2,18,0,18,20
02/23/2015,HUT,KS,ACE,CE,Federal Contract Tower,0,2,2,5,9,0,1,8,3,12,0,3,10,8,21,44,28,72,93
02/24/2015,HUT,KS,ACE,CE,Federal Contract Tower,0,2,12,6,20,0,0,19,2,21,0,2,31,8,41,64,18,82,123
02/25/2015,HUT,KS,ACE,CE,Federal Contract Tower,0,0,4,1,5,0,6,28,1,35,0,6,32,2,40,96,10,106,146
02/26/2015,HUT,KS,ACE,CE,Federal Contract Tower,0,0,9,9,18,0,2,20,4,26,0,2,29,13,44,42,14,56,100
02/27/2015,HUT,KS,ACE,CE,Federal Contract Tower,0,5,2,0,7,0,2,0,0,2,0,7,2,0,9,18,0,18,27
02/28/2015,HUT,KS,ACE,CE,Federal Contract Tower,0,2,1,0,3,0,3,0,0,3,0,5,1,0,6,16,0,16,22
03/01/2015,HUT,KS,ACE,CE,Federal Contract Tower,0,0,5,0,5,0,2,2,0,4,0,2,7,0,9,36,0,36,45
03/02/2015,HUT,KS,ACE,CE,Federal Contract Tower,0,0,8,8,16,0,0,10,0,10,0,0,18,8,26,26,38,64,90
03/03/2015,HUT,KS,ACE,CE,Federal Contract Tower,0,0,6,18,24,0,3,18,0,21,0,3,24,18,45,70,32,102,147
03/04/2015,HUT,KS,ACE,CE,Federal Contract Tower,0,0,1,3,4,0,2,8,1,11,0,2,9,4,15,24,0,24,39
03/05/2015,HUT,KS,ACE,CE,Federal Contract Tower,0,1,7,1,9,0,2,47,0,49,0,3,54,1,58,76,0,76,134
03/06/2015,HUT,KS,ACE,CE,Federal Contract Tower,0,0,2,18,20,0,4,28,2,34,0,4,30,20,54,76,20,96,150
03/07/2015,HUT,KS,ACE,CE,Federal Contract Tower,0,0,3,0,3,0,0,61,0,61,0,0,64,0,64,96,0,96,160
03/08/2015,HUT,KS,ACE,CE,Federal Contract Tower,0,0,2,0,2,0,0,33,0,33,0,0,35,0,35,50,0,50,85
03/09/2015,HUT,KS,ACE,CE,Federal Contract Tower,0,2,2,10,14,0,4,6,4,14,0,6,8,14,28,52,30,82,110
03/10/2015,HUT,KS,ACE,CE,Federal Contract Tower,0,0,6,12,18,0,0,12,0,12,0,0,18,12,30,48,22,70,100
03/11/2015,HUT,KS,ACE,CE,Federal Contract Tower,0,0,7,2,9,0,4,27,2,33,0,4,34,4,42,88,0,88,130
03/12/2015,HUT,KS,ACE,CE,Federal Contract Tower,0,2,15,1,18,0,2,42,1,45,0,4,57,2,63,52,0,52,115
03/13/2015,HUT,KS,ACE,CE,Federal Contract Tower,0,4,14,2,20,0,22,30,3,55,0,26,44,5,75,50,0,50,125
03/14/2015,HUT,KS,ACE,CE,Federal Contract Tower,0,0,7,0,7,0,0,37,0,37,0,0,44,0,44,60,0,60,104
03/15/2015,HUT,KS,ACE,CE,Federal Contract Tower,0,2,6,0,8,0,10,30,3,43,0,12,36,3,51,38,20,58,109
03/16/2015,HUT,KS,ACE,CE,Federal Contract Tower,0,2,9,10,21,0,4,32,2,38,0,6,41,12,59,74,24,98,157
03/17/2015,HUT,KS,ACE,CE,Federal Contract Tower,0,2,9,2,13,0,4,22,0,26,0,6,31,2,39,64,2,66,105
03/18/2015,HUT,KS,ACE,CE,Federal Contract Tower,0,2,9,1,12,0,0,1,1,2,0,2,10,2,14,6,0,6,20
03/19/2015,HUT,KS,ACE,CE,Federal Contract Tower,0,2,7,4,13,0,0,0,0,0,0,2,7,4,13,8,0,8,21
03/20/2015,HUT,KS,ACE,CE,Federal Contract Tower,0,0,12,15,27,0,10,10,1,21,0,10,22,16,48,28,34,62,110
03/21/2015,HUT,KS,ACE,CE,Federal Contract Tower,0,0,4,8,12,0,2,38,0,40,0,2,42,8,52,56,0,56,108
03/22/2015,HUT,KS,ACE,CE,Federal Contract Tower,0,6,7,0,13,0,0,15,0,15,0,6,22,0,28,38,0,38,66
03/23/2015,HUT,KS,ACE,CE,Federal Contract Tower,0,0,6,0,6,0,6,29,2,37,0,6,35,2,43,54,6,60,103
03/24/2015,HUT,KS,ACE,CE,Federal Contract Tower,0,0,4,0,4,0,2,8,0,10,0,2,12,0,14,18,0,18,32
03/25/2015,HUT,KS,ACE,CE,Federal Contract Tower,0,2,9,16,27,0,4,20,12,36,0,6,29,28,63,52,42,94,157
03/26/2015,HUT,KS,ACE,CE,Federal Contract Tower,0,0,9,2,11,0,3,42,0,45,0,3,51,2,56,54,4,58,114
03/27/2015,HUT,KS,ACE,CE,Federal Contract Tower,0,1,10,0,11,0,3,12,0,15,0,4,22,0,26,28,0,28,54
03/28/2015,HUT,KS,ACE,CE,Federal Contract Tower,0,0,3,0,3,0,4,40,6,50,0,4,43,6,53,50,6,56,109
03/29/2015,HUT,KS,ACE,CE,Federal Contract Tower,0,0,13,0,13,0,2,13,0,15,0,2,26,0,28,24,0,24,52
03/30/2015,HUT,KS,ACE,CE,Federal Contract Tower,0,0,5,4,9,0,12,31,0,43,0,12,36,4,52,52,14,66,118
03/31/2015,HUT,KS,ACE,CE,Federal Contract Tower,0,4,5,24,33,0,8,25,0,33,0,12,30,24,66,54,70,124,190
04/01/2015,HUT,KS,ACE,CE,Federal Contract Tower,0,0,9,0,9,0,6,10,4,20,0,6,19,4,29,14,0,14,43
04/02/2015,HUT,KS,ACE,CE,Federal Contract Tower,0,0,5,4,9,0,4,30,4,38,0,4,35,8,47,42,6,48,95
04/03/2015,HUT,KS,ACE,CE,Federal Contract Tower,0,0,7,11,18,0,2,6,0,8,0,2,13,11,26,18,18,36,62
04/04/2015,HUT,KS,ACE,CE,Federal Contract Tower,0,0,2,0,2,0,0,29,0,29,0,0,31,0,31,34,0,34,65
04/05/2015,HUT,KS,ACE,CE,Federal Contract Tower,0,0,6,0,6,0,4,16,0,20,0,4,22,0,26,26,0,26,52
04/06/2015,HUT,KS,ACE,CE,Federal Contract Tower,0,0,17,12,29,0,2,18,2,22,0,2,35,14,51,70,24,94,145
04/07/2015,HUT,KS,ACE,CE,Federal Contract Tower,0,4,1,4,9,0,0,24,0,24,0,4,25,4,33,96,12,108,141
04/08/2015,HUT,KS,ACE,CE,Federal Contract Tower,0,0,10,0,10,0,0,0,0,0,0,0,10,0,10,8,0,8,18
04/09/2015,HUT,KS,ACE,CE,Federal Contract Tower,0,0,17,4,21,0,0,20,0,20,0,0,37,4,41,26,0,26,67
04/10/2015,HUT,KS,ACE,CE,Federal Contract Tower,0,1,11,6,18,0,0,34,0,34,0,1,45,6,52,60,12,72,124
04/11/2015,HUT,KS,ACE,CE,Federal Contract Tower,0,3,4,0,7,0,4,12,0,16,0,7,16,0,23,26,0,26,49
04/12/2015,HUT,KS,ACE,CE,Federal Contract Tower,0,1,2,0,3,0,3,0,0,3,0,4,2,0,6,8,0,8,14
04/13/2015,HUT,KS,ACE,CE,Federal Contract Tower,0,2,4,8,14,0,2,13,0,15,0,4,17,8,29,60,14,74,103
04/14/2015,HUT,KS,ACE,CE,Federal Contract Tower,0,1,8,15,24,0,12,22,1,35,0,13,30,16,59,60,24,84,143
04/15/2015,HUT,KS,ACE,CE,Federal Contract Tower,0,6,13,12,31,0,2,2,0,4,0,8,15,12,35,28,2,30,65
04/16/2015,HUT,KS,ACE,CE,Federal Contract Tower,0,0,6,8,14,0,5,36,1,42,0,5,42,9,56,50,20,70,126
04/17/2015,HUT,KS,ACE,CE,Federal Contract Tower,0,0,9,0,9,0,4,8,0,12,0,4,17,0,21,32,0,32,53
04/18/2015,HUT,KS,ACE,CE,Federal Contract Tower,0,0,10,0,10,0,0,1,0,1,0,0,11,0,11,18,0,18,29
04/19/2015,HUT,KS,ACE,CE,Federal Contract Tower,0,2,11,0,13,0,5,5,0,10,0,7,16,0,23,20,0,20,43
04/20/2015,HUT,KS,ACE,CE,Federal Contract Tower,0,1,3,0,4,0,0,35,0,35,0,1,38,0,39,104,0,104,143
04/21/2015,HUT,KS,ACE,CE,Federal Contract Tower,0,2,19,4,25,1,12,34,4,51,1,14,53,8,76,94,12,106,182
04/22/2015,HUT,KS,ACE,CE,Federal Contract Tower,0,0,6,3,9,0,10,41,3,54,0,10,47,6,63,110,2,112,175
04/23/2015,HUT,KS,ACE,CE,Federal Contract Tower,0,2,6,16,24,0,6,25,1,32,0,8,31,17,56,56,38,94,150
04/24/2015,HUT,KS,ACE,CE,Federal Contract Tower,0,1,6,7,14,0,1,2,2,5,0,2,8,9,19,16,8,24,43
04/25/2015,HUT,KS,ACE,CE,Federal Contract Tower,0,2,2,2,6,0,0,16,0,16,0,2,18,2,22,78,6,84,106
04/26/2015,HUT,KS,ACE,CE,Federal Contract Tower,0,0,16,0,16,0,0,2,0,2,0,0,18,0,18,30,0,30,48
04/27/2015,HUT,KS,ACE,CE,Federal Contract Tower,0,0,0,2,2,0,0,6,0,6,0,0,6,2,8,26,6,32,40
04/28/2015,HUT,KS,ACE,CE,Federal Contract Tower,0,1,8,4,13,0,7,29,2,38,0,8,37,6,51,130,4,134,185
04/29/2015,HUT,KS,ACE,CE,Federal Contract Tower,0,2,10,6,18,0,0,42,0,42,0,2,52,6,60,100,12,112,172
04/30/2015,HUT,KS,ACE,CE,Federal Contract Tower,0,1,4,17,22,0,5,33,4,42,0,6,37,21,64,38,32,70,134
05/01/2015,HUT,KS,ACE,CE,Federal Contract Tower,0,0,7,22,29,0,5,34,12,51,0,5,41,34,80,38,4,42,122
05/02/2015,HUT,KS,ACE,CE,Federal Contract Tower,0,0,4,2,6,0,0,26,0,26,0,0,30,2,32,58,0,58,90
05/03/2015,HUT,KS,ACE,CE,Federal Contract Tower,0,0,3,0,3,0,0,15,0,15,0,0,18,0,18,28,0,28,46
05/04/2015,HUT,KS,ACE,CE,Federal Contract Tower,0,0,3,6,9,0,4,32,0,36,0,4,35,6,45,100,10,110,155
05/05/2015,HUT,KS,ACE,CE,Federal Contract Tower,0,0,13,9,22,0,2,36,5,43,0,2,49,14,65,58,22,80,145
05/06/2015,HUT,KS,ACE,CE,Federal Contract Tower,0,0,3,0,3,0,0,0,0,0,0,0,3,0,3,8,0,8,11
05/07/2015,HUT,KS,ACE,CE,Federal Contract Tower,0,10,13,6,29,0,0,33,0,33,0,10,46,6,62,44,0,44,106
05/08/2015,HUT,KS,ACE,CE,Federal Contract Tower,0,1,14,0,15,0,0,3,0,3,0,1,17,0,18,30,0,30,48
05/09/2015,HUT,KS,ACE,CE,Federal Contract Tower,0,0,6,0,6,0,0,5,0,5,0,0,11,0,11,16,0,16,27
05/10/2015,HUT,KS,ACE,CE,Federal Contract Tower,0,2,8,0,10,0,2,3,0,5,0,4,11,0,15,10,0,10,25
05/11/2015,HUT,KS,ACE,CE,Federal Contract Tower,0,2,7,12,21,0,0,29,0,29,0,2,36,12,50,52,30,82,132
05/12/2015,HUT,KS,ACE,CE,Federal Contract Tower,0,1,8,1,10,0,0,21,1,22,0,1,29,2,32,65,6,71,103
05/13/2015,HUT,KS,ACE,CE,Federal Contract Tower,0,0,16,18,34,0,4,0,0,4,0,4,16,18,38,28,6,34,72
05/14/2015,HUT,KS,ACE,CE,Federal Contract Tower,0,1,8,1,10,0,0,10,1,11,0,1,18,2,21,12,0,12,33
05/15/2015,HUT,KS,ACE,CE,Federal Contract Tower,0,3,7,12,22,0,0,4,0,4,0,3,11,12,26,12,8,20,46
05/16/2015,HUT,KS,ACE,CE,Federal Contract Tower,0,0,0,0,0,0,2,1,0,3,0,2,1,0,3,0,0,0,3
05/17/2015,HUT,KS,ACE,CE,Federal Contract Tower,0,1,7,0,8,0,4,22,2,28,0,5,29,2,36,46,10,56,92
05/18/2015,HUT,KS,ACE,CE,Federal Contract Tower,0,0,7,0,7,0,1,29,0,30,0,1,36,0,37,44,0,44,81
05/19/2015,HUT,KS,ACE,CE,Federal Contract Tower,0,2,8,4,14,0,6,9,0,15,0,8,17,4,29,62,0,62,91
05/20/2015,HUT,KS,ACE,CE,Federal Contract Tower,0,6,16,8,30,0,3,8,0,11,0,9,24,8,41,32,30,62,103
05/21/2015,HUT,KS,ACE,CE,Federal Contract Tower,0,1,6,0,7,0,1,52,6,59,0,2,58,6,66,44,2,46,112
05/22/2015,HUT,KS,ACE,CE,Federal Contract Tower,0,12,10,0,22,0,0,0,0,0,0,12,10,0,22,12,0,12,34
05/23/2015,HUT,KS,ACE,CE,Federal Contract Tower,0,0,3,0,3,0,0,0,0,0,0,0,3,0,3,0,0,0,3
05/24/2015,HUT,KS,ACE,CE,Federal Contract Tower,0,0,6,0,6,0,0,0,0,0,0,0,6,0,6,8,0,8,14
05/25/2015,HUT,KS,ACE,CE,Federal Contract Tower,0,0,10,0,10,0,2,2,0,4,0,2,12,0,14,0,0,0,14
05/26/2015,HUT,KS,ACE,CE,Federal Contract Tower,0,4,7,0,11,0,14,43,0,57,0,18,50,0,68,94,0,94,162
05/27/2015,HUT,KS,ACE,CE,Federal Contract Tower,0,3,16,17,36,0,2,37,0,39,0,5,53,17,75,46,10,56,131
05/28/2015,HUT,KS,ACE,CE,Federal Contract Tower,0,2,12,30,44,0,2,22,0,24,0,4,34,30,68,44,28,72,140
05/29/2015,HUT,KS,ACE,CE,Federal Contract Tower,0,1,14,7,22,0,11,25,2,38,0,12,39,9,60,60,10,70,130
05/30/2015,HUT,KS,ACE,CE,Federal Contract Tower,0,0,11,2,13,0,0,9,0,9,0,0,20,2,22,8,0,8,30
05/31/2015,HUT,KS,ACE,CE,Federal Contract Tower,0,2,8,3,13,0,4,44,1,49,0,6,52,4,62,66,0,66,128
06/01/2015,HUT,KS,ACE,CE,Federal Contract Tower,0,0,2,7,9,0,12,26,20,58,0,12,28,27,67,120,14,134,201
06/02/2015,HUT,KS,ACE,CE,Federal Contract Tower,0,1,9,12,22,0,8,32,3,43,0,9,41,15,65,48,24,72,137
06/03/2015,HUT,KS,ACE,CE,Federal Contract Tower,0,0,6,13,19,0,2,32,2,36,0,2,38,15,55,120,12,132,187
06/04/2015,HUT,KS,ACE,CE,Federal Contract Tower,0,0,6,4,10,0,20,13,2,35,0,20,19,6,45,124,0,124,169
06/05/2015,HUT,KS,ACE,CE,Federal Contract Tower,0,0,10,10,20,0,19,20,0,39,0,19,30,10,59,50,24,74,133
06/06/2015,HUT,KS,ACE,CE,Federal Contract Tower,0,0,3,0,3,0,0,35,0,35,0,0,38,0,38,38,0,38,76
06/07/2015,HUT,KS,ACE,CE,Federal Contract Tower,0,1,6,0,7,0,8,26,0,34,0,9,32,0,41,36,0,36,77
06/08/2015,HUT,KS,ACE,CE,Federal Contract Tower,0,1,2,6,9,0,2,17,0,19,0,3,19,6,28,32,14,46,74
06/09/2015,HUT,KS,ACE,CE,Federal Contract Tower,0,1,8,0,9,0,6,20,0,26,0,7,28,0,35,94,0,94,129
06/10/2015,HUT,KS,ACE,CE,Federal Contract Tower,0,7,11,8,26,0,12,26,0,38,0,19,37,8,64,32,16,48,112
06/11/2015,HUT,KS,ACE,CE,Federal Contract Tower,0,0,11,0,11,0,10,24,0,34,0,10,35,0,45,32,0,32,77
06/12/2015,HUT,KS,ACE,CE,Federal Contract Tower,0,1,18,0,19,0,1,12,8,21,0,2,30,8,40,20,12,32,72
06/13/2015,HUT,KS,ACE,CE,Federal Contract Tower,0,0,12,0,12,0,2,11,0,13,0,2,23,0,25,10,0,10,35
06/14/2015,HUT,KS,ACE,CE,Federal Contract Tower,0,0,6,0,6,0,2,6,0,8,0,2,12,0,14,12,0,12,26
06/15/2015,HUT,KS,ACE,CE,Federal Contract Tower,0,4,20,0,24,0,2,11,2,15,0,6,31,2,39,38,18,56,95
06/16/2015,HUT,KS,ACE,CE,Federal Contract Tower,0,9,5,10,24,0,38,11,4,53,0,47,16,14,77,82,16,98,175
06/17/2015,HUT,KS,ACE,CE,Federal Contract Tower,0,10,21,0,31,0,28,11,0,39,0,38,32,0,70,96,0,96,166
06/18/2015,HUT,KS,ACE,CE,Federal Contract Tower,0,9,3,14,26,0,10,24,0,34,0,19,27,14,60,56,4,60,120
06/19/2015,HUT,KS,ACE,CE,Federal Contract Tower,0,1,10,5,16,0,0,11,1,12,0,1,21,6,28,38,20,58,86
06/20/2015,HUT,KS,ACE,CE,Federal Contract Tower,0,0,3,0,3,0,4,19,0,23,0,4,22,0,26,48,0,48,74
06/21/2015,HUT,KS,ACE,CE,Federal Contract Tower,0,0,3,0,3,0,0,16,0,16,0,0,19,0,19,36,0,36,55
06/22/2015,HUT,KS,ACE,CE,Federal Contract Tower,0,0,7,7,14,0,5,4,1,10,0,5,11,8,24,26,20,46,70
06/23/2015,HUT,KS,ACE,CE,Federal Contract Tower,0,4,9,0,13,0,4,20,0,24,0,8,29,0,37,70,0,70,107
06/24/2015,HUT,KS,ACE,CE,Federal Contract Tower,0,0,11,0,11,0,4,12,0,16,0,4,23,0,27,48,0,48,75
06/25/2015,HUT,KS,ACE,CE,Federal Contract Tower,0,0,5,9,14,0,4,27,4,35,0,4,32,13,49,34,10,44,93
06/26/2015,HUT,KS,ACE,CE,Federal Contract Tower,0,0,10,2,12,0,0,9,2,11,0,0,19,4,23,22,0,22,45
06/27/2015,HUT,KS,ACE,CE,Federal Contract Tower,0,0,4,0,4,0,6,28,0,34,0,6,32,0,38,50,0,50,88
06/28/2015,HUT,KS,ACE,CE,Federal Contract Tower,0,2,10,0,12,0,1,32,0,33,0,3,42,0,45,50,0,50,95
06/29/2015,HUT,KS,ACE,CE,Federal Contract Tower,0,0,5,10,15,0,11,15,0,26,0,11,20,10,41,58,18,76,117
06/30/2015,HUT,KS,ACE,CE,Federal Contract Tower,0,0,12,8,20,0,16,31,4,51,0,16,43,12,71,76,16,92,163
07/01/2015,HUT,KS,ACE,CE,Federal Contract Tower,0,2,7,2,11,0,14,31,8,53,0,16,38,10,64,90,4,94,158
07/02/2015,HUT,KS,ACE,CE,Federal Contract Tower,0,0,7,0,7,0,2,6,0,8,0,2,13,0,15,8,0,8,23
07/03/2015,HUT,KS,ACE,CE,Federal Contract Tower,0,0,10,0,10,0,0,8,0,8,0,0,18,0,18,24,0,24,42
07/04/2015,HUT,KS,ACE,CE,Federal Contract Tower,0,0,1,0,1,0,0,31,0,31,0,0,32,0,32,96,0,96,128
07/05/2015,HUT,KS,ACE,CE,Federal Contract Tower,0,0,6,0,6,0,0,14,0,14,0,0,20,0,20,30,0,30,50
07/06/2015,HUT,KS,ACE,CE,Federal Contract Tower,0,0,8,5,13,0,2,4,0,6,0,2,12,5,19,42,10,52,71
07/07/2015,HUT,KS,ACE,CE,Federal Contract Tower,0,2,7,4,13,0,4,36,2,42,0,6,43,6,55,76,8,84,139
07/08/2015,HUT,KS,ACE,CE,Federal Contract Tower,0,7,23,4,34,0,22,14,0,36,0,29,37,4,70,112,2,114,184
07/09/2015,HUT,KS,ACE,CE,Federal Contract Tower,0,4,15,5,24,0,6,2,0,8,0,10,17,5,32,22,8,30,62
07/10/2015,HUT,KS,ACE,CE,Federal Contract Tower,0,0,16,2,18,0,0,18,0,18,0,0,34,2,36,56,0,56,92
07/11/2015,HUT,KS,ACE,CE,Federal Contract Tower,0,0,3,0,3,0,11,29,0,40,0,11,32,0,43,52,0,52,95
07/12/2015,HUT,KS,ACE,CE,Federal Contract Tower,0,0,3,0,3,0,0,49,0,49,0,0,52,0,52,100,0,100,152
07/13/2015,HUT,KS,ACE,CE,Federal Contract Tower,0,2,3,8,13,0,7,15,2,24,0,9,18,10,37,68,12,80,117
07/14/2015,HUT,KS,ACE,CE,Federal Contract Tower,0,1,6,6,13,0,4,26,0,30,0,5,32,6,43,74,18,92,135
07/15/2015,HUT,KS,ACE,CE,Federal Contract Tower,0,5,14,21,40,0,14,28,1,43,0,19,42,22,83,40,32,72,155
07/16/2015,HUT,KS,ACE,CE,Federal Contract Tower,0,10,15,22,47,0,8,30,2,40,0,18,45,24,87,52,2,54,141
07/17/2015,HUT,KS,ACE,CE,Federal Contract Tower,0,0,10,11,21,0,1,21,2,24,0,1,31,13,45,32,8,40,85
07/18/2015,HUT,KS,ACE,CE,Federal Contract Tower,0,0,7,0,7,0,3,22,0,25,0,3,29,0,32,8,0,8,40
07/19/2015,HUT,KS,ACE,CE,Federal Contract Tower,0,4,10,2,16,0,3,13,0,16,0,7,23,2,32,10,6,16,48
07/20/2015,HUT,KS,ACE,CE,Federal Contract Tower,0,0,10,7,17,0,4,27,4,35,0,4,37,11,52,54,20,74,126
07/21/2015,HUT,KS,ACE,CE,Federal Contract Tower,0,0,7,11,18,0,10,19,0,29,0,10,26,11,47,48,10,58,105
07/22/2015,HUT,KS,ACE,CE,Federal Contract Tower,0,0,10,0,10,0,0,37,0,37,0,0,47,0,47,26,0,26,73
07/23/2015,HUT,KS,ACE,CE,Federal Contract Tower,0,3,10,9,22,0,10,28,0,38,0,13,38,9,60,40,2,42,102
07/24/2015,HUT,KS,ACE,CE,Federal Contract Tower,0,0,8,11,19,0,1,25,4,30,0,1,33,15,49,12,12,24,73
07/25/2015,HUT,KS,ACE,CE,Federal Contract Tower,0,3,6,1,10,0,2,13,1,16,0,5,19,2,26,26,6,32,58
07/26/2015,HUT,KS,ACE,CE,Federal Contract Tower,0,1,2,0,3,0,4,40,0,44,0,5,42,0,47,52,0,52,99
07/27/2015,HUT,KS,ACE,CE,Federal Contract Tower,0,0,2,0,2,0,6,21,0,27,0,6,23,0,29,62,0,62,91
07/28/2015,HUT,KS,ACE,CE,Federal Contract Tower,0,4,3,20,27,0,2,15,0,17,0,6,18,20,44,70,10,80,124
07/29/2015,HUT,KS,ACE,CE,Federal Contract Tower,0,0,10,0,10,0,2,5,0,7,0,2,15,0,17,8,0,8,25
07/30/2015,HUT,KS,ACE,CE,Federal Contract Tower,0,0,6,0,6,0,2,30,0,32,0,2,36,0,38,42,0,42,80
07/31/2015,HUT,KS,ACE,CE,Federal Contract Tower,0,3,15,12,30,0,14,38,0,52,0,17,53,12,82,104,6,110,192
08/01/2015,HUT,KS,ACE,CE,Federal Contract Tower,0,0,11,0,11,0,2,21,0,23,0,2,32,0,34,40,0,40,74
08/02/2015,HUT,KS,ACE,CE,Federal Contract Tower,0,4,2,0,6,0,0,11,0,11,0,4,13,0,17,44,0,44,61
08/03/2015,HUT,KS,ACE,CE,Federal Contract Tower,0,0,2,2,4,0,0,16,2,18,0,0,18,4,22,54,4,58,80
08/04/2015,HUT,KS,ACE,CE,Federal Contract Tower,0,0,13,10,23,0,3,19,0,22,0,3,32,10,45,40,14,54,99
08/05/2015,HUT,KS,ACE,CE,Federal Contract Tower,0,0,3,4,7,0,6,22,0,28,0,6,25,4,35,70,16,86,121
08/06/2015,HUT,KS,ACE,CE,Federal Contract Tower,0,2,17,12,31,0,0,46,0,46,0,2,63,12,77,43,0,43,120
08/07/2015,HUT,KS,ACE,CE,Federal Contract Tower,0,0,7,0,7,0,1,33,0,34,0,1,40,0,41,92,0,92,133
08/09/2015,HUT,KS,ACE,CE,Federal Contract Tower,0,0,2,0,2,0,0,8,0,8,0,0,10,0,10,0,0,0,10
08/10/2015,HUT,KS,ACE,CE,Federal Contract Tower,0,0,4,16,20,0,40,37,0,77,0,40,41,16,97,100,18,118,215
08/11/2015,HUT,KS,ACE,CE,Federal Contract Tower,0,0,12,12,24,0,2,20,8,30,0,2,32,20,54,58,32,90,144
08/12/2015,HUT,KS,ACE,CE,Federal Contract Tower,0,0,4,10,14,0,6,34,0,40,0,6,38,10,54,122,12,134,188
08/13/2015,HUT,KS,ACE,CE,Federal Contract Tower,0,2,3,26,31,0,6,41,0,47,0,8,44,26,78,40,29,69,147
08/14/2015,HUT,KS,ACE,CE,Federal Contract Tower,0,8,5,10,23,0,12,20,0,32,0,20,25,10,55,70,6,76,131
08/15/2015,HUT,KS,ACE,CE,Federal Contract Tower,0,1,1,0,2,0,2,38,0,40,0,3,39,0,42,62,0,62,104
08/16/2015,HUT,KS,ACE,CE,Federal Contract Tower,0,1,6,2,9,0,0,17,0,17,0,1,23,2,26,26,6,32,58
08/17/2015,HUT,KS,ACE,CE,Federal Contract Tower,0,0,3,4,7,0,2,32,0,34,0,2,35,4,41,90,14,104,145
08/18/2015,HUT,KS,ACE,CE,Federal Contract Tower,0,1,8,0,9,0,2,16,0,18,0,3,24,0,27,50,0,50,77
08/19/2015,HUT,KS,ACE,CE,Federal Contract Tower,0,2,7,24,33,0,6,20,2,28,0,8,27,26,61,58,28,86,147
08/20/2015,HUT,KS,ACE,CE,Federal Contract Tower,0,0,9,12,21,0,7,54,1,62,0,7,63,13,83,64,0,64,147
08/21/2015,HUT,KS,ACE,CE,Federal Contract Tower,0,10,18,9,37,0,0,11,1,12,0,10,29,10,49,32,4,36,85
08/22/2015,HUT,KS,ACE,CE,Federal Contract Tower,0,1,11,0,12,0,9,20,0,29,0,10,31,0,41,46,0,46,87
08/23/2015,HUT,KS,ACE,CE,Federal Contract Tower,0,2,7,0,9,0,2,9,0,11,0,4,16,0,20,20,0,20,40
08/24/2015,HUT,KS,ACE,CE,Federal Contract Tower,0,0,9,20,29,0,3,25,4,32,0,3,34,24,61,68,42,110,171
08/25/2015,HUT,KS,ACE,CE,Federal Contract Tower,0,0,18,16,34,0,0,71,0,71,0,0,89,16,105,68,34,102,207
08/26/2015,HUT,KS,ACE,CE,Federal Contract Tower,0,2,7,34,43,0,2,20,6,28,0,4,27,40,71,66,34,100,171
08/27/2015,HUT,KS,ACE,CE,Federal Contract Tower,0,0,16,22,38,0,0,37,0,37,0,0,53,22,75,46,18,64,139
08/28/2015,HUT,KS,ACE,CE,Federal Contract Tower,0,0,7,5,12,0,14,16,1,31,0,14,23,6,43,60,2,62,105
08/29/2015,HUT,KS,ACE,CE,Federal Contract Tower,0,2,9,1,12,0,0,20,7,27,0,2,29,8,39,36,8,44,83
08/30/2015,HUT,KS,ACE,CE,Federal Contract Tower,0,0,6,0,6,0,0,16,0,16,0,0,22,0,22,10,0,10,32
08/31/2015,HUT,KS,ACE,CE,Federal Contract Tower,0,5,10,5,20,0,2,21,2,25,0,7,31,7,45,66,2,68,113
09/01/2015,HUT,KS,ACE,CE,Federal Contract Tower,0,2,7,10,19,0,1,74,0,75,0,3,81,10,94,96,12,108,202
09/02/2015,HUT,KS,ACE,CE,Federal Contract Tower,0,0,3,6,9,0,5,4,0,9,0,5,7,6,18,30,12,42,60
09/03/2015,HUT,KS,ACE,CE,Federal Contract Tower,0,2,5,2,9,0,6,34,0,40,0,8,39,2,49,62,0,62,111
09/04/2015,HUT,KS,ACE,CE,Federal Contract Tower,0,0,6,0,6,0,2,15,0,17,0,2,21,0,23,62,0,62,85
09/05/2015,HUT,KS,ACE,CE,Federal Contract Tower,0,0,11,0,11,0,0,21,0,21,0,0,32,0,32,16,0,16,48
09/06/2015,HUT,KS,ACE,CE,Federal Contract Tower,0,0,1,0,1,0,0,15,0,15,0,0,16,0,16,20,0,20,36
09/07/2015,HUT,KS,ACE,CE,Federal Contract Tower,0,1,3,0,4,0,2,8,0,10,0,3,11,0,14,2,0,2,16
09/08/2015,HUT,KS,ACE,CE,Federal Contract Tower,0,0,7,0,7,0,0,10,0,10,0,0,17,0,17,30,0,30,47
09/09/2015,HUT,KS,ACE,CE,Federal Contract Tower,0,1,12,34,47,0,1,17,2,20,0,2,29,36,67,32,22,54,121
09/10/2015,HUT,KS,ACE,CE,Federal Contract Tower,0,5,8,20,33,0,2,55,0,57,0,7,63,20,90,46,16,62,152
09/11/2015,HUT,KS,ACE,CE,Federal Contract Tower,0,2,14,11,27,0,4,5,2,11,0,6,19,13,38,42,26,68,106
09/12/2015,HUT,KS,ACE,CE,Federal Contract Tower,0,0,10,0,10,0,0,29,0,29,0,0,39,0,39,36,0,36,75
09/13/2015,HUT,KS,ACE,CE,Federal Contract Tower,0,0,1,2,3,0,0,17,0,17,0,0,18,2,20,14,0,14,34
09/14/2015,HUT,KS,ACE,CE,Federal Contract Tower,0,1,4,26,31,0,8,10,4,22,0,9,14,30,53,40,60,100,153
09/15/2015,HUT,KS,ACE,CE,Federal Contract Tower,0,2,6,12,20,0,3,17,0,20,0,5,23,12,40,48,30,78,118
09/16/2015,HUT,KS,ACE,CE,Federal Contract Tower,0,6,11,8,25,0,9,39,0,48,0,15,50,8,73,50,10,60,133
09/17/2015,HUT,KS,ACE,CE,Federal Contract Tower,0,3,10,4,17,0,0,43,0,43,0,3,53,4,60,16,12,28,88
09/18/2015,HUT,KS,ACE,CE,Federal Contract Tower,0,0,14,0,14,0,4,26,0,30,0,4,40,0,44,34,2,36,80
09/19/2015,HUT,KS,ACE,CE,Federal Contract Tower,0,0,9,0,9,0,0,54,0,54,0,0,63,0,63,84,0,84,147
09/20/2015,HUT,KS,ACE,CE,Federal Contract Tower,0,0,10,4,14,0,0,36,0,36,0,0,46,4,50,36,10,46,96
09/21/2015,HUT,KS,ACE,CE,Federal Contract Tower,0,8,5,4,17,0,2,17,0,19,0,10,22,4,36,58,4,62,98
09/22/2015,HUT,KS,ACE,CE,Federal Contract Tower,0,0,8,13,21,0,1,31,5,37,0,1,39,18,58,70,24,94,152
09/23/2015,HUT,KS,ACE,CE,Federal Contract Tower,0,1,6,14,21,0,5,5,0,10,0,6,11,14,31,24,4,28,59
09/24/2015,HUT,KS,ACE,CE,Federal Contract Tower,0,0,9,22,31,0,3,20,0,23,0,3,29,22,54,40,0,40,94
09/25/2015,HUT,KS,ACE,CE,Federal Contract Tower,0,0,9,7,16,0,1,38,0,39,0,1,47,7,55,50,8,58,113
09/26/2015,HUT,KS,ACE,CE,Federal Contract Tower,0,1,9,0,10,0,20,0,0,20,0,21,9,0,30,16,0,16,46
09/27/2015,HUT,KS,ACE,CE,Federal Contract Tower,0,1,9,0,10,0,0,9,0,9,0,1,18,0,19,6,0,6,25
09/28/2015,HUT,KS,ACE,CE,Federal Contract Tower,0,2,4,1,7,0,3,12,1,16,0,5,16,2,23,36,8,44,67
09/29/2015,HUT,KS,ACE,CE,Federal Contract Tower,0,0,8,0,8,0,2,16,0,18,0,2,24,0,26,48,4,52,78
09/30/2015,HUT,KS,ACE,CE,Federal Contract Tower,0,2,12,0,14,0,2,22,0,24,0,4,34,0,38,34,0,34,72
10/01/2015,HUT,KS,ACE,CE,Federal Contract Tower,0,2,2,4,8,0,4,51,0,55,0,6,53,4,63,26,0,26,89
10/02/2015,HUT,KS,ACE,CE,Federal Contract Tower,0,2,11,16,29,0,2,27,4,33,0,4,38,20,62,40,16,56,118
10/03/2015,HUT,KS,ACE,CE,Federal Contract Tower,0,2,5,0,7,0,2,13,4,19,0,4,18,4,26,42,8,50,76
10/04/2015,HUT,KS,ACE,CE,Federal Contract Tower,0,2,7,0,9,0,0,21,0,21,0,2,28,0,30,28,0,28,58
10/05/2015,HUT,KS,ACE,CE,Federal Contract Tower,0,0,8,13,21,0,0,5,1,6,0,0,13,14,27,8,26,34,61
10/06/2015,HUT,KS,ACE,CE,Federal Contract Tower,0,1,5,22,28,0,0,27,2,29,0,1,32,24,57,70,54,124,181
10/07/2015,HUT,KS,ACE,CE,Federal Contract Tower,0,4,9,12,25,0,10,34,6,50,0,14,43,18,75,42,0,42,117
10/08/2015,HUT,KS,ACE,CE,Federal Contract Tower,0,5,10,12,27,0,0,52,0,52,0,5,62,12,79,66,0,66,145
10/09/2015,HUT,KS,ACE,CE,Federal Contract Tower,0,5,16,7,28,0,3,14,0,17,0,8,30,7,45,50,16,66,111
10/10/2015,HUT,KS,ACE,CE,Federal Contract Tower,0,5,3,0,8,0,6,31,0,37,0,11,34,0,45,64,0,64,109
10/11/2015,HUT,KS,ACE,CE,Federal Contract Tower,0,1,5,6,12,0,2,40,0,42,0,3,45,6,54,60,4,64,118
10/12/2015,HUT,KS,ACE,CE,Federal Contract Tower,0,0,7,0,7,0,0,13,0,13,0,0,20,0,20,28,0,28,48
10/13/2015,HUT,KS,ACE,CE,Federal Contract Tower,0,0,13,18,31,0,4,27,0,31,0,4,40,18,62,82,22,104,166
10/14/2015,HUT,KS,ACE,CE,Federal Contract Tower,0,6,12,30,48,0,0,29,0,29,0,6,41,30,77,72,52,124,201
10/15/2015,HUT,KS,ACE,CE,Federal Contract Tower,0,2,2,7,11,0,0,27,0,27,0,2,29,7,38,62,14,76,114
10/16/2015,HUT,KS,ACE,CE,Federal Contract Tower,0,0,26,10,36,0,0,26,1,27,0,0,52,11,63,40,22,62,125
10/17/2015,HUT,KS,ACE,CE,Federal Contract Tower,0,1,8,0,9,0,7,38,4,49,0,8,46,4,58,56,0,56,114
10/18/2015,HUT,KS,ACE,CE,Federal Contract Tower,0,0,6,0,6,0,0,18,0,18,0,0,24,0,24,18,0,18,42
10/19/2015,HUT,KS,ACE,CE,Federal Contract Tower,0,0,5,0,5,0,2,20,8,30,0,2,25,8,35,30,20,50,85
10/20/2015,HUT,KS,ACE,CE,Federal Contract Tower,0,4,7,9,20,0,10,29,1,40,0,14,36,10,60,50,18,68,128
10/21/2015,HUT,KS,ACE,CE,Federal Contract Tower,0,4,8,10,22,0,9,26,4,39,0,13,34,14,61,50,22,72,133
10/22/2015,HUT,KS,ACE,CE,Federal Contract Tower,0,2,4,3,9,0,0,2,0,2,0,2,6,3,11,16,6,22,33
10/23/2015,HUT,KS,ACE,CE,Federal Contract Tower,0,0,14,2,16,0,5,4,0,9,0,5,18,2,25,34,12,46,71
10/24/2015,HUT,KS,ACE,CE,Federal Contract Tower,0,3,12,0,15,0,0,29,0,29,0,3,41,0,44,40,0,40,84
10/25/2015,HUT,KS,ACE,CE,Federal Contract Tower,0,3,7,0,10,0,8,30,0,38,0,11,37,0,48,68,0,68,116
10/26/2015,HUT,KS,ACE,CE,Federal Contract Tower,0,0,10,10,20,0,6,56,12,74,0,6,66,22,94,72,28,100,194
10/27/2015,HUT,KS,ACE,CE,Federal Contract Tower,0,3,10,4,17,0,4,28,4,36,0,7,38,8,53,76,12,88,141
10/28/2015,HUT,KS,ACE,CE,Federal Contract Tower,0,4,11,2,17,0,0,30,0,30,0,4,41,2,47,66,4,70,117
10/29/2015,HUT,KS,ACE,CE,Federal Contract Tower,0,2,6,11,19,0,2,36,2,40,0,4,42,13,59,24,30,54,113
10/30/2015,HUT,KS,ACE,CE,Federal Contract Tower,0,2,19,2,23,0,0,8,0,8,0,2,27,2,31,52,0,52,83
10/31/2015,HUT,KS,ACE,CE,Federal Contract Tower,0,3,10,3,16,0,2,12,1,15,0,5,22,4,31,26,2,28,59
11/01/2015,HUT,KS,ACE,CE,Federal Contract Tower,0,1,10,10,21,0,2,35,0,37,0,3,45,10,58,44,0,44,102
11/02/2015,HUT,KS,ACE,CE,Federal Contract Tower,0,0,4,8,12,0,17,22,2,41,0,17,26,10,53,50,20,70,123
11/03/2015,HUT,KS,ACE,CE,Federal Contract Tower,0,6,2,38,46,0,0,13,2,15,0,6,15,40,61,40,72,112,173
11/04/2015,HUT,KS,ACE,CE,Federal Contract Tower,0,2,26,2,30,0,1,2,2,5,0,3,28,4,35,24,0,24,59
11/05/2015,HUT,KS,ACE,CE,Federal Contract Tower,0,1,5,24,30,0,0,34,10,44,0,1,39,34,74,68,28,96,170
11/06/2015,HUT,KS,ACE,CE,Federal Contract Tower,0,0,14,10,24,0,9,22,0,31,0,9,36,10,55,62,18,80,135
11/07/2015,HUT,KS,ACE,CE,Federal Contract Tower,0,1,9,0,10,0,8,41,0,49,0,9,50,0,59,86,0,86,145
11/08/2015,HUT,KS,ACE,CE,Federal Contract Tower,0,0,5,2,7,0,2,13,2,17,0,2,18,4,24,16,4,20,44
11/09/2015,HUT,KS,ACE,CE,Federal Contract Tower,0,0,7,10,17,0,6,10,16,32,0,6,17,26,49,28,62,90,139
11/10/2015,HUT,KS,ACE,CE,Federal Contract Tower,0,2,15,9,26,0,4,19,15,38,0,6,34,24,64,30,74,104,168
11/11/2015,HUT,KS,ACE,CE,Federal Contract Tower,0,0,3,0,3,0,6,5,0,11,0,6,8,0,14,8,0,8,22
11/12/2015,HUT,KS,ACE,CE,Federal Contract Tower,0,3,6,8,17,0,11,27,2,40,0,14,33,10,57,52,14,66,123
11/13/2015,HUT,KS,ACE,CE,Federal Contract Tower,0,1,9,5,15,0,0,30,2,32,0,1,39,7,47,84,4,88,135
11/14/2015,HUT,KS,ACE,CE,Federal Contract Tower,0,4,4,0,8,0,0,20,0,20,0,4,24,0,28,30,0,30,58
11/15/2015,HUT,KS,ACE,CE,Federal Contract Tower,0,1,15,4,20,0,0,2,0,2,0,1,17,4,22,0,0,0,22
11/16/2015,HUT,KS,ACE,CE,Federal Contract Tower,0,3,2,0,5,0,0,0,0,0,0,3,2,0,5,10,0,10,15
11/17/2015,HUT,KS,ACE,CE,Federal Contract Tower,0,0,6,16,22,0,5,13,0,18,0,5,19,16,40,32,24,56,96
11/18/2015,HUT,KS,ACE,CE,Federal Contract Tower,0,0,14,6,20,0,2,29,0,31,0,2,43,6,51,60,2,62,113
11/19/2015,HUT,KS,ACE,CE,Federal Contract Tower,0,0,3,0,3,0,0,43,0,43,0,0,46,0,46,54,0,54,100
11/20/2015,HUT,KS,ACE,CE,Federal Contract Tower,0,2,17,8,27,0,2,18,0,20,0,4,35,8,47,26,14,40,87
11/21/2015,HUT,KS,ACE,CE,Federal Contract Tower,0,0,1,2,3,0,4,29,0,33,0,4,30,2,36,80,2,82,118
11/22/2015,HUT,KS,ACE,CE,Federal Contract Tower,0,3,9,0,12,0,2,15,0,17,0,5,24,0,29,16,0,16,45
11/23/2015,HUT,KS,ACE,CE,Federal Contract Tower,0,0,6,11,17,0,0,50,1,51,0,0,56,12,68,86,12,98,166
11/24/2015,HUT,KS,ACE,CE,Federal Contract Tower,0,4,8,6,18,0,6,17,2,25,0,10,25,8,43,78,4,82,125
11/25/2015,HUT,KS,ACE,CE,Federal Contract Tower,0,0,15,4,19,0,3,0,0,3,0,3,15,4,22,12,8,20,42
11/26/2015,HUT,KS,ACE,CE,Federal Contract Tower,0,0,0,0,0,0,0,0,0,0,0,0,0,0,0,0,0,0,0
11/27/2015,HUT,KS,ACE,CE,Federal Contract Tower,0,0,2,0,2,0,0,0,0,0,0,0,2,0,2,6,0,6,8
11/28/2015,HUT,KS,ACE,CE,Federal Contract Tower,0,2,0,0,2,0,0,0,0,0,0,2,0,0,2,14,0,14,16
11/29/2015,HUT,KS,ACE,CE,Federal Contract Tower,0,0,2,0,2,0,0,0,0,0,0,0,2,0,2,0,0,0,2
11/30/2015,HUT,KS,ACE,CE,Federal Contract Tower,0,2,8,4,14,0,4,3,0,7,0,6,11,4,21,14,0,14,35
12/01/2015,HUT,KS,ACE,CE,Federal Contract Tower,0,0,9,10,19,0,5,31,0,36,0,5,40,10,55,90,20,110,165
12/02/2015,HUT,KS,ACE,CE,Federal Contract Tower,0,1,14,8,23,0,4,36,2,42,0,5,50,10,65,128,6,134,199
12/03/2015,HUT,KS,ACE,CE,Federal Contract Tower,0,1,6,0,7,0,0,58,0,58,0,1,64,0,65,88,0,88,153
12/04/2015,HUT,KS,ACE,CE,Federal Contract Tower,0,1,5,1,7,0,37,20,0,57,0,38,25,1,64,108,8,116,180
12/05/2015,HUT,KS,ACE,CE,Federal Contract Tower,0,2,4,0,6,0,0,9,0,9,0,2,13,0,15,12,0,12,27
12/06/2015,HUT,KS,ACE,CE,Federal Contract Tower,0,0,8,0,8,0,2,20,0,22,0,2,28,0,30,14,0,14,44
12/07/2015,HUT,KS,ACE,CE,Federal Contract Tower,0,0,5,24,29,0,6,23,2,31,0,6,28,26,60,64,38,102,162
12/08/2015,HUT,KS,ACE,CE,Federal Contract Tower,0,0,6,16,22,0,0,23,0,23,0,0,29,16,45,58,14,72,117
12/09/2015,HUT,KS,ACE,CE,Federal Contract Tower,0,3,11,6,20,0,2,37,0,39,0,5,48,6,59,130,0,130,189
12/11/2015,HUT,KS,ACE,CE,Federal Contract Tower,0,1,10,14,25,0,10,33,0,43,0,11,43,14,68,30,8,38,106
12/12/2015,HUT,KS,ACE,CE,Federal Contract Tower,0,5,4,0,9,0,0,0,0,0,0,5,4,0,9,0,0,0,9
12/13/2015,HUT,KS,ACE,CE,Federal Contract Tower,0,4,4,0,8,0,0,0,0,0,0,4,4,0,8,0,0,0,8
12/14/2015,HUT,KS,ACE,CE,Federal Contract Tower,0,3,15,0,18,0,2,11,6,19,0,5,26,6,37,22,0,22,59
12/15/2015,HUT,KS,ACE,CE,Federal Contract Tower,0,0,4,0,4,0,6,26,2,34,0,6,30,2,38,64,0,64,102
12/16/2015,HUT,KS,ACE,CE,Federal Contract Tower,0,0,4,3,7,0,0,12,1,13,0,0,16,4,20,60,14,74,94
12/17/2015,HUT,KS,ACE,CE,Federal Contract Tower,0,0,0,6,6,0,0,17,0,17,0,0,17,6,23,94,8,102,125
12/18/2015,HUT,KS,ACE,CE,Federal Contract Tower,0,4,13,1,18,0,0,31,0,31,0,4,44,1,49,62,4,66,115
12/19/2015,HUT,KS,ACE,CE,Federal Contract Tower,0,1,4,0,5,0,2,23,0,25,0,3,27,0,30,36,0,36,66
12/20/2015,HUT,KS,ACE,CE,Federal Contract Tower,0,2,3,0,5,0,0,3,0,3,0,2,6,0,8,0,0,0,8
12/21/2015,HUT,KS,ACE,CE,Federal Contract Tower,0,0,7,4,11,0,0,75,2,77,0,0,82,6,88,42,20,62,150
12/22/2015,HUT,KS,ACE,CE,Federal Contract Tower,0,0,4,8,12,0,4,17,0,21,0,4,21,8,33,48,24,72,105
12/23/2015,HUT,KS,ACE,CE,Federal Contract Tower,0,1,6,0,7,0,4,8,0,12,0,5,14,0,19,36,0,36,55
12/24/2015,HUT,KS,ACE,CE,Federal Contract Tower,0,0,3,0,3,0,2,45,0,47,0,2,48,0,50,10,0,10,60
12/25/2015,HUT,KS,ACE,CE,Federal Contract Tower,0,0,0,0,0,0,0,2,0,2,0,0,2,0,2,0,0,0,2
12/26/2015,HUT,KS,ACE,CE,Federal Contract Tower,0,0,6,0,6,0,0,0,0,0,0,0,6,0,6,0,0,0,6
12/27/2015,HUT,KS,ACE,CE,Federal Contract Tower,0,0,0,0,0,0,0,0,0,0,0,0,0,0,0,0,0,0,0
12/28/2015,HUT,KS,ACE,CE,Federal Contract Tower,0,2,0,0,2,0,0,0,0,0,0,2,0,0,2,0,0,0,2
12/29/2015,HUT,KS,ACE,CE,Federal Contract Tower,0,2,3,0,5,0,4,2,0,6,0,6,5,0,11,8,0,8,19
12/30/2015,HUT,KS,ACE,CE,Federal Contract Tower,0,0,9,0,9,0,2,0,0,2,0,2,9,0,11,16,0,16,27
12/31/2015,HUT,KS,ACE,CE,Federal Contract Tower,0,0,2,0,2,0,6,25,0,31,0,6,27,0,33,12,0,12,45
01/01/2016,HUT,KS,ACE,CE,Federal Contract Tower,0,0,0,0,0,0,0,21,0,21,0,0,21,0,21,6,0,6,27
01/02/2016,HUT,KS,ACE,CE,Federal Contract Tower,0,0,3,0,3,0,0,15,0,15,0,0,18,0,18,28,0,28,46
01/03/2016,HUT,KS,ACE,CE,Federal Contract Tower,0,0,5,0,5,0,0,23,0,23,0,0,28,0,28,8,0,8,36
01/04/2016,HUT,KS,ACE,CE,Federal Contract Tower,0,0,7,0,7,0,0,2,0,2,0,0,9,0,9,4,0,4,13
01/05/2016,HUT,KS,ACE,CE,Federal Contract Tower,0,0,4,10,14,0,1,22,0,23,0,1,26,10,37,24,30,54,91
01/06/2016,HUT,KS,ACE,CE,Federal Contract Tower,0,0,2,0,2,0,0,2,0,2,0,0,4,0,4,10,0,10,14
01/07/2016,HUT,KS,ACE,CE,Federal Contract Tower,0,0,11,0,11,0,0,0,0,0,0,0,11,0,11,8,0,8,19
01/08/2016,HUT,KS,ACE,CE,Federal Contract Tower,0,1,9,0,10,0,0,3,0,3,0,1,12,0,13,20,0,20,33
01/09/2016,HUT,KS,ACE,CE,Federal Contract Tower,0,2,4,0,6,0,4,4,0,8,0,6,8,0,14,38,0,38,52
01/10/2016,HUT,KS,ACE,CE,Federal Contract Tower,0,0,4,0,4,0,0,12,0,12,0,0,16,0,16,8,0,8,24
01/11/2016,HUT,KS,ACE,CE,Federal Contract Tower,0,2,4,5,11,0,0,18,0,18,0,2,22,5,29,68,10,78,107
01/12/2016,HUT,KS,ACE,CE,Federal Contract Tower,0,0,5,3,8,0,3,23,0,26,0,3,28,3,34,46,10,56,90
01/13/2016,HUT,KS,ACE,CE,Federal Contract Tower,0,0,5,0,5,0,11,61,2,74,0,11,66,2,79,46,4,50,129
01/14/2016,HUT,KS,ACE,CE,Federal Contract Tower,0,0,2,8,10,0,1,18,0,19,0,1,20,8,29,62,0,62,91
01/15/2016,HUT,KS,ACE,CE,Federal Contract Tower,0,0,7,8,15,0,0,20,2,22,0,0,27,10,37,48,10,58,95
01/16/2016,HUT,KS,ACE,CE,Federal Contract Tower,0,1,3,0,4,0,1,10,0,11,0,2,13,0,15,48,0,48,63
01/17/2016,HUT,KS,ACE,CE,Federal Contract Tower,0,3,3,0,6,0,0,10,0,10,0,3,13,0,16,2,0,2,18
01/18/2016,HUT,KS,ACE,CE,Federal Contract Tower,0,0,7,0,7,0,7,19,0,26,0,7,26,0,33,40,0,40,73
01/19/2016,HUT,KS,ACE,CE,Federal Contract Tower,0,0,3,0,3,0,0,0,0,0,0,0,3,0,3,6,0,6,9
01/20/2016,HUT,KS,ACE,CE,Federal Contract Tower,0,2,6,0,8,0,0,2,0,2,0,2,8,0,10,8,0,8,18
01/21/2016,HUT,KS,ACE,CE,Federal Contract Tower,0,1,2,0,3,0,0,0,0,0,0,1,2,0,3,4,0,4,7
01/22/2016,HUT,KS,ACE,CE,Federal Contract Tower,0,0,9,2,11,0,0,2,0,2,0,0,11,2,13,8,0,8,21
01/23/2016,HUT,KS,ACE,CE,Federal Contract Tower,0,0,1,0,1,0,0,4,2,6,0,0,5,2,7,8,0,8,15
01/24/2016,HUT,KS,ACE,CE,Federal Contract Tower,0,0,2,0,2,0,0,6,0,6,0,0,8,0,8,22,0,22,30
01/25/2016,HUT,KS,ACE,CE,Federal Contract Tower,0,5,6,0,11,0,1,0,0,1,0,6,6,0,12,12,0,12,24
01/26/2016,HUT,KS,ACE,CE,Federal Contract Tower,0,0,4,4,8,0,4,28,0,32,0,4,32,4,40,70,14,84,124
01/27/2016,HUT,KS,ACE,CE,Federal Contract Tower,0,2,12,4,18,0,0,19,0,19,0,2,31,4,37,54,10,64,101
01/28/2016,HUT,KS,ACE,CE,Federal Contract Tower,0,1,10,3,14,0,4,47,2,53,0,5,57,5,67,56,16,72,139
01/29/2016,HUT,KS,ACE,CE,Federal Contract Tower,0,3,8,0,11,0,0,36,0,36,0,3,44,0,47,90,0,90,137
01/30/2016,HUT,KS,ACE,CE,Federal Contract Tower,0,0,3,0,3,0,0,33,0,33,0,0,36,0,36,50,0,50,86
01/31/2016,HUT,KS,ACE,CE,Federal Contract Tower,0,0,7,0,7,0,0,13,0,13,0,0,20,0,20,22,0,22,42
02/01/2016,HUT,KS,ACE,CE,Federal Contract Tower,0,0,3,8,11,0,1,3,0,4,0,1,6,8,15,8,24,32,47
02/02/2016,HUT,KS,ACE,CE,Federal Contract Tower,0,1,12,0,13,0,0,0,0,0,0,1,12,0,13,12,0,12,25
02/03/2016,HUT,KS,ACE,CE,Federal Contract Tower,0,0,13,15,28,0,0,10,1,11,0,0,23,16,39,28,36,64,103
02/04/2016,HUT,KS,ACE,CE,Federal Contract Tower,0,0,9,10,19,0,16,93,0,109,0,16,102,10,128,62,6,68,196
02/05/2016,HUT,KS,ACE,CE,Federal Contract Tower,0,0,6,9,15,0,0,11,2,13,0,0,17,11,28,60,8,68,96
02/06/2016,HUT,KS,ACE,CE,Federal Contract Tower,0,1,3,0,4,0,0,20,0,20,0,1,23,0,24,46,0,46,70
02/07/2016,HUT,KS,ACE,CE,Federal Contract Tower,0,1,4,0,5,0,0,3,1,4,0,1,7,1,9,0,0,0,9
02/08/2016,HUT,KS,ACE,CE,Federal Contract Tower,0,1,2,6,9,0,1,5,2,8,0,2,7,8,17,42,16,58,75
02/09/2016,HUT,KS,ACE,CE,Federal Contract Tower,0,2,13,4,19,0,6,13,0,19,0,8,26,4,38,36,10,46,84
02/10/2016,HUT,KS,ACE,CE,Federal Contract Tower,0,2,10,6,18,0,0,31,8,39,0,2,41,14,57,50,16,66,123
02/11/2016,HUT,KS,ACE,CE,Federal Contract Tower,0,5,6,1,12,0,4,41,0,45,0,9,47,1,57,46,0,46,103
02/12/2016,HUT,KS,ACE,CE,Federal Contract Tower,0,10,8,4,22,0,1,6,0,7,0,11,14,4,29,14,8,22,51
02/13/2016,HUT,KS,ACE,CE,Federal Contract Tower,0,1,4,0,5,0,0,15,8,23,0,1,19,8,28,54,0,54,82
02/14/2016,HUT,KS,ACE,CE,Federal Contract Tower,0,0,4,0,4,0,0,15,0,15,0,0,19,0,19,52,0,52,71
02/15/2016,HUT,KS,ACE,CE,Federal Contract Tower,0,2,3,0,5,0,12,38,0,50,0,14,41,0,55,34,0,34,89
02/16/2016,HUT,KS,ACE,CE,Federal Contract Tower,0,2,1,14,17,0,0,18,2,20,0,2,19,16,37,30,42,72,109
02/17/2016,HUT,KS,ACE,CE,Federal Contract Tower,0,4,9,8,21,0,4,32,2,38,0,8,41,10,59,70,8,78,137
02/18/2016,HUT,KS,ACE,CE,Federal Contract Tower,0,1,4,3,8,0,0,9,2,11,0,1,13,5,19,12,6,18,37
02/19/2016,HUT,KS,ACE,CE,Federal Contract Tower,0,1,6,8,15,0,0,14,0,14,0,1,20,8,29,38,18,56,85
02/20/2016,HUT,KS,ACE,CE,Federal Contract Tower,0,6,8,0,14,0,2,18,3,23,0,8,26,3,37,38,6,44,81
02/21/2016,HUT,KS,ACE,CE,Federal Contract Tower,0,2,3,0,5,0,2,23,0,25,0,4,26,0,30,28,0,28,58
02/22/2016,HUT,KS,ACE,CE,Federal Contract Tower,0,3,9,14,26,0,16,46,22,84,0,19,55,36,110,80,2,82,192
02/23/2016,HUT,KS,ACE,CE,Federal Contract Tower,0,4,14,20,38,0,2,18,2,22,0,6,32,22,60,48,46,94,154
02/24/2016,HUT,KS,ACE,CE,Federal Contract Tower,0,1,12,4,17,0,5,17,0,22,0,6,29,4,39,28,8,36,75
02/25/2016,HUT,KS,ACE,CE,Federal Contract Tower,0,3,4,5,12,0,6,8,2,16,0,9,12,7,28,8,22,30,58
02/26/2016,HUT,KS,ACE,CE,Federal Contract Tower,0,0,14,6,20,0,13,18,0,31,0,13,32,6,51,48,18,66,117
02/27/2016,HUT,KS,ACE,CE,Federal Contract Tower,0,0,3,0,3,0,3,23,0,26,0,3,26,0,29,30,0,30,59
02/28/2016,HUT,KS,ACE,CE,Federal Contract Tower,0,0,3,0,3,0,2,23,0,25,0,2,26,0,28,34,0,34,62
02/29/2016,HUT,KS,ACE,CE,Federal Contract Tower,0,0,8,12,20,0,9,11,2,22,0,9,19,14,42,28,26,54,96
03/01/2016,HUT,KS,ACE,CE,Federal Contract Tower,0,0,9,4,13,0,2,19,0,21,0,2,28,4,34,54,14,68,102
03/02/2016,HUT,KS,ACE,CE,Federal Contract Tower,0,0,6,4,10,0,2,20,0,22,0,2,26,4,32,48,10,58,90
03/03/2016,HUT,KS,ACE,CE,Federal Contract Tower,0,0,4,3,7,0,0,16,0,16,0,0,20,3,23,18,12,30,53
03/04/2016,HUT,KS,ACE,CE,Federal Contract Tower,0,0,9,7,16,0,0,20,0,20,0,0,29,7,36,50,14,64,100
03/05/2016,HUT,KS,ACE,CE,Federal Contract Tower,0,0,11,2,13,0,2,35,0,37,0,2,46,2,50,100,2,102,152
03/06/2016,HUT,KS,ACE,CE,Federal Contract Tower,0,0,7,2,9,0,0,14,0,14,0,0,21,2,23,18,2,20,43
03/07/2016,HUT,KS,ACE,CE,Federal Contract Tower,0,3,7,4,14,0,2,4,0,6,0,5,11,4,20,22,8,30,50
03/08/2016,HUT,KS,ACE,CE,Federal Contract Tower,0,0,4,2,6,0,0,26,0,26,0,0,30,2,32,64,2,66,98
03/09/2016,HUT,KS,ACE,CE,Federal Contract Tower,0,3,10,26,39,0,3,21,6,30,0,6,31,32,69,34,26,60,129
03/10/2016,HUT,KS,ACE,CE,Federal Contract Tower,0,0,4,15,19,0,0,46,4,50,0,0,50,19,69,69,8,77,146
03/11/2016,HUT,KS,ACE,CE,Federal Contract Tower,0,0,14,13,27,0,15,23,1,39,0,15,37,14,66,32,32,64,130
03/12/2016,HUT,KS,ACE,CE,Federal Contract Tower,0,0,5,0,5,0,1,1,0,2,0,1,6,0,7,0,0,0,7
03/13/2016,HUT,KS,ACE,CE,Federal Contract Tower,0,0,5,0,5,0,0,2,0,2,0,0,7,0,7,0,0,0,7
03/14/2016,HUT,KS,ACE,CE,Federal Contract Tower,0,0,8,0,8,0,6,40,0,46,0,6,48,0,54,102,0,102,156
03/15/2016,HUT,KS,ACE,CE,Federal Contract Tower,0,4,3,4,11,0,0,12,0,12,0,4,15,4,23,32,4,36,59
03/16/2016,HUT,KS,ACE,CE,Federal Contract Tower,0,3,2,20,25,0,0,18,2,20,0,3,20,22,45,54,14,68,113
03/17/2016,HUT,KS,ACE,CE,Federal Contract Tower,0,0,6,9,15,0,0,80,2,82,0,0,86,11,97,54,10,64,161
03/18/2016,HUT,KS,ACE,CE,Federal Contract Tower,0,2,10,0,12,0,1,1,2,4,0,3,11,2,16,16,0,16,32
03/19/2016,HUT,KS,ACE,CE,Federal Contract Tower,0,1,2,0,3,0,0,23,6,29,0,1,25,6,32,28,6,34,66
03/20/2016,HUT,KS,ACE,CE,Federal Contract Tower,0,3,6,0,9,0,1,18,0,19,0,4,24,0,28,20,0,20,48
03/21/2016,HUT,KS,ACE,CE,Federal Contract Tower,0,5,10,4,19,0,6,8,0,14,0,11,18,4,33,44,14,58,91
03/22/2016,HUT,KS,ACE,CE,Federal Contract Tower,0,2,9,18,29,0,13,13,2,28,0,15,22,20,57,56,32,88,145
03/23/2016,HUT,KS,ACE,CE,Federal Contract Tower,0,1,6,2,9,0,2,2,0,4,0,3,8,2,13,18,12,30,43
03/24/2016,HUT,KS,ACE,CE,Federal Contract Tower,0,1,7,0,8,0,2,13,0,15,0,3,20,0,23,14,0,14,37
03/25/2016,HUT,KS,ACE,CE,Federal Contract Tower,0,2,7,5,14,0,1,18,0,19,0,3,25,5,33,66,22,88,121
03/26/2016,HUT,KS,ACE,CE,Federal Contract Tower,0,1,8,0,9,0,0,14,0,14,0,1,22,0,23,22,0,22,45
03/27/2016,HUT,KS,ACE,CE,Federal Contract Tower,0,1,1,0,2,0,2,5,0,7,0,3,6,0,9,6,0,6,15
03/28/2016,HUT,KS,ACE,CE,Federal Contract Tower,0,2,5,6,13,0,8,18,6,32,0,10,23,12,45,78,20,98,143
03/29/2016,HUT,KS,ACE,CE,Federal Contract Tower,0,0,13,4,17,0,8,7,0,15,0,8,20,4,32,34,16,50,82
03/30/2016,HUT,KS,ACE,CE,Federal Contract Tower,0,3,4,6,13,0,22,9,0,31,0,25,13,6,44,86,4,90,134
03/31/2016,HUT,KS,ACE,CE,Federal Contract Tower,0,2,12,6,20,0,0,50,0,50,0,2,62,6,70,42,0,42,112
04/01/2016,HUT,KS,ACE,CE,Federal Contract Tower,0,1,6,24,31,0,2,32,2,36,0,3,38,26,67,22,6,28,95
04/02/2016,HUT,KS,ACE,CE,Federal Contract Tower,0,2,4,0,6,0,2,29,0,31,0,4,33,0,37,104,0,104,141
04/03/2016,HUT,KS,ACE,CE,Federal Contract Tower,0,0,5,4,9,0,2,10,0,12,0,2,15,4,21,0,2,2,23
04/04/2016,HUT,KS,ACE,CE,Federal Contract Tower,0,4,9,7,20,0,0,27,3,30,0,4,36,10,50,46,16,62,112
04/05/2016,HUT,KS,ACE,CE,Federal Contract Tower,0,1,16,18,35,0,1,3,3,7,0,2,19,21,42,20,30,50,92
04/06/2016,HUT,KS,ACE,CE,Federal Contract Tower,0,0,7,11,18,0,2,45,3,50,0,2,52,14,68,38,0,38,106
04/07/2016,HUT,KS,ACE,CE,Federal Contract Tower,0,2,13,6,21,0,2,18,7,27,0,4,31,13,48,32,18,50,98
04/08/2016,HUT,KS,ACE,CE,Federal Contract Tower,0,0,12,8,20,0,8,16,1,25,0,8,28,9,45,114,8,122,167
04/09/2016,HUT,KS,ACE,CE,Federal Contract Tower,0,0,7,0,7,0,14,21,3,38,0,14,28,3,45,44,6,50,95
04/10/2016,HUT,KS,ACE,CE,Federal Contract Tower,0,0,11,0,11,0,0,5,0,5,0,0,16,0,16,50,0,50,66
04/11/2016,HUT,KS,ACE,CE,Federal Contract Tower,0,0,2,8,10,0,6,8,6,20,0,6,10,14,30,44,14,58,88
04/12/2016,HUT,KS,ACE,CE,Federal Contract Tower,0,0,6,14,20,0,7,28,0,35,0,7,34,14,55,82,30,112,167
04/13/2016,HUT,KS,ACE,CE,Federal Contract Tower,0,5,9,15,29,0,11,30,1,42,0,16,39,16,71,28,12,40,111
04/14/2016,HUT,KS,ACE,CE,Federal Contract Tower,0,2,9,27,38,0,0,25,1,26,0,2,34,28,64,44,18,62,126
04/15/2016,HUT,KS,ACE,CE,Federal Contract Tower,0,1,11,7,19,0,8,7,0,15,0,9,18,7,34,8,8,16,50
04/16/2016,HUT,KS,ACE,CE,Federal Contract Tower,0,0,4,0,4,0,0,1,0,1,0,0,5,0,5,0,0,0,5
04/17/2016,HUT,KS,ACE,CE,Federal Contract Tower,0,0,2,0,2,0,0,0,0,0,0,0,2,0,2,0,0,0,2
04/18/2016,HUT,KS,ACE,CE,Federal Contract Tower,0,8,27,8,43,0,1,10,2,13,0,9,37,10,56,42,26,68,124
04/19/2016,HUT,KS,ACE,CE,Federal Contract Tower,0,3,4,6,13,0,6,15,0,21,0,9,19,6,34,52,8,60,94
04/20/2016,HUT,KS,ACE,CE,Federal Contract Tower,0,4,6,8,18,0,4,7,0,11,0,8,13,8,29,84,16,100,129
04/21/2016,HUT,KS,ACE,CE,Federal Contract Tower,0,0,8,10,18,0,9,59,0,68,0,9,67,10,86,42,0,42,128
04/22/2016,HUT,KS,ACE,CE,Federal Contract Tower,0,2,8,13,23,0,0,60,6,66,0,2,68,19,89,36,16,52,141
04/23/2016,HUT,KS,ACE,CE,Federal Contract Tower,0,0,13,0,13,0,31,34,0,65,0,31,47,0,78,90,0,90,168
04/24/2016,HUT,KS,ACE,CE,Federal Contract Tower,0,0,4,0,4,0,0,3,0,3,0,0,7,0,7,0,0,0,7
04/25/2016,HUT,KS,ACE,CE,Federal Contract Tower,0,6,11,6,23,0,1,90,0,91,0,7,101,6,114,170,6,176,290
04/26/2016,HUT,KS,ACE,CE,Federal Contract Tower,0,16,12,10,38,0,2,9,0,11,0,18,21,10,49,18,36,54,103
04/27/2016,HUT,KS,ACE,CE,Federal Contract Tower,0,4,13,4,21,0,4,6,2,12,0,8,19,6,33,26,6,32,65
04/28/2016,HUT,KS,ACE,CE,Federal Contract Tower,0,1,11,2,14,0,0,108,2,110,0,1,119,4,124,58,10,68,192
04/29/2016,HUT,KS,ACE,CE,Federal Contract Tower,0,1,1,0,2,0,0,0,0,0,0,1,1,0,2,8,0,8,10
04/30/2016,HUT,KS,ACE,CE,Federal Contract Tower,0,0,12,0,12,0,2,8,0,10,0,2,20,0,22,2,0,2,24
05/01/2016,HUT,KS,ACE,CE,Federal Contract Tower,0,4,5,0,9,0,16,2,0,18,0,20,7,0,27,18,0,18,45
05/02/2016,HUT,KS,ACE,CE,Federal Contract Tower,0,8,18,10,36,0,59,72,0,131,0,67,90,10,167,96,16,112,279
05/03/2016,HUT,KS,ACE,CE,Federal Contract Tower,0,0,8,10,18,0,25,21,0,46,0,25,29,10,64,86,24,110,174
05/04/2016,HUT,KS,ACE,CE,Federal Contract Tower,0,0,3,12,15,0,0,14,0,14,0,0,17,12,29,82,18,100,129
05/05/2016,HUT,KS,ACE,CE,Federal Contract Tower,0,1,6,3,10,0,0,29,2,31,0,1,35,5,41,26,28,54,95
05/06/2016,HUT,KS,ACE,CE,Federal Contract Tower,0,1,10,21,32,0,0,20,1,21,0,1,30,22,53,40,20,60,113
05/07/2016,HUT,KS,ACE,CE,Federal Contract Tower,0,2,2,0,4,0,0,27,0,27,0,2,29,0,31,72,0,72,103
05/08/2016,HUT,KS,ACE,CE,Federal Contract Tower,0,0,2,0,2,0,2,0,0,2,0,2,2,0,4,0,0,0,4
05/09/2016,HUT,KS,ACE,CE,Federal Contract Tower,0,0,10,14,24,0,0,41,2,43,0,0,51,16,67,60,8,68,135
05/10/2016,HUT,KS,ACE,CE,Federal Contract Tower,0,4,3,20,27,0,5,27,4,36,0,9,30,24,63,72,46,118,181
05/11/2016,HUT,KS,ACE,CE,Federal Contract Tower,0,2,7,20,29,0,0,17,2,19,0,2,24,22,48,60,56,116,164
05/12/2016,HUT,KS,ACE,CE,Federal Contract Tower,0,0,10,17,27,0,4,61,16,81,0,4,71,33,108,76,16,92,200
05/13/2016,HUT,KS,ACE,CE,Federal Contract Tower,0,0,11,7,18,0,0,8,5,13,0,0,19,12,31,58,20,78,109
05/14/2016,HUT,KS,ACE,CE,Federal Contract Tower,0,0,1,0,1,0,2,18,2,22,0,2,19,2,23,66,0,66,89
05/15/2016,HUT,KS,ACE,CE,Federal Contract Tower,0,0,7,0,7,0,1,7,0,8,0,1,14,0,15,18,0,18,33
05/16/2016,HUT,KS,ACE,CE,Federal Contract Tower,0,0,8,0,8,0,0,0,0,0,0,0,8,0,8,18,0,18,26
05/17/2016,HUT,KS,ACE,CE,Federal Contract Tower,0,5,14,14,33,0,4,3,0,7,0,9,17,14,40,74,18,92,132
05/18/2016,HUT,KS,ACE,CE,Federal Contract Tower,0,3,14,22,39,0,0,39,0,39,0,3,53,22,78,72,90,162,240
05/19/2016,HUT,KS,ACE,CE,Federal Contract Tower,0,3,16,11,30,0,3,11,2,16,0,6,27,13,46,36,0,36,82
05/20/2016,HUT,KS,ACE,CE,Federal Contract Tower,0,2,32,0,34,0,1,9,0,10,0,3,41,0,44,40,0,40,84
05/21/2016,HUT,KS,ACE,CE,Federal Contract Tower,0,2,24,0,26,0,0,17,0,17,0,2,41,0,43,14,0,14,57
05/22/2016,HUT,KS,ACE,CE,Federal Contract Tower,0,3,4,0,7,0,0,9,0,9,0,3,13,0,16,18,0,18,34
05/23/2016,HUT,KS,ACE,CE,Federal Contract Tower,0,0,9,4,13,0,4,1,6,11,0,4,10,10,24,34,10,44,68
05/24/2016,HUT,KS,ACE,CE,Federal Contract Tower,0,1,5,0,6,0,9,12,0,21,0,10,17,0,27,42,0,42,69
05/25/2016,HUT,KS,ACE,CE,Federal Contract Tower,0,0,13,6,19,0,2,19,4,25,0,2,32,10,44,90,0,90,134
05/26/2016,HUT,KS,ACE,CE,Federal Contract Tower,0,1,15,0,16,0,0,28,4,32,0,1,43,4,48,22,0,22,70
05/27/2016,HUT,KS,ACE,CE,Federal Contract Tower,0,6,16,0,22,0,0,8,0,8,0,6,24,0,30,28,0,28,58
05/28/2016,HUT,KS,ACE,CE,Federal Contract Tower,0,0,3,0,3,0,0,22,0,22,0,0,25,0,25,8,0,8,33
05/29/2016,HUT,KS,ACE,CE,Federal Contract Tower,0,0,6,0,6,0,0,4,0,4,0,0,10,0,10,30,0,30,40
05/30/2016,HUT,KS,ACE,CE,Federal Contract Tower,0,0,3,0,3,0,0,14,0,14,0,0,17,0,17,18,0,18,35
05/31/2016,HUT,KS,ACE,CE,Federal Contract Tower,0,5,13,10,28,0,0,13,0,13,0,5,26,10,41,62,14,76,117
06/01/2016,HUT,KS,ACE,CE,Federal Contract Tower,0,5,12,8,25,0,0,23,2,25,0,5,35,10,50,144,16,160,210
06/02/2016,HUT,KS,ACE,CE,Federal Contract Tower,0,1,13,11,25,0,6,41,4,51,0,7,54,15,76,116,8,124,200
06/03/2016,HUT,KS,ACE,CE,Federal Contract Tower,0,1,9,21,31,0,5,16,0,21,0,6,25,21,52,50,12,62,114
06/04/2016,HUT,KS,ACE,CE,Federal Contract Tower,0,0,6,8,14,0,0,13,0,13,0,0,19,8,27,6,0,6,33
06/05/2016,HUT,KS,ACE,CE,Federal Contract Tower,0,1,6,0,7,0,1,26,0,27,0,2,32,0,34,28,0,28,62
06/06/2016,HUT,KS,ACE,CE,Federal Contract Tower,0,0,10,0,10,0,4,39,0,43,0,4,49,0,53,64,0,64,117
06/07/2016,HUT,KS,ACE,CE,Federal Contract Tower,0,0,11,4,15,0,0,53,2,55,0,0,64,6,70,130,14,144,214
06/08/2016,HUT,KS,ACE,CE,Federal Contract Tower,0,1,11,2,14,0,6,36,0,42,0,7,47,2,56,26,0,26,82
06/09/2016,HUT,KS,ACE,CE,Federal Contract Tower,0,0,2,6,8,0,0,32,0,32,0,0,34,6,40,38,0,38,78
06/10/2016,HUT,KS,ACE,CE,Federal Contract Tower,0,1,6,3,10,0,6,27,1,34,0,7,33,4,44,40,2,42,86
06/11/2016,HUT,KS,ACE,CE,Federal Contract Tower,0,0,5,4,9,0,0,46,0,46,0,0,51,4,55,22,0,22,77
06/12/2016,HUT,KS,ACE,CE,Federal Contract Tower,0,0,7,4,11,0,16,21,0,37,0,16,28,4,48,42,8,50,98
06/13/2016,HUT,KS,ACE,CE,Federal Contract Tower,0,0,8,14,22,0,3,9,2,14,0,3,17,16,36,24,26,50,86
06/14/2016,HUT,KS,ACE,CE,Federal Contract Tower,0,2,11,6,19,0,4,33,0,37,0,6,44,6,56,44,12,56,112
06/15/2016,HUT,KS,ACE,CE,Federal Contract Tower,0,0,8,0,8,0,16,15,0,31,0,16,23,0,39,70,0,70,109
06/16/2016,HUT,KS,ACE,CE,Federal Contract Tower,0,0,10,11,21,0,3,35,2,40,0,3,45,13,61,50,0,50,111
06/17/2016,HUT,KS,ACE,CE,Federal Contract Tower,0,2,6,7,15,0,4,20,0,24,0,6,26,7,39,40,10,50,89
06/18/2016,HUT,KS,ACE,CE,Federal Contract Tower,0,0,6,0,6,0,0,12,0,12,0,0,18,0,18,12,0,12,30
06/19/2016,HUT,KS,ACE,CE,Federal Contract Tower,0,2,6,2,10,0,0,16,0,16,0,2,22,2,26,28,0,28,54
06/20/2016,HUT,KS,ACE,CE,Federal Contract Tower,0,0,8,2,10,0,2,14,0,16,0,2,22,2,26,52,4,56,82
06/21/2016,HUT,KS,ACE,CE,Federal Contract Tower,0,3,8,4,15,0,34,24,0,58,0,37,32,4,73,94,6,100,173
06/22/2016,HUT,KS,ACE,CE,Federal Contract Tower,0,2,9,4,15,0,12,20,0,32,0,14,29,4,47,90,8,98,145
06/23/2016,HUT,KS,ACE,CE,Federal Contract Tower,0,0,8,0,8,0,1,3,0,4,0,1,11,0,12,16,0,16,28
06/24/2016,HUT,KS,ACE,CE,Federal Contract Tower,0,0,11,0,11,0,0,22,0,22,0,0,33,0,33,66,0,66,99
06/25/2016,HUT,KS,ACE,CE,Federal Contract Tower,0,0,7,2,9,0,0,1,2,3,0,0,8,4,12,2,6,8,20
06/26/2016,HUT,KS,ACE,CE,Federal Contract Tower,0,0,7,0,7,0,0,9,0,9,0,0,16,0,16,8,0,8,24
06/27/2016,HUT,KS,ACE,CE,Federal Contract Tower,0,1,10,4,15,0,0,29,4,33,0,1,39,8,48,70,2,72,120
06/28/2016,HUT,KS,ACE,CE,Federal Contract Tower,0,4,3,0,7,0,3,30,0,33,0,7,33,0,40,84,0,84,124
06/29/2016,HUT,KS,ACE,CE,Federal Contract Tower,0,2,5,4,11,0,2,32,4,38,0,4,37,8,49,76,8,84,133
06/30/2016,HUT,KS,ACE,CE,Federal Contract Tower,0,0,15,13,28,0,0,40,0,40,0,0,55,13,68,78,8,86,154
07/01/2016,HUT,KS,ACE,CE,Federal Contract Tower,0,0,11,0,11,0,1,11,0,12,0,1,22,0,23,18,0,18,41
07/02/2016,HUT,KS,ACE,CE,Federal Contract Tower,0,0,5,0,5,0,0,8,0,8,0,0,13,0,13,12,0,12,25
07/03/2016,HUT,KS,ACE,CE,Federal Contract Tower,0,0,11,0,11,0,0,0,0,0,0,0,11,0,11,0,0,0,11
07/04/2016,HUT,KS,ACE,CE,Federal Contract Tower,0,0,11,0,11,0,0,11,8,19,0,0,22,8,30,4,18,22,52
07/05/2016,HUT,KS,ACE,CE,Federal Contract Tower,0,0,13,0,13,0,10,31,4,45,0,10,44,4,58,88,0,88,146
07/06/2016,HUT,KS,ACE,CE,Federal Contract Tower,0,0,15,6,21,0,1,8,0,9,0,1,23,6,30,44,4,48,78
07/07/2016,HUT,KS,ACE,CE,Federal Contract Tower,0,0,16,11,27,0,0,31,2,33,0,0,47,13,60,42,4,46,106
07/08/2016,HUT,KS,ACE,CE,Federal Contract Tower,0,1,9,17,27,0,2,12,1,15,0,3,21,18,42,88,38,126,168
07/09/2016,HUT,KS,ACE,CE,Federal Contract Tower,0,0,9,1,10,0,4,26,1,31,0,4,35,2,41,52,0,52,93
07/10/2016,HUT,KS,ACE,CE,Federal Contract Tower,0,0,15,0,15,0,2,11,0,13,0,2,26,0,28,6,0,6,34
07/11/2016,HUT,KS,ACE,CE,Federal Contract Tower,0,3,19,6,28,0,2,14,2,18,0,5,33,8,46,34,12,46,92
07/12/2016,HUT,KS,ACE,CE,Federal Contract Tower,0,1,17,0,18,0,4,21,2,27,0,5,38,2,45,62,0,62,107
07/13/2016,HUT,KS,ACE,CE,Federal Contract Tower,0,1,9,2,12,0,4,25,0,29,0,5,34,2,41,74,0,74,115
07/14/2016,HUT,KS,ACE,CE,Federal Contract Tower,0,0,8,6,14,0,0,5,2,7,0,0,13,8,21,44,8,52,73
07/15/2016,HUT,KS,ACE,CE,Federal Contract Tower,0,0,10,11,21,0,4,28,4,36,0,4,38,15,57,44,22,66,123
07/16/2016,HUT,KS,ACE,CE,Federal Contract Tower,0,0,20,0,20,0,0,57,0,57,0,0,77,0,77,72,0,72,149
07/17/2016,HUT,KS,ACE,CE,Federal Contract Tower,0,2,4,0,6,0,2,41,0,43,0,4,45,0,49,6,0,6,55
07/18/2016,HUT,KS,ACE,CE,Federal Contract Tower,0,0,14,2,16,0,4,59,0,63,0,4,73,2,79,46,0,46,125
07/19/2016,HUT,KS,ACE,CE,Federal Contract Tower,0,0,8,0,8,0,1,29,0,30,0,1,37,0,38,72,0,72,110
07/20/2016,HUT,KS,ACE,CE,Federal Contract Tower,0,1,14,0,15,0,0,30,0,30,0,1,44,0,45,78,0,78,123
07/21/2016,HUT,KS,ACE,CE,Federal Contract Tower,0,6,12,0,18,0,1,42,0,43,0,7,54,0,61,80,0,80,141
07/22/2016,HUT,KS,ACE,CE,Federal Contract Tower,0,1,16,0,17,0,0,14,2,16,0,1,30,2,33,24,6,30,63
07/23/2016,HUT,KS,ACE,CE,Federal Contract Tower,0,0,2,0,2,0,0,17,0,17,0,0,19,0,19,14,0,14,33
07/24/2016,HUT,KS,ACE,CE,Federal Contract Tower,0,4,3,6,13,0,0,9,4,13,0,4,12,10,26,10,6,16,42
07/25/2016,HUT,KS,ACE,CE,Federal Contract Tower,0,0,5,0,5,0,5,35,0,40,0,5,40,0,45,70,0,70,115
07/26/2016,HUT,KS,ACE,CE,Federal Contract Tower,0,0,17,10,27,0,4,30,0,34,0,4,47,10,61,86,26,112,173
07/27/2016,HUT,KS,ACE,CE,Federal Contract Tower,0,1,23,0,24,0,0,50,0,50,0,1,73,0,74,114,0,114,188
07/28/2016,HUT,KS,ACE,CE,Federal Contract Tower,0,1,9,3,13,0,2,25,0,27,0,3,34,3,40,38,10,48,88
07/29/2016,HUT,KS,ACE,CE,Federal Contract Tower,0,0,21,14,35,0,1,22,1,24,0,1,43,15,59,60,6,66,125
07/30/2016,HUT,KS,ACE,CE,Federal Contract Tower,0,1,6,0,7,0,2,31,0,33,0,3,37,0,40,102,0,102,142
07/31/2016,HUT,KS,ACE,CE,Federal Contract Tower,0,0,4,0,4,0,2,28,0,30,0,2,32,0,34,32,0,32,66
08/01/2016,HUT,KS,ACE,CE,Federal Contract Tower,0,0,11,4,15,0,2,12,0,14,0,2,23,4,29,72,8,80,109
08/02/2016,HUT,KS,ACE,CE,Federal Contract Tower,0,0,6,2,8,0,0,24,0,24,0,0,30,2,32,92,4,96,128
08/03/2016,HUT,KS,ACE,CE,Federal Contract Tower,0,0,7,2,9,0,5,34,2,41,0,5,41,4,50,92,6,98,148
08/04/2016,HUT,KS,ACE,CE,Federal Contract Tower,0,0,7,0,7,0,4,33,0,37,0,4,40,0,44,92,0,92,136
08/05/2016,HUT,KS,ACE,CE,Federal Contract Tower,0,2,14,14,30,0,0,1,0,1,0,2,15,14,31,8,26,34,65
08/06/2016,HUT,KS,ACE,CE,Federal Contract Tower,0,0,7,0,7,0,0,1,0,1,0,0,8,0,8,0,0,0,8
08/07/2016,HUT,KS,ACE,CE,Federal Contract Tower,0,0,8,0,8,0,2,6,0,8,0,2,14,0,16,12,0,12,28
08/08/2016,HUT,KS,ACE,CE,Federal Contract Tower,0,4,11,8,23,0,5,16,8,29,0,9,27,16,52,38,22,60,112
08/09/2016,HUT,KS,ACE,CE,Federal Contract Tower,0,6,18,8,32,0,8,32,2,42,0,14,50,10,74,116,10,126,200
08/10/2016,HUT,KS,ACE,CE,Federal Contract Tower,0,2,18,2,22,0,2,25,0,27,0,4,43,2,49,98,0,98,147
08/12/2016,HUT,KS,ACE,CE,Federal Contract Tower,0,3,22,6,31,0,0,7,0,7,0,3,29,6,38,32,0,32,70
08/13/2016,HUT,KS,ACE,CE,Federal Contract Tower,0,0,5,0,5,0,2,35,0,37,0,2,40,0,42,66,2,68,110
08/14/2016,HUT,KS,ACE,CE,Federal Contract Tower,0,0,20,14,34,0,0,26,0,26,0,0,46,14,60,44,0,44,104
08/15/2016,HUT,KS,ACE,CE,Federal Contract Tower,0,6,7,8,21,0,2,32,12,46,0,8,39,20,67,110,26,136,203
08/16/2016,HUT,KS,ACE,CE,Federal Contract Tower,0,0,7,12,19,0,7,29,6,42,0,7,36,18,61,70,12,82,143
08/17/2016,HUT,KS,ACE,CE,Federal Contract Tower,0,0,9,10,19,0,0,15,0,15,0,0,24,10,34,50,68,118,152
08/18/2016,HUT,KS,ACE,CE,Federal Contract Tower,0,0,13,13,26,0,0,36,0,36,0,0,49,13,62,52,30,82,144
08/19/2016,HUT,KS,ACE,CE,Federal Contract Tower,0,3,11,10,24,0,0,23,0,23,0,3,34,10,47,36,0,36,83
08/20/2016,HUT,KS,ACE,CE,Federal Contract Tower,0,2,6,0,8,0,2,2,0,4,0,4,8,0,12,40,0,40,52
08/21/2016,HUT,KS,ACE,CE,Federal Contract Tower,0,1,6,0,7,0,2,31,0,33,0,3,37,0,40,94,0,94,134
08/22/2016,HUT,KS,ACE,CE,Federal Contract Tower,0,0,5,8,13,0,1,23,0,24,0,1,28,8,37,66,20,86,123
08/23/2016,HUT,KS,ACE,CE,Federal Contract Tower,0,3,9,6,18,0,1,14,4,19,0,4,23,10,37,44,16,60,97
08/24/2016,HUT,KS,ACE,CE,Federal Contract Tower,0,3,4,0,7,0,4,10,0,14,0,7,14,0,21,20,0,20,41
08/25/2016,HUT,KS,ACE,CE,Federal Contract Tower,0,4,11,4,19,0,4,15,0,19,0,8,26,4,38,100,8,108,146
08/26/2016,HUT,KS,ACE,CE,Federal Contract Tower,0,0,10,12,22,0,2,13,0,15,0,2,23,12,37,42,18,60,97
08/27/2016,HUT,KS,ACE,CE,Federal Contract Tower,0,0,3,0,3,0,0,21,0,21,0,0,24,0,24,60,0,60,84
08/28/2016,HUT,KS,ACE,CE,Federal Contract Tower,0,0,7,0,7,0,1,26,0,27,0,1,33,0,34,42,0,42,76
08/29/2016,HUT,KS,ACE,CE,Federal Contract Tower,0,0,4,0,4,0,1,32,0,33,0,1,36,0,37,62,0,62,99
08/30/2016,HUT,KS,ACE,CE,Federal Contract Tower,0,1,11,4,16,0,7,12,0,19,0,8,23,4,35,48,10,58,93
08/31/2016,HUT,KS,ACE,CE,Federal Contract Tower,0,3,10,6,19,0,0,5,2,7,0,3,15,8,26,8,10,18,44
09/01/2016,HUT,KS,ACE,CE,Federal Contract Tower,0,2,9,6,17,0,18,34,0,52,0,20,43,6,69,68,0,68,137
09/02/2016,HUT,KS,ACE,CE,Federal Contract Tower,0,0,10,0,10,0,8,33,0,41,0,8,43,0,51,131,0,131,182
09/03/2016,HUT,KS,ACE,CE,Federal Contract Tower,0,0,5,0,5,0,32,23,0,55,0,32,28,0,60,50,0,50,110
09/04/2016,HUT,KS,ACE,CE,Federal Contract Tower,0,0,2,0,2,0,0,9,0,9,0,0,11,0,11,38,0,38,49
09/05/2016,HUT,KS,ACE,CE,Federal Contract Tower,0,2,3,0,5,0,0,7,0,7,0,2,10,0,12,20,0,20,32
09/06/2016,HUT,KS,ACE,CE,Federal Contract Tower,0,1,9,10,20,0,4,28,0,32,0,5,37,10,52,104,20,124,176
09/07/2016,HUT,KS,ACE,CE,Federal Contract Tower,0,5,11,0,16,0,6,24,0,30,0,11,35,0,46,64,0,64,110
09/08/2016,HUT,KS,ACE,CE,Federal Contract Tower,0,3,21,4,28,0,2,14,0,16,0,5,35,4,44,40,12,52,96
09/09/2016,HUT,KS,ACE,CE,Federal Contract Tower,0,0,3,11,14,0,11,19,2,32,0,11,22,13,46,40,22,62,108
09/10/2016,HUT,KS,ACE,CE,Federal Contract Tower,0,3,2,4,9,0,6,36,0,42,0,9,38,4,51,216,0,216,267
09/11/2016,HUT,KS,ACE,CE,Federal Contract Tower,0,2,12,0,14,0,2,45,0,47,0,4,57,0,61,34,0,34,95
09/12/2016,HUT,KS,ACE,CE,Federal Contract Tower,0,0,2,7,9,0,4,22,3,29,0,4,24,10,38,48,56,104,142
09/13/2016,HUT,KS,ACE,CE,Federal Contract Tower,0,3,11,0,14,0,0,4,0,4,0,3,15,0,18,20,0,20,38
09/14/2016,HUT,KS,ACE,CE,Federal Contract Tower,0,4,15,0,19,0,0,3,2,5,0,4,18,2,24,28,0,28,52
09/15/2016,HUT,KS,ACE,CE,Federal Contract Tower,0,0,15,4,19,0,0,9,0,9,0,0,24,4,28,58,0,58,86
09/16/2016,HUT,KS,ACE,CE,Federal Contract Tower,0,2,10,0,12,0,0,4,0,4,0,2,14,0,16,14,0,14,30
09/17/2016,HUT,KS,ACE,CE,Federal Contract Tower,0,2,10,0,12,0,2,25,0,27,0,4,35,0,39,108,0,108,147
09/18/2016,HUT,KS,ACE,CE,Federal Contract Tower,0,3,6,0,9,0,3,26,8,37,0,6,32,8,46,46,0,46,92
09/19/2016,HUT,KS,ACE,CE,Federal Contract Tower,0,0,5,16,21,0,0,30,2,32,0,0,35,18,53,98,24,122,175
09/20/2016,HUT,KS,ACE,CE,Federal Contract Tower,0,0,15,3,18,0,3,32,5,40,0,3,47,8,58,190,8,198,256
09/21/2016,HUT,KS,ACE,CE,Federal Contract Tower,0,0,9,8,17,0,6,41,0,47,0,6,50,8,64,204,6,210,274
09/22/2016,HUT,KS,ACE,CE,Federal Contract Tower,0,0,13,19,32,0,0,11,3,14,0,0,24,22,46,34,2,36,82
09/23/2016,HUT,KS,ACE,CE,Federal Contract Tower,0,4,6,4,14,0,4,31,0,35,0,8,37,4,49,80,2,82,131
09/24/2016,HUT,KS,ACE,CE,Federal Contract Tower,0,0,3,0,3,0,2,6,0,8,0,2,9,0,11,10,0,10,21
09/25/2016,HUT,KS,ACE,CE,Federal Contract Tower,0,0,6,0,6,0,0,10,0,10,0,0,16,0,16,18,0,18,34
09/26/2016,HUT,KS,ACE,CE,Federal Contract Tower,0,1,3,4,8,0,4,27,2,33,0,5,30,6,41,118,8,126,167
09/27/2016,HUT,KS,ACE,CE,Federal Contract Tower,0,3,8,0,11,0,1,26,0,27,0,4,34,0,38,122,0,122,160
09/28/2016,HUT,KS,ACE,CE,Federal Contract Tower,0,3,8,0,11,0,13,28,0,41,0,16,36,0,52,148,0,148,200
09/29/2016,HUT,KS,ACE,CE,Federal Contract Tower,0,0,7,0,7,0,5,14,0,19,0,5,21,0,26,50,0,50,76
09/30/2016,HUT,KS,ACE,CE,Federal Contract Tower,0,3,13,0,16,0,2,20,0,22,0,5,33,0,38,46,0,46,84
10/01/2016,HUT,KS,ACE,CE,Federal Contract Tower,0,0,8,4,12,0,0,22,0,22,0,0,30,4,34,122,0,122,156
10/02/2016,HUT,KS,ACE,CE,Federal Contract Tower,0,1,8,0,9,0,0,14,0,14,0,1,22,0,23,22,0,22,45
10/03/2016,HUT,KS,ACE,CE,Federal Contract Tower,0,0,7,0,7,0,0,7,0,7,0,0,14,0,14,46,0,46,60
10/04/2016,HUT,KS,ACE,CE,Federal Contract Tower,0,0,6,0,6,0,8,8,0,16,0,8,14,0,22,48,0,48,70
10/05/2016,HUT,KS,ACE,CE,Federal Contract Tower,0,0,13,0,13,0,5,14,0,19,0,5,27,0,32,64,0,64,96
10/06/2016,HUT,KS,ACE,CE,Federal Contract Tower,0,0,10,0,10,0,2,19,0,21,0,2,29,0,31,16,0,16,47
10/07/2016,HUT,KS,ACE,CE,Federal Contract Tower,0,0,10,0,10,0,1,25,0,26,0,1,35,0,36,50,0,50,86
10/08/2016,HUT,KS,ACE,CE,Federal Contract Tower,0,0,6,0,6,0,0,58,0,58,0,0,64,0,64,138,0,138,202
10/09/2016,HUT,KS,ACE,CE,Federal Contract Tower,0,0,8,6,14,0,0,16,0,16,0,0,24,6,30,16,6,22,52
10/10/2016,HUT,KS,ACE,CE,Federal Contract Tower,0,0,17,0,17,0,2,13,0,15,0,2,30,0,32,64,0,64,96
10/11/2016,HUT,KS,ACE,CE,Federal Contract Tower,0,0,3,0,3,0,2,21,0,23,0,2,24,0,26,48,0,48,74
10/12/2016,HUT,KS,ACE,CE,Federal Contract Tower,0,2,2,0,4,0,0,11,0,11,0,2,13,0,15,44,0,44,59
10/13/2016,HUT,KS,ACE,CE,Federal Contract Tower,0,1,19,0,20,0,0,40,0,40,0,1,59,0,60,52,0,52,112
10/14/2016,HUT,KS,ACE,CE,Federal Contract Tower,0,4,33,0,37,0,2,12,0,14,0,6,45,0,51,38,0,38,89
10/15/2016,HUT,KS,ACE,CE,Federal Contract Tower,0,2,6,2,10,0,2,7,0,9,0,4,13,2,19,34,0,34,53
10/16/2016,HUT,KS,ACE,CE,Federal Contract Tower,0,0,9,4,13,0,0,20,0,20,0,0,29,4,33,28,0,28,61
10/17/2016,HUT,KS,ACE,CE,Federal Contract Tower,0,0,8,0,8,0,0,28,0,28,0,0,36,0,36,66,0,66,102
10/18/2016,HUT,KS,ACE,CE,Federal Contract Tower,0,0,4,0,4,0,2,22,0,24,0,2,26,0,28,106,0,106,134
10/19/2016,HUT,KS,ACE,CE,Federal Contract Tower,0,2,2,2,6,0,6,19,0,25,0,8,21,2,31,64,0,64,95
10/20/2016,HUT,KS,ACE,CE,Federal Contract Tower,0,1,15,3,19,0,1,26,0,27,0,2,41,3,46,82,16,98,144
10/21/2016,HUT,KS,ACE,CE,Federal Contract Tower,0,1,7,0,8,0,1,13,0,14,0,2,20,0,22,26,6,32,54
10/22/2016,HUT,KS,ACE,CE,Federal Contract Tower,0,0,3,0,3,0,0,37,0,37,0,0,40,0,40,32,0,32,72
10/23/2016,HUT,KS,ACE,CE,Federal Contract Tower,0,0,5,0,5,0,0,13,0,13,0,0,18,0,18,20,0,20,38
10/24/2016,HUT,KS,ACE,CE,Federal Contract Tower,0,0,6,4,10,0,17,23,0,40,0,17,29,4,50,172,4,176,226
10/25/2016,HUT,KS,ACE,CE,Federal Contract Tower,0,2,3,0,5,0,2,25,0,27,0,4,28,0,32,42,0,42,74
10/26/2016,HUT,KS,ACE,CE,Federal Contract Tower,0,0,9,0,9,0,0,59,0,59,0,0,68,0,68,64,0,64,132
10/27/2016,HUT,KS,ACE,CE,Federal Contract Tower,0,2,8,0,10,0,2,29,0,31,0,4,37,0,41,119,0,119,160
10/28/2016,HUT,KS,ACE,CE,Federal Contract Tower,0,0,5,4,9,0,2,22,0,24,0,2,27,4,33,58,12,70,103
10/29/2016,HUT,KS,ACE,CE,Federal Contract Tower,0,1,4,0,5,0,0,16,0,16,0,1,20,0,21,10,0,10,31
10/30/2016,HUT,KS,ACE,CE,Federal Contract Tower,0,1,4,0,5,0,0,0,0,0,0,1,4,0,5,20,0,20,25
10/31/2016,HUT,KS,ACE,CE,Federal Contract Tower,0,0,11,0,11,0,4,24,0,28,0,4,35,0,39,68,0,68,107
11/01/2016,HUT,KS,ACE,CE,Federal Contract Tower,0,2,9,0,11,0,2,21,0,23,0,4,30,0,34,78,0,78,112
11/02/2016,HUT,KS,ACE,CE,Federal Contract Tower,0,2,10,0,12,0,1,10,0,11,0,3,20,0,23,70,0,70,93
11/03/2016,HUT,KS,ACE,CE,Federal Contract Tower,0,2,11,6,19,0,1,35,1,37,0,3,46,7,56,84,0,84,140
11/04/2016,HUT,KS,ACE,CE,Federal Contract Tower,0,1,11,8,20,0,2,44,0,46,0,3,55,8,66,52,0,52,118
11/05/2016,HUT,KS,ACE,CE,Federal Contract Tower,0,1,5,0,6,0,0,24,0,24,0,1,29,0,30,80,0,80,110
11/06/2016,HUT,KS,ACE,CE,Federal Contract Tower,0,3,16,2,21,0,1,50,0,51,0,4,66,2,72,26,0,26,98
11/07/2016,HUT,KS,ACE,CE,Federal Contract Tower,0,1,22,0,23,0,0,17,0,17,0,1,39,0,40,52,0,52,92
11/08/2016,HUT,KS,ACE,CE,Federal Contract Tower,0,1,4,5,10,0,2,17,1,20,0,3,21,6,30,72,22,94,124
11/09/2016,HUT,KS,ACE,CE,Federal Contract Tower,0,1,11,0,12,0,0,42,0,42,0,1,53,0,54,74,0,74,128
11/10/2016,HUT,KS,ACE,CE,Federal Contract Tower,0,4,6,2,12,0,0,28,1,29,0,4,34,3,41,58,2,60,101
11/11/2016,HUT,KS,ACE,CE,Federal Contract Tower,0,0,9,0,9,0,2,16,0,18,0,2,25,0,27,14,0,14,41
11/12/2016,HUT,KS,ACE,CE,Federal Contract Tower,0,2,6,0,8,0,0,46,0,46,0,2,52,0,54,144,0,144,198
11/13/2016,HUT,KS,ACE,CE,Federal Contract Tower,0,0,10,0,10,0,0,25,6,31,0,0,35,6,41,16,0,16,57
11/14/2016,HUT,KS,ACE,CE,Federal Contract Tower,0,0,9,2,11,0,6,18,0,24,0,6,27,2,35,80,2,82,117
11/15/2016,HUT,KS,ACE,CE,Federal Contract Tower,0,4,7,0,11,0,0,37,0,37,0,4,44,0,48,88,0,88,136
11/16/2016,HUT,KS,ACE,CE,Federal Contract Tower,0,2,10,0,12,0,0,17,0,17,0,2,27,0,29,40,0,40,69
11/17/2016,HUT,KS,ACE,CE,Federal Contract Tower,0,0,7,5,12,0,0,17,0,17,0,0,24,5,29,12,0,12,41
11/18/2016,HUT,KS,ACE,CE,Federal Contract Tower,0,0,6,0,6,0,0,6,4,10,0,0,12,4,16,12,0,12,28
11/19/2016,HUT,KS,ACE,CE,Federal Contract Tower,0,0,6,0,6,0,2,29,0,31,0,2,35,0,37,84,0,84,121
11/20/2016,HUT,KS,ACE,CE,Federal Contract Tower,0,0,5,0,5,0,2,17,0,19,0,2,22,0,24,38,0,38,62
11/21/2016,HUT,KS,ACE,CE,Federal Contract Tower,0,0,12,0,12,0,5,23,0,28,0,5,35,0,40,60,0,60,100
11/22/2016,HUT,KS,ACE,CE,Federal Contract Tower,0,0,8,0,8,0,2,11,0,13,0,2,19,0,21,68,0,68,89
11/23/2016,HUT,KS,ACE,CE,Federal Contract Tower,0,0,11,0,11,0,1,11,0,12,0,1,22,0,23,70,0,70,93
11/24/2016,HUT,KS,ACE,CE,Federal Contract Tower,0,0,2,0,2,0,0,1,0,1,0,0,3,0,3,0,0,0,3
11/25/2016,HUT,KS,ACE,CE,Federal Contract Tower,0,2,5,0,7,0,0,6,0,6,0,2,11,0,13,22,0,22,35
11/26/2016,HUT,KS,ACE,CE,Federal Contract Tower,0,0,6,0,6,0,1,16,0,17,0,1,22,0,23,14,0,14,37
11/27/2016,HUT,KS,ACE,CE,Federal Contract Tower,0,0,3,0,3,0,0,0,0,0,0,0,3,0,3,6,0,6,9
11/28/2016,HUT,KS,ACE,CE,Federal Contract Tower,0,0,9,0,9,0,2,8,0,10,0,2,17,0,19,46,0,46,65
11/29/2016,HUT,KS,ACE,CE,Federal Contract Tower,0,3,11,2,16,0,6,10,0,16,0,9,21,2,32,32,2,34,66
11/30/2016,HUT,KS,ACE,CE,Federal Contract Tower,0,3,13,0,16,0,2,15,0,17,0,5,28,0,33,68,0,68,101
12/01/2016,HUT,KS,ACE,CE,Federal Contract Tower,0,2,7,0,9,0,2,27,0,29,0,4,34,0,38,86,0,86,124
12/02/2016,HUT,KS,ACE,CE,Federal Contract Tower,0,0,5,0,5,0,5,18,0,23,0,5,23,0,28,28,0,28,56
12/03/2016,HUT,KS,ACE,CE,Federal Contract Tower,0,0,1,0,1,0,0,1,0,1,0,0,2,0,2,14,0,14,16
12/04/2016,HUT,KS,ACE,CE,Federal Contract Tower,0,0,8,0,8,0,2,13,0,15,0,2,21,0,23,24,0,24,47
12/05/2016,HUT,KS,ACE,CE,Federal Contract Tower,0,0,11,0,11,0,2,28,2,32,0,2,39,2,43,41,0,41,84
12/06/2016,HUT,KS,ACE,CE,Federal Contract Tower,0,0,4,4,8,0,2,33,0,35,0,2,37,4,43,90,4,94,137
12/07/2016,HUT,KS,ACE,CE,Federal Contract Tower,0,0,9,0,9,0,0,4,0,4,0,0,13,0,13,18,0,18,31
12/08/2016,HUT,KS,ACE,CE,Federal Contract Tower,0,0,9,0,9,0,2,25,2,29,0,2,34,2,38,24,0,24,62
12/09/2016,HUT,KS,ACE,CE,Federal Contract Tower,0,0,14,1,15,0,0,11,1,12,0,0,25,2,27,18,0,18,45
12/10/2016,HUT,KS,ACE,CE,Federal Contract Tower,0,2,6,0,8,0,2,5,0,7,0,4,11,0,15,4,0,4,19
12/11/2016,HUT,KS,ACE,CE,Federal Contract Tower,0,1,11,0,12,0,0,10,0,10,0,1,21,0,22,8,0,8,30
12/12/2016,HUT,KS,ACE,CE,Federal Contract Tower,0,5,19,2,26,0,0,26,4,30,0,5,45,6,56,56,8,64,120
12/13/2016,HUT,KS,ACE,CE,Federal Contract Tower,0,2,8,2,12,0,2,22,0,24,0,4,30,2,36,66,0,66,102
12/14/2016,HUT,KS,ACE,CE,Federal Contract Tower,0,0,10,0,10,0,0,8,0,8,0,0,18,0,18,66,0,66,84
12/15/2016,HUT,KS,ACE,CE,Federal Contract Tower,0,0,14,1,15,0,0,51,1,52,0,0,65,2,67,30,0,30,97
12/16/2016,HUT,KS,ACE,CE,Federal Contract Tower,0,1,6,0,7,0,0,0,0,0,0,1,6,0,7,20,0,20,27
12/17/2016,HUT,KS,ACE,CE,Federal Contract Tower,0,0,2,0,2,0,0,0,0,0,0,0,2,0,2,0,0,0,2
12/18/2016,HUT,KS,ACE,CE,Federal Contract Tower,0,1,6,0,7,0,0,7,0,7,0,1,13,0,14,14,0,14,28
12/19/2016,HUT,KS,ACE,CE,Federal Contract Tower,0,0,5,4,9,0,0,20,0,20,0,0,25,4,29,30,0,30,59
12/20/2016,HUT,KS,ACE,CE,Federal Contract Tower,0,1,9,2,12,0,0,18,0,18,0,1,27,2,30,58,8,66,96
12/21/2016,HUT,KS,ACE,CE,Federal Contract Tower,0,3,11,0,14,0,0,9,0,9,0,3,20,0,23,66,0,66,89
12/22/2016,HUT,KS,ACE,CE,Federal Contract Tower,0,1,8,7,16,0,2,23,0,25,0,3,31,7,41,76,8,84,125
12/23/2016,HUT,KS,ACE,CE,Federal Contract Tower,0,2,6,0,8,0,1,10,0,11,0,3,16,0,19,26,0,26,45
12/24/2016,HUT,KS,ACE,CE,Federal Contract Tower,0,1,7,0,8,0,0,4,0,4,0,1,11,0,12,24,0,24,36
12/25/2016,HUT,KS,ACE,CE,Federal Contract Tower,0,0,0,0,0,0,0,1,0,1,0,0,1,0,1,0,0,0,1
12/26/2016,HUT,KS,ACE,CE,Federal Contract Tower,0,2,6,0,8,0,0,34,0,34,0,2,40,0,42,28,0,28,70
12/27/2016,HUT,KS,ACE,CE,Federal Contract Tower,0,0,4,0,4,0,0,18,0,18,0,0,22,0,22,56,0,56,78
12/28/2016,HUT,KS,ACE,CE,Federal Contract Tower,0,0,5,0,5,0,0,26,0,26,0,0,31,0,31,104,0,104,135
12/29/2016,HUT,KS,ACE,CE,Federal Contract Tower,0,0,8,0,8,0,0,33,0,33,0,0,41,0,41,48,0,48,89
12/30/2016,HUT,KS,ACE,CE,Federal Contract Tower,0,0,6,0,6,0,0,18,0,18,0,0,24,0,24,0,0,0,24
12/31/2016,HUT,KS,ACE,CE,Federal Contract Tower,0,0,5,0,5,0,0,7,0,7,0,0,12,0,12,18,0,18,30
01/01/2017,HUT,KS,ACE,CE,Federal Contract Tower,0,0,1,0,1,0,2,1,0,3,0,2,2,0,4,2,0,2,6
01/02/2017,HUT,KS,ACE,CE,Federal Contract Tower,0,0,25,0,25,0,0,21,0,21,0,0,46,0,46,157,0,157,203
01/03/2017,HUT,KS,ACE,CE,Federal Contract Tower,0,0,5,2,7,0,0,8,0,8,0,0,13,2,15,26,4,30,45
01/04/2017,HUT,KS,ACE,CE,Federal Contract Tower,0,2,12,0,14,0,2,25,0,27,0,4,37,0,41,60,0,60,101
01/05/2017,HUT,KS,ACE,CE,Federal Contract Tower,0,0,7,0,7,0,0,0,0,0,0,0,7,0,7,0,0,0,7
01/06/2017,HUT,KS,ACE,CE,Federal Contract Tower,0,0,4,4,8,0,1,22,2,25,0,1,26,6,33,30,0,30,63
01/07/2017,HUT,KS,ACE,CE,Federal Contract Tower,0,2,1,2,5,0,0,12,0,12,0,2,13,2,17,24,0,24,41
01/08/2017,HUT,KS,ACE,CE,Federal Contract Tower,0,2,0,4,6,0,0,10,0,10,0,2,10,4,16,6,0,6,22
01/09/2017,HUT,KS,ACE,CE,Federal Contract Tower,0,0,7,2,9,0,0,6,0,6,0,0,13,2,15,36,4,40,55
01/10/2017,HUT,KS,ACE,CE,Federal Contract Tower,0,2,8,10,20,0,0,12,8,20,0,2,20,18,40,48,20,68,108
01/11/2017,HUT,KS,ACE,CE,Federal Contract Tower,0,1,18,0,19,0,0,22,0,22,0,1,40,0,41,86,0,86,127
01/12/2017,HUT,KS,ACE,CE,Federal Contract Tower,0,0,9,0,9,0,0,23,6,29,0,0,32,6,38,34,0,34,72
01/13/2017,HUT,KS,ACE,CE,Federal Contract Tower,0,2,5,0,7,0,2,0,0,2,0,4,5,0,9,16,0,16,25
01/14/2017,HUT,KS,ACE,CE,Federal Contract Tower,0,0,1,0,1,0,0,5,0,5,0,0,6,0,6,2,0,2,8
01/15/2017,HUT,KS,ACE,CE,Federal Contract Tower,0,0,0,0,0,0,0,0,0,0,0,0,0,0,0,0,0,0,0
01/16/2017,HUT,KS,ACE,CE,Federal Contract Tower,0,0,3,0,3,0,0,0,0,0,0,0,3,0,3,16,0,16,19
01/17/2017,HUT,KS,ACE,CE,Federal Contract Tower,0,0,9,10,19,0,1,24,0,25,0,1,33,10,44,80,12,92,136
01/18/2017,HUT,KS,ACE,CE,Federal Contract Tower,0,2,10,0,12,0,0,13,0,13,0,2,23,0,25,24,0,24,49
01/19/2017,HUT,KS,ACE,CE,Federal Contract Tower,0,1,4,6,11,0,0,0,0,0,0,1,4,6,11,12,2,14,25
01/20/2017,HUT,KS,ACE,CE,Federal Contract Tower,0,0,31,0,31,0,0,0,0,0,0,0,31,0,31,18,0,18,49
01/21/2017,HUT,KS,ACE,CE,Federal Contract Tower,0,0,8,0,8,0,0,27,0,27,0,0,35,0,35,98,0,98,133
01/22/2017,HUT,KS,ACE,CE,Federal Contract Tower,0,0,6,0,6,0,0,7,0,7,0,0,13,0,13,0,0,0,13
01/23/2017,HUT,KS,ACE,CE,Federal Contract Tower,0,0,11,2,13,0,4,27,0,31,0,4,38,2,44,72,0,72,116
01/24/2017,HUT,KS,ACE,CE,Federal Contract Tower,0,0,10,6,16,0,1,8,0,9,0,1,18,6,25,40,8,48,73
01/25/2017,HUT,KS,ACE,CE,Federal Contract Tower,0,2,9,0,11,0,4,20,0,24,0,6,29,0,35,78,0,78,113
01/26/2017,HUT,KS,ACE,CE,Federal Contract Tower,0,0,4,0,4,0,0,32,0,32,0,0,36,0,36,92,0,92,128
01/27/2017,HUT,KS,ACE,CE,Federal Contract Tower,0,2,7,4,13,0,1,20,0,21,0,3,27,4,34,44,0,44,78
01/28/2017,HUT,KS,ACE,CE,Federal Contract Tower,0,0,3,0,3,0,2,29,0,31,0,2,32,0,34,76,0,76,110
01/29/2017,HUT,KS,ACE,CE,Federal Contract Tower,0,0,3,0,3,0,0,4,0,4,0,0,7,0,7,12,0,12,19
01/30/2017,HUT,KS,ACE,CE,Federal Contract Tower,0,2,5,8,15,0,1,33,2,36,0,3,38,10,51,72,14,86,137
01/31/2017,HUT,KS,ACE,CE,Federal Contract Tower,0,2,7,10,19,0,1,23,0,24,0,3,30,10,43,122,18,140,183
02/01/2017,HUT,KS,ACE,CE,Federal Contract Tower,0,0,5,0,5,0,2,9,0,11,0,2,14,0,16,26,0,26,42
02/02/2017,HUT,KS,ACE,CE,Federal Contract Tower,0,4,7,1,12,0,6,28,1,35,0,10,35,2,47,46,0,46,93
02/03/2017,HUT,KS,ACE,CE,Federal Contract Tower,0,2,13,0,15,0,1,15,0,16,0,3,28,0,31,42,0,42,73
02/04/2017,HUT,KS,ACE,CE,Federal Contract Tower,0,0,7,0,7,0,0,10,0,10,0,0,17,0,17,16,0,16,33
02/05/2017,HUT,KS,ACE,CE,Federal Contract Tower,0,0,6,0,6,0,0,6,0,6,0,0,12,0,12,28,0,28,40
02/06/2017,HUT,KS,ACE,CE,Federal Contract Tower,0,1,15,4,20,0,0,13,0,13,0,1,28,4,33,30,8,38,71
02/07/2017,HUT,KS,ACE,CE,Federal Contract Tower,0,0,13,0,13,0,4,27,0,31,0,4,40,0,44,62,0,62,106
02/08/2017,HUT,KS,ACE,CE,Federal Contract Tower,0,3,11,2,16,0,0,10,0,10,0,3,21,2,26,50,0,50,76
02/09/2017,HUT,KS,ACE,CE,Federal Contract Tower,0,0,7,2,9,0,0,20,1,21,0,0,27,3,30,54,0,54,84
02/10/2017,HUT,KS,ACE,CE,Federal Contract Tower,0,1,8,13,22,0,3,18,0,21,0,4,26,13,43,46,14,60,103
02/11/2017,HUT,KS,ACE,CE,Federal Contract Tower,0,0,2,0,2,0,2,23,4,29,0,2,25,4,31,34,12,46,77
02/12/2017,HUT,KS,ACE,CE,Federal Contract Tower,0,1,7,0,8,0,0,14,2,16,0,1,21,2,24,24,0,24,48
02/13/2017,HUT,KS,ACE,CE,Federal Contract Tower,0,2,4,1,7,0,3,4,1,8,0,5,8,2,15,120,0,120,135
02/14/2017,HUT,KS,ACE,CE,Federal Contract Tower,0,0,5,12,17,0,6,37,8,51,0,6,42,20,68,52,24,76,144
02/15/2017,HUT,KS,ACE,CE,Federal Contract Tower,0,2,5,10,17,0,0,20,0,20,0,2,25,10,37,50,0,50,87
02/16/2017,HUT,KS,ACE,CE,Federal Contract Tower,0,0,4,0,4,0,1,29,0,30,0,1,33,0,34,74,0,74,108
02/17/2017,HUT,KS,ACE,CE,Federal Contract Tower,0,0,15,0,15,0,2,28,0,30,0,2,43,0,45,68,0,68,113
02/18/2017,HUT,KS,ACE,CE,Federal Contract Tower,0,0,6,0,6,0,0,25,0,25,0,0,31,0,31,136,0,136,167
02/19/2017,HUT,KS,ACE,CE,Federal Contract Tower,0,0,12,0,12,0,1,1,0,2,0,1,13,0,14,0,0,0,14
02/20/2017,HUT,KS,ACE,CE,Federal Contract Tower,0,5,11,0,16,0,3,23,0,26,0,8,34,0,42,100,0,100,142
02/21/2017,HUT,KS,ACE,CE,Federal Contract Tower,0,2,12,6,20,0,3,35,0,38,0,5,47,6,58,116,2,118,176
02/22/2017,HUT,KS,ACE,CE,Federal Contract Tower,0,3,7,0,10,0,0,33,2,35,0,3,40,2,45,42,0,42,87
02/23/2017,HUT,KS,ACE,CE,Federal Contract Tower,0,0,8,4,12,0,0,35,0,35,0,0,43,4,47,24,12,36,83
02/24/2017,HUT,KS,ACE,CE,Federal Contract Tower,0,2,4,2,8,0,0,3,0,3,0,2,7,2,11,8,6,14,25
02/25/2017,HUT,KS,ACE,CE,Federal Contract Tower,0,0,4,0,4,0,0,13,0,13,0,0,17,0,17,10,0,10,27
02/26/2017,HUT,KS,ACE,CE,Federal Contract Tower,0,2,9,0,11,0,0,17,0,17,0,2,26,0,28,18,0,18,46
02/27/2017,HUT,KS,ACE,CE,Federal Contract Tower,0,2,5,4,11,0,0,6,0,6,0,2,11,4,17,14,4,18,35
02/28/2017,HUT,KS,ACE,CE,Federal Contract Tower,0,0,11,4,15,0,12,27,0,39,0,12,38,4,54,66,8,74,128
03/01/2017,HUT,KS,ACE,CE,Federal Contract Tower,0,0,10,2,12,0,4,16,2,22,0,4,26,4,34,18,2,20,54
03/02/2017,HUT,KS,ACE,CE,Federal Contract Tower,0,0,7,6,13,0,16,34,1,51,0,16,41,7,64,16,0,16,80
03/03/2017,HUT,KS,ACE,CE,Federal Contract Tower,0,0,9,4,13,0,4,20,0,24,0,4,29,4,37,32,8,40,77
03/04/2017,HUT,KS,ACE,CE,Federal Contract Tower,0,2,3,0,5,0,0,0,0,0,0,2,3,0,5,6,0,6,11
03/05/2017,HUT,KS,ACE,CE,Federal Contract Tower,0,0,5,0,5,0,4,7,0,11,0,4,12,0,16,44,0,44,60
03/06/2017,HUT,KS,ACE,CE,Federal Contract Tower,0,0,11,0,11,0,17,17,30,64,0,17,28,30,75,20,20,40,115
03/07/2017,HUT,KS,ACE,CE,Federal Contract Tower,0,3,5,2,10,0,10,47,36,93,0,13,52,38,103,20,134,154,257
03/08/2017,HUT,KS,ACE,CE,Federal Contract Tower,0,0,9,4,13,0,4,16,16,36,0,4,25,20,49,30,116,146,195
03/09/2017,HUT,KS,ACE,CE,Federal Contract Tower,0,2,11,0,13,0,0,15,4,19,0,2,26,4,32,54,0,54,86
03/10/2017,HUT,KS,ACE,CE,Federal Contract Tower,0,0,7,0,7,0,1,23,5,29,0,1,30,5,36,38,0,38,74
03/11/2017,HUT,KS,ACE,CE,Federal Contract Tower,0,0,3,0,3,0,2,0,8,10,0,2,3,8,13,0,0,0,13
03/12/2017,HUT,KS,ACE,CE,Federal Contract Tower,0,2,6,4,12,0,0,2,4,6,0,2,8,8,18,6,0,6,24
03/13/2017,HUT,KS,ACE,CE,Federal Contract Tower,0,2,5,0,7,0,3,5,0,8,0,5,10,0,15,14,0,14,29
03/14/2017,HUT,KS,ACE,CE,Federal Contract Tower,0,0,2,0,2,0,9,28,0,37,0,9,30,0,39,80,0,80,119
03/15/2017,HUT,KS,ACE,CE,Federal Contract Tower,0,0,14,0,14,0,4,16,0,20,0,4,30,0,34,44,0,44,78
03/16/2017,HUT,KS,ACE,CE,Federal Contract Tower,0,0,12,8,20,0,0,11,2,13,0,0,23,10,33,42,0,42,75
03/17/2017,HUT,KS,ACE,CE,Federal Contract Tower,0,0,4,1,5,0,0,16,0,16,0,0,20,1,21,16,0,16,37
03/18/2017,HUT,KS,ACE,CE,Federal Contract Tower,0,2,4,0,6,0,0,24,0,24,0,2,28,0,30,52,0,52,82
03/19/2017,HUT,KS,ACE,CE,Federal Contract Tower,0,2,5,0,7,0,0,9,0,9,0,2,14,0,16,6,0,6,22
03/20/2017,HUT,KS,ACE,CE,Federal Contract Tower,0,0,6,0,6,0,4,16,0,20,0,4,22,0,26,58,0,58,84
03/21/2017,HUT,KS,ACE,CE,Federal Contract Tower,0,0,10,0,10,0,0,14,0,14,0,0,24,0,24,82,0,82,106
03/22/2017,HUT,KS,ACE,CE,Federal Contract Tower,0,1,16,0,17,0,0,31,0,31,0,1,47,0,48,114,0,114,162
03/23/2017,HUT,KS,ACE,CE,Federal Contract Tower,0,2,11,5,18,0,0,16,0,16,0,2,27,5,34,22,8,30,64
03/24/2017,HUT,KS,ACE,CE,Federal Contract Tower,0,5,1,0,6,0,3,0,0,3,0,8,1,0,9,58,0,58,67
03/25/2017,HUT,KS,ACE,CE,Federal Contract Tower,0,3,9,0,12,0,0,0,0,0,0,3,9,0,12,4,0,4,16
03/26/2017,HUT,KS,ACE,CE,Federal Contract Tower,0,3,3,0,6,0,0,0,0,0,0,3,3,0,6,0,0,0,6
03/27/2017,HUT,KS,ACE,CE,Federal Contract Tower,0,0,25,0,25,0,1,3,0,4,0,1,28,0,29,20,0,20,49
03/28/2017,HUT,KS,ACE,CE,Federal Contract Tower,0,2,13,0,15,0,0,3,2,5,0,2,16,2,20,16,0,16,36
03/29/2017,HUT,KS,ACE,CE,Federal Contract Tower,0,1,9,1,11,0,0,0,0,0,0,1,9,1,11,12,0,12,23
03/30/2017,HUT,KS,ACE,CE,Federal Contract Tower,0,0,9,0,9,0,0,9,0,9,0,0,18,0,18,42,0,42,60
03/31/2017,HUT,KS,ACE,CE,Federal Contract Tower,0,0,9,2,11,0,3,3,0,6,0,3,12,2,17,26,0,26,43
04/01/2017,HUT,KS,ACE,CE,Federal Contract Tower,0,2,7,0,9,0,0,0,1,1,0,2,7,1,10,0,0,0,10
04/02/2017,HUT,KS,ACE,CE,Federal Contract Tower,0,1,4,2,7,0,1,1,0,2,0,2,5,2,9,76,0,76,85
04/03/2017,HUT,KS,ACE,CE,Federal Contract Tower,0,0,17,6,23,0,1,22,0,23,0,1,39,6,46,46,10,56,102
04/04/2017,HUT,KS,ACE,CE,Federal Contract Tower,0,2,6,0,8,0,0,0,0,0,0,2,6,0,8,6,0,6,14
04/05/2017,HUT,KS,ACE,CE,Federal Contract Tower,0,0,8,0,8,0,6,16,6,28,0,6,24,6,36,42,2,44,80
04/06/2017,HUT,KS,ACE,CE,Federal Contract Tower,0,0,24,0,24,0,3,44,0,47,0,3,68,0,71,84,0,84,155
04/07/2017,HUT,KS,ACE,CE,Federal Contract Tower,0,0,12,2,14,0,1,30,0,31,0,1,42,2,45,102,0,102,147
04/08/2017,HUT,KS,ACE,CE,Federal Contract Tower,0,0,9,0,9,0,0,26,0,26,0,0,35,0,35,128,0,128,163
04/09/2017,HUT,KS,ACE,CE,Federal Contract Tower,0,0,10,0,10,0,0,6,0,6,0,0,16,0,16,36,0,36,52
04/10/2017,HUT,KS,ACE,CE,Federal Contract Tower,0,0,9,4,13,0,2,16,2,20,0,2,25,6,33,96,6,102,135
04/11/2017,HUT,KS,ACE,CE,Federal Contract Tower,0,0,12,0,12,0,2,52,0,54,0,2,64,0,66,94,0,94,160
04/12/2017,HUT,KS,ACE,CE,Federal Contract Tower,0,8,4,0,12,0,2,4,0,6,0,10,8,0,18,42,0,42,60
04/13/2017,HUT,KS,ACE,CE,Federal Contract Tower,0,3,18,0,21,0,2,28,0,30,0,5,46,0,51,32,0,32,83
04/14/2017,HUT,KS,ACE,CE,Federal Contract Tower,0,1,8,8,17,0,0,1,0,1,0,1,9,8,18,6,14,20,38
04/15/2017,HUT,KS,ACE,CE,Federal Contract Tower,0,0,3,0,3,0,1,0,0,1,0,1,3,0,4,0,0,0,4
04/16/2017,HUT,KS,ACE,CE,Federal Contract Tower,0,0,4,0,4,0,0,0,0,0,0,0,4,0,4,0,0,0,4
04/17/2017,HUT,KS,ACE,CE,Federal Contract Tower,0,0,19,0,19,0,4,15,0,19,0,4,34,0,38,94,0,94,132
04/18/2017,HUT,KS,ACE,CE,Federal Contract Tower,0,0,9,2,11,0,6,20,0,26,0,6,29,2,37,78,0,78,115
04/19/2017,HUT,KS,ACE,CE,Federal Contract Tower,0,0,9,0,9,0,4,12,0,16,0,4,21,0,25,92,0,92,117
04/20/2017,HUT,KS,ACE,CE,Federal Contract Tower,0,1,9,8,18,0,1,30,0,31,0,2,39,8,49,46,0,46,95
04/21/2017,HUT,KS,ACE,CE,Federal Contract Tower,0,1,6,0,7,0,0,1,0,1,0,1,7,0,8,8,0,8,16
04/22/2017,HUT,KS,ACE,CE,Federal Contract Tower,0,2,12,0,14,0,0,13,0,13,0,2,25,0,27,6,0,6,33
04/23/2017,HUT,KS,ACE,CE,Federal Contract Tower,0,3,1,0,4,0,4,27,0,31,0,7,28,0,35,24,0,24,59
04/24/2017,HUT,KS,ACE,CE,Federal Contract Tower,0,2,10,8,20,0,2,13,2,17,0,4,23,10,37,42,6,48,85
04/25/2017,HUT,KS,ACE,CE,Federal Contract Tower,0,1,18,0,19,0,2,25,0,27,0,3,43,0,46,78,0,78,124
04/26/2017,HUT,KS,ACE,CE,Federal Contract Tower,0,1,8,4,13,0,0,42,0,42,0,1,50,4,55,60,8,68,123
04/27/2017,HUT,KS,ACE,CE,Federal Contract Tower,0,2,5,11,18,0,0,35,0,35,0,2,40,11,53,52,10,62,115
04/28/2017,HUT,KS,ACE,CE,Federal Contract Tower,0,6,19,5,30,0,0,11,1,12,0,6,30,6,42,36,4,40,82
04/29/2017,HUT,KS,ACE,CE,Federal Contract Tower,0,0,4,0,4,0,0,0,0,0,0,0,4,0,4,0,0,0,4
04/30/2017,HUT,KS,ACE,CE,Federal Contract Tower,0,0,3,0,3,0,0,0,0,0,0,0,3,0,3,0,0,0,3
05/01/2017,HUT,KS,ACE,CE,Federal Contract Tower,0,2,13,2,17,0,0,53,0,53,0,2,66,2,70,82,2,84,154
05/02/2017,HUT,KS,ACE,CE,Federal Contract Tower,0,2,15,1,18,0,0,48,1,49,0,2,63,2,67,116,0,116,183
05/03/2017,HUT,KS,ACE,CE,Federal Contract Tower,0,2,12,0,14,0,0,0,0,0,0,2,12,0,14,10,0,10,24
05/04/2017,HUT,KS,ACE,CE,Federal Contract Tower,0,4,11,3,18,0,0,14,0,14,0,4,25,3,32,24,8,32,64
05/05/2017,HUT,KS,ACE,CE,Federal Contract Tower,0,1,16,2,19,0,0,41,0,41,0,1,57,2,60,50,0,50,110
05/06/2017,HUT,KS,ACE,CE,Federal Contract Tower,0,0,9,0,9,0,0,30,0,30,0,0,39,0,39,108,0,108,147
05/07/2017,HUT,KS,ACE,CE,Federal Contract Tower,0,5,6,0,11,0,2,28,0,30,0,7,34,0,41,14,0,14,55
05/08/2017,HUT,KS,ACE,CE,Federal Contract Tower,0,5,9,0,14,0,2,21,0,23,0,7,30,0,37,64,0,64,101
05/09/2017,HUT,KS,ACE,CE,Federal Contract Tower,0,0,20,3,23,0,0,38,2,40,0,0,58,5,63,58,8,66,129
05/10/2017,HUT,KS,ACE,CE,Federal Contract Tower,0,0,10,0,10,0,0,9,0,9,0,0,19,0,19,42,0,42,61
05/11/2017,HUT,KS,ACE,CE,Federal Contract Tower,0,2,8,0,10,0,0,1,0,1,0,2,9,0,11,8,0,8,19
05/12/2017,HUT,KS,ACE,CE,Federal Contract Tower,0,2,19,0,21,0,1,13,0,14,0,3,32,0,35,24,0,24,59
05/13/2017,HUT,KS,ACE,CE,Federal Contract Tower,0,4,4,0,8,0,0,27,0,27,0,4,31,0,35,66,0,66,101
05/14/2017,HUT,KS,ACE,CE,Federal Contract Tower,0,0,5,0,5,0,0,16,0,16,0,0,21,0,21,8,0,8,29
05/15/2017,HUT,KS,ACE,CE,Federal Contract Tower,0,2,17,0,19,0,0,27,0,27,0,2,44,0,46,56,0,56,102
05/16/2017,HUT,KS,ACE,CE,Federal Contract Tower,0,2,8,2,12,0,2,7,0,9,0,4,15,2,21,42,4,46,67
05/17/2017,HUT,KS,ACE,CE,Federal Contract Tower,0,2,7,4,13,0,3,2,0,5,0,5,9,4,18,26,4,30,48
05/18/2017,HUT,KS,ACE,CE,Federal Contract Tower,0,1,13,0,14,0,0,30,0,30,0,1,43,0,44,24,0,24,68
05/19/2017,HUT,KS,ACE,CE,Federal Contract Tower,0,0,8,0,8,0,0,0,0,0,0,0,8,0,8,12,0,12,20
05/20/2017,HUT,KS,ACE,CE,Federal Contract Tower,0,0,17,0,17,0,2,1,0,3,0,2,18,0,20,0,0,0,20
05/21/2017,HUT,KS,ACE,CE,Federal Contract Tower,0,0,9,0,9,0,0,34,0,34,0,0,43,0,43,52,0,52,95
05/22/2017,HUT,KS,ACE,CE,Federal Contract Tower,0,0,10,0,10,0,3,21,2,26,0,3,31,2,36,46,6,52,88
05/23/2017,HUT,KS,ACE,CE,Federal Contract Tower,0,0,12,0,12,0,2,32,0,34,0,2,44,0,46,16,0,16,62
05/24/2017,HUT,KS,ACE,CE,Federal Contract Tower,0,0,8,6,14,0,0,30,6,36,0,0,38,12,50,16,4,20,70
05/25/2017,HUT,KS,ACE,CE,Federal Contract Tower,0,2,21,0,23,0,0,34,0,34,0,2,55,0,57,8,0,8,65
05/26/2017,HUT,KS,ACE,CE,Federal Contract Tower,0,0,5,0,5,0,0,18,0,18,0,0,23,0,23,84,0,84,107
05/27/2017,HUT,KS,ACE,CE,Federal Contract Tower,0,0,5,0,5,0,0,4,0,4,0,0,9,0,9,0,0,0,9
05/28/2017,HUT,KS,ACE,CE,Federal Contract Tower,0,0,5,0,5,0,0,22,0,22,0,0,27,0,27,10,0,10,37
05/29/2017,HUT,KS,ACE,CE,Federal Contract Tower,0,0,5,0,5,0,4,22,0,26,0,4,27,0,31,30,0,30,61
05/30/2017,HUT,KS,ACE,CE,Federal Contract Tower,0,0,11,14,25,0,2,36,2,40,0,2,47,16,65,64,12,76,141
05/31/2017,HUT,KS,ACE,CE,Federal Contract Tower,0,0,8,1,9,0,1,30,0,31,0,1,38,1,40,42,0,42,82
06/01/2017,HUT,KS,ACE,CE,Federal Contract Tower,0,0,15,8,23,0,1,45,0,46,0,1,60,8,69,52,0,52,121
06/02/2017,HUT,KS,ACE,CE,Federal Contract Tower,0,0,11,1,12,0,1,12,1,14,0,1,23,2,26,74,0,74,100
06/03/2017,HUT,KS,ACE,CE,Federal Contract Tower,0,0,7,0,7,0,0,4,0,4,0,0,11,0,11,10,0,10,21
06/04/2017,HUT,KS,ACE,CE,Federal Contract Tower,0,0,8,2,10,0,0,11,0,11,0,0,19,2,21,0,0,0,21
06/05/2017,HUT,KS,ACE,CE,Federal Contract Tower,0,0,9,3,12,0,2,45,1,48,0,2,54,4,60,90,6,96,156
06/06/2017,HUT,KS,ACE,CE,Federal Contract Tower,0,0,11,4,15,0,0,30,0,30,0,0,41,4,45,36,6,42,87
06/07/2017,HUT,KS,ACE,CE,Federal Contract Tower,0,0,12,2,14,0,0,38,0,38,0,0,50,2,52,60,0,60,112
06/08/2017,HUT,KS,ACE,CE,Federal Contract Tower,0,0,15,6,21,0,3,45,8,56,0,3,60,14,77,52,0,52,129
06/09/2017,HUT,KS,ACE,CE,Federal Contract Tower,0,0,7,0,7,0,2,30,0,32,0,2,37,0,39,50,0,50,89
06/10/2017,HUT,KS,ACE,CE,Federal Contract Tower,0,0,7,0,7,0,0,8,0,8,0,0,15,0,15,0,0,0,15
06/11/2017,HUT,KS,ACE,CE,Federal Contract Tower,0,0,4,0,4,0,4,16,0,20,0,4,20,0,24,0,0,0,24
06/12/2017,HUT,KS,ACE,CE,Federal Contract Tower,0,2,7,16,25,0,0,11,8,19,0,2,18,24,44,14,30,44,88
06/13/2017,HUT,KS,ACE,CE,Federal Contract Tower,0,0,5,2,7,0,2,6,0,8,0,2,11,2,15,22,2,24,39
06/14/2017,HUT,KS,ACE,CE,Federal Contract Tower,0,0,11,4,15,0,2,16,4,22,0,2,27,8,37,86,2,88,125
06/15/2017,HUT,KS,ACE,CE,Federal Contract Tower,0,0,9,2,11,0,0,36,0,36,0,0,45,2,47,34,0,34,81
06/16/2017,HUT,KS,ACE,CE,Federal Contract Tower,0,0,10,0,10,0,5,34,0,39,0,5,44,0,49,44,0,44,93
06/17/2017,HUT,KS,ACE,CE,Federal Contract Tower,0,2,5,0,7,0,1,20,11,32,0,3,25,11,39,90,14,104,143
06/18/2017,HUT,KS,ACE,CE,Federal Contract Tower,0,0,5,0,5,0,2,34,0,36,0,2,39,0,41,86,6,92,133
06/19/2017,HUT,KS,ACE,CE,Federal Contract Tower,0,0,5,7,12,0,2,11,17,30,0,2,16,24,42,68,16,84,126
06/20/2017,HUT,KS,ACE,CE,Federal Contract Tower,0,4,15,0,19,0,0,21,0,21,0,4,36,0,40,98,0,98,138
06/21/2017,HUT,KS,ACE,CE,Federal Contract Tower,0,0,17,3,20,0,16,26,7,49,0,16,43,10,69,84,4,88,157
06/22/2017,HUT,KS,ACE,CE,Federal Contract Tower,0,0,3,8,11,0,0,17,7,24,0,0,20,15,35,31,12,43,78
06/23/2017,HUT,KS,ACE,CE,Federal Contract Tower,0,0,12,15,27,0,5,14,0,19,0,5,26,15,46,18,14,32,78
06/24/2017,HUT,KS,ACE,CE,Federal Contract Tower,0,0,13,0,13,0,0,56,0,56,0,0,69,0,69,72,0,72,141
06/25/2017,HUT,KS,ACE,CE,Federal Contract Tower,0,2,5,0,7,0,0,12,0,12,0,2,17,0,19,8,0,8,27
06/26/2017,HUT,KS,ACE,CE,Federal Contract Tower,0,0,11,2,13,0,0,17,2,19,0,0,28,4,32,60,0,60,92
06/27/2017,HUT,KS,ACE,CE,Federal Contract Tower,0,0,14,0,14,0,0,13,0,13,0,0,27,0,27,40,0,40,67
06/28/2017,HUT,KS,ACE,CE,Federal Contract Tower,0,2,15,6,23,0,1,11,0,12,0,3,26,6,35,72,4,76,111
06/29/2017,HUT,KS,ACE,CE,Federal Contract Tower,0,0,10,5,15,0,0,5,1,6,0,0,15,6,21,48,24,72,93
06/30/2017,HUT,KS,ACE,CE,Federal Contract Tower,0,8,16,16,40,0,3,19,0,22,0,11,35,16,62,28,22,50,112
07/01/2017,HUT,KS,ACE,CE,Federal Contract Tower,0,1,8,0,9,0,0,34,0,34,0,1,42,0,43,16,0,16,59
07/02/2017,HUT,KS,ACE,CE,Federal Contract Tower,0,0,6,0,6,0,0,3,0,3,0,0,9,0,9,24,0,24,33
07/03/2017,HUT,KS,ACE,CE,Federal Contract Tower,0,1,10,0,11,0,0,30,0,30,0,1,40,0,41,22,0,22,63
07/04/2017,HUT,KS,ACE,CE,Federal Contract Tower,0,3,4,0,7,0,0,26,0,26,0,3,30,0,33,78,0,78,111
07/05/2017,HUT,KS,ACE,CE,Federal Contract Tower,0,0,8,8,16,0,2,29,2,33,0,2,37,10,49,52,10,62,111
07/06/2017,HUT,KS,ACE,CE,Federal Contract Tower,0,4,11,9,24,0,10,17,0,27,0,14,28,9,51,50,4,54,105
07/07/2017,HUT,KS,ACE,CE,Federal Contract Tower,0,2,15,9,26,0,2,29,1,32,0,4,44,10,58,36,18,54,112
07/08/2017,HUT,KS,ACE,CE,Federal Contract Tower,0,0,8,0,8,0,0,29,0,29,0,0,37,0,37,68,0,68,105
07/09/2017,HUT,KS,ACE,CE,Federal Contract Tower,0,0,6,0,6,0,2,17,0,19,0,2,23,0,25,28,0,28,53
07/10/2017,HUT,KS,ACE,CE,Federal Contract Tower,0,1,8,0,9,0,0,23,0,23,0,1,31,0,32,20,0,20,52
07/11/2017,HUT,KS,ACE,CE,Federal Contract Tower,0,0,9,4,13,0,0,22,0,22,0,0,31,4,35,34,10,44,79
07/12/2017,HUT,KS,ACE,CE,Federal Contract Tower,0,2,6,6,14,0,2,18,6,26,0,4,24,12,40,40,32,72,112
07/13/2017,HUT,KS,ACE,CE,Federal Contract Tower,0,0,12,0,12,0,4,21,0,25,0,4,33,0,37,34,0,34,71
07/14/2017,HUT,KS,ACE,CE,Federal Contract Tower,0,10,9,0,19,0,0,25,0,25,0,10,34,0,44,24,0,24,68
07/15/2017,HUT,KS,ACE,CE,Federal Contract Tower,0,0,15,0,15,0,0,36,0,36,0,0,51,0,51,86,0,86,137
07/16/2017,HUT,KS,ACE,CE,Federal Contract Tower,0,1,7,0,8,0,14,42,0,56,0,15,49,0,64,84,0,84,148
07/17/2017,HUT,KS,ACE,CE,Federal Contract Tower,0,0,8,0,8,0,1,45,0,46,0,1,53,0,54,50,0,50,104
07/18/2017,HUT,KS,ACE,CE,Federal Contract Tower,0,0,12,0,12,0,8,30,0,38,0,8,42,0,50,70,0,70,120
07/19/2017,HUT,KS,ACE,CE,Federal Contract Tower,0,0,7,5,12,0,2,28,0,30,0,2,35,5,42,44,6,50,92
07/20/2017,HUT,KS,ACE,CE,Federal Contract Tower,0,1,9,0,10,0,0,36,0,36,0,1,45,0,46,22,0,22,68
07/21/2017,HUT,KS,ACE,CE,Federal Contract Tower,0,0,7,4,11,0,0,15,0,15,0,0,22,4,26,32,6,38,64
07/22/2017,HUT,KS,ACE,CE,Federal Contract Tower,0,1,8,0,9,0,2,19,0,21,0,3,27,0,30,16,0,16,46
07/23/2017,HUT,KS,ACE,CE,Federal Contract Tower,0,0,8,0,8,0,41,13,0,54,0,41,21,0,62,70,0,70,132
07/24/2017,HUT,KS,ACE,CE,Federal Contract Tower,0,2,12,0,14,0,2,30,0,32,0,4,42,0,46,90,0,90,136
07/25/2017,HUT,KS,ACE,CE,Federal Contract Tower,0,0,11,0,11,0,5,23,2,30,0,5,34,2,41,44,6,50,91
07/26/2017,HUT,KS,ACE,CE,Federal Contract Tower,0,2,6,0,8,0,8,8,0,16,0,10,14,0,24,36,0,36,60
07/27/2017,HUT,KS,ACE,CE,Federal Contract Tower,0,2,18,4,24,0,2,7,0,9,0,4,25,4,33,12,0,12,45
07/28/2017,HUT,KS,ACE,CE,Federal Contract Tower,0,2,11,0,13,0,2,19,0,21,0,4,30,0,34,54,0,54,88
07/29/2017,HUT,KS,ACE,CE,Federal Contract Tower,0,1,4,0,5,0,0,29,0,29,0,1,33,0,34,44,0,44,78
07/30/2017,HUT,KS,ACE,CE,Federal Contract Tower,0,0,5,4,9,0,2,24,0,26,0,2,29,4,35,72,0,72,107
07/31/2017,HUT,KS,ACE,CE,Federal Contract Tower,0,0,21,0,21,0,2,29,0,31,0,2,50,0,52,96,0,96,148
08/01/2017,HUT,KS,ACE,CE,Federal Contract Tower,0,5,17,3,25,0,2,28,3,33,0,7,45,6,58,72,0,72,130
08/02/2017,HUT,KS,ACE,CE,Federal Contract Tower,0,1,15,10,26,0,0,25,8,33,0,1,40,18,59,36,6,42,101
08/03/2017,HUT,KS,ACE,CE,Federal Contract Tower,0,0,8,4,12,0,1,42,2,45,0,1,50,6,57,26,24,50,107
08/04/2017,HUT,KS,ACE,CE,Federal Contract Tower,0,2,9,16,27,0,0,13,2,15,0,2,22,18,42,56,20,76,118
08/05/2017,HUT,KS,ACE,CE,Federal Contract Tower,0,0,3,0,3,0,0,7,0,7,0,0,10,0,10,0,0,0,10
08/06/2017,HUT,KS,ACE,CE,Federal Contract Tower,0,0,4,4,8,0,1,4,0,5,0,1,8,4,13,10,0,10,23
08/07/2017,HUT,KS,ACE,CE,Federal Contract Tower,0,3,7,5,15,0,6,14,1,21,0,9,21,6,36,60,4,64,100
08/08/2017,HUT,KS,ACE,CE,Federal Contract Tower,0,0,8,1,9,0,4,27,11,42,0,4,35,12,51,132,8,140,191
08/09/2017,HUT,KS,ACE,CE,Federal Contract Tower,0,0,5,8,13,0,0,11,2,13,0,0,16,10,26,22,0,22,48
08/10/2017,HUT,KS,ACE,CE,Federal Contract Tower,0,0,24,6,30,0,0,2,0,2,0,0,26,6,32,18,10,28,60
08/11/2017,HUT,KS,ACE,CE,Federal Contract Tower,0,1,13,6,20,0,4,7,3,14,0,5,20,9,34,48,4,52,86
08/12/2017,HUT,KS,ACE,CE,Federal Contract Tower,0,2,8,0,10,0,0,17,0,17,0,2,25,0,27,26,0,26,53
08/13/2017,HUT,KS,ACE,CE,Federal Contract Tower,0,0,10,0,10,0,0,17,0,17,0,0,27,0,27,38,0,38,65
08/14/2017,HUT,KS,ACE,CE,Federal Contract Tower,0,4,7,16,27,0,0,5,4,9,0,4,12,20,36,26,28,54,90
08/15/2017,HUT,KS,ACE,CE,Federal Contract Tower,0,2,10,40,52,0,2,13,0,15,0,4,23,40,67,62,52,114,181
08/16/2017,HUT,KS,ACE,CE,Federal Contract Tower,0,0,12,0,12,0,5,10,0,15,0,5,22,0,27,68,0,68,95
08/17/2017,HUT,KS,ACE,CE,Federal Contract Tower,0,2,25,11,38,0,3,24,1,28,0,5,49,12,66,58,4,62,128
08/18/2017,HUT,KS,ACE,CE,Federal Contract Tower,0,4,12,0,16,0,2,21,2,25,0,6,33,2,41,50,6,56,97
08/19/2017,HUT,KS,ACE,CE,Federal Contract Tower,0,0,6,0,6,0,1,15,0,16,0,1,21,0,22,4,0,4,26
08/20/2017,HUT,KS,ACE,CE,Federal Contract Tower,0,0,3,18,21,0,0,15,2,17,0,0,18,20,38,4,4,8,46
08/21/2017,HUT,KS,ACE,CE,Federal Contract Tower,0,3,10,6,19,0,3,53,0,56,0,6,63,6,75,41,2,43,118
08/22/2017,HUT,KS,ACE,CE,Federal Contract Tower,0,1,15,15,31,0,3,13,2,18,0,4,28,17,49,54,24,78,127
08/23/2017,HUT,KS,ACE,CE,Federal Contract Tower,0,2,8,25,35,0,0,44,3,47,0,2,52,28,82,62,12,74,156
08/24/2017,HUT,KS,ACE,CE,Federal Contract Tower,0,0,5,25,30,0,6,42,0,48,0,6,47,25,78,64,14,78,156
08/25/2017,HUT,KS,ACE,CE,Federal Contract Tower,0,0,7,4,11,0,3,19,3,25,0,3,26,7,36,34,4,38,74
08/26/2017,HUT,KS,ACE,CE,Federal Contract Tower,0,0,6,0,6,0,8,9,1,18,0,8,15,1,24,0,0,0,24
08/27/2017,HUT,KS,ACE,CE,Federal Contract Tower,0,1,3,0,4,0,2,10,0,12,0,3,13,0,16,8,0,8,24
08/28/2017,HUT,KS,ACE,CE,Federal Contract Tower,0,3,7,17,27,0,5,23,1,29,0,8,30,18,56,50,28,78,134
08/29/2017,HUT,KS,ACE,CE,Federal Contract Tower,0,2,3,16,21,0,2,41,4,47,0,4,44,20,68,106,42,148,216
08/30/2017,HUT,KS,ACE,CE,Federal Contract Tower,0,0,13,24,37,0,4,37,0,41,0,4,50,24,78,76,8,84,162
08/31/2017,HUT,KS,ACE,CE,Federal Contract Tower,0,0,9,4,13,0,0,20,0,20,0,0,29,4,33,34,0,34,67
09/01/2017,HUT,KS,ACE,CE,Federal Contract Tower,0,0,5,0,5,0,1,19,0,20,0,1,24,0,25,38,0,38,63
09/02/2017,HUT,KS,ACE,CE,Federal Contract Tower,0,0,4,0,4,0,4,21,0,25,0,4,25,0,29,44,0,44,73
09/03/2017,HUT,KS,ACE,CE,Federal Contract Tower,0,0,1,0,1,0,0,15,0,15,0,0,16,0,16,34,0,34,50
09/04/2017,HUT,KS,ACE,CE,Federal Contract Tower,0,0,5,0,5,0,1,15,0,16,0,1,20,0,21,50,0,50,71
09/05/2017,HUT,KS,ACE,CE,Federal Contract Tower,0,1,10,10,21,0,2,14,0,16,0,3,24,10,37,46,22,68,105
09/06/2017,HUT,KS,ACE,CE,Federal Contract Tower,0,3,19,8,30,0,7,35,8,50,0,10,54,16,80,42,24,66,146
09/07/2017,HUT,KS,ACE,CE,Federal Contract Tower,0,2,13,26,41,0,3,14,2,19,0,5,27,28,60,42,32,74,134
09/08/2017,HUT,KS,ACE,CE,Federal Contract Tower,0,2,16,12,30,0,2,27,0,29,0,4,43,12,59,58,34,92,151
09/09/2017,HUT,KS,ACE,CE,Federal Contract Tower,0,4,10,2,16,0,10,59,2,71,0,14,69,4,87,138,6,144,231
09/10/2017,HUT,KS,ACE,CE,Federal Contract Tower,0,0,3,2,5,0,10,31,0,41,0,10,34,2,46,84,4,88,134
09/11/2017,HUT,KS,ACE,CE,Federal Contract Tower,0,0,3,6,9,0,0,17,0,17,0,0,20,6,26,70,14,84,110
09/12/2017,HUT,KS,ACE,CE,Federal Contract Tower,0,0,4,18,22,0,7,26,2,35,0,7,30,20,57,76,44,120,177
09/13/2017,HUT,KS,ACE,CE,Federal Contract Tower,0,0,19,10,29,0,20,33,0,53,0,20,52,10,82,112,24,136,218
09/14/2017,HUT,KS,ACE,CE,Federal Contract Tower,0,0,10,5,15,0,1,21,0,22,0,1,31,5,37,54,4,58,95
09/15/2017,HUT,KS,ACE,CE,Federal Contract Tower,0,0,10,4,14,0,0,9,0,9,0,0,19,4,23,10,14,24,47
09/16/2017,HUT,KS,ACE,CE,Federal Contract Tower,0,0,3,0,3,0,1,17,0,18,0,1,20,0,21,36,0,36,57
09/17/2017,HUT,KS,ACE,CE,Federal Contract Tower,0,0,12,0,12,0,0,2,0,2,0,0,14,0,14,0,0,0,14
09/18/2017,HUT,KS,ACE,CE,Federal Contract Tower,0,0,6,4,10,0,5,8,0,13,0,5,14,4,23,48,10,58,81
09/19/2017,HUT,KS,ACE,CE,Federal Contract Tower,0,0,5,4,9,0,2,9,0,11,0,2,14,4,20,72,8,80,100
09/20/2017,HUT,KS,ACE,CE,Federal Contract Tower,0,0,9,0,9,0,2,37,0,39,0,2,46,0,48,172,0,172,220
09/21/2017,HUT,KS,ACE,CE,Federal Contract Tower,0,2,4,0,6,0,0,12,0,12,0,2,16,0,18,34,0,34,52
09/22/2017,HUT,KS,ACE,CE,Federal Contract Tower,0,2,14,0,16,0,0,15,0,15,0,2,29,0,31,26,0,26,57
09/23/2017,HUT,KS,ACE,CE,Federal Contract Tower,0,0,5,0,5,0,3,13,0,16,0,3,18,0,21,26,0,26,47
09/24/2017,HUT,KS,ACE,CE,Federal Contract Tower,0,0,3,0,3,0,2,7,0,9,0,2,10,0,12,30,0,30,42
09/25/2017,HUT,KS,ACE,CE,Federal Contract Tower,0,0,1,0,1,0,0,3,0,3,0,0,4,0,4,6,0,6,10
09/26/2017,HUT,KS,ACE,CE,Federal Contract Tower,0,0,11,0,11,0,0,3,0,3,0,0,14,0,14,12,0,12,26
09/27/2017,HUT,KS,ACE,CE,Federal Contract Tower,0,0,15,0,15,0,1,21,0,22,0,1,36,0,37,54,0,54,91
09/28/2017,HUT,KS,ACE,CE,Federal Contract Tower,0,0,12,0,12,0,1,60,0,61,0,1,72,0,73,44,0,44,117
09/29/2017,HUT,KS,ACE,CE,Federal Contract Tower,0,2,8,1,11,0,2,19,0,21,0,4,27,1,32,12,4,16,48
09/30/2017,HUT,KS,ACE,CE,Federal Contract Tower,0,0,7,0,7,0,0,31,6,37,0,0,38,6,44,64,0,64,108
10/01/2017,HUT,KS,ACE,CE,Federal Contract Tower,0,0,6,0,6,0,4,15,0,19,0,4,21,0,25,82,0,82,107
10/02/2017,HUT,KS,ACE,CE,Federal Contract Tower,0,0,9,0,9,0,1,22,0,23,0,1,31,0,32,28,0,28,60
10/03/2017,HUT,KS,ACE,CE,Federal Contract Tower,0,0,6,0,6,0,2,2,0,4,0,2,8,0,10,12,0,12,22
10/04/2017,HUT,KS,ACE,CE,Federal Contract Tower,0,1,8,0,9,0,0,0,0,0,0,1,8,0,9,8,0,8,17
10/05/2017,HUT,KS,ACE,CE,Federal Contract Tower,0,2,9,0,11,0,0,7,0,7,0,2,16,0,18,8,0,8,26
10/06/2017,HUT,KS,ACE,CE,Federal Contract Tower,0,0,11,0,11,0,0,18,0,18,0,0,29,0,29,8,0,8,37
10/07/2017,HUT,KS,ACE,CE,Federal Contract Tower,0,0,5,0,5,0,2,19,0,21,0,2,24,0,26,92,0,92,118
10/08/2017,HUT,KS,ACE,CE,Federal Contract Tower,0,0,6,0,6,0,0,20,0,20,0,0,26,0,26,56,0,56,82
10/09/2017,HUT,KS,ACE,CE,Federal Contract Tower,0,2,6,0,8,0,4,10,0,14,0,6,16,0,22,24,0,24,46
10/10/2017,HUT,KS,ACE,CE,Federal Contract Tower,0,0,11,0,11,0,6,11,0,17,0,6,22,0,28,44,0,44,72
10/11/2017,HUT,KS,ACE,CE,Federal Contract Tower,0,0,16,0,16,0,0,32,2,34,0,0,48,2,50,64,0,64,114
10/12/2017,HUT,KS,ACE,CE,Federal Contract Tower,0,0,10,0,10,0,0,20,0,20,0,0,30,0,30,22,0,22,52
10/13/2017,HUT,KS,ACE,CE,Federal Contract Tower,0,1,16,6,23,0,0,21,0,21,0,1,37,6,44,26,8,34,78
10/14/2017,HUT,KS,ACE,CE,Federal Contract Tower,0,0,0,0,0,0,0,4,0,4,0,0,4,0,4,122,0,122,126
10/15/2017,HUT,KS,ACE,CE,Federal Contract Tower,0,0,0,0,0,0,2,11,0,13,0,2,11,0,13,14,0,14,27
10/16/2017,HUT,KS,ACE,CE,Federal Contract Tower,0,0,13,0,13,0,0,26,0,26,0,0,39,0,39,66,0,66,105
10/17/2017,HUT,KS,ACE,CE,Federal Contract Tower,0,0,13,2,15,0,0,25,0,25,0,0,38,2,40,46,2,48,88
10/18/2017,HUT,KS,ACE,CE,Federal Contract Tower,0,1,12,2,15,0,0,21,0,21,0,1,33,2,36,46,6,52,88
10/19/2017,HUT,KS,ACE,CE,Federal Contract Tower,0,0,6,3,9,0,2,36,0,38,0,2,42,3,47,44,4,48,95
10/20/2017,HUT,KS,ACE,CE,Federal Contract Tower,0,0,9,2,11,0,3,10,0,13,0,3,19,2,24,38,4,42,66
10/21/2017,HUT,KS,ACE,CE,Federal Contract Tower,0,0,5,0,5,0,0,1,0,1,0,0,6,0,6,0,0,0,6
10/22/2017,HUT,KS,ACE,CE,Federal Contract Tower,0,0,9,0,9,0,10,23,0,33,0,10,32,0,42,56,0,56,98
10/23/2017,HUT,KS,ACE,CE,Federal Contract Tower,0,2,5,0,7,0,4,49,2,55,0,6,54,2,62,66,0,66,128
10/24/2017,HUT,KS,ACE,CE,Federal Contract Tower,0,2,2,0,4,0,0,14,2,16,0,2,16,2,20,34,0,34,54
10/25/2017,HUT,KS,ACE,CE,Federal Contract Tower,0,2,5,2,9,0,3,24,4,31,0,5,29,6,40,56,4,60,100
10/26/2017,HUT,KS,ACE,CE,Federal Contract Tower,0,4,8,0,12,0,3,25,0,28,0,7,33,0,40,26,0,26,66
10/27/2017,HUT,KS,ACE,CE,Federal Contract Tower,0,0,10,4,14,0,1,8,0,9,0,1,18,4,23,34,12,46,69
10/28/2017,HUT,KS,ACE,CE,Federal Contract Tower,0,0,3,0,3,0,0,12,0,12,0,0,15,0,15,4,0,4,19
10/29/2017,HUT,KS,ACE,CE,Federal Contract Tower,0,0,6,2,8,0,0,26,2,28,0,0,32,4,36,80,4,84,120
10/30/2017,HUT,KS,ACE,CE,Federal Contract Tower,0,0,10,2,12,0,2,18,0,20,0,2,28,2,32,68,0,68,100
10/31/2017,HUT,KS,ACE,CE,Federal Contract Tower,0,0,11,0,11,0,4,8,0,12,0,4,19,0,23,44,0,44,67
11/01/2017,HUT,KS,ACE,CE,Federal Contract Tower,0,2,8,0,10,0,4,9,0,13,0,6,17,0,23,44,0,44,67
11/02/2017,HUT,KS,ACE,CE,Federal Contract Tower,0,0,9,0,9,0,0,0,2,2,0,0,9,2,11,10,0,10,21
11/03/2017,HUT,KS,ACE,CE,Federal Contract Tower,0,2,9,1,12,0,0,26,0,26,0,2,35,1,38,38,0,38,76
11/04/2017,HUT,KS,ACE,CE,Federal Contract Tower,0,0,9,0,9,0,0,0,0,0,0,0,9,0,9,0,0,0,9
11/05/2017,HUT,KS,ACE,CE,Federal Contract Tower,0,2,11,0,13,0,0,2,0,2,0,2,13,0,15,14,0,14,29
11/06/2017,HUT,KS,ACE,CE,Federal Contract Tower,0,2,10,8,20,0,0,18,0,18,0,2,28,8,38,60,26,86,124
11/07/2017,HUT,KS,ACE,CE,Federal Contract Tower,0,0,9,7,16,0,0,11,3,14,0,0,20,10,30,30,18,48,78
11/08/2017,HUT,KS,ACE,CE,Federal Contract Tower,0,0,13,2,15,0,14,42,2,58,0,14,55,4,73,120,8,128,201
11/09/2017,HUT,KS,ACE,CE,Federal Contract Tower,0,0,14,0,14,0,3,40,0,43,0,3,54,0,57,60,0,60,117
11/10/2017,HUT,KS,ACE,CE,Federal Contract Tower,0,0,5,0,5,0,2,13,0,15,0,2,18,0,20,24,0,24,44
11/11/2017,HUT,KS,ACE,CE,Federal Contract Tower,0,0,16,0,16,0,0,0,0,0,0,0,16,0,16,0,0,0,16
11/12/2017,HUT,KS,ACE,CE,Federal Contract Tower,0,1,12,0,13,0,2,4,0,6,0,3,16,0,19,2,0,2,21
11/13/2017,HUT,KS,ACE,CE,Federal Contract Tower,0,0,23,0,23,0,2,2,0,4,0,2,25,0,27,12,0,12,39
11/14/2017,HUT,KS,ACE,CE,Federal Contract Tower,0,3,9,0,12,0,0,0,0,0,0,3,9,0,12,2,0,2,14
11/15/2017,HUT,KS,ACE,CE,Federal Contract Tower,0,0,10,2,12,0,6,31,0,37,0,6,41,2,49,14,4,18,67
11/16/2017,HUT,KS,ACE,CE,Federal Contract Tower,0,0,11,4,15,0,2,45,1,48,0,2,56,5,63,34,0,34,97
11/17/2017,HUT,KS,ACE,CE,Federal Contract Tower,0,1,3,1,5,0,0,18,1,19,0,1,21,2,24,38,2,40,64
11/18/2017,HUT,KS,ACE,CE,Federal Contract Tower,0,0,5,0,5,0,0,10,9,19,0,0,15,9,24,12,6,18,42
11/19/2017,HUT,KS,ACE,CE,Federal Contract Tower,0,0,2,0,2,0,0,12,0,12,0,0,14,0,14,56,0,56,70
11/20/2017,HUT,KS,ACE,CE,Federal Contract Tower,0,0,8,4,12,0,0,20,4,24,0,0,28,8,36,34,20,54,90
11/21/2017,HUT,KS,ACE,CE,Federal Contract Tower,0,0,1,4,5,0,0,15,2,17,0,0,16,6,22,14,8,22,44
11/22/2017,HUT,KS,ACE,CE,Federal Contract Tower,0,2,9,12,23,0,1,16,0,17,0,3,25,12,40,40,12,52,92
11/23/2017,HUT,KS,ACE,CE,Federal Contract Tower,0,0,2,0,2,0,2,12,0,14,0,2,14,0,16,24,0,24,40
11/24/2017,HUT,KS,ACE,CE,Federal Contract Tower,0,0,5,0,5,0,0,13,3,16,0,0,18,3,21,20,0,20,41
11/25/2017,HUT,KS,ACE,CE,Federal Contract Tower,0,0,4,0,4,0,0,24,0,24,0,0,28,0,28,46,0,46,74
11/26/2017,HUT,KS,ACE,CE,Federal Contract Tower,0,2,3,0,5,0,0,20,0,20,0,2,23,0,25,12,0,12,37
11/27/2017,HUT,KS,ACE,CE,Federal Contract Tower,0,0,6,0,6,0,0,11,0,11,0,0,17,0,17,16,0,16,33
11/28/2017,HUT,KS,ACE,CE,Federal Contract Tower,0,0,10,0,10,0,4,9,2,15,0,4,19,2,25,32,2,34,59
11/29/2017,HUT,KS,ACE,CE,Federal Contract Tower,0,0,12,10,22,0,2,36,4,42,0,2,48,14,64,39,12,51,115
11/30/2017,HUT,KS,ACE,CE,Federal Contract Tower,0,0,4,0,4,0,24,29,0,53,0,24,33,0,57,60,0,60,117
12/01/2017,HUT,KS,ACE,CE,Federal Contract Tower,0,0,8,2,10,0,0,23,0,23,0,0,31,2,33,34,0,34,67
12/02/2017,HUT,KS,ACE,CE,Federal Contract Tower,0,0,7,0,7,0,0,36,0,36,0,0,43,0,43,64,0,64,107
12/03/2017,HUT,KS,ACE,CE,Federal Contract Tower,0,1,6,0,7,0,0,13,0,13,0,1,19,0,20,24,0,24,44
12/04/2017,HUT,KS,ACE,CE,Federal Contract Tower,0,2,7,12,21,0,2,6,2,10,0,4,13,14,31,18,14,32,63
12/05/2017,HUT,KS,ACE,CE,Federal Contract Tower,0,2,4,6,12,0,5,7,2,14,0,7,11,8,26,20,16,36,62
12/06/2017,HUT,KS,ACE,CE,Federal Contract Tower,0,1,5,0,6,0,1,7,2,10,0,2,12,2,16,12,0,12,28
12/07/2017,HUT,KS,ACE,CE,Federal Contract Tower,0,0,9,0,9,0,3,59,0,62,0,3,68,0,71,64,0,64,135
12/08/2017,HUT,KS,ACE,CE,Federal Contract Tower,0,2,10,1,13,0,1,13,1,15,0,3,23,2,28,22,0,22,50
12/09/2017,HUT,KS,ACE,CE,Federal Contract Tower,0,0,3,0,3,0,0,25,2,27,0,0,28,2,30,8,0,8,38
12/10/2017,HUT,KS,ACE,CE,Federal Contract Tower,0,0,3,2,5,0,0,16,0,16,0,0,19,2,21,38,12,50,71
12/11/2017,HUT,KS,ACE,CE,Federal Contract Tower,0,0,6,4,10,0,2,36,0,38,0,2,42,4,48,48,0,48,96
12/12/2017,HUT,KS,ACE,CE,Federal Contract Tower,0,2,9,4,15,0,2,27,2,31,0,4,36,6,46,32,4,36,82
12/13/2017,HUT,KS,ACE,CE,Federal Contract Tower,0,0,18,4,22,0,11,36,0,47,0,11,54,4,69,56,6,62,131
12/14/2017,HUT,KS,ACE,CE,Federal Contract Tower,0,1,8,2,11,0,0,30,4,34,0,1,38,6,45,72,4,76,121
12/15/2017,HUT,KS,ACE,CE,Federal Contract Tower,0,1,9,0,10,0,3,17,0,20,0,4,26,0,30,46,0,46,76
12/16/2017,HUT,KS,ACE,CE,Federal Contract Tower,0,0,1,0,1,0,0,19,0,19,0,0,20,0,20,10,0,10,30
12/17/2017,HUT,KS,ACE,CE,Federal Contract Tower,0,0,4,0,4,0,2,4,0,6,0,2,8,0,10,10,0,10,20
12/18/2017,HUT,KS,ACE,CE,Federal Contract Tower,0,2,3,2,7,0,0,25,0,25,0,2,28,2,32,26,0,26,58
12/19/2017,HUT,KS,ACE,CE,Federal Contract Tower,0,0,8,10,18,0,0,17,0,17,0,0,25,10,35,18,20,38,73
12/20/2017,HUT,KS,ACE,CE,Federal Contract Tower,0,3,19,0,22,0,0,0,0,0,0,3,19,0,22,0,0,0,22
12/21/2017,HUT,KS,ACE,CE,Federal Contract Tower,0,0,21,2,23,0,0,1,0,1,0,0,22,2,24,18,2,20,44
12/22/2017,HUT,KS,ACE,CE,Federal Contract Tower,0,0,9,6,15,0,1,21,0,22,0,1,30,6,37,26,0,26,63
12/23/2017,HUT,KS,ACE,CE,Federal Contract Tower,0,1,9,0,10,0,1,20,0,21,0,2,29,0,31,20,0,20,51
12/24/2017,HUT,KS,ACE,CE,Federal Contract Tower,0,0,2,0,2,0,2,8,0,10,0,2,10,0,12,6,0,6,18
12/25/2017,HUT,KS,ACE,CE,Federal Contract Tower,0,0,2,0,2,0,0,5,0,5,0,0,7,0,7,6,0,6,13
12/26/2017,HUT,KS,ACE,CE,Federal Contract Tower,0,0,5,0,5,0,0,1,0,1,0,0,6,0,6,8,0,8,14
12/27/2017,HUT,KS,ACE,CE,Federal Contract Tower,0,2,7,0,9,0,9,7,0,16,0,11,14,0,25,10,0,10,35
12/28/2017,HUT,KS,ACE,CE,Federal Contract Tower,0,0,8,0,8,0,1,25,0,26,0,1,33,0,34,14,0,14,48
12/29/2017,HUT,KS,ACE,CE,Federal Contract Tower,0,0,11,0,11,0,1,3,0,4,0,1,14,0,15,0,0,0,15
12/30/2017,HUT,KS,ACE,CE,Federal Contract Tower,0,1,7,0,8,0,2,4,0,6,0,3,11,0,14,0,0,0,14
12/31/2017,HUT,KS,ACE,CE,Federal Contract Tower,0,0,2,0,2,0,0,0,0,0,0,0,2,0,2,0,0,0,2
01/01/2018,HUT,KS,ACE,CE,Federal Contract Tower,0,0,2,0,2,0,0,1,0,1,0,0,3,0,3,0,0,0,3
01/02/2018,HUT,KS,ACE,CE,Federal Contract Tower,0,2,4,2,8,0,6,3,0,9,0,8,7,2,17,8,2,10,27
01/03/2018,HUT,KS,ACE,CE,Federal Contract Tower,0,2,6,1,9,0,0,11,1,12,0,2,17,2,21,16,0,16,37
01/04/2018,HUT,KS,ACE,CE,Federal Contract Tower,0,0,7,1,8,0,2,20,1,23,0,2,27,2,31,14,0,14,45
01/05/2018,HUT,KS,ACE,CE,Federal Contract Tower,0,2,11,0,13,0,3,13,2,18,0,5,24,2,31,54,0,54,85
01/06/2018,HUT,KS,ACE,CE,Federal Contract Tower,0,0,6,0,6,0,8,25,0,33,0,8,31,0,39,42,0,42,81
01/07/2018,HUT,KS,ACE,CE,Federal Contract Tower,0,0,4,0,4,0,1,2,0,3,0,1,6,0,7,0,0,0,7
01/08/2018,HUT,KS,ACE,CE,Federal Contract Tower,0,2,5,0,7,0,0,19,0,19,0,2,24,0,26,20,0,20,46
01/09/2018,HUT,KS,ACE,CE,Federal Contract Tower,0,0,11,0,11,0,2,17,2,21,0,2,28,2,32,16,0,16,48
01/10/2018,HUT,KS,ACE,CE,Federal Contract Tower,0,4,9,2,15,0,0,10,2,12,0,4,19,4,27,14,2,16,43
01/11/2018,HUT,KS,ACE,CE,Federal Contract Tower,0,0,9,0,9,0,0,11,0,11,0,0,20,0,20,0,0,0,20
01/12/2018,HUT,KS,ACE,CE,Federal Contract Tower,0,0,8,0,8,0,2,15,0,17,0,2,23,0,25,18,0,18,43
01/13/2018,HUT,KS,ACE,CE,Federal Contract Tower,0,0,4,0,4,0,3,10,0,13,0,3,14,0,17,2,0,2,19
01/14/2018,HUT,KS,ACE,CE,Federal Contract Tower,0,0,4,0,4,0,3,9,0,12,0,3,13,0,16,6,0,6,22
01/15/2018,HUT,KS,ACE,CE,Federal Contract Tower,0,0,6,0,6,0,0,2,0,2,0,0,8,0,8,8,0,8,16
01/16/2018,HUT,KS,ACE,CE,Federal Contract Tower,0,0,4,0,4,0,8,8,0,16,0,8,12,0,20,10,0,10,30
01/17/2018,HUT,KS,ACE,CE,Federal Contract Tower,0,2,9,0,11,0,18,10,0,28,0,20,19,0,39,32,0,32,71
01/18/2018,HUT,KS,ACE,CE,Federal Contract Tower,0,1,8,2,11,0,2,20,2,24,0,3,28,4,35,26,4,30,65
01/19/2018,HUT,KS,ACE,CE,Federal Contract Tower,0,1,9,0,10,0,3,7,0,10,0,4,16,0,20,10,0,10,30
01/20/2018,HUT,KS,ACE,CE,Federal Contract Tower,0,0,9,0,9,0,2,24,0,26,0,2,33,0,35,70,0,70,105
01/21/2018,HUT,KS,ACE,CE,Federal Contract Tower,0,0,10,0,10,0,2,10,0,12,0,2,20,0,22,46,0,46,68
01/22/2018,HUT,KS,ACE,CE,Federal Contract Tower,0,0,5,0,5,0,2,4,0,6,0,2,9,0,11,14,0,14,25
01/23/2018,HUT,KS,ACE,CE,Federal Contract Tower,0,0,13,0,13,0,7,49,0,56,0,7,62,0,69,52,0,52,121
01/24/2018,HUT,KS,ACE,CE,Federal Contract Tower,0,0,7,6,13,0,2,56,20,78,0,2,63,26,91,80,2,82,173
01/25/2018,HUT,KS,ACE,CE,Federal Contract Tower,0,0,7,3,10,0,2,44,0,46,0,2,51,3,56,4,0,4,60
01/26/2018,HUT,KS,ACE,CE,Federal Contract Tower,0,0,2,0,2,0,0,34,2,36,0,0,36,2,38,28,0,28,66
01/27/2018,HUT,KS,ACE,CE,Federal Contract Tower,0,0,3,0,3,0,0,33,0,33,0,0,36,0,36,44,0,44,80
01/28/2018,HUT,KS,ACE,CE,Federal Contract Tower,0,0,2,0,2,0,4,29,0,33,0,4,31,0,35,66,0,66,101
01/29/2018,HUT,KS,ACE,CE,Federal Contract Tower,0,0,11,0,11,0,2,66,4,72,0,2,77,4,83,65,8,73,156
01/30/2018,HUT,KS,ACE,CE,Federal Contract Tower,0,1,2,5,8,0,0,10,5,15,0,1,12,10,23,36,6,42,65
01/31/2018,HUT,KS,ACE,CE,Federal Contract Tower,0,3,7,8,18,0,13,22,6,41,0,16,29,14,59,54,14,68,127
02/01/2018,HUT,KS,ACE,CE,Federal Contract Tower,0,0,4,0,4,0,8,10,6,24,0,8,14,6,28,32,0,32,60
02/02/2018,HUT,KS,ACE,CE,Federal Contract Tower,0,0,4,7,11,0,2,5,2,9,0,2,9,9,20,16,10,26,46
02/03/2018,HUT,KS,ACE,CE,Federal Contract Tower,0,0,11,2,13,0,1,22,0,23,0,1,33,2,36,64,0,64,100
02/04/2018,HUT,KS,ACE,CE,Federal Contract Tower,0,0,2,0,2,0,2,2,0,4,0,2,4,0,6,18,0,18,24
02/05/2018,HUT,KS,ACE,CE,Federal Contract Tower,0,0,8,3,11,0,5,7,1,13,0,5,15,4,24,20,0,20,44
02/06/2018,HUT,KS,ACE,CE,Federal Contract Tower,0,0,9,4,13,0,0,17,0,17,0,0,26,4,30,6,2,8,38
02/07/2018,HUT,KS,ACE,CE,Federal Contract Tower,0,4,10,6,20,0,1,8,0,9,0,5,18,6,29,30,10,40,69
02/08/2018,HUT,KS,ACE,CE,Federal Contract Tower,0,2,8,6,16,0,9,25,2,36,0,11,33,8,52,88,4,92,144
02/09/2018,HUT,KS,ACE,CE,Federal Contract Tower,0,0,7,2,9,0,1,4,0,5,0,1,11,2,14,8,0,8,22
02/10/2018,HUT,KS,ACE,CE,Federal Contract Tower,0,1,3,0,4,0,0,0,0,0,0,1,3,0,4,0,0,0,4
02/11/2018,HUT,KS,ACE,CE,Federal Contract Tower,0,1,2,0,3,0,9,14,0,23,0,10,16,0,26,63,0,63,89
02/12/2018,HUT,KS,ACE,CE,Federal Contract Tower,0,0,9,2,11,0,2,13,0,15,0,2,22,2,26,34,4,38,64
02/13/2018,HUT,KS,ACE,CE,Federal Contract Tower,0,2,5,6,13,0,4,19,2,25,0,6,24,8,38,28,14,42,80
02/14/2018,HUT,KS,ACE,CE,Federal Contract Tower,0,0,16,4,20,0,0,18,4,22,0,0,34,8,42,34,4,38,80
02/15/2018,HUT,KS,ACE,CE,Federal Contract Tower,0,0,0,1,1,0,0,56,1,57,0,0,56,2,58,58,0,58,116
02/16/2018,HUT,KS,ACE,CE,Federal Contract Tower,0,0,4,12,16,0,0,13,1,14,0,0,17,13,30,16,16,32,62
02/17/2018,HUT,KS,ACE,CE,Federal Contract Tower,0,2,4,0,6,0,0,20,0,20,0,2,24,0,26,74,0,74,100
02/18/2018,HUT,KS,ACE,CE,Federal Contract Tower,0,1,2,0,3,0,0,0,0,0,0,1,2,0,3,0,0,0,3
02/19/2018,HUT,KS,ACE,CE,Federal Contract Tower,0,0,4,0,4,0,2,2,0,4,0,2,6,0,8,0,0,0,8
02/20/2018,HUT,KS,ACE,CE,Federal Contract Tower,0,0,3,1,4,0,0,5,3,8,0,0,8,4,12,22,0,22,34
02/21/2018,HUT,KS,ACE,CE,Federal Contract Tower,0,5,5,1,11,0,0,5,3,8,0,5,10,4,19,22,0,22,41
02/22/2018,HUT,KS,ACE,CE,Federal Contract Tower,0,0,1,0,1,0,0,0,0,0,0,0,1,0,1,8,0,8,9
02/23/2018,HUT,KS,ACE,CE,Federal Contract Tower,0,1,3,0,4,0,0,10,0,10,0,1,13,0,14,20,0,20,34
02/24/2018,HUT,KS,ACE,CE,Federal Contract Tower,0,5,0,0,5,0,1,2,0,3,0,6,2,0,8,2,0,2,10
02/25/2018,HUT,KS,ACE,CE,Federal Contract Tower,0,0,8,0,8,0,8,31,0,39,0,8,39,0,47,60,0,60,107
02/26/2018,HUT,KS,ACE,CE,Federal Contract Tower,0,1,9,0,10,0,0,13,0,13,0,1,22,0,23,20,0,20,43
02/27/2018,HUT,KS,ACE,CE,Federal Contract Tower,0,0,8,0,8,0,2,13,4,19,0,2,21,4,27,16,6,22,49
02/28/2018,HUT,KS,ACE,CE,Federal Contract Tower,0,0,13,8,21,0,6,6,0,12,0,6,19,8,33,18,10,28,61
03/01/2018,HUT,KS,ACE,CE,Federal Contract Tower,0,0,9,1,10,0,2,51,5,58,0,2,60,6,68,34,12,46,114
03/02/2018,HUT,KS,ACE,CE,Federal Contract Tower,0,4,15,2,21,0,0,16,2,18,0,4,31,4,39,8,0,8,47
03/03/2018,HUT,KS,ACE,CE,Federal Contract Tower,0,0,6,0,6,0,0,0,0,0,0,0,6,0,6,0,0,0,6
03/04/2018,HUT,KS,ACE,CE,Federal Contract Tower,0,0,2,0,2,0,0,0,0,0,0,0,2,0,2,0,0,0,2
03/05/2018,HUT,KS,ACE,CE,Federal Contract Tower,0,0,11,8,19,0,15,46,2,63,0,15,57,10,82,52,4,56,138
03/06/2018,HUT,KS,ACE,CE,Federal Contract Tower,0,2,13,0,15,0,0,0,0,0,0,2,13,0,15,0,0,0,15
03/07/2018,HUT,KS,ACE,CE,Federal Contract Tower,0,4,9,6,19,0,0,20,0,20,0,4,29,6,39,28,16,44,83
03/08/2018,HUT,KS,ACE,CE,Federal Contract Tower,0,2,11,3,16,0,0,51,0,51,0,2,62,3,67,32,14,46,113
03/09/2018,HUT,KS,ACE,CE,Federal Contract Tower,0,0,11,3,14,0,1,16,0,17,0,1,27,3,31,10,12,22,53
03/10/2018,HUT,KS,ACE,CE,Federal Contract Tower,0,2,8,0,10,0,4,10,0,14,0,6,18,0,24,14,0,14,38
03/11/2018,HUT,KS,ACE,CE,Federal Contract Tower,0,0,3,0,3,0,0,5,0,5,0,0,8,0,8,12,0,12,20
03/12/2018,HUT,KS,ACE,CE,Federal Contract Tower,0,2,6,4,12,0,3,14,2,19,0,5,20,6,31,112,16,128,159
03/13/2018,HUT,KS,ACE,CE,Federal Contract Tower,0,0,2,4,6,0,0,27,6,33,0,0,29,10,39,24,6,30,69
03/14/2018,HUT,KS,ACE,CE,Federal Contract Tower,0,2,4,0,6,0,22,25,0,47,0,24,29,0,53,76,0,76,129
03/15/2018,HUT,KS,ACE,CE,Federal Contract Tower,0,0,7,0,7,0,0,32,0,32,0,0,39,0,39,60,0,60,99
03/16/2018,HUT,KS,ACE,CE,Federal Contract Tower,0,0,3,0,3,0,2,0,6,8,0,2,3,6,11,10,0,10,21
03/17/2018,HUT,KS,ACE,CE,Federal Contract Tower,0,0,8,0,8,0,20,17,2,39,0,20,25,2,47,28,0,28,75
03/18/2018,HUT,KS,ACE,CE,Federal Contract Tower,0,0,7,0,7,0,1,2,0,3,0,1,9,0,10,0,0,0,10
03/19/2018,HUT,KS,ACE,CE,Federal Contract Tower,0,2,4,0,6,0,0,1,0,1,0,2,5,0,7,10,0,10,17
03/20/2018,HUT,KS,ACE,CE,Federal Contract Tower,0,4,9,4,17,0,2,8,0,10,0,6,17,4,27,6,32,38,65
03/21/2018,HUT,KS,ACE,CE,Federal Contract Tower,0,0,10,0,10,0,8,26,4,38,0,8,36,4,48,116,2,118,166
03/22/2018,HUT,KS,ACE,CE,Federal Contract Tower,0,0,5,0,5,0,6,28,0,34,0,6,33,0,39,54,0,54,93
03/23/2018,HUT,KS,ACE,CE,Federal Contract Tower,0,0,12,10,22,0,1,4,0,5,0,1,16,10,27,38,24,62,89
03/24/2018,HUT,KS,ACE,CE,Federal Contract Tower,0,0,6,0,6,0,0,17,0,17,0,0,23,0,23,8,0,8,31
03/25/2018,HUT,KS,ACE,CE,Federal Contract Tower,0,4,2,2,8,0,2,0,0,2,0,6,2,2,10,0,0,0,10
03/26/2018,HUT,KS,ACE,CE,Federal Contract Tower,0,0,3,0,3,0,0,0,0,0,0,0,3,0,3,0,0,0,3
03/27/2018,HUT,KS,ACE,CE,Federal Contract Tower,0,6,8,20,34,0,1,14,0,15,0,7,22,20,49,62,30,92,141
03/28/2018,HUT,KS,ACE,CE,Federal Contract Tower,0,2,24,18,44,0,2,38,0,40,0,4,62,18,84,58,4,62,146
03/29/2018,HUT,KS,ACE,CE,Federal Contract Tower,0,0,9,0,9,0,14,3,0,17,0,14,12,0,26,13,0,13,39
03/30/2018,HUT,KS,ACE,CE,Federal Contract Tower,0,0,8,0,8,0,4,41,0,45,0,4,49,0,53,154,0,154,207
03/31/2018,HUT,KS,ACE,CE,Federal Contract Tower,0,0,2,0,2,0,0,5,0,5,0,0,7,0,7,2,0,2,9
04/01/2018,HUT,KS,ACE,CE,Federal Contract Tower,0,0,2,0,2,0,0,3,0,3,0,0,5,0,5,0,0,0,5
04/02/2018,HUT,KS,ACE,CE,Federal Contract Tower,0,0,14,6,20,0,0,35,0,35,0,0,49,6,55,32,12,44,99
04/03/2018,HUT,KS,ACE,CE,Federal Contract Tower,0,2,6,3,11,0,0,2,1,3,0,2,8,4,14,0,4,4,18
04/04/2018,HUT,KS,ACE,CE,Federal Contract Tower,0,1,7,6,14,0,0,35,0,35,0,1,42,6,49,62,4,66,115
04/05/2018,HUT,KS,ACE,CE,Federal Contract Tower,0,1,12,1,14,0,6,65,0,71,0,7,77,1,85,48,2,50,135
04/06/2018,HUT,KS,ACE,CE,Federal Contract Tower,0,2,0,0,2,0,0,4,0,4,0,2,4,0,6,16,0,16,22
04/07/2018,HUT,KS,ACE,CE,Federal Contract Tower,0,0,5,0,5,0,2,15,0,17,0,2,20,0,22,10,0,10,32
04/08/2018,HUT,KS,ACE,CE,Federal Contract Tower,0,0,2,0,2,0,1,2,0,3,0,1,4,0,5,20,0,20,25
04/09/2018,HUT,KS,ACE,CE,Federal Contract Tower,0,2,6,0,8,0,2,12,0,14,0,4,18,0,22,50,0,50,72
04/10/2018,HUT,KS,ACE,CE,Federal Contract Tower,0,0,4,0,4,0,3,27,0,30,0,3,31,0,34,52,0,52,86
04/11/2018,HUT,KS,ACE,CE,Federal Contract Tower,0,0,7,2,9,0,0,18,2,20,0,0,25,4,29,24,4,28,57
04/13/2018,HUT,KS,ACE,CE,Federal Contract Tower,0,2,10,2,14,0,2,6,0,8,0,4,16,2,22,8,6,14,36
04/14/2018,HUT,KS,ACE,CE,Federal Contract Tower,0,2,3,0,5,0,0,0,0,0,0,2,3,0,5,0,0,0,5
04/15/2018,HUT,KS,ACE,CE,Federal Contract Tower,0,0,4,0,4,0,2,5,0,7,0,2,9,0,11,0,0,0,11
04/16/2018,HUT,KS,ACE,CE,Federal Contract Tower,0,0,12,0,12,0,12,63,0,75,0,12,75,0,87,82,0,82,169
04/17/2018,HUT,KS,ACE,CE,Federal Contract Tower,0,2,10,3,15,0,0,27,1,28,0,2,37,4,43,38,0,38,81
04/18/2018,HUT,KS,ACE,CE,Federal Contract Tower,0,2,7,4,13,0,0,26,0,26,0,2,33,4,39,28,8,36,75
04/19/2018,HUT,KS,ACE,CE,Federal Contract Tower,0,0,17,0,17,0,0,63,0,63,0,0,80,0,80,62,0,62,142
04/20/2018,HUT,KS,ACE,CE,Federal Contract Tower,0,1,7,6,14,0,11,12,0,23,0,12,19,6,37,34,2,36,73
04/21/2018,HUT,KS,ACE,CE,Federal Contract Tower,0,0,5,0,5,0,0,0,0,0,0,0,5,0,5,0,0,0,5
04/22/2018,HUT,KS,ACE,CE,Federal Contract Tower,0,0,4,0,4,0,4,6,0,10,0,4,10,0,14,0,0,0,14
04/23/2018,HUT,KS,ACE,CE,Federal Contract Tower,0,0,5,4,9,0,0,43,6,49,0,0,48,10,58,102,4,106,164
04/24/2018,HUT,KS,ACE,CE,Federal Contract Tower,0,0,3,6,9,0,6,25,2,33,0,6,28,8,42,46,6,52,94
04/25/2018,HUT,KS,ACE,CE,Federal Contract Tower,0,2,12,8,22,0,2,5,0,7,0,4,17,8,29,14,6,20,49
04/26/2018,HUT,KS,ACE,CE,Federal Contract Tower,0,0,16,6,22,0,0,39,5,44,0,0,55,11,66,70,4,74,140
04/27/2018,HUT,KS,ACE,CE,Federal Contract Tower,0,1,15,7,23,0,3,24,1,28,0,4,39,8,51,58,30,88,139
04/28/2018,HUT,KS,ACE,CE,Federal Contract Tower,0,0,5,0,5,0,0,32,0,32,0,0,37,0,37,36,0,36,73
04/29/2018,HUT,KS,ACE,CE,Federal Contract Tower,0,0,10,0,10,0,2,15,0,17,0,2,25,0,27,14,0,14,41
04/30/2018,HUT,KS,ACE,CE,Federal Contract Tower,0,0,6,4,10,0,2,9,2,13,0,2,15,6,23,34,12,46,69
05/01/2018,HUT,KS,ACE,CE,Federal Contract Tower,0,1,12,4,17,0,4,5,0,9,0,5,17,4,26,12,8,20,46
05/02/2018,HUT,KS,ACE,CE,Federal Contract Tower,0,0,11,0,11,0,2,1,0,3,0,2,12,0,14,73,0,73,87
05/03/2018,HUT,KS,ACE,CE,Federal Contract Tower,0,0,13,10,23,0,2,55,0,57,0,2,68,10,80,64,0,64,144
05/04/2018,HUT,KS,ACE,CE,Federal Contract Tower,0,0,12,2,14,0,2,67,0,69,0,2,79,2,83,68,0,68,151
05/05/2018,HUT,KS,ACE,CE,Federal Contract Tower,0,0,3,0,3,0,2,194,2,198,0,2,197,2,201,494,0,494,695
05/06/2018,HUT,KS,ACE,CE,Federal Contract Tower,0,0,7,15,22,0,0,37,0,37,0,0,44,15,59,52,18,70,129
05/07/2018,HUT,KS,ACE,CE,Federal Contract Tower,0,0,10,8,18,0,5,18,0,23,0,5,28,8,41,34,14,48,89
05/08/2018,HUT,KS,ACE,CE,Federal Contract Tower,0,0,18,8,26,0,0,17,0,17,0,0,35,8,43,44,8,52,95
05/09/2018,HUT,KS,ACE,CE,Federal Contract Tower,0,0,10,7,17,0,0,38,1,39,0,0,48,8,56,46,20,66,122
05/10/2018,HUT,KS,ACE,CE,Federal Contract Tower,0,0,5,0,5,0,0,41,4,45,0,0,46,4,50,44,10,54,104
05/11/2018,HUT,KS,ACE,CE,Federal Contract Tower,0,0,9,3,12,0,0,20,6,26,0,0,29,9,38,30,8,38,76
05/12/2018,HUT,KS,ACE,CE,Federal Contract Tower,0,0,3,0,3,0,0,23,0,23,0,0,26,0,26,20,0,20,46
05/13/2018,HUT,KS,ACE,CE,Federal Contract Tower,0,0,3,0,3,0,0,8,0,8,0,0,11,0,11,10,0,10,21
05/14/2018,HUT,KS,ACE,CE,Federal Contract Tower,0,1,10,0,11,0,1,13,0,14,0,2,23,0,25,46,0,46,71
05/15/2018,HUT,KS,ACE,CE,Federal Contract Tower,0,0,16,8,24,0,0,16,0,16,0,0,32,8,40,44,28,72,112
05/16/2018,HUT,KS,ACE,CE,Federal Contract Tower,0,0,15,11,26,0,2,19,1,22,0,2,34,12,48,22,54,76,124
05/17/2018,HUT,KS,ACE,CE,Federal Contract Tower,0,0,18,1,19,0,0,49,3,52,0,0,67,4,71,40,0,40,111
05/18/2018,HUT,KS,ACE,CE,Federal Contract Tower,0,0,13,4,17,0,2,25,0,27,0,2,38,4,44,12,0,12,56
05/19/2018,HUT,KS,ACE,CE,Federal Contract Tower,0,0,17,0,17,0,4,23,0,27,0,4,40,0,44,52,0,52,96
05/20/2018,HUT,KS,ACE,CE,Federal Contract Tower,0,0,8,0,8,0,2,9,0,11,0,2,17,0,19,24,0,24,43
05/21/2018,HUT,KS,ACE,CE,Federal Contract Tower,0,6,14,8,28,0,2,30,2,34,0,8,44,10,62,82,6,88,150
05/22/2018,HUT,KS,ACE,CE,Federal Contract Tower,0,2,8,2,12,0,4,13,0,17,0,6,21,2,29,32,6,38,67
05/23/2018,HUT,KS,ACE,CE,Federal Contract Tower,0,0,10,4,14,0,1,16,1,18,0,1,26,5,32,26,18,44,76
05/24/2018,HUT,KS,ACE,CE,Federal Contract Tower,0,0,12,0,12,0,0,46,0,46,0,0,58,0,58,82,0,82,140
05/25/2018,HUT,KS,ACE,CE,Federal Contract Tower,0,1,11,0,12,0,0,28,0,28,0,1,39,0,40,36,0,36,76
05/26/2018,HUT,KS,ACE,CE,Federal Contract Tower,0,0,4,0,4,0,2,12,0,14,0,2,16,0,18,22,0,22,40
05/27/2018,HUT,KS,ACE,CE,Federal Contract Tower,0,2,5,0,7,0,1,19,0,20,0,3,24,0,27,10,0,10,37
05/28/2018,HUT,KS,ACE,CE,Federal Contract Tower,0,0,4,0,4,0,11,9,0,20,0,11,13,0,24,0,0,0,24
05/29/2018,HUT,KS,ACE,CE,Federal Contract Tower,0,1,12,0,13,0,5,15,0,20,0,6,27,0,33,8,0,8,41
05/30/2018,HUT,KS,ACE,CE,Federal Contract Tower,0,2,15,2,19,0,2,9,0,11,0,4,24,2,30,18,6,24,54
05/31/2018,HUT,KS,ACE,CE,Federal Contract Tower,0,0,14,4,18,0,3,53,7,63,0,3,67,11,81,64,2,66,147
06/01/2018,HUT,KS,ACE,CE,Federal Contract Tower,0,0,16,3,19,0,1,23,1,25,0,1,39,4,44,48,12,60,104
06/02/2018,HUT,KS,ACE,CE,Federal Contract Tower,0,0,3,0,3,0,0,8,4,12,0,0,11,4,15,22,0,22,37
06/03/2018,HUT,KS,ACE,CE,Federal Contract Tower,0,0,4,0,4,0,0,21,0,21,0,0,25,0,25,18,0,18,43
06/04/2018,HUT,KS,ACE,CE,Federal Contract Tower,0,1,4,4,9,0,2,49,5,56,0,3,53,9,65,30,18,48,113
06/05/2018,HUT,KS,ACE,CE,Federal Contract Tower,0,1,9,12,22,0,0,26,7,33,0,1,35,19,55,52,34,86,141
06/06/2018,HUT,KS,ACE,CE,Federal Contract Tower,0,0,8,6,14,0,7,44,0,51,0,7,52,6,65,44,0,44,109
06/07/2018,HUT,KS,ACE,CE,Federal Contract Tower,0,0,12,0,12,0,0,20,4,24,0,0,32,4,36,18,0,18,54
06/08/2018,HUT,KS,ACE,CE,Federal Contract Tower,0,0,19,0,19,0,5,24,0,29,0,5,43,0,48,18,0,18,66
06/09/2018,HUT,KS,ACE,CE,Federal Contract Tower,0,0,1,0,1,0,3,12,0,15,0,3,13,0,16,12,0,12,28
06/10/2018,HUT,KS,ACE,CE,Federal Contract Tower,0,2,11,6,19,0,0,16,0,16,0,2,27,6,35,16,0,16,51
06/11/2018,HUT,KS,ACE,CE,Federal Contract Tower,0,0,8,0,8,0,6,13,0,19,0,6,21,0,27,42,0,42,69
06/12/2018,HUT,KS,ACE,CE,Federal Contract Tower,0,0,20,0,20,0,3,47,0,50,0,3,67,0,70,58,0,58,128
06/13/2018,HUT,KS,ACE,CE,Federal Contract Tower,0,0,12,0,12,0,3,11,1,15,0,3,23,1,27,12,2,14,41
06/14/2018,HUT,KS,ACE,CE,Federal Contract Tower,0,0,19,1,20,0,21,10,2,33,0,21,29,3,53,32,0,32,85
06/15/2018,HUT,KS,ACE,CE,Federal Contract Tower,0,2,7,0,9,0,4,19,0,23,0,6,26,0,32,34,0,34,66
06/16/2018,HUT,KS,ACE,CE,Federal Contract Tower,0,2,3,0,5,0,2,6,0,8,0,4,9,0,13,6,0,6,19
06/17/2018,HUT,KS,ACE,CE,Federal Contract Tower,0,0,7,0,7,0,5,5,0,10,0,5,12,0,17,4,0,4,21
06/18/2018,HUT,KS,ACE,CE,Federal Contract Tower,0,1,15,0,16,0,4,14,0,18,0,5,29,0,34,22,0,22,56
06/19/2018,HUT,KS,ACE,CE,Federal Contract Tower,0,1,6,2,9,0,15,22,0,37,0,16,28,2,46,68,6,74,120
06/20/2018,HUT,KS,ACE,CE,Federal Contract Tower,0,5,17,6,28,0,42,16,0,58,0,47,33,6,86,60,10,70,156
06/21/2018,HUT,KS,ACE,CE,Federal Contract Tower,0,3,15,2,20,0,34,18,0,52,0,37,33,2,72,30,0,30,102
06/22/2018,HUT,KS,ACE,CE,Federal Contract Tower,0,5,12,0,17,0,13,3,0,16,0,18,15,0,33,26,0,26,59
06/23/2018,HUT,KS,ACE,CE,Federal Contract Tower,0,0,2,14,16,0,4,38,0,42,0,4,40,14,58,56,20,76,134
06/24/2018,HUT,KS,ACE,CE,Federal Contract Tower,0,0,6,0,6,0,2,13,0,15,0,2,19,0,21,34,0,34,55
06/25/2018,HUT,KS,ACE,CE,Federal Contract Tower,0,0,11,0,11,0,2,20,0,22,0,2,31,0,33,68,0,68,101
06/26/2018,HUT,KS,ACE,CE,Federal Contract Tower,0,2,10,1,13,0,7,10,0,17,0,9,20,1,30,6,0,6,36
06/27/2018,HUT,KS,ACE,CE,Federal Contract Tower,0,1,5,12,18,0,2,19,2,23,0,3,24,14,41,92,6,98,139
06/28/2018,HUT,KS,ACE,CE,Federal Contract Tower,0,1,4,3,8,0,8,36,0,44,0,9,40,3,52,34,7,41,93
06/29/2018,HUT,KS,ACE,CE,Federal Contract Tower,0,0,8,8,16,0,2,37,6,45,0,2,45,14,61,36,6,42,103
06/30/2018,HUT,KS,ACE,CE,Federal Contract Tower,0,0,4,0,4,0,2,13,0,15,0,2,17,0,19,6,0,6,25
07/01/2018,HUT,KS,ACE,CE,Federal Contract Tower,0,0,11,0,11,0,0,10,0,10,0,0,21,0,21,2,0,2,23
07/02/2018,HUT,KS,ACE,CE,Federal Contract Tower,0,1,4,0,5,0,6,45,0,51,0,7,49,0,56,38,0,38,94
07/03/2018,HUT,KS,ACE,CE,Federal Contract Tower,0,0,9,0,9,0,3,47,0,50,0,3,56,0,59,82,0,82,141
07/04/2018,HUT,KS,ACE,CE,Federal Contract Tower,0,0,1,0,1,0,4,14,0,18,0,4,15,0,19,6,0,6,25
07/05/2018,HUT,KS,ACE,CE,Federal Contract Tower,0,1,11,0,12,0,6,27,0,33,0,7,38,0,45,38,0,38,83
07/06/2018,HUT,KS,ACE,CE,Federal Contract Tower,0,0,8,0,8,0,1,18,0,19,0,1,26,0,27,48,0,48,75
07/07/2018,HUT,KS,ACE,CE,Federal Contract Tower,0,0,4,0,4,0,2,15,0,17,0,2,19,0,21,24,0,24,45
07/08/2018,HUT,KS,ACE,CE,Federal Contract Tower,0,0,9,0,9,0,0,17,0,17,0,0,26,0,26,2,0,2,28
07/09/2018,HUT,KS,ACE,CE,Federal Contract Tower,0,0,7,2,9,0,2,23,2,27,0,2,30,4,36,66,0,66,102
07/10/2018,HUT,KS,ACE,CE,Federal Contract Tower,0,0,8,0,8,0,0,37,0,37,0,0,45,0,45,108,0,108,153
07/11/2018,HUT,KS,ACE,CE,Federal Contract Tower,0,2,12,8,22,0,2,27,0,29,0,4,39,8,51,72,10,82,133
07/12/2018,HUT,KS,ACE,CE,Federal Contract Tower,0,1,14,0,15,0,7,47,0,54,0,8,61,0,69,48,0,48,117
07/13/2018,HUT,KS,ACE,CE,Federal Contract Tower,0,1,11,0,12,0,2,31,0,33,0,3,42,0,45,34,0,34,79
07/14/2018,HUT,KS,ACE,CE,Federal Contract Tower,0,0,16,0,16,0,16,17,0,33,0,16,33,0,49,20,0,20,69
07/15/2018,HUT,KS,ACE,CE,Federal Contract Tower,0,0,5,2,7,0,0,21,0,21,0,0,26,2,28,60,2,62,90
07/16/2018,HUT,KS,ACE,CE,Federal Contract Tower,0,0,3,2,5,0,2,42,3,47,0,2,45,5,52,70,0,70,122
07/17/2018,HUT,KS,ACE,CE,Federal Contract Tower,0,0,11,2,13,0,2,47,0,49,0,2,58,2,62,46,0,46,108
07/18/2018,HUT,KS,ACE,CE,Federal Contract Tower,0,0,10,0,10,0,0,7,0,7,0,0,17,0,17,78,0,78,95
07/19/2018,HUT,KS,ACE,CE,Federal Contract Tower,0,2,6,3,11,0,28,18,3,49,0,30,24,6,60,66,0,66,126
07/20/2018,HUT,KS,ACE,CE,Federal Contract Tower,0,2,2,0,4,0,2,17,0,19,0,4,19,0,23,34,2,36,59
07/21/2018,HUT,KS,ACE,CE,Federal Contract Tower,0,0,4,8,12,0,0,29,3,32,0,0,33,11,44,20,8,28,72
07/22/2018,HUT,KS,ACE,CE,Federal Contract Tower,0,0,10,6,16,0,4,51,0,55,0,4,61,6,71,94,2,96,167
07/23/2018,HUT,KS,ACE,CE,Federal Contract Tower,0,0,2,0,2,0,4,49,0,53,0,4,51,0,55,152,0,152,207
07/24/2018,HUT,KS,ACE,CE,Federal Contract Tower,0,0,4,4,8,0,2,36,2,40,0,2,40,6,48,62,14,76,124
07/25/2018,HUT,KS,ACE,CE,Federal Contract Tower,0,0,9,10,19,0,6,19,0,25,0,6,28,10,44,24,8,32,76
07/26/2018,HUT,KS,ACE,CE,Federal Contract Tower,0,4,4,6,14,0,28,29,0,57,0,32,33,6,71,44,0,44,115
07/27/2018,HUT,KS,ACE,CE,Federal Contract Tower,0,0,11,10,21,0,12,24,0,36,0,12,35,10,57,38,26,64,121
07/28/2018,HUT,KS,ACE,CE,Federal Contract Tower,0,0,4,0,4,0,2,16,0,18,0,2,20,0,22,74,0,74,96
07/29/2018,HUT,KS,ACE,CE,Federal Contract Tower,0,0,7,0,7,0,0,33,0,33,0,0,40,0,40,46,0,46,86
07/30/2018,HUT,KS,ACE,CE,Federal Contract Tower,0,5,5,0,10,0,4,8,0,12,0,9,13,0,22,40,0,40,62
07/31/2018,HUT,KS,ACE,CE,Federal Contract Tower,0,3,3,7,13,0,6,31,7,44,0,9,34,14,57,80,22,102,159
08/01/2018,HUT,KS,ACE,CE,Federal Contract Tower,0,4,4,0,8,0,24,32,0,56,0,28,36,0,64,68,0,68,132
08/02/2018,HUT,KS,ACE,CE,Federal Contract Tower,0,4,0,10,14,0,16,26,2,44,0,20,26,12,58,80,20,100,158
08/03/2018,HUT,KS,ACE,CE,Federal Contract Tower,0,5,10,4,19,0,1,14,0,15,0,6,24,4,34,26,0,26,60
08/04/2018,HUT,KS,ACE,CE,Federal Contract Tower,0,0,4,0,4,0,4,17,0,21,0,4,21,0,25,18,0,18,43
08/05/2018,HUT,KS,ACE,CE,Federal Contract Tower,0,0,4,0,4,0,0,70,0,70,0,0,74,0,74,102,0,102,176
08/06/2018,HUT,KS,ACE,CE,Federal Contract Tower,0,2,13,0,15,0,11,53,0,64,0,13,66,0,79,76,0,76,155
08/07/2018,HUT,KS,ACE,CE,Federal Contract Tower,0,0,9,0,9,0,13,57,0,70,0,13,66,0,79,76,0,76,155
08/08/2018,HUT,KS,ACE,CE,Federal Contract Tower,0,5,10,0,15,0,4,17,0,21,0,9,27,0,36,52,0,52,88
08/09/2018,HUT,KS,ACE,CE,Federal Contract Tower,0,0,9,6,15,0,8,12,2,22,0,8,21,8,37,72,20,92,129
08/10/2018,HUT,KS,ACE,CE,Federal Contract Tower,0,0,8,0,8,0,27,9,0,36,0,27,17,0,44,44,0,44,88
08/11/2018,HUT,KS,ACE,CE,Federal Contract Tower,0,0,12,2,14,0,2,33,0,35,0,2,45,2,49,50,0,50,99
08/12/2018,HUT,KS,ACE,CE,Federal Contract Tower,0,0,4,0,4,0,0,11,0,11,0,0,15,0,15,4,0,4,19
08/13/2018,HUT,KS,ACE,CE,Federal Contract Tower,0,7,5,0,12,0,0,1,0,1,0,7,6,0,13,18,0,18,31
08/14/2018,HUT,KS,ACE,CE,Federal Contract Tower,0,0,16,0,16,0,1,1,0,2,0,1,17,0,18,68,0,68,86
08/15/2018,HUT,KS,ACE,CE,Federal Contract Tower,0,13,13,2,28,0,0,14,0,14,0,13,27,2,42,64,0,64,106
08/16/2018,HUT,KS,ACE,CE,Federal Contract Tower,0,0,6,2,8,0,7,24,0,31,0,7,30,2,39,52,2,54,93
08/17/2018,HUT,KS,ACE,CE,Federal Contract Tower,0,10,10,0,20,0,22,19,2,43,0,32,29,2,63,82,0,82,145
08/18/2018,HUT,KS,ACE,CE,Federal Contract Tower,0,1,3,0,4,0,10,50,0,60,0,11,53,0,64,112,0,112,176
08/19/2018,HUT,KS,ACE,CE,Federal Contract Tower,0,1,6,0,7,0,1,2,0,3,0,2,8,0,10,4,0,4,14
08/20/2018,HUT,KS,ACE,CE,Federal Contract Tower,0,0,7,0,7,0,0,16,4,20,0,0,23,4,27,18,0,18,45
08/21/2018,HUT,KS,ACE,CE,Federal Contract Tower,0,0,19,6,25,0,2,26,8,36,0,2,45,14,61,108,6,114,175
08/22/2018,HUT,KS,ACE,CE,Federal Contract Tower,0,7,3,1,11,0,1,4,3,8,0,8,7,4,19,24,0,24,43
08/23/2018,HUT,KS,ACE,CE,Federal Contract Tower,0,20,4,2,26,0,22,5,0,27,0,42,9,2,53,50,0,50,103
08/24/2018,HUT,KS,ACE,CE,Federal Contract Tower,0,7,4,8,19,0,14,33,0,47,0,21,37,8,66,44,0,44,110
08/25/2018,HUT,KS,ACE,CE,Federal Contract Tower,0,0,10,0,10,0,7,17,0,24,0,7,27,0,34,24,0,24,58
08/26/2018,HUT,KS,ACE,CE,Federal Contract Tower,0,0,5,0,5,0,0,6,0,6,0,0,11,0,11,4,0,4,15
08/27/2018,HUT,KS,ACE,CE,Federal Contract Tower,0,3,5,2,10,0,1,32,0,33,0,4,37,2,43,64,8,72,115
08/28/2018,HUT,KS,ACE,CE,Federal Contract Tower,0,0,11,0,11,0,11,14,0,25,0,11,25,0,36,60,0,60,96
08/29/2018,HUT,KS,ACE,CE,Federal Contract Tower,0,0,15,6,21,0,18,59,0,77,0,18,74,6,98,50,0,50,148
08/30/2018,HUT,KS,ACE,CE,Federal Contract Tower,0,0,23,2,25,0,0,56,0,56,0,0,79,2,81,64,0,64,145
08/31/2018,HUT,KS,ACE,CE,Federal Contract Tower,0,0,8,0,8,0,1,20,0,21,0,1,28,0,29,42,0,42,71
09/01/2018,HUT,KS,ACE,CE,Federal Contract Tower,0,0,3,0,3,0,37,33,0,70,0,37,36,0,73,22,0,22,95
09/02/2018,HUT,KS,ACE,CE,Federal Contract Tower,0,0,2,0,2,0,8,6,0,14,0,8,8,0,16,14,0,14,30
09/03/2018,HUT,KS,ACE,CE,Federal Contract Tower,0,0,5,0,5,0,4,11,0,15,0,4,16,0,20,6,0,6,26
09/04/2018,HUT,KS,ACE,CE,Federal Contract Tower,0,0,11,0,11,0,0,9,0,9,0,0,20,0,20,8,0,8,28
09/05/2018,HUT,KS,ACE,CE,Federal Contract Tower,0,4,15,8,27,0,2,4,0,6,0,6,19,8,33,16,0,16,49
09/06/2018,HUT,KS,ACE,CE,Federal Contract Tower,0,0,15,0,15,0,0,3,0,3,0,0,18,0,18,8,0,8,26
09/07/2018,HUT,KS,ACE,CE,Federal Contract Tower,0,3,6,0,9,0,0,1,0,1,0,3,7,0,10,0,0,0,10
09/08/2018,HUT,KS,ACE,CE,Federal Contract Tower,0,0,17,0,17,0,0,0,0,0,0,0,17,0,17,0,0,0,17
09/09/2018,HUT,KS,ACE,CE,Federal Contract Tower,0,2,8,8,18,0,38,34,6,78,0,40,42,14,96,52,16,68,164
09/10/2018,HUT,KS,ACE,CE,Federal Contract Tower,0,2,11,4,17,0,21,49,0,70,0,23,60,4,87,72,30,102,189
09/11/2018,HUT,KS,ACE,CE,Federal Contract Tower,0,0,14,0,14,0,7,24,0,31,0,7,38,0,45,12,0,12,57
09/12/2018,HUT,KS,ACE,CE,Federal Contract Tower,0,0,13,0,13,0,0,11,0,11,0,0,24,0,24,46,0,46,70
09/13/2018,HUT,KS,ACE,CE,Federal Contract Tower,0,1,9,0,10,0,2,27,4,33,0,3,36,4,43,20,0,20,63
09/14/2018,HUT,KS,ACE,CE,Federal Contract Tower,0,2,18,12,32,0,0,21,1,22,0,2,39,13,54,54,26,80,134
09/15/2018,HUT,KS,ACE,CE,Federal Contract Tower,0,0,15,0,15,0,4,22,0,26,0,4,37,0,41,30,0,30,71
09/16/2018,HUT,KS,ACE,CE,Federal Contract Tower,0,0,7,0,7,0,0,14,0,14,0,0,21,0,21,2,0,2,23
09/17/2018,HUT,KS,ACE,CE,Federal Contract Tower,0,0,3,0,3,0,0,23,0,23,0,0,26,0,26,74,0,74,100
09/18/2018,HUT,KS,ACE,CE,Federal Contract Tower,0,2,5,6,13,0,6,18,8,32,0,8,23,14,45,12,20,32,77
09/19/2018,HUT,KS,ACE,CE,Federal Contract Tower,0,0,11,3,14,0,3,12,3,18,0,3,23,6,32,34,4,38,70
09/20/2018,HUT,KS,ACE,CE,Federal Contract Tower,0,0,16,2,18,0,2,38,0,40,0,2,54,2,58,32,0,32,90
09/21/2018,HUT,KS,ACE,CE,Federal Contract Tower,0,0,7,2,9,0,5,11,0,16,0,5,18,2,25,16,0,16,41
09/22/2018,HUT,KS,ACE,CE,Federal Contract Tower,0,0,4,11,15,0,0,24,3,27,0,0,28,14,42,12,20,32,74
09/23/2018,HUT,KS,ACE,CE,Federal Contract Tower,0,3,12,0,15,0,10,20,0,30,0,13,32,0,45,12,0,12,57
09/24/2018,HUT,KS,ACE,CE,Federal Contract Tower,0,0,19,4,23,0,1,49,0,50,0,1,68,4,73,86,16,102,175
09/25/2018,HUT,KS,ACE,CE,Federal Contract Tower,0,5,22,0,27,0,4,24,0,28,0,9,46,0,55,40,0,40,95
09/26/2018,HUT,KS,ACE,CE,Federal Contract Tower,0,0,10,8,18,0,2,37,0,39,0,2,47,8,57,108,4,112,169
09/27/2018,HUT,KS,ACE,CE,Federal Contract Tower,0,0,5,4,9,0,5,151,4,160,0,5,156,8,169,58,0,58,227
09/28/2018,HUT,KS,ACE,CE,Federal Contract Tower,0,0,43,0,43,0,2,34,0,36,0,2,77,0,79,12,0,12,91
09/29/2018,HUT,KS,ACE,CE,Federal Contract Tower,0,0,18,0,18,0,0,5,0,5,0,0,23,0,23,0,0,0,23
09/30/2018,HUT,KS,ACE,CE,Federal Contract Tower,0,0,13,16,29,0,0,25,0,25,0,0,38,16,54,2,2,4,58
10/01/2018,HUT,KS,ACE,CE,Federal Contract Tower,0,0,20,6,26,0,0,9,0,9,0,0,29,6,35,42,0,42,77
10/02/2018,HUT,KS,ACE,CE,Federal Contract Tower,0,0,5,0,5,0,4,21,2,27,0,4,26,2,32,52,2,54,86
10/03/2018,HUT,KS,ACE,CE,Federal Contract Tower,0,2,9,0,11,0,2,11,0,13,0,4,20,0,24,24,0,24,48
10/04/2018,HUT,KS,ACE,CE,Federal Contract Tower,0,0,13,2,15,0,3,8,0,11,0,3,21,2,26,14,2,16,42
10/05/2018,HUT,KS,ACE,CE,Federal Contract Tower,0,0,11,0,11,0,2,6,0,8,0,2,17,0,19,20,0,20,39
10/06/2018,HUT,KS,ACE,CE,Federal Contract Tower,0,0,3,0,3,0,0,0,0,0,0,0,3,0,3,0,0,0,3
10/07/2018,HUT,KS,ACE,CE,Federal Contract Tower,0,0,0,0,0,0,0,0,0,0,0,0,0,0,0,0,0,0,0
10/08/2018,HUT,KS,ACE,CE,Federal Contract Tower,0,0,6,0,6,0,0,1,0,1,0,0,7,0,7,8,0,8,15
10/09/2018,HUT,KS,ACE,CE,Federal Contract Tower,0,2,3,0,5,0,0,0,0,0,0,2,3,0,5,0,0,0,5
10/10/2018,HUT,KS,ACE,CE,Federal Contract Tower,0,0,15,0,15,0,0,23,0,23,0,0,38,0,38,84,0,84,122
10/11/2018,HUT,KS,ACE,CE,Federal Contract Tower,0,0,11,1,12,0,4,30,0,34,0,4,41,1,46,68,4,72,118
10/12/2018,HUT,KS,ACE,CE,Federal Contract Tower,0,2,10,6,18,0,1,1,0,2,0,3,11,6,20,0,0,0,20
10/13/2018,HUT,KS,ACE,CE,Federal Contract Tower,0,0,7,4,11,0,5,13,4,22,0,5,20,8,33,30,26,56,89
10/14/2018,HUT,KS,ACE,CE,Federal Contract Tower,0,0,2,0,2,0,0,0,0,0,0,0,2,0,2,10,0,10,12
10/15/2018,HUT,KS,ACE,CE,Federal Contract Tower,0,0,16,4,20,0,6,59,0,65,0,6,75,4,85,58,14,72,157
10/16/2018,HUT,KS,ACE,CE,Federal Contract Tower,0,2,7,6,15,0,9,37,0,46,0,11,44,6,61,52,16,68,129
10/17/2018,HUT,KS,ACE,CE,Federal Contract Tower,0,3,7,16,26,0,1,42,10,53,0,4,49,26,79,62,34,96,175
10/18/2018,HUT,KS,ACE,CE,Federal Contract Tower,0,1,8,9,18,0,1,46,4,51,0,2,54,13,69,48,4,52,121
10/19/2018,HUT,KS,ACE,CE,Federal Contract Tower,0,3,10,22,35,0,0,21,0,21,0,3,31,22,56,50,18,68,124
10/20/2018,HUT,KS,ACE,CE,Federal Contract Tower,0,0,8,0,8,0,2,21,0,23,0,2,29,0,31,42,0,42,73
10/21/2018,HUT,KS,ACE,CE,Federal Contract Tower,0,0,8,25,33,0,0,11,2,13,0,0,19,27,46,4,8,12,58
10/22/2018,HUT,KS,ACE,CE,Federal Contract Tower,0,1,10,12,23,0,6,22,0,28,0,7,32,12,51,44,48,92,143
10/23/2018,HUT,KS,ACE,CE,Federal Contract Tower,0,1,19,2,22,0,12,16,2,30,0,13,35,4,52,94,6,100,152
10/24/2018,HUT,KS,ACE,CE,Federal Contract Tower,0,2,13,18,33,0,5,30,0,35,0,7,43,18,68,66,2,68,136
10/25/2018,HUT,KS,ACE,CE,Federal Contract Tower,0,0,7,1,8,0,0,0,1,1,0,0,7,2,9,0,0,0,9
10/26/2018,HUT,KS,ACE,CE,Federal Contract Tower,0,1,18,0,19,0,1,28,0,29,0,2,46,0,48,14,0,14,62
10/27/2018,HUT,KS,ACE,CE,Federal Contract Tower,0,6,4,2,12,0,4,38,0,42,0,10,42,2,54,48,2,50,104
10/28/2018,HUT,KS,ACE,CE,Federal Contract Tower,0,1,8,6,15,0,0,22,0,22,0,1,30,6,37,38,0,38,75
10/29/2018,HUT,KS,ACE,CE,Federal Contract Tower,0,0,6,12,18,0,2,51,0,53,0,2,57,12,71,80,38,118,189
10/30/2018,HUT,KS,ACE,CE,Federal Contract Tower,0,0,19,2,21,0,0,19,0,19,0,0,38,2,40,44,2,46,86
10/31/2018,HUT,KS,ACE,CE,Federal Contract Tower,0,0,10,22,32,0,5,11,0,16,0,5,21,22,48,32,50,82,130
11/01/2018,HUT,KS,ACE,CE,Federal Contract Tower,0,1,14,11,26,0,2,60,2,64,0,3,74,13,90,60,6,66,156
11/02/2018,HUT,KS,ACE,CE,Federal Contract Tower,0,2,5,17,24,0,2,16,1,19,0,4,21,18,43,16,18,34,77
11/03/2018,HUT,KS,ACE,CE,Federal Contract Tower,0,0,4,0,4,0,0,13,0,13,0,0,17,0,17,28,0,28,45
11/04/2018,HUT,KS,ACE,CE,Federal Contract Tower,0,2,2,0,4,0,0,5,0,5,0,2,7,0,9,2,0,2,11
11/05/2018,HUT,KS,ACE,CE,Federal Contract Tower,0,0,10,6,16,0,11,15,0,26,0,11,25,6,42,26,34,60,102
11/06/2018,HUT,KS,ACE,CE,Federal Contract Tower,0,2,6,2,10,0,7,21,2,30,0,9,27,4,40,64,4,68,108
11/07/2018,HUT,KS,ACE,CE,Federal Contract Tower,0,2,3,12,17,0,0,14,2,16,0,2,17,14,33,22,22,44,77
11/08/2018,HUT,KS,ACE,CE,Federal Contract Tower,0,0,0,0,0,0,0,0,0,0,0,0,0,0,0,8,0,8,8
11/09/2018,HUT,KS,ACE,CE,Federal Contract Tower,0,1,12,7,20,0,17,17,0,34,0,18,29,7,54,56,18,74,128
11/10/2018,HUT,KS,ACE,CE,Federal Contract Tower,0,0,13,0,13,0,2,5,0,7,0,2,18,0,20,6,0,6,26
11/11/2018,HUT,KS,ACE,CE,Federal Contract Tower,0,0,0,0,0,0,8,8,0,16,0,8,8,0,16,18,0,18,34
11/12/2018,HUT,KS,ACE,CE,Federal Contract Tower,0,0,1,0,1,0,0,0,0,0,0,0,1,0,1,8,0,8,9
11/13/2018,HUT,KS,ACE,CE,Federal Contract Tower,0,2,11,6,19,0,5,37,0,42,0,7,48,6,61,106,14,120,181
11/14/2018,HUT,KS,ACE,CE,Federal Contract Tower,0,3,10,0,13,0,8,30,0,38,0,11,40,0,51,56,0,56,107
11/15/2018,HUT,KS,ACE,CE,Federal Contract Tower,0,2,12,6,20,0,0,31,2,33,0,2,43,8,53,78,10,88,141
11/16/2018,HUT,KS,ACE,CE,Federal Contract Tower,0,2,7,11,20,0,10,18,0,28,0,12,25,11,48,64,4,68,116
11/17/2018,HUT,KS,ACE,CE,Federal Contract Tower,0,0,10,0,10,0,2,0,0,2,0,2,10,0,12,2,0,2,14
11/18/2018,HUT,KS,ACE,CE,Federal Contract Tower,0,0,3,0,3,0,2,7,0,9,0,2,10,0,12,8,0,8,20
11/19/2018,HUT,KS,ACE,CE,Federal Contract Tower,0,0,3,4,7,0,2,22,2,26,0,2,25,6,33,60,18,78,111
11/20/2018,HUT,KS,ACE,CE,Federal Contract Tower,0,2,9,10,21,0,0,21,2,23,0,2,30,12,44,54,18,72,116
11/21/2018,HUT,KS,ACE,CE,Federal Contract Tower,0,2,6,8,16,0,8,34,2,44,0,10,40,10,60,26,16,42,102
11/22/2018,HUT,KS,ACE,CE,Federal Contract Tower,0,0,0,0,0,0,3,7,0,10,0,3,7,0,10,18,0,18,28
11/23/2018,HUT,KS,ACE,CE,Federal Contract Tower,0,0,2,0,2,0,0,1,0,1,0,0,3,0,3,2,0,2,5
11/24/2018,HUT,KS,ACE,CE,Federal Contract Tower,0,0,5,0,5,0,0,13,0,13,0,0,18,0,18,6,0,6,24
11/25/2018,HUT,KS,ACE,CE,Federal Contract Tower,0,0,0,0,0,0,0,0,0,0,0,0,0,0,0,0,0,0,0
11/26/2018,HUT,KS,ACE,CE,Federal Contract Tower,0,0,6,0,6,0,6,10,0,16,0,6,16,0,22,18,0,18,40
11/27/2018,HUT,KS,ACE,CE,Federal Contract Tower,0,15,5,1,21,0,2,17,3,22,0,17,22,4,43,54,0,54,97
11/28/2018,HUT,KS,ACE,CE,Federal Contract Tower,0,0,10,4,14,0,0,41,0,41,0,0,51,4,55,70,8,78,133
11/29/2018,HUT,KS,ACE,CE,Federal Contract Tower,0,0,20,0,20,0,1,35,0,36,0,1,55,0,56,72,0,72,128
11/30/2018,HUT,KS,ACE,CE,Federal Contract Tower,0,0,12,0,12,0,0,2,0,2,0,0,14,0,14,8,0,8,22
12/01/2018,HUT,KS,ACE,CE,Federal Contract Tower,0,2,8,0,10,0,0,1,0,1,0,2,9,0,11,0,0,0,11
12/02/2018,HUT,KS,ACE,CE,Federal Contract Tower,0,5,14,0,19,0,2,12,0,14,0,7,26,0,33,20,0,20,53
12/03/2018,HUT,KS,ACE,CE,Federal Contract Tower,0,14,16,0,30,0,3,9,0,12,0,17,25,0,42,48,0,48,90
12/04/2018,HUT,KS,ACE,CE,Federal Contract Tower,0,11,40,13,64,0,4,17,1,22,0,15,57,14,86,56,6,62,148
12/05/2018,HUT,KS,ACE,CE,Federal Contract Tower,0,6,10,0,16,0,6,24,0,30,0,12,34,0,46,38,0,38,84
12/06/2018,HUT,KS,ACE,CE,Federal Contract Tower,0,4,6,5,15,0,15,8,0,23,0,19,14,5,38,60,4,64,102
12/07/2018,HUT,KS,ACE,CE,Federal Contract Tower,0,0,4,12,16,0,3,15,0,18,0,3,19,12,34,26,38,64,98
12/08/2018,HUT,KS,ACE,CE,Federal Contract Tower,0,0,0,1,1,0,1,14,7,22,0,1,14,8,23,20,16,36,59
12/09/2018,HUT,KS,ACE,CE,Federal Contract Tower,0,1,8,6,15,0,0,36,0,36,0,1,44,6,51,70,0,70,121
12/10/2018,HUT,KS,ACE,CE,Federal Contract Tower,0,0,8,18,26,0,10,29,0,39,0,10,37,18,65,30,36,66,131
12/11/2018,HUT,KS,ACE,CE,Federal Contract Tower,0,2,11,7,20,0,3,22,1,26,0,5,33,8,46,66,32,98,144
12/12/2018,HUT,KS,ACE,CE,Federal Contract Tower,0,0,4,1,5,0,8,13,1,22,0,8,17,2,27,46,0,46,73
12/13/2018,HUT,KS,ACE,CE,Federal Contract Tower,0,0,2,10,12,0,0,2,0,2,0,0,4,10,14,8,12,20,34
12/14/2018,HUT,KS,ACE,CE,Federal Contract Tower,0,0,12,17,29,0,3,21,15,39,0,3,33,32,68,50,10,60,128
12/15/2018,HUT,KS,ACE,CE,Federal Contract Tower,0,0,6,0,6,0,0,40,0,40,0,0,46,0,46,76,0,76,122
12/16/2018,HUT,KS,ACE,CE,Federal Contract Tower,0,0,1,0,1,0,0,33,0,33,0,0,34,0,34,8,0,8,42
12/17/2018,HUT,KS,ACE,CE,Federal Contract Tower,0,4,9,8,21,0,14,41,0,55,0,18,50,8,76,104,10,114,190
12/18/2018,HUT,KS,ACE,CE,Federal Contract Tower,0,0,10,6,16,0,2,24,4,30,0,2,34,10,46,60,24,84,130
12/19/2018,HUT,KS,ACE,CE,Federal Contract Tower,0,6,14,23,43,0,9,13,3,25,0,15,27,26,68,18,44,62,130
12/20/2018,HUT,KS,ACE,CE,Federal Contract Tower,0,0,3,14,17,0,0,14,0,14,0,0,17,14,31,20,18,38,69
12/21/2018,HUT,KS,ACE,CE,Federal Contract Tower,0,0,12,9,21,0,1,35,0,36,0,1,47,9,57,56,20,76,133
12/22/2018,HUT,KS,ACE,CE,Federal Contract Tower,0,0,10,1,11,0,2,18,0,20,0,2,28,1,31,14,0,14,45
12/23/2018,HUT,KS,ACE,CE,Federal Contract Tower,0,0,1,0,1,0,0,13,0,13,0,0,14,0,14,28,0,28,42
12/24/2018,HUT,KS,ACE,CE,Federal Contract Tower,0,0,4,0,4,0,0,5,0,5,0,0,9,0,9,2,0,2,11
12/25/2018,HUT,KS,ACE,CE,Federal Contract Tower,0,2,2,0,4,0,4,11,0,15,0,6,13,0,19,4,0,4,23
12/26/2018,HUT,KS,ACE,CE,Federal Contract Tower,0,0,1,0,1,0,0,0,0,0,0,0,1,0,1,8,0,8,9
12/27/2018,HUT,KS,ACE,CE,Federal Contract Tower,0,2,5,0,7,0,0,0,0,0,0,2,5,0,7,8,0,8,15
12/28/2018,HUT,KS,ACE,CE,Federal Contract Tower,0,0,10,0,10,0,0,8,0,8,0,0,18,0,18,12,0,12,30
12/29/2018,HUT,KS,ACE,CE,Federal Contract Tower,0,0,5,0,5,0,0,29,0,29,0,0,34,0,34,26,0,26,60
12/30/2018,HUT,KS,ACE,CE,Federal Contract Tower,0,0,3,0,3,0,0,20,0,20,0,0,23,0,23,30,0,30,53
12/31/2018,HUT,KS,ACE,CE,Federal Contract Tower,0,0,5,0,5,0,0,0,0,0,0,0,5,0,5,10,0,10,15
01/01/2019,HUT,KS,ACE,CE,Federal Contract Tower,0,0,7,0,7,0,0,2,0,2,0,0,9,0,9,30,0,30,39
01/02/2019,HUT,KS,ACE,CE,Federal Contract Tower,0,0,5,11,16,0,4,33,1,38,0,4,38,12,54,54,30,84,138
01/03/2019,HUT,KS,ACE,CE,Federal Contract Tower,0,0,15,0,15,0,3,32,0,35,0,3,47,0,50,60,0,60,110
01/04/2019,HUT,KS,ACE,CE,Federal Contract Tower,0,0,2,12,14,0,2,19,0,21,0,2,21,12,35,48,10,58,93
01/05/2019,HUT,KS,ACE,CE,Federal Contract Tower,0,1,5,0,6,0,2,20,0,22,0,3,25,0,28,20,0,20,48
01/06/2019,HUT,KS,ACE,CE,Federal Contract Tower,0,0,3,0,3,0,2,9,0,11,0,2,12,0,14,10,0,10,24
01/07/2019,HUT,KS,ACE,CE,Federal Contract Tower,0,0,3,6,9,0,4,19,0,23,0,4,22,6,32,18,10,28,60
01/08/2019,HUT,KS,ACE,CE,Federal Contract Tower,0,2,11,6,19,0,0,30,0,30,0,2,41,6,49,100,30,130,179
01/09/2019,HUT,KS,ACE,CE,Federal Contract Tower,0,0,13,9,22,0,2,19,1,22,0,2,32,10,44,40,8,48,92
01/10/2019,HUT,KS,ACE,CE,Federal Contract Tower,0,0,1,11,12,0,6,26,0,32,0,6,27,11,44,58,10,68,112
01/11/2019,HUT,KS,ACE,CE,Federal Contract Tower,0,2,5,2,9,0,0,0,0,0,0,2,5,2,9,8,4,12,21
01/12/2019,HUT,KS,ACE,CE,Federal Contract Tower,0,0,1,0,1,0,0,0,0,0,0,0,1,0,1,0,0,0,1
01/13/2019,HUT,KS,ACE,CE,Federal Contract Tower,0,0,2,0,2,0,0,0,0,0,0,0,2,0,2,0,0,0,2
01/14/2019,HUT,KS,ACE,CE,Federal Contract Tower,0,0,16,0,16,0,0,4,0,4,0,0,20,0,20,34,0,34,54
01/15/2019,HUT,KS,ACE,CE,Federal Contract Tower,0,4,6,0,10,0,8,6,0,14,0,12,12,0,24,34,0,34,58
01/16/2019,HUT,KS,ACE,CE,Federal Contract Tower,0,1,1,0,2,0,0,0,0,0,0,1,1,0,2,8,0,8,10
01/17/2019,HUT,KS,ACE,CE,Federal Contract Tower,0,0,8,0,8,0,0,0,0,0,0,0,8,0,8,8,0,8,16
01/18/2019,HUT,KS,ACE,CE,Federal Contract Tower,0,2,5,0,7,0,0,0,0,0,0,2,5,0,7,0,0,0,7
01/19/2019,HUT,KS,ACE,CE,Federal Contract Tower,0,1,0,0,1,0,0,1,0,1,0,1,1,0,2,0,0,0,2
01/20/2019,HUT,KS,ACE,CE,Federal Contract Tower,0,0,6,0,6,0,4,13,0,17,0,4,19,0,23,0,0,0,23
01/21/2019,HUT,KS,ACE,CE,Federal Contract Tower,0,2,9,4,15,0,0,9,0,9,0,2,18,4,24,8,4,12,36
01/22/2019,HUT,KS,ACE,CE,Federal Contract Tower,0,2,9,0,11,0,0,0,0,0,0,2,9,0,11,6,0,6,17
01/23/2019,HUT,KS,ACE,CE,Federal Contract Tower,0,0,9,0,9,0,10,45,0,55,0,10,54,0,64,120,0,120,184
01/25/2019,HUT,KS,ACE,CE,Federal Contract Tower,0,1,10,20,31,0,0,64,0,64,0,1,74,20,95,60,12,72,167
01/26/2019,HUT,KS,ACE,CE,Federal Contract Tower,0,0,2,0,2,0,0,31,0,31,0,0,33,0,33,84,0,84,117
01/27/2019,HUT,KS,ACE,CE,Federal Contract Tower,0,1,4,0,5,0,0,38,0,38,0,1,42,0,43,42,0,42,85
01/28/2019,HUT,KS,ACE,CE,Federal Contract Tower,0,0,5,1,6,0,1,1,0,2,0,1,6,1,8,8,6,14,22
01/29/2019,HUT,KS,ACE,CE,Federal Contract Tower,0,1,10,12,23,0,1,10,0,11,0,2,20,12,34,30,32,62,96
01/30/2019,HUT,KS,ACE,CE,Federal Contract Tower,0,1,11,10,22,0,2,11,2,15,0,3,22,12,37,26,30,56,93
01/31/2019,HUT,KS,ACE,CE,Federal Contract Tower,0,10,9,28,47,0,2,37,3,42,0,12,46,31,89,68,46,114,203
02/01/2019,HUT,KS,ACE,CE,Federal Contract Tower,0,0,12,57,69,0,2,14,3,19,0,2,26,60,88,84,94,178,266
02/02/2019,HUT,KS,ACE,CE,Federal Contract Tower,0,0,5,0,5,0,0,0,0,0,0,0,5,0,5,0,0,0,5
02/03/2019,HUT,KS,ACE,CE,Federal Contract Tower,0,0,4,6,10,0,0,2,4,6,0,0,6,10,16,0,12,12,28
02/04/2019,HUT,KS,ACE,CE,Federal Contract Tower,0,0,3,0,3,0,1,9,0,10,0,1,12,0,13,20,0,20,33
02/05/2019,HUT,KS,ACE,CE,Federal Contract Tower,0,0,5,0,5,0,0,0,0,0,0,0,5,0,5,0,0,0,5
02/06/2019,HUT,KS,ACE,CE,Federal Contract Tower,0,0,1,0,1,0,0,0,0,0,0,0,1,0,1,0,0,0,1
02/07/2019,HUT,KS,ACE,CE,Federal Contract Tower,0,3,7,9,19,0,0,4,0,4,0,3,11,9,23,2,22,24,47
02/08/2019,HUT,KS,ACE,CE,Federal Contract Tower,0,1,11,16,28,0,2,26,2,30,0,3,37,18,58,42,24,66,124
02/09/2019,HUT,KS,ACE,CE,Federal Contract Tower,0,4,3,0,7,0,0,6,0,6,0,4,9,0,13,4,0,4,17
02/10/2019,HUT,KS,ACE,CE,Federal Contract Tower,0,0,6,8,14,0,0,2,0,2,0,0,8,8,16,4,0,4,20
02/11/2019,HUT,KS,ACE,CE,Federal Contract Tower,0,0,2,0,2,0,0,0,0,0,0,0,2,0,2,0,0,0,2
02/12/2019,HUT,KS,ACE,CE,Federal Contract Tower,0,4,3,4,11,0,2,28,0,30,0,6,31,4,41,56,8,64,105
02/13/2019,HUT,KS,ACE,CE,Federal Contract Tower,0,4,7,14,25,0,1,30,0,31,0,5,37,14,56,54,10,64,120
02/14/2019,HUT,KS,ACE,CE,Federal Contract Tower,0,0,6,0,6,0,0,42,0,42,0,0,48,0,48,58,0,58,106
02/15/2019,HUT,KS,ACE,CE,Federal Contract Tower,0,0,1,0,1,0,0,0,0,0,0,0,1,0,1,0,0,0,1
02/16/2019,HUT,KS,ACE,CE,Federal Contract Tower,0,0,0,0,0,0,0,0,0,0,0,0,0,0,0,0,0,0,0
02/17/2019,HUT,KS,ACE,CE,Federal Contract Tower,0,0,2,0,2,0,4,12,0,16,0,4,14,0,18,26,0,26,44
02/18/2019,HUT,KS,ACE,CE,Federal Contract Tower,0,0,6,2,8,0,4,8,0,12,0,4,14,2,20,26,4,30,50
02/19/2019,HUT,KS,ACE,CE,Federal Contract Tower,0,8,0,0,8,0,0,5,0,5,0,8,5,0,13,20,0,20,33
02/20/2019,HUT,KS,ACE,CE,Federal Contract Tower,0,0,2,0,2,0,0,7,0,7,0,0,9,0,9,12,0,12,21
02/21/2019,HUT,KS,ACE,CE,Federal Contract Tower,0,0,7,8,15,0,0,19,0,19,0,0,26,8,34,22,6,28,62
02/22/2019,HUT,KS,ACE,CE,Federal Contract Tower,0,0,6,7,13,0,0,3,0,3,0,0,9,7,16,8,22,30,46
02/23/2019,HUT,KS,ACE,CE,Federal Contract Tower,0,0,0,0,0,0,0,0,0,0,0,0,0,0,0,0,0,0,0
02/24/2019,HUT,KS,ACE,CE,Federal Contract Tower,0,0,10,0,10,0,0,31,0,31,0,0,41,0,41,18,0,18,59
02/25/2019,HUT,KS,ACE,CE,Federal Contract Tower,0,0,9,10,19,0,2,9,2,13,0,2,18,12,32,18,22,40,72
02/26/2019,HUT,KS,ACE,CE,Federal Contract Tower,0,0,8,0,8,0,0,3,0,3,0,0,11,0,11,0,0,0,11
02/27/2019,HUT,KS,ACE,CE,Federal Contract Tower,0,0,7,0,7,0,0,0,0,0,0,0,7,0,7,8,0,8,15
02/28/2019,HUT,KS,ACE,CE,Federal Contract Tower,0,4,7,0,11,0,0,21,0,21,0,4,28,0,32,34,0,34,66
03/01/2019,HUT,KS,ACE,CE,Federal Contract Tower,0,1,21,0,22,0,0,12,0,12,0,1,33,0,34,30,0,30,64
03/02/2019,HUT,KS,ACE,CE,Federal Contract Tower,0,4,3,4,11,0,3,6,0,9,0,7,9,4,20,12,44,56,76
03/03/2019,HUT,KS,ACE,CE,Federal Contract Tower,0,0,0,0,0,0,0,0,0,0,0,0,0,0,0,0,0,0,0
03/04/2019,HUT,KS,ACE,CE,Federal Contract Tower,0,0,6,0,6,0,2,2,0,4,0,2,8,0,10,32,0,32,42
03/05/2019,HUT,KS,ACE,CE,Federal Contract Tower,0,0,8,0,8,0,4,20,0,24,0,4,28,0,32,42,0,42,74
03/06/2019,HUT,KS,ACE,CE,Federal Contract Tower,0,2,6,8,16,0,0,35,0,35,0,2,41,8,51,48,4,52,103
03/07/2019,HUT,KS,ACE,CE,Federal Contract Tower,0,0,7,0,7,0,1,46,0,47,0,1,53,0,54,102,0,102,156
03/08/2019,HUT,KS,ACE,CE,Federal Contract Tower,0,0,19,0,19,0,0,0,0,0,0,0,19,0,19,8,0,8,27
03/09/2019,HUT,KS,ACE,CE,Federal Contract Tower,0,0,0,4,4,0,0,1,0,1,0,0,1,4,5,0,6,6,11
03/10/2019,HUT,KS,ACE,CE,Federal Contract Tower,0,0,6,0,6,0,0,33,0,33,0,0,39,0,39,44,0,44,83
03/11/2019,HUT,KS,ACE,CE,Federal Contract Tower,0,0,4,8,12,0,0,46,0,46,0,0,50,8,58,130,64,194,252
03/12/2019,HUT,KS,ACE,CE,Federal Contract Tower,0,0,2,0,2,0,0,0,0,0,0,0,2,0,2,10,0,10,12
03/13/2019,HUT,KS,ACE,CE,Federal Contract Tower,0,0,5,0,5,0,0,0,0,0,0,0,5,0,5,10,0,10,15
03/14/2019,HUT,KS,ACE,CE,Federal Contract Tower,0,0,6,2,8,0,0,1,2,3,0,0,7,4,11,8,0,8,19
03/15/2019,HUT,KS,ACE,CE,Federal Contract Tower,0,1,5,3,9,0,1,25,2,28,0,2,30,5,37,64,4,68,105
03/16/2019,HUT,KS,ACE,CE,Federal Contract Tower,0,1,13,0,14,0,0,35,0,35,0,1,48,0,49,54,0,54,103
03/17/2019,HUT,KS,ACE,CE,Federal Contract Tower,0,0,4,10,14,0,0,48,0,48,0,0,52,10,62,36,8,44,106
03/18/2019,HUT,KS,ACE,CE,Federal Contract Tower,0,0,11,11,22,0,6,49,17,72,0,6,60,28,94,58,26,84,178
03/19/2019,HUT,KS,ACE,CE,Federal Contract Tower,0,1,3,3,7,0,0,21,2,23,0,1,24,5,30,38,24,62,92
03/20/2019,HUT,KS,ACE,CE,Federal Contract Tower,0,1,15,23,39,0,2,49,0,51,0,3,64,23,90,106,36,142,232
03/21/2019,HUT,KS,ACE,CE,Federal Contract Tower,0,1,11,11,23,0,0,54,1,55,0,1,65,12,78,118,40,158,236
03/22/2019,HUT,KS,ACE,CE,Federal Contract Tower,0,0,5,30,35,0,0,25,2,27,0,0,30,32,62,52,68,120,182
03/23/2019,HUT,KS,ACE,CE,Federal Contract Tower,0,3,5,0,8,0,0,4,0,4,0,3,9,0,12,16,0,16,28
03/24/2019,HUT,KS,ACE,CE,Federal Contract Tower,0,0,12,0,12,0,0,11,0,11,0,0,23,0,23,12,0,12,35
03/25/2019,HUT,KS,ACE,CE,Federal Contract Tower,0,5,11,6,22,0,0,16,2,18,0,5,27,8,40,22,18,40,80
03/26/2019,HUT,KS,ACE,CE,Federal Contract Tower,0,0,12,8,20,0,0,43,0,43,0,0,55,8,63,48,38,86,149
03/27/2019,HUT,KS,ACE,CE,Federal Contract Tower,0,0,3,0,3,0,0,15,0,15,0,0,18,0,18,12,0,12,30
03/28/2019,HUT,KS,ACE,CE,Federal Contract Tower,0,1,10,1,12,0,0,26,0,26,0,1,36,1,38,28,0,28,66
03/29/2019,HUT,KS,ACE,CE,Federal Contract Tower,0,0,3,0,3,0,0,0,0,0,0,0,3,0,3,8,0,8,11
03/30/2019,HUT,KS,ACE,CE,Federal Contract Tower,0,0,3,0,3,0,0,14,0,14,0,0,17,0,17,12,0,12,29
03/31/2019,HUT,KS,ACE,CE,Federal Contract Tower,0,0,4,0,4,0,2,50,0,52,0,2,54,0,56,58,0,58,114
04/01/2019,HUT,KS,ACE,CE,Federal Contract Tower,0,0,9,6,15,0,4,27,2,33,0,4,36,8,48,38,14,52,100
04/02/2019,HUT,KS,ACE,CE,Federal Contract Tower,0,0,12,6,18,0,0,16,2,18,0,0,28,8,36,64,24,88,124
04/03/2019,HUT,KS,ACE,CE,Federal Contract Tower,0,0,3,4,7,0,0,14,0,14,0,0,17,4,21,14,8,22,43
04/04/2019,HUT,KS,ACE,CE,Federal Contract Tower,0,2,25,6,33,0,0,28,0,28,0,2,53,6,61,82,0,82,143
04/05/2019,HUT,KS,ACE,CE,Federal Contract Tower,0,0,10,3,13,0,2,23,0,25,0,2,33,3,38,6,18,24,62
04/06/2019,HUT,KS,ACE,CE,Federal Contract Tower,0,0,4,0,4,0,0,4,6,10,0,0,8,6,14,28,0,28,42
04/07/2019,HUT,KS,ACE,CE,Federal Contract Tower,0,0,9,7,16,0,2,10,3,15,0,2,19,10,31,8,18,26,57
04/08/2019,HUT,KS,ACE,CE,Federal Contract Tower,0,0,4,0,4,0,4,22,2,28,0,4,26,2,32,38,0,38,70
04/09/2019,HUT,KS,ACE,CE,Federal Contract Tower,0,1,9,9,19,0,2,18,3,23,0,3,27,12,42,12,16,28,70
04/10/2019,HUT,KS,ACE,CE,Federal Contract Tower,0,3,8,6,17,0,0,9,0,9,0,3,17,6,26,48,10,58,84
04/11/2019,HUT,KS,ACE,CE,Federal Contract Tower,0,1,13,2,16,0,0,5,0,5,0,1,18,2,21,18,16,34,55
04/12/2019,HUT,KS,ACE,CE,Federal Contract Tower,0,0,9,14,23,0,0,21,0,21,0,0,30,14,44,34,20,54,98
04/13/2019,HUT,KS,ACE,CE,Federal Contract Tower,0,0,5,0,5,0,0,17,0,17,0,0,22,0,22,4,0,4,26
04/14/2019,HUT,KS,ACE,CE,Federal Contract Tower,0,0,2,8,10,0,0,34,0,34,0,0,36,8,44,10,18,28,72
04/15/2019,HUT,KS,ACE,CE,Federal Contract Tower,0,0,4,19,23,0,2,42,13,57,0,2,46,32,80,66,42,108,188
04/16/2019,HUT,KS,ACE,CE,Federal Contract Tower,0,4,4,8,16,0,7,16,0,23,0,11,20,8,39,60,6,66,105
04/17/2019,HUT,KS,ACE,CE,Federal Contract Tower,0,4,20,14,38,0,0,11,0,11,0,4,31,14,49,28,2,30,79
04/18/2019,HUT,KS,ACE,CE,Federal Contract Tower,0,4,9,5,18,0,0,14,0,14,0,4,23,5,32,18,10,28,60
04/19/2019,HUT,KS,ACE,CE,Federal Contract Tower,0,2,7,4,13,0,1,13,0,14,0,3,20,4,27,42,0,42,69
04/20/2019,HUT,KS,ACE,CE,Federal Contract Tower,0,6,6,1,13,0,0,30,0,30,0,6,36,1,43,66,10,76,119
04/21/2019,HUT,KS,ACE,CE,Federal Contract Tower,0,0,1,0,1,0,0,5,0,5,0,0,6,0,6,0,0,0,6
04/22/2019,HUT,KS,ACE,CE,Federal Contract Tower,0,0,30,2,32,0,0,12,0,12,0,0,42,2,44,32,4,36,80
04/23/2019,HUT,KS,ACE,CE,Federal Contract Tower,0,2,16,10,28,0,0,3,0,3,0,2,19,10,31,38,16,54,85
04/24/2019,HUT,KS,ACE,CE,Federal Contract Tower,0,0,10,10,20,0,0,38,0,38,0,0,48,10,58,66,24,90,148
04/25/2019,HUT,KS,ACE,CE,Federal Contract Tower,0,0,11,11,22,0,2,19,0,21,0,2,30,11,43,56,8,64,107
04/26/2019,HUT,KS,ACE,CE,Federal Contract Tower,0,1,7,7,15,0,1,33,0,34,0,2,40,7,49,46,28,74,123
04/27/2019,HUT,KS,ACE,CE,Federal Contract Tower,0,0,1,0,1,0,5,12,0,17,0,5,13,0,18,28,0,28,46
04/28/2019,HUT,KS,ACE,CE,Federal Contract Tower,0,0,7,6,13,0,6,38,0,44,0,6,45,6,57,60,0,60,117
04/29/2019,HUT,KS,ACE,CE,Federal Contract Tower,0,2,15,0,17,0,0,25,0,25,0,2,40,0,42,54,0,54,96
04/30/2019,HUT,KS,ACE,CE,Federal Contract Tower,0,0,4,0,4,0,0,0,0,0,0,0,4,0,4,6,0,6,10
05/01/2019,HUT,KS,ACE,CE,Federal Contract Tower,0,6,23,0,29,0,0,2,0,2,0,6,25,0,31,16,0,16,47
05/02/2019,HUT,KS,ACE,CE,Federal Contract Tower,0,2,22,16,40,0,0,24,1,25,0,2,46,17,65,63,38,101,166
05/03/2019,HUT,KS,ACE,CE,Federal Contract Tower,0,4,6,8,18,0,0,0,0,0,0,4,6,8,18,2,4,6,24
05/04/2019,HUT,KS,ACE,CE,Federal Contract Tower,0,0,4,4,8,0,0,0,0,0,0,0,4,4,8,0,4,4,12
05/05/2019,HUT,KS,ACE,CE,Federal Contract Tower,0,1,2,22,25,0,2,18,0,20,0,3,20,22,45,20,4,24,69
05/06/2019,HUT,KS,ACE,CE,Federal Contract Tower,0,0,8,10,18,0,2,24,0,26,0,2,32,10,44,62,26,88,132
05/07/2019,HUT,KS,ACE,CE,Federal Contract Tower,0,0,1,0,1,0,0,1,0,1,0,0,2,0,2,6,0,6,8
05/08/2019,HUT,KS,ACE,CE,Federal Contract Tower,0,0,8,0,8,0,2,4,0,6,0,2,12,0,14,8,0,8,22
05/09/2019,HUT,KS,ACE,CE,Federal Contract Tower,0,0,15,14,29,0,0,13,0,13,0,0,28,14,42,26,0,26,68
05/10/2019,HUT,KS,ACE,CE,Federal Contract Tower,0,2,16,0,18,0,2,29,0,31,0,4,45,0,49,44,0,44,93
05/11/2019,HUT,KS,ACE,CE,Federal Contract Tower,0,4,0,29,33,0,2,6,0,8,0,6,6,29,41,0,18,18,59
05/12/2019,HUT,KS,ACE,CE,Federal Contract Tower,0,0,6,9,15,0,4,16,1,21,0,4,22,10,36,42,14,56,92
05/13/2019,HUT,KS,ACE,CE,Federal Contract Tower,0,0,6,6,12,0,4,43,0,47,0,4,49,6,59,74,14,88,147
05/14/2019,HUT,KS,ACE,CE,Federal Contract Tower,0,0,11,16,27,0,4,53,0,57,0,4,64,16,84,90,24,114,198
05/15/2019,HUT,KS,ACE,CE,Federal Contract Tower,0,4,9,4,17,0,5,42,0,47,0,9,51,4,64,70,16,86,150
05/16/2019,HUT,KS,ACE,CE,Federal Contract Tower,0,0,3,6,9,0,0,27,3,30,0,0,30,9,39,50,8,58,97
05/17/2019,HUT,KS,ACE,CE,Federal Contract Tower,0,0,5,2,7,0,0,16,0,16,0,0,21,2,23,30,6,36,59
05/18/2019,HUT,KS,ACE,CE,Federal Contract Tower,0,0,2,0,2,0,0,2,0,2,0,0,4,0,4,0,0,0,4
05/19/2019,HUT,KS,ACE,CE,Federal Contract Tower,0,2,6,0,8,0,0,29,0,29,0,2,35,0,37,44,0,44,81
05/20/2019,HUT,KS,ACE,CE,Federal Contract Tower,0,0,0,0,0,0,0,0,0,0,0,0,0,0,0,8,0,8,8
05/21/2019,HUT,KS,ACE,CE,Federal Contract Tower,0,2,9,0,11,0,0,2,0,2,0,2,11,0,13,6,0,6,19
05/22/2019,HUT,KS,ACE,CE,Federal Contract Tower,0,0,12,10,22,0,0,49,6,55,0,0,61,16,77,62,8,70,147
05/23/2019,HUT,KS,ACE,CE,Federal Contract Tower,0,0,6,0,6,0,0,4,0,4,0,0,10,0,10,22,0,22,32
05/24/2019,HUT,KS,ACE,CE,Federal Contract Tower,0,0,8,0,8,0,0,2,0,2,0,0,10,0,10,24,0,24,34
05/25/2019,HUT,KS,ACE,CE,Federal Contract Tower,0,0,1,0,1,0,0,0,0,0,0,0,1,0,1,2,0,2,3
05/26/2019,HUT,KS,ACE,CE,Federal Contract Tower,0,1,3,0,4,0,2,6,0,8,0,3,9,0,12,6,0,6,18
05/27/2019,HUT,KS,ACE,CE,Federal Contract Tower,0,0,9,0,9,0,0,6,0,6,0,0,15,0,15,8,0,8,23
05/28/2019,HUT,KS,ACE,CE,Federal Contract Tower,0,0,3,0,3,0,0,6,0,6,0,0,9,0,9,14,0,14,23
05/29/2019,HUT,KS,ACE,CE,Federal Contract Tower,0,0,8,24,32,0,0,16,0,16,0,0,24,24,48,58,8,66,114
05/30/2019,HUT,KS,ACE,CE,Federal Contract Tower,0,0,14,8,22,0,0,46,0,46,0,0,60,8,68,84,8,92,160
05/31/2019,HUT,KS,ACE,CE,Federal Contract Tower,0,0,10,0,10,0,0,26,0,26,0,0,36,0,36,161,0,161,197
06/01/2019,HUT,KS,ACE,CE,Federal Contract Tower,0,0,9,0,9,0,5,28,0,33,0,5,37,0,42,18,0,18,60
06/02/2019,HUT,KS,ACE,CE,Federal Contract Tower,0,0,5,8,13,0,0,26,0,26,0,0,31,8,39,18,0,18,57
06/03/2019,HUT,KS,ACE,CE,Federal Contract Tower,0,0,12,10,22,0,0,18,8,26,0,0,30,18,48,24,36,60,108
06/04/2019,HUT,KS,ACE,CE,Federal Contract Tower,0,4,14,6,24,0,0,16,2,18,0,4,30,8,42,46,8,54,96
06/05/2019,HUT,KS,ACE,CE,Federal Contract Tower,0,1,8,8,17,0,0,41,5,46,0,1,49,13,63,62,16,78,141
06/06/2019,HUT,KS,ACE,CE,Federal Contract Tower,0,0,7,1,8,0,0,37,0,37,0,0,44,1,45,34,0,34,79
06/07/2019,HUT,KS,ACE,CE,Federal Contract Tower,0,2,11,0,13,0,0,77,0,77,0,2,88,0,90,66,0,66,156
06/08/2019,HUT,KS,ACE,CE,Federal Contract Tower,0,0,4,0,4,0,0,27,1,28,0,0,31,1,32,38,0,38,70
06/09/2019,HUT,KS,ACE,CE,Federal Contract Tower,0,0,2,0,2,0,0,3,0,3,0,0,5,0,5,0,0,0,5
06/10/2019,HUT,KS,ACE,CE,Federal Contract Tower,0,2,9,0,11,0,0,29,0,29,0,2,38,0,40,48,0,48,88
06/11/2019,HUT,KS,ACE,CE,Federal Contract Tower,0,0,3,0,3,0,2,43,0,45,0,2,46,0,48,4,0,4,52
06/12/2019,HUT,KS,ACE,CE,Federal Contract Tower,0,2,7,0,9,0,0,53,0,53,0,2,60,0,62,50,0,50,112
06/13/2019,HUT,KS,ACE,CE,Federal Contract Tower,0,2,11,0,13,0,0,52,0,52,0,2,63,0,65,60,0,60,125
06/14/2019,HUT,KS,ACE,CE,Federal Contract Tower,0,0,5,0,5,0,0,14,0,14,0,0,19,0,19,36,0,36,55
06/15/2019,HUT,KS,ACE,CE,Federal Contract Tower,0,0,4,4,8,0,0,19,0,19,0,0,23,4,27,20,0,20,47
06/16/2019,HUT,KS,ACE,CE,Federal Contract Tower,0,1,4,0,5,0,0,9,0,9,0,1,13,0,14,2,0,2,16
06/17/2019,HUT,KS,ACE,CE,Federal Contract Tower,0,1,3,0,4,0,8,23,0,31,0,9,26,0,35,64,0,64,99
06/18/2019,HUT,KS,ACE,CE,Federal Contract Tower,0,2,10,0,12,0,0,20,0,20,0,2,30,0,32,30,0,30,62
06/19/2019,HUT,KS,ACE,CE,Federal Contract Tower,0,3,16,0,19,0,0,20,0,20,0,3,36,0,39,26,0,26,65
06/20/2019,HUT,KS,ACE,CE,Federal Contract Tower,0,3,12,0,15,0,8,43,0,51,0,11,55,0,66,60,0,60,126
06/21/2019,HUT,KS,ACE,CE,Federal Contract Tower,0,0,13,0,13,0,0,18,0,18,0,0,31,0,31,16,0,16,47
06/22/2019,HUT,KS,ACE,CE,Federal Contract Tower,0,0,5,4,9,0,0,5,0,5,0,0,10,4,14,2,0,2,16
06/23/2019,HUT,KS,ACE,CE,Federal Contract Tower,0,0,6,4,10,0,0,6,0,6,0,0,12,4,16,0,0,0,16
06/24/2019,HUT,KS,ACE,CE,Federal Contract Tower,0,0,11,18,29,0,10,29,0,39,0,10,40,18,68,62,20,82,150
06/25/2019,HUT,KS,ACE,CE,Federal Contract Tower,0,2,4,0,6,0,0,52,0,52,0,2,56,0,58,76,0,76,134
06/26/2019,HUT,KS,ACE,CE,Federal Contract Tower,0,0,11,2,13,0,2,20,0,22,0,2,31,2,35,66,2,68,103
06/27/2019,HUT,KS,ACE,CE,Federal Contract Tower,0,0,9,10,19,0,0,33,1,34,0,0,42,11,53,44,6,50,103
06/28/2019,HUT,KS,ACE,CE,Federal Contract Tower,0,0,7,3,10,0,0,29,0,29,0,0,36,3,39,48,8,56,95
06/29/2019,HUT,KS,ACE,CE,Federal Contract Tower,0,0,0,2,2,0,0,28,0,28,0,0,28,2,30,56,2,58,88
06/30/2019,HUT,KS,ACE,CE,Federal Contract Tower,0,0,5,0,5,0,0,17,0,17,0,0,22,0,22,18,0,18,40
07/01/2019,HUT,KS,ACE,CE,Federal Contract Tower,0,0,9,14,23,0,0,28,0,28,0,0,37,14,51,38,34,72,123
07/02/2019,HUT,KS,ACE,CE,Federal Contract Tower,0,0,9,10,19,0,0,25,2,27,0,0,34,12,46,76,24,100,146
07/03/2019,HUT,KS,ACE,CE,Federal Contract Tower,0,2,5,0,7,0,0,17,0,17,0,2,22,0,24,18,0,18,42
07/04/2019,HUT,KS,ACE,CE,Federal Contract Tower,0,0,0,0,0,0,0,0,0,0,0,0,0,0,0,0,0,0,0
07/05/2019,HUT,KS,ACE,CE,Federal Contract Tower,0,0,4,0,4,0,0,36,0,36,0,0,40,0,40,0,0,0,40
07/06/2019,HUT,KS,ACE,CE,Federal Contract Tower,0,0,4,0,4,0,0,8,0,8,0,0,12,0,12,14,0,14,26
07/07/2019,HUT,KS,ACE,CE,Federal Contract Tower,0,0,7,0,7,0,0,12,0,12,0,0,19,0,19,10,0,10,29
07/08/2019,HUT,KS,ACE,CE,Federal Contract Tower,0,0,4,6,10,0,0,18,0,18,0,0,22,6,28,10,12,22,50
07/09/2019,HUT,KS,ACE,CE,Federal Contract Tower,0,0,2,3,5,0,2,35,7,44,0,2,37,10,49,66,4,70,119
07/10/2019,HUT,KS,ACE,CE,Federal Contract Tower,0,0,6,4,10,0,2,19,2,23,0,2,25,6,33,42,4,46,79
07/11/2019,HUT,KS,ACE,CE,Federal Contract Tower,0,0,13,0,13,0,0,51,0,51,0,0,64,0,64,80,0,80,144
07/12/2019,HUT,KS,ACE,CE,Federal Contract Tower,0,2,10,1,13,0,0,28,0,28,0,2,38,1,41,48,0,48,89
07/13/2019,HUT,KS,ACE,CE,Federal Contract Tower,0,2,2,6,10,0,2,35,0,37,0,4,37,6,47,62,14,76,123
07/14/2019,HUT,KS,ACE,CE,Federal Contract Tower,0,0,10,21,31,0,0,23,0,23,0,0,33,21,54,0,40,40,94
07/15/2019,HUT,KS,ACE,CE,Federal Contract Tower,0,1,9,6,16,0,8,51,0,59,0,9,60,6,75,50,8,58,133
07/16/2019,HUT,KS,ACE,CE,Federal Contract Tower,0,0,9,6,15,0,2,36,1,39,0,2,45,7,54,56,14,70,124
07/17/2019,HUT,KS,ACE,CE,Federal Contract Tower,0,0,11,5,16,0,0,32,4,36,0,0,43,9,52,62,0,62,114
07/18/2019,HUT,KS,ACE,CE,Federal Contract Tower,0,0,10,4,14,0,0,58,0,58,0,0,68,4,72,60,0,60,132
07/19/2019,HUT,KS,ACE,CE,Federal Contract Tower,0,0,5,0,5,0,0,28,0,28,0,0,33,0,33,42,0,42,75
07/20/2019,HUT,KS,ACE,CE,Federal Contract Tower,0,0,0,0,0,0,0,27,6,33,0,0,27,6,33,18,0,18,51
07/21/2019,HUT,KS,ACE,CE,Federal Contract Tower,0,0,14,0,14,0,8,14,0,22,0,8,28,0,36,8,0,8,44
07/22/2019,HUT,KS,ACE,CE,Federal Contract Tower,0,1,4,5,10,0,2,57,0,59,0,3,61,5,69,34,24,58,127
07/23/2019,HUT,KS,ACE,CE,Federal Contract Tower,0,0,4,10,14,0,2,57,2,61,0,2,61,12,75,44,18,62,137
07/24/2019,HUT,KS,ACE,CE,Federal Contract Tower,0,0,5,1,6,0,0,49,0,49,0,0,54,1,55,48,4,52,107
07/25/2019,HUT,KS,ACE,CE,Federal Contract Tower,0,0,10,7,17,0,0,41,3,44,0,0,51,10,61,42,36,78,139
07/26/2019,HUT,KS,ACE,CE,Federal Contract Tower,0,1,7,1,9,0,0,18,1,19,0,1,25,2,28,28,10,38,66
07/27/2019,HUT,KS,ACE,CE,Federal Contract Tower,0,0,4,2,6,0,7,41,0,48,0,7,45,2,54,58,0,58,112
07/28/2019,HUT,KS,ACE,CE,Federal Contract Tower,0,2,7,0,9,0,4,25,0,29,0,6,32,0,38,4,0,4,42
07/29/2019,HUT,KS,ACE,CE,Federal Contract Tower,0,4,10,1,15,0,2,57,1,60,0,6,67,2,75,44,14,58,133
07/30/2019,HUT,KS,ACE,CE,Federal Contract Tower,0,0,5,3,8,0,4,14,1,19,0,4,19,4,27,70,10,80,107
07/31/2019,HUT,KS,ACE,CE,Federal Contract Tower,0,2,12,2,16,0,0,14,0,14,0,2,26,2,30,60,0,60,90
08/01/2019,HUT,KS,ACE,CE,Federal Contract Tower,0,1,14,5,20,0,13,25,1,39,0,14,39,6,59,52,22,74,133
08/02/2019,HUT,KS,ACE,CE,Federal Contract Tower,0,5,5,4,14,0,0,6,0,6,0,5,11,4,20,34,4,38,58
08/03/2019,HUT,KS,ACE,CE,Federal Contract Tower,0,1,6,5,12,0,0,6,2,8,0,1,12,7,20,0,6,6,26
08/04/2019,HUT,KS,ACE,CE,Federal Contract Tower,0,0,5,0,5,0,0,15,0,15,0,0,20,0,20,10,0,10,30
08/05/2019,HUT,KS,ACE,CE,Federal Contract Tower,0,1,7,10,18,0,0,32,0,32,0,1,39,10,50,32,18,50,100
08/06/2019,HUT,KS,ACE,CE,Federal Contract Tower,0,0,6,4,10,0,2,24,0,26,0,2,30,4,36,34,8,42,78
08/07/2019,HUT,KS,ACE,CE,Federal Contract Tower,0,0,7,10,17,0,0,38,0,38,0,0,45,10,55,96,6,102,157
08/08/2019,HUT,KS,ACE,CE,Federal Contract Tower,0,0,14,0,14,0,0,14,0,14,0,0,28,0,28,21,4,25,53
08/09/2019,HUT,KS,ACE,CE,Federal Contract Tower,0,0,11,0,11,0,0,4,2,6,0,0,15,2,17,20,0,20,37
08/10/2019,HUT,KS,ACE,CE,Federal Contract Tower,0,0,4,1,5,0,0,6,1,7,0,0,10,2,12,0,0,0,12
08/11/2019,HUT,KS,ACE,CE,Federal Contract Tower,0,0,3,0,3,0,2,17,0,19,0,2,20,0,22,10,0,10,32
08/12/2019,HUT,KS,ACE,CE,Federal Contract Tower,0,2,3,2,7,0,4,17,0,21,0,6,20,2,28,46,0,46,74
08/13/2019,HUT,KS,ACE,CE,Federal Contract Tower,0,2,9,4,15,0,2,17,2,21,0,4,26,6,36,46,22,68,104
08/14/2019,HUT,KS,ACE,CE,Federal Contract Tower,0,0,16,0,16,0,4,34,12,50,0,4,50,12,66,76,24,100,166
08/15/2019,HUT,KS,ACE,CE,Federal Contract Tower,0,1,9,5,15,0,0,40,2,42,0,1,49,7,57,62,0,62,119
08/16/2019,HUT,KS,ACE,CE,Federal Contract Tower,0,0,6,2,8,0,0,10,0,10,0,0,16,2,18,16,0,16,34
08/17/2019,HUT,KS,ACE,CE,Federal Contract Tower,0,0,5,0,5,0,0,10,0,10,0,0,15,0,15,18,0,18,33
08/18/2019,HUT,KS,ACE,CE,Federal Contract Tower,0,7,4,10,21,0,0,9,0,9,0,7,13,10,30,8,8,16,46
08/19/2019,HUT,KS,ACE,CE,Federal Contract Tower,0,3,6,3,12,0,0,50,5,55,0,3,56,8,67,32,56,88,155
08/20/2019,HUT,KS,ACE,CE,Federal Contract Tower,0,0,6,0,6,0,0,7,2,9,0,0,13,2,15,48,2,50,65
08/21/2019,HUT,KS,ACE,CE,Federal Contract Tower,0,3,6,0,9,0,0,13,0,13,0,3,19,0,22,16,0,16,38
08/22/2019,HUT,KS,ACE,CE,Federal Contract Tower,0,0,14,0,14,0,0,11,0,11,0,0,25,0,25,48,0,48,73
08/23/2019,HUT,KS,ACE,CE,Federal Contract Tower,0,4,10,6,20,0,1,22,0,23,0,5,32,6,43,34,10,44,87
08/24/2019,HUT,KS,ACE,CE,Federal Contract Tower,0,0,10,0,10,0,0,8,0,8,0,0,18,0,18,4,0,4,22
08/25/2019,HUT,KS,ACE,CE,Federal Contract Tower,0,0,10,5,15,0,0,13,0,13,0,0,23,5,28,16,0,16,44
08/26/2019,HUT,KS,ACE,CE,Federal Contract Tower,0,4,11,0,15,0,0,3,0,3,0,4,14,0,18,14,0,14,32
08/27/2019,HUT,KS,ACE,CE,Federal Contract Tower,0,2,5,4,11,0,0,29,0,29,0,2,34,4,40,34,12,46,86
08/28/2019,HUT,KS,ACE,CE,Federal Contract Tower,0,2,7,16,25,0,0,34,2,36,0,2,41,18,61,84,40,124,185
08/29/2019,HUT,KS,ACE,CE,Federal Contract Tower,0,2,9,0,11,0,0,21,0,21,0,2,30,0,32,60,0,60,92
08/30/2019,HUT,KS,ACE,CE,Federal Contract Tower,0,2,6,0,8,0,0,18,0,18,0,2,24,0,26,36,0,36,62
08/31/2019,HUT,KS,ACE,CE,Federal Contract Tower,0,0,5,0,5,0,0,5,0,5,0,0,10,0,10,0,0,0,10
09/01/2019,HUT,KS,ACE,CE,Federal Contract Tower,0,0,3,0,3,0,0,10,0,10,0,0,13,0,13,10,0,10,23
09/02/2019,HUT,KS,ACE,CE,Federal Contract Tower,0,1,1,0,2,0,0,20,0,20,0,1,21,0,22,10,0,10,32
09/03/2019,HUT,KS,ACE,CE,Federal Contract Tower,0,2,5,8,15,0,4,35,4,43,0,6,40,12,58,72,14,86,144
09/04/2019,HUT,KS,ACE,CE,Federal Contract Tower,0,0,9,0,9,0,0,24,0,24,0,0,33,0,33,80,0,80,113
09/05/2019,HUT,KS,ACE,CE,Federal Contract Tower,0,0,13,0,13,0,0,31,0,31,0,0,44,0,44,34,0,34,78
09/06/2019,HUT,KS,ACE,CE,Federal Contract Tower,0,0,5,0,5,0,0,10,0,10,0,0,15,0,15,44,0,44,59
09/07/2019,HUT,KS,ACE,CE,Federal Contract Tower,0,0,6,0,6,0,0,20,6,26,0,0,26,6,32,4,0,4,36
09/08/2019,HUT,KS,ACE,CE,Federal Contract Tower,0,0,4,0,4,0,0,14,0,14,0,0,18,0,18,26,0,26,44
09/09/2019,HUT,KS,ACE,CE,Federal Contract Tower,0,0,8,4,12,0,0,23,4,27,0,0,31,8,39,24,6,30,69
09/10/2019,HUT,KS,ACE,CE,Federal Contract Tower,0,0,5,2,7,0,0,16,0,16,0,0,21,2,23,44,0,44,67
09/11/2019,HUT,KS,ACE,CE,Federal Contract Tower,0,0,7,1,8,0,6,33,1,40,0,6,40,2,48,102,2,104,152
09/12/2019,HUT,KS,ACE,CE,Federal Contract Tower,0,4,7,0,11,0,2,8,0,10,0,6,15,0,21,48,0,48,69
09/13/2019,HUT,KS,ACE,CE,Federal Contract Tower,0,4,4,4,12,0,2,25,0,27,0,6,29,4,39,86,4,90,129
09/14/2019,HUT,KS,ACE,CE,Federal Contract Tower,0,0,6,0,6,0,0,14,0,14,0,0,20,0,20,0,0,0,20
09/15/2019,HUT,KS,ACE,CE,Federal Contract Tower,0,0,7,4,11,0,0,20,0,20,0,0,27,4,31,24,8,32,63
09/16/2019,HUT,KS,ACE,CE,Federal Contract Tower,0,0,10,4,14,0,2,31,0,33,0,2,41,4,47,32,0,32,79
09/17/2019,HUT,KS,ACE,CE,Federal Contract Tower,0,0,6,12,18,0,3,25,0,28,0,3,31,12,46,68,16,84,130
09/18/2019,HUT,KS,ACE,CE,Federal Contract Tower,0,0,13,0,13,0,6,19,0,25,0,6,32,0,38,102,0,102,140
09/19/2019,HUT,KS,ACE,CE,Federal Contract Tower,0,0,7,8,15,0,2,14,1,17,0,2,21,9,32,46,16,62,94
09/20/2019,HUT,KS,ACE,CE,Federal Contract Tower,0,2,14,18,34,0,0,12,0,12,0,2,26,18,46,12,22,34,80
09/21/2019,HUT,KS,ACE,CE,Federal Contract Tower,0,1,4,1,6,0,0,0,1,1,0,1,4,2,7,8,0,8,15
09/22/2019,HUT,KS,ACE,CE,Federal Contract Tower,0,0,3,0,3,0,0,7,0,7,0,0,10,0,10,6,0,6,16
09/23/2019,HUT,KS,ACE,CE,Federal Contract Tower,0,4,7,4,15,0,2,25,2,29,0,6,32,6,44,60,2,62,106
09/24/2019,HUT,KS,ACE,CE,Federal Contract Tower,0,1,11,8,20,0,4,18,0,22,0,5,29,8,42,36,0,36,78
09/25/2019,HUT,KS,ACE,CE,Federal Contract Tower,0,1,8,5,14,0,6,23,11,40,0,7,31,16,54,64,10,74,128
09/26/2019,HUT,KS,ACE,CE,Federal Contract Tower,0,5,12,5,22,0,0,21,0,21,0,5,33,5,43,50,12,62,105
09/27/2019,HUT,KS,ACE,CE,Federal Contract Tower,0,2,16,12,30,0,0,15,0,15,0,2,31,12,45,6,22,28,73
09/28/2019,HUT,KS,ACE,CE,Federal Contract Tower,0,2,1,0,3,0,0,0,0,0,0,2,1,0,3,0,0,0,3
09/29/2019,HUT,KS,ACE,CE,Federal Contract Tower,0,0,9,0,9,0,3,7,0,10,0,3,16,0,19,12,0,12,31
09/30/2019,HUT,KS,ACE,CE,Federal Contract Tower,0,0,3,8,11,0,0,10,0,10,0,0,13,8,21,22,8,30,51
10/01/2019,HUT,KS,ACE,CE,Federal Contract Tower,0,0,6,0,6,0,0,10,0,10,0,0,16,0,16,38,0,38,54
10/02/2019,HUT,KS,ACE,CE,Federal Contract Tower,0,0,11,0,11,0,0,0,0,0,0,0,11,0,11,12,0,12,23
10/03/2019,HUT,KS,ACE,CE,Federal Contract Tower,0,5,0,0,5,0,2,6,0,8,0,7,6,0,13,38,0,38,51
10/04/2019,HUT,KS,ACE,CE,Federal Contract Tower,0,2,14,0,16,0,0,2,0,2,0,2,16,0,18,12,0,12,30
10/05/2019,HUT,KS,ACE,CE,Federal Contract Tower,0,0,4,0,4,0,0,7,0,7,0,0,11,0,11,0,0,0,11
10/06/2019,HUT,KS,ACE,CE,Federal Contract Tower,0,0,10,4,14,0,0,7,0,7,0,0,17,4,21,0,0,0,21
10/08/2019,HUT,KS,ACE,CE,Federal Contract Tower,0,0,10,0,10,0,2,41,0,43,0,2,51,0,53,72,0,72,125
10/09/2019,HUT,KS,ACE,CE,Federal Contract Tower,0,2,8,0,10,0,1,12,0,13,0,3,20,0,23,18,0,18,41
10/10/2019,HUT,KS,ACE,CE,Federal Contract Tower,0,2,12,5,19,0,0,2,0,2,0,2,14,5,21,12,18,30,51
10/11/2019,HUT,KS,ACE,CE,Federal Contract Tower,0,0,2,8,10,0,0,22,0,22,0,0,24,8,32,44,12,56,88
10/12/2019,HUT,KS,ACE,CE,Federal Contract Tower,0,0,10,0,10,0,0,22,0,22,0,0,32,0,32,42,0,42,74
10/13/2019,HUT,KS,ACE,CE,Federal Contract Tower,0,0,3,0,3,0,0,15,0,15,0,0,18,0,18,24,0,24,42
10/14/2019,HUT,KS,ACE,CE,Federal Contract Tower,0,0,3,0,3,0,0,0,0,0,0,0,3,0,3,6,0,6,9
10/15/2019,HUT,KS,ACE,CE,Federal Contract Tower,0,0,12,2,14,0,0,18,6,24,0,0,30,8,38,42,0,42,80
10/16/2019,HUT,KS,ACE,CE,Federal Contract Tower,0,1,9,4,14,0,4,32,2,38,0,5,41,6,52,78,6,84,136
10/17/2019,HUT,KS,ACE,CE,Federal Contract Tower,0,0,14,0,14,0,0,26,0,26,0,0,40,0,40,66,0,66,106
10/18/2019,HUT,KS,ACE,CE,Federal Contract Tower,0,0,10,12,22,0,0,19,2,21,0,0,29,14,43,14,14,28,71
10/19/2019,HUT,KS,ACE,CE,Federal Contract Tower,0,0,3,0,3,0,0,17,0,17,0,0,20,0,20,18,0,18,38
10/20/2019,HUT,KS,ACE,CE,Federal Contract Tower,0,4,2,0,6,0,0,9,0,9,0,4,11,0,15,10,0,10,25
10/21/2019,HUT,KS,ACE,CE,Federal Contract Tower,0,2,5,2,9,0,2,4,2,8,0,4,9,4,17,20,2,22,39
10/22/2019,HUT,KS,ACE,CE,Federal Contract Tower,0,0,7,14,21,0,4,13,4,21,0,4,20,18,42,32,62,94,136
10/23/2019,HUT,KS,ACE,CE,Federal Contract Tower,0,1,14,0,15,0,2,15,0,17,0,3,29,0,32,46,0,46,78
10/24/2019,HUT,KS,ACE,CE,Federal Contract Tower,0,0,5,0,5,0,0,15,0,15,0,0,20,0,20,32,0,32,52
10/25/2019,HUT,KS,ACE,CE,Federal Contract Tower,0,3,13,0,16,0,3,22,0,25,0,6,35,0,41,50,2,52,93
10/26/2019,HUT,KS,ACE,CE,Federal Contract Tower,0,1,9,0,10,0,0,32,0,32,0,1,41,0,42,44,0,44,86
10/27/2019,HUT,KS,ACE,CE,Federal Contract Tower,0,0,7,0,7,0,0,2,6,8,0,0,9,6,15,0,0,0,15
10/28/2019,HUT,KS,ACE,CE,Federal Contract Tower,0,1,11,6,18,0,2,29,2,33,0,3,40,8,51,64,18,82,133
10/29/2019,HUT,KS,ACE,CE,Federal Contract Tower,0,4,3,6,13,0,4,11,0,15,0,8,14,6,28,40,12,52,80
10/30/2019,HUT,KS,ACE,CE,Federal Contract Tower,0,2,4,0,6,0,0,0,0,0,0,2,4,0,6,8,0,8,14
10/31/2019,HUT,KS,ACE,CE,Federal Contract Tower,0,0,6,18,24,0,0,26,2,28,0,0,32,20,52,56,20,76,128
11/01/2019,HUT,KS,ACE,CE,Federal Contract Tower,0,0,11,3,14,0,0,16,0,16,0,0,27,3,30,24,6,30,60
11/02/2019,HUT,KS,ACE,CE,Federal Contract Tower,0,0,0,4,4,0,0,33,0,33,0,0,33,4,37,30,6,36,73
11/03/2019,HUT,KS,ACE,CE,Federal Contract Tower,0,0,9,0,9,0,0,24,4,28,0,0,33,4,37,28,6,34,71
11/04/2019,HUT,KS,ACE,CE,Federal Contract Tower,0,0,8,0,8,0,0,16,0,16,0,0,24,0,24,42,0,42,66
11/05/2019,HUT,KS,ACE,CE,Federal Contract Tower,0,0,13,22,35,0,4,30,4,38,0,4,43,26,73,46,30,76,149
11/06/2019,HUT,KS,ACE,CE,Federal Contract Tower,0,0,6,16,22,0,0,20,0,20,0,0,26,16,42,30,60,90,132
11/07/2019,HUT,KS,ACE,CE,Federal Contract Tower,0,0,5,12,17,0,0,10,2,12,0,0,15,14,29,24,6,30,59
11/08/2019,HUT,KS,ACE,CE,Federal Contract Tower,0,2,5,8,15,0,0,8,0,8,0,2,13,8,23,20,6,26,49
11/09/2019,HUT,KS,ACE,CE,Federal Contract Tower,0,0,6,0,6,0,0,35,0,35,0,0,41,0,41,74,0,74,115
11/10/2019,HUT,KS,ACE,CE,Federal Contract Tower,0,0,5,0,5,0,0,19,0,19,0,0,24,0,24,18,0,18,42
11/11/2019,HUT,KS,ACE,CE,Federal Contract Tower,0,0,1,0,1,0,0,2,0,2,0,0,3,0,3,8,0,8,11
11/12/2019,HUT,KS,ACE,CE,Federal Contract Tower,0,3,7,0,10,0,4,25,0,29,0,7,32,0,39,58,0,58,97
11/13/2019,HUT,KS,ACE,CE,Federal Contract Tower,0,0,14,0,14,0,0,14,2,16,0,0,28,2,30,28,8,36,66
11/14/2019,HUT,KS,ACE,CE,Federal Contract Tower,0,0,9,4,13,0,1,30,0,31,0,1,39,4,44,50,8,58,102
11/15/2019,HUT,KS,ACE,CE,Federal Contract Tower,0,0,13,10,23,0,0,22,0,22,0,0,35,10,45,38,0,38,83
11/16/2019,HUT,KS,ACE,CE,Federal Contract Tower,0,0,2,2,4,0,2,3,0,5,0,2,5,2,9,0,10,10,19
11/17/2019,HUT,KS,ACE,CE,Federal Contract Tower,0,0,5,0,5,0,6,12,1,19,0,6,17,1,24,24,0,24,48
11/18/2019,HUT,KS,ACE,CE,Federal Contract Tower,0,0,5,0,5,0,2,16,0,18,0,2,21,0,23,18,0,18,41
11/19/2019,HUT,KS,ACE,CE,Federal Contract Tower,0,0,8,12,20,0,2,36,4,42,0,2,44,16,62,92,16,108,170
11/20/2019,HUT,KS,ACE,CE,Federal Contract Tower,0,1,10,2,13,0,4,0,0,4,0,5,10,2,17,0,0,0,17
11/21/2019,HUT,KS,ACE,CE,Federal Contract Tower,0,4,4,0,8,0,0,4,0,4,0,4,8,0,12,18,0,18,30
11/22/2019,HUT,KS,ACE,CE,Federal Contract Tower,0,0,0,0,0,0,0,0,0,0,0,0,0,0,0,0,0,0,0
11/23/2019,HUT,KS,ACE,CE,Federal Contract Tower,0,0,5,0,5,0,4,12,0,16,0,4,17,0,21,2,0,2,23
11/24/2019,HUT,KS,ACE,CE,Federal Contract Tower,0,1,2,0,3,0,0,15,0,15,0,1,17,0,18,0,0,0,18
11/25/2019,HUT,KS,ACE,CE,Federal Contract Tower,0,4,3,0,7,0,4,15,0,19,0,8,18,0,26,46,0,46,72
11/26/2019,HUT,KS,ACE,CE,Federal Contract Tower,0,1,10,0,11,0,6,13,0,19,0,7,23,0,30,66,0,66,96
11/27/2019,HUT,KS,ACE,CE,Federal Contract Tower,0,1,6,6,13,0,0,16,0,16,0,1,22,6,29,30,4,34,63
11/28/2019,HUT,KS,ACE,CE,Federal Contract Tower,0,0,0,0,0,0,0,0,0,0,0,0,0,0,0,0,0,0,0
11/29/2019,HUT,KS,ACE,CE,Federal Contract Tower,0,0,1,0,1,0,0,0,0,0,0,0,1,0,1,0,0,0,1
11/30/2019,HUT,KS,ACE,CE,Federal Contract Tower,0,2,6,0,8,0,0,3,0,3,0,2,9,0,11,0,0,0,11
12/01/2019,HUT,KS,ACE,CE,Federal Contract Tower,0,0,12,0,12,0,0,1,0,1,0,0,13,0,13,0,0,0,13
12/02/2019,HUT,KS,ACE,CE,Federal Contract Tower,0,5,8,0,13,0,2,27,0,29,0,7,35,0,42,22,0,22,64
12/03/2019,HUT,KS,ACE,CE,Federal Contract Tower,0,1,10,11,22,0,6,26,5,37,0,7,36,16,59,46,56,102,161
12/04/2019,HUT,KS,ACE,CE,Federal Contract Tower,0,2,9,7,18,0,4,10,1,15,0,6,19,8,33,12,28,40,73
12/05/2019,HUT,KS,ACE,CE,Federal Contract Tower,0,0,6,2,8,0,1,23,0,24,0,1,29,2,32,54,0,54,86
12/06/2019,HUT,KS,ACE,CE,Federal Contract Tower,0,3,9,2,14,0,2,22,0,24,0,5,31,2,38,28,0,28,66
12/07/2019,HUT,KS,ACE,CE,Federal Contract Tower,0,4,9,0,13,0,1,11,0,12,0,5,20,0,25,6,0,6,31
12/08/2019,HUT,KS,ACE,CE,Federal Contract Tower,0,1,4,0,5,0,2,27,0,29,0,3,31,0,34,32,0,32,66
12/09/2019,HUT,KS,ACE,CE,Federal Contract Tower,0,5,3,6,14,0,5,7,2,14,0,10,10,8,28,10,4,14,42
12/10/2019,HUT,KS,ACE,CE,Federal Contract Tower,0,0,14,4,18,0,1,12,0,13,0,1,26,4,31,22,0,22,53
12/11/2019,HUT,KS,ACE,CE,Federal Contract Tower,0,2,5,2,9,0,0,22,0,22,0,2,27,2,31,60,0,60,91
12/12/2019,HUT,KS,ACE,CE,Federal Contract Tower,0,0,5,6,11,0,0,22,0,22,0,0,27,6,33,30,12,42,75
12/13/2019,HUT,KS,ACE,CE,Federal Contract Tower,0,2,6,6,14,0,0,28,0,28,0,2,34,6,42,36,0,36,78
12/14/2019,HUT,KS,ACE,CE,Federal Contract Tower,0,0,3,0,3,0,0,6,0,6,0,0,9,0,9,0,0,0,9
12/15/2019,HUT,KS,ACE,CE,Federal Contract Tower,0,0,1,0,1,0,0,0,0,0,0,0,1,0,1,0,0,0,1
12/16/2019,HUT,KS,ACE,CE,Federal Contract Tower,0,0,4,0,4,0,4,0,0,4,0,4,4,0,8,14,0,14,22
12/17/2019,HUT,KS,ACE,CE,Federal Contract Tower,0,3,7,0,10,0,6,12,0,18,0,9,19,0,28,48,0,48,76
12/18/2019,HUT,KS,ACE,CE,Federal Contract Tower,0,3,6,4,13,0,0,30,0,30,0,3,36,4,43,78,0,78,121
12/19/2019,HUT,KS,ACE,CE,Federal Contract Tower,0,0,14,3,17,0,4,29,0,33,0,4,43,3,50,42,10,52,102
12/20/2019,HUT,KS,ACE,CE,Federal Contract Tower,0,0,11,0,11,0,2,34,0,36,0,2,45,0,47,44,0,44,91
12/21/2019,HUT,KS,ACE,CE,Federal Contract Tower,0,2,5,0,7,0,2,25,0,27,0,4,30,0,34,62,0,62,96
12/22/2019,HUT,KS,ACE,CE,Federal Contract Tower,0,0,6,0,6,0,0,18,0,18,0,0,24,0,24,20,0,20,44
12/23/2019,HUT,KS,ACE,CE,Federal Contract Tower,0,0,10,0,10,0,0,29,0,29,0,0,39,0,39,32,0,32,71
12/24/2019,HUT,KS,ACE,CE,Federal Contract Tower,0,0,1,0,1,0,0,18,0,18,0,0,19,0,19,0,0,0,19
12/25/2019,HUT,KS,ACE,CE,Federal Contract Tower,0,0,2,0,2,0,0,0,0,0,0,0,2,0,2,0,0,0,2
12/26/2019,HUT,KS,ACE,CE,Federal Contract Tower,0,0,8,0,8,0,0,3,0,3,0,0,11,0,11,0,0,0,11
12/27/2019,HUT,KS,ACE,CE,Federal Contract Tower,0,2,0,0,2,0,0,3,0,3,0,2,3,0,5,0,0,0,5
12/28/2019,HUT,KS,ACE,CE,Federal Contract Tower,0,0,1,0,1,0,0,0,0,0,0,0,1,0,1,0,0,0,1
12/29/2019,HUT,KS,ACE,CE,Federal Contract Tower,0,0,11,0,11,0,1,0,0,1,0,1,11,0,12,0,0,0,12
12/30/2019,HUT,KS,ACE,CE,Federal Contract Tower,0,4,3,0,7,0,0,2,0,2,0,4,5,0,9,0,0,0,9
12/31/2019,HUT,KS,ACE,CE,Federal Contract Tower,0,0,6,0,6,0,0,23,0,23,0,0,29,0,29,46,0,46,75
01/01/2020,HUT,KS,ACE,CE,Federal Contract Tower,0,0,1,0,1,0,0,1,0,1,0,0,2,0,2,0,0,0,2
01/02/2020,HUT,KS,ACE,CE,Federal Contract Tower,0,1,4,0,5,0,0,17,0,17,0,1,21,0,22,72,0,72,94
01/03/2020,HUT,KS,ACE,CE,Federal Contract Tower,0,0,1,4,5,0,0,31,0,31,0,0,32,4,36,54,0,54,90
01/04/2020,HUT,KS,ACE,CE,Federal Contract Tower,0,0,7,0,7,0,0,19,0,19,0,0,26,0,26,34,0,34,60
01/05/2020,HUT,KS,ACE,CE,Federal Contract Tower,0,0,2,0,2,0,0,25,0,25,0,0,27,0,27,32,0,32,59
01/06/2020,HUT,KS,ACE,CE,Federal Contract Tower,0,0,6,0,6,0,0,13,0,13,0,0,19,0,19,0,0,0,19
01/07/2020,HUT,KS,ACE,CE,Federal Contract Tower,0,0,4,6,10,0,0,6,0,6,0,0,10,6,16,12,18,30,46
01/08/2020,HUT,KS,ACE,CE,Federal Contract Tower,0,0,4,0,4,0,4,13,0,17,0,4,17,0,21,26,0,26,47
01/09/2020,HUT,KS,ACE,CE,Federal Contract Tower,0,0,5,4,9,0,1,18,4,23,0,1,23,8,32,30,0,30,62
01/10/2020,HUT,KS,ACE,CE,Federal Contract Tower,0,0,4,0,4,0,0,0,0,0,0,0,4,0,4,8,0,8,12
01/11/2020,HUT,KS,ACE,CE,Federal Contract Tower,0,0,0,0,0,0,0,10,0,10,0,0,10,0,10,4,0,4,14
01/12/2020,HUT,KS,ACE,CE,Federal Contract Tower,0,4,0,0,4,0,0,1,0,1,0,4,1,0,5,0,0,0,5
01/13/2020,HUT,KS,ACE,CE,Federal Contract Tower,0,0,4,0,4,0,0,0,0,0,0,0,4,0,4,0,0,0,4
01/14/2020,HUT,KS,ACE,CE,Federal Contract Tower,0,0,11,0,11,0,0,2,0,2,0,0,13,0,13,8,0,8,21
01/15/2020,HUT,KS,ACE,CE,Federal Contract Tower,0,0,9,0,9,0,4,22,0,26,0,4,31,0,35,26,0,26,61
01/16/2020,HUT,KS,ACE,CE,Federal Contract Tower,0,2,6,2,10,0,0,23,0,23,0,2,29,2,33,56,0,56,89
01/17/2020,HUT,KS,ACE,CE,Federal Contract Tower,0,0,2,0,2,0,0,0,0,0,0,0,2,0,2,0,0,0,2
01/18/2020,HUT,KS,ACE,CE,Federal Contract Tower,0,0,5,0,5,0,0,4,0,4,0,0,9,0,9,6,0,6,15
01/19/2020,HUT,KS,ACE,CE,Federal Contract Tower,0,1,9,7,17,0,0,37,8,45,0,1,46,15,62,68,20,88,150
01/20/2020,HUT,KS,ACE,CE,Federal Contract Tower,0,1,4,0,5,0,0,28,0,28,0,1,32,0,33,10,0,10,43
01/21/2020,HUT,KS,ACE,CE,Federal Contract Tower,0,2,3,2,7,0,0,21,0,21,0,2,24,2,28,22,0,22,50
01/22/2020,HUT,KS,ACE,CE,Federal Contract Tower,0,1,2,0,3,0,0,0,0,0,0,1,2,0,3,0,0,0,3
01/23/2020,HUT,KS,ACE,CE,Federal Contract Tower,0,0,5,2,7,0,0,10,0,10,0,0,15,2,17,30,8,38,55
01/24/2020,HUT,KS,ACE,CE,Federal Contract Tower,0,2,11,8,21,0,0,14,0,14,0,2,25,8,35,40,0,40,75
01/25/2020,HUT,KS,ACE,CE,Federal Contract Tower,0,0,3,0,3,0,13,22,0,35,0,13,25,0,38,32,0,32,70
01/26/2020,HUT,KS,ACE,CE,Federal Contract Tower,0,0,5,0,5,0,2,40,0,42,0,2,45,0,47,38,0,38,85
01/27/2020,HUT,KS,ACE,CE,Federal Contract Tower,0,4,6,0,10,0,0,17,0,17,0,4,23,0,27,20,0,20,47
01/28/2020,HUT,KS,ACE,CE,Federal Contract Tower,0,0,0,0,0,0,0,0,0,0,0,0,0,0,0,0,0,0,0
01/29/2020,HUT,KS,ACE,CE,Federal Contract Tower,0,2,8,3,13,0,0,5,1,6,0,2,13,4,19,6,2,8,27
01/30/2020,HUT,KS,ACE,CE,Federal Contract Tower,0,0,2,0,2,0,0,10,0,10,0,0,12,0,12,22,0,22,34
01/31/2020,HUT,KS,ACE,CE,Federal Contract Tower,0,0,6,2,8,0,0,32,0,32,0,0,38,2,40,64,0,64,104
02/01/2020,HUT,KS,ACE,CE,Federal Contract Tower,0,2,9,0,11,0,12,26,0,38,0,14,35,0,49,52,0,52,101
02/02/2020,HUT,KS,ACE,CE,Federal Contract Tower,0,0,6,10,16,0,0,16,2,18,0,0,22,12,34,28,34,62,96
02/03/2020,HUT,KS,ACE,CE,Federal Contract Tower,0,0,11,0,11,0,0,1,0,1,0,0,12,0,12,0,0,0,12
02/04/2020,HUT,KS,ACE,CE,Federal Contract Tower,0,0,2,0,2,0,0,1,2,3,0,0,3,2,5,10,0,10,15
02/05/2020,HUT,KS,ACE,CE,Federal Contract Tower,0,0,9,0,9,0,4,5,0,9,0,4,14,0,18,38,0,38,56
02/06/2020,HUT,KS,ACE,CE,Federal Contract Tower,0,2,6,6,14,0,2,19,0,21,0,4,25,6,35,50,20,70,105
02/07/2020,HUT,KS,ACE,CE,Federal Contract Tower,0,0,6,2,8,0,6,11,0,17,0,6,17,2,25,22,0,22,47
02/08/2020,HUT,KS,ACE,CE,Federal Contract Tower,0,0,5,2,7,0,6,36,0,42,0,6,41,2,49,38,0,38,87
02/09/2020,HUT,KS,ACE,CE,Federal Contract Tower,0,0,5,11,16,0,1,5,4,10,0,1,10,15,26,6,14,20,46
02/10/2020,HUT,KS,ACE,CE,Federal Contract Tower,0,2,15,0,17,0,2,14,0,16,0,4,29,0,33,12,0,12,45
02/11/2020,HUT,KS,ACE,CE,Federal Contract Tower,0,0,5,0,5,0,4,8,0,12,0,4,13,0,17,16,0,16,33
02/12/2020,HUT,KS,ACE,CE,Federal Contract Tower,0,0,0,0,0,0,0,0,0,0,0,0,0,0,0,0,0,0,0
02/13/2020,HUT,KS,ACE,CE,Federal Contract Tower,0,0,6,4,10,0,0,25,0,25,0,0,31,4,35,28,10,38,73
02/14/2020,HUT,KS,ACE,CE,Federal Contract Tower,0,0,7,2,9,0,0,17,0,17,0,0,24,2,26,24,0,24,50
02/15/2020,HUT,KS,ACE,CE,Federal Contract Tower,0,3,7,0,10,0,0,21,0,21,0,3,28,0,31,36,0,36,67
02/16/2020,HUT,KS,ACE,CE,Federal Contract Tower,0,0,1,0,1,0,0,38,0,38,0,0,39,0,39,50,0,50,89
02/17/2020,HUT,KS,ACE,CE,Federal Contract Tower,0,0,5,0,5,0,3,11,0,14,0,3,16,0,19,28,0,28,47
02/18/2020,HUT,KS,ACE,CE,Federal Contract Tower,0,2,8,3,13,0,0,8,1,9,0,2,16,4,22,10,0,10,32
02/19/2020,HUT,KS,ACE,CE,Federal Contract Tower,0,0,13,2,15,0,2,8,0,10,0,2,21,2,25,28,8,36,61
02/20/2020,HUT,KS,ACE,CE,Federal Contract Tower,0,0,6,2,8,0,2,13,0,15,0,2,19,2,23,30,0,30,53
02/21/2020,HUT,KS,ACE,CE,Federal Contract Tower,0,0,4,0,4,0,0,29,2,31,0,0,33,2,35,74,0,74,109
02/22/2020,HUT,KS,ACE,CE,Federal Contract Tower,0,0,7,0,7,0,3,17,0,20,0,3,24,0,27,8,0,8,35
02/23/2020,HUT,KS,ACE,CE,Federal Contract Tower,0,1,3,0,4,0,2,1,0,3,0,3,4,0,7,0,0,0,7
02/24/2020,HUT,KS,ACE,CE,Federal Contract Tower,0,0,3,0,3,0,0,15,0,15,0,0,18,0,18,36,0,36,54
02/25/2020,HUT,KS,ACE,CE,Federal Contract Tower,0,0,0,0,0,0,0,0,0,0,0,0,0,0,0,0,0,0,0
02/26/2020,HUT,KS,ACE,CE,Federal Contract Tower,0,1,11,7,19,0,0,25,3,28,0,1,36,10,47,60,14,74,121
02/27/2020,HUT,KS,ACE,CE,Federal Contract Tower,0,2,6,0,8,0,2,19,0,21,0,4,25,0,29,44,0,44,73
02/28/2020,HUT,KS,ACE,CE,Federal Contract Tower,0,0,3,8,11,0,0,20,0,20,0,0,23,8,31,22,0,22,53
02/29/2020,HUT,KS,ACE,CE,Federal Contract Tower,0,0,2,0,2,0,4,17,0,21,0,4,19,0,23,58,0,58,81
03/01/2020,HUT,KS,ACE,CE,Federal Contract Tower,0,0,0,8,8,0,0,48,8,56,0,0,48,16,64,58,28,86,150
03/02/2020,HUT,KS,ACE,CE,Federal Contract Tower,0,0,3,0,3,0,2,13,8,23,0,2,16,8,26,14,0,14,40
03/03/2020,HUT,KS,ACE,CE,Federal Contract Tower,0,0,3,4,7,0,2,32,2,36,0,2,35,6,43,20,12,32,75
03/04/2020,HUT,KS,ACE,CE,Federal Contract Tower,0,0,3,5,8,0,2,25,11,38,0,2,28,16,46,52,12,64,110
03/05/2020,HUT,KS,ACE,CE,Federal Contract Tower,0,2,6,0,8,0,1,26,0,27,0,3,32,0,35,28,0,28,63
03/06/2020,HUT,KS,ACE,CE,Federal Contract Tower,0,0,7,5,12,0,2,28,0,30,0,2,35,5,42,64,0,64,106
03/07/2020,HUT,KS,ACE,CE,Federal Contract Tower,0,0,0,0,0,0,0,8,0,8,0,0,8,0,8,4,0,4,12
03/08/2020,HUT,KS,ACE,CE,Federal Contract Tower,0,0,2,0,2,0,1,11,0,12,0,1,13,0,14,2,0,2,16
03/09/2020,HUT,KS,ACE,CE,Federal Contract Tower,0,0,12,0,12,0,0,0,0,0,0,0,12,0,12,10,0,10,22
03/10/2020,HUT,KS,ACE,CE,Federal Contract Tower,0,0,3,0,3,0,0,6,0,6,0,0,9,0,9,14,0,14,23
03/11/2020,HUT,KS,ACE,CE,Federal Contract Tower,0,0,7,6,13,0,2,32,0,34,0,2,39,6,47,74,52,126,173
03/12/2020,HUT,KS,ACE,CE,Federal Contract Tower,0,0,10,19,29,0,1,20,1,22,0,1,30,20,51,38,8,46,97
03/13/2020,HUT,KS,ACE,CE,Federal Contract Tower,0,0,5,0,5,0,0,1,0,1,0,0,6,0,6,8,0,8,14
03/14/2020,HUT,KS,ACE,CE,Federal Contract Tower,0,0,1,0,1,0,0,0,0,0,0,0,1,0,1,0,0,0,1
03/15/2020,HUT,KS,ACE,CE,Federal Contract Tower,0,0,4,0,4,0,0,0,0,0,0,0,4,0,4,0,0,0,4
03/16/2020,HUT,KS,ACE,CE,Federal Contract Tower,0,0,2,4,6,0,0,0,0,0,0,0,2,4,6,0,6,6,12
03/17/2020,HUT,KS,ACE,CE,Federal Contract Tower,0,2,5,0,7,0,0,0,0,0,0,2,5,0,7,0,0,0,7
03/18/2020,HUT,KS,ACE,CE,Federal Contract Tower,0,4,1,2,7,0,2,7,0,9,0,6,8,2,16,10,4,14,30
03/19/2020,HUT,KS,ACE,CE,Federal Contract Tower,0,1,7,2,10,0,0,3,0,3,0,1,10,2,13,16,16,32,45
03/20/2020,HUT,KS,ACE,CE,Federal Contract Tower,0,0,8,0,8,0,0,14,0,14,0,0,22,0,22,30,0,30,52
03/21/2020,HUT,KS,ACE,CE,Federal Contract Tower,0,0,10,4,14,0,0,23,0,23,0,0,33,4,37,6,4,10,47
03/22/2020,HUT,KS,ACE,CE,Federal Contract Tower,0,0,0,0,0,0,0,0,0,0,0,0,0,0,0,0,0,0,0
03/23/2020,HUT,KS,ACE,CE,Federal Contract Tower,0,0,4,0,4,0,0,4,0,4,0,0,8,0,8,16,0,16,24
03/24/2020,HUT,KS,ACE,CE,Federal Contract Tower,0,0,9,6,15,0,0,1,0,1,0,0,10,6,16,2,0,2,18
03/25/2020,HUT,KS,ACE,CE,Federal Contract Tower,0,0,5,4,9,0,0,16,0,16,0,0,21,4,25,22,8,30,55
03/26/2020,HUT,KS,ACE,CE,Federal Contract Tower,0,0,4,4,8,0,0,3,2,5,0,0,7,6,13,8,14,22,35
03/27/2020,HUT,KS,ACE,CE,Federal Contract Tower,0,0,2,0,2,0,0,6,4,10,0,0,8,4,12,18,0,18,30
03/28/2020,HUT,KS,ACE,CE,Federal Contract Tower,0,0,1,0,1,0,0,0,0,0,0,0,1,0,1,0,0,0,1
03/29/2020,HUT,KS,ACE,CE,Federal Contract Tower,0,2,2,0,4,0,0,23,0,23,0,2,25,0,27,14,0,14,41
03/30/2020,HUT,KS,ACE,CE,Federal Contract Tower,0,0,2,0,2,0,0,3,0,3,0,0,5,0,5,0,0,0,5
03/31/2020,HUT,KS,ACE,CE,Federal Contract Tower,0,0,2,4,6,0,0,8,0,8,0,0,10,4,14,14,8,22,36
04/01/2020,HUT,KS,ACE,CE,Federal Contract Tower,0,1,5,0,6,0,0,9,0,9,0,1,14,0,15,14,0,14,29
04/02/2020,HUT,KS,ACE,CE,Federal Contract Tower,0,1,2,0,3,0,0,3,0,3,0,1,5,0,6,20,0,20,26
04/03/2020,HUT,KS,ACE,CE,Federal Contract Tower,0,0,2,4,6,0,0,5,0,5,0,0,7,4,11,8,8,16,27
04/04/2020,HUT,KS,ACE,CE,Federal Contract Tower,0,0,2,0,2,0,0,9,0,9,0,0,11,0,11,4,0,4,15
04/05/2020,HUT,KS,ACE,CE,Federal Contract Tower,0,0,0,0,0,0,0,2,0,2,0,0,2,0,2,16,0,16,18
04/06/2020,HUT,KS,ACE,CE,Federal Contract Tower,0,0,3,10,13,0,0,6,0,6,0,0,9,10,19,30,18,48,67
04/07/2020,HUT,KS,ACE,CE,Federal Contract Tower,0,0,6,0,6,0,0,31,0,31,0,0,37,0,37,50,0,50,87
04/08/2020,HUT,KS,ACE,CE,Federal Contract Tower,0,0,5,10,15,0,0,13,4,17,0,0,18,14,32,54,46,100,132
04/09/2020,HUT,KS,ACE,CE,Federal Contract Tower,0,1,3,6,10,0,0,13,0,13,0,1,16,6,23,50,0,50,73
04/10/2020,HUT,KS,ACE,CE,Federal Contract Tower,0,1,4,0,5,0,0,12,0,12,0,1,16,0,17,10,0,10,27
04/11/2020,HUT,KS,ACE,CE,Federal Contract Tower,0,0,4,0,4,0,0,6,0,6,0,0,10,0,10,0,0,0,10
04/12/2020,HUT,KS,ACE,CE,Federal Contract Tower,0,0,1,0,1,0,0,0,0,0,0,0,1,0,1,0,0,0,1
04/13/2020,HUT,KS,ACE,CE,Federal Contract Tower,0,1,5,0,6,0,0,15,0,15,0,1,20,0,21,32,0,32,53
04/14/2020,HUT,KS,ACE,CE,Federal Contract Tower,0,0,1,0,1,0,0,5,0,5,0,0,6,0,6,16,0,16,22
04/15/2020,HUT,KS,ACE,CE,Federal Contract Tower,0,0,5,2,7,0,0,24,0,24,0,0,29,2,31,44,2,46,77
04/16/2020,HUT,KS,ACE,CE,Federal Contract Tower,0,0,2,0,2,0,0,6,0,6,0,0,8,0,8,8,0,8,16
04/17/2020,HUT,KS,ACE,CE,Federal Contract Tower,0,2,8,10,20,0,0,12,0,12,0,2,20,10,32,52,0,52,84
04/18/2020,HUT,KS,ACE,CE,Federal Contract Tower,0,0,1,0,1,0,0,6,0,6,0,0,7,0,7,10,0,10,17
04/19/2020,HUT,KS,ACE,CE,Federal Contract Tower,0,0,3,0,3,0,0,5,0,5,0,0,8,0,8,10,0,10,18
04/20/2020,HUT,KS,ACE,CE,Federal Contract Tower,0,1,1,17,19,0,0,12,3,15,0,1,13,20,34,50,80,130,164
04/21/2020,HUT,KS,ACE,CE,Federal Contract Tower,0,0,9,0,9,0,0,15,0,15,0,0,24,0,24,24,0,24,48
04/22/2020,HUT,KS,ACE,CE,Federal Contract Tower,0,1,3,0,4,0,0,2,0,2,0,1,5,0,6,10,0,10,16
04/23/2020,HUT,KS,ACE,CE,Federal Contract Tower,0,0,4,0,4,0,0,19,0,19,0,0,23,0,23,44,0,44,67
04/24/2020,HUT,KS,ACE,CE,Federal Contract Tower,0,0,2,0,2,0,1,3,0,4,0,1,5,0,6,10,0,10,16
04/25/2020,HUT,KS,ACE,CE,Federal Contract Tower,0,0,2,0,2,0,2,6,0,8,0,2,8,0,10,12,0,12,22
04/26/2020,HUT,KS,ACE,CE,Federal Contract Tower,0,0,1,0,1,0,0,13,0,13,0,0,14,0,14,8,0,8,22
04/27/2020,HUT,KS,ACE,CE,Federal Contract Tower,0,0,3,10,13,0,4,12,2,18,0,4,15,12,31,16,12,28,59
04/28/2020,HUT,KS,ACE,CE,Federal Contract Tower,0,8,9,0,17,0,0,11,0,11,0,8,20,0,28,24,0,24,52
04/29/2020,HUT,KS,ACE,CE,Federal Contract Tower,0,2,4,0,6,0,4,5,0,9,0,6,9,0,15,22,0,22,37
04/30/2020,HUT,KS,ACE,CE,Federal Contract Tower,0,2,13,7,22,0,4,24,3,31,0,6,37,10,53,60,12,72,125
05/01/2020,HUT,KS,ACE,CE,Federal Contract Tower,0,0,5,0,5,0,4,12,0,16,0,4,17,0,21,60,2,62,83
05/02/2020,HUT,KS,ACE,CE,Federal Contract Tower,0,0,2,0,2,0,0,17,2,19,0,0,19,2,21,40,0,40,61
05/03/2020,HUT,KS,ACE,CE,Federal Contract Tower,0,1,5,0,6,0,0,13,0,13,0,1,18,0,19,2,0,2,21
05/04/2020,HUT,KS,ACE,CE,Federal Contract Tower,0,0,13,0,13,0,0,4,0,4,0,0,17,0,17,4,0,4,21
05/05/2020,HUT,KS,ACE,CE,Federal Contract Tower,0,0,3,0,3,0,0,17,0,17,0,0,20,0,20,58,0,58,78
05/06/2020,HUT,KS,ACE,CE,Federal Contract Tower,0,0,5,0,5,0,4,20,0,24,0,4,25,0,29,92,0,92,121
05/07/2020,HUT,KS,ACE,CE,Federal Contract Tower,0,1,4,0,5,0,0,7,0,7,0,1,11,0,12,14,0,14,26
05/08/2020,HUT,KS,ACE,CE,Federal Contract Tower,0,1,1,0,2,0,0,8,0,8,0,1,9,0,10,8,0,8,18
05/09/2020,HUT,KS,ACE,CE,Federal Contract Tower,0,0,4,2,6,0,0,23,0,23,0,0,27,2,29,32,6,38,67
05/10/2020,HUT,KS,ACE,CE,Federal Contract Tower,0,0,2,6,8,0,0,26,0,26,0,0,28,6,34,20,10,30,64
05/11/2020,HUT,KS,ACE,CE,Federal Contract Tower,0,0,4,0,4,0,0,0,0,0,0,0,4,0,4,6,0,6,10
05/12/2020,HUT,KS,ACE,CE,Federal Contract Tower,0,1,8,0,9,0,0,0,0,0,0,1,8,0,9,12,0,12,21
05/13/2020,HUT,KS,ACE,CE,Federal Contract Tower,0,0,2,0,2,0,0,0,0,0,0,0,2,0,2,0,0,0,2
05/14/2020,HUT,KS,ACE,CE,Federal Contract Tower,0,0,2,6,8,0,2,12,4,18,0,2,14,10,26,32,0,32,58
05/15/2020,HUT,KS,ACE,CE,Federal Contract Tower,0,0,1,0,1,0,1,5,0,6,0,1,6,0,7,16,0,16,23
05/16/2020,HUT,KS,ACE,CE,Federal Contract Tower,0,0,3,0,3,0,2,17,0,19,0,2,20,0,22,26,0,26,48
05/17/2020,HUT,KS,ACE,CE,Federal Contract Tower,0,1,2,0,3,0,0,10,0,10,0,1,12,0,13,8,0,8,21
05/18/2020,HUT,KS,ACE,CE,Federal Contract Tower,0,0,5,4,9,0,6,36,2,44,0,6,41,6,53,46,26,72,125
05/19/2020,HUT,KS,ACE,CE,Federal Contract Tower,0,1,8,0,9,0,4,35,0,39,0,5,43,0,48,96,0,96,144
05/20/2020,HUT,KS,ACE,CE,Federal Contract Tower,0,1,9,2,12,0,4,31,4,39,0,5,40,6,51,80,2,82,133
05/21/2020,HUT,KS,ACE,CE,Federal Contract Tower,0,0,5,0,5,0,0,1,0,1,0,0,6,0,6,8,0,8,14
05/22/2020,HUT,KS,ACE,CE,Federal Contract Tower,0,2,12,0,14,0,0,25,0,25,0,2,37,0,39,30,0,30,69
05/23/2020,HUT,KS,ACE,CE,Federal Contract Tower,0,6,3,0,9,0,4,19,0,23,0,10,22,0,32,32,0,32,64
05/24/2020,HUT,KS,ACE,CE,Federal Contract Tower,0,0,2,0,2,0,0,7,0,7,0,0,9,0,9,6,0,6,15
05/25/2020,HUT,KS,ACE,CE,Federal Contract Tower,0,0,2,0,2,0,0,1,0,1,0,0,3,0,3,0,0,0,3
05/26/2020,HUT,KS,ACE,CE,Federal Contract Tower,0,4,12,2,18,0,0,7,0,7,0,4,19,2,25,20,0,20,45
05/27/2020,HUT,KS,ACE,CE,Federal Contract Tower,0,0,20,5,25,0,0,25,0,25,0,0,45,5,50,48,4,52,102
05/28/2020,HUT,KS,ACE,CE,Federal Contract Tower,0,0,5,4,9,0,0,9,0,9,0,0,14,4,18,12,0,12,30
05/29/2020,HUT,KS,ACE,CE,Federal Contract Tower,0,0,23,0,23,0,4,33,0,37,0,4,56,0,60,54,0,54,114
05/30/2020,HUT,KS,ACE,CE,Federal Contract Tower,0,0,6,1,7,0,2,21,3,26,0,2,27,4,33,28,4,32,65
05/31/2020,HUT,KS,ACE,CE,Federal Contract Tower,0,0,11,0,11,0,0,9,0,9,0,0,20,0,20,6,0,6,26
06/01/2020,HUT,KS,ACE,CE,Federal Contract Tower,0,0,6,4,10,0,0,8,0,8,0,0,14,4,18,12,12,24,42
06/02/2020,HUT,KS,ACE,CE,Federal Contract Tower,0,0,10,15,25,0,0,21,2,23,0,0,31,17,48,44,2,46,94
06/03/2020,HUT,KS,ACE,CE,Federal Contract Tower,0,0,10,9,19,0,4,23,1,28,0,4,33,10,47,42,4,46,93
06/04/2020,HUT,KS,ACE,CE,Federal Contract Tower,0,0,3,4,7,0,3,21,0,24,0,3,24,4,31,42,4,46,77
06/05/2020,HUT,KS,ACE,CE,Federal Contract Tower,0,2,6,4,12,0,4,10,0,14,0,6,16,4,26,36,2,38,64
06/06/2020,HUT,KS,ACE,CE,Federal Contract Tower,0,0,4,2,6,0,2,15,2,19,0,2,19,4,25,20,10,30,55
06/07/2020,HUT,KS,ACE,CE,Federal Contract Tower,0,0,4,0,4,0,0,23,0,23,0,0,27,0,27,36,0,36,63
06/08/2020,HUT,KS,ACE,CE,Federal Contract Tower,0,0,2,0,2,0,6,22,2,30,0,6,24,2,32,30,2,32,64
06/09/2020,HUT,KS,ACE,CE,Federal Contract Tower,0,0,3,0,3,0,4,20,0,24,0,4,23,0,27,46,0,46,73
06/10/2020,HUT,KS,ACE,CE,Federal Contract Tower,0,0,6,10,16,0,0,24,0,24,0,0,30,10,40,48,0,48,88
06/11/2020,HUT,KS,ACE,CE,Federal Contract Tower,0,0,10,16,26,0,0,29,0,29,0,0,39,16,55,48,42,90,145
06/12/2020,HUT,KS,ACE,CE,Federal Contract Tower,0,1,7,3,11,0,0,22,0,22,0,1,29,3,33,66,8,74,107
06/13/2020,HUT,KS,ACE,CE,Federal Contract Tower,0,1,9,4,14,0,0,32,0,32,0,1,41,4,46,38,6,44,90
06/14/2020,HUT,KS,ACE,CE,Federal Contract Tower,0,1,0,0,1,0,0,20,0,20,0,1,20,0,21,32,0,32,53
06/15/2020,HUT,KS,ACE,CE,Federal Contract Tower,0,0,5,8,13,0,0,16,2,18,0,0,21,10,31,42,6,48,79
06/16/2020,HUT,KS,ACE,CE,Federal Contract Tower,0,4,8,26,38,0,6,19,0,25,0,10,27,26,63,62,16,78,141
06/17/2020,HUT,KS,ACE,CE,Federal Contract Tower,0,0,8,10,18,0,0,29,0,29,0,0,37,10,47,62,0,62,109
06/18/2020,HUT,KS,ACE,CE,Federal Contract Tower,0,0,13,6,19,0,0,11,0,11,0,0,24,6,30,12,4,16,46
06/19/2020,HUT,KS,ACE,CE,Federal Contract Tower,0,6,7,0,13,0,0,0,0,0,0,6,7,0,13,8,0,8,21
06/20/2020,HUT,KS,ACE,CE,Federal Contract Tower,0,0,7,0,7,0,0,21,0,21,0,0,28,0,28,4,0,4,32
06/21/2020,HUT,KS,ACE,CE,Federal Contract Tower,0,0,10,0,10,0,2,13,0,15,0,2,23,0,25,8,0,8,33
06/22/2020,HUT,KS,ACE,CE,Federal Contract Tower,0,0,2,14,16,0,3,31,10,44,0,3,33,24,60,108,62,170,230
06/23/2020,HUT,KS,ACE,CE,Federal Contract Tower,0,3,2,24,29,0,2,35,0,37,0,5,37,24,66,64,14,78,144
06/24/2020,HUT,KS,ACE,CE,Federal Contract Tower,0,0,3,16,19,0,0,25,0,25,0,0,28,16,44,56,8,64,108
06/25/2020,HUT,KS,ACE,CE,Federal Contract Tower,0,2,7,29,38,0,0,23,2,25,0,2,30,31,63,26,40,66,129
06/26/2020,HUT,KS,ACE,CE,Federal Contract Tower,0,2,8,39,49,0,0,30,1,31,0,2,38,40,80,24,6,30,110
06/27/2020,HUT,KS,ACE,CE,Federal Contract Tower,0,0,1,4,5,0,0,22,0,22,0,0,23,4,27,12,8,20,47
06/28/2020,HUT,KS,ACE,CE,Federal Contract Tower,0,0,4,6,10,0,0,5,0,5,0,0,9,6,15,0,4,4,19
06/29/2020,HUT,KS,ACE,CE,Federal Contract Tower,0,2,17,5,24,0,2,17,1,20,0,4,34,6,44,36,8,44,88
06/30/2020,HUT,KS,ACE,CE,Federal Contract Tower,0,0,6,22,28,0,8,13,0,21,0,8,19,22,49,38,4,42,91
07/01/2020,HUT,KS,ACE,CE,Federal Contract Tower,0,10,16,24,50,0,2,37,0,39,0,12,53,24,89,66,26,92,181
07/02/2020,HUT,KS,ACE,CE,Federal Contract Tower,0,0,13,26,39,0,0,12,0,12,0,0,25,26,51,12,50,62,113
07/03/2020,HUT,KS,ACE,CE,Federal Contract Tower,0,0,6,0,6,0,0,21,0,21,0,0,27,0,27,26,0,26,53
07/04/2020,HUT,KS,ACE,CE,Federal Contract Tower,0,0,2,0,2,0,2,6,0,8,0,2,8,0,10,18,0,18,28
07/05/2020,HUT,KS,ACE,CE,Federal Contract Tower,0,0,4,0,4,0,0,8,0,8,0,0,12,0,12,2,0,2,14
07/06/2020,HUT,KS,ACE,CE,Federal Contract Tower,0,0,3,0,3,0,0,27,0,27,0,0,30,0,30,42,0,42,72
07/07/2020,HUT,KS,ACE,CE,Federal Contract Tower,0,0,6,16,22,0,2,34,0,36,0,2,40,16,58,34,20,54,112
07/08/2020,HUT,KS,ACE,CE,Federal Contract Tower,0,1,8,4,13,0,0,18,0,18,0,1,26,4,31,64,10,74,105
07/09/2020,HUT,KS,ACE,CE,Federal Contract Tower,0,4,11,4,19,0,0,29,0,29,0,4,40,4,48,50,0,50,98
07/10/2020,HUT,KS,ACE,CE,Federal Contract Tower,1,2,10,9,22,0,0,17,0,17,1,2,27,9,39,38,16,54,93
07/11/2020,HUT,KS,ACE,CE,Federal Contract Tower,0,2,6,4,12,0,4,12,2,18,0,6,18,6,30,28,2,30,60
07/12/2020,HUT,KS,ACE,CE,Federal Contract Tower,0,0,4,4,8,0,2,16,4,22,0,2,20,8,30,10,4,14,44
07/13/2020,HUT,KS,ACE,CE,Federal Contract Tower,0,0,6,16,22,0,2,42,0,44,0,2,48,16,66,114,16,130,196
07/14/2020,HUT,KS,ACE,CE,Federal Contract Tower,0,0,8,22,30,0,2,22,2,26,0,2,30,24,56,40,54,94,150
07/15/2020,HUT,KS,ACE,CE,Federal Contract Tower,0,0,23,32,55,0,0,22,0,22,0,0,45,32,77,62,42,104,181
07/16/2020,HUT,KS,ACE,CE,Federal Contract Tower,0,0,16,14,30,0,2,10,0,12,0,2,26,14,42,34,0,34,76
07/17/2020,HUT,KS,ACE,CE,Federal Contract Tower,0,1,7,17,25,0,0,17,4,21,0,1,24,21,46,44,16,60,106
07/18/2020,HUT,KS,ACE,CE,Federal Contract Tower,0,0,2,16,18,0,0,9,0,9,0,0,11,16,27,12,30,42,69
07/19/2020,HUT,KS,ACE,CE,Federal Contract Tower,0,0,5,0,5,0,2,6,0,8,0,2,11,0,13,56,0,56,69
07/20/2020,HUT,KS,ACE,CE,Federal Contract Tower,0,2,10,18,30,0,4,34,6,44,0,6,44,24,74,22,20,42,116
07/21/2020,HUT,KS,ACE,CE,Federal Contract Tower,0,17,6,49,72,0,0,22,5,27,0,17,28,54,99,42,28,70,169
07/22/2020,HUT,KS,ACE,CE,Federal Contract Tower,0,0,11,28,39,0,0,62,1,63,0,0,73,29,102,54,16,70,172
07/23/2020,HUT,KS,ACE,CE,Federal Contract Tower,0,1,11,21,33,0,2,38,5,45,0,3,49,26,78,52,30,82,160
07/24/2020,HUT,KS,ACE,CE,Federal Contract Tower,0,2,5,20,27,0,0,16,3,19,0,2,21,23,46,20,20,40,86
07/25/2020,HUT,KS,ACE,CE,Federal Contract Tower,0,0,1,4,5,0,0,13,0,13,0,0,14,4,18,14,4,18,36
07/26/2020,HUT,KS,ACE,CE,Federal Contract Tower,0,0,6,12,18,0,4,11,5,20,0,4,17,17,38,14,14,28,66
07/27/2020,HUT,KS,ACE,CE,Federal Contract Tower,0,0,16,0,16,0,0,3,0,3,0,0,19,0,19,6,0,6,25
07/28/2020,HUT,KS,ACE,CE,Federal Contract Tower,0,0,14,26,40,0,0,7,4,11,0,0,21,30,51,0,62,62,113
07/29/2020,HUT,KS,ACE,CE,Federal Contract Tower,0,2,13,37,52,0,0,13,0,13,0,2,26,37,65,24,46,70,135
07/30/2020,HUT,KS,ACE,CE,Federal Contract Tower,0,0,15,8,23,0,0,12,0,12,0,0,27,8,35,18,12,30,65
07/31/2020,HUT,KS,ACE,CE,Federal Contract Tower,0,0,14,17,31,0,0,19,1,20,0,0,33,18,51,40,56,96,147
08/01/2020,HUT,KS,ACE,CE,Federal Contract Tower,0,0,6,0,6,0,2,14,0,16,0,2,20,0,22,8,0,8,30
08/02/2020,HUT,KS,ACE,CE,Federal Contract Tower,0,3,4,5,12,0,2,24,1,27,0,5,28,6,39,10,8,18,57
08/03/2020,HUT,KS,ACE,CE,Federal Contract Tower,0,0,5,48,53,0,0,19,8,27,0,0,24,56,80,10,106,116,196
08/04/2020,HUT,KS,ACE,CE,Federal Contract Tower,0,0,13,19,32,0,5,36,3,44,0,5,49,22,76,56,30,86,162
08/05/2020,HUT,KS,ACE,CE,Federal Contract Tower,0,2,16,44,62,0,0,30,8,38,0,2,46,52,100,58,48,106,206
08/06/2020,HUT,KS,ACE,CE,Federal Contract Tower,0,0,18,4,22,0,0,26,0,26,0,0,44,4,48,34,0,34,82
08/07/2020,HUT,KS,ACE,CE,Federal Contract Tower,0,0,4,28,32,0,0,17,8,25,0,0,21,36,57,26,52,78,135
08/08/2020,HUT,KS,ACE,CE,Federal Contract Tower,0,0,1,0,1,0,18,10,0,28,0,18,11,0,29,14,0,14,43
08/09/2020,HUT,KS,ACE,CE,Federal Contract Tower,0,1,8,6,15,0,2,24,5,31,0,3,32,11,46,18,4,22,68
08/10/2020,HUT,KS,ACE,CE,Federal Contract Tower,0,1,7,5,13,0,8,19,1,28,0,9,26,6,41,62,18,80,121
08/11/2020,HUT,KS,ACE,CE,Federal Contract Tower,0,0,5,20,25,0,0,15,5,20,0,0,20,25,45,44,28,72,117
08/12/2020,HUT,KS,ACE,CE,Federal Contract Tower,0,0,4,0,4,0,0,12,2,14,0,0,16,2,18,10,0,10,28
08/13/2020,HUT,KS,ACE,CE,Federal Contract Tower,0,1,4,4,9,0,2,29,4,35,0,3,33,8,44,50,4,54,98
08/14/2020,HUT,KS,ACE,CE,Federal Contract Tower,0,0,15,23,38,0,0,13,2,15,0,0,28,25,53,34,36,70,123
08/15/2020,HUT,KS,ACE,CE,Federal Contract Tower,0,0,3,0,3,0,0,29,2,31,0,0,32,2,34,48,0,48,82
08/16/2020,HUT,KS,ACE,CE,Federal Contract Tower,0,4,7,0,11,0,0,14,0,14,0,4,21,0,25,6,0,6,31
08/17/2020,HUT,KS,ACE,CE,Federal Contract Tower,0,0,14,3,17,0,0,16,7,23,0,0,30,10,40,20,6,26,66
08/18/2020,HUT,KS,ACE,CE,Federal Contract Tower,0,0,6,14,20,0,0,21,6,27,0,0,27,20,47,44,52,96,143
08/19/2020,HUT,KS,ACE,CE,Federal Contract Tower,0,0,6,6,12,0,1,21,4,26,0,1,27,10,38,30,40,70,108
08/20/2020,HUT,KS,ACE,CE,Federal Contract Tower,0,1,11,12,24,0,0,20,0,20,0,1,31,12,44,64,28,92,136
08/21/2020,HUT,KS,ACE,CE,Federal Contract Tower,0,4,10,4,18,0,0,19,0,19,0,4,29,4,37,36,2,38,75
08/22/2020,HUT,KS,ACE,CE,Federal Contract Tower,0,1,7,1,9,0,16,17,0,33,0,17,24,1,42,38,0,38,80
08/23/2020,HUT,KS,ACE,CE,Federal Contract Tower,0,0,14,8,22,0,9,21,0,30,0,9,35,8,52,58,8,66,118
08/24/2020,HUT,KS,ACE,CE,Federal Contract Tower,0,0,5,19,24,0,2,9,3,14,0,2,14,22,38,38,16,54,92
08/25/2020,HUT,KS,ACE,CE,Federal Contract Tower,0,1,8,4,13,0,0,24,0,24,0,1,32,4,37,48,8,56,93
08/26/2020,HUT,KS,ACE,CE,Federal Contract Tower,0,1,11,12,24,0,2,22,2,26,0,3,33,14,50,38,24,62,112
08/27/2020,HUT,KS,ACE,CE,Federal Contract Tower,0,2,9,10,21,0,0,20,5,25,0,2,29,15,46,62,18,80,126
08/28/2020,HUT,KS,ACE,CE,Federal Contract Tower,0,1,10,7,18,0,0,18,5,23,0,1,28,12,41,74,30,104,145
08/29/2020,HUT,KS,ACE,CE,Federal Contract Tower,0,3,9,6,18,0,4,10,2,16,0,7,19,8,34,16,10,26,60
08/30/2020,HUT,KS,ACE,CE,Federal Contract Tower,0,1,4,0,5,0,7,11,0,18,0,8,15,0,23,44,0,44,67
08/31/2020,HUT,KS,ACE,CE,Federal Contract Tower,0,0,5,48,53,0,1,24,8,33,0,1,29,56,86,36,96,132,218
09/01/2020,HUT,KS,ACE,CE,Federal Contract Tower,0,0,7,14,21,0,1,9,0,10,0,1,16,14,31,12,26,38,69
09/02/2020,HUT,KS,ACE,CE,Federal Contract Tower,0,0,10,36,46,0,0,10,4,14,0,0,20,40,60,14,62,76,136
09/03/2020,HUT,KS,ACE,CE,Federal Contract Tower,0,1,11,7,19,0,2,15,0,17,0,3,26,7,36,32,22,54,90
09/04/2020,HUT,KS,ACE,CE,Federal Contract Tower,0,5,9,0,14,0,0,31,0,31,0,5,40,0,45,46,0,46,91
09/05/2020,HUT,KS,ACE,CE,Federal Contract Tower,0,0,8,0,8,0,4,44,0,48,0,4,52,0,56,66,0,66,122
09/06/2020,HUT,KS,ACE,CE,Federal Contract Tower,0,0,3,0,3,0,0,9,0,9,0,0,12,0,12,8,0,8,20
09/07/2020,HUT,KS,ACE,CE,Federal Contract Tower,0,0,8,0,8,0,0,16,0,16,0,0,24,0,24,12,0,12,36
09/08/2020,HUT,KS,ACE,CE,Federal Contract Tower,0,0,18,0,18,0,0,1,0,1,0,0,19,0,19,4,0,4,23
09/09/2020,HUT,KS,ACE,CE,Federal Contract Tower,0,0,13,0,13,0,0,0,0,0,0,0,13,0,13,0,0,0,13
09/10/2020,HUT,KS,ACE,CE,Federal Contract Tower,0,1,3,0,4,0,0,0,0,0,0,1,3,0,4,8,0,8,12
09/11/2020,HUT,KS,ACE,CE,Federal Contract Tower,0,5,13,10,28,0,0,3,0,3,0,5,16,10,31,10,10,20,51
09/12/2020,HUT,KS,ACE,CE,Federal Contract Tower,0,0,6,4,10,0,0,24,0,24,0,0,30,4,34,16,0,16,50
09/13/2020,HUT,KS,ACE,CE,Federal Contract Tower,0,2,5,1,8,0,24,34,0,58,0,26,39,1,66,58,0,58,124
09/14/2020,HUT,KS,ACE,CE,Federal Contract Tower,0,0,11,2,13,0,0,15,6,21,0,0,26,8,34,22,8,30,64
09/15/2020,HUT,KS,ACE,CE,Federal Contract Tower,0,2,11,0,13,0,6,43,0,49,0,8,54,0,62,90,0,90,152
09/16/2020,HUT,KS,ACE,CE,Federal Contract Tower,0,2,11,2,15,0,1,30,4,35,0,3,41,6,50,32,2,34,84
09/17/2020,HUT,KS,ACE,CE,Federal Contract Tower,0,1,8,0,9,0,4,39,0,43,0,5,47,0,52,0,0,0,52
09/18/2020,HUT,KS,ACE,CE,Federal Contract Tower,0,0,9,2,11,0,4,29,0,33,0,4,38,2,44,8,0,8,52
09/19/2020,HUT,KS,ACE,CE,Federal Contract Tower,0,2,4,0,6,0,0,15,0,15,0,2,19,0,21,6,0,6,27
09/20/2020,HUT,KS,ACE,CE,Federal Contract Tower,0,2,6,1,9,0,0,11,1,12,0,2,17,2,21,6,0,6,27
09/21/2020,HUT,KS,ACE,CE,Federal Contract Tower,0,0,7,2,9,0,8,21,10,39,0,8,28,12,48,18,8,26,74
09/22/2020,HUT,KS,ACE,CE,Federal Contract Tower,0,0,16,1,17,0,0,6,1,7,0,0,22,2,24,0,0,0,24
09/23/2020,HUT,KS,ACE,CE,Federal Contract Tower,0,2,16,0,18,0,0,16,6,22,0,2,32,6,40,82,0,82,122
09/24/2020,HUT,KS,ACE,CE,Federal Contract Tower,0,2,4,5,11,0,4,16,3,23,0,6,20,8,34,14,8,22,56
09/25/2020,HUT,KS,ACE,CE,Federal Contract Tower,0,0,4,2,6,0,8,28,0,36,0,8,32,2,42,6,6,12,54
09/26/2020,HUT,KS,ACE,CE,Federal Contract Tower,0,0,7,0,7,0,0,10,0,10,0,0,17,0,17,8,0,8,25
09/27/2020,HUT,KS,ACE,CE,Federal Contract Tower,0,2,3,0,5,0,0,14,0,14,0,2,17,0,19,8,0,8,27
09/28/2020,HUT,KS,ACE,CE,Federal Contract Tower,0,1,9,0,10,0,0,14,0,14,0,1,23,0,24,0,0,0,24
09/29/2020,HUT,KS,ACE,CE,Federal Contract Tower,0,3,5,0,8,0,4,23,14,41,0,7,28,14,49,38,0,38,87
09/30/2020,HUT,KS,ACE,CE,Federal Contract Tower,0,2,0,0,2,0,2,18,0,20,0,4,18,0,22,40,0,40,62
10/01/2020,HUT,KS,ACE,CE,Federal Contract Tower,0,2,6,0,8,0,0,30,0,30,0,2,36,0,38,22,0,22,60
10/02/2020,HUT,KS,ACE,CE,Federal Contract Tower,0,0,6,0,6,0,0,18,0,18,0,0,24,0,24,12,0,12,36
10/03/2020,HUT,KS,ACE,CE,Federal Contract Tower,0,2,3,0,5,0,0,17,0,17,0,2,20,0,22,30,0,30,52
10/04/2020,HUT,KS,ACE,CE,Federal Contract Tower,0,0,7,1,8,0,0,36,4,40,0,0,43,5,48,18,8,26,74
10/05/2020,HUT,KS,ACE,CE,Federal Contract Tower,0,0,13,6,19,0,2,8,2,12,0,2,21,8,31,0,0,0,31
10/06/2020,HUT,KS,ACE,CE,Federal Contract Tower,0,0,8,0,8,0,13,29,0,42,0,13,37,0,50,26,0,26,76
10/07/2020,HUT,KS,ACE,CE,Federal Contract Tower,0,0,15,4,19,0,4,27,0,31,0,4,42,4,50,14,0,14,64
10/08/2020,HUT,KS,ACE,CE,Federal Contract Tower,0,0,4,4,8,0,0,23,0,23,0,0,27,4,31,54,2,56,87
10/09/2020,HUT,KS,ACE,CE,Federal Contract Tower,0,0,7,0,7,0,0,28,0,28,0,0,35,0,35,56,0,56,91
10/10/2020,HUT,KS,ACE,CE,Federal Contract Tower,0,0,6,0,6,0,0,10,0,10,0,0,16,0,16,14,0,14,30
10/11/2020,HUT,KS,ACE,CE,Federal Contract Tower,0,0,1,0,1,0,0,7,0,7,0,0,8,0,8,2,0,2,10
10/12/2020,HUT,KS,ACE,CE,Federal Contract Tower,0,3,16,4,23,0,4,22,0,26,0,7,38,4,49,28,4,32,81
10/13/2020,HUT,KS,ACE,CE,Federal Contract Tower,0,1,10,0,11,0,8,31,0,39,0,9,41,0,50,32,0,32,82
10/14/2020,HUT,KS,ACE,CE,Federal Contract Tower,0,1,12,1,14,0,0,24,3,27,0,1,36,4,41,40,4,44,85
10/16/2020,HUT,KS,ACE,CE,Federal Contract Tower,0,6,7,0,13,0,1,20,2,23,0,7,27,2,36,10,0,10,46
10/17/2020,HUT,KS,ACE,CE,Federal Contract Tower,0,0,4,0,4,0,0,10,0,10,0,0,14,0,14,12,0,12,26
10/18/2020,HUT,KS,ACE,CE,Federal Contract Tower,0,2,10,0,12,0,0,3,0,3,0,2,13,0,15,26,0,26,41
10/19/2020,HUT,KS,ACE,CE,Federal Contract Tower,0,0,2,0,2,0,0,8,0,8,0,0,10,0,10,34,0,34,44
10/20/2020,HUT,KS,ACE,CE,Federal Contract Tower,0,1,8,0,9,0,0,6,0,6,0,1,14,0,15,22,0,22,37
10/21/2020,HUT,KS,ACE,CE,Federal Contract Tower,0,1,5,0,6,0,0,1,0,1,0,1,6,0,7,0,0,0,7
10/22/2020,HUT,KS,ACE,CE,Federal Contract Tower,0,3,2,0,5,0,0,9,0,9,0,3,11,0,14,26,0,26,40
10/23/2020,HUT,KS,ACE,CE,Federal Contract Tower,0,0,3,2,5,0,0,3,0,3,0,0,6,2,8,10,0,10,18
10/24/2020,HUT,KS,ACE,CE,Federal Contract Tower,0,0,4,0,4,0,2,13,0,15,0,2,17,0,19,20,0,20,39
10/25/2020,HUT,KS,ACE,CE,Federal Contract Tower,0,0,6,0,6,0,0,0,0,0,0,0,6,0,6,0,0,0,6
10/26/2020,HUT,KS,ACE,CE,Federal Contract Tower,0,0,2,0,2,0,0,0,0,0,0,0,2,0,2,8,0,8,10
10/27/2020,HUT,KS,ACE,CE,Federal Contract Tower,0,0,0,0,0,0,0,0,0,0,0,0,0,0,0,4,0,4,4
10/28/2020,HUT,KS,ACE,CE,Federal Contract Tower,0,1,5,0,6,0,0,1,0,1,0,1,6,0,7,2,0,2,9
10/29/2020,HUT,KS,ACE,CE,Federal Contract Tower,0,0,9,8,17,0,0,11,4,15,0,0,20,12,32,18,30,48,80
10/30/2020,HUT,KS,ACE,CE,Federal Contract Tower,0,0,10,4,14,0,2,30,0,32,0,2,40,4,46,78,0,78,124
10/31/2020,HUT,KS,ACE,CE,Federal Contract Tower,0,0,2,7,9,0,0,12,0,12,0,0,14,7,21,18,12,30,51
11/01/2020,HUT,KS,ACE,CE,Federal Contract Tower,0,0,2,0,2,0,0,15,0,15,0,0,17,0,17,40,0,40,57
11/02/2020,HUT,KS,ACE,CE,Federal Contract Tower,0,0,3,4,7,0,0,16,0,16,0,0,19,4,23,38,16,54,77
11/03/2020,HUT,KS,ACE,CE,Federal Contract Tower,0,0,6,0,6,0,0,12,0,12,0,0,18,0,18,14,0,14,32
11/04/2020,HUT,KS,ACE,CE,Federal Contract Tower,0,2,13,0,15,0,2,9,0,11,0,4,22,0,26,30,0,30,56
11/05/2020,HUT,KS,ACE,CE,Federal Contract Tower,0,0,13,2,15,0,11,25,1,37,0,11,38,3,52,56,16,72,124
11/06/2020,HUT,KS,ACE,CE,Federal Contract Tower,0,0,10,0,10,0,0,28,2,30,0,0,38,2,40,30,0,30,70
11/07/2020,HUT,KS,ACE,CE,Federal Contract Tower,0,2,7,2,11,0,8,15,0,23,0,10,22,2,34,18,0,18,52
11/08/2020,HUT,KS,ACE,CE,Federal Contract Tower,0,0,7,0,7,0,0,2,8,10,0,0,9,8,17,0,0,0,17
11/09/2020,HUT,KS,ACE,CE,Federal Contract Tower,0,1,4,0,5,0,0,0,0,0,0,1,4,0,5,6,0,6,11
11/10/2020,HUT,KS,ACE,CE,Federal Contract Tower,0,0,4,4,8,0,4,3,0,7,0,4,7,4,15,22,4,26,41
11/11/2020,HUT,KS,ACE,CE,Federal Contract Tower,0,2,6,0,8,0,0,46,0,46,0,2,52,0,54,66,0,66,120
11/12/2020,HUT,KS,ACE,CE,Federal Contract Tower,0,8,6,7,21,0,0,17,0,17,0,8,23,7,38,14,0,14,52
11/13/2020,HUT,KS,ACE,CE,Federal Contract Tower,0,2,10,0,12,0,6,27,2,35,0,8,37,2,47,28,0,28,75
11/14/2020,HUT,KS,ACE,CE,Federal Contract Tower,0,0,0,0,0,0,37,3,0,40,0,37,3,0,40,10,0,10,50
11/15/2020,HUT,KS,ACE,CE,Federal Contract Tower,0,2,4,0,6,0,35,33,4,72,0,37,37,4,78,90,0,90,168
11/16/2020,HUT,KS,ACE,CE,Federal Contract Tower,0,1,4,5,10,0,0,33,1,34,0,1,37,6,44,58,22,80,124
11/17/2020,HUT,KS,ACE,CE,Federal Contract Tower,0,2,8,12,22,0,2,21,0,23,0,4,29,12,45,40,16,56,101
11/18/2020,HUT,KS,ACE,CE,Federal Contract Tower,0,0,6,0,6,0,3,8,0,11,0,3,14,0,17,8,0,8,25
11/19/2020,HUT,KS,ACE,CE,Federal Contract Tower,0,0,6,4,10,0,1,36,3,40,0,1,42,7,50,32,8,40,90
11/20/2020,HUT,KS,ACE,CE,Federal Contract Tower,0,0,15,9,24,0,0,16,2,18,0,0,31,11,42,18,0,18,60
11/21/2020,HUT,KS,ACE,CE,Federal Contract Tower,0,0,1,0,1,0,0,0,0,0,0,0,1,0,1,0,0,0,1
11/22/2020,HUT,KS,ACE,CE,Federal Contract Tower,0,0,4,2,6,0,0,22,1,23,0,0,26,3,29,38,0,38,67
11/23/2020,HUT,KS,ACE,CE,Federal Contract Tower,0,16,7,9,32,0,0,2,1,3,0,16,9,10,35,22,10,32,67
11/24/2020,HUT,KS,ACE,CE,Federal Contract Tower,0,0,6,0,6,0,0,0,0,0,0,0,6,0,6,6,0,6,12
11/26/2020,HUT,KS,ACE,CE,Federal Contract Tower,0,0,2,0,2,0,0,9,0,9,0,0,11,0,11,0,0,0,11
11/27/2020,HUT,KS,ACE,CE,Federal Contract Tower,0,1,3,0,4,0,2,20,0,22,0,3,23,0,26,28,0,28,54
11/28/2020,HUT,KS,ACE,CE,Federal Contract Tower,0,2,1,0,3,0,0,35,0,35,0,2,36,0,38,48,0,48,86
11/29/2020,HUT,KS,ACE,CE,Federal Contract Tower,0,3,3,0,6,0,0,18,0,18,0,3,21,0,24,0,0,0,24
12/01/2020,HUT,KS,ACE,CE,Federal Contract Tower,0,2,11,8,21,0,2,21,1,24,0,4,32,9,45,48,8,56,101
12/02/2020,HUT,KS,ACE,CE,Federal Contract Tower,0,0,2,2,4,0,0,7,2,9,0,0,9,4,13,20,4,24,37
12/03/2020,HUT,KS,ACE,CE,Federal Contract Tower,0,2,3,0,5,0,0,5,0,5,0,2,8,0,10,6,0,6,16
12/04/2020,HUT,KS,ACE,CE,Federal Contract Tower,0,0,5,9,14,0,4,25,2,31,0,4,30,11,45,12,16,28,73
12/05/2020,HUT,KS,ACE,CE,Federal Contract Tower,0,0,0,0,0,0,3,26,0,29,0,3,26,0,29,58,0,58,87
12/06/2020,HUT,KS,ACE,CE,Federal Contract Tower,0,0,4,1,5,0,2,19,1,22,0,2,23,2,27,2,0,2,29
12/07/2020,HUT,KS,ACE,CE,Federal Contract Tower,0,0,4,0,4,0,2,30,0,32,0,2,34,0,36,76,0,76,112
12/08/2020,HUT,KS,ACE,CE,Federal Contract Tower,0,0,4,2,6,0,0,29,0,29,0,0,33,2,35,56,0,56,91
12/09/2020,HUT,KS,ACE,CE,Federal Contract Tower,0,0,3,8,11,0,1,36,0,37,0,1,39,8,48,62,14,76,124
12/10/2020,HUT,KS,ACE,CE,Federal Contract Tower,0,0,14,2,16,0,10,26,3,39,0,10,40,5,55,40,8,48,103
12/11/2020,HUT,KS,ACE,CE,Federal Contract Tower,0,2,10,0,12,0,0,0,0,0,0,2,10,0,12,6,0,6,18
12/12/2020,HUT,KS,ACE,CE,Federal Contract Tower,0,1,11,2,14,0,0,0,0,0,0,1,11,2,14,0,0,0,14
12/13/2020,HUT,KS,ACE,CE,Federal Contract Tower,0,2,2,0,4,0,0,2,0,2,0,2,4,0,6,8,0,8,14
12/14/2020,HUT,KS,ACE,CE,Federal Contract Tower,0,1,11,0,12,0,0,15,0,15,0,1,26,0,27,34,0,34,61
12/15/2020,HUT,KS,ACE,CE,Federal Contract Tower,0,0,3,0,3,0,0,5,0,5,0,0,8,0,8,6,0,6,14
12/16/2020,HUT,KS,ACE,CE,Federal Contract Tower,0,2,6,0,8,0,8,14,0,22,0,10,20,0,30,38,0,38,68
12/17/2020,HUT,KS,ACE,CE,Federal Contract Tower,0,1,9,0,10,0,6,22,0,28,0,7,31,0,38,60,0,60,98
12/18/2020,HUT,KS,ACE,CE,Federal Contract Tower,0,1,6,2,9,0,1,13,0,14,0,2,19,2,23,12,6,18,41
12/19/2020,HUT,KS,ACE,CE,Federal Contract Tower,0,2,3,8,13,0,3,43,2,48,0,5,46,10,61,38,10,48,109
12/20/2020,HUT,KS,ACE,CE,Federal Contract Tower,0,0,13,0,13,0,8,19,0,27,0,8,32,0,40,40,0,40,80
12/21/2020,HUT,KS,ACE,CE,Federal Contract Tower,0,0,7,16,23,0,0,15,2,17,0,0,22,18,40,36,8,44,84
12/22/2020,HUT,KS,ACE,CE,Federal Contract Tower,0,0,8,0,8,0,0,12,4,16,0,0,20,4,24,12,2,14,38
12/23/2020,HUT,KS,ACE,CE,Federal Contract Tower,0,0,5,0,5,0,0,3,0,3,0,0,8,0,8,6,0,6,14
12/24/2020,HUT,KS,ACE,CE,Federal Contract Tower,0,0,2,0,2,0,0,3,0,3,0,0,5,0,5,0,0,0,5
12/25/2020,HUT,KS,ACE,CE,Federal Contract Tower,0,0,0,0,0,0,0,23,0,23,0,0,23,0,23,38,0,38,61
12/26/2020,HUT,KS,ACE,CE,Federal Contract Tower,0,1,0,0,1,0,0,18,0,18,0,1,18,0,19,28,0,28,47
12/27/2020,HUT,KS,ACE,CE,Federal Contract Tower,0,3,7,0,10,0,0,2,0,2,0,3,9,0,12,0,0,0,12
12/28/2020,HUT,KS,ACE,CE,Federal Contract Tower,0,4,3,0,7,0,0,8,0,8,0,4,11,0,15,12,0,12,27
12/29/2020,HUT,KS,ACE,CE,Federal Contract Tower,0,2,0,0,2,0,0,0,0,0,0,2,0,0,2,0,0,0,2
12/30/2020,HUT,KS,ACE,CE,Federal Contract Tower,0,2,7,0,9,0,0,21,2,23,0,2,28,2,32,20,0,20,52
12/31/2020,HUT,KS,ACE,CE,Federal Contract Tower,0,2,6,0,8,0,0,28,0,28,0,2,34,0,36,44,0,44,80
01/01/2021,HUT,KS,ACE,CE,Federal Contract Tower,0,0,0,0,0,0,0,8,0,8,0,0,8,0,8,4,0,4,12
01/02/2021,HUT,KS,ACE,CE,Federal Contract Tower,0,0,2,0,2,0,0,18,0,18,0,0,20,0,20,24,0,24,44
01/03/2021,HUT,KS,ACE,CE,Federal Contract Tower,0,0,5,0,5,0,0,12,0,12,0,0,17,0,17,12,0,12,29
01/04/2021,HUT,KS,ACE,CE,Federal Contract Tower,0,0,7,0,7,0,0,26,0,26,0,0,33,0,33,18,0,18,51
01/05/2021,HUT,KS,ACE,CE,Federal Contract Tower,0,2,10,0,12,0,0,20,0,20,0,2,30,0,32,32,0,32,64
01/06/2021,HUT,KS,ACE,CE,Federal Contract Tower,0,0,2,0,2,0,0,0,0,0,0,0,2,0,2,6,0,6,8
01/07/2021,HUT,KS,ACE,CE,Federal Contract Tower,0,0,8,2,10,0,0,0,0,0,0,0,8,2,10,0,0,0,10
01/08/2021,HUT,KS,ACE,CE,Federal Contract Tower,0,2,11,0,13,0,0,7,0,7,0,2,18,0,20,8,0,8,28
01/09/2021,HUT,KS,ACE,CE,Federal Contract Tower,0,7,8,0,15,0,0,2,0,2,0,7,10,0,17,0,0,0,17
01/10/2021,HUT,KS,ACE,CE,Federal Contract Tower,0,11,8,0,19,0,0,2,0,2,0,11,10,0,21,2,0,2,23
01/11/2021,HUT,KS,ACE,CE,Federal Contract Tower,0,0,4,0,4,0,2,19,0,21,0,2,23,0,25,42,0,42,67
01/12/2021,HUT,KS,ACE,CE,Federal Contract Tower,0,1,10,2,13,0,0,30,6,36,0,1,40,8,49,34,6,40,89
01/13/2021,HUT,KS,ACE,CE,Federal Contract Tower,0,2,14,0,16,0,8,33,0,41,0,10,47,0,57,100,0,100,157
01/14/2021,HUT,KS,ACE,CE,Federal Contract Tower,0,2,7,8,17,0,1,5,0,6,0,3,12,8,23,2,0,2,25
01/15/2021,HUT,KS,ACE,CE,Federal Contract Tower,0,0,1,0,1,0,1,6,0,7,0,1,7,0,8,10,0,10,18
01/16/2021,HUT,KS,ACE,CE,Federal Contract Tower,0,0,6,0,6,0,3,26,0,29,0,3,32,0,35,54,0,54,89
01/17/2021,HUT,KS,ACE,CE,Federal Contract Tower,0,0,3,0,3,0,2,21,6,29,0,2,24,6,32,4,0,4,36
01/18/2021,HUT,KS,ACE,CE,Federal Contract Tower,0,0,6,0,6,0,0,23,0,23,0,0,29,0,29,22,0,22,51
01/19/2021,HUT,KS,ACE,CE,Federal Contract Tower,0,0,5,5,10,0,0,21,0,21,0,0,26,5,31,30,6,36,67
01/20/2021,HUT,KS,ACE,CE,Federal Contract Tower,0,0,9,0,9,0,2,18,0,20,0,2,27,0,29,6,0,6,35
01/21/2021,HUT,KS,ACE,CE,Federal Contract Tower,0,2,10,7,19,0,0,23,1,24,0,2,33,8,43,88,0,88,131
01/22/2021,HUT,KS,ACE,CE,Federal Contract Tower,0,2,2,2,6,0,0,18,0,18,0,2,20,2,24,10,0,10,34
01/23/2021,HUT,KS,ACE,CE,Federal Contract Tower,0,0,1,0,1,0,4,0,0,4,0,4,1,0,5,2,0,2,7
01/24/2021,HUT,KS,ACE,CE,Federal Contract Tower,0,0,7,6,13,0,0,0,0,0,0,0,7,6,13,0,0,0,13
01/25/2021,HUT,KS,ACE,CE,Federal Contract Tower,0,0,0,0,0,0,0,0,0,0,0,0,0,0,0,0,0,0,0
01/26/2021,HUT,KS,ACE,CE,Federal Contract Tower,0,3,2,4,9,0,0,1,0,1,0,3,3,4,10,6,0,6,16
01/27/2021,HUT,KS,ACE,CE,Federal Contract Tower,0,0,7,0,7,0,0,2,0,2,0,0,9,0,9,4,0,4,13
01/28/2021,HUT,KS,ACE,CE,Federal Contract Tower,0,0,23,1,24,0,0,8,2,10,0,0,31,3,34,10,10,20,54
01/29/2021,HUT,KS,ACE,CE,Federal Contract Tower,0,1,7,33,41,0,6,16,1,23,0,7,23,34,64,56,16,72,136
01/30/2021,HUT,KS,ACE,CE,Federal Contract Tower,0,0,0,0,0,0,0,0,0,0,0,0,0,0,0,0,0,0,0
01/31/2021,HUT,KS,ACE,CE,Federal Contract Tower,0,2,4,0,6,0,0,1,0,1,0,2,5,0,7,2,0,2,9
02/01/2021,HUT,KS,ACE,CE,Federal Contract Tower,0,0,6,6,12,0,10,27,0,37,0,10,33,6,49,28,10,38,87
02/02/2021,HUT,KS,ACE,CE,Federal Contract Tower,0,0,9,12,21,0,0,28,6,34,0,0,37,18,55,88,4,92,147
02/03/2021,HUT,KS,ACE,CE,Federal Contract Tower,0,0,6,2,8,0,8,39,8,55,0,8,45,10,63,66,2,68,131
02/04/2021,HUT,KS,ACE,CE,Federal Contract Tower,0,2,4,0,6,0,0,13,0,13,0,2,17,0,19,14,0,14,33
02/05/2021,HUT,KS,ACE,CE,Federal Contract Tower,0,6,3,0,9,0,15,17,0,32,0,21,20,0,41,18,0,18,59
02/06/2021,HUT,KS,ACE,CE,Federal Contract Tower,0,0,0,0,0,0,0,0,0,0,0,0,0,0,0,0,0,0,0
02/07/2021,HUT,KS,ACE,CE,Federal Contract Tower,0,0,1,0,1,0,0,0,0,0,0,0,1,0,1,0,0,0,1
02/08/2021,HUT,KS,ACE,CE,Federal Contract Tower,0,0,2,0,2,0,0,0,0,0,0,0,2,0,2,0,0,0,2
02/09/2021,HUT,KS,ACE,CE,Federal Contract Tower,0,1,2,0,3,0,0,0,0,0,0,1,2,0,3,0,0,0,3
02/10/2021,HUT,KS,ACE,CE,Federal Contract Tower,0,3,2,0,5,0,0,0,0,0,0,3,2,0,5,0,0,0,5
02/11/2021,HUT,KS,ACE,CE,Federal Contract Tower,0,0,1,0,1,0,1,1,0,2,0,1,2,0,3,2,0,2,5
02/12/2021,HUT,KS,ACE,CE,Federal Contract Tower,0,6,0,0,6,0,13,1,0,14,0,19,1,0,20,24,0,24,44
02/13/2021,HUT,KS,ACE,CE,Federal Contract Tower,0,0,1,0,1,0,0,1,0,1,0,0,2,0,2,0,0,0,2
02/14/2021,HUT,KS,ACE,CE,Federal Contract Tower,0,0,0,0,0,0,0,0,0,0,0,0,0,0,0,0,0,0,0
02/15/2021,HUT,KS,ACE,CE,Federal Contract Tower,0,0,5,0,5,0,0,2,0,2,0,0,7,0,7,0,0,0,7
02/16/2021,HUT,KS,ACE,CE,Federal Contract Tower,0,0,3,0,3,0,0,4,0,4,0,0,7,0,7,12,0,12,19
02/17/2021,HUT,KS,ACE,CE,Federal Contract Tower,0,2,4,0,6,0,5,16,0,21,0,7,20,0,27,36,0,36,63
02/18/2021,HUT,KS,ACE,CE,Federal Contract Tower,0,2,5,0,7,0,1,14,0,15,0,3,19,0,22,30,0,30,52
02/19/2021,HUT,KS,ACE,CE,Federal Contract Tower,0,0,9,0,9,0,2,14,0,16,0,2,23,0,25,26,0,26,51
02/20/2021,HUT,KS,ACE,CE,Federal Contract Tower,0,2,2,0,4,0,0,30,0,30,0,2,32,0,34,40,0,40,74
02/21/2021,HUT,KS,ACE,CE,Federal Contract Tower,0,0,1,0,1,0,0,5,0,5,0,0,6,0,6,10,0,10,16
02/22/2021,HUT,KS,ACE,CE,Federal Contract Tower,0,2,9,8,19,0,0,14,4,18,0,2,23,12,37,26,26,52,89
02/23/2021,HUT,KS,ACE,CE,Federal Contract Tower,0,0,6,9,15,0,2,20,0,22,0,2,26,9,37,24,20,44,81
02/24/2021,HUT,KS,ACE,CE,Federal Contract Tower,0,2,4,12,18,0,0,13,2,15,0,2,17,14,33,52,38,90,123
02/25/2021,HUT,KS,ACE,CE,Federal Contract Tower,0,0,7,21,28,0,8,25,0,33,0,8,32,21,61,34,44,78,139
02/26/2021,HUT,KS,ACE,CE,Federal Contract Tower,0,0,4,23,27,0,8,17,5,30,0,8,21,28,57,24,36,60,117
02/27/2021,HUT,KS,ACE,CE,Federal Contract Tower,0,0,1,0,1,0,0,0,0,0,0,0,1,0,1,0,0,0,1
02/28/2021,HUT,KS,ACE,CE,Federal Contract Tower,0,2,5,1,8,0,0,21,1,22,0,2,26,2,30,20,22,42,72
03/01/2021,HUT,KS,ACE,CE,Federal Contract Tower,0,2,6,9,17,0,14,29,2,45,0,16,35,11,62,40,32,72,134
03/02/2021,HUT,KS,ACE,CE,Federal Contract Tower,0,1,1,6,8,0,6,11,0,17,0,7,12,6,25,26,16,42,67
03/03/2021,HUT,KS,ACE,CE,Federal Contract Tower,0,1,7,15,23,0,0,39,3,42,0,1,46,18,65,58,22,80,145
03/04/2021,HUT,KS,ACE,CE,Federal Contract Tower,0,0,3,7,10,0,1,25,3,29,0,1,28,10,39,42,24,66,105
03/05/2021,HUT,KS,ACE,CE,Federal Contract Tower,0,0,10,12,22,0,2,20,0,22,0,2,30,12,44,30,0,30,74
03/06/2021,HUT,KS,ACE,CE,Federal Contract Tower,0,0,3,4,7,0,6,21,0,27,0,6,24,4,34,50,0,50,84
03/07/2021,HUT,KS,ACE,CE,Federal Contract Tower,0,0,3,0,3,0,3,6,0,9,0,3,9,0,12,2,0,2,14
03/08/2021,HUT,KS,ACE,CE,Federal Contract Tower,0,0,2,16,18,0,4,7,6,17,0,4,9,22,35,20,18,38,73
03/09/2021,HUT,KS,ACE,CE,Federal Contract Tower,0,1,2,10,13,0,2,9,0,11,0,3,11,10,24,18,20,38,62
03/10/2021,HUT,KS,ACE,CE,Federal Contract Tower,0,2,6,18,26,0,2,5,4,11,0,4,11,22,37,14,46,60,97
03/11/2021,HUT,KS,ACE,CE,Federal Contract Tower,0,0,11,0,11,0,17,28,0,45,0,17,39,0,56,66,0,66,122
03/12/2021,HUT,KS,ACE,CE,Federal Contract Tower,0,2,11,0,13,0,0,0,0,0,0,2,11,0,13,6,0,6,19
03/13/2021,HUT,KS,ACE,CE,Federal Contract Tower,0,0,2,0,2,0,0,0,0,0,0,0,2,0,2,0,0,0,2
03/14/2021,HUT,KS,ACE,CE,Federal Contract Tower,0,2,9,2,13,0,0,9,0,9,0,2,18,2,22,18,0,18,40
03/15/2021,HUT,KS,ACE,CE,Federal Contract Tower,0,0,8,12,20,0,17,13,2,32,0,17,21,14,52,40,10,50,102
03/16/2021,HUT,KS,ACE,CE,Federal Contract Tower,0,1,19,8,28,0,8,31,2,41,0,9,50,10,69,58,26,84,153
03/17/2021,HUT,KS,ACE,CE,Federal Contract Tower,0,0,3,0,3,0,0,0,0,0,0,0,3,0,3,0,0,0,3
03/18/2021,HUT,KS,ACE,CE,Federal Contract Tower,0,6,6,3,15,0,0,7,5,12,0,6,13,8,27,20,32,52,79
03/19/2021,HUT,KS,ACE,CE,Federal Contract Tower,0,2,13,1,16,0,8,35,3,46,0,10,48,4,62,50,2,52,114
03/20/2021,HUT,KS,ACE,CE,Federal Contract Tower,0,0,10,1,11,0,4,11,0,15,0,4,21,1,26,28,0,28,54
03/21/2021,HUT,KS,ACE,CE,Federal Contract Tower,0,0,7,1,8,0,0,1,3,4,0,0,8,4,12,0,18,18,30
03/22/2021,HUT,KS,ACE,CE,Federal Contract Tower,0,0,5,0,5,0,0,0,0,0,0,0,5,0,5,6,0,6,11
03/23/2021,HUT,KS,ACE,CE,Federal Contract Tower,0,0,11,0,11,0,0,0,0,0,0,0,11,0,11,10,0,10,21
03/24/2021,HUT,KS,ACE,CE,Federal Contract Tower,0,0,8,12,20,0,0,15,2,17,0,0,23,14,37,34,20,54,91
03/25/2021,HUT,KS,ACE,CE,Federal Contract Tower,0,4,14,13,31,0,0,17,0,17,0,4,31,13,48,50,12,62,110
03/26/2021,HUT,KS,ACE,CE,Federal Contract Tower,0,2,12,7,21,0,2,18,4,24,0,4,30,11,45,38,10,48,93
03/27/2021,HUT,KS,ACE,CE,Federal Contract Tower,0,3,6,0,9,0,0,11,5,16,0,3,17,5,25,16,0,16,41
03/28/2021,HUT,KS,ACE,CE,Federal Contract Tower,0,0,4,0,4,0,0,47,0,47,0,0,51,0,51,48,0,48,99
03/29/2021,HUT,KS,ACE,CE,Federal Contract Tower,0,0,6,0,6,0,40,9,0,49,0,40,15,0,55,16,0,16,71
03/30/2021,HUT,KS,ACE,CE,Federal Contract Tower,0,2,4,8,14,0,0,10,0,10,0,2,14,8,24,20,6,26,50
03/31/2021,HUT,KS,ACE,CE,Federal Contract Tower,0,0,11,30,41,0,21,34,11,66,0,21,45,41,107,114,46,160,267
04/01/2021,HUT,KS,ACE,CE,Federal Contract Tower,0,4,5,6,15,0,0,27,6,33,0,4,32,12,48,42,36,78,126
04/02/2021,HUT,KS,ACE,CE,Federal Contract Tower,0,4,1,0,5,0,0,8,4,12,0,4,9,4,17,16,4,20,37
04/03/2021,HUT,KS,ACE,CE,Federal Contract Tower,0,0,6,4,10,0,0,24,0,24,0,0,30,4,34,32,6,38,72
04/04/2021,HUT,KS,ACE,CE,Federal Contract Tower,0,0,0,0,0,0,10,10,0,20,0,10,10,0,20,18,0,18,38
04/05/2021,HUT,KS,ACE,CE,Federal Contract Tower,0,2,4,14,20,0,0,18,2,20,0,2,22,16,40,14,34,48,88
04/06/2021,HUT,KS,ACE,CE,Federal Contract Tower,0,0,20,2,22,0,0,2,0,2,0,0,22,2,24,8,0,8,32
04/07/2021,HUT,KS,ACE,CE,Federal Contract Tower,0,1,7,3,11,0,0,0,1,1,0,1,7,4,12,6,0,6,18
04/08/2021,HUT,KS,ACE,CE,Federal Contract Tower,0,2,9,2,13,0,2,11,2,15,0,4,20,4,28,22,12,34,62
04/09/2021,HUT,KS,ACE,CE,Federal Contract Tower,0,2,3,6,11,0,0,23,0,23,0,2,26,6,34,26,0,26,60
04/10/2021,HUT,KS,ACE,CE,Federal Contract Tower,0,1,4,0,5,0,0,21,0,21,0,1,25,0,26,34,0,34,60
04/11/2021,HUT,KS,ACE,CE,Federal Contract Tower,0,0,3,0,3,0,0,34,0,34,0,0,37,0,37,36,0,36,73
04/12/2021,HUT,KS,ACE,CE,Federal Contract Tower,0,0,4,0,4,0,1,16,0,17,0,1,20,0,21,40,0,40,61
04/13/2021,HUT,KS,ACE,CE,Federal Contract Tower,0,4,15,11,30,0,0,62,1,63,0,4,77,12,93,88,18,106,199
04/14/2021,HUT,KS,ACE,CE,Federal Contract Tower,0,3,5,26,34,0,4,25,8,37,0,7,30,34,71,40,38,78,149
04/15/2021,HUT,KS,ACE,CE,Federal Contract Tower,0,1,9,12,22,0,8,27,1,36,0,9,36,13,58,52,14,66,124
04/16/2021,HUT,KS,ACE,CE,Federal Contract Tower,0,2,8,0,10,0,0,0,0,0,0,2,8,0,10,0,0,0,10
04/17/2021,HUT,KS,ACE,CE,Federal Contract Tower,0,0,15,0,15,0,0,17,0,17,0,0,32,0,32,40,0,40,72
04/18/2021,HUT,KS,ACE,CE,Federal Contract Tower,0,0,7,0,7,0,5,32,0,37,0,5,39,0,44,54,0,54,98
04/19/2021,HUT,KS,ACE,CE,Federal Contract Tower,0,2,9,0,11,0,2,21,0,23,0,4,30,0,34,60,0,60,94
04/20/2021,HUT,KS,ACE,CE,Federal Contract Tower,0,2,5,0,7,0,0,11,0,11,0,2,16,0,18,18,0,18,36
04/21/2021,HUT,KS,ACE,CE,Federal Contract Tower,0,7,8,9,24,0,8,19,1,28,0,15,27,10,52,58,0,58,110
04/22/2021,HUT,KS,ACE,CE,Federal Contract Tower,0,0,10,0,10,0,0,9,0,9,0,0,19,0,19,34,0,34,53
04/23/2021,HUT,KS,ACE,CE,Federal Contract Tower,0,0,6,0,6,0,0,1,0,1,0,0,7,0,7,6,0,6,13
04/24/2021,HUT,KS,ACE,CE,Federal Contract Tower,0,0,5,0,5,0,2,37,0,39,0,2,42,0,44,60,0,60,104
04/25/2021,HUT,KS,ACE,CE,Federal Contract Tower,0,4,3,2,9,0,0,13,0,13,0,4,16,2,22,4,0,4,26
04/26/2021,HUT,KS,ACE,CE,Federal Contract Tower,0,2,3,0,5,0,0,12,0,12,0,2,15,0,17,10,0,10,27
04/27/2021,HUT,KS,ACE,CE,Federal Contract Tower,0,1,10,6,17,0,0,13,0,13,0,1,23,6,30,14,0,14,44
04/28/2021,HUT,KS,ACE,CE,Federal Contract Tower,0,5,10,0,15,0,0,0,0,0,0,5,10,0,15,4,0,4,19
04/29/2021,HUT,KS,ACE,CE,Federal Contract Tower,0,1,6,14,21,0,2,19,10,31,0,3,25,24,52,50,8,58,110
04/30/2021,HUT,KS,ACE,CE,Federal Contract Tower,0,3,7,2,12,0,7,59,3,69,0,10,66,5,81,70,0,70,151
05/01/2021,HUT,KS,ACE,CE,Federal Contract Tower,0,0,9,0,9,0,0,431,1,432,0,0,440,1,441,160,0,160,601
05/02/2021,HUT,KS,ACE,CE,Federal Contract Tower,0,0,11,0,11,0,0,2,0,2,0,0,13,0,13,0,0,0,13
05/03/2021,HUT,KS,ACE,CE,Federal Contract Tower,0,1,8,8,17,0,2,4,0,6,0,3,12,8,23,6,8,14,37
05/04/2021,HUT,KS,ACE,CE,Federal Contract Tower,0,0,8,4,12,0,34,31,0,65,0,34,39,4,77,66,8,74,151
05/05/2021,HUT,KS,ACE,CE,Federal Contract Tower,0,0,10,16,26,0,4,18,2,24,0,4,28,18,50,82,6,88,138
05/06/2021,HUT,KS,ACE,CE,Federal Contract Tower,0,0,10,8,18,0,3,27,2,32,0,3,37,10,50,66,0,66,116
05/07/2021,HUT,KS,ACE,CE,Federal Contract Tower,0,0,8,0,8,0,3,12,0,15,0,3,20,0,23,30,0,30,53
05/08/2021,HUT,KS,ACE,CE,Federal Contract Tower,0,0,4,0,4,0,8,11,0,19,0,8,15,0,23,20,0,20,43
05/09/2021,HUT,KS,ACE,CE,Federal Contract Tower,0,0,23,0,23,0,0,5,0,5,0,0,28,0,28,32,0,32,60
05/10/2021,HUT,KS,ACE,CE,Federal Contract Tower,0,2,5,0,7,0,0,24,0,24,0,2,29,0,31,50,0,50,81
05/11/2021,HUT,KS,ACE,CE,Federal Contract Tower,0,2,16,6,24,0,1,12,0,13,0,3,28,6,37,34,14,48,85
05/12/2021,HUT,KS,ACE,CE,Federal Contract Tower,0,2,13,19,34,0,2,40,19,61,0,4,53,38,95,122,90,212,307
05/13/2021,HUT,KS,ACE,CE,Federal Contract Tower,0,0,9,7,16,0,2,53,0,55,0,2,62,7,71,124,8,132,203
05/14/2021,HUT,KS,ACE,CE,Federal Contract Tower,0,2,8,0,10,0,0,9,0,9,0,2,17,0,19,16,0,16,35
05/15/2021,HUT,KS,ACE,CE,Federal Contract Tower,0,0,5,0,5,0,0,7,0,7,0,0,12,0,12,8,0,8,20
05/16/2021,HUT,KS,ACE,CE,Federal Contract Tower,0,1,12,0,13,0,0,2,3,5,0,1,14,3,18,0,2,2,20
05/17/2021,HUT,KS,ACE,CE,Federal Contract Tower,0,1,3,4,8,0,0,3,0,3,0,1,6,4,11,6,0,6,17
05/18/2021,HUT,KS,ACE,CE,Federal Contract Tower,0,2,8,0,10,0,0,2,0,2,0,2,10,0,12,0,0,0,12
05/19/2021,HUT,KS,ACE,CE,Federal Contract Tower,0,0,11,2,13,0,0,17,0,17,0,0,28,2,30,14,0,14,44
05/20/2021,HUT,KS,ACE,CE,Federal Contract Tower,0,1,13,10,24,0,0,2,1,3,0,1,15,11,27,0,12,12,39
05/21/2021,HUT,KS,ACE,CE,Federal Contract Tower,0,3,18,5,26,0,2,17,4,23,0,5,35,9,49,28,10,38,87
05/22/2021,HUT,KS,ACE,CE,Federal Contract Tower,0,0,3,1,4,0,0,0,1,1,0,0,3,2,5,0,2,2,7
05/23/2021,HUT,KS,ACE,CE,Federal Contract Tower,0,0,4,14,18,0,0,0,5,5,0,0,4,19,23,2,38,40,63
05/24/2021,HUT,KS,ACE,CE,Federal Contract Tower,0,8,9,20,37,0,0,4,8,12,0,8,13,28,49,10,14,24,73
05/25/2021,HUT,KS,ACE,CE,Federal Contract Tower,0,2,3,26,31,0,0,15,16,31,0,2,18,42,62,40,26,66,128
05/26/2021,HUT,KS,ACE,CE,Federal Contract Tower,0,0,8,6,14,0,1,15,0,16,0,1,23,6,30,22,22,44,74
05/27/2021,HUT,KS,ACE,CE,Federal Contract Tower,0,2,7,0,9,0,0,12,0,12,0,2,19,0,21,14,0,14,35
05/28/2021,HUT,KS,ACE,CE,Federal Contract Tower,0,5,8,0,13,0,0,19,0,19,0,5,27,0,32,24,0,24,56
05/29/2021,HUT,KS,ACE,CE,Federal Contract Tower,0,0,8,0,8,0,3,24,0,27,0,3,32,0,35,12,0,12,47
05/30/2021,HUT,KS,ACE,CE,Federal Contract Tower,0,2,5,0,7,0,0,0,0,0,0,2,5,0,7,0,0,0,7
05/31/2021,HUT,KS,ACE,CE,Federal Contract Tower,0,1,2,0,3,0,0,0,0,0,0,1,2,0,3,0,0,0,3
06/01/2021,HUT,KS,ACE,CE,Federal Contract Tower,0,0,13,14,27,0,17,12,18,47,0,17,25,32,74,180,36,216,290
06/02/2021,HUT,KS,ACE,CE,Federal Contract Tower,0,3,2,21,26,0,0,15,5,20,0,3,17,26,46,24,78,102,148
06/03/2021,HUT,KS,ACE,CE,Federal Contract Tower,0,0,8,14,22,0,2,31,1,34,0,2,39,15,56,36,8,44,100
06/04/2021,HUT,KS,ACE,CE,Federal Contract Tower,0,2,5,6,13,0,3,32,4,39,0,5,37,10,52,48,8,56,108
06/05/2021,HUT,KS,ACE,CE,Federal Contract Tower,0,0,2,7,9,0,0,28,2,30,0,0,30,9,39,20,24,44,83
06/06/2021,HUT,KS,ACE,CE,Federal Contract Tower,0,2,7,38,47,0,0,9,3,12,0,2,16,41,59,6,20,26,85
06/07/2021,HUT,KS,ACE,CE,Federal Contract Tower,0,2,8,16,26,0,0,13,5,18,0,2,21,21,44,30,26,56,100
06/08/2021,HUT,KS,ACE,CE,Federal Contract Tower,0,0,7,23,30,0,9,16,0,25,0,9,23,23,55,18,32,50,105
06/09/2021,HUT,KS,ACE,CE,Federal Contract Tower,0,2,2,35,39,0,12,15,5,32,0,14,17,40,71,18,50,68,139
06/10/2021,HUT,KS,ACE,CE,Federal Contract Tower,0,2,9,15,26,0,6,22,4,32,0,8,31,19,58,32,52,84,142
06/11/2021,HUT,KS,ACE,CE,Federal Contract Tower,0,2,14,0,16,0,6,11,0,17,0,8,25,0,33,24,0,24,57
06/12/2021,HUT,KS,ACE,CE,Federal Contract Tower,0,0,11,0,11,0,2,22,0,24,0,2,33,0,35,38,0,38,73
06/13/2021,HUT,KS,ACE,CE,Federal Contract Tower,0,2,5,0,7,0,10,19,0,29,0,12,24,0,36,32,0,32,68
06/14/2021,HUT,KS,ACE,CE,Federal Contract Tower,0,0,10,3,13,0,3,47,0,50,0,3,57,3,63,84,6,90,153
06/15/2021,HUT,KS,ACE,CE,Federal Contract Tower,0,1,6,14,21,0,4,13,2,19,0,5,19,16,40,10,2,12,52
06/16/2021,HUT,KS,ACE,CE,Federal Contract Tower,0,2,9,24,35,0,2,23,2,27,0,4,32,26,62,20,50,70,132
06/17/2021,HUT,KS,ACE,CE,Federal Contract Tower,0,1,3,7,11,0,4,23,5,32,0,5,26,12,43,46,18,64,107
06/18/2021,HUT,KS,ACE,CE,Federal Contract Tower,0,0,4,0,4,0,4,11,0,15,0,4,15,0,19,22,0,22,41
06/19/2021,HUT,KS,ACE,CE,Federal Contract Tower,0,1,1,12,14,0,1,21,4,26,0,2,22,16,40,26,10,36,76
06/20/2021,HUT,KS,ACE,CE,Federal Contract Tower,0,0,2,0,2,0,2,4,9,15,0,2,6,9,17,0,0,0,17
06/21/2021,HUT,KS,ACE,CE,Federal Contract Tower,0,0,3,32,35,0,2,25,10,37,0,2,28,42,72,10,48,58,130
06/22/2021,HUT,KS,ACE,CE,Federal Contract Tower,0,2,4,0,6,0,5,21,0,26,0,7,25,0,32,30,0,30,62
06/23/2021,HUT,KS,ACE,CE,Federal Contract Tower,0,0,0,4,4,0,0,5,0,5,0,0,5,4,9,10,0,10,19
06/24/2021,HUT,KS,ACE,CE,Federal Contract Tower,0,0,8,0,8,0,1,10,0,11,0,1,18,0,19,126,0,126,145
06/25/2021,HUT,KS,ACE,CE,Federal Contract Tower,0,0,9,0,9,0,0,5,0,5,0,0,14,0,14,20,0,20,34
06/26/2021,HUT,KS,ACE,CE,Federal Contract Tower,0,0,10,0,10,0,0,4,0,4,0,0,14,0,14,0,0,0,14
06/27/2021,HUT,KS,ACE,CE,Federal Contract Tower,0,2,5,6,13,0,0,11,0,11,0,2,16,6,24,6,2,8,32
06/28/2021,HUT,KS,ACE,CE,Federal Contract Tower,0,0,6,24,30,0,0,13,0,13,0,0,19,24,43,52,24,76,119
06/29/2021,HUT,KS,ACE,CE,Federal Contract Tower,0,5,6,4,15,0,0,10,0,10,0,5,16,4,25,22,8,30,55
06/30/2021,HUT,KS,ACE,CE,Federal Contract Tower,0,5,13,2,20,0,1,13,0,14,0,6,26,2,34,12,0,12,46
07/01/2021,HUT,KS,ACE,CE,Federal Contract Tower,0,2,7,0,9,0,0,4,0,4,0,2,11,0,13,14,0,14,27
07/02/2021,HUT,KS,ACE,CE,Federal Contract Tower,0,0,6,0,6,0,2,27,0,29,0,2,33,0,35,32,0,32,67
07/03/2021,HUT,KS,ACE,CE,Federal Contract Tower,0,3,2,0,5,0,0,15,0,15,0,3,17,0,20,50,0,50,70
07/04/2021,HUT,KS,ACE,CE,Federal Contract Tower,0,0,0,0,0,0,2,12,0,14,0,2,12,0,14,42,0,42,56
07/05/2021,HUT,KS,ACE,CE,Federal Contract Tower,0,0,4,0,4,0,0,15,0,15,0,0,19,0,19,42,0,42,61
07/06/2021,HUT,KS,ACE,CE,Federal Contract Tower,0,0,6,6,12,0,0,34,3,37,0,0,40,9,49,70,8,78,127
07/07/2021,HUT,KS,ACE,CE,Federal Contract Tower,0,1,6,0,7,0,2,7,0,9,0,3,13,0,16,14,0,14,30
07/08/2021,HUT,KS,ACE,CE,Federal Contract Tower,0,1,3,21,25,0,4,17,1,22,0,5,20,22,47,50,64,114,161
07/09/2021,HUT,KS,ACE,CE,Federal Contract Tower,0,1,11,6,18,0,2,12,3,17,0,3,23,9,35,116,12,128,163
07/10/2021,HUT,KS,ACE,CE,Federal Contract Tower,0,0,3,0,3,0,0,22,0,22,0,0,25,0,25,46,0,46,71
07/11/2021,HUT,KS,ACE,CE,Federal Contract Tower,0,0,7,0,7,0,0,6,0,6,0,0,13,0,13,0,0,0,13
07/12/2021,HUT,KS,ACE,CE,Federal Contract Tower,0,1,5,6,12,0,2,29,0,31,0,3,34,6,43,120,0,120,163
07/13/2021,HUT,KS,ACE,CE,Federal Contract Tower,0,2,2,29,33,0,8,24,2,34,0,10,26,31,67,44,40,84,151
07/14/2021,HUT,KS,ACE,CE,Federal Contract Tower,0,5,7,16,28,0,16,9,2,27,0,21,16,18,55,32,18,50,105
07/15/2021,HUT,KS,ACE,CE,Federal Contract Tower,0,8,10,0,18,0,0,0,0,0,0,8,10,0,18,0,0,0,18
07/16/2021,HUT,KS,ACE,CE,Federal Contract Tower,0,0,14,13,27,0,2,14,0,16,0,2,28,13,43,24,30,54,97
07/17/2021,HUT,KS,ACE,CE,Federal Contract Tower,0,2,1,0,3,0,0,11,0,11,0,2,12,0,14,12,0,12,26
07/18/2021,HUT,KS,ACE,CE,Federal Contract Tower,0,0,15,4,19,0,0,11,0,11,0,0,26,4,30,0,8,8,38
07/19/2021,HUT,KS,ACE,CE,Federal Contract Tower,0,0,6,34,40,0,3,26,1,30,0,3,32,35,70,30,36,66,136
07/20/2021,HUT,KS,ACE,CE,Federal Contract Tower,0,1,14,16,31,0,6,23,3,32,0,7,37,19,63,48,10,58,121
07/21/2021,HUT,KS,ACE,CE,Federal Contract Tower,0,4,12,23,39,0,1,17,4,22,0,5,29,27,61,38,52,90,151
07/22/2021,HUT,KS,ACE,CE,Federal Contract Tower,0,0,14,41,55,0,4,24,6,34,0,4,38,47,89,84,56,140,229
07/23/2021,HUT,KS,ACE,CE,Federal Contract Tower,0,0,14,23,37,0,2,20,2,24,0,2,34,25,61,18,28,46,107
07/24/2021,HUT,KS,ACE,CE,Federal Contract Tower,0,2,10,4,16,0,0,24,0,24,0,2,34,4,40,30,10,40,80
07/25/2021,HUT,KS,ACE,CE,Federal Contract Tower,0,0,5,1,6,0,0,19,0,19,0,0,24,1,25,18,2,20,45
07/26/2021,HUT,KS,ACE,CE,Federal Contract Tower,0,0,11,4,15,0,1,66,0,67,0,1,77,4,82,88,0,88,170
07/28/2021,HUT,KS,ACE,CE,Federal Contract Tower,0,1,10,20,31,0,2,13,0,15,0,3,23,20,46,128,10,138,184
07/29/2021,HUT,KS,ACE,CE,Federal Contract Tower,0,1,11,19,31,0,1,18,1,20,0,2,29,20,51,50,22,72,123
07/30/2021,HUT,KS,ACE,CE,Federal Contract Tower,0,0,6,23,29,0,18,27,5,50,0,18,33,28,79,31,34,65,144
07/31/2021,HUT,KS,ACE,CE,Federal Contract Tower,0,0,1,2,3,0,0,16,0,16,0,0,17,2,19,16,0,16,35
08/01/2021,HUT,KS,ACE,CE,Federal Contract Tower,0,2,7,0,9,0,0,5,0,5,0,2,12,0,14,8,0,8,22
08/02/2021,HUT,KS,ACE,CE,Federal Contract Tower,0,0,7,12,19,0,2,30,2,34,0,2,37,14,53,42,18,60,113
08/03/2021,HUT,KS,ACE,CE,Federal Contract Tower,0,2,5,15,22,0,6,14,5,25,0,8,19,20,47,32,34,66,113
08/04/2021,HUT,KS,ACE,CE,Federal Contract Tower,0,1,5,22,28,0,0,27,2,29,0,1,32,24,57,54,24,78,135
08/05/2021,HUT,KS,ACE,CE,Federal Contract Tower,0,3,6,16,25,0,6,15,4,25,0,9,21,20,50,44,42,86,136
08/06/2021,HUT,KS,ACE,CE,Federal Contract Tower,0,2,6,7,15,0,7,31,0,38,0,9,37,7,53,54,6,60,113
08/07/2021,HUT,KS,ACE,CE,Federal Contract Tower,0,0,4,0,4,0,0,5,8,13,0,0,9,8,17,0,0,0,17
08/08/2021,HUT,KS,ACE,CE,Federal Contract Tower,0,2,3,2,7,0,0,17,0,17,0,2,20,2,24,28,0,28,52
08/09/2021,HUT,KS,ACE,CE,Federal Contract Tower,0,3,6,8,17,0,1,19,4,24,0,4,25,12,41,22,20,42,83
08/10/2021,HUT,KS,ACE,CE,Federal Contract Tower,0,0,3,18,21,0,4,17,1,22,0,4,20,19,43,38,38,76,119
08/11/2021,HUT,KS,ACE,CE,Federal Contract Tower,0,2,9,15,26,0,4,9,1,14,0,6,18,16,40,86,44,130,170
08/12/2021,HUT,KS,ACE,CE,Federal Contract Tower,0,3,4,12,19,0,46,17,2,65,0,49,21,14,84,106,12,118,202
08/13/2021,HUT,KS,ACE,CE,Federal Contract Tower,0,2,7,6,15,0,6,15,0,21,0,8,22,6,36,56,6,62,98
08/14/2021,HUT,KS,ACE,CE,Federal Contract Tower,0,2,6,0,8,0,2,13,0,15,0,4,19,0,23,26,0,26,49
08/15/2021,HUT,KS,ACE,CE,Federal Contract Tower,0,0,5,10,15,0,0,15,0,15,0,0,20,10,30,18,6,24,54
08/16/2021,HUT,KS,ACE,CE,Federal Contract Tower,0,0,5,0,5,0,4,15,0,19,0,4,20,0,24,44,0,44,68
08/17/2021,HUT,KS,ACE,CE,Federal Contract Tower,0,4,4,10,18,0,0,18,0,18,0,4,22,10,36,70,6,76,112
08/18/2021,HUT,KS,ACE,CE,Federal Contract Tower,0,0,8,27,35,0,0,7,1,8,0,0,15,28,43,26,32,58,101
08/19/2021,HUT,KS,ACE,CE,Federal Contract Tower,0,1,7,9,17,0,0,5,0,5,0,1,12,9,22,34,14,48,70
08/20/2021,HUT,KS,ACE,CE,Federal Contract Tower,0,4,15,2,21,0,0,19,0,19,0,4,34,2,40,56,0,56,96
08/21/2021,HUT,KS,ACE,CE,Federal Contract Tower,0,2,5,0,7,0,0,24,0,24,0,2,29,0,31,26,0,26,57
08/22/2021,HUT,KS,ACE,CE,Federal Contract Tower,0,1,6,0,7,0,0,29,0,29,0,1,35,0,36,60,0,60,96
08/23/2021,HUT,KS,ACE,CE,Federal Contract Tower,0,0,7,14,21,0,0,21,4,25,0,0,28,18,46,12,24,36,82
08/24/2021,HUT,KS,ACE,CE,Federal Contract Tower,0,1,6,16,23,0,0,10,0,10,0,1,16,16,33,10,20,30,63
08/25/2021,HUT,KS,ACE,CE,Federal Contract Tower,0,2,5,16,23,0,6,11,2,19,0,8,16,18,42,56,24,80,122
08/26/2021,HUT,KS,ACE,CE,Federal Contract Tower,0,4,7,10,21,0,0,26,1,27,0,4,33,11,48,52,12,64,112
08/27/2021,HUT,KS,ACE,CE,Federal Contract Tower,0,0,5,20,25,0,0,21,10,31,0,0,26,30,56,20,38,58,114
08/28/2021,HUT,KS,ACE,CE,Federal Contract Tower,0,0,3,0,3,0,0,30,0,30,0,0,33,0,33,68,0,68,101
08/29/2021,HUT,KS,ACE,CE,Federal Contract Tower,0,0,3,0,3,0,0,3,0,3,0,0,6,0,6,2,0,2,8
08/30/2021,HUT,KS,ACE,CE,Federal Contract Tower,0,0,5,24,29,0,2,11,18,31,0,2,16,42,60,38,66,104,164
08/31/2021,HUT,KS,ACE,CE,Federal Contract Tower,0,0,7,12,19,0,0,39,0,39,0,0,46,12,58,58,14,72,130
09/01/2021,HUT,KS,ACE,CE,Federal Contract Tower,0,0,8,30,38,0,6,17,4,27,0,6,25,34,65,50,68,118,183
09/02/2021,HUT,KS,ACE,CE,Federal Contract Tower,0,0,11,6,17,0,2,19,5,26,0,2,30,11,43,44,14,58,101
09/03/2021,HUT,KS,ACE,CE,Federal Contract Tower,0,7,13,0,20,0,0,5,0,5,0,7,18,0,25,0,0,0,25
09/04/2021,HUT,KS,ACE,CE,Federal Contract Tower,0,3,5,0,8,0,0,10,0,10,0,3,15,0,18,8,0,8,26
09/05/2021,HUT,KS,ACE,CE,Federal Contract Tower,0,0,3,0,3,0,0,25,0,25,0,0,28,0,28,32,0,32,60
09/06/2021,HUT,KS,ACE,CE,Federal Contract Tower,0,0,3,0,3,0,2,18,0,20,0,2,21,0,23,12,0,12,35
09/07/2021,HUT,KS,ACE,CE,Federal Contract Tower,0,2,7,4,13,0,2,14,0,16,0,4,21,4,29,40,10,50,79
09/08/2021,HUT,KS,ACE,CE,Federal Contract Tower,0,0,3,9,12,0,16,33,5,54,0,16,36,14,66,126,20,146,212
09/09/2021,HUT,KS,ACE,CE,Federal Contract Tower,0,1,8,10,19,0,2,8,2,12,0,3,16,12,31,16,30,46,77
09/10/2021,HUT,KS,ACE,CE,Federal Contract Tower,0,0,5,21,26,0,2,21,2,25,0,2,26,23,51,72,14,86,137
09/11/2021,HUT,KS,ACE,CE,Federal Contract Tower,0,0,4,0,4,0,0,25,0,25,0,0,29,0,29,80,0,80,109
09/12/2021,HUT,KS,ACE,CE,Federal Contract Tower,0,4,4,11,19,0,0,29,0,29,0,4,33,11,48,30,10,40,88
09/13/2021,HUT,KS,ACE,CE,Federal Contract Tower,0,3,6,12,21,0,0,24,0,24,0,3,30,12,45,26,16,42,87
09/14/2021,HUT,KS,ACE,CE,Federal Contract Tower,0,4,7,26,37,0,2,11,6,19,0,6,18,32,56,10,22,32,88
09/15/2021,HUT,KS,ACE,CE,Federal Contract Tower,0,3,13,19,35,0,2,20,1,23,0,5,33,20,58,18,16,34,92
09/16/2021,HUT,KS,ACE,CE,Federal Contract Tower,0,2,10,47,59,0,12,32,2,46,0,14,42,49,105,80,66,146,251
09/17/2021,HUT,KS,ACE,CE,Federal Contract Tower,0,6,13,12,31,0,2,14,2,18,0,8,27,14,49,20,2,22,71
09/18/2021,HUT,KS,ACE,CE,Federal Contract Tower,0,2,5,0,7,0,1,30,0,31,0,3,35,0,38,62,0,62,100
09/19/2021,HUT,KS,ACE,CE,Federal Contract Tower,0,1,1,7,9,0,0,29,1,30,0,1,30,8,39,12,6,18,57
09/20/2021,HUT,KS,ACE,CE,Federal Contract Tower,0,1,3,0,4,0,0,18,0,18,0,1,21,0,22,4,0,4,26
09/21/2021,HUT,KS,ACE,CE,Federal Contract Tower,0,4,4,16,24,0,3,11,0,14,0,7,15,16,38,76,10,86,124
09/22/2021,HUT,KS,ACE,CE,Federal Contract Tower,0,8,9,22,39,0,8,30,2,40,0,16,39,24,79,82,22,104,183
09/23/2021,HUT,KS,ACE,CE,Federal Contract Tower,0,0,4,13,17,0,2,21,3,26,0,2,25,16,43,96,4,100,143
09/24/2021,HUT,KS,ACE,CE,Federal Contract Tower,0,6,6,4,16,0,0,24,0,24,0,6,30,4,40,32,0,32,72
09/25/2021,HUT,KS,ACE,CE,Federal Contract Tower,0,0,5,7,12,0,2,39,1,42,0,2,44,8,54,68,2,70,124
09/26/2021,HUT,KS,ACE,CE,Federal Contract Tower,0,3,5,6,14,0,1,16,0,17,0,4,21,6,31,14,24,38,69
09/27/2021,HUT,KS,ACE,CE,Federal Contract Tower,0,3,12,27,42,0,0,6,9,15,0,3,18,36,57,12,76,88,145
09/28/2021,HUT,KS,ACE,CE,Federal Contract Tower,0,3,3,25,31,0,2,15,1,18,0,5,18,26,49,16,50,66,115
09/29/2021,HUT,KS,ACE,CE,Federal Contract Tower,0,0,4,22,26,0,4,11,2,17,0,4,15,24,43,22,56,78,121
09/30/2021,HUT,KS,ACE,CE,Federal Contract Tower,0,5,3,2,10,0,0,3,0,3,0,5,6,2,13,14,0,14,27
10/01/2021,HUT,KS,ACE,CE,Federal Contract Tower,0,0,17,6,23,0,0,11,0,11,0,0,28,6,34,12,0,12,46
10/02/2021,HUT,KS,ACE,CE,Federal Contract Tower,0,0,7,5,12,0,2,2,3,7,0,2,9,8,19,2,0,2,21
10/03/2021,HUT,KS,ACE,CE,Federal Contract Tower,0,4,10,0,14,0,0,15,0,15,0,4,25,0,29,22,0,22,51
10/04/2021,HUT,KS,ACE,CE,Federal Contract Tower,0,2,4,14,20,0,4,36,2,42,0,6,40,16,62,98,18,116,178
10/05/2021,HUT,KS,ACE,CE,Federal Contract Tower,0,0,7,16,23,0,10,25,0,35,0,10,32,16,58,96,40,136,194
10/06/2021,HUT,KS,ACE,CE,Federal Contract Tower,0,4,16,16,36,0,2,21,0,23,0,6,37,16,59,130,10,140,199
10/07/2021,HUT,KS,ACE,CE,Federal Contract Tower,0,1,25,12,38,0,4,41,3,48,0,5,66,15,86,104,28,132,218
10/08/2021,HUT,KS,ACE,CE,Federal Contract Tower,0,0,6,36,42,0,16,39,7,62,0,16,45,43,104,74,50,124,228
10/09/2021,HUT,KS,ACE,CE,Federal Contract Tower,0,0,2,0,2,0,0,16,0,16,0,0,18,0,18,34,0,34,52
10/10/2021,HUT,KS,ACE,CE,Federal Contract Tower,0,2,5,2,9,0,0,8,2,10,0,2,13,4,19,2,0,2,21
10/11/2021,HUT,KS,ACE,CE,Federal Contract Tower,0,2,5,0,7,0,16,18,0,34,0,18,23,0,41,80,0,80,121
10/12/2021,HUT,KS,ACE,CE,Federal Contract Tower,0,0,3,0,3,0,0,6,2,8,0,0,9,2,11,6,0,6,17
10/13/2021,HUT,KS,ACE,CE,Federal Contract Tower,0,3,3,43,49,0,13,20,15,48,0,16,23,58,97,76,32,108,205
10/14/2021,HUT,KS,ACE,CE,Federal Contract Tower,0,2,16,22,40,0,0,16,5,21,0,2,32,27,61,38,52,90,151
10/15/2021,HUT,KS,ACE,CE,Federal Contract Tower,0,0,11,2,13,0,0,13,4,17,0,0,24,6,30,34,6,40,70
10/16/2021,HUT,KS,ACE,CE,Federal Contract Tower,0,0,10,0,10,0,2,50,4,56,0,2,60,4,66,90,20,110,176
10/17/2021,HUT,KS,ACE,CE,Federal Contract Tower,0,2,4,0,6,0,0,33,0,33,0,2,37,0,39,38,0,38,77
10/18/2021,HUT,KS,ACE,CE,Federal Contract Tower,0,3,10,24,37,0,25,24,4,53,0,28,34,28,90,34,20,54,144
10/19/2021,HUT,KS,ACE,CE,Federal Contract Tower,0,1,4,2,7,0,17,11,2,30,0,18,15,4,37,50,0,50,87
10/20/2021,HUT,KS,ACE,CE,Federal Contract Tower,0,3,17,14,34,0,12,16,4,32,0,15,33,18,66,114,66,180,246
10/21/2021,HUT,KS,ACE,CE,Federal Contract Tower,0,2,7,26,35,0,2,37,4,43,0,4,44,30,78,40,66,106,184
10/22/2021,HUT,KS,ACE,CE,Federal Contract Tower,0,2,5,16,23,0,2,20,4,26,0,4,25,20,49,82,22,104,153
10/23/2021,HUT,KS,ACE,CE,Federal Contract Tower,0,2,8,10,20,0,2,5,0,7,0,4,13,10,27,8,12,20,47
10/24/2021,HUT,KS,ACE,CE,Federal Contract Tower,0,2,5,0,7,0,0,7,4,11,0,2,12,4,18,8,8,16,34
10/25/2021,HUT,KS,ACE,CE,Federal Contract Tower,0,2,14,26,42,0,0,6,0,6,0,2,20,26,48,32,12,44,92
10/26/2021,HUT,KS,ACE,CE,Federal Contract Tower,0,4,22,0,26,0,0,2,0,2,0,4,24,0,28,12,0,12,40
10/27/2021,HUT,KS,ACE,CE,Federal Contract Tower,0,2,2,0,4,0,0,0,0,0,0,2,2,0,4,6,0,6,10
10/28/2021,HUT,KS,ACE,CE,Federal Contract Tower,0,1,7,0,8,0,2,0,0,2,0,3,7,0,10,6,0,6,16
10/29/2021,HUT,KS,ACE,CE,Federal Contract Tower,0,0,7,19,26,0,2,24,1,27,0,2,31,20,53,86,0,86,139
10/30/2021,HUT,KS,ACE,CE,Federal Contract Tower,0,0,14,0,14,0,2,47,0,49,0,2,61,0,63,60,0,60,123
10/31/2021,HUT,KS,ACE,CE,Federal Contract Tower,0,0,5,4,9,0,0,15,0,15,0,0,20,4,24,28,0,28,52
11/01/2021,HUT,KS,ACE,CE,Federal Contract Tower,0,2,6,2,10,0,11,7,0,18,0,13,13,2,28,30,2,32,60
11/02/2021,HUT,KS,ACE,CE,Federal Contract Tower,0,0,3,18,21,0,0,5,0,5,0,0,8,18,26,44,20,64,90
11/03/2021,HUT,KS,ACE,CE,Federal Contract Tower,0,0,8,8,16,0,0,1,0,1,0,0,9,8,17,14,10,24,41
11/04/2021,HUT,KS,ACE,CE,Federal Contract Tower,0,0,8,15,23,0,4,9,0,13,0,4,17,15,36,16,20,36,72
11/05/2021,HUT,KS,ACE,CE,Federal Contract Tower,0,6,13,6,25,0,1,4,0,5,0,7,17,6,30,8,8,16,46
11/06/2021,HUT,KS,ACE,CE,Federal Contract Tower,0,0,0,2,2,0,2,17,0,19,0,2,17,2,21,34,4,38,59
11/07/2021,HUT,KS,ACE,CE,Federal Contract Tower,0,0,1,8,9,0,0,8,0,8,0,0,9,8,17,22,0,22,39
11/08/2021,HUT,KS,ACE,CE,Federal Contract Tower,0,1,0,0,1,0,0,26,0,26,0,1,26,0,27,90,0,90,117
11/09/2021,HUT,KS,ACE,CE,Federal Contract Tower,0,2,11,10,23,0,4,31,6,41,0,6,42,16,64,52,64,116,180
11/10/2021,HUT,KS,ACE,CE,Federal Contract Tower,0,5,3,0,8,0,0,1,3,4,0,5,4,3,12,4,0,4,16
11/11/2021,HUT,KS,ACE,CE,Federal Contract Tower,0,2,5,0,7,0,1,14,3,18,0,3,19,3,25,38,6,44,69
11/12/2021,HUT,KS,ACE,CE,Federal Contract Tower,0,2,3,14,19,0,12,20,0,32,0,14,23,14,51,56,14,70,121
11/13/2021,HUT,KS,ACE,CE,Federal Contract Tower,0,0,7,0,7,0,14,14,0,28,0,14,21,0,35,42,0,42,77
11/14/2021,HUT,KS,ACE,CE,Federal Contract Tower,0,0,5,6,11,0,0,40,12,52,0,0,45,18,63,76,12,88,151
11/15/2021,HUT,KS,ACE,CE,Federal Contract Tower,0,5,8,12,25,0,18,30,6,54,0,23,38,18,79,42,22,64,143
11/16/2021,HUT,KS,ACE,CE,Federal Contract Tower,0,6,5,30,41,0,39,19,6,64,0,45,24,36,105,110,26,136,241
11/17/2021,HUT,KS,ACE,CE,Federal Contract Tower,0,2,14,2,18,0,0,8,6,14,0,2,22,8,32,30,4,34,66
11/18/2021,HUT,KS,ACE,CE,Federal Contract Tower,0,0,2,20,22,0,8,33,0,41,0,8,35,20,63,68,46,114,177
11/19/2021,HUT,KS,ACE,CE,Federal Contract Tower,0,4,9,12,25,0,2,1,0,3,0,6,10,12,28,26,4,30,58
11/20/2021,HUT,KS,ACE,CE,Federal Contract Tower,0,2,7,4,13,0,4,15,6,25,0,6,22,10,38,4,6,10,48
11/21/2021,HUT,KS,ACE,CE,Federal Contract Tower,0,0,8,0,8,0,0,17,2,19,0,0,25,2,27,24,2,26,53
11/22/2021,HUT,KS,ACE,CE,Federal Contract Tower,0,2,4,12,18,0,0,22,2,24,0,2,26,14,42,10,32,42,84
11/23/2021,HUT,KS,ACE,CE,Federal Contract Tower,0,1,8,11,20,0,5,1,3,9,0,6,9,14,29,10,16,26,55
11/24/2021,HUT,KS,ACE,CE,Federal Contract Tower,0,0,5,6,11,0,0,6,2,8,0,0,11,8,19,32,0,32,51
11/25/2021,HUT,KS,ACE,CE,Federal Contract Tower,0,2,0,0,2,0,0,4,0,4,0,2,4,0,6,0,0,0,6
11/26/2021,HUT,KS,ACE,CE,Federal Contract Tower,0,0,0,0,0,0,4,26,0,30,0,4,26,0,30,22,0,22,52
11/27/2021,HUT,KS,ACE,CE,Federal Contract Tower,0,2,7,0,9,0,4,11,0,15,0,6,18,0,24,50,0,50,74
11/28/2021,HUT,KS,ACE,CE,Federal Contract Tower,0,0,5,0,5,0,2,34,0,36,0,2,39,0,41,76,0,76,117
11/29/2021,HUT,KS,ACE,CE,Federal Contract Tower,0,2,8,25,35,0,0,30,1,31,0,2,38,26,66,44,18,62,128
11/30/2021,HUT,KS,ACE,CE,Federal Contract Tower,0,2,11,4,17,0,0,25,2,27,0,2,36,6,44,44,4,48,92
12/01/2021,HUT,KS,ACE,CE,Federal Contract Tower,0,0,4,12,16,0,2,22,0,24,0,2,26,12,40,64,0,64,104
12/02/2021,HUT,KS,ACE,CE,Federal Contract Tower,0,1,10,7,18,0,0,35,1,36,0,1,45,8,54,130,16,146,200
12/03/2021,HUT,KS,ACE,CE,Federal Contract Tower,0,1,0,15,16,0,10,9,3,22,0,11,9,18,38,54,32,86,124
12/04/2021,HUT,KS,ACE,CE,Federal Contract Tower,0,1,2,0,3,0,0,37,0,37,0,1,39,0,40,64,0,64,104
12/05/2021,HUT,KS,ACE,CE,Federal Contract Tower,0,1,4,3,8,0,1,12,1,14,0,2,16,4,22,24,18,42,64
12/06/2021,HUT,KS,ACE,CE,Federal Contract Tower,0,0,7,22,29,0,5,10,2,17,0,5,17,24,46,16,62,78,124
12/07/2021,HUT,KS,ACE,CE,Federal Contract Tower,0,2,8,4,14,0,7,22,0,29,0,9,30,4,43,108,6,114,157
12/08/2021,HUT,KS,ACE,CE,Federal Contract Tower,0,2,5,22,29,0,0,21,0,21,0,2,26,22,50,62,16,78,128
12/09/2021,HUT,KS,ACE,CE,Federal Contract Tower,0,0,9,17,26,0,4,31,1,36,0,4,40,18,62,68,24,92,154
12/10/2021,HUT,KS,ACE,CE,Federal Contract Tower,0,2,3,0,5,0,0,12,0,12,0,2,15,0,17,16,0,16,33
12/11/2021,HUT,KS,ACE,CE,Federal Contract Tower,0,0,6,0,6,0,0,21,0,21,0,0,27,0,27,22,0,22,49
12/12/2021,HUT,KS,ACE,CE,Federal Contract Tower,0,0,1,19,20,0,4,22,1,27,0,4,23,20,47,26,28,54,101
12/13/2021,HUT,KS,ACE,CE,Federal Contract Tower,0,0,2,24,26,0,1,22,2,25,0,1,24,26,51,86,28,114,165
12/14/2021,HUT,KS,ACE,CE,Federal Contract Tower,0,0,6,2,8,0,14,20,4,38,0,14,26,6,46,34,0,34,80
12/15/2021,HUT,KS,ACE,CE,Federal Contract Tower,0,0,0,0,0,0,0,0,0,0,0,0,0,0,0,0,0,0,0
12/16/2021,HUT,KS,ACE,CE,Federal Contract Tower,0,2,3,13,18,0,8,23,2,33,0,10,26,15,51,84,14,98,149
12/17/2021,HUT,KS,ACE,CE,Federal Contract Tower,0,0,11,26,37,0,0,21,3,24,0,0,32,29,61,48,98,146,207
12/18/2021,HUT,KS,ACE,CE,Federal Contract Tower,0,0,3,0,3,0,2,34,0,36,0,2,37,0,39,70,0,70,109
12/19/2021,HUT,KS,ACE,CE,Federal Contract Tower,0,1,9,0,10,0,1,19,0,20,0,2,28,0,30,6,0,6,36
12/20/2021,HUT,KS,ACE,CE,Federal Contract Tower,0,3,4,11,18,0,6,20,1,27,0,9,24,12,45,28,20,48,93
12/21/2021,HUT,KS,ACE,CE,Federal Contract Tower,0,0,3,7,10,0,4,40,1,45,0,4,43,8,55,54,4,58,113
12/22/2021,HUT,KS,ACE,CE,Federal Contract Tower,0,0,3,22,25,0,6,12,2,20,0,6,15,24,45,48,24,72,117
12/23/2021,HUT,KS,ACE,CE,Federal Contract Tower,0,1,9,0,10,0,2,21,0,23,0,3,30,0,33,64,0,64,97
12/24/2021,HUT,KS,ACE,CE,Federal Contract Tower,0,0,3,0,3,0,0,26,0,26,0,0,29,0,29,40,0,40,69
12/25/2021,HUT,KS,ACE,CE,Federal Contract Tower,0,0,0,0,0,0,0,6,0,6,0,0,6,0,6,4,0,4,10
12/26/2021,HUT,KS,ACE,CE,Federal Contract Tower,0,0,1,0,1,0,0,3,0,3,0,0,4,0,4,0,0,0,4
12/27/2021,HUT,KS,ACE,CE,Federal Contract Tower,0,0,8,0,8,0,0,34,0,34,0,0,42,0,42,34,0,34,76
12/28/2021,HUT,KS,ACE,CE,Federal Contract Tower,0,0,3,0,3,0,0,12,0,12,0,0,15,0,15,22,0,22,37
12/29/2021,HUT,KS,ACE,CE,Federal Contract Tower,0,0,4,2,6,0,0,8,0,8,0,0,12,2,14,14,0,14,28
12/30/2021,HUT,KS,ACE,CE,Federal Contract Tower,0,0,7,0,7,0,2,26,0,28,0,2,33,0,35,56,0,56,91
12/31/2021,HUT,KS,ACE,CE,Federal Contract Tower,0,0,6,0,6,0,0,15,0,15,0,0,21,0,21,32,0,32,53
01/01/2022,HUT,KS,ACE,CE,Federal Contract Tower,0,0,0,0,0,0,0,0,0,0,0,0,0,0,0,0,0,0,0
01/02/2022,HUT,KS,ACE,CE,Federal Contract Tower,0,0,2,0,2,0,0,7,0,7,0,0,9,0,9,16,0,16,25
01/03/2022,HUT,KS,ACE,CE,Federal Contract Tower,0,2,5,0,7,0,8,27,0,35,0,10,32,0,42,42,0,42,84
01/04/2022,HUT,KS,ACE,CE,Federal Contract Tower,0,0,7,0,7,0,2,27,0,29,0,2,34,0,36,64,0,64,100
01/05/2022,HUT,KS,ACE,CE,Federal Contract Tower,0,0,2,4,6,0,2,13,0,15,0,2,15,4,21,18,0,18,39
01/06/2022,HUT,KS,ACE,CE,Federal Contract Tower,0,0,1,6,7,0,4,0,0,4,0,4,1,6,11,20,2,22,33
01/07/2022,HUT,KS,ACE,CE,Federal Contract Tower,0,1,6,2,9,0,0,11,0,11,0,1,17,2,20,42,4,46,66
01/08/2022,HUT,KS,ACE,CE,Federal Contract Tower,0,0,4,0,4,0,0,14,0,14,0,0,18,0,18,30,0,30,48
01/09/2022,HUT,KS,ACE,CE,Federal Contract Tower,0,1,15,8,24,0,0,16,2,18,0,1,31,10,42,14,6,20,62
01/10/2022,HUT,KS,ACE,CE,Federal Contract Tower,0,1,1,12,14,0,0,21,2,23,0,1,22,14,37,28,16,44,81
01/11/2022,HUT,KS,ACE,CE,Federal Contract Tower,0,0,1,32,33,0,7,20,2,29,0,7,21,34,62,26,16,42,104
01/12/2022,HUT,KS,ACE,CE,Federal Contract Tower,0,0,2,4,6,0,12,28,0,40,0,12,30,4,46,76,2,78,124
01/13/2022,HUT,KS,ACE,CE,Federal Contract Tower,0,0,3,6,9,0,0,25,0,25,0,0,28,6,34,62,0,62,96
01/14/2022,HUT,KS,ACE,CE,Federal Contract Tower,0,0,0,16,16,0,0,13,1,14,0,0,13,17,30,6,8,14,44
01/15/2022,HUT,KS,ACE,CE,Federal Contract Tower,0,2,5,0,7,0,0,0,0,0,0,2,5,0,7,4,0,4,11
01/16/2022,HUT,KS,ACE,CE,Federal Contract Tower,0,2,7,0,9,0,2,13,0,15,0,4,20,0,24,12,0,12,36
01/17/2022,HUT,KS,ACE,CE,Federal Contract Tower,0,0,4,0,4,0,8,25,0,33,0,8,29,0,37,30,0,30,67
01/18/2022,HUT,KS,ACE,CE,Federal Contract Tower,0,0,1,16,17,0,8,32,2,42,0,8,33,18,59,46,26,72,131
01/19/2022,HUT,KS,ACE,CE,Federal Contract Tower,0,0,5,10,15,0,1,4,0,5,0,1,9,10,20,12,0,12,32
01/20/2022,HUT,KS,ACE,CE,Federal Contract Tower,0,1,3,7,11,0,0,11,1,12,0,1,14,8,23,20,6,26,49
01/21/2022,HUT,KS,ACE,CE,Federal Contract Tower,0,0,7,0,7,0,16,13,2,31,0,16,20,2,38,54,0,54,92
01/22/2022,HUT,KS,ACE,CE,Federal Contract Tower,0,0,11,0,11,0,0,35,0,35,0,0,46,0,46,92,0,92,138
01/23/2022,HUT,KS,ACE,CE,Federal Contract Tower,0,0,1,2,3,0,0,22,0,22,0,0,23,2,25,26,4,30,55
01/24/2022,HUT,KS,ACE,CE,Federal Contract Tower,0,0,1,2,3,0,0,24,0,24,0,0,25,2,27,44,2,46,73
01/25/2022,HUT,KS,ACE,CE,Federal Contract Tower,0,5,3,0,8,0,1,1,0,2,0,6,4,0,10,18,0,18,28
01/26/2022,HUT,KS,ACE,CE,Federal Contract Tower,0,4,6,10,20,0,4,6,2,12,0,8,12,12,32,16,4,20,52
01/27/2022,HUT,KS,ACE,CE,Federal Contract Tower,0,2,2,0,4,0,14,15,0,29,0,16,17,0,33,46,0,46,79
01/28/2022,HUT,KS,ACE,CE,Federal Contract Tower,0,4,5,0,9,0,6,35,0,41,0,10,40,0,50,0,0,0,50
01/29/2022,HUT,KS,ACE,CE,Federal Contract Tower,0,0,1,2,3,0,0,30,0,30,0,0,31,2,33,44,0,44,77
01/30/2022,HUT,KS,ACE,CE,Federal Contract Tower,0,0,9,0,9,0,0,34,0,34,0,0,43,0,43,90,0,90,133
01/31/2022,HUT,KS,ACE,CE,Federal Contract Tower,0,2,4,2,8,0,0,24,14,38,0,2,28,16,46,52,2,54,100
02/01/2022,HUT,KS,ACE,CE,Federal Contract Tower,0,2,10,13,25,0,19,13,1,33,0,21,23,14,58,36,18,54,112
02/02/2022,HUT,KS,ACE,CE,Federal Contract Tower,0,0,0,0,0,0,0,0,0,0,0,0,0,0,0,0,0,0,0
02/03/2022,HUT,KS,ACE,CE,Federal Contract Tower,0,1,3,0,4,0,0,1,0,1,0,1,4,0,5,2,0,2,7
02/04/2022,HUT,KS,ACE,CE,Federal Contract Tower,0,1,6,0,7,0,25,24,0,49,0,26,30,0,56,38,0,38,94
02/05/2022,HUT,KS,ACE,CE,Federal Contract Tower,0,2,4,5,11,0,0,8,2,10,0,2,12,7,21,24,20,44,65
02/06/2022,HUT,KS,ACE,CE,Federal Contract Tower,0,0,3,0,3,0,10,30,0,40,0,10,33,0,43,48,0,48,91
02/07/2022,HUT,KS,ACE,CE,Federal Contract Tower,0,0,6,14,20,0,40,25,0,65,0,40,31,14,85,90,36,126,211
02/08/2022,HUT,KS,ACE,CE,Federal Contract Tower,0,0,11,10,21,0,36,40,0,76,0,36,51,10,97,114,12,126,223
02/09/2022,HUT,KS,ACE,CE,Federal Contract Tower,0,0,2,4,6,0,0,34,0,34,0,0,36,4,40,174,0,174,214
02/10/2022,HUT,KS,ACE,CE,Federal Contract Tower,0,2,7,10,19,0,0,22,0,22,0,2,29,10,41,46,8,54,95
02/11/2022,HUT,KS,ACE,CE,Federal Contract Tower,0,4,6,11,21,0,0,16,1,17,0,4,22,12,38,10,14,24,62
02/12/2022,HUT,KS,ACE,CE,Federal Contract Tower,0,0,7,0,7,0,2,39,0,41,0,2,46,0,48,124,0,124,172
02/13/2022,HUT,KS,ACE,CE,Federal Contract Tower,0,0,2,2,4,0,0,28,0,28,0,0,30,2,32,50,0,50,82
02/14/2022,HUT,KS,ACE,CE,Federal Contract Tower,0,2,4,18,24,0,2,40,4,46,0,4,44,22,70,122,50,172,242
02/15/2022,HUT,KS,ACE,CE,Federal Contract Tower,0,2,1,0,3,0,4,5,0,9,0,6,6,0,12,8,0,8,20
02/16/2022,HUT,KS,ACE,CE,Federal Contract Tower,0,0,8,10,18,0,16,18,4,38,0,16,26,14,56,80,46,126,182
02/17/2022,HUT,KS,ACE,CE,Federal Contract Tower,0,0,0,0,0,0,0,1,0,1,0,0,1,0,1,0,0,0,1
02/18/2022,HUT,KS,ACE,CE,Federal Contract Tower,0,4,9,0,13,0,28,28,0,56,0,32,37,0,69,80,0,80,149
02/19/2022,HUT,KS,ACE,CE,Federal Contract Tower,0,0,6,1,7,0,8,30,1,39,0,8,36,2,46,96,0,96,142
02/20/2022,HUT,KS,ACE,CE,Federal Contract Tower,0,0,8,4,12,0,2,32,0,34,0,2,40,4,46,6,0,6,52
02/21/2022,HUT,KS,ACE,CE,Federal Contract Tower,0,0,8,0,8,0,2,27,0,29,0,2,35,0,37,30,0,30,67
02/22/2022,HUT,KS,ACE,CE,Federal Contract Tower,0,0,1,0,1,0,1,6,0,7,0,1,7,0,8,0,0,0,8
02/23/2022,HUT,KS,ACE,CE,Federal Contract Tower,0,0,4,2,6,0,26,7,0,33,0,26,11,2,39,12,0,12,51
02/24/2022,HUT,KS,ACE,CE,Federal Contract Tower,0,0,5,0,5,0,0,1,0,1,0,0,6,0,6,0,0,0,6
02/25/2022,HUT,KS,ACE,CE,Federal Contract Tower,0,0,8,0,8,0,0,15,2,17,0,0,23,2,25,32,6,38,63
02/26/2022,HUT,KS,ACE,CE,Federal Contract Tower,0,0,2,10,12,0,3,18,2,23,0,3,20,12,35,60,16,76,111
02/27/2022,HUT,KS,ACE,CE,Federal Contract Tower,0,0,7,2,9,0,0,28,0,28,0,0,35,2,37,46,4,50,87
02/28/2022,HUT,KS,ACE,CE,Federal Contract Tower,0,4,5,7,16,0,2,23,1,26,0,6,28,8,42,60,4,64,106
03/01/2022,HUT,KS,ACE,CE,Federal Contract Tower,0,2,6,16,24,0,2,23,2,27,0,4,29,18,51,32,20,52,103
03/02/2022,HUT,KS,ACE,CE,Federal Contract Tower,0,2,3,16,21,0,6,19,4,29,0,8,22,20,50,62,30,92,142
03/03/2022,HUT,KS,ACE,CE,Federal Contract Tower,0,0,0,12,12,0,4,27,6,37,0,4,27,18,49,72,28,100,149
03/04/2022,HUT,KS,ACE,CE,Federal Contract Tower,0,6,6,0,12,0,0,13,0,13,0,6,19,0,25,12,0,12,37
03/05/2022,HUT,KS,ACE,CE,Federal Contract Tower,0,0,0,0,0,0,28,0,0,28,0,28,0,0,28,34,0,34,62
03/06/2022,HUT,KS,ACE,CE,Federal Contract Tower,0,0,0,2,2,0,2,4,5,11,0,2,4,7,13,2,4,6,19
03/07/2022,HUT,KS,ACE,CE,Federal Contract Tower,0,0,5,6,11,0,4,2,2,8,0,4,7,8,19,0,0,0,19
03/08/2022,HUT,KS,ACE,CE,Federal Contract Tower,0,8,7,19,34,0,2,30,1,33,0,10,37,20,67,50,10,60,127
03/09/2022,HUT,KS,ACE,CE,Federal Contract Tower,0,2,16,0,18,0,16,16,0,32,0,18,32,0,50,40,0,40,90
03/10/2022,HUT,KS,ACE,CE,Federal Contract Tower,0,0,6,2,8,0,0,3,0,3,0,0,9,2,11,6,0,6,17
03/11/2022,HUT,KS,ACE,CE,Federal Contract Tower,0,0,8,10,18,0,0,21,2,23,0,0,29,12,41,10,4,14,55
03/12/2022,HUT,KS,ACE,CE,Federal Contract Tower,0,0,2,0,2,0,0,19,0,19,0,0,21,0,21,8,0,8,29
03/13/2022,HUT,KS,ACE,CE,Federal Contract Tower,0,0,5,7,12,0,0,16,4,20,0,0,21,11,32,18,8,26,58
03/14/2022,HUT,KS,ACE,CE,Federal Contract Tower,0,0,6,8,14,0,2,15,0,17,0,2,21,8,31,16,0,16,47
03/15/2022,HUT,KS,ACE,CE,Federal Contract Tower,0,0,10,16,26,0,0,24,1,25,0,0,34,17,51,28,26,54,105
03/16/2022,HUT,KS,ACE,CE,Federal Contract Tower,0,1,11,5,17,0,4,14,3,21,0,5,25,8,38,20,14,34,72
03/17/2022,HUT,KS,ACE,CE,Federal Contract Tower,0,0,1,2,3,0,6,19,0,25,0,6,20,2,28,16,2,18,46
03/18/2022,HUT,KS,ACE,CE,Federal Contract Tower,0,0,9,0,9,0,0,12,0,12,0,0,21,0,21,24,0,24,45
03/19/2022,HUT,KS,ACE,CE,Federal Contract Tower,0,0,5,0,5,0,2,46,6,54,0,2,51,6,59,46,0,46,105
03/20/2022,HUT,KS,ACE,CE,Federal Contract Tower,0,2,3,0,5,0,4,21,0,25,0,6,24,0,30,38,0,38,68
03/21/2022,HUT,KS,ACE,CE,Federal Contract Tower,0,1,0,2,3,0,0,4,0,4,0,1,4,2,7,46,0,46,53
03/22/2022,HUT,KS,ACE,CE,Federal Contract Tower,0,0,0,0,0,0,0,0,0,0,0,0,0,0,0,0,0,0,0
03/23/2022,HUT,KS,ACE,CE,Federal Contract Tower,0,1,3,8,12,0,0,4,0,4,0,1,7,8,16,10,18,28,44
03/24/2022,HUT,KS,ACE,CE,Federal Contract Tower,0,1,13,23,37,0,2,24,2,28,0,3,37,25,65,62,42,104,169
03/25/2022,HUT,KS,ACE,CE,Federal Contract Tower,0,1,4,10,15,0,0,18,1,19,0,1,22,11,34,8,2,10,44
03/26/2022,HUT,KS,ACE,CE,Federal Contract Tower,0,0,2,0,2,0,6,38,0,44,0,6,40,0,46,30,0,30,76
03/27/2022,HUT,KS,ACE,CE,Federal Contract Tower,0,1,4,8,13,0,0,43,3,46,0,1,47,11,59,72,22,94,153
03/28/2022,HUT,KS,ACE,CE,Federal Contract Tower,0,1,9,6,16,0,0,29,0,29,0,1,38,6,45,62,0,62,107
03/29/2022,HUT,KS,ACE,CE,Federal Contract Tower,0,2,1,7,10,0,1,11,1,13,0,3,12,8,23,8,2,10,33
03/30/2022,HUT,KS,ACE,CE,Federal Contract Tower,0,2,0,2,4,0,0,0,2,2,0,2,0,4,6,8,4,12,18
03/31/2022,HUT,KS,ACE,CE,Federal Contract Tower,0,3,6,1,10,0,4,24,1,29,0,7,30,2,39,56,0,56,95
04/01/2022,HUT,KS,ACE,CE,Federal Contract Tower,0,2,13,6,21,0,6,5,0,11,0,8,18,6,32,16,6,22,54
04/02/2022,HUT,KS,ACE,CE,Federal Contract Tower,0,0,4,4,8,0,2,37,2,41,0,2,41,6,49,16,6,22,71
04/03/2022,HUT,KS,ACE,CE,Federal Contract Tower,0,2,2,0,4,0,0,7,0,7,0,2,9,0,11,26,0,26,37
04/04/2022,HUT,KS,ACE,CE,Federal Contract Tower,0,0,5,22,27,0,8,18,0,26,0,8,23,22,53,42,14,56,109
04/05/2022,HUT,KS,ACE,CE,Federal Contract Tower,0,3,2,4,9,0,4,1,0,5,0,7,3,4,14,0,0,0,14
04/06/2022,HUT,KS,ACE,CE,Federal Contract Tower,0,1,8,6,15,0,12,7,2,21,0,13,15,8,36,32,8,40,76
04/07/2022,HUT,KS,ACE,CE,Federal Contract Tower,0,8,2,4,14,0,2,2,0,4,0,10,4,4,18,6,0,6,24
04/08/2022,HUT,KS,ACE,CE,Federal Contract Tower,0,0,4,10,14,0,19,11,3,33,0,19,15,13,47,106,48,154,201
04/09/2022,HUT,KS,ACE,CE,Federal Contract Tower,0,0,4,15,19,0,5,24,4,33,0,5,28,19,52,38,46,84,136
04/10/2022,HUT,KS,ACE,CE,Federal Contract Tower,0,2,8,6,16,0,0,19,0,19,0,2,27,6,35,48,4,52,87
04/11/2022,HUT,KS,ACE,CE,Federal Contract Tower,0,2,4,4,10,0,12,31,2,45,0,14,35,6,55,60,14,74,129
04/12/2022,HUT,KS,ACE,CE,Federal Contract Tower,0,2,6,4,12,0,0,2,0,2,0,2,8,4,14,6,0,6,20
04/13/2022,HUT,KS,ACE,CE,Federal Contract Tower,0,0,1,3,4,0,24,22,3,49,0,24,23,6,53,94,14,108,161
04/14/2022,HUT,KS,ACE,CE,Federal Contract Tower,0,0,4,2,6,0,12,35,0,47,0,12,39,2,53,66,4,70,123
04/15/2022,HUT,KS,ACE,CE,Federal Contract Tower,0,0,4,1,5,0,20,30,1,51,0,20,34,2,56,36,12,48,104
04/16/2022,HUT,KS,ACE,CE,Federal Contract Tower,0,0,3,6,9,0,2,11,0,13,0,2,14,6,22,4,12,16,38
04/17/2022,HUT,KS,ACE,CE,Federal Contract Tower,0,1,0,0,1,0,0,10,0,10,0,1,10,0,11,32,0,32,43
04/18/2022,HUT,KS,ACE,CE,Federal Contract Tower,0,0,5,4,9,0,30,27,0,57,0,30,32,4,66,80,4,84,150
04/19/2022,HUT,KS,ACE,CE,Federal Contract Tower,0,3,6,6,15,0,20,13,4,37,0,23,19,10,52,40,16,56,108
04/20/2022,HUT,KS,ACE,CE,Federal Contract Tower,0,4,9,14,27,0,15,9,0,24,0,19,18,14,51,38,22,60,111
04/21/2022,HUT,KS,ACE,CE,Federal Contract Tower,0,7,24,4,35,0,0,5,0,5,0,7,29,4,40,18,2,20,60
04/22/2022,HUT,KS,ACE,CE,Federal Contract Tower,0,2,6,0,8,0,0,6,0,6,0,2,12,0,14,8,0,8,22
04/23/2022,HUT,KS,ACE,CE,Federal Contract Tower,0,0,1,0,1,0,1,0,0,1,0,1,1,0,2,0,0,0,2
04/24/2022,HUT,KS,ACE,CE,Federal Contract Tower,0,0,3,10,13,0,0,45,0,45,0,0,48,10,58,72,6,78,136
04/25/2022,HUT,KS,ACE,CE,Federal Contract Tower,0,3,10,0,13,0,23,21,0,44,0,26,31,0,57,64,0,64,121
04/26/2022,HUT,KS,ACE,CE,Federal Contract Tower,0,1,8,7,16,0,12,20,1,33,0,13,28,8,49,40,20,60,109
04/27/2022,HUT,KS,ACE,CE,Federal Contract Tower,0,3,6,6,15,0,2,11,0,13,0,5,17,6,28,14,8,22,50
04/28/2022,HUT,KS,ACE,CE,Federal Contract Tower,0,4,3,16,23,0,2,19,0,21,0,6,22,16,44,50,8,58,102
04/29/2022,HUT,KS,ACE,CE,Federal Contract Tower,0,1,9,0,10,0,2,3,2,7,0,3,12,2,17,8,0,8,25
04/30/2022,HUT,KS,ACE,CE,Federal Contract Tower,0,0,6,6,12,0,4,6,0,10,0,4,12,6,22,2,0,2,24
05/01/2022,HUT,KS,ACE,CE,Federal Contract Tower,0,2,4,0,6,0,0,31,0,31,0,2,35,0,37,70,0,70,107
05/02/2022,HUT,KS,ACE,CE,Federal Contract Tower,0,0,6,0,6,0,0,0,0,0,0,0,6,0,6,6,0,6,12
05/03/2022,HUT,KS,ACE,CE,Federal Contract Tower,0,1,16,8,25,0,0,5,0,5,0,1,21,8,30,34,14,48,78
05/04/2022,HUT,KS,ACE,CE,Federal Contract Tower,0,3,7,0,10,0,0,0,0,0,0,3,7,0,10,6,0,6,16
05/05/2022,HUT,KS,ACE,CE,Federal Contract Tower,0,2,5,0,7,0,0,1,0,1,0,2,6,0,8,16,0,16,24
05/06/2022,HUT,KS,ACE,CE,Federal Contract Tower,0,0,17,0,17,0,13,15,0,28,0,13,32,0,45,46,0,46,91
05/07/2022,HUT,KS,ACE,CE,Federal Contract Tower,0,4,2,2,8,0,0,33,0,33,0,4,35,2,41,46,6,52,93
05/08/2022,HUT,KS,ACE,CE,Federal Contract Tower,0,2,5,0,7,0,6,14,0,20,0,8,19,0,27,60,0,60,87
05/09/2022,HUT,KS,ACE,CE,Federal Contract Tower,0,2,8,5,15,0,1,13,1,15,0,3,21,6,30,28,6,34,64
05/10/2022,HUT,KS,ACE,CE,Federal Contract Tower,0,3,6,23,32,0,10,28,1,39,0,13,34,24,71,142,24,166,237
05/11/2022,HUT,KS,ACE,CE,Federal Contract Tower,0,6,3,12,21,0,5,20,2,27,0,11,23,14,48,38,10,48,96
05/12/2022,HUT,KS,ACE,CE,Federal Contract Tower,0,0,6,6,12,0,3,8,0,11,0,3,14,6,23,60,10,70,93
05/13/2022,HUT,KS,ACE,CE,Federal Contract Tower,0,3,4,13,20,0,0,19,1,20,0,3,23,14,40,16,38,54,94
05/14/2022,HUT,KS,ACE,CE,Federal Contract Tower,0,4,2,0,6,0,8,24,14,46,0,12,26,14,52,68,0,68,120
05/15/2022,HUT,KS,ACE,CE,Federal Contract Tower,0,1,7,14,22,0,0,8,7,15,0,1,15,21,37,8,38,46,83
05/16/2022,HUT,KS,ACE,CE,Federal Contract Tower,0,2,9,28,39,0,0,21,4,25,0,2,30,32,64,24,64,88,152
05/17/2022,HUT,KS,ACE,CE,Federal Contract Tower,0,0,1,25,26,0,0,15,1,16,0,0,16,26,42,72,52,124,166
05/18/2022,HUT,KS,ACE,CE,Federal Contract Tower,0,6,6,20,32,0,2,34,4,40,0,8,40,24,72,44,50,94,166
05/19/2022,HUT,KS,ACE,CE,Federal Contract Tower,0,2,6,14,22,0,16,17,5,38,0,18,23,19,60,84,52,136,196
05/20/2022,HUT,KS,ACE,CE,Federal Contract Tower,0,2,7,25,34,0,0,15,3,18,0,2,22,28,52,34,12,46,98
05/21/2022,HUT,KS,ACE,CE,Federal Contract Tower,0,3,3,0,6,0,0,15,0,15,0,3,18,0,21,12,0,12,33
05/22/2022,HUT,KS,ACE,CE,Federal Contract Tower,0,0,5,6,11,0,6,25,0,31,0,6,30,6,42,28,0,28,70
05/23/2022,HUT,KS,ACE,CE,Federal Contract Tower,0,0,6,4,10,0,2,2,0,4,0,2,8,4,14,18,0,18,32
05/24/2022,HUT,KS,ACE,CE,Federal Contract Tower,0,2,5,0,7,0,0,0,0,0,0,2,5,0,7,0,0,0,7
05/25/2022,HUT,KS,ACE,CE,Federal Contract Tower,0,1,6,0,7,0,0,0,0,0,0,1,6,0,7,0,0,0,7
05/26/2022,HUT,KS,ACE,CE,Federal Contract Tower,0,2,5,0,7,0,0,15,0,15,0,2,20,0,22,76,0,76,98
05/27/2022,HUT,KS,ACE,CE,Federal Contract Tower,0,0,7,0,7,0,9,27,0,36,0,9,34,0,43,64,0,64,107
05/28/2022,HUT,KS,ACE,CE,Federal Contract Tower,0,0,3,0,3,2,3,0,0,5,2,3,3,0,8,0,0,0,8
05/29/2022,HUT,KS,ACE,CE,Federal Contract Tower,0,1,3,0,4,0,2,0,0,2,0,3,3,0,6,0,0,0,6
05/30/2022,HUT,KS,ACE,CE,Federal Contract Tower,0,2,4,0,6,0,0,2,0,2,0,2,6,0,8,0,0,0,8
05/31/2022,HUT,KS,ACE,CE,Federal Contract Tower,0,1,6,14,21,0,0,13,6,19,0,1,19,20,40,12,0,12,52
06/01/2022,HUT,KS,ACE,CE,Federal Contract Tower,0,2,3,0,5,0,0,0,0,0,0,2,3,0,5,6,0,6,11
06/02/2022,HUT,KS,ACE,CE,Federal Contract Tower,0,0,8,11,19,0,2,35,3,40,0,2,43,14,59,106,18,124,183
06/03/2022,HUT,KS,ACE,CE,Federal Contract Tower,0,0,12,20,32,0,4,34,0,38,0,4,46,20,70,22,24,46,116
06/04/2022,HUT,KS,ACE,CE,Federal Contract Tower,0,2,7,3,12,0,0,9,2,11,0,2,16,5,23,18,0,18,41
06/05/2022,HUT,KS,ACE,CE,Federal Contract Tower,0,0,2,2,4,0,0,19,0,19,0,0,21,2,23,22,0,22,45
06/06/2022,HUT,KS,ACE,CE,Federal Contract Tower,0,0,17,0,17,0,0,7,2,9,0,0,24,2,26,0,0,0,26
06/07/2022,HUT,KS,ACE,CE,Federal Contract Tower,0,2,1,22,25,0,0,17,0,17,0,2,18,22,42,20,20,40,82
06/08/2022,HUT,KS,ACE,CE,Federal Contract Tower,0,0,6,16,22,0,0,22,2,24,0,0,28,18,46,38,24,62,108
06/09/2022,HUT,KS,ACE,CE,Federal Contract Tower,0,0,2,2,4,0,0,17,0,17,0,0,19,2,21,26,0,26,47
06/10/2022,HUT,KS,ACE,CE,Federal Contract Tower,0,4,3,0,7,0,0,12,0,12,0,4,15,0,19,30,0,30,49
06/11/2022,HUT,KS,ACE,CE,Federal Contract Tower,0,0,7,4,11,0,1,24,0,25,0,1,31,4,36,32,6,38,74
06/12/2022,HUT,KS,ACE,CE,Federal Contract Tower,0,2,5,8,15,0,1,15,0,16,0,3,20,8,31,20,0,20,51
06/13/2022,HUT,KS,ACE,CE,Federal Contract Tower,0,4,1,4,9,0,0,6,0,6,0,4,7,4,15,60,6,66,81
06/14/2022,HUT,KS,ACE,CE,Federal Contract Tower,0,0,3,2,5,0,0,8,0,8,0,0,11,2,13,6,0,6,19
06/15/2022,HUT,KS,ACE,CE,Federal Contract Tower,0,4,12,8,24,0,0,17,0,17,0,4,29,8,41,16,16,32,73
06/16/2022,HUT,KS,ACE,CE,Federal Contract Tower,0,4,10,37,51,0,9,23,1,33,0,13,33,38,84,64,44,108,192
06/17/2022,HUT,KS,ACE,CE,Federal Contract Tower,0,5,7,2,14,0,8,20,8,36,0,13,27,10,50,16,0,16,66
06/18/2022,HUT,KS,ACE,CE,Federal Contract Tower,0,1,0,0,1,0,6,18,0,24,0,7,18,0,25,42,0,42,67
06/19/2022,HUT,KS,ACE,CE,Federal Contract Tower,0,1,1,0,2,0,1,22,0,23,0,2,23,0,25,20,0,20,45
06/20/2022,HUT,KS,ACE,CE,Federal Contract Tower,0,4,6,0,10,0,4,11,0,15,0,8,17,0,25,12,0,12,37
06/21/2022,HUT,KS,ACE,CE,Federal Contract Tower,0,1,8,8,17,0,3,45,2,50,0,4,53,10,67,38,6,44,111
06/22/2022,HUT,KS,ACE,CE,Federal Contract Tower,0,7,8,10,25,0,3,9,0,12,0,10,17,10,37,30,0,30,67
06/23/2022,HUT,KS,ACE,CE,Federal Contract Tower,0,2,9,34,45,0,4,23,2,29,0,6,32,36,74,34,34,68,142
06/24/2022,HUT,KS,ACE,CE,Federal Contract Tower,0,0,3,6,9,0,8,13,0,21,0,8,16,6,30,22,4,26,56
06/25/2022,HUT,KS,ACE,CE,Federal Contract Tower,0,0,1,0,1,0,6,8,0,14,0,6,9,0,15,8,0,8,23
06/26/2022,HUT,KS,ACE,CE,Federal Contract Tower,0,0,11,0,11,0,4,10,0,14,0,4,21,0,25,36,0,36,61
06/27/2022,HUT,KS,ACE,CE,Federal Contract Tower,0,7,10,23,40,0,3,36,5,44,0,10,46,28,84,88,28,116,200
06/28/2022,HUT,KS,ACE,CE,Federal Contract Tower,0,6,6,16,28,0,4,34,0,38,0,10,40,16,66,56,4,60,126
06/29/2022,HUT,KS,ACE,CE,Federal Contract Tower,0,0,8,18,26,0,0,28,6,34,0,0,36,24,60,48,0,48,108
06/30/2022,HUT,KS,ACE,CE,Federal Contract Tower,0,2,8,13,23,0,0,28,0,28,0,2,36,13,51,164,14,178,229
07/01/2022,HUT,KS,ACE,CE,Federal Contract Tower,0,2,3,0,5,0,0,17,0,17,0,2,20,0,22,0,0,0,22
07/02/2022,HUT,KS,ACE,CE,Federal Contract Tower,0,2,6,0,8,0,0,12,0,12,0,2,18,0,20,12,0,12,32
07/03/2022,HUT,KS,ACE,CE,Federal Contract Tower,0,2,0,0,2,0,0,11,0,11,0,2,11,0,13,2,0,2,15
07/04/2022,HUT,KS,ACE,CE,Federal Contract Tower,0,0,0,0,0,0,0,8,0,8,0,0,8,0,8,0,0,0,8
07/05/2022,HUT,KS,ACE,CE,Federal Contract Tower,0,2,1,12,15,0,0,7,2,9,0,2,8,14,24,12,6,18,42
07/06/2022,HUT,KS,ACE,CE,Federal Contract Tower,0,0,3,14,17,0,2,21,2,25,0,2,24,16,42,56,22,78,120
07/07/2022,HUT,KS,ACE,CE,Federal Contract Tower,0,0,4,0,4,0,4,27,0,31,0,4,31,0,35,48,0,48,83
07/08/2022,HUT,KS,ACE,CE,Federal Contract Tower,0,6,7,8,21,0,3,3,0,6,0,9,10,8,27,6,0,6,33
07/09/2022,HUT,KS,ACE,CE,Federal Contract Tower,0,0,3,0,3,0,0,14,0,14,0,0,17,0,17,30,0,30,47
07/10/2022,HUT,KS,ACE,CE,Federal Contract Tower,0,5,3,8,16,0,0,23,4,27,0,5,26,12,43,70,14,84,127
07/11/2022,HUT,KS,ACE,CE,Federal Contract Tower,0,0,0,12,12,0,2,2,0,4,0,2,2,12,16,0,24,24,40
07/12/2022,HUT,KS,ACE,CE,Federal Contract Tower,0,2,4,6,12,0,4,45,0,49,0,6,49,6,61,220,2,222,283
07/13/2022,HUT,KS,ACE,CE,Federal Contract Tower,0,6,5,8,19,0,2,17,6,25,0,8,22,14,44,28,2,30,74
07/14/2022,HUT,KS,ACE,CE,Federal Contract Tower,0,4,3,2,9,0,0,24,0,24,0,4,27,2,33,38,0,38,71
07/15/2022,HUT,KS,ACE,CE,Federal Contract Tower,0,2,1,2,5,0,4,29,2,35,0,6,30,4,40,58,4,62,102
07/16/2022,HUT,KS,ACE,CE,Federal Contract Tower,0,3,2,4,9,0,2,22,0,24,0,5,24,4,33,18,4,22,55
07/17/2022,HUT,KS,ACE,CE,Federal Contract Tower,0,2,3,4,9,0,0,8,0,8,0,2,11,4,17,30,0,30,47
07/18/2022,HUT,KS,ACE,CE,Federal Contract Tower,0,0,8,14,22,0,0,27,0,27,0,0,35,14,49,34,22,56,105
07/19/2022,HUT,KS,ACE,CE,Federal Contract Tower,0,2,8,4,14,0,5,18,0,23,0,7,26,4,37,34,8,42,79
07/20/2022,HUT,KS,ACE,CE,Federal Contract Tower,0,2,11,2,15,0,8,18,2,28,0,10,29,4,43,74,0,74,117
07/21/2022,HUT,KS,ACE,CE,Federal Contract Tower,0,2,8,0,10,0,0,24,0,24,0,2,32,0,34,66,0,66,100
07/22/2022,HUT,KS,ACE,CE,Federal Contract Tower,0,5,1,8,14,0,10,23,0,33,0,15,24,8,47,44,4,48,95
07/23/2022,HUT,KS,ACE,CE,Federal Contract Tower,0,2,3,0,5,0,0,14,0,14,0,2,17,0,19,10,0,10,29
07/24/2022,HUT,KS,ACE,CE,Federal Contract Tower,0,4,4,0,8,0,0,24,0,24,0,4,28,0,32,8,0,8,40
07/25/2022,HUT,KS,ACE,CE,Federal Contract Tower,0,1,13,12,26,0,0,16,2,18,0,1,29,14,44,20,6,26,70
07/26/2022,HUT,KS,ACE,CE,Federal Contract Tower,0,0,6,6,12,0,4,47,0,51,0,4,53,6,63,70,4,74,137
07/27/2022,HUT,KS,ACE,CE,Federal Contract Tower,0,2,5,0,7,0,2,14,0,16,0,4,19,0,23,98,0,98,121
07/28/2022,HUT,KS,ACE,CE,Federal Contract Tower,0,2,7,0,9,0,0,12,0,12,0,2,19,0,21,70,0,70,91
07/29/2022,HUT,KS,ACE,CE,Federal Contract Tower,0,4,2,4,10,0,4,5,0,9,0,8,7,4,19,30,0,30,49
07/30/2022,HUT,KS,ACE,CE,Federal Contract Tower,0,2,2,0,4,0,0,3,0,3,0,2,5,0,7,0,0,0,7
07/31/2022,HUT,KS,ACE,CE,Federal Contract Tower,0,0,7,24,31,0,0,12,0,12,0,0,19,24,43,2,2,4,47
08/01/2022,HUT,KS,ACE,CE,Federal Contract Tower,0,2,7,34,43,0,0,13,4,17,0,2,20,38,60,14,72,86,146
08/02/2022,HUT,KS,ACE,CE,Federal Contract Tower,0,2,2,4,8,0,8,16,0,24,0,10,18,4,32,32,0,32,64
08/03/2022,HUT,KS,ACE,CE,Federal Contract Tower,0,4,3,8,15,0,4,25,0,29,0,8,28,8,44,58,2,60,104
08/04/2022,HUT,KS,ACE,CE,Federal Contract Tower,0,1,6,18,25,0,2,32,0,34,0,3,38,18,59,94,26,120,179
08/05/2022,HUT,KS,ACE,CE,Federal Contract Tower,0,3,5,2,10,0,1,21,0,22,0,4,26,2,32,64,0,64,96
08/06/2022,HUT,KS,ACE,CE,Federal Contract Tower,0,0,5,0,5,0,4,11,0,15,0,4,16,0,20,16,0,16,36
08/07/2022,HUT,KS,ACE,CE,Federal Contract Tower,0,2,6,10,18,0,0,7,4,11,0,2,13,14,29,4,8,12,41
08/08/2022,HUT,KS,ACE,CE,Federal Contract Tower,0,0,7,14,21,0,0,18,0,18,0,0,25,14,39,10,40,50,89
08/09/2022,HUT,KS,ACE,CE,Federal Contract Tower,0,0,7,33,40,0,0,9,4,13,0,0,16,37,53,52,16,68,121
08/10/2022,HUT,KS,ACE,CE,Federal Contract Tower,0,2,11,0,13,0,12,26,0,38,0,14,37,0,51,60,0,60,111
08/11/2022,HUT,KS,ACE,CE,Federal Contract Tower,0,0,15,4,19,0,2,37,0,39,0,2,52,4,58,44,0,44,102
08/12/2022,HUT,KS,ACE,CE,Federal Contract Tower,0,6,9,31,46,0,4,16,1,21,0,10,25,32,67,34,8,42,109
08/13/2022,HUT,KS,ACE,CE,Federal Contract Tower,0,0,3,2,5,0,0,20,2,22,0,0,23,4,27,42,0,42,69
08/14/2022,HUT,KS,ACE,CE,Federal Contract Tower,0,2,3,4,9,0,0,15,0,15,0,2,18,4,24,0,4,4,28
08/15/2022,HUT,KS,ACE,CE,Federal Contract Tower,0,0,2,16,18,0,0,15,0,15,0,0,17,16,33,14,10,24,57
08/16/2022,HUT,KS,ACE,CE,Federal Contract Tower,0,4,13,2,19,0,6,13,0,19,0,10,26,2,38,6,0,6,44
08/17/2022,HUT,KS,ACE,CE,Federal Contract Tower,0,4,26,30,60,0,2,22,6,30,0,6,48,36,90,62,26,88,178
08/18/2022,HUT,KS,ACE,CE,Federal Contract Tower,0,5,5,4,14,0,2,34,6,42,0,7,39,10,56,208,0,208,264
08/19/2022,HUT,KS,ACE,CE,Federal Contract Tower,0,3,5,10,18,0,0,16,0,16,0,3,21,10,34,10,30,40,74
08/20/2022,HUT,KS,ACE,CE,Federal Contract Tower,0,0,3,0,3,0,10,41,0,51,0,10,44,0,54,66,0,66,120
08/21/2022,HUT,KS,ACE,CE,Federal Contract Tower,0,1,4,24,29,0,4,37,4,45,0,5,41,28,74,46,16,62,136
08/22/2022,HUT,KS,ACE,CE,Federal Contract Tower,0,6,7,17,30,0,3,26,17,46,0,9,33,34,76,128,20,148,224
08/23/2022,HUT,KS,ACE,CE,Federal Contract Tower,0,0,4,4,8,0,2,18,2,22,0,2,22,6,30,74,4,78,108
08/24/2022,HUT,KS,ACE,CE,Federal Contract Tower,0,7,5,10,22,0,1,27,4,32,0,8,32,14,54,80,6,86,140
08/25/2022,HUT,KS,ACE,CE,Federal Contract Tower,0,0,7,17,24,0,0,27,3,30,0,0,34,20,54,58,14,72,126
08/26/2022,HUT,KS,ACE,CE,Federal Contract Tower,0,2,6,8,16,0,0,11,0,11,0,2,17,8,27,50,0,50,77
08/27/2022,HUT,KS,ACE,CE,Federal Contract Tower,0,0,4,0,4,0,0,19,0,19,0,0,23,0,23,52,0,52,75
08/28/2022,HUT,KS,ACE,CE,Federal Contract Tower,0,0,0,4,4,0,0,15,0,15,0,0,15,4,19,26,0,26,45
08/29/2022,HUT,KS,ACE,CE,Federal Contract Tower,0,0,6,16,22,0,0,11,2,13,0,0,17,18,35,48,18,66,101
08/30/2022,HUT,KS,ACE,CE,Federal Contract Tower,0,1,5,23,29,0,4,23,5,32,0,5,28,28,61,40,26,66,127
08/31/2022,HUT,KS,ACE,CE,Federal Contract Tower,0,1,7,18,26,0,2,15,0,17,0,3,22,18,43,60,6,66,109
09/01/2022,HUT,KS,ACE,CE,Federal Contract Tower,0,2,2,17,21,0,0,26,1,27,0,2,28,18,48,52,10,62,110
09/02/2022,HUT,KS,ACE,CE,Federal Contract Tower,0,7,6,0,13,0,21,19,0,40,0,28,25,0,53,22,0,22,75
09/03/2022,HUT,KS,ACE,CE,Federal Contract Tower,0,0,3,0,3,0,2,14,0,16,0,2,17,0,19,10,0,10,29
09/04/2022,HUT,KS,ACE,CE,Federal Contract Tower,0,1,2,0,3,0,1,13,0,14,0,2,15,0,17,26,0,26,43
09/05/2022,HUT,KS,ACE,CE,Federal Contract Tower,0,0,8,0,8,0,0,5,0,5,0,0,13,0,13,6,0,6,19
09/06/2022,HUT,KS,ACE,CE,Federal Contract Tower,0,0,2,6,8,0,4,10,0,14,0,4,12,6,22,22,18,40,62
09/07/2022,HUT,KS,ACE,CE,Federal Contract Tower,0,0,10,11,21,0,10,24,5,39,0,10,34,16,60,42,2,44,104
09/08/2022,HUT,KS,ACE,CE,Federal Contract Tower,0,3,5,26,34,0,11,21,2,34,0,14,26,28,68,46,22,68,136
09/09/2022,HUT,KS,ACE,CE,Federal Contract Tower,0,1,6,11,18,0,3,20,2,25,0,4,26,13,43,30,10,40,83
09/10/2022,HUT,KS,ACE,CE,Federal Contract Tower,0,4,6,0,10,0,0,9,0,9,0,4,15,0,19,8,0,8,27
09/11/2022,HUT,KS,ACE,CE,Federal Contract Tower,0,0,7,0,7,0,0,36,0,36,0,0,43,0,43,22,0,22,65
09/12/2022,HUT,KS,ACE,CE,Federal Contract Tower,0,0,4,8,12,0,0,15,0,15,0,0,19,8,27,18,6,24,51
09/13/2022,HUT,KS,ACE,CE,Federal Contract Tower,0,1,2,10,13,0,8,9,2,19,0,9,11,12,32,20,24,44,76
09/14/2022,HUT,KS,ACE,CE,Federal Contract Tower,0,3,4,14,21,0,2,14,0,16,0,5,18,14,37,16,6,22,59
09/15/2022,HUT,KS,ACE,CE,Federal Contract Tower,0,0,9,7,16,0,0,11,11,22,0,0,20,18,38,16,14,30,68
09/16/2022,HUT,KS,ACE,CE,Federal Contract Tower,0,2,0,0,2,0,0,17,0,17,0,2,17,0,19,66,0,66,85
09/17/2022,HUT,KS,ACE,CE,Federal Contract Tower,0,0,4,0,4,0,0,22,0,22,0,0,26,0,26,14,0,14,40
09/18/2022,HUT,KS,ACE,CE,Federal Contract Tower,0,0,1,9,10,0,2,9,6,17,0,2,10,15,27,2,20,22,49
09/19/2022,HUT,KS,ACE,CE,Federal Contract Tower,0,2,7,12,21,0,0,21,0,21,0,2,28,12,42,116,12,128,170
09/20/2022,HUT,KS,ACE,CE,Federal Contract Tower,0,5,9,8,22,0,5,2,0,7,0,10,11,8,29,4,8,12,41
09/21/2022,HUT,KS,ACE,CE,Federal Contract Tower,0,4,16,0,20,0,2,38,8,48,0,6,54,8,68,44,0,44,112
09/22/2022,HUT,KS,ACE,CE,Federal Contract Tower,0,0,13,2,15,0,2,0,0,2,0,2,13,2,17,6,0,6,23
09/23/2022,HUT,KS,ACE,CE,Federal Contract Tower,0,1,12,12,25,0,2,26,2,30,0,3,38,14,55,76,0,76,131
09/24/2022,HUT,KS,ACE,CE,Federal Contract Tower,0,0,0,0,0,0,0,9,0,9,0,0,9,0,9,28,0,28,37
09/25/2022,HUT,KS,ACE,CE,Federal Contract Tower,0,0,1,7,8,0,0,14,9,23,0,0,15,16,31,22,26,48,79
09/26/2022,HUT,KS,ACE,CE,Federal Contract Tower,0,1,1,2,4,0,0,15,0,15,0,1,16,2,19,40,0,40,59
09/27/2022,HUT,KS,ACE,CE,Federal Contract Tower,0,0,0,28,28,0,0,36,0,36,0,0,36,28,64,38,10,48,112
09/28/2022,HUT,KS,ACE,CE,Federal Contract Tower,0,3,11,5,19,0,3,11,3,17,0,6,22,8,36,18,8,26,62
09/29/2022,HUT,KS,ACE,CE,Federal Contract Tower,0,0,3,9,12,0,3,17,0,20,0,3,20,9,32,50,4,54,86
09/30/2022,HUT,KS,ACE,CE,Federal Contract Tower,0,2,1,16,19,0,1,26,0,27,0,3,27,16,46,56,34,90,136
10/01/2022,HUT,KS,ACE,CE,Federal Contract Tower,0,0,5,0,5,0,0,19,0,19,0,0,24,0,24,32,0,32,56
10/02/2022,HUT,KS,ACE,CE,Federal Contract Tower,0,0,6,2,8,0,0,24,2,26,0,0,30,4,34,42,4,46,80
10/03/2022,HUT,KS,ACE,CE,Federal Contract Tower,0,2,1,10,13,0,28,17,2,47,0,30,18,12,60,52,16,68,128
10/04/2022,HUT,KS,ACE,CE,Federal Contract Tower,0,1,2,12,15,0,2,13,2,17,0,3,15,14,32,46,24,70,102
10/05/2022,HUT,KS,ACE,CE,Federal Contract Tower,0,2,16,31,49,0,0,23,3,26,0,2,39,34,75,34,58,92,167
10/06/2022,HUT,KS,ACE,CE,Federal Contract Tower,0,4,11,21,36,0,2,22,1,25,0,6,33,22,61,62,24,86,147
10/07/2022,HUT,KS,ACE,CE,Federal Contract Tower,0,0,15,8,23,0,0,19,0,19,0,0,34,8,42,52,0,52,94
10/08/2022,HUT,KS,ACE,CE,Federal Contract Tower,0,6,0,0,6,0,0,17,0,17,0,6,17,0,23,18,0,18,41
10/09/2022,HUT,KS,ACE,CE,Federal Contract Tower,0,0,6,0,6,0,0,23,0,23,0,0,29,0,29,26,0,26,55
10/10/2022,HUT,KS,ACE,CE,Federal Contract Tower,0,0,3,2,5,0,2,21,2,25,0,2,24,4,30,44,0,44,74
10/11/2022,HUT,KS,ACE,CE,Federal Contract Tower,0,0,9,13,22,0,0,16,1,17,0,0,25,14,39,20,0,20,59
10/12/2022,HUT,KS,ACE,CE,Federal Contract Tower,0,2,9,22,33,0,2,25,0,27,0,4,34,22,60,44,10,54,114
10/13/2022,HUT,KS,ACE,CE,Federal Contract Tower,0,8,8,7,23,0,6,21,0,27,0,14,29,7,50,54,8,62,112
10/14/2022,HUT,KS,ACE,CE,Federal Contract Tower,0,0,10,2,12,0,2,21,6,29,0,2,31,8,41,10,0,10,51
10/15/2022,HUT,KS,ACE,CE,Federal Contract Tower,0,0,4,0,4,0,0,32,0,32,0,0,36,0,36,16,0,16,52
10/16/2022,HUT,KS,ACE,CE,Federal Contract Tower,0,3,3,37,43,0,0,33,0,33,0,3,36,37,76,44,18,62,138
10/17/2022,HUT,KS,ACE,CE,Federal Contract Tower,0,2,7,19,28,0,7,15,1,23,0,9,22,20,51,20,22,42,93
10/18/2022,HUT,KS,ACE,CE,Federal Contract Tower,0,1,11,22,34,0,0,22,6,28,0,1,33,28,62,94,16,110,172
10/19/2022,HUT,KS,ACE,CE,Federal Contract Tower,0,0,13,0,13,0,0,22,0,22,0,0,35,0,35,54,0,54,89
10/20/2022,HUT,KS,ACE,CE,Federal Contract Tower,0,0,13,19,32,0,2,36,1,39,0,2,49,20,71,46,0,46,117
10/21/2022,HUT,KS,ACE,CE,Federal Contract Tower,0,2,5,0,7,0,0,23,0,23,0,2,28,0,30,24,0,24,54
10/22/2022,HUT,KS,ACE,CE,Federal Contract Tower,0,1,2,0,3,0,0,7,0,7,0,1,9,0,10,0,0,0,10
10/23/2022,HUT,KS,ACE,CE,Federal Contract Tower,0,0,5,0,5,0,3,4,0,7,0,3,9,0,12,2,0,2,14
10/24/2022,HUT,KS,ACE,CE,Federal Contract Tower,0,2,3,0,5,0,6,7,0,13,0,8,10,0,18,32,0,32,50
10/25/2022,HUT,KS,ACE,CE,Federal Contract Tower,0,0,12,26,38,0,16,20,6,42,0,16,32,32,80,50,18,68,148
10/26/2022,HUT,KS,ACE,CE,Federal Contract Tower,0,0,18,4,22,0,8,17,0,25,0,8,35,4,47,28,0,28,75
10/27/2022,HUT,KS,ACE,CE,Federal Contract Tower,0,2,2,2,6,0,2,18,2,22,0,4,20,4,28,22,0,22,50
10/28/2022,HUT,KS,ACE,CE,Federal Contract Tower,0,1,4,19,24,0,6,20,0,26,0,7,24,19,50,28,0,28,78
10/29/2022,HUT,KS,ACE,CE,Federal Contract Tower,0,0,12,2,14,0,2,32,0,34,0,2,44,2,48,70,0,70,118
10/30/2022,HUT,KS,ACE,CE,Federal Contract Tower,0,0,3,2,5,0,2,57,0,59,0,2,60,2,64,44,0,44,108
10/31/2022,HUT,KS,ACE,CE,Federal Contract Tower,0,2,3,3,8,0,1,43,1,45,0,3,46,4,53,94,14,108,161
11/01/2022,HUT,KS,ACE,CE,Federal Contract Tower,0,0,6,8,14,0,0,33,0,33,0,0,39,8,47,62,10,72,119
11/02/2022,HUT,KS,ACE,CE,Federal Contract Tower,0,0,2,22,24,0,2,9,2,13,0,2,11,24,37,30,4,34,71
11/03/2022,HUT,KS,ACE,CE,Federal Contract Tower,0,0,6,2,8,0,0,0,2,2,0,0,6,4,10,86,0,86,96
11/04/2022,HUT,KS,ACE,CE,Federal Contract Tower,0,4,5,0,9,0,0,0,0,0,0,4,5,0,9,28,0,28,37
11/05/2022,HUT,KS,ACE,CE,Federal Contract Tower,0,0,3,0,3,0,2,23,0,25,0,2,26,0,28,28,0,28,56
11/06/2022,HUT,KS,ACE,CE,Federal Contract Tower,0,0,8,0,8,0,0,26,0,26,0,0,34,0,34,106,0,106,140
11/07/2022,HUT,KS,ACE,CE,Federal Contract Tower,0,2,8,9,19,0,0,13,1,14,0,2,21,10,33,42,22,64,97
11/08/2022,HUT,KS,ACE,CE,Federal Contract Tower,0,2,16,0,18,0,0,0,0,0,0,2,16,0,18,10,0,10,28
11/09/2022,HUT,KS,ACE,CE,Federal Contract Tower,0,0,6,4,10,0,0,8,0,8,0,0,14,4,18,20,6,26,44
11/10/2022,HUT,KS,ACE,CE,Federal Contract Tower,0,2,19,16,37,0,6,4,7,17,0,8,23,23,54,32,34,66,120
11/11/2022,HUT,KS,ACE,CE,Federal Contract Tower,0,0,11,0,11,0,0,26,0,26,0,0,37,0,37,32,0,32,69
11/12/2022,HUT,KS,ACE,CE,Federal Contract Tower,0,0,7,0,7,0,0,36,0,36,0,0,43,0,43,58,0,58,101
11/13/2022,HUT,KS,ACE,CE,Federal Contract Tower,0,0,1,4,5,0,0,14,0,14,0,0,15,4,19,14,4,18,37
11/14/2022,HUT,KS,ACE,CE,Federal Contract Tower,0,0,13,0,13,0,0,4,0,4,0,0,17,0,17,22,0,22,39
11/15/2022,HUT,KS,ACE,CE,Federal Contract Tower,0,0,7,7,14,0,2,18,1,21,0,2,25,8,35,132,0,132,167
11/16/2022,HUT,KS,ACE,CE,Federal Contract Tower,0,0,15,4,19,0,0,26,0,26,0,0,41,4,45,70,28,98,143
11/17/2022,HUT,KS,ACE,CE,Federal Contract Tower,0,2,7,0,9,0,5,19,2,26,0,7,26,2,35,76,0,76,111
11/18/2022,HUT,KS,ACE,CE,Federal Contract Tower,0,1,5,14,20,0,2,9,0,11,0,3,14,14,31,36,6,42,73
11/19/2022,HUT,KS,ACE,CE,Federal Contract Tower,0,0,6,0,6,0,0,25,0,25,0,0,31,0,31,96,0,96,127
11/20/2022,HUT,KS,ACE,CE,Federal Contract Tower,0,2,9,0,11,0,0,26,0,26,0,2,35,0,37,24,0,24,61
11/21/2022,HUT,KS,ACE,CE,Federal Contract Tower,0,11,7,10,28,0,10,37,4,51,0,21,44,14,79,76,18,94,173
11/22/2022,HUT,KS,ACE,CE,Federal Contract Tower,0,0,6,10,16,0,6,24,6,36,0,6,30,16,52,56,12,68,120
11/23/2022,HUT,KS,ACE,CE,Federal Contract Tower,0,2,4,2,8,0,1,4,0,5,0,3,8,2,13,26,0,26,39
11/24/2022,HUT,KS,ACE,CE,Federal Contract Tower,0,0,0,0,0,0,0,2,0,2,0,0,2,0,2,4,0,4,6
11/25/2022,HUT,KS,ACE,CE,Federal Contract Tower,0,0,0,0,0,0,2,9,0,11,0,2,9,0,11,14,0,14,25
11/26/2022,HUT,KS,ACE,CE,Federal Contract Tower,0,0,2,0,2,0,0,8,0,8,0,0,10,0,10,2,0,2,12
11/27/2022,HUT,KS,ACE,CE,Federal Contract Tower,0,0,6,0,6,0,0,23,0,23,0,0,29,0,29,50,0,50,79
11/28/2022,HUT,KS,ACE,CE,Federal Contract Tower,0,5,9,17,31,0,4,27,5,36,0,9,36,22,67,202,16,218,285
11/29/2022,HUT,KS,ACE,CE,Federal Contract Tower,0,0,5,4,9,0,0,1,0,1,0,0,6,4,10,6,4,10,20
11/30/2022,HUT,KS,ACE,CE,Federal Contract Tower,0,2,8,18,28,0,0,23,8,31,0,2,31,26,59,148,18,166,225
12/01/2022,HUT,KS,ACE,CE,Federal Contract Tower,0,2,4,0,6,0,0,1,4,5,0,2,5,4,11,120,0,120,131
12/02/2022,HUT,KS,ACE,CE,Federal Contract Tower,0,4,3,0,7,0,2,20,0,22,0,6,23,0,29,44,0,44,73
12/03/2022,HUT,KS,ACE,CE,Federal Contract Tower,0,6,14,0,20,0,0,24,0,24,0,6,38,0,44,42,0,42,86
12/04/2022,HUT,KS,ACE,CE,Federal Contract Tower,0,1,4,0,5,0,2,34,0,36,0,3,38,0,41,62,0,62,103
12/05/2022,HUT,KS,ACE,CE,Federal Contract Tower,0,3,9,12,24,0,0,22,2,24,0,3,31,14,48,64,10,74,122
12/06/2022,HUT,KS,ACE,CE,Federal Contract Tower,0,3,10,13,26,0,4,15,1,20,0,7,25,14,46,56,18,74,120
12/07/2022,HUT,KS,ACE,CE,Federal Contract Tower,0,6,13,6,25,0,2,6,4,12,0,8,19,10,37,52,26,78,115
12/08/2022,HUT,KS,ACE,CE,Federal Contract Tower,0,2,7,0,9,0,0,0,1,1,0,2,7,1,10,0,0,0,10
12/09/2022,HUT,KS,ACE,CE,Federal Contract Tower,0,2,8,23,33,0,2,20,4,26,0,4,28,27,59,0,12,12,71
12/10/2022,HUT,KS,ACE,CE,Federal Contract Tower,0,7,6,9,22,0,3,26,2,31,0,10,32,11,53,24,14,38,91
12/11/2022,HUT,KS,ACE,CE,Federal Contract Tower,0,1,5,5,11,0,0,0,0,0,0,1,5,5,11,0,6,6,17
12/12/2022,HUT,KS,ACE,CE,Federal Contract Tower,0,0,1,4,5,0,0,0,0,0,0,0,1,4,5,0,0,0,5
12/13/2022,HUT,KS,ACE,CE,Federal Contract Tower,0,0,3,13,16,0,0,9,3,12,0,0,12,16,28,18,2,20,48
12/14/2022,HUT,KS,ACE,CE,Federal Contract Tower,0,0,3,16,19,0,6,19,0,25,0,6,22,16,44,180,4,184,228
12/15/2022,HUT,KS,ACE,CE,Federal Contract Tower,0,2,19,0,21,0,0,23,2,25,0,2,42,2,46,62,0,62,108
12/16/2022,HUT,KS,ACE,CE,Federal Contract Tower,0,6,10,8,24,0,3,11,4,18,0,9,21,12,42,12,8,20,62
12/17/2022,HUT,KS,ACE,CE,Federal Contract Tower,0,0,6,0,6,0,0,19,0,19,0,0,25,0,25,2,0,2,27
12/18/2022,HUT,KS,ACE,CE,Federal Contract Tower,0,0,4,0,4,0,0,31,0,31,0,0,35,0,35,26,0,26,61
12/19/2022,HUT,KS,ACE,CE,Federal Contract Tower,0,4,11,0,15,0,4,17,0,21,0,8,28,0,36,24,0,24,60
12/20/2022,HUT,KS,ACE,CE,Federal Contract Tower,0,0,7,4,11,0,0,2,0,2,0,0,9,4,13,6,6,12,25
12/21/2022,HUT,KS,ACE,CE,Federal Contract Tower,0,2,2,0,4,0,0,0,0,0,0,2,2,0,4,0,0,0,4
12/22/2022,HUT,KS,ACE,CE,Federal Contract Tower,0,3,0,0,3,0,0,8,0,8,0,3,8,0,11,14,0,14,25
12/23/2022,HUT,KS,ACE,CE,Federal Contract Tower,0,0,2,0,2,0,0,5,0,5,0,0,7,0,7,0,0,0,7
12/24/2022,HUT,KS,ACE,CE,Federal Contract Tower,0,0,0,0,0,0,2,3,0,5,0,2,3,0,5,0,0,0,5
12/25/2022,HUT,KS,ACE,CE,Federal Contract Tower,0,0,0,0,0,0,0,0,0,0,0,0,0,0,0,0,0,0,0
12/26/2022,HUT,KS,ACE,CE,Federal Contract Tower,0,0,1,0,1,0,0,0,0,0,0,0,1,0,1,0,0,0,1
12/27/2022,HUT,KS,ACE,CE,Federal Contract Tower,0,5,7,0,12,0,0,10,0,10,0,5,17,0,22,2,0,2,24
12/28/2022,HUT,KS,ACE,CE,Federal Contract Tower,0,0,4,0,4,0,0,16,0,16,0,0,20,0,20,40,0,40,60
12/29/2022,HUT,KS,ACE,CE,Federal Contract Tower,0,2,8,2,12,0,0,13,0,13,0,2,21,2,25,14,0,14,39
12/30/2022,HUT,KS,ACE,CE,Federal Contract Tower,0,2,9,0,11,0,2,29,0,31,0,4,38,0,42,52,0,52,94
12/31/2022,HUT,KS,ACE,CE,Federal Contract Tower,0,0,5,0,5,0,1,22,0,23,0,1,27,0,28,28,0,28,56
01/01/2023,HUT,KS,ACE,CE,Federal Contract Tower,0,1,8,0,9,0,0,9,0,9,0,1,17,0,18,0,0,0,18
01/02/2023,HUT,KS,ACE,CE,Federal Contract Tower,0,2,3,0,5,0,0,0,0,0,0,2,3,0,5,0,0,0,5
01/03/2023,HUT,KS,ACE,CE,Federal Contract Tower,0,0,2,0,2,0,0,12,6,18,0,0,14,6,20,30,0,30,50
01/04/2023,HUT,KS,ACE,CE,Federal Contract Tower,0,0,13,18,31,0,4,32,6,42,0,4,45,24,73,48,12,60,133
01/05/2023,HUT,KS,ACE,CE,Federal Contract Tower,0,4,5,5,14,0,8,12,3,23,0,12,17,8,37,60,10,70,107
01/06/2023,HUT,KS,ACE,CE,Federal Contract Tower,0,3,2,6,11,0,0,31,8,39,0,3,33,14,50,44,12,56,106
01/07/2023,HUT,KS,ACE,CE,Federal Contract Tower,0,8,5,0,13,0,0,13,2,15,0,8,18,2,28,10,0,10,38
01/08/2023,HUT,KS,ACE,CE,Federal Contract Tower,0,2,11,0,13,0,0,23,0,23,0,2,34,0,36,14,0,14,50
01/09/2023,HUT,KS,ACE,CE,Federal Contract Tower,0,1,8,14,23,0,6,14,0,20,0,7,22,14,43,34,20,54,97
01/10/2023,HUT,KS,ACE,CE,Federal Contract Tower,0,2,3,3,8,0,3,26,2,31,0,5,29,5,39,26,6,32,71
01/11/2023,HUT,KS,ACE,CE,Federal Contract Tower,0,4,8,16,28,0,2,12,4,18,0,6,20,20,46,14,22,36,82
01/12/2023,HUT,KS,ACE,CE,Federal Contract Tower,0,0,0,5,5,0,0,6,3,9,0,0,6,8,14,8,0,8,22
01/13/2023,HUT,KS,ACE,CE,Federal Contract Tower,0,1,10,0,11,0,3,21,0,24,0,4,31,0,35,36,0,36,71
01/14/2023,HUT,KS,ACE,CE,Federal Contract Tower,0,0,2,0,2,0,0,22,0,22,0,0,24,0,24,70,0,70,94
01/15/2023,HUT,KS,ACE,CE,Federal Contract Tower,0,2,2,0,4,0,0,5,0,5,0,2,7,0,9,0,0,0,9
01/16/2023,HUT,KS,ACE,CE,Federal Contract Tower,0,0,5,0,5,0,1,18,0,19,0,1,23,0,24,40,0,40,64
01/17/2023,HUT,KS,ACE,CE,Federal Contract Tower,0,3,3,16,22,0,5,27,0,32,0,8,30,16,54,18,6,24,78
01/18/2023,HUT,KS,ACE,CE,Federal Contract Tower,0,6,4,0,10,0,0,1,0,1,0,6,5,0,11,0,0,0,11
01/19/2023,HUT,KS,ACE,CE,Federal Contract Tower,0,2,10,8,20,0,1,10,0,11,0,3,20,8,31,30,4,34,65
01/20/2023,HUT,KS,ACE,CE,Federal Contract Tower,0,1,6,3,10,0,4,37,2,43,0,5,43,5,53,70,18,88,141
01/21/2023,HUT,KS,ACE,CE,Federal Contract Tower,0,0,0,0,0,0,0,0,0,0,0,0,0,0,0,0,0,0,0
01/22/2023,HUT,KS,ACE,CE,Federal Contract Tower,0,0,14,0,14,0,0,5,0,5,0,0,19,0,19,8,0,8,27
01/23/2023,HUT,KS,ACE,CE,Federal Contract Tower,0,1,5,8,14,0,2,20,0,22,0,3,25,8,36,12,6,18,54
01/24/2023,HUT,KS,ACE,CE,Federal Contract Tower,0,2,0,0,2,0,0,0,0,0,0,2,0,0,2,0,0,0,2
01/25/2023,HUT,KS,ACE,CE,Federal Contract Tower,0,0,10,2,12,0,4,11,2,17,0,4,21,4,29,18,0,18,47
01/26/2023,HUT,KS,ACE,CE,Federal Contract Tower,0,3,15,10,28,0,0,26,0,26,0,3,41,10,54,54,8,62,116
01/27/2023,HUT,KS,ACE,CE,Federal Contract Tower,0,2,7,10,19,0,0,31,8,39,0,2,38,18,58,44,8,52,110
01/28/2023,HUT,KS,ACE,CE,Federal Contract Tower,0,2,1,0,3,0,0,11,0,11,0,2,12,0,14,30,0,30,44
01/29/2023,HUT,KS,ACE,CE,Federal Contract Tower,0,0,5,0,5,0,0,0,0,0,0,0,5,0,5,0,0,0,5
01/30/2023,HUT,KS,ACE,CE,Federal Contract Tower,0,3,10,1,14,0,0,2,1,3,0,3,12,2,17,6,0,6,23
01/31/2023,HUT,KS,ACE,CE,Federal Contract Tower,0,1,3,21,25,0,2,14,5,21,0,3,17,26,46,14,22,36,82
02/01/2023,HUT,KS,ACE,CE,Federal Contract Tower,0,0,9,24,33,0,6,31,2,39,0,6,40,26,72,68,6,74,146
02/02/2023,HUT,KS,ACE,CE,Federal Contract Tower,0,2,1,24,27,0,6,21,8,35,0,8,22,32,62,64,28,92,154
02/03/2023,HUT,KS,ACE,CE,Federal Contract Tower,0,1,9,14,24,0,10,37,0,47,0,11,46,14,71,34,6,40,111
02/04/2023,HUT,KS,ACE,CE,Federal Contract Tower,0,0,2,0,2,0,0,12,2,14,0,0,14,2,16,4,0,4,20
02/05/2023,HUT,KS,ACE,CE,Federal Contract Tower,0,0,5,0,5,0,2,44,0,46,0,2,49,0,51,60,0,60,111
02/06/2023,HUT,KS,ACE,CE,Federal Contract Tower,0,0,10,10,20,0,1,5,2,8,0,1,15,12,28,12,12,24,52
02/07/2023,HUT,KS,ACE,CE,Federal Contract Tower,0,2,5,36,43,0,5,18,0,23,0,7,23,36,66,38,32,70,136
02/08/2023,HUT,KS,ACE,CE,Federal Contract Tower,0,0,2,4,6,0,2,4,0,6,0,2,6,4,12,6,0,6,18
02/09/2023,HUT,KS,ACE,CE,Federal Contract Tower,0,2,0,0,2,0,0,12,0,12,0,2,12,0,14,22,0,22,36
02/10/2023,HUT,KS,ACE,CE,Federal Contract Tower,0,1,6,2,9,0,6,15,6,27,0,7,21,8,36,10,0,10,46
02/11/2023,HUT,KS,ACE,CE,Federal Contract Tower,0,1,1,0,2,0,4,25,0,29,0,5,26,0,31,20,0,20,51
02/12/2023,HUT,KS,ACE,CE,Federal Contract Tower,0,0,3,4,7,0,0,6,0,6,0,0,9,4,13,6,4,10,23
02/13/2023,HUT,KS,ACE,CE,Federal Contract Tower,0,0,3,12,15,0,5,32,4,41,0,5,35,16,56,80,22,102,158
02/14/2023,HUT,KS,ACE,CE,Federal Contract Tower,0,9,11,0,20,0,6,7,0,13,0,15,18,0,33,18,0,18,51
02/15/2023,HUT,KS,ACE,CE,Federal Contract Tower,0,0,8,0,8,0,0,4,4,8,0,0,12,4,16,48,0,48,64
02/16/2023,HUT,KS,ACE,CE,Federal Contract Tower,0,3,3,6,12,0,0,1,0,1,0,3,4,6,13,0,0,0,13
02/17/2023,HUT,KS,ACE,CE,Federal Contract Tower,0,1,5,6,12,0,0,25,0,25,0,1,30,6,37,46,4,50,87
02/18/2023,HUT,KS,ACE,CE,Federal Contract Tower,0,2,1,0,3,0,0,5,0,5,0,2,6,0,8,2,0,2,10
02/19/2023,HUT,KS,ACE,CE,Federal Contract Tower,0,0,6,0,6,0,0,41,0,41,0,0,47,0,47,34,0,34,81
02/20/2023,HUT,KS,ACE,CE,Federal Contract Tower,0,0,8,0,8,0,4,39,6,49,0,4,47,6,57,68,0,68,125
02/21/2023,HUT,KS,ACE,CE,Federal Contract Tower,0,0,12,12,24,0,9,22,0,31,0,9,34,12,55,22,14,36,91
02/22/2023,HUT,KS,ACE,CE,Federal Contract Tower,0,4,0,2,6,0,2,4,6,12,0,6,4,8,18,26,14,40,58
02/23/2023,HUT,KS,ACE,CE,Federal Contract Tower,0,5,4,16,25,0,12,27,14,53,0,17,31,30,78,54,0,54,132
02/24/2023,HUT,KS,ACE,CE,Federal Contract Tower,0,1,8,0,9,0,0,19,0,19,0,1,27,0,28,54,0,54,82
02/25/2023,HUT,KS,ACE,CE,Federal Contract Tower,0,4,1,0,5,0,0,14,0,14,0,4,15,0,19,26,0,26,45
02/26/2023,HUT,KS,ACE,CE,Federal Contract Tower,0,0,0,4,4,0,0,3,0,3,0,0,3,4,7,2,0,2,9
02/27/2023,HUT,KS,ACE,CE,Federal Contract Tower,0,0,5,4,9,0,0,35,6,41,0,0,40,10,50,82,12,94,144
02/28/2023,HUT,KS,ACE,CE,Federal Contract Tower,0,0,5,6,11,0,6,42,0,48,0,6,47,6,59,56,4,60,119
03/01/2023,HUT,KS,ACE,CE,Federal Contract Tower,0,0,6,5,11,0,0,42,1,43,0,0,48,6,54,88,2,90,144
03/02/2023,HUT,KS,ACE,CE,Federal Contract Tower,0,2,3,0,5,0,0,4,0,4,0,2,7,0,9,10,0,10,19
03/03/2023,HUT,KS,ACE,CE,Federal Contract Tower,0,4,1,1,6,0,6,31,3,40,0,10,32,4,46,40,0,40,86
03/04/2023,HUT,KS,ACE,CE,Federal Contract Tower,0,2,2,0,4,0,2,49,0,51,0,4,51,0,55,82,0,82,137
03/05/2023,HUT,KS,ACE,CE,Federal Contract Tower,0,0,2,0,2,0,0,4,0,4,0,0,6,0,6,2,0,2,8
03/06/2023,HUT,KS,ACE,CE,Federal Contract Tower,0,1,7,8,16,0,0,28,4,32,0,1,35,12,48,54,10,64,112
03/07/2023,HUT,KS,ACE,CE,Federal Contract Tower,0,0,10,21,31,0,0,12,3,15,0,0,22,24,46,14,32,46,92
03/08/2023,HUT,KS,ACE,CE,Federal Contract Tower,0,0,1,0,1,0,0,11,0,11,0,0,12,0,12,70,0,70,82
03/09/2023,HUT,KS,ACE,CE,Federal Contract Tower,0,0,8,0,8,0,0,8,0,8,0,0,16,0,16,52,0,52,68
03/10/2023,HUT,KS,ACE,CE,Federal Contract Tower,0,2,7,4,13,0,0,23,2,25,0,2,30,6,38,62,0,62,100
03/11/2023,HUT,KS,ACE,CE,Federal Contract Tower,0,0,4,0,4,0,0,2,0,2,0,0,6,0,6,0,0,0,6
03/12/2023,HUT,KS,ACE,CE,Federal Contract Tower,0,0,3,0,3,0,0,20,0,20,0,0,23,0,23,26,0,26,49
03/13/2023,HUT,KS,ACE,CE,Federal Contract Tower,0,0,6,0,6,0,0,31,0,31,0,0,37,0,37,70,0,70,107
03/14/2023,HUT,KS,ACE,CE,Federal Contract Tower,0,2,6,2,10,0,0,26,0,26,0,2,32,2,36,30,0,30,66
03/15/2023,HUT,KS,ACE,CE,Federal Contract Tower,0,1,9,2,12,0,3,2,0,5,0,4,11,2,17,0,4,4,21
03/16/2023,HUT,KS,ACE,CE,Federal Contract Tower,0,0,2,1,3,0,0,0,0,0,0,0,2,1,3,6,0,6,9
03/17/2023,HUT,KS,ACE,CE,Federal Contract Tower,0,0,11,13,24,0,0,33,0,33,0,0,44,13,57,60,34,94,151
03/18/2023,HUT,KS,ACE,CE,Federal Contract Tower,0,0,7,0,7,0,0,12,0,12,0,0,19,0,19,22,0,22,41
03/19/2023,HUT,KS,ACE,CE,Federal Contract Tower,0,4,13,4,21,0,1,58,0,59,0,5,71,4,80,88,4,92,172
03/20/2023,HUT,KS,ACE,CE,Federal Contract Tower,0,7,1,4,12,0,0,4,2,6,0,7,5,6,18,16,4,20,38
03/21/2023,HUT,KS,ACE,CE,Federal Contract Tower,0,0,7,10,17,0,0,6,0,6,0,0,13,10,23,6,2,8,31
03/22/2023,HUT,KS,ACE,CE,Federal Contract Tower,0,0,16,12,28,0,12,18,6,36,0,12,34,18,64,60,32,92,156
03/23/2023,HUT,KS,ACE,CE,Federal Contract Tower,0,0,6,26,32,0,2,21,5,28,0,2,27,31,60,102,18,120,180
03/24/2023,HUT,KS,ACE,CE,Federal Contract Tower,0,0,11,4,15,0,0,13,0,13,0,0,24,4,28,4,0,4,32
03/25/2023,HUT,KS,ACE,CE,Federal Contract Tower,0,2,2,0,4,0,0,27,0,27,0,2,29,0,31,66,0,66,97
03/26/2023,HUT,KS,ACE,CE,Federal Contract Tower,0,0,4,0,4,0,0,15,0,15,0,0,19,0,19,42,0,42,61
03/27/2023,HUT,KS,ACE,CE,Federal Contract Tower,0,4,6,4,14,0,0,18,0,18,0,4,24,4,32,32,0,32,64
03/28/2023,HUT,KS,ACE,CE,Federal Contract Tower,0,0,4,10,14,0,0,24,0,24,0,0,28,10,38,52,12,64,102
03/29/2023,HUT,KS,ACE,CE,Federal Contract Tower,0,0,3,0,3,0,2,16,0,18,0,2,19,0,21,58,0,58,79
03/30/2023,HUT,KS,ACE,CE,Federal Contract Tower,0,4,1,0,5,0,0,2,0,2,0,4,3,0,7,16,0,16,23
03/31/2023,HUT,KS,ACE,CE,Federal Contract Tower,0,2,11,0,13,0,6,10,0,16,0,8,21,0,29,18,0,18,47
04/01/2023,HUT,KS,ACE,CE,Federal Contract Tower,0,0,2,2,4,0,0,22,6,28,0,0,24,8,32,68,0,68,100
04/02/2023,HUT,KS,ACE,CE,Federal Contract Tower,0,0,0,0,0,0,1,21,0,22,0,1,21,0,22,38,0,38,60
04/03/2023,HUT,KS,ACE,CE,Federal Contract Tower,0,6,5,1,12,0,1,31,3,35,0,7,36,4,47,68,2,70,117
04/04/2023,HUT,KS,ACE,CE,Federal Contract Tower,0,4,0,10,14,0,0,12,0,12,0,4,12,10,26,26,8,34,60
04/05/2023,HUT,KS,ACE,CE,Federal Contract Tower,0,0,7,14,21,0,2,26,0,28,0,2,33,14,49,54,4,58,107
04/06/2023,HUT,KS,ACE,CE,Federal Contract Tower,0,0,3,10,13,0,6,25,2,33,0,6,28,12,46,64,0,64,110
04/07/2023,HUT,KS,ACE,CE,Federal Contract Tower,0,0,7,0,7,0,12,37,1,50,0,12,44,1,57,80,0,80,137
04/08/2023,HUT,KS,ACE,CE,Federal Contract Tower,0,0,2,6,8,0,0,27,0,27,0,0,29,6,35,32,6,38,73
04/09/2023,HUT,KS,ACE,CE,Federal Contract Tower,0,0,2,0,2,0,0,16,0,16,0,0,18,0,18,44,0,44,62
04/10/2023,HUT,KS,ACE,CE,Federal Contract Tower,0,1,4,22,27,0,2,44,0,46,0,3,48,22,73,142,4,146,219
04/11/2023,HUT,KS,ACE,CE,Federal Contract Tower,0,0,3,21,24,0,4,26,1,31,0,4,29,22,55,220,32,252,307
04/12/2023,HUT,KS,ACE,CE,Federal Contract Tower,0,2,8,18,28,0,18,12,16,46,0,20,20,34,74,242,18,260,334
04/13/2023,HUT,KS,ACE,CE,Federal Contract Tower,0,0,7,16,23,0,3,14,9,26,0,3,21,25,49,18,4,22,71
04/14/2023,HUT,KS,ACE,CE,Federal Contract Tower,0,2,8,20,30,0,0,12,0,12,0,2,20,20,42,2,0,2,44
04/15/2023,HUT,KS,ACE,CE,Federal Contract Tower,0,2,4,0,6,0,0,2,0,2,0,2,6,0,8,15,0,15,23
04/16/2023,HUT,KS,ACE,CE,Federal Contract Tower,0,3,4,0,7,0,0,20,0,20,0,3,24,0,27,48,0,48,75
04/17/2023,HUT,KS,ACE,CE,Federal Contract Tower,0,2,10,0,12,0,0,27,0,27,0,2,37,0,39,22,0,22,61
04/18/2023,HUT,KS,ACE,CE,Federal Contract Tower,0,0,6,9,15,0,2,8,1,11,0,2,14,10,26,24,8,32,58
04/19/2023,HUT,KS,ACE,CE,Federal Contract Tower,0,0,8,22,30,0,2,5,0,7,0,2,13,22,37,24,2,26,63
04/20/2023,HUT,KS,ACE,CE,Federal Contract Tower,0,4,6,20,30,0,0,31,2,33,0,4,37,22,63,98,40,138,201
04/21/2023,HUT,KS,ACE,CE,Federal Contract Tower,0,1,9,14,24,0,4,33,1,38,0,5,42,15,62,88,8,96,158
04/22/2023,HUT,KS,ACE,CE,Federal Contract Tower,0,0,10,0,10,0,15,0,0,15,0,15,10,0,25,22,0,22,47
04/23/2023,HUT,KS,ACE,CE,Federal Contract Tower,0,1,7,0,8,0,2,31,0,33,0,3,38,0,41,20,0,20,61
04/24/2023,HUT,KS,ACE,CE,Federal Contract Tower,0,2,3,0,5,0,6,14,0,20,0,8,17,0,25,32,0,32,57
04/25/2023,HUT,KS,ACE,CE,Federal Contract Tower,0,10,3,1,14,0,0,11,1,12,0,10,14,2,26,26,0,26,52
04/26/2023,HUT,KS,ACE,CE,Federal Contract Tower,0,1,13,2,16,0,19,13,0,32,0,20,26,2,48,36,2,38,86
04/27/2023,HUT,KS,ACE,CE,Federal Contract Tower,0,9,16,53,78,0,0,23,2,25,0,9,39,55,103,78,68,146,249
04/28/2023,HUT,KS,ACE,CE,Federal Contract Tower,0,10,6,0,16,0,0,6,0,6,0,10,12,0,22,146,0,146,168
04/29/2023,HUT,KS,ACE,CE,Federal Contract Tower,0,2,7,0,9,0,2,22,0,24,0,4,29,0,33,42,0,42,75
04/30/2023,HUT,KS,ACE,CE,Federal Contract Tower,0,0,2,0,2,0,0,24,0,24,0,0,26,0,26,30,0,30,56
05/01/2023,HUT,KS,ACE,CE,Federal Contract Tower,0,3,6,0,9,0,0,43,0,43,0,3,49,0,52,78,0,78,130
05/02/2023,HUT,KS,ACE,CE,Federal Contract Tower,0,1,10,16,27,0,7,46,0,53,0,8,56,16,80,102,14,116,196
05/03/2023,HUT,KS,ACE,CE,Federal Contract Tower,0,1,9,8,18,0,2,36,0,38,0,3,45,8,56,74,10,84,140
05/04/2023,HUT,KS,ACE,CE,Federal Contract Tower,0,0,9,5,14,0,0,8,0,8,0,0,17,5,22,34,2,36,58
05/05/2023,HUT,KS,ACE,CE,Federal Contract Tower,0,0,19,0,19,0,0,0,0,0,0,0,19,0,19,60,0,60,79
05/06/2023,HUT,KS,ACE,CE,Federal Contract Tower,0,0,7,0,7,0,0,21,0,21,0,0,28,0,28,36,0,36,64
05/07/2023,HUT,KS,ACE,CE,Federal Contract Tower,0,0,6,2,8,0,0,8,2,10,0,0,14,4,18,11,12,23,41
05/08/2023,HUT,KS,ACE,CE,Federal Contract Tower,0,0,7,6,13,0,6,27,0,33,0,6,34,6,46,54,6,60,106
05/09/2023,HUT,KS,ACE,CE,Federal Contract Tower,0,0,10,0,10,0,0,14,0,14,0,0,24,0,24,22,0,22,46
05/10/2023,HUT,KS,ACE,CE,Federal Contract Tower,0,8,6,8,22,0,6,15,4,25,0,14,21,12,47,36,18,54,101
05/11/2023,HUT,KS,ACE,CE,Federal Contract Tower,0,2,8,0,10,0,0,16,0,16,0,2,24,0,26,44,0,44,70
05/12/2023,HUT,KS,ACE,CE,Federal Contract Tower,0,2,7,2,11,0,4,34,0,38,0,6,41,2,49,98,0,98,147
05/13/2023,HUT,KS,ACE,CE,Federal Contract Tower,0,1,5,2,8,0,1,35,0,36,0,2,40,2,44,66,6,72,116
05/14/2023,HUT,KS,ACE,CE,Federal Contract Tower,0,2,0,2,4,0,4,3,0,7,0,6,3,2,11,26,0,26,37
05/15/2023,HUT,KS,ACE,CE,Federal Contract Tower,0,0,3,2,5,0,0,1,0,1,0,0,4,2,6,0,0,0,6
05/16/2023,HUT,KS,ACE,CE,Federal Contract Tower,0,1,28,2,31,0,0,20,0,20,0,1,48,2,51,58,0,58,109
05/17/2023,HUT,KS,ACE,CE,Federal Contract Tower,0,1,9,11,21,0,4,27,1,32,0,5,36,12,53,64,14,78,131
05/18/2023,HUT,KS,ACE,CE,Federal Contract Tower,0,1,1,4,6,0,0,14,1,15,0,1,15,5,21,14,10,24,45
05/19/2023,HUT,KS,ACE,CE,Federal Contract Tower,0,2,3,22,27,0,0,10,9,19,0,2,13,31,46,6,24,30,76
05/20/2023,HUT,KS,ACE,CE,Federal Contract Tower,0,4,4,6,14,0,0,42,0,42,0,4,46,6,56,2,6,8,64
05/21/2023,HUT,KS,ACE,CE,Federal Contract Tower,0,4,5,0,9,0,4,25,0,29,0,8,30,0,38,22,0,22,60
05/22/2023,HUT,KS,ACE,CE,Federal Contract Tower,0,0,6,34,40,0,7,25,12,44,0,7,31,46,84,30,54,84,168
05/23/2023,HUT,KS,ACE,CE,Federal Contract Tower,0,6,11,16,33,0,0,24,8,32,0,6,35,24,65,60,20,80,145
05/24/2023,HUT,KS,ACE,CE,Federal Contract Tower,0,3,3,28,34,0,0,27,2,29,0,3,30,30,63,44,44,88,151
05/25/2023,HUT,KS,ACE,CE,Federal Contract Tower,0,2,4,0,6,0,0,31,0,31,0,2,35,0,37,52,0,52,89
05/26/2023,HUT,KS,ACE,CE,Federal Contract Tower,0,6,9,0,15,0,7,22,0,29,0,13,31,0,44,92,0,92,136
05/27/2023,HUT,KS,ACE,CE,Federal Contract Tower,0,0,7,0,7,0,2,30,0,32,0,2,37,0,39,42,0,42,81
05/28/2023,HUT,KS,ACE,CE,Federal Contract Tower,0,0,3,0,3,0,2,4,0,6,0,2,7,0,9,2,0,2,11
05/29/2023,HUT,KS,ACE,CE,Federal Contract Tower,0,0,6,0,6,0,0,16,0,16,0,0,22,0,22,4,0,4,26
05/30/2023,HUT,KS,ACE,CE,Federal Contract Tower,0,0,10,9,19,0,0,21,1,22,0,0,31,10,41,54,14,68,109
05/31/2023,HUT,KS,ACE,CE,Federal Contract Tower,0,0,7,5,12,0,0,18,1,19,0,0,25,6,31,104,0,104,135
06/01/2023,HUT,KS,ACE,CE,Federal Contract Tower,0,3,6,0,9,0,0,11,0,11,0,3,17,0,20,32,0,32,52
06/02/2023,HUT,KS,ACE,CE,Federal Contract Tower,0,4,6,0,10,0,2,19,0,21,0,6,25,0,31,40,0,40,71
06/03/2023,HUT,KS,ACE,CE,Federal Contract Tower,0,1,1,0,2,0,0,25,0,25,0,1,26,0,27,28,0,28,55
06/04/2023,HUT,KS,ACE,CE,Federal Contract Tower,0,0,5,0,5,0,0,25,0,25,0,0,30,0,30,42,0,42,72
06/05/2023,HUT,KS,ACE,CE,Federal Contract Tower,0,2,6,0,8,0,2,18,0,20,0,4,24,0,28,46,0,46,74
06/06/2023,HUT,KS,ACE,CE,Federal Contract Tower,0,2,5,0,7,0,10,25,0,35,0,12,30,0,42,62,0,62,104
06/07/2023,HUT,KS,ACE,CE,Federal Contract Tower,0,1,15,1,17,0,0,28,1,29,0,1,43,2,46,50,0,50,96
06/08/2023,HUT,KS,ACE,CE,Federal Contract Tower,0,2,6,5,13,0,8,14,2,24,0,10,20,7,37,38,4,42,79
06/09/2023,HUT,KS,ACE,CE,Federal Contract Tower,0,2,4,0,6,0,4,18,0,22,0,6,22,0,28,78,0,78,106
06/10/2023,HUT,KS,ACE,CE,Federal Contract Tower,0,1,2,10,13,0,2,16,4,22,0,3,18,14,35,40,14,54,89
06/11/2023,HUT,KS,ACE,CE,Federal Contract Tower,0,2,7,4,13,0,2,7,0,9,0,4,14,4,22,14,0,14,36
06/12/2023,HUT,KS,ACE,CE,Federal Contract Tower,0,3,14,23,40,0,0,30,5,35,0,3,44,28,75,58,44,102,177
06/13/2023,HUT,KS,ACE,CE,Federal Contract Tower,0,1,3,18,22,0,4,27,14,45,0,5,30,32,67,66,8,74,141
06/14/2023,HUT,KS,ACE,CE,Federal Contract Tower,0,4,6,16,26,0,4,19,0,23,0,8,25,16,49,30,18,48,97
06/15/2023,HUT,KS,ACE,CE,Federal Contract Tower,0,0,8,3,11,0,4,26,4,34,0,4,34,7,45,106,18,124,169
06/16/2023,HUT,KS,ACE,CE,Federal Contract Tower,0,4,8,9,21,0,2,21,1,24,0,6,29,10,45,40,24,64,109
06/17/2023,HUT,KS,ACE,CE,Federal Contract Tower,0,6,0,6,12,0,0,11,2,13,0,6,11,8,25,14,4,18,43
06/18/2023,HUT,KS,ACE,CE,Federal Contract Tower,0,1,3,0,4,0,0,16,0,16,0,1,19,0,20,16,0,16,36
06/19/2023,HUT,KS,ACE,CE,Federal Contract Tower,0,0,3,0,3,0,0,21,0,21,0,0,24,0,24,36,0,36,60
06/20/2023,HUT,KS,ACE,CE,Federal Contract Tower,0,6,15,14,35,0,0,50,2,52,0,6,65,16,87,86,2,88,175
06/21/2023,HUT,KS,ACE,CE,Federal Contract Tower,0,0,4,0,4,0,0,4,0,4,0,0,8,0,8,0,0,0,8
06/22/2023,HUT,KS,ACE,CE,Federal Contract Tower,0,0,3,31,34,0,5,44,0,49,0,5,47,31,83,48,58,106,189
06/23/2023,HUT,KS,ACE,CE,Federal Contract Tower,0,2,11,6,19,0,20,22,0,42,0,22,33,6,61,58,2,60,121
06/24/2023,HUT,KS,ACE,CE,Federal Contract Tower,0,0,2,0,2,0,0,19,0,19,0,0,21,0,21,38,0,38,59
06/25/2023,HUT,KS,ACE,CE,Federal Contract Tower,0,0,1,6,7,0,2,32,0,34,0,2,33,6,41,78,0,78,119
06/26/2023,HUT,KS,ACE,CE,Federal Contract Tower,0,3,9,16,28,0,10,46,0,56,0,13,55,16,84,114,18,132,216
06/27/2023,HUT,KS,ACE,CE,Federal Contract Tower,0,0,4,2,6,0,5,23,0,28,0,5,27,2,34,86,2,88,122
06/28/2023,HUT,KS,ACE,CE,Federal Contract Tower,0,0,1,12,13,0,14,23,2,39,0,14,24,14,52,64,2,66,118
06/29/2023,HUT,KS,ACE,CE,Federal Contract Tower,0,4,9,3,16,0,2,25,1,28,0,6,34,4,44,90,0,90,134
06/30/2023,HUT,KS,ACE,CE,Federal Contract Tower,0,8,5,37,50,0,3,25,4,32,0,11,30,41,82,58,14,72,154
07/01/2023,HUT,KS,ACE,CE,Federal Contract Tower,0,0,1,0,1,0,0,23,0,23,0,0,24,0,24,30,0,30,54
07/02/2023,HUT,KS,ACE,CE,Federal Contract Tower,0,0,7,0,7,0,4,21,0,25,0,4,28,0,32,76,0,76,108
07/03/2023,HUT,KS,ACE,CE,Federal Contract Tower,0,0,4,0,4,0,0,21,0,21,0,0,25,0,25,52,0,52,77
07/04/2023,HUT,KS,ACE,CE,Federal Contract Tower,0,0,0,0,0,0,0,7,0,7,0,0,7,0,7,14,0,14,21
07/05/2023,HUT,KS,ACE,CE,Federal Contract Tower,0,0,4,0,4,0,0,10,0,10,0,0,14,0,14,38,0,38,52
07/06/2023,HUT,KS,ACE,CE,Federal Contract Tower,0,3,8,14,25,0,0,20,0,20,0,3,28,14,45,56,18,74,119
07/07/2023,HUT,KS,ACE,CE,Federal Contract Tower,0,0,9,0,9,0,0,13,0,13,0,0,22,0,22,24,0,24,46
07/08/2023,HUT,KS,ACE,CE,Federal Contract Tower,0,2,2,0,4,0,1,10,0,11,0,3,12,0,15,30,0,30,45
07/09/2023,HUT,KS,ACE,CE,Federal Contract Tower,0,1,3,0,4,0,2,39,0,41,0,3,42,0,45,276,0,276,321
07/10/2023,HUT,KS,ACE,CE,Federal Contract Tower,0,1,3,14,18,0,2,24,6,32,0,3,27,20,50,112,4,116,166
07/11/2023,HUT,KS,ACE,CE,Federal Contract Tower,0,0,8,2,10,0,0,48,7,55,0,0,56,9,65,108,14,122,187
07/12/2023,HUT,KS,ACE,CE,Federal Contract Tower,0,0,9,7,16,0,2,19,3,24,0,2,28,10,40,52,30,82,122
07/13/2023,HUT,KS,ACE,CE,Federal Contract Tower,0,4,7,4,15,0,0,32,7,39,0,4,39,11,54,36,2,38,92
07/14/2023,HUT,KS,ACE,CE,Federal Contract Tower,0,3,5,10,18,0,1,23,2,26,0,4,28,12,44,34,0,34,78
07/15/2023,HUT,KS,ACE,CE,Federal Contract Tower,0,0,2,2,4,0,2,37,0,39,0,2,39,2,43,32,0,32,75
07/16/2023,HUT,KS,ACE,CE,Federal Contract Tower,0,0,8,0,8,0,0,34,0,34,0,0,42,0,42,56,0,56,98
07/17/2023,HUT,KS,ACE,CE,Federal Contract Tower,0,2,3,0,5,0,2,26,8,36,0,4,29,8,41,62,4,66,107
07/18/2023,HUT,KS,ACE,CE,Federal Contract Tower,0,0,6,0,6,0,0,13,0,13,0,0,19,0,19,52,0,52,71
07/19/2023,HUT,KS,ACE,CE,Federal Contract Tower,0,0,20,8,28,0,2,8,0,10,0,2,28,8,38,32,0,32,70
07/20/2023,HUT,KS,ACE,CE,Federal Contract Tower,0,3,6,0,9,0,0,30,2,32,0,3,36,2,41,66,14,80,121
07/21/2023,HUT,KS,ACE,CE,Federal Contract Tower,0,2,5,2,9,0,8,21,1,30,0,10,26,3,39,76,0,76,115
07/22/2023,HUT,KS,ACE,CE,Federal Contract Tower,0,0,3,0,3,0,0,24,0,24,0,0,27,0,27,68,0,68,95
07/23/2023,HUT,KS,ACE,CE,Federal Contract Tower,0,3,11,0,14,0,0,20,0,20,0,3,31,0,34,52,0,52,86
07/24/2023,HUT,KS,ACE,CE,Federal Contract Tower,0,3,5,2,10,0,3,16,0,19,0,6,21,2,29,26,2,28,57
07/25/2023,HUT,KS,ACE,CE,Federal Contract Tower,0,0,3,6,9,0,0,31,0,31,0,0,34,6,40,44,0,44,84
07/26/2023,HUT,KS,ACE,CE,Federal Contract Tower,0,0,3,4,7,0,0,39,4,43,0,0,42,8,50,74,6,80,130
07/27/2023,HUT,KS,ACE,CE,Federal Contract Tower,0,2,3,1,6,0,0,19,0,19,0,2,22,1,25,50,6,56,81
07/28/2023,HUT,KS,ACE,CE,Federal Contract Tower,0,2,11,11,24,0,1,20,1,22,0,3,31,12,46,26,10,36,82
07/29/2023,HUT,KS,ACE,CE,Federal Contract Tower,0,0,3,0,3,0,0,13,0,13,0,0,16,0,16,12,0,12,28
07/30/2023,HUT,KS,ACE,CE,Federal Contract Tower,0,4,6,5,15,0,2,18,0,20,0,6,24,5,35,12,8,20,55
07/31/2023,HUT,KS,ACE,CE,Federal Contract Tower,0,0,4,24,28,0,0,15,4,19,0,0,19,28,47,24,16,40,87
08/01/2023,HUT,KS,ACE,CE,Federal Contract Tower,0,1,6,12,19,0,0,22,6,28,0,1,28,18,47,136,44,180,227
08/02/2023,HUT,KS,ACE,CE,Federal Contract Tower,0,3,5,4,12,0,0,8,0,8,0,3,13,4,20,0,0,0,20
08/03/2023,HUT,KS,ACE,CE,Federal Contract Tower,0,0,14,4,18,0,2,17,0,19,0,2,31,4,37,44,6,50,87
08/04/2023,HUT,KS,ACE,CE,Federal Contract Tower,0,6,6,8,20,0,2,22,0,24,0,8,28,8,44,68,0,68,112
08/05/2023,HUT,KS,ACE,CE,Federal Contract Tower,0,1,0,0,1,0,0,20,0,20,0,1,20,0,21,22,0,22,43
08/06/2023,HUT,KS,ACE,CE,Federal Contract Tower,0,0,1,0,1,0,2,12,0,14,0,2,13,0,15,26,0,26,41
08/07/2023,HUT,KS,ACE,CE,Federal Contract Tower,0,1,6,20,27,0,0,22,4,26,0,1,28,24,53,38,18,56,109
08/08/2023,HUT,KS,ACE,CE,Federal Contract Tower,0,1,6,12,19,0,3,22,2,27,0,4,28,14,46,48,22,70,116
08/09/2023,HUT,KS,ACE,CE,Federal Contract Tower,0,6,11,0,17,0,0,7,0,7,0,6,18,0,24,4,0,4,28
08/10/2023,HUT,KS,ACE,CE,Federal Contract Tower,0,2,10,10,22,0,0,33,0,33,0,2,43,10,55,80,2,82,137
08/11/2023,HUT,KS,ACE,CE,Federal Contract Tower,0,1,1,0,2,0,0,26,0,26,0,1,27,0,28,28,0,28,56
08/12/2023,HUT,KS,ACE,CE,Federal Contract Tower,0,0,3,0,3,0,0,23,0,23,0,0,26,0,26,32,0,32,58
08/13/2023,HUT,KS,ACE,CE,Federal Contract Tower,0,1,8,0,9,0,0,11,0,11,0,1,19,0,20,16,0,16,36
08/14/2023,HUT,KS,ACE,CE,Federal Contract Tower,0,1,8,8,17,0,0,25,0,25,0,1,33,8,42,46,18,64,106
08/15/2023,HUT,KS,ACE,CE,Federal Contract Tower,0,1,14,8,23,0,0,36,6,42,0,1,50,14,65,114,14,128,193
08/16/2023,HUT,KS,ACE,CE,Federal Contract Tower,0,6,4,22,32,0,0,24,4,28,0,6,28,26,60,70,18,88,148
08/17/2023,HUT,KS,ACE,CE,Federal Contract Tower,0,5,8,13,26,0,0,27,6,33,0,5,35,19,59,86,26,112,171
08/18/2023,HUT,KS,ACE,CE,Federal Contract Tower,0,1,4,0,5,0,6,29,0,35,0,7,33,0,40,104,0,104,144
08/19/2023,HUT,KS,ACE,CE,Federal Contract Tower,0,0,1,6,7,0,2,17,4,23,0,2,18,10,30,30,6,36,66
08/20/2023,HUT,KS,ACE,CE,Federal Contract Tower,0,0,4,6,10,0,0,15,0,15,0,0,19,6,25,34,0,34,59
08/21/2023,HUT,KS,ACE,CE,Federal Contract Tower,0,1,8,12,21,0,7,12,4,23,0,8,20,16,44,54,0,54,98
08/22/2023,HUT,KS,ACE,CE,Federal Contract Tower,0,2,4,0,6,0,4,29,0,33,0,6,33,0,39,132,0,132,171
08/23/2023,HUT,KS,ACE,CE,Federal Contract Tower,0,2,14,2,18,0,0,18,0,18,0,2,32,2,36,56,2,58,94
08/24/2023,HUT,KS,ACE,CE,Federal Contract Tower,0,0,8,14,22,0,4,27,0,31,0,4,35,14,53,136,0,136,189
08/25/2023,HUT,KS,ACE,CE,Federal Contract Tower,0,0,9,0,9,0,8,39,0,47,0,8,48,0,56,94,0,94,150
08/26/2023,HUT,KS,ACE,CE,Federal Contract Tower,0,0,16,0,16,0,4,4,6,14,0,4,20,6,30,12,0,12,42
08/27/2023,HUT,KS,ACE,CE,Federal Contract Tower,0,2,4,6,12,0,2,28,0,30,0,4,32,6,42,52,0,52,94
08/28/2023,HUT,KS,ACE,CE,Federal Contract Tower,0,0,9,2,11,0,0,33,0,33,0,0,42,2,44,60,0,60,104
08/29/2023,HUT,KS,ACE,CE,Federal Contract Tower,0,0,3,0,3,0,0,40,0,40,0,0,43,0,43,74,0,74,117
08/30/2023,HUT,KS,ACE,CE,Federal Contract Tower,0,7,6,4,17,0,14,17,12,43,0,21,23,16,60,38,22,60,120
08/31/2023,HUT,KS,ACE,CE,Federal Contract Tower,0,0,10,6,16,0,2,25,2,29,0,2,35,8,45,66,0,66,111
