01/01/2000,HVN,CT,ANE,EN,Federal Contract Tower,0,2,3,0,5,0,0,3,0,3,0,2,6,0,8,0,0,0,8
01/02/2000,HVN,CT,ANE,EN,Federal Contract Tower,0,12,11,0,23,0,2,30,0,32,0,14,41,0,55,56,4,60,115
01/03/2000,HVN,CT,ANE,EN,Federal Contract Tower,0,9,10,0,19,0,5,12,0,17,0,14,22,0,36,22,0,22,58
01/04/2000,HVN,CT,ANE,EN,Federal Contract Tower,0,5,6,0,11,0,4,0,0,4,0,9,6,0,15,0,0,0,15
01/05/2000,HVN,CT,ANE,EN,Federal Contract Tower,0,12,11,0,23,0,2,30,0,32,0,14,41,0,55,0,0,0,55
01/06/2000,HVN,CT,ANE,EN,Federal Contract Tower,0,13,11,0,24,0,2,93,0,95,0,15,104,0,119,112,0,112,231
01/07/2000,HVN,CT,ANE,EN,Federal Contract Tower,0,14,12,0,26,0,1,32,0,33,0,15,44,0,59,58,0,58,117
01/08/2000,HVN,CT,ANE,EN,Federal Contract Tower,0,9,12,0,21,0,0,81,0,81,0,9,93,0,102,82,0,82,184
01/09/2000,HVN,CT,ANE,EN,Federal Contract Tower,0,12,10,0,22,0,2,81,0,83,0,14,91,0,105,128,0,128,233
01/10/2000,HVN,CT,ANE,EN,Federal Contract Tower,0,11,5,0,16,0,3,0,0,3,0,14,5,0,19,0,0,0,19
01/11/2000,HVN,CT,ANE,EN,Federal Contract Tower,0,15,11,0,26,0,1,30,0,31,0,16,41,0,57,22,0,22,79
01/12/2000,HVN,CT,ANE,EN,Federal Contract Tower,0,16,11,0,27,0,0,58,0,58,0,16,69,0,85,28,0,28,113
01/13/2000,HVN,CT,ANE,EN,Federal Contract Tower,0,11,10,0,21,0,0,4,0,4,0,11,14,0,25,0,0,0,25
01/14/2000,HVN,CT,ANE,EN,Federal Contract Tower,0,13,9,0,22,0,2,14,0,16,0,15,23,0,38,0,0,0,38
01/15/2000,HVN,CT,ANE,EN,Federal Contract Tower,0,9,8,0,17,0,0,57,0,57,0,9,65,0,74,98,0,98,172
01/16/2000,HVN,CT,ANE,EN,Federal Contract Tower,0,13,8,0,21,0,1,13,0,14,0,14,21,0,35,48,0,48,83
01/17/2000,HVN,CT,ANE,EN,Federal Contract Tower,0,11,8,0,19,0,2,5,0,7,0,13,13,0,26,2,0,2,28
01/18/2000,HVN,CT,ANE,EN,Federal Contract Tower,0,15,15,0,30,0,0,29,0,29,0,15,44,0,59,58,0,58,117
01/19/2000,HVN,CT,ANE,EN,Federal Contract Tower,0,16,13,0,29,0,0,56,0,56,0,16,69,0,85,84,0,84,169
01/20/2000,HVN,CT,ANE,EN,Federal Contract Tower,0,7,5,0,12,0,0,4,0,4,0,7,9,0,16,0,0,0,16
01/21/2000,HVN,CT,ANE,EN,Federal Contract Tower,0,12,8,0,20,0,3,5,0,8,0,15,13,0,28,7,0,7,35
01/22/2000,HVN,CT,ANE,EN,Federal Contract Tower,0,8,5,0,13,0,1,16,0,17,0,9,21,0,30,14,0,14,44
01/23/2000,HVN,CT,ANE,EN,Federal Contract Tower,0,13,9,0,22,0,0,26,0,26,0,13,35,0,48,102,0,102,150
01/24/2000,HVN,CT,ANE,EN,Federal Contract Tower,0,14,10,0,24,0,2,36,0,38,0,16,46,0,62,122,0,122,184
01/25/2000,HVN,CT,ANE,EN,Federal Contract Tower,0,0,0,0,0,0,0,0,0,0,0,0,0,0,0,0,0,0,0
01/26/2000,HVN,CT,ANE,EN,Federal Contract Tower,0,10,7,0,17,0,4,6,0,10,0,14,13,0,27,18,0,18,45
01/27/2000,HVN,CT,ANE,EN,Federal Contract Tower,0,13,9,0,22,0,2,25,0,27,0,15,34,0,49,26,0,26,75
01/28/2000,HVN,CT,ANE,EN,Federal Contract Tower,0,14,11,0,25,0,0,59,0,59,0,14,70,0,84,36,0,36,120
01/29/2000,HVN,CT,ANE,EN,Federal Contract Tower,0,8,8,0,16,0,0,67,0,67,0,8,75,0,83,110,0,110,193
01/30/2000,HVN,CT,ANE,EN,Federal Contract Tower,0,7,8,0,15,0,0,77,0,77,0,7,85,0,92,88,0,88,180
01/31/2000,HVN,CT,ANE,EN,Federal Contract Tower,0,14,9,0,23,0,1,9,0,10,0,15,18,0,33,12,0,12,45
02/01/2000,HVN,CT,ANE,EN,Federal Contract Tower,0,16,15,0,31,0,0,55,0,55,0,16,70,0,86,48,0,48,134
02/02/2000,HVN,CT,ANE,EN,Federal Contract Tower,0,14,13,0,27,0,1,59,0,60,0,15,72,0,87,18,0,18,105
02/03/2000,HVN,CT,ANE,EN,Federal Contract Tower,0,8,13,0,21,0,0,43,0,43,0,8,56,0,64,60,0,60,124
02/04/2000,HVN,CT,ANE,EN,Federal Contract Tower,0,16,16,0,32,0,1,29,0,30,0,17,45,0,62,44,0,44,106
02/05/2000,HVN,CT,ANE,EN,Federal Contract Tower,0,9,10,0,19,0,0,74,0,74,0,9,84,0,93,62,0,62,155
02/06/2000,HVN,CT,ANE,EN,Federal Contract Tower,0,14,14,0,28,0,0,55,0,55,0,14,69,0,83,44,0,44,127
02/07/2000,HVN,CT,ANE,EN,Federal Contract Tower,0,11,11,0,22,0,4,25,0,29,0,15,36,0,51,24,0,24,75
02/08/2000,HVN,CT,ANE,EN,Federal Contract Tower,0,12,12,0,24,0,3,68,0,71,0,15,80,0,95,114,0,114,209
02/09/2000,HVN,CT,ANE,EN,Federal Contract Tower,0,15,15,0,30,0,4,53,0,57,0,19,68,0,87,68,0,68,155
02/10/2000,HVN,CT,ANE,EN,Federal Contract Tower,0,20,19,0,39,0,1,64,2,67,0,21,83,2,106,234,0,234,340
02/11/2000,HVN,CT,ANE,EN,Federal Contract Tower,0,13,12,0,25,0,0,6,0,6,0,13,18,0,31,4,0,4,35
02/12/2000,HVN,CT,ANE,EN,Federal Contract Tower,0,9,9,0,18,0,0,113,0,113,0,9,122,0,131,182,0,182,313
02/13/2000,HVN,CT,ANE,EN,Federal Contract Tower,0,15,14,0,29,0,0,83,0,83,0,15,97,0,112,158,0,158,270
02/14/2000,HVN,CT,ANE,EN,Federal Contract Tower,0,12,9,0,21,0,1,7,0,8,0,13,16,0,29,8,0,8,37
02/15/2000,HVN,CT,ANE,EN,Federal Contract Tower,0,15,16,0,31,0,0,56,0,56,0,15,72,0,87,66,0,66,153
02/16/2000,HVN,CT,ANE,EN,Federal Contract Tower,0,16,14,0,30,0,2,52,0,54,0,18,66,0,84,74,0,74,158
02/17/2000,HVN,CT,ANE,EN,Federal Contract Tower,0,17,15,0,32,0,2,74,2,78,0,19,89,2,110,56,0,56,166
02/18/2000,HVN,CT,ANE,EN,Federal Contract Tower,0,6,5,0,11,0,0,0,0,0,0,6,5,0,11,0,0,0,11
02/19/2000,HVN,CT,ANE,EN,Federal Contract Tower,0,7,6,0,13,0,0,1,0,1,0,7,7,0,14,0,0,0,14
02/20/2000,HVN,CT,ANE,EN,Federal Contract Tower,0,11,9,0,20,0,3,58,0,61,0,14,67,0,81,82,0,82,163
02/21/2000,HVN,CT,ANE,EN,Federal Contract Tower,0,12,10,0,22,0,4,65,0,69,0,16,75,0,91,74,0,74,165
02/22/2000,HVN,CT,ANE,EN,Federal Contract Tower,0,9,8,0,17,0,4,78,0,82,0,13,86,0,99,98,0,98,197
02/23/2000,HVN,CT,ANE,EN,Federal Contract Tower,0,14,16,0,30,0,0,49,0,49,0,14,65,0,79,128,0,128,207
02/24/2000,HVN,CT,ANE,EN,Federal Contract Tower,0,16,14,0,30,0,0,63,0,63,0,16,77,0,93,0,0,0,93
02/25/2000,HVN,CT,ANE,EN,Federal Contract Tower,0,15,18,0,33,0,0,14,0,14,0,15,32,0,47,0,0,0,47
02/26/2000,HVN,CT,ANE,EN,Federal Contract Tower,0,9,11,0,20,0,0,4,0,4,0,9,15,0,24,8,0,8,32
02/27/2000,HVN,CT,ANE,EN,Federal Contract Tower,0,5,4,0,9,0,0,1,0,1,0,5,5,0,10,0,0,0,10
02/28/2000,HVN,CT,ANE,EN,Federal Contract Tower,0,13,11,0,24,0,0,25,0,25,0,13,36,0,49,34,0,34,83
02/29/2000,HVN,CT,ANE,EN,Federal Contract Tower,0,13,12,0,25,0,0,74,0,74,0,13,86,0,99,66,4,70,169
03/01/2000,HVN,CT,ANE,EN,Federal Contract Tower,0,16,19,0,35,0,0,96,2,98,0,16,115,2,133,134,2,136,269
03/02/2000,HVN,CT,ANE,EN,Federal Contract Tower,0,10,9,0,19,0,1,35,0,36,0,11,44,0,55,46,0,46,101
03/03/2000,HVN,CT,ANE,EN,Federal Contract Tower,0,14,14,0,28,0,0,23,1,24,0,14,37,1,52,24,0,24,76
03/04/2000,HVN,CT,ANE,EN,Federal Contract Tower,0,9,9,0,18,0,0,90,0,90,0,9,99,0,108,68,0,68,176
03/05/2000,HVN,CT,ANE,EN,Federal Contract Tower,0,10,9,0,19,0,3,87,0,90,0,13,96,0,109,36,0,36,145
03/06/2000,HVN,CT,ANE,EN,Federal Contract Tower,0,10,10,0,20,0,3,15,0,18,0,13,25,0,38,52,0,52,90
03/07/2000,HVN,CT,ANE,EN,Federal Contract Tower,0,13,11,0,24,0,4,73,0,77,0,17,84,0,101,168,4,172,273
03/08/2000,HVN,CT,ANE,EN,Federal Contract Tower,0,13,11,0,24,0,2,85,0,87,0,15,96,0,111,88,2,90,201
03/09/2000,HVN,CT,ANE,EN,Federal Contract Tower,0,18,17,0,35,0,0,44,0,44,0,18,61,0,79,104,2,106,185
03/10/2000,HVN,CT,ANE,EN,Federal Contract Tower,0,16,14,0,30,0,1,40,0,41,0,17,54,0,71,94,0,94,165
03/11/2000,HVN,CT,ANE,EN,Federal Contract Tower,0,5,2,0,7,0,4,0,0,4,0,9,2,0,11,2,0,2,13
03/12/2000,HVN,CT,ANE,EN,Federal Contract Tower,0,10,9,0,19,0,4,1,0,5,0,14,10,0,24,18,0,18,42
03/13/2000,HVN,CT,ANE,EN,Federal Contract Tower,0,12,11,0,23,0,3,78,0,81,0,15,89,0,104,96,0,96,200
03/14/2000,HVN,CT,ANE,EN,Federal Contract Tower,0,16,17,0,33,0,0,66,0,66,0,16,83,0,99,98,0,98,197
03/15/2000,HVN,CT,ANE,EN,Federal Contract Tower,0,13,11,0,24,0,2,59,0,61,0,15,70,0,85,133,0,133,218
03/16/2000,HVN,CT,ANE,EN,Federal Contract Tower,0,14,11,0,25,0,0,58,0,58,0,14,69,0,83,174,0,174,257
03/17/2000,HVN,CT,ANE,EN,Federal Contract Tower,0,15,12,0,27,0,0,4,0,4,0,15,16,0,31,4,0,4,35
03/18/2000,HVN,CT,ANE,EN,Federal Contract Tower,0,8,7,0,15,0,3,55,0,58,0,11,62,0,73,144,0,144,217
03/19/2000,HVN,CT,ANE,EN,Federal Contract Tower,0,12,10,0,22,0,0,109,0,109,0,12,119,0,131,138,0,138,269
03/20/2000,HVN,CT,ANE,EN,Federal Contract Tower,0,18,16,0,34,0,0,51,0,51,0,18,67,0,85,46,0,46,131
03/21/2000,HVN,CT,ANE,EN,Federal Contract Tower,0,18,15,0,33,0,0,2,0,2,0,18,17,0,35,10,0,10,45
03/22/2000,HVN,CT,ANE,EN,Federal Contract Tower,0,13,13,0,26,0,0,42,0,42,0,13,55,0,68,104,0,104,172
03/23/2000,HVN,CT,ANE,EN,Federal Contract Tower,0,13,10,0,23,0,0,92,0,92,0,13,102,0,115,120,0,120,235
03/24/2000,HVN,CT,ANE,EN,Federal Contract Tower,0,15,12,0,27,0,2,74,0,76,0,17,86,0,103,120,0,120,223
03/25/2000,HVN,CT,ANE,EN,Federal Contract Tower,0,9,6,0,15,0,0,62,0,62,0,9,68,0,77,140,0,140,217
03/26/2000,HVN,CT,ANE,EN,Federal Contract Tower,0,12,13,0,25,0,0,85,0,85,0,12,98,0,110,100,0,100,210
03/27/2000,HVN,CT,ANE,EN,Federal Contract Tower,0,14,11,0,25,0,4,47,0,51,0,18,58,0,76,42,0,42,118
03/28/2000,HVN,CT,ANE,EN,Federal Contract Tower,0,15,12,0,27,0,0,17,0,17,0,15,29,0,44,10,0,10,54
03/29/2000,HVN,CT,ANE,EN,Federal Contract Tower,0,15,14,0,29,0,0,28,0,28,0,15,42,0,57,28,0,28,85
03/30/2000,HVN,CT,ANE,EN,Federal Contract Tower,0,17,20,0,37,0,0,90,0,90,0,17,110,0,127,112,8,120,247
03/31/2000,HVN,CT,ANE,EN,Federal Contract Tower,0,14,11,0,25,0,3,52,0,55,0,17,63,0,80,72,0,72,152
04/01/2000,HVN,CT,ANE,EN,Federal Contract Tower,0,9,11,0,20,0,0,113,0,113,0,9,124,0,133,200,6,206,339
04/02/2000,HVN,CT,ANE,EN,Federal Contract Tower,0,13,11,0,24,0,0,72,0,72,0,13,83,0,96,162,0,162,258
04/03/2000,HVN,CT,ANE,EN,Federal Contract Tower,0,11,14,0,25,0,0,5,0,5,0,11,19,0,30,0,0,0,30
04/04/2000,HVN,CT,ANE,EN,Federal Contract Tower,0,22,21,0,43,0,0,6,1,7,0,22,27,1,50,0,0,0,50
04/05/2000,HVN,CT,ANE,EN,Federal Contract Tower,0,16,13,0,29,0,2,43,0,45,0,18,56,0,74,14,0,14,88
04/06/2000,HVN,CT,ANE,EN,Federal Contract Tower,0,13,10,0,23,0,2,64,0,66,0,15,74,0,89,82,0,82,171
04/07/2000,HVN,CT,ANE,EN,Federal Contract Tower,0,16,13,0,29,0,1,98,0,99,0,17,111,0,128,120,4,124,252
04/08/2000,HVN,CT,ANE,EN,Federal Contract Tower,0,9,8,0,17,0,2,39,0,41,0,11,47,0,58,60,0,60,118
04/09/2000,HVN,CT,ANE,EN,Federal Contract Tower,0,12,10,0,22,0,5,0,0,5,0,17,10,0,27,8,0,8,35
04/10/2000,HVN,CT,ANE,EN,Federal Contract Tower,0,14,13,0,27,0,3,49,0,52,0,17,62,0,79,48,0,48,127
04/11/2000,HVN,CT,ANE,EN,Federal Contract Tower,0,17,17,0,34,0,3,30,0,33,0,20,47,0,67,34,0,34,101
04/12/2000,HVN,CT,ANE,EN,Federal Contract Tower,0,16,17,0,33,0,0,53,0,53,0,16,70,0,86,64,0,64,150
04/13/2000,HVN,CT,ANE,EN,Federal Contract Tower,0,15,17,0,32,0,2,96,0,98,0,17,113,0,130,154,2,156,286
04/14/2000,HVN,CT,ANE,EN,Federal Contract Tower,0,17,21,0,38,0,0,81,0,81,0,17,102,0,119,92,0,92,211
04/15/2000,HVN,CT,ANE,EN,Federal Contract Tower,0,8,9,0,17,0,1,13,3,17,0,9,22,3,34,46,2,48,82
04/16/2000,HVN,CT,ANE,EN,Federal Contract Tower,0,12,14,0,26,0,2,35,0,37,0,14,49,0,63,94,0,94,157
04/17/2000,HVN,CT,ANE,EN,Federal Contract Tower,0,15,17,0,32,0,1,14,0,15,0,16,31,0,47,26,0,26,73
04/18/2000,HVN,CT,ANE,EN,Federal Contract Tower,0,16,18,0,34,0,0,19,0,19,0,16,37,0,53,14,0,14,67
04/19/2000,HVN,CT,ANE,EN,Federal Contract Tower,0,18,19,0,37,0,0,47,0,47,0,18,66,0,84,46,0,46,130
04/20/2000,HVN,CT,ANE,EN,Federal Contract Tower,0,18,21,0,39,0,0,88,0,88,0,18,109,0,127,132,0,132,259
04/21/2000,HVN,CT,ANE,EN,Federal Contract Tower,0,8,5,0,13,0,4,0,0,4,0,12,5,0,17,0,0,0,17
04/22/2000,HVN,CT,ANE,EN,Federal Contract Tower,0,11,11,0,22,0,2,0,0,2,0,13,11,0,24,0,0,0,24
04/23/2000,HVN,CT,ANE,EN,Federal Contract Tower,0,11,13,0,24,0,7,3,0,10,0,18,16,0,34,4,0,4,38
04/24/2000,HVN,CT,ANE,EN,Federal Contract Tower,0,12,14,0,26,0,4,83,0,87,0,16,97,0,113,110,0,110,223
04/25/2000,HVN,CT,ANE,EN,Federal Contract Tower,0,17,25,0,42,0,0,111,0,111,0,17,136,0,153,210,0,210,363
04/26/2000,HVN,CT,ANE,EN,Federal Contract Tower,0,15,22,0,37,0,0,9,0,9,0,15,31,0,46,16,0,16,62
04/27/2000,HVN,CT,ANE,EN,Federal Contract Tower,0,15,17,0,32,0,0,51,2,53,0,15,68,2,85,132,2,134,219
04/28/2000,HVN,CT,ANE,EN,Federal Contract Tower,0,17,24,0,41,0,0,70,0,70,0,17,94,0,111,72,0,72,183
04/29/2000,HVN,CT,ANE,EN,Federal Contract Tower,0,9,10,0,19,0,1,100,0,101,0,10,110,0,120,170,0,170,290
04/30/2000,HVN,CT,ANE,EN,Federal Contract Tower,0,8,10,0,18,0,5,53,0,58,0,13,63,0,76,24,0,24,100
05/01/2000,HVN,CT,ANE,EN,Federal Contract Tower,0,11,10,0,21,0,2,82,0,84,0,13,92,0,105,128,0,128,233
05/02/2000,HVN,CT,ANE,EN,Federal Contract Tower,0,18,17,0,35,0,5,42,0,47,0,23,59,0,82,0,0,0,82
05/03/2000,HVN,CT,ANE,EN,Federal Contract Tower,0,13,10,0,23,0,1,140,0,141,0,14,150,0,164,162,2,164,328
05/04/2000,HVN,CT,ANE,EN,Federal Contract Tower,0,15,14,0,29,0,0,173,0,173,0,15,187,0,202,180,0,180,382
05/05/2000,HVN,CT,ANE,EN,Federal Contract Tower,0,15,12,0,27,0,2,109,0,111,0,17,121,0,138,72,0,72,210
05/06/2000,HVN,CT,ANE,EN,Federal Contract Tower,0,9,9,0,18,0,0,154,0,154,0,9,163,0,172,172,2,174,346
05/07/2000,HVN,CT,ANE,EN,Federal Contract Tower,0,11,12,0,23,0,3,136,0,139,0,14,148,0,162,212,0,212,374
05/08/2000,HVN,CT,ANE,EN,Federal Contract Tower,0,13,14,0,27,0,6,65,0,71,0,19,79,0,98,70,0,70,168
05/09/2000,HVN,CT,ANE,EN,Federal Contract Tower,0,12,13,0,25,0,5,56,0,61,0,17,69,0,86,114,6,120,206
05/10/2000,HVN,CT,ANE,EN,Federal Contract Tower,0,10,13,0,23,0,0,8,0,8,0,10,21,0,31,4,0,4,35
05/11/2000,HVN,CT,ANE,EN,Federal Contract Tower,0,15,16,0,31,0,4,95,0,99,0,19,111,0,130,94,0,94,224
05/12/2000,HVN,CT,ANE,EN,Federal Contract Tower,0,16,18,0,34,0,5,56,0,61,0,21,74,0,95,50,0,50,145
05/13/2000,HVN,CT,ANE,EN,Federal Contract Tower,0,12,22,0,34,0,0,7,0,7,0,12,29,0,41,0,0,0,41
05/14/2000,HVN,CT,ANE,EN,Federal Contract Tower,0,10,12,0,22,0,5,96,0,101,0,15,108,0,123,72,0,72,195
05/15/2000,HVN,CT,ANE,EN,Federal Contract Tower,0,13,14,0,27,0,5,57,0,62,0,18,71,0,89,88,0,88,177
05/16/2000,HVN,CT,ANE,EN,Federal Contract Tower,0,11,13,0,24,0,4,120,0,124,0,15,133,0,148,126,0,126,274
05/17/2000,HVN,CT,ANE,EN,Federal Contract Tower,0,15,18,0,33,0,3,75,0,78,0,18,93,0,111,132,0,132,243
05/18/2000,HVN,CT,ANE,EN,Federal Contract Tower,0,11,21,0,32,0,0,22,0,22,0,11,43,0,54,0,0,0,54
05/19/2000,HVN,CT,ANE,EN,Federal Contract Tower,0,18,19,0,37,0,1,0,0,1,0,19,19,0,38,2,0,2,40
05/20/2000,HVN,CT,ANE,EN,Federal Contract Tower,0,9,15,0,24,0,0,40,4,44,0,9,55,4,68,20,6,26,94
05/21/2000,HVN,CT,ANE,EN,Federal Contract Tower,0,13,24,0,37,0,0,11,2,13,0,13,35,2,50,0,0,0,50
05/22/2000,HVN,CT,ANE,EN,Federal Contract Tower,0,17,25,0,42,0,0,4,2,6,0,17,29,2,48,0,0,0,48
05/23/2000,HVN,CT,ANE,EN,Federal Contract Tower,0,17,22,0,39,0,0,37,2,39,0,17,59,2,78,60,4,64,142
05/24/2000,HVN,CT,ANE,EN,Federal Contract Tower,0,13,14,0,27,0,1,32,0,33,0,14,46,0,60,90,0,90,150
05/25/2000,HVN,CT,ANE,EN,Federal Contract Tower,0,18,26,0,44,0,0,74,0,74,0,18,100,0,118,72,4,76,194
05/26/2000,HVN,CT,ANE,EN,Federal Contract Tower,0,14,17,0,31,0,1,153,0,154,0,15,170,0,185,162,0,162,347
05/27/2000,HVN,CT,ANE,EN,Federal Contract Tower,0,9,12,0,21,0,0,116,0,116,0,9,128,0,137,156,0,156,293
05/28/2000,HVN,CT,ANE,EN,Federal Contract Tower,0,8,9,0,17,0,3,67,0,70,0,11,76,0,87,160,6,166,253
05/29/2000,HVN,CT,ANE,EN,Federal Contract Tower,0,10,12,0,22,0,3,109,0,112,0,13,121,0,134,90,8,98,232
05/30/2000,HVN,CT,ANE,EN,Federal Contract Tower,0,17,21,0,38,0,0,74,0,74,0,17,95,0,112,202,0,202,314
05/31/2000,HVN,CT,ANE,EN,Federal Contract Tower,0,0,0,0,0,0,0,0,0,0,0,0,0,0,0,0,0,0,0
06/01/2000,HVN,CT,ANE,EN,Federal Contract Tower,0,15,18,0,33,0,0,71,0,71,0,15,89,0,104,168,2,170,274
06/02/2000,HVN,CT,ANE,EN,Federal Contract Tower,0,11,16,0,27,0,0,72,0,72,0,11,88,0,99,94,0,94,193
06/03/2000,HVN,CT,ANE,EN,Federal Contract Tower,0,9,10,0,19,0,1,102,2,105,0,10,112,2,124,82,4,86,210
06/04/2000,HVN,CT,ANE,EN,Federal Contract Tower,0,18,20,0,38,0,0,148,0,148,0,18,168,0,186,170,0,170,356
06/05/2000,HVN,CT,ANE,EN,Federal Contract Tower,0,16,18,0,34,0,2,48,0,50,0,18,66,0,84,66,0,66,150
06/06/2000,HVN,CT,ANE,EN,Federal Contract Tower,0,14,12,0,26,0,4,0,0,4,0,18,12,0,30,0,0,0,30
06/07/2000,HVN,CT,ANE,EN,Federal Contract Tower,0,14,17,0,31,0,0,62,0,62,0,14,79,0,93,82,0,82,175
06/08/2000,HVN,CT,ANE,EN,Federal Contract Tower,0,14,16,0,30,0,1,143,0,144,0,15,159,0,174,172,2,174,348
06/09/2000,HVN,CT,ANE,EN,Federal Contract Tower,0,13,15,0,28,0,6,76,0,82,0,19,91,0,110,76,0,76,186
06/10/2000,HVN,CT,ANE,EN,Federal Contract Tower,0,9,11,0,20,0,0,98,0,98,0,9,109,0,118,110,0,110,228
06/11/2000,HVN,CT,ANE,EN,Federal Contract Tower,0,15,16,0,31,0,2,53,0,55,0,17,69,0,86,158,0,158,244
06/12/2000,HVN,CT,ANE,EN,Federal Contract Tower,0,20,26,0,46,0,0,3,0,3,0,20,29,0,49,0,0,0,49
06/13/2000,HVN,CT,ANE,EN,Federal Contract Tower,0,14,17,0,31,0,0,28,0,28,0,14,45,0,59,78,0,78,137
06/14/2000,HVN,CT,ANE,EN,Federal Contract Tower,0,16,17,0,33,0,1,47,0,48,0,17,64,0,81,80,0,80,161
06/15/2000,HVN,CT,ANE,EN,Federal Contract Tower,0,10,18,0,28,0,0,7,0,7,0,10,25,0,35,0,0,0,35
06/16/2000,HVN,CT,ANE,EN,Federal Contract Tower,0,20,24,0,44,0,1,81,0,82,0,21,105,0,126,74,0,74,200
06/17/2000,HVN,CT,ANE,EN,Federal Contract Tower,0,9,11,0,20,0,0,63,0,63,0,9,74,0,83,98,0,98,181
06/18/2000,HVN,CT,ANE,EN,Federal Contract Tower,0,7,13,0,20,0,0,64,0,64,0,7,77,0,84,64,0,64,148
06/19/2000,HVN,CT,ANE,EN,Federal Contract Tower,0,13,19,0,32,0,0,65,0,65,0,13,84,0,97,84,4,88,185
06/20/2000,HVN,CT,ANE,EN,Federal Contract Tower,0,10,13,0,23,0,5,115,0,120,0,15,128,0,143,204,0,204,347
06/21/2000,HVN,CT,ANE,EN,Federal Contract Tower,0,9,11,0,20,0,3,94,0,97,0,12,105,0,117,160,2,162,279
06/22/2000,HVN,CT,ANE,EN,Federal Contract Tower,0,12,14,0,26,0,4,75,0,79,0,16,89,0,105,108,14,122,227
06/23/2000,HVN,CT,ANE,EN,Federal Contract Tower,0,13,17,0,30,0,3,109,0,112,0,16,126,0,142,120,0,120,262
06/24/2000,HVN,CT,ANE,EN,Federal Contract Tower,0,9,12,0,21,0,0,148,0,148,0,9,160,0,169,190,0,190,359
06/25/2000,HVN,CT,ANE,EN,Federal Contract Tower,0,10,12,0,22,0,6,70,0,76,0,16,82,0,98,90,0,90,188
06/26/2000,HVN,CT,ANE,EN,Federal Contract Tower,0,14,21,0,35,0,0,42,0,42,0,14,63,0,77,86,0,86,163
06/27/2000,HVN,CT,ANE,EN,Federal Contract Tower,0,13,17,0,30,0,2,22,2,26,0,15,39,2,56,22,0,22,78
06/28/2000,HVN,CT,ANE,EN,Federal Contract Tower,0,15,18,0,33,0,2,114,0,116,0,17,132,0,149,144,0,144,293
06/29/2000,HVN,CT,ANE,EN,Federal Contract Tower,0,10,18,0,28,0,0,53,0,53,0,10,71,0,81,122,0,122,203
06/30/2000,HVN,CT,ANE,EN,Federal Contract Tower,0,16,19,0,35,0,3,127,0,130,0,19,146,0,165,134,0,134,299
07/01/2000,HVN,CT,ANE,EN,Federal Contract Tower,0,10,10,0,20,0,0,92,0,92,0,10,102,0,112,140,2,142,254
07/02/2000,HVN,CT,ANE,EN,Federal Contract Tower,0,12,10,0,22,0,4,89,0,93,0,16,99,0,115,126,0,126,241
07/03/2000,HVN,CT,ANE,EN,Federal Contract Tower,0,14,12,0,26,0,1,40,0,41,0,15,52,0,67,36,0,36,103
07/04/2000,HVN,CT,ANE,EN,Federal Contract Tower,0,14,12,0,26,0,1,16,0,17,0,15,28,0,43,18,0,18,61
07/05/2000,HVN,CT,ANE,EN,Federal Contract Tower,0,10,7,0,17,0,5,74,0,79,0,15,81,0,96,88,0,88,184
07/06/2000,HVN,CT,ANE,EN,Federal Contract Tower,0,12,10,0,22,0,9,93,0,102,0,21,103,0,124,162,0,162,286
07/07/2000,HVN,CT,ANE,EN,Federal Contract Tower,0,13,11,0,24,0,3,81,0,84,0,16,92,0,108,114,0,114,222
07/08/2000,HVN,CT,ANE,EN,Federal Contract Tower,0,12,13,0,25,0,0,145,0,145,0,12,158,0,170,60,0,60,230
07/09/2000,HVN,CT,ANE,EN,Federal Contract Tower,0,13,13,0,26,0,1,131,0,132,0,14,144,0,158,70,0,70,228
07/10/2000,HVN,CT,ANE,EN,Federal Contract Tower,0,13,17,0,30,0,0,57,0,57,0,13,74,0,87,36,0,36,123
07/11/2000,HVN,CT,ANE,EN,Federal Contract Tower,0,11,10,0,21,0,7,88,0,95,0,18,98,0,116,138,0,138,254
07/12/2000,HVN,CT,ANE,EN,Federal Contract Tower,0,14,16,0,30,0,1,117,1,119,0,15,133,1,149,132,0,132,281
07/13/2000,HVN,CT,ANE,EN,Federal Contract Tower,0,12,14,0,26,0,5,93,0,98,0,17,107,0,124,82,14,96,220
07/14/2000,HVN,CT,ANE,EN,Federal Contract Tower,0,11,13,0,24,0,5,82,0,87,0,16,95,0,111,98,0,98,209
07/15/2000,HVN,CT,ANE,EN,Federal Contract Tower,0,8,10,0,18,0,0,18,0,18,0,8,28,0,36,0,0,0,36
07/16/2000,HVN,CT,ANE,EN,Federal Contract Tower,0,15,18,0,33,0,1,79,0,80,0,16,97,0,113,90,0,90,203
07/17/2000,HVN,CT,ANE,EN,Federal Contract Tower,0,15,23,0,38,0,0,47,13,60,0,15,70,13,98,76,0,76,174
07/18/2000,HVN,CT,ANE,EN,Federal Contract Tower,0,19,22,0,41,0,0,34,0,34,0,19,56,0,75,66,0,66,141
07/19/2000,HVN,CT,ANE,EN,Federal Contract Tower,0,15,17,0,32,0,2,56,0,58,0,17,73,0,90,100,0,100,190
07/20/2000,HVN,CT,ANE,EN,Federal Contract Tower,0,16,19,0,35,0,6,104,0,110,0,22,123,0,145,156,0,156,301
07/21/2000,HVN,CT,ANE,EN,Federal Contract Tower,0,14,15,0,29,0,5,95,0,100,0,19,110,0,129,180,0,180,309
07/22/2000,HVN,CT,ANE,EN,Federal Contract Tower,0,11,12,0,23,0,1,93,0,94,0,12,105,0,117,104,4,108,225
07/23/2000,HVN,CT,ANE,EN,Federal Contract Tower,0,13,14,0,27,0,5,152,0,157,0,18,166,0,184,136,2,138,322
07/24/2000,HVN,CT,ANE,EN,Federal Contract Tower,0,12,13,0,25,0,2,86,0,88,0,14,99,0,113,124,0,124,237
07/25/2000,HVN,CT,ANE,EN,Federal Contract Tower,0,17,21,0,38,0,0,46,0,46,0,17,67,0,84,52,0,52,136
07/26/2000,HVN,CT,ANE,EN,Federal Contract Tower,0,22,26,0,48,0,0,2,0,2,0,22,28,0,50,2,0,2,52
07/27/2000,HVN,CT,ANE,EN,Federal Contract Tower,0,15,16,0,31,0,2,0,0,2,0,17,16,0,33,0,0,0,33
07/28/2000,HVN,CT,ANE,EN,Federal Contract Tower,0,9,24,0,33,0,0,45,0,45,0,9,69,0,78,54,0,54,132
07/29/2000,HVN,CT,ANE,EN,Federal Contract Tower,0,9,21,0,30,0,0,30,0,30,0,9,51,0,60,28,0,28,88
07/30/2000,HVN,CT,ANE,EN,Federal Contract Tower,0,14,22,0,36,0,0,9,0,9,0,14,31,0,45,0,0,0,45
07/31/2000,HVN,CT,ANE,EN,Federal Contract Tower,0,12,21,0,33,0,0,6,0,6,0,12,27,0,39,0,0,0,39
08/01/2000,HVN,CT,ANE,EN,Federal Contract Tower,0,15,21,0,36,0,0,9,0,9,0,15,30,0,45,2,0,2,47
08/02/2000,HVN,CT,ANE,EN,Federal Contract Tower,0,17,23,0,40,0,0,32,0,32,0,17,55,0,72,16,8,24,96
08/03/2000,HVN,CT,ANE,EN,Federal Contract Tower,0,17,18,0,35,0,1,39,0,40,0,18,57,0,75,36,0,36,111
08/04/2000,HVN,CT,ANE,EN,Federal Contract Tower,0,15,15,0,30,0,3,99,6,108,0,18,114,6,138,94,0,94,232
08/05/2000,HVN,CT,ANE,EN,Federal Contract Tower,0,9,10,0,19,0,3,127,0,130,0,12,137,0,149,62,0,62,211
08/06/2000,HVN,CT,ANE,EN,Federal Contract Tower,0,15,15,0,30,0,1,131,0,132,0,16,146,0,162,164,0,164,326
08/07/2000,HVN,CT,ANE,EN,Federal Contract Tower,0,12,17,0,29,0,0,64,0,64,0,12,81,0,93,54,0,54,147
08/08/2000,HVN,CT,ANE,EN,Federal Contract Tower,0,14,15,0,29,0,0,117,0,117,0,14,132,0,146,190,4,194,340
08/09/2000,HVN,CT,ANE,EN,Federal Contract Tower,0,12,14,0,26,0,1,62,0,63,0,13,76,0,89,88,0,88,177
08/10/2000,HVN,CT,ANE,EN,Federal Contract Tower,0,17,19,0,36,0,3,145,0,148,0,20,164,0,184,150,0,150,334
08/11/2000,HVN,CT,ANE,EN,Federal Contract Tower,0,9,11,0,20,0,7,81,0,88,0,16,92,0,108,82,0,82,190
08/12/2000,HVN,CT,ANE,EN,Federal Contract Tower,0,7,10,0,17,0,0,49,0,49,0,7,59,0,66,14,0,14,80
08/13/2000,HVN,CT,ANE,EN,Federal Contract Tower,0,12,18,0,30,0,0,31,0,31,0,12,49,0,61,28,0,28,89
08/14/2000,HVN,CT,ANE,EN,Federal Contract Tower,0,14,18,0,32,0,0,17,0,17,0,14,35,0,49,14,0,14,63
08/15/2000,HVN,CT,ANE,EN,Federal Contract Tower,0,13,15,0,28,0,8,76,0,84,0,21,91,0,112,104,0,104,216
08/16/2000,HVN,CT,ANE,EN,Federal Contract Tower,0,12,15,0,27,0,3,107,0,110,0,15,122,0,137,94,0,94,231
08/17/2000,HVN,CT,ANE,EN,Federal Contract Tower,0,10,12,0,22,0,7,180,0,187,0,17,192,0,209,88,4,92,301
08/18/2000,HVN,CT,ANE,EN,Federal Contract Tower,0,14,23,0,37,0,0,66,0,66,0,14,89,0,103,30,0,30,133
08/19/2000,HVN,CT,ANE,EN,Federal Contract Tower,0,10,14,0,24,0,0,115,0,115,0,10,129,0,139,124,2,126,265
08/20/2000,HVN,CT,ANE,EN,Federal Contract Tower,0,11,13,0,24,0,5,133,0,138,0,16,146,0,162,120,0,120,282
08/21/2000,HVN,CT,ANE,EN,Federal Contract Tower,0,14,17,0,31,0,0,106,0,106,0,14,123,0,137,100,2,102,239
08/22/2000,HVN,CT,ANE,EN,Federal Contract Tower,0,9,12,0,21,0,7,129,0,136,0,16,141,0,157,138,0,138,295
08/23/2000,HVN,CT,ANE,EN,Federal Contract Tower,0,13,16,0,29,0,7,66,0,73,0,20,82,0,102,76,2,78,180
08/24/2000,HVN,CT,ANE,EN,Federal Contract Tower,0,21,25,0,46,0,0,72,0,72,0,21,97,0,118,108,2,110,228
08/25/2000,HVN,CT,ANE,EN,Federal Contract Tower,0,15,20,0,35,0,0,130,0,130,0,15,150,0,165,112,0,112,277
08/26/2000,HVN,CT,ANE,EN,Federal Contract Tower,0,9,14,0,23,0,0,123,0,123,0,9,137,0,146,162,0,162,308
08/27/2000,HVN,CT,ANE,EN,Federal Contract Tower,0,9,15,0,24,0,0,65,0,65,0,9,80,0,89,90,4,94,183
08/28/2000,HVN,CT,ANE,EN,Federal Contract Tower,0,23,29,0,52,0,0,32,0,32,0,23,61,0,84,76,0,76,160
08/29/2000,HVN,CT,ANE,EN,Federal Contract Tower,0,14,17,0,31,0,2,83,0,85,0,16,100,0,116,124,0,124,240
08/30/2000,HVN,CT,ANE,EN,Federal Contract Tower,0,19,23,0,42,0,0,28,0,28,0,19,51,0,70,50,0,50,120
08/31/2000,HVN,CT,ANE,EN,Federal Contract Tower,0,14,16,0,30,0,2,53,0,55,0,16,69,0,85,72,0,72,157
09/01/2000,HVN,CT,ANE,EN,Federal Contract Tower,0,16,24,0,40,0,0,56,0,56,0,16,80,0,96,56,0,56,152
09/02/2000,HVN,CT,ANE,EN,Federal Contract Tower,0,8,14,0,22,0,0,9,0,9,0,8,23,0,31,10,0,10,41
09/03/2000,HVN,CT,ANE,EN,Federal Contract Tower,0,9,12,0,21,0,0,2,0,2,0,9,14,0,23,0,0,0,23
09/04/2000,HVN,CT,ANE,EN,Federal Contract Tower,0,13,18,0,31,0,0,49,0,49,0,13,67,0,80,32,0,32,112
09/05/2000,HVN,CT,ANE,EN,Federal Contract Tower,0,14,15,0,29,0,2,61,0,63,0,16,76,0,92,150,0,150,242
09/06/2000,HVN,CT,ANE,EN,Federal Contract Tower,0,18,25,0,43,0,0,109,0,109,0,18,134,0,152,104,0,104,256
09/07/2000,HVN,CT,ANE,EN,Federal Contract Tower,0,13,14,0,27,0,1,102,0,103,0,14,116,0,130,122,0,122,252
09/08/2000,HVN,CT,ANE,EN,Federal Contract Tower,0,16,18,0,34,0,5,91,0,96,0,21,109,0,130,104,2,106,236
09/09/2000,HVN,CT,ANE,EN,Federal Contract Tower,0,11,15,0,26,0,0,74,0,74,0,11,89,0,100,126,4,130,230
09/10/2000,HVN,CT,ANE,EN,Federal Contract Tower,0,12,13,0,25,0,3,94,0,97,0,15,107,0,122,108,0,108,230
09/11/2000,HVN,CT,ANE,EN,Federal Contract Tower,0,15,19,0,34,0,1,53,0,54,0,16,72,0,88,82,0,82,170
09/12/2000,HVN,CT,ANE,EN,Federal Contract Tower,0,13,16,0,29,0,3,55,0,58,0,16,71,0,87,92,0,92,179
09/13/2000,HVN,CT,ANE,EN,Federal Contract Tower,0,16,20,0,36,0,0,64,0,64,0,16,84,0,100,100,4,104,204
09/14/2000,HVN,CT,ANE,EN,Federal Contract Tower,0,13,18,0,31,0,0,90,0,90,0,13,108,0,121,212,2,214,335
09/15/2000,HVN,CT,ANE,EN,Federal Contract Tower,0,17,22,0,39,0,0,49,0,49,0,17,71,0,88,72,0,72,160
09/16/2000,HVN,CT,ANE,EN,Federal Contract Tower,0,11,14,0,25,0,1,93,2,96,0,12,107,2,121,136,0,136,257
09/17/2000,HVN,CT,ANE,EN,Federal Contract Tower,0,8,12,0,20,0,5,122,0,127,0,13,134,0,147,98,2,100,247
09/18/2000,HVN,CT,ANE,EN,Federal Contract Tower,0,10,13,0,23,0,6,55,0,61,0,16,68,0,84,146,0,146,230
09/19/2000,HVN,CT,ANE,EN,Federal Contract Tower,0,16,21,0,37,0,0,26,0,26,0,16,47,0,63,38,0,38,101
09/20/2000,HVN,CT,ANE,EN,Federal Contract Tower,0,15,19,0,34,0,4,98,0,102,0,19,117,0,136,158,4,162,298
09/21/2000,HVN,CT,ANE,EN,Federal Contract Tower,0,13,18,0,31,0,3,77,0,80,0,16,95,0,111,116,2,118,229
09/22/2000,HVN,CT,ANE,EN,Federal Contract Tower,0,13,18,0,31,0,4,142,0,146,0,17,160,0,177,160,0,160,337
09/23/2000,HVN,CT,ANE,EN,Federal Contract Tower,0,11,16,0,27,0,0,50,0,50,0,11,66,0,77,104,0,104,181
09/24/2000,HVN,CT,ANE,EN,Federal Contract Tower,0,15,25,0,40,0,0,13,0,13,0,15,38,0,53,2,0,2,55
09/25/2000,HVN,CT,ANE,EN,Federal Contract Tower,0,13,17,0,30,0,2,55,2,59,0,15,72,2,89,82,2,84,173
09/26/2000,HVN,CT,ANE,EN,Federal Contract Tower,0,11,12,0,23,0,5,0,0,5,0,16,12,0,28,0,0,0,28
09/27/2000,HVN,CT,ANE,EN,Federal Contract Tower,0,17,23,0,40,0,4,78,4,86,0,21,101,4,126,80,4,84,210
09/28/2000,HVN,CT,ANE,EN,Federal Contract Tower,0,9,12,0,21,0,7,100,0,107,0,16,112,0,128,128,10,138,266
09/29/2000,HVN,CT,ANE,EN,Federal Contract Tower,0,11,16,0,27,0,0,117,0,117,0,11,133,0,144,130,2,132,276
09/30/2000,HVN,CT,ANE,EN,Federal Contract Tower,0,6,8,0,14,0,3,107,0,110,0,9,115,0,124,144,0,144,268
10/01/2000,HVN,CT,ANE,EN,Federal Contract Tower,0,10,13,0,23,0,0,106,0,106,0,10,119,0,129,84,0,84,213
10/02/2000,HVN,CT,ANE,EN,Federal Contract Tower,0,13,17,0,30,0,0,37,0,37,0,13,54,0,67,68,0,68,135
10/03/2000,HVN,CT,ANE,EN,Federal Contract Tower,0,9,12,0,21,0,7,69,0,76,0,16,81,0,97,128,12,140,237
10/04/2000,HVN,CT,ANE,EN,Federal Contract Tower,0,10,12,0,22,0,5,95,2,102,0,15,107,2,124,140,2,142,266
10/05/2000,HVN,CT,ANE,EN,Federal Contract Tower,0,14,17,0,31,0,4,53,0,57,0,18,70,0,88,78,0,78,166
10/06/2000,HVN,CT,ANE,EN,Federal Contract Tower,0,15,20,0,35,0,0,5,0,5,0,15,25,0,40,4,0,4,44
10/07/2000,HVN,CT,ANE,EN,Federal Contract Tower,0,10,13,0,23,0,0,91,0,91,0,10,104,0,114,124,0,124,238
10/08/2000,HVN,CT,ANE,EN,Federal Contract Tower,0,14,15,0,29,0,2,76,0,78,0,16,91,0,107,144,0,144,251
10/09/2000,HVN,CT,ANE,EN,Federal Contract Tower,0,14,15,0,29,0,2,56,0,58,0,16,71,0,87,100,2,102,189
10/10/2000,HVN,CT,ANE,EN,Federal Contract Tower,0,14,16,0,30,0,0,83,0,83,0,14,99,0,113,100,0,100,213
10/11/2000,HVN,CT,ANE,EN,Federal Contract Tower,0,17,18,0,35,0,0,70,0,70,0,17,88,0,105,98,0,98,203
10/12/2000,HVN,CT,ANE,EN,Federal Contract Tower,0,12,12,0,24,0,2,133,3,138,0,14,145,3,162,166,0,166,328
10/13/2000,HVN,CT,ANE,EN,Federal Contract Tower,0,9,10,0,19,0,6,117,2,125,0,15,127,2,144,156,6,162,306
10/14/2000,HVN,CT,ANE,EN,Federal Contract Tower,0,11,9,0,20,0,0,149,0,149,0,11,158,0,169,130,0,130,299
10/15/2000,HVN,CT,ANE,EN,Federal Contract Tower,0,13,13,0,26,0,0,134,0,134,0,13,147,0,160,80,0,80,240
10/16/2000,HVN,CT,ANE,EN,Federal Contract Tower,0,14,15,0,29,0,0,13,0,13,0,14,28,0,42,14,0,14,56
10/17/2000,HVN,CT,ANE,EN,Federal Contract Tower,0,13,11,0,24,0,5,37,4,46,0,18,48,4,70,84,2,86,156
10/18/2000,HVN,CT,ANE,EN,Federal Contract Tower,0,17,14,0,31,0,1,0,0,1,0,18,14,0,32,0,0,0,32
10/19/2000,HVN,CT,ANE,EN,Federal Contract Tower,0,16,21,0,37,0,0,60,0,60,0,16,81,0,97,112,0,112,209
10/20/2000,HVN,CT,ANE,EN,Federal Contract Tower,0,16,17,0,33,0,0,109,0,109,0,16,126,0,142,124,0,124,266
10/21/2000,HVN,CT,ANE,EN,Federal Contract Tower,0,9,8,0,17,0,0,98,0,98,0,9,106,0,115,142,0,142,257
10/22/2000,HVN,CT,ANE,EN,Federal Contract Tower,0,13,14,0,27,0,0,127,0,127,0,13,141,0,154,200,0,200,354
10/23/2000,HVN,CT,ANE,EN,Federal Contract Tower,0,16,15,0,31,0,0,89,0,89,0,16,104,0,120,116,16,132,252
10/24/2000,HVN,CT,ANE,EN,Federal Contract Tower,0,13,12,0,25,0,5,88,0,93,0,18,100,0,118,110,0,110,228
10/25/2000,HVN,CT,ANE,EN,Federal Contract Tower,0,15,14,0,29,0,0,49,0,49,0,15,63,0,78,88,0,88,166
10/26/2000,HVN,CT,ANE,EN,Federal Contract Tower,0,17,21,0,38,0,0,20,0,20,0,17,41,0,58,84,0,84,142
10/27/2000,HVN,CT,ANE,EN,Federal Contract Tower,0,14,17,0,31,0,0,31,0,31,0,14,48,0,62,40,0,40,102
10/28/2000,HVN,CT,ANE,EN,Federal Contract Tower,0,9,7,0,16,0,2,12,0,14,0,11,19,0,30,10,0,10,40
10/29/2000,HVN,CT,ANE,EN,Federal Contract Tower,0,11,10,0,21,0,2,6,0,8,0,13,16,0,29,6,0,6,35
10/30/2000,HVN,CT,ANE,EN,Federal Contract Tower,0,13,12,0,25,0,3,29,0,32,0,16,41,0,57,28,0,28,85
10/31/2000,HVN,CT,ANE,EN,Federal Contract Tower,0,10,9,0,19,0,5,34,0,39,0,15,43,0,58,60,0,60,118
11/01/2000,HVN,CT,ANE,EN,Federal Contract Tower,0,16,18,0,34,0,0,73,0,73,0,16,91,0,107,76,0,76,183
11/02/2000,HVN,CT,ANE,EN,Federal Contract Tower,0,12,11,0,23,0,4,80,0,84,0,16,91,0,107,135,0,135,242
11/03/2000,HVN,CT,ANE,EN,Federal Contract Tower,0,15,15,0,30,0,0,113,0,113,0,15,128,0,143,210,4,214,357
11/04/2000,HVN,CT,ANE,EN,Federal Contract Tower,0,11,11,0,22,0,0,66,4,70,0,11,77,4,92,120,0,120,212
11/05/2000,HVN,CT,ANE,EN,Federal Contract Tower,0,13,13,0,26,0,0,35,0,35,0,13,48,0,61,40,0,40,101
11/06/2000,HVN,CT,ANE,EN,Federal Contract Tower,0,10,9,0,19,0,4,75,0,79,0,14,84,0,98,116,0,116,214
11/07/2000,HVN,CT,ANE,EN,Federal Contract Tower,0,14,14,0,28,0,7,64,0,71,0,21,78,0,99,142,0,142,241
11/08/2000,HVN,CT,ANE,EN,Federal Contract Tower,0,16,16,0,32,0,3,79,0,82,0,19,95,0,114,144,0,144,258
11/09/2000,HVN,CT,ANE,EN,Federal Contract Tower,0,16,16,0,32,0,1,61,0,62,0,17,77,0,94,126,0,126,220
11/10/2000,HVN,CT,ANE,EN,Federal Contract Tower,0,17,16,0,33,0,1,0,0,1,0,18,16,0,34,0,0,0,34
11/11/2000,HVN,CT,ANE,EN,Federal Contract Tower,0,11,10,0,21,0,0,12,0,12,0,11,22,0,33,0,0,0,33
11/12/2000,HVN,CT,ANE,EN,Federal Contract Tower,0,12,12,0,24,0,3,114,0,117,0,15,126,0,141,178,0,178,319
11/13/2000,HVN,CT,ANE,EN,Federal Contract Tower,0,15,17,0,32,0,0,52,0,52,0,15,69,0,84,74,0,74,158
11/14/2000,HVN,CT,ANE,EN,Federal Contract Tower,0,16,14,0,30,0,1,6,0,7,0,17,20,0,37,6,0,6,43
11/15/2000,HVN,CT,ANE,EN,Federal Contract Tower,0,16,14,0,30,0,1,54,0,55,0,17,68,0,85,32,0,32,117
11/16/2000,HVN,CT,ANE,EN,Federal Contract Tower,0,18,20,0,38,0,0,80,0,80,0,18,100,0,118,136,0,136,254
11/17/2000,HVN,CT,ANE,EN,Federal Contract Tower,0,17,15,0,32,0,0,55,0,55,0,17,70,0,87,84,0,84,171
11/18/2000,HVN,CT,ANE,EN,Federal Contract Tower,0,10,7,0,17,0,1,67,0,68,0,11,74,0,85,124,0,124,209
11/19/2000,HVN,CT,ANE,EN,Federal Contract Tower,0,11,8,0,19,0,0,97,0,97,0,11,105,0,116,64,2,66,182
11/20/2000,HVN,CT,ANE,EN,Federal Contract Tower,0,12,9,0,21,0,5,37,0,42,0,17,46,0,63,78,2,80,143
11/21/2000,HVN,CT,ANE,EN,Federal Contract Tower,0,17,15,0,32,0,1,94,0,95,0,18,109,0,127,118,2,120,247
11/22/2000,HVN,CT,ANE,EN,Federal Contract Tower,0,13,11,0,24,0,3,66,0,69,0,16,77,0,93,24,0,24,117
11/23/2000,HVN,CT,ANE,EN,Federal Contract Tower,0,5,4,0,9,0,3,16,0,19,0,8,20,0,28,20,0,20,48
11/24/2000,HVN,CT,ANE,EN,Federal Contract Tower,0,6,4,0,10,0,0,82,0,82,0,6,86,0,92,104,0,104,196
11/25/2000,HVN,CT,ANE,EN,Federal Contract Tower,0,11,11,0,22,0,0,77,0,77,0,11,88,0,99,134,0,134,233
11/26/2000,HVN,CT,ANE,EN,Federal Contract Tower,0,9,10,0,19,0,0,4,0,4,0,9,14,0,23,0,0,0,23
11/27/2000,HVN,CT,ANE,EN,Federal Contract Tower,0,12,14,0,26,0,0,87,0,87,0,12,101,0,113,105,0,105,218
11/28/2000,HVN,CT,ANE,EN,Federal Contract Tower,0,15,12,0,27,0,0,77,0,77,0,15,89,0,104,102,6,108,212
11/29/2000,HVN,CT,ANE,EN,Federal Contract Tower,0,14,12,0,26,0,6,78,0,84,0,20,90,0,110,148,2,150,260
11/30/2000,HVN,CT,ANE,EN,Federal Contract Tower,0,18,15,0,33,0,4,32,0,36,0,22,47,0,69,12,0,12,81
12/01/2000,HVN,CT,ANE,EN,Federal Contract Tower,0,16,13,0,29,0,0,52,0,52,0,16,65,0,81,78,0,78,159
12/02/2000,HVN,CT,ANE,EN,Federal Contract Tower,0,11,11,0,22,0,0,64,0,64,0,11,75,0,86,46,0,46,132
12/03/2000,HVN,CT,ANE,EN,Federal Contract Tower,0,11,10,0,21,0,0,60,0,60,0,11,70,0,81,146,0,146,227
12/04/2000,HVN,CT,ANE,EN,Federal Contract Tower,0,16,12,0,28,0,2,73,0,75,0,18,85,0,103,114,0,114,217
12/05/2000,HVN,CT,ANE,EN,Federal Contract Tower,0,13,10,0,23,0,3,65,0,68,0,16,75,0,91,84,0,84,175
12/06/2000,HVN,CT,ANE,EN,Federal Contract Tower,0,16,14,0,30,0,0,78,0,78,0,16,92,0,108,80,0,80,188
12/07/2000,HVN,CT,ANE,EN,Federal Contract Tower,0,13,10,0,23,0,1,59,0,60,0,14,69,0,83,40,0,40,123
12/08/2000,HVN,CT,ANE,EN,Federal Contract Tower,0,18,19,0,37,0,0,6,0,6,0,18,25,0,43,6,0,6,49
12/09/2000,HVN,CT,ANE,EN,Federal Contract Tower,0,9,8,0,17,0,2,95,0,97,0,11,103,0,114,118,0,118,232
12/10/2000,HVN,CT,ANE,EN,Federal Contract Tower,0,11,9,0,20,0,2,100,0,102,0,13,109,0,122,194,0,194,316
12/11/2000,HVN,CT,ANE,EN,Federal Contract Tower,0,9,6,0,15,0,5,0,0,5,0,14,6,0,20,28,0,28,48
12/12/2000,HVN,CT,ANE,EN,Federal Contract Tower,0,12,9,0,21,0,4,0,0,4,0,16,9,0,25,0,0,0,25
12/13/2000,HVN,CT,ANE,EN,Federal Contract Tower,0,17,13,0,30,0,2,50,0,52,0,19,63,0,82,130,0,130,212
12/14/2000,HVN,CT,ANE,EN,Federal Contract Tower,0,15,11,0,26,0,1,16,0,17,0,16,27,0,43,0,0,0,43
12/15/2000,HVN,CT,ANE,EN,Federal Contract Tower,0,14,16,0,30,0,0,66,0,66,0,14,82,0,96,170,0,170,266
12/16/2000,HVN,CT,ANE,EN,Federal Contract Tower,0,5,5,0,10,0,2,26,0,28,0,7,31,0,38,64,0,64,102
12/17/2000,HVN,CT,ANE,EN,Federal Contract Tower,0,5,0,0,5,0,3,0,0,3,0,8,0,0,8,0,0,0,8
12/18/2000,HVN,CT,ANE,EN,Federal Contract Tower,0,14,10,0,24,0,0,44,0,44,0,14,54,0,68,88,0,88,156
12/19/2000,HVN,CT,ANE,EN,Federal Contract Tower,0,16,10,0,26,0,4,99,0,103,0,20,109,0,129,146,0,146,275
12/20/2000,HVN,CT,ANE,EN,Federal Contract Tower,0,14,10,0,24,0,0,16,2,18,0,14,26,2,42,38,2,40,82
12/21/2000,HVN,CT,ANE,EN,Federal Contract Tower,0,14,10,0,24,0,2,122,0,124,0,16,132,0,148,150,0,150,298
12/22/2000,HVN,CT,ANE,EN,Federal Contract Tower,0,11,8,0,19,0,3,7,0,10,0,14,15,0,29,14,0,14,43
12/23/2000,HVN,CT,ANE,EN,Federal Contract Tower,0,9,7,0,16,0,0,64,0,64,0,9,71,0,80,74,0,74,154
12/24/2000,HVN,CT,ANE,EN,Federal Contract Tower,0,9,6,0,15,0,4,44,0,48,0,13,50,0,63,58,0,58,121
12/25/2000,HVN,CT,ANE,EN,Federal Contract Tower,0,6,0,0,6,0,3,0,0,3,0,9,0,0,9,4,0,4,13
12/26/2000,HVN,CT,ANE,EN,Federal Contract Tower,0,13,8,0,21,0,1,29,0,30,0,14,37,0,51,44,0,44,95
12/27/2000,HVN,CT,ANE,EN,Federal Contract Tower,0,11,7,0,18,0,6,26,0,32,0,17,33,0,50,58,0,58,108
12/28/2000,HVN,CT,ANE,EN,Federal Contract Tower,0,15,10,0,25,0,0,32,0,32,0,15,42,0,57,14,0,14,71
12/29/2000,HVN,CT,ANE,EN,Federal Contract Tower,0,13,9,0,22,0,1,110,0,111,0,14,119,0,133,100,0,100,233
12/30/2000,HVN,CT,ANE,EN,Federal Contract Tower,0,0,0,0,0,0,0,1,0,1,0,0,1,0,1,0,0,0,1
12/31/2000,HVN,CT,ANE,EN,Federal Contract Tower,0,5,2,0,7,0,1,3,0,4,0,6,5,0,11,0,0,0,11
01/01/2001,HVN,CT,ANE,EN,Federal Contract Tower,0,7,8,0,15,0,3,39,0,42,0,10,47,0,57,38,0,38,95
01/02/2001,HVN,CT,ANE,EN,Federal Contract Tower,0,9,11,0,20,0,5,26,0,31,0,14,37,0,51,36,0,36,87
01/03/2001,HVN,CT,ANE,EN,Federal Contract Tower,0,12,14,0,26,0,3,63,2,68,0,15,77,2,94,76,0,76,170
01/04/2001,HVN,CT,ANE,EN,Federal Contract Tower,0,12,15,0,27,0,7,43,0,50,0,19,58,0,77,72,0,72,149
01/05/2001,HVN,CT,ANE,EN,Federal Contract Tower,0,7,9,0,16,0,3,24,0,27,0,10,33,0,43,42,0,42,85
01/06/2001,HVN,CT,ANE,EN,Federal Contract Tower,0,9,11,0,20,0,1,47,0,48,0,10,58,0,68,148,0,148,216
01/07/2001,HVN,CT,ANE,EN,Federal Contract Tower,0,7,9,0,16,0,5,75,0,80,0,12,84,0,96,126,0,126,222
01/08/2001,HVN,CT,ANE,EN,Federal Contract Tower,0,11,13,0,24,0,1,20,0,21,0,12,33,0,45,46,10,56,101
01/09/2001,HVN,CT,ANE,EN,Federal Contract Tower,0,11,15,0,26,0,0,34,0,34,0,11,49,0,60,62,6,68,128
01/10/2001,HVN,CT,ANE,EN,Federal Contract Tower,0,16,17,0,33,0,0,76,0,76,0,16,93,0,109,76,0,76,185
01/11/2001,HVN,CT,ANE,EN,Federal Contract Tower,0,13,13,0,26,0,0,76,3,79,0,13,89,3,105,60,0,60,165
01/12/2001,HVN,CT,ANE,EN,Federal Contract Tower,0,18,15,0,33,0,1,65,10,76,0,19,80,10,109,114,0,114,223
01/13/2001,HVN,CT,ANE,EN,Federal Contract Tower,0,10,13,0,23,0,0,91,0,91,0,10,104,0,114,180,0,180,294
01/14/2001,HVN,CT,ANE,EN,Federal Contract Tower,0,14,12,0,26,0,1,47,0,48,0,15,59,0,74,122,0,122,196
01/15/2001,HVN,CT,ANE,EN,Federal Contract Tower,0,6,5,0,11,0,0,0,0,0,0,6,5,0,11,0,0,0,11
01/16/2001,HVN,CT,ANE,EN,Federal Contract Tower,0,14,13,0,27,0,0,52,0,52,0,14,65,0,79,28,0,28,107
01/17/2001,HVN,CT,ANE,EN,Federal Contract Tower,0,18,18,0,36,0,0,87,6,93,0,18,105,6,129,100,10,110,239
01/18/2001,HVN,CT,ANE,EN,Federal Contract Tower,0,12,14,0,26,0,0,74,0,74,0,12,88,0,100,88,2,90,190
01/19/2001,HVN,CT,ANE,EN,Federal Contract Tower,0,12,6,0,18,0,5,0,0,5,0,17,6,0,23,0,0,0,23
01/20/2001,HVN,CT,ANE,EN,Federal Contract Tower,0,8,2,0,10,0,4,0,0,4,0,12,2,0,14,0,0,0,14
01/21/2001,HVN,CT,ANE,EN,Federal Contract Tower,0,7,6,0,13,0,0,6,0,6,0,7,12,0,19,0,0,0,19
01/22/2001,HVN,CT,ANE,EN,Federal Contract Tower,0,13,16,0,29,0,0,77,0,77,0,13,93,0,106,76,0,76,182
01/23/2001,HVN,CT,ANE,EN,Federal Contract Tower,0,14,12,0,26,0,0,54,0,54,0,14,66,0,80,120,2,122,202
01/24/2001,HVN,CT,ANE,EN,Federal Contract Tower,0,17,15,0,32,0,0,85,0,85,0,17,100,0,117,96,0,96,213
01/25/2001,HVN,CT,ANE,EN,Federal Contract Tower,0,11,10,0,21,0,0,70,0,70,0,11,80,0,91,82,0,82,173
01/26/2001,HVN,CT,ANE,EN,Federal Contract Tower,0,14,13,0,27,0,2,114,0,116,0,16,127,0,143,136,0,136,279
01/27/2001,HVN,CT,ANE,EN,Federal Contract Tower,0,9,12,0,21,0,0,19,0,19,0,9,31,0,40,86,0,86,126
01/28/2001,HVN,CT,ANE,EN,Federal Contract Tower,0,13,11,0,24,0,0,105,0,105,0,13,116,0,129,148,0,148,277
01/29/2001,HVN,CT,ANE,EN,Federal Contract Tower,0,13,13,0,26,0,0,68,0,68,0,13,81,0,94,128,0,128,222
01/30/2001,HVN,CT,ANE,EN,Federal Contract Tower,0,7,3,0,10,0,2,0,0,2,0,9,3,0,12,0,0,0,12
01/31/2001,HVN,CT,ANE,EN,Federal Contract Tower,0,12,11,0,23,0,5,40,0,45,0,17,51,0,68,82,0,82,150
02/01/2001,HVN,CT,ANE,EN,Federal Contract Tower,0,10,10,0,20,0,4,53,0,57,0,14,63,0,77,69,0,69,146
02/02/2001,HVN,CT,ANE,EN,Federal Contract Tower,0,10,12,0,22,0,8,18,0,26,0,18,30,0,48,66,2,68,116
02/03/2001,HVN,CT,ANE,EN,Federal Contract Tower,0,7,9,0,16,0,2,47,0,49,0,9,56,0,65,92,0,92,157
02/04/2001,HVN,CT,ANE,EN,Federal Contract Tower,0,10,12,0,22,0,1,71,0,72,0,11,83,0,94,188,0,188,282
02/05/2001,HVN,CT,ANE,EN,Federal Contract Tower,0,1,3,0,4,0,1,0,0,1,0,2,3,0,5,0,0,0,5
02/06/2001,HVN,CT,ANE,EN,Federal Contract Tower,0,8,11,0,19,0,0,8,0,8,0,8,19,0,27,20,0,20,47
02/07/2001,HVN,CT,ANE,EN,Federal Contract Tower,0,10,10,0,20,0,1,46,2,49,0,11,56,2,69,110,2,112,181
02/08/2001,HVN,CT,ANE,EN,Federal Contract Tower,0,14,15,0,29,0,0,70,0,70,0,14,85,0,99,142,2,144,243
02/09/2001,HVN,CT,ANE,EN,Federal Contract Tower,0,13,15,0,28,0,0,19,0,19,0,13,34,0,47,0,0,0,47
02/10/2001,HVN,CT,ANE,EN,Federal Contract Tower,0,8,8,0,16,0,0,2,0,2,0,8,10,0,18,0,0,0,18
02/11/2001,HVN,CT,ANE,EN,Federal Contract Tower,0,14,15,0,29,0,0,25,0,25,0,14,40,0,54,74,0,74,128
02/12/2001,HVN,CT,ANE,EN,Federal Contract Tower,0,16,14,0,30,0,0,68,0,68,0,16,82,0,98,130,0,130,228
02/13/2001,HVN,CT,ANE,EN,Federal Contract Tower,0,11,14,0,25,0,0,91,0,91,0,11,105,0,116,102,0,102,218
02/14/2001,HVN,CT,ANE,EN,Federal Contract Tower,0,13,11,0,24,0,2,36,0,38,0,15,47,0,62,70,2,72,134
02/15/2001,HVN,CT,ANE,EN,Federal Contract Tower,0,13,15,0,28,0,0,66,0,66,0,13,81,0,94,120,0,120,214
02/16/2001,HVN,CT,ANE,EN,Federal Contract Tower,0,17,15,0,32,0,1,36,0,37,0,18,51,0,69,66,0,66,135
02/17/2001,HVN,CT,ANE,EN,Federal Contract Tower,0,6,5,0,11,0,4,8,0,12,0,10,13,0,23,6,0,6,29
02/18/2001,HVN,CT,ANE,EN,Federal Contract Tower,0,14,19,0,33,0,0,117,0,117,0,14,136,0,150,226,0,226,376
02/19/2001,HVN,CT,ANE,EN,Federal Contract Tower,0,13,10,0,23,0,0,81,0,81,0,13,91,0,104,94,0,94,198
02/20/2001,HVN,CT,ANE,EN,Federal Contract Tower,0,13,11,0,24,0,0,83,0,83,0,13,94,0,107,62,0,62,169
02/21/2001,HVN,CT,ANE,EN,Federal Contract Tower,0,11,9,0,20,0,3,38,0,41,0,14,47,0,61,56,2,58,119
02/22/2001,HVN,CT,ANE,EN,Federal Contract Tower,0,6,4,0,10,0,1,34,0,35,0,7,38,0,45,74,0,74,119
02/23/2001,HVN,CT,ANE,EN,Federal Contract Tower,0,12,11,0,23,0,0,35,0,35,0,12,46,0,58,36,2,38,96
02/24/2001,HVN,CT,ANE,EN,Federal Contract Tower,0,10,9,0,19,0,0,117,0,117,0,10,126,0,136,122,0,122,258
02/25/2001,HVN,CT,ANE,EN,Federal Contract Tower,0,5,1,0,6,0,3,0,0,3,0,8,1,0,9,0,0,0,9
02/26/2001,HVN,CT,ANE,EN,Federal Contract Tower,0,11,9,0,20,0,1,21,0,22,0,12,30,0,42,34,0,34,76
02/27/2001,HVN,CT,ANE,EN,Federal Contract Tower,0,15,13,0,28,0,0,59,2,61,0,15,72,2,89,66,0,66,155
02/28/2001,HVN,CT,ANE,EN,Federal Contract Tower,0,14,11,0,25,0,1,40,0,41,0,15,51,0,66,70,0,70,136
03/01/2001,HVN,CT,ANE,EN,Federal Contract Tower,0,11,11,0,22,0,6,44,0,50,0,17,55,0,72,38,0,38,110
03/02/2001,HVN,CT,ANE,EN,Federal Contract Tower,0,11,12,0,23,0,2,0,0,2,0,13,12,0,25,2,0,2,27
03/03/2001,HVN,CT,ANE,EN,Federal Contract Tower,0,9,12,0,21,0,0,6,0,6,0,9,18,0,27,16,0,16,43
03/04/2001,HVN,CT,ANE,EN,Federal Contract Tower,0,6,8,0,14,0,3,5,0,8,0,9,13,0,22,32,0,32,54
03/05/2001,HVN,CT,ANE,EN,Federal Contract Tower,0,0,1,0,1,0,0,0,0,0,0,0,1,0,1,0,0,0,1
03/06/2001,HVN,CT,ANE,EN,Federal Contract Tower,0,0,0,0,0,0,0,0,0,0,0,0,0,0,0,0,0,0,0
03/07/2001,HVN,CT,ANE,EN,Federal Contract Tower,0,10,13,0,23,0,6,13,0,19,0,16,26,0,42,66,2,68,110
03/08/2001,HVN,CT,ANE,EN,Federal Contract Tower,0,11,14,0,25,0,2,64,0,66,0,13,78,0,91,134,0,134,225
03/09/2001,HVN,CT,ANE,EN,Federal Contract Tower,0,10,13,0,23,0,1,4,0,5,0,11,17,0,28,0,0,0,28
03/10/2001,HVN,CT,ANE,EN,Federal Contract Tower,0,8,11,0,19,0,0,14,0,14,0,8,25,0,33,24,0,24,57
03/11/2001,HVN,CT,ANE,EN,Federal Contract Tower,0,12,14,0,26,0,1,61,0,62,0,13,75,0,88,160,0,160,248
03/12/2001,HVN,CT,ANE,EN,Federal Contract Tower,0,11,17,0,28,0,0,86,0,86,0,11,103,0,114,170,2,172,286
03/13/2001,HVN,CT,ANE,EN,Federal Contract Tower,0,13,16,0,29,0,0,4,0,4,0,13,20,0,33,0,0,0,33
03/14/2001,HVN,CT,ANE,EN,Federal Contract Tower,0,10,8,0,18,0,3,31,0,34,0,13,39,0,52,36,0,36,88
03/15/2001,HVN,CT,ANE,EN,Federal Contract Tower,0,11,10,0,21,0,3,50,0,53,0,14,60,0,74,78,12,90,164
03/16/2001,HVN,CT,ANE,EN,Federal Contract Tower,0,12,10,0,22,0,1,67,0,68,0,13,77,0,90,98,0,98,188
03/17/2001,HVN,CT,ANE,EN,Federal Contract Tower,0,8,12,0,20,0,0,71,0,71,0,8,83,0,91,128,0,128,219
03/18/2001,HVN,CT,ANE,EN,Federal Contract Tower,0,13,12,0,25,0,0,22,0,22,0,13,34,0,47,22,4,26,73
03/19/2001,HVN,CT,ANE,EN,Federal Contract Tower,0,12,11,0,23,0,3,63,0,66,0,15,74,0,89,98,0,98,187
03/20/2001,HVN,CT,ANE,EN,Federal Contract Tower,0,13,11,0,24,0,0,84,0,84,0,13,95,0,108,180,0,180,288
03/21/2001,HVN,CT,ANE,EN,Federal Contract Tower,0,10,9,0,19,0,2,12,0,14,0,12,21,0,33,14,2,16,49
03/22/2001,HVN,CT,ANE,EN,Federal Contract Tower,0,10,7,0,17,0,5,0,0,5,0,15,7,0,22,0,0,0,22
03/23/2001,HVN,CT,ANE,EN,Federal Contract Tower,0,14,12,0,26,0,0,9,0,9,0,14,21,0,35,0,0,0,35
03/24/2001,HVN,CT,ANE,EN,Federal Contract Tower,0,10,9,0,19,0,2,30,0,32,0,12,39,0,51,36,0,36,87
03/25/2001,HVN,CT,ANE,EN,Federal Contract Tower,0,14,18,0,32,0,0,92,0,92,0,14,110,0,124,160,0,160,284
03/26/2001,HVN,CT,ANE,EN,Federal Contract Tower,0,9,9,0,18,0,0,0,0,0,0,9,9,0,18,10,0,10,28
03/27/2001,HVN,CT,ANE,EN,Federal Contract Tower,0,12,11,0,23,0,1,56,0,57,0,13,67,0,80,126,0,126,206
03/28/2001,HVN,CT,ANE,EN,Federal Contract Tower,0,13,15,0,28,0,0,72,0,72,0,13,87,0,100,194,4,198,298
03/29/2001,HVN,CT,ANE,EN,Federal Contract Tower,0,12,13,0,25,0,0,46,4,50,0,12,59,4,75,82,6,88,163
03/30/2001,HVN,CT,ANE,EN,Federal Contract Tower,0,8,6,0,14,0,1,0,0,1,0,9,6,0,15,0,0,0,15
03/31/2001,HVN,CT,ANE,EN,Federal Contract Tower,0,7,14,0,21,0,0,79,0,79,0,7,93,0,100,210,0,210,310
04/01/2001,HVN,CT,ANE,EN,Federal Contract Tower,0,8,10,0,18,0,4,24,0,28,0,12,34,0,46,194,0,194,240
04/02/2001,HVN,CT,ANE,EN,Federal Contract Tower,0,14,12,0,26,0,1,36,0,37,0,15,48,0,63,92,0,92,155
04/03/2001,HVN,CT,ANE,EN,Federal Contract Tower,0,10,13,0,23,0,3,47,0,50,0,13,60,0,73,92,0,92,165
04/04/2001,HVN,CT,ANE,EN,Federal Contract Tower,0,13,19,0,32,0,0,88,0,88,0,13,107,0,120,208,0,208,328
04/05/2001,HVN,CT,ANE,EN,Federal Contract Tower,0,12,21,0,33,0,1,90,0,91,0,13,111,0,124,116,0,116,240
04/06/2001,HVN,CT,ANE,EN,Federal Contract Tower,0,14,20,0,34,0,0,25,0,25,0,14,45,0,59,40,0,40,99
04/07/2001,HVN,CT,ANE,EN,Federal Contract Tower,0,9,27,0,36,0,0,45,0,45,0,9,72,0,81,126,2,128,209
04/08/2001,HVN,CT,ANE,EN,Federal Contract Tower,0,10,15,0,25,0,0,0,0,0,0,10,15,0,25,6,0,6,31
04/09/2001,HVN,CT,ANE,EN,Federal Contract Tower,0,10,21,0,31,0,0,58,0,58,0,10,79,0,89,44,0,44,133
04/10/2001,HVN,CT,ANE,EN,Federal Contract Tower,0,18,21,0,39,0,0,57,0,57,0,18,78,0,96,154,2,156,252
04/11/2001,HVN,CT,ANE,EN,Federal Contract Tower,0,13,18,0,31,0,0,58,0,58,0,13,76,0,89,124,0,124,213
04/12/2001,HVN,CT,ANE,EN,Federal Contract Tower,0,10,10,0,20,0,0,0,0,0,0,10,10,0,20,0,0,0,20
04/13/2001,HVN,CT,ANE,EN,Federal Contract Tower,0,13,12,0,25,0,0,38,0,38,0,13,50,0,63,66,0,66,129
04/14/2001,HVN,CT,ANE,EN,Federal Contract Tower,0,14,11,0,25,0,0,78,0,78,0,14,89,0,103,90,0,90,193
04/15/2001,HVN,CT,ANE,EN,Federal Contract Tower,0,17,4,0,21,0,0,82,0,82,0,17,86,0,103,102,0,102,205
04/16/2001,HVN,CT,ANE,EN,Federal Contract Tower,0,15,13,0,28,0,0,54,0,54,0,15,67,0,82,76,0,76,158
04/17/2001,HVN,CT,ANE,EN,Federal Contract Tower,0,15,16,0,31,0,0,51,0,51,0,15,67,0,82,126,4,130,212
04/18/2001,HVN,CT,ANE,EN,Federal Contract Tower,0,14,13,0,27,0,0,16,0,16,0,14,29,0,43,8,0,8,51
04/19/2001,HVN,CT,ANE,EN,Federal Contract Tower,0,18,24,0,42,0,2,89,0,91,0,20,113,0,133,78,2,80,213
04/20/2001,HVN,CT,ANE,EN,Federal Contract Tower,0,19,22,0,41,0,0,80,0,80,0,19,102,0,121,158,0,158,279
04/21/2001,HVN,CT,ANE,EN,Federal Contract Tower,0,10,24,0,34,0,0,45,0,45,0,10,69,0,79,110,0,110,189
04/22/2001,HVN,CT,ANE,EN,Federal Contract Tower,0,11,22,0,33,0,0,69,0,69,0,11,91,0,102,116,0,116,218
04/23/2001,HVN,CT,ANE,EN,Federal Contract Tower,0,17,21,0,38,0,0,69,0,69,0,17,90,0,107,120,0,120,227
04/24/2001,HVN,CT,ANE,EN,Federal Contract Tower,0,15,28,0,43,0,0,22,2,24,0,15,50,2,67,52,0,52,119
04/25/2001,HVN,CT,ANE,EN,Federal Contract Tower,0,15,28,0,43,0,0,56,0,56,0,15,84,0,99,78,2,80,179
04/26/2001,HVN,CT,ANE,EN,Federal Contract Tower,0,15,18,0,33,0,0,94,0,94,0,15,112,0,127,140,2,142,269
04/27/2001,HVN,CT,ANE,EN,Federal Contract Tower,0,11,8,0,19,0,2,81,0,83,0,13,89,0,102,66,0,66,168
04/28/2001,HVN,CT,ANE,EN,Federal Contract Tower,0,7,10,0,17,0,2,77,0,79,0,9,87,0,96,86,2,88,184
04/29/2001,HVN,CT,ANE,EN,Federal Contract Tower,0,11,14,0,25,0,2,121,0,123,0,13,135,0,148,114,0,114,262
04/30/2001,HVN,CT,ANE,EN,Federal Contract Tower,0,15,12,0,27,0,0,50,0,50,0,15,62,0,77,114,0,114,191
05/01/2001,HVN,CT,ANE,EN,Federal Contract Tower,0,14,7,0,21,0,1,69,0,70,0,15,76,0,91,94,0,94,185
05/02/2001,HVN,CT,ANE,EN,Federal Contract Tower,0,16,14,0,30,0,1,52,0,53,0,17,66,0,83,110,0,110,193
05/03/2001,HVN,CT,ANE,EN,Federal Contract Tower,0,12,20,1,33,0,1,71,0,72,0,13,91,1,105,120,0,120,225
05/04/2001,HVN,CT,ANE,EN,Federal Contract Tower,0,12,21,0,33,0,0,72,0,72,0,12,93,0,105,78,0,78,183
05/05/2001,HVN,CT,ANE,EN,Federal Contract Tower,0,7,16,0,23,0,1,56,2,59,0,8,72,2,82,112,0,112,194
05/06/2001,HVN,CT,ANE,EN,Federal Contract Tower,0,12,15,0,27,0,1,86,0,87,0,13,101,0,114,134,0,134,248
05/07/2001,HVN,CT,ANE,EN,Federal Contract Tower,0,12,9,0,21,0,1,65,0,66,0,13,74,0,87,60,0,60,147
05/08/2001,HVN,CT,ANE,EN,Federal Contract Tower,0,10,14,0,24,0,6,89,0,95,0,16,103,0,119,132,4,136,255
05/09/2001,HVN,CT,ANE,EN,Federal Contract Tower,0,12,22,0,34,0,1,68,0,69,0,13,90,0,103,104,0,104,207
05/10/2001,HVN,CT,ANE,EN,Federal Contract Tower,0,22,15,0,37,0,1,67,0,68,0,23,82,0,105,134,0,134,239
05/11/2001,HVN,CT,ANE,EN,Federal Contract Tower,0,13,10,0,23,0,3,69,0,72,0,16,79,0,95,96,0,96,191
05/12/2001,HVN,CT,ANE,EN,Federal Contract Tower,0,7,16,0,23,0,1,59,0,60,0,8,75,0,83,74,0,74,157
05/13/2001,HVN,CT,ANE,EN,Federal Contract Tower,0,15,21,0,36,0,0,61,2,63,0,15,82,2,99,42,0,42,141
05/14/2001,HVN,CT,ANE,EN,Federal Contract Tower,0,13,2,0,15,0,0,84,0,84,0,13,86,0,99,96,0,96,195
05/15/2001,HVN,CT,ANE,EN,Federal Contract Tower,0,17,4,0,21,0,0,35,0,35,0,17,39,0,56,36,0,36,92
05/16/2001,HVN,CT,ANE,EN,Federal Contract Tower,0,13,13,0,26,0,0,19,0,19,0,13,32,0,45,82,4,86,131
05/17/2001,HVN,CT,ANE,EN,Federal Contract Tower,0,13,12,0,25,0,0,64,4,68,0,13,76,4,93,108,4,112,205
05/18/2001,HVN,CT,ANE,EN,Federal Contract Tower,0,14,22,0,36,0,0,34,0,34,0,14,56,0,70,94,12,106,176
05/19/2001,HVN,CT,ANE,EN,Federal Contract Tower,0,9,14,0,23,0,0,111,2,113,0,9,125,2,136,178,4,182,318
05/20/2001,HVN,CT,ANE,EN,Federal Contract Tower,0,16,20,0,36,0,5,121,8,134,0,21,141,8,170,130,0,130,300
05/21/2001,HVN,CT,ANE,EN,Federal Contract Tower,0,12,25,0,37,0,0,20,1,21,0,12,45,1,58,12,10,22,80
05/22/2001,HVN,CT,ANE,EN,Federal Contract Tower,0,9,19,0,28,0,0,0,0,0,0,9,19,0,28,2,0,2,30
05/23/2001,HVN,CT,ANE,EN,Federal Contract Tower,0,13,12,0,25,0,0,0,0,0,0,13,12,0,25,0,0,0,25
05/24/2001,HVN,CT,ANE,EN,Federal Contract Tower,0,15,22,0,37,0,0,1,0,1,0,15,23,0,38,0,0,0,38
05/25/2001,HVN,CT,ANE,EN,Federal Contract Tower,0,9,19,0,28,0,2,9,0,11,0,11,28,0,39,26,0,26,65
05/26/2001,HVN,CT,ANE,EN,Federal Contract Tower,0,8,13,0,21,0,0,2,0,2,0,8,15,0,23,0,0,0,23
05/27/2001,HVN,CT,ANE,EN,Federal Contract Tower,0,6,6,0,12,0,0,16,0,16,0,6,22,0,28,24,0,24,52
05/28/2001,HVN,CT,ANE,EN,Federal Contract Tower,0,14,12,0,26,0,0,47,0,47,0,14,59,0,73,40,6,46,119
05/29/2001,HVN,CT,ANE,EN,Federal Contract Tower,0,11,11,0,22,0,0,74,0,74,0,11,85,0,96,160,0,160,256
05/30/2001,HVN,CT,ANE,EN,Federal Contract Tower,0,15,16,0,31,0,0,80,0,80,0,15,96,0,111,98,0,98,209
05/31/2001,HVN,CT,ANE,EN,Federal Contract Tower,0,11,29,0,40,0,0,66,0,66,0,11,95,0,106,200,0,200,306
06/01/2001,HVN,CT,ANE,EN,Federal Contract Tower,0,15,11,0,26,0,0,90,0,90,0,15,101,0,116,66,0,66,182
06/02/2001,HVN,CT,ANE,EN,Federal Contract Tower,0,10,5,0,15,0,0,0,0,0,0,10,5,0,15,6,0,6,21
06/03/2001,HVN,CT,ANE,EN,Federal Contract Tower,0,15,12,0,27,0,0,27,0,27,0,15,39,0,54,18,4,22,76
06/04/2001,HVN,CT,ANE,EN,Federal Contract Tower,0,15,9,0,24,0,0,107,0,107,0,15,116,0,131,172,0,172,303
06/05/2001,HVN,CT,ANE,EN,Federal Contract Tower,0,10,11,0,21,0,0,82,0,82,0,10,93,0,103,164,0,164,267
06/06/2001,HVN,CT,ANE,EN,Federal Contract Tower,0,13,17,0,30,0,0,58,0,58,0,13,75,0,88,152,0,152,240
06/07/2001,HVN,CT,ANE,EN,Federal Contract Tower,0,17,15,1,33,0,0,97,1,98,0,17,112,2,131,172,0,172,303
06/08/2001,HVN,CT,ANE,EN,Federal Contract Tower,0,14,17,0,31,0,0,116,0,116,0,14,133,0,147,86,0,86,233
06/09/2001,HVN,CT,ANE,EN,Federal Contract Tower,0,9,15,0,24,0,0,150,0,150,0,9,165,0,174,134,0,134,308
06/10/2001,HVN,CT,ANE,EN,Federal Contract Tower,0,13,7,0,20,0,0,124,0,124,0,13,131,0,144,124,6,130,274
06/11/2001,HVN,CT,ANE,EN,Federal Contract Tower,0,14,14,0,28,0,0,42,0,42,0,14,56,0,70,104,6,110,180
06/12/2001,HVN,CT,ANE,EN,Federal Contract Tower,0,14,20,0,34,0,0,62,0,62,0,14,82,0,96,216,4,220,316
06/13/2001,HVN,CT,ANE,EN,Federal Contract Tower,0,14,15,0,29,0,0,21,0,21,0,14,36,0,50,56,0,56,106
06/14/2001,HVN,CT,ANE,EN,Federal Contract Tower,0,12,31,0,43,0,0,20,0,20,0,12,51,0,63,6,0,6,69
06/15/2001,HVN,CT,ANE,EN,Federal Contract Tower,0,11,19,0,30,0,0,25,0,25,0,11,44,0,55,48,2,50,105
06/16/2001,HVN,CT,ANE,EN,Federal Contract Tower,0,6,15,0,21,0,0,21,0,21,0,6,36,0,42,26,0,26,68
06/17/2001,HVN,CT,ANE,EN,Federal Contract Tower,0,11,4,0,15,0,0,10,0,10,0,11,14,0,25,2,2,4,29
06/18/2001,HVN,CT,ANE,EN,Federal Contract Tower,0,12,14,0,26,0,0,89,0,89,0,12,103,0,115,120,0,120,235
06/19/2001,HVN,CT,ANE,EN,Federal Contract Tower,0,15,9,0,24,0,0,89,0,89,0,15,98,0,113,160,6,166,279
06/20/2001,HVN,CT,ANE,EN,Federal Contract Tower,0,16,5,0,21,0,0,80,0,80,0,16,85,0,101,110,0,110,211
06/21/2001,HVN,CT,ANE,EN,Federal Contract Tower,0,12,28,0,40,0,0,52,0,52,0,12,80,0,92,110,8,118,210
06/22/2001,HVN,CT,ANE,EN,Federal Contract Tower,0,12,22,0,34,0,0,42,0,42,0,12,64,0,76,48,0,48,124
06/23/2001,HVN,CT,ANE,EN,Federal Contract Tower,0,3,4,0,7,0,2,7,0,9,0,5,11,0,16,18,0,18,34
06/24/2001,HVN,CT,ANE,EN,Federal Contract Tower,0,13,14,0,27,0,0,23,0,23,0,13,37,0,50,40,2,42,92
06/25/2001,HVN,CT,ANE,EN,Federal Contract Tower,0,12,12,0,24,0,0,107,0,107,0,12,119,0,131,144,0,144,275
06/26/2001,HVN,CT,ANE,EN,Federal Contract Tower,0,13,11,1,25,0,0,162,0,162,0,13,173,1,187,198,0,198,385
06/27/2001,HVN,CT,ANE,EN,Federal Contract Tower,0,13,15,0,28,0,0,87,0,87,0,13,102,0,115,100,2,102,217
06/28/2001,HVN,CT,ANE,EN,Federal Contract Tower,0,12,15,0,27,0,0,110,0,110,0,12,125,0,137,108,0,108,245
06/29/2001,HVN,CT,ANE,EN,Federal Contract Tower,0,15,11,0,26,0,0,131,0,131,0,15,142,0,157,170,0,170,327
06/30/2001,HVN,CT,ANE,EN,Federal Contract Tower,0,8,19,0,27,0,0,17,0,17,0,8,36,0,44,34,0,34,78
07/01/2001,HVN,CT,ANE,EN,Federal Contract Tower,0,7,17,0,24,0,1,36,0,37,0,8,53,0,61,92,0,92,153
07/02/2001,HVN,CT,ANE,EN,Federal Contract Tower,0,9,11,0,20,0,1,64,0,65,0,10,75,0,85,94,0,94,179
07/03/2001,HVN,CT,ANE,EN,Federal Contract Tower,0,16,8,0,24,0,0,129,0,129,0,16,137,0,153,192,6,198,351
07/04/2001,HVN,CT,ANE,EN,Federal Contract Tower,0,13,8,0,21,0,0,9,0,9,0,13,17,0,30,22,0,22,52
07/05/2001,HVN,CT,ANE,EN,Federal Contract Tower,0,13,19,0,32,0,0,34,0,34,0,13,53,0,66,70,2,72,138
07/06/2001,HVN,CT,ANE,EN,Federal Contract Tower,0,11,16,0,27,0,0,118,0,118,0,11,134,0,145,180,0,180,325
07/07/2001,HVN,CT,ANE,EN,Federal Contract Tower,0,8,10,0,18,0,0,114,0,114,0,8,124,0,132,180,0,180,312
07/08/2001,HVN,CT,ANE,EN,Federal Contract Tower,0,13,21,0,34,0,0,27,0,27,0,13,48,0,61,28,0,28,89
07/09/2001,HVN,CT,ANE,EN,Federal Contract Tower,0,11,26,0,37,0,0,107,0,107,0,11,133,0,144,188,0,188,332
07/10/2001,HVN,CT,ANE,EN,Federal Contract Tower,0,13,7,0,20,0,0,95,0,95,0,13,102,0,115,152,0,152,267
07/11/2001,HVN,CT,ANE,EN,Federal Contract Tower,0,16,16,0,32,0,0,59,4,63,0,16,75,4,95,108,0,108,203
07/12/2001,HVN,CT,ANE,EN,Federal Contract Tower,0,12,15,0,27,0,3,103,0,106,0,15,118,0,133,152,4,156,289
07/13/2001,HVN,CT,ANE,EN,Federal Contract Tower,0,11,14,0,25,0,0,114,0,114,0,11,128,0,139,106,6,112,251
07/14/2001,HVN,CT,ANE,EN,Federal Contract Tower,0,8,13,0,21,0,0,100,0,100,0,8,113,0,121,108,4,112,233
07/15/2001,HVN,CT,ANE,EN,Federal Contract Tower,0,11,8,0,19,0,0,135,0,135,0,11,143,0,154,162,2,164,318
07/16/2001,HVN,CT,ANE,EN,Federal Contract Tower,0,13,12,0,25,0,0,91,2,93,0,13,103,2,118,106,0,106,224
07/17/2001,HVN,CT,ANE,EN,Federal Contract Tower,0,14,27,0,41,0,0,64,0,64,0,14,91,0,105,142,0,142,247
07/18/2001,HVN,CT,ANE,EN,Federal Contract Tower,0,14,13,0,27,0,0,48,0,48,0,14,61,0,75,74,0,74,149
07/19/2001,HVN,CT,ANE,EN,Federal Contract Tower,0,13,21,0,34,0,0,91,0,91,0,13,112,0,125,230,0,230,355
07/20/2001,HVN,CT,ANE,EN,Federal Contract Tower,0,15,11,0,26,0,0,144,0,144,0,15,155,0,170,172,0,172,342
07/21/2001,HVN,CT,ANE,EN,Federal Contract Tower,0,7,8,0,15,0,1,114,0,115,0,8,122,0,130,142,2,144,274
07/22/2001,HVN,CT,ANE,EN,Federal Contract Tower,0,14,13,0,27,0,0,121,0,121,0,14,134,0,148,126,0,126,274
07/23/2001,HVN,CT,ANE,EN,Federal Contract Tower,0,11,20,1,32,0,0,152,0,152,0,11,172,1,184,312,0,312,496
07/24/2001,HVN,CT,ANE,EN,Federal Contract Tower,0,17,29,0,46,0,0,42,0,42,0,17,71,0,88,106,0,106,194
07/25/2001,HVN,CT,ANE,EN,Federal Contract Tower,0,13,12,0,25,0,0,67,0,67,0,13,79,0,92,72,0,72,164
07/26/2001,HVN,CT,ANE,EN,Federal Contract Tower,0,9,21,0,30,0,0,20,0,20,0,9,41,0,50,28,0,28,78
07/27/2001,HVN,CT,ANE,EN,Federal Contract Tower,0,12,10,0,22,0,0,89,0,89,0,12,99,0,111,110,0,110,221
07/28/2001,HVN,CT,ANE,EN,Federal Contract Tower,0,5,6,0,11,0,5,103,0,108,0,10,109,0,119,92,0,92,211
07/29/2001,HVN,CT,ANE,EN,Federal Contract Tower,0,14,1,0,15,0,0,93,0,93,0,14,94,0,108,106,0,106,214
07/30/2001,HVN,CT,ANE,EN,Federal Contract Tower,0,13,4,0,17,0,0,70,0,70,0,13,74,0,87,108,0,108,195
07/31/2001,HVN,CT,ANE,EN,Federal Contract Tower,0,17,23,0,40,0,0,115,0,115,0,17,138,0,155,84,0,84,239
08/01/2001,HVN,CT,ANE,EN,Federal Contract Tower,0,16,19,0,35,0,0,87,0,87,0,16,106,0,122,164,0,164,286
08/02/2001,HVN,CT,ANE,EN,Federal Contract Tower,0,15,14,0,29,0,0,70,0,70,0,15,84,0,99,60,2,62,161
08/03/2001,HVN,CT,ANE,EN,Federal Contract Tower,0,11,14,0,25,0,0,57,0,57,0,11,71,0,82,48,2,50,132
08/04/2001,HVN,CT,ANE,EN,Federal Contract Tower,0,9,15,0,24,0,0,24,0,24,0,9,39,0,48,84,0,84,132
08/05/2001,HVN,CT,ANE,EN,Federal Contract Tower,0,14,27,0,41,0,0,55,0,55,0,14,82,0,96,108,4,112,208
08/06/2001,HVN,CT,ANE,EN,Federal Contract Tower,0,11,19,3,33,0,0,49,1,50,0,11,68,4,83,116,0,116,199
08/07/2001,HVN,CT,ANE,EN,Federal Contract Tower,0,16,25,0,41,0,0,33,0,33,0,16,58,0,74,76,0,76,150
08/08/2001,HVN,CT,ANE,EN,Federal Contract Tower,0,14,16,0,30,0,0,49,0,49,0,14,65,0,79,84,0,84,163
08/09/2001,HVN,CT,ANE,EN,Federal Contract Tower,0,14,20,0,34,0,0,47,0,47,0,14,67,0,81,94,0,94,175
08/10/2001,HVN,CT,ANE,EN,Federal Contract Tower,0,14,20,3,37,0,0,10,0,10,0,14,30,3,47,16,0,16,63
08/11/2001,HVN,CT,ANE,EN,Federal Contract Tower,0,8,18,0,26,0,0,72,0,72,0,8,90,0,98,110,0,110,208
08/12/2001,HVN,CT,ANE,EN,Federal Contract Tower,0,16,25,0,41,0,0,1,0,1,0,16,26,0,42,0,0,0,42
08/13/2001,HVN,CT,ANE,EN,Federal Contract Tower,0,23,27,0,50,0,0,23,0,23,0,23,50,0,73,26,0,26,99
08/14/2001,HVN,CT,ANE,EN,Federal Contract Tower,0,19,11,0,30,0,0,61,0,61,0,19,72,0,91,94,0,94,185
08/15/2001,HVN,CT,ANE,EN,Federal Contract Tower,0,13,11,0,24,0,0,78,0,78,0,13,89,0,102,128,0,128,230
08/16/2001,HVN,CT,ANE,EN,Federal Contract Tower,0,13,12,0,25,0,0,87,0,87,0,13,99,0,112,94,4,98,210
08/17/2001,HVN,CT,ANE,EN,Federal Contract Tower,0,13,15,0,28,0,0,34,0,34,0,13,49,0,62,70,0,70,132
08/18/2001,HVN,CT,ANE,EN,Federal Contract Tower,0,8,8,1,17,0,0,108,2,110,0,8,116,3,127,82,2,84,211
08/19/2001,HVN,CT,ANE,EN,Federal Contract Tower,0,13,25,0,38,0,0,42,0,42,0,13,67,0,80,114,0,114,194
08/20/2001,HVN,CT,ANE,EN,Federal Contract Tower,0,12,21,0,33,0,0,24,0,24,0,12,45,0,57,20,0,20,77
08/21/2001,HVN,CT,ANE,EN,Federal Contract Tower,0,16,14,0,30,0,0,89,0,89,0,16,103,0,119,102,0,102,221
08/22/2001,HVN,CT,ANE,EN,Federal Contract Tower,0,14,10,0,24,0,0,105,0,105,0,14,115,0,129,100,2,102,231
08/23/2001,HVN,CT,ANE,EN,Federal Contract Tower,0,17,11,0,28,0,0,87,0,87,0,17,98,0,115,104,0,104,219
08/24/2001,HVN,CT,ANE,EN,Federal Contract Tower,0,11,15,0,26,0,4,102,0,106,0,15,117,0,132,126,0,126,258
08/25/2001,HVN,CT,ANE,EN,Federal Contract Tower,0,5,8,0,13,0,8,116,0,124,0,13,124,0,137,112,2,114,251
08/26/2001,HVN,CT,ANE,EN,Federal Contract Tower,0,19,16,0,35,0,0,135,0,135,0,19,151,0,170,152,0,152,322
08/27/2001,HVN,CT,ANE,EN,Federal Contract Tower,0,12,23,0,35,0,0,47,0,47,0,12,70,0,82,122,0,122,204
08/28/2001,HVN,CT,ANE,EN,Federal Contract Tower,0,17,25,0,42,0,0,41,0,41,0,17,66,0,83,54,0,54,137
08/29/2001,HVN,CT,ANE,EN,Federal Contract Tower,0,15,20,0,35,0,3,85,2,90,0,18,105,2,125,132,6,138,263
08/30/2001,HVN,CT,ANE,EN,Federal Contract Tower,0,15,20,0,35,0,6,85,4,95,0,21,105,4,130,184,0,184,314
08/31/2001,HVN,CT,ANE,EN,Federal Contract Tower,0,15,24,0,39,0,0,33,0,33,0,15,57,0,72,30,0,30,102
09/01/2001,HVN,CT,ANE,EN,Federal Contract Tower,0,14,17,0,31,0,1,51,0,52,0,15,68,0,83,102,0,102,185
09/02/2001,HVN,CT,ANE,EN,Federal Contract Tower,0,14,10,0,24,0,0,103,0,103,0,14,113,0,127,152,0,152,279
09/03/2001,HVN,CT,ANE,EN,Federal Contract Tower,0,6,3,0,9,0,0,99,0,99,0,6,102,0,108,118,0,118,226
09/04/2001,HVN,CT,ANE,EN,Federal Contract Tower,0,9,12,0,21,0,1,55,2,58,0,10,67,2,79,116,4,120,199
09/05/2001,HVN,CT,ANE,EN,Federal Contract Tower,0,14,25,0,39,0,0,56,0,56,0,14,81,0,95,130,0,130,225
09/06/2001,HVN,CT,ANE,EN,Federal Contract Tower,0,15,20,1,36,0,1,94,3,98,0,16,114,4,134,104,0,104,238
09/07/2001,HVN,CT,ANE,EN,Federal Contract Tower,0,12,4,1,17,0,0,110,1,111,0,12,114,2,128,146,0,146,274
09/08/2001,HVN,CT,ANE,EN,Federal Contract Tower,0,9,13,0,22,0,0,78,0,78,0,9,91,0,100,110,2,112,212
09/09/2001,HVN,CT,ANE,EN,Federal Contract Tower,0,13,2,0,15,0,0,112,0,112,0,13,114,0,127,192,0,192,319
09/10/2001,HVN,CT,ANE,EN,Federal Contract Tower,0,8,12,0,20,0,2,43,0,45,0,10,55,0,65,68,0,68,133
09/11/2001,HVN,CT,ANE,EN,Federal Contract Tower,0,3,0,0,3,0,0,9,0,9,0,3,9,0,12,36,0,36,48
09/12/2001,HVN,CT,ANE,EN,Federal Contract Tower,0,0,1,1,2,0,0,2,3,5,0,0,3,4,7,4,0,4,11
09/13/2001,HVN,CT,ANE,EN,Federal Contract Tower,0,1,2,0,3,0,0,1,0,1,0,1,3,0,4,2,0,2,6
09/14/2001,HVN,CT,ANE,EN,Federal Contract Tower,0,12,0,0,12,0,0,0,0,0,0,12,0,0,12,2,0,2,14
09/15/2001,HVN,CT,ANE,EN,Federal Contract Tower,0,8,16,0,24,0,0,1,0,1,0,8,17,0,25,0,0,0,25
09/16/2001,HVN,CT,ANE,EN,Federal Contract Tower,0,11,29,0,40,0,0,0,0,0,0,11,29,0,40,0,0,0,40
09/17/2001,HVN,CT,ANE,EN,Federal Contract Tower,0,12,32,0,44,0,0,1,0,1,0,12,33,0,45,0,0,0,45
09/18/2001,HVN,CT,ANE,EN,Federal Contract Tower,0,16,41,0,57,0,0,0,0,0,0,16,41,0,57,0,0,0,57
09/19/2001,HVN,CT,ANE,EN,Federal Contract Tower,0,16,31,2,49,0,0,0,0,0,0,16,31,2,49,0,0,0,49
09/20/2001,HVN,CT,ANE,EN,Federal Contract Tower,0,13,16,0,29,0,0,2,0,2,0,13,18,0,31,0,0,0,31
09/21/2001,HVN,CT,ANE,EN,Federal Contract Tower,0,14,20,0,34,0,0,5,0,5,0,14,25,0,39,8,0,8,47
09/22/2001,HVN,CT,ANE,EN,Federal Contract Tower,0,14,18,0,32,0,0,10,4,14,0,14,28,4,46,16,0,16,62
09/23/2001,HVN,CT,ANE,EN,Federal Contract Tower,0,16,25,0,41,0,1,77,0,78,0,17,102,0,119,118,0,118,237
09/24/2001,HVN,CT,ANE,EN,Federal Contract Tower,0,11,28,0,39,0,0,9,0,9,0,11,37,0,48,34,0,34,82
09/25/2001,HVN,CT,ANE,EN,Federal Contract Tower,0,9,15,0,24,0,0,3,0,3,0,9,18,0,27,14,0,14,41
09/26/2001,HVN,CT,ANE,EN,Federal Contract Tower,0,7,19,0,26,0,0,64,0,64,0,7,83,0,90,108,0,108,198
09/27/2001,HVN,CT,ANE,EN,Federal Contract Tower,0,7,11,0,18,0,4,35,0,39,0,11,46,0,57,80,0,80,137
09/28/2001,HVN,CT,ANE,EN,Federal Contract Tower,0,14,21,0,35,0,0,56,2,58,0,14,77,2,93,132,0,132,225
09/29/2001,HVN,CT,ANE,EN,Federal Contract Tower,0,8,12,0,20,0,1,50,0,51,0,9,62,0,71,92,0,92,163
09/30/2001,HVN,CT,ANE,EN,Federal Contract Tower,0,13,9,0,22,0,0,24,0,24,0,13,33,0,46,14,0,14,60
10/01/2001,HVN,CT,ANE,EN,Federal Contract Tower,0,11,19,0,30,0,0,29,0,29,0,11,48,0,59,58,2,60,119
10/02/2001,HVN,CT,ANE,EN,Federal Contract Tower,0,9,16,0,25,0,2,76,0,78,0,11,92,0,103,116,0,116,219
10/03/2001,HVN,CT,ANE,EN,Federal Contract Tower,0,11,12,0,23,0,0,46,0,46,0,11,58,0,69,136,2,138,207
10/04/2001,HVN,CT,ANE,EN,Federal Contract Tower,0,10,12,0,22,0,1,54,0,55,0,11,66,0,77,90,0,90,167
10/05/2001,HVN,CT,ANE,EN,Federal Contract Tower,0,12,28,0,40,0,0,66,0,66,0,12,94,0,106,72,24,96,202
10/06/2001,HVN,CT,ANE,EN,Federal Contract Tower,0,10,18,0,28,0,0,9,0,9,0,10,27,0,37,4,0,4,41
10/07/2001,HVN,CT,ANE,EN,Federal Contract Tower,0,12,27,0,39,0,0,68,0,68,0,12,95,0,107,86,0,86,193
10/08/2001,HVN,CT,ANE,EN,Federal Contract Tower,0,12,15,0,27,0,3,29,0,32,0,15,44,0,59,24,0,24,83
10/09/2001,HVN,CT,ANE,EN,Federal Contract Tower,0,14,16,0,30,0,0,60,0,60,0,14,76,0,90,132,2,134,224
10/10/2001,HVN,CT,ANE,EN,Federal Contract Tower,0,13,15,0,28,0,0,68,0,68,0,13,83,0,96,118,0,118,214
10/11/2001,HVN,CT,ANE,EN,Federal Contract Tower,0,15,19,0,34,0,0,63,2,65,0,15,82,2,99,164,2,166,265
10/12/2001,HVN,CT,ANE,EN,Federal Contract Tower,0,14,26,0,40,0,2,66,0,68,0,16,92,0,108,156,0,156,264
10/13/2001,HVN,CT,ANE,EN,Federal Contract Tower,0,11,15,0,26,0,5,47,0,52,0,16,62,0,78,120,0,120,198
10/14/2001,HVN,CT,ANE,EN,Federal Contract Tower,0,14,21,0,35,0,0,0,0,0,0,14,21,0,35,0,0,0,35
10/15/2001,HVN,CT,ANE,EN,Federal Contract Tower,0,10,9,0,19,0,1,15,0,16,0,11,24,0,35,46,0,46,81
10/16/2001,HVN,CT,ANE,EN,Federal Contract Tower,0,15,12,0,27,0,1,30,0,31,0,16,42,0,58,56,0,56,114
10/17/2001,HVN,CT,ANE,EN,Federal Contract Tower,0,10,17,0,27,0,0,21,0,21,0,10,38,0,48,18,0,18,66
10/18/2001,HVN,CT,ANE,EN,Federal Contract Tower,0,14,19,0,33,0,1,68,0,69,0,15,87,0,102,72,0,72,174
10/19/2001,HVN,CT,ANE,EN,Federal Contract Tower,0,11,9,0,20,0,7,63,0,70,0,18,72,0,90,104,0,104,194
10/20/2001,HVN,CT,ANE,EN,Federal Contract Tower,0,12,13,0,25,0,2,61,0,63,0,14,74,0,88,198,0,198,286
10/21/2001,HVN,CT,ANE,EN,Federal Contract Tower,0,12,21,0,33,0,0,94,0,94,0,12,115,0,127,107,0,107,234
10/22/2001,HVN,CT,ANE,EN,Federal Contract Tower,0,11,12,0,23,0,1,34,0,35,0,12,46,0,58,136,2,138,196
10/23/2001,HVN,CT,ANE,EN,Federal Contract Tower,0,11,21,0,32,0,8,25,0,33,0,19,46,0,65,62,0,62,127
10/24/2001,HVN,CT,ANE,EN,Federal Contract Tower,0,10,8,0,18,0,0,40,0,40,0,10,48,0,58,62,0,62,120
10/25/2001,HVN,CT,ANE,EN,Federal Contract Tower,0,11,12,0,23,0,0,16,0,16,0,11,28,0,39,36,0,36,75
10/26/2001,HVN,CT,ANE,EN,Federal Contract Tower,0,11,16,0,27,0,8,27,0,35,0,19,43,0,62,14,0,14,76
10/27/2001,HVN,CT,ANE,EN,Federal Contract Tower,0,10,9,0,19,0,4,55,0,59,0,14,64,0,78,66,0,66,144
10/28/2001,HVN,CT,ANE,EN,Federal Contract Tower,0,11,27,0,38,0,0,73,0,73,0,11,100,0,111,142,0,142,253
10/29/2001,HVN,CT,ANE,EN,Federal Contract Tower,0,10,16,0,26,0,0,60,0,60,0,10,76,0,86,150,0,150,236
10/30/2001,HVN,CT,ANE,EN,Federal Contract Tower,0,16,16,0,32,0,0,75,0,75,0,16,91,0,107,130,0,130,237
10/31/2001,HVN,CT,ANE,EN,Federal Contract Tower,0,12,12,0,24,0,0,49,0,49,0,12,61,0,73,103,0,103,176
11/01/2001,HVN,CT,ANE,EN,Federal Contract Tower,0,9,17,0,26,0,0,46,0,46,0,9,63,0,72,122,0,122,194
11/02/2001,HVN,CT,ANE,EN,Federal Contract Tower,0,16,24,0,40,0,2,54,0,56,0,18,78,0,96,64,0,64,160
11/03/2001,HVN,CT,ANE,EN,Federal Contract Tower,0,15,36,0,51,0,0,65,0,65,0,15,101,0,116,170,0,170,286
11/04/2001,HVN,CT,ANE,EN,Federal Contract Tower,0,10,20,0,30,0,1,74,0,75,0,11,94,0,105,320,2,322,427
11/05/2001,HVN,CT,ANE,EN,Federal Contract Tower,0,12,20,0,32,0,0,10,0,10,0,12,30,0,42,6,0,6,48
11/06/2001,HVN,CT,ANE,EN,Federal Contract Tower,0,17,14,0,31,0,0,25,0,25,0,17,39,0,56,0,0,0,56
11/07/2001,HVN,CT,ANE,EN,Federal Contract Tower,0,11,13,0,24,0,0,43,0,43,0,11,56,0,67,58,0,58,125
11/08/2001,HVN,CT,ANE,EN,Federal Contract Tower,0,14,21,0,35,0,0,102,0,102,0,14,123,0,137,106,0,106,243
11/09/2001,HVN,CT,ANE,EN,Federal Contract Tower,0,8,14,0,22,0,7,18,0,25,0,15,32,0,47,14,4,18,65
11/10/2001,HVN,CT,ANE,EN,Federal Contract Tower,0,9,15,0,24,0,1,99,0,100,0,10,114,0,124,166,2,168,292
11/11/2001,HVN,CT,ANE,EN,Federal Contract Tower,0,11,13,0,24,0,1,40,0,41,0,12,53,0,65,54,0,54,119
11/12/2001,HVN,CT,ANE,EN,Federal Contract Tower,0,11,9,0,20,0,0,29,0,29,0,11,38,0,49,26,0,26,75
11/13/2001,HVN,CT,ANE,EN,Federal Contract Tower,0,11,19,0,30,0,0,64,0,64,0,11,83,0,94,82,0,82,176
11/14/2001,HVN,CT,ANE,EN,Federal Contract Tower,0,11,14,0,25,0,0,67,0,67,0,11,81,0,92,100,0,100,192
11/15/2001,HVN,CT,ANE,EN,Federal Contract Tower,0,13,24,0,37,0,0,37,0,37,0,13,61,0,74,104,0,104,178
11/16/2001,HVN,CT,ANE,EN,Federal Contract Tower,0,12,22,0,34,0,0,71,0,71,0,12,93,0,105,120,4,124,229
11/17/2001,HVN,CT,ANE,EN,Federal Contract Tower,0,9,40,0,49,0,0,81,0,81,0,9,121,0,130,140,0,140,270
11/18/2001,HVN,CT,ANE,EN,Federal Contract Tower,0,14,27,0,41,0,1,61,0,62,0,15,88,0,103,128,0,128,231
11/19/2001,HVN,CT,ANE,EN,Federal Contract Tower,0,10,20,0,30,0,0,33,0,33,0,10,53,0,63,100,0,100,163
11/20/2001,HVN,CT,ANE,EN,Federal Contract Tower,0,15,19,0,34,0,2,48,0,50,0,17,67,0,84,54,0,54,138
11/21/2001,HVN,CT,ANE,EN,Federal Contract Tower,0,13,15,0,28,0,0,55,0,55,0,13,70,0,83,166,0,166,249
11/22/2001,HVN,CT,ANE,EN,Federal Contract Tower,0,2,7,0,9,0,1,23,0,24,0,3,30,0,33,26,0,26,59
11/23/2001,HVN,CT,ANE,EN,Federal Contract Tower,0,2,11,0,13,0,1,93,0,94,0,3,104,0,107,122,0,122,229
11/24/2001,HVN,CT,ANE,EN,Federal Contract Tower,0,15,18,0,33,0,0,9,3,12,0,15,27,3,45,8,0,8,53
11/25/2001,HVN,CT,ANE,EN,Federal Contract Tower,0,16,22,0,38,0,2,12,0,14,0,18,34,0,52,16,0,16,68
11/26/2001,HVN,CT,ANE,EN,Federal Contract Tower,0,16,10,0,26,0,2,41,0,43,0,18,51,0,69,132,4,136,205
11/27/2001,HVN,CT,ANE,EN,Federal Contract Tower,0,8,17,2,27,0,1,54,0,55,0,9,71,2,82,148,24,172,254
11/28/2001,HVN,CT,ANE,EN,Federal Contract Tower,0,12,13,0,25,0,0,59,0,59,0,12,72,0,84,122,0,122,206
11/29/2001,HVN,CT,ANE,EN,Federal Contract Tower,0,17,28,0,45,0,0,0,0,0,0,17,28,0,45,2,0,2,47
11/30/2001,HVN,CT,ANE,EN,Federal Contract Tower,0,17,11,0,28,0,0,18,0,18,0,17,29,0,46,20,12,32,78
12/01/2001,HVN,CT,ANE,EN,Federal Contract Tower,0,8,14,0,22,0,0,77,0,77,0,8,91,0,99,118,0,118,217
12/02/2001,HVN,CT,ANE,EN,Federal Contract Tower,0,14,8,0,22,0,0,86,0,86,0,14,94,0,108,222,0,222,330
12/03/2001,HVN,CT,ANE,EN,Federal Contract Tower,0,11,20,0,31,0,0,43,0,43,0,11,63,0,74,86,0,86,160
12/04/2001,HVN,CT,ANE,EN,Federal Contract Tower,0,13,17,0,30,0,1,50,0,51,0,14,67,0,81,114,0,114,195
12/05/2001,HVN,CT,ANE,EN,Federal Contract Tower,0,13,13,2,28,0,1,51,0,52,0,14,64,2,80,166,0,166,246
12/06/2001,HVN,CT,ANE,EN,Federal Contract Tower,0,15,13,0,28,0,0,49,0,49,0,15,62,0,77,84,0,84,161
12/07/2001,HVN,CT,ANE,EN,Federal Contract Tower,0,12,10,0,22,0,0,65,0,65,0,12,75,0,87,92,0,92,179
12/08/2001,HVN,CT,ANE,EN,Federal Contract Tower,0,8,8,0,16,0,0,60,0,60,0,8,68,0,76,96,0,96,172
12/09/2001,HVN,CT,ANE,EN,Federal Contract Tower,0,12,5,0,17,0,0,16,0,16,0,12,21,0,33,22,0,22,55
12/10/2001,HVN,CT,ANE,EN,Federal Contract Tower,0,14,4,0,18,0,0,41,0,41,0,14,45,0,59,68,0,68,127
12/11/2001,HVN,CT,ANE,EN,Federal Contract Tower,0,13,19,0,32,0,0,47,0,47,0,13,66,0,79,86,0,86,165
12/12/2001,HVN,CT,ANE,EN,Federal Contract Tower,0,13,20,0,33,0,0,34,0,34,0,13,54,0,67,122,0,122,189
12/13/2001,HVN,CT,ANE,EN,Federal Contract Tower,0,8,7,0,15,0,0,0,0,0,0,8,7,0,15,0,0,0,15
12/14/2001,HVN,CT,ANE,EN,Federal Contract Tower,0,11,9,0,20,0,0,1,0,1,0,11,10,0,21,0,0,0,21
12/15/2001,HVN,CT,ANE,EN,Federal Contract Tower,0,9,13,0,22,0,5,21,0,26,0,14,34,0,48,36,2,38,86
12/16/2001,HVN,CT,ANE,EN,Federal Contract Tower,0,9,16,0,25,0,0,65,0,65,0,9,81,0,90,104,0,104,194
12/17/2001,HVN,CT,ANE,EN,Federal Contract Tower,0,11,13,0,24,0,3,11,1,15,0,14,24,1,39,24,0,24,63
12/18/2001,HVN,CT,ANE,EN,Federal Contract Tower,0,10,12,0,22,0,3,3,0,6,0,13,15,0,28,16,0,16,44
12/19/2001,HVN,CT,ANE,EN,Federal Contract Tower,0,12,11,0,23,0,1,60,0,61,0,13,71,0,84,133,0,133,217
12/20/2001,HVN,CT,ANE,EN,Federal Contract Tower,0,9,14,0,23,0,0,19,0,19,0,9,33,0,42,26,0,26,68
12/21/2001,HVN,CT,ANE,EN,Federal Contract Tower,0,13,8,0,21,0,0,21,0,21,0,13,29,0,42,26,0,26,68
12/22/2001,HVN,CT,ANE,EN,Federal Contract Tower,0,8,20,0,28,0,0,62,0,62,0,8,82,0,90,82,0,82,172
12/23/2001,HVN,CT,ANE,EN,Federal Contract Tower,0,9,10,0,19,0,0,99,0,99,0,9,109,0,118,156,0,156,274
12/24/2001,HVN,CT,ANE,EN,Federal Contract Tower,0,12,12,0,24,0,0,21,0,21,0,12,33,0,45,24,0,24,69
12/25/2001,HVN,CT,ANE,EN,Federal Contract Tower,0,5,4,0,9,0,0,15,0,15,0,5,19,0,24,12,0,12,36
12/26/2001,HVN,CT,ANE,EN,Federal Contract Tower,0,11,14,0,25,0,0,71,0,71,0,11,85,0,96,136,0,136,232
12/27/2001,HVN,CT,ANE,EN,Federal Contract Tower,0,13,7,0,20,0,0,78,0,78,0,13,85,0,98,90,0,90,188
12/28/2001,HVN,CT,ANE,EN,Federal Contract Tower,0,8,8,0,16,0,0,36,0,36,0,8,44,0,52,62,0,62,114
12/29/2001,HVN,CT,ANE,EN,Federal Contract Tower,0,8,12,0,20,0,0,50,0,50,0,8,62,0,70,90,0,90,160
12/30/2001,HVN,CT,ANE,EN,Federal Contract Tower,0,9,5,0,14,0,0,34,0,34,0,9,39,0,48,42,0,42,90
12/31/2001,HVN,CT,ANE,EN,Federal Contract Tower,0,12,3,0,15,0,0,49,4,53,0,12,52,4,68,102,6,108,176
01/01/2002,HVN,CT,ANE,EN,Federal Contract Tower,0,12,3,0,15,0,0,25,0,25,0,12,28,0,40,72,0,72,112
01/02/2002,HVN,CT,ANE,EN,Federal Contract Tower,0,11,12,1,24,0,0,44,0,44,0,11,56,1,68,96,10,106,174
01/03/2002,HVN,CT,ANE,EN,Federal Contract Tower,0,10,11,1,22,0,0,53,0,53,0,10,64,1,75,124,2,126,201
01/04/2002,HVN,CT,ANE,EN,Federal Contract Tower,0,12,11,0,23,0,0,42,0,42,0,12,53,0,65,56,0,56,121
01/05/2002,HVN,CT,ANE,EN,Federal Contract Tower,0,10,8,0,18,0,0,100,0,100,0,10,108,0,118,216,0,216,334
01/06/2002,HVN,CT,ANE,EN,Federal Contract Tower,0,11,13,0,24,0,0,30,0,30,0,11,43,0,54,102,0,102,156
01/07/2002,HVN,CT,ANE,EN,Federal Contract Tower,0,9,22,0,31,0,0,0,0,0,0,9,22,0,31,26,0,26,57
01/08/2002,HVN,CT,ANE,EN,Federal Contract Tower,0,7,8,0,15,0,2,28,0,30,0,9,36,0,45,62,8,70,115
01/09/2002,HVN,CT,ANE,EN,Federal Contract Tower,0,12,3,0,15,0,2,13,0,15,0,14,16,0,30,8,0,8,38
01/10/2002,HVN,CT,ANE,EN,Federal Contract Tower,0,8,9,0,17,0,0,68,0,68,0,8,77,0,85,96,0,96,181
01/11/2002,HVN,CT,ANE,EN,Federal Contract Tower,0,10,7,2,19,0,2,10,0,12,0,12,17,2,31,0,0,0,31
01/12/2002,HVN,CT,ANE,EN,Federal Contract Tower,0,11,15,0,26,0,0,86,0,86,0,11,101,0,112,142,2,144,256
01/13/2002,HVN,CT,ANE,EN,Federal Contract Tower,0,10,4,0,14,0,0,1,0,1,0,10,5,0,15,10,0,10,25
01/14/2002,HVN,CT,ANE,EN,Federal Contract Tower,0,12,11,0,23,0,0,74,0,74,0,12,85,0,97,134,0,134,231
01/15/2002,HVN,CT,ANE,EN,Federal Contract Tower,0,13,27,0,40,0,0,11,0,11,0,13,38,0,51,30,0,30,81
01/16/2002,HVN,CT,ANE,EN,Federal Contract Tower,0,10,12,0,22,0,0,63,0,63,0,10,75,0,85,84,8,92,177
01/17/2002,HVN,CT,ANE,EN,Federal Contract Tower,0,9,4,0,13,0,0,30,0,30,0,9,34,0,43,68,0,68,111
01/18/2002,HVN,CT,ANE,EN,Federal Contract Tower,0,9,7,0,16,0,0,60,0,60,0,9,67,0,76,132,0,132,208
01/19/2002,HVN,CT,ANE,EN,Federal Contract Tower,0,7,5,0,12,0,0,20,0,20,0,7,25,0,32,60,0,60,92
01/20/2002,HVN,CT,ANE,EN,Federal Contract Tower,0,15,8,0,23,0,0,57,0,57,0,15,65,0,80,116,0,116,196
01/21/2002,HVN,CT,ANE,EN,Federal Contract Tower,0,9,7,0,16,0,0,0,0,0,0,9,7,0,16,0,0,0,16
01/22/2002,HVN,CT,ANE,EN,Federal Contract Tower,0,13,9,0,22,0,1,57,0,58,0,14,66,0,80,78,0,78,158
01/23/2002,HVN,CT,ANE,EN,Federal Contract Tower,0,10,6,0,16,0,0,13,0,13,0,10,19,0,29,44,0,44,73
01/24/2002,HVN,CT,ANE,EN,Federal Contract Tower,0,9,8,0,17,0,0,0,0,0,0,9,8,0,17,0,0,0,17
01/25/2002,HVN,CT,ANE,EN,Federal Contract Tower,0,10,18,0,28,0,1,75,0,76,0,11,93,0,104,96,2,98,202
01/26/2002,HVN,CT,ANE,EN,Federal Contract Tower,0,8,12,0,20,0,0,91,0,91,0,8,103,0,111,138,0,138,249
01/27/2002,HVN,CT,ANE,EN,Federal Contract Tower,0,10,14,0,24,0,0,81,0,81,0,10,95,0,105,166,2,168,273
01/28/2002,HVN,CT,ANE,EN,Federal Contract Tower,0,8,12,0,20,0,0,63,0,63,0,8,75,0,83,130,0,130,213
01/29/2002,HVN,CT,ANE,EN,Federal Contract Tower,0,10,9,0,19,0,2,32,0,34,0,12,41,0,53,126,0,126,179
01/30/2002,HVN,CT,ANE,EN,Federal Contract Tower,0,9,21,0,30,0,1,30,0,31,0,10,51,0,61,80,0,80,141
01/31/2002,HVN,CT,ANE,EN,Federal Contract Tower,0,11,4,0,15,0,0,0,0,0,0,11,4,0,15,0,0,0,15
02/01/2002,HVN,CT,ANE,EN,Federal Contract Tower,0,10,14,0,24,0,0,1,0,1,0,10,15,0,25,0,0,0,25
02/02/2002,HVN,CT,ANE,EN,Federal Contract Tower,0,9,17,0,26,0,0,24,0,24,0,9,41,0,50,56,0,56,106
02/03/2002,HVN,CT,ANE,EN,Federal Contract Tower,0,11,10,0,21,0,1,49,0,50,0,12,59,0,71,168,0,168,239
02/04/2002,HVN,CT,ANE,EN,Federal Contract Tower,0,12,6,0,18,0,0,43,0,43,0,12,49,0,61,80,0,80,141
02/05/2002,HVN,CT,ANE,EN,Federal Contract Tower,0,8,15,0,23,0,0,15,0,15,0,8,30,0,38,82,6,88,126
02/06/2002,HVN,CT,ANE,EN,Federal Contract Tower,0,16,5,0,21,0,0,53,0,53,0,16,58,0,74,136,18,154,228
02/07/2002,HVN,CT,ANE,EN,Federal Contract Tower,0,8,10,0,18,0,0,12,0,12,0,8,22,0,30,38,0,38,68
02/08/2002,HVN,CT,ANE,EN,Federal Contract Tower,0,9,17,0,26,0,0,64,0,64,0,9,81,0,90,120,8,128,218
02/09/2002,HVN,CT,ANE,EN,Federal Contract Tower,0,8,20,0,28,0,0,108,0,108,0,8,128,0,136,154,0,154,290
02/10/2002,HVN,CT,ANE,EN,Federal Contract Tower,0,12,6,0,18,0,0,28,0,28,0,12,34,0,46,144,0,144,190
02/11/2002,HVN,CT,ANE,EN,Federal Contract Tower,0,8,6,0,14,0,0,14,0,14,0,8,20,0,28,10,0,10,38
02/12/2002,HVN,CT,ANE,EN,Federal Contract Tower,0,6,5,0,11,0,2,25,0,27,0,8,30,0,38,76,2,78,116
02/13/2002,HVN,CT,ANE,EN,Federal Contract Tower,0,14,6,0,20,0,0,39,0,39,0,14,45,0,59,30,6,36,95
02/14/2002,HVN,CT,ANE,EN,Federal Contract Tower,0,8,16,0,24,0,0,7,2,9,0,8,23,2,33,122,2,124,157
02/15/2002,HVN,CT,ANE,EN,Federal Contract Tower,0,11,10,0,21,0,0,46,0,46,0,11,56,0,67,74,0,74,141
02/16/2002,HVN,CT,ANE,EN,Federal Contract Tower,0,11,20,0,31,0,0,82,0,82,0,11,102,0,113,270,0,270,383
02/17/2002,HVN,CT,ANE,EN,Federal Contract Tower,0,11,11,0,22,0,0,5,0,5,0,11,16,0,27,10,0,10,37
02/18/2002,HVN,CT,ANE,EN,Federal Contract Tower,0,16,14,0,30,0,2,48,0,50,0,18,62,0,80,94,0,94,174
02/19/2002,HVN,CT,ANE,EN,Federal Contract Tower,0,7,5,0,12,0,1,54,0,55,0,8,59,0,67,134,0,134,201
02/20/2002,HVN,CT,ANE,EN,Federal Contract Tower,0,9,8,0,17,0,0,54,0,54,0,9,62,0,71,110,0,110,181
02/21/2002,HVN,CT,ANE,EN,Federal Contract Tower,0,15,13,1,29,0,0,40,0,40,0,15,53,1,69,92,0,92,161
02/22/2002,HVN,CT,ANE,EN,Federal Contract Tower,0,15,9,0,24,0,0,59,0,59,0,15,68,0,83,56,36,92,175
02/23/2002,HVN,CT,ANE,EN,Federal Contract Tower,0,12,13,0,25,0,0,107,0,107,0,12,120,0,132,154,0,154,286
02/24/2002,HVN,CT,ANE,EN,Federal Contract Tower,0,14,10,0,24,0,0,75,0,75,0,14,85,0,99,160,0,160,259
02/25/2002,HVN,CT,ANE,EN,Federal Contract Tower,0,12,5,0,17,0,0,59,0,59,0,12,64,0,76,144,0,144,220
02/26/2002,HVN,CT,ANE,EN,Federal Contract Tower,0,8,5,0,13,0,0,65,14,79,0,8,70,14,92,64,0,64,156
02/27/2002,HVN,CT,ANE,EN,Federal Contract Tower,0,14,8,0,22,0,0,10,0,10,0,14,18,0,32,10,2,12,44
02/28/2002,HVN,CT,ANE,EN,Federal Contract Tower,0,12,12,0,24,0,2,23,0,25,0,14,35,0,49,42,0,42,91
03/01/2002,HVN,CT,ANE,EN,Federal Contract Tower,0,11,11,0,22,0,0,74,0,74,0,11,85,0,96,116,0,116,212
03/02/2002,HVN,CT,ANE,EN,Federal Contract Tower,0,9,8,0,17,0,0,55,0,55,0,9,63,0,72,118,0,118,190
03/03/2002,HVN,CT,ANE,EN,Federal Contract Tower,0,5,3,0,8,0,0,0,0,0,0,5,3,0,8,4,0,4,12
03/04/2002,HVN,CT,ANE,EN,Federal Contract Tower,0,9,2,0,11,0,2,62,0,64,0,11,64,0,75,102,0,102,177
03/05/2002,HVN,CT,ANE,EN,Federal Contract Tower,0,10,11,0,21,0,0,75,0,75,0,10,86,0,96,162,0,162,258
03/06/2002,HVN,CT,ANE,EN,Federal Contract Tower,0,11,11,0,22,0,0,46,0,46,0,11,57,0,68,78,0,78,146
03/07/2002,HVN,CT,ANE,EN,Federal Contract Tower,0,10,2,0,12,0,0,77,0,77,0,10,79,0,89,102,6,108,197
03/08/2002,HVN,CT,ANE,EN,Federal Contract Tower,0,11,15,0,26,0,0,0,0,0,0,11,15,0,26,0,0,0,26
03/09/2002,HVN,CT,ANE,EN,Federal Contract Tower,0,7,11,0,18,0,0,66,0,66,0,7,77,0,84,138,0,138,222
03/10/2002,HVN,CT,ANE,EN,Federal Contract Tower,0,10,1,0,11,0,1,6,0,7,0,11,7,0,18,8,0,8,26
03/11/2002,HVN,CT,ANE,EN,Federal Contract Tower,0,11,14,0,25,0,0,60,0,60,0,11,74,0,85,96,0,96,181
03/12/2002,HVN,CT,ANE,EN,Federal Contract Tower,0,12,11,0,23,0,0,66,0,66,0,12,77,0,89,84,0,84,173
03/13/2002,HVN,CT,ANE,EN,Federal Contract Tower,0,9,18,0,27,0,0,0,0,0,0,9,18,0,27,2,0,2,29
03/14/2002,HVN,CT,ANE,EN,Federal Contract Tower,0,9,17,1,27,0,0,89,1,90,0,9,106,2,117,130,0,130,247
03/15/2002,HVN,CT,ANE,EN,Federal Contract Tower,0,10,17,0,27,0,0,7,0,7,0,10,24,0,34,6,0,6,40
03/16/2002,HVN,CT,ANE,EN,Federal Contract Tower,0,5,11,0,16,0,0,29,0,29,0,5,40,0,45,34,0,34,79
03/17/2002,HVN,CT,ANE,EN,Federal Contract Tower,0,9,28,0,37,0,0,99,0,99,0,9,127,0,136,210,0,210,346
03/18/2002,HVN,CT,ANE,EN,Federal Contract Tower,0,7,2,0,9,0,0,0,0,0,0,7,2,0,9,0,0,0,9
03/19/2002,HVN,CT,ANE,EN,Federal Contract Tower,0,7,5,0,12,0,0,27,0,27,0,7,32,0,39,92,2,94,133
03/20/2002,HVN,CT,ANE,EN,Federal Contract Tower,0,9,10,0,19,0,0,2,0,2,0,9,12,0,21,6,0,6,27
03/21/2002,HVN,CT,ANE,EN,Federal Contract Tower,0,10,18,2,30,0,0,91,5,96,0,10,109,7,126,118,0,118,244
03/22/2002,HVN,CT,ANE,EN,Federal Contract Tower,0,8,10,0,18,0,0,10,0,10,0,8,20,0,28,2,0,2,30
03/23/2002,HVN,CT,ANE,EN,Federal Contract Tower,0,10,5,0,15,0,0,13,0,13,0,10,18,0,28,4,0,4,32
03/24/2002,HVN,CT,ANE,EN,Federal Contract Tower,0,10,21,0,31,0,0,78,0,78,0,10,99,0,109,166,0,166,275
03/25/2002,HVN,CT,ANE,EN,Federal Contract Tower,0,10,17,0,27,0,0,48,0,48,0,10,65,0,75,74,0,74,149
03/26/2002,HVN,CT,ANE,EN,Federal Contract Tower,0,8,8,0,16,0,0,0,0,0,0,8,8,0,16,0,0,0,16
03/27/2002,HVN,CT,ANE,EN,Federal Contract Tower,0,13,17,0,30,0,0,51,0,51,0,13,68,0,81,76,2,78,159
03/28/2002,HVN,CT,ANE,EN,Federal Contract Tower,0,10,24,0,34,0,0,82,3,85,0,10,106,3,119,176,4,180,299
03/29/2002,HVN,CT,ANE,EN,Federal Contract Tower,0,6,28,0,34,0,2,117,0,119,0,8,145,0,153,146,0,146,299
03/30/2002,HVN,CT,ANE,EN,Federal Contract Tower,0,10,19,0,29,0,0,49,0,49,0,10,68,0,78,78,0,78,156
03/31/2002,HVN,CT,ANE,EN,Federal Contract Tower,0,13,7,0,20,0,0,40,0,40,0,13,47,0,60,64,0,64,124
04/01/2002,HVN,CT,ANE,EN,Federal Contract Tower,0,11,19,0,30,0,0,35,0,35,0,11,54,0,65,44,0,44,109
04/02/2002,HVN,CT,ANE,EN,Federal Contract Tower,0,11,13,0,24,0,0,99,0,99,0,11,112,0,123,128,0,128,251
04/03/2002,HVN,CT,ANE,EN,Federal Contract Tower,0,14,21,0,35,0,0,14,0,14,0,14,35,0,49,28,0,28,77
04/04/2002,HVN,CT,ANE,EN,Federal Contract Tower,0,13,11,2,26,0,0,143,3,146,0,13,154,5,172,204,0,204,376
04/05/2002,HVN,CT,ANE,EN,Federal Contract Tower,0,9,14,0,23,0,0,98,0,98,0,9,112,0,121,158,0,158,279
04/06/2002,HVN,CT,ANE,EN,Federal Contract Tower,0,11,11,0,22,0,0,60,0,60,0,11,71,0,82,30,0,30,112
04/07/2002,HVN,CT,ANE,EN,Federal Contract Tower,0,11,18,0,29,0,0,120,0,120,0,11,138,0,149,204,0,204,353
04/08/2002,HVN,CT,ANE,EN,Federal Contract Tower,0,13,13,0,26,0,0,60,0,60,0,13,73,0,86,132,0,132,218
04/09/2002,HVN,CT,ANE,EN,Federal Contract Tower,0,8,10,0,18,0,0,50,0,50,0,8,60,0,68,94,0,94,162
04/10/2002,HVN,CT,ANE,EN,Federal Contract Tower,0,11,9,0,20,0,0,75,4,79,0,11,84,4,99,96,2,98,197
04/11/2002,HVN,CT,ANE,EN,Federal Contract Tower,0,12,24,0,36,0,0,94,0,94,0,12,118,0,130,130,0,130,260
04/12/2002,HVN,CT,ANE,EN,Federal Contract Tower,0,9,25,0,34,0,0,68,0,68,0,9,93,0,102,210,0,210,312
04/13/2002,HVN,CT,ANE,EN,Federal Contract Tower,0,9,23,0,32,0,0,21,0,21,0,9,44,0,53,78,0,78,131
04/14/2002,HVN,CT,ANE,EN,Federal Contract Tower,0,11,32,0,43,0,0,134,0,134,0,11,166,0,177,132,0,132,309
04/15/2002,HVN,CT,ANE,EN,Federal Contract Tower,0,11,4,0,15,0,0,23,0,23,0,11,27,0,38,46,0,46,84
04/16/2002,HVN,CT,ANE,EN,Federal Contract Tower,0,11,12,0,23,0,0,77,0,77,0,11,89,0,100,178,0,178,278
04/17/2002,HVN,CT,ANE,EN,Federal Contract Tower,0,7,18,2,27,0,3,67,2,72,0,10,85,4,99,190,0,190,289
04/18/2002,HVN,CT,ANE,EN,Federal Contract Tower,0,11,16,0,27,0,0,47,0,47,0,11,63,0,74,180,0,180,254
04/19/2002,HVN,CT,ANE,EN,Federal Contract Tower,0,7,14,0,21,0,0,52,0,52,0,7,66,0,73,90,0,90,163
04/20/2002,HVN,CT,ANE,EN,Federal Contract Tower,0,7,14,0,21,0,1,64,0,65,0,8,78,0,86,84,0,84,170
04/21/2002,HVN,CT,ANE,EN,Federal Contract Tower,0,10,22,0,32,0,0,90,0,90,0,10,112,0,122,174,2,176,298
04/22/2002,HVN,CT,ANE,EN,Federal Contract Tower,0,10,7,0,17,0,0,0,0,0,0,10,7,0,17,0,0,0,17
04/23/2002,HVN,CT,ANE,EN,Federal Contract Tower,0,13,12,0,25,0,0,48,0,48,0,13,60,0,73,78,0,78,151
04/24/2002,HVN,CT,ANE,EN,Federal Contract Tower,0,12,16,0,28,0,1,58,4,63,0,13,74,4,91,110,4,114,205
04/25/2002,HVN,CT,ANE,EN,Federal Contract Tower,0,9,14,0,23,0,0,25,0,25,0,9,39,0,48,52,0,52,100
04/26/2002,HVN,CT,ANE,EN,Federal Contract Tower,0,12,8,0,20,0,0,82,0,82,0,12,90,0,102,124,0,124,226
04/27/2002,HVN,CT,ANE,EN,Federal Contract Tower,0,10,14,0,24,0,2,103,0,105,0,12,117,0,129,94,0,94,223
04/28/2002,HVN,CT,ANE,EN,Federal Contract Tower,0,9,8,0,17,0,0,0,0,0,0,9,8,0,17,0,0,0,17
04/29/2002,HVN,CT,ANE,EN,Federal Contract Tower,0,13,11,0,24,0,2,34,0,36,0,15,45,0,60,78,0,78,138
04/30/2002,HVN,CT,ANE,EN,Federal Contract Tower,0,10,5,0,15,0,0,71,0,71,0,10,76,0,86,146,0,146,232
05/01/2002,HVN,CT,ANE,EN,Federal Contract Tower,0,9,17,0,26,0,0,46,2,48,0,9,63,2,74,110,0,110,184
05/02/2002,HVN,CT,ANE,EN,Federal Contract Tower,0,9,11,0,20,0,0,1,0,1,0,9,12,0,21,0,0,0,21
05/03/2002,HVN,CT,ANE,EN,Federal Contract Tower,0,9,13,0,22,0,0,13,0,13,0,9,26,0,35,28,2,30,65
05/04/2002,HVN,CT,ANE,EN,Federal Contract Tower,0,10,11,0,21,0,0,115,0,115,0,10,126,0,136,120,0,120,256
05/05/2002,HVN,CT,ANE,EN,Federal Contract Tower,0,9,24,0,33,0,2,119,0,121,0,11,143,0,154,256,0,256,410
05/06/2002,HVN,CT,ANE,EN,Federal Contract Tower,0,6,14,0,20,0,0,66,2,68,0,6,80,2,88,128,0,128,216
05/07/2002,HVN,CT,ANE,EN,Federal Contract Tower,0,13,7,1,21,0,5,68,1,74,0,18,75,2,95,202,2,204,299
05/08/2002,HVN,CT,ANE,EN,Federal Contract Tower,0,8,11,0,19,0,0,38,2,40,0,8,49,2,59,38,0,38,97
05/09/2002,HVN,CT,ANE,EN,Federal Contract Tower,0,11,17,0,28,0,0,17,0,17,0,11,34,0,45,78,8,86,131
05/10/2002,HVN,CT,ANE,EN,Federal Contract Tower,0,14,5,0,19,0,1,70,0,71,0,15,75,0,90,110,0,110,200
05/11/2002,HVN,CT,ANE,EN,Federal Contract Tower,0,11,16,0,27,0,1,59,0,60,0,12,75,0,87,140,0,140,227
05/12/2002,HVN,CT,ANE,EN,Federal Contract Tower,0,8,13,0,21,0,0,21,1,22,0,8,34,1,43,76,0,76,119
05/13/2002,HVN,CT,ANE,EN,Federal Contract Tower,0,4,4,0,8,0,0,0,0,0,0,4,4,0,8,0,0,0,8
05/14/2002,HVN,CT,ANE,EN,Federal Contract Tower,0,11,16,0,27,0,1,33,0,34,0,12,49,0,61,38,0,38,99
05/15/2002,HVN,CT,ANE,EN,Federal Contract Tower,0,9,7,0,16,0,0,39,4,43,0,9,46,4,59,24,0,24,83
05/16/2002,HVN,CT,ANE,EN,Federal Contract Tower,0,6,10,0,16,0,5,83,0,88,0,11,93,0,104,194,0,194,298
05/17/2002,HVN,CT,ANE,EN,Federal Contract Tower,0,17,8,0,25,0,0,57,0,57,0,17,65,0,82,100,0,100,182
05/18/2002,HVN,CT,ANE,EN,Federal Contract Tower,0,8,3,0,11,0,0,9,0,9,0,8,12,0,20,0,0,0,20
05/19/2002,HVN,CT,ANE,EN,Federal Contract Tower,0,12,11,0,23,0,1,127,0,128,0,13,138,0,151,264,0,264,415
05/20/2002,HVN,CT,ANE,EN,Federal Contract Tower,0,9,15,0,24,0,0,64,0,64,0,9,79,0,88,180,0,180,268
05/21/2002,HVN,CT,ANE,EN,Federal Contract Tower,0,9,10,0,19,0,0,93,0,93,0,9,103,0,112,182,0,182,294
05/22/2002,HVN,CT,ANE,EN,Federal Contract Tower,0,18,22,0,40,0,0,71,2,73,0,18,93,2,113,170,0,170,283
05/23/2002,HVN,CT,ANE,EN,Federal Contract Tower,0,9,18,0,27,0,3,111,0,114,0,12,129,0,141,270,0,270,411
05/24/2002,HVN,CT,ANE,EN,Federal Contract Tower,0,11,17,0,28,0,2,96,0,98,0,13,113,0,126,180,0,180,306
05/25/2002,HVN,CT,ANE,EN,Federal Contract Tower,0,9,21,0,30,0,0,82,1,83,0,9,103,1,113,180,0,180,293
05/26/2002,HVN,CT,ANE,EN,Federal Contract Tower,0,12,18,0,30,0,0,19,0,19,0,12,37,0,49,58,0,58,107
05/27/2002,HVN,CT,ANE,EN,Federal Contract Tower,0,22,18,0,40,0,0,36,0,36,0,22,54,0,76,26,0,26,102
05/28/2002,HVN,CT,ANE,EN,Federal Contract Tower,0,8,17,0,25,0,0,22,0,22,0,8,39,0,47,30,0,30,77
05/29/2002,HVN,CT,ANE,EN,Federal Contract Tower,0,8,21,0,29,0,0,30,0,30,0,8,51,0,59,98,0,98,157
05/30/2002,HVN,CT,ANE,EN,Federal Contract Tower,0,13,42,0,55,0,2,50,0,52,0,15,92,0,107,168,0,168,275
05/31/2002,HVN,CT,ANE,EN,Federal Contract Tower,0,16,27,0,43,0,0,36,0,36,0,16,63,0,79,40,0,40,119
06/01/2002,HVN,CT,ANE,EN,Federal Contract Tower,0,11,14,0,25,0,0,86,0,86,0,11,100,0,111,90,0,90,201
06/02/2002,HVN,CT,ANE,EN,Federal Contract Tower,0,10,14,0,24,0,0,70,0,70,0,10,84,0,94,98,0,98,192
06/03/2002,HVN,CT,ANE,EN,Federal Contract Tower,0,9,7,0,16,0,0,73,0,73,0,9,80,0,89,104,0,104,193
06/04/2002,HVN,CT,ANE,EN,Federal Contract Tower,0,9,11,0,20,0,0,74,0,74,0,9,85,0,94,74,0,74,168
06/05/2002,HVN,CT,ANE,EN,Federal Contract Tower,0,9,18,0,27,0,0,19,0,19,0,9,37,0,46,84,0,84,130
06/06/2002,HVN,CT,ANE,EN,Federal Contract Tower,0,7,29,0,36,0,0,14,0,14,0,7,43,0,50,28,30,58,108
06/07/2002,HVN,CT,ANE,EN,Federal Contract Tower,0,14,19,0,33,0,0,33,0,33,0,14,52,0,66,42,0,42,108
06/08/2002,HVN,CT,ANE,EN,Federal Contract Tower,0,11,13,0,24,0,1,128,0,129,0,12,141,0,153,192,2,194,347
06/09/2002,HVN,CT,ANE,EN,Federal Contract Tower,0,16,5,0,21,0,0,109,0,109,0,16,114,0,130,218,0,218,348
06/10/2002,HVN,CT,ANE,EN,Federal Contract Tower,0,8,5,0,13,0,0,92,0,92,0,8,97,0,105,128,0,128,233
06/11/2002,HVN,CT,ANE,EN,Federal Contract Tower,0,8,22,0,30,0,0,34,0,34,0,8,56,0,64,112,0,112,176
06/12/2002,HVN,CT,ANE,EN,Federal Contract Tower,0,8,20,0,28,0,0,31,0,31,0,8,51,0,59,98,0,98,157
06/13/2002,HVN,CT,ANE,EN,Federal Contract Tower,0,12,16,0,28,0,0,35,0,35,0,12,51,0,63,94,0,94,157
06/14/2002,HVN,CT,ANE,EN,Federal Contract Tower,0,14,41,1,56,0,0,27,0,27,0,14,68,1,83,2,0,2,85
06/15/2002,HVN,CT,ANE,EN,Federal Contract Tower,0,10,11,0,21,0,0,15,0,15,0,10,26,0,36,84,0,84,120
06/16/2002,HVN,CT,ANE,EN,Federal Contract Tower,0,11,16,0,27,0,0,47,0,47,0,11,63,0,74,82,0,82,156
06/17/2002,HVN,CT,ANE,EN,Federal Contract Tower,0,8,10,0,18,0,0,71,0,71,0,8,81,0,89,150,0,150,239
06/18/2002,HVN,CT,ANE,EN,Federal Contract Tower,0,8,12,0,20,0,0,85,0,85,0,8,97,0,105,176,0,176,281
06/19/2002,HVN,CT,ANE,EN,Federal Contract Tower,0,6,12,0,18,0,0,68,4,72,0,6,80,4,90,80,0,80,170
06/20/2002,HVN,CT,ANE,EN,Federal Contract Tower,0,7,21,0,28,0,1,98,0,99,0,8,119,0,127,110,0,110,237
06/21/2002,HVN,CT,ANE,EN,Federal Contract Tower,0,8,17,0,25,0,0,135,0,135,0,8,152,0,160,252,0,252,412
06/22/2002,HVN,CT,ANE,EN,Federal Contract Tower,0,7,21,0,28,0,0,70,2,72,0,7,91,2,100,144,0,144,244
06/23/2002,HVN,CT,ANE,EN,Federal Contract Tower,0,9,16,0,25,0,0,77,0,77,0,9,93,0,102,114,2,116,218
06/24/2002,HVN,CT,ANE,EN,Federal Contract Tower,0,6,13,0,19,0,0,70,0,70,0,6,83,0,89,144,0,144,233
06/25/2002,HVN,CT,ANE,EN,Federal Contract Tower,0,9,22,0,31,0,0,78,0,78,0,9,100,0,109,216,2,218,327
06/26/2002,HVN,CT,ANE,EN,Federal Contract Tower,0,8,24,0,32,0,0,49,0,49,0,8,73,0,81,52,2,54,135
06/27/2002,HVN,CT,ANE,EN,Federal Contract Tower,0,6,12,0,18,0,0,58,0,58,0,6,70,0,76,124,0,124,200
06/28/2002,HVN,CT,ANE,EN,Federal Contract Tower,0,7,27,0,34,0,0,97,0,97,0,7,124,0,131,140,2,142,273
06/29/2002,HVN,CT,ANE,EN,Federal Contract Tower,0,7,11,0,18,0,0,102,0,102,0,7,113,0,120,176,0,176,296
06/30/2002,HVN,CT,ANE,EN,Federal Contract Tower,0,9,16,0,25,0,0,154,0,154,0,9,170,0,179,184,2,186,365
07/01/2002,HVN,CT,ANE,EN,Federal Contract Tower,0,6,10,0,16,0,0,74,0,74,0,6,84,0,90,112,0,112,202
07/02/2002,HVN,CT,ANE,EN,Federal Contract Tower,0,6,12,0,18,0,0,41,1,42,0,6,53,1,60,44,2,46,106
07/03/2002,HVN,CT,ANE,EN,Federal Contract Tower,0,11,6,0,17,0,0,63,3,66,0,11,69,3,83,64,0,64,147
07/04/2002,HVN,CT,ANE,EN,Federal Contract Tower,0,7,7,0,14,0,0,31,0,31,0,7,38,0,45,66,0,66,111
07/05/2002,HVN,CT,ANE,EN,Federal Contract Tower,0,5,12,0,17,0,1,91,0,92,0,6,103,0,109,68,8,76,185
07/06/2002,HVN,CT,ANE,EN,Federal Contract Tower,0,7,16,0,23,0,0,76,0,76,0,7,92,0,99,108,4,112,211
07/07/2002,HVN,CT,ANE,EN,Federal Contract Tower,0,14,38,0,52,0,0,15,0,15,0,14,53,0,67,118,0,118,185
07/08/2002,HVN,CT,ANE,EN,Federal Contract Tower,0,5,17,0,22,0,0,68,0,68,0,5,85,0,90,100,0,100,190
07/09/2002,HVN,CT,ANE,EN,Federal Contract Tower,0,7,12,0,19,0,0,24,0,24,0,7,36,0,43,116,0,116,159
07/10/2002,HVN,CT,ANE,EN,Federal Contract Tower,0,7,16,1,24,0,0,110,3,113,0,7,126,4,137,168,2,170,307
07/11/2002,HVN,CT,ANE,EN,Federal Contract Tower,0,7,16,0,23,0,0,110,4,114,0,7,126,4,137,94,2,96,233
07/12/2002,HVN,CT,ANE,EN,Federal Contract Tower,0,7,9,0,16,0,0,146,0,146,0,7,155,0,162,124,0,124,286
07/13/2002,HVN,CT,ANE,EN,Federal Contract Tower,0,7,14,0,21,0,0,117,0,117,0,7,131,0,138,176,0,176,314
07/14/2002,HVN,CT,ANE,EN,Federal Contract Tower,0,9,13,0,22,0,0,120,0,120,0,9,133,0,142,110,0,110,252
07/15/2002,HVN,CT,ANE,EN,Federal Contract Tower,0,6,18,0,24,0,0,81,0,81,0,6,99,0,105,154,0,154,259
07/16/2002,HVN,CT,ANE,EN,Federal Contract Tower,0,13,8,0,21,0,0,104,0,104,0,13,112,0,125,176,0,176,301
07/17/2002,HVN,CT,ANE,EN,Federal Contract Tower,0,7,15,0,22,0,0,100,3,103,0,7,115,3,125,116,0,116,241
07/18/2002,HVN,CT,ANE,EN,Federal Contract Tower,0,12,22,0,34,0,0,94,0,94,0,12,116,0,128,145,6,151,279
07/19/2002,HVN,CT,ANE,EN,Federal Contract Tower,0,7,14,0,21,0,0,55,0,55,0,7,69,0,76,70,0,70,146
07/20/2002,HVN,CT,ANE,EN,Federal Contract Tower,0,8,25,0,33,0,0,111,0,111,0,8,136,0,144,156,0,156,300
07/21/2002,HVN,CT,ANE,EN,Federal Contract Tower,0,11,13,0,24,0,0,113,0,113,0,11,126,0,137,98,0,98,235
07/22/2002,HVN,CT,ANE,EN,Federal Contract Tower,0,7,7,0,14,0,0,63,0,63,0,7,70,0,77,126,0,126,203
07/23/2002,HVN,CT,ANE,EN,Federal Contract Tower,0,5,12,0,17,0,0,37,0,37,0,5,49,0,54,72,0,72,126
07/24/2002,HVN,CT,ANE,EN,Federal Contract Tower,0,7,14,0,21,0,0,72,4,76,0,7,86,4,97,84,2,86,183
07/25/2002,HVN,CT,ANE,EN,Federal Contract Tower,0,11,12,0,23,0,0,120,2,122,0,11,132,2,145,160,0,160,305
07/26/2002,HVN,CT,ANE,EN,Federal Contract Tower,0,8,12,0,20,0,0,111,0,111,0,8,123,0,131,152,2,154,285
07/27/2002,HVN,CT,ANE,EN,Federal Contract Tower,0,9,17,0,26,0,2,45,0,47,0,11,62,0,73,126,0,126,199
07/28/2002,HVN,CT,ANE,EN,Federal Contract Tower,0,15,12,0,27,0,0,17,0,17,0,15,29,0,44,40,0,40,84
07/29/2002,HVN,CT,ANE,EN,Federal Contract Tower,0,9,14,0,23,0,0,83,2,85,0,9,97,2,108,118,0,118,226
07/30/2002,HVN,CT,ANE,EN,Federal Contract Tower,0,9,16,0,25,0,0,110,0,110,0,9,126,0,135,148,4,152,287
07/31/2002,HVN,CT,ANE,EN,Federal Contract Tower,0,12,13,0,25,0,0,150,2,152,0,12,163,2,177,146,0,146,323
08/01/2002,HVN,CT,ANE,EN,Federal Contract Tower,0,9,17,0,26,0,0,122,0,122,0,9,139,0,148,161,2,163,311
08/02/2002,HVN,CT,ANE,EN,Federal Contract Tower,0,6,17,2,25,0,0,82,0,82,0,6,99,2,107,166,4,170,277
08/03/2002,HVN,CT,ANE,EN,Federal Contract Tower,0,7,6,0,13,0,0,96,0,96,0,7,102,0,109,174,0,174,283
08/04/2002,HVN,CT,ANE,EN,Federal Contract Tower,0,9,15,0,24,0,0,83,2,85,0,9,98,2,109,116,2,118,227
08/05/2002,HVN,CT,ANE,EN,Federal Contract Tower,0,6,9,0,15,0,0,36,0,36,0,6,45,0,51,38,0,38,89
08/06/2002,HVN,CT,ANE,EN,Federal Contract Tower,0,8,2,0,10,0,0,85,0,85,0,8,87,0,95,68,0,68,163
08/07/2002,HVN,CT,ANE,EN,Federal Contract Tower,0,10,17,0,27,0,0,89,3,92,0,10,106,3,119,124,2,126,245
08/08/2002,HVN,CT,ANE,EN,Federal Contract Tower,0,6,7,0,13,0,0,107,0,107,0,6,114,0,120,192,0,192,312
08/09/2002,HVN,CT,ANE,EN,Federal Contract Tower,0,7,12,0,19,0,0,141,0,141,0,7,153,0,160,230,0,230,390
08/10/2002,HVN,CT,ANE,EN,Federal Contract Tower,0,10,9,0,19,0,0,104,0,104,0,10,113,0,123,102,0,102,225
08/11/2002,HVN,CT,ANE,EN,Federal Contract Tower,0,9,14,0,23,0,0,115,0,115,0,9,129,0,138,174,0,174,312
08/12/2002,HVN,CT,ANE,EN,Federal Contract Tower,0,7,13,0,20,0,1,82,0,83,0,8,95,0,103,110,0,110,213
08/13/2002,HVN,CT,ANE,EN,Federal Contract Tower,0,7,26,0,33,0,0,86,2,88,0,7,112,2,121,164,2,166,287
08/14/2002,HVN,CT,ANE,EN,Federal Contract Tower,0,13,26,0,39,0,0,96,4,100,0,13,122,4,139,120,8,128,267
08/15/2002,HVN,CT,ANE,EN,Federal Contract Tower,0,6,24,0,30,0,2,84,0,86,0,8,108,0,116,92,2,94,210
08/16/2002,HVN,CT,ANE,EN,Federal Contract Tower,0,9,21,0,30,0,0,59,0,59,0,9,80,0,89,94,0,94,183
08/17/2002,HVN,CT,ANE,EN,Federal Contract Tower,0,7,16,0,23,0,0,89,0,89,0,7,105,0,112,94,2,96,208
08/18/2002,HVN,CT,ANE,EN,Federal Contract Tower,0,11,15,0,26,0,0,95,0,95,0,11,110,0,121,202,0,202,323
08/19/2002,HVN,CT,ANE,EN,Federal Contract Tower,0,6,16,0,22,0,0,100,0,100,0,6,116,0,122,130,2,132,254
08/20/2002,HVN,CT,ANE,EN,Federal Contract Tower,0,7,14,0,21,0,2,60,0,62,0,9,74,0,83,72,0,72,155
08/21/2002,HVN,CT,ANE,EN,Federal Contract Tower,0,6,13,0,19,0,2,132,4,138,0,8,145,4,157,124,2,126,283
08/22/2002,HVN,CT,ANE,EN,Federal Contract Tower,0,7,9,0,16,0,0,74,0,74,0,7,83,0,90,118,0,118,208
08/23/2002,HVN,CT,ANE,EN,Federal Contract Tower,0,12,21,0,33,0,4,80,2,86,0,16,101,2,119,148,2,150,269
08/24/2002,HVN,CT,ANE,EN,Federal Contract Tower,0,12,10,0,22,0,0,58,0,58,0,12,68,0,80,82,0,82,162
08/25/2002,HVN,CT,ANE,EN,Federal Contract Tower,0,9,14,0,23,0,0,89,0,89,0,9,103,0,112,132,0,132,244
08/26/2002,HVN,CT,ANE,EN,Federal Contract Tower,0,6,13,0,19,0,1,105,0,106,0,7,118,0,125,164,0,164,289
08/27/2002,HVN,CT,ANE,EN,Federal Contract Tower,0,7,16,0,23,0,0,95,0,95,0,7,111,0,118,118,0,118,236
08/28/2002,HVN,CT,ANE,EN,Federal Contract Tower,0,8,22,1,31,0,1,93,7,101,0,9,115,8,132,72,0,72,204
08/29/2002,HVN,CT,ANE,EN,Federal Contract Tower,0,13,8,0,21,0,0,5,0,5,0,13,13,0,26,0,2,2,28
08/30/2002,HVN,CT,ANE,EN,Federal Contract Tower,0,12,19,0,31,0,0,40,0,40,0,12,59,0,71,52,4,56,127
08/31/2002,HVN,CT,ANE,EN,Federal Contract Tower,0,13,22,0,35,0,0,42,0,42,0,13,64,0,77,58,6,64,141
09/01/2002,HVN,CT,ANE,EN,Federal Contract Tower,0,9,12,0,21,0,0,48,0,48,0,9,60,0,69,106,0,106,175
09/02/2002,HVN,CT,ANE,EN,Federal Contract Tower,0,8,13,0,21,0,0,4,0,4,0,8,17,0,25,2,0,2,27
09/03/2002,HVN,CT,ANE,EN,Federal Contract Tower,0,10,12,0,22,0,0,82,0,82,0,10,94,0,104,96,0,96,200
09/04/2002,HVN,CT,ANE,EN,Federal Contract Tower,0,11,23,2,36,0,0,44,4,48,0,11,67,6,84,82,2,84,168
09/05/2002,HVN,CT,ANE,EN,Federal Contract Tower,0,8,9,0,17,0,0,72,0,72,0,8,81,0,89,98,0,98,187
09/06/2002,HVN,CT,ANE,EN,Federal Contract Tower,0,8,13,0,21,0,0,99,2,101,0,8,112,2,122,124,8,132,254
09/07/2002,HVN,CT,ANE,EN,Federal Contract Tower,0,7,9,0,16,0,0,101,2,103,0,7,110,2,119,156,0,156,275
09/08/2002,HVN,CT,ANE,EN,Federal Contract Tower,0,9,5,0,14,0,0,102,0,102,0,9,107,0,116,138,0,138,254
09/09/2002,HVN,CT,ANE,EN,Federal Contract Tower,0,9,11,0,20,0,0,60,2,62,0,9,71,2,82,92,0,92,174
09/10/2002,HVN,CT,ANE,EN,Federal Contract Tower,0,5,18,0,23,0,2,84,6,92,0,7,102,6,115,128,2,130,245
09/11/2002,HVN,CT,ANE,EN,Federal Contract Tower,0,10,12,4,26,0,0,10,3,13,0,10,22,7,39,16,0,16,55
09/12/2002,HVN,CT,ANE,EN,Federal Contract Tower,0,7,23,0,30,0,1,76,0,77,0,8,99,0,107,104,2,106,213
09/13/2002,HVN,CT,ANE,EN,Federal Contract Tower,0,9,18,3,30,0,0,102,0,102,0,9,120,3,132,94,4,98,230
09/14/2002,HVN,CT,ANE,EN,Federal Contract Tower,0,12,12,0,24,0,0,103,12,115,0,12,115,12,139,124,4,128,267
09/15/2002,HVN,CT,ANE,EN,Federal Contract Tower,0,11,16,0,27,0,0,12,2,14,0,11,28,2,41,14,0,14,55
09/16/2002,HVN,CT,ANE,EN,Federal Contract Tower,0,11,17,0,28,0,0,21,0,21,0,11,38,0,49,18,0,18,67
09/17/2002,HVN,CT,ANE,EN,Federal Contract Tower,0,6,17,0,23,0,0,60,0,60,0,6,77,0,83,222,8,230,313
09/18/2002,HVN,CT,ANE,EN,Federal Contract Tower,0,8,12,0,20,0,0,92,4,96,0,8,104,4,116,114,2,116,232
09/19/2002,HVN,CT,ANE,EN,Federal Contract Tower,0,6,19,0,25,0,0,83,0,83,0,6,102,0,108,144,4,148,256
09/20/2002,HVN,CT,ANE,EN,Federal Contract Tower,0,7,15,0,22,0,0,80,0,80,0,7,95,0,102,116,0,116,218
09/21/2002,HVN,CT,ANE,EN,Federal Contract Tower,0,10,17,0,27,0,0,86,0,86,0,10,103,0,113,122,0,122,235
09/22/2002,HVN,CT,ANE,EN,Federal Contract Tower,0,8,22,0,30,0,0,66,0,66,0,8,88,0,96,200,0,200,296
09/23/2002,HVN,CT,ANE,EN,Federal Contract Tower,0,8,23,0,31,0,0,68,0,68,0,8,91,0,99,74,0,74,173
09/24/2002,HVN,CT,ANE,EN,Federal Contract Tower,0,8,20,0,28,0,0,77,0,77,0,8,97,0,105,122,4,126,231
09/25/2002,HVN,CT,ANE,EN,Federal Contract Tower,0,7,8,0,15,0,0,90,4,94,0,7,98,4,109,84,4,88,197
09/26/2002,HVN,CT,ANE,EN,Federal Contract Tower,0,10,21,0,31,0,0,17,0,17,0,10,38,0,48,20,2,22,70
09/27/2002,HVN,CT,ANE,EN,Federal Contract Tower,0,12,22,0,34,0,0,2,0,2,0,12,24,0,36,2,0,2,38
09/28/2002,HVN,CT,ANE,EN,Federal Contract Tower,0,11,15,0,26,0,0,53,0,53,0,11,68,0,79,56,0,56,135
09/29/2002,HVN,CT,ANE,EN,Federal Contract Tower,0,9,16,0,25,0,0,149,0,149,0,9,165,0,174,136,0,136,310
09/30/2002,HVN,CT,ANE,EN,Federal Contract Tower,0,9,19,0,28,0,0,68,0,68,0,9,87,0,96,110,0,110,206
10/01/2002,HVN,CT,ANE,EN,Federal Contract Tower,0,10,19,1,30,0,1,93,1,95,0,11,112,2,125,108,0,108,233
10/02/2002,HVN,CT,ANE,EN,Federal Contract Tower,0,8,21,1,30,0,0,56,2,58,0,8,77,3,88,80,0,80,168
10/03/2002,HVN,CT,ANE,EN,Federal Contract Tower,0,8,14,1,23,0,1,17,0,18,0,9,31,1,41,30,24,54,95
10/04/2002,HVN,CT,ANE,EN,Federal Contract Tower,0,11,18,0,29,0,0,18,0,18,0,11,36,0,47,36,0,36,83
10/05/2002,HVN,CT,ANE,EN,Federal Contract Tower,0,8,8,0,16,0,1,38,0,39,0,9,46,0,55,50,4,54,109
10/06/2002,HVN,CT,ANE,EN,Federal Contract Tower,0,9,11,1,21,0,0,123,0,123,0,9,134,1,144,180,10,190,334
10/07/2002,HVN,CT,ANE,EN,Federal Contract Tower,0,8,14,2,24,0,0,46,4,50,0,8,60,6,74,54,4,58,132
10/08/2002,HVN,CT,ANE,EN,Federal Contract Tower,0,7,16,1,24,0,0,81,1,82,0,7,97,2,106,130,2,132,238
10/09/2002,HVN,CT,ANE,EN,Federal Contract Tower,0,11,7,0,18,0,0,81,0,81,0,11,88,0,99,122,0,122,221
10/10/2002,HVN,CT,ANE,EN,Federal Contract Tower,0,10,28,0,38,0,3,37,0,40,0,13,65,0,78,98,2,100,178
10/11/2002,HVN,CT,ANE,EN,Federal Contract Tower,0,10,28,0,38,0,0,1,0,1,0,10,29,0,39,0,0,0,39
10/12/2002,HVN,CT,ANE,EN,Federal Contract Tower,0,7,12,0,19,0,0,0,0,0,0,7,12,0,19,0,0,0,19
10/13/2002,HVN,CT,ANE,EN,Federal Contract Tower,0,13,25,0,38,0,0,1,0,1,0,13,26,0,39,2,0,2,41
10/14/2002,HVN,CT,ANE,EN,Federal Contract Tower,0,14,7,0,21,0,0,52,0,52,0,14,59,0,73,102,0,102,175
10/15/2002,HVN,CT,ANE,EN,Federal Contract Tower,0,9,16,0,25,0,2,114,0,116,0,11,130,0,141,148,0,148,289
10/16/2002,HVN,CT,ANE,EN,Federal Contract Tower,0,8,10,0,18,0,0,0,0,0,0,8,10,0,18,0,0,0,18
10/17/2002,HVN,CT,ANE,EN,Federal Contract Tower,0,7,16,0,23,0,1,59,4,64,0,8,75,4,87,94,0,94,181
10/18/2002,HVN,CT,ANE,EN,Federal Contract Tower,0,11,14,0,25,0,0,86,0,86,0,11,100,0,111,132,0,132,243
10/19/2002,HVN,CT,ANE,EN,Federal Contract Tower,0,7,5,0,12,0,3,18,0,21,0,10,23,0,33,38,4,42,75
10/20/2002,HVN,CT,ANE,EN,Federal Contract Tower,0,6,12,0,18,0,0,133,0,133,0,6,145,0,151,170,0,170,321
10/21/2002,HVN,CT,ANE,EN,Federal Contract Tower,0,10,6,0,16,0,2,70,0,72,0,12,76,0,88,140,0,140,228
10/22/2002,HVN,CT,ANE,EN,Federal Contract Tower,0,9,17,0,26,0,0,72,0,72,0,9,89,0,98,124,4,128,226
10/23/2002,HVN,CT,ANE,EN,Federal Contract Tower,0,12,15,0,27,0,0,56,4,60,0,12,71,4,87,98,0,98,185
10/24/2002,HVN,CT,ANE,EN,Federal Contract Tower,0,10,23,0,33,0,0,65,0,65,0,10,88,0,98,72,0,72,170
10/25/2002,HVN,CT,ANE,EN,Federal Contract Tower,0,10,29,0,39,0,0,67,0,67,0,10,96,0,106,150,0,150,256
10/26/2002,HVN,CT,ANE,EN,Federal Contract Tower,0,7,6,0,13,0,0,3,0,3,0,7,9,0,16,2,0,2,18
10/27/2002,HVN,CT,ANE,EN,Federal Contract Tower,0,8,14,0,22,0,0,85,0,85,0,8,99,0,107,174,0,174,281
10/28/2002,HVN,CT,ANE,EN,Federal Contract Tower,0,11,18,0,29,0,0,65,0,65,0,11,83,0,94,86,6,92,186
10/29/2002,HVN,CT,ANE,EN,Federal Contract Tower,0,8,7,0,15,0,0,50,0,50,0,8,57,0,65,110,4,114,179
10/30/2002,HVN,CT,ANE,EN,Federal Contract Tower,0,7,15,0,22,0,0,32,0,32,0,7,47,0,54,66,0,66,120
10/31/2002,HVN,CT,ANE,EN,Federal Contract Tower,0,12,14,0,26,0,0,66,0,66,0,12,80,0,92,104,0,104,196
11/01/2002,HVN,CT,ANE,EN,Federal Contract Tower,0,7,9,0,16,0,1,49,0,50,0,8,58,0,66,56,0,56,122
11/02/2002,HVN,CT,ANE,EN,Federal Contract Tower,0,6,11,0,17,0,1,57,0,58,0,7,68,0,75,118,0,118,193
11/03/2002,HVN,CT,ANE,EN,Federal Contract Tower,0,9,18,0,27,0,0,99,4,103,0,9,117,4,130,266,0,266,396
11/04/2002,HVN,CT,ANE,EN,Federal Contract Tower,0,9,11,0,20,0,0,16,0,16,0,9,27,0,36,20,8,28,64
11/05/2002,HVN,CT,ANE,EN,Federal Contract Tower,0,7,11,0,18,0,0,63,0,63,0,7,74,0,81,128,2,130,211
11/06/2002,HVN,CT,ANE,EN,Federal Contract Tower,0,8,10,0,18,0,0,11,0,11,0,8,21,0,29,22,0,22,51
11/07/2002,HVN,CT,ANE,EN,Federal Contract Tower,0,12,13,0,25,0,0,26,0,26,0,12,39,0,51,10,10,20,71
11/08/2002,HVN,CT,ANE,EN,Federal Contract Tower,0,8,14,0,22,0,0,46,0,46,0,8,60,0,68,80,4,84,152
11/09/2002,HVN,CT,ANE,EN,Federal Contract Tower,0,4,10,0,14,0,0,90,0,90,0,4,100,0,104,156,0,156,260
11/10/2002,HVN,CT,ANE,EN,Federal Contract Tower,0,8,14,0,22,0,0,55,0,55,0,8,69,0,77,94,4,98,175
11/11/2002,HVN,CT,ANE,EN,Federal Contract Tower,0,9,14,0,23,0,0,3,0,3,0,9,17,0,26,2,0,2,28
11/12/2002,HVN,CT,ANE,EN,Federal Contract Tower,0,7,15,1,23,0,0,7,0,7,0,7,22,1,30,10,0,10,40
11/13/2002,HVN,CT,ANE,EN,Federal Contract Tower,0,15,22,0,37,0,1,13,0,14,0,16,35,0,51,20,4,24,75
11/14/2002,HVN,CT,ANE,EN,Federal Contract Tower,0,6,18,0,24,0,1,57,3,61,0,7,75,3,85,60,0,60,145
11/15/2002,HVN,CT,ANE,EN,Federal Contract Tower,0,9,25,0,34,0,0,108,0,108,0,9,133,0,142,258,2,260,402
11/16/2002,HVN,CT,ANE,EN,Federal Contract Tower,0,6,1,0,7,0,0,2,0,2,0,6,3,0,9,14,0,14,23
11/17/2002,HVN,CT,ANE,EN,Federal Contract Tower,0,9,5,0,14,0,0,0,0,0,0,9,5,0,14,0,0,0,14
11/18/2002,HVN,CT,ANE,EN,Federal Contract Tower,0,8,18,0,26,0,0,24,0,24,0,8,42,0,50,4,0,4,54
11/19/2002,HVN,CT,ANE,EN,Federal Contract Tower,0,8,25,0,33,0,0,57,0,57,0,8,82,0,90,98,0,98,188
11/20/2002,HVN,CT,ANE,EN,Federal Contract Tower,0,14,12,0,26,0,0,100,7,107,0,14,112,7,133,144,0,144,277
11/21/2002,HVN,CT,ANE,EN,Federal Contract Tower,0,12,15,0,27,0,0,14,0,14,0,12,29,0,41,26,0,26,67
11/22/2002,HVN,CT,ANE,EN,Federal Contract Tower,0,20,26,0,46,0,0,0,0,0,0,20,26,0,46,0,0,0,46
11/23/2002,HVN,CT,ANE,EN,Federal Contract Tower,0,5,6,0,11,0,0,5,0,5,0,5,11,0,16,2,6,8,24
11/24/2002,HVN,CT,ANE,EN,Federal Contract Tower,0,7,4,0,11,0,0,101,0,101,0,7,105,0,112,82,0,82,194
11/25/2002,HVN,CT,ANE,EN,Federal Contract Tower,0,7,9,0,16,0,0,41,0,41,0,7,50,0,57,146,0,146,203
11/26/2002,HVN,CT,ANE,EN,Federal Contract Tower,0,11,20,0,31,0,0,110,2,112,0,11,130,2,143,114,0,114,257
11/27/2002,HVN,CT,ANE,EN,Federal Contract Tower,0,11,6,0,17,0,0,11,0,11,0,11,17,0,28,24,0,24,52
11/28/2002,HVN,CT,ANE,EN,Federal Contract Tower,0,7,5,0,12,0,0,14,0,14,0,7,19,0,26,14,0,14,40
11/29/2002,HVN,CT,ANE,EN,Federal Contract Tower,0,5,9,0,14,0,0,36,0,36,0,5,45,0,50,70,0,70,120
11/30/2002,HVN,CT,ANE,EN,Federal Contract Tower,0,7,6,0,13,0,0,61,0,61,0,7,67,0,74,136,0,136,210
12/01/2002,HVN,CT,ANE,EN,Federal Contract Tower,0,10,9,0,19,0,0,13,0,13,0,10,22,0,32,4,0,4,36
12/02/2002,HVN,CT,ANE,EN,Federal Contract Tower,0,9,20,0,29,0,0,33,0,33,0,9,53,0,62,44,0,44,106
12/03/2002,HVN,CT,ANE,EN,Federal Contract Tower,0,9,3,0,12,0,0,15,0,15,0,9,18,0,27,20,2,22,49
12/04/2002,HVN,CT,ANE,EN,Federal Contract Tower,0,9,9,0,18,0,0,66,6,72,0,9,75,6,90,66,4,70,160
12/05/2002,HVN,CT,ANE,EN,Federal Contract Tower,0,4,2,0,6,0,0,1,0,1,0,4,3,0,7,4,0,4,11
12/06/2002,HVN,CT,ANE,EN,Federal Contract Tower,0,9,26,0,35,0,0,25,0,25,0,9,51,0,60,60,0,60,120
12/07/2002,HVN,CT,ANE,EN,Federal Contract Tower,0,6,17,0,23,0,0,46,0,46,0,6,63,0,69,52,0,52,121
12/08/2002,HVN,CT,ANE,EN,Federal Contract Tower,0,10,7,0,17,0,0,67,0,67,0,10,74,0,84,76,0,76,160
12/09/2002,HVN,CT,ANE,EN,Federal Contract Tower,0,10,18,0,28,0,0,30,0,30,0,10,48,0,58,56,0,56,114
12/10/2002,HVN,CT,ANE,EN,Federal Contract Tower,0,12,9,0,21,0,2,75,0,77,0,14,84,0,98,50,0,50,148
12/11/2002,HVN,CT,ANE,EN,Federal Contract Tower,0,7,12,0,19,0,0,18,0,18,0,7,30,0,37,22,0,22,59
12/12/2002,HVN,CT,ANE,EN,Federal Contract Tower,0,8,10,0,18,0,0,14,0,14,0,8,24,0,32,56,4,60,92
12/13/2002,HVN,CT,ANE,EN,Federal Contract Tower,0,11,12,0,23,0,0,43,10,53,0,11,55,10,76,96,4,100,176
12/14/2002,HVN,CT,ANE,EN,Federal Contract Tower,0,5,10,0,15,0,0,0,0,0,0,5,10,0,15,12,0,12,27
12/15/2002,HVN,CT,ANE,EN,Federal Contract Tower,0,6,10,0,16,0,0,54,0,54,0,6,64,0,70,94,0,94,164
12/16/2002,HVN,CT,ANE,EN,Federal Contract Tower,0,11,10,0,21,0,0,0,0,0,0,11,10,0,21,0,0,0,21
12/17/2002,HVN,CT,ANE,EN,Federal Contract Tower,0,7,16,0,23,0,0,49,0,49,0,7,65,0,72,110,0,110,182
12/18/2002,HVN,CT,ANE,EN,Federal Contract Tower,0,14,15,0,29,0,1,87,0,88,0,15,102,0,117,118,0,118,235
12/19/2002,HVN,CT,ANE,EN,Federal Contract Tower,0,13,15,0,28,0,0,47,0,47,0,13,62,0,75,62,0,62,137
12/20/2002,HVN,CT,ANE,EN,Federal Contract Tower,0,7,10,0,17,0,0,0,0,0,0,7,10,0,17,2,0,2,19
12/21/2002,HVN,CT,ANE,EN,Federal Contract Tower,0,7,8,0,15,0,0,31,0,31,0,7,39,0,46,78,0,78,124
12/22/2002,HVN,CT,ANE,EN,Federal Contract Tower,0,9,24,0,33,0,0,47,0,47,0,9,71,0,80,142,0,142,222
12/23/2002,HVN,CT,ANE,EN,Federal Contract Tower,0,7,7,0,14,0,0,37,0,37,0,7,44,0,51,28,0,28,79
12/24/2002,HVN,CT,ANE,EN,Federal Contract Tower,0,7,14,0,21,0,1,78,0,79,0,8,92,0,100,86,0,86,186
12/25/2002,HVN,CT,ANE,EN,Federal Contract Tower,0,3,0,0,3,0,0,0,0,0,0,3,0,0,3,0,0,0,3
12/26/2002,HVN,CT,ANE,EN,Federal Contract Tower,0,5,6,0,11,0,0,7,0,7,0,5,13,0,18,6,0,6,24
12/27/2002,HVN,CT,ANE,EN,Federal Contract Tower,0,7,20,0,27,0,0,75,0,75,0,7,95,0,102,154,0,154,256
12/28/2002,HVN,CT,ANE,EN,Federal Contract Tower,0,5,9,0,14,0,0,71,0,71,0,5,80,0,85,62,0,62,147
12/29/2002,HVN,CT,ANE,EN,Federal Contract Tower,0,6,13,0,19,0,0,65,0,65,0,6,78,0,84,82,0,82,166
12/30/2002,HVN,CT,ANE,EN,Federal Contract Tower,0,6,7,0,13,0,0,50,0,50,0,6,57,0,63,106,0,106,169
12/31/2002,HVN,CT,ANE,EN,Federal Contract Tower,0,9,5,0,14,0,0,2,0,2,0,9,7,0,16,0,0,0,16
01/01/2003,HVN,CT,ANE,EN,Federal Contract Tower,0,9,3,0,12,0,0,0,0,0,0,9,3,0,12,0,0,0,12
01/02/2003,HVN,CT,ANE,EN,Federal Contract Tower,0,7,4,0,11,0,0,8,3,11,0,7,12,3,22,20,1,21,43
01/03/2003,HVN,CT,ANE,EN,Federal Contract Tower,0,8,3,0,11,0,0,0,0,0,0,8,3,0,11,0,0,0,11
01/04/2003,HVN,CT,ANE,EN,Federal Contract Tower,0,7,4,0,11,0,0,1,0,1,0,7,5,0,12,2,0,2,14
01/05/2003,HVN,CT,ANE,EN,Federal Contract Tower,0,4,7,0,11,0,0,76,0,76,0,4,83,0,87,136,0,136,223
01/06/2003,HVN,CT,ANE,EN,Federal Contract Tower,0,4,2,0,6,0,2,0,0,2,0,6,2,0,8,0,0,0,8
01/07/2003,HVN,CT,ANE,EN,Federal Contract Tower,0,7,11,0,18,0,0,36,0,36,0,7,47,0,54,12,0,12,66
01/08/2003,HVN,CT,ANE,EN,Federal Contract Tower,0,7,12,0,19,0,0,31,0,31,0,7,43,0,50,38,0,38,88
01/09/2003,HVN,CT,ANE,EN,Federal Contract Tower,0,6,9,0,15,0,0,58,0,58,0,6,67,0,73,60,2,62,135
01/10/2003,HVN,CT,ANE,EN,Federal Contract Tower,0,7,8,0,15,0,0,57,0,57,0,7,65,0,72,74,0,74,146
01/11/2003,HVN,CT,ANE,EN,Federal Contract Tower,0,6,10,0,16,0,0,28,0,28,0,6,38,0,44,40,0,40,84
01/12/2003,HVN,CT,ANE,EN,Federal Contract Tower,0,9,13,0,22,0,0,79,0,79,0,9,92,0,101,52,0,52,153
01/13/2003,HVN,CT,ANE,EN,Federal Contract Tower,0,10,3,0,13,0,0,22,0,22,0,10,25,0,35,20,2,22,57
01/14/2003,HVN,CT,ANE,EN,Federal Contract Tower,0,9,12,0,21,0,0,40,0,40,0,9,52,0,61,68,4,72,133
01/15/2003,HVN,CT,ANE,EN,Federal Contract Tower,0,10,8,0,18,0,1,58,0,59,0,11,66,0,77,132,10,142,219
01/16/2003,HVN,CT,ANE,EN,Federal Contract Tower,1,9,10,0,20,0,6,46,0,52,1,15,56,0,72,84,0,84,156
01/17/2003,HVN,CT,ANE,EN,Federal Contract Tower,0,13,13,0,26,0,0,31,0,31,0,13,44,0,57,40,0,40,97
01/18/2003,HVN,CT,ANE,EN,Federal Contract Tower,0,6,16,0,22,0,1,65,0,66,0,7,81,0,88,94,0,94,182
01/19/2003,HVN,CT,ANE,EN,Federal Contract Tower,0,8,6,0,14,0,1,35,0,36,0,9,41,0,50,128,0,128,178
01/20/2003,HVN,CT,ANE,EN,Federal Contract Tower,0,9,9,0,18,0,0,30,0,30,0,9,39,0,48,24,0,24,72
01/21/2003,HVN,CT,ANE,EN,Federal Contract Tower,0,14,5,0,19,0,0,39,0,39,0,14,44,0,58,66,0,66,124
01/22/2003,HVN,CT,ANE,EN,Federal Contract Tower,0,13,11,0,24,0,0,39,3,42,0,13,50,3,66,44,0,44,110
01/23/2003,HVN,CT,ANE,EN,Federal Contract Tower,0,9,9,0,18,0,0,19,0,19,0,9,28,0,37,36,0,36,73
01/24/2003,HVN,CT,ANE,EN,Federal Contract Tower,0,15,12,0,27,0,0,33,0,33,0,15,45,0,60,76,0,76,136
01/25/2003,HVN,CT,ANE,EN,Federal Contract Tower,0,2,9,0,11,0,1,75,0,76,0,3,84,0,87,167,0,167,254
01/26/2003,HVN,CT,ANE,EN,Federal Contract Tower,0,7,9,0,16,0,0,45,0,45,0,7,54,0,61,142,2,144,205
01/27/2003,HVN,CT,ANE,EN,Federal Contract Tower,0,10,1,0,11,0,0,15,0,15,0,10,16,0,26,4,0,4,30
01/28/2003,HVN,CT,ANE,EN,Federal Contract Tower,0,12,9,0,21,0,0,35,0,35,0,12,44,0,56,116,0,116,172
01/29/2003,HVN,CT,ANE,EN,Federal Contract Tower,0,12,6,0,18,0,0,0,0,0,0,12,6,0,18,0,0,0,18
01/30/2003,HVN,CT,ANE,EN,Federal Contract Tower,0,14,6,0,20,0,0,53,4,57,0,14,59,4,77,116,0,116,193
01/31/2003,HVN,CT,ANE,EN,Federal Contract Tower,0,9,17,0,26,0,0,14,0,14,0,9,31,0,40,38,0,38,78
02/01/2003,HVN,CT,ANE,EN,Federal Contract Tower,0,13,2,0,15,0,0,0,0,0,0,13,2,0,15,0,0,0,15
02/02/2003,HVN,CT,ANE,EN,Federal Contract Tower,0,9,13,0,22,0,0,15,0,15,0,9,28,0,37,18,0,18,55
02/03/2003,HVN,CT,ANE,EN,Federal Contract Tower,0,9,7,0,16,0,0,51,0,51,0,9,58,0,67,130,0,130,197
02/04/2003,HVN,CT,ANE,EN,Federal Contract Tower,0,10,7,0,17,0,0,1,0,1,0,10,8,0,18,0,0,0,18
02/05/2003,HVN,CT,ANE,EN,Federal Contract Tower,0,9,7,0,16,0,0,18,2,20,0,9,25,2,36,22,6,28,64
02/06/2003,HVN,CT,ANE,EN,Federal Contract Tower,0,11,16,0,27,0,0,59,0,59,0,11,75,0,86,104,6,110,196
02/07/2003,HVN,CT,ANE,EN,Federal Contract Tower,0,9,2,0,11,0,0,0,0,0,0,9,2,0,11,4,0,4,15
02/08/2003,HVN,CT,ANE,EN,Federal Contract Tower,0,6,10,0,16,0,0,72,0,72,0,6,82,0,88,90,2,92,180
02/09/2003,HVN,CT,ANE,EN,Federal Contract Tower,0,7,14,0,21,0,0,69,0,69,0,7,83,0,90,156,0,156,246
02/10/2003,HVN,CT,ANE,EN,Federal Contract Tower,0,7,7,0,14,0,0,17,0,17,0,7,24,0,31,30,0,30,61
02/11/2003,HVN,CT,ANE,EN,Federal Contract Tower,0,10,18,0,28,0,0,26,0,26,0,10,44,0,54,56,0,56,110
02/12/2003,HVN,CT,ANE,EN,Federal Contract Tower,0,11,8,0,19,0,1,16,0,17,0,12,24,0,36,4,0,4,40
02/13/2003,HVN,CT,ANE,EN,Federal Contract Tower,0,9,9,0,18,0,0,25,0,25,0,9,34,0,43,40,0,40,83
02/14/2003,HVN,CT,ANE,EN,Federal Contract Tower,0,10,16,0,26,0,0,53,2,55,0,10,69,2,81,116,6,122,203
02/15/2003,HVN,CT,ANE,EN,Federal Contract Tower,0,10,6,0,16,0,0,43,0,43,0,10,49,0,59,62,0,62,121
02/16/2003,HVN,CT,ANE,EN,Federal Contract Tower,0,6,6,0,12,0,0,21,0,21,0,6,27,0,33,60,0,60,93
02/17/2003,HVN,CT,ANE,EN,Federal Contract Tower,0,0,0,0,0,0,0,0,0,0,0,0,0,0,0,0,0,0,0
02/18/2003,HVN,CT,ANE,EN,Federal Contract Tower,0,2,0,0,2,0,0,2,0,2,0,2,2,0,4,6,0,6,10
02/19/2003,HVN,CT,ANE,EN,Federal Contract Tower,0,3,8,0,11,0,0,31,0,31,0,3,39,0,42,68,2,70,112
02/20/2003,HVN,CT,ANE,EN,Federal Contract Tower,0,8,15,0,23,0,0,74,6,80,0,8,89,6,103,116,0,116,219
02/21/2003,HVN,CT,ANE,EN,Federal Contract Tower,0,9,13,0,22,0,1,64,2,67,0,10,77,2,89,144,0,144,233
02/22/2003,HVN,CT,ANE,EN,Federal Contract Tower,0,4,3,0,7,0,0,0,0,0,0,4,3,0,7,0,0,0,7
02/23/2003,HVN,CT,ANE,EN,Federal Contract Tower,0,6,5,0,11,0,0,0,0,0,0,6,5,0,11,0,0,0,11
02/24/2003,HVN,CT,ANE,EN,Federal Contract Tower,0,13,9,0,22,0,0,36,0,36,0,13,45,0,58,20,0,20,78
02/25/2003,HVN,CT,ANE,EN,Federal Contract Tower,0,9,6,0,15,0,0,18,0,18,0,9,24,0,33,20,0,20,53
02/26/2003,HVN,CT,ANE,EN,Federal Contract Tower,0,8,18,0,26,0,0,68,0,68,0,8,86,0,94,70,0,70,164
02/27/2003,HVN,CT,ANE,EN,Federal Contract Tower,0,9,18,0,27,0,1,30,0,31,0,10,48,0,58,79,0,79,137
02/28/2003,HVN,CT,ANE,EN,Federal Contract Tower,0,10,8,0,18,0,0,42,0,42,0,10,50,0,60,70,0,70,130
03/01/2003,HVN,CT,ANE,EN,Federal Contract Tower,0,4,9,0,13,0,1,60,0,61,0,5,69,0,74,154,0,154,228
03/02/2003,HVN,CT,ANE,EN,Federal Contract Tower,0,6,3,0,9,0,0,1,0,1,0,6,4,0,10,2,0,2,12
03/03/2003,HVN,CT,ANE,EN,Federal Contract Tower,0,8,10,0,18,0,1,25,0,26,0,9,35,0,44,26,0,26,70
03/04/2003,HVN,CT,ANE,EN,Federal Contract Tower,0,14,13,0,27,0,0,41,0,41,0,14,54,0,68,96,0,96,164
03/05/2003,HVN,CT,ANE,EN,Federal Contract Tower,0,5,10,0,15,0,0,0,0,0,0,5,10,0,15,2,0,2,17
03/06/2003,HVN,CT,ANE,EN,Federal Contract Tower,0,5,6,0,11,0,0,1,0,1,0,5,7,0,12,0,0,0,12
03/07/2003,HVN,CT,ANE,EN,Federal Contract Tower,0,13,15,0,28,0,0,43,0,43,0,13,58,0,71,98,0,98,169
03/08/2003,HVN,CT,ANE,EN,Federal Contract Tower,0,9,19,0,28,0,0,90,0,90,0,9,109,0,118,198,0,198,316
03/09/2003,HVN,CT,ANE,EN,Federal Contract Tower,0,4,1,0,5,0,0,11,0,11,0,4,12,0,16,4,2,6,22
03/10/2003,HVN,CT,ANE,EN,Federal Contract Tower,0,9,8,0,17,0,0,42,0,42,0,9,50,0,59,44,6,50,109
03/11/2003,HVN,CT,ANE,EN,Federal Contract Tower,0,12,9,0,21,0,0,55,0,55,0,12,64,0,76,102,0,102,178
03/12/2003,HVN,CT,ANE,EN,Federal Contract Tower,0,12,20,0,32,0,0,14,0,14,0,12,34,0,46,60,0,60,106
03/13/2003,HVN,CT,ANE,EN,Federal Contract Tower,0,10,3,0,13,0,0,7,0,7,0,10,10,0,20,24,0,24,44
03/14/2003,HVN,CT,ANE,EN,Federal Contract Tower,0,13,10,2,25,0,1,80,0,81,0,14,90,2,106,48,4,52,158
03/15/2003,HVN,CT,ANE,EN,Federal Contract Tower,0,8,21,0,29,0,0,61,0,61,0,8,82,0,90,146,0,146,236
03/16/2003,HVN,CT,ANE,EN,Federal Contract Tower,0,8,2,0,10,0,0,123,0,123,0,8,125,0,133,184,0,184,317
03/17/2003,HVN,CT,ANE,EN,Federal Contract Tower,0,6,13,0,19,0,0,62,0,62,0,6,75,0,81,124,0,124,205
03/18/2003,HVN,CT,ANE,EN,Federal Contract Tower,0,7,8,2,17,0,0,41,0,41,0,7,49,2,58,96,0,96,154
03/19/2003,HVN,CT,ANE,EN,Federal Contract Tower,0,12,17,0,29,0,1,49,2,52,0,13,66,2,81,94,2,96,177
03/20/2003,HVN,CT,ANE,EN,Federal Contract Tower,0,6,4,0,10,0,0,7,0,7,0,6,11,0,17,60,2,62,79
03/21/2003,HVN,CT,ANE,EN,Federal Contract Tower,0,10,15,0,25,0,0,3,0,3,0,10,18,0,28,0,0,0,28
03/22/2003,HVN,CT,ANE,EN,Federal Contract Tower,0,6,13,0,19,0,0,74,0,74,0,6,87,0,93,156,0,156,249
03/23/2003,HVN,CT,ANE,EN,Federal Contract Tower,0,6,14,0,20,0,0,71,0,71,0,6,85,0,91,146,0,146,237
03/24/2003,HVN,CT,ANE,EN,Federal Contract Tower,0,13,9,0,22,0,1,91,0,92,0,14,100,0,114,111,0,111,225
03/25/2003,HVN,CT,ANE,EN,Federal Contract Tower,0,16,8,0,24,0,0,53,0,53,0,16,61,0,77,138,0,138,215
03/26/2003,HVN,CT,ANE,EN,Federal Contract Tower,0,8,13,0,21,0,0,45,4,49,0,8,58,4,70,118,6,124,194
03/27/2003,HVN,CT,ANE,EN,Federal Contract Tower,0,12,12,0,24,0,0,44,0,44,0,12,56,0,68,100,12,112,180
03/28/2003,HVN,CT,ANE,EN,Federal Contract Tower,0,11,14,0,25,0,0,72,0,72,0,11,86,0,97,91,2,93,190
03/29/2003,HVN,CT,ANE,EN,Federal Contract Tower,0,7,6,0,13,0,0,6,0,6,0,7,12,0,19,10,2,12,31
03/30/2003,HVN,CT,ANE,EN,Federal Contract Tower,0,7,4,0,11,0,0,0,0,0,0,7,4,0,11,0,0,0,11
03/31/2003,HVN,CT,ANE,EN,Federal Contract Tower,0,7,6,0,13,0,0,26,0,26,0,7,32,0,39,10,2,12,51
04/01/2003,HVN,CT,ANE,EN,Federal Contract Tower,0,9,13,2,24,0,0,25,4,29,0,9,38,6,53,30,4,34,87
04/02/2003,HVN,CT,ANE,EN,Federal Contract Tower,0,14,24,0,38,0,0,34,0,34,0,14,58,0,72,48,6,54,126
04/03/2003,HVN,CT,ANE,EN,Federal Contract Tower,0,10,16,0,26,0,0,25,2,27,0,10,41,2,53,114,2,116,169
04/04/2003,HVN,CT,ANE,EN,Federal Contract Tower,0,12,7,0,19,0,0,1,0,1,0,12,8,0,20,8,0,8,28
04/05/2003,HVN,CT,ANE,EN,Federal Contract Tower,0,8,3,0,11,0,0,0,0,0,0,8,3,0,11,0,0,0,11
04/06/2003,HVN,CT,ANE,EN,Federal Contract Tower,0,12,44,0,56,0,0,61,2,63,0,12,105,2,119,74,0,74,193
04/07/2003,HVN,CT,ANE,EN,Federal Contract Tower,0,5,1,0,6,0,0,3,2,5,0,5,4,2,11,6,0,6,17
04/08/2003,HVN,CT,ANE,EN,Federal Contract Tower,0,8,6,0,14,0,0,16,0,16,0,8,22,0,30,34,0,34,64
04/09/2003,HVN,CT,ANE,EN,Federal Contract Tower,0,8,16,0,24,0,0,0,0,0,0,8,16,0,24,0,2,2,26
04/10/2003,HVN,CT,ANE,EN,Federal Contract Tower,0,14,25,0,39,0,1,66,4,71,0,15,91,4,110,132,0,132,242
04/11/2003,HVN,CT,ANE,EN,Federal Contract Tower,0,15,28,0,43,0,0,29,0,29,0,15,57,0,72,2,2,4,76
04/12/2003,HVN,CT,ANE,EN,Federal Contract Tower,0,7,11,0,18,0,0,41,0,41,0,7,52,0,59,46,0,46,105
04/13/2003,HVN,CT,ANE,EN,Federal Contract Tower,0,7,21,0,28,0,0,120,0,120,0,7,141,0,148,214,0,214,362
04/14/2003,HVN,CT,ANE,EN,Federal Contract Tower,0,11,16,0,27,0,0,89,0,89,0,11,105,0,116,162,8,170,286
04/15/2003,HVN,CT,ANE,EN,Federal Contract Tower,0,9,22,0,31,0,0,73,13,86,0,9,95,13,117,140,0,140,257
04/16/2003,HVN,CT,ANE,EN,Federal Contract Tower,0,18,18,0,36,0,1,56,5,62,0,19,74,5,98,66,4,70,168
04/17/2003,HVN,CT,ANE,EN,Federal Contract Tower,0,10,14,0,24,0,0,34,0,34,0,10,48,0,58,90,6,96,154
04/18/2003,HVN,CT,ANE,EN,Federal Contract Tower,0,14,13,3,30,0,0,64,0,64,0,14,77,3,94,132,0,132,226
04/19/2003,HVN,CT,ANE,EN,Federal Contract Tower,0,5,17,0,22,0,0,109,0,109,0,5,126,0,131,220,0,220,351
04/20/2003,HVN,CT,ANE,EN,Federal Contract Tower,0,15,5,0,20,0,0,93,0,93,0,15,98,0,113,122,0,122,235
04/21/2003,HVN,CT,ANE,EN,Federal Contract Tower,0,9,24,0,33,0,0,68,2,70,0,9,92,2,103,108,4,112,215
04/22/2003,HVN,CT,ANE,EN,Federal Contract Tower,0,12,16,0,28,0,0,0,0,0,0,12,16,0,28,0,0,0,28
04/23/2003,HVN,CT,ANE,EN,Federal Contract Tower,0,16,20,1,37,0,0,23,5,28,0,16,43,6,65,20,4,24,89
04/24/2003,HVN,CT,ANE,EN,Federal Contract Tower,0,11,16,0,27,0,0,51,0,51,0,11,67,0,78,44,2,46,124
04/25/2003,HVN,CT,ANE,EN,Federal Contract Tower,0,15,25,0,40,0,0,99,0,99,0,15,124,0,139,170,4,174,313
04/26/2003,HVN,CT,ANE,EN,Federal Contract Tower,0,3,5,0,8,0,0,1,0,1,0,3,6,0,9,0,0,0,9
04/27/2003,HVN,CT,ANE,EN,Federal Contract Tower,0,8,16,0,24,0,0,75,0,75,0,8,91,0,99,166,0,166,265
04/28/2003,HVN,CT,ANE,EN,Federal Contract Tower,0,13,14,0,27,0,0,53,0,53,0,13,67,0,80,130,2,132,212
04/29/2003,HVN,CT,ANE,EN,Federal Contract Tower,0,10,11,0,21,0,0,55,0,55,0,10,66,0,76,134,0,134,210
04/30/2003,HVN,CT,ANE,EN,Federal Contract Tower,0,13,12,0,25,0,0,72,0,72,0,13,84,0,97,158,2,160,257
05/01/2003,HVN,CT,ANE,EN,Federal Contract Tower,0,15,26,1,42,0,0,7,1,8,0,15,33,2,50,6,2,8,58
05/02/2003,HVN,CT,ANE,EN,Federal Contract Tower,0,16,28,0,44,0,0,36,0,36,0,16,64,0,80,78,2,80,160
05/03/2003,HVN,CT,ANE,EN,Federal Contract Tower,0,7,12,1,20,0,0,60,0,60,0,7,72,1,80,94,4,98,178
05/04/2003,HVN,CT,ANE,EN,Federal Contract Tower,0,10,21,0,31,0,0,127,0,127,0,10,148,0,158,276,0,276,434
05/05/2003,HVN,CT,ANE,EN,Federal Contract Tower,0,17,13,0,30,0,0,66,0,66,0,17,79,0,96,136,0,136,232
05/06/2003,HVN,CT,ANE,EN,Federal Contract Tower,0,10,20,0,30,0,0,0,0,0,0,10,20,0,30,0,0,0,30
05/07/2003,HVN,CT,ANE,EN,Federal Contract Tower,0,14,21,0,35,0,0,38,0,38,0,14,59,0,73,102,0,102,175
05/08/2003,HVN,CT,ANE,EN,Federal Contract Tower,0,11,28,0,39,0,0,1,0,1,0,11,29,0,40,4,0,4,44
05/09/2003,HVN,CT,ANE,EN,Federal Contract Tower,0,9,19,0,28,0,0,56,0,56,0,9,75,0,84,96,18,114,198
05/10/2003,HVN,CT,ANE,EN,Federal Contract Tower,0,10,13,0,23,0,0,68,0,68,0,10,81,0,91,146,0,146,237
05/11/2003,HVN,CT,ANE,EN,Federal Contract Tower,0,8,17,0,25,0,0,28,0,28,0,8,45,0,53,8,0,8,61
05/12/2003,HVN,CT,ANE,EN,Federal Contract Tower,0,16,25,0,41,0,0,7,0,7,0,16,32,0,48,24,0,24,72
05/13/2003,HVN,CT,ANE,EN,Federal Contract Tower,0,8,10,0,18,0,0,42,0,42,0,8,52,0,60,74,0,74,134
05/14/2003,HVN,CT,ANE,EN,Federal Contract Tower,0,7,10,0,17,0,0,59,2,61,0,7,69,2,78,46,2,48,126
05/15/2003,HVN,CT,ANE,EN,Federal Contract Tower,0,13,12,0,25,0,0,96,0,96,0,13,108,0,121,124,0,124,245
05/16/2003,HVN,CT,ANE,EN,Federal Contract Tower,0,11,17,2,30,0,0,30,0,30,0,11,47,2,60,48,2,50,110
05/17/2003,HVN,CT,ANE,EN,Federal Contract Tower,0,5,9,0,14,0,0,52,0,52,0,5,61,0,66,152,0,152,218
05/18/2003,HVN,CT,ANE,EN,Federal Contract Tower,0,11,9,0,20,0,0,99,0,99,0,11,108,0,119,166,0,166,285
05/19/2003,HVN,CT,ANE,EN,Federal Contract Tower,0,15,10,0,25,0,0,78,0,78,0,15,88,0,103,100,2,102,205
05/20/2003,HVN,CT,ANE,EN,Federal Contract Tower,0,8,19,0,27,0,1,91,0,92,0,9,110,0,119,174,0,174,293
05/21/2003,HVN,CT,ANE,EN,Federal Contract Tower,0,12,22,0,34,0,0,8,0,8,0,12,30,0,42,16,0,16,58
05/22/2003,HVN,CT,ANE,EN,Federal Contract Tower,0,18,34,0,52,0,0,1,0,1,0,18,35,0,53,4,0,4,57
05/23/2003,HVN,CT,ANE,EN,Federal Contract Tower,0,16,25,0,41,0,0,0,0,0,0,16,25,0,41,0,0,0,41
05/24/2003,HVN,CT,ANE,EN,Federal Contract Tower,0,6,21,0,27,0,0,2,0,2,0,6,23,0,29,2,0,2,31
05/25/2003,HVN,CT,ANE,EN,Federal Contract Tower,0,9,14,0,23,0,0,30,0,30,0,9,44,0,53,114,4,118,171
05/26/2003,HVN,CT,ANE,EN,Federal Contract Tower,0,11,32,0,43,0,0,2,0,2,0,11,34,0,45,0,0,0,45
05/27/2003,HVN,CT,ANE,EN,Federal Contract Tower,1,10,14,0,25,0,0,35,0,35,1,10,49,0,60,70,0,70,130
05/28/2003,HVN,CT,ANE,EN,Federal Contract Tower,1,9,34,0,44,0,0,20,0,20,1,9,54,0,64,8,0,8,72
05/29/2003,HVN,CT,ANE,EN,Federal Contract Tower,0,10,29,0,39,0,0,86,7,93,0,10,115,7,132,112,4,116,248
05/30/2003,HVN,CT,ANE,EN,Federal Contract Tower,0,13,23,0,36,0,0,78,0,78,0,13,101,0,114,124,0,124,238
05/31/2003,HVN,CT,ANE,EN,Federal Contract Tower,0,6,14,0,20,0,0,44,0,44,0,6,58,0,64,92,0,92,156
06/01/2003,HVN,CT,ANE,EN,Federal Contract Tower,0,15,20,0,35,0,0,8,0,8,0,15,28,0,43,8,0,8,51
06/02/2003,HVN,CT,ANE,EN,Federal Contract Tower,0,10,14,0,24,0,0,81,0,81,0,10,95,0,105,146,4,150,255
06/03/2003,HVN,CT,ANE,EN,Federal Contract Tower,0,14,15,0,29,0,0,75,0,75,0,14,90,0,104,140,2,142,246
06/04/2003,HVN,CT,ANE,EN,Federal Contract Tower,0,10,25,0,35,0,0,0,0,0,0,10,25,0,35,8,0,8,43
06/05/2003,HVN,CT,ANE,EN,Federal Contract Tower,0,14,44,0,58,0,0,9,0,9,0,14,53,0,67,6,0,6,73
06/06/2003,HVN,CT,ANE,EN,Federal Contract Tower,0,19,14,0,33,0,0,98,4,102,0,19,112,4,135,198,2,200,335
06/07/2003,HVN,CT,ANE,EN,Federal Contract Tower,0,9,17,0,26,0,0,12,0,12,0,9,29,0,38,58,0,58,96
06/08/2003,HVN,CT,ANE,EN,Federal Contract Tower,0,11,23,0,34,0,0,40,0,40,0,11,63,0,74,174,0,174,248
06/09/2003,HVN,CT,ANE,EN,Federal Contract Tower,0,11,17,0,28,0,0,24,0,24,0,11,41,0,52,24,0,24,76
06/10/2003,HVN,CT,ANE,EN,Federal Contract Tower,0,18,13,0,31,0,4,125,0,129,0,22,138,0,160,216,0,216,376
06/11/2003,HVN,CT,ANE,EN,Federal Contract Tower,0,12,12,1,25,0,0,16,3,19,0,12,28,4,44,52,0,52,96
06/12/2003,HVN,CT,ANE,EN,Federal Contract Tower,0,12,19,0,31,0,0,6,2,8,0,12,25,2,39,8,0,8,47
06/13/2003,HVN,CT,ANE,EN,Federal Contract Tower,0,11,10,0,21,0,0,0,0,0,0,11,10,0,21,0,0,0,21
06/14/2003,HVN,CT,ANE,EN,Federal Contract Tower,0,8,17,0,25,0,0,28,0,28,0,8,45,0,53,16,0,16,69
06/15/2003,HVN,CT,ANE,EN,Federal Contract Tower,0,11,15,0,26,0,1,145,0,146,0,12,160,0,172,202,0,202,374
06/16/2003,HVN,CT,ANE,EN,Federal Contract Tower,0,10,21,0,31,0,0,104,2,106,0,10,125,2,137,140,2,142,279
06/17/2003,HVN,CT,ANE,EN,Federal Contract Tower,0,9,17,0,26,0,0,60,2,62,0,9,77,2,88,190,6,196,284
06/18/2003,HVN,CT,ANE,EN,Federal Contract Tower,0,9,14,0,23,0,0,0,0,0,0,9,14,0,23,0,0,0,23
06/19/2003,HVN,CT,ANE,EN,Federal Contract Tower,0,10,14,0,24,0,0,15,0,15,0,10,29,0,39,54,0,54,93
06/20/2003,HVN,CT,ANE,EN,Federal Contract Tower,0,8,16,1,25,0,0,32,0,32,0,8,48,1,57,58,2,60,117
06/21/2003,HVN,CT,ANE,EN,Federal Contract Tower,0,7,7,0,14,0,0,37,0,37,0,7,44,0,51,60,0,60,111
06/22/2003,HVN,CT,ANE,EN,Federal Contract Tower,0,7,17,0,24,0,0,18,0,18,0,7,35,0,42,34,0,34,76
06/23/2003,HVN,CT,ANE,EN,Federal Contract Tower,0,14,22,0,36,0,0,76,0,76,0,14,98,0,112,146,32,178,290
06/24/2003,HVN,CT,ANE,EN,Federal Contract Tower,0,16,15,0,31,0,0,121,4,125,0,16,136,4,156,172,36,208,364
06/25/2003,HVN,CT,ANE,EN,Federal Contract Tower,0,14,18,0,32,0,0,104,3,107,0,14,122,3,139,154,0,154,293
06/26/2003,HVN,CT,ANE,EN,Federal Contract Tower,0,14,17,0,31,0,0,59,0,59,0,14,76,0,90,136,0,136,226
06/27/2003,HVN,CT,ANE,EN,Federal Contract Tower,0,14,42,2,58,0,1,37,0,38,0,15,79,2,96,62,4,66,162
06/28/2003,HVN,CT,ANE,EN,Federal Contract Tower,0,8,15,0,23,0,1,93,0,94,0,9,108,0,117,142,4,146,263
06/29/2003,HVN,CT,ANE,EN,Federal Contract Tower,0,11,15,0,26,0,1,76,0,77,0,12,91,0,103,182,2,184,287
06/30/2003,HVN,CT,ANE,EN,Federal Contract Tower,0,10,20,0,30,0,0,21,0,21,0,10,41,0,51,52,0,52,103
07/01/2003,HVN,CT,ANE,EN,Federal Contract Tower,0,14,18,2,34,0,1,83,0,84,0,15,101,2,118,184,30,214,332
07/02/2003,HVN,CT,ANE,EN,Federal Contract Tower,0,14,11,0,25,0,0,86,4,90,0,14,97,4,115,144,8,152,267
07/03/2003,HVN,CT,ANE,EN,Federal Contract Tower,0,14,27,0,41,0,0,10,0,10,0,14,37,0,51,46,0,46,97
07/04/2003,HVN,CT,ANE,EN,Federal Contract Tower,0,7,6,0,13,0,0,30,0,30,0,7,36,0,43,52,0,52,95
07/05/2003,HVN,CT,ANE,EN,Federal Contract Tower,0,4,10,0,14,0,0,43,0,43,0,4,53,0,57,76,0,76,133
07/06/2003,HVN,CT,ANE,EN,Federal Contract Tower,0,3,21,0,24,0,0,93,0,93,0,3,114,0,117,192,2,194,311
07/07/2003,HVN,CT,ANE,EN,Federal Contract Tower,0,9,17,0,26,0,0,41,0,41,0,9,58,0,67,76,0,76,143
07/08/2003,HVN,CT,ANE,EN,Federal Contract Tower,0,12,18,0,30,0,1,64,4,69,0,13,82,4,99,176,2,178,277
07/09/2003,HVN,CT,ANE,EN,Federal Contract Tower,0,9,11,0,20,0,0,54,6,60,0,9,65,6,80,102,2,104,184
07/10/2003,HVN,CT,ANE,EN,Federal Contract Tower,0,9,19,0,28,0,0,47,0,47,0,9,66,0,75,96,2,98,173
07/11/2003,HVN,CT,ANE,EN,Federal Contract Tower,0,13,18,0,31,0,0,5,0,5,0,13,23,0,36,16,0,16,52
07/12/2003,HVN,CT,ANE,EN,Federal Contract Tower,0,8,6,0,14,0,0,94,0,94,0,8,100,0,108,128,0,128,236
07/13/2003,HVN,CT,ANE,EN,Federal Contract Tower,0,11,9,1,21,0,0,152,1,153,0,11,161,2,174,194,2,196,370
07/14/2003,HVN,CT,ANE,EN,Federal Contract Tower,0,13,23,2,38,0,0,29,0,29,0,13,52,2,67,78,0,78,145
07/15/2003,HVN,CT,ANE,EN,Federal Contract Tower,0,11,16,0,27,0,0,87,0,87,0,11,103,0,114,162,2,164,278
07/16/2003,HVN,CT,ANE,EN,Federal Contract Tower,0,8,28,0,36,0,0,7,0,7,0,8,35,0,43,18,0,18,61
07/17/2003,HVN,CT,ANE,EN,Federal Contract Tower,0,14,24,0,38,0,1,116,0,117,0,15,140,0,155,156,0,156,311
07/18/2003,HVN,CT,ANE,EN,Federal Contract Tower,0,9,13,0,22,0,0,50,0,50,0,9,63,0,72,96,4,100,172
07/19/2003,HVN,CT,ANE,EN,Federal Contract Tower,0,5,8,0,13,0,0,91,0,91,0,5,99,0,104,180,0,180,284
07/20/2003,HVN,CT,ANE,EN,Federal Contract Tower,0,7,17,0,24,0,0,110,6,116,0,7,127,6,140,212,0,212,352
07/21/2003,HVN,CT,ANE,EN,Federal Contract Tower,0,10,15,0,25,0,0,20,0,20,0,10,35,0,45,56,0,56,101
07/22/2003,HVN,CT,ANE,EN,Federal Contract Tower,0,11,7,0,18,0,1,7,0,8,0,12,14,0,26,2,2,4,30
07/23/2003,HVN,CT,ANE,EN,Federal Contract Tower,0,17,11,0,28,0,0,17,0,17,0,17,28,0,45,48,0,48,93
07/24/2003,HVN,CT,ANE,EN,Federal Contract Tower,0,11,19,0,30,0,0,20,0,20,0,11,39,0,50,80,2,82,132
07/25/2003,HVN,CT,ANE,EN,Federal Contract Tower,0,12,22,0,34,0,1,121,9,131,0,13,143,9,165,178,0,178,343
07/26/2003,HVN,CT,ANE,EN,Federal Contract Tower,0,5,12,0,17,0,0,117,0,117,0,5,129,0,134,196,2,198,332
07/27/2003,HVN,CT,ANE,EN,Federal Contract Tower,0,9,11,0,20,0,1,67,0,68,0,10,78,0,88,104,0,104,192
07/28/2003,HVN,CT,ANE,EN,Federal Contract Tower,0,10,7,0,17,0,0,54,0,54,0,10,61,0,71,124,0,124,195
07/29/2003,HVN,CT,ANE,EN,Federal Contract Tower,0,10,15,0,25,0,1,82,0,83,0,11,97,0,108,112,0,112,220
07/30/2003,HVN,CT,ANE,EN,Federal Contract Tower,0,17,17,0,34,0,1,122,0,123,0,18,139,0,157,258,0,258,415
07/31/2003,HVN,CT,ANE,EN,Federal Contract Tower,0,14,9,0,23,0,0,77,4,81,0,14,86,4,104,82,10,92,196
08/01/2003,HVN,CT,ANE,EN,Federal Contract Tower,0,10,18,0,28,0,0,0,0,0,0,10,18,0,28,0,0,0,28
08/02/2003,HVN,CT,ANE,EN,Federal Contract Tower,0,7,24,0,31,0,0,7,0,7,0,7,31,0,38,14,0,14,52
08/03/2003,HVN,CT,ANE,EN,Federal Contract Tower,0,8,27,0,35,0,0,8,0,8,0,8,35,0,43,36,0,36,79
08/04/2003,HVN,CT,ANE,EN,Federal Contract Tower,0,14,20,0,34,0,0,6,0,6,0,14,26,0,40,18,0,18,58
08/05/2003,HVN,CT,ANE,EN,Federal Contract Tower,0,7,20,0,27,0,0,0,0,0,0,7,20,0,27,8,0,8,35
08/06/2003,HVN,CT,ANE,EN,Federal Contract Tower,0,14,20,0,34,0,0,38,0,38,0,14,58,0,72,12,0,12,84
08/07/2003,HVN,CT,ANE,EN,Federal Contract Tower,0,15,19,1,35,0,0,26,0,26,0,15,45,1,61,64,2,66,127
08/08/2003,HVN,CT,ANE,EN,Federal Contract Tower,0,10,33,2,45,0,0,19,0,19,0,10,52,2,64,42,2,44,108
08/09/2003,HVN,CT,ANE,EN,Federal Contract Tower,0,14,17,0,31,0,0,6,0,6,0,14,23,0,37,4,0,4,41
08/10/2003,HVN,CT,ANE,EN,Federal Contract Tower,0,13,27,0,40,0,0,32,0,32,0,13,59,0,72,106,0,106,178
08/11/2003,HVN,CT,ANE,EN,Federal Contract Tower,0,11,21,0,32,0,0,54,0,54,0,11,75,0,86,88,0,88,174
08/12/2003,HVN,CT,ANE,EN,Federal Contract Tower,0,18,20,0,38,0,0,36,0,36,0,18,56,0,74,130,4,134,208
08/13/2003,HVN,CT,ANE,EN,Federal Contract Tower,0,11,12,0,23,0,0,12,0,12,0,11,24,0,35,14,0,14,49
08/14/2003,HVN,CT,ANE,EN,Federal Contract Tower,0,13,23,0,36,0,0,96,4,100,0,13,119,4,136,126,0,126,262
08/15/2003,HVN,CT,ANE,EN,Federal Contract Tower,0,16,16,0,32,0,1,119,0,120,0,17,135,0,152,158,0,158,310
08/16/2003,HVN,CT,ANE,EN,Federal Contract Tower,0,7,15,0,22,0,0,48,0,48,0,7,63,0,70,84,0,84,154
08/17/2003,HVN,CT,ANE,EN,Federal Contract Tower,0,7,24,0,31,0,0,61,2,63,0,7,85,2,94,120,2,122,216
08/18/2003,HVN,CT,ANE,EN,Federal Contract Tower,0,14,13,0,27,0,0,59,0,59,0,14,72,0,86,168,0,168,254
08/19/2003,HVN,CT,ANE,EN,Federal Contract Tower,0,13,11,0,24,0,0,89,2,91,0,13,100,2,115,166,0,166,281
08/20/2003,HVN,CT,ANE,EN,Federal Contract Tower,0,13,10,0,23,0,0,105,2,107,0,13,115,2,130,224,4,228,358
08/21/2003,HVN,CT,ANE,EN,Federal Contract Tower,0,11,14,0,25,0,0,61,0,61,0,11,75,0,86,152,6,158,244
08/22/2003,HVN,CT,ANE,EN,Federal Contract Tower,0,10,21,0,31,0,0,39,0,39,0,10,60,0,70,92,0,92,162
08/23/2003,HVN,CT,ANE,EN,Federal Contract Tower,0,7,10,0,17,0,0,80,0,80,0,7,90,0,97,72,0,72,169
08/24/2003,HVN,CT,ANE,EN,Federal Contract Tower,0,7,10,0,17,0,0,115,0,115,0,7,125,0,132,126,2,128,260
08/25/2003,HVN,CT,ANE,EN,Federal Contract Tower,0,13,14,1,28,0,0,83,0,83,0,13,97,1,111,156,4,160,271
08/26/2003,HVN,CT,ANE,EN,Federal Contract Tower,0,15,18,0,33,0,1,47,0,48,0,16,65,0,81,116,0,116,197
08/27/2003,HVN,CT,ANE,EN,Federal Contract Tower,0,13,31,0,44,0,1,62,0,63,0,14,93,0,107,168,0,168,275
08/28/2003,HVN,CT,ANE,EN,Federal Contract Tower,0,15,18,0,33,0,1,113,2,116,0,16,131,2,149,202,12,214,363
08/29/2003,HVN,CT,ANE,EN,Federal Contract Tower,0,24,18,0,42,0,0,109,0,109,0,24,127,0,151,160,0,160,311
08/30/2003,HVN,CT,ANE,EN,Federal Contract Tower,0,9,11,0,20,0,0,40,0,40,0,9,51,0,60,90,0,90,150
08/31/2003,HVN,CT,ANE,EN,Federal Contract Tower,0,9,9,0,18,0,0,115,0,115,0,9,124,0,133,150,2,152,285
09/01/2003,HVN,CT,ANE,EN,Federal Contract Tower,0,13,18,0,31,0,0,19,0,19,0,13,37,0,50,66,0,66,116
09/02/2003,HVN,CT,ANE,EN,Federal Contract Tower,0,10,16,0,26,0,0,5,0,5,0,10,21,0,31,8,0,8,39
09/03/2003,HVN,CT,ANE,EN,Federal Contract Tower,0,11,12,0,23,0,0,16,0,16,0,11,28,0,39,28,0,28,67
09/04/2003,HVN,CT,ANE,EN,Federal Contract Tower,0,16,13,0,29,0,0,0,0,0,0,16,13,0,29,16,0,16,45
09/05/2003,HVN,CT,ANE,EN,Federal Contract Tower,0,13,33,0,46,0,2,114,2,118,0,15,147,2,164,176,2,178,342
09/06/2003,HVN,CT,ANE,EN,Federal Contract Tower,0,7,15,0,22,0,0,120,0,120,0,7,135,0,142,178,0,178,320
09/07/2003,HVN,CT,ANE,EN,Federal Contract Tower,0,7,13,0,20,0,2,136,0,138,0,9,149,0,158,212,0,212,370
09/08/2003,HVN,CT,ANE,EN,Federal Contract Tower,0,10,13,0,23,0,2,67,0,69,0,12,80,0,92,122,6,128,220
09/09/2003,HVN,CT,ANE,EN,Federal Contract Tower,0,9,20,0,29,0,0,81,0,81,0,9,101,0,110,180,2,182,292
09/10/2003,HVN,CT,ANE,EN,Federal Contract Tower,0,13,23,0,36,0,0,76,4,80,0,13,99,4,116,116,4,120,236
09/11/2003,HVN,CT,ANE,EN,Federal Contract Tower,0,8,21,0,29,0,0,69,0,69,0,8,90,0,98,158,0,158,256
09/12/2003,HVN,CT,ANE,EN,Federal Contract Tower,0,13,18,0,31,0,0,79,0,79,0,13,97,0,110,104,2,106,216
09/13/2003,HVN,CT,ANE,EN,Federal Contract Tower,0,10,12,0,22,0,0,5,0,5,0,10,17,0,27,26,0,26,53
09/14/2003,HVN,CT,ANE,EN,Federal Contract Tower,0,5,18,0,23,0,0,12,0,12,0,5,30,0,35,4,2,6,41
09/15/2003,HVN,CT,ANE,EN,Federal Contract Tower,0,8,16,0,24,0,0,21,0,21,0,8,37,0,45,34,2,36,81
09/16/2003,HVN,CT,ANE,EN,Federal Contract Tower,0,7,11,0,18,0,0,88,0,88,0,7,99,0,106,124,4,128,234
09/17/2003,HVN,CT,ANE,EN,Federal Contract Tower,0,10,14,0,24,0,0,128,4,132,0,10,142,4,156,186,2,188,344
09/18/2003,HVN,CT,ANE,EN,Federal Contract Tower,0,7,4,0,11,0,0,1,0,1,0,7,5,0,12,2,0,2,14
09/19/2003,HVN,CT,ANE,EN,Federal Contract Tower,0,12,4,0,16,0,0,3,0,3,0,12,7,0,19,32,0,32,51
09/20/2003,HVN,CT,ANE,EN,Federal Contract Tower,0,6,11,0,17,0,0,73,0,73,0,6,84,0,90,126,2,128,218
09/21/2003,HVN,CT,ANE,EN,Federal Contract Tower,0,10,33,0,43,0,0,114,0,114,0,10,147,0,157,202,2,204,361
09/22/2003,HVN,CT,ANE,EN,Federal Contract Tower,0,19,13,0,32,0,0,62,2,64,0,19,75,2,96,84,2,86,182
09/23/2003,HVN,CT,ANE,EN,Federal Contract Tower,0,10,10,0,20,0,0,4,0,4,0,10,14,0,24,4,0,4,28
09/24/2003,HVN,CT,ANE,EN,Federal Contract Tower,0,10,16,0,26,0,0,75,5,80,0,10,91,5,106,170,8,178,284
09/25/2003,HVN,CT,ANE,EN,Federal Contract Tower,0,8,7,0,15,0,0,68,0,68,0,8,75,0,83,82,2,84,167
09/26/2003,HVN,CT,ANE,EN,Federal Contract Tower,0,14,24,0,38,0,0,54,0,54,0,14,78,0,92,144,8,152,244
09/27/2003,HVN,CT,ANE,EN,Federal Contract Tower,0,8,29,0,37,0,0,22,0,22,0,8,51,0,59,50,0,50,109
09/28/2003,HVN,CT,ANE,EN,Federal Contract Tower,0,9,16,0,25,0,0,0,0,0,0,9,16,0,25,0,0,0,25
09/29/2003,HVN,CT,ANE,EN,Federal Contract Tower,0,11,14,0,25,0,0,49,0,49,0,11,63,0,74,86,0,86,160
09/30/2003,HVN,CT,ANE,EN,Federal Contract Tower,0,15,22,0,37,0,1,77,0,78,0,16,99,0,115,82,0,82,197
10/01/2003,HVN,CT,ANE,EN,Federal Contract Tower,0,9,15,0,24,0,0,59,0,59,0,9,74,0,83,158,0,158,241
10/02/2003,HVN,CT,ANE,EN,Federal Contract Tower,0,10,16,0,26,0,0,53,0,53,0,10,69,0,79,136,4,140,219
10/03/2003,HVN,CT,ANE,EN,Federal Contract Tower,0,10,15,0,25,0,3,98,0,101,0,13,113,0,126,118,0,118,244
10/04/2003,HVN,CT,ANE,EN,Federal Contract Tower,0,7,15,0,22,0,0,41,0,41,0,7,56,0,63,134,0,134,197
10/05/2003,HVN,CT,ANE,EN,Federal Contract Tower,0,5,10,0,15,0,0,96,0,96,0,5,106,0,111,118,0,118,229
10/06/2003,HVN,CT,ANE,EN,Federal Contract Tower,0,7,16,0,23,0,0,78,0,78,0,7,94,0,101,92,0,92,193
10/07/2003,HVN,CT,ANE,EN,Federal Contract Tower,0,14,24,0,38,0,1,84,0,85,0,15,108,0,123,178,0,178,301
10/08/2003,HVN,CT,ANE,EN,Federal Contract Tower,0,12,24,0,36,0,0,47,2,49,0,12,71,2,85,96,6,102,187
10/09/2003,HVN,CT,ANE,EN,Federal Contract Tower,0,16,27,0,43,0,4,68,0,72,0,20,95,0,115,150,6,156,271
10/10/2003,HVN,CT,ANE,EN,Federal Contract Tower,0,14,34,0,48,0,0,15,0,15,0,14,49,0,63,44,0,44,107
10/11/2003,HVN,CT,ANE,EN,Federal Contract Tower,0,6,18,0,24,0,0,96,0,96,0,6,114,0,120,236,0,236,356
10/12/2003,HVN,CT,ANE,EN,Federal Contract Tower,0,15,25,0,40,0,0,8,0,8,0,15,33,0,48,6,0,6,54
10/13/2003,HVN,CT,ANE,EN,Federal Contract Tower,0,14,23,0,37,0,6,85,0,91,0,20,108,0,128,160,0,160,288
10/14/2003,HVN,CT,ANE,EN,Federal Contract Tower,0,10,27,0,37,0,0,65,0,65,0,10,92,0,102,140,2,142,244
10/15/2003,HVN,CT,ANE,EN,Federal Contract Tower,0,5,4,0,9,0,3,0,0,3,0,8,4,0,12,0,0,0,12
10/16/2003,HVN,CT,ANE,EN,Federal Contract Tower,0,8,17,0,25,0,0,29,0,29,0,8,46,0,54,70,0,70,124
10/17/2003,HVN,CT,ANE,EN,Federal Contract Tower,0,9,17,0,26,0,0,91,0,91,0,9,108,0,117,128,0,128,245
10/18/2003,HVN,CT,ANE,EN,Federal Contract Tower,0,6,11,0,17,0,0,79,0,79,0,6,90,0,96,130,2,132,228
10/19/2003,HVN,CT,ANE,EN,Federal Contract Tower,0,8,16,0,24,0,0,1,0,1,0,8,17,0,25,44,0,44,69
10/20/2003,HVN,CT,ANE,EN,Federal Contract Tower,0,6,18,0,24,0,0,82,0,82,0,6,100,0,106,130,8,138,244
10/21/2003,HVN,CT,ANE,EN,Federal Contract Tower,0,8,16,0,24,0,2,14,0,16,0,10,30,0,40,40,0,40,80
10/22/2003,HVN,CT,ANE,EN,Federal Contract Tower,0,10,20,0,30,0,0,34,4,38,0,10,54,4,68,56,2,58,126
10/23/2003,HVN,CT,ANE,EN,Federal Contract Tower,0,10,18,0,28,0,2,33,0,35,0,12,51,0,63,24,4,28,91
10/24/2003,HVN,CT,ANE,EN,Federal Contract Tower,0,13,26,0,39,0,0,100,0,100,0,13,126,0,139,172,2,174,313
10/25/2003,HVN,CT,ANE,EN,Federal Contract Tower,0,6,15,0,21,0,0,122,0,122,0,6,137,0,143,205,0,205,348
10/26/2003,HVN,CT,ANE,EN,Federal Contract Tower,0,14,25,0,39,0,6,0,0,6,0,20,25,0,45,16,0,16,61
10/27/2003,HVN,CT,ANE,EN,Federal Contract Tower,0,9,17,0,26,0,2,0,0,2,0,11,17,0,28,2,0,2,30
10/28/2003,HVN,CT,ANE,EN,Federal Contract Tower,0,11,21,0,32,0,2,70,0,72,0,13,91,0,104,174,2,176,280
10/29/2003,HVN,CT,ANE,EN,Federal Contract Tower,0,10,20,0,30,0,6,7,0,13,0,16,27,0,43,60,0,60,103
10/30/2003,HVN,CT,ANE,EN,Federal Contract Tower,0,7,20,0,27,0,0,96,4,100,0,7,116,4,127,186,0,186,313
10/31/2003,HVN,CT,ANE,EN,Federal Contract Tower,0,11,20,0,31,0,2,118,0,120,0,13,138,0,151,132,6,138,289
11/01/2003,HVN,CT,ANE,EN,Federal Contract Tower,0,10,12,0,22,0,2,126,0,128,0,12,138,0,150,218,0,218,368
11/02/2003,HVN,CT,ANE,EN,Federal Contract Tower,0,11,19,0,30,0,0,122,0,122,0,11,141,0,152,248,0,248,400
11/03/2003,HVN,CT,ANE,EN,Federal Contract Tower,0,11,14,0,25,0,2,60,0,62,0,13,74,0,87,78,2,80,167
11/04/2003,HVN,CT,ANE,EN,Federal Contract Tower,0,11,17,0,28,0,0,1,0,1,0,11,18,0,29,0,0,0,29
11/05/2003,HVN,CT,ANE,EN,Federal Contract Tower,0,14,15,0,29,0,0,0,0,0,0,14,15,0,29,2,0,2,31
11/06/2003,HVN,CT,ANE,EN,Federal Contract Tower,0,10,18,0,28,0,0,39,0,39,0,10,57,0,67,112,4,116,183
11/07/2003,HVN,CT,ANE,EN,Federal Contract Tower,0,7,17,0,24,0,0,106,4,110,0,7,123,4,134,162,0,162,296
11/08/2003,HVN,CT,ANE,EN,Federal Contract Tower,0,9,11,0,20,0,4,55,0,59,0,13,66,0,79,48,4,52,131
11/09/2003,HVN,CT,ANE,EN,Federal Contract Tower,0,8,12,0,20,0,0,102,0,102,0,8,114,0,122,156,2,158,280
11/10/2003,HVN,CT,ANE,EN,Federal Contract Tower,0,7,9,0,16,0,4,62,0,66,0,11,71,0,82,136,0,136,218
11/11/2003,HVN,CT,ANE,EN,Federal Contract Tower,0,12,17,0,29,0,5,24,0,29,0,17,41,0,58,44,0,44,102
11/12/2003,HVN,CT,ANE,EN,Federal Contract Tower,0,12,15,0,27,0,1,0,0,1,0,13,15,0,28,0,0,0,28
11/13/2003,HVN,CT,ANE,EN,Federal Contract Tower,0,5,4,0,9,0,5,0,0,5,0,10,4,0,14,0,2,2,16
11/14/2003,HVN,CT,ANE,EN,Federal Contract Tower,0,3,6,0,9,0,5,3,0,8,0,8,9,0,17,0,0,0,17
11/15/2003,HVN,CT,ANE,EN,Federal Contract Tower,0,9,13,0,22,0,2,35,0,37,0,11,48,0,59,34,1,35,94
11/16/2003,HVN,CT,ANE,EN,Federal Contract Tower,0,8,18,0,26,0,0,97,0,97,0,8,115,0,123,176,3,179,302
11/17/2003,HVN,CT,ANE,EN,Federal Contract Tower,0,8,12,0,20,0,0,5,0,5,0,8,17,0,25,32,2,34,59
11/18/2003,HVN,CT,ANE,EN,Federal Contract Tower,0,10,16,0,26,0,0,47,0,47,0,10,63,0,73,126,0,126,199
11/19/2003,HVN,CT,ANE,EN,Federal Contract Tower,0,7,10,0,17,0,2,0,0,2,0,9,10,0,19,6,0,6,25
11/20/2003,HVN,CT,ANE,EN,Federal Contract Tower,0,9,13,0,22,0,0,15,0,15,0,9,28,0,37,8,2,10,47
11/21/2003,HVN,CT,ANE,EN,Federal Contract Tower,0,8,20,0,28,0,0,89,0,89,0,8,109,0,117,242,0,242,359
11/22/2003,HVN,CT,ANE,EN,Federal Contract Tower,0,10,19,0,29,0,0,148,0,148,0,10,167,0,177,238,0,238,415
11/23/2003,HVN,CT,ANE,EN,Federal Contract Tower,0,10,22,0,32,0,0,129,0,129,0,10,151,0,161,174,2,176,337
11/24/2003,HVN,CT,ANE,EN,Federal Contract Tower,0,10,24,0,34,0,0,36,0,36,0,10,60,0,70,58,0,58,128
11/25/2003,HVN,CT,ANE,EN,Federal Contract Tower,0,7,13,0,20,0,0,73,0,73,0,7,86,0,93,72,0,72,165
11/26/2003,HVN,CT,ANE,EN,Federal Contract Tower,0,7,11,0,18,0,3,71,0,74,0,10,82,0,92,162,4,166,258
11/27/2003,HVN,CT,ANE,EN,Federal Contract Tower,0,3,6,0,9,0,3,27,0,30,0,6,33,0,39,20,0,20,59
11/28/2003,HVN,CT,ANE,EN,Federal Contract Tower,0,3,5,0,8,0,1,0,0,1,0,4,5,0,9,0,0,0,9
11/29/2003,HVN,CT,ANE,EN,Federal Contract Tower,0,4,7,0,11,0,4,0,0,4,0,8,7,0,15,4,0,4,19
11/30/2003,HVN,CT,ANE,EN,Federal Contract Tower,0,5,15,0,20,0,0,106,0,106,0,5,121,0,126,220,2,222,348
12/01/2003,HVN,CT,ANE,EN,Federal Contract Tower,0,9,12,0,21,0,0,13,0,13,0,9,25,0,34,18,0,18,52
12/02/2003,HVN,CT,ANE,EN,Federal Contract Tower,0,10,10,0,20,0,1,7,0,8,0,11,17,0,28,18,0,18,46
12/03/2003,HVN,CT,ANE,EN,Federal Contract Tower,0,9,14,0,23,0,0,35,0,35,0,9,49,0,58,70,0,70,128
12/04/2003,HVN,CT,ANE,EN,Federal Contract Tower,0,17,19,0,36,0,0,105,2,107,0,17,124,2,143,134,0,134,277
12/05/2003,HVN,CT,ANE,EN,Federal Contract Tower,0,12,13,0,25,0,0,26,0,26,0,12,39,0,51,46,2,48,99
12/06/2003,HVN,CT,ANE,EN,Federal Contract Tower,0,1,1,0,2,0,0,1,0,1,0,1,2,0,3,0,0,0,3
12/07/2003,HVN,CT,ANE,EN,Federal Contract Tower,0,5,3,0,8,0,2,0,0,2,0,7,3,0,10,0,0,0,10
12/08/2003,HVN,CT,ANE,EN,Federal Contract Tower,0,12,15,0,27,0,5,55,0,60,0,17,70,0,87,106,0,106,193
12/09/2003,HVN,CT,ANE,EN,Federal Contract Tower,0,15,18,0,33,0,2,67,0,69,0,17,85,0,102,138,0,138,240
12/10/2003,HVN,CT,ANE,EN,Federal Contract Tower,0,5,12,0,17,0,0,51,4,55,0,5,63,4,72,92,0,92,164
12/11/2003,HVN,CT,ANE,EN,Federal Contract Tower,0,7,9,0,16,0,0,1,0,1,0,7,10,0,17,0,0,0,17
12/12/2003,HVN,CT,ANE,EN,Federal Contract Tower,0,8,9,0,17,0,2,53,0,55,0,10,62,0,72,130,0,130,202
12/13/2003,HVN,CT,ANE,EN,Federal Contract Tower,0,7,11,0,18,0,0,113,0,113,0,7,124,0,131,164,0,164,295
12/14/2003,HVN,CT,ANE,EN,Federal Contract Tower,0,1,3,0,4,0,2,7,0,9,0,3,10,0,13,52,0,52,65
12/15/2003,HVN,CT,ANE,EN,Federal Contract Tower,0,3,5,0,8,0,3,0,0,3,0,6,5,0,11,0,0,0,11
12/16/2003,HVN,CT,ANE,EN,Federal Contract Tower,0,10,15,0,25,0,0,87,0,87,0,10,102,0,112,136,0,136,248
12/17/2003,HVN,CT,ANE,EN,Federal Contract Tower,0,3,2,0,5,0,3,0,0,3,0,6,2,0,8,4,0,4,12
12/18/2003,HVN,CT,ANE,EN,Federal Contract Tower,0,7,9,0,16,0,0,14,0,14,0,7,23,0,30,28,2,30,60
12/19/2003,HVN,CT,ANE,EN,Federal Contract Tower,0,10,14,0,24,0,1,70,0,71,0,11,84,0,95,82,0,82,177
12/20/2003,HVN,CT,ANE,EN,Federal Contract Tower,0,13,19,0,32,0,0,56,0,56,0,13,75,0,88,138,0,138,226
12/21/2003,HVN,CT,ANE,EN,Federal Contract Tower,0,8,12,0,20,0,2,67,0,69,0,10,79,0,89,116,0,116,205
12/22/2003,HVN,CT,ANE,EN,Federal Contract Tower,0,6,9,0,15,0,1,63,0,64,0,7,72,0,79,94,2,96,175
12/23/2003,HVN,CT,ANE,EN,Federal Contract Tower,0,7,10,0,17,0,0,64,0,64,0,7,74,0,81,84,42,126,207
12/24/2003,HVN,CT,ANE,EN,Federal Contract Tower,0,2,4,0,6,0,1,2,0,3,0,3,6,0,9,6,0,6,15
12/25/2003,HVN,CT,ANE,EN,Federal Contract Tower,0,1,2,0,3,0,1,14,0,15,0,2,16,0,18,22,2,24,42
12/26/2003,HVN,CT,ANE,EN,Federal Contract Tower,0,1,3,0,4,0,1,26,0,27,0,2,29,0,31,36,2,38,69
12/27/2003,HVN,CT,ANE,EN,Federal Contract Tower,0,3,8,0,11,0,0,81,0,81,0,3,89,0,92,148,2,150,242
12/28/2003,HVN,CT,ANE,EN,Federal Contract Tower,0,8,12,0,20,0,0,109,0,109,0,8,121,0,129,162,0,162,291
12/29/2003,HVN,CT,ANE,EN,Federal Contract Tower,0,7,10,0,17,0,1,60,2,63,0,8,70,2,80,96,4,100,180
12/30/2003,HVN,CT,ANE,EN,Federal Contract Tower,0,3,2,0,5,0,3,0,0,3,0,6,2,0,8,8,4,12,20
12/31/2003,HVN,CT,ANE,EN,Federal Contract Tower,0,3,6,0,9,0,0,91,0,91,0,3,97,0,100,152,0,152,252
01/01/2004,HVN,CT,ANE,EN,Federal Contract Tower,0,2,3,0,5,0,0,61,0,61,0,2,64,0,66,100,4,104,170
01/02/2004,HVN,CT,ANE,EN,Federal Contract Tower,0,2,2,0,4,0,0,17,0,17,0,2,19,0,21,16,2,18,39
01/03/2004,HVN,CT,ANE,EN,Federal Contract Tower,0,5,10,0,15,0,0,28,0,28,0,5,38,0,43,36,0,36,79
01/04/2004,HVN,CT,ANE,EN,Federal Contract Tower,0,7,5,0,12,0,0,6,0,6,0,7,11,0,18,36,0,36,54
01/05/2004,HVN,CT,ANE,EN,Federal Contract Tower,0,5,0,0,5,0,4,0,0,4,0,9,0,0,9,0,0,0,9
01/06/2004,HVN,CT,ANE,EN,Federal Contract Tower,0,8,7,0,15,0,3,28,0,31,0,11,35,0,46,38,2,40,86
01/07/2004,HVN,CT,ANE,EN,Federal Contract Tower,0,8,8,0,16,0,0,28,0,28,0,8,36,0,44,40,2,42,86
01/08/2004,HVN,CT,ANE,EN,Federal Contract Tower,0,7,11,0,18,0,0,49,4,53,0,7,60,4,71,56,6,62,133
01/09/2004,HVN,CT,ANE,EN,Federal Contract Tower,0,9,8,0,17,0,1,31,0,32,0,10,39,0,49,30,4,34,83
01/10/2004,HVN,CT,ANE,EN,Federal Contract Tower,0,6,6,0,12,0,0,66,0,66,0,6,72,0,78,102,0,102,180
01/11/2004,HVN,CT,ANE,EN,Federal Contract Tower,0,8,7,0,15,0,0,65,0,65,0,8,72,0,80,164,0,164,244
01/12/2004,HVN,CT,ANE,EN,Federal Contract Tower,0,4,2,0,6,0,2,0,0,2,0,6,2,0,8,8,0,8,16
01/13/2004,HVN,CT,ANE,EN,Federal Contract Tower,0,5,11,0,16,0,0,24,0,24,0,5,35,0,40,60,12,72,112
01/14/2004,HVN,CT,ANE,EN,Federal Contract Tower,0,5,5,0,10,0,1,23,6,30,0,6,28,6,40,42,0,42,82
01/15/2004,HVN,CT,ANE,EN,Federal Contract Tower,0,3,2,0,5,0,2,0,0,2,0,5,2,0,7,6,0,6,13
01/16/2004,HVN,CT,ANE,EN,Federal Contract Tower,0,6,8,0,14,0,2,1,0,3,0,8,9,0,17,2,0,2,19
01/17/2004,HVN,CT,ANE,EN,Federal Contract Tower,0,6,7,0,13,0,11,54,0,65,0,17,61,0,78,90,0,90,168
01/18/2004,HVN,CT,ANE,EN,Federal Contract Tower,0,2,3,0,5,0,1,0,0,1,0,3,3,0,6,0,0,0,6
01/19/2004,HVN,CT,ANE,EN,Federal Contract Tower,0,6,8,0,14,0,5,6,0,11,0,11,14,0,25,12,4,16,41
01/20/2004,HVN,CT,ANE,EN,Federal Contract Tower,0,5,7,0,12,0,3,22,0,25,0,8,29,0,37,48,2,50,87
01/21/2004,HVN,CT,ANE,EN,Federal Contract Tower,0,7,9,0,16,0,0,26,0,26,0,7,35,0,42,60,6,66,108
01/22/2004,HVN,CT,ANE,EN,Federal Contract Tower,0,8,13,0,21,0,0,27,0,27,0,8,40,0,48,70,2,72,120
01/23/2004,HVN,CT,ANE,EN,Federal Contract Tower,0,6,8,0,14,0,3,9,0,12,0,9,17,0,26,10,4,14,40
01/24/2004,HVN,CT,ANE,EN,Federal Contract Tower,0,6,13,0,19,0,0,53,0,53,0,6,66,0,72,48,0,48,120
01/25/2004,HVN,CT,ANE,EN,Federal Contract Tower,0,5,6,0,11,0,4,69,0,73,0,9,75,0,84,194,0,194,278
01/26/2004,HVN,CT,ANE,EN,Federal Contract Tower,0,1,3,0,4,0,2,15,0,17,0,3,18,0,21,48,0,48,69
01/27/2004,HVN,CT,ANE,EN,Federal Contract Tower,0,5,7,0,12,0,3,7,0,10,0,8,14,0,22,46,0,46,68
01/28/2004,HVN,CT,ANE,EN,Federal Contract Tower,0,4,3,0,7,0,3,0,0,3,0,7,3,0,10,8,0,8,18
01/29/2004,HVN,CT,ANE,EN,Federal Contract Tower,0,13,14,0,27,0,0,28,0,28,0,13,42,0,55,14,2,16,71
01/30/2004,HVN,CT,ANE,EN,Federal Contract Tower,0,10,13,0,23,0,0,50,0,50,0,10,63,0,73,86,0,86,159
01/31/2004,HVN,CT,ANE,EN,Federal Contract Tower,0,7,11,0,18,0,0,40,0,40,0,7,51,0,58,90,2,92,150
02/01/2004,HVN,CT,ANE,EN,Federal Contract Tower,0,9,12,0,21,0,0,41,0,41,0,9,53,0,62,72,0,72,134
02/02/2004,HVN,CT,ANE,EN,Federal Contract Tower,0,12,12,0,24,0,0,78,0,78,0,12,90,0,102,84,2,86,188
02/03/2004,HVN,CT,ANE,EN,Federal Contract Tower,0,7,9,0,16,0,0,15,0,15,0,7,24,0,31,60,0,60,91
02/04/2004,HVN,CT,ANE,EN,Federal Contract Tower,0,11,16,0,27,0,0,64,4,68,0,11,80,4,95,110,4,114,209
02/05/2004,HVN,CT,ANE,EN,Federal Contract Tower,0,8,11,0,19,0,0,62,0,62,0,8,73,0,81,178,0,178,259
02/06/2004,HVN,CT,ANE,EN,Federal Contract Tower,0,4,5,0,9,0,0,0,0,0,0,4,5,0,9,0,0,0,9
02/07/2004,HVN,CT,ANE,EN,Federal Contract Tower,0,7,9,0,16,0,4,5,0,9,0,11,14,0,25,42,0,42,67
02/08/2004,HVN,CT,ANE,EN,Federal Contract Tower,0,8,10,0,18,0,6,9,0,15,0,14,19,0,33,36,2,38,71
02/09/2004,HVN,CT,ANE,EN,Federal Contract Tower,0,7,16,0,23,0,0,73,0,73,0,7,89,0,96,110,2,112,208
02/10/2004,HVN,CT,ANE,EN,Federal Contract Tower,0,10,15,0,25,0,0,72,0,72,0,10,87,0,97,132,2,134,231
02/11/2004,HVN,CT,ANE,EN,Federal Contract Tower,0,10,15,0,25,0,0,54,0,54,0,10,69,0,79,82,0,82,161
02/12/2004,HVN,CT,ANE,EN,Federal Contract Tower,0,5,16,1,22,0,0,49,3,52,0,5,65,4,74,136,0,136,210
02/13/2004,HVN,CT,ANE,EN,Federal Contract Tower,0,6,8,0,14,0,1,56,0,57,0,7,64,0,71,82,2,84,155
02/14/2004,HVN,CT,ANE,EN,Federal Contract Tower,0,7,10,0,17,0,6,66,2,74,0,13,76,2,91,142,2,144,235
02/15/2004,HVN,CT,ANE,EN,Federal Contract Tower,0,8,13,0,21,0,1,39,0,40,0,9,52,0,61,52,0,52,113
02/16/2004,HVN,CT,ANE,EN,Federal Contract Tower,0,6,10,0,16,0,5,54,0,59,0,11,64,0,75,100,2,102,177
02/17/2004,HVN,CT,ANE,EN,Federal Contract Tower,0,8,12,0,20,0,2,58,0,60,0,10,70,0,80,96,8,104,184
02/18/2004,HVN,CT,ANE,EN,Federal Contract Tower,0,10,16,0,26,0,0,24,0,24,0,10,40,0,50,66,2,68,118
02/19/2004,HVN,CT,ANE,EN,Federal Contract Tower,0,9,14,0,23,0,2,41,0,43,0,11,55,0,66,42,2,44,110
02/20/2004,HVN,CT,ANE,EN,Federal Contract Tower,0,6,10,0,16,0,0,66,0,66,0,6,76,0,82,104,2,106,188
02/21/2004,HVN,CT,ANE,EN,Federal Contract Tower,0,8,13,0,21,0,0,16,0,16,0,8,29,0,37,140,0,140,177
02/22/2004,HVN,CT,ANE,EN,Federal Contract Tower,0,11,17,0,28,0,1,63,0,64,0,12,80,0,92,70,2,72,164
02/23/2004,HVN,CT,ANE,EN,Federal Contract Tower,0,10,15,0,25,0,6,56,0,62,0,16,71,0,87,164,6,170,257
02/24/2004,HVN,CT,ANE,EN,Federal Contract Tower,0,9,13,0,22,0,0,12,1,13,0,9,25,1,35,44,4,48,83
02/25/2004,HVN,CT,ANE,EN,Federal Contract Tower,0,10,15,0,25,0,2,49,0,51,0,12,64,0,76,64,2,66,142
02/26/2004,HVN,CT,ANE,EN,Federal Contract Tower,0,14,21,0,35,0,2,47,3,52,0,16,68,3,87,82,4,86,173
02/27/2004,HVN,CT,ANE,EN,Federal Contract Tower,0,13,22,0,35,0,0,83,4,87,0,13,105,4,122,140,4,144,266
02/28/2004,HVN,CT,ANE,EN,Federal Contract Tower,0,9,14,0,23,0,0,103,0,103,0,9,117,0,126,112,2,114,240
02/29/2004,HVN,CT,ANE,EN,Federal Contract Tower,0,8,21,0,29,0,0,89,0,89,0,8,110,0,118,110,0,110,228
03/01/2004,HVN,CT,ANE,EN,Federal Contract Tower,0,6,9,0,15,0,0,62,0,62,0,6,71,0,77,82,0,82,159
03/02/2004,HVN,CT,ANE,EN,Federal Contract Tower,0,11,13,0,24,0,0,38,0,38,0,11,51,0,62,86,2,88,150
03/03/2004,HVN,CT,ANE,EN,Federal Contract Tower,0,17,22,0,39,0,0,68,1,69,0,17,90,1,108,132,4,136,244
03/04/2004,HVN,CT,ANE,EN,Federal Contract Tower,0,12,19,0,31,0,0,7,0,7,0,12,26,0,38,28,4,32,70
03/05/2004,HVN,CT,ANE,EN,Federal Contract Tower,0,11,16,0,27,0,0,2,0,2,0,11,18,0,29,0,0,0,29
03/06/2004,HVN,CT,ANE,EN,Federal Contract Tower,0,4,5,0,9,0,0,2,0,2,0,4,7,0,11,0,0,0,11
03/07/2004,HVN,CT,ANE,EN,Federal Contract Tower,0,10,13,0,23,0,0,95,0,95,0,10,108,0,118,154,4,158,276
03/08/2004,HVN,CT,ANE,EN,Federal Contract Tower,0,8,5,0,13,0,7,0,0,7,0,15,5,0,20,0,0,0,20
03/09/2004,HVN,CT,ANE,EN,Federal Contract Tower,0,11,21,0,32,0,0,5,0,5,0,11,26,0,37,2,0,2,39
03/10/2004,HVN,CT,ANE,EN,Federal Contract Tower,0,7,13,1,21,0,0,48,7,55,0,7,61,8,76,126,10,136,212
03/11/2004,HVN,CT,ANE,EN,Federal Contract Tower,0,7,13,0,20,0,4,65,0,69,0,11,78,0,89,116,2,118,207
03/12/2004,HVN,CT,ANE,EN,Federal Contract Tower,0,5,9,0,14,0,1,6,0,7,0,6,15,0,21,22,2,24,45
03/13/2004,HVN,CT,ANE,EN,Federal Contract Tower,0,5,11,0,16,0,0,58,0,58,0,5,69,0,74,46,2,48,122
03/14/2004,HVN,CT,ANE,EN,Federal Contract Tower,0,9,16,0,25,0,3,118,0,121,0,12,134,0,146,274,0,274,420
03/15/2004,HVN,CT,ANE,EN,Federal Contract Tower,0,8,13,0,21,0,1,38,0,39,0,9,51,0,60,70,8,78,138
03/16/2004,HVN,CT,ANE,EN,Federal Contract Tower,0,5,9,0,14,0,3,5,0,8,0,8,14,0,22,22,0,22,44
03/17/2004,HVN,CT,ANE,EN,Federal Contract Tower,0,8,14,0,22,0,1,0,0,1,0,9,14,0,23,10,0,10,33
03/18/2004,HVN,CT,ANE,EN,Federal Contract Tower,0,8,13,0,21,0,1,3,0,4,0,9,16,0,25,30,2,32,57
03/19/2004,HVN,CT,ANE,EN,Federal Contract Tower,0,5,10,0,15,0,3,0,0,3,0,8,10,0,18,18,0,18,36
03/20/2004,HVN,CT,ANE,EN,Federal Contract Tower,0,5,21,0,26,0,0,78,0,78,0,5,99,0,104,192,0,192,296
03/21/2004,HVN,CT,ANE,EN,Federal Contract Tower,0,11,19,0,30,0,0,33,0,33,0,11,52,0,63,38,0,38,101
03/22/2004,HVN,CT,ANE,EN,Federal Contract Tower,0,5,9,0,14,0,3,10,0,13,0,8,19,0,27,18,0,18,45
03/23/2004,HVN,CT,ANE,EN,Federal Contract Tower,0,7,12,0,19,0,0,80,0,80,0,7,92,0,99,144,0,144,243
03/24/2004,HVN,CT,ANE,EN,Federal Contract Tower,0,9,21,0,30,0,0,70,0,70,0,9,91,0,100,148,8,156,256
03/25/2004,HVN,CT,ANE,EN,Federal Contract Tower,0,8,18,0,26,0,0,14,0,14,0,8,32,0,40,86,2,88,128
03/26/2004,HVN,CT,ANE,EN,Federal Contract Tower,0,4,8,0,12,0,1,70,2,73,0,5,78,2,85,258,4,262,347
03/27/2004,HVN,CT,ANE,EN,Federal Contract Tower,0,6,12,0,18,0,0,49,0,49,0,6,61,0,67,162,2,164,231
03/28/2004,HVN,CT,ANE,EN,Federal Contract Tower,0,8,16,0,24,0,0,36,0,36,0,8,52,0,60,76,0,76,136
03/29/2004,HVN,CT,ANE,EN,Federal Contract Tower,0,9,15,0,24,0,3,26,0,29,0,12,41,0,53,89,0,89,142
03/30/2004,HVN,CT,ANE,EN,Federal Contract Tower,0,6,10,0,16,0,2,24,0,26,0,8,34,0,42,86,0,86,128
03/31/2004,HVN,CT,ANE,EN,Federal Contract Tower,0,14,23,0,37,0,1,0,0,1,0,15,23,0,38,0,0,0,38
04/01/2004,HVN,CT,ANE,EN,Federal Contract Tower,0,11,16,0,27,0,0,0,0,0,0,11,16,0,27,0,0,0,27
04/02/2004,HVN,CT,ANE,EN,Federal Contract Tower,0,9,11,0,20,0,1,17,0,18,0,10,28,0,38,54,2,56,94
04/03/2004,HVN,CT,ANE,EN,Federal Contract Tower,0,8,17,0,25,0,0,26,0,26,0,8,43,0,51,92,0,92,143
04/04/2004,HVN,CT,ANE,EN,Federal Contract Tower,0,6,8,0,14,0,2,11,0,13,0,8,19,0,27,68,0,68,95
04/05/2004,HVN,CT,ANE,EN,Federal Contract Tower,0,5,6,0,11,0,4,14,0,18,0,9,20,0,29,18,0,18,47
04/06/2004,HVN,CT,ANE,EN,Federal Contract Tower,0,9,14,0,23,0,2,26,0,28,0,11,40,0,51,40,0,40,91
04/07/2004,HVN,CT,ANE,EN,Federal Contract Tower,0,10,23,0,33,0,0,104,1,105,0,10,127,1,138,234,2,236,374
04/08/2004,HVN,CT,ANE,EN,Federal Contract Tower,0,12,21,0,33,0,0,79,0,79,0,12,100,0,112,282,6,288,400
04/09/2004,HVN,CT,ANE,EN,Federal Contract Tower,0,8,13,0,21,0,2,97,0,99,0,10,110,0,120,192,4,196,316
04/10/2004,HVN,CT,ANE,EN,Federal Contract Tower,0,5,16,0,21,0,0,77,0,77,0,5,93,0,98,148,0,148,246
04/11/2004,HVN,CT,ANE,EN,Federal Contract Tower,0,8,12,0,20,0,1,13,0,14,0,9,25,0,34,14,0,14,48
04/12/2004,HVN,CT,ANE,EN,Federal Contract Tower,0,7,10,0,17,0,0,42,0,42,0,7,52,0,59,114,0,114,173
04/13/2004,HVN,CT,ANE,EN,Federal Contract Tower,0,5,8,0,13,0,0,0,0,0,0,5,8,0,13,0,0,0,13
04/14/2004,HVN,CT,ANE,EN,Federal Contract Tower,0,6,7,0,13,0,1,0,0,1,0,7,7,0,14,0,0,0,14
04/15/2004,HVN,CT,ANE,EN,Federal Contract Tower,0,8,12,0,20,0,4,25,0,29,0,12,37,0,49,82,2,84,133
04/16/2004,HVN,CT,ANE,EN,Federal Contract Tower,0,13,22,0,35,0,6,77,0,83,0,19,99,0,118,208,0,208,326
04/17/2004,HVN,CT,ANE,EN,Federal Contract Tower,0,6,11,0,17,0,3,126,0,129,0,9,137,0,146,190,0,190,336
04/18/2004,HVN,CT,ANE,EN,Federal Contract Tower,0,7,20,0,27,0,0,123,0,123,0,7,143,0,150,194,1,195,345
04/19/2004,HVN,CT,ANE,EN,Federal Contract Tower,0,8,14,0,22,0,2,22,0,24,0,10,36,0,46,72,0,72,118
04/20/2004,HVN,CT,ANE,EN,Federal Contract Tower,0,8,18,0,26,0,0,77,0,77,0,8,95,0,103,246,2,248,351
04/21/2004,HVN,CT,ANE,EN,Federal Contract Tower,0,9,17,0,26,0,0,50,0,50,0,9,67,0,76,72,8,80,156
04/22/2004,HVN,CT,ANE,EN,Federal Contract Tower,0,8,22,0,30,0,0,31,0,31,0,8,53,0,61,68,0,68,129
04/23/2004,HVN,CT,ANE,EN,Federal Contract Tower,0,7,14,0,21,0,3,17,0,20,0,10,31,0,41,52,0,52,93
04/24/2004,HVN,CT,ANE,EN,Federal Contract Tower,0,10,18,0,28,0,0,46,1,47,0,10,64,1,75,64,0,64,139
04/25/2004,HVN,CT,ANE,EN,Federal Contract Tower,0,8,14,0,22,0,2,97,0,99,0,10,111,0,121,184,0,184,305
04/26/2004,HVN,CT,ANE,EN,Federal Contract Tower,0,6,14,0,20,0,0,1,0,1,0,6,15,0,21,2,0,2,23
04/27/2004,HVN,CT,ANE,EN,Federal Contract Tower,0,7,14,0,21,0,2,67,1,70,0,9,81,1,91,182,4,186,277
04/28/2004,HVN,CT,ANE,EN,Federal Contract Tower,0,9,16,0,25,0,1,49,0,50,0,10,65,0,75,78,0,78,153
04/29/2004,HVN,CT,ANE,EN,Federal Contract Tower,0,11,19,0,30,0,1,84,0,85,0,12,103,0,115,176,28,204,319
04/30/2004,HVN,CT,ANE,EN,Federal Contract Tower,0,10,19,0,29,0,0,90,0,90,0,10,109,0,119,210,6,216,335
05/01/2004,HVN,CT,ANE,EN,Federal Contract Tower,0,6,9,0,15,0,2,115,0,117,0,8,124,0,132,268,6,274,406
05/02/2004,HVN,CT,ANE,EN,Federal Contract Tower,0,7,9,0,16,0,0,1,0,1,0,7,10,0,17,0,0,0,17
05/03/2004,HVN,CT,ANE,EN,Federal Contract Tower,0,7,8,0,15,0,0,0,0,0,0,7,8,0,15,0,0,0,15
05/04/2004,HVN,CT,ANE,EN,Federal Contract Tower,0,12,18,0,30,0,0,38,6,44,0,12,56,6,74,96,0,96,170
05/05/2004,HVN,CT,ANE,EN,Federal Contract Tower,0,12,14,0,26,0,1,60,4,65,0,13,74,4,91,228,2,230,321
05/06/2004,HVN,CT,ANE,EN,Federal Contract Tower,0,10,14,0,24,0,1,99,0,100,0,11,113,0,124,266,2,268,392
05/07/2004,HVN,CT,ANE,EN,Federal Contract Tower,0,7,10,0,17,0,1,59,0,60,0,8,69,0,77,138,0,138,215
05/08/2004,HVN,CT,ANE,EN,Federal Contract Tower,0,10,17,0,27,0,0,74,0,74,0,10,91,0,101,226,4,230,331
05/09/2004,HVN,CT,ANE,EN,Federal Contract Tower,0,7,11,0,18,0,2,22,0,24,0,9,33,0,42,116,22,138,180
05/10/2004,HVN,CT,ANE,EN,Federal Contract Tower,0,11,17,0,28,0,0,56,0,56,0,11,73,0,84,104,0,104,188
05/11/2004,HVN,CT,ANE,EN,Federal Contract Tower,0,8,14,0,22,0,3,84,0,87,0,11,98,0,109,100,4,104,213
05/12/2004,HVN,CT,ANE,EN,Federal Contract Tower,0,9,16,0,25,0,0,58,0,58,0,9,74,0,83,202,2,204,287
05/13/2004,HVN,CT,ANE,EN,Federal Contract Tower,0,7,20,0,27,0,0,57,0,57,0,7,77,0,84,182,4,186,270
05/14/2004,HVN,CT,ANE,EN,Federal Contract Tower,0,16,26,0,42,0,2,9,0,11,0,18,35,0,53,50,0,50,103
05/15/2004,HVN,CT,ANE,EN,Federal Contract Tower,0,9,16,0,25,0,3,70,0,73,0,12,86,0,98,192,2,194,292
05/16/2004,HVN,CT,ANE,EN,Federal Contract Tower,0,10,18,0,28,0,1,97,0,98,0,11,115,0,126,300,0,300,426
05/17/2004,HVN,CT,ANE,EN,Federal Contract Tower,0,9,20,0,29,0,0,42,0,42,0,9,62,0,71,98,2,100,171
05/18/2004,HVN,CT,ANE,EN,Federal Contract Tower,0,5,10,0,15,0,4,19,0,23,0,9,29,0,38,72,0,72,110
05/19/2004,HVN,CT,ANE,EN,Federal Contract Tower,0,10,25,0,35,0,0,60,0,60,0,10,85,0,95,130,2,132,227
05/20/2004,HVN,CT,ANE,EN,Federal Contract Tower,0,11,25,0,36,0,0,96,4,100,0,11,121,4,136,244,8,252,388
05/21/2004,HVN,CT,ANE,EN,Federal Contract Tower,0,13,26,0,39,0,0,74,2,76,0,13,100,2,115,188,0,188,303
05/22/2004,HVN,CT,ANE,EN,Federal Contract Tower,0,19,31,0,50,0,0,2,3,5,0,19,33,3,55,0,0,0,55
05/23/2004,HVN,CT,ANE,EN,Federal Contract Tower,0,10,20,0,30,2,0,0,8,10,2,10,20,8,40,10,2,12,52
05/24/2004,HVN,CT,ANE,EN,Federal Contract Tower,0,15,23,0,38,0,3,0,0,3,0,18,23,0,41,0,0,0,41
05/25/2004,HVN,CT,ANE,EN,Federal Contract Tower,0,7,20,0,27,0,0,38,0,38,0,7,58,0,65,74,0,74,139
05/26/2004,HVN,CT,ANE,EN,Federal Contract Tower,0,13,21,0,34,0,0,0,0,0,0,13,21,0,34,0,0,0,34
05/27/2004,HVN,CT,ANE,EN,Federal Contract Tower,0,15,27,0,42,0,0,53,0,53,0,15,80,0,95,202,4,206,301
05/28/2004,HVN,CT,ANE,EN,Federal Contract Tower,0,16,29,0,45,0,0,8,0,8,0,16,37,0,53,16,0,16,69
05/29/2004,HVN,CT,ANE,EN,Federal Contract Tower,0,7,12,0,19,0,6,57,0,63,0,13,69,0,82,80,0,80,162
05/30/2004,HVN,CT,ANE,EN,Federal Contract Tower,0,13,23,0,36,0,3,104,0,107,0,16,127,0,143,194,4,198,341
05/31/2004,HVN,CT,ANE,EN,Federal Contract Tower,0,8,14,0,22,0,7,72,0,79,0,15,86,0,101,94,2,96,197
06/01/2004,HVN,CT,ANE,EN,Federal Contract Tower,0,14,16,0,30,0,4,17,0,21,0,18,33,0,51,108,4,112,163
06/02/2004,HVN,CT,ANE,EN,Federal Contract Tower,0,10,9,0,19,0,5,33,0,38,0,15,42,0,57,136,4,140,197
06/03/2004,HVN,CT,ANE,EN,Federal Contract Tower,0,13,21,0,34,0,0,114,0,114,0,13,135,0,148,228,2,230,378
06/04/2004,HVN,CT,ANE,EN,Federal Contract Tower,0,14,20,0,34,0,0,113,0,113,0,14,133,0,147,204,4,208,355
06/05/2004,HVN,CT,ANE,EN,Federal Contract Tower,0,15,16,0,31,0,1,39,0,40,0,16,55,0,71,104,0,104,175
06/06/2004,HVN,CT,ANE,EN,Federal Contract Tower,0,10,18,0,28,0,0,18,0,18,0,10,36,0,46,32,0,32,78
06/07/2004,HVN,CT,ANE,EN,Federal Contract Tower,0,12,18,0,30,0,0,95,0,95,0,12,113,0,125,168,30,198,323
06/08/2004,HVN,CT,ANE,EN,Federal Contract Tower,0,17,21,0,38,0,0,66,0,66,0,17,87,0,104,224,0,224,328
06/09/2004,HVN,CT,ANE,EN,Federal Contract Tower,0,14,22,0,36,0,0,39,4,43,0,14,61,4,79,116,0,116,195
06/10/2004,HVN,CT,ANE,EN,Federal Contract Tower,0,14,16,0,30,0,2,29,0,31,0,16,45,0,61,84,0,84,145
06/11/2004,HVN,CT,ANE,EN,Federal Contract Tower,0,17,19,0,36,0,0,101,0,101,0,17,120,0,137,214,0,214,351
06/12/2004,HVN,CT,ANE,EN,Federal Contract Tower,0,6,11,0,17,0,0,95,0,95,0,6,106,0,112,178,2,180,292
06/13/2004,HVN,CT,ANE,EN,Federal Contract Tower,0,8,9,0,17,0,4,108,2,114,0,12,117,2,131,114,0,114,245
06/14/2004,HVN,CT,ANE,EN,Federal Contract Tower,0,13,14,0,27,0,1,15,0,16,0,14,29,0,43,74,0,74,117
06/15/2004,HVN,CT,ANE,EN,Federal Contract Tower,0,13,14,0,27,0,2,44,0,46,0,15,58,0,73,116,0,116,189
06/16/2004,HVN,CT,ANE,EN,Federal Contract Tower,0,11,12,1,24,0,3,92,3,98,0,14,104,4,122,154,2,156,278
06/17/2004,HVN,CT,ANE,EN,Federal Contract Tower,0,11,13,0,24,0,2,13,0,15,0,13,26,0,39,34,2,36,75
06/18/2004,HVN,CT,ANE,EN,Federal Contract Tower,0,14,20,0,34,0,0,15,2,17,0,14,35,2,51,38,2,40,91
06/19/2004,HVN,CT,ANE,EN,Federal Contract Tower,0,8,16,0,24,0,0,33,0,33,0,8,49,0,57,84,3,87,144
06/20/2004,HVN,CT,ANE,EN,Federal Contract Tower,0,13,17,0,30,0,2,78,0,80,0,15,95,0,110,124,0,124,234
06/21/2004,HVN,CT,ANE,EN,Federal Contract Tower,0,14,18,0,32,0,7,87,0,94,0,21,105,0,126,132,4,136,262
06/22/2004,HVN,CT,ANE,EN,Federal Contract Tower,0,9,11,0,20,0,3,7,0,10,0,12,18,0,30,14,0,14,44
06/23/2004,HVN,CT,ANE,EN,Federal Contract Tower,0,12,15,0,27,0,0,87,4,91,0,12,102,4,118,176,6,182,300
06/24/2004,HVN,CT,ANE,EN,Federal Contract Tower,0,14,17,0,31,0,1,92,0,93,0,15,109,0,124,208,0,208,332
06/25/2004,HVN,CT,ANE,EN,Federal Contract Tower,0,14,22,0,36,0,0,38,0,38,0,14,60,0,74,92,2,94,168
06/26/2004,HVN,CT,ANE,EN,Federal Contract Tower,0,8,14,0,22,0,0,15,0,15,0,8,29,0,37,20,2,22,59
06/27/2004,HVN,CT,ANE,EN,Federal Contract Tower,0,14,18,0,32,0,5,99,0,104,0,19,117,0,136,108,0,108,244
06/28/2004,HVN,CT,ANE,EN,Federal Contract Tower,0,11,14,0,25,0,4,61,0,65,0,15,75,0,90,114,2,116,206
06/29/2004,HVN,CT,ANE,EN,Federal Contract Tower,0,12,18,0,30,0,0,73,0,73,0,12,91,0,103,122,0,122,225
06/30/2004,HVN,CT,ANE,EN,Federal Contract Tower,0,13,16,0,29,0,7,86,0,93,0,20,102,0,122,192,2,194,316
07/01/2004,HVN,CT,ANE,EN,Federal Contract Tower,0,15,18,0,33,0,3,79,0,82,0,18,97,0,115,210,2,212,327
07/02/2004,HVN,CT,ANE,EN,Federal Contract Tower,0,17,21,0,38,0,2,44,6,52,0,19,65,6,90,78,4,82,172
07/03/2004,HVN,CT,ANE,EN,Federal Contract Tower,0,7,9,0,16,0,1,120,0,121,0,8,129,0,137,116,2,118,255
07/04/2004,HVN,CT,ANE,EN,Federal Contract Tower,0,8,10,0,18,0,0,62,0,62,0,8,72,0,80,102,8,110,190
07/05/2004,HVN,CT,ANE,EN,Federal Contract Tower,0,13,20,0,33,0,0,3,0,3,0,13,23,0,36,2,0,2,38
07/06/2004,HVN,CT,ANE,EN,Federal Contract Tower,0,12,16,0,28,0,5,77,0,82,0,17,93,0,110,154,0,154,264
07/07/2004,HVN,CT,ANE,EN,Federal Contract Tower,0,12,15,0,27,0,2,57,0,59,0,14,72,0,86,178,4,182,268
07/08/2004,HVN,CT,ANE,EN,Federal Contract Tower,0,13,18,0,31,0,0,27,0,27,0,13,45,0,58,114,2,116,174
07/09/2004,HVN,CT,ANE,EN,Federal Contract Tower,0,13,16,0,29,0,1,115,3,119,0,14,131,3,148,186,8,194,342
07/10/2004,HVN,CT,ANE,EN,Federal Contract Tower,0,10,17,0,27,0,0,100,0,100,0,10,117,0,127,156,0,156,283
07/11/2004,HVN,CT,ANE,EN,Federal Contract Tower,0,10,12,0,22,0,8,92,0,100,0,18,104,0,122,216,0,216,338
07/12/2004,HVN,CT,ANE,EN,Federal Contract Tower,0,9,12,0,21,0,2,9,0,11,0,11,21,0,32,22,0,22,54
07/13/2004,HVN,CT,ANE,EN,Federal Contract Tower,0,8,14,0,22,0,0,8,0,8,0,8,22,0,30,10,0,10,40
07/14/2004,HVN,CT,ANE,EN,Federal Contract Tower,0,17,26,0,43,0,0,41,4,45,0,17,67,4,88,76,0,76,164
07/15/2004,HVN,CT,ANE,EN,Federal Contract Tower,0,12,18,0,30,0,0,31,0,31,0,12,49,0,61,68,0,68,129
07/16/2004,HVN,CT,ANE,EN,Federal Contract Tower,0,15,22,0,37,0,2,74,0,76,0,17,96,0,113,152,2,154,267
07/17/2004,HVN,CT,ANE,EN,Federal Contract Tower,0,11,17,0,28,0,1,99,0,100,0,12,116,0,128,240,2,242,370
07/18/2004,HVN,CT,ANE,EN,Federal Contract Tower,0,9,15,0,24,0,0,9,0,9,0,9,24,0,33,26,0,26,59
07/19/2004,HVN,CT,ANE,EN,Federal Contract Tower,0,10,14,0,24,0,3,19,0,22,0,13,33,0,46,72,2,74,120
07/20/2004,HVN,CT,ANE,EN,Federal Contract Tower,0,13,22,0,35,0,0,51,0,51,0,13,73,0,86,132,4,136,222
07/21/2004,HVN,CT,ANE,EN,Federal Contract Tower,0,12,18,0,30,0,3,70,9,82,0,15,88,9,112,184,10,194,306
07/22/2004,HVN,CT,ANE,EN,Federal Contract Tower,0,14,20,0,34,0,2,40,0,42,0,16,60,0,76,74,0,74,150
07/23/2004,HVN,CT,ANE,EN,Federal Contract Tower,0,19,30,0,49,0,0,17,0,17,0,19,47,0,66,32,0,32,98
07/24/2004,HVN,CT,ANE,EN,Federal Contract Tower,0,7,14,0,21,0,0,30,0,30,0,7,44,0,51,86,0,86,137
07/25/2004,HVN,CT,ANE,EN,Federal Contract Tower,0,9,13,0,22,0,5,37,0,42,0,14,50,0,64,100,4,104,168
07/26/2004,HVN,CT,ANE,EN,Federal Contract Tower,0,8,11,0,19,0,5,54,2,61,0,13,65,2,80,126,4,130,210
07/27/2004,HVN,CT,ANE,EN,Federal Contract Tower,0,11,21,0,32,0,0,34,0,34,0,11,55,0,66,48,0,48,114
07/28/2004,HVN,CT,ANE,EN,Federal Contract Tower,0,11,15,0,26,0,0,0,0,0,0,11,15,0,26,0,0,0,26
07/29/2004,HVN,CT,ANE,EN,Federal Contract Tower,0,14,26,0,40,0,0,88,0,88,0,14,114,0,128,216,2,218,346
07/30/2004,HVN,CT,ANE,EN,Federal Contract Tower,0,12,23,0,35,0,0,54,0,54,0,12,77,0,89,134,2,136,225
07/31/2004,HVN,CT,ANE,EN,Federal Contract Tower,0,7,11,0,18,0,0,44,0,44,0,7,55,0,62,108,0,108,170
08/01/2004,HVN,CT,ANE,EN,Federal Contract Tower,0,10,10,0,20,0,4,17,0,21,0,14,27,0,41,56,0,56,97
08/02/2004,HVN,CT,ANE,EN,Federal Contract Tower,0,11,11,0,22,0,0,61,0,61,0,11,72,0,83,156,0,156,239
08/03/2004,HVN,CT,ANE,EN,Federal Contract Tower,0,13,15,0,28,0,0,23,0,23,0,13,38,0,51,30,0,30,81
08/04/2004,HVN,CT,ANE,EN,Federal Contract Tower,0,12,13,0,25,0,0,75,0,75,0,12,88,0,100,162,30,192,292
08/05/2004,HVN,CT,ANE,EN,Federal Contract Tower,0,11,12,1,24,0,0,42,1,43,0,11,54,2,67,94,4,98,165
08/06/2004,HVN,CT,ANE,EN,Federal Contract Tower,0,15,16,0,31,0,0,107,0,107,0,15,123,0,138,174,4,178,316
08/07/2004,HVN,CT,ANE,EN,Federal Contract Tower,0,8,11,1,20,0,0,88,3,91,0,8,99,4,111,142,5,147,258
08/08/2004,HVN,CT,ANE,EN,Federal Contract Tower,0,11,11,1,23,0,2,75,1,78,0,13,86,2,101,188,0,188,289
08/09/2004,HVN,CT,ANE,EN,Federal Contract Tower,0,11,12,1,24,0,4,102,4,110,0,15,114,5,134,184,0,184,318
08/10/2004,HVN,CT,ANE,EN,Federal Contract Tower,0,13,15,0,28,0,2,56,0,58,0,15,71,0,86,150,4,154,240
08/11/2004,HVN,CT,ANE,EN,Federal Contract Tower,0,15,16,0,31,0,1,10,0,11,0,16,26,0,42,64,0,64,106
08/12/2004,HVN,CT,ANE,EN,Federal Contract Tower,0,15,17,0,32,0,7,25,4,36,0,22,42,4,68,58,8,66,134
08/13/2004,HVN,CT,ANE,EN,Federal Contract Tower,0,19,22,0,41,0,1,8,0,9,0,20,30,0,50,54,0,54,104
08/14/2004,HVN,CT,ANE,EN,Federal Contract Tower,0,9,10,0,19,0,1,65,0,66,0,10,75,0,85,98,4,102,187
08/15/2004,HVN,CT,ANE,EN,Federal Contract Tower,0,12,15,0,27,0,3,2,0,5,0,15,17,0,32,16,2,18,50
08/16/2004,HVN,CT,ANE,EN,Federal Contract Tower,0,13,15,0,28,0,0,0,0,0,0,13,15,0,28,10,2,12,40
08/17/2004,HVN,CT,ANE,EN,Federal Contract Tower,0,18,21,0,39,0,0,98,0,98,0,18,119,0,137,268,2,270,407
08/18/2004,HVN,CT,ANE,EN,Federal Contract Tower,0,17,19,0,36,0,2,8,0,10,0,19,27,0,46,42,4,46,92
08/19/2004,HVN,CT,ANE,EN,Federal Contract Tower,0,14,17,0,31,0,1,18,0,19,0,15,35,0,50,36,0,36,86
08/20/2004,HVN,CT,ANE,EN,Federal Contract Tower,0,18,21,0,39,0,2,28,0,30,0,20,49,0,69,48,0,48,117
08/21/2004,HVN,CT,ANE,EN,Federal Contract Tower,0,10,12,0,22,0,1,3,0,4,0,11,15,0,26,4,0,4,30
08/22/2004,HVN,CT,ANE,EN,Federal Contract Tower,0,11,14,0,25,0,4,149,0,153,0,15,163,0,178,224,0,224,402
08/23/2004,HVN,CT,ANE,EN,Federal Contract Tower,0,13,17,0,30,0,0,109,0,109,0,13,126,0,139,154,4,158,297
08/24/2004,HVN,CT,ANE,EN,Federal Contract Tower,0,23,26,0,49,0,2,84,0,86,0,25,110,0,135,180,0,180,315
08/25/2004,HVN,CT,ANE,EN,Federal Contract Tower,0,17,20,0,37,0,0,107,5,112,0,17,127,5,149,216,4,220,369
08/26/2004,HVN,CT,ANE,EN,Federal Contract Tower,0,18,21,0,39,0,0,80,0,80,0,18,101,0,119,116,6,122,241
08/27/2004,HVN,CT,ANE,EN,Federal Contract Tower,0,17,20,0,37,0,4,33,0,37,0,21,53,0,74,116,0,116,190
08/28/2004,HVN,CT,ANE,EN,Federal Contract Tower,0,7,13,0,20,0,0,54,0,54,0,7,67,0,74,118,2,120,194
08/29/2004,HVN,CT,ANE,EN,Federal Contract Tower,0,15,20,0,35,0,0,73,1,74,0,15,93,1,109,184,2,186,295
08/30/2004,HVN,CT,ANE,EN,Federal Contract Tower,0,14,21,0,35,0,0,15,2,17,0,14,36,2,52,24,0,24,76
08/31/2004,HVN,CT,ANE,EN,Federal Contract Tower,0,12,15,0,27,0,5,32,0,37,0,17,47,0,64,60,0,60,124
09/01/2004,HVN,CT,ANE,EN,Federal Contract Tower,0,13,15,0,28,0,0,101,0,101,0,13,116,0,129,210,4,214,343
09/02/2004,HVN,CT,ANE,EN,Federal Contract Tower,0,14,14,0,28,0,1,83,4,88,0,15,97,4,116,126,6,132,248
09/03/2004,HVN,CT,ANE,EN,Federal Contract Tower,0,15,14,0,29,0,0,103,0,103,0,15,117,0,132,272,0,272,404
09/04/2004,HVN,CT,ANE,EN,Federal Contract Tower,0,8,8,0,16,0,3,94,2,99,0,11,102,2,115,134,3,137,252
09/05/2004,HVN,CT,ANE,EN,Federal Contract Tower,0,11,13,0,24,0,0,63,2,65,0,11,76,2,89,110,0,110,199
09/06/2004,HVN,CT,ANE,EN,Federal Contract Tower,0,15,14,0,29,0,1,99,0,100,0,16,113,0,129,158,0,158,287
09/07/2004,HVN,CT,ANE,EN,Federal Contract Tower,0,16,17,0,33,0,0,50,0,50,0,16,67,0,83,158,0,158,241
09/08/2004,HVN,CT,ANE,EN,Federal Contract Tower,0,14,10,0,24,0,5,0,0,5,0,19,10,0,29,4,0,4,33
09/09/2004,HVN,CT,ANE,EN,Federal Contract Tower,0,12,13,0,25,0,1,8,0,9,0,13,21,0,34,16,2,18,52
09/10/2004,HVN,CT,ANE,EN,Federal Contract Tower,0,13,14,0,27,0,4,53,0,57,0,17,67,0,84,86,4,90,174
09/11/2004,HVN,CT,ANE,EN,Federal Contract Tower,0,14,16,0,30,0,0,93,0,93,0,14,109,0,123,120,1,121,244
09/12/2004,HVN,CT,ANE,EN,Federal Contract Tower,0,12,17,0,29,0,0,119,0,119,0,12,136,0,148,170,1,171,319
09/13/2004,HVN,CT,ANE,EN,Federal Contract Tower,0,14,17,1,32,0,0,80,1,81,0,14,97,2,113,176,8,184,297
09/14/2004,HVN,CT,ANE,EN,Federal Contract Tower,0,12,13,0,25,0,3,56,0,59,0,15,69,0,84,184,0,184,268
09/15/2004,HVN,CT,ANE,EN,Federal Contract Tower,0,12,20,1,33,0,0,66,2,68,0,12,86,3,101,88,4,92,193
09/16/2004,HVN,CT,ANE,EN,Federal Contract Tower,0,15,16,0,31,0,2,19,0,21,0,17,35,0,52,48,0,48,100
09/17/2004,HVN,CT,ANE,EN,Federal Contract Tower,0,15,20,0,35,0,0,12,0,12,0,15,32,0,47,12,0,12,59
09/18/2004,HVN,CT,ANE,EN,Federal Contract Tower,0,2,3,0,5,0,3,0,0,3,0,5,3,0,8,10,0,10,18
09/19/2004,HVN,CT,ANE,EN,Federal Contract Tower,0,12,14,0,26,0,0,54,0,54,0,12,68,0,80,54,0,54,134
09/20/2004,HVN,CT,ANE,EN,Federal Contract Tower,0,12,16,0,28,0,0,81,4,85,0,12,97,4,113,140,4,144,257
09/21/2004,HVN,CT,ANE,EN,Federal Contract Tower,0,16,22,0,38,0,0,73,0,73,0,16,95,0,111,138,0,138,249
09/22/2004,HVN,CT,ANE,EN,Federal Contract Tower,0,17,18,0,35,0,1,83,2,86,0,18,101,2,121,162,0,162,283
09/23/2004,HVN,CT,ANE,EN,Federal Contract Tower,0,14,20,0,34,0,0,73,0,73,0,14,93,0,107,228,0,228,335
09/24/2004,HVN,CT,ANE,EN,Federal Contract Tower,0,13,15,0,28,0,2,54,0,56,0,15,69,0,84,148,0,148,232
09/25/2004,HVN,CT,ANE,EN,Federal Contract Tower,0,7,9,0,16,0,5,78,2,85,0,12,87,2,101,98,1,99,200
09/26/2004,HVN,CT,ANE,EN,Federal Contract Tower,0,12,16,0,28,0,0,91,0,91,0,12,107,0,119,136,7,143,262
09/27/2004,HVN,CT,ANE,EN,Federal Contract Tower,0,21,24,0,45,0,0,63,0,63,0,21,87,0,108,134,30,164,272
09/28/2004,HVN,CT,ANE,EN,Federal Contract Tower,0,12,7,0,19,0,7,0,0,7,0,19,7,0,26,0,0,0,26
09/29/2004,HVN,CT,ANE,EN,Federal Contract Tower,0,11,12,0,23,0,1,15,1,17,0,12,27,1,40,40,6,46,86
09/30/2004,HVN,CT,ANE,EN,Federal Contract Tower,0,16,18,0,34,0,2,58,1,61,0,18,76,1,95,144,0,144,239
10/01/2004,HVN,CT,ANE,EN,Federal Contract Tower,0,15,23,0,38,0,0,77,0,77,0,15,100,0,115,148,0,148,263
10/02/2004,HVN,CT,ANE,EN,Federal Contract Tower,0,13,23,0,36,0,0,70,0,70,0,13,93,0,106,154,0,154,260
10/03/2004,HVN,CT,ANE,EN,Federal Contract Tower,0,12,11,0,23,0,0,125,0,125,0,12,136,0,148,234,0,234,382
10/04/2004,HVN,CT,ANE,EN,Federal Contract Tower,0,17,20,0,37,0,0,63,0,63,0,17,83,0,100,98,2,100,200
10/05/2004,HVN,CT,ANE,EN,Federal Contract Tower,0,12,18,0,30,0,0,53,6,59,0,12,71,6,89,154,0,154,243
10/06/2004,HVN,CT,ANE,EN,Federal Contract Tower,0,13,23,1,37,0,0,66,0,66,0,13,89,1,103,184,26,210,313
10/07/2004,HVN,CT,ANE,EN,Federal Contract Tower,0,13,25,0,38,0,0,73,6,79,0,13,98,6,117,174,6,180,297
10/08/2004,HVN,CT,ANE,EN,Federal Contract Tower,0,23,23,0,46,0,0,45,0,45,0,23,68,0,91,58,0,58,149
10/09/2004,HVN,CT,ANE,EN,Federal Contract Tower,0,15,25,0,40,0,0,42,1,43,0,15,67,1,83,124,2,126,209
10/10/2004,HVN,CT,ANE,EN,Federal Contract Tower,0,9,14,0,23,0,1,94,0,95,0,10,108,0,118,116,0,116,234
10/11/2004,HVN,CT,ANE,EN,Federal Contract Tower,0,16,12,0,28,0,0,39,0,39,0,16,51,0,67,54,0,54,121
10/12/2004,HVN,CT,ANE,EN,Federal Contract Tower,0,27,14,0,41,0,0,36,0,36,0,27,50,0,77,78,8,86,163
10/13/2004,HVN,CT,ANE,EN,Federal Contract Tower,0,16,20,0,36,0,0,63,4,67,0,16,83,4,103,142,12,154,257
10/14/2004,HVN,CT,ANE,EN,Federal Contract Tower,0,17,20,0,37,0,0,18,1,19,0,17,38,1,56,44,2,46,102
10/15/2004,HVN,CT,ANE,EN,Federal Contract Tower,0,14,16,0,30,0,0,0,0,0,0,14,16,0,30,0,0,0,30
10/16/2004,HVN,CT,ANE,EN,Federal Contract Tower,0,13,7,0,20,0,0,26,0,26,0,13,33,0,46,30,0,30,76
10/17/2004,HVN,CT,ANE,EN,Federal Contract Tower,0,12,30,0,42,0,0,46,0,46,0,12,76,0,88,60,6,66,154
10/18/2004,HVN,CT,ANE,EN,Federal Contract Tower,0,17,22,1,40,0,0,67,0,67,0,17,89,1,107,140,0,140,247
10/19/2004,HVN,CT,ANE,EN,Federal Contract Tower,0,22,33,0,55,0,0,2,0,2,0,22,35,0,57,0,0,0,57
10/20/2004,HVN,CT,ANE,EN,Federal Contract Tower,0,21,26,0,47,0,0,33,0,33,0,21,59,0,80,78,6,84,164
10/21/2004,HVN,CT,ANE,EN,Federal Contract Tower,0,14,35,0,49,0,0,38,2,40,0,14,73,2,89,100,10,110,199
10/22/2004,HVN,CT,ANE,EN,Federal Contract Tower,0,20,22,0,42,0,0,36,0,36,0,20,58,0,78,72,2,74,152
10/23/2004,HVN,CT,ANE,EN,Federal Contract Tower,0,10,15,0,25,0,1,48,0,49,0,11,63,0,74,84,2,86,160
10/24/2004,HVN,CT,ANE,EN,Federal Contract Tower,0,12,26,0,38,0,0,32,0,32,0,12,58,0,70,112,2,114,184
10/25/2004,HVN,CT,ANE,EN,Federal Contract Tower,0,13,21,0,34,0,0,36,0,36,0,13,57,0,70,90,0,90,160
10/26/2004,HVN,CT,ANE,EN,Federal Contract Tower,0,14,16,0,30,0,0,71,0,71,0,14,87,0,101,100,0,100,201
10/27/2004,HVN,CT,ANE,EN,Federal Contract Tower,0,16,10,0,26,0,0,64,2,66,0,16,74,2,92,152,4,156,248
10/28/2004,HVN,CT,ANE,EN,Federal Contract Tower,0,15,19,0,34,0,0,46,0,46,0,15,65,0,80,122,2,124,204
10/29/2004,HVN,CT,ANE,EN,Federal Contract Tower,0,13,15,0,28,0,0,57,0,57,0,13,72,0,85,92,0,92,177
10/30/2004,HVN,CT,ANE,EN,Federal Contract Tower,0,14,5,0,19,0,0,0,0,0,0,14,5,0,19,2,0,2,21
10/31/2004,HVN,CT,ANE,EN,Federal Contract Tower,0,12,17,0,29,0,0,49,0,49,0,12,66,0,78,48,0,48,126
11/01/2004,HVN,CT,ANE,EN,Federal Contract Tower,0,18,13,0,31,0,0,45,0,45,0,18,58,0,76,94,4,98,174
11/02/2004,HVN,CT,ANE,EN,Federal Contract Tower,0,17,10,0,27,0,0,52,0,52,0,17,62,0,79,124,4,128,207
11/03/2004,HVN,CT,ANE,EN,Federal Contract Tower,0,13,11,0,24,0,2,2,0,4,0,15,13,0,28,20,6,26,54
11/04/2004,HVN,CT,ANE,EN,Federal Contract Tower,0,16,16,0,32,0,0,40,0,40,0,16,56,0,72,86,0,86,158
11/05/2004,HVN,CT,ANE,EN,Federal Contract Tower,0,17,5,0,22,0,0,4,0,4,0,17,9,0,26,12,2,14,40
11/06/2004,HVN,CT,ANE,EN,Federal Contract Tower,0,12,12,0,24,0,0,38,0,38,0,12,50,0,62,70,0,70,132
11/07/2004,HVN,CT,ANE,EN,Federal Contract Tower,0,12,26,0,38,0,0,88,0,88,0,12,114,0,126,144,2,146,272
11/08/2004,HVN,CT,ANE,EN,Federal Contract Tower,0,16,7,0,23,0,1,39,0,40,0,17,46,0,63,56,0,56,119
11/09/2004,HVN,CT,ANE,EN,Federal Contract Tower,0,16,14,0,30,0,0,59,0,59,0,16,73,0,89,114,4,118,207
11/10/2004,HVN,CT,ANE,EN,Federal Contract Tower,0,15,15,1,31,0,0,65,5,70,0,15,80,6,101,138,6,144,245
11/11/2004,HVN,CT,ANE,EN,Federal Contract Tower,0,13,14,0,27,0,1,30,0,31,0,14,44,0,58,108,2,110,168
11/12/2004,HVN,CT,ANE,EN,Federal Contract Tower,0,12,14,0,26,0,0,0,0,0,0,12,14,0,26,10,2,12,38
11/13/2004,HVN,CT,ANE,EN,Federal Contract Tower,0,17,5,0,22,0,0,16,0,16,0,17,21,0,38,36,0,36,74
11/14/2004,HVN,CT,ANE,EN,Federal Contract Tower,0,13,14,0,27,0,0,60,0,60,0,13,74,0,87,82,2,84,171
11/15/2004,HVN,CT,ANE,EN,Federal Contract Tower,0,14,12,0,26,0,0,63,0,63,0,14,75,0,89,140,6,146,235
11/16/2004,HVN,CT,ANE,EN,Federal Contract Tower,0,17,8,0,25,0,0,60,0,60,0,17,68,0,85,130,4,134,219
11/17/2004,HVN,CT,ANE,EN,Federal Contract Tower,0,17,13,0,30,0,0,71,0,71,0,17,84,0,101,176,6,182,283
11/18/2004,HVN,CT,ANE,EN,Federal Contract Tower,0,16,25,0,41,0,1,42,0,43,0,17,67,0,84,174,0,174,258
11/19/2004,HVN,CT,ANE,EN,Federal Contract Tower,0,19,23,0,42,0,1,54,0,55,0,20,77,0,97,86,2,88,185
11/20/2004,HVN,CT,ANE,EN,Federal Contract Tower,0,14,26,0,40,0,0,43,0,43,0,14,69,0,83,88,0,88,171
11/21/2004,HVN,CT,ANE,EN,Federal Contract Tower,0,15,12,0,27,0,0,0,0,0,0,15,12,0,27,4,0,4,31
11/22/2004,HVN,CT,ANE,EN,Federal Contract Tower,0,18,30,0,48,0,0,40,0,40,0,18,70,0,88,106,0,106,194
11/23/2004,HVN,CT,ANE,EN,Federal Contract Tower,0,19,26,0,45,0,0,41,0,41,0,19,67,0,86,110,10,120,206
11/24/2004,HVN,CT,ANE,EN,Federal Contract Tower,0,13,18,0,31,0,0,0,0,0,0,13,18,0,31,0,0,0,31
11/25/2004,HVN,CT,ANE,EN,Federal Contract Tower,0,9,0,0,9,0,0,0,0,0,0,9,0,0,9,4,0,4,13
11/26/2004,HVN,CT,ANE,EN,Federal Contract Tower,0,12,14,0,26,0,0,110,0,110,0,12,124,0,136,154,0,154,290
11/27/2004,HVN,CT,ANE,EN,Federal Contract Tower,0,17,19,0,36,0,0,79,0,79,0,17,98,0,115,216,4,220,335
11/28/2004,HVN,CT,ANE,EN,Federal Contract Tower,0,23,22,0,45,0,0,0,0,0,0,23,22,0,45,0,0,0,45
11/29/2004,HVN,CT,ANE,EN,Federal Contract Tower,0,12,23,0,35,0,0,38,2,40,0,12,61,2,75,72,0,72,147
11/30/2004,HVN,CT,ANE,EN,Federal Contract Tower,0,14,17,1,32,0,0,60,0,60,0,14,77,1,92,124,4,128,220
12/01/2004,HVN,CT,ANE,EN,Federal Contract Tower,0,14,3,0,17,0,0,0,0,0,0,14,3,0,17,0,0,0,17
12/02/2004,HVN,CT,ANE,EN,Federal Contract Tower,0,18,13,0,31,0,0,49,0,49,0,18,62,0,80,108,0,108,188
12/03/2004,HVN,CT,ANE,EN,Federal Contract Tower,0,16,20,0,36,0,0,65,1,66,0,16,85,1,102,66,0,66,168
12/04/2004,HVN,CT,ANE,EN,Federal Contract Tower,0,9,8,0,17,0,2,99,0,101,0,11,107,0,118,136,4,140,258
12/05/2004,HVN,CT,ANE,EN,Federal Contract Tower,0,14,26,0,40,0,2,89,0,91,0,16,115,0,131,164,2,166,297
12/06/2004,HVN,CT,ANE,EN,Federal Contract Tower,0,12,5,0,17,0,0,29,0,29,0,12,34,0,46,56,0,56,102
12/07/2004,HVN,CT,ANE,EN,Federal Contract Tower,0,13,17,0,30,0,0,0,0,0,0,13,17,0,30,0,0,0,30
12/08/2004,HVN,CT,ANE,EN,Federal Contract Tower,0,14,16,0,30,0,0,46,0,46,0,14,62,0,76,88,6,94,170
12/09/2004,HVN,CT,ANE,EN,Federal Contract Tower,0,12,9,0,21,0,0,68,0,68,0,12,77,0,89,82,2,84,173
12/10/2004,HVN,CT,ANE,EN,Federal Contract Tower,0,10,18,0,28,0,0,0,0,0,0,10,18,0,28,0,0,0,28
12/11/2004,HVN,CT,ANE,EN,Federal Contract Tower,0,17,9,0,26,0,0,4,0,4,0,17,13,0,30,14,0,14,44
12/12/2004,HVN,CT,ANE,EN,Federal Contract Tower,0,15,12,0,27,0,1,74,0,75,0,16,86,0,102,162,0,162,264
12/13/2004,HVN,CT,ANE,EN,Federal Contract Tower,0,13,8,0,21,0,3,25,0,28,0,16,33,0,49,30,0,30,79
12/14/2004,HVN,CT,ANE,EN,Federal Contract Tower,0,14,32,0,46,0,0,32,0,32,0,14,64,0,78,68,2,70,148
12/15/2004,HVN,CT,ANE,EN,Federal Contract Tower,0,15,21,0,36,0,0,44,0,44,0,15,65,0,80,78,4,82,162
12/16/2004,HVN,CT,ANE,EN,Federal Contract Tower,0,16,14,0,30,0,0,54,0,54,0,16,68,0,84,74,0,74,158
12/17/2004,HVN,CT,ANE,EN,Federal Contract Tower,0,16,15,0,31,0,0,38,0,38,0,16,53,0,69,54,2,56,125
12/18/2004,HVN,CT,ANE,EN,Federal Contract Tower,0,13,16,0,29,0,0,102,0,102,0,13,118,0,131,152,0,152,283
12/19/2004,HVN,CT,ANE,EN,Federal Contract Tower,0,9,6,0,15,0,0,60,0,60,0,9,66,0,75,96,2,98,173
12/20/2004,HVN,CT,ANE,EN,Federal Contract Tower,0,10,1,0,11,0,0,4,0,4,0,10,5,0,15,8,0,8,23
12/21/2004,HVN,CT,ANE,EN,Federal Contract Tower,0,15,3,0,18,0,0,34,0,34,0,15,37,0,52,100,0,100,152
12/22/2004,HVN,CT,ANE,EN,Federal Contract Tower,0,13,16,1,30,0,0,91,0,91,0,13,107,1,121,180,2,182,303
12/23/2004,HVN,CT,ANE,EN,Federal Contract Tower,0,6,10,0,16,0,0,0,0,0,0,6,10,0,16,2,0,2,18
12/24/2004,HVN,CT,ANE,EN,Federal Contract Tower,0,7,12,0,19,0,0,26,0,26,0,7,38,0,45,80,0,80,125
12/25/2004,HVN,CT,ANE,EN,Federal Contract Tower,0,6,2,0,8,0,0,16,0,16,0,6,18,0,24,20,0,20,44
12/26/2004,HVN,CT,ANE,EN,Federal Contract Tower,0,10,9,0,19,0,0,20,0,20,0,10,29,0,39,78,0,78,117
12/27/2004,HVN,CT,ANE,EN,Federal Contract Tower,0,11,4,0,15,0,0,4,0,4,0,11,8,0,19,8,0,8,27
12/28/2004,HVN,CT,ANE,EN,Federal Contract Tower,0,17,10,0,27,0,0,29,0,29,0,17,39,0,56,54,0,54,110
12/29/2004,HVN,CT,ANE,EN,Federal Contract Tower,0,12,15,0,27,0,0,67,0,67,0,12,82,0,94,162,4,166,260
12/30/2004,HVN,CT,ANE,EN,Federal Contract Tower,0,15,16,0,31,0,0,90,0,90,0,15,106,0,121,136,0,136,257
12/31/2004,HVN,CT,ANE,EN,Federal Contract Tower,0,11,4,0,15,0,0,35,0,35,0,11,39,0,50,158,2,160,210
01/01/2005,HVN,CT,ANE,EN,Federal Contract Tower,0,10,5,0,15,0,0,76,0,76,0,10,81,0,91,86,0,86,177
01/02/2005,HVN,CT,ANE,EN,Federal Contract Tower,0,13,8,0,21,0,0,74,0,74,0,13,82,0,95,188,0,188,283
01/03/2005,HVN,CT,ANE,EN,Federal Contract Tower,0,14,5,0,19,0,0,9,2,11,0,14,14,2,30,24,0,24,54
01/04/2005,HVN,CT,ANE,EN,Federal Contract Tower,0,11,7,0,18,0,0,31,2,33,0,11,38,2,51,54,2,56,107
01/05/2005,HVN,CT,ANE,EN,Federal Contract Tower,0,15,3,0,18,0,0,0,0,0,0,15,3,0,18,0,0,0,18
01/06/2005,HVN,CT,ANE,EN,Federal Contract Tower,0,7,9,0,16,0,0,0,0,0,0,7,9,0,16,0,0,0,16
01/07/2005,HVN,CT,ANE,EN,Federal Contract Tower,0,14,7,0,21,0,0,48,1,49,0,14,55,1,70,66,4,70,140
01/08/2005,HVN,CT,ANE,EN,Federal Contract Tower,0,9,1,0,10,0,0,0,0,0,0,9,1,0,10,0,0,0,10
01/09/2005,HVN,CT,ANE,EN,Federal Contract Tower,0,12,20,0,32,0,0,86,0,86,0,12,106,0,118,220,2,222,340
01/10/2005,HVN,CT,ANE,EN,Federal Contract Tower,0,12,7,0,19,0,0,23,0,23,0,12,30,0,42,34,2,36,78
01/11/2005,HVN,CT,ANE,EN,Federal Contract Tower,0,14,18,0,32,0,0,23,0,23,0,14,41,0,55,54,0,54,109
01/12/2005,HVN,CT,ANE,EN,Federal Contract Tower,0,11,12,0,23,0,0,2,0,2,0,11,14,0,25,0,0,0,25
01/13/2005,HVN,CT,ANE,EN,Federal Contract Tower,0,3,1,0,4,0,0,0,0,0,0,3,1,0,4,0,0,0,4
01/14/2005,HVN,CT,ANE,EN,Federal Contract Tower,0,13,6,0,19,0,0,7,0,7,0,13,13,0,26,14,0,14,40
01/15/2005,HVN,CT,ANE,EN,Federal Contract Tower,0,12,12,0,24,0,0,126,0,126,0,12,138,0,150,248,2,250,400
01/16/2005,HVN,CT,ANE,EN,Federal Contract Tower,0,13,6,0,19,0,0,33,0,33,0,13,39,0,52,78,0,78,130
01/17/2005,HVN,CT,ANE,EN,Federal Contract Tower,0,19,5,0,24,0,0,19,0,19,0,19,24,0,43,33,0,33,76
01/18/2005,HVN,CT,ANE,EN,Federal Contract Tower,0,15,11,0,26,0,0,21,0,21,0,15,32,0,47,14,2,16,63
01/19/2005,HVN,CT,ANE,EN,Federal Contract Tower,0,15,14,2,31,0,0,23,2,25,0,15,37,4,56,38,4,42,98
01/20/2005,HVN,CT,ANE,EN,Federal Contract Tower,0,14,6,0,20,0,0,43,0,43,0,14,49,0,63,52,2,54,117
01/21/2005,HVN,CT,ANE,EN,Federal Contract Tower,0,13,8,0,21,0,0,23,0,23,0,13,31,0,44,42,2,44,88
01/22/2005,HVN,CT,ANE,EN,Federal Contract Tower,0,6,5,0,11,0,0,16,0,16,0,6,21,0,27,74,0,74,101
01/23/2005,HVN,CT,ANE,EN,Federal Contract Tower,0,1,0,0,1,0,0,0,0,0,0,1,0,0,1,0,0,0,1
01/24/2005,HVN,CT,ANE,EN,Federal Contract Tower,0,13,4,0,17,0,0,8,0,8,0,13,12,0,25,16,2,18,43
01/25/2005,HVN,CT,ANE,EN,Federal Contract Tower,0,12,13,0,25,0,0,30,0,30,0,12,43,0,55,68,2,70,125
01/26/2005,HVN,CT,ANE,EN,Federal Contract Tower,0,10,6,0,16,0,0,0,0,0,0,10,6,0,16,0,0,0,16
01/27/2005,HVN,CT,ANE,EN,Federal Contract Tower,0,17,12,0,29,0,0,24,0,24,0,17,36,0,53,48,2,50,103
01/28/2005,HVN,CT,ANE,EN,Federal Contract Tower,0,13,12,0,25,0,0,44,0,44,0,13,56,0,69,54,0,54,123
01/29/2005,HVN,CT,ANE,EN,Federal Contract Tower,0,18,8,0,26,0,0,76,0,76,0,18,84,0,102,156,0,156,258
01/30/2005,HVN,CT,ANE,EN,Federal Contract Tower,0,15,6,0,21,0,0,66,0,66,0,15,72,0,87,136,0,136,223
01/31/2005,HVN,CT,ANE,EN,Federal Contract Tower,0,12,7,0,19,0,0,24,4,28,0,12,31,4,47,80,2,82,129
02/01/2005,HVN,CT,ANE,EN,Federal Contract Tower,0,17,14,0,31,0,0,79,0,79,0,17,93,0,110,104,0,104,214
02/02/2005,HVN,CT,ANE,EN,Federal Contract Tower,0,14,11,0,25,0,3,47,0,50,0,17,58,0,75,116,12,128,203
02/03/2005,HVN,CT,ANE,EN,Federal Contract Tower,0,13,16,0,29,0,0,60,0,60,0,13,76,0,89,110,4,114,203
02/04/2005,HVN,CT,ANE,EN,Federal Contract Tower,0,12,10,0,22,0,0,8,0,8,0,12,18,0,30,0,0,0,30
02/05/2005,HVN,CT,ANE,EN,Federal Contract Tower,0,14,19,0,33,0,0,116,0,116,0,14,135,0,149,240,2,242,391
02/06/2005,HVN,CT,ANE,EN,Federal Contract Tower,0,21,9,0,30,0,0,96,0,96,0,21,105,0,126,210,0,210,336
02/07/2005,HVN,CT,ANE,EN,Federal Contract Tower,0,24,28,0,52,0,0,57,0,57,0,24,85,0,109,152,0,152,261
02/08/2005,HVN,CT,ANE,EN,Federal Contract Tower,0,16,12,0,28,0,0,67,0,67,0,16,79,0,95,80,0,80,175
02/09/2005,HVN,CT,ANE,EN,Federal Contract Tower,0,17,12,0,29,0,0,47,6,53,0,17,59,6,82,112,6,118,200
02/10/2005,HVN,CT,ANE,EN,Federal Contract Tower,0,18,4,0,22,0,0,6,0,6,0,18,10,0,28,4,4,8,36
02/11/2005,HVN,CT,ANE,EN,Federal Contract Tower,0,17,5,0,22,0,0,17,0,17,0,17,22,0,39,10,2,12,51
02/12/2005,HVN,CT,ANE,EN,Federal Contract Tower,0,13,4,0,17,0,0,73,0,73,0,13,77,0,90,132,4,136,226
02/13/2005,HVN,CT,ANE,EN,Federal Contract Tower,0,17,17,0,34,0,0,87,0,87,0,17,104,0,121,152,2,154,275
02/14/2005,HVN,CT,ANE,EN,Federal Contract Tower,0,15,17,0,32,0,0,10,0,10,0,15,27,0,42,4,2,6,48
02/15/2005,HVN,CT,ANE,EN,Federal Contract Tower,0,18,12,0,30,0,0,46,0,46,0,18,58,0,76,130,0,130,206
02/16/2005,HVN,CT,ANE,EN,Federal Contract Tower,0,14,13,4,31,0,2,21,2,25,0,16,34,6,56,30,6,36,92
02/17/2005,HVN,CT,ANE,EN,Federal Contract Tower,0,16,15,0,31,0,0,50,0,50,0,16,65,0,81,96,2,98,179
02/18/2005,HVN,CT,ANE,EN,Federal Contract Tower,0,20,15,0,35,0,0,27,0,27,0,20,42,0,62,26,2,28,90
02/19/2005,HVN,CT,ANE,EN,Federal Contract Tower,0,18,13,0,31,0,0,60,0,60,0,18,73,0,91,140,0,140,231
02/20/2005,HVN,CT,ANE,EN,Federal Contract Tower,0,15,7,0,22,0,0,102,0,102,0,15,109,0,124,240,10,250,374
02/21/2005,HVN,CT,ANE,EN,Federal Contract Tower,0,12,3,0,15,0,0,0,0,0,0,12,3,0,15,0,0,0,15
02/22/2005,HVN,CT,ANE,EN,Federal Contract Tower,0,24,17,0,41,0,0,49,0,49,0,24,66,0,90,94,4,98,188
02/23/2005,HVN,CT,ANE,EN,Federal Contract Tower,0,18,13,0,31,0,0,48,5,53,0,18,61,5,84,60,2,62,146
02/24/2005,HVN,CT,ANE,EN,Federal Contract Tower,0,18,8,0,26,0,0,23,0,23,0,18,31,0,49,40,2,42,91
02/25/2005,HVN,CT,ANE,EN,Federal Contract Tower,0,21,10,0,31,0,0,25,0,25,0,21,35,0,56,118,0,118,174
02/26/2005,HVN,CT,ANE,EN,Federal Contract Tower,0,15,10,0,25,0,0,67,0,67,0,15,77,0,92,134,0,134,226
02/27/2005,HVN,CT,ANE,EN,Federal Contract Tower,0,16,20,0,36,0,0,97,0,97,0,16,117,0,133,119,0,119,252
02/28/2005,HVN,CT,ANE,EN,Federal Contract Tower,0,13,7,0,20,0,0,7,2,9,0,13,14,2,29,20,4,24,53
03/01/2005,HVN,CT,ANE,EN,Federal Contract Tower,0,12,3,0,15,0,0,4,0,4,0,12,7,0,19,12,0,12,31
03/02/2005,HVN,CT,ANE,EN,Federal Contract Tower,0,14,10,1,25,0,0,21,0,21,0,14,31,1,46,36,0,36,82
03/03/2005,HVN,CT,ANE,EN,Federal Contract Tower,0,16,10,0,26,0,0,27,0,27,0,16,37,0,53,70,2,72,125
03/04/2005,HVN,CT,ANE,EN,Federal Contract Tower,0,20,15,0,35,0,1,56,0,57,0,21,71,0,92,164,0,164,256
03/05/2005,HVN,CT,ANE,EN,Federal Contract Tower,0,11,14,0,25,0,0,75,0,75,0,11,89,0,100,298,4,302,402
03/06/2005,HVN,CT,ANE,EN,Federal Contract Tower,0,21,11,0,32,0,0,51,1,52,0,21,62,1,84,72,0,72,156
03/07/2005,HVN,CT,ANE,EN,Federal Contract Tower,0,17,6,0,23,0,0,44,0,44,0,17,50,0,67,82,0,82,149
03/08/2005,HVN,CT,ANE,EN,Federal Contract Tower,0,7,13,0,20,0,0,0,0,0,0,7,13,0,20,0,0,0,20
03/09/2005,HVN,CT,ANE,EN,Federal Contract Tower,0,14,9,0,23,0,0,6,0,6,0,14,15,0,29,4,0,4,33
03/10/2005,HVN,CT,ANE,EN,Federal Contract Tower,0,23,19,0,42,0,0,45,0,45,0,23,64,0,87,106,2,108,195
03/11/2005,HVN,CT,ANE,EN,Federal Contract Tower,0,17,13,0,30,0,0,0,0,0,0,17,13,0,30,0,0,0,30
03/12/2005,HVN,CT,ANE,EN,Federal Contract Tower,0,9,5,0,14,0,0,19,0,19,0,9,24,0,33,10,0,10,43
03/13/2005,HVN,CT,ANE,EN,Federal Contract Tower,0,18,21,0,39,0,0,80,4,84,0,18,101,4,123,250,2,252,375
03/14/2005,HVN,CT,ANE,EN,Federal Contract Tower,0,18,8,0,26,0,0,37,0,37,0,18,45,0,63,92,4,96,159
03/15/2005,HVN,CT,ANE,EN,Federal Contract Tower,0,16,13,0,29,0,0,36,0,36,0,16,49,0,65,84,0,84,149
03/16/2005,HVN,CT,ANE,EN,Federal Contract Tower,0,12,10,0,22,0,0,52,0,52,0,12,62,0,74,100,2,102,176
03/17/2005,HVN,CT,ANE,EN,Federal Contract Tower,0,16,21,0,37,0,0,78,0,78,0,16,99,0,115,200,4,204,319
03/18/2005,HVN,CT,ANE,EN,Federal Contract Tower,0,15,15,1,31,0,0,84,1,85,0,15,99,2,116,116,0,116,232
03/19/2005,HVN,CT,ANE,EN,Federal Contract Tower,0,11,9,0,20,0,0,147,0,147,0,11,156,0,167,342,0,342,509
03/20/2005,HVN,CT,ANE,EN,Federal Contract Tower,0,15,5,0,20,0,0,8,0,8,0,15,13,0,28,54,2,56,84
03/21/2005,HVN,CT,ANE,EN,Federal Contract Tower,0,17,14,0,31,0,0,8,0,8,0,17,22,0,39,30,0,30,69
03/22/2005,HVN,CT,ANE,EN,Federal Contract Tower,0,17,31,0,48,0,0,82,0,82,0,17,113,0,130,148,13,161,291
03/23/2005,HVN,CT,ANE,EN,Federal Contract Tower,0,18,11,0,29,0,0,7,0,7,0,18,18,0,36,26,0,26,62
03/24/2005,HVN,CT,ANE,EN,Federal Contract Tower,0,14,10,0,24,0,0,17,0,17,0,14,27,0,41,32,2,34,75
03/25/2005,HVN,CT,ANE,EN,Federal Contract Tower,0,15,11,0,26,0,0,87,0,87,0,15,98,0,113,112,2,114,227
03/26/2005,HVN,CT,ANE,EN,Federal Contract Tower,0,16,9,0,25,0,0,179,0,179,0,16,188,0,204,218,2,220,424
03/27/2005,HVN,CT,ANE,EN,Federal Contract Tower,0,16,8,0,24,0,0,57,0,57,0,16,65,0,81,36,0,36,117
03/28/2005,HVN,CT,ANE,EN,Federal Contract Tower,0,14,5,0,19,0,0,0,0,0,0,14,5,0,19,0,0,0,19
03/29/2005,HVN,CT,ANE,EN,Federal Contract Tower,0,19,24,0,43,0,0,12,0,12,0,19,36,0,55,22,10,32,87
03/30/2005,HVN,CT,ANE,EN,Federal Contract Tower,0,21,14,0,35,0,0,84,5,89,0,21,98,5,124,210,2,212,336
03/31/2005,HVN,CT,ANE,EN,Federal Contract Tower,0,22,18,0,40,0,0,57,0,57,0,22,75,0,97,76,2,78,175
04/01/2005,HVN,CT,ANE,EN,Federal Contract Tower,0,16,22,0,38,0,0,24,0,24,0,16,46,0,62,80,2,82,144
04/02/2005,HVN,CT,ANE,EN,Federal Contract Tower,0,10,4,0,14,0,0,0,0,0,0,10,4,0,14,0,0,0,14
04/03/2005,HVN,CT,ANE,EN,Federal Contract Tower,0,15,17,0,32,0,0,10,0,10,0,15,27,0,42,62,0,62,104
04/04/2005,HVN,CT,ANE,EN,Federal Contract Tower,0,19,25,0,44,0,0,20,0,20,0,19,45,0,64,34,2,36,100
04/05/2005,HVN,CT,ANE,EN,Federal Contract Tower,0,21,22,0,43,0,0,57,0,57,0,21,79,0,100,124,4,128,228
04/06/2005,HVN,CT,ANE,EN,Federal Contract Tower,0,18,15,0,33,0,2,63,6,71,0,20,78,6,104,178,0,178,282
04/07/2005,HVN,CT,ANE,EN,Federal Contract Tower,0,17,12,0,29,0,0,62,0,62,0,17,74,0,91,152,8,160,251
04/08/2005,HVN,CT,ANE,EN,Federal Contract Tower,0,17,17,0,34,0,0,42,0,42,0,17,59,0,76,76,4,80,156
04/09/2005,HVN,CT,ANE,EN,Federal Contract Tower,0,8,25,0,33,0,0,124,0,124,0,8,149,0,157,222,6,228,385
04/10/2005,HVN,CT,ANE,EN,Federal Contract Tower,0,18,10,0,28,0,0,147,0,147,0,18,157,0,175,210,0,210,385
04/11/2005,HVN,CT,ANE,EN,Federal Contract Tower,0,24,16,1,41,0,0,48,0,48,0,24,64,1,89,58,2,60,149
04/12/2005,HVN,CT,ANE,EN,Federal Contract Tower,0,14,8,1,23,0,0,60,0,60,0,14,68,1,83,102,2,104,187
04/13/2005,HVN,CT,ANE,EN,Federal Contract Tower,0,18,23,0,41,0,0,50,2,52,0,18,73,2,93,66,0,66,159
04/14/2005,HVN,CT,ANE,EN,Federal Contract Tower,0,22,22,0,44,0,0,52,0,52,0,22,74,0,96,145,6,151,247
04/15/2005,HVN,CT,ANE,EN,Federal Contract Tower,0,20,13,0,33,0,0,43,0,43,0,20,56,0,76,92,0,92,168
04/16/2005,HVN,CT,ANE,EN,Federal Contract Tower,0,14,13,0,27,0,0,109,0,109,0,14,122,0,136,186,2,188,324
04/17/2005,HVN,CT,ANE,EN,Federal Contract Tower,0,14,15,0,29,0,0,120,0,120,0,14,135,0,149,190,2,192,341
04/18/2005,HVN,CT,ANE,EN,Federal Contract Tower,0,19,13,0,32,0,0,56,0,56,0,19,69,0,88,90,2,92,180
04/19/2005,HVN,CT,ANE,EN,Federal Contract Tower,0,17,17,0,34,0,1,67,0,68,0,18,84,0,102,170,2,172,274
04/20/2005,HVN,CT,ANE,EN,Federal Contract Tower,0,17,29,0,46,0,0,51,3,54,0,17,80,3,100,92,0,92,192
04/21/2005,HVN,CT,ANE,EN,Federal Contract Tower,0,18,15,0,33,0,0,45,0,45,0,18,60,0,78,102,4,106,184
04/22/2005,HVN,CT,ANE,EN,Federal Contract Tower,0,24,19,0,43,0,0,43,3,46,0,24,62,3,89,82,2,84,173
04/23/2005,HVN,CT,ANE,EN,Federal Contract Tower,0,8,3,0,11,0,0,0,0,0,0,8,3,0,11,0,0,0,11
04/24/2005,HVN,CT,ANE,EN,Federal Contract Tower,0,24,8,0,32,0,0,27,0,27,0,24,35,0,59,58,0,58,117
04/25/2005,HVN,CT,ANE,EN,Federal Contract Tower,0,20,6,0,26,0,0,23,0,23,0,20,29,0,49,11,2,13,62
04/26/2005,HVN,CT,ANE,EN,Federal Contract Tower,0,21,18,0,39,0,0,75,0,75,0,21,93,0,114,134,0,134,248
04/27/2005,HVN,CT,ANE,EN,Federal Contract Tower,0,8,16,0,24,0,0,0,0,0,0,8,16,0,24,4,0,4,28
04/28/2005,HVN,CT,ANE,EN,Federal Contract Tower,0,23,11,0,34,0,0,45,0,45,0,23,56,0,79,140,2,142,221
04/29/2005,HVN,CT,ANE,EN,Federal Contract Tower,0,21,18,0,39,0,0,79,0,79,0,21,97,0,118,104,2,106,224
04/30/2005,HVN,CT,ANE,EN,Federal Contract Tower,0,8,5,0,13,0,0,0,0,0,0,8,5,0,13,0,0,0,13
05/01/2005,HVN,CT,ANE,EN,Federal Contract Tower,0,15,18,0,33,0,0,28,0,28,0,15,46,0,61,28,0,28,89
05/02/2005,HVN,CT,ANE,EN,Federal Contract Tower,0,18,15,0,33,0,0,22,6,28,0,18,37,6,61,54,2,56,117
05/03/2005,HVN,CT,ANE,EN,Federal Contract Tower,0,15,20,0,35,0,0,70,0,70,0,15,90,0,105,306,12,318,423
05/04/2005,HVN,CT,ANE,EN,Federal Contract Tower,0,18,17,4,39,0,0,61,1,62,0,18,78,5,101,90,4,94,195
05/05/2005,HVN,CT,ANE,EN,Federal Contract Tower,0,18,29,0,47,0,0,92,0,92,0,18,121,0,139,228,2,230,369
05/06/2005,HVN,CT,ANE,EN,Federal Contract Tower,0,22,13,0,35,0,0,60,0,60,0,22,73,0,95,122,4,126,221
05/07/2005,HVN,CT,ANE,EN,Federal Contract Tower,0,9,6,0,15,0,0,1,0,1,0,9,7,0,16,14,0,14,30
05/08/2005,HVN,CT,ANE,EN,Federal Contract Tower,0,16,11,0,27,0,0,13,0,13,0,16,24,0,40,20,6,26,66
05/09/2005,HVN,CT,ANE,EN,Federal Contract Tower,0,19,10,0,29,0,0,48,0,48,0,19,58,0,77,126,2,128,205
05/10/2005,HVN,CT,ANE,EN,Federal Contract Tower,0,18,6,0,24,0,1,102,0,103,0,19,108,0,127,236,2,238,365
05/11/2005,HVN,CT,ANE,EN,Federal Contract Tower,0,20,18,0,38,0,0,60,0,60,0,20,78,0,98,124,10,134,232
05/12/2005,HVN,CT,ANE,EN,Federal Contract Tower,0,23,15,0,38,0,0,51,2,53,0,23,66,2,91,66,2,68,159
05/13/2005,HVN,CT,ANE,EN,Federal Contract Tower,0,19,12,0,31,0,0,72,0,72,0,19,84,0,103,188,14,202,305
05/14/2005,HVN,CT,ANE,EN,Federal Contract Tower,0,11,6,0,17,0,0,56,0,56,0,11,62,0,73,206,4,210,283
05/15/2005,HVN,CT,ANE,EN,Federal Contract Tower,0,18,24,0,42,0,0,13,0,13,0,18,37,0,55,44,0,44,99
05/16/2005,HVN,CT,ANE,EN,Federal Contract Tower,0,20,11,0,31,0,1,24,0,25,0,21,35,0,56,92,0,92,148
05/17/2005,HVN,CT,ANE,EN,Federal Contract Tower,0,17,12,0,29,0,0,73,0,73,0,17,85,0,102,132,0,132,234
05/18/2005,HVN,CT,ANE,EN,Federal Contract Tower,0,15,12,0,27,0,1,93,0,94,0,16,105,0,121,150,2,152,273
05/19/2005,HVN,CT,ANE,EN,Federal Contract Tower,0,23,14,0,37,0,0,60,0,60,0,23,74,0,97,174,2,176,273
05/20/2005,HVN,CT,ANE,EN,Federal Contract Tower,0,20,24,0,44,0,0,43,0,43,0,20,67,0,87,122,4,126,213
05/21/2005,HVN,CT,ANE,EN,Federal Contract Tower,0,9,16,0,25,0,0,40,0,40,0,9,56,0,65,188,8,196,261
05/22/2005,HVN,CT,ANE,EN,Federal Contract Tower,0,17,24,1,42,0,0,3,0,3,0,17,27,1,45,34,0,34,79
05/23/2005,HVN,CT,ANE,EN,Federal Contract Tower,0,22,26,0,48,0,0,25,0,25,0,22,51,0,73,56,0,56,129
05/24/2005,HVN,CT,ANE,EN,Federal Contract Tower,0,25,21,0,46,0,0,11,0,11,0,25,32,0,57,18,0,18,75
05/25/2005,HVN,CT,ANE,EN,Federal Contract Tower,0,14,9,0,23,0,0,1,0,1,0,14,10,0,24,2,0,2,26
05/26/2005,HVN,CT,ANE,EN,Federal Contract Tower,0,20,24,0,44,0,0,9,0,9,0,20,33,0,53,40,8,48,101
05/27/2005,HVN,CT,ANE,EN,Federal Contract Tower,0,18,20,0,38,0,0,79,0,79,0,18,99,0,117,280,4,284,401
05/28/2005,HVN,CT,ANE,EN,Federal Contract Tower,0,9,10,0,19,0,0,108,0,108,0,9,118,0,127,260,6,266,393
05/29/2005,HVN,CT,ANE,EN,Federal Contract Tower,0,17,15,0,32,0,0,98,0,98,0,17,113,0,130,196,6,202,332
05/30/2005,HVN,CT,ANE,EN,Federal Contract Tower,0,19,10,0,29,0,1,79,0,80,0,20,89,0,109,164,8,172,281
05/31/2005,HVN,CT,ANE,EN,Federal Contract Tower,0,18,12,0,30,0,0,88,0,88,0,18,100,0,118,178,4,182,300
06/01/2005,HVN,CT,ANE,EN,Federal Contract Tower,0,17,30,0,47,0,2,71,0,73,0,19,101,0,120,98,4,102,222
06/02/2005,HVN,CT,ANE,EN,Federal Contract Tower,0,19,25,0,44,0,0,47,0,47,0,19,72,0,91,110,2,112,203
06/03/2005,HVN,CT,ANE,EN,Federal Contract Tower,0,17,12,0,29,0,0,42,0,42,0,17,54,0,71,172,12,184,255
06/04/2005,HVN,CT,ANE,EN,Federal Contract Tower,0,9,14,0,23,0,0,87,0,87,0,9,101,0,110,254,4,258,368
06/05/2005,HVN,CT,ANE,EN,Federal Contract Tower,0,21,16,0,37,0,0,138,0,138,0,21,154,0,175,314,14,328,503
06/06/2005,HVN,CT,ANE,EN,Federal Contract Tower,0,14,11,0,25,0,0,19,0,19,0,14,30,0,44,90,0,90,134
06/07/2005,HVN,CT,ANE,EN,Federal Contract Tower,0,23,16,0,39,0,2,46,0,48,0,25,62,0,87,120,8,128,215
06/08/2005,HVN,CT,ANE,EN,Federal Contract Tower,0,20,20,0,40,0,0,79,0,79,0,20,99,0,119,130,0,130,249
06/09/2005,HVN,CT,ANE,EN,Federal Contract Tower,0,21,12,0,33,0,0,53,0,53,0,21,65,0,86,122,4,126,212
06/10/2005,HVN,CT,ANE,EN,Federal Contract Tower,0,19,16,0,35,0,0,13,0,13,0,19,29,0,48,54,2,56,104
06/11/2005,HVN,CT,ANE,EN,Federal Contract Tower,0,10,3,0,13,0,0,38,0,38,0,10,41,0,51,232,0,232,283
06/12/2005,HVN,CT,ANE,EN,Federal Contract Tower,0,17,18,0,35,0,0,44,0,44,0,17,62,0,79,161,0,161,240
06/13/2005,HVN,CT,ANE,EN,Federal Contract Tower,0,20,8,1,29,0,0,45,0,45,0,20,53,1,74,118,0,118,192
06/14/2005,HVN,CT,ANE,EN,Federal Contract Tower,0,18,12,0,30,0,0,39,0,39,0,18,51,0,69,76,4,80,149
06/15/2005,HVN,CT,ANE,EN,Federal Contract Tower,0,16,24,0,40,0,0,11,0,11,0,16,35,0,51,40,2,42,93
06/16/2005,HVN,CT,ANE,EN,Federal Contract Tower,0,16,23,0,39,0,0,0,0,0,0,16,23,0,39,2,0,2,41
06/17/2005,HVN,CT,ANE,EN,Federal Contract Tower,0,16,11,0,27,0,0,77,0,77,0,16,88,0,104,112,6,118,222
06/18/2005,HVN,CT,ANE,EN,Federal Contract Tower,0,8,13,0,21,0,0,57,0,57,0,8,70,0,78,202,2,204,282
06/19/2005,HVN,CT,ANE,EN,Federal Contract Tower,0,16,16,0,32,0,0,130,0,130,0,16,146,0,162,338,2,340,502
06/20/2005,HVN,CT,ANE,EN,Federal Contract Tower,0,16,10,0,26,0,0,78,0,78,0,16,88,0,104,232,0,232,336
06/21/2005,HVN,CT,ANE,EN,Federal Contract Tower,0,16,17,0,33,0,0,48,0,48,0,16,65,0,81,112,8,120,201
06/22/2005,HVN,CT,ANE,EN,Federal Contract Tower,0,17,11,0,28,0,0,59,8,67,0,17,70,8,95,84,0,84,179
06/23/2005,HVN,CT,ANE,EN,Federal Contract Tower,0,16,14,0,30,0,0,156,0,156,0,16,170,0,186,292,4,296,482
06/24/2005,HVN,CT,ANE,EN,Federal Contract Tower,0,14,12,3,29,0,0,71,0,71,0,14,83,3,100,146,4,150,250
06/25/2005,HVN,CT,ANE,EN,Federal Contract Tower,0,8,14,0,22,0,0,91,0,91,0,8,105,0,113,170,2,172,285
06/26/2005,HVN,CT,ANE,EN,Federal Contract Tower,0,14,16,0,30,0,0,48,0,48,0,14,64,0,78,124,0,124,202
06/27/2005,HVN,CT,ANE,EN,Federal Contract Tower,0,20,12,0,32,0,0,21,0,21,0,20,33,0,53,52,0,52,105
06/28/2005,HVN,CT,ANE,EN,Federal Contract Tower,0,13,17,0,30,0,0,3,0,3,0,13,20,0,33,10,0,10,43
06/29/2005,HVN,CT,ANE,EN,Federal Contract Tower,0,15,8,0,23,0,0,9,0,9,0,15,17,0,32,26,0,26,58
06/30/2005,HVN,CT,ANE,EN,Federal Contract Tower,0,21,27,0,48,0,0,19,0,19,0,21,46,0,67,24,0,24,91
07/01/2005,HVN,CT,ANE,EN,Federal Contract Tower,0,20,10,0,30,0,0,53,0,53,0,20,63,0,83,132,0,132,215
07/02/2005,HVN,CT,ANE,EN,Federal Contract Tower,0,12,12,0,24,0,0,121,0,121,0,12,133,0,145,298,0,298,443
07/03/2005,HVN,CT,ANE,EN,Federal Contract Tower,0,12,7,0,19,0,0,104,0,104,0,12,111,0,123,228,4,232,355
07/04/2005,HVN,CT,ANE,EN,Federal Contract Tower,0,18,4,0,22,0,0,100,0,100,0,18,104,0,122,152,4,156,278
07/05/2005,HVN,CT,ANE,EN,Federal Contract Tower,0,15,13,0,28,0,0,40,0,40,0,15,53,0,68,130,4,134,202
07/06/2005,HVN,CT,ANE,EN,Federal Contract Tower,0,28,8,0,36,0,0,0,0,0,0,28,8,0,36,4,0,4,40
07/07/2005,HVN,CT,ANE,EN,Federal Contract Tower,0,20,8,1,29,0,0,41,0,41,0,20,49,1,70,174,26,200,270
07/08/2005,HVN,CT,ANE,EN,Federal Contract Tower,0,16,8,0,24,0,0,1,0,1,0,16,9,0,25,2,0,2,27
07/09/2005,HVN,CT,ANE,EN,Federal Contract Tower,0,10,12,0,22,0,0,199,0,199,0,10,211,0,221,246,0,246,467
07/10/2005,HVN,CT,ANE,EN,Federal Contract Tower,0,15,18,0,33,0,0,93,0,93,0,15,111,0,126,194,2,196,322
07/11/2005,HVN,CT,ANE,EN,Federal Contract Tower,0,18,13,0,31,0,0,60,0,60,0,18,73,0,91,134,4,138,229
07/12/2005,HVN,CT,ANE,EN,Federal Contract Tower,0,17,16,0,33,0,0,35,0,35,0,17,51,0,68,108,0,108,176
07/13/2005,HVN,CT,ANE,EN,Federal Contract Tower,0,10,26,0,36,0,0,8,0,8,0,10,34,0,44,54,4,58,102
07/14/2005,HVN,CT,ANE,EN,Federal Contract Tower,0,17,20,0,37,0,0,29,0,29,0,17,49,0,66,100,0,100,166
07/15/2005,HVN,CT,ANE,EN,Federal Contract Tower,0,18,19,0,37,0,0,52,0,52,0,18,71,0,89,144,0,144,233
07/16/2005,HVN,CT,ANE,EN,Federal Contract Tower,0,8,16,0,24,0,0,4,0,4,0,8,20,0,28,38,0,38,66
07/17/2005,HVN,CT,ANE,EN,Federal Contract Tower,0,11,15,0,26,0,0,0,0,0,0,11,15,0,26,0,0,0,26
07/18/2005,HVN,CT,ANE,EN,Federal Contract Tower,0,12,12,0,24,0,0,2,0,2,0,12,14,0,26,0,0,0,26
07/19/2005,HVN,CT,ANE,EN,Federal Contract Tower,0,17,6,0,23,0,0,7,0,7,0,17,13,0,30,20,0,20,50
07/20/2005,HVN,CT,ANE,EN,Federal Contract Tower,0,19,22,0,41,0,0,69,4,73,0,19,91,4,114,226,2,228,342
07/21/2005,HVN,CT,ANE,EN,Federal Contract Tower,0,18,15,0,33,0,0,143,0,143,0,18,158,0,176,330,4,334,510
07/22/2005,HVN,CT,ANE,EN,Federal Contract Tower,0,16,11,0,27,0,0,74,0,74,0,16,85,0,101,166,0,166,267
07/23/2005,HVN,CT,ANE,EN,Federal Contract Tower,0,16,13,0,29,0,0,96,0,96,0,16,109,0,125,274,0,274,399
07/24/2005,HVN,CT,ANE,EN,Federal Contract Tower,0,17,7,0,24,0,2,113,0,115,0,19,120,0,139,2,0,2,141
07/25/2005,HVN,CT,ANE,EN,Federal Contract Tower,0,17,14,0,31,0,0,56,0,56,0,17,70,0,87,122,0,122,209
07/26/2005,HVN,CT,ANE,EN,Federal Contract Tower,0,17,6,0,23,0,0,36,0,36,0,17,42,0,59,128,2,130,189
07/27/2005,HVN,CT,ANE,EN,Federal Contract Tower,0,16,21,0,37,0,0,19,0,19,0,16,40,0,56,36,0,36,92
07/28/2005,HVN,CT,ANE,EN,Federal Contract Tower,0,19,22,0,41,0,0,31,0,31,0,19,53,0,72,132,0,132,204
07/29/2005,HVN,CT,ANE,EN,Federal Contract Tower,0,20,9,1,30,0,0,67,0,67,0,20,76,1,97,110,2,112,209
07/30/2005,HVN,CT,ANE,EN,Federal Contract Tower,0,8,11,0,19,0,0,87,0,87,0,8,98,0,106,244,0,244,350
07/31/2005,HVN,CT,ANE,EN,Federal Contract Tower,0,18,27,0,45,0,0,32,0,32,0,18,59,0,77,78,0,78,155
08/01/2005,HVN,CT,ANE,EN,Federal Contract Tower,0,17,14,0,31,0,0,44,0,44,0,17,58,0,75,160,4,164,239
08/02/2005,HVN,CT,ANE,EN,Federal Contract Tower,0,16,16,0,32,0,0,52,0,52,0,16,68,0,84,118,2,120,204
08/03/2005,HVN,CT,ANE,EN,Federal Contract Tower,0,20,10,2,32,0,0,46,0,46,0,20,56,2,78,152,6,158,236
08/04/2005,HVN,CT,ANE,EN,Federal Contract Tower,0,20,7,0,27,0,0,89,0,89,0,20,96,0,116,142,2,144,260
08/05/2005,HVN,CT,ANE,EN,Federal Contract Tower,0,19,27,0,46,0,0,34,0,34,0,19,61,0,80,60,0,60,140
08/06/2005,HVN,CT,ANE,EN,Federal Contract Tower,0,10,14,2,26,0,0,125,0,125,0,10,139,2,151,214,6,220,371
08/07/2005,HVN,CT,ANE,EN,Federal Contract Tower,0,22,14,0,36,0,0,91,0,91,0,22,105,0,127,204,0,204,331
08/08/2005,HVN,CT,ANE,EN,Federal Contract Tower,0,14,3,0,17,0,0,24,2,26,0,14,27,2,43,118,2,120,163
08/09/2005,HVN,CT,ANE,EN,Federal Contract Tower,0,19,21,0,40,0,0,18,0,18,0,19,39,0,58,28,2,30,88
08/10/2005,HVN,CT,ANE,EN,Federal Contract Tower,0,18,15,0,33,0,0,80,2,82,0,18,95,2,115,188,0,188,303
08/11/2005,HVN,CT,ANE,EN,Federal Contract Tower,0,19,24,0,43,0,0,65,0,65,0,19,89,0,108,138,0,138,246
08/12/2005,HVN,CT,ANE,EN,Federal Contract Tower,0,25,14,0,39,0,0,66,0,66,0,25,80,0,105,118,0,118,223
08/13/2005,HVN,CT,ANE,EN,Federal Contract Tower,0,13,41,0,54,0,0,1,0,1,0,13,42,0,55,38,0,38,93
08/14/2005,HVN,CT,ANE,EN,Federal Contract Tower,0,15,19,0,34,0,0,6,0,6,0,15,25,0,40,24,2,26,66
08/15/2005,HVN,CT,ANE,EN,Federal Contract Tower,0,16,27,0,43,0,0,18,0,18,0,16,45,0,61,40,2,42,103
08/16/2005,HVN,CT,ANE,EN,Federal Contract Tower,0,16,14,0,30,0,0,45,0,45,0,16,59,0,75,166,0,166,241
08/17/2005,HVN,CT,ANE,EN,Federal Contract Tower,0,18,17,0,35,0,0,94,0,94,0,18,111,0,129,134,2,136,265
08/18/2005,HVN,CT,ANE,EN,Federal Contract Tower,0,18,22,0,40,0,0,89,2,91,0,18,111,2,131,168,6,174,305
08/19/2005,HVN,CT,ANE,EN,Federal Contract Tower,0,17,14,0,31,0,0,48,0,48,0,17,62,0,79,130,2,132,211
08/20/2005,HVN,CT,ANE,EN,Federal Contract Tower,0,8,16,1,25,0,0,29,0,29,0,8,45,1,54,80,2,82,136
08/21/2005,HVN,CT,ANE,EN,Federal Contract Tower,0,21,11,0,32,0,0,21,0,21,0,21,32,0,53,58,0,58,111
08/22/2005,HVN,CT,ANE,EN,Federal Contract Tower,0,19,12,0,31,0,0,81,0,81,0,19,93,0,112,158,0,158,270
08/23/2005,HVN,CT,ANE,EN,Federal Contract Tower,0,19,20,0,39,0,0,100,0,100,0,19,120,0,139,174,0,174,313
08/24/2005,HVN,CT,ANE,EN,Federal Contract Tower,0,21,20,0,41,0,0,88,12,100,0,21,108,12,141,144,6,150,291
08/25/2005,HVN,CT,ANE,EN,Federal Contract Tower,0,25,6,0,31,0,0,112,0,112,0,25,118,0,143,192,0,192,335
08/26/2005,HVN,CT,ANE,EN,Federal Contract Tower,0,25,15,0,40,0,0,83,0,83,0,25,98,0,123,158,2,160,283
08/27/2005,HVN,CT,ANE,EN,Federal Contract Tower,0,11,9,0,20,0,0,81,0,81,0,11,90,0,101,182,0,182,283
08/28/2005,HVN,CT,ANE,EN,Federal Contract Tower,0,16,23,0,39,0,0,24,0,24,0,16,47,0,63,20,0,20,83
08/29/2005,HVN,CT,ANE,EN,Federal Contract Tower,0,24,11,0,35,0,0,23,0,23,0,24,34,0,58,84,4,88,146
08/30/2005,HVN,CT,ANE,EN,Federal Contract Tower,0,20,13,0,33,0,0,1,0,1,0,20,14,0,34,0,0,0,34
08/31/2005,HVN,CT,ANE,EN,Federal Contract Tower,0,17,8,0,25,0,0,8,0,8,0,17,16,0,33,18,0,18,51
09/01/2005,HVN,CT,ANE,EN,Federal Contract Tower,0,23,13,0,36,0,0,64,0,64,0,23,77,0,100,208,4,212,312
09/02/2005,HVN,CT,ANE,EN,Federal Contract Tower,0,18,19,0,37,0,0,63,0,63,0,18,82,0,100,162,4,166,266
09/03/2005,HVN,CT,ANE,EN,Federal Contract Tower,0,14,10,0,24,0,0,71,0,71,0,14,81,0,95,140,0,140,235
09/04/2005,HVN,CT,ANE,EN,Federal Contract Tower,0,14,12,0,26,0,0,65,0,65,0,14,77,0,91,108,0,108,199
09/05/2005,HVN,CT,ANE,EN,Federal Contract Tower,0,18,21,0,39,0,0,109,2,111,0,18,130,2,150,182,0,182,332
09/06/2005,HVN,CT,ANE,EN,Federal Contract Tower,0,23,9,2,34,0,0,109,0,109,0,23,118,2,143,184,4,188,331
09/07/2005,HVN,CT,ANE,EN,Federal Contract Tower,0,17,9,0,26,0,0,85,2,87,0,17,94,2,113,151,0,151,264
09/08/2005,HVN,CT,ANE,EN,Federal Contract Tower,0,21,4,0,25,0,0,52,0,52,0,21,56,0,77,78,6,84,161
09/09/2005,HVN,CT,ANE,EN,Federal Contract Tower,0,22,15,0,37,0,0,65,0,65,0,22,80,0,102,136,8,144,246
09/10/2005,HVN,CT,ANE,EN,Federal Contract Tower,0,19,11,1,31,0,0,98,0,98,0,19,109,1,129,270,6,276,405
09/11/2005,HVN,CT,ANE,EN,Federal Contract Tower,0,23,16,0,39,0,0,88,0,88,0,23,104,0,127,202,0,202,329
09/12/2005,HVN,CT,ANE,EN,Federal Contract Tower,0,16,11,0,27,0,1,44,1,46,0,17,55,1,73,110,10,120,193
09/13/2005,HVN,CT,ANE,EN,Federal Contract Tower,0,18,14,0,32,0,0,45,0,45,0,18,59,0,77,128,4,132,209
09/14/2005,HVN,CT,ANE,EN,Federal Contract Tower,0,16,29,2,47,0,0,33,2,35,0,16,62,4,82,44,2,46,128
09/15/2005,HVN,CT,ANE,EN,Federal Contract Tower,0,18,12,0,30,0,0,0,0,0,0,18,12,0,30,2,0,2,32
09/16/2005,HVN,CT,ANE,EN,Federal Contract Tower,0,22,26,0,48,0,0,7,0,7,0,22,33,0,55,28,0,28,83
09/17/2005,HVN,CT,ANE,EN,Federal Contract Tower,0,12,15,0,27,0,0,30,0,30,0,12,45,0,57,130,0,130,187
09/18/2005,HVN,CT,ANE,EN,Federal Contract Tower,0,19,24,0,43,0,0,98,0,98,0,19,122,0,141,292,0,292,433
09/19/2005,HVN,CT,ANE,EN,Federal Contract Tower,0,16,9,0,25,0,2,83,2,87,0,18,92,2,112,158,6,164,276
09/20/2005,HVN,CT,ANE,EN,Federal Contract Tower,0,16,15,0,31,0,0,8,0,8,0,16,23,0,39,16,0,16,55
09/21/2005,HVN,CT,ANE,EN,Federal Contract Tower,0,18,15,2,35,0,0,77,7,84,0,18,92,9,119,150,0,150,269
09/22/2005,HVN,CT,ANE,EN,Federal Contract Tower,0,17,16,0,33,0,0,72,0,72,0,17,88,0,105,132,0,132,237
09/23/2005,HVN,CT,ANE,EN,Federal Contract Tower,0,16,10,0,26,0,0,40,0,40,0,16,50,0,66,152,0,152,218
09/24/2005,HVN,CT,ANE,EN,Federal Contract Tower,0,13,8,0,21,0,0,70,0,70,0,13,78,0,91,220,6,226,317
09/25/2005,HVN,CT,ANE,EN,Federal Contract Tower,0,17,13,0,30,0,0,76,0,76,0,17,89,0,106,198,0,198,304
09/26/2005,HVN,CT,ANE,EN,Federal Contract Tower,0,16,11,0,27,0,0,15,0,15,0,16,26,0,42,16,2,18,60
09/27/2005,HVN,CT,ANE,EN,Federal Contract Tower,0,16,6,0,22,0,0,37,0,37,0,16,43,0,59,106,2,108,167
09/28/2005,HVN,CT,ANE,EN,Federal Contract Tower,0,17,5,0,22,0,0,85,2,87,0,17,90,2,109,136,2,138,247
09/29/2005,HVN,CT,ANE,EN,Federal Contract Tower,0,17,11,0,28,0,0,20,0,20,0,17,31,0,48,86,0,86,134
09/30/2005,HVN,CT,ANE,EN,Federal Contract Tower,0,19,16,0,35,0,0,62,0,62,0,19,78,0,97,144,0,144,241
10/01/2005,HVN,CT,ANE,EN,Federal Contract Tower,0,15,7,0,22,0,0,92,0,92,0,15,99,0,114,192,0,192,306
10/02/2005,HVN,CT,ANE,EN,Federal Contract Tower,0,15,16,0,31,0,1,140,0,141,0,16,156,0,172,232,0,232,404
10/03/2005,HVN,CT,ANE,EN,Federal Contract Tower,0,16,17,0,33,0,0,46,1,47,0,16,63,1,80,92,0,92,172
10/04/2005,HVN,CT,ANE,EN,Federal Contract Tower,0,18,15,0,33,0,1,66,2,69,0,19,81,2,102,88,2,90,192
10/05/2005,HVN,CT,ANE,EN,Federal Contract Tower,0,17,14,3,34,0,0,16,11,27,0,17,30,14,61,78,12,90,151
10/06/2005,HVN,CT,ANE,EN,Federal Contract Tower,0,20,20,0,40,0,0,19,0,19,0,20,39,0,59,100,0,100,159
10/07/2005,HVN,CT,ANE,EN,Federal Contract Tower,0,20,19,0,39,0,0,10,0,10,0,20,29,0,49,30,0,30,79
10/08/2005,HVN,CT,ANE,EN,Federal Contract Tower,0,10,5,0,15,0,0,0,0,0,0,10,5,0,15,0,0,0,15
10/09/2005,HVN,CT,ANE,EN,Federal Contract Tower,0,23,15,0,38,0,0,2,0,2,0,23,17,0,40,4,0,4,44
10/10/2005,HVN,CT,ANE,EN,Federal Contract Tower,0,27,24,0,51,0,0,0,0,0,0,27,24,0,51,0,0,0,51
10/11/2005,HVN,CT,ANE,EN,Federal Contract Tower,0,21,14,3,38,0,0,5,0,5,0,21,19,3,43,4,2,6,49
10/12/2005,HVN,CT,ANE,EN,Federal Contract Tower,0,17,14,2,33,0,0,1,0,1,0,17,15,2,34,0,0,0,34
10/13/2005,HVN,CT,ANE,EN,Federal Contract Tower,0,14,20,0,34,0,0,5,0,5,0,14,25,0,39,8,0,8,47
10/14/2005,HVN,CT,ANE,EN,Federal Contract Tower,0,30,16,0,46,0,0,2,0,2,0,30,18,0,48,0,0,0,48
10/15/2005,HVN,CT,ANE,EN,Federal Contract Tower,0,13,19,0,32,0,0,7,0,7,0,13,26,0,39,48,0,48,87
10/16/2005,HVN,CT,ANE,EN,Federal Contract Tower,0,18,6,0,24,0,0,9,0,9,0,18,15,0,33,4,0,4,37
10/17/2005,HVN,CT,ANE,EN,Federal Contract Tower,0,19,10,0,29,0,0,24,0,24,0,19,34,0,53,62,10,72,125
10/18/2005,HVN,CT,ANE,EN,Federal Contract Tower,0,23,15,0,38,0,0,60,0,60,0,23,75,0,98,62,0,62,160
10/19/2005,HVN,CT,ANE,EN,Federal Contract Tower,0,17,19,0,36,0,0,52,0,52,0,17,71,0,88,162,2,164,252
10/20/2005,HVN,CT,ANE,EN,Federal Contract Tower,0,22,22,0,44,0,0,93,0,93,0,22,115,0,137,198,4,202,339
10/21/2005,HVN,CT,ANE,EN,Federal Contract Tower,0,24,32,0,56,0,3,55,0,58,0,27,87,0,114,162,2,164,278
10/22/2005,HVN,CT,ANE,EN,Federal Contract Tower,0,11,9,0,20,0,1,6,0,7,0,12,15,0,27,4,0,4,31
10/23/2005,HVN,CT,ANE,EN,Federal Contract Tower,0,22,20,0,42,0,0,28,0,28,0,22,48,0,70,84,0,84,154
10/24/2005,HVN,CT,ANE,EN,Federal Contract Tower,0,17,6,0,23,0,0,40,0,40,0,17,46,0,63,130,8,138,201
10/25/2005,HVN,CT,ANE,EN,Federal Contract Tower,0,13,1,0,14,0,0,0,0,0,0,13,1,0,14,0,0,0,14
10/26/2005,HVN,CT,ANE,EN,Federal Contract Tower,0,31,13,0,44,0,0,30,0,30,0,31,43,0,74,38,6,44,118
10/27/2005,HVN,CT,ANE,EN,Federal Contract Tower,0,17,18,1,36,0,0,82,3,85,0,17,100,4,121,108,8,116,237
10/28/2005,HVN,CT,ANE,EN,Federal Contract Tower,0,22,9,2,33,0,0,79,16,95,0,22,88,18,128,110,6,116,244
10/29/2005,HVN,CT,ANE,EN,Federal Contract Tower,0,15,14,0,29,0,0,54,0,54,0,15,68,0,83,76,4,80,163
10/30/2005,HVN,CT,ANE,EN,Federal Contract Tower,0,16,9,0,25,0,0,93,0,93,0,16,102,0,118,104,2,106,224
10/31/2005,HVN,CT,ANE,EN,Federal Contract Tower,0,18,14,0,32,0,0,85,0,85,0,18,99,0,117,190,2,192,309
11/01/2005,HVN,CT,ANE,EN,Federal Contract Tower,0,22,10,0,32,0,0,63,2,65,0,22,73,2,97,108,4,112,209
11/02/2005,HVN,CT,ANE,EN,Federal Contract Tower,0,19,9,0,28,0,0,45,4,49,0,19,54,4,77,106,0,106,183
11/03/2005,HVN,CT,ANE,EN,Federal Contract Tower,0,21,17,0,38,0,0,36,0,36,0,21,53,0,74,66,8,74,148
11/04/2005,HVN,CT,ANE,EN,Federal Contract Tower,0,28,20,0,48,0,0,88,6,94,0,28,108,6,142,160,4,164,306
11/05/2005,HVN,CT,ANE,EN,Federal Contract Tower,0,16,13,0,29,0,0,120,0,120,0,16,133,0,149,296,2,298,447
11/06/2005,HVN,CT,ANE,EN,Federal Contract Tower,0,22,23,0,45,0,0,9,0,9,0,22,32,0,54,50,0,50,104
11/07/2005,HVN,CT,ANE,EN,Federal Contract Tower,0,20,11,0,31,0,0,36,5,41,0,20,47,5,72,88,0,88,160
11/08/2005,HVN,CT,ANE,EN,Federal Contract Tower,0,18,8,0,26,0,0,68,0,68,0,18,76,0,94,190,0,190,284
11/09/2005,HVN,CT,ANE,EN,Federal Contract Tower,0,20,17,1,38,0,0,36,4,40,0,20,53,5,78,34,0,34,112
11/10/2005,HVN,CT,ANE,EN,Federal Contract Tower,0,22,20,0,42,0,0,31,1,32,0,22,51,1,74,50,2,52,126
11/11/2005,HVN,CT,ANE,EN,Federal Contract Tower,0,25,8,0,33,0,1,60,0,61,0,26,68,0,94,58,2,60,154
11/12/2005,HVN,CT,ANE,EN,Federal Contract Tower,0,17,9,0,26,0,0,116,0,116,0,17,125,0,142,304,4,308,450
11/13/2005,HVN,CT,ANE,EN,Federal Contract Tower,0,24,7,0,31,0,0,113,0,113,0,24,120,0,144,282,14,296,440
11/14/2005,HVN,CT,ANE,EN,Federal Contract Tower,0,23,6,0,29,0,0,64,0,64,0,23,70,0,93,74,4,78,171
11/15/2005,HVN,CT,ANE,EN,Federal Contract Tower,0,21,11,0,32,0,0,7,0,7,0,21,18,0,39,50,2,52,91
11/16/2005,HVN,CT,ANE,EN,Federal Contract Tower,0,24,15,0,39,0,0,17,0,17,0,24,32,0,56,12,0,12,68
11/17/2005,HVN,CT,ANE,EN,Federal Contract Tower,0,23,22,0,45,0,0,33,7,40,0,23,55,7,85,162,6,168,253
11/18/2005,HVN,CT,ANE,EN,Federal Contract Tower,0,17,15,0,32,0,2,67,0,69,0,19,82,0,101,52,2,54,155
11/19/2005,HVN,CT,ANE,EN,Federal Contract Tower,0,19,18,0,37,0,13,156,0,169,0,32,174,0,206,202,2,204,410
11/20/2005,HVN,CT,ANE,EN,Federal Contract Tower,0,22,13,0,35,0,0,101,0,101,0,22,114,0,136,228,2,230,366
11/21/2005,HVN,CT,ANE,EN,Federal Contract Tower,0,18,20,1,39,0,0,46,0,46,0,18,66,1,85,112,4,116,201
11/22/2005,HVN,CT,ANE,EN,Federal Contract Tower,0,20,16,0,36,0,0,0,0,0,0,20,16,0,36,0,0,0,36
11/23/2005,HVN,CT,ANE,EN,Federal Contract Tower,0,18,12,1,31,0,0,45,3,48,0,18,57,4,79,78,2,80,159
11/24/2005,HVN,CT,ANE,EN,Federal Contract Tower,0,13,2,0,15,0,0,0,0,0,0,13,2,0,15,0,0,0,15
11/25/2005,HVN,CT,ANE,EN,Federal Contract Tower,0,16,4,0,20,0,0,46,0,46,0,16,50,0,66,138,2,140,206
11/26/2005,HVN,CT,ANE,EN,Federal Contract Tower,0,16,17,0,33,0,0,98,0,98,0,16,115,0,131,242,4,246,377
11/27/2005,HVN,CT,ANE,EN,Federal Contract Tower,0,19,17,0,36,0,0,93,0,93,0,19,110,0,129,212,4,216,345
11/28/2005,HVN,CT,ANE,EN,Federal Contract Tower,0,16,14,2,32,0,0,4,0,4,0,16,18,2,36,12,0,12,48
11/29/2005,HVN,CT,ANE,EN,Federal Contract Tower,0,21,17,0,38,0,0,4,0,4,0,21,21,0,42,36,0,36,78
11/30/2005,HVN,CT,ANE,EN,Federal Contract Tower,0,19,12,0,31,0,0,17,0,17,0,19,29,0,48,44,0,44,92
12/01/2005,HVN,CT,ANE,EN,Federal Contract Tower,0,21,5,1,27,0,0,63,2,65,0,21,68,3,92,64,8,72,164
12/02/2005,HVN,CT,ANE,EN,Federal Contract Tower,0,15,12,0,27,0,0,26,4,30,0,15,38,4,57,22,4,26,83
12/03/2005,HVN,CT,ANE,EN,Federal Contract Tower,0,14,9,1,24,0,0,30,0,30,0,14,39,1,54,40,6,46,100
12/04/2005,HVN,CT,ANE,EN,Federal Contract Tower,0,11,4,0,15,0,0,0,0,0,0,11,4,0,15,0,0,0,15
12/05/2005,HVN,CT,ANE,EN,Federal Contract Tower,0,19,9,0,28,0,0,47,3,50,0,19,56,3,78,78,0,78,156
12/06/2005,HVN,CT,ANE,EN,Federal Contract Tower,0,16,4,0,20,0,0,31,0,31,0,16,35,0,51,58,2,60,111
12/07/2005,HVN,CT,ANE,EN,Federal Contract Tower,0,21,7,0,28,0,2,33,0,35,0,23,40,0,63,46,12,58,121
12/08/2005,HVN,CT,ANE,EN,Federal Contract Tower,0,17,12,0,29,0,0,99,2,101,0,17,111,2,130,184,6,190,320
12/09/2005,HVN,CT,ANE,EN,Federal Contract Tower,0,12,10,0,22,0,0,2,0,2,0,12,12,0,24,8,0,8,32
12/10/2005,HVN,CT,ANE,EN,Federal Contract Tower,0,12,10,0,22,0,0,55,0,55,0,12,65,0,77,232,4,236,313
12/11/2005,HVN,CT,ANE,EN,Federal Contract Tower,0,13,13,1,27,0,0,52,1,53,0,13,65,2,80,166,6,172,252
12/12/2005,HVN,CT,ANE,EN,Federal Contract Tower,0,14,13,0,27,0,0,49,0,49,0,14,62,0,76,92,0,92,168
12/13/2005,HVN,CT,ANE,EN,Federal Contract Tower,0,13,22,0,35,0,0,27,0,27,0,13,49,0,62,46,2,48,110
12/14/2005,HVN,CT,ANE,EN,Federal Contract Tower,0,14,14,0,28,0,0,40,0,40,0,14,54,0,68,72,0,72,140
12/15/2005,HVN,CT,ANE,EN,Federal Contract Tower,0,18,16,0,34,0,0,38,0,38,0,18,54,0,72,70,2,72,144
12/16/2005,HVN,CT,ANE,EN,Federal Contract Tower,0,14,6,0,20,0,0,1,0,1,0,14,7,0,21,6,0,6,27
12/17/2005,HVN,CT,ANE,EN,Federal Contract Tower,0,11,20,0,31,0,0,71,0,71,0,11,91,0,102,226,0,226,328
12/18/2005,HVN,CT,ANE,EN,Federal Contract Tower,0,14,18,0,32,0,0,65,0,65,0,14,83,0,97,160,2,162,259
12/19/2005,HVN,CT,ANE,EN,Federal Contract Tower,0,19,19,0,38,0,0,41,0,41,0,19,60,0,79,56,0,56,135
12/20/2005,HVN,CT,ANE,EN,Federal Contract Tower,0,13,25,0,38,0,0,48,0,48,0,13,73,0,86,116,4,120,206
12/21/2005,HVN,CT,ANE,EN,Federal Contract Tower,0,16,18,0,34,0,0,56,2,58,0,16,74,2,92,58,8,66,158
12/22/2005,HVN,CT,ANE,EN,Federal Contract Tower,0,22,10,0,32,0,0,56,0,56,0,22,66,0,88,64,2,66,154
12/23/2005,HVN,CT,ANE,EN,Federal Contract Tower,0,13,11,0,24,0,0,30,0,30,0,13,41,0,54,46,4,50,104
12/24/2005,HVN,CT,ANE,EN,Federal Contract Tower,0,10,7,0,17,0,0,40,0,40,0,10,47,0,57,98,0,98,155
12/25/2005,HVN,CT,ANE,EN,Federal Contract Tower,0,12,1,0,13,0,0,0,0,0,0,12,1,0,13,0,0,0,13
12/26/2005,HVN,CT,ANE,EN,Federal Contract Tower,0,16,11,0,27,0,0,0,0,0,0,16,11,0,27,0,0,0,27
12/27/2005,HVN,CT,ANE,EN,Federal Contract Tower,0,13,9,0,22,0,0,34,0,34,0,13,43,0,56,60,0,60,116
12/28/2005,HVN,CT,ANE,EN,Federal Contract Tower,0,17,8,0,25,0,1,70,5,76,0,18,78,5,101,142,2,144,245
12/29/2005,HVN,CT,ANE,EN,Federal Contract Tower,0,11,8,0,19,0,0,0,0,0,0,11,8,0,19,0,0,0,19
12/30/2005,HVN,CT,ANE,EN,Federal Contract Tower,0,10,10,0,20,0,0,16,0,16,0,10,26,0,36,18,12,30,66
12/31/2005,HVN,CT,ANE,EN,Federal Contract Tower,0,10,1,0,11,0,0,28,0,28,0,10,29,0,39,42,2,44,83
01/01/2006,HVN,CT,ANE,EN,Federal Contract Tower,0,16,7,0,23,0,0,25,0,25,0,16,32,0,48,58,4,62,110
01/02/2006,HVN,CT,ANE,EN,Federal Contract Tower,0,14,4,0,18,0,0,30,4,34,0,14,34,4,52,51,0,51,103
01/03/2006,HVN,CT,ANE,EN,Federal Contract Tower,0,11,9,2,22,0,0,0,0,0,0,11,9,2,22,0,0,0,22
01/04/2006,HVN,CT,ANE,EN,Federal Contract Tower,0,13,15,0,28,0,0,32,8,40,0,13,47,8,68,54,6,60,128
01/05/2006,HVN,CT,ANE,EN,Federal Contract Tower,0,9,8,0,17,0,0,13,0,13,0,9,21,0,30,56,0,56,86
01/06/2006,HVN,CT,ANE,EN,Federal Contract Tower,0,11,16,0,27,0,0,35,0,35,0,11,51,0,62,70,8,78,140
01/07/2006,HVN,CT,ANE,EN,Federal Contract Tower,0,11,3,0,14,0,0,96,3,99,0,11,99,3,113,220,4,224,337
01/08/2006,HVN,CT,ANE,EN,Federal Contract Tower,0,11,27,0,38,0,0,16,0,16,0,11,43,0,54,150,6,156,210
01/09/2006,HVN,CT,ANE,EN,Federal Contract Tower,0,12,11,0,23,0,0,31,2,33,0,12,42,2,56,66,0,66,122
01/10/2006,HVN,CT,ANE,EN,Federal Contract Tower,0,12,6,1,19,0,0,84,1,85,0,12,90,2,104,70,2,72,176
01/11/2006,HVN,CT,ANE,EN,Federal Contract Tower,0,4,5,0,9,0,1,3,0,4,0,5,8,0,13,8,0,8,21
01/12/2006,HVN,CT,ANE,EN,Federal Contract Tower,0,13,11,0,24,0,0,43,2,45,0,13,54,2,69,136,0,136,205
01/13/2006,HVN,CT,ANE,EN,Federal Contract Tower,0,2,3,0,5,0,0,0,0,0,0,2,3,0,5,0,0,0,5
01/14/2006,HVN,CT,ANE,EN,Federal Contract Tower,0,9,9,0,18,0,0,0,0,0,0,9,9,0,18,4,0,4,22
01/15/2006,HVN,CT,ANE,EN,Federal Contract Tower,0,9,0,0,9,0,0,2,0,2,0,9,2,0,11,0,0,0,11
01/16/2006,HVN,CT,ANE,EN,Federal Contract Tower,0,13,9,0,22,0,0,26,0,26,0,13,35,0,48,30,2,32,80
01/17/2006,HVN,CT,ANE,EN,Federal Contract Tower,0,11,7,0,18,0,0,17,2,19,0,11,24,2,37,42,2,44,81
01/18/2006,HVN,CT,ANE,EN,Federal Contract Tower,0,7,1,0,8,0,0,0,0,0,0,7,1,0,8,0,0,0,8
01/19/2006,HVN,CT,ANE,EN,Federal Contract Tower,0,14,7,0,21,0,0,51,0,51,0,14,58,0,72,84,2,86,158
01/20/2006,HVN,CT,ANE,EN,Federal Contract Tower,0,13,8,0,21,0,0,53,0,53,0,13,61,0,74,128,4,132,206
01/21/2006,HVN,CT,ANE,EN,Federal Contract Tower,0,10,4,0,14,0,0,33,3,36,0,10,37,3,50,118,10,128,178
01/22/2006,HVN,CT,ANE,EN,Federal Contract Tower,0,16,9,0,25,0,0,138,0,138,0,16,147,0,163,238,2,240,403
01/23/2006,HVN,CT,ANE,EN,Federal Contract Tower,0,16,6,0,22,0,0,0,0,0,0,16,6,0,22,0,0,0,22
01/24/2006,HVN,CT,ANE,EN,Federal Contract Tower,0,15,8,0,23,0,0,66,4,70,0,15,74,4,93,84,6,90,183
01/25/2006,HVN,CT,ANE,EN,Federal Contract Tower,0,12,5,0,17,0,0,10,4,14,0,12,15,4,31,10,2,12,43
01/26/2006,HVN,CT,ANE,EN,Federal Contract Tower,0,7,12,0,19,0,0,23,0,23,0,7,35,0,42,18,0,18,60
01/27/2006,HVN,CT,ANE,EN,Federal Contract Tower,0,11,11,0,22,0,0,68,0,68,0,11,79,0,90,162,2,164,254
01/28/2006,HVN,CT,ANE,EN,Federal Contract Tower,0,10,12,1,23,0,0,89,0,89,0,10,101,1,112,152,2,154,266
01/29/2006,HVN,CT,ANE,EN,Federal Contract Tower,0,12,9,0,21,0,0,50,0,50,0,12,59,0,71,130,0,130,201
01/30/2006,HVN,CT,ANE,EN,Federal Contract Tower,0,10,11,0,21,0,0,5,0,5,0,10,16,0,26,0,0,0,26
01/31/2006,HVN,CT,ANE,EN,Federal Contract Tower,0,9,3,1,13,0,0,0,0,0,0,9,3,1,13,0,0,0,13
02/01/2006,HVN,CT,ANE,EN,Federal Contract Tower,0,11,13,0,24,0,0,43,4,47,0,11,56,4,71,62,4,66,137
02/02/2006,HVN,CT,ANE,EN,Federal Contract Tower,0,13,15,0,28,0,0,80,11,91,0,13,95,11,119,68,2,70,189
02/03/2006,HVN,CT,ANE,EN,Federal Contract Tower,0,17,6,0,23,0,0,5,0,5,0,17,11,0,28,0,0,0,28
02/04/2006,HVN,CT,ANE,EN,Federal Contract Tower,0,9,10,0,19,0,0,39,2,41,0,9,49,2,60,90,0,90,150
02/05/2006,HVN,CT,ANE,EN,Federal Contract Tower,0,15,3,0,18,0,0,19,0,19,0,15,22,0,37,20,0,20,57
02/06/2006,HVN,CT,ANE,EN,Federal Contract Tower,0,16,10,0,26,0,0,9,0,9,0,16,19,0,35,8,0,8,43
02/07/2006,HVN,CT,ANE,EN,Federal Contract Tower,0,19,7,0,26,0,0,35,0,35,0,19,42,0,61,54,2,56,117
02/08/2006,HVN,CT,ANE,EN,Federal Contract Tower,0,10,14,0,24,0,0,47,4,51,0,10,61,4,75,46,0,46,121
02/09/2006,HVN,CT,ANE,EN,Federal Contract Tower,0,7,25,0,32,0,1,86,0,87,0,8,111,0,119,216,4,220,339
02/10/2006,HVN,CT,ANE,EN,Federal Contract Tower,0,11,7,0,18,0,0,35,0,35,0,11,42,0,53,34,2,36,89
02/11/2006,HVN,CT,ANE,EN,Federal Contract Tower,0,8,8,0,16,0,0,67,0,67,0,8,75,0,83,96,2,98,181
02/12/2006,HVN,CT,ANE,EN,Federal Contract Tower,0,0,0,0,0,0,0,0,0,0,0,0,0,0,0,0,0,0,0
02/13/2006,HVN,CT,ANE,EN,Federal Contract Tower,0,16,14,0,30,0,0,8,0,8,0,16,22,0,38,28,2,30,68
02/14/2006,HVN,CT,ANE,EN,Federal Contract Tower,0,15,11,0,26,0,0,33,1,34,0,15,44,1,60,20,2,22,82
02/15/2006,HVN,CT,ANE,EN,Federal Contract Tower,0,11,13,0,24,0,0,73,2,75,0,11,86,2,99,150,4,154,253
02/16/2006,HVN,CT,ANE,EN,Federal Contract Tower,0,16,18,0,34,0,0,125,0,125,0,16,143,0,159,178,0,178,337
02/17/2006,HVN,CT,ANE,EN,Federal Contract Tower,0,12,3,0,15,0,0,1,0,1,0,12,4,0,16,2,0,2,18
02/18/2006,HVN,CT,ANE,EN,Federal Contract Tower,0,11,5,0,16,0,0,27,0,27,0,11,32,0,43,20,0,20,63
02/19/2006,HVN,CT,ANE,EN,Federal Contract Tower,0,15,7,0,22,0,0,67,0,67,0,15,74,0,89,78,2,80,169
02/20/2006,HVN,CT,ANE,EN,Federal Contract Tower,0,14,9,0,23,0,0,48,0,48,0,14,57,0,71,90,2,92,163
02/21/2006,HVN,CT,ANE,EN,Federal Contract Tower,0,13,13,0,26,0,0,37,4,41,0,13,50,4,67,30,4,34,101
02/22/2006,HVN,CT,ANE,EN,Federal Contract Tower,0,17,12,0,29,0,0,72,6,78,0,17,84,6,107,106,0,106,213
02/23/2006,HVN,CT,ANE,EN,Federal Contract Tower,0,17,10,0,27,0,0,2,0,2,0,17,12,0,29,0,0,0,29
02/24/2006,HVN,CT,ANE,EN,Federal Contract Tower,0,11,6,0,17,0,0,13,4,17,0,11,19,4,34,8,0,8,42
02/25/2006,HVN,CT,ANE,EN,Federal Contract Tower,0,9,9,0,18,0,0,30,3,33,0,9,39,3,51,102,2,104,155
02/26/2006,HVN,CT,ANE,EN,Federal Contract Tower,0,15,4,0,19,0,0,22,0,22,0,15,26,0,41,28,8,36,77
02/27/2006,HVN,CT,ANE,EN,Federal Contract Tower,0,12,2,0,14,0,0,38,3,41,0,12,40,3,55,24,2,26,81
02/28/2006,HVN,CT,ANE,EN,Federal Contract Tower,0,14,9,0,23,0,0,24,1,25,0,14,33,1,48,0,0,0,48
03/01/2006,HVN,CT,ANE,EN,Federal Contract Tower,0,19,5,0,24,0,0,70,0,70,0,19,75,0,94,78,4,82,176
03/02/2006,HVN,CT,ANE,EN,Federal Contract Tower,0,11,2,0,13,0,0,2,0,2,0,11,4,0,15,0,0,0,15
03/03/2006,HVN,CT,ANE,EN,Federal Contract Tower,0,18,6,1,25,0,0,20,5,25,0,18,26,6,50,62,2,64,114
03/04/2006,HVN,CT,ANE,EN,Federal Contract Tower,0,10,5,0,15,0,0,13,0,13,0,10,18,0,28,14,0,14,42
03/05/2006,HVN,CT,ANE,EN,Federal Contract Tower,0,11,11,0,22,0,0,61,0,61,0,11,72,0,83,88,4,92,175
03/06/2006,HVN,CT,ANE,EN,Federal Contract Tower,0,15,10,0,25,0,0,61,0,61,0,15,71,0,86,56,0,56,142
03/07/2006,HVN,CT,ANE,EN,Federal Contract Tower,0,11,9,0,20,0,0,58,4,62,0,11,67,4,82,92,4,96,178
03/08/2006,HVN,CT,ANE,EN,Federal Contract Tower,0,12,16,0,28,0,1,57,4,62,0,13,73,4,90,152,0,152,242
03/09/2006,HVN,CT,ANE,EN,Federal Contract Tower,0,16,23,0,39,0,0,36,0,36,0,16,59,0,75,44,0,44,119
03/10/2006,HVN,CT,ANE,EN,Federal Contract Tower,0,18,16,0,34,0,0,4,2,6,0,18,20,2,40,10,0,10,50
03/11/2006,HVN,CT,ANE,EN,Federal Contract Tower,0,13,12,0,25,0,0,124,4,128,0,13,136,4,153,140,0,140,293
03/12/2006,HVN,CT,ANE,EN,Federal Contract Tower,0,12,17,0,29,0,0,27,0,27,0,12,44,0,56,98,2,100,156
03/13/2006,HVN,CT,ANE,EN,Federal Contract Tower,0,11,6,0,17,0,0,4,0,4,0,11,10,0,21,10,0,10,31
03/14/2006,HVN,CT,ANE,EN,Federal Contract Tower,0,12,24,0,36,0,0,19,2,21,0,12,43,2,57,0,0,0,57
03/15/2006,HVN,CT,ANE,EN,Federal Contract Tower,0,11,17,0,28,0,0,21,2,23,0,11,38,2,51,36,0,36,87
03/16/2006,HVN,CT,ANE,EN,Federal Contract Tower,0,12,18,0,30,0,0,33,0,33,0,12,51,0,63,106,0,106,169
03/17/2006,HVN,CT,ANE,EN,Federal Contract Tower,0,14,12,0,26,0,0,57,2,59,0,14,69,2,85,36,2,38,123
03/18/2006,HVN,CT,ANE,EN,Federal Contract Tower,0,17,19,0,36,0,0,72,0,72,0,17,91,0,108,114,0,114,222
03/19/2006,HVN,CT,ANE,EN,Federal Contract Tower,0,12,14,0,26,0,0,49,0,49,0,12,63,0,75,118,2,120,195
03/20/2006,HVN,CT,ANE,EN,Federal Contract Tower,0,13,13,0,26,0,0,24,2,26,0,13,37,2,52,46,2,48,100
03/21/2006,HVN,CT,ANE,EN,Federal Contract Tower,0,22,4,0,26,0,0,57,0,57,0,22,61,0,83,42,0,42,125
03/22/2006,HVN,CT,ANE,EN,Federal Contract Tower,0,13,12,0,25,0,2,43,1,46,0,15,55,1,71,56,7,63,134
03/23/2006,HVN,CT,ANE,EN,Federal Contract Tower,0,12,16,1,29,0,0,50,1,51,0,12,66,2,80,88,4,92,172
03/24/2006,HVN,CT,ANE,EN,Federal Contract Tower,0,17,12,0,29,0,0,61,2,63,0,17,73,2,92,120,4,124,216
03/25/2006,HVN,CT,ANE,EN,Federal Contract Tower,0,8,17,0,25,0,0,48,0,48,0,8,65,0,73,208,0,208,281
03/26/2006,HVN,CT,ANE,EN,Federal Contract Tower,0,12,7,0,19,0,1,37,0,38,0,13,44,0,57,104,0,104,161
03/27/2006,HVN,CT,ANE,EN,Federal Contract Tower,0,10,10,0,20,0,0,67,3,70,0,10,77,3,90,102,0,102,192
03/28/2006,HVN,CT,ANE,EN,Federal Contract Tower,0,14,13,0,27,0,0,40,0,40,0,14,53,0,67,24,0,24,91
03/29/2006,HVN,CT,ANE,EN,Federal Contract Tower,0,11,18,0,29,0,0,127,3,130,0,11,145,3,159,170,0,170,329
03/30/2006,HVN,CT,ANE,EN,Federal Contract Tower,0,11,11,0,22,0,0,104,5,109,0,11,115,5,131,168,0,168,299
03/31/2006,HVN,CT,ANE,EN,Federal Contract Tower,0,18,11,0,29,0,0,49,1,50,0,18,60,1,79,62,4,66,145
04/01/2006,HVN,CT,ANE,EN,Federal Contract Tower,0,11,14,0,25,0,0,20,6,26,0,11,34,6,51,36,0,36,87
04/02/2006,HVN,CT,ANE,EN,Federal Contract Tower,0,13,13,0,26,0,0,93,1,94,0,13,106,1,120,134,0,134,254
04/03/2006,HVN,CT,ANE,EN,Federal Contract Tower,0,13,11,0,24,0,0,26,5,31,0,13,37,5,55,0,0,0,55
04/04/2006,HVN,CT,ANE,EN,Federal Contract Tower,0,13,21,1,35,0,0,12,0,12,0,13,33,1,47,6,0,6,53
04/05/2006,HVN,CT,ANE,EN,Federal Contract Tower,0,13,15,3,31,0,1,12,8,21,0,14,27,11,52,0,0,0,52
04/06/2006,HVN,CT,ANE,EN,Federal Contract Tower,0,12,12,0,24,0,2,76,4,82,0,14,88,4,106,114,0,114,220
04/07/2006,HVN,CT,ANE,EN,Federal Contract Tower,0,15,16,0,31,0,0,20,4,24,0,15,36,4,55,54,0,54,109
04/08/2006,HVN,CT,ANE,EN,Federal Contract Tower,0,9,9,0,18,0,0,2,0,2,0,9,11,0,20,2,0,2,22
04/09/2006,HVN,CT,ANE,EN,Federal Contract Tower,0,12,16,0,28,0,0,95,0,95,0,12,111,0,123,282,2,284,407
04/10/2006,HVN,CT,ANE,EN,Federal Contract Tower,0,13,17,0,30,0,0,72,0,72,0,13,89,0,102,66,0,66,168
04/11/2006,HVN,CT,ANE,EN,Federal Contract Tower,0,12,14,0,26,0,0,98,0,98,0,12,112,0,124,70,0,70,194
04/12/2006,HVN,CT,ANE,EN,Federal Contract Tower,0,26,14,1,41,0,0,63,0,63,0,26,77,1,104,130,0,130,234
04/13/2006,HVN,CT,ANE,EN,Federal Contract Tower,0,21,16,0,37,0,0,37,2,39,0,21,53,2,76,106,0,106,182
04/14/2006,HVN,CT,ANE,EN,Federal Contract Tower,0,11,12,0,23,0,0,32,1,33,0,11,44,1,56,94,0,94,150
04/15/2006,HVN,CT,ANE,EN,Federal Contract Tower,0,8,22,0,30,0,0,16,0,16,0,8,38,0,46,6,0,6,52
04/16/2006,HVN,CT,ANE,EN,Federal Contract Tower,0,15,8,0,23,0,0,29,0,29,0,15,37,0,52,12,0,12,64
04/17/2006,HVN,CT,ANE,EN,Federal Contract Tower,0,14,12,0,26,0,0,35,0,35,0,14,47,0,61,86,0,86,147
04/18/2006,HVN,CT,ANE,EN,Federal Contract Tower,0,16,18,0,34,0,0,17,0,17,0,16,35,0,51,82,0,82,133
04/19/2006,HVN,CT,ANE,EN,Federal Contract Tower,0,25,16,1,42,0,0,47,6,53,0,25,63,7,95,62,4,66,161
04/20/2006,HVN,CT,ANE,EN,Federal Contract Tower,0,13,22,0,35,0,0,69,0,69,0,13,91,0,104,106,0,106,210
04/21/2006,HVN,CT,ANE,EN,Federal Contract Tower,0,15,20,0,35,0,0,88,0,88,0,15,108,0,123,120,0,120,243
04/22/2006,HVN,CT,ANE,EN,Federal Contract Tower,0,11,13,0,24,0,0,6,0,6,0,11,19,0,30,24,0,24,54
04/23/2006,HVN,CT,ANE,EN,Federal Contract Tower,0,22,17,0,39,0,0,0,0,0,0,22,17,0,39,0,0,0,39
04/24/2006,HVN,CT,ANE,EN,Federal Contract Tower,0,13,7,0,20,0,0,25,8,33,0,13,32,8,53,32,0,32,85
04/25/2006,HVN,CT,ANE,EN,Federal Contract Tower,0,12,10,0,22,0,0,30,2,32,0,12,40,2,54,60,0,60,114
04/26/2006,HVN,CT,ANE,EN,Federal Contract Tower,0,12,12,0,24,0,0,54,2,56,0,12,66,2,80,150,0,150,230
04/27/2006,HVN,CT,ANE,EN,Federal Contract Tower,0,19,18,0,37,0,0,79,1,80,0,19,97,1,117,132,0,132,249
04/28/2006,HVN,CT,ANE,EN,Federal Contract Tower,0,18,26,0,44,0,0,46,1,47,0,18,72,1,91,58,2,60,151
04/29/2006,HVN,CT,ANE,EN,Federal Contract Tower,0,9,14,0,23,0,0,89,0,89,0,9,103,0,112,142,2,144,256
04/30/2006,HVN,CT,ANE,EN,Federal Contract Tower,0,17,12,0,29,0,0,75,3,78,0,17,87,3,107,178,0,178,285
05/01/2006,HVN,CT,ANE,EN,Federal Contract Tower,0,9,13,0,22,0,0,16,9,25,0,9,29,9,47,8,0,8,55
05/02/2006,HVN,CT,ANE,EN,Federal Contract Tower,0,10,9,1,20,0,0,19,10,29,0,10,28,11,49,56,0,56,105
05/03/2006,HVN,CT,ANE,EN,Federal Contract Tower,0,12,14,0,26,0,0,5,1,6,0,12,19,1,32,44,0,44,76
05/04/2006,HVN,CT,ANE,EN,Federal Contract Tower,0,13,16,0,29,0,0,84,2,86,0,13,100,2,115,122,0,122,237
05/05/2006,HVN,CT,ANE,EN,Federal Contract Tower,0,15,9,0,24,0,0,71,0,71,0,15,80,0,95,138,0,138,233
05/06/2006,HVN,CT,ANE,EN,Federal Contract Tower,0,8,12,0,20,0,0,80,0,80,0,8,92,0,100,158,0,158,258
05/07/2006,HVN,CT,ANE,EN,Federal Contract Tower,0,9,20,0,29,0,0,59,1,60,0,9,79,1,89,82,0,82,171
05/08/2006,HVN,CT,ANE,EN,Federal Contract Tower,0,13,11,0,24,0,0,30,0,30,0,13,41,0,54,70,0,70,124
05/09/2006,HVN,CT,ANE,EN,Federal Contract Tower,0,11,21,0,32,0,0,21,0,21,0,11,42,0,53,14,0,14,67
05/10/2006,HVN,CT,ANE,EN,Federal Contract Tower,0,12,12,2,26,0,0,8,8,16,0,12,20,10,42,30,0,30,72
05/11/2006,HVN,CT,ANE,EN,Federal Contract Tower,0,13,26,0,39,0,0,0,0,0,0,13,26,0,39,0,0,0,39
05/12/2006,HVN,CT,ANE,EN,Federal Contract Tower,0,15,13,0,28,0,0,0,0,0,0,15,13,0,28,0,0,0,28
05/13/2006,HVN,CT,ANE,EN,Federal Contract Tower,0,13,13,0,26,0,0,9,0,9,0,13,22,0,35,24,0,24,59
05/14/2006,HVN,CT,ANE,EN,Federal Contract Tower,0,14,12,0,26,0,0,3,0,3,0,14,15,0,29,4,0,4,33
05/15/2006,HVN,CT,ANE,EN,Federal Contract Tower,0,14,17,0,31,0,0,0,0,0,0,14,17,0,31,14,0,14,45
05/16/2006,HVN,CT,ANE,EN,Federal Contract Tower,0,2,1,0,3,0,8,21,4,33,0,10,22,4,36,24,0,24,60
05/17/2006,HVN,CT,ANE,EN,Federal Contract Tower,0,13,13,0,26,0,0,49,5,54,0,13,62,5,80,96,2,98,178
05/18/2006,HVN,CT,ANE,EN,Federal Contract Tower,0,12,19,0,31,0,0,55,0,55,0,12,74,0,86,136,10,146,232
05/19/2006,HVN,CT,ANE,EN,Federal Contract Tower,0,13,15,0,28,0,0,8,0,8,0,13,23,0,36,24,0,24,60
05/20/2006,HVN,CT,ANE,EN,Federal Contract Tower,0,11,8,0,19,0,0,41,2,43,0,11,49,2,62,76,0,76,138
05/21/2006,HVN,CT,ANE,EN,Federal Contract Tower,0,15,4,0,19,0,0,54,2,56,0,15,58,2,75,70,2,72,147
05/22/2006,HVN,CT,ANE,EN,Federal Contract Tower,0,19,23,0,42,0,0,34,0,34,0,19,57,0,76,84,0,84,160
05/23/2006,HVN,CT,ANE,EN,Federal Contract Tower,0,14,14,0,28,0,1,49,2,52,0,15,63,2,80,70,6,76,156
05/24/2006,HVN,CT,ANE,EN,Federal Contract Tower,0,16,14,0,30,0,0,78,0,78,0,16,92,0,108,100,0,100,208
05/25/2006,HVN,CT,ANE,EN,Federal Contract Tower,0,19,20,0,39,0,0,77,2,79,0,19,97,2,118,156,0,156,274
05/26/2006,HVN,CT,ANE,EN,Federal Contract Tower,0,15,24,0,39,0,0,14,0,14,0,15,38,0,53,22,0,22,75
05/27/2006,HVN,CT,ANE,EN,Federal Contract Tower,0,9,7,0,16,0,0,23,2,25,0,9,30,2,41,64,0,64,105
05/28/2006,HVN,CT,ANE,EN,Federal Contract Tower,0,14,6,0,20,0,0,86,2,88,0,14,92,2,108,100,0,100,208
05/29/2006,HVN,CT,ANE,EN,Federal Contract Tower,0,12,8,0,20,0,0,57,0,57,0,12,65,0,77,136,0,136,213
05/30/2006,HVN,CT,ANE,EN,Federal Contract Tower,0,15,13,0,28,0,0,74,0,74,0,15,87,0,102,76,0,76,178
05/31/2006,HVN,CT,ANE,EN,Federal Contract Tower,0,14,23,0,37,0,1,28,0,29,0,15,51,0,66,80,0,80,146
06/01/2006,HVN,CT,ANE,EN,Federal Contract Tower,0,20,17,0,37,0,0,23,2,25,0,20,40,2,62,92,0,92,154
06/02/2006,HVN,CT,ANE,EN,Federal Contract Tower,0,17,17,0,34,0,0,0,0,0,0,17,17,0,34,20,0,20,54
06/03/2006,HVN,CT,ANE,EN,Federal Contract Tower,0,9,20,0,29,0,0,0,0,0,0,9,20,0,29,0,0,0,29
06/04/2006,HVN,CT,ANE,EN,Federal Contract Tower,0,12,26,0,38,0,0,26,0,26,0,12,52,0,64,138,0,138,202
06/05/2006,HVN,CT,ANE,EN,Federal Contract Tower,0,13,25,0,38,0,0,53,6,59,0,13,78,6,97,92,0,92,189
06/06/2006,HVN,CT,ANE,EN,Federal Contract Tower,0,16,8,0,24,0,0,69,2,71,0,16,77,2,95,48,2,50,145
06/07/2006,HVN,CT,ANE,EN,Federal Contract Tower,0,8,20,0,28,0,0,5,0,5,0,8,25,0,33,0,0,0,33
06/08/2006,HVN,CT,ANE,EN,Federal Contract Tower,0,12,15,0,27,0,0,26,0,26,0,12,41,0,53,60,0,60,113
06/09/2006,HVN,CT,ANE,EN,Federal Contract Tower,0,12,34,0,46,0,0,50,0,50,0,12,84,0,96,60,0,60,156
06/10/2006,HVN,CT,ANE,EN,Federal Contract Tower,0,10,5,0,15,0,0,26,0,26,0,10,31,0,41,24,2,26,67
06/11/2006,HVN,CT,ANE,EN,Federal Contract Tower,0,14,13,0,27,0,0,74,0,74,0,14,87,0,101,70,0,70,171
06/12/2006,HVN,CT,ANE,EN,Federal Contract Tower,0,14,16,0,30,0,0,75,4,79,0,14,91,4,109,58,0,58,167
06/13/2006,HVN,CT,ANE,EN,Federal Contract Tower,0,15,22,0,37,0,0,73,2,75,0,15,95,2,112,94,0,94,206
06/14/2006,HVN,CT,ANE,EN,Federal Contract Tower,0,11,7,0,18,0,0,68,8,76,0,11,75,8,94,122,6,128,222
06/15/2006,HVN,CT,ANE,EN,Federal Contract Tower,0,13,15,0,28,0,0,58,4,62,0,13,73,4,90,80,0,80,170
06/16/2006,HVN,CT,ANE,EN,Federal Contract Tower,0,13,12,0,25,0,0,141,2,143,0,13,153,2,168,86,2,88,256
06/17/2006,HVN,CT,ANE,EN,Federal Contract Tower,0,10,9,0,19,0,0,81,0,81,0,10,90,0,100,136,0,136,236
06/18/2006,HVN,CT,ANE,EN,Federal Contract Tower,0,16,8,0,24,0,0,100,0,100,0,16,108,0,124,98,0,98,222
06/19/2006,HVN,CT,ANE,EN,Federal Contract Tower,0,15,16,0,31,0,0,37,0,37,0,15,53,0,68,80,0,80,148
06/20/2006,HVN,CT,ANE,EN,Federal Contract Tower,0,15,8,1,24,0,0,36,1,37,0,15,44,2,61,82,2,84,145
06/21/2006,HVN,CT,ANE,EN,Federal Contract Tower,0,17,10,0,27,0,0,143,0,143,0,17,153,0,170,226,6,232,402
06/22/2006,HVN,CT,ANE,EN,Federal Contract Tower,0,9,11,0,20,0,0,58,0,58,0,9,69,0,78,88,4,92,170
06/23/2006,HVN,CT,ANE,EN,Federal Contract Tower,0,15,7,0,22,0,0,63,1,64,0,15,70,1,86,40,6,46,132
06/24/2006,HVN,CT,ANE,EN,Federal Contract Tower,0,8,4,0,12,0,0,0,0,0,0,8,4,0,12,0,0,0,12
06/25/2006,HVN,CT,ANE,EN,Federal Contract Tower,0,13,14,0,27,0,0,3,0,3,0,13,17,0,30,4,0,4,34
06/26/2006,HVN,CT,ANE,EN,Federal Contract Tower,0,14,18,0,32,0,0,46,2,48,0,14,64,2,80,42,0,42,122
06/27/2006,HVN,CT,ANE,EN,Federal Contract Tower,0,9,15,0,24,0,0,96,4,100,0,9,111,4,124,160,2,162,286
06/28/2006,HVN,CT,ANE,EN,Federal Contract Tower,0,16,23,0,39,0,0,17,0,17,0,16,40,0,56,36,0,36,92
06/29/2006,HVN,CT,ANE,EN,Federal Contract Tower,0,16,28,0,44,0,0,18,1,19,0,16,46,1,63,32,0,32,95
06/30/2006,HVN,CT,ANE,EN,Federal Contract Tower,0,14,9,0,23,0,0,102,0,102,0,14,111,0,125,66,4,70,195
07/01/2006,HVN,CT,ANE,EN,Federal Contract Tower,0,9,10,0,19,0,0,157,0,157,0,9,167,0,176,90,0,90,266
07/02/2006,HVN,CT,ANE,EN,Federal Contract Tower,0,12,5,0,17,0,0,61,2,63,0,12,66,2,80,30,0,30,110
07/03/2006,HVN,CT,ANE,EN,Federal Contract Tower,0,13,7,0,20,0,0,91,2,93,0,13,98,2,113,64,0,64,177
07/04/2006,HVN,CT,ANE,EN,Federal Contract Tower,0,10,11,0,21,0,0,33,0,33,0,10,44,0,54,18,0,18,72
07/05/2006,HVN,CT,ANE,EN,Federal Contract Tower,0,12,27,0,39,0,0,27,0,27,0,12,54,0,66,22,0,22,88
07/06/2006,HVN,CT,ANE,EN,Federal Contract Tower,0,1,0,0,1,0,13,63,2,78,0,14,63,2,79,92,6,98,177
07/07/2006,HVN,CT,ANE,EN,Federal Contract Tower,0,19,7,0,26,0,0,125,4,129,0,19,132,4,155,88,0,88,243
07/08/2006,HVN,CT,ANE,EN,Federal Contract Tower,0,10,12,0,22,0,0,105,2,107,0,10,117,2,129,124,2,126,255
07/09/2006,HVN,CT,ANE,EN,Federal Contract Tower,0,14,9,0,23,0,0,83,2,85,0,14,92,2,108,116,0,116,224
07/10/2006,HVN,CT,ANE,EN,Federal Contract Tower,0,12,12,2,26,0,0,85,2,87,0,12,97,4,113,116,2,118,231
07/11/2006,HVN,CT,ANE,EN,Federal Contract Tower,0,17,14,0,31,0,0,34,5,39,0,17,48,5,70,54,0,54,124
07/12/2006,HVN,CT,ANE,EN,Federal Contract Tower,0,12,25,0,37,0,0,0,0,0,0,12,25,0,37,0,0,0,37
07/13/2006,HVN,CT,ANE,EN,Federal Contract Tower,0,12,6,0,18,0,0,52,0,52,0,12,58,0,70,30,0,30,100
07/14/2006,HVN,CT,ANE,EN,Federal Contract Tower,0,21,10,0,31,0,0,80,0,80,0,21,90,0,111,68,4,72,183
07/15/2006,HVN,CT,ANE,EN,Federal Contract Tower,0,6,8,0,14,0,0,85,0,85,0,6,93,0,99,46,0,46,145
07/16/2006,HVN,CT,ANE,EN,Federal Contract Tower,0,11,27,0,38,0,0,89,5,94,0,11,116,5,132,92,0,92,224
07/17/2006,HVN,CT,ANE,EN,Federal Contract Tower,0,9,15,0,24,0,0,60,6,66,0,9,75,6,90,56,0,56,146
07/18/2006,HVN,CT,ANE,EN,Federal Contract Tower,0,16,12,0,28,0,0,59,2,61,0,16,71,2,89,14,0,14,103
07/19/2006,HVN,CT,ANE,EN,Federal Contract Tower,0,14,12,0,26,0,0,92,6,98,0,14,104,6,124,194,0,194,318
07/20/2006,HVN,CT,ANE,EN,Federal Contract Tower,0,16,22,0,38,0,0,50,14,64,0,16,72,14,102,72,0,72,174
07/21/2006,HVN,CT,ANE,EN,Federal Contract Tower,0,16,13,1,30,0,0,15,0,15,0,16,28,1,45,24,0,24,69
07/22/2006,HVN,CT,ANE,EN,Federal Contract Tower,0,6,8,0,14,0,0,2,0,2,0,6,10,0,16,0,0,0,16
07/23/2006,HVN,CT,ANE,EN,Federal Contract Tower,0,15,14,0,29,0,0,65,0,65,0,15,79,0,94,18,0,18,112
07/24/2006,HVN,CT,ANE,EN,Federal Contract Tower,0,12,20,0,32,0,0,84,6,90,0,12,104,6,122,118,0,118,240
07/25/2006,HVN,CT,ANE,EN,Federal Contract Tower,0,12,5,0,17,0,0,122,0,122,0,12,127,0,139,116,2,118,257
07/26/2006,HVN,CT,ANE,EN,Federal Contract Tower,0,19,12,1,32,0,0,75,5,80,0,19,87,6,112,52,6,58,170
07/27/2006,HVN,CT,ANE,EN,Federal Contract Tower,0,13,23,0,36,0,0,83,4,87,0,13,106,4,123,66,0,66,189
07/28/2006,HVN,CT,ANE,EN,Federal Contract Tower,0,14,22,0,36,0,0,68,0,68,0,14,90,0,104,44,0,44,148
07/29/2006,HVN,CT,ANE,EN,Federal Contract Tower,0,9,7,0,16,0,0,100,0,100,0,9,107,0,116,116,2,118,234
07/30/2006,HVN,CT,ANE,EN,Federal Contract Tower,0,13,12,0,25,0,0,108,0,108,0,13,120,0,133,40,0,40,173
07/31/2006,HVN,CT,ANE,EN,Federal Contract Tower,0,15,11,2,28,0,0,89,8,97,0,15,100,10,125,60,0,60,185
08/01/2006,HVN,CT,ANE,EN,Federal Contract Tower,0,9,11,0,20,0,0,46,2,48,0,9,57,2,68,36,0,36,104
08/02/2006,HVN,CT,ANE,EN,Federal Contract Tower,0,15,11,2,28,0,0,63,4,67,0,15,74,6,95,66,0,66,161
08/03/2006,HVN,CT,ANE,EN,Federal Contract Tower,0,9,11,0,20,0,0,54,0,54,0,9,65,0,74,110,2,112,186
08/04/2006,HVN,CT,ANE,EN,Federal Contract Tower,0,11,17,0,28,0,0,49,2,51,0,11,66,2,79,72,0,72,151
08/05/2006,HVN,CT,ANE,EN,Federal Contract Tower,0,7,4,0,11,0,0,143,1,144,0,7,147,1,155,188,2,190,345
08/06/2006,HVN,CT,ANE,EN,Federal Contract Tower,0,14,12,0,26,0,0,114,0,114,0,14,126,0,140,78,0,78,218
08/07/2006,HVN,CT,ANE,EN,Federal Contract Tower,0,12,20,0,32,0,0,78,6,84,0,12,98,6,116,88,0,88,204
08/08/2006,HVN,CT,ANE,EN,Federal Contract Tower,0,12,22,0,34,0,0,81,2,83,0,12,103,2,117,100,0,100,217
08/09/2006,HVN,CT,ANE,EN,Federal Contract Tower,0,15,26,0,41,0,0,133,7,140,0,15,159,7,181,168,8,176,357
08/10/2006,HVN,CT,ANE,EN,Federal Contract Tower,0,15,15,0,30,0,0,100,4,104,0,15,115,4,134,138,0,138,272
08/11/2006,HVN,CT,ANE,EN,Federal Contract Tower,0,17,23,0,40,0,0,98,4,102,0,17,121,4,142,108,6,114,256
08/12/2006,HVN,CT,ANE,EN,Federal Contract Tower,0,11,9,0,20,0,0,97,0,97,0,11,106,0,117,78,0,78,195
08/13/2006,HVN,CT,ANE,EN,Federal Contract Tower,0,16,10,0,26,0,0,118,4,122,0,16,128,4,148,60,0,60,208
08/14/2006,HVN,CT,ANE,EN,Federal Contract Tower,0,11,9,1,21,0,0,93,1,94,0,11,102,2,115,86,2,88,203
08/15/2006,HVN,CT,ANE,EN,Federal Contract Tower,0,17,15,0,32,0,0,57,2,59,0,17,72,2,91,118,0,118,209
08/16/2006,HVN,CT,ANE,EN,Federal Contract Tower,0,16,25,0,41,0,0,98,4,102,0,16,123,4,143,196,0,196,339
08/17/2006,HVN,CT,ANE,EN,Federal Contract Tower,0,14,28,2,44,0,0,82,2,84,0,14,110,4,128,132,0,132,260
08/18/2006,HVN,CT,ANE,EN,Federal Contract Tower,0,14,19,0,33,0,0,82,3,85,0,14,101,3,118,74,0,74,192
08/19/2006,HVN,CT,ANE,EN,Federal Contract Tower,0,11,10,0,21,0,0,60,3,63,0,11,70,3,84,76,2,78,162
08/20/2006,HVN,CT,ANE,EN,Federal Contract Tower,0,16,7,0,23,0,0,32,0,32,0,16,39,0,55,22,0,22,77
08/21/2006,HVN,CT,ANE,EN,Federal Contract Tower,0,13,14,0,27,0,0,51,7,58,0,13,65,7,85,88,0,88,173
08/22/2006,HVN,CT,ANE,EN,Federal Contract Tower,0,13,18,0,31,0,0,102,0,102,0,13,120,0,133,96,0,96,229
08/23/2006,HVN,CT,ANE,EN,Federal Contract Tower,0,10,16,0,26,0,0,92,7,99,0,10,108,7,125,148,0,148,273
08/24/2006,HVN,CT,ANE,EN,Federal Contract Tower,0,11,20,0,31,0,0,70,11,81,0,11,90,11,112,56,4,60,172
08/25/2006,HVN,CT,ANE,EN,Federal Contract Tower,0,16,20,0,36,0,0,20,0,20,0,16,40,0,56,0,0,0,56
08/26/2006,HVN,CT,ANE,EN,Federal Contract Tower,0,10,12,0,22,0,0,59,2,61,0,10,71,2,83,46,0,46,129
08/27/2006,HVN,CT,ANE,EN,Federal Contract Tower,0,10,19,0,29,0,0,14,1,15,0,10,33,1,44,0,0,0,44
08/28/2006,HVN,CT,ANE,EN,Federal Contract Tower,0,13,12,0,25,0,0,2,0,2,0,13,14,0,27,0,0,0,27
08/29/2006,HVN,CT,ANE,EN,Federal Contract Tower,0,16,21,0,37,0,0,4,0,4,0,16,25,0,41,10,0,10,51
08/30/2006,HVN,CT,ANE,EN,Federal Contract Tower,0,13,19,1,33,0,0,68,1,69,0,13,87,2,102,77,4,81,183
08/31/2006,HVN,CT,ANE,EN,Federal Contract Tower,0,14,15,0,29,0,0,97,0,97,0,14,112,0,126,126,0,126,252
09/01/2006,HVN,CT,ANE,EN,Federal Contract Tower,0,13,15,0,28,0,0,76,0,76,0,13,91,0,104,108,0,108,212
09/02/2006,HVN,CT,ANE,EN,Federal Contract Tower,0,6,7,0,13,0,0,9,0,9,0,6,16,0,22,0,0,0,22
09/03/2006,HVN,CT,ANE,EN,Federal Contract Tower,0,10,4,0,14,0,0,37,2,39,0,10,41,2,53,64,0,64,117
09/04/2006,HVN,CT,ANE,EN,Federal Contract Tower,0,13,10,0,23,0,0,124,0,124,0,13,134,0,147,70,0,70,217
09/05/2006,HVN,CT,ANE,EN,Federal Contract Tower,0,12,11,0,23,0,0,96,4,100,0,12,107,4,123,26,0,26,149
09/06/2006,HVN,CT,ANE,EN,Federal Contract Tower,0,10,5,0,15,0,0,52,6,58,0,10,57,6,73,100,10,110,183
09/07/2006,HVN,CT,ANE,EN,Federal Contract Tower,0,10,11,0,21,0,0,104,2,106,0,10,115,2,127,108,0,108,235
09/08/2006,HVN,CT,ANE,EN,Federal Contract Tower,0,10,7,0,17,0,0,75,5,80,0,10,82,5,97,146,6,152,249
09/09/2006,HVN,CT,ANE,EN,Federal Contract Tower,0,7,16,0,23,0,0,96,4,100,0,7,112,4,123,156,0,156,279
09/10/2006,HVN,CT,ANE,EN,Federal Contract Tower,0,13,15,0,28,0,0,82,2,84,0,13,97,2,112,104,0,104,216
09/11/2006,HVN,CT,ANE,EN,Federal Contract Tower,0,12,14,0,26,0,0,43,4,47,0,12,57,4,73,66,2,68,141
09/12/2006,HVN,CT,ANE,EN,Federal Contract Tower,0,11,17,0,28,0,0,80,0,80,0,11,97,0,108,136,0,136,244
09/13/2006,HVN,CT,ANE,EN,Federal Contract Tower,0,13,11,0,24,0,1,70,4,75,0,14,81,4,99,200,8,208,307
09/14/2006,HVN,CT,ANE,EN,Federal Contract Tower,0,9,18,0,27,0,0,1,0,1,0,9,19,0,28,12,0,12,40
09/15/2006,HVN,CT,ANE,EN,Federal Contract Tower,0,16,23,0,39,0,0,8,0,8,0,16,31,0,47,36,0,36,83
09/16/2006,HVN,CT,ANE,EN,Federal Contract Tower,0,12,13,2,27,0,0,80,0,80,0,12,93,2,107,162,0,162,269
09/17/2006,HVN,CT,ANE,EN,Federal Contract Tower,0,15,15,0,30,0,0,144,0,144,0,15,159,0,174,162,0,162,336
09/18/2006,HVN,CT,ANE,EN,Federal Contract Tower,0,13,19,1,33,0,0,85,0,85,0,13,104,1,118,154,0,154,272
09/19/2006,HVN,CT,ANE,EN,Federal Contract Tower,0,17,17,0,34,0,0,16,0,16,0,17,33,0,50,64,0,64,114
09/20/2006,HVN,CT,ANE,EN,Federal Contract Tower,0,15,20,0,35,0,0,85,4,89,0,15,105,4,124,254,4,258,382
09/21/2006,HVN,CT,ANE,EN,Federal Contract Tower,0,9,10,0,19,0,0,88,2,90,0,9,98,2,109,194,0,194,303
09/22/2006,HVN,CT,ANE,EN,Federal Contract Tower,0,15,14,0,29,0,0,81,2,83,0,15,95,2,112,170,2,172,284
09/23/2006,HVN,CT,ANE,EN,Federal Contract Tower,0,10,10,0,20,0,0,14,0,14,0,10,24,0,34,46,2,48,82
09/24/2006,HVN,CT,ANE,EN,Federal Contract Tower,0,14,6,0,20,0,0,23,0,23,0,14,29,0,43,0,0,0,43
09/25/2006,HVN,CT,ANE,EN,Federal Contract Tower,0,13,9,0,22,0,0,73,4,77,0,13,82,4,99,58,0,58,157
09/26/2006,HVN,CT,ANE,EN,Federal Contract Tower,0,10,24,0,34,0,0,72,0,72,0,10,96,0,106,148,0,148,254
09/27/2006,HVN,CT,ANE,EN,Federal Contract Tower,0,12,13,0,25,0,0,110,6,116,0,12,123,6,141,106,0,106,247
09/28/2006,HVN,CT,ANE,EN,Federal Contract Tower,0,14,21,0,35,0,0,85,0,85,0,14,106,0,120,132,0,132,252
09/29/2006,HVN,CT,ANE,EN,Federal Contract Tower,0,15,15,0,30,0,0,64,3,67,0,15,79,3,97,146,2,148,245
09/30/2006,HVN,CT,ANE,EN,Federal Contract Tower,0,12,3,0,15,0,0,126,8,134,0,12,129,8,149,130,0,130,279
10/01/2006,HVN,CT,ANE,EN,Federal Contract Tower,0,15,16,0,31,0,0,13,0,13,0,15,29,0,44,22,0,22,66
10/02/2006,HVN,CT,ANE,EN,Federal Contract Tower,0,11,9,0,20,0,0,72,6,78,0,11,81,6,98,64,0,64,162
10/03/2006,HVN,CT,ANE,EN,Federal Contract Tower,0,18,5,0,23,0,0,98,4,102,0,18,103,4,125,150,0,150,275
10/04/2006,HVN,CT,ANE,EN,Federal Contract Tower,0,11,13,0,24,0,0,60,4,64,0,11,73,4,88,78,0,78,166
10/05/2006,HVN,CT,ANE,EN,Federal Contract Tower,0,12,23,0,35,0,0,69,6,75,0,12,92,6,110,122,2,124,234
10/06/2006,HVN,CT,ANE,EN,Federal Contract Tower,0,11,18,0,29,0,0,58,2,60,0,11,76,2,89,100,0,100,189
10/07/2006,HVN,CT,ANE,EN,Federal Contract Tower,0,20,10,0,30,0,0,94,2,96,0,20,104,2,126,124,2,126,252
10/08/2006,HVN,CT,ANE,EN,Federal Contract Tower,0,13,11,0,24,0,0,125,2,127,0,13,136,2,151,162,4,166,317
10/09/2006,HVN,CT,ANE,EN,Federal Contract Tower,0,9,14,0,23,0,0,5,2,7,0,9,19,2,30,104,0,104,134
10/10/2006,HVN,CT,ANE,EN,Federal Contract Tower,0,12,14,2,28,0,0,91,0,91,0,12,105,2,119,60,2,62,181
10/11/2006,HVN,CT,ANE,EN,Federal Contract Tower,0,13,20,0,33,0,0,40,8,48,0,13,60,8,81,80,0,80,161
10/12/2006,HVN,CT,ANE,EN,Federal Contract Tower,0,13,32,2,47,0,0,25,2,27,0,13,57,4,74,20,2,22,96
10/13/2006,HVN,CT,ANE,EN,Federal Contract Tower,0,16,8,0,24,0,0,85,2,87,0,16,93,2,111,150,2,152,263
10/14/2006,HVN,CT,ANE,EN,Federal Contract Tower,0,12,13,0,25,0,0,104,2,106,0,12,117,2,131,140,2,142,273
10/15/2006,HVN,CT,ANE,EN,Federal Contract Tower,0,10,15,0,25,0,0,102,6,108,0,10,117,6,133,98,4,102,235
10/16/2006,HVN,CT,ANE,EN,Federal Contract Tower,0,7,3,0,10,0,0,65,4,69,0,7,68,4,79,76,0,76,155
10/17/2006,HVN,CT,ANE,EN,Federal Contract Tower,0,15,17,0,32,0,0,17,2,19,0,15,34,2,51,14,0,14,65
10/18/2006,HVN,CT,ANE,EN,Federal Contract Tower,0,15,16,1,32,0,0,31,3,34,0,15,47,4,66,66,2,68,134
10/19/2006,HVN,CT,ANE,EN,Federal Contract Tower,0,8,17,0,25,0,0,82,2,84,0,8,99,2,109,130,2,132,241
10/20/2006,HVN,CT,ANE,EN,Federal Contract Tower,0,11,13,0,24,0,0,0,0,0,0,11,13,0,24,0,0,0,24
10/21/2006,HVN,CT,ANE,EN,Federal Contract Tower,0,8,13,0,21,0,0,66,0,66,0,8,79,0,87,86,0,86,173
10/22/2006,HVN,CT,ANE,EN,Federal Contract Tower,0,13,15,0,28,0,0,101,0,101,0,13,116,0,129,160,0,160,289
10/23/2006,HVN,CT,ANE,EN,Federal Contract Tower,0,9,16,0,25,0,0,36,2,38,0,9,52,2,63,30,0,30,93
10/24/2006,HVN,CT,ANE,EN,Federal Contract Tower,0,15,4,0,19,0,0,36,5,41,0,15,40,5,60,10,0,10,70
10/25/2006,HVN,CT,ANE,EN,Federal Contract Tower,0,11,19,0,30,0,0,37,10,47,0,11,56,10,77,60,0,60,137
10/26/2006,HVN,CT,ANE,EN,Federal Contract Tower,0,13,11,0,24,0,0,38,9,47,0,13,49,9,71,52,2,54,125
10/27/2006,HVN,CT,ANE,EN,Federal Contract Tower,0,22,17,0,39,0,0,86,1,87,0,22,103,1,126,124,2,126,252
10/28/2006,HVN,CT,ANE,EN,Federal Contract Tower,0,11,0,0,11,0,0,0,0,0,0,11,0,0,11,0,0,0,11
10/29/2006,HVN,CT,ANE,EN,Federal Contract Tower,0,14,4,0,18,0,0,0,0,0,0,14,4,0,18,0,2,2,20
10/30/2006,HVN,CT,ANE,EN,Federal Contract Tower,0,13,8,0,21,0,0,28,2,30,0,13,36,2,51,12,0,12,63
10/31/2006,HVN,CT,ANE,EN,Federal Contract Tower,0,14,9,0,23,0,0,86,3,89,0,14,95,3,112,154,2,156,268
11/01/2006,HVN,CT,ANE,EN,Federal Contract Tower,0,17,5,0,22,0,0,66,0,66,0,17,71,0,88,98,0,98,186
11/02/2006,HVN,CT,ANE,EN,Federal Contract Tower,0,21,12,1,34,0,0,34,0,34,0,21,46,1,68,32,2,34,102
11/03/2006,HVN,CT,ANE,EN,Federal Contract Tower,0,20,18,0,38,0,0,57,12,69,0,20,75,12,107,84,10,94,201
11/04/2006,HVN,CT,ANE,EN,Federal Contract Tower,0,15,11,0,26,0,0,129,0,129,0,15,140,0,155,152,0,152,307
11/05/2006,HVN,CT,ANE,EN,Federal Contract Tower,0,9,11,0,20,0,0,103,0,103,0,9,114,0,123,132,0,132,255
11/06/2006,HVN,CT,ANE,EN,Federal Contract Tower,0,11,10,1,22,0,0,65,4,69,0,11,75,5,91,44,0,44,135
11/07/2006,HVN,CT,ANE,EN,Federal Contract Tower,0,11,14,0,25,0,0,59,2,61,0,11,73,2,86,72,0,72,158
11/08/2006,HVN,CT,ANE,EN,Federal Contract Tower,0,11,19,2,32,0,0,2,0,2,0,11,21,2,34,0,0,0,34
11/09/2006,HVN,CT,ANE,EN,Federal Contract Tower,0,16,20,0,36,0,0,63,0,63,0,16,83,0,99,60,2,62,161
11/10/2006,HVN,CT,ANE,EN,Federal Contract Tower,0,14,15,0,29,0,0,80,1,81,0,14,95,1,110,90,2,92,202
11/11/2006,HVN,CT,ANE,EN,Federal Contract Tower,0,14,27,0,41,0,0,116,4,120,0,14,143,4,161,62,0,62,223
11/12/2006,HVN,CT,ANE,EN,Federal Contract Tower,0,6,7,0,13,0,0,0,0,0,0,6,7,0,13,0,0,0,13
11/13/2006,HVN,CT,ANE,EN,Federal Contract Tower,0,9,5,0,14,0,0,5,0,5,0,9,10,0,19,52,0,52,71
11/14/2006,HVN,CT,ANE,EN,Federal Contract Tower,0,12,26,0,38,0,0,4,0,4,0,12,30,0,42,4,0,4,46
11/15/2006,HVN,CT,ANE,EN,Federal Contract Tower,0,11,20,0,31,0,0,12,0,12,0,11,32,0,43,24,0,24,67
11/16/2006,HVN,CT,ANE,EN,Federal Contract Tower,0,10,14,0,24,0,0,23,2,25,0,10,37,2,49,60,0,60,109
11/17/2006,HVN,CT,ANE,EN,Federal Contract Tower,0,19,10,2,31,0,0,65,4,69,0,19,75,6,100,98,4,102,202
11/18/2006,HVN,CT,ANE,EN,Federal Contract Tower,0,9,12,0,21,0,0,103,2,105,0,9,115,2,126,144,2,146,272
11/19/2006,HVN,CT,ANE,EN,Federal Contract Tower,0,11,15,0,26,0,0,99,2,101,0,11,114,2,127,220,0,220,347
11/20/2006,HVN,CT,ANE,EN,Federal Contract Tower,0,12,9,0,21,0,0,44,0,44,0,12,53,0,65,84,0,84,149
11/21/2006,HVN,CT,ANE,EN,Federal Contract Tower,0,14,12,0,26,0,0,101,0,101,0,14,113,0,127,124,0,124,251
11/22/2006,HVN,CT,ANE,EN,Federal Contract Tower,0,10,17,0,27,0,0,54,4,58,0,10,71,4,85,32,0,32,117
11/23/2006,HVN,CT,ANE,EN,Federal Contract Tower,0,10,3,0,13,0,0,0,0,0,0,10,3,0,13,0,0,0,13
11/24/2006,HVN,CT,ANE,EN,Federal Contract Tower,0,6,9,0,15,0,0,101,2,103,0,6,110,2,118,74,0,74,192
11/25/2006,HVN,CT,ANE,EN,Federal Contract Tower,0,13,11,0,24,0,0,103,0,103,0,13,114,0,127,144,4,148,275
11/26/2006,HVN,CT,ANE,EN,Federal Contract Tower,0,14,17,0,31,0,0,124,0,124,0,14,141,0,155,244,0,244,399
11/27/2006,HVN,CT,ANE,EN,Federal Contract Tower,0,14,6,0,20,0,0,88,4,92,0,14,94,4,112,80,0,80,192
11/28/2006,HVN,CT,ANE,EN,Federal Contract Tower,0,13,22,2,37,0,0,14,2,16,0,13,36,4,53,40,0,40,93
11/29/2006,HVN,CT,ANE,EN,Federal Contract Tower,0,12,22,3,37,0,0,0,0,0,0,12,22,3,37,2,0,2,39
11/30/2006,HVN,CT,ANE,EN,Federal Contract Tower,0,17,12,0,29,0,0,21,0,21,0,17,33,0,50,60,0,60,110
12/01/2006,HVN,CT,ANE,EN,Federal Contract Tower,0,4,12,0,16,0,0,0,0,0,0,4,12,0,16,0,0,0,16
12/02/2006,HVN,CT,ANE,EN,Federal Contract Tower,0,6,10,0,16,0,0,79,0,79,0,6,89,0,95,58,0,58,153
12/03/2006,HVN,CT,ANE,EN,Federal Contract Tower,0,7,9,0,16,0,0,112,0,112,0,7,121,0,128,204,0,204,332
12/04/2006,HVN,CT,ANE,EN,Federal Contract Tower,0,9,15,0,24,0,0,47,4,51,0,9,62,4,75,44,0,44,119
12/05/2006,HVN,CT,ANE,EN,Federal Contract Tower,0,11,17,0,28,0,0,62,0,62,0,11,79,0,90,80,0,80,170
12/06/2006,HVN,CT,ANE,EN,Federal Contract Tower,0,11,10,0,21,0,0,50,0,50,0,11,60,0,71,124,0,124,195
12/07/2006,HVN,CT,ANE,EN,Federal Contract Tower,0,15,17,0,32,0,0,61,0,61,0,15,78,0,93,152,0,152,245
12/08/2006,HVN,CT,ANE,EN,Federal Contract Tower,0,16,10,0,26,0,0,9,0,9,0,16,19,0,35,4,0,4,39
12/09/2006,HVN,CT,ANE,EN,Federal Contract Tower,0,13,12,0,25,0,0,88,2,90,0,13,100,2,115,190,0,190,305
12/10/2006,HVN,CT,ANE,EN,Federal Contract Tower,0,10,9,0,19,0,0,75,4,79,0,10,84,4,98,86,0,86,184
12/11/2006,HVN,CT,ANE,EN,Federal Contract Tower,0,10,18,0,28,0,0,72,4,76,0,10,90,4,104,124,0,124,228
12/12/2006,HVN,CT,ANE,EN,Federal Contract Tower,0,13,20,0,33,0,0,46,0,46,0,13,66,0,79,76,0,76,155
12/13/2006,HVN,CT,ANE,EN,Federal Contract Tower,0,15,10,0,25,0,0,5,0,5,0,15,15,0,30,14,0,14,44
12/14/2006,HVN,CT,ANE,EN,Federal Contract Tower,0,10,16,0,26,0,0,17,0,17,0,10,33,0,43,24,0,24,67
12/15/2006,HVN,CT,ANE,EN,Federal Contract Tower,0,7,14,0,21,0,0,7,0,7,0,7,21,0,28,0,0,0,28
12/16/2006,HVN,CT,ANE,EN,Federal Contract Tower,0,10,5,0,15,0,0,101,2,103,0,10,106,2,118,186,0,186,304
12/17/2006,HVN,CT,ANE,EN,Federal Contract Tower,0,7,9,0,16,0,0,97,0,97,0,7,106,0,113,96,0,96,209
12/18/2006,HVN,CT,ANE,EN,Federal Contract Tower,0,20,8,0,28,0,0,41,0,41,0,20,49,0,69,32,2,34,103
12/19/2006,HVN,CT,ANE,EN,Federal Contract Tower,0,14,17,0,31,0,0,64,6,70,0,14,81,6,101,74,0,74,175
12/20/2006,HVN,CT,ANE,EN,Federal Contract Tower,0,10,16,0,26,0,0,86,2,88,0,10,102,2,114,130,2,132,246
12/21/2006,HVN,CT,ANE,EN,Federal Contract Tower,0,15,13,2,30,0,0,57,2,59,0,15,70,4,89,84,0,84,173
12/22/2006,HVN,CT,ANE,EN,Federal Contract Tower,0,13,14,0,27,0,0,50,0,50,0,13,64,0,77,62,2,64,141
12/23/2006,HVN,CT,ANE,EN,Federal Contract Tower,0,7,3,0,10,0,0,9,0,9,0,7,12,0,19,12,0,12,31
12/24/2006,HVN,CT,ANE,EN,Federal Contract Tower,0,6,12,0,18,0,0,38,0,38,0,6,50,0,56,36,0,36,92
12/25/2006,HVN,CT,ANE,EN,Federal Contract Tower,0,10,0,0,10,0,0,13,0,13,0,10,13,0,23,0,0,0,23
12/26/2006,HVN,CT,ANE,EN,Federal Contract Tower,0,11,13,0,24,0,0,0,0,0,0,11,13,0,24,0,0,0,24
12/27/2006,HVN,CT,ANE,EN,Federal Contract Tower,0,14,9,0,23,0,0,64,6,70,0,14,73,6,93,28,6,34,127
12/28/2006,HVN,CT,ANE,EN,Federal Contract Tower,0,12,7,0,19,0,0,104,0,104,0,12,111,0,123,96,2,98,221
12/29/2006,HVN,CT,ANE,EN,Federal Contract Tower,0,14,12,1,27,0,0,83,2,85,0,14,95,3,112,128,4,132,244
12/30/2006,HVN,CT,ANE,EN,Federal Contract Tower,0,12,9,0,21,0,0,41,0,41,0,12,50,0,62,86,2,88,150
12/31/2006,HVN,CT,ANE,EN,Federal Contract Tower,0,10,8,0,18,0,0,126,0,126,0,10,134,0,144,80,0,80,224
01/01/2007,HVN,CT,ANE,EN,Federal Contract Tower,0,17,7,0,24,0,0,0,0,0,0,17,7,0,24,0,0,0,24
01/02/2007,HVN,CT,ANE,EN,Federal Contract Tower,0,14,12,0,26,0,0,24,2,26,0,14,36,2,52,6,0,6,58
01/03/2007,HVN,CT,ANE,EN,Federal Contract Tower,0,13,5,0,18,0,0,58,0,58,0,13,63,0,76,60,6,66,142
01/04/2007,HVN,CT,ANE,EN,Federal Contract Tower,0,12,19,0,31,0,0,94,2,96,0,12,113,2,127,134,0,134,261
01/05/2007,HVN,CT,ANE,EN,Federal Contract Tower,0,8,8,0,16,0,0,10,0,10,0,8,18,0,26,6,2,8,34
01/06/2007,HVN,CT,ANE,EN,Federal Contract Tower,0,9,8,0,17,0,0,15,0,15,0,9,23,0,32,20,0,20,52
01/07/2007,HVN,CT,ANE,EN,Federal Contract Tower,0,6,14,0,20,0,0,108,0,108,0,6,122,0,128,220,0,220,348
01/08/2007,HVN,CT,ANE,EN,Federal Contract Tower,0,10,15,0,25,0,0,2,0,2,0,10,17,0,27,0,0,0,27
01/09/2007,HVN,CT,ANE,EN,Federal Contract Tower,0,8,14,0,22,0,0,48,2,50,0,8,62,2,72,32,0,32,104
01/10/2007,HVN,CT,ANE,EN,Federal Contract Tower,0,13,11,0,24,0,0,44,4,48,0,13,55,4,72,74,0,74,146
01/11/2007,HVN,CT,ANE,EN,Federal Contract Tower,0,8,13,0,21,0,1,94,7,102,0,9,107,7,123,84,0,84,207
01/12/2007,HVN,CT,ANE,EN,Federal Contract Tower,0,11,9,1,21,0,0,30,0,30,0,11,39,1,51,24,4,28,79
01/13/2007,HVN,CT,ANE,EN,Federal Contract Tower,0,6,13,0,19,0,0,2,0,2,0,6,15,0,21,26,0,26,47
01/14/2007,HVN,CT,ANE,EN,Federal Contract Tower,0,5,6,0,11,0,0,0,0,0,0,5,6,0,11,0,0,0,11
01/15/2007,HVN,CT,ANE,EN,Federal Contract Tower,0,9,10,0,19,0,0,0,0,0,0,9,10,0,19,0,0,0,19
01/16/2007,HVN,CT,ANE,EN,Federal Contract Tower,0,9,10,0,19,0,0,32,4,36,0,9,42,4,55,38,0,38,93
01/17/2007,HVN,CT,ANE,EN,Federal Contract Tower,0,10,11,0,21,0,0,65,0,65,0,10,76,0,86,64,2,66,152
01/18/2007,HVN,CT,ANE,EN,Federal Contract Tower,0,11,9,0,20,0,0,52,2,54,0,11,61,2,74,92,4,96,170
01/19/2007,HVN,CT,ANE,EN,Federal Contract Tower,0,11,6,0,17,0,0,13,0,13,0,11,19,0,30,18,2,20,50
01/20/2007,HVN,CT,ANE,EN,Federal Contract Tower,0,10,8,0,18,0,0,20,0,20,0,10,28,0,38,31,0,31,69
01/21/2007,HVN,CT,ANE,EN,Federal Contract Tower,0,6,9,0,15,0,0,107,0,107,0,6,116,0,122,158,0,158,280
01/22/2007,HVN,CT,ANE,EN,Federal Contract Tower,0,6,4,0,10,0,0,24,0,24,0,6,28,0,34,18,0,18,52
01/23/2007,HVN,CT,ANE,EN,Federal Contract Tower,0,12,12,0,24,0,0,58,0,58,0,12,70,0,82,30,0,30,112
01/24/2007,HVN,CT,ANE,EN,Federal Contract Tower,0,8,17,2,27,0,0,87,0,87,0,8,104,2,114,134,0,134,248
01/25/2007,HVN,CT,ANE,EN,Federal Contract Tower,0,13,8,0,21,0,0,43,4,47,0,13,51,4,68,50,0,50,118
01/26/2007,HVN,CT,ANE,EN,Federal Contract Tower,0,8,2,0,10,0,2,23,4,29,0,10,25,4,39,4,10,14,53
01/27/2007,HVN,CT,ANE,EN,Federal Contract Tower,0,15,13,0,28,0,0,87,4,91,0,15,100,4,119,172,0,172,291
01/28/2007,HVN,CT,ANE,EN,Federal Contract Tower,0,12,17,0,29,0,0,129,0,129,0,12,146,0,158,164,0,164,322
01/29/2007,HVN,CT,ANE,EN,Federal Contract Tower,0,9,6,0,15,0,0,29,0,29,0,9,35,0,44,26,0,26,70
01/30/2007,HVN,CT,ANE,EN,Federal Contract Tower,0,7,12,0,19,0,0,41,6,47,0,7,53,6,66,30,4,34,100
01/31/2007,HVN,CT,ANE,EN,Federal Contract Tower,0,10,12,0,22,0,0,52,4,56,0,10,64,4,78,64,0,64,142
02/01/2007,HVN,CT,ANE,EN,Federal Contract Tower,0,7,9,0,16,0,0,48,0,48,0,7,57,0,64,72,1,73,137
02/02/2007,HVN,CT,ANE,EN,Federal Contract Tower,0,8,4,0,12,0,0,8,0,8,0,8,12,0,20,0,0,0,20
02/03/2007,HVN,CT,ANE,EN,Federal Contract Tower,0,6,4,0,10,0,0,68,2,70,0,6,72,2,80,70,0,70,150
02/04/2007,HVN,CT,ANE,EN,Federal Contract Tower,0,7,2,0,9,0,0,36,2,38,0,7,38,2,47,18,0,18,65
02/05/2007,HVN,CT,ANE,EN,Federal Contract Tower,0,13,9,0,22,0,0,31,2,33,0,13,40,2,55,2,0,2,57
02/06/2007,HVN,CT,ANE,EN,Federal Contract Tower,0,13,14,0,27,0,0,42,4,46,0,13,56,4,73,6,0,6,79
02/07/2007,HVN,CT,ANE,EN,Federal Contract Tower,0,8,16,0,24,0,0,49,0,49,0,8,65,0,73,28,0,28,101
02/08/2007,HVN,CT,ANE,EN,Federal Contract Tower,0,10,14,0,24,0,0,20,6,26,0,10,34,6,50,6,0,6,56
02/09/2007,HVN,CT,ANE,EN,Federal Contract Tower,0,13,12,0,25,0,0,53,2,55,0,13,65,2,80,40,0,40,120
02/10/2007,HVN,CT,ANE,EN,Federal Contract Tower,0,9,4,0,13,0,0,98,3,101,0,9,102,3,114,206,0,206,320
02/11/2007,HVN,CT,ANE,EN,Federal Contract Tower,0,9,10,0,19,0,0,96,2,98,0,9,106,2,117,136,0,136,253
02/12/2007,HVN,CT,ANE,EN,Federal Contract Tower,0,11,18,2,31,0,0,65,2,67,0,11,83,4,98,10,0,10,108
02/13/2007,HVN,CT,ANE,EN,Federal Contract Tower,0,7,7,0,14,0,0,27,2,29,0,7,34,2,43,20,0,20,63
02/14/2007,HVN,CT,ANE,EN,Federal Contract Tower,0,0,0,0,0,0,0,0,0,0,0,0,0,0,0,0,0,0,0
02/15/2007,HVN,CT,ANE,EN,Federal Contract Tower,0,8,15,0,23,0,0,10,0,10,0,8,25,0,33,0,0,0,33
02/16/2007,HVN,CT,ANE,EN,Federal Contract Tower,0,10,15,0,25,0,0,4,15,19,0,10,19,15,44,8,0,8,52
02/17/2007,HVN,CT,ANE,EN,Federal Contract Tower,0,10,9,0,19,0,0,43,1,44,0,10,52,1,63,124,0,124,187
02/18/2007,HVN,CT,ANE,EN,Federal Contract Tower,0,6,5,0,11,0,0,45,3,48,0,6,50,3,59,100,6,106,165
02/19/2007,HVN,CT,ANE,EN,Federal Contract Tower,0,8,9,0,17,0,0,16,4,20,0,8,25,4,37,2,0,2,39
02/20/2007,HVN,CT,ANE,EN,Federal Contract Tower,0,14,15,0,29,0,0,48,0,48,0,14,63,0,77,58,0,58,135
02/21/2007,HVN,CT,ANE,EN,Federal Contract Tower,0,10,14,0,24,0,0,72,0,72,0,10,86,0,96,114,0,114,210
02/22/2007,HVN,CT,ANE,EN,Federal Contract Tower,0,13,18,0,31,0,0,15,2,17,0,13,33,2,48,42,0,42,90
02/23/2007,HVN,CT,ANE,EN,Federal Contract Tower,0,10,6,0,16,0,0,15,0,15,0,10,21,0,31,14,0,14,45
02/24/2007,HVN,CT,ANE,EN,Federal Contract Tower,0,9,5,0,14,0,0,22,0,22,0,9,27,0,36,0,0,0,36
02/25/2007,HVN,CT,ANE,EN,Federal Contract Tower,0,6,16,0,22,0,0,93,2,95,0,6,109,2,117,98,0,98,215
02/26/2007,HVN,CT,ANE,EN,Federal Contract Tower,0,9,7,0,16,0,0,4,0,4,0,9,11,0,20,4,0,4,24
02/27/2007,HVN,CT,ANE,EN,Federal Contract Tower,0,9,3,5,17,0,0,0,0,0,0,9,3,5,17,0,0,0,17
02/28/2007,HVN,CT,ANE,EN,Federal Contract Tower,0,11,26,0,37,0,0,88,4,92,0,11,114,4,129,108,0,108,237
03/01/2007,HVN,CT,ANE,EN,Federal Contract Tower,0,11,13,0,24,0,0,41,0,41,0,11,54,0,65,40,0,40,105
03/02/2007,HVN,CT,ANE,EN,Federal Contract Tower,0,6,8,0,14,0,0,3,0,3,0,6,11,0,17,8,0,8,25
03/03/2007,HVN,CT,ANE,EN,Federal Contract Tower,0,10,8,0,18,0,0,69,2,71,0,10,77,2,89,106,0,106,195
03/04/2007,HVN,CT,ANE,EN,Federal Contract Tower,0,10,7,0,17,0,0,45,4,49,0,10,52,4,66,92,14,106,172
03/05/2007,HVN,CT,ANE,EN,Federal Contract Tower,0,15,8,0,23,0,0,14,0,14,0,15,22,0,37,0,0,0,37
03/06/2007,HVN,CT,ANE,EN,Federal Contract Tower,0,11,9,1,21,0,0,4,1,5,0,11,13,2,26,0,0,0,26
03/07/2007,HVN,CT,ANE,EN,Federal Contract Tower,0,8,8,0,16,0,0,8,1,9,0,8,16,1,25,20,0,20,45
03/08/2007,HVN,CT,ANE,EN,Federal Contract Tower,0,30,4,0,34,0,0,54,2,56,0,30,58,2,90,28,0,28,118
03/09/2007,HVN,CT,ANE,EN,Federal Contract Tower,0,17,6,0,23,0,0,103,10,113,0,17,109,10,136,132,0,132,268
03/10/2007,HVN,CT,ANE,EN,Federal Contract Tower,0,15,9,0,24,0,0,43,0,43,0,15,52,0,67,50,0,50,117
03/11/2007,HVN,CT,ANE,EN,Federal Contract Tower,0,8,27,1,36,0,0,104,4,108,0,8,131,5,144,132,2,134,278
03/12/2007,HVN,CT,ANE,EN,Federal Contract Tower,0,21,6,0,27,0,0,67,5,72,0,21,73,5,99,74,0,74,173
03/13/2007,HVN,CT,ANE,EN,Federal Contract Tower,0,19,16,0,35,0,0,80,2,82,0,19,96,2,117,104,0,104,221
03/14/2007,HVN,CT,ANE,EN,Federal Contract Tower,0,23,21,0,44,0,0,68,8,76,0,23,89,8,120,70,0,70,190
03/15/2007,HVN,CT,ANE,EN,Federal Contract Tower,0,18,14,0,32,0,0,3,0,3,0,18,17,0,35,0,0,0,35
03/16/2007,HVN,CT,ANE,EN,Federal Contract Tower,0,4,3,0,7,0,0,0,0,0,0,4,3,0,7,0,0,0,7
03/17/2007,HVN,CT,ANE,EN,Federal Contract Tower,0,6,6,0,12,0,0,1,0,1,0,6,7,0,13,0,0,0,13
03/18/2007,HVN,CT,ANE,EN,Federal Contract Tower,0,10,9,0,19,0,0,23,0,23,0,10,32,0,42,40,0,40,82
03/19/2007,HVN,CT,ANE,EN,Federal Contract Tower,0,23,9,0,32,0,0,28,0,28,0,23,37,0,60,44,0,44,104
03/20/2007,HVN,CT,ANE,EN,Federal Contract Tower,0,24,9,0,33,0,0,21,1,22,0,24,30,1,55,0,0,0,55
03/21/2007,HVN,CT,ANE,EN,Federal Contract Tower,0,20,11,0,31,0,0,73,0,73,0,20,84,0,104,88,0,88,192
03/22/2007,HVN,CT,ANE,EN,Federal Contract Tower,0,18,12,0,30,0,0,11,0,11,0,18,23,0,41,14,0,14,55
03/23/2007,HVN,CT,ANE,EN,Federal Contract Tower,0,20,16,0,36,0,0,39,3,42,0,20,55,3,78,60,0,60,138
03/24/2007,HVN,CT,ANE,EN,Federal Contract Tower,0,15,7,0,22,0,0,96,1,97,0,15,103,1,119,148,0,148,267
03/25/2007,HVN,CT,ANE,EN,Federal Contract Tower,0,11,19,0,30,0,0,62,0,62,0,11,81,0,92,130,0,130,222
03/26/2007,HVN,CT,ANE,EN,Federal Contract Tower,0,24,8,0,32,0,0,29,0,29,0,24,37,0,61,42,0,42,103
03/27/2007,HVN,CT,ANE,EN,Federal Contract Tower,0,18,18,0,36,0,0,54,0,54,0,18,72,0,90,40,0,40,130
03/28/2007,HVN,CT,ANE,EN,Federal Contract Tower,0,20,12,0,32,0,0,58,2,60,0,20,70,2,92,26,2,28,120
03/29/2007,HVN,CT,ANE,EN,Federal Contract Tower,0,19,10,0,29,0,0,33,6,39,0,19,43,6,68,36,0,36,104
03/30/2007,HVN,CT,ANE,EN,Federal Contract Tower,0,20,16,1,37,0,0,95,1,96,0,20,111,2,133,94,0,94,227
03/31/2007,HVN,CT,ANE,EN,Federal Contract Tower,0,10,14,0,24,0,0,107,2,109,0,10,121,2,133,160,0,160,293
04/01/2007,HVN,CT,ANE,EN,Federal Contract Tower,0,6,14,0,20,0,0,62,2,64,0,6,76,2,84,116,0,116,200
04/02/2007,HVN,CT,ANE,EN,Federal Contract Tower,0,19,12,0,31,0,0,0,0,0,0,19,12,0,31,0,0,0,31
04/03/2007,HVN,CT,ANE,EN,Federal Contract Tower,0,17,19,0,36,0,0,45,0,45,0,17,64,0,81,30,0,30,111
04/04/2007,HVN,CT,ANE,EN,Federal Contract Tower,0,15,15,0,30,0,0,0,0,0,0,15,15,0,30,0,0,0,30
04/05/2007,HVN,CT,ANE,EN,Federal Contract Tower,0,15,16,0,31,0,0,18,4,22,0,15,34,4,53,20,0,20,73
04/06/2007,HVN,CT,ANE,EN,Federal Contract Tower,0,19,10,0,29,0,0,26,2,28,0,19,36,2,57,48,0,48,105
04/07/2007,HVN,CT,ANE,EN,Federal Contract Tower,0,15,9,0,24,0,0,84,2,86,0,15,93,2,110,160,0,160,270
04/08/2007,HVN,CT,ANE,EN,Federal Contract Tower,0,8,7,0,15,0,0,15,0,15,0,8,22,0,30,20,0,20,50
04/09/2007,HVN,CT,ANE,EN,Federal Contract Tower,0,27,7,0,34,0,0,55,3,58,0,27,62,3,92,42,0,42,134
04/10/2007,HVN,CT,ANE,EN,Federal Contract Tower,0,24,23,0,47,0,0,97,2,99,0,24,120,2,146,80,0,80,226
04/11/2007,HVN,CT,ANE,EN,Federal Contract Tower,0,21,26,0,47,0,0,100,4,104,0,21,126,4,151,84,0,84,235
04/12/2007,HVN,CT,ANE,EN,Federal Contract Tower,0,12,9,0,21,0,0,0,0,0,0,12,9,0,21,0,0,0,21
04/13/2007,HVN,CT,ANE,EN,Federal Contract Tower,0,14,17,0,31,0,0,41,2,43,0,14,58,2,74,56,0,56,130
04/14/2007,HVN,CT,ANE,EN,Federal Contract Tower,0,12,19,0,31,0,1,117,6,124,0,13,136,6,155,111,0,111,266
04/15/2007,HVN,CT,ANE,EN,Federal Contract Tower,0,5,1,0,6,0,0,0,0,0,0,5,1,0,6,0,0,0,6
04/16/2007,HVN,CT,ANE,EN,Federal Contract Tower,0,7,8,3,18,0,0,0,0,0,0,7,8,3,18,0,4,4,22
04/17/2007,HVN,CT,ANE,EN,Federal Contract Tower,0,20,17,0,37,0,0,10,0,10,0,20,27,0,47,0,0,0,47
04/18/2007,HVN,CT,ANE,EN,Federal Contract Tower,0,21,12,0,33,0,0,28,0,28,0,21,40,0,61,26,0,26,87
04/19/2007,HVN,CT,ANE,EN,Federal Contract Tower,0,22,21,0,43,0,0,65,7,72,0,22,86,7,115,86,0,86,201
04/20/2007,HVN,CT,ANE,EN,Federal Contract Tower,0,20,12,0,32,0,0,79,0,79,0,20,91,0,111,60,0,60,171
04/21/2007,HVN,CT,ANE,EN,Federal Contract Tower,0,7,9,0,16,0,0,92,5,97,0,7,101,5,113,110,0,110,223
04/22/2007,HVN,CT,ANE,EN,Federal Contract Tower,0,6,4,1,11,0,0,74,4,78,0,6,78,5,89,126,0,126,215
04/23/2007,HVN,CT,ANE,EN,Federal Contract Tower,0,20,5,0,25,0,0,69,3,72,0,20,74,3,97,86,0,86,183
04/24/2007,HVN,CT,ANE,EN,Federal Contract Tower,0,21,11,0,32,0,0,86,2,88,0,21,97,2,120,70,0,70,190
04/25/2007,HVN,CT,ANE,EN,Federal Contract Tower,0,17,14,0,31,0,0,101,2,103,0,17,115,2,134,52,0,52,186
04/26/2007,HVN,CT,ANE,EN,Federal Contract Tower,0,19,23,0,42,0,0,98,2,100,0,19,121,2,142,98,0,98,240
04/27/2007,HVN,CT,ANE,EN,Federal Contract Tower,0,34,6,0,40,0,0,2,0,2,0,34,8,0,42,0,0,0,42
04/28/2007,HVN,CT,ANE,EN,Federal Contract Tower,0,7,22,0,29,0,0,35,0,35,0,7,57,0,64,66,0,66,130
04/29/2007,HVN,CT,ANE,EN,Federal Contract Tower,0,9,20,0,29,0,0,102,12,114,0,9,122,12,143,90,0,90,233
04/30/2007,HVN,CT,ANE,EN,Federal Contract Tower,0,14,10,0,24,0,0,39,1,40,0,14,49,1,64,18,0,18,82
05/01/2007,HVN,CT,ANE,EN,Federal Contract Tower,0,11,9,0,20,0,0,88,0,88,0,11,97,0,108,44,0,44,152
05/02/2007,HVN,CT,ANE,EN,Federal Contract Tower,0,13,15,0,28,0,0,63,0,63,0,13,78,0,91,50,2,52,143
05/03/2007,HVN,CT,ANE,EN,Federal Contract Tower,0,20,15,0,35,0,0,86,1,87,0,20,101,1,122,46,0,46,168
05/04/2007,HVN,CT,ANE,EN,Federal Contract Tower,0,16,16,0,32,0,0,74,4,78,0,16,90,4,110,68,0,68,178
05/05/2007,HVN,CT,ANE,EN,Federal Contract Tower,0,11,13,0,24,0,0,94,0,94,0,11,107,0,118,107,0,107,225
05/06/2007,HVN,CT,ANE,EN,Federal Contract Tower,0,7,19,0,26,0,0,36,1,37,0,7,55,1,63,14,0,14,77
05/07/2007,HVN,CT,ANE,EN,Federal Contract Tower,0,19,11,0,30,0,0,75,0,75,0,19,86,0,105,36,0,36,141
05/08/2007,HVN,CT,ANE,EN,Federal Contract Tower,0,9,11,0,20,0,0,60,0,60,0,9,71,0,80,122,0,122,202
05/09/2007,HVN,CT,ANE,EN,Federal Contract Tower,0,23,9,0,32,0,0,87,4,91,0,23,96,4,123,78,0,78,201
05/10/2007,HVN,CT,ANE,EN,Federal Contract Tower,0,18,14,0,32,0,0,31,0,31,0,18,45,0,63,36,0,36,99
05/11/2007,HVN,CT,ANE,EN,Federal Contract Tower,0,14,16,0,30,0,0,6,0,6,0,14,22,0,36,4,0,4,40
05/12/2007,HVN,CT,ANE,EN,Federal Contract Tower,0,9,18,0,27,0,0,115,5,120,0,9,133,5,147,118,0,118,265
05/13/2007,HVN,CT,ANE,EN,Federal Contract Tower,0,6,18,0,24,0,0,83,0,83,0,6,101,0,107,54,0,54,161
05/14/2007,HVN,CT,ANE,EN,Federal Contract Tower,0,13,12,0,25,0,0,121,2,123,0,13,133,2,148,100,4,104,252
05/15/2007,HVN,CT,ANE,EN,Federal Contract Tower,0,16,15,0,31,0,0,91,4,95,0,16,106,4,126,42,0,42,168
05/16/2007,HVN,CT,ANE,EN,Federal Contract Tower,0,9,11,0,20,0,0,50,0,50,0,9,61,0,70,42,0,42,112
05/17/2007,HVN,CT,ANE,EN,Federal Contract Tower,0,25,17,0,42,0,0,98,10,108,0,25,115,10,150,74,0,74,224
05/18/2007,HVN,CT,ANE,EN,Federal Contract Tower,0,18,14,0,32,0,0,8,0,8,0,18,22,0,40,0,0,0,40
05/19/2007,HVN,CT,ANE,EN,Federal Contract Tower,0,9,9,1,19,0,0,31,6,37,0,9,40,7,56,22,2,24,80
05/20/2007,HVN,CT,ANE,EN,Federal Contract Tower,0,9,15,0,24,0,0,63,2,65,0,9,78,2,89,68,0,68,157
05/21/2007,HVN,CT,ANE,EN,Federal Contract Tower,0,19,20,0,39,0,0,107,3,110,0,19,127,3,149,156,0,156,305
05/22/2007,HVN,CT,ANE,EN,Federal Contract Tower,0,15,13,0,28,0,0,115,0,115,0,15,128,0,143,102,0,102,245
05/23/2007,HVN,CT,ANE,EN,Federal Contract Tower,0,11,12,0,23,0,1,82,2,85,0,12,94,2,108,156,0,156,264
05/24/2007,HVN,CT,ANE,EN,Federal Contract Tower,0,16,13,0,29,0,0,107,7,114,0,16,120,7,143,118,0,118,261
05/25/2007,HVN,CT,ANE,EN,Federal Contract Tower,0,14,15,0,29,0,0,117,8,125,0,14,132,8,154,74,0,74,228
05/26/2007,HVN,CT,ANE,EN,Federal Contract Tower,0,7,16,0,23,0,0,91,2,93,0,7,107,2,116,70,0,70,186
05/27/2007,HVN,CT,ANE,EN,Federal Contract Tower,0,6,13,0,19,0,0,87,6,93,0,6,100,6,112,80,0,80,192
05/28/2007,HVN,CT,ANE,EN,Federal Contract Tower,0,13,15,0,28,0,0,65,11,76,0,13,80,11,104,46,0,46,150
05/29/2007,HVN,CT,ANE,EN,Federal Contract Tower,0,20,18,0,38,0,0,114,4,118,0,20,132,4,156,94,0,94,250
05/30/2007,HVN,CT,ANE,EN,Federal Contract Tower,0,15,14,1,30,0,0,88,2,90,0,15,102,3,120,68,0,68,188
05/31/2007,HVN,CT,ANE,EN,Federal Contract Tower,0,22,14,1,37,0,0,80,10,90,0,22,94,11,127,86,0,86,213
06/01/2007,HVN,CT,ANE,EN,Federal Contract Tower,0,16,8,1,25,0,0,82,5,87,0,16,90,6,112,16,0,16,128
06/02/2007,HVN,CT,ANE,EN,Federal Contract Tower,0,16,6,0,22,0,0,69,2,71,0,16,75,2,93,98,0,98,191
06/03/2007,HVN,CT,ANE,EN,Federal Contract Tower,0,14,22,0,36,0,0,68,4,72,0,14,90,4,108,78,4,82,190
06/04/2007,HVN,CT,ANE,EN,Federal Contract Tower,0,14,3,0,17,0,0,0,0,0,0,14,3,0,17,0,0,0,17
06/05/2007,HVN,CT,ANE,EN,Federal Contract Tower,0,14,9,0,23,0,0,30,1,31,0,14,39,1,54,46,0,46,100
06/06/2007,HVN,CT,ANE,EN,Federal Contract Tower,0,23,25,0,48,0,0,89,7,96,0,23,114,7,144,98,0,98,242
06/07/2007,HVN,CT,ANE,EN,Federal Contract Tower,0,14,16,0,30,0,0,109,8,117,0,14,125,8,147,158,0,158,305
06/08/2007,HVN,CT,ANE,EN,Federal Contract Tower,0,20,24,0,44,0,0,90,2,92,0,20,114,2,136,152,0,152,288
06/09/2007,HVN,CT,ANE,EN,Federal Contract Tower,0,12,15,0,27,0,0,4,0,4,0,12,19,0,31,0,0,0,31
06/10/2007,HVN,CT,ANE,EN,Federal Contract Tower,0,11,14,0,25,0,0,55,2,57,0,11,69,2,82,70,0,70,152
06/11/2007,HVN,CT,ANE,EN,Federal Contract Tower,0,12,17,0,29,0,0,62,8,70,0,12,79,8,99,70,0,70,169
06/12/2007,HVN,CT,ANE,EN,Federal Contract Tower,0,15,24,0,39,0,0,42,0,42,0,15,66,0,81,98,0,98,179
06/13/2007,HVN,CT,ANE,EN,Federal Contract Tower,0,17,16,0,33,0,0,35,6,41,0,17,51,6,74,32,0,32,106
06/14/2007,HVN,CT,ANE,EN,Federal Contract Tower,0,15,22,0,37,0,0,60,6,66,0,15,82,6,103,58,0,58,161
06/15/2007,HVN,CT,ANE,EN,Federal Contract Tower,0,18,13,0,31,0,0,98,6,104,0,18,111,6,135,122,0,122,257
06/16/2007,HVN,CT,ANE,EN,Federal Contract Tower,0,7,9,0,16,0,4,85,2,91,0,11,94,2,107,46,0,46,153
06/17/2007,HVN,CT,ANE,EN,Federal Contract Tower,0,13,6,0,19,0,0,93,2,95,0,13,99,2,114,70,0,70,184
06/18/2007,HVN,CT,ANE,EN,Federal Contract Tower,0,18,11,0,29,0,0,66,4,70,0,18,77,4,99,84,0,84,183
06/19/2007,HVN,CT,ANE,EN,Federal Contract Tower,0,11,19,0,30,0,0,87,0,87,0,11,106,0,117,112,0,112,229
06/20/2007,HVN,CT,ANE,EN,Federal Contract Tower,0,22,28,0,50,0,0,37,0,37,0,22,65,0,87,46,0,46,133
06/21/2007,HVN,CT,ANE,EN,Federal Contract Tower,0,15,11,0,26,0,0,91,1,92,0,15,102,1,118,100,0,100,218
06/22/2007,HVN,CT,ANE,EN,Federal Contract Tower,0,18,17,0,35,0,0,64,0,64,0,18,81,0,99,48,0,48,147
06/23/2007,HVN,CT,ANE,EN,Federal Contract Tower,0,8,15,0,23,0,0,97,0,97,0,8,112,0,120,30,0,30,150
06/24/2007,HVN,CT,ANE,EN,Federal Contract Tower,0,9,10,0,19,0,0,109,2,111,0,9,119,2,130,108,0,108,238
06/25/2007,HVN,CT,ANE,EN,Federal Contract Tower,0,23,7,0,30,0,0,92,6,98,0,23,99,6,128,90,0,90,218
06/26/2007,HVN,CT,ANE,EN,Federal Contract Tower,0,15,12,0,27,0,0,72,0,72,0,15,84,0,99,116,0,116,215
06/27/2007,HVN,CT,ANE,EN,Federal Contract Tower,0,13,27,0,40,0,0,10,0,10,0,13,37,0,50,0,0,0,50
06/28/2007,HVN,CT,ANE,EN,Federal Contract Tower,0,18,15,1,34,0,0,33,1,34,0,18,48,2,68,74,0,74,142
06/29/2007,HVN,CT,ANE,EN,Federal Contract Tower,0,20,19,0,39,0,0,119,2,121,0,20,138,2,160,138,0,138,298
06/30/2007,HVN,CT,ANE,EN,Federal Contract Tower,0,14,10,0,24,0,1,104,2,107,0,15,114,2,131,92,0,92,223
07/01/2007,HVN,CT,ANE,EN,Federal Contract Tower,0,6,7,0,13,0,0,105,0,105,0,6,112,0,118,58,0,58,176
07/02/2007,HVN,CT,ANE,EN,Federal Contract Tower,0,14,18,1,33,0,0,84,4,88,0,14,102,5,121,8,0,8,129
07/03/2007,HVN,CT,ANE,EN,Federal Contract Tower,0,16,7,0,23,0,3,107,2,112,0,19,114,2,135,80,0,80,215
07/04/2007,HVN,CT,ANE,EN,Federal Contract Tower,0,7,0,0,7,0,1,74,6,81,0,8,74,6,88,56,0,56,144
07/05/2007,HVN,CT,ANE,EN,Federal Contract Tower,0,10,10,0,20,0,0,44,2,46,0,10,54,2,66,46,0,46,112
07/06/2007,HVN,CT,ANE,EN,Federal Contract Tower,0,12,6,0,18,0,0,51,2,53,0,12,57,2,71,64,0,64,135
07/07/2007,HVN,CT,ANE,EN,Federal Contract Tower,0,8,8,0,16,0,0,89,0,89,0,8,97,0,105,72,0,72,177
07/08/2007,HVN,CT,ANE,EN,Federal Contract Tower,0,10,20,0,30,0,0,92,2,94,0,10,112,2,124,92,0,92,216
07/09/2007,HVN,CT,ANE,EN,Federal Contract Tower,0,11,13,0,24,0,0,48,0,48,0,11,61,0,72,54,0,54,126
07/10/2007,HVN,CT,ANE,EN,Federal Contract Tower,0,10,13,0,23,0,0,48,2,50,0,10,61,2,73,34,0,34,107
07/11/2007,HVN,CT,ANE,EN,Federal Contract Tower,0,11,22,0,33,0,0,4,0,4,0,11,26,0,37,2,0,2,39
07/12/2007,HVN,CT,ANE,EN,Federal Contract Tower,0,15,6,0,21,0,0,76,2,78,0,15,82,2,99,54,0,54,153
07/13/2007,HVN,CT,ANE,EN,Federal Contract Tower,0,10,12,0,22,0,0,96,2,98,0,10,108,2,120,50,0,50,170
07/14/2007,HVN,CT,ANE,EN,Federal Contract Tower,0,10,13,0,23,0,0,96,0,96,0,10,109,0,119,74,0,74,193
07/15/2007,HVN,CT,ANE,EN,Federal Contract Tower,0,10,14,0,24,0,0,51,2,53,0,10,65,2,77,40,0,40,117
07/16/2007,HVN,CT,ANE,EN,Federal Contract Tower,0,16,6,0,22,0,0,89,0,89,0,16,95,0,111,110,0,110,221
07/17/2007,HVN,CT,ANE,EN,Federal Contract Tower,0,10,7,0,17,0,3,73,2,78,0,13,80,2,95,102,0,102,197
07/18/2007,HVN,CT,ANE,EN,Federal Contract Tower,0,13,11,0,24,0,0,0,0,0,0,13,11,0,24,0,0,0,24
07/19/2007,HVN,CT,ANE,EN,Federal Contract Tower,0,22,13,0,35,0,0,12,0,12,0,22,25,0,47,0,0,0,47
07/20/2007,HVN,CT,ANE,EN,Federal Contract Tower,0,20,20,0,40,0,0,95,4,99,0,20,115,4,139,56,0,56,195
07/21/2007,HVN,CT,ANE,EN,Federal Contract Tower,0,8,11,0,19,0,3,104,0,107,0,11,115,0,126,74,0,74,200
07/22/2007,HVN,CT,ANE,EN,Federal Contract Tower,0,9,19,0,28,0,0,121,0,121,0,9,140,0,149,102,0,102,251
07/23/2007,HVN,CT,ANE,EN,Federal Contract Tower,0,14,18,0,32,0,0,2,0,2,0,14,20,0,34,0,0,0,34
07/24/2007,HVN,CT,ANE,EN,Federal Contract Tower,0,14,20,0,34,0,0,81,0,81,0,14,101,0,115,134,0,134,249
07/25/2007,HVN,CT,ANE,EN,Federal Contract Tower,0,10,15,0,25,0,0,114,2,116,0,10,129,2,141,106,0,106,247
07/26/2007,HVN,CT,ANE,EN,Federal Contract Tower,0,13,11,0,24,0,0,100,7,107,0,13,111,7,131,120,0,120,251
07/27/2007,HVN,CT,ANE,EN,Federal Contract Tower,0,13,24,1,38,0,0,78,1,79,0,13,102,2,117,66,2,68,185
07/28/2007,HVN,CT,ANE,EN,Federal Contract Tower,0,9,13,0,22,0,0,18,0,18,0,9,31,0,40,46,0,46,86
07/29/2007,HVN,CT,ANE,EN,Federal Contract Tower,0,4,10,0,14,0,0,15,0,15,0,4,25,0,29,0,0,0,29
07/30/2007,HVN,CT,ANE,EN,Federal Contract Tower,0,11,20,0,31,0,0,71,0,71,0,11,91,0,102,56,0,56,158
07/31/2007,HVN,CT,ANE,EN,Federal Contract Tower,0,13,13,0,26,0,0,68,2,70,0,13,81,2,96,76,0,76,172
08/01/2007,HVN,CT,ANE,EN,Federal Contract Tower,0,10,10,2,22,0,0,122,2,124,0,10,132,4,146,196,0,196,342
08/02/2007,HVN,CT,ANE,EN,Federal Contract Tower,0,9,9,0,18,0,0,82,3,85,0,9,91,3,103,102,0,102,205
08/03/2007,HVN,CT,ANE,EN,Federal Contract Tower,0,10,17,0,27,0,0,70,5,75,0,10,87,5,102,78,0,78,180
08/04/2007,HVN,CT,ANE,EN,Federal Contract Tower,0,8,7,0,15,0,0,69,3,72,0,8,76,3,87,100,0,100,187
08/05/2007,HVN,CT,ANE,EN,Federal Contract Tower,0,11,13,0,24,0,0,81,4,85,0,11,94,4,109,108,0,108,217
08/06/2007,HVN,CT,ANE,EN,Federal Contract Tower,0,10,16,0,26,0,0,9,0,9,0,10,25,0,35,0,0,0,35
08/07/2007,HVN,CT,ANE,EN,Federal Contract Tower,0,16,16,0,32,0,0,69,0,69,0,16,85,0,101,80,0,80,181
08/08/2007,HVN,CT,ANE,EN,Federal Contract Tower,0,13,21,0,34,0,0,45,0,45,0,13,66,0,79,26,0,26,105
08/09/2007,HVN,CT,ANE,EN,Federal Contract Tower,0,14,21,0,35,0,0,96,7,103,0,14,117,7,138,74,0,74,212
08/10/2007,HVN,CT,ANE,EN,Federal Contract Tower,0,15,25,0,40,0,0,2,2,4,0,15,27,2,44,0,0,0,44
08/11/2007,HVN,CT,ANE,EN,Federal Contract Tower,0,7,12,0,19,0,0,100,0,100,0,7,112,0,119,108,0,108,227
08/12/2007,HVN,CT,ANE,EN,Federal Contract Tower,0,9,7,0,16,0,0,74,1,75,0,9,81,1,91,116,0,116,207
08/13/2007,HVN,CT,ANE,EN,Federal Contract Tower,0,19,18,0,37,0,0,84,10,94,0,19,102,10,131,120,0,120,251
08/14/2007,HVN,CT,ANE,EN,Federal Contract Tower,0,8,9,0,17,0,0,89,0,89,0,8,98,0,106,108,0,108,214
08/15/2007,HVN,CT,ANE,EN,Federal Contract Tower,0,11,5,0,16,0,0,97,4,101,0,11,102,4,117,104,0,104,221
08/16/2007,HVN,CT,ANE,EN,Federal Contract Tower,0,15,15,0,30,0,0,62,12,74,0,15,77,12,104,134,0,134,238
08/17/2007,HVN,CT,ANE,EN,Federal Contract Tower,0,12,18,2,32,0,0,94,12,106,0,12,112,14,138,102,0,102,240
08/18/2007,HVN,CT,ANE,EN,Federal Contract Tower,0,12,5,0,17,0,0,96,0,96,0,12,101,0,113,48,0,48,161
08/19/2007,HVN,CT,ANE,EN,Federal Contract Tower,0,10,14,0,24,0,0,116,8,124,0,10,130,8,148,156,0,156,304
08/20/2007,HVN,CT,ANE,EN,Federal Contract Tower,0,10,21,0,31,0,0,59,2,61,0,10,80,2,92,18,0,18,110
08/21/2007,HVN,CT,ANE,EN,Federal Contract Tower,0,9,29,0,38,0,0,10,0,10,0,9,39,0,48,0,0,0,48
08/22/2007,HVN,CT,ANE,EN,Federal Contract Tower,0,11,26,0,37,0,0,81,0,81,0,11,107,0,118,104,0,104,222
08/23/2007,HVN,CT,ANE,EN,Federal Contract Tower,0,24,34,1,59,0,0,45,0,45,0,24,79,1,104,20,0,20,124
08/24/2007,HVN,CT,ANE,EN,Federal Contract Tower,0,15,18,0,33,0,0,59,2,61,0,15,77,2,94,38,0,38,132
08/25/2007,HVN,CT,ANE,EN,Federal Contract Tower,0,8,9,0,17,0,0,6,0,6,0,8,15,0,23,14,0,14,37
08/26/2007,HVN,CT,ANE,EN,Federal Contract Tower,0,11,7,0,18,0,0,100,2,102,0,11,107,2,120,86,0,86,206
08/27/2007,HVN,CT,ANE,EN,Federal Contract Tower,0,10,7,0,17,0,0,90,6,96,0,10,97,6,113,108,0,108,221
08/28/2007,HVN,CT,ANE,EN,Federal Contract Tower,0,15,9,0,24,0,0,82,0,82,0,15,91,0,106,70,0,70,176
08/29/2007,HVN,CT,ANE,EN,Federal Contract Tower,0,15,9,0,24,0,0,70,0,70,0,15,79,0,94,72,0,72,166
08/30/2007,HVN,CT,ANE,EN,Federal Contract Tower,0,13,20,0,33,0,0,71,2,73,0,13,91,2,106,112,0,112,218
08/31/2007,HVN,CT,ANE,EN,Federal Contract Tower,0,12,25,0,37,0,0,79,2,81,0,12,104,2,118,72,0,72,190
09/01/2007,HVN,CT,ANE,EN,Federal Contract Tower,0,10,17,0,27,0,0,81,0,81,0,10,98,0,108,40,0,40,148
09/02/2007,HVN,CT,ANE,EN,Federal Contract Tower,0,13,7,0,20,0,0,72,0,72,0,13,79,0,92,64,0,64,156
09/03/2007,HVN,CT,ANE,EN,Federal Contract Tower,0,6,8,0,14,0,0,92,2,94,0,6,100,2,108,96,0,96,204
09/04/2007,HVN,CT,ANE,EN,Federal Contract Tower,0,10,8,1,19,0,0,85,3,88,0,10,93,4,107,94,0,94,201
09/05/2007,HVN,CT,ANE,EN,Federal Contract Tower,0,13,11,0,24,0,0,108,4,112,0,13,119,4,136,68,0,68,204
09/06/2007,HVN,CT,ANE,EN,Federal Contract Tower,0,18,13,1,32,0,0,81,0,81,0,18,94,1,113,146,0,146,259
09/07/2007,HVN,CT,ANE,EN,Federal Contract Tower,0,8,14,1,23,0,0,54,1,55,0,8,68,2,78,92,0,92,170
09/08/2007,HVN,CT,ANE,EN,Federal Contract Tower,0,10,4,0,14,0,0,79,0,79,0,10,83,0,93,68,0,68,161
09/09/2007,HVN,CT,ANE,EN,Federal Contract Tower,0,9,5,0,14,0,0,63,2,65,0,9,68,2,79,164,0,164,243
09/10/2007,HVN,CT,ANE,EN,Federal Contract Tower,0,12,16,0,28,0,0,0,0,0,0,12,16,0,28,0,0,0,28
09/11/2007,HVN,CT,ANE,EN,Federal Contract Tower,0,10,10,0,20,0,0,0,0,0,0,10,10,0,20,0,0,0,20
09/12/2007,HVN,CT,ANE,EN,Federal Contract Tower,0,10,12,0,22,0,0,66,0,66,0,10,78,0,88,126,0,126,214
09/13/2007,HVN,CT,ANE,EN,Federal Contract Tower,0,14,14,0,28,0,0,85,2,87,0,14,99,2,115,138,0,138,253
09/14/2007,HVN,CT,ANE,EN,Federal Contract Tower,0,12,8,0,20,0,0,101,1,102,0,12,109,1,122,86,0,86,208
09/15/2007,HVN,CT,ANE,EN,Federal Contract Tower,0,8,9,0,17,0,0,32,0,32,0,8,41,0,49,0,0,0,49
09/16/2007,HVN,CT,ANE,EN,Federal Contract Tower,0,7,19,0,26,0,0,129,1,130,0,7,148,1,156,146,0,146,302
09/17/2007,HVN,CT,ANE,EN,Federal Contract Tower,0,9,16,0,25,0,0,78,6,84,0,9,94,6,109,156,0,156,265
09/18/2007,HVN,CT,ANE,EN,Federal Contract Tower,0,9,24,0,33,0,0,71,2,73,0,9,95,2,106,102,0,102,208
09/19/2007,HVN,CT,ANE,EN,Federal Contract Tower,0,11,25,0,36,0,0,87,0,87,0,11,112,0,123,112,0,112,235
09/20/2007,HVN,CT,ANE,EN,Federal Contract Tower,0,10,6,0,16,0,0,86,2,88,0,10,92,2,104,92,0,92,196
09/21/2007,HVN,CT,ANE,EN,Federal Contract Tower,0,18,26,0,44,0,0,77,0,77,0,18,103,0,121,156,0,156,277
09/22/2007,HVN,CT,ANE,EN,Federal Contract Tower,0,8,29,0,37,0,0,34,1,35,0,8,63,1,72,78,0,78,150
09/23/2007,HVN,CT,ANE,EN,Federal Contract Tower,0,8,21,0,29,0,0,74,2,76,0,8,95,2,105,122,0,122,227
09/24/2007,HVN,CT,ANE,EN,Federal Contract Tower,0,9,15,0,24,0,0,76,1,77,0,9,91,1,101,110,0,110,211
09/25/2007,HVN,CT,ANE,EN,Federal Contract Tower,0,8,15,1,24,0,0,93,2,95,0,8,108,3,119,72,0,72,191
09/26/2007,HVN,CT,ANE,EN,Federal Contract Tower,0,12,9,0,21,0,0,55,0,55,0,12,64,0,76,50,0,50,126
09/27/2007,HVN,CT,ANE,EN,Federal Contract Tower,0,15,13,0,28,0,0,44,0,44,0,15,57,0,72,66,0,66,138
09/28/2007,HVN,CT,ANE,EN,Federal Contract Tower,0,12,17,0,29,0,0,36,1,37,0,12,53,1,66,34,0,34,100
09/29/2007,HVN,CT,ANE,EN,Federal Contract Tower,0,9,15,0,24,0,0,79,2,81,0,9,94,2,105,110,0,110,215
09/30/2007,HVN,CT,ANE,EN,Federal Contract Tower,0,12,6,0,18,0,0,76,3,79,0,12,82,3,97,78,0,78,175
10/01/2007,HVN,CT,ANE,EN,Federal Contract Tower,0,11,10,0,21,0,0,53,0,53,0,11,63,0,74,72,0,72,146
10/02/2007,HVN,CT,ANE,EN,Federal Contract Tower,0,16,20,0,36,0,0,70,0,70,0,16,90,0,106,60,0,60,166
10/03/2007,HVN,CT,ANE,EN,Federal Contract Tower,0,10,40,0,50,0,0,0,0,0,0,10,40,0,50,0,0,0,50
10/04/2007,HVN,CT,ANE,EN,Federal Contract Tower,0,13,30,0,43,0,0,50,0,50,0,13,80,0,93,86,0,86,179
10/05/2007,HVN,CT,ANE,EN,Federal Contract Tower,0,15,30,0,45,0,0,4,0,4,0,15,34,0,49,14,0,14,63
10/06/2007,HVN,CT,ANE,EN,Federal Contract Tower,0,15,25,0,40,0,0,34,0,34,0,15,59,0,74,24,0,24,98
10/07/2007,HVN,CT,ANE,EN,Federal Contract Tower,0,13,32,0,45,0,0,56,0,56,0,13,88,0,101,74,0,74,175
10/08/2007,HVN,CT,ANE,EN,Federal Contract Tower,0,16,11,0,27,0,0,51,1,52,0,16,62,1,79,52,0,52,131
10/09/2007,HVN,CT,ANE,EN,Federal Contract Tower,0,9,24,0,33,0,0,32,0,32,0,9,56,0,65,44,0,44,109
10/10/2007,HVN,CT,ANE,EN,Federal Contract Tower,0,14,26,0,40,0,0,0,0,0,0,14,26,0,40,0,0,0,40
10/11/2007,HVN,CT,ANE,EN,Federal Contract Tower,0,11,18,0,29,0,0,0,0,0,0,11,18,0,29,0,0,0,29
10/12/2007,HVN,CT,ANE,EN,Federal Contract Tower,0,17,25,0,42,0,0,15,2,17,0,17,40,2,59,4,0,4,63
10/13/2007,HVN,CT,ANE,EN,Federal Contract Tower,0,17,10,0,27,0,0,46,0,46,0,17,56,0,73,108,0,108,181
10/14/2007,HVN,CT,ANE,EN,Federal Contract Tower,0,8,12,0,20,0,0,48,0,48,0,8,60,0,68,68,0,68,136
10/15/2007,HVN,CT,ANE,EN,Federal Contract Tower,0,15,8,0,23,0,0,59,0,59,0,15,67,0,82,86,0,86,168
10/16/2007,HVN,CT,ANE,EN,Federal Contract Tower,0,10,5,0,15,0,0,51,0,51,0,10,56,0,66,96,0,96,162
10/17/2007,HVN,CT,ANE,EN,Federal Contract Tower,0,13,23,0,36,0,0,44,0,44,0,13,67,0,80,76,0,76,156
10/18/2007,HVN,CT,ANE,EN,Federal Contract Tower,0,12,9,0,21,0,0,9,0,9,0,12,18,0,30,40,0,40,70
10/19/2007,HVN,CT,ANE,EN,Federal Contract Tower,0,13,12,0,25,0,0,0,0,0,0,13,12,0,25,0,0,0,25
10/20/2007,HVN,CT,ANE,EN,Federal Contract Tower,0,13,14,0,27,0,0,66,0,66,0,13,80,0,93,116,0,116,209
10/21/2007,HVN,CT,ANE,EN,Federal Contract Tower,0,11,14,0,25,0,0,85,0,85,0,11,99,0,110,118,0,118,228
10/22/2007,HVN,CT,ANE,EN,Federal Contract Tower,0,17,6,0,23,0,0,76,2,78,0,17,82,2,101,138,0,138,239
10/23/2007,HVN,CT,ANE,EN,Federal Contract Tower,0,10,6,0,16,0,0,36,0,36,0,10,42,0,52,30,0,30,82
10/24/2007,HVN,CT,ANE,EN,Federal Contract Tower,0,9,16,0,25,0,0,29,0,29,0,9,45,0,54,102,0,102,156
10/25/2007,HVN,CT,ANE,EN,Federal Contract Tower,0,13,11,0,24,0,0,18,0,18,0,13,29,0,42,64,0,64,106
10/26/2007,HVN,CT,ANE,EN,Federal Contract Tower,0,10,14,0,24,0,0,24,0,24,0,10,38,0,48,42,0,42,90
10/27/2007,HVN,CT,ANE,EN,Federal Contract Tower,0,13,12,0,25,0,0,0,0,0,0,13,12,0,25,2,0,2,27
10/28/2007,HVN,CT,ANE,EN,Federal Contract Tower,0,9,4,0,13,0,0,42,0,42,0,9,46,0,55,72,0,72,127
10/29/2007,HVN,CT,ANE,EN,Federal Contract Tower,0,13,14,0,27,0,0,69,0,69,0,13,83,0,96,108,0,108,204
10/30/2007,HVN,CT,ANE,EN,Federal Contract Tower,0,12,8,1,21,0,0,86,0,86,0,12,94,1,107,198,0,198,305
10/31/2007,HVN,CT,ANE,EN,Federal Contract Tower,0,12,13,0,25,0,0,62,8,70,0,12,75,8,95,86,0,86,181
11/01/2007,HVN,CT,ANE,EN,Federal Contract Tower,0,11,14,0,25,0,0,51,0,51,0,11,65,0,76,64,0,64,140
11/02/2007,HVN,CT,ANE,EN,Federal Contract Tower,0,14,14,0,28,0,0,63,0,63,0,14,77,0,91,24,8,32,123
11/03/2007,HVN,CT,ANE,EN,Federal Contract Tower,0,8,4,0,12,0,0,0,0,0,0,8,4,0,12,0,0,0,12
11/04/2007,HVN,CT,ANE,EN,Federal Contract Tower,0,10,8,0,18,0,0,46,0,46,0,10,54,0,64,88,0,88,152
11/05/2007,HVN,CT,ANE,EN,Federal Contract Tower,0,8,27,0,35,0,0,55,0,55,0,8,82,0,90,132,0,132,222
11/06/2007,HVN,CT,ANE,EN,Federal Contract Tower,0,14,12,0,26,0,0,50,0,50,0,14,62,0,76,28,0,28,104
11/07/2007,HVN,CT,ANE,EN,Federal Contract Tower,0,8,11,0,19,0,0,53,0,53,0,8,64,0,72,58,2,60,132
11/08/2007,HVN,CT,ANE,EN,Federal Contract Tower,0,12,9,0,21,0,0,51,0,51,0,12,60,0,72,74,2,76,148
11/09/2007,HVN,CT,ANE,EN,Federal Contract Tower,0,9,20,0,29,0,0,41,0,41,0,9,61,0,70,30,0,30,100
11/10/2007,HVN,CT,ANE,EN,Federal Contract Tower,0,8,12,0,20,0,0,41,0,41,0,8,53,0,61,114,0,114,175
11/11/2007,HVN,CT,ANE,EN,Federal Contract Tower,0,4,11,0,15,0,0,57,9,66,0,4,68,9,81,80,0,80,161
11/12/2007,HVN,CT,ANE,EN,Federal Contract Tower,0,10,5,0,15,0,0,39,0,39,0,10,44,0,54,100,0,100,154
11/13/2007,HVN,CT,ANE,EN,Federal Contract Tower,0,10,22,0,32,0,0,37,0,37,0,10,59,0,69,38,0,38,107
11/14/2007,HVN,CT,ANE,EN,Federal Contract Tower,0,16,25,1,42,0,0,41,0,41,0,16,66,1,83,30,0,30,113
11/15/2007,HVN,CT,ANE,EN,Federal Contract Tower,0,11,13,0,24,0,0,0,0,0,0,11,13,0,24,0,0,0,24
11/16/2007,HVN,CT,ANE,EN,Federal Contract Tower,0,15,17,0,32,0,0,17,0,17,0,15,34,0,49,0,0,0,49
11/17/2007,HVN,CT,ANE,EN,Federal Contract Tower,0,19,33,0,52,0,0,72,0,72,0,19,105,0,124,118,0,118,242
11/18/2007,HVN,CT,ANE,EN,Federal Contract Tower,0,12,24,0,36,0,0,58,0,58,0,12,82,0,94,136,24,160,254
11/19/2007,HVN,CT,ANE,EN,Federal Contract Tower,0,13,15,2,30,0,0,38,0,38,0,13,53,2,68,70,2,72,140
11/20/2007,HVN,CT,ANE,EN,Federal Contract Tower,0,12,24,2,38,0,0,0,0,0,0,12,24,2,38,0,0,0,38
11/21/2007,HVN,CT,ANE,EN,Federal Contract Tower,0,14,20,1,35,0,0,2,0,2,0,14,22,1,37,4,0,4,41
11/22/2007,HVN,CT,ANE,EN,Federal Contract Tower,0,5,1,0,6,0,0,5,2,7,0,5,6,2,13,6,0,6,19
11/23/2007,HVN,CT,ANE,EN,Federal Contract Tower,0,9,7,0,16,0,0,52,0,52,0,9,59,0,68,62,0,62,130
11/24/2007,HVN,CT,ANE,EN,Federal Contract Tower,0,9,12,0,21,0,0,57,0,57,0,9,69,0,78,70,0,70,148
11/25/2007,HVN,CT,ANE,EN,Federal Contract Tower,0,12,29,0,41,0,0,82,0,82,0,12,111,0,123,110,0,110,233
11/26/2007,HVN,CT,ANE,EN,Federal Contract Tower,0,7,13,0,20,0,0,0,0,0,0,7,13,0,20,0,0,0,20
11/27/2007,HVN,CT,ANE,EN,Federal Contract Tower,0,5,11,0,16,0,4,35,0,39,0,9,46,0,55,50,0,50,105
11/28/2007,HVN,CT,ANE,EN,Federal Contract Tower,0,14,21,2,37,0,0,64,0,64,0,14,85,2,101,140,0,140,241
11/29/2007,HVN,CT,ANE,EN,Federal Contract Tower,0,16,15,0,31,0,0,21,0,21,0,16,36,0,52,50,0,50,102
11/30/2007,HVN,CT,ANE,EN,Federal Contract Tower,0,14,6,0,20,0,0,54,0,54,0,14,60,0,74,56,0,56,130
12/01/2007,HVN,CT,ANE,EN,Federal Contract Tower,0,7,5,0,12,0,0,55,0,55,0,7,60,0,67,110,0,110,177
12/02/2007,HVN,CT,ANE,EN,Federal Contract Tower,0,6,4,0,10,0,0,4,0,4,0,6,8,0,14,56,0,56,70
12/03/2007,HVN,CT,ANE,EN,Federal Contract Tower,0,13,9,0,22,0,0,6,0,6,0,13,15,0,28,0,2,2,30
12/04/2007,HVN,CT,ANE,EN,Federal Contract Tower,0,13,10,0,23,0,0,15,0,15,0,13,25,0,38,0,0,0,38
12/05/2007,HVN,CT,ANE,EN,Federal Contract Tower,0,7,9,0,16,0,0,45,0,45,0,7,54,0,61,62,0,62,123
12/06/2007,HVN,CT,ANE,EN,Federal Contract Tower,0,13,11,0,24,0,0,58,0,58,0,13,69,0,82,80,0,80,162
12/07/2007,HVN,CT,ANE,EN,Federal Contract Tower,0,9,11,0,20,0,0,25,0,25,0,9,36,0,45,36,0,36,81
12/08/2007,HVN,CT,ANE,EN,Federal Contract Tower,0,7,3,0,10,0,0,45,0,45,0,7,48,0,55,166,2,168,223
12/09/2007,HVN,CT,ANE,EN,Federal Contract Tower,0,5,11,0,16,0,0,25,0,25,0,5,36,0,41,54,0,54,95
12/10/2007,HVN,CT,ANE,EN,Federal Contract Tower,0,9,8,0,17,0,0,2,0,2,0,9,10,0,19,0,0,0,19
12/11/2007,HVN,CT,ANE,EN,Federal Contract Tower,0,10,12,0,22,0,0,38,0,38,0,10,50,0,60,60,0,60,120
12/12/2007,HVN,CT,ANE,EN,Federal Contract Tower,0,10,5,0,15,0,0,29,0,29,0,10,34,0,44,67,0,67,111
12/13/2007,HVN,CT,ANE,EN,Federal Contract Tower,0,5,7,0,12,0,0,1,0,1,0,5,8,0,13,0,0,0,13
12/14/2007,HVN,CT,ANE,EN,Federal Contract Tower,0,10,14,0,24,0,0,34,0,34,0,10,48,0,58,32,0,32,90
12/15/2007,HVN,CT,ANE,EN,Federal Contract Tower,0,6,6,0,12,0,2,37,0,39,0,8,43,0,51,48,0,48,99
12/16/2007,HVN,CT,ANE,EN,Federal Contract Tower,0,3,0,0,3,0,0,0,0,0,0,3,0,0,3,0,0,0,3
12/17/2007,HVN,CT,ANE,EN,Federal Contract Tower,0,8,4,0,12,0,0,19,0,19,0,8,23,0,31,22,0,22,53
12/18/2007,HVN,CT,ANE,EN,Federal Contract Tower,0,12,13,0,25,0,0,41,0,41,0,12,54,0,66,28,0,28,94
12/19/2007,HVN,CT,ANE,EN,Federal Contract Tower,0,12,15,0,27,0,0,34,0,34,0,12,49,0,61,74,0,74,135
12/20/2007,HVN,CT,ANE,EN,Federal Contract Tower,0,12,12,0,24,0,0,42,0,42,0,12,54,0,66,52,0,52,118
12/21/2007,HVN,CT,ANE,EN,Federal Contract Tower,0,16,8,0,24,0,0,26,0,26,0,16,34,0,50,36,0,36,86
12/22/2007,HVN,CT,ANE,EN,Federal Contract Tower,0,11,1,0,12,0,0,35,0,35,0,11,36,0,47,118,0,118,165
12/23/2007,HVN,CT,ANE,EN,Federal Contract Tower,0,7,9,4,20,0,0,11,0,11,0,7,20,4,31,44,0,44,75
12/24/2007,HVN,CT,ANE,EN,Federal Contract Tower,0,6,2,0,8,0,0,17,0,17,0,6,19,0,25,10,0,10,35
12/25/2007,HVN,CT,ANE,EN,Federal Contract Tower,0,10,2,0,12,0,0,16,0,16,0,10,18,0,28,22,0,22,50
12/26/2007,HVN,CT,ANE,EN,Federal Contract Tower,0,12,8,2,22,0,0,70,0,70,0,12,78,2,92,100,0,100,192
12/27/2007,HVN,CT,ANE,EN,Federal Contract Tower,0,9,2,0,11,0,0,0,0,0,0,9,2,0,11,0,0,0,11
12/28/2007,HVN,CT,ANE,EN,Federal Contract Tower,0,10,6,0,16,0,0,89,3,92,0,10,95,3,108,82,0,82,190
12/29/2007,HVN,CT,ANE,EN,Federal Contract Tower,0,10,6,0,16,0,0,39,0,39,0,10,45,0,55,10,6,16,71
12/30/2007,HVN,CT,ANE,EN,Federal Contract Tower,0,7,5,0,12,0,0,33,2,35,0,7,38,2,47,20,2,22,69
12/31/2007,HVN,CT,ANE,EN,Federal Contract Tower,0,7,5,0,12,0,0,28,3,31,0,7,33,3,43,52,10,62,105
01/01/2008,HVN,CT,ANE,EN,Federal Contract Tower,0,7,4,0,11,0,0,4,0,4,0,7,8,0,15,0,0,0,15
01/02/2008,HVN,CT,ANE,EN,Federal Contract Tower,0,11,7,0,18,0,0,12,0,12,0,11,19,0,30,0,0,0,30
01/03/2008,HVN,CT,ANE,EN,Federal Contract Tower,0,12,5,0,17,0,0,17,4,21,0,12,22,4,38,22,0,22,60
01/04/2008,HVN,CT,ANE,EN,Federal Contract Tower,0,10,7,0,17,0,0,22,0,22,0,10,29,0,39,2,0,2,41
01/05/2008,HVN,CT,ANE,EN,Federal Contract Tower,0,6,16,1,23,0,2,52,1,55,0,8,68,2,78,92,0,92,170
01/06/2008,HVN,CT,ANE,EN,Federal Contract Tower,0,6,16,0,22,0,0,42,0,42,0,6,58,0,64,126,0,126,190
01/07/2008,HVN,CT,ANE,EN,Federal Contract Tower,0,10,13,0,23,0,0,61,0,61,0,10,74,0,84,114,0,114,198
01/08/2008,HVN,CT,ANE,EN,Federal Contract Tower,0,11,6,0,17,0,0,49,0,49,0,11,55,0,66,88,0,88,154
01/09/2008,HVN,CT,ANE,EN,Federal Contract Tower,0,8,4,0,12,0,0,3,0,3,0,8,7,0,15,0,0,0,15
01/10/2008,HVN,CT,ANE,EN,Federal Contract Tower,0,10,9,0,19,0,0,79,0,79,0,10,88,0,98,98,0,98,196
01/11/2008,HVN,CT,ANE,EN,Federal Contract Tower,0,20,14,0,34,0,0,1,0,1,0,20,15,0,35,0,0,0,35
01/12/2008,HVN,CT,ANE,EN,Federal Contract Tower,0,8,7,0,15,0,1,83,2,86,0,9,90,2,101,136,0,136,237
01/13/2008,HVN,CT,ANE,EN,Federal Contract Tower,0,14,14,0,28,0,0,53,0,53,0,14,67,0,81,122,0,122,203
01/14/2008,HVN,CT,ANE,EN,Federal Contract Tower,0,7,5,0,12,0,0,6,0,6,0,7,11,0,18,14,0,14,32
01/15/2008,HVN,CT,ANE,EN,Federal Contract Tower,0,12,6,0,18,0,1,42,0,43,0,13,48,0,61,76,0,76,137
01/16/2008,HVN,CT,ANE,EN,Federal Contract Tower,0,7,21,0,28,0,0,62,0,62,0,7,83,0,90,52,0,52,142
01/17/2008,HVN,CT,ANE,EN,Federal Contract Tower,0,8,13,0,21,0,0,31,0,31,0,8,44,0,52,44,0,44,96
01/18/2008,HVN,CT,ANE,EN,Federal Contract Tower,0,14,6,2,22,0,2,30,0,32,0,16,36,2,54,16,0,16,70
01/19/2008,HVN,CT,ANE,EN,Federal Contract Tower,0,8,17,0,25,0,1,60,1,62,0,9,77,1,87,36,0,36,123
01/20/2008,HVN,CT,ANE,EN,Federal Contract Tower,0,12,6,0,18,0,0,39,2,41,0,12,45,2,59,12,0,12,71
01/21/2008,HVN,CT,ANE,EN,Federal Contract Tower,0,14,10,0,24,0,0,41,0,41,0,14,51,0,65,68,0,68,133
01/22/2008,HVN,CT,ANE,EN,Federal Contract Tower,0,11,0,0,11,0,2,21,0,23,0,13,21,0,34,10,0,10,44
01/23/2008,HVN,CT,ANE,EN,Federal Contract Tower,0,9,12,1,22,0,0,64,0,64,0,9,76,1,86,108,0,108,194
01/24/2008,HVN,CT,ANE,EN,Federal Contract Tower,0,12,6,0,18,0,0,32,2,34,0,12,38,2,52,46,0,46,98
01/25/2008,HVN,CT,ANE,EN,Federal Contract Tower,0,10,11,0,21,0,0,78,0,78,0,10,89,0,99,28,0,28,127
01/26/2008,HVN,CT,ANE,EN,Federal Contract Tower,0,8,7,1,16,0,1,66,0,67,0,9,73,1,83,116,0,116,199
01/27/2008,HVN,CT,ANE,EN,Federal Contract Tower,0,6,7,0,13,0,0,26,0,26,0,6,33,0,39,70,0,70,109
01/28/2008,HVN,CT,ANE,EN,Federal Contract Tower,0,10,3,0,13,0,0,54,0,54,0,10,57,0,67,90,0,90,157
01/29/2008,HVN,CT,ANE,EN,Federal Contract Tower,0,13,9,0,22,0,0,54,0,54,0,13,63,0,76,88,0,88,164
01/30/2008,HVN,CT,ANE,EN,Federal Contract Tower,0,8,3,0,11,0,0,1,0,1,0,8,4,0,12,0,0,0,12
01/31/2008,HVN,CT,ANE,EN,Federal Contract Tower,0,13,15,1,29,0,0,75,1,76,0,13,90,2,105,58,0,58,163
02/01/2008,HVN,CT,ANE,EN,Federal Contract Tower,0,9,12,0,21,0,0,0,0,0,0,9,12,0,21,0,0,0,21
02/02/2008,HVN,CT,ANE,EN,Federal Contract Tower,0,7,4,0,11,0,0,63,0,63,0,7,67,0,74,70,0,70,144
02/03/2008,HVN,CT,ANE,EN,Federal Contract Tower,0,6,11,0,17,0,0,52,0,52,0,6,63,0,69,78,0,78,147
02/04/2008,HVN,CT,ANE,EN,Federal Contract Tower,0,11,13,0,24,0,0,18,0,18,0,11,31,0,42,38,0,38,80
02/05/2008,HVN,CT,ANE,EN,Federal Contract Tower,0,10,12,0,22,0,0,1,0,1,0,10,13,0,23,26,0,26,49
02/06/2008,HVN,CT,ANE,EN,Federal Contract Tower,0,11,5,0,16,0,0,2,0,2,0,11,7,0,18,20,0,20,38
02/07/2008,HVN,CT,ANE,EN,Federal Contract Tower,0,14,7,0,21,0,0,34,0,34,0,14,41,0,55,52,0,52,107
02/08/2008,HVN,CT,ANE,EN,Federal Contract Tower,0,12,1,0,13,0,0,24,0,24,0,12,25,0,37,80,0,80,117
02/09/2008,HVN,CT,ANE,EN,Federal Contract Tower,0,4,2,0,6,0,1,42,0,43,0,5,44,0,49,72,0,72,121
02/10/2008,HVN,CT,ANE,EN,Federal Contract Tower,0,7,1,0,8,0,0,5,0,5,0,7,6,0,13,4,0,4,17
02/11/2008,HVN,CT,ANE,EN,Federal Contract Tower,0,9,7,0,16,0,0,20,0,20,0,9,27,0,36,34,0,34,70
02/12/2008,HVN,CT,ANE,EN,Federal Contract Tower,0,10,16,0,26,0,0,30,0,30,0,10,46,0,56,60,0,60,116
02/13/2008,HVN,CT,ANE,EN,Federal Contract Tower,0,9,4,0,13,0,0,0,0,0,0,9,4,0,13,0,0,0,13
02/14/2008,HVN,CT,ANE,EN,Federal Contract Tower,0,9,25,0,34,0,0,38,0,38,0,9,63,0,72,28,0,28,100
02/15/2008,HVN,CT,ANE,EN,Federal Contract Tower,0,12,19,0,31,0,0,50,0,50,0,12,69,0,81,34,0,34,115
02/16/2008,HVN,CT,ANE,EN,Federal Contract Tower,0,7,13,0,20,0,0,54,0,54,0,7,67,0,74,134,0,134,208
02/17/2008,HVN,CT,ANE,EN,Federal Contract Tower,0,7,4,0,11,0,0,39,0,39,0,7,43,0,50,126,0,126,176
02/18/2008,HVN,CT,ANE,EN,Federal Contract Tower,0,12,5,0,17,0,0,0,0,0,0,12,5,0,17,0,0,0,17
02/19/2008,HVN,CT,ANE,EN,Federal Contract Tower,0,9,11,0,20,0,0,33,0,33,0,9,44,0,53,8,0,8,61
02/20/2008,HVN,CT,ANE,EN,Federal Contract Tower,0,12,14,0,26,0,0,50,0,50,0,12,64,0,76,62,0,62,138
02/21/2008,HVN,CT,ANE,EN,Federal Contract Tower,0,11,17,4,32,0,0,73,0,73,0,11,90,4,105,100,0,100,205
02/22/2008,HVN,CT,ANE,EN,Federal Contract Tower,0,6,6,0,12,0,0,0,0,0,0,6,6,0,12,0,0,0,12
02/23/2008,HVN,CT,ANE,EN,Federal Contract Tower,0,9,8,0,17,0,0,6,0,6,0,9,14,0,23,66,0,66,89
02/24/2008,HVN,CT,ANE,EN,Federal Contract Tower,0,13,17,0,30,0,0,82,0,82,0,13,99,0,112,78,0,78,190
02/25/2008,HVN,CT,ANE,EN,Federal Contract Tower,0,15,13,0,28,0,0,50,0,50,0,15,63,0,78,88,0,88,166
02/26/2008,HVN,CT,ANE,EN,Federal Contract Tower,0,20,5,0,25,0,0,2,0,2,0,20,7,0,27,16,0,16,43
02/27/2008,HVN,CT,ANE,EN,Federal Contract Tower,0,9,7,0,16,0,0,30,0,30,0,9,37,0,46,74,0,74,120
02/28/2008,HVN,CT,ANE,EN,Federal Contract Tower,0,11,9,0,20,0,0,61,0,61,0,11,70,0,81,60,2,62,143
02/29/2008,HVN,CT,ANE,EN,Federal Contract Tower,0,13,3,0,16,0,2,48,0,50,0,15,51,0,66,52,2,54,120
03/01/2008,HVN,CT,ANE,EN,Federal Contract Tower,0,8,6,0,14,0,0,30,0,30,0,8,36,0,44,24,0,24,68
03/02/2008,HVN,CT,ANE,EN,Federal Contract Tower,0,10,12,0,22,0,0,94,0,94,0,10,106,0,116,106,0,106,222
03/03/2008,HVN,CT,ANE,EN,Federal Contract Tower,0,12,6,0,18,0,0,67,0,67,0,12,73,0,85,84,0,84,169
03/04/2008,HVN,CT,ANE,EN,Federal Contract Tower,0,13,11,0,24,0,0,14,0,14,0,13,25,0,38,0,0,0,38
03/05/2008,HVN,CT,ANE,EN,Federal Contract Tower,0,14,2,0,16,0,0,13,0,13,0,14,15,0,29,32,0,32,61
03/06/2008,HVN,CT,ANE,EN,Federal Contract Tower,0,11,12,0,23,0,0,61,0,61,0,11,73,0,84,134,0,134,218
03/07/2008,HVN,CT,ANE,EN,Federal Contract Tower,0,14,7,0,21,0,0,36,0,36,0,14,43,0,57,44,0,44,101
03/08/2008,HVN,CT,ANE,EN,Federal Contract Tower,0,3,3,0,6,0,0,0,0,0,0,3,3,0,6,0,0,0,6
03/09/2008,HVN,CT,ANE,EN,Federal Contract Tower,0,11,4,0,15,0,0,8,0,8,0,11,12,0,23,0,0,0,23
03/10/2008,HVN,CT,ANE,EN,Federal Contract Tower,0,14,10,0,24,0,0,61,1,62,0,14,71,1,86,154,0,154,240
03/11/2008,HVN,CT,ANE,EN,Federal Contract Tower,0,10,4,0,14,0,0,56,0,56,0,10,60,0,70,90,0,90,160
03/12/2008,HVN,CT,ANE,EN,Federal Contract Tower,0,12,6,1,19,0,0,22,0,22,0,12,28,1,41,2,0,2,43
03/13/2008,HVN,CT,ANE,EN,Federal Contract Tower,0,13,13,0,26,0,0,81,0,81,0,13,94,0,107,64,0,64,171
03/14/2008,HVN,CT,ANE,EN,Federal Contract Tower,0,16,17,0,33,0,0,37,2,39,0,16,54,2,72,84,10,94,166
03/15/2008,HVN,CT,ANE,EN,Federal Contract Tower,0,9,6,1,16,0,0,27,1,28,0,9,33,2,44,116,0,116,160
03/16/2008,HVN,CT,ANE,EN,Federal Contract Tower,0,8,6,0,14,0,0,30,0,30,0,8,36,0,44,64,0,64,108
03/17/2008,HVN,CT,ANE,EN,Federal Contract Tower,0,12,13,0,25,0,0,42,0,42,0,12,55,0,67,50,0,50,117
03/18/2008,HVN,CT,ANE,EN,Federal Contract Tower,0,9,4,0,13,0,0,69,0,69,0,9,73,0,82,118,0,118,200
03/19/2008,HVN,CT,ANE,EN,Federal Contract Tower,0,10,14,0,24,0,0,0,0,0,0,10,14,0,24,0,0,0,24
03/20/2008,HVN,CT,ANE,EN,Federal Contract Tower,0,10,10,0,20,0,0,15,2,17,0,10,25,2,37,0,0,0,37
03/21/2008,HVN,CT,ANE,EN,Federal Contract Tower,0,9,6,0,15,0,0,13,0,13,0,9,19,0,28,2,0,2,30
03/22/2008,HVN,CT,ANE,EN,Federal Contract Tower,0,6,7,1,14,0,0,104,0,104,0,6,111,1,118,86,0,86,204
03/23/2008,HVN,CT,ANE,EN,Federal Contract Tower,0,7,18,0,25,0,0,36,0,36,0,7,54,0,61,46,0,46,107
03/24/2008,HVN,CT,ANE,EN,Federal Contract Tower,0,13,5,1,19,0,0,102,0,102,0,13,107,1,121,220,0,220,341
03/25/2008,HVN,CT,ANE,EN,Federal Contract Tower,0,14,12,0,26,0,0,64,0,64,0,14,76,0,90,46,0,46,136
03/26/2008,HVN,CT,ANE,EN,Federal Contract Tower,0,10,10,0,20,0,0,49,0,49,0,10,59,0,69,42,0,42,111
03/27/2008,HVN,CT,ANE,EN,Federal Contract Tower,0,11,12,0,23,0,0,51,0,51,0,11,63,0,74,74,0,74,148
03/28/2008,HVN,CT,ANE,EN,Federal Contract Tower,0,10,13,0,23,0,0,9,0,9,0,10,22,0,32,16,0,16,48
03/29/2008,HVN,CT,ANE,EN,Federal Contract Tower,0,11,14,0,25,0,0,54,0,54,0,11,68,0,79,58,0,58,137
03/30/2008,HVN,CT,ANE,EN,Federal Contract Tower,0,9,8,0,17,0,0,88,0,88,0,9,96,0,105,192,0,192,297
03/31/2008,HVN,CT,ANE,EN,Federal Contract Tower,0,9,22,0,31,0,0,13,0,13,0,9,35,0,44,0,0,0,44
04/01/2008,HVN,CT,ANE,EN,Federal Contract Tower,0,10,6,0,16,0,0,0,0,0,0,10,6,0,16,0,0,0,16
04/02/2008,HVN,CT,ANE,EN,Federal Contract Tower,0,9,8,0,17,0,0,41,0,41,0,9,49,0,58,6,0,6,64
04/03/2008,HVN,CT,ANE,EN,Federal Contract Tower,0,12,19,0,31,0,0,87,0,87,0,12,106,0,118,100,0,100,218
04/04/2008,HVN,CT,ANE,EN,Federal Contract Tower,0,10,12,0,22,0,0,0,0,0,0,10,12,0,22,0,0,0,22
04/05/2008,HVN,CT,ANE,EN,Federal Contract Tower,0,8,18,1,27,0,0,51,0,51,0,8,69,1,78,122,2,124,202
04/06/2008,HVN,CT,ANE,EN,Federal Contract Tower,0,11,8,0,19,0,0,40,0,40,0,11,48,0,59,64,0,64,123
04/07/2008,HVN,CT,ANE,EN,Federal Contract Tower,0,9,11,2,22,0,0,55,0,55,0,9,66,2,77,40,0,40,117
04/08/2008,HVN,CT,ANE,EN,Federal Contract Tower,0,15,11,0,26,0,2,50,0,52,0,17,61,0,78,54,0,54,132
04/09/2008,HVN,CT,ANE,EN,Federal Contract Tower,0,20,22,0,42,0,0,60,0,60,0,20,82,0,102,108,0,108,210
04/10/2008,HVN,CT,ANE,EN,Federal Contract Tower,0,18,22,0,40,0,0,50,0,50,0,18,72,0,90,22,0,22,112
04/11/2008,HVN,CT,ANE,EN,Federal Contract Tower,0,15,20,0,35,0,0,54,0,54,0,15,74,0,89,112,0,112,201
04/12/2008,HVN,CT,ANE,EN,Federal Contract Tower,0,13,6,0,19,0,0,22,0,22,0,13,28,0,41,26,0,26,67
04/13/2008,HVN,CT,ANE,EN,Federal Contract Tower,0,10,8,0,18,0,0,79,0,79,0,10,87,0,97,76,0,76,173
04/14/2008,HVN,CT,ANE,EN,Federal Contract Tower,0,14,14,0,28,0,0,52,2,54,0,14,66,2,82,38,0,38,120
04/15/2008,HVN,CT,ANE,EN,Federal Contract Tower,0,12,13,1,26,0,1,76,0,77,0,13,89,1,103,54,0,54,157
04/16/2008,HVN,CT,ANE,EN,Federal Contract Tower,0,6,5,0,11,0,0,91,0,91,0,6,96,0,102,92,0,92,194
04/17/2008,HVN,CT,ANE,EN,Federal Contract Tower,0,12,10,0,22,0,0,95,0,95,0,12,105,0,117,140,0,140,257
04/18/2008,HVN,CT,ANE,EN,Federal Contract Tower,0,15,21,0,36,0,0,101,0,101,0,15,122,0,137,204,0,204,341
04/19/2008,HVN,CT,ANE,EN,Federal Contract Tower,0,8,8,0,16,0,0,78,0,78,0,8,86,0,94,116,0,116,210
04/20/2008,HVN,CT,ANE,EN,Federal Contract Tower,0,14,15,0,29,0,0,41,0,41,0,14,56,0,70,42,0,42,112
04/21/2008,HVN,CT,ANE,EN,Federal Contract Tower,0,22,14,0,36,0,0,51,0,51,0,22,65,0,87,122,0,122,209
04/22/2008,HVN,CT,ANE,EN,Federal Contract Tower,0,12,9,0,21,0,0,72,0,72,0,12,81,0,93,104,0,104,197
04/23/2008,HVN,CT,ANE,EN,Federal Contract Tower,0,18,11,0,29,0,0,43,0,43,0,18,54,0,72,56,0,56,128
04/24/2008,HVN,CT,ANE,EN,Federal Contract Tower,0,24,11,0,35,0,0,78,0,78,0,24,89,0,113,100,0,100,213
04/25/2008,HVN,CT,ANE,EN,Federal Contract Tower,0,14,17,0,31,0,0,43,0,43,0,14,60,0,74,54,0,54,128
04/26/2008,HVN,CT,ANE,EN,Federal Contract Tower,0,12,8,0,20,0,0,49,0,49,0,12,57,0,69,38,0,38,107
04/27/2008,HVN,CT,ANE,EN,Federal Contract Tower,0,14,14,0,28,0,0,32,0,32,0,14,46,0,60,116,0,116,176
04/28/2008,HVN,CT,ANE,EN,Federal Contract Tower,0,12,14,0,26,0,0,0,0,0,0,12,14,0,26,0,0,0,26
04/29/2008,HVN,CT,ANE,EN,Federal Contract Tower,0,21,4,0,25,0,0,17,0,17,0,21,21,0,42,10,0,10,52
04/30/2008,HVN,CT,ANE,EN,Federal Contract Tower,0,12,13,1,26,0,0,81,0,81,0,12,94,1,107,138,0,138,245
05/01/2008,HVN,CT,ANE,EN,Federal Contract Tower,0,11,16,0,27,0,0,67,0,67,0,11,83,0,94,96,0,96,190
05/02/2008,HVN,CT,ANE,EN,Federal Contract Tower,0,17,19,0,36,0,0,0,0,0,0,17,19,0,36,0,0,0,36
05/03/2008,HVN,CT,ANE,EN,Federal Contract Tower,0,7,9,2,18,0,0,6,0,6,0,7,15,2,24,78,0,78,102
05/04/2008,HVN,CT,ANE,EN,Federal Contract Tower,0,6,8,0,14,0,0,29,0,29,0,6,37,0,43,60,0,60,103
05/05/2008,HVN,CT,ANE,EN,Federal Contract Tower,0,16,7,0,23,0,0,80,0,80,0,16,87,0,103,114,0,114,217
05/06/2008,HVN,CT,ANE,EN,Federal Contract Tower,0,13,11,0,24,0,0,71,0,71,0,13,82,0,95,100,0,100,195
05/07/2008,HVN,CT,ANE,EN,Federal Contract Tower,0,14,12,0,26,0,0,43,0,43,0,14,55,0,69,76,0,76,145
05/08/2008,HVN,CT,ANE,EN,Federal Contract Tower,0,10,10,0,20,0,0,12,0,12,0,10,22,0,32,48,0,48,80
05/09/2008,HVN,CT,ANE,EN,Federal Contract Tower,0,10,13,0,23,0,0,4,0,4,0,10,17,0,27,6,0,6,33
05/10/2008,HVN,CT,ANE,EN,Federal Contract Tower,0,10,5,0,15,0,0,52,0,52,0,10,57,0,67,50,0,50,117
05/11/2008,HVN,CT,ANE,EN,Federal Contract Tower,0,9,18,0,27,0,0,66,0,66,0,9,84,0,93,176,0,176,269
05/12/2008,HVN,CT,ANE,EN,Federal Contract Tower,0,9,10,0,19,0,0,1,0,1,0,9,11,0,20,0,0,0,20
05/13/2008,HVN,CT,ANE,EN,Federal Contract Tower,0,10,7,0,17,0,0,41,0,41,0,10,48,0,58,88,0,88,146
05/14/2008,HVN,CT,ANE,EN,Federal Contract Tower,0,11,15,0,26,0,0,78,0,78,0,11,93,0,104,72,8,80,184
05/15/2008,HVN,CT,ANE,EN,Federal Contract Tower,0,9,17,0,26,0,0,50,0,50,0,9,67,0,76,102,0,102,178
05/16/2008,HVN,CT,ANE,EN,Federal Contract Tower,0,6,31,0,37,0,0,18,0,18,0,6,49,0,55,80,0,80,135
05/17/2008,HVN,CT,ANE,EN,Federal Contract Tower,0,7,18,0,25,0,0,37,0,37,0,7,55,0,62,110,0,110,172
05/18/2008,HVN,CT,ANE,EN,Federal Contract Tower,0,6,15,0,21,0,0,69,0,69,0,6,84,0,90,126,0,126,216
05/19/2008,HVN,CT,ANE,EN,Federal Contract Tower,0,13,9,0,22,0,0,32,0,32,0,13,41,0,54,46,0,46,100
05/20/2008,HVN,CT,ANE,EN,Federal Contract Tower,0,8,22,0,30,0,0,32,0,32,0,8,54,0,62,48,0,48,110
05/21/2008,HVN,CT,ANE,EN,Federal Contract Tower,0,9,6,0,15,0,0,65,0,65,0,9,71,0,80,124,0,124,204
05/22/2008,HVN,CT,ANE,EN,Federal Contract Tower,0,13,14,0,27,0,0,32,0,32,0,13,46,0,59,48,0,48,107
05/23/2008,HVN,CT,ANE,EN,Federal Contract Tower,0,12,6,0,18,0,0,61,0,61,0,12,67,0,79,68,0,68,147
05/24/2008,HVN,CT,ANE,EN,Federal Contract Tower,0,12,10,0,22,0,0,67,7,74,0,12,77,7,96,78,0,78,174
05/25/2008,HVN,CT,ANE,EN,Federal Contract Tower,0,8,20,0,28,0,0,83,0,83,0,8,103,0,111,192,0,192,303
05/26/2008,HVN,CT,ANE,EN,Federal Contract Tower,0,11,15,0,26,0,0,50,0,50,0,11,65,0,76,188,0,188,264
05/27/2008,HVN,CT,ANE,EN,Federal Contract Tower,0,12,15,0,27,0,0,33,0,33,0,12,48,0,60,56,0,56,116
05/28/2008,HVN,CT,ANE,EN,Federal Contract Tower,0,16,9,3,28,0,0,70,0,70,0,16,79,3,98,84,0,84,182
05/29/2008,HVN,CT,ANE,EN,Federal Contract Tower,0,12,10,0,22,0,0,67,0,67,0,12,77,0,89,78,0,78,167
05/30/2008,HVN,CT,ANE,EN,Federal Contract Tower,0,8,4,0,12,0,0,63,0,63,0,8,67,0,75,104,0,104,179
05/31/2008,HVN,CT,ANE,EN,Federal Contract Tower,0,5,8,0,13,0,0,0,0,0,0,5,8,0,13,4,0,4,17
06/01/2008,HVN,CT,ANE,EN,Federal Contract Tower,0,4,10,0,14,0,3,86,0,89,0,7,96,0,103,94,0,94,197
06/02/2008,HVN,CT,ANE,EN,Federal Contract Tower,0,9,7,0,16,0,0,66,0,66,0,9,73,0,82,78,0,78,160
06/03/2008,HVN,CT,ANE,EN,Federal Contract Tower,0,8,5,1,14,0,0,65,0,65,0,8,70,1,79,105,0,105,184
06/04/2008,HVN,CT,ANE,EN,Federal Contract Tower,0,10,13,2,25,0,0,7,0,7,0,10,20,2,32,10,0,10,42
06/05/2008,HVN,CT,ANE,EN,Federal Contract Tower,0,11,21,0,32,0,0,47,0,47,0,11,68,0,79,66,0,66,145
06/06/2008,HVN,CT,ANE,EN,Federal Contract Tower,0,14,14,0,28,0,0,0,0,0,0,14,14,0,28,4,0,4,32
06/07/2008,HVN,CT,ANE,EN,Federal Contract Tower,0,11,14,0,25,0,0,51,0,51,0,11,65,0,76,122,0,122,198
06/08/2008,HVN,CT,ANE,EN,Federal Contract Tower,0,7,9,0,16,0,0,55,0,55,0,7,64,0,71,62,0,62,133
06/09/2008,HVN,CT,ANE,EN,Federal Contract Tower,0,9,14,0,23,0,0,33,0,33,0,9,47,0,56,128,0,128,184
06/10/2008,HVN,CT,ANE,EN,Federal Contract Tower,0,10,12,0,22,0,0,46,0,46,0,10,58,0,68,106,0,106,174
06/11/2008,HVN,CT,ANE,EN,Federal Contract Tower,0,19,10,0,29,0,0,77,0,77,0,19,87,0,106,130,0,130,236
06/12/2008,HVN,CT,ANE,EN,Federal Contract Tower,0,10,9,0,19,0,0,84,0,84,0,10,93,0,103,84,0,84,187
06/13/2008,HVN,CT,ANE,EN,Federal Contract Tower,0,12,9,2,23,0,0,48,0,48,0,12,57,2,71,58,0,58,129
06/14/2008,HVN,CT,ANE,EN,Federal Contract Tower,0,4,12,0,16,0,0,42,0,42,0,4,54,0,58,108,0,108,166
06/15/2008,HVN,CT,ANE,EN,Federal Contract Tower,0,9,28,0,37,0,0,0,0,0,0,9,28,0,37,0,0,0,37
06/16/2008,HVN,CT,ANE,EN,Federal Contract Tower,0,7,7,0,14,0,0,8,0,8,0,7,15,0,22,26,0,26,48
06/17/2008,HVN,CT,ANE,EN,Federal Contract Tower,0,4,16,0,20,0,8,42,0,50,0,12,58,0,70,100,0,100,170
06/18/2008,HVN,CT,ANE,EN,Federal Contract Tower,0,10,10,0,20,0,0,43,0,43,0,10,53,0,63,66,0,66,129
06/19/2008,HVN,CT,ANE,EN,Federal Contract Tower,0,12,14,0,26,0,0,82,0,82,0,12,96,0,108,76,0,76,184
06/20/2008,HVN,CT,ANE,EN,Federal Contract Tower,0,15,5,0,20,0,0,42,0,42,0,15,47,0,62,130,0,130,192
06/21/2008,HVN,CT,ANE,EN,Federal Contract Tower,0,7,19,0,26,0,0,69,0,69,0,7,88,0,95,102,0,102,197
06/22/2008,HVN,CT,ANE,EN,Federal Contract Tower,0,7,8,0,15,0,0,27,0,27,0,7,35,0,42,10,0,10,52
06/23/2008,HVN,CT,ANE,EN,Federal Contract Tower,0,11,14,0,25,0,0,2,0,2,0,11,16,0,27,0,0,0,27
06/24/2008,HVN,CT,ANE,EN,Federal Contract Tower,0,11,15,0,26,0,0,62,0,62,0,11,77,0,88,74,0,74,162
06/25/2008,HVN,CT,ANE,EN,Federal Contract Tower,0,9,16,2,27,0,0,84,0,84,0,9,100,2,111,146,0,146,257
06/26/2008,HVN,CT,ANE,EN,Federal Contract Tower,0,11,13,1,25,0,0,43,0,43,0,11,56,1,68,58,0,58,126
06/27/2008,HVN,CT,ANE,EN,Federal Contract Tower,0,10,9,0,19,0,0,40,0,40,0,10,49,0,59,52,0,52,111
06/28/2008,HVN,CT,ANE,EN,Federal Contract Tower,0,11,16,2,29,0,0,46,0,46,0,11,62,2,75,104,0,104,179
06/29/2008,HVN,CT,ANE,EN,Federal Contract Tower,0,8,11,0,19,0,0,56,2,58,0,8,67,2,77,74,2,76,153
06/30/2008,HVN,CT,ANE,EN,Federal Contract Tower,0,12,10,2,24,0,0,52,0,52,0,12,62,2,76,32,0,32,108
07/01/2008,HVN,CT,ANE,EN,Federal Contract Tower,0,11,5,0,16,0,0,65,0,65,0,11,70,0,81,138,0,138,219
07/02/2008,HVN,CT,ANE,EN,Federal Contract Tower,0,14,16,0,30,0,0,93,0,93,0,14,109,0,123,158,0,158,281
07/03/2008,HVN,CT,ANE,EN,Federal Contract Tower,0,11,9,2,22,0,0,71,0,71,0,11,80,2,93,82,0,82,175
07/04/2008,HVN,CT,ANE,EN,Federal Contract Tower,0,7,15,0,22,0,0,16,0,16,0,7,31,0,38,26,0,26,64
07/05/2008,HVN,CT,ANE,EN,Federal Contract Tower,0,7,5,0,12,0,0,1,0,1,0,7,6,0,13,18,0,18,31
07/06/2008,HVN,CT,ANE,EN,Federal Contract Tower,0,11,19,0,30,0,0,37,0,37,0,11,56,0,67,86,0,86,153
07/07/2008,HVN,CT,ANE,EN,Federal Contract Tower,0,13,16,0,29,0,0,46,0,46,0,13,62,0,75,102,2,104,179
07/08/2008,HVN,CT,ANE,EN,Federal Contract Tower,0,15,7,0,22,0,0,74,0,74,0,15,81,0,96,104,0,104,200
07/09/2008,HVN,CT,ANE,EN,Federal Contract Tower,0,6,15,0,21,0,0,29,1,30,0,6,44,1,51,62,0,62,113
07/10/2008,HVN,CT,ANE,EN,Federal Contract Tower,0,12,9,0,21,0,0,87,0,87,0,12,96,0,108,102,10,112,220
07/11/2008,HVN,CT,ANE,EN,Federal Contract Tower,0,17,12,0,29,0,0,93,5,98,0,17,105,5,127,92,0,92,219
07/12/2008,HVN,CT,ANE,EN,Federal Contract Tower,0,8,13,0,21,0,0,98,0,98,0,8,111,0,119,150,0,150,269
07/13/2008,HVN,CT,ANE,EN,Federal Contract Tower,0,6,12,0,18,0,0,89,0,89,0,6,101,0,107,106,0,106,213
07/14/2008,HVN,CT,ANE,EN,Federal Contract Tower,0,13,17,0,30,0,0,51,0,51,0,13,68,0,81,42,0,42,123
07/15/2008,HVN,CT,ANE,EN,Federal Contract Tower,0,11,12,0,23,0,0,74,0,74,0,11,86,0,97,106,0,106,203
07/16/2008,HVN,CT,ANE,EN,Federal Contract Tower,0,10,15,0,25,0,0,67,0,67,0,10,82,0,92,60,0,60,152
07/17/2008,HVN,CT,ANE,EN,Federal Contract Tower,0,13,4,0,17,0,1,91,0,92,0,14,95,0,109,96,0,96,205
07/18/2008,HVN,CT,ANE,EN,Federal Contract Tower,0,12,4,0,16,0,1,84,0,85,0,13,88,0,101,78,0,78,179
07/19/2008,HVN,CT,ANE,EN,Federal Contract Tower,0,11,11,0,22,0,0,42,4,46,0,11,53,4,68,106,2,108,176
07/20/2008,HVN,CT,ANE,EN,Federal Contract Tower,0,12,8,0,20,0,0,73,0,73,0,12,81,0,93,140,0,140,233
07/21/2008,HVN,CT,ANE,EN,Federal Contract Tower,0,18,7,0,25,0,0,51,0,51,0,18,58,0,76,58,0,58,134
07/22/2008,HVN,CT,ANE,EN,Federal Contract Tower,0,10,11,1,22,0,0,66,0,66,0,10,77,1,88,78,0,78,166
07/23/2008,HVN,CT,ANE,EN,Federal Contract Tower,0,10,15,0,25,0,0,6,0,6,0,10,21,0,31,6,0,6,37
07/24/2008,HVN,CT,ANE,EN,Federal Contract Tower,0,10,6,0,16,0,0,14,0,14,0,10,20,0,30,32,0,32,62
07/25/2008,HVN,CT,ANE,EN,Federal Contract Tower,0,15,10,0,25,0,0,106,1,107,0,15,116,1,132,168,0,168,300
07/26/2008,HVN,CT,ANE,EN,Federal Contract Tower,0,6,6,0,12,0,0,97,0,97,0,6,103,0,109,106,0,106,215
07/27/2008,HVN,CT,ANE,EN,Federal Contract Tower,0,1,13,0,14,0,0,11,0,11,0,1,24,0,25,0,0,0,25
07/28/2008,HVN,CT,ANE,EN,Federal Contract Tower,0,10,11,0,21,0,0,83,0,83,0,10,94,0,104,156,0,156,260
07/29/2008,HVN,CT,ANE,EN,Federal Contract Tower,0,15,5,1,21,0,0,60,2,62,0,15,65,3,83,90,0,90,173
07/30/2008,HVN,CT,ANE,EN,Federal Contract Tower,0,13,18,0,31,0,0,95,0,95,0,13,113,0,126,96,0,96,222
07/31/2008,HVN,CT,ANE,EN,Federal Contract Tower,0,15,14,0,29,0,0,41,0,41,0,15,55,0,70,58,0,58,128
08/01/2008,HVN,CT,ANE,EN,Federal Contract Tower,0,16,10,0,26,0,0,78,1,79,0,16,88,1,105,78,0,78,183
08/02/2008,HVN,CT,ANE,EN,Federal Contract Tower,0,9,4,0,13,0,0,36,0,36,0,9,40,0,49,26,0,26,75
08/03/2008,HVN,CT,ANE,EN,Federal Contract Tower,0,5,14,4,23,0,0,92,0,92,0,5,106,4,115,112,0,112,227
08/04/2008,HVN,CT,ANE,EN,Federal Contract Tower,0,10,6,0,16,0,0,92,0,92,0,10,98,0,108,102,1,103,211
08/05/2008,HVN,CT,ANE,EN,Federal Contract Tower,0,12,11,0,23,0,0,86,0,86,0,12,97,0,109,158,0,158,267
08/06/2008,HVN,CT,ANE,EN,Federal Contract Tower,0,10,14,0,24,0,0,16,0,16,0,10,30,0,40,46,0,46,86
08/07/2008,HVN,CT,ANE,EN,Federal Contract Tower,0,11,12,0,23,0,5,25,0,30,0,16,37,0,53,20,0,20,73
08/08/2008,HVN,CT,ANE,EN,Federal Contract Tower,0,12,15,0,27,0,0,31,2,33,0,12,46,2,60,66,0,66,126
08/09/2008,HVN,CT,ANE,EN,Federal Contract Tower,0,5,6,0,11,0,0,67,0,67,0,5,73,0,78,90,0,90,168
08/10/2008,HVN,CT,ANE,EN,Federal Contract Tower,0,1,5,0,6,0,0,77,2,79,0,1,82,2,85,86,2,88,173
08/11/2008,HVN,CT,ANE,EN,Federal Contract Tower,0,14,15,0,29,0,0,28,0,28,0,14,43,0,57,0,0,0,57
08/12/2008,HVN,CT,ANE,EN,Federal Contract Tower,0,14,12,0,26,0,0,62,0,62,0,14,74,0,88,90,0,90,178
08/13/2008,HVN,CT,ANE,EN,Federal Contract Tower,0,15,12,0,27,0,0,85,0,85,0,15,97,0,112,116,2,118,230
08/14/2008,HVN,CT,ANE,EN,Federal Contract Tower,0,11,9,0,20,0,0,41,0,41,0,11,50,0,61,44,0,44,105
08/15/2008,HVN,CT,ANE,EN,Federal Contract Tower,0,12,5,0,17,0,0,34,0,34,0,12,39,0,51,34,0,34,85
08/16/2008,HVN,CT,ANE,EN,Federal Contract Tower,0,5,5,0,10,0,0,52,0,52,0,5,57,0,62,40,0,40,102
08/17/2008,HVN,CT,ANE,EN,Federal Contract Tower,0,10,7,0,17,0,2,114,0,116,0,12,121,0,133,166,0,166,299
08/18/2008,HVN,CT,ANE,EN,Federal Contract Tower,0,10,9,0,19,0,0,83,0,83,0,10,92,0,102,54,0,54,156
08/19/2008,HVN,CT,ANE,EN,Federal Contract Tower,0,16,11,0,27,0,0,66,0,66,0,16,77,0,93,72,0,72,165
08/20/2008,HVN,CT,ANE,EN,Federal Contract Tower,0,14,9,0,23,0,0,114,0,114,0,14,123,0,137,110,0,110,247
08/21/2008,HVN,CT,ANE,EN,Federal Contract Tower,0,11,5,0,16,0,2,80,2,84,0,13,85,2,100,74,0,74,174
08/22/2008,HVN,CT,ANE,EN,Federal Contract Tower,0,11,17,2,30,0,0,91,2,93,0,11,108,4,123,74,0,74,197
08/23/2008,HVN,CT,ANE,EN,Federal Contract Tower,0,9,6,2,17,0,0,79,0,79,0,9,85,2,96,76,0,76,172
08/24/2008,HVN,CT,ANE,EN,Federal Contract Tower,0,10,5,0,15,0,0,90,0,90,0,10,95,0,105,90,0,90,195
08/25/2008,HVN,CT,ANE,EN,Federal Contract Tower,0,10,20,0,30,0,0,43,0,43,0,10,63,0,73,82,0,82,155
08/26/2008,HVN,CT,ANE,EN,Federal Contract Tower,0,13,16,0,29,0,0,92,0,92,0,13,108,0,121,118,0,118,239
08/27/2008,HVN,CT,ANE,EN,Federal Contract Tower,0,13,11,0,24,0,0,72,0,72,0,13,83,0,96,60,0,60,156
08/28/2008,HVN,CT,ANE,EN,Federal Contract Tower,0,20,18,0,38,0,0,87,0,87,0,20,105,0,125,48,0,48,173
08/29/2008,HVN,CT,ANE,EN,Federal Contract Tower,0,17,11,0,28,0,0,83,0,83,0,17,94,0,111,82,0,82,193
08/30/2008,HVN,CT,ANE,EN,Federal Contract Tower,0,8,21,0,29,0,0,20,0,20,0,8,41,0,49,0,0,0,49
08/31/2008,HVN,CT,ANE,EN,Federal Contract Tower,0,8,16,0,24,0,0,91,0,91,0,8,107,0,115,56,0,56,171
09/01/2008,HVN,CT,ANE,EN,Federal Contract Tower,0,9,8,0,17,0,0,101,0,101,0,9,109,0,118,100,0,100,218
09/02/2008,HVN,CT,ANE,EN,Federal Contract Tower,0,11,22,0,33,0,0,68,6,74,0,11,90,6,107,52,0,52,159
09/03/2008,HVN,CT,ANE,EN,Federal Contract Tower,0,12,12,0,24,0,0,69,0,69,0,12,81,0,93,128,0,128,221
09/04/2008,HVN,CT,ANE,EN,Federal Contract Tower,0,14,13,0,27,0,0,58,0,58,0,14,71,0,85,112,0,112,197
09/05/2008,HVN,CT,ANE,EN,Federal Contract Tower,0,8,12,0,20,0,0,38,0,38,0,8,50,0,58,84,0,84,142
09/06/2008,HVN,CT,ANE,EN,Federal Contract Tower,0,6,2,0,8,0,0,0,0,0,0,6,2,0,8,0,0,0,8
09/07/2008,HVN,CT,ANE,EN,Federal Contract Tower,0,9,10,0,19,0,0,67,0,67,0,9,77,0,86,136,0,136,222
09/08/2008,HVN,CT,ANE,EN,Federal Contract Tower,0,9,6,0,15,0,0,71,0,71,0,9,77,0,86,92,0,92,178
09/09/2008,HVN,CT,ANE,EN,Federal Contract Tower,0,10,11,2,23,0,0,13,0,13,0,10,24,2,36,67,0,67,103
09/10/2008,HVN,CT,ANE,EN,Federal Contract Tower,0,10,6,0,16,0,2,90,0,92,0,12,96,0,108,70,0,70,178
09/11/2008,HVN,CT,ANE,EN,Federal Contract Tower,0,12,7,0,19,0,0,76,0,76,0,12,83,0,95,62,0,62,157
09/12/2008,HVN,CT,ANE,EN,Federal Contract Tower,0,14,18,0,32,0,0,35,0,35,0,14,53,0,67,102,0,102,169
09/13/2008,HVN,CT,ANE,EN,Federal Contract Tower,0,6,13,0,19,0,0,47,0,47,0,6,60,0,66,54,0,54,120
09/14/2008,HVN,CT,ANE,EN,Federal Contract Tower,0,6,10,0,16,0,0,32,0,32,0,6,42,0,48,120,0,120,168
09/15/2008,HVN,CT,ANE,EN,Federal Contract Tower,0,9,9,0,18,0,0,36,0,36,0,9,45,0,54,0,0,0,54
09/16/2008,HVN,CT,ANE,EN,Federal Contract Tower,0,12,4,0,16,0,0,59,0,59,0,12,63,0,75,46,0,46,121
09/17/2008,HVN,CT,ANE,EN,Federal Contract Tower,0,13,4,0,17,0,0,54,0,54,0,13,58,0,71,40,0,40,111
09/18/2008,HVN,CT,ANE,EN,Federal Contract Tower,0,13,7,1,21,0,0,63,0,63,0,13,70,1,84,76,0,76,160
09/19/2008,HVN,CT,ANE,EN,Federal Contract Tower,0,12,10,0,22,0,2,79,0,81,0,14,89,0,103,100,0,100,203
09/20/2008,HVN,CT,ANE,EN,Federal Contract Tower,0,9,8,0,17,0,0,78,0,78,0,9,86,0,95,86,0,86,181
09/21/2008,HVN,CT,ANE,EN,Federal Contract Tower,0,9,7,0,16,0,0,91,0,91,0,9,98,0,107,168,0,168,275
09/22/2008,HVN,CT,ANE,EN,Federal Contract Tower,0,11,9,0,20,0,0,39,0,39,0,11,48,0,59,76,0,76,135
09/23/2008,HVN,CT,ANE,EN,Federal Contract Tower,0,11,5,0,16,0,0,52,0,52,0,11,57,0,68,94,0,94,162
09/24/2008,HVN,CT,ANE,EN,Federal Contract Tower,0,10,12,1,23,0,0,98,0,98,0,10,110,1,121,54,0,54,175
09/25/2008,HVN,CT,ANE,EN,Federal Contract Tower,0,12,13,0,25,0,0,37,0,37,0,12,50,0,62,36,0,36,98
09/26/2008,HVN,CT,ANE,EN,Federal Contract Tower,0,12,0,0,12,0,0,0,0,0,0,12,0,0,12,0,0,0,12
09/27/2008,HVN,CT,ANE,EN,Federal Contract Tower,0,6,8,0,14,0,0,0,0,0,0,6,8,0,14,0,0,0,14
09/28/2008,HVN,CT,ANE,EN,Federal Contract Tower,0,9,9,0,18,0,0,9,0,9,0,9,18,0,27,0,0,0,27
09/29/2008,HVN,CT,ANE,EN,Federal Contract Tower,0,11,20,0,31,0,0,48,0,48,0,11,68,0,79,36,0,36,115
09/30/2008,HVN,CT,ANE,EN,Federal Contract Tower,0,13,16,0,29,0,53,0,0,53,0,66,16,0,82,46,0,46,128
10/01/2008,HVN,CT,ANE,EN,Federal Contract Tower,0,14,16,0,30,0,0,18,0,18,0,14,34,0,48,22,0,22,70
10/02/2008,HVN,CT,ANE,EN,Federal Contract Tower,0,10,7,0,17,0,0,37,0,37,0,10,44,0,54,6,0,6,60
10/03/2008,HVN,CT,ANE,EN,Federal Contract Tower,0,14,9,2,25,0,0,47,0,47,0,14,56,2,72,61,0,61,133
10/04/2008,HVN,CT,ANE,EN,Federal Contract Tower,0,5,9,0,14,0,0,79,6,85,0,5,88,6,99,102,0,102,201
10/05/2008,HVN,CT,ANE,EN,Federal Contract Tower,0,11,14,0,25,0,0,10,0,10,0,11,24,0,35,56,0,56,91
10/06/2008,HVN,CT,ANE,EN,Federal Contract Tower,0,8,7,0,15,0,0,41,0,41,0,8,48,0,56,20,0,20,76
10/07/2008,HVN,CT,ANE,EN,Federal Contract Tower,0,7,7,1,15,0,1,60,0,61,0,8,67,1,76,34,0,34,110
10/08/2008,HVN,CT,ANE,EN,Federal Contract Tower,0,7,9,0,16,0,0,66,0,66,0,7,75,0,82,110,0,110,192
10/09/2008,HVN,CT,ANE,EN,Federal Contract Tower,0,15,9,0,24,0,0,23,0,23,0,15,32,0,47,44,0,44,91
10/10/2008,HVN,CT,ANE,EN,Federal Contract Tower,0,10,17,0,27,0,0,83,0,83,0,10,100,0,110,104,0,104,214
10/11/2008,HVN,CT,ANE,EN,Federal Contract Tower,0,6,5,0,11,0,0,88,0,88,0,6,93,0,99,54,0,54,153
10/12/2008,HVN,CT,ANE,EN,Federal Contract Tower,0,11,8,0,19,0,0,91,1,92,0,11,99,1,111,128,1,129,240
10/13/2008,HVN,CT,ANE,EN,Federal Contract Tower,0,8,6,0,14,0,0,48,0,48,0,8,54,0,62,22,0,22,84
10/14/2008,HVN,CT,ANE,EN,Federal Contract Tower,0,7,33,0,40,0,0,36,0,36,0,7,69,0,76,22,0,22,98
10/15/2008,HVN,CT,ANE,EN,Federal Contract Tower,0,9,11,0,20,0,0,43,0,43,0,9,54,0,63,52,0,52,115
10/16/2008,HVN,CT,ANE,EN,Federal Contract Tower,0,9,15,0,24,0,0,10,0,10,0,9,25,0,34,6,0,6,40
10/17/2008,HVN,CT,ANE,EN,Federal Contract Tower,0,17,8,0,25,0,0,78,0,78,0,17,86,0,103,46,0,46,149
10/18/2008,HVN,CT,ANE,EN,Federal Contract Tower,0,6,9,0,15,0,0,66,0,66,0,6,75,0,81,20,0,20,101
10/19/2008,HVN,CT,ANE,EN,Federal Contract Tower,0,6,19,0,25,0,0,66,0,66,0,6,85,0,91,59,0,59,150
10/20/2008,HVN,CT,ANE,EN,Federal Contract Tower,0,9,5,0,14,0,0,43,0,43,0,9,48,0,57,12,0,12,69
10/21/2008,HVN,CT,ANE,EN,Federal Contract Tower,0,8,8,2,18,0,0,25,2,27,0,8,33,4,45,24,0,24,69
10/22/2008,HVN,CT,ANE,EN,Federal Contract Tower,0,13,6,0,19,0,0,11,0,11,0,13,17,0,30,0,0,0,30
10/23/2008,HVN,CT,ANE,EN,Federal Contract Tower,0,19,16,0,35,0,0,78,1,79,0,19,94,1,114,52,0,52,166
10/24/2008,HVN,CT,ANE,EN,Federal Contract Tower,0,14,19,0,33,0,1,71,0,72,0,15,90,0,105,96,0,96,201
10/25/2008,HVN,CT,ANE,EN,Federal Contract Tower,0,4,4,0,8,0,0,17,0,17,0,4,21,0,25,0,0,0,25
10/26/2008,HVN,CT,ANE,EN,Federal Contract Tower,0,13,15,0,28,0,0,64,0,64,0,13,79,0,92,86,1,87,179
10/27/2008,HVN,CT,ANE,EN,Federal Contract Tower,0,12,9,0,21,0,0,37,0,37,0,12,46,0,58,26,0,26,84
10/28/2008,HVN,CT,ANE,EN,Federal Contract Tower,0,12,10,0,22,0,0,0,0,0,0,12,10,0,22,0,0,0,22
10/29/2008,HVN,CT,ANE,EN,Federal Contract Tower,0,8,7,0,15,0,0,13,1,14,0,8,20,1,29,12,0,12,41
10/30/2008,HVN,CT,ANE,EN,Federal Contract Tower,0,10,5,0,15,0,0,33,0,33,0,10,38,0,48,34,0,34,82
10/31/2008,HVN,CT,ANE,EN,Federal Contract Tower,0,9,1,0,10,0,0,49,0,49,0,9,50,0,59,86,0,86,145
11/01/2008,HVN,CT,ANE,EN,Federal Contract Tower,0,7,12,0,19,0,0,58,0,58,0,7,70,0,77,116,0,116,193
11/02/2008,HVN,CT,ANE,EN,Federal Contract Tower,0,8,4,0,12,0,0,77,0,77,0,8,81,0,89,110,0,110,199
11/03/2008,HVN,CT,ANE,EN,Federal Contract Tower,0,10,4,0,14,0,0,13,0,13,0,10,17,0,27,0,0,0,27
11/04/2008,HVN,CT,ANE,EN,Federal Contract Tower,0,9,9,2,20,0,0,52,0,52,0,9,61,2,72,72,0,72,144
11/05/2008,HVN,CT,ANE,EN,Federal Contract Tower,0,10,13,0,23,0,0,26,0,26,0,10,39,0,49,28,0,28,77
11/06/2008,HVN,CT,ANE,EN,Federal Contract Tower,0,5,18,2,25,0,0,5,0,5,0,5,23,2,30,0,0,0,30
11/07/2008,HVN,CT,ANE,EN,Federal Contract Tower,0,13,11,0,24,0,0,3,0,3,0,13,14,0,27,4,0,4,31
11/08/2008,HVN,CT,ANE,EN,Federal Contract Tower,0,5,4,0,9,0,0,0,0,0,0,5,4,0,9,0,0,0,9
11/09/2008,HVN,CT,ANE,EN,Federal Contract Tower,0,7,18,0,25,0,0,85,0,85,0,7,103,0,110,178,0,178,288
11/10/2008,HVN,CT,ANE,EN,Federal Contract Tower,0,8,6,0,14,0,0,22,0,22,0,8,28,0,36,26,0,26,62
11/11/2008,HVN,CT,ANE,EN,Federal Contract Tower,0,16,8,0,24,0,0,70,0,70,0,16,78,0,94,66,0,66,160
11/12/2008,HVN,CT,ANE,EN,Federal Contract Tower,0,13,6,0,19,0,0,60,0,60,0,13,66,0,79,62,0,62,141
11/13/2008,HVN,CT,ANE,EN,Federal Contract Tower,0,10,10,0,20,0,0,7,0,7,0,10,17,0,27,0,0,0,27
11/14/2008,HVN,CT,ANE,EN,Federal Contract Tower,0,3,3,0,6,0,0,0,0,0,0,3,3,0,6,0,0,0,6
11/15/2008,HVN,CT,ANE,EN,Federal Contract Tower,0,4,4,0,8,0,0,0,0,0,0,4,4,0,8,0,0,0,8
11/16/2008,HVN,CT,ANE,EN,Federal Contract Tower,0,8,4,0,12,0,0,25,0,25,0,8,29,0,37,26,0,26,63
11/17/2008,HVN,CT,ANE,EN,Federal Contract Tower,0,11,5,0,16,0,2,41,0,43,0,13,46,0,59,60,0,60,119
11/18/2008,HVN,CT,ANE,EN,Federal Contract Tower,0,9,7,0,16,0,0,33,2,35,0,9,40,2,51,32,0,32,83
11/19/2008,HVN,CT,ANE,EN,Federal Contract Tower,0,10,6,0,16,0,0,32,0,32,0,10,38,0,48,24,0,24,72
11/20/2008,HVN,CT,ANE,EN,Federal Contract Tower,0,12,9,0,21,0,0,38,2,40,0,12,47,2,61,58,0,58,119
11/21/2008,HVN,CT,ANE,EN,Federal Contract Tower,0,14,9,0,23,0,0,25,0,25,0,14,34,0,48,92,0,92,140
11/22/2008,HVN,CT,ANE,EN,Federal Contract Tower,0,5,2,0,7,0,0,13,2,15,0,5,15,2,22,6,0,6,28
11/23/2008,HVN,CT,ANE,EN,Federal Contract Tower,0,8,11,0,19,0,0,79,2,81,0,8,90,2,100,140,0,140,240
11/24/2008,HVN,CT,ANE,EN,Federal Contract Tower,0,16,6,0,22,0,0,76,0,76,0,16,82,0,98,54,0,54,152
11/25/2008,HVN,CT,ANE,EN,Federal Contract Tower,0,11,8,0,19,0,0,0,0,0,0,11,8,0,19,0,0,0,19
11/26/2008,HVN,CT,ANE,EN,Federal Contract Tower,0,12,5,0,17,0,0,42,0,42,0,12,47,0,59,46,0,46,105
11/27/2008,HVN,CT,ANE,EN,Federal Contract Tower,0,4,1,0,5,0,0,16,0,16,0,4,17,0,21,0,0,0,21
11/28/2008,HVN,CT,ANE,EN,Federal Contract Tower,0,10,8,0,18,0,0,31,0,31,0,10,39,0,49,18,0,18,67
11/29/2008,HVN,CT,ANE,EN,Federal Contract Tower,0,10,7,0,17,0,0,80,0,80,0,10,87,0,97,80,0,80,177
11/30/2008,HVN,CT,ANE,EN,Federal Contract Tower,0,4,12,0,16,0,0,0,0,0,0,4,12,0,16,0,0,0,16
12/01/2008,HVN,CT,ANE,EN,Federal Contract Tower,0,13,6,0,19,0,0,34,0,34,0,13,40,0,53,28,0,28,81
12/02/2008,HVN,CT,ANE,EN,Federal Contract Tower,0,14,4,0,18,0,0,48,0,48,0,14,52,0,66,30,0,30,96
12/03/2008,HVN,CT,ANE,EN,Federal Contract Tower,0,12,13,2,27,0,1,48,0,49,0,13,61,2,76,52,0,52,128
12/04/2008,HVN,CT,ANE,EN,Federal Contract Tower,0,14,4,0,18,0,0,37,0,37,0,14,41,0,55,52,0,52,107
12/05/2008,HVN,CT,ANE,EN,Federal Contract Tower,0,11,7,0,18,0,0,52,3,55,0,11,59,3,73,56,0,56,129
12/06/2008,HVN,CT,ANE,EN,Federal Contract Tower,0,5,8,0,13,0,0,48,2,50,0,5,56,2,63,102,0,102,165
12/07/2008,HVN,CT,ANE,EN,Federal Contract Tower,0,9,1,0,10,0,0,4,0,4,0,9,5,0,14,8,0,8,22
12/08/2008,HVN,CT,ANE,EN,Federal Contract Tower,0,10,8,3,21,0,0,35,0,35,0,10,43,3,56,50,0,50,106
12/09/2008,HVN,CT,ANE,EN,Federal Contract Tower,0,9,8,0,17,0,0,55,0,55,0,9,63,0,72,56,0,56,128
12/10/2008,HVN,CT,ANE,EN,Federal Contract Tower,0,8,15,1,24,0,0,6,1,7,0,8,21,2,31,0,0,0,31
12/11/2008,HVN,CT,ANE,EN,Federal Contract Tower,0,8,9,0,17,0,0,0,0,0,0,8,9,0,17,0,0,0,17
12/12/2008,HVN,CT,ANE,EN,Federal Contract Tower,0,6,11,0,17,0,0,7,0,7,0,6,18,0,24,20,0,20,44
12/13/2008,HVN,CT,ANE,EN,Federal Contract Tower,0,9,9,0,18,0,0,48,0,48,0,9,57,0,66,30,0,30,96
12/14/2008,HVN,CT,ANE,EN,Federal Contract Tower,0,4,5,0,9,0,0,67,0,67,0,4,72,0,76,100,0,100,176
12/15/2008,HVN,CT,ANE,EN,Federal Contract Tower,0,12,3,0,15,0,0,24,0,24,0,12,27,0,39,0,0,0,39
12/16/2008,HVN,CT,ANE,EN,Federal Contract Tower,0,10,5,0,15,0,0,9,1,10,0,10,14,1,25,22,0,22,47
12/17/2008,HVN,CT,ANE,EN,Federal Contract Tower,0,6,14,1,21,0,0,0,0,0,0,6,14,1,21,0,0,0,21
12/18/2008,HVN,CT,ANE,EN,Federal Contract Tower,0,11,19,0,30,0,0,50,0,50,0,11,69,0,80,72,2,74,154
12/19/2008,HVN,CT,ANE,EN,Federal Contract Tower,0,7,6,0,13,0,0,2,0,2,0,7,8,0,15,0,0,0,15
12/20/2008,HVN,CT,ANE,EN,Federal Contract Tower,0,7,0,0,7,0,0,0,0,0,0,7,0,0,7,0,0,0,7
12/21/2008,HVN,CT,ANE,EN,Federal Contract Tower,0,5,0,0,5,0,0,0,0,0,0,5,0,0,5,0,0,0,5
12/22/2008,HVN,CT,ANE,EN,Federal Contract Tower,0,11,0,1,12,0,0,3,0,3,0,11,3,1,15,0,0,0,15
12/23/2008,HVN,CT,ANE,EN,Federal Contract Tower,0,10,5,0,15,0,0,40,2,42,0,10,45,2,57,42,0,42,99
12/24/2008,HVN,CT,ANE,EN,Federal Contract Tower,0,8,2,0,10,0,0,0,0,0,0,8,2,0,10,0,0,0,10
12/25/2008,HVN,CT,ANE,EN,Federal Contract Tower,0,11,1,0,12,0,0,12,0,12,0,11,13,0,24,0,0,0,24
12/26/2008,HVN,CT,ANE,EN,Federal Contract Tower,0,10,9,0,19,0,0,38,0,38,0,10,47,0,57,116,0,116,173
12/27/2008,HVN,CT,ANE,EN,Federal Contract Tower,0,2,9,0,11,0,0,0,0,0,0,2,9,0,11,0,0,0,11
12/28/2008,HVN,CT,ANE,EN,Federal Contract Tower,0,6,5,0,11,0,0,2,0,2,0,6,7,0,13,2,0,2,15
12/29/2008,HVN,CT,ANE,EN,Federal Contract Tower,0,9,6,0,15,0,0,49,0,49,0,9,55,0,64,98,0,98,162
12/30/2008,HVN,CT,ANE,EN,Federal Contract Tower,0,14,5,0,19,0,0,6,0,6,0,14,11,0,25,10,0,10,35
12/31/2008,HVN,CT,ANE,EN,Federal Contract Tower,0,7,0,0,7,0,0,0,0,0,0,7,0,0,7,0,0,0,7
01/01/2009,HVN,CT,ANE,EN,Federal Contract Tower,0,11,1,0,12,0,0,4,0,4,0,11,5,0,16,2,0,2,18
01/02/2009,HVN,CT,ANE,EN,Federal Contract Tower,0,12,1,0,13,0,0,14,0,14,0,12,15,0,27,12,0,12,39
01/03/2009,HVN,CT,ANE,EN,Federal Contract Tower,0,7,9,0,16,0,0,52,0,52,0,7,61,0,68,32,0,32,100
01/04/2009,HVN,CT,ANE,EN,Federal Contract Tower,0,15,12,0,27,0,0,44,0,44,0,15,56,0,71,44,0,44,115
01/05/2009,HVN,CT,ANE,EN,Federal Contract Tower,0,9,5,0,14,0,0,30,0,30,0,9,35,0,44,52,0,52,96
01/06/2009,HVN,CT,ANE,EN,Federal Contract Tower,0,6,3,0,9,0,0,57,0,57,0,6,60,0,66,140,0,140,206
01/07/2009,HVN,CT,ANE,EN,Federal Contract Tower,0,7,2,0,9,0,0,0,0,0,0,7,2,0,9,0,0,0,9
01/08/2009,HVN,CT,ANE,EN,Federal Contract Tower,0,9,2,0,11,0,0,11,0,11,0,9,13,0,22,0,0,0,22
01/09/2009,HVN,CT,ANE,EN,Federal Contract Tower,0,11,11,0,22,0,0,39,0,39,0,11,50,0,61,72,0,72,133
01/10/2009,HVN,CT,ANE,EN,Federal Contract Tower,0,3,2,0,5,0,0,26,0,26,0,3,28,0,31,56,0,56,87
01/11/2009,HVN,CT,ANE,EN,Federal Contract Tower,0,7,2,0,9,0,0,8,0,8,0,7,10,0,17,36,0,36,53
01/12/2009,HVN,CT,ANE,EN,Federal Contract Tower,0,11,3,0,14,0,0,34,0,34,0,11,37,0,48,60,0,60,108
01/13/2009,HVN,CT,ANE,EN,Federal Contract Tower,0,7,3,0,10,0,0,32,0,32,0,7,35,0,42,112,0,112,154
01/14/2009,HVN,CT,ANE,EN,Federal Contract Tower,0,8,9,1,18,0,0,35,3,38,0,8,44,4,56,52,0,52,108
01/15/2009,HVN,CT,ANE,EN,Federal Contract Tower,0,7,11,2,20,0,1,3,0,4,0,8,14,2,24,0,0,0,24
01/16/2009,HVN,CT,ANE,EN,Federal Contract Tower,0,8,0,0,8,0,1,39,0,40,0,9,39,0,48,52,0,52,100
01/17/2009,HVN,CT,ANE,EN,Federal Contract Tower,0,5,4,0,9,0,0,43,0,43,0,5,47,0,52,112,0,112,164
01/18/2009,HVN,CT,ANE,EN,Federal Contract Tower,0,6,4,0,10,0,0,0,0,0,0,6,4,0,10,0,0,0,10
01/19/2009,HVN,CT,ANE,EN,Federal Contract Tower,0,8,12,0,20,0,0,16,0,16,0,8,28,0,36,72,0,72,108
01/20/2009,HVN,CT,ANE,EN,Federal Contract Tower,0,5,5,0,10,0,0,49,0,49,0,5,54,0,59,72,0,72,131
01/21/2009,HVN,CT,ANE,EN,Federal Contract Tower,0,14,8,0,22,0,0,37,0,37,0,14,45,0,59,32,4,36,95
01/22/2009,HVN,CT,ANE,EN,Federal Contract Tower,0,8,10,0,18,0,0,61,0,61,0,8,71,0,79,90,0,90,169
01/23/2009,HVN,CT,ANE,EN,Federal Contract Tower,0,7,7,0,14,0,1,62,0,63,0,8,69,0,77,98,0,98,175
01/24/2009,HVN,CT,ANE,EN,Federal Contract Tower,0,4,7,0,11,0,0,47,2,49,0,4,54,2,60,44,0,44,104
01/25/2009,HVN,CT,ANE,EN,Federal Contract Tower,0,7,9,0,16,0,0,37,2,39,0,7,46,2,55,70,2,72,127
01/26/2009,HVN,CT,ANE,EN,Federal Contract Tower,0,14,4,0,18,0,0,50,0,50,0,14,54,0,68,85,0,85,153
01/27/2009,HVN,CT,ANE,EN,Federal Contract Tower,0,3,6,0,9,0,0,46,0,46,0,3,52,0,55,120,0,120,175
01/28/2009,HVN,CT,ANE,EN,Federal Contract Tower,0,2,1,0,3,0,0,0,0,0,0,2,1,0,3,0,0,0,3
01/29/2009,HVN,CT,ANE,EN,Federal Contract Tower,0,11,7,0,18,0,0,51,4,55,0,11,58,4,73,20,0,20,93
01/30/2009,HVN,CT,ANE,EN,Federal Contract Tower,0,12,14,0,26,0,0,31,4,35,0,12,45,4,61,46,0,46,107
01/31/2009,HVN,CT,ANE,EN,Federal Contract Tower,0,7,8,0,15,0,0,34,0,34,0,7,42,0,49,70,0,70,119
02/01/2009,HVN,CT,ANE,EN,Federal Contract Tower,0,9,5,0,14,0,0,77,0,77,0,9,82,0,91,76,0,76,167
02/02/2009,HVN,CT,ANE,EN,Federal Contract Tower,0,9,4,0,13,0,0,48,0,48,0,9,52,0,61,48,0,48,109
02/03/2009,HVN,CT,ANE,EN,Federal Contract Tower,0,5,5,0,10,0,0,0,0,0,0,5,5,0,10,0,0,0,10
02/04/2009,HVN,CT,ANE,EN,Federal Contract Tower,0,9,4,0,13,0,0,34,0,34,0,9,38,0,47,82,0,82,129
02/05/2009,HVN,CT,ANE,EN,Federal Contract Tower,0,11,5,0,16,0,0,31,0,31,0,11,36,0,47,52,0,52,99
02/06/2009,HVN,CT,ANE,EN,Federal Contract Tower,0,8,12,0,20,0,0,56,0,56,0,8,68,0,76,120,0,120,196
02/07/2009,HVN,CT,ANE,EN,Federal Contract Tower,0,9,3,0,12,0,0,40,0,40,0,9,43,0,52,70,0,70,122
02/08/2009,HVN,CT,ANE,EN,Federal Contract Tower,0,7,11,0,18,0,0,21,0,21,0,7,32,0,39,40,0,40,79
02/09/2009,HVN,CT,ANE,EN,Federal Contract Tower,0,7,11,0,18,0,0,84,0,84,0,7,95,0,102,90,0,90,192
02/10/2009,HVN,CT,ANE,EN,Federal Contract Tower,0,7,11,0,18,0,0,33,5,38,0,7,44,5,56,76,0,76,132
02/11/2009,HVN,CT,ANE,EN,Federal Contract Tower,0,10,6,0,16,0,0,53,3,56,0,10,59,3,72,104,0,104,176
02/12/2009,HVN,CT,ANE,EN,Federal Contract Tower,0,7,4,0,11,0,0,2,0,2,0,7,6,0,13,0,0,0,13
02/13/2009,HVN,CT,ANE,EN,Federal Contract Tower,0,14,5,0,19,0,0,45,0,45,0,14,50,0,64,34,0,34,98
02/14/2009,HVN,CT,ANE,EN,Federal Contract Tower,0,6,4,0,10,0,0,52,0,52,0,6,56,0,62,64,0,64,126
02/15/2009,HVN,CT,ANE,EN,Federal Contract Tower,0,11,13,0,24,0,0,52,0,52,0,11,65,0,76,96,0,96,172
02/16/2009,HVN,CT,ANE,EN,Federal Contract Tower,0,7,16,0,23,0,0,66,0,66,0,7,82,0,89,120,0,120,209
02/17/2009,HVN,CT,ANE,EN,Federal Contract Tower,0,6,5,0,11,0,0,56,0,56,0,6,61,0,67,68,0,68,135
02/18/2009,HVN,CT,ANE,EN,Federal Contract Tower,0,9,4,1,14,0,0,22,0,22,0,9,26,1,36,34,0,34,70
02/19/2009,HVN,CT,ANE,EN,Federal Contract Tower,0,12,10,2,24,0,0,23,0,23,0,12,33,2,47,34,0,34,81
02/20/2009,HVN,CT,ANE,EN,Federal Contract Tower,0,9,7,0,16,0,0,8,0,8,0,9,15,0,24,18,0,18,42
02/21/2009,HVN,CT,ANE,EN,Federal Contract Tower,0,6,11,0,17,0,0,55,0,55,0,6,66,0,72,118,0,118,190
02/22/2009,HVN,CT,ANE,EN,Federal Contract Tower,0,12,5,0,17,0,0,2,0,2,0,12,7,0,19,0,0,0,19
02/23/2009,HVN,CT,ANE,EN,Federal Contract Tower,0,10,11,0,21,0,0,16,0,16,0,10,27,0,37,14,0,14,51
02/24/2009,HVN,CT,ANE,EN,Federal Contract Tower,0,10,6,0,16,0,0,78,0,78,0,10,84,0,94,90,0,90,184
02/25/2009,HVN,CT,ANE,EN,Federal Contract Tower,0,11,11,0,22,0,0,46,0,46,0,11,57,0,68,124,0,124,192
02/26/2009,HVN,CT,ANE,EN,Federal Contract Tower,0,11,10,0,21,0,0,53,4,57,0,11,63,4,78,156,0,156,234
02/27/2009,HVN,CT,ANE,EN,Federal Contract Tower,0,11,7,0,18,0,0,13,2,15,0,11,20,2,33,42,0,42,75
02/28/2009,HVN,CT,ANE,EN,Federal Contract Tower,0,4,5,0,9,0,0,39,0,39,0,4,44,0,48,64,0,64,112
03/01/2009,HVN,CT,ANE,EN,Federal Contract Tower,0,12,9,0,21,0,0,7,0,7,0,12,16,0,28,58,0,58,86
03/02/2009,HVN,CT,ANE,EN,Federal Contract Tower,0,1,1,0,2,0,0,0,0,0,0,1,1,0,2,0,0,0,2
03/03/2009,HVN,CT,ANE,EN,Federal Contract Tower,0,12,10,0,22,0,0,48,0,48,0,12,58,0,70,18,0,18,88
03/04/2009,HVN,CT,ANE,EN,Federal Contract Tower,0,11,9,0,20,0,2,20,0,22,0,13,29,0,42,44,0,44,86
03/05/2009,HVN,CT,ANE,EN,Federal Contract Tower,0,13,11,0,24,0,0,68,0,68,0,13,79,0,92,116,0,116,208
03/06/2009,HVN,CT,ANE,EN,Federal Contract Tower,0,11,16,0,27,0,0,39,0,39,0,11,55,0,66,58,0,58,124
03/07/2009,HVN,CT,ANE,EN,Federal Contract Tower,0,4,6,0,10,0,4,66,1,71,0,8,72,1,81,118,4,122,203
03/08/2009,HVN,CT,ANE,EN,Federal Contract Tower,0,11,5,0,16,0,0,28,0,28,0,11,33,0,44,16,0,16,60
03/09/2009,HVN,CT,ANE,EN,Federal Contract Tower,0,11,5,0,16,0,0,2,0,2,0,11,7,0,18,16,0,16,34
03/10/2009,HVN,CT,ANE,EN,Federal Contract Tower,0,9,11,0,20,0,0,56,0,56,0,9,67,0,76,92,0,92,168
03/11/2009,HVN,CT,ANE,EN,Federal Contract Tower,0,7,3,0,10,0,0,0,0,0,0,7,3,0,10,0,0,0,10
03/12/2009,HVN,CT,ANE,EN,Federal Contract Tower,0,14,16,0,30,0,0,53,0,53,0,14,69,0,83,52,0,52,135
03/13/2009,HVN,CT,ANE,EN,Federal Contract Tower,0,10,4,0,14,0,0,29,2,31,0,10,33,2,45,20,0,20,65
03/14/2009,HVN,CT,ANE,EN,Federal Contract Tower,0,4,5,0,9,0,0,77,0,77,0,4,82,0,86,174,0,174,260
03/15/2009,HVN,CT,ANE,EN,Federal Contract Tower,0,6,14,0,20,0,0,69,0,69,0,6,83,0,89,170,0,170,259
03/16/2009,HVN,CT,ANE,EN,Federal Contract Tower,0,11,8,0,19,0,0,51,0,51,0,11,59,0,70,70,0,70,140
03/17/2009,HVN,CT,ANE,EN,Federal Contract Tower,0,7,5,0,12,0,0,47,0,47,0,7,52,0,59,66,0,66,125
03/18/2009,HVN,CT,ANE,EN,Federal Contract Tower,0,14,8,0,22,0,0,51,0,51,0,14,59,0,73,38,0,38,111
03/19/2009,HVN,CT,ANE,EN,Federal Contract Tower,0,8,24,2,34,0,0,2,0,2,0,8,26,2,36,10,0,10,46
03/20/2009,HVN,CT,ANE,EN,Federal Contract Tower,0,9,11,0,20,0,0,37,0,37,0,9,48,0,57,32,0,32,89
03/21/2009,HVN,CT,ANE,EN,Federal Contract Tower,0,3,30,0,33,0,0,69,0,69,0,3,99,0,102,152,0,152,254
03/22/2009,HVN,CT,ANE,EN,Federal Contract Tower,0,7,8,0,15,0,0,65,0,65,0,7,73,0,80,124,6,130,210
03/23/2009,HVN,CT,ANE,EN,Federal Contract Tower,0,8,8,0,16,0,0,17,0,17,0,8,25,0,33,20,0,20,53
03/24/2009,HVN,CT,ANE,EN,Federal Contract Tower,0,7,8,0,15,0,0,39,0,39,0,7,47,0,54,4,0,4,58
03/25/2009,HVN,CT,ANE,EN,Federal Contract Tower,0,12,8,0,20,0,0,45,0,45,0,12,53,0,65,72,0,72,137
03/26/2009,HVN,CT,ANE,EN,Federal Contract Tower,0,4,27,0,31,0,0,0,0,0,0,4,27,0,31,0,0,0,31
03/27/2009,HVN,CT,ANE,EN,Federal Contract Tower,0,14,4,0,18,0,0,33,0,33,0,14,37,0,51,41,0,41,92
03/28/2009,HVN,CT,ANE,EN,Federal Contract Tower,0,5,7,0,12,0,0,12,0,12,0,5,19,0,24,71,0,71,95
03/29/2009,HVN,CT,ANE,EN,Federal Contract Tower,0,10,1,0,11,0,0,0,0,0,0,10,1,0,11,0,0,0,11
03/30/2009,HVN,CT,ANE,EN,Federal Contract Tower,0,8,10,0,18,0,0,12,0,12,0,8,22,0,30,10,0,10,40
03/31/2009,HVN,CT,ANE,EN,Federal Contract Tower,0,8,8,2,18,0,0,90,0,90,0,8,98,2,108,66,0,66,174
04/01/2009,HVN,CT,ANE,EN,Federal Contract Tower,0,9,18,0,27,0,0,27,0,27,0,9,45,0,54,54,0,54,108
04/02/2009,HVN,CT,ANE,EN,Federal Contract Tower,0,13,10,0,23,0,0,21,0,21,0,13,31,0,44,60,0,60,104
04/03/2009,HVN,CT,ANE,EN,Federal Contract Tower,0,2,1,0,3,0,0,0,0,0,0,2,1,0,3,0,0,0,3
04/04/2009,HVN,CT,ANE,EN,Federal Contract Tower,0,6,6,0,12,0,0,16,0,16,0,6,22,0,28,0,0,0,28
04/05/2009,HVN,CT,ANE,EN,Federal Contract Tower,0,10,14,0,24,0,0,68,0,68,0,10,82,0,92,188,0,188,280
04/06/2009,HVN,CT,ANE,EN,Federal Contract Tower,0,10,15,0,25,0,0,1,0,1,0,10,16,0,26,0,0,0,26
04/07/2009,HVN,CT,ANE,EN,Federal Contract Tower,0,7,10,0,17,0,0,28,0,28,0,7,38,0,45,44,0,44,89
04/08/2009,HVN,CT,ANE,EN,Federal Contract Tower,0,10,8,0,18,0,0,24,0,24,0,10,32,0,42,60,0,60,102
04/09/2009,HVN,CT,ANE,EN,Federal Contract Tower,0,12,10,0,22,0,2,100,0,102,0,14,110,0,124,148,0,148,272
04/10/2009,HVN,CT,ANE,EN,Federal Contract Tower,0,11,7,0,18,0,0,48,2,50,0,11,55,2,68,98,0,98,166
04/11/2009,HVN,CT,ANE,EN,Federal Contract Tower,0,7,7,0,14,0,0,1,0,1,0,7,8,0,15,0,0,0,15
04/12/2009,HVN,CT,ANE,EN,Federal Contract Tower,0,9,15,0,24,0,0,12,0,12,0,9,27,0,36,8,0,8,44
04/13/2009,HVN,CT,ANE,EN,Federal Contract Tower,0,10,10,0,20,0,0,50,0,50,0,10,60,0,70,82,0,82,152
04/14/2009,HVN,CT,ANE,EN,Federal Contract Tower,0,8,13,0,21,0,0,38,0,38,0,8,51,0,59,54,0,54,113
04/15/2009,HVN,CT,ANE,EN,Federal Contract Tower,0,12,7,0,19,0,0,10,0,10,0,12,17,0,29,4,0,4,33
04/16/2009,HVN,CT,ANE,EN,Federal Contract Tower,0,11,5,0,16,0,0,94,0,94,0,11,99,0,110,76,8,84,194
04/17/2009,HVN,CT,ANE,EN,Federal Contract Tower,0,7,9,4,20,0,0,62,2,64,0,7,71,6,84,100,2,102,186
04/18/2009,HVN,CT,ANE,EN,Federal Contract Tower,0,5,14,0,19,0,0,64,0,64,0,5,78,0,83,112,0,112,195
04/19/2009,HVN,CT,ANE,EN,Federal Contract Tower,0,10,4,0,14,0,0,64,0,64,0,10,68,0,78,119,0,119,197
04/20/2009,HVN,CT,ANE,EN,Federal Contract Tower,0,8,7,0,15,0,0,0,0,0,0,8,7,0,15,0,0,0,15
04/21/2009,HVN,CT,ANE,EN,Federal Contract Tower,0,6,9,0,15,0,0,0,0,0,0,6,9,0,15,0,0,0,15
04/22/2009,HVN,CT,ANE,EN,Federal Contract Tower,0,11,17,0,28,0,0,2,0,2,0,11,19,0,30,0,0,0,30
04/23/2009,HVN,CT,ANE,EN,Federal Contract Tower,0,8,11,0,19,0,0,32,0,32,0,8,43,0,51,86,0,86,137
04/24/2009,HVN,CT,ANE,EN,Federal Contract Tower,0,12,8,0,20,0,0,54,0,54,0,12,62,0,74,106,0,106,180
04/25/2009,HVN,CT,ANE,EN,Federal Contract Tower,0,4,11,0,15,0,47,0,0,47,0,51,11,0,62,122,120,242,304
04/26/2009,HVN,CT,ANE,EN,Federal Contract Tower,0,11,11,0,22,0,0,91,0,91,0,11,102,0,113,184,10,194,307
04/27/2009,HVN,CT,ANE,EN,Federal Contract Tower,0,9,10,0,19,0,0,49,0,49,0,9,59,0,68,106,0,106,174
04/28/2009,HVN,CT,ANE,EN,Federal Contract Tower,0,8,2,0,10,0,0,37,0,37,0,8,39,0,47,18,8,26,73
04/29/2009,HVN,CT,ANE,EN,Federal Contract Tower,0,9,7,0,16,0,0,37,0,37,0,9,44,0,53,44,0,44,97
04/30/2009,HVN,CT,ANE,EN,Federal Contract Tower,0,10,11,0,21,0,0,82,0,82,0,10,93,0,103,18,0,18,121
05/01/2009,HVN,CT,ANE,EN,Federal Contract Tower,0,5,22,0,27,0,0,0,0,0,0,5,22,0,27,0,0,0,27
05/02/2009,HVN,CT,ANE,EN,Federal Contract Tower,0,5,5,0,10,0,0,43,0,43,0,5,48,0,53,72,0,72,125
05/03/2009,HVN,CT,ANE,EN,Federal Contract Tower,0,10,5,2,17,0,0,7,0,7,0,10,12,2,24,24,0,24,48
05/04/2009,HVN,CT,ANE,EN,Federal Contract Tower,0,7,12,0,19,0,0,1,0,1,0,7,13,0,20,0,0,0,20
05/05/2009,HVN,CT,ANE,EN,Federal Contract Tower,0,8,17,0,25,0,0,0,0,0,0,8,17,0,25,0,0,0,25
05/06/2009,HVN,CT,ANE,EN,Federal Contract Tower,0,9,8,0,17,0,0,49,0,49,0,9,57,0,66,76,0,76,142
05/07/2009,HVN,CT,ANE,EN,Federal Contract Tower,0,7,11,0,18,0,1,0,0,1,0,8,11,0,19,6,0,6,25
05/08/2009,HVN,CT,ANE,EN,Federal Contract Tower,0,11,13,0,24,0,0,64,0,64,0,11,77,0,88,20,0,20,108
05/09/2009,HVN,CT,ANE,EN,Federal Contract Tower,0,7,15,0,22,0,0,0,0,0,0,7,15,0,22,0,0,0,22
05/10/2009,HVN,CT,ANE,EN,Federal Contract Tower,0,11,6,0,17,0,0,30,0,30,0,11,36,0,47,64,0,64,111
05/11/2009,HVN,CT,ANE,EN,Federal Contract Tower,0,7,3,0,10,0,0,52,0,52,0,7,55,0,62,106,0,106,168
05/12/2009,HVN,CT,ANE,EN,Federal Contract Tower,0,9,7,0,16,0,0,53,2,55,0,9,60,2,71,68,0,68,139
05/13/2009,HVN,CT,ANE,EN,Federal Contract Tower,0,6,16,1,23,0,0,89,0,89,0,6,105,1,112,116,0,116,228
05/14/2009,HVN,CT,ANE,EN,Federal Contract Tower,0,10,14,0,24,0,0,0,0,0,0,10,14,0,24,0,0,0,24
05/15/2009,HVN,CT,ANE,EN,Federal Contract Tower,0,9,20,0,29,0,0,46,0,46,0,9,66,0,75,96,0,96,171
05/16/2009,HVN,CT,ANE,EN,Federal Contract Tower,0,4,5,0,9,0,0,0,0,0,0,4,5,0,9,0,0,0,9
05/17/2009,HVN,CT,ANE,EN,Federal Contract Tower,0,7,5,0,12,0,0,44,0,44,0,7,49,0,56,56,0,56,112
05/18/2009,HVN,CT,ANE,EN,Federal Contract Tower,0,11,18,0,29,0,0,69,0,69,0,11,87,0,98,104,20,124,222
05/19/2009,HVN,CT,ANE,EN,Federal Contract Tower,0,9,9,0,18,0,0,62,0,62,0,9,71,0,80,88,10,98,178
05/20/2009,HVN,CT,ANE,EN,Federal Contract Tower,0,13,18,0,31,0,0,53,0,53,0,13,71,0,84,60,0,60,144
05/21/2009,HVN,CT,ANE,EN,Federal Contract Tower,0,9,6,0,15,0,0,48,2,50,0,9,54,2,65,130,0,130,195
05/22/2009,HVN,CT,ANE,EN,Federal Contract Tower,0,11,15,0,26,0,0,118,0,118,0,11,133,0,144,126,0,126,270
05/23/2009,HVN,CT,ANE,EN,Federal Contract Tower,0,7,16,0,23,0,1,81,0,82,0,8,97,0,105,104,0,104,209
05/24/2009,HVN,CT,ANE,EN,Federal Contract Tower,0,10,9,0,19,0,0,2,0,2,0,10,11,0,21,0,0,0,21
05/25/2009,HVN,CT,ANE,EN,Federal Contract Tower,0,20,14,0,34,0,0,79,0,79,0,20,93,0,113,78,0,78,191
05/26/2009,HVN,CT,ANE,EN,Federal Contract Tower,0,10,8,0,18,0,2,37,0,39,0,12,45,0,57,44,0,44,101
05/27/2009,HVN,CT,ANE,EN,Federal Contract Tower,0,6,16,0,22,0,0,5,0,5,0,6,21,0,27,8,0,8,35
05/28/2009,HVN,CT,ANE,EN,Federal Contract Tower,0,3,5,0,8,0,0,0,0,0,0,3,5,0,8,0,0,0,8
05/29/2009,HVN,CT,ANE,EN,Federal Contract Tower,0,8,15,0,23,0,0,0,0,0,0,8,15,0,23,38,0,38,61
05/30/2009,HVN,CT,ANE,EN,Federal Contract Tower,0,8,12,0,20,0,3,77,0,80,0,11,89,0,100,80,0,80,180
05/31/2009,HVN,CT,ANE,EN,Federal Contract Tower,0,11,6,0,17,0,0,92,10,102,0,11,98,10,119,110,0,110,229
06/01/2009,HVN,CT,ANE,EN,Federal Contract Tower,0,9,7,0,16,0,0,33,0,33,0,9,40,0,49,40,0,40,89
06/02/2009,HVN,CT,ANE,EN,Federal Contract Tower,0,11,6,0,17,0,0,46,0,46,0,11,52,0,63,58,0,58,121
06/03/2009,HVN,CT,ANE,EN,Federal Contract Tower,0,11,18,0,29,0,0,25,0,25,0,11,43,0,54,22,0,22,76
06/04/2009,HVN,CT,ANE,EN,Federal Contract Tower,0,8,14,0,22,0,0,64,0,64,0,8,78,0,86,114,0,114,200
06/05/2009,HVN,CT,ANE,EN,Federal Contract Tower,0,10,9,0,19,0,0,1,0,1,0,10,10,0,20,0,0,0,20
06/06/2009,HVN,CT,ANE,EN,Federal Contract Tower,0,8,11,0,19,0,0,76,0,76,0,8,87,0,95,118,0,118,213
06/07/2009,HVN,CT,ANE,EN,Federal Contract Tower,0,6,10,0,16,0,0,109,0,109,0,6,119,0,125,148,0,148,273
06/08/2009,HVN,CT,ANE,EN,Federal Contract Tower,0,11,11,0,22,0,0,63,0,63,0,11,74,0,85,98,0,98,183
06/09/2009,HVN,CT,ANE,EN,Federal Contract Tower,0,7,9,0,16,0,0,0,0,0,0,7,9,0,16,0,0,0,16
06/10/2009,HVN,CT,ANE,EN,Federal Contract Tower,0,13,16,0,29,0,0,0,0,0,0,13,16,0,29,0,0,0,29
06/11/2009,HVN,CT,ANE,EN,Federal Contract Tower,0,4,13,0,17,0,0,0,0,0,0,4,13,0,17,0,0,0,17
06/12/2009,HVN,CT,ANE,EN,Federal Contract Tower,0,9,8,0,17,0,0,22,1,23,0,9,30,1,40,105,8,113,153
06/13/2009,HVN,CT,ANE,EN,Federal Contract Tower,0,8,16,0,24,0,0,66,0,66,0,8,82,0,90,82,0,82,172
06/14/2009,HVN,CT,ANE,EN,Federal Contract Tower,0,4,17,0,21,0,0,59,0,59,0,4,76,0,80,110,0,110,190
06/15/2009,HVN,CT,ANE,EN,Federal Contract Tower,0,9,15,0,24,0,0,32,0,32,0,9,47,0,56,0,0,0,56
06/16/2009,HVN,CT,ANE,EN,Federal Contract Tower,0,9,22,0,31,0,0,67,0,67,0,9,89,0,98,62,0,62,160
06/17/2009,HVN,CT,ANE,EN,Federal Contract Tower,0,7,9,0,16,0,0,71,0,71,0,7,80,0,87,94,0,94,181
06/18/2009,HVN,CT,ANE,EN,Federal Contract Tower,0,7,13,0,20,0,0,0,0,0,0,7,13,0,20,0,0,0,20
06/19/2009,HVN,CT,ANE,EN,Federal Contract Tower,0,8,14,0,22,0,0,56,0,56,0,8,70,0,78,18,0,18,96
06/20/2009,HVN,CT,ANE,EN,Federal Contract Tower,0,7,16,0,23,0,0,33,0,33,0,7,49,0,56,17,0,17,73
06/21/2009,HVN,CT,ANE,EN,Federal Contract Tower,0,8,11,0,19,0,0,13,0,13,0,8,24,0,32,24,0,24,56
06/22/2009,HVN,CT,ANE,EN,Federal Contract Tower,0,9,6,0,15,0,0,4,0,4,0,9,10,0,19,8,0,8,27
06/23/2009,HVN,CT,ANE,EN,Federal Contract Tower,0,9,27,0,36,0,1,54,3,58,0,10,81,3,94,38,0,38,132
06/24/2009,HVN,CT,ANE,EN,Federal Contract Tower,0,7,21,0,28,0,0,12,0,12,0,7,33,0,40,0,0,0,40
06/25/2009,HVN,CT,ANE,EN,Federal Contract Tower,0,9,20,2,31,0,0,43,0,43,0,9,63,2,74,40,0,40,114
06/26/2009,HVN,CT,ANE,EN,Federal Contract Tower,0,5,6,0,11,0,0,8,0,8,0,5,14,0,19,0,0,0,19
06/27/2009,HVN,CT,ANE,EN,Federal Contract Tower,0,6,7,0,13,0,0,90,0,90,0,6,97,0,103,162,2,164,267
06/28/2009,HVN,CT,ANE,EN,Federal Contract Tower,0,5,18,0,23,0,0,37,0,37,0,5,55,0,60,26,0,26,86
06/29/2009,HVN,CT,ANE,EN,Federal Contract Tower,0,7,16,2,25,0,0,64,0,64,0,7,80,2,89,102,0,102,191
06/30/2009,HVN,CT,ANE,EN,Federal Contract Tower,0,8,17,0,25,0,0,47,1,48,0,8,64,1,73,40,0,40,113
07/01/2009,HVN,CT,ANE,EN,Federal Contract Tower,0,11,19,0,30,0,0,9,0,9,0,11,28,0,39,20,0,20,59
07/02/2009,HVN,CT,ANE,EN,Federal Contract Tower,0,10,10,0,20,0,0,18,0,18,0,10,28,0,38,18,0,18,56
07/03/2009,HVN,CT,ANE,EN,Federal Contract Tower,0,8,17,0,25,0,0,57,1,58,0,8,74,1,83,66,28,94,177
07/04/2009,HVN,CT,ANE,EN,Federal Contract Tower,0,6,9,0,15,0,0,64,0,64,0,6,73,0,79,30,0,30,109
07/05/2009,HVN,CT,ANE,EN,Federal Contract Tower,0,5,4,0,9,0,0,72,0,72,0,5,76,0,81,42,0,42,123
07/06/2009,HVN,CT,ANE,EN,Federal Contract Tower,0,7,4,4,15,0,0,61,0,61,0,7,65,4,76,89,0,89,165
07/07/2009,HVN,CT,ANE,EN,Federal Contract Tower,0,7,7,0,14,0,0,48,0,48,0,7,55,0,62,36,0,36,98
07/08/2009,HVN,CT,ANE,EN,Federal Contract Tower,0,5,18,0,23,0,0,37,0,37,0,5,55,0,60,26,0,26,86
07/09/2009,HVN,CT,ANE,EN,Federal Contract Tower,0,6,20,0,26,0,0,42,0,42,0,6,62,0,68,91,10,101,169
07/10/2009,HVN,CT,ANE,EN,Federal Contract Tower,0,9,9,0,18,0,0,96,0,96,0,9,105,0,114,80,2,82,196
07/11/2009,HVN,CT,ANE,EN,Federal Contract Tower,0,6,7,0,13,0,0,61,0,61,0,6,68,0,74,64,0,64,138
07/12/2009,HVN,CT,ANE,EN,Federal Contract Tower,0,6,16,0,22,0,0,77,0,77,0,6,93,0,99,116,0,116,215
07/13/2009,HVN,CT,ANE,EN,Federal Contract Tower,0,10,15,0,25,0,0,79,0,79,0,10,94,0,104,78,0,78,182
07/14/2009,HVN,CT,ANE,EN,Federal Contract Tower,0,7,9,0,16,0,0,85,0,85,0,7,94,0,101,76,0,76,177
07/15/2009,HVN,CT,ANE,EN,Federal Contract Tower,0,7,10,0,17,0,0,57,0,57,0,7,67,0,74,86,2,88,162
07/16/2009,HVN,CT,ANE,EN,Federal Contract Tower,0,7,11,0,18,0,0,20,0,20,0,7,31,0,38,67,0,67,105
07/17/2009,HVN,CT,ANE,EN,Federal Contract Tower,0,7,11,2,20,0,0,38,0,38,0,7,49,2,58,30,0,30,88
07/18/2009,HVN,CT,ANE,EN,Federal Contract Tower,0,8,7,0,15,0,0,44,3,47,0,8,51,3,62,32,0,32,94
07/19/2009,HVN,CT,ANE,EN,Federal Contract Tower,0,12,3,0,15,0,0,98,2,100,0,12,101,2,115,104,0,104,219
07/20/2009,HVN,CT,ANE,EN,Federal Contract Tower,0,10,9,0,19,0,0,65,0,65,0,10,74,0,84,70,0,70,154
07/21/2009,HVN,CT,ANE,EN,Federal Contract Tower,0,9,13,0,22,0,0,4,0,4,0,9,17,0,26,0,0,0,26
07/22/2009,HVN,CT,ANE,EN,Federal Contract Tower,0,10,22,0,32,0,0,33,0,33,0,10,55,0,65,36,0,36,101
07/23/2009,HVN,CT,ANE,EN,Federal Contract Tower,0,10,22,0,32,0,0,16,0,16,0,10,38,0,48,58,0,58,106
07/24/2009,HVN,CT,ANE,EN,Federal Contract Tower,0,8,16,0,24,0,0,35,0,35,0,8,51,0,59,34,0,34,93
07/25/2009,HVN,CT,ANE,EN,Federal Contract Tower,0,7,9,0,16,0,0,66,0,66,0,7,75,0,82,74,0,74,156
07/26/2009,HVN,CT,ANE,EN,Federal Contract Tower,0,10,19,0,29,0,0,42,0,42,0,10,61,0,71,150,0,150,221
07/27/2009,HVN,CT,ANE,EN,Federal Contract Tower,0,10,17,0,27,0,0,67,0,67,0,10,84,0,94,56,0,56,150
07/28/2009,HVN,CT,ANE,EN,Federal Contract Tower,0,7,16,0,23,0,0,56,4,60,0,7,72,4,83,66,4,70,153
07/29/2009,HVN,CT,ANE,EN,Federal Contract Tower,0,9,8,0,17,0,0,0,0,0,0,9,8,0,17,0,0,0,17
07/30/2009,HVN,CT,ANE,EN,Federal Contract Tower,0,8,9,0,17,0,0,24,0,24,0,8,33,0,41,50,0,50,91
07/31/2009,HVN,CT,ANE,EN,Federal Contract Tower,0,10,10,0,20,0,0,5,0,5,0,10,15,0,25,0,0,0,25
08/01/2009,HVN,CT,ANE,EN,Federal Contract Tower,0,8,15,0,23,0,0,77,0,77,0,8,92,0,100,69,4,73,173
08/02/2009,HVN,CT,ANE,EN,Federal Contract Tower,0,3,15,0,18,0,0,7,0,7,0,3,22,0,25,0,0,0,25
08/03/2009,HVN,CT,ANE,EN,Federal Contract Tower,0,7,9,0,16,0,0,59,0,59,0,7,68,0,75,76,0,76,151
08/04/2009,HVN,CT,ANE,EN,Federal Contract Tower,0,11,14,0,25,0,0,66,0,66,0,11,80,0,91,54,0,54,145
08/05/2009,HVN,CT,ANE,EN,Federal Contract Tower,0,7,18,0,25,0,0,28,0,28,0,7,46,0,53,22,0,22,75
08/06/2009,HVN,CT,ANE,EN,Federal Contract Tower,0,11,8,0,19,0,0,62,2,64,0,11,70,2,83,68,0,68,151
08/07/2009,HVN,CT,ANE,EN,Federal Contract Tower,0,12,2,0,14,0,0,88,0,88,0,12,90,0,102,88,0,88,190
08/08/2009,HVN,CT,ANE,EN,Federal Contract Tower,0,8,4,0,12,0,0,67,0,67,0,8,71,0,79,76,0,76,155
08/09/2009,HVN,CT,ANE,EN,Federal Contract Tower,0,15,15,0,30,0,0,41,0,41,0,15,56,0,71,80,0,80,151
08/10/2009,HVN,CT,ANE,EN,Federal Contract Tower,0,13,1,0,14,0,0,17,0,17,0,13,18,0,31,42,0,42,73
08/11/2009,HVN,CT,ANE,EN,Federal Contract Tower,0,9,12,0,21,0,0,44,0,44,0,9,56,0,65,52,0,52,117
08/12/2009,HVN,CT,ANE,EN,Federal Contract Tower,0,8,18,0,26,0,0,9,0,9,0,8,27,0,35,14,0,14,49
08/13/2009,HVN,CT,ANE,EN,Federal Contract Tower,0,14,20,0,34,0,0,33,0,33,0,14,53,0,67,28,0,28,95
08/14/2009,HVN,CT,ANE,EN,Federal Contract Tower,0,8,13,0,21,0,0,74,0,74,0,8,87,0,95,58,0,58,153
08/15/2009,HVN,CT,ANE,EN,Federal Contract Tower,0,5,4,0,9,0,0,84,4,88,0,5,88,4,97,96,0,96,193
08/16/2009,HVN,CT,ANE,EN,Federal Contract Tower,0,5,5,0,10,0,2,69,0,71,0,7,74,0,81,100,0,100,181
08/17/2009,HVN,CT,ANE,EN,Federal Contract Tower,0,7,11,0,18,0,2,48,0,50,0,9,59,0,68,38,0,38,106
08/18/2009,HVN,CT,ANE,EN,Federal Contract Tower,0,7,5,0,12,0,0,69,0,69,0,7,74,0,81,52,0,52,133
08/19/2009,HVN,CT,ANE,EN,Federal Contract Tower,0,12,4,0,16,0,0,97,0,97,0,12,101,0,113,98,0,98,211
08/20/2009,HVN,CT,ANE,EN,Federal Contract Tower,0,10,9,0,19,0,0,114,0,114,0,10,123,0,133,102,0,102,235
08/21/2009,HVN,CT,ANE,EN,Federal Contract Tower,0,7,13,0,20,0,0,88,0,88,0,7,101,0,108,108,0,108,216
08/22/2009,HVN,CT,ANE,EN,Federal Contract Tower,0,5,3,0,8,0,0,34,0,34,0,5,37,0,42,78,0,78,120
08/23/2009,HVN,CT,ANE,EN,Federal Contract Tower,0,7,15,0,22,0,1,50,1,52,0,8,65,1,74,106,0,106,180
08/24/2009,HVN,CT,ANE,EN,Federal Contract Tower,0,9,14,0,23,0,0,63,1,64,0,9,77,1,87,92,0,92,179
08/25/2009,HVN,CT,ANE,EN,Federal Contract Tower,2,10,11,0,23,0,0,92,0,92,2,10,103,0,115,60,0,60,175
08/26/2009,HVN,CT,ANE,EN,Federal Contract Tower,0,14,7,0,21,0,0,61,0,61,0,14,68,0,82,100,0,100,182
08/27/2009,HVN,CT,ANE,EN,Federal Contract Tower,0,16,10,1,27,0,0,95,0,95,0,16,105,1,122,91,0,91,213
08/28/2009,HVN,CT,ANE,EN,Federal Contract Tower,0,7,16,0,23,0,0,38,0,38,0,7,54,0,61,30,0,30,91
08/29/2009,HVN,CT,ANE,EN,Federal Contract Tower,0,6,14,0,20,0,0,2,0,2,0,6,16,0,22,0,0,0,22
08/30/2009,HVN,CT,ANE,EN,Federal Contract Tower,0,9,9,0,18,0,0,36,0,36,0,9,45,0,54,20,6,26,80
08/31/2009,HVN,CT,ANE,EN,Federal Contract Tower,0,5,11,0,16,0,0,86,2,88,0,5,97,2,104,50,16,66,170
09/01/2009,HVN,CT,ANE,EN,Federal Contract Tower,0,7,8,0,15,0,0,82,0,82,0,7,90,0,97,114,0,114,211
09/02/2009,HVN,CT,ANE,EN,Federal Contract Tower,0,14,7,0,21,0,0,69,0,69,0,14,76,0,90,72,0,72,162
09/03/2009,HVN,CT,ANE,EN,Federal Contract Tower,0,10,16,0,26,0,0,74,0,74,0,10,90,0,100,84,0,84,184
09/04/2009,HVN,CT,ANE,EN,Federal Contract Tower,0,11,8,0,19,0,0,84,0,84,0,11,92,0,103,104,0,104,207
09/05/2009,HVN,CT,ANE,EN,Federal Contract Tower,0,5,5,0,10,0,0,92,0,92,0,5,97,0,102,88,0,88,190
09/06/2009,HVN,CT,ANE,EN,Federal Contract Tower,0,7,11,0,18,0,0,86,0,86,0,7,97,0,104,192,0,192,296
09/07/2009,HVN,CT,ANE,EN,Federal Contract Tower,0,7,11,0,18,0,0,81,0,81,0,7,92,0,99,54,0,54,153
09/08/2009,HVN,CT,ANE,EN,Federal Contract Tower,0,10,9,0,19,0,2,42,0,44,0,12,51,0,63,22,0,22,85
09/09/2009,HVN,CT,ANE,EN,Federal Contract Tower,0,9,11,0,20,0,0,38,0,38,0,9,49,0,58,38,0,38,96
09/10/2009,HVN,CT,ANE,EN,Federal Contract Tower,0,9,11,0,20,0,0,25,0,25,0,9,36,0,45,36,0,36,81
09/11/2009,HVN,CT,ANE,EN,Federal Contract Tower,0,8,9,0,17,0,0,0,0,0,0,8,9,0,17,0,0,0,17
09/12/2009,HVN,CT,ANE,EN,Federal Contract Tower,0,5,9,0,14,0,0,0,0,0,0,5,9,0,14,0,0,0,14
09/13/2009,HVN,CT,ANE,EN,Federal Contract Tower,0,9,7,0,16,0,0,63,0,63,0,9,70,0,79,106,0,106,185
09/14/2009,HVN,CT,ANE,EN,Federal Contract Tower,0,8,10,0,18,0,0,63,0,63,0,8,73,0,81,66,0,66,147
09/15/2009,HVN,CT,ANE,EN,Federal Contract Tower,0,14,8,0,22,0,0,92,0,92,0,14,100,0,114,62,0,62,176
09/16/2009,HVN,CT,ANE,EN,Federal Contract Tower,0,8,9,0,17,0,0,23,0,23,0,8,32,0,40,24,0,24,64
09/17/2009,HVN,CT,ANE,EN,Federal Contract Tower,0,8,12,0,20,0,0,46,0,46,0,8,58,0,66,0,0,0,66
09/18/2009,HVN,CT,ANE,EN,Federal Contract Tower,0,7,7,0,14,0,0,62,0,62,0,7,69,0,76,76,0,76,152
09/19/2009,HVN,CT,ANE,EN,Federal Contract Tower,0,6,3,0,9,0,0,69,0,69,0,6,72,0,78,136,0,136,214
09/20/2009,HVN,CT,ANE,EN,Federal Contract Tower,0,13,5,1,19,0,0,94,0,94,0,13,99,1,113,134,4,138,251
09/21/2009,HVN,CT,ANE,EN,Federal Contract Tower,0,7,4,0,11,0,1,56,0,57,0,8,60,0,68,54,0,54,122
09/22/2009,HVN,CT,ANE,EN,Federal Contract Tower,0,7,4,0,11,0,0,33,0,33,0,7,37,0,44,58,0,58,102
09/23/2009,HVN,CT,ANE,EN,Federal Contract Tower,0,7,10,0,17,0,0,23,0,23,0,7,33,0,40,8,0,8,48
09/24/2009,HVN,CT,ANE,EN,Federal Contract Tower,0,7,17,0,24,0,0,41,0,41,0,7,58,0,65,44,0,44,109
09/25/2009,HVN,CT,ANE,EN,Federal Contract Tower,0,9,15,0,24,0,0,47,0,47,0,9,62,0,71,58,0,58,129
09/26/2009,HVN,CT,ANE,EN,Federal Contract Tower,0,7,19,0,26,0,0,76,2,78,0,7,95,2,104,98,10,108,212
09/27/2009,HVN,CT,ANE,EN,Federal Contract Tower,0,8,10,0,18,0,0,0,0,0,0,8,10,0,18,0,0,0,18
09/28/2009,HVN,CT,ANE,EN,Federal Contract Tower,0,7,8,0,15,0,0,44,0,44,0,7,52,0,59,32,0,32,91
09/29/2009,HVN,CT,ANE,EN,Federal Contract Tower,0,8,8,0,16,0,0,25,0,25,0,8,33,0,41,0,0,0,41
09/30/2009,HVN,CT,ANE,EN,Federal Contract Tower,0,7,11,0,18,0,0,26,0,26,0,7,37,0,44,2,0,2,46
10/01/2009,HVN,CT,ANE,EN,Federal Contract Tower,0,9,6,0,15,0,0,60,2,62,0,9,66,2,77,36,0,36,113
10/02/2009,HVN,CT,ANE,EN,Federal Contract Tower,0,10,8,0,18,0,0,51,0,51,0,10,59,0,69,30,2,32,101
10/03/2009,HVN,CT,ANE,EN,Federal Contract Tower,0,8,6,0,14,0,0,0,0,0,0,8,6,0,14,0,0,0,14
10/04/2009,HVN,CT,ANE,EN,Federal Contract Tower,0,13,14,0,27,0,0,47,0,47,0,13,61,0,74,52,0,52,126
10/05/2009,HVN,CT,ANE,EN,Federal Contract Tower,0,7,7,2,16,0,0,53,0,53,0,7,60,2,69,76,0,76,145
10/06/2009,HVN,CT,ANE,EN,Federal Contract Tower,0,7,9,0,16,0,0,55,0,55,0,7,64,0,71,132,0,132,203
10/07/2009,HVN,CT,ANE,EN,Federal Contract Tower,0,8,3,2,13,0,0,1,0,1,0,8,4,2,14,0,0,0,14
10/08/2009,HVN,CT,ANE,EN,Federal Contract Tower,0,7,11,0,18,0,0,48,0,48,0,7,59,0,66,58,0,58,124
10/09/2009,HVN,CT,ANE,EN,Federal Contract Tower,0,13,17,0,30,0,0,42,0,42,0,13,59,0,72,52,0,52,124
10/10/2009,HVN,CT,ANE,EN,Federal Contract Tower,0,8,15,0,23,0,0,36,0,36,0,8,51,0,59,50,0,50,109
10/11/2009,HVN,CT,ANE,EN,Federal Contract Tower,0,5,8,0,13,0,0,99,0,99,0,5,107,0,112,81,0,81,193
10/12/2009,HVN,CT,ANE,EN,Federal Contract Tower,0,9,14,0,23,0,0,70,0,70,0,9,84,0,93,96,0,96,189
10/13/2009,HVN,CT,ANE,EN,Federal Contract Tower,0,12,15,0,27,0,0,25,0,25,0,12,40,0,52,2,0,2,54
10/14/2009,HVN,CT,ANE,EN,Federal Contract Tower,0,7,8,0,15,0,0,55,0,55,0,7,63,0,70,108,0,108,178
10/15/2009,HVN,CT,ANE,EN,Federal Contract Tower,0,8,16,0,24,0,0,18,0,18,0,8,34,0,42,36,0,36,78
10/16/2009,HVN,CT,ANE,EN,Federal Contract Tower,0,6,6,0,12,0,0,10,0,10,0,6,16,0,22,10,0,10,32
10/17/2009,HVN,CT,ANE,EN,Federal Contract Tower,0,9,5,0,14,0,0,37,0,37,0,9,42,0,51,122,0,122,173
10/18/2009,HVN,CT,ANE,EN,Federal Contract Tower,0,7,4,0,11,0,0,0,0,0,0,7,4,0,11,0,0,0,11
10/19/2009,HVN,CT,ANE,EN,Federal Contract Tower,0,7,1,0,8,0,0,56,0,56,0,7,57,0,64,56,0,56,120
10/20/2009,HVN,CT,ANE,EN,Federal Contract Tower,0,9,11,0,20,0,0,85,0,85,0,9,96,0,105,90,0,90,195
10/21/2009,HVN,CT,ANE,EN,Federal Contract Tower,0,6,8,0,14,0,0,47,3,50,0,6,55,3,64,96,0,96,160
10/22/2009,HVN,CT,ANE,EN,Federal Contract Tower,0,6,18,0,24,0,0,52,0,52,0,6,70,0,76,88,0,88,164
10/23/2009,HVN,CT,ANE,EN,Federal Contract Tower,0,6,18,0,24,0,0,27,0,27,0,6,45,0,51,12,0,12,63
10/24/2009,HVN,CT,ANE,EN,Federal Contract Tower,0,6,10,0,16,0,0,0,0,0,0,6,10,0,16,0,0,0,16
10/25/2009,HVN,CT,ANE,EN,Federal Contract Tower,0,5,7,0,12,0,1,74,0,75,0,6,81,0,87,110,0,110,197
10/26/2009,HVN,CT,ANE,EN,Federal Contract Tower,0,9,11,0,20,0,0,83,0,83,0,9,94,0,103,52,0,52,155
10/27/2009,HVN,CT,ANE,EN,Federal Contract Tower,0,5,14,0,19,0,0,8,0,8,0,5,22,0,27,6,0,6,33
10/28/2009,HVN,CT,ANE,EN,Federal Contract Tower,0,7,2,0,9,0,0,0,0,0,0,7,2,0,9,0,0,0,9
10/29/2009,HVN,CT,ANE,EN,Federal Contract Tower,0,5,12,0,17,0,0,46,0,46,0,5,58,0,63,50,0,50,113
10/30/2009,HVN,CT,ANE,EN,Federal Contract Tower,0,9,11,0,20,0,0,51,0,51,0,9,62,0,71,38,0,38,109
10/31/2009,HVN,CT,ANE,EN,Federal Contract Tower,0,5,4,0,9,0,0,7,0,7,0,5,11,0,16,0,0,0,16
11/01/2009,HVN,CT,ANE,EN,Federal Contract Tower,0,7,4,0,11,0,0,60,0,60,0,7,64,0,71,62,0,62,133
11/02/2009,HVN,CT,ANE,EN,Federal Contract Tower,0,8,4,0,12,0,0,20,0,20,0,8,24,0,32,14,0,14,46
11/03/2009,HVN,CT,ANE,EN,Federal Contract Tower,0,7,1,0,8,0,0,68,0,68,0,7,69,0,76,90,0,90,166
11/04/2009,HVN,CT,ANE,EN,Federal Contract Tower,0,6,7,0,13,0,0,67,0,67,0,6,74,0,80,44,0,44,124
11/05/2009,HVN,CT,ANE,EN,Federal Contract Tower,0,7,9,0,16,0,0,34,0,34,0,7,43,0,50,24,0,24,74
11/06/2009,HVN,CT,ANE,EN,Federal Contract Tower,0,7,2,0,9,0,0,35,0,35,0,7,37,0,44,30,0,30,74
11/07/2009,HVN,CT,ANE,EN,Federal Contract Tower,0,6,1,0,7,0,2,49,0,51,0,8,50,0,58,106,0,106,164
11/08/2009,HVN,CT,ANE,EN,Federal Contract Tower,0,10,4,0,14,0,0,100,0,100,0,10,104,0,114,154,0,154,268
11/09/2009,HVN,CT,ANE,EN,Federal Contract Tower,0,7,9,0,16,0,0,41,0,41,0,7,50,0,57,16,0,16,73
11/10/2009,HVN,CT,ANE,EN,Federal Contract Tower,0,9,23,0,32,0,0,41,0,41,0,9,64,0,73,66,0,66,139
11/11/2009,HVN,CT,ANE,EN,Federal Contract Tower,0,9,6,0,15,0,0,36,0,36,0,9,42,0,51,20,0,20,71
11/12/2009,HVN,CT,ANE,EN,Federal Contract Tower,0,7,5,0,12,0,0,24,0,24,0,7,29,0,36,0,0,0,36
11/13/2009,HVN,CT,ANE,EN,Federal Contract Tower,0,9,4,0,13,0,0,0,0,0,0,9,4,0,13,6,0,6,19
11/14/2009,HVN,CT,ANE,EN,Federal Contract Tower,0,4,2,0,6,0,0,0,0,0,0,4,2,0,6,0,0,0,6
11/15/2009,HVN,CT,ANE,EN,Federal Contract Tower,0,4,15,0,19,0,0,28,0,28,0,4,43,0,47,94,0,94,141
11/16/2009,HVN,CT,ANE,EN,Federal Contract Tower,0,8,9,0,17,0,0,47,0,47,0,8,56,0,64,76,0,76,140
11/17/2009,HVN,CT,ANE,EN,Federal Contract Tower,0,8,4,0,12,0,0,79,0,79,0,8,83,0,91,98,0,98,189
11/18/2009,HVN,CT,ANE,EN,Federal Contract Tower,0,7,15,0,22,0,0,50,0,50,0,7,65,0,72,86,0,86,158
11/19/2009,HVN,CT,ANE,EN,Federal Contract Tower,0,9,17,0,26,0,0,25,0,25,0,9,42,0,51,58,0,58,109
11/20/2009,HVN,CT,ANE,EN,Federal Contract Tower,0,17,22,12,51,0,0,34,0,34,0,17,56,12,85,48,0,48,133
11/21/2009,HVN,CT,ANE,EN,Federal Contract Tower,0,3,21,0,24,0,0,80,2,82,0,3,101,2,106,152,0,152,258
11/22/2009,HVN,CT,ANE,EN,Federal Contract Tower,0,7,15,0,22,0,0,88,0,88,0,7,103,0,110,119,0,119,229
11/23/2009,HVN,CT,ANE,EN,Federal Contract Tower,0,10,10,0,20,0,0,2,0,2,0,10,12,0,22,0,0,0,22
11/24/2009,HVN,CT,ANE,EN,Federal Contract Tower,0,10,8,0,18,0,0,9,0,9,0,10,17,0,27,0,0,0,27
11/25/2009,HVN,CT,ANE,EN,Federal Contract Tower,0,9,18,0,27,0,0,0,0,0,0,9,18,0,27,0,0,0,27
11/26/2009,HVN,CT,ANE,EN,Federal Contract Tower,0,7,4,0,11,0,0,0,0,0,0,7,4,0,11,0,0,0,11
11/27/2009,HVN,CT,ANE,EN,Federal Contract Tower,0,8,2,0,10,0,0,0,0,0,0,8,2,0,10,0,0,0,10
11/28/2009,HVN,CT,ANE,EN,Federal Contract Tower,0,4,5,0,9,0,0,3,0,3,0,4,8,0,12,0,0,0,12
11/29/2009,HVN,CT,ANE,EN,Federal Contract Tower,0,9,23,0,32,0,0,98,0,98,0,9,121,0,130,130,0,130,260
11/30/2009,HVN,CT,ANE,EN,Federal Contract Tower,0,9,11,0,20,0,0,4,0,4,0,9,15,0,24,0,0,0,24
12/01/2009,HVN,CT,ANE,EN,Federal Contract Tower,0,11,6,0,17,0,0,46,0,46,0,11,52,0,63,32,0,32,95
12/02/2009,HVN,CT,ANE,EN,Federal Contract Tower,0,6,8,0,14,0,0,35,0,35,0,6,43,0,49,54,0,54,103
12/03/2009,HVN,CT,ANE,EN,Federal Contract Tower,0,7,6,0,13,0,0,8,0,8,0,7,14,0,21,18,0,18,39
12/04/2009,HVN,CT,ANE,EN,Federal Contract Tower,0,9,7,0,16,0,0,72,0,72,0,9,79,0,88,78,0,78,166
12/05/2009,HVN,CT,ANE,EN,Federal Contract Tower,0,4,4,0,8,0,0,4,0,4,0,4,8,0,12,20,0,20,32
12/06/2009,HVN,CT,ANE,EN,Federal Contract Tower,0,6,10,1,17,0,0,58,0,58,0,6,68,1,75,36,0,36,111
12/07/2009,HVN,CT,ANE,EN,Federal Contract Tower,0,10,4,0,14,0,0,23,0,23,0,10,27,0,37,0,0,0,37
12/08/2009,HVN,CT,ANE,EN,Federal Contract Tower,0,12,10,0,22,0,0,39,0,39,0,12,49,0,61,10,28,38,99
12/09/2009,HVN,CT,ANE,EN,Federal Contract Tower,0,0,9,4,13,0,0,0,0,0,0,0,9,4,13,0,0,0,13
12/10/2009,HVN,CT,ANE,EN,Federal Contract Tower,0,8,9,0,17,0,0,10,0,10,0,8,19,0,27,4,0,4,31
12/11/2009,HVN,CT,ANE,EN,Federal Contract Tower,0,8,6,0,14,0,0,20,5,25,0,8,26,5,39,14,12,26,65
12/12/2009,HVN,CT,ANE,EN,Federal Contract Tower,0,3,5,0,8,0,0,48,0,48,0,3,53,0,56,50,0,50,106
12/13/2009,HVN,CT,ANE,EN,Federal Contract Tower,0,7,1,0,8,0,0,9,0,9,0,7,10,0,17,0,0,0,17
12/14/2009,HVN,CT,ANE,EN,Federal Contract Tower,0,9,8,1,18,0,0,80,0,80,0,9,88,1,98,46,14,60,158
12/15/2009,HVN,CT,ANE,EN,Federal Contract Tower,0,11,8,0,19,0,0,13,0,13,0,11,21,0,32,18,0,18,50
12/16/2009,HVN,CT,ANE,EN,Federal Contract Tower,0,8,4,0,12,0,0,31,0,31,0,8,35,0,43,30,0,30,73
12/17/2009,HVN,CT,ANE,EN,Federal Contract Tower,0,8,4,0,12,0,0,31,0,31,0,8,35,0,43,30,0,30,73
12/18/2009,HVN,CT,ANE,EN,Federal Contract Tower,0,10,8,0,18,0,0,54,0,54,0,10,62,0,72,6,0,6,78
12/19/2009,HVN,CT,ANE,EN,Federal Contract Tower,0,2,6,0,8,0,0,5,0,5,0,2,11,0,13,20,0,20,33
12/20/2009,HVN,CT,ANE,EN,Federal Contract Tower,0,0,1,0,1,0,0,5,0,5,0,0,6,0,6,0,0,0,6
12/21/2009,HVN,CT,ANE,EN,Federal Contract Tower,0,7,6,0,13,0,0,17,0,17,0,7,23,0,30,14,0,14,44
12/22/2009,HVN,CT,ANE,EN,Federal Contract Tower,0,9,8,0,17,0,0,37,0,37,0,9,45,0,54,38,0,38,92
12/23/2009,HVN,CT,ANE,EN,Federal Contract Tower,0,8,3,0,11,0,0,39,0,39,0,8,42,0,50,34,0,34,84
12/24/2009,HVN,CT,ANE,EN,Federal Contract Tower,0,7,4,0,11,0,0,22,0,22,0,7,26,0,33,32,0,32,65
12/25/2009,HVN,CT,ANE,EN,Federal Contract Tower,0,9,0,0,9,0,0,11,0,11,0,9,11,0,20,0,0,0,20
12/26/2009,HVN,CT,ANE,EN,Federal Contract Tower,0,7,4,0,11,0,0,0,0,0,0,7,4,0,11,0,0,0,11
12/27/2009,HVN,CT,ANE,EN,Federal Contract Tower,0,7,5,0,12,0,0,29,0,29,0,7,34,0,41,40,0,40,81
12/28/2009,HVN,CT,ANE,EN,Federal Contract Tower,0,9,5,0,14,0,0,27,0,27,0,9,32,0,41,0,0,0,41
12/29/2009,HVN,CT,ANE,EN,Federal Contract Tower,0,8,2,0,10,0,0,0,0,0,0,8,2,0,10,0,0,0,10
12/30/2009,HVN,CT,ANE,EN,Federal Contract Tower,0,13,14,0,27,0,0,52,0,52,0,13,66,0,79,76,0,76,155
12/31/2009,HVN,CT,ANE,EN,Federal Contract Tower,0,7,1,0,8,0,0,0,0,0,0,7,1,0,8,0,0,0,8
01/01/2010,HVN,CT,ANE,EN,Federal Contract Tower,0,7,0,0,7,0,0,0,0,0,0,7,0,0,7,0,0,0,7
01/02/2010,HVN,CT,ANE,EN,Federal Contract Tower,0,5,3,0,8,0,0,0,0,0,0,5,3,0,8,0,0,0,8
01/03/2010,HVN,CT,ANE,EN,Federal Contract Tower,0,6,5,0,11,0,0,0,0,0,0,6,5,0,11,0,0,0,11
01/04/2010,HVN,CT,ANE,EN,Federal Contract Tower,0,9,5,0,14,0,0,29,0,29,0,9,34,0,43,22,2,24,67
01/05/2010,HVN,CT,ANE,EN,Federal Contract Tower,0,7,4,0,11,0,0,39,0,39,0,7,43,0,50,54,0,54,104
01/06/2010,HVN,CT,ANE,EN,Federal Contract Tower,0,6,8,0,14,0,0,25,0,25,0,6,33,0,39,56,0,56,95
01/07/2010,HVN,CT,ANE,EN,Federal Contract Tower,0,7,12,0,19,0,0,45,2,47,0,7,57,2,66,62,0,62,128
01/08/2010,HVN,CT,ANE,EN,Federal Contract Tower,0,11,6,0,17,0,0,0,0,0,0,11,6,0,17,0,0,0,17
01/09/2010,HVN,CT,ANE,EN,Federal Contract Tower,0,5,3,0,8,0,0,44,0,44,0,5,47,0,52,24,0,24,76
01/10/2010,HVN,CT,ANE,EN,Federal Contract Tower,0,13,16,1,30,0,0,74,0,74,0,13,90,1,104,60,0,60,164
01/11/2010,HVN,CT,ANE,EN,Federal Contract Tower,0,11,2,0,13,0,0,41,0,41,0,11,43,0,54,10,0,10,64
01/12/2010,HVN,CT,ANE,EN,Federal Contract Tower,0,10,2,1,13,0,0,34,0,34,0,10,36,1,47,5,0,5,52
01/13/2010,HVN,CT,ANE,EN,Federal Contract Tower,0,8,8,0,16,0,0,28,0,28,0,8,36,0,44,10,0,10,54
01/14/2010,HVN,CT,ANE,EN,Federal Contract Tower,0,8,6,1,15,0,0,54,0,54,0,8,60,1,69,132,0,132,201
01/15/2010,HVN,CT,ANE,EN,Federal Contract Tower,0,9,12,0,21,0,0,62,0,62,0,9,74,0,83,6,4,10,93
01/16/2010,HVN,CT,ANE,EN,Federal Contract Tower,0,10,11,1,22,0,0,56,2,58,0,10,67,3,80,64,0,64,144
01/17/2010,HVN,CT,ANE,EN,Federal Contract Tower,0,10,8,0,18,0,0,28,0,28,0,10,36,0,46,46,0,46,92
01/18/2010,HVN,CT,ANE,EN,Federal Contract Tower,0,7,5,0,12,0,0,23,0,23,0,7,28,0,35,8,0,8,43
01/19/2010,HVN,CT,ANE,EN,Federal Contract Tower,0,7,11,3,21,0,0,3,3,6,0,7,14,6,27,0,2,2,29
01/20/2010,HVN,CT,ANE,EN,Federal Contract Tower,0,12,5,0,17,0,0,27,0,27,0,12,32,0,44,50,2,52,96
01/21/2010,HVN,CT,ANE,EN,Federal Contract Tower,0,9,4,0,13,0,0,39,0,39,0,9,43,0,52,28,0,28,80
01/22/2010,HVN,CT,ANE,EN,Federal Contract Tower,0,11,11,0,22,0,0,29,0,29,0,11,40,0,51,42,0,42,93
01/23/2010,HVN,CT,ANE,EN,Federal Contract Tower,0,9,10,0,19,0,0,73,0,73,0,9,83,0,92,126,0,126,218
01/24/2010,HVN,CT,ANE,EN,Federal Contract Tower,0,7,7,0,14,0,0,18,0,18,0,7,25,0,32,10,0,10,42
01/25/2010,HVN,CT,ANE,EN,Federal Contract Tower,0,8,1,0,9,0,0,0,0,0,0,8,1,0,9,0,0,0,9
01/26/2010,HVN,CT,ANE,EN,Federal Contract Tower,0,8,6,0,14,0,0,41,2,43,0,8,47,2,57,31,10,41,98
01/27/2010,HVN,CT,ANE,EN,Federal Contract Tower,0,8,21,0,29,0,0,51,0,51,0,8,72,0,80,78,0,78,158
01/28/2010,HVN,CT,ANE,EN,Federal Contract Tower,0,10,14,0,24,0,0,2,0,2,0,10,16,0,26,0,0,0,26
01/29/2010,HVN,CT,ANE,EN,Federal Contract Tower,0,10,13,0,23,0,0,22,0,22,0,10,35,0,45,0,0,0,45
01/30/2010,HVN,CT,ANE,EN,Federal Contract Tower,0,4,8,0,12,0,0,25,0,25,0,4,33,0,37,2,0,2,39
01/31/2010,HVN,CT,ANE,EN,Federal Contract Tower,0,8,8,0,16,0,0,70,0,70,0,8,78,0,86,40,0,40,126
02/01/2010,HVN,CT,ANE,EN,Federal Contract Tower,0,7,5,0,12,0,0,24,0,24,0,7,29,0,36,10,0,10,46
02/02/2010,HVN,CT,ANE,EN,Federal Contract Tower,0,7,4,0,11,0,0,22,0,22,0,7,26,0,33,22,0,22,55
02/03/2010,HVN,CT,ANE,EN,Federal Contract Tower,0,6,4,0,10,0,0,4,0,4,0,6,8,0,14,0,0,0,14
02/04/2010,HVN,CT,ANE,EN,Federal Contract Tower,0,10,8,0,18,0,0,43,0,43,0,10,51,0,61,24,0,24,85
02/05/2010,HVN,CT,ANE,EN,Federal Contract Tower,0,8,10,1,19,0,0,55,0,55,0,8,65,1,74,48,0,48,122
02/06/2010,HVN,CT,ANE,EN,Federal Contract Tower,0,6,4,0,10,0,0,20,0,20,0,6,24,0,30,10,0,10,40
02/07/2010,HVN,CT,ANE,EN,Federal Contract Tower,0,5,7,0,12,0,0,31,0,31,0,5,38,0,43,12,0,12,55
02/08/2010,HVN,CT,ANE,EN,Federal Contract Tower,0,8,7,0,15,0,0,33,0,33,0,8,40,0,48,24,4,28,76
02/09/2010,HVN,CT,ANE,EN,Federal Contract Tower,0,10,9,0,19,0,0,48,0,48,0,10,57,0,67,64,2,66,133
02/10/2010,HVN,CT,ANE,EN,Federal Contract Tower,0,0,0,0,0,0,0,0,0,0,0,0,0,0,0,0,0,0,0
02/11/2010,HVN,CT,ANE,EN,Federal Contract Tower,0,4,6,0,10,0,0,5,0,5,0,4,11,0,15,0,0,0,15
02/12/2010,HVN,CT,ANE,EN,Federal Contract Tower,0,8,6,0,14,0,0,55,0,55,0,8,61,0,69,32,0,32,101
02/13/2010,HVN,CT,ANE,EN,Federal Contract Tower,0,4,6,0,10,0,0,42,0,42,0,4,48,0,52,14,0,14,66
02/14/2010,HVN,CT,ANE,EN,Federal Contract Tower,0,6,3,0,9,0,0,50,0,50,0,6,53,0,59,54,0,54,113
02/15/2010,HVN,CT,ANE,EN,Federal Contract Tower,0,7,6,0,13,0,0,40,0,40,0,7,46,0,53,88,0,88,141
02/16/2010,HVN,CT,ANE,EN,Federal Contract Tower,0,6,8,0,14,0,0,0,0,0,0,6,8,0,14,0,0,0,14
02/17/2010,HVN,CT,ANE,EN,Federal Contract Tower,0,8,20,1,29,0,0,35,0,35,0,8,55,1,64,30,0,30,94
02/18/2010,HVN,CT,ANE,EN,Federal Contract Tower,0,8,8,0,16,0,0,17,0,17,0,8,25,0,33,6,0,6,39
02/19/2010,HVN,CT,ANE,EN,Federal Contract Tower,0,10,20,0,30,0,0,37,0,37,0,10,57,0,67,22,0,22,89
02/20/2010,HVN,CT,ANE,EN,Federal Contract Tower,0,5,11,0,16,0,0,59,2,61,0,5,70,2,77,46,0,46,123
02/21/2010,HVN,CT,ANE,EN,Federal Contract Tower,0,8,5,0,13,0,0,52,0,52,0,8,57,0,65,58,0,58,123
02/22/2010,HVN,CT,ANE,EN,Federal Contract Tower,0,12,14,0,26,0,0,57,0,57,0,12,71,0,83,50,0,50,133
02/23/2010,HVN,CT,ANE,EN,Federal Contract Tower,0,8,11,0,19,0,0,0,0,0,0,8,11,0,19,0,0,0,19
02/24/2010,HVN,CT,ANE,EN,Federal Contract Tower,0,12,6,0,18,0,0,0,0,0,0,12,6,0,18,0,0,0,18
02/25/2010,HVN,CT,ANE,EN,Federal Contract Tower,0,8,11,0,19,0,0,0,0,0,0,8,11,0,19,0,0,0,19
02/26/2010,HVN,CT,ANE,EN,Federal Contract Tower,0,4,6,0,10,0,0,0,0,0,0,4,6,0,10,0,0,0,10
02/27/2010,HVN,CT,ANE,EN,Federal Contract Tower,0,8,2,1,11,0,0,9,2,11,0,8,11,3,22,6,0,6,28
02/28/2010,HVN,CT,ANE,EN,Federal Contract Tower,0,15,5,0,20,0,0,15,0,15,0,15,20,0,35,0,0,0,35
03/01/2010,HVN,CT,ANE,EN,Federal Contract Tower,0,11,3,0,14,0,0,11,0,11,0,11,14,0,25,4,0,4,29
03/02/2010,HVN,CT,ANE,EN,Federal Contract Tower,0,11,6,0,17,0,0,43,0,43,0,11,49,0,60,56,0,56,116
03/03/2010,HVN,CT,ANE,EN,Federal Contract Tower,0,9,6,0,15,0,0,0,0,0,0,9,6,0,15,1,0,1,16
03/04/2010,HVN,CT,ANE,EN,Federal Contract Tower,0,10,9,0,19,0,0,26,0,26,0,10,35,0,45,18,0,18,63
03/05/2010,HVN,CT,ANE,EN,Federal Contract Tower,0,12,11,0,23,0,0,39,0,39,0,12,50,0,62,36,0,36,98
03/06/2010,HVN,CT,ANE,EN,Federal Contract Tower,0,6,15,0,21,0,0,72,2,74,0,6,87,2,95,100,0,100,195
03/07/2010,HVN,CT,ANE,EN,Federal Contract Tower,0,14,7,0,21,0,0,84,0,84,0,14,91,0,105,92,0,92,197
03/08/2010,HVN,CT,ANE,EN,Federal Contract Tower,0,6,10,0,16,0,1,44,0,45,0,7,54,0,61,20,0,20,81
03/09/2010,HVN,CT,ANE,EN,Federal Contract Tower,0,8,15,0,23,0,0,80,0,80,0,8,95,0,103,114,2,116,219
03/10/2010,HVN,CT,ANE,EN,Federal Contract Tower,0,5,8,0,13,0,1,45,0,46,0,6,53,0,59,32,0,32,91
03/11/2010,HVN,CT,ANE,EN,Federal Contract Tower,0,9,15,1,25,0,0,15,0,15,0,9,30,1,40,12,0,12,52
03/12/2010,HVN,CT,ANE,EN,Federal Contract Tower,0,6,10,0,16,0,0,2,0,2,0,6,12,0,18,0,0,0,18
03/13/2010,HVN,CT,ANE,EN,Federal Contract Tower,0,7,0,0,7,0,0,0,0,0,0,7,0,0,7,0,0,0,7
03/14/2010,HVN,CT,ANE,EN,Federal Contract Tower,0,8,10,0,18,0,0,0,0,0,0,8,10,0,18,0,0,0,18
03/15/2010,HVN,CT,ANE,EN,Federal Contract Tower,1,6,7,0,14,0,0,3,0,3,1,6,10,0,17,2,0,2,19
03/16/2010,HVN,CT,ANE,EN,Federal Contract Tower,0,7,7,0,14,0,0,56,0,56,0,7,63,0,70,22,0,22,92
03/17/2010,HVN,CT,ANE,EN,Federal Contract Tower,0,7,9,0,16,0,0,38,0,38,0,7,47,0,54,32,0,32,86
03/18/2010,HVN,CT,ANE,EN,Federal Contract Tower,0,8,7,0,15,0,0,53,2,55,0,8,60,2,70,70,0,70,140
03/19/2010,HVN,CT,ANE,EN,Federal Contract Tower,0,10,4,0,14,0,0,45,0,45,0,10,49,0,59,78,0,78,137
03/20/2010,HVN,CT,ANE,EN,Federal Contract Tower,0,5,7,0,12,0,0,68,1,69,0,5,75,1,81,162,0,162,243
03/21/2010,HVN,CT,ANE,EN,Federal Contract Tower,0,10,7,0,17,0,0,63,0,63,0,10,70,0,80,120,0,120,200
03/22/2010,HVN,CT,ANE,EN,Federal Contract Tower,0,10,7,0,17,0,0,0,0,0,0,10,7,0,17,0,0,0,17
03/23/2010,HVN,CT,ANE,EN,Federal Contract Tower,0,9,20,0,29,0,0,0,0,0,0,9,20,0,29,0,0,0,29
03/24/2010,HVN,CT,ANE,EN,Federal Contract Tower,0,7,10,0,17,0,0,4,0,4,0,7,14,0,21,0,0,0,21
03/25/2010,HVN,CT,ANE,EN,Federal Contract Tower,0,7,18,2,27,0,0,35,0,35,0,7,53,2,62,82,0,82,144
03/26/2010,HVN,CT,ANE,EN,Federal Contract Tower,0,10,13,0,23,0,0,31,0,31,0,10,44,0,54,24,0,24,78
03/27/2010,HVN,CT,ANE,EN,Federal Contract Tower,0,6,10,0,16,0,0,67,6,73,0,6,77,6,89,74,0,74,163
03/28/2010,HVN,CT,ANE,EN,Federal Contract Tower,0,10,14,0,24,0,0,26,0,26,0,10,40,0,50,24,0,24,74
03/29/2010,HVN,CT,ANE,EN,Federal Contract Tower,0,11,5,0,16,0,0,0,0,0,0,11,5,0,16,0,0,0,16
03/30/2010,HVN,CT,ANE,EN,Federal Contract Tower,0,13,21,0,34,0,0,0,0,0,0,13,21,0,34,0,0,0,34
03/31/2010,HVN,CT,ANE,EN,Federal Contract Tower,0,9,16,0,25,0,0,3,0,3,0,9,19,0,28,8,0,8,36
04/01/2010,HVN,CT,ANE,EN,Federal Contract Tower,0,6,25,0,31,0,0,48,0,48,0,6,73,0,79,80,0,80,159
04/02/2010,HVN,CT,ANE,EN,Federal Contract Tower,0,8,13,0,21,0,0,75,0,75,0,8,88,0,96,184,0,184,280
04/03/2010,HVN,CT,ANE,EN,Federal Contract Tower,0,4,9,0,13,0,0,47,0,47,0,4,56,0,60,90,0,90,150
04/04/2010,HVN,CT,ANE,EN,Federal Contract Tower,0,10,12,0,22,0,0,49,0,49,0,10,61,0,71,38,0,38,109
04/05/2010,HVN,CT,ANE,EN,Federal Contract Tower,0,8,10,0,18,0,0,57,0,57,0,8,67,0,75,24,0,24,99
04/06/2010,HVN,CT,ANE,EN,Federal Contract Tower,0,8,9,0,17,0,0,38,0,38,0,8,47,0,55,78,0,78,133
04/07/2010,HVN,CT,ANE,EN,Federal Contract Tower,0,9,9,0,18,0,0,59,0,59,0,9,68,0,77,118,0,118,195
04/08/2010,HVN,CT,ANE,EN,Federal Contract Tower,0,7,26,0,33,0,0,48,2,50,0,7,74,2,83,12,8,20,103
04/09/2010,HVN,CT,ANE,EN,Federal Contract Tower,0,11,23,0,34,0,0,2,0,2,0,11,25,0,36,0,0,0,36
04/10/2010,HVN,CT,ANE,EN,Federal Contract Tower,0,9,5,0,14,0,0,21,2,23,0,9,26,2,37,16,0,16,53
04/11/2010,HVN,CT,ANE,EN,Federal Contract Tower,0,9,8,0,17,0,0,61,0,61,0,9,69,0,78,70,0,70,148
04/12/2010,HVN,CT,ANE,EN,Federal Contract Tower,0,9,4,0,13,0,0,16,0,16,0,9,20,0,29,2,0,2,31
04/13/2010,HVN,CT,ANE,EN,Federal Contract Tower,0,8,16,0,24,0,0,55,0,55,0,8,71,0,79,38,0,38,117
04/14/2010,HVN,CT,ANE,EN,Federal Contract Tower,0,7,2,0,9,0,0,27,0,27,0,7,29,0,36,8,0,8,44
04/15/2010,HVN,CT,ANE,EN,Federal Contract Tower,0,8,6,0,14,0,1,43,0,44,0,9,49,0,58,48,0,48,106
04/16/2010,HVN,CT,ANE,EN,Federal Contract Tower,0,10,17,0,27,0,0,21,0,21,0,10,38,0,48,0,0,0,48
04/17/2010,HVN,CT,ANE,EN,Federal Contract Tower,0,4,8,3,15,0,0,2,0,2,0,4,10,3,17,0,0,0,17
04/18/2010,HVN,CT,ANE,EN,Federal Contract Tower,0,9,5,0,14,0,0,41,0,41,0,9,46,0,55,30,0,30,85
04/19/2010,HVN,CT,ANE,EN,Federal Contract Tower,0,10,12,0,22,0,0,11,0,11,0,10,23,0,33,10,0,10,43
04/20/2010,HVN,CT,ANE,EN,Federal Contract Tower,0,7,13,0,20,0,0,68,0,68,0,7,81,0,88,76,0,76,164
04/21/2010,HVN,CT,ANE,EN,Federal Contract Tower,0,10,6,0,16,0,0,27,0,27,0,10,33,0,43,34,0,34,77
04/22/2010,HVN,CT,ANE,EN,Federal Contract Tower,0,9,11,0,20,0,1,35,0,36,0,10,46,0,56,6,0,6,62
04/23/2010,HVN,CT,ANE,EN,Federal Contract Tower,0,8,25,0,33,0,0,63,2,65,0,8,88,2,98,54,0,54,152
04/24/2010,HVN,CT,ANE,EN,Federal Contract Tower,0,11,21,0,32,0,0,80,0,80,0,11,101,0,112,112,0,112,224
04/25/2010,HVN,CT,ANE,EN,Federal Contract Tower,0,11,17,0,28,0,0,0,0,0,0,11,17,0,28,0,0,0,28
04/26/2010,HVN,CT,ANE,EN,Federal Contract Tower,0,14,24,0,38,0,0,0,0,0,0,14,24,0,38,0,0,0,38
04/27/2010,HVN,CT,ANE,EN,Federal Contract Tower,0,12,15,0,27,0,0,29,0,29,0,12,44,0,56,44,0,44,100
04/28/2010,HVN,CT,ANE,EN,Federal Contract Tower,0,13,10,0,23,0,0,16,0,16,0,13,26,0,39,2,0,2,41
04/29/2010,HVN,CT,ANE,EN,Federal Contract Tower,0,9,11,0,20,0,0,24,0,24,0,9,35,0,44,6,0,6,50
04/30/2010,HVN,CT,ANE,EN,Federal Contract Tower,0,10,2,0,12,0,0,59,4,63,0,10,61,4,75,76,0,76,151
05/01/2010,HVN,CT,ANE,EN,Federal Contract Tower,0,8,8,0,16,0,0,67,2,69,0,8,75,2,85,104,0,104,189
05/02/2010,HVN,CT,ANE,EN,Federal Contract Tower,0,9,14,0,23,0,0,74,0,74,0,9,88,0,97,86,0,86,183
05/03/2010,HVN,CT,ANE,EN,Federal Contract Tower,0,15,11,2,28,0,0,6,0,6,0,15,17,2,34,22,0,22,56
05/04/2010,HVN,CT,ANE,EN,Federal Contract Tower,0,9,15,1,25,0,0,57,2,59,0,9,72,3,84,22,0,22,106
05/05/2010,HVN,CT,ANE,EN,Federal Contract Tower,0,10,13,0,23,0,0,58,0,58,0,10,71,0,81,98,0,98,179
05/06/2010,HVN,CT,ANE,EN,Federal Contract Tower,0,10,13,0,23,0,0,38,0,38,0,10,51,0,61,34,0,34,95
05/07/2010,HVN,CT,ANE,EN,Federal Contract Tower,0,14,9,0,23,0,0,77,0,77,0,14,86,0,100,78,0,78,178
05/08/2010,HVN,CT,ANE,EN,Federal Contract Tower,0,7,7,0,14,0,0,8,0,8,0,7,15,0,22,8,0,8,30
05/09/2010,HVN,CT,ANE,EN,Federal Contract Tower,0,12,4,0,16,0,0,22,2,24,0,12,26,2,40,12,0,12,52
05/10/2010,HVN,CT,ANE,EN,Federal Contract Tower,0,10,4,0,14,0,0,35,0,35,0,10,39,0,49,0,0,0,49
05/11/2010,HVN,CT,ANE,EN,Federal Contract Tower,0,11,12,1,24,0,0,49,0,49,0,11,61,1,73,48,2,50,123
05/12/2010,HVN,CT,ANE,EN,Federal Contract Tower,0,14,8,0,22,0,0,0,0,0,0,14,8,0,22,0,0,0,22
05/13/2010,HVN,CT,ANE,EN,Federal Contract Tower,0,9,9,0,18,0,0,59,0,59,0,9,68,0,77,80,0,80,157
05/14/2010,HVN,CT,ANE,EN,Federal Contract Tower,0,9,11,0,20,0,0,16,0,16,0,9,27,0,36,56,0,56,92
05/15/2010,HVN,CT,ANE,EN,Federal Contract Tower,0,8,9,0,17,0,0,52,0,52,0,8,61,0,69,68,0,68,137
05/16/2010,HVN,CT,ANE,EN,Federal Contract Tower,0,9,9,0,18,0,0,90,0,90,0,9,99,0,108,30,0,30,138
05/17/2010,HVN,CT,ANE,EN,Federal Contract Tower,0,6,10,0,16,0,0,53,0,53,0,6,63,0,69,22,0,22,91
05/18/2010,HVN,CT,ANE,EN,Federal Contract Tower,0,8,16,0,24,0,0,8,0,8,0,8,24,0,32,14,0,14,46
05/19/2010,HVN,CT,ANE,EN,Federal Contract Tower,0,8,17,0,25,0,0,4,0,4,0,8,21,0,29,0,0,0,29
05/20/2010,HVN,CT,ANE,EN,Federal Contract Tower,0,7,11,0,18,0,0,63,0,63,0,7,74,0,81,32,0,32,113
05/21/2010,HVN,CT,ANE,EN,Federal Contract Tower,0,12,11,0,23,0,0,62,0,62,0,12,73,0,85,50,0,50,135
05/22/2010,HVN,CT,ANE,EN,Federal Contract Tower,0,9,8,0,17,0,0,47,2,49,0,9,55,2,66,90,0,90,156
05/23/2010,HVN,CT,ANE,EN,Federal Contract Tower,0,11,25,0,36,0,0,26,0,26,0,11,51,0,62,60,0,60,122
05/24/2010,HVN,CT,ANE,EN,Federal Contract Tower,0,17,15,0,32,0,0,44,0,44,0,17,59,0,76,28,0,28,104
05/25/2010,HVN,CT,ANE,EN,Federal Contract Tower,0,11,13,0,24,0,0,51,0,51,0,11,64,0,75,138,0,138,213
05/26/2010,HVN,CT,ANE,EN,Federal Contract Tower,0,9,7,0,16,0,0,51,0,51,0,9,58,0,67,44,0,44,111
05/27/2010,HVN,CT,ANE,EN,Federal Contract Tower,0,10,19,0,29,0,0,40,0,40,0,10,59,0,69,110,0,110,179
05/28/2010,HVN,CT,ANE,EN,Federal Contract Tower,0,7,15,0,22,0,0,64,0,64,0,7,79,0,86,44,4,48,134
05/29/2010,HVN,CT,ANE,EN,Federal Contract Tower,0,5,17,0,22,0,0,55,0,55,0,5,72,0,77,66,0,66,143
05/30/2010,HVN,CT,ANE,EN,Federal Contract Tower,0,8,7,0,15,0,0,68,0,68,0,8,75,0,83,20,0,20,103
05/31/2010,HVN,CT,ANE,EN,Federal Contract Tower,0,9,14,0,23,0,0,94,0,94,0,9,108,0,117,38,0,38,155
06/01/2010,HVN,CT,ANE,EN,Federal Contract Tower,0,9,15,0,24,0,0,14,2,16,0,9,29,2,40,28,0,28,68
06/02/2010,HVN,CT,ANE,EN,Federal Contract Tower,0,11,6,0,17,0,1,47,0,48,0,12,53,0,65,36,0,36,101
06/03/2010,HVN,CT,ANE,EN,Federal Contract Tower,0,8,16,0,24,0,0,8,0,8,0,8,24,0,32,12,0,12,44
06/04/2010,HVN,CT,ANE,EN,Federal Contract Tower,0,6,11,0,17,0,0,45,0,45,0,6,56,0,62,44,0,44,106
06/05/2010,HVN,CT,ANE,EN,Federal Contract Tower,0,5,6,0,11,0,0,21,0,21,0,5,27,0,32,14,0,14,46
06/06/2010,HVN,CT,ANE,EN,Federal Contract Tower,0,8,16,0,24,0,0,26,0,26,0,8,42,0,50,15,0,15,65
06/07/2010,HVN,CT,ANE,EN,Federal Contract Tower,0,8,7,0,15,0,0,54,0,54,0,8,61,0,69,24,0,24,93
06/08/2010,HVN,CT,ANE,EN,Federal Contract Tower,0,8,12,0,20,0,2,71,0,73,0,10,83,0,93,44,0,44,137
06/09/2010,HVN,CT,ANE,EN,Federal Contract Tower,0,11,15,0,26,0,0,20,0,20,0,11,35,0,46,32,0,32,78
06/10/2010,HVN,CT,ANE,EN,Federal Contract Tower,0,13,5,0,18,0,0,5,0,5,0,13,10,0,23,0,0,0,23
06/11/2010,HVN,CT,ANE,EN,Federal Contract Tower,0,7,17,0,24,0,0,61,0,61,0,7,78,0,85,96,0,96,181
06/12/2010,HVN,CT,ANE,EN,Federal Contract Tower,0,6,11,0,17,0,0,17,0,17,0,6,28,0,34,22,0,22,56
06/13/2010,HVN,CT,ANE,EN,Federal Contract Tower,0,9,11,0,20,0,0,2,0,2,0,9,13,0,22,36,0,36,58
06/14/2010,HVN,CT,ANE,EN,Federal Contract Tower,0,9,14,0,23,0,0,25,0,25,0,9,39,0,48,16,0,16,64
06/15/2010,HVN,CT,ANE,EN,Federal Contract Tower,0,10,11,0,21,0,2,78,0,80,0,12,89,0,101,56,0,56,157
06/16/2010,HVN,CT,ANE,EN,Federal Contract Tower,0,8,12,0,20,0,0,23,0,23,0,8,35,0,43,14,0,14,57
06/17/2010,HVN,CT,ANE,EN,Federal Contract Tower,0,10,16,0,26,0,0,12,0,12,0,10,28,0,38,20,0,20,58
06/18/2010,HVN,CT,ANE,EN,Federal Contract Tower,0,10,16,0,26,0,0,74,0,74,0,10,90,0,100,50,0,50,150
06/19/2010,HVN,CT,ANE,EN,Federal Contract Tower,0,5,8,0,13,0,0,60,2,62,0,5,68,2,75,82,0,82,157
06/20/2010,HVN,CT,ANE,EN,Federal Contract Tower,0,10,21,2,33,0,0,40,0,40,0,10,61,2,73,80,0,80,153
06/21/2010,HVN,CT,ANE,EN,Federal Contract Tower,0,7,5,2,14,0,0,57,0,57,0,7,62,2,71,2,0,2,73
06/22/2010,HVN,CT,ANE,EN,Federal Contract Tower,0,11,9,0,20,0,0,51,0,51,0,11,60,0,71,12,0,12,83
06/23/2010,HVN,CT,ANE,EN,Federal Contract Tower,0,13,14,0,27,0,0,26,0,26,0,13,40,0,53,4,0,4,57
06/24/2010,HVN,CT,ANE,EN,Federal Contract Tower,0,8,15,0,23,0,2,28,0,30,0,10,43,0,53,22,0,22,75
06/25/2010,HVN,CT,ANE,EN,Federal Contract Tower,0,10,16,0,26,0,0,73,0,73,0,10,89,0,99,60,0,60,159
06/26/2010,HVN,CT,ANE,EN,Federal Contract Tower,0,8,20,0,28,0,0,66,0,66,0,8,86,0,94,114,8,122,216
06/27/2010,HVN,CT,ANE,EN,Federal Contract Tower,0,10,16,0,26,0,0,44,0,44,0,10,60,0,70,64,0,64,134
06/28/2010,HVN,CT,ANE,EN,Federal Contract Tower,0,10,9,0,19,0,0,24,0,24,0,10,33,0,43,36,0,36,79
06/29/2010,HVN,CT,ANE,EN,Federal Contract Tower,0,8,4,0,12,0,0,40,0,40,0,8,44,0,52,12,0,12,64
06/30/2010,HVN,CT,ANE,EN,Federal Contract Tower,0,9,6,0,15,0,2,52,0,54,0,11,58,0,69,31,0,31,100
07/01/2010,HVN,CT,ANE,EN,Federal Contract Tower,0,9,6,0,15,0,0,53,0,53,0,9,59,0,68,20,0,20,88
07/02/2010,HVN,CT,ANE,EN,Federal Contract Tower,0,7,18,0,25,0,0,90,0,90,0,7,108,0,115,38,0,38,153
07/03/2010,HVN,CT,ANE,EN,Federal Contract Tower,0,6,4,0,10,0,0,72,0,72,0,6,76,0,82,70,0,70,152
07/04/2010,HVN,CT,ANE,EN,Federal Contract Tower,0,5,5,0,10,0,0,35,0,35,0,5,40,0,45,14,0,14,59
07/05/2010,HVN,CT,ANE,EN,Federal Contract Tower,0,7,15,0,22,0,0,55,0,55,0,7,70,0,77,32,0,32,109
07/06/2010,HVN,CT,ANE,EN,Federal Contract Tower,0,6,3,0,9,0,0,50,0,50,0,6,53,0,59,44,0,44,103
07/07/2010,HVN,CT,ANE,EN,Federal Contract Tower,0,11,2,0,13,0,0,39,0,39,0,11,41,0,52,14,0,14,66
07/08/2010,HVN,CT,ANE,EN,Federal Contract Tower,0,11,18,0,29,0,0,22,0,22,0,11,40,0,51,64,0,64,115
07/09/2010,HVN,CT,ANE,EN,Federal Contract Tower,0,12,12,0,24,0,0,56,1,57,0,12,68,1,81,20,0,20,101
07/10/2010,HVN,CT,ANE,EN,Federal Contract Tower,0,5,8,0,13,0,0,14,0,14,0,5,22,0,27,12,0,12,39
07/11/2010,HVN,CT,ANE,EN,Federal Contract Tower,0,7,18,0,25,0,0,74,0,74,0,7,92,0,99,130,0,130,229
07/12/2010,HVN,CT,ANE,EN,Federal Contract Tower,0,12,6,1,19,0,0,52,0,52,0,12,58,1,71,12,0,12,83
07/13/2010,HVN,CT,ANE,EN,Federal Contract Tower,0,13,16,0,29,0,0,36,0,36,0,13,52,0,65,10,0,10,75
07/14/2010,HVN,CT,ANE,EN,Federal Contract Tower,0,9,16,0,25,0,0,9,0,9,0,9,25,0,34,18,0,18,52
07/15/2010,HVN,CT,ANE,EN,Federal Contract Tower,0,8,23,0,31,0,0,42,0,42,0,8,65,0,73,56,0,56,129
07/16/2010,HVN,CT,ANE,EN,Federal Contract Tower,0,10,13,0,23,0,0,36,0,36,0,10,49,0,59,42,0,42,101
07/17/2010,HVN,CT,ANE,EN,Federal Contract Tower,0,9,10,0,19,0,1,43,6,50,0,10,53,6,69,58,0,58,127
07/18/2010,HVN,CT,ANE,EN,Federal Contract Tower,0,14,8,0,22,0,0,80,0,80,0,14,88,0,102,114,0,114,216
07/19/2010,HVN,CT,ANE,EN,Federal Contract Tower,0,9,6,0,15,0,2,19,0,21,0,11,25,0,36,22,4,26,62
07/20/2010,HVN,CT,ANE,EN,Federal Contract Tower,0,10,5,0,15,0,0,87,0,87,0,10,92,0,102,140,0,140,242
07/21/2010,HVN,CT,ANE,EN,Federal Contract Tower,0,13,8,0,21,0,0,28,0,28,0,13,36,0,49,30,0,30,79
07/22/2010,HVN,CT,ANE,EN,Federal Contract Tower,0,7,12,0,19,0,0,59,4,63,0,7,71,4,82,22,0,22,104
07/23/2010,HVN,CT,ANE,EN,Federal Contract Tower,0,6,21,0,27,0,0,15,2,17,0,6,36,2,44,38,0,38,82
07/24/2010,HVN,CT,ANE,EN,Federal Contract Tower,0,10,16,0,26,0,0,40,5,45,0,10,56,5,71,28,0,28,99
07/25/2010,HVN,CT,ANE,EN,Federal Contract Tower,0,13,14,0,27,0,0,29,0,29,0,13,43,0,56,37,0,37,93
07/26/2010,HVN,CT,ANE,EN,Federal Contract Tower,0,15,4,3,22,0,0,60,0,60,0,15,64,3,82,0,0,0,82
07/27/2010,HVN,CT,ANE,EN,Federal Contract Tower,0,11,5,0,16,0,0,64,0,64,0,11,69,0,80,102,0,102,182
07/28/2010,HVN,CT,ANE,EN,Federal Contract Tower,0,8,10,0,18,0,0,44,4,48,0,8,54,4,66,8,0,8,74
07/29/2010,HVN,CT,ANE,EN,Federal Contract Tower,0,7,10,1,18,0,0,16,0,16,0,7,26,1,34,30,0,30,64
07/30/2010,HVN,CT,ANE,EN,Federal Contract Tower,0,10,8,0,18,0,0,59,0,59,0,10,67,0,77,12,0,12,89
07/31/2010,HVN,CT,ANE,EN,Federal Contract Tower,0,9,8,0,17,0,0,71,15,86,0,9,79,15,103,54,2,56,159
08/01/2010,HVN,CT,ANE,EN,Federal Contract Tower,0,7,11,0,18,0,0,55,0,55,0,7,66,0,73,86,0,86,159
08/02/2010,HVN,CT,ANE,EN,Federal Contract Tower,0,7,14,0,21,0,0,37,0,37,0,7,51,0,58,10,0,10,68
08/03/2010,HVN,CT,ANE,EN,Federal Contract Tower,0,10,16,0,26,0,0,70,0,70,0,10,86,0,96,120,0,120,216
08/04/2010,HVN,CT,ANE,EN,Federal Contract Tower,0,7,15,0,22,0,0,45,24,69,0,7,60,24,91,32,0,32,123
08/05/2010,HVN,CT,ANE,EN,Federal Contract Tower,0,8,13,0,21,0,0,23,0,23,0,8,36,0,44,6,0,6,50
08/06/2010,HVN,CT,ANE,EN,Federal Contract Tower,0,9,16,0,25,0,0,68,0,68,0,9,84,0,93,30,0,30,123
08/07/2010,HVN,CT,ANE,EN,Federal Contract Tower,0,7,14,0,21,0,2,75,0,77,0,9,89,0,98,72,0,72,170
08/08/2010,HVN,CT,ANE,EN,Federal Contract Tower,0,9,12,0,21,0,0,83,5,88,0,9,95,5,109,190,0,190,299
08/09/2010,HVN,CT,ANE,EN,Federal Contract Tower,0,15,18,0,33,0,0,50,0,50,0,15,68,0,83,22,0,22,105
08/10/2010,HVN,CT,ANE,EN,Federal Contract Tower,0,9,17,0,26,0,0,77,2,79,0,9,94,2,105,54,2,56,161
08/11/2010,HVN,CT,ANE,EN,Federal Contract Tower,0,7,19,0,26,0,0,66,0,66,0,7,85,0,92,24,0,24,116
08/12/2010,HVN,CT,ANE,EN,Federal Contract Tower,0,5,21,0,26,0,0,29,5,34,0,5,50,5,60,10,0,10,70
08/13/2010,HVN,CT,ANE,EN,Federal Contract Tower,0,8,10,0,18,0,0,56,1,57,0,8,66,1,75,78,0,78,153
08/14/2010,HVN,CT,ANE,EN,Federal Contract Tower,0,7,9,0,16,0,0,77,0,77,0,7,86,0,93,98,0,98,191
08/15/2010,HVN,CT,ANE,EN,Federal Contract Tower,0,11,12,0,23,0,0,82,0,82,0,11,94,0,105,136,0,136,241
08/16/2010,HVN,CT,ANE,EN,Federal Contract Tower,0,11,18,1,30,0,0,9,0,9,0,11,27,1,39,52,0,52,91
08/17/2010,HVN,CT,ANE,EN,Federal Contract Tower,0,7,13,0,20,0,0,80,0,80,0,7,93,0,100,44,0,44,144
08/18/2010,HVN,CT,ANE,EN,Federal Contract Tower,0,15,9,0,24,0,0,42,0,42,0,15,51,0,66,24,0,24,90
08/19/2010,HVN,CT,ANE,EN,Federal Contract Tower,0,8,3,0,11,0,0,60,4,64,0,8,63,4,75,68,0,68,143
08/20/2010,HVN,CT,ANE,EN,Federal Contract Tower,0,10,13,2,25,0,0,66,0,66,0,10,79,2,91,30,0,30,121
08/21/2010,HVN,CT,ANE,EN,Federal Contract Tower,0,7,12,0,19,0,0,88,5,93,0,7,100,5,112,27,4,31,143
08/22/2010,HVN,CT,ANE,EN,Federal Contract Tower,0,8,17,0,25,0,0,6,0,6,0,8,23,0,31,0,0,0,31
08/23/2010,HVN,CT,ANE,EN,Federal Contract Tower,0,13,22,0,35,0,0,4,0,4,0,13,26,0,39,0,0,0,39
08/24/2010,HVN,CT,ANE,EN,Federal Contract Tower,0,11,25,0,36,0,0,8,0,8,0,11,33,0,44,40,0,40,84
08/25/2010,HVN,CT,ANE,EN,Federal Contract Tower,0,8,26,0,34,0,0,12,0,12,0,8,38,0,46,22,0,22,68
08/26/2010,HVN,CT,ANE,EN,Federal Contract Tower,0,6,27,0,33,0,0,53,0,53,0,6,80,0,86,38,0,38,124
08/27/2010,HVN,CT,ANE,EN,Federal Contract Tower,0,15,13,1,29,0,0,62,0,62,0,15,75,1,91,70,0,70,161
08/28/2010,HVN,CT,ANE,EN,Federal Contract Tower,0,8,15,0,23,0,0,85,0,85,0,8,100,0,108,60,0,60,168
08/29/2010,HVN,CT,ANE,EN,Federal Contract Tower,0,6,9,0,15,0,0,91,0,91,0,6,100,0,106,112,0,112,218
08/30/2010,HVN,CT,ANE,EN,Federal Contract Tower,0,11,13,0,24,0,0,75,0,75,0,11,88,0,99,72,0,72,171
08/31/2010,HVN,CT,ANE,EN,Federal Contract Tower,0,10,9,0,19,0,0,65,0,65,0,10,74,0,84,22,0,22,106
09/01/2010,HVN,CT,ANE,EN,Federal Contract Tower,0,6,11,0,17,0,0,51,0,51,0,6,62,0,68,42,0,42,110
09/02/2010,HVN,CT,ANE,EN,Federal Contract Tower,0,9,19,0,28,0,2,50,0,52,0,11,69,0,80,58,0,58,138
09/03/2010,HVN,CT,ANE,EN,Federal Contract Tower,0,8,4,0,12,0,0,8,0,8,0,8,12,0,20,0,0,0,20
09/04/2010,HVN,CT,ANE,EN,Federal Contract Tower,0,7,6,0,13,0,0,14,0,14,0,7,20,0,27,2,0,2,29
09/05/2010,HVN,CT,ANE,EN,Federal Contract Tower,0,4,10,0,14,0,0,49,0,49,0,4,59,0,63,24,0,24,87
09/06/2010,HVN,CT,ANE,EN,Federal Contract Tower,0,7,12,1,20,0,0,70,0,70,0,7,82,1,90,48,0,48,138
09/07/2010,HVN,CT,ANE,EN,Federal Contract Tower,0,9,12,0,21,0,0,77,0,77,0,9,89,0,98,32,0,32,130
09/08/2010,HVN,CT,ANE,EN,Federal Contract Tower,0,7,13,0,20,0,0,40,0,40,0,7,53,0,60,40,0,40,100
09/09/2010,HVN,CT,ANE,EN,Federal Contract Tower,0,7,17,1,25,0,0,41,2,43,0,7,58,3,68,62,0,62,130
09/10/2010,HVN,CT,ANE,EN,Federal Contract Tower,0,6,19,0,25,0,0,35,0,35,0,6,54,0,60,10,0,10,70
09/11/2010,HVN,CT,ANE,EN,Federal Contract Tower,0,6,10,0,16,0,0,78,0,78,0,6,88,0,94,92,0,92,186
09/12/2010,HVN,CT,ANE,EN,Federal Contract Tower,0,10,14,0,24,0,0,34,0,34,0,10,48,0,58,12,0,12,70
09/13/2010,HVN,CT,ANE,EN,Federal Contract Tower,0,10,17,0,27,0,0,10,0,10,0,10,27,0,37,0,0,0,37
09/14/2010,HVN,CT,ANE,EN,Federal Contract Tower,0,12,11,0,23,0,0,62,0,62,0,12,73,0,85,42,0,42,127
09/15/2010,HVN,CT,ANE,EN,Federal Contract Tower,0,7,4,0,11,0,0,52,2,54,0,7,56,2,65,4,0,4,69
09/16/2010,HVN,CT,ANE,EN,Federal Contract Tower,0,10,29,0,39,0,0,52,0,52,0,10,81,0,91,36,0,36,127
09/17/2010,HVN,CT,ANE,EN,Federal Contract Tower,0,12,12,0,24,0,0,49,2,51,0,12,61,2,75,50,0,50,125
09/18/2010,HVN,CT,ANE,EN,Federal Contract Tower,0,5,11,0,16,0,0,74,0,74,0,5,85,0,90,40,0,40,130
09/19/2010,HVN,CT,ANE,EN,Federal Contract Tower,0,7,9,0,16,0,0,85,0,85,0,7,94,0,101,52,0,52,153
09/20/2010,HVN,CT,ANE,EN,Federal Contract Tower,0,12,11,0,23,0,0,38,0,38,0,12,49,0,61,16,0,16,77
09/21/2010,HVN,CT,ANE,EN,Federal Contract Tower,0,7,14,0,21,0,0,51,0,51,0,7,65,0,72,32,0,32,104
09/22/2010,HVN,CT,ANE,EN,Federal Contract Tower,0,9,10,1,20,0,0,44,2,46,0,9,54,3,66,58,0,58,124
09/23/2010,HVN,CT,ANE,EN,Federal Contract Tower,0,0,8,18,26,0,1,32,2,35,0,1,40,20,61,42,0,42,103
09/24/2010,HVN,CT,ANE,EN,Federal Contract Tower,0,12,21,0,33,0,0,23,0,23,0,12,44,0,56,18,0,18,74
09/25/2010,HVN,CT,ANE,EN,Federal Contract Tower,0,6,9,0,15,0,1,46,0,47,0,7,55,0,62,18,0,18,80
09/26/2010,HVN,CT,ANE,EN,Federal Contract Tower,0,8,19,0,27,0,0,79,0,79,0,8,98,0,106,90,0,90,196
09/27/2010,HVN,CT,ANE,EN,Federal Contract Tower,0,10,15,0,25,0,0,0,0,0,0,10,15,0,25,0,0,0,25
09/28/2010,HVN,CT,ANE,EN,Federal Contract Tower,0,10,10,0,20,0,0,0,0,0,0,10,10,0,20,0,0,0,20
09/29/2010,HVN,CT,ANE,EN,Federal Contract Tower,0,6,20,1,27,0,0,54,0,54,0,6,74,1,81,46,10,56,137
09/30/2010,HVN,CT,ANE,EN,Federal Contract Tower,0,7,6,0,13,0,0,0,0,0,0,7,6,0,13,0,0,0,13
10/01/2010,HVN,CT,ANE,EN,Federal Contract Tower,0,9,2,0,11,0,0,2,0,2,0,9,4,0,13,0,0,0,13
10/02/2010,HVN,CT,ANE,EN,Federal Contract Tower,0,0,0,0,0,0,0,0,0,0,0,0,0,0,0,0,0,0,0
10/03/2010,HVN,CT,ANE,EN,Federal Contract Tower,0,5,5,0,10,0,0,20,0,20,0,5,25,0,30,12,0,12,42
10/04/2010,HVN,CT,ANE,EN,Federal Contract Tower,0,10,15,0,25,0,0,1,0,1,0,10,16,0,26,0,0,0,26
10/05/2010,HVN,CT,ANE,EN,Federal Contract Tower,0,3,25,2,30,0,0,0,0,0,0,3,25,2,30,0,0,0,30
10/06/2010,HVN,CT,ANE,EN,Federal Contract Tower,0,9,20,0,29,0,0,8,0,8,0,9,28,0,37,18,0,18,55
10/07/2010,HVN,CT,ANE,EN,Federal Contract Tower,0,0,8,15,23,0,0,34,0,34,0,0,42,15,57,44,0,44,101
10/08/2010,HVN,CT,ANE,EN,Federal Contract Tower,0,10,17,1,28,0,0,68,0,68,0,10,85,1,96,26,0,26,122
10/09/2010,HVN,CT,ANE,EN,Federal Contract Tower,0,6,15,0,21,0,0,0,0,0,0,6,15,0,21,86,0,86,107
10/10/2010,HVN,CT,ANE,EN,Federal Contract Tower,0,9,11,0,20,0,0,76,0,76,0,9,87,0,96,38,0,38,134
10/11/2010,HVN,CT,ANE,EN,Federal Contract Tower,0,8,10,0,18,0,0,53,0,53,0,8,63,0,71,28,0,28,99
10/12/2010,HVN,CT,ANE,EN,Federal Contract Tower,0,15,10,0,25,0,0,56,0,56,0,15,66,0,81,54,0,54,135
10/13/2010,HVN,CT,ANE,EN,Federal Contract Tower,0,8,10,0,18,0,0,0,0,0,0,8,10,0,18,78,2,80,98
10/14/2010,HVN,CT,ANE,EN,Federal Contract Tower,0,14,23,1,38,0,0,49,0,49,0,14,72,1,87,20,2,22,109
10/15/2010,HVN,CT,ANE,EN,Federal Contract Tower,0,7,5,0,12,0,0,16,0,16,0,7,21,0,28,0,0,0,28
10/16/2010,HVN,CT,ANE,EN,Federal Contract Tower,0,4,5,0,9,0,0,13,0,13,0,4,18,0,22,0,4,4,26
10/17/2010,HVN,CT,ANE,EN,Federal Contract Tower,0,11,19,0,30,0,0,80,0,80,0,11,99,0,110,102,0,102,212
10/18/2010,HVN,CT,ANE,EN,Federal Contract Tower,0,10,11,0,21,0,0,79,0,79,0,10,90,0,100,64,16,80,180
10/19/2010,HVN,CT,ANE,EN,Federal Contract Tower,0,12,17,0,29,0,0,75,0,75,0,12,92,0,104,56,0,56,160
10/20/2010,HVN,CT,ANE,EN,Federal Contract Tower,0,9,6,0,15,0,0,57,0,57,0,9,63,0,72,118,0,118,190
10/21/2010,HVN,CT,ANE,EN,Federal Contract Tower,0,10,28,1,39,0,0,9,1,10,0,10,37,2,49,12,0,12,61
10/22/2010,HVN,CT,ANE,EN,Federal Contract Tower,0,12,19,0,31,0,0,22,0,22,0,12,41,0,53,4,0,4,57
10/23/2010,HVN,CT,ANE,EN,Federal Contract Tower,0,7,8,0,15,0,0,51,0,51,0,7,59,0,66,106,0,106,172
10/24/2010,HVN,CT,ANE,EN,Federal Contract Tower,0,11,27,0,38,0,0,57,0,57,0,11,84,0,95,68,0,68,163
10/25/2010,HVN,CT,ANE,EN,Federal Contract Tower,0,9,10,0,19,0,0,21,0,21,0,9,31,0,40,40,0,40,80
10/26/2010,HVN,CT,ANE,EN,Federal Contract Tower,0,8,18,0,26,0,0,22,0,22,0,8,40,0,48,6,0,6,54
10/27/2010,HVN,CT,ANE,EN,Federal Contract Tower,0,5,5,0,10,0,0,0,0,0,0,5,5,0,10,0,0,0,10
10/28/2010,HVN,CT,ANE,EN,Federal Contract Tower,0,9,16,0,25,0,0,43,0,43,0,9,59,0,68,36,0,36,104
10/29/2010,HVN,CT,ANE,EN,Federal Contract Tower,0,13,14,1,28,0,0,44,0,44,0,13,58,1,72,62,0,62,134
10/30/2010,HVN,CT,ANE,EN,Federal Contract Tower,0,7,17,1,25,0,0,42,0,42,0,7,59,1,67,28,0,28,95
10/31/2010,HVN,CT,ANE,EN,Federal Contract Tower,0,11,15,0,26,0,0,39,2,41,0,11,54,2,67,51,0,51,118
11/01/2010,HVN,CT,ANE,EN,Federal Contract Tower,0,13,2,3,18,0,0,29,2,31,0,13,31,5,49,22,0,22,71
11/02/2010,HVN,CT,ANE,EN,Federal Contract Tower,0,14,13,0,27,0,0,57,0,57,0,14,70,0,84,70,0,70,154
11/03/2010,HVN,CT,ANE,EN,Federal Contract Tower,0,7,19,0,26,0,0,45,0,45,0,7,64,0,71,32,0,32,103
11/04/2010,HVN,CT,ANE,EN,Federal Contract Tower,0,9,18,6,33,0,0,0,0,0,0,9,18,6,33,0,0,0,33
11/05/2010,HVN,CT,ANE,EN,Federal Contract Tower,0,6,17,0,23,0,0,11,0,11,0,6,28,0,34,14,0,14,48
11/06/2010,HVN,CT,ANE,EN,Federal Contract Tower,0,5,15,0,20,0,0,72,0,72,0,5,87,0,92,162,0,162,254
11/07/2010,HVN,CT,ANE,EN,Federal Contract Tower,0,7,11,0,18,0,0,58,0,58,0,7,69,0,76,182,0,182,258
11/08/2010,HVN,CT,ANE,EN,Federal Contract Tower,0,9,1,0,10,0,0,0,0,0,0,9,1,0,10,0,0,0,10
11/09/2010,HVN,CT,ANE,EN,Federal Contract Tower,0,11,14,0,25,0,0,34,0,34,0,11,48,0,59,22,0,22,81
11/10/2010,HVN,CT,ANE,EN,Federal Contract Tower,0,11,6,0,17,0,0,29,2,31,0,11,35,2,48,16,0,16,64
11/11/2010,HVN,CT,ANE,EN,Federal Contract Tower,0,10,8,0,18,0,0,79,0,79,0,10,87,0,97,78,0,78,175
11/12/2010,HVN,CT,ANE,EN,Federal Contract Tower,0,14,11,0,25,0,0,33,0,33,0,14,44,0,58,60,0,60,118
11/13/2010,HVN,CT,ANE,EN,Federal Contract Tower,0,7,12,0,19,0,0,74,0,74,0,7,86,0,93,174,0,174,267
11/14/2010,HVN,CT,ANE,EN,Federal Contract Tower,0,15,16,0,31,0,0,92,2,94,0,15,108,2,125,144,0,144,269
11/15/2010,HVN,CT,ANE,EN,Federal Contract Tower,0,16,25,0,41,0,0,1,0,1,0,16,26,0,42,0,0,0,42
11/16/2010,HVN,CT,ANE,EN,Federal Contract Tower,0,14,25,0,39,0,0,0,0,0,0,14,25,0,39,0,0,0,39
11/17/2010,HVN,CT,ANE,EN,Federal Contract Tower,0,7,13,0,20,0,0,8,0,8,0,7,21,0,28,0,0,0,28
11/18/2010,HVN,CT,ANE,EN,Federal Contract Tower,0,9,9,0,18,0,0,25,0,25,0,9,34,0,43,12,0,12,55
11/19/2010,HVN,CT,ANE,EN,Federal Contract Tower,0,10,14,0,24,0,0,50,0,50,0,10,64,0,74,42,0,42,116
11/20/2010,HVN,CT,ANE,EN,Federal Contract Tower,0,8,9,0,17,0,0,53,7,60,0,8,62,7,77,27,0,27,104
11/21/2010,HVN,CT,ANE,EN,Federal Contract Tower,0,8,16,0,24,0,0,92,0,92,0,8,108,0,116,164,0,164,280
11/22/2010,HVN,CT,ANE,EN,Federal Contract Tower,0,10,14,0,24,0,0,22,0,22,0,10,36,0,46,10,0,10,56
11/23/2010,HVN,CT,ANE,EN,Federal Contract Tower,0,14,14,0,28,0,0,42,0,42,0,14,56,0,70,50,4,54,124
11/24/2010,HVN,CT,ANE,EN,Federal Contract Tower,0,6,12,0,18,0,0,15,0,15,0,6,27,0,33,4,0,4,37
11/25/2010,HVN,CT,ANE,EN,Federal Contract Tower,0,2,0,0,2,0,0,16,0,16,0,2,16,0,18,46,6,52,70
11/26/2010,HVN,CT,ANE,EN,Federal Contract Tower,0,10,8,0,18,0,0,13,0,13,0,10,21,0,31,16,0,16,47
11/27/2010,HVN,CT,ANE,EN,Federal Contract Tower,0,7,9,0,16,0,0,9,0,9,0,7,18,0,25,0,0,0,25
11/28/2010,HVN,CT,ANE,EN,Federal Contract Tower,0,15,20,0,35,0,0,130,0,130,0,15,150,0,165,200,0,200,365
11/29/2010,HVN,CT,ANE,EN,Federal Contract Tower,0,10,8,0,18,0,0,43,0,43,0,10,51,0,61,40,0,40,101
11/30/2010,HVN,CT,ANE,EN,Federal Contract Tower,0,8,21,0,29,0,0,23,0,23,0,8,44,0,52,38,0,38,90
12/01/2010,HVN,CT,ANE,EN,Federal Contract Tower,0,7,4,0,11,0,0,0,0,0,0,7,4,0,11,0,0,0,11
12/02/2010,HVN,CT,ANE,EN,Federal Contract Tower,0,10,16,1,27,0,0,42,0,42,0,10,58,1,69,38,2,40,109
12/03/2010,HVN,CT,ANE,EN,Federal Contract Tower,0,18,9,0,27,0,0,32,0,32,0,18,41,0,59,52,0,52,111
12/04/2010,HVN,CT,ANE,EN,Federal Contract Tower,0,6,10,0,16,0,0,39,0,39,0,6,49,0,55,38,0,38,93
12/05/2010,HVN,CT,ANE,EN,Federal Contract Tower,0,10,8,0,18,0,0,48,0,48,0,10,56,0,66,38,0,38,104
12/06/2010,HVN,CT,ANE,EN,Federal Contract Tower,0,5,7,0,12,0,0,8,0,8,0,5,15,0,20,4,0,4,24
12/07/2010,HVN,CT,ANE,EN,Federal Contract Tower,0,8,11,0,19,0,0,18,0,18,0,8,29,0,37,4,0,4,41
12/08/2010,HVN,CT,ANE,EN,Federal Contract Tower,0,6,15,0,21,0,0,16,0,16,0,6,31,0,37,20,0,20,57
12/09/2010,HVN,CT,ANE,EN,Federal Contract Tower,0,0,7,16,23,0,0,31,0,31,0,0,38,16,54,42,0,42,96
12/10/2010,HVN,CT,ANE,EN,Federal Contract Tower,0,7,14,0,21,0,0,41,0,41,0,7,55,0,62,78,0,78,140
12/11/2010,HVN,CT,ANE,EN,Federal Contract Tower,0,9,8,0,17,0,0,76,2,78,0,9,84,2,95,106,0,106,201
12/12/2010,HVN,CT,ANE,EN,Federal Contract Tower,0,7,8,0,15,0,0,0,0,0,0,7,8,0,15,0,0,0,15
12/13/2010,HVN,CT,ANE,EN,Federal Contract Tower,0,9,15,0,24,0,0,4,0,4,0,9,19,0,28,6,0,6,34
12/14/2010,HVN,CT,ANE,EN,Federal Contract Tower,0,7,9,0,16,0,0,12,0,12,0,7,21,0,28,0,8,8,36
12/15/2010,HVN,CT,ANE,EN,Federal Contract Tower,0,7,9,0,16,0,0,8,0,8,0,7,17,0,24,6,0,6,30
12/16/2010,HVN,CT,ANE,EN,Federal Contract Tower,0,11,19,0,30,0,0,27,5,32,0,11,46,5,62,6,0,6,68
12/17/2010,HVN,CT,ANE,EN,Federal Contract Tower,0,9,10,0,19,0,0,38,0,38,0,9,48,0,57,34,0,34,91
12/18/2010,HVN,CT,ANE,EN,Federal Contract Tower,0,8,13,0,21,0,0,31,0,31,0,8,44,0,52,28,0,28,80
12/19/2010,HVN,CT,ANE,EN,Federal Contract Tower,0,10,8,0,18,0,0,27,0,27,0,10,35,0,45,16,0,16,61
12/20/2010,HVN,CT,ANE,EN,Federal Contract Tower,0,11,13,0,24,0,0,11,0,11,0,11,24,0,35,6,0,6,41
12/21/2010,HVN,CT,ANE,EN,Federal Contract Tower,0,11,9,0,20,0,0,16,0,16,0,11,25,0,36,6,0,6,42
12/22/2010,HVN,CT,ANE,EN,Federal Contract Tower,0,9,2,0,11,0,0,28,0,28,0,9,30,0,39,32,0,32,71
12/23/2010,HVN,CT,ANE,EN,Federal Contract Tower,0,9,2,0,11,0,0,3,0,3,0,9,5,0,14,0,0,0,14
12/24/2010,HVN,CT,ANE,EN,Federal Contract Tower,0,8,5,0,13,0,0,23,0,23,0,8,28,0,36,36,0,36,72
12/25/2010,HVN,CT,ANE,EN,Federal Contract Tower,0,6,3,0,9,0,0,6,0,6,0,6,9,0,15,0,0,0,15
12/26/2010,HVN,CT,ANE,EN,Federal Contract Tower,0,6,5,0,11,0,0,2,0,2,0,6,7,0,13,8,0,8,21
12/27/2010,HVN,CT,ANE,EN,Federal Contract Tower,0,3,1,0,4,0,0,0,0,0,0,3,1,0,4,0,0,0,4
12/28/2010,HVN,CT,ANE,EN,Federal Contract Tower,0,13,5,0,18,0,0,3,0,3,0,13,8,0,21,0,0,0,21
12/29/2010,HVN,CT,ANE,EN,Federal Contract Tower,0,7,8,0,15,0,0,39,0,39,0,7,47,0,54,66,0,66,120
12/30/2010,HVN,CT,ANE,EN,Federal Contract Tower,0,8,9,0,17,0,0,46,0,46,0,8,55,0,63,74,0,74,137
12/31/2010,HVN,CT,ANE,EN,Federal Contract Tower,0,6,6,0,12,0,0,26,0,26,0,6,32,0,38,16,0,16,54
01/01/2011,HVN,CT,ANE,EN,Federal Contract Tower,0,5,4,0,9,0,0,18,0,18,0,5,22,0,27,40,0,40,67
01/02/2011,HVN,CT,ANE,EN,Federal Contract Tower,0,11,6,0,17,0,0,8,0,8,0,11,14,0,25,8,0,8,33
01/03/2011,HVN,CT,ANE,EN,Federal Contract Tower,0,7,12,0,19,0,0,22,0,22,0,7,34,0,41,66,0,66,107
01/04/2011,HVN,CT,ANE,EN,Federal Contract Tower,0,9,7,0,16,0,0,22,2,24,0,9,29,2,40,44,0,44,84
01/05/2011,HVN,CT,ANE,EN,Federal Contract Tower,0,4,12,1,17,0,0,49,0,49,0,4,61,1,66,34,0,34,100
01/06/2011,HVN,CT,ANE,EN,Federal Contract Tower,0,0,9,8,17,0,0,25,0,25,0,0,34,8,42,8,0,8,50
01/07/2011,HVN,CT,ANE,EN,Federal Contract Tower,0,4,4,0,8,0,0,2,0,2,0,4,6,0,10,0,0,0,10
01/08/2011,HVN,CT,ANE,EN,Federal Contract Tower,0,5,3,0,8,0,0,0,0,0,0,5,3,0,8,12,0,12,20
01/09/2011,HVN,CT,ANE,EN,Federal Contract Tower,0,11,2,0,13,0,0,22,0,22,0,11,24,0,35,6,0,6,41
01/10/2011,HVN,CT,ANE,EN,Federal Contract Tower,0,10,13,0,23,0,0,20,3,23,0,10,33,3,46,6,0,6,52
01/11/2011,HVN,CT,ANE,EN,Federal Contract Tower,0,9,14,0,23,0,0,35,2,37,0,9,49,2,60,50,2,52,112
01/12/2011,HVN,CT,ANE,EN,Federal Contract Tower,0,2,0,0,2,0,0,0,0,0,0,2,0,0,2,0,0,0,2
01/13/2011,HVN,CT,ANE,EN,Federal Contract Tower,0,8,7,0,15,0,0,5,0,5,0,8,12,0,20,0,0,0,20
01/14/2011,HVN,CT,ANE,EN,Federal Contract Tower,0,16,6,0,22,0,0,18,0,18,0,16,24,0,40,32,0,32,72
01/15/2011,HVN,CT,ANE,EN,Federal Contract Tower,0,11,13,0,24,0,0,43,0,43,0,11,56,0,67,118,0,118,185
01/16/2011,HVN,CT,ANE,EN,Federal Contract Tower,0,13,7,0,20,0,0,44,0,44,0,13,51,0,64,96,0,96,160
01/17/2011,HVN,CT,ANE,EN,Federal Contract Tower,0,11,8,0,19,0,0,36,0,36,0,11,44,0,55,62,0,62,117
01/18/2011,HVN,CT,ANE,EN,Federal Contract Tower,0,7,4,0,11,0,0,0,0,0,0,7,4,0,11,0,0,0,11
01/19/2011,HVN,CT,ANE,EN,Federal Contract Tower,0,11,5,0,16,0,2,2,0,4,0,13,7,0,20,0,0,0,20
01/20/2011,HVN,CT,ANE,EN,Federal Contract Tower,0,7,12,0,19,0,0,28,0,28,0,7,40,0,47,6,0,6,53
01/21/2011,HVN,CT,ANE,EN,Federal Contract Tower,0,7,1,0,8,0,0,4,0,4,0,7,5,0,12,2,0,2,14
01/22/2011,HVN,CT,ANE,EN,Federal Contract Tower,0,3,10,0,13,0,0,17,0,17,0,3,27,0,30,50,0,50,80
01/23/2011,HVN,CT,ANE,EN,Federal Contract Tower,0,8,6,0,14,0,0,50,0,50,0,8,56,0,64,80,0,80,144
01/24/2011,HVN,CT,ANE,EN,Federal Contract Tower,0,8,10,0,18,0,0,14,0,14,0,8,24,0,32,0,0,0,32
01/25/2011,HVN,CT,ANE,EN,Federal Contract Tower,0,7,19,0,26,0,0,2,0,2,0,7,21,0,28,0,0,0,28
01/26/2011,HVN,CT,ANE,EN,Federal Contract Tower,0,5,7,0,12,0,0,0,0,0,0,5,7,0,12,0,0,0,12
01/27/2011,HVN,CT,ANE,EN,Federal Contract Tower,0,2,2,0,4,0,0,1,2,3,0,2,3,2,7,0,0,0,7
01/28/2011,HVN,CT,ANE,EN,Federal Contract Tower,0,9,10,0,19,0,0,3,0,3,0,9,13,0,22,0,0,0,22
01/29/2011,HVN,CT,ANE,EN,Federal Contract Tower,0,7,8,0,15,0,0,6,0,6,0,7,14,0,21,0,0,0,21
01/30/2011,HVN,CT,ANE,EN,Federal Contract Tower,0,10,8,0,18,0,0,39,9,48,0,10,47,9,66,100,0,100,166
01/31/2011,HVN,CT,ANE,EN,Federal Contract Tower,0,8,3,0,11,0,0,23,0,23,0,8,26,0,34,4,0,4,38
02/01/2011,HVN,CT,ANE,EN,Federal Contract Tower,0,3,0,0,3,0,0,0,0,0,0,3,0,0,3,0,0,0,3
02/02/2011,HVN,CT,ANE,EN,Federal Contract Tower,0,2,3,0,5,0,0,0,0,0,0,2,3,0,5,0,0,0,5
02/03/2011,HVN,CT,ANE,EN,Federal Contract Tower,0,8,8,0,16,0,0,18,0,18,0,8,26,0,34,10,1,11,45
02/04/2011,HVN,CT,ANE,EN,Federal Contract Tower,0,9,12,0,21,0,0,29,0,29,0,9,41,0,50,40,0,40,90
02/05/2011,HVN,CT,ANE,EN,Federal Contract Tower,0,4,1,0,5,0,0,2,0,2,0,4,3,0,7,30,0,30,37
02/06/2011,HVN,CT,ANE,EN,Federal Contract Tower,0,10,1,0,11,0,0,39,0,39,0,10,40,0,50,90,0,90,140
02/07/2011,HVN,CT,ANE,EN,Federal Contract Tower,0,17,6,0,23,0,0,29,0,29,0,17,35,0,52,58,0,58,110
02/08/2011,HVN,CT,ANE,EN,Federal Contract Tower,0,6,2,0,8,0,0,2,0,2,0,6,4,0,10,0,0,0,10
02/09/2011,HVN,CT,ANE,EN,Federal Contract Tower,0,6,6,0,12,0,0,38,0,38,0,6,44,0,50,36,6,42,92
02/10/2011,HVN,CT,ANE,EN,Federal Contract Tower,0,13,5,0,18,0,0,38,0,38,0,13,43,0,56,90,2,92,148
02/11/2011,HVN,CT,ANE,EN,Federal Contract Tower,0,9,10,3,22,0,0,47,1,48,0,9,57,4,70,46,0,46,116
02/12/2011,HVN,CT,ANE,EN,Federal Contract Tower,0,6,8,0,14,0,0,42,0,42,0,6,50,0,56,42,0,42,98
02/13/2011,HVN,CT,ANE,EN,Federal Contract Tower,0,10,10,0,20,0,0,51,0,51,0,10,61,0,71,122,0,122,193
02/14/2011,HVN,CT,ANE,EN,Federal Contract Tower,0,11,5,0,16,0,0,10,0,10,0,11,15,0,26,0,0,0,26
02/15/2011,HVN,CT,ANE,EN,Federal Contract Tower,0,10,11,2,23,0,0,25,0,25,0,10,36,2,48,0,0,0,48
02/16/2011,HVN,CT,ANE,EN,Federal Contract Tower,0,6,15,0,21,0,0,41,0,41,0,6,56,0,62,114,0,114,176
02/17/2011,HVN,CT,ANE,EN,Federal Contract Tower,0,10,14,0,24,0,0,46,3,49,0,10,60,3,73,132,0,132,205
02/18/2011,HVN,CT,ANE,EN,Federal Contract Tower,0,7,9,0,16,0,0,7,0,7,0,7,16,0,23,14,2,16,39
02/19/2011,HVN,CT,ANE,EN,Federal Contract Tower,0,3,10,0,13,0,0,0,0,0,0,3,10,0,13,0,0,0,13
02/20/2011,HVN,CT,ANE,EN,Federal Contract Tower,0,6,2,0,8,0,0,53,0,53,0,6,55,0,61,78,0,78,139
02/21/2011,HVN,CT,ANE,EN,Federal Contract Tower,0,10,0,0,10,0,0,2,0,2,0,10,2,0,12,6,0,6,18
02/22/2011,HVN,CT,ANE,EN,Federal Contract Tower,0,8,8,0,16,0,0,42,1,43,0,8,50,1,59,62,0,62,121
02/23/2011,HVN,CT,ANE,EN,Federal Contract Tower,0,6,11,0,17,0,0,68,0,68,0,6,79,0,85,116,0,116,201
02/24/2011,HVN,CT,ANE,EN,Federal Contract Tower,0,10,13,0,23,0,0,44,0,44,0,10,57,0,67,172,0,172,239
02/25/2011,HVN,CT,ANE,EN,Federal Contract Tower,0,7,10,0,17,0,0,0,0,0,0,7,10,0,17,0,0,0,17
02/26/2011,HVN,CT,ANE,EN,Federal Contract Tower,0,8,12,0,20,0,0,62,0,62,0,8,74,0,82,140,0,140,222
02/27/2011,HVN,CT,ANE,EN,Federal Contract Tower,0,11,3,0,14,0,0,30,0,30,0,11,33,0,44,4,0,4,48
02/28/2011,HVN,CT,ANE,EN,Federal Contract Tower,0,14,6,0,20,0,0,0,0,0,0,14,6,0,20,0,0,0,20
03/01/2011,HVN,CT,ANE,EN,Federal Contract Tower,0,6,7,1,14,0,0,30,0,30,0,6,37,1,44,34,4,38,82
03/02/2011,HVN,CT,ANE,EN,Federal Contract Tower,0,7,11,0,18,0,0,14,0,14,0,7,25,0,32,6,0,6,38
03/03/2011,HVN,CT,ANE,EN,Federal Contract Tower,0,8,7,0,15,0,0,36,0,36,0,8,43,0,51,54,0,54,105
03/04/2011,HVN,CT,ANE,EN,Federal Contract Tower,0,7,20,0,27,0,0,37,0,37,0,7,57,0,64,34,0,34,98
03/05/2011,HVN,CT,ANE,EN,Federal Contract Tower,0,6,8,0,14,0,0,56,0,56,0,6,64,0,70,126,0,126,196
03/06/2011,HVN,CT,ANE,EN,Federal Contract Tower,0,5,4,0,9,0,0,0,0,0,0,5,4,0,9,0,0,0,9
03/07/2011,HVN,CT,ANE,EN,Federal Contract Tower,0,7,8,0,15,0,0,9,0,9,0,7,17,0,24,10,0,10,34
03/08/2011,HVN,CT,ANE,EN,Federal Contract Tower,0,4,13,0,17,0,0,51,6,57,0,4,64,6,74,65,0,65,139
03/09/2011,HVN,CT,ANE,EN,Federal Contract Tower,0,5,19,0,24,0,0,23,0,23,0,5,42,0,47,56,0,56,103
03/10/2011,HVN,CT,ANE,EN,Federal Contract Tower,0,7,14,0,21,0,0,0,0,0,0,7,14,0,21,0,0,0,21
03/11/2011,HVN,CT,ANE,EN,Federal Contract Tower,0,13,6,0,19,0,0,18,0,18,0,13,24,0,37,8,0,8,45
03/12/2011,HVN,CT,ANE,EN,Federal Contract Tower,0,10,16,0,26,0,0,50,0,50,0,10,66,0,76,88,0,88,164
03/13/2011,HVN,CT,ANE,EN,Federal Contract Tower,0,9,11,0,20,0,0,63,1,64,0,9,74,1,84,84,2,86,170
03/14/2011,HVN,CT,ANE,EN,Federal Contract Tower,0,10,8,0,18,0,0,20,0,20,0,10,28,0,38,34,0,34,72
03/15/2011,HVN,CT,ANE,EN,Federal Contract Tower,0,4,21,1,26,0,0,31,0,31,0,4,52,1,57,56,2,58,115
03/16/2011,HVN,CT,ANE,EN,Federal Contract Tower,0,6,11,0,17,0,0,3,0,3,0,6,14,0,20,14,0,14,34
03/17/2011,HVN,CT,ANE,EN,Federal Contract Tower,0,10,21,2,33,0,0,57,0,57,0,10,78,2,90,122,0,122,212
03/18/2011,HVN,CT,ANE,EN,Federal Contract Tower,0,8,14,1,23,0,0,28,0,28,0,8,42,1,51,10,0,10,61
03/19/2011,HVN,CT,ANE,EN,Federal Contract Tower,0,7,9,0,16,0,0,33,0,33,0,7,42,0,49,36,0,36,85
03/20/2011,HVN,CT,ANE,EN,Federal Contract Tower,0,14,15,0,29,0,0,106,0,106,0,14,121,0,135,112,0,112,247
03/21/2011,HVN,CT,ANE,EN,Federal Contract Tower,0,11,2,0,13,0,0,0,0,0,0,11,2,0,13,0,0,0,13
03/22/2011,HVN,CT,ANE,EN,Federal Contract Tower,0,10,19,0,29,0,0,61,2,63,0,10,80,2,92,70,0,70,162
03/23/2011,HVN,CT,ANE,EN,Federal Contract Tower,0,10,15,0,25,0,0,1,0,1,0,10,16,0,26,0,0,0,26
03/24/2011,HVN,CT,ANE,EN,Federal Contract Tower,0,7,19,0,26,0,0,2,0,2,0,7,21,0,28,0,0,0,28
03/25/2011,HVN,CT,ANE,EN,Federal Contract Tower,0,14,14,0,28,0,0,49,0,49,0,14,63,0,77,110,0,110,187
03/26/2011,HVN,CT,ANE,EN,Federal Contract Tower,0,4,6,4,14,0,0,43,0,43,0,4,49,4,57,42,0,42,99
03/27/2011,HVN,CT,ANE,EN,Federal Contract Tower,0,12,11,0,23,0,0,86,0,86,0,12,97,0,109,62,0,62,171
03/28/2011,HVN,CT,ANE,EN,Federal Contract Tower,0,8,7,0,15,0,0,19,0,19,0,8,26,0,34,20,0,20,54
03/29/2011,HVN,CT,ANE,EN,Federal Contract Tower,0,5,21,0,26,0,0,63,0,63,0,5,84,0,89,46,0,46,135
03/30/2011,HVN,CT,ANE,EN,Federal Contract Tower,0,5,8,2,15,0,0,56,0,56,0,5,64,2,71,114,0,114,185
03/31/2011,HVN,CT,ANE,EN,Federal Contract Tower,0,12,28,0,40,0,0,2,0,2,0,12,30,0,42,0,0,0,42
04/01/2011,HVN,CT,ANE,EN,Federal Contract Tower,0,13,6,0,19,0,0,11,0,11,0,13,17,0,30,2,0,2,32
04/02/2011,HVN,CT,ANE,EN,Federal Contract Tower,0,11,5,0,16,0,0,36,0,36,0,11,41,0,52,86,2,88,140
04/03/2011,HVN,CT,ANE,EN,Federal Contract Tower,0,12,11,0,23,0,0,45,0,45,0,12,56,0,68,26,0,26,94
04/04/2011,HVN,CT,ANE,EN,Federal Contract Tower,0,14,4,0,18,0,0,6,0,6,0,14,10,0,24,0,0,0,24
04/05/2011,HVN,CT,ANE,EN,Federal Contract Tower,0,9,6,0,15,0,0,0,0,0,0,9,6,0,15,0,0,0,15
04/06/2011,HVN,CT,ANE,EN,Federal Contract Tower,0,6,14,0,20,0,0,35,2,37,0,6,49,2,57,28,0,28,85
04/07/2011,HVN,CT,ANE,EN,Federal Contract Tower,0,7,26,0,33,0,0,24,0,24,0,7,50,0,57,50,0,50,107
04/08/2011,HVN,CT,ANE,EN,Federal Contract Tower,0,8,23,0,31,0,0,37,0,37,0,8,60,0,68,62,0,62,130
04/09/2011,HVN,CT,ANE,EN,Federal Contract Tower,0,8,13,0,21,0,0,60,0,60,0,8,73,0,81,138,0,138,219
04/10/2011,HVN,CT,ANE,EN,Federal Contract Tower,0,9,25,0,34,0,0,75,0,75,0,9,100,0,109,186,0,186,295
04/11/2011,HVN,CT,ANE,EN,Federal Contract Tower,0,5,4,0,9,0,0,5,0,5,0,5,9,0,14,0,0,0,14
04/12/2011,HVN,CT,ANE,EN,Federal Contract Tower,0,2,19,0,21,0,0,28,0,28,0,2,47,0,49,44,0,44,93
04/13/2011,HVN,CT,ANE,EN,Federal Contract Tower,0,0,10,19,29,0,0,0,0,0,0,0,10,19,29,0,0,0,29
04/14/2011,HVN,CT,ANE,EN,Federal Contract Tower,0,7,25,1,33,0,0,58,0,58,0,7,83,1,91,80,2,82,173
04/15/2011,HVN,CT,ANE,EN,Federal Contract Tower,0,14,14,0,28,0,0,46,0,46,0,14,60,0,74,52,0,52,126
04/16/2011,HVN,CT,ANE,EN,Federal Contract Tower,0,5,7,0,12,0,0,3,0,3,0,5,10,0,15,8,0,8,23
04/17/2011,HVN,CT,ANE,EN,Federal Contract Tower,0,17,8,0,25,0,0,17,0,17,0,17,25,0,42,30,0,30,72
04/18/2011,HVN,CT,ANE,EN,Federal Contract Tower,0,11,12,0,23,0,4,35,0,39,0,15,47,0,62,46,0,46,108
04/19/2011,HVN,CT,ANE,EN,Federal Contract Tower,0,15,19,0,34,0,0,7,0,7,0,15,26,0,41,2,0,2,43
04/20/2011,HVN,CT,ANE,EN,Federal Contract Tower,0,8,22,0,30,0,0,1,0,1,0,8,23,0,31,0,0,0,31
04/21/2011,HVN,CT,ANE,EN,Federal Contract Tower,0,8,20,0,28,0,0,15,0,15,0,8,35,0,43,8,0,8,51
04/22/2011,HVN,CT,ANE,EN,Federal Contract Tower,0,10,8,0,18,0,0,59,0,59,0,10,67,0,77,174,10,184,261
04/23/2011,HVN,CT,ANE,EN,Federal Contract Tower,0,3,4,0,7,0,0,0,0,0,0,3,4,0,7,0,0,0,7
04/24/2011,HVN,CT,ANE,EN,Federal Contract Tower,0,9,11,0,20,0,0,26,0,26,0,9,37,0,46,72,0,72,118
04/25/2011,HVN,CT,ANE,EN,Federal Contract Tower,0,6,14,0,20,0,0,12,0,12,0,6,26,0,32,34,0,34,66
04/26/2011,HVN,CT,ANE,EN,Federal Contract Tower,0,7,18,0,25,0,0,22,0,22,0,7,40,0,47,44,0,44,91
04/27/2011,HVN,CT,ANE,EN,Federal Contract Tower,0,7,26,0,33,0,0,0,0,0,0,7,26,0,33,0,0,0,33
04/28/2011,HVN,CT,ANE,EN,Federal Contract Tower,0,3,9,0,12,0,0,0,0,0,0,3,9,0,12,0,0,0,12
04/29/2011,HVN,CT,ANE,EN,Federal Contract Tower,0,6,18,1,25,0,0,60,0,60,0,6,78,1,85,68,0,68,153
04/30/2011,HVN,CT,ANE,EN,Federal Contract Tower,0,9,4,0,13,0,0,70,0,70,0,9,74,0,83,104,0,104,187
05/01/2011,HVN,CT,ANE,EN,Federal Contract Tower,0,10,9,0,19,0,0,84,0,84,0,10,93,0,103,174,0,174,277
05/02/2011,HVN,CT,ANE,EN,Federal Contract Tower,0,7,9,0,16,0,0,74,0,74,0,7,83,0,90,112,0,112,202
05/03/2011,HVN,CT,ANE,EN,Federal Contract Tower,0,6,16,0,22,0,0,38,2,40,0,6,54,2,62,16,0,16,78
05/04/2011,HVN,CT,ANE,EN,Federal Contract Tower,0,9,23,2,34,0,0,1,0,1,0,9,24,2,35,0,0,0,35
05/05/2011,HVN,CT,ANE,EN,Federal Contract Tower,0,10,19,0,29,0,0,26,0,26,0,10,45,0,55,12,2,14,69
05/06/2011,HVN,CT,ANE,EN,Federal Contract Tower,0,13,5,0,18,0,0,65,0,65,0,13,70,0,83,116,2,118,201
05/07/2011,HVN,CT,ANE,EN,Federal Contract Tower,0,8,10,0,18,0,0,38,0,38,0,8,48,0,56,82,0,82,138
05/08/2011,HVN,CT,ANE,EN,Federal Contract Tower,0,11,9,0,20,0,0,81,0,81,0,11,90,0,101,80,0,80,181
05/09/2011,HVN,CT,ANE,EN,Federal Contract Tower,0,15,8,0,23,0,0,59,0,59,0,15,67,0,82,56,0,56,138
05/10/2011,HVN,CT,ANE,EN,Federal Contract Tower,0,19,23,0,42,0,0,61,2,63,0,19,84,2,105,46,0,46,151
05/11/2011,HVN,CT,ANE,EN,Federal Contract Tower,0,7,16,0,23,0,0,33,0,33,0,7,49,0,56,74,0,74,130
05/12/2011,HVN,CT,ANE,EN,Federal Contract Tower,0,8,11,3,22,0,0,58,2,60,0,8,69,5,82,116,4,120,202
05/13/2011,HVN,CT,ANE,EN,Federal Contract Tower,0,11,6,1,18,0,0,79,0,79,0,11,85,1,97,92,2,94,191
05/14/2011,HVN,CT,ANE,EN,Federal Contract Tower,0,5,14,0,19,0,0,58,2,60,0,5,72,2,79,132,0,132,211
05/15/2011,HVN,CT,ANE,EN,Federal Contract Tower,0,11,10,0,21,0,0,0,0,0,0,11,10,0,21,0,0,0,21
05/16/2011,HVN,CT,ANE,EN,Federal Contract Tower,0,12,12,0,24,0,0,0,0,0,0,12,12,0,24,0,0,0,24
05/17/2011,HVN,CT,ANE,EN,Federal Contract Tower,0,12,16,0,28,0,0,0,0,0,0,12,16,0,28,0,0,0,28
05/18/2011,HVN,CT,ANE,EN,Federal Contract Tower,0,11,24,0,35,0,0,0,0,0,0,11,24,0,35,0,0,0,35
05/19/2011,HVN,CT,ANE,EN,Federal Contract Tower,0,9,28,0,37,0,0,0,0,0,0,9,28,0,37,0,0,0,37
05/20/2011,HVN,CT,ANE,EN,Federal Contract Tower,0,12,21,0,33,0,0,14,1,15,0,12,35,1,48,8,2,10,58
05/21/2011,HVN,CT,ANE,EN,Federal Contract Tower,0,8,16,0,24,0,0,29,0,29,0,8,45,0,53,80,0,80,133
05/22/2011,HVN,CT,ANE,EN,Federal Contract Tower,0,10,30,0,40,0,0,33,0,33,0,10,63,0,73,64,0,64,137
05/23/2011,HVN,CT,ANE,EN,Federal Contract Tower,0,22,24,0,46,0,0,0,0,0,0,22,24,0,46,0,0,0,46
05/24/2011,HVN,CT,ANE,EN,Federal Contract Tower,0,8,14,0,22,0,0,4,0,4,0,8,18,0,26,0,0,0,26
05/25/2011,HVN,CT,ANE,EN,Federal Contract Tower,0,8,17,0,25,0,0,62,0,62,0,8,79,0,87,76,0,76,163
05/26/2011,HVN,CT,ANE,EN,Federal Contract Tower,0,6,18,2,26,0,0,38,0,38,0,6,56,2,64,84,0,84,148
05/27/2011,HVN,CT,ANE,EN,Federal Contract Tower,0,12,21,0,33,0,0,47,0,47,0,12,68,0,80,70,0,70,150
05/28/2011,HVN,CT,ANE,EN,Federal Contract Tower,0,6,14,0,20,0,0,32,0,32,0,6,46,0,52,11,0,11,63
05/29/2011,HVN,CT,ANE,EN,Federal Contract Tower,0,7,18,0,25,0,0,72,0,72,0,7,90,0,97,94,0,94,191
05/30/2011,HVN,CT,ANE,EN,Federal Contract Tower,0,10,17,0,27,0,0,36,0,36,0,10,53,0,63,102,0,102,165
05/31/2011,HVN,CT,ANE,EN,Federal Contract Tower,0,11,17,0,28,0,0,80,0,80,0,11,97,0,108,74,2,76,184
06/01/2011,HVN,CT,ANE,EN,Federal Contract Tower,0,10,18,0,28,0,0,14,0,14,0,10,32,0,42,16,0,16,58
06/02/2011,HVN,CT,ANE,EN,Federal Contract Tower,0,11,14,0,25,0,0,40,2,42,0,11,54,2,67,0,0,0,67
06/03/2011,HVN,CT,ANE,EN,Federal Contract Tower,0,14,12,0,26,0,0,42,0,42,0,14,54,0,68,46,0,46,114
06/04/2011,HVN,CT,ANE,EN,Federal Contract Tower,0,8,9,0,17,0,0,77,0,77,0,8,86,0,94,56,0,56,150
06/05/2011,HVN,CT,ANE,EN,Federal Contract Tower,0,12,12,0,24,0,0,126,0,126,0,12,138,0,150,214,0,214,364
06/06/2011,HVN,CT,ANE,EN,Federal Contract Tower,0,11,6,0,17,0,0,32,0,32,0,11,38,0,49,68,0,68,117
06/07/2011,HVN,CT,ANE,EN,Federal Contract Tower,0,15,9,0,24,0,0,60,0,60,0,15,69,0,84,106,0,106,190
06/08/2011,HVN,CT,ANE,EN,Federal Contract Tower,0,7,19,0,26,0,0,29,2,31,0,7,48,2,57,28,0,28,85
06/09/2011,HVN,CT,ANE,EN,Federal Contract Tower,0,7,16,0,23,0,0,35,4,39,0,7,51,4,62,16,0,16,78
06/10/2011,HVN,CT,ANE,EN,Federal Contract Tower,0,8,18,0,26,0,0,61,0,61,0,8,79,0,87,39,0,39,126
06/11/2011,HVN,CT,ANE,EN,Federal Contract Tower,0,7,7,0,14,0,0,4,0,4,0,7,11,0,18,4,0,4,22
06/12/2011,HVN,CT,ANE,EN,Federal Contract Tower,0,8,15,0,23,0,0,4,0,4,0,8,19,0,27,0,0,0,27
06/13/2011,HVN,CT,ANE,EN,Federal Contract Tower,0,10,17,0,27,0,0,53,2,55,0,10,70,2,82,38,0,38,120
06/14/2011,HVN,CT,ANE,EN,Federal Contract Tower,0,9,31,0,40,0,0,12,0,12,0,9,43,0,52,14,0,14,66
06/15/2011,HVN,CT,ANE,EN,Federal Contract Tower,0,9,5,0,14,0,0,49,0,49,0,9,54,0,63,74,0,74,137
06/16/2011,HVN,CT,ANE,EN,Federal Contract Tower,0,14,17,0,31,0,0,62,1,63,0,14,79,1,94,82,0,82,176
06/17/2011,HVN,CT,ANE,EN,Federal Contract Tower,0,10,10,0,20,0,0,0,0,0,0,10,10,0,20,2,0,2,22
06/18/2011,HVN,CT,ANE,EN,Federal Contract Tower,9,0,15,0,24,0,0,47,1,48,9,0,62,1,72,34,4,38,110
06/19/2011,HVN,CT,ANE,EN,Federal Contract Tower,0,11,14,0,25,0,0,70,0,70,0,11,84,0,95,28,0,28,123
06/20/2011,HVN,CT,ANE,EN,Federal Contract Tower,0,13,13,0,26,0,0,107,0,107,0,13,120,0,133,68,0,68,201
06/21/2011,HVN,CT,ANE,EN,Federal Contract Tower,0,11,13,0,24,0,0,73,0,73,0,11,86,0,97,48,0,48,145
06/22/2011,HVN,CT,ANE,EN,Federal Contract Tower,0,7,17,0,24,0,0,10,0,10,0,7,27,0,34,0,0,0,34
06/23/2011,HVN,CT,ANE,EN,Federal Contract Tower,0,8,29,0,37,0,0,1,0,1,0,8,30,0,38,0,0,0,38
06/24/2011,HVN,CT,ANE,EN,Federal Contract Tower,0,16,15,0,31,0,0,0,0,0,0,16,15,0,31,0,0,0,31
06/25/2011,HVN,CT,ANE,EN,Federal Contract Tower,0,6,6,0,12,0,0,18,0,18,0,6,24,0,30,24,0,24,54
06/26/2011,HVN,CT,ANE,EN,Federal Contract Tower,0,9,23,0,32,0,0,68,0,68,0,9,91,0,100,106,0,106,206
06/27/2011,HVN,CT,ANE,EN,Federal Contract Tower,0,11,14,0,25,0,0,57,0,57,0,11,71,0,82,60,0,60,142
06/28/2011,HVN,CT,ANE,EN,Federal Contract Tower,0,8,23,0,31,0,0,44,0,44,0,8,67,0,75,68,0,68,143
06/29/2011,HVN,CT,ANE,EN,Federal Contract Tower,0,8,9,0,17,0,0,32,0,32,0,8,41,0,49,32,0,32,81
06/30/2011,HVN,CT,ANE,EN,Federal Contract Tower,0,8,15,0,23,0,0,53,0,53,0,8,68,0,76,50,0,50,126
07/01/2011,HVN,CT,ANE,EN,Federal Contract Tower,0,8,12,0,20,0,0,49,0,49,0,8,61,0,69,50,0,50,119
07/02/2011,HVN,CT,ANE,EN,Federal Contract Tower,0,9,8,0,17,0,0,88,2,90,0,9,96,2,107,98,0,98,205
07/03/2011,HVN,CT,ANE,EN,Federal Contract Tower,0,6,10,0,16,0,0,9,0,9,0,6,19,0,25,4,0,4,29
07/04/2011,HVN,CT,ANE,EN,Federal Contract Tower,0,8,6,0,14,0,0,32,0,32,0,8,38,0,46,28,0,28,74
07/05/2011,HVN,CT,ANE,EN,Federal Contract Tower,0,8,4,0,12,0,0,48,0,48,0,8,52,0,60,26,2,28,88
07/06/2011,HVN,CT,ANE,EN,Federal Contract Tower,0,10,7,0,17,0,0,31,0,31,0,10,38,0,48,70,0,70,118
07/07/2011,HVN,CT,ANE,EN,Federal Contract Tower,0,8,8,0,16,0,0,32,0,32,0,8,40,0,48,64,0,64,112
07/08/2011,HVN,CT,ANE,EN,Federal Contract Tower,0,10,5,0,15,0,0,10,0,10,0,10,15,0,25,28,0,28,53
07/09/2011,HVN,CT,ANE,EN,Federal Contract Tower,0,7,3,0,10,0,0,68,2,70,0,7,71,2,80,74,0,74,154
07/10/2011,HVN,CT,ANE,EN,Federal Contract Tower,0,13,8,0,21,0,0,107,0,107,0,13,115,0,128,148,0,148,276
07/11/2011,HVN,CT,ANE,EN,Federal Contract Tower,0,8,12,0,20,0,0,77,0,77,0,8,89,0,97,70,0,70,167
07/12/2011,HVN,CT,ANE,EN,Federal Contract Tower,0,9,7,0,16,0,0,54,0,54,0,9,61,0,70,28,0,28,98
07/13/2011,HVN,CT,ANE,EN,Federal Contract Tower,0,11,10,0,21,0,0,42,0,42,0,11,52,0,63,44,0,44,107
07/14/2011,HVN,CT,ANE,EN,Federal Contract Tower,0,7,8,0,15,0,0,43,0,43,0,7,51,0,58,44,0,44,102
07/15/2011,HVN,CT,ANE,EN,Federal Contract Tower,0,8,6,0,14,0,0,68,0,68,0,8,74,0,82,88,0,88,170
07/16/2011,HVN,CT,ANE,EN,Federal Contract Tower,0,5,5,0,10,0,2,63,0,65,0,7,68,0,75,50,0,50,125
07/17/2011,HVN,CT,ANE,EN,Federal Contract Tower,0,8,10,0,18,0,0,94,0,94,0,8,104,0,112,192,0,192,304
07/18/2011,HVN,CT,ANE,EN,Federal Contract Tower,0,19,21,0,40,0,0,54,0,54,0,19,75,0,94,18,0,18,112
07/19/2011,HVN,CT,ANE,EN,Federal Contract Tower,0,11,11,0,22,0,2,94,0,96,0,13,105,0,118,58,0,58,176
07/20/2011,HVN,CT,ANE,EN,Federal Contract Tower,0,10,7,0,17,0,0,54,0,54,0,10,61,0,71,80,0,80,151
07/21/2011,HVN,CT,ANE,EN,Federal Contract Tower,0,7,27,3,37,0,0,30,0,30,0,7,57,3,67,32,0,32,99
07/22/2011,HVN,CT,ANE,EN,Federal Contract Tower,0,16,18,0,34,0,0,29,0,29,0,16,47,0,63,26,0,26,89
07/23/2011,HVN,CT,ANE,EN,Federal Contract Tower,0,6,5,0,11,0,0,41,0,41,0,6,46,0,52,34,0,34,86
07/24/2011,HVN,CT,ANE,EN,Federal Contract Tower,0,11,28,0,39,0,0,32,0,32,0,11,60,0,71,2,0,2,73
07/25/2011,HVN,CT,ANE,EN,Federal Contract Tower,0,6,14,0,20,0,0,21,0,21,0,6,35,0,41,16,0,16,57
07/26/2011,HVN,CT,ANE,EN,Federal Contract Tower,0,7,21,1,29,0,0,55,0,55,0,7,76,1,84,18,2,20,104
07/27/2011,HVN,CT,ANE,EN,Federal Contract Tower,0,10,10,0,20,0,0,51,0,51,0,10,61,0,71,8,0,8,79
07/28/2011,HVN,CT,ANE,EN,Federal Contract Tower,0,12,20,0,32,0,0,59,0,59,0,12,79,0,91,54,0,54,145
07/29/2011,HVN,CT,ANE,EN,Federal Contract Tower,0,12,28,0,40,0,0,4,0,4,0,12,32,0,44,6,0,6,50
07/30/2011,HVN,CT,ANE,EN,Federal Contract Tower,0,9,8,0,17,0,0,68,0,68,0,9,76,0,85,42,0,42,127
07/31/2011,HVN,CT,ANE,EN,Federal Contract Tower,0,7,16,0,23,0,0,74,0,74,0,7,90,0,97,82,0,82,179
08/01/2011,HVN,CT,ANE,EN,Federal Contract Tower,0,13,10,0,23,0,0,46,0,46,0,13,56,0,69,54,0,54,123
08/02/2011,HVN,CT,ANE,EN,Federal Contract Tower,0,13,13,0,26,0,0,74,0,74,0,13,87,0,100,114,0,114,214
08/03/2011,HVN,CT,ANE,EN,Federal Contract Tower,0,10,10,0,20,0,0,43,0,43,0,10,53,0,63,32,4,36,99
08/04/2011,HVN,CT,ANE,EN,Federal Contract Tower,0,10,19,0,29,0,0,72,1,73,0,10,91,1,102,64,0,64,166
08/05/2011,HVN,CT,ANE,EN,Federal Contract Tower,0,8,15,0,23,0,0,51,0,51,0,8,66,0,74,30,0,30,104
08/06/2011,HVN,CT,ANE,EN,Federal Contract Tower,0,7,15,0,22,0,0,46,0,46,0,7,61,0,68,64,0,64,132
08/07/2011,HVN,CT,ANE,EN,Federal Contract Tower,0,5,8,0,13,0,0,19,0,19,0,5,27,0,32,4,0,4,36
08/08/2011,HVN,CT,ANE,EN,Federal Contract Tower,0,8,12,0,20,0,0,23,0,23,0,8,35,0,43,8,0,8,51
08/09/2011,HVN,CT,ANE,EN,Federal Contract Tower,0,7,19,0,26,0,0,16,0,16,0,7,35,0,42,24,0,24,66
08/10/2011,HVN,CT,ANE,EN,Federal Contract Tower,0,10,8,2,20,0,0,34,0,34,0,10,42,2,54,52,0,52,106
08/11/2011,HVN,CT,ANE,EN,Federal Contract Tower,0,9,7,0,16,0,0,58,4,62,0,9,65,4,78,40,0,40,118
08/12/2011,HVN,CT,ANE,EN,Federal Contract Tower,0,9,30,0,39,0,0,89,0,89,0,9,119,0,128,94,0,94,222
08/13/2011,HVN,CT,ANE,EN,Federal Contract Tower,0,5,8,0,13,0,0,69,0,69,0,5,77,0,82,60,0,60,142
08/14/2011,HVN,CT,ANE,EN,Federal Contract Tower,0,9,11,0,20,0,0,2,0,2,0,9,13,0,22,0,0,0,22
08/15/2011,HVN,CT,ANE,EN,Federal Contract Tower,0,14,10,0,24,0,0,0,0,0,0,14,10,0,24,0,0,0,24
08/16/2011,HVN,CT,ANE,EN,Federal Contract Tower,0,11,12,0,23,0,0,24,0,24,0,11,36,0,47,32,2,34,81
08/17/2011,HVN,CT,ANE,EN,Federal Contract Tower,0,9,10,0,19,0,0,82,0,82,0,9,92,0,101,40,0,40,141
08/18/2011,HVN,CT,ANE,EN,Federal Contract Tower,0,10,13,0,23,0,0,41,2,43,0,10,54,2,66,4,0,4,70
08/19/2011,HVN,CT,ANE,EN,Federal Contract Tower,0,16,5,0,21,0,0,46,0,46,0,16,51,0,67,88,0,88,155
08/20/2011,HVN,CT,ANE,EN,Federal Contract Tower,0,6,9,0,15,0,0,77,0,77,0,6,86,0,92,88,0,88,180
08/21/2011,HVN,CT,ANE,EN,Federal Contract Tower,0,14,7,0,21,0,0,41,0,41,0,14,48,0,62,26,0,26,88
08/22/2011,HVN,CT,ANE,EN,Federal Contract Tower,0,13,18,0,31,0,0,54,0,54,0,13,72,0,85,38,0,38,123
08/23/2011,HVN,CT,ANE,EN,Federal Contract Tower,0,12,23,2,37,0,0,80,0,80,0,12,103,2,117,100,0,100,217
08/24/2011,HVN,CT,ANE,EN,Federal Contract Tower,0,15,22,4,41,0,0,58,0,58,0,15,80,4,99,72,0,72,171
08/25/2011,HVN,CT,ANE,EN,Federal Contract Tower,0,0,11,18,29,0,0,8,0,8,0,0,19,18,37,12,0,12,49
08/26/2011,HVN,CT,ANE,EN,Federal Contract Tower,0,15,25,0,40,0,0,64,0,64,0,15,89,0,104,112,0,112,216
08/27/2011,HVN,CT,ANE,EN,Federal Contract Tower,0,6,4,0,10,0,0,36,0,36,0,6,40,0,46,24,0,24,70
08/28/2011,HVN,CT,ANE,EN,Federal Contract Tower,0,0,0,0,0,0,0,0,0,0,0,0,0,0,0,0,0,0,0
08/29/2011,HVN,CT,ANE,EN,Federal Contract Tower,0,8,16,0,24,0,0,59,0,59,0,8,75,0,83,84,0,84,167
08/30/2011,HVN,CT,ANE,EN,Federal Contract Tower,0,8,8,0,16,0,0,51,0,51,0,8,59,0,67,20,0,20,87
08/31/2011,HVN,CT,ANE,EN,Federal Contract Tower,0,12,16,0,28,0,0,68,4,72,0,12,84,4,100,66,0,66,166
09/01/2011,HVN,CT,ANE,EN,Federal Contract Tower,0,10,8,0,18,0,0,55,0,55,0,10,63,0,73,50,0,50,123
09/02/2011,HVN,CT,ANE,EN,Federal Contract Tower,0,15,13,0,28,0,0,65,0,65,0,15,78,0,93,94,0,94,187
09/03/2011,HVN,CT,ANE,EN,Federal Contract Tower,0,9,8,0,17,0,0,62,0,62,0,9,70,0,79,86,0,86,165
09/04/2011,HVN,CT,ANE,EN,Federal Contract Tower,0,6,4,0,10,0,0,49,0,49,0,6,53,0,59,58,0,58,117
09/05/2011,HVN,CT,ANE,EN,Federal Contract Tower,0,9,17,2,28,0,0,57,0,57,0,9,74,2,85,78,0,78,163
09/06/2011,HVN,CT,ANE,EN,Federal Contract Tower,0,8,16,0,24,0,0,1,0,1,0,8,17,0,25,0,0,0,25
09/07/2011,HVN,CT,ANE,EN,Federal Contract Tower,0,16,14,0,30,0,0,0,0,0,0,16,14,0,30,0,0,0,30
09/08/2011,HVN,CT,ANE,EN,Federal Contract Tower,0,0,12,18,30,0,0,3,0,3,0,0,15,18,33,12,0,12,45
09/09/2011,HVN,CT,ANE,EN,Federal Contract Tower,0,9,15,0,24,0,0,26,0,26,0,9,41,0,50,16,0,16,66
09/10/2011,HVN,CT,ANE,EN,Federal Contract Tower,0,6,8,0,14,0,0,56,0,56,0,6,64,0,70,70,0,70,140
09/11/2011,HVN,CT,ANE,EN,Federal Contract Tower,0,5,5,0,10,0,0,48,0,48,0,5,53,0,58,62,0,62,120
09/12/2011,HVN,CT,ANE,EN,Federal Contract Tower,0,9,7,3,19,0,0,29,0,29,0,9,36,3,48,68,0,68,116
09/13/2011,HVN,CT,ANE,EN,Federal Contract Tower,0,12,20,0,32,0,0,55,0,55,0,12,75,0,87,46,0,46,133
09/14/2011,HVN,CT,ANE,EN,Federal Contract Tower,0,12,16,1,29,0,0,35,0,35,0,12,51,1,64,26,0,26,90
09/15/2011,HVN,CT,ANE,EN,Federal Contract Tower,0,9,23,0,32,0,0,24,0,24,0,9,47,0,56,16,0,16,72
09/16/2011,HVN,CT,ANE,EN,Federal Contract Tower,0,11,23,0,34,0,0,55,0,55,0,11,78,0,89,40,0,40,129
09/17/2011,HVN,CT,ANE,EN,Federal Contract Tower,0,5,6,0,11,0,0,70,0,70,0,5,76,0,81,104,0,104,185
09/18/2011,HVN,CT,ANE,EN,Federal Contract Tower,0,10,15,0,25,0,0,57,0,57,0,10,72,0,82,2,0,2,84
09/19/2011,HVN,CT,ANE,EN,Federal Contract Tower,0,21,8,0,29,0,0,32,0,32,0,21,40,0,61,8,0,8,69
09/20/2011,HVN,CT,ANE,EN,Federal Contract Tower,0,15,24,0,39,0,0,11,0,11,0,15,35,0,50,34,0,34,84
09/21/2011,HVN,CT,ANE,EN,Federal Contract Tower,0,16,29,0,45,0,0,17,0,17,0,16,46,0,62,24,0,24,86
09/22/2011,HVN,CT,ANE,EN,Federal Contract Tower,0,17,16,0,33,0,0,6,0,6,0,17,22,0,39,16,0,16,55
09/23/2011,HVN,CT,ANE,EN,Federal Contract Tower,0,12,8,0,20,0,0,0,0,0,0,12,8,0,20,0,0,0,20
09/24/2011,HVN,CT,ANE,EN,Federal Contract Tower,0,8,12,0,20,0,0,14,0,14,0,8,26,0,34,10,0,10,44
09/25/2011,HVN,CT,ANE,EN,Federal Contract Tower,0,11,12,0,23,0,0,9,0,9,0,11,21,0,32,4,0,4,36
09/26/2011,HVN,CT,ANE,EN,Federal Contract Tower,0,18,8,0,26,0,0,31,0,31,0,18,39,0,57,110,0,110,167
09/27/2011,HVN,CT,ANE,EN,Federal Contract Tower,0,15,6,0,21,0,0,0,0,0,0,15,6,0,21,0,0,0,21
09/28/2011,HVN,CT,ANE,EN,Federal Contract Tower,0,8,9,0,17,0,0,7,1,8,0,8,16,1,25,8,0,8,33
09/29/2011,HVN,CT,ANE,EN,Federal Contract Tower,0,9,15,0,24,0,0,2,0,2,0,9,17,0,26,0,0,0,26
09/30/2011,HVN,CT,ANE,EN,Federal Contract Tower,0,15,16,0,31,0,0,62,0,62,0,15,78,0,93,54,0,54,147
10/01/2011,HVN,CT,ANE,EN,Federal Contract Tower,0,11,16,0,27,0,0,19,0,19,0,11,35,0,46,36,0,36,82
10/02/2011,HVN,CT,ANE,EN,Federal Contract Tower,0,9,10,0,19,0,0,90,0,90,0,9,100,0,109,194,0,194,303
10/03/2011,HVN,CT,ANE,EN,Federal Contract Tower,0,10,9,0,19,0,0,18,0,18,0,10,27,0,37,62,0,62,99
10/04/2011,HVN,CT,ANE,EN,Federal Contract Tower,0,9,7,0,16,0,0,14,0,14,0,9,21,0,30,48,0,48,78
10/05/2011,HVN,CT,ANE,EN,Federal Contract Tower,0,8,9,0,17,0,0,50,0,50,0,8,59,0,67,6,0,6,73
10/06/2011,HVN,CT,ANE,EN,Federal Contract Tower,0,11,10,1,22,0,0,60,0,60,0,11,70,1,82,32,0,32,114
10/07/2011,HVN,CT,ANE,EN,Federal Contract Tower,0,12,15,0,27,0,0,0,0,0,0,12,15,0,27,65,0,65,92
10/08/2011,HVN,CT,ANE,EN,Federal Contract Tower,0,7,11,0,18,0,0,72,2,74,0,7,83,2,92,72,0,72,164
10/09/2011,HVN,CT,ANE,EN,Federal Contract Tower,0,12,16,0,28,0,0,36,0,36,0,12,52,0,64,42,0,42,106
10/10/2011,HVN,CT,ANE,EN,Federal Contract Tower,0,15,14,0,29,0,0,99,0,99,0,15,113,0,128,134,0,134,262
10/11/2011,HVN,CT,ANE,EN,Federal Contract Tower,0,12,9,0,21,0,0,62,0,62,0,12,71,0,83,86,0,86,169
10/12/2011,HVN,CT,ANE,EN,Federal Contract Tower,0,11,21,0,32,0,0,15,0,15,0,11,36,0,47,46,0,46,93
10/13/2011,HVN,CT,ANE,EN,Federal Contract Tower,0,8,26,0,34,0,0,0,0,0,0,8,26,0,34,0,0,0,34
10/14/2011,HVN,CT,ANE,EN,Federal Contract Tower,0,7,13,0,20,0,0,0,0,0,0,7,13,0,20,0,0,0,20
10/15/2011,HVN,CT,ANE,EN,Federal Contract Tower,0,7,5,0,12,0,0,26,0,26,0,7,31,0,38,50,0,50,88
10/16/2011,HVN,CT,ANE,EN,Federal Contract Tower,0,6,12,0,18,0,0,56,2,58,0,6,68,2,76,50,2,52,128
10/17/2011,HVN,CT,ANE,EN,Federal Contract Tower,0,8,3,0,11,0,0,29,0,29,0,8,32,0,40,16,0,16,56
10/18/2011,HVN,CT,ANE,EN,Federal Contract Tower,0,10,9,0,19,0,0,60,0,60,0,10,69,0,79,134,0,134,213
10/19/2011,HVN,CT,ANE,EN,Federal Contract Tower,0,11,11,0,22,0,0,0,0,0,0,11,11,0,22,0,0,0,22
10/20/2011,HVN,CT,ANE,EN,Federal Contract Tower,0,11,14,0,25,0,0,12,0,12,0,11,26,0,37,0,0,0,37
10/21/2011,HVN,CT,ANE,EN,Federal Contract Tower,0,9,21,0,30,0,0,33,0,33,0,9,54,0,63,14,0,14,77
10/22/2011,HVN,CT,ANE,EN,Federal Contract Tower,0,10,22,0,32,0,0,110,0,110,0,10,132,0,142,114,0,114,256
10/23/2011,HVN,CT,ANE,EN,Federal Contract Tower,0,8,5,0,13,0,0,99,2,101,0,8,104,2,114,64,4,68,182
10/24/2011,HVN,CT,ANE,EN,Federal Contract Tower,0,10,11,0,21,0,0,58,0,58,0,10,69,0,79,90,0,90,169
10/25/2011,HVN,CT,ANE,EN,Federal Contract Tower,0,11,20,0,31,0,0,61,0,61,0,11,81,0,92,48,0,48,140
10/26/2011,HVN,CT,ANE,EN,Federal Contract Tower,0,12,15,1,28,0,0,32,1,33,0,12,47,2,61,18,2,20,81
10/27/2011,HVN,CT,ANE,EN,Federal Contract Tower,0,10,36,0,46,0,0,0,0,0,0,10,36,0,46,0,0,0,46
10/28/2011,HVN,CT,ANE,EN,Federal Contract Tower,0,16,18,0,34,0,0,51,0,51,0,16,69,0,85,58,0,58,143
10/29/2011,HVN,CT,ANE,EN,Federal Contract Tower,0,6,6,0,12,0,0,0,0,0,0,6,6,0,12,0,0,0,12
10/30/2011,HVN,CT,ANE,EN,Federal Contract Tower,0,13,12,0,25,0,0,17,0,17,0,13,29,0,42,18,0,18,60
10/31/2011,HVN,CT,ANE,EN,Federal Contract Tower,0,12,9,0,21,0,0,12,0,12,0,12,21,0,33,16,0,16,49
11/01/2011,HVN,CT,ANE,EN,Federal Contract Tower,0,8,13,0,21,0,0,37,0,37,0,8,50,0,58,76,0,76,134
11/02/2011,HVN,CT,ANE,EN,Federal Contract Tower,0,14,8,0,22,0,1,44,0,45,0,15,52,0,67,60,0,60,127
11/03/2011,HVN,CT,ANE,EN,Federal Contract Tower,0,10,11,0,21,0,0,47,0,47,0,10,58,0,68,82,0,82,150
11/04/2011,HVN,CT,ANE,EN,Federal Contract Tower,0,13,11,0,24,0,0,25,5,30,0,13,36,5,54,27,0,27,81
11/05/2011,HVN,CT,ANE,EN,Federal Contract Tower,0,7,10,0,17,0,0,78,0,78,0,7,88,0,95,56,0,56,151
11/06/2011,HVN,CT,ANE,EN,Federal Contract Tower,0,7,10,0,17,0,0,87,0,87,0,7,97,0,104,58,0,58,162
11/07/2011,HVN,CT,ANE,EN,Federal Contract Tower,0,12,14,0,26,0,0,72,0,72,0,12,86,0,98,44,0,44,142
11/08/2011,HVN,CT,ANE,EN,Federal Contract Tower,0,13,9,0,22,0,0,50,0,50,0,13,59,0,72,64,0,64,136
11/09/2011,HVN,CT,ANE,EN,Federal Contract Tower,0,6,22,1,29,0,0,23,4,27,0,6,45,5,56,6,0,6,62
11/10/2011,HVN,CT,ANE,EN,Federal Contract Tower,0,11,32,0,43,0,0,0,0,0,0,11,32,0,43,0,0,0,43
11/11/2011,HVN,CT,ANE,EN,Federal Contract Tower,0,12,11,0,23,0,0,15,0,15,0,12,26,0,38,46,2,48,86
11/12/2011,HVN,CT,ANE,EN,Federal Contract Tower,0,6,7,0,13,0,0,49,0,49,0,6,56,0,62,36,0,36,98
11/13/2011,HVN,CT,ANE,EN,Federal Contract Tower,0,6,14,0,20,0,0,72,0,72,0,6,86,0,92,96,0,96,188
11/14/2011,HVN,CT,ANE,EN,Federal Contract Tower,0,9,2,0,11,0,0,33,0,33,0,9,35,0,44,22,0,22,66
11/15/2011,HVN,CT,ANE,EN,Federal Contract Tower,0,12,17,0,29,0,0,33,2,35,0,12,50,2,64,36,0,36,100
11/16/2011,HVN,CT,ANE,EN,Federal Contract Tower,0,8,21,0,29,0,0,1,0,1,0,8,22,0,30,0,0,0,30
11/17/2011,HVN,CT,ANE,EN,Federal Contract Tower,0,24,14,0,38,0,0,13,0,13,0,24,27,0,51,34,0,34,85
11/18/2011,HVN,CT,ANE,EN,Federal Contract Tower,0,10,9,0,19,0,0,41,0,41,0,10,50,0,60,46,0,46,106
11/19/2011,HVN,CT,ANE,EN,Federal Contract Tower,0,5,14,0,19,0,0,58,0,58,0,5,72,0,77,60,0,60,137
11/20/2011,HVN,CT,ANE,EN,Federal Contract Tower,0,8,13,0,21,0,0,70,0,70,0,8,83,0,91,54,0,54,145
11/21/2011,HVN,CT,ANE,EN,Federal Contract Tower,0,13,12,0,25,0,0,52,0,52,0,13,64,0,77,22,0,22,99
11/22/2011,HVN,CT,ANE,EN,Federal Contract Tower,0,14,25,0,39,0,0,8,0,8,0,14,33,0,47,10,0,10,57
11/23/2011,HVN,CT,ANE,EN,Federal Contract Tower,0,13,15,0,28,0,0,0,0,0,0,13,15,0,28,0,0,0,28
11/24/2011,HVN,CT,ANE,EN,Federal Contract Tower,0,6,5,0,11,0,0,5,0,5,0,6,10,0,16,6,0,6,22
11/25/2011,HVN,CT,ANE,EN,Federal Contract Tower,0,3,9,0,12,0,0,67,3,70,0,3,76,3,82,68,0,68,150
11/26/2011,HVN,CT,ANE,EN,Federal Contract Tower,0,6,9,0,15,0,0,68,3,71,0,6,77,3,86,56,0,56,142
11/27/2011,HVN,CT,ANE,EN,Federal Contract Tower,0,15,19,0,34,0,0,82,0,82,0,15,101,0,116,74,0,74,190
11/28/2011,HVN,CT,ANE,EN,Federal Contract Tower,0,14,11,0,25,0,0,47,0,47,0,14,58,0,72,32,0,32,104
11/29/2011,HVN,CT,ANE,EN,Federal Contract Tower,0,8,16,3,27,0,0,2,0,2,0,8,18,3,29,16,4,20,49
11/30/2011,HVN,CT,ANE,EN,Federal Contract Tower,0,8,15,0,23,0,0,26,0,26,0,8,41,0,49,36,0,36,85
12/01/2011,HVN,CT,ANE,EN,Federal Contract Tower,0,10,13,0,23,0,0,51,0,51,0,10,64,0,74,46,0,46,120
12/02/2011,HVN,CT,ANE,EN,Federal Contract Tower,0,11,15,0,26,0,0,37,0,37,0,11,52,0,63,74,4,78,141
12/03/2011,HVN,CT,ANE,EN,Federal Contract Tower,0,5,9,0,14,0,2,92,0,94,0,7,101,0,108,138,0,138,246
12/04/2011,HVN,CT,ANE,EN,Federal Contract Tower,0,7,8,0,15,0,0,96,0,96,0,7,104,0,111,96,0,96,207
12/05/2011,HVN,CT,ANE,EN,Federal Contract Tower,0,5,4,0,9,0,0,0,0,0,0,5,4,0,9,0,0,0,9
12/06/2011,HVN,CT,ANE,EN,Federal Contract Tower,0,6,16,0,22,0,0,0,0,0,0,6,16,0,22,0,0,0,22
12/07/2011,HVN,CT,ANE,EN,Federal Contract Tower,0,8,12,0,20,0,0,0,0,0,0,8,12,0,20,0,0,0,20
12/08/2011,HVN,CT,ANE,EN,Federal Contract Tower,0,8,8,0,16,0,0,20,2,22,0,8,28,2,38,10,0,10,48
12/09/2011,HVN,CT,ANE,EN,Federal Contract Tower,0,12,12,0,24,0,0,44,0,44,0,12,56,0,68,64,0,64,132
12/10/2011,HVN,CT,ANE,EN,Federal Contract Tower,0,5,11,0,16,0,0,63,2,65,0,5,74,2,81,94,0,94,175
12/11/2011,HVN,CT,ANE,EN,Federal Contract Tower,0,11,15,0,26,0,0,105,0,105,0,11,120,0,131,88,0,88,219
12/12/2011,HVN,CT,ANE,EN,Federal Contract Tower,0,16,7,0,23,0,0,49,0,49,0,16,56,0,72,36,0,36,108
12/13/2011,HVN,CT,ANE,EN,Federal Contract Tower,0,12,21,0,33,0,0,44,1,45,0,12,65,1,78,54,0,54,132
12/14/2011,HVN,CT,ANE,EN,Federal Contract Tower,0,8,9,0,17,0,0,44,0,44,0,8,53,0,61,38,0,38,99
12/15/2011,HVN,CT,ANE,EN,Federal Contract Tower,0,9,19,1,29,0,0,4,0,4,0,9,23,1,33,0,0,0,33
12/16/2011,HVN,CT,ANE,EN,Federal Contract Tower,0,9,10,0,19,0,0,25,0,25,0,9,35,0,44,0,0,0,44
12/17/2011,HVN,CT,ANE,EN,Federal Contract Tower,0,5,10,0,15,0,0,44,2,46,0,5,54,2,61,64,0,64,125
12/18/2011,HVN,CT,ANE,EN,Federal Contract Tower,0,10,11,0,21,0,0,90,0,90,0,10,101,0,111,74,0,74,185
12/19/2011,HVN,CT,ANE,EN,Federal Contract Tower,0,8,5,0,13,0,0,23,0,23,0,8,28,0,36,16,0,16,52
12/20/2011,HVN,CT,ANE,EN,Federal Contract Tower,0,10,22,0,32,0,0,52,4,56,0,10,74,4,88,58,0,58,146
12/21/2011,HVN,CT,ANE,EN,Federal Contract Tower,0,11,15,0,26,0,0,3,2,5,0,11,18,2,31,6,0,6,37
12/22/2011,HVN,CT,ANE,EN,Federal Contract Tower,0,10,12,0,22,0,0,38,0,38,0,10,50,0,60,2,0,2,62
12/23/2011,HVN,CT,ANE,EN,Federal Contract Tower,0,13,6,0,19,0,0,11,0,11,0,13,17,0,30,42,0,42,72
12/24/2011,HVN,CT,ANE,EN,Federal Contract Tower,0,4,7,0,11,0,0,25,0,25,0,4,32,0,36,60,0,60,96
12/25/2011,HVN,CT,ANE,EN,Federal Contract Tower,0,6,2,0,8,0,0,7,0,7,0,6,9,0,15,0,0,0,15
12/26/2011,HVN,CT,ANE,EN,Federal Contract Tower,0,10,10,0,20,0,0,46,0,46,0,10,56,0,66,24,0,24,90
12/27/2011,HVN,CT,ANE,EN,Federal Contract Tower,0,4,2,0,6,0,0,43,0,43,0,4,45,0,49,92,0,92,141
12/28/2011,HVN,CT,ANE,EN,Federal Contract Tower,0,10,6,0,16,0,0,9,0,9,0,10,15,0,25,22,0,22,47
12/29/2011,HVN,CT,ANE,EN,Federal Contract Tower,0,8,6,2,16,0,0,53,4,57,0,8,59,6,73,86,0,86,159
12/30/2011,HVN,CT,ANE,EN,Federal Contract Tower,0,8,5,0,13,0,0,53,0,53,0,8,58,0,66,86,0,86,152
12/31/2011,HVN,CT,ANE,EN,Federal Contract Tower,0,4,4,0,8,0,0,10,0,10,0,4,14,0,18,0,0,0,18
01/01/2012,HVN,CT,ANE,EN,Federal Contract Tower,0,11,10,0,21,0,0,66,0,66,0,11,76,0,87,12,30,42,129
01/02/2012,HVN,CT,ANE,EN,Federal Contract Tower,0,11,8,0,19,0,0,34,0,34,0,11,42,0,53,56,0,56,109
01/03/2012,HVN,CT,ANE,EN,Federal Contract Tower,0,14,3,0,17,0,0,23,0,23,0,14,26,0,40,8,0,8,48
01/04/2012,HVN,CT,ANE,EN,Federal Contract Tower,0,8,7,0,15,0,0,49,0,49,0,8,56,0,64,0,0,0,64
01/05/2012,HVN,CT,ANE,EN,Federal Contract Tower,0,7,9,0,16,0,0,38,0,38,0,7,47,0,54,36,0,36,90
01/06/2012,HVN,CT,ANE,EN,Federal Contract Tower,0,10,4,0,14,0,0,35,0,35,0,10,39,0,49,38,0,38,87
01/07/2012,HVN,CT,ANE,EN,Federal Contract Tower,0,6,9,0,15,0,0,78,0,78,0,6,87,0,93,88,0,88,181
01/08/2012,HVN,CT,ANE,EN,Federal Contract Tower,0,8,3,0,11,0,0,108,0,108,0,8,111,0,119,98,0,98,217
01/09/2012,HVN,CT,ANE,EN,Federal Contract Tower,0,11,2,0,13,0,0,41,0,41,0,11,43,0,54,14,0,14,68
01/10/2012,HVN,CT,ANE,EN,Federal Contract Tower,0,10,9,0,19,0,0,62,0,62,0,10,71,0,81,58,0,58,139
01/11/2012,HVN,CT,ANE,EN,Federal Contract Tower,0,9,4,0,13,0,0,42,0,42,0,9,46,0,55,114,0,114,169
01/12/2012,HVN,CT,ANE,EN,Federal Contract Tower,0,12,15,0,27,0,0,0,0,0,0,12,15,0,27,0,0,0,27
01/13/2012,HVN,CT,ANE,EN,Federal Contract Tower,0,7,15,0,22,0,0,6,0,6,0,7,21,0,28,4,0,4,32
01/14/2012,HVN,CT,ANE,EN,Federal Contract Tower,0,4,6,0,10,0,0,31,0,31,0,4,37,0,41,32,0,32,73
01/15/2012,HVN,CT,ANE,EN,Federal Contract Tower,0,10,1,0,11,0,0,32,0,32,0,10,33,0,43,18,2,20,63
01/16/2012,HVN,CT,ANE,EN,Federal Contract Tower,0,8,11,0,19,0,0,39,2,41,0,8,50,2,60,26,0,26,86
01/17/2012,HVN,CT,ANE,EN,Federal Contract Tower,0,8,10,0,18,0,0,0,0,0,0,8,10,0,18,0,0,0,18
01/18/2012,HVN,CT,ANE,EN,Federal Contract Tower,0,9,7,0,16,0,0,16,0,16,0,9,23,0,32,10,0,10,42
01/19/2012,HVN,CT,ANE,EN,Federal Contract Tower,0,7,6,0,13,0,0,32,2,34,0,7,38,2,47,110,0,110,157
01/20/2012,HVN,CT,ANE,EN,Federal Contract Tower,0,9,8,0,17,0,0,14,1,15,0,9,22,1,32,0,22,22,54
01/21/2012,HVN,CT,ANE,EN,Federal Contract Tower,0,4,3,0,7,0,0,0,0,0,0,4,3,0,7,0,0,0,7
01/22/2012,HVN,CT,ANE,EN,Federal Contract Tower,0,8,8,0,16,0,0,13,0,13,0,8,21,0,29,20,0,20,49
01/23/2012,HVN,CT,ANE,EN,Federal Contract Tower,0,9,14,0,23,0,0,0,0,0,0,9,14,0,23,0,0,0,23
01/24/2012,HVN,CT,ANE,EN,Federal Contract Tower,0,16,17,0,33,0,0,72,3,75,0,16,89,3,108,78,0,78,186
01/25/2012,HVN,CT,ANE,EN,Federal Contract Tower,0,10,12,0,22,0,0,39,2,41,0,10,51,2,63,98,0,98,161
01/26/2012,HVN,CT,ANE,EN,Federal Contract Tower,0,9,12,0,21,0,0,24,0,24,0,9,36,0,45,48,0,48,93
01/27/2012,HVN,CT,ANE,EN,Federal Contract Tower,0,8,14,0,22,0,0,1,0,1,0,8,15,0,23,0,0,0,23
01/28/2012,HVN,CT,ANE,EN,Federal Contract Tower,0,6,8,0,14,0,0,47,2,49,0,6,55,2,63,34,0,34,97
01/29/2012,HVN,CT,ANE,EN,Federal Contract Tower,0,6,6,0,12,0,0,57,0,57,0,6,63,0,69,82,0,82,151
01/30/2012,HVN,CT,ANE,EN,Federal Contract Tower,0,8,11,0,19,0,0,36,0,36,0,8,47,0,55,42,0,42,97
01/31/2012,HVN,CT,ANE,EN,Federal Contract Tower,0,14,17,0,31,0,0,51,0,51,0,14,68,0,82,78,0,78,160
02/01/2012,HVN,CT,ANE,EN,Federal Contract Tower,0,8,14,4,26,0,0,10,0,10,0,8,24,4,36,30,0,30,66
02/02/2012,HVN,CT,ANE,EN,Federal Contract Tower,0,13,10,0,23,0,0,39,0,39,0,13,49,0,62,86,0,86,148
02/03/2012,HVN,CT,ANE,EN,Federal Contract Tower,0,14,9,1,24,0,0,30,0,30,0,14,39,1,54,36,0,36,90
02/04/2012,HVN,CT,ANE,EN,Federal Contract Tower,0,7,4,0,11,0,0,71,1,72,0,7,75,1,83,66,18,84,167
02/05/2012,HVN,CT,ANE,EN,Federal Contract Tower,0,8,8,0,16,0,0,60,0,60,0,8,68,0,76,38,0,38,114
02/06/2012,HVN,CT,ANE,EN,Federal Contract Tower,0,17,10,0,27,0,0,43,0,43,0,17,53,0,70,16,0,16,86
02/07/2012,HVN,CT,ANE,EN,Federal Contract Tower,0,11,5,0,16,0,0,30,0,30,0,11,35,0,46,6,0,6,52
02/08/2012,HVN,CT,ANE,EN,Federal Contract Tower,0,15,13,0,28,0,0,17,0,17,0,15,30,0,45,10,0,10,55
02/09/2012,HVN,CT,ANE,EN,Federal Contract Tower,0,11,10,0,21,0,0,56,0,56,0,11,66,0,77,58,0,58,135
02/10/2012,HVN,CT,ANE,EN,Federal Contract Tower,0,12,21,0,33,0,0,63,1,64,0,12,84,1,97,74,0,74,171
02/11/2012,HVN,CT,ANE,EN,Federal Contract Tower,0,4,3,0,7,0,0,2,0,2,0,4,5,0,9,0,0,0,9
02/12/2012,HVN,CT,ANE,EN,Federal Contract Tower,0,6,8,0,14,0,0,24,0,24,0,6,32,0,38,34,0,34,72
02/13/2012,HVN,CT,ANE,EN,Federal Contract Tower,0,8,9,0,17,0,0,15,0,15,0,8,24,0,32,2,0,2,34
02/14/2012,HVN,CT,ANE,EN,Federal Contract Tower,0,12,14,0,26,0,0,40,0,40,0,12,54,0,66,68,0,68,134
02/15/2012,HVN,CT,ANE,EN,Federal Contract Tower,0,11,20,0,31,0,0,19,0,19,0,11,39,0,50,24,0,24,74
02/16/2012,HVN,CT,ANE,EN,Federal Contract Tower,0,11,14,1,26,0,0,23,0,23,0,11,37,1,49,46,6,52,101
02/17/2012,HVN,CT,ANE,EN,Federal Contract Tower,0,12,16,0,28,0,0,24,0,24,0,12,40,0,52,26,0,26,78
02/18/2012,HVN,CT,ANE,EN,Federal Contract Tower,0,9,3,0,12,0,0,70,0,70,0,9,73,0,82,58,0,58,140
02/19/2012,HVN,CT,ANE,EN,Federal Contract Tower,0,8,14,0,22,0,0,44,0,44,0,8,58,0,66,38,0,38,104
02/20/2012,HVN,CT,ANE,EN,Federal Contract Tower,0,14,9,0,23,0,0,80,0,80,0,14,89,0,103,92,0,92,195
02/21/2012,HVN,CT,ANE,EN,Federal Contract Tower,0,9,14,1,24,0,0,44,0,44,0,9,58,1,68,46,2,48,116
02/22/2012,HVN,CT,ANE,EN,Federal Contract Tower,0,10,9,0,19,0,0,29,0,29,0,10,38,0,48,32,0,32,80
02/23/2012,HVN,CT,ANE,EN,Federal Contract Tower,0,10,15,0,25,0,0,23,0,23,0,10,38,0,48,36,0,36,84
02/24/2012,HVN,CT,ANE,EN,Federal Contract Tower,0,13,3,0,16,0,0,0,0,0,0,13,3,0,16,0,0,0,16
02/25/2012,HVN,CT,ANE,EN,Federal Contract Tower,0,5,6,0,11,0,0,0,0,0,0,5,6,0,11,0,0,0,11
02/26/2012,HVN,CT,ANE,EN,Federal Contract Tower,0,10,9,0,19,0,0,55,0,55,0,10,64,0,74,74,0,74,148
02/27/2012,HVN,CT,ANE,EN,Federal Contract Tower,0,8,11,0,19,0,0,47,0,47,0,8,58,0,66,12,0,12,78
02/28/2012,HVN,CT,ANE,EN,Federal Contract Tower,0,13,9,0,22,0,1,38,0,39,0,14,47,0,61,38,6,44,105
02/29/2012,HVN,CT,ANE,EN,Federal Contract Tower,0,10,10,0,20,0,0,13,0,13,0,10,23,0,33,36,0,36,69
03/01/2012,HVN,CT,ANE,EN,Federal Contract Tower,0,16,13,0,29,0,0,0,0,0,0,16,13,0,29,0,0,0,29
03/02/2012,HVN,CT,ANE,EN,Federal Contract Tower,0,8,15,0,23,0,0,5,0,5,0,8,20,0,28,16,0,16,44
03/03/2012,HVN,CT,ANE,EN,Federal Contract Tower,0,5,5,0,10,0,0,1,0,1,0,5,6,0,11,6,0,6,17
03/04/2012,HVN,CT,ANE,EN,Federal Contract Tower,0,8,3,0,11,0,0,53,0,53,0,8,56,0,64,68,0,68,132
03/05/2012,HVN,CT,ANE,EN,Federal Contract Tower,0,11,9,0,20,0,0,35,0,35,0,11,44,0,55,64,0,64,119
03/06/2012,HVN,CT,ANE,EN,Federal Contract Tower,0,10,15,0,25,0,0,46,0,46,0,10,61,0,71,76,0,76,147
03/07/2012,HVN,CT,ANE,EN,Federal Contract Tower,0,7,7,0,14,0,0,26,0,26,0,7,33,0,40,34,0,34,74
03/08/2012,HVN,CT,ANE,EN,Federal Contract Tower,0,8,6,0,14,0,0,23,0,23,0,8,29,0,37,20,4,24,61
03/09/2012,HVN,CT,ANE,EN,Federal Contract Tower,0,11,9,1,21,0,0,45,1,46,0,11,54,2,67,24,2,26,93
03/10/2012,HVN,CT,ANE,EN,Federal Contract Tower,0,7,7,0,14,0,0,87,1,88,0,7,94,1,102,74,0,74,176
03/11/2012,HVN,CT,ANE,EN,Federal Contract Tower,0,5,9,0,14,0,0,71,3,74,0,5,80,3,88,46,0,46,134
03/12/2012,HVN,CT,ANE,EN,Federal Contract Tower,0,11,9,0,20,0,0,21,0,21,0,11,30,0,41,22,0,22,63
03/13/2012,HVN,CT,ANE,EN,Federal Contract Tower,0,9,17,0,26,0,0,9,0,9,0,9,26,0,35,14,0,14,49
03/14/2012,HVN,CT,ANE,EN,Federal Contract Tower,0,9,14,0,23,0,0,49,0,49,0,9,63,0,72,48,0,48,120
03/15/2012,HVN,CT,ANE,EN,Federal Contract Tower,0,14,6,0,20,0,0,8,0,8,0,14,14,0,28,32,0,32,60
03/16/2012,HVN,CT,ANE,EN,Federal Contract Tower,0,9,10,0,19,0,1,0,0,1,0,10,10,0,20,0,0,0,20
03/17/2012,HVN,CT,ANE,EN,Federal Contract Tower,0,7,9,0,16,0,0,47,0,47,0,7,56,0,63,56,0,56,119
03/18/2012,HVN,CT,ANE,EN,Federal Contract Tower,0,14,13,0,27,0,0,57,0,57,0,14,70,0,84,94,0,94,178
03/19/2012,HVN,CT,ANE,EN,Federal Contract Tower,0,12,10,1,23,0,0,31,0,31,0,12,41,1,54,64,4,68,122
03/20/2012,HVN,CT,ANE,EN,Federal Contract Tower,0,14,11,0,25,0,0,43,0,43,0,14,54,0,68,64,0,64,132
03/21/2012,HVN,CT,ANE,EN,Federal Contract Tower,0,6,15,0,21,0,0,10,0,10,0,6,25,0,31,18,0,18,49
03/22/2012,HVN,CT,ANE,EN,Federal Contract Tower,0,6,7,0,13,0,0,8,0,8,0,6,15,0,21,12,0,12,33
03/23/2012,HVN,CT,ANE,EN,Federal Contract Tower,0,6,5,0,11,0,0,44,0,44,0,6,49,0,55,34,0,34,89
03/24/2012,HVN,CT,ANE,EN,Federal Contract Tower,0,7,18,0,25,0,0,64,0,64,0,7,82,0,89,28,0,28,117
03/25/2012,HVN,CT,ANE,EN,Federal Contract Tower,0,9,16,0,25,0,0,27,0,27,0,9,43,0,52,98,0,98,150
03/26/2012,HVN,CT,ANE,EN,Federal Contract Tower,0,11,5,1,17,0,0,10,0,10,0,11,15,1,27,0,0,0,27
03/27/2012,HVN,CT,ANE,EN,Federal Contract Tower,0,9,6,1,16,0,0,52,0,52,0,9,58,1,68,30,0,30,98
03/28/2012,HVN,CT,ANE,EN,Federal Contract Tower,0,11,5,0,16,0,0,20,0,20,0,11,25,0,36,40,0,40,76
03/29/2012,HVN,CT,ANE,EN,Federal Contract Tower,0,11,15,0,26,0,0,8,0,8,0,11,23,0,34,4,0,4,38
03/30/2012,HVN,CT,ANE,EN,Federal Contract Tower,0,11,17,0,28,0,0,51,0,51,0,11,68,0,79,146,0,146,225
03/31/2012,HVN,CT,ANE,EN,Federal Contract Tower,0,9,9,0,18,0,0,2,0,2,0,9,11,0,20,0,0,0,20
04/01/2012,HVN,CT,ANE,EN,Federal Contract Tower,0,8,13,0,21,0,0,49,0,49,0,8,62,0,70,58,0,58,128
04/02/2012,HVN,CT,ANE,EN,Federal Contract Tower,0,14,12,0,26,0,0,9,0,9,0,14,21,0,35,0,0,0,35
04/03/2012,HVN,CT,ANE,EN,Federal Contract Tower,0,10,18,0,28,0,0,28,0,28,0,10,46,0,56,26,0,26,82
04/04/2012,HVN,CT,ANE,EN,Federal Contract Tower,0,13,12,0,25,0,0,28,0,28,0,13,40,0,53,24,0,24,77
04/05/2012,HVN,CT,ANE,EN,Federal Contract Tower,0,8,14,0,22,0,0,50,0,50,0,8,64,0,72,32,0,32,104
04/06/2012,HVN,CT,ANE,EN,Federal Contract Tower,0,10,10,0,20,0,0,73,0,73,0,10,83,0,93,56,0,56,149
04/07/2012,HVN,CT,ANE,EN,Federal Contract Tower,0,11,13,0,24,0,0,44,0,44,0,11,57,0,68,42,0,42,110
04/08/2012,HVN,CT,ANE,EN,Federal Contract Tower,0,8,13,0,21,0,2,34,0,36,0,10,47,0,57,78,0,78,135
04/09/2012,HVN,CT,ANE,EN,Federal Contract Tower,0,9,10,0,19,0,0,12,0,12,0,9,22,0,31,10,0,10,41
04/10/2012,HVN,CT,ANE,EN,Federal Contract Tower,0,12,9,0,21,0,0,29,0,29,0,12,38,0,50,38,0,38,88
04/11/2012,HVN,CT,ANE,EN,Federal Contract Tower,0,8,15,0,23,0,0,23,0,23,0,8,38,0,46,42,0,42,88
04/12/2012,HVN,CT,ANE,EN,Federal Contract Tower,0,17,19,0,36,0,0,45,0,45,0,17,64,0,81,46,0,46,127
04/13/2012,HVN,CT,ANE,EN,Federal Contract Tower,0,13,19,0,32,0,0,74,0,74,0,13,93,0,106,62,0,62,168
04/14/2012,HVN,CT,ANE,EN,Federal Contract Tower,0,8,8,0,16,0,0,48,4,52,0,8,56,4,68,40,0,40,108
04/15/2012,HVN,CT,ANE,EN,Federal Contract Tower,0,7,12,0,19,0,0,51,0,51,0,7,63,0,70,98,0,98,168
04/16/2012,HVN,CT,ANE,EN,Federal Contract Tower,0,15,7,0,22,0,0,50,0,50,0,15,57,0,72,16,0,16,88
04/17/2012,HVN,CT,ANE,EN,Federal Contract Tower,0,13,25,0,38,0,0,33,1,34,0,13,58,1,72,50,0,50,122
04/18/2012,HVN,CT,ANE,EN,Federal Contract Tower,0,9,7,0,16,0,0,42,0,42,0,9,49,0,58,48,0,48,106
04/19/2012,HVN,CT,ANE,EN,Federal Contract Tower,0,11,21,0,32,0,0,33,0,33,0,11,54,0,65,78,0,78,143
04/20/2012,HVN,CT,ANE,EN,Federal Contract Tower,0,11,19,0,30,0,0,50,0,50,0,11,69,0,80,92,0,92,172
04/21/2012,HVN,CT,ANE,EN,Federal Contract Tower,0,6,11,0,17,0,0,35,0,35,0,6,46,0,52,6,0,6,58
04/22/2012,HVN,CT,ANE,EN,Federal Contract Tower,0,7,10,0,17,0,0,4,0,4,0,7,14,0,21,0,0,0,21
04/23/2012,HVN,CT,ANE,EN,Federal Contract Tower,0,19,12,0,31,0,0,2,0,2,0,19,14,0,33,0,0,0,33
04/24/2012,HVN,CT,ANE,EN,Federal Contract Tower,0,9,4,0,13,0,1,15,0,16,0,10,19,0,29,18,0,18,47
04/25/2012,HVN,CT,ANE,EN,Federal Contract Tower,0,8,23,0,31,0,0,18,2,20,0,8,41,2,51,36,0,36,87
04/26/2012,HVN,CT,ANE,EN,Federal Contract Tower,0,10,19,2,31,0,0,16,0,16,0,10,35,2,47,38,0,38,85
04/27/2012,HVN,CT,ANE,EN,Federal Contract Tower,0,14,14,0,28,0,0,34,0,34,0,14,48,0,62,0,0,0,62
04/28/2012,HVN,CT,ANE,EN,Federal Contract Tower,0,11,6,0,17,0,0,60,0,60,0,11,66,0,77,64,0,64,141
04/29/2012,HVN,CT,ANE,EN,Federal Contract Tower,0,17,12,0,29,0,0,60,0,60,0,17,72,0,89,32,0,32,121
04/30/2012,HVN,CT,ANE,EN,Federal Contract Tower,0,14,12,0,26,0,0,69,0,69,0,14,81,0,95,62,0,62,157
05/01/2012,HVN,CT,ANE,EN,Federal Contract Tower,1,9,22,0,32,0,0,9,0,9,1,9,31,0,41,8,0,8,49
05/02/2012,HVN,CT,ANE,EN,Federal Contract Tower,0,9,29,1,39,0,0,11,1,12,0,9,40,2,51,20,0,20,71
05/03/2012,HVN,CT,ANE,EN,Federal Contract Tower,0,12,12,0,24,0,0,0,0,0,0,12,12,0,24,0,0,0,24
05/04/2012,HVN,CT,ANE,EN,Federal Contract Tower,0,10,10,0,20,0,0,12,0,12,0,10,22,0,32,20,0,20,52
05/05/2012,HVN,CT,ANE,EN,Federal Contract Tower,0,9,31,0,40,0,0,1,0,1,0,9,32,0,41,0,0,0,41
05/06/2012,HVN,CT,ANE,EN,Federal Contract Tower,0,4,9,1,14,0,0,65,1,66,0,4,74,2,80,106,12,118,198
05/07/2012,HVN,CT,ANE,EN,Federal Contract Tower,0,12,13,0,25,0,0,51,0,51,0,12,64,0,76,102,0,102,178
05/08/2012,HVN,CT,ANE,EN,Federal Contract Tower,0,10,23,0,33,0,0,14,0,14,0,10,37,0,47,34,0,34,81
05/09/2012,HVN,CT,ANE,EN,Federal Contract Tower,0,11,19,0,30,0,0,0,0,0,0,11,19,0,30,0,0,0,30
05/10/2012,HVN,CT,ANE,EN,Federal Contract Tower,0,10,22,0,32,0,0,17,0,17,0,10,39,0,49,26,0,26,75
05/11/2012,HVN,CT,ANE,EN,Federal Contract Tower,0,8,10,0,18,0,0,34,0,34,0,8,44,0,52,28,0,28,80
05/12/2012,HVN,CT,ANE,EN,Federal Contract Tower,0,10,6,0,16,0,0,81,0,81,0,10,87,0,97,110,0,110,207
05/13/2012,HVN,CT,ANE,EN,Federal Contract Tower,0,4,11,0,15,0,0,60,0,60,0,4,71,0,75,66,0,66,141
05/14/2012,HVN,CT,ANE,EN,Federal Contract Tower,0,12,21,0,33,0,0,14,0,14,0,12,35,0,47,2,6,8,55
05/15/2012,HVN,CT,ANE,EN,Federal Contract Tower,0,9,14,0,23,0,0,0,0,0,0,9,14,0,23,0,0,0,23
05/16/2012,HVN,CT,ANE,EN,Federal Contract Tower,0,11,7,0,18,0,0,5,0,5,0,11,12,0,23,0,0,0,23
05/17/2012,HVN,CT,ANE,EN,Federal Contract Tower,0,8,19,0,27,0,0,74,0,74,0,8,93,0,101,102,0,102,203
05/18/2012,HVN,CT,ANE,EN,Federal Contract Tower,0,10,18,0,28,0,0,64,0,64,0,10,82,0,92,78,0,78,170
05/19/2012,HVN,CT,ANE,EN,Federal Contract Tower,0,12,11,0,23,0,0,62,2,64,0,12,73,2,87,80,2,82,169
05/20/2012,HVN,CT,ANE,EN,Federal Contract Tower,0,9,15,0,24,0,0,68,0,68,0,9,83,0,92,114,0,114,206
05/21/2012,HVN,CT,ANE,EN,Federal Contract Tower,0,27,17,0,44,0,0,0,0,0,0,27,17,0,44,0,0,0,44
05/22/2012,HVN,CT,ANE,EN,Federal Contract Tower,0,18,33,0,51,0,0,0,0,0,0,18,33,0,51,0,0,0,51
05/23/2012,HVN,CT,ANE,EN,Federal Contract Tower,0,11,18,0,29,0,0,28,0,28,0,11,46,0,57,48,0,48,105
05/24/2012,HVN,CT,ANE,EN,Federal Contract Tower,0,15,13,0,28,0,0,12,0,12,0,15,25,0,40,44,0,44,84
05/25/2012,HVN,CT,ANE,EN,Federal Contract Tower,0,13,32,0,45,0,0,0,0,0,0,13,32,0,45,0,0,0,45
05/26/2012,HVN,CT,ANE,EN,Federal Contract Tower,0,9,7,0,16,0,0,37,0,37,0,9,44,0,53,72,0,72,125
05/27/2012,HVN,CT,ANE,EN,Federal Contract Tower,0,8,5,0,13,0,0,73,0,73,0,8,78,0,86,82,0,82,168
05/28/2012,HVN,CT,ANE,EN,Federal Contract Tower,0,11,7,0,18,0,2,45,0,47,0,13,52,0,65,50,0,50,115
05/29/2012,HVN,CT,ANE,EN,Federal Contract Tower,0,8,45,0,53,0,0,31,0,31,0,8,76,0,84,44,0,44,128
05/30/2012,HVN,CT,ANE,EN,Federal Contract Tower,0,10,16,0,26,0,0,32,0,32,0,10,48,0,58,62,0,62,120
05/31/2012,HVN,CT,ANE,EN,Federal Contract Tower,0,10,12,1,23,0,0,65,4,69,0,10,77,5,92,82,2,84,176
06/01/2012,HVN,CT,ANE,EN,Federal Contract Tower,0,12,14,0,26,0,0,47,0,47,0,12,61,0,73,36,0,36,109
06/02/2012,HVN,CT,ANE,EN,Federal Contract Tower,0,12,9,0,21,0,0,9,0,9,0,12,18,0,30,0,0,0,30
06/03/2012,HVN,CT,ANE,EN,Federal Contract Tower,0,14,18,0,32,0,0,98,0,98,0,14,116,0,130,98,0,98,228
06/04/2012,HVN,CT,ANE,EN,Federal Contract Tower,0,12,16,1,29,0,0,18,0,18,0,12,34,1,47,4,2,6,53
06/05/2012,HVN,CT,ANE,EN,Federal Contract Tower,0,14,22,0,36,0,0,34,0,34,0,14,56,0,70,62,0,62,132
06/06/2012,HVN,CT,ANE,EN,Federal Contract Tower,0,12,18,0,30,0,0,44,0,44,0,12,62,0,74,96,0,96,170
06/07/2012,HVN,CT,ANE,EN,Federal Contract Tower,0,12,25,0,37,0,0,29,0,29,0,12,54,0,66,74,0,74,140
06/08/2012,HVN,CT,ANE,EN,Federal Contract Tower,0,7,20,0,27,0,0,76,0,76,0,7,96,0,103,60,0,60,163
06/09/2012,HVN,CT,ANE,EN,Federal Contract Tower,0,8,6,0,14,0,0,35,0,35,0,8,41,0,49,54,0,54,103
06/10/2012,HVN,CT,ANE,EN,Federal Contract Tower,0,7,13,0,20,0,0,118,0,118,0,7,131,0,138,94,0,94,232
06/11/2012,HVN,CT,ANE,EN,Federal Contract Tower,0,14,7,0,21,0,0,45,0,45,0,14,52,0,66,52,0,52,118
06/12/2012,HVN,CT,ANE,EN,Federal Contract Tower,0,9,14,0,23,0,0,13,0,13,0,9,27,0,36,38,2,40,76
06/13/2012,HVN,CT,ANE,EN,Federal Contract Tower,0,6,13,0,19,0,0,0,0,0,0,6,13,0,19,0,0,0,19
06/14/2012,HVN,CT,ANE,EN,Federal Contract Tower,0,11,22,0,33,0,0,50,1,51,0,11,72,1,84,58,0,58,142
06/15/2012,HVN,CT,ANE,EN,Federal Contract Tower,0,9,14,0,23,0,0,95,0,95,0,9,109,0,118,72,0,72,190
06/16/2012,HVN,CT,ANE,EN,Federal Contract Tower,0,7,6,0,13,0,0,58,0,58,0,7,64,0,71,26,0,26,97
06/17/2012,HVN,CT,ANE,EN,Federal Contract Tower,0,6,12,0,18,0,0,51,0,51,0,6,63,0,69,42,0,42,111
06/18/2012,HVN,CT,ANE,EN,Federal Contract Tower,0,10,14,0,24,0,34,2,0,36,0,44,16,0,60,40,0,40,100
06/19/2012,HVN,CT,ANE,EN,Federal Contract Tower,0,15,18,0,33,0,0,19,0,19,0,15,37,0,52,44,0,44,96
06/20/2012,HVN,CT,ANE,EN,Federal Contract Tower,0,7,14,0,21,0,0,40,0,40,0,7,54,0,61,30,0,30,91
06/21/2012,HVN,CT,ANE,EN,Federal Contract Tower,0,10,9,0,19,0,0,49,0,49,0,10,58,0,68,94,0,94,162
06/22/2012,HVN,CT,ANE,EN,Federal Contract Tower,0,10,5,0,15,0,0,32,0,32,0,10,37,0,47,36,0,36,83
06/23/2012,HVN,CT,ANE,EN,Federal Contract Tower,0,13,5,0,18,0,0,58,0,58,0,13,63,0,76,66,0,66,142
06/24/2012,HVN,CT,ANE,EN,Federal Contract Tower,0,8,2,0,10,0,0,102,0,102,0,8,104,0,112,70,0,70,182
06/25/2012,HVN,CT,ANE,EN,Federal Contract Tower,0,10,7,0,17,0,0,6,0,6,0,10,13,0,23,0,0,0,23
06/26/2012,HVN,CT,ANE,EN,Federal Contract Tower,0,8,13,0,21,0,0,39,0,39,0,8,52,0,60,70,0,70,130
06/27/2012,HVN,CT,ANE,EN,Federal Contract Tower,0,12,14,0,26,0,0,53,0,53,0,12,67,0,79,128,4,132,211
06/28/2012,HVN,CT,ANE,EN,Federal Contract Tower,0,9,5,1,15,0,0,77,0,77,0,9,82,1,92,104,2,106,198
06/29/2012,HVN,CT,ANE,EN,Federal Contract Tower,0,7,7,0,14,0,0,42,0,42,0,7,49,0,56,50,0,50,106
06/30/2012,HVN,CT,ANE,EN,Federal Contract Tower,0,10,9,0,19,0,0,52,0,52,0,10,61,0,71,70,0,70,141
07/01/2012,HVN,CT,ANE,EN,Federal Contract Tower,0,11,1,0,12,0,0,48,0,48,0,11,49,0,60,24,0,24,84
07/02/2012,HVN,CT,ANE,EN,Federal Contract Tower,0,10,13,0,23,0,0,43,0,43,0,10,56,0,66,32,0,32,98
07/03/2012,HVN,CT,ANE,EN,Federal Contract Tower,0,9,6,0,15,0,0,70,0,70,0,9,76,0,85,46,0,46,131
07/04/2012,HVN,CT,ANE,EN,Federal Contract Tower,0,7,0,0,7,0,0,20,2,22,0,7,20,2,29,18,0,18,47
07/05/2012,HVN,CT,ANE,EN,Federal Contract Tower,0,8,1,0,9,0,0,61,0,61,0,8,62,0,70,68,0,68,138
07/06/2012,HVN,CT,ANE,EN,Federal Contract Tower,0,8,21,0,29,0,0,68,0,68,0,8,89,0,97,98,0,98,195
07/07/2012,HVN,CT,ANE,EN,Federal Contract Tower,0,12,6,0,18,0,0,58,0,58,0,12,64,0,76,82,0,82,158
07/08/2012,HVN,CT,ANE,EN,Federal Contract Tower,0,9,5,0,14,0,0,80,0,80,0,9,85,0,94,68,0,68,162
07/09/2012,HVN,CT,ANE,EN,Federal Contract Tower,0,9,6,0,15,0,0,66,0,66,0,9,72,0,81,48,0,48,129
07/10/2012,HVN,CT,ANE,EN,Federal Contract Tower,0,7,13,0,20,0,1,91,0,92,0,8,104,0,112,124,2,126,238
07/11/2012,HVN,CT,ANE,EN,Federal Contract Tower,0,8,5,0,13,0,0,58,0,58,0,8,63,0,71,76,0,76,147
07/12/2012,HVN,CT,ANE,EN,Federal Contract Tower,0,11,15,2,28,0,0,86,0,86,0,11,101,2,114,174,2,176,290
07/13/2012,HVN,CT,ANE,EN,Federal Contract Tower,0,16,9,0,25,0,0,87,0,87,0,16,96,0,112,52,0,52,164
07/14/2012,HVN,CT,ANE,EN,Federal Contract Tower,0,8,2,0,10,0,0,54,0,54,0,8,56,0,64,80,0,80,144
07/15/2012,HVN,CT,ANE,EN,Federal Contract Tower,0,11,9,0,20,0,0,46,0,46,0,11,55,0,66,66,0,66,132
07/16/2012,HVN,CT,ANE,EN,Federal Contract Tower,0,12,8,1,21,0,0,71,0,71,0,12,79,1,92,46,0,46,138
07/17/2012,HVN,CT,ANE,EN,Federal Contract Tower,0,11,6,0,17,0,0,48,0,48,0,11,54,0,65,54,0,54,119
07/18/2012,HVN,CT,ANE,EN,Federal Contract Tower,0,6,12,0,18,0,0,36,0,36,0,6,48,0,54,18,0,18,72
07/19/2012,HVN,CT,ANE,EN,Federal Contract Tower,0,6,17,0,23,0,0,55,0,55,0,6,72,0,78,162,28,190,268
07/20/2012,HVN,CT,ANE,EN,Federal Contract Tower,0,9,28,0,37,0,0,10,0,10,0,9,38,0,47,0,0,0,47
07/21/2012,HVN,CT,ANE,EN,Federal Contract Tower,0,9,7,0,16,0,0,84,0,84,0,9,91,0,100,96,0,96,196
07/22/2012,HVN,CT,ANE,EN,Federal Contract Tower,0,12,10,0,22,0,0,63,0,63,0,12,73,0,85,108,0,108,193
07/23/2012,HVN,CT,ANE,EN,Federal Contract Tower,0,13,14,0,27,0,0,23,0,23,0,13,37,0,50,16,0,16,66
07/24/2012,HVN,CT,ANE,EN,Federal Contract Tower,0,9,17,2,28,0,1,55,0,56,0,10,72,2,84,36,2,38,122
07/25/2012,HVN,CT,ANE,EN,Federal Contract Tower,0,14,18,0,32,0,2,64,0,66,0,16,82,0,98,86,0,86,184
07/26/2012,HVN,CT,ANE,EN,Federal Contract Tower,0,5,14,0,19,0,0,27,0,27,0,5,41,0,46,2,0,2,48
07/27/2012,HVN,CT,ANE,EN,Federal Contract Tower,0,6,7,0,13,0,0,43,0,43,0,6,50,0,56,50,0,50,106
07/28/2012,HVN,CT,ANE,EN,Federal Contract Tower,0,7,11,0,18,0,0,0,0,0,0,7,11,0,18,0,0,0,18
07/29/2012,HVN,CT,ANE,EN,Federal Contract Tower,0,15,22,0,37,0,0,55,0,55,0,15,77,0,92,122,0,122,214
07/30/2012,HVN,CT,ANE,EN,Federal Contract Tower,0,16,9,0,25,0,0,87,0,87,0,16,96,0,112,52,0,52,164
07/31/2012,HVN,CT,ANE,EN,Federal Contract Tower,0,8,20,1,29,0,0,52,0,52,0,8,72,1,81,36,2,38,119
08/01/2012,HVN,CT,ANE,EN,Federal Contract Tower,0,6,22,0,28,0,0,22,0,22,0,6,44,0,50,38,0,38,88
08/02/2012,HVN,CT,ANE,EN,Federal Contract Tower,0,10,7,0,17,0,0,54,0,54,0,10,61,0,71,124,0,124,195
08/03/2012,HVN,CT,ANE,EN,Federal Contract Tower,0,12,11,0,23,0,0,50,0,50,0,12,61,0,73,148,0,148,221
08/04/2012,HVN,CT,ANE,EN,Federal Contract Tower,0,10,10,0,20,0,0,33,0,33,0,10,43,0,53,0,0,0,53
08/05/2012,HVN,CT,ANE,EN,Federal Contract Tower,0,11,10,0,21,0,0,26,5,31,0,11,36,5,52,64,0,64,116
08/06/2012,HVN,CT,ANE,EN,Federal Contract Tower,0,15,10,0,25,0,2,32,0,34,0,17,42,0,59,16,0,16,75
08/07/2012,HVN,CT,ANE,EN,Federal Contract Tower,0,8,10,1,19,0,2,114,0,116,0,10,124,1,135,90,0,90,225
08/08/2012,HVN,CT,ANE,EN,Federal Contract Tower,0,13,11,0,24,0,0,54,0,54,0,13,65,0,78,116,0,116,194
08/09/2012,HVN,CT,ANE,EN,Federal Contract Tower,0,9,32,0,41,0,0,38,0,38,0,9,70,0,79,114,2,116,195
08/10/2012,HVN,CT,ANE,EN,Federal Contract Tower,0,7,6,0,13,0,0,16,0,16,0,7,22,0,29,44,0,44,73
08/11/2012,HVN,CT,ANE,EN,Federal Contract Tower,0,8,8,0,16,0,0,21,0,21,0,8,29,0,37,62,0,62,99
08/12/2012,HVN,CT,ANE,EN,Federal Contract Tower,0,12,8,0,20,0,0,64,0,64,0,12,72,0,84,80,0,80,164
08/13/2012,HVN,CT,ANE,EN,Federal Contract Tower,0,12,5,0,17,0,0,92,0,92,0,12,97,0,109,70,2,72,181
08/14/2012,HVN,CT,ANE,EN,Federal Contract Tower,0,10,26,0,36,0,0,64,0,64,0,10,90,0,100,88,0,88,188
08/15/2012,HVN,CT,ANE,EN,Federal Contract Tower,0,8,9,0,17,0,0,14,0,14,0,8,23,0,31,10,2,12,43
08/16/2012,HVN,CT,ANE,EN,Federal Contract Tower,0,9,20,0,29,0,0,82,0,82,0,9,102,0,111,90,2,92,203
08/17/2012,HVN,CT,ANE,EN,Federal Contract Tower,0,9,7,0,16,0,53,0,0,53,0,62,7,0,69,30,22,52,121
08/18/2012,HVN,CT,ANE,EN,Federal Contract Tower,0,7,12,0,19,0,0,20,0,20,0,7,32,0,39,54,0,54,93
08/19/2012,HVN,CT,ANE,EN,Federal Contract Tower,0,9,19,0,28,0,0,77,2,79,0,9,96,2,107,84,0,84,191
08/20/2012,HVN,CT,ANE,EN,Federal Contract Tower,0,8,11,0,19,0,3,40,0,43,0,11,51,0,62,118,0,118,180
08/21/2012,HVN,CT,ANE,EN,Federal Contract Tower,0,14,5,0,19,0,57,3,0,60,0,71,8,0,79,110,0,110,189
08/22/2012,HVN,CT,ANE,EN,Federal Contract Tower,0,12,13,0,25,0,0,50,0,50,0,12,63,0,75,40,2,42,117
08/23/2012,HVN,CT,ANE,EN,Federal Contract Tower,0,11,22,0,33,0,2,71,0,73,0,13,93,0,106,120,0,120,226
08/24/2012,HVN,CT,ANE,EN,Federal Contract Tower,0,15,11,0,26,0,0,78,0,78,0,15,89,0,104,20,0,20,124
08/25/2012,HVN,CT,ANE,EN,Federal Contract Tower,0,15,21,0,36,0,0,50,0,50,0,15,71,0,86,80,0,80,166
08/26/2012,HVN,CT,ANE,EN,Federal Contract Tower,0,10,7,0,17,0,0,68,0,68,0,10,75,0,85,44,0,44,129
08/27/2012,HVN,CT,ANE,EN,Federal Contract Tower,0,10,9,0,19,0,0,36,0,36,0,10,45,0,55,56,0,56,111
08/28/2012,HVN,CT,ANE,EN,Federal Contract Tower,0,11,12,0,23,0,0,30,0,30,0,11,42,0,53,22,2,24,77
08/29/2012,HVN,CT,ANE,EN,Federal Contract Tower,0,16,3,0,19,0,0,55,0,55,0,16,58,0,74,112,4,116,190
08/30/2012,HVN,CT,ANE,EN,Federal Contract Tower,0,11,8,0,19,0,0,76,0,76,0,11,84,0,95,114,2,116,211
08/31/2012,HVN,CT,ANE,EN,Federal Contract Tower,0,19,8,0,27,0,0,65,0,65,0,19,73,0,92,72,0,72,164
09/01/2012,HVN,CT,ANE,EN,Federal Contract Tower,0,8,6,0,14,0,0,50,0,50,0,8,56,0,64,112,6,118,182
09/02/2012,HVN,CT,ANE,EN,Federal Contract Tower,0,5,6,0,11,0,0,49,0,49,0,5,55,0,60,96,0,96,156
09/03/2012,HVN,CT,ANE,EN,Federal Contract Tower,0,12,14,0,26,0,0,84,0,84,0,12,98,0,110,31,0,31,141
09/04/2012,HVN,CT,ANE,EN,Federal Contract Tower,0,13,17,0,30,0,0,7,0,7,0,13,24,0,37,0,0,0,37
09/05/2012,HVN,CT,ANE,EN,Federal Contract Tower,0,11,16,0,27,0,0,6,0,6,0,11,22,0,33,30,0,30,63
09/06/2012,HVN,CT,ANE,EN,Federal Contract Tower,0,12,25,0,37,0,0,22,0,22,0,12,47,0,59,66,0,66,125
09/07/2012,HVN,CT,ANE,EN,Federal Contract Tower,0,16,5,0,21,0,0,47,0,47,0,16,52,0,68,94,0,94,162
09/08/2012,HVN,CT,ANE,EN,Federal Contract Tower,0,10,6,0,16,0,0,17,0,17,0,10,23,0,33,28,0,28,61
09/09/2012,HVN,CT,ANE,EN,Federal Contract Tower,0,13,8,0,21,0,0,64,0,64,0,13,72,0,85,106,2,108,193
09/10/2012,HVN,CT,ANE,EN,Federal Contract Tower,0,15,5,0,20,0,0,34,0,34,0,15,39,0,54,44,0,44,98
09/11/2012,HVN,CT,ANE,EN,Federal Contract Tower,0,11,11,0,22,0,0,73,0,73,0,11,84,0,95,100,0,100,195
09/12/2012,HVN,CT,ANE,EN,Federal Contract Tower,0,15,11,0,26,0,0,53,0,53,0,15,64,0,79,176,0,176,255
09/13/2012,HVN,CT,ANE,EN,Federal Contract Tower,0,12,3,0,15,0,0,57,2,59,0,12,60,2,74,166,0,166,240
09/14/2012,HVN,CT,ANE,EN,Federal Contract Tower,0,8,3,0,11,0,5,32,0,37,0,13,35,0,48,56,0,56,104
09/15/2012,HVN,CT,ANE,EN,Federal Contract Tower,0,8,16,0,24,0,0,62,0,62,0,8,78,0,86,108,0,108,194
09/16/2012,HVN,CT,ANE,EN,Federal Contract Tower,0,13,5,0,18,0,0,58,0,58,0,13,63,0,76,86,0,86,162
09/17/2012,HVN,CT,ANE,EN,Federal Contract Tower,0,11,8,0,19,0,0,54,2,56,0,11,62,2,75,70,0,70,145
09/18/2012,HVN,CT,ANE,EN,Federal Contract Tower,0,7,8,0,15,0,0,1,0,1,0,7,9,0,16,0,0,0,16
09/19/2012,HVN,CT,ANE,EN,Federal Contract Tower,0,10,10,0,20,0,0,19,0,19,0,10,29,0,39,70,0,70,109
09/20/2012,HVN,CT,ANE,EN,Federal Contract Tower,0,8,16,2,26,0,0,42,0,42,0,8,58,2,68,100,0,100,168
09/21/2012,HVN,CT,ANE,EN,Federal Contract Tower,0,13,12,2,27,0,0,33,0,33,0,13,45,2,60,84,0,84,144
09/22/2012,HVN,CT,ANE,EN,Federal Contract Tower,0,12,3,0,15,0,0,49,0,49,0,12,52,0,64,102,0,102,166
09/23/2012,HVN,CT,ANE,EN,Federal Contract Tower,0,12,8,0,20,0,0,79,0,79,0,12,87,0,99,92,0,92,191
09/24/2012,HVN,CT,ANE,EN,Federal Contract Tower,0,8,9,0,17,0,0,42,0,42,0,8,51,0,59,48,0,48,107
09/25/2012,HVN,CT,ANE,EN,Federal Contract Tower,0,8,11,0,19,0,0,48,0,48,0,8,59,0,67,16,0,16,83
09/26/2012,HVN,CT,ANE,EN,Federal Contract Tower,0,12,12,0,24,0,0,19,0,19,0,12,31,0,43,0,0,0,43
09/27/2012,HVN,CT,ANE,EN,Federal Contract Tower,0,16,15,0,31,0,0,49,5,54,0,16,64,5,85,40,2,42,127
09/28/2012,HVN,CT,ANE,EN,Federal Contract Tower,0,15,9,0,24,0,0,0,0,0,0,15,9,0,24,0,0,0,24
09/29/2012,HVN,CT,ANE,EN,Federal Contract Tower,0,6,18,0,24,0,0,6,0,6,0,6,24,0,30,10,0,10,40
09/30/2012,HVN,CT,ANE,EN,Federal Contract Tower,0,16,6,0,22,0,0,41,0,41,0,16,47,0,63,126,0,126,189
10/01/2012,HVN,CT,ANE,EN,Federal Contract Tower,0,19,8,0,27,0,0,51,0,51,0,19,59,0,78,38,0,38,116
10/02/2012,HVN,CT,ANE,EN,Federal Contract Tower,0,10,12,0,22,0,0,14,0,14,0,10,26,0,36,24,0,24,60
10/03/2012,HVN,CT,ANE,EN,Federal Contract Tower,0,10,14,0,24,0,0,22,0,22,0,10,36,0,46,45,0,45,91
10/04/2012,HVN,CT,ANE,EN,Federal Contract Tower,0,4,12,0,16,0,0,0,0,0,0,4,12,0,16,0,0,0,16
10/05/2012,HVN,CT,ANE,EN,Federal Contract Tower,0,15,15,0,30,0,0,66,0,66,0,15,81,0,96,170,0,170,266
10/06/2012,HVN,CT,ANE,EN,Federal Contract Tower,0,9,11,0,20,0,0,42,0,42,0,9,53,0,62,60,0,60,122
10/07/2012,HVN,CT,ANE,EN,Federal Contract Tower,0,7,12,0,19,0,0,34,0,34,0,7,46,0,53,28,0,28,81
10/08/2012,HVN,CT,ANE,EN,Federal Contract Tower,0,7,11,0,18,0,0,63,0,63,0,7,74,0,81,122,0,122,203
10/09/2012,HVN,CT,ANE,EN,Federal Contract Tower,0,9,10,0,19,0,0,10,0,10,0,9,20,0,29,22,0,22,51
10/10/2012,HVN,CT,ANE,EN,Federal Contract Tower,0,14,16,0,30,0,0,18,0,18,0,14,34,0,48,18,0,18,66
10/11/2012,HVN,CT,ANE,EN,Federal Contract Tower,0,8,9,0,17,0,0,58,0,58,0,8,67,0,75,66,0,66,141
10/12/2012,HVN,CT,ANE,EN,Federal Contract Tower,0,20,27,0,47,0,0,16,0,16,0,20,43,0,63,10,0,10,73
10/13/2012,HVN,CT,ANE,EN,Federal Contract Tower,0,14,6,0,20,0,1,70,7,78,0,15,76,7,98,62,0,62,160
10/14/2012,HVN,CT,ANE,EN,Federal Contract Tower,0,16,11,0,27,0,1,26,0,27,0,17,37,0,54,22,0,22,76
10/15/2012,HVN,CT,ANE,EN,Federal Contract Tower,0,8,10,0,18,0,0,24,0,24,0,8,34,0,42,6,0,6,48
10/16/2012,HVN,CT,ANE,EN,Federal Contract Tower,0,12,7,0,19,0,0,11,0,11,0,12,18,0,30,4,0,4,34
10/17/2012,HVN,CT,ANE,EN,Federal Contract Tower,0,9,14,0,23,0,0,48,0,48,0,9,62,0,71,44,0,44,115
10/18/2012,HVN,CT,ANE,EN,Federal Contract Tower,0,10,18,0,28,0,1,62,0,63,0,11,80,0,91,80,8,88,179
10/19/2012,HVN,CT,ANE,EN,Federal Contract Tower,0,11,10,0,21,0,0,0,0,0,0,11,10,0,21,0,0,0,21
10/20/2012,HVN,CT,ANE,EN,Federal Contract Tower,0,6,17,0,23,0,0,24,0,24,0,6,41,0,47,64,0,64,111
10/21/2012,HVN,CT,ANE,EN,Federal Contract Tower,0,11,7,1,19,0,0,91,0,91,0,11,98,1,110,168,0,168,278
10/22/2012,HVN,CT,ANE,EN,Federal Contract Tower,0,9,6,0,15,0,0,46,0,46,0,9,52,0,61,46,0,46,107
10/23/2012,HVN,CT,ANE,EN,Federal Contract Tower,0,15,23,0,38,0,0,43,0,43,0,15,66,0,81,70,0,70,151
10/24/2012,HVN,CT,ANE,EN,Federal Contract Tower,0,10,30,0,40,0,0,0,0,0,0,10,30,0,40,10,0,10,50
10/25/2012,HVN,CT,ANE,EN,Federal Contract Tower,0,17,14,0,31,0,0,23,0,23,0,17,37,0,54,176,0,176,230
10/26/2012,HVN,CT,ANE,EN,Federal Contract Tower,0,13,12,0,25,0,0,56,0,56,0,13,68,0,81,86,0,86,167
10/27/2012,HVN,CT,ANE,EN,Federal Contract Tower,0,5,10,1,16,0,0,50,0,50,0,5,60,1,66,126,2,128,194
10/28/2012,HVN,CT,ANE,EN,Federal Contract Tower,0,10,5,0,15,0,1,1,2,4,0,11,6,2,19,0,0,0,19
10/29/2012,HVN,CT,ANE,EN,Federal Contract Tower,0,0,0,0,0,0,0,0,0,0,0,0,0,0,0,0,0,0,0
10/30/2012,HVN,CT,ANE,EN,Federal Contract Tower,0,0,0,0,0,0,0,0,0,0,0,0,0,0,0,0,0,0,0
10/31/2012,HVN,CT,ANE,EN,Federal Contract Tower,0,2,4,0,6,0,0,12,0,12,0,2,16,0,18,8,2,10,28
11/01/2012,HVN,CT,ANE,EN,Federal Contract Tower,0,11,11,2,24,0,0,13,4,17,0,11,24,6,41,26,0,26,67
11/02/2012,HVN,CT,ANE,EN,Federal Contract Tower,0,13,14,0,27,0,0,22,0,22,0,13,36,0,49,0,0,0,49
11/03/2012,HVN,CT,ANE,EN,Federal Contract Tower,0,9,2,1,12,0,0,28,0,28,0,9,30,1,40,34,0,34,74
11/04/2012,HVN,CT,ANE,EN,Federal Contract Tower,0,8,6,4,18,0,0,54,0,54,0,8,60,4,72,58,8,66,138
11/05/2012,HVN,CT,ANE,EN,Federal Contract Tower,0,13,11,0,24,0,0,25,0,25,0,13,36,0,49,20,0,20,69
11/06/2012,HVN,CT,ANE,EN,Federal Contract Tower,0,9,11,0,20,0,0,37,0,37,0,9,48,0,57,80,2,82,139
11/07/2012,HVN,CT,ANE,EN,Federal Contract Tower,0,2,4,0,6,0,0,0,0,0,0,2,4,0,6,4,0,4,10
11/08/2012,HVN,CT,ANE,EN,Federal Contract Tower,0,12,8,0,20,0,0,0,0,0,0,12,8,0,20,0,2,2,22
11/09/2012,HVN,CT,ANE,EN,Federal Contract Tower,0,13,12,0,25,0,1,26,0,27,0,14,38,0,52,42,0,42,94
11/10/2012,HVN,CT,ANE,EN,Federal Contract Tower,0,11,10,0,21,0,0,76,0,76,0,11,86,0,97,110,0,110,207
11/11/2012,HVN,CT,ANE,EN,Federal Contract Tower,0,8,7,0,15,0,0,69,0,69,0,8,76,0,84,98,0,98,182
11/12/2012,HVN,CT,ANE,EN,Federal Contract Tower,0,8,9,0,17,0,0,26,0,26,0,8,35,0,43,30,0,30,73
11/13/2012,HVN,CT,ANE,EN,Federal Contract Tower,0,12,10,0,22,0,1,8,0,9,0,13,18,0,31,0,0,0,31
11/14/2012,HVN,CT,ANE,EN,Federal Contract Tower,0,13,20,0,33,0,50,0,0,50,0,63,20,0,83,58,0,58,141
11/15/2012,HVN,CT,ANE,EN,Federal Contract Tower,0,13,25,0,38,0,2,37,0,39,0,15,62,0,77,68,0,68,145
11/16/2012,HVN,CT,ANE,EN,Federal Contract Tower,0,19,11,0,30,0,0,72,0,72,0,19,83,0,102,40,0,40,142
11/17/2012,HVN,CT,ANE,EN,Federal Contract Tower,0,13,2,0,15,0,0,40,0,40,0,13,42,0,55,26,0,26,81
11/18/2012,HVN,CT,ANE,EN,Federal Contract Tower,0,12,12,0,24,0,0,61,0,61,0,12,73,0,85,102,0,102,187
11/19/2012,HVN,CT,ANE,EN,Federal Contract Tower,0,10,3,0,13,0,0,20,0,20,0,10,23,0,33,10,2,12,45
11/20/2012,HVN,CT,ANE,EN,Federal Contract Tower,0,12,8,1,21,0,0,57,0,57,0,12,65,1,78,52,8,60,138
11/21/2012,HVN,CT,ANE,EN,Federal Contract Tower,0,13,13,0,26,0,0,44,0,44,0,13,57,0,70,32,0,32,102
11/22/2012,HVN,CT,ANE,EN,Federal Contract Tower,0,3,3,0,6,0,0,28,3,31,0,3,31,3,37,18,0,18,55
11/23/2012,HVN,CT,ANE,EN,Federal Contract Tower,0,7,1,0,8,0,0,23,0,23,0,7,24,0,31,16,0,16,47
11/24/2012,HVN,CT,ANE,EN,Federal Contract Tower,0,7,12,0,19,0,0,16,0,16,0,7,28,0,35,8,0,8,43
11/25/2012,HVN,CT,ANE,EN,Federal Contract Tower,0,12,21,0,33,0,0,33,0,33,0,12,54,0,66,12,0,12,78
11/26/2012,HVN,CT,ANE,EN,Federal Contract Tower,0,13,9,0,22,0,0,31,0,31,0,13,40,0,53,38,0,38,91
11/27/2012,HVN,CT,ANE,EN,Federal Contract Tower,0,11,24,2,37,0,0,0,0,0,0,11,24,2,37,0,0,0,37
11/28/2012,HVN,CT,ANE,EN,Federal Contract Tower,0,10,14,1,25,0,0,23,2,25,0,10,37,3,50,32,2,34,84
11/29/2012,HVN,CT,ANE,EN,Federal Contract Tower,0,7,22,0,29,0,0,44,0,44,0,7,66,0,73,34,6,40,113
11/30/2012,HVN,CT,ANE,EN,Federal Contract Tower,0,16,21,0,37,0,0,24,0,24,0,16,45,0,61,42,0,42,103
12/01/2012,HVN,CT,ANE,EN,Federal Contract Tower,0,8,4,0,12,0,0,1,0,1,0,8,5,0,13,4,0,4,17
12/02/2012,HVN,CT,ANE,EN,Federal Contract Tower,0,13,12,0,25,0,0,0,0,0,0,13,12,0,25,0,0,0,25
12/03/2012,HVN,CT,ANE,EN,Federal Contract Tower,0,9,16,0,25,0,0,22,0,22,0,9,38,0,47,12,0,12,59
12/04/2012,HVN,CT,ANE,EN,Federal Contract Tower,0,8,23,0,31,0,0,0,0,0,0,8,23,0,31,0,0,0,31
12/05/2012,HVN,CT,ANE,EN,Federal Contract Tower,0,14,10,0,24,0,0,31,0,31,0,14,41,0,55,20,4,24,79
12/06/2012,HVN,CT,ANE,EN,Federal Contract Tower,0,13,7,0,20,0,0,32,0,32,0,13,39,0,52,38,0,38,90
12/07/2012,HVN,CT,ANE,EN,Federal Contract Tower,0,9,6,0,15,0,0,5,0,5,0,9,11,0,20,24,0,24,44
12/08/2012,HVN,CT,ANE,EN,Federal Contract Tower,0,7,12,0,19,0,0,0,0,0,0,7,12,0,19,0,0,0,19
12/09/2012,HVN,CT,ANE,EN,Federal Contract Tower,0,10,9,3,22,0,0,31,0,31,0,10,40,3,53,42,8,50,103
12/10/2012,HVN,CT,ANE,EN,Federal Contract Tower,0,1,0,0,1,0,0,0,0,0,0,1,0,0,1,0,0,0,1
12/11/2012,HVN,CT,ANE,EN,Federal Contract Tower,0,11,14,0,25,0,0,34,0,34,0,11,48,0,59,58,0,58,117
12/12/2012,HVN,CT,ANE,EN,Federal Contract Tower,0,9,17,2,28,0,0,48,0,48,0,9,65,2,76,80,4,84,160
12/13/2012,HVN,CT,ANE,EN,Federal Contract Tower,0,11,20,0,31,0,0,16,0,16,0,11,36,0,47,20,2,22,69
12/14/2012,HVN,CT,ANE,EN,Federal Contract Tower,0,10,12,0,22,0,3,42,0,45,0,13,54,0,67,82,0,82,149
12/15/2012,HVN,CT,ANE,EN,Federal Contract Tower,0,6,3,0,9,0,0,54,0,54,0,6,57,0,63,82,0,82,145
12/16/2012,HVN,CT,ANE,EN,Federal Contract Tower,0,9,4,0,13,0,0,2,0,2,0,9,6,0,15,2,0,2,17
12/17/2012,HVN,CT,ANE,EN,Federal Contract Tower,0,8,14,0,22,0,0,0,0,0,0,8,14,0,22,0,0,0,22
12/18/2012,HVN,CT,ANE,EN,Federal Contract Tower,0,14,17,0,31,0,0,8,0,8,0,14,25,0,39,0,0,0,39
12/19/2012,HVN,CT,ANE,EN,Federal Contract Tower,0,9,10,2,21,0,0,17,0,17,0,9,27,2,38,18,16,34,72
12/20/2012,HVN,CT,ANE,EN,Federal Contract Tower,0,9,8,0,17,0,2,26,0,28,0,11,34,0,45,40,2,42,87
12/21/2012,HVN,CT,ANE,EN,Federal Contract Tower,0,8,0,0,8,0,0,0,0,0,0,8,0,0,8,0,0,0,8
12/22/2012,HVN,CT,ANE,EN,Federal Contract Tower,0,5,6,0,11,0,0,0,0,0,0,5,6,0,11,0,0,0,11
12/23/2012,HVN,CT,ANE,EN,Federal Contract Tower,0,9,9,0,18,0,0,38,0,38,0,9,47,0,56,26,0,26,82
12/24/2012,HVN,CT,ANE,EN,Federal Contract Tower,0,7,6,0,13,0,0,34,0,34,0,7,40,0,47,30,0,30,77
12/25/2012,HVN,CT,ANE,EN,Federal Contract Tower,0,9,3,0,12,0,0,1,0,1,0,9,4,0,13,0,0,0,13
12/26/2012,HVN,CT,ANE,EN,Federal Contract Tower,0,5,5,0,10,0,0,7,0,7,0,5,12,0,17,32,2,34,51
12/27/2012,HVN,CT,ANE,EN,Federal Contract Tower,0,9,5,0,14,0,0,0,0,0,0,9,5,0,14,0,2,2,16
12/28/2012,HVN,CT,ANE,EN,Federal Contract Tower,0,10,9,0,19,0,0,22,0,22,0,10,31,0,41,38,0,38,79
12/29/2012,HVN,CT,ANE,EN,Federal Contract Tower,0,6,2,0,8,0,0,0,0,0,0,6,2,0,8,0,0,0,8
12/30/2012,HVN,CT,ANE,EN,Federal Contract Tower,0,8,2,0,10,0,0,3,0,3,0,8,5,0,13,0,0,0,13
12/31/2012,HVN,CT,ANE,EN,Federal Contract Tower,0,7,4,0,11,0,0,8,0,8,0,7,12,0,19,2,0,2,21
01/01/2013,HVN,CT,ANE,EN,Federal Contract Tower,0,8,12,0,20,0,0,5,0,5,0,8,17,0,25,2,0,2,27
01/02/2013,HVN,CT,ANE,EN,Federal Contract Tower,0,4,13,2,19,0,0,12,0,12,0,4,25,2,31,12,0,12,43
01/03/2013,HVN,CT,ANE,EN,Federal Contract Tower,0,9,8,0,17,0,0,18,0,18,0,9,26,0,35,14,0,14,49
01/04/2013,HVN,CT,ANE,EN,Federal Contract Tower,0,11,7,0,18,0,0,8,0,8,0,11,15,0,26,0,18,18,44
01/05/2013,HVN,CT,ANE,EN,Federal Contract Tower,0,8,2,0,10,0,0,43,0,43,0,8,45,0,53,68,0,68,121
01/06/2013,HVN,CT,ANE,EN,Federal Contract Tower,0,13,7,0,20,0,0,19,0,19,0,13,26,0,39,110,0,110,149
01/07/2013,HVN,CT,ANE,EN,Federal Contract Tower,0,7,5,0,12,0,0,12,0,12,0,7,17,0,24,16,0,16,40
01/08/2013,HVN,CT,ANE,EN,Federal Contract Tower,0,11,6,1,18,0,2,22,0,24,0,13,28,1,42,50,2,52,94
01/09/2013,HVN,CT,ANE,EN,Federal Contract Tower,0,9,1,0,10,0,0,23,0,23,0,9,24,0,33,12,0,12,45
01/10/2013,HVN,CT,ANE,EN,Federal Contract Tower,0,7,6,0,13,0,0,19,2,21,0,7,25,2,34,6,0,6,40
01/11/2013,HVN,CT,ANE,EN,Federal Contract Tower,0,10,5,0,15,0,0,11,0,11,0,10,16,0,26,34,0,34,60
01/12/2013,HVN,CT,ANE,EN,Federal Contract Tower,0,5,3,0,8,0,0,0,0,0,0,5,3,0,8,0,0,0,8
01/13/2013,HVN,CT,ANE,EN,Federal Contract Tower,0,1,5,0,6,0,0,0,0,0,0,1,5,0,6,0,0,0,6
01/14/2013,HVN,CT,ANE,EN,Federal Contract Tower,0,10,13,0,23,0,0,13,0,13,0,10,26,0,36,2,0,2,38
01/15/2013,HVN,CT,ANE,EN,Federal Contract Tower,0,18,9,1,28,0,0,24,2,26,0,18,33,3,54,48,0,48,102
01/16/2013,HVN,CT,ANE,EN,Federal Contract Tower,0,10,9,0,19,0,0,0,0,0,0,10,9,0,19,0,0,0,19
01/17/2013,HVN,CT,ANE,EN,Federal Contract Tower,0,12,20,0,32,0,0,26,0,26,0,12,46,0,58,42,2,44,102
01/18/2013,HVN,CT,ANE,EN,Federal Contract Tower,0,18,8,2,28,0,0,14,0,14,0,18,22,2,42,34,2,36,78
01/19/2013,HVN,CT,ANE,EN,Federal Contract Tower,0,8,12,0,20,0,0,14,0,14,0,8,26,0,34,6,0,6,40
01/20/2013,HVN,CT,ANE,EN,Federal Contract Tower,0,12,8,0,20,0,0,16,0,16,0,12,24,0,36,16,0,16,52
01/21/2013,HVN,CT,ANE,EN,Federal Contract Tower,0,8,6,0,14,0,0,24,0,24,0,8,30,0,38,42,0,42,80
01/22/2013,HVN,CT,ANE,EN,Federal Contract Tower,0,7,6,0,13,0,0,14,0,14,0,7,20,0,27,6,0,6,33
01/23/2013,HVN,CT,ANE,EN,Federal Contract Tower,0,9,6,0,15,0,0,9,2,11,0,9,15,2,26,4,2,6,32
01/24/2013,HVN,CT,ANE,EN,Federal Contract Tower,0,11,3,0,14,0,0,19,0,19,0,11,22,0,33,14,0,14,47
01/25/2013,HVN,CT,ANE,EN,Federal Contract Tower,0,11,9,0,20,0,0,10,0,10,0,11,19,0,30,38,0,38,68
01/26/2013,HVN,CT,ANE,EN,Federal Contract Tower,0,13,4,0,17,0,0,16,0,16,0,13,20,0,33,26,0,26,59
01/27/2013,HVN,CT,ANE,EN,Federal Contract Tower,0,9,8,0,17,0,0,47,2,49,0,9,55,2,66,72,0,72,138
01/28/2013,HVN,CT,ANE,EN,Federal Contract Tower,0,12,7,0,19,0,0,0,0,0,0,12,7,0,19,0,0,0,19
01/29/2013,HVN,CT,ANE,EN,Federal Contract Tower,0,19,6,0,25,0,0,0,0,0,0,19,6,0,25,0,0,0,25
01/30/2013,HVN,CT,ANE,EN,Federal Contract Tower,0,4,4,0,8,0,0,0,0,0,0,4,4,0,8,0,0,0,8
01/31/2013,HVN,CT,ANE,EN,Federal Contract Tower,0,10,4,0,14,0,0,4,0,4,0,10,8,0,18,0,0,0,18
02/01/2013,HVN,CT,ANE,EN,Federal Contract Tower,0,22,6,0,28,0,0,16,0,16,0,22,22,0,44,26,0,26,70
02/02/2013,HVN,CT,ANE,EN,Federal Contract Tower,0,12,7,0,19,0,0,41,4,45,0,12,48,4,64,52,6,58,122
02/03/2013,HVN,CT,ANE,EN,Federal Contract Tower,0,7,11,0,18,0,0,28,0,28,0,7,39,0,46,24,0,24,70
02/04/2013,HVN,CT,ANE,EN,Federal Contract Tower,0,7,10,0,17,0,0,12,0,12,0,7,22,0,29,2,0,2,31
02/05/2013,HVN,CT,ANE,EN,Federal Contract Tower,0,13,13,0,26,0,0,3,0,3,0,13,16,0,29,20,0,20,49
02/06/2013,HVN,CT,ANE,EN,Federal Contract Tower,0,9,20,0,29,0,0,18,4,22,0,9,38,4,51,10,0,10,61
02/07/2013,HVN,CT,ANE,EN,Federal Contract Tower,0,12,11,0,23,0,0,25,0,25,0,12,36,0,48,12,0,12,60
02/08/2013,HVN,CT,ANE,EN,Federal Contract Tower,0,1,0,0,1,0,0,0,0,0,0,1,0,0,1,0,0,0,1
02/09/2013,HVN,CT,ANE,EN,Federal Contract Tower,0,0,0,0,0,0,0,0,0,0,0,0,0,0,0,0,0,0,0
02/10/2013,HVN,CT,ANE,EN,Federal Contract Tower,0,0,0,0,0,0,0,0,0,0,0,0,0,0,0,0,0,0,0
02/11/2013,HVN,CT,ANE,EN,Federal Contract Tower,0,0,3,0,3,0,0,0,0,0,0,0,3,0,3,0,0,0,3
02/12/2013,HVN,CT,ANE,EN,Federal Contract Tower,0,12,11,0,23,0,0,3,0,3,0,12,14,0,26,6,4,10,36
02/13/2013,HVN,CT,ANE,EN,Federal Contract Tower,0,9,11,0,20,0,0,18,0,18,0,9,29,0,38,16,0,16,54
02/14/2013,HVN,CT,ANE,EN,Federal Contract Tower,0,14,6,0,20,0,0,23,0,23,0,14,29,0,43,24,2,26,69
02/15/2013,HVN,CT,ANE,EN,Federal Contract Tower,0,11,13,0,24,0,0,18,0,18,0,11,31,0,42,48,0,48,90
02/16/2013,HVN,CT,ANE,EN,Federal Contract Tower,0,16,12,0,28,0,0,7,0,7,0,16,19,0,35,42,0,42,77
02/17/2013,HVN,CT,ANE,EN,Federal Contract Tower,0,9,5,0,14,0,0,0,0,0,0,9,5,0,14,2,0,2,16
02/18/2013,HVN,CT,ANE,EN,Federal Contract Tower,0,7,3,0,10,0,0,17,0,17,0,7,20,0,27,26,0,26,53
02/19/2013,HVN,CT,ANE,EN,Federal Contract Tower,0,11,8,0,19,0,0,10,0,10,0,11,18,0,29,10,0,10,39
02/20/2013,HVN,CT,ANE,EN,Federal Contract Tower,0,8,9,0,17,0,0,2,0,2,0,8,11,0,19,0,0,0,19
02/21/2013,HVN,CT,ANE,EN,Federal Contract Tower,0,11,8,0,19,0,0,6,0,6,0,11,14,0,25,4,0,4,29
02/22/2013,HVN,CT,ANE,EN,Federal Contract Tower,0,10,15,0,25,0,0,26,0,26,0,10,41,0,51,84,0,84,135
02/23/2013,HVN,CT,ANE,EN,Federal Contract Tower,0,10,6,0,16,0,0,0,0,0,0,10,6,0,16,0,0,0,16
02/24/2013,HVN,CT,ANE,EN,Federal Contract Tower,0,16,3,0,19,0,0,7,0,7,0,16,10,0,26,22,0,22,48
02/25/2013,HVN,CT,ANE,EN,Federal Contract Tower,0,11,17,2,30,0,0,31,0,31,0,11,48,2,61,72,0,72,133
02/26/2013,HVN,CT,ANE,EN,Federal Contract Tower,0,12,16,0,28,0,2,28,0,30,0,14,44,0,58,78,0,78,136
02/27/2013,HVN,CT,ANE,EN,Federal Contract Tower,0,8,15,0,23,0,0,0,0,0,0,8,15,0,23,0,0,0,23
02/28/2013,HVN,CT,ANE,EN,Federal Contract Tower,0,14,24,0,38,0,0,7,0,7,0,14,31,0,45,10,2,12,57
03/01/2013,HVN,CT,ANE,EN,Federal Contract Tower,0,10,11,0,21,0,2,31,0,33,0,12,42,0,54,22,0,22,76
03/02/2013,HVN,CT,ANE,EN,Federal Contract Tower,0,8,7,0,15,0,0,56,2,58,0,8,63,2,73,100,0,100,173
03/03/2013,HVN,CT,ANE,EN,Federal Contract Tower,0,11,9,0,20,0,0,50,1,51,0,11,59,1,71,76,0,76,147
03/04/2013,HVN,CT,ANE,EN,Federal Contract Tower,0,8,10,0,18,0,0,27,0,27,0,8,37,0,45,36,0,36,81
03/05/2013,HVN,CT,ANE,EN,Federal Contract Tower,0,9,10,0,19,0,0,62,0,62,0,9,72,0,81,114,0,114,195
03/06/2013,HVN,CT,ANE,EN,Federal Contract Tower,0,6,4,0,10,0,0,0,0,0,0,6,4,0,10,0,0,0,10
03/07/2013,HVN,CT,ANE,EN,Federal Contract Tower,0,8,0,0,8,0,0,0,0,0,0,8,0,0,8,0,0,0,8
03/08/2013,HVN,CT,ANE,EN,Federal Contract Tower,0,7,2,0,9,0,0,0,0,0,0,7,2,0,9,0,0,0,9
03/09/2013,HVN,CT,ANE,EN,Federal Contract Tower,0,11,12,0,23,0,0,43,1,44,0,11,55,1,67,42,2,44,111
03/10/2013,HVN,CT,ANE,EN,Federal Contract Tower,0,12,0,0,12,0,0,63,2,65,0,12,63,2,77,126,0,126,203
03/11/2013,HVN,CT,ANE,EN,Federal Contract Tower,0,10,20,0,30,0,0,22,0,22,0,10,42,0,52,66,0,66,118
03/12/2013,HVN,CT,ANE,EN,Federal Contract Tower,0,8,10,0,18,0,0,0,0,0,0,8,10,0,18,0,0,0,18
03/13/2013,HVN,CT,ANE,EN,Federal Contract Tower,0,10,6,0,16,0,0,26,0,26,0,10,32,0,42,102,0,102,144
03/14/2013,HVN,CT,ANE,EN,Federal Contract Tower,0,8,11,0,19,0,0,13,0,13,0,8,24,0,32,0,0,0,32
03/15/2013,HVN,CT,ANE,EN,Federal Contract Tower,0,11,7,0,18,0,0,21,0,21,0,11,28,0,39,44,0,44,83
03/16/2013,HVN,CT,ANE,EN,Federal Contract Tower,0,8,8,0,16,0,0,16,0,16,0,8,24,0,32,22,0,22,54
03/17/2013,HVN,CT,ANE,EN,Federal Contract Tower,0,17,21,0,38,0,0,46,0,46,0,17,67,0,84,68,0,68,152
03/18/2013,HVN,CT,ANE,EN,Federal Contract Tower,0,10,6,0,16,0,0,8,1,9,0,10,14,1,25,52,6,58,83
03/19/2013,HVN,CT,ANE,EN,Federal Contract Tower,0,11,6,0,17,0,0,0,0,0,0,11,6,0,17,0,0,0,17
03/20/2013,HVN,CT,ANE,EN,Federal Contract Tower,0,15,4,0,19,0,2,12,0,14,0,17,16,0,33,10,0,10,43
03/21/2013,HVN,CT,ANE,EN,Federal Contract Tower,0,8,9,0,17,0,0,4,0,4,0,8,13,0,21,4,0,4,25
03/22/2013,HVN,CT,ANE,EN,Federal Contract Tower,0,7,4,0,11,0,0,30,0,30,0,7,34,0,41,36,0,36,77
03/23/2013,HVN,CT,ANE,EN,Federal Contract Tower,0,10,5,0,15,0,0,26,0,26,0,10,31,0,41,36,0,36,77
03/24/2013,HVN,CT,ANE,EN,Federal Contract Tower,0,17,14,0,31,0,0,53,0,53,0,17,67,0,84,62,0,62,146
03/25/2013,HVN,CT,ANE,EN,Federal Contract Tower,0,12,0,0,12,0,0,3,0,3,0,12,3,0,15,0,0,0,15
03/26/2013,HVN,CT,ANE,EN,Federal Contract Tower,0,16,12,0,28,0,0,32,0,32,0,16,44,0,60,24,0,24,84
03/27/2013,HVN,CT,ANE,EN,Federal Contract Tower,0,10,13,0,23,0,2,25,0,27,0,12,38,0,50,20,0,20,70
03/28/2013,HVN,CT,ANE,EN,Federal Contract Tower,0,19,17,0,36,0,0,13,0,13,0,19,30,0,49,40,0,40,89
03/29/2013,HVN,CT,ANE,EN,Federal Contract Tower,0,9,6,1,16,0,0,48,0,48,0,9,54,1,64,58,2,60,124
03/30/2013,HVN,CT,ANE,EN,Federal Contract Tower,0,12,10,0,22,0,0,63,0,63,0,12,73,0,85,56,0,56,141
03/31/2013,HVN,CT,ANE,EN,Federal Contract Tower,0,13,3,1,17,0,0,18,0,18,0,13,21,1,35,26,2,28,63
04/01/2013,HVN,CT,ANE,EN,Federal Contract Tower,0,14,9,0,23,0,0,13,0,13,0,14,22,0,36,8,4,12,48
04/02/2013,HVN,CT,ANE,EN,Federal Contract Tower,0,13,24,0,37,0,0,12,0,12,0,13,36,0,49,16,0,16,65
04/03/2013,HVN,CT,ANE,EN,Federal Contract Tower,0,10,1,1,12,0,0,20,2,22,0,10,21,3,34,0,0,0,34
04/04/2013,HVN,CT,ANE,EN,Federal Contract Tower,0,15,14,2,31,0,0,64,0,64,0,15,78,2,95,62,2,64,159
04/05/2013,HVN,CT,ANE,EN,Federal Contract Tower,0,16,10,0,26,0,0,24,0,24,0,16,34,0,50,66,0,66,116
04/06/2013,HVN,CT,ANE,EN,Federal Contract Tower,0,15,12,0,27,0,0,81,0,81,0,15,93,0,108,62,0,62,170
04/07/2013,HVN,CT,ANE,EN,Federal Contract Tower,0,12,10,0,22,0,0,26,0,26,0,12,36,0,48,54,0,54,102
04/08/2013,HVN,CT,ANE,EN,Federal Contract Tower,0,12,11,0,23,0,2,24,0,26,0,14,35,0,49,10,0,10,59
04/09/2013,HVN,CT,ANE,EN,Federal Contract Tower,0,14,4,0,18,0,0,27,0,27,0,14,31,0,45,20,0,20,65
04/10/2013,HVN,CT,ANE,EN,Federal Contract Tower,0,12,19,0,31,0,0,18,0,18,0,12,37,0,49,42,0,42,91
04/11/2013,HVN,CT,ANE,EN,Federal Contract Tower,0,10,23,0,33,0,0,12,0,12,0,10,35,0,45,24,0,24,69
04/12/2013,HVN,CT,ANE,EN,Federal Contract Tower,0,7,14,0,21,0,0,0,0,0,0,7,14,0,21,0,0,0,21
04/13/2013,HVN,CT,ANE,EN,Federal Contract Tower,0,11,13,2,26,0,1,28,0,29,0,12,41,2,55,46,4,50,105
04/14/2013,HVN,CT,ANE,EN,Federal Contract Tower,0,22,13,0,35,0,0,47,2,49,0,22,60,2,84,128,0,128,212
04/15/2013,HVN,CT,ANE,EN,Federal Contract Tower,0,10,8,0,18,0,0,31,0,31,0,10,39,0,49,70,0,70,119
04/16/2013,HVN,CT,ANE,EN,Federal Contract Tower,0,5,23,0,28,0,0,37,0,37,0,5,60,0,65,44,0,44,109
04/17/2013,HVN,CT,ANE,EN,Federal Contract Tower,0,8,28,0,36,0,0,39,0,39,0,8,67,0,75,50,0,50,125
04/18/2013,HVN,CT,ANE,EN,Federal Contract Tower,0,11,12,0,23,0,0,24,0,24,0,11,36,0,47,0,0,0,47
04/19/2013,HVN,CT,ANE,EN,Federal Contract Tower,0,9,8,0,17,0,0,0,0,0,0,9,8,0,17,0,0,0,17
04/20/2013,HVN,CT,ANE,EN,Federal Contract Tower,0,10,6,0,16,0,0,29,0,29,0,10,35,0,45,22,0,22,67
04/21/2013,HVN,CT,ANE,EN,Federal Contract Tower,0,16,9,0,25,0,1,54,0,55,0,17,63,0,80,92,0,92,172
04/22/2013,HVN,CT,ANE,EN,Federal Contract Tower,0,17,21,0,38,0,0,18,0,18,0,17,39,0,56,10,0,10,66
04/23/2013,HVN,CT,ANE,EN,Federal Contract Tower,0,14,21,0,35,0,3,2,0,5,0,17,23,0,40,10,0,10,50
04/24/2013,HVN,CT,ANE,EN,Federal Contract Tower,0,14,11,0,25,0,0,29,0,29,0,14,40,0,54,84,2,86,140
04/25/2013,HVN,CT,ANE,EN,Federal Contract Tower,0,7,11,0,18,0,0,24,0,24,0,7,35,0,42,76,0,76,118
04/26/2013,HVN,CT,ANE,EN,Federal Contract Tower,0,13,18,0,31,0,0,41,0,41,0,13,59,0,72,66,0,66,138
04/27/2013,HVN,CT,ANE,EN,Federal Contract Tower,0,10,5,0,15,0,0,50,2,52,0,10,55,2,67,74,0,74,141
04/28/2013,HVN,CT,ANE,EN,Federal Contract Tower,0,15,15,0,30,0,0,51,0,51,0,15,66,0,81,44,0,44,125
04/29/2013,HVN,CT,ANE,EN,Federal Contract Tower,0,11,13,0,24,0,2,22,0,24,0,13,35,0,48,22,0,22,70
04/30/2013,HVN,CT,ANE,EN,Federal Contract Tower,0,17,10,0,27,0,0,26,0,26,0,17,36,0,53,60,0,60,113
05/01/2013,HVN,CT,ANE,EN,Federal Contract Tower,0,11,17,0,28,0,1,32,0,33,0,12,49,0,61,54,0,54,115
05/02/2013,HVN,CT,ANE,EN,Federal Contract Tower,0,12,19,0,31,0,0,27,0,27,0,12,46,0,58,6,0,6,64
05/03/2013,HVN,CT,ANE,EN,Federal Contract Tower,0,13,9,0,22,0,0,39,5,44,0,13,48,5,66,52,0,52,118
05/04/2013,HVN,CT,ANE,EN,Federal Contract Tower,0,8,22,0,30,0,2,53,0,55,0,10,75,0,85,44,0,44,129
05/05/2013,HVN,CT,ANE,EN,Federal Contract Tower,0,14,23,0,37,0,0,50,0,50,0,14,73,0,87,100,0,100,187
05/06/2013,HVN,CT,ANE,EN,Federal Contract Tower,0,9,16,0,25,0,0,33,0,33,0,9,49,0,58,72,0,72,130
05/07/2013,HVN,CT,ANE,EN,Federal Contract Tower,0,8,11,0,19,0,0,41,0,41,0,8,52,0,60,58,0,58,118
05/08/2013,HVN,CT,ANE,EN,Federal Contract Tower,0,6,28,0,34,0,0,2,0,2,0,6,30,0,36,0,0,0,36
05/09/2013,HVN,CT,ANE,EN,Federal Contract Tower,0,11,4,0,15,0,0,0,0,0,0,11,4,0,15,2,0,2,17
05/10/2013,HVN,CT,ANE,EN,Federal Contract Tower,0,11,10,2,23,0,0,29,0,29,0,11,39,2,52,26,0,26,78
05/11/2013,HVN,CT,ANE,EN,Federal Contract Tower,0,7,6,0,13,0,0,4,0,4,0,7,10,0,17,16,0,16,33
05/12/2013,HVN,CT,ANE,EN,Federal Contract Tower,0,13,11,0,24,0,0,20,8,28,0,13,31,8,52,4,0,4,56
05/13/2013,HVN,CT,ANE,EN,Federal Contract Tower,0,6,12,0,18,0,0,20,6,26,0,6,32,6,44,30,2,32,76
05/14/2013,HVN,CT,ANE,EN,Federal Contract Tower,0,9,7,0,16,0,1,39,0,40,0,10,46,0,56,44,0,44,100
05/15/2013,HVN,CT,ANE,EN,Federal Contract Tower,0,8,15,0,23,0,0,29,0,29,0,8,44,0,52,28,0,28,80
05/16/2013,HVN,CT,ANE,EN,Federal Contract Tower,0,9,18,2,29,0,0,37,0,37,0,9,55,2,66,42,0,42,108
05/17/2013,HVN,CT,ANE,EN,Federal Contract Tower,0,19,17,0,36,0,0,43,0,43,0,19,60,0,79,50,0,50,129
05/18/2013,HVN,CT,ANE,EN,Federal Contract Tower,0,10,12,0,22,0,0,38,1,39,0,10,50,1,61,94,4,98,159
05/19/2013,HVN,CT,ANE,EN,Federal Contract Tower,0,13,20,0,33,0,0,9,0,9,0,13,29,0,42,6,0,6,48
05/20/2013,HVN,CT,ANE,EN,Federal Contract Tower,0,9,24,0,33,0,0,12,0,12,0,9,36,0,45,0,0,0,45
05/21/2013,HVN,CT,ANE,EN,Federal Contract Tower,0,13,13,0,26,0,0,22,2,24,0,13,35,2,50,40,0,40,90
05/22/2013,HVN,CT,ANE,EN,Federal Contract Tower,0,8,15,0,23,0,0,0,0,0,0,8,15,0,23,0,0,0,23
05/23/2013,HVN,CT,ANE,EN,Federal Contract Tower,0,14,26,0,40,0,0,5,0,5,0,14,31,0,45,18,0,18,63
05/24/2013,HVN,CT,ANE,EN,Federal Contract Tower,0,8,24,0,32,0,0,4,0,4,0,8,28,0,36,6,0,6,42
05/25/2013,HVN,CT,ANE,EN,Federal Contract Tower,0,6,9,0,15,0,0,6,0,6,0,6,15,0,21,6,0,6,27
05/26/2013,HVN,CT,ANE,EN,Federal Contract Tower,0,7,3,0,10,0,0,24,0,24,0,7,27,0,34,10,0,10,44
05/27/2013,HVN,CT,ANE,EN,Federal Contract Tower,0,8,8,0,16,0,0,78,0,78,0,8,86,0,94,126,0,126,220
05/28/2013,HVN,CT,ANE,EN,Federal Contract Tower,0,13,13,0,26,0,0,38,0,38,0,13,51,0,64,60,0,60,124
05/29/2013,HVN,CT,ANE,EN,Federal Contract Tower,0,14,14,0,28,0,0,16,0,16,0,14,30,0,44,10,0,10,54
05/30/2013,HVN,CT,ANE,EN,Federal Contract Tower,0,12,11,0,23,0,0,49,0,49,0,12,60,0,72,34,0,34,106
05/31/2013,HVN,CT,ANE,EN,Federal Contract Tower,0,11,14,0,25,0,0,43,0,43,0,11,57,0,68,128,0,128,196
06/01/2013,HVN,CT,ANE,EN,Federal Contract Tower,0,9,10,0,19,0,3,60,1,64,0,12,70,1,83,72,0,72,155
06/02/2013,HVN,CT,ANE,EN,Federal Contract Tower,0,8,16,0,24,0,0,72,0,72,0,8,88,0,96,78,0,78,174
06/03/2013,HVN,CT,ANE,EN,Federal Contract Tower,0,6,10,1,17,0,0,3,0,3,0,6,13,1,20,10,0,10,30
06/04/2013,HVN,CT,ANE,EN,Federal Contract Tower,0,5,11,0,16,0,0,47,0,47,0,5,58,0,63,70,0,70,133
06/05/2013,HVN,CT,ANE,EN,Federal Contract Tower,0,8,10,0,18,0,0,57,0,57,0,8,67,0,75,82,26,108,183
06/06/2013,HVN,CT,ANE,EN,Federal Contract Tower,0,10,18,0,28,0,0,18,0,18,0,10,36,0,46,34,0,34,80
06/07/2013,HVN,CT,ANE,EN,Federal Contract Tower,0,11,14,0,25,0,0,2,0,2,0,11,16,0,27,0,0,0,27
06/08/2013,HVN,CT,ANE,EN,Federal Contract Tower,0,6,7,0,13,0,0,20,0,20,0,6,27,0,33,16,0,16,49
06/09/2013,HVN,CT,ANE,EN,Federal Contract Tower,0,12,9,0,21,0,0,76,0,76,0,12,85,0,97,154,0,154,251
06/10/2013,HVN,CT,ANE,EN,Federal Contract Tower,0,3,5,0,8,0,0,3,0,3,0,3,8,0,11,0,0,0,11
06/11/2013,HVN,CT,ANE,EN,Federal Contract Tower,0,7,9,0,16,0,0,7,0,7,0,7,16,0,23,12,0,12,35
06/12/2013,HVN,CT,ANE,EN,Federal Contract Tower,0,10,7,0,17,0,4,39,0,43,0,14,46,0,60,30,0,30,90
06/13/2013,HVN,CT,ANE,EN,Federal Contract Tower,0,6,13,0,19,0,2,6,0,8,0,8,19,0,27,0,0,0,27
06/14/2013,HVN,CT,ANE,EN,Federal Contract Tower,0,7,9,0,16,0,0,29,0,29,0,7,38,0,45,50,0,50,95
06/15/2013,HVN,CT,ANE,EN,Federal Contract Tower,0,6,13,0,19,0,0,87,0,87,0,6,100,0,106,42,0,42,148
06/16/2013,HVN,CT,ANE,EN,Federal Contract Tower,0,9,8,0,17,0,0,64,2,66,0,9,72,2,83,58,0,58,141
06/17/2013,HVN,CT,ANE,EN,Federal Contract Tower,0,12,13,0,25,0,0,44,0,44,0,12,57,0,69,92,2,94,163
06/18/2013,HVN,CT,ANE,EN,Federal Contract Tower,0,10,17,0,27,0,0,21,0,21,0,10,38,0,48,56,0,56,104
06/19/2013,HVN,CT,ANE,EN,Federal Contract Tower,0,21,10,0,31,0,0,35,0,35,0,21,45,0,66,76,0,76,142
06/20/2013,HVN,CT,ANE,EN,Federal Contract Tower,0,12,14,0,26,0,0,75,0,75,0,12,89,0,101,94,0,94,195
06/21/2013,HVN,CT,ANE,EN,Federal Contract Tower,0,9,9,0,18,0,1,58,4,63,0,10,67,4,81,90,14,104,185
06/22/2013,HVN,CT,ANE,EN,Federal Contract Tower,0,10,12,0,22,0,0,50,0,50,0,10,62,0,72,34,0,34,106
06/23/2013,HVN,CT,ANE,EN,Federal Contract Tower,0,6,7,0,13,0,0,48,0,48,0,6,55,0,61,46,0,46,107
06/24/2013,HVN,CT,ANE,EN,Federal Contract Tower,0,8,10,0,18,0,1,15,0,16,0,9,25,0,34,24,0,24,58
06/25/2013,HVN,CT,ANE,EN,Federal Contract Tower,0,9,17,0,26,0,0,34,0,34,0,9,51,0,60,12,0,12,72
06/26/2013,HVN,CT,ANE,EN,Federal Contract Tower,0,10,12,0,22,0,0,20,0,20,0,10,32,0,42,32,4,36,78
06/27/2013,HVN,CT,ANE,EN,Federal Contract Tower,0,7,19,2,28,0,0,0,0,0,0,7,19,2,28,0,2,2,30
06/28/2013,HVN,CT,ANE,EN,Federal Contract Tower,0,7,7,0,14,0,0,29,0,29,0,7,36,0,43,60,0,60,103
06/29/2013,HVN,CT,ANE,EN,Federal Contract Tower,0,16,4,0,20,0,0,40,9,49,0,16,44,9,69,44,4,48,117
06/30/2013,HVN,CT,ANE,EN,Federal Contract Tower,0,13,11,0,24,0,0,0,0,0,0,13,11,0,24,0,0,0,24
07/01/2013,HVN,CT,ANE,EN,Federal Contract Tower,0,6,8,0,14,0,0,0,0,0,0,6,8,0,14,0,0,0,14
07/02/2013,HVN,CT,ANE,EN,Federal Contract Tower,0,8,16,0,24,0,0,7,0,7,0,8,23,0,31,12,2,14,45
07/03/2013,HVN,CT,ANE,EN,Federal Contract Tower,0,7,15,0,22,0,0,40,0,40,0,7,55,0,62,72,0,72,134
07/04/2013,HVN,CT,ANE,EN,Federal Contract Tower,0,8,0,2,10,0,0,24,3,27,0,8,24,5,37,30,0,30,67
07/05/2013,HVN,CT,ANE,EN,Federal Contract Tower,0,11,5,0,16,0,0,39,0,39,0,11,44,0,55,38,0,38,93
07/06/2013,HVN,CT,ANE,EN,Federal Contract Tower,0,6,8,0,14,0,0,48,0,48,0,6,56,0,62,40,0,40,102
07/07/2013,HVN,CT,ANE,EN,Federal Contract Tower,0,13,5,0,18,0,0,30,0,30,0,13,35,0,48,14,8,22,70
07/08/2013,HVN,CT,ANE,EN,Federal Contract Tower,0,6,8,0,14,0,0,28,0,28,0,6,36,0,42,32,0,32,74
07/09/2013,HVN,CT,ANE,EN,Federal Contract Tower,0,9,6,0,15,0,6,21,0,27,0,15,27,0,42,26,0,26,68
07/10/2013,HVN,CT,ANE,EN,Federal Contract Tower,0,6,21,0,27,0,0,24,0,24,0,6,45,0,51,58,0,58,109
07/11/2013,HVN,CT,ANE,EN,Federal Contract Tower,0,16,15,0,31,0,0,17,0,17,0,16,32,0,48,30,0,30,78
07/12/2013,HVN,CT,ANE,EN,Federal Contract Tower,0,17,9,1,27,0,2,32,0,34,0,19,41,1,61,74,0,74,135
07/13/2013,HVN,CT,ANE,EN,Federal Contract Tower,0,10,18,0,28,0,0,0,0,0,0,10,18,0,28,0,0,0,28
07/14/2013,HVN,CT,ANE,EN,Federal Contract Tower,0,13,17,0,30,0,0,71,1,72,0,13,88,1,102,92,0,92,194
07/15/2013,HVN,CT,ANE,EN,Federal Contract Tower,0,19,6,0,25,0,0,47,0,47,0,19,53,0,72,28,0,28,100
07/16/2013,HVN,CT,ANE,EN,Federal Contract Tower,0,15,13,1,29,0,4,47,0,51,0,19,60,1,80,44,0,44,124
07/17/2013,HVN,CT,ANE,EN,Federal Contract Tower,0,10,8,0,18,0,1,61,0,62,0,11,69,0,80,70,0,70,150
07/18/2013,HVN,CT,ANE,EN,Federal Contract Tower,0,10,10,3,23,0,0,52,0,52,0,10,62,3,75,42,8,50,125
07/19/2013,HVN,CT,ANE,EN,Federal Contract Tower,0,15,17,0,32,0,0,33,0,33,0,15,50,0,65,26,0,26,91
07/20/2013,HVN,CT,ANE,EN,Federal Contract Tower,0,9,7,0,16,0,0,20,0,20,0,9,27,0,36,16,0,16,52
07/21/2013,HVN,CT,ANE,EN,Federal Contract Tower,0,8,13,0,21,0,12,62,0,74,0,20,75,0,95,98,0,98,193
07/22/2013,HVN,CT,ANE,EN,Federal Contract Tower,0,11,25,0,36,0,0,4,0,4,0,11,29,0,40,0,0,0,40
07/23/2013,HVN,CT,ANE,EN,Federal Contract Tower,0,10,13,0,23,0,0,7,0,7,0,10,20,0,30,0,0,0,30
07/24/2013,HVN,CT,ANE,EN,Federal Contract Tower,0,12,10,2,24,0,0,48,0,48,0,12,58,2,72,64,12,76,148
07/25/2013,HVN,CT,ANE,EN,Federal Contract Tower,0,7,21,1,29,0,0,9,0,9,0,7,30,1,38,4,0,4,42
07/26/2013,HVN,CT,ANE,EN,Federal Contract Tower,0,14,11,0,25,0,0,24,0,24,0,14,35,0,49,40,0,40,89
07/27/2013,HVN,CT,ANE,EN,Federal Contract Tower,0,7,6,0,13,0,0,62,2,64,0,7,68,2,77,88,0,88,165
07/28/2013,HVN,CT,ANE,EN,Federal Contract Tower,0,10,12,0,22,0,0,33,0,33,0,10,45,0,55,52,0,52,107
07/29/2013,HVN,CT,ANE,EN,Federal Contract Tower,0,11,8,0,19,0,0,26,0,26,0,11,34,0,45,40,0,40,85
07/30/2013,HVN,CT,ANE,EN,Federal Contract Tower,0,13,15,0,28,0,0,55,2,57,0,13,70,2,85,68,0,68,153
07/31/2013,HVN,CT,ANE,EN,Federal Contract Tower,0,15,13,0,28,0,1,59,0,60,0,16,72,0,88,72,0,72,160
08/01/2013,HVN,CT,ANE,EN,Federal Contract Tower,0,13,12,0,25,0,1,20,0,21,0,14,32,0,46,34,0,34,80
08/02/2013,HVN,CT,ANE,EN,Federal Contract Tower,0,17,9,0,26,0,1,43,0,44,0,18,52,0,70,36,0,36,106
08/03/2013,HVN,CT,ANE,EN,Federal Contract Tower,0,12,2,0,14,0,8,45,0,53,0,20,47,0,67,34,0,34,101
08/04/2013,HVN,CT,ANE,EN,Federal Contract Tower,0,6,9,0,15,0,0,68,0,68,0,6,77,0,83,42,0,42,125
08/05/2013,HVN,CT,ANE,EN,Federal Contract Tower,0,9,17,0,26,0,0,55,0,55,0,9,72,0,81,18,0,18,99
08/06/2013,HVN,CT,ANE,EN,Federal Contract Tower,0,9,4,0,13,0,8,58,2,68,0,17,62,2,81,88,0,88,169
08/07/2013,HVN,CT,ANE,EN,Federal Contract Tower,0,6,11,0,17,0,1,35,0,36,0,7,46,0,53,90,0,90,143
08/08/2013,HVN,CT,ANE,EN,Federal Contract Tower,0,17,16,0,33,0,2,5,0,7,0,19,21,0,40,0,0,0,40
08/09/2013,HVN,CT,ANE,EN,Federal Contract Tower,0,8,4,0,12,0,0,0,0,0,0,8,4,0,12,0,0,0,12
08/10/2013,HVN,CT,ANE,EN,Federal Contract Tower,0,13,5,0,18,0,4,49,0,53,0,17,54,0,71,74,0,74,145
08/11/2013,HVN,CT,ANE,EN,Federal Contract Tower,0,16,5,0,21,0,0,83,0,83,0,16,88,0,104,98,0,98,202
08/12/2013,HVN,CT,ANE,EN,Federal Contract Tower,0,8,6,0,14,0,7,84,0,91,0,15,90,0,105,126,0,126,231
08/13/2013,HVN,CT,ANE,EN,Federal Contract Tower,0,11,7,0,18,0,0,5,0,5,0,11,12,0,23,0,0,0,23
08/14/2013,HVN,CT,ANE,EN,Federal Contract Tower,0,11,14,0,25,0,2,41,0,43,0,13,55,0,68,24,0,24,92
08/15/2013,HVN,CT,ANE,EN,Federal Contract Tower,0,9,21,0,30,0,1,58,0,59,0,10,79,0,89,96,0,96,185
08/16/2013,HVN,CT,ANE,EN,Federal Contract Tower,0,10,5,0,15,0,1,56,0,57,0,11,61,0,72,24,0,24,96
08/17/2013,HVN,CT,ANE,EN,Federal Contract Tower,0,8,15,0,23,0,0,62,0,62,0,8,77,0,85,58,0,58,143
08/18/2013,HVN,CT,ANE,EN,Federal Contract Tower,0,10,6,0,16,0,0,50,1,51,0,10,56,1,67,56,0,56,123
08/19/2013,HVN,CT,ANE,EN,Federal Contract Tower,0,8,8,2,18,0,4,52,0,56,0,12,60,2,74,44,4,48,122
08/20/2013,HVN,CT,ANE,EN,Federal Contract Tower,0,7,11,0,18,0,0,59,0,59,0,7,70,0,77,44,0,44,121
08/21/2013,HVN,CT,ANE,EN,Federal Contract Tower,0,14,7,0,21,0,0,45,3,48,0,14,52,3,69,38,0,38,107
08/22/2013,HVN,CT,ANE,EN,Federal Contract Tower,0,15,27,0,42,0,3,8,0,11,0,18,35,0,53,0,0,0,53
08/23/2013,HVN,CT,ANE,EN,Federal Contract Tower,0,15,10,0,25,0,3,46,0,49,0,18,56,0,74,56,0,56,130
08/24/2013,HVN,CT,ANE,EN,Federal Contract Tower,0,17,12,0,29,0,0,60,0,60,0,17,72,0,89,126,0,126,215
08/25/2013,HVN,CT,ANE,EN,Federal Contract Tower,0,14,7,0,21,0,2,52,2,56,0,16,59,2,77,96,0,96,173
08/26/2013,HVN,CT,ANE,EN,Federal Contract Tower,0,8,4,0,12,0,1,48,0,49,0,9,52,0,61,20,2,22,83
08/27/2013,HVN,CT,ANE,EN,Federal Contract Tower,0,8,12,0,20,0,0,19,0,19,0,8,31,0,39,16,0,16,55
08/28/2013,HVN,CT,ANE,EN,Federal Contract Tower,0,18,5,0,23,0,1,28,0,29,0,19,33,0,52,38,0,38,90
08/29/2013,HVN,CT,ANE,EN,Federal Contract Tower,0,15,11,0,26,0,1,20,0,21,0,16,31,0,47,22,2,24,71
08/30/2013,HVN,CT,ANE,EN,Federal Contract Tower,0,11,14,0,25,0,1,32,0,33,0,12,46,0,58,48,0,48,106
08/31/2013,HVN,CT,ANE,EN,Federal Contract Tower,0,6,8,0,14,0,0,40,0,40,0,6,48,0,54,28,0,28,82
09/01/2013,HVN,CT,ANE,EN,Federal Contract Tower,0,10,11,0,21,0,1,11,0,12,0,11,22,0,33,14,0,14,47
09/02/2013,HVN,CT,ANE,EN,Federal Contract Tower,0,14,14,0,28,0,0,0,0,0,0,14,14,0,28,0,0,0,28
09/03/2013,HVN,CT,ANE,EN,Federal Contract Tower,0,9,12,0,21,0,1,14,0,15,0,10,26,0,36,16,0,16,52
09/04/2013,HVN,CT,ANE,EN,Federal Contract Tower,0,12,11,0,23,0,4,47,0,51,0,16,58,0,74,86,0,86,160
09/05/2013,HVN,CT,ANE,EN,Federal Contract Tower,0,8,6,0,14,0,3,42,0,45,0,11,48,0,59,20,0,20,79
09/06/2013,HVN,CT,ANE,EN,Federal Contract Tower,0,17,2,0,19,0,1,74,3,78,0,18,76,3,97,86,0,86,183
09/07/2013,HVN,CT,ANE,EN,Federal Contract Tower,0,4,12,2,18,0,0,50,0,50,0,4,62,2,68,122,0,122,190
09/08/2013,HVN,CT,ANE,EN,Federal Contract Tower,0,10,2,1,13,0,1,52,0,53,0,11,54,1,66,48,0,48,114
09/09/2013,HVN,CT,ANE,EN,Federal Contract Tower,0,10,12,6,28,0,0,41,0,41,0,10,53,6,69,30,4,34,103
09/10/2013,HVN,CT,ANE,EN,Federal Contract Tower,0,6,27,0,33,0,0,10,0,10,0,6,37,0,43,28,0,28,71
09/11/2013,HVN,CT,ANE,EN,Federal Contract Tower,0,13,7,0,20,0,0,25,2,27,0,13,32,2,47,20,0,20,67
09/12/2013,HVN,CT,ANE,EN,Federal Contract Tower,0,12,16,0,28,0,3,4,0,7,0,15,20,0,35,0,0,0,35
09/13/2013,HVN,CT,ANE,EN,Federal Contract Tower,0,17,5,0,22,0,0,37,0,37,0,17,42,0,59,54,0,54,113
09/14/2013,HVN,CT,ANE,EN,Federal Contract Tower,0,13,8,0,21,0,0,60,1,61,0,13,68,1,82,146,0,146,228
09/15/2013,HVN,CT,ANE,EN,Federal Contract Tower,0,7,9,1,17,0,1,84,4,89,0,8,93,5,106,94,0,94,200
09/16/2013,HVN,CT,ANE,EN,Federal Contract Tower,0,14,16,1,31,0,1,27,2,30,0,15,43,3,61,28,2,30,91
09/17/2013,HVN,CT,ANE,EN,Federal Contract Tower,0,7,13,0,20,0,1,37,0,38,0,8,50,0,58,32,0,32,90
09/18/2013,HVN,CT,ANE,EN,Federal Contract Tower,0,21,5,0,26,0,0,48,0,48,0,21,53,0,74,44,0,44,118
09/19/2013,HVN,CT,ANE,EN,Federal Contract Tower,0,9,10,0,19,0,1,70,0,71,0,10,80,0,90,54,0,54,144
09/20/2013,HVN,CT,ANE,EN,Federal Contract Tower,0,12,8,0,20,0,8,34,0,42,0,20,42,0,62,92,0,92,154
09/21/2013,HVN,CT,ANE,EN,Federal Contract Tower,0,6,5,1,12,0,2,19,1,22,0,8,24,2,34,76,0,76,110
09/22/2013,HVN,CT,ANE,EN,Federal Contract Tower,0,10,7,0,17,0,2,30,0,32,0,12,37,0,49,46,0,46,95
09/23/2013,HVN,CT,ANE,EN,Federal Contract Tower,0,8,9,0,17,0,6,42,0,48,0,14,51,0,65,38,0,38,103
09/24/2013,HVN,CT,ANE,EN,Federal Contract Tower,0,8,10,0,18,0,0,44,0,44,0,8,54,0,62,50,0,50,112
09/25/2013,HVN,CT,ANE,EN,Federal Contract Tower,0,14,21,0,35,0,0,44,0,44,0,14,65,0,79,22,0,22,101
09/26/2013,HVN,CT,ANE,EN,Federal Contract Tower,0,12,14,0,26,0,2,25,0,27,0,14,39,0,53,18,0,18,71
09/27/2013,HVN,CT,ANE,EN,Federal Contract Tower,0,15,15,0,30,0,0,55,0,55,0,15,70,0,85,92,0,92,177
09/28/2013,HVN,CT,ANE,EN,Federal Contract Tower,0,9,8,0,17,0,0,54,0,54,0,9,62,0,71,90,6,96,167
09/29/2013,HVN,CT,ANE,EN,Federal Contract Tower,0,17,23,0,40,0,0,54,0,54,0,17,77,0,94,66,2,68,162
09/30/2013,HVN,CT,ANE,EN,Federal Contract Tower,0,9,12,0,21,0,2,49,2,53,0,11,61,2,74,74,0,74,148
10/01/2013,HVN,CT,ANE,EN,Federal Contract Tower,0,13,13,0,26,0,0,50,0,50,0,13,63,0,76,60,0,60,136
10/02/2013,HVN,CT,ANE,EN,Federal Contract Tower,0,15,8,0,23,0,0,38,0,38,0,15,46,0,61,80,0,80,141
10/03/2013,HVN,CT,ANE,EN,Federal Contract Tower,0,13,11,0,24,0,0,38,0,38,0,13,49,0,62,44,0,44,106
10/04/2013,HVN,CT,ANE,EN,Federal Contract Tower,0,21,14,0,35,0,0,32,0,32,0,21,46,0,67,72,0,72,139
10/05/2013,HVN,CT,ANE,EN,Federal Contract Tower,0,10,6,0,16,0,0,20,0,20,0,10,26,0,36,76,0,76,112
10/06/2013,HVN,CT,ANE,EN,Federal Contract Tower,0,10,9,0,19,0,0,1,0,1,0,10,10,0,20,0,0,0,20
10/07/2013,HVN,CT,ANE,EN,Federal Contract Tower,0,10,14,0,24,0,0,0,0,0,0,10,14,0,24,0,0,0,24
10/08/2013,HVN,CT,ANE,EN,Federal Contract Tower,0,11,11,0,22,0,0,32,0,32,0,11,43,0,54,42,0,42,96
10/09/2013,HVN,CT,ANE,EN,Federal Contract Tower,0,14,27,0,41,0,1,45,0,46,0,15,72,0,87,38,0,38,125
10/10/2013,HVN,CT,ANE,EN,Federal Contract Tower,0,12,23,0,35,0,0,8,0,8,0,12,31,0,43,2,0,2,45
10/11/2013,HVN,CT,ANE,EN,Federal Contract Tower,0,10,17,0,27,0,1,16,0,17,0,11,33,0,44,6,2,8,52
10/12/2013,HVN,CT,ANE,EN,Federal Contract Tower,0,10,8,0,18,0,1,65,0,66,0,11,73,0,84,94,0,94,178
10/13/2013,HVN,CT,ANE,EN,Federal Contract Tower,0,22,16,0,38,0,2,51,0,53,0,24,67,0,91,118,0,118,209
10/14/2013,HVN,CT,ANE,EN,Federal Contract Tower,0,10,9,0,19,0,1,54,0,55,0,11,63,0,74,80,0,80,154
10/15/2013,HVN,CT,ANE,EN,Federal Contract Tower,0,8,9,0,17,0,0,60,0,60,0,8,69,0,77,66,0,66,143
10/16/2013,HVN,CT,ANE,EN,Federal Contract Tower,0,8,15,0,23,0,1,12,0,13,0,9,27,0,36,44,0,44,80
10/17/2013,HVN,CT,ANE,EN,Federal Contract Tower,0,13,16,0,29,0,1,8,0,9,0,14,24,0,38,0,0,0,38
10/18/2013,HVN,CT,ANE,EN,Federal Contract Tower,0,15,3,0,18,0,2,36,0,38,0,17,39,0,56,58,0,58,114
10/19/2013,HVN,CT,ANE,EN,Federal Contract Tower,0,9,12,0,21,0,0,68,0,68,0,9,80,0,89,250,0,250,339
10/20/2013,HVN,CT,ANE,EN,Federal Contract Tower,0,17,12,0,29,0,0,60,0,60,0,17,72,0,89,114,0,114,203
10/21/2013,HVN,CT,ANE,EN,Federal Contract Tower,0,7,13,0,20,0,2,69,0,71,0,9,82,0,91,142,0,142,233
10/22/2013,HVN,CT,ANE,EN,Federal Contract Tower,0,12,13,2,27,0,2,47,0,49,0,14,60,2,76,46,2,48,124
10/23/2013,HVN,CT,ANE,EN,Federal Contract Tower,0,14,4,0,18,0,0,25,0,25,0,14,29,0,43,48,0,48,91
10/24/2013,HVN,CT,ANE,EN,Federal Contract Tower,0,11,17,0,28,0,0,31,0,31,0,11,48,0,59,44,0,44,103
10/25/2013,HVN,CT,ANE,EN,Federal Contract Tower,0,8,9,0,17,0,0,37,4,41,0,8,46,4,58,30,0,30,88
10/26/2013,HVN,CT,ANE,EN,Federal Contract Tower,0,7,3,0,10,0,0,35,4,39,0,7,38,4,49,20,0,20,69
10/27/2013,HVN,CT,ANE,EN,Federal Contract Tower,0,12,14,0,26,0,1,56,0,57,0,13,70,0,83,74,0,74,157
10/28/2013,HVN,CT,ANE,EN,Federal Contract Tower,0,10,14,0,24,0,1,52,0,53,0,11,66,0,77,48,0,48,125
10/29/2013,HVN,CT,ANE,EN,Federal Contract Tower,0,12,19,1,32,0,0,34,1,35,0,12,53,2,67,42,2,44,111
10/30/2013,HVN,CT,ANE,EN,Federal Contract Tower,0,12,20,0,32,0,0,13,0,13,0,12,33,0,45,68,0,68,113
10/31/2013,HVN,CT,ANE,EN,Federal Contract Tower,0,8,16,0,24,0,0,3,0,3,0,8,19,0,27,2,0,2,29
11/01/2013,HVN,CT,ANE,EN,Federal Contract Tower,0,11,3,0,14,0,0,2,0,2,0,11,5,0,16,2,0,2,18
11/02/2013,HVN,CT,ANE,EN,Federal Contract Tower,0,8,11,0,19,0,0,46,0,46,0,8,57,0,65,90,0,90,155
11/03/2013,HVN,CT,ANE,EN,Federal Contract Tower,0,14,6,0,20,0,0,31,0,31,0,14,37,0,51,88,0,88,139
11/04/2013,HVN,CT,ANE,EN,Federal Contract Tower,0,14,9,0,23,0,3,49,5,57,0,17,58,5,80,50,0,50,130
11/05/2013,HVN,CT,ANE,EN,Federal Contract Tower,0,8,15,1,24,0,0,59,1,60,0,8,74,2,84,96,2,98,182
11/06/2013,HVN,CT,ANE,EN,Federal Contract Tower,0,11,6,0,17,0,0,42,0,42,0,11,48,0,59,56,0,56,115
11/07/2013,HVN,CT,ANE,EN,Federal Contract Tower,0,11,13,0,24,0,0,1,0,1,0,11,14,0,25,0,0,0,25
11/08/2013,HVN,CT,ANE,EN,Federal Contract Tower,0,16,15,0,31,0,0,23,0,23,0,16,38,0,54,36,0,36,90
11/09/2013,HVN,CT,ANE,EN,Federal Contract Tower,0,12,6,0,18,0,0,38,0,38,0,12,44,0,56,94,0,94,150
11/10/2013,HVN,CT,ANE,EN,Federal Contract Tower,0,18,15,0,33,0,0,18,0,18,0,18,33,0,51,26,0,26,77
11/11/2013,HVN,CT,ANE,EN,Federal Contract Tower,0,8,6,0,14,0,0,23,0,23,0,8,29,0,37,54,0,54,91
11/12/2013,HVN,CT,ANE,EN,Federal Contract Tower,0,19,9,0,28,0,2,9,0,11,0,21,18,0,39,2,0,2,41
11/13/2013,HVN,CT,ANE,EN,Federal Contract Tower,0,12,4,2,18,0,0,30,0,30,0,12,34,2,48,54,2,56,104
11/14/2013,HVN,CT,ANE,EN,Federal Contract Tower,0,7,14,0,21,0,2,30,0,32,0,9,44,0,53,10,0,10,63
11/15/2013,HVN,CT,ANE,EN,Federal Contract Tower,0,9,8,0,17,0,0,56,0,56,0,9,64,0,73,90,0,90,163
11/16/2013,HVN,CT,ANE,EN,Federal Contract Tower,0,12,12,0,24,0,0,51,5,56,0,12,63,5,80,140,4,144,224
11/17/2013,HVN,CT,ANE,EN,Federal Contract Tower,0,4,10,0,14,0,0,0,0,0,0,4,10,0,14,0,0,0,14
11/18/2013,HVN,CT,ANE,EN,Federal Contract Tower,0,7,11,2,20,0,6,21,0,27,0,13,32,2,47,20,18,38,85
11/19/2013,HVN,CT,ANE,EN,Federal Contract Tower,0,12,12,0,24,0,5,5,0,10,0,17,17,0,34,4,0,4,38
11/20/2013,HVN,CT,ANE,EN,Federal Contract Tower,0,14,23,0,37,0,0,37,0,37,0,14,60,0,74,38,0,38,112
11/21/2013,HVN,CT,ANE,EN,Federal Contract Tower,0,13,18,0,31,0,1,19,2,22,0,14,37,2,53,32,0,32,85
11/22/2013,HVN,CT,ANE,EN,Federal Contract Tower,0,11,15,0,26,0,2,5,0,7,0,13,20,0,33,2,0,2,35
11/23/2013,HVN,CT,ANE,EN,Federal Contract Tower,0,17,7,0,24,0,2,30,4,36,0,19,37,4,60,18,0,18,78
11/24/2013,HVN,CT,ANE,EN,Federal Contract Tower,0,17,7,0,24,0,0,2,0,2,0,17,9,0,26,0,0,0,26
11/25/2013,HVN,CT,ANE,EN,Federal Contract Tower,0,11,7,0,18,0,2,34,0,36,0,13,41,0,54,8,0,8,62
11/26/2013,HVN,CT,ANE,EN,Federal Contract Tower,0,12,17,0,29,0,1,20,0,21,0,13,37,0,50,24,0,24,74
11/27/2013,HVN,CT,ANE,EN,Federal Contract Tower,0,7,2,0,9,0,0,0,0,0,0,7,2,0,9,0,0,0,9
11/28/2013,HVN,CT,ANE,EN,Federal Contract Tower,0,5,4,0,9,0,0,4,0,4,0,5,8,0,13,2,0,2,15
11/29/2013,HVN,CT,ANE,EN,Federal Contract Tower,0,4,5,0,9,0,0,40,0,40,0,4,45,0,49,88,0,88,137
11/30/2013,HVN,CT,ANE,EN,Federal Contract Tower,0,15,11,0,26,0,0,47,2,49,0,15,58,2,75,68,0,68,143
12/01/2013,HVN,CT,ANE,EN,Federal Contract Tower,0,19,21,0,40,0,0,33,0,33,0,19,54,0,73,84,0,84,157
12/02/2013,HVN,CT,ANE,EN,Federal Contract Tower,0,12,21,0,33,0,1,19,0,20,0,13,40,0,53,18,0,18,71
12/03/2013,HVN,CT,ANE,EN,Federal Contract Tower,0,11,18,0,29,0,0,19,0,19,0,11,37,0,48,48,0,48,96
12/04/2013,HVN,CT,ANE,EN,Federal Contract Tower,0,13,20,0,33,0,0,32,2,34,0,13,52,2,67,74,8,82,149
12/05/2013,HVN,CT,ANE,EN,Federal Contract Tower,0,9,20,0,29,0,0,0,0,0,0,9,20,0,29,0,0,0,29
12/06/2013,HVN,CT,ANE,EN,Federal Contract Tower,0,4,8,0,12,0,1,5,0,6,0,5,13,0,18,0,0,0,18
12/07/2013,HVN,CT,ANE,EN,Federal Contract Tower,0,8,11,0,19,0,2,24,0,26,0,10,35,0,45,70,0,70,115
12/08/2013,HVN,CT,ANE,EN,Federal Contract Tower,0,5,4,0,9,0,0,50,4,54,0,5,54,4,63,72,0,72,135
12/09/2013,HVN,CT,ANE,EN,Federal Contract Tower,0,8,12,0,20,0,0,0,0,0,0,8,12,0,20,0,0,0,20
12/10/2013,HVN,CT,ANE,EN,Federal Contract Tower,0,6,9,0,15,0,1,1,0,2,0,7,10,0,17,0,0,0,17
12/11/2013,HVN,CT,ANE,EN,Federal Contract Tower,0,11,12,0,23,0,1,37,2,40,0,12,49,2,63,18,0,18,81
12/12/2013,HVN,CT,ANE,EN,Federal Contract Tower,0,8,18,0,26,0,0,29,0,29,0,8,47,0,55,52,0,52,107
12/13/2013,HVN,CT,ANE,EN,Federal Contract Tower,0,10,11,0,21,0,2,15,4,21,0,12,26,4,42,8,0,8,50
12/14/2013,HVN,CT,ANE,EN,Federal Contract Tower,0,5,1,0,6,0,0,0,0,0,0,5,1,0,6,0,0,0,6
12/15/2013,HVN,CT,ANE,EN,Federal Contract Tower,0,8,6,0,14,0,1,2,0,3,0,9,8,0,17,6,0,6,23
12/16/2013,HVN,CT,ANE,EN,Federal Contract Tower,0,8,11,0,19,0,6,8,0,14,0,14,19,0,33,2,0,2,35
12/17/2013,HVN,CT,ANE,EN,Federal Contract Tower,0,9,10,0,19,0,0,0,0,0,0,9,10,0,19,0,0,0,19
12/18/2013,HVN,CT,ANE,EN,Federal Contract Tower,0,14,4,0,18,0,0,22,0,22,0,14,26,0,40,22,0,22,62
12/19/2013,HVN,CT,ANE,EN,Federal Contract Tower,0,21,10,0,31,0,0,24,0,24,0,21,34,0,55,36,0,36,91
12/20/2013,HVN,CT,ANE,EN,Federal Contract Tower,0,16,14,0,30,0,0,38,4,42,0,16,52,4,72,72,0,72,144
12/21/2013,HVN,CT,ANE,EN,Federal Contract Tower,0,8,6,0,14,0,1,31,0,32,0,9,37,0,46,100,0,100,146
12/22/2013,HVN,CT,ANE,EN,Federal Contract Tower,0,8,4,0,12,0,0,3,0,3,0,8,7,0,15,12,2,14,29
12/23/2013,HVN,CT,ANE,EN,Federal Contract Tower,0,13,12,0,25,0,0,0,0,0,0,13,12,0,25,0,0,0,25
12/24/2013,HVN,CT,ANE,EN,Federal Contract Tower,0,7,15,1,23,0,0,9,0,9,0,7,24,1,32,32,2,34,66
12/25/2013,HVN,CT,ANE,EN,Federal Contract Tower,0,5,2,0,7,0,0,2,0,2,0,5,4,0,9,0,0,0,9
12/26/2013,HVN,CT,ANE,EN,Federal Contract Tower,0,7,8,1,16,0,0,4,3,7,0,7,12,4,23,28,0,28,51
12/27/2013,HVN,CT,ANE,EN,Federal Contract Tower,0,7,10,0,17,0,0,39,0,39,0,7,49,0,56,52,0,52,108
12/28/2013,HVN,CT,ANE,EN,Federal Contract Tower,0,6,4,0,10,0,1,45,0,46,0,7,49,0,56,42,2,44,100
12/29/2013,HVN,CT,ANE,EN,Federal Contract Tower,0,10,9,0,19,0,0,4,0,4,0,10,13,0,23,12,0,12,35
12/30/2013,HVN,CT,ANE,EN,Federal Contract Tower,0,10,9,0,19,0,0,17,0,17,0,10,26,0,36,44,0,44,80
12/31/2013,HVN,CT,ANE,EN,Federal Contract Tower,0,10,4,0,14,0,0,23,2,25,0,10,27,2,39,10,0,10,49
01/01/2014,HVN,CT,ANE,EN,Federal Contract Tower,0,9,4,0,13,0,0,12,0,12,0,9,16,0,25,8,0,8,33
01/02/2014,HVN,CT,ANE,EN,Federal Contract Tower,0,11,0,0,11,0,0,0,0,0,0,11,0,0,11,0,0,0,11
01/03/2014,HVN,CT,ANE,EN,Federal Contract Tower,0,5,3,0,8,0,2,0,0,2,0,7,3,0,10,0,0,0,10
01/04/2014,HVN,CT,ANE,EN,Federal Contract Tower,0,10,7,0,17,0,2,8,0,10,0,12,15,0,27,40,0,40,67
01/05/2014,HVN,CT,ANE,EN,Federal Contract Tower,0,9,6,0,15,0,0,2,0,2,0,9,8,0,17,20,0,20,37
01/06/2014,HVN,CT,ANE,EN,Federal Contract Tower,0,10,4,0,14,0,0,0,0,0,0,10,4,0,14,0,0,0,14
01/07/2014,HVN,CT,ANE,EN,Federal Contract Tower,0,9,4,0,13,0,0,2,4,6,0,9,6,4,19,0,0,0,19
01/08/2014,HVN,CT,ANE,EN,Federal Contract Tower,0,11,6,0,17,0,0,24,2,26,0,11,30,2,43,10,0,10,53
01/09/2014,HVN,CT,ANE,EN,Federal Contract Tower,0,11,16,2,29,0,0,27,4,31,0,11,43,6,60,54,4,58,118
01/10/2014,HVN,CT,ANE,EN,Federal Contract Tower,0,6,9,0,15,0,0,0,0,0,0,6,9,0,15,0,0,0,15
01/11/2014,HVN,CT,ANE,EN,Federal Contract Tower,0,3,1,0,4,0,0,0,0,0,0,3,1,0,4,0,0,0,4
01/12/2014,HVN,CT,ANE,EN,Federal Contract Tower,0,10,8,0,18,0,0,35,0,35,0,10,43,0,53,78,0,78,131
01/13/2014,HVN,CT,ANE,EN,Federal Contract Tower,0,10,1,1,12,0,0,34,2,36,0,10,35,3,48,64,0,64,112
01/14/2014,HVN,CT,ANE,EN,Federal Contract Tower,0,5,13,0,18,0,0,1,0,1,0,5,14,0,19,0,0,0,19
01/15/2014,HVN,CT,ANE,EN,Federal Contract Tower,0,9,14,0,23,0,0,28,0,28,0,9,42,0,51,26,0,26,77
01/16/2014,HVN,CT,ANE,EN,Federal Contract Tower,0,9,9,0,18,0,0,9,4,13,0,9,18,4,31,14,0,14,45
01/17/2014,HVN,CT,ANE,EN,Federal Contract Tower,0,9,3,0,12,0,2,49,0,51,0,11,52,0,63,30,0,30,93
01/18/2014,HVN,CT,ANE,EN,Federal Contract Tower,0,11,4,0,15,0,0,13,4,17,0,11,17,4,32,40,0,40,72
01/19/2014,HVN,CT,ANE,EN,Federal Contract Tower,0,7,3,7,17,0,0,39,0,39,0,7,42,7,56,84,0,84,140
01/20/2014,HVN,CT,ANE,EN,Federal Contract Tower,0,9,11,0,20,0,1,29,0,30,0,10,40,0,50,62,0,62,112
01/21/2014,HVN,CT,ANE,EN,Federal Contract Tower,0,2,4,0,6,0,0,4,0,4,0,2,8,0,10,0,0,0,10
01/22/2014,HVN,CT,ANE,EN,Federal Contract Tower,0,15,7,0,22,0,2,4,0,6,0,17,11,0,28,4,0,4,32
01/23/2014,HVN,CT,ANE,EN,Federal Contract Tower,0,12,13,0,25,0,0,4,2,6,0,12,17,2,31,0,0,0,31
01/24/2014,HVN,CT,ANE,EN,Federal Contract Tower,0,11,2,0,13,0,2,20,0,22,0,13,22,0,35,6,0,6,41
01/25/2014,HVN,CT,ANE,EN,Federal Contract Tower,0,11,0,0,11,0,0,2,0,2,0,11,2,0,13,0,0,0,13
01/26/2014,HVN,CT,ANE,EN,Federal Contract Tower,0,13,11,0,24,0,2,9,0,11,0,15,20,0,35,12,0,12,47
01/27/2014,HVN,CT,ANE,EN,Federal Contract Tower,0,9,8,2,19,0,9,6,0,15,0,18,14,2,34,2,4,6,40
01/28/2014,HVN,CT,ANE,EN,Federal Contract Tower,0,8,6,0,14,0,2,32,0,34,0,10,38,0,48,12,0,12,60
01/29/2014,HVN,CT,ANE,EN,Federal Contract Tower,0,11,15,0,26,0,0,28,0,28,0,11,43,0,54,6,0,6,60
01/30/2014,HVN,CT,ANE,EN,Federal Contract Tower,0,10,11,0,21,0,0,30,2,32,0,10,41,2,53,40,0,40,93
01/31/2014,HVN,CT,ANE,EN,Federal Contract Tower,0,16,12,4,32,0,0,34,0,34,0,16,46,4,66,58,0,58,124
02/01/2014,HVN,CT,ANE,EN,Federal Contract Tower,0,14,5,0,19,0,0,41,0,41,0,14,46,0,60,78,0,78,138
02/02/2014,HVN,CT,ANE,EN,Federal Contract Tower,0,15,3,0,18,0,0,24,0,24,0,15,27,0,42,24,0,24,66
02/03/2014,HVN,CT,ANE,EN,Federal Contract Tower,0,6,2,0,8,0,0,0,0,0,0,6,2,0,8,0,0,0,8
02/04/2014,HVN,CT,ANE,EN,Federal Contract Tower,0,9,20,0,29,0,0,23,0,23,0,9,43,0,52,16,6,22,74
02/05/2014,HVN,CT,ANE,EN,Federal Contract Tower,0,7,2,0,9,0,0,0,0,0,0,7,2,0,9,0,0,0,9
02/06/2014,HVN,CT,ANE,EN,Federal Contract Tower,0,13,7,0,20,0,0,16,0,16,0,13,23,0,36,28,0,28,64
02/07/2014,HVN,CT,ANE,EN,Federal Contract Tower,0,7,10,0,17,0,2,15,0,17,0,9,25,0,34,4,0,4,38
02/08/2014,HVN,CT,ANE,EN,Federal Contract Tower,0,8,7,0,15,0,1,40,0,41,0,9,47,0,56,84,0,84,140
02/09/2014,HVN,CT,ANE,EN,Federal Contract Tower,0,5,11,0,16,0,0,26,0,26,0,5,37,0,42,54,0,54,96
02/10/2014,HVN,CT,ANE,EN,Federal Contract Tower,0,8,12,0,20,0,0,14,0,14,0,8,26,0,34,0,0,0,34
02/11/2014,HVN,CT,ANE,EN,Federal Contract Tower,0,7,16,0,23,0,0,31,2,33,0,7,47,2,56,46,0,46,102
02/12/2014,HVN,CT,ANE,EN,Federal Contract Tower,0,20,11,0,31,0,0,28,0,28,0,20,39,0,59,50,0,50,109
02/13/2014,HVN,CT,ANE,EN,Federal Contract Tower,0,0,0,0,0,0,0,0,0,0,0,0,0,0,0,0,0,0,0
02/14/2014,HVN,CT,ANE,EN,Federal Contract Tower,0,7,9,0,16,0,0,2,0,2,0,7,11,0,18,0,0,0,18
02/15/2014,HVN,CT,ANE,EN,Federal Contract Tower,0,6,3,0,9,0,0,0,0,0,0,6,3,0,9,0,0,0,9
02/16/2014,HVN,CT,ANE,EN,Federal Contract Tower,0,8,4,0,12,0,0,6,0,6,0,8,10,0,18,18,0,18,36
02/17/2014,HVN,CT,ANE,EN,Federal Contract Tower,0,11,10,0,21,0,0,19,0,19,0,11,29,0,40,48,0,48,88
02/18/2014,HVN,CT,ANE,EN,Federal Contract Tower,0,7,7,0,14,0,0,0,0,0,0,7,7,0,14,0,0,0,14
02/19/2014,HVN,CT,ANE,EN,Federal Contract Tower,0,7,17,0,24,0,0,4,0,4,0,7,21,0,28,0,0,0,28
02/20/2014,HVN,CT,ANE,EN,Federal Contract Tower,0,11,15,1,27,0,0,35,0,35,0,11,50,1,62,57,0,57,119
02/21/2014,HVN,CT,ANE,EN,Federal Contract Tower,0,6,4,0,10,0,0,0,0,0,0,6,4,0,10,0,0,0,10
02/22/2014,HVN,CT,ANE,EN,Federal Contract Tower,0,10,18,0,28,0,0,58,0,58,0,10,76,0,86,98,0,98,184
02/23/2014,HVN,CT,ANE,EN,Federal Contract Tower,0,17,7,0,24,0,0,45,0,45,0,17,52,0,69,84,0,84,153
02/24/2014,HVN,CT,ANE,EN,Federal Contract Tower,0,11,10,0,21,0,0,14,0,14,0,11,24,0,35,6,0,6,41
02/25/2014,HVN,CT,ANE,EN,Federal Contract Tower,0,12,13,0,25,0,2,23,0,25,0,14,36,0,50,26,0,26,76
02/26/2014,HVN,CT,ANE,EN,Federal Contract Tower,0,9,11,0,20,0,0,8,0,8,0,9,19,0,28,12,0,12,40
02/27/2014,HVN,CT,ANE,EN,Federal Contract Tower,0,11,18,0,29,0,0,22,0,22,0,11,40,0,51,14,0,14,65
02/28/2014,HVN,CT,ANE,EN,Federal Contract Tower,0,12,7,0,19,0,0,25,0,25,0,12,32,0,44,58,0,58,102
03/01/2014,HVN,CT,ANE,EN,Federal Contract Tower,0,15,9,0,24,0,0,47,0,47,0,15,56,0,71,108,0,108,179
03/02/2014,HVN,CT,ANE,EN,Federal Contract Tower,0,10,11,0,21,0,0,15,0,15,0,10,26,0,36,50,0,50,86
03/03/2014,HVN,CT,ANE,EN,Federal Contract Tower,0,10,1,0,11,0,0,3,0,3,0,10,4,0,14,10,0,10,24
03/04/2014,HVN,CT,ANE,EN,Federal Contract Tower,0,15,14,0,29,0,0,39,0,39,0,15,53,0,68,66,0,66,134
03/05/2014,HVN,CT,ANE,EN,Federal Contract Tower,0,10,15,0,25,0,0,19,0,19,0,10,34,0,44,54,4,58,102
03/06/2014,HVN,CT,ANE,EN,Federal Contract Tower,0,12,11,0,23,0,6,15,0,21,0,18,26,0,44,20,0,20,64
03/07/2014,HVN,CT,ANE,EN,Federal Contract Tower,0,13,6,0,19,0,0,14,0,14,0,13,20,0,33,28,0,28,61
03/08/2014,HVN,CT,ANE,EN,Federal Contract Tower,0,6,16,0,22,0,1,56,0,57,0,7,72,0,79,52,6,58,137
03/09/2014,HVN,CT,ANE,EN,Federal Contract Tower,0,10,7,0,17,0,0,43,0,43,0,10,50,0,60,16,0,16,76
03/10/2014,HVN,CT,ANE,EN,Federal Contract Tower,0,14,6,0,20,0,0,23,0,23,0,14,29,0,43,42,0,42,85
03/11/2014,HVN,CT,ANE,EN,Federal Contract Tower,0,8,13,0,21,0,0,50,0,50,0,8,63,0,71,92,0,92,163
03/12/2014,HVN,CT,ANE,EN,Federal Contract Tower,0,12,13,2,27,0,0,15,0,15,0,12,28,2,42,22,0,22,64
03/13/2014,HVN,CT,ANE,EN,Federal Contract Tower,0,9,6,0,15,0,0,5,0,5,0,9,11,0,20,0,0,0,20
03/14/2014,HVN,CT,ANE,EN,Federal Contract Tower,0,12,8,2,22,0,2,19,0,21,0,14,27,2,43,22,0,22,65
03/15/2014,HVN,CT,ANE,EN,Federal Contract Tower,0,9,6,0,15,0,0,29,1,30,0,9,35,1,45,52,0,52,97
03/16/2014,HVN,CT,ANE,EN,Federal Contract Tower,0,10,5,0,15,0,0,40,0,40,0,10,45,0,55,64,0,64,119
03/17/2014,HVN,CT,ANE,EN,Federal Contract Tower,0,8,4,0,12,0,0,17,0,17,0,8,21,0,29,14,0,14,43
03/18/2014,HVN,CT,ANE,EN,Federal Contract Tower,0,14,7,2,23,0,0,29,0,29,0,14,36,2,52,60,2,62,114
03/19/2014,HVN,CT,ANE,EN,Federal Contract Tower,0,17,9,0,26,0,0,17,0,17,0,17,26,0,43,14,0,14,57
03/20/2014,HVN,CT,ANE,EN,Federal Contract Tower,0,12,9,0,21,0,0,12,0,12,0,12,21,0,33,4,0,4,37
03/21/2014,HVN,CT,ANE,EN,Federal Contract Tower,0,11,8,0,19,0,3,11,0,14,0,14,19,0,33,0,0,0,33
03/22/2014,HVN,CT,ANE,EN,Federal Contract Tower,0,7,7,0,14,0,0,18,2,20,0,7,25,2,34,52,0,52,86
03/23/2014,HVN,CT,ANE,EN,Federal Contract Tower,0,11,8,0,19,0,0,53,0,53,0,11,61,0,72,88,6,94,166
03/24/2014,HVN,CT,ANE,EN,Federal Contract Tower,0,15,6,0,21,0,0,33,0,33,0,15,39,0,54,34,0,34,88
03/25/2014,HVN,CT,ANE,EN,Federal Contract Tower,0,12,9,0,21,0,2,24,0,26,0,14,33,0,47,52,0,52,99
03/26/2014,HVN,CT,ANE,EN,Federal Contract Tower,0,8,4,0,12,0,1,3,0,4,0,9,7,0,16,0,2,2,18
03/27/2014,HVN,CT,ANE,EN,Federal Contract Tower,0,7,14,1,22,0,0,31,0,31,0,7,45,1,53,58,0,58,111
03/28/2014,HVN,CT,ANE,EN,Federal Contract Tower,0,11,8,0,19,0,0,1,0,1,0,11,9,0,20,0,0,0,20
03/29/2014,HVN,CT,ANE,EN,Federal Contract Tower,0,8,9,0,17,0,0,6,0,6,0,8,15,0,23,48,0,48,71
03/30/2014,HVN,CT,ANE,EN,Federal Contract Tower,0,8,7,0,15,0,0,0,0,0,0,8,7,0,15,0,0,0,15
03/31/2014,HVN,CT,ANE,EN,Federal Contract Tower,0,9,1,0,10,0,0,10,0,10,0,9,11,0,20,4,0,4,24
04/01/2014,HVN,CT,ANE,EN,Federal Contract Tower,0,7,11,0,18,0,2,40,0,42,0,9,51,0,60,40,0,40,100
04/02/2014,HVN,CT,ANE,EN,Federal Contract Tower,0,11,10,1,22,0,0,34,0,34,0,11,44,1,56,62,10,72,128
04/03/2014,HVN,CT,ANE,EN,Federal Contract Tower,0,8,21,1,30,0,0,39,0,39,0,8,60,1,69,86,10,96,165
04/04/2014,HVN,CT,ANE,EN,Federal Contract Tower,0,16,14,0,30,0,0,6,0,6,0,16,20,0,36,4,0,4,40
04/05/2014,HVN,CT,ANE,EN,Federal Contract Tower,0,12,10,0,22,0,1,18,2,21,0,13,28,2,43,18,0,18,61
04/06/2014,HVN,CT,ANE,EN,Federal Contract Tower,0,8,11,0,19,0,4,68,0,72,0,12,79,0,91,140,0,140,231
04/07/2014,HVN,CT,ANE,EN,Federal Contract Tower,0,11,5,0,16,0,0,17,0,17,0,11,22,0,33,4,0,4,37
04/08/2014,HVN,CT,ANE,EN,Federal Contract Tower,0,8,10,2,20,0,0,0,2,2,0,8,10,4,22,0,0,0,22
04/09/2014,HVN,CT,ANE,EN,Federal Contract Tower,0,9,16,0,25,0,0,27,0,27,0,9,43,0,52,36,0,36,88
04/10/2014,HVN,CT,ANE,EN,Federal Contract Tower,0,10,10,1,21,0,0,35,1,36,0,10,45,2,57,32,8,40,97
04/11/2014,HVN,CT,ANE,EN,Federal Contract Tower,0,24,11,0,35,0,0,10,0,10,0,24,21,0,45,16,0,16,61
04/12/2014,HVN,CT,ANE,EN,Federal Contract Tower,0,7,9,0,16,0,0,49,0,49,0,7,58,0,65,98,0,98,163
04/13/2014,HVN,CT,ANE,EN,Federal Contract Tower,0,10,9,0,19,0,0,34,0,34,0,10,43,0,53,46,0,46,99
04/14/2014,HVN,CT,ANE,EN,Federal Contract Tower,0,12,14,0,26,0,0,10,0,10,0,12,24,0,36,4,0,4,40
04/15/2014,HVN,CT,ANE,EN,Federal Contract Tower,0,9,4,0,13,0,0,0,0,0,0,9,4,0,13,0,0,0,13
04/16/2014,HVN,CT,ANE,EN,Federal Contract Tower,0,11,11,0,22,0,2,22,0,24,0,13,33,0,46,52,0,52,98
04/17/2014,HVN,CT,ANE,EN,Federal Contract Tower,0,13,11,1,25,0,0,46,0,46,0,13,57,1,71,100,2,102,173
04/18/2014,HVN,CT,ANE,EN,Federal Contract Tower,0,14,13,0,27,0,0,32,1,33,0,14,45,1,60,98,0,98,158
04/19/2014,HVN,CT,ANE,EN,Federal Contract Tower,0,13,10,0,23,0,0,50,0,50,0,13,60,0,73,56,0,56,129
04/20/2014,HVN,CT,ANE,EN,Federal Contract Tower,0,13,9,0,22,0,0,32,0,32,0,13,41,0,54,36,0,36,90
04/21/2014,HVN,CT,ANE,EN,Federal Contract Tower,0,10,8,0,18,0,2,50,0,52,0,12,58,0,70,42,0,42,112
04/22/2014,HVN,CT,ANE,EN,Federal Contract Tower,0,9,10,3,22,0,0,21,4,25,0,9,31,7,47,8,2,10,57
04/23/2014,HVN,CT,ANE,EN,Federal Contract Tower,0,11,14,0,25,0,0,9,0,9,0,11,23,0,34,16,0,16,50
04/24/2014,HVN,CT,ANE,EN,Federal Contract Tower,0,7,15,0,22,0,0,18,0,18,0,7,33,0,40,10,0,10,50
04/25/2014,HVN,CT,ANE,EN,Federal Contract Tower,0,13,9,0,22,0,2,39,0,41,0,15,48,0,63,78,0,78,141
04/26/2014,HVN,CT,ANE,EN,Federal Contract Tower,0,6,8,0,14,0,0,14,0,14,0,6,22,0,28,10,0,10,38
04/27/2014,HVN,CT,ANE,EN,Federal Contract Tower,0,15,9,0,24,0,0,46,3,49,0,15,55,3,73,64,0,64,137
04/28/2014,HVN,CT,ANE,EN,Federal Contract Tower,0,12,12,0,24,0,0,26,0,26,0,12,38,0,50,52,8,60,110
04/29/2014,HVN,CT,ANE,EN,Federal Contract Tower,0,8,23,0,31,0,1,5,0,6,0,9,28,0,37,14,0,14,51
04/30/2014,HVN,CT,ANE,EN,Federal Contract Tower,0,11,14,0,25,0,0,0,0,0,0,11,14,0,25,0,0,0,25
05/01/2014,HVN,CT,ANE,EN,Federal Contract Tower,0,11,9,0,20,0,1,1,0,2,0,12,10,0,22,0,0,0,22
05/02/2014,HVN,CT,ANE,EN,Federal Contract Tower,0,18,6,0,24,0,2,38,0,40,0,20,44,0,64,62,0,62,126
05/03/2014,HVN,CT,ANE,EN,Federal Contract Tower,0,10,3,0,13,0,1,42,0,43,0,11,45,0,56,70,0,70,126
05/04/2014,HVN,CT,ANE,EN,Federal Contract Tower,0,9,7,0,16,0,0,13,1,14,0,9,20,1,30,28,0,28,58
05/05/2014,HVN,CT,ANE,EN,Federal Contract Tower,0,12,11,0,23,0,1,24,2,27,0,13,35,2,50,62,0,62,112
05/06/2014,HVN,CT,ANE,EN,Federal Contract Tower,0,14,15,0,29,0,0,32,2,34,0,14,47,2,63,50,0,50,113
05/07/2014,HVN,CT,ANE,EN,Federal Contract Tower,0,14,12,1,27,0,1,41,0,42,0,15,53,1,69,104,2,106,175
05/08/2014,HVN,CT,ANE,EN,Federal Contract Tower,0,13,31,0,44,0,0,0,0,0,0,13,31,0,44,0,0,0,44
05/09/2014,HVN,CT,ANE,EN,Federal Contract Tower,0,16,12,0,28,0,0,0,0,0,0,16,12,0,28,0,0,0,28
05/10/2014,HVN,CT,ANE,EN,Federal Contract Tower,0,5,7,0,12,0,0,7,0,7,0,5,14,0,19,22,0,22,41
05/11/2014,HVN,CT,ANE,EN,Federal Contract Tower,0,9,12,0,21,0,0,50,4,54,0,9,62,4,75,70,0,70,145
05/12/2014,HVN,CT,ANE,EN,Federal Contract Tower,0,13,11,0,24,0,14,38,0,52,0,27,49,0,76,58,0,58,134
05/13/2014,HVN,CT,ANE,EN,Federal Contract Tower,0,16,16,0,32,0,8,26,0,34,0,24,42,0,66,28,0,28,94
05/14/2014,HVN,CT,ANE,EN,Federal Contract Tower,0,13,16,0,29,0,0,22,0,22,0,13,38,0,51,50,0,50,101
05/15/2014,HVN,CT,ANE,EN,Federal Contract Tower,0,12,21,2,35,0,1,0,0,1,0,13,21,2,36,0,0,0,36
05/16/2014,HVN,CT,ANE,EN,Federal Contract Tower,0,11,8,0,19,0,0,0,0,0,0,11,8,0,19,0,0,0,19
05/17/2014,HVN,CT,ANE,EN,Federal Contract Tower,0,10,4,0,14,0,23,27,0,50,0,33,31,0,64,108,6,114,178
05/18/2014,HVN,CT,ANE,EN,Federal Contract Tower,0,14,12,1,27,0,0,85,2,87,0,14,97,3,114,44,2,46,160
05/19/2014,HVN,CT,ANE,EN,Federal Contract Tower,0,25,18,0,43,0,10,25,0,35,0,35,43,0,78,22,0,22,100
05/20/2014,HVN,CT,ANE,EN,Federal Contract Tower,0,31,11,0,42,0,0,59,0,59,0,31,70,0,101,92,0,92,193
05/21/2014,HVN,CT,ANE,EN,Federal Contract Tower,0,17,14,0,31,0,4,27,0,31,0,21,41,0,62,78,2,80,142
05/22/2014,HVN,CT,ANE,EN,Federal Contract Tower,0,9,35,0,44,0,0,0,0,0,0,9,35,0,44,10,0,10,54
05/23/2014,HVN,CT,ANE,EN,Federal Contract Tower,0,11,13,0,24,0,2,3,0,5,0,13,16,0,29,0,0,0,29
05/24/2014,HVN,CT,ANE,EN,Federal Contract Tower,0,8,18,0,26,0,1,28,0,29,0,9,46,0,55,86,0,86,141
05/25/2014,HVN,CT,ANE,EN,Federal Contract Tower,0,6,15,0,21,0,0,38,0,38,0,6,53,0,59,76,0,76,135
05/26/2014,HVN,CT,ANE,EN,Federal Contract Tower,0,10,13,0,23,0,2,61,2,65,0,12,74,2,88,36,0,36,124
05/27/2014,HVN,CT,ANE,EN,Federal Contract Tower,0,11,14,0,25,0,0,40,0,40,0,11,54,0,65,58,0,58,123
05/28/2014,HVN,CT,ANE,EN,Federal Contract Tower,0,10,10,0,20,0,0,3,0,3,0,10,13,0,23,10,0,10,33
05/29/2014,HVN,CT,ANE,EN,Federal Contract Tower,0,12,23,0,35,0,0,44,0,44,0,12,67,0,79,84,0,84,163
05/30/2014,HVN,CT,ANE,EN,Federal Contract Tower,0,12,0,0,12,0,0,40,0,40,0,12,40,0,52,128,2,130,182
05/31/2014,HVN,CT,ANE,EN,Federal Contract Tower,0,8,21,0,29,0,0,19,0,19,0,8,40,0,48,60,2,62,110
06/01/2014,HVN,CT,ANE,EN,Federal Contract Tower,0,12,13,0,25,0,0,67,2,69,0,12,80,2,94,134,6,140,234
06/02/2014,HVN,CT,ANE,EN,Federal Contract Tower,0,14,14,0,28,0,5,37,0,42,0,19,51,0,70,132,2,134,204
06/03/2014,HVN,CT,ANE,EN,Federal Contract Tower,0,13,10,0,23,0,0,37,0,37,0,13,47,0,60,54,0,54,114
06/04/2014,HVN,CT,ANE,EN,Federal Contract Tower,0,8,19,0,27,0,0,7,0,7,0,8,26,0,34,8,2,10,44
06/05/2014,HVN,CT,ANE,EN,Federal Contract Tower,0,17,27,2,46,0,0,7,0,7,0,17,34,2,53,0,0,0,53
06/06/2014,HVN,CT,ANE,EN,Federal Contract Tower,0,8,12,0,20,0,0,28,0,28,0,8,40,0,48,66,0,66,114
06/07/2014,HVN,CT,ANE,EN,Federal Contract Tower,0,7,7,0,14,0,0,53,0,53,0,7,60,0,67,92,0,92,159
06/08/2014,HVN,CT,ANE,EN,Federal Contract Tower,0,16,6,0,22,0,0,64,0,64,0,16,70,0,86,78,0,78,164
06/09/2014,HVN,CT,ANE,EN,Federal Contract Tower,0,9,12,0,21,0,0,1,0,1,0,9,13,0,22,0,0,0,22
06/10/2014,HVN,CT,ANE,EN,Federal Contract Tower,0,12,13,0,25,0,0,1,0,1,0,12,14,0,26,6,0,6,32
06/11/2014,HVN,CT,ANE,EN,Federal Contract Tower,0,10,10,0,20,0,4,5,0,9,0,14,15,0,29,8,0,8,37
06/12/2014,HVN,CT,ANE,EN,Federal Contract Tower,0,16,17,0,33,0,0,1,0,1,0,16,18,0,34,0,0,0,34
06/13/2014,HVN,CT,ANE,EN,Federal Contract Tower,0,9,22,0,31,0,0,0,0,0,0,9,22,0,31,0,0,0,31
06/14/2014,HVN,CT,ANE,EN,Federal Contract Tower,0,9,23,0,32,0,0,42,0,42,0,9,65,0,74,80,0,80,154
06/15/2014,HVN,CT,ANE,EN,Federal Contract Tower,0,13,10,0,23,0,2,54,0,56,0,15,64,0,79,68,0,68,147
06/16/2014,HVN,CT,ANE,EN,Federal Contract Tower,0,14,14,0,28,0,1,59,0,60,0,15,73,0,88,58,0,58,146
06/17/2014,HVN,CT,ANE,EN,Federal Contract Tower,0,8,19,0,27,0,15,11,0,26,0,23,30,0,53,88,0,88,141
06/18/2014,HVN,CT,ANE,EN,Federal Contract Tower,0,12,20,3,35,0,0,15,0,15,0,12,35,3,50,34,0,34,84
06/19/2014,HVN,CT,ANE,EN,Federal Contract Tower,0,7,14,0,21,0,5,13,0,18,0,12,27,0,39,4,4,8,47
06/20/2014,HVN,CT,ANE,EN,Federal Contract Tower,0,8,6,0,14,0,3,28,0,31,0,11,34,0,45,28,0,28,73
06/21/2014,HVN,CT,ANE,EN,Federal Contract Tower,0,4,8,0,12,0,0,40,6,46,0,4,48,6,58,24,0,24,82
06/22/2014,HVN,CT,ANE,EN,Federal Contract Tower,0,8,5,0,13,0,1,54,1,56,0,9,59,1,69,78,0,78,147
06/23/2014,HVN,CT,ANE,EN,Federal Contract Tower,0,13,4,0,17,0,4,50,1,55,0,17,54,1,72,36,0,36,108
06/24/2014,HVN,CT,ANE,EN,Federal Contract Tower,0,12,1,0,13,0,1,38,1,40,0,13,39,1,53,58,8,66,119
06/25/2014,HVN,CT,ANE,EN,Federal Contract Tower,0,15,10,0,25,0,0,3,0,3,0,15,13,0,28,10,2,12,40
06/26/2014,HVN,CT,ANE,EN,Federal Contract Tower,0,7,3,0,10,0,2,27,2,31,0,9,30,2,41,42,0,42,83
06/27/2014,HVN,CT,ANE,EN,Federal Contract Tower,0,8,10,0,18,0,2,31,0,33,0,10,41,0,51,32,0,32,83
06/28/2014,HVN,CT,ANE,EN,Federal Contract Tower,0,8,11,0,19,0,0,51,0,51,0,8,62,0,70,64,0,64,134
06/29/2014,HVN,CT,ANE,EN,Federal Contract Tower,0,7,10,0,17,0,4,47,4,55,0,11,57,4,72,32,0,32,104
06/30/2014,HVN,CT,ANE,EN,Federal Contract Tower,0,9,4,0,13,0,3,42,1,46,0,12,46,1,59,56,0,56,115
07/01/2014,HVN,CT,ANE,EN,Federal Contract Tower,0,12,6,0,18,0,2,29,3,34,0,14,35,3,52,76,0,76,128
07/02/2014,HVN,CT,ANE,EN,Federal Contract Tower,0,10,15,0,25,0,2,23,0,25,0,12,38,0,50,46,0,46,96
07/03/2014,HVN,CT,ANE,EN,Federal Contract Tower,0,17,6,0,23,0,3,11,0,14,0,20,17,0,37,24,0,24,61
07/04/2014,HVN,CT,ANE,EN,Federal Contract Tower,0,9,1,0,10,0,0,0,0,0,0,9,1,0,10,0,0,0,10
07/05/2014,HVN,CT,ANE,EN,Federal Contract Tower,0,2,10,0,12,0,4,21,0,25,0,6,31,0,37,16,0,16,53
07/06/2014,HVN,CT,ANE,EN,Federal Contract Tower,0,12,13,0,25,0,2,47,0,49,0,14,60,0,74,74,0,74,148
07/07/2014,HVN,CT,ANE,EN,Federal Contract Tower,0,12,6,1,19,0,4,29,2,35,0,16,35,3,54,24,0,24,78
07/08/2014,HVN,CT,ANE,EN,Federal Contract Tower,0,17,3,2,22,0,0,31,1,32,0,17,34,3,54,32,4,36,90
07/09/2014,HVN,CT,ANE,EN,Federal Contract Tower,0,14,3,0,17,0,3,28,0,31,0,17,31,0,48,20,2,22,70
07/10/2014,HVN,CT,ANE,EN,Federal Contract Tower,0,8,9,0,17,0,9,28,0,37,0,17,37,0,54,52,0,52,106
07/11/2014,HVN,CT,ANE,EN,Federal Contract Tower,0,17,15,0,32,0,6,39,0,45,0,23,54,0,77,30,0,30,107
07/12/2014,HVN,CT,ANE,EN,Federal Contract Tower,0,5,1,0,6,0,2,61,2,65,0,7,62,2,71,80,0,80,151
07/13/2014,HVN,CT,ANE,EN,Federal Contract Tower,0,6,7,0,13,0,12,32,0,44,0,18,39,0,57,74,0,74,131
07/14/2014,HVN,CT,ANE,EN,Federal Contract Tower,0,15,17,0,32,0,0,7,0,7,0,15,24,0,39,2,0,2,41
07/15/2014,HVN,CT,ANE,EN,Federal Contract Tower,0,13,13,0,26,0,0,0,0,0,0,13,13,0,26,0,0,0,26
07/16/2014,HVN,CT,ANE,EN,Federal Contract Tower,0,13,16,0,29,0,1,19,0,20,0,14,35,0,49,36,0,36,85
07/17/2014,HVN,CT,ANE,EN,Federal Contract Tower,0,11,7,0,18,0,5,40,0,45,0,16,47,0,63,26,0,26,89
07/18/2014,HVN,CT,ANE,EN,Federal Contract Tower,0,16,4,0,20,0,10,40,0,50,0,26,44,0,70,60,0,60,130
07/19/2014,HVN,CT,ANE,EN,Federal Contract Tower,0,4,10,0,14,0,6,43,4,53,0,10,53,4,67,38,0,38,105
07/20/2014,HVN,CT,ANE,EN,Federal Contract Tower,0,9,3,2,14,0,2,43,1,46,0,11,46,3,60,40,0,40,100
07/21/2014,HVN,CT,ANE,EN,Federal Contract Tower,0,11,7,0,18,0,9,41,0,50,0,20,48,0,68,50,0,50,118
07/22/2014,HVN,CT,ANE,EN,Federal Contract Tower,0,9,20,0,29,0,2,35,1,38,0,11,55,1,67,120,4,124,191
07/23/2014,HVN,CT,ANE,EN,Federal Contract Tower,0,10,14,0,24,0,1,31,0,32,0,11,45,0,56,40,2,42,98
07/24/2014,HVN,CT,ANE,EN,Federal Contract Tower,0,9,12,0,21,0,3,22,0,25,0,12,34,0,46,76,2,78,124
07/25/2014,HVN,CT,ANE,EN,Federal Contract Tower,0,11,8,0,19,0,2,37,0,39,0,13,45,0,58,46,0,46,104
07/26/2014,HVN,CT,ANE,EN,Federal Contract Tower,0,9,5,0,14,0,3,31,0,34,0,12,36,0,48,72,0,72,120
07/27/2014,HVN,CT,ANE,EN,Federal Contract Tower,0,16,5,1,22,0,3,17,0,20,0,19,22,1,42,20,2,22,64
07/28/2014,HVN,CT,ANE,EN,Federal Contract Tower,0,13,3,1,17,0,5,14,0,19,0,18,17,1,36,32,2,34,70
07/29/2014,HVN,CT,ANE,EN,Federal Contract Tower,0,18,5,0,23,0,6,44,0,50,0,24,49,0,73,56,0,56,129
07/30/2014,HVN,CT,ANE,EN,Federal Contract Tower,0,19,5,0,24,0,12,40,0,52,0,31,45,0,76,68,0,68,144
07/31/2014,HVN,CT,ANE,EN,Federal Contract Tower,0,13,11,0,24,0,3,35,2,40,0,16,46,2,64,30,0,30,94
08/01/2014,HVN,CT,ANE,EN,Federal Contract Tower,0,14,12,0,26,0,3,21,0,24,0,17,33,0,50,24,2,26,76
08/02/2014,HVN,CT,ANE,EN,Federal Contract Tower,0,10,9,0,19,0,0,3,0,3,0,10,12,0,22,4,0,4,26
08/03/2014,HVN,CT,ANE,EN,Federal Contract Tower,0,19,11,0,30,0,1,19,0,20,0,20,30,0,50,12,0,12,62
08/04/2014,HVN,CT,ANE,EN,Federal Contract Tower,0,10,18,0,28,0,2,36,0,38,0,12,54,0,66,66,0,66,132
08/05/2014,HVN,CT,ANE,EN,Federal Contract Tower,0,16,18,0,34,0,2,33,0,35,0,18,51,0,69,58,0,58,127
08/06/2014,HVN,CT,ANE,EN,Federal Contract Tower,0,9,3,1,13,0,4,21,0,25,0,13,24,1,38,20,2,22,60
08/07/2014,HVN,CT,ANE,EN,Federal Contract Tower,0,15,23,0,38,0,4,35,0,39,0,19,58,0,77,48,0,48,125
08/08/2014,HVN,CT,ANE,EN,Federal Contract Tower,0,13,14,0,27,0,7,44,0,51,0,20,58,0,78,12,0,12,90
08/09/2014,HVN,CT,ANE,EN,Federal Contract Tower,0,1,6,0,7,0,1,37,2,40,0,2,43,2,47,58,8,66,113
08/10/2014,HVN,CT,ANE,EN,Federal Contract Tower,0,9,2,0,11,0,1,42,0,43,0,10,44,0,54,118,0,118,172
08/11/2014,HVN,CT,ANE,EN,Federal Contract Tower,0,18,8,1,27,0,4,38,0,42,0,22,46,1,69,40,2,42,111
08/12/2014,HVN,CT,ANE,EN,Federal Contract Tower,0,10,13,1,24,0,1,15,0,16,0,11,28,1,40,4,2,6,46
08/13/2014,HVN,CT,ANE,EN,Federal Contract Tower,0,10,16,0,26,0,3,1,0,4,0,13,17,0,30,0,0,0,30
08/14/2014,HVN,CT,ANE,EN,Federal Contract Tower,0,31,5,0,36,0,4,36,0,40,0,35,41,0,76,54,0,54,130
08/15/2014,HVN,CT,ANE,EN,Federal Contract Tower,0,9,7,0,16,0,2,39,0,41,0,11,46,0,57,6,0,6,63
08/16/2014,HVN,CT,ANE,EN,Federal Contract Tower,0,9,12,0,21,0,2,33,0,35,0,11,45,0,56,60,0,60,116
08/17/2014,HVN,CT,ANE,EN,Federal Contract Tower,0,8,15,0,23,0,2,44,0,46,0,10,59,0,69,66,0,66,135
08/18/2014,HVN,CT,ANE,EN,Federal Contract Tower,0,9,9,0,18,0,2,47,2,51,0,11,56,2,69,44,0,44,113
08/19/2014,HVN,CT,ANE,EN,Federal Contract Tower,0,12,10,1,23,0,0,43,1,44,0,12,53,2,67,86,2,88,155
08/20/2014,HVN,CT,ANE,EN,Federal Contract Tower,0,22,25,2,49,0,4,31,0,35,0,26,56,2,84,32,4,36,120
08/21/2014,HVN,CT,ANE,EN,Federal Contract Tower,0,16,29,2,47,0,3,27,0,30,0,19,56,2,77,66,0,66,143
08/22/2014,HVN,CT,ANE,EN,Federal Contract Tower,0,14,5,0,19,0,4,22,0,26,0,18,27,0,45,28,4,32,77
08/23/2014,HVN,CT,ANE,EN,Federal Contract Tower,0,9,7,0,16,0,0,46,0,46,0,9,53,0,62,96,0,96,158
08/24/2014,HVN,CT,ANE,EN,Federal Contract Tower,0,13,6,0,19,0,2,54,0,56,0,15,60,0,75,64,0,64,139
08/25/2014,HVN,CT,ANE,EN,Federal Contract Tower,0,21,5,0,26,0,14,36,0,50,0,35,41,0,76,44,0,44,120
08/26/2014,HVN,CT,ANE,EN,Federal Contract Tower,0,18,15,0,33,0,1,41,0,42,0,19,56,0,75,82,0,82,157
08/27/2014,HVN,CT,ANE,EN,Federal Contract Tower,0,20,9,0,29,0,4,26,0,30,0,24,35,0,59,38,0,38,97
08/28/2014,HVN,CT,ANE,EN,Federal Contract Tower,0,19,17,0,36,0,3,45,4,52,0,22,62,4,88,38,0,38,126
08/29/2014,HVN,CT,ANE,EN,Federal Contract Tower,0,20,11,0,31,0,1,50,0,51,0,21,61,0,82,54,0,54,136
08/30/2014,HVN,CT,ANE,EN,Federal Contract Tower,0,6,8,0,14,0,0,30,0,30,0,6,38,0,44,14,0,14,58
08/31/2014,HVN,CT,ANE,EN,Federal Contract Tower,0,9,10,0,19,0,1,13,0,14,0,10,23,0,33,24,0,24,57
09/01/2014,HVN,CT,ANE,EN,Federal Contract Tower,0,14,14,0,28,0,3,19,0,22,0,17,33,0,50,6,0,6,56
09/02/2014,HVN,CT,ANE,EN,Federal Contract Tower,0,16,16,0,32,0,4,19,1,24,0,20,35,1,56,48,0,48,104
09/03/2014,HVN,CT,ANE,EN,Federal Contract Tower,0,19,32,0,51,0,1,40,0,41,0,20,72,0,92,44,0,44,136
09/04/2014,HVN,CT,ANE,EN,Federal Contract Tower,0,13,10,0,23,0,1,48,0,49,0,14,58,0,72,36,0,36,108
09/05/2014,HVN,CT,ANE,EN,Federal Contract Tower,0,14,19,0,33,0,3,37,0,40,0,17,56,0,73,24,0,24,97
09/06/2014,HVN,CT,ANE,EN,Federal Contract Tower,0,4,7,0,11,0,2,3,0,5,0,6,10,0,16,6,0,6,22
09/07/2014,HVN,CT,ANE,EN,Federal Contract Tower,0,9,6,0,15,0,3,43,0,46,0,12,49,0,61,62,4,66,127
09/08/2014,HVN,CT,ANE,EN,Federal Contract Tower,0,11,7,0,18,0,2,10,0,12,0,13,17,0,30,18,4,22,52
09/09/2014,HVN,CT,ANE,EN,Federal Contract Tower,0,10,6,1,17,0,2,14,0,16,0,12,20,1,33,12,0,12,45
09/10/2014,HVN,CT,ANE,EN,Federal Contract Tower,0,12,15,0,27,0,1,23,4,28,0,13,38,4,55,54,18,72,127
09/11/2014,HVN,CT,ANE,EN,Federal Contract Tower,0,12,20,0,32,0,0,13,0,13,0,12,33,0,45,22,4,26,71
09/12/2014,HVN,CT,ANE,EN,Federal Contract Tower,0,11,17,0,28,0,1,32,0,33,0,12,49,0,61,34,2,36,97
09/13/2014,HVN,CT,ANE,EN,Federal Contract Tower,0,6,9,0,15,0,0,16,0,16,0,6,25,0,31,44,2,46,77
09/14/2014,HVN,CT,ANE,EN,Federal Contract Tower,0,11,6,0,17,0,1,55,2,58,0,12,61,2,75,72,22,94,169
09/15/2014,HVN,CT,ANE,EN,Federal Contract Tower,0,11,16,0,27,0,5,70,2,77,0,16,86,2,104,60,0,60,164
09/16/2014,HVN,CT,ANE,EN,Federal Contract Tower,0,12,17,0,29,0,1,21,0,22,0,13,38,0,51,26,0,26,77
09/17/2014,HVN,CT,ANE,EN,Federal Contract Tower,0,16,10,0,26,0,33,2,0,35,0,49,12,0,61,60,4,64,125
09/18/2014,HVN,CT,ANE,EN,Federal Contract Tower,0,10,25,0,35,0,0,36,0,36,0,10,61,0,71,30,0,30,101
09/19/2014,HVN,CT,ANE,EN,Federal Contract Tower,0,13,11,0,24,0,0,30,0,30,0,13,41,0,54,14,0,14,68
09/20/2014,HVN,CT,ANE,EN,Federal Contract Tower,0,7,10,0,17,0,0,34,0,34,0,7,44,0,51,106,0,106,157
09/21/2014,HVN,CT,ANE,EN,Federal Contract Tower,0,9,11,0,20,0,2,9,0,11,0,11,20,0,31,36,0,36,67
09/22/2014,HVN,CT,ANE,EN,Federal Contract Tower,0,12,12,0,24,0,1,19,0,20,0,13,31,0,44,36,0,36,80
09/23/2014,HVN,CT,ANE,EN,Federal Contract Tower,0,10,3,0,13,0,0,24,0,24,0,10,27,0,37,44,4,48,85
09/24/2014,HVN,CT,ANE,EN,Federal Contract Tower,0,13,12,0,25,0,0,46,0,46,0,13,58,0,71,58,0,58,129
09/25/2014,HVN,CT,ANE,EN,Federal Contract Tower,0,8,12,0,20,0,0,2,0,2,0,8,14,0,22,2,2,4,26
09/26/2014,HVN,CT,ANE,EN,Federal Contract Tower,0,18,13,1,32,0,10,45,2,57,0,28,58,3,89,36,0,36,125
09/27/2014,HVN,CT,ANE,EN,Federal Contract Tower,0,12,10,1,23,0,2,44,2,48,0,14,54,3,71,64,0,64,135
09/28/2014,HVN,CT,ANE,EN,Federal Contract Tower,0,9,13,0,22,0,2,50,0,52,0,11,63,0,74,10,0,10,84
09/29/2014,HVN,CT,ANE,EN,Federal Contract Tower,0,16,18,0,34,0,0,35,0,35,0,16,53,0,69,46,0,46,115
09/30/2014,HVN,CT,ANE,EN,Federal Contract Tower,0,15,18,0,33,0,1,4,0,5,0,16,22,0,38,0,0,0,38
10/01/2014,HVN,CT,ANE,EN,Federal Contract Tower,0,13,23,2,38,0,0,0,0,0,0,13,23,2,38,0,0,0,38
10/02/2014,HVN,CT,ANE,EN,Federal Contract Tower,0,13,18,0,31,0,2,5,0,7,0,15,23,0,38,62,0,62,100
10/03/2014,HVN,CT,ANE,EN,Federal Contract Tower,0,15,10,0,25,0,0,46,2,48,0,15,56,2,73,74,0,74,147
10/04/2014,HVN,CT,ANE,EN,Federal Contract Tower,0,6,9,0,15,0,0,0,0,0,0,6,9,0,15,0,0,0,15
10/05/2014,HVN,CT,ANE,EN,Federal Contract Tower,0,14,5,0,19,0,1,57,0,58,0,15,62,0,77,78,0,78,155
10/06/2014,HVN,CT,ANE,EN,Federal Contract Tower,0,15,16,1,32,0,0,39,0,39,0,15,55,1,71,68,2,70,141
10/07/2014,HVN,CT,ANE,EN,Federal Contract Tower,0,12,11,2,25,0,2,18,0,20,0,14,29,2,45,30,2,32,77
10/08/2014,HVN,CT,ANE,EN,Federal Contract Tower,0,17,11,0,28,0,3,19,0,22,0,20,30,0,50,20,0,20,70
10/09/2014,HVN,CT,ANE,EN,Federal Contract Tower,0,13,14,0,27,0,4,34,0,38,0,17,48,0,65,24,0,24,89
10/10/2014,HVN,CT,ANE,EN,Federal Contract Tower,0,17,19,0,36,0,1,42,0,43,0,18,61,0,79,12,0,12,91
10/11/2014,HVN,CT,ANE,EN,Federal Contract Tower,0,4,15,0,19,0,0,12,0,12,0,4,27,0,31,0,0,0,31
10/12/2014,HVN,CT,ANE,EN,Federal Contract Tower,0,18,17,1,36,0,2,67,17,86,0,20,84,18,122,48,2,50,172
10/13/2014,HVN,CT,ANE,EN,Federal Contract Tower,0,9,14,0,23,0,0,34,5,39,0,9,48,5,62,58,2,60,122
10/14/2014,HVN,CT,ANE,EN,Federal Contract Tower,0,11,19,2,32,0,0,20,0,20,0,11,39,2,52,48,0,48,100
10/15/2014,HVN,CT,ANE,EN,Federal Contract Tower,0,10,7,0,17,0,0,4,0,4,0,10,11,0,21,26,2,28,49
10/16/2014,HVN,CT,ANE,EN,Federal Contract Tower,0,12,9,0,21,0,0,7,0,7,0,12,16,0,28,8,0,8,36
10/17/2014,HVN,CT,ANE,EN,Federal Contract Tower,0,12,6,4,22,0,2,39,4,45,0,14,45,8,67,78,0,78,145
10/18/2014,HVN,CT,ANE,EN,Federal Contract Tower,0,6,10,0,16,0,0,32,2,34,0,6,42,2,50,56,0,56,106
10/19/2014,HVN,CT,ANE,EN,Federal Contract Tower,0,16,15,0,31,0,2,24,0,26,0,18,39,0,57,36,0,36,93
10/20/2014,HVN,CT,ANE,EN,Federal Contract Tower,0,11,10,0,21,0,51,0,0,51,0,62,10,0,72,60,0,60,132
10/21/2014,HVN,CT,ANE,EN,Federal Contract Tower,0,17,15,0,32,0,3,43,0,46,0,20,58,0,78,26,2,28,106
10/22/2014,HVN,CT,ANE,EN,Federal Contract Tower,0,7,11,0,18,0,0,1,0,1,0,7,12,0,19,0,2,2,21
10/23/2014,HVN,CT,ANE,EN,Federal Contract Tower,0,9,20,0,29,0,1,2,0,3,0,10,22,0,32,0,0,0,32
10/24/2014,HVN,CT,ANE,EN,Federal Contract Tower,0,18,14,2,34,0,2,19,2,23,0,20,33,4,57,12,0,12,69
10/25/2014,HVN,CT,ANE,EN,Federal Contract Tower,0,9,14,0,23,0,0,53,0,53,0,9,67,0,76,62,2,64,140
10/26/2014,HVN,CT,ANE,EN,Federal Contract Tower,0,19,12,0,31,0,3,16,0,19,0,22,28,0,50,26,0,26,76
10/27/2014,HVN,CT,ANE,EN,Federal Contract Tower,0,14,25,0,39,0,0,22,0,22,0,14,47,0,61,26,0,26,87
10/28/2014,HVN,CT,ANE,EN,Federal Contract Tower,0,12,8,0,20,0,0,33,0,33,0,12,41,0,53,34,0,34,87
10/29/2014,HVN,CT,ANE,EN,Federal Contract Tower,0,14,11,0,25,0,2,21,0,23,0,16,32,0,48,8,4,12,60
10/30/2014,HVN,CT,ANE,EN,Federal Contract Tower,0,11,24,2,37,0,0,31,3,34,0,11,55,5,71,14,0,14,85
10/31/2014,HVN,CT,ANE,EN,Federal Contract Tower,0,15,8,0,23,0,0,27,3,30,0,15,35,3,53,36,0,36,89
11/01/2014,HVN,CT,ANE,EN,Federal Contract Tower,0,10,5,1,16,0,0,2,0,2,0,10,7,1,18,0,0,0,18
11/02/2014,HVN,CT,ANE,EN,Federal Contract Tower,0,11,6,3,20,0,0,3,2,5,0,11,9,5,25,0,0,0,25
11/03/2014,HVN,CT,ANE,EN,Federal Contract Tower,0,12,10,2,24,0,2,38,7,47,0,14,48,9,71,38,0,38,109
11/04/2014,HVN,CT,ANE,EN,Federal Contract Tower,0,16,5,0,21,0,4,27,0,31,0,20,32,0,52,68,2,70,122
11/05/2014,HVN,CT,ANE,EN,Federal Contract Tower,0,12,11,1,24,0,1,15,0,16,0,13,26,1,40,44,2,46,86
11/06/2014,HVN,CT,ANE,EN,Federal Contract Tower,0,11,23,0,34,0,1,1,0,2,0,12,24,0,36,0,0,0,36
11/07/2014,HVN,CT,ANE,EN,Federal Contract Tower,0,18,9,0,27,0,2,24,0,26,0,20,33,0,53,26,0,26,79
11/08/2014,HVN,CT,ANE,EN,Federal Contract Tower,0,5,8,0,13,0,2,40,0,42,0,7,48,0,55,64,0,64,119
11/09/2014,HVN,CT,ANE,EN,Federal Contract Tower,0,20,9,0,29,0,0,37,0,37,0,20,46,0,66,54,0,54,120
11/10/2014,HVN,CT,ANE,EN,Federal Contract Tower,0,11,8,0,19,0,3,33,0,36,0,14,41,0,55,34,0,34,89
11/11/2014,HVN,CT,ANE,EN,Federal Contract Tower,0,10,10,0,20,0,0,46,0,46,0,10,56,0,66,104,0,104,170
11/12/2014,HVN,CT,ANE,EN,Federal Contract Tower,0,12,14,0,26,0,1,6,4,11,0,13,20,4,37,4,0,4,41
11/13/2014,HVN,CT,ANE,EN,Federal Contract Tower,0,13,30,0,43,0,0,41,0,41,0,13,71,0,84,100,0,100,184
11/14/2014,HVN,CT,ANE,EN,Federal Contract Tower,0,22,10,2,34,0,2,28,1,31,0,24,38,3,65,12,0,12,77
11/15/2014,HVN,CT,ANE,EN,Federal Contract Tower,0,11,12,0,23,0,0,47,0,47,0,11,59,0,70,66,0,66,136
11/16/2014,HVN,CT,ANE,EN,Federal Contract Tower,0,16,9,0,25,0,6,49,0,55,0,22,58,0,80,102,0,102,182
11/17/2014,HVN,CT,ANE,EN,Federal Contract Tower,0,8,11,0,19,0,0,0,0,0,0,8,11,0,19,0,0,0,19
11/18/2014,HVN,CT,ANE,EN,Federal Contract Tower,0,13,7,0,20,0,0,10,0,10,0,13,17,0,30,0,2,2,32
11/19/2014,HVN,CT,ANE,EN,Federal Contract Tower,0,7,10,0,17,0,6,36,0,42,0,13,46,0,59,34,12,46,105
11/20/2014,HVN,CT,ANE,EN,Federal Contract Tower,0,13,16,0,29,0,2,19,0,21,0,15,35,0,50,18,0,18,68
11/21/2014,HVN,CT,ANE,EN,Federal Contract Tower,0,19,9,0,28,0,0,18,0,18,0,19,27,0,46,32,0,32,78
11/22/2014,HVN,CT,ANE,EN,Federal Contract Tower,0,6,6,0,12,0,1,20,0,21,0,7,26,0,33,14,0,14,47
11/23/2014,HVN,CT,ANE,EN,Federal Contract Tower,0,11,8,0,19,0,6,53,0,59,0,17,61,0,78,112,0,112,190
11/24/2014,HVN,CT,ANE,EN,Federal Contract Tower,0,8,1,0,9,0,2,0,0,2,0,10,1,0,11,0,0,0,11
11/25/2014,HVN,CT,ANE,EN,Federal Contract Tower,0,9,14,0,23,0,3,45,0,48,0,12,59,0,71,96,0,96,167
11/26/2014,HVN,CT,ANE,EN,Federal Contract Tower,0,9,0,0,9,0,0,1,0,1,0,9,1,0,10,0,0,0,10
11/27/2014,HVN,CT,ANE,EN,Federal Contract Tower,0,4,4,0,8,0,8,3,0,11,0,12,7,0,19,0,0,0,19
11/28/2014,HVN,CT,ANE,EN,Federal Contract Tower,0,6,8,0,14,0,0,25,2,27,0,6,33,2,41,30,0,30,71
11/29/2014,HVN,CT,ANE,EN,Federal Contract Tower,0,10,4,0,14,0,2,36,0,38,0,12,40,0,52,52,0,52,104
11/30/2014,HVN,CT,ANE,EN,Federal Contract Tower,0,13,18,0,31,0,2,23,0,25,0,15,41,0,56,26,0,26,82
12/01/2014,HVN,CT,ANE,EN,Federal Contract Tower,0,15,9,0,24,0,2,30,0,32,0,17,39,0,56,8,2,10,66
12/02/2014,HVN,CT,ANE,EN,Federal Contract Tower,0,12,5,0,17,0,0,11,0,11,0,12,16,0,28,12,0,12,40
12/03/2014,HVN,CT,ANE,EN,Federal Contract Tower,0,9,12,0,21,0,0,0,0,0,0,9,12,0,21,0,0,0,21
12/04/2014,HVN,CT,ANE,EN,Federal Contract Tower,0,20,9,0,29,0,5,41,0,46,0,25,50,0,75,20,0,20,95
12/05/2014,HVN,CT,ANE,EN,Federal Contract Tower,0,18,24,0,42,0,1,21,0,22,0,19,45,0,64,52,0,52,116
12/06/2014,HVN,CT,ANE,EN,Federal Contract Tower,0,9,6,0,15,0,0,0,0,0,0,9,6,0,15,0,0,0,15
12/07/2014,HVN,CT,ANE,EN,Federal Contract Tower,0,9,9,0,18,0,1,9,0,10,0,10,18,0,28,6,0,6,34
12/08/2014,HVN,CT,ANE,EN,Federal Contract Tower,0,10,19,0,29,0,2,17,0,19,0,12,36,0,48,22,0,22,70
12/09/2014,HVN,CT,ANE,EN,Federal Contract Tower,0,9,5,0,14,0,0,0,0,0,0,9,5,0,14,0,0,0,14
12/10/2014,HVN,CT,ANE,EN,Federal Contract Tower,0,9,16,0,25,0,0,0,0,0,0,9,16,0,25,0,0,0,25
12/11/2014,HVN,CT,ANE,EN,Federal Contract Tower,0,11,16,0,27,0,0,8,0,8,0,11,24,0,35,22,0,22,57
12/12/2014,HVN,CT,ANE,EN,Federal Contract Tower,0,12,12,0,24,0,0,27,0,27,0,12,39,0,51,44,0,44,95
12/13/2014,HVN,CT,ANE,EN,Federal Contract Tower,0,8,8,0,16,0,2,36,0,38,0,10,44,0,54,42,0,42,96
12/14/2014,HVN,CT,ANE,EN,Federal Contract Tower,0,11,6,0,17,0,8,48,1,57,0,19,54,1,74,94,0,94,168
12/15/2014,HVN,CT,ANE,EN,Federal Contract Tower,0,18,3,0,21,0,0,41,0,41,0,18,44,0,62,48,0,48,110
12/16/2014,HVN,CT,ANE,EN,Federal Contract Tower,0,12,20,2,34,0,0,0,0,0,0,12,20,2,34,8,2,10,44
12/17/2014,HVN,CT,ANE,EN,Federal Contract Tower,0,14,18,0,32,0,1,18,0,19,0,15,36,0,51,10,0,10,61
12/18/2014,HVN,CT,ANE,EN,Federal Contract Tower,0,12,13,0,25,0,22,2,0,24,0,34,15,0,49,12,0,12,61
12/19/2014,HVN,CT,ANE,EN,Federal Contract Tower,0,13,9,0,22,0,3,16,0,19,0,16,25,0,41,30,0,30,71
12/20/2014,HVN,CT,ANE,EN,Federal Contract Tower,0,10,6,0,16,0,0,30,0,30,0,10,36,0,46,92,0,92,138
12/21/2014,HVN,CT,ANE,EN,Federal Contract Tower,0,11,4,0,15,0,0,1,0,1,0,11,5,0,16,0,0,0,16
12/22/2014,HVN,CT,ANE,EN,Federal Contract Tower,0,11,8,0,19,0,0,2,0,2,0,11,10,0,21,22,2,24,45
12/23/2014,HVN,CT,ANE,EN,Federal Contract Tower,0,7,6,0,13,0,0,0,0,0,0,7,6,0,13,0,0,0,13
12/24/2014,HVN,CT,ANE,EN,Federal Contract Tower,0,9,4,0,13,0,0,0,0,0,0,9,4,0,13,2,0,2,15
12/25/2014,HVN,CT,ANE,EN,Federal Contract Tower,0,6,4,0,10,0,0,0,0,0,0,6,4,0,10,0,0,0,10
12/26/2014,HVN,CT,ANE,EN,Federal Contract Tower,0,6,6,0,12,0,0,26,0,26,0,6,32,0,38,28,0,28,66
12/27/2014,HVN,CT,ANE,EN,Federal Contract Tower,0,8,6,0,14,0,0,43,0,43,0,8,49,0,57,62,0,62,119
12/28/2014,HVN,CT,ANE,EN,Federal Contract Tower,0,15,3,0,18,0,0,3,0,3,0,15,6,0,21,6,0,6,27
12/29/2014,HVN,CT,ANE,EN,Federal Contract Tower,0,9,3,0,12,0,0,26,0,26,0,9,29,0,38,30,0,30,68
12/30/2014,HVN,CT,ANE,EN,Federal Contract Tower,12,7,0,0,19,0,6,20,2,28,12,13,20,2,47,20,0,20,67
12/31/2014,HVN,CT,ANE,EN,Federal Contract Tower,0,9,3,0,12,0,2,22,0,24,0,11,25,0,36,54,6,60,96
01/01/2015,HVN,CT,ANE,EN,Federal Contract Tower,0,7,0,0,7,0,0,2,0,2,0,7,2,0,9,0,0,0,9
01/02/2015,HVN,CT,ANE,EN,Federal Contract Tower,0,10,6,0,16,0,0,9,0,9,0,10,15,0,25,20,0,20,45
01/03/2015,HVN,CT,ANE,EN,Federal Contract Tower,0,4,9,0,13,0,0,5,0,5,0,4,14,0,18,20,0,20,38
01/04/2015,HVN,CT,ANE,EN,Federal Contract Tower,0,3,2,0,5,0,0,0,0,0,0,3,2,0,5,0,0,0,5
01/05/2015,HVN,CT,ANE,EN,Federal Contract Tower,0,12,7,0,19,0,0,4,0,4,0,12,11,0,23,0,0,0,23
01/06/2015,HVN,CT,ANE,EN,Federal Contract Tower,0,9,6,0,15,0,0,1,0,1,0,9,7,0,16,0,0,0,16
01/07/2015,HVN,CT,ANE,EN,Federal Contract Tower,0,5,5,0,10,0,0,6,0,6,0,5,11,0,16,6,0,6,22
01/08/2015,HVN,CT,ANE,EN,Federal Contract Tower,0,11,10,0,21,0,0,24,0,24,0,11,34,0,45,8,0,8,53
01/09/2015,HVN,CT,ANE,EN,Federal Contract Tower,0,9,6,0,15,0,2,4,0,6,0,11,10,0,21,2,0,2,23
01/10/2015,HVN,CT,ANE,EN,Federal Contract Tower,0,5,14,0,19,0,0,20,0,20,0,5,34,0,39,58,0,58,97
01/11/2015,HVN,CT,ANE,EN,Federal Contract Tower,0,13,6,0,19,0,3,20,1,24,0,16,26,1,43,22,20,42,85
01/12/2015,HVN,CT,ANE,EN,Federal Contract Tower,0,8,5,0,13,0,0,0,0,0,0,8,5,0,13,0,0,0,13
01/13/2015,HVN,CT,ANE,EN,Federal Contract Tower,0,8,4,0,12,0,1,14,0,15,0,9,18,0,27,36,0,36,63
01/14/2015,HVN,CT,ANE,EN,Federal Contract Tower,0,6,12,0,18,0,2,5,0,7,0,8,17,0,25,20,0,20,45
01/15/2015,HVN,CT,ANE,EN,Federal Contract Tower,0,20,16,0,36,0,1,26,0,27,0,21,42,0,63,26,0,26,89
01/16/2015,HVN,CT,ANE,EN,Federal Contract Tower,0,12,6,1,19,0,2,10,0,12,0,14,16,1,31,10,0,10,41
01/17/2015,HVN,CT,ANE,EN,Federal Contract Tower,0,10,6,0,16,0,1,42,0,43,0,11,48,0,59,70,0,70,129
01/18/2015,HVN,CT,ANE,EN,Federal Contract Tower,0,10,10,0,20,0,0,0,0,0,0,10,10,0,20,0,0,0,20
01/19/2015,HVN,CT,ANE,EN,Federal Contract Tower,0,12,4,0,16,0,0,20,0,20,0,12,24,0,36,38,0,38,74
01/20/2015,HVN,CT,ANE,EN,Federal Contract Tower,0,7,8,0,15,0,0,22,0,22,0,7,30,0,37,12,4,16,53
01/21/2015,HVN,CT,ANE,EN,Federal Contract Tower,0,11,27,0,38,0,16,20,0,36,0,27,47,0,74,50,0,50,124
01/22/2015,HVN,CT,ANE,EN,Federal Contract Tower,0,11,11,0,22,0,1,15,0,16,0,12,26,0,38,10,0,10,48
01/23/2015,HVN,CT,ANE,EN,Federal Contract Tower,0,14,10,0,24,0,2,34,2,38,0,16,44,2,62,94,0,94,156
01/24/2015,HVN,CT,ANE,EN,Federal Contract Tower,0,4,0,0,4,0,0,0,0,0,0,4,0,0,4,0,0,0,4
01/25/2015,HVN,CT,ANE,EN,Federal Contract Tower,0,7,13,0,20,0,1,24,0,25,0,8,37,0,45,54,0,54,99
01/26/2015,HVN,CT,ANE,EN,Federal Contract Tower,0,4,3,0,7,0,0,0,0,0,0,4,3,0,7,2,0,2,9
01/27/2015,HVN,CT,ANE,EN,Federal Contract Tower,0,0,0,0,0,0,0,0,0,0,0,0,0,0,0,0,0,0,0
01/28/2015,HVN,CT,ANE,EN,Federal Contract Tower,0,23,4,0,27,0,1,13,0,14,0,24,17,0,41,8,2,10,51
01/29/2015,HVN,CT,ANE,EN,Federal Contract Tower,0,26,9,0,35,0,18,24,2,44,0,44,33,2,79,40,0,40,119
01/30/2015,HVN,CT,ANE,EN,Federal Contract Tower,0,8,6,0,14,0,0,4,0,4,0,8,10,0,18,0,0,0,18
01/31/2015,HVN,CT,ANE,EN,Federal Contract Tower,0,4,7,0,11,0,0,4,0,4,0,4,11,0,15,0,0,0,15
02/01/2015,HVN,CT,ANE,EN,Federal Contract Tower,0,5,6,0,11,0,0,32,5,37,0,5,38,5,48,32,24,56,104
02/02/2015,HVN,CT,ANE,EN,Federal Contract Tower,0,1,0,0,1,0,0,0,0,0,0,1,0,0,1,0,0,0,1
02/03/2015,HVN,CT,ANE,EN,Federal Contract Tower,0,11,13,0,24,0,1,9,0,10,0,12,22,0,34,8,0,8,42
02/04/2015,HVN,CT,ANE,EN,Federal Contract Tower,0,12,14,1,27,0,2,15,0,17,0,14,29,1,44,42,4,46,90
02/05/2015,HVN,CT,ANE,EN,Federal Contract Tower,0,10,6,0,16,0,0,5,0,5,0,10,11,0,21,0,0,0,21
02/06/2015,HVN,CT,ANE,EN,Federal Contract Tower,0,12,7,1,20,0,0,17,1,18,0,12,24,2,38,10,0,10,48
02/07/2015,HVN,CT,ANE,EN,Federal Contract Tower,0,5,7,0,12,0,0,9,0,9,0,5,16,0,21,20,0,20,41
02/08/2015,HVN,CT,ANE,EN,Federal Contract Tower,0,9,6,0,15,0,0,0,0,0,0,9,6,0,15,0,0,0,15
02/09/2015,HVN,CT,ANE,EN,Federal Contract Tower,0,0,2,0,2,0,0,0,0,0,0,0,2,0,2,0,0,0,2
02/10/2015,HVN,CT,ANE,EN,Federal Contract Tower,0,11,11,0,22,0,0,5,4,9,0,11,16,4,31,4,4,8,39
02/11/2015,HVN,CT,ANE,EN,Federal Contract Tower,0,13,5,0,18,0,0,14,0,14,0,13,19,0,32,4,0,4,36
02/12/2015,HVN,CT,ANE,EN,Federal Contract Tower,0,15,5,0,20,0,0,0,0,0,0,15,5,0,20,0,0,0,20
02/13/2015,HVN,CT,ANE,EN,Federal Contract Tower,0,7,5,0,12,0,2,16,0,18,0,9,21,0,30,60,0,60,90
02/14/2015,HVN,CT,ANE,EN,Federal Contract Tower,0,3,4,0,7,0,0,12,0,12,0,3,16,0,19,26,0,26,45
02/15/2015,HVN,CT,ANE,EN,Federal Contract Tower,0,5,4,0,9,0,0,0,0,0,0,5,4,0,9,0,0,0,9
02/16/2015,HVN,CT,ANE,EN,Federal Contract Tower,0,10,5,0,15,0,0,16,0,16,0,10,21,0,31,46,0,46,77
02/17/2015,HVN,CT,ANE,EN,Federal Contract Tower,0,8,5,0,13,0,1,7,0,8,0,9,12,0,21,14,0,14,35
02/18/2015,HVN,CT,ANE,EN,Federal Contract Tower,0,8,8,0,16,0,1,28,0,29,0,9,36,0,45,34,0,34,79
02/19/2015,HVN,CT,ANE,EN,Federal Contract Tower,0,12,5,2,19,0,4,7,2,13,0,16,12,4,32,0,0,0,32
02/20/2015,HVN,CT,ANE,EN,Federal Contract Tower,0,15,6,0,21,0,2,15,0,17,0,17,21,0,38,12,0,12,50
02/21/2015,HVN,CT,ANE,EN,Federal Contract Tower,0,5,10,0,15,0,1,8,0,9,0,6,18,0,24,68,0,68,92
02/22/2015,HVN,CT,ANE,EN,Federal Contract Tower,0,22,5,0,27,0,0,8,0,8,0,22,13,0,35,28,0,28,63
02/23/2015,HVN,CT,ANE,EN,Federal Contract Tower,0,19,15,0,34,0,2,20,0,22,0,21,35,0,56,20,0,20,76
02/24/2015,HVN,CT,ANE,EN,Federal Contract Tower,0,6,9,0,15,0,2,20,0,22,0,8,29,0,37,16,0,16,53
02/25/2015,HVN,CT,ANE,EN,Federal Contract Tower,0,8,10,0,18,0,2,16,2,20,0,10,26,2,38,8,0,8,46
02/26/2015,HVN,CT,ANE,EN,Federal Contract Tower,0,17,11,0,28,0,2,8,0,10,0,19,19,0,38,8,0,8,46
02/27/2015,HVN,CT,ANE,EN,Federal Contract Tower,0,18,9,0,27,0,6,21,4,31,0,24,30,4,58,4,0,4,62
02/28/2015,HVN,CT,ANE,EN,Federal Contract Tower,0,4,13,0,17,0,2,51,0,53,0,6,64,0,70,58,0,58,128
03/01/2015,HVN,CT,ANE,EN,Federal Contract Tower,0,1,7,0,8,0,0,3,0,3,0,1,10,0,11,6,0,6,17
03/02/2015,HVN,CT,ANE,EN,Federal Contract Tower,0,6,4,0,10,0,0,3,0,3,0,6,7,0,13,0,0,0,13
03/03/2015,HVN,CT,ANE,EN,Federal Contract Tower,0,9,8,0,17,0,1,17,4,22,0,10,25,4,39,8,2,10,49
03/04/2015,HVN,CT,ANE,EN,Federal Contract Tower,0,6,6,0,12,0,2,0,0,2,0,8,6,0,14,0,0,0,14
03/05/2015,HVN,CT,ANE,EN,Federal Contract Tower,0,6,3,0,9,0,0,0,0,0,0,6,3,0,9,0,0,0,9
03/06/2015,HVN,CT,ANE,EN,Federal Contract Tower,0,13,5,0,18,0,1,22,0,23,0,14,27,0,41,36,0,36,77
03/07/2015,HVN,CT,ANE,EN,Federal Contract Tower,0,9,5,0,14,0,0,29,2,31,0,9,34,2,45,26,0,26,71
03/08/2015,HVN,CT,ANE,EN,Federal Contract Tower,0,13,7,0,20,0,0,19,0,19,0,13,26,0,39,68,0,68,107
03/09/2015,HVN,CT,ANE,EN,Federal Contract Tower,0,14,10,0,24,0,0,25,0,25,0,14,35,0,49,22,0,22,71
03/10/2015,HVN,CT,ANE,EN,Federal Contract Tower,0,11,10,0,21,0,0,20,0,20,0,11,30,0,41,30,0,30,71
03/11/2015,HVN,CT,ANE,EN,Federal Contract Tower,0,9,12,0,21,0,1,21,4,26,0,10,33,4,47,52,0,52,99
03/12/2015,HVN,CT,ANE,EN,Federal Contract Tower,0,20,4,0,24,0,0,18,2,20,0,20,22,2,44,10,2,12,56
03/13/2015,HVN,CT,ANE,EN,Federal Contract Tower,0,7,14,0,21,0,3,40,4,47,0,10,54,4,68,36,0,36,104
03/14/2015,HVN,CT,ANE,EN,Federal Contract Tower,0,2,3,0,5,0,0,0,0,0,0,2,3,0,5,0,0,0,5
03/15/2015,HVN,CT,ANE,EN,Federal Contract Tower,0,12,7,0,19,0,0,17,0,17,0,12,24,0,36,44,0,44,80
03/16/2015,HVN,CT,ANE,EN,Federal Contract Tower,0,8,14,0,22,0,2,34,0,36,0,10,48,0,58,6,0,6,64
03/17/2015,HVN,CT,ANE,EN,Federal Contract Tower,0,4,9,2,15,0,0,2,0,2,0,4,11,2,17,0,0,0,17
03/18/2015,HVN,CT,ANE,EN,Federal Contract Tower,0,9,6,2,17,0,0,8,0,8,0,9,14,2,25,0,0,0,25
03/19/2015,HVN,CT,ANE,EN,Federal Contract Tower,0,12,6,0,18,0,1,26,0,27,0,13,32,0,45,14,6,20,65
03/20/2015,HVN,CT,ANE,EN,Federal Contract Tower,0,9,4,0,13,0,2,8,8,18,0,11,12,8,31,6,0,6,37
03/21/2015,HVN,CT,ANE,EN,Federal Contract Tower,0,3,6,0,9,0,0,3,0,3,0,3,9,0,12,18,0,18,30
03/22/2015,HVN,CT,ANE,EN,Federal Contract Tower,0,16,5,0,21,0,0,22,0,22,0,16,27,0,43,84,0,84,127
03/23/2015,HVN,CT,ANE,EN,Federal Contract Tower,0,9,5,0,14,0,0,23,8,31,0,9,28,8,45,88,0,88,133
03/24/2015,HVN,CT,ANE,EN,Federal Contract Tower,0,17,5,0,22,0,0,4,35,39,0,17,9,35,61,88,6,94,155
03/25/2015,HVN,CT,ANE,EN,Federal Contract Tower,0,6,24,0,30,0,0,26,0,26,0,6,50,0,56,44,0,44,100
03/26/2015,HVN,CT,ANE,EN,Federal Contract Tower,0,13,5,0,18,0,0,0,0,0,0,13,5,0,18,6,0,6,24
03/27/2015,HVN,CT,ANE,EN,Federal Contract Tower,0,8,11,0,19,0,0,2,0,2,0,8,13,0,21,4,0,4,25
03/28/2015,HVN,CT,ANE,EN,Federal Contract Tower,0,2,4,0,6,0,0,0,0,0,0,2,4,0,6,0,0,0,6
03/29/2015,HVN,CT,ANE,EN,Federal Contract Tower,0,10,11,0,21,0,0,72,8,80,0,10,83,8,101,70,0,70,171
03/30/2015,HVN,CT,ANE,EN,Federal Contract Tower,0,10,18,1,29,0,0,23,5,28,0,10,41,6,57,18,0,18,75
03/31/2015,HVN,CT,ANE,EN,Federal Contract Tower,0,12,13,0,25,0,3,18,4,25,0,15,31,4,50,62,0,62,112
04/01/2015,HVN,CT,ANE,EN,Federal Contract Tower,0,14,18,0,32,0,1,28,2,31,0,15,46,2,63,54,0,54,117
04/02/2015,HVN,CT,ANE,EN,Federal Contract Tower,0,10,11,0,21,0,10,25,0,35,0,20,36,0,56,46,0,46,102
04/03/2015,HVN,CT,ANE,EN,Federal Contract Tower,0,12,14,0,26,0,1,2,0,3,0,13,16,0,29,44,0,44,73
04/04/2015,HVN,CT,ANE,EN,Federal Contract Tower,0,4,3,0,7,0,0,8,0,8,0,4,11,0,15,12,0,12,27
04/05/2015,HVN,CT,ANE,EN,Federal Contract Tower,0,12,9,0,21,0,0,19,0,19,0,12,28,0,40,44,0,44,84
04/06/2015,HVN,CT,ANE,EN,Federal Contract Tower,0,14,13,0,27,0,2,48,0,50,0,16,61,0,77,64,0,64,141
04/07/2015,HVN,CT,ANE,EN,Federal Contract Tower,0,18,14,0,32,0,1,0,0,1,0,19,14,0,33,12,0,12,45
04/08/2015,HVN,CT,ANE,EN,Federal Contract Tower,0,17,7,2,26,0,0,9,1,10,0,17,16,3,36,14,12,26,62
04/09/2015,HVN,CT,ANE,EN,Federal Contract Tower,0,20,11,1,32,0,0,1,0,1,0,20,12,1,33,0,2,2,35
04/10/2015,HVN,CT,ANE,EN,Federal Contract Tower,0,9,10,0,19,0,0,0,0,0,0,9,10,0,19,0,0,0,19
04/11/2015,HVN,CT,ANE,EN,Federal Contract Tower,0,7,10,2,19,0,2,15,0,17,0,9,25,2,36,68,0,68,104
04/12/2015,HVN,CT,ANE,EN,Federal Contract Tower,0,11,14,0,25,0,2,65,1,68,0,13,79,1,93,190,8,198,291
04/13/2015,HVN,CT,ANE,EN,Federal Contract Tower,0,16,13,0,29,0,0,44,2,46,0,16,57,2,75,96,0,96,171
04/14/2015,HVN,CT,ANE,EN,Federal Contract Tower,0,12,15,0,27,0,0,11,0,11,0,12,26,0,38,44,0,44,82
04/15/2015,HVN,CT,ANE,EN,Federal Contract Tower,0,7,16,0,23,0,3,25,0,28,0,10,41,0,51,56,0,56,107
04/16/2015,HVN,CT,ANE,EN,Federal Contract Tower,0,15,12,0,27,0,4,38,0,42,0,19,50,0,69,70,0,70,139
04/17/2015,HVN,CT,ANE,EN,Federal Contract Tower,0,11,11,0,22,0,6,3,2,11,0,17,14,2,33,16,0,16,49
04/18/2015,HVN,CT,ANE,EN,Federal Contract Tower,0,5,13,0,18,0,0,32,0,32,0,5,45,0,50,100,0,100,150
04/19/2015,HVN,CT,ANE,EN,Federal Contract Tower,0,9,14,0,23,0,4,54,4,62,0,13,68,4,85,76,0,76,161
04/20/2015,HVN,CT,ANE,EN,Federal Contract Tower,0,11,10,0,21,0,0,0,0,0,0,11,10,0,21,0,0,0,21
04/21/2015,HVN,CT,ANE,EN,Federal Contract Tower,0,11,9,0,20,0,3,5,0,8,0,14,14,0,28,2,0,2,30
04/22/2015,HVN,CT,ANE,EN,Federal Contract Tower,0,13,6,0,19,0,2,9,2,13,0,15,15,2,32,42,4,46,78
04/23/2015,HVN,CT,ANE,EN,Federal Contract Tower,0,16,20,0,36,0,3,6,0,9,0,19,26,0,45,0,0,0,45
04/24/2015,HVN,CT,ANE,EN,Federal Contract Tower,0,14,16,0,30,0,4,12,0,16,0,18,28,0,46,0,0,0,46
04/25/2015,HVN,CT,ANE,EN,Federal Contract Tower,0,6,9,0,15,0,4,42,0,46,0,10,51,0,61,36,0,36,97
04/26/2015,HVN,CT,ANE,EN,Federal Contract Tower,0,8,12,2,22,0,2,39,0,41,0,10,51,2,63,90,0,90,153
04/27/2015,HVN,CT,ANE,EN,Federal Contract Tower,0,27,8,0,35,0,2,10,0,12,0,29,18,0,47,56,0,56,103
04/28/2015,HVN,CT,ANE,EN,Federal Contract Tower,0,23,6,0,29,0,6,27,0,33,0,29,33,0,62,46,6,52,114
04/29/2015,HVN,CT,ANE,EN,Federal Contract Tower,0,21,14,0,35,0,5,39,2,46,0,26,53,2,81,64,0,64,145
04/30/2015,HVN,CT,ANE,EN,Federal Contract Tower,0,19,16,0,35,0,6,29,0,35,0,25,45,0,70,82,0,82,152
05/01/2015,HVN,CT,ANE,EN,Federal Contract Tower,0,14,7,0,21,0,8,31,6,45,0,22,38,6,66,42,0,42,108
05/02/2015,HVN,CT,ANE,EN,Federal Contract Tower,0,5,2,0,7,0,3,55,0,58,0,8,57,0,65,138,0,138,203
05/03/2015,HVN,CT,ANE,EN,Federal Contract Tower,0,9,4,0,13,0,5,57,1,63,0,14,61,1,76,62,4,66,142
05/04/2015,HVN,CT,ANE,EN,Federal Contract Tower,0,11,11,0,22,0,5,28,0,33,0,16,39,0,55,82,0,82,137
05/05/2015,HVN,CT,ANE,EN,Federal Contract Tower,0,20,16,0,36,0,6,33,0,39,0,26,49,0,75,74,0,74,149
05/06/2015,HVN,CT,ANE,EN,Federal Contract Tower,0,16,12,0,28,0,1,18,0,19,0,17,30,0,47,70,2,72,119
05/07/2015,HVN,CT,ANE,EN,Federal Contract Tower,0,10,9,0,19,0,9,44,0,53,0,19,53,0,72,68,0,68,140
05/08/2015,HVN,CT,ANE,EN,Federal Contract Tower,0,15,3,0,18,0,10,33,0,43,0,25,36,0,61,38,0,38,99
05/09/2015,HVN,CT,ANE,EN,Federal Contract Tower,0,10,11,0,21,0,0,1,0,1,0,10,12,0,22,0,0,0,22
05/10/2015,HVN,CT,ANE,EN,Federal Contract Tower,0,8,3,0,11,0,6,26,0,32,0,14,29,0,43,52,0,52,95
05/11/2015,HVN,CT,ANE,EN,Federal Contract Tower,0,15,14,0,29,0,4,24,6,34,0,19,38,6,63,30,2,32,95
05/12/2015,HVN,CT,ANE,EN,Federal Contract Tower,0,9,11,0,20,0,3,15,0,18,0,12,26,0,38,20,0,20,58
05/13/2015,HVN,CT,ANE,EN,Federal Contract Tower,0,19,6,0,25,0,8,26,2,36,0,27,32,2,61,14,0,14,75
05/14/2015,HVN,CT,ANE,EN,Federal Contract Tower,0,22,5,0,27,0,11,79,1,91,0,33,84,1,118,146,0,146,264
05/15/2015,HVN,CT,ANE,EN,Federal Contract Tower,0,19,13,0,32,0,3,32,0,35,0,22,45,0,67,40,0,40,107
05/16/2015,HVN,CT,ANE,EN,Federal Contract Tower,0,9,23,2,34,0,0,16,0,16,0,9,39,2,50,66,2,68,118
05/17/2015,HVN,CT,ANE,EN,Federal Contract Tower,0,13,27,3,43,0,5,16,4,25,0,18,43,7,68,14,12,26,94
05/18/2015,HVN,CT,ANE,EN,Federal Contract Tower,0,15,23,1,39,0,1,10,0,11,0,16,33,1,50,22,0,22,72
05/19/2015,HVN,CT,ANE,EN,Federal Contract Tower,0,9,26,2,37,0,0,4,0,4,0,9,30,2,41,14,0,14,55
05/20/2015,HVN,CT,ANE,EN,Federal Contract Tower,0,20,22,0,42,0,5,7,0,12,0,25,29,0,54,0,0,0,54
05/21/2015,HVN,CT,ANE,EN,Federal Contract Tower,0,14,26,0,40,0,9,39,3,51,0,23,65,3,91,116,0,116,207
05/22/2015,HVN,CT,ANE,EN,Federal Contract Tower,0,12,22,0,34,0,12,33,0,45,0,24,55,0,79,60,0,60,139
05/23/2015,HVN,CT,ANE,EN,Federal Contract Tower,0,10,9,0,19,0,9,34,0,43,0,19,43,0,62,30,0,30,92
05/24/2015,HVN,CT,ANE,EN,Federal Contract Tower,0,7,10,0,17,0,3,53,0,56,0,10,63,0,73,114,0,114,187
05/25/2015,HVN,CT,ANE,EN,Federal Contract Tower,0,7,5,0,12,0,11,31,0,42,0,18,36,0,54,78,0,78,132
05/26/2015,HVN,CT,ANE,EN,Federal Contract Tower,0,15,10,0,25,0,19,27,0,46,0,34,37,0,71,30,0,30,101
05/27/2015,HVN,CT,ANE,EN,Federal Contract Tower,0,16,14,4,34,0,2,19,2,23,0,18,33,6,57,78,0,78,135
05/28/2015,HVN,CT,ANE,EN,Federal Contract Tower,0,21,17,0,38,0,5,11,0,16,0,26,28,0,54,2,0,2,56
05/29/2015,HVN,CT,ANE,EN,Federal Contract Tower,0,17,18,0,35,0,18,46,0,64,0,35,64,0,99,100,0,100,199
05/30/2015,HVN,CT,ANE,EN,Federal Contract Tower,0,13,9,0,22,0,7,35,0,42,0,20,44,0,64,102,6,108,172
05/31/2015,HVN,CT,ANE,EN,Federal Contract Tower,0,15,3,0,18,0,15,6,0,21,0,30,9,0,39,2,0,2,41
06/01/2015,HVN,CT,ANE,EN,Federal Contract Tower,0,12,9,0,21,0,0,0,0,0,0,12,9,0,21,0,0,0,21
06/02/2015,HVN,CT,ANE,EN,Federal Contract Tower,0,15,4,0,19,0,0,0,0,0,0,15,4,0,19,0,0,0,19
06/03/2015,HVN,CT,ANE,EN,Federal Contract Tower,0,18,18,0,36,0,7,43,4,54,0,25,61,4,90,36,0,36,126
06/04/2015,HVN,CT,ANE,EN,Federal Contract Tower,0,13,17,0,30,0,6,26,0,32,0,19,43,0,62,54,0,54,116
06/05/2015,HVN,CT,ANE,EN,Federal Contract Tower,0,12,9,0,21,0,17,26,0,43,0,29,35,0,64,47,0,47,111
06/06/2015,HVN,CT,ANE,EN,Federal Contract Tower,0,10,8,0,18,0,6,22,0,28,0,16,30,0,46,30,0,30,76
06/07/2015,HVN,CT,ANE,EN,Federal Contract Tower,0,12,10,1,23,0,7,44,1,52,0,19,54,2,75,74,0,74,149
06/08/2015,HVN,CT,ANE,EN,Federal Contract Tower,0,8,8,0,16,0,9,20,0,29,0,17,28,0,45,56,0,56,101
06/09/2015,HVN,CT,ANE,EN,Federal Contract Tower,0,21,6,0,27,0,0,4,0,4,0,21,10,0,31,20,0,20,51
06/10/2015,HVN,CT,ANE,EN,Federal Contract Tower,0,15,7,0,22,0,19,85,6,110,0,34,92,6,132,172,0,172,304
06/11/2015,HVN,CT,ANE,EN,Federal Contract Tower,0,13,15,0,28,0,17,37,0,54,0,30,52,0,82,74,0,74,156
06/12/2015,HVN,CT,ANE,EN,Federal Contract Tower,0,11,13,0,24,0,13,44,0,57,0,24,57,0,81,116,0,116,197
06/13/2015,HVN,CT,ANE,EN,Federal Contract Tower,0,8,15,0,23,0,0,36,0,36,0,8,51,0,59,88,0,88,147
06/14/2015,HVN,CT,ANE,EN,Federal Contract Tower,0,13,7,0,20,0,22,39,4,65,0,35,46,4,85,82,18,100,185
06/15/2015,HVN,CT,ANE,EN,Federal Contract Tower,0,19,9,0,28,0,0,0,0,0,0,19,9,0,28,0,0,0,28
06/16/2015,HVN,CT,ANE,EN,Federal Contract Tower,0,14,10,0,24,0,0,0,0,0,0,14,10,0,24,0,0,0,24
06/17/2015,HVN,CT,ANE,EN,Federal Contract Tower,0,7,9,0,16,0,12,37,0,49,0,19,46,0,65,72,0,72,137
06/18/2015,HVN,CT,ANE,EN,Federal Contract Tower,0,15,25,0,40,0,13,22,0,35,0,28,47,0,75,74,0,74,149
06/19/2015,HVN,CT,ANE,EN,Federal Contract Tower,0,13,12,0,25,0,20,25,0,45,0,33,37,0,70,32,6,38,108
06/20/2015,HVN,CT,ANE,EN,Federal Contract Tower,0,11,9,0,20,0,1,26,0,27,0,12,35,0,47,34,0,34,81
06/21/2015,HVN,CT,ANE,EN,Federal Contract Tower,0,6,11,0,17,0,7,7,0,14,0,13,18,0,31,0,0,0,31
06/22/2015,HVN,CT,ANE,EN,Federal Contract Tower,0,10,4,0,14,0,11,46,2,59,0,21,50,2,73,64,4,68,141
06/23/2015,HVN,CT,ANE,EN,Federal Contract Tower,0,19,8,0,27,0,1,8,0,9,0,20,16,0,36,12,0,12,48
06/24/2015,HVN,CT,ANE,EN,Federal Contract Tower,0,17,11,0,28,0,8,40,1,49,0,25,51,1,77,58,0,58,135
06/25/2015,HVN,CT,ANE,EN,Federal Contract Tower,0,14,15,1,30,0,14,61,5,80,0,28,76,6,110,82,0,82,192
06/26/2015,HVN,CT,ANE,EN,Federal Contract Tower,0,11,9,0,20,0,6,33,0,39,0,17,42,0,59,62,2,64,123
06/27/2015,HVN,CT,ANE,EN,Federal Contract Tower,0,8,6,0,14,0,0,18,2,20,0,8,24,2,34,16,0,16,50
06/28/2015,HVN,CT,ANE,EN,Federal Contract Tower,0,14,16,0,30,0,3,0,0,3,0,17,16,0,33,6,0,6,39
06/29/2015,HVN,CT,ANE,EN,Federal Contract Tower,0,13,14,0,27,0,15,38,0,53,0,28,52,0,80,68,0,68,148
06/30/2015,HVN,CT,ANE,EN,Federal Contract Tower,0,11,13,0,24,0,13,31,0,44,0,24,44,0,68,84,0,84,152
07/01/2015,HVN,CT,ANE,EN,Federal Contract Tower,0,10,1,0,11,0,10,8,0,18,0,20,9,0,29,40,4,44,73
07/02/2015,HVN,CT,ANE,EN,Federal Contract Tower,0,16,17,0,33,0,22,41,0,63,0,38,58,0,96,114,0,114,210
07/03/2015,HVN,CT,ANE,EN,Federal Contract Tower,0,10,9,0,19,0,6,60,0,66,0,16,69,0,85,136,0,136,221
07/04/2015,HVN,CT,ANE,EN,Federal Contract Tower,0,5,3,0,8,0,0,19,0,19,0,5,22,0,27,26,0,26,53
07/05/2015,HVN,CT,ANE,EN,Federal Contract Tower,0,14,2,0,16,0,11,39,0,50,0,25,41,0,66,80,0,80,146
07/06/2015,HVN,CT,ANE,EN,Federal Contract Tower,0,13,9,0,22,0,18,57,0,75,0,31,66,0,97,108,2,110,207
07/07/2015,HVN,CT,ANE,EN,Federal Contract Tower,0,11,11,0,22,0,5,8,0,13,0,16,19,0,35,32,0,32,67
07/08/2015,HVN,CT,ANE,EN,Federal Contract Tower,0,15,10,1,26,0,6,13,2,21,0,21,23,3,47,34,10,44,91
07/09/2015,HVN,CT,ANE,EN,Federal Contract Tower,0,12,20,2,34,0,7,15,0,22,0,19,35,2,56,52,2,54,110
07/10/2015,HVN,CT,ANE,EN,Federal Contract Tower,0,8,5,0,13,0,17,36,9,62,0,25,41,9,75,60,0,60,135
07/11/2015,HVN,CT,ANE,EN,Federal Contract Tower,0,5,13,0,18,0,4,82,0,86,0,9,95,0,104,56,0,56,160
07/12/2015,HVN,CT,ANE,EN,Federal Contract Tower,0,13,10,0,23,0,11,61,0,72,0,24,71,0,95,60,0,60,155
07/13/2015,HVN,CT,ANE,EN,Federal Contract Tower,0,16,16,0,32,0,15,56,11,82,0,31,72,11,114,88,4,92,206
07/14/2015,HVN,CT,ANE,EN,Federal Contract Tower,0,17,10,0,27,0,7,8,0,15,0,24,18,0,42,22,0,22,64
07/15/2015,HVN,CT,ANE,EN,Federal Contract Tower,0,17,6,0,23,0,2,4,1,7,0,19,10,1,30,18,0,18,48
07/16/2015,HVN,CT,ANE,EN,Federal Contract Tower,0,23,10,0,33,0,9,60,0,69,0,32,70,0,102,66,0,66,168
07/17/2015,HVN,CT,ANE,EN,Federal Contract Tower,0,14,16,0,30,0,12,54,2,68,0,26,70,2,98,88,4,92,190
07/18/2015,HVN,CT,ANE,EN,Federal Contract Tower,0,5,12,0,17,0,0,8,0,8,0,5,20,0,25,14,0,14,39
07/19/2015,HVN,CT,ANE,EN,Federal Contract Tower,0,15,12,0,27,0,7,14,4,25,0,22,26,4,52,46,0,46,98
07/20/2015,HVN,CT,ANE,EN,Federal Contract Tower,0,15,7,0,22,0,15,36,9,60,0,30,43,9,82,42,4,46,128
07/21/2015,HVN,CT,ANE,EN,Federal Contract Tower,0,15,13,0,28,0,4,14,2,20,0,19,27,2,48,22,0,22,70
07/22/2015,HVN,CT,ANE,EN,Federal Contract Tower,0,20,12,0,32,0,14,28,0,42,0,34,40,0,74,36,0,36,110
07/23/2015,HVN,CT,ANE,EN,Federal Contract Tower,0,13,7,0,20,0,20,39,0,59,0,33,46,0,79,42,0,42,121
07/24/2015,HVN,CT,ANE,EN,Federal Contract Tower,0,12,8,0,20,0,14,40,0,54,0,26,48,0,74,20,0,20,94
07/25/2015,HVN,CT,ANE,EN,Federal Contract Tower,0,6,8,0,14,0,8,39,2,49,0,14,47,2,63,38,0,38,101
07/26/2015,HVN,CT,ANE,EN,Federal Contract Tower,0,12,12,0,24,0,9,8,0,17,0,21,20,0,41,6,0,6,47
07/27/2015,HVN,CT,ANE,EN,Federal Contract Tower,0,12,17,0,29,0,15,22,8,45,0,27,39,8,74,38,8,46,120
07/28/2015,HVN,CT,ANE,EN,Federal Contract Tower,0,8,9,0,17,0,14,35,1,50,0,22,44,1,67,66,0,66,133
07/29/2015,HVN,CT,ANE,EN,Federal Contract Tower,0,16,14,0,30,0,16,50,1,67,0,32,64,1,97,72,0,72,169
07/30/2015,HVN,CT,ANE,EN,Federal Contract Tower,0,16,12,2,30,0,12,15,0,27,0,28,27,2,57,38,2,40,97
07/31/2015,HVN,CT,ANE,EN,Federal Contract Tower,0,13,25,0,38,0,14,60,0,74,0,27,85,0,112,66,0,66,178
08/01/2015,HVN,CT,ANE,EN,Federal Contract Tower,0,4,6,0,10,0,5,47,0,52,0,9,53,0,62,72,2,74,136
08/02/2015,HVN,CT,ANE,EN,Federal Contract Tower,0,16,5,0,21,0,10,54,4,68,0,26,59,4,89,38,2,40,129
08/03/2015,HVN,CT,ANE,EN,Federal Contract Tower,0,14,12,0,26,0,16,35,2,53,0,30,47,2,79,24,0,24,103
08/04/2015,HVN,CT,ANE,EN,Federal Contract Tower,0,16,5,0,21,0,13,51,0,64,0,29,56,0,85,56,0,56,141
08/05/2015,HVN,CT,ANE,EN,Federal Contract Tower,0,14,15,0,29,0,12,42,6,60,0,26,57,6,89,24,0,24,113
08/06/2015,HVN,CT,ANE,EN,Federal Contract Tower,0,13,12,0,25,0,15,78,5,98,0,28,90,5,123,48,0,48,171
08/07/2015,HVN,CT,ANE,EN,Federal Contract Tower,0,10,2,0,12,0,14,44,0,58,0,24,46,0,70,56,0,56,126
08/08/2015,HVN,CT,ANE,EN,Federal Contract Tower,0,8,6,0,14,0,7,45,0,52,0,15,51,0,66,96,0,96,162
08/09/2015,HVN,CT,ANE,EN,Federal Contract Tower,0,12,13,0,25,0,13,39,0,52,0,25,52,0,77,88,0,88,165
08/10/2015,HVN,CT,ANE,EN,Federal Contract Tower,0,18,9,0,27,0,16,38,3,57,0,34,47,3,84,94,0,94,178
08/12/2015,HVN,CT,ANE,EN,Federal Contract Tower,0,26,14,0,40,0,5,44,0,49,0,31,58,0,89,90,2,92,181
08/13/2015,HVN,CT,ANE,EN,Federal Contract Tower,0,11,17,0,28,0,28,38,2,68,0,39,55,2,96,70,0,70,166
08/14/2015,HVN,CT,ANE,EN,Federal Contract Tower,0,19,14,0,33,0,20,52,0,72,0,39,66,0,105,78,0,78,183
08/15/2015,HVN,CT,ANE,EN,Federal Contract Tower,0,4,9,0,13,0,7,50,1,58,0,11,59,1,71,72,0,72,143
08/16/2015,HVN,CT,ANE,EN,Federal Contract Tower,0,10,10,0,20,0,11,47,0,58,0,21,57,0,78,96,0,96,174
08/17/2015,HVN,CT,ANE,EN,Federal Contract Tower,0,12,8,0,20,0,26,30,0,56,0,38,38,0,76,12,0,12,88
08/18/2015,HVN,CT,ANE,EN,Federal Contract Tower,0,18,11,0,29,0,7,32,0,39,0,25,43,0,68,52,2,54,122
08/19/2015,HVN,CT,ANE,EN,Federal Contract Tower,0,22,11,0,33,0,14,36,1,51,0,36,47,1,84,42,0,42,126
08/20/2015,HVN,CT,ANE,EN,Federal Contract Tower,0,12,28,0,40,0,13,9,0,22,0,25,37,0,62,8,0,8,70
08/21/2015,HVN,CT,ANE,EN,Federal Contract Tower,0,15,20,0,35,0,16,14,0,30,0,31,34,0,65,14,0,14,79
08/22/2015,HVN,CT,ANE,EN,Federal Contract Tower,0,7,14,0,21,0,4,58,0,62,0,11,72,0,83,94,0,94,177
08/23/2015,HVN,CT,ANE,EN,Federal Contract Tower,0,10,14,0,24,0,9,6,0,15,0,19,20,0,39,10,0,10,49
08/24/2015,HVN,CT,ANE,EN,Federal Contract Tower,0,15,5,0,20,0,14,51,0,65,0,29,56,0,85,70,0,70,155
08/25/2015,HVN,CT,ANE,EN,Federal Contract Tower,0,16,18,1,35,0,11,17,0,28,0,27,35,1,63,64,4,68,131
08/26/2015,HVN,CT,ANE,EN,Federal Contract Tower,0,15,19,0,34,0,12,41,0,53,0,27,60,0,87,30,10,40,127
08/27/2015,HVN,CT,ANE,EN,Federal Contract Tower,0,13,21,0,34,0,9,51,0,60,0,22,72,0,94,82,0,82,176
08/28/2015,HVN,CT,ANE,EN,Federal Contract Tower,0,16,20,1,37,0,16,54,3,73,0,32,74,4,110,122,0,122,232
08/29/2015,HVN,CT,ANE,EN,Federal Contract Tower,0,8,21,0,29,0,3,89,0,92,0,11,110,0,121,120,0,120,241
08/30/2015,HVN,CT,ANE,EN,Federal Contract Tower,0,14,10,0,24,0,11,47,2,60,0,25,57,2,84,42,0,42,126
08/31/2015,HVN,CT,ANE,EN,Federal Contract Tower,0,11,8,1,20,0,19,37,0,56,0,30,45,1,76,50,2,52,128
09/01/2015,HVN,CT,ANE,EN,Federal Contract Tower,0,18,14,0,32,0,6,36,0,42,0,24,50,0,74,82,0,82,156
09/02/2015,HVN,CT,ANE,EN,Federal Contract Tower,0,15,9,0,24,0,16,25,1,42,0,31,34,1,66,22,0,22,88
09/03/2015,HVN,CT,ANE,EN,Federal Contract Tower,0,15,6,0,21,0,15,35,0,50,0,30,41,0,71,64,0,64,135
09/04/2015,HVN,CT,ANE,EN,Federal Contract Tower,0,10,15,0,25,0,11,41,0,52,0,21,56,0,77,70,0,70,147
09/05/2015,HVN,CT,ANE,EN,Federal Contract Tower,0,9,24,0,33,0,7,48,0,55,0,16,72,0,88,42,0,42,130
09/06/2015,HVN,CT,ANE,EN,Federal Contract Tower,0,10,2,0,12,0,3,29,0,32,0,13,31,0,44,14,0,14,58
09/07/2015,HVN,CT,ANE,EN,Federal Contract Tower,0,11,8,0,19,0,14,46,0,60,0,25,54,0,79,80,0,80,159
09/08/2015,HVN,CT,ANE,EN,Federal Contract Tower,0,17,3,0,20,0,16,40,0,56,0,33,43,0,76,38,0,38,114
09/09/2015,HVN,CT,ANE,EN,Federal Contract Tower,0,20,17,0,37,0,13,25,0,38,0,33,42,0,75,84,0,84,159
09/10/2015,HVN,CT,ANE,EN,Federal Contract Tower,0,14,15,0,29,0,2,4,0,6,0,16,19,0,35,0,0,0,35
09/11/2015,HVN,CT,ANE,EN,Federal Contract Tower,0,10,18,0,28,0,15,15,0,30,0,25,33,0,58,26,0,26,84
09/12/2015,HVN,CT,ANE,EN,Federal Contract Tower,0,4,7,0,11,0,0,19,0,19,0,4,26,0,30,14,0,14,44
09/13/2015,HVN,CT,ANE,EN,Federal Contract Tower,0,13,13,0,26,0,6,2,0,8,0,19,15,0,34,34,0,34,68
09/14/2015,HVN,CT,ANE,EN,Federal Contract Tower,0,11,5,0,16,0,13,19,0,32,0,24,24,0,48,42,0,42,90
09/15/2015,HVN,CT,ANE,EN,Federal Contract Tower,0,22,8,0,30,0,11,33,1,45,0,33,41,1,75,38,0,38,113
09/16/2015,HVN,CT,ANE,EN,Federal Contract Tower,0,25,19,0,44,0,5,39,1,45,0,30,58,1,89,66,0,66,155
09/17/2015,HVN,CT,ANE,EN,Federal Contract Tower,0,16,14,0,30,0,7,54,0,61,0,23,68,0,91,124,0,124,215
09/18/2015,HVN,CT,ANE,EN,Federal Contract Tower,0,14,16,0,30,0,7,47,0,54,0,21,63,0,84,60,0,60,144
09/19/2015,HVN,CT,ANE,EN,Federal Contract Tower,0,9,8,0,17,0,3,27,0,30,0,12,35,0,47,58,0,58,105
09/20/2015,HVN,CT,ANE,EN,Federal Contract Tower,0,13,22,1,36,0,8,25,0,33,0,21,47,1,69,38,2,40,109
09/21/2015,HVN,CT,ANE,EN,Federal Contract Tower,0,10,6,0,16,0,9,21,2,32,0,19,27,2,48,32,6,38,86
09/22/2015,HVN,CT,ANE,EN,Federal Contract Tower,0,17,9,0,26,0,4,18,0,22,0,21,27,0,48,90,0,90,138
09/23/2015,HVN,CT,ANE,EN,Federal Contract Tower,0,13,5,0,18,0,7,39,0,46,0,20,44,0,64,52,0,52,116
09/24/2015,HVN,CT,ANE,EN,Federal Contract Tower,0,20,17,0,37,0,7,28,0,35,0,27,45,0,72,44,0,44,116
09/25/2015,HVN,CT,ANE,EN,Federal Contract Tower,0,26,19,0,45,0,12,23,0,35,0,38,42,0,80,64,0,64,144
09/26/2015,HVN,CT,ANE,EN,Federal Contract Tower,0,15,19,0,34,0,6,47,0,53,0,21,66,0,87,50,0,50,137
09/27/2015,HVN,CT,ANE,EN,Federal Contract Tower,0,17,14,0,31,0,9,50,0,59,0,26,64,0,90,60,0,60,150
09/28/2015,HVN,CT,ANE,EN,Federal Contract Tower,0,25,13,0,38,0,0,16,0,16,0,25,29,0,54,66,0,66,120
09/29/2015,HVN,CT,ANE,EN,Federal Contract Tower,0,11,12,2,25,0,0,17,0,17,0,11,29,2,42,12,0,12,54
09/30/2015,HVN,CT,ANE,EN,Federal Contract Tower,0,11,7,0,18,0,0,0,0,0,0,11,7,0,18,2,0,2,20
10/01/2015,HVN,CT,ANE,EN,Federal Contract Tower,0,12,13,4,29,0,1,6,0,7,0,13,19,4,36,14,4,18,54
10/02/2015,HVN,CT,ANE,EN,Federal Contract Tower,0,10,8,2,20,0,4,0,1,5,0,14,8,3,25,0,0,0,25
10/03/2015,HVN,CT,ANE,EN,Federal Contract Tower,0,7,5,0,12,0,1,0,0,1,0,8,5,0,13,0,0,0,13
10/04/2015,HVN,CT,ANE,EN,Federal Contract Tower,0,14,8,0,22,0,5,29,0,34,0,19,37,0,56,54,0,54,110
10/05/2015,HVN,CT,ANE,EN,Federal Contract Tower,0,12,10,0,22,0,3,38,0,41,0,15,48,0,63,70,0,70,133
10/06/2015,HVN,CT,ANE,EN,Federal Contract Tower,0,27,12,1,40,0,6,34,0,40,0,33,46,1,80,44,0,44,124
10/07/2015,HVN,CT,ANE,EN,Federal Contract Tower,0,17,19,0,36,0,11,46,0,57,0,28,65,0,93,98,0,98,191
10/08/2015,HVN,CT,ANE,EN,Federal Contract Tower,0,15,11,0,26,0,5,36,0,41,0,20,47,0,67,50,0,50,117
10/09/2015,HVN,CT,ANE,EN,Federal Contract Tower,0,16,17,0,33,0,14,5,0,19,0,30,22,0,52,48,0,48,100
10/10/2015,HVN,CT,ANE,EN,Federal Contract Tower,0,6,11,0,17,0,3,55,0,58,0,9,66,0,75,52,0,52,127
10/11/2015,HVN,CT,ANE,EN,Federal Contract Tower,0,16,5,0,21,0,2,55,11,68,0,18,60,11,89,96,0,96,185
10/12/2015,HVN,CT,ANE,EN,Federal Contract Tower,0,6,14,0,20,0,13,48,0,61,0,19,62,0,81,34,0,34,115
10/13/2015,HVN,CT,ANE,EN,Federal Contract Tower,0,13,13,0,26,0,3,20,2,25,0,16,33,2,51,76,0,76,127
10/14/2015,HVN,CT,ANE,EN,Federal Contract Tower,0,11,15,0,26,0,5,29,0,34,0,16,44,0,60,32,2,34,94
10/15/2015,HVN,CT,ANE,EN,Federal Contract Tower,0,25,28,2,55,0,5,50,0,55,0,30,78,2,110,50,2,52,162
10/16/2015,HVN,CT,ANE,EN,Federal Contract Tower,0,17,12,0,29,0,2,39,0,41,0,19,51,0,70,46,2,48,118
10/17/2015,HVN,CT,ANE,EN,Federal Contract Tower,0,7,13,0,20,0,4,33,9,46,0,11,46,9,66,26,0,26,92
10/18/2015,HVN,CT,ANE,EN,Federal Contract Tower,0,20,17,0,37,0,5,33,0,38,0,25,50,0,75,56,2,58,133
10/19/2015,HVN,CT,ANE,EN,Federal Contract Tower,0,15,8,0,23,0,4,21,0,25,0,19,29,0,48,58,0,58,106
10/20/2015,HVN,CT,ANE,EN,Federal Contract Tower,0,16,12,0,28,0,6,14,0,20,0,22,26,0,48,26,0,26,74
10/21/2015,HVN,CT,ANE,EN,Federal Contract Tower,0,14,10,0,24,0,12,30,0,42,0,26,40,0,66,42,0,42,108
10/22/2015,HVN,CT,ANE,EN,Federal Contract Tower,0,14,18,1,33,0,9,20,1,30,0,23,38,2,63,10,2,12,75
10/23/2015,HVN,CT,ANE,EN,Federal Contract Tower,0,17,33,0,50,0,6,33,0,39,0,23,66,0,89,28,0,28,117
10/24/2015,HVN,CT,ANE,EN,Federal Contract Tower,0,7,8,0,15,0,0,46,0,46,0,7,54,0,61,84,0,84,145
10/25/2015,HVN,CT,ANE,EN,Federal Contract Tower,0,14,31,0,45,0,4,9,1,14,0,18,40,1,59,8,2,10,69
10/26/2015,HVN,CT,ANE,EN,Federal Contract Tower,0,17,18,0,35,0,2,26,0,28,0,19,44,0,63,72,0,72,135
10/27/2015,HVN,CT,ANE,EN,Federal Contract Tower,0,24,17,0,41,0,7,32,0,39,0,31,49,0,80,54,0,54,134
10/28/2015,HVN,CT,ANE,EN,Federal Contract Tower,0,11,11,0,22,0,0,0,0,0,0,11,11,0,22,0,0,0,22
10/29/2015,HVN,CT,ANE,EN,Federal Contract Tower,0,28,7,0,35,0,3,13,0,16,0,31,20,0,51,12,0,12,63
10/30/2015,HVN,CT,ANE,EN,Federal Contract Tower,0,15,10,0,25,0,9,31,0,40,0,24,41,0,65,42,0,42,107
10/31/2015,HVN,CT,ANE,EN,Federal Contract Tower,0,12,19,0,31,0,3,56,0,59,0,15,75,0,90,88,0,88,178
11/01/2015,HVN,CT,ANE,EN,Federal Contract Tower,0,15,14,0,29,0,7,23,8,38,0,22,37,8,67,60,0,60,127
11/02/2015,HVN,CT,ANE,EN,Federal Contract Tower,0,14,16,0,30,0,2,24,2,28,0,16,40,2,58,26,0,26,84
11/03/2015,HVN,CT,ANE,EN,Federal Contract Tower,0,15,8,2,25,0,6,33,0,39,0,21,41,2,64,48,0,48,112
11/04/2015,HVN,CT,ANE,EN,Federal Contract Tower,0,11,10,0,21,0,6,41,0,47,0,17,51,0,68,20,0,20,88
11/05/2015,HVN,CT,ANE,EN,Federal Contract Tower,0,27,10,2,39,0,0,1,0,1,0,27,11,2,40,0,0,0,40
11/06/2015,HVN,CT,ANE,EN,Federal Contract Tower,0,27,24,2,53,0,2,9,0,11,0,29,33,2,64,4,0,4,68
11/07/2015,HVN,CT,ANE,EN,Federal Contract Tower,0,8,20,0,28,0,2,29,0,31,0,10,49,0,59,56,0,56,115
11/08/2015,HVN,CT,ANE,EN,Federal Contract Tower,0,12,7,0,19,0,0,29,0,29,0,12,36,0,48,112,0,112,160
11/09/2015,HVN,CT,ANE,EN,Federal Contract Tower,0,16,5,0,21,0,4,28,4,36,0,20,33,4,57,44,0,44,101
11/10/2015,HVN,CT,ANE,EN,Federal Contract Tower,0,13,8,0,21,0,2,2,0,4,0,15,10,0,25,0,0,0,25
11/11/2015,HVN,CT,ANE,EN,Federal Contract Tower,0,14,14,0,28,0,0,0,0,0,0,14,14,0,28,0,0,0,28
11/12/2015,HVN,CT,ANE,EN,Federal Contract Tower,0,16,13,0,29,0,0,0,0,0,0,16,13,0,29,0,0,0,29
11/13/2015,HVN,CT,ANE,EN,Federal Contract Tower,0,16,11,0,27,0,3,16,0,19,0,19,27,0,46,0,2,2,48
11/14/2015,HVN,CT,ANE,EN,Federal Contract Tower,0,6,5,0,11,0,2,14,0,16,0,8,19,0,27,18,0,18,45
11/15/2015,HVN,CT,ANE,EN,Federal Contract Tower,0,15,18,0,33,0,5,57,0,62,0,20,75,0,95,100,0,100,195
11/16/2015,HVN,CT,ANE,EN,Federal Contract Tower,0,15,12,0,27,0,4,33,0,37,0,19,45,0,64,34,0,34,98
11/17/2015,HVN,CT,ANE,EN,Federal Contract Tower,0,20,12,0,32,0,4,33,4,41,0,24,45,4,73,34,4,38,111
11/18/2015,HVN,CT,ANE,EN,Federal Contract Tower,0,12,15,0,27,0,0,20,0,20,0,12,35,0,47,28,0,28,75
11/19/2015,HVN,CT,ANE,EN,Federal Contract Tower,0,15,13,0,28,0,1,0,0,1,0,16,13,0,29,6,0,6,35
11/20/2015,HVN,CT,ANE,EN,Federal Contract Tower,0,15,17,0,32,0,2,31,4,37,0,17,48,4,69,30,0,30,99
11/21/2015,HVN,CT,ANE,EN,Federal Contract Tower,0,15,17,0,32,0,2,46,2,50,0,17,63,2,82,72,0,72,154
11/22/2015,HVN,CT,ANE,EN,Federal Contract Tower,0,18,2,0,20,0,0,18,6,24,0,18,20,6,44,26,0,26,70
11/23/2015,HVN,CT,ANE,EN,Federal Contract Tower,0,8,9,0,17,0,4,12,1,17,0,12,21,1,34,20,0,20,54
11/24/2015,HVN,CT,ANE,EN,Federal Contract Tower,0,19,9,0,28,0,4,33,0,37,0,23,42,0,65,28,6,34,99
11/25/2015,HVN,CT,ANE,EN,Federal Contract Tower,0,13,20,0,33,0,7,39,0,46,0,20,59,0,79,54,0,54,133
11/26/2015,HVN,CT,ANE,EN,Federal Contract Tower,0,5,7,0,12,0,0,7,0,7,0,5,14,0,19,2,0,2,21
11/27/2015,HVN,CT,ANE,EN,Federal Contract Tower,0,5,11,0,16,0,2,21,0,23,0,7,32,0,39,0,0,0,39
11/29/2015,HVN,CT,ANE,EN,Federal Contract Tower,0,14,21,0,35,0,7,65,2,74,0,21,86,2,109,60,2,62,171
11/30/2015,HVN,CT,ANE,EN,Federal Contract Tower,0,11,13,0,24,0,2,20,0,22,0,13,33,0,46,26,0,26,72
12/01/2015,HVN,CT,ANE,EN,Federal Contract Tower,0,10,8,0,18,0,3,4,0,7,0,13,12,0,25,0,0,0,25
12/02/2015,HVN,CT,ANE,EN,Federal Contract Tower,0,5,9,0,14,0,0,0,0,0,0,5,9,0,14,0,0,0,14
12/03/2015,HVN,CT,ANE,EN,Federal Contract Tower,0,21,6,0,27,0,2,2,0,4,0,23,8,0,31,12,0,12,43
12/04/2015,HVN,CT,ANE,EN,Federal Contract Tower,0,16,12,0,28,0,4,32,0,36,0,20,44,0,64,72,0,72,136
12/05/2015,HVN,CT,ANE,EN,Federal Contract Tower,0,9,8,0,17,0,0,51,4,55,0,9,59,4,72,92,0,92,164
12/06/2015,HVN,CT,ANE,EN,Federal Contract Tower,0,17,6,0,23,0,0,32,8,40,0,17,38,8,63,58,0,58,121
12/07/2015,HVN,CT,ANE,EN,Federal Contract Tower,0,14,11,0,25,0,2,13,0,15,0,16,24,0,40,46,0,46,86
12/08/2015,HVN,CT,ANE,EN,Federal Contract Tower,0,13,17,0,30,0,1,9,1,11,0,14,26,1,41,36,0,36,77
12/09/2015,HVN,CT,ANE,EN,Federal Contract Tower,0,18,8,0,26,0,3,22,3,28,0,21,30,3,54,50,0,50,104
12/10/2015,HVN,CT,ANE,EN,Federal Contract Tower,0,15,8,0,23,0,5,23,3,31,0,20,31,3,54,28,0,28,82
12/11/2015,HVN,CT,ANE,EN,Federal Contract Tower,0,12,9,0,21,0,7,13,0,20,0,19,22,0,41,66,0,66,107
12/12/2015,HVN,CT,ANE,EN,Federal Contract Tower,0,11,11,0,22,0,0,57,0,57,0,11,68,0,79,150,0,150,229
12/13/2015,HVN,CT,ANE,EN,Federal Contract Tower,0,13,8,0,21,0,1,43,2,46,0,14,51,2,67,116,0,116,183
12/14/2015,HVN,CT,ANE,EN,Federal Contract Tower,0,8,3,0,11,0,0,0,0,0,0,8,3,0,11,0,0,0,11
12/15/2015,HVN,CT,ANE,EN,Federal Contract Tower,0,15,9,1,25,0,6,20,0,26,0,21,29,1,51,2,2,4,55
12/17/2015,HVN,CT,ANE,EN,Federal Contract Tower,0,19,11,0,30,0,0,0,0,0,0,19,11,0,30,0,0,0,30
12/18/2015,HVN,CT,ANE,EN,Federal Contract Tower,0,16,6,0,22,0,5,18,2,25,0,21,24,2,47,50,0,50,97
12/19/2015,HVN,CT,ANE,EN,Federal Contract Tower,0,13,2,0,15,0,0,9,0,9,0,13,11,0,24,20,0,20,44
12/20/2015,HVN,CT,ANE,EN,Federal Contract Tower,0,11,10,0,21,0,2,40,0,42,0,13,50,0,63,110,0,110,173
12/21/2015,HVN,CT,ANE,EN,Federal Contract Tower,0,11,14,0,25,0,1,25,6,32,0,12,39,6,57,66,6,72,129
12/22/2015,HVN,CT,ANE,EN,Federal Contract Tower,0,8,12,4,24,0,0,0,0,0,0,8,12,4,24,0,0,0,24
12/23/2015,HVN,CT,ANE,EN,Federal Contract Tower,0,6,10,0,16,0,0,0,0,0,0,6,10,0,16,2,0,2,18
12/24/2015,HVN,CT,ANE,EN,Federal Contract Tower,0,2,9,0,11,0,0,0,0,0,0,2,9,0,11,4,0,4,15
12/25/2015,HVN,CT,ANE,EN,Federal Contract Tower,0,5,4,0,9,0,0,3,0,3,0,5,7,0,12,14,0,14,26
12/26/2015,HVN,CT,ANE,EN,Federal Contract Tower,0,6,10,0,16,0,0,31,0,31,0,6,41,0,47,80,0,80,127
12/27/2015,HVN,CT,ANE,EN,Federal Contract Tower,0,6,8,0,14,0,0,1,0,1,0,6,9,0,15,0,0,0,15
12/28/2015,HVN,CT,ANE,EN,Federal Contract Tower,0,10,8,0,18,0,0,32,0,32,0,10,40,0,50,82,2,84,134
12/29/2015,HVN,CT,ANE,EN,Federal Contract Tower,0,9,1,0,10,0,0,0,0,0,0,9,1,0,10,0,0,0,10
12/30/2015,HVN,CT,ANE,EN,Federal Contract Tower,0,17,8,0,25,0,0,0,0,0,0,17,8,0,25,0,0,0,25
12/31/2015,HVN,CT,ANE,EN,Federal Contract Tower,0,6,10,0,16,0,1,28,0,29,0,7,38,0,45,26,0,26,71
01/01/2016,HVN,CT,ANE,EN,Federal Contract Tower,0,9,5,0,14,0,0,16,0,16,0,9,21,0,30,42,0,42,72
01/02/2016,HVN,CT,ANE,EN,Federal Contract Tower,0,9,10,0,19,0,0,46,0,46,0,9,56,0,65,50,0,50,115
01/03/2016,HVN,CT,ANE,EN,Federal Contract Tower,0,15,4,0,19,0,0,27,0,27,0,15,31,0,46,70,0,70,116
01/04/2016,HVN,CT,ANE,EN,Federal Contract Tower,0,10,7,1,18,0,1,8,2,11,0,11,15,3,29,0,2,2,31
01/05/2016,HVN,CT,ANE,EN,Federal Contract Tower,0,7,5,7,19,0,4,12,2,18,0,11,17,9,37,68,16,84,121
01/06/2016,HVN,CT,ANE,EN,Federal Contract Tower,0,9,6,2,17,0,5,36,0,41,0,14,42,2,58,28,2,30,88
01/07/2016,HVN,CT,ANE,EN,Federal Contract Tower,0,21,8,0,29,0,2,29,0,31,0,23,37,0,60,38,0,38,98
01/08/2016,HVN,CT,ANE,EN,Federal Contract Tower,0,8,6,4,18,0,5,21,0,26,0,13,27,4,44,14,4,18,62
01/09/2016,HVN,CT,ANE,EN,Federal Contract Tower,0,6,8,0,14,0,0,20,0,20,0,6,28,0,34,64,4,68,102
01/10/2016,HVN,CT,ANE,EN,Federal Contract Tower,0,11,5,0,16,0,0,0,0,0,0,11,5,0,16,0,0,0,16
01/11/2016,HVN,CT,ANE,EN,Federal Contract Tower,0,6,5,0,11,0,8,9,0,17,0,14,14,0,28,4,0,4,32
01/12/2016,HVN,CT,ANE,EN,Federal Contract Tower,0,9,6,0,15,0,2,14,0,16,0,11,20,0,31,30,0,30,61
01/13/2016,HVN,CT,ANE,EN,Federal Contract Tower,0,11,13,0,24,0,7,7,0,14,0,18,20,0,38,2,0,2,40
01/14/2016,HVN,CT,ANE,EN,Federal Contract Tower,0,14,11,0,25,0,2,27,0,29,0,16,38,0,54,56,4,60,114
01/15/2016,HVN,CT,ANE,EN,Federal Contract Tower,0,19,28,2,49,0,3,62,0,65,0,22,90,2,114,86,0,86,200
01/16/2016,HVN,CT,ANE,EN,Federal Contract Tower,0,8,4,0,12,0,1,4,2,7,0,9,8,2,19,6,0,6,25
01/17/2016,HVN,CT,ANE,EN,Federal Contract Tower,0,11,11,0,22,0,0,31,0,31,0,11,42,0,53,84,0,84,137
01/18/2016,HVN,CT,ANE,EN,Federal Contract Tower,0,11,6,0,17,0,5,9,0,14,0,16,15,0,31,6,0,6,37
01/19/2016,HVN,CT,ANE,EN,Federal Contract Tower,0,11,4,0,15,0,3,1,0,4,0,14,5,0,19,4,0,4,23
01/20/2016,HVN,CT,ANE,EN,Federal Contract Tower,0,11,13,0,24,0,5,32,0,37,0,16,45,0,61,81,0,81,142
01/21/2016,HVN,CT,ANE,EN,Federal Contract Tower,0,16,12,0,28,0,4,15,0,19,0,20,27,0,47,18,0,18,65
01/22/2016,HVN,CT,ANE,EN,Federal Contract Tower,0,8,5,0,13,0,0,27,0,27,0,8,32,0,40,26,0,26,66
01/23/2016,HVN,CT,ANE,EN,Federal Contract Tower,0,0,0,0,0,0,0,0,0,0,0,0,0,0,0,0,0,0,0
01/24/2016,HVN,CT,ANE,EN,Federal Contract Tower,0,3,6,0,9,0,3,9,0,12,0,6,15,0,21,66,0,66,87
01/25/2016,HVN,CT,ANE,EN,Federal Contract Tower,0,9,7,0,16,0,4,22,0,26,0,13,29,0,42,70,0,70,112
01/26/2016,HVN,CT,ANE,EN,Federal Contract Tower,0,12,14,0,26,0,4,12,0,16,0,16,26,0,42,42,0,42,84
01/27/2016,HVN,CT,ANE,EN,Federal Contract Tower,0,15,12,0,27,0,2,28,0,30,0,17,40,0,57,96,0,96,153
01/28/2016,HVN,CT,ANE,EN,Federal Contract Tower,0,14,6,0,20,0,11,39,0,50,0,25,45,0,70,44,0,44,114
01/29/2016,HVN,CT,ANE,EN,Federal Contract Tower,0,8,11,0,19,0,12,21,0,33,0,20,32,0,52,28,0,28,80
01/30/2016,HVN,CT,ANE,EN,Federal Contract Tower,0,6,3,0,9,0,8,46,0,54,0,14,49,0,63,74,0,74,137
01/31/2016,HVN,CT,ANE,EN,Federal Contract Tower,0,7,5,0,12,0,3,36,0,39,0,10,41,0,51,102,0,102,153
02/01/2016,HVN,CT,ANE,EN,Federal Contract Tower,0,14,7,0,21,0,4,17,0,21,0,18,24,0,42,36,0,36,78
02/02/2016,HVN,CT,ANE,EN,Federal Contract Tower,0,8,8,0,16,0,6,32,3,41,0,14,40,3,57,18,0,18,75
02/03/2016,HVN,CT,ANE,EN,Federal Contract Tower,0,16,8,0,24,0,0,2,0,2,0,16,10,0,26,0,0,0,26
02/04/2016,HVN,CT,ANE,EN,Federal Contract Tower,0,23,19,0,42,0,0,11,0,11,0,23,30,0,53,8,0,8,61
02/05/2016,HVN,CT,ANE,EN,Federal Contract Tower,0,8,11,0,19,0,2,0,0,2,0,10,11,0,21,0,0,0,21
02/06/2016,HVN,CT,ANE,EN,Federal Contract Tower,0,5,5,0,10,0,3,18,0,21,0,8,23,0,31,48,0,48,79
02/07/2016,HVN,CT,ANE,EN,Federal Contract Tower,0,16,8,0,24,0,2,36,0,38,0,18,44,0,62,144,0,144,206
02/08/2016,HVN,CT,ANE,EN,Federal Contract Tower,0,4,3,0,7,0,0,0,0,0,0,4,3,0,7,0,0,0,7
02/09/2016,HVN,CT,ANE,EN,Federal Contract Tower,0,7,8,0,15,0,1,5,0,6,0,8,13,0,21,0,0,0,21
02/10/2016,HVN,CT,ANE,EN,Federal Contract Tower,0,21,13,0,34,0,0,13,2,15,0,21,26,2,49,24,4,28,77
02/11/2016,HVN,CT,ANE,EN,Federal Contract Tower,0,23,14,0,37,0,1,5,2,8,0,24,19,2,45,4,0,4,49
02/12/2016,HVN,CT,ANE,EN,Federal Contract Tower,0,10,9,0,19,0,0,17,0,17,0,10,26,0,36,24,0,24,60
02/13/2016,HVN,CT,ANE,EN,Federal Contract Tower,0,5,6,0,11,0,0,1,0,1,0,5,7,0,12,0,0,0,12
02/14/2016,HVN,CT,ANE,EN,Federal Contract Tower,0,14,2,0,16,0,0,8,0,8,0,14,10,0,24,2,0,2,26
02/15/2016,HVN,CT,ANE,EN,Federal Contract Tower,0,5,7,0,12,0,0,0,0,0,0,5,7,0,12,2,0,2,14
02/16/2016,HVN,CT,ANE,EN,Federal Contract Tower,0,7,3,0,10,0,0,0,0,0,0,7,3,0,10,0,0,0,10
02/17/2016,HVN,CT,ANE,EN,Federal Contract Tower,0,14,30,2,46,0,2,23,1,26,0,16,53,3,72,16,2,18,90
02/18/2016,HVN,CT,ANE,EN,Federal Contract Tower,0,16,15,0,31,0,3,21,0,24,0,19,36,0,55,16,0,16,71
02/19/2016,HVN,CT,ANE,EN,Federal Contract Tower,0,14,16,2,32,0,13,20,0,33,0,27,36,2,65,84,0,84,149
02/20/2016,HVN,CT,ANE,EN,Federal Contract Tower,0,14,5,0,19,0,5,25,3,33,0,19,30,3,52,42,0,42,94
02/21/2016,HVN,CT,ANE,EN,Federal Contract Tower,0,11,11,0,22,0,3,37,0,40,0,14,48,0,62,54,0,54,116
02/22/2016,HVN,CT,ANE,EN,Federal Contract Tower,0,6,9,0,15,0,0,38,0,38,0,6,47,0,53,56,0,56,109
02/23/2016,HVN,CT,ANE,EN,Federal Contract Tower,0,13,12,1,26,0,0,0,0,0,0,13,12,1,26,0,2,2,28
02/24/2016,HVN,CT,ANE,EN,Federal Contract Tower,0,8,5,0,13,0,0,0,0,0,0,8,5,0,13,0,0,0,13
02/25/2016,HVN,CT,ANE,EN,Federal Contract Tower,0,18,13,0,31,0,1,9,2,12,0,19,22,2,43,8,6,14,57
02/26/2016,HVN,CT,ANE,EN,Federal Contract Tower,0,25,17,0,42,0,10,11,0,21,0,35,28,0,63,4,0,4,67
02/27/2016,HVN,CT,ANE,EN,Federal Contract Tower,0,6,6,0,12,0,7,54,0,61,0,13,60,0,73,100,0,100,173
02/28/2016,HVN,CT,ANE,EN,Federal Contract Tower,0,10,9,0,19,0,4,54,0,58,0,14,63,0,77,86,0,86,163
02/29/2016,HVN,CT,ANE,EN,Federal Contract Tower,0,13,7,0,20,0,1,15,0,16,0,14,22,0,36,30,0,30,66
03/01/2016,HVN,CT,ANE,EN,Federal Contract Tower,0,7,11,2,20,0,4,38,0,42,0,11,49,2,62,22,2,24,86
03/02/2016,HVN,CT,ANE,EN,Federal Contract Tower,1,14,7,0,22,0,2,0,0,2,1,16,7,0,24,0,0,0,24
03/03/2016,HVN,CT,ANE,EN,Federal Contract Tower,1,13,12,0,26,0,5,26,0,31,1,18,38,0,57,52,0,52,109
03/04/2016,HVN,CT,ANE,EN,Federal Contract Tower,0,14,9,2,25,0,0,8,0,8,0,14,17,2,33,0,0,0,33
03/05/2016,HVN,CT,ANE,EN,Federal Contract Tower,0,7,11,0,18,0,0,54,0,54,0,7,65,0,72,52,0,52,124
03/06/2016,HVN,CT,ANE,EN,Federal Contract Tower,0,10,11,1,22,0,4,41,0,45,0,14,52,1,67,118,0,118,185
03/07/2016,HVN,CT,ANE,EN,Federal Contract Tower,0,6,7,1,14,0,1,14,0,15,0,7,21,1,29,18,0,18,47
03/08/2016,HVN,CT,ANE,EN,Federal Contract Tower,0,14,7,0,21,0,5,40,0,45,0,19,47,0,66,48,0,48,114
03/09/2016,HVN,CT,ANE,EN,Federal Contract Tower,0,21,12,0,33,0,7,38,4,49,0,28,50,4,82,84,2,86,168
03/10/2016,HVN,CT,ANE,EN,Federal Contract Tower,0,14,16,0,30,0,3,18,2,23,0,17,34,2,53,18,0,18,71
03/11/2016,HVN,CT,ANE,EN,Federal Contract Tower,0,11,22,0,33,0,12,44,4,60,0,23,66,4,93,80,0,80,173
03/12/2016,HVN,CT,ANE,EN,Federal Contract Tower,0,9,8,0,17,0,15,46,4,65,0,24,54,4,82,28,0,28,110
03/13/2016,HVN,CT,ANE,EN,Federal Contract Tower,0,13,19,0,32,0,2,58,0,60,0,15,77,0,92,64,0,64,156
03/14/2016,HVN,CT,ANE,EN,Federal Contract Tower,0,8,8,0,16,0,0,0,0,0,0,8,8,0,16,8,0,8,24
03/15/2016,HVN,CT,ANE,EN,Federal Contract Tower,0,15,17,2,34,0,1,3,0,4,0,16,20,2,38,14,2,16,54
03/16/2016,HVN,CT,ANE,EN,Federal Contract Tower,0,23,22,0,45,0,6,38,0,44,0,29,60,0,89,68,0,68,157
03/17/2016,HVN,CT,ANE,EN,Federal Contract Tower,0,16,14,0,30,0,0,22,0,22,0,16,36,0,52,36,0,36,88
03/18/2016,HVN,CT,ANE,EN,Federal Contract Tower,0,16,10,0,26,0,0,9,0,9,0,16,19,0,35,12,0,12,47
03/19/2016,HVN,CT,ANE,EN,Federal Contract Tower,0,13,15,0,28,0,6,68,2,76,0,19,83,2,104,84,0,84,188
03/20/2016,HVN,CT,ANE,EN,Federal Contract Tower,0,11,8,0,19,0,3,23,0,26,0,14,31,0,45,42,0,42,87
03/21/2016,HVN,CT,ANE,EN,Federal Contract Tower,0,6,5,0,11,0,0,15,0,15,0,6,20,0,26,32,0,32,58
03/22/2016,HVN,CT,ANE,EN,Federal Contract Tower,0,10,3,0,13,0,8,23,0,31,0,18,26,0,44,32,0,32,76
03/23/2016,HVN,CT,ANE,EN,Federal Contract Tower,0,10,6,0,16,0,2,44,0,46,0,12,50,0,62,100,8,108,170
03/24/2016,HVN,CT,ANE,EN,Federal Contract Tower,0,9,28,4,41,0,3,21,0,24,0,12,49,4,65,14,0,14,79
03/25/2016,HVN,CT,ANE,EN,Federal Contract Tower,0,9,6,0,15,0,2,5,0,7,0,11,11,0,22,46,0,46,68
03/26/2016,HVN,CT,ANE,EN,Federal Contract Tower,0,9,8,0,17,0,1,47,2,50,0,10,55,2,67,82,0,82,149
03/27/2016,HVN,CT,ANE,EN,Federal Contract Tower,0,15,9,0,24,0,2,10,0,12,0,17,19,0,36,30,0,30,66
03/28/2016,HVN,CT,ANE,EN,Federal Contract Tower,0,27,10,0,37,0,0,1,0,1,0,27,11,0,38,2,0,2,40
03/29/2016,HVN,CT,ANE,EN,Federal Contract Tower,0,12,2,0,14,0,7,4,0,11,0,19,6,0,25,8,4,12,37
03/30/2016,HVN,CT,ANE,EN,Federal Contract Tower,0,16,17,1,34,0,10,61,3,74,0,26,78,4,108,130,6,136,244
03/31/2016,HVN,CT,ANE,EN,Federal Contract Tower,0,16,17,0,33,0,2,14,2,18,0,18,31,2,51,22,0,22,73
04/01/2016,HVN,CT,ANE,EN,Federal Contract Tower,0,8,6,0,14,0,0,2,0,2,0,8,8,0,16,0,0,0,16
04/02/2016,HVN,CT,ANE,EN,Federal Contract Tower,0,7,25,0,32,0,0,4,0,4,0,7,29,0,36,0,0,0,36
04/03/2016,HVN,CT,ANE,EN,Federal Contract Tower,0,9,5,0,14,0,0,0,0,0,0,9,5,0,14,0,0,0,14
04/04/2016,HVN,CT,ANE,EN,Federal Contract Tower,0,12,1,0,13,0,0,0,0,0,0,12,1,0,13,0,0,0,13
04/05/2016,HVN,CT,ANE,EN,Federal Contract Tower,0,12,21,1,34,0,11,20,0,31,0,23,41,1,65,45,2,47,112
04/06/2016,HVN,CT,ANE,EN,Federal Contract Tower,0,14,11,4,29,0,2,40,3,45,0,16,51,7,74,24,4,28,102
04/07/2016,HVN,CT,ANE,EN,Federal Contract Tower,0,13,4,0,17,0,0,0,0,0,0,13,4,0,17,0,0,0,17
04/08/2016,HVN,CT,ANE,EN,Federal Contract Tower,0,11,9,0,20,0,4,28,0,32,0,15,37,0,52,70,0,70,122
04/09/2016,HVN,CT,ANE,EN,Federal Contract Tower,0,8,2,0,10,0,0,18,0,18,0,8,20,0,28,36,0,36,64
04/10/2016,HVN,CT,ANE,EN,Federal Contract Tower,0,17,11,0,28,0,0,31,0,31,0,17,42,0,59,56,0,56,115
04/11/2016,HVN,CT,ANE,EN,Federal Contract Tower,0,13,11,0,24,0,4,25,0,29,0,17,36,0,53,64,0,64,117
04/12/2016,HVN,CT,ANE,EN,Federal Contract Tower,0,11,25,0,36,0,1,12,0,13,0,12,37,0,49,32,0,32,81
04/13/2016,HVN,CT,ANE,EN,Federal Contract Tower,0,7,33,0,40,0,5,68,0,73,0,12,101,0,113,114,0,114,227
04/14/2016,HVN,CT,ANE,EN,Federal Contract Tower,0,19,19,0,38,0,13,42,3,58,0,32,61,3,96,58,4,62,158
04/15/2016,HVN,CT,ANE,EN,Federal Contract Tower,0,19,14,0,33,0,16,80,0,96,0,35,94,0,129,76,0,76,205
04/16/2016,HVN,CT,ANE,EN,Federal Contract Tower,0,6,24,0,30,0,2,51,2,55,0,8,75,2,85,86,0,86,171
04/17/2016,HVN,CT,ANE,EN,Federal Contract Tower,0,5,9,0,14,0,5,68,0,73,0,10,77,0,87,130,0,130,217
04/18/2016,HVN,CT,ANE,EN,Federal Contract Tower,0,11,6,0,17,0,7,51,0,58,0,18,57,0,75,52,0,52,127
04/19/2016,HVN,CT,ANE,EN,Federal Contract Tower,0,18,18,0,36,0,3,6,2,11,0,21,24,2,47,20,0,20,67
04/20/2016,HVN,CT,ANE,EN,Federal Contract Tower,0,24,13,0,37,0,5,55,0,60,0,29,68,0,97,62,0,62,159
04/21/2016,HVN,CT,ANE,EN,Federal Contract Tower,0,19,12,0,31,0,8,50,0,58,0,27,62,0,89,76,0,76,165
04/22/2016,HVN,CT,ANE,EN,Federal Contract Tower,0,20,13,2,35,0,16,44,0,60,0,36,57,2,95,56,2,58,153
04/23/2016,HVN,CT,ANE,EN,Federal Contract Tower,0,16,18,0,34,0,6,22,0,28,0,22,40,0,62,48,0,48,110
04/24/2016,HVN,CT,ANE,EN,Federal Contract Tower,0,20,4,0,24,0,7,63,0,70,0,27,67,0,94,148,0,148,242
04/25/2016,HVN,CT,ANE,EN,Federal Contract Tower,0,17,6,0,23,0,3,28,0,31,0,20,34,0,54,26,0,26,80
04/26/2016,HVN,CT,ANE,EN,Federal Contract Tower,0,20,17,0,37,0,0,0,0,0,0,20,17,0,37,0,0,0,37
04/27/2016,HVN,CT,ANE,EN,Federal Contract Tower,0,16,8,0,24,0,2,51,2,55,0,18,59,2,79,140,10,150,229
04/28/2016,HVN,CT,ANE,EN,Federal Contract Tower,0,28,9,0,37,0,2,17,1,20,0,30,26,1,57,30,0,30,87
04/29/2016,HVN,CT,ANE,EN,Federal Contract Tower,0,16,14,0,30,0,7,32,2,41,0,23,46,2,71,20,0,20,91
04/30/2016,HVN,CT,ANE,EN,Federal Contract Tower,0,5,18,0,23,0,1,49,0,50,0,6,67,0,73,94,0,94,167
05/01/2016,HVN,CT,ANE,EN,Federal Contract Tower,0,6,11,0,17,0,3,7,0,10,0,9,18,0,27,18,0,18,45
05/02/2016,HVN,CT,ANE,EN,Federal Contract Tower,0,13,9,2,24,0,0,0,0,0,0,13,9,2,24,0,0,0,24
05/03/2016,HVN,CT,ANE,EN,Federal Contract Tower,0,13,7,0,20,0,0,0,0,0,0,13,7,0,20,2,0,2,22
05/04/2016,HVN,CT,ANE,EN,Federal Contract Tower,0,16,17,3,36,0,0,15,1,16,0,16,32,4,52,24,2,26,78
05/05/2016,HVN,CT,ANE,EN,Federal Contract Tower,0,27,20,2,49,0,0,4,4,8,0,27,24,6,57,4,0,4,61
05/06/2016,HVN,CT,ANE,EN,Federal Contract Tower,0,16,10,0,26,0,1,0,0,1,0,17,10,0,27,0,0,0,27
05/07/2016,HVN,CT,ANE,EN,Federal Contract Tower,0,10,2,0,12,0,2,0,0,2,0,12,2,0,14,0,0,0,14
05/08/2016,HVN,CT,ANE,EN,Federal Contract Tower,0,13,5,2,20,0,3,3,0,6,0,16,8,2,26,0,0,0,26
05/09/2016,HVN,CT,ANE,EN,Federal Contract Tower,0,12,6,0,18,0,5,46,0,51,0,17,52,0,69,90,0,90,159
05/10/2016,HVN,CT,ANE,EN,Federal Contract Tower,0,13,7,4,24,0,15,35,6,56,0,28,42,10,80,48,10,58,138
05/11/2016,HVN,CT,ANE,EN,Federal Contract Tower,0,26,13,0,39,0,10,65,2,77,0,36,78,2,116,120,0,120,236
05/12/2016,HVN,CT,ANE,EN,Federal Contract Tower,0,17,10,0,27,0,2,49,4,55,0,19,59,4,82,52,0,52,134
05/13/2016,HVN,CT,ANE,EN,Federal Contract Tower,0,17,20,1,38,0,8,2,0,10,0,25,22,1,48,2,0,2,50
05/14/2016,HVN,CT,ANE,EN,Federal Contract Tower,0,15,4,0,19,0,8,50,0,58,0,23,54,0,77,136,0,136,213
05/15/2016,HVN,CT,ANE,EN,Federal Contract Tower,0,8,13,0,21,0,22,15,0,37,0,30,28,0,58,18,0,18,76
05/16/2016,HVN,CT,ANE,EN,Federal Contract Tower,0,19,5,1,25,0,4,19,0,23,0,23,24,1,48,16,0,16,64
05/17/2016,HVN,CT,ANE,EN,Federal Contract Tower,0,21,9,0,30,0,19,84,0,103,0,40,93,0,133,78,0,78,211
05/18/2016,HVN,CT,ANE,EN,Federal Contract Tower,0,12,12,0,24,0,21,106,1,128,0,33,118,1,152,116,2,118,270
05/19/2016,HVN,CT,ANE,EN,Federal Contract Tower,0,13,20,0,33,0,17,35,0,52,0,30,55,0,85,92,4,96,181
05/20/2016,HVN,CT,ANE,EN,Federal Contract Tower,0,23,14,0,37,0,9,79,0,88,0,32,93,0,125,144,0,144,269
05/21/2016,HVN,CT,ANE,EN,Federal Contract Tower,0,19,15,0,34,0,1,48,0,49,0,20,63,0,83,74,2,76,159
05/22/2016,HVN,CT,ANE,EN,Federal Contract Tower,0,18,10,0,28,0,6,37,0,43,0,24,47,0,71,76,0,76,147
05/23/2016,HVN,CT,ANE,EN,Federal Contract Tower,0,18,21,2,41,0,6,54,0,60,0,24,75,2,101,34,0,34,135
05/24/2016,HVN,CT,ANE,EN,Federal Contract Tower,0,23,14,0,37,0,5,16,0,21,0,28,30,0,58,30,0,30,88
05/25/2016,HVN,CT,ANE,EN,Federal Contract Tower,0,13,14,0,27,0,9,36,0,45,0,22,50,0,72,112,2,114,186
05/26/2016,HVN,CT,ANE,EN,Federal Contract Tower,0,10,15,0,25,0,15,35,0,50,0,25,50,0,75,52,0,52,127
05/27/2016,HVN,CT,ANE,EN,Federal Contract Tower,0,10,9,0,19,0,13,53,0,66,0,23,62,0,85,40,0,40,125
05/28/2016,HVN,CT,ANE,EN,Federal Contract Tower,0,15,5,0,20,0,5,48,0,53,0,20,53,0,73,58,0,58,131
05/29/2016,HVN,CT,ANE,EN,Federal Contract Tower,0,8,14,0,22,0,1,44,0,45,0,9,58,0,67,22,0,22,89
05/30/2016,HVN,CT,ANE,EN,Federal Contract Tower,0,13,11,0,24,0,10,0,0,10,0,23,11,0,34,0,0,0,34
05/31/2016,HVN,CT,ANE,EN,Federal Contract Tower,0,15,14,0,29,0,10,24,0,34,0,25,38,0,63,74,0,74,137
06/01/2016,HVN,CT,ANE,EN,Federal Contract Tower,0,12,3,0,15,0,7,44,0,51,0,19,47,0,66,90,2,92,158
06/02/2016,HVN,CT,ANE,EN,Federal Contract Tower,0,20,11,0,31,0,14,36,3,53,0,34,47,3,84,54,0,54,138
06/03/2016,HVN,CT,ANE,EN,Federal Contract Tower,0,12,21,0,33,0,8,0,0,8,0,20,21,0,41,0,0,0,41
06/04/2016,HVN,CT,ANE,EN,Federal Contract Tower,0,19,8,1,28,0,4,51,0,55,0,23,59,1,83,56,0,56,139
06/05/2016,HVN,CT,ANE,EN,Federal Contract Tower,0,9,7,0,16,0,0,0,0,0,0,9,7,0,16,0,0,0,16
06/06/2016,HVN,CT,ANE,EN,Federal Contract Tower,0,12,13,0,25,0,9,26,0,35,0,21,39,0,60,40,0,40,100
06/07/2016,HVN,CT,ANE,EN,Federal Contract Tower,0,11,8,1,20,0,0,7,30,37,0,11,15,31,57,52,2,54,111
06/08/2016,HVN,CT,ANE,EN,Federal Contract Tower,0,18,2,0,20,0,16,20,0,36,0,34,22,0,56,50,0,50,106
06/09/2016,HVN,CT,ANE,EN,Federal Contract Tower,0,14,15,0,29,0,15,18,0,33,0,29,33,0,62,26,0,26,88
06/10/2016,HVN,CT,ANE,EN,Federal Contract Tower,0,19,17,0,36,0,24,20,0,44,0,43,37,0,80,42,0,42,122
06/11/2016,HVN,CT,ANE,EN,Federal Contract Tower,0,9,7,0,16,0,4,42,0,46,0,13,49,0,62,56,2,58,120
06/12/2016,HVN,CT,ANE,EN,Federal Contract Tower,0,11,11,0,22,0,11,23,0,34,0,22,34,0,56,12,0,12,68
06/13/2016,HVN,CT,ANE,EN,Federal Contract Tower,0,15,9,0,24,0,13,31,1,45,0,28,40,1,69,36,0,36,105
06/14/2016,HVN,CT,ANE,EN,Federal Contract Tower,0,18,19,0,37,0,6,35,0,41,0,24,54,0,78,52,0,52,130
06/15/2016,HVN,CT,ANE,EN,Federal Contract Tower,0,32,14,0,46,0,7,66,0,73,0,39,80,0,119,96,0,96,215
06/16/2016,HVN,CT,ANE,EN,Federal Contract Tower,0,14,19,0,33,0,16,38,4,58,0,30,57,4,91,108,0,108,199
06/17/2016,HVN,CT,ANE,EN,Federal Contract Tower,0,13,7,0,20,0,17,59,0,76,0,30,66,0,96,66,0,66,162
06/18/2016,HVN,CT,ANE,EN,Federal Contract Tower,0,6,4,0,10,0,10,58,2,70,0,16,62,2,80,56,0,56,136
06/19/2016,HVN,CT,ANE,EN,Federal Contract Tower,0,7,11,0,18,0,11,56,0,67,0,18,67,0,85,36,0,36,121
06/20/2016,HVN,CT,ANE,EN,Federal Contract Tower,0,10,8,2,20,0,13,42,0,55,0,23,50,2,75,84,0,84,159
06/21/2016,HVN,CT,ANE,EN,Federal Contract Tower,0,12,12,0,24,0,11,27,0,38,0,23,39,0,62,70,0,70,132
06/22/2016,HVN,CT,ANE,EN,Federal Contract Tower,0,10,13,2,25,0,4,37,1,42,0,14,50,3,67,80,0,80,147
06/23/2016,HVN,CT,ANE,EN,Federal Contract Tower,0,11,18,0,29,0,18,26,0,44,0,29,44,0,73,26,0,26,99
06/24/2016,HVN,CT,ANE,EN,Federal Contract Tower,0,19,13,0,32,0,17,58,0,75,0,36,71,0,107,48,8,56,163
06/25/2016,HVN,CT,ANE,EN,Federal Contract Tower,0,10,6,1,17,0,4,61,0,65,0,14,67,1,82,100,0,100,182
06/26/2016,HVN,CT,ANE,EN,Federal Contract Tower,0,10,10,0,20,0,16,51,0,67,0,26,61,0,87,52,2,54,141
06/27/2016,HVN,CT,ANE,EN,Federal Contract Tower,0,20,10,2,32,0,16,37,0,53,0,36,47,2,85,22,0,22,107
06/28/2016,HVN,CT,ANE,EN,Federal Contract Tower,0,15,13,2,30,0,4,2,0,6,0,19,15,2,36,4,4,8,44
06/29/2016,HVN,CT,ANE,EN,Federal Contract Tower,0,25,17,1,43,0,25,32,0,57,0,50,49,1,100,98,4,102,202
07/01/2016,HVN,CT,ANE,EN,Federal Contract Tower,0,15,16,0,31,0,17,21,0,38,0,32,37,0,69,34,0,34,103
07/02/2016,HVN,CT,ANE,EN,Federal Contract Tower,0,5,13,0,18,0,11,32,5,48,0,16,45,5,66,44,0,44,110
07/03/2016,HVN,CT,ANE,EN,Federal Contract Tower,0,14,5,0,19,0,3,34,0,37,0,17,39,0,56,28,0,28,84
07/04/2016,HVN,CT,ANE,EN,Federal Contract Tower,0,9,2,0,11,0,15,38,0,53,0,24,40,0,64,28,0,28,92
07/05/2016,HVN,CT,ANE,EN,Federal Contract Tower,0,14,3,2,19,0,15,15,0,30,0,29,18,2,49,14,0,14,63
07/06/2016,HVN,CT,ANE,EN,Federal Contract Tower,0,12,16,0,28,0,16,63,0,79,0,28,79,0,107,98,0,98,205
07/07/2016,HVN,CT,ANE,EN,Federal Contract Tower,0,10,4,6,20,0,11,8,2,21,0,21,12,8,41,0,6,6,47
07/08/2016,HVN,CT,ANE,EN,Federal Contract Tower,0,6,13,0,19,0,18,7,0,25,0,24,20,0,44,10,0,10,54
07/09/2016,HVN,CT,ANE,EN,Federal Contract Tower,0,7,7,0,14,0,2,4,0,6,0,9,11,0,20,0,0,0,20
07/10/2016,HVN,CT,ANE,EN,Federal Contract Tower,0,5,12,0,17,0,15,12,0,27,0,20,24,0,44,18,0,18,62
07/11/2016,HVN,CT,ANE,EN,Federal Contract Tower,0,20,11,0,31,0,18,52,0,70,0,38,63,0,101,82,0,82,183
07/12/2016,HVN,CT,ANE,EN,Federal Contract Tower,0,15,12,0,27,0,13,45,1,59,0,28,57,1,86,74,0,74,160
07/13/2016,HVN,CT,ANE,EN,Federal Contract Tower,0,14,10,0,24,0,12,39,6,57,0,26,49,6,81,54,0,54,135
07/14/2016,HVN,CT,ANE,EN,Federal Contract Tower,0,20,17,1,38,0,18,14,0,32,0,38,31,1,70,2,0,2,72
07/15/2016,HVN,CT,ANE,EN,Federal Contract Tower,0,8,11,1,20,0,16,40,0,56,0,24,51,1,76,72,2,74,150
07/16/2016,HVN,CT,ANE,EN,Federal Contract Tower,0,8,10,0,18,0,20,64,2,86,0,28,74,2,104,134,10,144,248
07/17/2016,HVN,CT,ANE,EN,Federal Contract Tower,0,5,8,2,15,0,12,30,0,42,0,17,38,2,57,34,0,34,91
07/18/2016,HVN,CT,ANE,EN,Federal Contract Tower,0,5,4,0,9,0,22,16,0,38,0,27,20,0,47,38,0,38,85
07/19/2016,HVN,CT,ANE,EN,Federal Contract Tower,0,21,17,0,38,0,8,24,0,32,0,29,41,0,70,24,0,24,94
07/20/2016,HVN,CT,ANE,EN,Federal Contract Tower,0,12,17,0,29,0,14,54,0,68,0,26,71,0,97,92,0,92,189
07/21/2016,HVN,CT,ANE,EN,Federal Contract Tower,0,8,16,1,25,0,22,51,1,74,0,30,67,2,99,48,2,50,149
07/22/2016,HVN,CT,ANE,EN,Federal Contract Tower,0,16,13,1,30,0,14,27,5,46,0,30,40,6,76,46,2,48,124
07/23/2016,HVN,CT,ANE,EN,Federal Contract Tower,0,7,6,2,15,0,11,22,0,33,0,18,28,2,48,64,0,64,112
07/24/2016,HVN,CT,ANE,EN,Federal Contract Tower,0,6,7,1,14,0,18,43,0,61,0,24,50,1,75,60,0,60,135
07/25/2016,HVN,CT,ANE,EN,Federal Contract Tower,0,8,17,1,26,0,23,12,2,37,0,31,29,3,63,42,2,44,107
07/26/2016,HVN,CT,ANE,EN,Federal Contract Tower,0,13,18,2,33,0,10,35,1,46,0,23,53,3,79,38,4,42,121
07/27/2016,HVN,CT,ANE,EN,Federal Contract Tower,0,13,18,1,32,0,10,47,0,57,0,23,65,1,89,90,2,92,181
07/28/2016,HVN,CT,ANE,EN,Federal Contract Tower,0,10,17,0,27,0,18,46,0,64,0,28,63,0,91,64,0,64,155
07/29/2016,HVN,CT,ANE,EN,Federal Contract Tower,0,5,12,2,19,0,21,15,0,36,0,26,27,2,55,30,0,30,85
07/30/2016,HVN,CT,ANE,EN,Federal Contract Tower,0,11,4,0,15,0,8,34,3,45,0,19,38,3,60,96,0,96,156
07/31/2016,HVN,CT,ANE,EN,Federal Contract Tower,0,15,20,0,35,0,12,6,0,18,0,27,26,0,53,2,0,2,55
08/01/2016,HVN,CT,ANE,EN,Federal Contract Tower,0,16,14,2,32,0,21,22,7,50,0,37,36,9,82,48,4,52,134
08/02/2016,HVN,CT,ANE,EN,Federal Contract Tower,0,27,8,0,35,0,10,17,4,31,0,37,25,4,66,44,0,44,110
08/03/2016,HVN,CT,ANE,EN,Federal Contract Tower,0,16,6,0,22,0,15,73,2,90,0,31,79,2,112,64,0,64,176
08/04/2016,HVN,CT,ANE,EN,Federal Contract Tower,0,8,12,1,21,0,22,50,2,74,0,30,62,3,95,34,2,36,131
08/05/2016,HVN,CT,ANE,EN,Federal Contract Tower,0,7,12,0,19,0,25,43,0,68,0,32,55,0,87,44,0,44,131
08/06/2016,HVN,CT,ANE,EN,Federal Contract Tower,0,7,5,0,12,0,6,8,0,14,0,13,13,0,26,20,0,20,46
08/07/2016,HVN,CT,ANE,EN,Federal Contract Tower,0,9,16,0,25,0,15,60,12,87,0,24,76,12,112,38,0,38,150
08/08/2016,HVN,CT,ANE,EN,Federal Contract Tower,0,18,10,0,28,0,28,50,2,80,0,46,60,2,108,58,0,58,166
08/09/2016,HVN,CT,ANE,EN,Federal Contract Tower,0,12,23,0,35,0,10,52,4,66,0,22,75,4,101,78,0,78,179
08/10/2016,HVN,CT,ANE,EN,Federal Contract Tower,0,11,7,0,18,0,3,5,0,8,0,14,12,0,26,6,0,6,32
08/11/2016,HVN,CT,ANE,EN,Federal Contract Tower,0,7,9,0,16,0,19,10,0,29,0,26,19,0,45,8,0,8,53
08/12/2016,HVN,CT,ANE,EN,Federal Contract Tower,0,6,10,0,16,0,21,27,0,48,0,27,37,0,64,32,0,32,96
08/13/2016,HVN,CT,ANE,EN,Federal Contract Tower,0,3,3,0,6,0,1,32,3,36,0,4,35,3,42,22,0,22,64
08/14/2016,HVN,CT,ANE,EN,Federal Contract Tower,0,9,5,0,14,0,12,21,0,33,0,21,26,0,47,40,0,40,87
08/15/2016,HVN,CT,ANE,EN,Federal Contract Tower,0,10,12,0,22,0,15,28,0,43,0,25,40,0,65,0,0,0,65
08/16/2016,HVN,CT,ANE,EN,Federal Contract Tower,0,17,18,0,35,0,7,14,0,21,0,24,32,0,56,16,0,16,72
08/17/2016,HVN,CT,ANE,EN,Federal Contract Tower,0,10,11,2,23,0,16,38,0,54,0,26,49,2,77,42,0,42,119
08/18/2016,HVN,CT,ANE,EN,Federal Contract Tower,0,13,5,0,18,0,23,39,2,64,0,36,44,2,82,50,2,52,134
08/19/2016,HVN,CT,ANE,EN,Federal Contract Tower,0,13,12,0,25,0,22,58,0,80,0,35,70,0,105,32,0,32,137
08/20/2016,HVN,CT,ANE,EN,Federal Contract Tower,0,7,10,0,17,0,5,20,0,25,0,12,30,0,42,26,0,26,68
08/21/2016,HVN,CT,ANE,EN,Federal Contract Tower,0,4,14,2,20,0,6,15,0,21,0,10,29,2,41,20,0,20,61
08/22/2016,HVN,CT,ANE,EN,Federal Contract Tower,0,8,7,0,15,0,19,35,0,54,0,27,42,0,69,26,0,26,95
08/23/2016,HVN,CT,ANE,EN,Federal Contract Tower,0,21,11,0,32,0,8,38,0,46,0,29,49,0,78,26,32,58,136
08/24/2016,HVN,CT,ANE,EN,Federal Contract Tower,0,20,14,0,34,0,16,60,0,76,0,36,74,0,110,96,0,96,206
08/25/2016,HVN,CT,ANE,EN,Federal Contract Tower,0,14,15,0,29,0,20,52,3,75,0,34,67,3,104,60,0,60,164
08/26/2016,HVN,CT,ANE,EN,Federal Contract Tower,0,16,16,0,32,0,14,40,0,54,0,30,56,0,86,14,0,14,100
08/27/2016,HVN,CT,ANE,EN,Federal Contract Tower,0,9,16,0,25,0,7,50,3,60,0,16,66,3,85,80,0,80,165
08/28/2016,HVN,CT,ANE,EN,Federal Contract Tower,0,12,6,0,18,0,8,62,3,73,0,20,68,3,91,76,0,76,167
08/29/2016,HVN,CT,ANE,EN,Federal Contract Tower,0,10,14,0,24,0,16,39,0,55,0,26,53,0,79,38,0,38,117
08/30/2016,HVN,CT,ANE,EN,Federal Contract Tower,0,15,15,0,30,0,9,41,2,52,0,24,56,2,82,74,30,104,186
08/31/2016,HVN,CT,ANE,EN,Federal Contract Tower,0,13,11,0,24,0,6,18,4,28,0,19,29,4,52,48,0,48,100
09/01/2016,HVN,CT,ANE,EN,Federal Contract Tower,0,11,14,0,25,0,14,17,2,33,0,25,31,2,58,34,0,34,92
09/02/2016,HVN,CT,ANE,EN,Federal Contract Tower,0,11,8,0,19,0,17,45,0,62,0,28,53,0,81,34,0,34,115
09/03/2016,HVN,CT,ANE,EN,Federal Contract Tower,0,11,9,0,20,0,4,31,0,35,0,15,40,0,55,18,0,18,73
09/04/2016,HVN,CT,ANE,EN,Federal Contract Tower,0,10,8,0,18,0,4,5,0,9,0,14,13,0,27,16,0,16,43
09/05/2016,HVN,CT,ANE,EN,Federal Contract Tower,0,13,17,0,30,0,16,9,0,25,0,29,26,0,55,0,0,0,55
09/06/2016,HVN,CT,ANE,EN,Federal Contract Tower,0,24,9,0,33,0,8,2,0,10,0,32,11,0,43,0,0,0,43
09/07/2016,HVN,CT,ANE,EN,Federal Contract Tower,0,23,19,0,42,0,0,13,0,13,0,23,32,0,55,46,0,46,101
09/08/2016,HVN,CT,ANE,EN,Federal Contract Tower,0,9,15,1,25,0,9,34,1,44,0,18,49,2,69,20,8,28,97
09/09/2016,HVN,CT,ANE,EN,Federal Contract Tower,0,13,9,0,22,0,22,45,0,67,0,35,54,0,89,70,0,70,159
09/10/2016,HVN,CT,ANE,EN,Federal Contract Tower,0,11,10,0,21,0,2,33,0,35,0,13,43,0,56,94,0,94,150
09/11/2016,HVN,CT,ANE,EN,Federal Contract Tower,0,12,15,0,27,0,9,31,0,40,0,21,46,0,67,80,0,80,147
09/12/2016,HVN,CT,ANE,EN,Federal Contract Tower,0,22,9,0,31,0,3,49,0,52,0,25,58,0,83,92,2,94,177
09/13/2016,HVN,CT,ANE,EN,Federal Contract Tower,0,15,11,0,26,0,3,56,0,59,0,18,67,0,85,94,0,94,179
09/14/2016,HVN,CT,ANE,EN,Federal Contract Tower,0,14,12,0,26,0,5,34,0,39,0,19,46,0,65,50,0,50,115
09/15/2016,HVN,CT,ANE,EN,Federal Contract Tower,0,24,29,0,53,0,4,53,1,58,0,28,82,1,111,46,0,46,157
09/16/2016,HVN,CT,ANE,EN,Federal Contract Tower,0,19,16,0,35,0,12,36,0,48,0,31,52,0,83,68,0,68,151
09/17/2016,HVN,CT,ANE,EN,Federal Contract Tower,0,6,7,0,13,0,3,47,0,50,0,9,54,0,63,156,0,156,219
09/18/2016,HVN,CT,ANE,EN,Federal Contract Tower,0,22,9,0,31,0,10,13,0,23,0,32,22,0,54,74,0,74,128
09/19/2016,HVN,CT,ANE,EN,Federal Contract Tower,0,9,8,0,17,0,0,0,0,0,0,9,8,0,17,0,0,0,17
09/20/2016,HVN,CT,ANE,EN,Federal Contract Tower,0,27,7,2,36,0,9,28,1,38,0,36,35,3,74,76,4,80,154
09/21/2016,HVN,CT,ANE,EN,Federal Contract Tower,0,20,12,0,32,0,10,33,1,44,0,30,45,1,76,176,0,176,252
09/22/2016,HVN,CT,ANE,EN,Federal Contract Tower,0,19,9,0,28,0,10,59,0,69,0,29,68,0,97,54,0,54,151
09/23/2016,HVN,CT,ANE,EN,Federal Contract Tower,0,18,8,0,26,0,15,50,0,65,0,33,58,0,91,46,0,46,137
09/24/2016,HVN,CT,ANE,EN,Federal Contract Tower,0,6,24,0,30,0,1,37,0,38,0,7,61,0,68,52,0,52,120
09/25/2016,HVN,CT,ANE,EN,Federal Contract Tower,0,8,18,2,28,0,9,60,0,69,0,17,78,2,97,76,0,76,173
09/26/2016,HVN,CT,ANE,EN,Federal Contract Tower,0,18,10,0,28,0,5,33,0,38,0,23,43,0,66,30,0,30,96
09/27/2016,HVN,CT,ANE,EN,Federal Contract Tower,0,19,3,0,22,0,5,18,0,23,0,24,21,0,45,36,0,36,81
09/28/2016,HVN,CT,ANE,EN,Federal Contract Tower,0,22,15,0,37,0,2,15,0,17,0,24,30,0,54,8,0,8,62
09/29/2016,HVN,CT,ANE,EN,Federal Contract Tower,0,12,16,0,28,0,7,28,0,35,0,19,44,0,63,24,0,24,87
09/30/2016,HVN,CT,ANE,EN,Federal Contract Tower,0,15,11,0,26,0,5,0,0,5,0,20,11,0,31,0,24,24,55
10/01/2016,HVN,CT,ANE,EN,Federal Contract Tower,0,7,11,0,18,0,0,0,0,0,0,7,11,0,18,0,0,0,18
10/02/2016,HVN,CT,ANE,EN,Federal Contract Tower,0,13,9,0,22,0,2,0,0,2,0,15,9,0,24,0,0,0,24
10/03/2016,HVN,CT,ANE,EN,Federal Contract Tower,0,8,15,0,23,0,2,14,0,16,0,10,29,0,39,38,0,38,77
10/04/2016,HVN,CT,ANE,EN,Federal Contract Tower,0,16,13,0,29,0,3,30,0,33,0,19,43,0,62,42,0,42,104
10/05/2016,HVN,CT,ANE,EN,Federal Contract Tower,0,16,17,2,35,0,2,60,0,62,0,18,77,2,97,86,2,88,185
10/06/2016,HVN,CT,ANE,EN,Federal Contract Tower,0,23,23,0,46,0,1,61,0,62,0,24,84,0,108,98,0,98,206
10/07/2016,HVN,CT,ANE,EN,Federal Contract Tower,0,22,19,0,41,0,8,62,0,70,0,30,81,0,111,94,0,94,205
10/08/2016,HVN,CT,ANE,EN,Federal Contract Tower,0,10,9,0,19,0,0,30,0,30,0,10,39,0,49,108,0,108,157
10/09/2016,HVN,CT,ANE,EN,Federal Contract Tower,0,20,11,0,31,0,2,1,0,3,0,22,12,0,34,0,0,0,34
10/10/2016,HVN,CT,ANE,EN,Federal Contract Tower,0,17,12,0,29,0,11,26,0,37,0,28,38,0,66,28,0,28,94
10/11/2016,HVN,CT,ANE,EN,Federal Contract Tower,0,20,12,0,32,0,7,23,0,30,0,27,35,0,62,18,0,18,80
10/12/2016,HVN,CT,ANE,EN,Federal Contract Tower,0,18,12,0,30,0,2,25,0,27,0,20,37,0,57,44,2,46,103
10/13/2016,HVN,CT,ANE,EN,Federal Contract Tower,0,16,25,0,41,0,2,19,0,21,0,18,44,0,62,14,0,14,76
10/14/2016,HVN,CT,ANE,EN,Federal Contract Tower,0,15,16,0,31,0,5,43,0,48,0,20,59,0,79,20,0,20,99
10/15/2016,HVN,CT,ANE,EN,Federal Contract Tower,0,13,11,0,24,0,0,52,0,52,0,13,63,0,76,46,0,46,122
10/16/2016,HVN,CT,ANE,EN,Federal Contract Tower,0,16,12,0,28,0,4,32,1,37,0,20,44,1,65,38,0,38,103
10/17/2016,HVN,CT,ANE,EN,Federal Contract Tower,0,21,9,0,30,0,4,20,2,26,0,25,29,2,56,46,2,48,104
10/18/2016,HVN,CT,ANE,EN,Federal Contract Tower,0,20,14,0,34,0,6,25,0,31,0,26,39,0,65,20,0,20,85
10/19/2016,HVN,CT,ANE,EN,Federal Contract Tower,0,23,17,0,40,0,4,46,0,50,0,27,63,0,90,62,0,62,152
10/20/2016,HVN,CT,ANE,EN,Federal Contract Tower,0,22,13,0,35,0,1,9,0,10,0,23,22,0,45,2,0,2,47
10/21/2016,HVN,CT,ANE,EN,Federal Contract Tower,0,11,12,0,23,0,1,0,0,1,0,12,12,0,24,6,0,6,30
10/22/2016,HVN,CT,ANE,EN,Federal Contract Tower,0,13,15,0,28,0,5,2,0,7,0,18,17,0,35,2,0,2,37
10/23/2016,HVN,CT,ANE,EN,Federal Contract Tower,0,15,17,0,32,0,8,12,0,20,0,23,29,0,52,16,0,16,68
10/24/2016,HVN,CT,ANE,EN,Federal Contract Tower,0,26,14,0,40,0,5,4,0,9,0,31,18,0,49,22,0,22,71
10/25/2016,HVN,CT,ANE,EN,Federal Contract Tower,0,28,20,2,50,0,13,13,6,32,0,41,33,8,82,46,0,46,128
10/26/2016,HVN,CT,ANE,EN,Federal Contract Tower,0,20,11,0,31,0,5,42,0,47,0,25,53,0,78,44,0,44,122
10/27/2016,HVN,CT,ANE,EN,Federal Contract Tower,0,19,18,0,37,0,0,0,0,0,0,19,18,0,37,0,0,0,37
10/28/2016,HVN,CT,ANE,EN,Federal Contract Tower,0,24,10,1,35,0,8,6,0,14,0,32,16,1,49,2,0,2,51
10/29/2016,HVN,CT,ANE,EN,Federal Contract Tower,0,12,14,0,26,0,2,38,0,40,0,14,52,0,66,50,0,50,116
10/30/2016,HVN,CT,ANE,EN,Federal Contract Tower,0,15,7,0,22,0,11,29,0,40,0,26,36,0,62,40,0,40,102
10/31/2016,HVN,CT,ANE,EN,Federal Contract Tower,0,21,12,0,33,0,8,17,0,25,0,29,29,0,58,54,0,54,112
11/01/2016,HVN,CT,ANE,EN,Federal Contract Tower,0,16,10,0,26,0,8,41,0,49,0,24,51,0,75,52,0,52,127
11/02/2016,HVN,CT,ANE,EN,Federal Contract Tower,0,20,12,0,32,0,10,56,0,66,0,30,68,0,98,82,0,82,180
11/03/2016,HVN,CT,ANE,EN,Federal Contract Tower,0,17,6,1,24,0,3,4,0,7,0,20,10,1,31,2,0,2,33
11/04/2016,HVN,CT,ANE,EN,Federal Contract Tower,0,19,11,0,30,0,2,19,0,21,0,21,30,0,51,10,0,10,61
11/05/2016,HVN,CT,ANE,EN,Federal Contract Tower,0,8,9,5,22,0,2,65,0,67,0,10,74,5,89,48,2,50,139
11/06/2016,HVN,CT,ANE,EN,Federal Contract Tower,0,14,9,0,23,0,2,24,0,26,0,16,33,0,49,24,0,24,73
11/07/2016,HVN,CT,ANE,EN,Federal Contract Tower,0,10,14,0,24,0,6,36,0,42,0,16,50,0,66,46,0,46,112
11/08/2016,HVN,CT,ANE,EN,Federal Contract Tower,0,16,11,0,27,0,3,31,4,38,0,19,42,4,65,54,4,58,123
11/09/2016,HVN,CT,ANE,EN,Federal Contract Tower,0,20,7,0,27,0,2,6,0,8,0,22,13,0,35,12,0,12,47
11/10/2016,HVN,CT,ANE,EN,Federal Contract Tower,0,29,7,0,36,0,17,34,4,55,0,46,41,4,91,28,0,28,119
11/11/2016,HVN,CT,ANE,EN,Federal Contract Tower,0,24,11,0,35,0,7,11,0,18,0,31,22,0,53,2,0,2,55
11/12/2016,HVN,CT,ANE,EN,Federal Contract Tower,0,13,28,0,41,0,3,56,0,59,0,16,84,0,100,110,0,110,210
11/13/2016,HVN,CT,ANE,EN,Federal Contract Tower,0,17,8,0,25,0,2,36,0,38,0,19,44,0,63,58,0,58,121
11/14/2016,HVN,CT,ANE,EN,Federal Contract Tower,0,7,4,0,11,0,3,36,2,41,0,10,40,2,52,48,0,48,100
11/15/2016,HVN,CT,ANE,EN,Federal Contract Tower,0,14,4,0,18,0,0,0,0,0,0,14,4,0,18,0,0,0,18
11/16/2016,HVN,CT,ANE,EN,Federal Contract Tower,0,18,2,0,20,0,5,12,0,17,0,23,14,0,37,44,0,44,81
11/17/2016,HVN,CT,ANE,EN,Federal Contract Tower,0,21,8,0,29,0,6,15,0,21,0,27,23,0,50,16,4,20,70
11/18/2016,HVN,CT,ANE,EN,Federal Contract Tower,0,8,25,0,33,0,7,49,4,60,0,15,74,4,93,62,0,62,155
11/19/2016,HVN,CT,ANE,EN,Federal Contract Tower,0,6,15,0,21,0,2,50,0,52,0,8,65,0,73,50,8,58,131
11/20/2016,HVN,CT,ANE,EN,Federal Contract Tower,0,9,8,0,17,0,0,3,0,3,0,9,11,0,20,0,0,0,20
11/21/2016,HVN,CT,ANE,EN,Federal Contract Tower,0,8,1,0,9,0,0,1,0,1,0,8,2,0,10,8,0,8,18
11/22/2016,HVN,CT,ANE,EN,Federal Contract Tower,0,15,8,0,23,0,2,7,0,9,0,17,15,0,32,10,0,10,42
11/23/2016,HVN,CT,ANE,EN,Federal Contract Tower,0,15,5,0,20,0,5,25,0,30,0,20,30,0,50,10,0,10,60
11/24/2016,HVN,CT,ANE,EN,Federal Contract Tower,0,5,8,0,13,0,2,14,0,16,0,7,22,0,29,20,0,20,49
11/25/2016,HVN,CT,ANE,EN,Federal Contract Tower,0,9,9,0,18,0,5,7,0,12,0,14,16,0,30,18,0,18,48
11/26/2016,HVN,CT,ANE,EN,Federal Contract Tower,0,12,17,0,29,0,0,38,0,38,0,12,55,0,67,96,0,96,163
11/27/2016,HVN,CT,ANE,EN,Federal Contract Tower,0,12,12,0,24,0,7,44,0,51,0,19,56,0,75,38,0,38,113
11/28/2016,HVN,CT,ANE,EN,Federal Contract Tower,0,14,14,2,30,0,8,36,0,44,0,22,50,2,74,78,4,82,156
11/29/2016,HVN,CT,ANE,EN,Federal Contract Tower,0,13,3,0,16,0,0,0,0,0,0,13,3,0,16,2,0,2,18
11/30/2016,HVN,CT,ANE,EN,Federal Contract Tower,0,18,6,0,24,0,1,0,0,1,0,19,6,0,25,4,0,4,29
12/01/2016,HVN,CT,ANE,EN,Federal Contract Tower,0,13,6,4,23,0,2,15,0,17,0,15,21,4,40,16,0,16,56
12/02/2016,HVN,CT,ANE,EN,Federal Contract Tower,0,10,10,0,20,0,2,16,0,18,0,12,26,0,38,10,0,10,48
12/03/2016,HVN,CT,ANE,EN,Federal Contract Tower,0,6,11,0,17,0,0,17,0,17,0,6,28,0,34,20,0,20,54
12/04/2016,HVN,CT,ANE,EN,Federal Contract Tower,0,7,9,0,16,0,0,45,1,46,0,7,54,1,62,96,4,100,162
12/05/2016,HVN,CT,ANE,EN,Federal Contract Tower,0,11,6,0,17,0,1,10,0,11,0,12,16,0,28,18,0,18,46
12/06/2016,HVN,CT,ANE,EN,Federal Contract Tower,0,14,12,0,26,0,2,17,0,19,0,16,29,0,45,16,0,16,61
12/07/2016,HVN,CT,ANE,EN,Federal Contract Tower,0,15,15,0,30,0,1,6,0,7,0,16,21,0,37,0,0,0,37
12/08/2016,HVN,CT,ANE,EN,Federal Contract Tower,0,10,6,0,16,0,9,13,2,24,0,19,19,2,40,22,0,22,62
12/09/2016,HVN,CT,ANE,EN,Federal Contract Tower,0,13,4,2,19,0,2,5,0,7,0,15,9,2,26,8,0,8,34
12/10/2016,HVN,CT,ANE,EN,Federal Contract Tower,0,9,10,0,19,0,2,28,0,30,0,11,38,0,49,50,0,50,99
12/11/2016,HVN,CT,ANE,EN,Federal Contract Tower,0,11,7,2,20,0,1,25,6,32,0,12,32,8,52,40,0,40,92
12/12/2016,HVN,CT,ANE,EN,Federal Contract Tower,0,13,6,0,19,0,0,2,0,2,0,13,8,0,21,0,0,0,21
12/13/2016,HVN,CT,ANE,EN,Federal Contract Tower,0,19,4,0,23,0,6,24,2,32,0,25,28,2,55,20,0,20,75
12/14/2016,HVN,CT,ANE,EN,Federal Contract Tower,0,15,4,0,19,0,4,24,2,30,0,19,28,2,49,6,0,6,55
12/15/2016,HVN,CT,ANE,EN,Federal Contract Tower,0,10,8,0,18,0,2,2,0,4,0,12,10,0,22,0,0,0,22
12/16/2016,HVN,CT,ANE,EN,Federal Contract Tower,0,17,6,0,23,0,4,21,0,25,0,21,27,0,48,58,0,58,106
12/17/2016,HVN,CT,ANE,EN,Federal Contract Tower,0,6,2,0,8,0,0,0,0,0,0,6,2,0,8,0,0,0,8
12/18/2016,HVN,CT,ANE,EN,Federal Contract Tower,0,10,5,0,15,0,0,0,0,0,0,10,5,0,15,0,0,0,15
12/19/2016,HVN,CT,ANE,EN,Federal Contract Tower,0,10,6,0,16,0,0,15,0,15,0,10,21,0,31,56,0,56,87
12/20/2016,HVN,CT,ANE,EN,Federal Contract Tower,0,17,1,0,18,0,2,26,0,28,0,19,27,0,46,18,0,18,64
12/21/2016,HVN,CT,ANE,EN,Federal Contract Tower,0,20,5,0,25,0,4,22,1,27,0,24,27,1,52,30,0,30,82
12/22/2016,HVN,CT,ANE,EN,Federal Contract Tower,0,15,7,0,22,0,1,15,2,18,0,16,22,2,40,20,0,20,60
12/24/2016,HVN,CT,ANE,EN,Federal Contract Tower,0,7,2,0,9,0,0,0,0,0,0,7,2,0,9,0,0,0,9
12/25/2016,HVN,CT,ANE,EN,Federal Contract Tower,0,4,0,0,4,0,0,3,0,3,0,4,3,0,7,0,0,0,7
12/26/2016,HVN,CT,ANE,EN,Federal Contract Tower,0,9,4,0,13,0,0,7,2,9,0,9,11,2,22,10,0,10,32
12/27/2016,HVN,CT,ANE,EN,Federal Contract Tower,0,10,6,0,16,0,0,6,2,8,0,10,12,2,24,8,0,8,32
12/28/2016,HVN,CT,ANE,EN,Federal Contract Tower,0,14,5,1,20,0,2,23,2,27,0,16,28,3,47,30,0,30,77
12/29/2016,HVN,CT,ANE,EN,Federal Contract Tower,0,5,2,0,7,0,0,0,0,0,0,5,2,0,7,0,0,0,7
12/30/2016,HVN,CT,ANE,EN,Federal Contract Tower,0,8,5,0,13,0,0,2,0,2,0,8,7,0,15,2,0,2,17
12/31/2016,HVN,CT,ANE,EN,Federal Contract Tower,0,7,4,0,11,0,0,21,0,21,0,7,25,0,32,36,0,36,68
01/01/2017,HVN,CT,ANE,EN,Federal Contract Tower,0,10,6,0,16,0,0,17,0,17,0,10,23,0,33,40,0,40,73
01/02/2017,HVN,CT,ANE,EN,Federal Contract Tower,0,21,6,0,27,0,0,10,0,10,0,21,16,0,37,24,0,24,61
01/03/2017,HVN,CT,ANE,EN,Federal Contract Tower,0,13,7,0,20,0,0,0,0,0,0,13,7,0,20,0,0,0,20
01/04/2017,HVN,CT,ANE,EN,Federal Contract Tower,0,8,4,0,12,0,0,2,0,2,0,8,6,0,14,8,0,8,22
01/05/2017,HVN,CT,ANE,EN,Federal Contract Tower,0,12,10,0,22,0,22,2,0,24,0,34,12,0,46,22,2,24,70
01/06/2017,HVN,CT,ANE,EN,Federal Contract Tower,0,12,5,0,17,0,2,1,0,3,0,14,6,0,20,14,0,14,34
01/07/2017,HVN,CT,ANE,EN,Federal Contract Tower,0,3,1,0,4,0,0,3,0,3,0,3,4,0,7,8,0,8,15
01/08/2017,HVN,CT,ANE,EN,Federal Contract Tower,0,7,7,0,14,0,0,2,0,2,0,7,9,0,16,0,0,0,16
01/09/2017,HVN,CT,ANE,EN,Federal Contract Tower,0,6,5,0,11,0,0,10,0,10,0,6,15,0,21,28,0,28,49
01/10/2017,HVN,CT,ANE,EN,Federal Contract Tower,0,16,0,0,16,0,2,8,0,10,0,18,8,0,26,16,0,16,42
01/11/2017,HVN,CT,ANE,EN,Federal Contract Tower,0,9,14,0,23,0,1,5,0,6,0,10,19,0,29,12,0,12,41
01/12/2017,HVN,CT,ANE,EN,Federal Contract Tower,0,16,7,0,23,0,0,7,0,7,0,16,14,0,30,10,0,10,40
01/13/2017,HVN,CT,ANE,EN,Federal Contract Tower,0,10,4,0,14,0,0,19,0,19,0,10,23,0,33,16,0,16,49
01/14/2017,HVN,CT,ANE,EN,Federal Contract Tower,0,10,1,0,11,0,0,16,0,16,0,10,17,0,27,8,0,8,35
01/15/2017,HVN,CT,ANE,EN,Federal Contract Tower,0,10,13,0,23,0,1,23,2,26,0,11,36,2,49,50,0,50,99
01/16/2017,HVN,CT,ANE,EN,Federal Contract Tower,0,13,10,0,23,0,2,34,0,36,0,15,44,0,59,102,0,102,161
01/17/2017,HVN,CT,ANE,EN,Federal Contract Tower,0,16,7,0,23,0,3,0,0,3,0,19,7,0,26,0,0,0,26
01/18/2017,HVN,CT,ANE,EN,Federal Contract Tower,0,13,7,0,20,0,0,0,0,0,0,13,7,0,20,0,0,0,20
01/19/2017,HVN,CT,ANE,EN,Federal Contract Tower,0,13,11,0,24,0,2,17,0,19,0,15,28,0,43,2,2,4,47
01/20/2017,HVN,CT,ANE,EN,Federal Contract Tower,0,11,14,0,25,0,0,11,3,14,0,11,25,3,39,18,0,18,57
01/21/2017,HVN,CT,ANE,EN,Federal Contract Tower,0,5,8,1,14,0,0,6,0,6,0,5,14,1,20,2,0,2,22
01/22/2017,HVN,CT,ANE,EN,Federal Contract Tower,0,10,8,0,18,0,0,1,0,1,0,10,9,0,19,4,0,4,23
01/23/2017,HVN,CT,ANE,EN,Federal Contract Tower,0,8,5,0,13,0,0,0,0,0,0,8,5,0,13,0,0,0,13
01/24/2017,HVN,CT,ANE,EN,Federal Contract Tower,0,15,0,0,15,0,1,0,0,1,0,16,0,0,16,0,0,0,16
01/25/2017,HVN,CT,ANE,EN,Federal Contract Tower,0,15,8,2,25,0,8,10,0,18,0,23,18,2,43,4,4,8,51
01/26/2017,HVN,CT,ANE,EN,Federal Contract Tower,0,14,9,0,23,0,4,4,0,8,0,18,13,0,31,14,0,14,45
01/27/2017,HVN,CT,ANE,EN,Federal Contract Tower,0,9,3,0,12,0,0,10,0,10,0,9,13,0,22,4,0,4,26
01/28/2017,HVN,CT,ANE,EN,Federal Contract Tower,0,16,9,0,25,0,7,17,0,24,0,23,26,0,49,16,0,16,65
01/29/2017,HVN,CT,ANE,EN,Federal Contract Tower,0,11,11,0,22,0,2,37,0,39,0,13,48,0,61,50,0,50,111
01/30/2017,HVN,CT,ANE,EN,Federal Contract Tower,0,15,10,0,25,0,5,3,0,8,0,20,13,0,33,42,0,42,75
01/31/2017,HVN,CT,ANE,EN,Federal Contract Tower,0,13,12,0,25,0,2,5,0,7,0,15,17,0,32,12,0,12,44
02/01/2017,HVN,CT,ANE,EN,Federal Contract Tower,0,22,10,0,32,0,4,10,6,20,0,26,20,6,52,26,0,26,78
02/02/2017,HVN,CT,ANE,EN,Federal Contract Tower,0,17,16,0,33,0,0,13,0,13,0,17,29,0,46,0,0,0,46
02/03/2017,HVN,CT,ANE,EN,Federal Contract Tower,0,12,11,0,23,0,2,19,0,21,0,14,30,0,44,16,0,16,60
02/04/2017,HVN,CT,ANE,EN,Federal Contract Tower,0,10,0,0,10,0,1,20,0,21,0,11,20,0,31,10,0,10,41
02/05/2017,HVN,CT,ANE,EN,Federal Contract Tower,0,15,3,0,18,0,3,23,2,28,0,18,26,2,46,60,0,60,106
02/06/2017,HVN,CT,ANE,EN,Federal Contract Tower,0,11,3,0,14,0,1,32,1,34,0,12,35,1,48,60,0,60,108
02/07/2017,HVN,CT,ANE,EN,Federal Contract Tower,0,17,2,0,19,0,0,0,0,0,0,17,2,0,19,0,0,0,19
02/08/2017,HVN,CT,ANE,EN,Federal Contract Tower,0,15,17,0,32,0,4,33,0,37,0,19,50,0,69,62,0,62,131
02/09/2017,HVN,CT,ANE,EN,Federal Contract Tower,0,0,0,0,0,0,0,0,0,0,0,0,0,0,0,0,0,0,0
02/10/2017,HVN,CT,ANE,EN,Federal Contract Tower,0,8,3,0,11,0,2,2,0,4,0,10,5,0,15,0,0,0,15
02/11/2017,HVN,CT,ANE,EN,Federal Contract Tower,0,7,19,0,26,0,0,6,0,6,0,7,25,0,32,8,0,8,40
02/12/2017,HVN,CT,ANE,EN,Federal Contract Tower,0,4,2,0,6,0,0,0,0,0,0,4,2,0,6,0,0,0,6
02/13/2017,HVN,CT,ANE,EN,Federal Contract Tower,0,6,8,0,14,0,0,0,0,0,0,6,8,0,14,0,0,0,14
02/14/2017,HVN,CT,ANE,EN,Federal Contract Tower,0,16,11,0,27,0,2,23,1,26,0,18,34,1,53,32,18,50,103
02/15/2017,HVN,CT,ANE,EN,Federal Contract Tower,0,13,10,0,23,0,2,1,0,3,0,15,11,0,26,4,0,4,30
02/16/2017,HVN,CT,ANE,EN,Federal Contract Tower,0,12,12,2,26,0,3,12,0,15,0,15,24,2,41,0,0,0,41
02/17/2017,HVN,CT,ANE,EN,Federal Contract Tower,0,12,10,0,22,0,1,8,0,9,0,13,18,0,31,16,0,16,47
02/18/2017,HVN,CT,ANE,EN,Federal Contract Tower,0,8,8,0,16,0,4,53,0,57,0,12,61,0,73,116,0,116,189
02/19/2017,HVN,CT,ANE,EN,Federal Contract Tower,0,11,2,1,14,0,2,53,2,57,0,13,55,3,71,122,0,122,193
02/20/2017,HVN,CT,ANE,EN,Federal Contract Tower,0,9,12,0,21,0,1,16,0,17,0,10,28,0,38,34,0,34,72
02/21/2017,HVN,CT,ANE,EN,Federal Contract Tower,0,12,4,0,16,0,6,31,1,38,0,18,35,1,54,16,0,16,70
02/22/2017,HVN,CT,ANE,EN,Federal Contract Tower,0,16,2,0,18,0,6,5,0,11,0,22,7,0,29,8,0,8,37
02/23/2017,HVN,CT,ANE,EN,Federal Contract Tower,0,13,18,0,31,0,2,7,0,9,0,15,25,0,40,4,0,4,44
02/24/2017,HVN,CT,ANE,EN,Federal Contract Tower,0,15,12,0,27,0,0,19,2,21,0,15,31,2,48,12,0,12,60
02/25/2017,HVN,CT,ANE,EN,Federal Contract Tower,0,11,2,0,13,0,0,0,0,0,0,11,2,0,13,0,0,0,13
02/26/2017,HVN,CT,ANE,EN,Federal Contract Tower,0,10,10,0,20,0,4,10,0,14,0,14,20,0,34,30,0,30,64
02/27/2017,HVN,CT,ANE,EN,Federal Contract Tower,0,16,16,2,34,0,1,23,1,25,0,17,39,3,59,26,0,26,85
02/28/2017,HVN,CT,ANE,EN,Federal Contract Tower,0,12,8,0,20,0,2,8,0,10,0,14,16,0,30,8,0,8,38
03/01/2017,HVN,CT,ANE,EN,Federal Contract Tower,0,11,0,0,11,0,0,0,0,0,0,11,0,0,11,0,0,0,11
03/02/2017,HVN,CT,ANE,EN,Federal Contract Tower,0,11,7,0,18,0,5,2,0,7,0,16,9,0,25,2,0,2,27
03/03/2017,HVN,CT,ANE,EN,Federal Contract Tower,0,13,9,0,22,0,0,14,0,14,0,13,23,0,36,34,0,34,70
03/04/2017,HVN,CT,ANE,EN,Federal Contract Tower,0,7,5,0,12,0,0,4,0,4,0,7,9,0,16,0,0,0,16
03/05/2017,HVN,CT,ANE,EN,Federal Contract Tower,0,7,14,0,21,0,0,0,0,0,0,7,14,0,21,8,0,8,29
03/06/2017,HVN,CT,ANE,EN,Federal Contract Tower,0,10,0,0,10,0,2,19,0,21,0,12,19,0,31,58,0,58,89
03/07/2017,HVN,CT,ANE,EN,Federal Contract Tower,0,17,6,0,23,0,0,1,0,1,0,17,7,0,24,6,0,6,30
03/08/2017,HVN,CT,ANE,EN,Federal Contract Tower,0,10,9,0,19,0,0,8,2,10,0,10,17,2,29,34,6,40,69
03/09/2017,HVN,CT,ANE,EN,Federal Contract Tower,0,15,10,0,25,0,7,1,0,8,0,22,11,0,33,0,0,0,33
03/10/2017,HVN,CT,ANE,EN,Federal Contract Tower,0,11,6,0,17,0,1,0,0,1,0,12,6,0,18,0,0,0,18
03/11/2017,HVN,CT,ANE,EN,Federal Contract Tower,0,4,0,0,4,0,0,1,0,1,0,4,1,0,5,0,0,0,5
03/12/2017,HVN,CT,ANE,EN,Federal Contract Tower,0,13,2,4,19,0,10,2,0,12,0,23,4,4,31,2,6,8,39
03/13/2017,HVN,CT,ANE,EN,Federal Contract Tower,0,13,5,0,18,0,0,17,0,17,0,13,22,0,35,28,0,28,63
03/14/2017,HVN,CT,ANE,EN,Federal Contract Tower,0,0,0,0,0,0,0,0,0,0,0,0,0,0,0,0,0,0,0
03/16/2017,HVN,CT,ANE,EN,Federal Contract Tower,0,14,2,4,20,0,5,6,6,17,0,19,8,10,37,4,0,4,41
03/17/2017,HVN,CT,ANE,EN,Federal Contract Tower,0,9,5,0,14,0,0,12,0,12,0,9,17,0,26,6,0,6,32
03/18/2017,HVN,CT,ANE,EN,Federal Contract Tower,0,6,4,0,10,0,2,12,0,14,0,8,16,0,24,20,0,20,44
03/19/2017,HVN,CT,ANE,EN,Federal Contract Tower,0,16,16,0,32,0,0,8,0,8,0,16,24,0,40,30,0,30,70
03/20/2017,HVN,CT,ANE,EN,Federal Contract Tower,0,12,9,0,21,0,1,18,1,20,0,13,27,1,41,92,0,92,133
03/21/2017,HVN,CT,ANE,EN,Federal Contract Tower,0,20,9,0,29,0,3,19,1,23,0,23,28,1,52,18,0,18,70
03/22/2017,HVN,CT,ANE,EN,Federal Contract Tower,0,9,5,2,16,0,7,3,0,10,0,16,8,2,26,0,2,2,28
03/23/2017,HVN,CT,ANE,EN,Federal Contract Tower,0,8,9,0,17,0,4,32,4,40,0,12,41,4,57,28,8,36,93
03/24/2017,HVN,CT,ANE,EN,Federal Contract Tower,0,10,9,0,19,0,5,5,0,10,0,15,14,0,29,4,0,4,33
03/25/2017,HVN,CT,ANE,EN,Federal Contract Tower,0,12,10,0,22,0,0,7,0,7,0,12,17,0,29,30,0,30,59
03/26/2017,HVN,CT,ANE,EN,Federal Contract Tower,0,13,5,0,18,0,0,4,0,4,0,13,9,0,22,2,0,2,24
03/27/2017,HVN,CT,ANE,EN,Federal Contract Tower,0,12,5,0,17,0,0,0,0,0,0,12,5,0,17,0,0,0,17
03/28/2017,HVN,CT,ANE,EN,Federal Contract Tower,0,17,5,0,22,0,0,0,0,0,0,17,5,0,22,0,0,0,22
03/29/2017,HVN,CT,ANE,EN,Federal Contract Tower,0,17,13,0,30,0,3,11,1,15,0,20,24,1,45,26,0,26,71
03/30/2017,HVN,CT,ANE,EN,Federal Contract Tower,0,12,11,0,23,0,5,37,4,46,0,17,48,4,69,58,26,84,153
03/31/2017,HVN,CT,ANE,EN,Federal Contract Tower,0,10,5,0,15,0,0,0,0,0,0,10,5,0,15,0,0,0,15
04/01/2017,HVN,CT,ANE,EN,Federal Contract Tower,0,9,2,0,11,0,0,4,0,4,0,9,6,0,15,0,8,8,23
04/02/2017,HVN,CT,ANE,EN,Federal Contract Tower,0,19,18,0,37,0,5,21,1,27,0,24,39,1,64,66,8,74,138
04/03/2017,HVN,CT,ANE,EN,Federal Contract Tower,0,15,9,1,25,0,2,16,5,23,0,17,25,6,48,38,0,38,86
04/04/2017,HVN,CT,ANE,EN,Federal Contract Tower,0,14,10,0,24,0,0,0,0,0,0,14,10,0,24,2,0,2,26
04/05/2017,HVN,CT,ANE,EN,Federal Contract Tower,0,18,15,2,35,0,0,18,5,23,0,18,33,7,58,58,4,62,120
04/06/2017,HVN,CT,ANE,EN,Federal Contract Tower,0,22,2,0,24,0,0,0,0,0,0,22,2,0,24,0,0,0,24
04/07/2017,HVN,CT,ANE,EN,Federal Contract Tower,0,15,9,0,24,0,3,6,0,9,0,18,15,0,33,0,0,0,33
04/08/2017,HVN,CT,ANE,EN,Federal Contract Tower,0,9,12,0,21,0,1,16,5,22,0,10,28,5,43,22,0,22,65
04/09/2017,HVN,CT,ANE,EN,Federal Contract Tower,0,11,8,0,19,0,0,41,3,44,0,11,49,3,63,66,2,68,131
04/10/2017,HVN,CT,ANE,EN,Federal Contract Tower,0,8,10,0,18,0,2,30,15,47,0,10,40,15,65,16,10,26,91
04/11/2017,HVN,CT,ANE,EN,Federal Contract Tower,0,19,9,1,29,0,9,20,1,30,0,28,29,2,59,22,6,28,87
04/12/2017,HVN,CT,ANE,EN,Federal Contract Tower,0,16,7,0,23,0,5,13,0,18,0,21,20,0,41,4,0,4,45
04/13/2017,HVN,CT,ANE,EN,Federal Contract Tower,0,14,7,0,21,0,3,16,0,19,0,17,23,0,40,50,0,50,90
04/14/2017,HVN,CT,ANE,EN,Federal Contract Tower,0,9,15,0,24,0,2,33,0,35,0,11,48,0,59,44,0,44,103
04/15/2017,HVN,CT,ANE,EN,Federal Contract Tower,0,3,11,0,14,0,2,24,2,28,0,5,35,2,42,32,0,32,74
04/16/2017,HVN,CT,ANE,EN,Federal Contract Tower,0,11,5,0,16,0,4,12,0,16,0,15,17,0,32,0,0,0,32
04/17/2017,HVN,CT,ANE,EN,Federal Contract Tower,0,12,13,0,25,0,5,18,3,26,0,17,31,3,51,4,0,4,55
04/18/2017,HVN,CT,ANE,EN,Federal Contract Tower,0,7,18,0,25,0,5,25,1,31,0,12,43,1,56,48,0,48,104
04/19/2017,HVN,CT,ANE,EN,Federal Contract Tower,0,15,13,0,28,0,0,9,0,9,0,15,22,0,37,8,0,8,45
04/20/2017,HVN,CT,ANE,EN,Federal Contract Tower,0,24,22,0,46,0,0,10,0,10,0,24,32,0,56,30,6,36,92
04/21/2017,HVN,CT,ANE,EN,Federal Contract Tower,0,16,9,0,25,0,0,0,0,0,0,16,9,0,25,0,0,0,25
04/22/2017,HVN,CT,ANE,EN,Federal Contract Tower,0,7,15,0,22,0,0,0,2,2,0,7,15,2,24,18,0,18,42
04/23/2017,HVN,CT,ANE,EN,Federal Contract Tower,0,17,13,0,30,0,6,58,0,64,0,23,71,0,94,120,0,120,214
04/24/2017,HVN,CT,ANE,EN,Federal Contract Tower,0,12,11,0,23,0,3,14,9,26,0,15,25,9,49,12,0,12,61
04/25/2017,HVN,CT,ANE,EN,Federal Contract Tower,0,14,13,2,29,0,0,0,0,0,0,14,13,2,29,0,0,0,29
04/26/2017,HVN,CT,ANE,EN,Federal Contract Tower,0,8,16,0,24,0,0,0,0,0,0,8,16,0,24,0,0,0,24
04/27/2017,HVN,CT,ANE,EN,Federal Contract Tower,0,21,24,2,47,0,0,2,0,2,0,21,26,2,49,22,2,24,73
04/28/2017,HVN,CT,ANE,EN,Federal Contract Tower,0,15,7,0,22,0,9,19,4,32,0,24,26,4,54,36,0,36,90
04/29/2017,HVN,CT,ANE,EN,Federal Contract Tower,0,9,12,0,21,0,4,19,2,25,0,13,31,2,46,22,0,22,68
04/30/2017,HVN,CT,ANE,EN,Federal Contract Tower,0,0,11,17,28,0,13,31,0,44,0,13,42,17,72,60,0,60,132
05/01/2017,HVN,CT,ANE,EN,Federal Contract Tower,0,12,7,2,21,0,0,6,0,6,0,12,13,2,27,4,2,6,33
05/02/2017,HVN,CT,ANE,EN,Federal Contract Tower,0,16,15,0,31,0,0,7,0,7,0,16,22,0,38,10,0,10,48
05/03/2017,HVN,CT,ANE,EN,Federal Contract Tower,0,14,12,0,26,0,3,24,0,27,0,17,36,0,53,8,0,8,61
05/04/2017,HVN,CT,ANE,EN,Federal Contract Tower,0,13,14,0,27,0,2,22,0,24,0,15,36,0,51,16,0,16,67
05/05/2017,HVN,CT,ANE,EN,Federal Contract Tower,0,6,8,4,18,0,0,0,0,0,0,6,8,4,18,0,0,0,18
05/06/2017,HVN,CT,ANE,EN,Federal Contract Tower,0,6,7,2,15,0,5,7,1,13,0,11,14,3,28,24,0,24,52
05/07/2017,HVN,CT,ANE,EN,Federal Contract Tower,0,12,6,0,18,0,7,11,1,19,0,19,17,1,37,62,0,62,99
05/08/2017,HVN,CT,ANE,EN,Federal Contract Tower,0,13,5,0,18,0,2,15,0,17,0,15,20,0,35,16,0,16,51
05/09/2017,HVN,CT,ANE,EN,Federal Contract Tower,0,14,12,0,26,0,6,18,4,28,0,20,30,4,54,16,0,16,70
05/10/2017,HVN,CT,ANE,EN,Federal Contract Tower,0,18,10,0,28,0,8,22,0,30,0,26,32,0,58,22,0,22,80
05/11/2017,HVN,CT,ANE,EN,Federal Contract Tower,0,11,13,1,25,0,10,28,3,41,0,21,41,4,66,42,0,42,108
05/12/2017,HVN,CT,ANE,EN,Federal Contract Tower,0,9,14,0,23,0,11,21,2,34,0,20,35,2,57,32,0,32,89
05/13/2017,HVN,CT,ANE,EN,Federal Contract Tower,0,8,10,0,18,0,1,0,0,1,0,9,10,0,19,4,0,4,23
05/14/2017,HVN,CT,ANE,EN,Federal Contract Tower,0,6,8,0,14,0,7,10,0,17,0,13,18,0,31,16,0,16,47
05/15/2017,HVN,CT,ANE,EN,Federal Contract Tower,0,9,12,0,21,0,6,2,0,8,0,15,14,0,29,14,0,14,43
05/16/2017,HVN,CT,ANE,EN,Federal Contract Tower,0,8,18,2,28,0,5,41,2,48,0,13,59,4,76,28,2,30,106
05/17/2017,HVN,CT,ANE,EN,Federal Contract Tower,0,10,12,1,23,0,3,33,0,36,0,13,45,1,59,22,2,24,83
05/18/2017,HVN,CT,ANE,EN,Federal Contract Tower,0,15,14,0,29,0,8,26,0,34,0,23,40,0,63,12,0,12,75
05/19/2017,HVN,CT,ANE,EN,Federal Contract Tower,0,17,14,0,31,0,9,21,1,31,0,26,35,1,62,16,0,16,78
05/20/2017,HVN,CT,ANE,EN,Federal Contract Tower,0,18,8,0,26,0,4,39,0,43,0,22,47,0,69,24,0,24,93
05/21/2017,HVN,CT,ANE,EN,Federal Contract Tower,0,18,5,0,23,0,12,45,0,57,0,30,50,0,80,80,0,80,160
05/22/2017,HVN,CT,ANE,EN,Federal Contract Tower,0,32,30,0,62,0,3,2,0,5,0,35,32,0,67,8,0,8,75
05/23/2017,HVN,CT,ANE,EN,Federal Contract Tower,0,18,8,2,28,0,7,20,4,31,0,25,28,6,59,10,2,12,71
05/24/2017,HVN,CT,ANE,EN,Federal Contract Tower,0,10,10,0,20,0,3,19,0,22,0,13,29,0,42,46,0,46,88
05/25/2017,HVN,CT,ANE,EN,Federal Contract Tower,0,29,18,0,47,0,0,0,0,0,0,29,18,0,47,0,0,0,47
05/26/2017,HVN,CT,ANE,EN,Federal Contract Tower,0,23,11,0,34,0,18,11,0,29,0,41,22,0,63,24,6,30,93
05/27/2017,HVN,CT,ANE,EN,Federal Contract Tower,0,13,7,0,20,0,10,34,0,44,0,23,41,0,64,56,0,56,120
05/28/2017,HVN,CT,ANE,EN,Federal Contract Tower,0,13,11,0,24,0,8,41,0,49,0,21,52,0,73,70,12,82,155
05/29/2017,HVN,CT,ANE,EN,Federal Contract Tower,0,31,10,0,41,0,8,1,0,9,0,39,11,0,50,2,0,2,52
05/30/2017,HVN,CT,ANE,EN,Federal Contract Tower,0,26,15,0,41,0,0,2,0,2,0,26,17,0,43,4,0,4,47
05/31/2017,HVN,CT,ANE,EN,Federal Contract Tower,0,20,9,0,29,0,0,0,0,0,0,20,9,0,29,2,0,2,31
06/01/2017,HVN,CT,ANE,EN,Federal Contract Tower,0,9,14,0,23,0,10,25,0,35,0,19,39,0,58,32,2,34,92
06/02/2017,HVN,CT,ANE,EN,Federal Contract Tower,0,9,16,0,25,0,19,36,0,55,0,28,52,0,80,24,0,24,104
06/03/2017,HVN,CT,ANE,EN,Federal Contract Tower,0,7,7,0,14,0,1,37,3,41,0,8,44,3,55,56,0,56,111
06/04/2017,HVN,CT,ANE,EN,Federal Contract Tower,0,9,9,0,18,0,8,32,0,40,0,17,41,0,58,68,0,68,126
06/05/2017,HVN,CT,ANE,EN,Federal Contract Tower,0,21,14,0,35,0,0,0,0,0,0,21,14,0,35,0,0,0,35
06/06/2017,HVN,CT,ANE,EN,Federal Contract Tower,0,18,11,0,29,0,2,2,0,4,0,20,13,0,33,0,0,0,33
06/07/2017,HVN,CT,ANE,EN,Federal Contract Tower,0,15,15,0,30,0,9,17,0,26,0,24,32,0,56,42,0,42,98
06/08/2017,HVN,CT,ANE,EN,Federal Contract Tower,0,7,13,0,20,0,11,35,0,46,0,18,48,0,66,36,0,36,102
06/09/2017,HVN,CT,ANE,EN,Federal Contract Tower,0,10,8,0,18,0,20,22,1,43,0,30,30,1,61,24,0,24,85
06/10/2017,HVN,CT,ANE,EN,Federal Contract Tower,0,7,12,0,19,0,6,39,0,45,0,13,51,0,64,38,0,38,102
06/11/2017,HVN,CT,ANE,EN,Federal Contract Tower,0,8,17,0,25,0,14,25,4,43,0,22,42,4,68,40,0,40,108
06/12/2017,HVN,CT,ANE,EN,Federal Contract Tower,0,12,14,0,26,0,17,21,7,45,0,29,35,7,71,4,8,12,83
06/13/2017,HVN,CT,ANE,EN,Federal Contract Tower,0,9,14,0,23,0,3,19,0,22,0,12,33,0,45,28,0,28,73
06/14/2017,HVN,CT,ANE,EN,Federal Contract Tower,0,13,33,1,47,0,10,34,2,46,0,23,67,3,93,30,0,30,123
06/15/2017,HVN,CT,ANE,EN,Federal Contract Tower,0,14,15,0,29,0,20,28,0,48,0,34,43,0,77,40,0,40,117
06/16/2017,HVN,CT,ANE,EN,Federal Contract Tower,0,22,14,0,36,0,10,0,0,10,0,32,14,0,46,0,0,0,46
06/17/2017,HVN,CT,ANE,EN,Federal Contract Tower,0,10,15,2,27,0,0,0,0,0,0,10,15,2,27,8,0,8,35
06/18/2017,HVN,CT,ANE,EN,Federal Contract Tower,0,15,7,0,22,0,13,9,0,22,0,28,16,0,44,16,0,16,60
06/19/2017,HVN,CT,ANE,EN,Federal Contract Tower,0,24,7,1,32,0,7,3,0,10,0,31,10,1,42,0,2,2,44
06/20/2017,HVN,CT,ANE,EN,Federal Contract Tower,0,17,11,0,28,0,6,29,7,42,0,23,40,7,70,2,0,2,72
06/21/2017,HVN,CT,ANE,EN,Federal Contract Tower,0,21,4,0,25,0,6,15,0,21,0,27,19,0,46,16,0,16,62
06/22/2017,HVN,CT,ANE,EN,Federal Contract Tower,0,13,20,0,33,0,20,40,1,61,0,33,60,1,94,38,0,38,132
06/23/2017,HVN,CT,ANE,EN,Federal Contract Tower,0,9,14,0,23,0,32,23,0,55,0,41,37,0,78,4,0,4,82
06/24/2017,HVN,CT,ANE,EN,Federal Contract Tower,0,4,7,0,11,0,4,12,0,16,0,8,19,0,27,4,0,4,31
06/25/2017,HVN,CT,ANE,EN,Federal Contract Tower,0,14,13,0,27,0,16,50,2,68,0,30,63,2,95,56,0,56,151
06/26/2017,HVN,CT,ANE,EN,Federal Contract Tower,0,10,11,0,21,0,20,28,4,52,0,30,39,4,73,60,4,64,137
06/27/2017,HVN,CT,ANE,EN,Federal Contract Tower,0,15,12,0,27,0,11,16,0,27,0,26,28,0,54,44,0,44,98
06/28/2017,HVN,CT,ANE,EN,Federal Contract Tower,0,22,9,0,31,0,14,23,0,37,0,36,32,0,68,24,0,24,92
06/29/2017,HVN,CT,ANE,EN,Federal Contract Tower,0,9,15,0,24,0,14,33,1,48,0,23,48,1,72,40,0,40,112
06/30/2017,HVN,CT,ANE,EN,Federal Contract Tower,0,11,11,0,22,0,34,17,0,51,0,45,28,0,73,6,2,8,81
07/01/2017,HVN,CT,ANE,EN,Federal Contract Tower,0,10,7,0,17,0,9,9,0,18,0,19,16,0,35,10,0,10,45
07/02/2017,HVN,CT,ANE,EN,Federal Contract Tower,0,9,9,0,18,0,4,51,0,55,0,13,60,0,73,76,0,76,149
07/03/2017,HVN,CT,ANE,EN,Federal Contract Tower,0,8,8,0,16,0,4,35,0,39,0,12,43,0,55,62,0,62,117
07/04/2017,HVN,CT,ANE,EN,Federal Contract Tower,0,5,8,0,13,0,6,38,0,44,0,11,46,0,57,34,0,34,91
07/05/2017,HVN,CT,ANE,EN,Federal Contract Tower,0,8,5,0,13,0,20,42,0,62,0,28,47,0,75,24,4,28,103
07/06/2017,HVN,CT,ANE,EN,Federal Contract Tower,0,12,16,0,28,0,11,29,0,40,0,23,45,0,68,44,0,44,112
07/07/2017,HVN,CT,ANE,EN,Federal Contract Tower,0,16,6,0,22,0,12,3,0,15,0,28,9,0,37,0,0,0,37
07/08/2017,HVN,CT,ANE,EN,Federal Contract Tower,0,3,3,0,6,0,7,21,0,28,0,10,24,0,34,38,0,38,72
07/09/2017,HVN,CT,ANE,EN,Federal Contract Tower,0,6,7,0,13,0,23,46,0,69,0,29,53,0,82,60,0,60,142
07/10/2017,HVN,CT,ANE,EN,Federal Contract Tower,0,8,15,0,23,0,23,24,0,47,0,31,39,0,70,64,0,64,134
07/11/2017,HVN,CT,ANE,EN,Federal Contract Tower,0,20,4,0,24,0,10,10,0,20,0,30,14,0,44,8,0,8,52
07/12/2017,HVN,CT,ANE,EN,Federal Contract Tower,0,8,8,0,16,0,7,19,0,26,0,15,27,0,42,8,0,8,50
07/13/2017,HVN,CT,ANE,EN,Federal Contract Tower,0,9,7,0,16,0,22,7,0,29,0,31,14,0,45,0,0,0,45
07/14/2017,HVN,CT,ANE,EN,Federal Contract Tower,0,31,22,0,53,0,0,0,0,0,0,31,22,0,53,0,0,0,53
07/15/2017,HVN,CT,ANE,EN,Federal Contract Tower,0,9,8,0,17,0,1,16,0,17,0,10,24,0,34,38,0,38,72
07/16/2017,HVN,CT,ANE,EN,Federal Contract Tower,0,16,20,0,36,0,18,53,0,71,0,34,73,0,107,42,0,42,149
07/17/2017,HVN,CT,ANE,EN,Federal Contract Tower,0,12,5,2,19,0,25,18,0,43,0,37,23,2,62,20,2,22,84
07/18/2017,HVN,CT,ANE,EN,Federal Contract Tower,0,9,6,0,15,0,12,15,0,27,0,21,21,0,42,24,0,24,66
07/19/2017,HVN,CT,ANE,EN,Federal Contract Tower,0,7,13,0,20,0,8,21,0,29,0,15,34,0,49,28,0,28,77
07/20/2017,HVN,CT,ANE,EN,Federal Contract Tower,0,7,11,0,18,0,16,31,0,47,0,23,42,0,65,14,0,14,79
07/21/2017,HVN,CT,ANE,EN,Federal Contract Tower,0,11,9,0,20,0,14,35,0,49,0,25,44,0,69,20,0,20,89
07/22/2017,HVN,CT,ANE,EN,Federal Contract Tower,0,5,3,0,8,0,10,41,0,51,0,15,44,0,59,72,0,72,131
07/23/2017,HVN,CT,ANE,EN,Federal Contract Tower,0,6,4,0,10,0,26,26,0,52,0,32,30,0,62,34,0,34,96
07/24/2017,HVN,CT,ANE,EN,Federal Contract Tower,0,10,11,0,21,0,15,0,0,15,0,25,11,0,36,0,0,0,36
07/25/2017,HVN,CT,ANE,EN,Federal Contract Tower,0,9,11,1,21,0,11,12,1,24,0,20,23,2,45,30,0,30,75
07/26/2017,HVN,CT,ANE,EN,Federal Contract Tower,0,18,12,3,33,0,12,45,4,61,0,30,57,7,94,32,4,36,130
07/27/2017,HVN,CT,ANE,EN,Federal Contract Tower,0,14,12,2,28,0,20,19,0,39,0,34,31,2,67,32,0,32,99
07/28/2017,HVN,CT,ANE,EN,Federal Contract Tower,0,13,16,2,31,0,21,15,2,38,0,34,31,4,69,16,0,16,85
07/29/2017,HVN,CT,ANE,EN,Federal Contract Tower,0,16,6,0,22,0,0,8,0,8,0,16,14,0,30,18,0,18,48
07/30/2017,HVN,CT,ANE,EN,Federal Contract Tower,0,12,14,0,26,0,19,53,0,72,0,31,67,0,98,32,0,32,130
07/31/2017,HVN,CT,ANE,EN,Federal Contract Tower,0,16,11,0,27,0,24,27,0,51,0,40,38,0,78,30,0,30,108
08/01/2017,HVN,CT,ANE,EN,Federal Contract Tower,0,16,12,0,28,0,17,25,0,42,0,33,37,0,70,48,0,48,118
08/02/2017,HVN,CT,ANE,EN,Federal Contract Tower,0,18,11,0,29,0,7,6,0,13,0,25,17,0,42,4,0,4,46
08/03/2017,HVN,CT,ANE,EN,Federal Contract Tower,0,10,21,0,31,0,20,25,2,47,0,30,46,2,78,40,0,40,118
08/04/2017,HVN,CT,ANE,EN,Federal Contract Tower,0,11,11,0,22,0,30,11,0,41,0,41,22,0,63,32,0,32,95
08/05/2017,HVN,CT,ANE,EN,Federal Contract Tower,0,11,9,0,20,0,2,8,0,10,0,13,17,0,30,4,0,4,34
08/06/2017,HVN,CT,ANE,EN,Federal Contract Tower,0,12,10,0,22,0,15,49,0,64,0,27,59,0,86,50,0,50,136
08/07/2017,HVN,CT,ANE,EN,Federal Contract Tower,0,11,11,0,22,0,15,4,0,19,0,26,15,0,41,14,0,14,55
08/08/2017,HVN,CT,ANE,EN,Federal Contract Tower,0,15,13,0,28,0,4,6,4,14,0,19,19,4,42,6,0,6,48
08/09/2017,HVN,CT,ANE,EN,Federal Contract Tower,0,12,7,0,19,0,0,0,0,0,0,12,7,0,19,42,0,42,61
08/10/2017,HVN,CT,ANE,EN,Federal Contract Tower,0,14,19,4,37,0,16,35,4,55,0,30,54,8,92,34,6,40,132
08/11/2017,HVN,CT,ANE,EN,Federal Contract Tower,0,6,11,0,17,0,24,37,0,61,0,30,48,0,78,54,0,54,132
08/12/2017,HVN,CT,ANE,EN,Federal Contract Tower,0,7,7,0,14,0,4,7,0,11,0,11,14,0,25,18,0,18,43
08/13/2017,HVN,CT,ANE,EN,Federal Contract Tower,0,8,14,0,22,0,11,45,0,56,0,19,59,0,78,60,0,60,138
08/14/2017,HVN,CT,ANE,EN,Federal Contract Tower,0,7,8,0,15,0,27,15,0,42,0,34,23,0,57,0,0,0,57
08/15/2017,HVN,CT,ANE,EN,Federal Contract Tower,0,18,8,0,26,0,6,6,0,12,0,24,14,0,38,4,0,4,42
08/16/2017,HVN,CT,ANE,EN,Federal Contract Tower,0,11,10,0,21,0,2,21,0,23,0,13,31,0,44,38,0,38,82
08/17/2017,HVN,CT,ANE,EN,Federal Contract Tower,0,14,17,1,32,0,19,44,2,65,0,33,61,3,97,52,0,52,149
08/18/2017,HVN,CT,ANE,EN,Federal Contract Tower,0,18,16,0,34,0,4,2,0,6,0,22,18,0,40,0,0,0,40
08/19/2017,HVN,CT,ANE,EN,Federal Contract Tower,0,13,11,0,24,0,6,16,0,22,0,19,27,0,46,26,0,26,72
08/20/2017,HVN,CT,ANE,EN,Federal Contract Tower,0,11,10,0,21,0,20,40,0,60,0,31,50,0,81,38,0,38,119
08/21/2017,HVN,CT,ANE,EN,Federal Contract Tower,0,11,15,0,26,0,30,16,4,50,0,41,31,4,76,32,0,32,108
08/22/2017,HVN,CT,ANE,EN,Federal Contract Tower,0,15,12,0,27,0,13,13,0,26,0,28,25,0,53,28,0,28,81
08/23/2017,HVN,CT,ANE,EN,Federal Contract Tower,0,22,20,1,43,0,18,27,4,49,0,40,47,5,92,30,2,32,124
08/24/2017,HVN,CT,ANE,EN,Federal Contract Tower,0,16,16,0,32,0,28,36,0,64,0,44,52,0,96,40,2,42,138
08/25/2017,HVN,CT,ANE,EN,Federal Contract Tower,0,12,20,0,32,0,28,30,0,58,0,40,50,0,90,6,0,6,96
08/26/2017,HVN,CT,ANE,EN,Federal Contract Tower,0,11,13,0,24,0,14,43,0,57,0,25,56,0,81,60,0,60,141
08/27/2017,HVN,CT,ANE,EN,Federal Contract Tower,0,12,6,0,18,0,17,50,0,67,0,29,56,0,85,52,0,52,137
08/28/2017,HVN,CT,ANE,EN,Federal Contract Tower,0,9,7,0,16,0,15,28,0,43,0,24,35,0,59,28,0,28,87
08/29/2017,HVN,CT,ANE,EN,Federal Contract Tower,0,11,8,0,19,0,12,4,0,16,0,23,12,0,35,14,0,14,49
08/30/2017,HVN,CT,ANE,EN,Federal Contract Tower,0,12,15,0,27,0,12,15,0,27,0,24,30,0,54,0,0,0,54
08/31/2017,HVN,CT,ANE,EN,Federal Contract Tower,0,10,5,0,15,0,26,17,0,43,0,36,22,0,58,38,0,38,96
09/01/2017,HVN,CT,ANE,EN,Federal Contract Tower,0,20,17,0,37,0,17,26,0,43,0,37,43,0,80,22,4,26,106
09/02/2017,HVN,CT,ANE,EN,Federal Contract Tower,0,4,0,0,4,0,7,26,6,39,0,11,26,6,43,28,0,28,71
09/03/2017,HVN,CT,ANE,EN,Federal Contract Tower,0,10,7,0,17,0,1,1,0,2,0,11,8,0,19,0,0,0,19
09/04/2017,HVN,CT,ANE,EN,Federal Contract Tower,0,12,12,0,24,0,28,37,0,65,0,40,49,0,89,34,0,34,123
09/05/2017,HVN,CT,ANE,EN,Federal Contract Tower,0,15,23,4,42,0,21,22,0,43,0,36,45,4,85,8,0,8,93
09/06/2017,HVN,CT,ANE,EN,Federal Contract Tower,0,21,18,0,39,0,0,2,0,2,0,21,20,0,41,0,0,0,41
09/07/2017,HVN,CT,ANE,EN,Federal Contract Tower,0,13,15,0,28,0,8,11,0,19,0,21,26,0,47,24,0,24,71
09/08/2017,HVN,CT,ANE,EN,Federal Contract Tower,0,14,12,0,26,0,22,27,0,49,0,36,39,0,75,4,0,4,79
09/09/2017,HVN,CT,ANE,EN,Federal Contract Tower,0,3,6,0,9,0,3,30,2,35,0,6,36,2,44,38,2,40,84
09/10/2017,HVN,CT,ANE,EN,Federal Contract Tower,0,15,18,0,33,0,12,24,0,36,0,27,42,0,69,44,0,44,113
09/11/2017,HVN,CT,ANE,EN,Federal Contract Tower,0,11,10,0,21,0,31,16,0,47,0,42,26,0,68,32,0,32,100
09/12/2017,HVN,CT,ANE,EN,Federal Contract Tower,0,16,15,0,31,0,9,22,2,33,0,25,37,2,64,30,0,30,94
09/13/2017,HVN,CT,ANE,EN,Federal Contract Tower,0,13,5,0,18,0,5,15,0,20,0,18,20,0,38,16,0,16,54
09/14/2017,HVN,CT,ANE,EN,Federal Contract Tower,0,15,22,0,37,0,6,7,0,13,0,21,29,0,50,18,0,18,68
09/15/2017,HVN,CT,ANE,EN,Federal Contract Tower,0,14,10,0,24,0,15,29,0,44,0,29,39,0,68,52,2,54,122
09/16/2017,HVN,CT,ANE,EN,Federal Contract Tower,0,5,2,0,7,0,4,12,0,16,0,9,14,0,23,54,0,54,77
09/17/2017,HVN,CT,ANE,EN,Federal Contract Tower,0,17,10,0,27,0,7,16,0,23,0,24,26,0,50,46,0,46,96
09/18/2017,HVN,CT,ANE,EN,Federal Contract Tower,0,15,18,0,33,0,7,3,0,10,0,22,21,0,43,0,0,0,43
09/19/2017,HVN,CT,ANE,EN,Federal Contract Tower,0,21,6,1,28,0,1,1,0,2,0,22,7,1,30,8,2,10,40
09/20/2017,HVN,CT,ANE,EN,Federal Contract Tower,0,12,8,0,20,0,0,1,0,1,0,12,9,0,21,0,0,0,21
09/21/2017,HVN,CT,ANE,EN,Federal Contract Tower,0,19,15,0,34,0,12,13,0,25,0,31,28,0,59,18,0,18,77
09/22/2017,HVN,CT,ANE,EN,Federal Contract Tower,0,12,8,0,20,0,7,9,0,16,0,19,17,0,36,0,0,0,36
09/23/2017,HVN,CT,ANE,EN,Federal Contract Tower,0,9,15,0,24,0,1,28,0,29,0,10,43,0,53,46,0,46,99
09/24/2017,HVN,CT,ANE,EN,Federal Contract Tower,0,14,14,0,28,0,9,37,0,46,0,23,51,0,74,76,0,76,150
09/25/2017,HVN,CT,ANE,EN,Federal Contract Tower,0,19,7,0,26,0,12,25,0,37,0,31,32,0,63,28,0,28,91
09/26/2017,HVN,CT,ANE,EN,Federal Contract Tower,0,16,15,1,32,0,3,8,0,11,0,19,23,1,43,18,2,20,63
09/27/2017,HVN,CT,ANE,EN,Federal Contract Tower,0,14,12,0,26,0,0,16,0,16,0,14,28,0,42,18,0,18,60
09/28/2017,HVN,CT,ANE,EN,Federal Contract Tower,0,9,10,0,19,0,17,5,0,22,0,26,15,0,41,2,0,2,43
09/29/2017,HVN,CT,ANE,EN,Federal Contract Tower,0,14,21,2,37,0,15,40,0,55,0,29,61,2,92,48,0,48,140
09/30/2017,HVN,CT,ANE,EN,Federal Contract Tower,0,10,4,0,14,0,2,22,0,24,0,12,26,0,38,42,0,42,80
10/01/2017,HVN,CT,ANE,EN,Federal Contract Tower,0,16,6,0,22,0,10,41,0,51,0,26,47,0,73,92,0,92,165
10/02/2017,HVN,CT,ANE,EN,Federal Contract Tower,0,8,10,0,18,0,8,34,0,42,0,16,44,0,60,56,0,56,116
10/03/2017,HVN,CT,ANE,EN,Federal Contract Tower,0,19,21,0,40,0,11,24,0,35,0,30,45,0,75,60,0,60,135
10/04/2017,HVN,CT,ANE,EN,Federal Contract Tower,0,17,7,0,24,0,2,38,0,40,0,19,45,0,64,12,0,12,76
10/05/2017,HVN,CT,ANE,EN,Federal Contract Tower,0,12,10,0,22,0,2,30,0,32,0,14,40,0,54,36,0,36,90
10/06/2017,HVN,CT,ANE,EN,Federal Contract Tower,0,11,15,0,26,0,8,30,0,38,0,19,45,0,64,46,0,46,110
10/07/2017,HVN,CT,ANE,EN,Federal Contract Tower,0,12,7,0,19,0,2,12,0,14,0,14,19,0,33,0,0,0,33
10/08/2017,HVN,CT,ANE,EN,Federal Contract Tower,0,13,14,0,27,0,3,0,0,3,0,16,14,0,30,0,0,0,30
10/09/2017,HVN,CT,ANE,EN,Federal Contract Tower,0,23,11,0,34,0,0,0,0,0,0,23,11,0,34,0,0,0,34
10/10/2017,HVN,CT,ANE,EN,Federal Contract Tower,0,13,10,0,23,0,5,17,0,22,0,18,27,0,45,24,0,24,69
10/11/2017,HVN,CT,ANE,EN,Federal Contract Tower,0,20,14,0,34,0,6,31,0,37,0,26,45,0,71,14,8,22,93
10/12/2017,HVN,CT,ANE,EN,Federal Contract Tower,0,15,15,0,30,0,7,14,0,21,0,22,29,0,51,16,0,16,67
10/13/2017,HVN,CT,ANE,EN,Federal Contract Tower,0,13,13,0,26,0,13,30,0,43,0,26,43,0,69,56,0,56,125
10/14/2017,HVN,CT,ANE,EN,Federal Contract Tower,0,9,20,1,30,0,0,1,0,1,0,9,21,1,31,8,0,8,39
10/15/2017,HVN,CT,ANE,EN,Federal Contract Tower,0,14,19,0,33,0,8,4,4,16,0,22,23,4,49,26,2,28,77
10/16/2017,HVN,CT,ANE,EN,Federal Contract Tower,0,15,13,0,28,0,10,15,0,25,0,25,28,0,53,16,0,16,69
10/17/2017,HVN,CT,ANE,EN,Federal Contract Tower,0,17,11,0,28,0,5,18,0,23,0,22,29,0,51,70,0,70,121
10/18/2017,HVN,CT,ANE,EN,Federal Contract Tower,0,14,7,0,21,0,6,33,0,39,0,20,40,0,60,24,0,24,84
10/19/2017,HVN,CT,ANE,EN,Federal Contract Tower,0,22,10,0,32,0,9,24,0,33,0,31,34,0,65,16,0,16,81
10/20/2017,HVN,CT,ANE,EN,Federal Contract Tower,0,32,20,0,52,0,13,37,0,50,0,45,57,0,102,40,0,40,142
10/21/2017,HVN,CT,ANE,EN,Federal Contract Tower,0,7,9,0,16,0,5,30,0,35,0,12,39,0,51,38,2,40,91
10/22/2017,HVN,CT,ANE,EN,Federal Contract Tower,0,17,14,0,31,0,8,52,0,60,0,25,66,0,91,16,0,16,107
10/23/2017,HVN,CT,ANE,EN,Federal Contract Tower,0,14,11,0,25,0,2,14,1,17,0,16,25,1,42,26,0,26,68
10/24/2017,HVN,CT,ANE,EN,Federal Contract Tower,0,14,6,0,20,0,0,0,0,0,0,14,6,0,20,0,0,0,20
10/25/2017,HVN,CT,ANE,EN,Federal Contract Tower,0,9,16,2,27,0,0,1,0,1,0,9,17,2,28,2,0,2,30
10/26/2017,HVN,CT,ANE,EN,Federal Contract Tower,0,13,11,0,24,0,3,6,0,9,0,16,17,0,33,2,0,2,35
10/27/2017,HVN,CT,ANE,EN,Federal Contract Tower,0,10,11,0,21,0,5,37,0,42,0,15,48,0,63,60,6,66,129
10/28/2017,HVN,CT,ANE,EN,Federal Contract Tower,0,7,6,0,13,0,6,17,0,23,0,13,23,0,36,48,0,48,84
10/29/2017,HVN,CT,ANE,EN,Federal Contract Tower,0,6,6,0,12,0,0,0,0,0,0,6,6,0,12,0,0,0,12
10/30/2017,HVN,CT,ANE,EN,Federal Contract Tower,0,8,1,0,9,0,0,0,0,0,0,8,1,0,9,0,0,0,9
10/31/2017,HVN,CT,ANE,EN,Federal Contract Tower,0,8,12,2,22,0,7,6,0,13,0,15,18,2,35,14,0,14,49
11/01/2017,HVN,CT,ANE,EN,Federal Contract Tower,0,9,16,0,25,0,5,12,0,17,0,14,28,0,42,22,8,30,72
11/02/2017,HVN,CT,ANE,EN,Federal Contract Tower,0,15,6,0,21,0,2,2,0,4,0,17,8,0,25,12,0,12,37
11/03/2017,HVN,CT,ANE,EN,Federal Contract Tower,0,18,3,0,21,0,7,16,0,23,0,25,19,0,44,6,0,6,50
11/04/2017,HVN,CT,ANE,EN,Federal Contract Tower,0,10,18,0,28,0,0,36,0,36,0,10,54,0,64,134,0,134,198
11/05/2017,HVN,CT,ANE,EN,Federal Contract Tower,0,13,17,0,30,0,1,2,0,3,0,14,19,0,33,4,0,4,37
11/06/2017,HVN,CT,ANE,EN,Federal Contract Tower,0,19,13,0,32,0,0,0,0,0,0,19,13,0,32,0,0,0,32
11/07/2017,HVN,CT,ANE,EN,Federal Contract Tower,0,15,7,0,22,0,3,10,0,13,0,18,17,0,35,22,0,22,57
11/08/2017,HVN,CT,ANE,EN,Federal Contract Tower,0,16,21,2,39,0,8,19,2,29,0,24,40,4,68,28,4,32,100
11/09/2017,HVN,CT,ANE,EN,Federal Contract Tower,0,11,11,1,23,0,8,15,2,25,0,19,26,3,48,24,4,28,76
11/10/2017,HVN,CT,ANE,EN,Federal Contract Tower,0,12,7,0,19,0,4,9,0,13,0,16,16,0,32,0,0,0,32
11/11/2017,HVN,CT,ANE,EN,Federal Contract Tower,0,10,7,0,17,0,0,19,0,19,0,10,26,0,36,72,0,72,108
11/12/2017,HVN,CT,ANE,EN,Federal Contract Tower,0,6,6,0,12,0,4,37,0,41,0,10,43,0,53,96,0,96,149
11/13/2017,HVN,CT,ANE,EN,Federal Contract Tower,0,9,17,0,26,0,4,5,0,9,0,13,22,0,35,48,0,48,83
11/14/2017,HVN,CT,ANE,EN,Federal Contract Tower,0,13,16,0,29,0,0,2,0,2,0,13,18,0,31,2,0,2,33
11/15/2017,HVN,CT,ANE,EN,Federal Contract Tower,0,15,17,0,32,0,0,28,0,28,0,15,45,0,60,4,0,4,64
11/16/2017,HVN,CT,ANE,EN,Federal Contract Tower,0,14,12,2,28,0,2,6,0,8,0,16,18,2,36,6,0,6,42
11/17/2017,HVN,CT,ANE,EN,Federal Contract Tower,0,19,13,0,32,0,4,4,0,8,0,23,17,0,40,10,0,10,50
11/18/2017,HVN,CT,ANE,EN,Federal Contract Tower,0,27,7,1,35,0,2,26,0,28,0,29,33,1,63,58,0,58,121
11/19/2017,HVN,CT,ANE,EN,Federal Contract Tower,0,15,16,0,31,0,2,3,0,5,0,17,19,0,36,0,0,0,36
11/20/2017,HVN,CT,ANE,EN,Federal Contract Tower,0,14,9,0,23,0,4,9,6,19,0,18,18,6,42,12,0,12,54
11/21/2017,HVN,CT,ANE,EN,Federal Contract Tower,0,14,5,1,20,0,4,20,0,24,0,18,25,1,44,10,2,12,56
11/22/2017,HVN,CT,ANE,EN,Federal Contract Tower,0,13,8,0,21,0,4,5,0,9,0,17,13,0,30,0,0,0,30
11/23/2017,HVN,CT,ANE,EN,Federal Contract Tower,0,5,1,0,6,0,0,8,0,8,0,5,9,0,14,46,0,46,60
11/24/2017,HVN,CT,ANE,EN,Federal Contract Tower,0,5,4,0,9,0,4,47,0,51,0,9,51,0,60,78,0,78,138
11/25/2017,HVN,CT,ANE,EN,Federal Contract Tower,0,8,15,0,23,0,2,34,0,36,0,10,49,0,59,70,0,70,129
11/26/2017,HVN,CT,ANE,EN,Federal Contract Tower,0,15,12,0,27,0,8,12,0,20,0,23,24,0,47,0,0,0,47
11/27/2017,HVN,CT,ANE,EN,Federal Contract Tower,0,11,7,0,18,0,2,17,0,19,0,13,24,0,37,20,2,22,59
11/28/2017,HVN,CT,ANE,EN,Federal Contract Tower,0,12,7,2,21,0,3,13,0,16,0,15,20,2,37,38,0,38,75
11/29/2017,HVN,CT,ANE,EN,Federal Contract Tower,0,33,6,2,41,0,0,19,0,19,0,33,25,2,60,22,0,22,82
11/30/2017,HVN,CT,ANE,EN,Federal Contract Tower,0,12,6,1,19,0,6,21,0,27,0,18,27,1,46,38,0,38,84
12/01/2017,HVN,CT,ANE,EN,Federal Contract Tower,1,9,14,1,25,0,4,18,0,22,1,13,32,1,47,2,0,2,49
12/02/2017,HVN,CT,ANE,EN,Federal Contract Tower,1,2,10,0,13,0,1,32,2,35,1,3,42,2,48,82,0,82,130
12/03/2017,HVN,CT,ANE,EN,Federal Contract Tower,0,8,11,0,19,0,2,21,0,23,0,10,32,0,42,50,0,50,92
12/04/2017,HVN,CT,ANE,EN,Federal Contract Tower,0,10,5,0,15,0,0,19,7,26,0,10,24,7,41,20,0,20,61
12/05/2017,HVN,CT,ANE,EN,Federal Contract Tower,0,12,12,1,25,0,2,0,1,3,0,14,12,2,28,0,0,0,28
12/06/2017,HVN,CT,ANE,EN,Federal Contract Tower,0,12,15,0,27,0,6,9,0,15,0,18,24,0,42,28,8,36,78
12/07/2017,HVN,CT,ANE,EN,Federal Contract Tower,0,25,19,0,44,0,11,29,1,41,0,36,48,1,85,24,0,24,109
12/08/2017,HVN,CT,ANE,EN,Federal Contract Tower,0,14,11,0,25,0,3,14,1,18,0,17,25,1,43,4,0,4,47
12/09/2017,HVN,CT,ANE,EN,Federal Contract Tower,0,5,3,0,8,0,0,0,0,0,0,5,3,0,8,0,0,0,8
12/10/2017,HVN,CT,ANE,EN,Federal Contract Tower,0,7,1,0,8,0,0,17,0,17,0,7,18,0,25,12,0,12,37
12/11/2017,HVN,CT,ANE,EN,Federal Contract Tower,0,12,14,0,26,0,0,16,0,16,0,12,30,0,42,10,0,10,52
12/12/2017,HVN,CT,ANE,EN,Federal Contract Tower,0,14,7,0,21,0,2,0,0,2,0,16,7,0,23,8,4,12,35
12/13/2017,HVN,CT,ANE,EN,Federal Contract Tower,0,11,4,0,15,0,2,0,0,2,0,13,4,0,17,0,0,0,17
12/14/2017,HVN,CT,ANE,EN,Federal Contract Tower,0,18,11,0,29,0,2,2,0,4,0,20,13,0,33,4,0,4,37
12/15/2017,HVN,CT,ANE,EN,Federal Contract Tower,0,8,4,4,16,0,0,5,0,5,0,8,9,4,21,10,0,10,31
12/16/2017,HVN,CT,ANE,EN,Federal Contract Tower,0,12,3,0,15,0,2,7,0,9,0,14,10,0,24,12,0,12,36
12/17/2017,HVN,CT,ANE,EN,Federal Contract Tower,0,8,7,0,15,0,4,29,0,33,0,12,36,0,48,38,2,40,88
12/18/2017,HVN,CT,ANE,EN,Federal Contract Tower,0,19,13,0,32,0,0,1,0,1,0,19,14,0,33,0,0,0,33
12/19/2017,HVN,CT,ANE,EN,Federal Contract Tower,0,6,14,0,20,0,0,18,0,18,0,6,32,0,38,12,2,14,52
12/20/2017,HVN,CT,ANE,EN,Federal Contract Tower,0,18,9,0,27,0,2,23,0,25,0,20,32,0,52,26,0,26,78
12/21/2017,HVN,CT,ANE,EN,Federal Contract Tower,0,30,13,0,43,0,0,35,0,35,0,30,48,0,78,46,2,48,126
12/22/2017,HVN,CT,ANE,EN,Federal Contract Tower,0,14,12,0,26,0,0,4,0,4,0,14,16,0,30,20,0,20,50
12/23/2017,HVN,CT,ANE,EN,Federal Contract Tower,0,5,0,0,5,0,0,0,0,0,0,5,0,0,5,0,0,0,5
12/24/2017,HVN,CT,ANE,EN,Federal Contract Tower,0,9,5,0,14,0,2,12,0,14,0,11,17,0,28,14,0,14,42
12/25/2017,HVN,CT,ANE,EN,Federal Contract Tower,0,6,0,0,6,0,0,0,0,0,0,6,0,0,6,0,0,0,6
12/26/2017,HVN,CT,ANE,EN,Federal Contract Tower,0,11,7,0,18,0,2,4,0,6,0,13,11,0,24,0,0,0,24
12/27/2017,HVN,CT,ANE,EN,Federal Contract Tower,0,7,9,0,16,0,0,7,0,7,0,7,16,0,23,21,0,21,44
12/28/2017,HVN,CT,ANE,EN,Federal Contract Tower,0,13,3,0,16,0,1,11,0,12,0,14,14,0,28,17,0,17,45
12/29/2017,HVN,CT,ANE,EN,Federal Contract Tower,0,6,6,0,12,0,0,26,0,26,0,6,32,0,38,28,0,28,66
12/30/2017,HVN,CT,ANE,EN,Federal Contract Tower,0,3,3,0,6,0,0,2,0,2,0,3,5,0,8,0,0,0,8
12/31/2017,HVN,CT,ANE,EN,Federal Contract Tower,0,6,5,0,11,0,1,2,0,3,0,7,7,0,14,0,2,2,16
01/01/2018,HVN,CT,ANE,EN,Federal Contract Tower,0,8,4,0,12,0,0,3,0,3,0,8,7,0,15,6,0,6,21
01/02/2018,HVN,CT,ANE,EN,Federal Contract Tower,0,7,5,0,12,0,0,5,0,5,0,7,10,0,17,8,0,8,25
01/03/2018,HVN,CT,ANE,EN,Federal Contract Tower,0,10,6,0,16,0,0,16,0,16,0,10,22,0,32,12,0,12,44
01/04/2018,HVN,CT,ANE,EN,Federal Contract Tower,0,0,0,0,0,0,0,0,0,0,0,0,0,0,0,0,0,0,0
01/05/2018,HVN,CT,ANE,EN,Federal Contract Tower,0,6,1,0,7,0,0,0,0,0,0,6,1,0,7,0,0,0,7
01/06/2018,HVN,CT,ANE,EN,Federal Contract Tower,0,10,5,0,15,0,0,2,0,2,0,10,7,0,17,0,0,0,17
01/07/2018,HVN,CT,ANE,EN,Federal Contract Tower,0,10,4,0,14,0,0,8,7,15,0,10,12,7,29,8,0,8,37
01/08/2018,HVN,CT,ANE,EN,Federal Contract Tower,0,6,8,0,14,0,1,3,0,4,0,7,11,0,18,4,0,4,22
01/09/2018,HVN,CT,ANE,EN,Federal Contract Tower,0,22,5,0,27,0,5,6,0,11,0,27,11,0,38,18,0,18,56
01/10/2018,HVN,CT,ANE,EN,Federal Contract Tower,0,11,7,0,18,0,1,25,0,26,0,12,32,0,44,6,0,6,50
01/11/2018,HVN,CT,ANE,EN,Federal Contract Tower,0,16,17,0,33,0,1,3,0,4,0,17,20,0,37,4,0,4,41
01/12/2018,HVN,CT,ANE,EN,Federal Contract Tower,0,0,1,0,1,0,0,0,0,0,0,0,1,0,1,0,0,0,1
01/13/2018,HVN,CT,ANE,EN,Federal Contract Tower,0,5,5,0,10,0,0,3,0,3,0,5,8,0,13,8,0,8,21
01/14/2018,HVN,CT,ANE,EN,Federal Contract Tower,0,8,3,0,11,0,0,25,0,25,0,8,28,0,36,40,0,40,76
01/15/2018,HVN,CT,ANE,EN,Federal Contract Tower,0,13,1,0,14,0,2,3,2,7,0,15,4,2,21,0,0,0,21
01/16/2018,HVN,CT,ANE,EN,Federal Contract Tower,0,17,4,0,21,0,0,4,0,4,0,17,8,0,25,0,0,0,25
01/17/2018,HVN,CT,ANE,EN,Federal Contract Tower,0,10,4,0,14,0,0,0,0,0,0,10,4,0,14,0,0,0,14
01/18/2018,HVN,CT,ANE,EN,Federal Contract Tower,0,15,10,0,25,0,4,11,0,15,0,19,21,0,40,18,0,18,58
01/19/2018,HVN,CT,ANE,EN,Federal Contract Tower,0,8,6,0,14,0,2,26,0,28,0,10,32,0,42,30,0,30,72
01/20/2018,HVN,CT,ANE,EN,Federal Contract Tower,0,6,6,0,12,0,0,22,0,22,0,6,28,0,34,38,0,38,72
01/21/2018,HVN,CT,ANE,EN,Federal Contract Tower,0,11,8,0,19,0,0,37,0,37,0,11,45,0,56,104,0,104,160
01/22/2018,HVN,CT,ANE,EN,Federal Contract Tower,0,14,10,0,24,0,0,2,0,2,0,14,12,0,26,6,0,6,32
01/23/2018,HVN,CT,ANE,EN,Federal Contract Tower,0,4,1,0,5,0,0,0,0,0,0,4,1,0,5,0,0,0,5
01/24/2018,HVN,CT,ANE,EN,Federal Contract Tower,0,10,9,2,21,0,7,8,0,15,0,17,17,2,36,12,0,12,48
01/25/2018,HVN,CT,ANE,EN,Federal Contract Tower,0,7,8,0,15,0,6,3,0,9,0,13,11,0,24,14,0,14,38
01/26/2018,HVN,CT,ANE,EN,Federal Contract Tower,0,10,9,0,19,0,6,18,0,24,0,16,27,0,43,36,0,36,79
01/27/2018,HVN,CT,ANE,EN,Federal Contract Tower,0,5,4,0,9,0,3,24,2,29,0,8,28,2,38,32,0,32,70
01/28/2018,HVN,CT,ANE,EN,Federal Contract Tower,0,9,5,0,14,0,0,0,0,0,0,9,5,0,14,2,0,2,16
01/29/2018,HVN,CT,ANE,EN,Federal Contract Tower,0,10,7,0,17,0,0,8,0,8,0,10,15,0,25,12,0,12,37
01/30/2018,HVN,CT,ANE,EN,Federal Contract Tower,0,5,9,0,14,0,0,0,0,0,0,5,9,0,14,2,0,2,16
01/31/2018,HVN,CT,ANE,EN,Federal Contract Tower,0,10,17,0,27,0,2,21,0,23,0,12,38,0,50,10,0,10,60
02/01/2018,HVN,CT,ANE,EN,Federal Contract Tower,0,11,8,0,19,0,4,5,0,9,0,15,13,0,28,2,0,2,30
02/02/2018,HVN,CT,ANE,EN,Federal Contract Tower,0,9,14,0,23,0,0,4,0,4,0,9,18,0,27,2,0,2,29
02/03/2018,HVN,CT,ANE,EN,Federal Contract Tower,0,7,11,0,18,0,0,20,0,20,0,7,31,0,38,24,0,24,62
02/04/2018,HVN,CT,ANE,EN,Federal Contract Tower,0,6,1,0,7,0,9,4,0,13,0,15,5,0,20,30,0,30,50
02/05/2018,HVN,CT,ANE,EN,Federal Contract Tower,0,11,7,0,18,0,0,8,0,8,0,11,15,0,26,4,0,4,30
02/06/2018,HVN,CT,ANE,EN,Federal Contract Tower,0,11,1,0,12,0,7,24,0,31,0,18,25,0,43,30,0,30,73
02/07/2018,HVN,CT,ANE,EN,Federal Contract Tower,0,11,3,0,14,0,0,0,0,0,0,11,3,0,14,0,0,0,14
02/08/2018,HVN,CT,ANE,EN,Federal Contract Tower,0,12,10,0,22,0,7,16,0,23,0,19,26,0,45,22,0,22,67
02/09/2018,HVN,CT,ANE,EN,Federal Contract Tower,0,9,11,0,20,0,1,27,0,28,0,10,38,0,48,14,0,14,62
02/10/2018,HVN,CT,ANE,EN,Federal Contract Tower,0,8,8,0,16,0,2,4,0,6,0,10,12,0,22,32,0,32,54
02/11/2018,HVN,CT,ANE,EN,Federal Contract Tower,0,4,6,1,11,0,0,0,0,0,0,4,6,1,11,0,0,0,11
02/12/2018,HVN,CT,ANE,EN,Federal Contract Tower,0,7,15,0,22,0,1,17,0,18,0,8,32,0,40,16,0,16,56
02/13/2018,HVN,CT,ANE,EN,Federal Contract Tower,0,8,23,0,31,0,4,29,0,33,0,12,52,0,64,50,0,50,114
02/14/2018,HVN,CT,ANE,EN,Federal Contract Tower,0,8,10,0,18,0,3,15,0,18,0,11,25,0,36,16,0,16,52
02/15/2018,HVN,CT,ANE,EN,Federal Contract Tower,0,20,10,0,30,0,3,0,0,3,0,23,10,0,33,0,0,0,33
02/16/2018,HVN,CT,ANE,EN,Federal Contract Tower,0,16,7,2,25,0,0,0,0,0,0,16,7,2,25,4,2,6,31
02/17/2018,HVN,CT,ANE,EN,Federal Contract Tower,0,5,8,0,13,0,0,43,0,43,0,5,51,0,56,50,0,50,106
02/18/2018,HVN,CT,ANE,EN,Federal Contract Tower,0,13,3,0,16,0,0,27,0,27,0,13,30,0,43,28,0,28,71
02/19/2018,HVN,CT,ANE,EN,Federal Contract Tower,0,11,4,0,15,0,0,22,2,24,0,11,26,2,39,28,2,30,69
02/20/2018,HVN,CT,ANE,EN,Federal Contract Tower,0,12,9,0,21,0,2,14,0,16,0,14,23,0,37,16,0,16,53
02/21/2018,HVN,CT,ANE,EN,Federal Contract Tower,0,10,5,0,15,0,1,12,0,13,0,11,17,0,28,4,0,4,32
02/22/2018,HVN,CT,ANE,EN,Federal Contract Tower,0,10,15,0,25,0,0,14,0,14,0,10,29,0,39,14,0,14,53
02/23/2018,HVN,CT,ANE,EN,Federal Contract Tower,0,15,13,0,28,0,1,2,0,3,0,16,15,0,31,0,8,8,39
02/24/2018,HVN,CT,ANE,EN,Federal Contract Tower,0,8,3,0,11,0,0,23,0,23,0,8,26,0,34,70,0,70,104
02/25/2018,HVN,CT,ANE,EN,Federal Contract Tower,0,7,2,0,9,0,0,0,0,0,0,7,2,0,9,0,0,0,9
02/26/2018,HVN,CT,ANE,EN,Federal Contract Tower,0,17,13,1,31,0,1,30,1,32,0,18,43,2,63,76,0,76,139
02/27/2018,HVN,CT,ANE,EN,Federal Contract Tower,0,13,14,5,32,0,5,59,5,69,0,18,73,10,101,32,0,32,133
02/28/2018,HVN,CT,ANE,EN,Federal Contract Tower,0,12,7,2,21,0,5,27,0,32,0,17,34,2,53,20,0,20,73
03/01/2018,HVN,CT,ANE,EN,Federal Contract Tower,0,17,12,0,29,0,3,13,0,16,0,20,25,0,45,34,0,34,79
03/02/2018,HVN,CT,ANE,EN,Federal Contract Tower,0,5,3,0,8,0,0,0,0,0,0,5,3,0,8,0,0,0,8
03/03/2018,HVN,CT,ANE,EN,Federal Contract Tower,0,7,5,0,12,0,2,8,0,10,0,9,13,0,22,2,0,2,24
03/04/2018,HVN,CT,ANE,EN,Federal Contract Tower,0,10,6,0,16,0,0,9,0,9,0,10,15,0,25,30,0,30,55
03/05/2018,HVN,CT,ANE,EN,Federal Contract Tower,0,10,6,0,16,0,6,3,2,11,0,16,9,2,27,22,0,22,49
03/06/2018,HVN,CT,ANE,EN,Federal Contract Tower,0,9,14,0,23,0,4,23,0,27,0,13,37,0,50,54,0,54,104
03/07/2018,HVN,CT,ANE,EN,Federal Contract Tower,0,0,2,0,2,0,0,0,0,0,0,0,2,0,2,0,0,0,2
03/08/2018,HVN,CT,ANE,EN,Federal Contract Tower,0,7,4,0,11,0,1,4,0,5,0,8,8,0,16,4,2,6,22
03/09/2018,HVN,CT,ANE,EN,Federal Contract Tower,0,7,8,0,15,0,0,11,0,11,0,7,19,0,26,16,0,16,42
03/10/2018,HVN,CT,ANE,EN,Federal Contract Tower,0,4,2,0,6,0,2,8,0,10,0,6,10,0,16,6,0,6,22
03/11/2018,HVN,CT,ANE,EN,Federal Contract Tower,0,8,6,0,14,0,0,45,0,45,0,8,51,0,59,32,0,32,91
03/12/2018,HVN,CT,ANE,EN,Federal Contract Tower,0,9,6,0,15,0,0,17,0,17,0,9,23,0,32,0,0,0,32
03/13/2018,HVN,CT,ANE,EN,Federal Contract Tower,0,2,3,0,5,0,0,0,0,0,0,2,3,0,5,0,0,0,5
03/14/2018,HVN,CT,ANE,EN,Federal Contract Tower,0,8,11,0,19,0,1,2,0,3,0,9,13,0,22,0,0,0,22
03/15/2018,HVN,CT,ANE,EN,Federal Contract Tower,0,13,6,0,19,0,4,7,3,14,0,17,13,3,33,4,0,4,37
03/16/2018,HVN,CT,ANE,EN,Federal Contract Tower,0,7,4,0,11,0,0,11,4,15,0,7,15,4,26,0,0,0,26
03/17/2018,HVN,CT,ANE,EN,Federal Contract Tower,0,10,8,0,18,0,0,15,0,15,0,10,23,0,33,10,0,10,43
03/18/2018,HVN,CT,ANE,EN,Federal Contract Tower,0,12,7,0,19,0,0,40,1,41,0,12,47,1,60,60,2,62,122
03/19/2018,HVN,CT,ANE,EN,Federal Contract Tower,0,10,9,0,19,0,3,18,0,21,0,13,27,0,40,40,0,40,80
03/20/2018,HVN,CT,ANE,EN,Federal Contract Tower,0,8,7,0,15,0,3,13,0,16,0,11,20,0,31,48,0,48,79
03/21/2018,HVN,CT,ANE,EN,Federal Contract Tower,0,2,2,0,4,0,0,0,0,0,0,2,2,0,4,0,0,0,4
03/22/2018,HVN,CT,ANE,EN,Federal Contract Tower,0,7,10,0,17,0,0,1,0,1,0,7,11,0,18,0,0,0,18
03/23/2018,HVN,CT,ANE,EN,Federal Contract Tower,0,13,8,0,21,0,2,22,0,24,0,15,30,0,45,20,0,20,65
03/24/2018,HVN,CT,ANE,EN,Federal Contract Tower,0,9,14,0,23,0,2,22,0,24,0,11,36,0,47,16,0,16,63
03/25/2018,HVN,CT,ANE,EN,Federal Contract Tower,0,14,7,0,21,0,2,14,0,16,0,16,21,0,37,36,0,36,73
03/26/2018,HVN,CT,ANE,EN,Federal Contract Tower,0,10,5,0,15,0,1,34,0,35,0,11,39,0,50,72,0,72,122
03/27/2018,HVN,CT,ANE,EN,Federal Contract Tower,0,14,8,0,22,0,4,25,2,31,0,18,33,2,53,14,2,16,69
03/28/2018,HVN,CT,ANE,EN,Federal Contract Tower,0,16,8,0,24,0,1,9,2,12,0,17,17,2,36,22,6,28,64
03/29/2018,HVN,CT,ANE,EN,Federal Contract Tower,0,16,19,0,35,0,3,7,0,10,0,19,26,0,45,12,0,12,57
03/30/2018,HVN,CT,ANE,EN,Federal Contract Tower,0,5,17,4,26,0,0,3,0,3,0,5,20,4,29,8,0,8,37
03/31/2018,HVN,CT,ANE,EN,Federal Contract Tower,0,7,13,0,20,0,0,32,14,46,0,7,45,14,66,76,0,76,142
04/01/2018,HVN,CT,ANE,EN,Federal Contract Tower,0,11,8,0,19,0,2,6,0,8,0,13,14,0,27,22,0,22,49
04/02/2018,HVN,CT,ANE,EN,Federal Contract Tower,0,9,11,0,20,0,0,17,0,17,0,9,28,0,37,18,0,18,55
04/03/2018,HVN,CT,ANE,EN,Federal Contract Tower,0,22,8,0,30,0,1,0,0,1,0,23,8,0,31,4,2,6,37
04/04/2018,HVN,CT,ANE,EN,Federal Contract Tower,0,12,1,0,13,0,0,0,0,0,0,12,1,0,13,0,0,0,13
04/05/2018,HVN,CT,ANE,EN,Federal Contract Tower,0,14,6,0,20,0,3,14,2,19,0,17,20,2,39,0,0,0,39
04/06/2018,HVN,CT,ANE,EN,Federal Contract Tower,0,11,9,4,24,0,2,1,0,3,0,13,10,4,27,0,0,0,27
04/07/2018,HVN,CT,ANE,EN,Federal Contract Tower,0,5,11,0,16,0,0,19,0,19,0,5,30,0,35,36,0,36,71
04/08/2018,HVN,CT,ANE,EN,Federal Contract Tower,0,10,13,0,23,0,1,30,0,31,0,11,43,0,54,32,0,32,86
04/09/2018,HVN,CT,ANE,EN,Federal Contract Tower,0,15,9,0,24,0,0,11,0,11,0,15,20,0,35,6,0,6,41
04/10/2018,HVN,CT,ANE,EN,Federal Contract Tower,0,14,9,0,23,0,0,7,0,7,0,14,16,0,30,10,0,10,40
04/11/2018,HVN,CT,ANE,EN,Federal Contract Tower,0,15,15,0,30,0,2,22,4,28,0,17,37,4,58,20,0,20,78
04/12/2018,HVN,CT,ANE,EN,Federal Contract Tower,0,12,11,0,23,0,5,7,0,12,0,17,18,0,35,4,0,4,39
04/13/2018,HVN,CT,ANE,EN,Federal Contract Tower,0,9,24,0,33,0,6,32,0,38,0,15,56,0,71,66,2,68,139
04/14/2018,HVN,CT,ANE,EN,Federal Contract Tower,0,8,3,0,11,0,4,20,2,26,0,12,23,2,37,2,8,10,47
04/15/2018,HVN,CT,ANE,EN,Federal Contract Tower,0,5,13,0,18,0,4,1,0,5,0,9,14,0,23,0,0,0,23
04/16/2018,HVN,CT,ANE,EN,Federal Contract Tower,0,8,3,0,11,0,0,0,0,0,0,8,3,0,11,6,0,6,17
04/17/2018,HVN,CT,ANE,EN,Federal Contract Tower,0,14,3,0,17,0,6,23,0,29,0,20,26,0,46,26,0,26,72
04/18/2018,HVN,CT,ANE,EN,Federal Contract Tower,0,7,8,0,15,0,2,19,6,27,0,9,27,6,42,30,0,30,72
04/19/2018,HVN,CT,ANE,EN,Federal Contract Tower,0,21,8,0,29,0,4,4,0,8,0,25,12,0,37,0,0,0,37
04/20/2018,HVN,CT,ANE,EN,Federal Contract Tower,0,10,13,0,23,0,3,18,0,21,0,13,31,0,44,18,2,20,64
04/21/2018,HVN,CT,ANE,EN,Federal Contract Tower,0,17,18,0,35,0,4,37,0,41,0,21,55,0,76,22,0,22,98
04/22/2018,HVN,CT,ANE,EN,Federal Contract Tower,0,15,21,0,36,0,6,58,3,67,0,21,79,3,103,70,4,74,177
04/23/2018,HVN,CT,ANE,EN,Federal Contract Tower,0,9,11,0,20,0,2,41,0,43,0,11,52,0,63,28,12,40,103
04/24/2018,HVN,CT,ANE,EN,Federal Contract Tower,0,19,7,1,27,0,7,33,0,40,0,26,40,1,67,68,0,68,135
04/25/2018,HVN,CT,ANE,EN,Federal Contract Tower,0,9,6,0,15,0,0,0,0,0,0,9,6,0,15,0,0,0,15
04/26/2018,HVN,CT,ANE,EN,Federal Contract Tower,0,13,22,0,35,0,5,18,0,23,0,18,40,0,58,18,0,18,76
04/27/2018,HVN,CT,ANE,EN,Federal Contract Tower,0,13,13,0,26,0,0,3,0,3,0,13,16,0,29,0,0,0,29
04/28/2018,HVN,CT,ANE,EN,Federal Contract Tower,0,10,11,0,21,0,1,13,0,14,0,11,24,0,35,28,0,28,63
04/29/2018,HVN,CT,ANE,EN,Federal Contract Tower,0,9,8,0,17,0,2,17,0,19,0,11,25,0,36,22,0,22,58
04/30/2018,HVN,CT,ANE,EN,Federal Contract Tower,0,8,17,0,25,0,4,12,0,16,0,12,29,0,41,2,0,2,43
05/01/2018,HVN,CT,ANE,EN,Federal Contract Tower,0,13,5,0,18,0,4,35,0,39,0,17,40,0,57,36,0,36,93
05/02/2018,HVN,CT,ANE,EN,Federal Contract Tower,0,15,10,0,25,0,2,41,0,43,0,17,51,0,68,48,0,48,116
05/03/2018,HVN,CT,ANE,EN,Federal Contract Tower,0,20,14,0,34,0,4,15,2,21,0,24,29,2,55,28,4,32,87
05/04/2018,HVN,CT,ANE,EN,Federal Contract Tower,0,13,7,0,20,0,4,6,0,10,0,17,13,0,30,16,2,18,48
05/05/2018,HVN,CT,ANE,EN,Federal Contract Tower,0,6,5,0,11,0,2,34,4,40,0,8,39,4,51,110,0,110,161
05/06/2018,HVN,CT,ANE,EN,Federal Contract Tower,0,8,11,0,19,0,5,3,0,8,0,13,14,0,27,4,0,4,31
05/07/2018,HVN,CT,ANE,EN,Federal Contract Tower,0,14,2,0,16,0,2,22,0,24,0,16,24,0,40,20,0,20,60
05/08/2018,HVN,CT,ANE,EN,Federal Contract Tower,0,8,5,2,15,0,3,31,0,34,0,11,36,2,49,62,0,62,111
05/09/2018,HVN,CT,ANE,EN,Federal Contract Tower,0,16,5,0,21,0,1,34,0,35,0,17,39,0,56,62,0,62,118
05/10/2018,HVN,CT,ANE,EN,Federal Contract Tower,0,12,12,0,24,0,4,7,0,11,0,16,19,0,35,2,0,2,37
05/11/2018,HVN,CT,ANE,EN,Federal Contract Tower,0,16,22,0,38,0,3,58,0,61,0,19,80,0,99,24,0,24,123
05/12/2018,HVN,CT,ANE,EN,Federal Contract Tower,0,8,11,0,19,0,2,0,0,2,0,10,11,0,21,4,0,4,25
05/13/2018,HVN,CT,ANE,EN,Federal Contract Tower,0,9,10,0,19,0,0,2,0,2,0,9,12,0,21,12,0,12,33
05/14/2018,HVN,CT,ANE,EN,Federal Contract Tower,0,12,7,0,19,0,6,19,0,25,0,18,26,0,44,36,2,38,82
05/15/2018,HVN,CT,ANE,EN,Federal Contract Tower,0,8,10,0,18,0,3,7,0,10,0,11,17,0,28,22,0,22,50
05/16/2018,HVN,CT,ANE,EN,Federal Contract Tower,0,8,13,0,21,0,0,0,0,0,0,8,13,0,21,0,0,0,21
05/17/2018,HVN,CT,ANE,EN,Federal Contract Tower,0,16,8,0,24,0,4,8,2,14,0,20,16,2,38,22,2,24,62
05/18/2018,HVN,CT,ANE,EN,Federal Contract Tower,0,21,13,0,34,0,16,15,0,31,0,37,28,0,65,6,0,6,71
05/19/2018,HVN,CT,ANE,EN,Federal Contract Tower,0,18,13,0,31,0,0,0,0,0,0,18,13,0,31,0,0,0,31
05/20/2018,HVN,CT,ANE,EN,Federal Contract Tower,0,23,8,0,31,0,4,5,0,9,0,27,13,0,40,18,0,18,58
05/21/2018,HVN,CT,ANE,EN,Federal Contract Tower,0,24,18,0,42,0,8,33,0,41,0,32,51,0,83,92,0,92,175
05/22/2018,HVN,CT,ANE,EN,Federal Contract Tower,0,17,9,0,26,0,6,8,0,14,0,23,17,0,40,30,0,30,70
05/23/2018,HVN,CT,ANE,EN,Federal Contract Tower,0,16,14,0,30,0,4,9,0,13,0,20,23,0,43,26,0,26,69
05/24/2018,HVN,CT,ANE,EN,Federal Contract Tower,0,23,14,0,37,0,18,39,4,61,0,41,53,4,98,9,0,9,107
05/25/2018,HVN,CT,ANE,EN,Federal Contract Tower,0,9,6,0,15,0,28,32,0,60,0,37,38,0,75,26,2,28,103
05/26/2018,HVN,CT,ANE,EN,Federal Contract Tower,0,7,9,0,16,0,13,32,0,45,0,20,41,0,61,32,0,32,93
05/27/2018,HVN,CT,ANE,EN,Federal Contract Tower,0,10,11,0,21,0,1,0,0,1,0,11,11,0,22,0,0,0,22
05/28/2018,HVN,CT,ANE,EN,Federal Contract Tower,0,10,12,1,23,0,26,21,1,48,0,36,33,2,71,46,0,46,117
05/29/2018,HVN,CT,ANE,EN,Federal Contract Tower,0,8,3,0,11,0,17,17,0,34,0,25,20,0,45,32,0,32,77
05/30/2018,HVN,CT,ANE,EN,Federal Contract Tower,0,12,13,0,25,0,1,11,0,12,0,13,24,0,37,8,0,8,45
05/31/2018,HVN,CT,ANE,EN,Federal Contract Tower,0,15,14,0,29,0,0,7,0,7,0,15,21,0,36,0,2,2,38
06/01/2018,HVN,CT,ANE,EN,Federal Contract Tower,0,23,18,0,41,0,3,0,0,3,0,26,18,0,44,0,0,0,44
06/02/2018,HVN,CT,ANE,EN,Federal Contract Tower,0,7,2,0,9,0,4,16,2,22,0,11,18,2,31,74,0,74,105
06/03/2018,HVN,CT,ANE,EN,Federal Contract Tower,0,8,14,0,22,0,11,16,0,27,0,19,30,0,49,2,0,2,51
06/04/2018,HVN,CT,ANE,EN,Federal Contract Tower,0,15,8,0,23,0,2,4,0,6,0,17,12,0,29,0,0,0,29
06/05/2018,HVN,CT,ANE,EN,Federal Contract Tower,0,15,8,0,23,0,5,18,0,23,0,20,26,0,46,34,2,36,82
06/06/2018,HVN,CT,ANE,EN,Federal Contract Tower,0,20,16,0,36,0,6,32,4,42,0,26,48,4,78,26,2,28,106
06/07/2018,HVN,CT,ANE,EN,Federal Contract Tower,0,13,14,0,27,0,6,26,2,34,0,19,40,2,61,48,0,48,109
06/08/2018,HVN,CT,ANE,EN,Federal Contract Tower,0,13,23,0,36,0,19,31,1,51,0,32,54,1,87,48,0,48,135
06/09/2018,HVN,CT,ANE,EN,Federal Contract Tower,0,8,10,0,18,0,5,41,2,48,0,13,51,2,66,28,6,34,100
06/10/2018,HVN,CT,ANE,EN,Federal Contract Tower,0,7,5,0,12,0,11,27,2,40,0,18,32,2,52,54,2,56,108
06/11/2018,HVN,CT,ANE,EN,Federal Contract Tower,0,9,6,0,15,0,6,22,0,28,0,15,28,0,43,52,2,54,97
06/12/2018,HVN,CT,ANE,EN,Federal Contract Tower,0,13,8,0,21,0,9,33,2,44,0,22,41,2,65,90,4,94,159
06/13/2018,HVN,CT,ANE,EN,Federal Contract Tower,0,15,15,0,30,0,0,0,0,0,0,15,15,0,30,0,0,0,30
06/14/2018,HVN,CT,ANE,EN,Federal Contract Tower,0,8,24,2,34,0,17,26,0,43,0,25,50,2,77,18,2,20,97
06/15/2018,HVN,CT,ANE,EN,Federal Contract Tower,0,8,11,0,19,0,26,28,4,58,0,34,39,4,77,40,0,40,117
06/16/2018,HVN,CT,ANE,EN,Federal Contract Tower,0,4,7,0,11,0,6,43,3,52,0,10,50,3,63,42,4,46,109
06/17/2018,HVN,CT,ANE,EN,Federal Contract Tower,0,9,7,0,16,0,24,35,2,61,0,33,42,2,77,72,0,72,149
06/18/2018,HVN,CT,ANE,EN,Federal Contract Tower,0,13,17,0,30,0,20,28,0,48,0,33,45,0,78,14,0,14,92
06/19/2018,HVN,CT,ANE,EN,Federal Contract Tower,0,13,5,0,18,0,7,30,0,37,0,20,35,0,55,24,0,24,79
06/20/2018,HVN,CT,ANE,EN,Federal Contract Tower,0,2,13,0,15,0,6,29,0,35,0,8,42,0,50,42,0,42,92
06/21/2018,HVN,CT,ANE,EN,Federal Contract Tower,0,7,6,0,13,0,15,20,4,39,0,22,26,4,52,56,4,60,112
06/22/2018,HVN,CT,ANE,EN,Federal Contract Tower,0,8,6,0,14,0,27,35,0,62,0,35,41,0,76,70,0,70,146
06/23/2018,HVN,CT,ANE,EN,Federal Contract Tower,0,9,6,0,15,0,1,0,0,1,0,10,6,0,16,4,0,4,20
06/24/2018,HVN,CT,ANE,EN,Federal Contract Tower,0,15,14,0,29,0,9,4,0,13,0,24,18,0,42,6,0,6,48
06/25/2018,HVN,CT,ANE,EN,Federal Contract Tower,0,15,8,0,23,0,17,23,0,40,0,32,31,0,63,44,0,44,107
06/26/2018,HVN,CT,ANE,EN,Federal Contract Tower,0,10,7,0,17,0,13,52,0,65,0,23,59,0,82,82,0,82,164
06/27/2018,HVN,CT,ANE,EN,Federal Contract Tower,0,11,5,0,16,0,8,22,0,30,0,19,27,0,46,64,0,64,110
06/28/2018,HVN,CT,ANE,EN,Federal Contract Tower,0,14,5,0,19,0,8,7,0,15,0,22,12,0,34,12,0,12,46
06/29/2018,HVN,CT,ANE,EN,Federal Contract Tower,0,13,17,0,30,0,23,33,0,56,0,36,50,0,86,42,2,44,130
06/30/2018,HVN,CT,ANE,EN,Federal Contract Tower,0,8,8,0,16,0,6,43,0,49,0,14,51,0,65,52,0,52,117
07/01/2018,HVN,CT,ANE,EN,Federal Contract Tower,0,12,6,0,18,0,10,16,0,26,0,22,22,0,44,28,0,28,72
07/02/2018,HVN,CT,ANE,EN,Federal Contract Tower,0,10,5,0,15,0,14,18,2,34,0,24,23,2,49,4,0,4,53
07/03/2018,HVN,CT,ANE,EN,Federal Contract Tower,0,7,6,0,13,0,12,19,0,31,0,19,25,0,44,4,0,4,48
07/04/2018,HVN,CT,ANE,EN,Federal Contract Tower,0,8,8,0,16,0,2,12,0,14,0,10,20,0,30,34,0,34,64
07/05/2018,HVN,CT,ANE,EN,Federal Contract Tower,0,8,8,0,16,0,12,38,2,52,0,20,46,2,68,30,0,30,98
07/06/2018,HVN,CT,ANE,EN,Federal Contract Tower,0,8,4,0,12,0,11,9,0,20,0,19,13,0,32,2,0,2,34
07/07/2018,HVN,CT,ANE,EN,Federal Contract Tower,0,9,7,0,16,0,3,43,0,46,0,12,50,0,62,44,0,44,106
07/08/2018,HVN,CT,ANE,EN,Federal Contract Tower,0,8,9,0,17,0,17,56,0,73,0,25,65,0,90,28,0,28,118
07/09/2018,HVN,CT,ANE,EN,Federal Contract Tower,0,6,7,0,13,0,16,50,0,66,0,22,57,0,79,82,2,84,163
07/10/2018,HVN,CT,ANE,EN,Federal Contract Tower,0,7,6,0,13,0,11,44,0,55,0,18,50,0,68,26,0,26,94
07/11/2018,HVN,CT,ANE,EN,Federal Contract Tower,0,12,16,0,28,0,12,36,0,48,0,24,52,0,76,42,0,42,118
07/12/2018,HVN,CT,ANE,EN,Federal Contract Tower,0,8,14,1,23,0,15,43,2,60,0,23,57,3,83,82,0,82,165
07/13/2018,HVN,CT,ANE,EN,Federal Contract Tower,0,10,4,0,14,0,14,52,0,66,0,24,56,0,80,96,0,96,176
07/14/2018,HVN,CT,ANE,EN,Federal Contract Tower,0,5,5,0,10,0,5,53,0,58,0,10,58,0,68,54,0,54,122
07/15/2018,HVN,CT,ANE,EN,Federal Contract Tower,0,10,10,0,20,0,16,25,0,41,0,26,35,0,61,44,0,44,105
07/16/2018,HVN,CT,ANE,EN,Federal Contract Tower,0,8,7,0,15,0,10,36,0,46,0,18,43,0,61,44,0,44,105
07/17/2018,HVN,CT,ANE,EN,Federal Contract Tower,0,14,9,0,23,0,11,8,0,19,0,25,17,0,42,30,0,30,72
07/18/2018,HVN,CT,ANE,EN,Federal Contract Tower,0,11,21,0,32,0,11,46,0,57,0,22,67,0,89,102,2,104,193
07/19/2018,HVN,CT,ANE,EN,Federal Contract Tower,0,13,11,0,24,0,23,76,0,99,0,36,87,0,123,128,8,136,259
07/20/2018,HVN,CT,ANE,EN,Federal Contract Tower,0,11,6,0,17,0,29,51,0,80,0,40,57,0,97,28,0,28,125
07/21/2018,HVN,CT,ANE,EN,Federal Contract Tower,0,5,12,0,17,0,5,41,0,46,0,10,53,0,63,52,0,52,115
07/22/2018,HVN,CT,ANE,EN,Federal Contract Tower,0,9,9,0,18,0,12,5,0,17,0,21,14,0,35,0,0,0,35
07/23/2018,HVN,CT,ANE,EN,Federal Contract Tower,0,7,11,0,18,0,23,0,0,23,0,30,11,0,41,0,0,0,41
07/24/2018,HVN,CT,ANE,EN,Federal Contract Tower,0,11,13,1,25,0,7,17,0,24,0,18,30,1,49,56,2,58,107
07/25/2018,HVN,CT,ANE,EN,Federal Contract Tower,0,9,6,0,15,0,5,0,0,5,0,14,6,0,20,0,0,0,20
07/26/2018,HVN,CT,ANE,EN,Federal Contract Tower,0,12,11,0,23,0,15,12,0,27,0,27,23,0,50,54,10,64,114
07/27/2018,HVN,CT,ANE,EN,Federal Contract Tower,0,10,19,0,29,0,21,30,0,51,0,31,49,0,80,126,2,128,208
07/28/2018,HVN,CT,ANE,EN,Federal Contract Tower,0,6,6,0,12,0,4,12,0,16,0,10,18,0,28,20,0,20,48
07/29/2018,HVN,CT,ANE,EN,Federal Contract Tower,0,3,15,0,18,0,17,73,0,90,0,20,88,0,108,36,2,38,146
07/30/2018,HVN,CT,ANE,EN,Federal Contract Tower,0,6,13,0,19,0,25,40,0,65,0,31,53,0,84,28,0,28,112
07/31/2018,HVN,CT,ANE,EN,Federal Contract Tower,0,14,5,1,20,0,12,28,4,44,0,26,33,5,64,32,10,42,106
08/01/2018,HVN,CT,ANE,EN,Federal Contract Tower,0,21,16,0,37,0,3,11,0,14,0,24,27,0,51,40,0,40,91
08/02/2018,HVN,CT,ANE,EN,Federal Contract Tower,0,7,11,0,18,0,28,22,2,52,0,35,33,2,70,36,0,36,106
08/03/2018,HVN,CT,ANE,EN,Federal Contract Tower,0,11,8,0,19,0,22,15,0,37,0,33,23,0,56,70,0,70,126
08/04/2018,HVN,CT,ANE,EN,Federal Contract Tower,0,6,5,0,11,0,3,9,0,12,0,9,14,0,23,14,0,14,37
08/05/2018,HVN,CT,ANE,EN,Federal Contract Tower,0,13,11,0,24,0,17,46,0,63,0,30,57,0,87,58,0,58,145
08/06/2018,HVN,CT,ANE,EN,Federal Contract Tower,0,6,9,0,15,0,30,18,4,52,0,36,27,4,67,6,0,6,73
08/07/2018,HVN,CT,ANE,EN,Federal Contract Tower,0,7,10,0,17,0,12,28,2,42,0,19,38,2,59,22,0,22,81
08/08/2018,HVN,CT,ANE,EN,Federal Contract Tower,0,10,17,0,27,0,13,24,0,37,0,23,41,0,64,18,0,18,82
08/09/2018,HVN,CT,ANE,EN,Federal Contract Tower,0,15,6,4,25,0,20,27,0,47,0,35,33,4,72,28,2,30,102
08/10/2018,HVN,CT,ANE,EN,Federal Contract Tower,0,9,2,0,11,0,24,40,0,64,0,33,42,0,75,36,0,36,111
08/11/2018,HVN,CT,ANE,EN,Federal Contract Tower,0,9,7,0,16,0,2,0,0,2,0,11,7,0,18,0,0,0,18
08/12/2018,HVN,CT,ANE,EN,Federal Contract Tower,0,10,15,0,25,0,13,8,0,21,0,23,23,0,46,0,0,0,46
08/13/2018,HVN,CT,ANE,EN,Federal Contract Tower,0,26,17,0,43,0,2,0,0,2,0,28,17,0,45,0,0,0,45
08/14/2018,HVN,CT,ANE,EN,Federal Contract Tower,0,12,7,0,19,0,8,9,0,17,0,20,16,0,36,6,0,6,42
08/15/2018,HVN,CT,ANE,EN,Federal Contract Tower,0,9,8,0,17,0,17,41,4,62,0,26,49,4,79,56,0,56,135
08/16/2018,HVN,CT,ANE,EN,Federal Contract Tower,0,11,10,0,21,0,25,23,11,59,0,36,33,11,80,14,0,14,94
08/17/2018,HVN,CT,ANE,EN,Federal Contract Tower,0,9,12,0,21,0,17,13,0,30,0,26,25,0,51,32,0,32,83
08/18/2018,HVN,CT,ANE,EN,Federal Contract Tower,0,9,8,0,17,0,9,4,0,13,0,18,12,0,30,8,0,8,38
08/19/2018,HVN,CT,ANE,EN,Federal Contract Tower,0,5,13,0,18,0,16,10,0,26,0,21,23,0,44,26,0,26,70
08/20/2018,HVN,CT,ANE,EN,Federal Contract Tower,0,9,20,0,29,0,14,21,0,35,0,23,41,0,64,78,0,78,142
08/21/2018,HVN,CT,ANE,EN,Federal Contract Tower,0,16,11,0,27,0,19,10,0,29,0,35,21,0,56,2,0,2,58
08/22/2018,HVN,CT,ANE,EN,Federal Contract Tower,0,34,25,0,59,0,16,3,0,19,0,50,28,0,78,4,0,4,82
08/23/2018,HVN,CT,ANE,EN,Federal Contract Tower,0,24,24,0,48,0,24,36,2,62,0,48,60,2,110,54,0,54,164
08/24/2018,HVN,CT,ANE,EN,Federal Contract Tower,0,9,12,0,21,0,28,46,2,76,0,37,58,2,97,42,4,46,143
08/25/2018,HVN,CT,ANE,EN,Federal Contract Tower,0,7,8,0,15,0,16,38,2,56,0,23,46,2,71,58,2,60,131
08/26/2018,HVN,CT,ANE,EN,Federal Contract Tower,0,12,8,0,20,0,16,24,0,40,0,28,32,0,60,52,0,52,112
08/27/2018,HVN,CT,ANE,EN,Federal Contract Tower,0,12,9,0,21,0,23,28,1,52,0,35,37,1,73,0,0,0,73
08/28/2018,HVN,CT,ANE,EN,Federal Contract Tower,0,7,13,0,20,0,5,18,2,25,0,12,31,2,45,18,0,18,63
08/29/2018,HVN,CT,ANE,EN,Federal Contract Tower,0,9,15,0,24,0,17,25,2,44,0,26,40,2,68,16,0,16,84
08/30/2018,HVN,CT,ANE,EN,Federal Contract Tower,0,19,19,2,40,0,20,30,2,52,0,39,49,4,92,50,0,50,142
08/31/2018,HVN,CT,ANE,EN,Federal Contract Tower,0,13,19,0,32,0,14,25,0,39,0,27,44,0,71,50,0,50,121
09/01/2018,HVN,CT,ANE,EN,Federal Contract Tower,0,6,6,0,12,0,8,42,0,50,0,14,48,0,62,10,0,10,72
09/02/2018,HVN,CT,ANE,EN,Federal Contract Tower,0,9,10,0,19,0,0,24,0,24,0,9,34,0,43,20,0,20,63
09/03/2018,HVN,CT,ANE,EN,Federal Contract Tower,0,11,7,0,18,0,16,18,0,34,0,27,25,0,52,22,0,22,74
09/04/2018,HVN,CT,ANE,EN,Federal Contract Tower,0,11,11,0,22,0,8,23,0,31,0,19,34,0,53,32,0,32,85
09/05/2018,HVN,CT,ANE,EN,Federal Contract Tower,0,13,16,0,29,0,8,21,0,29,0,21,37,0,58,30,0,30,88
09/06/2018,HVN,CT,ANE,EN,Federal Contract Tower,0,18,16,0,34,0,8,10,0,18,0,26,26,0,52,0,0,0,52
09/07/2018,HVN,CT,ANE,EN,Federal Contract Tower,0,13,20,0,33,0,14,12,0,26,0,27,32,0,59,10,0,10,69
09/08/2018,HVN,CT,ANE,EN,Federal Contract Tower,0,9,13,0,22,0,15,20,0,35,0,24,33,0,57,52,0,52,109
09/09/2018,HVN,CT,ANE,EN,Federal Contract Tower,0,8,6,0,14,0,3,10,0,13,0,11,16,0,27,38,0,38,65
09/10/2018,HVN,CT,ANE,EN,Federal Contract Tower,0,11,4,0,15,0,2,0,0,2,0,13,4,0,17,0,0,0,17
09/11/2018,HVN,CT,ANE,EN,Federal Contract Tower,0,15,19,0,34,0,7,0,0,7,0,22,19,0,41,2,0,2,43
09/12/2018,HVN,CT,ANE,EN,Federal Contract Tower,0,19,17,0,36,0,0,0,0,0,0,19,17,0,36,0,0,0,36
09/13/2018,HVN,CT,ANE,EN,Federal Contract Tower,0,14,16,0,30,0,3,1,0,4,0,17,17,0,34,4,0,4,38
09/14/2018,HVN,CT,ANE,EN,Federal Contract Tower,0,16,16,0,32,0,14,11,0,25,0,30,27,0,57,40,2,42,99
09/15/2018,HVN,CT,ANE,EN,Federal Contract Tower,0,14,6,0,20,0,3,27,2,32,0,17,33,2,52,54,0,54,106
09/16/2018,HVN,CT,ANE,EN,Federal Contract Tower,0,5,14,0,19,0,12,33,0,45,0,17,47,0,64,66,0,66,130
09/17/2018,HVN,CT,ANE,EN,Federal Contract Tower,0,8,12,0,20,0,10,16,0,26,0,18,28,0,46,30,0,30,76
09/18/2018,HVN,CT,ANE,EN,Federal Contract Tower,0,18,9,0,27,0,0,1,0,1,0,18,10,0,28,0,0,0,28
09/19/2018,HVN,CT,ANE,EN,Federal Contract Tower,0,12,6,0,18,0,4,25,2,31,0,16,31,2,49,40,2,42,91
09/20/2018,HVN,CT,ANE,EN,Federal Contract Tower,0,16,20,0,36,0,5,30,0,35,0,21,50,0,71,80,2,82,153
09/21/2018,HVN,CT,ANE,EN,Federal Contract Tower,0,14,21,0,35,0,14,24,2,40,0,28,45,2,75,18,2,20,95
09/22/2018,HVN,CT,ANE,EN,Federal Contract Tower,0,8,12,0,20,0,2,33,0,35,0,10,45,0,55,76,0,76,131
09/23/2018,HVN,CT,ANE,EN,Federal Contract Tower,0,11,8,0,19,0,1,26,2,29,0,12,34,2,48,52,0,52,100
09/24/2018,HVN,CT,ANE,EN,Federal Contract Tower,0,7,8,0,15,0,8,12,0,20,0,15,20,0,35,12,0,12,47
09/25/2018,HVN,CT,ANE,EN,Federal Contract Tower,0,13,6,0,19,0,0,0,0,0,0,13,6,0,19,2,0,2,21
09/26/2018,HVN,CT,ANE,EN,Federal Contract Tower,0,12,16,0,28,0,1,4,0,5,0,13,20,0,33,8,2,10,43
09/27/2018,HVN,CT,ANE,EN,Federal Contract Tower,0,25,23,0,48,0,3,31,0,34,0,28,54,0,82,66,0,66,148
09/28/2018,HVN,CT,ANE,EN,Federal Contract Tower,0,14,15,0,29,0,18,3,0,21,0,32,18,0,50,0,0,0,50
09/29/2018,HVN,CT,ANE,EN,Federal Contract Tower,0,17,15,0,32,0,3,28,0,31,0,20,43,0,63,2,0,2,65
09/30/2018,HVN,CT,ANE,EN,Federal Contract Tower,0,17,12,0,29,0,4,60,0,64,0,21,72,0,93,44,0,44,137
10/01/2018,HVN,CT,ANE,EN,Federal Contract Tower,0,12,12,0,24,0,2,16,0,18,0,14,28,0,42,40,0,40,82
10/02/2018,HVN,CT,ANE,EN,Federal Contract Tower,0,12,13,1,26,0,2,5,1,8,0,14,18,2,34,18,0,18,52
10/03/2018,HVN,CT,ANE,EN,Federal Contract Tower,0,22,17,0,39,0,4,29,0,33,0,26,46,0,72,42,0,42,114
10/04/2018,HVN,CT,ANE,EN,Federal Contract Tower,0,15,14,0,29,0,5,13,3,21,0,20,27,3,50,28,2,30,80
10/05/2018,HVN,CT,ANE,EN,Federal Contract Tower,0,12,14,0,26,0,16,41,2,59,0,28,55,2,85,24,2,26,111
10/06/2018,HVN,CT,ANE,EN,Federal Contract Tower,0,14,11,0,25,0,5,15,0,20,0,19,26,0,45,6,0,6,51
10/08/2018,HVN,CT,ANE,EN,Federal Contract Tower,0,20,17,0,37,0,6,0,0,6,0,26,17,0,43,0,0,0,43
10/09/2018,HVN,CT,ANE,EN,Federal Contract Tower,0,14,24,0,38,0,1,6,0,7,0,15,30,0,45,14,0,14,59
10/10/2018,HVN,CT,ANE,EN,Federal Contract Tower,0,9,16,0,25,0,2,12,2,16,0,11,28,2,41,34,0,34,75
10/11/2018,HVN,CT,ANE,EN,Federal Contract Tower,0,10,10,0,20,0,0,0,0,0,0,10,10,0,20,2,0,2,22
10/12/2018,HVN,CT,ANE,EN,Federal Contract Tower,0,18,7,0,25,0,8,17,2,27,0,26,24,2,52,6,0,6,58
10/13/2018,HVN,CT,ANE,EN,Federal Contract Tower,0,6,5,0,11,0,2,12,0,14,0,8,17,0,25,2,0,2,27
10/14/2018,HVN,CT,ANE,EN,Federal Contract Tower,0,24,9,2,35,0,2,34,0,36,0,26,43,2,71,14,0,14,85
10/15/2018,HVN,CT,ANE,EN,Federal Contract Tower,0,17,14,0,31,0,0,1,0,1,0,17,15,0,32,0,0,0,32
10/16/2018,HVN,CT,ANE,EN,Federal Contract Tower,0,13,6,0,19,0,8,20,4,32,0,21,26,4,51,34,0,34,85
10/17/2018,HVN,CT,ANE,EN,Federal Contract Tower,0,7,9,0,16,0,3,11,0,14,0,10,20,0,30,28,0,28,58
10/18/2018,HVN,CT,ANE,EN,Federal Contract Tower,0,13,2,0,15,0,13,14,0,27,0,26,16,0,42,22,0,22,64
10/19/2018,HVN,CT,ANE,EN,Federal Contract Tower,0,18,7,0,25,0,5,36,0,41,0,23,43,0,66,8,4,12,78
10/20/2018,HVN,CT,ANE,EN,Federal Contract Tower,0,13,4,0,17,0,0,14,4,18,0,13,18,4,35,0,0,0,35
10/21/2018,HVN,CT,ANE,EN,Federal Contract Tower,0,11,10,0,21,0,2,9,0,11,0,13,19,0,32,2,0,2,34
10/22/2018,HVN,CT,ANE,EN,Federal Contract Tower,0,9,4,0,13,0,1,18,0,19,0,10,22,0,32,2,0,2,34
10/23/2018,HVN,CT,ANE,EN,Federal Contract Tower,0,8,16,0,24,0,6,26,6,38,0,14,42,6,62,30,0,30,92
10/24/2018,HVN,CT,ANE,EN,Federal Contract Tower,0,6,4,1,11,0,0,12,2,14,0,6,16,3,25,20,2,22,47
10/25/2018,HVN,CT,ANE,EN,Federal Contract Tower,0,11,12,2,25,0,6,31,0,37,0,17,43,2,62,14,2,16,78
10/26/2018,HVN,CT,ANE,EN,Federal Contract Tower,0,10,7,2,19,0,14,17,0,31,0,24,24,2,50,30,0,30,80
10/27/2018,HVN,CT,ANE,EN,Federal Contract Tower,0,5,2,0,7,0,0,0,0,0,0,5,2,0,7,0,0,0,7
10/28/2018,HVN,CT,ANE,EN,Federal Contract Tower,0,17,9,0,26,0,7,4,0,11,0,24,13,0,37,12,0,12,49
10/29/2018,HVN,CT,ANE,EN,Federal Contract Tower,0,10,7,0,17,0,1,1,2,4,0,11,8,2,21,6,0,6,27
10/30/2018,HVN,CT,ANE,EN,Federal Contract Tower,0,13,7,0,20,0,16,11,2,29,0,29,18,2,49,16,0,16,65
10/31/2018,HVN,CT,ANE,EN,Federal Contract Tower,0,24,10,0,34,0,4,21,0,25,0,28,31,0,59,34,0,34,93
11/01/2018,HVN,CT,ANE,EN,Federal Contract Tower,0,9,14,0,23,0,9,23,3,35,0,18,37,3,58,36,2,38,96
11/02/2018,HVN,CT,ANE,EN,Federal Contract Tower,0,6,11,0,17,0,0,3,0,3,0,6,14,0,20,0,0,0,20
11/03/2018,HVN,CT,ANE,EN,Federal Contract Tower,0,6,11,0,17,0,2,0,0,2,0,8,11,0,19,0,0,0,19
11/04/2018,HVN,CT,ANE,EN,Federal Contract Tower,0,13,2,0,15,0,1,29,0,30,0,14,31,0,45,70,0,70,115
11/05/2018,HVN,CT,ANE,EN,Federal Contract Tower,0,5,9,0,14,0,0,0,2,2,0,5,9,2,16,16,0,16,32
11/06/2018,HVN,CT,ANE,EN,Federal Contract Tower,0,6,5,0,11,0,0,0,0,0,0,6,5,0,11,0,0,0,11
11/07/2018,HVN,CT,ANE,EN,Federal Contract Tower,0,7,8,0,15,0,0,16,5,21,0,7,24,5,36,8,6,14,50
11/08/2018,HVN,CT,ANE,EN,Federal Contract Tower,0,16,5,0,21,0,0,30,0,30,0,16,35,0,51,40,2,42,93
11/09/2018,HVN,CT,ANE,EN,Federal Contract Tower,0,10,13,0,23,0,6,12,5,23,0,16,25,5,46,12,0,12,58
11/10/2018,HVN,CT,ANE,EN,Federal Contract Tower,0,8,4,0,12,0,0,3,0,3,0,8,7,0,15,0,0,0,15
11/11/2018,HVN,CT,ANE,EN,Federal Contract Tower,0,14,6,2,22,0,0,9,2,11,0,14,15,4,33,28,6,34,67
11/12/2018,HVN,CT,ANE,EN,Federal Contract Tower,0,6,4,0,10,0,2,26,0,28,0,8,30,0,38,46,0,46,84
11/13/2018,HVN,CT,ANE,EN,Federal Contract Tower,0,19,1,0,20,0,0,0,0,0,0,19,1,0,20,0,0,0,20
11/14/2018,HVN,CT,ANE,EN,Federal Contract Tower,0,19,16,0,35,0,1,9,0,10,0,20,25,0,45,36,0,36,81
11/15/2018,HVN,CT,ANE,EN,Federal Contract Tower,0,7,9,0,16,0,1,9,2,12,0,8,18,2,28,4,0,4,32
11/16/2018,HVN,CT,ANE,EN,Federal Contract Tower,0,12,23,0,35,0,2,6,0,8,0,14,29,0,43,8,2,10,53
11/17/2018,HVN,CT,ANE,EN,Federal Contract Tower,0,4,13,3,20,0,0,19,3,22,0,4,32,6,42,22,2,24,66
11/19/2018,HVN,CT,ANE,EN,Federal Contract Tower,0,8,17,0,25,0,8,8,0,16,0,16,25,0,41,24,2,26,67
11/20/2018,HVN,CT,ANE,EN,Federal Contract Tower,0,20,19,0,39,0,0,0,0,0,0,20,19,0,39,0,0,0,39
11/21/2018,HVN,CT,ANE,EN,Federal Contract Tower,0,9,3,2,14,0,12,18,0,30,0,21,21,2,44,4,2,6,50
11/22/2018,HVN,CT,ANE,EN,Federal Contract Tower,0,3,0,0,3,0,0,2,0,2,0,3,2,0,5,0,0,0,5
11/23/2018,HVN,CT,ANE,EN,Federal Contract Tower,0,5,10,0,15,0,4,27,0,31,0,9,37,0,46,12,0,12,58
11/24/2018,HVN,CT,ANE,EN,Federal Contract Tower,0,9,5,0,14,0,1,11,0,12,0,10,16,0,26,26,0,26,52
11/25/2018,HVN,CT,ANE,EN,Federal Contract Tower,0,13,16,0,29,0,0,16,4,20,0,13,32,4,49,42,16,58,107
11/26/2018,HVN,CT,ANE,EN,Federal Contract Tower,0,13,9,0,22,0,3,0,0,3,0,16,9,0,25,4,0,4,29
11/27/2018,HVN,CT,ANE,EN,Federal Contract Tower,0,10,6,0,16,0,4,0,0,4,0,14,6,0,20,0,0,0,20
11/28/2018,HVN,CT,ANE,EN,Federal Contract Tower,0,11,8,0,19,0,2,3,2,7,0,13,11,2,26,0,10,10,36
11/29/2018,HVN,CT,ANE,EN,Federal Contract Tower,0,12,9,0,21,0,4,7,0,11,0,16,16,0,32,6,0,6,38
11/30/2018,HVN,CT,ANE,EN,Federal Contract Tower,0,9,9,0,18,0,4,2,0,6,0,13,11,0,24,0,0,0,24
12/01/2018,HVN,CT,ANE,EN,Federal Contract Tower,0,12,13,0,25,0,2,26,0,28,0,14,39,0,53,58,2,60,113
12/02/2018,HVN,CT,ANE,EN,Federal Contract Tower,0,8,17,0,25,0,0,0,0,0,0,8,17,0,25,0,0,0,25
12/03/2018,HVN,CT,ANE,EN,Federal Contract Tower,0,11,10,0,21,0,2,10,0,12,0,13,20,0,33,18,4,22,55
12/04/2018,HVN,CT,ANE,EN,Federal Contract Tower,0,13,5,0,18,0,0,11,2,13,0,13,16,2,31,8,0,8,39
12/05/2018,HVN,CT,ANE,EN,Federal Contract Tower,0,22,8,0,30,0,1,20,2,23,0,23,28,2,53,22,2,24,77
12/06/2018,HVN,CT,ANE,EN,Federal Contract Tower,0,11,9,0,20,0,5,17,2,24,0,16,26,2,44,22,0,22,66
12/07/2018,HVN,CT,ANE,EN,Federal Contract Tower,0,11,15,2,28,0,4,24,0,28,0,15,39,2,56,4,0,4,60
12/08/2018,HVN,CT,ANE,EN,Federal Contract Tower,0,7,8,0,15,0,1,18,2,21,0,8,26,2,36,10,0,10,46
12/09/2018,HVN,CT,ANE,EN,Federal Contract Tower,0,10,2,0,12,0,2,18,0,20,0,12,20,0,32,14,0,14,46
12/10/2018,HVN,CT,ANE,EN,Federal Contract Tower,0,7,12,0,19,0,2,11,0,13,0,9,23,0,32,42,2,44,76
12/11/2018,HVN,CT,ANE,EN,Federal Contract Tower,0,22,8,0,30,0,4,18,0,22,0,26,26,0,52,48,0,48,100
12/12/2018,HVN,CT,ANE,EN,Federal Contract Tower,0,7,6,1,14,0,2,11,0,13,0,9,17,1,27,6,0,6,33
12/13/2018,HVN,CT,ANE,EN,Federal Contract Tower,0,10,9,1,20,0,0,0,2,2,0,10,9,3,22,0,0,0,22
12/14/2018,HVN,CT,ANE,EN,Federal Contract Tower,0,13,9,0,22,0,2,11,0,13,0,15,20,0,35,12,0,12,47
12/15/2018,HVN,CT,ANE,EN,Federal Contract Tower,0,5,5,0,10,0,0,4,0,4,0,5,9,0,14,8,0,8,22
12/17/2018,HVN,CT,ANE,EN,Federal Contract Tower,0,12,2,0,14,0,0,8,2,10,0,12,10,2,24,0,10,10,34
12/19/2018,HVN,CT,ANE,EN,Federal Contract Tower,0,12,13,0,25,0,0,30,0,30,0,12,43,0,55,12,2,14,69
12/20/2018,HVN,CT,ANE,EN,Federal Contract Tower,0,19,3,0,22,0,2,22,4,28,0,21,25,4,50,12,0,12,62
12/21/2018,HVN,CT,ANE,EN,Federal Contract Tower,0,14,1,0,15,0,0,0,0,0,0,14,1,0,15,0,0,0,15
12/22/2018,HVN,CT,ANE,EN,Federal Contract Tower,0,14,6,0,20,0,4,3,0,7,0,18,9,0,27,4,2,6,33
12/24/2018,HVN,CT,ANE,EN,Federal Contract Tower,0,7,4,2,13,0,0,3,0,3,0,7,7,2,16,0,0,0,16
12/25/2018,HVN,CT,ANE,EN,Federal Contract Tower,0,6,4,0,10,0,0,7,0,7,0,6,11,0,17,2,0,2,19
12/26/2018,HVN,CT,ANE,EN,Federal Contract Tower,0,8,6,0,14,0,0,10,2,12,0,8,16,2,26,0,0,0,26
12/27/2018,HVN,CT,ANE,EN,Federal Contract Tower,0,8,16,0,24,0,6,36,2,44,0,14,52,2,68,32,0,32,100
12/28/2018,HVN,CT,ANE,EN,Federal Contract Tower,0,7,6,0,13,0,0,0,0,0,0,7,6,0,13,0,0,0,13
12/29/2018,HVN,CT,ANE,EN,Federal Contract Tower,4,8,6,0,18,0,0,19,0,19,4,8,25,0,37,26,0,26,63
12/30/2018,HVN,CT,ANE,EN,Federal Contract Tower,0,9,6,0,15,0,2,17,2,21,0,11,23,2,36,78,0,78,114
12/31/2018,HVN,CT,ANE,EN,Federal Contract Tower,0,7,1,0,8,0,1,4,0,5,0,8,5,0,13,8,0,8,21
01/01/2019,HVN,CT,ANE,EN,Federal Contract Tower,0,6,5,0,11,0,0,2,0,2,0,6,7,0,13,0,0,0,13
01/02/2019,HVN,CT,ANE,EN,Federal Contract Tower,0,12,11,3,26,0,0,16,0,16,0,12,27,3,42,4,2,6,48
01/03/2019,HVN,CT,ANE,EN,Federal Contract Tower,5,8,2,0,15,0,2,11,2,15,5,10,13,2,30,8,0,8,38
01/04/2019,HVN,CT,ANE,EN,Federal Contract Tower,1,10,2,0,13,0,2,13,0,15,1,12,15,0,28,4,0,4,32
01/05/2019,HVN,CT,ANE,EN,Federal Contract Tower,0,10,0,0,10,0,0,0,0,0,0,10,0,0,10,0,0,0,10
01/06/2019,HVN,CT,ANE,EN,Federal Contract Tower,0,9,8,1,18,0,4,14,0,18,0,13,22,1,36,6,12,18,54
01/07/2019,HVN,CT,ANE,EN,Federal Contract Tower,0,6,0,0,6,0,0,16,0,16,0,6,16,0,22,18,0,18,40
01/08/2019,HVN,CT,ANE,EN,Federal Contract Tower,0,7,2,0,9,0,0,0,0,0,0,7,2,0,9,0,0,0,9
01/09/2019,HVN,CT,ANE,EN,Federal Contract Tower,0,10,7,0,17,0,0,5,0,5,0,10,12,0,22,6,0,6,28
01/10/2019,HVN,CT,ANE,EN,Federal Contract Tower,0,9,9,0,18,0,2,0,0,2,0,11,9,0,20,8,0,8,28
01/11/2019,HVN,CT,ANE,EN,Federal Contract Tower,0,12,9,2,23,0,2,12,0,14,0,14,21,2,37,14,0,14,51
01/12/2019,HVN,CT,ANE,EN,Federal Contract Tower,0,7,8,0,15,0,2,30,0,32,0,9,38,0,47,42,4,46,93
01/13/2019,HVN,CT,ANE,EN,Federal Contract Tower,0,9,4,0,13,0,0,19,0,19,0,9,23,0,32,86,0,86,118
01/14/2019,HVN,CT,ANE,EN,Federal Contract Tower,0,6,12,0,18,0,2,21,0,23,0,8,33,0,41,10,0,10,51
01/15/2019,HVN,CT,ANE,EN,Federal Contract Tower,0,7,4,0,11,0,4,16,0,20,0,11,20,0,31,56,0,56,87
01/16/2019,HVN,CT,ANE,EN,Federal Contract Tower,0,8,14,0,22,0,2,14,2,18,0,10,28,2,40,2,2,4,44
01/17/2019,HVN,CT,ANE,EN,Federal Contract Tower,0,10,12,0,22,0,0,17,0,17,0,10,29,0,39,30,0,30,69
01/18/2019,HVN,CT,ANE,EN,Federal Contract Tower,0,8,10,0,18,0,2,8,0,10,0,10,18,0,28,10,0,10,38
01/19/2019,HVN,CT,ANE,EN,Federal Contract Tower,0,5,5,0,10,0,0,9,2,11,0,5,14,2,21,46,0,46,67
01/20/2019,HVN,CT,ANE,EN,Federal Contract Tower,0,4,0,0,4,0,0,0,0,0,0,4,0,0,4,0,0,0,4
01/21/2019,HVN,CT,ANE,EN,Federal Contract Tower,0,6,4,0,10,0,2,1,0,3,0,8,5,0,13,0,0,0,13
01/22/2019,HVN,CT,ANE,EN,Federal Contract Tower,0,9,10,0,19,0,7,7,0,14,0,16,17,0,33,10,0,10,43
01/23/2019,HVN,CT,ANE,EN,Federal Contract Tower,0,10,11,0,21,0,0,4,0,4,0,10,15,0,25,2,0,2,27
01/24/2019,HVN,CT,ANE,EN,Federal Contract Tower,0,10,5,0,15,0,0,0,0,0,0,10,5,0,15,0,0,0,15
01/25/2019,HVN,CT,ANE,EN,Federal Contract Tower,0,6,8,0,14,0,2,21,0,23,0,8,29,0,37,28,0,28,65
01/26/2019,HVN,CT,ANE,EN,Federal Contract Tower,0,8,4,1,13,0,0,22,1,23,0,8,26,2,36,20,2,22,58
01/27/2019,HVN,CT,ANE,EN,Federal Contract Tower,0,8,10,0,18,0,0,16,0,16,0,8,26,0,34,38,0,38,72
01/28/2019,HVN,CT,ANE,EN,Federal Contract Tower,0,10,8,2,20,0,0,29,0,29,0,10,37,2,49,26,0,26,75
01/29/2019,HVN,CT,ANE,EN,Federal Contract Tower,0,11,0,0,11,0,0,0,0,0,0,11,0,0,11,0,0,0,11
01/30/2019,HVN,CT,ANE,EN,Federal Contract Tower,0,8,8,0,16,0,1,5,0,6,0,9,13,0,22,14,0,14,36
01/31/2019,HVN,CT,ANE,EN,Federal Contract Tower,0,14,5,0,19,0,2,9,0,11,0,16,14,0,30,24,0,24,54
02/01/2019,HVN,CT,ANE,EN,Federal Contract Tower,0,13,9,0,22,0,0,11,0,11,0,13,20,0,33,24,0,24,57
02/02/2019,HVN,CT,ANE,EN,Federal Contract Tower,0,8,4,0,12,0,0,21,0,21,0,8,25,0,33,40,0,40,73
02/03/2019,HVN,CT,ANE,EN,Federal Contract Tower,0,7,5,0,12,0,0,37,0,37,0,7,42,0,49,72,0,72,121
02/04/2019,HVN,CT,ANE,EN,Federal Contract Tower,0,13,8,0,21,0,2,33,0,35,0,15,41,0,56,50,0,50,106
02/05/2019,HVN,CT,ANE,EN,Federal Contract Tower,0,16,1,0,17,0,5,25,0,30,0,21,26,0,47,30,0,30,77
02/06/2019,HVN,CT,ANE,EN,Federal Contract Tower,0,8,10,0,18,0,3,17,0,20,0,11,27,0,38,30,4,34,72
02/07/2019,HVN,CT,ANE,EN,Federal Contract Tower,0,15,16,0,31,0,0,0,0,0,0,15,16,0,31,4,0,4,35
02/08/2019,HVN,CT,ANE,EN,Federal Contract Tower,0,14,12,0,26,0,1,6,0,7,0,15,18,0,33,0,0,0,33
02/09/2019,HVN,CT,ANE,EN,Federal Contract Tower,2,8,5,0,15,0,0,8,0,8,2,8,13,0,23,12,0,12,35
02/10/2019,HVN,CT,ANE,EN,Federal Contract Tower,0,7,13,0,20,0,0,32,0,32,0,7,45,0,52,56,0,56,108
02/11/2019,HVN,CT,ANE,EN,Federal Contract Tower,0,13,5,0,18,0,0,25,0,25,0,13,30,0,43,40,0,40,83
02/12/2019,HVN,CT,ANE,EN,Federal Contract Tower,0,3,1,0,4,0,0,0,0,0,0,3,1,0,4,0,0,0,4
02/13/2019,HVN,CT,ANE,EN,Federal Contract Tower,0,6,3,2,11,0,1,1,0,2,0,7,4,2,13,0,2,2,15
02/14/2019,HVN,CT,ANE,EN,Federal Contract Tower,0,15,14,0,29,0,2,11,2,15,0,17,25,2,44,30,0,30,74
02/15/2019,HVN,CT,ANE,EN,Federal Contract Tower,0,15,8,0,23,0,2,8,0,10,0,17,16,0,33,14,0,14,47
02/16/2019,HVN,CT,ANE,EN,Federal Contract Tower,0,11,12,0,23,0,0,33,0,33,0,11,45,0,56,18,0,18,74
02/17/2019,HVN,CT,ANE,EN,Federal Contract Tower,2,6,6,0,14,0,0,35,0,35,2,6,41,0,49,50,0,50,99
02/18/2019,HVN,CT,ANE,EN,Federal Contract Tower,0,9,7,0,16,0,0,2,0,2,0,9,9,0,18,6,0,6,24
02/19/2019,HVN,CT,ANE,EN,Federal Contract Tower,0,10,6,0,16,0,3,19,4,26,0,13,25,4,42,24,0,24,66
02/21/2019,HVN,CT,ANE,EN,Federal Contract Tower,0,15,3,0,18,0,0,15,0,15,0,15,18,0,33,8,0,8,41
02/22/2019,HVN,CT,ANE,EN,Federal Contract Tower,0,8,15,2,25,0,0,18,4,22,0,8,33,6,47,6,0,6,53
02/23/2019,HVN,CT,ANE,EN,Federal Contract Tower,4,5,4,0,13,0,0,38,0,38,4,5,42,0,51,60,0,60,111
02/24/2019,HVN,CT,ANE,EN,Federal Contract Tower,0,8,7,0,15,0,0,0,0,0,0,8,7,0,15,0,0,0,15
02/25/2019,HVN,CT,ANE,EN,Federal Contract Tower,0,5,6,0,11,0,0,2,0,2,0,5,8,0,13,0,0,0,13
02/26/2019,HVN,CT,ANE,EN,Federal Contract Tower,1,9,6,0,16,0,0,2,1,3,1,9,8,1,19,2,0,2,21
02/27/2019,HVN,CT,ANE,EN,Federal Contract Tower,1,11,13,0,25,0,3,7,0,10,1,14,20,0,35,20,0,20,55
02/28/2019,HVN,CT,ANE,EN,Federal Contract Tower,0,7,13,0,20,0,2,3,2,7,0,9,16,2,27,2,0,2,29
03/01/2019,HVN,CT,ANE,EN,Federal Contract Tower,0,12,12,0,24,0,1,9,0,10,0,13,21,0,34,16,0,16,50
03/02/2019,HVN,CT,ANE,EN,Federal Contract Tower,0,8,3,0,11,0,0,7,0,7,0,8,10,0,18,6,0,6,24
03/03/2019,HVN,CT,ANE,EN,Federal Contract Tower,0,11,4,0,15,0,0,25,0,25,0,11,29,0,40,32,0,32,72
03/04/2019,HVN,CT,ANE,EN,Federal Contract Tower,0,11,4,0,15,0,5,11,0,16,0,16,15,0,31,56,0,56,87
03/05/2019,HVN,CT,ANE,EN,Federal Contract Tower,0,8,13,0,21,0,1,29,0,30,0,9,42,0,51,20,0,20,71
03/06/2019,HVN,CT,ANE,EN,Federal Contract Tower,0,8,3,0,11,0,0,6,4,10,0,8,9,4,21,60,0,60,81
03/07/2019,HVN,CT,ANE,EN,Federal Contract Tower,0,15,12,2,29,0,4,9,4,17,0,19,21,6,46,18,2,20,66
03/08/2019,HVN,CT,ANE,EN,Federal Contract Tower,0,17,14,1,32,0,0,12,0,12,0,17,26,1,44,20,0,20,64
03/09/2019,HVN,CT,ANE,EN,Federal Contract Tower,0,12,5,0,17,0,0,26,0,26,0,12,31,0,43,44,8,52,95
03/10/2019,HVN,CT,ANE,EN,Federal Contract Tower,0,16,3,0,19,0,0,0,0,0,0,16,3,0,19,0,0,0,19
03/11/2019,HVN,CT,ANE,EN,Federal Contract Tower,0,6,4,0,10,0,0,8,0,8,0,6,12,0,18,14,0,14,32
03/12/2019,HVN,CT,ANE,EN,Federal Contract Tower,0,9,8,0,17,0,0,12,0,12,0,9,20,0,29,22,0,22,51
03/13/2019,HVN,CT,ANE,EN,Federal Contract Tower,0,14,8,0,22,0,0,20,0,20,0,14,28,0,42,50,2,52,94
03/14/2019,HVN,CT,ANE,EN,Federal Contract Tower,0,13,13,0,26,0,3,15,0,18,0,16,28,0,44,12,0,12,56
03/15/2019,HVN,CT,ANE,EN,Federal Contract Tower,0,12,7,0,19,0,5,1,0,6,0,17,8,0,25,8,0,8,33
03/16/2019,HVN,CT,ANE,EN,Federal Contract Tower,2,8,8,0,18,0,0,4,0,4,2,8,12,0,22,0,2,2,24
03/17/2019,HVN,CT,ANE,EN,Federal Contract Tower,0,14,19,0,33,0,3,23,1,27,0,17,42,1,60,40,0,40,100
03/18/2019,HVN,CT,ANE,EN,Federal Contract Tower,0,8,3,0,11,0,0,18,0,18,0,8,21,0,29,54,0,54,83
03/19/2019,HVN,CT,ANE,EN,Federal Contract Tower,0,10,12,4,26,0,2,19,0,21,0,12,31,4,47,80,0,80,127
03/20/2019,HVN,CT,ANE,EN,Federal Contract Tower,0,10,9,0,19,0,2,37,2,41,0,12,46,2,60,32,0,32,92
03/21/2019,HVN,CT,ANE,EN,Federal Contract Tower,0,10,4,2,16,0,0,2,0,2,0,10,6,2,18,2,0,2,20
03/22/2019,HVN,CT,ANE,EN,Federal Contract Tower,0,20,6,0,26,0,0,2,0,2,0,20,8,0,28,0,0,0,28
03/23/2019,HVN,CT,ANE,EN,Federal Contract Tower,2,11,5,0,18,0,0,1,0,1,2,11,6,0,19,0,0,0,19
03/24/2019,HVN,CT,ANE,EN,Federal Contract Tower,0,13,15,0,28,0,0,32,0,32,0,13,47,0,60,92,0,92,152
03/25/2019,HVN,CT,ANE,EN,Federal Contract Tower,2,7,6,0,15,0,0,18,0,18,2,7,24,0,33,66,0,66,99
03/26/2019,HVN,CT,ANE,EN,Federal Contract Tower,0,8,14,0,22,0,1,3,1,5,0,9,17,1,27,22,0,22,49
03/27/2019,HVN,CT,ANE,EN,Federal Contract Tower,2,10,24,2,38,0,0,28,4,32,2,10,52,6,70,34,8,42,112
03/28/2019,HVN,CT,ANE,EN,Federal Contract Tower,0,10,7,2,19,0,1,20,5,26,0,11,27,7,45,22,2,24,69
03/29/2019,HVN,CT,ANE,EN,Federal Contract Tower,0,10,16,0,26,0,0,16,0,16,0,10,32,0,42,32,4,36,78
03/30/2019,HVN,CT,ANE,EN,Federal Contract Tower,0,14,12,0,26,0,0,40,0,40,0,14,52,0,66,60,0,60,126
03/31/2019,HVN,CT,ANE,EN,Federal Contract Tower,0,15,7,0,22,0,2,4,0,6,0,17,11,0,28,8,0,8,36
04/01/2019,HVN,CT,ANE,EN,Federal Contract Tower,0,9,8,0,17,0,1,9,0,10,0,10,17,0,27,18,0,18,45
04/02/2019,HVN,CT,ANE,EN,Federal Contract Tower,0,15,10,0,25,0,0,19,0,19,0,15,29,0,44,36,0,36,80
04/03/2019,HVN,CT,ANE,EN,Federal Contract Tower,2,14,8,0,24,0,0,10,0,10,2,14,18,0,34,16,0,16,50
04/04/2019,HVN,CT,ANE,EN,Federal Contract Tower,0,15,15,1,31,0,4,14,0,18,0,19,29,1,49,12,2,14,63
04/05/2019,HVN,CT,ANE,EN,Federal Contract Tower,0,16,8,1,25,0,2,3,0,5,0,18,11,1,30,4,0,4,34
04/06/2019,HVN,CT,ANE,EN,Federal Contract Tower,2,14,17,0,33,0,0,24,0,24,2,14,41,0,57,36,0,36,93
04/07/2019,HVN,CT,ANE,EN,Federal Contract Tower,0,10,8,0,18,0,0,41,0,41,0,10,49,0,59,88,0,88,147
04/08/2019,HVN,CT,ANE,EN,Federal Contract Tower,0,13,7,0,20,0,0,0,0,0,0,13,7,0,20,0,0,0,20
04/09/2019,HVN,CT,ANE,EN,Federal Contract Tower,0,9,8,0,17,0,1,2,0,3,0,10,10,0,20,0,0,0,20
04/10/2019,HVN,CT,ANE,EN,Federal Contract Tower,0,13,12,1,26,0,7,18,0,25,0,20,30,1,51,58,8,66,117
04/11/2019,HVN,CT,ANE,EN,Federal Contract Tower,0,13,23,2,38,0,2,16,1,19,0,15,39,3,57,36,2,38,95
04/12/2019,HVN,CT,ANE,EN,Federal Contract Tower,2,16,15,0,33,0,2,3,0,5,2,18,18,0,38,0,0,0,38
04/13/2019,HVN,CT,ANE,EN,Federal Contract Tower,0,11,1,2,14,0,0,7,2,9,0,11,8,4,23,14,10,24,47
04/14/2019,HVN,CT,ANE,EN,Federal Contract Tower,0,7,5,4,16,0,0,4,0,4,0,7,9,4,20,6,2,8,28
04/15/2019,HVN,CT,ANE,EN,Federal Contract Tower,0,9,9,0,18,0,6,0,2,8,0,15,9,2,26,0,0,0,26
04/16/2019,HVN,CT,ANE,EN,Federal Contract Tower,0,18,9,1,28,0,7,14,3,24,0,25,23,4,52,22,14,36,88
04/17/2019,HVN,CT,ANE,EN,Federal Contract Tower,0,13,18,0,31,0,0,58,2,60,0,13,76,2,91,60,4,64,155
04/18/2019,HVN,CT,ANE,EN,Federal Contract Tower,0,22,13,0,35,0,5,11,2,18,0,27,24,2,53,8,0,8,61
04/19/2019,HVN,CT,ANE,EN,Federal Contract Tower,0,10,11,0,21,0,2,6,0,8,0,12,17,0,29,32,0,32,61
04/20/2019,HVN,CT,ANE,EN,Federal Contract Tower,2,23,3,0,28,0,0,0,0,0,2,23,3,0,28,0,0,0,28
04/21/2019,HVN,CT,ANE,EN,Federal Contract Tower,0,13,16,0,29,0,4,4,0,8,0,17,20,0,37,14,0,14,51
04/22/2019,HVN,CT,ANE,EN,Federal Contract Tower,0,11,6,0,17,0,0,5,0,5,0,11,11,0,22,20,0,20,42
04/23/2019,HVN,CT,ANE,EN,Federal Contract Tower,1,11,12,1,25,0,2,30,0,32,1,13,42,1,57,60,2,62,119
04/24/2019,HVN,CT,ANE,EN,Federal Contract Tower,1,15,3,1,20,0,2,20,1,23,1,17,23,2,43,40,10,50,93
04/25/2019,HVN,CT,ANE,EN,Federal Contract Tower,0,10,12,0,22,0,6,36,0,42,0,16,48,0,64,108,14,122,186
04/26/2019,HVN,CT,ANE,EN,Federal Contract Tower,0,12,5,0,17,0,0,0,0,0,0,12,5,0,17,0,0,0,17
04/27/2019,HVN,CT,ANE,EN,Federal Contract Tower,4,6,7,0,17,0,3,8,0,11,4,9,15,0,28,8,0,8,36
04/28/2019,HVN,CT,ANE,EN,Federal Contract Tower,0,16,8,0,24,0,0,18,0,18,0,16,26,0,42,32,0,32,74
04/29/2019,HVN,CT,ANE,EN,Federal Contract Tower,0,11,9,0,20,0,11,29,2,42,0,22,38,2,62,72,0,72,134
04/30/2019,HVN,CT,ANE,EN,Federal Contract Tower,0,13,6,0,19,0,1,4,0,5,0,14,10,0,24,26,0,26,50
05/01/2019,HVN,CT,ANE,EN,Federal Contract Tower,0,13,15,0,28,0,4,16,0,20,0,17,31,0,48,72,0,72,120
05/02/2019,HVN,CT,ANE,EN,Federal Contract Tower,0,10,16,0,26,0,3,5,0,8,0,13,21,0,34,26,0,26,60
05/03/2019,HVN,CT,ANE,EN,Federal Contract Tower,4,6,17,0,27,0,0,0,0,0,4,6,17,0,27,0,0,0,27
05/04/2019,HVN,CT,ANE,EN,Federal Contract Tower,8,6,10,0,24,0,0,2,0,2,8,6,12,0,26,0,0,0,26
05/05/2019,HVN,CT,ANE,EN,Federal Contract Tower,5,2,5,0,12,0,0,0,0,0,5,2,5,0,12,0,0,0,12
05/06/2019,HVN,CT,ANE,EN,Federal Contract Tower,3,6,10,0,19,0,4,34,2,40,3,10,44,2,59,42,0,42,101
05/07/2019,HVN,CT,ANE,EN,Federal Contract Tower,5,9,21,0,35,0,2,44,2,48,5,11,65,2,83,108,4,112,195
05/08/2019,HVN,CT,ANE,EN,Federal Contract Tower,4,8,15,0,27,0,1,41,0,42,4,9,56,0,69,120,0,120,189
05/09/2019,HVN,CT,ANE,EN,Federal Contract Tower,5,6,11,0,22,0,10,8,2,20,5,16,19,2,42,24,0,24,66
05/10/2019,HVN,CT,ANE,EN,Federal Contract Tower,5,6,14,0,25,0,4,2,0,6,5,10,16,0,31,0,0,0,31
05/11/2019,HVN,CT,ANE,EN,Federal Contract Tower,7,4,17,0,28,0,0,32,4,36,7,4,49,4,64,38,0,38,102
05/12/2019,HVN,CT,ANE,EN,Federal Contract Tower,6,6,3,0,15,0,0,0,0,0,6,6,3,0,15,0,0,0,15
05/13/2019,HVN,CT,ANE,EN,Federal Contract Tower,5,4,6,0,15,0,0,0,0,0,5,4,6,0,15,0,0,0,15
05/14/2019,HVN,CT,ANE,EN,Federal Contract Tower,5,2,16,1,24,0,2,1,3,6,5,4,17,4,30,0,0,0,30
05/15/2019,HVN,CT,ANE,EN,Federal Contract Tower,6,10,14,0,30,0,15,35,2,52,6,25,49,2,82,16,6,22,104
05/16/2019,HVN,CT,ANE,EN,Federal Contract Tower,6,5,11,4,26,0,4,27,0,31,6,9,38,4,57,68,0,68,125
05/17/2019,HVN,CT,ANE,EN,Federal Contract Tower,5,6,12,0,23,0,5,12,0,17,5,11,24,0,40,24,0,24,64
05/18/2019,HVN,CT,ANE,EN,Federal Contract Tower,7,7,16,0,30,0,2,58,0,60,7,9,74,0,90,54,0,54,144
05/19/2019,HVN,CT,ANE,EN,Federal Contract Tower,5,20,14,0,39,0,1,27,0,28,5,21,41,0,67,38,0,38,105
05/20/2019,HVN,CT,ANE,EN,Federal Contract Tower,2,23,16,0,41,0,2,6,0,8,2,25,22,0,49,62,0,62,111
05/21/2019,HVN,CT,ANE,EN,Federal Contract Tower,5,10,10,0,25,0,3,16,0,19,5,13,26,0,44,32,0,32,76
05/22/2019,HVN,CT,ANE,EN,Federal Contract Tower,6,8,8,0,22,0,12,37,0,49,6,20,45,0,71,66,0,66,137
05/23/2019,HVN,CT,ANE,EN,Federal Contract Tower,5,9,8,0,22,0,18,4,0,22,5,27,12,0,44,4,0,4,48
05/24/2019,HVN,CT,ANE,EN,Federal Contract Tower,5,6,5,0,16,0,16,23,0,39,5,22,28,0,55,2,0,2,57
05/25/2019,HVN,CT,ANE,EN,Federal Contract Tower,6,3,9,0,18,0,4,44,0,48,6,7,53,0,66,92,0,92,158
05/26/2019,HVN,CT,ANE,EN,Federal Contract Tower,0,14,13,0,27,0,1,34,0,35,0,15,47,0,62,48,0,48,110
05/27/2019,HVN,CT,ANE,EN,Federal Contract Tower,3,5,9,0,17,0,20,40,0,60,3,25,49,0,77,24,0,24,101
05/28/2019,HVN,CT,ANE,EN,Federal Contract Tower,5,3,16,0,24,0,7,11,0,18,5,10,27,0,42,6,12,18,60
05/29/2019,HVN,CT,ANE,EN,Federal Contract Tower,5,4,16,0,25,0,2,7,0,9,5,6,23,0,34,0,0,0,34
05/30/2019,HVN,CT,ANE,EN,Federal Contract Tower,5,17,19,0,41,0,4,0,0,4,5,21,19,0,45,6,0,6,51
05/31/2019,HVN,CT,ANE,EN,Federal Contract Tower,4,7,13,0,24,0,16,37,0,53,4,23,50,0,77,64,0,64,141
06/01/2019,HVN,CT,ANE,EN,Federal Contract Tower,7,1,9,2,19,0,7,42,0,49,7,8,51,2,68,58,2,60,128
06/02/2019,HVN,CT,ANE,EN,Federal Contract Tower,4,8,8,0,20,0,14,15,0,29,4,22,23,0,49,32,0,32,81
06/03/2019,HVN,CT,ANE,EN,Federal Contract Tower,6,3,8,0,17,0,13,21,1,35,6,16,29,1,52,56,0,56,108
06/04/2019,HVN,CT,ANE,EN,Federal Contract Tower,5,7,12,0,24,0,8,29,2,39,5,15,41,2,63,18,0,18,81
06/05/2019,HVN,CT,ANE,EN,Federal Contract Tower,6,4,12,0,22,0,4,20,0,24,6,8,32,0,46,2,0,2,48
06/06/2019,HVN,CT,ANE,EN,Federal Contract Tower,7,5,13,0,25,0,17,18,0,35,7,22,31,0,60,28,2,30,90
06/07/2019,HVN,CT,ANE,EN,Federal Contract Tower,4,3,15,0,22,0,16,28,0,44,4,19,43,0,66,98,14,112,178
06/08/2019,HVN,CT,ANE,EN,Federal Contract Tower,6,4,4,0,14,0,4,45,5,54,6,8,49,5,68,82,4,86,154
06/09/2019,HVN,CT,ANE,EN,Federal Contract Tower,4,5,11,0,20,0,14,48,0,62,4,19,59,0,82,44,0,44,126
06/10/2019,HVN,CT,ANE,EN,Federal Contract Tower,3,9,19,0,31,0,1,5,0,6,3,10,24,0,37,4,0,4,41
06/11/2019,HVN,CT,ANE,EN,Federal Contract Tower,4,3,10,0,17,0,2,8,0,10,4,5,18,0,27,10,0,10,37
06/12/2019,HVN,CT,ANE,EN,Federal Contract Tower,5,6,16,0,27,0,5,27,2,34,5,11,43,2,61,66,0,66,127
06/13/2019,HVN,CT,ANE,EN,Federal Contract Tower,5,4,11,0,20,0,1,0,0,1,5,5,11,0,21,0,0,0,21
06/14/2019,HVN,CT,ANE,EN,Federal Contract Tower,4,18,22,0,44,0,16,8,0,24,4,34,30,0,68,2,0,2,70
06/15/2019,HVN,CT,ANE,EN,Federal Contract Tower,7,8,11,0,26,0,4,38,0,42,7,12,49,0,68,96,0,96,164
06/16/2019,HVN,CT,ANE,EN,Federal Contract Tower,3,14,17,1,35,0,6,6,0,12,3,20,23,1,47,34,0,34,81
06/17/2019,HVN,CT,ANE,EN,Federal Contract Tower,4,12,10,0,26,0,11,30,0,41,4,23,40,0,67,52,0,52,119
06/18/2019,HVN,CT,ANE,EN,Federal Contract Tower,3,11,10,0,24,0,0,0,0,0,3,11,10,0,24,0,0,0,24
06/19/2019,HVN,CT,ANE,EN,Federal Contract Tower,3,7,16,0,26,0,0,0,0,0,3,7,16,0,26,0,0,0,26
06/20/2019,HVN,CT,ANE,EN,Federal Contract Tower,5,6,11,0,22,0,0,0,0,0,5,6,11,0,22,0,0,0,22
06/21/2019,HVN,CT,ANE,EN,Federal Contract Tower,4,13,13,0,30,0,15,14,0,29,4,28,27,0,59,44,2,46,105
06/22/2019,HVN,CT,ANE,EN,Federal Contract Tower,6,3,4,0,13,0,7,32,0,39,6,10,36,0,52,70,0,70,122
06/23/2019,HVN,CT,ANE,EN,Federal Contract Tower,2,9,14,0,25,0,22,50,0,72,2,31,64,0,97,86,0,86,183
06/24/2019,HVN,CT,ANE,EN,Federal Contract Tower,3,13,16,1,33,0,18,44,0,62,3,31,60,1,95,34,0,34,129
06/25/2019,HVN,CT,ANE,EN,Federal Contract Tower,2,11,2,4,19,0,0,0,0,0,2,11,2,4,19,0,0,0,19
06/26/2019,HVN,CT,ANE,EN,Federal Contract Tower,3,8,10,2,23,0,4,41,0,45,3,12,51,2,68,38,2,40,108
06/27/2019,HVN,CT,ANE,EN,Federal Contract Tower,5,10,10,0,25,0,18,35,0,53,5,28,45,0,78,90,0,90,168
06/28/2019,HVN,CT,ANE,EN,Federal Contract Tower,3,7,13,0,23,0,27,38,0,65,3,34,51,0,88,30,0,30,118
06/29/2019,HVN,CT,ANE,EN,Federal Contract Tower,4,5,7,0,16,0,6,16,0,22,4,11,23,0,38,10,0,10,48
06/30/2019,HVN,CT,ANE,EN,Federal Contract Tower,5,6,9,0,20,0,10,23,0,33,5,16,32,0,53,28,0,28,81
07/01/2019,HVN,CT,ANE,EN,Federal Contract Tower,0,4,5,0,9,0,8,40,1,49,0,12,45,1,58,84,0,84,142
07/02/2019,HVN,CT,ANE,EN,Federal Contract Tower,2,1,3,0,6,0,8,29,0,37,2,9,32,0,43,56,0,56,99
07/03/2019,HVN,CT,ANE,EN,Federal Contract Tower,2,15,13,0,30,0,23,43,2,68,2,38,56,2,98,76,10,86,184
07/04/2019,HVN,CT,ANE,EN,Federal Contract Tower,1,1,4,0,6,0,2,30,0,32,1,3,34,0,38,34,0,34,72
07/05/2019,HVN,CT,ANE,EN,Federal Contract Tower,3,7,8,0,18,0,16,21,0,37,3,23,29,0,55,8,2,10,65
07/06/2019,HVN,CT,ANE,EN,Federal Contract Tower,6,10,8,0,24,0,2,8,0,10,6,12,16,0,34,40,0,40,74
07/07/2019,HVN,CT,ANE,EN,Federal Contract Tower,4,6,7,0,17,0,20,30,2,52,4,26,37,2,69,16,0,16,85
07/08/2019,HVN,CT,ANE,EN,Federal Contract Tower,4,7,2,0,13,0,25,20,0,45,4,32,22,0,58,14,0,14,72
07/09/2019,HVN,CT,ANE,EN,Federal Contract Tower,4,9,0,2,15,0,6,39,0,45,4,15,39,2,60,68,0,68,128
07/10/2019,HVN,CT,ANE,EN,Federal Contract Tower,4,10,12,0,26,0,2,38,0,40,4,12,50,0,66,16,0,16,82
07/11/2019,HVN,CT,ANE,EN,Federal Contract Tower,2,9,16,0,27,0,13,28,3,44,2,22,44,3,71,36,0,36,107
07/12/2019,HVN,CT,ANE,EN,Federal Contract Tower,4,6,18,0,28,0,17,32,0,49,4,23,50,0,77,12,0,12,89
07/13/2019,HVN,CT,ANE,EN,Federal Contract Tower,6,16,7,0,29,0,5,33,0,38,6,21,40,0,67,78,0,78,145
07/14/2019,HVN,CT,ANE,EN,Federal Contract Tower,4,9,8,0,21,0,16,36,0,52,4,25,44,0,73,70,0,70,143
07/15/2019,HVN,CT,ANE,EN,Federal Contract Tower,5,2,10,0,17,0,13,34,5,52,5,15,44,5,69,44,0,44,113
07/16/2019,HVN,CT,ANE,EN,Federal Contract Tower,4,7,8,0,19,0,8,26,2,36,4,15,34,2,55,52,0,52,107
07/17/2019,HVN,CT,ANE,EN,Federal Contract Tower,4,4,9,0,17,0,9,24,0,33,4,13,33,0,50,38,0,38,88
07/18/2019,HVN,CT,ANE,EN,Federal Contract Tower,4,24,14,0,42,0,6,0,0,6,4,30,14,0,48,0,0,0,48
07/19/2019,HVN,CT,ANE,EN,Federal Contract Tower,4,18,26,0,48,0,18,41,0,59,4,36,67,0,107,28,0,28,135
07/20/2019,HVN,CT,ANE,EN,Federal Contract Tower,5,6,7,0,18,0,9,53,0,62,5,15,60,0,80,74,0,74,154
07/21/2019,HVN,CT,ANE,EN,Federal Contract Tower,4,7,9,0,20,0,17,30,2,49,4,24,39,2,69,34,0,34,103
07/22/2019,HVN,CT,ANE,EN,Federal Contract Tower,3,4,9,0,16,0,18,25,0,43,3,22,34,0,59,28,0,28,87
07/23/2019,HVN,CT,ANE,EN,Federal Contract Tower,3,10,15,2,30,0,6,7,0,13,3,16,22,2,43,4,0,4,47
07/24/2019,HVN,CT,ANE,EN,Federal Contract Tower,4,6,9,0,19,0,6,24,0,30,4,12,33,0,49,28,0,28,77
07/25/2019,HVN,CT,ANE,EN,Federal Contract Tower,3,6,15,0,24,0,15,44,0,59,3,21,59,0,83,10,0,10,93
07/26/2019,HVN,CT,ANE,EN,Federal Contract Tower,4,10,16,1,31,0,28,43,0,71,4,38,59,1,102,58,0,58,160
07/27/2019,HVN,CT,ANE,EN,Federal Contract Tower,6,10,10,0,26,0,26,62,2,90,6,36,72,2,116,58,0,58,174
07/28/2019,HVN,CT,ANE,EN,Federal Contract Tower,5,6,5,0,16,0,0,0,0,0,5,6,5,0,16,44,0,44,60
07/29/2019,HVN,CT,ANE,EN,Federal Contract Tower,4,12,5,0,21,0,20,20,0,40,4,32,25,0,61,18,0,18,79
07/30/2019,HVN,CT,ANE,EN,Federal Contract Tower,4,11,10,0,25,0,6,22,0,28,4,17,32,0,53,34,0,34,87
07/31/2019,HVN,CT,ANE,EN,Federal Contract Tower,2,4,9,0,15,0,6,17,2,25,2,10,26,2,40,76,0,76,116
08/01/2019,HVN,CT,ANE,EN,Federal Contract Tower,4,16,9,0,29,0,23,33,0,56,4,39,42,0,85,34,0,34,119
08/02/2019,HVN,CT,ANE,EN,Federal Contract Tower,5,10,12,0,27,0,17,45,0,62,5,27,57,0,89,28,0,28,117
08/03/2019,HVN,CT,ANE,EN,Federal Contract Tower,7,9,12,0,28,0,2,24,0,26,7,11,36,0,54,6,8,14,68
08/04/2019,HVN,CT,ANE,EN,Federal Contract Tower,6,13,12,0,31,0,20,55,2,77,6,33,67,2,108,82,0,82,190
08/05/2019,HVN,CT,ANE,EN,Federal Contract Tower,6,1,6,0,13,0,18,47,2,67,6,19,53,2,80,38,0,38,118
08/06/2019,HVN,CT,ANE,EN,Federal Contract Tower,5,13,14,0,32,0,4,7,0,11,5,17,21,0,43,60,0,60,103
08/07/2019,HVN,CT,ANE,EN,Federal Contract Tower,3,1,9,0,13,0,10,9,0,19,3,11,18,0,32,22,0,22,54
08/08/2019,HVN,CT,ANE,EN,Federal Contract Tower,4,9,4,0,17,0,26,15,5,46,4,35,19,5,63,16,2,18,81
08/09/2019,HVN,CT,ANE,EN,Federal Contract Tower,5,6,1,0,12,0,14,17,0,31,5,20,18,0,43,6,0,6,49
08/10/2019,HVN,CT,ANE,EN,Federal Contract Tower,7,4,4,0,15,0,5,35,0,40,7,9,39,0,55,56,0,56,111
08/11/2019,HVN,CT,ANE,EN,Federal Contract Tower,5,4,2,0,11,0,23,37,1,61,5,27,39,1,72,50,0,50,122
08/12/2019,HVN,CT,ANE,EN,Federal Contract Tower,4,7,6,0,17,0,25,37,2,64,4,32,43,2,81,18,0,18,99
08/13/2019,HVN,CT,ANE,EN,Federal Contract Tower,4,10,13,0,27,0,8,2,0,10,4,18,15,0,37,0,0,0,37
08/14/2019,HVN,CT,ANE,EN,Federal Contract Tower,5,6,31,4,46,0,12,4,0,16,5,18,35,4,62,32,0,32,94
08/15/2019,HVN,CT,ANE,EN,Federal Contract Tower,5,7,10,0,22,0,18,20,2,40,5,25,30,2,62,30,0,30,92
08/16/2019,HVN,CT,ANE,EN,Federal Contract Tower,5,11,10,0,26,0,20,20,0,40,5,31,30,0,66,46,0,46,112
08/17/2019,HVN,CT,ANE,EN,Federal Contract Tower,9,14,18,0,41,0,1,4,0,5,9,15,22,0,46,2,0,2,48
08/18/2019,HVN,CT,ANE,EN,Federal Contract Tower,5,14,9,0,28,0,16,20,0,36,5,30,29,0,64,10,0,10,74
08/19/2019,HVN,CT,ANE,EN,Federal Contract Tower,5,3,11,0,19,0,25,14,0,39,5,28,25,0,58,14,0,14,72
08/20/2019,HVN,CT,ANE,EN,Federal Contract Tower,5,3,0,0,8,0,14,17,0,31,5,17,17,0,39,12,0,12,51
08/21/2019,HVN,CT,ANE,EN,Federal Contract Tower,7,9,13,0,29,0,8,5,0,13,7,17,18,0,42,0,0,0,42
08/22/2019,HVN,CT,ANE,EN,Federal Contract Tower,8,16,13,0,37,0,9,15,0,24,8,25,28,0,61,44,0,44,105
08/23/2019,HVN,CT,ANE,EN,Federal Contract Tower,5,9,9,0,23,0,17,24,0,41,5,26,33,0,64,24,0,24,88
08/24/2019,HVN,CT,ANE,EN,Federal Contract Tower,7,7,13,0,27,0,16,52,0,68,7,23,65,0,95,82,0,82,177
08/25/2019,HVN,CT,ANE,EN,Federal Contract Tower,6,11,14,0,31,0,20,33,0,53,6,31,47,0,84,38,0,38,122
08/26/2019,HVN,CT,ANE,EN,Federal Contract Tower,5,7,8,0,20,0,18,16,0,34,5,25,24,0,54,4,0,4,58
08/27/2019,HVN,CT,ANE,EN,Federal Contract Tower,6,4,13,0,23,0,16,37,0,53,6,20,50,0,76,40,0,40,116
08/28/2019,HVN,CT,ANE,EN,Federal Contract Tower,6,9,8,0,23,0,3,4,1,8,6,12,12,1,31,0,0,0,31
08/29/2019,HVN,CT,ANE,EN,Federal Contract Tower,6,10,11,0,27,0,17,40,0,57,6,27,51,0,84,66,0,66,150
08/30/2019,HVN,CT,ANE,EN,Federal Contract Tower,5,7,10,0,22,0,20,41,0,61,5,27,51,0,83,46,0,46,129
08/31/2019,HVN,CT,ANE,EN,Federal Contract Tower,7,2,8,0,17,0,9,23,0,32,7,11,31,0,49,50,0,50,99
09/01/2019,HVN,CT,ANE,EN,Federal Contract Tower,3,1,4,0,8,0,3,42,0,45,3,4,46,0,53,28,4,32,85
09/02/2019,HVN,CT,ANE,EN,Federal Contract Tower,3,9,9,0,21,0,25,13,0,38,3,34,22,0,59,0,0,0,59
09/03/2019,HVN,CT,ANE,EN,Federal Contract Tower,5,9,5,0,19,0,7,29,0,36,5,16,34,0,55,54,2,56,111
09/04/2019,HVN,CT,ANE,EN,Federal Contract Tower,5,12,31,0,48,0,4,9,0,13,5,16,40,0,61,6,0,6,67
09/05/2019,HVN,CT,ANE,EN,Federal Contract Tower,8,8,24,2,42,0,3,19,0,22,8,11,43,2,64,42,0,42,106
09/06/2019,HVN,CT,ANE,EN,Federal Contract Tower,5,5,12,4,26,0,5,9,0,14,5,10,21,4,40,0,0,0,40
09/07/2019,HVN,CT,ANE,EN,Federal Contract Tower,7,2,11,0,20,0,7,17,0,24,7,9,28,0,44,54,0,54,98
09/08/2019,HVN,CT,ANE,EN,Federal Contract Tower,5,10,7,0,22,0,9,43,0,52,5,19,50,0,74,58,0,58,132
09/09/2019,HVN,CT,ANE,EN,Federal Contract Tower,5,4,11,0,20,0,7,13,0,20,5,11,24,0,40,64,0,64,104
09/10/2019,HVN,CT,ANE,EN,Federal Contract Tower,5,0,11,0,16,0,3,13,0,16,5,3,24,0,32,10,0,10,42
09/11/2019,HVN,CT,ANE,EN,Federal Contract Tower,5,5,11,0,21,0,2,19,2,23,5,7,30,2,44,32,0,32,76
09/12/2019,HVN,CT,ANE,EN,Federal Contract Tower,5,9,9,0,23,0,1,1,0,2,5,10,10,0,25,4,0,4,29
09/13/2019,HVN,CT,ANE,EN,Federal Contract Tower,5,3,7,0,15,0,7,27,0,34,5,10,34,0,49,48,0,48,97
09/14/2019,HVN,CT,ANE,EN,Federal Contract Tower,7,6,11,0,24,0,3,29,0,32,7,9,40,0,56,80,0,80,136
09/15/2019,HVN,CT,ANE,EN,Federal Contract Tower,5,6,15,0,26,0,6,47,0,53,5,12,62,0,79,42,0,42,121
09/16/2019,HVN,CT,ANE,EN,Federal Contract Tower,5,11,10,2,28,0,12,15,0,27,5,23,25,2,55,36,12,48,103
09/17/2019,HVN,CT,ANE,EN,Federal Contract Tower,5,8,7,0,20,0,1,27,0,28,5,9,34,0,48,32,0,32,80
09/18/2019,HVN,CT,ANE,EN,Federal Contract Tower,5,5,12,0,22,0,0,21,0,21,5,5,33,0,43,18,0,18,61
09/19/2019,HVN,CT,ANE,EN,Federal Contract Tower,5,6,10,0,21,0,3,47,0,50,5,9,57,0,71,40,2,42,113
09/20/2019,HVN,CT,ANE,EN,Federal Contract Tower,5,4,21,0,30,0,14,30,0,44,5,18,51,0,74,14,0,14,88
09/21/2019,HVN,CT,ANE,EN,Federal Contract Tower,7,2,8,0,17,0,12,37,0,49,7,14,45,0,66,78,2,80,146
09/22/2019,HVN,CT,ANE,EN,Federal Contract Tower,5,5,12,0,22,0,14,42,0,56,5,19,54,0,78,112,0,112,190
09/23/2019,HVN,CT,ANE,EN,Federal Contract Tower,5,0,6,0,11,0,4,17,2,23,5,4,23,2,34,24,2,26,60
09/24/2019,HVN,CT,ANE,EN,Federal Contract Tower,5,4,12,0,21,0,2,26,0,28,5,6,38,0,49,82,0,82,131
09/25/2019,HVN,CT,ANE,EN,Federal Contract Tower,5,7,12,0,24,0,5,26,0,31,5,12,38,0,55,32,0,32,87
09/26/2019,HVN,CT,ANE,EN,Federal Contract Tower,5,8,8,0,21,0,9,13,2,24,5,17,21,2,45,14,0,14,59
09/27/2019,HVN,CT,ANE,EN,Federal Contract Tower,5,12,7,0,24,0,12,45,0,57,5,24,52,0,81,44,0,44,125
09/28/2019,HVN,CT,ANE,EN,Federal Contract Tower,6,3,5,0,14,0,2,30,0,32,6,5,35,0,46,54,0,54,100
09/29/2019,HVN,CT,ANE,EN,Federal Contract Tower,5,6,6,0,17,0,6,24,0,30,5,12,30,0,47,40,12,52,99
09/30/2019,HVN,CT,ANE,EN,Federal Contract Tower,5,9,15,0,29,0,6,31,0,37,5,15,46,0,66,74,0,74,140
10/01/2019,HVN,CT,ANE,EN,Federal Contract Tower,5,4,4,0,13,0,2,22,0,24,5,6,26,0,37,20,0,20,57
10/02/2019,HVN,CT,ANE,EN,Federal Contract Tower,5,7,10,0,22,0,4,12,0,16,5,11,22,0,38,10,0,10,48
10/03/2019,HVN,CT,ANE,EN,Federal Contract Tower,5,8,11,0,24,0,0,2,0,2,5,8,13,0,26,0,0,0,26
10/04/2019,HVN,CT,ANE,EN,Federal Contract Tower,5,13,7,0,25,0,18,14,0,32,5,31,21,0,57,30,0,30,87
10/05/2019,HVN,CT,ANE,EN,Federal Contract Tower,6,6,16,0,28,0,2,37,0,39,6,8,53,0,67,54,0,54,121
10/06/2019,HVN,CT,ANE,EN,Federal Contract Tower,5,16,15,0,36,0,6,24,0,30,5,22,39,0,66,64,2,66,132
10/07/2019,HVN,CT,ANE,EN,Federal Contract Tower,5,3,10,0,18,0,8,20,0,28,5,11,30,0,46,54,0,54,100
10/08/2019,HVN,CT,ANE,EN,Federal Contract Tower,5,4,15,0,24,0,4,24,0,28,5,8,39,0,52,32,0,32,84
10/09/2019,HVN,CT,ANE,EN,Federal Contract Tower,5,8,12,0,25,0,3,0,0,3,5,11,12,0,28,0,0,0,28
10/10/2019,HVN,CT,ANE,EN,Federal Contract Tower,5,9,17,0,31,0,0,2,0,2,5,9,19,0,33,0,0,0,33
10/11/2019,HVN,CT,ANE,EN,Federal Contract Tower,5,12,13,0,30,0,4,8,0,12,5,16,21,0,42,0,0,0,42
10/12/2019,HVN,CT,ANE,EN,Federal Contract Tower,7,7,1,0,15,0,5,12,0,17,7,12,13,0,32,48,0,48,80
10/13/2019,HVN,CT,ANE,EN,Federal Contract Tower,5,11,7,1,24,0,10,36,3,49,5,21,43,4,73,60,0,60,133
10/14/2019,HVN,CT,ANE,EN,Federal Contract Tower,5,9,7,0,21,0,11,29,0,40,5,20,36,0,61,50,0,50,111
10/15/2019,HVN,CT,ANE,EN,Federal Contract Tower,4,2,5,0,11,0,6,31,6,43,4,8,36,6,54,56,0,56,110
10/16/2019,HVN,CT,ANE,EN,Federal Contract Tower,5,6,21,0,32,0,1,12,0,13,5,7,33,0,45,74,0,74,119
10/17/2019,HVN,CT,ANE,EN,Federal Contract Tower,5,3,10,0,18,0,3,1,0,4,5,6,11,0,22,0,0,0,22
10/18/2019,HVN,CT,ANE,EN,Federal Contract Tower,5,6,12,0,23,0,2,14,0,16,5,8,26,0,39,24,0,24,63
10/19/2019,HVN,CT,ANE,EN,Federal Contract Tower,7,4,6,0,17,0,4,49,0,53,7,8,55,0,70,42,0,42,112
10/20/2019,HVN,CT,ANE,EN,Federal Contract Tower,6,8,3,0,17,0,5,32,0,37,6,13,35,0,54,58,0,58,112
10/21/2019,HVN,CT,ANE,EN,Federal Contract Tower,5,5,20,0,30,0,3,41,0,44,5,8,61,0,74,34,0,34,108
10/23/2019,HVN,CT,ANE,EN,Federal Contract Tower,6,12,5,0,23,0,3,24,0,27,6,15,29,0,50,134,0,134,184
10/24/2019,HVN,CT,ANE,EN,Federal Contract Tower,6,12,10,0,28,0,0,37,0,37,6,12,47,0,65,56,0,56,121
10/25/2019,HVN,CT,ANE,EN,Federal Contract Tower,5,12,9,0,26,0,3,31,0,34,5,15,40,0,60,22,0,22,82
10/26/2019,HVN,CT,ANE,EN,Federal Contract Tower,7,7,6,0,20,0,3,38,0,41,7,10,44,0,61,68,0,68,129
10/27/2019,HVN,CT,ANE,EN,Federal Contract Tower,6,4,6,0,16,0,0,0,0,0,6,4,6,0,16,0,0,0,16
10/28/2019,HVN,CT,ANE,EN,Federal Contract Tower,5,11,10,0,26,0,0,24,0,24,5,11,34,0,50,62,0,62,112
10/29/2019,HVN,CT,ANE,EN,Federal Contract Tower,5,10,6,0,21,0,0,0,0,0,5,10,6,0,21,0,0,0,21
10/30/2019,HVN,CT,ANE,EN,Federal Contract Tower,10,8,12,0,30,0,0,0,0,0,10,8,12,0,30,0,0,0,30
10/31/2019,HVN,CT,ANE,EN,Federal Contract Tower,4,5,5,0,14,0,0,0,0,0,4,5,5,0,14,0,0,0,14
11/01/2019,HVN,CT,ANE,EN,Federal Contract Tower,5,5,10,0,20,0,4,7,0,11,5,9,17,0,31,14,0,14,45
11/02/2019,HVN,CT,ANE,EN,Federal Contract Tower,7,3,7,0,17,0,4,28,2,34,7,7,35,2,51,46,0,46,97
11/03/2019,HVN,CT,ANE,EN,Federal Contract Tower,5,9,7,0,21,0,3,39,0,42,5,12,46,0,63,76,0,76,139
11/04/2019,HVN,CT,ANE,EN,Federal Contract Tower,5,4,16,0,25,0,3,38,0,41,5,7,54,0,66,22,0,22,88
11/05/2019,HVN,CT,ANE,EN,Federal Contract Tower,5,5,9,0,19,0,0,5,0,5,5,5,14,0,24,34,0,34,58
11/06/2019,HVN,CT,ANE,EN,Federal Contract Tower,5,9,9,0,23,0,4,23,0,27,5,13,32,0,50,16,0,16,66
11/07/2019,HVN,CT,ANE,EN,Federal Contract Tower,5,9,4,0,18,0,0,6,0,6,5,9,10,0,24,12,0,12,36
11/08/2019,HVN,CT,ANE,EN,Federal Contract Tower,5,1,8,0,14,0,2,5,0,7,5,3,13,0,21,0,0,0,21
11/09/2019,HVN,CT,ANE,EN,Federal Contract Tower,7,4,13,0,24,0,0,38,0,38,7,4,51,0,62,82,0,82,144
11/10/2019,HVN,CT,ANE,EN,Federal Contract Tower,5,2,6,0,13,0,0,14,2,16,5,2,20,2,29,48,0,48,77
11/11/2019,HVN,CT,ANE,EN,Federal Contract Tower,6,7,12,0,25,0,0,41,0,41,6,7,53,0,66,34,0,34,100
11/12/2019,HVN,CT,ANE,EN,Federal Contract Tower,5,2,8,0,15,0,0,1,0,1,5,2,9,0,16,0,0,0,16
11/13/2019,HVN,CT,ANE,EN,Federal Contract Tower,5,3,2,0,10,0,0,3,0,3,5,3,5,0,13,12,0,12,25
11/14/2019,HVN,CT,ANE,EN,Federal Contract Tower,5,6,13,0,24,0,0,12,0,12,5,6,25,0,36,14,0,14,50
11/15/2019,HVN,CT,ANE,EN,Federal Contract Tower,5,9,10,0,24,0,2,45,0,47,5,11,55,0,71,60,0,60,131
11/16/2019,HVN,CT,ANE,EN,Federal Contract Tower,8,17,7,0,32,0,8,23,2,33,8,25,30,2,65,36,0,36,101
11/17/2019,HVN,CT,ANE,EN,Federal Contract Tower,5,4,8,0,17,0,0,17,0,17,5,4,25,0,34,64,0,64,98
11/18/2019,HVN,CT,ANE,EN,Federal Contract Tower,5,6,11,0,22,0,4,0,0,4,5,10,11,0,26,6,0,6,32
11/19/2019,HVN,CT,ANE,EN,Federal Contract Tower,5,9,12,0,26,0,3,3,0,6,5,12,15,0,32,42,0,42,74
11/20/2019,HVN,CT,ANE,EN,Federal Contract Tower,5,9,18,0,32,0,2,8,0,10,5,11,26,0,42,10,0,10,52
11/21/2019,HVN,CT,ANE,EN,Federal Contract Tower,7,18,11,0,36,0,1,25,0,26,7,19,36,0,62,58,0,58,120
11/22/2019,HVN,CT,ANE,EN,Federal Contract Tower,7,4,16,0,27,0,0,15,0,15,7,4,31,0,42,14,0,14,56
11/23/2019,HVN,CT,ANE,EN,Federal Contract Tower,9,8,10,0,27,2,55,0,0,57,11,63,10,0,84,24,0,24,108
11/24/2019,HVN,CT,ANE,EN,Federal Contract Tower,5,7,12,0,24,0,0,0,0,0,5,7,12,0,24,0,0,0,24
11/25/2019,HVN,CT,ANE,EN,Federal Contract Tower,5,0,17,0,22,0,0,37,6,43,5,0,54,6,65,40,2,42,107
11/26/2019,HVN,CT,ANE,EN,Federal Contract Tower,7,3,14,0,24,0,3,40,0,43,7,6,54,0,67,48,0,48,115
11/27/2019,HVN,CT,ANE,EN,Federal Contract Tower,7,9,10,0,26,0,2,3,0,5,7,11,13,0,31,0,0,0,31
11/28/2019,HVN,CT,ANE,EN,Federal Contract Tower,3,3,3,0,9,0,3,4,0,7,3,6,7,0,16,0,0,0,16
11/29/2019,HVN,CT,ANE,EN,Federal Contract Tower,2,7,18,0,27,0,3,20,0,23,2,10,38,0,50,82,0,82,132
11/30/2019,HVN,CT,ANE,EN,Federal Contract Tower,9,8,1,0,18,0,4,45,0,49,9,12,46,0,67,70,0,70,137
12/01/2019,HVN,CT,ANE,EN,Federal Contract Tower,7,11,4,0,22,0,2,10,0,12,7,13,14,0,34,6,0,6,40
12/02/2019,HVN,CT,ANE,EN,Federal Contract Tower,7,5,11,0,23,0,0,0,0,0,7,5,11,0,23,0,0,0,23
12/03/2019,HVN,CT,ANE,EN,Federal Contract Tower,6,11,10,0,27,0,2,0,0,2,6,13,10,0,29,4,0,4,33
12/04/2019,HVN,CT,ANE,EN,Federal Contract Tower,5,10,2,0,17,0,2,11,0,13,5,12,13,0,30,64,0,64,94
12/05/2019,HVN,CT,ANE,EN,Federal Contract Tower,5,9,10,0,24,0,10,15,0,25,5,19,25,0,49,80,0,80,129
12/06/2019,HVN,CT,ANE,EN,Federal Contract Tower,5,1,0,0,6,0,0,9,0,9,5,1,9,0,15,32,0,32,47
12/07/2019,HVN,CT,ANE,EN,Federal Contract Tower,7,3,12,0,22,0,2,20,0,22,7,5,32,0,44,48,0,48,92
12/08/2019,HVN,CT,ANE,EN,Federal Contract Tower,5,2,10,0,17,0,1,25,0,26,5,3,35,0,43,58,0,58,101
12/09/2019,HVN,CT,ANE,EN,Federal Contract Tower,7,4,8,0,19,0,0,0,0,0,7,4,8,0,19,0,0,0,19
12/10/2019,HVN,CT,ANE,EN,Federal Contract Tower,6,4,10,0,20,0,0,0,0,0,6,4,10,0,20,0,0,0,20
12/11/2019,HVN,CT,ANE,EN,Federal Contract Tower,5,9,11,0,25,0,0,3,0,3,5,9,14,0,28,4,0,4,32
12/12/2019,HVN,CT,ANE,EN,Federal Contract Tower,5,8,8,0,21,0,8,26,0,34,5,16,34,0,55,82,0,82,137
12/13/2019,HVN,CT,ANE,EN,Federal Contract Tower,5,5,15,0,25,0,4,0,0,4,5,9,15,0,29,2,0,2,31
12/14/2019,HVN,CT,ANE,EN,Federal Contract Tower,9,0,7,0,16,0,0,0,0,0,9,0,7,0,16,0,0,0,16
12/15/2019,HVN,CT,ANE,EN,Federal Contract Tower,5,2,4,0,11,0,0,5,0,5,5,2,9,0,16,0,0,0,16
12/16/2019,HVN,CT,ANE,EN,Federal Contract Tower,5,4,0,0,9,0,2,35,0,37,5,6,35,0,46,46,12,58,104
12/17/2019,HVN,CT,ANE,EN,Federal Contract Tower,5,4,1,0,10,0,0,0,0,0,5,4,1,0,10,0,0,0,10
12/18/2019,HVN,CT,ANE,EN,Federal Contract Tower,3,4,8,0,15,0,2,13,4,19,3,6,21,4,34,14,0,14,48
12/19/2019,HVN,CT,ANE,EN,Federal Contract Tower,3,5,8,0,16,0,2,11,0,13,3,7,19,0,29,0,0,0,29
12/20/2019,HVN,CT,ANE,EN,Federal Contract Tower,4,5,7,0,16,0,0,22,7,29,4,5,29,7,45,28,0,28,73
12/21/2019,HVN,CT,ANE,EN,Federal Contract Tower,6,0,3,0,9,0,1,37,0,38,6,1,40,0,47,86,0,86,133
12/22/2019,HVN,CT,ANE,EN,Federal Contract Tower,3,5,6,0,14,0,0,34,0,34,3,5,40,0,48,92,0,92,140
12/23/2019,HVN,CT,ANE,EN,Federal Contract Tower,4,3,7,0,14,0,1,38,0,39,4,4,45,0,53,150,0,150,203
12/24/2019,HVN,CT,ANE,EN,Federal Contract Tower,3,3,6,0,12,0,0,12,0,12,3,3,18,0,24,56,0,56,80
12/25/2019,HVN,CT,ANE,EN,Federal Contract Tower,2,1,1,0,4,0,1,9,0,10,2,2,10,0,14,28,0,28,42
12/26/2019,HVN,CT,ANE,EN,Federal Contract Tower,4,0,11,0,15,0,2,3,0,5,4,2,14,0,20,42,0,42,62
12/27/2019,HVN,CT,ANE,EN,Federal Contract Tower,3,3,9,0,15,0,0,13,0,13,3,3,22,0,28,44,0,44,72
12/28/2019,HVN,CT,ANE,EN,Federal Contract Tower,5,5,4,0,14,0,0,36,0,36,5,5,40,0,50,48,0,48,98
12/29/2019,HVN,CT,ANE,EN,Federal Contract Tower,5,3,2,0,10,0,0,33,9,42,5,3,35,9,52,110,0,110,162
12/30/2019,HVN,CT,ANE,EN,Federal Contract Tower,4,4,2,0,10,0,0,0,0,0,4,4,2,0,10,0,0,0,10
12/31/2019,HVN,CT,ANE,EN,Federal Contract Tower,3,1,3,0,7,0,0,5,0,5,3,1,8,0,12,0,0,0,12
01/01/2020,HVN,CT,ANE,EN,Federal Contract Tower,2,2,3,0,7,0,0,6,0,6,2,2,9,0,13,20,0,20,33
01/02/2020,HVN,CT,ANE,EN,Federal Contract Tower,3,4,11,0,18,0,4,23,0,27,3,8,34,0,45,24,0,24,69
01/03/2020,HVN,CT,ANE,EN,Federal Contract Tower,3,1,2,0,6,0,0,1,0,1,3,1,3,0,7,0,0,0,7
01/04/2020,HVN,CT,ANE,EN,Federal Contract Tower,8,5,2,0,15,0,0,0,0,0,8,5,2,0,15,0,0,0,15
01/05/2020,HVN,CT,ANE,EN,Federal Contract Tower,3,4,8,0,15,0,0,4,2,6,3,4,12,2,21,66,0,66,87
01/06/2020,HVN,CT,ANE,EN,Federal Contract Tower,4,12,11,0,27,0,3,10,0,13,4,15,21,0,40,18,0,18,58
01/07/2020,HVN,CT,ANE,EN,Federal Contract Tower,1,3,4,0,8,0,3,36,2,41,1,6,40,2,49,90,6,96,145
01/08/2020,HVN,CT,ANE,EN,Federal Contract Tower,2,1,1,0,4,0,0,0,0,0,2,1,1,0,4,0,0,0,4
01/09/2020,HVN,CT,ANE,EN,Federal Contract Tower,4,11,15,0,30,0,2,16,2,20,4,13,31,2,50,6,0,6,56
01/10/2020,HVN,CT,ANE,EN,Federal Contract Tower,3,5,17,0,25,0,0,2,0,2,3,5,19,0,27,22,0,22,49
01/11/2020,HVN,CT,ANE,EN,Federal Contract Tower,3,2,10,2,17,0,0,17,0,17,3,2,27,2,34,60,2,62,96
01/12/2020,HVN,CT,ANE,EN,Federal Contract Tower,3,1,5,0,9,0,0,14,0,14,3,1,19,0,23,4,0,4,27
01/13/2020,HVN,CT,ANE,EN,Federal Contract Tower,4,7,10,0,21,0,2,2,0,4,4,9,12,0,25,20,0,20,45
01/14/2020,HVN,CT,ANE,EN,Federal Contract Tower,2,3,3,0,8,0,2,5,0,7,2,5,8,0,15,10,0,10,25
01/15/2020,HVN,CT,ANE,EN,Federal Contract Tower,1,4,20,0,25,0,2,34,0,36,1,6,54,0,61,64,0,64,125
01/16/2020,HVN,CT,ANE,EN,Federal Contract Tower,3,4,11,0,18,0,1,4,0,5,3,5,15,0,23,0,0,0,23
01/17/2020,HVN,CT,ANE,EN,Federal Contract Tower,3,5,7,2,17,0,2,11,0,13,3,7,18,2,30,6,0,6,36
01/18/2020,HVN,CT,ANE,EN,Federal Contract Tower,3,0,4,0,7,0,0,8,0,8,3,0,12,0,15,106,0,106,121
01/19/2020,HVN,CT,ANE,EN,Federal Contract Tower,3,4,3,0,10,0,0,9,0,9,3,4,12,0,19,32,0,32,51
01/20/2020,HVN,CT,ANE,EN,Federal Contract Tower,3,1,5,0,9,0,0,11,2,13,3,1,16,2,22,22,0,22,44
01/21/2020,HVN,CT,ANE,EN,Federal Contract Tower,1,2,10,0,13,0,0,17,0,17,1,2,27,0,30,16,2,18,48
01/22/2020,HVN,CT,ANE,EN,Federal Contract Tower,2,8,15,0,25,0,1,33,0,34,2,9,48,0,59,46,0,46,105
01/23/2020,HVN,CT,ANE,EN,Federal Contract Tower,4,0,7,0,11,0,1,27,2,30,4,1,34,2,41,16,0,16,57
01/24/2020,HVN,CT,ANE,EN,Federal Contract Tower,3,10,16,0,29,0,2,21,0,23,3,12,37,0,52,28,0,28,80
01/25/2020,HVN,CT,ANE,EN,Federal Contract Tower,3,0,0,0,3,0,0,0,0,0,3,0,0,0,3,0,0,0,3
01/26/2020,HVN,CT,ANE,EN,Federal Contract Tower,4,3,4,0,11,0,0,26,0,26,4,3,30,0,37,66,0,66,103
01/27/2020,HVN,CT,ANE,EN,Federal Contract Tower,3,1,4,0,8,0,1,5,4,10,3,2,9,4,18,6,0,6,24
01/28/2020,HVN,CT,ANE,EN,Federal Contract Tower,1,4,9,0,14,0,0,8,0,8,1,4,17,0,22,16,0,16,38
01/29/2020,HVN,CT,ANE,EN,Federal Contract Tower,1,12,6,0,19,0,0,21,0,21,1,12,27,0,40,30,0,30,70
01/30/2020,HVN,CT,ANE,EN,Federal Contract Tower,4,15,11,0,30,0,0,22,0,22,4,15,33,0,52,16,0,16,68
01/31/2020,HVN,CT,ANE,EN,Federal Contract Tower,3,4,17,0,24,0,0,19,0,19,3,4,36,0,43,22,0,22,65
02/01/2020,HVN,CT,ANE,EN,Federal Contract Tower,7,3,7,0,17,0,0,2,0,2,7,3,9,0,19,0,0,0,19
02/02/2020,HVN,CT,ANE,EN,Federal Contract Tower,4,4,14,0,22,0,0,23,0,23,4,4,37,0,45,80,0,80,125
02/03/2020,HVN,CT,ANE,EN,Federal Contract Tower,3,12,14,0,29,0,4,23,0,27,3,16,37,0,56,6,0,6,62
02/04/2020,HVN,CT,ANE,EN,Federal Contract Tower,1,8,13,2,24,0,1,11,0,12,1,9,24,2,36,48,0,48,84
02/05/2020,HVN,CT,ANE,EN,Federal Contract Tower,2,4,14,0,20,0,6,14,0,20,2,10,28,0,40,20,0,20,60
02/06/2020,HVN,CT,ANE,EN,Federal Contract Tower,3,7,4,0,14,0,0,0,0,0,3,7,4,0,14,0,0,0,14
02/07/2020,HVN,CT,ANE,EN,Federal Contract Tower,3,9,5,0,17,0,0,0,0,0,3,9,5,0,17,0,0,0,17
02/08/2020,HVN,CT,ANE,EN,Federal Contract Tower,3,4,1,0,8,0,3,21,0,24,3,7,22,0,32,104,0,104,136
02/09/2020,HVN,CT,ANE,EN,Federal Contract Tower,4,7,6,0,17,0,0,43,0,43,4,7,49,0,60,138,0,138,198
02/10/2020,HVN,CT,ANE,EN,Federal Contract Tower,3,10,6,0,19,0,0,2,0,2,3,10,8,0,21,10,0,10,31
02/11/2020,HVN,CT,ANE,EN,Federal Contract Tower,2,8,6,0,16,0,0,0,0,0,2,8,6,0,16,0,0,0,16
02/12/2020,HVN,CT,ANE,EN,Federal Contract Tower,3,13,13,0,29,0,5,24,0,29,3,18,37,0,58,56,0,56,114
02/13/2020,HVN,CT,ANE,EN,Federal Contract Tower,3,3,9,0,15,0,0,0,0,0,3,3,9,0,15,0,0,0,15
02/14/2020,HVN,CT,ANE,EN,Federal Contract Tower,3,9,15,0,27,0,1,25,0,26,3,10,40,0,53,68,0,68,121
02/15/2020,HVN,CT,ANE,EN,Federal Contract Tower,3,7,6,0,16,0,2,27,1,30,3,9,33,1,46,22,0,22,68
02/16/2020,HVN,CT,ANE,EN,Federal Contract Tower,4,1,3,0,8,0,3,37,4,44,4,4,40,4,52,192,0,192,244
02/17/2020,HVN,CT,ANE,EN,Federal Contract Tower,5,7,10,0,22,0,1,15,0,16,5,8,25,0,38,36,0,36,74
02/18/2020,HVN,CT,ANE,EN,Federal Contract Tower,3,6,6,0,15,0,0,0,0,0,3,6,6,0,15,0,0,0,15
02/19/2020,HVN,CT,ANE,EN,Federal Contract Tower,3,9,5,0,17,0,0,15,0,15,3,9,20,0,32,2,0,2,34
02/20/2020,HVN,CT,ANE,EN,Federal Contract Tower,3,8,13,0,24,0,3,16,0,19,3,11,29,0,43,16,0,16,59
02/21/2020,HVN,CT,ANE,EN,Federal Contract Tower,3,5,13,0,21,0,0,43,3,46,3,5,56,3,67,54,0,54,121
02/22/2020,HVN,CT,ANE,EN,Federal Contract Tower,7,4,5,0,16,0,3,32,0,35,7,7,37,0,51,82,0,82,133
02/23/2020,HVN,CT,ANE,EN,Federal Contract Tower,3,8,11,0,22,0,2,55,6,63,3,10,66,6,85,162,0,162,247
02/24/2020,HVN,CT,ANE,EN,Federal Contract Tower,0,4,3,4,11,0,0,26,0,26,0,4,29,4,37,20,0,20,57
02/25/2020,HVN,CT,ANE,EN,Federal Contract Tower,3,3,7,0,13,0,0,3,0,3,3,3,10,0,16,2,6,8,24
02/26/2020,HVN,CT,ANE,EN,Federal Contract Tower,3,13,13,2,31,0,0,0,0,0,3,13,13,2,31,0,2,2,33
02/27/2020,HVN,CT,ANE,EN,Federal Contract Tower,2,10,7,0,19,0,0,7,0,7,2,10,14,0,26,0,0,0,26
02/28/2020,HVN,CT,ANE,EN,Federal Contract Tower,5,8,5,0,18,0,0,0,0,0,5,8,5,0,18,0,0,0,18
02/29/2020,HVN,CT,ANE,EN,Federal Contract Tower,6,2,1,0,9,0,0,24,2,26,6,2,25,2,35,88,0,88,123
03/01/2020,HVN,CT,ANE,EN,Federal Contract Tower,3,7,2,0,12,0,0,22,0,22,3,7,24,0,34,112,0,112,146
03/02/2020,HVN,CT,ANE,EN,Federal Contract Tower,4,7,11,3,25,0,0,6,0,6,4,7,17,3,31,4,0,4,35
03/03/2020,HVN,CT,ANE,EN,Federal Contract Tower,4,9,13,0,26,0,0,1,0,1,4,9,14,0,27,2,0,2,29
03/04/2020,HVN,CT,ANE,EN,Federal Contract Tower,2,8,1,0,11,0,0,0,0,0,2,8,1,0,11,0,4,4,15
03/05/2020,HVN,CT,ANE,EN,Federal Contract Tower,3,3,14,2,22,0,0,35,2,37,3,3,49,4,59,38,0,38,97
03/06/2020,HVN,CT,ANE,EN,Federal Contract Tower,5,9,19,0,33,0,0,14,0,14,5,9,33,0,47,0,0,0,47
03/07/2020,HVN,CT,ANE,EN,Federal Contract Tower,6,3,4,0,13,0,0,22,0,22,6,3,26,0,35,62,0,62,97
03/08/2020,HVN,CT,ANE,EN,Federal Contract Tower,2,5,8,0,15,0,0,53,0,53,2,5,61,0,68,158,0,158,226
03/09/2020,HVN,CT,ANE,EN,Federal Contract Tower,4,1,2,0,7,0,2,22,0,24,4,3,24,0,31,42,0,42,73
03/10/2020,HVN,CT,ANE,EN,Federal Contract Tower,3,6,6,0,15,0,0,8,0,8,3,6,14,0,23,48,0,48,71
03/11/2020,HVN,CT,ANE,EN,Federal Contract Tower,3,1,18,0,22,0,1,27,0,28,3,2,45,0,50,32,0,32,82
03/12/2020,HVN,CT,ANE,EN,Federal Contract Tower,3,4,12,0,19,0,0,14,0,14,3,4,26,0,33,12,0,12,45
03/13/2020,HVN,CT,ANE,EN,Federal Contract Tower,5,4,2,0,11,0,2,3,0,5,5,6,5,0,16,2,0,2,18
03/14/2020,HVN,CT,ANE,EN,Federal Contract Tower,6,8,3,0,17,0,2,38,0,40,6,10,41,0,57,46,0,46,103
03/15/2020,HVN,CT,ANE,EN,Federal Contract Tower,3,6,13,0,22,0,2,41,0,43,3,8,54,0,65,96,0,96,161
03/16/2020,HVN,CT,ANE,EN,Federal Contract Tower,4,7,5,0,16,0,0,17,0,17,4,7,22,0,33,44,0,44,77
03/17/2020,HVN,CT,ANE,EN,Federal Contract Tower,5,12,6,0,23,0,0,4,0,4,5,12,10,0,27,0,0,0,27
03/18/2020,HVN,CT,ANE,EN,Federal Contract Tower,3,6,8,0,17,0,0,40,0,40,3,6,48,0,57,64,0,64,121
03/19/2020,HVN,CT,ANE,EN,Federal Contract Tower,3,4,4,0,11,0,0,0,0,0,3,4,4,0,11,0,0,0,11
03/20/2020,HVN,CT,ANE,EN,Federal Contract Tower,3,0,4,0,7,0,0,0,0,0,3,0,4,0,7,0,0,0,7
03/21/2020,HVN,CT,ANE,EN,Federal Contract Tower,6,4,3,0,13,0,0,40,0,40,6,4,43,0,53,78,0,78,131
03/22/2020,HVN,CT,ANE,EN,Federal Contract Tower,1,3,3,0,7,0,1,56,2,59,1,4,59,2,66,68,0,68,134
03/23/2020,HVN,CT,ANE,EN,Federal Contract Tower,2,0,0,0,2,0,0,0,0,0,2,0,0,0,2,0,0,0,2
03/24/2020,HVN,CT,ANE,EN,Federal Contract Tower,1,7,1,0,9,0,1,15,0,16,1,8,16,0,25,6,0,6,31
03/25/2020,HVN,CT,ANE,EN,Federal Contract Tower,1,3,2,0,6,0,0,0,0,0,1,3,2,0,6,0,0,0,6
03/26/2020,HVN,CT,ANE,EN,Federal Contract Tower,0,4,2,0,6,0,0,23,2,25,0,4,25,2,31,32,0,32,63
03/27/2020,HVN,CT,ANE,EN,Federal Contract Tower,3,0,3,0,6,0,0,17,0,17,3,0,20,0,23,18,0,18,41
03/28/2020,HVN,CT,ANE,EN,Federal Contract Tower,0,1,2,0,3,0,0,4,0,4,0,1,6,0,7,6,0,6,13
03/29/2020,HVN,CT,ANE,EN,Federal Contract Tower,2,0,2,0,4,0,0,0,0,0,2,0,2,0,4,0,0,0,4
03/30/2020,HVN,CT,ANE,EN,Federal Contract Tower,2,4,0,0,6,0,0,2,0,2,2,4,2,0,8,82,0,82,90
03/31/2020,HVN,CT,ANE,EN,Federal Contract Tower,4,3,0,0,7,0,0,2,0,2,4,3,2,0,9,0,0,0,9
04/01/2020,HVN,CT,ANE,EN,Federal Contract Tower,4,1,1,0,6,0,0,6,0,6,4,1,7,0,12,8,2,10,22
04/02/2020,HVN,CT,ANE,EN,Federal Contract Tower,2,1,0,0,3,0,0,1,0,1,2,1,1,0,4,0,0,0,4
04/03/2020,HVN,CT,ANE,EN,Federal Contract Tower,2,1,1,0,4,0,0,0,0,0,2,1,1,0,4,0,0,0,4
04/04/2020,HVN,CT,ANE,EN,Federal Contract Tower,1,3,0,0,4,0,2,1,0,3,1,5,1,0,7,4,0,4,11
04/05/2020,HVN,CT,ANE,EN,Federal Contract Tower,1,7,4,0,12,0,2,18,0,20,1,9,22,0,32,12,0,12,44
04/06/2020,HVN,CT,ANE,EN,Federal Contract Tower,1,1,0,0,2,0,0,15,0,15,1,1,15,0,17,34,0,34,51
04/07/2020,HVN,CT,ANE,EN,Federal Contract Tower,5,4,4,0,13,0,0,7,0,7,5,4,11,0,20,8,0,8,28
04/08/2020,HVN,CT,ANE,EN,Federal Contract Tower,4,3,2,2,11,0,0,1,0,1,4,3,3,2,12,0,0,0,12
04/09/2020,HVN,CT,ANE,EN,Federal Contract Tower,2,2,0,0,4,0,0,0,0,0,2,2,0,0,4,0,2,2,6
04/10/2020,HVN,CT,ANE,EN,Federal Contract Tower,2,0,0,0,2,0,0,0,0,0,2,0,0,0,2,0,0,0,2
04/11/2020,HVN,CT,ANE,EN,Federal Contract Tower,4,2,2,0,8,0,2,5,0,7,4,4,7,0,15,2,0,2,17
04/12/2020,HVN,CT,ANE,EN,Federal Contract Tower,1,1,2,0,4,0,0,13,0,13,1,1,15,0,17,28,0,28,45
04/13/2020,HVN,CT,ANE,EN,Federal Contract Tower,0,2,0,0,2,0,0,0,0,0,0,2,0,0,2,0,0,0,2
04/14/2020,HVN,CT,ANE,EN,Federal Contract Tower,2,4,0,0,6,0,4,12,0,16,2,8,12,0,22,32,0,32,54
04/15/2020,HVN,CT,ANE,EN,Federal Contract Tower,1,2,6,0,9,0,0,8,0,8,1,2,14,0,17,14,0,14,31
04/16/2020,HVN,CT,ANE,EN,Federal Contract Tower,3,1,7,0,11,0,0,6,0,6,3,1,13,0,17,0,0,0,17
04/17/2020,HVN,CT,ANE,EN,Federal Contract Tower,1,0,2,0,3,0,0,7,0,7,1,0,9,0,10,18,0,18,28
04/18/2020,HVN,CT,ANE,EN,Federal Contract Tower,4,0,1,0,5,0,0,2,0,2,4,0,3,0,7,6,0,6,13
04/19/2020,HVN,CT,ANE,EN,Federal Contract Tower,3,2,2,0,7,0,0,19,0,19,3,2,21,0,26,46,0,46,72
04/20/2020,HVN,CT,ANE,EN,Federal Contract Tower,1,6,2,0,9,0,0,10,0,10,1,6,12,0,19,36,0,36,55
04/21/2020,HVN,CT,ANE,EN,Federal Contract Tower,3,2,2,0,7,0,0,0,0,0,3,2,2,0,7,0,0,0,7
04/22/2020,HVN,CT,ANE,EN,Federal Contract Tower,1,4,6,0,11,0,0,5,0,5,1,4,11,0,16,2,0,2,18
04/23/2020,HVN,CT,ANE,EN,Federal Contract Tower,2,7,1,0,10,0,0,15,0,15,2,7,16,0,25,26,0,26,51
04/24/2020,HVN,CT,ANE,EN,Federal Contract Tower,2,0,4,0,6,0,0,0,0,0,2,0,4,0,6,0,0,0,6
04/25/2020,HVN,CT,ANE,EN,Federal Contract Tower,3,2,4,0,9,0,0,50,0,50,3,2,54,0,59,110,0,110,169
04/26/2020,HVN,CT,ANE,EN,Federal Contract Tower,1,0,3,0,4,0,0,2,0,2,1,0,5,0,6,0,0,0,6
04/27/2020,HVN,CT,ANE,EN,Federal Contract Tower,1,5,0,0,6,0,0,0,0,0,1,5,0,0,6,0,0,0,6
04/28/2020,HVN,CT,ANE,EN,Federal Contract Tower,1,0,8,0,9,0,0,27,0,27,1,0,35,0,36,58,0,58,94
04/29/2020,HVN,CT,ANE,EN,Federal Contract Tower,1,3,6,0,10,0,0,14,0,14,1,3,20,0,24,42,0,42,66
04/30/2020,HVN,CT,ANE,EN,Federal Contract Tower,3,6,4,0,13,0,0,0,0,0,3,6,4,0,13,0,0,0,13
05/01/2020,HVN,CT,ANE,EN,Federal Contract Tower,1,7,8,0,16,0,0,6,0,6,1,7,14,0,22,60,0,60,82
05/02/2020,HVN,CT,ANE,EN,Federal Contract Tower,3,0,1,0,4,0,0,14,4,18,3,0,15,4,22,32,0,32,54
05/03/2020,HVN,CT,ANE,EN,Federal Contract Tower,4,4,1,0,9,0,0,35,0,35,4,4,36,0,44,58,0,58,102
05/04/2020,HVN,CT,ANE,EN,Federal Contract Tower,2,9,3,0,14,0,0,0,0,0,2,9,3,0,14,2,0,2,16
05/05/2020,HVN,CT,ANE,EN,Federal Contract Tower,0,1,8,0,9,0,0,16,4,20,0,1,24,4,29,52,0,52,81
05/06/2020,HVN,CT,ANE,EN,Federal Contract Tower,0,6,1,0,7,0,0,2,2,4,0,6,3,2,11,20,0,20,31
05/07/2020,HVN,CT,ANE,EN,Federal Contract Tower,3,6,9,0,18,0,0,18,0,18,3,6,27,0,36,68,0,68,104
05/08/2020,HVN,CT,ANE,EN,Federal Contract Tower,3,2,8,0,13,0,0,13,0,13,3,2,21,0,26,30,0,30,56
05/09/2020,HVN,CT,ANE,EN,Federal Contract Tower,0,6,4,0,10,0,0,0,0,0,0,6,4,0,10,0,0,0,10
05/10/2020,HVN,CT,ANE,EN,Federal Contract Tower,3,3,0,0,6,0,0,10,0,10,3,3,10,0,16,74,0,74,90
05/11/2020,HVN,CT,ANE,EN,Federal Contract Tower,4,10,6,0,20,0,2,4,0,6,4,12,10,0,26,6,0,6,32
05/12/2020,HVN,CT,ANE,EN,Federal Contract Tower,0,5,0,0,5,0,0,24,0,24,0,5,24,0,29,22,0,22,51
05/13/2020,HVN,CT,ANE,EN,Federal Contract Tower,3,4,8,0,15,0,0,26,2,28,3,4,34,2,43,34,0,34,77
05/14/2020,HVN,CT,ANE,EN,Federal Contract Tower,3,5,8,0,16,0,2,23,0,25,3,7,31,0,41,36,0,36,77
05/15/2020,HVN,CT,ANE,EN,Federal Contract Tower,3,2,4,0,9,0,0,15,0,15,3,2,19,0,24,10,0,10,34
05/16/2020,HVN,CT,ANE,EN,Federal Contract Tower,0,4,10,0,14,0,0,38,0,38,0,4,48,0,52,52,0,52,104
05/17/2020,HVN,CT,ANE,EN,Federal Contract Tower,5,5,1,0,11,0,2,33,0,35,5,7,34,0,46,56,0,56,102
05/18/2020,HVN,CT,ANE,EN,Federal Contract Tower,3,6,1,0,10,0,1,15,0,16,3,7,16,0,26,6,0,6,32
05/19/2020,HVN,CT,ANE,EN,Federal Contract Tower,0,6,2,0,8,0,0,6,0,6,0,6,8,0,14,20,0,20,34
05/20/2020,HVN,CT,ANE,EN,Federal Contract Tower,3,5,7,0,15,0,0,21,0,21,3,5,28,0,36,2,0,2,38
05/21/2020,HVN,CT,ANE,EN,Federal Contract Tower,2,4,5,0,11,0,0,40,0,40,2,4,45,0,51,66,0,66,117
05/22/2020,HVN,CT,ANE,EN,Federal Contract Tower,3,3,10,0,16,0,0,24,0,24,3,3,34,0,40,18,0,18,58
05/23/2020,HVN,CT,ANE,EN,Federal Contract Tower,0,3,13,0,16,0,0,0,0,0,0,3,13,0,16,0,0,0,16
05/24/2020,HVN,CT,ANE,EN,Federal Contract Tower,3,3,4,0,10,0,0,24,0,24,3,3,28,0,34,12,0,12,46
05/25/2020,HVN,CT,ANE,EN,Federal Contract Tower,2,2,14,0,18,0,0,5,0,5,2,2,19,0,23,24,0,24,47
05/26/2020,HVN,CT,ANE,EN,Federal Contract Tower,0,8,5,4,17,0,0,19,0,19,0,8,24,4,36,34,0,34,70
05/27/2020,HVN,CT,ANE,EN,Federal Contract Tower,9,8,7,2,26,0,0,22,2,24,9,8,29,4,50,70,0,70,120
05/28/2020,HVN,CT,ANE,EN,Federal Contract Tower,3,4,11,0,18,0,0,3,2,5,3,4,14,2,23,0,0,0,23
05/29/2020,HVN,CT,ANE,EN,Federal Contract Tower,3,5,7,0,15,0,0,1,0,1,3,5,8,0,16,0,0,0,16
05/30/2020,HVN,CT,ANE,EN,Federal Contract Tower,0,3,6,0,9,0,0,28,0,28,0,3,34,0,37,102,0,102,139
05/31/2020,HVN,CT,ANE,EN,Federal Contract Tower,3,1,14,0,18,0,0,39,0,39,3,1,53,0,57,38,0,38,95
06/01/2020,HVN,CT,ANE,EN,Federal Contract Tower,3,4,4,0,11,0,0,29,0,29,3,4,33,0,40,52,0,52,92
06/02/2020,HVN,CT,ANE,EN,Federal Contract Tower,0,6,2,0,8,0,0,28,0,28,0,6,30,0,36,114,0,114,150
06/03/2020,HVN,CT,ANE,EN,Federal Contract Tower,3,2,3,0,8,0,0,10,0,10,3,2,13,0,18,6,0,6,24
06/04/2020,HVN,CT,ANE,EN,Federal Contract Tower,2,5,11,0,18,0,0,33,0,33,2,5,44,0,51,88,0,88,139
06/05/2020,HVN,CT,ANE,EN,Federal Contract Tower,3,15,10,1,29,0,1,8,0,9,3,16,18,1,38,62,0,62,100
06/06/2020,HVN,CT,ANE,EN,Federal Contract Tower,0,6,11,2,19,0,0,27,0,27,0,6,38,2,46,52,0,52,98
06/07/2020,HVN,CT,ANE,EN,Federal Contract Tower,3,3,1,0,7,0,0,27,2,29,3,3,28,2,36,24,0,24,60
06/08/2020,HVN,CT,ANE,EN,Federal Contract Tower,3,6,2,0,11,0,1,36,2,39,3,7,38,2,50,100,0,100,150
06/09/2020,HVN,CT,ANE,EN,Federal Contract Tower,0,4,1,0,5,0,0,43,0,43,0,4,44,0,48,112,0,112,160
06/10/2020,HVN,CT,ANE,EN,Federal Contract Tower,3,2,2,0,7,0,1,36,1,38,3,3,38,1,45,132,0,132,177
06/11/2020,HVN,CT,ANE,EN,Federal Contract Tower,6,6,7,0,19,0,0,3,0,3,6,6,10,0,22,0,0,0,22
06/12/2020,HVN,CT,ANE,EN,Federal Contract Tower,3,7,7,0,17,0,1,43,0,44,3,8,50,0,61,186,0,186,247
06/13/2020,HVN,CT,ANE,EN,Federal Contract Tower,0,10,7,0,17,0,1,48,0,49,0,11,55,0,66,102,0,102,168
06/14/2020,HVN,CT,ANE,EN,Federal Contract Tower,2,3,5,0,10,0,0,49,0,49,2,3,54,0,59,54,0,54,113
06/15/2020,HVN,CT,ANE,EN,Federal Contract Tower,3,4,11,0,18,0,0,38,0,38,3,4,49,0,56,108,8,116,172
06/16/2020,HVN,CT,ANE,EN,Federal Contract Tower,0,7,9,0,16,0,1,27,0,28,0,8,36,0,44,70,0,70,114
06/17/2020,HVN,CT,ANE,EN,Federal Contract Tower,3,5,9,0,17,0,0,23,0,23,3,5,32,0,40,92,0,92,132
06/18/2020,HVN,CT,ANE,EN,Federal Contract Tower,2,12,14,0,28,0,0,22,0,22,2,12,36,0,50,54,0,54,104
06/19/2020,HVN,CT,ANE,EN,Federal Contract Tower,3,5,13,0,21,0,1,30,0,31,3,6,43,0,52,58,0,58,110
06/20/2020,HVN,CT,ANE,EN,Federal Contract Tower,0,2,6,0,8,0,1,53,0,54,0,3,59,0,62,122,0,122,184
06/21/2020,HVN,CT,ANE,EN,Federal Contract Tower,3,4,3,0,10,0,0,25,0,25,3,4,28,0,35,22,0,22,57
06/22/2020,HVN,CT,ANE,EN,Federal Contract Tower,3,12,5,0,20,0,0,20,0,20,3,12,25,0,40,40,0,40,80
06/23/2020,HVN,CT,ANE,EN,Federal Contract Tower,0,12,13,0,25,0,4,25,2,31,0,16,38,2,56,82,4,86,142
06/24/2020,HVN,CT,ANE,EN,Federal Contract Tower,3,5,4,0,12,0,1,11,0,12,3,6,15,0,24,50,0,50,74
06/25/2020,HVN,CT,ANE,EN,Federal Contract Tower,1,14,7,0,22,0,4,33,0,37,1,18,40,0,59,46,4,50,109
06/26/2020,HVN,CT,ANE,EN,Federal Contract Tower,3,5,6,0,14,0,7,41,0,48,3,12,47,0,62,46,0,46,108
06/27/2020,HVN,CT,ANE,EN,Federal Contract Tower,0,0,5,0,5,0,1,16,0,17,0,1,21,0,22,62,0,62,84
06/28/2020,HVN,CT,ANE,EN,Federal Contract Tower,3,0,0,0,3,0,0,12,0,12,3,0,12,0,15,14,0,14,29
06/29/2020,HVN,CT,ANE,EN,Federal Contract Tower,2,5,9,0,16,0,2,23,0,25,2,7,32,0,41,64,0,64,105
06/30/2020,HVN,CT,ANE,EN,Federal Contract Tower,0,0,4,0,4,0,0,5,0,5,0,0,9,0,9,60,0,60,69
07/01/2020,HVN,CT,ANE,EN,Federal Contract Tower,3,1,5,0,9,0,3,18,0,21,3,4,23,0,30,90,0,90,120
07/02/2020,HVN,CT,ANE,EN,Federal Contract Tower,2,0,9,0,11,0,2,46,0,48,2,2,55,0,59,156,0,156,215
07/03/2020,HVN,CT,ANE,EN,Federal Contract Tower,3,4,4,0,11,0,1,27,2,30,3,5,31,2,41,96,0,96,137
07/04/2020,HVN,CT,ANE,EN,Federal Contract Tower,1,2,0,0,3,0,1,34,0,35,1,3,34,0,38,145,0,145,183
07/05/2020,HVN,CT,ANE,EN,Federal Contract Tower,3,5,4,0,12,0,10,36,0,46,3,15,40,0,58,32,0,32,90
07/06/2020,HVN,CT,ANE,EN,Federal Contract Tower,2,5,4,0,11,0,4,31,0,35,2,9,35,0,46,110,0,110,156
07/07/2020,HVN,CT,ANE,EN,Federal Contract Tower,4,4,19,0,27,0,0,6,0,6,4,4,25,0,33,42,0,42,75
07/08/2020,HVN,CT,ANE,EN,Federal Contract Tower,4,0,2,0,6,0,1,15,0,16,4,1,17,0,22,38,0,38,60
07/09/2020,HVN,CT,ANE,EN,Federal Contract Tower,4,5,5,1,15,0,3,38,0,41,4,8,43,1,56,46,0,46,102
07/10/2020,HVN,CT,ANE,EN,Federal Contract Tower,4,8,2,2,16,0,0,0,0,0,4,8,2,2,16,0,0,0,16
07/11/2020,HVN,CT,ANE,EN,Federal Contract Tower,4,4,15,5,28,0,1,3,2,6,4,5,18,7,34,6,2,8,42
07/12/2020,HVN,CT,ANE,EN,Federal Contract Tower,4,3,9,0,16,0,3,38,0,41,4,6,47,0,57,32,0,32,89
07/13/2020,HVN,CT,ANE,EN,Federal Contract Tower,4,5,4,0,13,0,3,30,0,33,4,8,34,0,46,52,0,52,98
07/14/2020,HVN,CT,ANE,EN,Federal Contract Tower,4,17,8,2,31,0,2,35,0,37,4,19,43,2,68,82,0,82,150
07/15/2020,HVN,CT,ANE,EN,Federal Contract Tower,4,5,8,2,19,0,3,33,0,36,4,8,41,2,55,22,0,22,77
07/16/2020,HVN,CT,ANE,EN,Federal Contract Tower,4,15,9,0,28,0,4,43,0,47,4,19,52,0,75,58,0,58,133
07/17/2020,HVN,CT,ANE,EN,Federal Contract Tower,4,1,16,0,21,0,5,9,0,14,4,6,25,0,35,40,0,40,75
07/18/2020,HVN,CT,ANE,EN,Federal Contract Tower,4,3,4,0,11,0,1,53,0,54,4,4,57,0,65,106,0,106,171
07/19/2020,HVN,CT,ANE,EN,Federal Contract Tower,4,7,3,0,14,0,2,35,0,37,4,9,38,0,51,32,0,32,83
07/20/2020,HVN,CT,ANE,EN,Federal Contract Tower,3,5,2,0,10,0,0,0,0,0,3,5,2,0,10,30,0,30,40
07/21/2020,HVN,CT,ANE,EN,Federal Contract Tower,4,7,4,0,15,0,0,39,0,39,4,7,43,0,54,52,0,52,106
07/22/2020,HVN,CT,ANE,EN,Federal Contract Tower,4,3,7,0,14,0,3,28,0,31,4,6,35,0,45,30,0,30,75
07/23/2020,HVN,CT,ANE,EN,Federal Contract Tower,4,3,7,0,14,0,4,24,0,28,4,7,31,0,42,60,0,60,102
07/24/2020,HVN,CT,ANE,EN,Federal Contract Tower,4,0,2,0,6,0,1,27,0,28,4,1,29,0,34,38,6,44,78
07/25/2020,HVN,CT,ANE,EN,Federal Contract Tower,1,1,5,0,7,0,3,49,0,52,1,4,54,0,59,60,0,60,119
07/26/2020,HVN,CT,ANE,EN,Federal Contract Tower,4,2,1,0,7,0,0,19,0,19,4,2,20,0,26,20,0,20,46
07/27/2020,HVN,CT,ANE,EN,Federal Contract Tower,2,4,3,0,9,0,3,22,1,26,2,7,25,1,35,54,0,54,89
07/28/2020,HVN,CT,ANE,EN,Federal Contract Tower,2,2,3,0,7,0,6,28,0,34,2,8,31,0,41,58,0,58,99
07/29/2020,HVN,CT,ANE,EN,Federal Contract Tower,2,6,5,0,13,0,8,40,1,49,2,14,45,1,62,88,4,92,154
07/30/2020,HVN,CT,ANE,EN,Federal Contract Tower,2,9,10,0,21,0,6,19,0,25,2,15,29,0,46,40,0,40,86
07/31/2020,HVN,CT,ANE,EN,Federal Contract Tower,2,1,4,0,7,0,0,32,0,32,2,1,36,0,39,80,0,80,119
08/01/2020,HVN,CT,ANE,EN,Federal Contract Tower,2,1,14,0,17,0,0,71,0,71,2,1,85,0,88,68,0,68,156
08/02/2020,HVN,CT,ANE,EN,Federal Contract Tower,2,6,7,0,15,0,2,26,0,28,2,8,33,0,43,20,0,20,63
08/03/2020,HVN,CT,ANE,EN,Federal Contract Tower,1,8,2,0,11,0,0,39,0,39,1,8,41,0,50,50,0,50,100
08/04/2020,HVN,CT,ANE,EN,Federal Contract Tower,2,5,2,0,9,0,0,2,0,2,2,5,4,0,11,2,0,2,13
08/05/2020,HVN,CT,ANE,EN,Federal Contract Tower,2,3,1,3,9,0,7,34,1,42,2,10,35,4,51,66,0,66,117
08/06/2020,HVN,CT,ANE,EN,Federal Contract Tower,3,3,2,0,8,0,0,44,2,46,3,3,46,2,54,66,8,74,128
08/07/2020,HVN,CT,ANE,EN,Federal Contract Tower,1,6,5,0,12,0,2,18,1,21,1,8,23,1,33,32,0,32,65
08/08/2020,HVN,CT,ANE,EN,Federal Contract Tower,2,2,14,0,18,0,4,22,0,26,2,6,36,0,44,34,0,34,78
08/09/2020,HVN,CT,ANE,EN,Federal Contract Tower,2,5,0,4,11,0,4,27,0,31,2,9,27,4,42,22,0,22,64
08/10/2020,HVN,CT,ANE,EN,Federal Contract Tower,2,1,2,0,5,0,0,33,0,33,2,1,35,0,38,64,0,64,102
08/11/2020,HVN,CT,ANE,EN,Federal Contract Tower,1,8,9,0,18,0,2,20,0,22,1,10,29,0,40,86,0,86,126
08/12/2020,HVN,CT,ANE,EN,Federal Contract Tower,2,4,9,0,15,0,5,20,0,25,2,9,29,0,40,30,0,30,70
08/13/2020,HVN,CT,ANE,EN,Federal Contract Tower,2,10,7,0,19,0,4,34,0,38,2,14,41,0,57,70,0,70,127
08/14/2020,HVN,CT,ANE,EN,Federal Contract Tower,2,7,12,0,21,0,1,42,0,43,2,8,54,0,64,46,0,46,110
08/15/2020,HVN,CT,ANE,EN,Federal Contract Tower,2,8,5,0,15,0,0,45,0,45,2,8,50,0,60,130,0,130,190
08/16/2020,HVN,CT,ANE,EN,Federal Contract Tower,2,3,13,0,18,0,1,9,0,10,2,4,22,0,28,42,0,42,70
08/17/2020,HVN,CT,ANE,EN,Federal Contract Tower,2,5,8,0,15,0,1,38,0,39,2,6,46,0,54,44,0,44,98
08/18/2020,HVN,CT,ANE,EN,Federal Contract Tower,2,10,4,0,16,0,3,28,0,31,2,13,32,0,47,114,0,114,161
08/19/2020,HVN,CT,ANE,EN,Federal Contract Tower,2,6,10,0,18,0,4,32,0,36,2,10,42,0,54,50,0,50,104
08/20/2020,HVN,CT,ANE,EN,Federal Contract Tower,2,5,5,0,12,0,3,42,0,45,2,8,47,0,57,120,0,120,177
08/21/2020,HVN,CT,ANE,EN,Federal Contract Tower,2,11,6,0,19,0,0,52,0,52,2,11,58,0,71,60,0,60,131
08/22/2020,HVN,CT,ANE,EN,Federal Contract Tower,2,0,1,0,3,0,1,41,0,42,2,1,42,0,45,84,0,84,129
08/23/2020,HVN,CT,ANE,EN,Federal Contract Tower,2,4,3,0,9,0,0,42,0,42,2,4,45,0,51,46,0,46,97
08/24/2020,HVN,CT,ANE,EN,Federal Contract Tower,2,5,6,0,13,0,1,13,0,14,2,6,19,0,27,14,0,14,41
08/25/2020,HVN,CT,ANE,EN,Federal Contract Tower,2,6,9,0,17,0,1,25,2,28,2,7,34,2,45,44,0,44,89
08/26/2020,HVN,CT,ANE,EN,Federal Contract Tower,2,3,14,2,21,0,1,53,0,54,2,4,67,2,75,118,0,118,193
08/27/2020,HVN,CT,ANE,EN,Federal Contract Tower,2,0,5,0,7,0,0,15,0,15,2,0,20,0,22,42,0,42,64
08/28/2020,HVN,CT,ANE,EN,Federal Contract Tower,2,8,5,0,15,0,2,45,0,47,2,10,50,0,62,48,0,48,110
08/29/2020,HVN,CT,ANE,EN,Federal Contract Tower,2,7,1,0,10,0,1,2,0,3,2,8,3,0,13,0,0,0,13
08/30/2020,HVN,CT,ANE,EN,Federal Contract Tower,2,4,5,0,11,0,3,32,0,35,2,7,37,0,46,40,0,40,86
08/31/2020,HVN,CT,ANE,EN,Federal Contract Tower,2,3,3,0,8,0,8,53,0,61,2,11,56,0,69,76,0,76,145
09/01/2020,HVN,CT,ANE,EN,Federal Contract Tower,2,4,6,0,12,0,0,32,0,32,2,4,38,0,44,78,0,78,122
09/02/2020,HVN,CT,ANE,EN,Federal Contract Tower,2,5,10,0,17,0,1,3,0,4,2,6,13,0,21,22,0,22,43
09/03/2020,HVN,CT,ANE,EN,Federal Contract Tower,2,3,7,0,12,0,6,35,6,47,2,9,42,6,59,38,6,44,103
09/04/2020,HVN,CT,ANE,EN,Federal Contract Tower,2,2,18,0,22,0,3,54,0,57,2,5,72,0,79,34,0,34,113
09/05/2020,HVN,CT,ANE,EN,Federal Contract Tower,2,3,1,0,6,0,0,71,0,71,2,3,72,0,77,102,0,102,179
09/06/2020,HVN,CT,ANE,EN,Federal Contract Tower,1,0,7,0,8,0,6,48,0,54,1,6,55,0,62,136,0,136,198
09/07/2020,HVN,CT,ANE,EN,Federal Contract Tower,2,0,6,0,8,0,6,44,0,50,2,6,50,0,58,104,0,104,162
09/08/2020,HVN,CT,ANE,EN,Federal Contract Tower,2,4,4,0,10,0,1,51,0,52,2,5,55,0,62,80,0,80,142
09/09/2020,HVN,CT,ANE,EN,Federal Contract Tower,2,7,8,0,17,0,1,38,0,39,2,8,46,0,56,88,0,88,144
09/10/2020,HVN,CT,ANE,EN,Federal Contract Tower,2,7,13,0,22,0,0,8,0,8,2,7,21,0,30,26,0,26,56
09/11/2020,HVN,CT,ANE,EN,Federal Contract Tower,2,4,13,0,19,0,0,32,0,32,2,4,45,0,51,48,0,48,99
09/12/2020,HVN,CT,ANE,EN,Federal Contract Tower,3,2,6,2,13,0,2,45,0,47,3,4,51,2,60,102,0,102,162
09/13/2020,HVN,CT,ANE,EN,Federal Contract Tower,2,7,6,0,15,0,4,20,0,24,2,11,26,0,39,46,6,52,91
09/14/2020,HVN,CT,ANE,EN,Federal Contract Tower,2,4,8,3,17,0,4,30,2,36,2,8,38,5,53,116,0,116,169
09/15/2020,HVN,CT,ANE,EN,Federal Contract Tower,2,13,10,0,25,0,2,43,0,45,2,15,53,0,70,60,0,60,130
09/16/2020,HVN,CT,ANE,EN,Federal Contract Tower,2,10,6,0,18,0,0,27,1,28,2,10,33,1,46,74,4,78,124
09/17/2020,HVN,CT,ANE,EN,Federal Contract Tower,2,11,11,2,26,0,0,42,0,42,2,11,53,2,68,62,0,62,130
09/18/2020,HVN,CT,ANE,EN,Federal Contract Tower,1,3,15,0,19,0,0,29,0,29,1,3,44,0,48,10,0,10,58
09/19/2020,HVN,CT,ANE,EN,Federal Contract Tower,2,3,8,2,15,0,0,40,0,40,2,3,48,2,55,62,0,62,117
09/20/2020,HVN,CT,ANE,EN,Federal Contract Tower,2,7,4,0,13,0,0,29,0,29,2,7,33,0,42,70,0,70,112
09/21/2020,HVN,CT,ANE,EN,Federal Contract Tower,2,5,10,0,17,0,1,30,0,31,2,6,40,0,48,74,0,74,122
09/22/2020,HVN,CT,ANE,EN,Federal Contract Tower,2,4,2,0,8,0,0,17,0,17,2,4,19,0,25,22,0,22,47
09/23/2020,HVN,CT,ANE,EN,Federal Contract Tower,2,3,5,0,10,0,1,30,3,34,2,4,35,3,44,60,8,68,112
09/24/2020,HVN,CT,ANE,EN,Federal Contract Tower,2,7,4,0,13,0,2,49,0,51,2,9,53,0,64,60,0,60,124
09/25/2020,HVN,CT,ANE,EN,Federal Contract Tower,2,2,0,0,4,0,0,49,0,49,2,2,49,0,53,42,0,42,95
09/26/2020,HVN,CT,ANE,EN,Federal Contract Tower,2,1,10,0,13,0,0,29,0,29,2,1,39,0,42,22,0,22,64
09/27/2020,HVN,CT,ANE,EN,Federal Contract Tower,2,4,9,0,15,0,0,10,0,10,2,4,19,0,25,50,0,50,75
09/28/2020,HVN,CT,ANE,EN,Federal Contract Tower,2,6,12,0,20,0,2,13,0,15,2,8,25,0,35,18,0,18,53
09/29/2020,HVN,CT,ANE,EN,Federal Contract Tower,2,5,10,0,17,0,0,2,0,2,2,5,12,0,19,28,0,28,47
09/30/2020,HVN,CT,ANE,EN,Federal Contract Tower,2,4,11,0,17,0,0,7,0,7,2,4,18,0,24,24,0,24,48
10/01/2020,HVN,CT,ANE,EN,Federal Contract Tower,2,12,4,0,18,0,9,32,0,41,2,21,36,0,59,120,0,120,179
10/02/2020,HVN,CT,ANE,EN,Federal Contract Tower,2,4,9,0,15,0,0,32,2,34,2,4,41,2,49,38,0,38,87
10/03/2020,HVN,CT,ANE,EN,Federal Contract Tower,2,10,4,0,16,0,0,59,0,59,2,10,63,0,75,136,0,136,211
10/04/2020,HVN,CT,ANE,EN,Federal Contract Tower,2,2,1,0,5,0,0,49,0,49,2,2,50,0,54,38,0,38,92
10/05/2020,HVN,CT,ANE,EN,Federal Contract Tower,2,3,12,0,17,0,2,23,0,25,2,5,35,0,42,86,2,88,130
10/06/2020,HVN,CT,ANE,EN,Federal Contract Tower,1,8,14,0,23,0,0,32,0,32,1,8,46,0,55,92,0,92,147
10/07/2020,HVN,CT,ANE,EN,Federal Contract Tower,0,2,10,2,14,0,1,11,0,12,0,3,21,2,26,10,0,10,36
10/08/2020,HVN,CT,ANE,EN,Federal Contract Tower,0,10,8,0,18,0,3,20,0,23,0,13,28,0,41,20,0,20,61
10/09/2020,HVN,CT,ANE,EN,Federal Contract Tower,0,2,2,0,4,0,2,52,0,54,0,4,54,0,58,110,0,110,168
10/10/2020,HVN,CT,ANE,EN,Federal Contract Tower,0,3,0,0,3,0,2,21,0,23,0,5,21,0,26,28,0,28,54
10/11/2020,HVN,CT,ANE,EN,Federal Contract Tower,0,15,2,0,17,0,1,45,0,46,0,16,47,0,63,108,0,108,171
10/12/2020,HVN,CT,ANE,EN,Federal Contract Tower,0,5,6,0,11,0,4,4,0,8,0,9,10,0,19,26,0,26,45
10/13/2020,HVN,CT,ANE,EN,Federal Contract Tower,0,7,14,0,21,0,0,1,0,1,0,7,15,0,22,0,0,0,22
10/14/2020,HVN,CT,ANE,EN,Federal Contract Tower,0,3,9,0,12,0,3,52,0,55,0,6,61,0,67,68,0,68,135
10/15/2020,HVN,CT,ANE,EN,Federal Contract Tower,0,3,8,0,11,0,1,43,1,45,0,4,51,1,56,64,0,64,120
10/16/2020,HVN,CT,ANE,EN,Federal Contract Tower,0,9,18,0,27,0,0,1,0,1,0,9,19,0,28,0,0,0,28
10/17/2020,HVN,CT,ANE,EN,Federal Contract Tower,0,3,3,0,6,0,0,38,0,38,0,3,41,0,44,120,0,120,164
10/18/2020,HVN,CT,ANE,EN,Federal Contract Tower,0,2,3,0,5,0,0,59,2,61,0,2,62,2,66,116,0,116,182
10/19/2020,HVN,CT,ANE,EN,Federal Contract Tower,0,2,8,0,10,0,3,26,2,31,0,5,34,2,41,32,0,32,73
10/20/2020,HVN,CT,ANE,EN,Federal Contract Tower,0,3,11,0,14,0,0,3,0,3,0,3,14,0,17,30,0,30,47
10/21/2020,HVN,CT,ANE,EN,Federal Contract Tower,0,6,7,0,13,0,1,9,0,10,0,7,16,0,23,16,0,16,39
10/22/2020,HVN,CT,ANE,EN,Federal Contract Tower,0,8,13,0,21,0,0,9,0,9,0,8,22,0,30,8,0,8,38
10/23/2020,HVN,CT,ANE,EN,Federal Contract Tower,0,6,17,2,25,0,0,1,0,1,0,6,18,2,26,0,0,0,26
10/24/2020,HVN,CT,ANE,EN,Federal Contract Tower,0,3,17,0,20,0,1,17,0,18,0,4,34,0,38,34,0,34,72
10/25/2020,HVN,CT,ANE,EN,Federal Contract Tower,0,6,9,0,15,0,0,62,0,62,0,6,71,0,77,140,0,140,217
10/26/2020,HVN,CT,ANE,EN,Federal Contract Tower,0,9,6,0,15,0,0,0,0,0,0,9,6,0,15,0,0,0,15
10/27/2020,HVN,CT,ANE,EN,Federal Contract Tower,0,10,17,2,29,0,4,30,0,34,0,14,47,2,63,106,0,106,169
10/28/2020,HVN,CT,ANE,EN,Federal Contract Tower,0,3,17,0,20,0,0,12,0,12,0,3,29,0,32,4,0,4,36
10/29/2020,HVN,CT,ANE,EN,Federal Contract Tower,0,1,2,0,3,0,0,2,0,2,0,1,4,0,5,38,0,38,43
10/30/2020,HVN,CT,ANE,EN,Federal Contract Tower,0,11,6,0,17,0,0,0,0,0,0,11,6,0,17,0,0,0,17
10/31/2020,HVN,CT,ANE,EN,Federal Contract Tower,0,5,4,2,11,0,0,42,0,42,0,5,46,2,53,124,0,124,177
11/01/2020,HVN,CT,ANE,EN,Federal Contract Tower,0,7,6,0,13,0,0,13,0,13,0,7,19,0,26,56,0,56,82
11/02/2020,HVN,CT,ANE,EN,Federal Contract Tower,0,7,2,0,9,0,0,2,0,2,0,7,4,0,11,0,0,0,11
11/03/2020,HVN,CT,ANE,EN,Federal Contract Tower,0,3,3,0,6,0,0,16,0,16,0,3,19,0,22,48,0,48,70
11/04/2020,HVN,CT,ANE,EN,Federal Contract Tower,0,10,2,0,12,0,0,39,0,39,0,10,41,0,51,122,0,122,173
11/05/2020,HVN,CT,ANE,EN,Federal Contract Tower,0,10,3,0,13,0,1,36,1,38,0,11,39,1,51,70,2,72,123
11/06/2020,HVN,CT,ANE,EN,Federal Contract Tower,0,6,1,0,7,0,0,37,4,41,0,6,38,4,48,110,0,110,158
11/07/2020,HVN,CT,ANE,EN,Federal Contract Tower,0,3,6,0,9,0,0,66,0,66,0,3,72,0,75,164,0,164,239
11/08/2020,HVN,CT,ANE,EN,Federal Contract Tower,0,4,9,0,13,0,1,47,0,48,0,5,56,0,61,110,0,110,171
11/09/2020,HVN,CT,ANE,EN,Federal Contract Tower,0,1,3,0,4,0,0,28,3,31,0,1,31,3,35,58,0,58,93
11/10/2020,HVN,CT,ANE,EN,Federal Contract Tower,0,3,3,0,6,0,0,0,0,0,0,3,3,0,6,108,0,108,114
11/11/2020,HVN,CT,ANE,EN,Federal Contract Tower,0,4,11,0,15,0,0,5,0,5,0,4,16,0,20,22,0,22,42
11/12/2020,HVN,CT,ANE,EN,Federal Contract Tower,0,5,1,0,6,0,0,7,0,7,0,5,8,0,13,46,0,46,59
11/13/2020,HVN,CT,ANE,EN,Federal Contract Tower,0,4,4,0,8,0,0,0,0,0,0,4,4,0,8,0,0,0,8
11/14/2020,HVN,CT,ANE,EN,Federal Contract Tower,0,1,11,0,12,0,0,44,0,44,0,1,55,0,56,84,0,84,140
11/15/2020,HVN,CT,ANE,EN,Federal Contract Tower,0,3,2,0,5,0,0,13,0,13,0,3,15,0,18,112,0,112,130
11/16/2020,HVN,CT,ANE,EN,Federal Contract Tower,0,4,1,0,5,0,0,18,0,18,0,4,19,0,23,74,0,74,97
11/18/2020,HVN,CT,ANE,EN,Federal Contract Tower,0,0,3,0,3,0,0,18,0,18,0,0,21,0,21,64,0,64,85
11/19/2020,HVN,CT,ANE,EN,Federal Contract Tower,0,1,5,0,6,0,0,19,0,19,0,1,24,0,25,136,0,136,161
11/20/2020,HVN,CT,ANE,EN,Federal Contract Tower,0,5,7,0,12,0,0,33,0,33,0,5,40,0,45,48,0,48,93
11/21/2020,HVN,CT,ANE,EN,Federal Contract Tower,0,3,16,0,19,0,0,44,0,44,0,3,60,0,63,100,0,100,163
11/22/2020,HVN,CT,ANE,EN,Federal Contract Tower,0,11,10,0,21,0,0,16,0,16,0,11,26,0,37,54,0,54,91
11/23/2020,HVN,CT,ANE,EN,Federal Contract Tower,0,1,2,0,3,0,1,6,0,7,0,2,8,0,10,46,0,46,56
11/24/2020,HVN,CT,ANE,EN,Federal Contract Tower,0,5,5,0,10,0,0,26,0,26,0,5,31,0,36,36,0,36,72
11/25/2020,HVN,CT,ANE,EN,Federal Contract Tower,0,2,4,0,6,0,0,34,0,34,0,2,38,0,40,78,0,78,118
11/26/2020,HVN,CT,ANE,EN,Federal Contract Tower,0,2,4,0,6,0,0,2,0,2,0,2,6,0,8,40,0,40,48
11/27/2020,HVN,CT,ANE,EN,Federal Contract Tower,0,2,10,0,12,0,0,42,0,42,0,2,52,0,54,114,0,114,168
11/28/2020,HVN,CT,ANE,EN,Federal Contract Tower,0,8,4,0,12,0,0,35,0,35,0,8,39,0,47,54,0,54,101
11/29/2020,HVN,CT,ANE,EN,Federal Contract Tower,0,4,5,0,9,0,0,47,0,47,0,4,52,0,56,136,0,136,192
11/30/2020,HVN,CT,ANE,EN,Federal Contract Tower,0,1,4,0,5,0,0,0,0,0,0,1,4,0,5,0,0,0,5
12/01/2020,HVN,CT,ANE,EN,Federal Contract Tower,0,1,4,0,5,0,0,0,0,0,0,1,4,0,5,0,0,0,5
12/02/2020,HVN,CT,ANE,EN,Federal Contract Tower,0,4,8,0,12,0,0,7,0,7,0,4,15,0,19,16,0,16,35
12/03/2020,HVN,CT,ANE,EN,Federal Contract Tower,0,5,11,0,16,0,0,29,0,29,0,5,40,0,45,62,0,62,107
12/04/2020,HVN,CT,ANE,EN,Federal Contract Tower,0,4,6,0,10,0,0,22,0,22,0,4,28,0,32,72,0,72,104
12/05/2020,HVN,CT,ANE,EN,Federal Contract Tower,0,4,1,0,5,0,0,2,0,2,0,4,3,0,7,16,0,16,23
12/06/2020,HVN,CT,ANE,EN,Federal Contract Tower,0,4,3,0,7,0,0,1,0,1,0,4,4,0,8,2,0,2,10
12/07/2020,HVN,CT,ANE,EN,Federal Contract Tower,0,3,3,0,6,0,0,12,0,12,0,3,15,0,18,24,0,24,42
12/08/2020,HVN,CT,ANE,EN,Federal Contract Tower,0,1,6,0,7,0,0,3,0,3,0,1,9,0,10,22,0,22,32
12/09/2020,HVN,CT,ANE,EN,Federal Contract Tower,0,4,6,0,10,0,4,23,0,27,0,8,29,0,37,108,0,108,145
12/10/2020,HVN,CT,ANE,EN,Federal Contract Tower,0,0,16,0,16,0,0,25,2,27,0,0,41,2,43,98,2,100,143
12/11/2020,HVN,CT,ANE,EN,Federal Contract Tower,0,6,3,0,9,0,0,31,0,31,0,6,34,0,40,118,0,118,158
12/12/2020,HVN,CT,ANE,EN,Federal Contract Tower,0,4,8,0,12,0,0,0,0,0,0,4,8,0,12,0,0,0,12
12/13/2020,HVN,CT,ANE,EN,Federal Contract Tower,0,2,10,0,12,0,0,53,0,53,0,2,63,0,65,96,0,96,161
12/14/2020,HVN,CT,ANE,EN,Federal Contract Tower,0,7,4,0,11,0,0,2,0,2,0,7,6,0,13,0,0,0,13
12/15/2020,HVN,CT,ANE,EN,Federal Contract Tower,0,9,9,2,20,0,0,15,0,15,0,9,24,2,35,20,0,20,55
12/16/2020,HVN,CT,ANE,EN,Federal Contract Tower,0,2,4,0,6,0,0,6,0,6,0,2,10,0,12,46,0,46,58
12/17/2020,HVN,CT,ANE,EN,Federal Contract Tower,0,1,0,0,1,0,0,0,0,0,0,1,0,0,1,0,0,0,1
12/18/2020,HVN,CT,ANE,EN,Federal Contract Tower,0,5,6,0,11,0,0,15,0,15,0,5,21,0,26,16,0,16,42
12/19/2020,HVN,CT,ANE,EN,Federal Contract Tower,0,6,10,0,16,0,0,28,0,28,0,6,38,0,44,94,0,94,138
12/20/2020,HVN,CT,ANE,EN,Federal Contract Tower,0,4,8,0,12,0,0,9,0,9,0,4,17,0,21,50,0,50,71
12/21/2020,HVN,CT,ANE,EN,Federal Contract Tower,0,2,7,0,9,0,0,8,0,8,0,2,15,0,17,78,0,78,95
12/22/2020,HVN,CT,ANE,EN,Federal Contract Tower,0,4,7,2,13,0,0,10,0,10,0,4,17,2,23,84,0,84,107
12/23/2020,HVN,CT,ANE,EN,Federal Contract Tower,0,6,6,0,12,0,0,39,0,39,0,6,45,0,51,172,0,172,223
12/24/2020,HVN,CT,ANE,EN,Federal Contract Tower,0,2,2,0,4,0,0,6,0,6,0,2,8,0,10,4,0,4,14
12/25/2020,HVN,CT,ANE,EN,Federal Contract Tower,0,2,4,0,6,0,0,2,0,2,0,2,6,0,8,8,0,8,16
12/26/2020,HVN,CT,ANE,EN,Federal Contract Tower,0,5,8,0,13,0,0,16,0,16,0,5,24,0,29,18,0,18,47
12/27/2020,HVN,CT,ANE,EN,Federal Contract Tower,0,3,6,0,9,0,0,69,0,69,0,3,75,0,78,170,0,170,248
12/28/2020,HVN,CT,ANE,EN,Federal Contract Tower,0,0,7,0,7,0,0,13,0,13,0,0,20,0,20,36,0,36,56
12/29/2020,HVN,CT,ANE,EN,Federal Contract Tower,0,3,6,0,9,0,2,9,0,11,0,5,15,0,20,28,0,28,48
12/30/2020,HVN,CT,ANE,EN,Federal Contract Tower,0,6,11,0,17,0,0,30,0,30,0,6,41,0,47,62,0,62,109
12/31/2020,HVN,CT,ANE,EN,Federal Contract Tower,0,6,6,0,12,0,0,8,0,8,0,6,14,0,20,6,0,6,26
01/01/2021,HVN,CT,ANE,EN,Federal Contract Tower,0,2,5,0,7,0,0,20,0,20,0,2,25,0,27,38,0,38,65
01/02/2021,HVN,CT,ANE,EN,Federal Contract Tower,0,0,11,0,11,0,0,6,0,6,0,0,17,0,17,4,0,4,21
01/03/2021,HVN,CT,ANE,EN,Federal Contract Tower,0,6,7,0,13,0,0,5,1,6,0,6,12,1,19,8,0,8,27
01/04/2021,HVN,CT,ANE,EN,Federal Contract Tower,0,5,7,0,12,0,0,13,0,13,0,5,20,0,25,42,0,42,67
01/05/2021,HVN,CT,ANE,EN,Federal Contract Tower,2,5,4,0,11,0,0,19,2,21,2,5,23,2,32,56,2,58,90
01/06/2021,HVN,CT,ANE,EN,Federal Contract Tower,2,3,6,0,11,0,2,11,0,13,2,5,17,0,24,18,0,18,42
01/07/2021,HVN,CT,ANE,EN,Federal Contract Tower,0,7,3,0,10,0,0,18,2,20,0,7,21,2,30,24,0,24,54
01/08/2021,HVN,CT,ANE,EN,Federal Contract Tower,2,5,5,0,12,0,0,20,0,20,2,5,25,0,32,96,0,96,128
01/09/2021,HVN,CT,ANE,EN,Federal Contract Tower,2,2,4,0,8,0,0,30,0,30,2,2,34,0,38,30,0,30,68
01/10/2021,HVN,CT,ANE,EN,Federal Contract Tower,2,3,3,0,8,0,0,0,0,0,2,3,3,0,8,74,0,74,82
01/11/2021,HVN,CT,ANE,EN,Federal Contract Tower,2,2,6,0,10,0,0,10,0,10,2,2,16,0,20,100,0,100,120
01/12/2021,HVN,CT,ANE,EN,Federal Contract Tower,2,10,4,0,16,0,3,28,0,31,2,13,32,0,47,72,0,72,119
01/13/2021,HVN,CT,ANE,EN,Federal Contract Tower,2,0,9,0,11,0,0,18,0,18,2,0,27,0,29,34,0,34,63
01/14/2021,HVN,CT,ANE,EN,Federal Contract Tower,2,4,8,0,14,0,1,32,0,33,2,5,40,0,47,118,0,118,165
01/15/2021,HVN,CT,ANE,EN,Federal Contract Tower,2,0,4,0,6,0,3,5,0,8,2,3,9,0,14,2,0,2,16
01/16/2021,HVN,CT,ANE,EN,Federal Contract Tower,2,0,5,0,7,0,0,8,0,8,2,0,13,0,15,8,0,8,23
01/17/2021,HVN,CT,ANE,EN,Federal Contract Tower,2,1,1,0,4,0,0,15,0,15,2,1,16,0,19,4,0,4,23
01/18/2021,HVN,CT,ANE,EN,Federal Contract Tower,2,1,1,0,4,0,0,10,0,10,2,1,11,0,14,24,0,24,38
01/19/2021,HVN,CT,ANE,EN,Federal Contract Tower,2,2,6,0,10,0,0,15,0,15,2,2,21,0,25,40,0,40,65
01/20/2021,HVN,CT,ANE,EN,Federal Contract Tower,2,0,1,0,3,0,0,4,0,4,2,0,5,0,7,18,0,18,25
01/21/2021,HVN,CT,ANE,EN,Federal Contract Tower,2,2,0,0,4,0,0,11,0,11,2,2,11,0,15,44,0,44,59
01/22/2021,HVN,CT,ANE,EN,Federal Contract Tower,2,1,4,0,7,0,0,27,0,27,2,1,31,0,34,46,0,46,80
01/23/2021,HVN,CT,ANE,EN,Federal Contract Tower,2,1,0,0,3,0,0,15,0,15,2,1,15,0,18,10,0,10,28
01/24/2021,HVN,CT,ANE,EN,Federal Contract Tower,2,3,6,0,11,0,0,12,0,12,2,3,18,0,23,96,0,96,119
01/25/2021,HVN,CT,ANE,EN,Federal Contract Tower,2,4,12,0,18,0,0,24,0,24,2,4,36,0,42,106,0,106,148
01/26/2021,HVN,CT,ANE,EN,Federal Contract Tower,2,0,1,0,3,0,0,2,0,2,2,0,3,0,5,4,0,4,9
01/27/2021,HVN,CT,ANE,EN,Federal Contract Tower,2,0,0,0,2,0,0,7,2,9,2,0,7,2,11,46,4,50,61
01/28/2021,HVN,CT,ANE,EN,Federal Contract Tower,2,2,2,0,6,0,0,8,1,9,2,2,10,1,15,4,2,6,21
01/29/2021,HVN,CT,ANE,EN,Federal Contract Tower,2,2,1,0,5,0,0,3,0,3,2,2,4,0,8,2,0,2,10
01/30/2021,HVN,CT,ANE,EN,Federal Contract Tower,2,7,2,0,11,0,0,23,0,23,2,7,25,0,34,56,0,56,90
01/31/2021,HVN,CT,ANE,EN,Federal Contract Tower,2,3,5,0,10,0,0,39,0,39,2,3,44,0,49,166,0,166,215
02/01/2021,HVN,CT,ANE,EN,Federal Contract Tower,0,0,0,0,0,0,0,0,0,0,0,0,0,0,0,0,0,0,0
02/02/2021,HVN,CT,ANE,EN,Federal Contract Tower,0,2,3,0,5,0,0,0,0,0,0,2,3,0,5,0,0,0,5
02/03/2021,HVN,CT,ANE,EN,Federal Contract Tower,2,3,3,0,8,0,0,8,0,8,2,3,11,0,16,10,8,18,34
02/04/2021,HVN,CT,ANE,EN,Federal Contract Tower,2,2,10,4,18,0,2,20,2,24,2,4,30,6,42,50,2,52,94
02/05/2021,HVN,CT,ANE,EN,Federal Contract Tower,2,7,0,0,9,0,4,7,0,11,2,11,7,0,20,26,0,26,46
02/06/2021,HVN,CT,ANE,EN,Federal Contract Tower,2,6,2,0,10,0,0,31,0,31,2,6,33,0,41,102,0,102,143
02/07/2021,HVN,CT,ANE,EN,Federal Contract Tower,0,0,0,0,0,0,0,0,0,0,0,0,0,0,0,0,0,0,0
02/08/2021,HVN,CT,ANE,EN,Federal Contract Tower,2,4,9,0,15,0,2,16,0,18,2,6,25,0,33,20,0,20,53
02/09/2021,HVN,CT,ANE,EN,Federal Contract Tower,2,3,0,0,5,0,0,0,0,0,2,3,0,0,5,0,0,0,5
02/10/2021,HVN,CT,ANE,EN,Federal Contract Tower,2,1,0,2,5,0,0,19,2,21,2,1,19,4,26,54,0,54,80
02/11/2021,HVN,CT,ANE,EN,Federal Contract Tower,2,9,5,4,20,0,1,16,2,19,2,10,21,6,39,18,0,18,57
02/12/2021,HVN,CT,ANE,EN,Federal Contract Tower,2,4,6,0,12,0,0,28,0,28,2,4,34,0,40,94,0,94,134
02/13/2021,HVN,CT,ANE,EN,Federal Contract Tower,2,3,10,0,15,0,0,20,0,20,2,3,30,0,35,76,0,76,111
02/14/2021,HVN,CT,ANE,EN,Federal Contract Tower,2,2,3,0,7,0,0,13,0,13,2,2,16,0,20,42,0,42,62
02/15/2021,HVN,CT,ANE,EN,Federal Contract Tower,2,3,0,0,5,0,0,3,0,3,2,3,3,0,8,54,0,54,62
02/16/2021,HVN,CT,ANE,EN,Federal Contract Tower,0,2,3,0,5,0,0,2,0,2,0,2,5,0,7,22,0,22,29
02/17/2021,HVN,CT,ANE,EN,Federal Contract Tower,0,5,5,1,11,0,1,24,2,27,0,6,29,3,38,106,6,112,150
02/18/2021,HVN,CT,ANE,EN,Federal Contract Tower,0,2,0,0,2,0,0,0,0,0,0,2,0,0,2,0,0,0,2
02/19/2021,HVN,CT,ANE,EN,Federal Contract Tower,2,0,2,1,5,0,0,0,0,0,2,0,2,1,5,0,0,0,5
02/20/2021,HVN,CT,ANE,EN,Federal Contract Tower,2,7,9,0,18,0,0,14,0,14,2,7,23,0,32,86,0,86,118
02/21/2021,HVN,CT,ANE,EN,Federal Contract Tower,2,3,5,0,10,0,0,59,0,59,2,3,64,0,69,124,10,134,203
02/22/2021,HVN,CT,ANE,EN,Federal Contract Tower,2,2,4,0,8,0,0,0,0,0,2,2,4,0,8,0,0,0,8
02/23/2021,HVN,CT,ANE,EN,Federal Contract Tower,0,1,7,0,8,0,0,7,0,7,0,1,14,0,15,14,2,16,31
02/24/2021,HVN,CT,ANE,EN,Federal Contract Tower,0,7,5,0,12,0,0,45,0,45,0,7,50,0,57,92,0,92,149
02/25/2021,HVN,CT,ANE,EN,Federal Contract Tower,2,7,9,0,18,0,0,10,0,10,2,7,19,0,28,20,0,20,48
02/26/2021,HVN,CT,ANE,EN,Federal Contract Tower,2,2,7,0,11,0,0,48,4,52,2,2,55,4,63,208,0,208,271
02/27/2021,HVN,CT,ANE,EN,Federal Contract Tower,2,7,1,0,10,0,0,0,0,0,2,7,1,0,10,0,0,0,10
02/28/2021,HVN,CT,ANE,EN,Federal Contract Tower,2,3,1,0,6,0,0,23,2,25,2,3,24,2,31,104,0,104,135
03/01/2021,HVN,CT,ANE,EN,Federal Contract Tower,2,8,6,0,16,0,0,4,0,4,2,8,10,0,20,26,0,26,46
03/02/2021,HVN,CT,ANE,EN,Federal Contract Tower,0,3,1,0,4,0,0,0,0,0,0,3,1,0,4,14,0,14,18
03/03/2021,HVN,CT,ANE,EN,Federal Contract Tower,0,1,12,0,13,0,0,33,0,33,0,1,45,0,46,82,0,82,128
03/04/2021,HVN,CT,ANE,EN,Federal Contract Tower,2,2,5,0,9,0,2,17,0,19,2,4,22,0,28,12,0,12,40
03/05/2021,HVN,CT,ANE,EN,Federal Contract Tower,2,2,5,0,9,0,0,6,0,6,2,2,11,0,15,0,0,0,15
03/06/2021,HVN,CT,ANE,EN,Federal Contract Tower,2,4,3,0,9,0,0,29,0,29,2,4,32,0,38,104,0,104,142
03/07/2021,HVN,CT,ANE,EN,Federal Contract Tower,2,8,6,0,16,0,0,39,0,39,2,8,45,0,55,132,0,132,187
03/08/2021,HVN,CT,ANE,EN,Federal Contract Tower,2,9,14,0,25,0,0,31,0,31,2,9,45,0,56,100,0,100,156
03/09/2021,HVN,CT,ANE,EN,Federal Contract Tower,0,1,6,0,7,0,0,21,0,21,0,1,27,0,28,104,0,104,132
03/10/2021,HVN,CT,ANE,EN,Federal Contract Tower,0,3,3,0,6,0,0,54,0,54,0,3,57,0,60,138,0,138,198
03/11/2021,HVN,CT,ANE,EN,Federal Contract Tower,2,4,13,2,21,0,0,29,2,31,2,4,42,4,52,86,0,86,138
03/12/2021,HVN,CT,ANE,EN,Federal Contract Tower,2,2,8,0,12,0,4,11,1,16,2,6,19,1,28,50,0,50,78
03/13/2021,HVN,CT,ANE,EN,Federal Contract Tower,2,3,7,0,12,0,0,18,0,18,2,3,25,0,30,94,0,94,124
03/14/2021,HVN,CT,ANE,EN,Federal Contract Tower,2,9,5,0,16,0,0,20,0,20,2,9,25,0,36,26,0,26,62
03/15/2021,HVN,CT,ANE,EN,Federal Contract Tower,2,2,1,0,5,0,0,2,0,2,2,2,3,0,7,12,0,12,19
03/16/2021,HVN,CT,ANE,EN,Federal Contract Tower,2,6,8,0,16,0,0,28,0,28,2,6,36,0,44,62,0,62,106
03/17/2021,HVN,CT,ANE,EN,Federal Contract Tower,0,5,19,0,24,0,0,18,3,21,0,5,37,3,45,92,0,92,137
03/18/2021,HVN,CT,ANE,EN,Federal Contract Tower,2,6,8,0,16,0,0,0,0,0,2,6,8,0,16,0,0,0,16
03/19/2021,HVN,CT,ANE,EN,Federal Contract Tower,2,3,9,2,16,0,1,5,0,6,2,4,14,2,22,42,0,42,64
03/20/2021,HVN,CT,ANE,EN,Federal Contract Tower,2,2,9,0,13,0,0,55,0,55,2,2,64,0,68,196,0,196,264
03/21/2021,HVN,CT,ANE,EN,Federal Contract Tower,2,9,14,0,25,0,1,38,2,41,2,10,52,2,66,240,0,240,306
03/22/2021,HVN,CT,ANE,EN,Federal Contract Tower,2,8,4,0,14,0,0,34,0,34,2,8,38,0,48,100,0,100,148
03/23/2021,HVN,CT,ANE,EN,Federal Contract Tower,2,3,5,4,14,0,0,40,0,40,2,3,45,4,54,86,0,86,140
03/24/2021,HVN,CT,ANE,EN,Federal Contract Tower,0,4,3,0,7,0,0,5,0,5,0,4,8,0,12,32,0,32,44
03/25/2021,HVN,CT,ANE,EN,Federal Contract Tower,2,11,4,2,19,0,0,7,0,7,2,11,11,2,26,20,0,20,46
03/26/2021,HVN,CT,ANE,EN,Federal Contract Tower,2,1,1,4,8,0,0,0,0,0,2,1,1,4,8,0,0,0,8
03/27/2021,HVN,CT,ANE,EN,Federal Contract Tower,2,7,12,0,21,0,0,52,0,52,2,7,64,0,73,130,0,130,203
03/28/2021,HVN,CT,ANE,EN,Federal Contract Tower,0,5,2,0,7,0,0,0,0,0,0,5,2,0,7,0,0,0,7
03/29/2021,HVN,CT,ANE,EN,Federal Contract Tower,2,5,0,0,7,0,0,0,0,0,2,5,0,0,7,0,0,0,7
03/30/2021,HVN,CT,ANE,EN,Federal Contract Tower,0,3,7,0,10,0,0,37,0,37,0,3,44,0,47,64,0,64,111
03/31/2021,HVN,CT,ANE,EN,Federal Contract Tower,0,4,7,0,11,0,0,8,0,8,0,4,15,0,19,36,0,36,55
04/01/2021,HVN,CT,ANE,EN,Federal Contract Tower,2,2,2,0,6,0,0,0,2,2,2,2,2,2,8,6,6,12,20
04/02/2021,HVN,CT,ANE,EN,Federal Contract Tower,2,6,9,0,17,0,0,15,0,15,2,6,24,0,32,58,0,58,90
04/03/2021,HVN,CT,ANE,EN,Federal Contract Tower,2,8,9,0,19,0,0,45,0,45,2,8,54,0,64,126,0,126,190
04/04/2021,HVN,CT,ANE,EN,Federal Contract Tower,2,3,4,0,9,0,0,29,0,29,2,3,33,0,38,218,0,218,256
04/05/2021,HVN,CT,ANE,EN,Federal Contract Tower,2,6,2,0,10,0,1,3,0,4,2,7,5,0,14,14,0,14,28
04/06/2021,HVN,CT,ANE,EN,Federal Contract Tower,0,1,6,1,8,0,0,16,0,16,0,1,22,1,24,38,0,38,62
04/07/2021,HVN,CT,ANE,EN,Federal Contract Tower,0,7,12,1,20,0,0,54,0,54,0,7,66,1,74,96,0,96,170
04/08/2021,HVN,CT,ANE,EN,Federal Contract Tower,2,6,9,0,17,0,0,40,0,40,2,6,49,0,57,94,0,94,151
04/09/2021,HVN,CT,ANE,EN,Federal Contract Tower,2,10,18,0,30,0,0,11,0,11,2,10,29,0,41,50,0,50,91
04/10/2021,HVN,CT,ANE,EN,Federal Contract Tower,2,3,14,0,19,0,0,11,0,11,2,3,25,0,30,96,0,96,126
04/11/2021,HVN,CT,ANE,EN,Federal Contract Tower,2,2,0,0,4,0,0,0,0,0,2,2,0,0,4,0,0,0,4
04/12/2021,HVN,CT,ANE,EN,Federal Contract Tower,2,2,4,0,8,0,2,6,0,8,2,4,10,0,16,54,0,54,70
04/13/2021,HVN,CT,ANE,EN,Federal Contract Tower,0,5,13,0,18,0,0,43,0,43,0,5,56,0,61,130,2,132,193
04/14/2021,HVN,CT,ANE,EN,Federal Contract Tower,0,1,13,0,14,0,0,15,0,15,0,1,28,0,29,88,0,88,117
04/15/2021,HVN,CT,ANE,EN,Federal Contract Tower,2,7,1,0,10,0,0,0,0,0,2,7,1,0,10,0,0,0,10
04/16/2021,HVN,CT,ANE,EN,Federal Contract Tower,2,4,11,0,17,0,0,18,0,18,2,4,29,0,35,76,0,76,111
04/17/2021,HVN,CT,ANE,EN,Federal Contract Tower,2,8,6,0,16,0,0,38,0,38,2,8,44,0,54,128,0,128,182
04/18/2021,HVN,CT,ANE,EN,Federal Contract Tower,2,6,18,0,26,0,2,41,10,53,2,8,59,10,79,90,0,90,169
04/19/2021,HVN,CT,ANE,EN,Federal Contract Tower,2,3,5,0,10,0,1,27,2,30,2,4,32,2,40,104,0,104,144
04/20/2021,HVN,CT,ANE,EN,Federal Contract Tower,0,5,11,2,18,0,0,28,3,31,0,5,39,5,49,66,2,68,117
04/21/2021,HVN,CT,ANE,EN,Federal Contract Tower,0,3,19,0,22,0,0,4,0,4,0,3,23,0,26,26,0,26,52
04/22/2021,HVN,CT,ANE,EN,Federal Contract Tower,4,2,7,0,13,0,0,5,2,7,4,2,12,2,20,8,4,12,32
04/23/2021,HVN,CT,ANE,EN,Federal Contract Tower,2,10,9,1,22,0,5,24,1,30,2,15,33,2,52,78,0,78,130
04/24/2021,HVN,CT,ANE,EN,Federal Contract Tower,2,4,12,0,18,0,0,37,0,37,2,4,49,0,55,208,0,208,263
04/25/2021,HVN,CT,ANE,EN,Federal Contract Tower,2,3,4,0,9,0,0,7,0,7,2,3,11,0,16,46,0,46,62
04/27/2021,HVN,CT,ANE,EN,Federal Contract Tower,0,9,5,0,14,0,0,37,0,37,0,9,42,0,51,136,0,136,187
04/28/2021,HVN,CT,ANE,EN,Federal Contract Tower,0,5,6,0,11,0,0,41,0,41,0,5,47,0,52,246,0,246,298
04/29/2021,HVN,CT,ANE,EN,Federal Contract Tower,2,4,6,0,12,0,0,6,0,6,2,4,12,0,18,28,0,28,46
04/30/2021,HVN,CT,ANE,EN,Federal Contract Tower,4,6,0,0,10,0,0,5,0,5,4,6,5,0,15,16,0,16,31
05/01/2021,HVN,CT,ANE,EN,Federal Contract Tower,2,3,8,0,13,0,0,22,0,22,2,3,30,0,35,80,0,80,115
05/02/2021,HVN,CT,ANE,EN,Federal Contract Tower,2,8,4,0,14,0,2,40,2,44,2,10,44,2,58,102,0,102,160
05/03/2021,HVN,CT,ANE,EN,Federal Contract Tower,2,2,9,0,13,0,0,18,0,18,2,2,27,0,31,66,0,66,97
05/04/2021,HVN,CT,ANE,EN,Federal Contract Tower,0,7,11,0,18,0,0,4,0,4,0,7,15,0,22,64,0,64,86
05/05/2021,HVN,CT,ANE,EN,Federal Contract Tower,0,0,10,0,10,0,0,0,0,0,0,0,10,0,10,0,0,0,10
05/06/2021,HVN,CT,ANE,EN,Federal Contract Tower,2,9,12,1,24,0,1,33,0,34,2,10,45,1,58,80,0,80,138
05/07/2021,HVN,CT,ANE,EN,Federal Contract Tower,2,3,14,0,19,0,2,36,0,38,2,5,50,0,57,98,0,98,155
05/08/2021,HVN,CT,ANE,EN,Federal Contract Tower,2,6,5,0,13,0,0,39,0,39,2,6,44,0,52,172,0,172,224
05/09/2021,HVN,CT,ANE,EN,Federal Contract Tower,2,6,2,2,12,0,0,24,0,24,2,6,26,2,36,146,0,146,182
05/10/2021,HVN,CT,ANE,EN,Federal Contract Tower,2,8,12,0,22,0,0,16,0,16,2,8,28,0,38,8,0,8,46
05/11/2021,HVN,CT,ANE,EN,Federal Contract Tower,0,1,14,2,17,0,0,16,0,16,0,1,30,2,33,40,0,40,73
05/12/2021,HVN,CT,ANE,EN,Federal Contract Tower,0,5,14,0,19,0,0,33,4,37,0,5,47,4,56,14,0,14,70
05/13/2021,HVN,CT,ANE,EN,Federal Contract Tower,2,7,6,0,15,0,0,51,6,57,2,7,57,6,72,68,4,72,144
05/14/2021,HVN,CT,ANE,EN,Federal Contract Tower,2,7,12,0,21,0,0,45,0,45,2,7,57,0,66,70,0,70,136
05/15/2021,HVN,CT,ANE,EN,Federal Contract Tower,2,3,14,0,19,0,2,68,0,70,2,5,82,0,89,110,0,110,199
05/16/2021,HVN,CT,ANE,EN,Federal Contract Tower,2,1,11,0,14,0,6,23,0,29,2,7,34,0,43,130,0,130,173
05/17/2021,HVN,CT,ANE,EN,Federal Contract Tower,2,4,4,0,10,0,2,21,4,27,2,6,25,4,37,26,0,26,63
05/18/2021,HVN,CT,ANE,EN,Federal Contract Tower,0,6,7,0,13,0,1,32,3,36,0,7,39,3,49,40,0,40,89
05/19/2021,HVN,CT,ANE,EN,Federal Contract Tower,0,7,16,0,23,0,0,24,0,24,0,7,40,0,47,24,0,24,71
05/20/2021,HVN,CT,ANE,EN,Federal Contract Tower,2,13,13,0,28,0,2,63,0,65,2,15,76,0,93,104,0,104,197
05/21/2021,HVN,CT,ANE,EN,Federal Contract Tower,2,11,11,0,24,0,0,39,0,39,2,11,50,0,63,88,0,88,151
05/22/2021,HVN,CT,ANE,EN,Federal Contract Tower,2,8,5,0,15,0,6,49,0,55,2,14,54,0,70,90,0,90,160
05/23/2021,HVN,CT,ANE,EN,Federal Contract Tower,2,5,8,0,15,0,1,34,0,35,2,6,42,0,50,28,0,28,78
05/24/2021,HVN,CT,ANE,EN,Federal Contract Tower,2,11,12,0,25,0,0,28,0,28,2,11,40,0,53,82,0,82,135
05/25/2021,HVN,CT,ANE,EN,Federal Contract Tower,2,3,11,0,16,0,0,32,0,32,2,3,43,0,48,108,2,110,158
05/26/2021,HVN,CT,ANE,EN,Federal Contract Tower,2,8,14,0,24,0,0,28,0,28,2,8,42,0,52,32,0,32,84
05/27/2021,HVN,CT,ANE,EN,Federal Contract Tower,2,7,18,1,28,0,5,70,0,75,2,12,88,1,103,122,0,122,225
05/28/2021,HVN,CT,ANE,EN,Federal Contract Tower,2,10,15,0,27,0,0,53,0,53,2,10,68,0,80,54,0,54,134
05/29/2021,HVN,CT,ANE,EN,Federal Contract Tower,0,4,5,0,9,0,0,0,0,0,0,4,5,0,9,0,0,0,9
05/30/2021,HVN,CT,ANE,EN,Federal Contract Tower,0,3,5,0,8,0,0,1,0,1,0,3,6,0,9,0,0,0,9
05/31/2021,HVN,CT,ANE,EN,Federal Contract Tower,2,2,19,0,23,0,0,32,0,32,2,2,51,0,55,42,0,42,97
06/01/2021,HVN,CT,ANE,EN,Federal Contract Tower,0,4,10,0,14,0,0,42,0,42,0,4,52,0,56,70,0,70,126
06/02/2021,HVN,CT,ANE,EN,Federal Contract Tower,0,10,4,0,14,0,2,53,0,55,0,12,57,0,69,60,0,60,129
06/03/2021,HVN,CT,ANE,EN,Federal Contract Tower,3,8,23,0,34,0,0,0,0,0,3,8,23,0,34,0,0,0,34
06/04/2021,HVN,CT,ANE,EN,Federal Contract Tower,2,6,10,0,18,0,0,11,0,11,2,6,21,0,29,50,0,50,79
06/05/2021,HVN,CT,ANE,EN,Federal Contract Tower,2,4,7,0,13,0,0,44,0,44,2,4,51,0,57,56,0,56,113
06/06/2021,HVN,CT,ANE,EN,Federal Contract Tower,2,2,7,0,11,0,0,42,0,42,2,2,49,0,53,36,0,36,89
06/07/2021,HVN,CT,ANE,EN,Federal Contract Tower,2,9,2,0,13,0,0,42,0,42,2,9,44,0,55,20,0,20,75
06/08/2021,HVN,CT,ANE,EN,Federal Contract Tower,2,3,6,0,11,0,1,14,8,23,2,4,20,8,34,32,0,32,66
06/09/2021,HVN,CT,ANE,EN,Federal Contract Tower,2,5,10,0,17,0,1,23,0,24,2,6,33,0,41,34,0,34,75
06/10/2021,HVN,CT,ANE,EN,Federal Contract Tower,2,4,6,0,12,0,2,60,0,62,2,6,66,0,74,56,0,56,130
06/11/2021,HVN,CT,ANE,EN,Federal Contract Tower,2,6,11,0,19,0,0,43,0,43,2,6,54,0,62,46,0,46,108
06/12/2021,HVN,CT,ANE,EN,Federal Contract Tower,2,10,12,0,24,0,0,31,0,31,2,10,43,0,55,62,0,62,117
06/13/2021,HVN,CT,ANE,EN,Federal Contract Tower,2,8,6,0,16,0,4,66,0,70,2,12,72,0,86,148,0,148,234
06/14/2021,HVN,CT,ANE,EN,Federal Contract Tower,2,5,11,0,18,0,4,23,2,29,2,9,34,2,47,30,0,30,77
06/15/2021,HVN,CT,ANE,EN,Federal Contract Tower,2,1,15,0,18,0,11,26,0,37,2,12,41,0,55,70,0,70,125
06/16/2021,HVN,CT,ANE,EN,Federal Contract Tower,4,4,10,0,18,0,2,36,0,38,4,6,46,0,56,10,16,26,82
06/17/2021,HVN,CT,ANE,EN,Federal Contract Tower,2,8,6,0,16,0,5,47,0,52,2,13,53,0,68,50,0,50,118
06/18/2021,HVN,CT,ANE,EN,Federal Contract Tower,2,6,11,0,19,0,21,38,2,61,2,27,49,2,80,84,0,84,164
06/19/2021,HVN,CT,ANE,EN,Federal Contract Tower,1,2,10,0,13,0,2,46,0,48,1,4,56,0,61,90,0,90,151
06/20/2021,HVN,CT,ANE,EN,Federal Contract Tower,2,5,8,0,15,0,8,50,2,60,2,13,58,2,75,46,0,46,121
06/21/2021,HVN,CT,ANE,EN,Federal Contract Tower,2,10,11,0,23,0,4,12,0,16,2,14,23,0,39,70,0,70,109
06/22/2021,HVN,CT,ANE,EN,Federal Contract Tower,2,9,12,0,23,0,4,19,0,23,2,13,31,0,46,18,0,18,64
06/23/2021,HVN,CT,ANE,EN,Federal Contract Tower,1,7,24,0,32,0,10,67,1,78,1,17,91,1,110,152,2,154,264
06/24/2021,HVN,CT,ANE,EN,Federal Contract Tower,2,4,12,0,18,0,11,55,0,66,2,15,67,0,84,74,0,74,158
06/25/2021,HVN,CT,ANE,EN,Federal Contract Tower,2,6,15,0,23,0,0,41,0,41,2,6,56,0,64,74,0,74,138
06/26/2021,HVN,CT,ANE,EN,Federal Contract Tower,2,0,26,0,28,0,1,28,0,29,2,1,54,0,57,2,0,2,59
06/27/2021,HVN,CT,ANE,EN,Federal Contract Tower,2,6,26,0,34,0,14,20,10,44,2,20,46,10,78,18,0,18,96
06/28/2021,HVN,CT,ANE,EN,Federal Contract Tower,2,5,13,0,20,0,8,37,0,45,2,13,50,0,65,52,0,52,117
06/29/2021,HVN,CT,ANE,EN,Federal Contract Tower,2,6,10,3,21,0,2,38,0,40,2,8,48,3,61,106,0,106,167
06/30/2021,HVN,CT,ANE,EN,Federal Contract Tower,2,8,4,0,14,0,3,48,0,51,2,11,52,0,65,30,4,34,99
07/01/2021,HVN,CT,ANE,EN,Federal Contract Tower,2,14,10,0,26,0,5,34,0,39,2,19,44,0,65,62,0,62,127
07/02/2021,HVN,CT,ANE,EN,Federal Contract Tower,2,6,21,0,29,0,0,18,0,18,2,6,39,0,47,0,0,0,47
07/03/2021,HVN,CT,ANE,EN,Federal Contract Tower,2,6,7,0,15,0,0,10,0,10,2,6,17,0,25,24,0,24,49
07/04/2021,HVN,CT,ANE,EN,Federal Contract Tower,2,0,5,0,7,0,6,20,0,26,2,6,25,0,33,56,0,56,89
07/05/2021,HVN,CT,ANE,EN,Federal Contract Tower,2,9,12,0,23,0,7,35,0,42,2,16,47,0,65,76,0,76,141
07/06/2021,HVN,CT,ANE,EN,Federal Contract Tower,1,7,15,0,23,0,7,40,0,47,1,14,55,0,70,72,0,72,142
07/07/2021,HVN,CT,ANE,EN,Federal Contract Tower,1,6,11,0,18,0,5,25,3,33,1,11,36,3,51,26,0,26,77
07/08/2021,HVN,CT,ANE,EN,Federal Contract Tower,2,7,23,4,36,0,0,16,1,17,2,7,39,5,53,50,0,50,103
07/09/2021,HVN,CT,ANE,EN,Federal Contract Tower,2,0,5,0,7,0,9,12,0,21,2,9,17,0,28,18,0,18,46
07/10/2021,HVN,CT,ANE,EN,Federal Contract Tower,2,10,26,0,38,0,6,39,0,45,2,16,65,0,83,68,0,68,151
07/11/2021,HVN,CT,ANE,EN,Federal Contract Tower,2,7,10,0,19,0,5,35,0,40,2,12,45,0,59,42,0,42,101
07/12/2021,HVN,CT,ANE,EN,Federal Contract Tower,1,6,19,0,26,0,2,3,0,5,1,8,22,0,31,54,0,54,85
07/13/2021,HVN,CT,ANE,EN,Federal Contract Tower,0,11,24,0,35,0,2,1,0,3,0,13,25,0,38,0,0,0,38
07/14/2021,HVN,CT,ANE,EN,Federal Contract Tower,1,7,14,0,22,0,0,16,0,16,1,7,30,0,38,24,0,24,62
07/15/2021,HVN,CT,ANE,EN,Federal Contract Tower,2,2,9,0,13,0,8,47,0,55,2,10,56,0,68,104,0,104,172
07/16/2021,HVN,CT,ANE,EN,Federal Contract Tower,2,4,13,0,19,0,12,39,0,51,2,16,52,0,70,72,2,74,144
07/17/2021,HVN,CT,ANE,EN,Federal Contract Tower,2,4,5,0,11,0,5,60,0,65,2,9,65,0,76,74,0,74,150
07/18/2021,HVN,CT,ANE,EN,Federal Contract Tower,1,9,15,0,25,0,6,17,0,23,1,15,32,0,48,26,0,26,74
07/19/2021,HVN,CT,ANE,EN,Federal Contract Tower,2,4,4,0,10,0,12,37,1,50,2,16,41,1,60,72,2,74,134
07/20/2021,HVN,CT,ANE,EN,Federal Contract Tower,1,9,11,0,21,0,0,18,0,18,1,9,29,0,39,0,0,0,39
07/22/2021,HVN,CT,ANE,EN,Federal Contract Tower,2,1,2,0,5,0,0,76,0,76,2,1,78,0,81,110,0,110,191
07/23/2021,HVN,CT,ANE,EN,Federal Contract Tower,2,4,5,0,11,0,5,71,0,76,2,9,76,0,87,24,0,24,111
07/24/2021,HVN,CT,ANE,EN,Federal Contract Tower,2,4,2,0,8,0,5,65,0,70,2,9,67,0,78,90,0,90,168
07/25/2021,HVN,CT,ANE,EN,Federal Contract Tower,2,3,11,0,16,0,3,34,0,37,2,6,45,0,53,50,0,50,103
07/26/2021,HVN,CT,ANE,EN,Federal Contract Tower,2,3,22,0,27,0,13,38,0,51,2,16,60,0,78,88,0,88,166
07/27/2021,HVN,CT,ANE,EN,Federal Contract Tower,1,13,18,1,33,0,11,29,4,44,1,24,47,5,77,34,0,34,111
07/28/2021,HVN,CT,ANE,EN,Federal Contract Tower,1,9,13,0,23,0,0,27,0,27,1,9,40,0,50,30,0,30,80
07/29/2021,HVN,CT,ANE,EN,Federal Contract Tower,2,5,11,0,18,0,0,14,0,14,2,5,25,0,32,16,0,16,48
07/30/2021,HVN,CT,ANE,EN,Federal Contract Tower,2,2,18,0,22,0,4,38,0,42,2,6,56,0,64,26,0,26,90
07/31/2021,HVN,CT,ANE,EN,Federal Contract Tower,2,4,7,0,13,0,4,59,4,67,2,8,66,4,80,44,0,44,124
08/01/2021,HVN,CT,ANE,EN,Federal Contract Tower,2,2,7,0,11,0,3,46,0,49,2,5,53,0,60,64,0,64,124
08/02/2021,HVN,CT,ANE,EN,Federal Contract Tower,1,12,5,0,18,0,11,40,7,58,1,23,45,7,76,6,8,14,90
08/03/2021,HVN,CT,ANE,EN,Federal Contract Tower,0,11,6,2,19,0,5,49,1,55,0,16,55,3,74,118,0,118,192
08/04/2021,HVN,CT,ANE,EN,Federal Contract Tower,1,5,15,0,21,0,0,35,0,35,1,5,50,0,56,80,0,80,136
08/05/2021,HVN,CT,ANE,EN,Federal Contract Tower,2,3,14,0,19,0,1,16,0,17,2,4,30,0,36,72,0,72,108
08/06/2021,HVN,CT,ANE,EN,Federal Contract Tower,2,4,10,1,17,0,5,67,4,76,2,9,77,5,93,164,16,180,273
08/07/2021,HVN,CT,ANE,EN,Federal Contract Tower,2,4,5,0,11,0,2,64,0,66,2,6,69,0,77,104,0,104,181
08/08/2021,HVN,CT,ANE,EN,Federal Contract Tower,2,5,6,0,13,0,1,36,0,37,2,6,42,0,50,26,32,58,108
08/09/2021,HVN,CT,ANE,EN,Federal Contract Tower,2,4,37,0,43,0,6,21,0,27,2,10,58,0,70,42,0,42,112
08/10/2021,HVN,CT,ANE,EN,Federal Contract Tower,1,7,15,1,24,0,1,27,1,29,1,8,42,2,53,68,0,68,121
08/11/2021,HVN,CT,ANE,EN,Federal Contract Tower,1,13,22,0,36,0,0,38,0,38,1,13,60,0,74,78,0,78,152
08/12/2021,HVN,CT,ANE,EN,Federal Contract Tower,2,7,8,0,17,0,11,39,0,50,2,18,47,0,67,92,0,92,159
08/13/2021,HVN,CT,ANE,EN,Federal Contract Tower,2,7,7,0,16,0,12,38,0,50,2,19,45,0,66,32,0,32,98
08/14/2021,HVN,CT,ANE,EN,Federal Contract Tower,2,10,8,0,20,0,4,35,0,39,2,14,43,0,59,82,0,82,141
08/15/2021,HVN,CT,ANE,EN,Federal Contract Tower,2,13,6,0,21,0,0,71,2,73,2,13,77,2,94,82,0,82,176
08/16/2021,HVN,CT,ANE,EN,Federal Contract Tower,2,6,9,0,17,0,11,46,0,57,2,17,55,0,74,106,0,106,180
08/17/2021,HVN,CT,ANE,EN,Federal Contract Tower,1,4,8,0,13,0,11,41,0,52,1,15,49,0,65,144,0,144,209
08/18/2021,HVN,CT,ANE,EN,Federal Contract Tower,0,10,14,2,26,0,7,37,0,44,0,17,51,2,70,114,0,114,184
08/19/2021,HVN,CT,ANE,EN,Federal Contract Tower,1,3,7,0,11,0,1,18,0,19,1,4,25,0,30,0,0,0,30
08/20/2021,HVN,CT,ANE,EN,Federal Contract Tower,2,5,12,0,19,0,5,40,0,45,2,10,52,0,64,76,0,76,140
08/21/2021,HVN,CT,ANE,EN,Federal Contract Tower,1,5,13,0,19,0,14,18,0,32,1,19,31,0,51,110,0,110,161
08/22/2021,HVN,CT,ANE,EN,Federal Contract Tower,1,0,1,0,2,0,0,2,0,2,1,0,3,0,4,0,0,0,4
08/23/2021,HVN,CT,ANE,EN,Federal Contract Tower,2,5,16,0,23,0,0,4,3,7,2,5,20,3,30,20,0,20,50
08/24/2021,HVN,CT,ANE,EN,Federal Contract Tower,1,9,4,0,14,0,3,34,0,37,1,12,38,0,51,100,0,100,151
08/25/2021,HVN,CT,ANE,EN,Federal Contract Tower,0,7,6,0,13,0,2,65,0,67,0,9,71,0,80,186,0,186,266
08/26/2021,HVN,CT,ANE,EN,Federal Contract Tower,1,6,3,1,11,0,0,60,0,60,1,6,63,1,71,32,0,32,103
08/27/2021,HVN,CT,ANE,EN,Federal Contract Tower,2,7,13,0,22,0,66,0,0,66,2,73,13,0,88,102,0,102,190
08/28/2021,HVN,CT,ANE,EN,Federal Contract Tower,2,4,13,0,19,0,0,39,0,39,2,4,52,0,58,130,0,130,188
08/29/2021,HVN,CT,ANE,EN,Federal Contract Tower,2,4,22,0,28,0,0,38,0,38,2,4,60,0,66,52,0,52,118
08/30/2021,HVN,CT,ANE,EN,Federal Contract Tower,2,2,11,0,15,0,4,22,0,26,2,6,33,0,41,64,0,64,105
08/31/2021,HVN,CT,ANE,EN,Federal Contract Tower,1,2,9,0,12,0,3,55,0,58,1,5,64,0,70,110,0,110,180
09/01/2021,HVN,CT,ANE,EN,Federal Contract Tower,0,1,12,0,13,0,0,3,0,3,0,1,15,0,16,26,0,26,42
09/02/2021,HVN,CT,ANE,EN,Federal Contract Tower,1,11,14,0,26,0,2,36,0,38,1,13,50,0,64,18,0,18,82
09/03/2021,HVN,CT,ANE,EN,Federal Contract Tower,2,9,15,0,26,0,13,63,0,76,2,22,78,0,102,172,0,172,274
09/04/2021,HVN,CT,ANE,EN,Federal Contract Tower,2,3,5,0,10,0,4,50,2,56,2,7,55,2,66,132,0,132,198
09/05/2021,HVN,CT,ANE,EN,Federal Contract Tower,2,2,13,2,19,0,3,31,0,34,2,5,44,2,53,136,0,136,189
09/06/2021,HVN,CT,ANE,EN,Federal Contract Tower,2,3,23,0,28,0,9,71,0,80,2,12,94,0,108,110,0,110,218
09/07/2021,HVN,CT,ANE,EN,Federal Contract Tower,1,8,10,0,19,0,5,54,0,59,1,13,64,0,78,116,0,116,194
09/08/2021,HVN,CT,ANE,EN,Federal Contract Tower,0,13,13,0,26,0,3,38,0,41,0,16,51,0,67,278,0,278,345
09/09/2021,HVN,CT,ANE,EN,Federal Contract Tower,2,17,24,4,47,0,2,12,0,14,2,19,36,4,61,70,0,70,131
09/10/2021,HVN,CT,ANE,EN,Federal Contract Tower,2,15,11,2,30,0,1,52,0,53,2,16,63,2,83,132,0,132,215
09/11/2021,HVN,CT,ANE,EN,Federal Contract Tower,2,4,10,0,16,0,0,82,2,84,2,4,92,2,100,232,0,232,332
09/12/2021,HVN,CT,ANE,EN,Federal Contract Tower,2,7,9,0,18,0,3,52,0,55,2,10,61,0,73,94,0,94,167
09/13/2021,HVN,CT,ANE,EN,Federal Contract Tower,2,1,4,0,7,0,5,51,0,56,2,6,55,0,63,148,0,148,211
09/14/2021,HVN,CT,ANE,EN,Federal Contract Tower,0,4,9,0,13,0,3,58,0,61,0,7,67,0,74,184,0,184,258
09/15/2021,HVN,CT,ANE,EN,Federal Contract Tower,0,3,15,0,18,0,3,11,2,16,0,6,26,2,34,130,0,130,164
09/16/2021,HVN,CT,ANE,EN,Federal Contract Tower,2,3,6,0,11,0,2,24,0,26,2,5,30,0,37,22,0,22,59
09/17/2021,HVN,CT,ANE,EN,Federal Contract Tower,2,8,19,0,29,0,4,12,0,16,2,12,31,0,45,96,0,96,141
09/18/2021,HVN,CT,ANE,EN,Federal Contract Tower,2,1,12,0,15,0,52,2,0,54,2,53,14,0,69,172,0,172,241
09/19/2021,HVN,CT,ANE,EN,Federal Contract Tower,2,4,7,0,13,0,0,68,0,68,2,4,75,0,81,46,0,46,127
09/20/2021,HVN,CT,ANE,EN,Federal Contract Tower,2,9,15,0,26,0,2,60,2,64,2,11,75,2,90,166,0,166,256
09/21/2021,HVN,CT,ANE,EN,Federal Contract Tower,0,9,8,0,17,0,5,43,0,48,0,14,51,0,65,144,0,144,209
09/22/2021,HVN,CT,ANE,EN,Federal Contract Tower,0,9,11,0,20,0,0,14,0,14,0,9,25,0,34,50,0,50,84
09/23/2021,HVN,CT,ANE,EN,Federal Contract Tower,0,10,7,0,17,0,0,22,0,22,0,10,29,0,39,32,0,32,71
09/24/2021,HVN,CT,ANE,EN,Federal Contract Tower,2,11,16,2,31,0,0,37,0,37,2,11,53,2,68,40,0,40,108
09/25/2021,HVN,CT,ANE,EN,Federal Contract Tower,2,13,11,0,26,0,5,65,0,70,2,18,76,0,96,94,0,94,190
09/26/2021,HVN,CT,ANE,EN,Federal Contract Tower,2,21,8,0,31,0,5,50,0,55,2,26,58,0,86,162,0,162,248
09/27/2021,HVN,CT,ANE,EN,Federal Contract Tower,2,9,3,0,14,0,0,58,0,58,2,9,61,0,72,120,0,120,192
09/28/2021,HVN,CT,ANE,EN,Federal Contract Tower,0,5,4,0,9,0,1,18,2,21,0,6,22,2,30,104,0,104,134
09/29/2021,HVN,CT,ANE,EN,Federal Contract Tower,0,10,15,2,27,0,0,45,1,46,0,10,60,3,73,162,0,162,235
09/30/2021,HVN,CT,ANE,EN,Federal Contract Tower,2,9,8,0,19,0,0,34,0,34,2,9,42,0,53,164,0,164,217
10/01/2021,HVN,CT,ANE,EN,Federal Contract Tower,0,13,12,0,25,0,2,61,0,63,0,15,73,0,88,158,0,158,246
10/02/2021,HVN,CT,ANE,EN,Federal Contract Tower,0,3,5,0,8,0,0,56,0,56,0,3,61,0,64,174,0,174,238
10/03/2021,HVN,CT,ANE,EN,Federal Contract Tower,0,12,11,0,23,0,9,47,0,56,0,21,58,0,79,116,0,116,195
10/04/2021,HVN,CT,ANE,EN,Federal Contract Tower,0,5,17,0,22,0,0,0,0,0,0,5,17,0,22,0,0,0,22
10/05/2021,HVN,CT,ANE,EN,Federal Contract Tower,0,4,13,5,22,0,2,18,0,20,0,6,31,5,42,60,0,60,102
10/06/2021,HVN,CT,ANE,EN,Federal Contract Tower,0,3,21,0,24,0,1,61,0,62,0,4,82,0,86,152,0,152,238
10/07/2021,HVN,CT,ANE,EN,Federal Contract Tower,0,4,12,3,19,0,3,56,0,59,0,7,68,3,78,130,0,130,208
10/08/2021,HVN,CT,ANE,EN,Federal Contract Tower,0,15,10,0,25,0,13,47,0,60,0,28,57,0,85,100,0,100,185
10/09/2021,HVN,CT,ANE,EN,Federal Contract Tower,0,15,10,0,25,0,2,14,0,16,0,17,24,0,41,100,0,100,141
10/10/2021,HVN,CT,ANE,EN,Federal Contract Tower,0,9,18,0,27,0,6,13,0,19,0,15,31,0,46,106,0,106,152
10/11/2021,HVN,CT,ANE,EN,Federal Contract Tower,0,5,12,0,17,0,5,27,0,32,0,10,39,0,49,100,0,100,149
10/12/2021,HVN,CT,ANE,EN,Federal Contract Tower,0,7,17,0,24,0,4,44,0,48,0,11,61,0,72,104,0,104,176
10/13/2021,HVN,CT,ANE,EN,Federal Contract Tower,0,9,14,0,23,0,1,26,0,27,0,10,40,0,50,88,0,88,138
10/14/2021,HVN,CT,ANE,EN,Federal Contract Tower,0,12,18,2,32,0,1,55,0,56,0,13,73,2,88,128,0,128,216
10/15/2021,HVN,CT,ANE,EN,Federal Contract Tower,0,14,15,0,29,0,5,24,0,29,0,19,39,0,58,48,0,48,106
10/16/2021,HVN,CT,ANE,EN,Federal Contract Tower,0,4,8,0,12,0,4,28,0,32,0,8,36,0,44,104,0,104,148
10/17/2021,HVN,CT,ANE,EN,Federal Contract Tower,0,11,7,0,18,0,5,50,0,55,0,16,57,0,73,136,0,136,209
10/18/2021,HVN,CT,ANE,EN,Federal Contract Tower,0,8,7,0,15,0,4,14,0,18,0,12,21,0,33,52,0,52,85
10/19/2021,HVN,CT,ANE,EN,Federal Contract Tower,0,16,7,0,23,0,4,28,0,32,0,20,35,0,55,72,0,72,127
10/20/2021,HVN,CT,ANE,EN,Federal Contract Tower,0,3,5,0,8,0,1,32,0,33,0,4,37,0,41,122,0,122,163
10/21/2021,HVN,CT,ANE,EN,Federal Contract Tower,0,10,13,1,24,0,1,50,0,51,0,11,63,1,75,74,0,74,149
10/22/2021,HVN,CT,ANE,EN,Federal Contract Tower,0,6,5,0,11,0,1,68,0,69,0,7,73,0,80,48,0,48,128
10/23/2021,HVN,CT,ANE,EN,Federal Contract Tower,0,4,7,0,11,0,5,62,0,67,0,9,69,0,78,106,0,106,184
10/24/2021,HVN,CT,ANE,EN,Federal Contract Tower,0,13,11,0,24,0,3,68,0,71,0,16,79,0,95,238,4,242,337
10/25/2021,HVN,CT,ANE,EN,Federal Contract Tower,0,5,15,0,20,0,9,8,0,17,0,14,23,0,37,26,0,26,63
10/26/2021,HVN,CT,ANE,EN,Federal Contract Tower,1,4,5,0,10,0,0,0,0,0,1,4,5,0,10,0,0,0,10
10/27/2021,HVN,CT,ANE,EN,Federal Contract Tower,0,6,5,0,11,0,1,3,0,4,0,7,8,0,15,0,0,0,15
10/28/2021,HVN,CT,ANE,EN,Federal Contract Tower,0,8,12,2,22,0,2,44,0,46,0,10,56,2,68,64,0,64,132
10/29/2021,HVN,CT,ANE,EN,Federal Contract Tower,0,14,9,0,23,0,0,23,0,23,0,14,32,0,46,22,0,22,68
10/30/2021,HVN,CT,ANE,EN,Federal Contract Tower,0,7,4,0,11,0,0,2,0,2,0,7,6,0,13,0,0,0,13
10/31/2021,HVN,CT,ANE,EN,Federal Contract Tower,0,11,12,0,23,0,7,21,0,28,0,18,33,0,51,42,0,42,93
11/01/2021,HVN,CT,ANE,EN,Federal Contract Tower,0,17,7,0,24,0,5,36,0,41,0,22,43,0,65,30,0,30,95
11/02/2021,HVN,CT,ANE,EN,Federal Contract Tower,1,3,12,0,16,0,0,45,0,45,1,3,57,0,61,108,0,108,169
11/03/2021,HVN,CT,ANE,EN,Federal Contract Tower,2,6,7,0,15,0,0,35,0,35,2,6,42,0,50,62,0,62,112
11/04/2021,HVN,CT,ANE,EN,Federal Contract Tower,2,9,13,0,24,0,0,22,0,22,2,9,35,0,46,90,0,90,136
11/05/2021,HVN,CT,ANE,EN,Federal Contract Tower,4,14,11,2,31,0,3,49,2,54,4,17,60,4,85,70,4,74,159
11/06/2021,HVN,CT,ANE,EN,Federal Contract Tower,4,7,11,0,22,0,2,53,0,55,4,9,64,0,77,58,0,58,135
11/07/2021,HVN,CT,ANE,EN,Federal Contract Tower,4,16,13,0,33,0,5,46,0,51,4,21,59,0,84,42,0,42,126
11/08/2021,HVN,CT,ANE,EN,Federal Contract Tower,6,2,12,0,20,0,4,36,0,40,6,6,48,0,60,108,0,108,168
11/09/2021,HVN,CT,ANE,EN,Federal Contract Tower,0,6,9,2,17,0,0,50,0,50,0,6,59,2,67,84,0,84,151
11/10/2021,HVN,CT,ANE,EN,Federal Contract Tower,0,3,3,0,6,0,2,14,0,16,0,5,17,0,22,10,0,10,32
11/11/2021,HVN,CT,ANE,EN,Federal Contract Tower,6,9,13,0,28,0,4,23,0,27,6,13,36,0,55,12,0,12,67
11/12/2021,HVN,CT,ANE,EN,Federal Contract Tower,6,4,10,0,20,0,0,2,0,2,6,4,12,0,22,0,0,0,22
11/13/2021,HVN,CT,ANE,EN,Federal Contract Tower,6,1,5,1,13,0,0,27,0,27,6,1,32,1,40,6,0,6,46
11/14/2021,HVN,CT,ANE,EN,Federal Contract Tower,6,3,20,0,29,0,0,37,0,37,6,3,57,0,66,10,0,10,76
11/15/2021,HVN,CT,ANE,EN,Federal Contract Tower,5,6,9,2,22,0,0,13,0,13,5,6,22,2,35,8,0,8,43
11/16/2021,HVN,CT,ANE,EN,Federal Contract Tower,0,5,9,0,14,0,1,15,0,16,0,6,24,0,30,32,0,32,62
11/17/2021,HVN,CT,ANE,EN,Federal Contract Tower,0,2,16,0,18,0,0,24,0,24,0,2,40,0,42,42,0,42,84
11/18/2021,HVN,CT,ANE,EN,Federal Contract Tower,6,3,11,0,20,0,0,17,0,17,6,3,28,0,37,52,0,52,89
11/19/2021,HVN,CT,ANE,EN,Federal Contract Tower,7,12,23,0,42,0,0,28,2,30,7,12,51,2,72,52,2,54,126
11/20/2021,HVN,CT,ANE,EN,Federal Contract Tower,6,15,13,0,34,0,0,47,0,47,6,15,60,0,81,6,0,6,87
11/21/2021,HVN,CT,ANE,EN,Federal Contract Tower,6,10,15,0,31,0,0,30,0,30,6,10,45,0,61,28,0,28,89
11/22/2021,HVN,CT,ANE,EN,Federal Contract Tower,6,11,17,0,34,0,0,29,0,29,6,11,46,0,63,66,0,66,129
11/23/2021,HVN,CT,ANE,EN,Federal Contract Tower,6,3,11,0,20,0,2,6,0,8,6,5,17,0,28,20,0,20,48
11/24/2021,HVN,CT,ANE,EN,Federal Contract Tower,6,10,11,0,27,0,2,17,0,19,6,12,28,0,46,18,0,18,64
11/25/2021,HVN,CT,ANE,EN,Federal Contract Tower,6,2,0,0,8,0,4,8,0,12,6,6,8,0,20,16,0,16,36
11/26/2021,HVN,CT,ANE,EN,Federal Contract Tower,6,5,7,0,18,0,0,1,0,1,6,5,8,0,19,16,0,16,35
11/27/2021,HVN,CT,ANE,EN,Federal Contract Tower,6,16,6,0,28,0,0,8,0,8,6,16,14,0,36,0,0,0,36
11/28/2021,HVN,CT,ANE,EN,Federal Contract Tower,6,9,18,0,33,0,2,19,0,21,6,11,37,0,54,58,0,58,112
11/29/2021,HVN,CT,ANE,EN,Federal Contract Tower,6,2,13,0,21,0,0,20,0,20,6,2,33,0,41,20,0,20,61
11/30/2021,HVN,CT,ANE,EN,Federal Contract Tower,6,6,12,0,24,0,0,14,0,14,6,6,26,0,38,10,0,10,48
12/01/2021,HVN,CT,ANE,EN,Federal Contract Tower,0,3,9,0,12,0,3,38,7,48,0,6,47,7,60,76,2,78,138
12/02/2021,HVN,CT,ANE,EN,Federal Contract Tower,6,12,21,0,39,0,0,27,0,27,6,12,48,0,66,18,0,18,84
12/03/2021,HVN,CT,ANE,EN,Federal Contract Tower,6,3,7,0,16,0,0,16,0,16,6,3,23,0,32,0,0,0,32
12/04/2021,HVN,CT,ANE,EN,Federal Contract Tower,6,3,8,0,17,0,0,43,0,43,6,3,51,0,60,86,0,86,146
12/05/2021,HVN,CT,ANE,EN,Federal Contract Tower,6,3,10,0,19,0,0,34,0,34,6,3,44,0,53,24,0,24,77
12/06/2021,HVN,CT,ANE,EN,Federal Contract Tower,6,3,8,0,17,0,0,0,0,0,6,3,8,0,17,0,2,2,19
12/07/2021,HVN,CT,ANE,EN,Federal Contract Tower,0,11,8,0,19,0,0,11,0,11,0,11,19,0,30,60,0,60,90
12/08/2021,HVN,CT,ANE,EN,Federal Contract Tower,0,8,11,0,19,0,0,2,0,2,0,8,13,0,21,0,0,0,21
12/09/2021,HVN,CT,ANE,EN,Federal Contract Tower,6,3,11,0,20,0,0,22,2,24,6,3,33,2,44,34,2,36,80
12/10/2021,HVN,CT,ANE,EN,Federal Contract Tower,6,1,3,0,10,0,0,19,0,19,6,1,22,0,29,28,0,28,57
12/11/2021,HVN,CT,ANE,EN,Federal Contract Tower,5,1,1,0,7,0,0,0,0,0,5,1,1,0,7,0,0,0,7
12/12/2021,HVN,CT,ANE,EN,Federal Contract Tower,6,6,2,0,14,0,0,26,2,28,6,6,28,2,42,62,0,62,104
12/13/2021,HVN,CT,ANE,EN,Federal Contract Tower,6,4,6,0,16,0,2,22,0,24,6,6,28,0,40,12,0,12,52
12/14/2021,HVN,CT,ANE,EN,Federal Contract Tower,1,2,23,0,26,0,0,37,0,37,1,2,60,0,63,44,0,44,107
12/15/2021,HVN,CT,ANE,EN,Federal Contract Tower,0,7,13,2,22,0,0,16,0,16,0,7,29,2,38,28,0,28,66
12/16/2021,HVN,CT,ANE,EN,Federal Contract Tower,10,5,13,2,30,0,0,27,0,27,10,5,40,2,57,36,0,36,93
12/17/2021,HVN,CT,ANE,EN,Federal Contract Tower,9,3,3,0,15,0,0,29,2,31,9,3,32,2,46,4,0,4,50
12/18/2021,HVN,CT,ANE,EN,Federal Contract Tower,9,3,3,0,15,0,0,0,0,0,9,3,3,0,15,0,0,0,15
12/19/2021,HVN,CT,ANE,EN,Federal Contract Tower,10,2,4,0,16,0,0,15,0,15,10,2,19,0,31,18,0,18,49
12/20/2021,HVN,CT,ANE,EN,Federal Contract Tower,9,6,8,0,23,0,0,29,0,29,9,6,37,0,52,84,0,84,136
12/21/2021,HVN,CT,ANE,EN,Federal Contract Tower,8,7,15,0,30,0,0,16,1,17,8,7,31,1,47,32,2,34,81
12/22/2021,HVN,CT,ANE,EN,Federal Contract Tower,10,3,3,1,17,0,0,4,0,4,10,3,7,1,21,8,0,8,29
12/23/2021,HVN,CT,ANE,EN,Federal Contract Tower,10,12,9,1,32,0,0,31,0,31,10,12,40,1,63,12,4,16,79
12/24/2021,HVN,CT,ANE,EN,Federal Contract Tower,9,6,0,0,15,0,0,0,0,0,9,6,0,0,15,0,0,0,15
12/25/2021,HVN,CT,ANE,EN,Federal Contract Tower,9,5,0,0,14,0,0,0,0,0,9,5,0,0,14,0,0,0,14
12/26/2021,HVN,CT,ANE,EN,Federal Contract Tower,8,10,4,0,22,0,1,23,0,24,8,11,27,0,46,10,0,10,56
12/27/2021,HVN,CT,ANE,EN,Federal Contract Tower,9,9,3,0,21,0,1,15,0,16,9,10,18,0,37,46,0,46,83
12/28/2021,HVN,CT,ANE,EN,Federal Contract Tower,8,18,12,0,38,0,0,15,2,17,8,18,27,2,55,36,0,36,91
12/29/2021,HVN,CT,ANE,EN,Federal Contract Tower,10,2,4,0,16,0,0,0,0,0,10,2,4,0,16,0,0,0,16
12/30/2021,HVN,CT,ANE,EN,Federal Contract Tower,10,0,1,0,11,0,0,4,0,4,10,0,5,0,15,2,0,2,17
12/31/2021,HVN,CT,ANE,EN,Federal Contract Tower,10,0,6,0,16,0,0,2,0,2,10,0,8,0,18,20,0,20,38
01/01/2022,HVN,CT,ANE,EN,Federal Contract Tower,6,0,1,0,7,0,0,0,0,0,6,0,1,0,7,0,0,0,7
01/02/2022,HVN,CT,ANE,EN,Federal Contract Tower,10,6,5,0,21,0,0,0,0,0,10,6,5,0,21,0,0,0,21
01/03/2022,HVN,CT,ANE,EN,Federal Contract Tower,10,4,6,0,20,0,0,11,0,11,10,4,17,0,31,14,0,14,45
01/04/2022,HVN,CT,ANE,EN,Federal Contract Tower,8,1,4,0,13,0,2,36,0,38,8,3,40,0,51,44,0,44,95
01/05/2022,HVN,CT,ANE,EN,Federal Contract Tower,10,5,3,0,18,0,0,0,0,0,10,5,3,0,18,0,0,0,18
01/06/2022,HVN,CT,ANE,EN,Federal Contract Tower,8,12,6,1,27,0,0,29,0,29,8,12,35,1,56,28,4,32,88
01/07/2022,HVN,CT,ANE,EN,Federal Contract Tower,8,1,2,0,11,0,0,2,0,2,8,1,4,0,13,0,0,0,13
01/08/2022,HVN,CT,ANE,EN,Federal Contract Tower,8,3,8,0,19,0,0,28,0,28,8,3,36,0,47,46,0,46,93
01/09/2022,HVN,CT,ANE,EN,Federal Contract Tower,8,7,2,0,17,0,0,0,0,0,8,7,2,0,17,4,0,4,21
01/10/2022,HVN,CT,ANE,EN,Federal Contract Tower,11,7,2,0,20,0,0,15,0,15,11,7,17,0,35,8,4,12,47
01/11/2022,HVN,CT,ANE,EN,Federal Contract Tower,0,10,4,3,17,0,0,19,2,21,0,10,23,5,38,18,0,18,56
01/12/2022,HVN,CT,ANE,EN,Federal Contract Tower,0,0,6,0,6,0,0,8,2,10,0,0,14,2,16,2,0,2,18
01/13/2022,HVN,CT,ANE,EN,Federal Contract Tower,10,4,4,0,18,0,0,30,2,32,10,4,34,2,50,90,6,96,146
01/14/2022,HVN,CT,ANE,EN,Federal Contract Tower,9,5,5,0,19,0,1,8,4,13,9,6,13,4,32,8,0,8,40
01/15/2022,HVN,CT,ANE,EN,Federal Contract Tower,10,4,0,0,14,0,0,14,0,14,10,4,14,0,28,16,0,16,44
01/16/2022,HVN,CT,ANE,EN,Federal Contract Tower,8,2,8,0,18,0,0,30,0,30,8,2,38,0,48,52,0,52,100
01/17/2022,HVN,CT,ANE,EN,Federal Contract Tower,9,0,3,0,12,0,0,0,0,0,9,0,3,0,12,0,0,0,12
01/18/2022,HVN,CT,ANE,EN,Federal Contract Tower,3,3,4,0,10,0,1,3,0,4,3,4,7,0,14,2,0,2,16
01/19/2022,HVN,CT,ANE,EN,Federal Contract Tower,4,10,4,0,18,0,0,17,0,17,4,10,21,0,35,26,0,26,61
01/20/2022,HVN,CT,ANE,EN,Federal Contract Tower,9,9,6,0,24,0,2,0,0,2,9,11,6,0,26,4,0,4,30
01/21/2022,HVN,CT,ANE,EN,Federal Contract Tower,10,6,3,0,19,0,0,18,0,18,10,6,21,0,37,32,0,32,69
01/22/2022,HVN,CT,ANE,EN,Federal Contract Tower,10,2,7,0,19,0,0,55,0,55,10,2,62,0,74,106,0,106,180
01/23/2022,HVN,CT,ANE,EN,Federal Contract Tower,9,0,7,0,16,0,0,24,2,26,9,0,31,2,42,50,2,52,94
01/24/2022,HVN,CT,ANE,EN,Federal Contract Tower,11,4,3,0,18,0,0,15,0,15,11,4,18,0,33,4,2,6,39
01/25/2022,HVN,CT,ANE,EN,Federal Contract Tower,4,0,14,0,18,0,0,17,0,17,4,0,31,0,35,38,0,38,73
01/26/2022,HVN,CT,ANE,EN,Federal Contract Tower,4,3,4,0,11,0,0,10,0,10,4,3,14,0,21,12,0,12,33
01/27/2022,HVN,CT,ANE,EN,Federal Contract Tower,10,5,9,0,24,0,0,32,0,32,10,5,41,0,56,18,0,18,74
01/28/2022,HVN,CT,ANE,EN,Federal Contract Tower,9,3,4,0,16,0,0,0,0,0,9,3,4,0,16,0,0,0,16
01/29/2022,HVN,CT,ANE,EN,Federal Contract Tower,0,0,0,0,0,0,0,0,0,0,0,0,0,0,0,0,0,0,0
01/30/2022,HVN,CT,ANE,EN,Federal Contract Tower,7,4,6,0,17,0,0,16,0,16,7,4,22,0,33,12,4,16,49
01/31/2022,HVN,CT,ANE,EN,Federal Contract Tower,11,2,10,0,23,0,0,20,0,20,11,2,30,0,43,44,0,44,87
02/01/2022,HVN,CT,ANE,EN,Federal Contract Tower,4,4,3,0,11,0,0,9,0,9,4,4,12,0,20,10,0,10,30
02/02/2022,HVN,CT,ANE,EN,Federal Contract Tower,4,2,4,2,12,0,0,5,2,7,4,2,9,4,19,0,2,2,21
02/03/2022,HVN,CT,ANE,EN,Federal Contract Tower,13,6,2,0,21,0,0,0,0,0,13,6,2,0,21,0,0,0,21
02/04/2022,HVN,CT,ANE,EN,Federal Contract Tower,12,2,0,0,14,0,0,0,0,0,12,2,0,0,14,0,0,0,14
02/05/2022,HVN,CT,ANE,EN,Federal Contract Tower,9,8,1,0,18,0,0,9,0,9,9,8,10,0,27,0,0,0,27
02/06/2022,HVN,CT,ANE,EN,Federal Contract Tower,9,7,8,0,24,0,0,55,0,55,9,7,63,0,79,58,0,58,137
02/07/2022,HVN,CT,ANE,EN,Federal Contract Tower,9,5,3,0,17,0,0,0,0,0,9,5,3,0,17,0,0,0,17
02/08/2022,HVN,CT,ANE,EN,Federal Contract Tower,4,7,3,1,15,0,0,14,1,15,4,7,17,2,30,24,0,24,54
02/09/2022,HVN,CT,ANE,EN,Federal Contract Tower,4,5,12,0,21,0,0,34,4,38,4,5,46,4,59,70,0,70,129
02/10/2022,HVN,CT,ANE,EN,Federal Contract Tower,10,4,3,0,17,0,2,12,0,14,10,6,15,0,31,0,0,0,31
02/11/2022,HVN,CT,ANE,EN,Federal Contract Tower,10,6,12,0,28,0,0,31,0,31,10,6,43,0,59,62,0,62,121
02/12/2022,HVN,CT,ANE,EN,Federal Contract Tower,10,10,3,0,23,0,0,42,0,42,10,10,45,0,65,60,0,60,125
02/13/2022,HVN,CT,ANE,EN,Federal Contract Tower,8,8,4,0,20,0,0,0,0,0,8,8,4,0,20,0,0,0,20
02/14/2022,HVN,CT,ANE,EN,Federal Contract Tower,10,6,8,0,24,0,1,6,0,7,10,7,14,0,31,0,0,0,31
02/15/2022,HVN,CT,ANE,EN,Federal Contract Tower,4,12,5,2,23,0,0,37,2,39,4,12,42,4,62,40,0,40,102
02/16/2022,HVN,CT,ANE,EN,Federal Contract Tower,4,4,12,0,20,0,0,24,0,24,4,4,36,0,44,6,0,6,50
02/17/2022,HVN,CT,ANE,EN,Federal Contract Tower,10,4,4,0,18,0,0,8,0,8,10,4,12,0,26,20,0,20,46
02/18/2022,HVN,CT,ANE,EN,Federal Contract Tower,10,5,2,0,17,0,0,3,0,3,10,5,5,0,20,0,0,0,20
02/19/2022,HVN,CT,ANE,EN,Federal Contract Tower,10,4,1,0,15,0,0,6,0,6,10,4,7,0,21,8,0,8,29
02/20/2022,HVN,CT,ANE,EN,Federal Contract Tower,9,5,5,0,19,0,1,31,4,36,9,6,36,4,55,54,0,54,109
02/21/2022,HVN,CT,ANE,EN,Federal Contract Tower,10,0,4,0,14,0,0,69,0,69,10,0,73,0,83,60,0,60,143
02/22/2022,HVN,CT,ANE,EN,Federal Contract Tower,8,2,7,0,17,0,0,0,0,0,8,2,7,0,17,0,0,0,17
02/23/2022,HVN,CT,ANE,EN,Federal Contract Tower,6,0,9,0,15,0,0,0,2,2,6,0,9,2,17,6,0,6,23
02/24/2022,HVN,CT,ANE,EN,Federal Contract Tower,9,5,10,0,24,0,0,23,0,23,9,5,33,0,47,26,0,26,73
02/25/2022,HVN,CT,ANE,EN,Federal Contract Tower,8,2,7,0,17,0,0,0,0,0,8,2,7,0,17,0,0,0,17
02/26/2022,HVN,CT,ANE,EN,Federal Contract Tower,10,2,9,0,21,0,0,53,2,55,10,2,62,2,76,30,0,30,106
02/27/2022,HVN,CT,ANE,EN,Federal Contract Tower,9,5,11,0,25,0,0,11,0,11,9,5,22,0,36,14,0,14,50
02/28/2022,HVN,CT,ANE,EN,Federal Contract Tower,10,3,7,0,20,0,0,22,0,22,10,3,29,0,42,22,0,22,64
03/01/2022,HVN,CT,ANE,EN,Federal Contract Tower,8,7,10,1,26,0,0,16,3,19,8,7,26,4,45,4,0,4,49
03/02/2022,HVN,CT,ANE,EN,Federal Contract Tower,6,6,9,0,21,0,0,21,7,28,6,6,30,7,49,110,0,110,159
03/03/2022,HVN,CT,ANE,EN,Federal Contract Tower,10,5,15,0,30,0,0,15,0,15,10,5,30,0,45,4,0,4,49
03/04/2022,HVN,CT,ANE,EN,Federal Contract Tower,10,8,7,0,25,0,0,26,0,26,10,8,33,0,51,66,0,66,117
03/05/2022,HVN,CT,ANE,EN,Federal Contract Tower,10,4,2,0,16,0,0,52,0,52,10,4,54,0,68,60,0,60,128
03/06/2022,HVN,CT,ANE,EN,Federal Contract Tower,9,0,13,0,22,0,0,1,0,1,9,0,14,0,23,0,0,0,23
03/07/2022,HVN,CT,ANE,EN,Federal Contract Tower,10,6,8,0,24,0,0,5,5,10,10,6,13,5,34,6,0,6,40
03/08/2022,HVN,CT,ANE,EN,Federal Contract Tower,7,3,8,0,18,0,0,9,2,11,7,3,17,2,29,4,6,10,39
03/09/2022,HVN,CT,ANE,EN,Federal Contract Tower,6,4,11,0,21,0,0,0,0,0,6,4,11,0,21,0,0,0,21
03/10/2022,HVN,CT,ANE,EN,Federal Contract Tower,10,4,11,0,25,0,0,51,0,51,10,4,62,0,76,40,0,40,116
03/11/2022,HVN,CT,ANE,EN,Federal Contract Tower,8,1,3,0,12,0,0,35,0,35,8,1,38,0,47,72,0,72,119
03/12/2022,HVN,CT,ANE,EN,Federal Contract Tower,10,1,2,0,13,0,0,0,0,0,10,1,2,0,13,0,0,0,13
03/13/2022,HVN,CT,ANE,EN,Federal Contract Tower,10,8,3,0,21,0,0,4,0,4,10,8,7,0,25,48,0,48,73
03/14/2022,HVN,CT,ANE,EN,Federal Contract Tower,10,9,17,0,36,0,0,27,0,27,10,9,44,0,63,30,2,32,95
03/15/2022,HVN,CT,ANE,EN,Federal Contract Tower,8,2,8,0,18,0,0,28,2,30,8,2,36,2,48,26,0,26,74
03/16/2022,HVN,CT,ANE,EN,Federal Contract Tower,6,3,7,0,16,0,0,21,2,23,6,3,28,2,39,32,4,36,75
03/17/2022,HVN,CT,ANE,EN,Federal Contract Tower,10,2,8,0,20,0,0,0,0,0,10,2,8,0,20,0,0,0,20
03/18/2022,HVN,CT,ANE,EN,Federal Contract Tower,10,7,13,0,30,0,0,23,0,23,10,7,36,0,53,44,0,44,97
03/19/2022,HVN,CT,ANE,EN,Federal Contract Tower,10,2,1,0,13,0,0,0,0,0,10,2,1,0,13,0,0,0,13
03/20/2022,HVN,CT,ANE,EN,Federal Contract Tower,9,3,12,0,24,0,0,28,0,28,9,3,40,0,52,84,0,84,136
03/21/2022,HVN,CT,ANE,EN,Federal Contract Tower,10,6,11,0,27,0,0,17,0,17,10,6,28,0,44,10,0,10,54
03/22/2022,HVN,CT,ANE,EN,Federal Contract Tower,8,7,8,0,23,0,1,10,0,11,8,8,18,0,34,4,0,4,38
03/23/2022,HVN,CT,ANE,EN,Federal Contract Tower,6,4,1,2,13,0,3,21,0,24,6,7,22,2,37,36,0,36,73
03/24/2022,HVN,CT,ANE,EN,Federal Contract Tower,9,4,7,0,20,0,0,0,0,0,9,4,7,0,20,0,0,0,20
03/25/2022,HVN,CT,ANE,EN,Federal Contract Tower,10,4,17,0,31,0,0,15,0,15,10,4,32,0,46,62,0,62,108
03/26/2022,HVN,CT,ANE,EN,Federal Contract Tower,10,0,8,0,18,0,0,19,0,19,10,0,27,0,37,68,0,68,105
03/27/2022,HVN,CT,ANE,EN,Federal Contract Tower,10,7,6,0,23,0,0,7,4,11,10,7,13,4,34,2,0,2,36
03/28/2022,HVN,CT,ANE,EN,Federal Contract Tower,10,1,4,0,15,0,0,4,0,4,10,1,8,0,19,4,0,4,23
03/29/2022,HVN,CT,ANE,EN,Federal Contract Tower,8,5,7,0,20,0,2,20,0,22,8,7,27,0,42,2,0,2,44
03/30/2022,HVN,CT,ANE,EN,Federal Contract Tower,6,6,5,0,17,0,0,21,2,23,6,6,26,2,40,34,0,34,74
03/31/2022,HVN,CT,ANE,EN,Federal Contract Tower,9,3,18,0,30,0,0,0,0,0,9,3,18,0,30,0,0,0,30
04/01/2022,HVN,CT,ANE,EN,Federal Contract Tower,10,8,6,0,24,0,0,12,0,12,10,8,18,0,36,0,0,0,36
04/02/2022,HVN,CT,ANE,EN,Federal Contract Tower,8,2,8,0,18,0,0,30,0,30,8,2,38,0,48,82,0,82,130
04/03/2022,HVN,CT,ANE,EN,Federal Contract Tower,10,6,2,0,18,0,0,0,0,0,10,6,2,0,18,2,0,2,20
04/04/2022,HVN,CT,ANE,EN,Federal Contract Tower,8,0,12,0,20,0,0,17,0,17,8,0,29,0,37,46,0,46,83
04/05/2022,HVN,CT,ANE,EN,Federal Contract Tower,6,5,14,0,25,0,2,33,0,35,6,7,47,0,60,24,0,24,84
04/06/2022,HVN,CT,ANE,EN,Federal Contract Tower,5,7,12,0,24,0,0,0,0,0,5,7,12,0,24,0,0,0,24
04/07/2022,HVN,CT,ANE,EN,Federal Contract Tower,9,4,5,0,18,0,0,0,0,0,9,4,5,0,18,0,0,0,18
04/08/2022,HVN,CT,ANE,EN,Federal Contract Tower,12,7,23,0,42,0,0,23,2,25,12,7,46,2,67,84,0,84,151
04/09/2022,HVN,CT,ANE,EN,Federal Contract Tower,10,2,8,0,20,0,0,17,0,17,10,2,25,0,37,12,0,12,49
04/10/2022,HVN,CT,ANE,EN,Federal Contract Tower,9,32,20,0,61,0,2,16,0,18,9,34,36,0,79,30,0,30,109
04/11/2022,HVN,CT,ANE,EN,Federal Contract Tower,10,6,6,0,22,0,2,40,0,42,10,8,46,0,64,60,4,64,128
04/12/2022,HVN,CT,ANE,EN,Federal Contract Tower,8,6,10,1,25,0,2,20,0,22,8,8,30,1,47,28,2,30,77
04/13/2022,HVN,CT,ANE,EN,Federal Contract Tower,8,6,6,0,20,0,0,36,2,38,8,6,42,2,58,74,0,74,132
04/14/2022,HVN,CT,ANE,EN,Federal Contract Tower,10,7,15,1,33,0,3,6,2,11,10,10,21,3,44,12,0,12,56
04/15/2022,HVN,CT,ANE,EN,Federal Contract Tower,12,6,2,0,20,0,0,12,0,12,12,6,14,0,32,92,0,92,124
04/16/2022,HVN,CT,ANE,EN,Federal Contract Tower,11,8,7,0,26,0,1,22,0,23,11,9,29,0,49,16,0,16,65
04/17/2022,HVN,CT,ANE,EN,Federal Contract Tower,10,8,1,0,19,0,0,16,0,16,10,8,17,0,35,18,0,18,53
04/18/2022,HVN,CT,ANE,EN,Federal Contract Tower,9,8,11,0,28,0,0,12,0,12,9,8,23,0,40,14,0,14,54
04/19/2022,HVN,CT,ANE,EN,Federal Contract Tower,8,6,8,0,22,0,0,0,0,0,8,6,8,0,22,0,0,0,22
04/20/2022,HVN,CT,ANE,EN,Federal Contract Tower,5,6,11,0,22,0,0,17,0,17,5,6,28,0,39,0,0,0,39
04/21/2022,HVN,CT,ANE,EN,Federal Contract Tower,9,9,14,0,32,0,3,25,0,28,9,12,39,0,60,52,0,52,112
04/22/2022,HVN,CT,ANE,EN,Federal Contract Tower,12,4,11,0,27,0,0,27,1,28,12,4,38,1,55,14,2,16,71
04/23/2022,HVN,CT,ANE,EN,Federal Contract Tower,10,7,6,0,23,0,1,53,0,54,10,8,59,0,77,116,0,116,193
04/24/2022,HVN,CT,ANE,EN,Federal Contract Tower,10,10,2,0,22,0,0,28,2,30,10,10,30,2,52,52,0,52,104
04/25/2022,HVN,CT,ANE,EN,Federal Contract Tower,10,5,10,0,25,0,0,30,0,30,10,5,40,0,55,50,0,50,105
04/26/2022,HVN,CT,ANE,EN,Federal Contract Tower,2,8,4,2,16,0,0,0,0,0,2,8,4,2,16,0,0,0,16
04/27/2022,HVN,CT,ANE,EN,Federal Contract Tower,5,5,5,0,15,0,2,11,2,15,5,7,16,2,30,2,0,2,32
04/28/2022,HVN,CT,ANE,EN,Federal Contract Tower,12,12,8,1,33,0,0,4,1,5,12,12,12,2,38,0,0,0,38
04/29/2022,HVN,CT,ANE,EN,Federal Contract Tower,10,6,17,2,35,0,0,14,0,14,10,6,31,2,49,12,4,16,65
04/30/2022,HVN,CT,ANE,EN,Federal Contract Tower,10,5,8,0,23,0,0,41,0,41,10,5,49,0,64,92,0,92,156
05/01/2022,HVN,CT,ANE,EN,Federal Contract Tower,10,10,13,0,33,0,0,45,0,45,10,10,58,0,78,108,0,108,186
05/02/2022,HVN,CT,ANE,EN,Federal Contract Tower,10,9,10,0,29,0,0,0,0,0,10,9,10,0,29,2,0,2,31
05/03/2022,HVN,CT,ANE,EN,Federal Contract Tower,2,7,13,0,22,0,0,2,0,2,2,7,15,0,24,2,0,2,26
05/04/2022,HVN,CT,ANE,EN,Federal Contract Tower,5,6,10,0,21,0,0,2,0,2,5,6,12,0,23,0,0,0,23
05/05/2022,HVN,CT,ANE,EN,Federal Contract Tower,16,4,15,0,35,0,0,55,0,55,16,4,70,0,90,54,0,54,144
05/06/2022,HVN,CT,ANE,EN,Federal Contract Tower,14,3,15,0,32,0,0,9,0,9,14,3,24,0,41,74,0,74,115
05/07/2022,HVN,CT,ANE,EN,Federal Contract Tower,16,3,2,0,21,0,0,0,0,0,16,3,2,0,21,0,0,0,21
05/08/2022,HVN,CT,ANE,EN,Federal Contract Tower,14,4,8,0,26,0,0,2,0,2,14,4,10,0,28,0,0,0,28
05/09/2022,HVN,CT,ANE,EN,Federal Contract Tower,15,6,13,0,34,0,0,11,0,11,15,6,24,0,45,8,0,8,53
05/10/2022,HVN,CT,ANE,EN,Federal Contract Tower,11,3,13,0,27,0,0,18,0,18,11,3,31,0,45,10,0,10,55
05/11/2022,HVN,CT,ANE,EN,Federal Contract Tower,7,5,11,0,23,0,0,24,2,26,7,5,35,2,49,86,8,94,143
05/12/2022,HVN,CT,ANE,EN,Federal Contract Tower,16,16,22,0,54,0,0,32,0,32,16,16,54,0,86,56,0,56,142
05/13/2022,HVN,CT,ANE,EN,Federal Contract Tower,14,17,17,0,48,0,0,5,0,5,14,17,22,0,53,8,0,8,61
05/14/2022,HVN,CT,ANE,EN,Federal Contract Tower,17,14,19,1,51,0,0,13,0,13,17,14,32,1,64,30,6,36,100
05/15/2022,HVN,CT,ANE,EN,Federal Contract Tower,15,12,16,0,43,0,0,24,0,24,15,12,40,0,67,4,0,4,71
05/16/2022,HVN,CT,ANE,EN,Federal Contract Tower,14,3,6,0,23,0,0,11,0,11,14,3,17,0,34,26,0,26,60
05/17/2022,HVN,CT,ANE,EN,Federal Contract Tower,12,5,9,0,26,0,3,49,0,52,12,8,58,0,78,12,0,12,90
05/18/2022,HVN,CT,ANE,EN,Federal Contract Tower,8,2,15,0,25,0,0,43,0,43,8,2,58,0,68,28,0,28,96
05/19/2022,HVN,CT,ANE,EN,Federal Contract Tower,14,10,15,1,40,0,0,4,0,4,14,10,19,1,44,0,0,0,44
05/20/2022,HVN,CT,ANE,EN,Federal Contract Tower,13,11,15,0,39,0,0,12,0,12,13,11,27,0,51,0,0,0,51
05/21/2022,HVN,CT,ANE,EN,Federal Contract Tower,19,7,3,0,29,0,0,30,0,30,19,7,33,0,59,88,0,88,147
05/22/2022,HVN,CT,ANE,EN,Federal Contract Tower,16,8,12,2,38,0,2,24,0,26,16,10,36,2,64,56,0,56,120
05/23/2022,HVN,CT,ANE,EN,Federal Contract Tower,16,19,13,0,48,0,7,38,2,47,16,26,51,2,95,8,0,8,103
05/24/2022,HVN,CT,ANE,EN,Federal Contract Tower,11,10,21,0,42,0,0,19,0,19,11,10,40,0,61,22,0,22,83
05/25/2022,HVN,CT,ANE,EN,Federal Contract Tower,8,9,12,1,30,0,0,36,1,37,8,9,48,2,67,108,0,108,175
05/26/2022,HVN,CT,ANE,EN,Federal Contract Tower,22,8,12,0,42,0,6,45,0,51,22,14,57,0,93,40,0,40,133
05/27/2022,HVN,CT,ANE,EN,Federal Contract Tower,24,6,7,0,37,0,0,3,0,3,24,6,10,0,40,0,0,0,40
05/28/2022,HVN,CT,ANE,EN,Federal Contract Tower,19,9,7,0,35,0,0,2,0,2,19,9,9,0,37,4,0,4,41
05/29/2022,HVN,CT,ANE,EN,Federal Contract Tower,18,5,9,0,32,0,0,37,0,37,18,5,46,0,69,40,0,40,109
05/30/2022,HVN,CT,ANE,EN,Federal Contract Tower,18,2,15,0,35,0,16,53,1,70,18,18,68,1,105,46,4,50,155
05/31/2022,HVN,CT,ANE,EN,Federal Contract Tower,16,2,5,0,23,0,2,24,0,26,16,4,29,0,49,2,0,2,51
06/01/2022,HVN,CT,ANE,EN,Federal Contract Tower,10,6,7,0,23,0,1,10,0,11,10,7,17,0,34,0,0,0,34
06/02/2022,HVN,CT,ANE,EN,Federal Contract Tower,23,6,15,0,44,0,0,1,0,1,23,6,16,0,45,0,0,0,45
06/03/2022,HVN,CT,ANE,EN,Federal Contract Tower,18,5,15,0,38,0,0,24,0,24,18,5,39,0,62,14,6,20,82
06/04/2022,HVN,CT,ANE,EN,Federal Contract Tower,19,4,9,0,32,0,2,40,0,42,19,6,49,0,74,16,0,16,90
06/05/2022,HVN,CT,ANE,EN,Federal Contract Tower,21,14,9,0,44,0,0,64,0,64,21,14,73,0,108,20,0,20,128
06/06/2022,HVN,CT,ANE,EN,Federal Contract Tower,20,4,6,0,30,0,6,40,1,47,20,10,46,1,77,8,0,8,85
06/07/2022,HVN,CT,ANE,EN,Federal Contract Tower,10,5,4,0,19,0,4,16,0,20,10,9,20,0,39,14,0,14,53
06/08/2022,HVN,CT,ANE,EN,Federal Contract Tower,9,5,6,0,20,0,0,22,0,22,9,5,28,0,42,16,4,20,62
06/09/2022,HVN,CT,ANE,EN,Federal Contract Tower,21,7,16,0,44,0,1,13,0,14,21,8,29,0,58,4,0,4,62
06/10/2022,HVN,CT,ANE,EN,Federal Contract Tower,22,14,9,0,45,0,8,60,0,68,22,22,69,0,113,4,0,4,117
06/11/2022,HVN,CT,ANE,EN,Federal Contract Tower,17,1,5,0,23,0,3,36,0,39,17,4,41,0,62,8,4,12,74
06/12/2022,HVN,CT,ANE,EN,Federal Contract Tower,19,6,9,0,34,0,8,12,0,20,19,14,21,0,54,2,0,2,56
06/13/2022,HVN,CT,ANE,EN,Federal Contract Tower,20,11,10,0,41,0,5,19,0,24,20,16,29,0,65,22,0,22,87
06/14/2022,HVN,CT,ANE,EN,Federal Contract Tower,11,4,8,0,23,0,2,33,1,36,11,6,41,1,59,44,0,44,103
06/15/2022,HVN,CT,ANE,EN,Federal Contract Tower,9,5,2,4,20,0,2,35,0,37,9,7,37,4,57,16,0,16,73
06/16/2022,HVN,CT,ANE,EN,Federal Contract Tower,22,12,6,0,40,0,3,36,0,39,22,15,42,0,79,0,0,0,79
06/17/2022,HVN,CT,ANE,EN,Federal Contract Tower,24,11,15,0,50,0,0,28,0,28,24,11,43,0,78,4,0,4,82
06/18/2022,HVN,CT,ANE,EN,Federal Contract Tower,24,9,14,1,48,0,0,19,0,19,24,9,33,1,67,10,2,12,79
06/19/2022,HVN,CT,ANE,EN,Federal Contract Tower,23,8,10,0,41,0,5,16,0,21,23,13,26,0,62,28,0,28,90
06/20/2022,HVN,CT,ANE,EN,Federal Contract Tower,26,6,8,0,40,0,5,55,1,61,26,11,63,1,101,56,0,56,157
06/21/2022,HVN,CT,ANE,EN,Federal Contract Tower,13,4,4,0,21,0,0,24,2,26,13,4,28,2,47,40,0,40,87
06/22/2022,HVN,CT,ANE,EN,Federal Contract Tower,14,12,16,0,42,0,0,5,0,5,14,12,21,0,47,0,0,0,47
06/23/2022,HVN,CT,ANE,EN,Federal Contract Tower,26,12,15,2,55,0,0,26,0,26,26,12,41,2,81,20,0,20,101
06/24/2022,HVN,CT,ANE,EN,Federal Contract Tower,22,9,18,0,49,0,0,31,0,31,22,9,49,0,80,8,0,8,88
06/25/2022,HVN,CT,ANE,EN,Federal Contract Tower,25,10,4,0,39,0,0,26,0,26,25,10,30,0,65,2,0,2,67
06/26/2022,HVN,CT,ANE,EN,Federal Contract Tower,24,5,6,0,35,0,4,40,0,44,24,9,46,0,79,8,0,8,87
06/27/2022,HVN,CT,ANE,EN,Federal Contract Tower,25,6,13,0,44,0,2,10,0,12,25,8,23,0,56,0,0,0,56
06/28/2022,HVN,CT,ANE,EN,Federal Contract Tower,12,2,4,0,18,0,6,46,0,52,12,8,50,0,70,26,0,26,96
06/29/2022,HVN,CT,ANE,EN,Federal Contract Tower,15,3,15,0,33,0,1,27,0,28,15,4,42,0,61,60,0,60,121
06/30/2022,HVN,CT,ANE,EN,Federal Contract Tower,26,8,7,0,41,0,4,51,0,55,26,12,58,0,96,56,0,56,152
07/01/2022,HVN,CT,ANE,EN,Federal Contract Tower,26,1,9,0,36,0,0,63,0,63,26,1,72,0,99,100,0,100,199
07/02/2022,HVN,CT,ANE,EN,Federal Contract Tower,23,2,5,0,30,0,0,14,0,14,23,2,19,0,44,4,0,4,48
07/03/2022,HVN,CT,ANE,EN,Federal Contract Tower,21,0,5,0,26,0,0,33,0,33,21,0,38,0,59,14,0,14,73
07/04/2022,HVN,CT,ANE,EN,Federal Contract Tower,24,6,2,0,32,0,5,41,0,46,24,11,43,0,78,22,0,22,100
07/05/2022,HVN,CT,ANE,EN,Federal Contract Tower,26,3,14,0,43,0,1,23,0,24,26,4,37,0,67,72,0,72,139
07/06/2022,HVN,CT,ANE,EN,Federal Contract Tower,12,6,16,0,34,0,5,30,0,35,12,11,46,0,69,26,0,26,95
07/07/2022,HVN,CT,ANE,EN,Federal Contract Tower,28,13,8,0,49,0,3,29,0,32,28,16,37,0,81,26,0,26,107
07/08/2022,HVN,CT,ANE,EN,Federal Contract Tower,26,6,7,0,39,0,0,43,0,43,26,6,50,0,82,20,0,20,102
07/09/2022,HVN,CT,ANE,EN,Federal Contract Tower,22,5,6,0,33,0,3,48,0,51,22,8,54,0,84,24,0,24,108
07/10/2022,HVN,CT,ANE,EN,Federal Contract Tower,26,2,2,0,30,0,3,35,0,38,26,5,37,0,68,6,0,6,74
07/11/2022,HVN,CT,ANE,EN,Federal Contract Tower,27,7,5,0,39,0,1,36,0,37,27,8,41,0,76,4,0,4,80
07/12/2022,HVN,CT,ANE,EN,Federal Contract Tower,7,7,6,0,20,0,1,17,2,20,7,8,23,2,40,28,0,28,68
07/13/2022,HVN,CT,ANE,EN,Federal Contract Tower,12,2,11,0,25,0,6,31,0,37,12,8,42,0,62,38,0,38,100
07/14/2022,HVN,CT,ANE,EN,Federal Contract Tower,28,3,6,2,39,0,14,23,0,37,28,17,29,2,76,32,2,34,110
07/15/2022,HVN,CT,ANE,EN,Federal Contract Tower,25,4,16,0,45,0,7,57,0,64,25,11,73,0,109,34,0,34,143
07/16/2022,HVN,CT,ANE,EN,Federal Contract Tower,24,2,11,2,39,0,1,25,0,26,24,3,36,2,65,44,0,44,109
07/17/2022,HVN,CT,ANE,EN,Federal Contract Tower,29,5,8,0,42,0,5,37,0,42,29,10,45,0,84,6,0,6,90
07/18/2022,HVN,CT,ANE,EN,Federal Contract Tower,25,4,17,0,46,0,0,1,0,1,25,4,18,0,47,0,0,0,47
07/19/2022,HVN,CT,ANE,EN,Federal Contract Tower,7,7,8,0,22,0,4,30,0,34,7,11,38,0,56,40,0,40,96
07/20/2022,HVN,CT,ANE,EN,Federal Contract Tower,12,5,13,3,33,0,6,47,0,53,12,11,60,3,86,8,0,8,94
07/21/2022,HVN,CT,ANE,EN,Federal Contract Tower,28,9,10,1,48,0,14,20,2,36,28,23,30,3,84,22,0,22,106
07/22/2022,HVN,CT,ANE,EN,Federal Contract Tower,26,2,5,0,33,0,3,51,0,54,26,5,56,0,87,54,0,54,141
07/23/2022,HVN,CT,ANE,EN,Federal Contract Tower,25,1,8,0,34,0,7,33,0,40,25,8,41,0,74,28,0,28,102
07/24/2022,HVN,CT,ANE,EN,Federal Contract Tower,27,4,10,0,41,0,3,26,0,29,27,7,36,0,70,18,0,18,88
07/25/2022,HVN,CT,ANE,EN,Federal Contract Tower,25,2,15,0,42,0,5,12,0,17,25,7,27,0,59,6,0,6,65
07/26/2022,HVN,CT,ANE,EN,Federal Contract Tower,6,4,9,0,19,0,0,45,2,47,6,4,54,2,66,2,4,6,72
07/27/2022,HVN,CT,ANE,EN,Federal Contract Tower,11,3,6,0,20,0,13,27,0,40,11,16,33,0,60,2,0,2,62
07/28/2022,HVN,CT,ANE,EN,Federal Contract Tower,27,5,8,0,40,0,0,16,2,18,27,5,24,2,58,20,0,20,78
07/29/2022,HVN,CT,ANE,EN,Federal Contract Tower,26,6,8,0,40,0,5,40,0,45,26,11,48,0,85,14,0,14,99
07/30/2022,HVN,CT,ANE,EN,Federal Contract Tower,25,8,13,0,46,0,6,60,0,66,25,14,73,0,112,10,0,10,122
07/31/2022,HVN,CT,ANE,EN,Federal Contract Tower,28,8,10,0,46,0,5,41,0,46,28,13,51,0,92,52,0,52,144
08/01/2022,HVN,CT,ANE,EN,Federal Contract Tower,24,5,8,0,37,0,10,7,0,17,24,15,15,0,54,4,0,4,58
08/02/2022,HVN,CT,ANE,EN,Federal Contract Tower,5,4,13,4,26,0,6,39,1,46,5,10,52,5,72,22,4,26,98
08/03/2022,HVN,CT,ANE,EN,Federal Contract Tower,11,2,12,0,25,0,3,33,0,36,11,5,45,0,61,4,0,4,65
08/04/2022,HVN,CT,ANE,EN,Federal Contract Tower,24,9,11,2,46,0,0,51,0,51,24,9,62,2,97,2,0,2,99
08/05/2022,HVN,CT,ANE,EN,Federal Contract Tower,23,3,7,0,33,0,6,35,0,41,23,9,42,0,74,18,0,18,92
08/06/2022,HVN,CT,ANE,EN,Federal Contract Tower,22,9,5,0,36,0,0,14,0,14,22,9,19,0,50,14,0,14,64
08/07/2022,HVN,CT,ANE,EN,Federal Contract Tower,25,10,4,2,41,0,0,30,3,33,25,10,34,5,74,0,0,0,74
08/08/2022,HVN,CT,ANE,EN,Federal Contract Tower,27,3,8,0,38,0,5,16,0,21,27,8,24,0,59,2,0,2,61
08/09/2022,HVN,CT,ANE,EN,Federal Contract Tower,8,4,6,0,18,0,6,14,0,20,8,10,20,0,38,2,0,2,40
08/10/2022,HVN,CT,ANE,EN,Federal Contract Tower,13,5,11,0,29,0,8,33,2,43,13,13,44,2,72,10,0,10,82
08/11/2022,HVN,CT,ANE,EN,Federal Contract Tower,25,7,5,0,37,0,0,34,0,34,25,7,39,0,71,8,0,8,79
08/12/2022,HVN,CT,ANE,EN,Federal Contract Tower,26,0,20,0,46,0,13,55,0,68,26,13,75,0,114,22,0,22,136
08/13/2022,HVN,CT,ANE,EN,Federal Contract Tower,23,1,12,0,36,0,0,58,0,58,23,1,70,0,94,22,0,22,116
08/14/2022,HVN,CT,ANE,EN,Federal Contract Tower,28,4,8,0,40,0,7,46,0,53,28,11,54,0,93,26,0,26,119
08/15/2022,HVN,CT,ANE,EN,Federal Contract Tower,27,2,10,0,39,0,5,26,0,31,27,7,36,0,70,16,0,16,86
08/16/2022,HVN,CT,ANE,EN,Federal Contract Tower,6,6,10,0,22,0,8,42,2,52,6,14,52,2,74,22,0,22,96
08/17/2022,HVN,CT,ANE,EN,Federal Contract Tower,13,3,9,0,25,0,0,27,0,27,13,3,36,0,52,8,0,8,60
08/18/2022,HVN,CT,ANE,EN,Federal Contract Tower,28,3,11,0,42,0,6,55,0,61,28,9,66,0,103,24,0,24,127
08/19/2022,HVN,CT,ANE,EN,Federal Contract Tower,26,7,6,0,39,0,8,51,0,59,26,15,57,0,98,28,0,28,126
08/20/2022,HVN,CT,ANE,EN,Federal Contract Tower,24,8,5,0,37,0,4,38,0,42,24,12,43,0,79,2,2,4,83
08/21/2022,HVN,CT,ANE,EN,Federal Contract Tower,28,14,16,0,58,0,10,37,0,47,28,24,53,0,105,8,0,8,113
08/22/2022,HVN,CT,ANE,EN,Federal Contract Tower,26,10,10,0,46,0,2,2,0,4,26,12,12,0,50,0,0,0,50
08/23/2022,HVN,CT,ANE,EN,Federal Contract Tower,6,5,18,3,32,0,6,15,0,21,6,11,33,3,53,0,0,0,53
08/24/2022,HVN,CT,ANE,EN,Federal Contract Tower,12,6,11,0,29,0,6,32,2,40,12,12,43,2,69,0,10,10,79
08/25/2022,HVN,CT,ANE,EN,Federal Contract Tower,28,12,10,0,50,0,4,41,0,45,28,16,51,0,95,56,0,56,151
08/26/2022,HVN,CT,ANE,EN,Federal Contract Tower,25,1,9,0,35,0,7,28,2,37,25,8,37,2,72,10,0,10,82
08/27/2022,HVN,CT,ANE,EN,Federal Contract Tower,17,0,2,0,19,0,3,9,0,12,17,3,11,0,31,10,0,10,41
08/28/2022,HVN,CT,ANE,EN,Federal Contract Tower,30,6,14,0,50,0,8,19,0,27,30,14,33,0,77,14,0,14,91
08/29/2022,HVN,CT,ANE,EN,Federal Contract Tower,25,13,11,0,49,0,0,24,4,28,25,13,35,4,77,28,0,28,105
08/30/2022,HVN,CT,ANE,EN,Federal Contract Tower,5,2,2,1,10,0,4,10,0,14,5,6,12,1,24,0,2,2,26
08/31/2022,HVN,CT,ANE,EN,Federal Contract Tower,12,5,11,0,28,0,0,17,0,17,12,5,28,0,45,2,0,2,47
09/01/2022,HVN,CT,ANE,EN,Federal Contract Tower,27,9,13,0,49,0,3,40,0,43,27,12,53,0,92,20,0,20,112
09/02/2022,HVN,CT,ANE,EN,Federal Contract Tower,28,5,8,0,41,0,9,44,0,53,28,14,52,0,94,12,0,12,106
09/03/2022,HVN,CT,ANE,EN,Federal Contract Tower,20,2,6,0,28,0,3,25,0,28,20,5,31,0,56,28,0,28,84
09/04/2022,HVN,CT,ANE,EN,Federal Contract Tower,26,12,4,0,42,0,1,28,0,29,26,13,32,0,71,6,0,6,77
09/05/2022,HVN,CT,ANE,EN,Federal Contract Tower,27,13,12,0,52,0,7,9,0,16,27,20,21,0,68,0,0,0,68
09/06/2022,HVN,CT,ANE,EN,Federal Contract Tower,23,17,24,0,64,0,0,0,0,0,23,17,24,0,64,0,0,0,64
09/07/2022,HVN,CT,ANE,EN,Federal Contract Tower,10,10,21,0,41,0,5,13,2,20,10,15,34,2,61,0,0,0,61
09/08/2022,HVN,CT,ANE,EN,Federal Contract Tower,23,11,9,0,43,0,2,49,0,51,23,13,58,0,94,2,0,2,96
09/09/2022,HVN,CT,ANE,EN,Federal Contract Tower,23,6,11,0,40,0,0,42,0,42,23,6,53,0,82,0,0,0,82
09/10/2022,HVN,CT,ANE,EN,Federal Contract Tower,20,4,3,0,27,0,1,20,0,21,20,5,23,0,48,0,0,0,48
09/11/2022,HVN,CT,ANE,EN,Federal Contract Tower,25,6,9,0,40,0,10,43,0,53,25,16,52,0,93,2,0,2,95
09/12/2022,HVN,CT,ANE,EN,Federal Contract Tower,29,5,17,0,51,0,0,16,0,16,29,5,33,0,67,2,0,2,69
09/13/2022,HVN,CT,ANE,EN,Federal Contract Tower,2,14,1,0,17,0,0,5,0,5,2,14,6,0,22,0,0,0,22
09/14/2022,HVN,CT,ANE,EN,Federal Contract Tower,8,9,8,0,25,0,0,27,0,27,8,9,35,0,52,0,0,0,52
09/15/2022,HVN,CT,ANE,EN,Federal Contract Tower,25,5,13,2,45,0,5,25,0,30,25,10,38,2,75,10,0,10,85
09/16/2022,HVN,CT,ANE,EN,Federal Contract Tower,24,4,17,0,45,0,4,47,0,51,24,8,64,0,96,12,0,12,108
09/17/2022,HVN,CT,ANE,EN,Federal Contract Tower,18,4,7,0,29,0,8,42,4,54,18,12,49,4,83,8,2,10,93
09/18/2022,HVN,CT,ANE,EN,Federal Contract Tower,19,8,9,0,36,0,6,25,1,32,19,14,34,1,68,2,0,2,70
09/19/2022,HVN,CT,ANE,EN,Federal Contract Tower,25,11,10,0,46,0,12,32,0,44,25,23,42,0,90,6,0,6,96
09/20/2022,HVN,CT,ANE,EN,Federal Contract Tower,5,10,5,0,20,0,4,39,0,43,5,14,44,0,63,4,0,4,67
09/21/2022,HVN,CT,ANE,EN,Federal Contract Tower,7,6,14,0,27,0,0,38,4,42,7,6,52,4,69,0,0,0,69
09/22/2022,HVN,CT,ANE,EN,Federal Contract Tower,23,9,1,0,33,0,0,5,0,5,23,9,6,0,38,0,0,0,38
09/23/2022,HVN,CT,ANE,EN,Federal Contract Tower,25,14,10,0,49,0,5,10,0,15,25,19,20,0,64,0,0,0,64
09/24/2022,HVN,CT,ANE,EN,Federal Contract Tower,20,7,9,0,36,0,4,38,0,42,20,11,47,0,78,6,0,6,84
09/25/2022,HVN,CT,ANE,EN,Federal Contract Tower,25,15,18,0,58,0,3,18,0,21,25,18,36,0,79,8,0,8,87
09/26/2022,HVN,CT,ANE,EN,Federal Contract Tower,30,1,8,0,39,0,4,28,2,34,30,5,36,2,73,6,0,6,79
09/27/2022,HVN,CT,ANE,EN,Federal Contract Tower,3,13,3,1,20,0,1,35,4,40,3,14,38,5,60,0,0,0,60
09/28/2022,HVN,CT,ANE,EN,Federal Contract Tower,7,8,9,0,24,0,0,28,2,30,7,8,37,2,54,0,0,0,54
09/29/2022,HVN,CT,ANE,EN,Federal Contract Tower,11,6,8,0,25,0,5,35,0,40,11,11,43,0,65,0,0,0,65
09/30/2022,HVN,CT,ANE,EN,Federal Contract Tower,18,16,13,0,47,0,4,37,0,41,18,20,50,0,88,0,0,0,88
10/01/2022,HVN,CT,ANE,EN,Federal Contract Tower,16,8,6,2,32,0,0,0,2,2,16,8,6,4,34,0,0,0,34
10/02/2022,HVN,CT,ANE,EN,Federal Contract Tower,28,2,7,0,37,0,4,0,0,4,28,6,7,0,41,0,0,0,41
10/03/2022,HVN,CT,ANE,EN,Federal Contract Tower,26,9,6,0,41,0,4,4,0,8,26,13,10,0,49,0,0,0,49
10/04/2022,HVN,CT,ANE,EN,Federal Contract Tower,2,10,2,0,14,0,0,0,0,0,2,10,2,0,14,0,0,0,14
10/05/2022,HVN,CT,ANE,EN,Federal Contract Tower,8,18,6,0,32,0,0,0,0,0,8,18,6,0,32,0,0,0,32
10/06/2022,HVN,CT,ANE,EN,Federal Contract Tower,24,10,7,0,41,0,9,51,0,60,24,19,58,0,101,12,0,12,113
10/07/2022,HVN,CT,ANE,EN,Federal Contract Tower,26,14,6,0,46,0,3,42,0,45,26,17,48,0,91,2,0,2,93
10/08/2022,HVN,CT,ANE,EN,Federal Contract Tower,25,3,3,0,31,0,2,26,0,28,25,5,29,0,59,0,0,0,59
10/09/2022,HVN,CT,ANE,EN,Federal Contract Tower,27,16,6,0,49,0,2,33,0,35,27,18,39,0,84,2,0,2,86
10/10/2022,HVN,CT,ANE,EN,Federal Contract Tower,26,6,11,0,43,0,3,32,0,35,26,9,43,0,78,10,0,10,88
10/11/2022,HVN,CT,ANE,EN,Federal Contract Tower,6,7,18,0,31,0,3,28,0,31,6,10,46,0,62,0,0,0,62
10/12/2022,HVN,CT,ANE,EN,Federal Contract Tower,16,7,13,0,36,0,6,27,0,33,16,13,40,0,69,0,0,0,69
10/13/2022,HVN,CT,ANE,EN,Federal Contract Tower,21,14,11,0,46,0,0,0,0,0,21,14,11,0,46,2,0,2,48
10/14/2022,HVN,CT,ANE,EN,Federal Contract Tower,31,10,14,0,55,0,5,25,0,30,31,15,39,0,85,2,0,2,87
10/15/2022,HVN,CT,ANE,EN,Federal Contract Tower,24,6,14,0,44,0,0,42,0,42,24,6,56,0,86,4,0,4,90
10/16/2022,HVN,CT,ANE,EN,Federal Contract Tower,23,16,9,0,48,0,6,45,0,51,23,22,54,0,99,10,0,10,109
10/17/2022,HVN,CT,ANE,EN,Federal Contract Tower,32,12,10,0,54,0,0,2,0,2,32,12,12,0,56,0,0,0,56
10/18/2022,HVN,CT,ANE,EN,Federal Contract Tower,7,17,11,0,35,0,2,32,0,34,7,19,43,0,69,0,0,0,69
10/19/2022,HVN,CT,ANE,EN,Federal Contract Tower,16,6,8,0,30,0,1,20,0,21,16,7,28,0,51,0,0,0,51
10/20/2022,HVN,CT,ANE,EN,Federal Contract Tower,22,6,10,0,38,0,0,20,0,20,22,6,30,0,58,0,0,0,58
10/21/2022,HVN,CT,ANE,EN,Federal Contract Tower,26,10,3,0,39,0,4,28,0,32,26,14,31,0,71,2,0,2,73
10/22/2022,HVN,CT,ANE,EN,Federal Contract Tower,26,2,11,0,39,0,3,42,0,45,26,5,53,0,84,6,0,6,90
10/23/2022,HVN,CT,ANE,EN,Federal Contract Tower,24,11,10,0,45,0,0,17,0,17,24,11,27,0,62,2,0,2,64
10/24/2022,HVN,CT,ANE,EN,Federal Contract Tower,28,6,8,0,42,0,0,0,0,0,28,6,8,0,42,0,0,0,42
10/25/2022,HVN,CT,ANE,EN,Federal Contract Tower,6,9,5,0,20,0,0,0,0,0,6,9,5,0,20,0,0,0,20
10/26/2022,HVN,CT,ANE,EN,Federal Contract Tower,17,9,8,0,34,0,0,0,0,0,17,9,8,0,34,0,0,0,34
10/27/2022,HVN,CT,ANE,EN,Federal Contract Tower,22,9,8,0,39,0,1,23,0,24,22,10,31,0,63,0,0,0,63
10/28/2022,HVN,CT,ANE,EN,Federal Contract Tower,24,4,11,0,39,0,4,26,0,30,24,8,37,0,69,4,0,4,73
10/29/2022,HVN,CT,ANE,EN,Federal Contract Tower,22,4,8,0,34,0,0,32,0,32,22,4,40,0,66,2,0,2,68
10/30/2022,HVN,CT,ANE,EN,Federal Contract Tower,23,2,9,0,34,0,2,28,0,30,23,4,37,0,64,2,0,2,66
10/31/2022,HVN,CT,ANE,EN,Federal Contract Tower,23,7,6,0,36,0,0,18,2,20,23,7,24,2,56,4,0,4,60
11/01/2022,HVN,CT,ANE,EN,Federal Contract Tower,4,10,12,0,26,0,0,0,0,0,4,10,12,0,26,0,0,0,26
11/02/2022,HVN,CT,ANE,EN,Federal Contract Tower,13,8,9,0,30,0,0,34,0,34,13,8,43,0,64,0,0,0,64
11/03/2022,HVN,CT,ANE,EN,Federal Contract Tower,20,11,10,0,41,0,1,22,0,23,20,12,32,0,64,0,0,0,64
11/04/2022,HVN,CT,ANE,EN,Federal Contract Tower,25,11,13,0,49,0,1,20,0,21,25,12,33,0,70,0,0,0,70
11/05/2022,HVN,CT,ANE,EN,Federal Contract Tower,24,14,5,0,43,0,5,26,0,31,24,19,31,0,74,0,0,0,74
11/06/2022,HVN,CT,ANE,EN,Federal Contract Tower,27,4,11,0,42,0,0,24,0,24,27,4,35,0,66,12,0,12,78
11/07/2022,HVN,CT,ANE,EN,Federal Contract Tower,26,10,5,0,41,0,2,11,0,13,26,12,16,0,54,0,0,0,54
11/08/2022,HVN,CT,ANE,EN,Federal Contract Tower,5,5,6,0,16,0,1,24,0,25,5,6,30,0,41,0,0,0,41
11/09/2022,HVN,CT,ANE,EN,Federal Contract Tower,9,7,8,0,24,0,0,43,2,45,9,7,51,2,69,2,4,6,75
11/10/2022,HVN,CT,ANE,EN,Federal Contract Tower,22,3,4,0,29,0,4,22,0,26,22,7,26,0,55,2,0,2,57
11/11/2022,HVN,CT,ANE,EN,Federal Contract Tower,26,14,6,0,46,0,0,4,0,4,26,14,10,0,50,0,0,0,50
11/12/2022,HVN,CT,ANE,EN,Federal Contract Tower,18,4,5,0,27,0,1,8,0,9,18,5,13,0,36,0,0,0,36
11/13/2022,HVN,CT,ANE,EN,Federal Contract Tower,27,5,5,0,37,0,1,9,0,10,27,6,14,0,47,0,0,0,47
11/14/2022,HVN,CT,ANE,EN,Federal Contract Tower,24,3,13,0,40,0,1,15,0,16,24,4,28,0,56,6,0,6,62
11/15/2022,HVN,CT,ANE,EN,Federal Contract Tower,14,11,6,0,31,0,0,24,0,24,14,11,30,0,55,8,0,8,63
11/16/2022,HVN,CT,ANE,EN,Federal Contract Tower,10,6,13,0,29,0,0,2,2,4,10,6,15,2,33,0,0,0,33
11/17/2022,HVN,CT,ANE,EN,Federal Contract Tower,22,9,3,0,34,0,2,20,0,22,22,11,23,0,56,0,0,0,56
11/18/2022,HVN,CT,ANE,EN,Federal Contract Tower,24,8,9,0,41,0,1,21,0,22,24,9,30,0,63,2,0,2,65
11/19/2022,HVN,CT,ANE,EN,Federal Contract Tower,22,3,4,0,29,0,0,29,0,29,22,3,33,0,58,8,0,8,66
11/20/2022,HVN,CT,ANE,EN,Federal Contract Tower,25,8,3,0,36,0,2,4,0,6,25,10,7,0,42,0,0,0,42
11/21/2022,HVN,CT,ANE,EN,Federal Contract Tower,24,5,4,0,33,0,4,3,2,9,24,9,7,2,42,0,0,0,42
11/22/2022,HVN,CT,ANE,EN,Federal Contract Tower,18,7,5,0,30,0,0,50,1,51,18,7,55,1,81,0,2,2,83
11/23/2022,HVN,CT,ANE,EN,Federal Contract Tower,22,8,5,0,35,0,1,33,0,34,22,9,38,0,69,22,0,22,91
11/24/2022,HVN,CT,ANE,EN,Federal Contract Tower,23,3,2,0,28,0,1,18,1,20,23,4,20,1,48,0,0,0,48
11/25/2022,HVN,CT,ANE,EN,Federal Contract Tower,19,5,3,0,27,0,0,8,0,8,19,5,11,0,35,4,0,4,39
11/26/2022,HVN,CT,ANE,EN,Federal Contract Tower,21,6,7,0,34,0,1,26,0,27,21,7,33,0,61,0,0,0,61
11/27/2022,HVN,CT,ANE,EN,Federal Contract Tower,29,12,10,0,51,0,1,17,0,18,29,13,27,0,69,4,0,4,73
11/28/2022,HVN,CT,ANE,EN,Federal Contract Tower,30,7,4,0,41,0,2,19,0,21,30,9,23,0,62,2,0,2,64
11/29/2022,HVN,CT,ANE,EN,Federal Contract Tower,4,4,2,2,12,0,1,32,0,33,4,5,34,2,45,26,0,26,71
11/30/2022,HVN,CT,ANE,EN,Federal Contract Tower,8,5,5,0,18,0,0,3,0,3,8,5,8,0,21,0,0,0,21
12/01/2022,HVN,CT,ANE,EN,Federal Contract Tower,16,11,3,0,30,0,0,1,0,1,16,11,4,0,31,0,0,0,31
12/02/2022,HVN,CT,ANE,EN,Federal Contract Tower,16,5,10,0,31,0,0,31,0,31,16,5,41,0,62,30,0,30,92
12/03/2022,HVN,CT,ANE,EN,Federal Contract Tower,10,5,2,0,17,0,0,0,0,0,10,5,2,0,17,0,0,0,17
12/04/2022,HVN,CT,ANE,EN,Federal Contract Tower,18,6,7,1,32,0,3,32,0,35,18,9,39,1,67,40,2,42,109
12/05/2022,HVN,CT,ANE,EN,Federal Contract Tower,14,6,4,0,24,0,0,20,0,20,14,6,24,0,44,10,0,10,54
12/06/2022,HVN,CT,ANE,EN,Federal Contract Tower,4,13,8,0,25,0,1,8,0,9,4,14,16,0,34,18,0,18,52
12/07/2022,HVN,CT,ANE,EN,Federal Contract Tower,6,1,3,0,10,0,0,0,0,0,6,1,3,0,10,0,0,0,10
12/08/2022,HVN,CT,ANE,EN,Federal Contract Tower,20,5,9,0,34,0,2,27,0,29,20,7,36,0,63,10,0,10,73
12/09/2022,HVN,CT,ANE,EN,Federal Contract Tower,14,4,6,0,24,0,4,41,0,45,14,8,47,0,69,32,0,32,101
12/10/2022,HVN,CT,ANE,EN,Federal Contract Tower,10,2,10,0,22,0,3,27,0,30,10,5,37,0,52,8,0,8,60
12/11/2022,HVN,CT,ANE,EN,Federal Contract Tower,16,4,1,0,21,0,0,2,0,2,16,4,3,0,23,4,0,4,27
12/12/2022,HVN,CT,ANE,EN,Federal Contract Tower,15,9,5,0,29,0,0,15,0,15,15,9,20,0,44,4,0,4,48
12/13/2022,HVN,CT,ANE,EN,Federal Contract Tower,5,1,10,1,17,0,0,26,7,33,5,1,36,8,50,28,0,28,78
12/14/2022,HVN,CT,ANE,EN,Federal Contract Tower,5,15,5,0,25,0,0,32,0,32,5,15,37,0,57,0,0,0,57
12/15/2022,HVN,CT,ANE,EN,Federal Contract Tower,22,4,2,0,28,0,0,5,2,7,22,4,7,2,35,0,0,0,35
12/16/2022,HVN,CT,ANE,EN,Federal Contract Tower,16,4,8,0,28,0,0,0,0,0,16,4,8,0,28,0,0,0,28
12/17/2022,HVN,CT,ANE,EN,Federal Contract Tower,19,7,9,0,35,0,2,14,1,17,19,9,23,1,52,0,2,2,54
12/18/2022,HVN,CT,ANE,EN,Federal Contract Tower,25,1,11,0,37,0,0,15,0,15,25,1,26,0,52,28,0,28,80
12/19/2022,HVN,CT,ANE,EN,Federal Contract Tower,21,3,8,2,34,0,0,14,0,14,21,3,22,2,48,32,0,32,80
12/20/2022,HVN,CT,ANE,EN,Federal Contract Tower,16,0,13,0,29,0,2,23,0,25,16,2,36,0,54,46,0,46,100
12/21/2022,HVN,CT,ANE,EN,Federal Contract Tower,23,10,7,0,40,0,0,46,0,46,23,10,53,0,86,30,0,30,116
12/22/2022,HVN,CT,ANE,EN,Federal Contract Tower,22,8,2,0,32,0,0,7,0,7,22,8,9,0,39,0,6,6,45
12/23/2022,HVN,CT,ANE,EN,Federal Contract Tower,35,0,1,0,36,0,0,0,0,0,35,0,1,0,36,0,0,0,36
12/24/2022,HVN,CT,ANE,EN,Federal Contract Tower,20,5,4,0,29,0,0,3,0,3,20,5,7,0,32,0,0,0,32
12/25/2022,HVN,CT,ANE,EN,Federal Contract Tower,22,1,0,0,23,0,0,0,0,0,22,1,0,0,23,0,0,0,23
12/26/2022,HVN,CT,ANE,EN,Federal Contract Tower,22,7,14,0,43,0,0,22,0,22,22,7,36,0,65,24,0,24,89
12/27/2022,HVN,CT,ANE,EN,Federal Contract Tower,17,6,6,0,29,0,1,27,2,30,17,7,33,2,59,8,0,8,67
12/28/2022,HVN,CT,ANE,EN,Federal Contract Tower,22,6,3,0,31,0,0,24,0,24,22,6,27,0,55,20,0,20,75
12/29/2022,HVN,CT,ANE,EN,Federal Contract Tower,25,7,3,0,35,0,0,31,2,33,25,7,34,2,68,6,0,6,74
12/30/2022,HVN,CT,ANE,EN,Federal Contract Tower,27,2,6,0,35,0,2,30,1,33,27,4,36,1,68,20,0,20,88
12/31/2022,HVN,CT,ANE,EN,Federal Contract Tower,5,0,0,0,5,0,0,0,0,0,5,0,0,0,5,0,0,0,5
01/01/2023,HVN,CT,ANE,EN,Federal Contract Tower,25,6,3,0,34,0,2,17,0,19,25,8,20,0,53,6,0,6,59
01/02/2023,HVN,CT,ANE,EN,Federal Contract Tower,23,8,5,0,36,0,0,17,0,17,23,8,22,0,53,20,2,22,75
01/03/2023,HVN,CT,ANE,EN,Federal Contract Tower,11,4,2,0,17,0,0,0,0,0,11,4,2,0,17,0,0,0,17
01/04/2023,HVN,CT,ANE,EN,Federal Contract Tower,21,3,4,0,28,0,0,0,0,0,21,3,4,0,28,0,0,0,28
01/05/2023,HVN,CT,ANE,EN,Federal Contract Tower,25,4,4,2,35,0,0,0,0,0,25,4,4,2,35,0,0,0,35
01/06/2023,HVN,CT,ANE,EN,Federal Contract Tower,24,9,4,0,37,0,0,0,0,0,24,9,4,0,37,0,0,0,37
01/07/2023,HVN,CT,ANE,EN,Federal Contract Tower,20,7,2,0,29,0,0,24,0,24,20,7,26,0,53,20,0,20,73
01/08/2023,HVN,CT,ANE,EN,Federal Contract Tower,26,4,4,0,34,0,1,38,2,41,26,5,42,2,75,48,0,48,123
01/09/2023,HVN,CT,ANE,EN,Federal Contract Tower,19,4,7,0,30,0,2,17,0,19,19,6,24,0,49,24,0,24,73
01/10/2023,HVN,CT,ANE,EN,Federal Contract Tower,7,10,1,0,18,0,0,17,0,17,7,10,18,0,35,26,0,26,61
01/11/2023,HVN,CT,ANE,EN,Federal Contract Tower,8,6,2,0,16,0,0,17,0,17,8,6,19,0,33,36,0,36,69
01/12/2023,HVN,CT,ANE,EN,Federal Contract Tower,23,7,6,0,36,0,0,0,0,0,23,7,6,0,36,0,0,0,36
01/13/2023,HVN,CT,ANE,EN,Federal Contract Tower,20,13,5,0,38,0,0,0,0,0,20,13,5,0,38,0,0,0,38
01/14/2023,HVN,CT,ANE,EN,Federal Contract Tower,16,8,1,0,25,0,0,3,0,3,16,8,4,0,28,6,0,6,34
01/15/2023,HVN,CT,ANE,EN,Federal Contract Tower,21,5,2,0,28,0,0,11,2,13,21,5,13,2,41,22,4,26,67
01/16/2023,HVN,CT,ANE,EN,Federal Contract Tower,15,5,9,0,29,0,1,34,0,35,15,6,43,0,64,40,0,40,104
01/17/2023,HVN,CT,ANE,EN,Federal Contract Tower,7,4,19,0,30,0,3,24,3,30,7,7,43,3,60,36,2,38,98
01/18/2023,HVN,CT,ANE,EN,Federal Contract Tower,9,11,8,0,28,0,0,17,0,17,9,11,25,0,45,12,0,12,57
01/19/2023,HVN,CT,ANE,EN,Federal Contract Tower,22,6,4,4,36,0,0,4,0,4,22,6,8,4,40,8,0,8,48
01/20/2023,HVN,CT,ANE,EN,Federal Contract Tower,20,8,5,0,33,0,0,3,0,3,20,8,8,0,36,2,0,2,38
01/21/2023,HVN,CT,ANE,EN,Federal Contract Tower,17,6,10,0,33,0,0,37,0,37,17,6,47,0,70,42,0,42,112
01/22/2023,HVN,CT,ANE,EN,Federal Contract Tower,22,6,2,0,30,0,0,17,0,17,22,6,19,0,47,28,0,28,75
01/23/2023,HVN,CT,ANE,EN,Federal Contract Tower,19,5,5,0,29,0,0,0,0,0,19,5,5,0,29,0,0,0,29
01/24/2023,HVN,CT,ANE,EN,Federal Contract Tower,7,4,4,0,15,0,0,20,0,20,7,4,24,0,35,14,0,14,49
01/25/2023,HVN,CT,ANE,EN,Federal Contract Tower,8,3,5,0,16,0,0,5,0,5,8,3,10,0,21,2,0,2,23
01/26/2023,HVN,CT,ANE,EN,Federal Contract Tower,27,6,2,0,35,0,0,1,0,1,27,6,3,0,36,0,0,0,36
01/27/2023,HVN,CT,ANE,EN,Federal Contract Tower,23,4,5,0,32,0,2,31,0,33,23,6,36,0,65,40,0,40,105
01/28/2023,HVN,CT,ANE,EN,Federal Contract Tower,16,8,5,0,29,0,0,38,0,38,16,8,43,0,67,76,0,76,143
01/29/2023,HVN,CT,ANE,EN,Federal Contract Tower,22,15,7,0,44,0,0,13,0,13,22,15,20,0,57,44,0,44,101
01/30/2023,HVN,CT,ANE,EN,Federal Contract Tower,19,4,8,0,31,0,0,25,0,25,19,4,33,0,56,38,0,38,94
01/31/2023,HVN,CT,ANE,EN,Federal Contract Tower,6,11,5,2,24,0,2,9,0,11,6,13,14,2,35,16,0,16,51
02/01/2023,HVN,CT,ANE,EN,Federal Contract Tower,8,10,11,0,29,0,2,16,0,18,8,12,27,0,47,64,0,64,111
02/02/2023,HVN,CT,ANE,EN,Federal Contract Tower,21,7,6,0,34,0,0,25,0,25,21,7,31,0,59,16,0,16,75
02/03/2023,HVN,CT,ANE,EN,Federal Contract Tower,19,7,4,0,30,0,0,0,0,0,19,7,4,0,30,0,0,0,30
02/04/2023,HVN,CT,ANE,EN,Federal Contract Tower,15,2,3,0,20,0,1,4,0,5,15,3,7,0,25,2,0,2,27
02/05/2023,HVN,CT,ANE,EN,Federal Contract Tower,21,7,5,0,33,0,2,18,0,20,21,9,23,0,53,12,0,12,65
02/06/2023,HVN,CT,ANE,EN,Federal Contract Tower,18,9,2,0,29,0,0,17,0,17,18,9,19,0,46,2,0,2,48
02/07/2023,HVN,CT,ANE,EN,Federal Contract Tower,6,3,10,0,19,0,0,33,2,35,6,3,43,2,54,56,0,56,110
02/08/2023,HVN,CT,ANE,EN,Federal Contract Tower,9,11,9,0,29,0,4,20,0,24,9,15,29,0,53,22,0,22,75
02/09/2023,HVN,CT,ANE,EN,Federal Contract Tower,22,5,2,0,29,0,2,7,0,9,22,7,9,0,38,66,0,66,104
02/10/2023,HVN,CT,ANE,EN,Federal Contract Tower,17,6,2,0,25,0,0,9,0,9,17,6,11,0,34,0,6,6,40
02/11/2023,HVN,CT,ANE,EN,Federal Contract Tower,16,7,3,0,26,26,0,0,0,26,42,7,3,0,52,44,0,44,96
02/12/2023,HVN,CT,ANE,EN,Federal Contract Tower,23,11,4,0,38,0,0,46,0,46,23,11,50,0,84,56,0,56,140
02/13/2023,HVN,CT,ANE,EN,Federal Contract Tower,18,3,15,0,36,0,0,26,0,26,18,3,41,0,62,54,0,54,116
02/14/2023,HVN,CT,ANE,EN,Federal Contract Tower,7,2,8,0,17,0,2,18,0,20,7,4,26,0,37,34,2,36,73
02/15/2023,HVN,CT,ANE,EN,Federal Contract Tower,8,6,8,0,22,0,0,20,1,21,8,6,28,1,43,48,0,48,91
02/16/2023,HVN,CT,ANE,EN,Federal Contract Tower,24,8,5,0,37,0,0,21,0,21,24,8,26,0,58,24,0,24,82
02/17/2023,HVN,CT,ANE,EN,Federal Contract Tower,22,13,5,0,40,0,0,2,0,2,22,13,7,0,42,0,0,0,42
02/18/2023,HVN,CT,ANE,EN,Federal Contract Tower,20,5,6,0,31,0,0,25,0,25,20,5,31,0,56,62,0,62,118
02/19/2023,HVN,CT,ANE,EN,Federal Contract Tower,28,9,7,0,44,0,0,27,0,27,28,9,34,0,71,54,0,54,125
02/20/2023,HVN,CT,ANE,EN,Federal Contract Tower,22,10,4,0,36,0,0,7,0,7,22,10,11,0,43,8,0,8,51
02/21/2023,HVN,CT,ANE,EN,Federal Contract Tower,16,8,7,0,31,0,0,0,0,0,16,8,7,0,31,0,0,0,31
02/22/2023,HVN,CT,ANE,EN,Federal Contract Tower,16,6,3,0,25,0,1,15,2,18,16,7,18,2,43,50,0,50,93
02/23/2023,HVN,CT,ANE,EN,Federal Contract Tower,24,6,6,0,36,0,0,0,0,0,24,6,6,0,36,0,0,0,36
02/24/2023,HVN,CT,ANE,EN,Federal Contract Tower,21,9,4,0,34,0,0,8,2,10,21,9,12,2,44,6,0,6,50
02/25/2023,HVN,CT,ANE,EN,Federal Contract Tower,19,3,1,0,23,0,0,9,0,9,19,3,10,0,32,8,0,8,40
02/26/2023,HVN,CT,ANE,EN,Federal Contract Tower,24,6,2,0,32,0,0,0,0,0,24,6,2,0,32,8,0,8,40
02/27/2023,HVN,CT,ANE,EN,Federal Contract Tower,21,2,3,0,26,0,0,15,0,15,21,2,18,0,41,32,0,32,73
02/28/2023,HVN,CT,ANE,EN,Federal Contract Tower,20,5,1,0,26,0,0,0,0,0,20,5,1,0,26,0,0,0,26
03/01/2023,HVN,CT,ANE,EN,Federal Contract Tower,17,0,3,0,20,0,0,19,0,19,17,0,22,0,39,48,0,48,87
03/02/2023,HVN,CT,ANE,EN,Federal Contract Tower,22,5,9,2,38,0,0,7,0,7,22,5,16,2,45,12,0,12,57
03/03/2023,HVN,CT,ANE,EN,Federal Contract Tower,23,4,7,0,34,0,0,40,0,40,23,4,47,0,74,56,0,56,130
03/04/2023,HVN,CT,ANE,EN,Federal Contract Tower,22,10,0,0,32,0,0,0,0,0,22,10,0,0,32,0,0,0,32
03/05/2023,HVN,CT,ANE,EN,Federal Contract Tower,25,4,1,0,30,0,0,40,0,40,25,4,41,0,70,30,0,30,100
03/06/2023,HVN,CT,ANE,EN,Federal Contract Tower,25,5,0,0,30,0,0,16,0,16,25,5,16,0,46,20,0,20,66
03/07/2023,HVN,CT,ANE,EN,Federal Contract Tower,15,8,6,0,29,0,2,2,0,4,15,10,8,0,33,28,0,28,61
03/08/2023,HVN,CT,ANE,EN,Federal Contract Tower,20,4,7,0,31,0,0,9,0,9,20,4,16,0,40,4,0,4,44
03/09/2023,HVN,CT,ANE,EN,Federal Contract Tower,25,7,11,0,43,0,3,34,0,37,25,10,45,0,80,32,0,32,112
03/10/2023,HVN,CT,ANE,EN,Federal Contract Tower,24,5,8,0,37,0,0,25,0,25,24,5,33,0,62,68,0,68,130
03/11/2023,HVN,CT,ANE,EN,Federal Contract Tower,21,6,2,0,29,0,0,4,0,4,21,6,6,0,33,6,0,6,39
03/12/2023,HVN,CT,ANE,EN,Federal Contract Tower,20,10,7,0,37,0,0,33,0,33,20,10,40,0,70,106,0,106,176
03/13/2023,HVN,CT,ANE,EN,Federal Contract Tower,23,5,3,0,31,0,0,0,0,0,23,5,3,0,31,0,0,0,31
03/14/2023,HVN,CT,ANE,EN,Federal Contract Tower,16,2,1,0,19,0,0,0,0,0,16,2,1,0,19,0,0,0,19
03/15/2023,HVN,CT,ANE,EN,Federal Contract Tower,19,13,4,0,36,0,0,2,0,2,19,13,6,0,38,0,0,0,38
03/16/2023,HVN,CT,ANE,EN,Federal Contract Tower,26,3,20,0,49,0,5,26,0,31,26,8,46,0,80,36,0,36,116
03/17/2023,HVN,CT,ANE,EN,Federal Contract Tower,25,3,1,0,29,0,0,12,0,12,25,3,13,0,41,84,0,84,125
03/18/2023,HVN,CT,ANE,EN,Federal Contract Tower,21,4,11,0,36,0,0,24,0,24,21,4,35,0,60,10,0,10,70
03/19/2023,HVN,CT,ANE,EN,Federal Contract Tower,25,8,1,0,34,0,1,8,0,9,25,9,9,0,43,0,0,0,43
03/20/2023,HVN,CT,ANE,EN,Federal Contract Tower,26,7,8,0,41,0,0,35,0,35,26,7,43,0,76,38,0,38,114
03/21/2023,HVN,CT,ANE,EN,Federal Contract Tower,18,3,9,2,32,0,0,39,0,39,18,3,48,2,71,98,0,98,169
03/22/2023,HVN,CT,ANE,EN,Federal Contract Tower,20,7,13,0,40,0,2,27,0,29,20,9,40,0,69,116,0,116,185
03/23/2023,HVN,CT,ANE,EN,Federal Contract Tower,25,2,7,0,34,0,0,1,0,1,25,2,8,0,35,0,0,0,35
03/24/2023,HVN,CT,ANE,EN,Federal Contract Tower,27,5,2,0,34,0,0,29,0,29,27,5,31,0,63,56,0,56,119
03/25/2023,HVN,CT,ANE,EN,Federal Contract Tower,21,4,1,0,26,0,0,0,0,0,21,4,1,0,26,0,0,0,26
03/26/2023,HVN,CT,ANE,EN,Federal Contract Tower,25,6,2,0,33,0,1,37,0,38,25,7,39,0,71,22,0,22,93
03/27/2023,HVN,CT,ANE,EN,Federal Contract Tower,26,4,2,0,32,0,2,33,0,35,26,6,35,0,67,50,0,50,117
03/28/2023,HVN,CT,ANE,EN,Federal Contract Tower,16,4,11,0,31,0,3,8,0,11,16,7,19,0,42,18,0,18,60
03/29/2023,HVN,CT,ANE,EN,Federal Contract Tower,20,4,15,0,39,0,13,51,0,64,20,17,66,0,103,96,0,96,199
03/30/2023,HVN,CT,ANE,EN,Federal Contract Tower,26,8,17,0,51,0,6,31,0,37,26,14,48,0,88,14,0,14,102
03/31/2023,HVN,CT,ANE,EN,Federal Contract Tower,26,9,13,0,48,0,0,18,0,18,26,9,31,0,66,50,0,50,116
04/01/2023,HVN,CT,ANE,EN,Federal Contract Tower,17,5,1,0,23,0,0,0,0,0,17,5,1,0,23,0,0,0,23
04/02/2023,HVN,CT,ANE,EN,Federal Contract Tower,25,5,0,0,30,0,0,25,0,25,25,5,25,0,55,6,0,6,61
04/03/2023,HVN,CT,ANE,EN,Federal Contract Tower,26,2,3,0,31,0,1,32,0,33,26,3,35,0,64,10,0,10,74
04/04/2023,HVN,CT,ANE,EN,Federal Contract Tower,18,0,17,0,35,0,3,63,3,69,18,3,80,3,104,88,0,88,192
04/05/2023,HVN,CT,ANE,EN,Federal Contract Tower,17,8,9,0,34,0,0,3,0,3,17,8,12,0,37,0,0,0,37
04/06/2023,HVN,CT,ANE,EN,Federal Contract Tower,26,3,4,0,33,0,2,30,0,32,26,5,34,0,65,24,0,24,89
04/07/2023,HVN,CT,ANE,EN,Federal Contract Tower,26,6,8,0,40,0,0,32,0,32,26,6,40,0,72,22,0,22,94
04/08/2023,HVN,CT,ANE,EN,Federal Contract Tower,20,4,1,0,25,0,0,41,0,41,20,4,42,0,66,70,0,70,136
04/09/2023,HVN,CT,ANE,EN,Federal Contract Tower,23,2,3,0,28,0,0,26,0,26,23,2,29,0,54,12,0,12,66
04/10/2023,HVN,CT,ANE,EN,Federal Contract Tower,26,3,4,0,33,0,1,64,0,65,26,4,68,0,98,42,0,42,140
04/11/2023,HVN,CT,ANE,EN,Federal Contract Tower,17,10,0,0,27,0,3,29,0,32,17,13,29,0,59,28,0,28,87
04/12/2023,HVN,CT,ANE,EN,Federal Contract Tower,18,5,8,2,33,0,0,41,0,41,18,5,49,2,74,26,0,26,100
04/13/2023,HVN,CT,ANE,EN,Federal Contract Tower,24,1,6,1,32,0,0,41,1,42,24,1,47,2,74,30,0,30,104
04/14/2023,HVN,CT,ANE,EN,Federal Contract Tower,26,16,3,0,45,0,4,47,1,52,26,20,50,1,97,58,0,58,155
04/15/2023,HVN,CT,ANE,EN,Federal Contract Tower,17,13,11,0,41,0,0,4,0,4,17,13,15,0,45,0,0,0,45
04/16/2023,HVN,CT,ANE,EN,Federal Contract Tower,26,8,9,0,43,0,0,0,0,0,26,8,9,0,43,0,0,0,43
04/17/2023,HVN,CT,ANE,EN,Federal Contract Tower,31,7,2,0,40,0,0,2,0,2,31,7,4,0,42,12,4,16,58
04/18/2023,HVN,CT,ANE,EN,Federal Contract Tower,18,11,11,0,40,0,0,31,2,33,18,11,42,2,73,6,2,8,81
04/19/2023,HVN,CT,ANE,EN,Federal Contract Tower,9,3,10,0,22,0,4,30,0,34,9,7,40,0,56,8,0,8,64
04/20/2023,HVN,CT,ANE,EN,Federal Contract Tower,16,11,20,0,47,0,0,42,4,46,16,11,62,4,93,54,0,54,147
04/21/2023,HVN,CT,ANE,EN,Federal Contract Tower,14,17,9,0,40,0,0,45,0,45,14,17,54,0,85,28,0,28,113
04/22/2023,HVN,CT,ANE,EN,Federal Contract Tower,14,10,3,0,27,0,0,0,0,0,14,10,3,0,27,0,0,0,27
04/23/2023,HVN,CT,ANE,EN,Federal Contract Tower,17,15,4,0,36,0,0,4,0,4,17,15,8,0,40,10,0,10,50
04/24/2023,HVN,CT,ANE,EN,Federal Contract Tower,17,9,9,0,35,0,5,45,0,50,17,14,54,0,85,26,0,26,111
04/25/2023,HVN,CT,ANE,EN,Federal Contract Tower,5,7,10,0,22,0,1,39,0,40,5,8,49,0,62,28,0,28,90
04/26/2023,HVN,CT,ANE,EN,Federal Contract Tower,9,6,12,0,27,0,0,50,0,50,9,6,62,0,77,50,0,50,127
04/27/2023,HVN,CT,ANE,EN,Federal Contract Tower,16,19,17,0,52,0,0,23,0,23,16,19,40,0,75,0,0,0,75
04/28/2023,HVN,CT,ANE,EN,Federal Contract Tower,15,24,11,0,50,0,0,23,0,23,15,24,34,0,73,50,0,50,123
04/29/2023,HVN,CT,ANE,EN,Federal Contract Tower,13,9,7,0,29,0,0,0,0,0,13,9,7,0,29,0,0,0,29
04/30/2023,HVN,CT,ANE,EN,Federal Contract Tower,16,5,0,0,21,0,0,0,0,0,16,5,0,0,21,0,0,0,21
05/01/2023,HVN,CT,ANE,EN,Federal Contract Tower,21,10,3,0,34,0,0,15,0,15,21,10,18,0,49,14,0,14,63
05/02/2023,HVN,CT,ANE,EN,Federal Contract Tower,9,10,8,0,27,0,0,15,2,17,9,10,23,2,44,10,0,10,54
05/03/2023,HVN,CT,ANE,EN,Federal Contract Tower,6,2,6,1,15,0,3,32,0,35,6,5,38,1,50,16,0,16,66
05/04/2023,HVN,CT,ANE,EN,Federal Contract Tower,20,8,3,0,31,0,0,17,0,17,20,8,20,0,48,14,0,14,62
05/05/2023,HVN,CT,ANE,EN,Federal Contract Tower,18,6,9,0,33,0,0,29,0,29,18,6,38,0,62,42,0,42,104
05/06/2023,HVN,CT,ANE,EN,Federal Contract Tower,15,2,4,0,21,0,0,44,0,44,15,2,48,0,65,80,0,80,145
05/07/2023,HVN,CT,ANE,EN,Federal Contract Tower,20,11,8,0,39,0,0,50,0,50,20,11,58,0,89,50,0,50,139
05/08/2023,HVN,CT,ANE,EN,Federal Contract Tower,20,10,9,0,39,0,14,35,0,49,20,24,44,0,88,14,0,14,102
05/09/2023,HVN,CT,ANE,EN,Federal Contract Tower,8,5,4,0,17,0,0,47,0,47,8,5,51,0,64,40,0,40,104
05/10/2023,HVN,CT,ANE,EN,Federal Contract Tower,7,12,13,0,32,0,0,39,4,43,7,12,52,4,75,10,0,10,85
05/11/2023,HVN,CT,ANE,EN,Federal Contract Tower,22,10,6,0,38,0,1,45,0,46,22,11,51,0,84,50,0,50,134
05/12/2023,HVN,CT,ANE,EN,Federal Contract Tower,18,11,4,0,33,0,0,33,0,33,18,11,37,0,66,48,0,48,114
05/13/2023,HVN,CT,ANE,EN,Federal Contract Tower,12,5,6,0,23,0,1,39,0,40,12,6,45,0,63,16,0,16,79
05/14/2023,HVN,CT,ANE,EN,Federal Contract Tower,19,9,3,0,31,0,0,21,0,21,19,9,24,0,52,36,0,36,88
05/15/2023,HVN,CT,ANE,EN,Federal Contract Tower,20,7,6,0,33,0,5,39,0,44,20,12,45,0,77,46,0,46,123
05/16/2023,HVN,CT,ANE,EN,Federal Contract Tower,10,8,8,0,26,0,0,32,0,32,10,8,40,0,58,36,0,36,94
05/17/2023,HVN,CT,ANE,EN,Federal Contract Tower,8,6,9,0,23,0,7,9,0,16,8,13,18,0,39,10,0,10,49
05/18/2023,HVN,CT,ANE,EN,Federal Contract Tower,20,20,3,0,43,0,6,50,4,60,20,26,53,4,103,72,0,72,175
05/19/2023,HVN,CT,ANE,EN,Federal Contract Tower,20,8,5,0,33,0,0,35,0,35,20,8,40,0,68,86,0,86,154
05/20/2023,HVN,CT,ANE,EN,Federal Contract Tower,14,17,5,0,36,0,0,0,0,0,14,17,5,0,36,0,0,0,36
05/21/2023,HVN,CT,ANE,EN,Federal Contract Tower,20,17,6,0,43,0,0,37,0,37,20,17,43,0,80,84,0,84,164
05/22/2023,HVN,CT,ANE,EN,Federal Contract Tower,22,14,11,2,49,0,7,31,2,40,22,21,42,4,89,20,0,20,109
05/23/2023,HVN,CT,ANE,EN,Federal Contract Tower,10,20,11,0,41,0,0,25,0,25,10,20,36,0,66,42,0,42,108
05/24/2023,HVN,CT,ANE,EN,Federal Contract Tower,8,17,12,0,37,0,0,32,0,32,8,17,44,0,69,26,0,26,95
05/25/2023,HVN,CT,ANE,EN,Federal Contract Tower,18,9,6,0,33,0,5,47,0,52,18,14,53,0,85,56,0,56,141
05/26/2023,HVN,CT,ANE,EN,Federal Contract Tower,19,7,10,0,36,0,4,39,0,43,19,11,49,0,79,36,0,36,115
05/27/2023,HVN,CT,ANE,EN,Federal Contract Tower,13,18,4,0,35,0,0,45,0,45,13,18,49,0,80,86,0,86,166
05/28/2023,HVN,CT,ANE,EN,Federal Contract Tower,19,8,6,0,33,0,0,28,0,28,19,8,34,0,61,30,0,30,91
05/29/2023,HVN,CT,ANE,EN,Federal Contract Tower,22,9,1,0,32,0,6,39,0,45,22,15,40,0,77,26,2,28,105
05/30/2023,HVN,CT,ANE,EN,Federal Contract Tower,16,3,2,0,21,0,1,28,2,31,16,4,30,2,52,32,4,36,88
05/31/2023,HVN,CT,ANE,EN,Federal Contract Tower,11,5,18,0,34,0,4,23,0,27,11,9,41,0,61,28,0,28,89
06/01/2023,HVN,CT,ANE,EN,Federal Contract Tower,20,5,8,0,33,0,11,38,0,49,20,16,46,0,82,72,0,72,154
06/02/2023,HVN,CT,ANE,EN,Federal Contract Tower,19,14,5,0,38,0,0,35,0,35,19,14,40,0,73,8,0,8,81
06/03/2023,HVN,CT,ANE,EN,Federal Contract Tower,17,5,6,0,28,0,0,14,0,14,17,5,20,0,42,0,0,0,42
06/04/2023,HVN,CT,ANE,EN,Federal Contract Tower,20,11,9,0,40,0,2,28,2,32,20,13,37,2,72,40,0,40,112
06/05/2023,HVN,CT,ANE,EN,Federal Contract Tower,21,10,10,0,41,0,4,57,0,61,21,14,67,0,102,52,0,52,154
06/06/2023,HVN,CT,ANE,EN,Federal Contract Tower,9,4,11,0,24,0,0,12,1,13,9,4,23,1,37,16,0,16,53
06/07/2023,HVN,CT,ANE,EN,Federal Contract Tower,8,8,12,0,28,0,0,9,4,13,8,8,21,4,41,10,0,10,51
06/08/2023,HVN,CT,ANE,EN,Federal Contract Tower,17,7,5,1,30,0,0,5,0,5,17,7,10,1,35,4,0,4,39
06/09/2023,HVN,CT,ANE,EN,Federal Contract Tower,15,17,8,0,40,0,1,26,0,27,15,18,34,0,67,112,0,112,179
06/10/2023,HVN,CT,ANE,EN,Federal Contract Tower,15,1,13,0,29,0,0,27,0,27,15,1,40,0,56,28,0,28,84
06/11/2023,HVN,CT,ANE,EN,Federal Contract Tower,20,14,6,0,40,0,3,38,0,41,20,17,44,0,81,76,0,76,157
06/12/2023,HVN,CT,ANE,EN,Federal Contract Tower,26,9,5,1,41,0,6,18,5,29,26,15,23,6,70,22,0,22,92
06/13/2023,HVN,CT,ANE,EN,Federal Contract Tower,10,7,7,0,24,0,1,18,0,19,10,8,25,0,43,14,0,14,57
06/14/2023,HVN,CT,ANE,EN,Federal Contract Tower,10,5,4,0,19,0,0,11,0,11,10,5,15,0,30,36,0,36,66
06/15/2023,HVN,CT,ANE,EN,Federal Contract Tower,18,12,20,0,50,0,3,61,2,66,18,15,81,2,116,122,0,122,238
06/16/2023,HVN,CT,ANE,EN,Federal Contract Tower,20,17,12,0,49,0,0,0,0,0,20,17,12,0,49,100,0,100,149
06/17/2023,HVN,CT,ANE,EN,Federal Contract Tower,15,5,7,0,27,0,0,7,0,7,15,5,14,0,34,0,0,0,34
06/18/2023,HVN,CT,ANE,EN,Federal Contract Tower,19,8,7,0,34,0,5,36,0,41,19,13,43,0,75,22,0,22,97
06/19/2023,HVN,CT,ANE,EN,Federal Contract Tower,24,4,3,0,31,0,2,49,0,51,24,6,52,0,82,30,0,30,112
06/20/2023,HVN,CT,ANE,EN,Federal Contract Tower,9,8,6,2,25,0,2,32,0,34,9,10,38,2,59,24,0,24,83
06/21/2023,HVN,CT,ANE,EN,Federal Contract Tower,9,12,3,0,24,0,2,29,0,31,9,14,32,0,55,60,0,60,115
06/22/2023,HVN,CT,ANE,EN,Federal Contract Tower,21,4,9,0,34,0,0,15,0,15,21,4,24,0,49,0,0,0,49
06/23/2023,HVN,CT,ANE,EN,Federal Contract Tower,20,4,10,0,34,0,0,7,0,7,20,4,17,0,41,10,0,10,51
06/24/2023,HVN,CT,ANE,EN,Federal Contract Tower,26,9,4,0,39,0,1,0,0,1,26,10,4,0,40,0,0,0,40
06/25/2023,HVN,CT,ANE,EN,Federal Contract Tower,25,8,6,0,39,0,3,27,0,30,25,11,33,0,69,54,0,54,123
06/26/2023,HVN,CT,ANE,EN,Federal Contract Tower,25,3,11,0,39,0,5,2,0,7,25,8,13,0,46,0,0,0,46
06/27/2023,HVN,CT,ANE,EN,Federal Contract Tower,8,9,8,0,25,0,1,9,2,12,8,10,17,2,37,26,0,26,63
06/28/2023,HVN,CT,ANE,EN,Federal Contract Tower,8,10,11,0,29,0,3,12,2,17,8,13,23,2,46,30,0,30,76
06/29/2023,HVN,CT,ANE,EN,Federal Contract Tower,25,4,15,2,46,0,2,37,2,41,25,6,52,4,87,30,14,44,131
06/30/2023,HVN,CT,ANE,EN,Federal Contract Tower,24,6,10,0,40,0,5,16,0,21,24,11,26,0,61,18,0,18,79
07/01/2023,HVN,CT,ANE,EN,Federal Contract Tower,18,8,7,0,33,0,1,31,0,32,18,9,38,0,65,38,0,38,103
07/02/2023,HVN,CT,ANE,EN,Federal Contract Tower,26,6,11,0,43,0,0,2,0,2,26,6,13,0,45,2,0,2,47
07/03/2023,HVN,CT,ANE,EN,Federal Contract Tower,25,4,4,0,33,0,3,35,0,38,25,7,39,0,71,66,0,66,137
07/04/2023,HVN,CT,ANE,EN,Federal Contract Tower,8,4,6,0,18,0,0,4,0,4,8,4,10,0,22,0,0,0,22
07/05/2023,HVN,CT,ANE,EN,Federal Contract Tower,8,2,17,0,27,0,1,46,0,47,8,3,63,0,74,50,0,50,124
07/06/2023,HVN,CT,ANE,EN,Federal Contract Tower,26,8,8,0,42,0,8,55,0,63,26,16,63,0,105,128,0,128,233
07/07/2023,HVN,CT,ANE,EN,Federal Contract Tower,25,4,3,0,32,0,4,37,0,41,25,8,40,0,73,28,0,28,101
07/08/2023,HVN,CT,ANE,EN,Federal Contract Tower,18,7,10,0,35,0,0,28,0,28,18,7,38,0,63,34,0,34,97
07/09/2023,HVN,CT,ANE,EN,Federal Contract Tower,26,3,13,0,42,0,6,19,0,25,26,9,32,0,67,38,0,38,105
07/10/2023,HVN,CT,ANE,EN,Federal Contract Tower,24,5,12,0,41,0,6,28,0,34,24,11,40,0,75,18,0,18,93
07/11/2023,HVN,CT,ANE,EN,Federal Contract Tower,8,15,4,0,27,0,5,65,0,70,8,20,69,0,97,52,0,52,149
07/12/2023,HVN,CT,ANE,EN,Federal Contract Tower,9,5,18,0,32,0,0,48,0,48,9,5,66,0,80,86,0,86,166
07/13/2023,HVN,CT,ANE,EN,Federal Contract Tower,25,6,9,0,40,0,0,54,0,54,25,6,63,0,94,122,0,122,216
07/14/2023,HVN,CT,ANE,EN,Federal Contract Tower,24,3,10,0,37,0,1,15,0,16,24,4,25,0,53,26,0,26,79
07/15/2023,HVN,CT,ANE,EN,Federal Contract Tower,20,5,10,0,35,0,1,23,0,24,20,6,33,0,59,44,0,44,103
07/16/2023,HVN,CT,ANE,EN,Federal Contract Tower,12,14,11,0,37,0,0,1,0,1,12,14,12,0,38,0,0,0,38
07/17/2023,HVN,CT,ANE,EN,Federal Contract Tower,24,17,11,0,52,0,0,39,0,39,24,17,50,0,91,62,0,62,153
07/18/2023,HVN,CT,ANE,EN,Federal Contract Tower,8,4,19,0,31,0,3,6,0,9,8,7,25,0,40,0,0,0,40
07/19/2023,HVN,CT,ANE,EN,Federal Contract Tower,8,11,9,0,28,0,3,36,0,39,8,14,45,0,67,84,0,84,151
07/20/2023,HVN,CT,ANE,EN,Federal Contract Tower,25,8,14,0,47,0,12,60,1,73,25,20,74,1,120,106,2,108,228
07/21/2023,HVN,CT,ANE,EN,Federal Contract Tower,27,10,8,0,45,0,4,12,0,16,27,14,20,0,61,26,0,26,87
07/22/2023,HVN,CT,ANE,EN,Federal Contract Tower,16,12,3,0,31,0,3,48,0,51,16,15,51,0,82,50,6,56,138
07/23/2023,HVN,CT,ANE,EN,Federal Contract Tower,25,10,2,0,37,0,2,32,0,34,25,12,34,0,71,30,0,30,101
07/24/2023,HVN,CT,ANE,EN,Federal Contract Tower,26,8,5,2,41,0,2,34,0,36,26,10,39,2,77,20,0,20,97
07/25/2023,HVN,CT,ANE,EN,Federal Contract Tower,8,8,10,0,26,0,1,15,0,16,8,9,25,0,42,78,0,78,120
07/26/2023,HVN,CT,ANE,EN,Federal Contract Tower,8,11,7,0,26,0,10,62,0,72,8,21,69,0,98,82,0,82,180
07/27/2023,HVN,CT,ANE,EN,Federal Contract Tower,25,9,7,0,41,0,4,22,0,26,25,13,29,0,67,14,0,14,81
07/28/2023,HVN,CT,ANE,EN,Federal Contract Tower,25,14,12,0,51,0,0,49,0,49,25,14,61,0,100,52,0,52,152
07/29/2023,HVN,CT,ANE,EN,Federal Contract Tower,17,6,1,0,24,0,0,23,0,23,17,6,24,0,47,58,0,58,105
07/30/2023,HVN,CT,ANE,EN,Federal Contract Tower,21,10,4,0,35,0,3,41,0,44,21,13,45,0,79,46,0,46,125
07/31/2023,HVN,CT,ANE,EN,Federal Contract Tower,25,6,3,0,34,0,4,48,0,52,25,10,51,0,86,66,0,66,152
08/01/2023,HVN,CT,ANE,EN,Federal Contract Tower,8,6,4,0,18,0,3,45,0,48,8,9,49,0,66,90,0,90,156
08/02/2023,HVN,CT,ANE,EN,Federal Contract Tower,8,4,10,0,22,0,5,47,0,52,8,9,57,0,74,72,0,72,146
08/03/2023,HVN,CT,ANE,EN,Federal Contract Tower,26,5,8,0,39,0,2,39,0,41,26,7,47,0,80,46,4,50,130
08/04/2023,HVN,CT,ANE,EN,Federal Contract Tower,25,4,3,0,32,0,0,24,0,24,25,4,27,0,56,20,0,20,76
08/05/2023,HVN,CT,ANE,EN,Federal Contract Tower,18,4,7,0,29,0,0,44,0,44,18,4,51,0,73,18,0,18,91
08/06/2023,HVN,CT,ANE,EN,Federal Contract Tower,26,10,7,0,43,0,5,56,2,63,26,15,63,2,106,28,0,28,134
08/07/2023,HVN,CT,ANE,EN,Federal Contract Tower,25,11,5,0,41,0,4,10,0,14,25,15,15,0,55,0,0,0,55
08/08/2023,HVN,CT,ANE,EN,Federal Contract Tower,8,1,4,0,13,0,0,9,0,9,8,1,13,0,22,22,0,22,44
08/09/2023,HVN,CT,ANE,EN,Federal Contract Tower,10,4,3,2,19,0,4,32,0,36,10,8,35,2,55,8,2,10,65
08/10/2023,HVN,CT,ANE,EN,Federal Contract Tower,25,8,2,12,47,0,3,30,0,33,25,11,32,12,80,34,0,34,114
08/11/2023,HVN,CT,ANE,EN,Federal Contract Tower,25,10,5,0,40,0,8,54,0,62,25,18,59,0,102,66,0,66,168
08/12/2023,HVN,CT,ANE,EN,Federal Contract Tower,17,7,5,0,29,0,0,51,0,51,17,7,56,0,80,22,0,22,102
08/13/2023,HVN,CT,ANE,EN,Federal Contract Tower,26,9,7,0,42,0,2,46,0,48,26,11,53,0,90,56,2,58,148
08/14/2023,HVN,CT,ANE,EN,Federal Contract Tower,27,5,7,2,41,0,3,38,0,41,27,8,45,2,82,20,0,20,102
08/15/2023,HVN,CT,ANE,EN,Federal Contract Tower,8,10,18,0,36,0,0,6,0,6,8,10,24,0,42,0,0,0,42
08/16/2023,HVN,CT,ANE,EN,Federal Contract Tower,8,30,15,0,53,0,0,22,0,22,8,30,37,0,75,26,0,26,101
08/17/2023,HVN,CT,ANE,EN,Federal Contract Tower,20,17,17,0,54,0,0,3,0,3,20,17,20,0,57,10,0,10,67
08/18/2023,HVN,CT,ANE,EN,Federal Contract Tower,25,5,11,0,41,0,0,25,0,25,25,5,36,0,66,26,0,26,92
08/19/2023,HVN,CT,ANE,EN,Federal Contract Tower,21,2,4,0,27,0,1,40,0,41,21,3,44,0,68,8,0,8,76
08/20/2023,HVN,CT,ANE,EN,Federal Contract Tower,26,12,5,0,43,0,7,53,0,60,26,19,58,0,103,72,0,72,175
08/21/2023,HVN,CT,ANE,EN,Federal Contract Tower,26,21,10,0,57,0,3,36,0,39,26,24,46,0,96,44,0,44,140
08/22/2023,HVN,CT,ANE,EN,Federal Contract Tower,8,9,2,0,19,0,10,37,0,47,8,19,39,0,66,8,0,8,74
08/23/2023,HVN,CT,ANE,EN,Federal Contract Tower,8,11,9,0,28,0,1,41,0,42,8,12,50,0,70,28,2,30,100
08/24/2023,HVN,CT,ANE,EN,Federal Contract Tower,26,8,14,0,48,0,10,22,0,32,26,18,36,0,80,4,0,4,84
08/25/2023,HVN,CT,ANE,EN,Federal Contract Tower,24,7,14,0,45,0,1,7,0,8,24,8,21,0,53,0,0,0,53
08/26/2023,HVN,CT,ANE,EN,Federal Contract Tower,18,5,4,0,27,0,7,23,0,30,18,12,27,0,57,16,0,16,73
08/27/2023,HVN,CT,ANE,EN,Federal Contract Tower,28,13,2,0,43,0,3,45,0,48,28,16,47,0,91,36,0,36,127
08/28/2023,HVN,CT,ANE,EN,Federal Contract Tower,25,7,11,0,43,0,2,31,0,33,25,9,42,0,76,48,0,48,124
08/29/2023,HVN,CT,ANE,EN,Federal Contract Tower,6,3,13,0,22,0,1,2,0,3,6,4,15,0,25,0,0,0,25
08/30/2023,HVN,CT,ANE,EN,Federal Contract Tower,8,7,10,0,25,0,0,18,0,18,8,7,28,0,43,36,0,36,79
08/31/2023,HVN,CT,ANE,EN,Federal Contract Tower,26,9,14,0,49,0,1,28,0,29,26,10,42,0,78,2,0,2,80
