01/01/2000,HWD,CA,AWP,WE,Towers with Display (VFR),0,1,13,0,14,0,0,72,0,72,0,1,85,0,86,62,0,62,148
01/02/2000,HWD,CA,AWP,WE,Towers with Display (VFR),0,1,15,0,16,0,0,130,0,130,0,1,145,0,146,144,0,144,290
01/03/2000,HWD,CA,AWP,WE,Towers with Display (VFR),0,1,14,0,15,0,2,153,0,155,0,3,167,0,170,198,0,198,368
01/04/2000,HWD,CA,AWP,WE,Towers with Display (VFR),0,1,23,0,24,0,1,150,0,151,0,2,173,0,175,230,0,230,405
01/05/2000,HWD,CA,AWP,WE,Towers with Display (VFR),0,1,9,0,10,0,1,195,0,196,0,2,204,0,206,176,0,176,382
01/06/2000,HWD,CA,AWP,WE,Towers with Display (VFR),0,1,20,0,21,0,1,182,0,183,0,2,202,0,204,182,0,182,386
01/07/2000,HWD,CA,AWP,WE,Towers with Display (VFR),0,1,19,0,20,0,6,167,0,173,0,7,186,0,193,234,0,234,427
01/08/2000,HWD,CA,AWP,WE,Towers with Display (VFR),0,4,44,0,48,0,1,55,1,57,0,5,99,1,105,172,0,172,277
01/09/2000,HWD,CA,AWP,WE,Towers with Display (VFR),0,1,17,0,18,0,3,130,0,133,0,4,147,0,151,270,0,270,421
01/10/2000,HWD,CA,AWP,WE,Towers with Display (VFR),0,3,33,0,36,0,0,57,0,57,0,3,90,0,93,400,0,400,493
01/11/2000,HWD,CA,AWP,WE,Towers with Display (VFR),0,1,25,0,26,0,0,54,0,54,0,1,79,0,80,4,0,4,84
01/12/2000,HWD,CA,AWP,WE,Towers with Display (VFR),0,0,31,0,31,0,0,186,0,186,0,0,217,0,217,226,0,226,443
01/13/2000,HWD,CA,AWP,WE,Towers with Display (VFR),0,1,24,0,25,0,4,181,0,185,0,5,205,0,210,190,0,190,400
01/14/2000,HWD,CA,AWP,WE,Towers with Display (VFR),0,1,24,0,25,0,4,150,0,154,0,5,174,0,179,320,0,320,499
01/15/2000,HWD,CA,AWP,WE,Towers with Display (VFR),0,0,27,0,27,0,0,70,0,70,0,0,97,0,97,216,0,216,313
01/16/2000,HWD,CA,AWP,WE,Towers with Display (VFR),0,0,12,0,12,0,0,123,0,123,0,0,135,0,135,366,0,366,501
01/17/2000,HWD,CA,AWP,WE,Towers with Display (VFR),0,0,28,0,28,0,2,52,0,54,0,2,80,0,82,150,0,150,232
01/18/2000,HWD,CA,AWP,WE,Towers with Display (VFR),0,0,28,0,28,0,2,75,0,77,0,2,103,0,105,278,0,278,383
01/19/2000,HWD,CA,AWP,WE,Towers with Display (VFR),0,0,29,0,29,0,2,110,0,112,0,2,139,0,141,102,0,102,243
01/20/2000,HWD,CA,AWP,WE,Towers with Display (VFR),0,2,33,0,35,0,2,127,0,129,0,4,160,0,164,312,0,312,476
01/21/2000,HWD,CA,AWP,WE,Towers with Display (VFR),0,0,19,0,19,0,0,130,0,130,0,0,149,0,149,182,0,182,331
01/22/2000,HWD,CA,AWP,WE,Towers with Display (VFR),0,0,26,0,26,0,1,139,0,140,0,1,165,0,166,426,0,426,592
01/23/2000,HWD,CA,AWP,WE,Towers with Display (VFR),0,0,22,0,22,0,0,4,2,6,0,0,26,2,28,30,0,30,58
01/24/2000,HWD,CA,AWP,WE,Towers with Display (VFR),0,0,28,0,28,0,3,17,0,20,0,3,45,0,48,12,0,12,60
01/25/2000,HWD,CA,AWP,WE,Towers with Display (VFR),0,0,32,0,32,0,2,96,0,98,0,2,128,0,130,168,0,168,298
01/26/2000,HWD,CA,AWP,WE,Towers with Display (VFR),0,0,30,0,30,0,0,233,0,233,0,0,263,0,263,194,0,194,457
01/27/2000,HWD,CA,AWP,WE,Towers with Display (VFR),0,0,24,0,24,0,8,215,0,223,0,8,239,0,247,210,0,210,457
01/28/2000,HWD,CA,AWP,WE,Towers with Display (VFR),0,0,31,0,31,0,9,153,0,162,0,9,184,0,193,320,0,320,513
01/29/2000,HWD,CA,AWP,WE,Towers with Display (VFR),0,0,28,0,28,0,1,209,0,210,0,1,237,0,238,354,0,354,592
01/30/2000,HWD,CA,AWP,WE,Towers with Display (VFR),0,0,8,0,8,0,0,16,0,16,0,0,24,0,24,0,0,0,24
01/31/2000,HWD,CA,AWP,WE,Towers with Display (VFR),0,0,24,0,24,0,0,78,0,78,0,0,102,0,102,292,0,292,394
02/01/2000,HWD,CA,AWP,WE,Towers with Display (VFR),0,2,15,0,17,0,0,152,0,152,0,2,167,0,169,282,0,282,451
02/02/2000,HWD,CA,AWP,WE,Towers with Display (VFR),0,0,14,0,14,0,0,144,0,144,0,0,158,0,158,260,0,260,418
02/03/2000,HWD,CA,AWP,WE,Towers with Display (VFR),0,2,15,0,17,0,0,58,0,58,0,2,73,0,75,36,0,36,111
02/04/2000,HWD,CA,AWP,WE,Towers with Display (VFR),0,0,20,0,20,0,0,112,0,112,0,0,132,0,132,182,0,182,314
02/05/2000,HWD,CA,AWP,WE,Towers with Display (VFR),0,2,14,0,16,0,2,30,0,32,0,4,44,0,48,92,0,92,140
02/06/2000,HWD,CA,AWP,WE,Towers with Display (VFR),0,1,7,0,8,0,2,184,0,186,0,3,191,0,194,204,0,204,398
02/07/2000,HWD,CA,AWP,WE,Towers with Display (VFR),0,1,17,0,18,0,0,91,0,91,0,1,108,0,109,96,0,96,205
02/08/2000,HWD,CA,AWP,WE,Towers with Display (VFR),0,0,20,0,20,0,0,82,0,82,0,0,102,0,102,226,0,226,328
02/09/2000,HWD,CA,AWP,WE,Towers with Display (VFR),0,3,35,0,38,0,0,44,0,44,0,3,79,0,82,140,0,140,222
02/10/2000,HWD,CA,AWP,WE,Towers with Display (VFR),0,2,19,0,21,0,2,59,0,61,0,4,78,0,82,166,0,166,248
02/11/2000,HWD,CA,AWP,WE,Towers with Display (VFR),0,2,24,0,26,0,1,45,0,46,0,3,69,0,72,96,0,96,168
02/12/2000,HWD,CA,AWP,WE,Towers with Display (VFR),0,2,23,0,25,0,1,41,0,42,0,3,64,0,67,232,0,232,299
02/13/2000,HWD,CA,AWP,WE,Towers with Display (VFR),0,2,18,0,20,0,3,11,0,14,0,5,29,0,34,0,0,0,34
02/14/2000,HWD,CA,AWP,WE,Towers with Display (VFR),0,2,15,0,17,0,2,52,0,54,0,4,67,0,71,62,0,62,133
02/15/2000,HWD,CA,AWP,WE,Towers with Display (VFR),0,1,25,0,26,0,3,133,0,136,0,4,158,0,162,234,0,234,396
02/16/2000,HWD,CA,AWP,WE,Towers with Display (VFR),0,0,12,0,12,0,2,100,0,102,0,2,112,0,114,180,0,180,294
02/17/2000,HWD,CA,AWP,WE,Towers with Display (VFR),0,0,20,0,20,0,0,160,0,160,0,0,180,0,180,332,0,332,512
02/18/2000,HWD,CA,AWP,WE,Towers with Display (VFR),0,1,27,0,28,0,0,169,0,169,0,1,196,0,197,160,0,160,357
02/19/2000,HWD,CA,AWP,WE,Towers with Display (VFR),0,1,17,0,18,0,2,182,0,184,0,3,199,0,202,306,0,306,508
02/20/2000,HWD,CA,AWP,WE,Towers with Display (VFR),0,0,14,0,14,0,2,39,0,41,0,2,53,0,55,22,0,22,77
02/21/2000,HWD,CA,AWP,WE,Towers with Display (VFR),0,1,14,0,15,0,1,156,0,157,0,2,170,0,172,334,0,334,506
02/22/2000,HWD,CA,AWP,WE,Towers with Display (VFR),0,2,28,0,30,0,1,63,0,64,0,3,91,0,94,104,0,104,198
02/23/2000,HWD,CA,AWP,WE,Towers with Display (VFR),0,1,17,0,18,0,0,111,0,111,0,1,128,0,129,396,0,396,525
02/24/2000,HWD,CA,AWP,WE,Towers with Display (VFR),0,1,22,0,23,0,2,127,0,129,0,3,149,0,152,308,0,308,460
02/25/2000,HWD,CA,AWP,WE,Towers with Display (VFR),0,1,29,0,30,0,0,102,0,102,0,1,131,0,132,128,0,128,260
02/26/2000,HWD,CA,AWP,WE,Towers with Display (VFR),0,2,30,0,32,0,0,50,0,50,0,2,80,0,82,204,0,204,286
02/27/2000,HWD,CA,AWP,WE,Towers with Display (VFR),0,1,25,0,26,0,0,46,0,46,0,1,71,0,72,210,0,210,282
02/28/2000,HWD,CA,AWP,WE,Towers with Display (VFR),0,1,27,0,28,0,1,131,0,132,0,2,158,0,160,320,0,320,480
02/29/2000,HWD,CA,AWP,WE,Towers with Display (VFR),0,1,23,0,24,0,1,73,0,74,0,2,96,0,98,198,0,198,296
03/01/2000,HWD,CA,AWP,WE,Towers with Display (VFR),0,0,32,0,32,0,0,200,0,200,0,0,232,0,232,338,0,338,570
03/02/2000,HWD,CA,AWP,WE,Towers with Display (VFR),0,2,29,0,31,0,2,141,0,143,0,4,170,0,174,332,0,332,506
03/03/2000,HWD,CA,AWP,WE,Towers with Display (VFR),0,1,21,0,22,0,3,211,0,214,0,4,232,0,236,310,0,310,546
03/04/2000,HWD,CA,AWP,WE,Towers with Display (VFR),0,2,25,0,27,0,0,139,0,139,0,2,164,0,166,530,0,530,696
03/05/2000,HWD,CA,AWP,WE,Towers with Display (VFR),0,1,17,0,18,0,3,111,0,114,0,4,128,0,132,320,0,320,452
03/06/2000,HWD,CA,AWP,WE,Towers with Display (VFR),0,0,17,0,17,0,0,186,0,186,0,0,203,0,203,324,0,324,527
03/07/2000,HWD,CA,AWP,WE,Towers with Display (VFR),0,0,14,0,14,0,0,165,0,165,0,0,179,0,179,256,0,256,435
03/08/2000,HWD,CA,AWP,WE,Towers with Display (VFR),0,2,26,0,28,0,2,152,0,154,0,4,178,0,182,166,0,166,348
03/09/2000,HWD,CA,AWP,WE,Towers with Display (VFR),0,2,32,0,34,0,5,191,0,196,0,7,223,0,230,266,0,266,496
03/10/2000,HWD,CA,AWP,WE,Towers with Display (VFR),0,0,35,0,35,0,0,201,0,201,0,0,236,0,236,364,0,364,600
03/11/2000,HWD,CA,AWP,WE,Towers with Display (VFR),0,1,16,0,17,0,0,180,0,180,0,1,196,0,197,322,0,322,519
03/12/2000,HWD,CA,AWP,WE,Towers with Display (VFR),0,1,23,0,24,0,4,220,0,224,0,5,243,0,248,292,0,292,540
03/13/2000,HWD,CA,AWP,WE,Towers with Display (VFR),0,1,23,0,24,0,1,212,0,213,0,2,235,0,237,344,0,344,581
03/14/2000,HWD,CA,AWP,WE,Towers with Display (VFR),0,2,26,0,28,0,1,151,0,152,0,3,177,0,180,232,0,232,412
03/15/2000,HWD,CA,AWP,WE,Towers with Display (VFR),0,1,21,0,22,0,2,233,0,235,0,3,254,0,257,278,0,278,535
03/16/2000,HWD,CA,AWP,WE,Towers with Display (VFR),0,2,25,0,27,0,5,164,0,169,0,7,189,0,196,210,0,210,406
03/17/2000,HWD,CA,AWP,WE,Towers with Display (VFR),0,0,13,0,13,0,3,211,0,214,0,3,224,0,227,360,0,360,587
03/18/2000,HWD,CA,AWP,WE,Towers with Display (VFR),0,1,25,0,26,0,0,185,0,185,0,1,210,0,211,374,4,378,589
03/19/2000,HWD,CA,AWP,WE,Towers with Display (VFR),0,0,21,0,21,0,5,159,0,164,0,5,180,0,185,294,0,294,479
03/20/2000,HWD,CA,AWP,WE,Towers with Display (VFR),0,0,16,0,16,0,6,137,0,143,0,6,153,0,159,128,0,128,287
03/21/2000,HWD,CA,AWP,WE,Towers with Display (VFR),0,0,10,0,10,0,2,212,0,214,0,2,222,0,224,292,0,292,516
03/22/2000,HWD,CA,AWP,WE,Towers with Display (VFR),0,1,25,0,26,0,0,199,0,199,0,1,224,0,225,314,0,314,539
03/23/2000,HWD,CA,AWP,WE,Towers with Display (VFR),0,0,16,0,16,0,2,171,0,173,0,2,187,0,189,362,0,362,551
03/24/2000,HWD,CA,AWP,WE,Towers with Display (VFR),0,0,24,0,24,0,7,183,0,190,0,7,207,0,214,416,0,416,630
03/25/2000,HWD,CA,AWP,WE,Towers with Display (VFR),0,0,24,0,24,0,3,177,0,180,0,3,201,0,204,322,0,322,526
03/26/2000,HWD,CA,AWP,WE,Towers with Display (VFR),0,0,16,0,16,0,4,229,0,233,0,4,245,0,249,240,0,240,489
03/27/2000,HWD,CA,AWP,WE,Towers with Display (VFR),0,0,34,0,34,0,0,163,0,163,0,0,197,0,197,206,0,206,403
03/28/2000,HWD,CA,AWP,WE,Towers with Display (VFR),0,0,25,0,25,0,0,139,0,139,0,0,164,0,164,364,0,364,528
03/29/2000,HWD,CA,AWP,WE,Towers with Display (VFR),0,0,18,0,18,0,3,173,0,176,0,3,191,0,194,258,0,258,452
03/30/2000,HWD,CA,AWP,WE,Towers with Display (VFR),0,0,21,0,21,0,3,229,0,232,0,3,250,0,253,338,0,338,591
03/31/2000,HWD,CA,AWP,WE,Towers with Display (VFR),0,0,12,0,12,0,4,96,0,100,0,4,108,0,112,44,0,44,156
04/01/2000,HWD,CA,AWP,WE,Towers with Display (VFR),0,1,12,0,13,0,0,192,0,192,0,1,204,0,205,138,0,138,343
04/02/2000,HWD,CA,AWP,WE,Towers with Display (VFR),0,1,21,0,22,0,0,204,0,204,0,1,225,0,226,180,0,180,406
04/03/2000,HWD,CA,AWP,WE,Towers with Display (VFR),0,1,14,0,15,0,1,157,0,158,0,2,171,0,173,256,0,256,429
04/04/2000,HWD,CA,AWP,WE,Towers with Display (VFR),0,0,28,0,28,0,0,159,0,159,0,0,187,0,187,318,0,318,505
04/05/2000,HWD,CA,AWP,WE,Towers with Display (VFR),0,1,21,0,22,0,1,198,0,199,0,2,219,0,221,426,0,426,647
04/06/2000,HWD,CA,AWP,WE,Towers with Display (VFR),0,3,25,0,28,0,1,200,0,201,0,4,225,0,229,370,0,370,599
04/07/2000,HWD,CA,AWP,WE,Towers with Display (VFR),0,3,20,0,23,0,0,197,0,197,0,3,217,0,220,272,0,272,492
04/08/2000,HWD,CA,AWP,WE,Towers with Display (VFR),0,1,24,0,25,0,0,104,0,104,0,1,128,0,129,312,0,312,441
04/09/2000,HWD,CA,AWP,WE,Towers with Display (VFR),0,1,20,0,21,0,3,153,0,156,0,4,173,0,177,232,0,232,409
04/10/2000,HWD,CA,AWP,WE,Towers with Display (VFR),0,1,17,0,18,0,1,152,0,153,0,2,169,0,171,266,0,266,437
04/11/2000,HWD,CA,AWP,WE,Towers with Display (VFR),0,2,29,0,31,0,1,225,0,226,0,3,254,0,257,386,0,386,643
04/12/2000,HWD,CA,AWP,WE,Towers with Display (VFR),0,0,19,0,19,0,0,150,0,150,0,0,169,0,169,238,0,238,407
04/13/2000,HWD,CA,AWP,WE,Towers with Display (VFR),0,1,18,0,19,0,1,121,0,122,0,2,139,0,141,264,0,264,405
04/14/2000,HWD,CA,AWP,WE,Towers with Display (VFR),0,1,25,0,26,0,2,135,0,137,0,3,160,0,163,256,0,256,419
04/15/2000,HWD,CA,AWP,WE,Towers with Display (VFR),0,0,16,0,16,0,0,71,0,71,0,0,87,0,87,238,0,238,325
04/16/2000,HWD,CA,AWP,WE,Towers with Display (VFR),0,0,15,0,15,0,6,99,0,105,0,6,114,0,120,222,0,222,342
04/17/2000,HWD,CA,AWP,WE,Towers with Display (VFR),0,0,8,0,8,0,2,157,0,159,0,2,165,0,167,210,0,210,377
04/18/2000,HWD,CA,AWP,WE,Towers with Display (VFR),0,1,27,0,28,0,1,170,0,171,0,2,197,0,199,92,0,92,291
04/19/2000,HWD,CA,AWP,WE,Towers with Display (VFR),0,1,22,0,23,0,0,183,0,183,0,1,205,0,206,114,0,114,320
04/20/2000,HWD,CA,AWP,WE,Towers with Display (VFR),0,1,30,0,31,0,2,194,0,196,0,3,224,0,227,280,0,280,507
04/21/2000,HWD,CA,AWP,WE,Towers with Display (VFR),0,1,35,0,36,0,1,155,0,156,0,2,190,0,192,268,0,268,460
04/22/2000,HWD,CA,AWP,WE,Towers with Display (VFR),0,1,27,0,28,0,1,125,0,126,0,2,152,0,154,272,0,272,426
04/23/2000,HWD,CA,AWP,WE,Towers with Display (VFR),0,0,10,0,10,0,2,199,0,201,0,2,209,0,211,176,0,176,387
04/24/2000,HWD,CA,AWP,WE,Towers with Display (VFR),0,0,11,0,11,0,2,154,0,156,0,2,165,0,167,208,0,208,375
04/25/2000,HWD,CA,AWP,WE,Towers with Display (VFR),0,1,27,0,28,0,0,189,0,189,0,1,216,0,217,240,0,240,457
04/26/2000,HWD,CA,AWP,WE,Towers with Display (VFR),0,1,30,0,31,0,7,203,0,210,0,8,233,0,241,154,0,154,395
04/27/2000,HWD,CA,AWP,WE,Towers with Display (VFR),0,1,40,0,41,0,2,133,0,135,0,3,173,0,176,190,0,190,366
04/28/2000,HWD,CA,AWP,WE,Towers with Display (VFR),0,0,18,0,18,0,2,200,0,202,0,2,218,0,220,94,0,94,314
04/29/2000,HWD,CA,AWP,WE,Towers with Display (VFR),0,0,21,0,21,0,0,203,0,203,0,0,224,0,224,332,0,332,556
04/30/2000,HWD,CA,AWP,WE,Towers with Display (VFR),0,0,16,0,16,0,2,202,0,204,0,2,218,0,220,286,0,286,506
05/01/2000,HWD,CA,AWP,WE,Towers with Display (VFR),0,1,22,0,23,0,0,170,0,170,0,1,192,0,193,308,0,308,501
05/02/2000,HWD,CA,AWP,WE,Towers with Display (VFR),0,2,67,0,69,0,0,183,0,183,0,2,250,0,252,288,0,288,540
05/03/2000,HWD,CA,AWP,WE,Towers with Display (VFR),0,2,35,0,37,0,0,167,0,167,0,2,202,0,204,210,0,210,414
05/04/2000,HWD,CA,AWP,WE,Towers with Display (VFR),0,2,25,0,27,0,2,234,0,236,0,4,259,0,263,258,0,258,521
05/05/2000,HWD,CA,AWP,WE,Towers with Display (VFR),0,1,15,0,16,0,4,199,0,203,0,5,214,0,219,334,0,334,553
05/06/2000,HWD,CA,AWP,WE,Towers with Display (VFR),0,1,8,0,9,0,0,193,0,193,0,1,201,0,202,352,0,352,554
05/07/2000,HWD,CA,AWP,WE,Towers with Display (VFR),0,2,38,0,40,0,0,116,0,116,0,2,154,0,156,92,0,92,248
05/08/2000,HWD,CA,AWP,WE,Towers with Display (VFR),0,1,31,0,32,0,0,126,0,126,0,1,157,0,158,334,0,334,492
05/09/2000,HWD,CA,AWP,WE,Towers with Display (VFR),0,1,21,0,22,0,4,171,0,175,0,5,192,0,197,318,0,318,515
05/10/2000,HWD,CA,AWP,WE,Towers with Display (VFR),0,1,23,0,24,0,5,134,0,139,0,6,157,0,163,182,6,188,351
05/11/2000,HWD,CA,AWP,WE,Towers with Display (VFR),0,1,23,0,24,0,4,196,0,200,0,5,219,0,224,248,0,248,472
05/12/2000,HWD,CA,AWP,WE,Towers with Display (VFR),0,2,29,0,31,0,2,243,0,245,0,4,272,0,276,348,0,348,624
05/13/2000,HWD,CA,AWP,WE,Towers with Display (VFR),0,1,25,0,26,0,0,195,0,195,0,1,220,0,221,304,0,304,525
05/14/2000,HWD,CA,AWP,WE,Towers with Display (VFR),0,1,17,0,18,0,1,130,0,131,0,2,147,0,149,170,0,170,319
05/15/2000,HWD,CA,AWP,WE,Towers with Display (VFR),0,0,25,0,25,0,0,126,0,126,0,0,151,0,151,278,0,278,429
05/16/2000,HWD,CA,AWP,WE,Towers with Display (VFR),0,0,29,0,29,0,0,95,0,95,0,0,124,0,124,106,0,106,230
05/17/2000,HWD,CA,AWP,WE,Towers with Display (VFR),0,1,29,0,30,0,1,202,0,203,0,2,231,0,233,362,0,362,595
05/18/2000,HWD,CA,AWP,WE,Towers with Display (VFR),0,0,20,0,20,0,0,201,0,201,0,0,221,0,221,292,0,292,513
05/19/2000,HWD,CA,AWP,WE,Towers with Display (VFR),0,1,28,0,29,0,7,272,0,279,0,8,300,0,308,284,0,284,592
05/20/2000,HWD,CA,AWP,WE,Towers with Display (VFR),0,0,13,0,13,0,1,188,0,189,0,1,201,0,202,326,0,326,528
05/21/2000,HWD,CA,AWP,WE,Towers with Display (VFR),0,0,16,0,16,0,0,197,0,197,0,0,213,0,213,260,0,260,473
05/22/2000,HWD,CA,AWP,WE,Towers with Display (VFR),0,0,26,0,26,0,1,146,0,147,0,1,172,0,173,198,0,198,371
05/23/2000,HWD,CA,AWP,WE,Towers with Display (VFR),0,0,35,0,35,0,0,175,0,175,0,0,210,0,210,354,0,354,564
05/24/2000,HWD,CA,AWP,WE,Towers with Display (VFR),0,1,27,0,28,0,5,196,0,201,0,6,223,0,229,438,0,438,667
05/25/2000,HWD,CA,AWP,WE,Towers with Display (VFR),0,0,16,0,16,0,4,181,1,186,0,4,197,1,202,300,0,300,502
05/26/2000,HWD,CA,AWP,WE,Towers with Display (VFR),0,2,93,0,95,0,0,84,0,84,0,2,177,0,179,214,0,214,393
05/27/2000,HWD,CA,AWP,WE,Towers with Display (VFR),0,1,26,0,27,0,1,166,0,167,0,2,192,0,194,380,0,380,574
05/28/2000,HWD,CA,AWP,WE,Towers with Display (VFR),0,0,14,0,14,0,0,166,1,167,0,0,180,1,181,248,0,248,429
05/29/2000,HWD,CA,AWP,WE,Towers with Display (VFR),0,0,15,0,15,0,0,240,1,241,0,0,255,1,256,190,6,196,452
05/30/2000,HWD,CA,AWP,WE,Towers with Display (VFR),0,0,21,0,21,0,0,145,0,145,0,0,166,0,166,260,0,260,426
05/31/2000,HWD,CA,AWP,WE,Towers with Display (VFR),0,0,13,0,13,0,0,189,0,189,0,0,202,0,202,364,0,364,566
06/01/2000,HWD,CA,AWP,WE,Towers with Display (VFR),0,1,23,0,24,0,1,171,0,172,0,2,194,0,196,394,0,394,590
06/02/2000,HWD,CA,AWP,WE,Towers with Display (VFR),0,1,39,0,40,0,0,172,0,172,0,1,211,0,212,380,0,380,592
06/03/2000,HWD,CA,AWP,WE,Towers with Display (VFR),0,0,23,0,23,0,0,171,0,171,0,0,194,0,194,274,0,274,468
06/04/2000,HWD,CA,AWP,WE,Towers with Display (VFR),0,1,18,0,19,0,0,142,0,142,0,1,160,0,161,234,0,234,395
06/05/2000,HWD,CA,AWP,WE,Towers with Display (VFR),0,1,22,0,23,0,1,160,0,161,0,2,182,0,184,424,0,424,608
06/06/2000,HWD,CA,AWP,WE,Towers with Display (VFR),0,0,22,0,22,0,0,187,0,187,0,0,209,0,209,284,0,284,493
06/07/2000,HWD,CA,AWP,WE,Towers with Display (VFR),0,0,31,0,31,0,0,170,0,170,0,0,201,0,201,402,0,402,603
06/08/2000,HWD,CA,AWP,WE,Towers with Display (VFR),0,2,30,0,32,0,2,172,0,174,0,4,202,0,206,224,0,224,430
06/09/2000,HWD,CA,AWP,WE,Towers with Display (VFR),0,1,24,0,25,0,3,254,0,257,0,4,278,0,282,398,0,398,680
06/10/2000,HWD,CA,AWP,WE,Towers with Display (VFR),0,0,23,0,23,0,0,235,0,235,0,0,258,0,258,536,0,536,794
06/11/2000,HWD,CA,AWP,WE,Towers with Display (VFR),0,1,26,0,27,0,0,261,0,261,0,1,287,0,288,448,0,448,736
06/12/2000,HWD,CA,AWP,WE,Towers with Display (VFR),0,2,37,0,39,0,0,207,0,207,0,2,244,0,246,516,0,516,762
06/13/2000,HWD,CA,AWP,WE,Towers with Display (VFR),0,2,29,0,31,0,4,267,0,271,0,6,296,0,302,504,0,504,806
06/14/2000,HWD,CA,AWP,WE,Towers with Display (VFR),0,1,24,0,25,0,3,199,2,204,0,4,223,2,229,426,0,426,655
06/15/2000,HWD,CA,AWP,WE,Towers with Display (VFR),0,0,22,0,22,0,0,191,0,191,0,0,213,0,213,384,0,384,597
06/16/2000,HWD,CA,AWP,WE,Towers with Display (VFR),0,2,46,0,48,0,1,201,0,202,0,3,247,0,250,462,0,462,712
06/17/2000,HWD,CA,AWP,WE,Towers with Display (VFR),0,2,34,0,36,0,2,252,0,254,0,4,286,0,290,438,0,438,728
06/18/2000,HWD,CA,AWP,WE,Towers with Display (VFR),0,1,19,0,20,0,3,200,0,203,0,4,219,0,223,298,0,298,521
06/19/2000,HWD,CA,AWP,WE,Towers with Display (VFR),0,0,34,0,34,0,0,159,0,159,0,0,193,0,193,350,0,350,543
06/20/2000,HWD,CA,AWP,WE,Towers with Display (VFR),0,0,40,0,40,0,0,196,0,196,0,0,236,0,236,308,0,308,544
06/21/2000,HWD,CA,AWP,WE,Towers with Display (VFR),0,0,21,0,21,0,0,223,0,223,0,0,244,0,244,300,0,300,544
06/22/2000,HWD,CA,AWP,WE,Towers with Display (VFR),0,1,45,0,46,0,7,190,0,197,0,8,235,0,243,372,0,372,615
06/23/2000,HWD,CA,AWP,WE,Towers with Display (VFR),0,0,20,0,20,0,3,191,0,194,0,3,211,0,214,324,0,324,538
06/24/2000,HWD,CA,AWP,WE,Towers with Display (VFR),0,0,21,0,21,0,0,202,0,202,0,0,223,0,223,378,0,378,601
06/25/2000,HWD,CA,AWP,WE,Towers with Display (VFR),0,0,18,0,18,0,0,228,0,228,0,0,246,0,246,330,0,330,576
06/26/2000,HWD,CA,AWP,WE,Towers with Display (VFR),0,1,33,0,34,0,4,201,0,205,0,5,234,0,239,332,0,332,571
06/27/2000,HWD,CA,AWP,WE,Towers with Display (VFR),0,1,42,0,43,0,3,168,0,171,0,4,210,0,214,326,0,326,540
06/28/2000,HWD,CA,AWP,WE,Towers with Display (VFR),0,1,45,0,46,0,0,174,0,174,0,1,219,0,220,306,0,306,526
06/29/2000,HWD,CA,AWP,WE,Towers with Display (VFR),0,1,47,0,48,0,8,258,0,266,0,9,305,0,314,364,0,364,678
06/30/2000,HWD,CA,AWP,WE,Towers with Display (VFR),0,1,27,0,28,0,4,216,0,220,0,5,243,0,248,332,0,332,580
07/01/2000,HWD,CA,AWP,WE,Towers with Display (VFR),0,2,29,0,31,0,0,258,0,258,0,2,287,0,289,418,0,418,707
07/02/2000,HWD,CA,AWP,WE,Towers with Display (VFR),0,2,27,0,29,0,0,189,0,189,0,2,216,0,218,308,0,308,526
07/03/2000,HWD,CA,AWP,WE,Towers with Display (VFR),0,1,16,0,17,0,1,227,0,228,0,2,243,0,245,272,0,272,517
07/04/2000,HWD,CA,AWP,WE,Towers with Display (VFR),0,1,14,0,15,0,1,178,0,179,0,2,192,0,194,214,0,214,408
07/05/2000,HWD,CA,AWP,WE,Towers with Display (VFR),0,3,59,0,62,0,1,145,3,149,0,4,204,3,211,278,0,278,489
07/06/2000,HWD,CA,AWP,WE,Towers with Display (VFR),0,2,31,0,33,0,2,181,0,183,0,4,212,0,216,368,0,368,584
07/07/2000,HWD,CA,AWP,WE,Towers with Display (VFR),0,2,24,0,26,0,4,179,0,183,0,6,203,0,209,348,0,348,557
07/08/2000,HWD,CA,AWP,WE,Towers with Display (VFR),0,2,29,0,31,0,1,245,0,246,0,3,274,0,277,456,0,456,733
07/09/2000,HWD,CA,AWP,WE,Towers with Display (VFR),0,1,14,0,15,0,1,198,0,199,0,2,212,0,214,336,0,336,550
07/10/2000,HWD,CA,AWP,WE,Towers with Display (VFR),0,2,31,0,33,0,1,201,0,202,0,3,232,0,235,306,0,306,541
07/11/2000,HWD,CA,AWP,WE,Towers with Display (VFR),0,1,28,0,29,0,0,225,0,225,0,1,253,0,254,306,0,306,560
07/12/2000,HWD,CA,AWP,WE,Towers with Display (VFR),0,0,33,0,33,0,0,166,0,166,0,0,199,0,199,370,0,370,569
07/13/2000,HWD,CA,AWP,WE,Towers with Display (VFR),0,2,24,0,26,0,2,215,0,217,0,4,239,0,243,464,0,464,707
07/14/2000,HWD,CA,AWP,WE,Towers with Display (VFR),0,2,43,0,45,0,0,166,0,166,0,2,209,0,211,336,0,336,547
07/15/2000,HWD,CA,AWP,WE,Towers with Display (VFR),0,1,15,0,16,0,0,239,0,239,0,1,254,0,255,398,0,398,653
07/16/2000,HWD,CA,AWP,WE,Towers with Display (VFR),0,1,31,0,32,0,2,138,0,140,0,3,169,0,172,346,0,346,518
07/17/2000,HWD,CA,AWP,WE,Towers with Display (VFR),0,1,34,0,35,0,1,107,0,108,0,2,141,0,143,408,0,408,551
07/18/2000,HWD,CA,AWP,WE,Towers with Display (VFR),0,1,38,0,39,0,0,219,0,219,0,1,257,0,258,544,0,544,802
07/19/2000,HWD,CA,AWP,WE,Towers with Display (VFR),0,2,41,0,43,0,1,205,0,206,0,3,246,0,249,350,0,350,599
07/20/2000,HWD,CA,AWP,WE,Towers with Display (VFR),0,3,66,0,69,0,0,209,0,209,0,3,275,0,278,364,0,364,642
07/21/2000,HWD,CA,AWP,WE,Towers with Display (VFR),0,2,50,0,52,0,4,195,0,199,0,6,245,0,251,290,0,290,541
07/22/2000,HWD,CA,AWP,WE,Towers with Display (VFR),0,1,23,0,24,0,2,156,0,158,0,3,179,0,182,222,0,222,404
07/23/2000,HWD,CA,AWP,WE,Towers with Display (VFR),0,0,7,0,7,0,2,164,0,166,0,2,171,0,173,238,0,238,411
07/24/2000,HWD,CA,AWP,WE,Towers with Display (VFR),0,0,14,0,14,0,0,162,0,162,0,0,176,0,176,232,0,232,408
07/25/2000,HWD,CA,AWP,WE,Towers with Display (VFR),0,1,32,0,33,0,0,157,0,157,0,1,189,0,190,246,0,246,436
07/26/2000,HWD,CA,AWP,WE,Towers with Display (VFR),0,0,42,0,42,0,0,165,0,165,0,0,207,0,207,180,0,180,387
07/27/2000,HWD,CA,AWP,WE,Towers with Display (VFR),0,1,26,0,27,0,0,156,0,156,0,1,182,0,183,316,0,316,499
07/28/2000,HWD,CA,AWP,WE,Towers with Display (VFR),0,0,41,0,41,0,0,150,0,150,0,0,191,0,191,300,0,300,491
07/29/2000,HWD,CA,AWP,WE,Towers with Display (VFR),0,0,20,0,20,0,1,200,0,201,0,1,220,0,221,244,0,244,465
07/30/2000,HWD,CA,AWP,WE,Towers with Display (VFR),0,1,27,0,28,0,2,154,0,156,0,3,181,0,184,324,0,324,508
07/31/2000,HWD,CA,AWP,WE,Towers with Display (VFR),0,0,30,0,30,0,0,148,0,148,0,0,178,0,178,230,0,230,408
08/01/2000,HWD,CA,AWP,WE,Towers with Display (VFR),0,2,18,0,20,0,2,240,0,242,0,4,258,0,262,318,0,318,580
08/02/2000,HWD,CA,AWP,WE,Towers with Display (VFR),0,2,22,0,24,0,3,257,0,260,0,5,279,0,284,320,0,320,604
08/03/2000,HWD,CA,AWP,WE,Towers with Display (VFR),0,2,23,0,25,0,2,223,0,225,0,4,246,0,250,336,0,336,586
08/04/2000,HWD,CA,AWP,WE,Towers with Display (VFR),0,2,27,0,29,0,0,195,0,195,0,2,222,0,224,252,0,252,476
08/05/2000,HWD,CA,AWP,WE,Towers with Display (VFR),0,2,29,0,31,0,1,176,0,177,0,3,205,0,208,380,0,380,588
08/06/2000,HWD,CA,AWP,WE,Towers with Display (VFR),0,0,26,0,26,0,0,143,0,143,0,0,169,0,169,346,0,346,515
08/07/2000,HWD,CA,AWP,WE,Towers with Display (VFR),0,4,55,0,59,0,0,193,0,193,0,4,248,0,252,262,0,262,514
08/08/2000,HWD,CA,AWP,WE,Towers with Display (VFR),0,0,45,0,45,0,0,149,0,149,0,0,194,0,194,230,0,230,424
08/09/2000,HWD,CA,AWP,WE,Towers with Display (VFR),0,3,35,0,38,0,0,172,0,172,0,3,207,0,210,290,0,290,500
08/10/2000,HWD,CA,AWP,WE,Towers with Display (VFR),0,1,32,0,33,0,0,184,0,184,0,1,216,0,217,346,0,346,563
08/11/2000,HWD,CA,AWP,WE,Towers with Display (VFR),0,1,17,0,18,0,3,214,0,217,0,4,231,0,235,334,0,334,569
08/12/2000,HWD,CA,AWP,WE,Towers with Display (VFR),0,0,12,0,12,0,0,233,0,233,0,0,245,0,245,242,0,242,487
08/13/2000,HWD,CA,AWP,WE,Towers with Display (VFR),0,1,12,0,13,0,1,215,0,216,0,2,227,0,229,434,0,434,663
08/14/2000,HWD,CA,AWP,WE,Towers with Display (VFR),0,0,18,0,18,0,0,182,0,182,0,0,200,0,200,410,0,410,610
08/15/2000,HWD,CA,AWP,WE,Towers with Display (VFR),0,1,14,0,15,0,7,148,0,155,0,8,162,0,170,176,0,176,346
08/16/2000,HWD,CA,AWP,WE,Towers with Display (VFR),0,1,16,0,17,0,0,186,0,186,0,1,202,0,203,204,0,204,407
08/17/2000,HWD,CA,AWP,WE,Towers with Display (VFR),0,1,23,0,24,0,1,244,0,245,0,2,267,0,269,312,0,312,581
08/18/2000,HWD,CA,AWP,WE,Towers with Display (VFR),0,1,31,0,32,0,5,223,0,228,0,6,254,0,260,344,0,344,604
08/19/2000,HWD,CA,AWP,WE,Towers with Display (VFR),0,1,27,0,28,0,1,282,0,283,0,2,309,0,311,496,0,496,807
08/20/2000,HWD,CA,AWP,WE,Towers with Display (VFR),0,0,16,0,16,0,0,212,0,212,0,0,228,0,228,218,0,218,446
08/21/2000,HWD,CA,AWP,WE,Towers with Display (VFR),0,0,10,0,10,0,0,206,0,206,0,0,216,0,216,214,0,214,430
08/22/2000,HWD,CA,AWP,WE,Towers with Display (VFR),0,2,41,0,43,0,0,146,0,146,0,2,187,0,189,306,0,306,495
08/23/2000,HWD,CA,AWP,WE,Towers with Display (VFR),0,1,27,0,28,0,4,210,0,214,0,5,237,0,242,360,0,360,602
08/24/2000,HWD,CA,AWP,WE,Towers with Display (VFR),0,1,22,0,23,0,1,220,0,221,0,2,242,0,244,386,0,386,630
08/25/2000,HWD,CA,AWP,WE,Towers with Display (VFR),0,0,19,0,19,0,2,236,0,238,0,2,255,0,257,318,0,318,575
08/26/2000,HWD,CA,AWP,WE,Towers with Display (VFR),0,0,32,0,32,0,0,170,0,170,0,0,202,0,202,322,0,322,524
08/27/2000,HWD,CA,AWP,WE,Towers with Display (VFR),0,0,11,0,11,0,0,184,0,184,0,0,195,0,195,212,0,212,407
08/28/2000,HWD,CA,AWP,WE,Towers with Display (VFR),0,0,27,0,27,0,0,120,0,120,0,0,147,0,147,132,0,132,279
08/29/2000,HWD,CA,AWP,WE,Towers with Display (VFR),0,1,30,0,31,0,0,99,0,99,0,1,129,0,130,130,0,130,260
08/30/2000,HWD,CA,AWP,WE,Towers with Display (VFR),0,2,50,0,52,0,1,117,3,121,0,3,167,3,173,258,0,258,431
08/31/2000,HWD,CA,AWP,WE,Towers with Display (VFR),0,2,39,0,41,0,0,149,0,149,0,2,188,0,190,244,0,244,434
09/01/2000,HWD,CA,AWP,WE,Towers with Display (VFR),0,3,37,0,40,0,0,208,0,208,0,3,245,0,248,276,0,276,524
09/02/2000,HWD,CA,AWP,WE,Towers with Display (VFR),0,1,13,0,14,0,0,207,0,207,0,1,220,0,221,396,0,396,617
09/03/2000,HWD,CA,AWP,WE,Towers with Display (VFR),0,2,14,0,16,0,2,201,0,203,0,4,215,0,219,388,0,388,607
09/04/2000,HWD,CA,AWP,WE,Towers with Display (VFR),0,1,6,0,7,0,2,266,0,268,0,3,272,0,275,410,0,410,685
09/05/2000,HWD,CA,AWP,WE,Towers with Display (VFR),0,0,15,0,15,0,0,222,0,222,0,0,237,0,237,154,0,154,391
09/06/2000,HWD,CA,AWP,WE,Towers with Display (VFR),0,2,13,0,15,0,1,187,0,188,0,3,200,0,203,148,0,148,351
09/07/2000,HWD,CA,AWP,WE,Towers with Display (VFR),0,2,16,0,18,0,3,223,0,226,0,5,239,0,244,448,0,448,692
09/08/2000,HWD,CA,AWP,WE,Towers with Display (VFR),0,2,19,0,21,0,2,266,0,268,0,4,285,0,289,328,0,328,617
09/09/2000,HWD,CA,AWP,WE,Towers with Display (VFR),0,2,13,0,15,0,2,207,0,209,0,4,220,0,224,350,0,350,574
09/10/2000,HWD,CA,AWP,WE,Towers with Display (VFR),0,1,8,0,9,0,1,192,0,193,0,2,200,0,202,250,0,250,452
09/11/2000,HWD,CA,AWP,WE,Towers with Display (VFR),0,1,25,0,26,0,0,115,0,115,0,1,140,0,141,86,0,86,227
09/12/2000,HWD,CA,AWP,WE,Towers with Display (VFR),0,1,12,0,13,0,0,138,0,138,0,1,150,0,151,160,0,160,311
09/13/2000,HWD,CA,AWP,WE,Towers with Display (VFR),0,2,13,0,15,0,2,149,0,151,0,4,162,0,166,172,0,172,338
09/14/2000,HWD,CA,AWP,WE,Towers with Display (VFR),0,1,24,0,25,0,2,165,5,172,0,3,189,5,197,340,4,344,541
09/15/2000,HWD,CA,AWP,WE,Towers with Display (VFR),0,1,24,0,25,0,1,160,0,161,0,2,184,0,186,204,0,204,390
09/16/2000,HWD,CA,AWP,WE,Towers with Display (VFR),0,1,21,0,22,0,1,143,0,144,0,2,164,0,166,278,0,278,444
09/17/2000,HWD,CA,AWP,WE,Towers with Display (VFR),0,0,10,0,10,0,2,163,0,165,0,2,173,0,175,128,0,128,303
09/18/2000,HWD,CA,AWP,WE,Towers with Display (VFR),0,1,18,0,19,0,1,180,0,181,0,2,198,0,200,188,0,188,388
09/19/2000,HWD,CA,AWP,WE,Towers with Display (VFR),0,1,17,0,18,0,1,178,0,179,0,2,195,0,197,214,0,214,411
09/20/2000,HWD,CA,AWP,WE,Towers with Display (VFR),0,1,21,0,22,0,2,230,0,232,0,3,251,0,254,296,0,296,550
09/21/2000,HWD,CA,AWP,WE,Towers with Display (VFR),0,0,31,0,31,0,0,179,0,179,0,0,210,0,210,298,0,298,508
09/22/2000,HWD,CA,AWP,WE,Towers with Display (VFR),0,2,36,0,38,0,8,86,0,94,0,10,122,0,132,192,0,192,324
09/23/2000,HWD,CA,AWP,WE,Towers with Display (VFR),0,0,13,0,13,0,0,170,0,170,0,0,183,0,183,232,0,232,415
09/24/2000,HWD,CA,AWP,WE,Towers with Display (VFR),0,1,21,0,22,0,1,153,0,154,0,2,174,0,176,156,0,156,332
09/25/2000,HWD,CA,AWP,WE,Towers with Display (VFR),0,1,14,0,15,0,2,148,0,150,0,3,162,0,165,214,0,214,379
09/26/2000,HWD,CA,AWP,WE,Towers with Display (VFR),0,4,51,0,55,0,1,132,0,133,0,5,183,0,188,146,0,146,334
09/27/2000,HWD,CA,AWP,WE,Towers with Display (VFR),0,2,32,0,34,0,0,159,0,159,0,2,191,0,193,282,0,282,475
09/28/2000,HWD,CA,AWP,WE,Towers with Display (VFR),0,0,32,0,32,0,0,124,0,124,0,0,156,0,156,260,0,260,416
09/29/2000,HWD,CA,AWP,WE,Towers with Display (VFR),0,1,13,0,14,0,2,215,0,217,0,3,228,0,231,204,0,204,435
09/30/2000,HWD,CA,AWP,WE,Towers with Display (VFR),0,0,13,0,13,0,0,252,0,252,0,0,265,0,265,422,0,422,687
10/01/2000,HWD,CA,AWP,WE,Towers with Display (VFR),0,1,11,0,12,0,0,236,0,236,0,1,247,0,248,318,0,318,566
10/02/2000,HWD,CA,AWP,WE,Towers with Display (VFR),0,1,20,0,21,0,0,126,0,126,0,1,146,0,147,226,0,226,373
10/03/2000,HWD,CA,AWP,WE,Towers with Display (VFR),0,1,24,0,25,0,2,144,0,146,0,3,168,0,171,306,0,306,477
10/04/2000,HWD,CA,AWP,WE,Towers with Display (VFR),0,4,42,0,46,0,0,163,0,163,0,4,205,0,209,250,0,250,459
10/05/2000,HWD,CA,AWP,WE,Towers with Display (VFR),0,4,30,0,34,0,0,167,0,167,0,4,197,0,201,242,0,242,443
10/06/2000,HWD,CA,AWP,WE,Towers with Display (VFR),0,1,45,0,46,0,0,144,0,144,0,1,189,0,190,228,0,228,418
10/07/2000,HWD,CA,AWP,WE,Towers with Display (VFR),0,1,28,0,29,0,0,124,0,124,0,1,152,0,153,332,0,332,485
10/08/2000,HWD,CA,AWP,WE,Towers with Display (VFR),0,0,11,0,11,0,0,198,0,198,0,0,209,0,209,214,0,214,423
10/09/2000,HWD,CA,AWP,WE,Towers with Display (VFR),0,0,21,0,21,0,0,74,0,74,0,0,95,0,95,174,0,174,269
10/10/2000,HWD,CA,AWP,WE,Towers with Display (VFR),0,0,19,0,19,0,0,96,0,96,0,0,115,0,115,84,0,84,199
10/11/2000,HWD,CA,AWP,WE,Towers with Display (VFR),0,0,24,0,24,0,0,115,0,115,0,0,139,0,139,372,0,372,511
10/12/2000,HWD,CA,AWP,WE,Towers with Display (VFR),0,1,27,0,28,0,0,149,0,149,0,1,176,0,177,204,0,204,381
10/13/2000,HWD,CA,AWP,WE,Towers with Display (VFR),0,0,25,0,25,0,1,189,4,194,0,1,214,4,219,168,0,168,387
10/14/2000,HWD,CA,AWP,WE,Towers with Display (VFR),0,0,13,0,13,0,0,177,0,177,0,0,190,0,190,328,0,328,518
10/15/2000,HWD,CA,AWP,WE,Towers with Display (VFR),0,0,16,0,16,0,2,137,0,139,0,2,153,0,155,182,0,182,337
10/16/2000,HWD,CA,AWP,WE,Towers with Display (VFR),0,0,14,0,14,0,1,175,0,176,0,1,189,0,190,204,0,204,394
10/17/2000,HWD,CA,AWP,WE,Towers with Display (VFR),0,0,23,0,23,0,0,152,0,152,0,0,175,0,175,136,0,136,311
10/18/2000,HWD,CA,AWP,WE,Towers with Display (VFR),0,0,27,0,27,0,3,219,0,222,0,3,246,0,249,218,0,218,467
10/19/2000,HWD,CA,AWP,WE,Towers with Display (VFR),0,2,45,0,47,0,3,223,0,226,0,5,268,0,273,314,0,314,587
10/20/2000,HWD,CA,AWP,WE,Towers with Display (VFR),0,0,31,0,31,0,0,120,0,120,0,0,151,0,151,424,0,424,575
10/21/2000,HWD,CA,AWP,WE,Towers with Display (VFR),0,0,9,0,9,0,0,162,0,162,0,0,171,0,171,354,0,354,525
10/22/2000,HWD,CA,AWP,WE,Towers with Display (VFR),0,0,11,0,11,0,2,47,0,49,0,2,58,0,60,6,0,6,66
10/23/2000,HWD,CA,AWP,WE,Towers with Display (VFR),0,0,10,0,10,0,1,171,0,172,0,1,181,0,182,280,0,280,462
10/24/2000,HWD,CA,AWP,WE,Towers with Display (VFR),0,0,16,0,16,0,0,220,0,220,0,0,236,0,236,292,0,292,528
10/25/2000,HWD,CA,AWP,WE,Towers with Display (VFR),0,0,18,0,18,0,0,59,0,59,0,0,77,0,77,78,0,78,155
10/26/2000,HWD,CA,AWP,WE,Towers with Display (VFR),0,0,21,0,21,0,2,57,0,59,0,2,78,0,80,76,0,76,156
10/27/2000,HWD,CA,AWP,WE,Towers with Display (VFR),0,0,18,0,18,0,3,162,0,165,0,3,180,0,183,318,0,318,501
10/28/2000,HWD,CA,AWP,WE,Towers with Display (VFR),0,0,19,0,19,0,2,42,0,44,0,2,61,0,63,66,0,66,129
10/29/2000,HWD,CA,AWP,WE,Towers with Display (VFR),0,0,19,0,19,0,2,106,0,108,0,2,125,0,127,342,0,342,469
10/30/2000,HWD,CA,AWP,WE,Towers with Display (VFR),0,0,22,0,22,0,0,75,0,75,0,0,97,0,97,160,0,160,257
10/31/2000,HWD,CA,AWP,WE,Towers with Display (VFR),0,0,20,0,20,0,1,158,0,159,0,1,178,0,179,270,0,270,449
11/01/2000,HWD,CA,AWP,WE,Towers with Display (VFR),0,2,27,0,29,0,0,179,0,179,0,2,206,0,208,178,0,178,386
11/02/2000,HWD,CA,AWP,WE,Towers with Display (VFR),0,1,26,0,27,0,0,163,0,163,0,1,189,0,190,176,0,176,366
11/03/2000,HWD,CA,AWP,WE,Towers with Display (VFR),0,1,15,0,16,0,0,172,0,172,0,1,187,0,188,254,0,254,442
11/04/2000,HWD,CA,AWP,WE,Towers with Display (VFR),0,1,17,0,18,0,0,144,0,144,0,1,161,0,162,278,0,278,440
11/05/2000,HWD,CA,AWP,WE,Towers with Display (VFR),0,2,20,0,22,0,0,138,0,138,0,2,158,0,160,426,0,426,586
11/06/2000,HWD,CA,AWP,WE,Towers with Display (VFR),0,0,12,0,12,0,0,144,0,144,0,0,156,0,156,180,0,180,336
11/07/2000,HWD,CA,AWP,WE,Towers with Display (VFR),0,1,11,0,12,0,0,178,0,178,0,1,189,0,190,166,0,166,356
11/08/2000,HWD,CA,AWP,WE,Towers with Display (VFR),0,1,39,0,40,0,0,60,9,69,0,1,99,9,109,38,0,38,147
11/09/2000,HWD,CA,AWP,WE,Towers with Display (VFR),0,1,9,0,10,0,2,143,0,145,0,3,152,0,155,244,0,244,399
11/10/2000,HWD,CA,AWP,WE,Towers with Display (VFR),0,2,22,0,24,0,3,107,0,110,0,5,129,0,134,204,0,204,338
11/11/2000,HWD,CA,AWP,WE,Towers with Display (VFR),0,1,12,0,13,0,1,176,0,177,0,2,188,0,190,276,0,276,466
11/12/2000,HWD,CA,AWP,WE,Towers with Display (VFR),0,2,14,0,16,0,0,168,0,168,0,2,182,0,184,198,0,198,382
11/13/2000,HWD,CA,AWP,WE,Towers with Display (VFR),0,2,18,0,20,0,1,106,0,107,0,3,124,0,127,112,0,112,239
11/14/2000,HWD,CA,AWP,WE,Towers with Display (VFR),0,2,23,0,25,0,0,126,0,126,0,2,149,0,151,104,0,104,255
11/15/2000,HWD,CA,AWP,WE,Towers with Display (VFR),0,2,18,0,20,0,1,135,0,136,0,3,153,0,156,264,0,264,420
11/16/2000,HWD,CA,AWP,WE,Towers with Display (VFR),0,1,15,0,16,0,8,155,0,163,0,9,170,0,179,330,0,330,509
11/17/2000,HWD,CA,AWP,WE,Towers with Display (VFR),0,1,19,0,20,0,0,174,0,174,0,1,193,0,194,172,0,172,366
11/18/2000,HWD,CA,AWP,WE,Towers with Display (VFR),0,0,15,0,15,0,0,219,0,219,0,0,234,0,234,262,0,262,496
11/19/2000,HWD,CA,AWP,WE,Towers with Display (VFR),0,0,15,0,15,0,1,179,0,180,0,1,194,0,195,298,0,298,493
11/20/2000,HWD,CA,AWP,WE,Towers with Display (VFR),0,1,24,0,25,0,2,155,0,157,0,3,179,0,182,220,0,220,402
11/21/2000,HWD,CA,AWP,WE,Towers with Display (VFR),0,0,30,0,30,0,0,62,0,62,0,0,92,0,92,50,0,50,142
11/22/2000,HWD,CA,AWP,WE,Towers with Display (VFR),0,2,34,0,36,0,4,135,5,144,0,6,169,5,180,420,0,420,600
11/23/2000,HWD,CA,AWP,WE,Towers with Display (VFR),0,0,13,0,13,0,2,28,0,30,0,2,41,0,43,146,0,146,189
11/24/2000,HWD,CA,AWP,WE,Towers with Display (VFR),0,1,20,0,21,0,0,151,0,151,0,1,171,0,172,278,0,278,450
11/25/2000,HWD,CA,AWP,WE,Towers with Display (VFR),0,0,30,0,30,0,0,29,0,29,0,0,59,0,59,64,0,64,123
11/26/2000,HWD,CA,AWP,WE,Towers with Display (VFR),0,0,32,0,32,0,0,146,0,146,0,0,178,0,178,300,0,300,478
11/27/2000,HWD,CA,AWP,WE,Towers with Display (VFR),0,1,24,0,25,0,0,131,0,131,0,1,155,0,156,276,0,276,432
11/28/2000,HWD,CA,AWP,WE,Towers with Display (VFR),0,1,23,0,24,0,1,122,0,123,0,2,145,0,147,152,0,152,299
11/29/2000,HWD,CA,AWP,WE,Towers with Display (VFR),0,1,18,0,19,0,4,68,0,72,0,5,86,0,91,162,0,162,253
11/30/2000,HWD,CA,AWP,WE,Towers with Display (VFR),0,1,26,0,27,0,1,137,0,138,0,2,163,0,165,140,0,140,305
12/01/2000,HWD,CA,AWP,WE,Towers with Display (VFR),0,1,8,0,9,0,1,116,0,117,0,2,124,0,126,130,0,130,256
12/02/2000,HWD,CA,AWP,WE,Towers with Display (VFR),0,0,14,0,14,0,0,225,0,225,0,0,239,0,239,348,0,348,587
12/03/2000,HWD,CA,AWP,WE,Towers with Display (VFR),0,1,18,0,19,0,0,119,0,119,0,1,137,0,138,126,0,126,264
12/04/2000,HWD,CA,AWP,WE,Towers with Display (VFR),0,2,21,0,23,0,0,119,0,119,0,2,140,0,142,274,0,274,416
12/05/2000,HWD,CA,AWP,WE,Towers with Display (VFR),0,3,24,0,27,0,0,153,0,153,0,3,177,0,180,260,0,260,440
12/06/2000,HWD,CA,AWP,WE,Towers with Display (VFR),0,2,22,0,24,0,1,127,0,128,0,3,149,0,152,248,0,248,400
12/07/2000,HWD,CA,AWP,WE,Towers with Display (VFR),0,1,12,0,13,0,0,137,0,137,0,1,149,0,150,266,0,266,416
12/08/2000,HWD,CA,AWP,WE,Towers with Display (VFR),0,1,11,0,12,0,3,159,0,162,0,4,170,0,174,300,0,300,474
12/09/2000,HWD,CA,AWP,WE,Towers with Display (VFR),0,1,45,0,46,0,0,50,0,50,0,1,95,0,96,136,0,136,232
12/10/2000,HWD,CA,AWP,WE,Towers with Display (VFR),0,0,23,0,23,0,0,76,0,76,0,0,99,0,99,310,0,310,409
12/11/2000,HWD,CA,AWP,WE,Towers with Display (VFR),0,0,30,0,30,0,0,89,0,89,0,0,119,0,119,140,0,140,259
12/12/2000,HWD,CA,AWP,WE,Towers with Display (VFR),0,1,24,0,25,0,1,137,0,138,0,2,161,0,163,474,0,474,637
12/13/2000,HWD,CA,AWP,WE,Towers with Display (VFR),0,0,31,0,31,0,0,60,0,60,0,0,91,0,91,186,0,186,277
12/14/2000,HWD,CA,AWP,WE,Towers with Display (VFR),0,1,36,0,37,0,0,51,0,51,0,1,87,0,88,134,0,134,222
12/15/2000,HWD,CA,AWP,WE,Towers with Display (VFR),0,1,15,0,16,0,0,148,0,148,0,1,163,0,164,232,0,232,396
12/16/2000,HWD,CA,AWP,WE,Towers with Display (VFR),0,1,20,0,21,0,1,222,1,224,0,2,242,1,245,216,0,216,461
12/17/2000,HWD,CA,AWP,WE,Towers with Display (VFR),0,0,7,0,7,0,3,118,0,121,0,3,125,0,128,114,0,114,242
12/18/2000,HWD,CA,AWP,WE,Towers with Display (VFR),0,1,18,0,19,0,2,132,0,134,0,3,150,0,153,150,0,150,303
12/19/2000,HWD,CA,AWP,WE,Towers with Display (VFR),0,0,12,0,12,0,3,172,0,175,0,3,184,0,187,208,0,208,395
12/20/2000,HWD,CA,AWP,WE,Towers with Display (VFR),0,1,18,0,19,0,3,173,0,176,0,4,191,0,195,310,0,310,505
12/21/2000,HWD,CA,AWP,WE,Towers with Display (VFR),0,2,30,0,32,0,4,135,0,139,0,6,165,0,171,282,0,282,453
12/22/2000,HWD,CA,AWP,WE,Towers with Display (VFR),0,2,31,0,33,0,2,156,0,158,0,4,187,0,191,250,0,250,441
12/23/2000,HWD,CA,AWP,WE,Towers with Display (VFR),0,0,15,0,15,0,2,80,0,82,0,2,95,0,97,290,0,290,387
12/24/2000,HWD,CA,AWP,WE,Towers with Display (VFR),0,0,4,0,4,0,0,97,0,97,0,0,101,0,101,154,0,154,255
12/25/2000,HWD,CA,AWP,WE,Towers with Display (VFR),0,0,3,0,3,0,0,42,0,42,0,0,45,0,45,22,0,22,67
12/26/2000,HWD,CA,AWP,WE,Towers with Display (VFR),0,1,15,0,16,0,0,187,0,187,0,1,202,0,203,216,0,216,419
12/27/2000,HWD,CA,AWP,WE,Towers with Display (VFR),0,1,24,0,25,0,2,157,0,159,0,3,181,0,184,158,0,158,342
12/28/2000,HWD,CA,AWP,WE,Towers with Display (VFR),0,1,17,0,18,0,1,201,0,202,0,2,218,0,220,192,0,192,412
12/29/2000,HWD,CA,AWP,WE,Towers with Display (VFR),0,0,15,0,15,0,0,172,0,172,0,0,187,0,187,156,0,156,343
12/30/2000,HWD,CA,AWP,WE,Towers with Display (VFR),0,0,15,0,15,0,0,154,0,154,0,0,169,0,169,216,0,216,385
12/31/2000,HWD,CA,AWP,WE,Towers with Display (VFR),0,0,20,0,20,0,0,30,0,30,0,0,50,0,50,106,0,106,156
01/01/2001,HWD,CA,AWP,WE,Towers with Display (VFR),0,0,15,0,15,0,0,114,0,114,0,0,129,0,129,118,0,118,247
01/02/2001,HWD,CA,AWP,WE,Towers with Display (VFR),0,0,12,0,12,0,0,130,0,130,0,0,142,0,142,82,0,82,224
01/03/2001,HWD,CA,AWP,WE,Towers with Display (VFR),0,2,24,0,26,0,0,131,0,131,0,2,155,0,157,128,0,128,285
01/04/2001,HWD,CA,AWP,WE,Towers with Display (VFR),0,2,20,0,22,0,2,161,0,163,0,4,181,0,185,248,0,248,433
01/05/2001,HWD,CA,AWP,WE,Towers with Display (VFR),0,0,14,0,14,0,0,170,0,170,0,0,184,0,184,164,0,164,348
01/06/2001,HWD,CA,AWP,WE,Towers with Display (VFR),0,0,10,0,10,0,0,212,0,212,0,0,222,0,222,466,0,466,688
01/07/2001,HWD,CA,AWP,WE,Towers with Display (VFR),0,0,14,0,14,0,0,87,0,87,0,0,101,0,101,440,0,440,541
01/08/2001,HWD,CA,AWP,WE,Towers with Display (VFR),0,0,21,0,21,0,0,107,0,107,0,0,128,0,128,198,0,198,326
01/09/2001,HWD,CA,AWP,WE,Towers with Display (VFR),0,2,26,0,28,0,1,90,0,91,0,3,116,0,119,178,0,178,297
01/10/2001,HWD,CA,AWP,WE,Towers with Display (VFR),0,1,17,0,18,0,4,25,0,29,0,5,42,0,47,26,0,26,73
01/11/2001,HWD,CA,AWP,WE,Towers with Display (VFR),0,1,6,0,7,0,0,22,0,22,0,1,28,0,29,4,0,4,33
01/12/2001,HWD,CA,AWP,WE,Towers with Display (VFR),0,1,21,0,22,0,0,152,0,152,0,1,173,0,174,170,0,170,344
01/13/2001,HWD,CA,AWP,WE,Towers with Display (VFR),0,2,19,0,21,0,0,179,0,179,0,2,198,0,200,358,0,358,558
01/14/2001,HWD,CA,AWP,WE,Towers with Display (VFR),0,1,10,0,11,0,1,146,0,147,0,2,156,0,158,366,0,366,524
01/15/2001,HWD,CA,AWP,WE,Towers with Display (VFR),0,1,10,0,11,0,2,152,0,154,0,3,162,0,165,146,0,146,311
01/16/2001,HWD,CA,AWP,WE,Towers with Display (VFR),0,1,19,0,20,0,1,156,0,157,0,2,175,0,177,184,0,184,361
01/17/2001,HWD,CA,AWP,WE,Towers with Display (VFR),0,0,20,0,20,0,3,204,0,207,0,3,224,0,227,294,0,294,521
01/18/2001,HWD,CA,AWP,WE,Towers with Display (VFR),0,0,17,0,17,0,1,176,7,184,0,1,193,7,201,322,0,322,523
01/19/2001,HWD,CA,AWP,WE,Towers with Display (VFR),0,1,20,0,21,0,2,184,4,190,0,3,204,4,211,300,0,300,511
01/20/2001,HWD,CA,AWP,WE,Towers with Display (VFR),0,0,31,0,31,0,0,106,0,106,0,0,137,0,137,370,0,370,507
01/21/2001,HWD,CA,AWP,WE,Towers with Display (VFR),0,0,43,0,43,0,0,53,0,53,0,0,96,0,96,244,0,244,340
01/22/2001,HWD,CA,AWP,WE,Towers with Display (VFR),0,0,16,0,16,0,0,136,0,136,0,0,152,0,152,176,0,176,328
01/23/2001,HWD,CA,AWP,WE,Towers with Display (VFR),0,0,17,0,17,0,1,70,0,71,0,1,87,0,88,102,0,102,190
01/24/2001,HWD,CA,AWP,WE,Towers with Display (VFR),0,0,20,0,20,0,0,133,0,133,0,0,153,0,153,150,0,150,303
01/25/2001,HWD,CA,AWP,WE,Towers with Display (VFR),0,0,13,0,13,0,1,27,0,28,0,1,40,0,41,28,0,28,69
01/26/2001,HWD,CA,AWP,WE,Towers with Display (VFR),0,0,12,0,12,0,0,128,0,128,0,0,140,0,140,374,0,374,514
01/27/2001,HWD,CA,AWP,WE,Towers with Display (VFR),0,0,19,0,19,0,0,197,0,197,0,0,216,0,216,290,0,290,506
01/28/2001,HWD,CA,AWP,WE,Towers with Display (VFR),0,0,15,0,15,0,0,178,0,178,0,0,193,0,193,294,0,294,487
01/29/2001,HWD,CA,AWP,WE,Towers with Display (VFR),0,0,17,0,17,0,0,124,0,124,0,0,141,0,141,156,0,156,297
01/30/2001,HWD,CA,AWP,WE,Towers with Display (VFR),0,0,20,0,20,0,1,155,0,156,0,1,175,0,176,194,0,194,370
01/31/2001,HWD,CA,AWP,WE,Towers with Display (VFR),0,0,20,0,20,0,0,220,0,220,0,0,240,0,240,266,0,266,506
02/01/2001,HWD,CA,AWP,WE,Towers with Display (VFR),0,1,13,0,14,0,1,205,0,206,0,2,218,0,220,310,0,310,530
02/02/2001,HWD,CA,AWP,WE,Towers with Display (VFR),0,1,24,0,25,0,2,204,0,206,0,3,228,0,231,306,0,306,537
02/03/2001,HWD,CA,AWP,WE,Towers with Display (VFR),0,0,20,0,20,0,0,215,0,215,0,0,235,0,235,226,0,226,461
02/04/2001,HWD,CA,AWP,WE,Towers with Display (VFR),0,1,13,0,14,0,1,200,3,204,0,2,213,3,218,228,0,228,446
02/05/2001,HWD,CA,AWP,WE,Towers with Display (VFR),0,1,25,0,26,0,0,176,1,177,0,1,201,1,203,226,0,226,429
02/06/2001,HWD,CA,AWP,WE,Towers with Display (VFR),0,0,7,0,7,0,0,92,0,92,0,0,99,0,99,108,0,108,207
02/07/2001,HWD,CA,AWP,WE,Towers with Display (VFR),0,0,21,0,21,0,0,125,0,125,0,0,146,0,146,96,0,96,242
02/08/2001,HWD,CA,AWP,WE,Towers with Display (VFR),0,0,16,0,16,0,0,159,0,159,0,0,175,0,175,236,0,236,411
02/09/2001,HWD,CA,AWP,WE,Towers with Display (VFR),0,1,11,0,12,0,1,32,0,33,0,2,43,0,45,6,0,6,51
02/10/2001,HWD,CA,AWP,WE,Towers with Display (VFR),0,0,6,0,6,0,0,32,0,32,0,0,38,0,38,224,0,224,262
02/11/2001,HWD,CA,AWP,WE,Towers with Display (VFR),0,0,8,0,8,0,0,15,0,15,0,0,23,0,23,94,0,94,117
02/12/2001,HWD,CA,AWP,WE,Towers with Display (VFR),0,0,15,0,15,0,0,54,0,54,0,0,69,0,69,108,0,108,177
02/13/2001,HWD,CA,AWP,WE,Towers with Display (VFR),0,2,34,0,36,0,1,157,0,158,0,3,191,0,194,262,0,262,456
02/14/2001,HWD,CA,AWP,WE,Towers with Display (VFR),0,1,25,0,26,0,1,265,0,266,0,2,290,0,292,500,0,500,792
02/15/2001,HWD,CA,AWP,WE,Towers with Display (VFR),0,1,37,0,38,0,2,237,0,239,0,3,274,0,277,310,0,310,587
02/16/2001,HWD,CA,AWP,WE,Towers with Display (VFR),0,0,23,0,23,0,3,214,0,217,0,3,237,0,240,334,0,334,574
02/17/2001,HWD,CA,AWP,WE,Towers with Display (VFR),0,0,23,0,23,0,4,128,2,134,0,4,151,2,157,248,0,248,405
02/18/2001,HWD,CA,AWP,WE,Towers with Display (VFR),0,0,22,0,22,0,0,136,0,136,0,0,158,0,158,342,0,342,500
02/19/2001,HWD,CA,AWP,WE,Towers with Display (VFR),0,0,26,0,26,0,1,70,0,71,0,1,96,0,97,92,0,92,189
02/20/2001,HWD,CA,AWP,WE,Towers with Display (VFR),0,0,15,0,15,0,2,58,0,60,0,2,73,0,75,164,0,164,239
02/21/2001,HWD,CA,AWP,WE,Towers with Display (VFR),0,1,36,0,37,0,1,155,0,156,0,2,191,0,193,408,0,408,601
02/22/2001,HWD,CA,AWP,WE,Towers with Display (VFR),0,0,30,0,30,0,4,121,0,125,0,4,151,0,155,344,0,344,499
02/23/2001,HWD,CA,AWP,WE,Towers with Display (VFR),0,1,36,0,37,0,4,210,0,214,0,5,246,0,251,392,0,392,643
02/24/2001,HWD,CA,AWP,WE,Towers with Display (VFR),0,0,11,0,11,0,0,9,0,9,0,0,20,0,20,8,0,8,28
02/25/2001,HWD,CA,AWP,WE,Towers with Display (VFR),0,0,26,0,26,0,1,116,0,117,0,1,142,0,143,302,0,302,445
02/26/2001,HWD,CA,AWP,WE,Towers with Display (VFR),0,0,24,0,24,0,0,149,0,149,0,0,173,0,173,284,0,284,457
02/27/2001,HWD,CA,AWP,WE,Towers with Display (VFR),0,0,33,0,33,0,3,217,0,220,0,3,250,0,253,424,0,424,677
02/28/2001,HWD,CA,AWP,WE,Towers with Display (VFR),0,0,25,0,25,0,0,158,0,158,0,0,183,0,183,310,0,310,493
03/01/2001,HWD,CA,AWP,WE,Towers with Display (VFR),0,1,19,0,20,0,4,195,0,199,0,5,214,0,219,302,0,302,521
03/02/2001,HWD,CA,AWP,WE,Towers with Display (VFR),0,1,38,0,39,0,1,156,0,157,0,2,194,0,196,394,0,394,590
03/03/2001,HWD,CA,AWP,WE,Towers with Display (VFR),0,0,32,0,32,0,0,168,0,168,0,0,200,0,200,530,0,530,730
03/04/2001,HWD,CA,AWP,WE,Towers with Display (VFR),0,0,6,0,6,0,0,3,0,3,0,0,9,0,9,0,0,0,9
03/05/2001,HWD,CA,AWP,WE,Towers with Display (VFR),0,0,15,0,15,0,0,88,2,90,0,0,103,2,105,236,42,278,383
03/06/2001,HWD,CA,AWP,WE,Towers with Display (VFR),0,1,25,0,26,0,0,128,0,128,0,1,153,0,154,240,0,240,394
03/07/2001,HWD,CA,AWP,WE,Towers with Display (VFR),0,0,23,0,23,0,0,188,0,188,0,0,211,0,211,606,0,606,817
03/08/2001,HWD,CA,AWP,WE,Towers with Display (VFR),0,1,32,0,33,0,1,168,5,174,0,2,200,5,207,354,2,356,563
03/09/2001,HWD,CA,AWP,WE,Towers with Display (VFR),0,1,7,0,8,0,2,192,2,196,0,3,199,2,204,328,0,328,532
03/10/2001,HWD,CA,AWP,WE,Towers with Display (VFR),0,0,11,0,11,0,0,209,0,209,0,0,220,0,220,248,0,248,468
03/11/2001,HWD,CA,AWP,WE,Towers with Display (VFR),0,0,15,0,15,0,0,229,0,229,0,0,244,0,244,210,0,210,454
03/12/2001,HWD,CA,AWP,WE,Towers with Display (VFR),0,0,14,0,14,0,0,168,0,168,0,0,182,0,182,342,0,342,524
03/13/2001,HWD,CA,AWP,WE,Towers with Display (VFR),0,0,25,0,25,0,0,248,0,248,0,0,273,0,273,258,0,258,531
03/14/2001,HWD,CA,AWP,WE,Towers with Display (VFR),0,0,24,0,24,0,3,189,0,192,0,3,213,0,216,460,0,460,676
03/15/2001,HWD,CA,AWP,WE,Towers with Display (VFR),0,0,25,0,25,0,4,194,0,198,0,4,219,0,223,378,0,378,601
03/16/2001,HWD,CA,AWP,WE,Towers with Display (VFR),0,0,14,0,14,0,1,219,0,220,0,1,233,0,234,432,0,432,666
03/17/2001,HWD,CA,AWP,WE,Towers with Display (VFR),0,0,19,0,19,0,2,208,0,210,0,2,227,0,229,360,0,360,589
03/18/2001,HWD,CA,AWP,WE,Towers with Display (VFR),0,0,20,0,20,0,1,185,0,186,0,1,205,0,206,150,0,150,356
03/19/2001,HWD,CA,AWP,WE,Towers with Display (VFR),0,0,17,0,17,0,2,180,0,182,0,2,197,0,199,318,0,318,517
03/20/2001,HWD,CA,AWP,WE,Towers with Display (VFR),0,0,25,0,25,0,0,152,0,152,0,0,177,0,177,250,0,250,427
03/21/2001,HWD,CA,AWP,WE,Towers with Display (VFR),0,0,34,0,34,0,3,152,0,155,0,3,186,0,189,330,0,330,519
03/22/2001,HWD,CA,AWP,WE,Towers with Display (VFR),0,0,34,0,34,0,2,165,0,167,0,2,199,0,201,406,0,406,607
03/23/2001,HWD,CA,AWP,WE,Towers with Display (VFR),0,0,41,0,41,0,2,207,0,209,0,2,248,0,250,586,0,586,836
03/24/2001,HWD,CA,AWP,WE,Towers with Display (VFR),0,0,23,0,23,0,0,142,0,142,0,0,165,0,165,312,0,312,477
03/25/2001,HWD,CA,AWP,WE,Towers with Display (VFR),0,0,28,0,28,0,1,136,0,137,0,1,164,0,165,202,0,202,367
03/26/2001,HWD,CA,AWP,WE,Towers with Display (VFR),0,0,16,0,16,0,0,166,0,166,0,0,182,0,182,210,0,210,392
03/27/2001,HWD,CA,AWP,WE,Towers with Display (VFR),0,0,19,0,19,0,0,223,0,223,0,0,242,0,242,344,0,344,586
03/28/2001,HWD,CA,AWP,WE,Towers with Display (VFR),0,0,56,0,56,0,3,145,0,148,0,3,201,0,204,242,0,242,446
03/29/2001,HWD,CA,AWP,WE,Towers with Display (VFR),0,0,28,0,28,0,0,200,0,200,0,0,228,0,228,250,0,250,478
03/30/2001,HWD,CA,AWP,WE,Towers with Display (VFR),0,0,19,0,19,0,10,222,0,232,0,10,241,0,251,420,0,420,671
03/31/2001,HWD,CA,AWP,WE,Towers with Display (VFR),0,0,17,0,17,0,1,237,0,238,0,1,254,0,255,396,2,398,653
04/01/2001,HWD,CA,AWP,WE,Towers with Display (VFR),0,0,31,0,31,0,1,98,0,99,0,1,129,0,130,96,0,96,226
04/02/2001,HWD,CA,AWP,WE,Towers with Display (VFR),0,0,23,0,23,0,0,161,4,165,0,0,184,4,188,92,0,92,280
04/03/2001,HWD,CA,AWP,WE,Towers with Display (VFR),0,0,18,0,18,0,0,189,0,189,0,0,207,0,207,318,0,318,525
04/04/2001,HWD,CA,AWP,WE,Towers with Display (VFR),0,0,14,0,14,0,1,131,0,132,0,1,145,0,146,238,0,238,384
04/05/2001,HWD,CA,AWP,WE,Towers with Display (VFR),0,0,31,0,31,0,1,186,0,187,0,1,217,0,218,332,0,332,550
04/06/2001,HWD,CA,AWP,WE,Towers with Display (VFR),0,0,25,0,25,0,0,40,0,40,0,0,65,0,65,14,0,14,79
04/07/2001,HWD,CA,AWP,WE,Towers with Display (VFR),0,0,13,0,13,0,0,80,0,80,0,0,93,0,93,198,0,198,291
04/08/2001,HWD,CA,AWP,WE,Towers with Display (VFR),0,0,20,0,20,0,0,125,0,125,0,0,145,0,145,252,0,252,397
04/09/2001,HWD,CA,AWP,WE,Towers with Display (VFR),0,4,22,0,26,0,0,172,0,172,0,4,194,0,198,184,0,184,382
04/10/2001,HWD,CA,AWP,WE,Towers with Display (VFR),0,0,32,0,32,0,0,172,0,172,0,0,204,0,204,226,0,226,430
04/11/2001,HWD,CA,AWP,WE,Towers with Display (VFR),0,0,32,0,32,0,0,99,0,99,0,0,131,0,131,188,0,188,319
04/12/2001,HWD,CA,AWP,WE,Towers with Display (VFR),0,0,30,0,30,0,3,256,0,259,0,3,286,0,289,518,0,518,807
04/13/2001,HWD,CA,AWP,WE,Towers with Display (VFR),0,2,24,0,26,0,3,233,0,236,0,5,257,0,262,548,0,548,810
04/14/2001,HWD,CA,AWP,WE,Towers with Display (VFR),0,0,17,0,17,0,0,211,0,211,0,0,228,0,228,450,0,450,678
04/15/2001,HWD,CA,AWP,WE,Towers with Display (VFR),0,3,5,0,8,0,1,156,0,157,0,4,161,0,165,224,0,224,389
04/16/2001,HWD,CA,AWP,WE,Towers with Display (VFR),0,2,21,0,23,0,1,162,0,163,0,3,183,0,186,318,0,318,504
04/17/2001,HWD,CA,AWP,WE,Towers with Display (VFR),0,1,24,0,25,0,1,210,0,211,0,2,234,0,236,442,0,442,678
04/18/2001,HWD,CA,AWP,WE,Towers with Display (VFR),0,1,24,0,25,0,0,166,0,166,0,1,190,0,191,218,0,218,409
04/19/2001,HWD,CA,AWP,WE,Towers with Display (VFR),0,1,27,0,28,0,5,178,0,183,0,6,205,0,211,392,0,392,603
04/20/2001,HWD,CA,AWP,WE,Towers with Display (VFR),0,0,28,0,28,0,2,102,0,104,0,2,130,0,132,80,0,80,212
04/21/2001,HWD,CA,AWP,WE,Towers with Display (VFR),0,2,23,0,25,0,0,203,0,203,0,2,226,0,228,250,0,250,478
04/22/2001,HWD,CA,AWP,WE,Towers with Display (VFR),0,0,36,0,36,0,0,228,0,228,0,0,264,0,264,358,0,358,622
04/23/2001,HWD,CA,AWP,WE,Towers with Display (VFR),0,0,21,0,21,0,1,206,0,207,0,1,227,0,228,240,0,240,468
04/24/2001,HWD,CA,AWP,WE,Towers with Display (VFR),0,0,25,0,25,0,2,265,0,267,0,2,290,0,292,382,0,382,674
04/25/2001,HWD,CA,AWP,WE,Towers with Display (VFR),0,0,16,0,16,0,2,196,0,198,0,2,212,0,214,262,0,262,476
04/26/2001,HWD,CA,AWP,WE,Towers with Display (VFR),0,0,56,0,56,0,2,176,0,178,0,2,232,0,234,306,0,306,540
04/27/2001,HWD,CA,AWP,WE,Towers with Display (VFR),0,0,50,0,50,0,2,173,0,175,0,2,223,0,225,338,0,338,563
04/28/2001,HWD,CA,AWP,WE,Towers with Display (VFR),0,0,29,0,29,0,0,201,4,205,0,0,230,4,234,432,0,432,666
04/29/2001,HWD,CA,AWP,WE,Towers with Display (VFR),0,0,12,0,12,0,0,272,0,272,0,0,284,0,284,344,0,344,628
04/30/2001,HWD,CA,AWP,WE,Towers with Display (VFR),0,0,39,0,39,0,0,145,0,145,0,0,184,0,184,186,0,186,370
05/01/2001,HWD,CA,AWP,WE,Towers with Display (VFR),0,1,28,0,29,0,2,144,0,146,0,3,172,0,175,176,0,176,351
05/02/2001,HWD,CA,AWP,WE,Towers with Display (VFR),0,0,18,0,18,0,0,92,0,92,0,0,110,0,110,36,0,36,146
05/03/2001,HWD,CA,AWP,WE,Towers with Display (VFR),0,2,15,0,17,0,2,144,0,146,0,4,159,0,163,162,0,162,325
05/04/2001,HWD,CA,AWP,WE,Towers with Display (VFR),0,2,19,0,21,0,5,237,0,242,0,7,256,0,263,494,0,494,757
05/05/2001,HWD,CA,AWP,WE,Towers with Display (VFR),0,1,14,0,15,0,0,205,0,205,0,1,219,0,220,498,0,498,718
05/06/2001,HWD,CA,AWP,WE,Towers with Display (VFR),0,0,20,0,20,0,0,205,8,213,0,0,225,8,233,262,0,262,495
05/07/2001,HWD,CA,AWP,WE,Towers with Display (VFR),0,0,13,0,13,0,1,183,14,198,0,1,196,14,211,272,0,272,483
05/08/2001,HWD,CA,AWP,WE,Towers with Display (VFR),0,2,29,0,31,0,0,193,0,193,0,2,222,0,224,418,0,418,642
05/09/2001,HWD,CA,AWP,WE,Towers with Display (VFR),0,0,28,0,28,0,0,175,0,175,0,0,203,0,203,330,0,330,533
05/10/2001,HWD,CA,AWP,WE,Towers with Display (VFR),0,0,24,0,24,0,5,226,0,231,0,5,250,0,255,442,0,442,697
05/11/2001,HWD,CA,AWP,WE,Towers with Display (VFR),0,0,19,0,19,0,4,299,6,309,0,4,318,6,328,440,0,440,768
05/12/2001,HWD,CA,AWP,WE,Towers with Display (VFR),0,1,29,1,31,0,0,155,2,157,0,1,184,3,188,424,0,424,612
05/13/2001,HWD,CA,AWP,WE,Towers with Display (VFR),0,3,21,0,24,0,0,148,0,148,0,3,169,0,172,188,0,188,360
05/14/2001,HWD,CA,AWP,WE,Towers with Display (VFR),0,0,23,0,23,0,0,153,0,153,0,0,176,0,176,210,0,210,386
05/15/2001,HWD,CA,AWP,WE,Towers with Display (VFR),0,0,24,0,24,0,0,207,0,207,0,0,231,0,231,432,0,432,663
05/16/2001,HWD,CA,AWP,WE,Towers with Display (VFR),0,0,38,0,38,0,2,201,0,203,0,2,239,0,241,310,0,310,551
05/17/2001,HWD,CA,AWP,WE,Towers with Display (VFR),0,0,14,0,14,0,0,302,0,302,0,0,316,0,316,418,0,418,734
05/18/2001,HWD,CA,AWP,WE,Towers with Display (VFR),0,0,14,0,14,0,0,368,8,376,0,0,382,8,390,320,0,320,710
05/19/2001,HWD,CA,AWP,WE,Towers with Display (VFR),0,0,7,0,7,0,0,185,0,185,0,0,192,0,192,302,0,302,494
05/20/2001,HWD,CA,AWP,WE,Towers with Display (VFR),0,0,11,0,11,0,0,228,0,228,0,0,239,0,239,212,0,212,451
05/21/2001,HWD,CA,AWP,WE,Towers with Display (VFR),0,0,17,0,17,0,0,214,0,214,0,0,231,0,231,354,0,354,585
05/22/2001,HWD,CA,AWP,WE,Towers with Display (VFR),0,1,41,0,42,0,0,185,0,185,0,1,226,0,227,224,0,224,451
05/23/2001,HWD,CA,AWP,WE,Towers with Display (VFR),0,3,49,0,52,0,1,190,0,191,0,4,239,0,243,308,0,308,551
05/24/2001,HWD,CA,AWP,WE,Towers with Display (VFR),0,2,19,0,21,0,1,246,0,247,0,3,265,0,268,418,0,418,686
05/25/2001,HWD,CA,AWP,WE,Towers with Display (VFR),0,2,37,0,39,0,1,197,0,198,0,3,234,0,237,274,0,274,511
05/26/2001,HWD,CA,AWP,WE,Towers with Display (VFR),0,0,52,0,52,0,0,82,0,82,0,0,134,0,134,152,0,152,286
05/27/2001,HWD,CA,AWP,WE,Towers with Display (VFR),0,0,26,0,26,0,0,100,0,100,0,0,126,0,126,102,0,102,228
05/28/2001,HWD,CA,AWP,WE,Towers with Display (VFR),0,0,17,0,17,0,0,139,0,139,0,0,156,0,156,96,0,96,252
05/29/2001,HWD,CA,AWP,WE,Towers with Display (VFR),0,0,16,0,16,0,1,220,0,221,0,1,236,0,237,284,0,284,521
05/30/2001,HWD,CA,AWP,WE,Towers with Display (VFR),0,0,21,0,21,0,0,204,0,204,0,0,225,0,225,318,0,318,543
05/31/2001,HWD,CA,AWP,WE,Towers with Display (VFR),0,0,18,0,18,0,4,286,0,290,0,4,304,0,308,430,0,430,738
06/01/2001,HWD,CA,AWP,WE,Towers with Display (VFR),0,1,16,0,17,0,2,249,0,251,0,3,265,0,268,336,0,336,604
06/02/2001,HWD,CA,AWP,WE,Towers with Display (VFR),0,0,21,0,21,0,0,169,0,169,0,0,190,0,190,288,0,288,478
06/03/2001,HWD,CA,AWP,WE,Towers with Display (VFR),0,1,11,0,12,0,0,215,0,215,0,1,226,0,227,138,0,138,365
06/04/2001,HWD,CA,AWP,WE,Towers with Display (VFR),0,0,18,0,18,0,0,159,0,159,0,0,177,0,177,244,0,244,421
06/05/2001,HWD,CA,AWP,WE,Towers with Display (VFR),0,1,20,0,21,0,0,207,0,207,0,1,227,0,228,264,0,264,492
06/06/2001,HWD,CA,AWP,WE,Towers with Display (VFR),0,1,25,0,26,0,0,189,0,189,0,1,214,0,215,424,0,424,639
06/07/2001,HWD,CA,AWP,WE,Towers with Display (VFR),0,4,28,0,32,0,4,214,0,218,0,8,242,0,250,334,0,334,584
06/08/2001,HWD,CA,AWP,WE,Towers with Display (VFR),0,2,15,0,17,0,2,232,0,234,0,4,247,0,251,432,0,432,683
06/09/2001,HWD,CA,AWP,WE,Towers with Display (VFR),0,3,25,0,28,0,2,196,0,198,0,5,221,0,226,330,0,330,556
06/10/2001,HWD,CA,AWP,WE,Towers with Display (VFR),0,1,12,0,13,0,0,204,0,204,0,1,216,0,217,218,0,218,435
06/11/2001,HWD,CA,AWP,WE,Towers with Display (VFR),0,1,41,0,42,0,0,106,0,106,0,1,147,0,148,226,0,226,374
06/12/2001,HWD,CA,AWP,WE,Towers with Display (VFR),0,0,39,0,39,0,0,181,0,181,0,0,220,0,220,352,0,352,572
06/13/2001,HWD,CA,AWP,WE,Towers with Display (VFR),0,0,20,0,20,0,0,183,0,183,0,0,203,0,203,382,0,382,585
06/14/2001,HWD,CA,AWP,WE,Towers with Display (VFR),0,0,24,0,24,0,0,192,0,192,0,0,216,0,216,326,0,326,542
06/15/2001,HWD,CA,AWP,WE,Towers with Display (VFR),0,1,16,0,17,0,0,264,0,264,0,1,280,0,281,420,0,420,701
06/16/2001,HWD,CA,AWP,WE,Towers with Display (VFR),0,0,14,0,14,0,0,199,0,199,0,0,213,0,213,198,0,198,411
06/17/2001,HWD,CA,AWP,WE,Towers with Display (VFR),0,0,12,0,12,0,2,194,0,196,0,2,206,0,208,116,0,116,324
06/18/2001,HWD,CA,AWP,WE,Towers with Display (VFR),0,0,14,0,14,0,3,165,0,168,0,3,179,0,182,146,0,146,328
06/19/2001,HWD,CA,AWP,WE,Towers with Display (VFR),0,0,8,2,10,0,2,224,0,226,0,2,232,2,236,372,0,372,608
06/20/2001,HWD,CA,AWP,WE,Towers with Display (VFR),0,0,20,0,20,0,2,203,0,205,0,2,223,0,225,298,0,298,523
06/21/2001,HWD,CA,AWP,WE,Towers with Display (VFR),0,3,21,0,24,0,1,221,2,224,0,4,242,2,248,362,0,362,610
06/22/2001,HWD,CA,AWP,WE,Towers with Display (VFR),0,0,18,0,18,0,0,215,1,216,0,0,233,1,234,402,0,402,636
06/23/2001,HWD,CA,AWP,WE,Towers with Display (VFR),0,0,12,0,12,0,0,226,0,226,0,0,238,0,238,430,0,430,668
06/24/2001,HWD,CA,AWP,WE,Towers with Display (VFR),0,2,10,0,12,0,0,172,0,172,0,2,182,0,184,174,0,174,358
06/25/2001,HWD,CA,AWP,WE,Towers with Display (VFR),0,0,18,0,18,0,2,204,0,206,0,2,222,0,224,294,0,294,518
06/26/2001,HWD,CA,AWP,WE,Towers with Display (VFR),0,0,20,0,20,0,3,176,0,179,0,3,196,0,199,424,0,424,623
06/27/2001,HWD,CA,AWP,WE,Towers with Display (VFR),0,0,24,0,24,0,0,156,0,156,0,0,180,0,180,366,0,366,546
06/28/2001,HWD,CA,AWP,WE,Towers with Display (VFR),0,3,32,0,35,0,8,219,0,227,0,11,251,0,262,390,0,390,652
06/29/2001,HWD,CA,AWP,WE,Towers with Display (VFR),0,0,24,0,24,0,3,226,0,229,0,3,250,0,253,384,0,384,637
06/30/2001,HWD,CA,AWP,WE,Towers with Display (VFR),0,0,18,0,18,0,0,297,0,297,0,0,315,0,315,448,0,448,763
07/01/2001,HWD,CA,AWP,WE,Towers with Display (VFR),0,0,16,0,16,0,0,201,0,201,0,0,217,0,217,308,0,308,525
07/02/2001,HWD,CA,AWP,WE,Towers with Display (VFR),0,4,10,0,14,0,0,189,0,189,0,4,199,0,203,256,0,256,459
07/03/2001,HWD,CA,AWP,WE,Towers with Display (VFR),0,3,11,0,14,0,2,248,0,250,0,5,259,0,264,500,0,500,764
07/04/2001,HWD,CA,AWP,WE,Towers with Display (VFR),0,0,6,0,6,0,0,158,0,158,0,0,164,0,164,294,0,294,458
07/05/2001,HWD,CA,AWP,WE,Towers with Display (VFR),0,0,26,0,26,0,6,205,0,211,0,6,231,0,237,282,0,282,519
07/06/2001,HWD,CA,AWP,WE,Towers with Display (VFR),0,1,12,0,13,0,2,188,0,190,0,3,200,0,203,444,0,444,647
07/07/2001,HWD,CA,AWP,WE,Towers with Display (VFR),0,0,23,0,23,0,2,187,0,189,0,2,210,0,212,390,0,390,602
07/08/2001,HWD,CA,AWP,WE,Towers with Display (VFR),0,0,15,0,15,0,1,161,5,167,0,1,176,5,182,306,0,306,488
07/09/2001,HWD,CA,AWP,WE,Towers with Display (VFR),0,0,29,0,29,0,2,151,0,153,0,2,180,0,182,414,0,414,596
07/10/2001,HWD,CA,AWP,WE,Towers with Display (VFR),0,0,36,0,36,0,2,158,0,160,0,2,194,0,196,260,0,260,456
07/11/2001,HWD,CA,AWP,WE,Towers with Display (VFR),0,1,37,0,38,0,1,165,0,166,0,2,202,0,204,226,0,226,430
07/12/2001,HWD,CA,AWP,WE,Towers with Display (VFR),0,0,47,0,47,0,4,142,0,146,0,4,189,0,193,418,0,418,611
07/13/2001,HWD,CA,AWP,WE,Towers with Display (VFR),0,1,43,0,44,0,0,164,0,164,0,1,207,0,208,244,0,244,452
07/14/2001,HWD,CA,AWP,WE,Towers with Display (VFR),0,0,65,0,65,0,0,87,0,87,0,0,152,0,152,292,0,292,444
07/15/2001,HWD,CA,AWP,WE,Towers with Display (VFR),0,1,24,0,25,0,0,157,0,157,0,1,181,0,182,342,0,342,524
07/16/2001,HWD,CA,AWP,WE,Towers with Display (VFR),0,1,45,0,46,0,0,155,0,155,0,1,200,0,201,412,0,412,613
07/17/2001,HWD,CA,AWP,WE,Towers with Display (VFR),0,0,13,0,13,0,2,266,0,268,0,2,279,0,281,442,0,442,723
07/18/2001,HWD,CA,AWP,WE,Towers with Display (VFR),0,2,17,0,19,0,3,235,3,241,0,5,252,3,260,314,0,314,574
07/19/2001,HWD,CA,AWP,WE,Towers with Display (VFR),0,2,45,0,47,0,7,155,0,162,0,9,200,0,209,336,0,336,545
07/20/2001,HWD,CA,AWP,WE,Towers with Display (VFR),0,1,48,0,49,0,0,184,0,184,0,1,232,0,233,330,0,330,563
07/21/2001,HWD,CA,AWP,WE,Towers with Display (VFR),0,4,28,0,32,0,0,190,0,190,0,4,218,0,222,428,0,428,650
07/22/2001,HWD,CA,AWP,WE,Towers with Display (VFR),0,0,11,0,11,0,1,178,0,179,0,1,189,0,190,310,0,310,500
07/23/2001,HWD,CA,AWP,WE,Towers with Display (VFR),0,0,31,0,31,0,2,187,0,189,0,2,218,0,220,234,0,234,454
07/24/2001,HWD,CA,AWP,WE,Towers with Display (VFR),0,1,32,0,33,0,4,194,0,198,0,5,226,0,231,348,0,348,579
07/25/2001,HWD,CA,AWP,WE,Towers with Display (VFR),0,0,38,0,38,0,3,180,0,183,0,3,218,0,221,400,0,400,621
07/26/2001,HWD,CA,AWP,WE,Towers with Display (VFR),0,1,41,0,42,0,5,201,0,206,0,6,242,0,248,490,0,490,738
07/27/2001,HWD,CA,AWP,WE,Towers with Display (VFR),0,1,26,0,27,0,0,190,0,190,0,1,216,0,217,378,0,378,595
07/28/2001,HWD,CA,AWP,WE,Towers with Display (VFR),0,1,20,0,21,0,0,210,0,210,0,1,230,0,231,472,0,472,703
07/29/2001,HWD,CA,AWP,WE,Towers with Display (VFR),0,0,20,0,20,0,0,158,0,158,0,0,178,0,178,264,0,264,442
07/30/2001,HWD,CA,AWP,WE,Towers with Display (VFR),0,0,37,0,37,0,1,115,0,116,0,1,152,0,153,396,0,396,549
07/31/2001,HWD,CA,AWP,WE,Towers with Display (VFR),0,1,29,0,30,0,1,173,0,174,0,2,202,0,204,452,0,452,656
08/01/2001,HWD,CA,AWP,WE,Towers with Display (VFR),0,0,27,0,27,0,0,194,0,194,0,0,221,0,221,390,0,390,611
08/02/2001,HWD,CA,AWP,WE,Towers with Display (VFR),0,1,36,0,37,0,5,148,0,153,0,6,184,0,190,346,0,346,536
08/03/2001,HWD,CA,AWP,WE,Towers with Display (VFR),0,0,47,0,47,0,1,103,0,104,0,1,150,0,151,212,0,212,363
08/04/2001,HWD,CA,AWP,WE,Towers with Display (VFR),0,0,27,0,27,0,0,219,0,219,0,0,246,0,246,684,0,684,930
08/05/2001,HWD,CA,AWP,WE,Towers with Display (VFR),0,1,16,0,17,0,0,210,0,210,0,1,226,0,227,234,0,234,461
08/06/2001,HWD,CA,AWP,WE,Towers with Display (VFR),0,0,34,0,34,0,2,145,0,147,0,2,179,0,181,316,0,316,497
08/07/2001,HWD,CA,AWP,WE,Towers with Display (VFR),0,1,22,0,23,0,2,183,0,185,0,3,205,0,208,442,0,442,650
08/08/2001,HWD,CA,AWP,WE,Towers with Display (VFR),0,1,16,0,17,0,1,170,0,171,0,2,186,0,188,400,0,400,588
08/09/2001,HWD,CA,AWP,WE,Towers with Display (VFR),0,0,30,0,30,0,7,179,0,186,0,7,209,0,216,262,0,262,478
08/10/2001,HWD,CA,AWP,WE,Towers with Display (VFR),0,0,24,0,24,0,4,168,0,172,0,4,192,0,196,436,0,436,632
08/11/2001,HWD,CA,AWP,WE,Towers with Display (VFR),0,0,14,0,14,0,0,182,0,182,0,0,196,0,196,484,0,484,680
08/12/2001,HWD,CA,AWP,WE,Towers with Display (VFR),0,2,23,0,25,0,3,187,0,190,0,5,210,0,215,334,0,334,549
08/13/2001,HWD,CA,AWP,WE,Towers with Display (VFR),0,2,25,0,27,0,2,198,13,213,0,4,223,13,240,354,0,354,594
08/14/2001,HWD,CA,AWP,WE,Towers with Display (VFR),0,2,23,0,25,0,0,186,0,186,0,2,209,0,211,430,0,430,641
08/15/2001,HWD,CA,AWP,WE,Towers with Display (VFR),0,2,48,0,50,0,2,176,0,178,0,4,224,0,228,572,0,572,800
08/16/2001,HWD,CA,AWP,WE,Towers with Display (VFR),0,1,41,0,42,0,6,288,3,297,0,7,329,3,339,584,0,584,923
08/17/2001,HWD,CA,AWP,WE,Towers with Display (VFR),0,3,10,0,13,0,4,230,2,236,0,7,240,2,249,416,0,416,665
08/18/2001,HWD,CA,AWP,WE,Towers with Display (VFR),0,0,8,0,8,0,0,164,0,164,0,0,172,0,172,314,0,314,486
08/19/2001,HWD,CA,AWP,WE,Towers with Display (VFR),0,1,24,0,25,0,0,182,0,182,0,1,206,0,207,202,0,202,409
08/20/2001,HWD,CA,AWP,WE,Towers with Display (VFR),0,1,33,0,34,0,0,128,0,128,0,1,161,0,162,276,0,276,438
08/21/2001,HWD,CA,AWP,WE,Towers with Display (VFR),0,2,16,0,18,0,1,193,0,194,0,3,209,0,212,280,0,280,492
08/22/2001,HWD,CA,AWP,WE,Towers with Display (VFR),0,0,49,0,49,0,2,129,0,131,0,2,178,0,180,566,0,566,746
08/23/2001,HWD,CA,AWP,WE,Towers with Display (VFR),0,3,29,0,32,0,2,225,0,227,0,5,254,0,259,442,0,442,701
08/24/2001,HWD,CA,AWP,WE,Towers with Display (VFR),0,2,24,0,26,0,0,186,0,186,0,2,210,0,212,332,0,332,544
08/25/2001,HWD,CA,AWP,WE,Towers with Display (VFR),0,2,17,0,19,0,0,244,0,244,0,2,261,0,263,240,0,240,503
08/26/2001,HWD,CA,AWP,WE,Towers with Display (VFR),0,2,26,0,28,0,0,188,0,188,0,2,214,0,216,398,0,398,614
08/27/2001,HWD,CA,AWP,WE,Towers with Display (VFR),0,0,11,0,11,0,2,201,0,203,0,2,212,0,214,224,0,224,438
08/28/2001,HWD,CA,AWP,WE,Towers with Display (VFR),0,0,8,0,8,0,2,202,1,205,0,2,210,1,213,410,0,410,623
08/29/2001,HWD,CA,AWP,WE,Towers with Display (VFR),0,3,30,0,33,0,0,220,0,220,0,3,250,0,253,386,0,386,639
08/30/2001,HWD,CA,AWP,WE,Towers with Display (VFR),0,1,24,0,25,0,2,163,0,165,0,3,187,0,190,256,0,256,446
08/31/2001,HWD,CA,AWP,WE,Towers with Display (VFR),0,0,17,0,17,0,0,190,0,190,0,0,207,0,207,244,0,244,451
09/01/2001,HWD,CA,AWP,WE,Towers with Display (VFR),0,0,9,0,9,0,0,201,0,201,0,0,210,0,210,314,0,314,524
09/02/2001,HWD,CA,AWP,WE,Towers with Display (VFR),0,0,6,0,6,0,0,166,0,166,0,0,172,0,172,218,0,218,390
09/03/2001,HWD,CA,AWP,WE,Towers with Display (VFR),0,0,20,0,20,0,0,178,0,178,0,0,198,0,198,264,0,264,462
09/04/2001,HWD,CA,AWP,WE,Towers with Display (VFR),0,3,24,0,27,0,0,151,0,151,0,3,175,0,178,290,0,290,468
09/05/2001,HWD,CA,AWP,WE,Towers with Display (VFR),0,0,16,0,16,0,1,222,0,223,0,1,238,0,239,356,0,356,595
09/06/2001,HWD,CA,AWP,WE,Towers with Display (VFR),0,1,28,0,29,0,4,203,0,207,0,5,231,0,236,362,0,362,598
09/07/2001,HWD,CA,AWP,WE,Towers with Display (VFR),0,0,17,0,17,0,2,225,4,231,0,2,242,4,248,468,0,468,716
09/08/2001,HWD,CA,AWP,WE,Towers with Display (VFR),0,1,8,0,9,0,0,157,0,157,0,1,165,0,166,352,0,352,518
09/09/2001,HWD,CA,AWP,WE,Towers with Display (VFR),0,1,22,2,25,0,2,153,0,155,0,3,175,2,180,330,0,330,510
09/10/2001,HWD,CA,AWP,WE,Towers with Display (VFR),0,0,14,0,14,0,2,161,0,163,0,2,175,0,177,368,0,368,545
09/11/2001,HWD,CA,AWP,WE,Towers with Display (VFR),0,0,0,0,0,0,0,18,0,18,0,0,18,0,18,0,0,0,18
09/12/2001,HWD,CA,AWP,WE,Towers with Display (VFR),0,0,2,0,2,0,0,0,0,0,0,0,2,0,2,0,0,0,2
09/13/2001,HWD,CA,AWP,WE,Towers with Display (VFR),0,47,0,0,47,0,0,2,0,2,0,47,2,0,49,0,0,0,49
09/14/2001,HWD,CA,AWP,WE,Towers with Display (VFR),0,19,8,0,27,0,1,0,0,1,0,20,8,0,28,0,0,0,28
09/15/2001,HWD,CA,AWP,WE,Towers with Display (VFR),0,1,19,1,21,0,0,0,0,0,0,1,19,1,21,4,0,4,25
09/16/2001,HWD,CA,AWP,WE,Towers with Display (VFR),0,1,20,0,21,0,0,0,0,0,0,1,20,0,21,0,0,0,21
09/17/2001,HWD,CA,AWP,WE,Towers with Display (VFR),0,5,34,0,39,0,0,0,0,0,0,5,34,0,39,0,0,0,39
09/18/2001,HWD,CA,AWP,WE,Towers with Display (VFR),0,8,38,0,46,0,0,0,0,0,0,8,38,0,46,0,0,0,46
09/19/2001,HWD,CA,AWP,WE,Towers with Display (VFR),0,5,70,0,75,0,4,12,0,16,0,9,82,0,91,0,0,0,91
09/20/2001,HWD,CA,AWP,WE,Towers with Display (VFR),0,10,67,0,77,0,0,5,0,5,0,10,72,0,82,0,0,0,82
09/21/2001,HWD,CA,AWP,WE,Towers with Display (VFR),0,2,55,0,57,0,1,12,0,13,0,3,67,0,70,0,0,0,70
09/22/2001,HWD,CA,AWP,WE,Towers with Display (VFR),0,1,24,0,25,0,0,44,0,44,0,1,68,0,69,172,0,172,241
09/23/2001,HWD,CA,AWP,WE,Towers with Display (VFR),0,0,48,0,48,0,0,40,0,40,0,0,88,0,88,76,0,76,164
09/24/2001,HWD,CA,AWP,WE,Towers with Display (VFR),0,3,45,0,48,0,2,27,0,29,0,5,72,0,77,124,0,124,201
09/25/2001,HWD,CA,AWP,WE,Towers with Display (VFR),0,1,64,0,65,0,4,85,0,89,0,5,149,0,154,302,0,302,456
09/26/2001,HWD,CA,AWP,WE,Towers with Display (VFR),0,0,69,0,69,0,5,93,0,98,0,5,162,0,167,278,0,278,445
09/27/2001,HWD,CA,AWP,WE,Towers with Display (VFR),0,5,75,0,80,0,4,84,2,90,0,9,159,2,170,232,0,232,402
09/28/2001,HWD,CA,AWP,WE,Towers with Display (VFR),0,0,60,0,60,0,0,102,0,102,0,0,162,0,162,224,0,224,386
09/29/2001,HWD,CA,AWP,WE,Towers with Display (VFR),0,2,52,0,54,0,0,93,0,93,0,2,145,0,147,348,0,348,495
09/30/2001,HWD,CA,AWP,WE,Towers with Display (VFR),0,0,31,0,31,0,0,53,0,53,0,0,84,0,84,114,0,114,198
10/01/2001,HWD,CA,AWP,WE,Towers with Display (VFR),0,2,54,0,56,0,1,51,0,52,0,3,105,0,108,174,0,174,282
10/02/2001,HWD,CA,AWP,WE,Towers with Display (VFR),0,4,69,0,73,0,0,70,0,70,0,4,139,0,143,244,0,244,387
10/03/2001,HWD,CA,AWP,WE,Towers with Display (VFR),0,3,49,0,52,0,8,43,0,51,0,11,92,0,103,56,0,56,159
10/04/2001,HWD,CA,AWP,WE,Towers with Display (VFR),0,2,75,0,77,0,3,46,0,49,0,5,121,0,126,228,0,228,354
10/05/2001,HWD,CA,AWP,WE,Towers with Display (VFR),0,2,59,0,61,0,0,49,0,49,0,2,108,0,110,206,0,206,316
10/06/2001,HWD,CA,AWP,WE,Towers with Display (VFR),0,1,38,0,39,0,0,47,0,47,0,1,85,0,86,296,0,296,382
10/07/2001,HWD,CA,AWP,WE,Towers with Display (VFR),0,2,33,0,35,0,0,45,0,45,0,2,78,0,80,214,0,214,294
10/08/2001,HWD,CA,AWP,WE,Towers with Display (VFR),0,3,52,0,55,0,0,45,0,45,0,3,97,0,100,66,0,66,166
10/09/2001,HWD,CA,AWP,WE,Towers with Display (VFR),0,2,67,0,69,0,5,61,0,66,0,7,128,0,135,138,0,138,273
10/10/2001,HWD,CA,AWP,WE,Towers with Display (VFR),0,4,61,0,65,0,6,102,0,108,0,10,163,0,173,142,0,142,315
10/11/2001,HWD,CA,AWP,WE,Towers with Display (VFR),0,6,60,0,66,0,0,80,0,80,0,6,140,0,146,212,0,212,358
10/12/2001,HWD,CA,AWP,WE,Towers with Display (VFR),0,2,62,0,64,0,0,62,0,62,0,2,124,0,126,254,0,254,380
10/13/2001,HWD,CA,AWP,WE,Towers with Display (VFR),0,0,32,0,32,0,0,77,0,77,0,0,109,0,109,224,0,224,333
10/14/2001,HWD,CA,AWP,WE,Towers with Display (VFR),0,8,48,0,56,0,0,96,0,96,0,8,144,0,152,320,0,320,472
10/15/2001,HWD,CA,AWP,WE,Towers with Display (VFR),0,3,41,0,44,0,0,65,0,65,0,3,106,0,109,248,0,248,357
10/16/2001,HWD,CA,AWP,WE,Towers with Display (VFR),0,4,62,0,66,0,3,74,0,77,0,7,136,0,143,308,0,308,451
10/17/2001,HWD,CA,AWP,WE,Towers with Display (VFR),0,2,70,0,72,0,5,92,0,97,0,7,162,0,169,314,0,314,483
10/18/2001,HWD,CA,AWP,WE,Towers with Display (VFR),0,5,61,0,66,0,11,134,0,145,0,16,195,0,211,336,0,336,547
10/19/2001,HWD,CA,AWP,WE,Towers with Display (VFR),0,0,47,0,47,0,3,100,0,103,0,3,147,0,150,244,0,244,394
10/20/2001,HWD,CA,AWP,WE,Towers with Display (VFR),0,1,27,0,28,0,2,120,0,122,0,3,147,0,150,330,0,330,480
10/21/2001,HWD,CA,AWP,WE,Towers with Display (VFR),0,1,50,0,51,0,1,30,0,31,0,2,80,0,82,284,0,284,366
10/22/2001,HWD,CA,AWP,WE,Towers with Display (VFR),0,5,32,0,37,0,1,146,0,147,0,6,178,0,184,300,0,300,484
10/23/2001,HWD,CA,AWP,WE,Towers with Display (VFR),0,3,31,0,34,0,1,124,0,125,0,4,155,0,159,264,0,264,423
10/24/2001,HWD,CA,AWP,WE,Towers with Display (VFR),0,5,26,0,31,0,0,214,24,238,0,5,240,24,269,334,0,334,603
10/25/2001,HWD,CA,AWP,WE,Towers with Display (VFR),0,1,16,0,17,0,0,186,0,186,0,1,202,0,203,412,0,412,615
10/26/2001,HWD,CA,AWP,WE,Towers with Display (VFR),0,2,25,0,27,0,0,155,0,155,0,2,180,0,182,316,0,316,498
10/27/2001,HWD,CA,AWP,WE,Towers with Display (VFR),0,3,30,0,33,0,0,238,0,238,0,3,268,0,271,462,0,462,733
10/28/2001,HWD,CA,AWP,WE,Towers with Display (VFR),0,0,22,0,22,0,0,123,0,123,0,0,145,0,145,384,0,384,529
10/29/2001,HWD,CA,AWP,WE,Towers with Display (VFR),0,2,22,0,24,0,0,115,0,115,0,2,137,0,139,198,0,198,337
10/30/2001,HWD,CA,AWP,WE,Towers with Display (VFR),0,1,31,0,32,0,2,64,0,66,0,3,95,0,98,284,0,284,382
10/31/2001,HWD,CA,AWP,WE,Towers with Display (VFR),0,3,34,0,37,0,0,130,0,130,0,3,164,0,167,396,0,396,563
11/01/2001,HWD,CA,AWP,WE,Towers with Display (VFR),0,1,35,0,36,0,0,128,0,128,0,1,163,0,164,364,0,364,528
11/02/2001,HWD,CA,AWP,WE,Towers with Display (VFR),0,4,14,0,18,0,0,143,0,143,0,4,157,0,161,258,0,258,419
11/03/2001,HWD,CA,AWP,WE,Towers with Display (VFR),0,2,16,0,18,0,0,124,0,124,0,2,140,0,142,298,0,298,440
11/04/2001,HWD,CA,AWP,WE,Towers with Display (VFR),0,0,11,0,11,0,0,194,0,194,0,0,205,0,205,372,0,372,577
11/05/2001,HWD,CA,AWP,WE,Towers with Display (VFR),0,2,9,1,12,0,2,159,23,184,0,4,168,24,196,268,0,268,464
11/06/2001,HWD,CA,AWP,WE,Towers with Display (VFR),0,4,8,0,12,0,2,140,0,142,0,6,148,0,154,192,0,192,346
11/07/2001,HWD,CA,AWP,WE,Towers with Display (VFR),0,1,30,0,31,0,0,155,0,155,0,1,185,0,186,374,0,374,560
11/08/2001,HWD,CA,AWP,WE,Towers with Display (VFR),0,0,21,0,21,0,1,195,0,196,0,1,216,0,217,366,0,366,583
11/09/2001,HWD,CA,AWP,WE,Towers with Display (VFR),0,1,17,0,18,0,0,210,0,210,0,1,227,0,228,596,0,596,824
11/10/2001,HWD,CA,AWP,WE,Towers with Display (VFR),0,2,36,0,38,0,0,123,0,123,0,2,159,0,161,342,0,342,503
11/11/2001,HWD,CA,AWP,WE,Towers with Display (VFR),0,1,14,0,15,0,0,52,0,52,0,1,66,0,67,189,0,189,256
11/12/2001,HWD,CA,AWP,WE,Towers with Display (VFR),0,0,12,0,12,0,0,33,0,33,0,0,45,0,45,2,0,2,47
11/13/2001,HWD,CA,AWP,WE,Towers with Display (VFR),0,1,22,0,23,0,1,107,0,108,0,2,129,0,131,318,0,318,449
11/14/2001,HWD,CA,AWP,WE,Towers with Display (VFR),0,2,27,0,29,0,1,161,0,162,0,3,188,0,191,302,0,302,493
11/15/2001,HWD,CA,AWP,WE,Towers with Display (VFR),0,2,30,0,32,0,0,137,0,137,0,2,167,0,169,328,0,328,497
11/16/2001,HWD,CA,AWP,WE,Towers with Display (VFR),0,1,41,0,42,0,0,81,0,81,0,1,122,0,123,260,0,260,383
11/17/2001,HWD,CA,AWP,WE,Towers with Display (VFR),0,0,41,0,41,0,0,125,0,125,0,0,166,0,166,292,0,292,458
11/18/2001,HWD,CA,AWP,WE,Towers with Display (VFR),0,1,22,0,23,0,0,161,2,163,0,1,183,2,186,234,0,234,420
11/19/2001,HWD,CA,AWP,WE,Towers with Display (VFR),0,1,17,0,18,0,1,137,0,138,0,2,154,0,156,134,0,134,290
11/20/2001,HWD,CA,AWP,WE,Towers with Display (VFR),0,1,16,0,17,0,4,148,0,152,0,5,164,0,169,262,0,262,431
11/21/2001,HWD,CA,AWP,WE,Towers with Display (VFR),0,1,20,0,21,0,0,109,0,109,0,1,129,0,130,392,0,392,522
11/22/2001,HWD,CA,AWP,WE,Towers with Display (VFR),0,0,9,0,9,0,0,52,0,52,0,0,61,0,61,88,0,88,149
11/23/2001,HWD,CA,AWP,WE,Towers with Display (VFR),0,0,12,0,12,0,0,168,0,168,0,0,180,0,180,170,0,170,350
11/24/2001,HWD,CA,AWP,WE,Towers with Display (VFR),0,0,3,0,3,0,0,5,0,5,0,0,8,0,8,12,0,12,20
11/25/2001,HWD,CA,AWP,WE,Towers with Display (VFR),0,1,21,0,22,0,0,92,2,94,0,1,113,2,116,182,0,182,298
11/26/2001,HWD,CA,AWP,WE,Towers with Display (VFR),0,1,19,0,20,0,1,169,0,170,0,2,188,0,190,224,0,224,414
11/27/2001,HWD,CA,AWP,WE,Towers with Display (VFR),0,1,17,0,18,0,1,167,0,168,0,2,184,0,186,154,0,154,340
11/28/2001,HWD,CA,AWP,WE,Towers with Display (VFR),0,0,17,0,17,0,4,96,0,100,0,4,113,0,117,124,0,124,241
11/29/2001,HWD,CA,AWP,WE,Towers with Display (VFR),0,1,17,0,18,0,2,78,0,80,0,3,95,0,98,344,0,344,442
11/30/2001,HWD,CA,AWP,WE,Towers with Display (VFR),0,0,15,0,15,0,1,172,0,173,0,1,187,0,188,270,0,270,458
12/01/2001,HWD,CA,AWP,WE,Towers with Display (VFR),0,0,12,0,12,0,0,7,0,7,0,0,19,0,19,0,0,0,19
12/02/2001,HWD,CA,AWP,WE,Towers with Display (VFR),0,0,6,0,6,0,0,7,0,7,0,0,13,0,13,16,0,16,29
12/03/2001,HWD,CA,AWP,WE,Towers with Display (VFR),0,1,20,0,21,0,0,120,0,120,0,1,140,0,141,266,0,266,407
12/04/2001,HWD,CA,AWP,WE,Towers with Display (VFR),0,2,19,0,21,0,1,127,0,128,0,3,146,0,149,108,0,108,257
12/05/2001,HWD,CA,AWP,WE,Towers with Display (VFR),0,2,35,0,37,0,0,34,0,34,0,2,69,0,71,100,0,100,171
12/06/2001,HWD,CA,AWP,WE,Towers with Display (VFR),0,4,53,0,57,0,0,85,0,85,0,4,138,0,142,236,0,236,378
12/07/2001,HWD,CA,AWP,WE,Towers with Display (VFR),0,0,22,0,22,0,0,174,0,174,0,0,196,0,196,266,0,266,462
12/08/2001,HWD,CA,AWP,WE,Towers with Display (VFR),0,0,32,0,32,0,0,162,0,162,0,0,194,0,194,338,0,338,532
12/09/2001,HWD,CA,AWP,WE,Towers with Display (VFR),0,0,25,0,25,0,0,85,0,85,0,0,110,0,110,292,0,292,402
12/10/2001,HWD,CA,AWP,WE,Towers with Display (VFR),0,0,24,0,24,0,2,128,0,130,0,2,152,0,154,193,0,193,347
12/11/2001,HWD,CA,AWP,WE,Towers with Display (VFR),0,2,22,0,24,0,1,171,0,172,0,3,193,0,196,264,0,264,460
12/12/2001,HWD,CA,AWP,WE,Towers with Display (VFR),0,1,27,0,28,0,6,167,0,173,0,7,194,0,201,356,0,356,557
12/13/2001,HWD,CA,AWP,WE,Towers with Display (VFR),0,3,34,0,37,0,0,143,0,143,0,3,177,0,180,340,0,340,520
12/14/2001,HWD,CA,AWP,WE,Towers with Display (VFR),0,1,16,0,17,0,1,99,0,100,0,2,115,0,117,74,0,74,191
12/15/2001,HWD,CA,AWP,WE,Towers with Display (VFR),0,2,29,0,31,0,0,193,0,193,0,2,222,0,224,272,0,272,496
12/16/2001,HWD,CA,AWP,WE,Towers with Display (VFR),0,0,21,0,21,0,0,183,0,183,0,0,204,0,204,282,0,282,486
12/17/2001,HWD,CA,AWP,WE,Towers with Display (VFR),0,0,30,0,30,0,2,81,42,125,0,2,111,42,155,182,0,182,337
12/18/2001,HWD,CA,AWP,WE,Towers with Display (VFR),0,1,41,0,42,0,1,177,0,178,0,2,218,0,220,232,0,232,452
12/19/2001,HWD,CA,AWP,WE,Towers with Display (VFR),0,3,32,0,35,0,1,109,0,110,0,4,141,0,145,218,0,218,363
12/20/2001,HWD,CA,AWP,WE,Towers with Display (VFR),0,3,14,0,17,0,2,36,0,38,0,5,50,0,55,2,0,2,57
12/21/2001,HWD,CA,AWP,WE,Towers with Display (VFR),0,1,24,0,25,0,0,164,0,164,0,1,188,0,189,422,0,422,611
12/22/2001,HWD,CA,AWP,WE,Towers with Display (VFR),0,0,23,0,23,0,0,18,0,18,0,0,41,0,41,92,0,92,133
12/23/2001,HWD,CA,AWP,WE,Towers with Display (VFR),0,1,32,0,33,0,0,107,0,107,0,1,139,0,140,158,0,158,298
12/24/2001,HWD,CA,AWP,WE,Towers with Display (VFR),0,2,9,0,11,0,2,101,0,103,0,4,110,0,114,294,0,294,408
12/25/2001,HWD,CA,AWP,WE,Towers with Display (VFR),0,0,3,0,3,0,0,32,0,32,0,0,35,0,35,40,0,40,75
12/26/2001,HWD,CA,AWP,WE,Towers with Display (VFR),0,1,18,0,19,0,1,126,0,127,0,2,144,0,146,268,0,268,414
12/27/2001,HWD,CA,AWP,WE,Towers with Display (VFR),0,1,24,0,25,0,0,107,0,107,0,1,131,0,132,244,0,244,376
12/28/2001,HWD,CA,AWP,WE,Towers with Display (VFR),0,0,17,0,17,0,0,22,0,22,0,0,39,0,39,4,0,4,43
12/29/2001,HWD,CA,AWP,WE,Towers with Display (VFR),0,0,26,0,26,0,0,8,0,8,0,0,34,0,34,46,0,46,80
12/30/2001,HWD,CA,AWP,WE,Towers with Display (VFR),0,2,31,0,33,0,0,16,0,16,0,2,47,0,49,124,0,124,173
12/31/2001,HWD,CA,AWP,WE,Towers with Display (VFR),0,5,19,0,24,0,0,167,0,167,0,5,186,0,191,436,0,436,627
01/01/2002,HWD,CA,AWP,WE,Towers with Display (VFR),0,3,10,0,13,0,0,39,0,39,0,3,49,0,52,36,0,36,88
01/02/2002,HWD,CA,AWP,WE,Towers with Display (VFR),0,3,24,0,27,0,0,10,0,10,0,3,34,0,37,44,0,44,81
01/03/2002,HWD,CA,AWP,WE,Towers with Display (VFR),0,4,26,0,30,0,0,138,0,138,0,4,164,0,168,174,0,174,342
01/04/2002,HWD,CA,AWP,WE,Towers with Display (VFR),0,1,21,0,22,0,0,198,0,198,0,1,219,0,220,240,0,240,460
01/05/2002,HWD,CA,AWP,WE,Towers with Display (VFR),0,1,26,0,27,0,0,114,0,114,0,1,140,0,141,194,0,194,335
01/06/2002,HWD,CA,AWP,WE,Towers with Display (VFR),0,0,18,0,18,0,1,107,0,108,0,1,125,0,126,348,0,348,474
01/07/2002,HWD,CA,AWP,WE,Towers with Display (VFR),0,4,26,0,30,0,1,50,0,51,0,5,76,0,81,132,0,132,213
01/08/2002,HWD,CA,AWP,WE,Towers with Display (VFR),0,2,43,0,45,0,1,156,0,157,0,3,199,0,202,306,0,306,508
01/09/2002,HWD,CA,AWP,WE,Towers with Display (VFR),0,3,34,0,37,0,1,156,0,157,0,4,190,0,194,330,0,330,524
01/10/2002,HWD,CA,AWP,WE,Towers with Display (VFR),0,5,27,0,32,0,0,175,0,175,0,5,202,0,207,352,0,352,559
01/11/2002,HWD,CA,AWP,WE,Towers with Display (VFR),0,2,27,0,29,0,0,145,0,145,0,2,172,0,174,462,0,462,636
01/12/2002,HWD,CA,AWP,WE,Towers with Display (VFR),0,2,42,0,44,0,0,17,0,17,0,2,59,0,61,78,0,78,139
01/13/2002,HWD,CA,AWP,WE,Towers with Display (VFR),0,0,23,0,23,0,0,216,0,216,0,0,239,0,239,466,0,466,705
01/14/2002,HWD,CA,AWP,WE,Towers with Display (VFR),0,2,30,0,32,0,0,162,0,162,0,2,192,0,194,354,0,354,548
01/15/2002,HWD,CA,AWP,WE,Towers with Display (VFR),0,1,19,0,20,0,1,180,0,181,0,2,199,0,201,244,0,244,445
01/16/2002,HWD,CA,AWP,WE,Towers with Display (VFR),0,2,13,0,15,0,1,181,0,182,0,3,194,0,197,228,0,228,425
01/17/2002,HWD,CA,AWP,WE,Towers with Display (VFR),0,1,30,0,31,0,1,121,0,122,0,2,151,0,153,328,0,328,481
01/18/2002,HWD,CA,AWP,WE,Towers with Display (VFR),0,3,20,0,23,0,0,147,0,147,0,3,167,0,170,149,0,149,319
01/19/2002,HWD,CA,AWP,WE,Towers with Display (VFR),0,1,20,0,21,0,6,184,0,190,0,7,204,0,211,212,0,212,423
01/20/2002,HWD,CA,AWP,WE,Towers with Display (VFR),0,0,30,0,30,0,1,120,0,121,0,1,150,0,151,184,0,184,335
01/21/2002,HWD,CA,AWP,WE,Towers with Display (VFR),0,3,39,0,42,0,1,72,0,73,0,4,111,0,115,68,0,68,183
01/22/2002,HWD,CA,AWP,WE,Towers with Display (VFR),0,3,23,0,26,0,1,164,0,165,0,4,187,0,191,280,0,280,471
01/23/2002,HWD,CA,AWP,WE,Towers with Display (VFR),0,1,26,0,27,0,1,189,0,190,0,2,215,0,217,216,0,216,433
01/24/2002,HWD,CA,AWP,WE,Towers with Display (VFR),0,0,23,0,23,0,2,157,0,159,0,2,180,0,182,244,0,244,426
01/25/2002,HWD,CA,AWP,WE,Towers with Display (VFR),0,0,17,0,17,0,0,131,0,131,0,0,148,0,148,258,0,258,406
01/26/2002,HWD,CA,AWP,WE,Towers with Display (VFR),0,1,26,0,27,0,0,16,0,16,0,1,42,0,43,32,0,32,75
01/27/2002,HWD,CA,AWP,WE,Towers with Display (VFR),0,0,20,0,20,0,0,119,0,119,0,0,139,0,139,204,0,204,343
01/28/2002,HWD,CA,AWP,WE,Towers with Display (VFR),0,3,9,0,12,0,1,99,0,100,0,4,108,0,112,118,0,118,230
01/29/2002,HWD,CA,AWP,WE,Towers with Display (VFR),0,3,28,0,31,0,0,150,0,150,0,3,178,0,181,164,0,164,345
01/30/2002,HWD,CA,AWP,WE,Towers with Display (VFR),0,2,19,0,21,0,1,196,0,197,0,3,215,0,218,200,0,200,418
01/31/2002,HWD,CA,AWP,WE,Towers with Display (VFR),0,4,25,0,29,0,0,176,0,176,0,4,201,0,205,164,0,164,369
02/01/2002,HWD,CA,AWP,WE,Towers with Display (VFR),0,2,19,0,21,0,0,150,0,150,0,2,169,0,171,180,0,180,351
02/02/2002,HWD,CA,AWP,WE,Towers with Display (VFR),0,1,10,0,11,0,0,226,0,226,0,1,236,0,237,276,0,276,513
02/03/2002,HWD,CA,AWP,WE,Towers with Display (VFR),0,0,20,0,20,0,0,104,0,104,0,0,124,0,124,202,0,202,326
02/04/2002,HWD,CA,AWP,WE,Towers with Display (VFR),0,1,19,0,20,0,0,137,0,137,0,1,156,0,157,200,0,200,357
02/05/2002,HWD,CA,AWP,WE,Towers with Display (VFR),0,1,27,0,28,0,1,159,0,160,0,2,186,0,188,206,0,206,394
02/06/2002,HWD,CA,AWP,WE,Towers with Display (VFR),0,3,24,0,27,0,1,166,0,167,0,4,190,0,194,182,0,182,376
02/07/2002,HWD,CA,AWP,WE,Towers with Display (VFR),0,5,30,0,35,0,0,73,0,73,0,5,103,0,108,138,0,138,246
02/08/2002,HWD,CA,AWP,WE,Towers with Display (VFR),0,3,20,0,23,0,0,171,2,173,0,3,191,2,196,222,0,222,418
02/09/2002,HWD,CA,AWP,WE,Towers with Display (VFR),0,1,13,0,14,0,0,191,0,191,0,1,204,0,205,296,0,296,501
02/10/2002,HWD,CA,AWP,WE,Towers with Display (VFR),0,0,19,0,19,0,0,177,0,177,0,0,196,0,196,262,0,262,458
02/11/2002,HWD,CA,AWP,WE,Towers with Display (VFR),0,1,25,0,26,0,2,164,0,166,0,3,189,0,192,176,0,176,368
02/12/2002,HWD,CA,AWP,WE,Towers with Display (VFR),0,3,27,0,30,0,2,188,0,190,0,5,215,0,220,236,0,236,456
02/13/2002,HWD,CA,AWP,WE,Towers with Display (VFR),0,1,39,0,40,0,1,89,0,90,0,2,128,0,130,186,0,186,316
02/14/2002,HWD,CA,AWP,WE,Towers with Display (VFR),0,3,45,0,48,0,1,99,0,100,0,4,144,0,148,198,0,198,346
02/15/2002,HWD,CA,AWP,WE,Towers with Display (VFR),0,2,31,0,33,0,0,99,0,99,0,2,130,0,132,230,0,230,362
02/16/2002,HWD,CA,AWP,WE,Towers with Display (VFR),0,0,16,0,16,0,0,92,0,92,0,0,108,0,108,200,0,200,308
02/17/2002,HWD,CA,AWP,WE,Towers with Display (VFR),0,0,25,0,25,0,0,102,0,102,0,0,127,0,127,250,0,250,377
02/18/2002,HWD,CA,AWP,WE,Towers with Display (VFR),0,1,35,0,36,0,0,139,0,139,0,1,174,0,175,286,0,286,461
02/19/2002,HWD,CA,AWP,WE,Towers with Display (VFR),0,6,47,0,53,0,0,15,0,15,0,6,62,0,68,0,0,0,68
02/20/2002,HWD,CA,AWP,WE,Towers with Display (VFR),0,1,24,0,25,0,1,141,0,142,0,2,165,0,167,274,0,274,441
02/21/2002,HWD,CA,AWP,WE,Towers with Display (VFR),0,2,33,0,35,0,1,107,0,108,0,3,140,0,143,122,0,122,265
02/22/2002,HWD,CA,AWP,WE,Towers with Display (VFR),0,2,30,0,32,0,1,153,0,154,0,3,183,0,186,228,0,228,414
02/23/2002,HWD,CA,AWP,WE,Towers with Display (VFR),0,0,29,0,29,0,0,166,0,166,0,0,195,0,195,264,0,264,459
02/24/2002,HWD,CA,AWP,WE,Towers with Display (VFR),0,0,24,0,24,0,0,197,0,197,0,0,221,0,221,212,0,212,433
02/25/2002,HWD,CA,AWP,WE,Towers with Display (VFR),0,1,22,0,23,0,3,193,0,196,0,4,215,0,219,212,0,212,431
02/26/2002,HWD,CA,AWP,WE,Towers with Display (VFR),0,2,20,0,22,0,1,180,0,181,0,3,200,0,203,120,0,120,323
02/27/2002,HWD,CA,AWP,WE,Towers with Display (VFR),0,2,25,0,27,0,1,186,0,187,0,3,211,0,214,248,0,248,462
02/28/2002,HWD,CA,AWP,WE,Towers with Display (VFR),0,4,13,0,17,0,1,183,0,184,0,5,196,0,201,144,0,144,345
03/01/2002,HWD,CA,AWP,WE,Towers with Display (VFR),0,6,20,0,26,0,0,90,0,90,0,6,110,0,116,174,0,174,290
03/02/2002,HWD,CA,AWP,WE,Towers with Display (VFR),0,0,11,0,11,0,0,139,0,139,0,0,150,0,150,182,0,182,332
03/03/2002,HWD,CA,AWP,WE,Towers with Display (VFR),0,1,20,0,21,0,0,164,0,164,0,1,184,0,185,194,0,194,379
03/04/2002,HWD,CA,AWP,WE,Towers with Display (VFR),0,2,23,0,25,0,1,154,0,155,0,3,177,0,180,96,0,96,276
03/05/2002,HWD,CA,AWP,WE,Towers with Display (VFR),0,1,25,0,26,0,0,149,0,149,0,1,174,0,175,286,0,286,461
03/06/2002,HWD,CA,AWP,WE,Towers with Display (VFR),0,5,36,0,41,0,3,57,0,60,0,8,93,0,101,132,0,132,233
03/07/2002,HWD,CA,AWP,WE,Towers with Display (VFR),0,5,28,0,33,0,1,40,0,41,0,6,68,0,74,18,0,18,92
03/08/2002,HWD,CA,AWP,WE,Towers with Display (VFR),0,4,33,0,37,0,0,168,0,168,0,4,201,0,205,196,0,196,401
03/09/2002,HWD,CA,AWP,WE,Towers with Display (VFR),0,7,16,0,23,0,0,182,0,182,0,7,198,0,205,262,0,262,467
03/10/2002,HWD,CA,AWP,WE,Towers with Display (VFR),0,0,36,0,36,0,0,115,0,115,0,0,151,0,151,314,0,314,465
03/11/2002,HWD,CA,AWP,WE,Towers with Display (VFR),0,1,22,0,23,0,0,160,0,160,0,1,182,0,183,362,0,362,545
03/12/2002,HWD,CA,AWP,WE,Towers with Display (VFR),0,3,47,0,50,0,0,110,0,110,0,3,157,0,160,378,0,378,538
03/13/2002,HWD,CA,AWP,WE,Towers with Display (VFR),0,5,32,0,37,0,0,129,0,129,0,5,161,0,166,290,0,290,456
03/14/2002,HWD,CA,AWP,WE,Towers with Display (VFR),0,1,22,0,23,0,7,171,0,178,0,8,193,0,201,238,0,238,439
03/15/2002,HWD,CA,AWP,WE,Towers with Display (VFR),0,0,9,0,9,0,0,141,0,141,0,0,150,0,150,186,0,186,336
03/16/2002,HWD,CA,AWP,WE,Towers with Display (VFR),0,1,18,0,19,0,0,88,0,88,0,1,106,0,107,232,0,232,339
03/17/2002,HWD,CA,AWP,WE,Towers with Display (VFR),0,2,11,0,13,0,0,29,0,29,0,2,40,0,42,104,0,104,146
03/18/2002,HWD,CA,AWP,WE,Towers with Display (VFR),0,2,23,0,25,0,2,167,0,169,0,4,190,0,194,230,0,230,424
03/19/2002,HWD,CA,AWP,WE,Towers with Display (VFR),0,4,19,0,23,0,1,182,0,183,0,5,201,0,206,204,0,204,410
03/20/2002,HWD,CA,AWP,WE,Towers with Display (VFR),0,2,21,0,23,0,0,173,0,173,0,2,194,0,196,474,0,474,670
03/21/2002,HWD,CA,AWP,WE,Towers with Display (VFR),0,8,23,0,31,0,0,171,0,171,0,8,194,0,202,258,0,258,460
03/22/2002,HWD,CA,AWP,WE,Towers with Display (VFR),0,2,27,0,29,0,0,64,0,64,0,2,91,0,93,148,0,148,241
03/23/2002,HWD,CA,AWP,WE,Towers with Display (VFR),0,0,24,0,24,0,0,67,0,67,0,0,91,0,91,348,0,348,439
03/24/2002,HWD,CA,AWP,WE,Towers with Display (VFR),0,1,23,0,24,0,0,171,0,171,0,1,194,0,195,186,0,186,381
03/25/2002,HWD,CA,AWP,WE,Towers with Display (VFR),0,2,22,0,24,0,2,142,0,144,0,4,164,0,168,220,0,220,388
03/26/2002,HWD,CA,AWP,WE,Towers with Display (VFR),0,1,20,0,21,0,1,188,0,189,0,2,208,0,210,274,0,274,484
03/27/2002,HWD,CA,AWP,WE,Towers with Display (VFR),0,2,25,0,27,0,1,215,0,216,0,3,240,0,243,208,0,208,451
03/28/2002,HWD,CA,AWP,WE,Towers with Display (VFR),0,2,18,1,21,0,1,161,1,163,0,3,179,2,184,268,0,268,452
03/29/2002,HWD,CA,AWP,WE,Towers with Display (VFR),0,0,25,0,25,0,0,187,0,187,0,0,212,0,212,286,0,286,498
03/30/2002,HWD,CA,AWP,WE,Towers with Display (VFR),0,0,15,0,15,0,0,168,0,168,0,0,183,0,183,238,0,238,421
03/31/2002,HWD,CA,AWP,WE,Towers with Display (VFR),0,0,10,0,10,0,0,126,0,126,0,0,136,0,136,210,0,210,346
04/01/2002,HWD,CA,AWP,WE,Towers with Display (VFR),0,1,19,1,21,0,1,141,0,142,0,2,160,1,163,180,0,180,343
04/02/2002,HWD,CA,AWP,WE,Towers with Display (VFR),0,2,42,0,44,0,1,150,0,151,0,3,192,0,195,206,0,206,401
04/03/2002,HWD,CA,AWP,WE,Towers with Display (VFR),0,2,58,0,60,0,1,109,0,110,0,3,167,0,170,252,0,252,422
04/04/2002,HWD,CA,AWP,WE,Towers with Display (VFR),0,2,46,0,48,0,1,91,0,92,0,3,137,0,140,382,0,382,522
04/05/2002,HWD,CA,AWP,WE,Towers with Display (VFR),0,0,26,0,26,0,0,118,0,118,0,0,144,0,144,286,0,286,430
04/06/2002,HWD,CA,AWP,WE,Towers with Display (VFR),0,1,21,0,22,0,0,112,1,113,0,1,133,1,135,210,0,210,345
04/07/2002,HWD,CA,AWP,WE,Towers with Display (VFR),0,4,27,0,31,0,1,149,0,150,0,5,176,0,181,300,0,300,481
04/08/2002,HWD,CA,AWP,WE,Towers with Display (VFR),0,1,36,0,37,0,2,116,0,118,0,3,152,0,155,170,0,170,325
04/09/2002,HWD,CA,AWP,WE,Towers with Display (VFR),0,2,41,0,43,0,1,53,0,54,0,3,94,0,97,48,0,48,145
04/10/2002,HWD,CA,AWP,WE,Towers with Display (VFR),0,0,30,0,30,0,3,131,0,134,0,3,161,0,164,148,0,148,312
04/11/2002,HWD,CA,AWP,WE,Towers with Display (VFR),0,3,25,0,28,0,0,166,0,166,0,3,191,0,194,270,0,270,464
04/12/2002,HWD,CA,AWP,WE,Towers with Display (VFR),0,6,35,0,41,0,0,177,0,177,0,6,212,0,218,156,0,156,374
04/13/2002,HWD,CA,AWP,WE,Towers with Display (VFR),0,2,13,0,15,0,0,206,0,206,0,2,219,0,221,314,0,314,535
04/14/2002,HWD,CA,AWP,WE,Towers with Display (VFR),0,6,22,0,28,0,0,123,0,123,0,6,145,0,151,176,0,176,327
04/15/2002,HWD,CA,AWP,WE,Towers with Display (VFR),0,2,21,0,23,0,2,127,0,129,0,4,148,0,152,82,0,82,234
04/16/2002,HWD,CA,AWP,WE,Towers with Display (VFR),0,7,20,0,27,0,1,124,0,125,0,8,144,0,152,164,0,164,316
04/17/2002,HWD,CA,AWP,WE,Towers with Display (VFR),0,0,26,0,26,0,2,163,0,165,0,2,189,0,191,216,0,216,407
04/18/2002,HWD,CA,AWP,WE,Towers with Display (VFR),0,4,16,0,20,0,2,151,0,153,0,6,167,0,173,110,0,110,283
04/19/2002,HWD,CA,AWP,WE,Towers with Display (VFR),0,1,13,0,14,0,0,178,0,178,0,1,191,0,192,112,0,112,304
04/20/2002,HWD,CA,AWP,WE,Towers with Display (VFR),0,0,10,0,10,0,0,133,0,133,0,0,143,0,143,298,0,298,441
04/21/2002,HWD,CA,AWP,WE,Towers with Display (VFR),0,1,21,0,22,0,0,172,0,172,0,1,193,0,194,152,0,152,346
04/22/2002,HWD,CA,AWP,WE,Towers with Display (VFR),0,1,25,0,26,0,2,181,0,183,0,3,206,0,209,90,0,90,299
04/23/2002,HWD,CA,AWP,WE,Towers with Display (VFR),0,4,16,0,20,0,2,198,0,200,0,6,214,0,220,310,0,310,530
04/24/2002,HWD,CA,AWP,WE,Towers with Display (VFR),0,3,19,0,22,0,3,204,0,207,0,6,223,0,229,178,0,178,407
04/25/2002,HWD,CA,AWP,WE,Towers with Display (VFR),0,2,24,0,26,0,2,158,0,160,0,4,182,0,186,226,0,226,412
04/26/2002,HWD,CA,AWP,WE,Towers with Display (VFR),0,4,37,0,41,0,0,65,0,65,0,4,102,0,106,198,0,198,304
04/27/2002,HWD,CA,AWP,WE,Towers with Display (VFR),0,3,14,0,17,0,0,88,0,88,0,3,102,0,105,340,0,340,445
04/28/2002,HWD,CA,AWP,WE,Towers with Display (VFR),0,2,16,0,18,0,0,166,0,166,0,2,182,0,184,256,0,256,440
04/29/2002,HWD,CA,AWP,WE,Towers with Display (VFR),0,1,29,0,30,0,1,154,0,155,0,2,183,0,185,198,0,198,383
04/30/2002,HWD,CA,AWP,WE,Towers with Display (VFR),0,6,33,2,41,0,1,148,0,149,0,7,181,2,190,202,0,202,392
05/01/2002,HWD,CA,AWP,WE,Towers with Display (VFR),0,5,30,0,35,0,2,183,0,185,0,7,213,0,220,244,0,244,464
05/02/2002,HWD,CA,AWP,WE,Towers with Display (VFR),0,2,39,2,43,0,1,135,0,136,0,3,174,2,179,280,0,280,459
05/03/2002,HWD,CA,AWP,WE,Towers with Display (VFR),0,1,36,0,37,0,0,161,0,161,0,1,197,0,198,268,0,268,466
05/04/2002,HWD,CA,AWP,WE,Towers with Display (VFR),0,2,18,0,20,0,0,154,0,154,0,2,172,0,174,254,0,254,428
05/05/2002,HWD,CA,AWP,WE,Towers with Display (VFR),0,1,21,0,22,0,0,176,0,176,0,1,197,0,198,304,0,304,502
05/06/2002,HWD,CA,AWP,WE,Towers with Display (VFR),0,3,20,0,23,0,1,165,0,166,0,4,185,0,189,62,0,62,251
05/07/2002,HWD,CA,AWP,WE,Towers with Display (VFR),0,1,17,0,18,0,2,180,0,182,0,3,197,0,200,244,0,244,444
05/08/2002,HWD,CA,AWP,WE,Towers with Display (VFR),0,2,19,0,21,0,2,178,0,180,0,4,197,0,201,318,0,318,519
05/09/2002,HWD,CA,AWP,WE,Towers with Display (VFR),0,1,37,0,38,0,2,170,0,172,0,3,207,0,210,192,0,192,402
05/10/2002,HWD,CA,AWP,WE,Towers with Display (VFR),0,1,20,0,21,0,0,162,0,162,0,1,182,0,183,166,0,166,349
05/11/2002,HWD,CA,AWP,WE,Towers with Display (VFR),0,4,16,0,20,0,1,193,0,194,0,5,209,0,214,366,0,366,580
05/12/2002,HWD,CA,AWP,WE,Towers with Display (VFR),0,1,26,0,27,0,0,190,10,200,0,1,216,10,227,410,0,410,637
05/13/2002,HWD,CA,AWP,WE,Towers with Display (VFR),0,0,28,0,28,0,3,203,0,206,0,3,231,0,234,216,0,216,450
05/14/2002,HWD,CA,AWP,WE,Towers with Display (VFR),0,3,23,0,26,0,1,190,0,191,0,4,213,0,217,368,0,368,585
05/15/2002,HWD,CA,AWP,WE,Towers with Display (VFR),0,1,35,0,36,0,2,207,0,209,0,3,242,0,245,318,0,318,563
05/16/2002,HWD,CA,AWP,WE,Towers with Display (VFR),0,2,15,0,17,0,3,210,0,213,0,5,225,0,230,342,0,342,572
05/17/2002,HWD,CA,AWP,WE,Towers with Display (VFR),0,5,18,0,23,0,1,213,0,214,0,6,231,0,237,154,0,154,391
05/18/2002,HWD,CA,AWP,WE,Towers with Display (VFR),0,0,15,0,15,0,0,173,0,173,0,0,188,0,188,214,0,214,402
05/19/2002,HWD,CA,AWP,WE,Towers with Display (VFR),0,2,37,0,39,0,0,53,0,53,0,2,90,0,92,108,0,108,200
05/20/2002,HWD,CA,AWP,WE,Towers with Display (VFR),0,1,17,0,18,0,2,74,0,76,0,3,91,0,94,132,0,132,226
05/21/2002,HWD,CA,AWP,WE,Towers with Display (VFR),0,3,29,0,32,0,2,166,0,168,0,5,195,0,200,302,0,302,502
05/22/2002,HWD,CA,AWP,WE,Towers with Display (VFR),0,1,21,0,22,0,3,214,0,217,0,4,235,0,239,244,0,244,483
05/23/2002,HWD,CA,AWP,WE,Towers with Display (VFR),0,1,19,0,20,0,3,206,0,209,0,4,225,0,229,334,0,334,563
05/24/2002,HWD,CA,AWP,WE,Towers with Display (VFR),0,1,24,0,25,0,0,198,0,198,0,1,222,0,223,220,0,220,443
05/25/2002,HWD,CA,AWP,WE,Towers with Display (VFR),0,0,15,0,15,0,0,220,0,220,0,0,235,0,235,382,0,382,617
05/26/2002,HWD,CA,AWP,WE,Towers with Display (VFR),0,0,25,0,25,0,0,108,0,108,0,0,133,0,133,142,0,142,275
05/27/2002,HWD,CA,AWP,WE,Towers with Display (VFR),0,3,16,0,19,0,0,185,0,185,0,3,201,0,204,222,6,228,432
05/28/2002,HWD,CA,AWP,WE,Towers with Display (VFR),0,3,24,0,27,0,0,161,0,161,0,3,185,0,188,286,0,286,474
05/29/2002,HWD,CA,AWP,WE,Towers with Display (VFR),0,3,35,0,38,0,1,188,0,189,0,4,223,0,227,202,0,202,429
05/30/2002,HWD,CA,AWP,WE,Towers with Display (VFR),0,3,20,0,23,0,2,215,0,217,0,5,235,0,240,258,0,258,498
05/31/2002,HWD,CA,AWP,WE,Towers with Display (VFR),0,3,14,0,17,0,0,199,0,199,0,3,213,0,216,418,0,418,634
06/01/2002,HWD,CA,AWP,WE,Towers with Display (VFR),0,0,19,0,19,0,0,166,0,166,0,0,185,0,185,244,0,244,429
06/02/2002,HWD,CA,AWP,WE,Towers with Display (VFR),0,4,19,0,23,0,0,133,0,133,0,4,152,0,156,344,0,344,500
06/03/2002,HWD,CA,AWP,WE,Towers with Display (VFR),0,1,25,0,26,0,0,144,0,144,0,1,169,0,170,200,0,200,370
06/04/2002,HWD,CA,AWP,WE,Towers with Display (VFR),0,1,27,2,30,0,2,234,0,236,0,3,261,2,266,434,0,434,700
06/05/2002,HWD,CA,AWP,WE,Towers with Display (VFR),0,3,24,0,27,0,2,187,1,190,0,5,211,1,217,220,0,220,437
06/06/2002,HWD,CA,AWP,WE,Towers with Display (VFR),0,0,21,0,21,0,2,231,0,233,0,2,252,0,254,202,0,202,456
06/07/2002,HWD,CA,AWP,WE,Towers with Display (VFR),0,2,14,0,16,0,0,160,0,160,0,2,174,0,176,230,2,232,408
06/08/2002,HWD,CA,AWP,WE,Towers with Display (VFR),0,6,15,0,21,0,0,170,0,170,0,6,185,0,191,186,0,186,377
06/09/2002,HWD,CA,AWP,WE,Towers with Display (VFR),0,1,17,0,18,0,0,121,2,123,0,1,138,2,141,124,0,124,265
06/10/2002,HWD,CA,AWP,WE,Towers with Display (VFR),0,0,0,0,0,0,4,168,0,172,0,4,168,0,172,114,0,114,286
06/11/2002,HWD,CA,AWP,WE,Towers with Display (VFR),0,0,23,0,23,0,2,162,0,164,0,2,185,0,187,256,0,256,443
06/12/2002,HWD,CA,AWP,WE,Towers with Display (VFR),0,1,37,0,38,0,2,173,0,175,0,3,210,0,213,356,0,356,569
06/13/2002,HWD,CA,AWP,WE,Towers with Display (VFR),0,1,55,0,56,0,0,99,0,99,0,1,154,0,155,230,0,230,385
06/14/2002,HWD,CA,AWP,WE,Towers with Display (VFR),0,2,22,0,24,0,0,159,0,159,0,2,181,0,183,248,0,248,431
06/15/2002,HWD,CA,AWP,WE,Towers with Display (VFR),0,1,15,0,16,0,0,150,0,150,0,1,165,0,166,246,0,246,412
06/16/2002,HWD,CA,AWP,WE,Towers with Display (VFR),0,2,18,0,20,0,0,158,0,158,0,2,176,0,178,202,0,202,380
06/17/2002,HWD,CA,AWP,WE,Towers with Display (VFR),0,0,18,0,18,0,2,156,0,158,0,2,174,0,176,280,0,280,456
06/18/2002,HWD,CA,AWP,WE,Towers with Display (VFR),0,0,51,0,51,0,2,127,0,129,0,2,178,0,180,250,0,250,430
06/19/2002,HWD,CA,AWP,WE,Towers with Display (VFR),0,1,23,0,24,0,2,220,0,222,0,3,243,0,246,284,0,284,530
06/20/2002,HWD,CA,AWP,WE,Towers with Display (VFR),0,4,47,0,51,0,1,113,0,114,0,5,160,0,165,130,0,130,295
06/21/2002,HWD,CA,AWP,WE,Towers with Display (VFR),0,6,51,0,57,0,0,100,0,100,0,6,151,0,157,260,0,260,417
06/22/2002,HWD,CA,AWP,WE,Towers with Display (VFR),0,4,49,0,53,0,0,120,2,122,0,4,169,2,175,262,0,262,437
06/23/2002,HWD,CA,AWP,WE,Towers with Display (VFR),0,1,15,0,16,0,0,183,0,183,0,1,198,0,199,314,0,314,513
06/24/2002,HWD,CA,AWP,WE,Towers with Display (VFR),0,2,45,0,47,0,2,157,0,159,0,4,202,0,206,234,0,234,440
06/25/2002,HWD,CA,AWP,WE,Towers with Display (VFR),0,3,39,0,42,0,2,133,0,135,0,5,172,0,177,168,0,168,345
06/26/2002,HWD,CA,AWP,WE,Towers with Display (VFR),0,2,51,0,53,0,0,133,0,133,0,2,184,0,186,400,0,400,586
06/27/2002,HWD,CA,AWP,WE,Towers with Display (VFR),0,6,47,0,53,0,0,168,0,168,0,6,215,0,221,400,0,400,621
06/28/2002,HWD,CA,AWP,WE,Towers with Display (VFR),0,4,42,0,46,0,0,119,0,119,0,4,161,0,165,336,0,336,501
06/29/2002,HWD,CA,AWP,WE,Towers with Display (VFR),0,4,42,0,46,0,0,162,0,162,0,4,204,0,208,208,0,208,416
06/30/2002,HWD,CA,AWP,WE,Towers with Display (VFR),0,2,20,0,22,0,0,176,0,176,0,2,196,0,198,308,0,308,506
07/01/2002,HWD,CA,AWP,WE,Towers with Display (VFR),0,3,12,0,15,0,0,233,0,233,0,3,245,0,248,406,0,406,654
07/02/2002,HWD,CA,AWP,WE,Towers with Display (VFR),0,1,15,0,16,0,1,179,0,180,0,2,194,0,196,342,0,342,538
07/03/2002,HWD,CA,AWP,WE,Towers with Display (VFR),0,2,30,0,32,0,0,193,0,193,0,2,223,0,225,420,0,420,645
07/04/2002,HWD,CA,AWP,WE,Towers with Display (VFR),0,3,8,0,11,0,0,132,0,132,0,3,140,0,143,156,0,156,299
07/05/2002,HWD,CA,AWP,WE,Towers with Display (VFR),0,3,21,0,24,0,0,124,0,124,0,3,145,0,148,198,0,198,346
07/06/2002,HWD,CA,AWP,WE,Towers with Display (VFR),0,1,12,0,13,0,0,151,0,151,0,1,163,0,164,182,0,182,346
07/07/2002,HWD,CA,AWP,WE,Towers with Display (VFR),0,2,20,0,22,0,0,147,0,147,0,2,167,0,169,234,0,234,403
07/08/2002,HWD,CA,AWP,WE,Towers with Display (VFR),0,4,15,0,19,0,0,162,0,162,0,4,177,0,181,356,0,356,537
07/09/2002,HWD,CA,AWP,WE,Towers with Display (VFR),0,4,16,0,20,0,3,213,0,216,0,7,229,0,236,298,0,298,534
07/10/2002,HWD,CA,AWP,WE,Towers with Display (VFR),0,2,25,0,27,0,1,198,0,199,0,3,223,0,226,454,0,454,680
07/11/2002,HWD,CA,AWP,WE,Towers with Display (VFR),0,2,24,0,26,0,1,197,0,198,0,3,221,0,224,348,0,348,572
07/12/2002,HWD,CA,AWP,WE,Towers with Display (VFR),0,1,16,0,17,0,0,195,0,195,0,1,211,0,212,266,0,266,478
07/13/2002,HWD,CA,AWP,WE,Towers with Display (VFR),0,0,19,0,19,0,0,126,0,126,0,0,145,0,145,220,0,220,365
07/14/2002,HWD,CA,AWP,WE,Towers with Display (VFR),0,3,23,0,26,0,0,147,0,147,0,3,170,0,173,300,0,300,473
07/15/2002,HWD,CA,AWP,WE,Towers with Display (VFR),0,3,48,0,51,0,1,126,0,127,0,4,174,0,178,224,0,224,402
07/16/2002,HWD,CA,AWP,WE,Towers with Display (VFR),0,1,22,0,23,0,2,185,0,187,0,3,207,0,210,398,0,398,608
07/17/2002,HWD,CA,AWP,WE,Towers with Display (VFR),0,6,40,0,46,0,0,161,0,161,0,6,201,0,207,440,0,440,647
07/18/2002,HWD,CA,AWP,WE,Towers with Display (VFR),0,4,50,0,54,0,0,118,0,118,0,4,168,0,172,278,0,278,450
07/19/2002,HWD,CA,AWP,WE,Towers with Display (VFR),0,4,27,0,31,0,0,166,0,166,0,4,193,0,197,462,0,462,659
07/20/2002,HWD,CA,AWP,WE,Towers with Display (VFR),0,1,28,0,29,0,0,169,0,169,0,1,197,0,198,218,0,218,416
07/21/2002,HWD,CA,AWP,WE,Towers with Display (VFR),0,3,22,0,25,0,0,101,0,101,0,3,123,0,126,276,0,276,402
07/22/2002,HWD,CA,AWP,WE,Towers with Display (VFR),0,5,23,0,28,0,1,153,0,154,0,6,176,0,182,192,0,192,374
07/23/2002,HWD,CA,AWP,WE,Towers with Display (VFR),0,4,30,0,34,0,4,146,0,150,0,8,176,0,184,290,0,290,474
07/24/2002,HWD,CA,AWP,WE,Towers with Display (VFR),0,0,11,0,11,0,2,157,0,159,0,2,168,0,170,202,0,202,372
07/25/2002,HWD,CA,AWP,WE,Towers with Display (VFR),0,3,35,0,38,0,0,133,0,133,0,3,168,0,171,334,0,334,505
07/26/2002,HWD,CA,AWP,WE,Towers with Display (VFR),0,1,17,0,18,0,0,145,0,145,0,1,162,0,163,364,0,364,527
07/27/2002,HWD,CA,AWP,WE,Towers with Display (VFR),0,1,16,0,17,0,2,130,0,132,0,3,146,0,149,212,0,212,361
07/28/2002,HWD,CA,AWP,WE,Towers with Display (VFR),0,4,13,0,17,0,0,145,14,159,0,4,158,14,176,196,0,196,372
07/29/2002,HWD,CA,AWP,WE,Towers with Display (VFR),0,4,25,0,29,0,2,134,0,136,0,6,159,0,165,308,0,308,473
07/30/2002,HWD,CA,AWP,WE,Towers with Display (VFR),0,8,22,0,30,0,0,154,0,154,0,8,176,0,184,252,0,252,436
07/31/2002,HWD,CA,AWP,WE,Towers with Display (VFR),0,4,24,0,28,0,2,182,0,184,0,6,206,0,212,432,0,432,644
08/01/2002,HWD,CA,AWP,WE,Towers with Display (VFR),0,6,33,0,39,0,0,113,0,113,0,6,146,0,152,276,0,276,428
08/02/2002,HWD,CA,AWP,WE,Towers with Display (VFR),0,1,37,0,38,0,0,94,0,94,0,1,131,0,132,274,0,274,406
08/03/2002,HWD,CA,AWP,WE,Towers with Display (VFR),0,1,24,0,25,0,0,106,0,106,0,1,130,0,131,415,0,415,546
08/04/2002,HWD,CA,AWP,WE,Towers with Display (VFR),0,2,17,0,19,0,0,142,0,142,0,2,159,0,161,372,0,372,533
08/05/2002,HWD,CA,AWP,WE,Towers with Display (VFR),0,5,18,0,23,0,0,187,0,187,0,5,205,0,210,232,0,232,442
08/06/2002,HWD,CA,AWP,WE,Towers with Display (VFR),0,1,21,0,22,0,2,188,0,190,0,3,209,0,212,368,0,368,580
08/07/2002,HWD,CA,AWP,WE,Towers with Display (VFR),0,4,15,0,19,0,2,201,1,204,0,6,216,1,223,210,0,210,433
08/08/2002,HWD,CA,AWP,WE,Towers with Display (VFR),0,4,20,0,24,0,2,202,0,204,0,6,222,0,228,396,0,396,624
08/09/2002,HWD,CA,AWP,WE,Towers with Display (VFR),0,3,15,0,18,0,0,223,0,223,0,3,238,0,241,242,0,242,483
08/10/2002,HWD,CA,AWP,WE,Towers with Display (VFR),0,0,14,0,14,0,0,171,0,171,0,0,185,0,185,304,0,304,489
08/11/2002,HWD,CA,AWP,WE,Towers with Display (VFR),0,0,19,0,19,0,0,175,0,175,0,0,194,0,194,162,0,162,356
08/12/2002,HWD,CA,AWP,WE,Towers with Display (VFR),0,2,39,0,41,0,2,170,0,172,0,4,209,0,213,236,0,236,449
08/13/2002,HWD,CA,AWP,WE,Towers with Display (VFR),0,1,35,0,36,0,2,187,0,189,0,3,222,0,225,464,0,464,689
08/14/2002,HWD,CA,AWP,WE,Towers with Display (VFR),0,0,36,0,36,0,2,187,0,189,0,2,223,0,225,416,0,416,641
08/15/2002,HWD,CA,AWP,WE,Towers with Display (VFR),0,6,48,0,54,0,2,142,0,144,0,8,190,0,198,308,0,308,506
08/16/2002,HWD,CA,AWP,WE,Towers with Display (VFR),0,2,38,0,40,0,1,145,0,146,0,3,183,0,186,308,0,308,494
08/17/2002,HWD,CA,AWP,WE,Towers with Display (VFR),0,0,42,0,42,0,0,77,0,77,0,0,119,0,119,240,0,240,359
08/18/2002,HWD,CA,AWP,WE,Towers with Display (VFR),0,4,22,0,26,0,0,110,0,110,0,4,132,0,136,250,0,250,386
08/19/2002,HWD,CA,AWP,WE,Towers with Display (VFR),0,7,49,0,56,0,0,103,0,103,0,7,152,0,159,226,0,226,385
08/20/2002,HWD,CA,AWP,WE,Towers with Display (VFR),0,5,14,0,19,0,2,173,0,175,0,7,187,0,194,260,0,260,454
08/21/2002,HWD,CA,AWP,WE,Towers with Display (VFR),0,4,23,0,27,0,0,194,0,194,0,4,217,0,221,220,0,220,441
08/22/2002,HWD,CA,AWP,WE,Towers with Display (VFR),0,2,28,0,30,0,2,143,0,145,0,4,171,0,175,332,0,332,507
08/23/2002,HWD,CA,AWP,WE,Towers with Display (VFR),0,2,79,0,81,0,0,65,0,65,0,2,144,0,146,198,0,198,344
08/24/2002,HWD,CA,AWP,WE,Towers with Display (VFR),0,2,56,0,58,0,0,50,0,50,0,2,106,0,108,160,0,160,268
08/25/2002,HWD,CA,AWP,WE,Towers with Display (VFR),0,3,24,0,27,0,0,129,0,129,0,3,153,0,156,264,0,264,420
08/26/2002,HWD,CA,AWP,WE,Towers with Display (VFR),0,0,19,0,19,0,0,219,0,219,0,0,238,0,238,237,0,237,475
08/27/2002,HWD,CA,AWP,WE,Towers with Display (VFR),0,0,22,0,22,0,0,232,0,232,0,0,254,0,254,298,0,298,552
08/28/2002,HWD,CA,AWP,WE,Towers with Display (VFR),0,3,19,0,22,0,4,180,0,184,0,7,199,0,206,412,0,412,618
08/29/2002,HWD,CA,AWP,WE,Towers with Display (VFR),0,2,21,0,23,0,4,186,0,190,0,6,207,0,213,416,0,416,629
08/30/2002,HWD,CA,AWP,WE,Towers with Display (VFR),0,2,34,0,36,0,0,187,0,187,0,2,221,0,223,290,0,290,513
08/31/2002,HWD,CA,AWP,WE,Towers with Display (VFR),0,3,23,0,26,0,0,106,0,106,0,3,129,0,132,208,0,208,340
09/01/2002,HWD,CA,AWP,WE,Towers with Display (VFR),0,2,3,0,5,0,0,159,0,159,0,2,162,0,164,230,0,230,394
09/02/2002,HWD,CA,AWP,WE,Towers with Display (VFR),0,5,11,0,16,0,0,219,0,219,0,5,230,0,235,182,0,182,417
09/03/2002,HWD,CA,AWP,WE,Towers with Display (VFR),0,6,16,0,22,0,0,158,0,158,0,6,174,0,180,218,0,218,398
09/04/2002,HWD,CA,AWP,WE,Towers with Display (VFR),0,8,22,0,30,0,2,192,0,194,0,10,214,0,224,316,0,316,540
09/05/2002,HWD,CA,AWP,WE,Towers with Display (VFR),0,5,15,0,20,0,4,177,0,181,0,9,192,0,201,320,0,320,521
09/06/2002,HWD,CA,AWP,WE,Towers with Display (VFR),0,2,16,0,18,0,0,149,4,153,0,2,165,4,171,342,0,342,513
09/07/2002,HWD,CA,AWP,WE,Towers with Display (VFR),0,0,20,0,20,0,0,97,0,97,0,0,117,0,117,228,0,228,345
09/08/2002,HWD,CA,AWP,WE,Towers with Display (VFR),0,4,10,0,14,0,0,145,0,145,0,4,155,0,159,124,0,124,283
09/09/2002,HWD,CA,AWP,WE,Towers with Display (VFR),0,1,11,0,12,0,4,163,0,167,0,5,174,0,179,134,0,134,313
09/10/2002,HWD,CA,AWP,WE,Towers with Display (VFR),0,1,30,0,31,0,5,197,0,202,0,6,227,0,233,360,0,360,593
09/11/2002,HWD,CA,AWP,WE,Towers with Display (VFR),0,0,21,0,21,0,4,192,0,196,0,4,213,0,217,281,0,281,498
09/12/2002,HWD,CA,AWP,WE,Towers with Display (VFR),0,3,36,0,39,0,4,167,0,171,0,7,203,0,210,350,0,350,560
09/13/2002,HWD,CA,AWP,WE,Towers with Display (VFR),0,0,53,0,53,0,0,116,0,116,0,0,169,0,169,196,0,196,365
09/14/2002,HWD,CA,AWP,WE,Towers with Display (VFR),0,0,18,0,18,0,0,94,0,94,0,0,112,0,112,148,0,148,260
09/15/2002,HWD,CA,AWP,WE,Towers with Display (VFR),0,0,19,0,19,0,0,170,0,170,0,0,189,0,189,286,0,286,475
09/16/2002,HWD,CA,AWP,WE,Towers with Display (VFR),0,1,35,0,36,0,0,171,0,171,0,1,206,0,207,194,0,194,401
09/17/2002,HWD,CA,AWP,WE,Towers with Display (VFR),0,1,14,0,15,0,4,238,0,242,0,5,252,0,257,492,0,492,749
09/18/2002,HWD,CA,AWP,WE,Towers with Display (VFR),0,8,11,0,19,0,0,190,0,190,0,8,201,0,209,344,0,344,553
09/19/2002,HWD,CA,AWP,WE,Towers with Display (VFR),0,3,23,0,26,0,3,244,0,247,0,6,267,0,273,264,0,264,537
09/20/2002,HWD,CA,AWP,WE,Towers with Display (VFR),0,4,18,0,22,0,0,229,0,229,0,4,247,0,251,254,0,254,505
09/21/2002,HWD,CA,AWP,WE,Towers with Display (VFR),0,0,13,0,13,0,0,146,0,146,0,0,159,0,159,144,0,144,303
09/22/2002,HWD,CA,AWP,WE,Towers with Display (VFR),0,4,27,0,31,0,0,209,0,209,0,4,236,0,240,184,0,184,424
09/23/2002,HWD,CA,AWP,WE,Towers with Display (VFR),0,2,10,0,12,0,3,215,0,218,0,5,225,0,230,232,0,232,462
09/24/2002,HWD,CA,AWP,WE,Towers with Display (VFR),0,2,21,0,23,0,3,232,0,235,0,5,253,0,258,322,0,322,580
09/25/2002,HWD,CA,AWP,WE,Towers with Display (VFR),0,2,19,0,21,0,2,212,0,214,0,4,231,0,235,338,0,338,573
09/26/2002,HWD,CA,AWP,WE,Towers with Display (VFR),0,3,31,0,34,0,3,163,0,166,0,6,194,0,200,354,0,354,554
09/27/2002,HWD,CA,AWP,WE,Towers with Display (VFR),0,1,32,0,33,0,0,161,0,161,0,1,193,0,194,244,0,244,438
09/28/2002,HWD,CA,AWP,WE,Towers with Display (VFR),0,1,17,0,18,0,0,235,0,235,0,1,252,0,253,266,0,266,519
09/29/2002,HWD,CA,AWP,WE,Towers with Display (VFR),0,0,20,0,20,0,0,168,0,168,0,0,188,0,188,232,0,232,420
09/30/2002,HWD,CA,AWP,WE,Towers with Display (VFR),0,2,16,0,18,0,2,177,0,179,0,4,193,0,197,192,0,192,389
10/01/2002,HWD,CA,AWP,WE,Towers with Display (VFR),0,0,12,0,12,0,4,143,0,147,0,4,155,0,159,262,0,262,421
10/02/2002,HWD,CA,AWP,WE,Towers with Display (VFR),0,1,18,0,19,0,4,150,1,155,0,5,168,1,174,156,0,156,330
10/03/2002,HWD,CA,AWP,WE,Towers with Display (VFR),0,3,22,0,25,0,3,203,0,206,0,6,225,0,231,240,0,240,471
10/04/2002,HWD,CA,AWP,WE,Towers with Display (VFR),0,2,19,0,21,0,0,183,0,183,0,2,202,0,204,174,0,174,378
10/05/2002,HWD,CA,AWP,WE,Towers with Display (VFR),0,0,12,0,12,0,0,167,0,167,0,0,179,0,179,154,0,154,333
10/06/2002,HWD,CA,AWP,WE,Towers with Display (VFR),0,5,20,0,25,0,1,162,0,163,0,6,182,0,188,124,0,124,312
10/07/2002,HWD,CA,AWP,WE,Towers with Display (VFR),0,1,11,0,12,0,3,209,2,214,0,4,220,2,226,262,0,262,488
10/08/2002,HWD,CA,AWP,WE,Towers with Display (VFR),0,2,19,0,21,0,2,198,0,200,0,4,217,0,221,216,0,216,437
10/09/2002,HWD,CA,AWP,WE,Towers with Display (VFR),0,7,21,0,28,0,0,177,0,177,0,7,198,0,205,302,0,302,507
10/10/2002,HWD,CA,AWP,WE,Towers with Display (VFR),0,1,46,0,47,0,3,149,0,152,0,4,195,0,199,322,0,322,521
10/11/2002,HWD,CA,AWP,WE,Towers with Display (VFR),0,1,24,0,25,0,0,214,0,214,0,1,238,0,239,272,0,272,511
10/12/2002,HWD,CA,AWP,WE,Towers with Display (VFR),0,1,14,0,15,0,0,138,0,138,0,1,152,0,153,294,0,294,447
10/13/2002,HWD,CA,AWP,WE,Towers with Display (VFR),0,1,10,0,11,0,0,175,0,175,0,1,185,0,186,178,0,178,364
10/14/2002,HWD,CA,AWP,WE,Towers with Display (VFR),0,1,13,0,14,0,0,209,0,209,0,1,222,0,223,340,0,340,563
10/15/2002,HWD,CA,AWP,WE,Towers with Display (VFR),0,2,29,0,31,0,4,163,0,167,0,6,192,0,198,460,0,460,658
10/16/2002,HWD,CA,AWP,WE,Towers with Display (VFR),0,5,21,0,26,0,2,190,0,192,0,7,211,0,218,374,0,374,592
10/17/2002,HWD,CA,AWP,WE,Towers with Display (VFR),0,3,28,0,31,0,0,184,0,184,0,3,212,0,215,342,0,342,557
10/18/2002,HWD,CA,AWP,WE,Towers with Display (VFR),0,4,21,0,25,0,0,128,0,128,0,4,149,0,153,240,0,240,393
10/19/2002,HWD,CA,AWP,WE,Towers with Display (VFR),0,1,28,0,29,0,0,138,0,138,0,1,166,0,167,272,0,272,439
10/20/2002,HWD,CA,AWP,WE,Towers with Display (VFR),0,2,27,0,29,0,0,137,0,137,0,2,164,0,166,186,0,186,352
10/21/2002,HWD,CA,AWP,WE,Towers with Display (VFR),0,2,38,0,40,0,0,151,0,151,0,2,189,0,191,250,0,250,441
10/22/2002,HWD,CA,AWP,WE,Towers with Display (VFR),0,4,58,0,62,0,2,144,0,146,0,6,202,0,208,410,0,410,618
10/23/2002,HWD,CA,AWP,WE,Towers with Display (VFR),0,2,39,0,41,0,2,80,0,82,0,4,119,0,123,292,0,292,415
10/24/2002,HWD,CA,AWP,WE,Towers with Display (VFR),0,5,26,0,31,0,0,119,0,119,0,5,145,0,150,400,0,400,550
10/25/2002,HWD,CA,AWP,WE,Towers with Display (VFR),0,4,16,0,20,0,0,157,0,157,0,4,173,0,177,200,0,200,377
10/26/2002,HWD,CA,AWP,WE,Towers with Display (VFR),0,1,19,0,20,0,0,200,0,200,0,1,219,0,220,262,0,262,482
10/27/2002,HWD,CA,AWP,WE,Towers with Display (VFR),0,3,15,0,18,0,0,184,0,184,0,3,199,0,202,160,0,160,362
10/28/2002,HWD,CA,AWP,WE,Towers with Display (VFR),0,5,14,0,19,0,0,193,0,193,0,5,207,0,212,274,0,274,486
10/29/2002,HWD,CA,AWP,WE,Towers with Display (VFR),0,2,23,0,25,0,3,212,0,215,0,5,235,0,240,196,0,196,436
10/30/2002,HWD,CA,AWP,WE,Towers with Display (VFR),0,3,15,0,18,0,2,206,0,208,0,5,221,0,226,236,0,236,462
10/31/2002,HWD,CA,AWP,WE,Towers with Display (VFR),0,2,15,0,17,0,2,229,0,231,0,4,244,0,248,242,0,242,490
11/01/2002,HWD,CA,AWP,WE,Towers with Display (VFR),0,3,29,0,32,0,1,196,0,197,0,4,225,0,229,192,0,192,421
11/02/2002,HWD,CA,AWP,WE,Towers with Display (VFR),0,6,14,0,20,0,0,161,0,161,0,6,175,0,181,206,0,206,387
11/03/2002,HWD,CA,AWP,WE,Towers with Display (VFR),0,1,9,0,10,0,1,168,0,169,0,2,177,0,179,234,0,234,413
11/04/2002,HWD,CA,AWP,WE,Towers with Display (VFR),0,2,19,0,21,0,0,156,0,156,0,2,175,0,177,130,0,130,307
11/05/2002,HWD,CA,AWP,WE,Towers with Display (VFR),0,3,41,0,44,0,2,165,0,167,0,5,206,0,211,252,0,252,463
11/06/2002,HWD,CA,AWP,WE,Towers with Display (VFR),0,3,27,0,30,0,2,174,1,177,0,5,201,1,207,248,0,248,455
11/07/2002,HWD,CA,AWP,WE,Towers with Display (VFR),0,3,28,0,31,0,1,23,0,24,0,4,51,0,55,58,0,58,113
11/08/2002,HWD,CA,AWP,WE,Towers with Display (VFR),0,0,17,0,17,0,0,27,0,27,0,0,44,0,44,6,0,6,50
11/09/2002,HWD,CA,AWP,WE,Towers with Display (VFR),0,0,18,1,19,0,0,67,1,68,0,0,85,2,87,288,0,288,375
11/10/2002,HWD,CA,AWP,WE,Towers with Display (VFR),0,0,20,0,20,0,0,62,0,62,0,0,82,0,82,136,0,136,218
11/11/2002,HWD,CA,AWP,WE,Towers with Display (VFR),0,0,24,0,24,0,0,187,0,187,0,0,211,0,211,216,0,216,427
11/12/2002,HWD,CA,AWP,WE,Towers with Display (VFR),0,4,17,0,21,0,1,157,0,158,0,5,174,0,179,270,0,270,449
11/13/2002,HWD,CA,AWP,WE,Towers with Display (VFR),0,5,24,1,30,0,2,174,0,176,0,7,198,1,206,267,0,267,473
11/14/2002,HWD,CA,AWP,WE,Towers with Display (VFR),0,3,21,1,25,0,2,229,2,233,0,5,250,3,258,298,0,298,556
11/15/2002,HWD,CA,AWP,WE,Towers with Display (VFR),0,5,30,0,35,0,1,182,0,183,0,6,212,0,218,264,0,264,482
11/16/2002,HWD,CA,AWP,WE,Towers with Display (VFR),0,2,30,0,32,0,0,136,0,136,0,2,166,0,168,290,0,290,458
11/17/2002,HWD,CA,AWP,WE,Towers with Display (VFR),0,5,23,0,28,0,1,142,0,143,0,6,165,0,171,310,0,310,481
11/18/2002,HWD,CA,AWP,WE,Towers with Display (VFR),0,4,20,0,24,0,2,176,0,178,0,6,196,0,202,228,0,228,430
11/19/2002,HWD,CA,AWP,WE,Towers with Display (VFR),0,4,34,0,38,0,3,187,0,190,0,7,221,0,228,318,0,318,546
11/20/2002,HWD,CA,AWP,WE,Towers with Display (VFR),0,4,26,0,30,0,3,222,0,225,0,7,248,0,255,364,0,364,619
11/21/2002,HWD,CA,AWP,WE,Towers with Display (VFR),0,2,24,0,26,0,2,169,0,171,0,4,193,0,197,320,0,320,517
11/22/2002,HWD,CA,AWP,WE,Towers with Display (VFR),0,6,57,0,63,0,0,64,1,65,0,6,121,1,128,204,0,204,332
11/23/2002,HWD,CA,AWP,WE,Towers with Display (VFR),0,0,29,0,29,0,0,76,0,76,0,0,105,0,105,308,0,308,413
11/24/2002,HWD,CA,AWP,WE,Towers with Display (VFR),0,2,28,0,30,0,0,102,0,102,0,2,130,0,132,372,0,372,504
11/25/2002,HWD,CA,AWP,WE,Towers with Display (VFR),0,2,18,0,20,0,4,134,0,138,0,6,152,0,158,122,0,122,280
11/26/2002,HWD,CA,AWP,WE,Towers with Display (VFR),0,1,21,0,22,0,3,194,0,197,0,4,215,0,219,324,0,324,543
11/27/2002,HWD,CA,AWP,WE,Towers with Display (VFR),0,5,29,0,34,0,3,213,0,216,0,8,242,0,250,220,0,220,470
11/28/2002,HWD,CA,AWP,WE,Towers with Display (VFR),0,0,9,0,9,0,0,66,0,66,0,0,75,0,75,38,0,38,113
11/29/2002,HWD,CA,AWP,WE,Towers with Display (VFR),0,0,10,0,10,0,1,134,0,135,0,1,144,0,145,152,0,152,297
11/30/2002,HWD,CA,AWP,WE,Towers with Display (VFR),0,0,18,0,18,0,1,101,0,102,0,1,119,0,120,276,0,276,396
12/01/2002,HWD,CA,AWP,WE,Towers with Display (VFR),0,1,22,0,23,0,0,93,0,93,0,1,115,0,116,292,0,292,408
12/02/2002,HWD,CA,AWP,WE,Towers with Display (VFR),0,2,19,0,21,0,3,161,0,164,0,5,180,0,185,170,0,170,355
12/03/2002,HWD,CA,AWP,WE,Towers with Display (VFR),0,6,18,0,24,0,2,184,0,186,0,8,202,0,210,384,0,384,594
12/04/2002,HWD,CA,AWP,WE,Towers with Display (VFR),0,7,5,0,12,0,0,163,0,163,0,7,168,0,175,262,0,262,437
12/05/2002,HWD,CA,AWP,WE,Towers with Display (VFR),0,3,26,0,29,0,2,126,0,128,0,5,152,0,157,258,0,258,415
12/06/2002,HWD,CA,AWP,WE,Towers with Display (VFR),0,0,43,0,43,0,0,63,0,63,0,0,106,0,106,72,0,72,178
12/07/2002,HWD,CA,AWP,WE,Towers with Display (VFR),0,0,29,0,29,0,1,178,2,181,0,1,207,2,210,314,0,314,524
12/08/2002,HWD,CA,AWP,WE,Towers with Display (VFR),0,0,23,0,23,0,0,94,0,94,0,0,117,0,117,244,0,244,361
12/09/2002,HWD,CA,AWP,WE,Towers with Display (VFR),0,2,36,0,38,0,4,66,0,70,0,6,102,0,108,32,0,32,140
12/10/2002,HWD,CA,AWP,WE,Towers with Display (VFR),0,2,27,0,29,0,2,130,0,132,0,4,157,0,161,314,0,314,475
12/11/2002,HWD,CA,AWP,WE,Towers with Display (VFR),0,2,20,0,22,0,2,209,0,211,0,4,229,0,233,300,0,300,533
12/12/2002,HWD,CA,AWP,WE,Towers with Display (VFR),0,5,19,0,24,0,1,189,0,190,0,6,208,0,214,298,0,298,512
12/13/2002,HWD,CA,AWP,WE,Towers with Display (VFR),0,1,30,0,31,0,0,16,0,16,0,1,46,0,47,46,0,46,93
12/14/2002,HWD,CA,AWP,WE,Towers with Display (VFR),0,0,6,0,6,0,0,1,0,1,0,0,7,0,7,4,0,4,11
12/15/2002,HWD,CA,AWP,WE,Towers with Display (VFR),0,0,5,0,5,0,0,14,0,14,0,0,19,0,19,50,0,50,69
12/16/2002,HWD,CA,AWP,WE,Towers with Display (VFR),0,6,14,0,20,0,0,36,0,36,0,6,50,0,56,18,0,18,74
12/17/2002,HWD,CA,AWP,WE,Towers with Display (VFR),0,3,22,0,25,0,1,125,0,126,0,4,147,0,151,210,0,210,361
12/18/2002,HWD,CA,AWP,WE,Towers with Display (VFR),0,2,21,0,23,0,3,171,0,174,0,5,192,0,197,340,0,340,537
12/19/2002,HWD,CA,AWP,WE,Towers with Display (VFR),0,3,6,0,9,0,2,46,0,48,0,5,52,0,57,44,0,44,101
12/20/2002,HWD,CA,AWP,WE,Towers with Display (VFR),0,2,17,0,19,0,0,58,0,58,0,2,75,0,77,98,0,98,175
12/21/2002,HWD,CA,AWP,WE,Towers with Display (VFR),0,1,19,0,20,0,0,116,0,116,0,1,135,0,136,306,0,306,442
12/22/2002,HWD,CA,AWP,WE,Towers with Display (VFR),0,3,18,0,21,0,0,178,0,178,0,3,196,0,199,194,0,194,393
12/23/2002,HWD,CA,AWP,WE,Towers with Display (VFR),0,1,25,0,26,0,4,183,0,187,0,5,208,0,213,236,0,236,449
12/24/2002,HWD,CA,AWP,WE,Towers with Display (VFR),0,1,9,0,10,0,3,141,0,144,0,4,150,0,154,104,0,104,258
12/25/2002,HWD,CA,AWP,WE,Towers with Display (VFR),0,0,8,0,8,0,0,26,0,26,0,0,34,0,34,54,0,54,88
12/26/2002,HWD,CA,AWP,WE,Towers with Display (VFR),0,5,13,0,18,0,0,67,14,81,0,5,80,14,99,30,0,30,129
12/27/2002,HWD,CA,AWP,WE,Towers with Display (VFR),0,2,16,0,18,0,0,53,0,53,0,2,69,0,71,80,0,80,151
12/28/2002,HWD,CA,AWP,WE,Towers with Display (VFR),0,1,8,0,9,0,0,12,0,12,0,1,20,0,21,13,0,13,34
12/29/2002,HWD,CA,AWP,WE,Towers with Display (VFR),0,1,14,0,15,0,0,99,0,99,0,1,113,0,114,228,0,228,342
12/30/2002,HWD,CA,AWP,WE,Towers with Display (VFR),0,2,21,0,23,0,3,78,0,81,0,5,99,0,104,30,0,30,134
12/31/2002,HWD,CA,AWP,WE,Towers with Display (VFR),0,3,13,0,16,0,2,76,0,78,0,5,89,0,94,76,0,76,170
01/01/2003,HWD,CA,AWP,WE,Towers with Display (VFR),0,2,6,0,8,0,0,158,0,158,0,2,164,0,166,88,0,88,254
01/02/2003,HWD,CA,AWP,WE,Towers with Display (VFR),0,4,16,0,20,0,2,148,0,150,0,6,164,0,170,160,0,160,330
01/03/2003,HWD,CA,AWP,WE,Towers with Display (VFR),0,1,9,0,10,0,0,159,0,159,0,1,168,0,169,72,0,72,241
01/04/2003,HWD,CA,AWP,WE,Towers with Display (VFR),0,1,20,0,21,0,0,144,0,144,0,1,164,0,165,214,0,214,379
01/05/2003,HWD,CA,AWP,WE,Towers with Display (VFR),0,3,15,0,18,0,0,149,0,149,0,3,164,0,167,102,0,102,269
01/06/2003,HWD,CA,AWP,WE,Towers with Display (VFR),0,3,18,0,21,0,2,129,0,131,0,5,147,0,152,132,0,132,284
01/07/2003,HWD,CA,AWP,WE,Towers with Display (VFR),0,6,15,0,21,0,2,155,0,157,0,8,170,0,178,218,0,218,396
01/08/2003,HWD,CA,AWP,WE,Towers with Display (VFR),0,2,17,0,19,0,0,120,0,120,0,2,137,0,139,264,0,264,403
01/09/2003,HWD,CA,AWP,WE,Towers with Display (VFR),0,6,24,0,30,0,1,79,0,80,0,7,103,0,110,210,0,210,320
01/10/2003,HWD,CA,AWP,WE,Towers with Display (VFR),0,1,28,0,29,0,0,94,0,94,0,1,122,0,123,112,0,112,235
01/11/2003,HWD,CA,AWP,WE,Towers with Display (VFR),0,3,17,0,20,0,0,90,0,90,0,3,107,0,110,286,0,286,396
01/12/2003,HWD,CA,AWP,WE,Towers with Display (VFR),0,2,18,0,20,0,0,90,0,90,0,2,108,0,110,322,0,322,432
01/13/2003,HWD,CA,AWP,WE,Towers with Display (VFR),0,1,13,0,14,0,1,126,0,127,0,2,139,0,141,182,0,182,323
01/14/2003,HWD,CA,AWP,WE,Towers with Display (VFR),0,4,22,0,26,0,0,139,0,139,0,4,161,0,165,176,0,176,341
01/15/2003,HWD,CA,AWP,WE,Towers with Display (VFR),0,1,21,0,22,0,1,193,0,194,0,2,214,0,216,152,0,152,368
01/16/2003,HWD,CA,AWP,WE,Towers with Display (VFR),0,3,22,0,25,0,1,143,0,144,0,4,165,0,169,138,0,138,307
01/17/2003,HWD,CA,AWP,WE,Towers with Display (VFR),0,0,15,0,15,0,0,163,0,163,0,0,178,0,178,142,0,142,320
01/18/2003,HWD,CA,AWP,WE,Towers with Display (VFR),0,1,14,0,15,0,0,150,0,150,0,1,164,0,165,276,0,276,441
01/19/2003,HWD,CA,AWP,WE,Towers with Display (VFR),0,2,4,0,6,0,2,185,0,187,0,4,189,0,193,318,0,318,511
01/20/2003,HWD,CA,AWP,WE,Towers with Display (VFR),0,1,39,0,40,0,1,29,0,30,0,2,68,0,70,35,0,35,105
01/21/2003,HWD,CA,AWP,WE,Towers with Display (VFR),0,1,31,0,32,0,0,77,0,77,0,1,108,0,109,230,0,230,339
01/22/2003,HWD,CA,AWP,WE,Towers with Display (VFR),0,2,34,0,36,0,1,93,0,94,0,3,127,0,130,182,0,182,312
01/23/2003,HWD,CA,AWP,WE,Towers with Display (VFR),0,1,37,1,39,0,1,84,0,85,0,2,121,1,124,186,0,186,310
01/24/2003,HWD,CA,AWP,WE,Towers with Display (VFR),0,1,30,0,31,0,0,153,0,153,0,1,183,0,184,316,0,316,500
01/25/2003,HWD,CA,AWP,WE,Towers with Display (VFR),0,2,32,0,34,0,0,216,0,216,0,2,248,0,250,360,0,360,610
01/26/2003,HWD,CA,AWP,WE,Towers with Display (VFR),0,0,28,0,28,0,0,121,0,121,0,0,149,0,149,308,0,308,457
01/27/2003,HWD,CA,AWP,WE,Towers with Display (VFR),0,4,40,0,44,0,5,99,0,104,0,9,139,0,148,242,0,242,390
01/28/2003,HWD,CA,AWP,WE,Towers with Display (VFR),0,3,36,0,39,0,0,170,0,170,0,3,206,0,209,274,0,274,483
01/29/2003,HWD,CA,AWP,WE,Towers with Display (VFR),0,3,42,0,45,0,3,119,2,124,0,6,161,2,169,200,0,200,369
01/30/2003,HWD,CA,AWP,WE,Towers with Display (VFR),0,2,28,0,30,0,2,110,0,112,0,4,138,0,142,246,0,246,388
01/31/2003,HWD,CA,AWP,WE,Towers with Display (VFR),0,3,18,0,21,0,0,119,0,119,0,3,137,0,140,242,0,242,382
02/01/2003,HWD,CA,AWP,WE,Towers with Display (VFR),0,0,18,0,18,0,0,80,0,80,0,0,98,0,98,176,0,176,274
02/02/2003,HWD,CA,AWP,WE,Towers with Display (VFR),0,0,12,0,12,0,1,212,0,213,0,1,224,0,225,258,0,258,483
02/03/2003,HWD,CA,AWP,WE,Towers with Display (VFR),0,3,14,0,17,0,4,167,0,171,0,7,181,0,188,148,0,148,336
02/04/2003,HWD,CA,AWP,WE,Towers with Display (VFR),0,1,20,0,21,0,3,130,0,133,0,4,150,0,154,176,0,176,330
02/05/2003,HWD,CA,AWP,WE,Towers with Display (VFR),0,2,25,0,27,0,3,144,0,147,0,5,169,0,174,124,0,124,298
02/06/2003,HWD,CA,AWP,WE,Towers with Display (VFR),0,1,12,0,13,0,1,148,0,149,0,2,160,0,162,144,8,152,314
02/07/2003,HWD,CA,AWP,WE,Towers with Display (VFR),0,2,25,0,27,0,1,148,0,149,0,3,173,0,176,160,0,160,336
02/08/2003,HWD,CA,AWP,WE,Towers with Display (VFR),0,0,9,0,9,0,0,191,0,191,0,0,200,0,200,188,0,188,388
02/09/2003,HWD,CA,AWP,WE,Towers with Display (VFR),0,4,15,0,19,0,0,185,0,185,0,4,200,0,204,240,0,240,444
02/10/2003,HWD,CA,AWP,WE,Towers with Display (VFR),0,1,11,0,12,0,2,179,0,181,0,3,190,0,193,208,0,208,401
02/11/2003,HWD,CA,AWP,WE,Towers with Display (VFR),0,0,30,0,30,0,0,132,0,132,0,0,162,0,162,184,0,184,346
02/12/2003,HWD,CA,AWP,WE,Towers with Display (VFR),0,4,25,0,29,0,2,69,0,71,0,6,94,0,100,132,0,132,232
02/13/2003,HWD,CA,AWP,WE,Towers with Display (VFR),0,2,34,0,36,0,1,78,0,79,0,3,112,0,115,122,0,122,237
02/14/2003,HWD,CA,AWP,WE,Towers with Display (VFR),0,0,44,0,44,0,0,131,0,131,0,0,175,0,175,350,0,350,525
02/15/2003,HWD,CA,AWP,WE,Towers with Display (VFR),0,0,15,0,15,0,0,129,0,129,0,0,144,0,144,404,0,404,548
02/16/2003,HWD,CA,AWP,WE,Towers with Display (VFR),0,1,13,0,14,0,0,133,0,133,0,1,146,0,147,310,0,310,457
02/17/2003,HWD,CA,AWP,WE,Towers with Display (VFR),0,1,32,0,33,0,0,138,0,138,0,1,170,0,171,260,0,260,431
02/18/2003,HWD,CA,AWP,WE,Towers with Display (VFR),0,4,21,0,25,0,1,182,0,183,0,5,203,0,208,306,0,306,514
02/19/2003,HWD,CA,AWP,WE,Towers with Display (VFR),0,7,12,0,19,0,3,98,0,101,0,10,110,0,120,222,0,222,342
02/20/2003,HWD,CA,AWP,WE,Towers with Display (VFR),0,4,18,0,22,0,3,172,0,175,0,7,190,0,197,246,0,246,443
02/21/2003,HWD,CA,AWP,WE,Towers with Display (VFR),0,2,25,0,27,0,2,188,0,190,0,4,213,0,217,184,0,184,401
02/22/2003,HWD,CA,AWP,WE,Towers with Display (VFR),0,1,22,0,23,0,0,180,0,180,0,1,202,0,203,238,0,238,441
02/23/2003,HWD,CA,AWP,WE,Towers with Display (VFR),0,0,21,0,21,0,0,207,0,207,0,0,228,0,228,296,0,296,524
02/24/2003,HWD,CA,AWP,WE,Towers with Display (VFR),0,4,16,0,20,0,1,151,0,152,0,5,167,0,172,172,0,172,344
02/25/2003,HWD,CA,AWP,WE,Towers with Display (VFR),0,4,27,0,31,0,1,219,1,221,0,5,246,1,252,318,0,318,570
02/26/2003,HWD,CA,AWP,WE,Towers with Display (VFR),0,3,43,0,46,0,1,129,0,130,0,4,172,0,176,358,0,358,534
02/27/2003,HWD,CA,AWP,WE,Towers with Display (VFR),0,5,31,0,36,0,0,170,0,170,0,5,201,0,206,316,0,316,522
02/28/2003,HWD,CA,AWP,WE,Towers with Display (VFR),0,3,28,0,31,0,1,143,0,144,0,4,171,0,175,208,0,208,383
03/01/2003,HWD,CA,AWP,WE,Towers with Display (VFR),0,0,18,0,18,0,0,167,0,167,0,0,185,0,185,306,0,306,491
03/02/2003,HWD,CA,AWP,WE,Towers with Display (VFR),0,0,19,0,19,0,0,204,0,204,0,0,223,0,223,402,0,402,625
03/03/2003,HWD,CA,AWP,WE,Towers with Display (VFR),0,3,26,0,29,0,1,134,0,135,0,4,160,0,164,174,0,174,338
03/04/2003,HWD,CA,AWP,WE,Towers with Display (VFR),0,3,30,0,33,0,3,150,0,153,0,6,180,0,186,238,0,238,424
03/05/2003,HWD,CA,AWP,WE,Towers with Display (VFR),0,6,19,0,25,0,0,183,0,183,0,6,202,0,208,298,0,298,506
03/06/2003,HWD,CA,AWP,WE,Towers with Display (VFR),0,5,17,0,22,0,1,178,0,179,0,6,195,0,201,278,0,278,479
03/07/2003,HWD,CA,AWP,WE,Towers with Display (VFR),0,1,16,0,17,0,0,188,0,188,0,1,204,0,205,176,0,176,381
03/08/2003,HWD,CA,AWP,WE,Towers with Display (VFR),0,0,19,0,19,0,0,192,0,192,0,0,211,0,211,336,0,336,547
03/09/2003,HWD,CA,AWP,WE,Towers with Display (VFR),0,1,11,0,12,0,0,157,0,157,0,1,168,0,169,240,0,240,409
03/10/2003,HWD,CA,AWP,WE,Towers with Display (VFR),0,5,10,0,15,0,0,138,0,138,0,5,148,0,153,136,0,136,289
03/11/2003,HWD,CA,AWP,WE,Towers with Display (VFR),0,7,45,0,52,0,1,89,0,90,0,8,134,0,142,150,0,150,292
03/12/2003,HWD,CA,AWP,WE,Towers with Display (VFR),0,4,42,0,46,0,2,152,0,154,0,6,194,0,200,254,0,254,454
03/13/2003,HWD,CA,AWP,WE,Towers with Display (VFR),0,3,20,0,23,0,1,77,0,78,0,4,97,0,101,202,0,202,303
03/14/2003,HWD,CA,AWP,WE,Towers with Display (VFR),0,0,11,0,11,0,0,64,0,64,0,0,75,0,75,122,0,122,197
03/15/2003,HWD,CA,AWP,WE,Towers with Display (VFR),0,0,11,0,11,0,0,61,0,61,0,0,72,0,72,218,0,218,290
03/16/2003,HWD,CA,AWP,WE,Towers with Display (VFR),0,0,17,0,17,0,0,48,0,48,0,0,65,0,65,138,0,138,203
03/17/2003,HWD,CA,AWP,WE,Towers with Display (VFR),0,3,24,0,27,0,1,123,0,124,0,4,147,0,151,182,0,182,333
03/18/2003,HWD,CA,AWP,WE,Towers with Display (VFR),0,2,18,0,20,0,1,153,0,154,0,3,171,0,174,182,0,182,356
03/19/2003,HWD,CA,AWP,WE,Towers with Display (VFR),0,3,24,0,27,0,0,221,0,221,0,3,245,0,248,360,0,360,608
03/20/2003,HWD,CA,AWP,WE,Towers with Display (VFR),0,3,17,0,20,0,1,135,0,136,0,4,152,0,156,180,0,180,336
03/21/2003,HWD,CA,AWP,WE,Towers with Display (VFR),0,2,15,0,17,0,1,183,0,184,0,3,198,0,201,184,0,184,385
03/22/2003,HWD,CA,AWP,WE,Towers with Display (VFR),0,1,33,0,34,0,0,118,0,118,0,1,151,0,152,290,0,290,442
03/23/2003,HWD,CA,AWP,WE,Towers with Display (VFR),0,0,16,0,16,0,0,153,0,153,0,0,169,0,169,264,0,264,433
03/24/2003,HWD,CA,AWP,WE,Towers with Display (VFR),0,2,19,0,21,0,2,200,0,202,0,4,219,0,223,284,0,284,507
03/25/2003,HWD,CA,AWP,WE,Towers with Display (VFR),0,1,21,0,22,0,1,182,0,183,0,2,203,0,205,266,0,266,471
03/26/2003,HWD,CA,AWP,WE,Towers with Display (VFR),0,0,39,0,39,0,1,113,0,114,0,1,152,0,153,108,0,108,261
03/27/2003,HWD,CA,AWP,WE,Towers with Display (VFR),0,2,33,0,35,0,3,153,0,156,0,5,186,0,191,168,0,168,359
03/28/2003,HWD,CA,AWP,WE,Towers with Display (VFR),0,0,27,0,27,0,0,171,0,171,0,0,198,0,198,194,0,194,392
03/29/2003,HWD,CA,AWP,WE,Towers with Display (VFR),0,0,6,0,6,0,0,270,0,270,0,0,276,0,276,398,0,398,674
03/30/2003,HWD,CA,AWP,WE,Towers with Display (VFR),0,0,17,0,17,0,0,178,0,178,0,0,195,0,195,140,0,140,335
03/31/2003,HWD,CA,AWP,WE,Towers with Display (VFR),0,1,22,0,23,0,1,154,0,155,0,2,176,0,178,174,0,174,352
04/01/2003,HWD,CA,AWP,WE,Towers with Display (VFR),0,2,23,0,25,0,0,99,0,99,0,2,122,0,124,116,0,116,240
04/02/2003,HWD,CA,AWP,WE,Towers with Display (VFR),0,3,33,0,36,0,1,124,0,125,0,4,157,0,161,109,0,109,270
04/03/2003,HWD,CA,AWP,WE,Towers with Display (VFR),0,6,21,0,27,0,2,166,0,168,0,8,187,0,195,216,0,216,411
04/04/2003,HWD,CA,AWP,WE,Towers with Display (VFR),0,1,19,0,20,0,0,110,0,110,0,1,129,0,130,322,0,322,452
04/05/2003,HWD,CA,AWP,WE,Towers with Display (VFR),0,1,16,0,17,0,1,175,0,176,0,2,191,0,193,268,0,268,461
04/06/2003,HWD,CA,AWP,WE,Towers with Display (VFR),0,0,23,0,23,0,0,168,0,168,0,0,191,0,191,380,0,380,571
04/07/2003,HWD,CA,AWP,WE,Towers with Display (VFR),0,1,22,0,23,0,1,196,0,197,0,2,218,0,220,392,0,392,612
04/08/2003,HWD,CA,AWP,WE,Towers with Display (VFR),0,3,19,0,22,0,2,196,0,198,0,5,215,0,220,286,0,286,506
04/09/2003,HWD,CA,AWP,WE,Towers with Display (VFR),0,2,14,0,16,0,1,212,0,213,0,3,226,0,229,348,0,348,577
04/10/2003,HWD,CA,AWP,WE,Towers with Display (VFR),0,1,17,0,18,0,1,161,0,162,0,2,178,0,180,390,0,390,570
04/11/2003,HWD,CA,AWP,WE,Towers with Display (VFR),0,1,19,0,20,0,0,187,0,187,0,1,206,0,207,377,0,377,584
04/12/2003,HWD,CA,AWP,WE,Towers with Display (VFR),0,1,14,0,15,0,0,19,0,19,0,1,33,0,34,60,0,60,94
04/13/2003,HWD,CA,AWP,WE,Towers with Display (VFR),0,0,7,0,7,0,0,56,0,56,0,0,63,0,63,132,0,132,195
04/14/2003,HWD,CA,AWP,WE,Towers with Display (VFR),0,1,12,0,13,0,1,98,0,99,0,2,110,0,112,102,0,102,214
04/15/2003,HWD,CA,AWP,WE,Towers with Display (VFR),0,0,21,0,21,0,0,145,0,145,0,0,166,0,166,378,0,378,544
04/16/2003,HWD,CA,AWP,WE,Towers with Display (VFR),0,1,23,0,24,0,1,139,2,142,0,2,162,2,166,258,0,258,424
04/17/2003,HWD,CA,AWP,WE,Towers with Display (VFR),0,3,13,0,16,0,2,115,0,117,0,5,128,0,133,198,0,198,331
04/18/2003,HWD,CA,AWP,WE,Towers with Display (VFR),0,0,14,0,14,0,0,193,0,193,0,0,207,0,207,358,0,358,565
04/19/2003,HWD,CA,AWP,WE,Towers with Display (VFR),0,0,13,0,13,0,0,176,0,176,0,0,189,0,189,292,0,292,481
04/20/2003,HWD,CA,AWP,WE,Towers with Display (VFR),0,1,15,0,16,0,0,96,0,96,0,1,111,0,112,258,0,258,370
04/21/2003,HWD,CA,AWP,WE,Towers with Display (VFR),0,3,21,0,24,0,2,104,0,106,0,5,125,0,130,176,0,176,306
04/22/2003,HWD,CA,AWP,WE,Towers with Display (VFR),0,1,25,0,26,0,1,198,0,199,0,2,223,0,225,218,0,218,443
04/23/2003,HWD,CA,AWP,WE,Towers with Display (VFR),0,0,25,0,25,0,2,181,0,183,0,2,206,0,208,354,0,354,562
04/24/2003,HWD,CA,AWP,WE,Towers with Display (VFR),0,1,30,0,31,0,2,69,0,71,0,3,99,0,102,154,0,154,256
04/25/2003,HWD,CA,AWP,WE,Towers with Display (VFR),0,1,24,0,25,0,0,79,0,79,0,1,103,0,104,102,0,102,206
04/26/2003,HWD,CA,AWP,WE,Towers with Display (VFR),0,0,18,0,18,0,0,168,0,168,0,0,186,0,186,292,0,292,478
04/27/2003,HWD,CA,AWP,WE,Towers with Display (VFR),0,1,23,0,24,0,0,226,0,226,0,1,249,0,250,282,0,282,532
04/28/2003,HWD,CA,AWP,WE,Towers with Display (VFR),0,3,13,0,16,0,0,121,0,121,0,3,134,0,137,296,0,296,433
04/29/2003,HWD,CA,AWP,WE,Towers with Display (VFR),0,1,26,0,27,0,3,124,0,127,0,4,150,0,154,294,0,294,448
04/30/2003,HWD,CA,AWP,WE,Towers with Display (VFR),0,2,19,0,21,0,2,163,0,165,0,4,182,0,186,242,0,242,428
05/01/2003,HWD,CA,AWP,WE,Towers with Display (VFR),0,0,33,0,33,0,2,151,0,153,0,2,184,0,186,218,0,218,404
05/02/2003,HWD,CA,AWP,WE,Towers with Display (VFR),0,4,34,0,38,0,0,66,0,66,0,4,100,0,104,36,0,36,140
05/03/2003,HWD,CA,AWP,WE,Towers with Display (VFR),0,0,24,0,24,0,0,86,0,86,0,0,110,0,110,200,0,200,310
05/04/2003,HWD,CA,AWP,WE,Towers with Display (VFR),0,3,34,0,37,0,0,95,0,95,0,3,129,0,132,276,0,276,408
05/05/2003,HWD,CA,AWP,WE,Towers with Display (VFR),0,0,17,0,17,0,8,200,0,208,0,8,217,0,225,298,0,298,523
05/06/2003,HWD,CA,AWP,WE,Towers with Display (VFR),0,1,26,0,27,0,2,138,0,140,0,3,164,0,167,252,0,252,419
05/07/2003,HWD,CA,AWP,WE,Towers with Display (VFR),0,0,28,0,28,0,3,118,0,121,0,3,146,0,149,202,0,202,351
05/08/2003,HWD,CA,AWP,WE,Towers with Display (VFR),0,3,22,0,25,0,1,112,0,113,0,4,134,0,138,130,0,130,268
05/09/2003,HWD,CA,AWP,WE,Towers with Display (VFR),0,0,19,0,19,0,0,183,0,183,0,0,202,0,202,130,0,130,332
05/10/2003,HWD,CA,AWP,WE,Towers with Display (VFR),0,3,24,0,27,0,0,294,0,294,0,3,318,0,321,400,0,400,721
05/11/2003,HWD,CA,AWP,WE,Towers with Display (VFR),0,0,16,0,16,0,0,201,0,201,0,0,217,0,217,302,0,302,519
05/12/2003,HWD,CA,AWP,WE,Towers with Display (VFR),0,0,12,0,12,0,2,182,1,185,0,2,194,1,197,128,0,128,325
05/13/2003,HWD,CA,AWP,WE,Towers with Display (VFR),0,2,25,0,27,0,1,213,0,214,0,3,238,0,241,242,0,242,483
05/14/2003,HWD,CA,AWP,WE,Towers with Display (VFR),0,0,35,0,35,0,2,68,0,70,0,2,103,0,105,148,0,148,253
05/15/2003,HWD,CA,AWP,WE,Towers with Display (VFR),0,6,32,0,38,0,5,154,0,159,0,11,186,0,197,96,0,96,293
05/16/2003,HWD,CA,AWP,WE,Towers with Display (VFR),0,2,19,0,21,0,0,248,0,248,0,2,267,0,269,350,0,350,619
05/17/2003,HWD,CA,AWP,WE,Towers with Display (VFR),0,0,25,0,25,0,0,162,0,162,0,0,187,0,187,216,0,216,403
05/18/2003,HWD,CA,AWP,WE,Towers with Display (VFR),0,0,22,0,22,0,0,230,0,230,0,0,252,0,252,221,0,221,473
05/19/2003,HWD,CA,AWP,WE,Towers with Display (VFR),0,1,30,0,31,0,2,182,0,184,0,3,212,0,215,208,0,208,423
05/20/2003,HWD,CA,AWP,WE,Towers with Display (VFR),0,1,25,0,26,0,2,184,0,186,0,3,209,0,212,158,0,158,370
05/21/2003,HWD,CA,AWP,WE,Towers with Display (VFR),0,4,11,0,15,0,2,226,0,228,0,6,237,0,243,234,0,234,477
05/22/2003,HWD,CA,AWP,WE,Towers with Display (VFR),0,0,39,0,39,0,2,177,8,187,0,2,216,8,226,222,0,222,448
05/23/2003,HWD,CA,AWP,WE,Towers with Display (VFR),0,0,37,0,37,0,0,162,0,162,0,0,199,0,199,164,0,164,363
05/24/2003,HWD,CA,AWP,WE,Towers with Display (VFR),0,0,42,0,42,0,0,40,0,40,0,0,82,0,82,142,0,142,224
05/25/2003,HWD,CA,AWP,WE,Towers with Display (VFR),0,2,25,0,27,0,0,153,0,153,0,2,178,0,180,542,0,542,722
05/26/2003,HWD,CA,AWP,WE,Towers with Display (VFR),0,2,14,0,16,0,0,257,0,257,0,2,271,0,273,272,0,272,545
05/27/2003,HWD,CA,AWP,WE,Towers with Display (VFR),0,2,26,0,28,0,2,192,0,194,0,4,218,0,222,152,0,152,374
05/28/2003,HWD,CA,AWP,WE,Towers with Display (VFR),0,2,17,0,19,0,2,202,0,204,0,4,219,0,223,298,0,298,521
05/29/2003,HWD,CA,AWP,WE,Towers with Display (VFR),0,1,28,0,29,0,1,144,0,145,0,2,172,0,174,206,0,206,380
05/30/2003,HWD,CA,AWP,WE,Towers with Display (VFR),0,3,28,0,31,0,1,184,0,185,0,4,212,0,216,292,0,292,508
05/31/2003,HWD,CA,AWP,WE,Towers with Display (VFR),0,0,24,0,24,0,0,200,0,200,0,0,224,0,224,242,0,242,466
06/01/2003,HWD,CA,AWP,WE,Towers with Display (VFR),0,1,7,0,8,0,0,188,0,188,0,1,195,0,196,262,0,262,458
06/02/2003,HWD,CA,AWP,WE,Towers with Display (VFR),0,0,18,0,18,0,4,226,0,230,0,4,244,0,248,318,0,318,566
06/03/2003,HWD,CA,AWP,WE,Towers with Display (VFR),0,1,19,0,20,0,3,212,0,215,0,4,231,0,235,356,0,356,591
06/04/2003,HWD,CA,AWP,WE,Towers with Display (VFR),0,6,37,0,43,0,0,169,0,169,0,6,206,0,212,236,0,236,448
06/05/2003,HWD,CA,AWP,WE,Towers with Display (VFR),0,4,41,0,45,0,3,146,2,151,0,7,187,2,196,320,0,320,516
06/06/2003,HWD,CA,AWP,WE,Towers with Display (VFR),0,1,20,0,21,0,0,192,0,192,0,1,212,0,213,250,0,250,463
06/07/2003,HWD,CA,AWP,WE,Towers with Display (VFR),0,2,28,0,30,0,0,127,0,127,0,2,155,0,157,286,0,286,443
06/08/2003,HWD,CA,AWP,WE,Towers with Display (VFR),0,4,49,0,53,0,0,77,0,77,0,4,126,0,130,130,0,130,260
06/09/2003,HWD,CA,AWP,WE,Towers with Display (VFR),0,0,41,0,41,0,0,143,0,143,0,0,184,0,184,148,0,148,332
06/10/2003,HWD,CA,AWP,WE,Towers with Display (VFR),0,1,30,0,31,0,4,168,0,172,0,5,198,0,203,242,0,242,445
06/11/2003,HWD,CA,AWP,WE,Towers with Display (VFR),0,2,38,0,40,0,2,139,0,141,0,4,177,0,181,276,0,276,457
06/12/2003,HWD,CA,AWP,WE,Towers with Display (VFR),0,1,51,2,54,0,2,88,0,90,0,3,139,2,144,158,0,158,302
06/13/2003,HWD,CA,AWP,WE,Towers with Display (VFR),0,2,34,0,36,0,0,158,0,158,0,2,192,0,194,332,0,332,526
06/14/2003,HWD,CA,AWP,WE,Towers with Display (VFR),0,2,15,0,17,0,0,188,0,188,0,2,203,0,205,358,0,358,563
06/15/2003,HWD,CA,AWP,WE,Towers with Display (VFR),0,1,15,0,16,0,0,188,0,188,0,1,203,0,204,234,0,234,438
06/16/2003,HWD,CA,AWP,WE,Towers with Display (VFR),0,3,21,0,24,0,5,192,0,197,0,8,213,0,221,274,0,274,495
06/17/2003,HWD,CA,AWP,WE,Towers with Display (VFR),0,2,43,1,46,0,2,136,5,143,0,4,179,6,189,238,0,238,427
06/18/2003,HWD,CA,AWP,WE,Towers with Display (VFR),0,4,41,0,45,0,5,192,0,197,0,9,233,0,242,246,0,246,488
06/19/2003,HWD,CA,AWP,WE,Towers with Display (VFR),0,3,22,0,25,0,2,177,0,179,0,5,199,0,204,274,0,274,478
06/20/2003,HWD,CA,AWP,WE,Towers with Display (VFR),0,1,24,0,25,0,0,158,0,158,0,1,182,0,183,312,0,312,495
06/21/2003,HWD,CA,AWP,WE,Towers with Display (VFR),0,1,17,0,18,0,0,195,0,195,0,1,212,0,213,356,0,356,569
06/22/2003,HWD,CA,AWP,WE,Towers with Display (VFR),0,0,12,0,12,0,0,169,0,169,0,0,181,0,181,246,0,246,427
06/23/2003,HWD,CA,AWP,WE,Towers with Display (VFR),0,2,18,0,20,0,2,177,0,179,0,4,195,0,199,250,0,250,449
06/24/2003,HWD,CA,AWP,WE,Towers with Display (VFR),0,0,20,0,20,0,3,210,10,223,0,3,230,10,243,274,0,274,517
06/25/2003,HWD,CA,AWP,WE,Towers with Display (VFR),0,0,16,0,16,0,2,205,10,217,0,2,221,10,233,202,0,202,435
06/26/2003,HWD,CA,AWP,WE,Towers with Display (VFR),0,0,9,0,9,0,2,170,0,172,0,2,179,0,181,290,0,290,471
06/27/2003,HWD,CA,AWP,WE,Towers with Display (VFR),0,2,22,0,24,0,0,153,0,153,0,2,175,0,177,110,0,110,287
06/28/2003,HWD,CA,AWP,WE,Towers with Display (VFR),0,0,9,0,9,0,0,182,0,182,0,0,191,0,191,240,0,240,431
06/29/2003,HWD,CA,AWP,WE,Towers with Display (VFR),0,1,17,0,18,0,0,208,0,208,0,1,225,0,226,310,0,310,536
06/30/2003,HWD,CA,AWP,WE,Towers with Display (VFR),0,1,21,0,22,0,0,123,0,123,0,1,144,0,145,224,0,224,369
07/01/2003,HWD,CA,AWP,WE,Towers with Display (VFR),0,0,9,0,9,0,0,183,8,191,0,0,192,8,200,218,0,218,418
07/02/2003,HWD,CA,AWP,WE,Towers with Display (VFR),0,3,19,0,22,0,1,195,0,196,0,4,214,0,218,322,0,322,540
07/03/2003,HWD,CA,AWP,WE,Towers with Display (VFR),0,1,17,0,18,0,3,207,0,210,0,4,224,0,228,198,0,198,426
07/04/2003,HWD,CA,AWP,WE,Towers with Display (VFR),0,0,7,0,7,0,0,154,0,154,0,0,161,0,161,218,0,218,379
07/05/2003,HWD,CA,AWP,WE,Towers with Display (VFR),0,0,8,0,8,0,0,180,0,180,0,0,188,0,188,312,0,312,500
07/06/2003,HWD,CA,AWP,WE,Towers with Display (VFR),0,0,44,0,44,0,0,105,0,105,0,0,149,0,149,266,0,266,415
07/07/2003,HWD,CA,AWP,WE,Towers with Display (VFR),0,2,43,0,45,0,2,89,0,91,0,4,132,0,136,106,0,106,242
07/08/2003,HWD,CA,AWP,WE,Towers with Display (VFR),0,1,15,0,16,0,2,148,0,150,0,3,163,0,166,160,0,160,326
07/09/2003,HWD,CA,AWP,WE,Towers with Display (VFR),0,1,12,0,13,0,2,184,0,186,0,3,196,0,199,192,0,192,391
07/10/2003,HWD,CA,AWP,WE,Towers with Display (VFR),0,3,19,0,22,0,2,203,0,205,0,5,222,0,227,258,0,258,485
07/11/2003,HWD,CA,AWP,WE,Towers with Display (VFR),0,2,40,0,42,0,0,152,0,152,0,2,192,0,194,226,4,230,424
07/12/2003,HWD,CA,AWP,WE,Towers with Display (VFR),0,0,20,0,20,0,0,240,0,240,0,0,260,0,260,316,0,316,576
07/13/2003,HWD,CA,AWP,WE,Towers with Display (VFR),0,7,28,0,35,0,1,219,1,221,0,8,247,1,256,338,0,338,594
07/14/2003,HWD,CA,AWP,WE,Towers with Display (VFR),0,0,14,0,14,0,2,233,0,235,0,2,247,0,249,174,0,174,423
07/15/2003,HWD,CA,AWP,WE,Towers with Display (VFR),0,2,41,0,43,0,5,173,4,182,0,7,214,4,225,302,0,302,527
07/16/2003,HWD,CA,AWP,WE,Towers with Display (VFR),0,0,13,0,13,0,3,181,0,184,0,3,194,0,197,384,0,384,581
07/17/2003,HWD,CA,AWP,WE,Towers with Display (VFR),0,4,10,0,14,0,3,200,0,203,0,7,210,0,217,210,0,210,427
07/18/2003,HWD,CA,AWP,WE,Towers with Display (VFR),0,3,10,0,13,0,0,201,0,201,0,3,211,0,214,290,0,290,504
07/19/2003,HWD,CA,AWP,WE,Towers with Display (VFR),0,1,14,0,15,0,0,197,0,197,0,1,211,0,212,316,0,316,528
07/20/2003,HWD,CA,AWP,WE,Towers with Display (VFR),0,3,15,1,19,0,0,190,0,190,0,3,205,1,209,328,0,328,537
07/21/2003,HWD,CA,AWP,WE,Towers with Display (VFR),0,1,25,0,26,0,2,198,0,200,0,3,223,0,226,292,0,292,518
07/22/2003,HWD,CA,AWP,WE,Towers with Display (VFR),0,1,34,0,35,0,1,195,0,196,0,2,229,0,231,292,0,292,523
07/23/2003,HWD,CA,AWP,WE,Towers with Display (VFR),0,7,47,0,54,0,1,222,0,223,0,8,269,0,277,280,0,280,557
07/24/2003,HWD,CA,AWP,WE,Towers with Display (VFR),0,1,23,0,24,0,0,176,0,176,0,1,199,0,200,302,0,302,502
07/25/2003,HWD,CA,AWP,WE,Towers with Display (VFR),0,3,35,0,38,0,0,165,0,165,0,3,200,0,203,242,0,242,445
07/26/2003,HWD,CA,AWP,WE,Towers with Display (VFR),0,2,17,0,19,0,0,100,0,100,0,2,117,0,119,218,0,218,337
07/27/2003,HWD,CA,AWP,WE,Towers with Display (VFR),0,2,20,0,22,0,0,133,0,133,0,2,153,0,155,352,0,352,507
07/28/2003,HWD,CA,AWP,WE,Towers with Display (VFR),0,2,21,0,23,0,3,184,0,187,0,5,205,0,210,226,0,226,436
07/29/2003,HWD,CA,AWP,WE,Towers with Display (VFR),0,1,42,0,43,0,2,164,0,166,0,3,206,0,209,254,0,254,463
07/30/2003,HWD,CA,AWP,WE,Towers with Display (VFR),0,2,11,0,13,0,2,254,0,256,0,4,265,0,269,232,0,232,501
07/31/2003,HWD,CA,AWP,WE,Towers with Display (VFR),0,1,25,0,26,0,0,163,0,163,0,1,188,0,189,312,0,312,501
08/01/2003,HWD,CA,AWP,WE,Towers with Display (VFR),0,1,29,0,30,0,0,147,0,147,0,1,176,0,177,298,0,298,475
08/02/2003,HWD,CA,AWP,WE,Towers with Display (VFR),0,7,15,0,22,0,0,160,0,160,0,7,175,0,182,362,0,362,544
08/03/2003,HWD,CA,AWP,WE,Towers with Display (VFR),0,3,21,0,24,0,0,153,0,153,0,3,174,0,177,256,0,256,433
08/04/2003,HWD,CA,AWP,WE,Towers with Display (VFR),0,0,16,0,16,0,0,184,0,184,0,0,200,0,200,248,0,248,448
08/05/2003,HWD,CA,AWP,WE,Towers with Display (VFR),0,2,19,0,21,0,4,165,0,169,0,6,184,0,190,260,0,260,450
08/06/2003,HWD,CA,AWP,WE,Towers with Display (VFR),0,4,29,0,33,0,2,194,0,196,0,6,223,0,229,194,0,194,423
08/07/2003,HWD,CA,AWP,WE,Towers with Display (VFR),0,4,17,0,21,0,1,186,0,187,0,5,203,0,208,278,0,278,486
08/08/2003,HWD,CA,AWP,WE,Towers with Display (VFR),0,1,25,0,26,0,0,167,0,167,0,1,192,0,193,192,0,192,385
08/09/2003,HWD,CA,AWP,WE,Towers with Display (VFR),0,3,9,0,12,0,0,149,0,149,0,3,158,0,161,254,0,254,415
08/10/2003,HWD,CA,AWP,WE,Towers with Display (VFR),0,1,9,0,10,0,0,176,0,176,0,1,185,0,186,194,0,194,380
08/11/2003,HWD,CA,AWP,WE,Towers with Display (VFR),0,2,17,0,19,0,4,143,0,147,0,6,160,0,166,76,0,76,242
08/12/2003,HWD,CA,AWP,WE,Towers with Display (VFR),0,4,29,0,33,0,1,170,0,171,0,5,199,0,204,293,0,293,497
08/13/2003,HWD,CA,AWP,WE,Towers with Display (VFR),0,3,14,0,17,0,2,152,0,154,0,5,166,0,171,138,0,138,309
08/14/2003,HWD,CA,AWP,WE,Towers with Display (VFR),0,3,26,0,29,0,3,159,0,162,0,6,185,0,191,208,0,208,399
08/15/2003,HWD,CA,AWP,WE,Towers with Display (VFR),0,3,21,0,24,0,0,192,0,192,0,3,213,0,216,222,0,222,438
08/16/2003,HWD,CA,AWP,WE,Towers with Display (VFR),0,2,4,0,6,0,0,146,0,146,0,2,150,0,152,312,0,312,464
08/17/2003,HWD,CA,AWP,WE,Towers with Display (VFR),0,4,17,0,21,0,0,171,0,171,0,4,188,0,192,340,0,340,532
08/18/2003,HWD,CA,AWP,WE,Towers with Display (VFR),0,3,9,1,13,0,1,146,0,147,0,4,155,1,160,220,0,220,380
08/19/2003,HWD,CA,AWP,WE,Towers with Display (VFR),0,0,26,0,26,0,0,173,0,173,0,0,199,0,199,344,0,344,543
08/20/2003,HWD,CA,AWP,WE,Towers with Display (VFR),0,1,24,0,25,0,2,154,0,156,0,3,178,0,181,264,0,264,445
08/21/2003,HWD,CA,AWP,WE,Towers with Display (VFR),0,1,21,0,22,0,2,125,0,127,0,3,146,0,149,202,0,202,351
08/22/2003,HWD,CA,AWP,WE,Towers with Display (VFR),0,3,20,0,23,0,0,165,0,165,0,3,185,0,188,205,0,205,393
08/23/2003,HWD,CA,AWP,WE,Towers with Display (VFR),0,3,12,0,15,0,0,205,0,205,0,3,217,0,220,234,0,234,454
08/24/2003,HWD,CA,AWP,WE,Towers with Display (VFR),0,0,16,0,16,0,0,196,0,196,0,0,212,0,212,228,0,228,440
08/25/2003,HWD,CA,AWP,WE,Towers with Display (VFR),0,2,18,0,20,0,3,221,0,224,0,5,239,0,244,142,0,142,386
08/26/2003,HWD,CA,AWP,WE,Towers with Display (VFR),0,1,12,0,13,0,2,197,0,199,0,3,209,0,212,178,0,178,390
08/27/2003,HWD,CA,AWP,WE,Towers with Display (VFR),0,5,21,0,26,0,1,191,0,192,0,6,212,0,218,358,0,358,576
08/28/2003,HWD,CA,AWP,WE,Towers with Display (VFR),0,4,43,0,47,0,2,109,0,111,0,6,152,0,158,205,0,205,363
08/29/2003,HWD,CA,AWP,WE,Towers with Display (VFR),0,3,24,0,27,0,0,212,0,212,0,3,236,0,239,172,0,172,411
08/30/2003,HWD,CA,AWP,WE,Towers with Display (VFR),0,4,23,0,27,0,0,181,2,183,0,4,204,2,210,336,0,336,546
08/31/2003,HWD,CA,AWP,WE,Towers with Display (VFR),0,3,12,0,15,0,0,120,0,120,0,3,132,0,135,276,0,276,411
09/01/2003,HWD,CA,AWP,WE,Towers with Display (VFR),0,2,20,0,22,0,0,241,0,241,0,2,261,0,263,398,0,398,661
09/02/2003,HWD,CA,AWP,WE,Towers with Display (VFR),0,2,31,0,33,0,2,151,0,153,0,4,182,0,186,228,0,228,414
09/03/2003,HWD,CA,AWP,WE,Towers with Display (VFR),0,2,20,0,22,0,3,149,0,152,0,5,169,0,174,288,0,288,462
09/04/2003,HWD,CA,AWP,WE,Towers with Display (VFR),0,2,31,0,33,0,2,167,0,169,0,4,198,0,202,242,0,242,444
09/05/2003,HWD,CA,AWP,WE,Towers with Display (VFR),0,5,19,0,24,0,0,188,1,189,0,5,207,1,213,206,0,206,419
09/06/2003,HWD,CA,AWP,WE,Towers with Display (VFR),0,1,4,0,5,0,0,186,0,186,0,1,190,0,191,386,0,386,577
09/07/2003,HWD,CA,AWP,WE,Towers with Display (VFR),0,0,31,0,31,0,0,115,0,115,0,0,146,0,146,380,0,380,526
09/08/2003,HWD,CA,AWP,WE,Towers with Display (VFR),0,4,17,1,22,0,2,199,0,201,0,6,216,1,223,258,0,258,481
09/09/2003,HWD,CA,AWP,WE,Towers with Display (VFR),0,2,26,0,28,0,0,134,0,134,0,2,160,0,162,386,0,386,548
09/10/2003,HWD,CA,AWP,WE,Towers with Display (VFR),0,1,31,0,32,0,1,188,0,189,0,2,219,0,221,300,0,300,521
09/11/2003,HWD,CA,AWP,WE,Towers with Display (VFR),0,1,17,0,18,0,1,191,0,192,0,2,208,0,210,236,0,236,446
09/12/2003,HWD,CA,AWP,WE,Towers with Display (VFR),0,3,19,0,22,0,1,197,0,198,0,4,216,0,220,216,0,216,436
09/13/2003,HWD,CA,AWP,WE,Towers with Display (VFR),0,0,9,0,9,0,1,212,0,213,0,1,221,0,222,282,0,282,504
09/14/2003,HWD,CA,AWP,WE,Towers with Display (VFR),0,2,16,0,18,0,0,253,0,253,0,2,269,0,271,280,0,280,551
09/15/2003,HWD,CA,AWP,WE,Towers with Display (VFR),0,4,22,0,26,0,1,194,0,195,0,5,216,0,221,304,0,304,525
09/16/2003,HWD,CA,AWP,WE,Towers with Display (VFR),0,5,14,0,19,0,1,226,0,227,0,6,240,0,246,374,0,374,620
09/17/2003,HWD,CA,AWP,WE,Towers with Display (VFR),0,0,13,0,13,0,3,194,0,197,0,3,207,0,210,244,0,244,454
09/18/2003,HWD,CA,AWP,WE,Towers with Display (VFR),0,2,14,0,16,0,2,169,0,171,0,4,183,0,187,202,0,202,389
09/19/2003,HWD,CA,AWP,WE,Towers with Display (VFR),0,0,24,0,24,0,5,197,0,202,0,5,221,0,226,354,0,354,580
09/20/2003,HWD,CA,AWP,WE,Towers with Display (VFR),0,1,10,0,11,0,0,208,0,208,0,1,218,0,219,368,0,368,587
09/21/2003,HWD,CA,AWP,WE,Towers with Display (VFR),0,1,18,0,19,0,0,184,0,184,0,1,202,0,203,316,0,316,519
09/22/2003,HWD,CA,AWP,WE,Towers with Display (VFR),0,2,13,0,15,0,1,185,0,186,0,3,198,0,201,196,0,196,397
09/23/2003,HWD,CA,AWP,WE,Towers with Display (VFR),0,4,24,0,28,0,1,225,0,226,0,5,249,0,254,362,0,362,616
09/24/2003,HWD,CA,AWP,WE,Towers with Display (VFR),0,5,33,0,38,0,0,115,2,117,0,5,148,2,155,154,0,154,309
09/25/2003,HWD,CA,AWP,WE,Towers with Display (VFR),0,4,37,0,41,0,0,87,0,87,0,4,124,0,128,158,0,158,286
09/26/2003,HWD,CA,AWP,WE,Towers with Display (VFR),0,2,29,0,31,0,1,156,3,160,0,3,185,3,191,300,0,300,491
09/27/2003,HWD,CA,AWP,WE,Towers with Display (VFR),0,2,68,0,70,0,0,94,0,94,0,2,162,0,164,242,0,242,406
09/28/2003,HWD,CA,AWP,WE,Towers with Display (VFR),0,4,35,0,39,0,0,107,0,107,0,4,142,0,146,326,0,326,472
09/29/2003,HWD,CA,AWP,WE,Towers with Display (VFR),0,2,26,0,28,0,0,162,0,162,0,2,188,0,190,320,0,320,510
09/30/2003,HWD,CA,AWP,WE,Towers with Display (VFR),0,8,16,0,24,0,1,172,0,173,0,9,188,0,197,264,0,264,461
10/01/2003,HWD,CA,AWP,WE,Towers with Display (VFR),0,6,47,0,53,0,0,128,0,128,0,6,175,0,181,246,0,246,427
10/02/2003,HWD,CA,AWP,WE,Towers with Display (VFR),0,4,49,0,53,0,0,95,0,95,0,4,144,0,148,158,0,158,306
10/03/2003,HWD,CA,AWP,WE,Towers with Display (VFR),0,1,34,0,35,0,0,126,0,126,0,1,160,0,161,140,0,140,301
10/04/2003,HWD,CA,AWP,WE,Towers with Display (VFR),0,0,26,0,26,0,0,137,1,138,0,0,163,1,164,248,0,248,412
10/05/2003,HWD,CA,AWP,WE,Towers with Display (VFR),0,0,27,0,27,0,0,154,0,154,0,0,181,0,181,186,0,186,367
10/06/2003,HWD,CA,AWP,WE,Towers with Display (VFR),0,1,8,0,9,0,4,209,0,213,0,5,217,0,222,250,0,250,472
10/07/2003,HWD,CA,AWP,WE,Towers with Display (VFR),0,3,39,0,42,0,0,166,1,167,0,3,205,1,209,184,0,184,393
10/08/2003,HWD,CA,AWP,WE,Towers with Display (VFR),0,3,19,0,22,0,3,148,0,151,0,6,167,0,173,180,0,180,353
10/09/2003,HWD,CA,AWP,WE,Towers with Display (VFR),0,3,27,0,30,0,3,134,0,137,0,6,161,0,167,278,0,278,445
10/10/2003,HWD,CA,AWP,WE,Towers with Display (VFR),0,0,16,0,16,0,0,184,0,184,0,0,200,0,200,200,0,200,400
10/11/2003,HWD,CA,AWP,WE,Towers with Display (VFR),0,0,10,0,10,0,0,176,0,176,0,0,186,0,186,306,0,306,492
10/12/2003,HWD,CA,AWP,WE,Towers with Display (VFR),0,3,21,0,24,0,1,152,0,153,0,4,173,0,177,196,0,196,373
10/13/2003,HWD,CA,AWP,WE,Towers with Display (VFR),0,1,10,0,11,0,0,157,0,157,0,1,167,0,168,188,0,188,356
10/14/2003,HWD,CA,AWP,WE,Towers with Display (VFR),0,2,16,0,18,0,4,197,0,201,0,6,213,0,219,306,0,306,525
10/15/2003,HWD,CA,AWP,WE,Towers with Display (VFR),0,3,33,0,36,0,0,208,0,208,0,3,241,0,244,244,0,244,488
10/16/2003,HWD,CA,AWP,WE,Towers with Display (VFR),0,2,18,0,20,0,1,186,0,187,0,3,204,0,207,178,0,178,385
10/17/2003,HWD,CA,AWP,WE,Towers with Display (VFR),0,2,13,0,15,0,2,208,0,210,0,4,221,0,225,206,0,206,431
10/18/2003,HWD,CA,AWP,WE,Towers with Display (VFR),0,0,15,0,15,0,0,147,0,147,0,0,162,0,162,173,0,173,335
10/19/2003,HWD,CA,AWP,WE,Towers with Display (VFR),0,1,19,0,20,0,0,187,1,188,0,1,206,1,208,244,0,244,452
10/20/2003,HWD,CA,AWP,WE,Towers with Display (VFR),0,1,11,0,12,0,1,209,0,210,0,2,220,0,222,310,0,310,532
10/21/2003,HWD,CA,AWP,WE,Towers with Display (VFR),0,1,19,0,20,0,6,172,0,178,0,7,191,0,198,264,0,264,462
10/22/2003,HWD,CA,AWP,WE,Towers with Display (VFR),0,4,52,0,56,0,0,98,0,98,0,4,150,0,154,122,0,122,276
10/23/2003,HWD,CA,AWP,WE,Towers with Display (VFR),0,1,19,0,20,0,4,195,0,199,0,5,214,0,219,308,0,308,527
10/24/2003,HWD,CA,AWP,WE,Towers with Display (VFR),0,2,21,0,23,0,3,194,2,199,0,5,215,2,222,284,0,284,506
10/25/2003,HWD,CA,AWP,WE,Towers with Display (VFR),0,1,10,0,11,0,3,205,0,208,0,4,215,0,219,264,0,264,483
10/26/2003,HWD,CA,AWP,WE,Towers with Display (VFR),0,1,15,0,16,0,2,184,0,186,0,3,199,0,202,300,0,300,502
10/27/2003,HWD,CA,AWP,WE,Towers with Display (VFR),0,1,17,0,18,0,3,216,0,219,0,4,233,0,237,260,0,260,497
10/28/2003,HWD,CA,AWP,WE,Towers with Display (VFR),0,1,14,0,15,0,3,185,0,188,0,4,199,0,203,220,0,220,423
10/29/2003,HWD,CA,AWP,WE,Towers with Display (VFR),0,1,15,0,16,0,1,187,0,188,0,2,202,0,204,174,0,174,378
10/30/2003,HWD,CA,AWP,WE,Towers with Display (VFR),0,2,20,0,22,0,0,144,0,144,0,2,164,0,166,154,0,154,320
10/31/2003,HWD,CA,AWP,WE,Towers with Display (VFR),0,0,22,0,22,0,0,164,0,164,0,0,186,0,186,334,0,334,520
11/01/2003,HWD,CA,AWP,WE,Towers with Display (VFR),0,0,0,0,0,0,0,0,0,0,0,0,0,0,0,0,0,0,0
11/02/2003,HWD,CA,AWP,WE,Towers with Display (VFR),0,3,26,0,29,0,1,173,0,174,0,4,199,0,203,276,0,276,479
11/03/2003,HWD,CA,AWP,WE,Towers with Display (VFR),0,2,15,0,17,0,0,161,0,161,0,2,176,0,178,186,0,186,364
11/04/2003,HWD,CA,AWP,WE,Towers with Display (VFR),0,3,24,0,27,0,0,205,0,205,0,3,229,0,232,200,0,200,432
11/05/2003,HWD,CA,AWP,WE,Towers with Display (VFR),0,3,28,0,31,0,2,125,0,127,0,5,153,0,158,254,0,254,412
11/06/2003,HWD,CA,AWP,WE,Towers with Display (VFR),0,3,23,0,26,0,4,115,0,119,0,7,138,0,145,174,0,174,319
11/07/2003,HWD,CA,AWP,WE,Towers with Display (VFR),0,2,15,0,17,0,1,108,0,109,0,3,123,0,126,220,0,220,346
11/08/2003,HWD,CA,AWP,WE,Towers with Display (VFR),0,0,12,0,12,0,1,41,0,42,0,1,53,0,54,98,0,98,152
11/09/2003,HWD,CA,AWP,WE,Towers with Display (VFR),0,2,15,0,17,0,3,93,0,96,0,5,108,0,113,240,0,240,353
11/10/2003,HWD,CA,AWP,WE,Towers with Display (VFR),0,2,17,0,19,0,0,181,0,181,0,2,198,0,200,154,0,154,354
11/11/2003,HWD,CA,AWP,WE,Towers with Display (VFR),0,2,21,0,23,0,0,228,0,228,0,2,249,0,251,306,0,306,557
11/12/2003,HWD,CA,AWP,WE,Towers with Display (VFR),0,2,15,0,17,0,2,245,0,247,0,4,260,0,264,174,0,174,438
11/13/2003,HWD,CA,AWP,WE,Towers with Display (VFR),0,3,22,0,25,0,1,158,0,159,0,4,180,0,184,266,0,266,450
11/14/2003,HWD,CA,AWP,WE,Towers with Display (VFR),0,2,27,0,29,0,0,87,0,87,0,2,114,0,116,142,0,142,258
11/15/2003,HWD,CA,AWP,WE,Towers with Display (VFR),0,0,14,0,14,0,0,44,0,44,0,0,58,0,58,156,0,156,214
11/16/2003,HWD,CA,AWP,WE,Towers with Display (VFR),0,0,16,0,16,0,0,148,0,148,0,0,164,0,164,316,0,316,480
11/17/2003,HWD,CA,AWP,WE,Towers with Display (VFR),0,2,27,0,29,0,1,144,0,145,0,3,171,0,174,336,0,336,510
11/18/2003,HWD,CA,AWP,WE,Towers with Display (VFR),0,1,19,0,20,0,1,205,0,206,0,2,224,0,226,268,0,268,494
11/19/2003,HWD,CA,AWP,WE,Towers with Display (VFR),0,2,22,0,24,0,5,170,0,175,0,7,192,0,199,190,0,190,389
11/20/2003,HWD,CA,AWP,WE,Towers with Display (VFR),0,3,33,0,36,0,2,98,0,100,0,5,131,0,136,204,0,204,340
11/21/2003,HWD,CA,AWP,WE,Towers with Display (VFR),0,0,23,0,23,0,0,145,0,145,0,0,168,0,168,100,0,100,268
11/22/2003,HWD,CA,AWP,WE,Towers with Display (VFR),0,1,13,0,14,0,0,285,0,285,0,1,298,0,299,240,0,240,539
11/23/2003,HWD,CA,AWP,WE,Towers with Display (VFR),0,0,20,0,20,0,0,214,0,214,0,0,234,0,234,380,0,380,614
11/24/2003,HWD,CA,AWP,WE,Towers with Display (VFR),0,1,22,0,23,0,2,187,0,189,0,3,209,0,212,182,0,182,394
11/25/2003,HWD,CA,AWP,WE,Towers with Display (VFR),0,1,13,0,14,0,1,184,0,185,0,2,197,0,199,196,0,196,395
11/26/2003,HWD,CA,AWP,WE,Towers with Display (VFR),0,2,22,0,24,0,1,215,0,216,0,3,237,0,240,290,0,290,530
11/27/2003,HWD,CA,AWP,WE,Towers with Display (VFR),0,0,12,0,12,0,0,83,0,83,0,0,95,0,95,30,0,30,125
11/28/2003,HWD,CA,AWP,WE,Towers with Display (VFR),0,0,18,0,18,0,0,100,0,100,0,0,118,0,118,112,0,112,230
11/29/2003,HWD,CA,AWP,WE,Towers with Display (VFR),0,0,14,0,14,0,0,83,0,83,0,0,97,0,97,166,0,166,263
11/30/2003,HWD,CA,AWP,WE,Towers with Display (VFR),0,2,32,0,34,0,1,27,0,28,0,3,59,0,62,8,0,8,70
12/01/2003,HWD,CA,AWP,WE,Towers with Display (VFR),0,3,22,0,25,0,2,83,0,85,0,5,105,0,110,66,0,66,176
12/02/2003,HWD,CA,AWP,WE,Towers with Display (VFR),0,5,34,0,39,0,1,137,0,138,0,6,171,0,177,402,0,402,579
12/03/2003,HWD,CA,AWP,WE,Towers with Display (VFR),0,4,31,0,35,0,0,60,0,60,0,4,91,0,95,52,0,52,147
12/04/2003,HWD,CA,AWP,WE,Towers with Display (VFR),0,4,23,0,27,0,0,55,0,55,0,4,78,0,82,72,0,72,154
12/05/2003,HWD,CA,AWP,WE,Towers with Display (VFR),0,0,15,0,15,0,0,94,0,94,0,0,109,0,109,220,0,220,329
12/06/2003,HWD,CA,AWP,WE,Towers with Display (VFR),0,2,11,0,13,0,0,46,0,46,0,2,57,0,59,114,0,114,173
12/07/2003,HWD,CA,AWP,WE,Towers with Display (VFR),0,1,6,0,7,0,0,146,0,146,0,1,152,0,153,280,0,280,433
12/08/2003,HWD,CA,AWP,WE,Towers with Display (VFR),0,2,15,0,17,0,1,231,0,232,0,3,246,0,249,232,0,232,481
12/09/2003,HWD,CA,AWP,WE,Towers with Display (VFR),0,1,15,0,16,0,0,64,0,64,0,1,79,0,80,20,0,20,100
12/10/2003,HWD,CA,AWP,WE,Towers with Display (VFR),0,3,17,0,20,0,2,104,1,107,0,5,121,1,127,146,0,146,273
12/11/2003,HWD,CA,AWP,WE,Towers with Display (VFR),0,4,23,0,27,0,0,143,0,143,0,4,166,0,170,116,0,116,286
12/12/2003,HWD,CA,AWP,WE,Towers with Display (VFR),0,1,23,0,24,0,0,115,0,115,0,1,138,0,139,126,0,126,265
12/13/2003,HWD,CA,AWP,WE,Towers with Display (VFR),0,3,17,0,20,0,0,94,0,94,0,3,111,0,114,256,0,256,370
12/14/2003,HWD,CA,AWP,WE,Towers with Display (VFR),0,0,11,0,11,0,0,144,0,144,0,0,155,0,155,126,0,126,281
12/15/2003,HWD,CA,AWP,WE,Towers with Display (VFR),0,3,16,0,19,0,5,146,0,151,0,8,162,0,170,182,0,182,352
12/16/2003,HWD,CA,AWP,WE,Towers with Display (VFR),0,2,21,0,23,0,4,196,0,200,0,6,217,0,223,152,0,152,375
12/17/2003,HWD,CA,AWP,WE,Towers with Display (VFR),0,2,22,0,24,0,2,184,0,186,0,4,206,0,210,140,0,140,350
12/18/2003,HWD,CA,AWP,WE,Towers with Display (VFR),0,2,23,0,25,0,2,181,0,183,0,4,204,0,208,158,0,158,366
12/19/2003,HWD,CA,AWP,WE,Towers with Display (VFR),0,0,18,0,18,0,0,72,0,72,0,0,90,0,90,42,0,42,132
12/20/2003,HWD,CA,AWP,WE,Towers with Display (VFR),0,0,21,0,21,0,0,57,0,57,0,0,78,0,78,266,0,266,344
12/21/2003,HWD,CA,AWP,WE,Towers with Display (VFR),0,0,14,0,14,0,0,74,0,74,0,0,88,0,88,198,0,198,286
12/22/2003,HWD,CA,AWP,WE,Towers with Display (VFR),0,1,20,0,21,0,0,218,0,218,0,1,238,0,239,222,0,222,461
12/23/2003,HWD,CA,AWP,WE,Towers with Display (VFR),0,3,26,0,29,0,1,104,0,105,0,4,130,0,134,110,0,110,244
12/24/2003,HWD,CA,AWP,WE,Towers with Display (VFR),0,1,13,0,14,0,3,68,0,71,0,4,81,0,85,10,0,10,95
12/25/2003,HWD,CA,AWP,WE,Towers with Display (VFR),0,0,6,0,6,0,0,12,0,12,0,0,18,0,18,32,0,32,50
12/26/2003,HWD,CA,AWP,WE,Towers with Display (VFR),0,0,10,0,10,0,0,138,0,138,0,0,148,0,148,98,0,98,246
12/27/2003,HWD,CA,AWP,WE,Towers with Display (VFR),0,2,19,0,21,0,5,207,0,212,0,7,226,0,233,270,0,270,503
12/28/2003,HWD,CA,AWP,WE,Towers with Display (VFR),0,1,11,0,12,0,3,124,0,127,0,4,135,0,139,202,0,202,341
12/29/2003,HWD,CA,AWP,WE,Towers with Display (VFR),0,0,3,0,3,0,4,0,0,4,0,4,3,0,7,0,0,0,7
12/30/2003,HWD,CA,AWP,WE,Towers with Display (VFR),0,4,34,0,38,0,4,145,0,149,0,8,179,0,187,278,0,278,465
12/31/2003,HWD,CA,AWP,WE,Towers with Display (VFR),0,2,18,0,20,0,1,112,0,113,0,3,130,0,133,207,0,207,340
01/01/2004,HWD,CA,AWP,WE,Towers with Display (VFR),0,1,4,0,5,0,0,9,0,9,0,1,13,0,14,0,0,0,14
01/02/2004,HWD,CA,AWP,WE,Towers with Display (VFR),0,4,17,0,21,0,1,46,0,47,0,5,63,0,68,170,0,170,238
01/03/2004,HWD,CA,AWP,WE,Towers with Display (VFR),0,3,24,0,27,0,4,235,0,239,0,7,259,0,266,162,0,162,428
01/04/2004,HWD,CA,AWP,WE,Towers with Display (VFR),0,2,22,0,24,0,0,214,0,214,0,2,236,0,238,218,0,218,456
01/05/2004,HWD,CA,AWP,WE,Towers with Display (VFR),0,2,13,0,15,0,1,211,0,212,0,3,224,0,227,160,0,160,387
01/06/2004,HWD,CA,AWP,WE,Towers with Display (VFR),0,3,23,0,26,0,2,125,0,127,0,5,148,0,153,174,0,174,327
01/07/2004,HWD,CA,AWP,WE,Towers with Display (VFR),0,2,16,0,18,0,3,96,0,99,0,5,112,0,117,148,0,148,265
01/08/2004,HWD,CA,AWP,WE,Towers with Display (VFR),0,3,18,0,21,0,3,126,0,129,0,6,144,0,150,114,0,114,264
01/09/2004,HWD,CA,AWP,WE,Towers with Display (VFR),0,0,21,0,21,0,0,77,0,77,0,0,98,0,98,66,0,66,164
01/10/2004,HWD,CA,AWP,WE,Towers with Display (VFR),0,2,30,0,32,0,0,155,0,155,0,2,185,0,187,316,0,316,503
01/11/2004,HWD,CA,AWP,WE,Towers with Display (VFR),0,0,23,0,23,0,0,176,0,176,0,0,199,0,199,220,0,220,419
01/12/2004,HWD,CA,AWP,WE,Towers with Display (VFR),0,2,22,0,24,0,4,104,0,108,0,6,126,0,132,190,0,190,322
01/13/2004,HWD,CA,AWP,WE,Towers with Display (VFR),0,3,36,0,39,0,1,120,0,121,0,4,156,0,160,182,0,182,342
01/14/2004,HWD,CA,AWP,WE,Towers with Display (VFR),0,2,20,0,22,0,3,47,0,50,0,5,67,0,72,64,0,64,136
01/15/2004,HWD,CA,AWP,WE,Towers with Display (VFR),0,4,43,0,47,0,0,73,0,73,0,4,116,0,120,134,0,134,254
01/16/2004,HWD,CA,AWP,WE,Towers with Display (VFR),0,4,47,0,51,0,0,108,0,108,0,4,155,0,159,208,0,208,367
01/17/2004,HWD,CA,AWP,WE,Towers with Display (VFR),0,3,33,0,36,0,0,101,0,101,0,3,134,0,137,344,0,344,481
01/18/2004,HWD,CA,AWP,WE,Towers with Display (VFR),0,0,29,0,29,0,0,132,0,132,0,0,161,0,161,366,0,366,527
01/19/2004,HWD,CA,AWP,WE,Towers with Display (VFR),0,4,45,0,49,0,0,34,0,34,0,4,79,0,83,150,0,150,233
01/20/2004,HWD,CA,AWP,WE,Towers with Display (VFR),0,3,34,0,37,0,1,162,0,163,0,4,196,0,200,244,0,244,444
01/21/2004,HWD,CA,AWP,WE,Towers with Display (VFR),0,1,18,0,19,0,4,180,0,184,0,5,198,0,203,208,0,208,411
01/22/2004,HWD,CA,AWP,WE,Towers with Display (VFR),0,2,23,0,25,0,4,149,0,153,0,6,172,0,178,120,0,120,298
01/23/2004,HWD,CA,AWP,WE,Towers with Display (VFR),0,1,37,0,38,0,0,108,0,108,0,1,145,0,146,146,0,146,292
01/24/2004,HWD,CA,AWP,WE,Towers with Display (VFR),0,1,23,0,24,0,0,29,0,29,0,1,52,0,53,130,0,130,183
01/25/2004,HWD,CA,AWP,WE,Towers with Display (VFR),0,1,16,0,17,0,13,198,0,211,0,14,214,0,228,178,0,178,406
01/26/2004,HWD,CA,AWP,WE,Towers with Display (VFR),0,1,16,0,17,0,3,134,0,137,0,4,150,0,154,176,0,176,330
01/27/2004,HWD,CA,AWP,WE,Towers with Display (VFR),0,3,31,0,34,0,3,90,0,93,0,6,121,0,127,182,0,182,309
01/28/2004,HWD,CA,AWP,WE,Towers with Display (VFR),0,2,24,0,26,0,6,126,0,132,0,8,150,0,158,64,0,64,222
01/29/2004,HWD,CA,AWP,WE,Towers with Display (VFR),0,3,63,0,66,0,0,22,0,22,0,3,85,0,88,2,0,2,90
01/30/2004,HWD,CA,AWP,WE,Towers with Display (VFR),0,3,31,0,34,0,3,56,0,59,0,6,87,0,93,98,0,98,191
01/31/2004,HWD,CA,AWP,WE,Towers with Display (VFR),0,2,20,0,22,0,1,257,0,258,0,3,277,0,280,222,0,222,502
02/01/2004,HWD,CA,AWP,WE,Towers with Display (VFR),0,0,19,0,19,0,0,21,0,21,0,0,40,0,40,48,0,48,88
02/02/2004,HWD,CA,AWP,WE,Towers with Display (VFR),0,3,19,0,22,0,3,56,0,59,0,6,75,0,81,30,0,30,111
02/03/2004,HWD,CA,AWP,WE,Towers with Display (VFR),0,2,19,0,21,0,1,87,1,89,0,3,106,1,110,130,0,130,240
02/04/2004,HWD,CA,AWP,WE,Towers with Display (VFR),0,2,45,0,47,0,0,139,0,139,0,2,184,0,186,104,0,104,290
02/05/2004,HWD,CA,AWP,WE,Towers with Display (VFR),0,3,26,0,29,0,0,152,0,152,0,3,178,0,181,158,0,158,339
02/06/2004,HWD,CA,AWP,WE,Towers with Display (VFR),0,2,16,0,18,0,1,164,0,165,0,3,180,0,183,198,0,198,381
02/07/2004,HWD,CA,AWP,WE,Towers with Display (VFR),0,2,17,0,19,0,1,203,0,204,0,3,220,0,223,294,0,294,517
02/08/2004,HWD,CA,AWP,WE,Towers with Display (VFR),0,1,21,0,22,0,0,280,0,280,0,1,301,0,302,276,0,276,578
02/09/2004,HWD,CA,AWP,WE,Towers with Display (VFR),0,2,16,0,18,0,3,176,0,179,0,5,192,0,197,170,0,170,367
02/10/2004,HWD,CA,AWP,WE,Towers with Display (VFR),0,2,18,0,20,0,3,160,7,170,0,5,178,7,190,236,0,236,426
02/11/2004,HWD,CA,AWP,WE,Towers with Display (VFR),0,2,12,0,14,0,2,202,0,204,0,4,214,0,218,188,0,188,406
02/12/2004,HWD,CA,AWP,WE,Towers with Display (VFR),0,3,26,0,29,0,1,182,12,195,0,4,208,12,224,122,0,122,346
02/13/2004,HWD,CA,AWP,WE,Towers with Display (VFR),0,3,29,0,32,0,0,108,0,108,0,3,137,0,140,108,0,108,248
02/14/2004,HWD,CA,AWP,WE,Towers with Display (VFR),0,2,25,1,28,0,1,202,0,203,0,3,227,1,231,374,0,374,605
02/15/2004,HWD,CA,AWP,WE,Towers with Display (VFR),0,2,25,0,27,0,2,169,0,171,0,4,194,0,198,306,0,306,504
02/16/2004,HWD,CA,AWP,WE,Towers with Display (VFR),0,2,24,0,26,0,0,41,0,41,0,2,65,0,67,36,0,36,103
02/17/2004,HWD,CA,AWP,WE,Towers with Display (VFR),0,1,17,0,18,0,2,52,0,54,0,3,69,0,72,8,0,8,80
02/18/2004,HWD,CA,AWP,WE,Towers with Display (VFR),0,2,28,0,30,0,2,108,0,110,0,4,136,0,140,172,0,172,312
02/19/2004,HWD,CA,AWP,WE,Towers with Display (VFR),0,3,32,0,35,0,1,140,0,141,0,4,172,0,176,242,0,242,418
02/20/2004,HWD,CA,AWP,WE,Towers with Display (VFR),0,0,26,0,26,0,0,94,0,94,0,0,120,0,120,218,0,218,338
02/21/2004,HWD,CA,AWP,WE,Towers with Display (VFR),0,2,30,0,32,0,1,100,0,101,0,3,130,0,133,378,0,378,511
02/22/2004,HWD,CA,AWP,WE,Towers with Display (VFR),0,1,14,0,15,0,1,141,0,142,0,2,155,0,157,434,0,434,591
02/23/2004,HWD,CA,AWP,WE,Towers with Display (VFR),0,2,21,0,23,0,1,150,0,151,0,3,171,0,174,202,0,202,376
02/24/2004,HWD,CA,AWP,WE,Towers with Display (VFR),0,2,20,0,22,0,1,128,0,129,0,3,148,0,151,156,0,156,307
02/25/2004,HWD,CA,AWP,WE,Towers with Display (VFR),0,1,11,0,12,0,2,13,0,15,0,3,24,0,27,4,0,4,31
02/26/2004,HWD,CA,AWP,WE,Towers with Display (VFR),0,2,22,0,24,0,4,80,0,84,0,6,102,0,108,38,0,38,146
02/27/2004,HWD,CA,AWP,WE,Towers with Display (VFR),0,1,25,0,26,0,0,136,2,138,0,1,161,2,164,182,1,183,347
02/28/2004,HWD,CA,AWP,WE,Towers with Display (VFR),0,1,15,0,16,0,0,293,0,293,0,1,308,0,309,424,0,424,733
02/29/2004,HWD,CA,AWP,WE,Towers with Display (VFR),0,0,32,0,32,0,0,133,0,133,0,0,165,0,165,288,0,288,453
03/01/2004,HWD,CA,AWP,WE,Towers with Display (VFR),0,2,21,0,23,0,0,102,0,102,0,2,123,0,125,120,0,120,245
03/02/2004,HWD,CA,AWP,WE,Towers with Display (VFR),0,2,13,0,15,0,1,181,0,182,0,3,194,0,197,160,0,160,357
03/03/2004,HWD,CA,AWP,WE,Towers with Display (VFR),0,2,16,0,18,0,0,187,0,187,0,2,203,0,205,168,0,168,373
03/04/2004,HWD,CA,AWP,WE,Towers with Display (VFR),0,4,25,0,29,0,2,143,0,145,0,6,168,0,174,168,0,168,342
03/05/2004,HWD,CA,AWP,WE,Towers with Display (VFR),0,4,22,0,26,0,1,200,0,201,0,5,222,0,227,288,0,288,515
03/06/2004,HWD,CA,AWP,WE,Towers with Display (VFR),0,1,20,0,21,0,0,247,0,247,0,1,267,0,268,300,0,300,568
03/07/2004,HWD,CA,AWP,WE,Towers with Display (VFR),0,3,22,0,25,0,1,231,0,232,0,4,253,0,257,258,0,258,515
03/08/2004,HWD,CA,AWP,WE,Towers with Display (VFR),0,3,14,0,17,0,2,200,0,202,0,5,214,0,219,148,0,148,367
03/09/2004,HWD,CA,AWP,WE,Towers with Display (VFR),0,4,24,0,28,0,2,196,0,198,0,6,220,0,226,154,0,154,380
03/10/2004,HWD,CA,AWP,WE,Towers with Display (VFR),0,2,10,0,12,0,0,171,0,171,0,2,181,0,183,84,0,84,267
03/11/2004,HWD,CA,AWP,WE,Towers with Display (VFR),0,4,29,0,33,0,0,178,2,180,0,4,207,2,213,182,20,202,415
03/12/2004,HWD,CA,AWP,WE,Towers with Display (VFR),0,1,14,0,15,0,0,177,0,177,0,1,191,0,192,332,0,332,524
03/13/2004,HWD,CA,AWP,WE,Towers with Display (VFR),0,1,12,0,13,0,0,201,0,201,0,1,213,0,214,408,0,408,622
03/14/2004,HWD,CA,AWP,WE,Towers with Display (VFR),0,1,15,0,16,0,0,189,0,189,0,1,204,0,205,220,0,220,425
03/15/2004,HWD,CA,AWP,WE,Towers with Display (VFR),0,3,18,0,21,0,3,223,0,226,0,6,241,0,247,208,0,208,455
03/16/2004,HWD,CA,AWP,WE,Towers with Display (VFR),0,3,19,0,22,0,6,186,1,193,0,9,205,1,215,192,0,192,407
03/17/2004,HWD,CA,AWP,WE,Towers with Display (VFR),0,2,23,0,25,0,7,204,0,211,0,9,227,0,236,199,0,199,435
03/18/2004,HWD,CA,AWP,WE,Towers with Display (VFR),0,1,18,0,19,0,0,181,0,181,0,1,199,0,200,184,0,184,384
03/19/2004,HWD,CA,AWP,WE,Towers with Display (VFR),0,1,16,0,17,0,0,220,0,220,0,1,236,0,237,274,0,274,511
03/20/2004,HWD,CA,AWP,WE,Towers with Display (VFR),0,1,9,0,10,0,0,223,0,223,0,1,232,0,233,182,0,182,415
03/21/2004,HWD,CA,AWP,WE,Towers with Display (VFR),0,3,30,0,33,0,0,106,0,106,0,3,136,0,139,84,0,84,223
03/22/2004,HWD,CA,AWP,WE,Towers with Display (VFR),0,2,47,0,49,0,0,75,0,75,0,2,122,0,124,122,0,122,246
03/23/2004,HWD,CA,AWP,WE,Towers with Display (VFR),0,3,26,0,29,0,0,145,0,145,0,3,171,0,174,160,0,160,334
03/24/2004,HWD,CA,AWP,WE,Towers with Display (VFR),0,3,26,0,29,0,0,167,0,167,0,3,193,0,196,172,0,172,368
03/25/2004,HWD,CA,AWP,WE,Towers with Display (VFR),0,3,30,0,33,0,3,69,0,72,0,6,99,0,105,52,0,52,157
03/26/2004,HWD,CA,AWP,WE,Towers with Display (VFR),0,2,16,0,18,0,1,114,0,115,0,3,130,0,133,235,0,235,368
03/27/2004,HWD,CA,AWP,WE,Towers with Display (VFR),0,0,9,0,9,0,0,139,0,139,0,0,148,0,148,164,0,164,312
03/28/2004,HWD,CA,AWP,WE,Towers with Display (VFR),0,1,15,0,16,0,1,197,0,198,0,2,212,0,214,278,0,278,492
03/29/2004,HWD,CA,AWP,WE,Towers with Display (VFR),0,1,14,0,15,0,0,136,0,136,0,1,150,0,151,132,0,132,283
03/30/2004,HWD,CA,AWP,WE,Towers with Display (VFR),0,3,25,0,28,0,1,96,0,97,0,4,121,0,125,108,0,108,233
03/31/2004,HWD,CA,AWP,WE,Towers with Display (VFR),0,1,11,0,12,0,2,203,0,205,0,3,214,0,217,206,0,206,423
04/01/2004,HWD,CA,AWP,WE,Towers with Display (VFR),0,2,19,0,21,0,1,141,0,142,0,3,160,0,163,92,0,92,255
04/02/2004,HWD,CA,AWP,WE,Towers with Display (VFR),0,2,10,0,12,0,1,157,0,158,0,3,167,0,170,102,0,102,272
04/03/2004,HWD,CA,AWP,WE,Towers with Display (VFR),0,1,11,0,12,0,0,179,0,179,0,1,190,0,191,193,0,193,384
04/04/2004,HWD,CA,AWP,WE,Towers with Display (VFR),0,2,28,0,30,0,0,147,0,147,0,2,175,0,177,270,0,270,447
04/05/2004,HWD,CA,AWP,WE,Towers with Display (VFR),0,2,24,0,26,0,0,225,0,225,0,2,249,0,251,258,0,258,509
04/06/2004,HWD,CA,AWP,WE,Towers with Display (VFR),0,3,26,0,29,0,5,186,0,191,0,8,212,0,220,218,0,218,438
04/07/2004,HWD,CA,AWP,WE,Towers with Display (VFR),0,2,20,0,22,0,0,267,0,267,0,2,287,0,289,218,0,218,507
04/08/2004,HWD,CA,AWP,WE,Towers with Display (VFR),0,3,54,0,57,0,0,132,0,132,0,3,186,0,189,102,0,102,291
04/09/2004,HWD,CA,AWP,WE,Towers with Display (VFR),0,3,23,0,26,0,0,177,0,177,0,3,200,0,203,264,0,264,467
04/10/2004,HWD,CA,AWP,WE,Towers with Display (VFR),0,1,14,0,15,0,0,193,0,193,0,1,207,0,208,226,0,226,434
04/11/2004,HWD,CA,AWP,WE,Towers with Display (VFR),0,3,22,0,25,0,1,112,0,113,0,4,134,0,138,194,0,194,332
04/12/2004,HWD,CA,AWP,WE,Towers with Display (VFR),0,2,28,0,30,0,0,148,0,148,0,2,176,0,178,218,0,218,396
04/13/2004,HWD,CA,AWP,WE,Towers with Display (VFR),0,2,26,0,28,0,2,163,0,165,0,4,189,0,193,268,0,268,461
04/14/2004,HWD,CA,AWP,WE,Towers with Display (VFR),0,1,20,0,21,0,3,140,0,143,0,4,160,0,164,230,0,230,394
04/15/2004,HWD,CA,AWP,WE,Towers with Display (VFR),0,1,15,0,16,0,3,151,0,154,0,4,166,0,170,194,0,194,364
04/16/2004,HWD,CA,AWP,WE,Towers with Display (VFR),0,1,15,0,16,0,0,125,0,125,0,1,140,0,141,222,0,222,363
04/17/2004,HWD,CA,AWP,WE,Towers with Display (VFR),0,1,15,0,16,0,1,110,16,127,0,2,125,16,143,158,0,158,301
04/18/2004,HWD,CA,AWP,WE,Towers with Display (VFR),0,2,22,0,24,0,3,107,0,110,0,5,129,0,134,126,0,126,260
04/19/2004,HWD,CA,AWP,WE,Towers with Display (VFR),0,1,18,0,19,0,1,114,0,115,0,2,132,0,134,118,0,118,252
04/20/2004,HWD,CA,AWP,WE,Towers with Display (VFR),0,1,16,0,17,0,1,129,0,130,0,2,145,0,147,244,0,244,391
04/21/2004,HWD,CA,AWP,WE,Towers with Display (VFR),0,2,24,0,26,0,0,135,0,135,0,2,159,0,161,162,0,162,323
04/22/2004,HWD,CA,AWP,WE,Towers with Display (VFR),0,1,12,0,13,0,2,146,0,148,0,3,158,0,161,64,0,64,225
04/23/2004,HWD,CA,AWP,WE,Towers with Display (VFR),0,1,15,0,16,0,1,215,0,216,0,2,230,0,232,156,0,156,388
04/24/2004,HWD,CA,AWP,WE,Towers with Display (VFR),0,0,10,0,10,0,1,239,0,240,0,1,249,0,250,192,0,192,442
04/25/2004,HWD,CA,AWP,WE,Towers with Display (VFR),0,1,19,0,20,0,2,290,0,292,0,3,309,0,312,252,0,252,564
04/26/2004,HWD,CA,AWP,WE,Towers with Display (VFR),0,1,12,0,13,0,1,224,2,227,0,2,236,2,240,248,0,248,488
04/27/2004,HWD,CA,AWP,WE,Towers with Display (VFR),0,2,29,0,31,0,3,193,0,196,0,5,222,0,227,130,0,130,357
04/28/2004,HWD,CA,AWP,WE,Towers with Display (VFR),0,1,22,0,23,0,5,169,0,174,0,6,191,0,197,130,0,130,327
04/29/2004,HWD,CA,AWP,WE,Towers with Display (VFR),0,1,17,0,18,0,4,178,0,182,0,5,195,0,200,104,0,104,304
04/30/2004,HWD,CA,AWP,WE,Towers with Display (VFR),0,1,17,0,18,0,1,203,0,204,0,2,220,0,222,184,0,184,406
05/01/2004,HWD,CA,AWP,WE,Towers with Display (VFR),0,1,9,0,10,0,0,185,0,185,0,1,194,0,195,276,0,276,471
05/02/2004,HWD,CA,AWP,WE,Towers with Display (VFR),0,1,14,0,15,0,0,234,0,234,0,1,248,0,249,248,0,248,497
05/03/2004,HWD,CA,AWP,WE,Towers with Display (VFR),0,1,8,0,9,0,3,199,0,202,0,4,207,0,211,154,0,154,365
05/04/2004,HWD,CA,AWP,WE,Towers with Display (VFR),0,4,22,0,26,0,5,178,1,184,0,9,200,1,210,140,0,140,350
05/05/2004,HWD,CA,AWP,WE,Towers with Display (VFR),0,5,32,0,37,0,3,157,0,160,0,8,189,0,197,126,0,126,323
05/06/2004,HWD,CA,AWP,WE,Towers with Display (VFR),0,3,26,0,29,0,2,179,0,181,0,5,205,0,210,188,0,188,398
05/07/2004,HWD,CA,AWP,WE,Towers with Display (VFR),0,2,15,0,17,0,1,181,1,183,0,3,196,1,200,180,0,180,380
05/08/2004,HWD,CA,AWP,WE,Towers with Display (VFR),0,1,19,0,20,0,0,195,0,195,0,1,214,0,215,320,0,320,535
05/09/2004,HWD,CA,AWP,WE,Towers with Display (VFR),0,2,13,0,15,0,1,170,0,171,0,3,183,0,186,210,0,210,396
05/10/2004,HWD,CA,AWP,WE,Towers with Display (VFR),0,2,9,0,11,0,1,140,0,141,0,3,149,0,152,60,0,60,212
05/11/2004,HWD,CA,AWP,WE,Towers with Display (VFR),0,1,11,0,12,0,1,150,0,151,0,2,161,0,163,124,0,124,287
05/12/2004,HWD,CA,AWP,WE,Towers with Display (VFR),0,1,11,0,12,0,2,225,0,227,0,3,236,0,239,264,0,264,503
05/13/2004,HWD,CA,AWP,WE,Towers with Display (VFR),0,2,21,0,23,0,3,207,1,211,0,5,228,1,234,268,0,268,502
05/14/2004,HWD,CA,AWP,WE,Towers with Display (VFR),0,1,17,0,18,0,0,234,0,234,0,1,251,0,252,149,0,149,401
05/15/2004,HWD,CA,AWP,WE,Towers with Display (VFR),0,1,16,0,17,0,0,142,0,142,0,1,158,0,159,274,0,274,433
05/16/2004,HWD,CA,AWP,WE,Towers with Display (VFR),0,1,16,0,17,0,0,236,0,236,0,1,252,0,253,180,0,180,433
05/17/2004,HWD,CA,AWP,WE,Towers with Display (VFR),0,1,18,0,19,0,2,132,0,134,0,3,150,0,153,68,0,68,221
05/18/2004,HWD,CA,AWP,WE,Towers with Display (VFR),0,3,32,0,35,0,4,226,0,230,0,7,258,0,265,272,0,272,537
05/19/2004,HWD,CA,AWP,WE,Towers with Display (VFR),0,0,0,0,0,0,0,0,0,0,0,0,0,0,0,0,0,0,0
05/20/2004,HWD,CA,AWP,WE,Towers with Display (VFR),0,2,31,0,33,0,0,131,0,131,0,2,162,0,164,162,0,162,326
05/21/2004,HWD,CA,AWP,WE,Towers with Display (VFR),0,2,51,0,53,0,0,95,0,95,0,2,146,0,148,220,0,220,368
05/22/2004,HWD,CA,AWP,WE,Towers with Display (VFR),0,2,25,0,27,0,1,75,0,76,0,3,100,0,103,166,0,166,269
05/23/2004,HWD,CA,AWP,WE,Towers with Display (VFR),0,0,22,0,22,0,0,133,0,133,0,0,155,0,155,210,0,210,365
05/24/2004,HWD,CA,AWP,WE,Towers with Display (VFR),0,2,26,0,28,0,0,158,0,158,0,2,184,0,186,138,0,138,324
05/25/2004,HWD,CA,AWP,WE,Towers with Display (VFR),0,3,39,0,42,0,4,172,0,176,0,7,211,0,218,304,0,304,522
05/26/2004,HWD,CA,AWP,WE,Towers with Display (VFR),0,3,34,0,37,0,0,206,0,206,0,3,240,0,243,200,0,200,443
05/27/2004,HWD,CA,AWP,WE,Towers with Display (VFR),0,2,24,0,26,0,4,165,0,169,0,6,189,0,195,226,0,226,421
05/28/2004,HWD,CA,AWP,WE,Towers with Display (VFR),0,0,38,0,38,0,0,117,0,117,0,0,155,0,155,184,0,184,339
05/29/2004,HWD,CA,AWP,WE,Towers with Display (VFR),0,0,10,0,10,0,0,164,0,164,0,0,174,0,174,212,0,212,386
05/30/2004,HWD,CA,AWP,WE,Towers with Display (VFR),0,0,5,0,5,0,1,150,0,151,0,1,155,0,156,176,0,176,332
05/31/2004,HWD,CA,AWP,WE,Towers with Display (VFR),0,1,19,0,20,0,1,254,0,255,0,2,273,0,275,298,0,298,573
06/01/2004,HWD,CA,AWP,WE,Towers with Display (VFR),0,3,26,0,29,0,1,189,0,190,0,4,215,0,219,158,0,158,377
06/02/2004,HWD,CA,AWP,WE,Towers with Display (VFR),0,2,15,0,17,0,1,185,0,186,0,3,200,0,203,192,0,192,395
06/03/2004,HWD,CA,AWP,WE,Towers with Display (VFR),0,4,32,0,36,0,2,149,0,151,0,6,181,0,187,223,0,223,410
06/04/2004,HWD,CA,AWP,WE,Towers with Display (VFR),0,2,33,0,35,0,0,164,0,164,0,2,197,0,199,215,0,215,414
06/05/2004,HWD,CA,AWP,WE,Towers with Display (VFR),0,1,14,0,15,0,0,204,0,204,0,1,218,0,219,256,0,256,475
06/06/2004,HWD,CA,AWP,WE,Towers with Display (VFR),0,2,15,0,17,0,1,161,1,163,0,3,176,1,180,192,0,192,372
06/07/2004,HWD,CA,AWP,WE,Towers with Display (VFR),0,2,12,0,14,0,1,157,0,158,0,3,169,0,172,120,0,120,292
06/08/2004,HWD,CA,AWP,WE,Towers with Display (VFR),0,2,14,0,16,0,1,148,1,150,0,3,162,1,166,168,0,168,334
06/09/2004,HWD,CA,AWP,WE,Towers with Display (VFR),0,3,27,0,30,0,2,157,0,159,0,5,184,0,189,174,0,174,363
06/10/2004,HWD,CA,AWP,WE,Towers with Display (VFR),0,4,32,0,36,0,2,139,0,141,0,6,171,0,177,162,0,162,339
06/11/2004,HWD,CA,AWP,WE,Towers with Display (VFR),0,1,24,0,25,0,0,202,0,202,0,1,226,0,227,183,0,183,410
06/12/2004,HWD,CA,AWP,WE,Towers with Display (VFR),0,1,16,0,17,0,0,253,0,253,0,1,269,0,270,219,0,219,489
06/13/2004,HWD,CA,AWP,WE,Towers with Display (VFR),0,2,15,0,17,0,1,196,0,197,0,3,211,0,214,388,0,388,602
06/14/2004,HWD,CA,AWP,WE,Towers with Display (VFR),0,2,17,0,19,0,3,206,0,209,0,5,223,0,228,280,0,280,508
06/15/2004,HWD,CA,AWP,WE,Towers with Display (VFR),0,2,18,0,20,0,2,216,0,218,0,4,234,0,238,112,0,112,350
06/16/2004,HWD,CA,AWP,WE,Towers with Display (VFR),0,2,18,0,20,0,4,228,0,232,0,6,246,0,252,224,0,224,476
06/17/2004,HWD,CA,AWP,WE,Towers with Display (VFR),0,4,37,0,41,0,3,170,0,173,0,7,207,0,214,246,0,246,460
06/18/2004,HWD,CA,AWP,WE,Towers with Display (VFR),0,1,23,0,24,0,0,171,0,171,0,1,194,0,195,214,0,214,409
06/19/2004,HWD,CA,AWP,WE,Towers with Display (VFR),0,1,24,0,25,0,0,217,0,217,0,1,241,0,242,334,0,334,576
06/20/2004,HWD,CA,AWP,WE,Towers with Display (VFR),0,3,30,0,33,0,0,165,0,165,0,3,195,0,198,202,0,202,400
06/21/2004,HWD,CA,AWP,WE,Towers with Display (VFR),0,3,38,0,41,0,2,125,0,127,0,5,163,0,168,186,0,186,354
06/22/2004,HWD,CA,AWP,WE,Towers with Display (VFR),0,3,30,0,33,0,3,156,0,159,0,6,186,0,192,218,0,218,410
06/23/2004,HWD,CA,AWP,WE,Towers with Display (VFR),0,3,33,0,36,0,0,176,0,176,0,3,209,0,212,258,0,258,470
06/24/2004,HWD,CA,AWP,WE,Towers with Display (VFR),0,2,23,0,25,0,3,180,0,183,0,5,203,0,208,116,0,116,324
06/25/2004,HWD,CA,AWP,WE,Towers with Display (VFR),0,0,13,0,13,0,0,211,4,215,0,0,224,4,228,102,14,116,344
06/26/2004,HWD,CA,AWP,WE,Towers with Display (VFR),0,0,26,0,26,0,0,179,0,179,0,0,205,0,205,240,0,240,445
06/27/2004,HWD,CA,AWP,WE,Towers with Display (VFR),0,1,10,0,11,0,0,183,0,183,0,1,193,0,194,220,0,220,414
06/28/2004,HWD,CA,AWP,WE,Towers with Display (VFR),0,1,15,0,16,0,1,180,0,181,0,2,195,0,197,142,0,142,339
06/29/2004,HWD,CA,AWP,WE,Towers with Display (VFR),0,2,23,0,25,0,3,196,0,199,0,5,219,0,224,172,0,172,396
06/30/2004,HWD,CA,AWP,WE,Towers with Display (VFR),0,3,28,0,31,0,1,192,0,193,0,4,220,0,224,96,0,96,320
07/01/2004,HWD,CA,AWP,WE,Towers with Display (VFR),0,3,27,0,30,0,0,182,0,182,0,3,209,0,212,166,0,166,378
07/02/2004,HWD,CA,AWP,WE,Towers with Display (VFR),0,2,16,0,18,0,0,176,0,176,0,2,192,0,194,220,0,220,414
07/03/2004,HWD,CA,AWP,WE,Towers with Display (VFR),0,3,22,0,25,0,3,171,0,174,0,6,193,0,199,248,0,248,447
07/04/2004,HWD,CA,AWP,WE,Towers with Display (VFR),0,0,4,0,4,0,0,107,0,107,0,0,111,0,111,172,0,172,283
07/05/2004,HWD,CA,AWP,WE,Towers with Display (VFR),0,2,18,0,20,0,0,206,0,206,0,2,224,0,226,202,0,202,428
07/06/2004,HWD,CA,AWP,WE,Towers with Display (VFR),0,2,21,0,23,0,1,156,0,157,0,3,177,0,180,182,0,182,362
07/07/2004,HWD,CA,AWP,WE,Towers with Display (VFR),0,3,27,0,30,0,3,158,0,161,0,6,185,0,191,214,0,214,405
07/08/2004,HWD,CA,AWP,WE,Towers with Display (VFR),0,2,18,0,20,0,5,164,2,171,0,7,182,2,191,210,0,210,401
07/09/2004,HWD,CA,AWP,WE,Towers with Display (VFR),0,2,13,0,15,0,1,143,0,144,0,3,156,0,159,170,0,170,329
07/10/2004,HWD,CA,AWP,WE,Towers with Display (VFR),0,0,22,0,22,0,0,199,0,199,0,0,221,0,221,330,0,330,551
07/11/2004,HWD,CA,AWP,WE,Towers with Display (VFR),0,1,7,0,8,0,1,153,0,154,0,2,160,0,162,210,0,210,372
07/12/2004,HWD,CA,AWP,WE,Towers with Display (VFR),0,4,36,0,40,0,1,179,1,181,0,5,215,1,221,188,0,188,409
07/13/2004,HWD,CA,AWP,WE,Towers with Display (VFR),0,3,30,0,33,0,2,155,0,157,0,5,185,0,190,170,0,170,360
07/14/2004,HWD,CA,AWP,WE,Towers with Display (VFR),0,3,34,0,37,0,7,158,0,165,0,10,192,0,202,192,0,192,394
07/15/2004,HWD,CA,AWP,WE,Towers with Display (VFR),0,2,19,0,21,0,5,209,0,214,0,7,228,0,235,208,0,208,443
07/16/2004,HWD,CA,AWP,WE,Towers with Display (VFR),0,2,26,0,28,0,0,215,0,215,0,2,241,0,243,202,0,202,445
07/17/2004,HWD,CA,AWP,WE,Towers with Display (VFR),0,0,9,0,9,0,0,164,1,165,0,0,173,1,174,194,0,194,368
07/18/2004,HWD,CA,AWP,WE,Towers with Display (VFR),0,1,22,0,23,0,2,164,0,166,0,3,186,0,189,258,0,258,447
07/19/2004,HWD,CA,AWP,WE,Towers with Display (VFR),0,3,47,0,50,0,0,134,0,134,0,3,181,0,184,154,0,154,338
07/20/2004,HWD,CA,AWP,WE,Towers with Display (VFR),0,3,35,0,38,0,0,186,0,186,0,3,221,0,224,140,0,140,364
07/21/2004,HWD,CA,AWP,WE,Towers with Display (VFR),0,2,27,0,29,0,1,313,2,316,0,3,340,2,345,142,0,142,487
07/22/2004,HWD,CA,AWP,WE,Towers with Display (VFR),0,1,21,0,22,0,3,162,0,165,0,4,183,0,187,162,0,162,349
07/23/2004,HWD,CA,AWP,WE,Towers with Display (VFR),0,1,39,0,40,0,0,163,0,163,0,1,202,0,203,208,0,208,411
07/24/2004,HWD,CA,AWP,WE,Towers with Display (VFR),0,2,29,0,31,0,1,133,0,134,0,3,162,0,165,288,0,288,453
07/25/2004,HWD,CA,AWP,WE,Towers with Display (VFR),0,1,14,0,15,0,1,142,0,143,0,2,156,0,158,292,0,292,450
07/26/2004,HWD,CA,AWP,WE,Towers with Display (VFR),0,2,34,0,36,0,1,188,0,189,0,3,222,0,225,240,0,240,465
07/27/2004,HWD,CA,AWP,WE,Towers with Display (VFR),0,2,37,0,39,0,0,144,0,144,0,2,181,0,183,126,0,126,309
07/28/2004,HWD,CA,AWP,WE,Towers with Display (VFR),0,2,35,0,37,0,3,174,0,177,0,5,209,0,214,58,0,58,272
07/29/2004,HWD,CA,AWP,WE,Towers with Display (VFR),0,1,23,0,24,0,1,158,0,159,0,2,181,0,183,238,0,238,421
07/30/2004,HWD,CA,AWP,WE,Towers with Display (VFR),0,2,23,0,25,0,0,150,0,150,0,2,173,0,175,234,0,234,409
07/31/2004,HWD,CA,AWP,WE,Towers with Display (VFR),0,2,28,0,30,0,2,110,20,132,0,4,138,20,162,202,0,202,364
08/01/2004,HWD,CA,AWP,WE,Towers with Display (VFR),0,1,34,0,35,0,0,149,0,149,0,1,183,0,184,162,0,162,346
08/02/2004,HWD,CA,AWP,WE,Towers with Display (VFR),0,6,53,0,59,0,0,161,0,161,0,6,214,0,220,180,0,180,400
08/03/2004,HWD,CA,AWP,WE,Towers with Display (VFR),0,3,26,0,29,0,2,194,1,197,0,5,220,1,226,202,0,202,428
08/04/2004,HWD,CA,AWP,WE,Towers with Display (VFR),0,3,26,0,29,0,3,181,0,184,0,6,207,0,213,194,0,194,407
08/05/2004,HWD,CA,AWP,WE,Towers with Display (VFR),0,3,30,0,33,0,1,213,0,214,0,4,243,0,247,138,0,138,385
08/06/2004,HWD,CA,AWP,WE,Towers with Display (VFR),0,3,21,0,24,0,1,189,0,190,0,4,210,0,214,244,0,244,458
08/07/2004,HWD,CA,AWP,WE,Towers with Display (VFR),0,1,10,0,11,0,0,174,0,174,0,1,184,0,185,294,0,294,479
08/08/2004,HWD,CA,AWP,WE,Towers with Display (VFR),0,1,10,0,11,0,0,234,0,234,0,1,244,0,245,218,0,218,463
08/09/2004,HWD,CA,AWP,WE,Towers with Display (VFR),0,3,36,0,39,0,0,156,0,156,0,3,192,0,195,144,0,144,339
08/10/2004,HWD,CA,AWP,WE,Towers with Display (VFR),0,4,39,0,43,0,3,146,0,149,0,7,185,0,192,134,0,134,326
08/11/2004,HWD,CA,AWP,WE,Towers with Display (VFR),0,3,27,0,30,0,0,164,0,164,0,3,191,0,194,138,0,138,332
08/12/2004,HWD,CA,AWP,WE,Towers with Display (VFR),0,4,37,0,41,0,1,154,0,155,0,5,191,0,196,152,0,152,348
08/13/2004,HWD,CA,AWP,WE,Towers with Display (VFR),0,1,12,0,13,0,0,169,0,169,0,1,181,0,182,234,0,234,416
08/14/2004,HWD,CA,AWP,WE,Towers with Display (VFR),0,2,30,0,32,0,0,93,0,93,0,2,123,0,125,198,0,198,323
08/15/2004,HWD,CA,AWP,WE,Towers with Display (VFR),0,0,14,0,14,0,0,142,0,142,0,0,156,0,156,176,0,176,332
08/16/2004,HWD,CA,AWP,WE,Towers with Display (VFR),0,2,30,0,32,0,9,233,0,242,0,11,263,0,274,272,0,272,546
08/17/2004,HWD,CA,AWP,WE,Towers with Display (VFR),0,1,19,0,20,0,3,178,0,181,0,4,197,0,201,236,0,236,437
08/18/2004,HWD,CA,AWP,WE,Towers with Display (VFR),0,5,52,0,57,0,3,188,2,193,0,8,240,2,250,276,0,276,526
08/19/2004,HWD,CA,AWP,WE,Towers with Display (VFR),0,3,31,0,34,0,0,172,0,172,0,3,203,0,206,182,0,182,388
08/20/2004,HWD,CA,AWP,WE,Towers with Display (VFR),0,1,22,0,23,0,0,201,0,201,0,1,223,0,224,256,0,256,480
08/21/2004,HWD,CA,AWP,WE,Towers with Display (VFR),0,1,14,0,15,0,1,167,0,168,0,2,181,0,183,296,0,296,479
08/22/2004,HWD,CA,AWP,WE,Towers with Display (VFR),0,2,24,0,26,0,1,170,0,171,0,3,194,0,197,224,0,224,421
08/23/2004,HWD,CA,AWP,WE,Towers with Display (VFR),0,1,33,0,34,0,0,171,0,171,0,1,204,0,205,84,0,84,289
08/24/2004,HWD,CA,AWP,WE,Towers with Display (VFR),0,5,51,0,56,0,6,110,0,116,0,11,161,0,172,202,0,202,374
08/25/2004,HWD,CA,AWP,WE,Towers with Display (VFR),0,2,23,0,25,0,2,173,0,175,0,4,196,0,200,162,0,162,362
08/26/2004,HWD,CA,AWP,WE,Towers with Display (VFR),0,1,16,0,17,0,6,166,2,174,0,7,182,2,191,184,0,184,375
08/27/2004,HWD,CA,AWP,WE,Towers with Display (VFR),0,0,14,0,14,0,0,190,0,190,0,0,204,0,204,198,0,198,402
08/28/2004,HWD,CA,AWP,WE,Towers with Display (VFR),0,1,12,0,13,0,3,312,0,315,0,4,324,0,328,220,0,220,548
08/29/2004,HWD,CA,AWP,WE,Towers with Display (VFR),0,1,14,0,15,0,1,186,0,187,0,2,200,0,202,120,0,120,322
08/30/2004,HWD,CA,AWP,WE,Towers with Display (VFR),0,2,30,0,32,0,4,169,0,173,0,6,199,0,205,122,0,122,327
08/31/2004,HWD,CA,AWP,WE,Towers with Display (VFR),0,1,16,0,17,0,2,205,0,207,0,3,221,0,224,162,0,162,386
09/01/2004,HWD,CA,AWP,WE,Towers with Display (VFR),0,3,19,0,22,0,1,191,0,192,0,4,210,0,214,166,0,166,380
09/02/2004,HWD,CA,AWP,WE,Towers with Display (VFR),0,2,14,0,16,0,2,185,0,187,0,4,199,0,203,174,0,174,377
09/03/2004,HWD,CA,AWP,WE,Towers with Display (VFR),0,0,13,0,13,0,0,215,0,215,0,0,228,0,228,168,0,168,396
09/04/2004,HWD,CA,AWP,WE,Towers with Display (VFR),0,1,5,0,6,0,0,201,0,201,0,1,206,0,207,212,0,212,419
09/05/2004,HWD,CA,AWP,WE,Towers with Display (VFR),0,1,1,0,2,0,0,183,0,183,0,1,184,0,185,154,0,154,339
09/06/2004,HWD,CA,AWP,WE,Towers with Display (VFR),0,2,18,0,20,0,4,262,0,266,0,6,280,0,286,282,0,282,568
09/07/2004,HWD,CA,AWP,WE,Towers with Display (VFR),0,3,21,0,24,0,3,183,0,186,0,6,204,0,210,116,0,116,326
09/08/2004,HWD,CA,AWP,WE,Towers with Display (VFR),0,2,14,0,16,0,0,155,0,155,0,2,169,0,171,172,0,172,343
09/09/2004,HWD,CA,AWP,WE,Towers with Display (VFR),0,1,8,0,9,0,3,203,0,206,0,4,211,0,215,184,0,184,399
09/10/2004,HWD,CA,AWP,WE,Towers with Display (VFR),0,3,18,0,21,0,2,209,0,211,0,5,227,0,232,212,0,212,444
09/11/2004,HWD,CA,AWP,WE,Towers with Display (VFR),0,1,18,0,19,0,0,179,0,179,0,1,197,0,198,282,0,282,480
09/12/2004,HWD,CA,AWP,WE,Towers with Display (VFR),0,0,21,0,21,0,0,184,0,184,0,0,205,0,205,226,0,226,431
09/13/2004,HWD,CA,AWP,WE,Towers with Display (VFR),0,2,15,0,17,0,3,241,0,244,0,5,256,0,261,182,0,182,443
09/14/2004,HWD,CA,AWP,WE,Towers with Display (VFR),0,2,15,0,17,0,3,159,0,162,0,5,174,0,179,120,0,120,299
09/15/2004,HWD,CA,AWP,WE,Towers with Display (VFR),0,3,19,0,22,0,0,220,0,220,0,3,239,0,242,282,0,282,524
09/16/2004,HWD,CA,AWP,WE,Towers with Display (VFR),0,2,19,0,21,0,1,230,0,231,0,3,249,0,252,242,0,242,494
09/17/2004,HWD,CA,AWP,WE,Towers with Display (VFR),0,1,25,0,26,0,0,187,1,188,0,1,212,1,214,164,8,172,386
09/18/2004,HWD,CA,AWP,WE,Towers with Display (VFR),0,1,12,0,13,0,3,163,0,166,0,4,175,0,179,160,0,160,339
09/19/2004,HWD,CA,AWP,WE,Towers with Display (VFR),0,3,28,0,31,0,2,70,12,84,0,5,98,12,115,208,0,208,323
09/20/2004,HWD,CA,AWP,WE,Towers with Display (VFR),0,1,19,0,20,0,2,166,0,168,0,3,185,0,188,184,0,184,372
09/21/2004,HWD,CA,AWP,WE,Towers with Display (VFR),0,1,14,0,15,0,2,192,0,194,0,3,206,0,209,172,2,174,383
09/22/2004,HWD,CA,AWP,WE,Towers with Display (VFR),0,1,13,0,14,0,2,211,0,213,0,3,224,0,227,230,0,230,457
09/23/2004,HWD,CA,AWP,WE,Towers with Display (VFR),0,1,10,0,11,0,4,194,0,198,0,5,204,0,209,200,0,200,409
09/24/2004,HWD,CA,AWP,WE,Towers with Display (VFR),0,1,19,0,20,0,3,194,0,197,0,4,213,0,217,188,8,196,413
09/25/2004,HWD,CA,AWP,WE,Towers with Display (VFR),0,3,28,0,31,0,0,219,0,219,0,3,247,0,250,308,0,308,558
09/26/2004,HWD,CA,AWP,WE,Towers with Display (VFR),0,1,13,0,14,0,0,193,0,193,0,1,206,0,207,244,0,244,451
09/27/2004,HWD,CA,AWP,WE,Towers with Display (VFR),0,5,48,0,53,0,1,146,0,147,0,6,194,0,200,192,0,192,392
09/28/2004,HWD,CA,AWP,WE,Towers with Display (VFR),0,2,22,0,24,0,3,161,0,164,0,5,183,0,188,332,0,332,520
09/29/2004,HWD,CA,AWP,WE,Towers with Display (VFR),0,3,37,0,40,0,5,166,0,171,0,8,203,0,211,156,0,156,367
09/30/2004,HWD,CA,AWP,WE,Towers with Display (VFR),0,2,27,0,29,0,4,154,0,158,0,6,181,0,187,182,2,184,371
10/01/2004,HWD,CA,AWP,WE,Towers with Display (VFR),0,4,25,0,29,0,0,168,0,168,0,4,193,0,197,176,0,176,373
10/02/2004,HWD,CA,AWP,WE,Towers with Display (VFR),0,1,25,0,26,0,0,171,0,171,0,1,196,0,197,234,0,234,431
10/03/2004,HWD,CA,AWP,WE,Towers with Display (VFR),0,1,30,0,31,0,0,146,0,146,0,1,176,0,177,212,0,212,389
10/04/2004,HWD,CA,AWP,WE,Towers with Display (VFR),0,3,35,0,38,0,1,144,0,145,0,4,179,0,183,202,0,202,385
10/05/2004,HWD,CA,AWP,WE,Towers with Display (VFR),0,3,29,0,32,0,0,125,0,125,0,3,154,0,157,194,0,194,351
10/06/2004,HWD,CA,AWP,WE,Towers with Display (VFR),0,3,22,0,25,0,1,228,0,229,0,4,250,0,254,268,0,268,522
10/07/2004,HWD,CA,AWP,WE,Towers with Display (VFR),0,1,25,0,26,0,0,141,0,141,0,1,166,0,167,90,0,90,257
10/08/2004,HWD,CA,AWP,WE,Towers with Display (VFR),0,3,19,0,22,0,0,217,0,217,0,3,236,0,239,258,0,258,497
10/09/2004,HWD,CA,AWP,WE,Towers with Display (VFR),0,0,14,0,14,0,0,191,0,191,0,0,205,0,205,172,0,172,377
10/10/2004,HWD,CA,AWP,WE,Towers with Display (VFR),0,0,23,0,23,0,1,252,0,253,0,1,275,0,276,412,0,412,688
10/11/2004,HWD,CA,AWP,WE,Towers with Display (VFR),0,4,11,0,15,0,0,181,0,181,0,4,192,0,196,222,0,222,418
10/12/2004,HWD,CA,AWP,WE,Towers with Display (VFR),0,3,12,0,15,0,2,215,0,217,0,5,227,0,232,292,0,292,524
10/13/2004,HWD,CA,AWP,WE,Towers with Display (VFR),0,1,7,0,8,0,2,220,0,222,0,3,227,0,230,186,0,186,416
10/14/2004,HWD,CA,AWP,WE,Towers with Display (VFR),0,1,13,0,14,0,1,223,0,224,0,2,236,0,238,218,0,218,456
10/15/2004,HWD,CA,AWP,WE,Towers with Display (VFR),0,1,18,0,19,0,0,176,0,176,0,1,194,0,195,270,0,270,465
10/16/2004,HWD,CA,AWP,WE,Towers with Display (VFR),0,0,21,0,21,0,0,166,0,166,0,0,187,0,187,436,0,436,623
10/17/2004,HWD,CA,AWP,WE,Towers with Display (VFR),0,1,28,0,29,0,0,60,0,60,0,1,88,0,89,24,0,24,113
10/18/2004,HWD,CA,AWP,WE,Towers with Display (VFR),0,0,15,0,15,0,2,188,0,190,0,2,203,0,205,236,0,236,441
10/19/2004,HWD,CA,AWP,WE,Towers with Display (VFR),0,4,19,0,23,0,1,49,0,50,0,5,68,0,73,64,0,64,137
10/20/2004,HWD,CA,AWP,WE,Towers with Display (VFR),0,0,20,0,20,0,2,150,0,152,0,2,170,0,172,148,0,148,320
10/21/2004,HWD,CA,AWP,WE,Towers with Display (VFR),0,0,18,0,18,0,2,183,0,185,0,2,201,0,203,240,0,240,443
10/22/2004,HWD,CA,AWP,WE,Towers with Display (VFR),0,2,25,0,27,0,0,220,0,220,0,2,245,0,247,260,0,260,507
10/23/2004,HWD,CA,AWP,WE,Towers with Display (VFR),0,3,26,0,29,0,0,44,0,44,0,3,70,0,73,22,0,22,95
10/24/2004,HWD,CA,AWP,WE,Towers with Display (VFR),0,3,25,0,28,0,1,153,0,154,0,4,178,0,182,276,0,276,458
10/25/2004,HWD,CA,AWP,WE,Towers with Display (VFR),0,1,14,0,15,0,0,171,0,171,0,1,185,0,186,214,0,214,400
10/26/2004,HWD,CA,AWP,WE,Towers with Display (VFR),0,5,21,0,26,0,3,124,0,127,0,8,145,0,153,94,0,94,247
10/27/2004,HWD,CA,AWP,WE,Towers with Display (VFR),0,1,22,0,23,0,1,181,0,182,0,2,203,0,205,98,0,98,303
10/28/2004,HWD,CA,AWP,WE,Towers with Display (VFR),0,3,19,0,22,0,2,156,0,158,0,5,175,0,180,168,0,168,348
10/29/2004,HWD,CA,AWP,WE,Towers with Display (VFR),0,3,26,0,29,0,1,196,0,197,0,4,222,0,226,234,0,234,460
10/30/2004,HWD,CA,AWP,WE,Towers with Display (VFR),0,0,34,0,34,0,0,163,0,163,0,0,197,0,197,262,0,262,459
10/31/2004,HWD,CA,AWP,WE,Towers with Display (VFR),0,1,6,0,7,0,0,209,0,209,0,1,215,0,216,186,0,186,402
11/01/2004,HWD,CA,AWP,WE,Towers with Radar,0,2,13,0,15,0,2,176,0,178,0,4,189,0,193,186,0,186,379
11/02/2004,HWD,CA,AWP,WE,Towers with Radar,0,2,11,0,13,0,2,199,0,201,0,4,210,0,214,166,0,166,380
11/03/2004,HWD,CA,AWP,WE,Towers with Radar,0,3,23,0,26,0,2,118,0,120,0,5,141,0,146,186,0,186,332
11/04/2004,HWD,CA,AWP,WE,Towers with Radar,0,7,18,0,25,0,0,145,0,145,0,7,163,0,170,106,0,106,276
11/05/2004,HWD,CA,AWP,WE,Towers with Radar,0,1,21,0,22,0,2,183,0,185,0,3,204,0,207,122,0,122,329
11/06/2004,HWD,CA,AWP,WE,Towers with Radar,0,1,14,0,15,0,1,196,0,197,0,2,210,0,212,278,0,278,490
11/07/2004,HWD,CA,AWP,WE,Towers with Radar,0,4,25,0,29,0,1,207,0,208,0,5,232,0,237,242,0,242,479
11/08/2004,HWD,CA,AWP,WE,Towers with Radar,0,4,31,0,35,0,3,132,0,135,0,7,163,0,170,198,0,198,368
11/09/2004,HWD,CA,AWP,WE,Towers with Radar,0,2,28,0,30,0,0,133,0,133,0,2,161,0,163,122,0,122,285
11/10/2004,HWD,CA,AWP,WE,Towers with Radar,0,1,36,0,37,0,2,112,0,114,0,3,148,0,151,105,0,105,256
11/11/2004,HWD,CA,AWP,WE,Towers with Radar,0,4,22,0,26,0,0,56,0,56,0,4,78,0,82,10,0,10,92
11/12/2004,HWD,CA,AWP,WE,Towers with Radar,0,2,19,0,21,0,0,154,0,154,0,2,173,0,175,130,0,130,305
11/13/2004,HWD,CA,AWP,WE,Towers with Radar,0,1,21,0,22,0,0,154,0,154,0,1,175,0,176,372,0,372,548
11/14/2004,HWD,CA,AWP,WE,Towers with Radar,0,2,22,0,24,0,0,155,0,155,0,2,177,0,179,218,0,218,397
11/15/2004,HWD,CA,AWP,WE,Towers with Radar,0,4,28,0,32,0,2,141,0,143,0,6,169,0,175,128,0,128,303
11/16/2004,HWD,CA,AWP,WE,Towers with Radar,0,3,56,0,59,0,1,68,0,69,0,4,124,0,128,80,0,80,208
11/17/2004,HWD,CA,AWP,WE,Towers with Radar,0,4,15,0,19,0,0,116,0,116,0,4,131,0,135,156,0,156,291
11/18/2004,HWD,CA,AWP,WE,Towers with Radar,0,3,22,0,25,0,0,131,0,131,0,3,153,0,156,142,0,142,298
11/19/2004,HWD,CA,AWP,WE,Towers with Radar,0,1,20,0,21,0,0,183,0,183,0,1,203,0,204,218,0,218,422
11/20/2004,HWD,CA,AWP,WE,Towers with Radar,0,0,19,0,19,0,0,224,0,224,0,0,243,0,243,230,0,230,473
11/21/2004,HWD,CA,AWP,WE,Towers with Radar,0,4,8,0,12,0,5,93,0,98,0,9,101,0,110,92,0,92,202
11/22/2004,HWD,CA,AWP,WE,Towers with Radar,0,4,15,0,19,0,1,178,0,179,0,5,193,0,198,112,0,112,310
11/23/2004,HWD,CA,AWP,WE,Towers with Radar,0,2,18,0,20,0,2,232,0,234,0,4,250,0,254,252,0,252,506
11/24/2004,HWD,CA,AWP,WE,Towers with Radar,0,1,20,0,21,0,2,189,0,191,0,3,209,0,212,122,0,122,334
11/25/2004,HWD,CA,AWP,WE,Towers with Radar,0,2,20,0,22,0,0,37,0,37,0,2,57,0,59,58,0,58,117
11/26/2004,HWD,CA,AWP,WE,Towers with Radar,0,0,23,0,23,0,0,165,0,165,0,0,188,0,188,176,0,176,364
11/27/2004,HWD,CA,AWP,WE,Towers with Radar,0,1,9,0,10,0,2,94,0,96,0,3,103,0,106,76,0,76,182
11/28/2004,HWD,CA,AWP,WE,Towers with Radar,0,1,25,0,26,0,0,136,0,136,0,1,161,0,162,146,0,146,308
11/29/2004,HWD,CA,AWP,WE,Towers with Radar,0,1,9,0,10,0,4,203,0,207,0,5,212,0,217,80,0,80,297
11/30/2004,HWD,CA,AWP,WE,Towers with Radar,0,3,19,0,22,0,2,162,0,164,0,5,181,0,186,168,0,168,354
12/01/2004,HWD,CA,AWP,WE,Towers with Radar,0,5,18,0,23,0,2,181,0,183,0,7,199,0,206,130,0,130,336
12/02/2004,HWD,CA,AWP,WE,Towers with Radar,0,2,9,0,11,0,0,155,0,155,0,2,164,0,166,174,0,174,340
12/03/2004,HWD,CA,AWP,WE,Towers with Radar,0,1,16,0,17,0,0,159,0,159,0,1,175,0,176,166,0,166,342
12/04/2004,HWD,CA,AWP,WE,Towers with Radar,0,0,16,0,16,0,0,271,0,271,0,0,287,0,287,344,0,344,631
12/05/2004,HWD,CA,AWP,WE,Towers with Radar,0,2,19,0,21,0,0,144,0,144,0,2,163,0,165,228,0,228,393
12/06/2004,HWD,CA,AWP,WE,Towers with Radar,0,3,14,0,17,0,0,92,0,92,0,3,106,0,109,58,0,58,167
12/07/2004,HWD,CA,AWP,WE,Towers with Radar,0,9,16,0,25,0,2,129,0,131,0,11,145,0,156,108,0,108,264
12/08/2004,HWD,CA,AWP,WE,Towers with Radar,0,5,35,0,40,0,0,62,0,62,0,5,97,0,102,36,0,36,138
12/09/2004,HWD,CA,AWP,WE,Towers with Radar,0,4,22,0,26,0,1,135,0,136,0,5,157,0,162,116,0,116,278
12/10/2004,HWD,CA,AWP,WE,Towers with Radar,0,1,16,0,17,0,0,91,0,91,0,1,107,0,108,106,0,106,214
12/11/2004,HWD,CA,AWP,WE,Towers with Radar,0,0,39,0,39,0,0,52,4,56,0,0,91,4,95,104,0,104,199
12/12/2004,HWD,CA,AWP,WE,Towers with Radar,0,0,22,0,22,0,0,35,0,35,0,0,57,0,57,242,0,242,299
12/13/2004,HWD,CA,AWP,WE,Towers with Radar,0,4,21,0,25,0,1,126,0,127,0,5,147,0,152,150,0,150,302
12/14/2004,HWD,CA,AWP,WE,Towers with Radar,0,3,34,0,37,0,0,93,0,93,0,3,127,0,130,106,0,106,236
12/15/2004,HWD,CA,AWP,WE,Towers with Radar,0,7,23,0,30,0,2,171,0,173,0,9,194,0,203,130,0,130,333
12/16/2004,HWD,CA,AWP,WE,Towers with Radar,0,2,19,0,21,0,1,141,0,142,0,3,160,0,163,94,0,94,257
12/17/2004,HWD,CA,AWP,WE,Towers with Radar,0,1,32,0,33,0,0,136,0,136,0,1,168,0,169,148,0,148,317
12/18/2004,HWD,CA,AWP,WE,Towers with Radar,0,1,23,0,24,0,0,195,0,195,0,1,218,0,219,200,0,200,419
12/19/2004,HWD,CA,AWP,WE,Towers with Radar,0,2,0,0,2,0,0,200,0,200,0,2,200,0,202,234,0,234,436
12/20/2004,HWD,CA,AWP,WE,Towers with Radar,0,5,35,0,40,0,0,139,0,139,0,5,174,0,179,190,0,190,369
12/21/2004,HWD,CA,AWP,WE,Towers with Radar,0,1,30,0,31,0,3,196,0,199,0,4,226,0,230,178,0,178,408
12/22/2004,HWD,CA,AWP,WE,Towers with Radar,0,7,10,0,17,0,3,201,12,216,0,10,211,12,233,144,0,144,377
12/23/2004,HWD,CA,AWP,WE,Towers with Radar,0,3,20,0,23,0,4,143,0,147,0,7,163,0,170,72,0,72,242
12/24/2004,HWD,CA,AWP,WE,Towers with Radar,0,1,8,0,9,0,0,133,0,133,0,1,141,0,142,152,0,152,294
12/25/2004,HWD,CA,AWP,WE,Towers with Radar,0,0,1,0,1,0,0,35,0,35,0,0,36,0,36,4,0,4,40
12/26/2004,HWD,CA,AWP,WE,Towers with Radar,0,2,15,0,17,0,0,49,0,49,0,2,64,0,66,54,0,54,120
12/27/2004,HWD,CA,AWP,WE,Towers with Radar,0,3,19,0,22,0,1,62,0,63,0,4,81,0,85,0,0,0,85
12/28/2004,HWD,CA,AWP,WE,Towers with Radar,0,1,19,0,20,0,0,71,0,71,0,1,90,0,91,118,0,118,209
12/29/2004,HWD,CA,AWP,WE,Towers with Radar,0,2,10,0,12,0,0,101,0,101,0,2,111,0,113,228,16,244,357
12/30/2004,HWD,CA,AWP,WE,Towers with Radar,0,0,14,0,14,0,0,51,0,51,0,0,65,0,65,12,0,12,77
12/31/2004,HWD,CA,AWP,WE,Towers with Radar,0,1,5,0,6,0,0,87,0,87,0,1,92,0,93,124,0,124,217
01/01/2005,HWD,CA,AWP,WE,Towers with Radar,0,2,15,0,17,0,0,75,0,75,0,2,90,0,92,112,0,112,204
01/02/2005,HWD,CA,AWP,WE,Towers with Radar,0,0,26,0,26,0,0,8,0,8,0,0,34,0,34,16,0,16,50
01/03/2005,HWD,CA,AWP,WE,Towers with Radar,0,4,16,0,20,0,1,121,0,122,0,5,137,0,142,102,0,102,244
01/04/2005,HWD,CA,AWP,WE,Towers with Radar,0,4,13,0,17,0,1,137,0,138,0,5,150,0,155,170,0,170,325
01/05/2005,HWD,CA,AWP,WE,Towers with Radar,0,3,20,0,23,0,0,131,0,131,0,3,151,0,154,62,0,62,216
01/06/2005,HWD,CA,AWP,WE,Towers with Radar,0,3,21,0,24,0,1,123,0,124,0,4,144,0,148,156,0,156,304
01/07/2005,HWD,CA,AWP,WE,Towers with Radar,0,2,7,0,9,0,1,31,0,32,0,3,38,0,41,4,0,4,45
01/08/2005,HWD,CA,AWP,WE,Towers with Radar,0,0,20,0,20,0,0,34,0,34,0,0,54,0,54,15,0,15,69
01/09/2005,HWD,CA,AWP,WE,Towers with Radar,0,3,16,0,19,0,0,90,0,90,0,3,106,0,109,276,0,276,385
01/10/2005,HWD,CA,AWP,WE,Towers with Radar,0,9,8,0,17,0,0,89,0,89,0,9,97,0,106,92,0,92,198
01/11/2005,HWD,CA,AWP,WE,Towers with Radar,0,0,19,0,19,0,0,97,0,97,0,0,116,0,116,134,0,134,250
01/12/2005,HWD,CA,AWP,WE,Towers with Radar,0,2,19,0,21,0,1,163,0,164,0,3,182,0,185,110,0,110,295
01/13/2005,HWD,CA,AWP,WE,Towers with Radar,0,6,29,0,35,0,1,100,0,101,0,7,129,0,136,114,0,114,250
01/14/2005,HWD,CA,AWP,WE,Towers with Radar,0,4,25,0,29,0,1,129,0,130,0,5,154,0,159,168,0,168,327
01/15/2005,HWD,CA,AWP,WE,Towers with Radar,0,2,17,0,19,0,1,117,0,118,0,3,134,0,137,290,0,290,427
01/16/2005,HWD,CA,AWP,WE,Towers with Radar,0,0,12,0,12,0,0,189,0,189,0,0,201,0,201,332,0,332,533
01/17/2005,HWD,CA,AWP,WE,Towers with Radar,0,4,22,0,26,0,0,159,0,159,0,4,181,0,185,126,0,126,311
01/18/2005,HWD,CA,AWP,WE,Towers with Radar,0,5,34,0,39,0,0,128,0,128,0,5,162,0,167,146,0,146,313
01/19/2005,HWD,CA,AWP,WE,Towers with Radar,0,1,19,0,20,0,1,152,0,153,0,2,171,0,173,316,0,316,489
01/20/2005,HWD,CA,AWP,WE,Towers with Radar,0,2,33,0,35,0,0,153,0,153,0,2,186,0,188,138,0,138,326
01/21/2005,HWD,CA,AWP,WE,Towers with Radar,0,5,20,0,25,0,1,171,0,172,0,6,191,0,197,174,0,174,371
01/22/2005,HWD,CA,AWP,WE,Towers with Radar,0,0,17,0,17,0,0,161,0,161,0,0,178,0,178,278,0,278,456
01/23/2005,HWD,CA,AWP,WE,Towers with Radar,0,1,31,0,32,0,3,134,0,137,0,4,165,0,169,216,0,216,385
01/24/2005,HWD,CA,AWP,WE,Towers with Radar,0,2,20,0,22,0,2,136,0,138,0,4,156,0,160,228,0,228,388
01/25/2005,HWD,CA,AWP,WE,Towers with Radar,0,1,36,0,37,0,1,90,0,91,0,2,126,0,128,120,0,120,248
01/26/2005,HWD,CA,AWP,WE,Towers with Radar,0,2,11,0,13,0,0,94,0,94,0,2,105,0,107,142,0,142,249
01/27/2005,HWD,CA,AWP,WE,Towers with Radar,0,1,13,0,14,0,0,104,0,104,0,1,117,0,118,90,0,90,208
01/28/2005,HWD,CA,AWP,WE,Towers with Radar,0,0,8,0,8,0,0,86,0,86,0,0,94,0,94,54,0,54,148
01/29/2005,HWD,CA,AWP,WE,Towers with Radar,0,1,16,0,17,0,0,216,0,216,0,1,232,0,233,258,0,258,491
01/30/2005,HWD,CA,AWP,WE,Towers with Radar,0,2,19,0,21,0,0,211,0,211,0,2,230,0,232,170,0,170,402
01/31/2005,HWD,CA,AWP,WE,Towers with Radar,0,2,6,0,8,0,2,166,0,168,0,4,172,0,176,158,0,158,334
02/01/2005,HWD,CA,AWP,WE,Towers with Radar,0,1,9,0,10,0,2,159,0,161,0,3,168,0,171,168,0,168,339
02/02/2005,HWD,CA,AWP,WE,Towers with Radar,0,1,16,0,17,0,3,194,0,197,0,4,210,0,214,96,0,96,310
02/03/2005,HWD,CA,AWP,WE,Towers with Radar,0,7,28,0,35,0,1,155,0,156,0,8,183,0,191,312,0,312,503
02/04/2005,HWD,CA,AWP,WE,Towers with Radar,0,0,33,0,33,0,0,163,0,163,0,0,196,0,196,156,0,156,352
02/05/2005,HWD,CA,AWP,WE,Towers with Radar,0,1,33,0,34,0,0,128,0,128,0,1,161,0,162,418,0,418,580
02/06/2005,HWD,CA,AWP,WE,Towers with Radar,0,1,14,0,15,0,1,159,0,160,0,2,173,0,175,187,0,187,362
02/07/2005,HWD,CA,AWP,WE,Towers with Radar,0,2,20,0,22,0,2,81,0,83,0,4,101,0,105,78,0,78,183
02/08/2005,HWD,CA,AWP,WE,Towers with Radar,0,2,22,0,24,0,3,147,0,150,0,5,169,0,174,204,0,204,378
02/09/2005,HWD,CA,AWP,WE,Towers with Radar,0,2,24,0,26,0,1,161,0,162,0,3,185,0,188,116,0,116,304
02/10/2005,HWD,CA,AWP,WE,Towers with Radar,0,7,17,0,24,0,0,153,0,153,0,7,170,0,177,202,0,202,379
02/11/2005,HWD,CA,AWP,WE,Towers with Radar,0,5,21,0,26,0,0,158,0,158,0,5,179,0,184,226,0,226,410
02/12/2005,HWD,CA,AWP,WE,Towers with Radar,0,3,16,0,19,0,0,172,0,172,0,3,188,0,191,172,0,172,363
02/13/2005,HWD,CA,AWP,WE,Towers with Radar,0,4,23,0,27,0,0,99,0,99,0,4,122,0,126,234,0,234,360
02/14/2005,HWD,CA,AWP,WE,Towers with Radar,0,6,16,0,22,0,2,98,0,100,0,8,114,0,122,94,0,94,216
02/15/2005,HWD,CA,AWP,WE,Towers with Radar,0,2,35,0,37,0,0,22,0,22,0,2,57,0,59,42,0,42,101
02/16/2005,HWD,CA,AWP,WE,Towers with Radar,0,4,28,0,32,0,2,98,0,100,0,6,126,0,132,137,0,137,269
02/17/2005,HWD,CA,AWP,WE,Towers with Radar,0,3,29,0,32,0,0,125,0,125,0,3,154,0,157,90,0,90,247
02/18/2005,HWD,CA,AWP,WE,Towers with Radar,0,7,21,0,28,0,0,154,0,154,0,7,175,0,182,147,0,147,329
02/19/2005,HWD,CA,AWP,WE,Towers with Radar,0,1,21,0,22,0,0,42,0,42,0,1,63,0,64,62,0,62,126
02/20/2005,HWD,CA,AWP,WE,Towers with Radar,0,3,16,0,19,0,0,54,0,54,0,3,70,0,73,74,0,74,147
02/21/2005,HWD,CA,AWP,WE,Towers with Radar,0,0,15,0,15,0,0,113,0,113,0,0,128,0,128,140,0,140,268
02/22/2005,HWD,CA,AWP,WE,Towers with Radar,0,1,25,0,26,0,0,133,0,133,0,1,158,0,159,98,0,98,257
02/23/2005,HWD,CA,AWP,WE,Towers with Radar,0,4,51,0,55,0,1,119,0,120,0,5,170,0,175,158,0,158,333
02/24/2005,HWD,CA,AWP,WE,Towers with Radar,0,3,46,0,49,0,1,107,0,108,0,4,153,0,157,326,0,326,483
02/25/2005,HWD,CA,AWP,WE,Towers with Radar,0,6,39,0,45,0,1,134,0,135,0,7,173,0,180,168,0,168,348
02/26/2005,HWD,CA,AWP,WE,Towers with Radar,0,1,40,0,41,0,0,159,0,159,0,1,199,0,200,186,0,186,386
02/27/2005,HWD,CA,AWP,WE,Towers with Radar,0,3,25,0,28,0,0,55,0,55,0,3,80,0,83,78,0,78,161
02/28/2005,HWD,CA,AWP,WE,Towers with Radar,0,0,12,0,12,0,0,175,34,209,0,0,187,34,221,110,0,110,331
03/01/2005,HWD,CA,AWP,WE,Towers with Radar,0,3,10,0,13,0,2,94,0,96,0,5,104,0,109,24,0,24,133
03/02/2005,HWD,CA,AWP,WE,Towers with Radar,0,3,28,0,31,0,1,115,0,116,0,4,143,0,147,70,0,70,217
03/03/2005,HWD,CA,AWP,WE,Towers with Radar,0,1,32,0,33,0,2,139,0,141,0,3,171,0,174,230,0,230,404
03/04/2005,HWD,CA,AWP,WE,Towers with Radar,0,3,29,0,32,0,0,52,0,52,0,3,81,0,84,76,0,76,160
03/05/2005,HWD,CA,AWP,WE,Towers with Radar,0,1,16,0,17,0,0,151,0,151,0,1,167,0,168,147,0,147,315
03/06/2005,HWD,CA,AWP,WE,Towers with Radar,0,0,34,0,34,0,0,194,0,194,0,0,228,0,228,228,0,228,456
03/07/2005,HWD,CA,AWP,WE,Towers with Radar,0,0,31,0,31,0,2,105,0,107,0,2,136,0,138,118,0,118,256
03/08/2005,HWD,CA,AWP,WE,Towers with Radar,0,2,26,0,28,0,2,136,0,138,0,4,162,0,166,176,0,176,342
03/09/2005,HWD,CA,AWP,WE,Towers with Radar,0,1,42,0,43,0,2,88,0,90,0,3,130,0,133,130,0,130,263
03/10/2005,HWD,CA,AWP,WE,Towers with Radar,0,4,18,0,22,0,4,165,0,169,0,8,183,0,191,340,0,340,531
03/11/2005,HWD,CA,AWP,WE,Towers with Radar,0,2,23,0,25,0,0,212,0,212,0,2,235,0,237,112,0,112,349
03/12/2005,HWD,CA,AWP,WE,Towers with Radar,0,0,51,0,51,0,0,64,0,64,0,0,115,0,115,200,0,200,315
03/13/2005,HWD,CA,AWP,WE,Towers with Radar,0,2,30,0,32,0,0,157,0,157,0,2,187,0,189,194,0,194,383
03/14/2005,HWD,CA,AWP,WE,Towers with Radar,0,1,9,0,10,0,4,93,0,97,0,5,102,0,107,60,8,68,175
03/15/2005,HWD,CA,AWP,WE,Towers with Radar,0,0,24,0,24,0,0,178,0,178,0,0,202,0,202,270,0,270,472
03/16/2005,HWD,CA,AWP,WE,Towers with Radar,0,1,23,0,24,0,2,186,0,188,0,3,209,0,212,174,0,174,386
03/17/2005,HWD,CA,AWP,WE,Towers with Radar,0,4,23,0,27,0,10,140,0,150,0,14,163,0,177,150,0,150,327
03/18/2005,HWD,CA,AWP,WE,Towers with Radar,0,2,16,0,18,0,2,80,0,82,0,4,96,0,100,100,0,100,200
03/19/2005,HWD,CA,AWP,WE,Towers with Radar,0,1,17,0,18,0,0,27,0,27,0,1,44,0,45,58,0,58,103
03/20/2005,HWD,CA,AWP,WE,Towers with Radar,0,1,17,0,18,0,0,32,0,32,0,1,49,0,50,106,0,106,156
03/21/2005,HWD,CA,AWP,WE,Towers with Radar,0,2,14,0,16,0,2,84,0,86,0,4,98,0,102,20,0,20,122
03/22/2005,HWD,CA,AWP,WE,Towers with Radar,0,1,16,0,17,0,0,49,0,49,0,1,65,0,66,92,0,92,158
03/23/2005,HWD,CA,AWP,WE,Towers with Radar,0,0,22,0,22,0,0,162,0,162,0,0,184,0,184,218,0,218,402
03/24/2005,HWD,CA,AWP,WE,Towers with Radar,0,0,28,0,28,0,0,124,0,124,0,0,152,0,152,146,0,146,298
03/25/2005,HWD,CA,AWP,WE,Towers with Radar,0,1,35,0,36,0,0,191,0,191,0,1,226,0,227,262,0,262,489
03/26/2005,HWD,CA,AWP,WE,Towers with Radar,0,1,17,0,18,0,0,204,0,204,0,1,221,0,222,330,0,330,552
03/27/2005,HWD,CA,AWP,WE,Towers with Radar,0,0,16,0,16,0,0,59,0,59,0,0,75,0,75,126,0,126,201
03/28/2005,HWD,CA,AWP,WE,Towers with Radar,0,2,18,0,20,0,0,87,0,87,0,2,105,0,107,18,0,18,125
03/29/2005,HWD,CA,AWP,WE,Towers with Radar,0,2,16,0,18,0,1,82,0,83,0,3,98,0,101,80,0,80,181
03/30/2005,HWD,CA,AWP,WE,Towers with Radar,0,3,17,0,20,0,1,187,0,188,0,4,204,0,208,300,0,300,508
03/31/2005,HWD,CA,AWP,WE,Towers with Radar,0,3,15,0,18,0,1,188,0,189,0,4,203,0,207,190,0,190,397
04/01/2005,HWD,CA,AWP,WE,Towers with Radar,0,4,18,0,22,0,0,246,0,246,0,4,264,0,268,252,0,252,520
04/02/2005,HWD,CA,AWP,WE,Towers with Radar,0,0,27,0,27,0,0,151,0,151,0,0,178,0,178,226,0,226,404
04/03/2005,HWD,CA,AWP,WE,Towers with Radar,0,0,23,0,23,0,0,77,0,77,0,0,100,0,100,186,0,186,286
04/04/2005,HWD,CA,AWP,WE,Towers with Radar,0,2,13,0,15,0,2,183,0,185,0,4,196,0,200,186,0,186,386
04/05/2005,HWD,CA,AWP,WE,Towers with Radar,0,0,11,0,11,0,3,186,0,189,0,3,197,0,200,200,0,200,400
04/06/2005,HWD,CA,AWP,WE,Towers with Radar,0,1,21,0,22,0,3,165,0,168,0,4,186,0,190,162,0,162,352
04/07/2005,HWD,CA,AWP,WE,Towers with Radar,0,4,20,0,24,0,0,90,0,90,0,4,110,0,114,184,0,184,298
04/08/2005,HWD,CA,AWP,WE,Towers with Radar,0,3,17,0,20,0,0,64,0,64,0,3,81,0,84,26,0,26,110
04/09/2005,HWD,CA,AWP,WE,Towers with Radar,0,3,19,0,22,0,0,144,0,144,0,3,163,0,166,222,0,222,388
04/10/2005,HWD,CA,AWP,WE,Towers with Radar,0,3,23,0,26,0,2,180,0,182,0,5,203,0,208,308,0,308,516
04/11/2005,HWD,CA,AWP,WE,Towers with Radar,0,4,25,0,29,0,0,134,0,134,0,4,159,0,163,264,0,264,427
04/12/2005,HWD,CA,AWP,WE,Towers with Radar,0,5,11,0,16,0,1,161,0,162,0,6,172,0,178,158,0,158,336
04/13/2005,HWD,CA,AWP,WE,Towers with Radar,0,4,20,0,24,0,4,147,0,151,0,8,167,0,175,102,0,102,277
04/14/2005,HWD,CA,AWP,WE,Towers with Radar,0,3,15,0,18,0,3,153,0,156,0,6,168,0,174,134,0,134,308
04/15/2005,HWD,CA,AWP,WE,Towers with Radar,0,1,30,0,31,0,2,201,0,203,0,3,231,0,234,198,0,198,432
04/16/2005,HWD,CA,AWP,WE,Towers with Radar,0,1,24,0,25,0,0,158,0,158,0,1,182,0,183,257,0,257,440
04/17/2005,HWD,CA,AWP,WE,Towers with Radar,0,0,24,0,24,0,1,135,0,136,0,1,159,0,160,230,0,230,390
04/18/2005,HWD,CA,AWP,WE,Towers with Radar,0,1,8,0,9,0,1,171,0,172,0,2,179,0,181,114,0,114,295
04/19/2005,HWD,CA,AWP,WE,Towers with Radar,0,0,22,0,22,0,2,171,0,173,0,2,193,0,195,76,0,76,271
04/20/2005,HWD,CA,AWP,WE,Towers with Radar,0,5,14,0,19,0,0,189,0,189,0,5,203,0,208,218,0,218,426
04/21/2005,HWD,CA,AWP,WE,Towers with Radar,0,5,15,0,20,0,5,174,0,179,0,10,189,0,199,190,0,190,389
04/22/2005,HWD,CA,AWP,WE,Towers with Radar,0,2,20,0,22,0,1,139,0,140,0,3,159,0,162,172,0,172,334
04/23/2005,HWD,CA,AWP,WE,Towers with Radar,0,2,13,0,15,0,0,110,0,110,0,2,123,0,125,252,0,252,377
04/24/2005,HWD,CA,AWP,WE,Towers with Radar,0,4,13,0,17,0,1,114,0,115,0,5,127,0,132,280,0,280,412
04/25/2005,HWD,CA,AWP,WE,Towers with Radar,0,5,14,0,19,0,3,175,0,178,0,8,189,0,197,296,0,296,493
04/26/2005,HWD,CA,AWP,WE,Towers with Radar,0,1,22,0,23,0,1,183,0,184,0,2,205,0,207,128,0,128,335
04/27/2005,HWD,CA,AWP,WE,Towers with Radar,0,4,16,0,20,0,1,90,0,91,0,5,106,0,111,184,0,184,295
04/28/2005,HWD,CA,AWP,WE,Towers with Radar,0,2,23,0,25,0,6,121,0,127,0,8,144,0,152,252,0,252,404
04/29/2005,HWD,CA,AWP,WE,Towers with Radar,0,3,36,0,39,0,0,213,0,213,0,3,249,0,252,344,0,344,596
04/30/2005,HWD,CA,AWP,WE,Towers with Radar,0,0,20,0,20,0,0,217,0,217,0,0,237,0,237,184,0,184,421
05/01/2005,HWD,CA,AWP,WE,Towers with Radar,0,1,16,0,17,0,0,181,0,181,0,1,197,0,198,292,0,292,490
05/02/2005,HWD,CA,AWP,WE,Towers with Radar,0,1,23,0,24,0,2,172,0,174,0,3,195,0,198,202,0,202,400
05/03/2005,HWD,CA,AWP,WE,Towers with Radar,0,1,21,0,22,0,1,203,0,204,0,2,224,0,226,260,0,260,486
05/04/2005,HWD,CA,AWP,WE,Towers with Radar,0,3,40,0,43,0,0,94,0,94,0,3,134,0,137,138,0,138,275
05/05/2005,HWD,CA,AWP,WE,Towers with Radar,0,5,25,0,30,0,1,86,0,87,0,6,111,0,117,244,0,244,361
05/06/2005,HWD,CA,AWP,WE,Towers with Radar,0,3,24,0,27,0,0,160,0,160,0,3,184,0,187,268,0,268,455
05/07/2005,HWD,CA,AWP,WE,Towers with Radar,0,6,19,0,25,0,0,160,0,160,0,6,179,0,185,136,0,136,321
05/08/2005,HWD,CA,AWP,WE,Towers with Radar,0,5,19,0,24,0,0,37,0,37,0,5,56,0,61,82,0,82,143
05/09/2005,HWD,CA,AWP,WE,Towers with Radar,0,5,19,0,24,0,2,103,0,105,0,7,122,0,129,94,0,94,223
05/10/2005,HWD,CA,AWP,WE,Towers with Radar,0,4,14,0,18,0,2,179,0,181,0,6,193,0,199,210,0,210,409
05/11/2005,HWD,CA,AWP,WE,Towers with Radar,0,3,18,0,21,0,3,186,0,189,0,6,204,0,210,182,0,182,392
05/12/2005,HWD,CA,AWP,WE,Towers with Radar,0,3,32,0,35,0,2,174,0,176,0,5,206,0,211,150,0,150,361
05/13/2005,HWD,CA,AWP,WE,Towers with Radar,0,1,33,0,34,0,0,227,0,227,0,1,260,0,261,236,0,236,497
05/14/2005,HWD,CA,AWP,WE,Towers with Radar,0,1,18,0,19,0,0,203,0,203,0,1,221,0,222,324,0,324,546
05/15/2005,HWD,CA,AWP,WE,Towers with Radar,0,6,39,0,45,0,0,164,0,164,0,6,203,0,209,180,0,180,389
05/16/2005,HWD,CA,AWP,WE,Towers with Radar,0,1,26,0,27,0,2,172,0,174,0,3,198,0,201,136,0,136,337
05/17/2005,HWD,CA,AWP,WE,Towers with Radar,0,2,27,0,29,0,2,189,0,191,0,4,216,0,220,246,0,246,466
05/18/2005,HWD,CA,AWP,WE,Towers with Radar,0,3,32,0,35,0,5,128,0,133,0,8,160,0,168,50,0,50,218
05/19/2005,HWD,CA,AWP,WE,Towers with Radar,0,1,58,0,59,0,1,60,0,61,0,2,118,0,120,196,0,196,316
05/20/2005,HWD,CA,AWP,WE,Towers with Radar,0,0,23,0,23,0,0,291,0,291,0,0,314,0,314,232,0,232,546
05/21/2005,HWD,CA,AWP,WE,Towers with Radar,0,1,11,0,12,0,0,227,0,227,0,1,238,0,239,414,0,414,653
05/22/2005,HWD,CA,AWP,WE,Towers with Radar,0,2,16,0,18,0,0,247,0,247,0,2,263,0,265,290,0,290,555
05/23/2005,HWD,CA,AWP,WE,Towers with Radar,0,2,17,0,19,0,0,203,0,203,0,2,220,0,222,210,0,210,432
05/24/2005,HWD,CA,AWP,WE,Towers with Radar,0,3,13,0,16,0,0,199,0,199,0,3,212,0,215,310,0,310,525
05/25/2005,HWD,CA,AWP,WE,Towers with Radar,0,2,19,0,21,0,0,227,0,227,0,2,246,0,248,250,0,250,498
05/26/2005,HWD,CA,AWP,WE,Towers with Radar,0,5,2,0,7,0,0,194,0,194,0,5,196,0,201,0,0,0,201
05/27/2005,HWD,CA,AWP,WE,Towers with Radar,0,0,78,0,78,0,0,170,0,170,0,0,248,0,248,166,0,166,414
05/28/2005,HWD,CA,AWP,WE,Towers with Radar,0,1,26,0,27,0,0,108,0,108,0,1,134,0,135,114,0,114,249
05/29/2005,HWD,CA,AWP,WE,Towers with Radar,0,2,11,0,13,0,0,157,0,157,0,2,168,0,170,176,0,176,346
05/30/2005,HWD,CA,AWP,WE,Towers with Radar,0,1,20,0,21,0,0,279,3,282,0,1,299,3,303,316,0,316,619
05/31/2005,HWD,CA,AWP,WE,Towers with Radar,0,3,43,0,46,0,0,164,0,164,0,3,207,0,210,236,0,236,446
06/01/2005,HWD,CA,AWP,WE,Towers with Radar,0,2,29,0,31,0,4,187,0,191,0,6,216,0,222,326,0,326,548
06/02/2005,HWD,CA,AWP,WE,Towers with Radar,0,1,11,0,12,0,2,210,0,212,0,3,221,0,224,230,0,230,454
06/03/2005,HWD,CA,AWP,WE,Towers with Radar,0,1,19,0,20,0,0,226,0,226,0,1,245,0,246,295,0,295,541
06/04/2005,HWD,CA,AWP,WE,Towers with Radar,0,3,15,0,18,0,0,246,0,246,0,3,261,0,264,268,0,268,532
06/05/2005,HWD,CA,AWP,WE,Towers with Radar,0,2,16,0,18,0,0,161,0,161,0,2,177,0,179,258,0,258,437
06/06/2005,HWD,CA,AWP,WE,Towers with Radar,0,3,13,0,16,0,1,147,0,148,0,4,160,0,164,90,0,90,254
06/07/2005,HWD,CA,AWP,WE,Towers with Radar,0,3,13,0,16,0,3,178,0,181,0,6,191,0,197,252,0,252,449
06/08/2005,HWD,CA,AWP,WE,Towers with Radar,0,4,48,0,52,0,0,37,0,37,0,4,85,0,89,102,0,102,191
06/09/2005,HWD,CA,AWP,WE,Towers with Radar,0,0,45,0,45,0,0,174,0,174,0,0,219,0,219,252,0,252,471
06/10/2005,HWD,CA,AWP,WE,Towers with Radar,0,1,52,0,53,0,0,161,0,161,0,1,213,0,214,374,0,374,588
06/11/2005,HWD,CA,AWP,WE,Towers with Radar,0,1,15,0,16,0,0,287,0,287,0,1,302,0,303,250,0,250,553
06/12/2005,HWD,CA,AWP,WE,Towers with Radar,0,0,18,0,18,0,0,190,0,190,0,0,208,0,208,90,0,90,298
06/13/2005,HWD,CA,AWP,WE,Towers with Radar,0,2,21,0,23,0,1,224,0,225,0,3,245,0,248,160,0,160,408
06/14/2005,HWD,CA,AWP,WE,Towers with Radar,0,0,9,0,9,0,2,226,0,228,0,2,235,0,237,170,0,170,407
06/15/2005,HWD,CA,AWP,WE,Towers with Radar,0,3,26,0,29,0,0,224,0,224,0,3,250,0,253,254,0,254,507
06/16/2005,HWD,CA,AWP,WE,Towers with Radar,0,3,29,0,32,0,0,129,0,129,0,3,158,0,161,186,0,186,347
06/17/2005,HWD,CA,AWP,WE,Towers with Radar,0,0,18,0,18,0,0,160,0,160,0,0,178,0,178,300,0,300,478
06/18/2005,HWD,CA,AWP,WE,Towers with Radar,0,0,18,0,18,0,0,167,0,167,0,0,185,0,185,168,0,168,353
06/19/2005,HWD,CA,AWP,WE,Towers with Radar,0,3,19,0,22,0,0,230,0,230,0,3,249,0,252,358,0,358,610
06/20/2005,HWD,CA,AWP,WE,Towers with Radar,0,1,15,0,16,0,0,202,0,202,0,1,217,0,218,258,22,280,498
06/21/2005,HWD,CA,AWP,WE,Towers with Radar,0,1,21,0,22,0,1,221,0,222,0,2,242,0,244,168,0,168,412
06/22/2005,HWD,CA,AWP,WE,Towers with Radar,0,4,25,0,29,0,0,236,0,236,0,4,261,0,265,366,0,366,631
06/23/2005,HWD,CA,AWP,WE,Towers with Radar,0,2,35,0,37,0,0,192,0,192,0,2,227,0,229,308,0,308,537
06/24/2005,HWD,CA,AWP,WE,Towers with Radar,0,1,29,0,30,0,1,237,0,238,0,2,266,0,268,247,0,247,515
06/25/2005,HWD,CA,AWP,WE,Towers with Radar,0,2,31,0,33,0,1,183,0,184,0,3,214,0,217,228,0,228,445
06/26/2005,HWD,CA,AWP,WE,Towers with Radar,0,2,31,0,33,0,0,190,0,190,0,2,221,0,223,190,0,190,413
06/27/2005,HWD,CA,AWP,WE,Towers with Radar,0,3,30,0,33,0,1,175,0,176,0,4,205,0,209,138,8,146,355
06/28/2005,HWD,CA,AWP,WE,Towers with Radar,0,2,49,0,51,0,2,197,0,199,0,4,246,0,250,352,0,352,602
06/29/2005,HWD,CA,AWP,WE,Towers with Radar,0,0,32,0,32,0,2,205,0,207,0,2,237,0,239,204,0,204,443
06/30/2005,HWD,CA,AWP,WE,Towers with Radar,0,3,17,0,20,0,0,230,0,230,0,3,247,0,250,305,0,305,555
07/01/2005,HWD,CA,AWP,WE,Towers with Radar,0,5,28,0,33,0,0,192,0,192,0,5,220,0,225,156,0,156,381
07/02/2005,HWD,CA,AWP,WE,Towers with Radar,0,3,24,0,27,0,0,138,0,138,0,3,162,0,165,160,0,160,325
07/03/2005,HWD,CA,AWP,WE,Towers with Radar,0,1,13,0,14,0,0,142,0,142,0,1,155,0,156,198,2,200,356
07/04/2005,HWD,CA,AWP,WE,Towers with Radar,0,0,10,0,10,0,0,165,0,165,0,0,175,0,175,182,0,182,357
07/05/2005,HWD,CA,AWP,WE,Towers with Radar,0,2,47,0,49,0,1,160,0,161,0,3,207,0,210,160,0,160,370
07/06/2005,HWD,CA,AWP,WE,Towers with Radar,0,3,39,2,44,0,0,161,0,161,0,3,200,2,205,252,0,252,457
07/07/2005,HWD,CA,AWP,WE,Towers with Radar,0,3,27,0,30,0,0,166,0,166,0,3,193,0,196,170,0,170,366
07/08/2005,HWD,CA,AWP,WE,Towers with Radar,0,1,40,0,41,0,0,172,0,172,0,1,212,0,213,146,0,146,359
07/09/2005,HWD,CA,AWP,WE,Towers with Radar,0,0,39,0,39,0,1,166,0,167,0,1,205,0,206,278,0,278,484
07/10/2005,HWD,CA,AWP,WE,Towers with Radar,0,0,22,0,22,0,0,216,0,216,0,0,238,0,238,292,0,292,530
07/11/2005,HWD,CA,AWP,WE,Towers with Radar,0,1,37,0,38,0,2,160,0,162,0,3,197,0,200,138,0,138,338
07/12/2005,HWD,CA,AWP,WE,Towers with Radar,0,0,17,0,17,0,2,207,0,209,0,2,224,0,226,234,0,234,460
07/13/2005,HWD,CA,AWP,WE,Towers with Radar,0,4,23,0,27,0,0,203,0,203,0,4,226,0,230,424,0,424,654
07/14/2005,HWD,CA,AWP,WE,Towers with Radar,0,5,15,0,20,0,0,184,0,184,0,5,199,0,204,186,0,186,390
07/15/2005,HWD,CA,AWP,WE,Towers with Radar,0,3,12,0,15,0,2,193,0,195,0,5,205,0,210,316,0,316,526
07/16/2005,HWD,CA,AWP,WE,Towers with Radar,0,3,13,0,16,0,0,235,0,235,0,3,248,0,251,288,0,288,539
07/17/2005,HWD,CA,AWP,WE,Towers with Radar,0,1,15,0,16,0,0,185,0,185,0,1,200,0,201,208,0,208,409
07/18/2005,HWD,CA,AWP,WE,Towers with Radar,0,4,15,0,19,0,0,180,0,180,0,4,195,0,199,240,0,240,439
07/19/2005,HWD,CA,AWP,WE,Towers with Radar,0,4,40,0,44,0,2,156,0,158,0,6,196,0,202,190,0,190,392
07/20/2005,HWD,CA,AWP,WE,Towers with Radar,0,1,31,0,32,0,0,152,0,152,0,1,183,0,184,98,0,98,282
07/21/2005,HWD,CA,AWP,WE,Towers with Radar,0,1,30,0,31,0,0,195,0,195,0,1,225,0,226,176,0,176,402
07/22/2005,HWD,CA,AWP,WE,Towers with Radar,0,1,23,0,24,0,0,332,0,332,0,1,355,0,356,294,0,294,650
07/23/2005,HWD,CA,AWP,WE,Towers with Radar,0,0,14,0,14,0,2,201,0,203,0,2,215,0,217,292,0,292,509
07/24/2005,HWD,CA,AWP,WE,Towers with Radar,0,6,11,0,17,0,0,170,0,170,0,6,181,0,187,182,0,182,369
07/25/2005,HWD,CA,AWP,WE,Towers with Radar,0,2,12,0,14,0,2,161,0,163,0,4,173,0,177,94,0,94,271
07/26/2005,HWD,CA,AWP,WE,Towers with Radar,0,1,13,0,14,0,3,216,0,219,0,4,229,0,233,146,0,146,379
07/27/2005,HWD,CA,AWP,WE,Towers with Radar,0,4,25,0,29,0,3,169,0,172,0,7,194,0,201,136,0,136,337
07/28/2005,HWD,CA,AWP,WE,Towers with Radar,0,1,34,0,35,0,2,130,0,132,0,3,164,0,167,88,0,88,255
07/29/2005,HWD,CA,AWP,WE,Towers with Radar,0,0,30,0,30,0,0,182,0,182,0,0,212,0,212,138,0,138,350
07/30/2005,HWD,CA,AWP,WE,Towers with Radar,0,4,17,0,21,0,0,165,0,165,0,4,182,0,186,198,0,198,384
07/31/2005,HWD,CA,AWP,WE,Towers with Radar,0,0,31,0,31,0,0,136,0,136,0,0,167,0,167,234,0,234,401
08/01/2005,HWD,CA,AWP,WE,Towers with Radar,0,2,22,0,24,0,0,152,0,152,0,2,174,0,176,170,0,170,346
08/02/2005,HWD,CA,AWP,WE,Towers with Radar,0,5,24,0,29,0,2,161,0,163,0,7,185,0,192,176,0,176,368
08/03/2005,HWD,CA,AWP,WE,Towers with Radar,0,2,20,0,22,0,2,135,0,137,0,4,155,0,159,294,0,294,453
08/04/2005,HWD,CA,AWP,WE,Towers with Radar,0,1,28,0,29,0,1,121,0,122,0,2,149,0,151,124,0,124,275
08/05/2005,HWD,CA,AWP,WE,Towers with Radar,0,1,15,0,16,0,0,189,0,189,0,1,204,0,205,192,0,192,397
08/06/2005,HWD,CA,AWP,WE,Towers with Radar,0,3,20,0,23,0,2,139,0,141,0,5,159,0,164,170,0,170,334
08/07/2005,HWD,CA,AWP,WE,Towers with Radar,0,1,24,0,25,0,0,159,0,159,0,1,183,0,184,248,0,248,432
08/08/2005,HWD,CA,AWP,WE,Towers with Radar,0,3,39,0,42,0,2,117,0,119,0,5,156,0,161,156,0,156,317
08/09/2005,HWD,CA,AWP,WE,Towers with Radar,0,3,33,0,36,0,2,153,0,155,0,5,186,0,191,190,14,204,395
08/10/2005,HWD,CA,AWP,WE,Towers with Radar,0,1,24,1,26,0,2,135,0,137,0,3,159,1,163,126,0,126,289
08/11/2005,HWD,CA,AWP,WE,Towers with Radar,0,2,26,0,28,0,0,188,0,188,0,2,214,0,216,168,0,168,384
08/12/2005,HWD,CA,AWP,WE,Towers with Radar,0,0,12,0,12,0,0,192,0,192,0,0,204,0,204,194,0,194,398
08/13/2005,HWD,CA,AWP,WE,Towers with Radar,0,2,32,0,34,0,0,133,0,133,0,2,165,0,167,298,0,298,465
08/14/2005,HWD,CA,AWP,WE,Towers with Radar,0,2,20,0,22,0,0,112,0,112,0,2,132,0,134,94,0,94,228
08/15/2005,HWD,CA,AWP,WE,Towers with Radar,0,0,31,0,31,0,2,122,0,124,0,2,153,0,155,116,0,116,271
08/16/2005,HWD,CA,AWP,WE,Towers with Radar,0,0,32,0,32,0,2,179,0,181,0,2,211,0,213,124,0,124,337
08/17/2005,HWD,CA,AWP,WE,Towers with Radar,0,2,41,0,43,0,2,136,0,138,0,4,177,0,181,70,0,70,251
08/18/2005,HWD,CA,AWP,WE,Towers with Radar,0,3,30,0,33,0,1,116,0,117,0,4,146,0,150,136,0,136,286
08/19/2005,HWD,CA,AWP,WE,Towers with Radar,0,0,39,0,39,0,0,148,0,148,0,0,187,0,187,130,0,130,317
08/20/2005,HWD,CA,AWP,WE,Towers with Radar,0,0,32,0,32,0,0,73,0,73,0,0,105,0,105,72,0,72,177
08/21/2005,HWD,CA,AWP,WE,Towers with Radar,0,2,31,0,33,0,0,141,0,141,0,2,172,0,174,122,0,122,296
08/22/2005,HWD,CA,AWP,WE,Towers with Radar,0,3,30,0,33,0,2,135,0,137,0,5,165,0,170,82,0,82,252
08/23/2005,HWD,CA,AWP,WE,Towers with Radar,0,3,25,0,28,0,2,145,0,147,0,5,170,0,175,98,0,98,273
08/24/2005,HWD,CA,AWP,WE,Towers with Radar,0,1,28,0,29,0,2,162,0,164,0,3,190,0,193,270,0,270,463
08/25/2005,HWD,CA,AWP,WE,Towers with Radar,0,3,48,0,51,0,2,134,0,136,0,5,182,0,187,72,0,72,259
08/26/2005,HWD,CA,AWP,WE,Towers with Radar,0,2,30,0,32,0,0,202,0,202,0,2,232,0,234,118,0,118,352
08/27/2005,HWD,CA,AWP,WE,Towers with Radar,0,2,13,0,15,0,0,254,0,254,0,2,267,0,269,192,0,192,461
08/28/2005,HWD,CA,AWP,WE,Towers with Radar,0,5,15,0,20,0,0,169,0,169,0,5,184,0,189,264,0,264,453
08/29/2005,HWD,CA,AWP,WE,Towers with Radar,0,2,8,0,10,0,3,152,0,155,0,5,160,0,165,102,0,102,267
08/30/2005,HWD,CA,AWP,WE,Towers with Radar,0,3,24,0,27,0,3,172,0,175,0,6,196,0,202,180,0,180,382
08/31/2005,HWD,CA,AWP,WE,Towers with Radar,0,3,19,0,22,0,4,221,0,225,0,7,240,0,247,222,0,222,469
09/01/2005,HWD,CA,AWP,WE,Towers with Radar,0,1,48,0,49,0,0,117,0,117,0,1,165,0,166,162,0,162,328
09/02/2005,HWD,CA,AWP,WE,Towers with Radar,0,1,36,0,37,0,0,151,0,151,0,1,187,0,188,138,0,138,326
09/03/2005,HWD,CA,AWP,WE,Towers with Radar,0,2,29,0,31,0,0,136,0,136,0,2,165,0,167,214,0,214,381
09/04/2005,HWD,CA,AWP,WE,Towers with Radar,0,0,13,0,13,0,0,138,0,138,0,0,151,0,151,228,0,228,379
09/05/2005,HWD,CA,AWP,WE,Towers with Radar,0,1,25,0,26,0,0,193,0,193,0,1,218,0,219,276,0,276,495
09/06/2005,HWD,CA,AWP,WE,Towers with Radar,0,3,19,0,22,0,0,153,0,153,0,3,172,0,175,201,0,201,376
09/07/2005,HWD,CA,AWP,WE,Towers with Radar,0,1,35,0,36,0,1,169,0,170,0,2,204,0,206,220,0,220,426
09/08/2005,HWD,CA,AWP,WE,Towers with Radar,0,2,30,0,32,0,2,145,0,147,0,4,175,0,179,162,0,162,341
09/09/2005,HWD,CA,AWP,WE,Towers with Radar,0,8,35,0,43,0,0,152,0,152,0,8,187,0,195,224,0,224,419
09/10/2005,HWD,CA,AWP,WE,Towers with Radar,0,2,22,0,24,0,0,146,0,146,0,2,168,0,170,198,0,198,368
09/11/2005,HWD,CA,AWP,WE,Towers with Radar,0,1,21,0,22,0,0,105,0,105,0,1,126,0,127,270,0,270,397
09/12/2005,HWD,CA,AWP,WE,Towers with Radar,0,0,23,0,23,0,2,176,0,178,0,2,199,0,201,140,0,140,341
09/13/2005,HWD,CA,AWP,WE,Towers with Radar,0,1,28,0,29,0,1,118,0,119,0,2,146,0,148,86,0,86,234
09/14/2005,HWD,CA,AWP,WE,Towers with Radar,0,1,26,0,27,0,1,123,0,124,0,2,149,0,151,98,0,98,249
09/15/2005,HWD,CA,AWP,WE,Towers with Radar,0,3,30,0,33,0,1,178,0,179,0,4,208,0,212,106,0,106,318
09/16/2005,HWD,CA,AWP,WE,Towers with Radar,0,0,23,0,23,0,2,214,0,216,0,2,237,0,239,156,0,156,395
09/17/2005,HWD,CA,AWP,WE,Towers with Radar,0,0,19,0,19,0,0,126,0,126,0,0,145,0,145,140,0,140,285
09/18/2005,HWD,CA,AWP,WE,Towers with Radar,0,1,7,0,8,0,0,186,0,186,0,1,193,0,194,46,0,46,240
09/19/2005,HWD,CA,AWP,WE,Towers with Radar,0,0,21,0,21,0,2,155,0,157,0,2,176,0,178,96,0,96,274
09/20/2005,HWD,CA,AWP,WE,Towers with Radar,0,3,5,0,8,0,1,128,0,129,0,4,133,0,137,82,0,82,219
09/21/2005,HWD,CA,AWP,WE,Towers with Radar,0,2,34,0,36,0,2,171,0,173,0,4,205,0,209,200,0,200,409
09/22/2005,HWD,CA,AWP,WE,Towers with Radar,0,7,37,0,44,0,4,144,0,148,0,11,181,0,192,160,0,160,352
09/23/2005,HWD,CA,AWP,WE,Towers with Radar,0,0,26,0,26,0,0,155,0,155,0,0,181,0,181,82,0,82,263
09/24/2005,HWD,CA,AWP,WE,Towers with Radar,0,1,9,0,10,0,0,156,0,156,0,1,165,0,166,115,0,115,281
09/25/2005,HWD,CA,AWP,WE,Towers with Radar,0,1,16,0,17,0,0,139,0,139,0,1,155,0,156,128,0,128,284
09/26/2005,HWD,CA,AWP,WE,Towers with Radar,0,1,17,0,18,0,1,159,0,160,0,2,176,0,178,144,0,144,322
09/27/2005,HWD,CA,AWP,WE,Towers with Radar,0,5,28,0,33,0,0,162,0,162,0,5,190,0,195,106,0,106,301
09/28/2005,HWD,CA,AWP,WE,Towers with Radar,0,2,23,0,25,0,4,164,0,168,0,6,187,0,193,190,0,190,383
09/29/2005,HWD,CA,AWP,WE,Towers with Radar,0,2,24,0,26,0,1,159,0,160,0,3,183,0,186,188,0,188,374
09/30/2005,HWD,CA,AWP,WE,Towers with Radar,0,5,22,0,27,0,0,220,0,220,0,5,242,0,247,140,0,140,387
10/01/2005,HWD,CA,AWP,WE,Towers with Radar,0,2,68,0,70,0,0,59,0,59,0,2,127,0,129,174,0,174,303
10/02/2005,HWD,CA,AWP,WE,Towers with Radar,0,4,25,0,29,0,0,125,0,125,0,4,150,0,154,200,0,200,354
10/03/2005,HWD,CA,AWP,WE,Towers with Radar,0,1,21,0,22,0,0,145,0,145,0,1,166,0,167,132,0,132,299
10/04/2005,HWD,CA,AWP,WE,Towers with Radar,0,4,22,0,26,0,1,160,0,161,0,5,182,0,187,146,0,146,333
10/05/2005,HWD,CA,AWP,WE,Towers with Radar,0,1,21,0,22,0,2,215,0,217,0,3,236,0,239,156,0,156,395
10/06/2005,HWD,CA,AWP,WE,Towers with Radar,0,3,9,0,12,0,1,203,0,204,0,4,212,0,216,118,0,118,334
10/07/2005,HWD,CA,AWP,WE,Towers with Radar,0,6,21,0,27,0,1,132,0,133,0,7,153,0,160,210,0,210,370
10/08/2005,HWD,CA,AWP,WE,Towers with Radar,0,2,17,0,19,0,0,100,0,100,0,2,117,0,119,130,0,130,249
10/09/2005,HWD,CA,AWP,WE,Towers with Radar,0,2,11,0,13,0,0,158,0,158,0,2,169,0,171,182,0,182,353
10/10/2005,HWD,CA,AWP,WE,Towers with Radar,0,4,12,0,16,0,0,165,0,165,0,4,177,0,181,156,0,156,337
10/11/2005,HWD,CA,AWP,WE,Towers with Radar,0,6,18,0,24,0,1,185,0,186,0,7,203,0,210,188,0,188,398
10/12/2005,HWD,CA,AWP,WE,Towers with Radar,0,2,16,0,18,0,0,174,0,174,0,2,190,0,192,224,4,228,420
10/13/2005,HWD,CA,AWP,WE,Towers with Radar,0,1,20,0,21,0,2,162,0,164,0,3,182,0,185,188,0,188,373
10/14/2005,HWD,CA,AWP,WE,Towers with Radar,0,2,30,0,32,0,0,172,0,172,0,2,202,0,204,146,0,146,350
10/15/2005,HWD,CA,AWP,WE,Towers with Radar,0,2,22,0,24,0,0,101,0,101,0,2,123,0,125,250,0,250,375
10/16/2005,HWD,CA,AWP,WE,Towers with Radar,0,2,19,0,21,0,1,130,0,131,0,3,149,0,152,66,0,66,218
10/17/2005,HWD,CA,AWP,WE,Towers with Radar,0,2,24,0,26,0,3,158,0,161,0,5,182,0,187,202,0,202,389
10/18/2005,HWD,CA,AWP,WE,Towers with Radar,0,5,18,0,23,0,0,152,0,152,0,5,170,0,175,240,0,240,415
10/19/2005,HWD,CA,AWP,WE,Towers with Radar,0,7,37,0,44,0,1,147,0,148,0,8,184,0,192,150,0,150,342
10/20/2005,HWD,CA,AWP,WE,Towers with Radar,0,2,25,0,27,0,2,141,0,143,0,4,166,0,170,214,0,214,384
10/21/2005,HWD,CA,AWP,WE,Towers with Radar,0,2,32,0,34,0,0,134,0,134,0,2,166,0,168,106,0,106,274
10/22/2005,HWD,CA,AWP,WE,Towers with Radar,0,4,25,0,29,0,0,95,0,95,0,4,120,0,124,168,0,168,292
10/23/2005,HWD,CA,AWP,WE,Towers with Radar,0,1,31,0,32,0,0,135,0,135,0,1,166,0,167,198,0,198,365
10/24/2005,HWD,CA,AWP,WE,Towers with Radar,0,8,40,0,48,0,0,37,0,37,0,8,77,0,85,94,0,94,179
10/25/2005,HWD,CA,AWP,WE,Towers with Radar,0,3,17,0,20,0,6,148,0,154,0,9,165,0,174,254,0,254,428
10/26/2005,HWD,CA,AWP,WE,Towers with Radar,0,5,50,0,55,0,0,36,0,36,0,5,86,0,91,90,0,90,181
10/27/2005,HWD,CA,AWP,WE,Towers with Radar,0,3,20,0,23,0,1,142,0,143,0,4,162,0,166,136,0,136,302
10/28/2005,HWD,CA,AWP,WE,Towers with Radar,0,3,20,0,23,0,1,133,0,134,0,4,153,0,157,136,0,136,293
10/29/2005,HWD,CA,AWP,WE,Towers with Radar,0,1,23,0,24,0,0,197,0,197,0,1,220,0,221,240,0,240,461
10/30/2005,HWD,CA,AWP,WE,Towers with Radar,0,3,0,0,3,0,1,171,0,172,0,4,171,0,175,220,0,220,395
10/31/2005,HWD,CA,AWP,WE,Towers with Radar,0,2,12,0,14,0,1,168,0,169,0,3,180,0,183,146,0,146,329
11/01/2005,HWD,CA,AWP,WE,Towers with Radar,0,3,16,0,19,0,1,173,0,174,0,4,189,0,193,266,0,266,459
11/02/2005,HWD,CA,AWP,WE,Towers with Radar,0,6,23,0,29,0,0,101,0,101,0,6,124,0,130,158,0,158,288
11/03/2005,HWD,CA,AWP,WE,Towers with Radar,0,4,24,0,28,0,1,138,0,139,0,5,162,0,167,164,0,164,331
11/04/2005,HWD,CA,AWP,WE,Towers with Radar,0,4,36,0,40,0,4,127,0,131,0,8,163,0,171,156,0,156,327
11/05/2005,HWD,CA,AWP,WE,Towers with Radar,0,0,14,0,14,0,0,192,0,192,0,0,206,0,206,181,0,181,387
11/06/2005,HWD,CA,AWP,WE,Towers with Radar,0,4,22,0,26,0,0,81,0,81,0,4,103,0,107,174,0,174,281
11/07/2005,HWD,CA,AWP,WE,Towers with Radar,0,5,15,0,20,0,1,89,5,95,0,6,104,5,115,94,0,94,209
11/08/2005,HWD,CA,AWP,WE,Towers with Radar,0,3,12,0,15,0,1,107,0,108,0,4,119,0,123,120,0,120,243
11/09/2005,HWD,CA,AWP,WE,Towers with Radar,0,2,14,0,16,0,1,128,0,129,0,3,142,0,145,112,0,112,257
11/10/2005,HWD,CA,AWP,WE,Towers with Radar,0,2,13,0,15,0,1,166,0,167,0,3,179,0,182,90,0,90,272
11/11/2005,HWD,CA,AWP,WE,Towers with Radar,0,1,31,0,32,0,0,120,0,120,0,1,151,0,152,134,0,134,286
11/12/2005,HWD,CA,AWP,WE,Towers with Radar,0,3,14,0,17,0,0,168,0,168,0,3,182,0,185,256,0,256,441
11/13/2005,HWD,CA,AWP,WE,Towers with Radar,0,1,9,0,10,0,0,186,0,186,0,1,195,0,196,142,0,142,338
11/14/2005,HWD,CA,AWP,WE,Towers with Radar,0,5,15,0,20,0,1,113,0,114,0,6,128,0,134,14,0,14,148
11/15/2005,HWD,CA,AWP,WE,Towers with Radar,0,3,12,0,15,0,2,149,0,151,0,5,161,0,166,116,0,116,282
11/16/2005,HWD,CA,AWP,WE,Towers with Radar,0,4,19,0,23,0,1,159,0,160,0,5,178,0,183,70,0,70,253
11/17/2005,HWD,CA,AWP,WE,Towers with Radar,0,3,19,0,22,0,1,176,0,177,0,4,195,0,199,234,0,234,433
11/18/2005,HWD,CA,AWP,WE,Towers with Radar,0,6,14,0,20,0,0,146,0,146,0,6,160,0,166,152,0,152,318
11/19/2005,HWD,CA,AWP,WE,Towers with Radar,0,5,26,0,31,0,0,170,0,170,0,5,196,0,201,213,0,213,414
11/20/2005,HWD,CA,AWP,WE,Towers with Radar,0,3,16,0,19,0,0,151,0,151,0,3,167,0,170,128,0,128,298
11/21/2005,HWD,CA,AWP,WE,Towers with Radar,0,1,18,0,19,0,1,163,0,164,0,2,181,0,183,86,0,86,269
11/22/2005,HWD,CA,AWP,WE,Towers with Radar,0,10,14,0,24,0,2,196,0,198,0,12,210,0,222,146,0,146,368
11/23/2005,HWD,CA,AWP,WE,Towers with Radar,0,6,24,0,30,0,2,175,0,177,0,8,199,0,207,74,0,74,281
11/24/2005,HWD,CA,AWP,WE,Towers with Radar,0,4,1,0,5,0,0,59,0,59,0,4,60,0,64,24,0,24,88
11/25/2005,HWD,CA,AWP,WE,Towers with Radar,0,2,17,0,19,0,0,58,11,69,0,2,75,11,88,8,0,8,96
11/26/2005,HWD,CA,AWP,WE,Towers with Radar,0,3,13,0,16,0,2,119,0,121,0,5,132,0,137,154,0,154,291
11/27/2005,HWD,CA,AWP,WE,Towers with Radar,0,7,23,0,30,0,0,153,0,153,0,7,176,0,183,142,0,142,325
11/28/2005,HWD,CA,AWP,WE,Towers with Radar,0,8,10,0,18,0,0,143,0,143,0,8,153,0,161,98,0,98,259
11/29/2005,HWD,CA,AWP,WE,Towers with Radar,0,4,24,0,28,0,1,46,0,47,0,5,70,0,75,0,0,0,75
11/30/2005,HWD,CA,AWP,WE,Towers with Radar,0,5,17,0,22,0,2,120,0,122,0,7,137,0,144,40,0,40,184
12/01/2005,HWD,CA,AWP,WE,Towers with Radar,0,3,13,0,16,0,1,9,2,12,0,4,22,2,28,0,0,0,28
12/02/2005,HWD,CA,AWP,WE,Towers with Radar,0,3,11,0,14,0,1,156,0,157,0,4,167,0,171,120,0,120,291
12/03/2005,HWD,CA,AWP,WE,Towers with Radar,0,1,20,0,21,0,0,173,0,173,0,1,193,0,194,288,0,288,482
12/04/2005,HWD,CA,AWP,WE,Towers with Radar,0,4,18,0,22,0,0,134,0,134,0,4,152,0,156,156,0,156,312
12/05/2005,HWD,CA,AWP,WE,Towers with Radar,0,3,13,0,16,0,2,150,0,152,0,5,163,0,168,110,0,110,278
12/06/2005,HWD,CA,AWP,WE,Towers with Radar,0,2,8,0,10,0,2,157,0,159,0,4,165,0,169,130,0,130,299
12/07/2005,HWD,CA,AWP,WE,Towers with Radar,0,11,18,0,29,0,1,113,0,114,0,12,131,0,143,134,0,134,277
12/08/2005,HWD,CA,AWP,WE,Towers with Radar,0,6,15,0,21,0,1,126,0,127,0,7,141,0,148,228,0,228,376
12/09/2005,HWD,CA,AWP,WE,Towers with Radar,0,6,17,0,23,0,0,159,0,159,0,6,176,0,182,130,0,130,312
12/10/2005,HWD,CA,AWP,WE,Towers with Radar,0,3,25,0,28,0,0,172,0,172,0,3,197,0,200,128,0,128,328
12/11/2005,HWD,CA,AWP,WE,Towers with Radar,0,4,19,0,23,0,0,159,0,159,0,4,178,0,182,174,0,174,356
12/12/2005,HWD,CA,AWP,WE,Towers with Radar,0,9,10,0,19,0,4,113,0,117,0,13,123,0,136,128,0,128,264
12/13/2005,HWD,CA,AWP,WE,Towers with Radar,0,6,19,0,25,0,1,147,0,148,0,7,166,0,173,209,0,209,382
12/14/2005,HWD,CA,AWP,WE,Towers with Radar,0,6,27,0,33,0,1,159,0,160,0,7,186,0,193,178,0,178,371
12/15/2005,HWD,CA,AWP,WE,Towers with Radar,0,3,17,0,20,0,1,169,0,170,0,4,186,0,190,166,0,166,356
12/16/2005,HWD,CA,AWP,WE,Towers with Radar,0,10,7,0,17,0,0,164,0,164,0,10,171,0,181,170,0,170,351
12/17/2005,HWD,CA,AWP,WE,Towers with Radar,0,4,38,0,42,0,0,26,0,26,0,4,64,0,68,60,0,60,128
12/18/2005,HWD,CA,AWP,WE,Towers with Radar,0,4,10,0,14,0,0,8,0,8,0,4,18,0,22,0,0,0,22
12/19/2005,HWD,CA,AWP,WE,Towers with Radar,0,5,15,0,20,0,3,95,0,98,0,8,110,0,118,116,0,116,234
12/20/2005,HWD,CA,AWP,WE,Towers with Radar,0,5,14,0,19,0,6,147,0,153,0,11,161,0,172,142,0,142,314
12/21/2005,HWD,CA,AWP,WE,Towers with Radar,0,1,2,0,3,0,0,0,0,0,0,1,2,0,3,0,0,0,3
12/22/2005,HWD,CA,AWP,WE,Towers with Radar,0,2,23,0,25,0,1,35,0,36,0,3,58,0,61,48,0,48,109
12/23/2005,HWD,CA,AWP,WE,Towers with Radar,0,1,31,0,32,0,0,18,0,18,0,1,49,0,50,0,0,0,50
12/24/2005,HWD,CA,AWP,WE,Towers with Radar,0,1,17,0,18,0,0,91,0,91,0,1,108,0,109,178,0,178,287
12/25/2005,HWD,CA,AWP,WE,Towers with Radar,0,0,0,0,0,0,0,5,0,5,0,0,5,0,5,0,0,0,5
12/26/2005,HWD,CA,AWP,WE,Towers with Radar,0,4,19,0,23,0,2,106,0,108,0,6,125,0,131,160,0,160,291
12/27/2005,HWD,CA,AWP,WE,Towers with Radar,0,4,19,0,23,0,2,105,1,108,0,6,124,1,131,104,0,104,235
12/28/2005,HWD,CA,AWP,WE,Towers with Radar,0,3,13,0,16,0,1,75,0,76,0,4,88,0,92,74,0,74,166
12/29/2005,HWD,CA,AWP,WE,Towers with Radar,0,4,31,0,35,0,1,125,0,126,0,5,156,0,161,224,0,224,385
12/30/2005,HWD,CA,AWP,WE,Towers with Radar,0,1,15,0,16,0,0,33,0,33,0,1,48,0,49,0,0,0,49
12/31/2005,HWD,CA,AWP,WE,Towers with Radar,0,3,2,0,5,0,0,24,0,24,0,3,26,0,29,20,0,20,49
01/01/2006,HWD,CA,AWP,WE,Towers with Radar,0,3,11,0,14,0,0,21,0,21,0,3,32,0,35,0,0,0,35
01/02/2006,HWD,CA,AWP,WE,Towers with Radar,0,1,10,0,11,0,0,40,0,40,0,1,50,0,51,66,0,66,117
01/03/2006,HWD,CA,AWP,WE,Towers with Radar,0,3,15,0,18,0,0,91,0,91,0,3,106,0,109,0,0,0,109
01/04/2006,HWD,CA,AWP,WE,Towers with Radar,0,4,0,0,4,0,1,170,0,171,0,5,170,0,175,200,0,200,375
01/05/2006,HWD,CA,AWP,WE,Towers with Radar,0,2,19,0,21,0,2,142,0,144,0,4,161,0,165,152,0,152,317
01/06/2006,HWD,CA,AWP,WE,Towers with Radar,0,2,15,0,17,0,3,132,0,135,0,5,147,0,152,200,0,200,352
01/07/2006,HWD,CA,AWP,WE,Towers with Radar,0,5,23,0,28,0,0,85,0,85,0,5,108,0,113,336,0,336,449
01/08/2006,HWD,CA,AWP,WE,Towers with Radar,0,4,20,0,24,0,0,219,0,219,0,4,239,0,243,260,0,260,503
01/09/2006,HWD,CA,AWP,WE,Towers with Radar,0,1,20,0,21,0,0,140,0,140,0,1,160,0,161,130,0,130,291
01/10/2006,HWD,CA,AWP,WE,Towers with Radar,0,5,14,0,19,0,3,137,0,140,0,8,151,0,159,220,0,220,379
01/11/2006,HWD,CA,AWP,WE,Towers with Radar,0,2,23,0,25,0,2,49,0,51,0,4,72,0,76,44,0,44,120
01/12/2006,HWD,CA,AWP,WE,Towers with Radar,0,5,22,0,27,0,2,211,0,213,0,7,233,0,240,336,0,336,576
01/13/2006,HWD,CA,AWP,WE,Towers with Radar,0,2,19,0,21,0,0,149,0,149,0,2,168,0,170,168,0,168,338
01/14/2006,HWD,CA,AWP,WE,Towers with Radar,0,2,13,0,15,0,0,28,0,28,0,2,41,0,43,22,0,22,65
01/15/2006,HWD,CA,AWP,WE,Towers with Radar,0,1,13,0,14,0,0,219,4,223,0,1,232,4,237,240,0,240,477
01/16/2006,HWD,CA,AWP,WE,Towers with Radar,0,2,14,0,16,0,0,206,2,208,0,2,220,2,224,304,0,304,528
01/17/2006,HWD,CA,AWP,WE,Towers with Radar,0,5,15,0,20,0,3,120,0,123,0,8,135,0,143,144,0,144,287
01/18/2006,HWD,CA,AWP,WE,Towers with Radar,0,3,16,0,19,0,1,89,0,90,0,4,105,0,109,72,0,72,181
01/19/2006,HWD,CA,AWP,WE,Towers with Radar,0,4,17,0,21,0,2,142,0,144,0,6,159,0,165,128,0,128,293
01/20/2006,HWD,CA,AWP,WE,Towers with Radar,0,5,17,0,22,0,1,205,0,206,0,6,222,0,228,250,0,250,478
01/21/2006,HWD,CA,AWP,WE,Towers with Radar,0,0,26,0,26,0,0,53,0,53,0,0,79,0,79,278,0,278,357
01/22/2006,HWD,CA,AWP,WE,Towers with Radar,0,6,19,0,25,0,0,163,0,163,0,6,182,0,188,126,0,126,314
01/23/2006,HWD,CA,AWP,WE,Towers with Radar,0,1,10,0,11,0,0,168,0,168,0,1,178,0,179,166,2,168,347
01/24/2006,HWD,CA,AWP,WE,Towers with Radar,0,4,22,0,26,0,0,216,0,216,0,4,238,0,242,182,0,182,424
01/25/2006,HWD,CA,AWP,WE,Towers with Radar,0,2,13,0,15,0,2,137,0,139,0,4,150,0,154,164,0,164,318
01/26/2006,HWD,CA,AWP,WE,Towers with Radar,0,6,23,0,29,0,1,115,0,116,0,7,138,0,145,114,0,114,259
01/27/2006,HWD,CA,AWP,WE,Towers with Radar,0,5,21,0,26,0,3,107,0,110,0,8,128,0,136,115,0,115,251
01/28/2006,HWD,CA,AWP,WE,Towers with Radar,0,4,12,0,16,0,0,46,0,46,0,4,58,0,62,238,0,238,300
01/29/2006,HWD,CA,AWP,WE,Towers with Radar,0,2,20,0,22,0,0,120,0,120,0,2,140,0,142,206,0,206,348
01/30/2006,HWD,CA,AWP,WE,Towers with Radar,0,0,17,0,17,0,2,82,0,84,0,2,99,0,101,34,0,34,135
01/31/2006,HWD,CA,AWP,WE,Towers with Radar,0,2,22,0,24,0,2,211,0,213,0,4,233,0,237,180,0,180,417
02/01/2006,HWD,CA,AWP,WE,Towers with Radar,0,4,33,0,37,0,0,34,0,34,0,4,67,0,71,36,0,36,107
02/02/2006,HWD,CA,AWP,WE,Towers with Radar,0,5,22,0,27,0,1,62,0,63,0,6,84,0,90,94,0,94,184
02/03/2006,HWD,CA,AWP,WE,Towers with Radar,0,2,41,0,43,0,0,89,0,89,0,2,130,0,132,292,0,292,424
02/04/2006,HWD,CA,AWP,WE,Towers with Radar,0,0,18,0,18,0,0,119,0,119,0,0,137,0,137,234,0,234,371
02/05/2006,HWD,CA,AWP,WE,Towers with Radar,0,2,11,0,13,0,0,164,0,164,0,2,175,0,177,136,0,136,313
02/06/2006,HWD,CA,AWP,WE,Towers with Radar,0,1,15,0,16,0,4,188,0,192,0,5,203,0,208,164,0,164,372
02/07/2006,HWD,CA,AWP,WE,Towers with Radar,0,5,24,0,29,0,0,226,0,226,0,5,250,0,255,164,0,164,419
02/08/2006,HWD,CA,AWP,WE,Towers with Radar,0,3,17,0,20,0,2,176,0,178,0,5,193,0,198,131,0,131,329
02/09/2006,HWD,CA,AWP,WE,Towers with Radar,0,4,28,0,32,0,9,179,0,188,0,13,207,0,220,150,0,150,370
02/10/2006,HWD,CA,AWP,WE,Towers with Radar,0,5,17,0,22,0,0,214,0,214,0,5,231,0,236,248,0,248,484
02/11/2006,HWD,CA,AWP,WE,Towers with Radar,0,2,34,0,36,0,0,121,0,121,0,2,155,0,157,164,0,164,321
02/12/2006,HWD,CA,AWP,WE,Towers with Radar,0,5,20,0,25,0,1,157,0,158,0,6,177,0,183,176,0,176,359
02/13/2006,HWD,CA,AWP,WE,Towers with Radar,0,1,8,0,9,0,3,221,0,224,0,4,229,0,233,216,0,216,449
02/14/2006,HWD,CA,AWP,WE,Towers with Radar,0,1,11,0,12,0,2,159,0,161,0,3,170,0,173,116,0,116,289
02/15/2006,HWD,CA,AWP,WE,Towers with Radar,0,6,23,0,29,0,0,147,0,147,0,6,170,0,176,168,0,168,344
02/16/2006,HWD,CA,AWP,WE,Towers with Radar,0,6,20,0,26,0,3,146,0,149,0,9,166,0,175,98,0,98,273
02/17/2006,HWD,CA,AWP,WE,Towers with Radar,0,6,18,0,24,0,0,99,0,99,0,6,117,0,123,92,0,92,215
02/18/2006,HWD,CA,AWP,WE,Towers with Radar,0,2,15,1,18,0,1,71,0,72,0,3,86,1,90,200,0,200,290
02/19/2006,HWD,CA,AWP,WE,Towers with Radar,0,3,11,0,14,0,0,87,0,87,0,3,98,0,101,252,0,252,353
02/20/2006,HWD,CA,AWP,WE,Towers with Radar,0,2,22,0,24,0,0,208,0,208,0,2,230,0,232,298,0,298,530
02/21/2006,HWD,CA,AWP,WE,Towers with Radar,0,6,22,0,28,0,0,218,0,218,0,6,240,0,246,222,0,222,468
02/22/2006,HWD,CA,AWP,WE,Towers with Radar,0,1,12,0,13,0,3,218,0,221,0,4,230,0,234,238,0,238,472
02/23/2006,HWD,CA,AWP,WE,Towers with Radar,0,8,17,0,25,0,0,151,0,151,0,8,168,0,176,152,0,152,328
02/24/2006,HWD,CA,AWP,WE,Towers with Radar,0,3,12,0,15,0,0,192,0,192,0,3,204,0,207,138,0,138,345
02/25/2006,HWD,CA,AWP,WE,Towers with Radar,0,5,25,0,30,0,0,174,0,174,0,5,199,0,204,222,2,224,428
02/26/2006,HWD,CA,AWP,WE,Towers with Radar,0,2,17,0,19,0,0,26,0,26,0,2,43,0,45,26,0,26,71
02/27/2006,HWD,CA,AWP,WE,Towers with Radar,0,3,13,0,16,0,1,21,0,22,0,4,34,0,38,0,0,0,38
02/28/2006,HWD,CA,AWP,WE,Towers with Radar,0,6,15,0,21,0,3,87,0,90,0,9,102,0,111,0,0,0,111
03/01/2006,HWD,CA,AWP,WE,Towers with Radar,0,2,19,0,21,0,2,175,0,177,0,4,194,0,198,230,0,230,428
03/02/2006,HWD,CA,AWP,WE,Towers with Radar,0,4,15,0,19,0,7,121,0,128,0,11,136,0,147,158,0,158,305
03/03/2006,HWD,CA,AWP,WE,Towers with Radar,0,4,11,0,15,0,14,50,0,64,0,18,61,0,79,72,0,72,151
03/04/2006,HWD,CA,AWP,WE,Towers with Radar,0,2,25,0,27,0,0,204,0,204,0,2,229,0,231,299,0,299,530
03/05/2006,HWD,CA,AWP,WE,Towers with Radar,0,9,11,0,20,0,0,17,0,17,0,9,28,0,37,0,0,0,37
03/06/2006,HWD,CA,AWP,WE,Towers with Radar,0,4,18,0,22,0,0,123,0,123,0,4,141,0,145,64,0,64,209
03/07/2006,HWD,CA,AWP,WE,Towers with Radar,0,11,20,0,31,0,1,139,0,140,0,12,159,0,171,98,0,98,269
03/08/2006,HWD,CA,AWP,WE,Towers with Radar,0,6,25,0,31,0,3,207,0,210,0,9,232,0,241,234,0,234,475
03/09/2006,HWD,CA,AWP,WE,Towers with Radar,0,5,22,0,27,0,7,127,0,134,0,12,149,0,161,120,0,120,281
03/10/2006,HWD,CA,AWP,WE,Towers with Radar,0,6,13,0,19,0,10,73,0,83,0,16,86,0,102,108,0,108,210
03/11/2006,HWD,CA,AWP,WE,Towers with Radar,0,2,12,0,14,0,0,101,0,101,0,2,113,0,115,224,0,224,339
03/12/2006,HWD,CA,AWP,WE,Towers with Radar,0,5,21,0,26,0,0,51,0,51,0,5,72,0,77,190,0,190,267
03/13/2006,HWD,CA,AWP,WE,Towers with Radar,0,3,16,0,19,0,4,163,0,167,0,7,179,0,186,170,0,170,356
03/14/2006,HWD,CA,AWP,WE,Towers with Radar,0,1,11,0,12,0,1,108,0,109,0,2,119,0,121,126,0,126,247
03/15/2006,HWD,CA,AWP,WE,Towers with Radar,0,2,27,0,29,0,1,149,0,150,0,3,176,0,179,160,0,160,339
03/16/2006,HWD,CA,AWP,WE,Towers with Radar,0,9,27,0,36,0,0,68,0,68,0,9,95,0,104,70,0,70,174
03/17/2006,HWD,CA,AWP,WE,Towers with Radar,0,2,15,0,17,0,0,101,0,101,0,2,116,0,118,150,0,150,268
03/18/2006,HWD,CA,AWP,WE,Towers with Radar,0,0,7,0,7,0,0,207,0,207,0,0,214,0,214,322,0,322,536
03/19/2006,HWD,CA,AWP,WE,Towers with Radar,0,5,27,0,32,0,0,183,0,183,0,5,210,0,215,270,0,270,485
03/20/2006,HWD,CA,AWP,WE,Towers with Radar,0,8,16,0,24,0,5,101,0,106,0,13,117,0,130,14,0,14,144
03/21/2006,HWD,CA,AWP,WE,Towers with Radar,0,6,17,0,23,0,1,152,0,153,0,7,169,0,176,108,0,108,284
03/22/2006,HWD,CA,AWP,WE,Towers with Radar,0,4,31,0,35,0,0,191,0,191,0,4,222,0,226,260,0,260,486
03/23/2006,HWD,CA,AWP,WE,Towers with Radar,0,9,22,0,31,0,0,178,0,178,0,9,200,0,209,226,0,226,435
03/24/2006,HWD,CA,AWP,WE,Towers with Radar,0,4,15,0,19,0,0,88,0,88,0,4,103,0,107,212,0,212,319
03/25/2006,HWD,CA,AWP,WE,Towers with Radar,0,0,9,0,9,0,0,39,0,39,0,0,48,0,48,62,0,62,110
03/26/2006,HWD,CA,AWP,WE,Towers with Radar,0,3,17,0,20,0,1,218,0,219,0,4,235,0,239,350,0,350,589
03/27/2006,HWD,CA,AWP,WE,Towers with Radar,0,3,17,0,20,0,0,125,0,125,0,3,142,0,145,74,0,74,219
03/28/2006,HWD,CA,AWP,WE,Towers with Radar,0,4,12,0,16,0,6,57,0,63,0,10,69,0,79,74,0,74,153
03/29/2006,HWD,CA,AWP,WE,Towers with Radar,0,4,25,0,29,0,1,97,0,98,0,5,122,0,127,108,0,108,235
03/30/2006,HWD,CA,AWP,WE,Towers with Radar,0,6,25,0,31,0,1,115,0,116,0,7,140,0,147,192,0,192,339
03/31/2006,HWD,CA,AWP,WE,Towers with Radar,0,6,9,0,15,0,1,83,0,84,0,7,92,0,99,76,0,76,175
04/01/2006,HWD,CA,AWP,WE,Towers with Radar,0,3,18,0,21,0,0,122,0,122,0,3,140,0,143,240,0,240,383
04/02/2006,HWD,CA,AWP,WE,Towers with Radar,0,8,19,0,27,0,1,85,0,86,0,9,104,0,113,124,0,124,237
04/03/2006,HWD,CA,AWP,WE,Towers with Radar,0,8,26,0,34,0,3,101,0,104,0,11,127,0,138,30,0,30,168
04/04/2006,HWD,CA,AWP,WE,Towers with Radar,0,6,5,0,11,0,2,73,0,75,0,8,78,0,86,12,0,12,98
04/05/2006,HWD,CA,AWP,WE,Towers with Radar,0,0,0,0,0,0,9,193,0,202,0,9,193,0,202,122,0,122,324
04/06/2006,HWD,CA,AWP,WE,Towers with Radar,0,4,28,0,32,0,3,212,0,215,0,7,240,0,247,336,0,336,583
04/07/2006,HWD,CA,AWP,WE,Towers with Radar,0,6,15,0,21,0,2,124,0,126,0,8,139,0,147,46,0,46,193
04/08/2006,HWD,CA,AWP,WE,Towers with Radar,0,2,9,0,11,0,0,175,0,175,0,2,184,0,186,270,0,270,456
04/09/2006,HWD,CA,AWP,WE,Towers with Radar,0,3,14,0,17,0,0,94,0,94,0,3,108,0,111,242,0,242,353
04/10/2006,HWD,CA,AWP,WE,Towers with Radar,0,4,15,0,19,0,3,123,0,126,0,7,138,0,145,218,0,218,363
04/11/2006,HWD,CA,AWP,WE,Towers with Radar,0,5,11,0,16,0,0,41,0,41,0,5,52,0,57,28,0,28,85
04/12/2006,HWD,CA,AWP,WE,Towers with Radar,0,2,26,0,28,0,2,92,0,94,0,4,118,0,122,76,0,76,198
04/13/2006,HWD,CA,AWP,WE,Towers with Radar,0,9,26,0,35,0,1,285,0,286,0,10,311,0,321,200,0,200,521
04/14/2006,HWD,CA,AWP,WE,Towers with Radar,0,4,15,0,19,0,0,112,0,112,0,4,127,0,131,188,0,188,319
04/15/2006,HWD,CA,AWP,WE,Towers with Radar,0,3,14,0,17,0,0,73,0,73,0,3,87,0,90,162,0,162,252
04/16/2006,HWD,CA,AWP,WE,Towers with Radar,0,4,10,0,14,0,0,14,0,14,0,4,24,0,28,130,0,130,158
04/17/2006,HWD,CA,AWP,WE,Towers with Radar,0,3,19,0,22,0,1,180,0,181,0,4,199,0,203,238,0,238,441
04/18/2006,HWD,CA,AWP,WE,Towers with Radar,0,6,18,0,24,0,9,232,0,241,0,15,250,0,265,260,0,260,525
04/19/2006,HWD,CA,AWP,WE,Towers with Radar,0,8,20,0,28,0,0,307,0,307,0,8,327,0,335,436,0,436,771
04/20/2006,HWD,CA,AWP,WE,Towers with Radar,0,10,34,0,44,0,2,243,0,245,0,12,277,0,289,314,0,314,603
04/21/2006,HWD,CA,AWP,WE,Towers with Radar,0,3,28,0,31,0,0,59,0,59,0,3,87,0,90,86,0,86,176
04/22/2006,HWD,CA,AWP,WE,Towers with Radar,0,3,26,0,29,0,0,95,0,95,0,3,121,0,124,216,0,216,340
04/23/2006,HWD,CA,AWP,WE,Towers with Radar,0,4,34,0,38,0,0,104,0,104,0,4,138,0,142,205,0,205,347
04/24/2006,HWD,CA,AWP,WE,Towers with Radar,0,11,23,0,34,0,1,137,0,138,0,12,160,0,172,150,0,150,322
04/25/2006,HWD,CA,AWP,WE,Towers with Radar,0,6,25,0,31,0,0,159,0,159,0,6,184,0,190,162,0,162,352
04/26/2006,HWD,CA,AWP,WE,Towers with Radar,0,7,34,0,41,0,2,149,0,151,0,9,183,0,192,152,0,152,344
04/27/2006,HWD,CA,AWP,WE,Towers with Radar,0,3,24,0,27,0,1,175,0,176,0,4,199,0,203,184,0,184,387
04/28/2006,HWD,CA,AWP,WE,Towers with Radar,0,4,25,0,29,0,0,169,0,169,0,4,194,0,198,280,0,280,478
04/29/2006,HWD,CA,AWP,WE,Towers with Radar,0,3,28,0,31,0,0,151,0,151,0,3,179,0,182,352,0,352,534
04/30/2006,HWD,CA,AWP,WE,Towers with Radar,0,8,10,0,18,0,0,252,0,252,0,8,262,0,270,286,0,286,556
05/01/2006,HWD,CA,AWP,WE,Towers with Radar,0,2,17,0,19,0,3,194,0,197,0,5,211,0,216,130,0,130,346
05/02/2006,HWD,CA,AWP,WE,Towers with Radar,0,7,12,0,19,0,2,176,0,178,0,9,188,0,197,248,0,248,445
05/03/2006,HWD,CA,AWP,WE,Towers with Radar,0,5,36,0,41,0,5,163,0,168,0,10,199,0,209,270,0,270,479
05/04/2006,HWD,CA,AWP,WE,Towers with Radar,0,1,13,0,14,0,3,162,0,165,0,4,175,0,179,148,0,148,327
05/05/2006,HWD,CA,AWP,WE,Towers with Radar,0,12,39,0,51,0,0,132,0,132,0,12,171,0,183,280,0,280,463
05/06/2006,HWD,CA,AWP,WE,Towers with Radar,0,3,9,0,12,0,1,90,0,91,0,4,99,0,103,266,0,266,369
05/07/2006,HWD,CA,AWP,WE,Towers with Radar,0,6,18,0,24,0,0,259,0,259,0,6,277,0,283,236,0,236,519
05/08/2006,HWD,CA,AWP,WE,Towers with Radar,0,2,12,0,14,0,3,244,0,247,0,5,256,0,261,224,0,224,485
05/09/2006,HWD,CA,AWP,WE,Towers with Radar,0,2,12,0,14,0,0,214,0,214,0,2,226,0,228,186,0,186,414
05/10/2006,HWD,CA,AWP,WE,Towers with Radar,0,8,14,0,22,0,2,207,0,209,0,10,221,0,231,170,0,170,401
05/11/2006,HWD,CA,AWP,WE,Towers with Radar,0,6,17,0,23,0,3,185,0,188,0,9,202,0,211,184,0,184,395
05/12/2006,HWD,CA,AWP,WE,Towers with Radar,0,2,18,0,20,0,5,218,0,223,0,7,236,0,243,194,0,194,437
05/13/2006,HWD,CA,AWP,WE,Towers with Radar,0,0,16,0,16,0,0,161,0,161,0,0,177,0,177,198,0,198,375
05/14/2006,HWD,CA,AWP,WE,Towers with Radar,0,8,16,0,24,0,0,198,0,198,0,8,214,0,222,283,0,283,505
05/15/2006,HWD,CA,AWP,WE,Towers with Radar,0,3,15,0,18,0,1,181,0,182,0,4,196,0,200,178,0,178,378
05/16/2006,HWD,CA,AWP,WE,Towers with Radar,0,2,16,0,18,0,6,240,0,246,0,8,256,0,264,200,0,200,464
05/17/2006,HWD,CA,AWP,WE,Towers with Radar,0,3,15,0,18,0,2,180,0,182,0,5,195,0,200,130,0,130,330
05/18/2006,HWD,CA,AWP,WE,Towers with Radar,0,7,33,0,40,0,1,165,0,166,0,8,198,0,206,139,0,139,345
05/19/2006,HWD,CA,AWP,WE,Towers with Radar,0,2,37,0,39,0,0,138,0,138,0,2,175,0,177,150,0,150,327
05/20/2006,HWD,CA,AWP,WE,Towers with Radar,0,2,29,0,31,0,0,116,0,116,0,2,145,0,147,310,0,310,457
05/21/2006,HWD,CA,AWP,WE,Towers with Radar,0,3,30,0,33,0,2,66,0,68,0,5,96,0,101,116,0,116,217
05/22/2006,HWD,CA,AWP,WE,Towers with Radar,0,3,23,0,26,0,3,211,0,214,0,6,234,0,240,152,0,152,392
05/23/2006,HWD,CA,AWP,WE,Towers with Radar,0,2,16,0,18,0,3,199,0,202,0,5,215,0,220,68,0,68,288
05/24/2006,HWD,CA,AWP,WE,Towers with Radar,0,8,19,0,27,0,2,182,0,184,0,10,201,0,211,251,0,251,462
05/25/2006,HWD,CA,AWP,WE,Towers with Radar,0,3,17,0,20,0,3,171,0,174,0,6,188,0,194,58,0,58,252
05/26/2006,HWD,CA,AWP,WE,Towers with Radar,0,10,26,0,36,0,0,153,0,153,0,10,179,0,189,90,0,90,279
05/27/2006,HWD,CA,AWP,WE,Towers with Radar,0,1,16,0,17,0,0,155,0,155,0,1,171,0,172,164,0,164,336
05/28/2006,HWD,CA,AWP,WE,Towers with Radar,0,0,11,0,11,0,0,203,0,203,0,0,214,0,214,220,0,220,434
05/29/2006,HWD,CA,AWP,WE,Towers with Radar,0,6,16,0,22,0,1,209,0,210,0,7,225,0,232,248,0,248,480
05/30/2006,HWD,CA,AWP,WE,Towers with Radar,0,7,9,0,16,0,1,226,0,227,0,8,235,0,243,172,0,172,415
05/31/2006,HWD,CA,AWP,WE,Towers with Radar,0,3,40,0,43,0,2,174,0,176,0,5,214,0,219,352,0,352,571
06/01/2006,HWD,CA,AWP,WE,Towers with Radar,0,6,28,0,34,0,1,183,0,184,0,7,211,0,218,238,0,238,456
06/02/2006,HWD,CA,AWP,WE,Towers with Radar,0,7,15,0,22,0,0,171,0,171,0,7,186,0,193,218,0,218,411
06/03/2006,HWD,CA,AWP,WE,Towers with Radar,0,3,19,0,22,0,1,199,0,200,0,4,218,0,222,220,0,220,442
06/04/2006,HWD,CA,AWP,WE,Towers with Radar,0,0,22,0,22,0,2,130,0,132,0,2,152,0,154,192,0,192,346
06/05/2006,HWD,CA,AWP,WE,Towers with Radar,0,7,49,0,56,0,1,135,0,136,0,8,184,0,192,204,0,204,396
06/06/2006,HWD,CA,AWP,WE,Towers with Radar,0,6,26,0,32,0,1,148,38,187,0,7,174,38,219,216,0,216,435
06/07/2006,HWD,CA,AWP,WE,Towers with Radar,0,7,13,0,20,0,0,176,0,176,0,7,189,0,196,192,0,192,388
06/08/2006,HWD,CA,AWP,WE,Towers with Radar,0,3,23,0,26,0,1,187,0,188,0,4,210,0,214,143,0,143,357
06/09/2006,HWD,CA,AWP,WE,Towers with Radar,0,8,30,0,38,0,0,185,0,185,0,8,215,0,223,246,7,253,476
06/10/2006,HWD,CA,AWP,WE,Towers with Radar,0,1,14,0,15,0,0,123,0,123,0,1,137,0,138,195,0,195,333
06/11/2006,HWD,CA,AWP,WE,Towers with Radar,0,4,29,0,33,0,1,108,0,109,0,5,137,0,142,360,0,360,502
06/12/2006,HWD,CA,AWP,WE,Towers with Radar,0,5,25,0,30,0,2,125,0,127,0,7,150,0,157,174,0,174,331
06/13/2006,HWD,CA,AWP,WE,Towers with Radar,0,3,28,0,31,0,1,159,0,160,0,4,187,0,191,251,0,251,442
06/14/2006,HWD,CA,AWP,WE,Towers with Radar,0,6,21,0,27,0,1,143,0,144,0,7,164,0,171,202,0,202,373
06/15/2006,HWD,CA,AWP,WE,Towers with Radar,0,6,22,0,28,0,2,149,0,151,0,8,171,0,179,138,0,138,317
06/16/2006,HWD,CA,AWP,WE,Towers with Radar,0,5,16,0,21,0,0,171,0,171,0,5,187,0,192,166,0,166,358
06/17/2006,HWD,CA,AWP,WE,Towers with Radar,0,1,18,0,19,0,0,183,0,183,0,1,201,0,202,262,0,262,464
06/18/2006,HWD,CA,AWP,WE,Towers with Radar,0,4,14,0,18,0,0,173,0,173,0,4,187,0,191,116,0,116,307
06/19/2006,HWD,CA,AWP,WE,Towers with Radar,0,0,17,0,17,0,2,180,0,182,0,2,197,0,199,178,0,178,377
06/20/2006,HWD,CA,AWP,WE,Towers with Radar,0,4,17,0,21,0,0,172,0,172,0,4,189,0,193,118,0,118,311
06/21/2006,HWD,CA,AWP,WE,Towers with Radar,0,7,14,0,21,0,2,163,0,165,0,9,177,0,186,230,0,230,416
06/22/2006,HWD,CA,AWP,WE,Towers with Radar,0,8,13,0,21,0,1,155,0,156,0,9,168,0,177,220,0,220,397
06/23/2006,HWD,CA,AWP,WE,Towers with Radar,0,4,13,0,17,0,0,218,0,218,0,4,231,0,235,304,0,304,539
06/24/2006,HWD,CA,AWP,WE,Towers with Radar,0,2,15,0,17,0,0,186,0,186,0,2,201,0,203,334,0,334,537
06/25/2006,HWD,CA,AWP,WE,Towers with Radar,0,3,20,0,23,0,0,216,0,216,0,3,236,0,239,240,0,240,479
06/26/2006,HWD,CA,AWP,WE,Towers with Radar,0,3,16,0,19,0,5,176,0,181,0,8,192,0,200,230,0,230,430
06/27/2006,HWD,CA,AWP,WE,Towers with Radar,0,2,24,0,26,0,1,185,0,186,0,3,209,0,212,194,0,194,406
06/28/2006,HWD,CA,AWP,WE,Towers with Radar,0,6,21,0,27,0,2,191,0,193,0,8,212,0,220,194,0,194,414
06/29/2006,HWD,CA,AWP,WE,Towers with Radar,0,8,20,0,28,0,0,249,0,249,0,8,269,0,277,165,0,165,442
06/30/2006,HWD,CA,AWP,WE,Towers with Radar,0,9,31,0,40,0,0,156,0,156,0,9,187,0,196,114,0,114,310
07/01/2006,HWD,CA,AWP,WE,Towers with Radar,0,5,19,0,24,0,0,123,0,123,0,5,142,0,147,150,0,150,297
07/02/2006,HWD,CA,AWP,WE,Towers with Radar,0,4,21,0,25,0,2,140,0,142,0,6,161,0,167,218,0,218,385
07/03/2006,HWD,CA,AWP,WE,Towers with Radar,0,0,17,0,17,0,2,144,0,146,0,2,161,0,163,178,0,178,341
07/04/2006,HWD,CA,AWP,WE,Towers with Radar,0,0,6,0,6,0,1,144,0,145,0,1,150,0,151,218,0,218,369
07/05/2006,HWD,CA,AWP,WE,Towers with Radar,0,7,19,0,26,0,2,202,0,204,0,9,221,0,230,160,0,160,390
07/06/2006,HWD,CA,AWP,WE,Towers with Radar,0,2,15,0,17,0,0,155,0,155,0,2,170,0,172,140,0,140,312
07/07/2006,HWD,CA,AWP,WE,Towers with Radar,0,2,14,0,16,0,2,218,0,220,0,4,232,0,236,180,0,180,416
07/08/2006,HWD,CA,AWP,WE,Towers with Radar,0,1,15,0,16,0,0,202,0,202,0,1,217,0,218,274,0,274,492
07/09/2006,HWD,CA,AWP,WE,Towers with Radar,0,4,26,0,30,0,0,186,0,186,0,4,212,0,216,334,0,334,550
07/10/2006,HWD,CA,AWP,WE,Towers with Radar,0,5,38,0,43,0,0,148,0,148,0,5,186,0,191,134,0,134,325
07/11/2006,HWD,CA,AWP,WE,Towers with Radar,0,6,34,0,40,0,0,186,1,187,0,6,220,1,227,214,0,214,441
07/12/2006,HWD,CA,AWP,WE,Towers with Radar,0,2,52,0,54,0,1,145,0,146,0,3,197,0,200,130,0,130,330
07/13/2006,HWD,CA,AWP,WE,Towers with Radar,0,4,25,0,29,0,0,189,0,189,0,4,214,0,218,292,0,292,510
07/14/2006,HWD,CA,AWP,WE,Towers with Radar,0,8,30,0,38,0,0,149,0,149,0,8,179,0,187,176,0,176,363
07/15/2006,HWD,CA,AWP,WE,Towers with Radar,0,4,20,0,24,0,0,169,0,169,0,4,189,0,193,334,0,334,527
07/16/2006,HWD,CA,AWP,WE,Towers with Radar,0,6,17,0,23,0,0,184,0,184,0,6,201,0,207,314,0,314,521
07/17/2006,HWD,CA,AWP,WE,Towers with Radar,0,2,13,0,15,0,2,171,0,173,0,4,184,0,188,78,0,78,266
07/18/2006,HWD,CA,AWP,WE,Towers with Radar,0,6,16,0,22,0,1,188,0,189,0,7,204,0,211,130,0,130,341
07/19/2006,HWD,CA,AWP,WE,Towers with Radar,0,4,19,0,23,0,2,239,0,241,0,6,258,0,264,274,0,274,538
07/20/2006,HWD,CA,AWP,WE,Towers with Radar,0,5,13,0,18,0,0,205,0,205,0,5,218,0,223,224,0,224,447
07/21/2006,HWD,CA,AWP,WE,Towers with Radar,0,5,15,0,20,0,0,199,0,199,0,5,214,0,219,294,0,294,513
07/22/2006,HWD,CA,AWP,WE,Towers with Radar,0,1,8,0,9,0,0,161,0,161,0,1,169,0,170,214,0,214,384
07/23/2006,HWD,CA,AWP,WE,Towers with Radar,0,4,14,0,18,0,0,160,0,160,0,4,174,0,178,274,0,274,452
07/24/2006,HWD,CA,AWP,WE,Towers with Radar,0,1,10,0,11,0,0,195,0,195,0,1,205,0,206,122,0,122,328
07/25/2006,HWD,CA,AWP,WE,Towers with Radar,0,2,14,0,16,0,2,175,0,177,0,4,189,0,193,172,0,172,365
07/26/2006,HWD,CA,AWP,WE,Towers with Radar,0,2,19,0,21,0,2,171,0,173,0,4,190,0,194,200,0,200,394
07/27/2006,HWD,CA,AWP,WE,Towers with Radar,0,7,25,0,32,0,0,163,0,163,0,7,188,0,195,160,0,160,355
07/28/2006,HWD,CA,AWP,WE,Towers with Radar,0,6,38,0,44,0,0,145,0,145,0,6,183,0,189,238,0,238,427
07/29/2006,HWD,CA,AWP,WE,Towers with Radar,0,0,13,0,13,0,0,120,0,120,0,0,133,0,133,250,0,250,383
07/30/2006,HWD,CA,AWP,WE,Towers with Radar,0,4,20,0,24,0,0,159,0,159,0,4,179,0,183,262,0,262,445
07/31/2006,HWD,CA,AWP,WE,Towers with Radar,0,4,13,0,17,0,2,173,0,175,0,6,186,0,192,292,0,292,484
08/01/2006,HWD,CA,AWP,WE,Towers with Radar,0,3,16,0,19,0,0,197,0,197,0,3,213,0,216,338,0,338,554
08/02/2006,HWD,CA,AWP,WE,Towers with Radar,0,2,15,0,17,0,2,202,0,204,0,4,217,0,221,374,0,374,595
08/03/2006,HWD,CA,AWP,WE,Towers with Radar,0,5,14,0,19,0,4,186,0,190,0,9,200,0,209,218,0,218,427
08/04/2006,HWD,CA,AWP,WE,Towers with Radar,0,5,16,0,21,0,0,186,0,186,0,5,202,0,207,238,0,238,445
08/05/2006,HWD,CA,AWP,WE,Towers with Radar,0,8,13,0,21,0,0,155,0,155,0,8,168,0,176,216,0,216,392
08/06/2006,HWD,CA,AWP,WE,Towers with Radar,0,9,9,0,18,0,1,184,0,185,0,10,193,0,203,168,0,168,371
08/07/2006,HWD,CA,AWP,WE,Towers with Radar,0,5,34,0,39,0,2,163,0,165,0,7,197,0,204,202,8,210,414
08/08/2006,HWD,CA,AWP,WE,Towers with Radar,0,2,27,0,29,0,1,136,0,137,0,3,163,0,166,238,0,238,404
08/09/2006,HWD,CA,AWP,WE,Towers with Radar,0,0,8,0,8,0,3,229,0,232,0,3,237,0,240,262,0,262,502
08/10/2006,HWD,CA,AWP,WE,Towers with Radar,0,7,10,0,17,0,2,211,0,213,0,9,221,0,230,258,0,258,488
08/11/2006,HWD,CA,AWP,WE,Towers with Radar,0,6,20,0,26,0,1,209,0,210,0,7,229,0,236,164,0,164,400
08/12/2006,HWD,CA,AWP,WE,Towers with Radar,0,3,20,0,23,0,0,167,0,167,0,3,187,0,190,302,0,302,492
08/13/2006,HWD,CA,AWP,WE,Towers with Radar,0,9,17,0,26,0,4,193,0,197,0,13,210,0,223,218,0,218,441
08/14/2006,HWD,CA,AWP,WE,Towers with Radar,0,8,21,0,29,0,2,226,0,228,0,10,247,0,257,284,0,284,541
08/15/2006,HWD,CA,AWP,WE,Towers with Radar,0,6,26,0,32,0,1,147,0,148,0,7,173,0,180,218,0,218,398
08/16/2006,HWD,CA,AWP,WE,Towers with Radar,0,2,33,0,35,0,2,215,0,217,0,4,248,0,252,240,0,240,492
08/17/2006,HWD,CA,AWP,WE,Towers with Radar,0,2,20,0,22,0,2,172,0,174,0,4,192,0,196,148,0,148,344
08/18/2006,HWD,CA,AWP,WE,Towers with Radar,0,8,36,0,44,0,0,152,0,152,0,8,188,0,196,176,0,176,372
08/19/2006,HWD,CA,AWP,WE,Towers with Radar,0,5,11,0,16,0,0,0,0,0,0,5,11,0,16,282,0,282,298
08/20/2006,HWD,CA,AWP,WE,Towers with Radar,0,9,24,0,33,0,0,118,0,118,0,9,142,0,151,190,0,190,341
08/21/2006,HWD,CA,AWP,WE,Towers with Radar,0,1,18,0,19,0,2,157,0,159,0,3,175,0,178,320,0,320,498
08/22/2006,HWD,CA,AWP,WE,Towers with Radar,0,4,31,0,35,0,1,174,0,175,0,5,205,0,210,142,0,142,352
08/23/2006,HWD,CA,AWP,WE,Towers with Radar,0,4,33,0,37,0,1,211,0,212,0,5,244,0,249,446,0,446,695
08/24/2006,HWD,CA,AWP,WE,Towers with Radar,0,5,32,0,37,0,0,144,0,144,0,5,176,0,181,202,0,202,383
08/25/2006,HWD,CA,AWP,WE,Towers with Radar,0,6,6,0,12,0,0,193,0,193,0,6,199,0,205,414,0,414,619
08/26/2006,HWD,CA,AWP,WE,Towers with Radar,0,2,15,0,17,0,0,0,0,0,0,2,15,0,17,226,0,226,243
08/27/2006,HWD,CA,AWP,WE,Towers with Radar,0,2,25,0,27,0,0,151,0,151,0,2,176,0,178,266,0,266,444
08/28/2006,HWD,CA,AWP,WE,Towers with Radar,0,1,27,0,28,0,2,149,0,151,0,3,176,0,179,136,0,136,315
08/29/2006,HWD,CA,AWP,WE,Towers with Radar,0,4,40,0,44,0,3,157,0,160,0,7,197,0,204,200,0,200,404
08/30/2006,HWD,CA,AWP,WE,Towers with Radar,0,6,4,0,10,0,0,211,0,211,0,6,215,0,221,162,0,162,383
08/31/2006,HWD,CA,AWP,WE,Towers with Radar,0,7,22,0,29,0,2,153,0,155,0,9,175,0,184,164,0,164,348
09/01/2006,HWD,CA,AWP,WE,Towers with Radar,0,4,55,0,59,0,9,102,0,111,0,13,157,0,170,256,0,256,426
09/02/2006,HWD,CA,AWP,WE,Towers with Radar,0,0,15,0,15,0,0,0,0,0,0,0,15,0,15,244,0,244,259
09/03/2006,HWD,CA,AWP,WE,Towers with Radar,0,5,19,0,24,0,0,132,0,132,0,5,151,0,156,182,0,182,338
09/04/2006,HWD,CA,AWP,WE,Towers with Radar,0,5,21,0,26,0,0,236,0,236,0,5,257,0,262,280,0,280,542
09/05/2006,HWD,CA,AWP,WE,Towers with Radar,0,5,25,0,30,0,2,152,0,154,0,7,177,0,184,240,0,240,424
09/06/2006,HWD,CA,AWP,WE,Towers with Radar,0,5,29,0,34,0,4,160,0,164,0,9,189,0,198,130,0,130,328
09/07/2006,HWD,CA,AWP,WE,Towers with Radar,0,2,25,0,27,0,1,152,0,153,0,3,177,0,180,208,0,208,388
09/08/2006,HWD,CA,AWP,WE,Towers with Radar,0,5,25,0,30,0,2,131,0,133,0,7,156,0,163,176,0,176,339
09/09/2006,HWD,CA,AWP,WE,Towers with Radar,0,2,17,0,19,0,0,108,0,108,0,2,125,0,127,252,0,252,379
09/10/2006,HWD,CA,AWP,WE,Towers with Radar,0,4,21,0,25,0,0,139,0,139,0,4,160,0,164,226,0,226,390
09/11/2006,HWD,CA,AWP,WE,Towers with Radar,0,5,11,0,16,0,0,161,0,161,0,5,172,0,177,94,0,94,271
09/12/2006,HWD,CA,AWP,WE,Towers with Radar,0,3,0,0,3,0,1,0,178,179,0,4,0,178,182,92,0,92,274
09/13/2006,HWD,CA,AWP,WE,Towers with Radar,0,6,21,0,27,0,2,197,0,199,0,8,218,0,226,234,0,234,460
09/14/2006,HWD,CA,AWP,WE,Towers with Radar,0,6,17,0,23,0,1,123,0,124,0,7,140,0,147,174,0,174,321
09/15/2006,HWD,CA,AWP,WE,Towers with Radar,0,3,16,0,19,0,0,145,0,145,0,3,161,0,164,150,0,150,314
09/16/2006,HWD,CA,AWP,WE,Towers with Radar,0,2,9,0,11,0,0,150,0,150,0,2,159,0,161,314,0,314,475
09/17/2006,HWD,CA,AWP,WE,Towers with Radar,0,2,15,0,17,0,0,150,0,150,0,2,165,0,167,136,0,136,303
09/18/2006,HWD,CA,AWP,WE,Towers with Radar,0,3,19,0,22,0,2,227,0,229,0,5,246,0,251,198,0,198,449
09/19/2006,HWD,CA,AWP,WE,Towers with Radar,0,8,19,0,27,0,1,197,0,198,0,9,216,0,225,202,0,202,427
09/20/2006,HWD,CA,AWP,WE,Towers with Radar,0,1,22,0,23,0,4,177,0,181,0,5,199,0,204,214,0,214,418
09/21/2006,HWD,CA,AWP,WE,Towers with Radar,0,4,17,0,21,0,1,210,0,211,0,5,227,0,232,110,0,110,342
09/22/2006,HWD,CA,AWP,WE,Towers with Radar,0,8,17,0,25,0,0,173,0,173,0,8,190,0,198,96,0,96,294
09/23/2006,HWD,CA,AWP,WE,Towers with Radar,0,2,7,0,9,0,0,162,0,162,0,2,169,0,171,220,0,220,391
09/24/2006,HWD,CA,AWP,WE,Towers with Radar,0,4,24,0,28,0,0,176,0,176,0,4,200,0,204,298,0,298,502
09/25/2006,HWD,CA,AWP,WE,Towers with Radar,0,6,7,0,13,0,1,190,0,191,0,7,197,0,204,256,0,256,460
09/26/2006,HWD,CA,AWP,WE,Towers with Radar,0,8,32,0,40,0,1,155,0,156,0,9,187,0,196,144,0,144,340
09/27/2006,HWD,CA,AWP,WE,Towers with Radar,0,5,28,0,33,0,1,164,0,165,0,6,192,0,198,160,0,160,358
09/28/2006,HWD,CA,AWP,WE,Towers with Radar,0,4,33,0,37,0,2,127,0,129,0,6,160,0,166,94,0,94,260
09/29/2006,HWD,CA,AWP,WE,Towers with Radar,0,1,29,0,30,0,0,116,0,116,0,1,145,0,146,182,0,182,328
09/30/2006,HWD,CA,AWP,WE,Towers with Radar,0,1,17,0,18,0,0,398,0,398,0,1,415,0,416,198,0,198,614
10/01/2006,HWD,CA,AWP,WE,Towers with Radar,0,3,31,0,34,0,1,106,0,107,0,4,137,0,141,196,0,196,337
10/02/2006,HWD,CA,AWP,WE,Towers with Radar,0,2,17,0,19,0,1,158,0,159,0,3,175,0,178,180,0,180,358
10/03/2006,HWD,CA,AWP,WE,Towers with Radar,0,6,16,0,22,0,0,136,0,136,0,6,152,0,158,192,0,192,350
10/04/2006,HWD,CA,AWP,WE,Towers with Radar,0,5,21,0,26,0,0,132,0,132,0,5,153,0,158,80,0,80,238
10/05/2006,HWD,CA,AWP,WE,Towers with Radar,0,7,22,0,29,0,1,119,0,120,0,8,141,0,149,185,0,185,334
10/06/2006,HWD,CA,AWP,WE,Towers with Radar,0,7,48,0,55,0,0,105,0,105,0,7,153,0,160,176,0,176,336
10/07/2006,HWD,CA,AWP,WE,Towers with Radar,0,0,11,0,11,0,0,170,0,170,0,0,181,0,181,220,0,220,401
10/08/2006,HWD,CA,AWP,WE,Towers with Radar,0,4,14,0,18,0,0,175,0,175,0,4,189,0,193,217,0,217,410
10/09/2006,HWD,CA,AWP,WE,Towers with Radar,0,4,18,0,22,0,1,217,0,218,0,5,235,0,240,176,0,176,416
10/10/2006,HWD,CA,AWP,WE,Towers with Radar,0,4,12,0,16,0,4,221,0,225,0,8,233,0,241,202,0,202,443
10/11/2006,HWD,CA,AWP,WE,Towers with Radar,0,10,20,0,30,0,2,189,0,191,0,12,209,0,221,240,0,240,461
10/12/2006,HWD,CA,AWP,WE,Towers with Radar,0,9,21,0,30,0,4,198,0,202,0,13,219,0,232,208,0,208,440
10/13/2006,HWD,CA,AWP,WE,Towers with Radar,0,9,20,0,29,0,2,152,0,154,0,11,172,0,183,168,0,168,351
10/14/2006,HWD,CA,AWP,WE,Towers with Radar,0,0,22,0,22,0,0,113,0,113,0,0,135,0,135,184,0,184,319
10/15/2006,HWD,CA,AWP,WE,Towers with Radar,0,5,34,0,39,0,0,69,0,69,0,5,103,0,108,144,0,144,252
10/16/2006,HWD,CA,AWP,WE,Towers with Radar,0,9,30,0,39,0,2,109,0,111,0,11,139,0,150,116,0,116,266
10/17/2006,HWD,CA,AWP,WE,Towers with Radar,0,10,12,0,22,0,1,181,0,182,0,11,193,0,204,108,0,108,312
10/18/2006,HWD,CA,AWP,WE,Towers with Radar,0,4,17,0,21,0,0,176,0,176,0,4,193,0,197,72,0,72,269
10/19/2006,HWD,CA,AWP,WE,Towers with Radar,0,5,19,0,24,0,1,188,0,189,0,6,207,0,213,222,0,222,435
10/20/2006,HWD,CA,AWP,WE,Towers with Radar,0,6,9,0,15,0,1,205,0,206,0,7,214,0,221,128,0,128,349
10/21/2006,HWD,CA,AWP,WE,Towers with Radar,0,5,21,0,26,0,0,160,0,160,0,5,181,0,186,252,0,252,438
10/22/2006,HWD,CA,AWP,WE,Towers with Radar,0,4,10,0,14,0,0,209,0,209,0,4,219,0,223,272,0,272,495
10/23/2006,HWD,CA,AWP,WE,Towers with Radar,0,3,14,0,17,0,2,177,0,179,0,5,191,0,196,220,0,220,416
10/24/2006,HWD,CA,AWP,WE,Towers with Radar,0,2,0,0,2,0,2,0,156,158,0,4,0,156,160,130,0,130,290
10/25/2006,HWD,CA,AWP,WE,Towers with Radar,0,4,25,0,29,0,0,169,0,169,0,4,194,0,198,138,0,138,336
10/26/2006,HWD,CA,AWP,WE,Towers with Radar,0,5,15,0,20,0,2,177,0,179,0,7,192,0,199,183,0,183,382
10/27/2006,HWD,CA,AWP,WE,Towers with Radar,0,4,28,0,32,0,3,148,0,151,0,7,176,0,183,150,0,150,333
10/28/2006,HWD,CA,AWP,WE,Towers with Radar,0,2,12,0,14,0,0,227,0,227,0,2,239,0,241,250,0,250,491
10/29/2006,HWD,CA,AWP,WE,Towers with Radar,0,3,15,0,18,0,0,139,0,139,0,3,154,0,157,164,0,164,321
10/30/2006,HWD,CA,AWP,WE,Towers with Radar,0,5,18,0,23,0,1,120,0,121,0,6,138,0,144,138,0,138,282
10/31/2006,HWD,CA,AWP,WE,Towers with Radar,0,1,8,0,9,0,0,160,0,160,0,1,168,0,169,108,0,108,277
11/01/2006,HWD,CA,AWP,WE,Towers with Radar,0,9,17,0,26,0,2,169,0,171,0,11,186,0,197,114,0,114,311
11/02/2006,HWD,CA,AWP,WE,Towers with Radar,0,1,16,0,17,0,5,95,0,100,0,6,111,0,117,128,0,128,245
11/03/2006,HWD,CA,AWP,WE,Towers with Radar,0,7,27,0,34,0,0,74,0,74,0,7,101,0,108,82,0,82,190
11/04/2006,HWD,CA,AWP,WE,Towers with Radar,0,0,16,0,16,0,0,137,0,137,0,0,153,0,153,340,0,340,493
11/05/2006,HWD,CA,AWP,WE,Towers with Radar,0,4,20,0,24,0,0,127,0,127,0,4,147,0,151,210,0,210,361
11/06/2006,HWD,CA,AWP,WE,Towers with Radar,0,3,14,0,17,0,2,234,0,236,0,5,248,0,253,202,0,202,455
11/07/2006,HWD,CA,AWP,WE,Towers with Radar,0,5,42,0,47,0,3,118,0,121,0,8,160,0,168,82,0,82,250
11/08/2006,HWD,CA,AWP,WE,Towers with Radar,0,7,29,0,36,0,2,139,0,141,0,9,168,0,177,174,0,174,351
11/09/2006,HWD,CA,AWP,WE,Towers with Radar,0,3,15,0,18,0,2,198,0,200,0,5,213,0,218,128,0,128,346
11/10/2006,HWD,CA,AWP,WE,Towers with Radar,0,2,13,0,15,0,0,191,0,191,0,2,204,0,206,126,0,126,332
11/11/2006,HWD,CA,AWP,WE,Towers with Radar,0,4,15,0,19,0,2,37,0,39,0,6,52,0,58,112,0,112,170
11/12/2006,HWD,CA,AWP,WE,Towers with Radar,0,3,16,0,19,0,0,151,0,151,0,3,167,0,170,192,0,192,362
11/13/2006,HWD,CA,AWP,WE,Towers with Radar,0,7,16,0,23,0,0,29,0,29,0,7,45,0,52,26,0,26,78
11/14/2006,HWD,CA,AWP,WE,Towers with Radar,0,5,19,0,24,0,0,170,0,170,0,5,189,0,194,146,0,146,340
11/15/2006,HWD,CA,AWP,WE,Towers with Radar,0,5,17,0,22,0,0,238,0,238,0,5,255,0,260,266,0,266,526
11/16/2006,HWD,CA,AWP,WE,Towers with Radar,0,6,24,0,30,0,1,124,0,125,0,7,148,0,155,116,0,116,271
11/17/2006,HWD,CA,AWP,WE,Towers with Radar,0,2,24,0,26,0,0,54,0,54,0,2,78,0,80,54,0,54,134
11/18/2006,HWD,CA,AWP,WE,Towers with Radar,0,1,28,0,29,0,0,151,0,151,0,1,179,0,180,362,0,362,542
11/19/2006,HWD,CA,AWP,WE,Towers with Radar,0,1,13,0,14,0,0,110,0,110,0,1,123,0,124,258,0,258,382
11/20/2006,HWD,CA,AWP,WE,Towers with Radar,0,3,25,0,28,0,4,59,0,63,0,7,84,0,91,56,0,56,147
11/21/2006,HWD,CA,AWP,WE,Towers with Radar,0,5,17,0,22,0,1,132,0,133,0,6,149,0,155,122,0,122,277
11/22/2006,HWD,CA,AWP,WE,Towers with Radar,0,8,30,0,38,0,2,205,0,207,0,10,235,0,245,180,0,180,425
11/23/2006,HWD,CA,AWP,WE,Towers with Radar,0,0,8,0,8,0,0,81,0,81,0,0,89,0,89,118,0,118,207
11/24/2006,HWD,CA,AWP,WE,Towers with Radar,0,0,21,0,21,0,0,172,0,172,0,0,193,0,193,204,0,204,397
11/25/2006,HWD,CA,AWP,WE,Towers with Radar,0,1,11,0,12,0,0,145,0,145,0,1,156,0,157,222,0,222,379
11/26/2006,HWD,CA,AWP,WE,Towers with Radar,0,7,21,0,28,0,0,20,0,20,0,7,41,0,48,44,0,44,92
11/27/2006,HWD,CA,AWP,WE,Towers with Radar,0,9,17,0,26,0,2,127,0,129,0,11,144,0,155,26,0,26,181
11/28/2006,HWD,CA,AWP,WE,Towers with Radar,0,5,8,0,13,0,1,173,0,174,0,6,181,0,187,112,0,112,299
11/29/2006,HWD,CA,AWP,WE,Towers with Radar,0,3,0,0,3,0,0,153,0,153,0,3,153,0,156,164,0,164,320
11/30/2006,HWD,CA,AWP,WE,Towers with Radar,0,4,15,0,19,0,3,212,0,215,0,7,227,0,234,210,0,210,444
12/01/2006,HWD,CA,AWP,WE,Towers with Radar,0,0,22,0,22,0,0,201,0,201,0,0,223,0,223,220,0,220,443
12/02/2006,HWD,CA,AWP,WE,Towers with Radar,0,3,6,0,9,0,0,174,0,174,0,3,180,0,183,170,0,170,353
12/03/2006,HWD,CA,AWP,WE,Towers with Radar,0,0,12,0,12,0,0,197,0,197,0,0,209,0,209,204,0,204,413
12/04/2006,HWD,CA,AWP,WE,Towers with Radar,0,6,16,0,22,0,1,171,0,172,0,7,187,0,194,68,0,68,262
12/05/2006,HWD,CA,AWP,WE,Towers with Radar,0,9,11,0,20,0,1,195,0,196,0,10,206,0,216,0,170,170,386
12/06/2006,HWD,CA,AWP,WE,Towers with Radar,0,7,11,0,18,0,3,210,0,213,0,10,221,0,231,182,0,182,413
12/07/2006,HWD,CA,AWP,WE,Towers with Radar,0,5,21,0,26,0,0,198,0,198,0,5,219,0,224,164,0,164,388
12/08/2006,HWD,CA,AWP,WE,Towers with Radar,0,5,26,0,31,0,0,78,0,78,0,5,104,0,109,58,0,58,167
12/09/2006,HWD,CA,AWP,WE,Towers with Radar,0,1,9,0,10,0,0,28,0,28,0,1,37,0,38,0,0,0,38
12/10/2006,HWD,CA,AWP,WE,Towers with Radar,0,1,18,0,19,0,0,31,0,31,0,1,49,0,50,84,0,84,134
12/11/2006,HWD,CA,AWP,WE,Towers with Radar,0,6,22,0,28,0,0,155,0,155,0,6,177,0,183,92,0,92,275
12/12/2006,HWD,CA,AWP,WE,Towers with Radar,0,5,21,0,26,0,0,56,0,56,0,5,77,0,82,0,0,0,82
12/13/2006,HWD,CA,AWP,WE,Towers with Radar,0,7,27,0,34,0,6,51,0,57,0,13,78,0,91,58,0,58,149
12/14/2006,HWD,CA,AWP,WE,Towers with Radar,0,4,26,0,30,0,0,52,0,52,0,4,78,0,82,92,0,92,174
12/15/2006,HWD,CA,AWP,WE,Towers with Radar,0,4,23,0,27,0,0,101,0,101,0,4,124,0,128,202,0,202,330
12/16/2006,HWD,CA,AWP,WE,Towers with Radar,0,1,12,0,13,0,0,102,0,102,0,1,114,0,115,146,0,146,261
12/17/2006,HWD,CA,AWP,WE,Towers with Radar,0,0,9,0,9,0,0,172,0,172,0,0,181,0,181,224,0,224,405
12/18/2006,HWD,CA,AWP,WE,Towers with Radar,0,4,10,0,14,0,0,200,0,200,0,4,210,0,214,142,0,142,356
12/19/2006,HWD,CA,AWP,WE,Towers with Radar,0,7,10,0,17,0,0,211,0,211,0,7,221,0,228,210,0,210,438
12/20/2006,HWD,CA,AWP,WE,Towers with Radar,0,9,17,0,26,0,0,207,0,207,0,9,224,0,233,288,0,288,521
12/21/2006,HWD,CA,AWP,WE,Towers with Radar,0,9,13,0,22,0,0,82,0,82,0,9,95,0,104,18,0,18,122
12/22/2006,HWD,CA,AWP,WE,Towers with Radar,0,2,15,0,17,0,0,152,0,152,0,2,167,0,169,166,0,166,335
12/23/2006,HWD,CA,AWP,WE,Towers with Radar,0,6,22,0,28,0,0,133,0,133,0,6,155,0,161,202,0,202,363
12/24/2006,HWD,CA,AWP,WE,Towers with Radar,0,1,6,0,7,0,0,60,0,60,0,1,66,0,67,152,0,152,219
12/25/2006,HWD,CA,AWP,WE,Towers with Radar,0,0,4,0,4,0,0,3,0,3,0,0,7,0,7,34,0,34,41
12/26/2006,HWD,CA,AWP,WE,Towers with Radar,0,6,16,0,22,0,0,42,3,45,0,6,58,3,67,16,0,16,83
12/27/2006,HWD,CA,AWP,WE,Towers with Radar,0,4,11,0,15,0,2,50,0,52,0,6,61,0,67,30,0,30,97
12/28/2006,HWD,CA,AWP,WE,Towers with Radar,0,0,0,0,0,0,3,127,0,130,0,3,127,0,130,80,0,80,210
12/29/2006,HWD,CA,AWP,WE,Towers with Radar,0,4,12,0,16,0,0,188,0,188,0,4,200,0,204,184,0,184,388
12/30/2006,HWD,CA,AWP,WE,Towers with Radar,0,2,13,0,15,0,0,152,0,152,0,2,165,0,167,170,0,170,337
12/31/2006,HWD,CA,AWP,WE,Towers with Radar,0,2,13,0,15,0,1,49,0,50,0,3,62,0,65,110,0,110,175
01/01/2007,HWD,CA,AWP,WE,Towers with Radar,0,1,7,0,8,0,0,173,0,173,0,1,180,0,181,160,0,160,341
01/02/2007,HWD,CA,AWP,WE,Towers with Radar,0,6,13,0,19,0,3,212,0,215,0,9,225,0,234,266,0,266,500
01/03/2007,HWD,CA,AWP,WE,Towers with Radar,0,3,20,0,23,0,0,101,0,101,0,3,121,0,124,52,0,52,176
01/04/2007,HWD,CA,AWP,WE,Towers with Radar,0,2,14,0,16,0,3,55,0,58,0,5,69,0,74,56,0,56,130
01/05/2007,HWD,CA,AWP,WE,Towers with Radar,0,3,4,0,7,0,0,136,0,136,0,3,140,0,143,172,0,172,315
01/06/2007,HWD,CA,AWP,WE,Towers with Radar,0,4,14,0,18,0,1,164,0,165,0,5,178,0,183,184,0,184,367
01/07/2007,HWD,CA,AWP,WE,Towers with Radar,0,6,17,0,23,0,0,204,0,204,0,6,221,0,227,224,0,224,451
01/08/2007,HWD,CA,AWP,WE,Towers with Radar,0,3,13,0,16,0,1,166,0,167,0,4,179,0,183,194,0,194,377
01/09/2007,HWD,CA,AWP,WE,Towers with Radar,0,2,12,0,14,0,1,152,0,153,0,3,164,0,167,147,0,147,314
01/10/2007,HWD,CA,AWP,WE,Towers with Radar,0,7,21,0,28,0,1,127,0,128,0,8,148,0,156,164,0,164,320
01/11/2007,HWD,CA,AWP,WE,Towers with Radar,0,10,9,0,19,0,0,176,0,176,0,10,185,0,195,84,0,84,279
01/12/2007,HWD,CA,AWP,WE,Towers with Radar,0,11,6,0,17,0,0,103,0,103,0,11,109,0,120,54,0,54,174
01/13/2007,HWD,CA,AWP,WE,Towers with Radar,0,3,15,0,18,0,0,127,0,127,0,3,142,0,145,182,0,182,327
01/14/2007,HWD,CA,AWP,WE,Towers with Radar,0,3,5,0,8,0,0,120,0,120,0,3,125,0,128,118,0,118,246
01/15/2007,HWD,CA,AWP,WE,Towers with Radar,0,10,11,0,21,0,0,208,0,208,0,10,219,0,229,290,0,290,519
01/16/2007,HWD,CA,AWP,WE,Towers with Radar,0,6,18,0,24,0,0,118,0,118,0,6,136,0,142,114,0,114,256
01/17/2007,HWD,CA,AWP,WE,Towers with Radar,0,6,13,0,19,0,1,148,0,149,0,7,161,0,168,32,0,32,200
01/18/2007,HWD,CA,AWP,WE,Towers with Radar,0,6,18,0,24,0,0,139,0,139,0,6,157,0,163,118,0,118,281
01/19/2007,HWD,CA,AWP,WE,Towers with Radar,0,3,7,0,10,0,1,169,0,170,0,4,176,0,180,200,0,200,380
01/20/2007,HWD,CA,AWP,WE,Towers with Radar,0,2,16,0,18,0,0,163,0,163,0,2,179,0,181,295,0,295,476
01/21/2007,HWD,CA,AWP,WE,Towers with Radar,0,2,10,0,12,0,0,118,0,118,0,2,128,0,130,48,0,48,178
01/22/2007,HWD,CA,AWP,WE,Towers with Radar,0,3,14,0,17,0,1,150,0,151,0,4,164,0,168,80,0,80,248
01/23/2007,HWD,CA,AWP,WE,Towers with Radar,0,5,13,0,18,0,0,150,0,150,0,5,163,0,168,160,0,160,328
01/24/2007,HWD,CA,AWP,WE,Towers with Radar,0,6,12,0,18,0,3,197,0,200,0,9,209,0,218,148,0,148,366
01/25/2007,HWD,CA,AWP,WE,Towers with Radar,0,9,66,0,75,0,1,43,0,44,0,10,109,0,119,46,0,46,165
01/26/2007,HWD,CA,AWP,WE,Towers with Radar,0,4,50,0,54,0,0,8,0,8,0,4,58,0,62,0,0,0,62
01/27/2007,HWD,CA,AWP,WE,Towers with Radar,0,3,17,0,20,0,0,24,0,24,0,3,41,0,44,106,0,106,150
01/28/2007,HWD,CA,AWP,WE,Towers with Radar,0,5,20,0,25,0,0,67,0,67,0,5,87,0,92,228,0,228,320
01/29/2007,HWD,CA,AWP,WE,Towers with Radar,0,5,10,0,15,0,1,174,0,175,0,6,184,0,190,172,0,172,362
01/30/2007,HWD,CA,AWP,WE,Towers with Radar,0,4,17,0,21,0,1,139,0,140,0,5,156,0,161,128,0,128,289
01/31/2007,HWD,CA,AWP,WE,Towers with Radar,0,5,29,0,34,0,2,159,0,161,0,7,188,0,195,168,0,168,363
02/01/2007,HWD,CA,AWP,WE,Towers with Radar,0,4,31,0,35,0,4,117,0,121,0,8,148,0,156,169,0,169,325
02/02/2007,HWD,CA,AWP,WE,Towers with Radar,0,7,18,0,25,0,0,122,0,122,0,7,140,0,147,220,0,220,367
02/03/2007,HWD,CA,AWP,WE,Towers with Radar,0,1,16,0,17,0,0,132,0,132,0,1,148,0,149,234,0,234,383
02/04/2007,HWD,CA,AWP,WE,Towers with Radar,0,1,12,0,13,0,0,133,0,133,0,1,145,0,146,184,0,184,330
02/05/2007,HWD,CA,AWP,WE,Towers with Radar,0,6,17,0,23,0,2,162,0,164,0,8,179,0,187,160,0,160,347
02/06/2007,HWD,CA,AWP,WE,Towers with Radar,0,3,38,0,41,0,1,126,0,127,0,4,164,0,168,210,0,210,378
02/07/2007,HWD,CA,AWP,WE,Towers with Radar,0,8,18,0,26,0,0,109,0,109,0,8,127,0,135,40,0,40,175
02/08/2007,HWD,CA,AWP,WE,Towers with Radar,0,7,8,0,15,0,0,81,0,81,0,7,89,0,96,84,0,84,180
02/09/2007,HWD,CA,AWP,WE,Towers with Radar,0,7,25,0,32,0,1,53,0,54,0,8,78,0,86,40,0,40,126
02/10/2007,HWD,CA,AWP,WE,Towers with Radar,0,2,36,0,38,0,0,27,0,27,0,2,63,0,65,128,0,128,193
02/11/2007,HWD,CA,AWP,WE,Towers with Radar,0,9,9,0,18,0,1,78,0,79,0,10,87,0,97,150,0,150,247
02/12/2007,HWD,CA,AWP,WE,Towers with Radar,0,7,20,0,27,0,1,106,0,107,0,8,126,0,134,102,0,102,236
02/13/2007,HWD,CA,AWP,WE,Towers with Radar,0,7,15,0,22,0,1,137,0,138,0,8,152,0,160,204,0,204,364
02/14/2007,HWD,CA,AWP,WE,Towers with Radar,0,7,17,0,24,0,0,179,0,179,0,7,196,0,203,160,0,160,363
02/15/2007,HWD,CA,AWP,WE,Towers with Radar,0,4,37,0,41,0,0,127,0,127,0,4,164,0,168,124,0,124,292
02/16/2007,HWD,CA,AWP,WE,Towers with Radar,0,19,30,0,49,0,0,139,0,139,0,19,169,0,188,96,2,98,286
02/17/2007,HWD,CA,AWP,WE,Towers with Radar,0,4,20,0,24,0,0,185,0,185,0,4,205,0,209,212,0,212,421
02/18/2007,HWD,CA,AWP,WE,Towers with Radar,0,2,17,0,19,0,1,72,0,73,0,3,89,0,92,126,0,126,218
02/19/2007,HWD,CA,AWP,WE,Towers with Radar,0,7,20,0,27,0,0,223,0,223,0,7,243,0,250,300,0,300,550
02/20/2007,HWD,CA,AWP,WE,Towers with Radar,0,5,20,0,25,0,1,159,0,160,0,6,179,0,185,206,0,206,391
02/21/2007,HWD,CA,AWP,WE,Towers with Radar,0,5,18,0,23,0,2,104,0,106,0,7,122,0,129,124,0,124,253
02/22/2007,HWD,CA,AWP,WE,Towers with Radar,0,7,11,0,18,0,1,92,0,93,0,8,103,0,111,43,0,43,154
02/23/2007,HWD,CA,AWP,WE,Towers with Radar,0,1,11,0,12,0,0,176,0,176,0,1,187,0,188,178,0,178,366
02/24/2007,HWD,CA,AWP,WE,Towers with Radar,0,4,15,0,19,0,0,77,0,77,0,4,92,0,96,286,0,286,382
02/25/2007,HWD,CA,AWP,WE,Towers with Radar,0,7,16,0,23,0,0,35,0,35,0,7,51,0,58,80,0,80,138
02/26/2007,HWD,CA,AWP,WE,Towers with Radar,0,11,10,0,21,0,1,18,0,19,0,12,28,0,40,0,0,0,40
02/27/2007,HWD,CA,AWP,WE,Towers with Radar,0,8,6,0,14,0,3,73,0,76,0,11,79,0,90,40,0,40,130
02/28/2007,HWD,CA,AWP,WE,Towers with Radar,0,5,12,0,17,0,1,141,0,142,0,6,153,0,159,78,0,78,237
03/01/2007,HWD,CA,AWP,WE,Towers with Radar,0,5,9,0,14,0,1,128,0,129,0,6,137,0,143,146,0,146,289
03/02/2007,HWD,CA,AWP,WE,Towers with Radar,0,7,18,0,25,0,1,181,0,182,0,8,199,0,207,168,0,168,375
03/03/2007,HWD,CA,AWP,WE,Towers with Radar,0,1,10,0,11,0,0,200,0,200,0,1,210,0,211,278,0,278,489
03/04/2007,HWD,CA,AWP,WE,Towers with Radar,0,3,16,0,19,0,1,179,0,180,0,4,195,0,199,356,0,356,555
03/05/2007,HWD,CA,AWP,WE,Towers with Radar,0,9,16,0,25,0,2,211,0,213,0,11,227,0,238,180,0,180,418
03/06/2007,HWD,CA,AWP,WE,Towers with Radar,0,1,15,0,16,0,1,186,0,187,0,2,201,0,203,146,0,146,349
03/07/2007,HWD,CA,AWP,WE,Towers with Radar,0,5,25,0,30,0,0,116,0,116,0,5,141,0,146,66,0,66,212
03/08/2007,HWD,CA,AWP,WE,Towers with Radar,0,10,19,0,29,0,1,177,0,178,0,11,196,0,207,100,0,100,307
03/09/2007,HWD,CA,AWP,WE,Towers with Radar,0,4,19,0,23,0,0,165,0,165,0,4,184,0,188,142,0,142,330
03/10/2007,HWD,CA,AWP,WE,Towers with Radar,0,1,10,0,11,0,0,188,0,188,0,1,198,0,199,302,0,302,501
03/11/2007,HWD,CA,AWP,WE,Towers with Radar,0,5,15,0,20,0,0,218,0,218,0,5,233,0,238,236,0,236,474
03/12/2007,HWD,CA,AWP,WE,Towers with Radar,0,7,13,0,20,0,0,178,0,178,0,7,191,0,198,246,0,246,444
03/13/2007,HWD,CA,AWP,WE,Towers with Radar,0,6,5,0,11,0,1,178,0,179,0,7,183,0,190,138,0,138,328
03/14/2007,HWD,CA,AWP,WE,Towers with Radar,0,5,10,0,15,0,1,198,0,199,0,6,208,0,214,121,0,121,335
03/15/2007,HWD,CA,AWP,WE,Towers with Radar,0,10,17,0,27,0,0,186,0,186,0,10,203,0,213,76,0,76,289
03/16/2007,HWD,CA,AWP,WE,Towers with Radar,0,4,10,0,14,0,0,206,0,206,0,4,216,0,220,206,0,206,426
03/17/2007,HWD,CA,AWP,WE,Towers with Radar,0,2,31,0,33,0,0,104,0,104,0,2,135,0,137,172,0,172,309
03/18/2007,HWD,CA,AWP,WE,Towers with Radar,0,6,33,0,39,0,1,172,0,173,0,7,205,0,212,194,0,194,406
03/19/2007,HWD,CA,AWP,WE,Towers with Radar,0,8,16,0,24,0,0,171,0,171,0,8,187,0,195,110,0,110,305
03/20/2007,HWD,CA,AWP,WE,Towers with Radar,0,4,15,0,19,0,1,79,0,80,0,5,94,0,99,20,0,20,119
03/21/2007,HWD,CA,AWP,WE,Towers with Radar,0,4,18,0,22,0,2,159,0,161,0,6,177,0,183,154,0,154,337
03/22/2007,HWD,CA,AWP,WE,Towers with Radar,0,1,17,0,18,0,2,174,0,176,0,3,191,0,194,152,0,152,346
03/23/2007,HWD,CA,AWP,WE,Towers with Radar,0,4,15,0,19,0,0,192,0,192,0,4,207,0,211,130,0,130,341
03/24/2007,HWD,CA,AWP,WE,Towers with Radar,0,3,14,0,17,0,0,181,0,181,0,3,195,0,198,186,0,186,384
03/25/2007,HWD,CA,AWP,WE,Towers with Radar,0,14,22,0,36,0,1,76,0,77,0,15,98,0,113,130,0,130,243
03/26/2007,HWD,CA,AWP,WE,Towers with Radar,0,5,8,0,13,0,2,66,0,68,0,7,74,0,81,42,0,42,123
03/27/2007,HWD,CA,AWP,WE,Towers with Radar,0,4,10,0,14,0,2,89,0,91,0,6,99,0,105,38,0,38,143
03/28/2007,HWD,CA,AWP,WE,Towers with Radar,0,4,14,0,18,0,2,154,0,156,0,6,168,0,174,66,0,66,240
03/29/2007,HWD,CA,AWP,WE,Towers with Radar,0,5,15,0,20,0,2,215,0,217,0,7,230,0,237,170,0,170,407
03/30/2007,HWD,CA,AWP,WE,Towers with Radar,0,4,23,0,27,0,0,182,0,182,0,4,205,0,209,224,0,224,433
03/31/2007,HWD,CA,AWP,WE,Towers with Radar,0,5,9,0,14,0,0,179,0,179,0,5,188,0,193,178,0,178,371
04/01/2007,HWD,CA,AWP,WE,Towers with Radar,0,3,14,0,17,0,1,144,0,145,0,4,158,0,162,240,0,240,402
04/02/2007,HWD,CA,AWP,WE,Towers with Radar,0,7,9,0,16,0,3,173,0,176,0,10,182,0,192,136,0,136,328
04/03/2007,HWD,CA,AWP,WE,Towers with Radar,0,11,8,0,19,0,1,223,2,226,0,12,231,2,245,130,0,130,375
04/04/2007,HWD,CA,AWP,WE,Towers with Radar,0,8,22,0,30,0,1,191,0,192,0,9,213,0,222,46,0,46,268
04/05/2007,HWD,CA,AWP,WE,Towers with Radar,0,8,8,0,16,0,1,158,0,159,0,9,166,0,175,226,0,226,401
04/06/2007,HWD,CA,AWP,WE,Towers with Radar,0,2,52,0,54,0,0,77,0,77,0,2,129,0,131,60,0,60,191
04/07/2007,HWD,CA,AWP,WE,Towers with Radar,0,1,11,0,12,0,0,62,0,62,0,1,73,0,74,178,0,178,252
04/08/2007,HWD,CA,AWP,WE,Towers with Radar,0,6,22,0,28,0,1,154,0,155,0,7,176,0,183,288,0,288,471
04/09/2007,HWD,CA,AWP,WE,Towers with Radar,0,3,12,0,15,0,3,186,0,189,0,6,198,0,204,186,0,186,390
04/10/2007,HWD,CA,AWP,WE,Towers with Radar,0,4,20,0,24,0,1,175,0,176,0,5,195,0,200,188,0,188,388
04/11/2007,HWD,CA,AWP,WE,Towers with Radar,0,5,13,0,18,0,0,115,0,115,0,5,128,0,133,134,0,134,267
04/12/2007,HWD,CA,AWP,WE,Towers with Radar,0,7,25,0,32,0,2,154,0,156,0,9,179,0,188,132,0,132,320
04/13/2007,HWD,CA,AWP,WE,Towers with Radar,0,5,11,0,16,0,0,206,0,206,0,5,217,0,222,174,0,174,396
04/14/2007,HWD,CA,AWP,WE,Towers with Radar,0,1,16,0,17,0,0,34,0,34,0,1,50,0,51,174,0,174,225
04/15/2007,HWD,CA,AWP,WE,Towers with Radar,0,5,15,0,20,0,0,130,0,130,0,5,145,0,150,250,0,250,400
04/16/2007,HWD,CA,AWP,WE,Towers with Radar,0,3,16,0,19,0,2,202,0,204,0,5,218,0,223,144,0,144,367
04/17/2007,HWD,CA,AWP,WE,Towers with Radar,0,7,24,0,31,0,4,76,0,80,0,11,100,0,111,30,0,30,141
04/18/2007,HWD,CA,AWP,WE,Towers with Radar,0,9,12,0,21,0,0,152,0,152,0,9,164,0,173,92,0,92,265
04/19/2007,HWD,CA,AWP,WE,Towers with Radar,0,3,22,0,25,0,4,138,0,142,0,7,160,0,167,158,0,158,325
04/20/2007,HWD,CA,AWP,WE,Towers with Radar,0,4,15,0,19,0,2,167,0,169,0,6,182,0,188,224,0,224,412
04/21/2007,HWD,CA,AWP,WE,Towers with Radar,0,5,12,0,17,0,0,109,0,109,0,5,121,0,126,320,0,320,446
04/22/2007,HWD,CA,AWP,WE,Towers with Radar,0,3,28,0,31,0,0,93,0,93,0,3,121,0,124,242,0,242,366
04/23/2007,HWD,CA,AWP,WE,Towers with Radar,0,3,20,0,23,0,4,183,0,187,0,7,203,0,210,184,10,194,404
04/24/2007,HWD,CA,AWP,WE,Towers with Radar,0,7,23,0,30,0,2,168,0,170,0,9,191,0,200,254,0,254,454
04/25/2007,HWD,CA,AWP,WE,Towers with Radar,0,6,45,0,51,0,3,153,0,156,0,9,198,0,207,228,0,228,435
04/26/2007,HWD,CA,AWP,WE,Towers with Radar,0,8,19,0,27,0,4,213,0,217,0,12,232,0,244,166,0,166,410
04/27/2007,HWD,CA,AWP,WE,Towers with Radar,0,6,33,0,39,0,4,191,0,195,0,10,224,0,234,240,0,240,474
04/28/2007,HWD,CA,AWP,WE,Towers with Radar,0,0,10,0,10,0,0,221,0,221,0,0,231,0,231,254,0,254,485
04/29/2007,HWD,CA,AWP,WE,Towers with Radar,0,9,25,0,34,0,0,213,0,213,0,9,238,0,247,190,0,190,437
04/30/2007,HWD,CA,AWP,WE,Towers with Radar,0,5,17,0,22,0,3,200,0,203,0,8,217,0,225,238,0,238,463
05/01/2007,HWD,CA,AWP,WE,Towers with Radar,0,3,22,0,25,0,5,177,0,182,0,8,199,0,207,190,0,190,397
05/02/2007,HWD,CA,AWP,WE,Towers with Radar,0,6,23,0,29,0,3,117,0,120,0,9,140,0,149,118,0,118,267
05/03/2007,HWD,CA,AWP,WE,Towers with Radar,0,3,26,0,29,0,6,185,0,191,0,9,211,0,220,196,0,196,416
05/04/2007,HWD,CA,AWP,WE,Towers with Radar,0,3,27,0,30,0,2,129,0,131,0,5,156,0,161,144,0,144,305
05/05/2007,HWD,CA,AWP,WE,Towers with Radar,0,3,18,0,21,0,0,175,0,175,0,3,193,0,196,135,0,135,331
05/06/2007,HWD,CA,AWP,WE,Towers with Radar,0,3,21,0,24,0,0,155,0,155,0,3,176,0,179,92,0,92,271
05/07/2007,HWD,CA,AWP,WE,Towers with Radar,0,4,15,0,19,0,4,199,2,205,0,8,214,2,224,158,0,158,382
05/08/2007,HWD,CA,AWP,WE,Towers with Radar,0,4,17,0,21,0,3,237,0,240,0,7,254,0,261,281,0,281,542
05/09/2007,HWD,CA,AWP,WE,Towers with Radar,0,4,13,0,17,0,3,189,2,194,0,7,202,2,211,234,0,234,445
05/10/2007,HWD,CA,AWP,WE,Towers with Radar,0,3,30,0,33,0,2,205,0,207,0,5,235,0,240,250,0,250,490
05/11/2007,HWD,CA,AWP,WE,Towers with Radar,0,9,15,0,24,0,0,160,0,160,0,9,175,0,184,172,5,177,361
05/12/2007,HWD,CA,AWP,WE,Towers with Radar,0,1,5,0,6,0,0,125,0,125,0,1,130,0,131,138,0,138,269
05/13/2007,HWD,CA,AWP,WE,Towers with Radar,0,3,5,0,8,0,0,158,0,158,0,3,163,0,166,302,0,302,468
05/14/2007,HWD,CA,AWP,WE,Towers with Radar,0,3,16,0,19,0,4,213,0,217,0,7,229,0,236,318,0,318,554
05/15/2007,HWD,CA,AWP,WE,Towers with Radar,0,5,68,0,73,0,2,51,0,53,0,7,119,0,126,68,0,68,194
05/16/2007,HWD,CA,AWP,WE,Towers with Radar,0,4,28,0,32,0,2,173,0,175,0,6,201,0,207,288,0,288,495
05/17/2007,HWD,CA,AWP,WE,Towers with Radar,0,6,15,0,21,0,4,186,0,190,0,10,201,0,211,210,0,210,421
05/18/2007,HWD,CA,AWP,WE,Towers with Radar,0,8,22,0,30,0,3,190,0,193,0,11,212,0,223,318,0,318,541
05/19/2007,HWD,CA,AWP,WE,Towers with Radar,0,7,30,0,37,0,0,107,0,107,0,7,137,0,144,144,0,144,288
05/20/2007,HWD,CA,AWP,WE,Towers with Radar,0,6,17,0,23,0,0,191,0,191,0,6,208,0,214,198,0,198,412
05/21/2007,HWD,CA,AWP,WE,Towers with Radar,0,5,17,0,22,0,4,202,0,206,0,9,219,0,228,246,0,246,474
05/22/2007,HWD,CA,AWP,WE,Towers with Radar,0,13,10,0,23,0,1,213,0,214,0,14,223,0,237,300,0,300,537
05/23/2007,HWD,CA,AWP,WE,Towers with Radar,0,11,12,0,23,0,3,242,0,245,0,14,254,0,268,352,0,352,620
05/24/2007,HWD,CA,AWP,WE,Towers with Radar,0,6,15,0,21,0,0,193,0,193,0,6,208,0,214,280,0,280,494
05/25/2007,HWD,CA,AWP,WE,Towers with Radar,0,12,50,0,62,0,0,167,0,167,0,12,217,0,229,290,0,290,519
05/26/2007,HWD,CA,AWP,WE,Towers with Radar,0,0,18,0,18,0,0,149,0,149,0,0,167,0,167,144,0,144,311
05/27/2007,HWD,CA,AWP,WE,Towers with Radar,0,3,22,0,25,0,0,111,0,111,0,3,133,0,136,178,0,178,314
05/28/2007,HWD,CA,AWP,WE,Towers with Radar,0,5,18,0,23,0,1,233,0,234,0,6,251,0,257,314,0,314,571
05/29/2007,HWD,CA,AWP,WE,Towers with Radar,0,9,26,0,35,0,3,197,0,200,0,12,223,0,235,422,0,422,657
05/30/2007,HWD,CA,AWP,WE,Towers with Radar,0,5,23,0,28,0,0,145,0,145,0,5,168,0,173,223,0,223,396
05/31/2007,HWD,CA,AWP,WE,Towers with Radar,0,5,35,0,40,0,3,187,0,190,0,8,222,0,230,306,0,306,536
06/01/2007,HWD,CA,AWP,WE,Towers with Radar,0,9,40,0,49,0,1,139,0,140,0,10,179,0,189,214,0,214,403
06/02/2007,HWD,CA,AWP,WE,Towers with Radar,0,1,31,0,32,0,0,58,0,58,0,1,89,0,90,116,0,116,206
06/03/2007,HWD,CA,AWP,WE,Towers with Radar,0,5,25,0,30,0,0,128,0,128,0,5,153,0,158,176,0,176,334
06/04/2007,HWD,CA,AWP,WE,Towers with Radar,0,8,18,0,26,0,2,169,0,171,0,10,187,0,197,284,0,284,481
06/05/2007,HWD,CA,AWP,WE,Towers with Radar,0,6,17,0,23,0,1,130,0,131,0,7,147,0,154,172,0,172,326
06/08/2007,HWD,CA,AWP,WE,Towers with Radar,0,7,14,0,21,0,1,172,0,173,0,8,186,0,194,252,0,252,446
06/09/2007,HWD,CA,AWP,WE,Towers with Radar,0,4,10,0,14,0,0,200,0,200,0,4,210,0,214,322,0,322,536
06/10/2007,HWD,CA,AWP,WE,Towers with Radar,0,1,41,0,42,0,1,94,0,95,0,2,135,0,137,182,0,182,319
06/11/2007,HWD,CA,AWP,WE,Towers with Radar,0,8,18,0,26,0,1,247,0,248,0,9,265,0,274,208,0,208,482
06/12/2007,HWD,CA,AWP,WE,Towers with Radar,0,7,18,0,25,0,2,222,0,224,0,9,240,0,249,374,0,374,623
06/13/2007,HWD,CA,AWP,WE,Towers with Radar,0,7,15,0,22,0,4,228,0,232,0,11,243,0,254,206,0,206,460
06/14/2007,HWD,CA,AWP,WE,Towers with Radar,0,7,15,0,22,0,3,201,0,204,0,10,216,0,226,170,0,170,396
06/15/2007,HWD,CA,AWP,WE,Towers with Radar,0,8,20,0,28,0,1,185,0,186,0,9,205,0,214,78,0,78,292
06/16/2007,HWD,CA,AWP,WE,Towers with Radar,0,0,16,0,16,0,0,151,0,151,0,0,167,0,167,216,0,216,383
06/17/2007,HWD,CA,AWP,WE,Towers with Radar,0,4,9,0,13,0,0,171,0,171,0,4,180,0,184,163,0,163,347
06/18/2007,HWD,CA,AWP,WE,Towers with Radar,0,5,10,0,15,0,3,187,0,190,0,8,197,0,205,156,0,156,361
06/19/2007,HWD,CA,AWP,WE,Towers with Radar,0,3,16,0,19,0,2,175,0,177,0,5,191,0,196,172,0,172,368
06/20/2007,HWD,CA,AWP,WE,Towers with Radar,0,7,18,0,25,0,1,201,0,202,0,8,219,0,227,248,0,248,475
06/21/2007,HWD,CA,AWP,WE,Towers with Radar,0,9,18,0,27,0,3,191,0,194,0,12,209,0,221,290,0,290,511
06/22/2007,HWD,CA,AWP,WE,Towers with Radar,0,7,18,0,25,0,0,175,0,175,0,7,193,0,200,214,0,214,414
06/23/2007,HWD,CA,AWP,WE,Towers with Radar,0,0,0,0,0,0,4,186,0,190,0,4,186,0,190,278,0,278,468
06/24/2007,HWD,CA,AWP,WE,Towers with Radar,0,5,11,0,16,0,0,200,0,200,0,5,211,0,216,200,0,200,416
06/25/2007,HWD,CA,AWP,WE,Towers with Radar,0,8,27,0,35,0,2,191,0,193,0,10,218,0,228,242,0,242,470
06/26/2007,HWD,CA,AWP,WE,Towers with Radar,0,4,22,0,26,0,2,180,0,182,0,6,202,0,208,202,0,202,410
06/27/2007,HWD,CA,AWP,WE,Towers with Radar,0,1,14,0,15,0,4,211,0,215,0,5,225,0,230,314,0,314,544
06/28/2007,HWD,CA,AWP,WE,Towers with Radar,0,6,22,0,28,0,3,194,0,197,0,9,216,0,225,286,0,286,511
06/29/2007,HWD,CA,AWP,WE,Towers with Radar,0,5,27,0,32,0,1,125,0,126,0,6,152,0,158,216,0,216,374
06/30/2007,HWD,CA,AWP,WE,Towers with Radar,0,0,0,0,0,0,10,207,0,217,0,10,207,0,217,218,0,218,435
07/01/2007,HWD,CA,AWP,WE,Towers with Radar,0,0,8,0,8,0,0,154,0,154,0,0,162,0,162,208,0,208,370
07/02/2007,HWD,CA,AWP,WE,Towers with Radar,0,2,6,0,8,0,2,210,0,212,0,4,216,0,220,226,0,226,446
07/03/2007,HWD,CA,AWP,WE,Towers with Radar,0,1,34,0,35,0,4,168,0,172,0,5,202,0,207,152,0,152,359
07/04/2007,HWD,CA,AWP,WE,Towers with Radar,0,2,6,0,8,0,0,166,0,166,0,2,172,0,174,162,20,182,356
07/05/2007,HWD,CA,AWP,WE,Towers with Radar,0,1,15,0,16,0,4,198,0,202,0,5,213,0,218,220,0,220,438
07/06/2007,HWD,CA,AWP,WE,Towers with Radar,0,1,8,0,9,0,0,185,0,185,0,1,193,0,194,148,0,148,342
07/07/2007,HWD,CA,AWP,WE,Towers with Radar,0,0,14,0,14,0,0,120,0,120,0,0,134,0,134,184,0,184,318
07/08/2007,HWD,CA,AWP,WE,Towers with Radar,0,4,12,0,16,0,0,204,0,204,0,4,216,0,220,262,0,262,482
07/09/2007,HWD,CA,AWP,WE,Towers with Radar,0,4,17,0,21,0,1,199,2,202,0,5,216,2,223,272,0,272,495
07/10/2007,HWD,CA,AWP,WE,Towers with Radar,0,8,23,0,31,0,1,176,0,177,0,9,199,0,208,274,0,274,482
07/11/2007,HWD,CA,AWP,WE,Towers with Radar,0,4,34,0,38,0,4,226,0,230,0,8,260,0,268,318,0,318,586
07/12/2007,HWD,CA,AWP,WE,Towers with Radar,0,7,18,0,25,0,4,248,0,252,0,11,266,0,277,340,0,340,617
07/13/2007,HWD,CA,AWP,WE,Towers with Radar,0,3,20,0,23,0,1,274,0,275,0,4,294,0,298,318,0,318,616
07/14/2007,HWD,CA,AWP,WE,Towers with Radar,0,3,33,0,36,0,0,0,0,0,0,3,33,0,36,276,0,276,312
07/15/2007,HWD,CA,AWP,WE,Towers with Radar,0,4,15,0,19,0,0,167,0,167,0,4,182,0,186,232,0,232,418
07/16/2007,HWD,CA,AWP,WE,Towers with Radar,0,6,46,0,52,0,0,126,0,126,0,6,172,0,178,266,0,266,444
07/17/2007,HWD,CA,AWP,WE,Towers with Radar,0,7,24,0,31,0,3,170,0,173,0,10,194,0,204,198,0,198,402
07/18/2007,HWD,CA,AWP,WE,Towers with Radar,0,4,28,0,32,0,5,206,0,211,0,9,234,0,243,292,0,292,535
07/19/2007,HWD,CA,AWP,WE,Towers with Radar,0,6,22,0,28,0,5,202,0,207,0,11,224,0,235,190,0,190,425
07/20/2007,HWD,CA,AWP,WE,Towers with Radar,0,4,28,0,32,0,2,156,0,158,0,6,184,0,190,152,0,152,342
07/21/2007,HWD,CA,AWP,WE,Towers with Radar,0,1,16,0,17,0,0,187,0,187,0,1,203,0,204,284,0,284,488
07/22/2007,HWD,CA,AWP,WE,Towers with Radar,0,2,32,0,34,0,0,192,0,192,0,2,224,0,226,176,0,176,402
07/23/2007,HWD,CA,AWP,WE,Towers with Radar,0,8,30,0,38,0,1,170,0,171,0,9,200,0,209,252,0,252,461
07/24/2007,HWD,CA,AWP,WE,Towers with Radar,0,3,33,0,36,0,2,178,0,180,0,5,211,0,216,292,0,292,508
07/25/2007,HWD,CA,AWP,WE,Towers with Radar,0,8,42,0,50,0,0,173,0,173,0,8,215,0,223,234,6,240,463
07/26/2007,HWD,CA,AWP,WE,Towers with Radar,0,10,42,0,52,0,0,170,0,170,0,10,212,0,222,230,0,230,452
07/27/2007,HWD,CA,AWP,WE,Towers with Radar,0,7,23,0,30,0,2,213,0,215,0,9,236,0,245,334,0,334,579
07/28/2007,HWD,CA,AWP,WE,Towers with Radar,0,0,0,0,0,0,0,207,0,207,0,0,207,0,207,390,0,390,597
07/29/2007,HWD,CA,AWP,WE,Towers with Radar,0,1,13,0,14,0,0,195,0,195,0,1,208,0,209,224,0,224,433
07/30/2007,HWD,CA,AWP,WE,Towers with Radar,0,7,17,0,24,0,4,165,0,169,0,11,182,0,193,238,0,238,431
07/31/2007,HWD,CA,AWP,WE,Towers with Radar,0,6,23,0,29,0,1,223,0,224,0,7,246,0,253,376,0,376,629
08/01/2007,HWD,CA,AWP,WE,Towers with Radar,0,11,21,0,32,0,4,210,0,214,0,15,231,0,246,382,0,382,628
08/02/2007,HWD,CA,AWP,WE,Towers with Radar,0,2,19,0,21,0,2,214,0,216,0,4,233,0,237,248,0,248,485
08/03/2007,HWD,CA,AWP,WE,Towers with Radar,0,4,28,0,32,0,2,172,0,174,0,6,200,0,206,260,0,260,466
08/04/2007,HWD,CA,AWP,WE,Towers with Radar,0,4,11,0,15,0,0,202,0,202,0,4,213,0,217,286,0,286,503
08/05/2007,HWD,CA,AWP,WE,Towers with Radar,0,5,34,0,39,0,0,86,0,86,0,5,120,0,125,302,0,302,427
08/06/2007,HWD,CA,AWP,WE,Towers with Radar,0,3,14,0,17,0,2,125,0,127,0,5,139,0,144,264,0,264,408
08/07/2007,HWD,CA,AWP,WE,Towers with Radar,0,4,17,0,21,0,3,149,0,152,0,7,166,0,173,254,0,254,427
08/08/2007,HWD,CA,AWP,WE,Towers with Radar,0,2,29,0,31,0,4,168,0,172,0,6,197,0,203,432,0,432,635
08/09/2007,HWD,CA,AWP,WE,Towers with Radar,0,3,23,0,26,0,2,191,0,193,0,5,214,0,219,300,0,300,519
08/10/2007,HWD,CA,AWP,WE,Towers with Radar,0,5,25,0,30,0,2,203,0,205,0,7,228,0,235,432,0,432,667
08/11/2007,HWD,CA,AWP,WE,Towers with Radar,0,0,0,0,0,0,3,167,0,170,0,3,167,0,170,326,0,326,496
08/12/2007,HWD,CA,AWP,WE,Towers with Radar,0,0,0,0,0,0,2,163,0,165,0,2,163,0,165,266,0,266,431
08/13/2007,HWD,CA,AWP,WE,Towers with Radar,0,0,0,0,0,0,6,235,0,241,0,6,235,0,241,372,0,372,613
08/14/2007,HWD,CA,AWP,WE,Towers with Radar,0,4,14,0,18,0,3,221,0,224,0,7,235,0,242,394,0,394,636
08/15/2007,HWD,CA,AWP,WE,Towers with Radar,0,6,25,0,31,0,5,238,0,243,0,11,263,0,274,334,0,334,608
08/16/2007,HWD,CA,AWP,WE,Towers with Radar,0,3,30,0,33,0,4,161,0,165,0,7,191,0,198,256,0,256,454
08/17/2007,HWD,CA,AWP,WE,Towers with Radar,0,2,11,0,13,0,2,167,0,169,0,4,178,0,182,294,0,294,476
08/18/2007,HWD,CA,AWP,WE,Towers with Radar,0,9,12,0,21,0,0,181,0,181,0,9,193,0,202,330,0,330,532
08/19/2007,HWD,CA,AWP,WE,Towers with Radar,0,4,14,0,18,0,0,211,0,211,0,4,225,0,229,322,0,322,551
08/20/2007,HWD,CA,AWP,WE,Towers with Radar,0,4,11,0,15,0,0,188,0,188,0,4,199,0,203,382,0,382,585
08/21/2007,HWD,CA,AWP,WE,Towers with Radar,0,7,13,0,20,0,5,190,0,195,0,12,203,0,215,316,0,316,531
08/22/2007,HWD,CA,AWP,WE,Towers with Radar,0,5,21,0,26,0,6,189,0,195,0,11,210,0,221,214,0,214,435
08/23/2007,HWD,CA,AWP,WE,Towers with Radar,0,3,19,0,22,0,5,215,0,220,0,8,234,0,242,348,0,348,590
08/24/2007,HWD,CA,AWP,WE,Towers with Radar,0,9,18,0,27,0,0,159,0,159,0,9,177,0,186,314,0,314,500
08/25/2007,HWD,CA,AWP,WE,Towers with Radar,0,0,18,0,18,0,0,130,0,130,0,0,148,0,148,304,0,304,452
08/26/2007,HWD,CA,AWP,WE,Towers with Radar,0,1,22,0,23,0,0,148,0,148,0,1,170,0,171,276,0,276,447
08/27/2007,HWD,CA,AWP,WE,Towers with Radar,0,7,20,0,27,0,5,178,0,183,0,12,198,0,210,290,0,290,500
08/28/2007,HWD,CA,AWP,WE,Towers with Radar,0,5,18,0,23,0,3,216,0,219,0,8,234,0,242,382,0,382,624
08/29/2007,HWD,CA,AWP,WE,Towers with Radar,0,3,20,0,23,0,3,222,0,225,0,6,242,0,248,278,0,278,526
08/30/2007,HWD,CA,AWP,WE,Towers with Radar,0,5,23,0,28,0,4,207,0,211,0,9,230,0,239,302,0,302,541
08/31/2007,HWD,CA,AWP,WE,Towers with Radar,0,9,24,0,33,0,2,173,0,175,0,11,197,0,208,300,0,300,508
09/01/2007,HWD,CA,AWP,WE,Towers with Radar,0,0,0,0,0,0,5,194,0,199,0,5,194,0,199,206,0,206,405
09/02/2007,HWD,CA,AWP,WE,Towers with Radar,0,0,9,0,9,0,0,180,0,180,0,0,189,0,189,156,0,156,345
09/03/2007,HWD,CA,AWP,WE,Towers with Radar,0,8,19,0,27,0,0,210,0,210,0,8,229,0,237,210,0,210,447
09/04/2007,HWD,CA,AWP,WE,Towers with Radar,0,6,69,0,75,0,1,100,0,101,0,7,169,0,176,124,0,124,300
09/05/2007,HWD,CA,AWP,WE,Towers with Radar,0,4,30,0,34,0,4,181,0,185,0,8,211,0,219,258,0,258,477
09/06/2007,HWD,CA,AWP,WE,Towers with Radar,0,5,19,0,24,0,2,153,0,155,0,7,172,0,179,298,0,298,477
09/07/2007,HWD,CA,AWP,WE,Towers with Radar,0,6,25,0,31,0,2,158,0,160,0,8,183,0,191,212,0,212,403
09/08/2007,HWD,CA,AWP,WE,Towers with Radar,0,0,0,0,0,0,3,207,0,210,0,3,207,0,210,296,0,296,506
09/09/2007,HWD,CA,AWP,WE,Towers with Radar,0,4,22,0,26,0,0,132,0,132,0,4,154,0,158,232,0,232,390
09/10/2007,HWD,CA,AWP,WE,Towers with Radar,0,4,20,0,24,0,2,182,0,184,0,6,202,0,208,138,0,138,346
09/11/2007,HWD,CA,AWP,WE,Towers with Radar,0,4,33,0,37,0,5,163,0,168,0,9,196,0,205,286,0,286,491
09/12/2007,HWD,CA,AWP,WE,Towers with Radar,0,8,31,0,39,0,2,175,0,177,0,10,206,0,216,314,0,314,530
09/13/2007,HWD,CA,AWP,WE,Towers with Radar,0,5,21,0,26,0,4,215,0,219,0,9,236,0,245,182,0,182,427
09/14/2007,HWD,CA,AWP,WE,Towers with Radar,0,5,18,0,23,0,2,180,0,182,0,7,198,0,205,180,0,180,385
09/15/2007,HWD,CA,AWP,WE,Towers with Radar,0,4,12,0,16,0,0,119,0,119,0,4,131,0,135,210,0,210,345
09/17/2007,HWD,CA,AWP,WE,Towers with Radar,0,13,25,0,38,0,1,158,0,159,0,14,183,0,197,282,0,282,479
09/18/2007,HWD,CA,AWP,WE,Towers with Radar,0,2,21,0,23,0,3,183,0,186,0,5,204,0,209,144,0,144,353
09/19/2007,HWD,CA,AWP,WE,Towers with Radar,0,11,23,0,34,0,0,107,0,107,0,11,130,0,141,86,0,86,227
09/20/2007,HWD,CA,AWP,WE,Towers with Radar,0,5,19,0,24,0,7,149,0,156,0,12,168,0,180,266,0,266,446
09/21/2007,HWD,CA,AWP,WE,Towers with Radar,0,3,16,0,19,0,3,151,0,154,0,6,167,0,173,178,0,178,351
09/22/2007,HWD,CA,AWP,WE,Towers with Radar,0,0,0,0,0,0,7,49,0,56,0,7,49,0,56,138,0,138,194
09/23/2007,HWD,CA,AWP,WE,Towers with Radar,0,6,19,0,25,0,0,120,0,120,0,6,139,0,145,230,0,230,375
09/24/2007,HWD,CA,AWP,WE,Towers with Radar,0,6,21,0,27,0,4,168,0,172,0,10,189,0,199,252,0,252,451
09/25/2007,HWD,CA,AWP,WE,Towers with Radar,0,3,10,0,13,0,4,212,0,216,0,7,222,0,229,238,0,238,467
09/26/2007,HWD,CA,AWP,WE,Towers with Radar,0,8,21,0,29,0,1,230,0,231,0,9,251,0,260,232,0,232,492
09/27/2007,HWD,CA,AWP,WE,Towers with Radar,0,7,21,0,28,0,1,191,2,194,0,8,212,2,222,214,0,214,436
09/28/2007,HWD,CA,AWP,WE,Towers with Radar,0,5,22,0,27,0,2,149,3,154,0,7,171,3,181,348,0,348,529
09/29/2007,HWD,CA,AWP,WE,Towers with Radar,0,0,0,0,0,0,6,240,0,246,0,6,240,0,246,313,0,313,559
09/30/2007,HWD,CA,AWP,WE,Towers with Radar,0,3,20,0,23,0,0,208,6,214,0,3,228,6,237,132,0,132,369
10/01/2007,HWD,CA,AWP,WE,Towers with Radar,0,5,15,0,20,0,4,181,0,185,0,9,196,0,205,358,0,358,563
10/02/2007,HWD,CA,AWP,WE,Towers with Radar,0,4,14,0,18,0,3,209,0,212,0,7,223,0,230,330,0,330,560
10/03/2007,HWD,CA,AWP,WE,Towers with Radar,0,4,15,0,19,0,7,277,0,284,0,11,292,0,303,276,0,276,579
10/04/2007,HWD,CA,AWP,WE,Towers with Radar,0,9,11,0,20,0,8,220,0,228,0,17,231,0,248,348,0,348,596
10/05/2007,HWD,CA,AWP,WE,Towers with Radar,0,3,19,0,22,0,0,175,0,175,0,3,194,0,197,236,0,236,433
10/06/2007,HWD,CA,AWP,WE,Towers with Radar,0,0,0,0,0,0,3,186,0,189,0,3,186,0,189,269,0,269,458
10/07/2007,HWD,CA,AWP,WE,Towers with Radar,0,4,13,0,17,0,0,222,0,222,0,4,235,0,239,244,0,244,483
10/08/2007,HWD,CA,AWP,WE,Towers with Radar,0,4,21,0,25,0,2,200,0,202,0,6,221,0,227,246,0,246,473
10/09/2007,HWD,CA,AWP,WE,Towers with Radar,0,5,16,0,21,0,3,156,0,159,0,8,172,0,180,236,0,236,416
10/10/2007,HWD,CA,AWP,WE,Towers with Radar,0,8,21,0,29,0,3,179,0,182,0,11,200,0,211,422,0,422,633
10/11/2007,HWD,CA,AWP,WE,Towers with Radar,0,9,20,0,29,0,7,259,0,266,0,16,279,0,295,282,0,282,577
10/12/2007,HWD,CA,AWP,WE,Towers with Radar,0,5,23,0,28,0,2,36,0,38,0,7,59,0,66,18,0,18,84
10/13/2007,HWD,CA,AWP,WE,Towers with Radar,0,0,0,0,0,0,4,207,0,211,0,4,207,0,211,150,0,150,361
10/14/2007,HWD,CA,AWP,WE,Towers with Radar,0,0,0,0,0,0,1,172,0,173,0,1,172,0,173,248,0,248,421
10/15/2007,HWD,CA,AWP,WE,Towers with Radar,0,9,19,0,28,0,4,179,0,183,0,13,198,0,211,352,0,352,563
10/16/2007,HWD,CA,AWP,WE,Towers with Radar,0,8,35,0,43,0,0,105,0,105,0,8,140,0,148,248,0,248,396
10/17/2007,HWD,CA,AWP,WE,Towers with Radar,0,6,31,0,37,0,3,178,0,181,0,9,209,0,218,228,0,228,446
10/18/2007,HWD,CA,AWP,WE,Towers with Radar,0,4,22,0,26,0,1,236,0,237,0,5,258,0,263,296,0,296,559
10/19/2007,HWD,CA,AWP,WE,Towers with Radar,0,6,27,0,33,0,1,137,0,138,0,7,164,0,171,330,0,330,501
10/20/2007,HWD,CA,AWP,WE,Towers with Radar,0,0,0,0,0,0,5,193,0,198,0,5,193,0,198,241,0,241,439
10/21/2007,HWD,CA,AWP,WE,Towers with Radar,0,4,21,0,25,0,1,200,0,201,0,5,221,0,226,220,0,220,446
10/22/2007,HWD,CA,AWP,WE,Towers with Radar,0,10,11,0,21,0,1,229,0,230,0,11,240,0,251,234,0,234,485
10/23/2007,HWD,CA,AWP,WE,Towers with Radar,0,5,12,0,17,0,3,241,0,244,0,8,253,0,261,282,0,282,543
10/24/2007,HWD,CA,AWP,WE,Towers with Radar,0,5,23,0,28,0,0,218,0,218,0,5,241,0,246,220,0,220,466
10/25/2007,HWD,CA,AWP,WE,Towers with Radar,0,7,14,0,21,0,4,214,0,218,0,11,228,0,239,224,0,224,463
10/26/2007,HWD,CA,AWP,WE,Towers with Radar,0,4,24,0,28,0,2,161,0,163,0,6,185,0,191,256,0,256,447
10/27/2007,HWD,CA,AWP,WE,Towers with Radar,0,0,0,0,0,0,4,259,0,263,0,4,259,0,263,324,0,324,587
10/28/2007,HWD,CA,AWP,WE,Towers with Radar,0,5,16,0,21,0,0,183,0,183,0,5,199,0,204,214,0,214,418
10/29/2007,HWD,CA,AWP,WE,Towers with Radar,0,7,43,0,50,0,5,16,0,21,0,12,59,0,71,64,0,64,135
10/30/2007,HWD,CA,AWP,WE,Towers with Radar,0,11,33,0,44,0,0,135,0,135,0,11,168,0,179,322,0,322,501
10/31/2007,HWD,CA,AWP,WE,Towers with Radar,0,5,26,0,31,0,2,70,0,72,0,7,96,0,103,176,0,176,279
11/01/2007,HWD,CA,AWP,WE,Towers with Radar,0,5,24,0,29,0,4,111,0,115,0,9,135,0,144,154,0,154,298
11/02/2007,HWD,CA,AWP,WE,Towers with Radar,0,5,22,0,27,0,2,187,0,189,0,7,209,0,216,220,0,220,436
11/03/2007,HWD,CA,AWP,WE,Towers with Radar,0,0,0,0,0,0,4,194,0,198,0,4,194,0,198,219,0,219,417
11/04/2007,HWD,CA,AWP,WE,Towers with Radar,0,1,11,0,12,0,0,187,0,187,0,1,198,0,199,284,0,284,483
11/05/2007,HWD,CA,AWP,WE,Towers with Radar,0,5,11,0,16,0,3,212,0,215,0,8,223,0,231,208,0,208,439
11/06/2007,HWD,CA,AWP,WE,Towers with Radar,0,3,34,0,37,0,3,160,0,163,0,6,194,0,200,332,0,332,532
11/07/2007,HWD,CA,AWP,WE,Towers with Radar,0,10,28,0,38,0,0,99,0,99,0,10,127,0,137,168,0,168,305
11/08/2007,HWD,CA,AWP,WE,Towers with Radar,0,7,47,0,54,0,2,151,0,153,0,9,198,0,207,384,0,384,591
11/09/2007,HWD,CA,AWP,WE,Towers with Radar,0,6,20,0,26,0,3,162,0,165,0,9,182,0,191,262,0,262,453
11/10/2007,HWD,CA,AWP,WE,Towers with Radar,0,0,0,0,0,0,1,90,0,91,0,1,90,0,91,294,0,294,385
11/11/2007,HWD,CA,AWP,WE,Towers with Radar,0,2,14,0,16,0,2,123,0,125,0,4,137,0,141,192,0,192,333
11/12/2007,HWD,CA,AWP,WE,Towers with Radar,0,5,17,0,22,0,2,200,0,202,0,7,217,0,224,334,0,334,558
11/13/2007,HWD,CA,AWP,WE,Towers with Radar,0,8,22,0,30,0,2,231,0,233,0,10,253,0,263,354,0,354,617
11/14/2007,HWD,CA,AWP,WE,Towers with Radar,0,4,25,0,29,0,5,222,0,227,0,9,247,0,256,176,0,176,432
11/15/2007,HWD,CA,AWP,WE,Towers with Radar,0,10,24,0,34,0,0,187,0,187,0,10,211,0,221,180,0,180,401
11/16/2007,HWD,CA,AWP,WE,Towers with Radar,0,9,42,0,51,0,1,97,0,98,0,10,139,0,149,194,0,194,343
11/17/2007,HWD,CA,AWP,WE,Towers with Radar,0,0,0,0,0,0,2,177,0,179,0,2,177,0,179,274,0,274,453
11/18/2007,HWD,CA,AWP,WE,Towers with Radar,0,6,33,0,39,0,0,72,0,72,0,6,105,0,111,210,0,210,321
11/19/2007,HWD,CA,AWP,WE,Towers with Radar,0,10,19,0,29,0,1,121,0,122,0,11,140,0,151,112,0,112,263
11/20/2007,HWD,CA,AWP,WE,Towers with Radar,0,9,13,0,22,0,6,217,0,223,0,15,230,0,245,166,0,166,411
11/21/2007,HWD,CA,AWP,WE,Towers with Radar,0,7,22,0,29,0,4,212,0,216,0,11,234,0,245,126,0,126,371
11/22/2007,HWD,CA,AWP,WE,Towers with Radar,0,1,7,0,8,0,0,80,0,80,0,1,87,0,88,60,0,60,148
11/23/2007,HWD,CA,AWP,WE,Towers with Radar,0,6,6,0,12,0,2,115,0,117,0,8,121,0,129,112,0,112,241
11/24/2007,HWD,CA,AWP,WE,Towers with Radar,0,3,17,0,20,0,0,162,0,162,0,3,179,0,182,294,0,294,476
11/25/2007,HWD,CA,AWP,WE,Towers with Radar,0,6,22,0,28,0,0,138,0,138,0,6,160,0,166,187,0,187,353
11/26/2007,HWD,CA,AWP,WE,Towers with Radar,0,8,16,0,24,0,3,176,0,179,0,11,192,0,203,300,0,300,503
11/27/2007,HWD,CA,AWP,WE,Towers with Radar,0,7,22,0,29,0,2,149,0,151,0,9,171,0,180,166,0,166,346
11/28/2007,HWD,CA,AWP,WE,Towers with Radar,0,9,19,0,28,0,5,260,0,265,0,14,279,0,293,412,0,412,705
11/29/2007,HWD,CA,AWP,WE,Towers with Radar,0,11,13,0,24,0,2,205,0,207,0,13,218,0,231,330,0,330,561
11/30/2007,HWD,CA,AWP,WE,Towers with Radar,0,11,21,0,32,0,0,0,0,0,0,11,21,0,32,504,0,504,536
12/01/2007,HWD,CA,AWP,WE,Towers with Radar,0,1,13,0,14,0,0,239,0,239,0,1,252,0,253,388,0,388,641
12/02/2007,HWD,CA,AWP,WE,Towers with Radar,0,5,15,0,20,0,1,83,0,84,0,6,98,0,104,130,0,130,234
12/03/2007,HWD,CA,AWP,WE,Towers with Radar,0,7,8,0,15,0,1,135,0,136,0,8,143,0,151,208,0,208,359
12/04/2007,HWD,CA,AWP,WE,Towers with Radar,0,13,23,0,36,0,2,77,0,79,0,15,100,0,115,110,0,110,225
12/05/2007,HWD,CA,AWP,WE,Towers with Radar,0,7,15,0,22,0,1,70,1,72,0,8,85,1,94,126,0,126,220
12/06/2007,HWD,CA,AWP,WE,Towers with Radar,0,5,20,0,25,0,3,32,0,35,0,8,52,0,60,128,0,128,188
12/07/2007,HWD,CA,AWP,WE,Towers with Radar,0,8,11,0,19,0,0,114,0,114,0,8,125,0,133,254,0,254,387
12/08/2007,HWD,CA,AWP,WE,Towers with Radar,0,1,19,0,20,0,0,169,0,169,0,1,188,0,189,306,0,306,495
12/09/2007,HWD,CA,AWP,WE,Towers with Radar,0,0,16,0,16,0,0,142,0,142,0,0,158,0,158,302,0,302,460
12/10/2007,HWD,CA,AWP,WE,Towers with Radar,0,6,9,0,15,0,0,101,0,101,0,6,110,0,116,272,0,272,388
12/11/2007,HWD,CA,AWP,WE,Towers with Radar,0,4,11,0,15,0,1,124,0,125,0,5,135,0,140,164,0,164,304
12/12/2007,HWD,CA,AWP,WE,Towers with Radar,0,5,26,0,31,0,2,233,0,235,0,7,259,0,266,306,0,306,572
12/13/2007,HWD,CA,AWP,WE,Towers with Radar,0,8,19,0,27,0,1,170,0,171,0,9,189,0,198,240,0,240,438
12/14/2007,HWD,CA,AWP,WE,Towers with Radar,0,4,0,0,4,0,0,209,0,209,0,4,209,0,213,236,0,236,449
12/15/2007,HWD,CA,AWP,WE,Towers with Radar,0,0,0,0,0,0,1,221,0,222,0,1,221,0,222,330,0,330,552
12/16/2007,HWD,CA,AWP,WE,Towers with Radar,0,1,15,0,16,0,0,126,0,126,0,1,141,0,142,266,0,266,408
12/17/2007,HWD,CA,AWP,WE,Towers with Radar,0,6,21,0,27,0,3,95,0,98,0,9,116,0,125,280,0,280,405
12/18/2007,HWD,CA,AWP,WE,Towers with Radar,0,6,13,0,19,0,1,59,0,60,0,7,72,0,79,109,0,109,188
12/19/2007,HWD,CA,AWP,WE,Towers with Radar,0,8,11,0,19,0,4,184,0,188,0,12,195,0,207,212,0,212,419
12/20/2007,HWD,CA,AWP,WE,Towers with Radar,0,7,11,0,18,0,2,134,0,136,0,9,145,0,154,148,0,148,302
12/21/2007,HWD,CA,AWP,WE,Towers with Radar,0,6,8,0,14,0,2,177,0,179,0,8,185,0,193,190,0,190,383
12/22/2007,HWD,CA,AWP,WE,Towers with Radar,0,2,15,0,17,0,0,138,0,138,0,2,153,0,155,292,0,292,447
12/23/2007,HWD,CA,AWP,WE,Towers with Radar,0,3,12,0,15,0,0,160,0,160,0,3,172,0,175,306,0,306,481
12/24/2007,HWD,CA,AWP,WE,Towers with Radar,0,9,7,0,16,0,2,98,0,100,0,11,105,0,116,166,0,166,282
12/25/2007,HWD,CA,AWP,WE,Towers with Radar,0,0,4,0,4,0,0,60,0,60,0,0,64,0,64,26,0,26,90
12/26/2007,HWD,CA,AWP,WE,Towers with Radar,0,9,7,0,16,0,3,137,0,140,0,12,144,0,156,184,0,184,340
12/27/2007,HWD,CA,AWP,WE,Towers with Radar,0,6,11,0,17,0,2,173,0,175,0,8,184,0,192,242,0,242,434
12/28/2007,HWD,CA,AWP,WE,Towers with Radar,0,0,0,0,0,0,6,19,0,25,0,6,19,0,25,124,0,124,149
12/29/2007,HWD,CA,AWP,WE,Towers with Radar,0,3,20,0,23,0,0,30,0,30,0,3,50,0,53,122,0,122,175
12/30/2007,HWD,CA,AWP,WE,Towers with Radar,0,3,11,0,14,0,0,119,0,119,0,3,130,0,133,250,0,250,383
12/31/2007,HWD,CA,AWP,WE,Towers with Radar,0,5,9,0,14,0,1,130,0,131,0,6,139,0,145,156,0,156,301
01/01/2008,HWD,CA,AWP,WE,Towers with Radar,0,2,13,0,15,0,0,140,0,140,0,2,153,0,155,108,0,108,263
01/02/2008,HWD,CA,AWP,WE,Towers with Radar,0,6,21,0,27,0,0,211,0,211,0,6,232,0,238,360,0,360,598
01/03/2008,HWD,CA,AWP,WE,Towers with Radar,0,3,7,0,10,0,1,44,0,45,0,4,51,0,55,42,0,42,97
01/04/2008,HWD,CA,AWP,WE,Towers with Radar,0,2,4,0,6,0,0,5,0,5,0,2,9,0,11,0,0,0,11
01/05/2008,HWD,CA,AWP,WE,Towers with Radar,0,0,0,0,0,0,4,6,0,10,0,4,6,0,10,6,0,6,16
01/06/2008,HWD,CA,AWP,WE,Towers with Radar,0,1,10,0,11,0,0,74,0,74,0,1,84,0,85,126,0,126,211
01/07/2008,HWD,CA,AWP,WE,Towers with Radar,0,8,13,0,21,0,0,158,0,158,0,8,171,0,179,205,0,205,384
01/08/2008,HWD,CA,AWP,WE,Towers with Radar,0,8,11,0,19,0,0,50,0,50,0,8,61,0,69,96,0,96,165
01/09/2008,HWD,CA,AWP,WE,Towers with Radar,0,4,31,0,35,0,0,81,0,81,0,4,112,0,116,228,0,228,344
01/10/2008,HWD,CA,AWP,WE,Towers with Radar,0,7,24,0,31,0,0,0,0,0,0,7,24,0,31,132,0,132,163
01/11/2008,HWD,CA,AWP,WE,Towers with Radar,0,4,20,0,24,0,0,125,0,125,0,4,145,0,149,334,0,334,483
01/12/2008,HWD,CA,AWP,WE,Towers with Radar,0,0,0,0,0,0,3,206,0,209,0,3,206,0,209,344,0,344,553
01/13/2008,HWD,CA,AWP,WE,Towers with Radar,0,3,6,0,9,0,0,174,0,174,0,3,180,0,183,290,0,290,473
01/14/2008,HWD,CA,AWP,WE,Towers with Radar,0,3,19,0,22,0,1,125,0,126,0,4,144,0,148,402,0,402,550
01/15/2008,HWD,CA,AWP,WE,Towers with Radar,0,9,15,0,24,0,1,12,0,13,0,10,27,0,37,0,0,0,37
01/16/2008,HWD,CA,AWP,WE,Towers with Radar,0,0,0,0,0,0,10,112,0,122,0,10,112,0,122,118,0,118,240
01/17/2008,HWD,CA,AWP,WE,Towers with Radar,0,7,13,0,20,0,0,0,0,0,0,7,13,0,20,306,0,306,326
01/18/2008,HWD,CA,AWP,WE,Towers with Radar,0,10,18,0,28,0,0,237,0,237,0,10,255,0,265,440,0,440,705
01/19/2008,HWD,CA,AWP,WE,Towers with Radar,0,1,13,0,14,0,0,207,0,207,0,1,220,0,221,256,0,256,477
01/20/2008,HWD,CA,AWP,WE,Towers with Radar,0,2,22,0,24,0,0,51,0,51,0,2,73,0,75,134,0,134,209
01/21/2008,HWD,CA,AWP,WE,Towers with Radar,0,4,19,0,23,0,0,56,0,56,0,4,75,0,79,114,0,114,193
01/22/2008,HWD,CA,AWP,WE,Towers with Radar,0,7,22,0,29,0,1,74,0,75,0,8,96,0,104,134,0,134,238
01/23/2008,HWD,CA,AWP,WE,Towers with Radar,0,0,0,0,0,0,5,118,0,123,0,5,118,0,123,282,0,282,405
01/24/2008,HWD,CA,AWP,WE,Towers with Radar,0,4,16,0,20,0,0,0,0,0,0,4,16,0,20,136,0,136,156
01/25/2008,HWD,CA,AWP,WE,Towers with Radar,0,5,4,0,9,0,0,15,0,15,0,5,19,0,24,6,0,6,30
01/26/2008,HWD,CA,AWP,WE,Towers with Radar,0,1,8,0,9,0,4,62,0,66,0,5,70,0,75,186,0,186,261
01/27/2008,HWD,CA,AWP,WE,Towers with Radar,0,2,6,0,8,0,0,26,0,26,0,2,32,0,34,54,0,54,88
01/28/2008,HWD,CA,AWP,WE,Towers with Radar,0,5,19,0,24,0,2,168,0,170,0,7,187,0,194,290,0,290,484
01/29/2008,HWD,CA,AWP,WE,Towers with Radar,0,7,22,0,29,0,1,85,0,86,0,8,107,0,115,178,0,178,293
01/30/2008,HWD,CA,AWP,WE,Towers with Radar,0,0,0,0,0,0,7,173,0,180,0,7,173,0,180,178,0,178,358
01/31/2008,HWD,CA,AWP,WE,Towers with Radar,0,4,14,0,18,0,0,56,0,56,0,4,70,0,74,148,0,148,222
02/01/2008,HWD,CA,AWP,WE,Towers with Radar,0,5,14,0,19,0,0,177,0,177,0,5,191,0,196,284,0,284,480
02/02/2008,HWD,CA,AWP,WE,Towers with Radar,0,3,14,0,17,0,0,53,0,53,0,3,67,0,70,267,0,267,337
02/03/2008,HWD,CA,AWP,WE,Towers with Radar,0,2,9,0,11,0,1,31,0,32,0,3,40,0,43,58,0,58,101
02/04/2008,HWD,CA,AWP,WE,Towers with Radar,0,12,16,0,28,0,2,144,0,146,0,14,160,0,174,160,0,160,334
02/05/2008,HWD,CA,AWP,WE,Towers with Radar,0,4,24,0,28,0,5,217,0,222,0,9,241,0,250,182,0,182,432
02/06/2008,HWD,CA,AWP,WE,Towers with Radar,0,0,0,0,0,0,5,202,0,207,0,5,202,0,207,332,0,332,539
02/07/2008,HWD,CA,AWP,WE,Towers with Radar,0,11,24,0,35,0,0,180,0,180,0,11,204,0,215,242,0,242,457
02/08/2008,HWD,CA,AWP,WE,Towers with Radar,0,5,26,0,31,0,2,180,0,182,0,7,206,0,213,174,0,174,387
02/09/2008,HWD,CA,AWP,WE,Towers with Radar,0,1,18,0,19,0,2,242,0,244,0,3,260,0,263,443,0,443,706
02/10/2008,HWD,CA,AWP,WE,Towers with Radar,0,1,14,0,15,0,1,168,0,169,0,2,182,0,184,250,0,250,434
02/11/2008,HWD,CA,AWP,WE,Towers with Radar,0,4,18,0,22,0,4,184,0,188,0,8,202,0,210,320,0,320,530
02/12/2008,HWD,CA,AWP,WE,Towers with Radar,0,3,23,0,26,0,2,232,0,234,0,5,255,0,260,328,0,328,588
02/13/2008,HWD,CA,AWP,WE,Towers with Radar,0,7,24,0,31,0,1,137,0,138,0,8,161,0,169,214,0,214,383
02/14/2008,HWD,CA,AWP,WE,Towers with Radar,0,6,13,0,19,0,0,95,0,95,0,6,108,0,114,138,0,138,252
02/15/2008,HWD,CA,AWP,WE,Towers with Radar,0,4,30,0,34,0,4,233,0,237,0,8,263,0,271,312,0,312,583
02/16/2008,HWD,CA,AWP,WE,Towers with Radar,0,6,22,0,28,0,1,182,0,183,0,7,204,0,211,376,0,376,587
02/17/2008,HWD,CA,AWP,WE,Towers with Radar,0,3,16,0,19,0,0,82,0,82,0,3,98,0,101,160,0,160,261
02/18/2008,HWD,CA,AWP,WE,Towers with Radar,0,2,26,0,28,0,0,155,0,155,0,2,181,0,183,344,0,344,527
02/19/2008,HWD,CA,AWP,WE,Towers with Radar,0,12,22,0,34,0,0,41,0,41,0,12,63,0,75,166,0,166,241
02/20/2008,HWD,CA,AWP,WE,Towers with Radar,0,6,32,0,38,0,0,151,0,151,0,6,183,0,189,282,0,282,471
02/21/2008,HWD,CA,AWP,WE,Towers with Radar,0,5,0,0,5,0,0,0,0,0,0,5,0,0,5,58,0,58,63
02/22/2008,HWD,CA,AWP,WE,Towers with Radar,0,2,21,0,23,0,0,93,0,93,0,2,114,0,116,240,0,240,356
02/23/2008,HWD,CA,AWP,WE,Towers with Radar,0,4,13,0,17,0,0,18,0,18,0,4,31,0,35,46,0,46,81
02/24/2008,HWD,CA,AWP,WE,Towers with Radar,0,4,14,0,18,0,0,1,0,1,0,4,15,0,19,0,0,0,19
02/25/2008,HWD,CA,AWP,WE,Towers with Radar,0,5,31,0,36,0,3,179,0,182,0,8,210,0,218,309,0,309,527
02/26/2008,HWD,CA,AWP,WE,Towers with Radar,0,4,19,0,23,0,3,210,0,213,0,7,229,0,236,170,0,170,406
02/27/2008,HWD,CA,AWP,WE,Towers with Radar,0,3,19,0,22,0,0,265,0,265,0,3,284,0,287,388,0,388,675
02/28/2008,HWD,CA,AWP,WE,Towers with Radar,0,5,22,0,27,0,0,193,0,193,0,5,215,0,220,236,0,236,456
02/29/2008,HWD,CA,AWP,WE,Towers with Radar,0,16,35,0,51,0,0,97,0,97,0,16,132,0,148,192,0,192,340
03/01/2008,HWD,CA,AWP,WE,Towers with Radar,0,3,13,0,16,0,0,138,0,138,0,3,151,0,154,228,0,228,382
03/02/2008,HWD,CA,AWP,WE,Towers with Radar,0,4,20,0,24,0,1,102,0,103,0,5,122,0,127,86,0,86,213
03/03/2008,HWD,CA,AWP,WE,Towers with Radar,0,5,13,0,18,0,4,199,0,203,0,9,212,0,221,232,0,232,453
03/04/2008,HWD,CA,AWP,WE,Towers with Radar,0,6,21,0,27,0,4,243,0,247,0,10,264,0,274,286,0,286,560
03/05/2008,HWD,CA,AWP,WE,Towers with Radar,0,4,13,0,17,0,5,189,0,194,0,9,202,0,211,322,0,322,533
03/06/2008,HWD,CA,AWP,WE,Towers with Radar,0,3,25,0,28,0,0,185,0,185,0,3,210,0,213,252,0,252,465
03/07/2008,HWD,CA,AWP,WE,Towers with Radar,0,4,12,0,16,0,2,197,0,199,0,6,209,0,215,240,0,240,455
03/08/2008,HWD,CA,AWP,WE,Towers with Radar,0,2,18,0,20,0,0,213,0,213,0,2,231,0,233,358,0,358,591
03/09/2008,HWD,CA,AWP,WE,Towers with Radar,0,1,9,0,10,0,0,169,0,169,0,1,178,0,179,208,0,208,387
03/10/2008,HWD,CA,AWP,WE,Towers with Radar,0,10,18,0,28,0,2,153,0,155,0,12,171,0,183,182,0,182,365
03/11/2008,HWD,CA,AWP,WE,Towers with Radar,0,10,17,0,27,0,3,201,0,204,0,13,218,0,231,240,0,240,471
03/12/2008,HWD,CA,AWP,WE,Towers with Radar,0,4,31,0,35,0,2,188,0,190,0,6,219,0,225,238,0,238,463
03/13/2008,HWD,CA,AWP,WE,Towers with Radar,0,10,32,0,42,0,1,106,0,107,0,11,138,0,149,134,0,134,283
03/14/2008,HWD,CA,AWP,WE,Towers with Radar,0,6,27,0,33,0,2,125,0,127,0,8,152,0,160,208,0,208,368
03/15/2008,HWD,CA,AWP,WE,Towers with Radar,0,5,24,0,29,0,0,71,0,71,0,5,95,0,100,158,0,158,258
03/16/2008,HWD,CA,AWP,WE,Towers with Radar,0,4,10,0,14,0,1,97,0,98,0,5,107,0,112,100,0,100,212
03/17/2008,HWD,CA,AWP,WE,Towers with Radar,0,0,11,0,11,0,4,191,0,195,0,4,202,0,206,156,0,156,362
03/18/2008,HWD,CA,AWP,WE,Towers with Radar,0,5,45,0,50,0,3,173,0,176,0,8,218,0,226,198,0,198,424
03/19/2008,HWD,CA,AWP,WE,Towers with Radar,0,9,39,0,48,0,0,91,0,91,0,9,130,0,139,234,0,234,373
03/20/2008,HWD,CA,AWP,WE,Towers with Radar,0,8,14,0,22,0,0,218,0,218,0,8,232,0,240,230,0,230,470
03/21/2008,HWD,CA,AWP,WE,Towers with Radar,0,9,12,0,21,0,1,252,0,253,0,10,264,0,274,358,0,358,632
03/22/2008,HWD,CA,AWP,WE,Towers with Radar,0,1,14,0,15,0,1,215,0,216,0,2,229,0,231,346,0,346,577
03/23/2008,HWD,CA,AWP,WE,Towers with Radar,0,7,11,0,18,0,0,115,0,115,0,7,126,0,133,26,0,26,159
03/24/2008,HWD,CA,AWP,WE,Towers with Radar,0,4,23,0,27,0,2,156,0,158,0,6,179,0,185,190,0,190,375
03/25/2008,HWD,CA,AWP,WE,Towers with Radar,0,3,25,0,28,0,2,125,0,127,0,5,150,0,155,214,0,214,369
03/26/2008,HWD,CA,AWP,WE,Towers with Radar,0,3,17,0,20,0,3,182,0,185,0,6,199,0,205,208,0,208,413
03/27/2008,HWD,CA,AWP,WE,Towers with Radar,0,8,17,0,25,0,0,203,0,203,0,8,220,0,228,290,0,290,518
03/28/2008,HWD,CA,AWP,WE,Towers with Radar,0,2,20,0,22,0,2,135,0,137,0,4,155,0,159,170,0,170,329
03/29/2008,HWD,CA,AWP,WE,Towers with Radar,0,4,14,0,18,0,0,132,0,132,0,4,146,0,150,353,0,353,503
03/30/2008,HWD,CA,AWP,WE,Towers with Radar,0,7,27,0,34,0,1,155,0,156,0,8,182,0,190,240,0,240,430
03/31/2008,HWD,CA,AWP,WE,Towers with Radar,0,5,21,0,26,0,3,178,0,181,0,8,199,0,207,275,0,275,482
04/01/2008,HWD,CA,AWP,WE,Towers with Radar,0,6,23,0,29,0,2,172,0,174,0,8,195,0,203,210,0,210,413
04/02/2008,HWD,CA,AWP,WE,Towers with Radar,0,9,16,0,25,0,0,201,0,201,0,9,217,0,226,338,0,338,564
04/03/2008,HWD,CA,AWP,WE,Towers with Radar,0,0,20,0,20,0,0,217,0,217,0,0,237,0,237,446,0,446,683
04/04/2008,HWD,CA,AWP,WE,Towers with Radar,0,3,12,0,15,0,3,212,0,215,0,6,224,0,230,332,0,332,562
04/05/2008,HWD,CA,AWP,WE,Towers with Radar,0,4,18,0,22,0,0,216,0,216,0,4,234,0,238,253,0,253,491
04/06/2008,HWD,CA,AWP,WE,Towers with Radar,0,8,20,0,28,0,0,117,0,117,0,8,137,0,145,244,0,244,389
04/07/2008,HWD,CA,AWP,WE,Towers with Radar,0,6,11,0,17,0,2,166,0,168,0,8,177,0,185,196,0,196,381
04/08/2008,HWD,CA,AWP,WE,Towers with Radar,0,4,26,0,30,0,2,107,0,109,0,6,133,0,139,122,0,122,261
04/09/2008,HWD,CA,AWP,WE,Towers with Radar,0,2,30,0,32,0,2,194,0,196,0,4,224,0,228,332,0,332,560
04/10/2008,HWD,CA,AWP,WE,Towers with Radar,0,4,19,0,23,0,0,221,0,221,0,4,240,0,244,339,0,339,583
04/11/2008,HWD,CA,AWP,WE,Towers with Radar,0,3,27,0,30,0,2,195,0,197,0,5,222,0,227,298,0,298,525
04/12/2008,HWD,CA,AWP,WE,Towers with Radar,0,6,13,0,19,0,0,207,0,207,0,6,220,0,226,288,0,288,514
04/13/2008,HWD,CA,AWP,WE,Towers with Radar,0,2,23,0,25,0,0,168,0,168,0,2,191,0,193,250,0,250,443
04/14/2008,HWD,CA,AWP,WE,Towers with Radar,0,7,19,0,26,0,2,61,0,63,0,9,80,0,89,94,0,94,183
04/15/2008,HWD,CA,AWP,WE,Towers with Radar,0,7,21,0,28,0,1,151,0,152,0,8,172,0,180,200,0,200,380
04/16/2008,HWD,CA,AWP,WE,Towers with Radar,0,3,23,0,26,0,5,174,0,179,0,8,197,0,205,308,0,308,513
04/17/2008,HWD,CA,AWP,WE,Towers with Radar,0,10,28,0,38,0,0,195,0,195,0,10,223,0,233,276,0,276,509
04/18/2008,HWD,CA,AWP,WE,Towers with Radar,0,11,27,0,38,0,2,185,0,187,0,13,212,0,225,244,0,244,469
04/19/2008,HWD,CA,AWP,WE,Towers with Radar,0,1,3,0,4,0,0,62,0,62,0,1,65,0,66,92,0,92,158
04/20/2008,HWD,CA,AWP,WE,Towers with Radar,0,2,9,0,11,0,0,154,0,154,0,2,163,0,165,84,0,84,249
04/21/2008,HWD,CA,AWP,WE,Towers with Radar,0,3,12,0,15,0,2,131,0,133,0,5,143,0,148,112,0,112,260
04/22/2008,HWD,CA,AWP,WE,Towers with Radar,0,4,20,0,24,0,2,109,0,111,0,6,129,0,135,198,0,198,333
04/23/2008,HWD,CA,AWP,WE,Towers with Radar,0,3,16,0,19,0,1,129,0,130,0,4,145,0,149,374,0,374,523
04/24/2008,HWD,CA,AWP,WE,Towers with Radar,0,12,18,0,30,0,0,251,0,251,0,12,269,0,281,290,0,290,571
04/25/2008,HWD,CA,AWP,WE,Towers with Radar,0,3,23,0,26,0,2,245,0,247,0,5,268,0,273,308,0,308,581
04/26/2008,HWD,CA,AWP,WE,Towers with Radar,0,3,8,0,11,0,2,237,0,239,0,5,245,0,250,536,0,536,786
04/27/2008,HWD,CA,AWP,WE,Towers with Radar,0,0,13,0,13,0,0,160,0,160,0,0,173,0,173,68,0,68,241
04/28/2008,HWD,CA,AWP,WE,Towers with Radar,0,9,12,0,21,0,4,141,0,145,0,13,153,0,166,233,0,233,399
04/29/2008,HWD,CA,AWP,WE,Towers with Radar,0,5,16,0,21,0,0,104,0,104,0,5,120,0,125,140,0,140,265
04/30/2008,HWD,CA,AWP,WE,Towers with Radar,0,5,17,0,22,0,2,151,0,153,0,7,168,0,175,158,0,158,333
05/01/2008,HWD,CA,AWP,WE,Towers with Radar,0,8,19,0,27,0,2,243,0,245,0,10,262,0,272,280,0,280,552
05/02/2008,HWD,CA,AWP,WE,Towers with Radar,0,8,18,0,26,0,2,210,0,212,0,10,228,0,238,328,0,328,566
05/03/2008,HWD,CA,AWP,WE,Towers with Radar,0,5,19,0,24,0,0,175,0,175,0,5,194,0,199,272,0,272,471
05/04/2008,HWD,CA,AWP,WE,Towers with Radar,0,8,25,0,33,0,0,82,0,82,0,8,107,0,115,122,0,122,237
05/05/2008,HWD,CA,AWP,WE,Towers with Radar,0,9,18,0,27,0,2,166,0,168,0,11,184,0,195,134,0,134,329
05/06/2008,HWD,CA,AWP,WE,Towers with Radar,0,7,21,0,28,0,1,153,0,154,0,8,174,0,182,296,0,296,478
05/07/2008,HWD,CA,AWP,WE,Towers with Radar,0,10,20,0,30,0,3,154,0,157,0,13,174,0,187,136,0,136,323
05/08/2008,HWD,CA,AWP,WE,Towers with Radar,0,10,20,0,30,0,0,189,0,189,0,10,209,0,219,324,0,324,543
05/09/2008,HWD,CA,AWP,WE,Towers with Radar,0,5,19,0,24,0,1,194,0,195,0,6,213,0,219,352,0,352,571
05/10/2008,HWD,CA,AWP,WE,Towers with Radar,0,1,13,0,14,0,0,179,0,179,0,1,192,0,193,280,0,280,473
05/11/2008,HWD,CA,AWP,WE,Towers with Radar,0,6,18,0,24,0,0,81,0,81,0,6,99,0,105,80,0,80,185
05/12/2008,HWD,CA,AWP,WE,Towers with Radar,0,3,14,0,17,0,2,124,0,126,0,5,138,0,143,152,0,152,295
05/13/2008,HWD,CA,AWP,WE,Towers with Radar,0,7,10,0,17,0,1,174,0,175,0,8,184,0,192,256,0,256,448
05/14/2008,HWD,CA,AWP,WE,Towers with Radar,0,3,12,0,15,0,2,186,0,188,0,5,198,0,203,400,0,400,603
05/15/2008,HWD,CA,AWP,WE,Towers with Radar,0,4,28,0,32,0,0,163,0,163,0,4,191,0,195,246,0,246,441
05/16/2008,HWD,CA,AWP,WE,Towers with Radar,0,11,17,0,28,0,1,229,0,230,0,12,246,0,258,334,0,334,592
05/17/2008,HWD,CA,AWP,WE,Towers with Radar,0,4,7,0,11,0,1,202,0,203,0,5,209,0,214,226,0,226,440
05/18/2008,HWD,CA,AWP,WE,Towers with Radar,0,4,19,0,23,0,1,173,0,174,0,5,192,0,197,125,0,125,322
05/19/2008,HWD,CA,AWP,WE,Towers with Radar,0,6,22,0,28,0,4,112,0,116,0,10,134,0,144,212,0,212,356
05/20/2008,HWD,CA,AWP,WE,Towers with Radar,0,3,34,0,37,0,1,94,0,95,0,4,128,0,132,194,0,194,326
05/21/2008,HWD,CA,AWP,WE,Towers with Radar,0,7,8,0,15,0,1,118,0,119,0,8,126,0,134,246,0,246,380
05/22/2008,HWD,CA,AWP,WE,Towers with Radar,0,4,14,0,18,0,1,107,0,108,0,5,121,0,126,98,0,98,224
05/23/2008,HWD,CA,AWP,WE,Towers with Radar,0,3,25,0,28,0,2,178,0,180,0,5,203,0,208,226,0,226,434
05/24/2008,HWD,CA,AWP,WE,Towers with Radar,0,1,15,0,16,0,0,104,0,104,0,1,119,0,120,356,0,356,476
05/25/2008,HWD,CA,AWP,WE,Towers with Radar,0,2,13,0,15,0,0,154,0,154,0,2,167,0,169,190,0,190,359
05/26/2008,HWD,CA,AWP,WE,Towers with Radar,0,3,22,0,25,0,1,115,0,116,0,4,137,0,141,212,0,212,353
05/27/2008,HWD,CA,AWP,WE,Towers with Radar,0,6,17,0,23,0,4,156,0,160,0,10,173,0,183,374,0,374,557
05/28/2008,HWD,CA,AWP,WE,Towers with Radar,0,4,24,0,28,0,1,161,0,162,0,5,185,0,190,312,0,312,502
05/29/2008,HWD,CA,AWP,WE,Towers with Radar,0,7,14,0,21,0,0,175,0,175,0,7,189,0,196,250,0,250,446
05/30/2008,HWD,CA,AWP,WE,Towers with Radar,0,8,24,0,32,0,1,182,0,183,0,9,206,0,215,184,0,184,399
05/31/2008,HWD,CA,AWP,WE,Towers with Radar,0,5,23,0,28,0,1,138,0,139,0,6,161,0,167,332,0,332,499
06/01/2008,HWD,CA,AWP,WE,Towers with Radar,0,2,10,0,12,0,0,139,0,139,0,2,149,0,151,110,0,110,261
06/02/2008,HWD,CA,AWP,WE,Towers with Radar,0,9,8,0,17,0,2,132,0,134,0,11,140,0,151,152,0,152,303
06/03/2008,HWD,CA,AWP,WE,Towers with Radar,0,6,73,0,79,0,1,45,0,46,0,7,118,0,125,162,0,162,287
06/04/2008,HWD,CA,AWP,WE,Towers with Radar,0,6,15,0,21,0,2,214,0,216,0,8,229,0,237,248,0,248,485
06/05/2008,HWD,CA,AWP,WE,Towers with Radar,0,5,16,0,21,0,0,242,0,242,0,5,258,0,263,372,0,372,635
06/06/2008,HWD,CA,AWP,WE,Towers with Radar,0,8,13,0,21,0,2,206,0,208,0,10,219,0,229,402,0,402,631
06/07/2008,HWD,CA,AWP,WE,Towers with Radar,0,2,12,0,14,0,0,167,0,167,0,2,179,0,181,338,0,338,519
06/08/2008,HWD,CA,AWP,WE,Towers with Radar,0,0,18,0,18,0,0,196,0,196,0,0,214,0,214,374,0,374,588
06/09/2008,HWD,CA,AWP,WE,Towers with Radar,0,8,9,0,17,0,3,194,0,197,0,11,203,0,214,306,0,306,520
06/10/2008,HWD,CA,AWP,WE,Towers with Radar,0,6,17,0,23,0,2,214,0,216,0,8,231,0,239,280,0,280,519
06/11/2008,HWD,CA,AWP,WE,Towers with Radar,0,11,14,0,25,0,3,170,0,173,0,14,184,0,198,204,0,204,402
06/12/2008,HWD,CA,AWP,WE,Towers with Radar,0,8,23,0,31,0,1,189,0,190,0,9,212,0,221,316,0,316,537
06/13/2008,HWD,CA,AWP,WE,Towers with Radar,0,6,14,0,20,0,1,193,0,194,0,7,207,0,214,312,0,312,526
06/14/2008,HWD,CA,AWP,WE,Towers with Radar,0,4,9,0,13,0,1,178,0,179,0,5,187,0,192,290,0,290,482
06/15/2008,HWD,CA,AWP,WE,Towers with Radar,0,2,7,0,9,0,0,125,0,125,0,2,132,0,134,174,0,174,308
06/16/2008,HWD,CA,AWP,WE,Towers with Radar,0,6,24,0,30,0,2,107,0,109,0,8,131,0,139,164,0,164,303
06/17/2008,HWD,CA,AWP,WE,Towers with Radar,0,5,19,0,24,0,0,244,0,244,0,5,263,0,268,322,0,322,590
06/18/2008,HWD,CA,AWP,WE,Towers with Radar,0,5,12,0,17,0,1,206,0,207,0,6,218,0,224,326,0,326,550
06/19/2008,HWD,CA,AWP,WE,Towers with Radar,0,5,16,0,21,0,0,207,0,207,0,5,223,0,228,382,0,382,610
06/20/2008,HWD,CA,AWP,WE,Towers with Radar,0,2,15,0,17,0,0,242,0,242,0,2,257,0,259,374,0,374,633
06/21/2008,HWD,CA,AWP,WE,Towers with Radar,0,1,5,0,6,0,0,157,0,157,0,1,162,0,163,245,0,245,408
06/22/2008,HWD,CA,AWP,WE,Towers with Radar,0,0,16,0,16,0,0,168,0,168,0,0,184,0,184,245,0,245,429
06/23/2008,HWD,CA,AWP,WE,Towers with Radar,0,8,25,0,33,0,2,110,0,112,0,10,135,0,145,246,0,246,391
06/24/2008,HWD,CA,AWP,WE,Towers with Radar,0,9,22,0,31,0,2,156,0,158,0,11,178,0,189,346,0,346,535
06/25/2008,HWD,CA,AWP,WE,Towers with Radar,0,5,30,0,35,0,3,122,0,125,0,8,152,0,160,310,0,310,470
06/26/2008,HWD,CA,AWP,WE,Towers with Radar,0,7,22,0,29,0,0,204,0,204,0,7,226,0,233,568,0,568,801
06/27/2008,HWD,CA,AWP,WE,Towers with Radar,0,8,22,0,30,0,0,139,18,157,0,8,161,18,187,394,0,394,581
06/28/2008,HWD,CA,AWP,WE,Towers with Radar,0,1,18,0,19,0,0,137,0,137,0,1,155,0,156,358,0,358,514
06/29/2008,HWD,CA,AWP,WE,Towers with Radar,0,1,26,0,27,0,0,97,0,97,0,1,123,0,124,214,0,214,338
06/30/2008,HWD,CA,AWP,WE,Towers with Radar,0,8,26,0,34,0,1,131,0,132,0,9,157,0,166,226,0,226,392
07/01/2008,HWD,CA,AWP,WE,Towers with Radar,0,9,31,0,40,0,11,173,0,184,0,20,204,0,224,230,0,230,454
07/02/2008,HWD,CA,AWP,WE,Towers with Radar,0,11,23,0,34,0,2,184,0,186,0,13,207,0,220,288,0,288,508
07/03/2008,HWD,CA,AWP,WE,Towers with Radar,0,7,242,0,249,249,7,242,0,498,249,14,484,0,747,246,0,246,993
07/04/2008,HWD,CA,AWP,WE,Towers with Radar,0,0,20,0,20,0,0,77,0,77,0,0,97,0,97,144,0,144,241
07/05/2008,HWD,CA,AWP,WE,Towers with Radar,0,4,17,0,21,0,1,140,0,141,0,5,157,0,162,174,0,174,336
07/06/2008,HWD,CA,AWP,WE,Towers with Radar,0,6,15,0,21,0,2,211,0,213,0,8,226,0,234,349,0,349,583
07/07/2008,HWD,CA,AWP,WE,Towers with Radar,0,3,10,0,13,0,2,150,0,152,0,5,160,0,165,114,0,114,279
07/08/2008,HWD,CA,AWP,WE,Towers with Radar,0,6,17,0,23,0,10,187,0,197,0,16,204,0,220,222,0,222,442
07/09/2008,HWD,CA,AWP,WE,Towers with Radar,0,2,15,0,17,0,5,187,0,192,0,7,202,0,209,202,0,202,411
07/10/2008,HWD,CA,AWP,WE,Towers with Radar,0,4,198,0,202,0,0,0,0,0,0,4,198,0,202,371,0,371,573
07/11/2008,HWD,CA,AWP,WE,Towers with Radar,0,5,11,0,16,0,2,332,0,334,0,7,343,0,350,340,0,340,690
07/12/2008,HWD,CA,AWP,WE,Towers with Radar,0,1,20,0,21,0,0,151,0,151,0,1,171,0,172,330,0,330,502
07/13/2008,HWD,CA,AWP,WE,Towers with Radar,0,2,23,0,25,0,0,143,0,143,0,2,166,0,168,176,0,176,344
07/14/2008,HWD,CA,AWP,WE,Towers with Radar,0,1,16,0,17,0,3,114,0,117,0,4,130,0,134,152,0,152,286
07/15/2008,HWD,CA,AWP,WE,Towers with Radar,0,1,26,0,27,0,5,148,0,153,0,6,174,0,180,288,0,288,468
07/16/2008,HWD,CA,AWP,WE,Towers with Radar,0,2,36,0,38,0,2,133,0,135,0,4,169,0,173,316,0,316,489
07/17/2008,HWD,CA,AWP,WE,Towers with Radar,0,4,38,0,42,0,0,174,0,174,0,4,212,0,216,320,0,320,536
07/18/2008,HWD,CA,AWP,WE,Towers with Radar,0,2,29,0,31,0,1,184,0,185,0,3,213,0,216,314,0,314,530
07/19/2008,HWD,CA,AWP,WE,Towers with Radar,0,0,23,0,23,0,2,179,0,181,0,2,202,0,204,254,0,254,458
07/20/2008,HWD,CA,AWP,WE,Towers with Radar,0,3,42,0,45,0,0,71,0,71,0,3,113,0,116,174,0,174,290
07/21/2008,HWD,CA,AWP,WE,Towers with Radar,0,6,32,0,38,0,3,120,0,123,0,9,152,0,161,358,0,358,519
07/22/2008,HWD,CA,AWP,WE,Towers with Radar,0,5,22,0,27,0,1,162,0,163,0,6,184,0,190,252,0,252,442
07/23/2008,HWD,CA,AWP,WE,Towers with Radar,0,2,16,0,18,0,2,230,0,232,0,4,246,0,250,266,0,266,516
07/24/2008,HWD,CA,AWP,WE,Towers with Radar,0,5,17,0,22,0,0,249,0,249,0,5,266,0,271,254,0,254,525
07/25/2008,HWD,CA,AWP,WE,Towers with Radar,0,4,21,0,25,0,2,200,0,202,0,6,221,0,227,362,0,362,589
07/26/2008,HWD,CA,AWP,WE,Towers with Radar,0,2,20,0,22,0,2,179,0,181,0,4,199,0,203,264,0,264,467
07/27/2008,HWD,CA,AWP,WE,Towers with Radar,0,6,38,0,44,0,1,78,0,79,0,7,116,0,123,86,0,86,209
07/28/2008,HWD,CA,AWP,WE,Towers with Radar,0,8,55,0,63,0,1,98,0,99,0,9,153,0,162,180,0,180,342
07/29/2008,HWD,CA,AWP,WE,Towers with Radar,0,3,23,0,26,0,0,162,0,162,0,3,185,0,188,264,0,264,452
07/30/2008,HWD,CA,AWP,WE,Towers with Radar,0,4,23,0,27,0,0,199,0,199,0,4,222,0,226,310,0,310,536
07/31/2008,HWD,CA,AWP,WE,Towers with Radar,0,11,14,0,25,0,0,203,0,203,0,11,217,0,228,232,0,232,460
08/01/2008,HWD,CA,AWP,WE,Towers with Radar,0,9,16,0,25,0,1,234,0,235,0,10,250,0,260,380,0,380,640
08/02/2008,HWD,CA,AWP,WE,Towers with Radar,0,0,12,0,12,0,3,171,0,174,0,3,183,0,186,212,0,212,398
08/03/2008,HWD,CA,AWP,WE,Towers with Radar,0,1,21,0,22,0,0,137,0,137,0,1,158,0,159,310,0,310,469
08/04/2008,HWD,CA,AWP,WE,Towers with Radar,0,1,24,0,25,0,2,146,0,148,0,3,170,0,173,332,0,332,505
08/05/2008,HWD,CA,AWP,WE,Towers with Radar,0,7,31,0,38,0,1,124,0,125,0,8,155,0,163,140,0,140,303
08/06/2008,HWD,CA,AWP,WE,Towers with Radar,0,3,41,0,44,0,2,128,0,130,0,5,169,0,174,208,0,208,382
08/07/2008,HWD,CA,AWP,WE,Towers with Radar,0,2,36,0,38,0,3,184,0,187,0,5,220,0,225,266,0,266,491
08/08/2008,HWD,CA,AWP,WE,Towers with Radar,0,6,33,0,39,0,2,166,0,168,0,8,199,0,207,170,0,170,377
08/09/2008,HWD,CA,AWP,WE,Towers with Radar,0,3,21,0,24,0,0,174,0,174,0,3,195,0,198,202,0,202,400
08/10/2008,HWD,CA,AWP,WE,Towers with Radar,0,2,19,0,21,0,2,139,0,141,0,4,158,0,162,106,0,106,268
08/11/2008,HWD,CA,AWP,WE,Towers with Radar,0,1,19,0,20,0,3,176,0,179,0,4,195,0,199,246,0,246,445
08/12/2008,HWD,CA,AWP,WE,Towers with Radar,0,3,31,0,34,0,2,169,0,171,0,5,200,0,205,238,0,238,443
08/13/2008,HWD,CA,AWP,WE,Towers with Radar,0,3,13,0,16,0,4,248,0,252,0,7,261,0,268,344,0,344,612
08/14/2008,HWD,CA,AWP,WE,Towers with Radar,0,5,25,0,30,0,1,212,0,213,0,6,237,0,243,214,0,214,457
08/15/2008,HWD,CA,AWP,WE,Towers with Radar,0,4,33,0,37,0,2,199,0,201,0,6,232,0,238,282,0,282,520
08/16/2008,HWD,CA,AWP,WE,Towers with Radar,0,1,19,0,20,0,0,164,0,164,0,1,183,0,184,136,0,136,320
08/17/2008,HWD,CA,AWP,WE,Towers with Radar,0,2,18,0,20,0,0,156,0,156,0,2,174,0,176,194,0,194,370
08/18/2008,HWD,CA,AWP,WE,Towers with Radar,0,3,23,0,26,0,1,137,0,138,0,4,160,0,164,260,0,260,424
08/19/2008,HWD,CA,AWP,WE,Towers with Radar,0,12,48,0,60,0,0,144,0,144,0,12,192,0,204,388,0,388,592
08/20/2008,HWD,CA,AWP,WE,Towers with Radar,0,6,55,0,61,0,2,121,0,123,0,8,176,0,184,290,0,290,474
08/21/2008,HWD,CA,AWP,WE,Towers with Radar,0,3,52,0,55,0,0,159,0,159,0,3,211,0,214,152,0,152,366
08/22/2008,HWD,CA,AWP,WE,Towers with Radar,0,5,18,0,23,0,1,203,0,204,0,6,221,0,227,242,0,242,469
08/23/2008,HWD,CA,AWP,WE,Towers with Radar,0,3,20,0,23,0,0,183,0,183,0,3,203,0,206,312,0,312,518
08/24/2008,HWD,CA,AWP,WE,Towers with Radar,0,4,19,0,23,0,0,137,0,137,0,4,156,0,160,180,0,180,340
08/25/2008,HWD,CA,AWP,WE,Towers with Radar,0,3,18,0,21,0,2,193,0,195,0,5,211,0,216,304,0,304,520
08/26/2008,HWD,CA,AWP,WE,Towers with Radar,0,3,19,0,22,0,1,179,0,180,0,4,198,0,202,230,0,230,432
08/27/2008,HWD,CA,AWP,WE,Towers with Radar,0,3,14,0,17,0,4,211,0,215,0,7,225,0,232,200,0,200,432
08/28/2008,HWD,CA,AWP,WE,Towers with Radar,0,5,24,0,29,0,4,157,0,161,0,9,181,0,190,306,0,306,496
08/29/2008,HWD,CA,AWP,WE,Towers with Radar,0,4,24,0,28,0,2,234,0,236,0,6,258,0,264,132,0,132,396
08/30/2008,HWD,CA,AWP,WE,Towers with Radar,0,2,23,0,25,0,0,155,0,155,0,2,178,0,180,132,0,132,312
08/31/2008,HWD,CA,AWP,WE,Towers with Radar,0,0,11,0,11,0,0,143,0,143,0,0,154,0,154,156,0,156,310
09/01/2008,HWD,CA,AWP,WE,Towers with Radar,0,3,14,0,17,0,1,180,0,181,0,4,194,0,198,180,0,180,378
09/02/2008,HWD,CA,AWP,WE,Towers with Radar,0,6,21,0,27,0,2,201,0,203,0,8,222,0,230,244,0,244,474
09/03/2008,HWD,CA,AWP,WE,Towers with Radar,0,2,20,0,22,0,2,194,2,198,0,4,214,2,220,214,0,214,434
09/04/2008,HWD,CA,AWP,WE,Towers with Radar,0,13,14,0,27,0,6,223,0,229,0,19,237,0,256,258,0,258,514
09/05/2008,HWD,CA,AWP,WE,Towers with Radar,0,4,12,0,16,0,0,204,0,204,0,4,216,0,220,210,0,210,430
09/06/2008,HWD,CA,AWP,WE,Towers with Radar,0,2,12,0,14,0,0,144,0,144,0,2,156,0,158,162,0,162,320
09/07/2008,HWD,CA,AWP,WE,Towers with Radar,0,4,15,0,19,0,0,140,0,140,0,4,155,0,159,158,0,158,317
09/08/2008,HWD,CA,AWP,WE,Towers with Radar,0,4,10,0,14,0,0,161,1,162,0,4,171,1,176,210,0,210,386
09/09/2008,HWD,CA,AWP,WE,Towers with Radar,0,3,29,0,32,0,0,163,0,163,0,3,192,0,195,126,0,126,321
09/10/2008,HWD,CA,AWP,WE,Towers with Radar,0,5,32,0,37,0,2,191,0,193,0,7,223,0,230,318,0,318,548
09/11/2008,HWD,CA,AWP,WE,Towers with Radar,0,3,19,0,22,0,0,186,0,186,0,3,205,0,208,308,0,308,516
09/12/2008,HWD,CA,AWP,WE,Towers with Radar,0,1,33,0,34,0,0,179,0,179,0,1,212,0,213,408,0,408,621
09/13/2008,HWD,CA,AWP,WE,Towers with Radar,0,1,23,0,24,0,0,169,0,169,0,1,192,0,193,290,0,290,483
09/14/2008,HWD,CA,AWP,WE,Towers with Radar,0,4,21,0,25,0,0,108,0,108,0,4,129,0,133,190,0,190,323
09/15/2008,HWD,CA,AWP,WE,Towers with Radar,0,3,30,0,33,0,3,144,0,147,0,6,174,0,180,95,0,95,275
09/16/2008,HWD,CA,AWP,WE,Towers with Radar,0,5,25,0,30,0,0,140,0,140,0,5,165,0,170,200,0,200,370
09/17/2008,HWD,CA,AWP,WE,Towers with Radar,0,8,26,0,34,0,2,204,0,206,0,10,230,0,240,416,0,416,656
09/18/2008,HWD,CA,AWP,WE,Towers with Radar,0,3,17,0,20,0,0,211,0,211,0,3,228,0,231,316,0,316,547
09/19/2008,HWD,CA,AWP,WE,Towers with Radar,0,7,16,0,23,0,1,191,0,192,0,8,207,0,215,332,0,332,547
09/20/2008,HWD,CA,AWP,WE,Towers with Radar,0,4,26,0,30,0,0,151,0,151,0,4,177,0,181,368,0,368,549
09/21/2008,HWD,CA,AWP,WE,Towers with Radar,0,3,11,0,14,0,0,130,0,130,0,3,141,0,144,276,0,276,420
09/22/2008,HWD,CA,AWP,WE,Towers with Radar,0,3,13,0,16,0,0,143,0,143,0,3,156,0,159,234,0,234,393
09/23/2008,HWD,CA,AWP,WE,Towers with Radar,0,1,15,0,16,0,0,152,0,152,0,1,167,0,168,258,0,258,426
09/24/2008,HWD,CA,AWP,WE,Towers with Radar,0,4,23,0,27,0,2,215,0,217,0,6,238,0,244,336,0,336,580
09/25/2008,HWD,CA,AWP,WE,Towers with Radar,0,5,20,0,25,0,0,197,0,197,0,5,217,0,222,318,0,318,540
09/26/2008,HWD,CA,AWP,WE,Towers with Radar,0,3,28,0,31,0,3,198,0,201,0,6,226,0,232,395,0,395,627
09/27/2008,HWD,CA,AWP,WE,Towers with Radar,0,2,19,0,21,0,0,156,0,156,0,2,175,0,177,290,0,290,467
09/28/2008,HWD,CA,AWP,WE,Towers with Radar,0,1,14,0,15,0,0,133,0,133,0,1,147,0,148,208,0,208,356
09/29/2008,HWD,CA,AWP,WE,Towers with Radar,0,2,24,0,26,0,1,98,0,99,0,3,122,0,125,172,0,172,297
09/30/2008,HWD,CA,AWP,WE,Towers with Radar,0,2,26,0,28,0,3,137,0,140,0,5,163,0,168,214,0,214,382
10/01/2008,HWD,CA,AWP,WE,Towers with Radar,0,2,16,0,18,0,2,190,0,192,0,4,206,0,210,290,0,290,500
10/02/2008,HWD,CA,AWP,WE,Towers with Radar,0,7,26,0,33,0,0,118,0,118,0,7,144,0,151,252,0,252,403
10/03/2008,HWD,CA,AWP,WE,Towers with Radar,0,5,24,0,29,0,1,152,0,153,0,6,176,0,182,268,0,268,450
10/04/2008,HWD,CA,AWP,WE,Towers with Radar,0,1,26,0,27,0,0,66,0,66,0,1,92,0,93,320,0,320,413
10/05/2008,HWD,CA,AWP,WE,Towers with Radar,0,5,27,0,32,0,0,117,0,117,0,5,144,0,149,268,0,268,417
10/06/2008,HWD,CA,AWP,WE,Towers with Radar,0,1,29,0,30,0,2,137,0,139,0,3,166,0,169,178,0,178,347
10/07/2008,HWD,CA,AWP,WE,Towers with Radar,0,1,24,0,25,0,2,147,0,149,0,3,171,0,174,220,0,220,394
10/08/2008,HWD,CA,AWP,WE,Towers with Radar,0,5,25,0,30,0,2,196,0,198,0,7,221,0,228,298,0,298,526
10/09/2008,HWD,CA,AWP,WE,Towers with Radar,0,1,6,0,7,0,3,110,0,113,0,4,116,0,120,216,0,216,336
10/10/2008,HWD,CA,AWP,WE,Towers with Radar,0,6,14,0,20,0,1,124,0,125,0,7,138,0,145,142,0,142,287
10/11/2008,HWD,CA,AWP,WE,Towers with Radar,0,4,8,0,12,0,2,73,0,75,0,6,81,0,87,48,0,48,135
10/12/2008,HWD,CA,AWP,WE,Towers with Radar,0,1,10,0,11,0,0,118,0,118,0,1,128,0,129,90,0,90,219
10/13/2008,HWD,CA,AWP,WE,Towers with Radar,0,5,11,0,16,0,0,166,0,166,0,5,177,0,182,238,0,238,420
10/14/2008,HWD,CA,AWP,WE,Towers with Radar,0,5,15,0,20,0,0,137,0,137,0,5,152,0,157,173,0,173,330
10/15/2008,HWD,CA,AWP,WE,Towers with Radar,0,2,20,0,22,0,3,172,0,175,0,5,192,0,197,292,0,292,489
10/16/2008,HWD,CA,AWP,WE,Towers with Radar,0,5,10,0,15,0,3,165,0,168,0,8,175,0,183,358,0,358,541
10/17/2008,HWD,CA,AWP,WE,Towers with Radar,0,4,18,0,22,0,1,189,0,190,0,5,207,0,212,258,0,258,470
10/18/2008,HWD,CA,AWP,WE,Towers with Radar,0,1,19,0,20,0,0,190,0,190,0,1,209,0,210,230,0,230,440
10/19/2008,HWD,CA,AWP,WE,Towers with Radar,0,2,23,0,25,0,2,104,0,106,0,4,127,0,131,130,0,130,261
10/20/2008,HWD,CA,AWP,WE,Towers with Radar,0,0,19,6,25,0,0,145,0,145,0,0,164,6,170,166,0,166,336
10/21/2008,HWD,CA,AWP,WE,Towers with Radar,0,4,16,0,20,0,2,121,0,123,0,6,137,0,143,190,0,190,333
10/22/2008,HWD,CA,AWP,WE,Towers with Radar,0,4,14,0,18,0,2,145,0,147,0,6,159,0,165,144,0,144,309
10/23/2008,HWD,CA,AWP,WE,Towers with Radar,0,8,12,0,20,0,0,152,0,152,0,8,164,0,172,136,0,136,308
10/24/2008,HWD,CA,AWP,WE,Towers with Radar,0,2,16,0,18,0,1,172,0,173,0,3,188,0,191,186,0,186,377
10/25/2008,HWD,CA,AWP,WE,Towers with Radar,0,4,10,0,14,0,0,212,0,212,0,4,222,0,226,382,0,382,608
10/26/2008,HWD,CA,AWP,WE,Towers with Radar,0,1,10,0,11,0,0,149,0,149,0,1,159,0,160,214,0,214,374
10/27/2008,HWD,CA,AWP,WE,Towers with Radar,0,4,23,0,27,0,2,60,0,62,0,6,83,0,89,82,0,82,171
10/28/2008,HWD,CA,AWP,WE,Towers with Radar,0,3,19,0,22,0,1,98,0,99,0,4,117,0,121,120,0,120,241
10/29/2008,HWD,CA,AWP,WE,Towers with Radar,0,6,33,0,39,0,1,139,0,140,0,7,172,0,179,238,0,238,417
10/30/2008,HWD,CA,AWP,WE,Towers with Radar,0,6,10,0,16,0,0,128,0,128,0,6,138,0,144,268,0,268,412
10/31/2008,HWD,CA,AWP,WE,Towers with Radar,0,7,12,0,19,0,0,105,0,105,0,7,117,0,124,174,0,174,298
11/01/2008,HWD,CA,AWP,WE,Towers with Radar,0,3,11,0,14,0,0,0,0,0,0,3,11,0,14,0,0,0,14
11/02/2008,HWD,CA,AWP,WE,Towers with Radar,0,1,13,0,14,0,0,63,0,63,0,1,76,0,77,194,0,194,271
11/03/2008,HWD,CA,AWP,WE,Towers with Radar,0,2,6,0,8,0,1,37,0,38,0,3,43,0,46,70,0,70,116
11/04/2008,HWD,CA,AWP,WE,Towers with Radar,0,4,24,0,28,0,1,123,0,124,0,5,147,0,152,134,0,134,286
11/05/2008,HWD,CA,AWP,WE,Towers with Radar,0,5,18,0,23,0,1,159,0,160,0,6,177,0,183,206,0,206,389
11/06/2008,HWD,CA,AWP,WE,Towers with Radar,0,7,18,0,25,0,0,178,0,178,0,7,196,0,203,192,0,192,395
11/07/2008,HWD,CA,AWP,WE,Towers with Radar,0,7,26,0,33,0,2,214,0,216,0,9,240,0,249,266,0,266,515
11/08/2008,HWD,CA,AWP,WE,Towers with Radar,0,1,30,0,31,106,0,16,0,122,106,1,46,0,153,132,0,132,285
11/09/2008,HWD,CA,AWP,WE,Towers with Radar,0,1,21,0,22,0,0,125,0,125,0,1,146,0,147,174,0,174,321
11/10/2008,HWD,CA,AWP,WE,Towers with Radar,0,5,13,0,18,0,1,119,0,120,0,6,132,0,138,234,0,234,372
11/11/2008,HWD,CA,AWP,WE,Towers with Radar,0,3,25,0,28,0,2,97,0,99,0,5,122,0,127,222,0,222,349
11/12/2008,HWD,CA,AWP,WE,Towers with Radar,0,4,35,0,39,0,1,105,0,106,0,5,140,0,145,246,0,246,391
11/13/2008,HWD,CA,AWP,WE,Towers with Radar,0,4,6,0,10,0,0,174,0,174,0,4,180,0,184,234,0,234,418
11/14/2008,HWD,CA,AWP,WE,Towers with Radar,0,6,16,0,22,0,2,141,0,143,0,8,157,0,165,140,0,140,305
11/15/2008,HWD,CA,AWP,WE,Towers with Radar,0,3,17,0,20,0,0,202,0,202,0,3,219,0,222,294,0,294,516
11/16/2008,HWD,CA,AWP,WE,Towers with Radar,0,10,17,0,27,0,0,190,0,190,0,10,207,0,217,318,0,318,535
11/17/2008,HWD,CA,AWP,WE,Towers with Radar,0,6,12,0,18,0,1,143,0,144,0,7,155,0,162,212,0,212,374
11/18/2008,HWD,CA,AWP,WE,Towers with Radar,0,4,17,0,21,0,1,136,0,137,0,5,153,0,158,226,0,226,384
11/19/2008,HWD,CA,AWP,WE,Towers with Radar,0,8,23,0,31,0,7,128,0,135,0,15,151,0,166,306,0,306,472
11/20/2008,HWD,CA,AWP,WE,Towers with Radar,0,3,19,0,22,0,0,179,0,179,0,3,198,0,201,420,0,420,621
11/21/2008,HWD,CA,AWP,WE,Towers with Radar,0,3,19,0,22,0,0,199,0,199,0,3,218,0,221,472,0,472,693
11/22/2008,HWD,CA,AWP,WE,Towers with Radar,0,5,26,0,31,0,0,171,0,171,0,5,197,0,202,240,0,240,442
11/23/2008,HWD,CA,AWP,WE,Towers with Radar,0,1,28,0,29,0,0,160,0,160,0,1,188,0,189,302,0,302,491
11/24/2008,HWD,CA,AWP,WE,Towers with Radar,0,3,22,0,25,0,3,97,0,100,0,6,119,0,125,268,0,268,393
11/25/2008,HWD,CA,AWP,WE,Towers with Radar,0,2,25,0,27,0,4,138,0,142,0,6,163,0,169,322,0,322,491
11/26/2008,HWD,CA,AWP,WE,Towers with Radar,0,4,27,0,31,0,2,81,0,83,0,6,108,0,114,162,0,162,276
11/27/2008,HWD,CA,AWP,WE,Towers with Radar,0,0,16,0,16,0,0,42,0,42,0,0,58,0,58,242,0,242,300
11/28/2008,HWD,CA,AWP,WE,Towers with Radar,0,3,19,0,22,0,1,140,0,141,0,4,159,0,163,337,0,337,500
11/29/2008,HWD,CA,AWP,WE,Towers with Radar,0,2,9,0,11,0,0,205,0,205,0,2,214,0,216,260,0,260,476
11/30/2008,HWD,CA,AWP,WE,Towers with Radar,0,3,24,0,27,0,0,144,0,144,0,3,168,0,171,184,0,184,355
12/01/2008,HWD,CA,AWP,WE,Towers with Radar,0,5,36,0,41,0,0,4,0,4,0,5,40,0,45,38,0,38,83
12/02/2008,HWD,CA,AWP,WE,Towers with Radar,0,5,26,0,31,0,1,138,0,139,0,6,164,0,170,304,0,304,474
12/03/2008,HWD,CA,AWP,WE,Towers with Radar,0,5,23,0,28,0,2,122,0,124,0,7,145,0,152,426,0,426,578
12/04/2008,HWD,CA,AWP,WE,Towers with Radar,0,6,26,0,32,0,0,175,0,175,0,6,201,0,207,439,0,439,646
12/05/2008,HWD,CA,AWP,WE,Towers with Radar,0,4,18,0,22,0,3,157,0,160,0,7,175,0,182,384,0,384,566
12/06/2008,HWD,CA,AWP,WE,Towers with Radar,0,2,19,0,21,0,0,211,0,211,0,2,230,0,232,348,0,348,580
12/07/2008,HWD,CA,AWP,WE,Towers with Radar,0,3,16,0,19,0,0,119,0,119,0,3,135,0,138,276,0,276,414
12/08/2008,HWD,CA,AWP,WE,Towers with Radar,0,6,13,0,19,0,2,110,0,112,0,8,123,0,131,398,0,398,529
12/09/2008,HWD,CA,AWP,WE,Towers with Radar,0,4,12,0,16,0,1,153,0,154,0,5,165,0,170,204,0,204,374
12/10/2008,HWD,CA,AWP,WE,Towers with Radar,0,3,30,0,33,0,1,225,0,226,0,4,255,0,259,306,0,306,565
12/11/2008,HWD,CA,AWP,WE,Towers with Radar,0,4,19,0,23,0,1,166,0,167,0,5,185,0,190,213,0,213,403
12/12/2008,HWD,CA,AWP,WE,Towers with Radar,0,4,19,0,23,0,1,139,0,140,0,5,158,0,163,384,0,384,547
12/13/2008,HWD,CA,AWP,WE,Towers with Radar,0,5,8,0,13,0,0,87,0,87,0,5,95,0,100,258,0,258,358
12/14/2008,HWD,CA,AWP,WE,Towers with Radar,0,1,6,0,7,0,0,42,0,42,0,1,48,0,49,220,0,220,269
12/15/2008,HWD,CA,AWP,WE,Towers with Radar,0,5,8,0,13,0,0,56,0,56,0,5,64,0,69,134,0,134,203
12/16/2008,HWD,CA,AWP,WE,Towers with Radar,0,1,13,0,14,0,2,82,0,84,0,3,95,0,98,134,0,134,232
12/17/2008,HWD,CA,AWP,WE,Towers with Radar,0,3,13,0,16,0,3,175,0,178,0,6,188,0,194,316,0,316,510
12/18/2008,HWD,CA,AWP,WE,Towers with Radar,0,5,16,0,21,0,1,151,0,152,0,6,167,0,173,210,0,210,383
12/19/2008,HWD,CA,AWP,WE,Towers with Radar,0,7,25,0,32,0,1,131,0,132,0,8,156,0,164,318,0,318,482
12/20/2008,HWD,CA,AWP,WE,Towers with Radar,0,5,12,0,17,0,4,193,0,197,0,9,205,0,214,314,0,314,528
12/21/2008,HWD,CA,AWP,WE,Towers with Radar,0,3,8,0,11,0,1,14,0,15,0,4,22,0,26,52,0,52,78
12/22/2008,HWD,CA,AWP,WE,Towers with Radar,0,2,17,0,19,0,1,79,0,80,0,3,96,0,99,148,0,148,247
12/23/2008,HWD,CA,AWP,WE,Towers with Radar,0,1,12,0,13,0,3,140,0,143,0,4,152,0,156,210,0,210,366
12/24/2008,HWD,CA,AWP,WE,Towers with Radar,0,2,7,0,9,0,1,57,0,58,0,3,64,0,67,36,0,36,103
12/25/2008,HWD,CA,AWP,WE,Towers with Radar,0,2,2,0,4,0,0,7,0,7,0,2,9,0,11,8,0,8,19
12/26/2008,HWD,CA,AWP,WE,Towers with Radar,0,0,12,0,12,0,3,116,0,119,0,3,128,0,131,106,0,106,237
12/27/2008,HWD,CA,AWP,WE,Towers with Radar,0,6,17,0,23,0,0,104,0,104,0,6,121,0,127,196,0,196,323
12/28/2008,HWD,CA,AWP,WE,Towers with Radar,0,1,8,0,9,0,0,95,0,95,0,1,103,0,104,210,0,210,314
12/29/2008,HWD,CA,AWP,WE,Towers with Radar,0,1,2,0,3,0,2,153,0,155,0,3,155,0,158,218,0,218,376
12/30/2008,HWD,CA,AWP,WE,Towers with Radar,0,0,15,0,15,0,0,155,0,155,0,0,170,0,170,248,0,248,418
12/31/2008,HWD,CA,AWP,WE,Towers with Radar,0,5,9,0,14,0,0,69,0,69,0,5,78,0,83,80,0,80,163
01/01/2009,HWD,CA,AWP,WE,Towers with Radar,0,1,10,0,11,0,0,32,0,32,0,1,42,0,43,92,0,92,135
01/02/2009,HWD,CA,AWP,WE,Towers with Radar,0,5,9,0,14,0,1,27,0,28,0,6,36,0,42,54,0,54,96
01/03/2009,HWD,CA,AWP,WE,Towers with Radar,0,1,25,0,26,0,1,174,0,175,0,2,199,0,201,294,0,294,495
01/04/2009,HWD,CA,AWP,WE,Towers with Radar,0,4,26,0,30,0,2,144,0,146,0,6,170,0,176,182,0,182,358
01/05/2009,HWD,CA,AWP,WE,Towers with Radar,0,7,19,0,26,0,1,34,0,35,0,8,53,0,61,56,0,56,117
01/06/2009,HWD,CA,AWP,WE,Towers with Radar,0,4,16,0,20,0,1,129,0,130,0,5,145,0,150,290,0,290,440
01/07/2009,HWD,CA,AWP,WE,Towers with Radar,0,11,10,0,21,0,3,146,0,149,0,14,156,0,170,220,0,220,390
01/08/2009,HWD,CA,AWP,WE,Towers with Radar,0,6,28,0,34,0,0,160,0,160,0,6,188,0,194,400,0,400,594
01/09/2009,HWD,CA,AWP,WE,Towers with Radar,0,3,13,0,16,0,1,148,0,149,0,4,161,0,165,226,0,226,391
01/10/2009,HWD,CA,AWP,WE,Towers with Radar,0,2,13,0,15,0,0,191,0,191,0,2,204,0,206,268,0,268,474
01/11/2009,HWD,CA,AWP,WE,Towers with Radar,0,1,12,0,13,0,0,185,0,185,0,1,197,0,198,228,0,228,426
01/12/2009,HWD,CA,AWP,WE,Towers with Radar,0,2,9,0,11,0,0,75,0,75,0,2,84,0,86,54,0,54,140
01/13/2009,HWD,CA,AWP,WE,Towers with Radar,0,3,22,0,25,0,1,222,0,223,0,4,244,0,248,318,0,318,566
01/14/2009,HWD,CA,AWP,WE,Towers with Radar,0,6,29,0,35,0,0,255,0,255,0,6,284,0,290,400,0,400,690
01/15/2009,HWD,CA,AWP,WE,Towers with Radar,0,5,22,0,27,0,0,175,0,175,0,5,197,0,202,202,0,202,404
01/16/2009,HWD,CA,AWP,WE,Towers with Radar,0,8,16,0,24,0,1,206,0,207,0,9,222,0,231,194,0,194,425
01/17/2009,HWD,CA,AWP,WE,Towers with Radar,0,2,17,0,19,0,1,181,0,182,0,3,198,0,201,252,0,252,453
01/18/2009,HWD,CA,AWP,WE,Towers with Radar,0,1,10,0,11,0,0,94,0,94,0,1,104,0,105,134,0,134,239
01/19/2009,HWD,CA,AWP,WE,Towers with Radar,0,4,9,0,13,0,0,178,0,178,0,4,187,0,191,236,0,236,427
01/20/2009,HWD,CA,AWP,WE,Towers with Radar,0,5,15,0,20,0,0,154,0,154,0,5,169,0,174,88,0,88,262
01/21/2009,HWD,CA,AWP,WE,Towers with Radar,0,3,19,0,22,0,2,175,0,177,0,5,194,0,199,188,0,188,387
01/22/2009,HWD,CA,AWP,WE,Towers with Radar,0,2,32,0,34,0,1,22,0,23,0,3,54,0,57,18,0,18,75
01/23/2009,HWD,CA,AWP,WE,Towers with Radar,0,3,21,0,24,0,0,36,0,36,0,3,57,0,60,67,0,67,127
01/24/2009,HWD,CA,AWP,WE,Towers with Radar,0,1,15,0,16,0,0,41,0,41,0,1,56,0,57,208,0,208,265
01/25/2009,HWD,CA,AWP,WE,Towers with Radar,0,1,12,0,13,0,0,54,0,54,0,1,66,0,67,150,0,150,217
01/26/2009,HWD,CA,AWP,WE,Towers with Radar,0,3,7,0,10,0,1,151,0,152,0,4,158,0,162,124,0,124,286
01/27/2009,HWD,CA,AWP,WE,Towers with Radar,0,3,16,0,19,0,2,270,0,272,0,5,286,0,291,372,0,372,663
01/28/2009,HWD,CA,AWP,WE,Towers with Radar,0,4,24,0,28,0,0,396,0,396,0,4,420,0,424,557,0,557,981
01/29/2009,HWD,CA,AWP,WE,Towers with Radar,0,2,12,0,14,0,1,168,0,169,0,3,180,0,183,236,0,236,419
01/30/2009,HWD,CA,AWP,WE,Towers with Radar,0,1,12,0,13,0,2,183,0,185,0,3,195,0,198,354,0,354,552
01/31/2009,HWD,CA,AWP,WE,Towers with Radar,0,2,11,0,13,0,0,231,0,231,0,2,242,0,244,336,0,336,580
02/01/2009,HWD,CA,AWP,WE,Towers with Radar,0,0,0,0,0,0,0,148,0,148,0,0,148,0,148,166,0,166,314
02/02/2009,HWD,CA,AWP,WE,Towers with Radar,0,2,13,0,15,0,1,144,0,145,0,3,157,0,160,248,0,248,408
02/03/2009,HWD,CA,AWP,WE,Towers with Radar,0,3,19,0,22,0,2,203,0,205,0,5,222,0,227,245,0,245,472
02/04/2009,HWD,CA,AWP,WE,Towers with Radar,0,2,20,0,22,0,2,193,0,195,0,4,213,0,217,250,0,250,467
02/05/2009,HWD,CA,AWP,WE,Towers with Radar,0,2,13,0,15,0,0,60,0,60,0,2,73,0,75,118,0,118,193
02/06/2009,HWD,CA,AWP,WE,Towers with Radar,0,7,17,0,24,0,1,45,0,46,0,8,62,0,70,42,0,42,112
02/07/2009,HWD,CA,AWP,WE,Towers with Radar,0,4,12,0,16,0,0,125,0,125,0,4,137,0,141,202,0,202,343
02/08/2009,HWD,CA,AWP,WE,Towers with Radar,0,5,22,0,27,0,0,93,0,93,0,5,115,0,120,80,0,80,200
02/09/2009,HWD,CA,AWP,WE,Towers with Radar,0,3,11,0,14,0,1,99,0,100,0,4,110,0,114,80,0,80,194
02/10/2009,HWD,CA,AWP,WE,Towers with Radar,0,3,12,0,15,0,0,147,0,147,0,3,159,0,162,184,0,184,346
02/11/2009,HWD,CA,AWP,WE,Towers with Radar,0,3,14,0,17,0,0,74,0,74,0,3,88,0,91,22,0,22,113
02/12/2009,HWD,CA,AWP,WE,Towers with Radar,0,7,23,0,30,0,1,130,0,131,0,8,153,0,161,166,0,166,327
02/13/2009,HWD,CA,AWP,WE,Towers with Radar,0,4,25,0,29,0,1,125,0,126,0,5,150,0,155,162,0,162,317
02/14/2009,HWD,CA,AWP,WE,Towers with Radar,0,2,9,0,11,0,0,71,0,71,0,2,80,0,82,102,0,102,184
02/15/2009,HWD,CA,AWP,WE,Towers with Radar,0,2,2,0,4,0,0,1,0,1,0,2,3,0,5,0,0,0,5
02/16/2009,HWD,CA,AWP,WE,Towers with Radar,0,2,9,0,11,0,0,36,0,36,0,2,45,0,47,20,0,20,67
02/17/2009,HWD,CA,AWP,WE,Towers with Radar,0,3,15,0,18,0,1,21,0,22,0,4,36,0,40,0,0,0,40
02/18/2009,HWD,CA,AWP,WE,Towers with Radar,0,4,26,0,30,0,1,206,0,207,0,5,232,0,237,140,0,140,377
02/19/2009,HWD,CA,AWP,WE,Towers with Radar,0,4,15,0,19,0,1,158,0,159,0,5,173,0,178,252,0,252,430
02/20/2009,HWD,CA,AWP,WE,Towers with Radar,0,4,18,0,22,0,3,157,0,160,0,7,175,0,182,254,0,254,436
02/21/2009,HWD,CA,AWP,WE,Towers with Radar,0,3,17,0,20,0,1,116,0,117,0,4,133,0,137,199,0,199,336
02/22/2009,HWD,CA,AWP,WE,Towers with Radar,0,2,13,0,15,0,0,5,0,5,0,2,18,0,20,0,0,0,20
02/23/2009,HWD,CA,AWP,WE,Towers with Radar,0,1,8,0,9,0,1,58,0,59,0,2,66,0,68,54,0,54,122
02/24/2009,HWD,CA,AWP,WE,Towers with Radar,0,2,21,0,23,0,1,127,0,128,0,3,148,0,151,116,0,116,267
02/25/2009,HWD,CA,AWP,WE,Towers with Radar,0,3,21,0,24,0,0,133,0,133,0,3,154,0,157,140,0,140,297
02/26/2009,HWD,CA,AWP,WE,Towers with Radar,0,5,19,0,24,0,0,104,0,104,0,5,123,0,128,260,0,260,388
02/27/2009,HWD,CA,AWP,WE,Towers with Radar,0,5,15,0,20,0,1,171,0,172,0,6,186,0,192,308,0,308,500
02/28/2009,HWD,CA,AWP,WE,Towers with Radar,0,1,17,0,18,0,0,151,0,151,0,1,168,0,169,250,0,250,419
03/01/2009,HWD,CA,AWP,WE,Towers with Radar,0,1,14,0,15,0,0,7,0,7,0,1,21,0,22,18,0,18,40
03/02/2009,HWD,CA,AWP,WE,Towers with Radar,0,3,13,0,16,0,2,21,0,23,0,5,34,0,39,18,0,18,57
03/03/2009,HWD,CA,AWP,WE,Towers with Radar,0,5,11,0,16,0,1,11,0,12,0,6,22,0,28,2,0,2,30
03/04/2009,HWD,CA,AWP,WE,Towers with Radar,0,4,23,0,27,0,0,79,0,79,0,4,102,0,106,186,0,186,292
03/05/2009,HWD,CA,AWP,WE,Towers with Radar,0,3,19,0,22,0,1,145,0,146,0,4,164,0,168,262,0,262,430
03/06/2009,HWD,CA,AWP,WE,Towers with Radar,0,5,21,0,26,0,0,156,0,156,0,5,177,0,182,226,0,226,408
03/07/2009,HWD,CA,AWP,WE,Towers with Radar,0,3,20,0,23,0,0,160,0,160,0,3,180,0,183,208,0,208,391
03/08/2009,HWD,CA,AWP,WE,Towers with Radar,0,1,19,0,20,0,0,144,0,144,0,1,163,0,164,114,0,114,278
03/09/2009,HWD,CA,AWP,WE,Towers with Radar,0,5,9,0,14,0,1,166,0,167,0,6,175,0,181,248,0,248,429
03/10/2009,HWD,CA,AWP,WE,Towers with Radar,0,3,9,0,12,0,0,152,0,152,0,3,161,0,164,104,0,104,268
03/11/2009,HWD,CA,AWP,WE,Towers with Radar,0,4,20,2,26,0,0,167,0,167,0,4,187,2,193,189,0,189,382
03/12/2009,HWD,CA,AWP,WE,Towers with Radar,0,3,19,0,22,0,0,197,0,197,0,3,216,0,219,98,0,98,317
03/13/2009,HWD,CA,AWP,WE,Towers with Radar,0,4,17,0,21,0,1,169,0,170,0,5,186,0,191,210,0,210,401
03/14/2009,HWD,CA,AWP,WE,Towers with Radar,0,3,21,0,24,0,0,115,0,115,0,3,136,0,139,228,0,228,367
03/15/2009,HWD,CA,AWP,WE,Towers with Radar,0,0,23,0,23,0,0,58,0,58,0,0,81,0,81,122,0,122,203
03/16/2009,HWD,CA,AWP,WE,Towers with Radar,0,5,21,0,26,0,1,75,0,76,0,6,96,0,102,92,0,92,194
03/17/2009,HWD,CA,AWP,WE,Towers with Radar,0,2,12,0,14,0,0,176,0,176,0,2,188,0,190,216,0,216,406
03/18/2009,HWD,CA,AWP,WE,Towers with Radar,0,9,29,0,38,0,1,149,0,150,0,10,178,0,188,108,0,108,296
03/19/2009,HWD,CA,AWP,WE,Towers with Radar,0,2,11,0,13,0,1,205,0,206,0,3,216,0,219,198,0,198,417
03/20/2009,HWD,CA,AWP,WE,Towers with Radar,0,3,46,0,49,0,0,168,0,168,0,3,214,0,217,230,0,230,447
03/21/2009,HWD,CA,AWP,WE,Towers with Radar,0,1,17,0,18,0,0,101,0,101,0,1,118,0,119,150,0,150,269
03/22/2009,HWD,CA,AWP,WE,Towers with Radar,0,3,2,0,5,0,0,18,0,18,0,3,20,0,23,22,0,22,45
03/23/2009,HWD,CA,AWP,WE,Towers with Radar,0,2,13,0,15,0,0,116,0,116,0,2,129,0,131,50,0,50,181
03/24/2009,HWD,CA,AWP,WE,Towers with Radar,0,0,11,0,11,0,2,176,0,178,0,2,187,0,189,170,0,170,359
03/25/2009,HWD,CA,AWP,WE,Towers with Radar,0,3,15,0,18,0,0,159,0,159,0,3,174,0,177,186,0,186,363
03/26/2009,HWD,CA,AWP,WE,Towers with Radar,0,3,27,0,30,0,1,166,0,167,0,4,193,0,197,156,0,156,353
03/27/2009,HWD,CA,AWP,WE,Towers with Radar,0,7,9,0,16,0,2,218,0,220,0,9,227,0,236,170,0,170,406
03/28/2009,HWD,CA,AWP,WE,Towers with Radar,0,2,20,0,22,0,1,166,0,167,0,3,186,0,189,246,0,246,435
03/29/2009,HWD,CA,AWP,WE,Towers with Radar,0,1,16,0,17,0,0,116,0,116,0,1,132,0,133,82,0,82,215
03/30/2009,HWD,CA,AWP,WE,Towers with Radar,0,2,15,0,17,0,1,129,0,130,0,3,144,0,147,132,0,132,279
03/31/2009,HWD,CA,AWP,WE,Towers with Radar,0,1,16,0,17,0,1,130,0,131,0,2,146,0,148,78,0,78,226
04/01/2009,HWD,CA,AWP,WE,Towers with Radar,0,2,13,0,15,0,1,143,0,144,0,3,156,0,159,122,0,122,281
04/02/2009,HWD,CA,AWP,WE,Towers with Radar,0,2,14,0,16,0,2,101,0,103,0,4,115,0,119,168,0,168,287
04/03/2009,HWD,CA,AWP,WE,Towers with Radar,0,7,16,0,23,0,2,143,0,145,0,9,159,0,168,218,0,218,386
04/04/2009,HWD,CA,AWP,WE,Towers with Radar,0,1,9,0,10,0,1,271,0,272,0,2,280,0,282,146,0,146,428
04/05/2009,HWD,CA,AWP,WE,Towers with Radar,0,0,17,0,17,0,0,147,0,147,0,0,164,0,164,124,0,124,288
04/06/2009,HWD,CA,AWP,WE,Towers with Radar,0,2,14,0,16,0,2,144,0,146,0,4,158,0,162,200,0,200,362
04/07/2009,HWD,CA,AWP,WE,Towers with Radar,0,1,8,0,9,0,1,49,0,50,0,2,57,0,59,54,0,54,113
04/08/2009,HWD,CA,AWP,WE,Towers with Radar,0,7,24,0,31,0,0,86,0,86,0,7,110,0,117,194,0,194,311
04/09/2009,HWD,CA,AWP,WE,Towers with Radar,0,8,28,0,36,0,0,73,0,73,0,8,101,0,109,140,0,140,249
04/10/2009,HWD,CA,AWP,WE,Towers with Radar,0,1,28,0,29,0,1,123,0,124,0,2,151,0,153,238,0,238,391
04/11/2009,HWD,CA,AWP,WE,Towers with Radar,0,3,13,0,16,0,0,160,0,160,0,3,173,0,176,190,0,190,366
04/12/2009,HWD,CA,AWP,WE,Towers with Radar,0,3,15,0,18,0,0,83,0,83,0,3,98,0,101,54,0,54,155
04/13/2009,HWD,CA,AWP,WE,Towers with Radar,0,3,20,0,23,0,0,125,0,125,0,3,145,0,148,119,0,119,267
04/14/2009,HWD,CA,AWP,WE,Towers with Radar,0,6,5,0,11,0,1,59,0,60,0,7,64,0,71,30,0,30,101
04/15/2009,HWD,CA,AWP,WE,Towers with Radar,0,1,9,0,10,0,1,145,0,146,0,2,154,0,156,174,0,174,330
04/16/2009,HWD,CA,AWP,WE,Towers with Radar,0,2,23,0,25,0,0,179,0,179,0,2,202,0,204,234,0,234,438
04/17/2009,HWD,CA,AWP,WE,Towers with Radar,0,3,12,0,15,0,1,205,0,206,0,4,217,0,221,200,0,200,421
04/18/2009,HWD,CA,AWP,WE,Towers with Radar,0,2,17,0,19,0,0,204,0,204,0,2,221,0,223,270,0,270,493
04/19/2009,HWD,CA,AWP,WE,Towers with Radar,0,0,13,0,13,0,0,135,0,135,0,0,148,0,148,72,0,72,220
04/20/2009,HWD,CA,AWP,WE,Towers with Radar,0,2,29,0,31,0,2,126,0,128,0,4,155,0,159,224,0,224,383
04/21/2009,HWD,CA,AWP,WE,Towers with Radar,0,0,16,0,16,0,0,146,0,146,0,0,162,0,162,168,0,168,330
04/22/2009,HWD,CA,AWP,WE,Towers with Radar,0,6,20,0,26,0,2,181,0,183,0,8,201,0,209,248,0,248,457
04/23/2009,HWD,CA,AWP,WE,Towers with Radar,0,4,20,0,24,0,2,155,0,157,0,6,175,0,181,254,0,254,435
04/24/2009,HWD,CA,AWP,WE,Towers with Radar,0,1,18,0,19,0,1,132,0,133,0,2,150,0,152,144,0,144,296
04/25/2009,HWD,CA,AWP,WE,Towers with Radar,0,1,8,0,9,0,0,145,0,145,0,1,153,0,154,152,0,152,306
04/26/2009,HWD,CA,AWP,WE,Towers with Radar,0,0,20,0,20,0,1,126,0,127,0,1,146,0,147,118,0,118,265
04/27/2009,HWD,CA,AWP,WE,Towers with Radar,0,4,35,0,39,0,1,90,0,91,0,5,125,0,130,147,0,147,277
04/28/2009,HWD,CA,AWP,WE,Towers with Radar,0,3,20,0,23,0,0,128,0,128,0,3,148,0,151,150,0,150,301
04/29/2009,HWD,CA,AWP,WE,Towers with Radar,0,6,22,0,28,0,0,160,0,160,0,6,182,0,188,136,0,136,324
04/30/2009,HWD,CA,AWP,WE,Towers with Radar,0,0,18,0,18,0,0,135,0,135,0,0,153,0,153,242,0,242,395
05/01/2009,HWD,CA,AWP,WE,Towers with Radar,0,2,20,0,22,0,0,100,0,100,0,2,120,0,122,127,0,127,249
05/02/2009,HWD,CA,AWP,WE,Towers with Radar,0,2,22,0,24,0,0,79,0,79,0,2,101,0,103,40,0,40,143
05/03/2009,HWD,CA,AWP,WE,Towers with Radar,0,3,35,0,38,0,0,33,0,33,0,3,68,0,71,112,0,112,183
05/04/2009,HWD,CA,AWP,WE,Towers with Radar,0,2,16,0,18,0,3,63,0,66,0,5,79,0,84,58,0,58,142
05/05/2009,HWD,CA,AWP,WE,Towers with Radar,0,2,34,0,36,0,1,87,0,88,0,3,121,0,124,122,0,122,246
05/06/2009,HWD,CA,AWP,WE,Towers with Radar,0,2,32,0,34,0,1,138,0,139,0,3,170,0,173,200,0,200,373
05/07/2009,HWD,CA,AWP,WE,Towers with Radar,0,2,12,0,14,0,2,157,0,159,0,4,169,0,173,310,0,310,483
05/08/2009,HWD,CA,AWP,WE,Towers with Radar,0,0,19,0,19,0,3,236,0,239,0,3,255,0,258,380,0,380,638
05/09/2009,HWD,CA,AWP,WE,Towers with Radar,0,2,14,0,16,0,0,191,0,191,0,2,205,0,207,234,0,234,441
05/10/2009,HWD,CA,AWP,WE,Towers with Radar,0,2,14,0,16,0,0,117,0,117,0,2,131,0,133,140,0,140,273
05/11/2009,HWD,CA,AWP,WE,Towers with Radar,0,4,23,0,27,0,1,126,0,127,0,5,149,0,154,96,0,96,250
05/12/2009,HWD,CA,AWP,WE,Towers with Radar,0,0,17,0,17,0,256,199,0,455,0,256,216,0,472,0,0,0,472
05/13/2009,HWD,CA,AWP,WE,Towers with Radar,0,0,20,0,20,0,2,188,0,190,0,2,208,0,210,108,0,108,318
05/14/2009,HWD,CA,AWP,WE,Towers with Radar,0,1,26,0,27,0,2,182,0,184,0,3,208,0,211,140,0,140,351
05/15/2009,HWD,CA,AWP,WE,Towers with Radar,0,1,23,0,24,0,2,191,0,193,0,3,214,0,217,208,0,208,425
05/16/2009,HWD,CA,AWP,WE,Towers with Radar,0,1,14,0,15,0,0,200,0,200,0,1,214,0,215,216,0,216,431
05/17/2009,HWD,CA,AWP,WE,Towers with Radar,0,4,12,0,16,0,0,140,0,140,0,4,152,0,156,178,0,178,334
05/18/2009,HWD,CA,AWP,WE,Towers with Radar,0,2,14,0,16,0,6,146,0,152,0,8,160,0,168,208,0,208,376
05/19/2009,HWD,CA,AWP,WE,Towers with Radar,0,7,35,0,42,0,2,166,0,168,0,9,201,0,210,156,0,156,366
05/20/2009,HWD,CA,AWP,WE,Towers with Radar,0,5,16,0,21,0,2,161,0,163,0,7,177,0,184,192,0,192,376
05/21/2009,HWD,CA,AWP,WE,Towers with Radar,0,3,23,0,26,0,2,177,0,179,0,5,200,0,205,278,0,278,483
05/22/2009,HWD,CA,AWP,WE,Towers with Radar,0,3,17,0,20,0,1,180,0,181,0,4,197,0,201,358,0,358,559
05/23/2009,HWD,CA,AWP,WE,Towers with Radar,0,3,23,0,26,0,0,103,0,103,0,3,126,0,129,86,0,86,215
05/24/2009,HWD,CA,AWP,WE,Towers with Radar,0,1,26,0,27,0,0,79,0,79,0,1,105,0,106,124,0,124,230
05/25/2009,HWD,CA,AWP,WE,Towers with Radar,0,1,17,0,18,0,0,158,0,158,0,1,175,0,176,220,0,220,396
05/26/2009,HWD,CA,AWP,WE,Towers with Radar,0,1,16,0,17,0,0,203,0,203,0,1,219,0,220,158,0,158,378
05/27/2009,HWD,CA,AWP,WE,Towers with Radar,0,1,17,0,18,0,2,172,0,174,0,3,189,0,192,204,0,204,396
05/28/2009,HWD,CA,AWP,WE,Towers with Radar,0,1,21,0,22,0,2,134,0,136,0,3,155,0,158,157,0,157,315
05/29/2009,HWD,CA,AWP,WE,Towers with Radar,0,2,37,0,39,0,1,143,0,144,0,3,180,0,183,180,0,180,363
05/30/2009,HWD,CA,AWP,WE,Towers with Radar,0,2,21,0,23,0,0,194,0,194,0,2,215,0,217,178,0,178,395
05/31/2009,HWD,CA,AWP,WE,Towers with Radar,0,0,25,0,25,0,0,122,0,122,0,0,147,0,147,167,0,167,314
06/01/2009,HWD,CA,AWP,WE,Towers with Radar,0,1,28,0,29,0,1,86,0,87,0,2,114,0,116,124,0,124,240
06/02/2009,HWD,CA,AWP,WE,Towers with Radar,0,0,17,0,17,0,0,129,0,129,0,0,146,0,146,246,0,246,392
06/03/2009,HWD,CA,AWP,WE,Towers with Radar,0,6,27,0,33,0,2,155,0,157,0,8,182,0,190,142,0,142,332
06/04/2009,HWD,CA,AWP,WE,Towers with Radar,0,1,13,0,14,0,0,136,0,136,0,1,149,0,150,164,0,164,314
06/05/2009,HWD,CA,AWP,WE,Towers with Radar,0,8,20,0,28,0,2,139,0,141,0,10,159,0,169,232,0,232,401
06/06/2009,HWD,CA,AWP,WE,Towers with Radar,0,3,8,0,11,0,0,152,0,152,0,3,160,0,163,164,0,164,327
06/07/2009,HWD,CA,AWP,WE,Towers with Radar,0,0,16,0,16,0,0,99,0,99,0,0,115,0,115,160,0,160,275
06/08/2009,HWD,CA,AWP,WE,Towers with Radar,0,1,10,0,11,0,2,126,0,128,0,3,136,0,139,122,0,122,261
06/09/2009,HWD,CA,AWP,WE,Towers with Radar,0,3,22,0,25,0,0,149,0,149,0,3,171,0,174,212,0,212,386
06/10/2009,HWD,CA,AWP,WE,Towers with Radar,0,3,38,0,41,0,5,139,14,158,0,8,177,14,199,170,0,170,369
06/11/2009,HWD,CA,AWP,WE,Towers with Radar,0,4,15,0,19,0,2,175,0,177,0,6,190,0,196,168,0,168,364
06/12/2009,HWD,CA,AWP,WE,Towers with Radar,0,1,33,0,34,0,1,140,0,141,0,2,173,0,175,162,0,162,337
06/13/2009,HWD,CA,AWP,WE,Towers with Radar,0,1,16,0,17,0,0,133,0,133,0,1,149,0,150,143,0,143,293
06/14/2009,HWD,CA,AWP,WE,Towers with Radar,0,0,26,0,26,0,0,134,0,134,0,0,160,0,160,132,0,132,292
06/15/2009,HWD,CA,AWP,WE,Towers with Radar,0,2,30,0,32,0,2,164,0,166,0,4,194,0,198,262,0,262,460
06/16/2009,HWD,CA,AWP,WE,Towers with Radar,0,0,33,0,33,0,0,107,0,107,0,0,140,0,140,164,0,164,304
06/17/2009,HWD,CA,AWP,WE,Towers with Radar,0,4,37,0,41,0,2,122,0,124,0,6,159,0,165,68,0,68,233
06/18/2009,HWD,CA,AWP,WE,Towers with Radar,0,2,21,0,23,0,3,125,0,128,0,5,146,0,151,40,0,40,191
06/19/2009,HWD,CA,AWP,WE,Towers with Radar,0,1,15,0,16,0,2,118,0,120,0,3,133,0,136,110,0,110,246
06/20/2009,HWD,CA,AWP,WE,Towers with Radar,0,2,13,0,15,0,0,153,0,153,0,2,166,0,168,172,0,172,340
06/21/2009,HWD,CA,AWP,WE,Towers with Radar,0,2,13,0,15,0,0,150,0,150,0,2,163,0,165,290,0,290,455
06/22/2009,HWD,CA,AWP,WE,Towers with Radar,0,1,9,0,10,0,0,152,0,152,0,1,161,0,162,112,0,112,274
06/23/2009,HWD,CA,AWP,WE,Towers with Radar,0,4,30,0,34,0,0,178,0,178,0,4,208,0,212,104,0,104,316
06/24/2009,HWD,CA,AWP,WE,Towers with Radar,0,4,16,0,20,0,2,165,0,167,0,6,181,0,187,236,0,236,423
06/25/2009,HWD,CA,AWP,WE,Towers with Radar,0,3,15,0,18,0,2,136,0,138,0,5,151,0,156,215,0,215,371
06/26/2009,HWD,CA,AWP,WE,Towers with Radar,0,3,27,0,30,0,3,152,0,155,0,6,179,0,185,234,0,234,419
06/27/2009,HWD,CA,AWP,WE,Towers with Radar,0,4,13,0,17,0,2,174,0,176,0,6,187,0,193,208,0,208,401
06/28/2009,HWD,CA,AWP,WE,Towers with Radar,0,2,12,0,14,0,1,140,0,141,0,3,152,0,155,166,0,166,321
06/29/2009,HWD,CA,AWP,WE,Towers with Radar,0,4,14,0,18,0,2,148,0,150,0,6,162,0,168,54,0,54,222
06/30/2009,HWD,CA,AWP,WE,Towers with Radar,0,7,16,0,23,0,1,169,0,170,0,8,185,0,193,164,0,164,357
07/01/2009,HWD,CA,AWP,WE,Towers with Radar,0,4,20,0,24,0,0,132,0,132,0,4,152,0,156,94,0,94,250
07/02/2009,HWD,CA,AWP,WE,Towers with Radar,0,4,25,0,29,0,2,169,0,171,0,6,194,0,200,98,0,98,298
07/03/2009,HWD,CA,AWP,WE,Towers with Radar,0,0,14,0,14,0,2,131,0,133,0,2,145,0,147,130,0,130,277
07/04/2009,HWD,CA,AWP,WE,Towers with Radar,0,0,8,0,8,0,0,85,0,85,0,0,93,0,93,104,0,104,197
07/05/2009,HWD,CA,AWP,WE,Towers with Radar,0,5,14,0,19,0,0,164,0,164,0,5,178,0,183,114,0,114,297
07/06/2009,HWD,CA,AWP,WE,Towers with Radar,0,2,13,0,15,0,0,0,0,0,0,2,13,0,15,86,0,86,101
07/07/2009,HWD,CA,AWP,WE,Towers with Radar,0,1,12,0,13,0,2,173,0,175,0,3,185,0,188,186,0,186,374
07/08/2009,HWD,CA,AWP,WE,Towers with Radar,0,4,12,0,16,0,2,172,0,174,0,6,184,0,190,184,0,184,374
07/09/2009,HWD,CA,AWP,WE,Towers with Radar,0,4,14,0,18,0,2,128,0,130,0,6,142,0,148,148,0,148,296
07/10/2009,HWD,CA,AWP,WE,Towers with Radar,0,1,16,0,17,0,2,190,0,192,0,3,206,0,209,84,0,84,293
07/11/2009,HWD,CA,AWP,WE,Towers with Radar,0,2,11,0,13,0,0,144,0,144,0,2,155,0,157,178,0,178,335
07/12/2009,HWD,CA,AWP,WE,Towers with Radar,0,1,13,0,14,0,0,146,0,146,0,1,159,0,160,268,0,268,428
07/13/2009,HWD,CA,AWP,WE,Towers with Radar,0,2,14,0,16,0,2,133,0,135,0,4,147,0,151,176,0,176,327
07/14/2009,HWD,CA,AWP,WE,Towers with Radar,0,2,13,0,15,0,0,161,0,161,0,2,174,0,176,181,0,181,357
07/15/2009,HWD,CA,AWP,WE,Towers with Radar,0,4,12,0,16,0,1,146,0,147,0,5,158,0,163,177,0,177,340
07/16/2009,HWD,CA,AWP,WE,Towers with Radar,0,3,18,0,21,0,2,160,0,162,0,5,178,0,183,208,0,208,391
07/17/2009,HWD,CA,AWP,WE,Towers with Radar,0,0,12,0,12,0,3,176,0,179,0,3,188,0,191,138,0,138,329
07/18/2009,HWD,CA,AWP,WE,Towers with Radar,0,2,11,0,13,0,0,138,0,138,0,2,149,0,151,233,0,233,384
07/19/2009,HWD,CA,AWP,WE,Towers with Radar,0,2,14,0,16,0,0,133,0,133,0,2,147,0,149,183,0,183,332
07/20/2009,HWD,CA,AWP,WE,Towers with Radar,0,2,39,0,41,0,2,115,0,117,0,4,154,0,158,154,0,154,312
07/21/2009,HWD,CA,AWP,WE,Towers with Radar,0,0,26,0,26,0,2,88,0,90,0,2,114,0,116,108,0,108,224
07/22/2009,HWD,CA,AWP,WE,Towers with Radar,0,4,39,0,43,0,0,100,0,100,0,4,139,0,143,158,0,158,301
07/23/2009,HWD,CA,AWP,WE,Towers with Radar,0,4,39,0,43,0,0,128,0,128,0,4,167,0,171,244,0,244,415
07/24/2009,HWD,CA,AWP,WE,Towers with Radar,0,2,31,0,33,0,0,126,0,126,0,2,157,0,159,196,0,196,355
07/25/2009,HWD,CA,AWP,WE,Towers with Radar,0,1,20,0,21,0,0,130,0,130,0,1,150,0,151,96,0,96,247
07/26/2009,HWD,CA,AWP,WE,Towers with Radar,0,2,22,0,24,0,2,141,0,143,0,4,163,0,167,126,0,126,293
07/27/2009,HWD,CA,AWP,WE,Towers with Radar,0,2,11,0,13,0,2,88,0,90,0,4,99,0,103,34,0,34,137
07/28/2009,HWD,CA,AWP,WE,Towers with Radar,0,2,26,0,28,0,2,120,0,122,0,4,146,0,150,106,0,106,256
07/29/2009,HWD,CA,AWP,WE,Towers with Radar,0,5,28,0,33,0,0,136,0,136,0,5,164,0,169,142,0,142,311
07/30/2009,HWD,CA,AWP,WE,Towers with Radar,0,5,24,0,29,0,0,124,0,124,0,5,148,0,153,150,0,150,303
07/31/2009,HWD,CA,AWP,WE,Towers with Radar,0,4,34,0,38,0,0,101,0,101,0,4,135,0,139,66,0,66,205
08/01/2009,HWD,CA,AWP,WE,Towers with Radar,0,5,18,0,23,0,0,136,0,136,0,5,154,0,159,200,0,200,359
08/02/2009,HWD,CA,AWP,WE,Towers with Radar,0,1,19,0,20,0,0,113,0,113,0,1,132,0,133,256,0,256,389
08/03/2009,HWD,CA,AWP,WE,Towers with Radar,0,2,26,0,28,0,1,112,0,113,0,3,138,0,141,168,0,168,309
08/04/2009,HWD,CA,AWP,WE,Towers with Radar,0,6,9,0,15,0,2,111,0,113,0,8,120,0,128,150,0,150,278
08/05/2009,HWD,CA,AWP,WE,Towers with Radar,0,1,29,0,30,0,6,137,0,143,0,7,166,0,173,180,0,180,353
08/06/2009,HWD,CA,AWP,WE,Towers with Radar,0,2,24,0,26,0,0,101,0,101,0,2,125,0,127,139,0,139,266
08/07/2009,HWD,CA,AWP,WE,Towers with Radar,0,2,20,0,22,0,2,166,0,168,0,4,186,0,190,171,0,171,361
08/08/2009,HWD,CA,AWP,WE,Towers with Radar,0,0,5,0,5,0,0,129,0,129,0,0,134,0,134,162,0,162,296
08/09/2009,HWD,CA,AWP,WE,Towers with Radar,0,1,21,0,22,0,0,94,0,94,0,1,115,0,116,58,0,58,174
08/10/2009,HWD,CA,AWP,WE,Towers with Radar,0,4,15,0,19,0,2,133,0,135,0,6,148,0,154,94,0,94,248
08/11/2009,HWD,CA,AWP,WE,Towers with Radar,0,1,29,0,30,0,2,102,0,104,0,3,131,0,134,82,0,82,216
08/12/2009,HWD,CA,AWP,WE,Towers with Radar,0,0,10,0,10,0,1,144,0,145,0,1,154,0,155,38,0,38,193
08/13/2009,HWD,CA,AWP,WE,Towers with Radar,0,4,10,0,14,0,2,135,0,137,0,6,145,0,151,215,0,215,366
08/14/2009,HWD,CA,AWP,WE,Towers with Radar,0,3,9,0,12,0,1,144,0,145,0,4,153,0,157,165,0,165,322
08/15/2009,HWD,CA,AWP,WE,Towers with Radar,0,1,7,0,8,0,0,95,0,95,0,1,102,0,103,248,0,248,351
08/16/2009,HWD,CA,AWP,WE,Towers with Radar,0,1,13,0,14,0,0,117,0,117,0,1,130,0,131,100,0,100,231
08/17/2009,HWD,CA,AWP,WE,Towers with Radar,0,3,15,0,18,0,2,119,1,122,0,5,134,1,140,152,0,152,292
08/18/2009,HWD,CA,AWP,WE,Towers with Radar,0,4,19,0,23,0,0,111,0,111,0,4,130,0,134,136,0,136,270
08/19/2009,HWD,CA,AWP,WE,Towers with Radar,0,3,27,1,31,0,0,103,1,104,0,3,130,2,135,154,0,154,289
08/20/2009,HWD,CA,AWP,WE,Towers with Radar,0,4,27,0,31,0,2,128,0,130,0,6,155,0,161,218,0,218,379
08/21/2009,HWD,CA,AWP,WE,Towers with Radar,0,2,28,0,30,0,1,133,0,134,0,3,161,0,164,244,0,244,408
08/22/2009,HWD,CA,AWP,WE,Towers with Radar,0,1,7,0,8,0,0,147,0,147,0,1,154,0,155,288,0,288,443
08/23/2009,HWD,CA,AWP,WE,Towers with Radar,0,3,15,0,18,0,0,130,0,130,0,3,145,0,148,150,0,150,298
08/24/2009,HWD,CA,AWP,WE,Towers with Radar,0,7,25,0,32,0,2,128,0,130,0,9,153,0,162,204,0,204,366
08/25/2009,HWD,CA,AWP,WE,Towers with Radar,0,7,14,0,21,0,2,106,0,108,0,9,120,0,129,106,0,106,235
08/26/2009,HWD,CA,AWP,WE,Towers with Radar,0,1,20,0,21,0,2,132,0,134,0,3,152,0,155,243,0,243,398
08/27/2009,HWD,CA,AWP,WE,Towers with Radar,0,5,19,0,24,0,2,85,0,87,0,7,104,0,111,148,0,148,259
08/28/2009,HWD,CA,AWP,WE,Towers with Radar,0,2,20,0,22,0,2,198,0,200,0,4,218,0,222,218,0,218,440
08/29/2009,HWD,CA,AWP,WE,Towers with Radar,0,1,13,0,14,0,0,137,0,137,0,1,150,0,151,104,0,104,255
08/30/2009,HWD,CA,AWP,WE,Towers with Radar,0,4,38,0,42,0,0,97,0,97,0,4,135,0,139,150,0,150,289
08/31/2009,HWD,CA,AWP,WE,Towers with Radar,0,1,22,0,23,0,2,98,0,100,0,3,120,0,123,114,0,114,237
09/01/2009,HWD,CA,AWP,WE,Towers with Radar,0,2,27,0,29,0,0,105,0,105,0,2,132,0,134,86,0,86,220
09/02/2009,HWD,CA,AWP,WE,Towers with Radar,0,1,11,0,12,0,0,174,0,174,0,1,185,0,186,130,0,130,316
09/03/2009,HWD,CA,AWP,WE,Towers with Radar,0,2,28,0,30,0,4,160,0,164,0,6,188,0,194,63,0,63,257
09/04/2009,HWD,CA,AWP,WE,Towers with Radar,0,3,15,0,18,0,1,165,0,166,0,4,180,0,184,160,0,160,344
09/05/2009,HWD,CA,AWP,WE,Towers with Radar,0,1,33,0,34,0,0,124,0,124,0,1,157,0,158,180,0,180,338
09/06/2009,HWD,CA,AWP,WE,Towers with Radar,0,2,15,0,17,0,0,93,0,93,0,2,108,0,110,22,0,22,132
09/07/2009,HWD,CA,AWP,WE,Towers with Radar,0,1,9,0,10,0,0,173,0,173,0,1,182,0,183,124,0,124,307
09/08/2009,HWD,CA,AWP,WE,Towers with Radar,0,1,22,0,23,0,2,138,0,140,0,3,160,0,163,136,0,136,299
09/09/2009,HWD,CA,AWP,WE,Towers with Radar,0,8,21,0,29,0,2,109,1,112,0,10,130,1,141,198,0,198,339
09/10/2009,HWD,CA,AWP,WE,Towers with Radar,0,4,18,0,22,0,3,152,0,155,0,7,170,0,177,226,0,226,403
09/11/2009,HWD,CA,AWP,WE,Towers with Radar,0,11,24,0,35,0,2,139,0,141,0,13,163,0,176,148,0,148,324
09/12/2009,HWD,CA,AWP,WE,Towers with Radar,0,0,13,0,13,0,0,67,0,67,0,0,80,0,80,44,0,44,124
09/13/2009,HWD,CA,AWP,WE,Towers with Radar,0,1,24,0,25,0,0,96,0,96,0,1,120,0,121,148,0,148,269
09/14/2009,HWD,CA,AWP,WE,Towers with Radar,0,3,20,0,23,0,3,117,0,120,0,6,137,0,143,126,0,126,269
09/15/2009,HWD,CA,AWP,WE,Towers with Radar,0,3,21,0,24,0,2,125,0,127,0,5,146,0,151,128,0,128,279
09/16/2009,HWD,CA,AWP,WE,Towers with Radar,0,1,31,0,32,0,0,99,0,99,0,1,130,0,131,68,0,68,199
09/17/2009,HWD,CA,AWP,WE,Towers with Radar,0,6,22,0,28,0,2,124,0,126,0,8,146,0,154,170,0,170,324
09/18/2009,HWD,CA,AWP,WE,Towers with Radar,0,2,7,0,9,0,1,140,0,141,0,3,147,0,150,178,0,178,328
09/19/2009,HWD,CA,AWP,WE,Towers with Radar,0,1,20,0,21,0,0,118,0,118,0,1,138,0,139,218,0,218,357
09/20/2009,HWD,CA,AWP,WE,Towers with Radar,0,0,12,0,12,0,0,109,0,109,0,0,121,0,121,126,0,126,247
09/21/2009,HWD,CA,AWP,WE,Towers with Radar,0,3,12,0,15,0,4,159,0,163,0,7,171,0,178,198,0,198,376
09/22/2009,HWD,CA,AWP,WE,Towers with Radar,0,3,16,0,19,2,0,149,0,151,2,3,165,0,170,129,0,129,299
09/23/2009,HWD,CA,AWP,WE,Towers with Radar,0,1,22,0,23,0,3,121,0,124,0,4,143,0,147,92,0,92,239
09/24/2009,HWD,CA,AWP,WE,Towers with Radar,0,0,37,0,37,0,2,110,0,112,0,2,147,0,149,98,0,98,247
09/25/2009,HWD,CA,AWP,WE,Towers with Radar,0,2,33,0,35,0,2,148,0,150,0,4,181,0,185,136,0,136,321
09/26/2009,HWD,CA,AWP,WE,Towers with Radar,0,2,9,0,11,0,1,193,0,194,0,3,202,0,205,166,0,166,371
09/27/2009,HWD,CA,AWP,WE,Towers with Radar,0,1,22,0,23,0,0,165,0,165,0,1,187,0,188,136,0,136,324
09/28/2009,HWD,CA,AWP,WE,Towers with Radar,0,3,20,0,23,0,2,128,0,130,0,5,148,0,153,170,0,170,323
09/29/2009,HWD,CA,AWP,WE,Towers with Radar,0,3,11,0,14,0,2,144,0,146,0,5,155,0,160,94,0,94,254
09/30/2009,HWD,CA,AWP,WE,Towers with Radar,0,2,17,0,19,0,2,168,0,170,0,4,185,0,189,186,0,186,375
10/01/2009,HWD,CA,AWP,WE,Towers with Radar,0,2,15,0,17,0,2,143,0,145,0,4,158,0,162,133,0,133,295
10/02/2009,HWD,CA,AWP,WE,Towers with Radar,0,6,17,0,23,0,1,144,0,145,0,7,161,0,168,188,0,188,356
10/03/2009,HWD,CA,AWP,WE,Towers with Radar,0,5,8,0,13,0,0,80,1,81,0,5,88,1,94,110,0,110,204
10/04/2009,HWD,CA,AWP,WE,Towers with Radar,0,4,16,0,20,0,0,111,0,111,0,4,127,0,131,206,0,206,337
10/05/2009,HWD,CA,AWP,WE,Towers with Radar,0,3,15,0,18,0,2,120,0,122,0,5,135,0,140,62,0,62,202
10/06/2009,HWD,CA,AWP,WE,Towers with Radar,0,4,16,0,20,0,2,175,0,177,0,6,191,0,197,204,0,204,401
10/07/2009,HWD,CA,AWP,WE,Towers with Radar,0,3,13,0,16,0,2,151,0,153,0,5,164,0,169,182,0,182,351
10/08/2009,HWD,CA,AWP,WE,Towers with Radar,0,5,17,0,22,0,0,98,0,98,0,5,115,0,120,68,0,68,188
10/09/2009,HWD,CA,AWP,WE,Towers with Radar,0,4,24,0,28,0,1,134,0,135,0,5,158,0,163,188,0,188,351
10/10/2009,HWD,CA,AWP,WE,Towers with Radar,0,3,17,0,20,0,0,119,0,119,0,3,136,0,139,240,0,240,379
10/11/2009,HWD,CA,AWP,WE,Towers with Radar,0,3,19,0,22,0,0,70,0,70,0,3,89,0,92,192,0,192,284
10/12/2009,HWD,CA,AWP,WE,Towers with Radar,0,2,15,0,17,0,0,114,0,114,0,2,129,0,131,166,0,166,297
10/13/2009,HWD,CA,AWP,WE,Towers with Radar,0,1,3,0,4,0,0,2,0,2,0,1,5,0,6,0,0,0,6
10/14/2009,HWD,CA,AWP,WE,Towers with Radar,0,5,17,0,22,0,1,104,0,105,0,6,121,0,127,114,0,114,241
10/15/2009,HWD,CA,AWP,WE,Towers with Radar,0,11,21,0,32,0,0,118,0,118,0,11,139,0,150,176,0,176,326
10/16/2009,HWD,CA,AWP,WE,Towers with Radar,0,9,36,0,45,0,1,165,0,166,0,10,201,0,211,144,0,144,355
10/17/2009,HWD,CA,AWP,WE,Towers with Radar,0,6,15,0,21,0,1,233,0,234,0,7,248,0,255,208,0,208,463
10/18/2009,HWD,CA,AWP,WE,Towers with Radar,0,3,21,0,24,0,0,104,0,104,0,3,125,0,128,56,0,56,184
10/19/2009,HWD,CA,AWP,WE,Towers with Radar,0,8,23,0,31,0,1,46,0,47,0,9,69,0,78,62,0,62,140
10/20/2009,HWD,CA,AWP,WE,Towers with Radar,0,4,18,0,22,0,2,150,0,152,0,6,168,0,174,106,0,106,280
10/21/2009,HWD,CA,AWP,WE,Towers with Radar,0,3,28,0,31,0,2,134,0,136,0,5,162,0,167,262,0,262,429
10/22/2009,HWD,CA,AWP,WE,Towers with Radar,0,1,14,0,15,0,1,101,0,102,0,2,115,0,117,72,0,72,189
10/23/2009,HWD,CA,AWP,WE,Towers with Radar,0,3,7,0,10,0,2,143,0,145,0,5,150,0,155,38,0,38,193
10/24/2009,HWD,CA,AWP,WE,Towers with Radar,0,5,10,0,15,0,0,154,0,154,0,5,164,0,169,296,1,297,466
10/25/2009,HWD,CA,AWP,WE,Towers with Radar,0,4,20,0,24,0,0,137,0,137,0,4,157,0,161,144,0,144,305
10/26/2009,HWD,CA,AWP,WE,Towers with Radar,0,4,13,0,17,0,2,95,0,97,0,6,108,0,114,188,0,188,302
10/27/2009,HWD,CA,AWP,WE,Towers with Radar,0,5,13,0,18,0,0,64,0,64,0,5,77,0,82,50,0,50,132
10/28/2009,HWD,CA,AWP,WE,Towers with Radar,0,3,12,0,15,0,1,100,0,101,0,4,112,0,116,50,0,50,166
10/29/2009,HWD,CA,AWP,WE,Towers with Radar,0,2,31,0,33,0,1,168,0,169,0,3,199,0,202,96,0,96,298
10/30/2009,HWD,CA,AWP,WE,Towers with Radar,0,4,19,0,23,0,2,163,0,165,0,6,182,0,188,118,0,118,306
10/31/2009,HWD,CA,AWP,WE,Towers with Radar,0,1,22,0,23,0,0,89,0,89,0,1,111,0,112,101,0,101,213
11/01/2009,HWD,CA,AWP,WE,Towers with Radar,0,0,21,0,21,0,0,171,0,171,0,0,192,0,192,168,0,168,360
11/02/2009,HWD,CA,AWP,WE,Towers with Radar,0,3,11,0,14,0,0,0,0,0,0,3,11,0,14,192,0,192,206
11/03/2009,HWD,CA,AWP,WE,Towers with Radar,0,4,11,0,15,0,0,120,0,120,0,4,131,0,135,124,0,124,259
11/04/2009,HWD,CA,AWP,WE,Towers with Radar,0,4,15,0,19,0,0,122,0,122,0,4,137,0,141,176,0,176,317
11/05/2009,HWD,CA,AWP,WE,Towers with Radar,0,6,16,0,22,0,1,77,0,78,0,7,93,0,100,132,0,132,232
11/06/2009,HWD,CA,AWP,WE,Towers with Radar,0,2,22,0,24,0,0,66,0,66,0,2,88,0,90,76,0,76,166
11/07/2009,HWD,CA,AWP,WE,Towers with Radar,0,2,11,0,13,0,0,115,0,115,0,2,126,0,128,122,0,122,250
11/08/2009,HWD,CA,AWP,WE,Towers with Radar,0,1,15,0,16,0,0,145,0,145,0,1,160,0,161,176,0,176,337
11/09/2009,HWD,CA,AWP,WE,Towers with Radar,0,9,10,0,19,0,0,98,0,98,0,9,108,0,117,72,0,72,189
11/10/2009,HWD,CA,AWP,WE,Towers with Radar,0,3,14,0,17,0,1,144,0,145,0,4,158,0,162,70,0,70,232
11/11/2009,HWD,CA,AWP,WE,Towers with Radar,0,8,14,0,22,0,0,92,0,92,0,8,106,0,114,56,0,56,170
11/12/2009,HWD,CA,AWP,WE,Towers with Radar,0,4,15,0,19,0,1,99,0,100,0,5,114,0,119,60,0,60,179
11/13/2009,HWD,CA,AWP,WE,Towers with Radar,0,6,20,0,26,0,1,147,0,148,0,7,167,0,174,64,0,64,238
11/14/2009,HWD,CA,AWP,WE,Towers with Radar,0,1,12,0,13,0,0,85,0,85,0,1,97,0,98,112,0,112,210
11/15/2009,HWD,CA,AWP,WE,Towers with Radar,0,2,16,0,18,0,0,130,0,130,0,2,146,0,148,210,0,210,358
11/16/2009,HWD,CA,AWP,WE,Towers with Radar,0,2,15,0,17,0,2,128,0,130,0,4,143,0,147,144,0,144,291
11/17/2009,HWD,CA,AWP,WE,Towers with Radar,0,1,18,0,19,0,0,116,0,116,0,1,134,0,135,76,0,76,211
11/18/2009,HWD,CA,AWP,WE,Towers with Radar,0,2,9,0,11,0,2,131,0,133,0,4,140,0,144,96,0,96,240
11/19/2009,HWD,CA,AWP,WE,Towers with Radar,0,5,18,0,23,0,1,165,0,166,0,6,183,0,189,132,0,132,321
11/20/2009,HWD,CA,AWP,WE,Towers with Radar,0,5,11,0,16,0,2,50,0,52,0,7,61,0,68,12,0,12,80
11/21/2009,HWD,CA,AWP,WE,Towers with Radar,0,2,11,0,13,0,0,99,0,99,0,2,110,0,112,226,0,226,338
11/22/2009,HWD,CA,AWP,WE,Towers with Radar,0,5,21,0,26,0,0,106,0,106,0,5,127,0,132,262,0,262,394
11/23/2009,HWD,CA,AWP,WE,Towers with Radar,0,2,16,0,18,0,1,104,0,105,0,3,120,0,123,112,0,112,235
11/24/2009,HWD,CA,AWP,WE,Towers with Radar,0,6,28,0,34,0,0,230,0,230,0,6,258,0,264,120,0,120,384
11/25/2009,HWD,CA,AWP,WE,Towers with Radar,0,4,20,0,24,0,1,140,0,141,0,5,160,0,165,82,0,82,247
11/26/2009,HWD,CA,AWP,WE,Towers with Radar,0,0,10,0,10,0,0,69,0,69,0,0,79,0,79,70,0,70,149
11/27/2009,HWD,CA,AWP,WE,Towers with Radar,0,3,17,0,20,0,1,29,0,30,0,4,46,0,50,56,0,56,106
11/28/2009,HWD,CA,AWP,WE,Towers with Radar,0,0,9,0,9,0,0,36,0,36,0,0,45,0,45,36,0,36,81
11/29/2009,HWD,CA,AWP,WE,Towers with Radar,0,4,26,0,30,0,0,151,0,151,0,4,177,0,181,114,0,114,295
11/30/2009,HWD,CA,AWP,WE,Towers with Radar,0,4,18,0,22,0,1,154,0,155,0,5,172,0,177,156,0,156,333
12/01/2009,HWD,CA,AWP,WE,Towers with Radar,0,6,11,0,17,0,0,159,0,159,0,6,170,0,176,58,0,58,234
12/02/2009,HWD,CA,AWP,WE,Towers with Radar,0,0,28,0,28,0,1,84,0,85,0,1,112,0,113,104,0,104,217
12/03/2009,HWD,CA,AWP,WE,Towers with Radar,0,5,27,0,32,0,0,80,0,80,0,5,107,0,112,40,0,40,152
12/04/2009,HWD,CA,AWP,WE,Towers with Radar,0,1,29,0,30,0,1,74,0,75,0,2,103,0,105,68,0,68,173
12/05/2009,HWD,CA,AWP,WE,Towers with Radar,0,2,27,0,29,0,0,133,0,133,0,2,160,0,162,224,0,224,386
12/06/2009,HWD,CA,AWP,WE,Towers with Radar,0,1,16,0,17,0,0,46,0,46,0,1,62,0,63,74,0,74,137
12/07/2009,HWD,CA,AWP,WE,Towers with Radar,0,2,10,0,12,0,3,56,0,59,0,5,66,0,71,70,0,70,141
12/08/2009,HWD,CA,AWP,WE,Towers with Radar,0,7,25,0,32,0,2,105,0,107,0,9,130,0,139,144,0,144,283
12/09/2009,HWD,CA,AWP,WE,Towers with Radar,0,3,16,0,19,0,1,125,0,126,0,4,141,0,145,58,0,58,203
12/10/2009,HWD,CA,AWP,WE,Towers with Radar,0,2,20,0,22,0,1,48,0,49,0,3,68,0,71,30,0,30,101
12/11/2009,HWD,CA,AWP,WE,Towers with Radar,0,5,16,0,21,0,1,6,0,7,0,6,22,0,28,36,0,36,64
12/12/2009,HWD,CA,AWP,WE,Towers with Radar,0,3,9,0,12,0,0,11,0,11,0,3,20,0,23,16,0,16,39
12/13/2009,HWD,CA,AWP,WE,Towers with Radar,0,2,12,0,14,0,0,14,0,14,0,2,26,0,28,40,0,40,68
12/14/2009,HWD,CA,AWP,WE,Towers with Radar,0,7,16,0,23,0,2,138,0,140,0,9,154,0,163,172,0,172,335
12/15/2009,HWD,CA,AWP,WE,Towers with Radar,0,8,18,0,26,0,1,81,0,82,0,9,99,0,108,16,0,16,124
12/16/2009,HWD,CA,AWP,WE,Towers with Radar,0,1,28,0,29,0,1,51,0,52,0,2,79,0,81,21,0,21,102
12/17/2009,HWD,CA,AWP,WE,Towers with Radar,0,8,20,0,28,0,1,114,0,115,0,9,134,0,143,66,0,66,209
12/18/2009,HWD,CA,AWP,WE,Towers with Radar,0,1,24,0,25,0,1,133,0,134,0,2,157,0,159,82,0,82,241
12/19/2009,HWD,CA,AWP,WE,Towers with Radar,0,1,18,0,19,0,0,67,0,67,0,1,85,0,86,156,0,156,242
12/20/2009,HWD,CA,AWP,WE,Towers with Radar,0,0,15,0,15,115,0,107,0,222,115,0,122,0,237,114,0,114,351
12/21/2009,HWD,CA,AWP,WE,Towers with Radar,0,2,16,0,18,0,0,38,0,38,0,2,54,0,56,68,0,68,124
12/22/2009,HWD,CA,AWP,WE,Towers with Radar,0,6,17,0,23,0,1,102,0,103,0,7,119,0,126,114,0,114,240
12/23/2009,HWD,CA,AWP,WE,Towers with Radar,0,3,15,0,18,0,1,148,0,149,0,4,163,0,167,100,0,100,267
12/24/2009,HWD,CA,AWP,WE,Towers with Radar,0,0,8,0,8,0,2,87,0,89,0,2,95,0,97,68,0,68,165
12/25/2009,HWD,CA,AWP,WE,Towers with Radar,0,0,5,0,5,0,0,20,0,20,0,0,25,0,25,0,0,0,25
12/26/2009,HWD,CA,AWP,WE,Towers with Radar,0,0,12,0,12,0,0,31,0,31,0,0,43,0,43,140,0,140,183
12/27/2009,HWD,CA,AWP,WE,Towers with Radar,0,0,20,0,20,0,0,75,0,75,0,0,95,0,95,198,0,198,293
12/28/2009,HWD,CA,AWP,WE,Towers with Radar,0,2,13,0,15,0,1,55,0,56,0,3,68,0,71,54,0,54,125
12/29/2009,HWD,CA,AWP,WE,Towers with Radar,0,4,13,0,17,0,1,113,0,114,0,5,126,0,131,188,0,188,319
12/30/2009,HWD,CA,AWP,WE,Towers with Radar,0,3,11,0,14,0,1,84,0,85,0,4,95,0,99,62,0,62,161
12/31/2009,HWD,CA,AWP,WE,Towers with Radar,0,2,5,0,7,0,1,97,0,98,0,3,102,0,105,170,0,170,275
01/01/2010,HWD,CA,AWP,WE,Towers with Radar,0,0,9,0,9,0,0,19,0,19,0,0,28,0,28,21,0,21,49
01/02/2010,HWD,CA,AWP,WE,Towers with Radar,0,0,32,0,32,0,0,59,0,59,0,0,91,0,91,142,0,142,233
01/03/2010,HWD,CA,AWP,WE,Towers with Radar,0,5,24,0,29,0,0,99,0,99,0,5,123,0,128,152,0,152,280
01/04/2010,HWD,CA,AWP,WE,Towers with Radar,0,4,16,0,20,0,1,80,0,81,0,5,96,0,101,136,0,136,237
01/05/2010,HWD,CA,AWP,WE,Towers with Radar,0,3,19,0,22,0,0,109,0,109,0,3,128,0,131,116,0,116,247
01/06/2010,HWD,CA,AWP,WE,Towers with Radar,0,3,10,0,13,0,1,96,0,97,0,4,106,0,110,80,0,80,190
01/07/2010,HWD,CA,AWP,WE,Towers with Radar,0,6,28,0,34,0,0,72,0,72,0,6,100,0,106,174,0,174,280
01/08/2010,HWD,CA,AWP,WE,Towers with Radar,0,1,34,0,35,0,1,98,0,99,0,2,132,0,134,62,0,62,196
01/09/2010,HWD,CA,AWP,WE,Towers with Radar,0,2,13,0,15,0,0,64,0,64,0,2,77,0,79,262,0,262,341
01/10/2010,HWD,CA,AWP,WE,Towers with Radar,0,1,25,0,26,0,0,91,0,91,0,1,116,0,117,240,0,240,357
01/11/2010,HWD,CA,AWP,WE,Towers with Radar,0,7,14,0,21,0,1,53,0,54,0,8,67,0,75,74,0,74,149
01/12/2010,HWD,CA,AWP,WE,Towers with Radar,0,5,17,0,22,0,1,48,0,49,0,6,65,0,71,40,0,40,111
01/13/2010,HWD,CA,AWP,WE,Towers with Radar,0,3,17,0,20,0,1,69,0,70,0,4,86,0,90,138,0,138,228
01/14/2010,HWD,CA,AWP,WE,Towers with Radar,0,2,19,0,21,0,2,100,0,102,0,4,119,0,123,80,0,80,203
01/15/2010,HWD,CA,AWP,WE,Towers with Radar,0,4,28,0,32,0,1,106,0,107,0,5,134,0,139,168,15,183,322
01/16/2010,HWD,CA,AWP,WE,Towers with Radar,0,0,9,0,9,0,0,76,0,76,0,0,85,0,85,264,0,264,349
01/17/2010,HWD,CA,AWP,WE,Towers with Radar,0,1,12,0,13,0,0,6,0,6,0,1,18,0,19,8,0,8,27
01/18/2010,HWD,CA,AWP,WE,Towers with Radar,0,3,13,0,16,0,0,3,0,3,0,3,16,0,19,2,0,2,21
01/19/2010,HWD,CA,AWP,WE,Towers with Radar,0,1,10,0,11,0,12,0,0,12,0,13,10,0,23,0,0,0,23
01/20/2010,HWD,CA,AWP,WE,Towers with Radar,0,4,13,0,17,0,0,15,0,15,0,4,28,0,32,0,0,0,32
01/21/2010,HWD,CA,AWP,WE,Towers with Radar,0,5,9,0,14,0,0,3,0,3,0,5,12,0,17,2,0,2,19
01/22/2010,HWD,CA,AWP,WE,Towers with Radar,0,3,14,0,17,0,1,36,0,37,0,4,50,0,54,24,0,24,78
01/23/2010,HWD,CA,AWP,WE,Towers with Radar,0,0,15,0,15,0,0,85,0,85,0,0,100,0,100,134,0,134,234
01/24/2010,HWD,CA,AWP,WE,Towers with Radar,0,0,10,0,10,0,0,53,0,53,0,0,63,0,63,118,0,118,181
01/25/2010,HWD,CA,AWP,WE,Towers with Radar,0,2,18,0,20,0,1,35,0,36,0,3,53,0,56,16,0,16,72
01/26/2010,HWD,CA,AWP,WE,Towers with Radar,0,5,16,1,22,0,1,38,0,39,0,6,54,1,61,46,0,46,107
01/27/2010,HWD,CA,AWP,WE,Towers with Radar,0,4,30,0,34,0,1,58,0,59,0,5,88,0,93,102,0,102,195
01/28/2010,HWD,CA,AWP,WE,Towers with Radar,0,0,24,0,24,0,2,93,0,95,0,2,117,0,119,126,0,126,245
01/29/2010,HWD,CA,AWP,WE,Towers with Radar,0,2,25,0,27,0,1,70,0,71,0,3,95,0,98,37,0,37,135
01/30/2010,HWD,CA,AWP,WE,Towers with Radar,0,3,15,0,18,0,0,110,1,111,0,3,125,1,129,176,0,176,305
01/31/2010,HWD,CA,AWP,WE,Towers with Radar,0,2,14,0,16,0,0,170,0,170,0,2,184,0,186,242,0,242,428
02/01/2010,HWD,CA,AWP,WE,Towers with Radar,0,4,10,0,14,0,1,99,0,100,0,5,109,0,114,66,0,66,180
02/02/2010,HWD,CA,AWP,WE,Towers with Radar,0,5,8,0,13,0,1,84,0,85,0,6,92,0,98,44,0,44,142
02/03/2010,HWD,CA,AWP,WE,Towers with Radar,0,5,17,0,22,0,1,103,0,104,0,6,120,0,126,94,0,94,220
02/04/2010,HWD,CA,AWP,WE,Towers with Radar,0,8,27,0,35,0,2,58,0,60,0,10,85,0,95,58,0,58,153
02/05/2010,HWD,CA,AWP,WE,Towers with Radar,0,1,24,0,25,0,1,59,0,60,0,2,83,0,85,46,0,46,131
02/06/2010,HWD,CA,AWP,WE,Towers with Radar,0,1,8,0,9,0,0,41,0,41,0,1,49,0,50,136,0,136,186
02/07/2010,HWD,CA,AWP,WE,Towers with Radar,0,2,11,0,13,0,0,101,1,102,0,2,112,1,115,226,0,226,341
02/08/2010,HWD,CA,AWP,WE,Towers with Radar,0,4,21,0,25,0,1,87,0,88,0,5,108,0,113,84,0,84,197
02/09/2010,HWD,CA,AWP,WE,Towers with Radar,0,2,10,0,12,0,5,59,0,64,0,7,69,0,76,56,0,56,132
02/10/2010,HWD,CA,AWP,WE,Towers with Radar,0,3,28,0,31,0,1,110,0,111,0,4,138,0,142,146,0,146,288
02/11/2010,HWD,CA,AWP,WE,Towers with Radar,0,3,15,0,18,0,1,122,0,123,0,4,137,0,141,72,0,72,213
02/12/2010,HWD,CA,AWP,WE,Towers with Radar,0,7,24,0,31,0,1,63,0,64,0,8,87,0,95,38,0,38,133
02/13/2010,HWD,CA,AWP,WE,Towers with Radar,0,2,14,0,16,0,0,134,0,134,0,2,148,0,150,240,0,240,390
02/14/2010,HWD,CA,AWP,WE,Towers with Radar,0,2,14,0,16,0,0,69,0,69,0,2,83,0,85,116,0,116,201
02/15/2010,HWD,CA,AWP,WE,Towers with Radar,0,5,26,0,31,0,1,182,0,183,0,6,208,0,214,164,0,164,378
02/16/2010,HWD,CA,AWP,WE,Towers with Radar,0,1,12,0,13,0,2,83,0,85,0,3,95,0,98,61,0,61,159
02/17/2010,HWD,CA,AWP,WE,Towers with Radar,0,3,24,0,27,0,1,80,0,81,0,4,104,0,108,72,0,72,180
02/18/2010,HWD,CA,AWP,WE,Towers with Radar,0,3,26,0,29,0,0,1,0,1,0,3,27,0,30,0,0,0,30
02/19/2010,HWD,CA,AWP,WE,Towers with Radar,0,2,23,0,25,0,1,100,0,101,0,3,123,0,126,134,0,134,260
02/20/2010,HWD,CA,AWP,WE,Towers with Radar,0,6,31,0,37,0,0,71,0,71,0,6,102,0,108,218,0,218,326
02/21/2010,HWD,CA,AWP,WE,Towers with Radar,0,2,21,0,23,0,0,14,0,14,0,2,35,0,37,12,0,12,49
02/22/2010,HWD,CA,AWP,WE,Towers with Radar,0,2,21,0,23,0,0,173,0,173,0,2,194,0,196,114,0,114,310
02/23/2010,HWD,CA,AWP,WE,Towers with Radar,0,1,8,0,9,0,0,40,0,40,0,1,48,0,49,14,0,14,63
02/24/2010,HWD,CA,AWP,WE,Towers with Radar,0,3,25,0,28,0,1,51,0,52,0,4,76,0,80,56,0,56,136
02/25/2010,HWD,CA,AWP,WE,Towers with Radar,0,3,19,0,22,0,1,71,0,72,0,4,90,0,94,94,0,94,188
02/26/2010,HWD,CA,AWP,WE,Towers with Radar,0,3,11,0,14,0,1,24,0,25,0,4,35,0,39,12,0,12,51
02/27/2010,HWD,CA,AWP,WE,Towers with Radar,0,0,12,0,12,0,0,70,0,70,0,0,82,0,82,86,0,86,168
02/28/2010,HWD,CA,AWP,WE,Towers with Radar,0,2,14,0,16,0,0,128,0,128,0,2,142,0,144,126,0,126,270
03/01/2010,HWD,CA,AWP,WE,Towers with Radar,0,5,18,0,23,0,1,88,0,89,0,6,106,0,112,126,0,126,238
03/02/2010,HWD,CA,AWP,WE,Towers with Radar,0,4,11,0,15,0,0,33,0,33,0,4,44,0,48,26,0,26,74
03/03/2010,HWD,CA,AWP,WE,Towers with Radar,0,4,27,0,31,0,1,33,0,34,0,5,60,0,65,12,0,12,77
03/04/2010,HWD,CA,AWP,WE,Towers with Radar,0,3,31,0,34,0,1,110,0,111,0,4,141,0,145,190,0,190,335
03/05/2010,HWD,CA,AWP,WE,Towers with Radar,0,3,18,0,21,0,1,83,0,84,0,4,101,0,105,124,0,124,229
03/06/2010,HWD,CA,AWP,WE,Towers with Radar,0,8,0,0,8,0,0,115,0,115,0,8,115,0,123,140,0,140,263
03/07/2010,HWD,CA,AWP,WE,Towers with Radar,0,0,40,0,40,0,0,88,0,88,0,0,128,0,128,112,0,112,240
03/08/2010,HWD,CA,AWP,WE,Towers with Radar,0,4,13,0,17,0,1,71,0,72,0,5,84,0,89,6,0,6,95
03/09/2010,HWD,CA,AWP,WE,Towers with Radar,0,2,16,0,18,0,2,106,0,108,0,4,122,0,126,43,0,43,169
03/10/2010,HWD,CA,AWP,WE,Towers with Radar,0,0,7,0,7,0,0,118,0,118,0,0,125,0,125,90,0,90,215
03/11/2010,HWD,CA,AWP,WE,Towers with Radar,0,3,12,0,15,0,3,122,0,125,0,6,134,0,140,114,0,114,254
03/12/2010,HWD,CA,AWP,WE,Towers with Radar,0,2,10,0,12,0,1,24,0,25,0,3,34,0,37,14,0,14,51
03/13/2010,HWD,CA,AWP,WE,Towers with Radar,0,2,7,0,9,0,1,130,0,131,0,3,137,0,140,168,0,168,308
03/14/2010,HWD,CA,AWP,WE,Towers with Radar,0,1,13,0,14,0,0,154,0,154,0,1,167,0,168,136,0,136,304
03/15/2010,HWD,CA,AWP,WE,Towers with Radar,0,3,15,0,18,0,2,137,0,139,0,5,152,0,157,152,0,152,309
03/16/2010,HWD,CA,AWP,WE,Towers with Radar,0,2,10,1,13,0,2,105,0,107,0,4,115,1,120,86,0,86,206
03/17/2010,HWD,CA,AWP,WE,Towers with Radar,0,7,17,0,24,0,2,114,0,116,0,9,131,0,140,42,0,42,182
03/18/2010,HWD,CA,AWP,WE,Towers with Radar,0,4,19,0,23,0,2,92,0,94,0,6,111,0,117,88,0,88,205
03/19/2010,HWD,CA,AWP,WE,Towers with Radar,0,3,15,0,18,0,0,121,4,125,0,3,136,4,143,296,0,296,439
03/20/2010,HWD,CA,AWP,WE,Towers with Radar,0,4,9,0,13,0,0,112,0,112,0,4,121,0,125,116,0,116,241
03/21/2010,HWD,CA,AWP,WE,Towers with Radar,0,3,26,0,29,0,0,138,0,138,0,3,164,0,167,130,0,130,297
03/22/2010,HWD,CA,AWP,WE,Towers with Radar,0,1,12,0,13,0,1,94,0,95,0,2,106,0,108,126,0,126,234
03/23/2010,HWD,CA,AWP,WE,Towers with Radar,0,5,22,2,29,0,101,0,0,101,0,106,22,2,130,34,0,34,164
03/24/2010,HWD,CA,AWP,WE,Towers with Radar,0,4,21,0,25,0,0,121,0,121,0,4,142,0,146,62,0,62,208
03/25/2010,HWD,CA,AWP,WE,Towers with Radar,0,2,19,0,21,0,1,64,0,65,0,3,83,0,86,74,0,74,160
03/26/2010,HWD,CA,AWP,WE,Towers with Radar,0,4,18,0,22,0,1,126,0,127,0,5,144,0,149,80,0,80,229
03/27/2010,HWD,CA,AWP,WE,Towers with Radar,0,0,14,0,14,0,0,129,0,129,0,0,143,0,143,174,0,174,317
03/28/2010,HWD,CA,AWP,WE,Towers with Radar,0,3,20,0,23,0,0,119,0,119,0,3,139,0,142,134,0,134,276
03/29/2010,HWD,CA,AWP,WE,Towers with Radar,0,3,25,0,28,0,0,65,1,66,0,3,90,1,94,122,0,122,216
03/30/2010,HWD,CA,AWP,WE,Towers with Radar,0,10,9,0,19,0,3,61,0,64,0,13,70,0,83,30,0,30,113
03/31/2010,HWD,CA,AWP,WE,Towers with Radar,0,4,17,0,21,0,2,70,0,72,0,6,87,0,93,92,0,92,185
04/01/2010,HWD,CA,AWP,WE,Towers with Radar,0,6,19,0,25,0,6,83,0,89,0,12,102,0,114,98,0,98,212
04/02/2010,HWD,CA,AWP,WE,Towers with Radar,0,5,15,0,20,0,1,44,0,45,0,6,59,0,65,8,0,8,73
04/03/2010,HWD,CA,AWP,WE,Towers with Radar,0,2,18,0,20,0,0,126,0,126,0,2,144,0,146,154,0,154,300
04/04/2010,HWD,CA,AWP,WE,Towers with Radar,0,4,7,0,11,0,0,1,0,1,0,4,8,0,12,2,0,2,14
04/05/2010,HWD,CA,AWP,WE,Towers with Radar,0,2,14,0,16,0,2,59,0,61,0,4,73,0,77,54,0,54,131
04/06/2010,HWD,CA,AWP,WE,Towers with Radar,0,1,19,0,20,0,0,114,0,114,0,1,133,0,134,40,0,40,174
04/07/2010,HWD,CA,AWP,WE,Towers with Radar,0,4,15,0,19,0,1,138,0,139,0,5,153,0,158,158,0,158,316
04/08/2010,HWD,CA,AWP,WE,Towers with Radar,0,5,9,0,14,0,1,108,0,109,0,6,117,0,123,88,0,88,211
04/09/2010,HWD,CA,AWP,WE,Towers with Radar,0,1,14,0,15,0,1,129,0,130,0,2,143,0,145,102,0,102,247
04/10/2010,HWD,CA,AWP,WE,Towers with Radar,0,1,20,0,21,0,0,57,0,57,0,1,77,0,78,136,0,136,214
04/11/2010,HWD,CA,AWP,WE,Towers with Radar,0,2,5,0,7,0,0,1,0,1,0,2,6,0,8,0,0,0,8
04/12/2010,HWD,CA,AWP,WE,Towers with Radar,0,4,5,0,9,0,0,0,0,0,0,4,5,0,9,22,0,22,31
04/13/2010,HWD,CA,AWP,WE,Towers with Radar,0,8,21,0,29,0,0,115,0,115,0,8,136,0,144,106,0,106,250
04/14/2010,HWD,CA,AWP,WE,Towers with Radar,0,2,12,0,14,0,2,94,0,96,0,4,106,0,110,92,0,92,202
04/15/2010,HWD,CA,AWP,WE,Towers with Radar,0,2,13,0,15,0,0,123,0,123,0,2,136,0,138,72,0,72,210
04/16/2010,HWD,CA,AWP,WE,Towers with Radar,0,2,14,0,16,0,2,121,0,123,0,4,135,0,139,76,0,76,215
04/17/2010,HWD,CA,AWP,WE,Towers with Radar,0,0,19,0,19,0,0,115,0,115,0,0,134,0,134,66,0,66,200
04/18/2010,HWD,CA,AWP,WE,Towers with Radar,0,2,14,0,16,0,0,154,0,154,0,2,168,0,170,120,0,120,290
04/19/2010,HWD,CA,AWP,WE,Towers with Radar,0,1,21,0,22,0,2,118,0,120,0,3,139,0,142,56,0,56,198
04/20/2010,HWD,CA,AWP,WE,Towers with Radar,0,4,15,0,19,0,0,35,0,35,0,4,50,0,54,2,0,2,56
04/21/2010,HWD,CA,AWP,WE,Towers with Radar,0,3,19,0,22,0,2,53,0,55,0,5,72,0,77,20,0,20,97
04/22/2010,HWD,CA,AWP,WE,Towers with Radar,0,2,16,0,18,0,0,119,0,119,0,2,135,0,137,260,0,260,397
04/23/2010,HWD,CA,AWP,WE,Towers with Radar,0,3,15,0,18,0,1,144,0,145,0,4,159,0,163,192,0,192,355
04/24/2010,HWD,CA,AWP,WE,Towers with Radar,0,3,9,0,12,0,0,145,0,145,0,3,154,0,157,114,0,114,271
04/25/2010,HWD,CA,AWP,WE,Towers with Radar,0,3,11,0,14,0,0,163,0,163,0,3,174,0,177,98,0,98,275
04/26/2010,HWD,CA,AWP,WE,Towers with Radar,0,0,15,0,15,0,2,127,0,129,0,2,142,0,144,94,0,94,238
04/27/2010,HWD,CA,AWP,WE,Towers with Radar,0,3,15,0,18,0,0,22,0,22,0,3,37,0,40,44,0,44,84
04/28/2010,HWD,CA,AWP,WE,Towers with Radar,0,6,10,0,16,0,0,63,0,63,0,6,73,0,79,88,0,88,167
04/29/2010,HWD,CA,AWP,WE,Towers with Radar,0,2,23,0,25,0,0,127,0,127,0,2,150,0,152,114,0,114,266
04/30/2010,HWD,CA,AWP,WE,Towers with Radar,0,3,28,0,31,0,1,127,0,128,0,4,155,0,159,108,0,108,267
05/01/2010,HWD,CA,AWP,WE,Towers with Radar,0,0,10,0,10,0,0,157,0,157,0,0,167,0,167,86,0,86,253
05/02/2010,HWD,CA,AWP,WE,Towers with Radar,0,0,12,0,12,0,0,135,0,135,0,0,147,0,147,86,0,86,233
05/03/2010,HWD,CA,AWP,WE,Towers with Radar,0,4,13,0,17,0,2,152,0,154,0,6,165,0,171,122,0,122,293
05/04/2010,HWD,CA,AWP,WE,Towers with Radar,0,3,16,0,19,0,2,122,0,124,0,5,138,0,143,132,0,132,275
05/05/2010,HWD,CA,AWP,WE,Towers with Radar,0,3,28,0,31,0,1,159,0,160,0,4,187,0,191,114,0,114,305
05/06/2010,HWD,CA,AWP,WE,Towers with Radar,0,4,16,0,20,0,0,121,0,121,0,4,137,0,141,136,0,136,277
05/07/2010,HWD,CA,AWP,WE,Towers with Radar,0,7,13,0,20,0,0,127,0,127,0,7,140,0,147,182,0,182,329
05/08/2010,HWD,CA,AWP,WE,Towers with Radar,0,2,15,0,17,0,0,94,0,94,0,2,109,0,111,91,0,91,202
05/09/2010,HWD,CA,AWP,WE,Towers with Radar,0,4,21,0,25,0,0,62,0,62,0,4,83,0,87,182,0,182,269
05/10/2010,HWD,CA,AWP,WE,Towers with Radar,0,1,14,0,15,0,2,47,0,49,0,3,61,0,64,12,0,12,76
05/11/2010,HWD,CA,AWP,WE,Towers with Radar,0,2,19,0,21,0,0,159,0,159,0,2,178,0,180,144,0,144,324
05/12/2010,HWD,CA,AWP,WE,Towers with Radar,0,1,14,1,16,0,0,126,0,126,0,1,140,1,142,126,0,126,268
05/13/2010,HWD,CA,AWP,WE,Towers with Radar,0,2,18,0,20,0,2,116,0,118,0,4,134,0,138,214,0,214,352
05/14/2010,HWD,CA,AWP,WE,Towers with Radar,0,2,26,0,28,0,1,91,0,92,0,3,117,0,120,95,0,95,215
05/15/2010,HWD,CA,AWP,WE,Towers with Radar,0,1,19,0,20,0,0,99,0,99,0,1,118,0,119,186,0,186,305
05/16/2010,HWD,CA,AWP,WE,Towers with Radar,0,1,21,0,22,0,0,80,0,80,0,1,101,0,102,66,0,66,168
05/17/2010,HWD,CA,AWP,WE,Towers with Radar,0,4,10,0,14,0,1,47,0,48,0,5,57,0,62,40,0,40,102
05/18/2010,HWD,CA,AWP,WE,Towers with Radar,0,3,16,0,19,0,9,79,0,88,0,12,95,0,107,100,0,100,207
05/19/2010,HWD,CA,AWP,WE,Towers with Radar,0,1,17,0,18,0,0,93,0,93,0,1,110,0,111,108,0,108,219
05/20/2010,HWD,CA,AWP,WE,Towers with Radar,0,5,18,0,23,0,2,117,4,123,0,7,135,4,146,172,0,172,318
05/21/2010,HWD,CA,AWP,WE,Towers with Radar,0,3,11,0,14,0,2,113,0,115,0,5,124,0,129,232,0,232,361
05/22/2010,HWD,CA,AWP,WE,Towers with Radar,0,2,8,0,10,0,2,112,0,114,0,4,120,0,124,248,0,248,372
05/23/2010,HWD,CA,AWP,WE,Towers with Radar,0,3,16,0,19,0,0,110,0,110,0,3,126,0,129,88,0,88,217
05/24/2010,HWD,CA,AWP,WE,Towers with Radar,0,5,20,0,25,0,2,156,0,158,0,7,176,0,183,408,0,408,591
05/25/2010,HWD,CA,AWP,WE,Towers with Radar,0,4,25,0,29,0,0,42,0,42,0,4,67,0,71,12,0,12,83
05/26/2010,HWD,CA,AWP,WE,Towers with Radar,0,9,24,0,33,0,1,55,0,56,0,10,79,0,89,60,0,60,149
05/27/2010,HWD,CA,AWP,WE,Towers with Radar,0,3,13,0,16,0,1,50,0,51,0,4,63,0,67,72,0,72,139
05/28/2010,HWD,CA,AWP,WE,Towers with Radar,0,2,30,0,32,0,0,145,0,145,0,2,175,0,177,228,0,228,405
05/29/2010,HWD,CA,AWP,WE,Towers with Radar,0,1,11,0,12,0,0,145,0,145,0,1,156,0,157,120,0,120,277
05/30/2010,HWD,CA,AWP,WE,Towers with Radar,0,1,8,0,9,0,0,84,0,84,0,1,92,0,93,66,0,66,159
05/31/2010,HWD,CA,AWP,WE,Towers with Radar,0,2,27,0,29,0,0,122,0,122,0,2,149,0,151,210,0,210,361
06/01/2010,HWD,CA,AWP,WE,Towers with Radar,0,1,21,4,26,0,0,71,0,71,0,1,92,4,97,43,0,43,140
06/02/2010,HWD,CA,AWP,WE,Towers with Radar,0,7,21,0,28,0,3,130,0,133,0,10,151,0,161,112,0,112,273
06/03/2010,HWD,CA,AWP,WE,Towers with Radar,0,3,23,0,26,0,2,85,0,87,0,5,108,0,113,182,0,182,295
06/04/2010,HWD,CA,AWP,WE,Towers with Radar,0,5,13,0,18,0,3,104,0,107,0,8,117,0,125,146,0,146,271
06/05/2010,HWD,CA,AWP,WE,Towers with Radar,0,2,14,0,16,0,0,110,0,110,0,2,124,0,126,216,0,216,342
06/06/2010,HWD,CA,AWP,WE,Towers with Radar,0,4,14,0,18,0,0,76,0,76,0,4,90,0,94,34,0,34,128
06/07/2010,HWD,CA,AWP,WE,Towers with Radar,0,1,13,0,14,0,2,61,0,63,0,3,74,0,77,54,0,54,131
06/08/2010,HWD,CA,AWP,WE,Towers with Radar,0,4,9,0,13,0,0,55,0,55,0,4,64,0,68,62,0,62,130
06/09/2010,HWD,CA,AWP,WE,Towers with Radar,0,2,19,0,21,0,2,64,0,66,0,4,83,0,87,70,0,70,157
06/10/2010,HWD,CA,AWP,WE,Towers with Radar,0,3,18,0,21,0,5,138,0,143,0,8,156,0,164,180,0,180,344
06/11/2010,HWD,CA,AWP,WE,Towers with Radar,0,1,12,0,13,0,2,145,0,147,0,3,157,0,160,72,0,72,232
06/12/2010,HWD,CA,AWP,WE,Towers with Radar,0,1,7,0,8,0,0,60,0,60,0,1,67,0,68,52,0,52,120
06/13/2010,HWD,CA,AWP,WE,Towers with Radar,0,2,20,0,22,0,0,146,0,146,0,2,166,0,168,58,0,58,226
06/14/2010,HWD,CA,AWP,WE,Towers with Radar,0,4,18,0,22,0,3,141,0,144,0,7,159,0,166,98,0,98,264
06/15/2010,HWD,CA,AWP,WE,Towers with Radar,0,2,21,0,23,0,0,117,0,117,0,2,138,0,140,98,0,98,238
06/16/2010,HWD,CA,AWP,WE,Towers with Radar,0,1,14,0,15,0,3,109,0,112,0,4,123,0,127,84,0,84,211
06/17/2010,HWD,CA,AWP,WE,Towers with Radar,0,2,21,0,23,0,3,105,0,108,0,5,126,0,131,124,0,124,255
06/18/2010,HWD,CA,AWP,WE,Towers with Radar,0,3,23,0,26,0,0,98,0,98,0,3,121,0,124,56,0,56,180
06/19/2010,HWD,CA,AWP,WE,Towers with Radar,0,3,18,0,21,0,0,96,0,96,0,3,114,0,117,20,0,20,137
06/20/2010,HWD,CA,AWP,WE,Towers with Radar,0,4,13,0,17,0,0,114,0,114,0,4,127,0,131,114,0,114,245
06/21/2010,HWD,CA,AWP,WE,Towers with Radar,0,6,5,0,11,0,2,125,0,127,0,8,130,0,138,154,0,154,292
06/22/2010,HWD,CA,AWP,WE,Towers with Radar,0,3,18,0,21,0,0,130,0,130,0,3,148,0,151,122,0,122,273
06/23/2010,HWD,CA,AWP,WE,Towers with Radar,0,3,24,0,27,0,2,106,0,108,0,5,130,0,135,112,0,112,247
06/24/2010,HWD,CA,AWP,WE,Towers with Radar,0,1,28,0,29,0,0,23,0,23,0,1,51,0,52,14,0,14,66
06/25/2010,HWD,CA,AWP,WE,Towers with Radar,0,3,34,0,37,0,0,90,0,90,0,3,124,0,127,190,0,190,317
06/26/2010,HWD,CA,AWP,WE,Towers with Radar,0,2,11,0,13,0,0,163,0,163,0,2,174,0,176,204,0,204,380
06/27/2010,HWD,CA,AWP,WE,Towers with Radar,0,6,18,0,24,0,0,183,0,183,0,6,201,0,207,136,0,136,343
06/28/2010,HWD,CA,AWP,WE,Towers with Radar,0,3,12,0,15,0,4,113,0,117,0,7,125,0,132,114,0,114,246
06/29/2010,HWD,CA,AWP,WE,Towers with Radar,0,2,19,0,21,0,0,118,0,118,0,2,137,0,139,134,0,134,273
06/30/2010,HWD,CA,AWP,WE,Towers with Radar,0,2,10,0,12,0,2,109,0,111,0,4,119,0,123,142,0,142,265
07/01/2010,HWD,CA,AWP,WE,Towers with Radar,0,2,14,0,16,0,2,113,0,115,0,4,127,0,131,82,0,82,213
07/02/2010,HWD,CA,AWP,WE,Towers with Radar,0,1,11,0,12,0,2,124,0,126,0,3,135,0,138,186,0,186,324
07/03/2010,HWD,CA,AWP,WE,Towers with Radar,0,4,6,0,10,0,0,114,0,114,0,4,120,0,124,122,0,122,246
07/04/2010,HWD,CA,AWP,WE,Towers with Radar,0,0,3,0,3,0,0,58,0,58,0,0,61,0,61,28,0,28,89
07/05/2010,HWD,CA,AWP,WE,Towers with Radar,0,3,10,0,13,0,0,134,0,134,0,3,144,0,147,176,0,176,323
07/06/2010,HWD,CA,AWP,WE,Towers with Radar,0,2,18,0,20,0,2,69,0,71,0,4,87,0,91,106,0,106,197
07/07/2010,HWD,CA,AWP,WE,Towers with Radar,0,2,19,0,21,0,5,114,0,119,0,7,133,0,140,100,0,100,240
07/08/2010,HWD,CA,AWP,WE,Towers with Radar,0,0,28,0,28,0,0,138,0,138,0,0,166,0,166,168,0,168,334
07/09/2010,HWD,CA,AWP,WE,Towers with Radar,0,2,27,0,29,0,2,103,0,105,0,4,130,0,134,102,0,102,236
07/10/2010,HWD,CA,AWP,WE,Towers with Radar,0,0,22,0,22,0,0,159,0,159,0,0,181,0,181,24,0,24,205
07/11/2010,HWD,CA,AWP,WE,Towers with Radar,0,2,16,0,18,0,0,80,0,80,0,2,96,0,98,154,0,154,252
07/12/2010,HWD,CA,AWP,WE,Towers with Radar,0,2,14,0,16,0,2,101,0,103,0,4,115,0,119,136,0,136,255
07/13/2010,HWD,CA,AWP,WE,Towers with Radar,0,2,0,0,2,0,0,106,0,106,0,2,106,0,108,140,0,140,248
07/14/2010,HWD,CA,AWP,WE,Towers with Radar,0,3,19,0,22,0,0,167,0,167,0,3,186,0,189,216,0,216,405
07/15/2010,HWD,CA,AWP,WE,Towers with Radar,0,4,11,0,15,0,2,117,0,119,0,6,128,0,134,180,0,180,314
07/16/2010,HWD,CA,AWP,WE,Towers with Radar,0,2,15,0,17,0,2,131,0,133,0,4,146,0,150,212,0,212,362
07/17/2010,HWD,CA,AWP,WE,Towers with Radar,0,0,15,0,15,0,0,159,0,159,0,0,174,0,174,168,0,168,342
07/18/2010,HWD,CA,AWP,WE,Towers with Radar,0,3,21,0,24,0,0,135,0,135,0,3,156,0,159,112,0,112,271
07/19/2010,HWD,CA,AWP,WE,Towers with Radar,0,3,17,0,20,0,2,109,0,111,0,5,126,0,131,136,0,136,267
07/20/2010,HWD,CA,AWP,WE,Towers with Radar,0,21,0,0,21,0,0,0,0,0,0,21,0,0,21,282,0,282,303
07/21/2010,HWD,CA,AWP,WE,Towers with Radar,0,3,19,0,22,0,0,138,0,138,0,3,157,0,160,232,0,232,392
07/22/2010,HWD,CA,AWP,WE,Towers with Radar,0,3,24,0,27,0,0,102,0,102,0,3,126,0,129,242,0,242,371
07/23/2010,HWD,CA,AWP,WE,Towers with Radar,0,4,12,0,16,0,2,145,0,147,0,6,157,0,163,128,0,128,291
07/24/2010,HWD,CA,AWP,WE,Towers with Radar,0,0,21,0,21,0,0,100,0,100,0,0,121,0,121,144,0,144,265
07/25/2010,HWD,CA,AWP,WE,Towers with Radar,0,4,15,0,19,0,0,83,0,83,0,4,98,0,102,136,0,136,238
07/26/2010,HWD,CA,AWP,WE,Towers with Radar,0,1,36,0,37,0,1,76,0,77,0,2,112,0,114,118,0,118,232
07/27/2010,HWD,CA,AWP,WE,Towers with Radar,0,3,13,0,16,0,2,111,0,113,0,5,124,0,129,150,0,150,279
07/28/2010,HWD,CA,AWP,WE,Towers with Radar,0,3,13,0,16,0,0,103,0,103,0,3,116,0,119,94,0,94,213
07/29/2010,HWD,CA,AWP,WE,Towers with Radar,0,3,23,0,26,0,2,90,0,92,0,5,113,0,118,162,0,162,280
07/30/2010,HWD,CA,AWP,WE,Towers with Radar,0,2,20,0,22,0,3,71,0,74,0,5,91,0,96,182,0,182,278
07/31/2010,HWD,CA,AWP,WE,Towers with Radar,0,1,12,0,13,0,0,102,0,102,0,1,114,0,115,246,0,246,361
08/01/2010,HWD,CA,AWP,WE,Towers with Radar,0,2,17,0,19,0,0,72,0,72,0,2,89,0,91,112,0,112,203
08/02/2010,HWD,CA,AWP,WE,Towers with Radar,0,1,18,0,19,0,2,92,0,94,0,3,110,0,113,66,0,66,179
08/03/2010,HWD,CA,AWP,WE,Towers with Radar,0,5,14,0,19,0,0,92,0,92,0,5,106,0,111,150,0,150,261
08/04/2010,HWD,CA,AWP,WE,Towers with Radar,0,1,37,0,38,0,2,89,0,91,0,3,126,0,129,118,0,118,247
08/05/2010,HWD,CA,AWP,WE,Towers with Radar,0,2,21,0,23,0,0,77,0,77,0,2,98,0,100,176,0,176,276
08/06/2010,HWD,CA,AWP,WE,Towers with Radar,0,2,19,0,21,0,2,107,0,109,0,4,126,0,130,128,0,128,258
08/07/2010,HWD,CA,AWP,WE,Towers with Radar,0,0,24,0,24,0,0,99,0,99,0,0,123,0,123,250,0,250,373
08/08/2010,HWD,CA,AWP,WE,Towers with Radar,0,5,29,0,34,0,0,113,0,113,0,5,142,0,147,146,0,146,293
08/09/2010,HWD,CA,AWP,WE,Towers with Radar,0,3,25,0,28,0,3,123,0,126,0,6,148,0,154,80,0,80,234
08/10/2010,HWD,CA,AWP,WE,Towers with Radar,0,1,22,0,23,0,2,106,0,108,0,3,128,0,131,118,0,118,249
08/11/2010,HWD,CA,AWP,WE,Towers with Radar,0,6,29,0,35,0,0,73,0,73,0,6,102,0,108,104,0,104,212
08/12/2010,HWD,CA,AWP,WE,Towers with Radar,0,3,18,0,21,0,0,103,0,103,0,3,121,0,124,110,0,110,234
08/13/2010,HWD,CA,AWP,WE,Towers with Radar,0,10,18,0,28,0,1,125,0,126,0,11,143,0,154,166,0,166,320
08/14/2010,HWD,CA,AWP,WE,Towers with Radar,0,2,18,0,20,0,0,96,0,96,0,2,114,0,116,212,0,212,328
08/15/2010,HWD,CA,AWP,WE,Towers with Radar,0,5,33,0,38,0,0,150,0,150,0,5,183,0,188,136,0,136,324
08/16/2010,HWD,CA,AWP,WE,Towers with Radar,0,3,19,0,22,0,0,80,0,80,0,3,99,0,102,152,0,152,254
08/17/2010,HWD,CA,AWP,WE,Towers with Radar,0,2,24,0,26,0,5,84,0,89,0,7,108,0,115,82,0,82,197
08/18/2010,HWD,CA,AWP,WE,Towers with Radar,0,2,21,0,23,0,3,130,0,133,0,5,151,0,156,196,0,196,352
08/19/2010,HWD,CA,AWP,WE,Towers with Radar,0,6,21,0,27,0,2,104,0,106,0,8,125,0,133,190,0,190,323
08/20/2010,HWD,CA,AWP,WE,Towers with Radar,0,5,23,0,28,0,0,108,0,108,0,5,131,0,136,256,0,256,392
08/21/2010,HWD,CA,AWP,WE,Towers with Radar,0,1,20,0,21,0,0,75,0,75,0,1,95,0,96,142,0,142,238
08/22/2010,HWD,CA,AWP,WE,Towers with Radar,0,2,10,0,12,0,0,145,0,145,0,2,155,0,157,68,0,68,225
08/23/2010,HWD,CA,AWP,WE,Towers with Radar,0,5,23,0,28,0,2,132,0,134,0,7,155,0,162,72,0,72,234
08/24/2010,HWD,CA,AWP,WE,Towers with Radar,0,4,6,0,10,0,2,130,0,132,0,6,136,0,142,204,0,204,346
08/25/2010,HWD,CA,AWP,WE,Towers with Radar,0,4,7,0,11,0,0,122,1,123,0,4,129,1,134,188,0,188,322
08/26/2010,HWD,CA,AWP,WE,Towers with Radar,0,6,18,0,24,0,0,124,0,124,0,6,142,0,148,298,0,298,446
08/27/2010,HWD,CA,AWP,WE,Towers with Radar,0,1,15,0,16,0,1,144,0,145,0,2,159,0,161,198,0,198,359
08/28/2010,HWD,CA,AWP,WE,Towers with Radar,0,2,6,0,8,0,0,79,0,79,0,2,85,0,87,94,0,94,181
08/29/2010,HWD,CA,AWP,WE,Towers with Radar,0,3,23,0,26,0,0,115,0,115,0,3,138,0,141,144,0,144,285
08/30/2010,HWD,CA,AWP,WE,Towers with Radar,0,1,23,0,24,0,0,82,0,82,0,1,105,0,106,84,0,84,190
08/31/2010,HWD,CA,AWP,WE,Towers with Radar,0,4,14,0,18,0,4,116,0,120,0,8,130,0,138,164,0,164,302
09/01/2010,HWD,CA,AWP,WE,Towers with Radar,0,1,19,0,20,0,2,157,0,159,0,3,176,0,179,244,0,244,423
09/02/2010,HWD,CA,AWP,WE,Towers with Radar,0,4,21,0,25,0,2,151,0,153,0,6,172,0,178,182,0,182,360
09/03/2010,HWD,CA,AWP,WE,Towers with Radar,0,1,12,0,13,0,2,134,0,136,0,3,146,0,149,118,0,118,267
09/04/2010,HWD,CA,AWP,WE,Towers with Radar,0,1,10,0,11,0,0,93,0,93,0,1,103,0,104,124,0,124,228
09/05/2010,HWD,CA,AWP,WE,Towers with Radar,0,1,5,0,6,0,112,0,0,112,0,113,5,0,118,160,0,160,278
09/06/2010,HWD,CA,AWP,WE,Towers with Radar,0,2,9,0,11,0,0,150,0,150,0,2,159,0,161,134,0,134,295
09/07/2010,HWD,CA,AWP,WE,Towers with Radar,0,2,18,1,21,0,1,103,0,104,0,3,121,1,125,116,0,116,241
09/08/2010,HWD,CA,AWP,WE,Towers with Radar,0,6,22,0,28,0,2,64,11,77,0,8,86,11,105,178,0,178,283
09/09/2010,HWD,CA,AWP,WE,Towers with Radar,0,3,20,0,23,0,2,125,0,127,0,5,145,0,150,144,0,144,294
09/10/2010,HWD,CA,AWP,WE,Towers with Radar,0,3,15,0,18,0,1,121,0,122,0,4,136,0,140,110,0,110,250
09/11/2010,HWD,CA,AWP,WE,Towers with Radar,0,3,14,0,17,0,0,152,0,152,0,3,166,0,169,208,0,208,377
09/12/2010,HWD,CA,AWP,WE,Towers with Radar,0,4,16,0,20,0,0,144,0,144,0,4,160,0,164,182,0,182,346
09/13/2010,HWD,CA,AWP,WE,Towers with Radar,0,3,15,0,18,0,2,92,0,94,0,5,107,0,112,66,0,66,178
09/14/2010,HWD,CA,AWP,WE,Towers with Radar,0,3,17,0,20,0,8,123,0,131,0,11,140,0,151,64,0,64,215
09/15/2010,HWD,CA,AWP,WE,Towers with Radar,0,7,41,0,48,0,1,86,0,87,0,8,127,0,135,82,0,82,217
09/16/2010,HWD,CA,AWP,WE,Towers with Radar,0,2,15,0,17,0,0,95,0,95,0,2,110,0,112,87,0,87,199
09/17/2010,HWD,CA,AWP,WE,Towers with Radar,0,4,60,0,64,0,0,56,0,56,0,4,116,0,120,20,0,20,140
09/18/2010,HWD,CA,AWP,WE,Towers with Radar,0,2,11,0,13,0,0,92,0,92,0,2,103,0,105,166,0,166,271
09/19/2010,HWD,CA,AWP,WE,Towers with Radar,0,3,23,0,26,0,0,128,0,128,0,3,151,0,154,94,0,94,248
09/20/2010,HWD,CA,AWP,WE,Towers with Radar,0,4,19,0,23,0,2,118,0,120,0,6,137,0,143,96,0,96,239
09/21/2010,HWD,CA,AWP,WE,Towers with Radar,0,0,21,0,21,0,2,70,0,72,0,2,91,0,93,68,0,68,161
09/22/2010,HWD,CA,AWP,WE,Towers with Radar,0,2,18,0,20,0,0,112,0,112,0,2,130,0,132,28,0,28,160
09/23/2010,HWD,CA,AWP,WE,Towers with Radar,0,4,17,0,21,0,2,106,0,108,0,6,123,0,129,122,0,122,251
09/24/2010,HWD,CA,AWP,WE,Towers with Radar,0,4,10,0,14,0,1,188,0,189,0,5,198,0,203,134,2,136,339
09/25/2010,HWD,CA,AWP,WE,Towers with Radar,0,0,10,0,10,0,18,190,0,208,0,18,200,0,218,136,0,136,354
09/26/2010,HWD,CA,AWP,WE,Towers with Radar,0,0,18,0,18,0,0,163,0,163,0,0,181,0,181,146,0,146,327
09/27/2010,HWD,CA,AWP,WE,Towers with Radar,0,4,0,0,4,0,2,131,0,133,0,6,131,0,137,110,0,110,247
09/28/2010,HWD,CA,AWP,WE,Towers with Radar,0,4,10,0,14,0,0,104,0,104,0,4,114,0,118,60,0,60,178
09/29/2010,HWD,CA,AWP,WE,Towers with Radar,0,0,12,0,12,0,0,142,0,142,0,0,154,0,154,102,0,102,256
09/30/2010,HWD,CA,AWP,WE,Towers with Radar,0,1,11,0,12,0,0,136,0,136,0,1,147,0,148,92,0,92,240
10/01/2010,HWD,CA,AWP,WE,Towers with Radar,0,4,22,0,26,0,1,103,0,104,0,5,125,0,130,92,0,92,222
10/02/2010,HWD,CA,AWP,WE,Towers with Radar,0,5,10,1,16,0,0,134,0,134,0,5,144,1,150,138,0,138,288
10/03/2010,HWD,CA,AWP,WE,Towers with Radar,0,5,28,0,33,0,0,119,0,119,0,5,147,0,152,130,0,130,282
10/04/2010,HWD,CA,AWP,WE,Towers with Radar,0,3,11,4,18,0,2,80,0,82,0,5,91,4,100,42,0,42,142
10/05/2010,HWD,CA,AWP,WE,Towers with Radar,0,6,16,0,22,0,3,119,0,122,0,9,135,0,144,102,0,102,246
10/06/2010,HWD,CA,AWP,WE,Towers with Radar,0,5,15,0,20,0,1,126,0,127,0,6,141,0,147,88,0,88,235
10/07/2010,HWD,CA,AWP,WE,Towers with Radar,0,2,12,0,14,0,2,124,0,126,0,4,136,0,140,126,0,126,266
10/08/2010,HWD,CA,AWP,WE,Towers with Radar,0,6,24,0,30,0,0,142,0,142,0,6,166,0,172,82,0,82,254
10/09/2010,HWD,CA,AWP,WE,Towers with Radar,0,2,8,0,10,0,0,116,0,116,0,2,124,0,126,116,0,116,242
10/10/2010,HWD,CA,AWP,WE,Towers with Radar,0,4,11,0,15,0,0,99,0,99,0,4,110,0,114,132,0,132,246
10/11/2010,HWD,CA,AWP,WE,Towers with Radar,0,1,14,0,15,0,2,98,0,100,0,3,112,0,115,138,0,138,253
10/12/2010,HWD,CA,AWP,WE,Towers with Radar,0,3,13,0,16,0,2,153,0,155,0,5,166,0,171,210,0,210,381
10/13/2010,HWD,CA,AWP,WE,Towers with Radar,0,0,10,0,10,0,2,119,0,121,0,2,129,0,131,150,0,150,281
10/14/2010,HWD,CA,AWP,WE,Towers with Radar,0,3,16,0,19,0,2,142,0,144,0,5,158,0,163,96,0,96,259
10/15/2010,HWD,CA,AWP,WE,Towers with Radar,0,4,13,0,17,0,1,173,0,174,0,5,186,0,191,384,0,384,575
10/16/2010,HWD,CA,AWP,WE,Towers with Radar,0,1,10,0,11,0,0,166,0,166,0,1,176,0,177,214,0,214,391
10/17/2010,HWD,CA,AWP,WE,Towers with Radar,0,2,17,0,19,0,0,78,0,78,0,2,95,0,97,144,0,144,241
10/18/2010,HWD,CA,AWP,WE,Towers with Radar,0,5,15,0,20,0,0,106,0,106,0,5,121,0,126,114,0,114,240
10/19/2010,HWD,CA,AWP,WE,Towers with Radar,0,4,19,0,23,0,0,118,0,118,0,4,137,0,141,88,0,88,229
10/20/2010,HWD,CA,AWP,WE,Towers with Radar,0,2,20,0,22,0,0,97,0,97,0,2,117,0,119,112,0,112,231
10/21/2010,HWD,CA,AWP,WE,Towers with Radar,0,16,31,0,47,0,0,98,1,99,0,16,129,1,146,96,0,96,242
10/22/2010,HWD,CA,AWP,WE,Towers with Radar,0,5,29,0,34,0,0,74,0,74,0,5,103,0,108,38,0,38,146
10/23/2010,HWD,CA,AWP,WE,Towers with Radar,0,3,17,0,20,0,0,49,0,49,0,3,66,0,69,96,0,96,165
10/24/2010,HWD,CA,AWP,WE,Towers with Radar,0,5,17,0,22,0,0,5,0,5,0,5,22,0,27,0,0,0,27
10/25/2010,HWD,CA,AWP,WE,Towers with Radar,0,2,14,0,16,0,0,95,0,95,0,2,109,0,111,126,0,126,237
10/26/2010,HWD,CA,AWP,WE,Towers with Radar,0,2,11,0,13,0,0,135,0,135,0,2,146,0,148,88,0,88,236
10/27/2010,HWD,CA,AWP,WE,Towers with Radar,0,2,22,0,24,0,0,157,0,157,0,2,179,0,181,154,0,154,335
10/28/2010,HWD,CA,AWP,WE,Towers with Radar,0,3,8,0,11,0,0,126,0,126,0,3,134,0,137,85,0,85,222
10/29/2010,HWD,CA,AWP,WE,Towers with Radar,0,2,10,0,12,0,0,79,0,79,0,2,89,0,91,60,0,60,151
10/30/2010,HWD,CA,AWP,WE,Towers with Radar,0,1,14,0,15,0,0,46,0,46,0,1,60,0,61,124,0,124,185
10/31/2010,HWD,CA,AWP,WE,Towers with Radar,0,2,13,0,15,0,0,154,0,154,0,2,167,0,169,180,0,180,349
11/01/2010,HWD,CA,AWP,WE,Towers with Radar,0,3,11,0,14,0,0,120,0,120,0,3,131,0,134,30,0,30,164
11/02/2010,HWD,CA,AWP,WE,Towers with Radar,0,5,11,0,16,0,0,127,0,127,0,5,138,0,143,100,0,100,243
11/03/2010,HWD,CA,AWP,WE,Towers with Radar,0,5,18,0,23,0,0,168,0,168,0,5,186,0,191,148,0,148,339
11/04/2010,HWD,CA,AWP,WE,Towers with Radar,0,4,12,0,16,0,0,146,0,146,0,4,158,0,162,168,0,168,330
11/05/2010,HWD,CA,AWP,WE,Towers with Radar,0,3,13,0,16,0,0,131,0,131,0,3,144,0,147,124,0,124,271
11/06/2010,HWD,CA,AWP,WE,Towers with Radar,0,2,11,0,13,0,0,119,0,119,0,2,130,0,132,184,0,184,316
11/07/2010,HWD,CA,AWP,WE,Towers with Radar,0,5,12,0,17,0,0,17,0,17,0,5,29,0,34,52,0,52,86
11/08/2010,HWD,CA,AWP,WE,Towers with Radar,0,3,17,0,20,0,1,124,0,125,0,4,141,0,145,82,0,82,227
11/09/2010,HWD,CA,AWP,WE,Towers with Radar,0,7,11,0,18,0,1,125,0,126,0,8,136,0,144,117,0,117,261
11/10/2010,HWD,CA,AWP,WE,Towers with Radar,0,5,16,0,21,0,3,116,0,119,0,8,132,0,140,190,0,190,330
11/11/2010,HWD,CA,AWP,WE,Towers with Radar,0,4,15,0,19,0,0,120,0,120,0,4,135,0,139,134,0,134,273
11/12/2010,HWD,CA,AWP,WE,Towers with Radar,0,3,10,0,13,0,1,124,0,125,0,4,134,0,138,68,0,68,206
11/13/2010,HWD,CA,AWP,WE,Towers with Radar,0,2,13,0,15,0,0,137,0,137,0,2,150,0,152,104,0,104,256
11/14/2010,HWD,CA,AWP,WE,Towers with Radar,0,1,19,0,20,0,0,142,0,142,0,1,161,0,162,268,0,268,430
11/15/2010,HWD,CA,AWP,WE,Towers with Radar,0,4,15,0,19,0,1,132,0,133,0,5,147,0,152,130,0,130,282
11/16/2010,HWD,CA,AWP,WE,Towers with Radar,0,2,17,0,19,0,2,130,0,132,0,4,147,0,151,145,0,145,296
11/17/2010,HWD,CA,AWP,WE,Towers with Radar,0,0,9,0,9,0,0,149,0,149,0,0,158,0,158,230,0,230,388
11/18/2010,HWD,CA,AWP,WE,Towers with Radar,0,3,16,0,19,0,1,73,0,74,0,4,89,0,93,134,0,134,227
11/19/2010,HWD,CA,AWP,WE,Towers with Radar,0,4,22,0,26,0,1,37,0,38,0,5,59,0,64,38,0,38,102
11/20/2010,HWD,CA,AWP,WE,Towers with Radar,0,1,9,0,10,0,0,18,0,18,0,1,27,0,28,72,0,72,100
11/21/2010,HWD,CA,AWP,WE,Towers with Radar,0,1,8,0,9,0,0,36,0,36,0,1,44,0,45,136,0,136,181
11/22/2010,HWD,CA,AWP,WE,Towers with Radar,0,3,9,0,12,0,0,84,0,84,0,3,93,0,96,252,0,252,348
11/23/2010,HWD,CA,AWP,WE,Towers with Radar,0,5,16,0,21,0,0,47,0,47,0,5,63,0,68,50,0,50,118
11/24/2010,HWD,CA,AWP,WE,Towers with Radar,0,3,13,0,16,0,0,158,0,158,0,3,171,0,174,214,0,214,388
11/25/2010,HWD,CA,AWP,WE,Towers with Radar,0,3,3,0,6,0,0,52,0,52,0,3,55,0,58,160,0,160,218
11/26/2010,HWD,CA,AWP,WE,Towers with Radar,0,1,14,0,15,0,1,105,0,106,0,2,119,0,121,180,0,180,301
11/27/2010,HWD,CA,AWP,WE,Towers with Radar,0,1,9,0,10,0,0,12,0,12,0,1,21,0,22,42,0,42,64
11/28/2010,HWD,CA,AWP,WE,Towers with Radar,0,5,22,0,27,0,0,181,0,181,0,5,203,0,208,173,0,173,381
11/29/2010,HWD,CA,AWP,WE,Towers with Radar,0,2,7,0,9,0,0,120,0,120,0,2,127,0,129,114,0,114,243
11/30/2010,HWD,CA,AWP,WE,Towers with Radar,0,3,14,0,17,0,0,112,0,112,0,3,126,0,129,154,0,154,283
12/01/2010,HWD,CA,AWP,WE,Towers with Radar,0,4,10,0,14,0,0,78,0,78,0,4,88,0,92,38,0,38,130
12/02/2010,HWD,CA,AWP,WE,Towers with Radar,0,9,10,0,19,0,7,90,0,97,0,16,100,0,116,134,0,134,250
12/03/2010,HWD,CA,AWP,WE,Towers with Radar,0,5,10,0,15,0,1,57,0,58,0,6,67,0,73,82,0,82,155
12/04/2010,HWD,CA,AWP,WE,Towers with Radar,0,0,9,0,9,0,0,100,0,100,0,0,109,0,109,154,0,154,263
12/05/2010,HWD,CA,AWP,WE,Towers with Radar,0,1,12,0,13,0,0,43,0,43,0,1,55,0,56,78,0,78,134
12/06/2010,HWD,CA,AWP,WE,Towers with Radar,0,8,14,0,22,0,0,97,0,97,0,8,111,0,119,134,0,134,253
12/07/2010,HWD,CA,AWP,WE,Towers with Radar,0,5,11,0,16,0,2,104,0,106,0,7,115,0,122,124,0,124,246
12/08/2010,HWD,CA,AWP,WE,Towers with Radar,0,3,27,0,30,0,0,16,0,16,0,3,43,0,46,32,0,32,78
12/09/2010,HWD,CA,AWP,WE,Towers with Radar,0,3,14,0,17,0,2,35,0,37,0,5,49,0,54,44,0,44,98
12/10/2010,HWD,CA,AWP,WE,Towers with Radar,0,2,24,0,26,0,0,56,0,56,0,2,80,0,82,146,0,146,228
12/11/2010,HWD,CA,AWP,WE,Towers with Radar,0,0,13,0,13,0,0,51,0,51,0,0,64,0,64,66,0,66,130
12/12/2010,HWD,CA,AWP,WE,Towers with Radar,0,0,22,0,22,0,0,63,0,63,0,0,85,0,85,102,0,102,187
12/13/2010,HWD,CA,AWP,WE,Towers with Radar,0,6,30,0,36,0,0,33,0,33,0,6,63,0,69,38,0,38,107
12/14/2010,HWD,CA,AWP,WE,Towers with Radar,0,3,27,0,30,0,2,12,0,14,0,5,39,0,44,4,0,4,48
12/15/2010,HWD,CA,AWP,WE,Towers with Radar,0,3,30,0,33,0,0,113,0,113,0,3,143,0,146,176,0,176,322
12/16/2010,HWD,CA,AWP,WE,Towers with Radar,0,8,12,0,20,0,0,123,0,123,0,8,135,0,143,214,0,214,357
12/17/2010,HWD,CA,AWP,WE,Towers with Radar,0,5,21,0,26,0,1,7,0,8,0,6,28,0,34,0,0,0,34
12/18/2010,HWD,CA,AWP,WE,Towers with Radar,0,3,10,0,13,0,0,7,0,7,0,3,17,0,20,4,0,4,24
12/19/2010,HWD,CA,AWP,WE,Towers with Radar,0,0,5,0,5,0,0,9,0,9,0,0,14,0,14,0,0,0,14
12/20/2010,HWD,CA,AWP,WE,Towers with Radar,0,1,2,0,3,0,0,53,0,53,0,1,55,0,56,92,0,92,148
12/21/2010,HWD,CA,AWP,WE,Towers with Radar,0,2,7,0,9,0,0,58,0,58,0,2,65,0,67,54,0,54,121
12/22/2010,HWD,CA,AWP,WE,Towers with Radar,0,5,14,0,19,0,2,52,0,54,0,7,66,0,73,120,0,120,193
12/23/2010,HWD,CA,AWP,WE,Towers with Radar,0,1,19,0,20,0,0,108,0,108,0,1,127,0,128,116,0,116,244
12/24/2010,HWD,CA,AWP,WE,Towers with Radar,0,0,7,0,7,0,0,57,0,57,0,0,64,0,64,106,0,106,170
12/25/2010,HWD,CA,AWP,WE,Towers with Radar,0,0,1,0,1,0,0,2,0,2,0,0,3,0,3,0,0,0,3
12/26/2010,HWD,CA,AWP,WE,Towers with Radar,0,5,12,0,17,0,0,63,0,63,0,5,75,0,80,80,0,80,160
12/27/2010,HWD,CA,AWP,WE,Towers with Radar,0,4,11,0,15,0,1,75,0,76,0,5,86,0,91,30,0,30,121
12/28/2010,HWD,CA,AWP,WE,Towers with Radar,0,2,13,0,15,0,1,53,0,54,0,3,66,0,69,14,0,14,83
12/29/2010,HWD,CA,AWP,WE,Towers with Radar,0,2,10,0,12,0,1,52,0,53,0,3,62,0,65,38,0,38,103
12/30/2010,HWD,CA,AWP,WE,Towers with Radar,0,3,16,0,19,0,0,125,4,129,0,3,141,4,148,180,0,180,328
12/31/2010,HWD,CA,AWP,WE,Towers with Radar,0,2,9,0,11,0,2,133,0,135,0,4,142,0,146,166,0,166,312
01/01/2011,HWD,CA,AWP,WE,Towers with Radar,0,0,5,0,5,0,0,4,0,4,0,0,9,0,9,0,0,0,9
01/02/2011,HWD,CA,AWP,WE,Towers with Radar,0,2,21,0,23,0,0,24,0,24,0,2,45,0,47,90,0,90,137
01/03/2011,HWD,CA,AWP,WE,Towers with Radar,0,0,13,0,13,0,2,58,0,60,0,2,71,0,73,130,0,130,203
01/04/2011,HWD,CA,AWP,WE,Towers with Radar,0,5,13,0,18,0,1,116,0,117,0,6,129,0,135,44,0,44,179
01/05/2011,HWD,CA,AWP,WE,Towers with Radar,0,3,11,0,14,0,1,126,0,127,0,4,137,0,141,156,0,156,297
01/06/2011,HWD,CA,AWP,WE,Towers with Radar,0,7,18,0,25,0,0,87,0,87,0,7,105,0,112,124,0,124,236
01/07/2011,HWD,CA,AWP,WE,Towers with Radar,0,5,21,0,26,0,1,80,0,81,0,6,101,0,107,70,0,70,177
01/08/2011,HWD,CA,AWP,WE,Towers with Radar,0,1,21,0,22,0,0,35,0,35,0,1,56,0,57,64,0,64,121
01/09/2011,HWD,CA,AWP,WE,Towers with Radar,0,3,19,0,22,0,0,70,0,70,0,3,89,0,92,74,0,74,166
01/10/2011,HWD,CA,AWP,WE,Towers with Radar,0,2,9,0,11,0,1,75,0,76,0,3,84,0,87,64,0,64,151
01/11/2011,HWD,CA,AWP,WE,Towers with Radar,0,7,12,2,21,0,0,59,10,69,0,7,71,12,90,76,0,76,166
01/12/2011,HWD,CA,AWP,WE,Towers with Radar,0,8,17,0,25,0,1,104,0,105,0,9,121,0,130,146,0,146,276
01/13/2011,HWD,CA,AWP,WE,Towers with Radar,0,4,16,0,20,0,0,14,0,14,0,4,30,0,34,32,0,32,66
01/14/2011,HWD,CA,AWP,WE,Towers with Radar,0,4,24,0,28,0,1,110,0,111,0,5,134,0,139,130,0,130,269
01/15/2011,HWD,CA,AWP,WE,Towers with Radar,0,1,15,0,16,0,0,160,0,160,0,1,175,0,176,192,0,192,368
01/16/2011,HWD,CA,AWP,WE,Towers with Radar,0,3,11,0,14,0,0,66,0,66,0,3,77,0,80,138,0,138,218
01/17/2011,HWD,CA,AWP,WE,Towers with Radar,0,5,15,0,20,0,0,20,0,20,0,5,35,0,40,52,0,52,92
01/18/2011,HWD,CA,AWP,WE,Towers with Radar,0,6,15,0,21,0,2,83,8,93,0,8,98,8,114,106,0,106,220
01/19/2011,HWD,CA,AWP,WE,Towers with Radar,0,5,19,0,24,0,0,126,0,126,0,5,145,0,150,100,0,100,250
01/20/2011,HWD,CA,AWP,WE,Towers with Radar,0,4,14,0,18,0,1,121,0,122,0,5,135,0,140,186,0,186,326
01/21/2011,HWD,CA,AWP,WE,Towers with Radar,0,4,17,0,21,0,1,125,0,126,0,5,142,0,147,124,0,124,271
01/22/2011,HWD,CA,AWP,WE,Towers with Radar,0,0,10,0,10,0,0,140,0,140,0,0,150,0,150,164,0,164,314
01/23/2011,HWD,CA,AWP,WE,Towers with Radar,0,1,12,0,13,0,0,149,0,149,0,1,161,0,162,180,0,180,342
01/24/2011,HWD,CA,AWP,WE,Towers with Radar,0,1,7,0,8,0,1,91,0,92,0,2,98,0,100,124,0,124,224
01/25/2011,HWD,CA,AWP,WE,Towers with Radar,0,3,18,0,21,0,1,120,0,121,0,4,138,0,142,100,0,100,242
01/26/2011,HWD,CA,AWP,WE,Towers with Radar,0,2,18,0,20,0,1,132,0,133,0,3,150,0,153,88,0,88,241
01/27/2011,HWD,CA,AWP,WE,Towers with Radar,0,7,21,0,28,0,0,126,0,126,0,7,147,0,154,162,0,162,316
01/28/2011,HWD,CA,AWP,WE,Towers with Radar,0,12,24,0,36,0,2,41,0,43,0,14,65,0,79,34,0,34,113
01/29/2011,HWD,CA,AWP,WE,Towers with Radar,0,1,22,0,23,0,0,90,0,90,0,1,112,0,113,260,0,260,373
01/30/2011,HWD,CA,AWP,WE,Towers with Radar,0,0,11,0,11,0,0,44,0,44,0,0,55,0,55,32,0,32,87
01/31/2011,HWD,CA,AWP,WE,Towers with Radar,0,3,14,0,17,0,1,123,16,140,0,4,137,16,157,196,0,196,353
02/01/2011,HWD,CA,AWP,WE,Towers with Radar,0,3,9,0,12,0,2,83,0,85,0,5,92,0,97,142,0,142,239
02/02/2011,HWD,CA,AWP,WE,Towers with Radar,0,1,18,1,20,0,1,121,0,122,0,2,139,1,142,68,0,68,210
02/03/2011,HWD,CA,AWP,WE,Towers with Radar,0,8,14,0,22,0,0,134,0,134,0,8,148,0,156,98,0,98,254
02/04/2011,HWD,CA,AWP,WE,Towers with Radar,0,4,14,0,18,0,1,165,0,166,0,5,179,0,184,212,0,212,396
02/05/2011,HWD,CA,AWP,WE,Towers with Radar,0,1,10,0,11,0,0,127,0,127,0,1,137,0,138,190,0,190,328
02/06/2011,HWD,CA,AWP,WE,Towers with Radar,0,2,7,0,9,0,0,84,0,84,0,2,91,0,93,56,0,56,149
02/07/2011,HWD,CA,AWP,WE,Towers with Radar,0,1,11,0,12,0,1,66,0,67,0,2,77,0,79,56,0,56,135
02/08/2011,HWD,CA,AWP,WE,Towers with Radar,0,5,9,0,14,0,0,42,0,42,0,5,51,0,56,28,0,28,84
02/09/2011,HWD,CA,AWP,WE,Towers with Radar,0,3,13,0,16,0,0,121,0,121,0,3,134,0,137,80,0,80,217
02/10/2011,HWD,CA,AWP,WE,Towers with Radar,0,1,14,0,15,0,1,125,0,126,0,2,139,0,141,80,0,80,221
02/11/2011,HWD,CA,AWP,WE,Towers with Radar,0,5,17,0,22,0,2,143,0,145,0,7,160,0,167,132,0,132,299
02/12/2011,HWD,CA,AWP,WE,Towers with Radar,0,1,15,0,16,0,0,210,0,210,0,1,225,0,226,188,0,188,414
02/13/2011,HWD,CA,AWP,WE,Towers with Radar,0,0,14,0,14,0,0,78,0,78,0,0,92,0,92,90,0,90,182
02/14/2011,HWD,CA,AWP,WE,Towers with Radar,0,1,9,0,10,0,0,5,0,5,0,1,14,0,15,12,0,12,27
02/15/2011,HWD,CA,AWP,WE,Towers with Radar,0,5,6,0,11,0,1,41,0,42,0,6,47,0,53,28,0,28,81
02/16/2011,HWD,CA,AWP,WE,Towers with Radar,0,3,17,0,20,0,2,41,0,43,0,5,58,0,63,12,0,12,75
02/17/2011,HWD,CA,AWP,WE,Towers with Radar,0,8,16,0,24,0,1,13,0,14,0,9,29,0,38,0,0,0,38
02/18/2011,HWD,CA,AWP,WE,Towers with Radar,0,10,33,0,43,0,1,16,0,17,0,11,49,0,60,0,0,0,60
02/19/2011,HWD,CA,AWP,WE,Towers with Radar,0,5,5,0,10,0,0,13,0,13,0,5,18,0,23,46,0,46,69
02/20/2011,HWD,CA,AWP,WE,Towers with Radar,0,1,13,0,14,0,0,94,0,94,0,1,107,0,108,222,0,222,330
02/21/2011,HWD,CA,AWP,WE,Towers with Radar,0,6,21,0,27,0,0,77,0,77,0,6,98,0,104,90,0,90,194
02/22/2011,HWD,CA,AWP,WE,Towers with Radar,0,3,13,0,16,0,2,122,0,124,0,5,135,0,140,106,0,106,246
02/23/2011,HWD,CA,AWP,WE,Towers with Radar,0,4,24,0,28,0,1,121,0,122,0,5,145,0,150,166,0,166,316
02/24/2011,HWD,CA,AWP,WE,Towers with Radar,0,3,16,0,19,0,1,48,0,49,0,4,64,0,68,68,0,68,136
02/25/2011,HWD,CA,AWP,WE,Towers with Radar,0,2,9,0,11,0,1,42,0,43,0,3,51,0,54,50,0,50,104
02/26/2011,HWD,CA,AWP,WE,Towers with Radar,0,0,9,0,9,0,0,66,0,66,0,0,75,0,75,160,0,160,235
02/27/2011,HWD,CA,AWP,WE,Towers with Radar,0,2,22,0,24,0,0,141,0,141,0,2,163,0,165,136,0,136,301
02/28/2011,HWD,CA,AWP,WE,Towers with Radar,0,7,21,0,28,0,1,124,0,125,0,8,145,0,153,90,0,90,243
03/01/2011,HWD,CA,AWP,WE,Towers with Radar,0,2,14,0,16,0,1,120,0,121,0,3,134,0,137,140,0,140,277
03/02/2011,HWD,CA,AWP,WE,Towers with Radar,0,4,20,0,24,0,0,45,0,45,0,4,65,0,69,38,0,38,107
03/03/2011,HWD,CA,AWP,WE,Towers with Radar,0,6,14,0,20,0,4,106,0,110,0,10,120,0,130,90,0,90,220
03/04/2011,HWD,CA,AWP,WE,Towers with Radar,0,5,19,0,24,0,3,134,0,137,0,8,153,0,161,266,0,266,427
03/05/2011,HWD,CA,AWP,WE,Towers with Radar,0,3,8,0,11,0,0,152,0,152,0,3,160,0,163,234,0,234,397
03/06/2011,HWD,CA,AWP,WE,Towers with Radar,0,3,21,0,24,0,0,2,0,2,0,3,23,0,26,76,0,76,102
03/07/2011,HWD,CA,AWP,WE,Towers with Radar,0,11,11,0,22,0,1,65,0,66,0,12,76,0,88,188,0,188,276
03/08/2011,HWD,CA,AWP,WE,Towers with Radar,0,3,26,0,29,0,1,61,0,62,0,4,87,0,91,134,0,134,225
03/09/2011,HWD,CA,AWP,WE,Towers with Radar,0,3,28,0,31,0,0,137,0,137,0,3,165,0,168,194,0,194,362
03/10/2011,HWD,CA,AWP,WE,Towers with Radar,0,3,27,0,30,0,1,63,0,64,0,4,90,0,94,106,0,106,200
03/11/2011,HWD,CA,AWP,WE,Towers with Radar,0,6,21,0,27,0,4,145,0,149,0,10,166,0,176,146,0,146,322
03/12/2011,HWD,CA,AWP,WE,Towers with Radar,0,1,14,0,15,0,0,143,0,143,0,1,157,0,158,162,0,162,320
03/13/2011,HWD,CA,AWP,WE,Towers with Radar,0,2,29,0,31,0,0,54,0,54,0,2,83,0,85,114,0,114,199
03/14/2011,HWD,CA,AWP,WE,Towers with Radar,0,6,13,0,19,0,0,74,0,74,0,6,87,0,93,102,0,102,195
03/15/2011,HWD,CA,AWP,WE,Towers with Radar,0,5,17,0,22,0,0,41,0,41,0,5,58,0,63,76,0,76,139
03/16/2011,HWD,CA,AWP,WE,Towers with Radar,0,5,14,0,19,0,3,104,0,107,0,8,118,0,126,112,0,112,238
03/17/2011,HWD,CA,AWP,WE,Towers with Radar,0,10,22,2,34,0,1,136,0,137,0,11,158,2,171,90,0,90,261
03/18/2011,HWD,CA,AWP,WE,Towers with Radar,0,4,16,0,20,0,0,14,0,14,0,4,30,0,34,2,0,2,36
03/19/2011,HWD,CA,AWP,WE,Towers with Radar,0,0,9,0,9,0,0,40,0,40,0,0,49,0,49,150,0,150,199
03/20/2011,HWD,CA,AWP,WE,Towers with Radar,0,4,14,0,18,0,0,24,0,24,0,4,38,0,42,58,0,58,100
03/21/2011,HWD,CA,AWP,WE,Towers with Radar,0,5,8,0,13,0,1,62,0,63,0,6,70,0,76,124,0,124,200
03/22/2011,HWD,CA,AWP,WE,Towers with Radar,0,5,18,0,23,0,1,109,0,110,0,6,127,0,133,72,0,72,205
03/23/2011,HWD,CA,AWP,WE,Towers with Radar,0,3,17,0,20,0,1,27,0,28,0,4,44,0,48,14,0,14,62
03/24/2011,HWD,CA,AWP,WE,Towers with Radar,0,5,6,0,11,0,1,12,0,13,0,6,18,0,24,0,0,0,24
03/25/2011,HWD,CA,AWP,WE,Towers with Radar,0,9,18,0,27,0,1,55,0,56,0,10,73,0,83,32,0,32,115
03/26/2011,HWD,CA,AWP,WE,Towers with Radar,0,1,9,0,10,0,0,28,0,28,0,1,37,0,38,6,0,6,44
03/27/2011,HWD,CA,AWP,WE,Towers with Radar,0,2,21,0,23,0,0,91,0,91,0,2,112,0,114,110,0,110,224
03/28/2011,HWD,CA,AWP,WE,Towers with Radar,0,4,15,1,20,0,0,103,0,103,0,4,118,1,123,120,0,120,243
03/29/2011,HWD,CA,AWP,WE,Towers with Radar,0,2,12,0,14,0,1,102,0,103,0,3,114,0,117,62,0,62,179
03/30/2011,HWD,CA,AWP,WE,Towers with Radar,0,0,16,0,16,0,2,172,0,174,0,2,188,0,190,128,0,128,318
03/31/2011,HWD,CA,AWP,WE,Towers with Radar,0,3,22,0,25,0,0,189,0,189,0,3,211,0,214,184,0,184,398
04/01/2011,HWD,CA,AWP,WE,Towers with Radar,0,5,13,0,18,0,0,124,0,124,0,5,137,0,142,168,0,168,310
04/02/2011,HWD,CA,AWP,WE,Towers with Radar,0,1,15,0,16,0,0,99,0,99,0,1,114,0,115,251,0,251,366
04/03/2011,HWD,CA,AWP,WE,Towers with Radar,0,1,14,0,15,0,0,177,0,177,0,1,191,0,192,189,0,189,381
04/04/2011,HWD,CA,AWP,WE,Towers with Radar,0,3,15,0,18,0,0,87,0,87,0,3,102,0,105,96,0,96,201
04/05/2011,HWD,CA,AWP,WE,Towers with Radar,0,2,10,0,12,0,1,89,0,90,0,3,99,0,102,126,0,126,228
04/06/2011,HWD,CA,AWP,WE,Towers with Radar,0,1,12,0,13,0,0,103,0,103,0,1,115,0,116,118,0,118,234
04/07/2011,HWD,CA,AWP,WE,Towers with Radar,0,8,17,0,25,0,2,49,0,51,0,10,66,0,76,36,0,36,112
04/08/2011,HWD,CA,AWP,WE,Towers with Radar,0,5,22,0,27,0,1,123,0,124,0,6,145,0,151,110,0,110,261
04/09/2011,HWD,CA,AWP,WE,Towers with Radar,0,1,12,0,13,0,0,194,0,194,0,1,206,0,207,130,0,130,337
04/10/2011,HWD,CA,AWP,WE,Towers with Radar,0,0,14,0,14,0,0,141,0,141,0,0,155,0,155,162,0,162,317
04/11/2011,HWD,CA,AWP,WE,Towers with Radar,0,5,7,0,12,0,2,59,0,61,0,7,66,0,73,112,0,112,185
04/12/2011,HWD,CA,AWP,WE,Towers with Radar,0,8,15,0,23,0,1,89,0,90,0,9,104,0,113,130,0,130,243
04/13/2011,HWD,CA,AWP,WE,Towers with Radar,0,9,21,0,30,0,0,89,0,89,0,9,110,0,119,94,0,94,213
04/14/2011,HWD,CA,AWP,WE,Towers with Radar,0,2,16,0,18,0,1,101,0,102,0,3,117,0,120,86,0,86,206
04/15/2011,HWD,CA,AWP,WE,Towers with Radar,0,10,16,0,26,0,1,140,0,141,0,11,156,0,167,130,0,130,297
04/16/2011,HWD,CA,AWP,WE,Towers with Radar,0,0,26,0,26,0,0,118,0,118,0,0,144,0,144,232,0,232,376
04/17/2011,HWD,CA,AWP,WE,Towers with Radar,0,2,31,0,33,0,0,33,0,33,0,2,64,0,66,66,0,66,132
04/18/2011,HWD,CA,AWP,WE,Towers with Radar,0,7,23,0,30,0,0,54,0,54,0,7,77,0,84,96,0,96,180
04/19/2011,HWD,CA,AWP,WE,Towers with Radar,0,1,21,0,22,0,2,65,0,67,0,3,86,0,89,174,0,174,263
04/20/2011,HWD,CA,AWP,WE,Towers with Radar,0,9,32,0,41,0,0,52,0,52,0,9,84,0,93,0,0,0,93
04/21/2011,HWD,CA,AWP,WE,Towers with Radar,0,3,18,0,21,0,0,91,0,91,0,3,109,0,112,142,0,142,254
04/22/2011,HWD,CA,AWP,WE,Towers with Radar,0,4,9,0,13,0,1,116,0,117,0,5,125,0,130,140,0,140,270
04/23/2011,HWD,CA,AWP,WE,Towers with Radar,0,1,21,0,22,0,0,125,0,125,0,1,146,0,147,188,0,188,335
04/24/2011,HWD,CA,AWP,WE,Towers with Radar,0,1,13,0,14,0,0,31,0,31,0,1,44,0,45,120,0,120,165
04/25/2011,HWD,CA,AWP,WE,Towers with Radar,0,3,16,0,19,0,0,49,0,49,0,3,65,0,68,104,0,104,172
04/26/2011,HWD,CA,AWP,WE,Towers with Radar,0,4,14,0,18,0,0,112,0,112,0,4,126,0,130,134,0,134,264
04/27/2011,HWD,CA,AWP,WE,Towers with Radar,0,2,17,0,19,0,0,107,0,107,0,2,124,0,126,156,0,156,282
04/28/2011,HWD,CA,AWP,WE,Towers with Radar,0,4,10,0,14,0,4,66,0,70,0,8,76,0,84,22,0,22,106
04/29/2011,HWD,CA,AWP,WE,Towers with Radar,0,2,14,0,16,0,1,108,0,109,0,3,122,0,125,118,0,118,243
04/30/2011,HWD,CA,AWP,WE,Towers with Radar,0,2,8,0,10,0,0,119,0,119,0,2,127,0,129,192,0,192,321
05/01/2011,HWD,CA,AWP,WE,Towers with Radar,0,1,22,0,23,0,0,150,0,150,0,1,172,0,173,236,0,236,409
05/02/2011,HWD,CA,AWP,WE,Towers with Radar,0,4,9,0,13,0,3,96,0,99,0,7,105,0,112,158,0,158,270
05/03/2011,HWD,CA,AWP,WE,Towers with Radar,0,6,19,0,25,0,3,97,0,100,0,9,116,0,125,70,0,70,195
05/04/2011,HWD,CA,AWP,WE,Towers with Radar,0,4,8,0,12,0,0,113,0,113,0,4,121,0,125,120,0,120,245
05/05/2011,HWD,CA,AWP,WE,Towers with Radar,0,2,25,0,27,0,2,134,0,136,0,4,159,0,163,226,0,226,389
05/06/2011,HWD,CA,AWP,WE,Towers with Radar,0,4,11,0,15,0,2,121,0,123,0,6,132,0,138,170,0,170,308
05/07/2011,HWD,CA,AWP,WE,Towers with Radar,0,1,14,0,15,0,0,103,0,103,0,1,117,0,118,126,0,126,244
05/08/2011,HWD,CA,AWP,WE,Towers with Radar,0,1,10,0,11,0,0,43,0,43,0,1,53,0,54,66,0,66,120
05/09/2011,HWD,CA,AWP,WE,Towers with Radar,0,3,13,0,16,0,3,66,0,69,0,6,79,0,85,54,0,54,139
05/10/2011,HWD,CA,AWP,WE,Towers with Radar,0,5,17,0,22,0,1,107,0,108,0,6,124,0,130,136,0,136,266
05/11/2011,HWD,CA,AWP,WE,Towers with Radar,0,4,24,0,28,0,0,112,0,112,0,4,136,0,140,320,0,320,460
05/12/2011,HWD,CA,AWP,WE,Towers with Radar,0,10,22,0,32,0,1,111,0,112,0,11,133,0,144,96,0,96,240
05/13/2011,HWD,CA,AWP,WE,Towers with Radar,0,9,7,0,16,0,1,125,0,126,0,10,132,0,142,138,0,138,280
05/14/2011,HWD,CA,AWP,WE,Towers with Radar,0,2,18,0,20,0,0,83,0,83,0,2,101,0,103,192,0,192,295
05/15/2011,HWD,CA,AWP,WE,Towers with Radar,0,9,12,0,21,0,0,31,0,31,0,9,43,0,52,54,0,54,106
05/16/2011,HWD,CA,AWP,WE,Towers with Radar,0,3,21,0,24,0,1,50,0,51,0,4,71,0,75,20,0,20,95
05/17/2011,HWD,CA,AWP,WE,Towers with Radar,0,2,12,0,14,0,1,21,0,22,0,3,33,0,36,0,0,0,36
05/18/2011,HWD,CA,AWP,WE,Towers with Radar,0,4,24,0,28,0,0,88,0,88,0,4,112,0,116,156,0,156,272
05/19/2011,HWD,CA,AWP,WE,Towers with Radar,0,6,13,0,19,0,0,99,8,107,0,6,112,8,126,106,0,106,232
05/20/2011,HWD,CA,AWP,WE,Towers with Radar,0,5,20,0,25,0,1,91,0,92,0,6,111,0,117,94,0,94,211
05/21/2011,HWD,CA,AWP,WE,Towers with Radar,0,1,11,0,12,0,0,144,0,144,0,1,155,0,156,186,0,186,342
05/22/2011,HWD,CA,AWP,WE,Towers with Radar,0,5,13,0,18,0,0,82,0,82,0,5,95,0,100,72,0,72,172
05/23/2011,HWD,CA,AWP,WE,Towers with Radar,0,4,25,0,29,0,1,75,0,76,0,5,100,0,105,120,0,120,225
05/24/2011,HWD,CA,AWP,WE,Towers with Radar,0,6,14,0,20,0,1,101,0,102,0,7,115,0,122,156,0,156,278
05/25/2011,HWD,CA,AWP,WE,Towers with Radar,0,2,19,0,21,0,2,66,0,68,0,4,85,0,89,90,0,90,179
05/26/2011,HWD,CA,AWP,WE,Towers with Radar,0,1,15,0,16,0,0,145,0,145,0,1,160,0,161,124,0,124,285
05/27/2011,HWD,CA,AWP,WE,Towers with Radar,0,5,17,0,22,0,2,97,0,99,0,7,114,0,121,220,0,220,341
05/28/2011,HWD,CA,AWP,WE,Towers with Radar,0,0,13,0,13,0,0,134,0,134,0,0,147,0,147,148,0,148,295
05/29/2011,HWD,CA,AWP,WE,Towers with Radar,0,2,9,0,11,0,0,103,0,103,0,2,112,0,114,142,0,142,256
05/30/2011,HWD,CA,AWP,WE,Towers with Radar,0,7,26,0,33,0,0,82,0,82,0,7,108,0,115,129,0,129,244
05/31/2011,HWD,CA,AWP,WE,Towers with Radar,0,2,12,0,14,0,2,35,0,37,0,4,47,0,51,20,0,20,71
06/01/2011,HWD,CA,AWP,WE,Towers with Radar,0,2,17,0,19,0,3,68,0,71,0,5,85,0,90,126,0,126,216
06/02/2011,HWD,CA,AWP,WE,Towers with Radar,0,3,21,0,24,0,0,116,0,116,0,3,137,0,140,184,0,184,324
06/03/2011,HWD,CA,AWP,WE,Towers with Radar,0,1,16,0,17,0,1,78,0,79,0,2,94,0,96,180,0,180,276
06/04/2011,HWD,CA,AWP,WE,Towers with Radar,0,2,5,0,7,0,0,17,0,17,0,2,22,0,24,46,0,46,70
06/05/2011,HWD,CA,AWP,WE,Towers with Radar,0,0,17,0,17,0,0,50,0,50,0,0,67,0,67,70,0,70,137
06/06/2011,HWD,CA,AWP,WE,Towers with Radar,0,3,24,0,27,0,1,74,0,75,0,4,98,0,102,278,0,278,380
06/07/2011,HWD,CA,AWP,WE,Towers with Radar,0,1,19,0,20,0,2,130,0,132,0,3,149,0,152,256,0,256,408
06/08/2011,HWD,CA,AWP,WE,Towers with Radar,0,3,26,0,29,0,2,117,0,119,0,5,143,0,148,76,0,76,224
06/09/2011,HWD,CA,AWP,WE,Towers with Radar,0,3,25,0,28,0,0,115,0,115,0,3,140,0,143,80,0,80,223
06/10/2011,HWD,CA,AWP,WE,Towers with Radar,0,5,21,0,26,0,1,171,0,172,0,6,192,0,198,60,0,60,258
06/11/2011,HWD,CA,AWP,WE,Towers with Radar,0,1,34,0,35,0,0,55,0,55,0,1,89,0,90,172,0,172,262
06/12/2011,HWD,CA,AWP,WE,Towers with Radar,0,1,21,0,22,0,0,152,0,152,0,1,173,0,174,156,0,156,330
06/13/2011,HWD,CA,AWP,WE,Towers with Radar,0,0,29,0,29,0,2,104,0,106,0,2,133,0,135,156,0,156,291
06/14/2011,HWD,CA,AWP,WE,Towers with Radar,0,1,18,0,19,0,1,112,0,113,0,2,130,0,132,130,0,130,262
06/15/2011,HWD,CA,AWP,WE,Towers with Radar,0,6,19,0,25,0,1,157,0,158,0,7,176,0,183,170,0,170,353
06/16/2011,HWD,CA,AWP,WE,Towers with Radar,0,1,11,0,12,0,2,132,0,134,0,3,143,0,146,138,0,138,284
06/17/2011,HWD,CA,AWP,WE,Towers with Radar,0,4,15,0,19,0,2,143,0,145,0,6,158,0,164,300,0,300,464
06/18/2011,HWD,CA,AWP,WE,Towers with Radar,0,1,19,0,20,0,0,158,0,158,0,1,177,0,178,190,0,190,368
06/19/2011,HWD,CA,AWP,WE,Towers with Radar,0,3,15,0,18,0,0,108,0,108,0,3,123,0,126,96,0,96,222
06/20/2011,HWD,CA,AWP,WE,Towers with Radar,0,1,19,0,20,0,2,117,0,119,0,3,136,0,139,118,0,118,257
06/21/2011,HWD,CA,AWP,WE,Towers with Radar,0,3,14,0,17,0,2,125,0,127,0,5,139,0,144,122,0,122,266
06/22/2011,HWD,CA,AWP,WE,Towers with Radar,0,0,13,0,13,0,2,128,0,130,0,2,141,0,143,146,0,146,289
06/23/2011,HWD,CA,AWP,WE,Towers with Radar,0,4,15,0,19,0,1,129,0,130,0,5,144,0,149,284,0,284,433
06/24/2011,HWD,CA,AWP,WE,Towers with Radar,0,0,16,0,16,0,2,141,0,143,0,2,157,0,159,140,0,140,299
06/25/2011,HWD,CA,AWP,WE,Towers with Radar,0,4,15,0,19,0,0,147,0,147,0,4,162,0,166,136,0,136,302
06/26/2011,HWD,CA,AWP,WE,Towers with Radar,0,4,7,0,11,0,0,114,0,114,0,4,121,0,125,68,0,68,193
06/27/2011,HWD,CA,AWP,WE,Towers with Radar,0,3,24,0,27,0,2,91,0,93,0,5,115,0,120,184,0,184,304
06/28/2011,HWD,CA,AWP,WE,Towers with Radar,0,6,10,0,16,0,1,16,0,17,0,7,26,0,33,58,0,58,91
06/29/2011,HWD,CA,AWP,WE,Towers with Radar,0,6,17,0,23,0,1,137,0,138,0,7,154,0,161,254,0,254,415
06/30/2011,HWD,CA,AWP,WE,Towers with Radar,0,0,28,0,28,0,0,153,0,153,0,0,181,0,181,204,0,204,385
07/01/2011,HWD,CA,AWP,WE,Towers with Radar,0,3,28,0,31,0,0,155,0,155,0,3,183,0,186,186,0,186,372
07/02/2011,HWD,CA,AWP,WE,Towers with Radar,1,0,7,0,8,0,0,121,0,121,1,0,128,0,129,220,0,220,349
07/03/2011,HWD,CA,AWP,WE,Towers with Radar,0,1,6,0,7,0,0,86,0,86,0,1,92,0,93,108,0,108,201
07/04/2011,HWD,CA,AWP,WE,Towers with Radar,0,2,13,0,15,0,0,112,0,112,0,2,125,0,127,152,0,152,279
07/05/2011,HWD,CA,AWP,WE,Towers with Radar,0,4,17,0,21,0,2,116,0,118,0,6,133,0,139,106,0,106,245
07/06/2011,HWD,CA,AWP,WE,Towers with Radar,0,4,26,0,30,0,1,99,0,100,0,5,125,0,130,158,0,158,288
07/07/2011,HWD,CA,AWP,WE,Towers with Radar,0,3,18,0,21,0,1,120,0,121,0,4,138,0,142,106,0,106,248
07/08/2011,HWD,CA,AWP,WE,Towers with Radar,0,5,18,0,23,0,2,143,0,145,0,7,161,0,168,186,0,186,354
07/09/2011,HWD,CA,AWP,WE,Towers with Radar,0,0,13,0,13,0,0,105,0,105,0,0,118,0,118,118,0,118,236
07/10/2011,HWD,CA,AWP,WE,Towers with Radar,0,2,13,0,15,0,0,111,0,111,0,2,124,0,126,106,0,106,232
07/11/2011,HWD,CA,AWP,WE,Towers with Radar,0,4,19,0,23,0,0,62,0,62,0,4,81,0,85,66,0,66,151
07/12/2011,HWD,CA,AWP,WE,Towers with Radar,0,3,23,0,26,0,0,50,0,50,0,3,73,0,76,60,0,60,136
07/13/2011,HWD,CA,AWP,WE,Towers with Radar,0,6,31,0,37,0,1,72,0,73,0,7,103,0,110,52,0,52,162
07/14/2011,HWD,CA,AWP,WE,Towers with Radar,0,5,33,0,38,0,1,63,0,64,0,6,96,0,102,126,0,126,228
07/15/2011,HWD,CA,AWP,WE,Towers with Radar,0,4,30,0,34,0,0,83,0,83,0,4,113,0,117,62,0,62,179
07/16/2011,HWD,CA,AWP,WE,Towers with Radar,0,0,25,0,25,0,0,108,0,108,0,0,133,0,133,250,0,250,383
07/17/2011,HWD,CA,AWP,WE,Towers with Radar,0,3,26,0,29,0,1,92,0,93,0,4,118,0,122,149,0,149,271
07/18/2011,HWD,CA,AWP,WE,Towers with Radar,0,2,19,0,21,0,0,106,0,106,0,2,125,0,127,120,0,120,247
07/19/2011,HWD,CA,AWP,WE,Towers with Radar,0,1,17,0,18,0,2,89,0,91,0,3,106,0,109,128,0,128,237
07/20/2011,HWD,CA,AWP,WE,Towers with Radar,0,3,15,0,18,0,2,121,0,123,0,5,136,0,141,176,0,176,317
07/21/2011,HWD,CA,AWP,WE,Towers with Radar,0,4,22,0,26,0,1,119,0,120,0,5,141,0,146,239,0,239,385
07/22/2011,HWD,CA,AWP,WE,Towers with Radar,0,3,23,0,26,0,2,176,0,178,0,5,199,0,204,266,0,266,470
07/23/2011,HWD,CA,AWP,WE,Towers with Radar,0,0,36,0,36,0,0,152,0,152,0,0,188,0,188,166,0,166,354
07/24/2011,HWD,CA,AWP,WE,Towers with Radar,4,0,23,0,27,0,0,118,0,118,4,0,141,0,145,188,0,188,333
07/25/2011,HWD,CA,AWP,WE,Towers with Radar,0,5,24,0,29,0,0,47,0,47,0,5,71,0,76,38,0,38,114
07/26/2011,HWD,CA,AWP,WE,Towers with Radar,0,5,9,0,14,0,0,94,0,94,0,5,103,0,108,120,0,120,228
07/27/2011,HWD,CA,AWP,WE,Towers with Radar,0,4,15,0,19,0,2,93,0,95,0,6,108,0,114,176,0,176,290
07/28/2011,HWD,CA,AWP,WE,Towers with Radar,0,2,17,0,19,0,1,77,0,78,0,3,94,0,97,174,0,174,271
07/29/2011,HWD,CA,AWP,WE,Towers with Radar,0,0,17,0,17,0,2,106,0,108,0,2,123,0,125,132,0,132,257
07/30/2011,HWD,CA,AWP,WE,Towers with Radar,0,1,15,0,16,0,1,224,0,225,0,2,239,0,241,132,0,132,373
07/31/2011,HWD,CA,AWP,WE,Towers with Radar,0,23,0,0,23,0,0,91,0,91,0,23,91,0,114,80,0,80,194
08/01/2011,HWD,CA,AWP,WE,Towers with Radar,0,1,21,0,22,0,2,104,1,107,0,3,125,1,129,76,0,76,205
08/02/2011,HWD,CA,AWP,WE,Towers with Radar,0,5,20,0,25,0,3,120,4,127,0,8,140,4,152,182,0,182,334
08/03/2011,HWD,CA,AWP,WE,Towers with Radar,0,2,27,0,29,0,2,86,1,89,0,4,113,1,118,88,0,88,206
08/04/2011,HWD,CA,AWP,WE,Towers with Radar,0,10,25,0,35,0,0,71,2,73,0,10,96,2,108,60,0,60,168
08/05/2011,HWD,CA,AWP,WE,Towers with Radar,0,2,18,0,20,0,2,95,3,100,0,4,113,3,120,66,0,66,186
08/06/2011,HWD,CA,AWP,WE,Towers with Radar,0,0,18,0,18,0,14,66,1,81,0,14,84,1,99,128,0,128,227
08/07/2011,HWD,CA,AWP,WE,Towers with Radar,0,5,29,0,34,0,2,44,1,47,0,7,73,1,81,90,0,90,171
08/08/2011,HWD,CA,AWP,WE,Towers with Radar,0,5,17,0,22,0,1,45,3,49,0,6,62,3,71,30,0,30,101
08/09/2011,HWD,CA,AWP,WE,Towers with Radar,0,5,19,0,24,0,2,91,5,98,0,7,110,5,122,158,0,158,280
08/10/2011,HWD,CA,AWP,WE,Towers with Radar,0,4,11,2,17,0,2,80,2,84,0,6,91,4,101,105,0,105,206
08/11/2011,HWD,CA,AWP,WE,Towers with Radar,0,2,19,0,21,0,9,98,4,111,0,11,117,4,132,146,0,146,278
08/12/2011,HWD,CA,AWP,WE,Towers with Radar,0,4,9,0,13,0,1,101,5,107,0,5,110,5,120,156,0,156,276
08/13/2011,HWD,CA,AWP,WE,Towers with Radar,1,0,13,0,14,0,0,111,3,114,1,0,124,3,128,154,0,154,282
08/14/2011,HWD,CA,AWP,WE,Towers with Radar,0,1,17,0,18,0,0,125,3,128,0,1,142,3,146,135,0,135,281
08/15/2011,HWD,CA,AWP,WE,Towers with Radar,0,6,9,0,15,0,7,124,5,136,0,13,133,5,151,52,0,52,203
08/16/2011,HWD,CA,AWP,WE,Towers with Radar,0,3,28,0,31,0,4,105,5,114,0,7,133,5,145,180,0,180,325
08/17/2011,HWD,CA,AWP,WE,Towers with Radar,0,7,22,0,29,0,4,116,4,124,0,11,138,4,153,144,0,144,297
08/18/2011,HWD,CA,AWP,WE,Towers with Radar,0,3,26,0,29,0,3,110,1,114,0,6,136,1,143,120,0,120,263
08/19/2011,HWD,CA,AWP,WE,Towers with Radar,0,3,40,0,43,0,0,99,5,104,0,3,139,5,147,226,0,226,373
08/20/2011,HWD,CA,AWP,WE,Towers with Radar,0,3,16,0,19,0,1,136,2,139,0,4,152,2,158,198,0,198,356
08/21/2011,HWD,CA,AWP,WE,Towers with Radar,0,3,28,0,31,0,0,59,0,59,0,3,87,0,90,232,0,232,322
08/22/2011,HWD,CA,AWP,WE,Towers with Radar,0,0,46,0,46,1,2,68,4,75,1,2,114,4,121,126,0,126,247
08/23/2011,HWD,CA,AWP,WE,Towers with Radar,0,2,14,0,16,0,0,150,8,158,0,2,164,8,174,182,0,182,356
08/24/2011,HWD,CA,AWP,WE,Towers with Radar,0,1,10,0,11,0,1,148,5,154,0,2,158,5,165,153,1,154,319
08/25/2011,HWD,CA,AWP,WE,Towers with Radar,0,0,21,0,21,0,0,94,3,97,0,0,115,3,118,76,0,76,194
08/26/2011,HWD,CA,AWP,WE,Towers with Radar,0,1,24,0,25,0,1,108,1,110,0,2,132,1,135,122,0,122,257
08/27/2011,HWD,CA,AWP,WE,Towers with Radar,0,2,20,0,22,0,0,116,1,117,0,2,136,1,139,211,0,211,350
08/28/2011,HWD,CA,AWP,WE,Towers with Radar,0,0,21,0,21,0,0,111,3,114,0,0,132,3,135,128,0,128,263
08/29/2011,HWD,CA,AWP,WE,Towers with Radar,0,3,26,0,29,0,0,123,7,130,0,3,149,7,159,128,0,128,287
08/30/2011,HWD,CA,AWP,WE,Towers with Radar,0,2,11,0,13,0,3,86,6,95,0,5,97,6,108,144,0,144,252
08/31/2011,HWD,CA,AWP,WE,Towers with Radar,0,5,20,0,25,0,4,103,4,111,0,9,123,4,136,130,0,130,266
09/01/2011,HWD,CA,AWP,WE,Towers with Radar,0,2,16,0,18,0,3,119,5,127,0,5,135,5,145,96,0,96,241
09/02/2011,HWD,CA,AWP,WE,Towers with Radar,0,4,21,0,25,0,1,126,3,130,0,5,147,3,155,204,0,204,359
09/03/2011,HWD,CA,AWP,WE,Towers with Radar,0,1,8,0,9,0,1,111,1,113,0,2,119,1,122,188,0,188,310
09/04/2011,HWD,CA,AWP,WE,Towers with Radar,0,2,34,0,36,0,0,79,1,80,0,2,113,1,116,94,0,94,210
09/05/2011,HWD,CA,AWP,WE,Towers with Radar,0,5,25,0,30,0,1,140,3,144,0,6,165,3,174,108,0,108,282
09/06/2011,HWD,CA,AWP,WE,Towers with Radar,0,5,18,0,23,0,3,83,1,87,0,8,101,1,110,88,6,94,204
09/07/2011,HWD,CA,AWP,WE,Towers with Radar,0,5,8,0,13,0,3,133,2,138,0,8,141,2,151,142,16,158,309
09/08/2011,HWD,CA,AWP,WE,Towers with Radar,0,1,12,0,13,0,1,123,5,129,0,2,135,5,142,166,0,166,308
09/09/2011,HWD,CA,AWP,WE,Towers with Radar,0,5,31,0,36,0,2,108,2,112,0,7,139,2,148,147,0,147,295
09/10/2011,HWD,CA,AWP,WE,Towers with Radar,0,2,8,0,10,0,1,104,0,105,0,3,112,0,115,142,0,142,257
09/11/2011,HWD,CA,AWP,WE,Towers with Radar,0,3,16,0,19,0,0,110,1,111,0,3,126,1,130,98,0,98,228
09/12/2011,HWD,CA,AWP,WE,Towers with Radar,0,2,12,0,14,0,2,101,5,108,0,4,113,5,122,64,0,64,186
09/13/2011,HWD,CA,AWP,WE,Towers with Radar,0,8,20,0,28,0,1,91,3,95,0,9,111,3,123,140,0,140,263
09/14/2011,HWD,CA,AWP,WE,Towers with Radar,0,10,35,0,45,0,0,78,5,83,0,10,113,5,128,82,0,82,210
09/15/2011,HWD,CA,AWP,WE,Towers with Radar,0,4,24,0,28,0,1,82,0,83,0,5,106,0,111,174,0,174,285
09/16/2011,HWD,CA,AWP,WE,Towers with Radar,0,8,16,0,24,0,0,104,6,110,0,8,120,6,134,180,0,180,314
09/17/2011,HWD,CA,AWP,WE,Towers with Radar,0,1,9,0,10,0,0,136,0,136,0,1,145,0,146,140,0,140,286
09/18/2011,HWD,CA,AWP,WE,Towers with Radar,0,4,25,0,29,0,0,156,0,156,0,4,181,0,185,123,0,123,308
09/19/2011,HWD,CA,AWP,WE,Towers with Radar,0,7,10,0,17,0,3,95,8,106,0,10,105,8,123,98,0,98,221
09/20/2011,HWD,CA,AWP,WE,Towers with Radar,0,9,19,0,28,0,4,134,7,145,0,13,153,7,173,78,0,78,251
09/21/2011,HWD,CA,AWP,WE,Towers with Radar,0,5,25,0,30,0,12,95,8,115,0,17,120,8,145,176,0,176,321
09/22/2011,HWD,CA,AWP,WE,Towers with Radar,0,3,22,0,25,0,23,86,9,118,0,26,108,9,143,122,0,122,265
09/23/2011,HWD,CA,AWP,WE,Towers with Radar,0,4,12,0,16,0,0,126,0,126,0,4,138,0,142,164,0,164,306
09/24/2011,HWD,CA,AWP,WE,Towers with Radar,1,2,29,0,32,0,1,114,0,115,1,3,143,0,147,152,0,152,299
09/25/2011,HWD,CA,AWP,WE,Towers with Radar,0,4,40,0,44,0,1,54,0,55,0,5,94,0,99,94,0,94,193
09/26/2011,HWD,CA,AWP,WE,Towers with Radar,0,13,21,0,34,0,1,73,3,77,0,14,94,3,111,22,18,40,151
09/27/2011,HWD,CA,AWP,WE,Towers with Radar,0,6,13,0,19,0,2,128,3,133,0,8,141,3,152,82,30,112,264
09/28/2011,HWD,CA,AWP,WE,Towers with Radar,0,3,16,0,19,0,1,167,9,177,0,4,183,9,196,128,0,128,324
09/29/2011,HWD,CA,AWP,WE,Towers with Radar,0,3,17,0,20,0,2,132,7,141,0,5,149,7,161,122,0,122,283
09/30/2011,HWD,CA,AWP,WE,Towers with Radar,0,4,18,0,22,0,3,95,2,100,0,7,113,2,122,180,0,180,302
10/01/2011,HWD,CA,AWP,WE,Towers with Radar,0,0,15,0,15,0,0,144,1,145,0,0,159,1,160,124,0,124,284
10/02/2011,HWD,CA,AWP,WE,Towers with Radar,0,3,26,0,29,0,0,117,3,120,0,3,143,3,149,104,8,112,261
10/03/2011,HWD,CA,AWP,WE,Towers with Radar,0,5,15,0,20,0,1,61,9,71,0,6,76,9,91,54,14,68,159
10/04/2011,HWD,CA,AWP,WE,Towers with Radar,0,4,14,0,18,0,1,32,2,35,0,5,46,2,53,36,0,36,89
10/05/2011,HWD,CA,AWP,WE,Towers with Radar,0,6,11,0,17,0,3,70,4,77,0,9,81,4,94,62,0,62,156
10/06/2011,HWD,CA,AWP,WE,Towers with Radar,0,1,20,0,21,0,2,61,3,66,0,3,81,3,87,54,0,54,141
10/07/2011,HWD,CA,AWP,WE,Towers with Radar,0,4,18,0,22,0,1,138,3,142,0,5,156,3,164,146,0,146,310
10/08/2011,HWD,CA,AWP,WE,Towers with Radar,0,3,19,0,22,0,0,167,4,171,0,3,186,4,193,196,0,196,389
10/09/2011,HWD,CA,AWP,WE,Towers with Radar,0,1,21,0,22,0,0,122,0,122,0,1,143,0,144,140,0,140,284
10/10/2011,HWD,CA,AWP,WE,Towers with Radar,0,4,44,0,48,0,0,21,0,21,0,4,65,0,69,4,0,4,73
10/11/2011,HWD,CA,AWP,WE,Towers with Radar,0,3,20,0,23,0,2,64,1,67,0,5,84,1,90,54,18,72,162
10/12/2011,HWD,CA,AWP,WE,Towers with Radar,0,5,12,0,17,0,3,146,3,152,0,8,158,3,169,68,0,68,237
10/13/2011,HWD,CA,AWP,WE,Towers with Radar,0,2,17,1,20,0,2,156,8,166,0,4,173,9,186,140,8,148,334
10/14/2011,HWD,CA,AWP,WE,Towers with Radar,0,6,16,0,22,0,1,178,2,181,0,7,194,2,203,196,0,196,399
10/15/2011,HWD,CA,AWP,WE,Towers with Radar,0,3,13,0,16,0,14,196,4,214,0,17,209,4,230,180,0,180,410
10/16/2011,HWD,CA,AWP,WE,Towers with Radar,0,3,19,0,22,0,1,155,6,162,0,4,174,6,184,146,0,146,330
10/17/2011,HWD,CA,AWP,WE,Towers with Radar,0,0,12,0,12,0,6,100,1,107,0,6,112,1,119,112,0,112,231
10/18/2011,HWD,CA,AWP,WE,Towers with Radar,0,3,36,0,39,0,0,74,0,74,0,3,110,0,113,50,48,98,211
10/19/2011,HWD,CA,AWP,WE,Towers with Radar,0,8,24,0,32,0,2,150,7,159,0,10,174,7,191,134,0,134,325
10/20/2011,HWD,CA,AWP,WE,Towers with Radar,0,2,19,0,21,0,1,88,2,91,0,3,107,2,112,230,0,230,342
10/21/2011,HWD,CA,AWP,WE,Towers with Radar,0,2,16,0,18,0,0,113,1,114,0,2,129,1,132,132,0,132,264
10/22/2011,HWD,CA,AWP,WE,Towers with Radar,0,3,21,0,24,0,1,196,4,201,0,4,217,4,225,190,0,190,415
10/23/2011,HWD,CA,AWP,WE,Towers with Radar,0,2,15,0,17,0,2,155,4,161,0,4,170,4,178,152,0,152,330
10/24/2011,HWD,CA,AWP,WE,Towers with Radar,0,1,15,0,16,0,2,122,6,130,0,3,137,6,146,176,0,176,322
10/25/2011,HWD,CA,AWP,WE,Towers with Radar,0,2,14,0,16,0,2,75,4,81,0,4,89,4,97,26,12,38,135
10/26/2011,HWD,CA,AWP,WE,Towers with Radar,0,3,20,0,23,0,3,160,5,168,0,6,180,5,191,156,0,156,347
10/27/2011,HWD,CA,AWP,WE,Towers with Radar,0,10,22,0,32,0,1,152,2,155,0,11,174,2,187,114,0,114,301
10/28/2011,HWD,CA,AWP,WE,Towers with Radar,0,2,18,0,20,0,1,153,0,154,0,3,171,0,174,162,0,162,336
10/29/2011,HWD,CA,AWP,WE,Towers with Radar,0,3,22,0,25,0,1,187,2,190,0,4,209,2,215,108,0,108,323
10/30/2011,HWD,CA,AWP,WE,Towers with Radar,0,2,15,0,17,0,0,111,0,111,0,2,126,0,128,96,0,96,224
10/31/2011,HWD,CA,AWP,WE,Towers with Radar,0,3,9,0,12,0,2,92,5,99,0,5,101,5,111,106,18,124,235
11/01/2011,HWD,CA,AWP,WE,Towers with Radar,0,3,11,0,14,0,4,122,3,129,0,7,133,3,143,38,6,44,187
11/02/2011,HWD,CA,AWP,WE,Towers with Radar,0,7,16,0,23,0,4,102,3,109,0,11,118,3,132,214,0,214,346
11/03/2011,HWD,CA,AWP,WE,Towers with Radar,0,4,10,0,14,0,2,90,2,94,0,6,100,2,108,88,0,88,196
11/04/2011,HWD,CA,AWP,WE,Towers with Radar,0,2,8,0,10,0,1,121,1,123,0,3,129,1,133,256,0,256,389
11/05/2011,HWD,CA,AWP,WE,Towers with Radar,0,1,7,0,8,0,0,89,0,89,0,1,96,0,97,174,0,174,271
11/06/2011,HWD,CA,AWP,WE,Towers with Radar,0,4,14,0,18,0,0,92,0,92,0,4,106,0,110,138,0,138,248
11/07/2011,HWD,CA,AWP,WE,Towers with Radar,0,6,14,0,20,0,2,100,2,104,0,8,114,2,124,68,0,68,192
11/08/2011,HWD,CA,AWP,WE,Towers with Radar,0,3,12,0,15,0,2,157,8,167,0,5,169,8,182,120,0,120,302
11/09/2011,HWD,CA,AWP,WE,Towers with Radar,0,4,20,0,24,0,1,156,3,160,0,5,176,3,184,256,6,262,446
11/10/2011,HWD,CA,AWP,WE,Towers with Radar,0,1,14,0,15,0,1,114,3,118,0,2,128,3,133,102,12,114,247
11/11/2011,HWD,CA,AWP,WE,Towers with Radar,0,2,7,0,9,0,1,65,4,70,0,3,72,4,79,47,0,47,126
11/12/2011,HWD,CA,AWP,WE,Towers with Radar,0,2,24,0,26,0,0,112,1,113,0,2,136,1,139,240,0,240,379
11/13/2011,HWD,CA,AWP,WE,Towers with Radar,0,3,21,0,24,0,4,167,0,171,0,7,188,0,195,106,0,106,301
11/14/2011,HWD,CA,AWP,WE,Towers with Radar,0,4,11,7,22,0,1,125,8,134,0,5,136,15,156,138,28,166,322
11/15/2011,HWD,CA,AWP,WE,Towers with Radar,0,10,13,0,23,0,1,121,5,127,0,11,134,5,150,204,0,204,354
11/16/2011,HWD,CA,AWP,WE,Towers with Radar,0,4,12,0,16,0,1,126,5,132,0,5,138,5,148,228,16,244,392
11/17/2011,HWD,CA,AWP,WE,Towers with Radar,0,10,16,0,26,0,2,52,3,57,0,12,68,3,83,162,0,162,245
11/18/2011,HWD,CA,AWP,WE,Towers with Radar,0,6,19,1,26,0,1,57,3,61,0,7,76,4,87,40,0,40,127
11/19/2011,HWD,CA,AWP,WE,Towers with Radar,0,1,19,0,20,10,0,141,5,156,10,1,160,5,176,104,0,104,280
11/20/2011,HWD,CA,AWP,WE,Towers with Radar,0,7,14,0,21,0,0,32,1,33,0,7,46,1,54,62,0,62,116
11/21/2011,HWD,CA,AWP,WE,Towers with Radar,0,3,15,0,18,0,2,100,0,102,0,5,115,0,120,160,0,160,280
11/22/2011,HWD,CA,AWP,WE,Towers with Radar,0,3,18,0,21,0,1,134,0,135,0,4,152,0,156,218,0,218,374
11/23/2011,HWD,CA,AWP,WE,Towers with Radar,0,3,22,0,25,0,2,79,0,81,0,5,101,0,106,50,0,50,156
11/24/2011,HWD,CA,AWP,WE,Towers with Radar,0,0,7,0,7,0,0,6,0,6,0,0,13,0,13,0,0,0,13
11/25/2011,HWD,CA,AWP,WE,Towers with Radar,0,3,15,0,18,0,4,52,4,60,0,7,67,4,78,120,0,120,198
11/26/2011,HWD,CA,AWP,WE,Towers with Radar,8,5,12,0,25,0,4,120,2,126,8,9,132,2,151,134,0,134,285
11/27/2011,HWD,CA,AWP,WE,Towers with Radar,0,6,36,0,42,0,0,85,1,86,0,6,121,1,128,62,0,62,190
11/28/2011,HWD,CA,AWP,WE,Towers with Radar,0,4,16,0,20,0,1,42,0,43,0,5,58,0,63,26,0,26,89
11/29/2011,HWD,CA,AWP,WE,Towers with Radar,0,1,14,0,15,0,1,1,0,2,0,2,15,0,17,16,0,16,33
11/30/2011,HWD,CA,AWP,WE,Towers with Radar,0,2,7,0,9,0,3,72,3,78,0,5,79,3,87,38,0,38,125
12/01/2011,HWD,CA,AWP,WE,Towers with Radar,0,3,3,0,6,0,2,25,2,29,0,5,28,2,35,0,0,0,35
12/02/2011,HWD,CA,AWP,WE,Towers with Radar,0,1,13,0,14,0,1,142,2,145,0,2,155,2,159,246,0,246,405
12/03/2011,HWD,CA,AWP,WE,Towers with Radar,0,2,5,0,7,0,0,66,1,67,0,2,71,1,74,52,0,52,126
12/04/2011,HWD,CA,AWP,WE,Towers with Radar,0,3,22,0,25,0,0,140,0,140,0,3,162,0,165,112,12,124,289
12/05/2011,HWD,CA,AWP,WE,Towers with Radar,0,5,9,0,14,0,2,102,2,106,0,7,111,2,120,76,0,76,196
12/06/2011,HWD,CA,AWP,WE,Towers with Radar,0,3,13,0,16,0,1,143,1,145,0,4,156,1,161,178,0,178,339
12/07/2011,HWD,CA,AWP,WE,Towers with Radar,0,4,14,0,18,0,1,132,4,137,0,5,146,4,155,142,0,142,297
12/08/2011,HWD,CA,AWP,WE,Towers with Radar,0,5,23,0,28,0,1,133,2,136,0,6,156,2,164,148,0,148,312
12/09/2011,HWD,CA,AWP,WE,Towers with Radar,0,4,22,0,26,0,0,140,3,143,0,4,162,3,169,158,0,158,327
12/10/2011,HWD,CA,AWP,WE,Towers with Radar,0,4,14,0,18,0,0,164,1,165,0,4,178,1,183,179,0,179,362
12/11/2011,HWD,CA,AWP,WE,Towers with Radar,0,2,7,0,9,0,0,86,0,86,0,2,93,0,95,148,0,148,243
12/12/2011,HWD,CA,AWP,WE,Towers with Radar,0,4,12,0,16,0,1,98,7,106,0,5,110,7,122,70,0,70,192
12/13/2011,HWD,CA,AWP,WE,Towers with Radar,0,1,10,0,11,0,1,138,4,143,0,2,148,4,154,94,12,106,260
12/14/2011,HWD,CA,AWP,WE,Towers with Radar,0,5,12,0,17,0,2,111,2,115,0,7,123,2,132,122,24,146,278
12/15/2011,HWD,CA,AWP,WE,Towers with Radar,0,4,14,0,18,0,1,69,3,73,0,5,83,3,91,114,0,114,205
12/16/2011,HWD,CA,AWP,WE,Towers with Radar,0,1,14,0,15,0,1,134,2,137,0,2,148,2,152,106,0,106,258
12/17/2011,HWD,CA,AWP,WE,Towers with Radar,0,2,14,0,16,0,0,131,1,132,0,2,145,1,148,74,0,74,222
12/18/2011,HWD,CA,AWP,WE,Towers with Radar,0,3,18,0,21,0,0,104,0,104,0,3,122,0,125,130,0,130,255
12/19/2011,HWD,CA,AWP,WE,Towers with Radar,0,2,12,0,14,0,1,131,3,135,0,3,143,3,149,94,0,94,243
12/20/2011,HWD,CA,AWP,WE,Towers with Radar,0,7,10,0,17,0,1,131,3,135,0,8,141,3,152,122,0,122,274
12/21/2011,HWD,CA,AWP,WE,Towers with Radar,0,5,14,0,19,0,0,136,2,138,0,5,150,2,157,154,0,154,311
12/22/2011,HWD,CA,AWP,WE,Towers with Radar,0,8,11,0,19,0,1,137,8,146,0,9,148,8,165,52,0,52,217
12/23/2011,HWD,CA,AWP,WE,Towers with Radar,0,1,6,0,7,0,1,127,4,132,0,2,133,4,139,78,0,78,217
12/24/2011,HWD,CA,AWP,WE,Towers with Radar,0,0,8,0,8,0,0,82,1,83,0,0,90,1,91,36,0,36,127
12/25/2011,HWD,CA,AWP,WE,Towers with Radar,0,1,3,0,4,0,0,11,0,11,0,1,14,0,15,54,0,54,69
12/26/2011,HWD,CA,AWP,WE,Towers with Radar,0,2,28,0,30,0,0,53,0,53,0,2,81,0,83,32,0,32,115
12/27/2011,HWD,CA,AWP,WE,Towers with Radar,0,3,14,0,17,0,3,107,1,111,0,6,121,1,128,125,0,125,253
12/28/2011,HWD,CA,AWP,WE,Towers with Radar,0,1,11,0,12,1,1,143,6,151,1,2,154,6,163,108,0,108,271
12/29/2011,HWD,CA,AWP,WE,Towers with Radar,0,6,25,0,31,0,0,70,0,70,0,6,95,0,101,68,0,68,169
12/30/2011,HWD,CA,AWP,WE,Towers with Radar,0,4,22,0,26,0,1,31,0,32,0,5,53,0,58,80,0,80,138
12/31/2011,HWD,CA,AWP,WE,Towers with Radar,0,0,7,0,7,0,8,94,0,102,0,8,101,0,109,122,0,122,231
01/01/2012,HWD,CA,AWP,WE,Towers with Radar,0,4,1,0,5,0,0,49,3,52,0,4,50,3,57,54,0,54,111
01/02/2012,HWD,CA,AWP,WE,Towers with Radar,0,9,27,0,36,0,1,82,3,86,0,10,109,3,122,90,0,90,212
01/03/2012,HWD,CA,AWP,WE,Towers with Radar,0,2,9,0,11,0,1,15,3,19,0,3,24,3,30,8,0,8,38
01/04/2012,HWD,CA,AWP,WE,Towers with Radar,0,4,8,0,12,0,2,113,2,117,0,6,121,2,129,87,0,87,216
01/05/2012,HWD,CA,AWP,WE,Towers with Radar,0,5,11,0,16,0,3,147,1,151,0,8,158,1,167,98,0,98,265
01/06/2012,HWD,CA,AWP,WE,Towers with Radar,0,2,7,0,9,0,2,136,2,140,0,4,143,2,149,58,0,58,207
01/07/2012,HWD,CA,AWP,WE,Towers with Radar,0,1,7,0,8,0,0,149,1,150,0,1,156,1,158,136,0,136,294
01/08/2012,HWD,CA,AWP,WE,Towers with Radar,0,2,11,0,13,0,0,128,4,132,0,2,139,4,145,80,0,80,225
01/09/2012,HWD,CA,AWP,WE,Towers with Radar,0,5,12,0,17,0,1,119,5,125,0,6,131,5,142,106,0,106,248
01/10/2012,HWD,CA,AWP,WE,Towers with Radar,0,5,11,0,16,0,2,98,2,102,0,7,109,2,118,138,0,138,256
01/11/2012,HWD,CA,AWP,WE,Towers with Radar,0,6,16,0,22,0,1,98,0,99,0,7,114,0,121,226,0,226,347
01/12/2012,HWD,CA,AWP,WE,Towers with Radar,0,3,14,0,17,0,1,109,2,112,0,4,123,2,129,170,0,170,299
01/13/2012,HWD,CA,AWP,WE,Towers with Radar,0,7,18,0,25,0,1,146,1,148,0,8,164,1,173,162,0,162,335
01/14/2012,HWD,CA,AWP,WE,Towers with Radar,0,4,15,0,19,0,0,206,1,207,0,4,221,1,226,275,0,275,501
01/15/2012,HWD,CA,AWP,WE,Towers with Radar,0,0,18,0,18,0,2,64,1,67,0,2,82,1,85,56,0,56,141
01/16/2012,HWD,CA,AWP,WE,Towers with Radar,0,1,16,0,17,0,1,92,4,97,0,2,108,4,114,52,0,52,166
01/17/2012,HWD,CA,AWP,WE,Towers with Radar,0,6,12,0,18,0,5,95,2,102,0,11,107,2,120,82,0,82,202
01/18/2012,HWD,CA,AWP,WE,Towers with Radar,0,4,11,0,15,0,2,83,2,87,0,6,94,2,102,122,0,122,224
01/19/2012,HWD,CA,AWP,WE,Towers with Radar,0,7,12,0,19,0,1,48,1,50,0,8,60,1,69,30,0,30,99
01/20/2012,HWD,CA,AWP,WE,Towers with Radar,0,3,14,0,17,0,0,50,5,55,0,3,64,5,72,20,0,20,92
01/21/2012,HWD,CA,AWP,WE,Towers with Radar,0,1,11,0,12,0,0,53,3,56,0,1,64,3,68,74,0,74,142
01/22/2012,HWD,CA,AWP,WE,Towers with Radar,0,8,11,0,19,0,1,37,1,39,0,9,48,1,58,22,0,22,80
01/23/2012,HWD,CA,AWP,WE,Towers with Radar,0,3,13,0,16,0,1,35,1,37,0,4,48,1,53,36,0,36,89
01/24/2012,HWD,CA,AWP,WE,Towers with Radar,0,3,15,0,18,0,1,104,1,106,0,4,119,1,124,92,0,92,216
01/25/2012,HWD,CA,AWP,WE,Towers with Radar,0,2,14,0,16,0,1,80,0,81,0,3,94,0,97,46,0,46,143
01/26/2012,HWD,CA,AWP,WE,Towers with Radar,0,9,29,0,38,0,0,7,0,7,0,9,36,0,45,0,0,0,45
01/27/2012,HWD,CA,AWP,WE,Towers with Radar,0,4,24,0,28,0,1,131,4,136,0,5,155,4,164,56,0,56,220
01/28/2012,HWD,CA,AWP,WE,Towers with Radar,0,6,12,0,18,0,1,337,5,343,0,7,349,5,361,290,0,290,651
01/29/2012,HWD,CA,AWP,WE,Towers with Radar,0,6,47,0,53,0,2,228,1,231,0,8,275,1,284,94,0,94,378
01/30/2012,HWD,CA,AWP,WE,Towers with Radar,0,6,11,0,17,0,1,115,2,118,0,7,126,2,135,80,0,80,215
01/31/2012,HWD,CA,AWP,WE,Towers with Radar,0,4,18,0,22,0,0,106,2,108,0,4,124,2,130,46,0,46,176
02/01/2012,HWD,CA,AWP,WE,Towers with Radar,0,3,24,0,27,0,1,59,3,63,0,4,83,3,90,116,0,116,206
02/02/2012,HWD,CA,AWP,WE,Towers with Radar,0,2,19,0,21,0,2,128,3,133,0,4,147,3,154,150,0,150,304
02/03/2012,HWD,CA,AWP,WE,Towers with Radar,0,6,21,0,27,0,2,125,3,130,0,8,146,3,157,166,0,166,323
02/04/2012,HWD,CA,AWP,WE,Towers with Radar,0,0,14,0,14,0,0,134,1,135,0,0,148,1,149,256,0,256,405
02/05/2012,HWD,CA,AWP,WE,Towers with Radar,0,2,15,0,17,0,1,138,0,139,0,3,153,0,156,66,0,66,222
02/06/2012,HWD,CA,AWP,WE,Towers with Radar,0,6,22,0,28,0,15,127,0,142,0,21,149,0,170,126,0,126,296
02/07/2012,HWD,CA,AWP,WE,Towers with Radar,0,2,14,0,16,0,1,35,0,36,0,3,49,0,52,28,0,28,80
02/08/2012,HWD,CA,AWP,WE,Towers with Radar,0,7,23,0,30,0,1,90,0,91,0,8,113,0,121,120,0,120,241
02/09/2012,HWD,CA,AWP,WE,Towers with Radar,0,3,18,0,21,0,1,143,7,151,0,4,161,7,172,120,0,120,292
02/10/2012,HWD,CA,AWP,WE,Towers with Radar,0,6,14,0,20,0,0,84,6,90,0,6,98,6,110,96,0,96,206
02/11/2012,HWD,CA,AWP,WE,Towers with Radar,0,0,15,0,15,0,0,57,1,58,0,0,72,1,73,118,0,118,191
02/12/2012,HWD,CA,AWP,WE,Towers with Radar,0,3,16,0,19,0,1,86,1,88,0,4,102,1,107,88,0,88,195
02/13/2012,HWD,CA,AWP,WE,Towers with Radar,0,1,11,1,13,0,1,29,0,30,0,2,40,1,43,0,0,0,43
02/14/2012,HWD,CA,AWP,WE,Towers with Radar,0,3,15,0,18,0,1,135,2,138,0,4,150,2,156,152,0,152,308
02/15/2012,HWD,CA,AWP,WE,Towers with Radar,0,7,12,3,22,0,1,84,3,88,0,8,96,6,110,64,0,64,174
02/16/2012,HWD,CA,AWP,WE,Towers with Radar,0,22,40,3,65,0,0,63,0,63,0,22,103,3,128,50,0,50,178
02/17/2012,HWD,CA,AWP,WE,Towers with Radar,0,18,30,0,48,0,2,134,4,140,0,20,164,4,188,92,0,92,280
02/18/2012,HWD,CA,AWP,WE,Towers with Radar,0,12,18,0,30,0,0,104,0,104,0,12,122,0,134,228,0,228,362
02/19/2012,HWD,CA,AWP,WE,Towers with Radar,0,5,18,0,23,0,0,124,4,128,0,5,142,4,151,122,0,122,273
02/20/2012,HWD,CA,AWP,WE,Towers with Radar,0,5,21,0,26,0,2,100,4,106,0,7,121,4,132,252,0,252,384
02/21/2012,HWD,CA,AWP,WE,Towers with Radar,0,3,19,0,22,0,1,80,7,88,0,4,99,7,110,88,0,88,198
02/22/2012,HWD,CA,AWP,WE,Towers with Radar,0,5,17,0,22,0,1,105,6,112,0,6,122,6,134,116,0,116,250
02/23/2012,HWD,CA,AWP,WE,Towers with Radar,0,8,17,0,25,0,1,101,9,111,0,9,118,9,136,198,0,198,334
02/24/2012,HWD,CA,AWP,WE,Towers with Radar,0,5,13,1,19,0,2,154,2,158,0,7,167,3,177,152,0,152,329
02/25/2012,HWD,CA,AWP,WE,Towers with Radar,0,7,15,0,22,0,1,149,2,152,0,8,164,2,174,145,0,145,319
02/26/2012,HWD,CA,AWP,WE,Towers with Radar,0,6,25,0,31,0,0,141,3,144,0,6,166,3,175,178,0,178,353
02/27/2012,HWD,CA,AWP,WE,Towers with Radar,0,1,27,2,30,0,4,98,4,106,0,5,125,6,136,80,0,80,216
02/28/2012,HWD,CA,AWP,WE,Towers with Radar,0,2,10,0,12,0,1,53,4,58,0,3,63,4,70,74,0,74,144
02/29/2012,HWD,CA,AWP,WE,Towers with Radar,0,2,14,0,16,0,1,45,2,48,0,3,59,2,64,89,0,89,153
03/01/2012,HWD,CA,AWP,WE,Towers with Radar,0,5,17,0,22,0,1,47,2,50,0,6,64,2,72,56,0,56,128
03/02/2012,HWD,CA,AWP,WE,Towers with Radar,0,5,19,0,24,0,1,146,2,149,0,6,165,2,173,86,0,86,259
03/03/2012,HWD,CA,AWP,WE,Towers with Radar,0,2,24,0,26,0,0,145,1,146,0,2,169,1,172,146,0,146,318
03/04/2012,HWD,CA,AWP,WE,Towers with Radar,0,1,14,0,15,0,3,161,2,166,0,4,175,2,181,102,0,102,283
03/05/2012,HWD,CA,AWP,WE,Towers with Radar,0,4,21,0,25,0,0,77,9,86,0,4,98,9,111,80,0,80,191
03/06/2012,HWD,CA,AWP,WE,Towers with Radar,0,4,4,1,9,0,1,31,2,34,0,5,35,3,43,30,5,35,78
03/07/2012,HWD,CA,AWP,WE,Towers with Radar,0,6,14,0,20,0,2,137,6,145,0,8,151,6,165,122,0,122,287
03/08/2012,HWD,CA,AWP,WE,Towers with Radar,0,3,20,0,23,0,1,159,9,169,0,4,179,9,192,146,0,146,338
03/09/2012,HWD,CA,AWP,WE,Towers with Radar,0,8,21,1,30,0,1,142,10,153,0,9,163,11,183,70,0,70,253
03/10/2012,HWD,CA,AWP,WE,Towers with Radar,0,2,9,0,11,0,2,112,1,115,0,4,121,1,126,192,0,192,318
03/11/2012,HWD,CA,AWP,WE,Towers with Radar,0,1,24,1,26,0,1,78,1,80,0,2,102,2,106,196,0,196,302
03/12/2012,HWD,CA,AWP,WE,Towers with Radar,0,6,15,0,21,0,6,76,3,85,0,12,91,3,106,34,0,34,140
03/13/2012,HWD,CA,AWP,WE,Towers with Radar,0,8,17,0,25,0,1,9,1,11,0,9,26,1,36,12,0,12,48
03/14/2012,HWD,CA,AWP,WE,Towers with Radar,0,7,25,0,32,0,0,16,0,16,0,7,41,0,48,0,0,0,48
03/15/2012,HWD,CA,AWP,WE,Towers with Radar,0,6,27,0,33,0,1,34,2,37,0,7,61,2,70,44,0,44,114
03/16/2012,HWD,CA,AWP,WE,Towers with Radar,0,5,14,0,19,0,0,22,0,22,0,5,36,0,41,6,0,6,47
03/17/2012,HWD,CA,AWP,WE,Towers with Radar,0,1,8,0,9,0,0,27,1,28,0,1,35,1,37,80,0,80,117
03/18/2012,HWD,CA,AWP,WE,Towers with Radar,0,3,14,0,17,0,0,19,1,20,0,3,33,1,37,30,0,30,67
03/19/2012,HWD,CA,AWP,WE,Towers with Radar,0,1,11,0,12,0,2,89,5,96,0,3,100,5,108,102,0,102,210
03/20/2012,HWD,CA,AWP,WE,Towers with Radar,0,3,20,0,23,0,4,73,2,79,0,7,93,2,102,130,0,130,232
03/21/2012,HWD,CA,AWP,WE,Towers with Radar,0,2,27,0,29,0,2,105,4,111,0,4,132,4,140,137,0,137,277
03/22/2012,HWD,CA,AWP,WE,Towers with Radar,0,0,22,0,22,0,1,65,5,71,0,1,87,5,93,102,0,102,195
03/23/2012,HWD,CA,AWP,WE,Towers with Radar,0,2,21,0,23,0,1,156,1,158,0,3,177,1,181,140,0,140,321
03/24/2012,HWD,CA,AWP,WE,Towers with Radar,0,1,23,0,24,0,0,33,1,34,0,1,56,1,58,52,0,52,110
03/25/2012,HWD,CA,AWP,WE,Towers with Radar,0,1,10,0,11,0,2,58,0,60,0,3,68,0,71,30,0,30,101
03/26/2012,HWD,CA,AWP,WE,Towers with Radar,0,0,8,0,8,0,2,85,2,89,0,2,93,2,97,96,0,96,193
03/27/2012,HWD,CA,AWP,WE,Towers with Radar,0,4,14,0,18,0,1,18,0,19,0,5,32,0,37,0,0,0,37
03/28/2012,HWD,CA,AWP,WE,Towers with Radar,0,0,38,0,38,0,2,63,4,69,0,2,101,4,107,182,0,182,289
03/29/2012,HWD,CA,AWP,WE,Towers with Radar,0,2,20,0,22,0,1,86,5,92,0,3,106,5,114,148,0,148,262
03/30/2012,HWD,CA,AWP,WE,Towers with Radar,0,4,12,0,16,0,2,89,9,100,0,6,101,9,116,92,0,92,208
03/31/2012,HWD,CA,AWP,WE,Towers with Radar,0,5,8,0,13,0,0,11,1,12,0,5,19,1,25,0,0,0,25
04/01/2012,HWD,CA,AWP,WE,Towers with Radar,0,4,28,0,32,0,1,77,1,79,0,5,105,1,111,84,0,84,195
04/02/2012,HWD,CA,AWP,WE,Towers with Radar,0,0,14,0,14,0,2,102,8,112,0,2,116,8,126,198,0,198,324
04/03/2012,HWD,CA,AWP,WE,Towers with Radar,0,1,10,0,11,0,2,79,1,82,0,3,89,1,93,124,0,124,217
04/04/2012,HWD,CA,AWP,WE,Towers with Radar,0,6,19,0,25,0,3,70,9,82,0,9,89,9,107,90,0,90,197
04/05/2012,HWD,CA,AWP,WE,Towers with Radar,0,1,9,0,10,0,3,101,12,116,0,4,110,12,126,132,0,132,258
04/06/2012,HWD,CA,AWP,WE,Towers with Radar,0,3,20,0,23,0,1,150,8,159,0,4,170,8,182,134,0,134,316
04/07/2012,HWD,CA,AWP,WE,Towers with Radar,0,1,19,0,20,0,0,146,2,148,0,1,165,2,168,145,0,145,313
04/08/2012,HWD,CA,AWP,WE,Towers with Radar,0,2,8,0,10,0,0,71,2,73,0,2,79,2,83,40,0,40,123
04/09/2012,HWD,CA,AWP,WE,Towers with Radar,0,2,20,0,22,0,1,117,7,125,0,3,137,7,147,174,0,174,321
04/10/2012,HWD,CA,AWP,WE,Towers with Radar,0,5,18,0,23,0,1,55,1,57,0,6,73,1,80,57,0,57,137
04/11/2012,HWD,CA,AWP,WE,Towers with Radar,0,1,16,0,17,0,2,65,3,70,0,3,81,3,87,90,0,90,177
04/12/2012,HWD,CA,AWP,WE,Towers with Radar,0,5,14,0,19,0,1,37,1,39,0,6,51,1,58,60,0,60,118
04/13/2012,HWD,CA,AWP,WE,Towers with Radar,0,3,13,0,16,0,1,45,2,48,0,4,58,2,64,22,0,22,86
04/14/2012,HWD,CA,AWP,WE,Towers with Radar,0,0,24,0,24,0,0,129,0,129,0,0,153,0,153,122,0,122,275
04/15/2012,HWD,CA,AWP,WE,Towers with Radar,0,1,29,0,30,0,0,112,1,113,0,1,141,1,143,114,0,114,257
04/16/2012,HWD,CA,AWP,WE,Towers with Radar,0,2,18,1,21,0,2,95,3,100,0,4,113,4,121,228,0,228,349
04/17/2012,HWD,CA,AWP,WE,Towers with Radar,0,1,25,0,26,0,2,87,1,90,0,3,112,1,116,180,0,180,296
04/18/2012,HWD,CA,AWP,WE,Towers with Radar,0,2,15,0,17,0,2,121,2,125,0,4,136,2,142,178,0,178,320
04/19/2012,HWD,CA,AWP,WE,Towers with Radar,0,4,31,0,35,0,2,111,3,116,0,6,142,3,151,241,0,241,392
04/20/2012,HWD,CA,AWP,WE,Towers with Radar,0,13,13,0,26,0,4,157,2,163,0,17,170,2,189,162,0,162,351
04/21/2012,HWD,CA,AWP,WE,Towers with Radar,0,6,6,0,12,0,4,148,4,156,0,10,154,4,168,168,0,168,336
04/22/2012,HWD,CA,AWP,WE,Towers with Radar,0,3,22,0,25,0,1,72,1,74,0,4,94,1,99,142,0,142,241
04/23/2012,HWD,CA,AWP,WE,Towers with Radar,0,0,16,0,16,0,3,76,8,87,0,3,92,8,103,142,0,142,245
04/24/2012,HWD,CA,AWP,WE,Towers with Radar,0,1,13,0,14,0,1,128,6,135,0,2,141,6,149,182,0,182,331
04/25/2012,HWD,CA,AWP,WE,Towers with Radar,0,2,12,0,14,0,1,57,6,64,0,3,69,6,78,106,0,106,184
04/26/2012,HWD,CA,AWP,WE,Towers with Radar,0,2,14,0,16,0,2,57,8,67,0,4,71,8,83,78,0,78,161
04/27/2012,HWD,CA,AWP,WE,Towers with Radar,0,4,24,0,28,0,1,146,4,151,0,5,170,4,179,92,0,92,271
04/28/2012,HWD,CA,AWP,WE,Towers with Radar,0,2,15,0,17,0,0,182,5,187,0,2,197,5,204,103,0,103,307
04/29/2012,HWD,CA,AWP,WE,Towers with Radar,0,2,26,0,28,0,0,123,4,127,0,2,149,4,155,144,0,144,299
04/30/2012,HWD,CA,AWP,WE,Towers with Radar,0,3,11,0,14,0,2,96,5,103,0,5,107,5,117,62,0,62,179
05/01/2012,HWD,CA,AWP,WE,Towers with Radar,0,0,12,0,12,0,3,102,6,111,0,3,114,6,123,64,0,64,187
05/02/2012,HWD,CA,AWP,WE,Towers with Radar,0,1,18,0,19,0,1,150,2,153,0,2,168,2,172,130,0,130,302
05/03/2012,HWD,CA,AWP,WE,Towers with Radar,0,5,26,0,31,0,1,78,2,81,0,6,104,2,112,98,0,98,210
05/04/2012,HWD,CA,AWP,WE,Towers with Radar,0,3,12,0,15,0,3,104,4,111,0,6,116,4,126,98,0,98,224
05/05/2012,HWD,CA,AWP,WE,Towers with Radar,0,0,13,0,13,0,0,128,0,128,0,0,141,0,141,202,0,202,343
05/06/2012,HWD,CA,AWP,WE,Towers with Radar,0,3,24,0,27,0,0,111,1,112,0,3,135,1,139,122,0,122,261
05/07/2012,HWD,CA,AWP,WE,Towers with Radar,0,0,23,0,23,0,2,110,2,114,0,2,133,2,137,86,0,86,223
05/08/2012,HWD,CA,AWP,WE,Towers with Radar,0,4,29,0,33,0,2,147,3,152,0,6,176,3,185,90,0,90,275
05/09/2012,HWD,CA,AWP,WE,Towers with Radar,0,3,14,0,17,0,2,143,7,152,0,5,157,7,169,192,0,192,361
05/10/2012,HWD,CA,AWP,WE,Towers with Radar,0,9,27,0,36,3,3,110,6,122,3,12,137,6,158,146,0,146,304
05/11/2012,HWD,CA,AWP,WE,Towers with Radar,0,4,25,0,29,0,1,132,6,139,0,5,157,6,168,150,0,150,318
05/12/2012,HWD,CA,AWP,WE,Towers with Radar,0,1,16,0,17,0,0,297,6,303,0,1,313,6,320,130,0,130,450
05/13/2012,HWD,CA,AWP,WE,Towers with Radar,0,1,14,0,15,0,0,70,1,71,0,1,84,1,86,60,0,60,146
05/14/2012,HWD,CA,AWP,WE,Towers with Radar,0,6,17,0,23,0,2,99,4,105,0,8,116,4,128,98,0,98,226
05/15/2012,HWD,CA,AWP,WE,Towers with Radar,0,2,15,0,17,0,1,113,10,124,0,3,128,10,141,134,0,134,275
05/16/2012,HWD,CA,AWP,WE,Towers with Radar,0,0,41,0,41,0,1,65,3,69,0,1,106,3,110,28,0,28,138
05/17/2012,HWD,CA,AWP,WE,Towers with Radar,0,6,25,0,31,0,0,63,3,66,0,6,88,3,97,34,0,34,131
05/18/2012,HWD,CA,AWP,WE,Towers with Radar,0,4,14,0,18,0,2,134,3,139,0,6,148,3,157,136,0,136,293
05/19/2012,HWD,CA,AWP,WE,Towers with Radar,0,1,12,0,13,0,0,156,1,157,0,1,168,1,170,200,0,200,370
05/20/2012,HWD,CA,AWP,WE,Towers with Radar,0,0,18,0,18,0,1,118,0,119,0,1,136,0,137,114,0,114,251
05/21/2012,HWD,CA,AWP,WE,Towers with Radar,0,2,33,0,35,0,2,80,3,85,0,4,113,3,120,36,0,36,156
05/22/2012,HWD,CA,AWP,WE,Towers with Radar,0,5,13,0,18,0,3,80,3,86,0,8,93,3,104,132,0,132,236
05/23/2012,HWD,CA,AWP,WE,Towers with Radar,0,4,20,0,24,0,1,85,3,89,0,5,105,3,113,58,0,58,171
05/24/2012,HWD,CA,AWP,WE,Towers with Radar,0,11,12,0,23,0,3,103,4,110,0,14,115,4,133,68,0,68,201
05/25/2012,HWD,CA,AWP,WE,Towers with Radar,0,2,22,0,24,0,2,89,3,94,0,4,111,3,118,84,0,84,202
05/26/2012,HWD,CA,AWP,WE,Towers with Radar,0,0,13,0,13,0,0,68,2,70,0,0,81,2,83,92,0,92,175
05/27/2012,HWD,CA,AWP,WE,Towers with Radar,0,1,12,0,13,0,1,61,3,65,0,2,73,3,78,128,0,128,206
05/28/2012,HWD,CA,AWP,WE,Towers with Radar,0,1,11,0,12,0,1,106,2,109,0,2,117,2,121,148,0,148,269
05/29/2012,HWD,CA,AWP,WE,Towers with Radar,0,1,16,0,17,0,3,111,1,115,0,4,127,1,132,130,0,130,262
05/30/2012,HWD,CA,AWP,WE,Towers with Radar,0,0,14,0,14,0,3,117,5,125,0,3,131,5,139,358,0,358,497
05/31/2012,HWD,CA,AWP,WE,Towers with Radar,0,3,26,0,29,0,2,103,4,109,0,5,129,4,138,206,0,206,344
06/01/2012,HWD,CA,AWP,WE,Towers with Radar,0,2,18,0,20,0,2,113,5,120,0,4,131,5,140,92,0,92,232
06/02/2012,HWD,CA,AWP,WE,Towers with Radar,0,0,16,1,17,0,0,124,0,124,0,0,140,1,141,194,0,194,335
06/03/2012,HWD,CA,AWP,WE,Towers with Radar,0,0,12,1,13,0,0,123,2,125,0,0,135,3,138,100,0,100,238
06/04/2012,HWD,CA,AWP,WE,Towers with Radar,0,1,21,0,22,0,2,37,1,40,0,3,58,1,62,32,0,32,94
06/05/2012,HWD,CA,AWP,WE,Towers with Radar,0,5,14,0,19,0,2,89,2,93,0,7,103,2,112,62,0,62,174
06/06/2012,HWD,CA,AWP,WE,Towers with Radar,0,3,16,0,19,0,3,87,2,92,0,6,103,2,111,70,0,70,181
06/07/2012,HWD,CA,AWP,WE,Towers with Radar,0,1,26,1,28,0,3,182,11,196,0,4,208,12,224,124,0,124,348
06/08/2012,HWD,CA,AWP,WE,Towers with Radar,0,4,10,0,14,0,4,146,11,161,0,8,156,11,175,140,0,140,315
06/09/2012,HWD,CA,AWP,WE,Towers with Radar,0,0,7,0,7,0,1,89,0,90,0,1,96,0,97,124,0,124,221
06/10/2012,HWD,CA,AWP,WE,Towers with Radar,0,1,14,0,15,0,1,123,2,126,0,2,137,2,141,120,0,120,261
06/11/2012,HWD,CA,AWP,WE,Towers with Radar,0,0,8,0,8,0,2,90,8,100,0,2,98,8,108,144,0,144,252
06/12/2012,HWD,CA,AWP,WE,Towers with Radar,0,3,10,0,13,0,6,127,10,143,0,9,137,10,156,174,0,174,330
06/13/2012,HWD,CA,AWP,WE,Towers with Radar,0,1,15,0,16,0,3,141,3,147,0,4,156,3,163,124,0,124,287
06/14/2012,HWD,CA,AWP,WE,Towers with Radar,0,2,14,0,16,0,2,145,17,164,0,4,159,17,180,146,0,146,326
06/15/2012,HWD,CA,AWP,WE,Towers with Radar,0,1,13,0,14,0,2,149,2,153,0,3,162,2,167,116,0,116,283
06/16/2012,HWD,CA,AWP,WE,Towers with Radar,0,1,15,0,16,0,1,157,1,159,0,2,172,1,175,174,0,174,349
06/17/2012,HWD,CA,AWP,WE,Towers with Radar,0,0,11,0,11,0,0,84,0,84,0,0,95,0,95,44,0,44,139
06/18/2012,HWD,CA,AWP,WE,Towers with Radar,0,4,21,0,25,0,2,82,3,87,0,6,103,3,112,92,0,92,204
06/19/2012,HWD,CA,AWP,WE,Towers with Radar,0,0,25,0,25,0,4,170,7,181,0,4,195,7,206,144,0,144,350
06/20/2012,HWD,CA,AWP,WE,Towers with Radar,0,0,12,0,12,0,2,156,7,165,0,2,168,7,177,118,0,118,295
06/21/2012,HWD,CA,AWP,WE,Towers with Radar,0,4,11,0,15,0,1,70,1,72,0,5,81,1,87,48,0,48,135
06/22/2012,HWD,CA,AWP,WE,Towers with Radar,0,1,20,0,21,0,1,101,3,105,0,2,121,3,126,146,0,146,272
06/23/2012,HWD,CA,AWP,WE,Towers with Radar,0,0,21,0,21,0,2,181,0,183,0,2,202,0,204,154,0,154,358
06/24/2012,HWD,CA,AWP,WE,Towers with Radar,0,3,10,0,13,0,1,106,1,108,0,4,116,1,121,66,0,66,187
06/25/2012,HWD,CA,AWP,WE,Towers with Radar,0,1,14,0,15,0,4,122,4,130,0,5,136,4,145,110,0,110,255
06/26/2012,HWD,CA,AWP,WE,Towers with Radar,0,1,12,0,13,0,2,106,2,110,0,3,118,2,123,82,0,82,205
06/27/2012,HWD,CA,AWP,WE,Towers with Radar,0,3,9,0,12,0,3,146,11,160,0,6,155,11,172,172,0,172,344
06/28/2012,HWD,CA,AWP,WE,Towers with Radar,0,2,12,0,14,0,9,140,5,154,0,11,152,5,168,58,0,58,226
06/29/2012,HWD,CA,AWP,WE,Towers with Radar,2,7,20,0,29,0,2,99,3,104,2,9,119,3,133,82,0,82,215
06/30/2012,HWD,CA,AWP,WE,Towers with Radar,0,2,25,0,27,0,0,84,1,85,0,2,109,1,112,94,0,94,206
07/01/2012,HWD,CA,AWP,WE,Towers with Radar,0,1,38,0,39,0,0,37,3,40,0,1,75,3,79,22,0,22,101
07/02/2012,HWD,CA,AWP,WE,Towers with Radar,0,2,18,0,20,0,2,64,0,66,0,4,82,0,86,36,0,36,122
07/03/2012,HWD,CA,AWP,WE,Towers with Radar,0,3,13,0,16,0,4,148,4,156,0,7,161,4,172,182,0,182,354
07/04/2012,HWD,CA,AWP,WE,Towers with Radar,0,0,6,0,6,0,0,80,3,83,0,0,86,3,89,30,0,30,119
07/05/2012,HWD,CA,AWP,WE,Towers with Radar,0,2,19,0,21,0,0,84,5,89,0,2,103,5,110,88,0,88,198
07/06/2012,HWD,CA,AWP,WE,Towers with Radar,0,0,17,0,17,0,1,124,3,128,0,1,141,3,145,84,0,84,229
07/07/2012,HWD,CA,AWP,WE,Towers with Radar,0,1,9,0,10,0,0,124,1,125,0,1,133,1,135,128,0,128,263
07/08/2012,HWD,CA,AWP,WE,Towers with Radar,0,1,15,0,16,0,0,74,1,75,0,1,89,1,91,104,0,104,195
07/09/2012,HWD,CA,AWP,WE,Towers with Radar,1,2,13,0,16,0,2,64,2,68,1,4,77,2,84,84,0,84,168
07/10/2012,HWD,CA,AWP,WE,Towers with Radar,0,3,16,0,19,0,3,126,4,133,0,6,142,4,152,164,0,164,316
07/11/2012,HWD,CA,AWP,WE,Towers with Radar,0,7,17,0,24,0,1,129,2,132,0,8,146,2,156,90,0,90,246
07/12/2012,HWD,CA,AWP,WE,Towers with Radar,0,6,13,0,19,0,2,99,6,107,0,8,112,6,126,168,0,168,294
07/13/2012,HWD,CA,AWP,WE,Towers with Radar,0,1,28,0,29,0,0,64,4,68,0,1,92,4,97,112,0,112,209
07/14/2012,HWD,CA,AWP,WE,Towers with Radar,0,0,8,0,8,0,0,128,0,128,0,0,136,0,136,204,0,204,340
07/15/2012,HWD,CA,AWP,WE,Towers with Radar,0,4,11,0,15,0,0,82,0,82,0,4,93,0,97,134,0,134,231
07/16/2012,HWD,CA,AWP,WE,Towers with Radar,0,6,20,0,26,0,1,84,0,85,0,7,104,0,111,50,0,50,161
07/17/2012,HWD,CA,AWP,WE,Towers with Radar,1,1,17,0,19,0,3,117,5,125,1,4,134,5,144,128,0,128,272
07/18/2012,HWD,CA,AWP,WE,Towers with Radar,0,4,22,0,26,0,1,117,3,121,0,5,139,3,147,66,0,66,213
07/19/2012,HWD,CA,AWP,WE,Towers with Radar,0,8,17,0,25,0,2,117,0,119,0,10,134,0,144,132,0,132,276
07/20/2012,HWD,CA,AWP,WE,Towers with Radar,0,1,19,0,20,0,2,153,6,161,0,3,172,6,181,118,0,118,299
07/21/2012,HWD,CA,AWP,WE,Towers with Radar,0,0,10,0,10,0,0,168,1,169,0,0,178,1,179,166,0,166,345
07/22/2012,HWD,CA,AWP,WE,Towers with Radar,0,3,16,0,19,0,1,129,2,132,0,4,145,2,151,106,0,106,257
07/23/2012,HWD,CA,AWP,WE,Towers with Radar,0,0,16,0,16,0,1,16,2,19,0,1,32,2,35,0,0,0,35
07/24/2012,HWD,CA,AWP,WE,Towers with Radar,0,2,21,0,23,0,3,102,4,109,0,5,123,4,132,126,0,126,258
07/25/2012,HWD,CA,AWP,WE,Towers with Radar,0,2,20,0,22,0,2,115,6,123,0,4,135,6,145,148,0,148,293
07/26/2012,HWD,CA,AWP,WE,Towers with Radar,0,2,22,0,24,1,2,116,2,121,1,4,138,2,145,158,0,158,303
07/27/2012,HWD,CA,AWP,WE,Towers with Radar,0,2,24,0,26,0,1,132,3,136,0,3,156,3,162,44,0,44,206
07/28/2012,HWD,CA,AWP,WE,Towers with Radar,0,5,24,0,29,0,1,162,1,164,0,6,186,1,193,182,0,182,375
07/29/2012,HWD,CA,AWP,WE,Towers with Radar,0,3,22,0,25,0,4,120,1,125,0,7,142,1,150,82,0,82,232
07/30/2012,HWD,CA,AWP,WE,Towers with Radar,0,0,12,0,12,0,5,95,3,103,0,5,107,3,115,140,0,140,255
07/31/2012,HWD,CA,AWP,WE,Towers with Radar,0,1,11,0,12,0,2,129,1,132,0,3,140,1,144,68,0,68,212
08/01/2012,HWD,CA,AWP,WE,Towers with Radar,0,2,21,0,23,0,3,111,4,118,0,5,132,4,141,166,0,166,307
08/02/2012,HWD,CA,AWP,WE,Towers with Radar,0,0,25,0,25,0,2,121,2,125,0,2,146,2,150,180,0,180,330
08/03/2012,HWD,CA,AWP,WE,Towers with Radar,0,2,23,0,25,0,2,108,1,111,0,4,131,1,136,196,0,196,332
08/04/2012,HWD,CA,AWP,WE,Towers with Radar,0,4,34,0,38,0,7,101,1,109,0,11,135,1,147,82,0,82,229
08/05/2012,HWD,CA,AWP,WE,Towers with Radar,0,3,25,0,28,0,0,110,3,113,0,3,135,3,141,156,0,156,297
08/06/2012,HWD,CA,AWP,WE,Towers with Radar,0,2,12,0,14,0,4,102,5,111,0,6,114,5,125,126,0,126,251
08/07/2012,HWD,CA,AWP,WE,Towers with Radar,0,3,17,0,20,0,2,125,7,134,0,5,142,7,154,192,0,192,346
08/08/2012,HWD,CA,AWP,WE,Towers with Radar,0,3,18,0,21,0,3,164,8,175,0,6,182,8,196,92,0,92,288
08/09/2012,HWD,CA,AWP,WE,Towers with Radar,0,7,21,0,28,0,3,129,6,138,0,10,150,6,166,134,0,134,300
08/10/2012,HWD,CA,AWP,WE,Towers with Radar,0,2,13,0,15,0,3,148,6,157,0,5,161,6,172,110,0,110,282
08/11/2012,HWD,CA,AWP,WE,Towers with Radar,0,0,17,0,17,0,0,111,1,112,0,0,128,1,129,202,0,202,331
08/12/2012,HWD,CA,AWP,WE,Towers with Radar,0,1,22,0,23,0,0,102,1,103,0,1,124,1,126,110,0,110,236
08/13/2012,HWD,CA,AWP,WE,Towers with Radar,0,2,13,1,16,0,3,77,5,85,0,5,90,6,101,64,0,64,165
08/14/2012,HWD,CA,AWP,WE,Towers with Radar,0,1,22,0,23,0,3,114,3,120,0,4,136,3,143,183,0,183,326
08/15/2012,HWD,CA,AWP,WE,Towers with Radar,0,1,36,2,39,0,3,78,3,84,0,4,114,5,123,74,0,74,197
08/16/2012,HWD,CA,AWP,WE,Towers with Radar,0,1,18,0,19,0,4,84,2,90,0,5,102,2,109,114,0,114,223
08/17/2012,HWD,CA,AWP,WE,Towers with Radar,0,3,28,0,31,0,2,106,4,112,0,5,134,4,143,140,0,140,283
08/18/2012,HWD,CA,AWP,WE,Towers with Radar,0,1,23,0,24,0,0,125,0,125,0,1,148,0,149,98,0,98,247
08/19/2012,HWD,CA,AWP,WE,Towers with Radar,0,1,26,0,27,0,2,142,2,146,0,3,168,2,173,108,0,108,281
08/20/2012,HWD,CA,AWP,WE,Towers with Radar,0,1,46,0,47,0,5,89,6,100,0,6,135,6,147,36,0,36,183
08/21/2012,HWD,CA,AWP,WE,Towers with Radar,0,1,14,0,15,0,3,155,1,159,0,4,169,1,174,196,0,196,370
08/22/2012,HWD,CA,AWP,WE,Towers with Radar,0,0,29,0,29,0,2,99,5,106,0,2,128,5,135,134,0,134,269
08/23/2012,HWD,CA,AWP,WE,Towers with Radar,0,1,31,0,32,0,2,98,0,100,0,3,129,0,132,163,0,163,295
08/24/2012,HWD,CA,AWP,WE,Towers with Radar,0,1,12,0,13,0,2,103,0,105,0,3,115,0,118,130,0,130,248
08/25/2012,HWD,CA,AWP,WE,Towers with Radar,0,0,30,0,30,0,0,149,0,149,0,0,179,0,179,144,0,144,323
08/26/2012,HWD,CA,AWP,WE,Towers with Radar,0,1,15,0,16,0,0,82,2,84,0,1,97,2,100,96,0,96,196
08/27/2012,HWD,CA,AWP,WE,Towers with Radar,0,0,21,0,21,0,3,106,4,113,0,3,127,4,134,50,0,50,184
08/28/2012,HWD,CA,AWP,WE,Towers with Radar,0,2,18,0,20,0,2,152,11,165,0,4,170,11,185,84,0,84,269
08/29/2012,HWD,CA,AWP,WE,Towers with Radar,0,4,11,0,15,0,4,142,1,147,0,8,153,1,162,52,0,52,214
08/30/2012,HWD,CA,AWP,WE,Towers with Radar,0,0,22,0,22,0,3,92,3,98,0,3,114,3,120,68,0,68,188
08/31/2012,HWD,CA,AWP,WE,Towers with Radar,0,3,41,0,44,0,2,113,6,121,0,5,154,6,165,100,0,100,265
09/01/2012,HWD,CA,AWP,WE,Towers with Radar,0,0,21,0,21,0,0,97,1,98,0,0,118,1,119,70,0,70,189
09/02/2012,HWD,CA,AWP,WE,Towers with Radar,0,0,16,0,16,0,0,89,0,89,0,0,105,0,105,56,0,56,161
09/03/2012,HWD,CA,AWP,WE,Towers with Radar,0,1,16,0,17,0,0,126,2,128,0,1,142,2,145,88,0,88,233
09/04/2012,HWD,CA,AWP,WE,Towers with Radar,0,0,19,0,19,0,2,79,3,84,0,2,98,3,103,74,0,74,177
09/05/2012,HWD,CA,AWP,WE,Towers with Radar,0,1,11,0,12,0,3,76,0,79,0,4,87,0,91,46,0,46,137
09/06/2012,HWD,CA,AWP,WE,Towers with Radar,0,1,21,0,22,0,15,76,5,96,0,16,97,5,118,96,0,96,214
09/07/2012,HWD,CA,AWP,WE,Towers with Radar,0,5,17,0,22,0,1,135,3,139,0,6,152,3,161,110,0,110,271
09/08/2012,HWD,CA,AWP,WE,Towers with Radar,0,0,13,0,13,0,0,164,1,165,0,0,177,1,178,160,0,160,338
09/09/2012,HWD,CA,AWP,WE,Towers with Radar,0,0,10,0,10,0,1,111,2,114,0,1,121,2,124,96,0,96,220
09/10/2012,HWD,CA,AWP,WE,Towers with Radar,0,1,11,0,12,0,4,105,4,113,0,5,116,4,125,118,0,118,243
09/11/2012,HWD,CA,AWP,WE,Towers with Radar,0,0,16,0,16,0,3,87,1,91,0,3,103,1,107,60,0,60,167
09/12/2012,HWD,CA,AWP,WE,Towers with Radar,0,1,21,0,22,0,2,77,6,85,0,3,98,6,107,70,0,70,177
09/13/2012,HWD,CA,AWP,WE,Towers with Radar,0,2,20,0,22,0,0,106,6,112,0,2,126,6,134,56,0,56,190
09/14/2012,HWD,CA,AWP,WE,Towers with Radar,0,4,27,0,31,0,1,73,1,75,0,5,100,1,106,76,0,76,182
09/15/2012,HWD,CA,AWP,WE,Towers with Radar,0,0,40,0,40,0,0,107,1,108,0,0,147,1,148,188,0,188,336
09/16/2012,HWD,CA,AWP,WE,Towers with Radar,0,1,18,0,19,0,0,91,1,92,0,1,109,1,111,84,0,84,195
09/17/2012,HWD,CA,AWP,WE,Towers with Radar,0,2,25,0,27,0,2,52,5,59,0,4,77,5,86,72,0,72,158
09/18/2012,HWD,CA,AWP,WE,Towers with Radar,0,1,8,0,9,0,3,83,3,89,0,4,91,3,98,62,0,62,160
09/19/2012,HWD,CA,AWP,WE,Towers with Radar,0,1,27,0,28,0,4,93,1,98,0,5,120,1,126,160,0,160,286
09/20/2012,HWD,CA,AWP,WE,Towers with Radar,0,0,20,0,20,0,1,127,8,136,0,1,147,8,156,214,0,214,370
09/21/2012,HWD,CA,AWP,WE,Towers with Radar,0,1,21,0,22,0,12,142,3,157,0,13,163,3,179,78,0,78,257
09/22/2012,HWD,CA,AWP,WE,Towers with Radar,0,1,6,0,7,0,0,106,1,107,0,1,112,1,114,208,0,208,322
09/23/2012,HWD,CA,AWP,WE,Towers with Radar,0,0,28,0,28,0,0,142,2,144,0,0,170,2,172,80,0,80,252
09/24/2012,HWD,CA,AWP,WE,Towers with Radar,0,0,17,0,17,0,3,109,0,112,0,3,126,0,129,84,0,84,213
09/25/2012,HWD,CA,AWP,WE,Towers with Radar,0,5,20,0,25,0,3,117,5,125,0,8,137,5,150,106,0,106,256
09/26/2012,HWD,CA,AWP,WE,Towers with Radar,0,0,21,0,21,0,2,79,1,82,0,2,100,1,103,89,0,89,192
09/27/2012,HWD,CA,AWP,WE,Towers with Radar,0,3,14,0,17,0,2,85,4,91,0,5,99,4,108,134,0,134,242
09/28/2012,HWD,CA,AWP,WE,Towers with Radar,0,4,19,0,23,0,3,77,4,84,0,7,96,4,107,208,0,208,315
09/29/2012,HWD,CA,AWP,WE,Towers with Radar,0,3,13,0,16,0,1,83,0,84,0,4,96,0,100,110,0,110,210
09/30/2012,HWD,CA,AWP,WE,Towers with Radar,0,1,11,0,12,0,1,134,0,135,0,2,145,0,147,144,0,144,291
10/01/2012,HWD,CA,AWP,WE,Towers with Radar,0,5,12,0,17,0,12,113,9,134,0,17,125,9,151,34,0,34,185
10/02/2012,HWD,CA,AWP,WE,Towers with Radar,0,10,14,0,24,0,5,115,4,124,0,15,129,4,148,168,0,168,316
10/03/2012,HWD,CA,AWP,WE,Towers with Radar,0,10,13,1,24,0,5,83,2,90,0,15,96,3,114,80,0,80,194
10/04/2012,HWD,CA,AWP,WE,Towers with Radar,0,12,19,0,31,0,1,89,5,95,0,13,108,5,126,140,0,140,266
10/05/2012,HWD,CA,AWP,WE,Towers with Radar,0,10,21,0,31,0,2,68,3,73,0,12,89,3,104,88,0,88,192
10/06/2012,HWD,CA,AWP,WE,Towers with Radar,0,1,17,1,19,0,1,113,4,118,0,2,130,5,137,160,0,160,297
10/07/2012,HWD,CA,AWP,WE,Towers with Radar,0,3,13,0,16,0,2,82,2,86,0,5,95,2,102,66,0,66,168
10/08/2012,HWD,CA,AWP,WE,Towers with Radar,0,12,24,0,36,0,2,79,0,81,0,14,103,0,117,20,0,20,137
10/09/2012,HWD,CA,AWP,WE,Towers with Radar,0,8,17,0,25,0,12,101,5,118,0,20,118,5,143,54,0,54,197
10/10/2012,HWD,CA,AWP,WE,Towers with Radar,0,9,27,0,36,0,1,113,3,117,0,10,140,3,153,180,0,180,333
10/11/2012,HWD,CA,AWP,WE,Towers with Radar,0,16,21,0,37,0,0,52,5,57,0,16,73,5,94,86,0,86,180
10/12/2012,HWD,CA,AWP,WE,Towers with Radar,0,7,24,1,32,0,1,59,1,61,0,8,83,2,93,128,0,128,221
10/13/2012,HWD,CA,AWP,WE,Towers with Radar,0,0,9,0,9,0,1,155,1,157,0,1,164,1,166,144,0,144,310
10/14/2012,HWD,CA,AWP,WE,Towers with Radar,0,0,13,0,13,0,0,93,0,93,0,0,106,0,106,82,0,82,188
10/15/2012,HWD,CA,AWP,WE,Towers with Radar,0,8,9,0,17,0,11,52,2,65,0,19,61,2,82,38,0,38,120
10/16/2012,HWD,CA,AWP,WE,Towers with Radar,0,11,19,0,30,0,3,111,6,120,0,14,130,6,150,142,0,142,292
10/17/2012,HWD,CA,AWP,WE,Towers with Radar,0,3,15,0,18,0,4,143,1,148,0,7,158,1,166,108,0,108,274
10/18/2012,HWD,CA,AWP,WE,Towers with Radar,1,3,20,0,24,0,5,96,17,118,1,8,116,17,142,124,0,124,266
10/19/2012,HWD,CA,AWP,WE,Towers with Radar,0,11,24,0,35,0,0,94,1,95,0,11,118,1,130,72,0,72,202
10/20/2012,HWD,CA,AWP,WE,Towers with Radar,0,2,27,1,30,0,0,55,1,56,0,2,82,2,86,54,0,54,140
10/21/2012,HWD,CA,AWP,WE,Towers with Radar,0,0,14,0,14,0,2,96,2,100,0,2,110,2,114,32,0,32,146
10/22/2012,HWD,CA,AWP,WE,Towers with Radar,0,17,6,0,23,0,0,41,0,41,0,17,47,0,64,48,0,48,112
10/23/2012,HWD,CA,AWP,WE,Towers with Radar,0,9,13,0,22,0,3,67,4,74,0,12,80,4,96,6,0,6,102
10/24/2012,HWD,CA,AWP,WE,Towers with Radar,0,11,20,0,31,0,2,80,3,85,0,13,100,3,116,122,0,122,238
10/25/2012,HWD,CA,AWP,WE,Towers with Radar,0,14,16,0,30,0,1,65,5,71,0,15,81,5,101,74,0,74,175
10/26/2012,HWD,CA,AWP,WE,Towers with Radar,0,3,10,0,13,0,5,128,2,135,0,8,138,2,148,84,0,84,232
10/27/2012,HWD,CA,AWP,WE,Towers with Radar,0,1,7,0,8,0,2,147,5,154,0,3,154,5,162,142,0,142,304
10/28/2012,HWD,CA,AWP,WE,Towers with Radar,0,0,21,0,21,0,2,112,1,115,0,2,133,1,136,79,0,79,215
10/29/2012,HWD,CA,AWP,WE,Towers with Radar,0,12,13,0,25,0,5,69,5,79,0,17,82,5,104,54,0,54,158
10/30/2012,HWD,CA,AWP,WE,Towers with Radar,0,11,17,0,28,0,2,53,5,60,0,13,70,5,88,54,0,54,142
10/31/2012,HWD,CA,AWP,WE,Towers with Radar,0,10,22,0,32,0,0,69,11,80,0,10,91,11,112,44,0,44,156
11/01/2012,HWD,CA,AWP,WE,Towers with Radar,0,6,10,0,16,0,2,46,8,56,0,8,56,8,72,96,0,96,168
11/02/2012,HWD,CA,AWP,WE,Towers with Radar,0,5,16,0,21,0,4,117,11,132,0,9,133,11,153,148,0,148,301
11/03/2012,HWD,CA,AWP,WE,Towers with Radar,0,0,13,0,13,0,0,121,1,122,0,0,134,1,135,164,0,164,299
11/04/2012,HWD,CA,AWP,WE,Towers with Radar,0,1,13,0,14,0,0,130,2,132,0,1,143,2,146,72,0,72,218
11/05/2012,HWD,CA,AWP,WE,Towers with Radar,0,9,10,0,19,0,7,137,4,148,0,16,147,4,167,110,0,110,277
11/06/2012,HWD,CA,AWP,WE,Towers with Radar,0,5,10,0,15,0,5,121,1,127,0,10,131,1,142,102,0,102,244
11/07/2012,HWD,CA,AWP,WE,Towers with Radar,0,14,28,0,42,0,1,41,1,43,0,15,69,1,85,80,0,80,165
11/08/2012,HWD,CA,AWP,WE,Towers with Radar,0,10,10,0,20,0,3,61,3,67,0,13,71,3,87,12,0,12,99
11/09/2012,HWD,CA,AWP,WE,Towers with Radar,0,4,18,0,22,0,3,70,1,74,0,7,88,1,96,84,0,84,180
11/10/2012,HWD,CA,AWP,WE,Towers with Radar,0,0,10,0,10,0,0,110,1,111,0,0,120,1,121,150,0,150,271
11/11/2012,HWD,CA,AWP,WE,Towers with Radar,0,0,20,0,20,0,0,159,1,160,0,0,179,1,180,134,0,134,314
11/12/2012,HWD,CA,AWP,WE,Towers with Radar,0,0,14,0,14,0,0,102,1,103,0,0,116,1,117,136,0,136,253
11/13/2012,HWD,CA,AWP,WE,Towers with Radar,0,5,11,0,16,0,6,109,2,117,0,11,120,2,133,102,0,102,235
11/14/2012,HWD,CA,AWP,WE,Towers with Radar,0,6,10,0,16,0,3,117,5,125,0,9,127,5,141,94,0,94,235
11/15/2012,HWD,CA,AWP,WE,Towers with Radar,0,8,12,0,20,0,8,95,8,111,0,16,107,8,131,112,0,112,243
11/16/2012,HWD,CA,AWP,WE,Towers with Radar,0,10,18,0,28,0,1,42,3,46,0,11,60,3,74,34,0,34,108
11/17/2012,HWD,CA,AWP,WE,Towers with Radar,0,0,15,0,15,0,0,21,2,23,0,0,36,2,38,58,0,58,96
11/18/2012,HWD,CA,AWP,WE,Towers with Radar,0,1,13,0,14,0,0,109,0,109,0,1,122,0,123,34,0,34,157
11/19/2012,HWD,CA,AWP,WE,Towers with Radar,0,9,15,0,24,0,4,88,2,94,0,13,103,2,118,108,0,108,226
11/20/2012,HWD,CA,AWP,WE,Towers with Radar,0,11,16,0,27,0,0,72,5,77,0,11,88,5,104,34,0,34,138
11/21/2012,HWD,CA,AWP,WE,Towers with Radar,0,13,20,0,33,0,0,76,8,84,0,13,96,8,117,64,0,64,181
11/22/2012,HWD,CA,AWP,WE,Towers with Radar,0,0,5,0,5,0,0,29,1,30,0,0,34,1,35,14,0,14,49
11/23/2012,HWD,CA,AWP,WE,Towers with Radar,0,4,11,0,15,0,4,112,2,118,0,8,123,2,133,92,0,92,225
11/24/2012,HWD,CA,AWP,WE,Towers with Radar,0,2,8,0,10,0,0,96,1,97,0,2,104,1,107,176,0,176,283
11/25/2012,HWD,CA,AWP,WE,Towers with Radar,0,0,24,0,24,0,1,23,3,27,0,1,47,3,51,38,0,38,89
11/26/2012,HWD,CA,AWP,WE,Towers with Radar,0,11,15,0,26,0,6,85,1,92,0,17,100,1,118,128,0,128,246
11/27/2012,HWD,CA,AWP,WE,Towers with Radar,0,8,15,0,23,0,1,112,3,116,0,9,127,3,139,124,0,124,263
11/28/2012,HWD,CA,AWP,WE,Towers with Radar,0,9,9,1,19,0,0,27,5,32,0,9,36,6,51,10,0,10,61
11/29/2012,HWD,CA,AWP,WE,Towers with Radar,0,9,14,0,23,0,1,39,1,41,0,10,53,1,64,40,0,40,104
11/30/2012,HWD,CA,AWP,WE,Towers with Radar,0,8,10,0,18,0,0,23,4,27,0,8,33,4,45,0,0,0,45
12/01/2012,HWD,CA,AWP,WE,Towers with Radar,0,1,12,0,13,0,0,15,0,15,0,1,27,0,28,20,0,20,48
12/02/2012,HWD,CA,AWP,WE,Towers with Radar,0,5,16,0,21,0,0,24,1,25,0,5,40,1,46,30,0,30,76
12/03/2012,HWD,CA,AWP,WE,Towers with Radar,0,8,15,0,23,0,5,98,3,106,0,13,113,3,129,72,0,72,201
12/04/2012,HWD,CA,AWP,WE,Towers with Radar,0,14,16,0,30,0,3,71,7,81,0,17,87,7,111,38,0,38,149
12/05/2012,HWD,CA,AWP,WE,Towers with Radar,0,11,24,0,35,0,0,14,6,20,0,11,38,6,55,14,0,14,69
12/06/2012,HWD,CA,AWP,WE,Towers with Radar,0,12,25,0,37,0,1,95,3,99,0,13,120,3,136,136,0,136,272
12/07/2012,HWD,CA,AWP,WE,Towers with Radar,0,6,21,0,27,0,7,130,2,139,0,13,151,2,166,70,0,70,236
12/08/2012,HWD,CA,AWP,WE,Towers with Radar,0,1,7,0,8,0,0,90,1,91,0,1,97,1,99,274,0,274,373
12/09/2012,HWD,CA,AWP,WE,Towers with Radar,0,0,15,0,15,0,0,168,1,169,0,0,183,1,184,108,0,108,292
12/10/2012,HWD,CA,AWP,WE,Towers with Radar,0,7,17,0,24,0,14,119,3,136,0,21,136,3,160,120,0,120,280
12/11/2012,HWD,CA,AWP,WE,Towers with Radar,0,6,24,0,30,0,3,85,3,91,0,9,109,3,121,54,0,54,175
12/12/2012,HWD,CA,AWP,WE,Towers with Radar,0,9,17,0,26,0,2,55,4,61,0,11,72,4,87,74,0,74,161
12/13/2012,HWD,CA,AWP,WE,Towers with Radar,0,7,27,0,34,0,5,93,5,103,0,12,120,5,137,168,0,168,305
12/14/2012,HWD,CA,AWP,WE,Towers with Radar,0,6,11,0,17,0,4,72,4,80,0,10,83,4,97,74,0,74,171
12/15/2012,HWD,CA,AWP,WE,Towers with Radar,0,2,8,0,10,0,0,53,0,53,0,2,61,0,63,110,0,110,173
12/16/2012,HWD,CA,AWP,WE,Towers with Radar,0,2,15,0,17,0,1,57,0,58,0,3,72,0,75,208,0,208,283
12/17/2012,HWD,CA,AWP,WE,Towers with Radar,0,12,9,0,21,0,3,33,2,38,0,15,42,2,59,46,0,46,105
12/18/2012,HWD,CA,AWP,WE,Towers with Radar,0,6,12,0,18,0,7,89,3,99,0,13,101,3,117,50,0,50,167
12/19/2012,HWD,CA,AWP,WE,Towers with Radar,0,6,17,0,23,0,11,146,1,158,0,17,163,1,181,108,0,108,289
12/20/2012,HWD,CA,AWP,WE,Towers with Radar,0,12,15,0,27,0,7,73,5,85,0,19,88,5,112,41,0,41,153
12/21/2012,HWD,CA,AWP,WE,Towers with Radar,0,10,22,0,32,0,2,32,2,36,0,12,54,2,68,8,0,8,76
12/22/2012,HWD,CA,AWP,WE,Towers with Radar,0,1,12,0,13,0,1,19,2,22,0,2,31,2,35,44,0,44,79
12/23/2012,HWD,CA,AWP,WE,Towers with Radar,0,0,5,0,5,0,0,2,0,2,0,0,7,0,7,0,0,0,7
12/24/2012,HWD,CA,AWP,WE,Towers with Radar,0,8,6,0,14,0,11,92,2,105,0,19,98,2,119,44,0,44,163
12/25/2012,HWD,CA,AWP,WE,Towers with Radar,0,0,3,0,3,0,0,4,0,4,0,0,7,0,7,0,0,0,7
12/26/2012,HWD,CA,AWP,WE,Towers with Radar,0,12,14,0,26,0,2,46,9,57,0,14,60,9,83,8,0,8,91
12/27/2012,HWD,CA,AWP,WE,Towers with Radar,0,9,12,0,21,0,3,98,2,103,0,12,110,2,124,140,0,140,264
12/28/2012,HWD,CA,AWP,WE,Towers with Radar,0,5,23,0,28,0,3,77,4,84,0,8,100,4,112,107,0,107,219
12/29/2012,HWD,CA,AWP,WE,Towers with Radar,0,0,13,0,13,0,0,56,2,58,0,0,69,2,71,116,0,116,187
12/30/2012,HWD,CA,AWP,WE,Towers with Radar,0,0,5,0,5,0,0,82,1,83,0,0,87,1,88,64,0,64,152
12/31/2012,HWD,CA,AWP,WE,Towers with Radar,0,8,7,0,15,0,4,81,2,87,0,12,88,2,102,40,0,40,142
01/01/2013,HWD,CA,AWP,WE,Towers with Radar,0,0,10,0,10,0,1,37,1,39,0,1,47,1,49,20,0,20,69
01/02/2013,HWD,CA,AWP,WE,Towers with Radar,0,12,7,0,19,0,8,59,2,69,0,20,66,2,88,78,0,78,166
01/03/2013,HWD,CA,AWP,WE,Towers with Radar,0,5,11,0,16,0,6,62,1,69,0,11,73,1,85,40,0,40,125
01/04/2013,HWD,CA,AWP,WE,Towers with Radar,0,4,12,4,20,0,3,113,4,120,0,7,125,8,140,110,0,110,250
01/05/2013,HWD,CA,AWP,WE,Towers with Radar,0,1,18,0,19,0,0,32,0,32,0,1,50,0,51,78,0,78,129
01/06/2013,HWD,CA,AWP,WE,Towers with Radar,0,1,18,0,19,0,1,36,2,39,0,2,54,2,58,100,0,100,158
01/07/2013,HWD,CA,AWP,WE,Towers with Radar,0,8,4,0,12,0,7,86,19,112,0,15,90,19,124,56,0,56,180
01/08/2013,HWD,CA,AWP,WE,Towers with Radar,0,12,10,0,22,0,8,140,6,154,0,20,150,6,176,122,0,122,298
01/09/2013,HWD,CA,AWP,WE,Towers with Radar,0,8,15,0,23,0,3,48,2,53,0,11,63,2,76,96,0,96,172
01/10/2013,HWD,CA,AWP,WE,Towers with Radar,0,9,12,1,22,0,5,70,4,79,0,14,82,5,101,96,0,96,197
01/11/2013,HWD,CA,AWP,WE,Towers with Radar,0,6,13,0,19,0,3,116,10,129,0,9,129,10,148,98,0,98,246
01/12/2013,HWD,CA,AWP,WE,Towers with Radar,0,1,14,0,15,0,0,91,0,91,0,1,105,0,106,168,0,168,274
01/13/2013,HWD,CA,AWP,WE,Towers with Radar,0,1,24,0,25,0,0,85,0,85,0,1,109,0,110,148,0,148,258
01/14/2013,HWD,CA,AWP,WE,Towers with Radar,0,6,9,0,15,0,9,62,8,79,0,15,71,8,94,114,0,114,208
01/15/2013,HWD,CA,AWP,WE,Towers with Radar,0,5,16,1,22,0,5,119,4,128,0,10,135,5,150,122,0,122,272
01/16/2013,HWD,CA,AWP,WE,Towers with Radar,0,12,9,0,21,0,5,114,0,119,0,17,123,0,140,152,0,152,292
01/17/2013,HWD,CA,AWP,WE,Towers with Radar,0,10,12,0,22,0,5,94,4,103,0,15,106,4,125,168,0,168,293
01/18/2013,HWD,CA,AWP,WE,Towers with Radar,0,4,18,0,22,0,2,120,0,122,0,6,138,0,144,130,0,130,274
01/19/2013,HWD,CA,AWP,WE,Towers with Radar,0,1,10,0,11,0,1,128,2,131,0,2,138,2,142,84,0,84,226
01/20/2013,HWD,CA,AWP,WE,Towers with Radar,0,3,7,0,10,0,0,98,5,103,0,3,105,5,113,90,0,90,203
01/21/2013,HWD,CA,AWP,WE,Towers with Radar,0,5,8,0,13,0,2,131,7,140,0,7,139,7,153,118,0,118,271
01/22/2013,HWD,CA,AWP,WE,Towers with Radar,0,9,24,0,33,0,10,98,6,114,0,19,122,6,147,78,0,78,225
01/23/2013,HWD,CA,AWP,WE,Towers with Radar,0,7,14,0,21,0,1,61,5,67,0,8,75,5,88,40,0,40,128
01/24/2013,HWD,CA,AWP,WE,Towers with Radar,0,12,19,0,31,0,3,44,1,48,0,15,63,1,79,50,0,50,129
01/25/2013,HWD,CA,AWP,WE,Towers with Radar,0,8,15,1,24,0,0,103,6,109,0,8,118,7,133,94,0,94,227
01/26/2013,HWD,CA,AWP,WE,Towers with Radar,0,1,21,0,22,0,0,175,0,175,0,1,196,0,197,304,0,304,501
01/27/2013,HWD,CA,AWP,WE,Towers with Radar,0,5,12,0,17,0,0,105,2,107,0,5,117,2,124,148,0,148,272
01/28/2013,HWD,CA,AWP,WE,Towers with Radar,0,9,10,0,19,0,9,63,3,75,0,18,73,3,94,44,0,44,138
01/29/2013,HWD,CA,AWP,WE,Towers with Radar,0,8,13,0,21,0,7,75,3,85,0,15,88,3,106,158,0,158,264
01/30/2013,HWD,CA,AWP,WE,Towers with Radar,0,6,15,0,21,0,6,91,4,101,0,12,106,4,122,64,0,64,186
01/31/2013,HWD,CA,AWP,WE,Towers with Radar,0,8,33,0,41,0,7,107,0,114,0,15,140,0,155,204,0,204,359
02/01/2013,HWD,CA,AWP,WE,Towers with Radar,0,2,18,0,20,0,3,138,0,141,0,5,156,0,161,174,0,174,335
02/02/2013,HWD,CA,AWP,WE,Towers with Radar,0,0,22,0,22,0,0,31,0,31,0,0,53,0,53,46,0,46,99
02/03/2013,HWD,CA,AWP,WE,Towers with Radar,0,1,10,0,11,0,0,66,2,68,0,1,76,2,79,112,0,112,191
02/04/2013,HWD,CA,AWP,WE,Towers with Radar,0,13,19,0,32,0,4,17,0,21,0,17,36,0,53,12,0,12,65
02/05/2013,HWD,CA,AWP,WE,Towers with Radar,0,14,7,0,21,0,0,56,1,57,0,14,63,1,78,48,0,48,126
02/06/2013,HWD,CA,AWP,WE,Towers with Radar,0,6,14,0,20,0,8,84,3,95,0,14,98,3,115,58,0,58,173
02/07/2013,HWD,CA,AWP,WE,Towers with Radar,0,10,6,0,16,0,5,69,8,82,0,15,75,8,98,50,0,50,148
02/08/2013,HWD,CA,AWP,WE,Towers with Radar,0,10,28,0,38,0,0,71,2,73,0,10,99,2,111,106,0,106,217
02/09/2013,HWD,CA,AWP,WE,Towers with Radar,0,5,19,0,24,0,0,125,2,127,0,5,144,2,151,182,0,182,333
02/10/2013,HWD,CA,AWP,WE,Towers with Radar,0,1,21,0,22,0,0,127,1,128,0,1,148,1,150,220,0,220,370
02/11/2013,HWD,CA,AWP,WE,Towers with Radar,0,9,17,0,26,0,9,94,8,111,0,18,111,8,137,68,0,68,205
02/12/2013,HWD,CA,AWP,WE,Towers with Radar,0,11,11,0,22,0,6,133,3,142,0,17,144,3,164,98,0,98,262
02/13/2013,HWD,CA,AWP,WE,Towers with Radar,0,10,17,0,27,0,7,157,2,166,0,17,174,2,193,104,0,104,297
02/14/2013,HWD,CA,AWP,WE,Towers with Radar,0,7,17,0,24,0,8,92,6,106,0,15,109,6,130,72,0,72,202
02/15/2013,HWD,CA,AWP,WE,Towers with Radar,0,2,17,0,19,0,5,140,3,148,0,7,157,3,167,140,0,140,307
02/16/2013,HWD,CA,AWP,WE,Towers with Radar,0,0,12,0,12,0,1,146,1,148,0,1,158,1,160,160,0,160,320
02/17/2013,HWD,CA,AWP,WE,Towers with Radar,0,0,16,0,16,0,0,110,1,111,0,0,126,1,127,116,0,116,243
02/18/2013,HWD,CA,AWP,WE,Towers with Radar,0,15,36,0,51,0,2,69,1,72,0,17,105,1,123,26,0,26,149
02/19/2013,HWD,CA,AWP,WE,Towers with Radar,0,11,9,0,20,0,4,21,2,27,0,15,30,2,47,18,0,18,65
02/20/2013,HWD,CA,AWP,WE,Towers with Radar,0,8,13,0,21,0,11,134,4,149,0,19,147,4,170,30,0,30,200
02/21/2013,HWD,CA,AWP,WE,Towers with Radar,0,5,17,0,22,0,6,90,8,104,0,11,107,8,126,64,0,64,190
02/22/2013,HWD,CA,AWP,WE,Towers with Radar,0,9,13,0,22,0,12,101,3,116,0,21,114,3,138,120,0,120,258
02/23/2013,HWD,CA,AWP,WE,Towers with Radar,0,0,23,0,23,0,1,152,1,154,0,1,175,1,177,152,0,152,329
02/24/2013,HWD,CA,AWP,WE,Towers with Radar,0,0,25,0,25,0,0,134,1,135,0,0,159,1,160,126,0,126,286
02/25/2013,HWD,CA,AWP,WE,Towers with Radar,0,15,13,0,28,0,7,91,3,101,0,22,104,3,129,50,0,50,179
02/26/2013,HWD,CA,AWP,WE,Towers with Radar,0,7,19,0,26,0,6,109,3,118,0,13,128,3,144,58,0,58,202
02/27/2013,HWD,CA,AWP,WE,Towers with Radar,0,5,17,0,22,0,7,137,4,148,0,12,154,4,170,162,0,162,332
02/28/2013,HWD,CA,AWP,WE,Towers with Radar,0,8,18,0,26,0,8,136,2,146,0,16,154,2,172,198,0,198,370
03/01/2013,HWD,CA,AWP,WE,Towers with Radar,0,6,30,0,36,0,2,87,3,92,0,8,117,3,128,86,0,86,214
03/02/2013,HWD,CA,AWP,WE,Towers with Radar,0,4,8,0,12,0,0,128,3,131,0,4,136,3,143,274,0,274,417
03/03/2013,HWD,CA,AWP,WE,Towers with Radar,0,1,27,0,28,0,0,93,1,94,0,1,120,1,122,254,0,254,376
03/04/2013,HWD,CA,AWP,WE,Towers with Radar,0,14,23,0,37,0,5,58,4,67,0,19,81,4,104,10,0,10,114
03/05/2013,HWD,CA,AWP,WE,Towers with Radar,0,7,17,0,24,0,2,58,3,63,0,9,75,3,87,14,0,14,101
03/06/2013,HWD,CA,AWP,WE,Towers with Radar,0,10,21,0,31,0,2,54,4,60,0,12,75,4,91,44,0,44,135
03/07/2013,HWD,CA,AWP,WE,Towers with Radar,0,6,17,0,23,0,4,76,3,83,0,10,93,3,106,26,0,26,132
03/08/2013,HWD,CA,AWP,WE,Towers with Radar,0,4,22,0,26,0,3,123,1,127,0,7,145,1,153,90,0,90,243
03/09/2013,HWD,CA,AWP,WE,Towers with Radar,0,1,7,0,8,0,2,155,1,158,0,3,162,1,166,172,0,172,338
03/10/2013,HWD,CA,AWP,WE,Towers with Radar,0,1,8,0,9,0,0,129,0,129,0,1,137,0,138,254,0,254,392
03/11/2013,HWD,CA,AWP,WE,Towers with Radar,0,8,9,0,17,0,10,73,0,83,0,18,82,0,100,36,0,36,136
03/12/2013,HWD,CA,AWP,WE,Towers with Radar,0,7,28,0,35,0,4,103,2,109,0,11,131,2,144,96,0,96,240
03/13/2013,HWD,CA,AWP,WE,Towers with Radar,0,6,21,0,27,0,7,118,0,125,0,13,139,0,152,124,0,124,276
03/14/2013,HWD,CA,AWP,WE,Towers with Radar,0,5,16,0,21,0,15,105,0,120,0,20,121,0,141,92,0,92,233
03/15/2013,HWD,CA,AWP,WE,Towers with Radar,0,10,27,0,37,0,8,106,2,116,0,18,133,2,153,106,0,106,259
03/16/2013,HWD,CA,AWP,WE,Towers with Radar,0,1,17,0,18,0,0,136,1,137,0,1,153,1,155,120,0,120,275
03/17/2013,HWD,CA,AWP,WE,Towers with Radar,0,0,13,0,13,0,0,124,0,124,0,0,137,0,137,167,0,167,304
03/18/2013,HWD,CA,AWP,WE,Towers with Radar,0,4,11,0,15,0,10,106,2,118,0,14,117,2,133,140,0,140,273
03/19/2013,HWD,CA,AWP,WE,Towers with Radar,0,7,12,0,19,0,9,80,1,90,0,16,92,1,109,136,0,136,245
03/20/2013,HWD,CA,AWP,WE,Towers with Radar,0,12,26,0,38,0,0,45,3,48,0,12,71,3,86,18,0,18,104
03/21/2013,HWD,CA,AWP,WE,Towers with Radar,0,5,14,0,19,0,11,92,3,106,0,16,106,3,125,116,0,116,241
03/22/2013,HWD,CA,AWP,WE,Towers with Radar,0,6,15,0,21,0,7,133,1,141,0,13,148,1,162,78,0,78,240
03/23/2013,HWD,CA,AWP,WE,Towers with Radar,0,3,13,0,16,0,0,198,2,200,0,3,211,2,216,176,0,176,392
03/24/2013,HWD,CA,AWP,WE,Towers with Radar,0,0,12,0,12,0,0,173,1,174,0,0,185,1,186,138,0,138,324
03/25/2013,HWD,CA,AWP,WE,Towers with Radar,0,8,11,1,20,0,7,83,6,96,0,15,94,7,116,136,0,136,252
03/26/2013,HWD,CA,AWP,WE,Towers with Radar,0,8,19,0,27,0,5,108,3,116,0,13,127,3,143,150,0,150,293
03/27/2013,HWD,CA,AWP,WE,Towers with Radar,0,10,15,0,25,0,5,75,7,87,0,15,90,7,112,80,0,80,192
03/28/2013,HWD,CA,AWP,WE,Towers with Radar,0,14,26,0,40,0,1,44,0,45,0,15,70,0,85,64,0,64,149
03/29/2013,HWD,CA,AWP,WE,Towers with Radar,0,2,32,0,34,0,14,133,0,147,0,16,165,0,181,102,0,102,283
03/30/2013,HWD,CA,AWP,WE,Towers with Radar,0,0,22,0,22,0,0,67,0,67,0,0,89,0,89,118,0,118,207
03/31/2013,HWD,CA,AWP,WE,Towers with Radar,0,3,15,0,18,0,0,45,0,45,0,3,60,0,63,74,0,74,137
04/01/2013,HWD,CA,AWP,WE,Towers with Radar,0,13,29,0,42,0,5,46,0,51,0,18,75,0,93,46,0,46,139
04/02/2013,HWD,CA,AWP,WE,Towers with Radar,0,12,17,0,29,0,2,151,5,158,0,14,168,5,187,78,0,78,265
04/03/2013,HWD,CA,AWP,WE,Towers with Radar,0,18,26,0,44,0,1,84,0,85,0,19,110,0,129,42,0,42,171
04/04/2013,HWD,CA,AWP,WE,Towers with Radar,0,14,38,0,52,0,3,14,0,17,0,17,52,0,69,80,0,80,149
04/05/2013,HWD,CA,AWP,WE,Towers with Radar,0,12,15,0,27,0,3,123,7,133,0,15,138,7,160,186,0,186,346
04/06/2013,HWD,CA,AWP,WE,Towers with Radar,0,0,28,0,28,0,1,64,1,66,0,1,92,1,94,298,0,298,392
04/07/2013,HWD,CA,AWP,WE,Towers with Radar,0,1,14,0,15,0,0,81,1,82,0,1,95,1,97,188,0,188,285
04/08/2013,HWD,CA,AWP,WE,Towers with Radar,0,8,8,0,16,0,9,28,2,39,0,17,36,2,55,0,0,0,55
04/09/2013,HWD,CA,AWP,WE,Towers with Radar,1,9,15,0,25,0,11,99,7,117,1,20,114,7,142,93,0,93,235
04/10/2013,HWD,CA,AWP,WE,Towers with Radar,0,5,17,0,22,0,6,125,4,135,0,11,142,4,157,214,0,214,371
04/11/2013,HWD,CA,AWP,WE,Towers with Radar,0,9,14,0,23,0,10,100,1,111,0,19,114,1,134,130,0,130,264
04/12/2013,HWD,CA,AWP,WE,Towers with Radar,0,4,17,0,21,0,7,183,6,196,0,11,200,6,217,108,0,108,325
04/13/2013,HWD,CA,AWP,WE,Towers with Radar,0,0,10,0,10,0,0,164,0,164,0,0,174,0,174,192,0,192,366
04/14/2013,HWD,CA,AWP,WE,Towers with Radar,0,0,17,0,17,0,0,103,0,103,0,0,120,0,120,136,0,136,256
04/15/2013,HWD,CA,AWP,WE,Towers with Radar,0,12,10,0,22,0,13,42,2,57,0,25,52,2,79,22,0,22,101
04/16/2013,HWD,CA,AWP,WE,Towers with Radar,0,4,15,0,19,0,9,134,0,143,0,13,149,0,162,164,0,164,326
04/17/2013,HWD,CA,AWP,WE,Towers with Radar,0,3,14,0,17,0,9,122,2,133,0,12,136,2,150,154,0,154,304
04/18/2013,HWD,CA,AWP,WE,Towers with Radar,0,3,17,0,20,0,9,150,4,163,0,12,167,4,183,142,0,142,325
04/19/2013,HWD,CA,AWP,WE,Towers with Radar,0,2,14,0,16,0,8,169,3,180,0,10,183,3,196,260,0,260,456
04/20/2013,HWD,CA,AWP,WE,Towers with Radar,0,0,15,0,15,0,1,190,1,192,0,1,205,1,207,148,0,148,355
04/21/2013,HWD,CA,AWP,WE,Towers with Radar,0,2,12,0,14,0,2,139,0,141,0,4,151,0,155,122,0,122,277
04/22/2013,HWD,CA,AWP,WE,Towers with Radar,0,6,19,0,25,0,12,148,9,169,0,18,167,9,194,76,0,76,270
04/23/2013,HWD,CA,AWP,WE,Towers with Radar,0,5,13,0,18,0,8,156,2,166,0,13,169,2,184,198,0,198,382
04/24/2013,HWD,CA,AWP,WE,Towers with Radar,0,11,17,0,28,0,3,120,4,127,0,14,137,4,155,96,0,96,251
04/25/2013,HWD,CA,AWP,WE,Towers with Radar,0,8,10,0,18,0,6,131,4,141,0,14,141,4,159,240,0,240,399
04/26/2013,HWD,CA,AWP,WE,Towers with Radar,0,13,24,0,37,0,3,126,5,134,0,16,150,5,171,204,0,204,375
04/27/2013,HWD,CA,AWP,WE,Towers with Radar,0,1,19,0,20,0,1,132,4,137,0,2,151,4,157,109,0,109,266
04/28/2013,HWD,CA,AWP,WE,Towers with Radar,0,0,13,0,13,0,0,146,0,146,0,0,159,0,159,188,0,188,347
04/29/2013,HWD,CA,AWP,WE,Towers with Radar,0,6,17,0,23,0,11,111,4,126,0,17,128,4,149,40,0,40,189
04/30/2013,HWD,CA,AWP,WE,Towers with Radar,0,5,14,0,19,0,8,145,2,155,0,13,159,2,174,242,0,242,416
05/01/2013,HWD,CA,AWP,WE,Towers with Radar,0,6,19,0,25,0,7,138,3,148,0,13,157,3,173,188,0,188,361
05/02/2013,HWD,CA,AWP,WE,Towers with Radar,0,3,16,0,19,0,12,106,3,121,0,15,122,3,140,166,0,166,306
05/03/2013,HWD,CA,AWP,WE,Towers with Radar,0,4,17,0,21,0,10,131,1,142,0,14,148,1,163,136,0,136,299
05/04/2013,HWD,CA,AWP,WE,Towers with Radar,0,1,18,0,19,0,1,177,1,179,0,2,195,1,198,234,0,234,432
05/05/2013,HWD,CA,AWP,WE,Towers with Radar,0,1,17,0,18,0,0,127,1,128,0,1,144,1,146,88,0,88,234
05/06/2013,HWD,CA,AWP,WE,Towers with Radar,0,12,16,0,28,0,6,112,2,120,0,18,128,2,148,101,0,101,249
05/07/2013,HWD,CA,AWP,WE,Towers with Radar,0,8,15,0,23,0,3,134,6,143,0,11,149,6,166,169,0,169,335
05/08/2013,HWD,CA,AWP,WE,Towers with Radar,0,14,24,1,39,0,2,68,9,79,0,16,92,10,118,110,0,110,228
05/09/2013,HWD,CA,AWP,WE,Towers with Radar,0,20,32,0,52,0,4,75,9,88,0,24,107,9,140,192,0,192,332
05/10/2013,HWD,CA,AWP,WE,Towers with Radar,0,14,18,0,32,0,2,73,4,79,0,16,91,4,111,98,0,98,209
05/11/2013,HWD,CA,AWP,WE,Towers with Radar,0,1,10,0,11,0,0,302,0,302,0,1,312,0,313,161,0,161,474
05/12/2013,HWD,CA,AWP,WE,Towers with Radar,0,1,14,0,15,0,1,145,2,148,0,2,159,2,163,188,0,188,351
05/13/2013,HWD,CA,AWP,WE,Towers with Radar,2,8,12,0,22,0,7,107,4,118,2,15,119,4,140,128,0,128,268
05/14/2013,HWD,CA,AWP,WE,Towers with Radar,0,3,8,0,11,0,9,131,2,142,0,12,139,2,153,219,0,219,372
05/15/2013,HWD,CA,AWP,WE,Towers with Radar,0,5,14,1,20,0,5,128,8,141,0,10,142,9,161,118,0,118,279
05/16/2013,HWD,CA,AWP,WE,Towers with Radar,0,15,32,0,47,0,1,74,0,75,0,16,106,0,122,128,0,128,250
05/17/2013,HWD,CA,AWP,WE,Towers with Radar,0,9,26,0,35,0,3,114,4,121,0,12,140,4,156,118,0,118,274
05/18/2013,HWD,CA,AWP,WE,Towers with Radar,0,1,15,0,16,0,0,182,0,182,0,1,197,0,198,206,0,206,404
05/19/2013,HWD,CA,AWP,WE,Towers with Radar,0,1,17,0,18,0,0,148,2,150,0,1,165,2,168,202,0,202,370
05/20/2013,HWD,CA,AWP,WE,Towers with Radar,0,3,7,0,10,0,16,122,5,143,0,19,129,5,153,102,0,102,255
05/21/2013,HWD,CA,AWP,WE,Towers with Radar,0,4,9,0,13,0,9,95,0,104,0,13,104,0,117,54,0,54,171
05/22/2013,HWD,CA,AWP,WE,Towers with Radar,1,6,15,0,22,0,7,76,0,83,1,13,91,0,105,24,0,24,129
05/23/2013,HWD,CA,AWP,WE,Towers with Radar,0,2,15,0,17,0,13,116,3,132,0,15,131,3,149,208,0,208,357
05/24/2013,HWD,CA,AWP,WE,Towers with Radar,0,1,15,0,16,0,9,151,3,163,0,10,166,3,179,164,0,164,343
05/25/2013,HWD,CA,AWP,WE,Towers with Radar,0,1,23,0,24,0,0,142,0,142,0,1,165,0,166,186,0,186,352
05/26/2013,HWD,CA,AWP,WE,Towers with Radar,0,1,7,0,8,0,0,78,0,78,0,1,85,0,86,82,0,82,168
05/27/2013,HWD,CA,AWP,WE,Towers with Radar,0,2,27,0,29,0,1,53,0,54,0,3,80,0,83,42,0,42,125
05/28/2013,HWD,CA,AWP,WE,Towers with Radar,0,6,20,1,27,0,7,98,5,110,0,13,118,6,137,146,0,146,283
05/29/2013,HWD,CA,AWP,WE,Towers with Radar,1,9,22,0,32,0,5,163,0,168,1,14,185,0,200,106,0,106,306
05/30/2013,HWD,CA,AWP,WE,Towers with Radar,0,6,19,0,25,0,5,138,1,144,0,11,157,1,169,156,0,156,325
05/31/2013,HWD,CA,AWP,WE,Towers with Radar,0,2,16,1,19,0,3,175,4,182,0,5,191,5,201,216,0,216,417
06/01/2013,HWD,CA,AWP,WE,Towers with Radar,0,1,13,0,14,0,0,151,2,153,0,1,164,2,167,232,0,232,399
06/02/2013,HWD,CA,AWP,WE,Towers with Radar,0,0,11,0,11,0,3,155,0,158,0,3,166,0,169,268,0,268,437
06/03/2013,HWD,CA,AWP,WE,Towers with Radar,0,1,8,0,9,0,10,122,0,132,0,11,130,0,141,138,0,138,279
06/04/2013,HWD,CA,AWP,WE,Towers with Radar,0,8,20,0,28,0,2,125,5,132,0,10,145,5,160,180,0,180,340
06/05/2013,HWD,CA,AWP,WE,Towers with Radar,0,6,22,0,28,0,3,102,3,108,0,9,124,3,136,46,0,46,182
06/06/2013,HWD,CA,AWP,WE,Towers with Radar,0,20,15,0,35,0,1,116,2,119,0,21,131,2,154,110,0,110,264
06/07/2013,HWD,CA,AWP,WE,Towers with Radar,0,18,33,0,51,0,4,92,0,96,0,22,125,0,147,118,0,118,265
06/08/2013,HWD,CA,AWP,WE,Towers with Radar,0,3,17,0,20,0,0,160,3,163,0,3,177,3,183,378,0,378,561
06/09/2013,HWD,CA,AWP,WE,Towers with Radar,0,2,13,0,15,0,0,102,1,103,0,2,115,1,118,142,0,142,260
06/10/2013,HWD,CA,AWP,WE,Towers with Radar,0,9,7,0,16,0,6,70,2,78,0,15,77,2,94,89,0,89,183
06/11/2013,HWD,CA,AWP,WE,Towers with Radar,0,12,13,2,27,0,4,124,3,131,0,16,137,5,158,158,0,158,316
06/12/2013,HWD,CA,AWP,WE,Towers with Radar,0,2,10,0,12,0,6,120,4,130,0,8,130,4,142,106,0,106,248
06/13/2013,HWD,CA,AWP,WE,Towers with Radar,0,5,16,0,21,0,10,149,2,161,0,15,165,2,182,112,0,112,294
06/14/2013,HWD,CA,AWP,WE,Towers with Radar,0,2,8,1,11,0,10,131,2,143,0,12,139,3,154,181,0,181,335
06/15/2013,HWD,CA,AWP,WE,Towers with Radar,0,2,10,0,12,0,1,100,0,101,0,3,110,0,113,188,0,188,301
06/16/2013,HWD,CA,AWP,WE,Towers with Radar,0,1,12,0,13,0,1,142,0,143,0,2,154,0,156,200,0,200,356
06/17/2013,HWD,CA,AWP,WE,Towers with Radar,0,6,9,0,15,0,5,93,7,105,0,11,102,7,120,62,0,62,182
06/18/2013,HWD,CA,AWP,WE,Towers with Radar,0,6,13,0,19,0,3,87,2,92,0,9,100,2,111,128,0,128,239
06/19/2013,HWD,CA,AWP,WE,Towers with Radar,0,4,16,0,20,0,8,125,0,133,0,12,141,0,153,212,0,212,365
06/20/2013,HWD,CA,AWP,WE,Towers with Radar,0,5,11,0,16,0,8,166,4,178,0,13,177,4,194,184,0,184,378
06/21/2013,HWD,CA,AWP,WE,Towers with Radar,0,2,20,0,22,0,4,202,8,214,0,6,222,8,236,196,0,196,432
06/22/2013,HWD,CA,AWP,WE,Towers with Radar,0,2,16,1,19,0,0,191,2,193,0,2,207,3,212,234,0,234,446
06/23/2013,HWD,CA,AWP,WE,Towers with Radar,0,5,33,0,38,0,2,53,0,55,0,7,86,0,93,84,0,84,177
06/24/2013,HWD,CA,AWP,WE,Towers with Radar,0,16,32,0,48,0,1,27,1,29,0,17,59,1,77,88,0,88,165
06/25/2013,HWD,CA,AWP,WE,Towers with Radar,0,16,25,0,41,0,2,68,2,72,0,18,93,2,113,72,0,72,185
06/26/2013,HWD,CA,AWP,WE,Towers with Radar,0,10,17,0,27,0,4,137,13,154,0,14,154,13,181,216,0,216,397
06/27/2013,HWD,CA,AWP,WE,Towers with Radar,0,9,21,0,30,0,10,141,2,153,0,19,162,2,183,88,4,92,275
06/28/2013,HWD,CA,AWP,WE,Towers with Radar,0,0,15,0,15,0,11,158,6,175,0,11,173,6,190,122,0,122,312
06/29/2013,HWD,CA,AWP,WE,Towers with Radar,0,1,12,0,13,0,0,256,0,256,0,1,268,0,269,215,0,215,484
06/30/2013,HWD,CA,AWP,WE,Towers with Radar,1,1,18,0,20,0,1,146,3,150,1,2,164,3,170,166,0,166,336
07/01/2013,HWD,CA,AWP,WE,Towers with Radar,0,2,10,0,12,0,11,134,10,155,0,13,144,10,167,64,0,64,231
07/02/2013,HWD,CA,AWP,WE,Towers with Radar,0,4,15,0,19,0,7,135,8,150,0,11,150,8,169,136,0,136,305
07/03/2013,HWD,CA,AWP,WE,Towers with Radar,0,6,13,0,19,0,10,146,4,160,0,16,159,4,179,84,0,84,263
07/04/2013,HWD,CA,AWP,WE,Towers with Radar,0,0,2,0,2,0,0,80,4,84,0,0,82,4,86,36,0,36,122
07/05/2013,HWD,CA,AWP,WE,Towers with Radar,0,7,15,0,22,0,2,92,3,97,0,9,107,3,119,124,0,124,243
07/06/2013,HWD,CA,AWP,WE,Towers with Radar,0,5,7,0,12,0,2,114,11,127,0,7,121,11,139,132,0,132,271
07/07/2013,HWD,CA,AWP,WE,Towers with Radar,0,2,21,0,23,0,3,210,5,218,0,5,231,5,241,130,0,130,371
07/08/2013,HWD,CA,AWP,WE,Towers with Radar,0,5,13,0,18,0,8,112,2,122,0,13,125,2,140,168,0,168,308
07/09/2013,HWD,CA,AWP,WE,Towers with Radar,0,7,11,0,18,0,5,125,0,130,0,12,136,0,148,128,0,128,276
07/10/2013,HWD,CA,AWP,WE,Towers with Radar,0,10,13,0,23,0,8,166,11,185,0,18,179,11,208,186,0,186,394
07/11/2013,HWD,CA,AWP,WE,Towers with Radar,0,9,30,0,39,0,7,117,5,129,0,16,147,5,168,92,0,92,260
07/12/2013,HWD,CA,AWP,WE,Towers with Radar,0,10,22,0,32,0,4,154,10,168,0,14,176,10,200,230,0,230,430
07/13/2013,HWD,CA,AWP,WE,Towers with Radar,0,0,11,0,11,0,2,159,3,164,0,2,170,3,175,270,0,270,445
07/14/2013,HWD,CA,AWP,WE,Towers with Radar,0,0,19,0,19,0,1,150,3,154,0,1,169,3,173,142,0,142,315
07/15/2013,HWD,CA,AWP,WE,Towers with Radar,0,7,18,0,25,0,6,101,2,109,0,13,119,2,134,197,0,197,331
07/16/2013,HWD,CA,AWP,WE,Towers with Radar,0,5,18,0,23,0,4,119,2,125,0,9,137,2,148,216,0,216,364
07/17/2013,HWD,CA,AWP,WE,Towers with Radar,0,3,18,1,22,0,5,113,5,123,0,8,131,6,145,106,0,106,251
07/18/2013,HWD,CA,AWP,WE,Towers with Radar,0,6,15,0,21,0,5,88,1,94,0,11,103,1,115,120,0,120,235
07/19/2013,HWD,CA,AWP,WE,Towers with Radar,0,6,24,0,30,0,2,118,3,123,0,8,142,3,153,145,0,145,298
07/20/2013,HWD,CA,AWP,WE,Towers with Radar,0,0,11,0,11,0,0,147,5,152,0,0,158,5,163,222,0,222,385
07/21/2013,HWD,CA,AWP,WE,Towers with Radar,0,0,17,0,17,0,0,182,1,183,0,0,199,1,200,172,0,172,372
07/22/2013,HWD,CA,AWP,WE,Towers with Radar,0,4,15,0,19,0,8,106,0,114,0,12,121,0,133,74,0,74,207
07/23/2013,HWD,CA,AWP,WE,Towers with Radar,0,4,7,0,11,0,4,155,7,166,0,8,162,7,177,154,0,154,331
07/24/2013,HWD,CA,AWP,WE,Towers with Radar,0,1,12,0,13,0,12,162,2,176,0,13,174,2,189,202,0,202,391
07/25/2013,HWD,CA,AWP,WE,Towers with Radar,0,8,21,0,29,0,6,138,2,146,0,14,159,2,175,274,0,274,449
07/26/2013,HWD,CA,AWP,WE,Towers with Radar,0,14,19,0,33,0,2,217,10,229,0,16,236,10,262,164,0,164,426
07/27/2013,HWD,CA,AWP,WE,Towers with Radar,0,7,18,0,25,0,0,149,0,149,0,7,167,0,174,194,0,194,368
07/28/2013,HWD,CA,AWP,WE,Towers with Radar,0,1,19,0,20,0,9,136,1,146,0,10,155,1,166,236,0,236,402
07/29/2013,HWD,CA,AWP,WE,Towers with Radar,0,10,13,0,23,0,5,84,2,91,0,15,97,2,114,192,0,192,306
07/30/2013,HWD,CA,AWP,WE,Towers with Radar,0,9,14,0,23,0,4,123,2,129,0,13,137,2,152,148,0,148,300
07/31/2013,HWD,CA,AWP,WE,Towers with Radar,0,5,14,0,19,0,9,92,1,102,0,14,106,1,121,138,0,138,259
08/01/2013,HWD,CA,AWP,WE,Towers with Radar,0,6,16,0,22,0,4,107,5,116,0,10,123,5,138,148,0,148,286
08/02/2013,HWD,CA,AWP,WE,Towers with Radar,0,4,4,0,8,0,6,136,1,143,0,10,140,1,151,194,0,194,345
08/03/2013,HWD,CA,AWP,WE,Towers with Radar,0,0,21,0,21,0,6,88,0,94,0,6,109,0,115,144,0,144,259
08/04/2013,HWD,CA,AWP,WE,Towers with Radar,0,2,12,0,14,0,0,78,0,78,0,2,90,0,92,184,0,184,276
08/05/2013,HWD,CA,AWP,WE,Towers with Radar,0,8,14,0,22,0,6,76,2,84,0,14,90,2,106,76,0,76,182
08/06/2013,HWD,CA,AWP,WE,Towers with Radar,0,5,22,0,27,0,4,103,3,110,0,9,125,3,137,140,0,140,277
08/07/2013,HWD,CA,AWP,WE,Towers with Radar,0,4,19,0,23,0,8,126,1,135,0,12,145,1,158,256,0,256,414
08/08/2013,HWD,CA,AWP,WE,Towers with Radar,0,12,16,0,28,0,1,92,2,95,0,13,108,2,123,168,0,168,291
08/09/2013,HWD,CA,AWP,WE,Towers with Radar,0,7,25,1,33,0,2,125,12,139,0,9,150,13,172,162,0,162,334
08/10/2013,HWD,CA,AWP,WE,Towers with Radar,0,1,24,0,25,0,0,88,0,88,0,1,112,0,113,174,0,174,287
08/11/2013,HWD,CA,AWP,WE,Towers with Radar,0,3,39,0,42,0,1,70,0,71,0,4,109,0,113,64,0,64,177
08/12/2013,HWD,CA,AWP,WE,Towers with Radar,0,5,13,0,18,0,9,90,0,99,0,14,103,0,117,104,0,104,221
08/13/2013,HWD,CA,AWP,WE,Towers with Radar,1,7,31,0,39,0,3,114,2,119,1,10,145,2,158,108,0,108,266
08/14/2013,HWD,CA,AWP,WE,Towers with Radar,0,11,28,0,39,0,5,117,2,124,0,16,145,2,163,174,0,174,337
08/15/2013,HWD,CA,AWP,WE,Towers with Radar,0,6,26,0,32,0,7,77,4,88,0,13,103,4,120,112,0,112,232
08/16/2013,HWD,CA,AWP,WE,Towers with Radar,0,7,18,0,25,0,4,127,3,134,0,11,145,3,159,214,0,214,373
08/17/2013,HWD,CA,AWP,WE,Towers with Radar,0,2,7,0,9,0,17,99,0,116,0,19,106,0,125,156,0,156,281
08/18/2013,HWD,CA,AWP,WE,Towers with Radar,0,2,21,0,23,0,2,126,2,130,0,4,147,2,153,126,0,126,279
08/19/2013,HWD,CA,AWP,WE,Towers with Radar,0,3,16,0,19,0,12,91,10,113,0,15,107,10,132,210,0,210,342
08/20/2013,HWD,CA,AWP,WE,Towers with Radar,1,9,18,0,28,0,6,113,4,123,1,15,131,4,151,162,0,162,313
08/21/2013,HWD,CA,AWP,WE,Towers with Radar,0,7,25,0,32,0,6,110,3,119,0,13,135,3,151,182,0,182,333
08/22/2013,HWD,CA,AWP,WE,Towers with Radar,0,6,22,1,29,0,3,100,4,107,0,9,122,5,136,246,0,246,382
08/23/2013,HWD,CA,AWP,WE,Towers with Radar,0,12,26,0,38,0,3,98,1,102,0,15,124,1,140,120,0,120,260
08/24/2013,HWD,CA,AWP,WE,Towers with Radar,0,0,16,0,16,0,1,183,1,185,0,1,199,1,201,236,0,236,437
08/25/2013,HWD,CA,AWP,WE,Towers with Radar,0,4,23,0,27,0,3,112,2,117,0,7,135,2,144,206,0,206,350
08/26/2013,HWD,CA,AWP,WE,Towers with Radar,0,7,13,0,20,0,8,76,1,85,0,15,89,1,105,144,0,144,249
08/27/2013,HWD,CA,AWP,WE,Towers with Radar,0,4,15,0,19,0,3,165,1,169,0,7,180,1,188,264,0,264,452
08/28/2013,HWD,CA,AWP,WE,Towers with Radar,0,11,38,0,49,0,2,115,2,119,0,13,153,2,168,203,0,203,371
08/29/2013,HWD,CA,AWP,WE,Towers with Radar,0,6,20,0,26,0,4,96,2,102,0,10,116,2,128,64,0,64,192
08/30/2013,HWD,CA,AWP,WE,Towers with Radar,0,5,24,0,29,0,1,186,3,190,0,6,210,3,219,206,0,206,425
08/31/2013,HWD,CA,AWP,WE,Towers with Radar,0,1,10,0,11,0,0,124,1,125,0,1,134,1,136,148,0,148,284
09/01/2013,HWD,CA,AWP,WE,Towers with Radar,0,0,8,0,8,0,2,123,2,127,0,2,131,2,135,134,0,134,269
09/02/2013,HWD,CA,AWP,WE,Towers with Radar,0,4,25,0,29,0,0,105,6,111,0,4,130,6,140,104,0,104,244
09/03/2013,HWD,CA,AWP,WE,Towers with Radar,0,11,16,0,27,0,8,161,2,171,0,19,177,2,198,66,0,66,264
09/04/2013,HWD,CA,AWP,WE,Towers with Radar,0,3,21,0,24,0,5,108,2,115,0,8,129,2,139,64,0,64,203
09/05/2013,HWD,CA,AWP,WE,Towers with Radar,0,13,10,1,24,0,5,156,6,167,0,18,166,7,191,154,0,154,345
09/06/2013,HWD,CA,AWP,WE,Towers with Radar,0,2,20,0,22,0,7,139,6,152,0,9,159,6,174,222,0,222,396
09/07/2013,HWD,CA,AWP,WE,Towers with Radar,0,1,10,1,12,0,5,134,2,141,0,6,144,3,153,108,2,110,263
09/08/2013,HWD,CA,AWP,WE,Towers with Radar,0,3,15,0,18,0,0,116,1,117,0,3,131,1,135,140,0,140,275
09/09/2013,HWD,CA,AWP,WE,Towers with Radar,0,4,14,0,18,0,10,55,5,70,0,14,69,5,88,96,0,96,184
09/10/2013,HWD,CA,AWP,WE,Towers with Radar,0,6,13,0,19,0,5,111,1,117,0,11,124,1,136,254,0,254,390
09/11/2013,HWD,CA,AWP,WE,Towers with Radar,0,12,18,0,30,0,3,102,1,106,0,15,120,1,136,166,0,166,302
09/12/2013,HWD,CA,AWP,WE,Towers with Radar,0,10,35,0,45,0,1,92,4,97,0,11,127,4,142,148,0,148,290
09/13/2013,HWD,CA,AWP,WE,Towers with Radar,0,5,23,0,28,0,0,105,4,109,0,5,128,4,137,100,0,100,237
09/14/2013,HWD,CA,AWP,WE,Towers with Radar,0,1,21,0,22,0,1,17,1,19,0,2,38,1,41,8,0,8,49
09/15/2013,HWD,CA,AWP,WE,Towers with Radar,0,5,19,0,24,0,1,121,1,123,0,6,140,1,147,158,0,158,305
09/16/2013,HWD,CA,AWP,WE,Towers with Radar,0,8,19,0,27,0,6,125,3,134,0,14,144,3,161,204,0,204,365
09/17/2013,HWD,CA,AWP,WE,Towers with Radar,0,9,17,0,26,0,3,49,3,55,0,12,66,3,81,46,0,46,127
09/18/2013,HWD,CA,AWP,WE,Towers with Radar,0,3,13,0,16,0,6,140,2,148,0,9,153,2,164,220,0,220,384
09/19/2013,HWD,CA,AWP,WE,Towers with Radar,0,5,13,0,18,0,5,127,6,138,0,10,140,6,156,138,0,138,294
09/20/2013,HWD,CA,AWP,WE,Towers with Radar,0,7,25,1,33,0,1,54,1,56,0,8,79,2,89,139,0,139,228
09/21/2013,HWD,CA,AWP,WE,Towers with Radar,0,1,10,0,11,0,0,26,5,31,0,1,36,5,42,26,2,28,70
09/22/2013,HWD,CA,AWP,WE,Towers with Radar,0,3,20,0,23,0,0,199,1,200,0,3,219,1,223,182,0,182,405
09/23/2013,HWD,CA,AWP,WE,Towers with Radar,0,3,7,0,10,0,10,77,7,94,0,13,84,7,104,60,0,60,164
09/24/2013,HWD,CA,AWP,WE,Towers with Radar,0,3,16,0,19,0,6,114,8,128,0,9,130,8,147,178,0,178,325
09/25/2013,HWD,CA,AWP,WE,Towers with Radar,0,4,16,0,20,0,5,99,5,109,0,9,115,5,129,126,0,126,255
09/26/2013,HWD,CA,AWP,WE,Towers with Radar,0,2,18,0,20,0,4,137,0,141,0,6,155,0,161,142,0,142,303
09/27/2013,HWD,CA,AWP,WE,Towers with Radar,0,2,14,0,16,0,3,156,7,166,0,5,170,7,182,96,0,96,278
09/28/2013,HWD,CA,AWP,WE,Towers with Radar,0,0,19,0,19,0,1,182,0,183,0,1,201,0,202,115,0,115,317
09/29/2013,HWD,CA,AWP,WE,Towers with Radar,0,0,23,0,23,0,0,122,1,123,0,0,145,1,146,208,0,208,354
09/30/2013,HWD,CA,AWP,WE,Towers with Radar,0,8,17,3,28,0,6,70,6,82,0,14,87,9,110,86,0,86,196
10/01/2013,HWD,CA,AWP,WE,Towers with Radar,0,8,8,0,16,0,3,116,1,120,0,11,124,1,136,44,0,44,180
10/02/2013,HWD,CA,AWP,WE,Towers with Radar,0,3,18,0,21,0,10,122,4,136,0,13,140,4,157,166,0,166,323
10/03/2013,HWD,CA,AWP,WE,Towers with Radar,0,7,25,0,32,0,5,118,0,123,0,12,143,0,155,128,0,128,283
10/04/2013,HWD,CA,AWP,WE,Towers with Radar,0,1,10,0,11,0,5,67,2,74,0,6,77,2,85,28,0,28,113
10/05/2013,HWD,CA,AWP,WE,Towers with Radar,0,1,16,0,17,0,0,138,0,138,0,1,154,0,155,112,0,112,267
10/06/2013,HWD,CA,AWP,WE,Towers with Radar,0,6,10,0,16,0,2,122,0,124,0,8,132,0,140,58,0,58,198
10/07/2013,HWD,CA,AWP,WE,Towers with Radar,0,3,6,0,9,0,10,112,3,125,0,13,118,3,134,110,0,110,244
10/08/2013,HWD,CA,AWP,WE,Towers with Radar,0,9,24,0,33,0,5,163,10,178,0,14,187,10,211,176,0,176,387
10/09/2013,HWD,CA,AWP,WE,Towers with Radar,0,6,14,0,20,0,8,130,5,143,0,14,144,5,163,104,0,104,267
10/10/2013,HWD,CA,AWP,WE,Towers with Radar,0,8,18,0,26,0,5,117,0,122,0,13,135,0,148,80,0,80,228
10/11/2013,HWD,CA,AWP,WE,Towers with Radar,0,8,42,0,50,0,4,111,5,120,0,12,153,5,170,144,0,144,314
10/12/2013,HWD,CA,AWP,WE,Towers with Radar,0,3,37,1,41,0,0,84,1,85,0,3,121,2,126,92,0,92,218
10/13/2013,HWD,CA,AWP,WE,Towers with Radar,0,2,14,0,16,0,0,153,0,153,0,2,167,0,169,126,0,126,295
10/14/2013,HWD,CA,AWP,WE,Towers with Radar,0,3,11,0,14,0,9,141,0,150,0,12,152,0,164,100,0,100,264
10/15/2013,HWD,CA,AWP,WE,Towers with Radar,0,5,17,0,22,0,5,120,4,129,0,10,137,4,151,172,0,172,323
10/16/2013,HWD,CA,AWP,WE,Towers with Radar,0,6,19,1,26,0,7,128,5,140,0,13,147,6,166,186,0,186,352
10/17/2013,HWD,CA,AWP,WE,Towers with Radar,0,8,9,0,17,0,3,148,10,161,0,11,157,10,178,124,0,124,302
10/18/2013,HWD,CA,AWP,WE,Towers with Radar,0,2,17,0,19,0,3,157,8,168,0,5,174,8,187,135,0,135,322
10/19/2013,HWD,CA,AWP,WE,Towers with Radar,0,1,25,0,26,0,0,151,2,153,0,1,176,2,179,200,0,200,379
10/20/2013,HWD,CA,AWP,WE,Towers with Radar,0,0,27,0,27,0,0,171,0,171,0,0,198,0,198,170,0,170,368
10/21/2013,HWD,CA,AWP,WE,Towers with Radar,0,7,26,0,33,0,7,77,4,88,0,14,103,4,121,96,0,96,217
10/22/2013,HWD,CA,AWP,WE,Towers with Radar,0,12,24,0,36,0,4,79,5,88,0,16,103,5,124,118,0,118,242
10/23/2013,HWD,CA,AWP,WE,Towers with Radar,0,7,22,0,29,0,2,72,3,77,0,9,94,3,106,122,0,122,228
10/24/2013,HWD,CA,AWP,WE,Towers with Radar,0,11,20,0,31,0,3,41,5,49,0,14,61,5,80,68,0,68,148
10/25/2013,HWD,CA,AWP,WE,Towers with Radar,0,11,22,0,33,0,2,146,11,159,0,13,168,11,192,140,0,140,332
10/26/2013,HWD,CA,AWP,WE,Towers with Radar,0,0,17,0,17,0,0,171,2,173,0,0,188,2,190,208,0,208,398
10/27/2013,HWD,CA,AWP,WE,Towers with Radar,0,4,30,0,34,0,0,55,2,57,0,4,85,2,91,64,0,64,155
10/28/2013,HWD,CA,AWP,WE,Towers with Radar,0,8,13,0,21,0,3,105,4,112,0,11,118,4,133,176,0,176,309
10/29/2013,HWD,CA,AWP,WE,Towers with Radar,0,8,17,0,25,0,3,85,6,94,0,11,102,6,119,86,0,86,205
10/30/2013,HWD,CA,AWP,WE,Towers with Radar,0,6,20,0,26,0,6,119,3,128,0,12,139,3,154,118,0,118,272
10/31/2013,HWD,CA,AWP,WE,Towers with Radar,0,9,11,0,20,0,2,155,0,157,0,11,166,0,177,186,0,186,363
11/01/2013,HWD,CA,AWP,WE,Towers with Radar,0,2,16,0,18,0,5,165,6,176,0,7,181,6,194,142,0,142,336
11/02/2013,HWD,CA,AWP,WE,Towers with Radar,0,1,7,0,8,0,1,153,0,154,0,2,160,0,162,264,0,264,426
11/03/2013,HWD,CA,AWP,WE,Towers with Radar,0,1,24,0,25,0,0,119,1,120,0,1,143,1,145,93,0,93,238
11/04/2013,HWD,CA,AWP,WE,Towers with Radar,0,5,12,0,17,0,9,85,6,100,0,14,97,6,117,118,0,118,235
11/05/2013,HWD,CA,AWP,WE,Towers with Radar,0,8,5,0,13,0,5,130,8,143,0,13,135,8,156,212,0,212,368
11/06/2013,HWD,CA,AWP,WE,Towers with Radar,0,6,11,0,17,0,4,97,2,103,0,10,108,2,120,86,0,86,206
11/07/2013,HWD,CA,AWP,WE,Towers with Radar,0,5,15,0,20,0,4,109,3,116,0,9,124,3,136,151,0,151,287
11/08/2013,HWD,CA,AWP,WE,Towers with Radar,0,5,12,0,17,0,2,83,0,85,0,7,95,0,102,42,0,42,144
11/09/2013,HWD,CA,AWP,WE,Towers with Radar,0,3,23,0,26,0,0,186,0,186,0,3,209,0,212,196,0,196,408
11/10/2013,HWD,CA,AWP,WE,Towers with Radar,0,2,21,0,23,0,0,104,0,104,0,2,125,0,127,174,0,174,301
11/11/2013,HWD,CA,AWP,WE,Towers with Radar,0,2,20,0,22,0,2,73,2,77,0,4,93,2,99,144,0,144,243
11/12/2013,HWD,CA,AWP,WE,Towers with Radar,0,12,19,0,31,0,6,104,11,121,0,18,123,11,152,110,0,110,262
11/13/2013,HWD,CA,AWP,WE,Towers with Radar,0,4,20,0,24,0,4,190,4,198,0,8,210,4,222,206,0,206,428
11/14/2013,HWD,CA,AWP,WE,Towers with Radar,0,5,15,0,20,0,4,73,5,82,0,9,88,5,102,60,0,60,162
11/15/2013,HWD,CA,AWP,WE,Towers with Radar,0,5,31,0,36,0,3,159,9,171,0,8,190,9,207,104,0,104,311
11/16/2013,HWD,CA,AWP,WE,Towers with Radar,0,1,3,1,5,0,0,124,3,127,0,1,127,4,132,104,0,104,236
11/17/2013,HWD,CA,AWP,WE,Towers with Radar,0,2,15,0,17,0,0,109,2,111,0,2,124,2,128,128,0,128,256
11/18/2013,HWD,CA,AWP,WE,Towers with Radar,0,6,14,4,24,0,8,102,8,118,0,14,116,12,142,74,0,74,216
11/19/2013,HWD,CA,AWP,WE,Towers with Radar,0,9,17,0,26,0,0,75,5,80,0,9,92,5,106,36,0,36,142
11/20/2013,HWD,CA,AWP,WE,Towers with Radar,0,9,18,0,27,0,1,27,3,31,0,10,45,3,58,0,0,0,58
11/21/2013,HWD,CA,AWP,WE,Towers with Radar,0,7,18,0,25,0,2,70,5,77,0,9,88,5,102,82,0,82,184
11/22/2013,HWD,CA,AWP,WE,Towers with Radar,0,6,12,0,18,0,3,47,4,54,0,9,59,4,72,18,0,18,90
11/23/2013,HWD,CA,AWP,WE,Towers with Radar,0,0,7,0,7,0,0,191,0,191,0,0,198,0,198,186,0,186,384
11/24/2013,HWD,CA,AWP,WE,Towers with Radar,0,3,19,0,22,0,1,156,2,159,0,4,175,2,181,144,0,144,325
11/25/2013,HWD,CA,AWP,WE,Towers with Radar,0,9,21,0,30,0,3,30,1,34,0,12,51,1,64,22,0,22,86
11/26/2013,HWD,CA,AWP,WE,Towers with Radar,0,6,19,0,25,0,7,122,5,134,0,13,141,5,159,172,0,172,331
11/27/2013,HWD,CA,AWP,WE,Towers with Radar,0,6,30,0,36,0,2,113,3,118,0,8,143,3,154,174,0,174,328
11/28/2013,HWD,CA,AWP,WE,Towers with Radar,0,4,4,0,8,0,1,76,2,79,0,5,80,2,87,132,0,132,219
11/29/2013,HWD,CA,AWP,WE,Towers with Radar,0,4,7,0,11,0,4,130,3,137,0,8,137,3,148,168,0,168,316
11/30/2013,HWD,CA,AWP,WE,Towers with Radar,0,2,20,0,22,0,0,139,2,141,0,2,159,2,163,176,0,176,339
12/01/2013,HWD,CA,AWP,WE,Towers with Radar,0,2,35,0,37,0,1,142,0,143,0,3,177,0,180,264,0,264,444
12/02/2013,HWD,CA,AWP,WE,Towers with Radar,0,11,25,0,36,0,7,89,0,96,0,18,114,0,132,134,0,134,266
12/03/2013,HWD,CA,AWP,WE,Towers with Radar,0,10,11,0,21,0,4,88,0,92,0,14,99,0,113,236,0,236,349
12/04/2013,HWD,CA,AWP,WE,Towers with Radar,0,4,11,0,15,0,4,154,3,161,0,8,165,3,176,160,0,160,336
12/05/2013,HWD,CA,AWP,WE,Towers with Radar,0,7,26,0,33,0,6,132,3,141,0,13,158,3,174,132,0,132,306
12/06/2013,HWD,CA,AWP,WE,Towers with Radar,0,7,12,0,19,0,3,142,3,148,0,10,154,3,167,210,0,210,377
12/07/2013,HWD,CA,AWP,WE,Towers with Radar,0,3,7,0,10,0,0,115,3,118,0,3,122,3,128,152,0,152,280
12/08/2013,HWD,CA,AWP,WE,Towers with Radar,0,3,10,0,13,0,0,99,2,101,0,3,109,2,114,196,0,196,310
12/09/2013,HWD,CA,AWP,WE,Towers with Radar,0,9,14,0,23,0,4,83,4,91,0,13,97,4,114,122,0,122,236
12/10/2013,HWD,CA,AWP,WE,Towers with Radar,0,10,24,0,34,0,6,142,7,155,0,16,166,7,189,120,0,120,309
12/11/2013,HWD,CA,AWP,WE,Towers with Radar,0,6,19,3,28,0,5,137,1,143,0,11,156,4,171,150,0,150,321
12/12/2013,HWD,CA,AWP,WE,Towers with Radar,0,8,21,0,29,0,8,106,6,120,0,16,127,6,149,188,0,188,337
12/13/2013,HWD,CA,AWP,WE,Towers with Radar,0,7,20,0,27,0,0,70,3,73,0,7,90,3,100,52,0,52,152
12/14/2013,HWD,CA,AWP,WE,Towers with Radar,0,1,24,0,25,0,2,174,1,177,0,3,198,1,202,140,0,140,342
12/15/2013,HWD,CA,AWP,WE,Towers with Radar,0,3,15,0,18,0,0,106,2,108,0,3,121,2,126,208,0,208,334
12/16/2013,HWD,CA,AWP,WE,Towers with Radar,0,8,11,0,19,0,8,88,3,99,0,16,99,3,118,50,0,50,168
12/17/2013,HWD,CA,AWP,WE,Towers with Radar,0,8,12,0,20,0,8,146,4,158,0,16,158,4,178,178,0,178,356
12/18/2013,HWD,CA,AWP,WE,Towers with Radar,0,10,21,0,31,0,1,120,3,124,0,11,141,3,155,138,0,138,293
12/19/2013,HWD,CA,AWP,WE,Towers with Radar,0,8,18,0,26,0,6,90,0,96,0,14,108,0,122,168,0,168,290
12/20/2013,HWD,CA,AWP,WE,Towers with Radar,0,6,17,0,23,0,5,132,3,140,0,11,149,3,163,227,0,227,390
12/21/2013,HWD,CA,AWP,WE,Towers with Radar,0,4,12,0,16,0,0,114,0,114,0,4,126,0,130,139,0,139,269
12/22/2013,HWD,CA,AWP,WE,Towers with Radar,0,1,11,0,12,0,0,99,0,99,0,1,110,0,111,84,0,84,195
12/23/2013,HWD,CA,AWP,WE,Towers with Radar,0,7,15,0,22,0,13,94,1,108,0,20,109,1,130,74,0,74,204
12/24/2013,HWD,CA,AWP,WE,Towers with Radar,0,9,3,0,12,0,7,56,2,65,0,16,59,2,77,24,0,24,101
12/25/2013,HWD,CA,AWP,WE,Towers with Radar,0,1,1,0,2,0,0,13,1,14,0,1,14,1,16,20,0,20,36
12/26/2013,HWD,CA,AWP,WE,Towers with Radar,0,2,10,0,12,0,13,118,0,131,0,15,128,0,143,26,0,26,169
12/27/2013,HWD,CA,AWP,WE,Towers with Radar,0,8,14,0,22,0,4,70,0,74,0,12,84,0,96,89,0,89,185
12/28/2013,HWD,CA,AWP,WE,Towers with Radar,0,1,15,0,16,0,0,96,0,96,0,1,111,0,112,154,0,154,266
12/29/2013,HWD,CA,AWP,WE,Towers with Radar,0,1,18,0,19,0,4,99,0,103,0,5,117,0,122,74,0,74,196
12/30/2013,HWD,CA,AWP,WE,Towers with Radar,0,4,8,0,12,0,10,138,0,148,0,14,146,0,160,57,0,57,217
12/31/2013,HWD,CA,AWP,WE,Towers with Radar,0,6,6,0,12,0,7,74,2,83,0,13,80,2,95,62,0,62,157
01/01/2014,HWD,CA,AWP,WE,Towers with Radar,0,0,8,0,8,0,0,62,0,62,0,0,70,0,70,2,0,2,72
01/02/2014,HWD,CA,AWP,WE,Towers with Radar,0,5,18,0,23,0,8,75,1,84,0,13,93,1,107,96,0,96,203
01/03/2014,HWD,CA,AWP,WE,Towers with Radar,0,1,13,0,14,0,9,94,6,109,0,10,107,6,123,96,0,96,219
01/04/2014,HWD,CA,AWP,WE,Towers with Radar,0,4,19,0,23,0,0,65,2,67,0,4,84,2,90,158,0,158,248
01/05/2014,HWD,CA,AWP,WE,Towers with Radar,0,2,18,0,20,0,3,110,0,113,0,5,128,0,133,92,0,92,225
01/06/2014,HWD,CA,AWP,WE,Towers with Radar,0,7,14,0,21,0,6,59,2,67,0,13,73,2,88,24,0,24,112
01/07/2014,HWD,CA,AWP,WE,Towers with Radar,0,4,19,0,23,0,11,105,2,118,0,15,124,2,141,184,0,184,325
01/08/2014,HWD,CA,AWP,WE,Towers with Radar,0,14,23,1,38,0,0,4,0,4,0,14,27,1,42,0,0,0,42
01/09/2014,HWD,CA,AWP,WE,Towers with Radar,0,7,20,0,27,0,4,30,1,35,0,11,50,1,62,24,0,24,86
01/10/2014,HWD,CA,AWP,WE,Towers with Radar,0,6,8,0,14,0,5,58,6,69,0,11,66,6,83,88,0,88,171
01/11/2014,HWD,CA,AWP,WE,Towers with Radar,0,0,32,0,32,0,0,15,1,16,0,0,47,1,48,32,0,32,80
01/12/2014,HWD,CA,AWP,WE,Towers with Radar,0,1,22,0,23,0,0,78,1,79,0,1,100,1,102,70,0,70,172
01/13/2014,HWD,CA,AWP,WE,Towers with Radar,0,4,8,0,12,0,7,53,2,62,0,11,61,2,74,64,0,64,138
01/14/2014,HWD,CA,AWP,WE,Towers with Radar,0,6,13,0,19,0,5,91,6,102,0,11,104,6,121,112,0,112,233
01/15/2014,HWD,CA,AWP,WE,Towers with Radar,0,5,24,0,29,0,4,74,0,78,0,9,98,0,107,113,0,113,220
01/16/2014,HWD,CA,AWP,WE,Towers with Radar,0,6,18,0,24,0,4,123,2,129,0,10,141,2,153,144,0,144,297
01/17/2014,HWD,CA,AWP,WE,Towers with Radar,0,4,7,0,11,0,0,105,1,106,0,4,112,1,117,192,0,192,309
01/18/2014,HWD,CA,AWP,WE,Towers with Radar,0,2,6,0,8,0,1,133,1,135,0,3,139,1,143,170,0,170,313
01/19/2014,HWD,CA,AWP,WE,Towers with Radar,0,2,9,0,11,0,0,113,4,117,0,2,122,4,128,134,0,134,262
01/20/2014,HWD,CA,AWP,WE,Towers with Radar,0,1,21,0,22,0,2,138,2,142,0,3,159,2,164,128,0,128,292
01/21/2014,HWD,CA,AWP,WE,Towers with Radar,0,7,10,0,17,0,8,107,5,120,0,15,117,5,137,108,0,108,245
01/22/2014,HWD,CA,AWP,WE,Towers with Radar,0,4,11,0,15,0,9,105,2,116,0,13,116,2,131,80,0,80,211
01/23/2014,HWD,CA,AWP,WE,Towers with Radar,0,6,24,0,30,0,5,120,0,125,0,11,144,0,155,72,0,72,227
01/24/2014,HWD,CA,AWP,WE,Towers with Radar,0,4,18,0,22,0,4,55,3,62,0,8,73,3,84,114,0,114,198
01/25/2014,HWD,CA,AWP,WE,Towers with Radar,0,1,9,0,10,0,0,145,0,145,0,1,154,0,155,212,0,212,367
01/26/2014,HWD,CA,AWP,WE,Towers with Radar,0,0,20,0,20,0,0,120,0,120,0,0,140,0,140,218,0,218,358
01/27/2014,HWD,CA,AWP,WE,Towers with Radar,0,8,16,0,24,0,5,31,2,38,0,13,47,2,62,64,0,64,126
01/28/2014,HWD,CA,AWP,WE,Towers with Radar,0,13,16,0,29,0,4,59,4,67,0,17,75,4,96,148,0,148,244
01/29/2014,HWD,CA,AWP,WE,Towers with Radar,0,10,26,0,36,0,1,10,4,15,0,11,36,4,51,16,0,16,67
01/30/2014,HWD,CA,AWP,WE,Towers with Radar,0,8,14,0,22,0,2,135,5,142,0,10,149,5,164,300,0,300,464
01/31/2014,HWD,CA,AWP,WE,Towers with Radar,0,4,24,3,31,0,3,126,9,138,0,7,150,12,169,138,4,142,311
02/01/2014,HWD,CA,AWP,WE,Towers with Radar,0,0,10,2,12,0,0,144,1,145,0,0,154,3,157,237,0,237,394
02/02/2014,HWD,CA,AWP,WE,Towers with Radar,0,2,14,0,16,0,1,24,0,25,0,3,38,0,41,26,0,26,67
02/03/2014,HWD,CA,AWP,WE,Towers with Radar,0,3,17,0,20,0,12,51,4,67,0,15,68,4,87,132,0,132,219
02/04/2014,HWD,CA,AWP,WE,Towers with Radar,0,7,19,0,26,0,6,93,7,106,0,13,112,7,132,182,0,182,314
02/05/2014,HWD,CA,AWP,WE,Towers with Radar,0,6,20,0,26,0,2,125,3,130,0,8,145,3,156,158,0,158,314
02/06/2014,HWD,CA,AWP,WE,Towers with Radar,0,10,9,1,20,0,1,6,2,9,0,11,15,3,29,0,0,0,29
02/07/2014,HWD,CA,AWP,WE,Towers with Radar,0,7,8,0,15,0,0,24,2,26,0,7,32,2,41,2,0,2,43
02/08/2014,HWD,CA,AWP,WE,Towers with Radar,0,3,12,0,15,0,0,1,0,1,0,3,13,0,16,0,0,0,16
02/09/2014,HWD,CA,AWP,WE,Towers with Radar,0,4,20,0,24,0,0,6,1,7,0,4,26,1,31,0,0,0,31
02/10/2014,HWD,CA,AWP,WE,Towers with Radar,0,17,20,0,37,0,3,32,3,38,0,20,52,3,75,36,0,36,111
02/11/2014,HWD,CA,AWP,WE,Towers with Radar,0,9,19,0,28,0,0,76,13,89,0,9,95,13,117,168,0,168,285
02/12/2014,HWD,CA,AWP,WE,Towers with Radar,0,9,39,0,48,0,1,70,0,71,0,10,109,0,119,128,0,128,247
02/13/2014,HWD,CA,AWP,WE,Towers with Radar,0,8,28,0,36,0,2,96,5,103,0,10,124,5,139,162,0,162,301
02/14/2014,HWD,CA,AWP,WE,Towers with Radar,0,12,34,0,46,0,0,37,1,38,0,12,71,1,84,82,0,82,166
02/15/2014,HWD,CA,AWP,WE,Towers with Radar,0,2,14,0,16,0,1,60,1,62,0,3,74,1,78,303,0,303,381
02/16/2014,HWD,CA,AWP,WE,Towers with Radar,0,1,16,0,17,0,1,125,0,126,0,2,141,0,143,186,0,186,329
02/17/2014,HWD,CA,AWP,WE,Towers with Radar,0,6,28,0,34,0,10,122,9,141,0,16,150,9,175,252,0,252,427
02/18/2014,HWD,CA,AWP,WE,Towers with Radar,0,5,25,0,30,0,2,74,6,82,0,7,99,6,112,70,0,70,182
02/19/2014,HWD,CA,AWP,WE,Towers with Radar,0,6,23,0,29,0,4,113,8,125,0,10,136,8,154,106,0,106,260
02/20/2014,HWD,CA,AWP,WE,Towers with Radar,0,2,17,0,19,0,7,106,9,122,0,9,123,9,141,112,0,112,253
02/21/2014,HWD,CA,AWP,WE,Towers with Radar,0,4,30,0,34,0,6,164,4,174,0,10,194,4,208,256,0,256,464
02/22/2014,HWD,CA,AWP,WE,Towers with Radar,0,0,24,0,24,0,0,224,0,224,0,0,248,0,248,244,0,244,492
02/23/2014,HWD,CA,AWP,WE,Towers with Radar,0,2,25,0,27,0,0,130,1,131,0,2,155,1,158,282,0,282,440
02/24/2014,HWD,CA,AWP,WE,Towers with Radar,0,3,13,0,16,0,8,103,4,115,0,11,116,4,131,250,0,250,381
02/25/2014,HWD,CA,AWP,WE,Towers with Radar,0,5,25,0,30,0,2,78,2,82,0,7,103,2,112,310,0,310,422
02/26/2014,HWD,CA,AWP,WE,Towers with Radar,0,6,10,0,16,0,0,27,4,31,0,6,37,4,47,24,0,24,71
02/27/2014,HWD,CA,AWP,WE,Towers with Radar,0,9,13,0,22,0,3,51,3,57,0,12,64,3,79,48,0,48,127
02/28/2014,HWD,CA,AWP,WE,Towers with Radar,0,9,11,0,20,0,1,8,6,15,0,10,19,6,35,0,0,0,35
03/01/2014,HWD,CA,AWP,WE,Towers with Radar,0,1,5,0,6,0,0,50,0,50,0,1,55,0,56,124,0,124,180
03/02/2014,HWD,CA,AWP,WE,Towers with Radar,0,2,21,0,23,0,1,18,1,20,0,3,39,1,43,62,0,62,105
03/03/2014,HWD,CA,AWP,WE,Towers with Radar,0,9,17,0,26,0,2,58,4,64,0,11,75,4,90,96,0,96,186
03/04/2014,HWD,CA,AWP,WE,Towers with Radar,0,12,25,0,37,0,2,53,1,56,0,14,78,1,93,292,0,292,385
03/05/2014,HWD,CA,AWP,WE,Towers with Radar,0,9,17,0,26,0,1,105,1,107,0,10,122,1,133,132,0,132,265
03/06/2014,HWD,CA,AWP,WE,Towers with Radar,0,9,23,0,32,0,2,99,4,105,0,11,122,4,137,210,0,210,347
03/07/2014,HWD,CA,AWP,WE,Towers with Radar,0,8,18,0,26,0,0,134,14,148,0,8,152,14,174,226,0,226,400
03/08/2014,HWD,CA,AWP,WE,Towers with Radar,0,2,20,0,22,0,0,174,5,179,0,2,194,5,201,320,0,320,521
03/09/2014,HWD,CA,AWP,WE,Towers with Radar,0,4,19,0,23,0,1,98,1,100,0,5,117,1,123,238,0,238,361
03/10/2014,HWD,CA,AWP,WE,Towers with Radar,0,5,14,0,19,0,11,81,2,94,0,16,95,2,113,102,0,102,215
03/11/2014,HWD,CA,AWP,WE,Towers with Radar,0,3,12,0,15,0,5,95,8,108,0,8,107,8,123,74,0,74,197
03/12/2014,HWD,CA,AWP,WE,Towers with Radar,0,6,24,0,30,0,11,78,7,96,0,17,102,7,126,74,0,74,200
03/13/2014,HWD,CA,AWP,WE,Towers with Radar,0,10,18,0,28,0,3,130,10,143,0,13,148,10,171,182,0,182,353
03/14/2014,HWD,CA,AWP,WE,Towers with Radar,0,9,22,0,31,0,1,161,6,168,0,10,183,6,199,183,0,183,382
03/15/2014,HWD,CA,AWP,WE,Towers with Radar,0,0,16,0,16,0,0,178,3,181,0,0,194,3,197,342,0,342,539
03/16/2014,HWD,CA,AWP,WE,Towers with Radar,0,2,17,0,19,0,1,134,0,135,0,3,151,0,154,84,0,84,238
03/17/2014,HWD,CA,AWP,WE,Towers with Radar,0,10,18,0,28,0,7,90,4,101,0,17,108,4,129,88,0,88,217
03/18/2014,HWD,CA,AWP,WE,Towers with Radar,0,3,25,0,28,0,5,127,2,134,0,8,152,2,162,184,0,184,346
03/19/2014,HWD,CA,AWP,WE,Towers with Radar,0,2,17,0,19,0,5,107,3,115,0,7,124,3,134,230,0,230,364
03/20/2014,HWD,CA,AWP,WE,Towers with Radar,0,4,24,0,28,0,11,99,3,113,0,15,123,3,141,67,0,67,208
03/21/2014,HWD,CA,AWP,WE,Towers with Radar,0,5,26,0,31,0,7,97,6,110,0,12,123,6,141,174,30,204,345
03/22/2014,HWD,CA,AWP,WE,Towers with Radar,0,0,11,0,11,0,0,200,0,200,0,0,211,0,211,306,0,306,517
03/23/2014,HWD,CA,AWP,WE,Towers with Radar,0,4,14,0,18,0,4,133,4,141,0,8,147,4,159,170,0,170,329
03/24/2014,HWD,CA,AWP,WE,Towers with Radar,0,3,14,0,17,0,11,108,1,120,0,14,122,1,137,86,0,86,223
03/25/2014,HWD,CA,AWP,WE,Towers with Radar,0,5,11,1,17,0,3,44,1,48,0,8,55,2,65,42,0,42,107
03/26/2014,HWD,CA,AWP,WE,Towers with Radar,0,14,7,0,21,0,1,27,3,31,0,15,34,3,52,32,0,32,84
03/27/2014,HWD,CA,AWP,WE,Towers with Radar,0,7,18,0,25,0,2,75,4,81,0,9,93,4,106,104,0,104,210
03/28/2014,HWD,CA,AWP,WE,Towers with Radar,0,7,16,0,23,0,1,169,6,176,0,8,185,6,199,186,0,186,385
03/29/2014,HWD,CA,AWP,WE,Towers with Radar,0,1,17,0,18,0,0,10,0,10,0,1,27,0,28,4,0,4,32
03/30/2014,HWD,CA,AWP,WE,Towers with Radar,0,1,23,0,24,0,0,126,1,127,0,1,149,1,151,274,0,274,425
03/31/2014,HWD,CA,AWP,WE,Towers with Radar,0,10,6,0,16,0,6,26,1,33,0,16,32,1,49,42,0,42,91
04/01/2014,HWD,CA,AWP,WE,Towers with Radar,0,10,5,0,15,0,2,21,2,25,0,12,26,2,40,76,0,76,116
04/02/2014,HWD,CA,AWP,WE,Towers with Radar,0,6,17,0,23,0,4,123,3,130,0,10,140,3,153,104,0,104,257
04/03/2014,HWD,CA,AWP,WE,Towers with Radar,0,5,33,0,38,0,5,148,6,159,0,10,181,6,197,182,0,182,379
04/04/2014,HWD,CA,AWP,WE,Towers with Radar,0,6,6,0,12,0,0,50,2,52,0,6,56,2,64,162,0,162,226
04/05/2014,HWD,CA,AWP,WE,Towers with Radar,0,1,18,0,19,0,0,205,1,206,0,1,223,1,225,266,0,266,491
04/06/2014,HWD,CA,AWP,WE,Towers with Radar,0,2,27,0,29,0,2,137,1,140,0,4,164,1,169,282,0,282,451
04/07/2014,HWD,CA,AWP,WE,Towers with Radar,0,7,18,0,25,0,6,153,0,159,0,13,171,0,184,166,0,166,350
04/08/2014,HWD,CA,AWP,WE,Towers with Radar,0,6,20,0,26,0,7,113,3,123,0,13,133,3,149,198,0,198,347
04/09/2014,HWD,CA,AWP,WE,Towers with Radar,0,8,20,0,28,0,6,100,5,111,0,14,120,5,139,218,0,218,357
04/10/2014,HWD,CA,AWP,WE,Towers with Radar,0,6,21,0,27,0,7,122,4,133,0,13,143,4,160,206,0,206,366
04/11/2014,HWD,CA,AWP,WE,Towers with Radar,0,8,29,0,37,0,2,64,0,66,0,10,93,0,103,188,0,188,291
04/12/2014,HWD,CA,AWP,WE,Towers with Radar,0,1,29,0,30,0,0,122,1,123,0,1,151,1,153,360,0,360,513
04/13/2014,HWD,CA,AWP,WE,Towers with Radar,0,1,23,0,24,0,0,114,1,115,0,1,137,1,139,334,0,334,473
04/14/2014,HWD,CA,AWP,WE,Towers with Radar,0,8,21,0,29,0,10,87,1,98,0,18,108,1,127,151,0,151,278
04/15/2014,HWD,CA,AWP,WE,Towers with Radar,0,8,17,0,25,0,2,85,2,89,0,10,102,2,114,206,0,206,320
04/16/2014,HWD,CA,AWP,WE,Towers with Radar,0,4,17,0,21,0,6,123,4,133,0,10,140,4,154,104,0,104,258
04/17/2014,HWD,CA,AWP,WE,Towers with Radar,0,8,22,0,30,0,4,123,3,130,0,12,145,3,160,210,0,210,370
04/18/2014,HWD,CA,AWP,WE,Towers with Radar,0,7,13,0,20,0,1,133,3,137,0,8,146,3,157,230,0,230,387
04/19/2014,HWD,CA,AWP,WE,Towers with Radar,0,0,26,0,26,0,0,114,0,114,0,0,140,0,140,240,0,240,380
04/20/2014,HWD,CA,AWP,WE,Towers with Radar,0,1,14,0,15,0,2,109,0,111,0,3,123,0,126,182,0,182,308
04/21/2014,HWD,CA,AWP,WE,Towers with Radar,0,12,21,0,33,0,9,128,3,140,0,21,149,3,173,264,0,264,437
04/22/2014,HWD,CA,AWP,WE,Towers with Radar,0,12,14,0,26,0,4,68,8,80,0,16,82,8,106,40,0,40,146
04/23/2014,HWD,CA,AWP,WE,Towers with Radar,0,6,18,0,24,0,5,129,3,137,0,11,147,3,161,236,0,236,397
04/24/2014,HWD,CA,AWP,WE,Towers with Radar,0,11,30,0,41,0,2,96,4,102,0,13,126,4,143,284,0,284,427
04/25/2014,HWD,CA,AWP,WE,Towers with Radar,0,5,16,0,21,0,1,27,4,32,0,6,43,4,53,22,0,22,75
04/26/2014,HWD,CA,AWP,WE,Towers with Radar,0,1,15,0,16,0,2,229,0,231,0,3,244,0,247,42,0,42,289
04/27/2014,HWD,CA,AWP,WE,Towers with Radar,0,2,19,0,21,0,0,119,4,123,0,2,138,4,144,122,0,122,266
04/28/2014,HWD,CA,AWP,WE,Towers with Radar,0,3,19,0,22,0,12,113,4,129,0,15,132,4,151,282,0,282,433
04/29/2014,HWD,CA,AWP,WE,Towers with Radar,0,2,22,0,24,0,11,156,5,172,0,13,178,5,196,360,0,360,556
04/30/2014,HWD,CA,AWP,WE,Towers with Radar,0,6,12,0,18,0,6,134,6,146,0,12,146,6,164,340,0,340,504
05/01/2014,HWD,CA,AWP,WE,Towers with Radar,0,7,18,0,25,0,4,133,6,143,0,11,151,6,168,358,0,358,526
05/02/2014,HWD,CA,AWP,WE,Towers with Radar,0,4,22,0,26,0,5,178,2,185,0,9,200,2,211,408,0,408,619
05/03/2014,HWD,CA,AWP,WE,Towers with Radar,0,2,9,0,11,0,1,119,4,124,0,3,128,4,135,148,0,148,283
05/04/2014,HWD,CA,AWP,WE,Towers with Radar,0,2,20,0,22,0,1,110,3,114,0,3,130,3,136,188,0,188,324
05/05/2014,HWD,CA,AWP,WE,Towers with Radar,0,8,14,0,22,0,4,69,0,73,0,12,83,0,95,34,0,34,129
05/06/2014,HWD,CA,AWP,WE,Towers with Radar,0,5,21,0,26,0,8,113,5,126,0,13,134,5,152,96,0,96,248
05/07/2014,HWD,CA,AWP,WE,Towers with Radar,0,5,21,0,26,0,3,128,9,140,0,8,149,9,166,214,0,214,380
05/08/2014,HWD,CA,AWP,WE,Towers with Radar,0,21,16,0,37,0,2,57,3,62,0,23,73,3,99,180,0,180,279
05/09/2014,HWD,CA,AWP,WE,Towers with Radar,0,15,26,0,41,0,4,73,1,78,0,19,99,1,119,72,0,72,191
05/10/2014,HWD,CA,AWP,WE,Towers with Radar,0,0,14,0,14,0,0,87,1,88,0,0,101,1,102,240,0,240,342
05/11/2014,HWD,CA,AWP,WE,Towers with Radar,0,1,23,0,24,0,1,100,0,101,0,2,123,0,125,114,0,114,239
05/12/2014,HWD,CA,AWP,WE,Towers with Radar,0,2,16,0,18,0,10,118,12,140,0,12,134,12,158,150,0,150,308
05/13/2014,HWD,CA,AWP,WE,Towers with Radar,0,0,20,0,20,0,10,133,2,145,0,10,153,2,165,138,0,138,303
05/14/2014,HWD,CA,AWP,WE,Towers with Radar,0,0,11,0,11,0,10,173,8,191,0,10,184,8,202,144,0,144,346
05/15/2014,HWD,CA,AWP,WE,Towers with Radar,0,2,20,0,22,0,6,131,0,137,0,8,151,0,159,286,0,286,445
05/16/2014,HWD,CA,AWP,WE,Towers with Radar,0,2,20,0,22,0,6,168,6,180,0,8,188,6,202,326,0,326,528
05/17/2014,HWD,CA,AWP,WE,Towers with Radar,0,1,13,0,14,0,2,80,1,83,0,3,93,1,97,186,0,186,283
05/18/2014,HWD,CA,AWP,WE,Towers with Radar,0,3,22,0,25,0,2,113,5,120,0,5,135,5,145,64,0,64,209
05/19/2014,HWD,CA,AWP,WE,Towers with Radar,0,2,21,0,23,0,10,67,5,82,0,12,88,5,105,104,0,104,209
05/20/2014,HWD,CA,AWP,WE,Towers with Radar,0,8,19,0,27,0,5,115,8,128,0,13,134,8,155,322,0,322,477
05/21/2014,HWD,CA,AWP,WE,Towers with Radar,0,6,20,0,26,0,8,116,6,130,0,14,136,6,156,238,0,238,394
05/22/2014,HWD,CA,AWP,WE,Towers with Radar,0,8,31,0,39,0,5,134,3,142,0,13,165,3,181,194,0,194,375
05/23/2014,HWD,CA,AWP,WE,Towers with Radar,0,12,22,0,34,0,4,174,4,182,0,16,196,4,216,222,0,222,438
05/24/2014,HWD,CA,AWP,WE,Towers with Radar,0,0,12,0,12,0,2,109,0,111,0,2,121,0,123,146,0,146,269
05/25/2014,HWD,CA,AWP,WE,Towers with Radar,0,1,18,0,19,0,1,111,1,113,0,2,129,1,132,140,0,140,272
05/26/2014,HWD,CA,AWP,WE,Towers with Radar,0,2,30,0,32,0,1,109,3,113,0,3,139,3,145,220,0,220,365
05/27/2014,HWD,CA,AWP,WE,Towers with Radar,0,7,17,0,24,0,10,93,0,103,0,17,110,0,127,250,0,250,377
05/28/2014,HWD,CA,AWP,WE,Towers with Radar,0,1,20,0,21,0,9,165,4,178,0,10,185,4,199,135,0,135,334
05/29/2014,HWD,CA,AWP,WE,Towers with Radar,0,3,16,0,19,0,8,136,4,148,0,11,152,4,167,188,0,188,355
05/30/2014,HWD,CA,AWP,WE,Towers with Radar,1,14,17,0,32,0,1,102,3,106,1,15,119,3,138,156,0,156,294
05/31/2014,HWD,CA,AWP,WE,Towers with Radar,1,0,18,0,19,0,2,177,2,181,1,2,195,2,200,256,0,256,456
06/01/2014,HWD,CA,AWP,WE,Towers with Radar,0,1,25,0,26,0,3,108,1,112,0,4,133,1,138,262,0,262,400
06/02/2014,HWD,CA,AWP,WE,Towers with Radar,0,6,22,0,28,0,6,83,10,99,0,12,105,10,127,152,0,152,279
06/03/2014,HWD,CA,AWP,WE,Towers with Radar,0,5,34,0,39,0,6,90,1,97,0,11,124,1,136,126,0,126,262
06/04/2014,HWD,CA,AWP,WE,Towers with Radar,0,7,31,0,38,0,5,112,2,119,0,12,143,2,157,244,0,244,401
06/05/2014,HWD,CA,AWP,WE,Towers with Radar,0,3,33,0,36,0,9,102,5,116,0,12,135,5,152,178,0,178,330
06/06/2014,HWD,CA,AWP,WE,Towers with Radar,0,8,17,0,25,0,3,103,1,107,0,11,120,1,132,210,0,210,342
06/07/2014,HWD,CA,AWP,WE,Towers with Radar,0,2,13,0,15,0,1,142,3,146,0,3,155,3,161,310,0,310,471
06/08/2014,HWD,CA,AWP,WE,Towers with Radar,0,1,10,0,11,0,0,141,2,143,0,1,151,2,154,236,0,236,390
06/09/2014,HWD,CA,AWP,WE,Towers with Radar,0,3,10,0,13,0,11,95,5,111,0,14,105,5,124,240,0,240,364
06/10/2014,HWD,CA,AWP,WE,Towers with Radar,0,3,17,0,20,0,7,115,3,125,0,10,132,3,145,220,0,220,365
06/11/2014,HWD,CA,AWP,WE,Towers with Radar,0,7,23,0,30,0,8,149,6,163,0,15,172,6,193,212,0,212,405
06/12/2014,HWD,CA,AWP,WE,Towers with Radar,0,7,25,0,32,0,4,117,4,125,0,11,142,4,157,148,0,148,305
06/13/2014,HWD,CA,AWP,WE,Towers with Radar,0,3,25,0,28,0,3,155,11,169,0,6,180,11,197,150,0,150,347
06/14/2014,HWD,CA,AWP,WE,Towers with Radar,0,2,17,0,19,0,2,157,0,159,0,4,174,0,178,240,0,240,418
06/15/2014,HWD,CA,AWP,WE,Towers with Radar,0,2,27,0,29,0,2,132,0,134,0,4,159,0,163,132,0,132,295
06/16/2014,HWD,CA,AWP,WE,Towers with Radar,0,6,16,0,22,0,10,81,4,95,0,16,97,4,117,44,0,44,161
06/17/2014,HWD,CA,AWP,WE,Towers with Radar,0,0,17,0,17,0,17,101,7,125,0,17,118,7,142,192,0,192,334
06/18/2014,HWD,CA,AWP,WE,Towers with Radar,0,2,18,0,20,0,10,102,7,119,0,12,120,7,139,28,0,28,167
06/19/2014,HWD,CA,AWP,WE,Towers with Radar,0,4,17,0,21,0,10,145,5,160,0,14,162,5,181,262,0,262,443
06/20/2014,HWD,CA,AWP,WE,Towers with Radar,0,2,15,0,17,0,4,141,7,152,0,6,156,7,169,212,0,212,381
06/21/2014,HWD,CA,AWP,WE,Towers with Radar,0,1,14,0,15,0,0,131,0,131,0,1,145,0,146,438,0,438,584
06/22/2014,HWD,CA,AWP,WE,Towers with Radar,0,5,25,0,30,0,1,106,1,108,0,6,131,1,138,172,0,172,310
06/23/2014,HWD,CA,AWP,WE,Towers with Radar,0,4,17,0,21,0,10,92,3,105,0,14,109,3,126,206,0,206,332
06/24/2014,HWD,CA,AWP,WE,Towers with Radar,0,5,23,0,28,0,7,135,8,150,0,12,158,8,178,148,0,148,326
06/25/2014,HWD,CA,AWP,WE,Towers with Radar,0,3,62,0,65,0,0,24,1,25,0,3,86,1,90,56,0,56,146
06/26/2014,HWD,CA,AWP,WE,Towers with Radar,0,6,21,0,27,0,5,113,3,121,0,11,134,3,148,174,0,174,322
06/27/2014,HWD,CA,AWP,WE,Towers with Radar,0,5,15,0,20,0,2,125,5,132,0,7,140,5,152,246,0,246,398
06/28/2014,HWD,CA,AWP,WE,Towers with Radar,0,3,35,0,38,0,0,166,0,166,0,3,201,0,204,274,0,274,478
06/29/2014,HWD,CA,AWP,WE,Towers with Radar,0,2,24,0,26,0,1,151,2,154,0,3,175,2,180,132,0,132,312
06/30/2014,HWD,CA,AWP,WE,Towers with Radar,0,4,17,0,21,0,11,180,3,194,0,15,197,3,215,138,0,138,353
07/01/2014,HWD,CA,AWP,WE,Towers with Radar,0,5,22,0,27,0,8,81,3,92,0,13,103,3,119,174,0,174,293
07/02/2014,HWD,CA,AWP,WE,Towers with Radar,0,11,27,0,38,0,8,152,3,163,0,19,179,3,201,174,0,174,375
07/03/2014,HWD,CA,AWP,WE,Towers with Radar,0,6,23,0,29,0,7,146,5,158,0,13,169,5,187,52,0,52,239
07/04/2014,HWD,CA,AWP,WE,Towers with Radar,0,1,7,0,8,0,2,71,5,78,0,3,78,5,86,92,0,92,178
07/05/2014,HWD,CA,AWP,WE,Towers with Radar,0,1,17,0,18,0,1,116,2,119,0,2,133,2,137,172,0,172,309
07/06/2014,HWD,CA,AWP,WE,Towers with Radar,0,2,17,0,19,0,1,136,0,137,0,3,153,0,156,176,0,176,332
07/07/2014,HWD,CA,AWP,WE,Towers with Radar,0,0,18,0,18,0,12,79,2,93,0,12,97,2,111,130,0,130,241
07/08/2014,HWD,CA,AWP,WE,Towers with Radar,0,8,15,0,23,0,7,84,3,94,0,15,99,3,117,194,0,194,311
07/09/2014,HWD,CA,AWP,WE,Towers with Radar,0,9,21,0,30,0,4,94,3,101,0,13,115,3,131,188,0,188,319
07/10/2014,HWD,CA,AWP,WE,Towers with Radar,0,4,19,0,23,0,8,143,2,153,0,12,162,2,176,310,0,310,486
07/11/2014,HWD,CA,AWP,WE,Towers with Radar,0,3,16,0,19,0,3,155,5,163,0,6,171,5,182,204,0,204,386
07/12/2014,HWD,CA,AWP,WE,Towers with Radar,0,1,20,0,21,0,3,136,9,148,0,4,156,9,169,270,0,270,439
07/13/2014,HWD,CA,AWP,WE,Towers with Radar,0,3,41,0,44,0,2,63,0,65,0,5,104,0,109,147,0,147,256
07/14/2014,HWD,CA,AWP,WE,Towers with Radar,0,0,13,0,13,0,13,152,7,172,0,13,165,7,185,260,0,260,445
07/15/2014,HWD,CA,AWP,WE,Towers with Radar,0,1,9,0,10,0,9,78,0,87,0,10,87,0,97,176,0,176,273
07/16/2014,HWD,CA,AWP,WE,Towers with Radar,0,3,26,0,29,0,8,119,1,128,0,11,145,1,157,270,0,270,427
07/17/2014,HWD,CA,AWP,WE,Towers with Radar,0,7,23,0,30,0,9,137,3,149,0,16,160,3,179,274,0,274,453
07/18/2014,HWD,CA,AWP,WE,Towers with Radar,0,10,28,0,38,0,3,104,5,112,0,13,132,5,150,150,0,150,300
07/19/2014,HWD,CA,AWP,WE,Towers with Radar,0,4,13,0,17,0,0,151,1,152,0,4,164,1,169,234,0,234,403
07/20/2014,HWD,CA,AWP,WE,Towers with Radar,0,2,18,0,20,0,4,95,0,99,0,6,113,0,119,152,0,152,271
07/21/2014,HWD,CA,AWP,WE,Towers with Radar,0,9,24,0,33,0,7,98,1,106,0,16,122,1,139,218,0,218,357
07/22/2014,HWD,CA,AWP,WE,Towers with Radar,0,9,22,0,31,0,3,89,7,99,0,12,111,7,130,168,0,168,298
07/23/2014,HWD,CA,AWP,WE,Towers with Radar,0,6,38,0,44,0,5,97,3,105,0,11,135,3,149,54,0,54,203
07/24/2014,HWD,CA,AWP,WE,Towers with Radar,0,5,23,0,28,0,5,183,2,190,0,10,206,2,218,200,0,200,418
07/25/2014,HWD,CA,AWP,WE,Towers with Radar,0,2,16,0,18,0,5,120,3,128,0,7,136,3,146,198,0,198,344
07/26/2014,HWD,CA,AWP,WE,Towers with Radar,0,3,14,0,17,0,3,179,0,182,0,6,193,0,199,282,0,282,481
07/27/2014,HWD,CA,AWP,WE,Towers with Radar,0,4,12,0,16,0,3,125,5,133,0,7,137,5,149,230,0,230,379
07/28/2014,HWD,CA,AWP,WE,Towers with Radar,0,9,9,0,18,0,11,95,3,109,0,20,104,3,127,109,0,109,236
07/29/2014,HWD,CA,AWP,WE,Towers with Radar,0,4,18,0,22,0,11,93,0,104,0,15,111,0,126,140,0,140,266
07/30/2014,HWD,CA,AWP,WE,Towers with Radar,0,8,31,0,39,0,5,107,3,115,0,13,138,3,154,181,0,181,335
07/31/2014,HWD,CA,AWP,WE,Towers with Radar,0,8,27,0,35,0,10,108,2,120,0,18,135,2,155,180,0,180,335
08/01/2014,HWD,CA,AWP,WE,Towers with Radar,0,2,16,0,18,0,7,121,9,137,0,9,137,9,155,256,0,256,411
08/02/2014,HWD,CA,AWP,WE,Towers with Radar,0,0,27,0,27,0,2,83,3,88,0,2,110,3,115,206,0,206,321
08/03/2014,HWD,CA,AWP,WE,Towers with Radar,0,1,17,0,18,0,1,88,1,90,0,2,105,1,108,190,0,190,298
08/04/2014,HWD,CA,AWP,WE,Towers with Radar,1,4,24,0,29,0,11,84,5,100,1,15,108,5,129,196,0,196,325
08/05/2014,HWD,CA,AWP,WE,Towers with Radar,0,5,12,0,17,0,3,53,1,57,0,8,65,1,74,56,0,56,130
08/06/2014,HWD,CA,AWP,WE,Towers with Radar,0,5,10,0,15,0,4,101,2,107,0,9,111,2,122,162,0,162,284
08/07/2014,HWD,CA,AWP,WE,Towers with Radar,0,8,22,0,30,0,6,109,4,119,0,14,131,4,149,304,0,304,453
08/08/2014,HWD,CA,AWP,WE,Towers with Radar,0,6,24,0,30,0,2,130,4,136,0,8,154,4,166,362,0,362,528
08/09/2014,HWD,CA,AWP,WE,Towers with Radar,0,0,14,0,14,0,0,78,0,78,0,0,92,0,92,228,0,228,320
08/10/2014,HWD,CA,AWP,WE,Towers with Radar,0,2,16,0,18,0,1,117,1,119,0,3,133,1,137,264,0,264,401
08/11/2014,HWD,CA,AWP,WE,Towers with Radar,0,6,13,0,19,0,8,103,9,120,0,14,116,9,139,218,0,218,357
08/12/2014,HWD,CA,AWP,WE,Towers with Radar,0,11,13,0,24,0,10,73,0,83,0,21,86,0,107,182,0,182,289
08/13/2014,HWD,CA,AWP,WE,Towers with Radar,0,9,31,0,40,0,5,120,5,130,0,14,151,5,170,279,0,279,449
08/14/2014,HWD,CA,AWP,WE,Towers with Radar,0,6,22,0,28,0,4,111,9,124,0,10,133,9,152,274,0,274,426
08/15/2014,HWD,CA,AWP,WE,Towers with Radar,0,5,15,0,20,0,3,154,4,161,0,8,169,4,181,296,0,296,477
08/16/2014,HWD,CA,AWP,WE,Towers with Radar,0,1,21,0,22,0,3,115,2,120,0,4,136,2,142,300,0,300,442
08/17/2014,HWD,CA,AWP,WE,Towers with Radar,0,2,21,0,23,0,1,118,4,123,0,3,139,4,146,230,0,230,376
08/18/2014,HWD,CA,AWP,WE,Towers with Radar,0,14,32,0,46,0,4,81,7,92,0,18,113,7,138,220,0,220,358
08/19/2014,HWD,CA,AWP,WE,Towers with Radar,0,10,18,0,28,0,4,93,4,101,0,14,111,4,129,228,0,228,357
08/20/2014,HWD,CA,AWP,WE,Towers with Radar,0,7,36,0,43,0,2,94,15,111,0,9,130,15,154,168,0,168,322
08/21/2014,HWD,CA,AWP,WE,Towers with Radar,0,5,14,0,19,0,4,132,4,140,0,9,146,4,159,238,0,238,397
08/22/2014,HWD,CA,AWP,WE,Towers with Radar,0,7,26,0,33,0,2,126,5,133,0,9,152,5,166,276,0,276,442
08/23/2014,HWD,CA,AWP,WE,Towers with Radar,0,2,14,0,16,0,0,156,1,157,0,2,170,1,173,294,0,294,467
08/24/2014,HWD,CA,AWP,WE,Towers with Radar,0,4,29,0,33,0,2,95,4,101,0,6,124,4,134,124,0,124,258
08/25/2014,HWD,CA,AWP,WE,Towers with Radar,2,8,31,0,41,0,4,93,7,104,2,12,124,7,145,244,0,244,389
08/26/2014,HWD,CA,AWP,WE,Towers with Radar,0,10,15,0,25,0,2,150,5,157,0,12,165,5,182,188,0,188,370
08/27/2014,HWD,CA,AWP,WE,Towers with Radar,0,11,28,0,39,0,6,176,4,186,0,17,204,4,225,190,0,190,415
08/28/2014,HWD,CA,AWP,WE,Towers with Radar,0,9,22,0,31,0,1,166,3,170,0,10,188,3,201,370,0,370,571
08/29/2014,HWD,CA,AWP,WE,Towers with Radar,0,11,36,0,47,0,1,159,5,165,0,12,195,5,212,340,0,340,552
08/30/2014,HWD,CA,AWP,WE,Towers with Radar,0,1,19,0,20,0,0,109,1,110,0,1,128,1,130,272,0,272,402
08/31/2014,HWD,CA,AWP,WE,Towers with Radar,0,3,11,0,14,0,0,106,2,108,0,3,117,2,122,144,0,144,266
09/01/2014,HWD,CA,AWP,WE,Towers with Radar,0,3,16,0,19,0,3,110,0,113,0,6,126,0,132,128,0,128,260
09/02/2014,HWD,CA,AWP,WE,Towers with Radar,0,5,18,0,23,0,10,69,1,80,0,15,87,1,103,138,0,138,241
09/03/2014,HWD,CA,AWP,WE,Towers with Radar,0,3,38,0,41,0,2,123,1,126,0,5,161,1,167,200,0,200,367
09/04/2014,HWD,CA,AWP,WE,Towers with Radar,0,4,24,1,29,0,7,114,7,128,0,11,138,8,157,304,0,304,461
09/05/2014,HWD,CA,AWP,WE,Towers with Radar,0,6,25,0,31,0,3,113,5,121,0,9,138,5,152,254,0,254,406
09/06/2014,HWD,CA,AWP,WE,Towers with Radar,0,2,26,0,28,0,2,104,4,110,0,4,130,4,138,312,0,312,450
09/07/2014,HWD,CA,AWP,WE,Towers with Radar,0,4,22,0,26,0,0,105,6,111,0,4,127,6,137,112,0,112,249
09/08/2014,HWD,CA,AWP,WE,Towers with Radar,0,6,28,0,34,0,6,74,1,81,0,12,102,1,115,196,0,196,311
09/09/2014,HWD,CA,AWP,WE,Towers with Radar,0,6,23,0,29,0,5,102,4,111,0,11,125,4,140,174,0,174,314
09/10/2014,HWD,CA,AWP,WE,Towers with Radar,0,3,29,0,32,0,6,154,3,163,0,9,183,3,195,218,0,218,413
09/11/2014,HWD,CA,AWP,WE,Towers with Radar,0,4,19,0,23,0,3,131,1,135,0,7,150,1,158,222,0,222,380
09/12/2014,HWD,CA,AWP,WE,Towers with Radar,0,5,24,0,29,0,4,143,5,152,0,9,167,5,181,232,0,232,413
09/13/2014,HWD,CA,AWP,WE,Towers with Radar,0,1,8,0,9,0,4,128,1,133,0,5,136,1,142,220,0,220,362
09/14/2014,HWD,CA,AWP,WE,Towers with Radar,0,3,18,0,21,0,2,129,0,131,0,5,147,0,152,278,0,278,430
09/15/2014,HWD,CA,AWP,WE,Towers with Radar,0,10,20,1,31,0,3,95,2,100,0,13,115,3,131,168,0,168,299
09/16/2014,HWD,CA,AWP,WE,Towers with Radar,0,9,18,0,27,0,3,75,0,78,0,12,93,0,105,96,0,96,201
09/17/2014,HWD,CA,AWP,WE,Towers with Radar,0,8,32,0,40,0,1,132,3,136,0,9,164,3,176,200,0,200,376
09/18/2014,HWD,CA,AWP,WE,Towers with Radar,0,11,18,0,29,0,1,83,0,84,0,12,101,0,113,300,0,300,413
09/19/2014,HWD,CA,AWP,WE,Towers with Radar,0,6,16,0,22,0,3,87,3,93,0,9,103,3,115,296,0,296,411
09/20/2014,HWD,CA,AWP,WE,Towers with Radar,0,2,19,0,21,0,1,114,1,116,0,3,133,1,137,335,0,335,472
09/21/2014,HWD,CA,AWP,WE,Towers with Radar,0,0,24,0,24,0,3,50,0,53,0,3,74,0,77,248,0,248,325
09/22/2014,HWD,CA,AWP,WE,Towers with Radar,0,6,17,0,23,0,3,80,8,91,0,9,97,8,114,268,0,268,382
09/23/2014,HWD,CA,AWP,WE,Towers with Radar,0,5,21,0,26,0,3,93,3,99,0,8,114,3,125,202,0,202,327
09/24/2014,HWD,CA,AWP,WE,Towers with Radar,0,7,42,1,50,0,6,138,4,148,0,13,180,5,198,108,0,108,306
09/25/2014,HWD,CA,AWP,WE,Towers with Radar,0,6,27,2,35,0,3,119,5,127,0,9,146,7,162,222,0,222,384
09/26/2014,HWD,CA,AWP,WE,Towers with Radar,0,5,16,0,21,0,1,127,4,132,0,6,143,4,153,192,0,192,345
09/27/2014,HWD,CA,AWP,WE,Towers with Radar,0,0,10,0,10,0,2,213,2,217,0,2,223,2,227,234,0,234,461
09/28/2014,HWD,CA,AWP,WE,Towers with Radar,0,4,20,0,24,0,1,123,1,125,0,5,143,1,149,250,0,250,399
09/29/2014,HWD,CA,AWP,WE,Towers with Radar,0,5,23,0,28,0,7,67,1,75,0,12,90,1,103,152,0,152,255
09/30/2014,HWD,CA,AWP,WE,Towers with Radar,0,4,27,1,32,0,3,81,3,87,0,7,108,4,119,228,0,228,347
10/01/2014,HWD,CA,AWP,WE,Towers with Radar,0,4,26,0,30,0,5,128,5,138,0,9,154,5,168,172,0,172,340
10/02/2014,HWD,CA,AWP,WE,Towers with Radar,0,2,17,0,19,0,9,113,4,126,0,11,130,4,145,240,0,240,385
10/03/2014,HWD,CA,AWP,WE,Towers with Radar,0,5,12,0,17,0,7,103,5,115,0,12,115,5,132,150,0,150,282
10/04/2014,HWD,CA,AWP,WE,Towers with Radar,0,2,11,0,13,0,3,141,0,144,0,5,152,0,157,92,0,92,249
10/05/2014,HWD,CA,AWP,WE,Towers with Radar,0,2,21,0,23,0,0,112,1,113,0,2,133,1,136,166,0,166,302
10/06/2014,HWD,CA,AWP,WE,Towers with Radar,0,5,16,0,21,0,8,101,5,114,0,13,117,5,135,160,0,160,295
10/07/2014,HWD,CA,AWP,WE,Towers with Radar,0,6,12,0,18,0,6,114,5,125,0,12,126,5,143,244,0,244,387
10/08/2014,HWD,CA,AWP,WE,Towers with Radar,0,4,25,0,29,0,9,118,1,128,0,13,143,1,157,194,0,194,351
10/09/2014,HWD,CA,AWP,WE,Towers with Radar,0,12,27,1,40,0,3,113,5,121,0,15,140,6,161,224,0,224,385
10/10/2014,HWD,CA,AWP,WE,Towers with Radar,0,7,34,0,41,0,0,57,0,57,0,7,91,0,98,94,0,94,192
10/11/2014,HWD,CA,AWP,WE,Towers with Radar,0,3,33,0,36,0,1,91,0,92,0,4,124,0,128,128,0,128,256
10/12/2014,HWD,CA,AWP,WE,Towers with Radar,0,1,18,0,19,0,2,82,1,85,0,3,100,1,104,158,0,158,262
10/13/2014,HWD,CA,AWP,WE,Towers with Radar,0,3,17,0,20,0,5,118,7,130,0,8,135,7,150,140,0,140,290
10/14/2014,HWD,CA,AWP,WE,Towers with Radar,0,7,16,0,23,0,3,59,6,68,0,10,75,6,91,108,0,108,199
10/15/2014,HWD,CA,AWP,WE,Towers with Radar,0,9,34,0,43,0,1,106,4,111,0,10,140,4,154,200,0,200,354
10/16/2014,HWD,CA,AWP,WE,Towers with Radar,0,6,15,0,21,0,4,132,7,143,0,10,147,7,164,166,0,166,330
10/17/2014,HWD,CA,AWP,WE,Towers with Radar,0,4,24,0,28,0,3,101,3,107,0,7,125,3,135,288,0,288,423
10/18/2014,HWD,CA,AWP,WE,Towers with Radar,0,0,8,0,8,0,2,145,1,148,0,2,153,1,156,218,0,218,374
10/19/2014,HWD,CA,AWP,WE,Towers with Radar,0,4,36,0,40,0,1,96,0,97,0,5,132,0,137,300,0,300,437
10/20/2014,HWD,CA,AWP,WE,Towers with Radar,0,7,26,0,33,0,5,48,4,57,0,12,74,4,90,76,0,76,166
10/21/2014,HWD,CA,AWP,WE,Towers with Radar,0,4,14,0,18,0,5,105,0,110,0,9,119,0,128,190,0,190,318
10/22/2014,HWD,CA,AWP,WE,Towers with Radar,0,6,22,0,28,0,4,131,5,140,0,10,153,5,168,122,0,122,290
10/23/2014,HWD,CA,AWP,WE,Towers with Radar,0,7,34,0,41,0,3,118,3,124,0,10,152,3,165,190,0,190,355
10/24/2014,HWD,CA,AWP,WE,Towers with Radar,0,1,26,0,27,0,4,134,7,145,0,5,160,7,172,254,0,254,426
10/25/2014,HWD,CA,AWP,WE,Towers with Radar,0,2,9,0,11,0,0,55,4,59,0,2,64,4,70,212,0,212,282
10/26/2014,HWD,CA,AWP,WE,Towers with Radar,0,2,15,0,17,0,2,144,6,152,0,4,159,6,169,244,0,244,413
10/27/2014,HWD,CA,AWP,WE,Towers with Radar,0,9,18,0,27,0,7,90,4,101,0,16,108,4,128,158,0,158,286
10/28/2014,HWD,CA,AWP,WE,Towers with Radar,0,6,20,0,26,0,4,90,2,96,0,10,110,2,122,178,0,178,300
10/29/2014,HWD,CA,AWP,WE,Towers with Radar,0,3,40,0,43,0,4,130,8,142,0,7,170,8,185,96,0,96,281
10/30/2014,HWD,CA,AWP,WE,Towers with Radar,0,4,34,0,38,0,3,146,9,158,0,7,180,9,196,190,0,190,386
10/31/2014,HWD,CA,AWP,WE,Towers with Radar,0,5,22,0,27,0,1,40,5,46,0,6,62,5,73,124,0,124,197
11/01/2014,HWD,CA,AWP,WE,Towers with Radar,0,1,20,0,21,0,0,84,5,89,0,1,104,5,110,212,0,212,322
11/02/2014,HWD,CA,AWP,WE,Towers with Radar,0,4,16,0,20,0,2,128,3,133,0,6,144,3,153,166,0,166,319
11/03/2014,HWD,CA,AWP,WE,Towers with Radar,0,5,15,0,20,0,7,74,2,83,0,12,89,2,103,146,0,146,249
11/04/2014,HWD,CA,AWP,WE,Towers with Radar,0,5,23,0,28,0,5,125,2,132,0,10,148,2,160,90,0,90,250
11/05/2014,HWD,CA,AWP,WE,Towers with Radar,0,4,20,0,24,0,4,144,3,151,0,8,164,3,175,108,0,108,283
11/06/2014,HWD,CA,AWP,WE,Towers with Radar,0,7,19,0,26,0,4,157,2,163,0,11,176,2,189,298,0,298,487
11/07/2014,HWD,CA,AWP,WE,Towers with Radar,0,6,19,0,25,0,2,96,4,102,0,8,115,4,127,184,0,184,311
11/08/2014,HWD,CA,AWP,WE,Towers with Radar,0,0,22,1,23,0,0,160,2,162,0,0,182,3,185,260,0,260,445
11/09/2014,HWD,CA,AWP,WE,Towers with Radar,0,4,16,0,20,0,0,136,1,137,0,4,152,1,157,218,0,218,375
11/10/2014,HWD,CA,AWP,WE,Towers with Radar,0,8,12,0,20,0,2,54,1,57,0,10,66,1,77,110,0,110,187
11/11/2014,HWD,CA,AWP,WE,Towers with Radar,0,8,21,0,29,0,3,109,4,116,0,11,130,4,145,214,0,214,359
11/12/2014,HWD,CA,AWP,WE,Towers with Radar,0,10,24,0,34,0,3,95,3,101,0,13,119,3,135,160,0,160,295
11/13/2014,HWD,CA,AWP,WE,Towers with Radar,0,7,23,1,31,0,0,66,4,70,0,7,89,5,101,280,0,280,381
11/14/2014,HWD,CA,AWP,WE,Towers with Radar,0,5,24,0,29,0,3,84,4,91,0,8,108,4,120,260,0,260,380
11/15/2014,HWD,CA,AWP,WE,Towers with Radar,0,1,50,0,51,0,3,224,2,229,0,4,274,2,280,372,0,372,652
11/16/2014,HWD,CA,AWP,WE,Towers with Radar,0,1,38,0,39,0,5,150,0,155,0,6,188,0,194,202,0,202,396
11/17/2014,HWD,CA,AWP,WE,Towers with Radar,0,7,21,0,28,0,11,91,5,107,0,18,112,5,135,38,0,38,173
11/18/2014,HWD,CA,AWP,WE,Towers with Radar,0,6,21,0,27,0,5,93,5,103,0,11,114,5,130,98,0,98,228
11/19/2014,HWD,CA,AWP,WE,Towers with Radar,0,7,23,0,30,0,0,20,2,22,0,7,43,2,52,48,0,48,100
11/20/2014,HWD,CA,AWP,WE,Towers with Radar,0,6,28,0,34,0,0,6,0,6,0,6,34,0,40,14,0,14,54
11/21/2014,HWD,CA,AWP,WE,Towers with Radar,0,6,18,0,24,0,0,88,6,94,0,6,106,6,118,336,2,338,456
11/22/2014,HWD,CA,AWP,WE,Towers with Radar,0,0,27,0,27,0,0,37,1,38,0,0,64,1,65,146,0,146,211
11/23/2014,HWD,CA,AWP,WE,Towers with Radar,0,0,17,0,17,0,0,92,0,92,0,0,109,0,109,190,0,190,299
11/24/2014,HWD,CA,AWP,WE,Towers with Radar,0,7,22,0,29,0,5,128,3,136,0,12,150,3,165,200,0,200,365
11/25/2014,HWD,CA,AWP,WE,Towers with Radar,0,4,18,0,22,0,5,122,4,131,0,9,140,4,153,170,0,170,323
11/26/2014,HWD,CA,AWP,WE,Towers with Radar,0,9,38,0,47,0,4,118,9,131,0,13,156,9,178,184,0,184,362
11/27/2014,HWD,CA,AWP,WE,Towers with Radar,0,0,6,0,6,0,0,57,0,57,0,0,63,0,63,76,0,76,139
11/28/2014,HWD,CA,AWP,WE,Towers with Radar,0,8,11,0,19,0,0,81,6,87,0,8,92,6,106,104,0,104,210
11/29/2014,HWD,CA,AWP,WE,Towers with Radar,0,1,10,0,11,0,2,40,0,42,0,3,50,0,53,110,0,110,163
11/30/2014,HWD,CA,AWP,WE,Towers with Radar,0,3,29,0,32,0,0,24,0,24,0,3,53,0,56,106,0,106,162
12/01/2014,HWD,CA,AWP,WE,Towers with Radar,0,13,22,0,35,0,1,78,1,80,0,14,100,1,115,152,0,152,267
12/02/2014,HWD,CA,AWP,WE,Towers with Radar,1,9,31,1,42,0,0,3,1,4,1,9,34,2,46,74,0,74,120
12/03/2014,HWD,CA,AWP,WE,Towers with Radar,0,13,18,0,31,0,1,13,7,21,0,14,31,7,52,0,0,0,52
12/04/2014,HWD,CA,AWP,WE,Towers with Radar,0,9,32,0,41,0,2,104,7,113,0,11,136,7,154,176,0,176,330
12/05/2014,HWD,CA,AWP,WE,Towers with Radar,0,9,17,0,26,0,2,62,0,64,0,11,79,0,90,196,0,196,286
12/06/2014,HWD,CA,AWP,WE,Towers with Radar,0,0,34,0,34,0,0,104,1,105,0,0,138,1,139,308,0,308,447
12/07/2014,HWD,CA,AWP,WE,Towers with Radar,0,1,21,0,22,0,0,98,1,99,0,1,119,1,121,240,0,240,361
12/08/2014,HWD,CA,AWP,WE,Towers with Radar,0,11,15,0,26,0,4,94,5,103,0,15,109,5,129,148,0,148,277
12/09/2014,HWD,CA,AWP,WE,Towers with Radar,0,10,25,0,35,0,0,84,4,88,0,10,109,4,123,220,0,220,343
12/10/2014,HWD,CA,AWP,WE,Towers with Radar,0,7,42,0,49,0,2,60,4,66,0,9,102,4,115,110,0,110,225
12/11/2014,HWD,CA,AWP,WE,Towers with Radar,0,2,12,0,14,0,0,0,0,0,0,2,12,0,14,0,0,0,14
12/12/2014,HWD,CA,AWP,WE,Towers with Radar,0,10,21,0,31,0,2,59,4,65,0,12,80,4,96,130,0,130,226
12/13/2014,HWD,CA,AWP,WE,Towers with Radar,0,2,31,0,33,0,3,135,3,141,0,5,166,3,174,288,0,288,462
12/14/2014,HWD,CA,AWP,WE,Towers with Radar,0,3,21,0,24,0,2,112,1,115,0,5,133,1,139,214,0,214,353
12/15/2014,HWD,CA,AWP,WE,Towers with Radar,0,10,17,0,27,0,4,16,3,23,0,14,33,3,50,2,0,2,52
12/16/2014,HWD,CA,AWP,WE,Towers with Radar,0,12,28,0,40,0,4,71,9,84,0,16,99,9,124,66,0,66,190
12/17/2014,HWD,CA,AWP,WE,Towers with Radar,0,10,27,0,37,0,3,43,6,52,0,13,70,6,89,112,0,112,201
12/18/2014,HWD,CA,AWP,WE,Towers with Radar,0,8,29,0,37,0,3,100,4,107,0,11,129,4,144,302,0,302,446
12/19/2014,HWD,CA,AWP,WE,Towers with Radar,0,10,17,0,27,0,4,12,0,16,0,14,29,0,43,24,0,24,67
12/20/2014,HWD,CA,AWP,WE,Towers with Radar,0,2,40,0,42,0,0,70,2,72,0,2,110,2,114,182,0,182,296
12/21/2014,HWD,CA,AWP,WE,Towers with Radar,0,0,23,0,23,0,0,32,0,32,0,0,55,0,55,124,0,124,179
12/22/2014,HWD,CA,AWP,WE,Towers with Radar,0,11,19,0,30,0,2,95,2,99,0,13,114,2,129,114,0,114,243
12/23/2014,HWD,CA,AWP,WE,Towers with Radar,0,9,21,0,30,0,5,159,4,168,0,14,180,4,198,158,0,158,356
12/24/2014,HWD,CA,AWP,WE,Towers with Radar,0,13,5,0,18,0,0,34,2,36,0,13,39,2,54,33,0,33,87
12/25/2014,HWD,CA,AWP,WE,Towers with Radar,0,2,3,0,5,0,0,7,0,7,0,2,10,0,12,32,0,32,44
12/26/2014,HWD,CA,AWP,WE,Towers with Radar,0,9,29,0,38,0,2,111,1,114,0,11,140,1,152,56,0,56,208
12/27/2014,HWD,CA,AWP,WE,Towers with Radar,0,1,32,0,33,0,3,112,0,115,0,4,144,0,148,158,0,158,306
12/28/2014,HWD,CA,AWP,WE,Towers with Radar,0,1,9,0,10,0,0,109,1,110,0,1,118,1,120,116,0,116,236
12/29/2014,HWD,CA,AWP,WE,Towers with Radar,0,11,18,0,29,0,4,105,2,111,0,15,123,2,140,138,0,138,278
12/30/2014,HWD,CA,AWP,WE,Towers with Radar,0,4,6,0,10,0,2,21,0,23,0,6,27,0,33,18,0,18,51
12/31/2014,HWD,CA,AWP,WE,Towers with Radar,0,9,8,0,17,0,5,55,7,67,0,14,63,7,84,48,0,48,132
01/01/2015,HWD,CA,AWP,WE,Towers with Radar,0,2,10,0,12,0,1,38,0,39,0,3,48,0,51,20,0,20,71
01/02/2015,HWD,CA,AWP,WE,Towers with Radar,0,8,23,0,31,0,4,99,0,103,0,12,122,0,134,138,0,138,272
01/03/2015,HWD,CA,AWP,WE,Towers with Radar,0,4,12,0,16,0,1,63,0,64,0,5,75,0,80,0,0,0,80
01/04/2015,HWD,CA,AWP,WE,Towers with Radar,0,4,16,0,20,0,0,114,0,114,0,4,130,0,134,156,0,156,290
01/05/2015,HWD,CA,AWP,WE,Towers with Radar,0,5,7,0,12,0,9,106,0,115,0,14,113,0,127,198,0,198,325
01/06/2015,HWD,CA,AWP,WE,Towers with Radar,0,6,22,0,28,0,3,91,1,95,0,9,113,1,123,170,0,170,293
01/07/2015,HWD,CA,AWP,WE,Towers with Radar,0,8,18,0,26,0,4,123,3,130,0,12,141,3,156,142,0,142,298
01/08/2015,HWD,CA,AWP,WE,Towers with Radar,0,6,17,0,23,0,3,83,4,90,0,9,100,4,113,206,0,206,319
01/09/2015,HWD,CA,AWP,WE,Towers with Radar,0,8,18,0,26,0,3,120,2,125,0,11,138,2,151,346,0,346,497
01/10/2015,HWD,CA,AWP,WE,Towers with Radar,0,4,26,0,30,0,0,89,5,94,0,4,115,5,124,186,0,186,310
01/11/2015,HWD,CA,AWP,WE,Towers with Radar,0,1,12,0,13,0,2,27,3,32,0,3,39,3,45,54,0,54,99
01/12/2015,HWD,CA,AWP,WE,Towers with Radar,0,10,23,0,33,0,1,80,1,82,0,11,103,1,115,148,0,148,263
01/13/2015,HWD,CA,AWP,WE,Towers with Radar,0,9,23,0,32,0,3,77,0,80,0,12,100,0,112,200,0,200,312
01/14/2015,HWD,CA,AWP,WE,Towers with Radar,0,7,28,0,35,0,5,109,2,116,0,12,137,2,151,174,0,174,325
01/15/2015,HWD,CA,AWP,WE,Towers with Radar,0,8,32,0,40,0,3,101,2,106,0,11,133,2,146,196,0,196,342
01/16/2015,HWD,CA,AWP,WE,Towers with Radar,0,11,35,0,46,0,3,108,7,118,0,14,143,7,164,132,0,132,296
01/17/2015,HWD,CA,AWP,WE,Towers with Radar,0,1,37,0,38,0,0,131,2,133,0,1,168,2,171,232,0,232,403
01/18/2015,HWD,CA,AWP,WE,Towers with Radar,0,3,37,0,40,0,2,31,4,37,0,5,68,4,77,46,0,46,123
01/19/2015,HWD,CA,AWP,WE,Towers with Radar,0,4,29,0,33,0,2,94,10,106,0,6,123,10,139,352,0,352,491
01/20/2015,HWD,CA,AWP,WE,Towers with Radar,0,13,16,2,31,0,0,50,5,55,0,13,66,7,86,104,0,104,190
01/21/2015,HWD,CA,AWP,WE,Towers with Radar,0,8,17,0,25,0,2,83,1,86,0,10,100,1,111,150,0,150,261
01/22/2015,HWD,CA,AWP,WE,Towers with Radar,0,10,34,1,45,0,2,158,6,166,0,12,192,7,211,268,0,268,479
01/23/2015,HWD,CA,AWP,WE,Towers with Radar,0,8,22,0,30,0,24,139,1,164,0,32,161,1,194,296,0,296,490
01/24/2015,HWD,CA,AWP,WE,Towers with Radar,0,0,32,0,32,0,2,152,1,155,0,2,184,1,187,332,0,332,519
01/25/2015,HWD,CA,AWP,WE,Towers with Radar,0,2,33,0,35,0,2,181,1,184,0,4,214,1,219,300,0,300,519
01/26/2015,HWD,CA,AWP,WE,Towers with Radar,0,9,16,0,25,0,5,87,9,101,0,14,103,9,126,96,0,96,222
01/27/2015,HWD,CA,AWP,WE,Towers with Radar,0,9,19,0,28,0,2,101,4,107,0,11,120,4,135,122,0,122,257
01/28/2015,HWD,CA,AWP,WE,Towers with Radar,0,5,18,0,23,0,7,145,8,160,0,12,163,8,183,114,0,114,297
01/29/2015,HWD,CA,AWP,WE,Towers with Radar,0,10,40,0,50,0,4,140,4,148,0,14,180,4,198,102,0,102,300
01/30/2015,HWD,CA,AWP,WE,Towers with Radar,0,10,26,0,36,0,5,146,5,156,0,15,172,5,192,202,0,202,394
01/31/2015,HWD,CA,AWP,WE,Towers with Radar,0,1,26,0,27,0,1,136,1,138,0,2,162,1,165,254,0,254,419
02/01/2015,HWD,CA,AWP,WE,Towers with Radar,0,3,14,0,17,0,1,129,2,132,0,4,143,2,149,170,0,170,319
02/02/2015,HWD,CA,AWP,WE,Towers with Radar,0,14,28,0,42,0,0,84,6,90,0,14,112,6,132,176,0,176,308
02/03/2015,HWD,CA,AWP,WE,Towers with Radar,0,6,14,0,20,0,4,100,4,108,0,10,114,4,128,130,0,130,258
02/04/2015,HWD,CA,AWP,WE,Towers with Radar,0,7,22,0,29,0,2,103,7,112,0,9,125,7,141,144,0,144,285
02/05/2015,HWD,CA,AWP,WE,Towers with Radar,0,6,34,0,40,0,2,91,1,94,0,8,125,1,134,166,0,166,300
02/06/2015,HWD,CA,AWP,WE,Towers with Radar,0,7,38,0,45,0,0,4,0,4,0,7,42,0,49,0,0,0,49
02/07/2015,HWD,CA,AWP,WE,Towers with Radar,0,1,14,0,15,0,1,26,1,28,0,2,40,1,43,58,0,58,101
02/08/2015,HWD,CA,AWP,WE,Towers with Radar,0,6,11,0,17,0,1,12,1,14,0,7,23,1,31,7,0,7,38
02/09/2015,HWD,CA,AWP,WE,Towers with Radar,0,11,28,0,39,0,3,74,3,80,0,14,102,3,119,220,0,220,339
02/10/2015,HWD,CA,AWP,WE,Towers with Radar,0,6,18,0,24,0,6,108,0,114,0,12,126,0,138,112,0,112,250
02/11/2015,HWD,CA,AWP,WE,Towers with Radar,0,9,34,0,43,0,1,142,7,150,0,10,176,7,193,316,0,316,509
02/12/2015,HWD,CA,AWP,WE,Towers with Radar,0,5,34,0,39,0,2,114,2,118,0,7,148,2,157,168,0,168,325
02/13/2015,HWD,CA,AWP,WE,Towers with Radar,0,16,47,0,63,0,1,42,1,44,0,17,89,1,107,0,0,0,107
02/14/2015,HWD,CA,AWP,WE,Towers with Radar,0,7,45,0,52,0,2,178,0,180,0,9,223,0,232,205,0,205,437
02/15/2015,HWD,CA,AWP,WE,Towers with Radar,0,5,19,0,24,0,3,161,1,165,0,8,180,1,189,308,0,308,497
02/16/2015,HWD,CA,AWP,WE,Towers with Radar,0,16,38,0,54,0,6,132,3,141,0,22,170,3,195,86,0,86,281
02/17/2015,HWD,CA,AWP,WE,Towers with Radar,0,11,42,0,53,0,0,28,0,28,0,11,70,0,81,90,0,90,171
02/18/2015,HWD,CA,AWP,WE,Towers with Radar,0,22,28,0,50,0,8,171,9,188,0,30,199,9,238,284,0,284,522
02/19/2015,HWD,CA,AWP,WE,Towers with Radar,0,16,36,0,52,0,2,52,6,60,0,18,88,6,112,116,0,116,228
02/20/2015,HWD,CA,AWP,WE,Towers with Radar,0,8,31,0,39,0,1,136,11,148,0,9,167,11,187,114,0,114,301
02/21/2015,HWD,CA,AWP,WE,Towers with Radar,0,4,20,0,24,0,2,205,0,207,0,6,225,0,231,394,0,394,625
02/22/2015,HWD,CA,AWP,WE,Towers with Radar,0,5,26,0,31,0,0,120,1,121,0,5,146,1,152,118,0,118,270
02/23/2015,HWD,CA,AWP,WE,Towers with Radar,0,6,12,0,18,0,10,62,3,75,0,16,74,3,93,40,0,40,133
02/24/2015,HWD,CA,AWP,WE,Towers with Radar,0,11,20,0,31,0,8,131,2,141,0,19,151,2,172,91,0,91,263
02/25/2015,HWD,CA,AWP,WE,Towers with Radar,0,8,21,0,29,0,2,123,4,129,0,10,144,4,158,118,0,118,276
02/26/2015,HWD,CA,AWP,WE,Towers with Radar,0,7,32,0,39,0,1,115,2,118,0,8,147,2,157,176,0,176,333
02/27/2015,HWD,CA,AWP,WE,Towers with Radar,0,6,17,0,23,0,4,58,11,73,0,10,75,11,96,26,0,26,122
02/28/2015,HWD,CA,AWP,WE,Towers with Radar,0,1,15,0,16,0,0,74,1,75,0,1,89,1,91,133,0,133,224
03/01/2015,HWD,CA,AWP,WE,Towers with Radar,0,2,21,0,23,0,4,171,0,175,0,6,192,0,198,171,0,171,369
03/02/2015,HWD,CA,AWP,WE,Towers with Radar,0,9,11,0,20,0,2,50,1,53,0,11,61,1,73,116,0,116,189
03/03/2015,HWD,CA,AWP,WE,Towers with Radar,0,9,17,0,26,0,2,127,1,130,0,11,144,1,156,127,0,127,283
03/04/2015,HWD,CA,AWP,WE,Towers with Radar,0,9,18,0,27,0,0,154,8,162,0,9,172,8,189,162,0,162,351
03/05/2015,HWD,CA,AWP,WE,Towers with Radar,0,7,23,0,30,0,1,154,3,158,0,8,177,3,188,96,0,96,284
03/06/2015,HWD,CA,AWP,WE,Towers with Radar,0,8,23,0,31,0,1,171,3,175,0,9,194,3,206,214,0,214,420
03/07/2015,HWD,CA,AWP,WE,Towers with Radar,0,0,9,0,9,0,1,194,1,196,0,1,203,1,205,214,0,214,419
03/08/2015,HWD,CA,AWP,WE,Towers with Radar,0,4,27,0,31,0,1,132,1,134,0,5,159,1,165,120,0,120,285
03/09/2015,HWD,CA,AWP,WE,Towers with Radar,0,8,17,0,25,0,1,91,9,101,0,9,108,9,126,180,0,180,306
03/10/2015,HWD,CA,AWP,WE,Towers with Radar,0,9,23,0,32,0,5,46,5,56,0,14,69,5,88,110,0,110,198
03/11/2015,HWD,CA,AWP,WE,Towers with Radar,0,7,16,0,23,0,7,91,3,101,0,14,107,3,124,262,0,262,386
03/12/2015,HWD,CA,AWP,WE,Towers with Radar,0,8,41,0,49,0,2,163,0,165,0,10,204,0,214,200,0,200,414
03/13/2015,HWD,CA,AWP,WE,Towers with Radar,0,10,29,0,39,0,2,133,6,141,0,12,162,6,180,170,0,170,350
03/14/2015,HWD,CA,AWP,WE,Towers with Radar,0,5,11,0,16,0,9,175,1,185,0,14,186,1,201,188,0,188,389
03/15/2015,HWD,CA,AWP,WE,Towers with Radar,0,1,31,0,32,0,2,166,3,171,0,3,197,3,203,206,0,206,409
03/16/2015,HWD,CA,AWP,WE,Towers with Radar,0,9,26,0,35,0,7,100,2,109,0,16,126,2,144,50,0,50,194
03/17/2015,HWD,CA,AWP,WE,Towers with Radar,15,13,32,0,60,0,3,104,1,108,15,16,136,1,168,104,0,104,272
03/18/2015,HWD,CA,AWP,WE,Towers with Radar,6,11,31,0,48,0,2,140,0,142,6,13,171,0,190,154,0,154,344
03/19/2015,HWD,CA,AWP,WE,Towers with Radar,0,9,19,0,28,0,8,143,0,151,0,17,162,0,179,152,0,152,331
03/20/2015,HWD,CA,AWP,WE,Towers with Radar,0,10,23,0,33,0,3,158,3,164,0,13,181,3,197,240,0,240,437
03/21/2015,HWD,CA,AWP,WE,Towers with Radar,0,3,15,0,18,0,2,114,2,118,0,5,129,2,136,286,0,286,422
03/22/2015,HWD,CA,AWP,WE,Towers with Radar,0,0,56,0,56,0,0,97,0,97,0,0,153,0,153,271,0,271,424
03/23/2015,HWD,CA,AWP,WE,Towers with Radar,0,8,19,0,27,0,1,101,3,105,0,9,120,3,132,118,0,118,250
03/24/2015,HWD,CA,AWP,WE,Towers with Radar,0,5,12,0,17,0,0,97,2,99,0,5,109,2,116,186,0,186,302
03/25/2015,HWD,CA,AWP,WE,Towers with Radar,0,7,25,0,32,0,4,135,0,139,0,11,160,0,171,160,0,160,331
03/26/2015,HWD,CA,AWP,WE,Towers with Radar,0,15,48,0,63,0,3,173,3,179,0,18,221,3,242,262,0,262,504
03/27/2015,HWD,CA,AWP,WE,Towers with Radar,0,5,19,0,24,0,1,144,1,146,0,6,163,1,170,142,0,142,312
03/28/2015,HWD,CA,AWP,WE,Towers with Radar,0,2,21,0,23,0,1,174,2,177,0,3,195,2,200,264,0,264,464
03/29/2015,HWD,CA,AWP,WE,Towers with Radar,0,1,29,0,30,0,2,163,1,166,0,3,192,1,196,316,0,316,512
03/30/2015,HWD,CA,AWP,WE,Towers with Radar,0,2,15,0,17,0,1,114,0,115,0,3,129,0,132,72,0,72,204
03/31/2015,HWD,CA,AWP,WE,Towers with Radar,0,3,17,0,20,0,0,83,4,87,0,3,100,4,107,125,0,125,232
04/01/2015,HWD,CA,AWP,WE,Towers with Radar,0,3,16,0,19,0,3,149,2,154,0,6,165,2,173,188,0,188,361
04/02/2015,HWD,CA,AWP,WE,Towers with Radar,0,3,21,0,24,0,2,165,4,171,0,5,186,4,195,130,0,130,325
04/03/2015,HWD,CA,AWP,WE,Towers with Radar,0,2,28,0,30,0,3,192,2,197,0,5,220,2,227,288,0,288,515
04/04/2015,HWD,CA,AWP,WE,Towers with Radar,0,2,32,0,34,0,0,168,1,169,0,2,200,1,203,169,0,169,372
04/05/2015,HWD,CA,AWP,WE,Towers with Radar,0,2,12,0,14,0,2,53,2,57,0,4,65,2,71,62,0,62,133
04/06/2015,HWD,CA,AWP,WE,Towers with Radar,0,0,11,0,11,0,1,73,1,75,0,1,84,1,86,122,0,122,208
04/07/2015,HWD,CA,AWP,WE,Towers with Radar,0,5,49,0,54,0,1,26,1,28,0,6,75,1,82,74,0,74,156
04/08/2015,HWD,CA,AWP,WE,Towers with Radar,0,3,34,0,37,0,4,149,2,155,0,7,183,2,192,322,0,322,514
04/09/2015,HWD,CA,AWP,WE,Towers with Radar,0,0,22,0,22,0,0,141,2,143,0,0,163,2,165,216,0,216,381
04/10/2015,HWD,CA,AWP,WE,Towers with Radar,0,5,31,0,36,0,1,151,4,156,0,6,182,4,192,216,0,216,408
04/11/2015,HWD,CA,AWP,WE,Towers with Radar,0,4,27,0,31,0,0,140,1,141,0,4,167,1,172,232,0,232,404
04/12/2015,HWD,CA,AWP,WE,Towers with Radar,0,5,31,0,36,0,4,161,3,168,0,9,192,3,204,236,0,236,440
04/13/2015,HWD,CA,AWP,WE,Towers with Radar,0,4,20,0,24,0,0,100,3,103,0,4,120,3,127,156,0,156,283
04/14/2015,HWD,CA,AWP,WE,Towers with Radar,0,5,13,0,18,0,0,96,1,97,0,5,109,1,115,90,0,90,205
04/15/2015,HWD,CA,AWP,WE,Towers with Radar,0,4,17,0,21,0,4,103,0,107,0,8,120,0,128,153,0,153,281
04/16/2015,HWD,CA,AWP,WE,Towers with Radar,0,2,27,0,29,0,3,146,2,151,0,5,173,2,180,88,0,88,268
04/17/2015,HWD,CA,AWP,WE,Towers with Radar,0,4,22,0,26,0,4,204,4,212,0,8,226,4,238,230,0,230,468
04/18/2015,HWD,CA,AWP,WE,Towers with Radar,0,5,31,0,36,0,2,164,1,167,0,7,195,1,203,262,0,262,465
04/19/2015,HWD,CA,AWP,WE,Towers with Radar,0,2,41,1,44,0,3,127,1,131,0,5,168,2,175,220,0,220,395
04/20/2015,HWD,CA,AWP,WE,Towers with Radar,0,7,28,0,35,0,1,64,3,68,0,8,92,3,103,114,0,114,217
04/21/2015,HWD,CA,AWP,WE,Towers with Radar,0,0,22,0,22,0,0,59,0,59,0,0,81,0,81,219,0,219,300
04/22/2015,HWD,CA,AWP,WE,Towers with Radar,0,4,25,1,30,0,3,105,1,109,0,7,130,2,139,126,0,126,265
04/23/2015,HWD,CA,AWP,WE,Towers with Radar,0,7,38,0,45,0,6,159,4,169,0,13,197,4,214,276,0,276,490
04/24/2015,HWD,CA,AWP,WE,Towers with Radar,0,5,23,0,28,0,1,90,3,94,0,6,113,3,122,78,0,78,200
04/25/2015,HWD,CA,AWP,WE,Towers with Radar,0,0,14,0,14,0,2,54,0,56,0,2,68,0,70,134,0,134,204
04/26/2015,HWD,CA,AWP,WE,Towers with Radar,0,2,20,0,22,0,0,130,1,131,0,2,150,1,153,228,0,228,381
04/27/2015,HWD,CA,AWP,WE,Towers with Radar,0,2,9,0,11,0,2,115,1,118,0,4,124,1,129,104,0,104,233
04/28/2015,HWD,CA,AWP,WE,Towers with Radar,0,3,13,0,16,0,0,87,3,90,0,3,100,3,106,158,0,158,264
04/29/2015,HWD,CA,AWP,WE,Towers with Radar,0,1,17,0,18,0,1,97,3,101,0,2,114,3,119,118,0,118,237
04/30/2015,HWD,CA,AWP,WE,Towers with Radar,0,7,20,0,27,0,1,145,1,147,0,8,165,1,174,274,0,274,448
05/01/2015,HWD,CA,AWP,WE,Towers with Radar,0,7,26,0,33,0,3,139,3,145,0,10,165,3,178,344,0,344,522
05/02/2015,HWD,CA,AWP,WE,Towers with Radar,0,5,25,0,30,0,4,161,0,165,0,9,186,0,195,269,0,269,464
05/03/2015,HWD,CA,AWP,WE,Towers with Radar,0,10,27,0,37,0,3,126,3,132,0,13,153,3,169,167,0,167,336
05/04/2015,HWD,CA,AWP,WE,Towers with Radar,0,1,36,0,37,0,5,55,2,62,0,6,91,2,99,101,0,101,200
05/05/2015,HWD,CA,AWP,WE,Towers with Radar,0,0,13,0,13,0,0,72,1,73,0,0,85,1,86,185,0,185,271
05/06/2015,HWD,CA,AWP,WE,Towers with Radar,0,5,17,0,22,0,4,142,8,154,0,9,159,8,176,288,0,288,464
05/07/2015,HWD,CA,AWP,WE,Towers with Radar,0,3,29,0,32,0,1,92,3,96,0,4,121,3,128,190,0,190,318
05/08/2015,HWD,CA,AWP,WE,Towers with Radar,0,1,24,0,25,0,1,123,2,126,0,2,147,2,151,248,0,248,399
05/09/2015,HWD,CA,AWP,WE,Towers with Radar,0,1,31,0,32,0,0,125,1,126,0,1,156,1,158,299,0,299,457
05/10/2015,HWD,CA,AWP,WE,Towers with Radar,0,3,25,0,28,0,4,109,2,115,0,7,134,2,143,204,0,204,347
05/11/2015,HWD,CA,AWP,WE,Towers with Radar,0,2,20,0,22,0,2,65,5,72,0,4,85,5,94,157,0,157,251
05/12/2015,HWD,CA,AWP,WE,Towers with Radar,0,2,19,0,21,0,2,81,4,87,0,4,100,4,108,110,0,110,218
05/13/2015,HWD,CA,AWP,WE,Towers with Radar,0,4,23,0,27,0,3,89,2,94,0,7,112,2,121,216,0,216,337
05/14/2015,HWD,CA,AWP,WE,Towers with Radar,0,0,20,0,20,0,1,84,3,88,0,1,104,3,108,144,0,144,252
05/15/2015,HWD,CA,AWP,WE,Towers with Radar,1,5,25,0,31,0,1,139,3,143,1,6,164,3,174,220,0,220,394
05/16/2015,HWD,CA,AWP,WE,Towers with Radar,0,1,19,0,20,0,2,102,1,105,0,3,121,1,125,230,0,230,355
05/17/2015,HWD,CA,AWP,WE,Towers with Radar,0,5,48,0,53,0,1,269,3,273,0,6,317,3,326,38,0,38,364
05/18/2015,HWD,CA,AWP,WE,Towers with Radar,0,0,28,0,28,0,0,47,1,48,0,0,75,1,76,108,0,108,184
05/19/2015,HWD,CA,AWP,WE,Towers with Radar,0,3,32,0,35,0,0,100,3,103,0,3,132,3,138,245,0,245,383
05/20/2015,HWD,CA,AWP,WE,Towers with Radar,0,2,30,0,32,0,0,109,1,110,0,2,139,1,142,383,0,383,525
05/21/2015,HWD,CA,AWP,WE,Towers with Radar,0,5,39,0,44,0,0,88,0,88,0,5,127,0,132,208,0,208,340
05/22/2015,HWD,CA,AWP,WE,Towers with Radar,0,11,25,0,36,0,2,89,1,92,0,13,114,1,128,278,0,278,406
05/23/2015,HWD,CA,AWP,WE,Towers with Radar,0,2,21,0,23,0,1,86,1,88,0,3,107,1,111,123,0,123,234
05/24/2015,HWD,CA,AWP,WE,Towers with Radar,0,0,9,0,9,0,1,70,1,72,0,1,79,1,81,108,0,108,189
05/25/2015,HWD,CA,AWP,WE,Towers with Radar,0,2,37,1,40,0,1,87,4,92,0,3,124,5,132,120,0,120,252
05/26/2015,HWD,CA,AWP,WE,Towers with Radar,0,0,29,0,29,0,3,100,0,103,0,3,129,0,132,201,0,201,333
05/27/2015,HWD,CA,AWP,WE,Towers with Radar,0,0,30,0,30,0,0,98,0,98,0,0,128,0,128,125,0,125,253
05/28/2015,HWD,CA,AWP,WE,Towers with Radar,0,3,33,0,36,0,0,100,0,100,0,3,133,0,136,198,0,198,334
05/29/2015,HWD,CA,AWP,WE,Towers with Radar,0,4,35,0,39,0,0,112,1,113,0,4,147,1,152,147,0,147,299
05/30/2015,HWD,CA,AWP,WE,Towers with Radar,0,2,36,0,38,0,0,119,0,119,0,2,155,0,157,135,0,135,292
05/31/2015,HWD,CA,AWP,WE,Towers with Radar,0,1,22,0,23,0,2,129,0,131,0,3,151,0,154,229,0,229,383
06/01/2015,HWD,CA,AWP,WE,Towers with Radar,0,1,16,0,17,0,1,71,0,72,0,2,87,0,89,182,0,182,271
06/02/2015,HWD,CA,AWP,WE,Towers with Radar,0,6,24,0,30,0,5,111,0,116,0,11,135,0,146,250,0,250,396
06/03/2015,HWD,CA,AWP,WE,Towers with Radar,0,7,28,0,35,0,1,90,0,91,0,8,118,0,126,50,0,50,176
06/04/2015,HWD,CA,AWP,WE,Towers with Radar,0,4,32,0,36,0,3,146,0,149,0,7,178,0,185,254,0,254,439
06/05/2015,HWD,CA,AWP,WE,Towers with Radar,0,2,23,0,25,0,3,201,0,204,0,5,224,0,229,132,0,132,361
06/06/2015,HWD,CA,AWP,WE,Towers with Radar,0,1,23,0,24,0,6,198,0,204,0,7,221,0,228,346,0,346,574
06/07/2015,HWD,CA,AWP,WE,Towers with Radar,0,8,11,0,19,0,0,145,0,145,0,8,156,0,164,162,0,162,326
06/08/2015,HWD,CA,AWP,WE,Towers with Radar,0,4,21,0,25,0,0,148,0,148,0,4,169,0,173,115,0,115,288
06/09/2015,HWD,CA,AWP,WE,Towers with Radar,0,1,25,0,26,0,1,105,0,106,0,2,130,0,132,243,0,243,375
06/10/2015,HWD,CA,AWP,WE,Towers with Radar,0,1,24,0,25,0,0,56,0,56,0,1,80,0,81,82,0,82,163
06/11/2015,HWD,CA,AWP,WE,Towers with Radar,0,2,32,0,34,0,0,154,2,156,0,2,186,2,190,166,0,166,356
06/12/2015,HWD,CA,AWP,WE,Towers with Radar,0,3,18,0,21,0,0,237,2,239,0,3,255,2,260,192,0,192,452
06/13/2015,HWD,CA,AWP,WE,Towers with Radar,0,2,19,0,21,0,1,161,0,162,0,3,180,0,183,234,0,234,417
06/14/2015,HWD,CA,AWP,WE,Towers with Radar,0,2,24,0,26,0,0,135,0,135,0,2,159,0,161,264,0,264,425
06/15/2015,HWD,CA,AWP,WE,Towers with Radar,0,2,18,0,20,0,0,74,2,76,0,2,92,2,96,126,0,126,222
06/16/2015,HWD,CA,AWP,WE,Towers with Radar,0,0,15,0,15,0,0,136,0,136,0,0,151,0,151,123,0,123,274
06/17/2015,HWD,CA,AWP,WE,Towers with Radar,0,1,15,0,16,0,1,111,0,112,0,2,126,0,128,130,0,130,258
06/18/2015,HWD,CA,AWP,WE,Towers with Radar,0,2,16,0,18,0,1,114,1,116,0,3,130,1,134,234,0,234,368
06/19/2015,HWD,CA,AWP,WE,Towers with Radar,0,1,24,0,25,0,0,68,0,68,0,1,92,0,93,44,0,44,137
06/20/2015,HWD,CA,AWP,WE,Towers with Radar,0,4,25,0,29,0,1,163,1,165,0,5,188,1,194,169,0,169,363
06/21/2015,HWD,CA,AWP,WE,Towers with Radar,0,4,21,0,25,0,0,103,0,103,0,4,124,0,128,146,0,146,274
06/22/2015,HWD,CA,AWP,WE,Towers with Radar,0,3,24,0,27,0,2,65,0,67,0,5,89,0,94,156,0,156,250
06/23/2015,HWD,CA,AWP,WE,Towers with Radar,0,2,15,1,18,0,1,175,1,177,0,3,190,2,195,228,0,228,423
06/24/2015,HWD,CA,AWP,WE,Towers with Radar,0,3,22,0,25,0,3,165,1,169,0,6,187,1,194,320,0,320,514
06/25/2015,HWD,CA,AWP,WE,Towers with Radar,0,1,19,0,20,0,2,132,0,134,0,3,151,0,154,362,0,362,516
06/26/2015,HWD,CA,AWP,WE,Towers with Radar,0,1,27,0,28,0,4,165,0,169,0,5,192,0,197,286,0,286,483
06/27/2015,HWD,CA,AWP,WE,Towers with Radar,0,1,16,0,17,0,1,220,0,221,0,2,236,0,238,304,0,304,542
06/28/2015,HWD,CA,AWP,WE,Towers with Radar,0,4,25,0,29,0,0,132,0,132,0,4,157,0,161,168,0,168,329
06/29/2015,HWD,CA,AWP,WE,Towers with Radar,0,2,30,0,32,0,0,106,0,106,0,2,136,0,138,216,0,216,354
06/30/2015,HWD,CA,AWP,WE,Towers with Radar,0,0,16,0,16,0,0,173,0,173,0,0,189,0,189,314,0,314,503
07/01/2015,HWD,CA,AWP,WE,Towers with Radar,0,5,15,0,20,0,1,159,1,161,0,6,174,1,181,310,0,310,491
07/02/2015,HWD,CA,AWP,WE,Towers with Radar,0,6,24,0,30,0,1,155,0,156,0,7,179,0,186,238,0,238,424
07/03/2015,HWD,CA,AWP,WE,Towers with Radar,0,4,20,0,24,0,1,161,0,162,0,5,181,0,186,190,0,190,376
07/04/2015,HWD,CA,AWP,WE,Towers with Radar,0,1,6,0,7,0,0,101,0,101,0,1,107,0,108,55,0,55,163
07/05/2015,HWD,CA,AWP,WE,Towers with Radar,0,6,25,0,31,0,1,119,1,121,0,7,144,1,152,148,0,148,300
07/06/2015,HWD,CA,AWP,WE,Towers with Radar,0,1,20,0,21,0,2,119,0,121,0,3,139,0,142,94,0,94,236
07/07/2015,HWD,CA,AWP,WE,Towers with Radar,0,8,20,0,28,0,3,105,0,108,0,11,125,0,136,261,0,261,397
07/08/2015,HWD,CA,AWP,WE,Towers with Radar,0,10,33,0,43,0,0,96,0,96,0,10,129,0,139,291,0,291,430
07/09/2015,HWD,CA,AWP,WE,Towers with Radar,0,2,23,0,25,0,0,88,0,88,0,2,111,0,113,238,0,238,351
07/10/2015,HWD,CA,AWP,WE,Towers with Radar,0,1,26,0,27,0,1,121,0,122,0,2,147,0,149,288,0,288,437
07/11/2015,HWD,CA,AWP,WE,Towers with Radar,0,0,24,0,24,0,0,121,0,121,0,0,145,0,145,267,0,267,412
07/12/2015,HWD,CA,AWP,WE,Towers with Radar,0,6,18,0,24,0,0,146,0,146,0,6,164,0,170,165,0,165,335
07/13/2015,HWD,CA,AWP,WE,Towers with Radar,0,4,27,0,31,0,0,130,1,131,0,4,157,1,162,290,0,290,452
07/14/2015,HWD,CA,AWP,WE,Towers with Radar,0,1,28,0,29,0,0,91,0,91,0,1,119,0,120,154,0,154,274
07/15/2015,HWD,CA,AWP,WE,Towers with Radar,0,7,28,0,35,0,0,160,0,160,0,7,188,0,195,320,0,320,515
07/16/2015,HWD,CA,AWP,WE,Towers with Radar,0,2,32,0,34,0,0,167,0,167,0,2,199,0,201,384,0,384,585
07/17/2015,HWD,CA,AWP,WE,Towers with Radar,0,3,35,0,38,0,0,121,0,121,0,3,156,0,159,359,0,359,518
07/18/2015,HWD,CA,AWP,WE,Towers with Radar,0,2,9,0,11,0,1,149,0,150,0,3,158,0,161,283,0,283,444
07/19/2015,HWD,CA,AWP,WE,Towers with Radar,0,7,17,0,24,0,0,96,0,96,0,7,113,0,120,209,0,209,329
07/20/2015,HWD,CA,AWP,WE,Towers with Radar,0,0,20,0,20,0,2,111,0,113,0,2,131,0,133,257,0,257,390
07/21/2015,HWD,CA,AWP,WE,Towers with Radar,0,8,15,0,23,0,0,101,0,101,0,8,116,0,124,203,0,203,327
07/22/2015,HWD,CA,AWP,WE,Towers with Radar,0,3,23,0,26,0,1,114,1,116,0,4,137,1,142,228,0,228,370
07/23/2015,HWD,CA,AWP,WE,Towers with Radar,0,5,24,0,29,0,1,115,0,116,0,6,139,0,145,288,0,288,433
07/24/2015,HWD,CA,AWP,WE,Towers with Radar,0,2,19,0,21,0,3,119,1,123,0,5,138,1,144,288,0,288,432
07/25/2015,HWD,CA,AWP,WE,Towers with Radar,0,2,33,0,35,0,1,139,0,140,0,3,172,0,175,191,0,191,366
07/26/2015,HWD,CA,AWP,WE,Towers with Radar,0,0,22,0,22,0,1,124,1,126,0,1,146,1,148,162,0,162,310
07/27/2015,HWD,CA,AWP,WE,Towers with Radar,0,0,16,0,16,0,1,105,0,106,0,1,121,0,122,125,0,125,247
07/28/2015,HWD,CA,AWP,WE,Towers with Radar,0,2,16,0,18,0,4,109,0,113,0,6,125,0,131,162,0,162,293
07/29/2015,HWD,CA,AWP,WE,Towers with Radar,0,3,10,0,13,0,1,121,0,122,0,4,131,0,135,384,0,384,519
07/30/2015,HWD,CA,AWP,WE,Towers with Radar,0,2,22,0,24,0,2,138,1,141,0,4,160,1,165,184,0,184,349
07/31/2015,HWD,CA,AWP,WE,Towers with Radar,0,1,23,0,24,0,3,110,1,114,0,4,133,1,138,106,0,106,244
08/01/2015,HWD,CA,AWP,WE,Towers with Radar,0,3,14,0,17,0,0,116,0,116,0,3,130,0,133,268,0,268,401
08/02/2015,HWD,CA,AWP,WE,Towers with Radar,0,3,32,0,35,0,3,113,0,116,0,6,145,0,151,139,0,139,290
08/03/2015,HWD,CA,AWP,WE,Towers with Radar,0,1,20,0,21,0,0,72,0,72,0,1,92,0,93,115,0,115,208
08/04/2015,HWD,CA,AWP,WE,Towers with Radar,0,2,19,3,24,0,2,88,2,92,0,4,107,5,116,305,0,305,421
08/05/2015,HWD,CA,AWP,WE,Towers with Radar,0,3,14,0,17,0,1,111,0,112,0,4,125,0,129,165,0,165,294
08/06/2015,HWD,CA,AWP,WE,Towers with Radar,0,3,14,0,17,0,1,152,0,153,0,4,166,0,170,198,0,198,368
08/07/2015,HWD,CA,AWP,WE,Towers with Radar,0,4,20,0,24,0,2,108,0,110,0,6,128,0,134,102,0,102,236
08/08/2015,HWD,CA,AWP,WE,Towers with Radar,0,0,30,2,32,0,8,184,0,192,0,8,214,2,224,413,0,413,637
08/09/2015,HWD,CA,AWP,WE,Towers with Radar,0,2,11,0,13,0,0,115,0,115,0,2,126,0,128,203,0,203,331
08/10/2015,HWD,CA,AWP,WE,Towers with Radar,0,5,30,0,35,0,1,66,0,67,0,6,96,0,102,170,0,170,272
08/11/2015,HWD,CA,AWP,WE,Towers with Radar,0,1,23,0,24,0,2,115,0,117,0,3,138,0,141,321,0,321,462
08/12/2015,HWD,CA,AWP,WE,Towers with Radar,0,5,19,0,24,0,0,124,0,124,0,5,143,0,148,217,0,217,365
08/13/2015,HWD,CA,AWP,WE,Towers with Radar,0,6,15,0,21,0,0,114,0,114,0,6,129,0,135,268,0,268,403
08/14/2015,HWD,CA,AWP,WE,Towers with Radar,0,4,18,0,22,0,1,143,0,144,0,5,161,0,166,144,0,144,310
08/15/2015,HWD,CA,AWP,WE,Towers with Radar,0,1,24,0,25,0,0,130,0,130,0,1,154,0,155,224,0,224,379
08/16/2015,HWD,CA,AWP,WE,Towers with Radar,0,5,17,0,22,0,3,112,0,115,0,8,129,0,137,185,0,185,322
08/17/2015,HWD,CA,AWP,WE,Towers with Radar,0,1,26,0,27,0,1,74,0,75,0,2,100,0,102,128,0,128,230
08/18/2015,HWD,CA,AWP,WE,Towers with Radar,0,3,12,0,15,0,0,121,0,121,0,3,133,0,136,305,0,305,441
08/19/2015,HWD,CA,AWP,WE,Towers with Radar,1,3,24,0,28,0,0,121,1,122,1,3,145,1,150,295,0,295,445
08/20/2015,HWD,CA,AWP,WE,Towers with Radar,0,2,26,0,28,0,0,120,0,120,0,2,146,0,148,279,0,279,427
08/21/2015,HWD,CA,AWP,WE,Towers with Radar,0,3,28,0,31,0,0,126,0,126,0,3,154,0,157,207,0,207,364
08/22/2015,HWD,CA,AWP,WE,Towers with Radar,0,1,18,0,19,0,2,116,0,118,0,3,134,0,137,266,0,266,403
08/23/2015,HWD,CA,AWP,WE,Towers with Radar,0,2,19,0,21,0,1,111,0,112,0,3,130,0,133,151,0,151,284
08/24/2015,HWD,CA,AWP,WE,Towers with Radar,0,1,9,0,10,0,2,96,0,98,0,3,105,0,108,126,0,126,234
08/25/2015,HWD,CA,AWP,WE,Towers with Radar,0,2,23,0,25,0,1,115,0,116,0,3,138,0,141,158,0,158,299
08/26/2015,HWD,CA,AWP,WE,Towers with Radar,0,4,19,0,23,0,0,98,1,99,0,4,117,1,122,179,0,179,301
08/27/2015,HWD,CA,AWP,WE,Towers with Radar,0,2,27,0,29,0,1,161,0,162,0,3,188,0,191,144,0,144,335
08/28/2015,HWD,CA,AWP,WE,Towers with Radar,0,2,18,0,20,0,0,111,0,111,0,2,129,0,131,231,0,231,362
08/29/2015,HWD,CA,AWP,WE,Towers with Radar,0,0,19,0,19,0,0,69,0,69,0,0,88,0,88,182,0,182,270
08/30/2015,HWD,CA,AWP,WE,Towers with Radar,0,3,21,0,24,0,0,153,0,153,0,3,174,0,177,256,0,256,433
08/31/2015,HWD,CA,AWP,WE,Towers with Radar,0,0,7,0,7,0,2,113,0,115,0,2,120,0,122,197,0,197,319
09/01/2015,HWD,CA,AWP,WE,Towers with Radar,0,1,18,0,19,0,0,117,1,118,0,1,135,1,137,206,0,206,343
09/02/2015,HWD,CA,AWP,WE,Towers with Radar,0,5,31,0,36,0,0,119,0,119,0,5,150,0,155,245,0,245,400
09/03/2015,HWD,CA,AWP,WE,Towers with Radar,0,11,16,0,27,0,3,122,0,125,0,14,138,0,152,182,0,182,334
09/04/2015,HWD,CA,AWP,WE,Towers with Radar,0,6,17,0,23,0,0,106,1,107,0,6,123,1,130,90,0,90,220
09/05/2015,HWD,CA,AWP,WE,Towers with Radar,0,0,15,0,15,0,0,139,0,139,0,0,154,0,154,256,0,256,410
09/06/2015,HWD,CA,AWP,WE,Towers with Radar,0,2,7,0,9,0,2,117,0,119,0,4,124,0,128,52,0,52,180
09/07/2015,HWD,CA,AWP,WE,Towers with Radar,0,7,19,0,26,0,2,123,0,125,0,9,142,0,151,123,0,123,274
09/08/2015,HWD,CA,AWP,WE,Towers with Radar,0,1,13,0,14,0,0,132,0,132,0,1,145,0,146,199,0,199,345
09/09/2015,HWD,CA,AWP,WE,Towers with Radar,0,0,16,0,16,0,1,140,1,142,0,1,156,1,158,280,0,280,438
09/10/2015,HWD,CA,AWP,WE,Towers with Radar,0,2,13,0,15,0,2,141,0,143,0,4,154,0,158,243,0,243,401
09/11/2015,HWD,CA,AWP,WE,Towers with Radar,0,1,22,0,23,0,0,170,0,170,0,1,192,0,193,213,0,213,406
09/12/2015,HWD,CA,AWP,WE,Towers with Radar,1,2,13,0,16,0,0,122,1,123,1,2,135,1,139,209,0,209,348
09/13/2015,HWD,CA,AWP,WE,Towers with Radar,0,3,24,0,27,0,0,101,0,101,0,3,125,0,128,272,0,272,400
09/14/2015,HWD,CA,AWP,WE,Towers with Radar,0,2,13,0,15,0,0,54,0,54,0,2,67,0,69,175,0,175,244
09/15/2015,HWD,CA,AWP,WE,Towers with Radar,0,0,12,0,12,0,0,69,0,69,0,0,81,0,81,213,0,213,294
09/16/2015,HWD,CA,AWP,WE,Towers with Radar,0,3,41,0,44,0,1,73,0,74,0,4,114,0,118,228,0,228,346
09/17/2015,HWD,CA,AWP,WE,Towers with Radar,0,1,32,0,33,0,0,88,0,88,0,1,120,0,121,269,0,269,390
09/18/2015,HWD,CA,AWP,WE,Towers with Radar,0,2,13,1,16,0,1,112,0,113,0,3,125,1,129,192,0,192,321
09/19/2015,HWD,CA,AWP,WE,Towers with Radar,0,0,16,0,16,0,0,122,1,123,0,0,138,1,139,332,0,332,471
09/20/2015,HWD,CA,AWP,WE,Towers with Radar,0,3,22,0,25,0,0,150,0,150,0,3,172,0,175,195,0,195,370
09/21/2015,HWD,CA,AWP,WE,Towers with Radar,0,3,21,0,24,0,4,121,0,125,0,7,142,0,149,210,0,210,359
09/22/2015,HWD,CA,AWP,WE,Towers with Radar,0,2,11,0,13,0,3,74,0,77,0,5,85,0,90,206,0,206,296
09/23/2015,HWD,CA,AWP,WE,Towers with Radar,0,3,15,0,18,0,0,108,0,108,0,3,123,0,126,291,0,291,417
09/24/2015,HWD,CA,AWP,WE,Towers with Radar,0,4,16,0,20,0,2,131,0,133,0,6,147,0,153,272,0,272,425
09/25/2015,HWD,CA,AWP,WE,Towers with Radar,0,2,9,0,11,0,0,138,0,138,0,2,147,0,149,236,0,236,385
09/26/2015,HWD,CA,AWP,WE,Towers with Radar,0,1,6,0,7,0,0,145,0,145,0,1,151,0,152,264,0,264,416
09/27/2015,HWD,CA,AWP,WE,Towers with Radar,0,4,20,0,24,0,1,146,0,147,0,5,166,0,171,215,0,215,386
09/28/2015,HWD,CA,AWP,WE,Towers with Radar,0,1,19,0,20,0,0,108,0,108,0,1,127,0,128,70,0,70,198
09/29/2015,HWD,CA,AWP,WE,Towers with Radar,0,1,22,0,23,0,0,90,0,90,0,1,112,0,113,200,0,200,313
09/30/2015,HWD,CA,AWP,WE,Towers with Radar,0,3,17,0,20,0,0,92,0,92,0,3,109,0,112,249,0,249,361
10/01/2015,HWD,CA,AWP,WE,Towers with Radar,0,4,30,0,34,0,3,113,2,118,0,7,143,2,152,222,0,222,374
10/02/2015,HWD,CA,AWP,WE,Towers with Radar,0,2,26,0,28,0,0,156,0,156,0,2,182,0,184,248,0,248,432
10/03/2015,HWD,CA,AWP,WE,Towers with Radar,0,1,16,0,17,0,1,142,0,143,0,2,158,0,160,227,0,227,387
10/04/2015,HWD,CA,AWP,WE,Towers with Radar,0,3,32,0,35,0,3,126,1,130,0,6,158,1,165,231,0,231,396
10/05/2015,HWD,CA,AWP,WE,Towers with Radar,0,2,18,0,20,0,2,135,4,141,0,4,153,4,161,197,0,197,358
10/06/2015,HWD,CA,AWP,WE,Towers with Radar,0,3,17,0,20,0,1,147,1,149,0,4,164,1,169,244,0,244,413
10/07/2015,HWD,CA,AWP,WE,Towers with Radar,0,1,34,0,35,0,2,132,0,134,0,3,166,0,169,227,0,227,396
10/08/2015,HWD,CA,AWP,WE,Towers with Radar,0,5,19,1,25,0,1,125,1,127,0,6,144,2,152,258,0,258,410
10/09/2015,HWD,CA,AWP,WE,Towers with Radar,0,2,30,0,32,0,1,146,0,147,0,3,176,0,179,222,0,222,401
10/10/2015,HWD,CA,AWP,WE,Towers with Radar,0,2,26,0,28,0,0,65,1,66,0,2,91,1,94,84,0,84,178
10/11/2015,HWD,CA,AWP,WE,Towers with Radar,0,4,20,0,24,0,0,128,0,128,0,4,148,0,152,230,0,230,382
10/12/2015,HWD,CA,AWP,WE,Towers with Radar,1,1,15,0,17,0,1,99,0,100,1,2,114,0,117,174,0,174,291
10/13/2015,HWD,CA,AWP,WE,Towers with Radar,0,1,17,0,18,0,1,160,0,161,0,2,177,0,179,220,0,220,399
10/14/2015,HWD,CA,AWP,WE,Towers with Radar,0,5,19,0,24,0,0,146,0,146,0,5,165,0,170,226,0,226,396
10/15/2015,HWD,CA,AWP,WE,Towers with Radar,0,0,29,0,29,0,0,132,0,132,0,0,161,0,161,228,0,228,389
10/16/2015,HWD,CA,AWP,WE,Towers with Radar,0,3,22,0,25,0,0,126,0,126,0,3,148,0,151,150,0,150,301
10/17/2015,HWD,CA,AWP,WE,Towers with Radar,0,5,24,0,29,0,1,94,0,95,0,6,118,0,124,318,0,318,442
10/18/2015,HWD,CA,AWP,WE,Towers with Radar,0,7,29,0,36,0,1,98,0,99,0,8,127,0,135,289,0,289,424
10/19/2015,HWD,CA,AWP,WE,Towers with Radar,0,2,20,0,22,0,0,91,0,91,0,2,111,0,113,279,0,279,392
10/20/2015,HWD,CA,AWP,WE,Towers with Radar,0,4,12,0,16,0,2,113,0,115,0,6,125,0,131,263,0,263,394
10/21/2015,HWD,CA,AWP,WE,Towers with Radar,0,2,10,0,12,0,0,137,0,137,0,2,147,0,149,313,0,313,462
10/22/2015,HWD,CA,AWP,WE,Towers with Radar,0,4,28,0,32,0,0,156,1,157,0,4,184,1,189,266,0,266,455
10/23/2015,HWD,CA,AWP,WE,Towers with Radar,0,4,22,0,26,0,1,148,1,150,0,5,170,1,176,342,0,342,518
10/24/2015,HWD,CA,AWP,WE,Towers with Radar,0,2,18,0,20,0,0,182,0,182,0,2,200,0,202,216,0,216,418
10/25/2015,HWD,CA,AWP,WE,Towers with Radar,0,4,14,0,18,0,0,136,0,136,0,4,150,0,154,163,0,163,317
10/26/2015,HWD,CA,AWP,WE,Towers with Radar,0,2,22,0,24,0,1,106,0,107,0,3,128,0,131,205,0,205,336
10/27/2015,HWD,CA,AWP,WE,Towers with Radar,0,3,12,0,15,0,3,83,0,86,0,6,95,0,101,204,0,204,305
10/28/2015,HWD,CA,AWP,WE,Towers with Radar,0,0,21,0,21,0,0,102,0,102,0,0,123,0,123,284,0,284,407
10/29/2015,HWD,CA,AWP,WE,Towers with Radar,0,2,9,0,11,0,2,123,0,125,0,4,132,0,136,186,0,186,322
10/30/2015,HWD,CA,AWP,WE,Towers with Radar,0,2,20,0,22,0,0,153,0,153,0,2,173,0,175,192,0,192,367
10/31/2015,HWD,CA,AWP,WE,Towers with Radar,0,0,13,0,13,0,1,191,0,192,0,1,204,0,205,202,0,202,407
11/01/2015,HWD,CA,AWP,WE,Towers with Radar,0,1,23,0,24,0,1,89,0,90,0,2,112,0,114,139,0,139,253
11/02/2015,HWD,CA,AWP,WE,Towers with Radar,0,4,10,0,14,0,0,61,0,61,0,4,71,0,75,75,0,75,150
11/03/2015,HWD,CA,AWP,WE,Towers with Radar,0,1,8,0,9,0,1,124,0,125,0,2,132,0,134,177,0,177,311
11/04/2015,HWD,CA,AWP,WE,Towers with Radar,0,3,9,0,12,0,2,116,0,118,0,5,125,0,130,95,0,95,225
11/05/2015,HWD,CA,AWP,WE,Towers with Radar,0,1,27,0,28,0,0,151,0,151,0,1,178,0,179,200,0,200,379
11/06/2015,HWD,CA,AWP,WE,Towers with Radar,0,1,25,0,26,0,2,151,0,153,0,3,176,0,179,300,0,300,479
11/07/2015,HWD,CA,AWP,WE,Towers with Radar,0,0,16,0,16,0,0,181,1,182,0,0,197,1,198,270,0,270,468
11/08/2015,HWD,CA,AWP,WE,Towers with Radar,0,6,26,0,32,0,0,35,0,35,0,6,61,0,67,79,0,79,146
11/09/2015,HWD,CA,AWP,WE,Towers with Radar,0,2,14,0,16,0,0,31,0,31,0,2,45,0,47,28,0,28,75
11/10/2015,HWD,CA,AWP,WE,Towers with Radar,0,2,16,0,18,0,0,102,0,102,0,2,118,0,120,146,0,146,266
11/11/2015,HWD,CA,AWP,WE,Towers with Radar,0,5,17,0,22,0,2,127,0,129,0,7,144,0,151,159,0,159,310
11/12/2015,HWD,CA,AWP,WE,Towers with Radar,0,2,29,0,31,0,0,162,0,162,0,2,191,0,193,240,0,240,433
11/13/2015,HWD,CA,AWP,WE,Towers with Radar,0,3,29,0,32,0,3,157,1,161,0,6,186,1,193,214,0,214,407
11/14/2015,HWD,CA,AWP,WE,Towers with Radar,0,1,23,0,24,0,0,144,1,145,0,1,167,1,169,333,0,333,502
11/15/2015,HWD,CA,AWP,WE,Towers with Radar,0,0,28,0,28,0,0,27,0,27,0,0,55,0,55,3,0,3,58
11/16/2015,HWD,CA,AWP,WE,Towers with Radar,0,2,17,0,19,0,0,64,0,64,0,2,81,0,83,73,0,73,156
11/17/2015,HWD,CA,AWP,WE,Towers with Radar,0,0,23,0,23,0,0,116,0,116,0,0,139,0,139,208,0,208,347
11/18/2015,HWD,CA,AWP,WE,Towers with Radar,0,10,31,0,41,0,0,174,0,174,0,10,205,0,215,236,0,236,451
11/19/2015,HWD,CA,AWP,WE,Towers with Radar,0,3,20,0,23,0,2,180,0,182,0,5,200,0,205,196,0,196,401
11/20/2015,HWD,CA,AWP,WE,Towers with Radar,0,0,36,0,36,0,0,164,0,164,0,0,200,0,200,270,0,270,470
11/21/2015,HWD,CA,AWP,WE,Towers with Radar,0,2,21,0,23,0,2,130,0,132,0,4,151,0,155,253,0,253,408
11/22/2015,HWD,CA,AWP,WE,Towers with Radar,0,5,22,0,27,0,0,118,0,118,0,5,140,0,145,152,0,152,297
11/23/2015,HWD,CA,AWP,WE,Towers with Radar,0,5,15,0,20,0,0,49,0,49,0,5,64,0,69,168,0,168,237
11/24/2015,HWD,CA,AWP,WE,Towers with Radar,0,3,21,0,24,0,0,28,0,28,0,3,49,0,52,36,0,36,88
11/25/2015,HWD,CA,AWP,WE,Towers with Radar,0,10,28,0,38,0,0,118,0,118,0,10,146,0,156,214,0,214,370
11/26/2015,HWD,CA,AWP,WE,Towers with Radar,0,1,3,0,4,0,1,17,0,18,0,2,20,0,22,10,0,10,32
11/27/2015,HWD,CA,AWP,WE,Towers with Radar,0,1,8,0,9,0,1,77,0,78,0,2,85,0,87,99,0,99,186
11/28/2015,HWD,CA,AWP,WE,Towers with Radar,0,6,13,0,19,0,0,126,2,128,0,6,139,2,147,130,0,130,277
11/29/2015,HWD,CA,AWP,WE,Towers with Radar,0,3,37,0,40,0,1,96,0,97,0,4,133,0,137,152,0,152,289
11/30/2015,HWD,CA,AWP,WE,Towers with Radar,0,2,15,0,17,0,0,98,0,98,0,2,113,0,115,117,0,117,232
12/01/2015,HWD,CA,AWP,WE,Towers with Radar,0,1,18,0,19,0,2,107,0,109,0,3,125,0,128,193,0,193,321
12/02/2015,HWD,CA,AWP,WE,Towers with Radar,0,1,20,3,24,0,0,137,0,137,0,1,157,3,161,230,0,230,391
12/03/2015,HWD,CA,AWP,WE,Towers with Radar,0,0,22,0,22,0,0,29,0,29,0,0,51,0,51,42,0,42,93
12/04/2015,HWD,CA,AWP,WE,Towers with Radar,0,3,17,0,20,0,3,159,0,162,0,6,176,0,182,237,0,237,419
12/05/2015,HWD,CA,AWP,WE,Towers with Radar,0,2,24,2,28,0,1,145,0,146,0,3,169,2,174,205,0,205,379
12/06/2015,HWD,CA,AWP,WE,Towers with Radar,0,4,29,2,35,0,1,33,0,34,0,5,62,2,69,143,0,143,212
12/07/2015,HWD,CA,AWP,WE,Towers with Radar,0,4,22,4,30,0,1,25,0,26,0,5,47,4,56,126,0,126,182
12/08/2015,HWD,CA,AWP,WE,Towers with Radar,0,3,20,6,29,0,0,62,0,62,0,3,82,6,91,188,0,188,279
12/09/2015,HWD,CA,AWP,WE,Towers with Radar,0,3,30,6,39,0,1,94,0,95,0,4,124,6,134,144,0,144,278
12/10/2015,HWD,CA,AWP,WE,Towers with Radar,0,7,12,7,26,0,0,40,0,40,0,7,52,7,66,72,0,72,138
12/11/2015,HWD,CA,AWP,WE,Towers with Radar,0,2,23,7,32,0,1,146,0,147,0,3,169,7,179,206,0,206,385
12/12/2015,HWD,CA,AWP,WE,Towers with Radar,0,2,21,3,26,0,0,156,0,156,0,2,177,3,182,136,0,136,318
12/13/2015,HWD,CA,AWP,WE,Towers with Radar,0,2,10,0,12,0,0,11,0,11,0,2,21,0,23,26,0,26,49
12/14/2015,HWD,CA,AWP,WE,Towers with Radar,0,2,20,4,26,0,1,97,0,98,0,3,117,4,124,78,0,78,202
12/15/2015,HWD,CA,AWP,WE,Towers with Radar,0,3,18,0,21,0,0,129,0,129,0,3,147,0,150,96,0,96,246
12/16/2015,HWD,CA,AWP,WE,Towers with Radar,0,6,16,0,22,0,5,154,0,159,0,11,170,0,181,226,0,226,407
12/17/2015,HWD,CA,AWP,WE,Towers with Radar,0,1,21,0,22,0,1,148,2,151,0,2,169,2,173,166,0,166,339
12/18/2015,HWD,CA,AWP,WE,Towers with Radar,0,1,17,0,18,0,0,127,1,128,0,1,144,1,146,108,0,108,254
12/19/2015,HWD,CA,AWP,WE,Towers with Radar,0,1,20,0,21,0,0,87,1,88,0,1,107,1,109,122,0,122,231
12/20/2015,HWD,CA,AWP,WE,Towers with Radar,0,4,16,0,20,0,0,35,0,35,0,4,51,0,55,54,0,54,109
12/21/2015,HWD,CA,AWP,WE,Towers with Radar,0,0,20,0,20,0,0,2,0,2,0,0,22,0,22,5,0,5,27
12/22/2015,HWD,CA,AWP,WE,Towers with Radar,0,1,15,0,16,0,0,49,0,49,0,1,64,0,65,66,0,66,131
12/23/2015,HWD,CA,AWP,WE,Towers with Radar,0,3,18,0,21,0,1,106,0,107,0,4,124,0,128,157,0,157,285
12/24/2015,HWD,CA,AWP,WE,Towers with Radar,0,1,4,0,5,0,0,10,0,10,0,1,14,0,15,12,0,12,27
12/25/2015,HWD,CA,AWP,WE,Towers with Radar,0,1,7,0,8,0,0,27,0,27,0,1,34,0,35,18,0,18,53
12/26/2015,HWD,CA,AWP,WE,Towers with Radar,0,3,14,0,17,0,0,68,0,68,0,3,82,0,85,51,0,51,136
12/27/2015,HWD,CA,AWP,WE,Towers with Radar,0,2,25,0,27,0,0,62,1,63,0,2,87,1,90,135,0,135,225
12/28/2015,HWD,CA,AWP,WE,Towers with Radar,0,4,14,0,18,0,1,35,0,36,0,5,49,0,54,67,0,67,121
12/29/2015,HWD,CA,AWP,WE,Towers with Radar,0,1,15,0,16,0,0,141,0,141,0,1,156,0,157,196,0,196,353
12/30/2015,HWD,CA,AWP,WE,Towers with Radar,0,0,22,0,22,0,0,85,0,85,0,0,107,0,107,220,0,220,327
12/31/2015,HWD,CA,AWP,WE,Towers with Radar,0,3,17,0,20,0,0,89,0,89,0,3,106,0,109,78,0,78,187
01/01/2016,HWD,CA,AWP,WE,Towers with Radar,0,0,8,0,8,0,0,54,0,54,0,0,62,0,62,18,0,18,80
01/02/2016,HWD,CA,AWP,WE,Towers with Radar,0,1,22,0,23,0,0,115,0,115,0,1,137,0,138,140,0,140,278
01/03/2016,HWD,CA,AWP,WE,Towers with Radar,0,1,34,0,35,0,0,51,0,51,0,1,85,0,86,44,0,44,130
01/04/2016,HWD,CA,AWP,WE,Towers with Radar,0,3,12,0,15,0,0,44,0,44,0,3,56,0,59,37,0,37,96
01/05/2016,HWD,CA,AWP,WE,Towers with Radar,0,5,17,0,22,0,0,22,0,22,0,5,39,0,44,18,0,18,62
01/06/2016,HWD,CA,AWP,WE,Towers with Radar,0,2,13,0,15,0,0,15,0,15,0,2,28,0,30,0,0,0,30
01/07/2016,HWD,CA,AWP,WE,Towers with Radar,0,2,13,0,15,0,0,72,0,72,0,2,85,0,87,239,0,239,326
01/08/2016,HWD,CA,AWP,WE,Towers with Radar,0,0,23,0,23,0,1,126,0,127,0,1,149,0,150,241,0,241,391
01/09/2016,HWD,CA,AWP,WE,Towers with Radar,0,2,22,0,24,0,0,58,0,58,0,2,80,0,82,282,0,282,364
01/10/2016,HWD,CA,AWP,WE,Towers with Radar,0,3,26,0,29,0,5,116,1,122,0,8,142,1,151,248,0,248,399
01/11/2016,HWD,CA,AWP,WE,Towers with Radar,0,1,12,0,13,0,3,67,0,70,0,4,79,0,83,113,0,113,196
01/12/2016,HWD,CA,AWP,WE,Towers with Radar,0,3,19,0,22,0,0,97,0,97,0,3,116,0,119,119,0,119,238
01/13/2016,HWD,CA,AWP,WE,Towers with Radar,0,4,24,0,28,0,2,33,0,35,0,6,57,0,63,40,0,40,103
01/14/2016,HWD,CA,AWP,WE,Towers with Radar,0,3,12,0,15,0,1,58,0,59,0,4,70,0,74,112,0,112,186
01/15/2016,HWD,CA,AWP,WE,Towers with Radar,0,7,32,0,39,0,1,95,0,96,0,8,127,0,135,174,0,174,309
01/16/2016,HWD,CA,AWP,WE,Towers with Radar,0,0,19,0,19,0,0,27,0,27,0,0,46,0,46,162,0,162,208
01/17/2016,HWD,CA,AWP,WE,Towers with Radar,0,0,15,0,15,0,0,28,0,28,0,0,43,0,43,60,0,60,103
01/18/2016,HWD,CA,AWP,WE,Towers with Radar,0,0,31,0,31,0,1,99,0,100,0,1,130,0,131,259,0,259,390
01/19/2016,HWD,CA,AWP,WE,Towers with Radar,0,3,25,0,28,0,0,31,0,31,0,3,56,0,59,58,0,58,117
01/20/2016,HWD,CA,AWP,WE,Towers with Radar,0,1,26,0,27,0,0,98,0,98,0,1,124,0,125,142,0,142,267
01/21/2016,HWD,CA,AWP,WE,Towers with Radar,0,2,20,0,22,0,2,108,2,112,0,4,128,2,134,262,0,262,396
01/22/2016,HWD,CA,AWP,WE,Towers with Radar,0,4,19,0,23,0,0,30,1,31,0,4,49,1,54,76,0,76,130
01/23/2016,HWD,CA,AWP,WE,Towers with Radar,0,2,8,0,10,0,0,59,0,59,0,2,67,0,69,214,0,214,283
01/24/2016,HWD,CA,AWP,WE,Towers with Radar,0,2,21,0,23,0,0,137,1,138,0,2,158,1,161,229,0,229,390
01/25/2016,HWD,CA,AWP,WE,Towers with Radar,0,1,19,0,20,0,0,109,0,109,0,1,128,0,129,176,0,176,305
01/26/2016,HWD,CA,AWP,WE,Towers with Radar,0,1,23,0,24,0,0,112,0,112,0,1,135,0,136,181,0,181,317
01/27/2016,HWD,CA,AWP,WE,Towers with Radar,0,1,16,0,17,0,2,141,2,145,0,3,157,2,162,190,0,190,352
01/28/2016,HWD,CA,AWP,WE,Towers with Radar,0,1,20,0,21,0,0,107,0,107,0,1,127,0,128,204,0,204,332
01/29/2016,HWD,CA,AWP,WE,Towers with Radar,0,3,25,0,28,0,0,49,0,49,0,3,74,0,77,149,0,149,226
01/30/2016,HWD,CA,AWP,WE,Towers with Radar,0,2,22,0,24,0,0,129,0,129,0,2,151,0,153,163,0,163,316
01/31/2016,HWD,CA,AWP,WE,Towers with Radar,0,1,16,0,17,0,1,57,0,58,0,2,73,0,75,46,0,46,121
02/01/2016,HWD,CA,AWP,WE,Towers with Radar,0,3,10,0,13,0,1,69,4,74,0,4,79,4,87,163,0,163,250
02/02/2016,HWD,CA,AWP,WE,Towers with Radar,0,4,21,0,25,0,1,84,0,85,0,5,105,0,110,154,0,154,264
02/03/2016,HWD,CA,AWP,WE,Towers with Radar,0,7,22,0,29,0,0,122,0,122,0,7,144,0,151,148,0,148,299
02/04/2016,HWD,CA,AWP,WE,Towers with Radar,0,11,24,0,35,0,1,67,0,68,0,12,91,0,103,2,0,2,105
02/05/2016,HWD,CA,AWP,WE,Towers with Radar,0,14,32,0,46,0,0,97,0,97,0,14,129,0,143,2,0,2,145
02/06/2016,HWD,CA,AWP,WE,Towers with Radar,0,4,17,0,21,0,0,96,0,96,0,4,113,0,117,10,0,10,127
02/07/2016,HWD,CA,AWP,WE,Towers with Radar,0,16,42,0,58,0,1,35,0,36,0,17,77,0,94,0,0,0,94
02/08/2016,HWD,CA,AWP,WE,Towers with Radar,0,10,56,0,66,0,1,90,0,91,0,11,146,0,157,127,0,127,284
02/09/2016,HWD,CA,AWP,WE,Towers with Radar,0,0,20,0,20,0,0,97,0,97,0,0,117,0,117,207,0,207,324
02/10/2016,HWD,CA,AWP,WE,Towers with Radar,0,1,27,0,28,0,0,101,1,102,0,1,128,1,130,298,0,298,428
02/11/2016,HWD,CA,AWP,WE,Towers with Radar,0,13,20,0,33,0,3,104,0,107,0,16,124,0,140,92,0,92,232
02/12/2016,HWD,CA,AWP,WE,Towers with Radar,0,1,30,0,31,0,3,139,0,142,0,4,169,0,173,308,0,308,481
02/13/2016,HWD,CA,AWP,WE,Towers with Radar,0,1,19,0,20,0,1,123,0,124,0,2,142,0,144,110,0,110,254
02/14/2016,HWD,CA,AWP,WE,Towers with Radar,0,1,14,0,15,0,1,93,0,94,0,2,107,0,109,123,0,123,232
02/15/2016,HWD,CA,AWP,WE,Towers with Radar,0,2,35,0,37,0,1,104,0,105,0,3,139,0,142,130,0,130,272
02/16/2016,HWD,CA,AWP,WE,Towers with Radar,0,4,31,0,35,0,0,124,0,124,0,4,155,0,159,184,0,184,343
02/17/2016,HWD,CA,AWP,WE,Towers with Radar,0,0,21,0,21,0,0,28,5,33,0,0,49,5,54,10,0,10,64
02/18/2016,HWD,CA,AWP,WE,Towers with Radar,0,2,21,0,23,0,2,46,0,48,0,4,67,0,71,38,0,38,109
02/19/2016,HWD,CA,AWP,WE,Towers with Radar,0,9,33,0,42,0,1,42,0,43,0,10,75,0,85,28,0,28,113
02/20/2016,HWD,CA,AWP,WE,Towers with Radar,0,0,20,0,20,0,0,133,0,133,0,0,153,0,153,204,0,204,357
02/21/2016,HWD,CA,AWP,WE,Towers with Radar,0,3,18,0,21,0,0,119,0,119,0,3,137,0,140,121,0,121,261
02/22/2016,HWD,CA,AWP,WE,Towers with Radar,0,2,10,0,12,0,0,108,0,108,0,2,118,0,120,63,0,63,183
02/23/2016,HWD,CA,AWP,WE,Towers with Radar,0,3,17,0,20,0,2,132,0,134,0,5,149,0,154,183,0,183,337
02/24/2016,HWD,CA,AWP,WE,Towers with Radar,0,2,28,0,30,0,0,146,0,146,0,2,174,0,176,116,0,116,292
02/25/2016,HWD,CA,AWP,WE,Towers with Radar,0,1,22,0,23,0,0,113,0,113,0,1,135,0,136,192,0,192,328
02/26/2016,HWD,CA,AWP,WE,Towers with Radar,0,5,28,0,33,0,0,97,0,97,0,5,125,0,130,206,0,206,336
02/27/2016,HWD,CA,AWP,WE,Towers with Radar,0,1,12,0,13,0,0,119,0,119,0,1,131,0,132,171,0,171,303
02/28/2016,HWD,CA,AWP,WE,Towers with Radar,0,3,27,0,30,0,0,111,0,111,0,3,138,0,141,213,0,213,354
02/29/2016,HWD,CA,AWP,WE,Towers with Radar,0,5,19,0,24,0,0,92,0,92,0,5,111,0,116,64,0,64,180
03/01/2016,HWD,CA,AWP,WE,Towers with Radar,0,3,23,0,26,0,0,92,0,92,0,3,115,0,118,98,0,98,216
03/02/2016,HWD,CA,AWP,WE,Towers with Radar,0,0,24,0,24,0,0,80,0,80,0,0,104,0,104,82,0,82,186
03/03/2016,HWD,CA,AWP,WE,Towers with Radar,0,4,32,0,36,0,0,37,1,38,0,4,69,1,74,128,0,128,202
03/04/2016,HWD,CA,AWP,WE,Towers with Radar,0,0,35,0,35,0,0,15,0,15,0,0,50,0,50,14,0,14,64
03/05/2016,HWD,CA,AWP,WE,Towers with Radar,0,5,13,0,18,0,0,3,0,3,0,5,16,0,21,6,0,6,27
03/06/2016,HWD,CA,AWP,WE,Towers with Radar,0,3,19,0,22,0,0,30,0,30,0,3,49,0,52,42,0,42,94
03/07/2016,HWD,CA,AWP,WE,Towers with Radar,0,4,11,0,15,0,0,30,0,30,0,4,41,0,45,77,0,77,122
03/08/2016,HWD,CA,AWP,WE,Towers with Radar,0,2,24,2,28,0,0,132,0,132,0,2,156,2,160,221,0,221,381
03/09/2016,HWD,CA,AWP,WE,Towers with Radar,0,2,39,0,41,0,0,45,0,45,0,2,84,0,86,104,0,104,190
03/10/2016,HWD,CA,AWP,WE,Towers with Radar,0,0,16,0,16,0,0,34,0,34,0,0,50,0,50,46,0,46,96
03/11/2016,HWD,CA,AWP,WE,Towers with Radar,0,0,14,0,14,0,1,12,1,14,0,1,26,1,28,0,0,0,28
03/12/2016,HWD,CA,AWP,WE,Towers with Radar,0,2,25,0,27,0,0,34,0,34,0,2,59,0,61,141,0,141,202
03/13/2016,HWD,CA,AWP,WE,Towers with Radar,0,3,23,0,26,0,0,2,0,2,0,3,25,0,28,0,0,0,28
03/14/2016,HWD,CA,AWP,WE,Towers with Radar,0,1,22,0,23,0,2,80,0,82,0,3,102,0,105,197,0,197,302
03/15/2016,HWD,CA,AWP,WE,Towers with Radar,0,0,29,0,29,0,0,129,0,129,0,0,158,0,158,148,0,148,306
03/16/2016,HWD,CA,AWP,WE,Towers with Radar,0,3,33,0,36,0,4,216,2,222,0,7,249,2,258,230,0,230,488
03/17/2016,HWD,CA,AWP,WE,Towers with Radar,0,5,17,0,22,0,2,191,0,193,0,7,208,0,215,239,0,239,454
03/18/2016,HWD,CA,AWP,WE,Towers with Radar,0,3,48,0,51,0,3,65,1,69,0,6,113,1,120,120,0,120,240
03/19/2016,HWD,CA,AWP,WE,Towers with Radar,0,1,20,0,21,0,1,136,0,137,0,2,156,0,158,300,0,300,458
03/20/2016,HWD,CA,AWP,WE,Towers with Radar,0,4,27,0,31,0,1,44,0,45,0,5,71,0,76,81,0,81,157
03/21/2016,HWD,CA,AWP,WE,Towers with Radar,0,1,15,0,16,0,0,32,0,32,0,1,47,0,48,69,0,69,117
03/22/2016,HWD,CA,AWP,WE,Towers with Radar,0,3,19,0,22,0,0,100,0,100,0,3,119,0,122,153,0,153,275
03/23/2016,HWD,CA,AWP,WE,Towers with Radar,0,4,13,0,17,0,0,146,1,147,0,4,159,1,164,104,0,104,268
03/24/2016,HWD,CA,AWP,WE,Towers with Radar,0,10,23,0,33,0,0,121,0,121,0,10,144,0,154,164,0,164,318
03/25/2016,HWD,CA,AWP,WE,Towers with Radar,0,5,25,2,32,0,1,143,0,144,0,6,168,2,176,207,0,207,383
03/26/2016,HWD,CA,AWP,WE,Towers with Radar,0,5,16,0,21,0,1,157,2,160,0,6,173,2,181,160,0,160,341
03/27/2016,HWD,CA,AWP,WE,Towers with Radar,0,2,22,0,24,0,1,51,0,52,0,3,73,0,76,13,0,13,89
03/28/2016,HWD,CA,AWP,WE,Towers with Radar,0,1,20,0,21,0,2,65,0,67,0,3,85,0,88,55,0,55,143
03/29/2016,HWD,CA,AWP,WE,Towers with Radar,0,0,11,0,11,0,0,108,1,109,0,0,119,1,120,103,0,103,223
03/30/2016,HWD,CA,AWP,WE,Towers with Radar,0,2,29,0,31,0,0,107,0,107,0,2,136,0,138,236,0,236,374
03/31/2016,HWD,CA,AWP,WE,Towers with Radar,0,3,22,0,25,0,0,106,0,106,0,3,128,0,131,182,0,182,313
04/01/2016,HWD,CA,AWP,WE,Towers with Radar,0,2,29,0,31,0,1,116,1,118,0,3,145,1,149,90,0,90,239
04/02/2016,HWD,CA,AWP,WE,Towers with Radar,0,1,27,0,28,0,2,114,0,116,0,3,141,0,144,235,0,235,379
04/03/2016,HWD,CA,AWP,WE,Towers with Radar,0,4,25,0,29,0,1,82,0,83,0,5,107,0,112,132,0,132,244
04/04/2016,HWD,CA,AWP,WE,Towers with Radar,0,0,15,0,15,0,0,94,0,94,0,0,109,0,109,174,0,174,283
04/05/2016,HWD,CA,AWP,WE,Towers with Radar,0,7,15,0,22,0,0,113,0,113,0,7,128,0,135,170,0,170,305
04/06/2016,HWD,CA,AWP,WE,Towers with Radar,0,10,17,0,27,0,0,156,1,157,0,10,173,1,184,146,0,146,330
04/07/2016,HWD,CA,AWP,WE,Towers with Radar,0,4,29,0,33,0,0,136,2,138,0,4,165,2,171,274,0,274,445
04/08/2016,HWD,CA,AWP,WE,Towers with Radar,0,5,27,0,32,0,0,10,0,10,0,5,37,0,42,86,0,86,128
04/09/2016,HWD,CA,AWP,WE,Towers with Radar,0,3,10,0,13,0,0,7,0,7,0,3,17,0,20,92,0,92,112
04/10/2016,HWD,CA,AWP,WE,Towers with Radar,0,6,21,0,27,0,0,39,0,39,0,6,60,0,66,110,0,110,176
04/11/2016,HWD,CA,AWP,WE,Towers with Radar,0,2,24,0,26,0,4,72,0,76,0,6,96,0,102,270,0,270,372
04/12/2016,HWD,CA,AWP,WE,Towers with Radar,0,1,28,2,31,0,0,70,0,70,0,1,98,2,101,224,0,224,325
04/13/2016,HWD,CA,AWP,WE,Towers with Radar,0,3,20,0,23,0,1,94,1,96,0,4,114,1,119,192,0,192,311
04/14/2016,HWD,CA,AWP,WE,Towers with Radar,0,3,14,0,17,0,0,99,1,100,0,3,113,1,117,76,0,76,193
04/15/2016,HWD,CA,AWP,WE,Towers with Radar,0,4,28,1,33,0,1,98,1,100,0,5,126,2,133,122,0,122,255
04/16/2016,HWD,CA,AWP,WE,Towers with Radar,0,0,12,0,12,0,2,164,0,166,0,2,176,0,178,233,0,233,411
04/17/2016,HWD,CA,AWP,WE,Towers with Radar,0,4,20,0,24,0,3,131,0,134,0,7,151,0,158,196,0,196,354
04/18/2016,HWD,CA,AWP,WE,Towers with Radar,0,4,16,0,20,0,0,105,1,106,0,4,121,1,126,133,0,133,259
04/19/2016,HWD,CA,AWP,WE,Towers with Radar,0,1,20,0,21,0,0,118,0,118,0,1,138,0,139,76,0,76,215
04/20/2016,HWD,CA,AWP,WE,Towers with Radar,0,1,25,0,26,0,2,105,0,107,0,3,130,0,133,112,0,112,245
04/21/2016,HWD,CA,AWP,WE,Towers with Radar,0,2,28,0,30,0,1,76,0,77,0,3,104,0,107,154,0,154,261
04/22/2016,HWD,CA,AWP,WE,Towers with Radar,0,4,17,0,21,0,0,32,0,32,0,4,49,0,53,35,0,35,88
04/23/2016,HWD,CA,AWP,WE,Towers with Radar,0,2,15,0,17,0,0,164,0,164,0,2,179,0,181,232,0,232,413
04/24/2016,HWD,CA,AWP,WE,Towers with Radar,0,4,12,0,16,0,0,117,0,117,0,4,129,0,133,235,0,235,368
04/25/2016,HWD,CA,AWP,WE,Towers with Radar,0,2,8,0,10,0,0,69,0,69,0,2,77,0,79,110,0,110,189
04/26/2016,HWD,CA,AWP,WE,Towers with Radar,0,2,17,0,19,0,0,121,2,123,0,2,138,2,142,214,0,214,356
04/27/2016,HWD,CA,AWP,WE,Towers with Radar,0,5,25,0,30,0,0,40,2,42,0,5,65,2,72,74,0,74,146
04/28/2016,HWD,CA,AWP,WE,Towers with Radar,0,3,13,0,16,0,2,114,0,116,0,5,127,0,132,197,0,197,329
04/29/2016,HWD,CA,AWP,WE,Towers with Radar,0,1,21,0,22,0,2,130,2,134,0,3,151,2,156,194,0,194,350
04/30/2016,HWD,CA,AWP,WE,Towers with Radar,0,1,12,0,13,0,0,85,0,85,0,1,97,0,98,162,0,162,260
05/01/2016,HWD,CA,AWP,WE,Towers with Radar,0,1,11,0,12,0,1,169,0,170,0,2,180,0,182,250,0,250,432
05/02/2016,HWD,CA,AWP,WE,Towers with Radar,0,1,25,2,28,0,1,131,0,132,0,2,156,2,160,84,0,84,244
05/03/2016,HWD,CA,AWP,WE,Towers with Radar,0,0,31,0,31,0,0,94,0,94,0,0,125,0,125,300,0,300,425
05/04/2016,HWD,CA,AWP,WE,Towers with Radar,0,3,20,0,23,0,5,121,2,128,0,8,141,2,151,310,0,310,461
05/05/2016,HWD,CA,AWP,WE,Towers with Radar,0,4,21,0,25,0,0,96,0,96,0,4,117,0,121,238,0,238,359
05/06/2016,HWD,CA,AWP,WE,Towers with Radar,1,2,30,0,33,0,0,37,0,37,1,2,67,0,70,202,0,202,272
05/07/2016,HWD,CA,AWP,WE,Towers with Radar,0,3,26,0,29,0,0,63,0,63,0,3,89,0,92,300,0,300,392
05/08/2016,HWD,CA,AWP,WE,Towers with Radar,0,3,19,0,22,0,1,65,0,66,0,4,84,0,88,130,0,130,218
05/09/2016,HWD,CA,AWP,WE,Towers with Radar,0,2,28,0,30,0,0,68,0,68,0,2,96,0,98,90,0,90,188
05/10/2016,HWD,CA,AWP,WE,Towers with Radar,0,3,17,0,20,0,1,122,0,123,0,4,139,0,143,305,0,305,448
05/11/2016,HWD,CA,AWP,WE,Towers with Radar,0,3,21,0,24,0,0,138,1,139,0,3,159,1,163,252,0,252,415
05/12/2016,HWD,CA,AWP,WE,Towers with Radar,0,2,36,0,38,0,0,104,0,104,0,2,140,0,142,164,0,164,306
05/13/2016,HWD,CA,AWP,WE,Towers with Radar,0,1,23,0,24,0,0,104,1,105,0,1,127,1,129,284,0,284,413
05/14/2016,HWD,CA,AWP,WE,Towers with Radar,0,4,14,0,18,0,3,123,0,126,0,7,137,0,144,401,0,401,545
05/15/2016,HWD,CA,AWP,WE,Towers with Radar,0,4,23,0,27,0,4,118,0,122,0,8,141,0,149,158,0,158,307
05/16/2016,HWD,CA,AWP,WE,Towers with Radar,0,3,21,0,24,0,3,98,0,101,0,6,119,0,125,151,0,151,276
05/17/2016,HWD,CA,AWP,WE,Towers with Radar,0,4,13,0,17,0,2,119,0,121,0,6,132,0,138,227,0,227,365
05/18/2016,HWD,CA,AWP,WE,Towers with Radar,0,3,12,0,15,0,3,141,0,144,0,6,153,0,159,262,0,262,421
05/19/2016,HWD,CA,AWP,WE,Towers with Radar,0,3,21,0,24,0,0,84,1,85,0,3,105,1,109,35,0,35,144
05/20/2016,HWD,CA,AWP,WE,Towers with Radar,0,9,20,0,29,0,0,43,0,43,0,9,63,0,72,21,0,21,93
05/21/2016,HWD,CA,AWP,WE,Towers with Radar,0,3,20,0,23,0,1,51,0,52,0,4,71,0,75,248,0,248,323
05/22/2016,HWD,CA,AWP,WE,Towers with Radar,0,4,23,0,27,0,1,111,0,112,0,5,134,0,139,271,0,271,410
05/23/2016,HWD,CA,AWP,WE,Towers with Radar,0,0,25,0,25,0,0,129,0,129,0,0,154,0,154,118,0,118,272
05/24/2016,HWD,CA,AWP,WE,Towers with Radar,0,2,25,0,27,0,2,86,0,88,0,4,111,0,115,113,0,113,228
05/25/2016,HWD,CA,AWP,WE,Towers with Radar,0,6,41,0,47,0,0,80,1,81,0,6,121,1,128,126,0,126,254
05/26/2016,HWD,CA,AWP,WE,Towers with Radar,0,3,31,2,36,0,2,130,2,134,0,5,161,4,170,238,0,238,408
05/27/2016,HWD,CA,AWP,WE,Towers with Radar,0,4,30,0,34,0,0,170,1,171,0,4,200,1,205,327,0,327,532
05/28/2016,HWD,CA,AWP,WE,Towers with Radar,0,0,18,0,18,0,5,135,0,140,0,5,153,0,158,180,0,180,338
05/29/2016,HWD,CA,AWP,WE,Towers with Radar,1,1,14,0,16,0,0,102,0,102,1,1,116,0,118,241,0,241,359
05/30/2016,HWD,CA,AWP,WE,Towers with Radar,0,4,25,0,29,0,4,148,0,152,0,8,173,0,181,149,0,149,330
05/31/2016,HWD,CA,AWP,WE,Towers with Radar,0,1,17,0,18,0,3,145,1,149,0,4,162,1,167,230,0,230,397
06/01/2016,HWD,CA,AWP,WE,Towers with Radar,0,5,28,0,33,0,0,144,3,147,0,5,172,3,180,214,0,214,394
06/02/2016,HWD,CA,AWP,WE,Towers with Radar,0,1,29,0,30,0,1,127,0,128,0,2,156,0,158,214,0,214,372
06/03/2016,HWD,CA,AWP,WE,Towers with Radar,1,0,19,0,20,0,0,160,3,163,1,0,179,3,183,241,0,241,424
06/04/2016,HWD,CA,AWP,WE,Towers with Radar,0,2,14,0,16,0,0,142,0,142,0,2,156,0,158,150,0,150,308
06/05/2016,HWD,CA,AWP,WE,Towers with Radar,0,9,24,0,33,0,1,93,0,94,0,10,117,0,127,350,0,350,477
06/06/2016,HWD,CA,AWP,WE,Towers with Radar,0,1,34,0,35,0,0,89,0,89,0,1,123,0,124,170,0,170,294
06/07/2016,HWD,CA,AWP,WE,Towers with Radar,0,1,17,0,18,0,0,105,0,105,0,1,122,0,123,74,0,74,197
06/08/2016,HWD,CA,AWP,WE,Towers with Radar,0,1,30,0,31,0,1,101,0,102,0,2,131,0,133,252,0,252,385
06/09/2016,HWD,CA,AWP,WE,Towers with Radar,0,4,39,0,43,0,0,97,1,98,0,4,136,1,141,252,0,252,393
06/10/2016,HWD,CA,AWP,WE,Towers with Radar,0,2,27,0,29,0,0,135,1,136,0,2,162,1,165,129,0,129,294
06/11/2016,HWD,CA,AWP,WE,Towers with Radar,0,4,21,0,25,0,0,166,0,166,0,4,187,0,191,272,0,272,463
06/12/2016,HWD,CA,AWP,WE,Towers with Radar,0,1,21,0,22,0,0,140,0,140,0,1,161,0,162,232,0,232,394
06/13/2016,HWD,CA,AWP,WE,Towers with Radar,0,4,28,0,32,0,1,120,0,121,0,5,148,0,153,64,0,64,217
06/14/2016,HWD,CA,AWP,WE,Towers with Radar,0,0,15,0,15,0,0,93,1,94,0,0,108,1,109,60,0,60,169
06/15/2016,HWD,CA,AWP,WE,Towers with Radar,0,4,28,0,32,0,0,76,0,76,0,4,104,0,108,26,0,26,134
06/16/2016,HWD,CA,AWP,WE,Towers with Radar,0,2,21,0,23,0,1,179,0,180,0,3,200,0,203,270,0,270,473
06/17/2016,HWD,CA,AWP,WE,Towers with Radar,0,0,21,0,21,0,0,149,0,149,0,0,170,0,170,266,0,266,436
06/18/2016,HWD,CA,AWP,WE,Towers with Radar,0,1,7,0,8,0,0,160,0,160,0,1,167,0,168,327,0,327,495
06/19/2016,HWD,CA,AWP,WE,Towers with Radar,0,2,15,0,17,0,0,153,0,153,0,2,168,0,170,64,0,64,234
06/20/2016,HWD,CA,AWP,WE,Towers with Radar,0,2,14,0,16,0,1,135,0,136,0,3,149,0,152,114,0,114,266
06/21/2016,HWD,CA,AWP,WE,Towers with Radar,0,3,16,0,19,0,0,146,1,147,0,3,162,1,166,192,0,192,358
06/22/2016,HWD,CA,AWP,WE,Towers with Radar,0,2,21,0,23,0,1,129,3,133,0,3,150,3,156,250,0,250,406
06/23/2016,HWD,CA,AWP,WE,Towers with Radar,0,13,24,0,37,0,0,141,0,141,0,13,165,0,178,218,0,218,396
06/24/2016,HWD,CA,AWP,WE,Towers with Radar,0,14,47,0,61,0,2,112,0,114,0,16,159,0,175,51,0,51,226
06/25/2016,HWD,CA,AWP,WE,Towers with Radar,0,2,14,0,16,0,0,141,0,141,0,2,155,0,157,218,0,218,375
06/26/2016,HWD,CA,AWP,WE,Towers with Radar,0,5,20,0,25,0,3,156,0,159,0,8,176,0,184,231,0,231,415
06/27/2016,HWD,CA,AWP,WE,Towers with Radar,0,2,23,0,25,0,0,129,0,129,0,2,152,0,154,120,0,120,274
06/28/2016,HWD,CA,AWP,WE,Towers with Radar,0,2,10,0,12,0,0,136,1,137,0,2,146,1,149,153,0,153,302
06/29/2016,HWD,CA,AWP,WE,Towers with Radar,0,4,30,0,34,0,4,93,0,97,0,8,123,0,131,210,0,210,341
06/30/2016,HWD,CA,AWP,WE,Towers with Radar,0,0,21,0,21,0,0,141,1,142,0,0,162,1,163,356,0,356,519
07/01/2016,HWD,CA,AWP,WE,Towers with Radar,0,5,37,0,42,0,0,153,0,153,0,5,190,0,195,316,0,316,511
07/02/2016,HWD,CA,AWP,WE,Towers with Radar,0,0,16,0,16,0,0,128,0,128,0,0,144,0,144,274,0,274,418
07/03/2016,HWD,CA,AWP,WE,Towers with Radar,0,2,11,0,13,0,0,92,0,92,0,2,103,0,105,245,0,245,350
07/04/2016,HWD,CA,AWP,WE,Towers with Radar,0,1,9,0,10,0,1,80,0,81,0,2,89,0,91,247,0,247,338
07/05/2016,HWD,CA,AWP,WE,Towers with Radar,0,1,30,0,31,0,0,98,0,98,0,1,128,0,129,192,0,192,321
07/06/2016,HWD,CA,AWP,WE,Towers with Radar,0,1,27,0,28,0,0,92,2,94,0,1,119,2,122,262,0,262,384
07/07/2016,HWD,CA,AWP,WE,Towers with Radar,0,5,39,0,44,0,0,98,0,98,0,5,137,0,142,256,0,256,398
07/08/2016,HWD,CA,AWP,WE,Towers with Radar,0,3,15,0,18,0,0,119,0,119,0,3,134,0,137,309,0,309,446
07/09/2016,HWD,CA,AWP,WE,Towers with Radar,0,3,23,0,26,0,0,96,0,96,0,3,119,0,122,177,0,177,299
07/10/2016,HWD,CA,AWP,WE,Towers with Radar,0,1,18,0,19,0,1,94,1,96,0,2,112,1,115,199,0,199,314
07/11/2016,HWD,CA,AWP,WE,Towers with Radar,0,0,15,0,15,0,4,104,0,108,0,4,119,0,123,176,0,176,299
07/12/2016,HWD,CA,AWP,WE,Towers with Radar,0,2,25,0,27,0,1,113,0,114,0,3,138,0,141,171,0,171,312
07/13/2016,HWD,CA,AWP,WE,Towers with Radar,0,1,20,0,21,0,5,142,1,148,0,6,162,1,169,294,0,294,463
07/14/2016,HWD,CA,AWP,WE,Towers with Radar,0,5,19,0,24,0,2,149,0,151,0,7,168,0,175,330,0,330,505
07/15/2016,HWD,CA,AWP,WE,Towers with Radar,1,5,19,0,25,0,0,135,0,135,1,5,154,0,160,223,0,223,383
07/16/2016,HWD,CA,AWP,WE,Towers with Radar,0,0,23,0,23,0,0,139,0,139,0,0,162,0,162,180,0,180,342
07/17/2016,HWD,CA,AWP,WE,Towers with Radar,0,4,25,0,29,0,0,96,0,96,0,4,121,0,125,109,0,109,234
07/18/2016,HWD,CA,AWP,WE,Towers with Radar,0,4,29,0,33,0,0,86,0,86,0,4,115,0,119,235,0,235,354
07/19/2016,HWD,CA,AWP,WE,Towers with Radar,0,0,24,0,24,0,0,130,0,130,0,0,154,0,154,347,0,347,501
07/20/2016,HWD,CA,AWP,WE,Towers with Radar,0,2,25,0,27,0,1,120,0,121,0,3,145,0,148,211,0,211,359
07/21/2016,HWD,CA,AWP,WE,Towers with Radar,0,0,27,0,27,0,1,122,1,124,0,1,149,1,151,190,0,190,341
07/22/2016,HWD,CA,AWP,WE,Towers with Radar,0,1,26,0,27,0,0,118,4,122,0,1,144,4,149,325,0,325,474
07/23/2016,HWD,CA,AWP,WE,Towers with Radar,0,1,12,0,13,0,1,140,0,141,0,2,152,0,154,314,0,314,468
07/24/2016,HWD,CA,AWP,WE,Towers with Radar,0,2,26,0,28,0,0,105,0,105,0,2,131,0,133,180,0,180,313
07/25/2016,HWD,CA,AWP,WE,Towers with Radar,0,0,21,0,21,0,2,101,0,103,0,2,122,0,124,271,0,271,395
07/26/2016,HWD,CA,AWP,WE,Towers with Radar,0,0,21,0,21,0,1,120,1,122,0,1,141,1,143,280,0,280,423
07/27/2016,HWD,CA,AWP,WE,Towers with Radar,0,2,16,0,18,0,1,141,0,142,0,3,157,0,160,276,0,276,436
07/28/2016,HWD,CA,AWP,WE,Towers with Radar,0,0,20,0,20,0,0,116,1,117,0,0,136,1,137,226,0,226,363
07/29/2016,HWD,CA,AWP,WE,Towers with Radar,0,5,17,0,22,0,0,141,0,141,0,5,158,0,163,304,0,304,467
07/30/2016,HWD,CA,AWP,WE,Towers with Radar,0,0,26,0,26,0,1,132,0,133,0,1,158,0,159,281,0,281,440
07/31/2016,HWD,CA,AWP,WE,Towers with Radar,0,3,27,0,30,0,5,124,0,129,0,8,151,0,159,147,0,147,306
08/01/2016,HWD,CA,AWP,WE,Towers with Radar,0,0,21,0,21,0,2,124,0,126,0,2,145,0,147,209,0,209,356
08/02/2016,HWD,CA,AWP,WE,Towers with Radar,0,0,26,0,26,0,2,121,0,123,0,2,147,0,149,295,0,295,444
08/03/2016,HWD,CA,AWP,WE,Towers with Radar,0,2,29,0,31,0,0,131,2,133,0,2,160,2,164,252,0,252,416
08/04/2016,HWD,CA,AWP,WE,Towers with Radar,0,0,31,0,31,0,0,91,0,91,0,0,122,0,122,160,0,160,282
08/05/2016,HWD,CA,AWP,WE,Towers with Radar,0,3,23,0,26,0,0,136,0,136,0,3,159,0,162,345,0,345,507
08/06/2016,HWD,CA,AWP,WE,Towers with Radar,0,2,25,0,27,0,1,94,0,95,0,3,119,0,122,264,0,264,386
08/07/2016,HWD,CA,AWP,WE,Towers with Radar,0,5,29,0,34,0,5,106,0,111,0,10,135,0,145,193,0,193,338
08/08/2016,HWD,CA,AWP,WE,Towers with Radar,0,2,21,0,23,0,1,101,2,104,0,3,122,2,127,227,0,227,354
08/09/2016,HWD,CA,AWP,WE,Towers with Radar,0,1,20,0,21,0,0,101,0,101,0,1,121,0,122,257,0,257,379
08/10/2016,HWD,CA,AWP,WE,Towers with Radar,0,3,27,0,30,0,1,115,0,116,0,4,142,0,146,206,0,206,352
08/11/2016,HWD,CA,AWP,WE,Towers with Radar,0,0,28,0,28,0,0,118,0,118,0,0,146,0,146,232,0,232,378
08/12/2016,HWD,CA,AWP,WE,Towers with Radar,0,2,26,0,28,0,0,117,0,117,0,2,143,0,145,240,0,240,385
08/13/2016,HWD,CA,AWP,WE,Towers with Radar,0,3,20,0,23,0,2,132,0,134,0,5,152,0,157,379,0,379,536
08/14/2016,HWD,CA,AWP,WE,Towers with Radar,0,5,29,0,34,0,0,124,1,125,0,5,153,1,159,317,0,317,476
08/15/2016,HWD,CA,AWP,WE,Towers with Radar,0,1,30,0,31,0,0,114,0,114,0,1,144,0,145,269,0,269,414
08/16/2016,HWD,CA,AWP,WE,Towers with Radar,0,3,30,0,33,0,0,113,0,113,0,3,143,0,146,190,0,190,336
08/17/2016,HWD,CA,AWP,WE,Towers with Radar,0,4,37,0,41,0,2,140,1,143,0,6,177,1,184,282,0,282,466
08/18/2016,HWD,CA,AWP,WE,Towers with Radar,0,2,33,0,35,0,1,114,0,115,0,3,147,0,150,146,0,146,296
08/19/2016,HWD,CA,AWP,WE,Towers with Radar,0,2,23,0,25,0,4,129,0,133,0,6,152,0,158,169,0,169,327
08/20/2016,HWD,CA,AWP,WE,Towers with Radar,0,1,18,0,19,0,0,96,0,96,0,1,114,0,115,180,0,180,295
08/21/2016,HWD,CA,AWP,WE,Towers with Radar,0,1,30,0,31,0,3,99,0,102,0,4,129,0,133,222,0,222,355
08/22/2016,HWD,CA,AWP,WE,Towers with Radar,0,4,26,0,30,0,1,79,0,80,0,5,105,0,110,245,0,245,355
08/23/2016,HWD,CA,AWP,WE,Towers with Radar,0,1,23,0,24,0,0,135,0,135,0,1,158,0,159,195,0,195,354
08/24/2016,HWD,CA,AWP,WE,Towers with Radar,0,6,20,0,26,0,1,117,0,118,0,7,137,0,144,162,0,162,306
08/25/2016,HWD,CA,AWP,WE,Towers with Radar,0,3,30,0,33,0,1,121,0,122,0,4,151,0,155,140,0,140,295
08/26/2016,HWD,CA,AWP,WE,Towers with Radar,0,0,31,0,31,0,3,127,0,130,0,3,158,0,161,283,0,283,444
08/27/2016,HWD,CA,AWP,WE,Towers with Radar,0,2,15,0,17,0,0,117,0,117,0,2,132,0,134,319,0,319,453
08/28/2016,HWD,CA,AWP,WE,Towers with Radar,0,3,22,0,25,0,0,115,0,115,0,3,137,0,140,113,0,113,253
08/29/2016,HWD,CA,AWP,WE,Towers with Radar,0,0,18,0,18,0,1,112,1,114,0,1,130,1,132,250,0,250,382
08/30/2016,HWD,CA,AWP,WE,Towers with Radar,0,4,19,0,23,0,0,106,0,106,0,4,125,0,129,218,0,218,347
08/31/2016,HWD,CA,AWP,WE,Towers with Radar,0,1,29,0,30,0,2,108,0,110,0,3,137,0,140,138,0,138,278
09/01/2016,HWD,CA,AWP,WE,Towers with Radar,0,5,16,2,23,0,1,85,2,88,0,6,101,4,111,282,0,282,393
09/02/2016,HWD,CA,AWP,WE,Towers with Radar,0,5,16,0,21,0,3,111,0,114,0,8,127,0,135,190,0,190,325
09/03/2016,HWD,CA,AWP,WE,Towers with Radar,0,2,28,0,30,0,1,65,0,66,0,3,93,0,96,168,0,168,264
09/04/2016,HWD,CA,AWP,WE,Towers with Radar,0,1,17,0,18,0,0,81,1,82,0,1,98,1,100,177,0,177,277
09/05/2016,HWD,CA,AWP,WE,Towers with Radar,0,3,25,0,28,0,1,118,0,119,0,4,143,0,147,190,0,190,337
09/06/2016,HWD,CA,AWP,WE,Towers with Radar,0,0,14,0,14,0,2,116,0,118,0,2,130,0,132,179,0,179,311
09/07/2016,HWD,CA,AWP,WE,Towers with Radar,0,3,18,0,21,0,1,122,0,123,0,4,140,0,144,105,0,105,249
09/08/2016,HWD,CA,AWP,WE,Towers with Radar,0,3,15,0,18,0,3,149,1,153,0,6,164,1,171,238,0,238,409
09/09/2016,HWD,CA,AWP,WE,Towers with Radar,0,1,22,2,25,0,0,115,0,115,0,1,137,2,140,222,0,222,362
09/10/2016,HWD,CA,AWP,WE,Towers with Radar,0,3,19,0,22,0,0,146,0,146,0,3,165,0,168,232,0,232,400
09/11/2016,HWD,CA,AWP,WE,Towers with Radar,0,4,23,0,27,0,1,111,1,113,0,5,134,1,140,216,0,216,356
09/12/2016,HWD,CA,AWP,WE,Towers with Radar,0,2,28,0,30,0,0,89,1,90,0,2,117,1,120,170,0,170,290
09/13/2016,HWD,CA,AWP,WE,Towers with Radar,0,2,12,0,14,0,0,80,0,80,0,2,92,0,94,235,0,235,329
09/14/2016,HWD,CA,AWP,WE,Towers with Radar,0,3,24,0,27,0,0,118,0,118,0,3,142,0,145,270,0,270,415
09/15/2016,HWD,CA,AWP,WE,Towers with Radar,0,3,31,0,34,0,4,78,0,82,0,7,109,0,116,78,0,78,194
09/16/2016,HWD,CA,AWP,WE,Towers with Radar,0,8,27,0,35,0,0,118,0,118,0,8,145,0,153,131,0,131,284
09/17/2016,HWD,CA,AWP,WE,Towers with Radar,0,0,35,0,35,0,2,118,0,120,0,2,153,0,155,214,0,214,369
09/18/2016,HWD,CA,AWP,WE,Towers with Radar,0,2,22,0,24,0,1,128,0,129,0,3,150,0,153,163,0,163,316
09/19/2016,HWD,CA,AWP,WE,Towers with Radar,0,3,29,0,32,0,1,115,0,116,0,4,144,0,148,210,0,210,358
09/20/2016,HWD,CA,AWP,WE,Towers with Radar,0,2,20,0,22,0,0,126,0,126,0,2,146,0,148,215,0,215,363
09/21/2016,HWD,CA,AWP,WE,Towers with Radar,0,7,17,1,25,0,0,107,1,108,0,7,124,2,133,98,0,98,231
09/22/2016,HWD,CA,AWP,WE,Towers with Radar,0,0,23,0,23,0,0,83,0,83,0,0,106,0,106,52,0,52,158
09/23/2016,HWD,CA,AWP,WE,Towers with Radar,0,7,19,0,26,0,1,125,0,126,0,8,144,0,152,237,0,237,389
09/24/2016,HWD,CA,AWP,WE,Towers with Radar,0,2,17,0,19,0,0,162,1,163,0,2,179,1,182,344,0,344,526
09/25/2016,HWD,CA,AWP,WE,Towers with Radar,0,3,32,0,35,0,0,85,0,85,0,3,117,0,120,154,0,154,274
09/26/2016,HWD,CA,AWP,WE,Towers with Radar,0,2,17,0,19,0,1,93,0,94,0,3,110,0,113,136,0,136,249
09/27/2016,HWD,CA,AWP,WE,Towers with Radar,0,0,14,2,16,0,1,120,0,121,0,1,134,2,137,180,0,180,317
09/28/2016,HWD,CA,AWP,WE,Towers with Radar,0,6,24,0,30,0,1,117,0,118,0,7,141,0,148,158,0,158,306
09/29/2016,HWD,CA,AWP,WE,Towers with Radar,0,0,17,0,17,0,3,110,1,114,0,3,127,1,131,136,0,136,267
09/30/2016,HWD,CA,AWP,WE,Towers with Radar,0,1,19,0,20,0,5,111,2,118,0,6,130,2,138,108,0,108,246
10/01/2016,HWD,CA,AWP,WE,Towers with Radar,0,0,6,0,6,0,1,92,2,95,0,1,98,2,101,103,0,103,204
10/02/2016,HWD,CA,AWP,WE,Towers with Radar,0,4,14,0,18,0,0,58,0,58,0,4,72,0,76,77,0,77,153
10/03/2016,HWD,CA,AWP,WE,Towers with Radar,0,3,14,0,17,0,0,62,0,62,0,3,76,0,79,100,0,100,179
10/04/2016,HWD,CA,AWP,WE,Towers with Radar,0,2,23,0,25,0,0,54,1,55,0,2,77,1,80,211,0,211,291
10/05/2016,HWD,CA,AWP,WE,Towers with Radar,0,3,29,0,32,0,0,113,0,113,0,3,142,0,145,224,0,224,369
10/06/2016,HWD,CA,AWP,WE,Towers with Radar,0,5,21,0,26,0,2,143,0,145,0,7,164,0,171,355,0,355,526
10/07/2016,HWD,CA,AWP,WE,Towers with Radar,0,5,23,0,28,0,2,160,1,163,0,7,183,1,191,312,0,312,503
10/08/2016,HWD,CA,AWP,WE,Towers with Radar,0,3,14,0,17,0,0,144,0,144,0,3,158,0,161,202,0,202,363
10/09/2016,HWD,CA,AWP,WE,Towers with Radar,0,5,17,0,22,0,3,147,1,151,0,8,164,1,173,204,0,204,377
10/10/2016,HWD,CA,AWP,WE,Towers with Radar,0,1,33,0,34,0,0,83,0,83,0,1,116,0,117,347,0,347,464
10/11/2016,HWD,CA,AWP,WE,Towers with Radar,0,4,27,0,31,0,1,108,0,109,0,5,135,0,140,287,0,287,427
10/12/2016,HWD,CA,AWP,WE,Towers with Radar,0,8,30,0,38,0,4,98,0,102,0,12,128,0,140,317,0,317,457
10/13/2016,HWD,CA,AWP,WE,Towers with Radar,0,2,21,0,23,0,1,133,1,135,0,3,154,1,158,324,0,324,482
10/14/2016,HWD,CA,AWP,WE,Towers with Radar,0,5,26,0,31,0,0,2,0,2,0,5,28,0,33,22,0,22,55
10/15/2016,HWD,CA,AWP,WE,Towers with Radar,0,4,14,0,18,0,0,48,0,48,0,4,62,0,66,28,0,28,94
10/16/2016,HWD,CA,AWP,WE,Towers with Radar,0,6,26,0,32,0,0,3,1,4,0,6,29,1,36,0,0,0,36
10/17/2016,HWD,CA,AWP,WE,Towers with Radar,0,2,25,0,27,0,0,93,0,93,0,2,118,0,120,194,0,194,314
10/18/2016,HWD,CA,AWP,WE,Towers with Radar,0,7,42,0,49,0,0,100,0,100,0,7,142,0,149,113,0,113,262
10/19/2016,HWD,CA,AWP,WE,Towers with Radar,0,3,28,0,31,0,0,143,0,143,0,3,171,0,174,242,0,242,416
10/20/2016,HWD,CA,AWP,WE,Towers with Radar,0,3,25,0,28,0,0,131,0,131,0,3,156,0,159,292,0,292,451
10/21/2016,HWD,CA,AWP,WE,Towers with Radar,0,9,21,0,30,0,1,209,0,210,0,10,230,0,240,199,0,199,439
10/22/2016,HWD,CA,AWP,WE,Towers with Radar,0,0,12,0,12,0,0,147,0,147,0,0,159,0,159,267,0,267,426
10/23/2016,HWD,CA,AWP,WE,Towers with Radar,0,1,20,0,21,0,0,121,0,121,0,1,141,0,142,114,0,114,256
10/24/2016,HWD,CA,AWP,WE,Towers with Radar,0,0,12,0,12,0,2,43,0,45,0,2,55,0,57,4,0,4,61
10/25/2016,HWD,CA,AWP,WE,Towers with Radar,0,4,17,0,21,0,0,66,0,66,0,4,83,0,87,52,0,52,139
10/26/2016,HWD,CA,AWP,WE,Towers with Radar,0,2,19,0,21,0,0,160,0,160,0,2,179,0,181,250,0,250,431
10/27/2016,HWD,CA,AWP,WE,Towers with Radar,0,4,36,0,40,0,1,30,0,31,0,5,66,0,71,113,0,113,184
10/28/2016,HWD,CA,AWP,WE,Towers with Radar,0,3,32,0,35,0,0,47,0,47,0,3,79,0,82,180,0,180,262
10/29/2016,HWD,CA,AWP,WE,Towers with Radar,0,2,20,0,22,0,0,92,0,92,0,2,112,0,114,247,0,247,361
10/30/2016,HWD,CA,AWP,WE,Towers with Radar,0,2,22,0,24,0,0,4,0,4,0,2,26,0,28,12,0,12,40
10/31/2016,HWD,CA,AWP,WE,Towers with Radar,0,1,27,0,28,0,0,66,0,66,0,1,93,0,94,150,0,150,244
11/01/2016,HWD,CA,AWP,WE,Towers with Radar,0,2,20,2,24,0,1,107,0,108,0,3,127,2,132,290,0,290,422
11/02/2016,HWD,CA,AWP,WE,Towers with Radar,0,4,31,0,35,0,1,121,1,123,0,5,152,1,158,186,0,186,344
11/03/2016,HWD,CA,AWP,WE,Towers with Radar,1,2,24,0,27,0,0,115,0,115,1,2,139,0,142,195,0,195,337
11/04/2016,HWD,CA,AWP,WE,Towers with Radar,0,0,18,0,18,0,3,142,0,145,0,3,160,0,163,195,0,195,358
11/05/2016,HWD,CA,AWP,WE,Towers with Radar,0,0,13,0,13,0,1,148,2,151,0,1,161,2,164,251,0,251,415
11/06/2016,HWD,CA,AWP,WE,Towers with Radar,0,4,62,0,66,0,0,140,0,140,0,4,202,0,206,247,1,248,454
11/07/2016,HWD,CA,AWP,WE,Towers with Radar,0,3,19,0,22,0,1,116,0,117,0,4,135,0,139,162,0,162,301
11/08/2016,HWD,CA,AWP,WE,Towers with Radar,0,0,19,0,19,0,0,124,0,124,0,0,143,0,143,168,0,168,311
11/09/2016,HWD,CA,AWP,WE,Towers with Radar,0,1,20,0,21,0,1,165,2,168,0,2,185,2,189,208,0,208,397
11/10/2016,HWD,CA,AWP,WE,Towers with Radar,0,2,24,0,26,0,2,160,0,162,0,4,184,0,188,229,0,229,417
11/11/2016,HWD,CA,AWP,WE,Towers with Radar,0,2,22,0,24,0,1,143,0,144,0,3,165,0,168,205,0,205,373
11/12/2016,HWD,CA,AWP,WE,Towers with Radar,0,0,29,0,29,0,0,123,0,123,0,0,152,0,152,257,0,257,409
11/13/2016,HWD,CA,AWP,WE,Towers with Radar,0,3,27,0,30,0,1,103,0,104,0,4,130,0,134,178,0,178,312
11/14/2016,HWD,CA,AWP,WE,Towers with Radar,0,2,37,0,39,0,0,20,0,20,0,2,57,0,59,14,0,14,73
11/15/2016,HWD,CA,AWP,WE,Towers with Radar,0,2,36,0,38,0,0,41,0,41,0,2,77,0,79,174,0,174,253
11/16/2016,HWD,CA,AWP,WE,Towers with Radar,0,3,22,0,25,0,2,98,0,100,0,5,120,0,125,114,0,114,239
11/17/2016,HWD,CA,AWP,WE,Towers with Radar,0,4,18,0,22,0,1,152,0,153,0,5,170,0,175,172,0,172,347
11/18/2016,HWD,CA,AWP,WE,Towers with Radar,0,4,20,0,24,0,7,157,0,164,0,11,177,0,188,254,0,254,442
11/19/2016,HWD,CA,AWP,WE,Towers with Radar,0,3,16,0,19,0,1,11,0,12,0,4,27,0,31,22,0,22,53
11/20/2016,HWD,CA,AWP,WE,Towers with Radar,0,3,28,2,33,0,0,15,0,15,0,3,43,2,48,52,0,52,100
11/21/2016,HWD,CA,AWP,WE,Towers with Radar,0,1,26,0,27,0,0,88,0,88,0,1,114,0,115,197,0,197,312
11/22/2016,HWD,CA,AWP,WE,Towers with Radar,0,4,42,0,46,0,2,74,1,77,0,6,116,1,123,151,0,151,274
11/23/2016,HWD,CA,AWP,WE,Towers with Radar,0,3,19,0,22,0,4,101,0,105,0,7,120,0,127,125,0,125,252
11/24/2016,HWD,CA,AWP,WE,Towers with Radar,0,1,15,0,16,0,0,49,0,49,0,1,64,0,65,24,0,24,89
11/25/2016,HWD,CA,AWP,WE,Towers with Radar,0,1,15,0,16,0,1,81,0,82,0,2,96,0,98,80,0,80,178
11/26/2016,HWD,CA,AWP,WE,Towers with Radar,0,1,21,0,22,0,1,9,0,10,0,2,30,0,32,67,0,67,99
11/27/2016,HWD,CA,AWP,WE,Towers with Radar,0,2,38,0,40,0,2,88,0,90,0,4,126,0,130,114,0,114,244
11/28/2016,HWD,CA,AWP,WE,Towers with Radar,0,2,21,0,23,0,0,41,1,42,0,2,62,1,65,44,0,44,109
11/29/2016,HWD,CA,AWP,WE,Towers with Radar,0,1,19,0,20,0,2,107,0,109,0,3,126,0,129,122,0,122,251
11/30/2016,HWD,CA,AWP,WE,Towers with Radar,0,2,39,0,41,0,1,53,0,54,0,3,92,0,95,86,0,86,181
12/01/2016,HWD,CA,AWP,WE,Towers with Radar,0,2,25,0,27,0,2,108,0,110,0,4,133,0,137,220,0,220,357
12/02/2016,HWD,CA,AWP,WE,Towers with Radar,0,0,22,0,22,0,0,74,1,75,0,0,96,1,97,65,0,65,162
12/03/2016,HWD,CA,AWP,WE,Towers with Radar,0,1,20,0,21,0,2,161,0,163,0,3,181,0,184,235,0,235,419
12/04/2016,HWD,CA,AWP,WE,Towers with Radar,0,7,24,0,31,0,0,93,2,95,0,7,117,2,126,90,0,90,216
12/05/2016,HWD,CA,AWP,WE,Towers with Radar,0,3,28,0,31,0,1,59,1,61,0,4,87,1,92,133,0,133,225
12/06/2016,HWD,CA,AWP,WE,Towers with Radar,0,4,18,0,22,0,0,94,0,94,0,4,112,0,116,106,0,106,222
12/07/2016,HWD,CA,AWP,WE,Towers with Radar,0,4,30,0,34,0,2,86,0,88,0,6,116,0,122,103,0,103,225
12/08/2016,HWD,CA,AWP,WE,Towers with Radar,0,8,28,0,36,0,0,5,0,5,0,8,33,0,41,13,0,13,54
12/09/2016,HWD,CA,AWP,WE,Towers with Radar,0,5,25,0,30,0,2,49,1,52,0,7,74,1,82,182,0,182,264
12/10/2016,HWD,CA,AWP,WE,Towers with Radar,0,0,16,0,16,0,2,3,0,5,0,2,19,0,21,18,0,18,39
12/11/2016,HWD,CA,AWP,WE,Towers with Radar,0,4,20,0,24,0,2,104,0,106,0,6,124,0,130,263,0,263,393
12/12/2016,HWD,CA,AWP,WE,Towers with Radar,0,5,17,0,22,0,0,70,1,71,0,5,87,1,93,125,0,125,218
12/13/2016,HWD,CA,AWP,WE,Towers with Radar,0,3,16,0,19,0,1,56,0,57,0,4,72,0,76,141,0,141,217
12/14/2016,HWD,CA,AWP,WE,Towers with Radar,0,4,34,0,38,0,1,43,1,45,0,5,77,1,83,56,0,56,139
12/15/2016,HWD,CA,AWP,WE,Towers with Radar,0,6,19,0,25,0,0,8,0,8,0,6,27,0,33,0,0,0,33
12/16/2016,HWD,CA,AWP,WE,Towers with Radar,0,4,20,0,24,0,3,82,0,85,0,7,102,0,109,92,0,92,201
12/17/2016,HWD,CA,AWP,WE,Towers with Radar,0,4,25,0,29,0,1,168,0,169,0,5,193,0,198,220,0,220,418
12/18/2016,HWD,CA,AWP,WE,Towers with Radar,0,6,17,0,23,0,0,102,0,102,0,6,119,0,125,37,0,37,162
12/19/2016,HWD,CA,AWP,WE,Towers with Radar,0,5,19,0,24,0,1,125,0,126,0,6,144,0,150,123,0,123,273
12/20/2016,HWD,CA,AWP,WE,Towers with Radar,0,0,22,0,22,0,1,100,0,101,0,1,122,0,123,254,0,254,377
12/21/2016,HWD,CA,AWP,WE,Towers with Radar,0,3,25,0,28,0,1,115,0,116,0,4,140,0,144,116,0,116,260
12/22/2016,HWD,CA,AWP,WE,Towers with Radar,0,0,23,0,23,0,1,116,0,117,0,1,139,0,140,104,0,104,244
12/23/2016,HWD,CA,AWP,WE,Towers with Radar,0,1,22,0,23,0,0,11,0,11,0,1,33,0,34,8,0,8,42
12/24/2016,HWD,CA,AWP,WE,Towers with Radar,0,0,9,0,9,0,1,43,0,44,0,1,52,0,53,124,0,124,177
12/25/2016,HWD,CA,AWP,WE,Towers with Radar,0,0,7,0,7,0,0,32,0,32,0,0,39,0,39,0,0,0,39
12/26/2016,HWD,CA,AWP,WE,Towers with Radar,0,2,25,0,27,0,0,77,0,77,0,2,102,0,104,42,0,42,146
12/27/2016,HWD,CA,AWP,WE,Towers with Radar,0,0,17,0,17,0,0,88,0,88,0,0,105,0,105,70,0,70,175
12/28/2016,HWD,CA,AWP,WE,Towers with Radar,0,2,13,0,15,0,1,128,1,130,0,3,141,1,145,170,0,170,315
12/29/2016,HWD,CA,AWP,WE,Towers with Radar,0,2,23,0,25,0,2,123,0,125,0,4,146,0,150,180,0,180,330
12/30/2016,HWD,CA,AWP,WE,Towers with Radar,0,2,22,0,24,0,3,94,0,97,0,5,116,0,121,248,0,248,369
12/31/2016,HWD,CA,AWP,WE,Towers with Radar,0,1,7,0,8,0,0,47,0,47,0,1,54,0,55,33,0,33,88
01/01/2017,HWD,CA,AWP,WE,Towers with Radar,0,2,24,0,26,0,0,40,0,40,0,2,64,0,66,25,0,25,91
01/02/2017,HWD,CA,AWP,WE,Towers with Radar,0,2,19,0,21,0,2,39,0,41,0,4,58,0,62,126,0,126,188
01/03/2017,HWD,CA,AWP,WE,Towers with Radar,0,0,9,0,9,0,0,7,0,7,0,0,16,0,16,34,0,34,50
01/04/2017,HWD,CA,AWP,WE,Towers with Radar,0,4,21,1,26,0,0,25,0,25,0,4,46,1,51,60,0,60,111
01/05/2017,HWD,CA,AWP,WE,Towers with Radar,1,6,23,1,31,0,2,156,0,158,1,8,179,1,189,133,0,133,322
01/06/2017,HWD,CA,AWP,WE,Towers with Radar,0,1,19,0,20,0,1,122,0,123,0,2,141,0,143,120,0,120,263
01/07/2017,HWD,CA,AWP,WE,Towers with Radar,0,2,8,0,10,0,0,4,1,5,0,2,12,1,15,0,15,15,30
01/08/2017,HWD,CA,AWP,WE,Towers with Radar,0,1,10,0,11,0,0,3,0,3,0,1,13,0,14,0,0,0,14
01/09/2017,HWD,CA,AWP,WE,Towers with Radar,0,0,14,0,14,0,0,18,0,18,0,0,32,0,32,79,0,79,111
01/10/2017,HWD,CA,AWP,WE,Towers with Radar,0,0,14,0,14,0,0,6,0,6,0,0,20,0,20,0,0,0,20
01/11/2017,HWD,CA,AWP,WE,Towers with Radar,0,3,25,0,28,0,0,76,4,80,0,3,101,4,108,129,0,129,237
01/12/2017,HWD,CA,AWP,WE,Towers with Radar,0,0,14,0,14,0,1,69,1,71,0,1,83,1,85,142,0,142,227
01/13/2017,HWD,CA,AWP,WE,Towers with Radar,0,1,28,0,29,0,1,120,1,122,0,2,148,1,151,80,0,80,231
01/14/2017,HWD,CA,AWP,WE,Towers with Radar,0,0,22,1,23,0,0,174,2,176,0,0,196,3,199,273,0,273,472
01/15/2017,HWD,CA,AWP,WE,Towers with Radar,0,0,20,0,20,0,1,103,2,106,0,1,123,2,126,115,0,115,241
01/16/2017,HWD,CA,AWP,WE,Towers with Radar,0,3,31,0,34,0,0,97,0,97,0,3,128,0,131,200,0,200,331
01/17/2017,HWD,CA,AWP,WE,Towers with Radar,0,4,13,0,17,0,0,82,3,85,0,4,95,3,102,152,0,152,254
01/18/2017,HWD,CA,AWP,WE,Towers with Radar,0,0,23,0,23,0,1,22,0,23,0,1,45,0,46,29,0,29,75
01/19/2017,HWD,CA,AWP,WE,Towers with Radar,0,2,25,0,27,0,2,44,1,47,0,4,69,1,74,107,0,107,181
01/20/2017,HWD,CA,AWP,WE,Towers with Radar,0,4,15,0,19,0,0,32,0,32,0,4,47,0,51,15,0,15,66
01/21/2017,HWD,CA,AWP,WE,Towers with Radar,0,0,19,0,19,0,0,67,2,69,0,0,86,2,88,115,0,115,203
01/22/2017,HWD,CA,AWP,WE,Towers with Radar,0,1,12,0,13,0,0,12,0,12,0,1,24,0,25,67,0,67,92
01/23/2017,HWD,CA,AWP,WE,Towers with Radar,0,1,16,0,17,0,0,39,2,41,0,1,55,2,58,64,0,64,122
01/24/2017,HWD,CA,AWP,WE,Towers with Radar,0,1,22,1,24,0,0,104,5,109,0,1,126,6,133,82,0,82,215
01/25/2017,HWD,CA,AWP,WE,Towers with Radar,0,3,25,0,28,0,0,104,0,104,0,3,129,0,132,145,0,145,277
01/26/2017,HWD,CA,AWP,WE,Towers with Radar,0,1,26,0,27,0,0,100,0,100,0,1,126,0,127,80,0,80,207
01/27/2017,HWD,CA,AWP,WE,Towers with Radar,0,6,25,0,31,0,1,107,4,112,0,7,132,4,143,146,0,146,289
01/28/2017,HWD,CA,AWP,WE,Towers with Radar,0,2,25,0,27,0,2,158,0,160,0,4,183,0,187,196,0,196,383
01/29/2017,HWD,CA,AWP,WE,Towers with Radar,0,1,25,0,26,0,0,130,0,130,0,1,155,0,156,95,0,95,251
01/30/2017,HWD,CA,AWP,WE,Towers with Radar,0,5,26,0,31,0,0,95,0,95,0,5,121,0,126,61,0,61,187
01/31/2017,HWD,CA,AWP,WE,Towers with Radar,0,0,22,0,22,0,0,112,0,112,0,0,134,0,134,121,0,121,255
02/01/2017,HWD,CA,AWP,WE,Towers with Radar,0,1,33,2,36,0,0,64,1,65,0,1,97,3,101,102,0,102,203
02/02/2017,HWD,CA,AWP,WE,Towers with Radar,0,3,24,0,27,0,0,27,0,27,0,3,51,0,54,6,0,6,60
02/03/2017,HWD,CA,AWP,WE,Towers with Radar,0,4,37,0,41,0,2,29,0,31,0,6,66,0,72,150,0,150,222
02/04/2017,HWD,CA,AWP,WE,Towers with Radar,0,3,24,0,27,0,0,77,0,77,0,3,101,0,104,289,0,289,393
02/05/2017,HWD,CA,AWP,WE,Towers with Radar,0,6,12,0,18,0,0,65,0,65,0,6,77,0,83,87,0,87,170
02/06/2017,HWD,CA,AWP,WE,Towers with Radar,0,2,33,0,35,0,0,8,0,8,0,2,41,0,43,67,0,67,110
02/07/2017,HWD,CA,AWP,WE,Towers with Radar,0,0,17,0,17,0,0,9,0,9,0,0,26,0,26,32,0,32,58
02/08/2017,HWD,CA,AWP,WE,Towers with Radar,0,1,37,1,39,0,0,20,1,21,0,1,57,2,60,157,0,157,217
02/09/2017,HWD,CA,AWP,WE,Towers with Radar,0,7,19,0,26,0,0,5,0,5,0,7,24,0,31,76,0,76,107
02/10/2017,HWD,CA,AWP,WE,Towers with Radar,0,4,33,0,37,0,0,82,2,84,0,4,115,2,121,160,0,160,281
02/11/2017,HWD,CA,AWP,WE,Towers with Radar,0,2,21,0,23,0,0,134,1,135,0,2,155,1,158,214,0,214,372
02/12/2017,HWD,CA,AWP,WE,Towers with Radar,0,1,18,0,19,0,1,169,0,170,0,2,187,0,189,101,0,101,290
02/13/2017,HWD,CA,AWP,WE,Towers with Radar,0,2,32,0,34,0,1,101,0,102,0,3,133,0,136,29,0,29,165
02/14/2017,HWD,CA,AWP,WE,Towers with Radar,0,2,29,0,31,0,2,148,2,152,0,4,177,2,183,98,0,98,281
02/15/2017,HWD,CA,AWP,WE,Towers with Radar,0,4,25,0,29,0,0,110,4,114,0,4,135,4,143,164,0,164,307
02/16/2017,HWD,CA,AWP,WE,Towers with Radar,0,0,20,2,22,0,0,48,0,48,0,0,68,2,70,151,0,151,221
02/17/2017,HWD,CA,AWP,WE,Towers with Radar,0,2,22,0,24,0,0,12,0,12,0,2,34,0,36,0,0,0,36
02/18/2017,HWD,CA,AWP,WE,Towers with Radar,0,1,25,3,29,0,0,34,4,38,0,1,59,7,67,14,0,14,81
02/19/2017,HWD,CA,AWP,WE,Towers with Radar,0,5,12,0,17,0,0,25,0,25,0,5,37,0,42,92,0,92,134
02/20/2017,HWD,CA,AWP,WE,Towers with Radar,0,1,14,0,15,0,0,5,0,5,0,1,19,0,20,2,0,2,22
02/21/2017,HWD,CA,AWP,WE,Towers with Radar,0,1,25,0,26,0,0,44,0,44,0,1,69,0,70,71,0,71,141
02/22/2017,HWD,CA,AWP,WE,Towers with Radar,0,0,23,0,23,0,0,108,1,109,0,0,131,1,132,199,0,199,331
02/23/2017,HWD,CA,AWP,WE,Towers with Radar,0,3,21,0,24,0,1,135,2,138,0,4,156,2,162,175,0,175,337
02/24/2017,HWD,CA,AWP,WE,Towers with Radar,0,3,23,1,27,0,0,124,1,125,0,3,147,2,152,184,0,184,336
02/25/2017,HWD,CA,AWP,WE,Towers with Radar,0,2,14,2,18,0,0,119,2,121,0,2,133,4,139,115,0,115,254
02/26/2017,HWD,CA,AWP,WE,Towers with Radar,0,2,15,0,17,0,2,112,0,114,0,4,127,0,131,200,0,200,331
02/27/2017,HWD,CA,AWP,WE,Towers with Radar,0,3,17,0,20,0,1,86,0,87,0,4,103,0,107,107,0,107,214
02/28/2017,HWD,CA,AWP,WE,Towers with Radar,0,3,25,0,28,0,1,103,2,106,0,4,128,2,134,194,0,194,328
03/01/2017,HWD,CA,AWP,WE,Towers with Radar,0,4,26,0,30,0,2,107,2,111,0,6,133,2,141,164,0,164,305
03/02/2017,HWD,CA,AWP,WE,Towers with Radar,0,4,27,0,31,0,1,106,0,107,0,5,133,0,138,184,0,184,322
03/03/2017,HWD,CA,AWP,WE,Towers with Radar,0,5,33,0,38,0,2,114,5,121,0,7,147,5,159,270,0,270,429
03/04/2017,HWD,CA,AWP,WE,Towers with Radar,0,3,29,2,34,0,0,48,0,48,0,3,77,2,82,135,0,135,217
03/05/2017,HWD,CA,AWP,WE,Towers with Radar,0,3,17,0,20,0,0,25,0,25,0,3,42,0,45,56,0,56,101
03/06/2017,HWD,CA,AWP,WE,Towers with Radar,0,4,23,0,27,0,0,56,0,56,0,4,79,0,83,86,0,86,169
03/07/2017,HWD,CA,AWP,WE,Towers with Radar,0,0,22,0,22,0,0,87,3,90,0,0,109,3,112,179,0,179,291
03/08/2017,HWD,CA,AWP,WE,Towers with Radar,0,3,19,0,22,0,1,168,2,171,0,4,187,2,193,159,0,159,352
03/09/2017,HWD,CA,AWP,WE,Towers with Radar,0,1,32,0,33,0,0,141,2,143,0,1,173,2,176,137,0,137,313
03/10/2017,HWD,CA,AWP,WE,Towers with Radar,0,1,23,0,24,0,3,129,1,133,0,4,152,1,157,114,0,114,271
03/11/2017,HWD,CA,AWP,WE,Towers with Radar,0,2,16,1,19,0,0,155,3,158,0,2,171,4,177,246,0,246,423
03/12/2017,HWD,CA,AWP,WE,Towers with Radar,0,7,26,0,33,0,1,151,1,153,0,8,177,1,186,250,0,250,436
03/13/2017,HWD,CA,AWP,WE,Towers with Radar,0,3,27,0,30,0,0,119,1,120,0,3,146,1,150,134,0,134,284
03/14/2017,HWD,CA,AWP,WE,Towers with Radar,0,3,21,0,24,0,1,114,4,119,0,4,135,4,143,99,0,99,242
03/15/2017,HWD,CA,AWP,WE,Towers with Radar,0,1,33,0,34,0,1,99,4,104,0,2,132,4,138,130,0,130,268
03/16/2017,HWD,CA,AWP,WE,Towers with Radar,0,1,33,0,34,0,1,59,2,62,0,2,92,2,96,111,0,111,207
03/17/2017,HWD,CA,AWP,WE,Towers with Radar,0,0,24,0,24,0,0,145,2,147,0,0,169,2,171,157,0,157,328
03/18/2017,HWD,CA,AWP,WE,Towers with Radar,0,1,19,0,20,0,0,126,2,128,0,1,145,2,148,130,0,130,278
03/19/2017,HWD,CA,AWP,WE,Towers with Radar,0,4,22,0,26,0,1,81,0,82,0,5,103,0,108,213,0,213,321
03/20/2017,HWD,CA,AWP,WE,Towers with Radar,0,2,13,0,15,0,0,36,2,38,0,2,49,2,53,49,0,49,102
03/21/2017,HWD,CA,AWP,WE,Towers with Radar,0,1,15,0,16,0,4,35,2,41,0,5,50,2,57,88,0,88,145
03/22/2017,HWD,CA,AWP,WE,Towers with Radar,0,4,24,0,28,0,1,64,1,66,0,5,88,1,94,132,0,132,226
03/23/2017,HWD,CA,AWP,WE,Towers with Radar,0,1,18,0,19,0,2,125,4,131,0,3,143,4,150,206,0,206,356
03/24/2017,HWD,CA,AWP,WE,Towers with Radar,0,6,30,0,36,0,0,1,1,2,0,6,31,1,38,0,0,0,38
03/25/2017,HWD,CA,AWP,WE,Towers with Radar,0,1,23,0,24,0,1,187,0,188,0,2,210,0,212,411,0,411,623
03/26/2017,HWD,CA,AWP,WE,Towers with Radar,0,2,21,0,23,0,0,54,2,56,0,2,75,2,79,123,0,123,202
03/27/2017,HWD,CA,AWP,WE,Towers with Radar,0,0,14,0,14,0,0,78,3,81,0,0,92,3,95,105,0,105,200
03/28/2017,HWD,CA,AWP,WE,Towers with Radar,0,3,27,0,30,0,1,93,3,97,0,4,120,3,127,154,0,154,281
03/29/2017,HWD,CA,AWP,WE,Towers with Radar,0,1,36,0,37,0,0,118,4,122,0,1,154,4,159,187,0,187,346
03/30/2017,HWD,CA,AWP,WE,Towers with Radar,0,4,19,0,23,0,0,78,0,78,0,4,97,0,101,51,0,51,152
03/31/2017,HWD,CA,AWP,WE,Towers with Radar,0,1,25,0,26,0,1,76,0,77,0,2,101,0,103,109,0,109,212
04/01/2017,HWD,CA,AWP,WE,Towers with Radar,0,5,16,0,21,0,2,147,4,153,0,7,163,4,174,252,0,252,426
04/02/2017,HWD,CA,AWP,WE,Towers with Radar,0,1,24,0,25,0,0,118,0,118,0,1,142,0,143,150,0,150,293
04/03/2017,HWD,CA,AWP,WE,Towers with Radar,0,8,25,0,33,0,0,94,2,96,0,8,119,2,129,144,0,144,273
04/04/2017,HWD,CA,AWP,WE,Towers with Radar,0,6,24,0,30,0,6,108,3,117,0,12,132,3,147,92,0,92,239
04/05/2017,HWD,CA,AWP,WE,Towers with Radar,0,2,19,0,21,0,0,112,2,114,0,2,131,2,135,123,0,123,258
04/06/2017,HWD,CA,AWP,WE,Towers with Radar,0,7,22,0,29,0,0,57,0,57,0,7,79,0,86,22,0,22,108
04/07/2017,HWD,CA,AWP,WE,Towers with Radar,0,4,23,0,27,0,1,36,1,38,0,5,59,1,65,54,0,54,119
04/08/2017,HWD,CA,AWP,WE,Towers with Radar,0,2,18,0,20,0,0,29,0,29,0,2,47,0,49,105,0,105,154
04/09/2017,HWD,CA,AWP,WE,Towers with Radar,0,3,16,0,19,0,0,136,0,136,0,3,152,0,155,274,0,274,429
04/10/2017,HWD,CA,AWP,WE,Towers with Radar,0,3,21,0,24,0,2,98,2,102,0,5,119,2,126,105,0,105,231
04/11/2017,HWD,CA,AWP,WE,Towers with Radar,0,0,13,0,13,0,1,51,2,54,0,1,64,2,67,36,0,36,103
04/12/2017,HWD,CA,AWP,WE,Towers with Radar,0,1,29,0,30,0,0,43,0,43,0,1,72,0,73,52,0,52,125
04/13/2017,HWD,CA,AWP,WE,Towers with Radar,0,3,24,0,27,0,1,55,2,58,0,4,79,2,85,104,0,104,189
04/14/2017,HWD,CA,AWP,WE,Towers with Radar,0,1,25,0,26,0,0,141,4,145,0,1,166,4,171,228,0,228,399
04/15/2017,HWD,CA,AWP,WE,Towers with Radar,0,6,24,1,31,0,0,169,5,174,0,6,193,6,205,358,0,358,563
04/16/2017,HWD,CA,AWP,WE,Towers with Radar,0,3,26,0,29,0,0,23,0,23,0,3,49,0,52,88,0,88,140
04/17/2017,HWD,CA,AWP,WE,Towers with Radar,0,1,45,0,46,0,0,30,0,30,0,1,75,0,76,108,0,108,184
04/18/2017,HWD,CA,AWP,WE,Towers with Radar,0,2,32,0,34,0,1,60,0,61,0,3,92,0,95,86,0,86,181
04/19/2017,HWD,CA,AWP,WE,Towers with Radar,0,1,23,0,24,0,4,150,2,156,0,5,173,2,180,250,0,250,430
04/20/2017,HWD,CA,AWP,WE,Towers with Radar,0,4,29,0,33,0,2,145,1,148,0,6,174,1,181,232,0,232,413
04/21/2017,HWD,CA,AWP,WE,Towers with Radar,0,9,27,1,37,0,1,137,10,148,0,10,164,11,185,197,0,197,382
04/22/2017,HWD,CA,AWP,WE,Towers with Radar,0,2,16,0,18,0,1,128,4,133,0,3,144,4,151,321,0,321,472
04/23/2017,HWD,CA,AWP,WE,Towers with Radar,0,12,28,0,40,0,0,93,2,95,0,12,121,2,135,123,0,123,258
04/24/2017,HWD,CA,AWP,WE,Towers with Radar,0,2,31,0,33,0,0,43,0,43,0,2,74,0,76,129,0,129,205
04/25/2017,HWD,CA,AWP,WE,Towers with Radar,0,0,28,0,28,0,0,96,0,96,0,0,124,0,124,118,0,118,242
04/26/2017,HWD,CA,AWP,WE,Towers with Radar,0,4,39,0,43,0,0,9,0,9,0,4,48,0,52,16,0,16,68
04/27/2017,HWD,CA,AWP,WE,Towers with Radar,0,3,23,0,26,0,1,128,4,133,0,4,151,4,159,151,0,151,310
04/28/2017,HWD,CA,AWP,WE,Towers with Radar,0,3,27,0,30,0,3,144,3,150,0,6,171,3,180,207,0,207,387
04/29/2017,HWD,CA,AWP,WE,Towers with Radar,0,3,14,0,17,0,1,177,3,181,0,4,191,3,198,290,0,290,488
04/30/2017,HWD,CA,AWP,WE,Towers with Radar,0,3,18,0,21,0,1,160,0,161,0,4,178,0,182,105,0,105,287
05/01/2017,HWD,CA,AWP,WE,Towers with Radar,0,2,26,0,28,0,0,122,2,124,0,2,148,2,152,82,0,82,234
05/02/2017,HWD,CA,AWP,WE,Towers with Radar,0,0,18,0,18,0,0,106,3,109,0,0,124,3,127,228,0,228,355
05/03/2017,HWD,CA,AWP,WE,Towers with Radar,0,2,20,0,22,0,0,134,8,142,0,2,154,8,164,313,0,313,477
05/04/2017,HWD,CA,AWP,WE,Towers with Radar,0,3,24,1,28,0,2,104,1,107,0,5,128,2,135,202,0,202,337
05/05/2017,HWD,CA,AWP,WE,Towers with Radar,0,0,24,0,24,0,0,83,4,87,0,0,107,4,111,92,0,92,203
05/06/2017,HWD,CA,AWP,WE,Towers with Radar,0,1,12,0,13,0,0,100,4,104,0,1,112,4,117,157,0,157,274
05/07/2017,HWD,CA,AWP,WE,Towers with Radar,0,5,24,0,29,0,4,161,2,167,0,9,185,2,196,263,0,263,459
05/08/2017,HWD,CA,AWP,WE,Towers with Radar,1,0,18,0,19,0,1,105,0,106,1,1,123,0,125,141,0,141,266
05/09/2017,HWD,CA,AWP,WE,Towers with Radar,0,4,18,0,22,0,1,117,1,119,0,5,135,1,141,187,0,187,328
05/10/2017,HWD,CA,AWP,WE,Towers with Radar,0,2,23,0,25,0,1,86,2,89,0,3,109,2,114,171,0,171,285
05/11/2017,HWD,CA,AWP,WE,Towers with Radar,0,2,34,0,36,0,0,65,3,68,0,2,99,3,104,124,0,124,228
05/12/2017,HWD,CA,AWP,WE,Towers with Radar,0,5,30,0,35,0,5,92,5,102,0,10,122,5,137,82,0,82,219
05/13/2017,HWD,CA,AWP,WE,Towers with Radar,0,1,24,0,25,0,0,112,0,112,0,1,136,0,137,263,0,263,400
05/14/2017,HWD,CA,AWP,WE,Towers with Radar,0,2,17,1,20,0,3,89,1,93,0,5,106,2,113,150,0,150,263
05/15/2017,HWD,CA,AWP,WE,Towers with Radar,0,2,32,0,34,0,0,86,0,86,0,2,118,0,120,101,0,101,221
05/16/2017,HWD,CA,AWP,WE,Towers with Radar,0,2,31,0,33,0,1,50,0,51,0,3,81,0,84,177,0,177,261
05/17/2017,HWD,CA,AWP,WE,Towers with Radar,0,4,15,0,19,0,0,102,2,104,0,4,117,2,123,232,0,232,355
05/18/2017,HWD,CA,AWP,WE,Towers with Radar,0,4,24,0,28,0,2,115,2,119,0,6,139,2,147,259,0,259,406
05/19/2017,HWD,CA,AWP,WE,Towers with Radar,0,0,29,0,29,0,1,147,4,152,0,1,176,4,181,328,0,328,509
05/20/2017,HWD,CA,AWP,WE,Towers with Radar,0,2,24,0,26,0,0,151,0,151,0,2,175,0,177,418,0,418,595
05/21/2017,HWD,CA,AWP,WE,Towers with Radar,0,2,32,0,34,0,1,134,4,139,0,3,166,4,173,261,0,261,434
05/22/2017,HWD,CA,AWP,WE,Towers with Radar,0,2,15,0,17,0,2,114,3,119,0,4,129,3,136,169,0,169,305
05/23/2017,HWD,CA,AWP,WE,Towers with Radar,0,2,23,0,25,0,3,102,1,106,0,5,125,1,131,184,0,184,315
05/24/2017,HWD,CA,AWP,WE,Towers with Radar,0,6,37,0,43,0,0,77,1,78,0,6,114,1,121,224,0,224,345
05/25/2017,HWD,CA,AWP,WE,Towers with Radar,0,4,27,0,31,0,2,86,2,90,0,6,113,2,121,72,0,72,193
05/26/2017,HWD,CA,AWP,WE,Towers with Radar,0,2,36,0,38,0,0,77,1,78,0,2,113,1,116,97,0,97,213
05/27/2017,HWD,CA,AWP,WE,Towers with Radar,0,1,24,2,27,0,0,112,0,112,0,1,136,2,139,218,0,218,357
05/28/2017,HWD,CA,AWP,WE,Towers with Radar,0,2,17,0,19,0,0,33,0,33,0,2,50,0,52,0,0,0,52
05/29/2017,HWD,CA,AWP,WE,Towers with Radar,0,6,45,2,53,0,1,34,0,35,0,7,79,2,88,85,0,85,173
05/30/2017,HWD,CA,AWP,WE,Towers with Radar,0,1,26,1,28,0,0,51,0,51,0,1,77,1,79,60,0,60,139
05/31/2017,HWD,CA,AWP,WE,Towers with Radar,0,5,27,0,32,0,1,114,0,115,0,6,141,0,147,128,0,128,275
06/01/2017,HWD,CA,AWP,WE,Towers with Radar,0,4,46,1,51,0,0,55,1,56,0,4,101,2,107,162,0,162,269
06/02/2017,HWD,CA,AWP,WE,Towers with Radar,0,2,23,2,27,0,0,140,4,144,0,2,163,6,171,176,0,176,347
06/03/2017,HWD,CA,AWP,WE,Towers with Radar,0,0,18,0,18,0,0,117,2,119,0,0,135,2,137,227,0,227,364
06/04/2017,HWD,CA,AWP,WE,Towers with Radar,0,5,16,0,21,0,0,110,1,111,0,5,126,1,132,163,0,163,295
06/05/2017,HWD,CA,AWP,WE,Towers with Radar,0,2,21,0,23,0,0,107,3,110,0,2,128,3,133,232,0,232,365
06/06/2017,HWD,CA,AWP,WE,Towers with Radar,0,5,18,0,23,0,0,112,2,114,0,5,130,2,137,249,0,249,386
06/07/2017,HWD,CA,AWP,WE,Towers with Radar,0,5,27,0,32,0,4,87,0,91,0,9,114,0,123,208,0,208,331
06/08/2017,HWD,CA,AWP,WE,Towers with Radar,0,7,28,0,35,0,4,43,0,47,0,11,71,0,82,108,0,108,190
06/09/2017,HWD,CA,AWP,WE,Towers with Radar,0,1,27,0,28,0,2,78,1,81,0,3,105,1,109,205,0,205,314
06/10/2017,HWD,CA,AWP,WE,Towers with Radar,0,0,18,0,18,0,0,104,0,104,0,0,122,0,122,210,0,210,332
06/11/2017,HWD,CA,AWP,WE,Towers with Radar,0,1,16,0,17,0,2,48,0,50,0,3,64,0,67,72,0,72,139
06/12/2017,HWD,CA,AWP,WE,Towers with Radar,0,3,23,0,26,0,0,64,0,64,0,3,87,0,90,163,0,163,253
06/13/2017,HWD,CA,AWP,WE,Towers with Radar,0,5,31,2,38,0,1,107,1,109,0,6,138,3,147,157,0,157,304
06/14/2017,HWD,CA,AWP,WE,Towers with Radar,0,0,27,0,27,0,0,119,2,121,0,0,146,2,148,283,0,283,431
06/15/2017,HWD,CA,AWP,WE,Towers with Radar,0,2,31,0,33,0,2,122,2,126,0,4,153,2,159,210,0,210,369
06/16/2017,HWD,CA,AWP,WE,Towers with Radar,0,0,26,0,26,0,1,151,5,157,0,1,177,5,183,256,0,256,439
06/17/2017,HWD,CA,AWP,WE,Towers with Radar,0,1,22,0,23,0,1,96,0,97,0,2,118,0,120,214,0,214,334
06/18/2017,HWD,CA,AWP,WE,Towers with Radar,0,1,19,0,20,0,1,108,0,109,0,2,127,0,129,109,0,109,238
06/19/2017,HWD,CA,AWP,WE,Towers with Radar,0,3,27,0,30,0,1,120,2,123,0,4,147,2,153,330,0,330,483
06/20/2017,HWD,CA,AWP,WE,Towers with Radar,0,5,12,0,17,0,3,101,2,106,0,8,113,2,123,276,0,276,399
06/21/2017,HWD,CA,AWP,WE,Towers with Radar,0,4,23,1,28,0,2,110,3,115,0,6,133,4,143,186,0,186,329
06/22/2017,HWD,CA,AWP,WE,Towers with Radar,0,6,23,0,29,0,2,153,3,158,0,8,176,3,187,285,0,285,472
06/23/2017,HWD,CA,AWP,WE,Towers with Radar,0,2,20,0,22,0,0,131,0,131,0,2,151,0,153,299,0,299,452
06/24/2017,HWD,CA,AWP,WE,Towers with Radar,0,2,24,1,27,0,0,116,2,118,0,2,140,3,145,183,0,183,328
06/25/2017,HWD,CA,AWP,WE,Towers with Radar,0,3,36,0,39,0,3,83,0,86,0,6,119,0,125,160,0,160,285
06/26/2017,HWD,CA,AWP,WE,Towers with Radar,0,9,20,0,29,0,2,100,0,102,0,11,120,0,131,233,0,233,364
06/27/2017,HWD,CA,AWP,WE,Towers with Radar,0,1,32,0,33,0,0,76,0,76,0,1,108,0,109,231,0,231,340
06/28/2017,HWD,CA,AWP,WE,Towers with Radar,0,2,27,0,29,0,1,88,1,90,0,3,115,1,119,253,0,253,372
06/29/2017,HWD,CA,AWP,WE,Towers with Radar,0,5,35,0,40,0,0,110,0,110,0,5,145,0,150,196,0,196,346
06/30/2017,HWD,CA,AWP,WE,Towers with Radar,0,4,25,1,30,0,3,101,3,107,0,7,126,4,137,192,0,192,329
07/01/2017,HWD,CA,AWP,WE,Towers with Radar,0,2,22,0,24,0,0,74,2,76,0,2,96,2,100,101,0,101,201
07/02/2017,HWD,CA,AWP,WE,Towers with Radar,0,4,17,0,21,0,1,89,1,91,0,5,106,1,112,133,0,133,245
07/03/2017,HWD,CA,AWP,WE,Towers with Radar,0,2,14,0,16,0,2,118,0,120,0,4,132,0,136,187,0,187,323
07/04/2017,HWD,CA,AWP,WE,Towers with Radar,0,0,5,0,5,0,0,85,0,85,0,0,90,0,90,142,0,142,232
07/05/2017,HWD,CA,AWP,WE,Towers with Radar,0,4,34,0,38,0,1,123,0,124,0,5,157,0,162,109,0,109,271
07/06/2017,HWD,CA,AWP,WE,Towers with Radar,0,3,15,0,18,0,1,94,0,95,0,4,109,0,113,200,0,200,313
07/07/2017,HWD,CA,AWP,WE,Towers with Radar,0,3,16,0,19,0,0,144,2,146,0,3,160,2,165,130,0,130,295
07/08/2017,HWD,CA,AWP,WE,Towers with Radar,0,1,7,0,8,0,1,117,3,121,0,2,124,3,129,328,0,328,457
07/09/2017,HWD,CA,AWP,WE,Towers with Radar,0,3,20,0,23,0,1,114,2,117,0,4,134,2,140,193,0,193,333
07/10/2017,HWD,CA,AWP,WE,Towers with Radar,0,5,13,0,18,0,0,93,0,93,0,5,106,0,111,134,0,134,245
07/11/2017,HWD,CA,AWP,WE,Towers with Radar,0,3,11,0,14,0,1,120,0,121,0,4,131,0,135,133,0,133,268
07/12/2017,HWD,CA,AWP,WE,Towers with Radar,0,1,17,0,18,0,1,87,2,90,0,2,104,2,108,289,0,289,397
07/13/2017,HWD,CA,AWP,WE,Towers with Radar,0,0,27,0,27,0,3,123,0,126,0,3,150,0,153,198,0,198,351
07/14/2017,HWD,CA,AWP,WE,Towers with Radar,0,0,18,0,18,0,2,127,0,129,0,2,145,0,147,179,0,179,326
07/15/2017,HWD,CA,AWP,WE,Towers with Radar,0,0,18,0,18,0,0,99,2,101,0,0,117,2,119,193,0,193,312
07/16/2017,HWD,CA,AWP,WE,Towers with Radar,0,7,15,0,22,0,2,133,1,136,0,9,148,1,158,200,0,200,358
07/17/2017,HWD,CA,AWP,WE,Towers with Radar,0,2,23,0,25,0,1,108,0,109,0,3,131,0,134,186,0,186,320
07/18/2017,HWD,CA,AWP,WE,Towers with Radar,0,4,17,0,21,0,0,61,0,61,0,4,78,0,82,74,0,74,156
07/19/2017,HWD,CA,AWP,WE,Towers with Radar,0,2,26,0,28,0,2,102,0,104,0,4,128,0,132,128,0,128,260
07/20/2017,HWD,CA,AWP,WE,Towers with Radar,0,1,29,0,30,0,0,128,0,128,0,1,157,0,158,138,0,138,296
07/21/2017,HWD,CA,AWP,WE,Towers with Radar,0,6,21,0,27,0,1,129,0,130,0,7,150,0,157,177,0,177,334
07/22/2017,HWD,CA,AWP,WE,Towers with Radar,0,2,19,0,21,0,0,151,0,151,0,2,170,0,172,272,0,272,444
07/23/2017,HWD,CA,AWP,WE,Towers with Radar,0,4,12,0,16,0,0,151,1,152,0,4,163,1,168,195,0,195,363
07/24/2017,HWD,CA,AWP,WE,Towers with Radar,0,3,21,0,24,0,0,97,3,100,0,3,118,3,124,176,0,176,300
07/25/2017,HWD,CA,AWP,WE,Towers with Radar,0,2,24,0,26,0,0,70,0,70,0,2,94,0,96,182,0,182,278
07/26/2017,HWD,CA,AWP,WE,Towers with Radar,0,3,26,0,29,0,3,85,1,89,0,6,111,1,118,210,0,210,328
07/27/2017,HWD,CA,AWP,WE,Towers with Radar,0,2,18,0,20,0,0,83,0,83,0,2,101,0,103,164,0,164,267
07/28/2017,HWD,CA,AWP,WE,Towers with Radar,0,3,24,1,28,0,1,73,0,74,0,4,97,1,102,159,0,159,261
07/29/2017,HWD,CA,AWP,WE,Towers with Radar,0,3,17,1,21,0,1,119,2,122,0,4,136,3,143,265,0,265,408
07/30/2017,HWD,CA,AWP,WE,Towers with Radar,0,7,30,0,37,0,1,84,0,85,0,8,114,0,122,184,0,184,306
07/31/2017,HWD,CA,AWP,WE,Towers with Radar,0,4,27,0,31,0,1,116,4,121,0,5,143,4,152,195,0,195,347
08/01/2017,HWD,CA,AWP,WE,Towers with Radar,0,1,24,0,25,0,0,110,0,110,0,1,134,0,135,217,0,217,352
08/02/2017,HWD,CA,AWP,WE,Towers with Radar,0,2,25,0,27,0,0,112,0,112,0,2,137,0,139,138,0,138,277
08/03/2017,HWD,CA,AWP,WE,Towers with Radar,0,7,24,0,31,0,0,97,0,97,0,7,121,0,128,156,0,156,284
08/04/2017,HWD,CA,AWP,WE,Towers with Radar,0,3,20,1,24,0,2,86,1,89,0,5,106,2,113,210,0,210,323
08/05/2017,HWD,CA,AWP,WE,Towers with Radar,0,5,26,1,32,0,0,85,3,88,0,5,111,4,120,199,0,199,319
08/06/2017,HWD,CA,AWP,WE,Towers with Radar,0,5,26,0,31,0,1,105,0,106,0,6,131,0,137,165,0,165,302
08/07/2017,HWD,CA,AWP,WE,Towers with Radar,0,1,20,2,23,0,1,82,3,86,0,2,102,5,109,158,0,158,267
08/08/2017,HWD,CA,AWP,WE,Towers with Radar,0,3,24,2,29,0,1,98,0,99,0,4,122,2,128,160,0,160,288
08/09/2017,HWD,CA,AWP,WE,Towers with Radar,0,3,40,2,45,0,4,41,0,45,0,7,81,2,90,90,0,90,180
08/10/2017,HWD,CA,AWP,WE,Towers with Radar,0,4,33,0,37,0,1,57,0,58,0,5,90,0,95,103,0,103,198
08/11/2017,HWD,CA,AWP,WE,Towers with Radar,0,3,19,3,25,0,0,83,3,86,0,3,102,6,111,116,0,116,227
08/12/2017,HWD,CA,AWP,WE,Towers with Radar,0,1,27,3,31,0,0,79,2,81,0,1,106,5,112,178,0,178,290
08/13/2017,HWD,CA,AWP,WE,Towers with Radar,0,3,27,0,30,0,0,90,1,91,0,3,117,1,121,194,0,194,315
08/14/2017,HWD,CA,AWP,WE,Towers with Radar,0,2,46,2,50,0,0,34,0,34,0,2,80,2,84,114,0,114,198
08/15/2017,HWD,CA,AWP,WE,Towers with Radar,0,5,14,1,20,0,2,83,3,88,0,7,97,4,108,207,0,207,315
08/16/2017,HWD,CA,AWP,WE,Towers with Radar,0,3,36,1,40,0,0,100,1,101,0,3,136,2,141,287,0,287,428
08/17/2017,HWD,CA,AWP,WE,Towers with Radar,0,4,34,1,39,0,0,122,1,123,0,4,156,2,162,132,0,132,294
08/18/2017,HWD,CA,AWP,WE,Towers with Radar,0,4,31,0,35,0,0,144,1,145,0,4,175,1,180,199,0,199,379
08/19/2017,HWD,CA,AWP,WE,Towers with Radar,0,4,19,2,25,0,0,109,2,111,0,4,128,4,136,232,0,232,368
08/20/2017,HWD,CA,AWP,WE,Towers with Radar,0,2,25,0,27,0,0,146,2,148,0,2,171,2,175,123,0,123,298
08/21/2017,HWD,CA,AWP,WE,Towers with Radar,0,4,32,0,36,0,0,68,0,68,0,4,100,0,104,113,0,113,217
08/22/2017,HWD,CA,AWP,WE,Towers with Radar,0,1,24,0,25,0,0,93,0,93,0,1,117,0,118,104,0,104,222
08/23/2017,HWD,CA,AWP,WE,Towers with Radar,0,2,33,0,35,0,5,59,1,65,0,7,92,1,100,199,0,199,299
08/24/2017,HWD,CA,AWP,WE,Towers with Radar,0,8,22,0,30,0,0,87,1,88,0,8,109,1,118,97,0,97,215
08/25/2017,HWD,CA,AWP,WE,Towers with Radar,0,4,20,0,24,0,0,126,1,127,0,4,146,1,151,171,0,171,322
08/26/2017,HWD,CA,AWP,WE,Towers with Radar,0,0,14,1,15,0,2,180,1,183,0,2,194,2,198,254,0,254,452
08/27/2017,HWD,CA,AWP,WE,Towers with Radar,0,4,18,0,22,0,2,151,1,154,0,6,169,1,176,144,0,144,320
08/28/2017,HWD,CA,AWP,WE,Towers with Radar,0,4,24,0,28,0,1,90,1,92,0,5,114,1,120,209,0,209,329
08/29/2017,HWD,CA,AWP,WE,Towers with Radar,0,5,32,1,38,0,3,70,1,74,0,8,102,2,112,161,0,161,273
08/30/2017,HWD,CA,AWP,WE,Towers with Radar,0,3,26,0,29,0,1,100,3,104,0,4,126,3,133,200,0,200,333
08/31/2017,HWD,CA,AWP,WE,Towers with Radar,0,4,26,0,30,0,3,111,1,115,0,7,137,1,145,220,0,220,365
09/01/2017,HWD,CA,AWP,WE,Towers with Radar,0,6,29,1,36,0,1,111,3,115,0,7,140,4,151,121,0,121,272
09/02/2017,HWD,CA,AWP,WE,Towers with Radar,0,1,17,0,18,0,1,75,2,78,0,2,92,2,96,125,0,125,221
09/03/2017,HWD,CA,AWP,WE,Towers with Radar,0,0,16,0,16,0,0,50,0,50,0,0,66,0,66,77,0,77,143
09/04/2017,HWD,CA,AWP,WE,Towers with Radar,0,2,46,0,48,0,1,26,0,27,0,3,72,0,75,55,0,55,130
09/05/2017,HWD,CA,AWP,WE,Towers with Radar,0,1,13,0,14,0,0,129,0,129,0,1,142,0,143,181,0,181,324
09/06/2017,HWD,CA,AWP,WE,Towers with Radar,0,1,26,0,27,0,0,73,0,73,0,1,99,0,100,310,0,310,410
09/07/2017,HWD,CA,AWP,WE,Towers with Radar,0,2,26,0,28,0,1,67,2,70,0,3,93,2,98,126,0,126,224
09/08/2017,HWD,CA,AWP,WE,Towers with Radar,0,3,42,0,45,0,0,68,0,68,0,3,110,0,113,219,0,219,332
09/09/2017,HWD,CA,AWP,WE,Towers with Radar,1,4,20,0,25,0,0,91,2,93,1,4,111,2,118,266,0,266,384
09/10/2017,HWD,CA,AWP,WE,Towers with Radar,0,4,21,0,25,0,1,128,0,129,0,5,149,0,154,151,0,151,305
09/11/2017,HWD,CA,AWP,WE,Towers with Radar,0,5,16,0,21,0,0,81,1,82,0,5,97,1,103,210,0,210,313
09/12/2017,HWD,CA,AWP,WE,Towers with Radar,0,2,31,0,33,0,0,89,0,89,0,2,120,0,122,187,0,187,309
09/13/2017,HWD,CA,AWP,WE,Towers with Radar,0,6,23,0,29,0,2,82,0,84,0,8,105,0,113,253,0,253,366
09/14/2017,HWD,CA,AWP,WE,Towers with Radar,0,1,12,0,13,0,0,95,3,98,0,1,107,3,111,250,0,250,361
09/15/2017,HWD,CA,AWP,WE,Towers with Radar,0,3,23,0,26,0,0,86,2,88,0,3,109,2,114,221,0,221,335
09/16/2017,HWD,CA,AWP,WE,Towers with Radar,0,1,20,2,23,0,0,124,2,126,0,1,144,4,149,318,0,318,467
09/17/2017,HWD,CA,AWP,WE,Towers with Radar,0,1,20,0,21,0,0,103,4,107,0,1,123,4,128,209,0,209,337
09/18/2017,HWD,CA,AWP,WE,Towers with Radar,0,5,11,0,16,0,0,42,0,42,0,5,53,0,58,178,0,178,236
09/19/2017,HWD,CA,AWP,WE,Towers with Radar,0,5,16,0,21,0,1,112,0,113,0,6,128,0,134,179,0,179,313
09/20/2017,HWD,CA,AWP,WE,Towers with Radar,0,4,34,0,38,0,1,45,1,47,0,5,79,1,85,153,0,153,238
09/21/2017,HWD,CA,AWP,WE,Towers with Radar,0,2,19,0,21,0,0,88,0,88,0,2,107,0,109,157,0,157,266
09/22/2017,HWD,CA,AWP,WE,Towers with Radar,0,2,23,1,26,0,0,111,1,112,0,2,134,2,138,218,0,218,356
09/23/2017,HWD,CA,AWP,WE,Towers with Radar,0,1,16,0,17,0,0,129,1,130,0,1,145,1,147,142,0,142,289
09/24/2017,HWD,CA,AWP,WE,Towers with Radar,0,6,22,0,28,0,0,259,0,259,0,6,281,0,287,44,0,44,331
09/25/2017,HWD,CA,AWP,WE,Towers with Radar,0,4,16,0,20,0,0,101,1,102,0,4,117,1,122,173,0,173,295
09/26/2017,HWD,CA,AWP,WE,Towers with Radar,0,1,14,0,15,0,1,96,0,97,0,2,110,0,112,70,0,70,182
09/27/2017,HWD,CA,AWP,WE,Towers with Radar,0,5,20,0,25,0,2,107,2,111,0,7,127,2,136,192,0,192,328
09/28/2017,HWD,CA,AWP,WE,Towers with Radar,0,0,14,0,14,0,1,116,0,117,0,1,130,0,131,222,0,222,353
09/29/2017,HWD,CA,AWP,WE,Towers with Radar,0,2,31,1,34,0,1,91,0,92,0,3,122,1,126,267,0,267,393
09/30/2017,HWD,CA,AWP,WE,Towers with Radar,0,1,11,0,12,0,0,122,1,123,0,1,133,1,135,145,0,145,280
10/01/2017,HWD,CA,AWP,WE,Towers with Radar,0,1,13,0,14,0,2,99,0,101,0,3,112,0,115,140,0,140,255
10/02/2017,HWD,CA,AWP,WE,Towers with Radar,0,3,26,0,29,0,1,122,1,124,0,4,148,1,153,99,0,99,252
10/03/2017,HWD,CA,AWP,WE,Towers with Radar,0,0,15,0,15,0,0,86,1,87,0,0,101,1,102,168,0,168,270
10/04/2017,HWD,CA,AWP,WE,Towers with Radar,0,3,25,0,28,0,1,137,2,140,0,4,162,2,168,121,0,121,289
10/05/2017,HWD,CA,AWP,WE,Towers with Radar,0,3,17,0,20,0,1,103,0,104,0,4,120,0,124,166,0,166,290
10/06/2017,HWD,CA,AWP,WE,Towers with Radar,0,2,24,0,26,0,0,119,0,119,0,2,143,0,145,261,0,261,406
10/07/2017,HWD,CA,AWP,WE,Towers with Radar,0,2,12,0,14,0,0,102,2,104,0,2,114,2,118,219,0,219,337
10/08/2017,HWD,CA,AWP,WE,Towers with Radar,0,4,17,0,21,0,0,110,0,110,0,4,127,0,131,149,0,149,280
10/09/2017,HWD,CA,AWP,WE,Towers with Radar,0,3,13,0,16,0,0,81,0,81,0,3,94,0,97,76,0,76,173
10/10/2017,HWD,CA,AWP,WE,Towers with Radar,0,2,22,0,24,0,0,96,1,97,0,2,118,1,121,219,0,219,340
10/11/2017,HWD,CA,AWP,WE,Towers with Radar,0,3,26,0,29,0,0,43,1,44,0,3,69,1,73,132,0,132,205
10/12/2017,HWD,CA,AWP,WE,Towers with Radar,0,3,25,0,28,0,0,86,2,88,0,3,111,2,116,74,0,74,190
10/13/2017,HWD,CA,AWP,WE,Towers with Radar,0,5,22,1,28,0,1,130,0,131,0,6,152,1,159,204,0,204,363
10/14/2017,HWD,CA,AWP,WE,Towers with Radar,0,1,20,1,22,0,0,110,6,116,0,1,130,7,138,244,0,244,382
10/15/2017,HWD,CA,AWP,WE,Towers with Radar,0,2,28,0,30,0,0,133,0,133,0,2,161,0,163,133,0,133,296
10/16/2017,HWD,CA,AWP,WE,Towers with Radar,0,3,25,0,28,0,1,76,1,78,0,4,101,1,106,136,0,136,242
10/17/2017,HWD,CA,AWP,WE,Towers with Radar,0,0,19,0,19,0,0,85,2,87,0,0,104,2,106,355,0,355,461
10/18/2017,HWD,CA,AWP,WE,Towers with Radar,0,5,36,0,41,0,0,75,2,77,0,5,111,2,118,95,0,95,213
10/19/2017,HWD,CA,AWP,WE,Towers with Radar,0,4,41,0,45,0,0,59,0,59,0,4,100,0,104,189,0,189,293
10/20/2017,HWD,CA,AWP,WE,Towers with Radar,1,3,21,0,25,0,1,95,2,98,1,4,116,2,123,104,0,104,227
10/21/2017,HWD,CA,AWP,WE,Towers with Radar,0,1,10,1,12,0,3,112,3,118,0,4,122,4,130,145,0,145,275
10/22/2017,HWD,CA,AWP,WE,Towers with Radar,0,10,20,0,30,0,1,143,2,146,0,11,163,2,176,189,0,189,365
10/23/2017,HWD,CA,AWP,WE,Towers with Radar,0,2,9,0,11,0,0,85,0,85,0,2,94,0,96,106,0,106,202
10/24/2017,HWD,CA,AWP,WE,Towers with Radar,0,4,15,0,19,0,0,120,2,122,0,4,135,2,141,278,0,278,419
10/25/2017,HWD,CA,AWP,WE,Towers with Radar,0,1,17,0,18,0,3,90,0,93,0,4,107,0,111,138,0,138,249
10/26/2017,HWD,CA,AWP,WE,Towers with Radar,0,4,27,0,31,0,0,98,3,101,0,4,125,3,132,115,0,115,247
10/27/2017,HWD,CA,AWP,WE,Towers with Radar,0,0,28,0,28,0,1,102,0,103,0,1,130,0,131,110,0,110,241
10/28/2017,HWD,CA,AWP,WE,Towers with Radar,0,5,14,0,19,0,0,186,4,190,0,5,200,4,209,322,0,322,531
10/29/2017,HWD,CA,AWP,WE,Towers with Radar,0,0,33,0,33,0,1,41,0,42,0,1,74,0,75,29,0,29,104
10/30/2017,HWD,CA,AWP,WE,Towers with Radar,0,2,33,0,35,0,2,46,0,48,0,4,79,0,83,141,0,141,224
10/31/2017,HWD,CA,AWP,WE,Towers with Radar,0,3,28,0,31,0,0,71,0,71,0,3,99,0,102,45,0,45,147
11/01/2017,HWD,CA,AWP,WE,Towers with Radar,0,2,18,0,20,0,0,103,2,105,0,2,121,2,125,220,0,220,345
11/02/2017,HWD,CA,AWP,WE,Towers with Radar,0,6,40,0,46,0,1,107,3,111,0,7,147,3,157,122,0,122,279
11/03/2017,HWD,CA,AWP,WE,Towers with Radar,0,3,25,0,28,0,0,50,0,50,0,3,75,0,78,52,0,52,130
11/04/2017,HWD,CA,AWP,WE,Towers with Radar,0,1,16,0,17,0,0,35,2,37,0,1,51,2,54,93,0,93,147
11/05/2017,HWD,CA,AWP,WE,Towers with Radar,0,0,22,0,22,0,0,147,0,147,0,0,169,0,169,281,0,281,450
11/06/2017,HWD,CA,AWP,WE,Towers with Radar,0,0,19,0,19,0,0,111,0,111,0,0,130,0,130,108,0,108,238
11/07/2017,HWD,CA,AWP,WE,Towers with Radar,0,1,20,0,21,0,0,133,0,133,0,1,153,0,154,180,0,180,334
11/08/2017,HWD,CA,AWP,WE,Towers with Radar,0,2,32,0,34,0,0,86,0,86,0,2,118,0,120,199,0,199,319
11/09/2017,HWD,CA,AWP,WE,Towers with Radar,0,1,26,0,27,0,0,72,0,72,0,1,98,0,99,182,0,182,281
11/10/2017,HWD,CA,AWP,WE,Towers with Radar,0,2,28,0,30,0,1,69,3,73,0,3,97,3,103,209,0,209,312
11/11/2017,HWD,CA,AWP,WE,Towers with Radar,0,1,16,0,17,0,0,117,2,119,0,1,133,2,136,345,0,345,481
11/12/2017,HWD,CA,AWP,WE,Towers with Radar,1,1,30,0,32,0,0,140,0,140,1,1,170,0,172,248,0,248,420
11/13/2017,HWD,CA,AWP,WE,Towers with Radar,0,2,24,0,26,0,1,53,0,54,0,3,77,0,80,99,0,99,179
11/14/2017,HWD,CA,AWP,WE,Towers with Radar,0,2,22,0,24,0,3,105,3,111,0,5,127,3,135,101,0,101,236
11/15/2017,HWD,CA,AWP,WE,Towers with Radar,0,2,19,0,21,0,1,82,1,84,0,3,101,1,105,129,0,129,234
11/16/2017,HWD,CA,AWP,WE,Towers with Radar,0,3,21,0,24,0,0,0,0,0,0,3,21,0,24,0,0,0,24
11/17/2017,HWD,CA,AWP,WE,Towers with Radar,0,0,22,0,22,0,1,134,0,135,0,1,156,0,157,215,0,215,372
11/18/2017,HWD,CA,AWP,WE,Towers with Radar,0,2,25,0,27,0,0,193,2,195,0,2,218,2,222,228,0,228,450
11/19/2017,HWD,CA,AWP,WE,Towers with Radar,0,2,23,1,26,0,0,122,1,123,0,2,145,2,149,95,0,95,244
11/20/2017,HWD,CA,AWP,WE,Towers with Radar,0,6,16,2,24,0,0,59,4,63,0,6,75,6,87,74,0,74,161
11/21/2017,HWD,CA,AWP,WE,Towers with Radar,0,5,19,1,25,0,2,99,1,102,0,7,118,2,127,169,0,169,296
11/22/2017,HWD,CA,AWP,WE,Towers with Radar,0,4,43,0,47,0,1,104,4,109,0,5,147,4,156,160,0,160,316
11/23/2017,HWD,CA,AWP,WE,Towers with Radar,0,0,4,1,5,0,1,58,1,60,0,1,62,2,65,70,0,70,135
11/24/2017,HWD,CA,AWP,WE,Towers with Radar,0,1,19,2,22,0,0,92,0,92,0,1,111,2,114,183,0,183,297
11/25/2017,HWD,CA,AWP,WE,Towers with Radar,0,0,31,1,32,0,0,163,1,164,0,0,194,2,196,189,0,189,385
11/26/2017,HWD,CA,AWP,WE,Towers with Radar,0,4,30,0,34,0,0,13,4,17,0,4,43,4,51,62,0,62,113
11/27/2017,HWD,CA,AWP,WE,Towers with Radar,0,4,22,0,26,0,1,79,1,81,0,5,101,1,107,136,0,136,243
11/28/2017,HWD,CA,AWP,WE,Towers with Radar,0,2,19,1,22,0,3,109,0,112,0,5,128,1,134,91,0,91,225
11/29/2017,HWD,CA,AWP,WE,Towers with Radar,0,7,25,0,32,0,1,110,2,113,0,8,135,2,145,152,0,152,297
11/30/2017,HWD,CA,AWP,WE,Towers with Radar,0,2,16,0,18,0,2,103,2,107,0,4,119,2,125,142,0,142,267
12/01/2017,HWD,CA,AWP,WE,Towers with Radar,0,2,17,0,19,0,1,118,4,123,0,3,135,4,142,169,0,169,311
12/02/2017,HWD,CA,AWP,WE,Towers with Radar,0,3,13,1,17,0,3,122,1,126,0,6,135,2,143,262,0,262,405
12/03/2017,HWD,CA,AWP,WE,Towers with Radar,0,4,13,0,17,0,0,78,0,78,0,4,91,0,95,277,0,277,372
12/04/2017,HWD,CA,AWP,WE,Towers with Radar,0,5,19,0,24,0,0,61,1,62,0,5,80,1,86,31,0,31,117
12/05/2017,HWD,CA,AWP,WE,Towers with Radar,0,1,20,1,22,0,2,73,0,75,0,3,93,1,97,116,0,116,213
12/06/2017,HWD,CA,AWP,WE,Towers with Radar,0,0,39,0,39,0,1,112,0,113,0,1,151,0,152,162,0,162,314
12/07/2017,HWD,CA,AWP,WE,Towers with Radar,0,1,23,0,24,0,4,84,0,88,0,5,107,0,112,168,0,168,280
12/08/2017,HWD,CA,AWP,WE,Towers with Radar,0,1,15,0,16,0,5,129,3,137,0,6,144,3,153,160,0,160,313
12/09/2017,HWD,CA,AWP,WE,Towers with Radar,0,4,11,0,15,0,1,149,5,155,0,5,160,5,170,239,0,239,409
12/10/2017,HWD,CA,AWP,WE,Towers with Radar,0,6,18,0,24,0,0,95,1,96,0,6,113,1,120,204,0,204,324
12/11/2017,HWD,CA,AWP,WE,Towers with Radar,0,3,30,0,33,0,2,89,0,91,0,5,119,0,124,95,0,95,219
12/12/2017,HWD,CA,AWP,WE,Towers with Radar,0,1,9,0,10,0,2,89,2,93,0,3,98,2,103,117,0,117,220
12/13/2017,HWD,CA,AWP,WE,Towers with Radar,0,5,22,2,29,0,2,102,1,105,0,7,124,3,134,94,0,94,228
12/14/2017,HWD,CA,AWP,WE,Towers with Radar,0,3,20,0,23,0,1,101,3,105,0,4,121,3,128,192,0,192,320
12/15/2017,HWD,CA,AWP,WE,Towers with Radar,0,2,12,0,14,0,1,101,0,102,0,3,113,0,116,122,0,122,238
12/16/2017,HWD,CA,AWP,WE,Towers with Radar,0,6,21,0,27,0,0,38,0,38,0,6,59,0,65,90,0,90,155
12/17/2017,HWD,CA,AWP,WE,Towers with Radar,0,0,20,0,20,0,1,120,1,122,0,1,140,1,142,186,0,186,328
12/18/2017,HWD,CA,AWP,WE,Towers with Radar,0,1,24,0,25,0,3,105,2,110,0,4,129,2,135,135,0,135,270
12/19/2017,HWD,CA,AWP,WE,Towers with Radar,0,3,21,0,24,0,1,101,2,104,0,4,122,2,128,170,0,170,298
12/20/2017,HWD,CA,AWP,WE,Towers with Radar,0,1,21,0,22,0,2,101,0,103,0,3,122,0,125,138,0,138,263
12/21/2017,HWD,CA,AWP,WE,Towers with Radar,0,0,19,0,19,0,1,93,0,94,0,1,112,0,113,164,0,164,277
12/22/2017,HWD,CA,AWP,WE,Towers with Radar,0,0,13,0,13,0,1,106,1,108,0,1,119,1,121,318,0,318,439
12/23/2017,HWD,CA,AWP,WE,Towers with Radar,0,1,15,0,16,0,2,72,0,74,0,3,87,0,90,230,0,230,320
12/24/2017,HWD,CA,AWP,WE,Towers with Radar,0,2,12,0,14,0,0,42,0,42,0,2,54,0,56,135,0,135,191
12/25/2017,HWD,CA,AWP,WE,Towers with Radar,0,0,3,0,3,0,0,37,0,37,0,0,40,0,40,84,0,84,124
12/26/2017,HWD,CA,AWP,WE,Towers with Radar,0,0,15,0,15,0,1,101,1,103,0,1,116,1,118,191,0,191,309
12/27/2017,HWD,CA,AWP,WE,Towers with Radar,0,1,21,0,22,0,0,83,0,83,0,1,104,0,105,170,0,170,275
12/28/2017,HWD,CA,AWP,WE,Towers with Radar,0,1,16,0,17,0,1,112,0,113,0,2,128,0,130,124,0,124,254
12/29/2017,HWD,CA,AWP,WE,Towers with Radar,0,0,17,0,17,0,2,92,2,96,0,2,109,2,113,165,0,165,278
12/30/2017,HWD,CA,AWP,WE,Towers with Radar,0,0,11,0,11,0,3,72,0,75,0,3,83,0,86,218,0,218,304
12/31/2017,HWD,CA,AWP,WE,Towers with Radar,0,0,15,0,15,0,0,55,4,59,0,0,70,4,74,233,0,233,307
01/01/2018,HWD,CA,AWP,WE,Towers with Radar,0,0,11,0,11,0,0,54,2,56,0,0,65,2,67,158,0,158,225
01/02/2018,HWD,CA,AWP,WE,Towers with Radar,0,3,22,0,25,0,0,96,0,96,0,3,118,0,121,171,0,171,292
01/03/2018,HWD,CA,AWP,WE,Towers with Radar,0,1,31,0,32,0,0,50,1,51,0,1,81,1,83,65,0,65,148
01/04/2018,HWD,CA,AWP,WE,Towers with Radar,0,4,18,0,22,0,0,72,0,72,0,4,90,0,94,178,0,178,272
01/05/2018,HWD,CA,AWP,WE,Towers with Radar,0,3,37,0,40,0,0,17,0,17,0,3,54,0,57,70,0,70,127
01/06/2018,HWD,CA,AWP,WE,Towers with Radar,0,1,18,0,19,0,0,120,0,120,0,1,138,0,139,171,0,171,310
01/07/2018,HWD,CA,AWP,WE,Towers with Radar,0,7,15,0,22,0,0,36,0,36,0,7,51,0,58,135,0,135,193
01/08/2018,HWD,CA,AWP,WE,Towers with Radar,0,1,13,0,14,0,0,1,0,1,0,1,14,0,15,12,0,12,27
01/09/2018,HWD,CA,AWP,WE,Towers with Radar,0,0,31,3,34,0,0,11,1,12,0,0,42,4,46,52,0,52,98
01/10/2018,HWD,CA,AWP,WE,Towers with Radar,0,1,31,0,32,0,0,65,1,66,0,1,96,1,98,171,0,171,269
01/11/2018,HWD,CA,AWP,WE,Towers with Radar,0,0,33,0,33,0,0,95,0,95,0,0,128,0,128,193,0,193,321
01/12/2018,HWD,CA,AWP,WE,Towers with Radar,0,9,37,0,46,0,2,53,0,55,0,11,90,0,101,33,0,33,134
01/13/2018,HWD,CA,AWP,WE,Towers with Radar,0,1,24,0,25,0,8,104,1,113,0,9,128,1,138,229,0,229,367
01/14/2018,HWD,CA,AWP,WE,Towers with Radar,0,1,13,0,14,0,2,71,0,73,0,3,84,0,87,143,0,143,230
01/15/2018,HWD,CA,AWP,WE,Towers with Radar,0,6,31,0,37,0,2,84,0,86,0,8,115,0,123,227,0,227,350
01/16/2018,HWD,CA,AWP,WE,Towers with Radar,0,5,31,0,36,0,2,54,0,56,0,7,85,0,92,194,0,194,286
01/17/2018,HWD,CA,AWP,WE,Towers with Radar,0,1,41,0,42,0,1,58,0,59,0,2,99,0,101,116,0,116,217
01/18/2018,HWD,CA,AWP,WE,Towers with Radar,0,2,24,0,26,0,0,13,0,13,0,2,37,0,39,46,0,46,85
01/19/2018,HWD,CA,AWP,WE,Towers with Radar,0,1,14,0,15,0,0,87,0,87,0,1,101,0,102,206,0,206,308
01/20/2018,HWD,CA,AWP,WE,Towers with Radar,0,1,18,0,19,0,0,154,4,158,0,1,172,4,177,275,0,275,452
01/21/2018,HWD,CA,AWP,WE,Towers with Radar,0,1,21,0,22,0,1,88,0,89,0,2,109,0,111,257,0,257,368
01/22/2018,HWD,CA,AWP,WE,Towers with Radar,0,1,21,0,22,0,1,25,0,26,0,2,46,0,48,38,0,38,86
01/23/2018,HWD,CA,AWP,WE,Towers with Radar,0,1,25,0,26,0,1,94,1,96,0,2,119,1,122,232,0,232,354
01/24/2018,HWD,CA,AWP,WE,Towers with Radar,0,2,17,0,19,0,2,39,0,41,0,4,56,0,60,78,0,78,138
01/25/2018,HWD,CA,AWP,WE,Towers with Radar,0,3,10,0,13,0,0,43,0,43,0,3,53,0,56,237,0,237,293
01/26/2018,HWD,CA,AWP,WE,Towers with Radar,0,2,20,0,22,0,2,104,0,106,0,4,124,0,128,287,0,287,415
01/27/2018,HWD,CA,AWP,WE,Towers with Radar,0,1,21,3,25,0,0,174,3,177,0,1,195,6,202,191,0,191,393
01/28/2018,HWD,CA,AWP,WE,Towers with Radar,0,4,19,0,23,0,3,130,0,133,0,7,149,0,156,150,0,150,306
01/29/2018,HWD,CA,AWP,WE,Towers with Radar,0,2,19,0,21,0,2,119,1,122,0,4,138,1,143,242,0,242,385
01/30/2018,HWD,CA,AWP,WE,Towers with Radar,0,4,24,1,29,0,0,116,1,117,0,4,140,2,146,262,0,262,408
01/31/2018,HWD,CA,AWP,WE,Towers with Radar,0,2,32,0,34,0,0,152,1,153,0,2,184,1,187,295,0,295,482
02/01/2018,HWD,CA,AWP,WE,Towers with Radar,0,3,21,0,24,0,0,133,0,133,0,3,154,0,157,192,0,192,349
02/02/2018,HWD,CA,AWP,WE,Towers with Radar,0,7,26,0,33,0,2,132,0,134,0,9,158,0,167,275,0,275,442
02/03/2018,HWD,CA,AWP,WE,Towers with Radar,0,1,12,0,13,0,1,116,2,119,0,2,128,2,132,127,0,127,259
02/04/2018,HWD,CA,AWP,WE,Towers with Radar,0,1,24,0,25,0,1,136,0,137,0,2,160,0,162,195,0,195,357
02/05/2018,HWD,CA,AWP,WE,Towers with Radar,0,3,22,0,25,0,1,111,0,112,0,4,133,0,137,232,0,232,369
02/06/2018,HWD,CA,AWP,WE,Towers with Radar,0,0,25,0,25,0,0,117,0,117,0,0,142,0,142,165,0,165,307
02/07/2018,HWD,CA,AWP,WE,Towers with Radar,0,1,20,0,21,0,1,136,0,137,0,2,156,0,158,247,0,247,405
02/08/2018,HWD,CA,AWP,WE,Towers with Radar,0,0,21,0,21,0,0,130,0,130,0,0,151,0,151,144,0,144,295
02/09/2018,HWD,CA,AWP,WE,Towers with Radar,0,1,43,0,44,0,4,125,2,131,0,5,168,2,175,126,0,126,301
02/10/2018,HWD,CA,AWP,WE,Towers with Radar,0,1,20,0,21,0,0,122,2,124,0,1,142,2,145,237,0,237,382
02/11/2018,HWD,CA,AWP,WE,Towers with Radar,0,2,23,0,25,0,0,87,0,87,0,2,110,0,112,109,0,109,221
02/12/2018,HWD,CA,AWP,WE,Towers with Radar,0,1,10,0,11,0,0,92,1,93,0,1,102,1,104,136,0,136,240
02/13/2018,HWD,CA,AWP,WE,Towers with Radar,0,4,23,0,27,0,0,125,0,125,0,4,148,0,152,171,0,171,323
02/14/2018,HWD,CA,AWP,WE,Towers with Radar,0,4,27,1,32,0,0,106,2,108,0,4,133,3,140,204,9,213,353
02/15/2018,HWD,CA,AWP,WE,Towers with Radar,0,5,17,0,22,0,0,103,0,103,0,5,120,0,125,122,0,122,247
02/16/2018,HWD,CA,AWP,WE,Towers with Radar,0,3,34,0,37,0,0,152,5,157,0,3,186,5,194,214,0,214,408
02/17/2018,HWD,CA,AWP,WE,Towers with Radar,0,0,26,2,28,0,1,184,4,189,0,1,210,6,217,284,0,284,501
02/18/2018,HWD,CA,AWP,WE,Towers with Radar,0,1,12,0,13,0,0,64,2,66,0,1,76,2,79,138,0,138,217
02/19/2018,HWD,CA,AWP,WE,Towers with Radar,0,1,24,0,25,0,0,74,1,75,0,1,98,1,100,188,0,188,288
02/20/2018,HWD,CA,AWP,WE,Towers with Radar,0,7,22,0,29,0,2,99,0,101,0,9,121,0,130,142,0,142,272
02/21/2018,HWD,CA,AWP,WE,Towers with Radar,0,5,29,1,35,0,1,93,0,94,0,6,122,1,129,83,0,83,212
02/22/2018,HWD,CA,AWP,WE,Towers with Radar,0,5,18,0,23,0,0,72,0,72,0,5,90,0,95,121,0,121,216
02/23/2018,HWD,CA,AWP,WE,Towers with Radar,0,4,21,0,25,0,3,114,0,117,0,7,135,0,142,194,0,194,336
02/24/2018,HWD,CA,AWP,WE,Towers with Radar,0,2,15,0,17,0,1,122,2,125,0,3,137,2,142,187,0,187,329
02/25/2018,HWD,CA,AWP,WE,Towers with Radar,0,5,40,0,45,0,0,110,2,112,0,5,150,2,157,184,0,184,341
02/26/2018,HWD,CA,AWP,WE,Towers with Radar,0,4,32,1,37,0,0,38,0,38,0,4,70,1,75,40,0,40,115
02/27/2018,HWD,CA,AWP,WE,Towers with Radar,0,2,36,2,40,0,2,108,2,112,0,4,144,4,152,253,4,257,409
02/28/2018,HWD,CA,AWP,WE,Towers with Radar,0,5,16,0,21,0,0,65,2,67,0,5,81,2,88,125,0,125,213
03/01/2018,HWD,CA,AWP,WE,Towers with Radar,0,4,18,0,22,0,0,12,0,12,0,4,30,0,34,16,0,16,50
03/02/2018,HWD,CA,AWP,WE,Towers with Radar,0,5,17,0,22,0,1,38,0,39,0,6,55,0,61,56,0,56,117
03/03/2018,HWD,CA,AWP,WE,Towers with Radar,0,3,7,0,10,0,0,31,0,31,0,3,38,0,41,261,0,261,302
03/04/2018,HWD,CA,AWP,WE,Towers with Radar,0,3,26,0,29,0,0,121,0,121,0,3,147,0,150,223,0,223,373
03/05/2018,HWD,CA,AWP,WE,Towers with Radar,0,1,22,0,23,0,2,110,1,113,0,3,132,1,136,84,0,84,220
03/06/2018,HWD,CA,AWP,WE,Towers with Radar,0,1,28,0,29,0,0,119,0,119,0,1,147,0,148,127,0,127,275
03/07/2018,HWD,CA,AWP,WE,Towers with Radar,0,1,21,0,22,0,0,119,2,121,0,1,140,2,143,196,0,196,339
03/08/2018,HWD,CA,AWP,WE,Towers with Radar,0,1,27,0,28,0,2,72,2,76,0,3,99,2,104,234,0,234,338
03/09/2018,HWD,CA,AWP,WE,Towers with Radar,0,2,32,1,35,0,0,81,1,82,0,2,113,2,117,244,0,244,361
03/10/2018,HWD,CA,AWP,WE,Towers with Radar,0,0,16,0,16,0,0,70,2,72,0,0,86,2,88,208,0,208,296
03/11/2018,HWD,CA,AWP,WE,Towers with Radar,0,1,33,0,34,0,1,104,2,107,0,2,137,2,141,139,0,139,280
03/12/2018,HWD,CA,AWP,WE,Towers with Radar,0,9,16,0,25,0,0,84,4,88,0,9,100,4,113,94,0,94,207
03/13/2018,HWD,CA,AWP,WE,Towers with Radar,0,4,11,0,15,0,1,21,0,22,0,5,32,0,37,76,0,76,113
03/14/2018,HWD,CA,AWP,WE,Towers with Radar,0,7,23,0,30,0,0,47,2,49,0,7,70,2,79,108,0,108,187
03/15/2018,HWD,CA,AWP,WE,Towers with Radar,0,6,25,0,31,0,0,61,4,65,0,6,86,4,96,75,18,93,189
03/16/2018,HWD,CA,AWP,WE,Towers with Radar,0,5,15,0,20,0,0,38,3,41,0,5,53,3,61,106,0,106,167
03/17/2018,HWD,CA,AWP,WE,Towers with Radar,0,4,11,0,15,0,0,60,3,63,0,4,71,3,78,194,0,194,272
03/18/2018,HWD,CA,AWP,WE,Towers with Radar,0,1,29,0,30,0,1,129,0,130,0,2,158,0,160,174,0,174,334
03/19/2018,HWD,CA,AWP,WE,Towers with Radar,0,3,33,0,36,0,0,125,0,125,0,3,158,0,161,109,0,109,270
03/20/2018,HWD,CA,AWP,WE,Towers with Radar,0,0,32,0,32,0,0,23,1,24,0,0,55,1,56,21,0,21,77
03/21/2018,HWD,CA,AWP,WE,Towers with Radar,0,2,24,0,26,0,0,35,0,35,0,2,59,0,61,105,0,105,166
03/22/2018,HWD,CA,AWP,WE,Towers with Radar,0,6,19,0,25,0,0,30,0,30,0,6,49,0,55,116,0,116,171
03/23/2018,HWD,CA,AWP,WE,Towers with Radar,0,3,37,0,40,0,1,119,1,121,0,4,156,1,161,182,0,182,343
03/24/2018,HWD,CA,AWP,WE,Towers with Radar,0,0,32,0,32,0,0,88,2,90,0,0,120,2,122,153,0,153,275
03/25/2018,HWD,CA,AWP,WE,Towers with Radar,0,6,33,0,39,0,3,107,0,110,0,9,140,0,149,236,0,236,385
03/26/2018,HWD,CA,AWP,WE,Towers with Radar,0,4,28,0,32,0,0,110,0,110,0,4,138,0,142,158,0,158,300
03/27/2018,HWD,CA,AWP,WE,Towers with Radar,0,1,22,0,23,0,0,112,0,112,0,1,134,0,135,257,0,257,392
03/28/2018,HWD,CA,AWP,WE,Towers with Radar,0,2,22,0,24,0,2,155,0,157,0,4,177,0,181,271,0,271,452
03/29/2018,HWD,CA,AWP,WE,Towers with Radar,0,1,31,0,32,0,1,126,0,127,0,2,157,0,159,260,0,260,419
03/30/2018,HWD,CA,AWP,WE,Towers with Radar,0,5,24,0,29,0,3,130,0,133,0,8,154,0,162,234,0,234,396
03/31/2018,HWD,CA,AWP,WE,Towers with Radar,0,1,13,1,15,0,4,132,5,141,0,5,145,6,156,312,0,312,468
04/01/2018,HWD,CA,AWP,WE,Towers with Radar,0,1,24,0,25,0,0,69,0,69,0,1,93,0,94,215,0,215,309
04/02/2018,HWD,CA,AWP,WE,Towers with Radar,0,3,18,0,21,0,1,90,0,91,0,4,108,0,112,180,0,180,292
04/03/2018,HWD,CA,AWP,WE,Towers with Radar,0,3,27,0,30,0,2,114,0,116,0,5,141,0,146,155,0,155,301
04/04/2018,HWD,CA,AWP,WE,Towers with Radar,0,3,32,0,35,0,0,125,0,125,0,3,157,0,160,274,0,274,434
04/05/2018,HWD,CA,AWP,WE,Towers with Radar,0,3,22,0,25,0,1,126,1,128,0,4,148,1,153,309,0,309,462
04/06/2018,HWD,CA,AWP,WE,Towers with Radar,0,1,17,0,18,0,0,2,0,2,0,1,19,0,20,0,0,0,20
04/07/2018,HWD,CA,AWP,WE,Towers with Radar,0,2,25,0,27,0,0,42,15,57,0,2,67,15,84,191,10,201,285
04/08/2018,HWD,CA,AWP,WE,Towers with Radar,0,1,30,0,31,0,0,160,5,165,0,1,190,5,196,173,0,173,369
04/09/2018,HWD,CA,AWP,WE,Towers with Radar,0,2,23,0,25,0,0,95,1,96,0,2,118,1,121,247,0,247,368
04/10/2018,HWD,CA,AWP,WE,Towers with Radar,0,5,29,0,34,0,0,54,0,54,0,5,83,0,88,222,0,222,310
04/11/2018,HWD,CA,AWP,WE,Towers with Radar,0,2,20,0,22,0,0,70,0,70,0,2,90,0,92,178,0,178,270
04/12/2018,HWD,CA,AWP,WE,Towers with Radar,0,2,23,0,25,0,1,97,1,99,0,3,120,1,124,325,0,325,449
04/13/2018,HWD,CA,AWP,WE,Towers with Radar,0,4,26,0,30,0,2,146,0,148,0,6,172,0,178,338,0,338,516
04/14/2018,HWD,CA,AWP,WE,Towers with Radar,1,1,23,0,25,0,0,144,2,146,1,1,167,2,171,244,0,244,415
04/15/2018,HWD,CA,AWP,WE,Towers with Radar,0,1,22,0,23,0,1,69,0,70,0,2,91,0,93,138,0,138,231
04/16/2018,HWD,CA,AWP,WE,Towers with Radar,0,1,20,0,21,0,0,46,1,47,0,1,66,1,68,83,0,83,151
04/17/2018,HWD,CA,AWP,WE,Towers with Radar,0,2,21,0,23,0,1,131,1,133,0,3,152,1,156,320,0,320,476
04/18/2018,HWD,CA,AWP,WE,Towers with Radar,0,2,25,1,28,0,1,102,2,105,0,3,127,3,133,338,0,338,471
04/19/2018,HWD,CA,AWP,WE,Towers with Radar,0,3,23,0,26,0,1,120,0,121,0,4,143,0,147,242,0,242,389
04/20/2018,HWD,CA,AWP,WE,Towers with Radar,0,4,16,0,20,0,1,138,3,142,0,5,154,3,162,326,0,326,488
04/21/2018,HWD,CA,AWP,WE,Towers with Radar,0,0,18,0,18,0,0,125,1,126,0,0,143,1,144,325,0,325,469
04/22/2018,HWD,CA,AWP,WE,Towers with Radar,0,1,27,0,28,0,2,122,3,127,0,3,149,3,155,215,0,215,370
04/23/2018,HWD,CA,AWP,WE,Towers with Radar,0,0,16,0,16,0,1,106,2,109,0,1,122,2,125,210,0,210,335
04/24/2018,HWD,CA,AWP,WE,Towers with Radar,0,2,21,0,23,0,0,67,1,68,0,2,88,1,91,126,0,126,217
04/25/2018,HWD,CA,AWP,WE,Towers with Radar,0,2,22,1,25,0,1,121,1,123,0,3,143,2,148,249,0,249,397
04/26/2018,HWD,CA,AWP,WE,Towers with Radar,0,3,26,0,29,0,0,102,2,104,0,3,128,2,133,125,0,125,258
04/27/2018,HWD,CA,AWP,WE,Towers with Radar,0,5,17,0,22,0,3,106,1,110,0,8,123,1,132,308,0,308,440
04/28/2018,HWD,CA,AWP,WE,Towers with Radar,0,0,28,2,30,0,2,124,3,129,0,2,152,5,159,198,0,198,357
04/29/2018,HWD,CA,AWP,WE,Towers with Radar,0,7,29,0,36,0,0,99,0,99,0,7,128,0,135,167,0,167,302
04/30/2018,HWD,CA,AWP,WE,Towers with Radar,0,3,36,0,39,0,0,83,4,87,0,3,119,4,126,208,0,208,334
05/01/2018,HWD,CA,AWP,WE,Towers with Radar,0,1,29,0,30,0,1,121,2,124,0,2,150,2,154,228,0,228,382
05/02/2018,HWD,CA,AWP,WE,Towers with Radar,0,4,23,0,27,0,0,118,0,118,0,4,141,0,145,313,0,313,458
05/03/2018,HWD,CA,AWP,WE,Towers with Radar,0,1,35,1,37,0,0,75,1,76,0,1,110,2,113,270,0,270,383
05/04/2018,HWD,CA,AWP,WE,Towers with Radar,0,2,22,0,24,0,4,131,0,135,0,6,153,0,159,419,0,419,578
05/05/2018,HWD,CA,AWP,WE,Towers with Radar,0,0,12,2,14,0,0,110,0,110,0,0,122,2,124,301,0,301,425
05/06/2018,HWD,CA,AWP,WE,Towers with Radar,0,3,31,0,34,0,2,109,1,112,0,5,140,1,146,345,0,345,491
05/07/2018,HWD,CA,AWP,WE,Towers with Radar,0,0,15,0,15,0,0,122,0,122,0,0,137,0,137,327,0,327,464
05/08/2018,HWD,CA,AWP,WE,Towers with Radar,0,1,22,0,23,0,0,107,1,108,0,1,129,1,131,148,0,148,279
05/09/2018,HWD,CA,AWP,WE,Towers with Radar,0,5,27,0,32,0,0,73,0,73,0,5,100,0,105,178,0,178,283
05/10/2018,HWD,CA,AWP,WE,Towers with Radar,0,2,25,0,27,0,2,137,0,139,0,4,162,0,166,337,0,337,503
05/11/2018,HWD,CA,AWP,WE,Towers with Radar,0,3,13,0,16,0,0,131,0,131,0,3,144,0,147,295,0,295,442
05/12/2018,HWD,CA,AWP,WE,Towers with Radar,0,1,27,0,28,0,1,135,3,139,0,2,162,3,167,274,0,274,441
05/13/2018,HWD,CA,AWP,WE,Towers with Radar,0,1,18,0,19,0,2,123,0,125,0,3,141,0,144,322,0,322,466
05/14/2018,HWD,CA,AWP,WE,Towers with Radar,0,1,28,0,29,0,0,86,2,88,0,1,114,2,117,270,0,270,387
05/15/2018,HWD,CA,AWP,WE,Towers with Radar,0,2,26,0,28,0,0,112,0,112,0,2,138,0,140,380,0,380,520
05/16/2018,HWD,CA,AWP,WE,Towers with Radar,0,2,33,0,35,0,1,93,2,96,0,3,126,2,131,394,0,394,525
05/17/2018,HWD,CA,AWP,WE,Towers with Radar,0,1,28,0,29,0,0,105,0,105,0,1,133,0,134,242,0,242,376
05/18/2018,HWD,CA,AWP,WE,Towers with Radar,0,2,43,0,45,0,0,61,0,61,0,2,104,0,106,226,0,226,332
05/19/2018,HWD,CA,AWP,WE,Towers with Radar,0,7,35,0,42,0,0,92,2,94,0,7,127,2,136,142,0,142,278
05/20/2018,HWD,CA,AWP,WE,Towers with Radar,0,7,29,0,36,0,0,86,2,88,0,7,115,2,124,81,0,81,205
05/21/2018,HWD,CA,AWP,WE,Towers with Radar,0,1,21,0,22,0,0,93,3,96,0,1,114,3,118,139,0,139,257
05/22/2018,HWD,CA,AWP,WE,Towers with Radar,0,1,25,0,26,0,0,42,0,42,0,1,67,0,68,269,0,269,337
05/23/2018,HWD,CA,AWP,WE,Towers with Radar,0,2,38,0,40,0,0,87,2,89,0,2,125,2,129,436,0,436,565
05/24/2018,HWD,CA,AWP,WE,Towers with Radar,0,3,25,0,28,0,1,89,1,91,0,4,114,1,119,368,0,368,487
05/25/2018,HWD,CA,AWP,WE,Towers with Radar,0,2,36,0,38,0,0,67,0,67,0,2,103,0,105,194,0,194,299
05/26/2018,HWD,CA,AWP,WE,Towers with Radar,0,0,34,1,35,0,0,62,0,62,0,0,96,1,97,228,0,228,325
05/27/2018,HWD,CA,AWP,WE,Towers with Radar,0,2,9,1,12,0,1,115,0,116,0,3,124,1,128,266,0,266,394
05/28/2018,HWD,CA,AWP,WE,Towers with Radar,0,1,24,0,25,0,0,137,1,138,0,1,161,1,163,241,0,241,404
05/29/2018,HWD,CA,AWP,WE,Towers with Radar,0,1,21,0,22,0,1,107,0,108,0,2,128,0,130,216,0,216,346
05/30/2018,HWD,CA,AWP,WE,Towers with Radar,0,0,43,0,43,0,1,75,0,76,0,1,118,0,119,174,0,174,293
05/31/2018,HWD,CA,AWP,WE,Towers with Radar,0,1,24,0,25,0,1,94,0,95,0,2,118,0,120,204,0,204,324
06/01/2018,HWD,CA,AWP,WE,Towers with Radar,0,0,21,0,21,0,0,138,3,141,0,0,159,3,162,222,0,222,384
06/02/2018,HWD,CA,AWP,WE,Towers with Radar,0,0,15,0,15,0,3,150,1,154,0,3,165,1,169,240,0,240,409
06/03/2018,HWD,CA,AWP,WE,Towers with Radar,0,2,20,0,22,0,1,117,2,120,0,3,137,2,142,220,0,220,362
06/04/2018,HWD,CA,AWP,WE,Towers with Radar,0,4,19,0,23,0,1,111,0,112,0,5,130,0,135,166,0,166,301
06/05/2018,HWD,CA,AWP,WE,Towers with Radar,0,1,22,0,23,0,0,130,2,132,0,1,152,2,155,208,0,208,363
06/06/2018,HWD,CA,AWP,WE,Towers with Radar,1,4,48,0,53,0,0,91,3,94,1,4,139,3,147,103,0,103,250
06/07/2018,HWD,CA,AWP,WE,Towers with Radar,0,2,34,0,36,0,2,128,1,131,0,4,162,1,167,167,0,167,334
06/08/2018,HWD,CA,AWP,WE,Towers with Radar,0,3,20,0,23,0,0,132,2,134,0,3,152,2,157,272,0,272,429
06/09/2018,HWD,CA,AWP,WE,Towers with Radar,0,8,21,0,29,0,2,71,3,76,0,10,92,3,105,202,0,202,307
06/10/2018,HWD,CA,AWP,WE,Towers with Radar,0,1,30,0,31,0,0,136,0,136,0,1,166,0,167,164,0,164,331
06/11/2018,HWD,CA,AWP,WE,Towers with Radar,0,0,11,0,11,0,0,114,0,114,0,0,125,0,125,92,0,92,217
06/12/2018,HWD,CA,AWP,WE,Towers with Radar,0,0,24,0,24,0,2,123,4,129,0,2,147,4,153,152,0,152,305
06/13/2018,HWD,CA,AWP,WE,Towers with Radar,0,1,13,0,14,0,1,137,2,140,0,2,150,2,154,373,0,373,527
06/14/2018,HWD,CA,AWP,WE,Towers with Radar,0,0,25,1,26,0,2,127,5,134,0,2,152,6,160,265,0,265,425
06/15/2018,HWD,CA,AWP,WE,Towers with Radar,0,4,27,1,32,0,0,95,4,99,0,4,122,5,131,171,0,171,302
06/16/2018,HWD,CA,AWP,WE,Towers with Radar,0,2,33,0,35,0,1,112,1,114,0,3,145,1,149,257,0,257,406
06/17/2018,HWD,CA,AWP,WE,Towers with Radar,0,1,27,0,28,0,2,93,1,96,0,3,120,1,124,436,0,436,560
06/18/2018,HWD,CA,AWP,WE,Towers with Radar,0,5,28,0,33,0,1,92,2,95,0,6,120,2,128,114,0,114,242
06/19/2018,HWD,CA,AWP,WE,Towers with Radar,0,1,29,0,30,0,0,85,0,85,0,1,114,0,115,199,0,199,314
06/20/2018,HWD,CA,AWP,WE,Towers with Radar,0,14,35,0,49,0,2,92,0,94,0,16,127,0,143,249,0,249,392
06/21/2018,HWD,CA,AWP,WE,Towers with Radar,0,2,22,0,24,0,0,122,3,125,0,2,144,3,149,201,0,201,350
06/22/2018,HWD,CA,AWP,WE,Towers with Radar,0,2,16,0,18,0,2,174,1,177,0,4,190,1,195,348,0,348,543
06/23/2018,HWD,CA,AWP,WE,Towers with Radar,0,0,21,0,21,0,1,175,0,176,0,1,196,0,197,186,0,186,383
06/24/2018,HWD,CA,AWP,WE,Towers with Radar,0,3,27,0,30,0,0,153,0,153,0,3,180,0,183,154,0,154,337
06/25/2018,HWD,CA,AWP,WE,Towers with Radar,0,1,24,0,25,0,1,98,0,99,0,2,122,0,124,203,0,203,327
06/26/2018,HWD,CA,AWP,WE,Towers with Radar,0,2,24,0,26,0,0,136,0,136,0,2,160,0,162,166,0,166,328
06/27/2018,HWD,CA,AWP,WE,Towers with Radar,0,4,30,1,35,0,0,125,0,125,0,4,155,1,160,201,0,201,361
06/28/2018,HWD,CA,AWP,WE,Towers with Radar,0,1,21,0,22,0,1,111,3,115,0,2,132,3,137,287,0,287,424
06/29/2018,HWD,CA,AWP,WE,Towers with Radar,0,3,23,0,26,0,0,125,0,125,0,3,148,0,151,232,0,232,383
06/30/2018,HWD,CA,AWP,WE,Towers with Radar,0,2,17,0,19,0,1,155,0,156,0,3,172,0,175,287,0,287,462
07/01/2018,HWD,CA,AWP,WE,Towers with Radar,0,5,18,0,23,0,0,98,0,98,0,5,116,0,121,218,0,218,339
07/02/2018,HWD,CA,AWP,WE,Towers with Radar,0,2,31,0,33,0,0,78,0,78,0,2,109,0,111,253,0,253,364
07/03/2018,HWD,CA,AWP,WE,Towers with Radar,0,2,29,0,31,0,0,103,0,103,0,2,132,0,134,190,0,190,324
07/04/2018,HWD,CA,AWP,WE,Towers with Radar,0,2,11,0,13,0,1,81,0,82,0,3,92,0,95,128,0,128,223
07/05/2018,HWD,CA,AWP,WE,Towers with Radar,0,0,26,0,26,0,0,132,0,132,0,0,158,0,158,231,0,231,389
07/06/2018,HWD,CA,AWP,WE,Towers with Radar,0,2,10,0,12,0,0,118,0,118,0,2,128,0,130,258,0,258,388
07/07/2018,HWD,CA,AWP,WE,Towers with Radar,0,3,14,0,17,0,0,105,0,105,0,3,119,0,122,153,0,153,275
07/08/2018,HWD,CA,AWP,WE,Towers with Radar,0,2,20,0,22,0,0,110,0,110,0,2,130,0,132,249,0,249,381
07/09/2018,HWD,CA,AWP,WE,Towers with Radar,0,3,18,0,21,0,2,110,0,112,0,5,128,0,133,250,0,250,383
07/10/2018,HWD,CA,AWP,WE,Towers with Radar,0,1,22,0,23,0,2,122,0,124,0,3,144,0,147,206,0,206,353
07/11/2018,HWD,CA,AWP,WE,Towers with Radar,0,2,19,0,21,0,2,112,0,114,0,4,131,0,135,207,0,207,342
07/12/2018,HWD,CA,AWP,WE,Towers with Radar,0,4,22,0,26,0,0,130,1,131,0,4,152,1,157,213,0,213,370
07/13/2018,HWD,CA,AWP,WE,Towers with Radar,0,2,13,0,15,0,0,151,0,151,0,2,164,0,166,218,0,218,384
07/14/2018,HWD,CA,AWP,WE,Towers with Radar,0,4,34,0,38,0,0,92,0,92,0,4,126,0,130,254,0,254,384
07/15/2018,HWD,CA,AWP,WE,Towers with Radar,0,4,38,0,42,0,2,134,0,136,0,6,172,0,178,211,0,211,389
07/16/2018,HWD,CA,AWP,WE,Towers with Radar,0,3,25,0,28,0,1,84,0,85,0,4,109,0,113,167,0,167,280
07/17/2018,HWD,CA,AWP,WE,Towers with Radar,0,2,26,0,28,0,0,83,0,83,0,2,109,0,111,167,0,167,278
07/18/2018,HWD,CA,AWP,WE,Towers with Radar,0,0,21,0,21,0,0,108,0,108,0,0,129,0,129,284,0,284,413
07/19/2018,HWD,CA,AWP,WE,Towers with Radar,0,3,19,0,22,0,0,93,3,96,0,3,112,3,118,199,0,199,317
07/20/2018,HWD,CA,AWP,WE,Towers with Radar,0,3,17,0,20,0,1,103,0,104,0,4,120,0,124,207,0,207,331
07/21/2018,HWD,CA,AWP,WE,Towers with Radar,0,0,16,0,16,0,0,127,0,127,0,0,143,0,143,164,0,164,307
07/22/2018,HWD,CA,AWP,WE,Towers with Radar,0,5,19,0,24,0,3,123,0,126,0,8,142,0,150,140,0,140,290
07/23/2018,HWD,CA,AWP,WE,Towers with Radar,0,5,19,0,24,0,2,96,0,98,0,7,115,0,122,135,0,135,257
07/24/2018,HWD,CA,AWP,WE,Towers with Radar,0,4,33,0,37,0,0,74,0,74,0,4,107,0,111,162,0,162,273
07/25/2018,HWD,CA,AWP,WE,Towers with Radar,0,6,19,0,25,0,1,124,0,125,0,7,143,0,150,230,0,230,380
07/26/2018,HWD,CA,AWP,WE,Towers with Radar,0,6,27,0,33,0,1,89,1,91,0,7,116,1,124,156,0,156,280
07/27/2018,HWD,CA,AWP,WE,Towers with Radar,0,3,25,0,28,0,0,70,0,70,0,3,95,0,98,225,0,225,323
07/28/2018,HWD,CA,AWP,WE,Towers with Radar,0,6,31,0,37,0,3,114,0,117,0,9,145,0,154,265,0,265,419
07/29/2018,HWD,CA,AWP,WE,Towers with Radar,0,8,25,0,33,0,2,93,0,95,0,10,118,0,128,150,0,150,278
07/30/2018,HWD,CA,AWP,WE,Towers with Radar,0,1,27,0,28,0,3,72,0,75,0,4,99,0,103,196,0,196,299
07/31/2018,HWD,CA,AWP,WE,Towers with Radar,0,3,23,0,26,0,0,107,1,108,0,3,130,1,134,230,0,230,364
08/01/2018,HWD,CA,AWP,WE,Towers with Radar,0,5,31,0,36,0,2,108,0,110,0,7,139,0,146,255,0,255,401
08/02/2018,HWD,CA,AWP,WE,Towers with Radar,0,3,21,2,26,0,2,98,0,100,0,5,119,2,126,144,0,144,270
08/03/2018,HWD,CA,AWP,WE,Towers with Radar,0,5,32,0,37,0,0,106,0,106,0,5,138,0,143,157,0,157,300
08/04/2018,HWD,CA,AWP,WE,Towers with Radar,0,7,19,0,26,0,1,130,0,131,0,8,149,0,157,145,0,145,302
08/05/2018,HWD,CA,AWP,WE,Towers with Radar,0,2,25,0,27,0,1,139,0,140,0,3,164,0,167,231,0,231,398
08/06/2018,HWD,CA,AWP,WE,Towers with Radar,0,4,14,0,18,0,1,86,0,87,0,5,100,0,105,258,0,258,363
08/07/2018,HWD,CA,AWP,WE,Towers with Radar,0,4,26,0,30,0,0,96,0,96,0,4,122,0,126,263,0,263,389
08/08/2018,HWD,CA,AWP,WE,Towers with Radar,0,3,33,0,36,0,0,88,0,88,0,3,121,0,124,434,0,434,558
08/09/2018,HWD,CA,AWP,WE,Towers with Radar,1,1,24,0,26,0,0,79,0,79,1,1,103,0,105,200,0,200,305
08/10/2018,HWD,CA,AWP,WE,Towers with Radar,0,2,13,0,15,0,0,138,0,138,0,2,151,0,153,224,0,224,377
08/11/2018,HWD,CA,AWP,WE,Towers with Radar,0,0,13,0,13,0,2,131,0,133,0,2,144,0,146,207,0,207,353
08/12/2018,HWD,CA,AWP,WE,Towers with Radar,0,3,26,1,30,0,1,106,1,108,0,4,132,2,138,101,0,101,239
08/13/2018,HWD,CA,AWP,WE,Towers with Radar,0,3,23,0,26,0,1,93,1,95,0,4,116,1,121,226,0,226,347
08/14/2018,HWD,CA,AWP,WE,Towers with Radar,0,1,31,1,33,0,0,65,0,65,0,1,96,1,98,253,0,253,351
08/15/2018,HWD,CA,AWP,WE,Towers with Radar,0,4,30,0,34,0,2,77,1,80,0,6,107,1,114,249,0,249,363
08/16/2018,HWD,CA,AWP,WE,Towers with Radar,0,2,28,0,30,0,1,93,0,94,0,3,121,0,124,239,0,239,363
08/17/2018,HWD,CA,AWP,WE,Towers with Radar,0,2,31,2,35,0,0,126,0,126,0,2,157,2,161,182,0,182,343
08/18/2018,HWD,CA,AWP,WE,Towers with Radar,0,4,28,0,32,0,1,107,0,108,0,5,135,0,140,184,0,184,324
08/19/2018,HWD,CA,AWP,WE,Towers with Radar,0,1,36,0,37,0,2,117,0,119,0,3,153,0,156,352,0,352,508
08/20/2018,HWD,CA,AWP,WE,Towers with Radar,0,2,22,0,24,0,0,69,0,69,0,2,91,0,93,330,0,330,423
08/21/2018,HWD,CA,AWP,WE,Towers with Radar,0,3,28,0,31,0,1,60,0,61,0,4,88,0,92,280,0,280,372
08/22/2018,HWD,CA,AWP,WE,Towers with Radar,0,3,23,0,26,0,1,77,0,78,0,4,100,0,104,391,0,391,495
08/23/2018,HWD,CA,AWP,WE,Towers with Radar,0,3,35,0,38,0,0,51,0,51,0,3,86,0,89,299,0,299,388
08/24/2018,HWD,CA,AWP,WE,Towers with Radar,0,2,24,0,26,0,2,76,0,78,0,4,100,0,104,259,0,259,363
08/25/2018,HWD,CA,AWP,WE,Towers with Radar,0,1,32,0,33,0,0,116,0,116,0,1,148,0,149,226,0,226,375
08/26/2018,HWD,CA,AWP,WE,Towers with Radar,0,3,13,0,16,0,0,121,0,121,0,3,134,0,137,340,0,340,477
08/27/2018,HWD,CA,AWP,WE,Towers with Radar,0,3,30,0,33,0,1,88,0,89,0,4,118,0,122,232,0,232,354
08/28/2018,HWD,CA,AWP,WE,Towers with Radar,0,3,26,0,29,0,2,75,0,77,0,5,101,0,106,222,0,222,328
08/29/2018,HWD,CA,AWP,WE,Towers with Radar,0,4,16,0,20,0,0,121,0,121,0,4,137,0,141,193,0,193,334
08/30/2018,HWD,CA,AWP,WE,Towers with Radar,0,0,16,0,16,0,1,115,1,117,0,1,131,1,133,234,0,234,367
08/31/2018,HWD,CA,AWP,WE,Towers with Radar,0,9,25,0,34,0,0,121,0,121,0,9,146,0,155,204,0,204,359
09/01/2018,HWD,CA,AWP,WE,Towers with Radar,0,0,21,0,21,0,2,92,0,94,0,2,113,0,115,197,0,197,312
09/02/2018,HWD,CA,AWP,WE,Towers with Radar,0,0,10,0,10,0,0,87,0,87,0,0,97,0,97,298,0,298,395
09/03/2018,HWD,CA,AWP,WE,Towers with Radar,0,6,28,0,34,0,0,97,0,97,0,6,125,0,131,222,0,222,353
09/04/2018,HWD,CA,AWP,WE,Towers with Radar,0,7,16,0,23,0,0,85,2,87,0,7,101,2,110,357,0,357,467
09/05/2018,HWD,CA,AWP,WE,Towers with Radar,0,2,30,0,32,0,1,96,1,98,0,3,126,1,130,234,0,234,364
09/06/2018,HWD,CA,AWP,WE,Towers with Radar,0,0,28,0,28,0,0,75,0,75,0,0,103,0,103,332,0,332,435
09/07/2018,HWD,CA,AWP,WE,Towers with Radar,0,5,25,0,30,0,0,112,0,112,0,5,137,0,142,265,0,265,407
09/08/2018,HWD,CA,AWP,WE,Towers with Radar,0,0,9,0,9,0,0,136,0,136,0,0,145,0,145,256,0,256,401
09/09/2018,HWD,CA,AWP,WE,Towers with Radar,0,4,28,0,32,0,0,113,0,113,0,4,141,0,145,198,0,198,343
09/10/2018,HWD,CA,AWP,WE,Towers with Radar,0,8,24,0,32,0,2,104,1,107,0,10,128,1,139,164,0,164,303
09/11/2018,HWD,CA,AWP,WE,Towers with Radar,0,2,28,0,30,0,2,116,1,119,0,4,144,1,149,321,0,321,470
09/12/2018,HWD,CA,AWP,WE,Towers with Radar,0,7,19,0,26,0,1,126,0,127,0,8,145,0,153,179,0,179,332
09/13/2018,HWD,CA,AWP,WE,Towers with Radar,0,5,22,0,27,0,0,128,0,128,0,5,150,0,155,263,0,263,418
09/14/2018,HWD,CA,AWP,WE,Towers with Radar,0,4,31,0,35,0,0,116,1,117,0,4,147,1,152,280,0,280,432
09/15/2018,HWD,CA,AWP,WE,Towers with Radar,0,2,25,0,27,0,0,106,0,106,0,2,131,0,133,214,0,214,347
09/16/2018,HWD,CA,AWP,WE,Towers with Radar,0,1,16,0,17,0,1,108,0,109,0,2,124,0,126,203,0,203,329
09/17/2018,HWD,CA,AWP,WE,Towers with Radar,0,1,24,0,25,0,1,93,5,99,0,2,117,5,124,252,0,252,376
09/18/2018,HWD,CA,AWP,WE,Towers with Radar,0,0,17,0,17,0,1,98,0,99,0,1,115,0,116,281,0,281,397
09/19/2018,HWD,CA,AWP,WE,Towers with Radar,0,0,19,0,19,0,0,132,0,132,0,0,151,0,151,240,0,240,391
09/20/2018,HWD,CA,AWP,WE,Towers with Radar,0,3,29,0,32,0,0,122,0,122,0,3,151,0,154,182,0,182,336
09/21/2018,HWD,CA,AWP,WE,Towers with Radar,0,1,19,0,20,0,0,137,0,137,0,1,156,0,157,224,0,224,381
09/22/2018,HWD,CA,AWP,WE,Towers with Radar,0,2,16,0,18,0,1,82,0,83,0,3,98,0,101,121,0,121,222
09/23/2018,HWD,CA,AWP,WE,Towers with Radar,0,1,15,0,16,0,3,213,0,216,0,4,228,0,232,249,0,249,481
09/24/2018,HWD,CA,AWP,WE,Towers with Radar,0,5,27,0,32,0,0,118,0,118,0,5,145,0,150,148,0,148,298
09/25/2018,HWD,CA,AWP,WE,Towers with Radar,0,3,21,0,24,0,0,113,0,113,0,3,134,0,137,99,0,99,236
09/26/2018,HWD,CA,AWP,WE,Towers with Radar,0,4,19,0,23,0,1,83,0,84,0,5,102,0,107,158,0,158,265
09/27/2018,HWD,CA,AWP,WE,Towers with Radar,0,2,41,0,43,0,1,77,0,78,0,3,118,0,121,209,0,209,330
09/28/2018,HWD,CA,AWP,WE,Towers with Radar,0,3,25,0,28,0,3,99,1,103,0,6,124,1,131,198,0,198,329
09/29/2018,HWD,CA,AWP,WE,Towers with Radar,0,0,12,0,12,0,0,128,0,128,0,0,140,0,140,181,0,181,321
09/30/2018,HWD,CA,AWP,WE,Towers with Radar,0,3,27,0,30,0,2,102,0,104,0,5,129,0,134,147,0,147,281
10/01/2018,HWD,CA,AWP,WE,Towers with Radar,0,1,17,0,18,0,1,53,0,54,0,2,70,0,72,120,0,120,192
10/02/2018,HWD,CA,AWP,WE,Towers with Radar,0,3,11,0,14,0,0,56,0,56,0,3,67,0,70,94,0,94,164
10/03/2018,HWD,CA,AWP,WE,Towers with Radar,0,7,16,0,23,0,0,93,0,93,0,7,109,0,116,169,0,169,285
10/04/2018,HWD,CA,AWP,WE,Towers with Radar,0,6,37,0,43,0,3,77,0,80,0,9,114,0,123,183,0,183,306
10/05/2018,HWD,CA,AWP,WE,Towers with Radar,0,2,18,0,20,0,2,121,0,123,0,4,139,0,143,162,0,162,305
10/06/2018,HWD,CA,AWP,WE,Towers with Radar,0,0,11,0,11,0,0,84,0,84,0,0,95,0,95,180,0,180,275
10/07/2018,HWD,CA,AWP,WE,Towers with Radar,0,1,10,0,11,0,0,90,0,90,0,1,100,0,101,100,0,100,201
10/08/2018,HWD,CA,AWP,WE,Towers with Radar,0,4,24,0,28,0,0,110,0,110,0,4,134,0,138,164,0,164,302
10/09/2018,HWD,CA,AWP,WE,Towers with Radar,0,2,17,0,19,0,0,109,0,109,0,2,126,0,128,392,0,392,520
10/10/2018,HWD,CA,AWP,WE,Towers with Radar,0,7,32,0,39,0,0,123,0,123,0,7,155,0,162,318,0,318,480
10/11/2018,HWD,CA,AWP,WE,Towers with Radar,0,1,23,0,24,0,1,130,0,131,0,2,153,0,155,243,0,243,398
10/12/2018,HWD,CA,AWP,WE,Towers with Radar,0,3,16,0,19,0,1,136,0,137,0,4,152,0,156,198,0,198,354
10/13/2018,HWD,CA,AWP,WE,Towers with Radar,0,3,21,0,24,0,1,109,0,110,0,4,130,0,134,213,0,213,347
10/14/2018,HWD,CA,AWP,WE,Towers with Radar,0,6,21,0,27,0,2,101,1,104,0,8,122,1,131,175,0,175,306
10/15/2018,HWD,CA,AWP,WE,Towers with Radar,0,5,19,0,24,0,0,116,1,117,0,5,135,1,141,219,0,219,360
10/16/2018,HWD,CA,AWP,WE,Towers with Radar,0,2,18,0,20,0,0,122,0,122,0,2,140,0,142,320,0,320,462
10/17/2018,HWD,CA,AWP,WE,Towers with Radar,0,1,32,0,33,0,0,110,0,110,0,1,142,0,143,153,0,153,296
10/18/2018,HWD,CA,AWP,WE,Towers with Radar,0,3,23,0,26,0,0,102,0,102,0,3,125,0,128,109,0,109,237
10/19/2018,HWD,CA,AWP,WE,Towers with Radar,0,4,18,0,22,0,0,120,1,121,0,4,138,1,143,177,0,177,320
10/20/2018,HWD,CA,AWP,WE,Towers with Radar,0,0,24,0,24,0,0,87,0,87,0,0,111,0,111,109,0,109,220
10/21/2018,HWD,CA,AWP,WE,Towers with Radar,1,3,37,0,41,0,0,81,1,82,1,3,118,1,123,183,0,183,306
10/22/2018,HWD,CA,AWP,WE,Towers with Radar,0,1,21,0,22,0,0,68,1,69,0,1,89,1,91,157,0,157,248
10/23/2018,HWD,CA,AWP,WE,Towers with Radar,0,4,20,0,24,0,0,105,1,106,0,4,125,1,130,229,0,229,359
10/24/2018,HWD,CA,AWP,WE,Towers with Radar,0,1,27,0,28,0,3,142,0,145,0,4,169,0,173,274,0,274,447
10/25/2018,HWD,CA,AWP,WE,Towers with Radar,0,1,25,0,26,0,0,79,1,80,0,1,104,1,106,153,0,153,259
10/26/2018,HWD,CA,AWP,WE,Towers with Radar,0,0,26,0,26,0,1,101,0,102,0,1,127,0,128,270,0,270,398
10/27/2018,HWD,CA,AWP,WE,Towers with Radar,0,3,22,0,25,0,1,154,0,155,0,4,176,0,180,231,0,231,411
10/28/2018,HWD,CA,AWP,WE,Towers with Radar,0,0,23,0,23,0,0,92,0,92,0,0,115,0,115,266,0,266,381
10/29/2018,HWD,CA,AWP,WE,Towers with Radar,0,1,21,0,22,0,0,92,2,94,0,1,113,2,116,135,0,135,251
10/30/2018,HWD,CA,AWP,WE,Towers with Radar,0,2,30,0,32,0,0,99,2,101,0,2,129,2,133,198,0,198,331
10/31/2018,HWD,CA,AWP,WE,Towers with Radar,0,3,17,0,20,0,1,112,0,113,0,4,129,0,133,235,0,235,368
11/01/2018,HWD,CA,AWP,WE,Towers with Radar,0,2,37,2,41,0,1,114,2,117,0,3,151,4,158,82,0,82,240
11/02/2018,HWD,CA,AWP,WE,Towers with Radar,0,2,23,0,25,0,1,118,0,119,0,3,141,0,144,211,0,211,355
11/03/2018,HWD,CA,AWP,WE,Towers with Radar,0,1,19,0,20,0,0,128,0,128,0,1,147,0,148,300,0,300,448
11/04/2018,HWD,CA,AWP,WE,Towers with Radar,0,3,35,0,38,0,0,118,0,118,0,3,153,0,156,216,0,216,372
11/05/2018,HWD,CA,AWP,WE,Towers with Radar,0,1,18,0,19,0,0,91,1,92,0,1,109,1,111,272,0,272,383
11/06/2018,HWD,CA,AWP,WE,Towers with Radar,0,2,22,0,24,0,2,151,3,156,0,4,173,3,180,182,0,182,362
11/07/2018,HWD,CA,AWP,WE,Towers with Radar,0,2,26,0,28,0,3,102,0,105,0,5,128,0,133,235,0,235,368
11/08/2018,HWD,CA,AWP,WE,Towers with Radar,0,0,10,0,10,0,2,80,0,82,0,2,90,0,92,138,0,138,230
11/09/2018,HWD,CA,AWP,WE,Towers with Radar,0,4,39,0,43,0,0,35,0,35,0,4,74,0,78,80,0,80,158
11/10/2018,HWD,CA,AWP,WE,Towers with Radar,0,12,27,0,39,0,1,10,0,11,0,13,37,0,50,82,0,82,132
11/11/2018,HWD,CA,AWP,WE,Towers with Radar,0,5,35,0,40,0,0,53,0,53,0,5,88,0,93,49,0,49,142
11/12/2018,HWD,CA,AWP,WE,Towers with Radar,0,1,33,0,34,0,0,7,0,7,0,1,40,0,41,128,0,128,169
11/13/2018,HWD,CA,AWP,WE,Towers with Radar,0,2,25,0,27,0,1,17,0,18,0,3,42,0,45,27,0,27,72
11/14/2018,HWD,CA,AWP,WE,Towers with Radar,0,9,42,0,51,0,1,20,0,21,0,10,62,0,72,138,0,138,210
11/15/2018,HWD,CA,AWP,WE,Towers with Radar,0,4,47,0,51,0,1,0,0,1,0,5,47,0,52,0,0,0,52
11/16/2018,HWD,CA,AWP,WE,Towers with Radar,0,5,53,0,58,0,0,0,0,0,0,5,53,0,58,2,0,2,60
11/17/2018,HWD,CA,AWP,WE,Towers with Radar,0,3,28,0,31,0,0,6,0,6,0,3,34,0,37,0,0,0,37
11/18/2018,HWD,CA,AWP,WE,Towers with Radar,0,3,30,0,33,0,0,0,0,0,0,3,30,0,33,14,0,14,47
11/19/2018,HWD,CA,AWP,WE,Towers with Radar,0,4,21,0,25,0,0,2,0,2,0,4,23,0,27,38,0,38,65
11/20/2018,HWD,CA,AWP,WE,Towers with Radar,0,5,40,0,45,0,0,29,0,29,0,5,69,0,74,74,0,74,148
11/21/2018,HWD,CA,AWP,WE,Towers with Radar,0,2,34,0,36,0,1,15,0,16,0,3,49,0,52,74,0,74,126
11/22/2018,HWD,CA,AWP,WE,Towers with Radar,0,1,4,0,5,0,1,19,1,21,0,2,23,1,26,52,0,52,78
11/23/2018,HWD,CA,AWP,WE,Towers with Radar,0,2,17,0,19,0,0,5,0,5,0,2,22,0,24,4,0,4,28
11/24/2018,HWD,CA,AWP,WE,Towers with Radar,0,3,31,0,34,0,0,58,0,58,0,3,89,0,92,73,0,73,165
11/25/2018,HWD,CA,AWP,WE,Towers with Radar,0,3,41,0,44,0,0,110,1,111,0,3,151,1,155,247,0,247,402
11/26/2018,HWD,CA,AWP,WE,Towers with Radar,0,3,21,0,24,0,0,109,0,109,0,3,130,0,133,237,0,237,370
11/27/2018,HWD,CA,AWP,WE,Towers with Radar,0,1,18,0,19,0,1,42,2,45,0,2,60,2,64,61,0,61,125
11/28/2018,HWD,CA,AWP,WE,Towers with Radar,0,0,29,0,29,0,1,44,1,46,0,1,73,1,75,111,0,111,186
11/29/2018,HWD,CA,AWP,WE,Towers with Radar,0,4,13,0,17,0,0,19,0,19,0,4,32,0,36,132,0,132,168
11/30/2018,HWD,CA,AWP,WE,Towers with Radar,0,1,25,0,26,0,1,137,1,139,0,2,162,1,165,283,0,283,448
12/01/2018,HWD,CA,AWP,WE,Towers with Radar,0,1,9,0,10,0,0,44,0,44,0,1,53,0,54,195,0,195,249
12/02/2018,HWD,CA,AWP,WE,Towers with Radar,0,1,19,0,20,0,0,158,0,158,0,1,177,0,178,319,0,319,497
12/03/2018,HWD,CA,AWP,WE,Towers with Radar,0,4,16,0,20,0,0,112,0,112,0,4,128,0,132,133,0,133,265
12/04/2018,HWD,CA,AWP,WE,Towers with Radar,0,6,27,0,33,0,1,52,1,54,0,7,79,1,87,104,0,104,191
12/05/2018,HWD,CA,AWP,WE,Towers with Radar,0,0,23,0,23,0,1,83,1,85,0,1,106,1,108,158,0,158,266
12/06/2018,HWD,CA,AWP,WE,Towers with Radar,0,4,23,0,27,0,1,159,1,161,0,5,182,1,188,196,0,196,384
12/07/2018,HWD,CA,AWP,WE,Towers with Radar,0,2,18,0,20,0,2,122,0,124,0,4,140,0,144,188,0,188,332
12/08/2018,HWD,CA,AWP,WE,Towers with Radar,0,1,11,0,12,0,0,138,0,138,0,1,149,0,150,262,0,262,412
12/09/2018,HWD,CA,AWP,WE,Towers with Radar,0,5,20,0,25,0,0,87,0,87,0,5,107,0,112,370,0,370,482
12/10/2018,HWD,CA,AWP,WE,Towers with Radar,0,1,19,0,20,0,0,52,0,52,0,1,71,0,72,149,0,149,221
12/11/2018,HWD,CA,AWP,WE,Towers with Radar,0,0,26,0,26,0,2,94,1,97,0,2,120,1,123,192,0,192,315
12/12/2018,HWD,CA,AWP,WE,Towers with Radar,0,1,23,0,24,0,1,121,0,122,0,2,144,0,146,251,0,251,397
12/13/2018,HWD,CA,AWP,WE,Towers with Radar,0,1,25,0,26,0,2,147,1,150,0,3,172,1,176,192,0,192,368
12/14/2018,HWD,CA,AWP,WE,Towers with Radar,0,1,11,0,12,0,1,42,0,43,0,2,53,0,55,119,0,119,174
12/15/2018,HWD,CA,AWP,WE,Towers with Radar,0,6,20,0,26,0,1,110,0,111,0,7,130,0,137,191,0,191,328
12/16/2018,HWD,CA,AWP,WE,Towers with Radar,0,6,9,0,15,0,0,30,0,30,0,6,39,0,45,49,0,49,94
12/17/2018,HWD,CA,AWP,WE,Towers with Radar,0,3,23,0,26,0,1,80,1,82,0,4,103,1,108,113,0,113,221
12/18/2018,HWD,CA,AWP,WE,Towers with Radar,0,2,24,0,26,0,1,109,0,110,0,3,133,0,136,205,0,205,341
12/19/2018,HWD,CA,AWP,WE,Towers with Radar,0,2,32,0,34,0,1,71,0,72,0,3,103,0,106,211,0,211,317
12/20/2018,HWD,CA,AWP,WE,Towers with Radar,0,8,21,0,29,0,1,18,0,19,0,9,39,0,48,28,0,28,76
12/21/2018,HWD,CA,AWP,WE,Towers with Radar,0,2,50,0,52,0,1,30,0,31,0,3,80,0,83,114,0,114,197
12/22/2018,HWD,CA,AWP,WE,Towers with Radar,0,2,25,0,27,0,1,107,0,108,0,3,132,0,135,202,0,202,337
12/23/2018,HWD,CA,AWP,WE,Towers with Radar,0,0,21,0,21,0,0,63,2,65,0,0,84,2,86,145,0,145,231
12/24/2018,HWD,CA,AWP,WE,Towers with Radar,0,1,8,0,9,0,1,2,0,3,0,2,10,0,12,38,0,38,50
12/25/2018,HWD,CA,AWP,WE,Towers with Radar,0,0,6,0,6,0,0,33,0,33,0,0,39,0,39,0,0,0,39
12/26/2018,HWD,CA,AWP,WE,Towers with Radar,0,6,19,0,25,0,1,96,0,97,0,7,115,0,122,108,0,108,230
12/27/2018,HWD,CA,AWP,WE,Towers with Radar,0,1,23,0,24,0,2,68,0,70,0,3,91,0,94,83,0,83,177
12/28/2018,HWD,CA,AWP,WE,Towers with Radar,0,3,18,0,21,0,2,94,0,96,0,5,112,0,117,128,0,128,245
12/29/2018,HWD,CA,AWP,WE,Towers with Radar,0,1,14,0,15,0,1,101,0,102,0,2,115,0,117,181,0,181,298
12/30/2018,HWD,CA,AWP,WE,Towers with Radar,0,0,21,0,21,0,1,88,1,90,0,1,109,1,111,305,0,305,416
12/31/2018,HWD,CA,AWP,WE,Towers with Radar,0,1,5,0,6,0,1,13,0,14,0,2,18,0,20,11,0,11,31
01/01/2019,HWD,CA,AWP,WE,Towers with Radar,0,3,13,0,16,0,0,42,0,42,0,3,55,0,58,75,0,75,133
01/02/2019,HWD,CA,AWP,WE,Towers with Radar,0,1,29,0,30,0,1,85,2,88,0,2,114,2,118,225,0,225,343
01/03/2019,HWD,CA,AWP,WE,Towers with Radar,0,2,11,0,13,0,3,112,0,115,0,5,123,0,128,230,0,230,358
01/04/2019,HWD,CA,AWP,WE,Towers with Radar,0,4,27,0,31,0,1,122,2,125,0,5,149,2,156,246,0,246,402
01/05/2019,HWD,CA,AWP,WE,Towers with Radar,0,0,23,0,23,0,0,6,0,6,0,0,29,0,29,0,0,0,29
01/06/2019,HWD,CA,AWP,WE,Towers with Radar,0,8,11,0,19,0,0,5,0,5,0,8,16,0,24,28,0,28,52
01/07/2019,HWD,CA,AWP,WE,Towers with Radar,0,4,20,0,24,0,1,65,0,66,0,5,85,0,90,72,0,72,162
01/08/2019,HWD,CA,AWP,WE,Towers with Radar,0,2,25,0,27,0,0,32,0,32,0,2,57,0,59,45,0,45,104
01/09/2019,HWD,CA,AWP,WE,Towers with Radar,0,1,20,0,21,0,0,35,0,35,0,1,55,0,56,70,0,70,126
01/10/2019,HWD,CA,AWP,WE,Towers with Radar,0,4,38,0,42,0,0,94,1,95,0,4,132,1,137,203,0,203,340
01/11/2019,HWD,CA,AWP,WE,Towers with Radar,0,2,23,0,25,0,0,39,0,39,0,2,62,0,64,134,0,134,198
01/12/2019,HWD,CA,AWP,WE,Towers with Radar,0,0,19,0,19,0,3,124,1,128,0,3,143,1,147,181,0,181,328
01/13/2019,HWD,CA,AWP,WE,Towers with Radar,0,2,22,0,24,0,0,80,0,80,0,2,102,0,104,205,0,205,309
01/14/2019,HWD,CA,AWP,WE,Towers with Radar,0,2,12,0,14,0,0,44,0,44,0,2,56,0,58,145,0,145,203
01/15/2019,HWD,CA,AWP,WE,Towers with Radar,0,2,10,0,12,0,0,26,0,26,0,2,36,0,38,98,0,98,136
01/16/2019,HWD,CA,AWP,WE,Towers with Radar,0,1,20,0,21,0,0,13,0,13,0,1,33,0,34,4,0,4,38
01/17/2019,HWD,CA,AWP,WE,Towers with Radar,0,6,22,0,28,0,0,26,0,26,0,6,48,0,54,64,0,64,118
01/18/2019,HWD,CA,AWP,WE,Towers with Radar,0,3,29,0,32,0,0,116,0,116,0,3,145,0,148,169,0,169,317
01/19/2019,HWD,CA,AWP,WE,Towers with Radar,0,1,16,0,17,0,0,115,0,115,0,1,131,0,132,204,0,204,336
01/20/2019,HWD,CA,AWP,WE,Towers with Radar,0,1,17,0,18,0,0,6,0,6,0,1,23,0,24,37,0,37,61
01/21/2019,HWD,CA,AWP,WE,Towers with Radar,0,4,22,0,26,0,2,172,0,174,0,6,194,0,200,204,0,204,404
01/22/2019,HWD,CA,AWP,WE,Towers with Radar,0,1,16,0,17,0,0,96,0,96,0,1,112,0,113,147,0,147,260
01/23/2019,HWD,CA,AWP,WE,Towers with Radar,0,1,24,0,25,0,1,131,0,132,0,2,155,0,157,178,0,178,335
01/24/2019,HWD,CA,AWP,WE,Towers with Radar,0,3,25,0,28,0,0,105,0,105,0,3,130,0,133,181,0,181,314
01/25/2019,HWD,CA,AWP,WE,Towers with Radar,0,3,23,0,26,0,3,112,0,115,0,6,135,0,141,195,0,195,336
01/26/2019,HWD,CA,AWP,WE,Towers with Radar,0,6,12,0,18,0,0,132,0,132,0,6,144,0,150,234,0,234,384
01/27/2019,HWD,CA,AWP,WE,Towers with Radar,0,1,24,0,25,0,0,148,0,148,0,1,172,0,173,214,0,214,387
01/28/2019,HWD,CA,AWP,WE,Towers with Radar,0,1,18,0,19,0,1,84,0,85,0,2,102,0,104,192,0,192,296
01/29/2019,HWD,CA,AWP,WE,Towers with Radar,0,1,24,0,25,0,1,67,0,68,0,2,91,0,93,141,0,141,234
01/30/2019,HWD,CA,AWP,WE,Towers with Radar,0,3,28,0,31,0,0,67,0,67,0,3,95,0,98,88,0,88,186
01/31/2019,HWD,CA,AWP,WE,Towers with Radar,0,3,33,0,36,0,0,56,2,58,0,3,89,2,94,179,0,179,273
02/01/2019,HWD,CA,AWP,WE,Towers with Radar,0,4,23,0,27,0,0,47,1,48,0,4,70,1,75,94,0,94,169
02/02/2019,HWD,CA,AWP,WE,Towers with Radar,0,2,9,0,11,0,2,12,0,14,0,4,21,0,25,66,0,66,91
02/03/2019,HWD,CA,AWP,WE,Towers with Radar,0,0,18,0,18,0,0,6,0,6,0,0,24,0,24,55,0,55,79
02/04/2019,HWD,CA,AWP,WE,Towers with Radar,0,2,4,0,6,0,0,24,0,24,0,2,28,0,30,9,0,9,39
02/05/2019,HWD,CA,AWP,WE,Towers with Radar,0,4,10,0,14,0,0,82,2,84,0,4,92,2,98,128,0,128,226
02/06/2019,HWD,CA,AWP,WE,Towers with Radar,0,5,24,0,29,0,0,173,0,173,0,5,197,0,202,178,0,178,380
02/07/2019,HWD,CA,AWP,WE,Towers with Radar,0,1,23,0,24,0,0,146,0,146,0,1,169,0,170,167,0,167,337
02/08/2019,HWD,CA,AWP,WE,Towers with Radar,0,7,12,0,19,0,2,40,0,42,0,9,52,0,61,197,0,197,258
02/09/2019,HWD,CA,AWP,WE,Towers with Radar,0,0,6,2,8,0,0,27,0,27,0,0,33,2,35,144,8,152,187
02/10/2019,HWD,CA,AWP,WE,Towers with Radar,0,2,21,0,23,0,0,84,0,84,0,2,105,0,107,275,0,275,382
02/11/2019,HWD,CA,AWP,WE,Towers with Radar,0,3,14,0,17,0,0,82,0,82,0,3,96,0,99,247,0,247,346
02/12/2019,HWD,CA,AWP,WE,Towers with Radar,0,2,16,0,18,0,0,77,0,77,0,2,93,0,95,78,0,78,173
02/13/2019,HWD,CA,AWP,WE,Towers with Radar,0,3,19,0,22,0,1,7,0,8,0,4,26,0,30,0,0,0,30
02/14/2019,HWD,CA,AWP,WE,Towers with Radar,0,6,11,0,17,0,0,21,0,21,0,6,32,0,38,0,0,0,38
02/15/2019,HWD,CA,AWP,WE,Towers with Radar,0,1,23,0,24,0,0,25,1,26,0,1,48,1,50,105,0,105,155
02/16/2019,HWD,CA,AWP,WE,Towers with Radar,0,1,25,0,26,0,0,34,0,34,0,1,59,0,60,166,0,166,226
02/17/2019,HWD,CA,AWP,WE,Towers with Radar,0,2,12,0,14,0,0,83,0,83,0,2,95,0,97,99,0,99,196
02/18/2019,HWD,CA,AWP,WE,Towers with Radar,0,2,30,0,32,0,2,140,0,142,0,4,170,0,174,184,0,184,358
02/19/2019,HWD,CA,AWP,WE,Towers with Radar,0,2,28,0,30,0,1,123,0,124,0,3,151,0,154,208,0,208,362
02/20/2019,HWD,CA,AWP,WE,Towers with Radar,0,5,22,0,27,0,1,77,0,78,0,6,99,0,105,153,0,153,258
02/21/2019,HWD,CA,AWP,WE,Towers with Radar,0,2,28,0,30,0,2,86,2,90,0,4,114,2,120,127,0,127,247
02/22/2019,HWD,CA,AWP,WE,Towers with Radar,0,0,31,0,31,0,0,147,0,147,0,0,178,0,178,265,0,265,443
02/23/2019,HWD,CA,AWP,WE,Towers with Radar,0,0,24,0,24,0,1,182,0,183,0,1,206,0,207,288,0,288,495
02/24/2019,HWD,CA,AWP,WE,Towers with Radar,0,3,27,0,30,0,0,87,0,87,0,3,114,0,117,189,0,189,306
02/25/2019,HWD,CA,AWP,WE,Towers with Radar,0,5,9,0,14,0,2,29,1,32,0,7,38,1,46,133,12,145,191
02/26/2019,HWD,CA,AWP,WE,Towers with Radar,0,1,10,0,11,0,0,13,0,13,0,1,23,0,24,84,0,84,108
02/27/2019,HWD,CA,AWP,WE,Towers with Radar,0,2,22,0,24,0,1,20,0,21,0,3,42,0,45,42,0,42,87
02/28/2019,HWD,CA,AWP,WE,Towers with Radar,0,0,23,0,23,0,2,101,0,103,0,2,124,0,126,151,0,151,277
03/01/2019,HWD,CA,AWP,WE,Towers with Radar,0,0,19,0,19,0,0,91,0,91,0,0,110,0,110,156,0,156,266
03/02/2019,HWD,CA,AWP,WE,Towers with Radar,0,2,21,0,23,0,0,2,0,2,0,2,23,0,25,27,0,27,52
03/03/2019,HWD,CA,AWP,WE,Towers with Radar,0,5,12,0,17,0,0,31,0,31,0,5,43,0,48,107,0,107,155
03/04/2019,HWD,CA,AWP,WE,Towers with Radar,0,0,21,0,21,0,1,45,0,46,0,1,66,0,67,297,0,297,364
03/05/2019,HWD,CA,AWP,WE,Towers with Radar,0,3,26,0,29,0,0,23,0,23,0,3,49,0,52,17,0,17,69
03/06/2019,HWD,CA,AWP,WE,Towers with Radar,0,3,26,0,29,0,0,17,1,18,0,3,43,1,47,22,0,22,69
03/07/2019,HWD,CA,AWP,WE,Towers with Radar,0,3,19,0,22,0,1,66,2,69,0,4,85,2,91,124,0,124,215
03/08/2019,HWD,CA,AWP,WE,Towers with Radar,0,2,11,0,13,0,2,131,0,133,0,4,142,0,146,173,0,173,319
03/09/2019,HWD,CA,AWP,WE,Towers with Radar,0,1,19,0,20,0,2,36,0,38,0,3,55,0,58,78,0,78,136
03/10/2019,HWD,CA,AWP,WE,Towers with Radar,0,8,24,0,32,0,0,56,0,56,0,8,80,0,88,110,0,110,198
03/11/2019,HWD,CA,AWP,WE,Towers with Radar,0,3,19,0,22,0,0,118,3,121,0,3,137,3,143,153,0,153,296
03/12/2019,HWD,CA,AWP,WE,Towers with Radar,0,3,21,0,24,0,1,63,0,64,0,4,84,0,88,102,0,102,190
03/13/2019,HWD,CA,AWP,WE,Towers with Radar,0,1,31,0,32,0,0,116,0,116,0,1,147,0,148,163,0,163,311
03/14/2019,HWD,CA,AWP,WE,Towers with Radar,0,2,27,0,29,0,0,104,0,104,0,2,131,0,133,120,0,120,253
03/15/2019,HWD,CA,AWP,WE,Towers with Radar,0,5,22,0,27,0,1,169,0,170,0,6,191,0,197,225,0,225,422
03/16/2019,HWD,CA,AWP,WE,Towers with Radar,0,0,11,0,11,0,0,147,0,147,0,0,158,0,158,189,0,189,347
03/17/2019,HWD,CA,AWP,WE,Towers with Radar,0,6,29,0,35,0,2,167,0,169,0,8,196,0,204,221,0,221,425
03/18/2019,HWD,CA,AWP,WE,Towers with Radar,0,3,19,0,22,0,0,117,0,117,0,3,136,0,139,203,0,203,342
03/19/2019,HWD,CA,AWP,WE,Towers with Radar,0,1,11,0,12,0,0,109,0,109,0,1,120,0,121,239,0,239,360
03/20/2019,HWD,CA,AWP,WE,Towers with Radar,0,0,25,0,25,0,0,37,0,37,0,0,62,0,62,131,0,131,193
03/21/2019,HWD,CA,AWP,WE,Towers with Radar,0,3,31,0,34,0,1,115,0,116,0,4,146,0,150,242,0,242,392
03/22/2019,HWD,CA,AWP,WE,Towers with Radar,0,2,28,0,30,0,0,31,0,31,0,2,59,0,61,128,0,128,189
03/23/2019,HWD,CA,AWP,WE,Towers with Radar,0,5,28,0,33,0,2,152,0,154,0,7,180,0,187,178,0,178,365
03/24/2019,HWD,CA,AWP,WE,Towers with Radar,0,1,23,0,24,0,1,134,0,135,0,2,157,0,159,260,0,260,419
03/25/2019,HWD,CA,AWP,WE,Towers with Radar,0,3,18,0,21,0,0,33,0,33,0,3,51,0,54,88,0,88,142
03/26/2019,HWD,CA,AWP,WE,Towers with Radar,0,1,19,0,20,0,0,69,0,69,0,1,88,0,89,261,0,261,350
03/27/2019,HWD,CA,AWP,WE,Towers with Radar,0,1,20,0,21,0,1,38,0,39,0,2,58,0,60,53,0,53,113
03/28/2019,HWD,CA,AWP,WE,Towers with Radar,0,2,16,0,18,0,0,48,0,48,0,2,64,0,66,88,0,88,154
03/29/2019,HWD,CA,AWP,WE,Towers with Radar,0,3,39,0,42,0,0,129,0,129,0,3,168,0,171,246,0,246,417
03/30/2019,HWD,CA,AWP,WE,Towers with Radar,0,1,26,0,27,0,0,174,0,174,0,1,200,0,201,225,0,225,426
03/31/2019,HWD,CA,AWP,WE,Towers with Radar,0,4,30,0,34,0,3,150,0,153,0,7,180,0,187,280,0,280,467
04/01/2019,HWD,CA,AWP,WE,Towers with Radar,0,2,14,0,16,0,0,76,0,76,0,2,90,0,92,194,0,194,286
04/02/2019,HWD,CA,AWP,WE,Towers with Radar,0,3,17,2,22,0,0,22,0,22,0,3,39,2,44,89,0,89,133
04/03/2019,HWD,CA,AWP,WE,Towers with Radar,0,4,32,0,36,0,0,72,0,72,0,4,104,0,108,502,0,502,610
04/04/2019,HWD,CA,AWP,WE,Towers with Radar,0,2,28,0,30,0,0,67,0,67,0,2,95,0,97,331,0,331,428
04/05/2019,HWD,CA,AWP,WE,Towers with Radar,0,2,27,0,29,0,0,33,0,33,0,2,60,0,62,96,0,96,158
04/06/2019,HWD,CA,AWP,WE,Towers with Radar,0,5,25,0,30,0,1,88,0,89,0,6,113,0,119,223,0,223,342
04/07/2019,HWD,CA,AWP,WE,Towers with Radar,0,1,31,0,32,0,0,108,0,108,0,1,139,0,140,232,0,232,372
04/08/2019,HWD,CA,AWP,WE,Towers with Radar,0,2,23,0,25,0,0,97,0,97,0,2,120,0,122,228,0,228,350
04/09/2019,HWD,CA,AWP,WE,Towers with Radar,0,0,14,0,14,0,0,75,0,75,0,0,89,0,89,120,0,120,209
04/10/2019,HWD,CA,AWP,WE,Towers with Radar,0,5,14,0,19,0,1,108,0,109,0,6,122,0,128,236,0,236,364
04/11/2019,HWD,CA,AWP,WE,Towers with Radar,0,2,27,0,29,0,2,95,1,98,0,4,122,1,127,204,0,204,331
04/12/2019,HWD,CA,AWP,WE,Towers with Radar,0,3,21,0,24,0,0,125,1,126,0,3,146,1,150,218,0,218,368
04/13/2019,HWD,CA,AWP,WE,Towers with Radar,0,2,15,0,17,0,1,130,0,131,0,3,145,0,148,244,0,244,392
04/14/2019,HWD,CA,AWP,WE,Towers with Radar,0,4,40,0,44,0,1,92,0,93,0,5,132,0,137,145,0,145,282
04/15/2019,HWD,CA,AWP,WE,Towers with Radar,0,3,17,0,20,0,1,57,0,58,0,4,74,0,78,219,0,219,297
04/16/2019,HWD,CA,AWP,WE,Towers with Radar,0,1,31,0,32,0,0,99,0,99,0,1,130,0,131,205,0,205,336
04/17/2019,HWD,CA,AWP,WE,Towers with Radar,0,1,21,0,22,0,1,127,0,128,0,2,148,0,150,297,0,297,447
04/18/2019,HWD,CA,AWP,WE,Towers with Radar,0,4,21,0,25,0,1,130,0,131,0,5,151,0,156,242,0,242,398
04/19/2019,HWD,CA,AWP,WE,Towers with Radar,0,0,19,0,19,0,0,141,0,141,0,0,160,0,160,150,0,150,310
04/20/2019,HWD,CA,AWP,WE,Towers with Radar,0,0,30,0,30,0,0,34,1,35,0,0,64,1,65,45,0,45,110
04/21/2019,HWD,CA,AWP,WE,Towers with Radar,0,1,12,0,13,0,0,110,0,110,0,1,122,0,123,222,0,222,345
04/22/2019,HWD,CA,AWP,WE,Towers with Radar,0,3,9,0,12,0,0,119,2,121,0,3,128,2,133,298,0,298,431
04/23/2019,HWD,CA,AWP,WE,Towers with Radar,0,0,11,0,11,0,0,114,1,115,0,0,125,1,126,283,0,283,409
04/24/2019,HWD,CA,AWP,WE,Towers with Radar,0,6,23,0,29,0,2,153,0,155,0,8,176,0,184,363,0,363,547
04/25/2019,HWD,CA,AWP,WE,Towers with Radar,0,5,22,0,27,0,0,118,2,120,0,5,140,2,147,211,0,211,358
04/26/2019,HWD,CA,AWP,WE,Towers with Radar,0,2,24,0,26,0,2,127,1,130,0,4,151,1,156,386,0,386,542
04/27/2019,HWD,CA,AWP,WE,Towers with Radar,0,1,22,0,23,0,0,151,0,151,0,1,173,0,174,284,0,284,458
04/28/2019,HWD,CA,AWP,WE,Towers with Radar,0,9,23,0,32,0,0,114,0,114,0,9,137,0,146,294,0,294,440
04/29/2019,HWD,CA,AWP,WE,Towers with Radar,0,4,21,0,25,0,0,107,0,107,0,4,128,0,132,210,0,210,342
04/30/2019,HWD,CA,AWP,WE,Towers with Radar,0,1,22,0,23,0,1,118,0,119,0,2,140,0,142,284,0,284,426
05/01/2019,HWD,CA,AWP,WE,Towers with Radar,0,6,20,0,26,0,0,145,0,145,0,6,165,0,171,300,0,300,471
05/02/2019,HWD,CA,AWP,WE,Towers with Radar,0,2,20,0,22,0,0,151,2,153,0,2,171,2,175,206,0,206,381
05/03/2019,HWD,CA,AWP,WE,Towers with Radar,0,2,24,0,26,0,0,131,0,131,0,2,155,0,157,249,0,249,406
05/04/2019,HWD,CA,AWP,WE,Towers with Radar,0,2,21,0,23,0,0,133,0,133,0,2,154,0,156,166,0,166,322
05/05/2019,HWD,CA,AWP,WE,Towers with Radar,0,2,24,0,26,0,1,96,0,97,0,3,120,0,123,232,0,232,355
05/06/2019,HWD,CA,AWP,WE,Towers with Radar,0,0,42,0,42,0,0,85,0,85,0,0,127,0,127,195,0,195,322
05/07/2019,HWD,CA,AWP,WE,Towers with Radar,0,3,28,0,31,0,1,96,0,97,0,4,124,0,128,296,0,296,424
05/08/2019,HWD,CA,AWP,WE,Towers with Radar,0,0,28,0,28,0,0,94,0,94,0,0,122,0,122,171,0,171,293
05/09/2019,HWD,CA,AWP,WE,Towers with Radar,0,2,34,0,36,0,0,80,0,80,0,2,114,0,116,385,0,385,501
05/10/2019,HWD,CA,AWP,WE,Towers with Radar,0,0,25,0,25,0,0,96,0,96,0,0,121,0,121,216,0,216,337
05/11/2019,HWD,CA,AWP,WE,Towers with Radar,0,3,25,0,28,0,0,133,1,134,0,3,158,1,162,199,0,199,361
05/12/2019,HWD,CA,AWP,WE,Towers with Radar,0,4,21,0,25,0,0,81,0,81,0,4,102,0,106,220,0,220,326
05/13/2019,HWD,CA,AWP,WE,Towers with Radar,0,2,26,0,28,0,1,118,1,120,0,3,144,1,148,296,0,296,444
05/14/2019,HWD,CA,AWP,WE,Towers with Radar,0,1,27,0,28,0,1,116,1,118,0,2,143,1,146,346,0,346,492
05/15/2019,HWD,CA,AWP,WE,Towers with Radar,0,1,22,0,23,0,0,37,0,37,0,1,59,0,60,57,0,57,117
05/16/2019,HWD,CA,AWP,WE,Towers with Radar,0,6,17,0,23,0,0,29,0,29,0,6,46,0,52,68,0,68,120
05/17/2019,HWD,CA,AWP,WE,Towers with Radar,0,4,26,0,30,0,0,103,1,104,0,4,129,1,134,86,0,86,220
05/18/2019,HWD,CA,AWP,WE,Towers with Radar,0,0,41,0,41,0,0,33,0,33,0,0,74,0,74,68,0,68,142
05/19/2019,HWD,CA,AWP,WE,Towers with Radar,0,3,17,0,20,0,0,41,0,41,0,3,58,0,61,56,0,56,117
05/20/2019,HWD,CA,AWP,WE,Towers with Radar,0,1,30,0,31,0,0,99,0,99,0,1,129,0,130,281,0,281,411
05/21/2019,HWD,CA,AWP,WE,Towers with Radar,0,3,39,0,42,0,2,24,1,27,0,5,63,1,69,43,0,43,112
05/22/2019,HWD,CA,AWP,WE,Towers with Radar,0,3,27,0,30,0,0,112,0,112,0,3,139,0,142,318,0,318,460
05/23/2019,HWD,CA,AWP,WE,Towers with Radar,0,2,19,0,21,0,0,112,0,112,0,2,131,0,133,289,0,289,422
05/24/2019,HWD,CA,AWP,WE,Towers with Radar,0,7,28,0,35,0,1,113,1,115,0,8,141,1,150,156,0,156,306
05/25/2019,HWD,CA,AWP,WE,Towers with Radar,0,0,22,0,22,0,0,101,0,101,0,0,123,0,123,169,0,169,292
05/26/2019,HWD,CA,AWP,WE,Towers with Radar,0,3,14,0,17,0,0,19,0,19,0,3,33,0,36,50,0,50,86
05/27/2019,HWD,CA,AWP,WE,Towers with Radar,0,5,42,0,47,0,0,83,0,83,0,5,125,0,130,237,0,237,367
05/28/2019,HWD,CA,AWP,WE,Towers with Radar,0,3,24,0,27,0,3,135,1,139,0,6,159,1,166,248,0,248,414
05/29/2019,HWD,CA,AWP,WE,Towers with Radar,0,11,33,0,44,0,2,132,0,134,0,13,165,0,178,218,0,218,396
05/30/2019,HWD,CA,AWP,WE,Towers with Radar,0,3,39,0,42,0,0,86,1,87,0,3,125,1,129,251,0,251,380
05/31/2019,HWD,CA,AWP,WE,Towers with Radar,0,4,23,0,27,0,0,125,1,126,0,4,148,1,153,125,0,125,278
06/01/2019,HWD,CA,AWP,WE,Towers with Radar,0,1,19,0,20,0,0,117,0,117,0,1,136,0,137,210,0,210,347
06/02/2019,HWD,CA,AWP,WE,Towers with Radar,0,4,27,0,31,0,0,91,0,91,0,4,118,0,122,424,0,424,546
06/03/2019,HWD,CA,AWP,WE,Towers with Radar,1,1,25,0,27,0,0,90,2,92,1,1,115,2,119,89,0,89,208
06/04/2019,HWD,CA,AWP,WE,Towers with Radar,0,0,24,0,24,0,0,104,2,106,0,0,128,2,130,249,0,249,379
06/05/2019,HWD,CA,AWP,WE,Towers with Radar,0,3,12,0,15,0,0,143,1,144,0,3,155,1,159,216,0,216,375
06/06/2019,HWD,CA,AWP,WE,Towers with Radar,0,10,25,0,35,0,2,106,0,108,0,12,131,0,143,241,0,241,384
06/07/2019,HWD,CA,AWP,WE,Towers with Radar,0,6,17,0,23,0,1,121,4,126,0,7,138,4,149,163,0,163,312
06/08/2019,HWD,CA,AWP,WE,Towers with Radar,0,2,17,0,19,0,1,105,0,106,0,3,122,0,125,209,0,209,334
06/09/2019,HWD,CA,AWP,WE,Towers with Radar,0,4,27,0,31,0,1,92,0,93,0,5,119,0,124,221,0,221,345
06/10/2019,HWD,CA,AWP,WE,Towers with Radar,0,3,21,0,24,0,0,102,0,102,0,3,123,0,126,112,0,112,238
06/11/2019,HWD,CA,AWP,WE,Towers with Radar,0,1,19,0,20,0,0,99,0,99,0,1,118,0,119,96,0,96,215
06/12/2019,HWD,CA,AWP,WE,Towers with Radar,0,2,27,0,29,0,0,138,0,138,0,2,165,0,167,332,0,332,499
06/13/2019,HWD,CA,AWP,WE,Towers with Radar,0,1,20,0,21,0,3,119,2,124,0,4,139,2,145,337,0,337,482
06/14/2019,HWD,CA,AWP,WE,Towers with Radar,0,5,28,0,33,0,0,141,0,141,0,5,169,0,174,312,0,312,486
06/15/2019,HWD,CA,AWP,WE,Towers with Radar,0,4,29,0,33,0,0,81,0,81,0,4,110,0,114,259,0,259,373
06/16/2019,HWD,CA,AWP,WE,Towers with Radar,0,6,33,0,39,0,0,111,0,111,0,6,144,0,150,257,0,257,407
06/17/2019,HWD,CA,AWP,WE,Towers with Radar,0,3,18,0,21,0,0,107,1,108,0,3,125,1,129,208,0,208,337
06/18/2019,HWD,CA,AWP,WE,Towers with Radar,0,2,20,0,22,0,2,135,0,137,0,4,155,0,159,306,0,306,465
06/19/2019,HWD,CA,AWP,WE,Towers with Radar,0,1,20,0,21,0,1,104,0,105,0,2,124,0,126,262,0,262,388
06/20/2019,HWD,CA,AWP,WE,Towers with Radar,0,1,20,0,21,0,0,118,0,118,0,1,138,0,139,380,0,380,519
06/21/2019,HWD,CA,AWP,WE,Towers with Radar,0,2,28,0,30,0,1,104,0,105,0,3,132,0,135,223,0,223,358
06/22/2019,HWD,CA,AWP,WE,Towers with Radar,0,3,12,0,15,0,0,128,0,128,0,3,140,0,143,339,0,339,482
06/23/2019,HWD,CA,AWP,WE,Towers with Radar,0,2,26,0,28,0,0,141,0,141,0,2,167,0,169,356,0,356,525
06/24/2019,HWD,CA,AWP,WE,Towers with Radar,0,5,26,0,31,0,2,124,1,127,0,7,150,1,158,248,0,248,406
06/25/2019,HWD,CA,AWP,WE,Towers with Radar,0,2,21,0,23,0,0,125,0,125,0,2,146,0,148,178,0,178,326
06/26/2019,HWD,CA,AWP,WE,Towers with Radar,0,2,18,0,20,0,0,112,0,112,0,2,130,0,132,199,0,199,331
06/27/2019,HWD,CA,AWP,WE,Towers with Radar,0,1,15,0,16,0,0,101,0,101,0,1,116,0,117,290,0,290,407
06/28/2019,HWD,CA,AWP,WE,Towers with Radar,0,3,29,0,32,0,2,157,0,159,0,5,186,0,191,299,0,299,490
06/29/2019,HWD,CA,AWP,WE,Towers with Radar,0,0,23,0,23,0,0,152,0,152,0,0,175,0,175,225,0,225,400
06/30/2019,HWD,CA,AWP,WE,Towers with Radar,0,1,25,0,26,0,3,115,0,118,0,4,140,0,144,275,0,275,419
07/01/2019,HWD,CA,AWP,WE,Towers with Radar,0,7,21,0,28,0,0,97,0,97,0,7,118,0,125,161,0,161,286
07/02/2019,HWD,CA,AWP,WE,Towers with Radar,0,2,32,0,34,0,0,125,2,127,0,2,157,2,161,271,0,271,432
07/03/2019,HWD,CA,AWP,WE,Towers with Radar,0,3,19,0,22,0,0,138,0,138,0,3,157,0,160,369,0,369,529
07/04/2019,HWD,CA,AWP,WE,Towers with Radar,0,1,17,0,18,0,0,61,0,61,0,1,78,0,79,62,0,62,141
07/05/2019,HWD,CA,AWP,WE,Towers with Radar,0,4,21,0,25,0,1,110,0,111,0,5,131,0,136,202,0,202,338
07/06/2019,HWD,CA,AWP,WE,Towers with Radar,0,3,16,2,21,0,1,110,0,111,0,4,126,2,132,187,0,187,319
07/07/2019,HWD,CA,AWP,WE,Towers with Radar,0,5,18,0,23,0,0,84,0,84,0,5,102,0,107,164,0,164,271
07/08/2019,HWD,CA,AWP,WE,Towers with Radar,0,4,22,0,26,0,0,64,0,64,0,4,86,0,90,153,0,153,243
07/09/2019,HWD,CA,AWP,WE,Towers with Radar,0,1,43,0,44,0,0,75,0,75,0,1,118,0,119,193,0,193,312
07/10/2019,HWD,CA,AWP,WE,Towers with Radar,0,3,34,0,37,0,0,85,0,85,0,3,119,0,122,205,0,205,327
07/11/2019,HWD,CA,AWP,WE,Towers with Radar,0,3,18,0,21,0,1,118,0,119,0,4,136,0,140,222,0,222,362
07/12/2019,HWD,CA,AWP,WE,Towers with Radar,0,3,42,0,45,0,1,169,0,170,0,4,211,0,215,288,0,288,503
07/13/2019,HWD,CA,AWP,WE,Towers with Radar,0,4,24,0,28,0,0,119,0,119,0,4,143,0,147,262,0,262,409
07/14/2019,HWD,CA,AWP,WE,Towers with Radar,0,4,18,0,22,0,1,125,0,126,0,5,143,0,148,268,0,268,416
07/15/2019,HWD,CA,AWP,WE,Towers with Radar,0,7,22,0,29,0,2,117,2,121,0,9,139,2,150,163,0,163,313
07/16/2019,HWD,CA,AWP,WE,Towers with Radar,0,0,21,0,21,0,0,129,0,129,0,0,150,0,150,22,0,22,172
07/17/2019,HWD,CA,AWP,WE,Towers with Radar,0,2,28,0,30,0,3,123,1,127,0,5,151,1,157,196,0,196,353
07/18/2019,HWD,CA,AWP,WE,Towers with Radar,0,0,26,0,26,0,0,134,0,134,0,0,160,0,160,202,0,202,362
07/19/2019,HWD,CA,AWP,WE,Towers with Radar,0,3,16,0,19,0,1,145,3,149,0,4,161,3,168,256,0,256,424
07/20/2019,HWD,CA,AWP,WE,Towers with Radar,0,0,32,0,32,0,0,99,0,99,0,0,131,0,131,270,0,270,401
07/21/2019,HWD,CA,AWP,WE,Towers with Radar,0,6,22,0,28,0,2,140,0,142,0,8,162,0,170,251,0,251,421
07/22/2019,HWD,CA,AWP,WE,Towers with Radar,0,3,15,0,18,0,0,93,1,94,0,3,108,1,112,260,0,260,372
07/23/2019,HWD,CA,AWP,WE,Towers with Radar,0,0,19,0,19,0,0,139,1,140,0,0,158,1,159,190,0,190,349
07/24/2019,HWD,CA,AWP,WE,Towers with Radar,0,1,21,0,22,0,1,107,1,109,0,2,128,1,131,309,0,309,440
07/25/2019,HWD,CA,AWP,WE,Towers with Radar,0,1,23,1,25,0,1,115,1,117,0,2,138,2,142,320,0,320,462
07/26/2019,HWD,CA,AWP,WE,Towers with Radar,0,4,28,0,32,0,1,122,0,123,0,5,150,0,155,197,0,197,352
07/27/2019,HWD,CA,AWP,WE,Towers with Radar,0,0,26,0,26,0,3,143,0,146,0,3,169,0,172,326,0,326,498
07/28/2019,HWD,CA,AWP,WE,Towers with Radar,0,3,18,0,21,0,1,120,0,121,0,4,138,0,142,233,0,233,375
07/29/2019,HWD,CA,AWP,WE,Towers with Radar,0,2,31,1,34,0,1,88,0,89,0,3,119,1,123,264,0,264,387
07/30/2019,HWD,CA,AWP,WE,Towers with Radar,0,2,25,0,27,0,1,107,3,111,0,3,132,3,138,216,0,216,354
07/31/2019,HWD,CA,AWP,WE,Towers with Radar,0,0,23,0,23,0,1,134,1,136,0,1,157,1,159,374,0,374,533
08/01/2019,HWD,CA,AWP,WE,Towers with Radar,0,3,24,0,27,0,0,75,2,77,0,3,99,2,104,117,0,117,221
08/02/2019,HWD,CA,AWP,WE,Towers with Radar,0,2,18,0,20,0,1,90,0,91,0,3,108,0,111,210,0,210,321
08/03/2019,HWD,CA,AWP,WE,Towers with Radar,0,2,19,0,21,0,1,137,0,138,0,3,156,0,159,258,0,258,417
08/04/2019,HWD,CA,AWP,WE,Towers with Radar,0,1,21,0,22,0,1,118,0,119,0,2,139,0,141,115,0,115,256
08/05/2019,HWD,CA,AWP,WE,Towers with Radar,0,6,28,0,34,0,0,77,3,80,0,6,105,3,114,132,8,140,254
08/06/2019,HWD,CA,AWP,WE,Towers with Radar,0,2,29,0,31,0,1,95,0,96,0,3,124,0,127,192,0,192,319
08/07/2019,HWD,CA,AWP,WE,Towers with Radar,0,4,17,0,21,0,0,111,0,111,0,4,128,0,132,242,0,242,374
08/08/2019,HWD,CA,AWP,WE,Towers with Radar,0,4,19,0,23,0,0,96,1,97,0,4,115,1,120,180,0,180,300
08/09/2019,HWD,CA,AWP,WE,Towers with Radar,0,1,23,0,24,0,1,132,1,134,0,2,155,1,158,246,0,246,404
08/10/2019,HWD,CA,AWP,WE,Towers with Radar,0,3,23,0,26,0,0,110,0,110,0,3,133,0,136,289,0,289,425
08/11/2019,HWD,CA,AWP,WE,Towers with Radar,0,2,18,0,20,0,0,105,0,105,0,2,123,0,125,211,0,211,336
08/12/2019,HWD,CA,AWP,WE,Towers with Radar,0,3,16,0,19,0,0,91,1,92,0,3,107,1,111,163,0,163,274
08/13/2019,HWD,CA,AWP,WE,Towers with Radar,0,1,15,0,16,0,0,130,1,131,0,1,145,1,147,146,0,146,293
08/14/2019,HWD,CA,AWP,WE,Towers with Radar,0,4,11,0,15,0,0,120,1,121,0,4,131,1,136,224,0,224,360
08/15/2019,HWD,CA,AWP,WE,Towers with Radar,0,0,21,0,21,0,1,133,0,134,0,1,154,0,155,253,0,253,408
08/16/2019,HWD,CA,AWP,WE,Towers with Radar,0,2,22,0,24,0,2,138,0,140,0,4,160,0,164,288,0,288,452
08/17/2019,HWD,CA,AWP,WE,Towers with Radar,0,2,24,0,26,0,0,110,0,110,0,2,134,0,136,271,0,271,407
08/18/2019,HWD,CA,AWP,WE,Towers with Radar,0,0,22,0,22,0,3,118,0,121,0,3,140,0,143,127,0,127,270
08/19/2019,HWD,CA,AWP,WE,Towers with Radar,0,4,32,0,36,0,0,91,0,91,0,4,123,0,127,177,0,177,304
08/20/2019,HWD,CA,AWP,WE,Towers with Radar,0,3,22,0,25,0,0,97,3,100,0,3,119,3,125,220,0,220,345
08/21/2019,HWD,CA,AWP,WE,Towers with Radar,0,4,28,0,32,0,0,140,1,141,0,4,168,1,173,210,0,210,383
08/22/2019,HWD,CA,AWP,WE,Towers with Radar,0,3,21,0,24,0,1,131,0,132,0,4,152,0,156,230,8,238,394
08/23/2019,HWD,CA,AWP,WE,Towers with Radar,0,3,20,0,23,0,1,158,0,159,0,4,178,0,182,225,0,225,407
08/24/2019,HWD,CA,AWP,WE,Towers with Radar,0,1,21,0,22,0,1,127,1,129,0,2,148,1,151,312,6,318,469
08/25/2019,HWD,CA,AWP,WE,Towers with Radar,0,1,25,0,26,0,0,118,1,119,0,1,143,1,145,249,0,249,394
08/26/2019,HWD,CA,AWP,WE,Towers with Radar,0,0,10,0,10,0,2,97,1,100,0,2,107,1,110,206,0,206,316
08/27/2019,HWD,CA,AWP,WE,Towers with Radar,0,1,20,0,21,0,0,139,0,139,0,1,159,0,160,230,0,230,390
08/28/2019,HWD,CA,AWP,WE,Towers with Radar,0,2,27,0,29,0,1,129,1,131,0,3,156,1,160,263,0,263,423
08/29/2019,HWD,CA,AWP,WE,Towers with Radar,0,3,22,0,25,0,1,113,0,114,0,4,135,0,139,163,0,163,302
08/30/2019,HWD,CA,AWP,WE,Towers with Radar,0,4,31,0,35,0,2,129,1,132,0,6,160,1,167,186,0,186,353
08/31/2019,HWD,CA,AWP,WE,Towers with Radar,0,1,8,0,9,0,0,110,0,110,0,1,118,0,119,194,0,194,313
09/01/2019,HWD,CA,AWP,WE,Towers with Radar,0,4,6,0,10,0,0,103,0,103,0,4,109,0,113,186,0,186,299
09/02/2019,HWD,CA,AWP,WE,Towers with Radar,0,6,34,0,40,0,0,128,0,128,0,6,162,0,168,153,0,153,321
09/03/2019,HWD,CA,AWP,WE,Towers with Radar,0,3,18,0,21,0,0,104,0,104,0,3,122,0,125,150,0,150,275
09/04/2019,HWD,CA,AWP,WE,Towers with Radar,0,1,23,0,24,0,0,139,0,139,0,1,162,0,163,262,0,262,425
09/05/2019,HWD,CA,AWP,WE,Towers with Radar,0,5,25,0,30,0,0,103,0,103,0,5,128,0,133,263,0,263,396
09/06/2019,HWD,CA,AWP,WE,Towers with Radar,0,2,25,0,27,0,0,108,3,111,0,2,133,3,138,176,0,176,314
09/07/2019,HWD,CA,AWP,WE,Towers with Radar,0,2,28,0,30,0,0,63,0,63,0,2,91,0,93,125,1,126,219
09/08/2019,HWD,CA,AWP,WE,Towers with Radar,0,5,27,0,32,0,0,99,0,99,0,5,126,0,131,203,0,203,334
09/09/2019,HWD,CA,AWP,WE,Towers with Radar,0,3,13,0,16,0,1,83,0,84,0,4,96,0,100,132,0,132,232
09/10/2019,HWD,CA,AWP,WE,Towers with Radar,0,6,20,0,26,0,0,102,0,102,0,6,122,0,128,252,0,252,380
09/11/2019,HWD,CA,AWP,WE,Towers with Radar,0,2,27,0,29,0,0,136,1,137,0,2,163,1,166,217,0,217,383
09/12/2019,HWD,CA,AWP,WE,Towers with Radar,0,2,22,0,24,0,0,114,0,114,0,2,136,0,138,165,0,165,303
09/13/2019,HWD,CA,AWP,WE,Towers with Radar,0,2,23,0,25,0,2,130,0,132,0,4,153,0,157,131,0,131,288
09/14/2019,HWD,CA,AWP,WE,Towers with Radar,0,3,28,0,31,0,0,149,0,149,0,3,177,0,180,180,0,180,360
09/15/2019,HWD,CA,AWP,WE,Towers with Radar,0,5,27,0,32,0,0,90,2,92,0,5,117,2,124,219,0,219,343
09/16/2019,HWD,CA,AWP,WE,Towers with Radar,0,3,15,0,18,0,0,73,0,73,0,3,88,0,91,133,0,133,224
09/17/2019,HWD,CA,AWP,WE,Towers with Radar,0,15,33,0,48,0,0,65,2,67,0,15,98,2,115,79,0,79,194
09/18/2019,HWD,CA,AWP,WE,Towers with Radar,0,4,35,0,39,0,1,50,0,51,0,5,85,0,90,191,0,191,281
09/19/2019,HWD,CA,AWP,WE,Towers with Radar,0,4,23,1,28,0,1,138,1,140,0,5,161,2,168,226,0,226,394
09/20/2019,HWD,CA,AWP,WE,Towers with Radar,0,5,29,0,34,0,0,176,1,177,0,5,205,1,211,292,0,292,503
09/21/2019,HWD,CA,AWP,WE,Towers with Radar,0,4,13,0,17,0,0,123,0,123,0,4,136,0,140,232,0,232,372
09/22/2019,HWD,CA,AWP,WE,Towers with Radar,0,4,32,0,36,0,3,267,1,271,0,7,299,1,307,73,0,73,380
09/23/2019,HWD,CA,AWP,WE,Towers with Radar,0,3,24,0,27,0,0,70,0,70,0,3,94,0,97,187,0,187,284
09/24/2019,HWD,CA,AWP,WE,Towers with Radar,0,2,21,0,23,0,0,104,0,104,0,2,125,0,127,205,0,205,332
09/25/2019,HWD,CA,AWP,WE,Towers with Radar,0,2,15,0,17,0,0,103,0,103,0,2,118,0,120,135,0,135,255
09/26/2019,HWD,CA,AWP,WE,Towers with Radar,0,6,24,0,30,0,3,119,2,124,0,9,143,2,154,161,0,161,315
09/27/2019,HWD,CA,AWP,WE,Towers with Radar,0,1,31,0,32,0,0,58,0,58,0,1,89,0,90,181,0,181,271
09/28/2019,HWD,CA,AWP,WE,Towers with Radar,0,0,18,0,18,0,0,79,0,79,0,0,97,0,97,138,0,138,235
09/29/2019,HWD,CA,AWP,WE,Towers with Radar,0,1,20,0,21,0,0,111,0,111,0,1,131,0,132,183,0,183,315
09/30/2019,HWD,CA,AWP,WE,Towers with Radar,0,2,22,0,24,0,0,81,0,81,0,2,103,0,105,108,0,108,213
10/01/2019,HWD,CA,AWP,WE,Towers with Radar,0,2,12,0,14,0,0,103,4,107,0,2,115,4,121,178,0,178,299
10/02/2019,HWD,CA,AWP,WE,Towers with Radar,0,4,14,0,18,0,2,125,0,127,0,6,139,0,145,240,0,240,385
10/03/2019,HWD,CA,AWP,WE,Towers with Radar,0,4,22,0,26,0,2,142,0,144,0,6,164,0,170,232,0,232,402
10/04/2019,HWD,CA,AWP,WE,Towers with Radar,0,6,20,0,26,0,3,113,0,116,0,9,133,0,142,97,0,97,239
10/05/2019,HWD,CA,AWP,WE,Towers with Radar,0,0,11,0,11,0,3,156,0,159,0,3,167,0,170,281,0,281,451
10/06/2019,HWD,CA,AWP,WE,Towers with Radar,0,4,14,0,18,0,3,121,0,124,0,7,135,0,142,332,0,332,474
10/07/2019,HWD,CA,AWP,WE,Towers with Radar,0,1,18,0,19,0,0,121,0,121,0,1,139,0,140,173,0,173,313
10/08/2019,HWD,CA,AWP,WE,Towers with Radar,0,3,9,0,12,0,0,96,0,96,0,3,105,0,108,281,0,281,389
10/09/2019,HWD,CA,AWP,WE,Towers with Radar,0,1,17,0,18,0,0,99,1,100,0,1,116,1,118,139,0,139,257
10/10/2019,HWD,CA,AWP,WE,Towers with Radar,0,4,19,0,23,0,0,97,1,98,0,4,116,1,121,150,0,150,271
10/11/2019,HWD,CA,AWP,WE,Towers with Radar,0,1,16,0,17,0,0,158,1,159,0,1,174,1,176,333,0,333,509
10/12/2019,HWD,CA,AWP,WE,Towers with Radar,0,0,16,0,16,0,0,132,0,132,0,0,148,0,148,296,0,296,444
10/13/2019,HWD,CA,AWP,WE,Towers with Radar,1,5,10,0,16,0,1,114,0,115,1,6,124,0,131,217,0,217,348
10/14/2019,HWD,CA,AWP,WE,Towers with Radar,0,1,22,0,23,0,0,103,0,103,0,1,125,0,126,167,0,167,293
10/15/2019,HWD,CA,AWP,WE,Towers with Radar,0,2,37,0,39,0,0,70,1,71,0,2,107,1,110,59,20,79,189
10/16/2019,HWD,CA,AWP,WE,Towers with Radar,0,0,19,0,19,0,1,107,0,108,0,1,126,0,127,328,0,328,455
10/17/2019,HWD,CA,AWP,WE,Towers with Radar,0,5,25,0,30,0,0,91,0,91,0,5,116,0,121,290,0,290,411
10/18/2019,HWD,CA,AWP,WE,Towers with Radar,0,3,24,0,27,0,1,125,0,126,0,4,149,0,153,169,0,169,322
10/19/2019,HWD,CA,AWP,WE,Towers with Radar,0,1,24,0,25,0,2,114,0,116,0,3,138,0,141,313,0,313,454
10/20/2019,HWD,CA,AWP,WE,Towers with Radar,0,3,18,0,21,0,1,134,0,135,0,4,152,0,156,232,0,232,388
10/21/2019,HWD,CA,AWP,WE,Towers with Radar,0,3,21,0,24,0,3,98,3,104,0,6,119,3,128,245,0,245,373
10/22/2019,HWD,CA,AWP,WE,Towers with Radar,0,3,18,0,21,0,0,141,0,141,0,3,159,0,162,173,0,173,335
10/23/2019,HWD,CA,AWP,WE,Towers with Radar,0,6,34,0,40,0,3,102,1,106,0,9,136,1,146,376,0,376,522
10/24/2019,HWD,CA,AWP,WE,Towers with Radar,0,2,25,0,27,0,0,107,1,108,0,2,132,1,135,257,0,257,392
10/25/2019,HWD,CA,AWP,WE,Towers with Radar,0,6,28,0,34,0,1,121,3,125,0,7,149,3,159,361,14,375,534
10/26/2019,HWD,CA,AWP,WE,Towers with Radar,0,2,17,0,19,0,2,153,0,155,0,4,170,0,174,239,0,239,413
10/27/2019,HWD,CA,AWP,WE,Towers with Radar,0,3,8,0,11,0,1,27,0,28,0,4,35,0,39,21,0,21,60
10/28/2019,HWD,CA,AWP,WE,Towers with Radar,0,7,28,0,35,0,1,93,1,95,0,8,121,1,130,137,0,137,267
10/29/2019,HWD,CA,AWP,WE,Towers with Radar,0,1,19,0,20,0,0,93,0,93,0,1,112,0,113,225,0,225,338
10/30/2019,HWD,CA,AWP,WE,Towers with Radar,0,2,23,0,25,0,0,119,0,119,0,2,142,0,144,220,0,220,364
10/31/2019,HWD,CA,AWP,WE,Towers with Radar,0,3,18,0,21,0,2,117,0,119,0,5,135,0,140,213,0,213,353
11/01/2019,HWD,CA,AWP,WE,Towers with Radar,0,2,19,0,21,0,0,115,0,115,0,2,134,0,136,208,0,208,344
11/02/2019,HWD,CA,AWP,WE,Towers with Radar,0,0,16,0,16,0,1,120,0,121,0,1,136,0,137,389,0,389,526
11/03/2019,HWD,CA,AWP,WE,Towers with Radar,0,3,24,0,27,0,1,134,0,135,0,4,158,0,162,236,0,236,398
11/04/2019,HWD,CA,AWP,WE,Towers with Radar,0,3,17,0,20,0,1,106,0,107,0,4,123,0,127,218,0,218,345
11/05/2019,HWD,CA,AWP,WE,Towers with Radar,0,1,34,0,35,0,0,100,0,100,0,1,134,0,135,259,0,259,394
11/06/2019,HWD,CA,AWP,WE,Towers with Radar,0,0,20,0,20,0,0,87,0,87,0,0,107,0,107,215,0,215,322
11/07/2019,HWD,CA,AWP,WE,Towers with Radar,0,2,36,0,38,0,2,48,2,52,0,4,84,2,90,156,0,156,246
11/08/2019,HWD,CA,AWP,WE,Towers with Radar,0,5,27,1,33,0,0,85,0,85,0,5,112,1,118,152,0,152,270
11/09/2019,HWD,CA,AWP,WE,Towers with Radar,0,2,29,0,31,0,0,48,0,48,0,2,77,0,79,99,0,99,178
11/10/2019,HWD,CA,AWP,WE,Towers with Radar,0,1,21,0,22,0,0,79,0,79,0,1,100,0,101,167,0,167,268
11/11/2019,HWD,CA,AWP,WE,Towers with Radar,0,0,17,0,17,0,2,104,0,106,0,2,121,0,123,356,0,356,479
11/12/2019,HWD,CA,AWP,WE,Towers with Radar,0,1,28,0,29,0,1,140,0,141,0,2,168,0,170,217,0,217,387
11/13/2019,HWD,CA,AWP,WE,Towers with Radar,0,7,19,0,26,0,3,68,0,71,0,10,87,0,97,312,0,312,409
11/14/2019,HWD,CA,AWP,WE,Towers with Radar,0,4,29,0,33,0,1,85,2,88,0,5,114,2,121,303,0,303,424
11/15/2019,HWD,CA,AWP,WE,Towers with Radar,0,2,22,0,24,0,1,104,1,106,0,3,126,1,130,406,0,406,536
11/16/2019,HWD,CA,AWP,WE,Towers with Radar,0,3,20,0,23,0,1,147,1,149,0,4,167,1,172,232,0,232,404
11/17/2019,HWD,CA,AWP,WE,Towers with Radar,0,4,19,0,23,0,2,134,0,136,0,6,153,0,159,113,0,113,272
11/18/2019,HWD,CA,AWP,WE,Towers with Radar,0,4,22,0,26,0,1,103,0,104,0,5,125,0,130,266,0,266,396
11/19/2019,HWD,CA,AWP,WE,Towers with Radar,0,2,19,0,21,0,1,64,0,65,0,3,83,0,86,135,0,135,221
11/20/2019,HWD,CA,AWP,WE,Towers with Radar,0,4,20,0,24,0,1,53,2,56,0,5,73,2,80,71,0,71,151
11/21/2019,HWD,CA,AWP,WE,Towers with Radar,0,3,24,0,27,0,4,106,1,111,0,7,130,1,138,229,0,229,367
11/22/2019,HWD,CA,AWP,WE,Towers with Radar,0,5,32,0,37,0,1,142,0,143,0,6,174,0,180,356,0,356,536
11/23/2019,HWD,CA,AWP,WE,Towers with Radar,0,1,14,0,15,0,1,159,0,160,0,2,173,0,175,366,0,366,541
11/24/2019,HWD,CA,AWP,WE,Towers with Radar,0,1,14,0,15,0,1,120,0,121,0,2,134,0,136,111,0,111,247
11/25/2019,HWD,CA,AWP,WE,Towers with Radar,0,4,13,0,17,0,1,75,1,77,0,5,88,1,94,151,0,151,245
11/26/2019,HWD,CA,AWP,WE,Towers with Radar,0,6,17,0,23,0,1,44,0,45,0,7,61,0,68,123,0,123,191
11/27/2019,HWD,CA,AWP,WE,Towers with Radar,0,1,18,0,19,0,3,20,0,23,0,4,38,0,42,66,0,66,108
11/28/2019,HWD,CA,AWP,WE,Towers with Radar,0,0,6,0,6,0,0,19,0,19,0,0,25,0,25,50,0,50,75
11/29/2019,HWD,CA,AWP,WE,Towers with Radar,0,2,15,0,17,0,0,85,0,85,0,2,100,0,102,180,0,180,282
11/30/2019,HWD,CA,AWP,WE,Towers with Radar,0,5,20,0,25,0,0,19,1,20,0,5,39,1,45,64,0,64,109
12/01/2019,HWD,CA,AWP,WE,Towers with Radar,0,5,25,0,30,0,0,8,0,8,0,5,33,0,38,0,0,0,38
12/02/2019,HWD,CA,AWP,WE,Towers with Radar,0,1,21,0,22,0,0,22,0,22,0,1,43,0,44,30,0,30,74
12/03/2019,HWD,CA,AWP,WE,Towers with Radar,0,6,24,1,31,0,6,58,0,64,0,12,82,1,95,264,0,264,359
12/04/2019,HWD,CA,AWP,WE,Towers with Radar,0,7,36,0,43,0,1,32,3,36,0,8,68,3,79,156,0,156,235
12/05/2019,HWD,CA,AWP,WE,Towers with Radar,0,1,29,0,30,0,1,74,0,75,0,2,103,0,105,322,0,322,427
12/06/2019,HWD,CA,AWP,WE,Towers with Radar,0,8,16,0,24,0,6,45,0,51,0,14,61,0,75,93,0,93,168
12/07/2019,HWD,CA,AWP,WE,Towers with Radar,0,1,7,0,8,0,0,14,0,14,0,1,21,0,22,62,0,62,84
12/08/2019,HWD,CA,AWP,WE,Towers with Radar,0,3,23,0,26,0,3,47,0,50,0,6,70,0,76,248,0,248,324
12/09/2019,HWD,CA,AWP,WE,Towers with Radar,0,3,29,0,32,0,0,29,1,30,0,3,58,1,62,129,0,129,191
12/10/2019,HWD,CA,AWP,WE,Towers with Radar,0,1,22,0,23,0,4,74,0,78,0,5,96,0,101,283,0,283,384
12/11/2019,HWD,CA,AWP,WE,Towers with Radar,0,2,34,0,36,0,1,40,0,41,0,3,74,0,77,165,0,165,242
12/12/2019,HWD,CA,AWP,WE,Towers with Radar,0,3,35,0,38,0,1,22,0,23,0,4,57,0,61,60,0,60,121
12/13/2019,HWD,CA,AWP,WE,Towers with Radar,0,9,32,0,41,0,1,36,0,37,0,10,68,0,78,11,0,11,89
12/14/2019,HWD,CA,AWP,WE,Towers with Radar,0,2,14,0,16,0,1,92,0,93,0,3,106,0,109,255,0,255,364
12/15/2019,HWD,CA,AWP,WE,Towers with Radar,0,0,16,0,16,0,1,183,0,184,0,1,199,0,200,163,0,163,363
12/16/2019,HWD,CA,AWP,WE,Towers with Radar,0,4,20,0,24,0,1,173,1,175,0,5,193,1,199,202,0,202,401
12/17/2019,HWD,CA,AWP,WE,Towers with Radar,0,1,17,0,18,0,1,80,2,83,0,2,97,2,101,188,0,188,289
12/18/2019,HWD,CA,AWP,WE,Towers with Radar,0,3,34,0,37,0,1,23,0,24,0,4,57,0,61,24,0,24,85
12/19/2019,HWD,CA,AWP,WE,Towers with Radar,0,2,23,0,25,0,1,107,4,112,0,3,130,4,137,295,0,295,432
12/20/2019,HWD,CA,AWP,WE,Towers with Radar,0,3,22,0,25,0,3,117,2,122,0,6,139,2,147,183,0,183,330
12/21/2019,HWD,CA,AWP,WE,Towers with Radar,0,5,23,0,28,0,2,101,0,103,0,7,124,0,131,125,0,125,256
12/22/2019,HWD,CA,AWP,WE,Towers with Radar,0,1,21,0,22,0,0,6,0,6,0,1,27,0,28,0,0,0,28
12/23/2019,HWD,CA,AWP,WE,Towers with Radar,0,1,20,0,21,0,3,90,2,95,0,4,110,2,116,227,0,227,343
12/24/2019,HWD,CA,AWP,WE,Towers with Radar,0,0,14,0,14,0,1,54,0,55,0,1,68,0,69,196,0,196,265
12/25/2019,HWD,CA,AWP,WE,Towers with Radar,0,0,5,0,5,0,0,17,0,17,0,0,22,0,22,0,0,0,22
12/26/2019,HWD,CA,AWP,WE,Towers with Radar,0,2,20,0,22,0,0,109,0,109,0,2,129,0,131,154,0,154,285
12/27/2019,HWD,CA,AWP,WE,Towers with Radar,0,6,20,0,26,0,3,91,0,94,0,9,111,0,120,172,0,172,292
12/28/2019,HWD,CA,AWP,WE,Towers with Radar,0,0,15,0,15,0,1,123,0,124,0,1,138,0,139,133,0,133,272
12/29/2019,HWD,CA,AWP,WE,Towers with Radar,0,5,11,0,16,0,0,5,0,5,0,5,16,0,21,12,0,12,33
12/30/2019,HWD,CA,AWP,WE,Towers with Radar,0,0,17,0,17,0,0,100,1,101,0,0,117,1,118,141,0,141,259
12/31/2019,HWD,CA,AWP,WE,Towers with Radar,0,1,11,0,12,0,4,90,1,95,0,5,101,1,107,196,0,196,303
01/01/2020,HWD,CA,AWP,WE,Towers with Radar,0,4,19,0,23,0,0,11,0,11,0,4,30,0,34,10,0,10,44
01/02/2020,HWD,CA,AWP,WE,Towers with Radar,0,3,16,0,19,0,1,118,0,119,0,4,134,0,138,151,0,151,289
01/03/2020,HWD,CA,AWP,WE,Towers with Radar,0,7,14,0,21,0,3,102,0,105,0,10,116,0,126,198,0,198,324
01/04/2020,HWD,CA,AWP,WE,Towers with Radar,0,3,25,0,28,0,0,63,0,63,0,3,88,0,91,232,0,232,323
01/05/2020,HWD,CA,AWP,WE,Towers with Radar,0,7,22,0,29,0,2,152,0,154,0,9,174,0,183,193,0,193,376
01/06/2020,HWD,CA,AWP,WE,Towers with Radar,0,3,23,0,26,0,1,107,1,109,0,4,130,1,135,95,0,95,230
01/07/2020,HWD,CA,AWP,WE,Towers with Radar,0,2,15,0,17,0,2,85,0,87,0,4,100,0,104,254,0,254,358
01/08/2020,HWD,CA,AWP,WE,Towers with Radar,0,2,28,0,30,0,0,50,1,51,0,2,78,1,81,228,0,228,309
01/09/2020,HWD,CA,AWP,WE,Towers with Radar,0,2,18,0,20,0,0,32,0,32,0,2,50,0,52,187,0,187,239
01/10/2020,HWD,CA,AWP,WE,Towers with Radar,0,3,15,0,18,0,0,103,0,103,0,3,118,0,121,123,0,123,244
01/11/2020,HWD,CA,AWP,WE,Towers with Radar,0,0,23,0,23,0,0,141,0,141,0,0,164,0,164,195,0,195,359
01/12/2020,HWD,CA,AWP,WE,Towers with Radar,0,3,19,0,22,0,0,118,0,118,0,3,137,0,140,133,0,133,273
01/13/2020,HWD,CA,AWP,WE,Towers with Radar,0,4,18,0,22,0,0,76,0,76,0,4,94,0,98,210,0,210,308
01/14/2020,HWD,CA,AWP,WE,Towers with Radar,0,2,20,0,22,0,0,101,0,101,0,2,121,0,123,165,0,165,288
01/15/2020,HWD,CA,AWP,WE,Towers with Radar,0,2,17,0,19,0,0,112,1,113,0,2,129,1,132,222,0,222,354
01/16/2020,HWD,CA,AWP,WE,Towers with Radar,0,0,14,0,14,0,1,4,0,5,0,1,18,0,19,38,0,38,57
01/17/2020,HWD,CA,AWP,WE,Towers with Radar,0,7,23,0,30,0,1,103,3,107,0,8,126,3,137,131,0,131,268
01/18/2020,HWD,CA,AWP,WE,Towers with Radar,0,1,15,0,16,0,1,112,0,113,0,2,127,0,129,241,0,241,370
01/19/2020,HWD,CA,AWP,WE,Towers with Radar,0,5,18,0,23,0,0,110,0,110,0,5,128,0,133,319,0,319,452
01/20/2020,HWD,CA,AWP,WE,Towers with Radar,0,9,33,0,42,0,5,86,1,92,0,14,119,1,134,227,0,227,361
01/21/2020,HWD,CA,AWP,WE,Towers with Radar,0,5,16,0,21,0,0,29,0,29,0,5,45,0,50,63,0,63,113
01/22/2020,HWD,CA,AWP,WE,Towers with Radar,0,2,26,0,28,0,2,62,0,64,0,4,88,0,92,280,0,280,372
01/23/2020,HWD,CA,AWP,WE,Towers with Radar,1,8,26,0,35,0,0,115,1,116,1,8,141,1,151,301,0,301,452
01/24/2020,HWD,CA,AWP,WE,Towers with Radar,0,8,29,0,37,0,0,88,0,88,0,8,117,0,125,159,0,159,284
01/25/2020,HWD,CA,AWP,WE,Towers with Radar,0,2,21,0,23,0,0,88,0,88,0,2,109,0,111,162,0,162,273
01/26/2020,HWD,CA,AWP,WE,Towers with Radar,0,12,20,0,32,0,1,60,1,62,0,13,80,1,94,313,0,313,407
01/27/2020,HWD,CA,AWP,WE,Towers with Radar,0,4,30,0,34,0,0,48,0,48,0,4,78,0,82,362,0,362,444
01/28/2020,HWD,CA,AWP,WE,Towers with Radar,0,3,19,0,22,0,0,34,0,34,0,3,53,0,56,128,0,128,184
01/29/2020,HWD,CA,AWP,WE,Towers with Radar,0,1,22,0,23,0,1,131,1,133,0,2,153,1,156,268,0,268,424
01/30/2020,HWD,CA,AWP,WE,Towers with Radar,0,3,28,0,31,0,2,42,0,44,0,5,70,0,75,102,0,102,177
01/31/2020,HWD,CA,AWP,WE,Towers with Radar,0,6,25,0,31,0,1,105,0,106,0,7,130,0,137,251,0,251,388
02/01/2020,HWD,CA,AWP,WE,Towers with Radar,0,0,22,0,22,0,0,109,0,109,0,0,131,0,131,246,0,246,377
02/02/2020,HWD,CA,AWP,WE,Towers with Radar,0,4,16,0,20,0,0,26,0,26,0,4,42,0,46,16,0,16,62
02/03/2020,HWD,CA,AWP,WE,Towers with Radar,0,3,19,0,22,0,0,69,2,71,0,3,88,2,93,35,0,35,128
02/04/2020,HWD,CA,AWP,WE,Towers with Radar,0,1,19,0,20,0,0,74,0,74,0,1,93,0,94,108,0,108,202
02/05/2020,HWD,CA,AWP,WE,Towers with Radar,0,3,29,0,32,0,1,109,0,110,0,4,138,0,142,231,0,231,373
02/06/2020,HWD,CA,AWP,WE,Towers with Radar,0,1,23,0,24,0,0,123,0,123,0,1,146,0,147,271,0,271,418
02/07/2020,HWD,CA,AWP,WE,Towers with Radar,0,5,17,0,22,0,0,107,0,107,0,5,124,0,129,264,0,264,393
02/08/2020,HWD,CA,AWP,WE,Towers with Radar,0,3,23,0,26,0,1,135,0,136,0,4,158,0,162,244,0,244,406
02/09/2020,HWD,CA,AWP,WE,Towers with Radar,0,1,1,0,2,0,0,4,0,4,0,1,5,0,6,0,0,0,6
02/10/2020,HWD,CA,AWP,WE,Towers with Radar,0,6,10,0,16,0,1,70,1,72,0,7,80,1,88,166,0,166,254
02/11/2020,HWD,CA,AWP,WE,Towers with Radar,0,4,6,0,10,0,0,129,1,130,0,4,135,1,140,252,0,252,392
02/12/2020,HWD,CA,AWP,WE,Towers with Radar,0,0,22,0,22,0,0,122,1,123,0,0,144,1,145,252,0,252,397
02/13/2020,HWD,CA,AWP,WE,Towers with Radar,0,5,22,0,27,0,0,79,0,79,0,5,101,0,106,273,0,273,379
02/14/2020,HWD,CA,AWP,WE,Towers with Radar,0,5,20,0,25,0,0,118,0,118,0,5,138,0,143,165,0,165,308
02/15/2020,HWD,CA,AWP,WE,Towers with Radar,0,2,18,0,20,0,1,153,0,154,0,3,171,0,174,292,0,292,466
02/16/2020,HWD,CA,AWP,WE,Towers with Radar,0,0,14,0,14,0,0,93,0,93,0,0,107,0,107,173,0,173,280
02/17/2020,HWD,CA,AWP,WE,Towers with Radar,0,0,20,0,20,0,0,107,0,107,0,0,127,0,127,162,0,162,289
02/18/2020,HWD,CA,AWP,WE,Towers with Radar,0,3,17,0,20,0,0,81,0,81,0,3,98,0,101,226,0,226,327
02/19/2020,HWD,CA,AWP,WE,Towers with Radar,0,3,25,1,29,0,0,116,0,116,0,3,141,1,145,297,0,297,442
02/20/2020,HWD,CA,AWP,WE,Towers with Radar,0,1,28,0,29,0,0,125,1,126,0,1,153,1,155,225,0,225,380
02/21/2020,HWD,CA,AWP,WE,Towers with Radar,0,1,19,0,20,0,0,128,2,130,0,1,147,2,150,155,0,155,305
02/22/2020,HWD,CA,AWP,WE,Towers with Radar,0,0,20,0,20,0,0,125,0,125,0,0,145,0,145,214,0,214,359
02/23/2020,HWD,CA,AWP,WE,Towers with Radar,0,5,29,0,34,0,2,78,0,80,0,7,107,0,114,162,0,162,276
02/24/2020,HWD,CA,AWP,WE,Towers with Radar,0,6,14,0,20,0,0,113,0,113,0,6,127,0,133,366,0,366,499
02/25/2020,HWD,CA,AWP,WE,Towers with Radar,0,1,28,0,29,0,0,101,0,101,0,1,129,0,130,186,0,186,316
02/26/2020,HWD,CA,AWP,WE,Towers with Radar,0,4,32,0,36,0,2,120,1,123,0,6,152,1,159,303,0,303,462
02/27/2020,HWD,CA,AWP,WE,Towers with Radar,0,5,20,0,25,0,0,114,4,118,0,5,134,4,143,227,0,227,370
02/28/2020,HWD,CA,AWP,WE,Towers with Radar,0,7,16,0,23,0,1,80,0,81,0,8,96,0,104,264,0,264,368
02/29/2020,HWD,CA,AWP,WE,Towers with Radar,0,4,16,0,20,0,1,65,0,66,0,5,81,0,86,176,0,176,262
03/01/2020,HWD,CA,AWP,WE,Towers with Radar,0,7,21,0,28,0,0,62,0,62,0,7,83,0,90,100,0,100,190
03/02/2020,HWD,CA,AWP,WE,Towers with Radar,0,0,9,0,9,0,0,53,0,53,0,0,62,0,62,94,0,94,156
03/03/2020,HWD,CA,AWP,WE,Towers with Radar,0,1,18,0,19,0,0,109,0,109,0,1,127,0,128,223,0,223,351
03/04/2020,HWD,CA,AWP,WE,Towers with Radar,0,3,21,0,24,0,0,129,0,129,0,3,150,0,153,245,0,245,398
03/05/2020,HWD,CA,AWP,WE,Towers with Radar,0,11,36,0,47,0,1,103,3,107,0,12,139,3,154,156,0,156,310
03/06/2020,HWD,CA,AWP,WE,Towers with Radar,0,5,32,0,37,0,0,80,2,82,0,5,112,2,119,179,0,179,298
03/07/2020,HWD,CA,AWP,WE,Towers with Radar,0,3,21,0,24,0,0,25,0,25,0,3,46,0,49,157,0,157,206
03/08/2020,HWD,CA,AWP,WE,Towers with Radar,0,5,29,0,34,0,0,104,1,105,0,5,133,1,139,244,0,244,383
03/09/2020,HWD,CA,AWP,WE,Towers with Radar,0,0,14,0,14,0,0,111,1,112,0,0,125,1,126,236,0,236,362
03/10/2020,HWD,CA,AWP,WE,Towers with Radar,0,2,19,0,21,0,0,80,0,80,0,2,99,0,101,203,0,203,304
03/11/2020,HWD,CA,AWP,WE,Towers with Radar,0,6,23,0,29,0,1,135,0,136,0,7,158,0,165,234,0,234,399
03/12/2020,HWD,CA,AWP,WE,Towers with Radar,0,2,16,0,18,0,1,103,0,104,0,3,119,0,122,248,0,248,370
03/13/2020,HWD,CA,AWP,WE,Towers with Radar,0,6,19,0,25,0,0,66,3,69,0,6,85,3,94,159,0,159,253
03/14/2020,HWD,CA,AWP,WE,Towers with Radar,0,1,13,0,14,0,0,6,0,6,0,1,19,0,20,20,0,20,40
03/15/2020,HWD,CA,AWP,WE,Towers with Radar,0,2,18,0,20,0,0,46,0,46,0,2,64,0,66,51,0,51,117
03/16/2020,HWD,CA,AWP,WE,Towers with Radar,0,1,14,0,15,0,0,36,0,36,0,1,50,0,51,114,0,114,165
03/17/2020,HWD,CA,AWP,WE,Towers with Radar,0,2,7,0,9,0,0,62,0,62,0,2,69,0,71,92,0,92,163
03/18/2020,HWD,CA,AWP,WE,Towers with Radar,0,1,13,0,14,0,0,41,1,42,0,1,54,1,56,70,0,70,126
03/19/2020,HWD,CA,AWP,WE,Towers with Radar,0,1,11,0,12,0,0,53,0,53,0,1,64,0,65,42,0,42,107
03/20/2020,HWD,CA,AWP,WE,Towers with Radar,0,4,13,0,17,0,0,61,0,61,0,4,74,0,78,110,0,110,188
03/21/2020,HWD,CA,AWP,WE,Towers with Radar,0,3,2,0,5,0,0,30,0,30,0,3,32,0,35,46,0,46,81
03/22/2020,HWD,CA,AWP,WE,Towers with Radar,0,0,2,0,2,0,0,25,0,25,0,0,27,0,27,33,0,33,60
03/23/2020,HWD,CA,AWP,WE,Towers with Radar,0,2,5,0,7,0,0,16,0,16,0,2,21,0,23,55,0,55,78
03/24/2020,HWD,CA,AWP,WE,Towers with Radar,0,3,2,2,7,0,0,5,0,5,0,3,7,2,12,22,0,22,34
03/25/2020,HWD,CA,AWP,WE,Towers with Radar,0,3,4,0,7,0,0,19,1,20,0,3,23,1,27,65,0,65,92
03/26/2020,HWD,CA,AWP,WE,Towers with Radar,0,0,11,0,11,0,0,55,0,55,0,0,66,0,66,121,0,121,187
03/27/2020,HWD,CA,AWP,WE,Towers with Radar,0,2,8,0,10,0,2,37,2,41,0,4,45,2,51,80,0,80,131
03/28/2020,HWD,CA,AWP,WE,Towers with Radar,0,4,9,0,13,0,0,12,0,12,0,4,21,0,25,76,0,76,101
03/29/2020,HWD,CA,AWP,WE,Towers with Radar,0,0,11,0,11,0,0,18,0,18,0,0,29,0,29,4,0,4,33
03/30/2020,HWD,CA,AWP,WE,Towers with Radar,0,0,4,0,4,0,0,42,1,43,0,0,46,1,47,44,0,44,91
03/31/2020,HWD,CA,AWP,WE,Towers with Radar,0,0,11,0,11,0,0,28,0,28,0,0,39,0,39,30,0,30,69
04/01/2020,HWD,CA,AWP,WE,Towers with Radar,0,0,5,2,7,0,0,57,0,57,0,0,62,2,64,40,0,40,104
04/02/2020,HWD,CA,AWP,WE,Towers with Radar,0,0,5,0,5,0,2,53,0,55,0,2,58,0,60,60,0,60,120
04/03/2020,HWD,CA,AWP,WE,Towers with Radar,0,2,9,0,11,0,0,90,2,92,0,2,99,2,103,46,0,46,149
04/04/2020,HWD,CA,AWP,WE,Towers with Radar,0,0,2,0,2,0,0,8,0,8,0,0,10,0,10,10,0,10,20
04/05/2020,HWD,CA,AWP,WE,Towers with Radar,0,0,3,0,3,0,0,0,1,1,0,0,3,1,4,0,0,0,4
04/06/2020,HWD,CA,AWP,WE,Towers with Radar,0,0,1,0,1,0,0,16,0,16,0,0,17,0,17,4,0,4,21
04/07/2020,HWD,CA,AWP,WE,Towers with Radar,0,2,6,0,8,0,1,42,1,44,0,3,48,1,52,52,0,52,104
04/08/2020,HWD,CA,AWP,WE,Towers with Radar,0,1,10,0,11,0,0,48,0,48,0,1,58,0,59,31,0,31,90
04/09/2020,HWD,CA,AWP,WE,Towers with Radar,0,2,9,0,11,0,0,43,0,43,0,2,52,0,54,34,0,34,88
04/10/2020,HWD,CA,AWP,WE,Towers with Radar,0,0,6,0,6,0,0,49,0,49,0,0,55,0,55,56,0,56,111
04/11/2020,HWD,CA,AWP,WE,Towers with Radar,0,0,9,0,9,0,0,21,0,21,0,0,30,0,30,46,0,46,76
04/12/2020,HWD,CA,AWP,WE,Towers with Radar,0,0,8,0,8,0,0,26,0,26,0,0,34,0,34,69,0,69,103
04/13/2020,HWD,CA,AWP,WE,Towers with Radar,0,0,2,0,2,0,0,60,0,60,0,0,62,0,62,92,0,92,154
04/14/2020,HWD,CA,AWP,WE,Towers with Radar,0,0,5,0,5,0,0,83,1,84,0,0,88,1,89,42,0,42,131
04/15/2020,HWD,CA,AWP,WE,Towers with Radar,0,2,13,0,15,0,0,72,0,72,0,2,85,0,87,36,0,36,123
04/16/2020,HWD,CA,AWP,WE,Towers with Radar,0,0,11,0,11,0,0,40,1,41,0,0,51,1,52,18,0,18,70
04/17/2020,HWD,CA,AWP,WE,Towers with Radar,0,0,7,0,7,0,0,35,0,35,0,0,42,0,42,19,0,19,61
04/18/2020,HWD,CA,AWP,WE,Towers with Radar,0,7,11,0,18,0,0,46,0,46,0,7,57,0,64,78,0,78,142
04/19/2020,HWD,CA,AWP,WE,Towers with Radar,0,1,6,0,7,0,0,47,0,47,0,1,53,0,54,124,0,124,178
04/20/2020,HWD,CA,AWP,WE,Towers with Radar,0,0,1,0,1,0,0,34,0,34,0,0,35,0,35,54,0,54,89
04/21/2020,HWD,CA,AWP,WE,Towers with Radar,0,0,16,0,16,0,0,71,0,71,0,0,87,0,87,62,0,62,149
04/22/2020,HWD,CA,AWP,WE,Towers with Radar,0,3,4,0,7,0,0,93,0,93,0,3,97,0,100,130,0,130,230
04/23/2020,HWD,CA,AWP,WE,Towers with Radar,0,3,14,0,17,0,0,49,0,49,0,3,63,0,66,66,0,66,132
04/24/2020,HWD,CA,AWP,WE,Towers with Radar,0,2,8,0,10,0,1,91,0,92,0,3,99,0,102,127,0,127,229
04/25/2020,HWD,CA,AWP,WE,Towers with Radar,0,0,3,0,3,0,0,63,0,63,0,0,66,0,66,136,0,136,202
04/26/2020,HWD,CA,AWP,WE,Towers with Radar,0,0,14,0,14,0,0,86,0,86,0,0,100,0,100,106,0,106,206
04/27/2020,HWD,CA,AWP,WE,Towers with Radar,0,2,3,0,5,0,0,58,2,60,0,2,61,2,65,88,0,88,153
04/28/2020,HWD,CA,AWP,WE,Towers with Radar,0,3,7,0,10,0,0,74,1,75,0,3,81,1,85,35,0,35,120
04/29/2020,HWD,CA,AWP,WE,Towers with Radar,0,1,11,0,12,0,0,29,0,29,0,1,40,0,41,124,0,124,165
04/30/2020,HWD,CA,AWP,WE,Towers with Radar,0,1,13,0,14,0,0,61,0,61,0,1,74,0,75,82,0,82,157
05/01/2020,HWD,CA,AWP,WE,Towers with Radar,0,5,10,0,15,0,1,103,0,104,0,6,113,0,119,118,0,118,237
05/02/2020,HWD,CA,AWP,WE,Towers with Radar,0,1,15,0,16,0,0,46,0,46,0,1,61,0,62,144,0,144,206
05/03/2020,HWD,CA,AWP,WE,Towers with Radar,0,1,13,0,14,0,3,120,1,124,0,4,133,1,138,100,0,100,238
05/04/2020,HWD,CA,AWP,WE,Towers with Radar,0,1,9,0,10,0,0,54,2,56,0,1,63,2,66,138,0,138,204
05/05/2020,HWD,CA,AWP,WE,Towers with Radar,0,0,8,0,8,0,0,64,1,65,0,0,72,1,73,33,0,33,106
05/06/2020,HWD,CA,AWP,WE,Towers with Radar,0,3,10,0,13,0,0,71,0,71,0,3,81,0,84,86,0,86,170
05/07/2020,HWD,CA,AWP,WE,Towers with Radar,0,0,12,0,12,0,0,90,1,91,0,0,102,1,103,156,0,156,259
05/08/2020,HWD,CA,AWP,WE,Towers with Radar,0,1,16,0,17,0,0,83,0,83,0,1,99,0,100,196,0,196,296
05/09/2020,HWD,CA,AWP,WE,Towers with Radar,0,1,23,0,24,0,1,111,0,112,0,2,134,0,136,96,0,96,232
05/10/2020,HWD,CA,AWP,WE,Towers with Radar,0,2,9,0,11,0,0,50,0,50,0,2,59,0,61,122,0,122,183
05/11/2020,HWD,CA,AWP,WE,Towers with Radar,0,0,13,0,13,0,0,33,1,34,0,0,46,1,47,26,0,26,73
05/12/2020,HWD,CA,AWP,WE,Towers with Radar,0,0,12,0,12,0,0,28,0,28,0,0,40,0,40,30,0,30,70
05/13/2020,HWD,CA,AWP,WE,Towers with Radar,0,2,21,0,23,0,0,28,0,28,0,2,49,0,51,96,0,96,147
05/14/2020,HWD,CA,AWP,WE,Towers with Radar,0,2,17,0,19,0,0,62,2,64,0,2,79,2,83,129,0,129,212
05/15/2020,HWD,CA,AWP,WE,Towers with Radar,0,5,19,0,24,0,0,95,1,96,0,5,114,1,120,86,0,86,206
05/16/2020,HWD,CA,AWP,WE,Towers with Radar,0,2,24,0,26,0,0,91,0,91,0,2,115,0,117,114,0,114,231
05/17/2020,HWD,CA,AWP,WE,Towers with Radar,0,5,14,0,19,0,0,12,0,12,0,5,26,0,31,10,0,10,41
05/18/2020,HWD,CA,AWP,WE,Towers with Radar,0,2,14,0,16,0,0,22,0,22,0,2,36,0,38,58,0,58,96
05/19/2020,HWD,CA,AWP,WE,Towers with Radar,0,1,13,0,14,0,3,60,0,63,0,4,73,0,77,37,0,37,114
05/20/2020,HWD,CA,AWP,WE,Towers with Radar,0,5,22,0,27,0,0,88,0,88,0,5,110,0,115,124,0,124,239
05/21/2020,HWD,CA,AWP,WE,Towers with Radar,0,1,12,0,13,0,0,101,0,101,0,1,113,0,114,92,0,92,206
05/22/2020,HWD,CA,AWP,WE,Towers with Radar,0,6,11,0,17,0,0,108,0,108,0,6,119,0,125,138,0,138,263
05/23/2020,HWD,CA,AWP,WE,Towers with Radar,0,2,20,0,22,0,0,120,3,123,0,2,140,3,145,164,0,164,309
05/24/2020,HWD,CA,AWP,WE,Towers with Radar,0,0,20,0,20,0,0,80,0,80,0,0,100,0,100,125,0,125,225
05/25/2020,HWD,CA,AWP,WE,Towers with Radar,0,1,21,0,22,0,0,92,0,92,0,1,113,0,114,159,0,159,273
05/26/2020,HWD,CA,AWP,WE,Towers with Radar,0,1,15,0,16,0,0,80,0,80,0,1,95,0,96,55,0,55,151
05/27/2020,HWD,CA,AWP,WE,Towers with Radar,0,3,27,0,30,0,0,103,0,103,0,3,130,0,133,262,0,262,395
05/28/2020,HWD,CA,AWP,WE,Towers with Radar,0,5,22,0,27,0,0,96,0,96,0,5,118,0,123,160,0,160,283
05/29/2020,HWD,CA,AWP,WE,Towers with Radar,0,3,19,0,22,0,3,109,2,114,0,6,128,2,136,72,0,72,208
05/30/2020,HWD,CA,AWP,WE,Towers with Radar,0,1,16,0,17,0,0,44,0,44,0,1,60,0,61,36,0,36,97
05/31/2020,HWD,CA,AWP,WE,Towers with Radar,0,4,21,0,25,0,0,69,0,69,0,4,90,0,94,111,0,111,205
06/01/2020,HWD,CA,AWP,WE,Towers with Radar,0,1,14,0,15,0,0,74,0,74,0,1,88,0,89,71,0,71,160
06/02/2020,HWD,CA,AWP,WE,Towers with Radar,0,2,10,0,12,0,0,85,0,85,0,2,95,0,97,116,0,116,213
06/03/2020,HWD,CA,AWP,WE,Towers with Radar,0,5,23,0,28,0,0,125,0,125,0,5,148,0,153,156,0,156,309
06/04/2020,HWD,CA,AWP,WE,Towers with Radar,0,7,20,0,27,0,0,95,1,96,0,7,115,1,123,145,0,145,268
06/05/2020,HWD,CA,AWP,WE,Towers with Radar,0,5,20,0,25,0,0,50,2,52,0,5,70,2,77,27,0,27,104
06/06/2020,HWD,CA,AWP,WE,Towers with Radar,0,2,20,0,22,0,0,48,1,49,0,2,68,1,71,41,0,41,112
06/07/2020,HWD,CA,AWP,WE,Towers with Radar,0,3,16,0,19,0,0,68,0,68,0,3,84,0,87,38,0,38,125
06/08/2020,HWD,CA,AWP,WE,Towers with Radar,0,6,10,0,16,0,1,117,1,119,0,7,127,1,135,82,0,82,217
06/09/2020,HWD,CA,AWP,WE,Towers with Radar,0,2,17,0,19,0,0,108,0,108,0,2,125,0,127,124,0,124,251
06/10/2020,HWD,CA,AWP,WE,Towers with Radar,0,4,20,0,24,0,0,121,0,121,0,4,141,0,145,244,0,244,389
06/11/2020,HWD,CA,AWP,WE,Towers with Radar,0,5,13,0,18,0,0,115,0,115,0,5,128,0,133,220,0,220,353
06/12/2020,HWD,CA,AWP,WE,Towers with Radar,0,1,30,0,31,0,2,52,0,54,0,3,82,0,85,20,0,20,105
06/13/2020,HWD,CA,AWP,WE,Towers with Radar,0,1,13,0,14,0,0,106,1,107,0,1,119,1,121,88,0,88,209
06/14/2020,HWD,CA,AWP,WE,Towers with Radar,0,3,28,0,31,0,0,90,0,90,0,3,118,0,121,46,0,46,167
06/15/2020,HWD,CA,AWP,WE,Towers with Radar,0,2,16,0,18,0,0,91,1,92,0,2,107,1,110,97,0,97,207
06/16/2020,HWD,CA,AWP,WE,Towers with Radar,0,3,14,0,17,0,0,101,0,101,0,3,115,0,118,107,0,107,225
06/17/2020,HWD,CA,AWP,WE,Towers with Radar,0,4,20,0,24,0,0,105,1,106,0,4,125,1,130,193,0,193,323
06/18/2020,HWD,CA,AWP,WE,Towers with Radar,0,1,24,2,27,0,0,124,0,124,0,1,148,2,151,189,0,189,340
06/19/2020,HWD,CA,AWP,WE,Towers with Radar,0,2,22,0,24,0,0,121,1,122,0,2,143,1,146,216,0,216,362
06/20/2020,HWD,CA,AWP,WE,Towers with Radar,0,5,31,0,36,0,0,92,0,92,0,5,123,0,128,258,0,258,386
06/21/2020,HWD,CA,AWP,WE,Towers with Radar,0,1,20,0,21,0,2,88,0,90,0,3,108,0,111,86,0,86,197
06/22/2020,HWD,CA,AWP,WE,Towers with Radar,0,2,21,0,23,0,0,87,1,88,0,2,108,1,111,202,0,202,313
06/23/2020,HWD,CA,AWP,WE,Towers with Radar,0,1,22,0,23,0,2,86,0,88,0,3,108,0,111,187,0,187,298
06/24/2020,HWD,CA,AWP,WE,Towers with Radar,0,4,22,0,26,0,0,75,0,75,0,4,97,0,101,213,0,213,314
06/25/2020,HWD,CA,AWP,WE,Towers with Radar,0,0,26,0,26,0,0,106,0,106,0,0,132,0,132,315,0,315,447
06/26/2020,HWD,CA,AWP,WE,Towers with Radar,0,4,14,0,18,0,0,93,0,93,0,4,107,0,111,231,0,231,342
06/27/2020,HWD,CA,AWP,WE,Towers with Radar,1,1,27,0,29,0,0,97,2,99,1,1,124,2,128,126,0,126,254
06/28/2020,HWD,CA,AWP,WE,Towers with Radar,0,3,20,0,23,0,0,76,0,76,0,3,96,0,99,74,0,74,173
06/29/2020,HWD,CA,AWP,WE,Towers with Radar,0,2,20,0,22,0,1,102,0,103,0,3,122,0,125,307,0,307,432
06/30/2020,HWD,CA,AWP,WE,Towers with Radar,0,1,14,0,15,0,2,86,0,88,0,3,100,0,103,324,0,324,427
07/01/2020,HWD,CA,AWP,WE,Towers with Radar,0,2,24,0,26,0,0,111,0,111,0,2,135,0,137,285,0,285,422
07/02/2020,HWD,CA,AWP,WE,Towers with Radar,0,5,19,0,24,0,2,82,0,84,0,7,101,0,108,161,0,161,269
07/03/2020,HWD,CA,AWP,WE,Towers with Radar,0,1,18,0,19,0,1,97,0,98,0,2,115,0,117,250,0,250,367
07/04/2020,HWD,CA,AWP,WE,Towers with Radar,0,0,6,0,6,0,0,84,0,84,0,0,90,0,90,205,0,205,295
07/05/2020,HWD,CA,AWP,WE,Towers with Radar,0,6,18,0,24,0,1,85,0,86,0,7,103,0,110,128,0,128,238
07/06/2020,HWD,CA,AWP,WE,Towers with Radar,0,0,13,0,13,0,1,94,4,99,0,1,107,4,112,92,0,92,204
07/07/2020,HWD,CA,AWP,WE,Towers with Radar,0,2,20,0,22,0,1,96,1,98,0,3,116,1,120,161,0,161,281
07/08/2020,HWD,CA,AWP,WE,Towers with Radar,0,1,13,1,15,0,0,87,0,87,0,1,100,1,102,142,0,142,244
07/09/2020,HWD,CA,AWP,WE,Towers with Radar,0,3,17,0,20,0,0,78,0,78,0,3,95,0,98,197,0,197,295
07/10/2020,HWD,CA,AWP,WE,Towers with Radar,0,9,16,0,25,0,1,86,1,88,0,10,102,1,113,228,0,228,341
07/11/2020,HWD,CA,AWP,WE,Towers with Radar,0,4,15,0,19,0,0,93,0,93,0,4,108,0,112,198,0,198,310
07/12/2020,HWD,CA,AWP,WE,Towers with Radar,0,4,13,0,17,0,1,92,0,93,0,5,105,0,110,267,0,267,377
07/13/2020,HWD,CA,AWP,WE,Towers with Radar,0,7,8,1,16,0,0,62,1,63,0,7,70,2,79,146,0,146,225
07/14/2020,HWD,CA,AWP,WE,Towers with Radar,0,5,11,1,17,0,0,63,1,64,0,5,74,2,81,163,0,163,244
07/15/2020,HWD,CA,AWP,WE,Towers with Radar,0,5,34,0,39,0,0,87,0,87,0,5,121,0,126,203,0,203,329
07/16/2020,HWD,CA,AWP,WE,Towers with Radar,0,2,23,0,25,0,0,82,0,82,0,2,105,0,107,149,0,149,256
07/17/2020,HWD,CA,AWP,WE,Towers with Radar,0,4,23,0,27,0,2,99,2,103,0,6,122,2,130,142,0,142,272
07/18/2020,HWD,CA,AWP,WE,Towers with Radar,0,5,20,0,25,0,0,98,0,98,0,5,118,0,123,322,0,322,445
07/19/2020,HWD,CA,AWP,WE,Towers with Radar,0,5,32,0,37,0,0,94,0,94,0,5,126,0,131,212,0,212,343
07/20/2020,HWD,CA,AWP,WE,Towers with Radar,0,6,25,1,32,0,2,88,1,91,0,8,113,2,123,249,0,249,372
07/21/2020,HWD,CA,AWP,WE,Towers with Radar,0,4,22,0,26,0,2,93,0,95,0,6,115,0,121,233,0,233,354
07/22/2020,HWD,CA,AWP,WE,Towers with Radar,0,6,16,0,22,0,1,84,0,85,0,7,100,0,107,270,0,270,377
07/23/2020,HWD,CA,AWP,WE,Towers with Radar,0,2,33,0,35,0,1,89,0,90,0,3,122,0,125,184,0,184,309
07/24/2020,HWD,CA,AWP,WE,Towers with Radar,0,7,21,0,28,0,0,96,0,96,0,7,117,0,124,189,0,189,313
07/25/2020,HWD,CA,AWP,WE,Towers with Radar,0,7,22,0,29,0,2,116,0,118,0,9,138,0,147,309,0,309,456
07/26/2020,HWD,CA,AWP,WE,Towers with Radar,0,3,26,0,29,0,0,98,0,98,0,3,124,0,127,289,0,289,416
07/27/2020,HWD,CA,AWP,WE,Towers with Radar,0,2,12,0,14,0,1,97,0,98,0,3,109,0,112,311,0,311,423
07/28/2020,HWD,CA,AWP,WE,Towers with Radar,0,5,14,0,19,0,3,98,0,101,0,8,112,0,120,300,0,300,420
07/29/2020,HWD,CA,AWP,WE,Towers with Radar,0,5,23,0,28,0,1,97,0,98,0,6,120,0,126,227,0,227,353
07/30/2020,HWD,CA,AWP,WE,Towers with Radar,0,2,18,0,20,0,1,75,1,77,0,3,93,1,97,194,0,194,291
07/31/2020,HWD,CA,AWP,WE,Towers with Radar,0,4,29,0,33,0,0,91,0,91,0,4,120,0,124,174,0,174,298
08/01/2020,HWD,CA,AWP,WE,Towers with Radar,0,7,24,0,31,0,0,111,0,111,0,7,135,0,142,146,0,146,288
08/02/2020,HWD,CA,AWP,WE,Towers with Radar,0,10,31,0,41,0,0,110,0,110,0,10,141,0,151,202,0,202,353
08/03/2020,HWD,CA,AWP,WE,Towers with Radar,0,2,14,2,18,0,0,84,0,84,0,2,98,2,102,256,0,256,358
08/04/2020,HWD,CA,AWP,WE,Towers with Radar,0,3,18,0,21,0,0,49,0,49,0,3,67,0,70,75,0,75,145
08/05/2020,HWD,CA,AWP,WE,Towers with Radar,0,5,29,0,34,0,0,27,0,27,0,5,56,0,61,57,0,57,118
08/06/2020,HWD,CA,AWP,WE,Towers with Radar,0,3,18,0,21,0,0,78,0,78,0,3,96,0,99,334,0,334,433
08/07/2020,HWD,CA,AWP,WE,Towers with Radar,0,1,14,0,15,0,0,107,2,109,0,1,121,2,124,227,0,227,351
08/08/2020,HWD,CA,AWP,WE,Towers with Radar,0,6,23,0,29,0,0,111,0,111,0,6,134,0,140,201,0,201,341
08/09/2020,HWD,CA,AWP,WE,Towers with Radar,0,5,16,0,21,0,1,106,0,107,0,6,122,0,128,360,0,360,488
08/10/2020,HWD,CA,AWP,WE,Towers with Radar,0,3,18,0,21,0,0,93,2,95,0,3,111,2,116,236,0,236,352
08/11/2020,HWD,CA,AWP,WE,Towers with Radar,0,3,17,0,20,0,2,96,1,99,0,5,113,1,119,292,0,292,411
08/12/2020,HWD,CA,AWP,WE,Towers with Radar,0,6,22,0,28,0,1,74,0,75,0,7,96,0,103,232,0,232,335
08/13/2020,HWD,CA,AWP,WE,Towers with Radar,0,6,15,0,21,0,4,108,0,112,0,10,123,0,133,355,0,355,488
08/14/2020,HWD,CA,AWP,WE,Towers with Radar,0,5,24,0,29,0,0,133,2,135,0,5,157,2,164,242,0,242,406
08/15/2020,HWD,CA,AWP,WE,Towers with Radar,0,6,16,0,22,0,0,115,0,115,0,6,131,0,137,269,0,269,406
08/16/2020,HWD,CA,AWP,WE,Towers with Radar,0,6,21,0,27,0,0,63,0,63,0,6,84,0,90,179,0,179,269
08/17/2020,HWD,CA,AWP,WE,Towers with Radar,0,5,15,0,20,0,1,75,1,77,0,6,90,1,97,264,0,264,361
08/18/2020,HWD,CA,AWP,WE,Towers with Radar,0,3,20,0,23,0,2,93,0,95,0,5,113,0,118,298,0,298,416
08/19/2020,HWD,CA,AWP,WE,Towers with Radar,0,5,33,1,39,0,0,21,1,22,0,5,54,2,61,92,0,92,153
08/20/2020,HWD,CA,AWP,WE,Towers with Radar,0,2,18,0,20,0,0,72,0,72,0,2,90,0,92,264,0,264,356
08/21/2020,HWD,CA,AWP,WE,Towers with Radar,0,0,26,0,26,0,0,50,0,50,0,0,76,0,76,290,0,290,366
08/22/2020,HWD,CA,AWP,WE,Towers with Radar,0,1,25,0,26,0,0,35,0,35,0,1,60,0,61,292,0,292,353
08/23/2020,HWD,CA,AWP,WE,Towers with Radar,0,8,35,0,43,0,0,7,0,7,0,8,42,0,50,8,0,8,58
08/24/2020,HWD,CA,AWP,WE,Towers with Radar,0,2,23,0,25,0,0,28,0,28,0,2,51,0,53,211,0,211,264
08/25/2020,HWD,CA,AWP,WE,Towers with Radar,0,6,14,0,20,0,0,12,1,13,0,6,26,1,33,42,0,42,75
08/26/2020,HWD,CA,AWP,WE,Towers with Radar,0,10,26,0,36,0,0,47,0,47,0,10,73,0,83,166,0,166,249
08/27/2020,HWD,CA,AWP,WE,Towers with Radar,0,3,22,0,25,0,1,114,1,116,0,4,136,1,141,402,0,402,543
08/28/2020,HWD,CA,AWP,WE,Towers with Radar,0,5,34,0,39,0,0,29,1,30,0,5,63,1,69,184,0,184,253
08/29/2020,HWD,CA,AWP,WE,Towers with Radar,0,2,23,0,25,0,0,53,0,53,0,2,76,0,78,165,0,165,243
08/30/2020,HWD,CA,AWP,WE,Towers with Radar,0,11,23,0,34,0,0,61,0,61,0,11,84,0,95,276,0,276,371
08/31/2020,HWD,CA,AWP,WE,Towers with Radar,0,7,17,1,25,0,1,34,0,35,0,8,51,1,60,324,0,324,384
09/01/2020,HWD,CA,AWP,WE,Towers with Radar,0,3,24,0,27,0,0,52,0,52,0,3,76,0,79,265,0,265,344
09/02/2020,HWD,CA,AWP,WE,Towers with Radar,0,6,18,0,24,0,0,58,0,58,0,6,76,0,82,199,0,199,281
09/03/2020,HWD,CA,AWP,WE,Towers with Radar,0,5,32,0,37,0,1,35,0,36,0,6,67,0,73,153,0,153,226
09/04/2020,HWD,CA,AWP,WE,Towers with Radar,0,5,32,0,37,0,3,96,0,99,0,8,128,0,136,243,0,243,379
09/05/2020,HWD,CA,AWP,WE,Towers with Radar,0,4,13,0,17,0,0,92,1,93,0,4,105,1,110,174,0,174,284
09/06/2020,HWD,CA,AWP,WE,Towers with Radar,0,2,22,0,24,0,0,76,0,76,0,2,98,0,100,116,0,116,216
09/07/2020,HWD,CA,AWP,WE,Towers with Radar,0,4,39,0,43,0,0,88,0,88,0,4,127,0,131,334,0,334,465
09/08/2020,HWD,CA,AWP,WE,Towers with Radar,0,4,19,0,23,0,0,24,0,24,0,4,43,0,47,193,0,193,240
09/09/2020,HWD,CA,AWP,WE,Towers with Radar,0,4,20,0,24,0,0,5,2,7,0,4,25,2,31,56,0,56,87
09/10/2020,HWD,CA,AWP,WE,Towers with Radar,0,4,26,0,30,0,0,4,0,4,0,4,30,0,34,0,0,0,34
09/11/2020,HWD,CA,AWP,WE,Towers with Radar,0,2,21,0,23,0,0,0,0,0,0,2,21,0,23,0,0,0,23
09/12/2020,HWD,CA,AWP,WE,Towers with Radar,1,3,16,0,20,0,0,0,0,0,1,3,16,0,20,0,0,0,20
09/13/2020,HWD,CA,AWP,WE,Towers with Radar,0,6,24,0,30,0,0,1,0,1,0,6,25,0,31,0,0,0,31
09/14/2020,HWD,CA,AWP,WE,Towers with Radar,1,7,21,0,29,0,0,0,0,0,1,7,21,0,29,6,0,6,35
09/15/2020,HWD,CA,AWP,WE,Towers with Radar,0,4,15,0,19,0,0,62,1,63,0,4,77,1,82,211,0,211,293
09/16/2020,HWD,CA,AWP,WE,Towers with Radar,0,9,21,0,30,0,0,99,2,101,0,9,120,2,131,324,0,324,455
09/17/2020,HWD,CA,AWP,WE,Towers with Radar,0,6,24,0,30,0,0,69,1,70,0,6,93,1,100,208,0,208,308
09/18/2020,HWD,CA,AWP,WE,Towers with Radar,0,2,16,0,18,0,0,119,0,119,0,2,135,0,137,267,0,267,404
09/19/2020,HWD,CA,AWP,WE,Towers with Radar,0,4,24,0,28,0,1,136,0,137,0,5,160,0,165,192,0,192,357
09/20/2020,HWD,CA,AWP,WE,Towers with Radar,0,4,26,0,30,0,0,113,1,114,0,4,139,1,144,285,0,285,429
09/21/2020,HWD,CA,AWP,WE,Towers with Radar,0,2,17,0,19,0,0,72,0,72,0,2,89,0,91,252,0,252,343
09/22/2020,HWD,CA,AWP,WE,Towers with Radar,0,3,24,0,27,0,0,104,0,104,0,3,128,0,131,220,0,220,351
09/23/2020,HWD,CA,AWP,WE,Towers with Radar,0,3,19,0,22,0,2,124,1,127,0,5,143,1,149,167,0,167,316
09/24/2020,HWD,CA,AWP,WE,Towers with Radar,0,3,19,0,22,0,0,85,2,87,0,3,104,2,109,163,0,163,272
09/25/2020,HWD,CA,AWP,WE,Towers with Radar,0,4,23,0,27,0,0,117,3,120,0,4,140,3,147,214,0,214,361
09/26/2020,HWD,CA,AWP,WE,Towers with Radar,0,7,21,0,28,0,0,127,0,127,0,7,148,0,155,215,0,215,370
09/27/2020,HWD,CA,AWP,WE,Towers with Radar,0,6,36,0,42,0,1,104,0,105,0,7,140,0,147,185,0,185,332
09/28/2020,HWD,CA,AWP,WE,Towers with Radar,0,7,16,0,23,0,3,89,0,92,0,10,105,0,115,184,0,184,299
09/29/2020,HWD,CA,AWP,WE,Towers with Radar,0,4,13,0,17,0,0,96,1,97,0,4,109,1,114,180,0,180,294
09/30/2020,HWD,CA,AWP,WE,Towers with Radar,0,4,31,0,35,0,1,58,2,61,0,5,89,2,96,245,0,245,341
10/01/2020,HWD,CA,AWP,WE,Towers with Radar,0,7,29,0,36,0,0,33,0,33,0,7,62,0,69,195,0,195,264
10/02/2020,HWD,CA,AWP,WE,Towers with Radar,0,6,27,0,33,0,1,8,0,9,0,7,35,0,42,14,0,14,56
10/03/2020,HWD,CA,AWP,WE,Towers with Radar,0,5,18,0,23,0,1,53,0,54,0,6,71,0,77,355,0,355,432
10/04/2020,HWD,CA,AWP,WE,Towers with Radar,0,5,22,0,27,0,4,99,0,103,0,9,121,0,130,273,0,273,403
10/05/2020,HWD,CA,AWP,WE,Towers with Radar,0,6,17,0,23,0,1,81,2,84,0,7,98,2,107,228,0,228,335
10/06/2020,HWD,CA,AWP,WE,Towers with Radar,0,1,15,0,16,0,0,111,0,111,0,1,126,0,127,300,0,300,427
10/07/2020,HWD,CA,AWP,WE,Towers with Radar,0,5,22,1,28,0,0,74,2,76,0,5,96,3,104,220,0,220,324
10/08/2020,HWD,CA,AWP,WE,Towers with Radar,0,7,30,0,37,0,0,68,1,69,0,7,98,1,106,295,0,295,401
10/09/2020,HWD,CA,AWP,WE,Towers with Radar,0,8,27,0,35,0,0,99,1,100,0,8,126,1,135,150,0,150,285
10/10/2020,HWD,CA,AWP,WE,Towers with Radar,0,5,16,0,21,0,0,96,0,96,0,5,112,0,117,337,0,337,454
10/11/2020,HWD,CA,AWP,WE,Towers with Radar,0,1,5,0,6,0,0,146,0,146,0,1,151,0,152,248,0,248,400
10/12/2020,HWD,CA,AWP,WE,Towers with Radar,0,7,14,0,21,0,3,117,1,121,0,10,131,1,142,174,0,174,316
10/13/2020,HWD,CA,AWP,WE,Towers with Radar,0,2,18,0,20,0,1,98,0,99,0,3,116,0,119,203,0,203,322
10/14/2020,HWD,CA,AWP,WE,Towers with Radar,0,6,13,1,20,0,0,130,0,130,0,6,143,1,150,234,0,234,384
10/15/2020,HWD,CA,AWP,WE,Towers with Radar,0,5,28,0,33,0,1,89,2,92,0,6,117,2,125,181,0,181,306
10/16/2020,HWD,CA,AWP,WE,Towers with Radar,0,3,20,0,23,0,2,98,3,103,0,5,118,3,126,220,0,220,346
10/17/2020,HWD,CA,AWP,WE,Towers with Radar,0,6,17,0,23,0,1,181,2,184,0,7,198,2,207,221,0,221,428
10/18/2020,HWD,CA,AWP,WE,Towers with Radar,0,6,20,0,26,0,0,128,1,129,0,6,148,1,155,203,0,203,358
10/19/2020,HWD,CA,AWP,WE,Towers with Radar,0,4,18,0,22,0,1,90,0,91,0,5,108,0,113,138,0,138,251
10/20/2020,HWD,CA,AWP,WE,Towers with Radar,0,4,32,0,36,0,0,106,1,107,0,4,138,1,143,392,0,392,535
10/21/2020,HWD,CA,AWP,WE,Towers with Radar,0,11,23,0,34,0,6,108,2,116,0,17,131,2,150,187,0,187,337
10/22/2020,HWD,CA,AWP,WE,Towers with Radar,0,1,17,0,18,0,0,110,1,111,0,1,127,1,129,292,0,292,421
10/23/2020,HWD,CA,AWP,WE,Towers with Radar,0,4,26,0,30,0,2,119,0,121,0,6,145,0,151,352,0,352,503
10/24/2020,HWD,CA,AWP,WE,Towers with Radar,0,3,21,0,24,0,0,91,0,91,0,3,112,0,115,280,0,280,395
10/25/2020,HWD,CA,AWP,WE,Towers with Radar,0,4,39,0,43,0,2,88,0,90,0,6,127,0,133,315,0,315,448
10/26/2020,HWD,CA,AWP,WE,Towers with Radar,0,1,7,0,8,0,0,48,0,48,0,1,55,0,56,60,0,60,116
10/27/2020,HWD,CA,AWP,WE,Towers with Radar,0,4,14,0,18,0,0,85,0,85,0,4,99,0,103,192,0,192,295
10/28/2020,HWD,CA,AWP,WE,Towers with Radar,0,8,22,0,30,0,0,104,1,105,0,8,126,1,135,316,0,316,451
10/29/2020,HWD,CA,AWP,WE,Towers with Radar,0,3,21,0,24,0,3,116,0,119,0,6,137,0,143,258,0,258,401
10/30/2020,HWD,CA,AWP,WE,Towers with Radar,0,1,24,0,25,0,0,116,0,116,0,1,140,0,141,432,0,432,573
10/31/2020,HWD,CA,AWP,WE,Towers with Radar,0,3,17,0,20,0,0,108,0,108,0,3,125,0,128,290,0,290,418
11/01/2020,HWD,CA,AWP,WE,Towers with Radar,0,6,13,0,19,0,1,159,0,160,0,7,172,0,179,314,0,314,493
11/02/2020,HWD,CA,AWP,WE,Towers with Radar,0,4,10,1,15,0,0,103,1,104,0,4,113,2,119,240,0,240,359
11/03/2020,HWD,CA,AWP,WE,Towers with Radar,0,0,15,0,15,0,0,93,2,95,0,0,108,2,110,289,0,289,399
11/04/2020,HWD,CA,AWP,WE,Towers with Radar,0,3,13,1,17,0,0,87,2,89,0,3,100,3,106,210,0,210,316
11/05/2020,HWD,CA,AWP,WE,Towers with Radar,0,2,22,0,24,0,0,114,2,116,0,2,136,2,140,302,0,302,442
11/06/2020,HWD,CA,AWP,WE,Towers with Radar,0,10,19,0,29,0,2,67,1,70,0,12,86,1,99,116,0,116,215
11/07/2020,HWD,CA,AWP,WE,Towers with Radar,0,4,17,0,21,0,0,126,3,129,0,4,143,3,150,372,0,372,522
11/08/2020,HWD,CA,AWP,WE,Towers with Radar,0,5,8,0,13,0,0,22,0,22,0,5,30,0,35,66,0,66,101
11/09/2020,HWD,CA,AWP,WE,Towers with Radar,0,3,13,0,16,0,0,97,0,97,0,3,110,0,113,344,0,344,457
11/10/2020,HWD,CA,AWP,WE,Towers with Radar,0,3,12,0,15,0,0,87,1,88,0,3,99,1,103,386,0,386,489
11/11/2020,HWD,CA,AWP,WE,Towers with Radar,0,6,30,1,37,0,1,97,0,98,0,7,127,1,135,309,0,309,444
11/12/2020,HWD,CA,AWP,WE,Towers with Radar,0,7,20,0,27,0,1,152,1,154,0,8,172,1,181,310,0,310,491
11/13/2020,HWD,CA,AWP,WE,Towers with Radar,0,1,16,0,17,0,0,60,2,62,0,1,76,2,79,234,0,234,313
11/14/2020,HWD,CA,AWP,WE,Towers with Radar,0,8,27,0,35,0,0,118,0,118,0,8,145,0,153,302,0,302,455
11/15/2020,HWD,CA,AWP,WE,Towers with Radar,0,4,51,0,55,0,0,205,1,206,0,4,256,1,261,307,0,307,568
11/16/2020,HWD,CA,AWP,WE,Towers with Radar,0,3,11,0,14,0,0,96,0,96,0,3,107,0,110,237,0,237,347
11/17/2020,HWD,CA,AWP,WE,Towers with Radar,0,1,19,0,20,0,1,18,0,19,0,2,37,0,39,16,0,16,55
11/18/2020,HWD,CA,AWP,WE,Towers with Radar,0,8,30,0,38,0,1,39,0,40,0,9,69,0,78,255,0,255,333
11/19/2020,HWD,CA,AWP,WE,Towers with Radar,0,4,17,2,23,0,0,97,3,100,0,4,114,5,123,292,0,292,415
11/20/2020,HWD,CA,AWP,WE,Towers with Radar,0,2,15,0,17,0,1,123,0,124,0,3,138,0,141,388,0,388,529
11/21/2020,HWD,CA,AWP,WE,Towers with Radar,0,8,23,0,31,0,0,158,0,158,0,8,181,0,189,234,0,234,423
11/22/2020,HWD,CA,AWP,WE,Towers with Radar,0,4,9,0,13,0,0,154,0,154,0,4,163,0,167,339,0,339,506
11/23/2020,HWD,CA,AWP,WE,Towers with Radar,0,2,23,0,25,0,0,101,2,103,0,2,124,2,128,295,0,295,423
11/24/2020,HWD,CA,AWP,WE,Towers with Radar,0,1,27,0,28,0,1,144,3,148,0,2,171,3,176,254,0,254,430
11/25/2020,HWD,CA,AWP,WE,Towers with Radar,0,4,20,0,24,0,1,99,0,100,0,5,119,0,124,249,0,249,373
11/26/2020,HWD,CA,AWP,WE,Towers with Radar,0,3,6,0,9,0,0,16,0,16,0,3,22,0,25,16,0,16,41
11/27/2020,HWD,CA,AWP,WE,Towers with Radar,0,4,17,0,21,0,0,104,1,105,0,4,121,1,126,236,0,236,362
11/28/2020,HWD,CA,AWP,WE,Towers with Radar,0,3,22,0,25,0,0,110,0,110,0,3,132,0,135,179,0,179,314
11/29/2020,HWD,CA,AWP,WE,Towers with Radar,0,8,32,0,40,0,0,134,0,134,0,8,166,0,174,285,0,285,459
11/30/2020,HWD,CA,AWP,WE,Towers with Radar,0,3,12,0,15,0,0,91,0,91,0,3,103,0,106,156,0,156,262
12/01/2020,HWD,CA,AWP,WE,Towers with Radar,0,9,11,0,20,0,2,87,0,89,0,11,98,0,109,232,0,232,341
12/02/2020,HWD,CA,AWP,WE,Towers with Radar,0,1,13,0,14,0,0,90,2,92,0,1,103,2,106,278,0,278,384
12/03/2020,HWD,CA,AWP,WE,Towers with Radar,0,2,21,1,24,0,2,101,0,103,0,4,122,1,127,288,0,288,415
12/04/2020,HWD,CA,AWP,WE,Towers with Radar,0,0,11,1,12,0,0,117,2,119,0,0,128,3,131,344,0,344,475
12/05/2020,HWD,CA,AWP,WE,Towers with Radar,0,3,21,0,24,0,0,147,0,147,0,3,168,0,171,296,0,296,467
12/06/2020,HWD,CA,AWP,WE,Towers with Radar,0,8,22,0,30,0,0,103,0,103,0,8,125,0,133,108,0,108,241
12/07/2020,HWD,CA,AWP,WE,Towers with Radar,0,3,16,0,19,0,1,55,0,56,0,4,71,0,75,64,0,64,139
12/08/2020,HWD,CA,AWP,WE,Towers with Radar,0,3,7,0,10,0,0,117,1,118,0,3,124,1,128,293,0,293,421
12/09/2020,HWD,CA,AWP,WE,Towers with Radar,0,4,10,0,14,0,1,90,0,91,0,5,100,0,105,196,0,196,301
12/10/2020,HWD,CA,AWP,WE,Towers with Radar,0,2,11,0,13,0,0,120,1,121,0,2,131,1,134,362,0,362,496
12/11/2020,HWD,CA,AWP,WE,Towers with Radar,0,2,27,0,29,0,0,82,0,82,0,2,109,0,111,304,0,304,415
12/12/2020,HWD,CA,AWP,WE,Towers with Radar,0,3,22,0,25,0,0,43,0,43,0,3,65,0,68,146,0,146,214
12/13/2020,HWD,CA,AWP,WE,Towers with Radar,0,3,27,0,30,0,0,3,0,3,0,3,30,0,33,20,0,20,53
12/14/2020,HWD,CA,AWP,WE,Towers with Radar,0,1,12,0,13,0,1,116,3,120,0,2,128,3,133,151,0,151,284
12/15/2020,HWD,CA,AWP,WE,Towers with Radar,0,6,29,0,35,0,2,87,0,89,0,8,116,0,124,190,0,190,314
12/16/2020,HWD,CA,AWP,WE,Towers with Radar,0,2,19,0,21,0,2,92,0,94,0,4,111,0,115,236,0,236,351
12/17/2020,HWD,CA,AWP,WE,Towers with Radar,0,1,11,0,12,0,1,45,3,49,0,2,56,3,61,284,0,284,345
12/18/2020,HWD,CA,AWP,WE,Towers with Radar,0,7,25,0,32,0,0,115,0,115,0,7,140,0,147,210,0,210,357
12/19/2020,HWD,CA,AWP,WE,Towers with Radar,0,6,23,0,29,0,0,129,0,129,0,6,152,0,158,322,0,322,480
12/20/2020,HWD,CA,AWP,WE,Towers with Radar,0,5,19,0,24,0,0,153,0,153,0,5,172,0,177,257,0,257,434
12/21/2020,HWD,CA,AWP,WE,Towers with Radar,0,7,22,0,29,0,0,133,0,133,0,7,155,0,162,258,0,258,420
12/22/2020,HWD,CA,AWP,WE,Towers with Radar,0,3,21,0,24,0,0,107,0,107,0,3,128,0,131,208,0,208,339
12/23/2020,HWD,CA,AWP,WE,Towers with Radar,0,4,27,0,31,0,1,94,0,95,0,5,121,0,126,139,0,139,265
12/24/2020,HWD,CA,AWP,WE,Towers with Radar,0,3,11,0,14,0,2,59,0,61,0,5,70,0,75,219,0,219,294
12/25/2020,HWD,CA,AWP,WE,Towers with Radar,0,1,0,0,1,0,0,6,0,6,0,1,6,0,7,0,0,0,7
12/26/2020,HWD,CA,AWP,WE,Towers with Radar,0,13,23,0,36,0,1,69,0,70,0,14,92,0,106,168,0,168,274
12/27/2020,HWD,CA,AWP,WE,Towers with Radar,0,6,27,0,33,0,0,95,0,95,0,6,122,0,128,206,0,206,334
12/28/2020,HWD,CA,AWP,WE,Towers with Radar,0,8,16,0,24,0,0,66,0,66,0,8,82,0,90,366,0,366,456
12/29/2020,HWD,CA,AWP,WE,Towers with Radar,0,2,22,0,24,0,0,137,0,137,0,2,159,0,161,341,0,341,502
12/30/2020,HWD,CA,AWP,WE,Towers with Radar,0,6,23,0,29,0,0,112,0,112,0,6,135,0,141,268,0,268,409
12/31/2020,HWD,CA,AWP,WE,Towers with Radar,0,3,13,0,16,0,2,114,0,116,0,5,127,0,132,274,0,274,406
01/01/2021,HWD,CA,AWP,WE,Towers with Radar,0,0,3,0,3,0,0,89,0,89,0,0,92,0,92,34,0,34,126
01/02/2021,HWD,CA,AWP,WE,Towers with Radar,0,7,28,0,35,0,0,1,0,1,0,7,29,0,36,12,0,12,48
01/03/2021,HWD,CA,AWP,WE,Towers with Radar,0,7,31,0,38,0,0,1,0,1,0,7,32,0,39,0,0,0,39
01/04/2021,HWD,CA,AWP,WE,Towers with Radar,0,3,11,0,14,0,0,10,2,12,0,3,21,2,26,4,0,4,30
01/05/2021,HWD,CA,AWP,WE,Towers with Radar,0,3,16,0,19,0,0,80,0,80,0,3,96,0,99,174,0,174,273
01/06/2021,HWD,CA,AWP,WE,Towers with Radar,0,7,9,0,16,0,0,59,0,59,0,7,68,0,75,206,0,206,281
01/07/2021,HWD,CA,AWP,WE,Towers with Radar,0,1,12,0,13,0,0,97,0,97,0,1,109,0,110,256,0,256,366
01/08/2021,HWD,CA,AWP,WE,Towers with Radar,0,0,24,0,24,0,0,62,0,62,0,0,86,0,86,212,0,212,298
01/09/2021,HWD,CA,AWP,WE,Towers with Radar,0,4,20,0,24,0,1,186,0,187,0,5,206,0,211,282,0,282,493
01/10/2021,HWD,CA,AWP,WE,Towers with Radar,0,3,27,0,30,0,0,90,0,90,0,3,117,0,120,219,0,219,339
01/11/2021,HWD,CA,AWP,WE,Towers with Radar,0,4,15,0,19,0,0,107,0,107,0,4,122,0,126,167,0,167,293
01/12/2021,HWD,CA,AWP,WE,Towers with Radar,0,3,15,0,18,0,0,80,0,80,0,3,95,0,98,136,0,136,234
01/13/2021,HWD,CA,AWP,WE,Towers with Radar,0,3,31,0,34,0,1,88,0,89,0,4,119,0,123,204,0,204,327
01/14/2021,HWD,CA,AWP,WE,Towers with Radar,0,7,7,0,14,0,0,74,0,74,0,7,81,0,88,160,0,160,248
01/15/2021,HWD,CA,AWP,WE,Towers with Radar,0,4,20,0,24,0,2,114,2,118,0,6,134,2,142,218,0,218,360
01/16/2021,HWD,CA,AWP,WE,Towers with Radar,0,5,16,0,21,0,1,135,1,137,0,6,151,1,158,256,0,256,414
01/17/2021,HWD,CA,AWP,WE,Towers with Radar,0,3,14,0,17,0,0,128,0,128,0,3,142,0,145,238,0,238,383
01/18/2021,HWD,CA,AWP,WE,Towers with Radar,0,15,10,0,25,0,1,49,2,52,0,16,59,2,77,38,0,38,115
01/19/2021,HWD,CA,AWP,WE,Towers with Radar,0,8,13,0,21,0,2,5,0,7,0,10,18,0,28,4,0,4,32
01/20/2021,HWD,CA,AWP,WE,Towers with Radar,0,4,12,0,16,0,0,103,0,103,0,4,115,0,119,180,0,180,299
01/21/2021,HWD,CA,AWP,WE,Towers with Radar,0,5,8,0,13,0,2,110,1,113,0,7,118,1,126,266,0,266,392
01/22/2021,HWD,CA,AWP,WE,Towers with Radar,0,4,9,0,13,0,0,15,0,15,0,4,24,0,28,94,0,94,122
01/23/2021,HWD,CA,AWP,WE,Towers with Radar,0,5,13,0,18,0,0,137,0,137,0,5,150,0,155,285,0,285,440
01/24/2021,HWD,CA,AWP,WE,Towers with Radar,0,3,18,0,21,0,0,21,0,21,0,3,39,0,42,133,0,133,175
01/25/2021,HWD,CA,AWP,WE,Towers with Radar,0,3,19,0,22,0,1,43,0,44,0,4,62,0,66,36,0,36,102
01/26/2021,HWD,CA,AWP,WE,Towers with Radar,0,2,12,0,14,0,0,59,0,59,0,2,71,0,73,158,0,158,231
01/27/2021,HWD,CA,AWP,WE,Towers with Radar,0,2,11,0,13,0,0,8,0,8,0,2,19,0,21,10,0,10,31
01/28/2021,HWD,CA,AWP,WE,Towers with Radar,0,9,14,0,23,0,0,7,0,7,0,9,21,0,30,46,0,46,76
01/29/2021,HWD,CA,AWP,WE,Towers with Radar,0,2,19,0,21,0,0,101,0,101,0,2,120,0,122,391,0,391,513
01/30/2021,HWD,CA,AWP,WE,Towers with Radar,0,3,14,0,17,0,0,118,0,118,0,3,132,0,135,300,0,300,435
01/31/2021,HWD,CA,AWP,WE,Towers with Radar,0,3,17,0,20,0,2,133,0,135,0,5,150,0,155,218,0,218,373
02/01/2021,HWD,CA,AWP,WE,Towers with Radar,0,2,11,0,13,0,0,54,0,54,0,2,65,0,67,123,0,123,190
02/02/2021,HWD,CA,AWP,WE,Towers with Radar,0,7,13,0,20,0,0,27,0,27,0,7,40,0,47,216,0,216,263
02/03/2021,HWD,CA,AWP,WE,Towers with Radar,0,3,24,0,27,0,0,100,0,100,0,3,124,0,127,302,0,302,429
02/04/2021,HWD,CA,AWP,WE,Towers with Radar,0,4,18,0,22,0,1,127,2,130,0,5,145,2,152,181,0,181,333
02/05/2021,HWD,CA,AWP,WE,Towers with Radar,0,4,20,0,24,0,1,143,1,145,0,5,163,1,169,237,0,237,406
02/06/2021,HWD,CA,AWP,WE,Towers with Radar,0,0,15,0,15,0,0,165,0,165,0,0,180,0,180,372,0,372,552
02/07/2021,HWD,CA,AWP,WE,Towers with Radar,0,2,15,0,17,0,0,107,0,107,0,2,122,0,124,217,0,217,341
02/08/2021,HWD,CA,AWP,WE,Towers with Radar,0,6,16,0,22,0,0,84,0,84,0,6,100,0,106,138,0,138,244
02/09/2021,HWD,CA,AWP,WE,Towers with Radar,0,5,15,0,20,0,0,93,1,94,0,5,108,1,114,112,0,112,226
02/10/2021,HWD,CA,AWP,WE,Towers with Radar,0,6,32,0,38,0,2,138,0,140,0,8,170,0,178,231,0,231,409
02/11/2021,HWD,CA,AWP,WE,Towers with Radar,0,2,25,0,27,0,0,34,0,34,0,2,59,0,61,98,0,98,159
02/12/2021,HWD,CA,AWP,WE,Towers with Radar,0,7,20,0,27,0,3,96,0,99,0,10,116,0,126,384,0,384,510
02/13/2021,HWD,CA,AWP,WE,Towers with Radar,0,8,14,0,22,0,1,48,0,49,0,9,62,0,71,188,0,188,259
02/14/2021,HWD,CA,AWP,WE,Towers with Radar,0,4,13,0,17,0,0,126,0,126,0,4,139,0,143,302,0,302,445
02/15/2021,HWD,CA,AWP,WE,Towers with Radar,0,10,25,0,35,0,0,20,0,20,0,10,45,0,55,24,0,24,79
02/16/2021,HWD,CA,AWP,WE,Towers with Radar,0,2,21,0,23,0,0,117,0,117,0,2,138,0,140,174,0,174,314
02/17/2021,HWD,CA,AWP,WE,Towers with Radar,0,6,22,0,28,0,3,119,0,122,0,9,141,0,150,193,0,193,343
02/18/2021,HWD,CA,AWP,WE,Towers with Radar,0,6,23,0,29,0,0,93,0,93,0,6,116,0,122,234,0,234,356
02/19/2021,HWD,CA,AWP,WE,Towers with Radar,0,4,20,0,24,0,0,25,3,28,0,4,45,3,52,284,0,284,336
02/20/2021,HWD,CA,AWP,WE,Towers with Radar,0,5,25,0,30,0,1,120,0,121,0,6,145,0,151,232,0,232,383
02/21/2021,HWD,CA,AWP,WE,Towers with Radar,0,5,32,0,37,0,0,172,0,172,0,5,204,0,209,180,0,180,389
02/22/2021,HWD,CA,AWP,WE,Towers with Radar,0,4,16,1,21,0,2,93,1,96,0,6,109,2,117,200,0,200,317
02/23/2021,HWD,CA,AWP,WE,Towers with Radar,0,2,16,0,18,0,0,84,0,84,0,2,100,0,102,338,0,338,440
02/24/2021,HWD,CA,AWP,WE,Towers with Radar,0,5,19,0,24,0,2,68,0,70,0,7,87,0,94,188,0,188,282
02/25/2021,HWD,CA,AWP,WE,Towers with Radar,0,6,12,0,18,0,2,124,1,127,0,8,136,1,145,450,0,450,595
02/26/2021,HWD,CA,AWP,WE,Towers with Radar,0,3,16,0,19,0,0,116,0,116,0,3,132,0,135,289,0,289,424
02/27/2021,HWD,CA,AWP,WE,Towers with Radar,0,3,17,0,20,0,0,99,0,99,0,3,116,0,119,307,0,307,426
02/28/2021,HWD,CA,AWP,WE,Towers with Radar,0,7,13,0,20,0,0,146,0,146,0,7,159,0,166,277,0,277,443
03/01/2021,HWD,CA,AWP,WE,Towers with Radar,0,2,16,0,18,0,0,99,1,100,0,2,115,1,118,281,0,281,399
03/02/2021,HWD,CA,AWP,WE,Towers with Radar,0,2,19,0,21,0,0,120,0,120,0,2,139,0,141,242,0,242,383
03/03/2021,HWD,CA,AWP,WE,Towers with Radar,0,0,19,0,19,0,0,105,0,105,0,0,124,0,124,187,0,187,311
03/04/2021,HWD,CA,AWP,WE,Towers with Radar,0,5,26,0,31,0,0,113,0,113,0,5,139,0,144,234,0,234,378
03/05/2021,HWD,CA,AWP,WE,Towers with Radar,0,5,26,0,31,0,0,116,0,116,0,5,142,0,147,302,0,302,449
03/06/2021,HWD,CA,AWP,WE,Towers with Radar,0,2,17,0,19,0,2,109,0,111,0,4,126,0,130,192,0,192,322
03/07/2021,HWD,CA,AWP,WE,Towers with Radar,0,6,25,0,31,0,2,155,0,157,0,8,180,0,188,244,0,244,432
03/08/2021,HWD,CA,AWP,WE,Towers with Radar,0,7,13,0,20,0,1,52,1,54,0,8,65,1,74,249,0,249,323
03/09/2021,HWD,CA,AWP,WE,Towers with Radar,0,6,7,0,13,0,0,26,0,26,0,6,33,0,39,190,0,190,229
03/10/2021,HWD,CA,AWP,WE,Towers with Radar,0,6,21,0,27,0,0,21,0,21,0,6,42,0,48,120,0,120,168
03/11/2021,HWD,CA,AWP,WE,Towers with Radar,0,3,23,0,26,0,0,105,0,105,0,3,128,0,131,160,0,160,291
03/12/2021,HWD,CA,AWP,WE,Towers with Radar,0,3,23,0,26,0,1,145,3,149,0,4,168,3,175,334,0,334,509
03/13/2021,HWD,CA,AWP,WE,Towers with Radar,0,6,22,0,28,0,1,118,2,121,0,7,140,2,149,380,0,380,529
03/14/2021,HWD,CA,AWP,WE,Towers with Radar,0,9,26,0,35,0,0,71,0,71,0,9,97,0,106,148,0,148,254
03/15/2021,HWD,CA,AWP,WE,Towers with Radar,0,7,14,0,21,0,0,20,0,20,0,7,34,0,41,6,0,6,47
03/16/2021,HWD,CA,AWP,WE,Towers with Radar,0,3,15,0,18,0,1,134,0,135,0,4,149,0,153,256,0,256,409
03/17/2021,HWD,CA,AWP,WE,Towers with Radar,0,4,23,0,27,0,2,99,0,101,0,6,122,0,128,172,0,172,300
03/18/2021,HWD,CA,AWP,WE,Towers with Radar,0,4,19,0,23,0,0,33,2,35,0,4,52,2,58,108,0,108,166
03/19/2021,HWD,CA,AWP,WE,Towers with Radar,0,6,26,0,32,0,0,72,1,73,0,6,98,1,105,306,0,306,411
03/20/2021,HWD,CA,AWP,WE,Towers with Radar,0,4,21,0,25,0,0,118,0,118,0,4,139,0,143,208,0,208,351
03/21/2021,HWD,CA,AWP,WE,Towers with Radar,0,11,33,0,44,0,0,124,0,124,0,11,157,0,168,176,0,176,344
03/22/2021,HWD,CA,AWP,WE,Towers with Radar,0,2,22,0,24,0,0,95,0,95,0,2,117,0,119,194,0,194,313
03/23/2021,HWD,CA,AWP,WE,Towers with Radar,0,1,9,0,10,0,0,54,0,54,0,1,63,0,64,40,0,40,104
03/24/2021,HWD,CA,AWP,WE,Towers with Radar,0,7,29,0,36,0,2,149,1,152,0,9,178,1,188,287,0,287,475
03/25/2021,HWD,CA,AWP,WE,Towers with Radar,0,2,29,0,31,0,1,96,0,97,0,3,125,0,128,160,0,160,288
03/26/2021,HWD,CA,AWP,WE,Towers with Radar,0,8,29,0,37,0,0,137,0,137,0,8,166,0,174,428,0,428,602
03/27/2021,HWD,CA,AWP,WE,Towers with Radar,0,2,15,0,17,0,0,167,0,167,0,2,182,0,184,166,0,166,350
03/28/2021,HWD,CA,AWP,WE,Towers with Radar,0,7,26,0,33,0,0,126,0,126,0,7,152,0,159,301,0,301,460
03/29/2021,HWD,CA,AWP,WE,Towers with Radar,0,5,18,0,23,0,2,108,0,110,0,7,126,0,133,331,0,331,464
03/30/2021,HWD,CA,AWP,WE,Towers with Radar,0,4,15,0,19,0,1,93,0,94,0,5,108,0,113,148,0,148,261
03/31/2021,HWD,CA,AWP,WE,Towers with Radar,0,1,6,0,7,0,1,138,0,139,0,2,144,0,146,541,0,541,687
04/01/2021,HWD,CA,AWP,WE,Towers with Radar,0,4,23,0,27,0,0,118,0,118,0,4,141,0,145,264,0,264,409
04/02/2021,HWD,CA,AWP,WE,Towers with Radar,0,3,23,0,26,0,0,118,0,118,0,3,141,0,144,344,0,344,488
04/03/2021,HWD,CA,AWP,WE,Towers with Radar,0,3,32,0,35,0,1,128,0,129,0,4,160,0,164,386,0,386,550
04/04/2021,HWD,CA,AWP,WE,Towers with Radar,0,7,20,0,27,0,0,129,0,129,0,7,149,0,156,174,0,174,330
04/05/2021,HWD,CA,AWP,WE,Towers with Radar,0,5,32,0,37,0,1,85,0,86,0,6,117,0,123,263,0,263,386
04/06/2021,HWD,CA,AWP,WE,Towers with Radar,0,7,14,0,21,0,2,89,0,91,0,9,103,0,112,228,0,228,340
04/07/2021,HWD,CA,AWP,WE,Towers with Radar,0,0,26,0,26,0,0,67,1,68,0,0,93,1,94,215,0,215,309
04/08/2021,HWD,CA,AWP,WE,Towers with Radar,0,6,16,0,22,0,0,106,0,106,0,6,122,0,128,232,0,232,360
04/09/2021,HWD,CA,AWP,WE,Towers with Radar,0,8,25,0,33,0,0,92,1,93,0,8,117,1,126,48,0,48,174
04/10/2021,HWD,CA,AWP,WE,Towers with Radar,0,2,17,0,19,0,1,128,0,129,0,3,145,0,148,260,0,260,408
04/11/2021,HWD,CA,AWP,WE,Towers with Radar,0,8,25,0,33,0,1,143,0,144,0,9,168,0,177,348,0,348,525
04/12/2021,HWD,CA,AWP,WE,Towers with Radar,0,4,21,0,25,0,0,103,3,106,0,4,124,3,131,236,0,236,367
04/13/2021,HWD,CA,AWP,WE,Towers with Radar,0,6,20,0,26,0,0,79,1,80,0,6,99,1,106,138,18,156,262
04/14/2021,HWD,CA,AWP,WE,Towers with Radar,0,5,30,0,35,0,2,121,0,123,0,7,151,0,158,298,0,298,456
04/15/2021,HWD,CA,AWP,WE,Towers with Radar,0,4,17,0,21,0,1,104,3,108,0,5,121,3,129,312,0,312,441
04/16/2021,HWD,CA,AWP,WE,Towers with Radar,0,12,28,0,40,0,0,157,0,157,0,12,185,0,197,404,0,404,601
04/17/2021,HWD,CA,AWP,WE,Towers with Radar,0,7,29,1,37,0,0,128,1,129,0,7,157,2,166,160,0,160,326
04/18/2021,HWD,CA,AWP,WE,Towers with Radar,0,10,26,0,36,0,1,137,0,138,0,11,163,0,174,278,0,278,452
04/19/2021,HWD,CA,AWP,WE,Towers with Radar,0,8,24,0,32,0,1,88,1,90,0,9,112,1,122,202,0,202,324
04/20/2021,HWD,CA,AWP,WE,Towers with Radar,0,6,16,0,22,0,1,36,0,37,0,7,52,0,59,58,0,58,117
04/21/2021,HWD,CA,AWP,WE,Towers with Radar,0,0,13,0,13,0,0,85,1,86,0,0,98,1,99,358,0,358,457
04/22/2021,HWD,CA,AWP,WE,Towers with Radar,0,8,21,0,29,0,0,46,0,46,0,8,67,0,75,140,0,140,215
04/23/2021,HWD,CA,AWP,WE,Towers with Radar,0,3,21,0,24,0,0,117,1,118,0,3,138,1,142,286,0,286,428
04/24/2021,HWD,CA,AWP,WE,Towers with Radar,0,6,18,0,24,0,0,100,0,100,0,6,118,0,124,316,0,316,440
04/25/2021,HWD,CA,AWP,WE,Towers with Radar,0,6,20,0,26,0,1,36,0,37,0,7,56,0,63,158,0,158,221
04/26/2021,HWD,CA,AWP,WE,Towers with Radar,0,6,19,0,25,0,0,84,1,85,0,6,103,1,110,146,0,146,256
04/27/2021,HWD,CA,AWP,WE,Towers with Radar,0,1,16,0,17,0,0,104,0,104,0,1,120,0,121,210,0,210,331
04/28/2021,HWD,CA,AWP,WE,Towers with Radar,0,2,26,0,28,0,0,131,0,131,0,2,157,0,159,352,0,352,511
04/29/2021,HWD,CA,AWP,WE,Towers with Radar,0,5,17,0,22,0,0,117,0,117,0,5,134,0,139,270,0,270,409
04/30/2021,HWD,CA,AWP,WE,Towers with Radar,0,5,20,0,25,0,0,93,0,93,0,5,113,0,118,184,0,184,302
05/01/2021,HWD,CA,AWP,WE,Towers with Radar,0,3,43,0,46,0,0,14,0,14,0,3,57,0,60,27,0,27,87
05/02/2021,HWD,CA,AWP,WE,Towers with Radar,0,6,20,0,26,0,0,141,0,141,0,6,161,0,167,266,0,266,433
05/03/2021,HWD,CA,AWP,WE,Towers with Radar,0,6,17,0,23,0,1,107,0,108,0,7,124,0,131,244,0,244,375
05/04/2021,HWD,CA,AWP,WE,Towers with Radar,0,9,20,0,29,0,1,118,2,121,0,10,138,2,150,280,0,280,430
05/05/2021,HWD,CA,AWP,WE,Towers with Radar,0,1,25,0,26,1,0,148,1,150,1,1,173,1,176,306,0,306,482
05/06/2021,HWD,CA,AWP,WE,Towers with Radar,0,9,18,0,27,0,0,95,0,95,0,9,113,0,122,168,0,168,290
05/07/2021,HWD,CA,AWP,WE,Towers with Radar,0,6,21,0,27,0,3,121,1,125,0,9,142,1,152,270,0,270,422
05/08/2021,HWD,CA,AWP,WE,Towers with Radar,0,2,22,0,24,0,2,145,1,148,0,4,167,1,172,370,0,370,542
05/09/2021,HWD,CA,AWP,WE,Towers with Radar,0,10,11,0,21,0,0,116,0,116,0,10,127,0,137,318,0,318,455
05/10/2021,HWD,CA,AWP,WE,Towers with Radar,0,3,17,0,20,0,0,152,1,153,0,3,169,1,173,364,0,364,537
05/11/2021,HWD,CA,AWP,WE,Towers with Radar,0,4,26,0,30,0,0,113,3,116,0,4,139,3,146,235,0,235,381
05/12/2021,HWD,CA,AWP,WE,Towers with Radar,0,5,22,0,27,0,0,101,0,101,0,5,123,0,128,336,0,336,464
05/13/2021,HWD,CA,AWP,WE,Towers with Radar,0,2,25,0,27,0,1,108,1,110,0,3,133,1,137,280,0,280,417
05/14/2021,HWD,CA,AWP,WE,Towers with Radar,0,6,36,0,42,0,0,54,0,54,0,6,90,0,96,186,0,186,282
05/15/2021,HWD,CA,AWP,WE,Towers with Radar,0,4,41,0,45,0,0,77,0,77,0,4,118,0,122,274,0,274,396
05/16/2021,HWD,CA,AWP,WE,Towers with Radar,0,13,29,0,42,0,0,127,0,127,0,13,156,0,169,276,0,276,445
05/17/2021,HWD,CA,AWP,WE,Towers with Radar,0,7,35,0,42,0,1,78,0,79,0,8,113,0,121,204,0,204,325
05/18/2021,HWD,CA,AWP,WE,Towers with Radar,0,7,16,0,23,0,0,122,0,122,0,7,138,0,145,169,0,169,314
05/19/2021,HWD,CA,AWP,WE,Towers with Radar,0,5,25,0,30,0,0,73,1,74,0,5,98,1,104,60,0,60,164
05/20/2021,HWD,CA,AWP,WE,Towers with Radar,0,5,32,0,37,0,0,59,0,59,0,5,91,0,96,54,0,54,150
05/21/2021,HWD,CA,AWP,WE,Towers with Radar,0,9,32,0,41,0,1,114,0,115,0,10,146,0,156,248,0,248,404
05/22/2021,HWD,CA,AWP,WE,Towers with Radar,0,4,24,0,28,0,0,136,0,136,0,4,160,0,164,378,0,378,542
05/23/2021,HWD,CA,AWP,WE,Towers with Radar,0,8,23,0,31,0,1,120,0,121,0,9,143,0,152,268,0,268,420
05/24/2021,HWD,CA,AWP,WE,Towers with Radar,0,2,26,0,28,0,1,146,1,148,0,3,172,1,176,376,0,376,552
05/25/2021,HWD,CA,AWP,WE,Towers with Radar,0,1,22,0,23,0,0,104,1,105,0,1,126,1,128,308,0,308,436
05/26/2021,HWD,CA,AWP,WE,Towers with Radar,0,8,30,0,38,0,0,137,0,137,0,8,167,0,175,434,0,434,609
05/27/2021,HWD,CA,AWP,WE,Towers with Radar,0,14,13,0,27,0,0,111,1,112,0,14,124,1,139,220,0,220,359
05/28/2021,HWD,CA,AWP,WE,Towers with Radar,0,10,36,0,46,0,1,142,3,146,0,11,178,3,192,296,0,296,488
05/29/2021,HWD,CA,AWP,WE,Towers with Radar,0,3,40,0,43,0,0,73,1,74,0,3,113,1,117,287,0,287,404
05/30/2021,HWD,CA,AWP,WE,Towers with Radar,0,2,14,0,16,0,1,131,0,132,0,3,145,0,148,351,0,351,499
05/31/2021,HWD,CA,AWP,WE,Towers with Radar,0,10,26,0,36,0,0,148,0,148,0,10,174,0,184,132,0,132,316
06/01/2021,HWD,CA,AWP,WE,Towers with Radar,0,6,16,0,22,0,1,112,0,113,0,7,128,0,135,212,0,212,347
06/02/2021,HWD,CA,AWP,WE,Towers with Radar,0,4,42,0,46,0,0,107,0,107,0,4,149,0,153,274,0,274,427
06/03/2021,HWD,CA,AWP,WE,Towers with Radar,0,9,22,0,31,0,3,150,1,154,0,12,172,1,185,235,0,235,420
06/04/2021,HWD,CA,AWP,WE,Towers with Radar,0,4,36,0,40,0,1,125,1,127,0,5,161,1,167,230,0,230,397
06/05/2021,HWD,CA,AWP,WE,Towers with Radar,0,7,25,0,32,0,0,135,0,135,0,7,160,0,167,314,0,314,481
06/06/2021,HWD,CA,AWP,WE,Towers with Radar,0,7,25,0,32,0,0,140,0,140,0,7,165,0,172,294,0,294,466
06/07/2021,HWD,CA,AWP,WE,Towers with Radar,0,5,28,0,33,0,1,87,1,89,0,6,115,1,122,95,0,95,217
06/08/2021,HWD,CA,AWP,WE,Towers with Radar,0,7,24,0,31,0,4,90,0,94,0,11,114,0,125,282,0,282,407
06/09/2021,HWD,CA,AWP,WE,Towers with Radar,0,3,18,0,21,0,0,101,0,101,0,3,119,0,122,132,0,132,254
06/10/2021,HWD,CA,AWP,WE,Towers with Radar,0,4,24,0,28,0,0,152,5,157,0,4,176,5,185,218,0,218,403
06/11/2021,HWD,CA,AWP,WE,Towers with Radar,0,8,14,0,22,0,2,172,4,178,0,10,186,4,200,262,0,262,462
06/12/2021,HWD,CA,AWP,WE,Towers with Radar,0,3,25,0,28,0,0,139,0,139,0,3,164,0,167,282,0,282,449
06/13/2021,HWD,CA,AWP,WE,Towers with Radar,0,9,23,0,32,0,1,134,0,135,0,10,157,0,167,291,0,291,458
06/14/2021,HWD,CA,AWP,WE,Towers with Radar,0,3,29,0,32,0,0,114,0,114,0,3,143,0,146,262,0,262,408
06/15/2021,HWD,CA,AWP,WE,Towers with Radar,0,4,23,0,27,0,0,148,2,150,0,4,171,2,177,312,0,312,489
06/16/2021,HWD,CA,AWP,WE,Towers with Radar,0,8,17,0,25,0,0,132,0,132,0,8,149,0,157,240,0,240,397
06/17/2021,HWD,CA,AWP,WE,Towers with Radar,0,14,21,0,35,0,1,94,0,95,0,15,115,0,130,282,0,282,412
06/18/2021,HWD,CA,AWP,WE,Towers with Radar,0,4,30,0,34,0,0,145,6,151,0,4,175,6,185,226,0,226,411
06/19/2021,HWD,CA,AWP,WE,Towers with Radar,0,2,20,0,22,0,0,113,0,113,0,2,133,0,135,307,0,307,442
06/20/2021,HWD,CA,AWP,WE,Towers with Radar,0,7,24,0,31,0,3,109,0,112,0,10,133,0,143,240,0,240,383
06/21/2021,HWD,CA,AWP,WE,Towers with Radar,0,10,31,0,41,0,3,138,0,141,0,13,169,0,182,222,0,222,404
06/22/2021,HWD,CA,AWP,WE,Towers with Radar,0,3,15,0,18,0,1,139,0,140,0,4,154,0,158,264,0,264,422
06/23/2021,HWD,CA,AWP,WE,Towers with Radar,0,2,37,0,39,0,1,123,0,124,0,3,160,0,163,260,0,260,423
06/24/2021,HWD,CA,AWP,WE,Towers with Radar,0,0,21,0,21,0,1,108,2,111,0,1,129,2,132,258,0,258,390
06/25/2021,HWD,CA,AWP,WE,Towers with Radar,0,4,30,0,34,0,1,127,1,129,0,5,157,1,163,286,0,286,449
06/26/2021,HWD,CA,AWP,WE,Towers with Radar,0,6,22,0,28,0,0,144,0,144,0,6,166,0,172,222,0,222,394
06/27/2021,HWD,CA,AWP,WE,Towers with Radar,0,8,32,0,40,0,0,82,0,82,0,8,114,0,122,190,0,190,312
06/28/2021,HWD,CA,AWP,WE,Towers with Radar,0,3,36,0,39,0,0,53,0,53,0,3,89,0,92,144,0,144,236
06/29/2021,HWD,CA,AWP,WE,Towers with Radar,0,7,18,0,25,0,0,91,0,91,0,7,109,0,116,292,0,292,408
06/30/2021,HWD,CA,AWP,WE,Towers with Radar,0,4,30,0,34,0,0,86,0,86,0,4,116,0,120,318,0,318,438
07/01/2021,HWD,CA,AWP,WE,Towers with Radar,0,7,30,0,37,0,2,114,0,116,0,9,144,0,153,330,0,330,483
07/02/2021,HWD,CA,AWP,WE,Towers with Radar,0,8,38,0,46,0,2,134,1,137,0,10,172,1,183,352,0,352,535
07/03/2021,HWD,CA,AWP,WE,Towers with Radar,0,0,18,0,18,0,0,100,0,100,0,0,118,0,118,200,0,200,318
07/04/2021,HWD,CA,AWP,WE,Towers with Radar,0,5,11,0,16,0,0,69,0,69,0,5,80,0,85,142,0,142,227
07/05/2021,HWD,CA,AWP,WE,Towers with Radar,0,5,32,0,37,0,0,110,0,110,0,5,142,0,147,201,0,201,348
07/06/2021,HWD,CA,AWP,WE,Towers with Radar,0,8,26,0,34,0,1,74,0,75,0,9,100,0,109,212,0,212,321
07/07/2021,HWD,CA,AWP,WE,Towers with Radar,0,9,31,1,41,0,0,73,0,73,0,9,104,1,114,192,0,192,306
07/08/2021,HWD,CA,AWP,WE,Towers with Radar,0,7,26,0,33,0,0,138,1,139,0,7,164,1,172,250,0,250,422
07/09/2021,HWD,CA,AWP,WE,Towers with Radar,0,11,10,0,21,0,0,122,3,125,0,11,132,3,146,260,0,260,406
07/10/2021,HWD,CA,AWP,WE,Towers with Radar,0,3,19,0,22,0,1,138,0,139,0,4,157,0,161,114,0,114,275
07/11/2021,HWD,CA,AWP,WE,Towers with Radar,0,6,21,0,27,0,1,97,0,98,0,7,118,0,125,308,0,308,433
07/12/2021,HWD,CA,AWP,WE,Towers with Radar,0,6,25,0,31,0,0,90,0,90,0,6,115,0,121,251,0,251,372
07/13/2021,HWD,CA,AWP,WE,Towers with Radar,0,2,18,0,20,0,0,74,0,74,0,2,92,0,94,102,0,102,196
07/14/2021,HWD,CA,AWP,WE,Towers with Radar,0,8,27,0,35,0,0,105,2,107,0,8,132,2,142,256,0,256,398
07/15/2021,HWD,CA,AWP,WE,Towers with Radar,0,7,20,0,27,0,0,120,3,123,0,7,140,3,150,310,0,310,460
07/16/2021,HWD,CA,AWP,WE,Towers with Radar,0,10,40,0,50,0,0,124,0,124,0,10,164,0,174,398,0,398,572
07/17/2021,HWD,CA,AWP,WE,Towers with Radar,0,9,20,0,29,0,0,103,0,103,0,9,123,0,132,374,0,374,506
07/18/2021,HWD,CA,AWP,WE,Towers with Radar,0,9,21,0,30,0,2,108,0,110,0,11,129,0,140,314,0,314,454
07/19/2021,HWD,CA,AWP,WE,Towers with Radar,0,4,32,0,36,0,0,130,2,132,0,4,162,2,168,385,0,385,553
07/20/2021,HWD,CA,AWP,WE,Towers with Radar,0,4,14,0,18,0,0,87,0,87,0,4,101,0,105,308,0,308,413
07/21/2021,HWD,CA,AWP,WE,Towers with Radar,0,4,26,0,30,0,0,117,0,117,0,4,143,0,147,398,0,398,545
07/22/2021,HWD,CA,AWP,WE,Towers with Radar,0,8,30,0,38,0,0,128,1,129,0,8,158,1,167,388,0,388,555
07/23/2021,HWD,CA,AWP,WE,Towers with Radar,0,6,22,0,28,0,0,134,3,137,0,6,156,3,165,350,0,350,515
07/24/2021,HWD,CA,AWP,WE,Towers with Radar,0,6,32,0,38,0,0,120,0,120,0,6,152,0,158,227,0,227,385
07/25/2021,HWD,CA,AWP,WE,Towers with Radar,0,10,21,0,31,0,0,97,0,97,0,10,118,0,128,306,0,306,434
07/26/2021,HWD,CA,AWP,WE,Towers with Radar,0,4,23,0,27,0,0,108,0,108,0,4,131,0,135,328,0,328,463
07/27/2021,HWD,CA,AWP,WE,Towers with Radar,0,2,13,0,15,0,1,126,0,127,0,3,139,0,142,241,0,241,383
07/28/2021,HWD,CA,AWP,WE,Towers with Radar,0,5,16,0,21,0,0,109,0,109,0,5,125,0,130,288,0,288,418
07/29/2021,HWD,CA,AWP,WE,Towers with Radar,0,4,24,0,28,0,0,112,0,112,0,4,136,0,140,132,0,132,272
07/30/2021,HWD,CA,AWP,WE,Towers with Radar,0,5,25,0,30,0,1,116,0,117,0,6,141,0,147,372,0,372,519
07/31/2021,HWD,CA,AWP,WE,Towers with Radar,0,2,32,0,34,0,0,93,0,93,0,2,125,0,127,280,0,280,407
08/01/2021,HWD,CA,AWP,WE,Towers with Radar,0,11,26,0,37,0,3,95,0,98,0,14,121,0,135,294,0,294,429
08/02/2021,HWD,CA,AWP,WE,Towers with Radar,0,6,20,0,26,0,0,110,2,112,0,6,130,2,138,319,0,319,457
08/03/2021,HWD,CA,AWP,WE,Towers with Radar,0,7,24,0,31,0,0,129,0,129,0,7,153,0,160,358,0,358,518
08/04/2021,HWD,CA,AWP,WE,Towers with Radar,0,2,22,0,24,0,0,92,0,92,0,2,114,0,116,286,0,286,402
08/05/2021,HWD,CA,AWP,WE,Towers with Radar,0,5,24,0,29,0,0,80,2,82,0,5,104,2,111,230,0,230,341
08/06/2021,HWD,CA,AWP,WE,Towers with Radar,0,5,32,0,37,0,0,98,0,98,0,5,130,0,135,392,0,392,527
08/07/2021,HWD,CA,AWP,WE,Towers with Radar,0,4,28,0,32,0,0,105,0,105,0,4,133,0,137,278,0,278,415
08/08/2021,HWD,CA,AWP,WE,Towers with Radar,0,3,26,0,29,0,0,100,0,100,0,3,126,0,129,324,0,324,453
08/09/2021,HWD,CA,AWP,WE,Towers with Radar,0,4,26,0,30,0,1,103,2,106,0,5,129,2,136,158,0,158,294
08/10/2021,HWD,CA,AWP,WE,Towers with Radar,0,6,18,0,24,0,2,96,0,98,0,8,114,0,122,208,0,208,330
08/11/2021,HWD,CA,AWP,WE,Towers with Radar,0,7,24,0,31,0,2,124,0,126,0,9,148,0,157,297,0,297,454
08/12/2021,HWD,CA,AWP,WE,Towers with Radar,0,5,33,0,38,0,0,125,2,127,0,5,158,2,165,255,0,255,420
08/13/2021,HWD,CA,AWP,WE,Towers with Radar,1,4,30,0,35,0,2,139,3,144,1,6,169,3,179,336,0,336,515
08/14/2021,HWD,CA,AWP,WE,Towers with Radar,0,2,23,0,25,0,1,131,0,132,0,3,154,0,157,369,0,369,526
08/15/2021,HWD,CA,AWP,WE,Towers with Radar,0,5,35,0,40,0,0,65,0,65,0,5,100,0,105,220,0,220,325
08/16/2021,HWD,CA,AWP,WE,Towers with Radar,0,2,23,0,25,0,1,105,0,106,0,3,128,0,131,203,0,203,334
08/17/2021,HWD,CA,AWP,WE,Towers with Radar,0,4,16,0,20,0,0,76,2,78,0,4,92,2,98,244,0,244,342
08/18/2021,HWD,CA,AWP,WE,Towers with Radar,0,9,37,0,46,0,0,61,1,62,0,9,98,1,108,302,0,302,410
08/19/2021,HWD,CA,AWP,WE,Towers with Radar,0,1,34,0,35,0,0,78,0,78,0,1,112,0,113,292,0,292,405
08/20/2021,HWD,CA,AWP,WE,Towers with Radar,0,4,29,0,33,0,0,72,3,75,0,4,101,3,108,282,0,282,390
08/21/2021,HWD,CA,AWP,WE,Towers with Radar,0,3,30,0,33,0,0,78,0,78,0,3,108,0,111,192,0,192,303
08/22/2021,HWD,CA,AWP,WE,Towers with Radar,0,6,26,0,32,0,0,114,0,114,0,6,140,0,146,358,0,358,504
08/23/2021,HWD,CA,AWP,WE,Towers with Radar,0,9,21,0,30,0,1,101,0,102,0,10,122,0,132,116,0,116,248
08/24/2021,HWD,CA,AWP,WE,Towers with Radar,0,4,19,0,23,0,0,96,0,96,0,4,115,0,119,197,0,197,316
08/25/2021,HWD,CA,AWP,WE,Towers with Radar,0,5,24,0,29,0,0,116,1,117,0,5,140,1,146,338,0,338,484
08/26/2021,HWD,CA,AWP,WE,Towers with Radar,0,3,18,0,21,0,0,103,0,103,0,3,121,0,124,190,0,190,314
08/27/2021,HWD,CA,AWP,WE,Towers with Radar,0,9,29,0,38,0,2,88,0,90,0,11,117,0,128,368,0,368,496
08/28/2021,HWD,CA,AWP,WE,Towers with Radar,0,5,20,0,25,0,0,77,0,77,0,5,97,0,102,306,0,306,408
08/29/2021,HWD,CA,AWP,WE,Towers with Radar,0,1,22,0,23,0,0,85,0,85,0,1,107,0,108,257,0,257,365
08/30/2021,HWD,CA,AWP,WE,Towers with Radar,0,3,14,0,17,0,0,95,1,96,0,3,109,1,113,160,0,160,273
08/31/2021,HWD,CA,AWP,WE,Towers with Radar,0,6,16,0,22,0,1,90,1,92,0,7,106,1,114,252,0,252,366
09/01/2021,HWD,CA,AWP,WE,Towers with Radar,0,10,25,0,35,0,0,120,4,124,0,10,145,4,159,250,0,250,409
09/02/2021,HWD,CA,AWP,WE,Towers with Radar,0,7,29,0,36,0,0,97,0,97,0,7,126,0,133,260,0,260,393
09/03/2021,HWD,CA,AWP,WE,Towers with Radar,0,9,31,0,40,0,0,84,2,86,0,9,115,2,126,320,0,320,446
09/04/2021,HWD,CA,AWP,WE,Towers with Radar,0,5,21,0,26,0,3,85,0,88,0,8,106,0,114,243,0,243,357
09/05/2021,HWD,CA,AWP,WE,Towers with Radar,0,2,11,0,13,0,0,90,0,90,0,2,101,0,103,268,0,268,371
09/06/2021,HWD,CA,AWP,WE,Towers with Radar,0,6,27,0,33,0,1,121,0,122,0,7,148,0,155,330,0,330,485
09/07/2021,HWD,CA,AWP,WE,Towers with Radar,0,8,23,0,31,0,1,131,2,134,0,9,154,2,165,111,0,111,276
09/08/2021,HWD,CA,AWP,WE,Towers with Radar,0,9,20,0,29,0,0,108,1,109,0,9,128,1,138,162,0,162,300
09/09/2021,HWD,CA,AWP,WE,Towers with Radar,0,8,21,0,29,0,1,140,1,142,0,9,161,1,171,330,0,330,501
09/10/2021,HWD,CA,AWP,WE,Towers with Radar,0,4,23,0,27,0,1,109,1,111,0,5,132,1,138,260,0,260,398
09/11/2021,HWD,CA,AWP,WE,Towers with Radar,0,12,19,0,31,0,1,133,0,134,0,13,152,0,165,300,0,300,465
09/12/2021,HWD,CA,AWP,WE,Towers with Radar,0,3,13,0,16,0,1,136,0,137,0,4,149,0,153,168,0,168,321
09/13/2021,HWD,CA,AWP,WE,Towers with Radar,0,4,21,0,25,0,0,110,2,112,0,4,131,2,137,189,0,189,326
09/14/2021,HWD,CA,AWP,WE,Towers with Radar,0,4,22,0,26,0,2,111,1,114,0,6,133,1,140,235,0,235,375
09/15/2021,HWD,CA,AWP,WE,Towers with Radar,1,6,29,0,36,0,0,116,4,120,1,6,145,4,156,250,0,250,406
09/16/2021,HWD,CA,AWP,WE,Towers with Radar,0,7,33,0,40,0,0,123,1,124,0,7,156,1,164,190,0,190,354
09/17/2021,HWD,CA,AWP,WE,Towers with Radar,0,10,31,0,41,0,1,134,2,137,0,11,165,2,178,376,0,376,554
09/18/2021,HWD,CA,AWP,WE,Towers with Radar,0,5,19,0,24,0,0,88,0,88,0,5,107,0,112,423,0,423,535
09/19/2021,HWD,CA,AWP,WE,Towers with Radar,0,3,31,0,34,0,0,118,0,118,0,3,149,0,152,278,0,278,430
09/20/2021,HWD,CA,AWP,WE,Towers with Radar,0,3,21,0,24,0,2,113,2,117,0,5,134,2,141,258,0,258,399
09/21/2021,HWD,CA,AWP,WE,Towers with Radar,0,3,12,0,15,0,0,109,1,110,0,3,121,1,125,154,0,154,279
09/22/2021,HWD,CA,AWP,WE,Towers with Radar,0,5,23,0,28,0,0,133,6,139,0,5,156,6,167,272,0,272,439
09/23/2021,HWD,CA,AWP,WE,Towers with Radar,0,8,28,0,36,0,0,127,0,127,0,8,155,0,163,354,0,354,517
09/24/2021,HWD,CA,AWP,WE,Towers with Radar,0,7,35,0,42,0,0,151,0,151,0,7,186,0,193,236,0,236,429
09/25/2021,HWD,CA,AWP,WE,Towers with Radar,0,3,23,0,26,0,0,120,0,120,0,3,143,0,146,310,0,310,456
09/26/2021,HWD,CA,AWP,WE,Towers with Radar,0,6,39,0,45,0,1,134,0,135,0,7,173,0,180,291,0,291,471
09/27/2021,HWD,CA,AWP,WE,Towers with Radar,0,6,34,0,40,0,0,79,0,79,0,6,113,0,119,225,0,225,344
09/28/2021,HWD,CA,AWP,WE,Towers with Radar,0,5,25,2,32,0,0,128,0,128,0,5,153,2,160,220,0,220,380
09/29/2021,HWD,CA,AWP,WE,Towers with Radar,0,5,23,0,28,0,0,144,0,144,0,5,167,0,172,275,0,275,447
09/30/2021,HWD,CA,AWP,WE,Towers with Radar,0,10,23,0,33,0,0,169,1,170,0,10,192,1,203,206,0,206,409
10/01/2021,HWD,CA,AWP,WE,Towers with Radar,0,8,29,0,37,0,1,155,0,156,0,9,184,0,193,227,0,227,420
10/02/2021,HWD,CA,AWP,WE,Towers with Radar,0,6,26,0,32,0,1,179,0,180,0,7,205,0,212,198,0,198,410
10/03/2021,HWD,CA,AWP,WE,Towers with Radar,0,12,27,0,39,0,0,137,0,137,0,12,164,0,176,169,0,169,345
10/04/2021,HWD,CA,AWP,WE,Towers with Radar,0,8,19,0,27,0,0,112,1,113,0,8,131,1,140,273,0,273,413
10/05/2021,HWD,CA,AWP,WE,Towers with Radar,0,12,33,0,45,0,0,84,0,84,0,12,117,0,129,140,0,140,269
10/06/2021,HWD,CA,AWP,WE,Towers with Radar,0,10,34,0,44,0,2,106,1,109,0,12,140,1,153,209,0,209,362
10/07/2021,HWD,CA,AWP,WE,Towers with Radar,0,9,42,0,51,0,0,108,1,109,0,9,150,1,160,286,0,286,446
10/08/2021,HWD,CA,AWP,WE,Towers with Radar,0,6,33,0,39,0,0,88,0,88,0,6,121,0,127,151,0,151,278
10/09/2021,HWD,CA,AWP,WE,Towers with Radar,0,1,23,0,24,0,0,121,0,121,0,1,144,0,145,208,0,208,353
10/10/2021,HWD,CA,AWP,WE,Towers with Radar,0,9,19,0,28,0,0,119,0,119,0,9,138,0,147,218,0,218,365
10/11/2021,HWD,CA,AWP,WE,Towers with Radar,0,10,25,0,35,0,0,26,2,28,0,10,51,2,63,44,0,44,107
10/12/2021,HWD,CA,AWP,WE,Towers with Radar,0,5,7,0,12,0,0,85,1,86,0,5,92,1,98,160,0,160,258
10/13/2021,HWD,CA,AWP,WE,Towers with Radar,0,7,30,0,37,0,0,86,0,86,0,7,116,0,123,272,0,272,395
10/14/2021,HWD,CA,AWP,WE,Towers with Radar,0,8,19,0,27,0,1,122,0,123,0,9,141,0,150,372,0,372,522
10/15/2021,HWD,CA,AWP,WE,Towers with Radar,0,5,28,0,33,0,1,135,3,139,0,6,163,3,172,370,0,370,542
10/16/2021,HWD,CA,AWP,WE,Towers with Radar,0,5,18,0,23,0,0,140,0,140,0,5,158,0,163,278,0,278,441
10/17/2021,HWD,CA,AWP,WE,Towers with Radar,0,6,20,0,26,0,0,93,0,93,0,6,113,0,119,238,0,238,357
10/18/2021,HWD,CA,AWP,WE,Towers with Radar,0,4,28,0,32,0,0,111,3,114,0,4,139,3,146,239,0,239,385
10/19/2021,HWD,CA,AWP,WE,Towers with Radar,0,7,31,0,38,0,1,119,0,120,0,8,150,0,158,92,0,92,250
10/20/2021,HWD,CA,AWP,WE,Towers with Radar,0,13,24,0,37,0,0,38,0,38,0,13,62,0,75,88,0,88,163
10/21/2021,HWD,CA,AWP,WE,Towers with Radar,0,8,28,0,36,0,0,56,0,56,0,8,84,0,92,204,0,204,296
10/22/2021,HWD,CA,AWP,WE,Towers with Radar,0,5,29,0,34,0,0,64,0,64,0,5,93,0,98,266,0,266,364
10/23/2021,HWD,CA,AWP,WE,Towers with Radar,0,5,24,0,29,0,0,83,0,83,0,5,107,0,112,420,0,420,532
10/24/2021,HWD,CA,AWP,WE,Towers with Radar,0,2,3,0,5,0,0,0,0,0,0,2,3,0,5,0,0,0,5
10/25/2021,HWD,CA,AWP,WE,Towers with Radar,0,16,21,0,37,0,2,60,0,62,0,18,81,0,99,150,0,150,249
10/26/2021,HWD,CA,AWP,WE,Towers with Radar,0,1,19,0,20,0,0,110,0,110,0,1,129,0,130,358,0,358,488
10/27/2021,HWD,CA,AWP,WE,Towers with Radar,0,8,30,0,38,0,3,143,0,146,0,11,173,0,184,178,0,178,362
10/28/2021,HWD,CA,AWP,WE,Towers with Radar,0,5,28,0,33,0,0,144,1,145,0,5,172,1,178,268,0,268,446
10/29/2021,HWD,CA,AWP,WE,Towers with Radar,0,10,17,0,27,0,0,120,4,124,0,10,137,4,151,194,0,194,345
10/30/2021,HWD,CA,AWP,WE,Towers with Radar,0,3,65,0,68,0,0,56,0,56,0,3,121,0,124,264,0,264,388
10/31/2021,HWD,CA,AWP,WE,Towers with Radar,0,14,45,0,59,0,0,161,0,161,0,14,206,0,220,202,0,202,422
11/01/2021,HWD,CA,AWP,WE,Towers with Radar,0,5,20,0,25,0,0,10,1,11,0,5,30,1,36,46,0,46,82
11/02/2021,HWD,CA,AWP,WE,Towers with Radar,0,4,34,0,38,0,0,57,0,57,0,4,91,0,95,238,0,238,333
11/03/2021,HWD,CA,AWP,WE,Towers with Radar,0,5,14,0,19,0,0,124,0,124,0,5,138,0,143,168,0,168,311
11/04/2021,HWD,CA,AWP,WE,Towers with Radar,0,7,18,0,25,0,0,85,4,89,0,7,103,4,114,350,0,350,464
11/05/2021,HWD,CA,AWP,WE,Towers with Radar,0,5,23,0,28,0,0,140,1,141,0,5,163,1,169,226,0,226,395
11/06/2021,HWD,CA,AWP,WE,Towers with Radar,0,6,20,0,26,0,0,88,0,88,0,6,108,0,114,204,0,204,318
11/07/2021,HWD,CA,AWP,WE,Towers with Radar,0,9,25,0,34,0,0,135,0,135,0,9,160,0,169,285,0,285,454
11/08/2021,HWD,CA,AWP,WE,Towers with Radar,0,3,19,0,22,0,0,88,2,90,0,3,107,2,112,149,0,149,261
11/09/2021,HWD,CA,AWP,WE,Towers with Radar,0,3,18,0,21,0,0,53,0,53,0,3,71,0,74,106,0,106,180
11/10/2021,HWD,CA,AWP,WE,Towers with Radar,0,4,27,0,31,0,1,120,4,125,0,5,147,4,156,176,0,176,332
11/11/2021,HWD,CA,AWP,WE,Towers with Radar,0,9,28,0,37,0,0,139,2,141,0,9,167,2,178,284,0,284,462
11/12/2021,HWD,CA,AWP,WE,Towers with Radar,0,3,16,0,19,0,0,118,0,118,0,3,134,0,137,250,0,250,387
11/13/2021,HWD,CA,AWP,WE,Towers with Radar,0,1,18,0,19,0,0,133,0,133,0,1,151,0,152,252,0,252,404
11/14/2021,HWD,CA,AWP,WE,Towers with Radar,0,6,23,0,29,0,2,131,0,133,0,8,154,0,162,296,0,296,458
11/15/2021,HWD,CA,AWP,WE,Towers with Radar,0,11,24,0,35,0,2,53,0,55,0,13,77,0,90,272,0,272,362
11/16/2021,HWD,CA,AWP,WE,Towers with Radar,0,3,17,0,20,0,1,60,2,63,0,4,77,2,83,286,0,286,369
11/17/2021,HWD,CA,AWP,WE,Towers with Radar,0,8,20,0,28,0,0,130,1,131,0,8,150,1,159,280,0,280,439
11/18/2021,HWD,CA,AWP,WE,Towers with Radar,0,7,24,0,31,0,0,113,2,115,0,7,137,2,146,256,0,256,402
11/19/2021,HWD,CA,AWP,WE,Towers with Radar,0,8,39,0,47,0,0,31,2,33,0,8,70,2,80,110,0,110,190
11/20/2021,HWD,CA,AWP,WE,Towers with Radar,0,2,33,0,35,0,1,139,0,140,0,3,172,0,175,231,0,231,406
11/21/2021,HWD,CA,AWP,WE,Towers with Radar,0,2,24,0,26,0,1,116,0,117,0,3,140,0,143,134,0,134,277
11/22/2021,HWD,CA,AWP,WE,Towers with Radar,0,5,17,0,22,0,2,103,1,106,0,7,120,1,128,130,0,130,258
11/23/2021,HWD,CA,AWP,WE,Towers with Radar,0,8,13,0,21,0,2,121,0,123,0,10,134,0,144,183,0,183,327
11/24/2021,HWD,CA,AWP,WE,Towers with Radar,0,4,20,0,24,0,0,129,3,132,0,4,149,3,156,66,0,66,222
11/25/2021,HWD,CA,AWP,WE,Towers with Radar,0,2,2,0,4,0,0,48,0,48,0,2,50,0,52,110,0,110,162
11/26/2021,HWD,CA,AWP,WE,Towers with Radar,0,1,13,0,14,0,0,93,0,93,0,1,106,0,107,158,0,158,265
11/27/2021,HWD,CA,AWP,WE,Towers with Radar,1,8,32,0,41,0,1,111,0,112,1,9,143,0,153,118,0,118,271
11/28/2021,HWD,CA,AWP,WE,Towers with Radar,0,15,36,0,51,0,1,172,1,174,0,16,208,1,225,159,0,159,384
11/29/2021,HWD,CA,AWP,WE,Towers with Radar,0,5,16,0,21,0,1,107,0,108,0,6,123,0,129,164,0,164,293
11/30/2021,HWD,CA,AWP,WE,Towers with Radar,0,11,28,0,39,0,0,112,3,115,0,11,140,3,154,307,0,307,461
12/01/2021,HWD,CA,AWP,WE,Towers with Radar,0,3,16,0,19,0,0,108,1,109,0,3,124,1,128,150,0,150,278
12/02/2021,HWD,CA,AWP,WE,Towers with Radar,0,3,22,0,25,0,0,89,0,89,0,3,111,0,114,234,0,234,348
12/03/2021,HWD,CA,AWP,WE,Towers with Radar,0,1,35,0,36,0,0,2,0,2,0,1,37,0,38,2,0,2,40
12/04/2021,HWD,CA,AWP,WE,Towers with Radar,0,2,14,0,16,0,0,94,0,94,0,2,108,0,110,367,0,367,477
12/05/2021,HWD,CA,AWP,WE,Towers with Radar,0,4,26,0,30,0,0,89,0,89,0,4,115,0,119,106,0,106,225
12/06/2021,HWD,CA,AWP,WE,Towers with Radar,0,3,22,0,25,0,0,1,0,1,0,3,23,0,26,0,0,0,26
12/07/2021,HWD,CA,AWP,WE,Towers with Radar,0,9,26,0,35,0,2,98,3,103,0,11,124,3,138,334,0,334,472
12/08/2021,HWD,CA,AWP,WE,Towers with Radar,0,3,41,0,44,0,0,12,0,12,0,3,53,0,56,66,0,66,122
12/09/2021,HWD,CA,AWP,WE,Towers with Radar,0,6,25,0,31,0,3,121,2,126,0,9,146,2,157,333,0,333,490
12/10/2021,HWD,CA,AWP,WE,Towers with Radar,0,4,21,0,25,0,2,163,0,165,0,6,184,0,190,276,0,276,466
12/11/2021,HWD,CA,AWP,WE,Towers with Radar,0,5,19,0,24,0,0,184,0,184,0,5,203,0,208,372,0,372,580
12/12/2021,HWD,CA,AWP,WE,Towers with Radar,0,3,21,0,24,0,0,7,0,7,0,3,28,0,31,22,0,22,53
12/13/2021,HWD,CA,AWP,WE,Towers with Radar,0,2,14,0,16,0,0,2,0,2,0,2,16,0,18,0,0,0,18
12/14/2021,HWD,CA,AWP,WE,Towers with Radar,0,4,27,0,31,0,0,61,0,61,0,4,88,0,92,188,0,188,280
12/15/2021,HWD,CA,AWP,WE,Towers with Radar,0,4,28,0,32,0,0,60,0,60,0,4,88,0,92,129,0,129,221
12/16/2021,HWD,CA,AWP,WE,Towers with Radar,0,7,17,0,24,0,0,87,0,87,0,7,104,0,111,294,0,294,405
12/17/2021,HWD,CA,AWP,WE,Towers with Radar,0,13,26,0,39,0,0,156,0,156,0,13,182,0,195,246,0,246,441
12/18/2021,HWD,CA,AWP,WE,Towers with Radar,0,5,28,0,33,0,3,131,0,134,0,8,159,0,167,238,0,238,405
12/19/2021,HWD,CA,AWP,WE,Towers with Radar,0,6,18,0,24,0,0,104,0,104,0,6,122,0,128,258,0,258,386
12/20/2021,HWD,CA,AWP,WE,Towers with Radar,0,5,25,0,30,0,0,102,0,102,0,5,127,0,132,221,0,221,353
12/21/2021,HWD,CA,AWP,WE,Towers with Radar,0,8,15,0,23,0,0,67,0,67,0,8,82,0,90,72,0,72,162
12/22/2021,HWD,CA,AWP,WE,Towers with Radar,0,11,31,0,42,0,0,3,0,3,0,11,34,0,45,105,0,105,150
12/23/2021,HWD,CA,AWP,WE,Towers with Radar,0,6,21,0,27,0,1,16,0,17,0,7,37,0,44,63,0,63,107
12/24/2021,HWD,CA,AWP,WE,Towers with Radar,0,4,14,0,18,0,0,49,0,49,0,4,63,0,67,144,0,144,211
12/25/2021,HWD,CA,AWP,WE,Towers with Radar,0,2,4,0,6,0,1,0,0,1,0,3,4,0,7,0,0,0,7
12/26/2021,HWD,CA,AWP,WE,Towers with Radar,0,9,24,0,33,0,1,20,0,21,0,10,44,0,54,42,0,42,96
12/27/2021,HWD,CA,AWP,WE,Towers with Radar,0,1,19,0,20,0,1,15,2,18,0,2,34,2,38,30,0,30,68
12/28/2021,HWD,CA,AWP,WE,Towers with Radar,0,0,11,0,11,0,0,25,0,25,0,0,36,0,36,165,0,165,201
12/29/2021,HWD,CA,AWP,WE,Towers with Radar,0,5,19,0,24,0,0,21,0,21,0,5,40,0,45,92,0,92,137
12/30/2021,HWD,CA,AWP,WE,Towers with Radar,0,4,27,0,31,0,1,151,0,152,0,5,178,0,183,166,0,166,349
12/31/2021,HWD,CA,AWP,WE,Towers with Radar,0,2,14,0,16,0,1,99,0,100,0,3,113,0,116,146,0,146,262
01/01/2022,HWD,CA,AWP,WE,Towers with Radar,0,6,16,0,22,0,0,99,0,99,0,6,115,0,121,128,0,128,249
01/02/2022,HWD,CA,AWP,WE,Towers with Radar,0,7,39,0,46,0,0,123,0,123,0,7,162,0,169,174,0,174,343
01/03/2022,HWD,CA,AWP,WE,Towers with Radar,0,1,20,0,21,0,1,41,0,42,0,2,61,0,63,84,0,84,147
01/04/2022,HWD,CA,AWP,WE,Towers with Radar,0,3,23,0,26,0,0,39,0,39,0,3,62,0,65,174,0,174,239
01/05/2022,HWD,CA,AWP,WE,Towers with Radar,0,7,21,0,28,0,0,58,0,58,0,7,79,0,86,212,0,212,298
01/06/2022,HWD,CA,AWP,WE,Towers with Radar,0,4,30,0,34,0,0,1,0,1,0,4,31,0,35,10,0,10,45
01/07/2022,HWD,CA,AWP,WE,Towers with Radar,0,0,26,0,26,0,0,31,0,31,0,0,57,0,57,310,0,310,367
01/08/2022,HWD,CA,AWP,WE,Towers with Radar,0,6,25,0,31,0,0,116,0,116,0,6,141,0,147,386,0,386,533
01/09/2022,HWD,CA,AWP,WE,Towers with Radar,0,7,23,0,30,0,0,116,0,116,0,7,139,0,146,161,0,161,307
01/10/2022,HWD,CA,AWP,WE,Towers with Radar,0,3,7,0,10,0,1,113,3,117,0,4,120,3,127,96,0,96,223
01/11/2022,HWD,CA,AWP,WE,Towers with Radar,0,4,39,0,43,0,1,110,1,112,0,5,149,1,155,186,0,186,341
01/12/2022,HWD,CA,AWP,WE,Towers with Radar,0,5,22,0,27,0,0,121,0,121,0,5,143,0,148,295,0,295,443
01/13/2022,HWD,CA,AWP,WE,Towers with Radar,0,10,20,0,30,0,2,106,4,112,0,12,126,4,142,192,0,192,334
01/14/2022,HWD,CA,AWP,WE,Towers with Radar,0,7,19,0,26,0,4,103,2,109,0,11,122,2,135,312,0,312,447
01/15/2022,HWD,CA,AWP,WE,Towers with Radar,0,1,22,0,23,0,0,133,1,134,0,1,155,1,157,390,0,390,547
01/16/2022,HWD,CA,AWP,WE,Towers with Radar,0,6,27,0,33,0,1,129,0,130,0,7,156,0,163,272,0,272,435
01/17/2022,HWD,CA,AWP,WE,Towers with Radar,0,9,31,0,40,0,0,132,2,134,0,9,163,2,174,275,0,275,449
01/18/2022,HWD,CA,AWP,WE,Towers with Radar,0,4,17,0,21,0,0,59,0,59,0,4,76,0,80,114,0,114,194
01/19/2022,HWD,CA,AWP,WE,Towers with Radar,0,7,22,0,29,0,0,66,0,66,0,7,88,0,95,188,0,188,283
01/20/2022,HWD,CA,AWP,WE,Towers with Radar,0,6,20,0,26,0,0,63,0,63,0,6,83,0,89,94,0,94,183
01/21/2022,HWD,CA,AWP,WE,Towers with Radar,0,5,18,0,23,0,0,82,3,85,0,5,100,3,108,166,0,166,274
01/22/2022,HWD,CA,AWP,WE,Towers with Radar,0,4,13,0,17,0,0,81,0,81,0,4,94,0,98,128,0,128,226
01/23/2022,HWD,CA,AWP,WE,Towers with Radar,0,4,25,0,29,0,1,127,0,128,0,5,152,0,157,218,0,218,375
01/24/2022,HWD,CA,AWP,WE,Towers with Radar,0,9,14,0,23,0,2,118,1,121,0,11,132,1,144,342,0,342,486
01/25/2022,HWD,CA,AWP,WE,Towers with Radar,0,2,26,0,28,0,0,70,1,71,0,2,96,1,99,104,0,104,203
01/26/2022,HWD,CA,AWP,WE,Towers with Radar,0,4,24,0,28,0,4,95,0,99,0,8,119,0,127,346,0,346,473
01/27/2022,HWD,CA,AWP,WE,Towers with Radar,0,5,20,0,25,0,0,133,2,135,0,5,153,2,160,282,0,282,442
01/28/2022,HWD,CA,AWP,WE,Towers with Radar,0,5,34,0,39,0,1,117,2,120,0,6,151,2,159,192,0,192,351
01/29/2022,HWD,CA,AWP,WE,Towers with Radar,0,1,18,0,19,0,1,131,0,132,0,2,149,0,151,432,0,432,583
01/30/2022,HWD,CA,AWP,WE,Towers with Radar,0,5,27,0,32,0,0,104,0,104,0,5,131,0,136,252,0,252,388
01/31/2022,HWD,CA,AWP,WE,Towers with Radar,0,7,12,0,19,0,1,116,1,118,0,8,128,1,137,144,0,144,281
02/01/2022,HWD,CA,AWP,WE,Towers with Radar,0,5,13,0,18,0,0,76,3,79,0,5,89,3,97,146,0,146,243
02/02/2022,HWD,CA,AWP,WE,Towers with Radar,0,3,12,0,15,0,0,20,0,20,0,3,32,0,35,22,0,22,57
02/03/2022,HWD,CA,AWP,WE,Towers with Radar,0,10,25,0,35,0,1,134,0,135,0,11,159,0,170,278,0,278,448
02/04/2022,HWD,CA,AWP,WE,Towers with Radar,0,5,35,0,40,0,1,145,3,149,0,6,180,3,189,291,0,291,480
02/05/2022,HWD,CA,AWP,WE,Towers with Radar,0,6,25,0,31,0,1,135,0,136,0,7,160,0,167,320,0,320,487
02/06/2022,HWD,CA,AWP,WE,Towers with Radar,0,11,22,0,33,0,2,132,0,134,0,13,154,0,167,378,0,378,545
02/07/2022,HWD,CA,AWP,WE,Towers with Radar,0,6,13,0,19,0,2,105,2,109,0,8,118,2,128,266,0,266,394
02/08/2022,HWD,CA,AWP,WE,Towers with Radar,0,4,21,0,25,0,0,143,2,145,0,4,164,2,170,340,0,340,510
02/09/2022,HWD,CA,AWP,WE,Towers with Radar,0,5,20,0,25,0,3,109,0,112,0,8,129,0,137,256,0,256,393
02/10/2022,HWD,CA,AWP,WE,Towers with Radar,0,9,14,0,23,15,1,121,4,141,15,10,135,4,164,224,0,224,388
02/11/2022,HWD,CA,AWP,WE,Towers with Radar,0,8,25,0,33,0,0,152,0,152,0,8,177,0,185,316,0,316,501
02/12/2022,HWD,CA,AWP,WE,Towers with Radar,0,4,24,0,28,0,0,169,0,169,0,4,193,0,197,232,0,232,429
02/13/2022,HWD,CA,AWP,WE,Towers with Radar,0,4,20,0,24,0,2,127,0,129,0,6,147,0,153,287,0,287,440
02/14/2022,HWD,CA,AWP,WE,Towers with Radar,0,5,19,0,24,0,1,51,2,54,0,6,70,2,78,56,0,56,134
02/15/2022,HWD,CA,AWP,WE,Towers with Radar,0,4,19,0,23,0,0,79,4,83,0,4,98,4,106,88,0,88,194
02/16/2022,HWD,CA,AWP,WE,Towers with Radar,0,4,28,0,32,0,0,109,2,111,0,4,137,2,143,214,0,214,357
02/17/2022,HWD,CA,AWP,WE,Towers with Radar,0,10,19,0,29,0,2,129,1,132,0,12,148,1,161,222,0,222,383
02/18/2022,HWD,CA,AWP,WE,Towers with Radar,0,11,27,0,38,0,1,145,2,148,0,12,172,2,186,310,0,310,496
02/19/2022,HWD,CA,AWP,WE,Towers with Radar,0,3,19,0,22,0,0,127,0,127,0,3,146,0,149,334,0,334,483
02/20/2022,HWD,CA,AWP,WE,Towers with Radar,0,5,24,0,29,0,0,87,0,87,0,5,111,0,116,210,0,210,326
02/21/2022,HWD,CA,AWP,WE,Towers with Radar,0,0,21,0,21,0,0,80,3,83,0,0,101,3,104,158,0,158,262
02/22/2022,HWD,CA,AWP,WE,Towers with Radar,0,9,12,0,21,0,0,73,0,73,0,9,85,0,94,133,0,133,227
02/23/2022,HWD,CA,AWP,WE,Towers with Radar,0,5,26,0,31,0,2,127,1,130,0,7,153,1,161,336,0,336,497
02/24/2022,HWD,CA,AWP,WE,Towers with Radar,0,6,22,0,28,0,0,127,2,129,0,6,149,2,157,364,0,364,521
02/25/2022,HWD,CA,AWP,WE,Towers with Radar,0,4,19,0,23,0,1,137,3,141,0,5,156,3,164,266,0,266,430
02/26/2022,HWD,CA,AWP,WE,Towers with Radar,0,5,16,0,21,0,2,133,1,136,0,7,149,1,157,346,0,346,503
02/27/2022,HWD,CA,AWP,WE,Towers with Radar,0,4,23,0,27,0,0,127,0,127,0,4,150,0,154,162,0,162,316
02/28/2022,HWD,CA,AWP,WE,Towers with Radar,0,8,16,0,24,0,2,110,0,112,0,10,126,0,136,207,0,207,343
03/01/2022,HWD,CA,AWP,WE,Towers with Radar,0,2,21,0,23,0,0,121,0,121,0,2,142,0,144,328,0,328,472
03/02/2022,HWD,CA,AWP,WE,Towers with Radar,0,6,18,0,24,0,0,113,2,115,0,6,131,2,139,247,0,247,386
03/03/2022,HWD,CA,AWP,WE,Towers with Radar,0,7,23,0,30,0,2,34,3,39,0,9,57,3,69,230,0,230,299
03/04/2022,HWD,CA,AWP,WE,Towers with Radar,0,5,18,0,23,0,0,28,0,28,0,5,46,0,51,100,0,100,151
03/05/2022,HWD,CA,AWP,WE,Towers with Radar,0,3,10,0,13,0,0,107,0,107,0,3,117,0,120,414,0,414,534
03/06/2022,HWD,CA,AWP,WE,Towers with Radar,0,10,15,0,25,0,0,138,0,138,0,10,153,0,163,214,0,214,377
03/07/2022,HWD,CA,AWP,WE,Towers with Radar,0,9,16,0,25,0,2,89,1,92,0,11,105,1,117,100,0,100,217
03/08/2022,HWD,CA,AWP,WE,Towers with Radar,0,8,15,0,23,0,1,110,1,112,0,9,125,1,135,128,0,128,263
03/09/2022,HWD,CA,AWP,WE,Towers with Radar,0,8,19,0,27,0,0,97,4,101,0,8,116,4,128,199,0,199,327
03/10/2022,HWD,CA,AWP,WE,Towers with Radar,0,7,20,0,27,0,0,87,0,87,0,7,107,0,114,120,0,120,234
03/11/2022,HWD,CA,AWP,WE,Towers with Radar,0,9,26,0,35,0,2,164,3,169,0,11,190,3,204,382,0,382,586
03/12/2022,HWD,CA,AWP,WE,Towers with Radar,0,3,13,0,16,0,0,146,0,146,0,3,159,0,162,346,0,346,508
03/13/2022,HWD,CA,AWP,WE,Towers with Radar,0,7,24,0,31,0,1,115,0,116,0,8,139,0,147,298,0,298,445
03/14/2022,HWD,CA,AWP,WE,Towers with Radar,0,5,14,0,19,0,0,120,0,120,0,5,134,0,139,203,0,203,342
03/15/2022,HWD,CA,AWP,WE,Towers with Radar,0,8,25,0,33,0,0,75,1,76,0,8,100,1,109,199,0,199,308
03/16/2022,HWD,CA,AWP,WE,Towers with Radar,0,6,32,0,38,0,2,108,3,113,0,8,140,3,151,309,0,309,460
03/17/2022,HWD,CA,AWP,WE,Towers with Radar,0,8,34,0,42,0,4,104,0,108,0,12,138,0,150,362,0,362,512
03/18/2022,HWD,CA,AWP,WE,Towers with Radar,0,6,28,0,34,0,1,137,2,140,0,7,165,2,174,286,0,286,460
03/19/2022,HWD,CA,AWP,WE,Towers with Radar,0,2,27,0,29,0,1,32,0,33,0,3,59,0,62,282,0,282,344
03/20/2022,HWD,CA,AWP,WE,Towers with Radar,0,11,27,0,38,0,1,145,0,146,0,12,172,0,184,242,0,242,426
03/21/2022,HWD,CA,AWP,WE,Towers with Radar,0,5,15,1,21,0,1,115,5,121,0,6,130,6,142,308,0,308,450
03/22/2022,HWD,CA,AWP,WE,Towers with Radar,0,6,19,0,25,0,0,101,3,104,0,6,120,3,129,304,0,304,433
03/23/2022,HWD,CA,AWP,WE,Towers with Radar,0,7,44,0,51,0,1,98,0,99,0,8,142,0,150,250,0,250,400
03/24/2022,HWD,CA,AWP,WE,Towers with Radar,0,3,23,0,26,0,0,114,2,116,0,3,137,2,142,294,0,294,436
03/25/2022,HWD,CA,AWP,WE,Towers with Radar,0,4,31,0,35,0,1,108,0,109,0,5,139,0,144,146,0,146,290
03/26/2022,HWD,CA,AWP,WE,Towers with Radar,0,2,35,0,37,0,0,142,0,142,0,2,177,0,179,472,0,472,651
03/27/2022,HWD,CA,AWP,WE,Towers with Radar,0,13,35,0,48,0,1,58,0,59,0,14,93,0,107,145,0,145,252
03/28/2022,HWD,CA,AWP,WE,Towers with Radar,0,7,12,0,19,0,0,45,0,45,0,7,57,0,64,193,0,193,257
03/29/2022,HWD,CA,AWP,WE,Towers with Radar,0,6,31,0,37,0,0,36,0,36,0,6,67,0,73,302,0,302,375
03/30/2022,HWD,CA,AWP,WE,Towers with Radar,0,9,27,0,36,0,0,58,4,62,0,9,85,4,98,304,0,304,402
03/31/2022,HWD,CA,AWP,WE,Towers with Radar,0,7,30,0,37,0,0,106,1,107,0,7,136,1,144,200,0,200,344
04/01/2022,HWD,CA,AWP,WE,Towers with Radar,0,6,25,0,31,0,0,138,0,138,0,6,163,0,169,327,0,327,496
04/02/2022,HWD,CA,AWP,WE,Towers with Radar,0,3,17,0,20,0,1,139,0,140,0,4,156,0,160,300,0,300,460
04/03/2022,HWD,CA,AWP,WE,Towers with Radar,0,2,23,0,25,0,0,125,0,125,0,2,148,0,150,126,0,126,276
04/04/2022,HWD,CA,AWP,WE,Towers with Radar,0,2,20,0,22,0,0,67,2,69,0,2,87,2,91,90,0,90,181
04/05/2022,HWD,CA,AWP,WE,Towers with Radar,0,1,15,0,16,0,1,86,4,91,0,2,101,4,107,216,0,216,323
04/06/2022,HWD,CA,AWP,WE,Towers with Radar,0,5,16,0,21,0,1,111,0,112,0,6,127,0,133,262,0,262,395
04/07/2022,HWD,CA,AWP,WE,Towers with Radar,0,6,25,0,31,0,2,102,1,105,0,8,127,1,136,206,0,206,342
04/08/2022,HWD,CA,AWP,WE,Towers with Radar,0,2,18,0,20,0,0,160,2,162,0,2,178,2,182,316,0,316,498
04/09/2022,HWD,CA,AWP,WE,Towers with Radar,0,7,13,0,20,0,1,127,1,129,0,8,140,1,149,285,0,285,434
04/10/2022,HWD,CA,AWP,WE,Towers with Radar,0,6,17,0,23,0,0,106,0,106,0,6,123,0,129,138,0,138,267
04/11/2022,HWD,CA,AWP,WE,Towers with Radar,0,4,12,0,16,0,1,4,1,6,0,5,16,1,22,0,0,0,22
04/12/2022,HWD,CA,AWP,WE,Towers with Radar,0,2,27,0,29,0,0,68,0,68,0,2,95,0,97,124,0,124,221
04/13/2022,HWD,CA,AWP,WE,Towers with Radar,0,8,28,0,36,0,0,109,0,109,0,8,137,0,145,237,0,237,382
04/14/2022,HWD,CA,AWP,WE,Towers with Radar,0,4,26,0,30,0,0,15,0,15,0,4,41,0,45,86,0,86,131
04/15/2022,HWD,CA,AWP,WE,Towers with Radar,0,5,32,0,37,0,0,163,5,168,0,5,195,5,205,280,0,280,485
04/16/2022,HWD,CA,AWP,WE,Towers with Radar,0,4,23,0,27,0,0,38,2,40,0,4,61,2,67,206,0,206,273
04/17/2022,HWD,CA,AWP,WE,Towers with Radar,0,6,16,0,22,0,0,116,0,116,0,6,132,0,138,214,0,214,352
04/18/2022,HWD,CA,AWP,WE,Towers with Radar,0,5,21,0,26,0,1,123,1,125,0,6,144,1,151,243,0,243,394
04/19/2022,HWD,CA,AWP,WE,Towers with Radar,0,6,18,0,24,0,0,87,0,87,0,6,105,0,111,136,0,136,247
04/20/2022,HWD,CA,AWP,WE,Towers with Radar,1,5,26,0,32,0,2,99,0,101,1,7,125,0,133,104,0,104,237
04/21/2022,HWD,CA,AWP,WE,Towers with Radar,0,3,18,0,21,0,1,40,0,41,0,4,58,0,62,168,0,168,230
04/22/2022,HWD,CA,AWP,WE,Towers with Radar,0,12,35,0,47,0,1,113,2,116,0,13,148,2,163,278,0,278,441
04/23/2022,HWD,CA,AWP,WE,Towers with Radar,0,0,16,0,16,0,0,167,0,167,0,0,183,0,183,316,0,316,499
04/24/2022,HWD,CA,AWP,WE,Towers with Radar,0,8,29,0,37,0,0,170,0,170,0,8,199,0,207,406,0,406,613
04/25/2022,HWD,CA,AWP,WE,Towers with Radar,0,6,12,0,18,0,2,106,0,108,0,8,118,0,126,206,0,206,332
04/26/2022,HWD,CA,AWP,WE,Towers with Radar,0,2,23,0,25,0,2,101,0,103,0,4,124,0,128,88,0,88,216
04/27/2022,HWD,CA,AWP,WE,Towers with Radar,0,1,24,0,25,0,0,97,0,97,0,1,121,0,122,285,0,285,407
04/28/2022,HWD,CA,AWP,WE,Towers with Radar,0,7,21,0,28,0,0,61,1,62,0,7,82,1,90,68,0,68,158
04/29/2022,HWD,CA,AWP,WE,Towers with Radar,0,7,26,0,33,0,1,119,0,120,0,8,145,0,153,185,0,185,338
04/30/2022,HWD,CA,AWP,WE,Towers with Radar,0,1,20,0,21,0,2,128,0,130,0,3,148,0,151,298,0,298,449
05/01/2022,HWD,CA,AWP,WE,Towers with Radar,0,6,22,0,28,0,0,129,0,129,0,6,151,0,157,240,0,240,397
05/02/2022,HWD,CA,AWP,WE,Towers with Radar,0,0,18,0,18,0,1,48,2,51,0,1,66,2,69,79,0,79,148
05/03/2022,HWD,CA,AWP,WE,Towers with Radar,0,2,16,0,18,0,3,124,5,132,0,5,140,5,150,266,0,266,416
05/04/2022,HWD,CA,AWP,WE,Towers with Radar,0,5,22,0,27,0,4,123,1,128,0,9,145,1,155,318,0,318,473
05/05/2022,HWD,CA,AWP,WE,Towers with Radar,0,3,26,0,29,0,0,95,3,98,0,3,121,3,127,306,0,306,433
05/06/2022,HWD,CA,AWP,WE,Towers with Radar,0,4,34,0,38,0,1,78,3,82,0,5,112,3,120,144,0,144,264
05/07/2022,HWD,CA,AWP,WE,Towers with Radar,0,2,19,0,21,0,0,110,0,110,0,2,129,0,131,254,0,254,385
05/08/2022,HWD,CA,AWP,WE,Towers with Radar,0,4,18,0,22,0,1,28,0,29,0,5,46,0,51,30,0,30,81
05/09/2022,HWD,CA,AWP,WE,Towers with Radar,1,5,20,0,26,0,0,79,1,80,1,5,99,1,106,260,0,260,366
05/10/2022,HWD,CA,AWP,WE,Towers with Radar,0,6,21,0,27,0,0,95,0,95,0,6,116,0,122,256,0,256,378
05/11/2022,HWD,CA,AWP,WE,Towers with Radar,0,3,26,0,29,0,0,89,1,90,0,3,115,1,119,204,0,204,323
05/12/2022,HWD,CA,AWP,WE,Towers with Radar,0,8,16,0,24,0,0,101,5,106,0,8,117,5,130,138,0,138,268
05/13/2022,HWD,CA,AWP,WE,Towers with Radar,0,1,19,0,20,0,2,152,1,155,0,3,171,1,175,356,0,356,531
05/14/2022,HWD,CA,AWP,WE,Towers with Radar,0,2,17,0,19,0,0,150,1,151,0,2,167,1,170,334,0,334,504
05/15/2022,HWD,CA,AWP,WE,Towers with Radar,0,5,35,0,40,0,0,73,0,73,0,5,108,0,113,132,0,132,245
05/16/2022,HWD,CA,AWP,WE,Towers with Radar,2,3,24,0,29,0,0,64,2,66,2,3,88,2,95,212,0,212,307
05/17/2022,HWD,CA,AWP,WE,Towers with Radar,0,6,20,0,26,0,1,120,3,124,0,7,140,3,150,246,0,246,396
05/18/2022,HWD,CA,AWP,WE,Towers with Radar,0,6,25,0,31,0,1,132,0,133,0,7,157,0,164,326,0,326,490
05/19/2022,HWD,CA,AWP,WE,Towers with Radar,0,0,26,0,26,0,0,113,4,117,0,0,139,4,143,228,0,228,371
05/20/2022,HWD,CA,AWP,WE,Towers with Radar,0,2,22,0,24,0,2,88,3,93,0,4,110,3,117,76,0,76,193
05/21/2022,HWD,CA,AWP,WE,Towers with Radar,0,6,23,0,29,0,0,155,0,155,0,6,178,0,184,326,0,326,510
05/22/2022,HWD,CA,AWP,WE,Towers with Radar,0,3,22,0,25,0,0,121,0,121,0,3,143,0,146,322,0,322,468
05/23/2022,HWD,CA,AWP,WE,Towers with Radar,0,0,12,0,12,0,0,117,4,121,0,0,129,4,133,276,0,276,409
05/24/2022,HWD,CA,AWP,WE,Towers with Radar,0,2,10,0,12,0,1,53,0,54,0,3,63,0,66,134,0,134,200
05/25/2022,HWD,CA,AWP,WE,Towers with Radar,0,4,29,0,33,0,0,120,2,122,0,4,149,2,155,206,0,206,361
05/26/2022,HWD,CA,AWP,WE,Towers with Radar,0,0,13,0,13,0,0,89,3,92,0,0,102,3,105,192,0,192,297
05/27/2022,HWD,CA,AWP,WE,Towers with Radar,0,4,19,0,23,0,0,80,3,83,0,4,99,3,106,156,0,156,262
05/28/2022,HWD,CA,AWP,WE,Towers with Radar,0,2,12,0,14,0,0,96,0,96,0,2,108,0,110,324,0,324,434
05/29/2022,HWD,CA,AWP,WE,Towers with Radar,0,0,11,0,11,0,0,101,0,101,0,0,112,0,112,270,0,270,382
05/30/2022,HWD,CA,AWP,WE,Towers with Radar,0,4,24,0,28,0,1,140,0,141,0,5,164,0,169,310,0,310,479
05/31/2022,HWD,CA,AWP,WE,Towers with Radar,0,8,21,0,29,0,1,116,0,117,0,9,137,0,146,226,0,226,372
06/01/2022,HWD,CA,AWP,WE,Towers with Radar,0,0,26,0,26,0,0,100,0,100,0,0,126,0,126,228,0,228,354
06/02/2022,HWD,CA,AWP,WE,Towers with Radar,0,2,14,0,16,0,0,91,2,93,0,2,105,2,109,130,0,130,239
06/03/2022,HWD,CA,AWP,WE,Towers with Radar,0,7,34,0,41,0,0,60,0,60,0,7,94,0,101,205,0,205,306
06/04/2022,HWD,CA,AWP,WE,Towers with Radar,0,2,28,0,30,0,0,127,0,127,0,2,155,0,157,368,0,368,525
06/05/2022,HWD,CA,AWP,WE,Towers with Radar,0,6,27,0,33,0,0,51,1,52,0,6,78,1,85,172,0,172,257
06/06/2022,HWD,CA,AWP,WE,Towers with Radar,0,2,16,0,18,0,0,108,0,108,0,2,124,0,126,272,0,272,398
06/07/2022,HWD,CA,AWP,WE,Towers with Radar,0,6,18,0,24,0,2,137,1,140,0,8,155,1,164,360,0,360,524
06/08/2022,HWD,CA,AWP,WE,Towers with Radar,0,5,39,0,44,0,0,107,3,110,0,5,146,3,154,250,0,250,404
06/09/2022,HWD,CA,AWP,WE,Towers with Radar,0,13,32,0,45,0,0,150,1,151,0,13,182,1,196,316,0,316,512
06/10/2022,HWD,CA,AWP,WE,Towers with Radar,0,5,32,0,37,0,2,146,1,149,0,7,178,1,186,355,0,355,541
06/11/2022,HWD,CA,AWP,WE,Towers with Radar,0,4,27,0,31,0,1,145,0,146,0,5,172,0,177,244,0,244,421
06/12/2022,HWD,CA,AWP,WE,Towers with Radar,0,2,30,0,32,0,0,69,0,69,0,2,99,0,101,262,0,262,363
06/13/2022,HWD,CA,AWP,WE,Towers with Radar,0,4,21,0,25,0,1,109,2,112,0,5,130,2,137,278,0,278,415
06/14/2022,HWD,CA,AWP,WE,Towers with Radar,1,2,19,0,22,0,1,114,0,115,1,3,133,0,137,360,0,360,497
06/15/2022,HWD,CA,AWP,WE,Towers with Radar,0,3,29,0,32,0,0,124,2,126,0,3,153,2,158,331,0,331,489
06/16/2022,HWD,CA,AWP,WE,Towers with Radar,0,1,19,0,20,0,0,93,4,97,0,1,112,4,117,194,0,194,311
06/17/2022,HWD,CA,AWP,WE,Towers with Radar,0,3,24,0,27,0,0,88,0,88,0,3,112,0,115,262,0,262,377
06/18/2022,HWD,CA,AWP,WE,Towers with Radar,0,1,25,0,26,0,1,104,0,105,0,2,129,0,131,294,0,294,425
06/19/2022,HWD,CA,AWP,WE,Towers with Radar,0,3,24,0,27,0,0,129,0,129,0,3,153,0,156,231,0,231,387
06/20/2022,HWD,CA,AWP,WE,Towers with Radar,0,6,25,0,31,0,1,133,6,140,0,7,158,6,171,316,0,316,487
06/21/2022,HWD,CA,AWP,WE,Towers with Radar,0,4,7,0,11,0,0,97,0,97,0,4,104,0,108,270,0,270,378
06/22/2022,HWD,CA,AWP,WE,Towers with Radar,0,8,17,0,25,0,0,107,0,107,0,8,124,0,132,306,0,306,438
06/23/2022,HWD,CA,AWP,WE,Towers with Radar,0,3,16,0,19,0,1,104,1,106,0,4,120,1,125,305,0,305,430
06/24/2022,HWD,CA,AWP,WE,Towers with Radar,0,6,19,0,25,0,0,130,0,130,0,6,149,0,155,214,0,214,369
06/25/2022,HWD,CA,AWP,WE,Towers with Radar,0,1,13,0,14,0,1,133,0,134,0,2,146,0,148,246,0,246,394
06/26/2022,HWD,CA,AWP,WE,Towers with Radar,0,13,33,0,46,0,1,128,0,129,0,14,161,0,175,172,0,172,347
06/27/2022,HWD,CA,AWP,WE,Towers with Radar,0,6,11,0,17,0,1,90,0,91,0,7,101,0,108,180,0,180,288
06/28/2022,HWD,CA,AWP,WE,Towers with Radar,0,2,14,0,16,0,0,123,2,125,0,2,137,2,141,344,0,344,485
06/29/2022,HWD,CA,AWP,WE,Towers with Radar,0,4,30,0,34,0,1,87,0,88,0,5,117,0,122,254,0,254,376
06/30/2022,HWD,CA,AWP,WE,Towers with Radar,1,6,23,0,30,0,2,88,2,92,1,8,111,2,122,218,0,218,340
07/01/2022,HWD,CA,AWP,WE,Towers with Radar,0,6,37,0,43,0,0,92,0,92,0,6,129,0,135,194,0,194,329
07/02/2022,HWD,CA,AWP,WE,Towers with Radar,0,7,41,0,48,0,0,28,0,28,0,7,69,0,76,90,0,90,166
07/03/2022,HWD,CA,AWP,WE,Towers with Radar,0,6,11,0,17,0,0,58,0,58,0,6,69,0,75,164,0,164,239
07/04/2022,HWD,CA,AWP,WE,Towers with Radar,1,1,17,0,19,0,0,66,0,66,1,1,83,0,85,314,0,314,399
07/05/2022,HWD,CA,AWP,WE,Towers with Radar,0,2,36,0,38,0,0,86,0,86,0,2,122,0,124,280,0,280,404
07/06/2022,HWD,CA,AWP,WE,Towers with Radar,0,3,18,1,22,0,1,87,1,89,0,4,105,2,111,300,0,300,411
07/07/2022,HWD,CA,AWP,WE,Towers with Radar,1,1,27,0,29,0,1,74,0,75,1,2,101,0,104,238,0,238,342
07/08/2022,HWD,CA,AWP,WE,Towers with Radar,1,1,21,0,23,0,2,149,0,151,1,3,170,0,174,450,0,450,624
07/09/2022,HWD,CA,AWP,WE,Towers with Radar,0,3,20,0,23,0,1,127,0,128,0,4,147,0,151,204,0,204,355
07/10/2022,HWD,CA,AWP,WE,Towers with Radar,0,5,25,0,30,0,0,142,0,142,0,5,167,0,172,216,0,216,388
07/11/2022,HWD,CA,AWP,WE,Towers with Radar,0,4,22,0,26,0,0,100,0,100,0,4,122,0,126,200,0,200,326
07/12/2022,HWD,CA,AWP,WE,Towers with Radar,0,4,27,0,31,0,0,112,0,112,0,4,139,0,143,234,0,234,377
07/13/2022,HWD,CA,AWP,WE,Towers with Radar,0,4,25,0,29,0,0,121,0,121,0,4,146,0,150,430,0,430,580
07/14/2022,HWD,CA,AWP,WE,Towers with Radar,1,5,21,0,27,0,0,108,1,109,1,5,129,1,136,260,0,260,396
07/15/2022,HWD,CA,AWP,WE,Towers with Radar,0,5,35,0,40,0,0,124,5,129,0,5,159,5,169,414,0,414,583
07/16/2022,HWD,CA,AWP,WE,Towers with Radar,0,3,12,0,15,0,0,127,1,128,0,3,139,1,143,351,0,351,494
07/17/2022,HWD,CA,AWP,WE,Towers with Radar,0,5,27,0,32,0,0,142,4,146,0,5,169,4,178,224,0,224,402
07/18/2022,HWD,CA,AWP,WE,Towers with Radar,0,2,20,0,22,0,1,89,2,92,0,3,109,2,114,188,0,188,302
07/19/2022,HWD,CA,AWP,WE,Towers with Radar,0,4,17,0,21,0,0,105,0,105,0,4,122,0,126,226,12,238,364
07/20/2022,HWD,CA,AWP,WE,Towers with Radar,0,2,22,0,24,0,0,99,1,100,0,2,121,1,124,318,0,318,442
07/21/2022,HWD,CA,AWP,WE,Towers with Radar,0,5,24,0,29,0,1,94,0,95,0,6,118,0,124,286,0,286,410
07/22/2022,HWD,CA,AWP,WE,Towers with Radar,0,2,20,0,22,0,1,124,0,125,0,3,144,0,147,321,0,321,468
07/23/2022,HWD,CA,AWP,WE,Towers with Radar,0,3,45,0,48,0,0,133,0,133,0,3,178,0,181,270,0,270,451
07/24/2022,HWD,CA,AWP,WE,Towers with Radar,0,5,31,0,36,0,3,97,0,100,0,8,128,0,136,202,0,202,338
07/25/2022,HWD,CA,AWP,WE,Towers with Radar,0,1,13,0,14,0,4,74,2,80,0,5,87,2,94,162,0,162,256
07/26/2022,HWD,CA,AWP,WE,Towers with Radar,1,2,27,0,30,0,0,103,1,104,1,2,130,1,134,170,0,170,304
07/27/2022,HWD,CA,AWP,WE,Towers with Radar,0,3,31,0,34,0,0,108,0,108,0,3,139,0,142,150,0,150,292
07/28/2022,HWD,CA,AWP,WE,Towers with Radar,0,9,32,0,41,0,0,65,2,67,0,9,97,2,108,120,0,120,228
07/29/2022,HWD,CA,AWP,WE,Towers with Radar,0,5,50,0,55,0,2,103,0,105,0,7,153,0,160,194,0,194,354
07/30/2022,HWD,CA,AWP,WE,Towers with Radar,0,2,29,0,31,0,0,95,0,95,0,2,124,0,126,170,0,170,296
07/31/2022,HWD,CA,AWP,WE,Towers with Radar,0,9,29,0,38,0,2,99,2,103,0,11,128,2,141,210,0,210,351
08/01/2022,HWD,CA,AWP,WE,Towers with Radar,0,8,15,0,23,0,4,99,0,103,0,12,114,0,126,238,0,238,364
08/02/2022,HWD,CA,AWP,WE,Towers with Radar,0,6,22,0,28,0,4,118,0,122,0,10,140,0,150,228,0,228,378
08/03/2022,HWD,CA,AWP,WE,Towers with Radar,0,6,29,0,35,0,2,138,0,140,0,8,167,0,175,262,0,262,437
08/04/2022,HWD,CA,AWP,WE,Towers with Radar,0,9,25,0,34,0,0,105,0,105,0,9,130,0,139,256,0,256,395
08/05/2022,HWD,CA,AWP,WE,Towers with Radar,0,5,30,0,35,0,1,109,0,110,0,6,139,0,145,264,0,264,409
08/06/2022,HWD,CA,AWP,WE,Towers with Radar,0,5,34,0,39,0,1,180,0,181,0,6,214,0,220,300,0,300,520
08/07/2022,HWD,CA,AWP,WE,Towers with Radar,0,3,23,0,26,0,1,109,0,110,0,4,132,0,136,286,0,286,422
08/08/2022,HWD,CA,AWP,WE,Towers with Radar,0,5,19,0,24,0,0,89,0,89,0,5,108,0,113,228,0,228,341
08/09/2022,HWD,CA,AWP,WE,Towers with Radar,0,4,19,0,23,0,0,102,0,102,0,4,121,0,125,228,0,228,353
08/10/2022,HWD,CA,AWP,WE,Towers with Radar,0,4,25,0,29,0,0,106,0,106,0,4,131,0,135,264,0,264,399
08/11/2022,HWD,CA,AWP,WE,Towers with Radar,0,2,25,0,27,0,1,100,0,101,0,3,125,0,128,298,0,298,426
08/12/2022,HWD,CA,AWP,WE,Towers with Radar,1,3,19,0,23,0,0,120,1,121,1,3,139,1,144,252,0,252,396
08/13/2022,HWD,CA,AWP,WE,Towers with Radar,0,3,14,0,17,0,4,125,0,129,0,7,139,0,146,360,0,360,506
08/14/2022,HWD,CA,AWP,WE,Towers with Radar,0,5,20,0,25,0,4,133,0,137,0,9,153,0,162,254,0,254,416
08/15/2022,HWD,CA,AWP,WE,Towers with Radar,0,1,17,0,18,0,0,80,0,80,0,1,97,0,98,170,0,170,268
08/16/2022,HWD,CA,AWP,WE,Towers with Radar,0,4,15,0,19,0,0,106,0,106,0,4,121,0,125,172,0,172,297
08/17/2022,HWD,CA,AWP,WE,Towers with Radar,0,5,8,0,13,0,0,128,1,129,0,5,136,1,142,242,0,242,384
08/18/2022,HWD,CA,AWP,WE,Towers with Radar,0,4,21,0,25,0,1,122,1,124,0,5,143,1,149,167,0,167,316
08/19/2022,HWD,CA,AWP,WE,Towers with Radar,0,5,19,0,24,0,2,86,0,88,0,7,105,0,112,282,0,282,394
08/20/2022,HWD,CA,AWP,WE,Towers with Radar,1,2,21,0,24,0,1,136,0,137,1,3,157,0,161,354,0,354,515
08/21/2022,HWD,CA,AWP,WE,Towers with Radar,0,8,11,0,19,0,1,135,0,136,0,9,146,0,155,184,0,184,339
08/22/2022,HWD,CA,AWP,WE,Towers with Radar,0,7,23,0,30,0,0,88,0,88,0,7,111,0,118,220,0,220,338
08/23/2022,HWD,CA,AWP,WE,Towers with Radar,1,3,19,0,23,0,0,119,0,119,1,3,138,0,142,158,0,158,300
08/24/2022,HWD,CA,AWP,WE,Towers with Radar,1,5,33,0,39,0,0,92,0,92,1,5,125,0,131,260,0,260,391
08/25/2022,HWD,CA,AWP,WE,Towers with Radar,0,1,22,0,23,0,0,95,0,95,0,1,117,0,118,210,0,210,328
08/26/2022,HWD,CA,AWP,WE,Towers with Radar,0,1,29,0,30,0,0,110,0,110,0,1,139,0,140,224,0,224,364
08/27/2022,HWD,CA,AWP,WE,Towers with Radar,0,7,16,0,23,0,4,132,0,136,0,11,148,0,159,222,0,222,381
08/28/2022,HWD,CA,AWP,WE,Towers with Radar,0,12,31,0,43,0,0,95,0,95,0,12,126,0,138,290,0,290,428
08/29/2022,HWD,CA,AWP,WE,Towers with Radar,0,3,21,0,24,0,1,108,0,109,0,4,129,0,133,274,0,274,407
08/30/2022,HWD,CA,AWP,WE,Towers with Radar,0,2,26,0,28,0,0,105,0,105,0,2,131,0,133,252,0,252,385
08/31/2022,HWD,CA,AWP,WE,Towers with Radar,0,3,25,0,28,0,1,123,0,124,0,4,148,0,152,318,0,318,470
09/01/2022,HWD,CA,AWP,WE,Towers with Radar,0,4,21,0,25,0,2,102,1,105,0,6,123,1,130,222,0,222,352
09/02/2022,HWD,CA,AWP,WE,Towers with Radar,0,4,31,0,35,0,0,82,0,82,0,4,113,0,117,230,0,230,347
09/03/2022,HWD,CA,AWP,WE,Towers with Radar,0,1,11,0,12,0,0,137,0,137,0,1,148,0,149,300,0,300,449
09/04/2022,HWD,CA,AWP,WE,Towers with Radar,0,3,12,0,15,0,0,113,0,113,0,3,125,0,128,292,0,292,420
09/05/2022,HWD,CA,AWP,WE,Towers with Radar,0,3,19,0,22,0,0,116,0,116,0,3,135,0,138,154,0,154,292
09/06/2022,HWD,CA,AWP,WE,Towers with Radar,0,0,11,0,11,0,1,88,0,89,0,1,99,0,100,112,0,112,212
09/07/2022,HWD,CA,AWP,WE,Towers with Radar,0,2,19,0,21,0,0,79,0,79,0,2,98,0,100,100,0,100,200
09/08/2022,HWD,CA,AWP,WE,Towers with Radar,0,3,22,0,25,0,0,110,0,110,0,3,132,0,135,151,0,151,286
09/09/2022,HWD,CA,AWP,WE,Towers with Radar,0,4,21,0,25,0,0,110,1,111,0,4,131,1,136,198,0,198,334
09/10/2022,HWD,CA,AWP,WE,Towers with Radar,0,2,16,0,18,0,0,128,0,128,0,2,144,0,146,448,0,448,594
09/11/2022,HWD,CA,AWP,WE,Towers with Radar,0,3,15,0,18,0,0,169,0,169,0,3,184,0,187,110,0,110,297
09/12/2022,HWD,CA,AWP,WE,Towers with Radar,0,4,17,0,21,0,0,89,0,89,0,4,106,0,110,240,0,240,350
09/13/2022,HWD,CA,AWP,WE,Towers with Radar,1,3,19,0,23,0,0,76,1,77,1,3,95,1,100,188,0,188,288
09/14/2022,HWD,CA,AWP,WE,Towers with Radar,1,3,32,0,36,0,0,79,1,80,1,3,111,1,116,360,0,360,476
09/15/2022,HWD,CA,AWP,WE,Towers with Radar,0,4,32,0,36,0,1,82,0,83,0,5,114,0,119,332,0,332,451
09/16/2022,HWD,CA,AWP,WE,Towers with Radar,0,3,20,0,23,0,1,135,3,139,0,4,155,3,162,384,0,384,546
09/17/2022,HWD,CA,AWP,WE,Towers with Radar,0,0,19,0,19,0,1,93,0,94,0,1,112,0,113,326,0,326,439
09/18/2022,HWD,CA,AWP,WE,Towers with Radar,0,10,20,0,30,0,0,20,0,20,0,10,40,0,50,42,0,42,92
09/19/2022,HWD,CA,AWP,WE,Towers with Radar,0,0,18,0,18,0,0,52,0,52,0,0,70,0,70,188,0,188,258
09/20/2022,HWD,CA,AWP,WE,Towers with Radar,0,3,22,0,25,0,0,103,0,103,0,3,125,0,128,334,0,334,462
09/21/2022,HWD,CA,AWP,WE,Towers with Radar,0,1,27,0,28,0,1,97,0,98,0,2,124,0,126,276,0,276,402
09/22/2022,HWD,CA,AWP,WE,Towers with Radar,1,5,23,0,29,0,0,113,0,113,1,5,136,0,142,316,0,316,458
09/23/2022,HWD,CA,AWP,WE,Towers with Radar,0,12,34,0,46,0,0,188,0,188,0,12,222,0,234,364,0,364,598
09/24/2022,HWD,CA,AWP,WE,Towers with Radar,0,0,22,0,22,0,1,252,1,254,0,1,274,1,276,232,0,232,508
09/25/2022,HWD,CA,AWP,WE,Towers with Radar,0,14,47,0,61,0,0,174,0,174,0,14,221,0,235,216,0,216,451
09/26/2022,HWD,CA,AWP,WE,Towers with Radar,0,6,21,0,27,0,1,70,0,71,0,7,91,0,98,282,0,282,380
09/27/2022,HWD,CA,AWP,WE,Towers with Radar,0,3,13,0,16,0,1,118,1,120,0,4,131,1,136,298,0,298,434
09/28/2022,HWD,CA,AWP,WE,Towers with Radar,2,2,38,0,42,0,0,101,0,101,2,2,139,0,143,292,0,292,435
09/29/2022,HWD,CA,AWP,WE,Towers with Radar,1,2,21,0,24,0,2,96,0,98,1,4,117,0,122,320,0,320,442
09/30/2022,HWD,CA,AWP,WE,Towers with Radar,0,2,38,0,40,0,5,195,0,200,0,7,233,0,240,208,0,208,448
10/01/2022,HWD,CA,AWP,WE,Towers with Radar,0,0,59,0,59,0,0,127,1,128,0,0,186,1,187,388,0,388,575
10/02/2022,HWD,CA,AWP,WE,Towers with Radar,0,2,39,0,41,0,0,152,0,152,0,2,191,0,193,300,0,300,493
10/03/2022,HWD,CA,AWP,WE,Towers with Radar,0,1,16,1,18,0,0,120,0,120,0,1,136,1,138,308,0,308,446
10/04/2022,HWD,CA,AWP,WE,Towers with Radar,0,1,20,0,21,0,0,90,0,90,0,1,110,0,111,188,0,188,299
10/05/2022,HWD,CA,AWP,WE,Towers with Radar,0,13,29,1,43,0,1,89,0,90,0,14,118,1,133,238,0,238,371
10/06/2022,HWD,CA,AWP,WE,Towers with Radar,0,3,25,0,28,0,1,90,0,91,0,4,115,0,119,270,0,270,389
10/07/2022,HWD,CA,AWP,WE,Towers with Radar,0,1,27,1,29,0,0,135,1,136,0,1,162,2,165,180,0,180,345
10/08/2022,HWD,CA,AWP,WE,Towers with Radar,0,2,24,0,26,0,1,162,0,163,0,3,186,0,189,204,0,204,393
10/09/2022,HWD,CA,AWP,WE,Towers with Radar,1,1,58,0,60,0,1,158,0,159,1,2,216,0,219,142,0,142,361
10/10/2022,HWD,CA,AWP,WE,Towers with Radar,0,5,77,0,82,0,0,109,0,109,0,5,186,0,191,180,0,180,371
10/11/2022,HWD,CA,AWP,WE,Towers with Radar,0,6,34,0,40,0,0,102,4,106,0,6,136,4,146,236,0,236,382
10/12/2022,HWD,CA,AWP,WE,Towers with Radar,0,9,25,0,34,0,0,80,0,80,0,9,105,0,114,172,0,172,286
10/13/2022,HWD,CA,AWP,WE,Towers with Radar,0,4,27,1,32,0,0,77,0,77,0,4,104,1,109,346,0,346,455
10/14/2022,HWD,CA,AWP,WE,Towers with Radar,0,3,23,0,26,0,0,73,0,73,0,3,96,0,99,180,0,180,279
10/15/2022,HWD,CA,AWP,WE,Towers with Radar,0,1,42,0,43,0,0,90,0,90,0,1,132,0,133,316,0,316,449
10/16/2022,HWD,CA,AWP,WE,Towers with Radar,0,5,44,0,49,0,1,120,1,122,0,6,164,1,171,344,0,344,515
10/17/2022,HWD,CA,AWP,WE,Towers with Radar,0,3,17,0,20,0,2,101,1,104,0,5,118,1,124,268,0,268,392
10/18/2022,HWD,CA,AWP,WE,Towers with Radar,0,3,21,0,24,0,0,93,0,93,0,3,114,0,117,330,0,330,447
10/19/2022,HWD,CA,AWP,WE,Towers with Radar,0,5,26,0,31,0,1,78,0,79,0,6,104,0,110,334,0,334,444
10/20/2022,HWD,CA,AWP,WE,Towers with Radar,0,3,24,0,27,0,1,108,0,109,0,4,132,0,136,208,0,208,344
10/21/2022,HWD,CA,AWP,WE,Towers with Radar,0,3,35,0,38,0,0,93,0,93,0,3,128,0,131,166,0,166,297
10/22/2022,HWD,CA,AWP,WE,Towers with Radar,0,8,42,0,50,0,0,151,0,151,0,8,193,0,201,276,0,276,477
10/23/2022,HWD,CA,AWP,WE,Towers with Radar,0,1,27,0,28,0,5,204,1,210,0,6,231,1,238,292,0,292,530
10/24/2022,HWD,CA,AWP,WE,Towers with Radar,0,8,45,0,53,0,1,171,0,172,0,9,216,0,225,306,0,306,531
10/25/2022,HWD,CA,AWP,WE,Towers with Radar,0,4,25,0,29,0,3,124,1,128,0,7,149,1,157,304,0,304,461
10/26/2022,HWD,CA,AWP,WE,Towers with Radar,0,1,23,0,24,0,0,104,0,104,0,1,127,0,128,312,0,312,440
10/27/2022,HWD,CA,AWP,WE,Towers with Radar,0,4,16,0,20,0,0,112,0,112,0,4,128,0,132,214,0,214,346
10/28/2022,HWD,CA,AWP,WE,Towers with Radar,0,5,22,0,27,0,1,126,0,127,0,6,148,0,154,352,0,352,506
10/29/2022,HWD,CA,AWP,WE,Towers with Radar,0,5,19,0,24,0,2,139,0,141,0,7,158,0,165,350,0,350,515
10/30/2022,HWD,CA,AWP,WE,Towers with Radar,0,2,25,0,27,0,0,90,0,90,0,2,115,0,117,168,0,168,285
10/31/2022,HWD,CA,AWP,WE,Towers with Radar,0,0,13,0,13,0,0,66,0,66,0,0,79,0,79,80,0,80,159
11/01/2022,HWD,CA,AWP,WE,Towers with Radar,0,0,22,0,22,0,0,14,0,14,0,0,36,0,36,58,0,58,94
11/02/2022,HWD,CA,AWP,WE,Towers with Radar,0,3,20,0,23,0,1,70,0,71,0,4,90,0,94,268,0,268,362
11/03/2022,HWD,CA,AWP,WE,Towers with Radar,0,0,25,0,25,0,3,89,1,93,0,3,114,1,118,336,0,336,454
11/04/2022,HWD,CA,AWP,WE,Towers with Radar,0,3,17,0,20,0,0,85,0,85,0,3,102,0,105,466,0,466,571
11/05/2022,HWD,CA,AWP,WE,Towers with Radar,0,1,28,0,29,0,0,18,0,18,0,1,46,0,47,146,0,146,193
11/06/2022,HWD,CA,AWP,WE,Towers with Radar,0,6,25,0,31,0,0,113,0,113,0,6,138,0,144,434,0,434,578
11/07/2022,HWD,CA,AWP,WE,Towers with Radar,0,5,14,0,19,0,1,45,0,46,0,6,59,0,65,204,0,204,269
11/08/2022,HWD,CA,AWP,WE,Towers with Radar,0,0,6,0,6,0,0,10,1,11,0,0,16,1,17,6,0,6,23
11/09/2022,HWD,CA,AWP,WE,Towers with Radar,0,1,26,0,27,0,0,75,0,75,0,1,101,0,102,178,0,178,280
11/10/2022,HWD,CA,AWP,WE,Towers with Radar,1,7,15,0,23,0,0,114,0,114,1,7,129,0,137,198,0,198,335
11/11/2022,HWD,CA,AWP,WE,Towers with Radar,0,1,16,0,17,0,1,152,2,155,0,2,168,2,172,250,0,250,422
11/12/2022,HWD,CA,AWP,WE,Towers with Radar,0,1,15,0,16,0,2,130,2,134,0,3,145,2,150,418,0,418,568
11/13/2022,HWD,CA,AWP,WE,Towers with Radar,0,4,26,0,30,0,0,138,0,138,0,4,164,0,168,266,0,266,434
11/14/2022,HWD,CA,AWP,WE,Towers with Radar,0,1,13,0,14,0,0,109,1,110,0,1,122,1,124,158,0,158,282
11/15/2022,HWD,CA,AWP,WE,Towers with Radar,0,6,17,0,23,0,3,114,3,120,0,9,131,3,143,188,0,188,331
11/16/2022,HWD,CA,AWP,WE,Towers with Radar,0,7,17,0,24,0,1,101,0,102,0,8,118,0,126,314,0,314,440
11/17/2022,HWD,CA,AWP,WE,Towers with Radar,0,0,15,0,15,0,0,116,1,117,0,0,131,1,132,283,0,283,415
11/18/2022,HWD,CA,AWP,WE,Towers with Radar,0,3,16,0,19,0,0,111,0,111,0,3,127,0,130,282,0,282,412
11/19/2022,HWD,CA,AWP,WE,Towers with Radar,0,4,20,0,24,0,0,136,0,136,0,4,156,0,160,348,0,348,508
11/20/2022,HWD,CA,AWP,WE,Towers with Radar,0,1,19,0,20,0,0,116,0,116,0,1,135,0,136,350,0,350,486
11/21/2022,HWD,CA,AWP,WE,Towers with Radar,0,2,9,0,11,0,0,90,0,90,0,2,99,0,101,258,0,258,359
11/22/2022,HWD,CA,AWP,WE,Towers with Radar,0,0,17,0,17,0,1,105,1,107,0,1,122,1,124,292,0,292,416
11/23/2022,HWD,CA,AWP,WE,Towers with Radar,0,2,27,0,29,0,1,138,0,139,0,3,165,0,168,358,0,358,526
11/24/2022,HWD,CA,AWP,WE,Towers with Radar,0,3,4,0,7,0,0,71,0,71,0,3,75,0,78,128,0,128,206
11/25/2022,HWD,CA,AWP,WE,Towers with Radar,1,0,12,0,13,0,0,74,0,74,1,0,86,0,87,178,0,178,265
11/26/2022,HWD,CA,AWP,WE,Towers with Radar,0,2,24,0,26,0,0,112,0,112,0,2,136,0,138,222,0,222,360
11/27/2022,HWD,CA,AWP,WE,Towers with Radar,0,1,31,0,32,0,0,120,0,120,0,1,151,0,152,250,0,250,402
11/28/2022,HWD,CA,AWP,WE,Towers with Radar,0,2,21,0,23,0,0,77,0,77,0,2,98,0,100,158,0,158,258
11/29/2022,HWD,CA,AWP,WE,Towers with Radar,0,4,24,0,28,0,0,114,2,116,0,4,138,2,144,346,0,346,490
11/30/2022,HWD,CA,AWP,WE,Towers with Radar,0,6,34,0,40,0,1,111,2,114,0,7,145,2,154,350,0,350,504
12/01/2022,HWD,CA,AWP,WE,Towers with Radar,0,3,20,0,23,0,0,6,2,8,0,3,26,2,31,54,0,54,85
12/02/2022,HWD,CA,AWP,WE,Towers with Radar,0,6,15,0,21,0,0,122,0,122,0,6,137,0,143,312,0,312,455
12/03/2022,HWD,CA,AWP,WE,Towers with Radar,0,4,22,0,26,0,0,0,0,0,0,4,22,0,26,0,0,0,26
12/04/2022,HWD,CA,AWP,WE,Towers with Radar,0,3,19,0,22,0,0,69,0,69,0,3,88,0,91,384,0,384,475
12/05/2022,HWD,CA,AWP,WE,Towers with Radar,0,6,16,0,22,0,1,42,1,44,0,7,58,1,66,234,0,234,300
12/06/2022,HWD,CA,AWP,WE,Towers with Radar,0,4,17,0,21,0,0,66,1,67,0,4,83,1,88,202,0,202,290
12/07/2022,HWD,CA,AWP,WE,Towers with Radar,0,6,21,0,27,0,1,116,0,117,0,7,137,0,144,350,0,350,494
12/08/2022,HWD,CA,AWP,WE,Towers with Radar,0,0,18,2,20,0,0,47,2,49,0,0,65,4,69,176,0,176,245
12/09/2022,HWD,CA,AWP,WE,Towers with Radar,0,3,25,0,28,0,0,87,0,87,0,3,112,0,115,246,0,246,361
12/10/2022,HWD,CA,AWP,WE,Towers with Radar,0,1,7,0,8,0,0,1,0,1,0,1,8,0,9,2,0,2,11
12/11/2022,HWD,CA,AWP,WE,Towers with Radar,0,3,12,0,15,0,0,25,0,25,0,3,37,0,40,163,0,163,203
12/12/2022,HWD,CA,AWP,WE,Towers with Radar,0,1,19,0,20,0,1,96,0,97,0,2,115,0,117,308,0,308,425
12/13/2022,HWD,CA,AWP,WE,Towers with Radar,0,4,15,0,19,0,4,108,0,112,0,8,123,0,131,338,0,338,469
12/14/2022,HWD,CA,AWP,WE,Towers with Radar,0,8,29,0,37,0,2,107,0,109,0,10,136,0,146,216,0,216,362
12/15/2022,HWD,CA,AWP,WE,Towers with Radar,0,6,25,0,31,0,0,115,0,115,0,6,140,0,146,234,0,234,380
12/16/2022,HWD,CA,AWP,WE,Towers with Radar,0,7,31,1,39,0,0,127,0,127,0,7,158,1,166,234,0,234,400
12/17/2022,HWD,CA,AWP,WE,Towers with Radar,0,7,28,0,35,0,0,114,0,114,0,7,142,0,149,306,0,306,455
12/18/2022,HWD,CA,AWP,WE,Towers with Radar,1,6,18,0,25,0,0,91,0,91,1,6,109,0,116,180,0,180,296
12/19/2022,HWD,CA,AWP,WE,Towers with Radar,0,2,24,0,26,0,0,45,0,45,0,2,69,0,71,190,0,190,261
12/20/2022,HWD,CA,AWP,WE,Towers with Radar,0,2,18,0,20,0,1,68,0,69,0,3,86,0,89,204,0,204,293
12/21/2022,HWD,CA,AWP,WE,Towers with Radar,1,6,26,0,33,0,3,97,0,100,1,9,123,0,133,276,0,276,409
12/22/2022,HWD,CA,AWP,WE,Towers with Radar,0,9,25,0,34,0,2,79,0,81,0,11,104,0,115,312,0,312,427
12/23/2022,HWD,CA,AWP,WE,Towers with Radar,0,8,16,0,24,0,0,68,0,68,0,8,84,0,92,246,0,246,338
12/24/2022,HWD,CA,AWP,WE,Towers with Radar,0,2,21,0,23,0,0,52,0,52,0,2,73,0,75,110,0,110,185
12/25/2022,HWD,CA,AWP,WE,Towers with Radar,0,1,3,0,4,0,1,32,0,33,0,2,35,0,37,6,0,6,43
12/26/2022,HWD,CA,AWP,WE,Towers with Radar,0,6,24,0,30,0,1,57,0,58,0,7,81,0,88,310,0,310,398
12/27/2022,HWD,CA,AWP,WE,Towers with Radar,0,2,20,0,22,0,1,3,0,4,0,3,23,0,26,18,0,18,44
12/28/2022,HWD,CA,AWP,WE,Towers with Radar,1,8,38,0,47,0,1,94,0,95,1,9,132,0,142,356,0,356,498
12/29/2022,HWD,CA,AWP,WE,Towers with Radar,0,1,16,0,17,0,0,8,0,8,0,1,24,0,25,28,0,28,53
12/30/2022,HWD,CA,AWP,WE,Towers with Radar,0,4,17,0,21,0,0,0,0,0,0,4,17,0,21,0,0,0,21
12/31/2022,HWD,CA,AWP,WE,Towers with Radar,0,3,5,0,8,0,0,0,0,0,0,3,5,0,8,0,0,0,8
01/01/2023,HWD,CA,AWP,WE,Towers with Radar,0,2,22,0,24,0,0,99,1,100,0,2,121,1,124,156,0,156,280
01/02/2023,HWD,CA,AWP,WE,Towers with Radar,0,10,31,0,41,0,0,19,0,19,0,10,50,0,60,36,0,36,96
01/03/2023,HWD,CA,AWP,WE,Towers with Radar,0,4,21,0,25,0,1,57,0,58,0,5,78,0,83,332,0,332,415
01/04/2023,HWD,CA,AWP,WE,Towers with Radar,0,1,5,0,6,0,0,2,0,2,0,1,7,0,8,0,0,0,8
01/05/2023,HWD,CA,AWP,WE,Towers with Radar,0,1,14,0,15,0,0,4,0,4,0,1,18,0,19,0,0,0,19
01/06/2023,HWD,CA,AWP,WE,Towers with Radar,0,6,18,0,24,0,0,96,2,98,0,6,114,2,122,112,0,112,234
01/07/2023,HWD,CA,AWP,WE,Towers with Radar,0,3,10,0,13,0,0,12,0,12,0,3,22,0,25,56,0,56,81
01/08/2023,HWD,CA,AWP,WE,Towers with Radar,0,2,21,1,24,0,1,57,0,58,0,3,78,1,82,178,0,178,260
01/09/2023,HWD,CA,AWP,WE,Towers with Radar,0,5,16,0,21,0,0,23,0,23,0,5,39,0,44,122,0,122,166
01/10/2023,HWD,CA,AWP,WE,Towers with Radar,0,5,8,0,13,0,2,1,0,3,0,7,9,0,16,4,0,4,20
01/11/2023,HWD,CA,AWP,WE,Towers with Radar,0,0,18,1,19,0,0,2,0,2,0,0,20,1,21,20,0,20,41
01/12/2023,HWD,CA,AWP,WE,Towers with Radar,0,5,25,0,30,0,0,97,0,97,0,5,122,0,127,144,0,144,271
01/13/2023,HWD,CA,AWP,WE,Towers with Radar,0,4,20,0,24,0,0,6,0,6,0,4,26,0,30,0,0,0,30
01/14/2023,HWD,CA,AWP,WE,Towers with Radar,0,2,22,0,24,0,0,7,0,7,0,2,29,0,31,10,0,10,41
01/15/2023,HWD,CA,AWP,WE,Towers with Radar,0,0,8,0,8,0,0,20,0,20,0,0,28,0,28,72,0,72,100
01/16/2023,HWD,CA,AWP,WE,Towers with Radar,0,7,12,0,19,0,0,41,0,41,0,7,53,0,60,78,0,78,138
01/17/2023,HWD,CA,AWP,WE,Towers with Radar,0,0,27,0,27,0,0,108,0,108,0,0,135,0,135,228,0,228,363
01/18/2023,HWD,CA,AWP,WE,Towers with Radar,0,0,23,0,23,0,0,80,0,80,0,0,103,0,103,182,0,182,285
01/19/2023,HWD,CA,AWP,WE,Towers with Radar,0,2,15,0,17,0,1,37,0,38,0,3,52,0,55,40,0,40,95
01/20/2023,HWD,CA,AWP,WE,Towers with Radar,0,7,33,0,40,0,0,137,6,143,0,7,170,6,183,210,0,210,393
01/21/2023,HWD,CA,AWP,WE,Towers with Radar,0,1,15,0,16,0,0,144,0,144,0,1,159,0,160,374,0,374,534
01/22/2023,HWD,CA,AWP,WE,Towers with Radar,0,1,20,0,21,0,2,100,0,102,0,3,120,0,123,170,0,170,293
01/23/2023,HWD,CA,AWP,WE,Towers with Radar,0,2,17,0,19,0,2,83,0,85,0,4,100,0,104,118,0,118,222
01/24/2023,HWD,CA,AWP,WE,Towers with Radar,0,5,23,0,28,0,3,105,0,108,0,8,128,0,136,246,0,246,382
01/25/2023,HWD,CA,AWP,WE,Towers with Radar,0,1,25,0,26,0,8,90,0,98,0,9,115,0,124,146,0,146,270
01/26/2023,HWD,CA,AWP,WE,Towers with Radar,0,7,27,0,34,0,3,100,0,103,0,10,127,0,137,202,0,202,339
01/27/2023,HWD,CA,AWP,WE,Towers with Radar,0,4,17,0,21,0,3,107,0,110,0,7,124,0,131,382,0,382,513
01/28/2023,HWD,CA,AWP,WE,Towers with Radar,0,2,11,0,13,0,0,107,0,107,0,2,118,0,120,240,0,240,360
01/29/2023,HWD,CA,AWP,WE,Towers with Radar,0,2,24,0,26,0,0,61,0,61,0,2,85,0,87,278,0,278,365
01/30/2023,HWD,CA,AWP,WE,Towers with Radar,0,1,12,0,13,0,0,85,0,85,0,1,97,0,98,126,0,126,224
01/31/2023,HWD,CA,AWP,WE,Towers with Radar,0,2,19,0,21,0,0,106,0,106,0,2,125,0,127,188,0,188,315
02/01/2023,HWD,CA,AWP,WE,Towers with Radar,1,1,40,0,42,0,0,71,0,71,1,1,111,0,113,168,0,168,281
02/02/2023,HWD,CA,AWP,WE,Towers with Radar,0,1,14,0,15,0,0,86,1,87,0,1,100,1,102,278,0,278,380
02/03/2023,HWD,CA,AWP,WE,Towers with Radar,0,3,35,0,38,0,1,33,0,34,0,4,68,0,72,118,0,118,190
02/04/2023,HWD,CA,AWP,WE,Towers with Radar,0,1,23,0,24,0,0,33,0,33,0,1,56,0,57,86,0,86,143
02/05/2023,HWD,CA,AWP,WE,Towers with Radar,0,2,17,0,19,0,0,42,0,42,0,2,59,0,61,64,0,64,125
02/06/2023,HWD,CA,AWP,WE,Towers with Radar,0,7,16,0,23,0,2,87,0,89,0,9,103,0,112,254,0,254,366
02/07/2023,HWD,CA,AWP,WE,Towers with Radar,0,2,21,0,23,0,0,90,4,94,0,2,111,4,117,174,0,174,291
02/08/2023,HWD,CA,AWP,WE,Towers with Radar,0,0,27,0,27,0,0,107,2,109,0,0,134,2,136,340,0,340,476
02/09/2023,HWD,CA,AWP,WE,Towers with Radar,0,1,20,0,21,0,0,112,2,114,0,1,132,2,135,298,0,298,433
02/10/2023,HWD,CA,AWP,WE,Towers with Radar,0,0,21,0,21,0,0,77,0,77,0,0,98,0,98,258,0,258,356
02/11/2023,HWD,CA,AWP,WE,Towers with Radar,0,0,17,0,17,0,1,63,0,64,0,1,80,0,81,262,0,262,343
02/12/2023,HWD,CA,AWP,WE,Towers with Radar,0,5,10,0,15,0,0,154,2,156,0,5,164,2,171,288,0,288,459
02/13/2023,HWD,CA,AWP,WE,Towers with Radar,0,4,7,0,11,0,0,72,0,72,0,4,79,0,83,212,0,212,295
02/14/2023,HWD,CA,AWP,WE,Towers with Radar,0,2,10,0,12,0,1,52,0,53,0,3,62,0,65,40,0,40,105
02/15/2023,HWD,CA,AWP,WE,Towers with Radar,0,6,26,0,32,0,0,113,0,113,0,6,139,0,145,278,0,278,423
02/16/2023,HWD,CA,AWP,WE,Towers with Radar,0,3,15,0,18,0,0,98,3,101,0,3,113,3,119,242,0,242,361
02/17/2023,HWD,CA,AWP,WE,Towers with Radar,0,3,21,0,24,0,0,117,0,117,0,3,138,0,141,338,0,338,479
02/18/2023,HWD,CA,AWP,WE,Towers with Radar,0,2,23,0,25,0,0,113,0,113,0,2,136,0,138,322,0,322,460
02/19/2023,HWD,CA,AWP,WE,Towers with Radar,0,1,8,0,9,0,2,121,0,123,0,3,129,0,132,314,0,314,446
02/20/2023,HWD,CA,AWP,WE,Towers with Radar,1,1,16,0,18,0,0,140,0,140,1,1,156,0,158,290,0,290,448
02/21/2023,HWD,CA,AWP,WE,Towers with Radar,0,4,12,0,16,0,2,31,0,33,0,6,43,0,49,42,0,42,91
02/22/2023,HWD,CA,AWP,WE,Towers with Radar,0,5,12,0,17,0,0,24,0,24,0,5,36,0,41,46,0,46,87
02/23/2023,HWD,CA,AWP,WE,Towers with Radar,0,1,16,0,17,0,2,17,0,19,0,3,33,0,36,118,0,118,154
02/24/2023,HWD,CA,AWP,WE,Towers with Radar,0,3,14,0,17,0,0,23,0,23,0,3,37,0,40,339,0,339,379
02/25/2023,HWD,CA,AWP,WE,Towers with Radar,1,4,17,0,22,0,1,61,0,62,1,5,78,0,84,372,0,372,456
02/26/2023,HWD,CA,AWP,WE,Towers with Radar,0,4,26,0,30,0,0,16,0,16,0,4,42,0,46,92,0,92,138
02/27/2023,HWD,CA,AWP,WE,Towers with Radar,0,5,6,0,11,0,0,3,0,3,0,5,9,0,14,0,0,0,14
02/28/2023,HWD,CA,AWP,WE,Towers with Radar,0,4,10,0,14,0,0,6,0,6,0,4,16,0,20,92,0,92,112
03/01/2023,HWD,CA,AWP,WE,Towers with Radar,0,6,23,0,29,0,0,110,0,110,0,6,133,0,139,306,0,306,445
03/02/2023,HWD,CA,AWP,WE,Towers with Radar,0,2,26,0,28,0,0,150,0,150,0,2,176,0,178,320,0,320,498
03/03/2023,HWD,CA,AWP,WE,Towers with Radar,0,2,27,0,29,0,1,95,0,96,0,3,122,0,125,364,0,364,489
03/04/2023,HWD,CA,AWP,WE,Towers with Radar,0,0,9,0,9,0,0,22,0,22,0,0,31,0,31,120,0,120,151
03/05/2023,HWD,CA,AWP,WE,Towers with Radar,0,6,13,0,19,0,1,79,0,80,0,7,92,0,99,254,0,254,353
03/06/2023,HWD,CA,AWP,WE,Towers with Radar,0,3,10,1,14,0,1,66,0,67,0,4,76,1,81,310,0,310,391
03/07/2023,HWD,CA,AWP,WE,Towers with Radar,1,6,26,0,33,0,1,102,0,103,1,7,128,0,136,412,0,412,548
03/08/2023,HWD,CA,AWP,WE,Towers with Radar,0,2,32,0,34,0,0,81,0,81,0,2,113,0,115,294,0,294,409
03/09/2023,HWD,CA,AWP,WE,Towers with Radar,0,2,6,0,8,0,0,12,0,12,0,2,18,0,20,64,0,64,84
03/10/2023,HWD,CA,AWP,WE,Towers with Radar,0,5,10,0,15,0,0,32,0,32,0,5,42,0,47,178,0,178,225
03/11/2023,HWD,CA,AWP,WE,Towers with Radar,0,0,22,0,22,0,0,27,0,27,0,0,49,0,49,210,0,210,259
03/12/2023,HWD,CA,AWP,WE,Towers with Radar,0,3,27,0,30,0,0,11,0,11,0,3,38,0,41,24,0,24,65
03/13/2023,HWD,CA,AWP,WE,Towers with Radar,0,1,6,0,7,0,1,45,1,47,0,2,51,1,54,56,0,56,110
03/14/2023,HWD,CA,AWP,WE,Towers with Radar,0,0,8,0,8,0,0,1,0,1,0,0,9,0,9,0,0,0,9
03/15/2023,HWD,CA,AWP,WE,Towers with Radar,0,4,26,0,30,0,0,115,0,115,0,4,141,0,145,482,0,482,627
03/16/2023,HWD,CA,AWP,WE,Towers with Radar,0,2,27,0,29,0,4,107,2,113,0,6,134,2,142,376,0,376,518
03/17/2023,HWD,CA,AWP,WE,Towers with Radar,0,2,19,0,21,0,0,113,0,113,0,2,132,0,134,354,0,354,488
03/18/2023,HWD,CA,AWP,WE,Towers with Radar,0,1,24,0,25,0,0,150,0,150,0,1,174,0,175,304,0,304,479
03/19/2023,HWD,CA,AWP,WE,Towers with Radar,0,6,28,0,34,0,0,3,0,3,0,6,31,0,37,24,0,24,61
03/20/2023,HWD,CA,AWP,WE,Towers with Radar,0,1,23,0,24,0,0,87,0,87,0,1,110,0,111,244,0,244,355
03/21/2023,HWD,CA,AWP,WE,Towers with Radar,0,1,6,0,7,0,0,0,0,0,0,1,6,0,7,0,0,0,7
03/22/2023,HWD,CA,AWP,WE,Towers with Radar,0,2,13,0,15,0,0,58,0,58,0,2,71,0,73,276,0,276,349
03/23/2023,HWD,CA,AWP,WE,Towers with Radar,0,0,18,0,18,0,0,64,0,64,0,0,82,0,82,180,0,180,262
03/24/2023,HWD,CA,AWP,WE,Towers with Radar,0,2,27,0,29,0,0,97,0,97,0,2,124,0,126,290,0,290,416
03/25/2023,HWD,CA,AWP,WE,Towers with Radar,0,2,14,0,16,0,0,128,0,128,0,2,142,0,144,162,0,162,306
03/26/2023,HWD,CA,AWP,WE,Towers with Radar,0,4,33,0,37,0,0,158,0,158,0,4,191,0,195,254,0,254,449
03/27/2023,HWD,CA,AWP,WE,Towers with Radar,0,0,27,0,27,0,1,105,0,106,0,1,132,0,133,244,0,244,377
03/28/2023,HWD,CA,AWP,WE,Towers with Radar,0,2,10,0,12,0,0,1,0,1,0,2,11,0,13,0,0,0,13
03/29/2023,HWD,CA,AWP,WE,Towers with Radar,0,2,18,0,20,0,0,12,0,12,0,2,30,0,32,32,0,32,64
03/30/2023,HWD,CA,AWP,WE,Towers with Radar,0,1,23,0,24,0,1,127,0,128,0,2,150,0,152,372,0,372,524
03/31/2023,HWD,CA,AWP,WE,Towers with Radar,0,2,35,0,37,0,0,124,0,124,0,2,159,0,161,508,0,508,669
04/01/2023,HWD,CA,AWP,WE,Towers with Radar,0,1,17,0,18,0,0,148,0,148,0,1,165,0,166,330,0,330,496
04/02/2023,HWD,CA,AWP,WE,Towers with Radar,0,2,25,0,27,0,0,84,1,85,0,2,109,1,112,233,0,233,345
04/03/2023,HWD,CA,AWP,WE,Towers with Radar,0,2,4,0,6,0,0,30,0,30,0,2,34,0,36,26,0,26,62
04/04/2023,HWD,CA,AWP,WE,Towers with Radar,0,1,22,0,23,0,0,113,0,113,0,1,135,0,136,164,0,164,300
04/05/2023,HWD,CA,AWP,WE,Towers with Radar,0,2,21,0,23,0,6,115,0,121,0,8,136,0,144,488,0,488,632
04/06/2023,HWD,CA,AWP,WE,Towers with Radar,0,5,19,0,24,0,1,121,0,122,0,6,140,0,146,325,0,325,471
04/07/2023,HWD,CA,AWP,WE,Towers with Radar,0,2,21,0,23,0,3,31,0,34,0,5,52,0,57,194,0,194,251
04/08/2023,HWD,CA,AWP,WE,Towers with Radar,0,2,18,0,20,0,3,98,0,101,0,5,116,0,121,302,0,302,423
04/09/2023,HWD,CA,AWP,WE,Towers with Radar,0,4,17,0,21,0,0,142,0,142,0,4,159,0,163,272,0,272,435
04/10/2023,HWD,CA,AWP,WE,Towers with Radar,0,4,28,0,32,0,0,100,0,100,0,4,128,0,132,222,0,222,354
04/11/2023,HWD,CA,AWP,WE,Towers with Radar,0,5,15,0,20,0,0,73,0,73,0,5,88,0,93,148,0,148,241
04/12/2023,HWD,CA,AWP,WE,Towers with Radar,0,3,14,0,17,0,4,86,1,91,0,7,100,1,108,205,0,205,313
04/13/2023,HWD,CA,AWP,WE,Towers with Radar,0,3,17,0,20,0,1,97,0,98,0,4,114,0,118,176,0,176,294
04/14/2023,HWD,CA,AWP,WE,Towers with Radar,0,3,17,0,20,0,1,108,0,109,0,4,125,0,129,306,0,306,435
04/15/2023,HWD,CA,AWP,WE,Towers with Radar,1,3,27,0,31,0,0,159,1,160,1,3,186,1,191,380,0,380,571
04/16/2023,HWD,CA,AWP,WE,Towers with Radar,1,9,19,0,29,0,0,113,0,113,1,9,132,0,142,266,0,266,408
04/17/2023,HWD,CA,AWP,WE,Towers with Radar,0,5,27,0,32,0,2,61,0,63,0,7,88,0,95,272,0,272,367
04/18/2023,HWD,CA,AWP,WE,Towers with Radar,0,4,25,0,29,0,1,100,0,101,0,5,125,0,130,294,0,294,424
04/19/2023,HWD,CA,AWP,WE,Towers with Radar,0,2,23,0,25,0,2,124,0,126,0,4,147,0,151,316,0,316,467
04/20/2023,HWD,CA,AWP,WE,Towers with Radar,0,2,18,0,20,0,0,111,0,111,0,2,129,0,131,172,0,172,303
04/21/2023,HWD,CA,AWP,WE,Towers with Radar,1,3,21,0,25,0,0,125,2,127,1,3,146,2,152,277,0,277,429
04/22/2023,HWD,CA,AWP,WE,Towers with Radar,0,0,4,0,4,0,1,157,0,158,0,1,161,0,162,276,0,276,438
04/23/2023,HWD,CA,AWP,WE,Towers with Radar,0,5,53,0,58,0,0,77,0,77,0,5,130,0,135,216,0,216,351
04/24/2023,HWD,CA,AWP,WE,Towers with Radar,0,1,22,0,23,0,0,103,0,103,0,1,125,0,126,122,0,122,248
04/25/2023,HWD,CA,AWP,WE,Towers with Radar,0,1,17,0,18,0,0,115,1,116,0,1,132,1,134,198,0,198,332
04/26/2023,HWD,CA,AWP,WE,Towers with Radar,0,1,23,0,24,0,0,126,2,128,0,1,149,2,152,390,0,390,542
04/27/2023,HWD,CA,AWP,WE,Towers with Radar,0,1,22,0,23,0,0,135,3,138,0,1,157,3,161,252,0,252,413
04/28/2023,HWD,CA,AWP,WE,Towers with Radar,0,4,29,0,33,0,0,119,0,119,0,4,148,0,152,410,0,410,562
04/29/2023,HWD,CA,AWP,WE,Towers with Radar,0,2,34,0,36,0,0,117,0,117,0,2,151,0,153,260,0,260,413
04/30/2023,HWD,CA,AWP,WE,Towers with Radar,0,1,42,0,43,0,0,35,0,35,0,1,77,0,78,66,0,66,144
05/01/2023,HWD,CA,AWP,WE,Towers with Radar,0,5,23,0,28,0,0,29,0,29,0,5,52,0,57,44,0,44,101
05/02/2023,HWD,CA,AWP,WE,Towers with Radar,0,2,11,0,13,0,0,26,0,26,0,2,37,0,39,154,0,154,193
05/03/2023,HWD,CA,AWP,WE,Towers with Radar,0,1,24,0,25,0,0,41,0,41,0,1,65,0,66,182,0,182,248
05/04/2023,HWD,CA,AWP,WE,Towers with Radar,0,4,19,0,23,0,2,54,0,56,0,6,73,0,79,533,0,533,612
05/05/2023,HWD,CA,AWP,WE,Towers with Radar,1,8,26,0,35,0,3,121,0,124,1,11,147,0,159,556,0,556,715
05/06/2023,HWD,CA,AWP,WE,Towers with Radar,0,1,21,0,22,0,0,41,0,41,0,1,62,0,63,226,0,226,289
05/07/2023,HWD,CA,AWP,WE,Towers with Radar,0,4,25,0,29,0,1,112,0,113,0,5,137,0,142,288,0,288,430
05/08/2023,HWD,CA,AWP,WE,Towers with Radar,0,7,23,0,30,0,0,76,0,76,0,7,99,0,106,252,0,252,358
05/09/2023,HWD,CA,AWP,WE,Towers with Radar,0,4,18,0,22,0,0,86,1,87,0,4,104,1,109,334,0,334,443
05/10/2023,HWD,CA,AWP,WE,Towers with Radar,0,2,27,0,29,0,0,90,1,91,0,2,117,1,120,388,0,388,508
05/11/2023,HWD,CA,AWP,WE,Towers with Radar,0,9,23,0,32,0,4,116,0,120,0,13,139,0,152,264,0,264,416
05/12/2023,HWD,CA,AWP,WE,Towers with Radar,0,10,33,0,43,0,3,117,1,121,0,13,150,1,164,440,0,440,604
05/13/2023,HWD,CA,AWP,WE,Towers with Radar,0,3,25,0,28,0,0,148,2,150,0,3,173,2,178,294,0,294,472
05/14/2023,HWD,CA,AWP,WE,Towers with Radar,0,5,25,0,30,0,2,133,0,135,0,7,158,0,165,256,0,256,421
05/15/2023,HWD,CA,AWP,WE,Towers with Radar,0,3,16,0,19,0,0,109,0,109,0,3,125,0,128,253,0,253,381
05/16/2023,HWD,CA,AWP,WE,Towers with Radar,0,4,23,0,27,0,0,117,0,117,0,4,140,0,144,230,0,230,374
05/17/2023,HWD,CA,AWP,WE,Towers with Radar,0,2,31,0,33,0,0,78,0,78,0,2,109,0,111,226,0,226,337
05/18/2023,HWD,CA,AWP,WE,Towers with Radar,0,9,19,0,28,0,4,92,1,97,0,13,111,1,125,332,0,332,457
05/19/2023,HWD,CA,AWP,WE,Towers with Radar,0,4,23,0,27,0,0,116,2,118,0,4,139,2,145,290,0,290,435
05/20/2023,HWD,CA,AWP,WE,Towers with Radar,0,3,32,0,35,0,0,83,0,83,0,3,115,0,118,190,0,190,308
05/21/2023,HWD,CA,AWP,WE,Towers with Radar,0,3,23,0,26,0,0,119,0,119,0,3,142,0,145,250,0,250,395
05/22/2023,HWD,CA,AWP,WE,Towers with Radar,0,4,14,0,18,0,0,116,0,116,0,4,130,0,134,206,0,206,340
05/23/2023,HWD,CA,AWP,WE,Towers with Radar,0,8,27,0,35,0,0,122,1,123,0,8,149,1,158,290,0,290,448
05/24/2023,HWD,CA,AWP,WE,Towers with Radar,0,7,24,0,31,0,0,106,0,106,0,7,130,0,137,316,0,316,453
05/25/2023,HWD,CA,AWP,WE,Towers with Radar,0,0,31,0,31,0,2,102,0,104,0,2,133,0,135,196,0,196,331
05/26/2023,HWD,CA,AWP,WE,Towers with Radar,0,3,48,0,51,0,0,116,0,116,0,3,164,0,167,406,0,406,573
05/27/2023,HWD,CA,AWP,WE,Towers with Radar,0,2,18,0,20,0,1,78,0,79,0,3,96,0,99,324,0,324,423
05/28/2023,HWD,CA,AWP,WE,Towers with Radar,0,2,18,0,20,0,0,42,0,42,0,2,60,0,62,206,0,206,268
05/29/2023,HWD,CA,AWP,WE,Towers with Radar,0,5,28,0,33,0,1,99,0,100,0,6,127,0,133,258,0,258,391
05/30/2023,HWD,CA,AWP,WE,Towers with Radar,0,3,15,0,18,0,2,104,0,106,0,5,119,0,124,170,0,170,294
05/31/2023,HWD,CA,AWP,WE,Towers with Radar,0,4,27,0,31,0,2,84,0,86,0,6,111,0,117,272,0,272,389
06/01/2023,HWD,CA,AWP,WE,Towers with Radar,0,0,15,0,15,0,0,114,1,115,0,0,129,1,130,190,0,190,320
06/02/2023,HWD,CA,AWP,WE,Towers with Radar,1,3,22,0,26,0,1,115,0,116,1,4,137,0,142,312,0,312,454
06/03/2023,HWD,CA,AWP,WE,Towers with Radar,0,4,13,0,17,0,0,136,1,137,0,4,149,1,154,312,0,312,466
06/04/2023,HWD,CA,AWP,WE,Towers with Radar,0,3,23,0,26,0,0,127,0,127,0,3,150,0,153,288,0,288,441
06/05/2023,HWD,CA,AWP,WE,Towers with Radar,0,2,17,0,19,0,0,72,0,72,0,2,89,0,91,258,0,258,349
06/06/2023,HWD,CA,AWP,WE,Towers with Radar,0,2,36,0,38,0,0,65,1,66,0,2,101,1,104,204,0,204,308
06/07/2023,HWD,CA,AWP,WE,Towers with Radar,0,2,32,0,34,0,2,105,0,107,0,4,137,0,141,360,0,360,501
06/08/2023,HWD,CA,AWP,WE,Towers with Radar,0,2,23,0,25,0,0,95,2,97,0,2,118,2,122,272,0,272,394
06/09/2023,HWD,CA,AWP,WE,Towers with Radar,1,1,23,0,25,0,1,84,0,85,1,2,107,0,110,380,0,380,490
06/10/2023,HWD,CA,AWP,WE,Towers with Radar,0,1,48,0,49,0,2,73,0,75,0,3,121,0,124,164,0,164,288
06/11/2023,HWD,CA,AWP,WE,Towers with Radar,2,5,28,0,35,0,3,96,0,99,2,8,124,0,134,190,0,190,324
06/12/2023,HWD,CA,AWP,WE,Towers with Radar,0,2,14,0,16,0,0,96,0,96,0,2,110,0,112,186,0,186,298
06/13/2023,HWD,CA,AWP,WE,Towers with Radar,0,4,22,0,26,0,0,94,2,96,0,4,116,2,122,314,0,314,436
06/14/2023,HWD,CA,AWP,WE,Towers with Radar,0,5,32,0,37,0,0,108,0,108,0,5,140,0,145,342,0,342,487
06/15/2023,HWD,CA,AWP,WE,Towers with Radar,0,2,29,0,31,0,1,128,0,129,0,3,157,0,160,426,0,426,586
06/16/2023,HWD,CA,AWP,WE,Towers with Radar,0,6,29,0,35,0,1,114,0,115,0,7,143,0,150,306,0,306,456
06/17/2023,HWD,CA,AWP,WE,Towers with Radar,0,2,25,0,27,0,2,107,0,109,0,4,132,0,136,258,0,258,394
06/18/2023,HWD,CA,AWP,WE,Towers with Radar,0,3,16,0,19,0,0,82,0,82,0,3,98,0,101,224,0,224,325
06/19/2023,HWD,CA,AWP,WE,Towers with Radar,0,7,21,0,28,0,3,37,0,40,0,10,58,0,68,20,0,20,88
06/20/2023,HWD,CA,AWP,WE,Towers with Radar,0,14,17,0,31,0,0,25,0,25,0,14,42,0,56,0,0,0,56
06/21/2023,HWD,CA,AWP,WE,Towers with Radar,0,12,18,0,30,0,6,99,0,105,0,18,117,0,135,216,0,216,351
06/22/2023,HWD,CA,AWP,WE,Towers with Radar,1,7,22,0,30,0,6,102,0,108,1,13,124,0,138,403,0,403,541
06/23/2023,HWD,CA,AWP,WE,Towers with Radar,0,8,18,0,26,0,2,131,0,133,0,10,149,0,159,386,0,386,545
06/24/2023,HWD,CA,AWP,WE,Towers with Radar,1,1,26,0,28,0,5,100,0,105,1,6,126,0,133,236,0,236,369
06/25/2023,HWD,CA,AWP,WE,Towers with Radar,0,3,23,0,26,0,0,58,0,58,0,3,81,0,84,150,0,150,234
06/26/2023,HWD,CA,AWP,WE,Towers with Radar,0,1,17,0,18,0,0,59,0,59,0,1,76,0,77,212,0,212,289
06/27/2023,HWD,CA,AWP,WE,Towers with Radar,0,2,25,0,27,0,2,56,0,58,0,4,81,0,85,328,0,328,413
06/28/2023,HWD,CA,AWP,WE,Towers with Radar,0,2,23,0,25,0,2,75,0,77,0,4,98,0,102,260,0,260,362
06/29/2023,HWD,CA,AWP,WE,Towers with Radar,0,1,17,0,18,0,4,122,0,126,0,5,139,0,144,492,0,492,636
06/30/2023,HWD,CA,AWP,WE,Towers with Radar,0,9,27,0,36,0,0,129,0,129,0,9,156,0,165,444,0,444,609
07/01/2023,HWD,CA,AWP,WE,Towers with Radar,0,6,22,0,28,0,0,118,0,118,0,6,140,0,146,300,0,300,446
07/02/2023,HWD,CA,AWP,WE,Towers with Radar,0,2,12,0,14,0,0,106,0,106,0,2,118,0,120,275,0,275,395
07/03/2023,HWD,CA,AWP,WE,Towers with Radar,0,1,11,0,12,0,0,110,0,110,0,1,121,0,122,284,0,284,406
07/04/2023,HWD,CA,AWP,WE,Towers with Radar,1,3,12,0,16,0,2,91,0,93,1,5,103,0,109,224,0,224,333
07/05/2023,HWD,CA,AWP,WE,Towers with Radar,0,5,24,0,29,0,3,83,2,88,0,8,107,2,117,196,0,196,313
07/06/2023,HWD,CA,AWP,WE,Towers with Radar,0,3,27,0,30,0,2,91,0,93,0,5,118,0,123,314,0,314,437
07/07/2023,HWD,CA,AWP,WE,Towers with Radar,0,2,30,0,32,0,0,62,0,62,0,2,92,0,94,118,0,118,212
07/08/2023,HWD,CA,AWP,WE,Towers with Radar,0,1,26,0,27,0,3,86,0,89,0,4,112,0,116,158,0,158,274
07/09/2023,HWD,CA,AWP,WE,Towers with Radar,0,3,30,0,33,0,0,72,0,72,0,3,102,0,105,198,0,198,303
07/10/2023,HWD,CA,AWP,WE,Towers with Radar,1,3,25,0,29,0,0,64,0,64,1,3,89,0,93,252,0,252,345
07/11/2023,HWD,CA,AWP,WE,Towers with Radar,0,3,14,0,17,0,1,114,0,115,0,4,128,0,132,350,0,350,482
07/12/2023,HWD,CA,AWP,WE,Towers with Radar,0,4,17,0,21,0,3,129,0,132,0,7,146,0,153,374,0,374,527
07/13/2023,HWD,CA,AWP,WE,Towers with Radar,0,4,17,0,21,0,0,118,3,121,0,4,135,3,142,308,0,308,450
07/14/2023,HWD,CA,AWP,WE,Towers with Radar,0,7,29,0,36,0,1,149,0,150,0,8,178,0,186,386,0,386,572
07/15/2023,HWD,CA,AWP,WE,Towers with Radar,1,0,29,0,30,0,1,114,1,116,1,1,143,1,146,370,0,370,516
07/16/2023,HWD,CA,AWP,WE,Towers with Radar,1,9,29,0,39,0,1,116,0,117,1,10,145,0,156,246,0,246,402
07/17/2023,HWD,CA,AWP,WE,Towers with Radar,0,3,11,0,14,0,0,91,0,91,0,3,102,0,105,280,0,280,385
07/18/2023,HWD,CA,AWP,WE,Towers with Radar,1,2,19,0,22,0,0,108,0,108,1,2,127,0,130,238,0,238,368
07/19/2023,HWD,CA,AWP,WE,Towers with Radar,0,3,29,2,34,0,0,117,4,121,0,3,146,6,155,382,0,382,537
07/20/2023,HWD,CA,AWP,WE,Towers with Radar,1,3,22,1,27,0,0,101,1,102,1,3,123,2,129,386,0,386,515
07/21/2023,HWD,CA,AWP,WE,Towers with Radar,2,9,23,0,34,0,1,144,0,145,2,10,167,0,179,392,0,392,571
07/22/2023,HWD,CA,AWP,WE,Towers with Radar,0,0,17,0,17,0,1,122,0,123,0,1,139,0,140,258,0,258,398
07/23/2023,HWD,CA,AWP,WE,Towers with Radar,0,2,20,0,22,0,0,134,0,134,0,2,154,0,156,231,0,231,387
07/24/2023,HWD,CA,AWP,WE,Towers with Radar,0,5,13,0,18,0,0,80,0,80,0,5,93,0,98,144,0,144,242
07/25/2023,HWD,CA,AWP,WE,Towers with Radar,0,6,7,0,13,0,0,108,0,108,0,6,115,0,121,266,0,266,387
07/26/2023,HWD,CA,AWP,WE,Towers with Radar,0,7,29,0,36,0,0,95,0,95,0,7,124,0,131,98,0,98,229
07/27/2023,HWD,CA,AWP,WE,Towers with Radar,0,0,26,0,26,0,1,101,0,102,0,1,127,0,128,166,0,166,294
07/28/2023,HWD,CA,AWP,WE,Towers with Radar,0,1,21,0,22,0,0,115,4,119,0,1,136,4,141,200,0,200,341
07/29/2023,HWD,CA,AWP,WE,Towers with Radar,0,3,25,0,28,0,0,93,0,93,0,3,118,0,121,224,0,224,345
07/30/2023,HWD,CA,AWP,WE,Towers with Radar,0,2,19,0,21,0,4,97,0,101,0,6,116,0,122,158,0,158,280
07/31/2023,HWD,CA,AWP,WE,Towers with Radar,0,8,14,0,22,0,1,98,0,99,0,9,112,0,121,130,0,130,251
08/01/2023,HWD,CA,AWP,WE,Towers with Radar,0,4,18,0,22,0,0,82,0,82,0,4,100,0,104,153,0,153,257
08/02/2023,HWD,CA,AWP,WE,Towers with Radar,1,2,24,0,27,0,5,77,0,82,1,7,101,0,109,336,0,336,445
08/03/2023,HWD,CA,AWP,WE,Towers with Radar,0,2,29,0,31,0,0,50,0,50,0,2,79,0,81,256,0,256,337
08/04/2023,HWD,CA,AWP,WE,Towers with Radar,0,4,27,0,31,0,2,112,1,115,0,6,139,1,146,276,0,276,422
08/05/2023,HWD,CA,AWP,WE,Towers with Radar,0,0,15,0,15,0,1,101,0,102,0,1,116,0,117,340,0,340,457
08/06/2023,HWD,CA,AWP,WE,Towers with Radar,0,5,27,0,32,0,1,111,0,112,0,6,138,0,144,168,0,168,312
08/07/2023,HWD,CA,AWP,WE,Towers with Radar,1,2,14,0,17,0,1,99,0,100,1,3,113,0,117,238,0,238,355
08/08/2023,HWD,CA,AWP,WE,Towers with Radar,0,6,11,0,17,0,0,92,0,92,0,6,103,0,109,196,0,196,305
08/09/2023,HWD,CA,AWP,WE,Towers with Radar,0,2,23,0,25,0,1,94,0,95,0,3,117,0,120,196,0,196,316
08/10/2023,HWD,CA,AWP,WE,Towers with Radar,0,2,14,0,16,0,0,121,0,121,0,2,135,0,137,264,0,264,401
08/11/2023,HWD,CA,AWP,WE,Towers with Radar,0,6,16,0,22,0,0,100,1,101,0,6,116,1,123,250,0,250,373
08/12/2023,HWD,CA,AWP,WE,Towers with Radar,0,1,16,0,17,0,1,130,0,131,0,2,146,0,148,298,0,298,446
08/13/2023,HWD,CA,AWP,WE,Towers with Radar,0,3,14,0,17,0,1,111,0,112,0,4,125,0,129,208,0,208,337
08/14/2023,HWD,CA,AWP,WE,Towers with Radar,0,3,26,0,29,0,0,95,0,95,0,3,121,0,124,208,0,208,332
08/15/2023,HWD,CA,AWP,WE,Towers with Radar,0,3,16,0,19,0,0,110,0,110,0,3,126,0,129,208,0,208,337
08/16/2023,HWD,CA,AWP,WE,Towers with Radar,1,5,40,0,46,0,0,113,0,113,1,5,153,0,159,284,0,284,443
08/17/2023,HWD,CA,AWP,WE,Towers with Radar,0,5,29,0,34,0,1,95,1,97,0,6,124,1,131,182,0,182,313
08/18/2023,HWD,CA,AWP,WE,Towers with Radar,1,14,28,0,43,0,4,108,0,112,1,18,136,0,155,352,0,352,507
08/19/2023,HWD,CA,AWP,WE,Towers with Radar,0,2,14,0,16,0,1,102,0,103,0,3,116,0,119,266,0,266,385
08/20/2023,HWD,CA,AWP,WE,Towers with Radar,0,4,18,0,22,0,2,104,2,108,0,6,122,2,130,278,0,278,408
08/21/2023,HWD,CA,AWP,WE,Towers with Radar,0,4,17,0,21,0,3,51,2,56,0,7,68,2,77,154,0,154,231
08/22/2023,HWD,CA,AWP,WE,Towers with Radar,0,1,20,0,21,0,0,108,0,108,0,1,128,0,129,182,0,182,311
08/23/2023,HWD,CA,AWP,WE,Towers with Radar,0,3,29,0,32,0,4,127,5,136,0,7,156,5,168,280,0,280,448
08/24/2023,HWD,CA,AWP,WE,Towers with Radar,0,4,23,0,27,0,0,86,1,87,0,4,109,1,114,274,0,274,388
08/25/2023,HWD,CA,AWP,WE,Towers with Radar,0,3,23,0,26,0,0,71,0,71,0,3,94,0,97,190,0,190,287
08/26/2023,HWD,CA,AWP,WE,Towers with Radar,0,7,22,0,29,0,3,71,0,74,0,10,93,0,103,238,0,238,341
08/27/2023,HWD,CA,AWP,WE,Towers with Radar,0,3,16,0,19,0,0,106,2,108,0,3,122,2,127,272,0,272,399
08/28/2023,HWD,CA,AWP,WE,Towers with Radar,1,5,21,0,27,0,0,96,0,96,1,5,117,0,123,270,0,270,393
08/29/2023,HWD,CA,AWP,WE,Towers with Radar,0,7,26,0,33,0,0,105,0,105,0,7,131,0,138,174,0,174,312
08/30/2023,HWD,CA,AWP,WE,Towers with Radar,0,1,20,0,21,0,0,122,0,122,0,1,142,0,143,248,0,248,391
08/31/2023,HWD,CA,AWP,WE,Towers with Radar,0,3,18,0,21,0,1,98,0,99,0,4,116,0,120,288,0,288,408
