04/01/2004,HXD,SC,ASO,ES,Federal Contract Tower,0,0,0,0,0,0,0,0,0,0,0,0,0,0,0,0,0,0,0
04/02/2004,HXD,SC,ASO,ES,Federal Contract Tower,0,0,0,0,0,0,0,0,0,0,0,0,0,0,0,0,0,0,0
04/03/2004,HXD,SC,ASO,ES,Federal Contract Tower,0,0,0,0,0,0,0,0,0,0,0,0,0,0,0,0,0,0,0
04/04/2004,HXD,SC,ASO,ES,Federal Contract Tower,0,0,0,0,0,0,0,0,0,0,0,0,0,0,0,0,0,0,0
04/05/2004,HXD,SC,ASO,ES,Federal Contract Tower,0,0,0,0,0,0,0,0,0,0,0,0,0,0,0,0,0,0,0
04/06/2004,HXD,SC,ASO,ES,Federal Contract Tower,0,0,0,0,0,0,0,0,0,0,0,0,0,0,0,0,0,0,0
04/07/2004,HXD,SC,ASO,ES,Federal Contract Tower,0,0,0,0,0,0,0,0,0,0,0,0,0,0,0,0,0,0,0
04/08/2004,HXD,SC,ASO,ES,Federal Contract Tower,0,0,0,0,0,0,0,0,0,0,0,0,0,0,0,0,0,0,0
04/09/2004,HXD,SC,ASO,ES,Federal Contract Tower,0,0,0,0,0,0,0,0,0,0,0,0,0,0,0,0,0,0,0
04/10/2004,HXD,SC,ASO,ES,Federal Contract Tower,0,0,0,0,0,0,0,0,0,0,0,0,0,0,0,0,0,0,0
04/11/2004,HXD,SC,ASO,ES,Federal Contract Tower,0,0,0,0,0,0,0,0,0,0,0,0,0,0,0,0,0,0,0
04/12/2004,HXD,SC,ASO,ES,Federal Contract Tower,0,39,70,0,109,0,12,3,0,15,0,51,73,0,124,16,0,16,140
04/13/2004,HXD,SC,ASO,ES,Federal Contract Tower,0,39,61,0,100,0,22,0,0,22,0,61,61,0,122,0,2,2,124
04/14/2004,HXD,SC,ASO,ES,Federal Contract Tower,0,40,72,0,112,0,1,37,0,38,0,41,109,0,150,2,2,4,154
04/15/2004,HXD,SC,ASO,ES,Federal Contract Tower,0,22,69,0,91,0,0,87,2,89,0,22,156,2,180,8,0,8,188
04/16/2004,HXD,SC,ASO,ES,Federal Contract Tower,0,35,71,0,106,0,0,82,0,82,0,35,153,0,188,18,9,27,215
04/17/2004,HXD,SC,ASO,ES,Federal Contract Tower,0,28,74,0,102,0,0,77,3,80,0,28,151,3,182,8,2,10,192
04/18/2004,HXD,SC,ASO,ES,Federal Contract Tower,0,82,154,0,236,0,13,62,0,75,0,95,216,0,311,12,0,12,323
04/19/2004,HXD,SC,ASO,ES,Federal Contract Tower,0,39,73,0,112,0,5,37,2,44,0,44,110,2,156,1,0,1,157
04/20/2004,HXD,SC,ASO,ES,Federal Contract Tower,0,24,46,0,70,0,1,61,7,69,0,25,107,7,139,4,0,4,143
04/21/2004,HXD,SC,ASO,ES,Federal Contract Tower,0,23,44,0,67,0,6,42,14,62,0,29,86,14,129,0,0,0,129
04/22/2004,HXD,SC,ASO,ES,Federal Contract Tower,0,33,70,0,103,0,0,48,6,54,0,33,118,6,157,0,0,0,157
04/23/2004,HXD,SC,ASO,ES,Federal Contract Tower,0,25,48,0,73,0,4,46,2,52,0,29,94,2,125,0,4,4,129
04/24/2004,HXD,SC,ASO,ES,Federal Contract Tower,0,16,36,0,52,0,0,68,3,71,0,16,104,3,123,4,0,4,127
04/25/2004,HXD,SC,ASO,ES,Federal Contract Tower,0,30,58,0,88,0,2,70,8,80,0,32,128,8,168,18,0,18,186
04/26/2004,HXD,SC,ASO,ES,Federal Contract Tower,0,16,45,0,61,0,0,19,0,19,0,16,64,0,80,0,0,0,80
04/27/2004,HXD,SC,ASO,ES,Federal Contract Tower,0,16,30,0,46,0,2,33,0,35,0,18,63,0,81,0,0,0,81
04/28/2004,HXD,SC,ASO,ES,Federal Contract Tower,0,22,44,0,66,0,5,44,0,49,0,27,88,0,115,8,0,8,123
04/29/2004,HXD,SC,ASO,ES,Federal Contract Tower,0,28,60,0,88,0,0,60,6,66,0,28,120,6,154,8,1,9,163
04/30/2004,HXD,SC,ASO,ES,Federal Contract Tower,0,29,65,0,94,0,0,49,1,50,0,29,114,1,144,14,0,14,158
05/01/2004,HXD,SC,ASO,ES,Federal Contract Tower,0,9,18,0,27,0,0,2,0,2,0,9,20,0,29,0,0,0,29
05/02/2004,HXD,SC,ASO,ES,Federal Contract Tower,0,25,49,0,74,0,1,15,6,22,0,26,64,6,96,0,0,0,96
05/03/2004,HXD,SC,ASO,ES,Federal Contract Tower,0,17,39,0,56,0,0,27,8,35,0,17,66,8,91,14,0,14,105
05/04/2004,HXD,SC,ASO,ES,Federal Contract Tower,0,23,43,0,66,0,4,41,4,49,0,27,84,4,115,0,0,0,115
05/05/2004,HXD,SC,ASO,ES,Federal Contract Tower,0,30,57,0,87,0,5,53,8,66,0,35,110,8,153,16,0,16,169
05/06/2004,HXD,SC,ASO,ES,Federal Contract Tower,0,23,43,0,66,0,0,53,8,61,0,23,96,8,127,0,0,0,127
05/07/2004,HXD,SC,ASO,ES,Federal Contract Tower,0,27,51,0,78,0,1,48,0,49,0,28,99,0,127,0,0,0,127
05/08/2004,HXD,SC,ASO,ES,Federal Contract Tower,0,20,39,0,59,0,0,53,0,53,0,20,92,0,112,2,0,2,114
05/09/2004,HXD,SC,ASO,ES,Federal Contract Tower,0,20,39,0,59,0,4,36,7,47,0,24,75,7,106,0,0,0,106
05/10/2004,HXD,SC,ASO,ES,Federal Contract Tower,0,30,59,0,89,0,8,25,0,33,0,38,84,0,122,10,0,10,132
05/11/2004,HXD,SC,ASO,ES,Federal Contract Tower,0,23,45,0,68,0,2,31,0,33,0,25,76,0,101,4,2,6,107
05/12/2004,HXD,SC,ASO,ES,Federal Contract Tower,0,18,45,0,63,0,0,44,0,44,0,18,89,0,107,6,0,6,113
05/13/2004,HXD,SC,ASO,ES,Federal Contract Tower,0,27,54,0,81,0,1,103,0,104,0,28,157,0,185,34,0,34,219
05/14/2004,HXD,SC,ASO,ES,Federal Contract Tower,0,30,61,0,91,0,0,42,2,44,0,30,103,2,135,24,16,40,175
05/15/2004,HXD,SC,ASO,ES,Federal Contract Tower,0,21,44,0,65,0,2,34,0,36,0,23,78,0,101,24,0,24,125
05/16/2004,HXD,SC,ASO,ES,Federal Contract Tower,0,21,70,0,91,0,0,44,0,44,0,21,114,0,135,6,0,6,141
05/17/2004,HXD,SC,ASO,ES,Federal Contract Tower,0,20,41,0,61,0,6,22,0,28,0,26,63,0,89,2,0,2,91
05/18/2004,HXD,SC,ASO,ES,Federal Contract Tower,0,15,32,0,47,0,9,21,2,32,0,24,53,2,79,2,0,2,81
05/19/2004,HXD,SC,ASO,ES,Federal Contract Tower,0,28,60,0,88,0,0,47,0,47,0,28,107,0,135,8,0,8,143
05/20/2004,HXD,SC,ASO,ES,Federal Contract Tower,0,22,45,0,67,0,0,77,0,77,0,22,122,0,144,16,0,16,160
05/21/2004,HXD,SC,ASO,ES,Federal Contract Tower,0,21,43,0,64,0,0,51,0,51,0,21,94,0,115,14,0,14,129
05/22/2004,HXD,SC,ASO,ES,Federal Contract Tower,0,21,44,0,65,0,14,31,0,45,0,35,75,0,110,20,0,20,130
05/23/2004,HXD,SC,ASO,ES,Federal Contract Tower,0,22,44,0,66,0,0,25,0,25,0,22,69,0,91,18,0,18,109
05/24/2004,HXD,SC,ASO,ES,Federal Contract Tower,0,13,30,0,43,0,0,28,0,28,0,13,58,0,71,0,4,4,75
05/25/2004,HXD,SC,ASO,ES,Federal Contract Tower,0,19,40,0,59,0,2,61,0,63,0,21,101,0,122,2,0,2,124
05/26/2004,HXD,SC,ASO,ES,Federal Contract Tower,0,23,49,0,72,0,0,50,0,50,0,23,99,0,122,0,0,0,122
05/27/2004,HXD,SC,ASO,ES,Federal Contract Tower,0,19,57,0,76,0,0,55,2,57,0,19,112,2,133,0,0,0,133
05/28/2004,HXD,SC,ASO,ES,Federal Contract Tower,0,24,56,0,80,0,0,44,0,44,0,24,100,0,124,50,4,54,178
05/29/2004,HXD,SC,ASO,ES,Federal Contract Tower,0,20,41,0,61,0,2,19,0,21,0,22,60,0,82,14,0,14,96
05/30/2004,HXD,SC,ASO,ES,Federal Contract Tower,0,14,31,0,45,0,0,1,0,1,0,14,32,0,46,14,0,14,60
05/31/2004,HXD,SC,ASO,ES,Federal Contract Tower,0,32,64,0,96,0,2,24,0,26,0,34,88,0,122,6,0,6,128
06/01/2004,HXD,SC,ASO,ES,Federal Contract Tower,0,25,54,0,79,0,0,29,0,29,0,25,83,0,108,8,0,8,116
06/02/2004,HXD,SC,ASO,ES,Federal Contract Tower,0,21,43,0,64,0,3,26,0,29,0,24,69,0,93,0,0,0,93
06/03/2004,HXD,SC,ASO,ES,Federal Contract Tower,0,18,41,0,59,0,0,33,0,33,0,18,74,0,92,0,0,0,92
06/04/2004,HXD,SC,ASO,ES,Federal Contract Tower,0,18,42,0,60,0,0,24,0,24,0,18,66,0,84,2,0,2,86
06/05/2004,HXD,SC,ASO,ES,Federal Contract Tower,0,19,37,0,56,0,2,26,0,28,0,21,63,0,84,10,0,10,94
06/06/2004,HXD,SC,ASO,ES,Federal Contract Tower,0,20,54,0,74,0,0,26,0,26,0,20,80,0,100,4,0,4,104
06/07/2004,HXD,SC,ASO,ES,Federal Contract Tower,0,20,41,0,61,0,6,12,0,18,0,26,53,0,79,3,0,3,82
06/08/2004,HXD,SC,ASO,ES,Federal Contract Tower,0,22,41,0,63,0,4,0,0,4,0,26,41,0,67,0,0,0,67
06/09/2004,HXD,SC,ASO,ES,Federal Contract Tower,0,26,55,0,81,0,0,4,0,4,0,26,59,0,85,0,0,0,85
06/10/2004,HXD,SC,ASO,ES,Federal Contract Tower,0,20,55,0,75,0,0,13,0,13,0,20,68,0,88,0,0,0,88
06/11/2004,HXD,SC,ASO,ES,Federal Contract Tower,0,28,57,0,85,0,3,10,0,13,0,31,67,0,98,0,3,3,101
06/12/2004,HXD,SC,ASO,ES,Federal Contract Tower,0,20,41,0,61,0,0,19,4,23,0,20,60,4,84,12,0,12,96
06/13/2004,HXD,SC,ASO,ES,Federal Contract Tower,0,18,47,0,65,0,0,22,0,22,0,18,69,0,87,4,0,4,91
06/14/2004,HXD,SC,ASO,ES,Federal Contract Tower,0,17,33,0,50,0,1,16,0,17,0,18,49,0,67,0,2,2,69
06/15/2004,HXD,SC,ASO,ES,Federal Contract Tower,0,16,32,0,48,0,8,9,0,17,0,24,41,0,65,4,6,10,75
06/16/2004,HXD,SC,ASO,ES,Federal Contract Tower,0,16,31,0,47,0,3,48,0,51,0,19,79,0,98,4,0,4,102
06/17/2004,HXD,SC,ASO,ES,Federal Contract Tower,0,15,30,0,45,0,3,12,0,15,0,18,42,0,60,0,0,0,60
06/18/2004,HXD,SC,ASO,ES,Federal Contract Tower,0,23,49,0,72,0,0,29,0,29,0,23,78,0,101,12,0,12,113
06/19/2004,HXD,SC,ASO,ES,Federal Contract Tower,0,28,66,0,94,0,0,40,2,42,0,28,106,2,136,0,0,0,136
06/20/2004,HXD,SC,ASO,ES,Federal Contract Tower,0,22,46,0,68,0,1,45,0,46,0,23,91,0,114,12,0,12,126
06/21/2004,HXD,SC,ASO,ES,Federal Contract Tower,0,14,37,0,51,0,0,10,4,14,0,14,47,4,65,0,0,0,65
06/22/2004,HXD,SC,ASO,ES,Federal Contract Tower,0,17,37,0,54,0,2,13,2,17,0,19,50,2,71,0,10,10,81
06/23/2004,HXD,SC,ASO,ES,Federal Contract Tower,0,23,49,0,72,0,8,29,0,37,0,31,78,0,109,0,0,0,109
06/24/2004,HXD,SC,ASO,ES,Federal Contract Tower,0,20,43,0,63,0,4,19,0,23,0,24,62,0,86,0,0,0,86
06/25/2004,HXD,SC,ASO,ES,Federal Contract Tower,0,20,42,0,62,0,1,26,1,28,0,21,68,1,90,0,0,0,90
06/26/2004,HXD,SC,ASO,ES,Federal Contract Tower,0,30,62,0,92,0,5,35,0,40,0,35,97,0,132,0,0,0,132
06/27/2004,HXD,SC,ASO,ES,Federal Contract Tower,0,18,40,0,58,0,2,35,0,37,0,20,75,0,95,12,0,12,107
06/28/2004,HXD,SC,ASO,ES,Federal Contract Tower,0,21,45,0,66,0,1,11,3,15,0,22,56,3,81,0,0,0,81
06/29/2004,HXD,SC,ASO,ES,Federal Contract Tower,0,17,37,0,54,0,0,40,0,40,0,17,77,0,94,0,0,0,94
06/30/2004,HXD,SC,ASO,ES,Federal Contract Tower,0,15,37,0,52,0,0,39,0,39,0,15,76,0,91,18,0,18,109
07/01/2004,HXD,SC,ASO,ES,Federal Contract Tower,0,18,56,0,74,0,0,37,0,37,0,18,93,0,111,0,0,0,111
07/02/2004,HXD,SC,ASO,ES,Federal Contract Tower,0,33,75,0,108,0,0,30,0,30,0,33,105,0,138,0,0,0,138
07/03/2004,HXD,SC,ASO,ES,Federal Contract Tower,0,25,52,0,77,0,4,33,0,37,0,29,85,0,114,0,0,0,114
07/04/2004,HXD,SC,ASO,ES,Federal Contract Tower,0,12,26,0,38,0,4,21,0,25,0,16,47,0,63,0,0,0,63
07/05/2004,HXD,SC,ASO,ES,Federal Contract Tower,0,27,60,0,87,0,0,54,0,54,0,27,114,0,141,12,0,12,153
07/06/2004,HXD,SC,ASO,ES,Federal Contract Tower,0,17,36,0,53,0,8,20,0,28,0,25,56,0,81,6,0,6,87
07/07/2004,HXD,SC,ASO,ES,Federal Contract Tower,0,18,39,0,57,0,0,32,0,32,0,18,71,0,89,0,0,0,89
07/08/2004,HXD,SC,ASO,ES,Federal Contract Tower,0,12,26,0,38,0,7,34,0,41,0,19,60,0,79,0,0,0,79
07/09/2004,HXD,SC,ASO,ES,Federal Contract Tower,0,24,52,0,76,0,7,37,4,48,0,31,89,4,124,4,0,4,128
07/10/2004,HXD,SC,ASO,ES,Federal Contract Tower,0,26,59,0,85,0,0,43,0,43,0,26,102,0,128,6,0,6,134
07/11/2004,HXD,SC,ASO,ES,Federal Contract Tower,0,17,37,0,54,0,0,33,0,33,0,17,70,0,87,0,0,0,87
07/12/2004,HXD,SC,ASO,ES,Federal Contract Tower,0,14,52,0,66,0,0,10,0,10,0,14,62,0,76,0,0,0,76
07/13/2004,HXD,SC,ASO,ES,Federal Contract Tower,0,15,31,0,46,0,5,38,0,43,0,20,69,0,89,2,0,2,91
07/14/2004,HXD,SC,ASO,ES,Federal Contract Tower,0,15,32,0,47,0,4,27,3,34,0,19,59,3,81,0,0,0,81
07/15/2004,HXD,SC,ASO,ES,Federal Contract Tower,0,24,52,0,76,0,2,40,0,42,0,26,92,0,118,0,0,0,118
07/16/2004,HXD,SC,ASO,ES,Federal Contract Tower,0,20,43,0,63,0,1,67,0,68,0,21,110,0,131,12,0,12,143
07/17/2004,HXD,SC,ASO,ES,Federal Contract Tower,0,25,53,0,78,0,4,23,0,27,0,29,76,0,105,10,0,10,115
07/18/2004,HXD,SC,ASO,ES,Federal Contract Tower,0,24,50,0,74,0,1,15,2,18,0,25,65,2,92,2,0,2,94
07/19/2004,HXD,SC,ASO,ES,Federal Contract Tower,0,22,46,0,68,0,2,33,0,35,0,24,79,0,103,0,0,0,103
07/20/2004,HXD,SC,ASO,ES,Federal Contract Tower,0,21,47,0,68,0,2,23,0,25,0,23,70,0,93,0,0,0,93
07/21/2004,HXD,SC,ASO,ES,Federal Contract Tower,0,17,38,0,55,0,1,44,0,45,0,18,82,0,100,0,0,0,100
07/22/2004,HXD,SC,ASO,ES,Federal Contract Tower,0,18,47,0,65,0,0,44,0,44,0,18,91,0,109,0,0,0,109
07/23/2004,HXD,SC,ASO,ES,Federal Contract Tower,0,15,42,0,57,0,0,54,0,54,0,15,96,0,111,2,0,2,113
07/24/2004,HXD,SC,ASO,ES,Federal Contract Tower,0,28,63,0,91,0,4,25,4,33,0,32,88,4,124,6,0,6,130
07/25/2004,HXD,SC,ASO,ES,Federal Contract Tower,0,18,47,0,65,0,0,17,0,17,0,18,64,0,82,2,0,2,84
07/26/2004,HXD,SC,ASO,ES,Federal Contract Tower,0,13,31,0,44,0,6,10,0,16,0,19,41,0,60,8,0,8,68
07/27/2004,HXD,SC,ASO,ES,Federal Contract Tower,0,11,24,0,35,0,5,25,1,31,0,16,49,1,66,18,0,18,84
07/28/2004,HXD,SC,ASO,ES,Federal Contract Tower,0,18,41,0,59,0,2,28,0,30,0,20,69,0,89,4,0,4,93
07/29/2004,HXD,SC,ASO,ES,Federal Contract Tower,0,19,43,0,62,0,2,6,0,8,0,21,49,0,70,0,0,0,70
07/30/2004,HXD,SC,ASO,ES,Federal Contract Tower,0,27,59,0,86,0,3,38,0,41,0,30,97,0,127,4,0,4,131
07/31/2004,HXD,SC,ASO,ES,Federal Contract Tower,0,20,45,0,65,0,1,20,2,23,0,21,65,2,88,2,0,2,90
08/01/2004,HXD,SC,ASO,ES,Federal Contract Tower,0,17,49,0,66,0,0,16,0,16,0,17,65,0,82,8,0,8,90
08/02/2004,HXD,SC,ASO,ES,Federal Contract Tower,0,15,29,0,44,0,5,10,0,15,0,20,39,0,59,0,0,0,59
08/03/2004,HXD,SC,ASO,ES,Federal Contract Tower,0,17,37,0,54,0,0,9,0,9,0,17,46,0,63,2,0,2,65
08/04/2004,HXD,SC,ASO,ES,Federal Contract Tower,0,20,38,0,58,0,4,23,0,27,0,24,61,0,85,0,0,0,85
08/05/2004,HXD,SC,ASO,ES,Federal Contract Tower,0,17,32,0,49,0,2,18,2,22,0,19,50,2,71,0,0,0,71
08/06/2004,HXD,SC,ASO,ES,Federal Contract Tower,0,26,56,0,82,0,0,37,0,37,0,26,93,0,119,12,0,12,131
08/07/2004,HXD,SC,ASO,ES,Federal Contract Tower,0,22,43,0,65,0,3,46,0,49,0,25,89,0,114,0,0,0,114
08/08/2004,HXD,SC,ASO,ES,Federal Contract Tower,0,19,50,0,69,0,0,80,0,80,0,19,130,0,149,2,0,2,151
08/09/2004,HXD,SC,ASO,ES,Federal Contract Tower,0,13,34,0,47,0,0,36,0,36,0,13,70,0,83,0,0,0,83
08/10/2004,HXD,SC,ASO,ES,Federal Contract Tower,0,13,24,0,37,0,0,22,0,22,0,13,46,0,59,2,0,2,61
08/11/2004,HXD,SC,ASO,ES,Federal Contract Tower,0,17,31,0,48,0,1,24,0,25,0,18,55,0,73,10,0,10,83
08/12/2004,HXD,SC,ASO,ES,Federal Contract Tower,0,14,32,0,46,0,0,8,0,8,0,14,40,0,54,4,0,4,58
08/13/2004,HXD,SC,ASO,ES,Federal Contract Tower,0,17,32,0,49,0,2,2,0,4,0,19,34,0,53,0,0,0,53
08/14/2004,HXD,SC,ASO,ES,Federal Contract Tower,0,9,15,0,24,0,3,14,0,17,0,12,29,0,41,10,0,10,51
08/15/2004,HXD,SC,ASO,ES,Federal Contract Tower,0,19,35,0,54,0,0,22,1,23,0,19,57,1,77,0,0,0,77
08/16/2004,HXD,SC,ASO,ES,Federal Contract Tower,0,13,25,0,38,0,3,14,0,17,0,16,39,0,55,0,0,0,55
08/17/2004,HXD,SC,ASO,ES,Federal Contract Tower,0,14,27,0,41,0,2,26,0,28,0,16,53,0,69,12,0,12,81
08/18/2004,HXD,SC,ASO,ES,Federal Contract Tower,0,16,30,0,46,0,4,18,2,24,0,20,48,2,70,0,2,2,72
08/19/2004,HXD,SC,ASO,ES,Federal Contract Tower,0,15,33,0,48,0,0,28,0,28,0,15,61,0,76,12,0,12,88
08/20/2004,HXD,SC,ASO,ES,Federal Contract Tower,0,18,44,0,62,0,0,38,0,38,0,18,82,0,100,6,0,6,106
08/21/2004,HXD,SC,ASO,ES,Federal Contract Tower,0,14,30,0,44,0,8,5,0,13,0,22,35,0,57,4,0,4,61
08/22/2004,HXD,SC,ASO,ES,Federal Contract Tower,0,23,55,0,78,0,0,14,0,14,0,23,69,0,92,6,0,6,98
08/23/2004,HXD,SC,ASO,ES,Federal Contract Tower,0,15,36,0,51,0,0,8,0,8,0,15,44,0,59,2,0,2,61
08/24/2004,HXD,SC,ASO,ES,Federal Contract Tower,0,14,29,0,43,0,5,24,0,29,0,19,53,0,72,6,0,6,78
08/25/2004,HXD,SC,ASO,ES,Federal Contract Tower,0,16,33,0,49,0,6,24,0,30,0,22,57,0,79,8,0,8,87
08/26/2004,HXD,SC,ASO,ES,Federal Contract Tower,0,17,36,0,53,0,1,21,0,22,0,18,57,0,75,2,0,2,77
08/27/2004,HXD,SC,ASO,ES,Federal Contract Tower,0,16,44,0,60,0,0,21,0,21,0,16,65,0,81,0,0,0,81
08/28/2004,HXD,SC,ASO,ES,Federal Contract Tower,0,19,39,0,58,0,8,6,0,14,0,27,45,0,72,4,0,4,76
08/29/2004,HXD,SC,ASO,ES,Federal Contract Tower,0,11,23,0,34,0,2,5,0,7,0,13,28,0,41,0,0,0,41
08/30/2004,HXD,SC,ASO,ES,Federal Contract Tower,0,12,26,0,38,0,0,22,0,22,0,12,48,0,60,0,0,0,60
08/31/2004,HXD,SC,ASO,ES,Federal Contract Tower,0,12,19,0,31,0,5,0,0,5,0,17,19,0,36,0,0,0,36
09/01/2004,HXD,SC,ASO,ES,Federal Contract Tower,0,27,41,0,68,0,8,8,0,16,0,35,49,0,84,8,0,8,92
09/02/2004,HXD,SC,ASO,ES,Federal Contract Tower,0,22,37,0,59,0,0,22,0,22,0,22,59,0,81,0,0,0,81
09/03/2004,HXD,SC,ASO,ES,Federal Contract Tower,0,23,35,0,58,0,1,35,0,36,0,24,70,0,94,16,0,16,110
09/04/2004,HXD,SC,ASO,ES,Federal Contract Tower,0,16,23,0,39,0,7,13,0,20,0,23,36,0,59,0,0,0,59
09/05/2004,HXD,SC,ASO,ES,Federal Contract Tower,0,9,6,0,15,0,7,0,0,7,0,16,6,0,22,0,0,0,22
09/06/2004,HXD,SC,ASO,ES,Federal Contract Tower,0,8,11,0,19,0,3,3,0,6,0,11,14,0,25,0,0,0,25
09/07/2004,HXD,SC,ASO,ES,Federal Contract Tower,0,11,15,0,26,0,2,4,0,6,0,13,19,0,32,0,0,0,32
09/08/2004,HXD,SC,ASO,ES,Federal Contract Tower,0,17,26,0,43,0,3,22,0,25,0,20,48,0,68,0,0,0,68
09/09/2004,HXD,SC,ASO,ES,Federal Contract Tower,0,19,36,0,55,0,0,42,2,44,0,19,78,2,99,2,0,2,101
09/10/2004,HXD,SC,ASO,ES,Federal Contract Tower,0,18,40,0,58,0,0,27,6,33,0,18,67,6,91,0,0,0,91
09/11/2004,HXD,SC,ASO,ES,Federal Contract Tower,0,17,32,0,49,0,0,30,2,32,0,17,62,2,81,0,0,0,81
09/12/2004,HXD,SC,ASO,ES,Federal Contract Tower,0,20,34,0,54,0,0,16,0,16,0,20,50,0,70,0,0,0,70
09/13/2004,HXD,SC,ASO,ES,Federal Contract Tower,0,9,14,0,23,0,0,4,4,8,0,9,18,4,31,0,0,0,31
09/14/2004,HXD,SC,ASO,ES,Federal Contract Tower,0,13,23,0,36,0,0,3,0,3,0,13,26,0,39,0,0,0,39
09/15/2004,HXD,SC,ASO,ES,Federal Contract Tower,0,17,26,0,43,0,1,2,0,3,0,18,28,0,46,0,0,0,46
09/16/2004,HXD,SC,ASO,ES,Federal Contract Tower,0,13,21,0,34,0,3,22,0,25,0,16,43,0,59,13,0,13,72
09/17/2004,HXD,SC,ASO,ES,Federal Contract Tower,0,14,24,0,38,0,6,13,0,19,0,20,37,0,57,0,0,0,57
09/18/2004,HXD,SC,ASO,ES,Federal Contract Tower,0,14,23,0,37,0,5,51,0,56,0,19,74,0,93,8,0,8,101
09/19/2004,HXD,SC,ASO,ES,Federal Contract Tower,0,20,32,0,52,0,7,16,0,23,0,27,48,0,75,0,0,0,75
09/20/2004,HXD,SC,ASO,ES,Federal Contract Tower,0,14,25,0,39,0,0,15,0,15,0,14,40,0,54,2,0,2,56
09/21/2004,HXD,SC,ASO,ES,Federal Contract Tower,0,17,27,0,44,0,0,20,0,20,0,17,47,0,64,4,0,4,68
09/22/2004,HXD,SC,ASO,ES,Federal Contract Tower,0,19,34,0,53,0,0,38,0,38,0,19,72,0,91,30,0,30,121
09/23/2004,HXD,SC,ASO,ES,Federal Contract Tower,0,23,40,0,63,0,0,45,4,49,0,23,85,4,112,20,2,22,134
09/24/2004,HXD,SC,ASO,ES,Federal Contract Tower,0,15,40,0,55,0,0,42,2,44,0,15,82,2,99,24,0,24,123
09/25/2004,HXD,SC,ASO,ES,Federal Contract Tower,0,27,44,0,71,0,0,16,0,16,0,27,60,0,87,0,0,0,87
09/26/2004,HXD,SC,ASO,ES,Federal Contract Tower,0,17,28,0,45,0,0,5,1,6,0,17,33,1,51,0,0,0,51
09/27/2004,HXD,SC,ASO,ES,Federal Contract Tower,0,5,5,0,10,0,7,0,0,7,0,12,5,0,17,0,0,0,17
09/28/2004,HXD,SC,ASO,ES,Federal Contract Tower,0,12,19,0,31,0,9,16,0,25,0,21,35,0,56,0,0,0,56
09/29/2004,HXD,SC,ASO,ES,Federal Contract Tower,0,22,36,0,58,0,0,31,2,33,0,22,67,2,91,30,8,38,129
09/30/2004,HXD,SC,ASO,ES,Federal Contract Tower,0,15,41,0,56,0,0,26,2,28,0,15,67,2,84,0,0,0,84
10/01/2004,HXD,SC,ASO,ES,Federal Contract Tower,0,22,47,0,69,0,1,26,0,27,0,23,73,0,96,4,0,4,100
10/02/2004,HXD,SC,ASO,ES,Federal Contract Tower,0,14,29,0,43,0,0,6,0,6,0,14,35,0,49,0,0,0,49
10/03/2004,HXD,SC,ASO,ES,Federal Contract Tower,0,17,46,0,63,0,0,16,0,16,0,17,62,0,79,0,0,0,79
10/04/2004,HXD,SC,ASO,ES,Federal Contract Tower,0,23,43,0,66,0,0,22,0,22,0,23,65,0,88,6,0,6,94
10/05/2004,HXD,SC,ASO,ES,Federal Contract Tower,0,21,35,0,56,0,1,28,0,29,0,22,63,0,85,16,0,16,101
10/06/2004,HXD,SC,ASO,ES,Federal Contract Tower,0,14,54,0,68,0,0,41,0,41,0,14,95,0,109,4,0,4,113
10/07/2004,HXD,SC,ASO,ES,Federal Contract Tower,0,24,43,0,67,0,1,51,0,52,0,25,94,0,119,8,0,8,127
10/08/2004,HXD,SC,ASO,ES,Federal Contract Tower,0,29,82,0,111,0,0,14,0,14,0,29,96,0,125,0,0,0,125
10/09/2004,HXD,SC,ASO,ES,Federal Contract Tower,0,17,44,0,61,0,0,11,0,11,0,17,55,0,72,0,0,0,72
10/10/2004,HXD,SC,ASO,ES,Federal Contract Tower,0,32,69,0,101,0,0,25,0,25,0,32,94,0,126,16,0,16,142
10/11/2004,HXD,SC,ASO,ES,Federal Contract Tower,0,19,43,0,62,0,0,7,4,11,0,19,50,4,73,6,0,6,79
10/12/2004,HXD,SC,ASO,ES,Federal Contract Tower,0,19,40,0,59,0,1,25,0,26,0,20,65,0,85,0,0,0,85
10/13/2004,HXD,SC,ASO,ES,Federal Contract Tower,0,26,61,0,87,0,1,31,0,32,0,27,92,0,119,10,0,10,129
10/14/2004,HXD,SC,ASO,ES,Federal Contract Tower,0,33,51,0,84,0,1,42,2,45,0,34,93,2,129,10,0,10,139
10/15/2004,HXD,SC,ASO,ES,Federal Contract Tower,0,21,51,0,72,0,1,16,2,19,0,22,67,2,91,2,0,2,93
10/16/2004,HXD,SC,ASO,ES,Federal Contract Tower,0,25,41,0,66,0,0,47,0,47,0,25,88,0,113,26,0,26,139
10/17/2004,HXD,SC,ASO,ES,Federal Contract Tower,0,22,55,0,77,0,0,65,0,65,0,22,120,0,142,4,0,4,146
10/18/2004,HXD,SC,ASO,ES,Federal Contract Tower,0,21,34,0,55,0,1,25,0,26,0,22,59,0,81,8,0,8,89
10/19/2004,HXD,SC,ASO,ES,Federal Contract Tower,0,28,44,0,72,0,0,35,0,35,0,28,79,0,107,2,0,2,109
10/20/2004,HXD,SC,ASO,ES,Federal Contract Tower,0,28,78,0,106,0,2,23,0,25,0,30,101,0,131,12,0,12,143
10/21/2004,HXD,SC,ASO,ES,Federal Contract Tower,0,35,52,2,89,0,1,9,0,10,0,36,61,2,99,0,0,0,99
10/22/2004,HXD,SC,ASO,ES,Federal Contract Tower,0,24,85,0,109,0,2,44,0,46,0,26,129,0,155,0,0,0,155
10/23/2004,HXD,SC,ASO,ES,Federal Contract Tower,0,18,41,0,59,0,0,53,0,53,0,18,94,0,112,0,0,0,112
10/24/2004,HXD,SC,ASO,ES,Federal Contract Tower,0,26,63,0,89,0,0,17,1,18,0,26,80,1,107,6,0,6,113
10/25/2004,HXD,SC,ASO,ES,Federal Contract Tower,0,22,23,0,45,0,1,14,0,15,0,23,37,0,60,0,0,0,60
10/26/2004,HXD,SC,ASO,ES,Federal Contract Tower,0,24,25,0,49,0,1,24,0,25,0,25,49,0,74,0,0,0,74
10/27/2004,HXD,SC,ASO,ES,Federal Contract Tower,0,20,56,0,76,0,2,28,0,30,0,22,84,0,106,10,0,10,116
10/28/2004,HXD,SC,ASO,ES,Federal Contract Tower,0,22,50,0,72,0,1,5,1,7,0,23,55,1,79,0,0,0,79
10/29/2004,HXD,SC,ASO,ES,Federal Contract Tower,0,29,56,0,85,0,1,27,2,30,0,30,83,2,115,4,2,6,121
10/30/2004,HXD,SC,ASO,ES,Federal Contract Tower,0,22,41,0,63,0,0,10,0,10,0,22,51,0,73,4,0,4,77
10/31/2004,HXD,SC,ASO,ES,Federal Contract Tower,0,29,66,0,95,0,0,55,0,55,0,29,121,0,150,2,0,2,152
11/01/2004,HXD,SC,ASO,ES,Federal Contract Tower,0,22,51,0,73,0,1,10,0,11,0,23,61,0,84,2,0,2,86
11/02/2004,HXD,SC,ASO,ES,Federal Contract Tower,0,30,35,0,65,0,1,30,0,31,0,31,65,0,96,2,0,2,98
11/03/2004,HXD,SC,ASO,ES,Federal Contract Tower,0,25,46,0,71,0,1,37,2,40,0,26,83,2,111,2,0,2,113
11/04/2004,HXD,SC,ASO,ES,Federal Contract Tower,0,20,45,0,65,0,1,21,0,22,0,21,66,0,87,2,0,2,89
11/05/2004,HXD,SC,ASO,ES,Federal Contract Tower,0,25,68,0,93,0,1,26,4,31,0,26,94,4,124,10,0,10,134
11/06/2004,HXD,SC,ASO,ES,Federal Contract Tower,0,26,52,0,78,0,0,30,0,30,0,26,82,0,108,2,0,2,110
11/07/2004,HXD,SC,ASO,ES,Federal Contract Tower,0,24,64,1,89,0,0,54,0,54,0,24,118,1,143,4,0,4,147
11/08/2004,HXD,SC,ASO,ES,Federal Contract Tower,0,20,31,0,51,0,1,28,0,29,0,21,59,0,80,12,0,12,92
11/09/2004,HXD,SC,ASO,ES,Federal Contract Tower,0,18,50,2,70,0,1,34,3,38,0,19,84,5,108,10,0,10,118
11/10/2004,HXD,SC,ASO,ES,Federal Contract Tower,0,18,37,0,55,0,1,37,1,39,0,19,74,1,94,18,0,18,112
11/11/2004,HXD,SC,ASO,ES,Federal Contract Tower,0,16,35,0,51,0,0,20,1,21,0,16,55,1,72,0,0,0,72
11/12/2004,HXD,SC,ASO,ES,Federal Contract Tower,0,25,35,0,60,0,0,8,0,8,0,25,43,0,68,0,0,0,68
11/13/2004,HXD,SC,ASO,ES,Federal Contract Tower,0,18,27,0,45,0,0,1,0,1,0,18,28,0,46,0,0,0,46
11/14/2004,HXD,SC,ASO,ES,Federal Contract Tower,0,19,42,0,61,0,0,22,0,22,0,19,64,0,83,10,0,10,93
11/15/2004,HXD,SC,ASO,ES,Federal Contract Tower,0,20,43,1,64,0,1,46,5,52,0,21,89,6,116,4,0,4,120
11/16/2004,HXD,SC,ASO,ES,Federal Contract Tower,0,22,37,0,59,0,1,73,0,74,0,23,110,0,133,22,0,22,155
11/17/2004,HXD,SC,ASO,ES,Federal Contract Tower,0,16,33,0,49,0,0,51,0,51,0,16,84,0,100,16,0,16,116
11/18/2004,HXD,SC,ASO,ES,Federal Contract Tower,0,20,45,0,65,0,0,37,0,37,0,20,82,0,102,18,0,18,120
11/19/2004,HXD,SC,ASO,ES,Federal Contract Tower,0,23,57,0,80,0,1,42,0,43,0,24,99,0,123,14,0,14,137
11/20/2004,HXD,SC,ASO,ES,Federal Contract Tower,0,15,36,0,51,0,0,19,0,19,0,15,55,0,70,4,0,4,74
11/21/2004,HXD,SC,ASO,ES,Federal Contract Tower,0,16,51,0,67,0,0,12,0,12,0,16,63,0,79,0,0,0,79
11/22/2004,HXD,SC,ASO,ES,Federal Contract Tower,0,18,44,0,62,0,0,11,0,11,0,18,55,0,73,0,0,0,73
11/23/2004,HXD,SC,ASO,ES,Federal Contract Tower,0,27,44,0,71,0,1,41,2,44,0,28,85,2,115,6,0,6,121
11/24/2004,HXD,SC,ASO,ES,Federal Contract Tower,0,24,59,0,83,0,1,20,0,21,0,25,79,0,104,12,0,12,116
11/25/2004,HXD,SC,ASO,ES,Federal Contract Tower,0,17,18,0,35,0,0,6,0,6,0,17,24,0,41,0,0,0,41
11/26/2004,HXD,SC,ASO,ES,Federal Contract Tower,0,21,50,0,71,0,0,33,0,33,0,21,83,0,104,8,0,8,112
11/27/2004,HXD,SC,ASO,ES,Federal Contract Tower,0,22,39,0,61,0,0,6,0,6,0,22,45,0,67,0,0,0,67
11/28/2004,HXD,SC,ASO,ES,Federal Contract Tower,0,26,94,0,120,0,0,39,0,39,0,26,133,0,159,8,0,8,167
11/29/2004,HXD,SC,ASO,ES,Federal Contract Tower,0,20,59,0,79,0,0,43,0,43,0,20,102,0,122,20,0,20,142
11/30/2004,HXD,SC,ASO,ES,Federal Contract Tower,0,20,28,1,49,0,1,42,3,46,0,21,70,4,95,0,0,0,95
12/01/2004,HXD,SC,ASO,ES,Federal Contract Tower,0,17,24,0,41,0,1,16,0,17,0,18,40,0,58,0,0,0,58
12/02/2004,HXD,SC,ASO,ES,Federal Contract Tower,0,17,28,0,45,0,2,27,0,29,0,19,55,0,74,7,0,7,81
12/03/2004,HXD,SC,ASO,ES,Federal Contract Tower,0,16,29,0,45,0,0,45,0,45,0,16,74,0,90,10,0,10,100
12/04/2004,HXD,SC,ASO,ES,Federal Contract Tower,0,15,15,0,30,0,0,12,0,12,0,15,27,0,42,8,0,8,50
12/05/2004,HXD,SC,ASO,ES,Federal Contract Tower,0,11,38,0,49,0,0,30,0,30,0,11,68,0,79,4,0,4,83
12/06/2004,HXD,SC,ASO,ES,Federal Contract Tower,0,13,23,0,36,0,1,22,1,24,0,14,45,1,60,8,2,10,70
12/07/2004,HXD,SC,ASO,ES,Federal Contract Tower,0,19,24,1,44,0,1,22,0,23,0,20,46,1,67,0,0,0,67
12/08/2004,HXD,SC,ASO,ES,Federal Contract Tower,0,17,41,0,58,0,0,24,0,24,0,17,65,0,82,6,0,6,88
12/09/2004,HXD,SC,ASO,ES,Federal Contract Tower,0,19,24,0,43,0,1,39,0,40,0,20,63,0,83,10,0,10,93
12/10/2004,HXD,SC,ASO,ES,Federal Contract Tower,0,22,20,0,42,0,1,18,3,22,0,23,38,3,64,0,0,0,64
12/11/2004,HXD,SC,ASO,ES,Federal Contract Tower,0,18,20,0,38,0,0,10,4,14,0,18,30,4,52,4,0,4,56
12/12/2004,HXD,SC,ASO,ES,Federal Contract Tower,0,17,28,0,45,0,0,45,1,46,0,17,73,1,91,8,0,8,99
12/13/2004,HXD,SC,ASO,ES,Federal Contract Tower,0,18,23,0,41,0,0,56,0,56,0,18,79,0,97,0,0,0,97
12/14/2004,HXD,SC,ASO,ES,Federal Contract Tower,0,23,26,0,49,0,0,21,0,21,0,23,47,0,70,26,0,26,96
12/15/2004,HXD,SC,ASO,ES,Federal Contract Tower,0,17,33,1,51,0,1,33,1,35,0,18,66,2,86,0,0,0,86
12/16/2004,HXD,SC,ASO,ES,Federal Contract Tower,0,19,43,0,62,0,0,39,0,39,0,19,82,0,101,22,0,22,123
12/17/2004,HXD,SC,ASO,ES,Federal Contract Tower,0,18,35,0,53,0,0,34,0,34,0,18,69,0,87,0,20,20,107
12/18/2004,HXD,SC,ASO,ES,Federal Contract Tower,0,13,30,0,43,0,0,42,0,42,0,13,72,0,85,38,0,38,123
12/19/2004,HXD,SC,ASO,ES,Federal Contract Tower,0,18,29,0,47,0,0,22,0,22,0,18,51,0,69,0,0,0,69
12/20/2004,HXD,SC,ASO,ES,Federal Contract Tower,0,24,26,0,50,0,3,28,0,31,0,27,54,0,81,22,0,22,103
12/21/2004,HXD,SC,ASO,ES,Federal Contract Tower,0,21,19,0,40,0,0,37,0,37,0,21,56,0,77,18,2,20,97
12/22/2004,HXD,SC,ASO,ES,Federal Contract Tower,0,23,30,0,53,0,1,24,0,25,0,24,54,0,78,31,0,31,109
12/23/2004,HXD,SC,ASO,ES,Federal Contract Tower,0,18,14,0,32,0,2,3,0,5,0,20,17,0,37,0,0,0,37
12/24/2004,HXD,SC,ASO,ES,Federal Contract Tower,0,16,34,0,50,0,1,12,0,13,0,17,46,0,63,6,0,6,69
12/25/2004,HXD,SC,ASO,ES,Federal Contract Tower,0,21,17,0,38,0,0,5,0,5,0,21,22,0,43,0,0,0,43
12/26/2004,HXD,SC,ASO,ES,Federal Contract Tower,0,14,37,0,51,0,0,3,0,3,0,14,40,0,54,2,0,2,56
12/27/2004,HXD,SC,ASO,ES,Federal Contract Tower,0,18,47,0,65,0,0,40,0,40,0,18,87,0,105,28,0,28,133
12/28/2004,HXD,SC,ASO,ES,Federal Contract Tower,0,23,47,0,70,0,0,24,0,24,0,23,71,0,94,36,0,36,130
12/29/2004,HXD,SC,ASO,ES,Federal Contract Tower,0,26,36,0,62,0,1,43,0,44,0,27,79,0,106,6,2,8,114
12/30/2004,HXD,SC,ASO,ES,Federal Contract Tower,0,18,50,0,68,0,0,60,0,60,0,18,110,0,128,34,0,34,162
12/31/2004,HXD,SC,ASO,ES,Federal Contract Tower,0,11,31,0,42,0,1,40,0,41,0,12,71,0,83,22,0,22,105
01/01/2005,HXD,SC,ASO,ES,Federal Contract Tower,0,13,27,0,40,0,0,29,0,29,0,13,56,0,69,2,0,2,71
01/02/2005,HXD,SC,ASO,ES,Federal Contract Tower,0,26,63,0,89,0,0,55,0,55,0,26,118,0,144,10,0,10,154
01/03/2005,HXD,SC,ASO,ES,Federal Contract Tower,0,33,34,0,67,0,1,42,0,43,0,34,76,0,110,18,0,18,128
01/04/2005,HXD,SC,ASO,ES,Federal Contract Tower,0,17,33,0,50,0,0,18,0,18,0,17,51,0,68,2,0,2,70
01/05/2005,HXD,SC,ASO,ES,Federal Contract Tower,0,19,23,0,42,0,0,18,0,18,0,19,41,0,60,28,0,28,88
01/06/2005,HXD,SC,ASO,ES,Federal Contract Tower,0,20,38,0,58,0,1,20,0,21,0,21,58,0,79,24,0,24,103
01/07/2005,HXD,SC,ASO,ES,Federal Contract Tower,0,20,32,0,52,0,1,24,2,27,0,21,56,2,79,16,0,16,95
01/08/2005,HXD,SC,ASO,ES,Federal Contract Tower,0,18,17,0,35,0,0,28,0,28,0,18,45,0,63,14,0,14,77
01/09/2005,HXD,SC,ASO,ES,Federal Contract Tower,0,23,50,0,73,0,0,27,0,27,0,23,77,0,100,12,0,12,112
01/10/2005,HXD,SC,ASO,ES,Federal Contract Tower,0,14,46,0,60,0,1,25,2,28,0,15,71,2,88,14,10,24,112
01/11/2005,HXD,SC,ASO,ES,Federal Contract Tower,0,12,22,0,34,0,0,16,1,17,0,12,38,1,51,12,0,12,63
01/12/2005,HXD,SC,ASO,ES,Federal Contract Tower,0,15,27,0,42,0,0,22,0,22,0,15,49,0,64,6,8,14,78
01/13/2005,HXD,SC,ASO,ES,Federal Contract Tower,0,18,24,0,42,0,0,8,2,10,0,18,32,2,52,0,2,2,54
01/14/2005,HXD,SC,ASO,ES,Federal Contract Tower,0,21,23,0,44,0,1,8,0,9,0,22,31,0,53,0,0,0,53
01/15/2005,HXD,SC,ASO,ES,Federal Contract Tower,0,12,20,0,32,0,0,19,0,19,0,12,39,0,51,32,0,32,83
01/16/2005,HXD,SC,ASO,ES,Federal Contract Tower,0,17,29,2,48,0,0,20,0,20,0,17,49,2,68,8,4,12,80
01/17/2005,HXD,SC,ASO,ES,Federal Contract Tower,0,18,23,0,41,0,0,41,0,41,0,18,64,0,82,0,0,0,82
01/18/2005,HXD,SC,ASO,ES,Federal Contract Tower,0,22,25,0,47,0,1,23,1,25,0,23,48,1,72,0,0,0,72
01/19/2005,HXD,SC,ASO,ES,Federal Contract Tower,0,14,31,0,45,0,3,18,0,21,0,17,49,0,66,6,0,6,72
01/20/2005,HXD,SC,ASO,ES,Federal Contract Tower,0,19,22,0,41,0,1,38,0,39,0,20,60,0,80,0,0,0,80
01/21/2005,HXD,SC,ASO,ES,Federal Contract Tower,0,18,27,0,45,0,1,42,0,43,0,19,69,0,88,34,0,34,122
01/22/2005,HXD,SC,ASO,ES,Federal Contract Tower,0,14,9,0,23,0,0,10,0,10,0,14,19,0,33,4,0,4,37
01/23/2005,HXD,SC,ASO,ES,Federal Contract Tower,0,12,17,0,29,0,0,14,0,14,0,12,31,0,43,0,0,0,43
01/24/2005,HXD,SC,ASO,ES,Federal Contract Tower,0,14,33,0,47,0,0,24,0,24,0,14,57,0,71,0,0,0,71
01/25/2005,HXD,SC,ASO,ES,Federal Contract Tower,0,16,29,0,45,0,2,46,0,48,0,18,75,0,93,12,0,12,105
01/26/2005,HXD,SC,ASO,ES,Federal Contract Tower,0,19,19,0,38,0,1,36,0,37,0,20,55,0,75,0,2,2,77
01/27/2005,HXD,SC,ASO,ES,Federal Contract Tower,0,16,24,0,40,0,1,22,0,23,0,17,46,0,63,0,0,0,63
01/28/2005,HXD,SC,ASO,ES,Federal Contract Tower,0,29,30,0,59,0,1,4,3,8,0,30,34,3,67,0,0,0,67
01/29/2005,HXD,SC,ASO,ES,Federal Contract Tower,0,10,5,0,15,0,0,0,0,0,0,10,5,0,15,0,0,0,15
01/30/2005,HXD,SC,ASO,ES,Federal Contract Tower,0,14,10,0,24,0,0,2,0,2,0,14,12,0,26,0,0,0,26
01/31/2005,HXD,SC,ASO,ES,Federal Contract Tower,0,17,43,0,60,0,1,42,0,43,0,18,85,0,103,12,0,12,115
02/01/2005,HXD,SC,ASO,ES,Federal Contract Tower,0,17,23,0,40,0,1,36,0,37,0,18,59,0,77,26,0,26,103
02/02/2005,HXD,SC,ASO,ES,Federal Contract Tower,0,16,19,0,35,0,1,23,0,24,0,17,42,0,59,4,0,4,63
02/03/2005,HXD,SC,ASO,ES,Federal Contract Tower,0,13,19,0,32,0,0,0,0,0,0,13,19,0,32,0,0,0,32
02/04/2005,HXD,SC,ASO,ES,Federal Contract Tower,0,17,35,0,52,0,1,54,2,57,0,18,89,2,109,10,0,10,119
02/05/2005,HXD,SC,ASO,ES,Federal Contract Tower,0,13,23,0,36,0,0,54,2,56,0,13,77,2,92,0,0,0,92
02/06/2005,HXD,SC,ASO,ES,Federal Contract Tower,0,16,27,0,43,0,0,58,0,58,0,16,85,0,101,27,0,27,128
02/07/2005,HXD,SC,ASO,ES,Federal Contract Tower,0,16,39,0,55,0,1,50,0,51,0,17,89,0,106,22,0,22,128
02/08/2005,HXD,SC,ASO,ES,Federal Contract Tower,0,19,26,0,45,0,0,41,0,41,0,19,67,0,86,14,0,14,100
02/09/2005,HXD,SC,ASO,ES,Federal Contract Tower,0,17,42,0,59,0,1,42,0,43,0,18,84,0,102,2,0,2,104
02/10/2005,HXD,SC,ASO,ES,Federal Contract Tower,0,22,27,0,49,0,0,7,0,7,0,22,34,0,56,0,0,0,56
02/11/2005,HXD,SC,ASO,ES,Federal Contract Tower,0,30,32,0,62,0,1,28,0,29,0,31,60,0,91,12,0,12,103
02/12/2005,HXD,SC,ASO,ES,Federal Contract Tower,0,21,38,0,59,0,0,59,0,59,0,21,97,0,118,16,0,16,134
02/13/2005,HXD,SC,ASO,ES,Federal Contract Tower,0,22,35,0,57,0,0,44,0,44,0,22,79,0,101,18,0,18,119
02/14/2005,HXD,SC,ASO,ES,Federal Contract Tower,0,17,26,0,43,0,0,29,0,29,0,17,55,0,72,0,0,0,72
02/15/2005,HXD,SC,ASO,ES,Federal Contract Tower,0,4,14,0,18,0,0,0,0,0,0,4,14,0,18,0,0,0,18
02/16/2005,HXD,SC,ASO,ES,Federal Contract Tower,0,14,30,0,44,0,0,15,0,15,0,14,45,0,59,0,0,0,59
02/17/2005,HXD,SC,ASO,ES,Federal Contract Tower,0,17,31,0,48,0,0,20,2,22,0,17,51,2,70,14,2,16,86
02/18/2005,HXD,SC,ASO,ES,Federal Contract Tower,0,25,72,0,97,0,0,56,0,56,0,25,128,0,153,2,0,2,155
02/19/2005,HXD,SC,ASO,ES,Federal Contract Tower,0,14,32,0,46,0,0,59,0,59,0,14,91,0,105,4,0,4,109
02/20/2005,HXD,SC,ASO,ES,Federal Contract Tower,0,20,37,0,57,0,0,33,0,33,0,20,70,0,90,6,0,6,96
02/21/2005,HXD,SC,ASO,ES,Federal Contract Tower,0,17,49,0,66,0,0,20,0,20,0,17,69,0,86,0,0,0,86
02/22/2005,HXD,SC,ASO,ES,Federal Contract Tower,0,22,41,0,63,0,1,28,0,29,0,23,69,0,92,10,0,10,102
02/23/2005,HXD,SC,ASO,ES,Federal Contract Tower,0,10,44,0,54,0,0,14,0,14,0,10,58,0,68,30,0,30,98
02/24/2005,HXD,SC,ASO,ES,Federal Contract Tower,0,21,33,0,54,0,0,10,0,10,0,21,43,0,64,0,0,0,64
02/25/2005,HXD,SC,ASO,ES,Federal Contract Tower,0,24,43,0,67,0,0,8,3,11,0,24,51,3,78,0,0,0,78
02/26/2005,HXD,SC,ASO,ES,Federal Contract Tower,0,20,30,0,50,0,1,33,2,36,0,21,63,2,86,0,0,0,86
02/27/2005,HXD,SC,ASO,ES,Federal Contract Tower,0,12,26,0,38,0,0,5,0,5,0,12,31,0,43,0,0,0,43
02/28/2005,HXD,SC,ASO,ES,Federal Contract Tower,0,16,33,0,49,0,0,6,0,6,0,16,39,0,55,0,0,0,55
03/01/2005,HXD,SC,ASO,ES,Federal Contract Tower,0,22,26,0,48,0,5,13,0,18,0,27,39,0,66,0,0,0,66
03/02/2005,HXD,SC,ASO,ES,Federal Contract Tower,0,18,32,0,50,0,1,56,0,57,0,19,88,0,107,10,0,10,117
03/03/2005,HXD,SC,ASO,ES,Federal Contract Tower,0,21,45,0,66,0,2,21,0,23,0,23,66,0,89,0,0,0,89
03/04/2005,HXD,SC,ASO,ES,Federal Contract Tower,0,25,50,0,75,0,0,40,2,42,0,25,90,2,117,2,0,2,119
03/05/2005,HXD,SC,ASO,ES,Federal Contract Tower,0,23,23,0,46,0,0,16,0,16,0,23,39,0,62,2,0,2,64
03/06/2005,HXD,SC,ASO,ES,Federal Contract Tower,0,24,40,0,64,0,0,42,1,43,0,24,82,1,107,24,0,24,131
03/07/2005,HXD,SC,ASO,ES,Federal Contract Tower,0,22,50,0,72,0,0,23,0,23,0,22,73,0,95,10,0,10,105
03/08/2005,HXD,SC,ASO,ES,Federal Contract Tower,0,17,19,0,36,0,4,4,0,8,0,21,23,0,44,2,0,2,46
03/09/2005,HXD,SC,ASO,ES,Federal Contract Tower,0,27,27,0,54,0,1,30,0,31,0,28,57,0,85,20,0,20,105
03/10/2005,HXD,SC,ASO,ES,Federal Contract Tower,0,29,34,0,63,0,1,33,0,34,0,30,67,0,97,0,0,0,97
03/11/2005,HXD,SC,ASO,ES,Federal Contract Tower,0,22,44,0,66,0,0,18,0,18,0,22,62,0,84,0,0,0,84
03/12/2005,HXD,SC,ASO,ES,Federal Contract Tower,0,15,31,0,46,0,0,28,0,28,0,15,59,0,74,2,0,2,76
03/13/2005,HXD,SC,ASO,ES,Federal Contract Tower,0,24,47,0,71,0,0,45,0,45,0,24,92,0,116,12,0,12,128
03/14/2005,HXD,SC,ASO,ES,Federal Contract Tower,0,22,31,0,53,0,1,8,0,9,0,23,39,0,62,8,0,8,70
03/15/2005,HXD,SC,ASO,ES,Federal Contract Tower,0,24,22,2,48,0,0,35,0,35,0,24,57,2,83,10,0,10,93
03/16/2005,HXD,SC,ASO,ES,Federal Contract Tower,0,23,38,0,61,0,0,2,0,2,0,23,40,0,63,0,0,0,63
03/17/2005,HXD,SC,ASO,ES,Federal Contract Tower,0,28,29,0,57,0,0,0,0,0,0,28,29,0,57,0,0,0,57
03/18/2005,HXD,SC,ASO,ES,Federal Contract Tower,0,20,57,0,77,0,0,16,0,16,0,20,73,0,93,0,0,0,93
03/19/2005,HXD,SC,ASO,ES,Federal Contract Tower,0,27,39,0,66,0,0,68,0,68,0,27,107,0,134,16,0,16,150
03/20/2005,HXD,SC,ASO,ES,Federal Contract Tower,0,35,56,2,93,0,0,31,4,35,0,35,87,6,128,4,0,4,132
03/21/2005,HXD,SC,ASO,ES,Federal Contract Tower,0,25,38,0,63,0,2,28,0,30,0,27,66,0,93,0,0,0,93
03/22/2005,HXD,SC,ASO,ES,Federal Contract Tower,0,17,20,0,37,0,0,13,0,13,0,17,33,0,50,0,0,0,50
03/23/2005,HXD,SC,ASO,ES,Federal Contract Tower,0,28,36,0,64,0,1,10,0,11,0,29,46,0,75,0,0,0,75
03/24/2005,HXD,SC,ASO,ES,Federal Contract Tower,0,36,74,0,110,0,0,73,0,73,0,36,147,0,183,10,0,10,193
03/25/2005,HXD,SC,ASO,ES,Federal Contract Tower,0,31,63,0,94,0,0,8,0,8,0,31,71,0,102,0,0,0,102
03/26/2005,HXD,SC,ASO,ES,Federal Contract Tower,0,27,53,0,80,0,0,11,0,11,0,27,64,0,91,0,0,0,91
03/27/2005,HXD,SC,ASO,ES,Federal Contract Tower,0,6,17,0,23,0,0,0,0,0,0,6,17,0,23,0,0,0,23
03/28/2005,HXD,SC,ASO,ES,Federal Contract Tower,0,26,69,0,95,0,1,2,0,3,0,27,71,0,98,0,0,0,98
03/29/2005,HXD,SC,ASO,ES,Federal Contract Tower,0,26,56,0,82,0,1,67,0,68,0,27,123,0,150,10,0,10,160
03/30/2005,HXD,SC,ASO,ES,Federal Contract Tower,0,26,48,0,74,0,1,51,0,52,0,27,99,0,126,28,0,28,154
03/31/2005,HXD,SC,ASO,ES,Federal Contract Tower,0,24,51,0,75,0,1,47,4,52,0,25,98,4,127,10,0,10,137
04/01/2005,HXD,SC,ASO,ES,Federal Contract Tower,0,22,54,0,76,0,0,32,0,32,0,22,86,0,108,0,0,0,108
04/02/2005,HXD,SC,ASO,ES,Federal Contract Tower,0,18,17,0,35,0,0,5,0,5,0,18,22,0,40,0,0,0,40
04/03/2005,HXD,SC,ASO,ES,Federal Contract Tower,0,28,45,0,73,0,0,32,0,32,0,28,77,0,105,0,0,0,105
04/04/2005,HXD,SC,ASO,ES,Federal Contract Tower,0,21,29,0,50,0,1,46,0,47,0,22,75,0,97,30,0,30,127
04/05/2005,HXD,SC,ASO,ES,Federal Contract Tower,0,25,46,0,71,0,1,49,0,50,0,26,95,0,121,14,2,16,137
04/06/2005,HXD,SC,ASO,ES,Federal Contract Tower,0,25,58,0,83,0,1,64,4,69,0,26,122,4,152,38,0,38,190
04/07/2005,HXD,SC,ASO,ES,Federal Contract Tower,0,23,42,0,65,0,1,16,0,17,0,24,58,0,82,0,0,0,82
04/08/2005,HXD,SC,ASO,ES,Federal Contract Tower,0,23,63,0,86,0,1,15,0,16,0,24,78,0,102,0,0,0,102
04/09/2005,HXD,SC,ASO,ES,Federal Contract Tower,0,29,77,0,106,0,0,22,0,22,0,29,99,0,128,4,0,4,132
04/10/2005,HXD,SC,ASO,ES,Federal Contract Tower,0,30,63,0,93,0,0,44,0,44,0,30,107,0,137,18,0,18,155
04/11/2005,HXD,SC,ASO,ES,Federal Contract Tower,0,42,43,0,85,0,2,44,0,46,0,44,87,0,131,32,0,32,163
04/12/2005,HXD,SC,ASO,ES,Federal Contract Tower,0,49,43,0,92,0,1,30,0,31,0,50,73,0,123,4,0,4,127
04/13/2005,HXD,SC,ASO,ES,Federal Contract Tower,0,36,82,0,118,0,1,22,0,23,0,37,104,0,141,4,0,4,145
04/14/2005,HXD,SC,ASO,ES,Federal Contract Tower,0,33,114,0,147,0,1,27,0,28,0,34,141,0,175,0,0,0,175
04/15/2005,HXD,SC,ASO,ES,Federal Contract Tower,0,51,85,0,136,0,0,78,0,78,0,51,163,0,214,0,0,0,214
04/16/2005,HXD,SC,ASO,ES,Federal Contract Tower,0,42,87,0,129,0,0,28,0,28,0,42,115,0,157,2,0,2,159
04/17/2005,HXD,SC,ASO,ES,Federal Contract Tower,0,62,107,0,169,0,0,73,2,75,0,62,180,2,244,0,0,0,244
04/18/2005,HXD,SC,ASO,ES,Federal Contract Tower,0,35,84,0,119,0,0,51,0,51,0,35,135,0,170,0,0,0,170
04/19/2005,HXD,SC,ASO,ES,Federal Contract Tower,0,30,58,0,88,0,1,32,0,33,0,31,90,0,121,2,0,2,123
04/20/2005,HXD,SC,ASO,ES,Federal Contract Tower,0,25,49,0,74,0,1,43,2,46,0,26,92,2,120,6,0,6,126
04/21/2005,HXD,SC,ASO,ES,Federal Contract Tower,0,31,45,0,76,0,2,45,2,49,0,33,90,2,125,22,0,22,147
04/22/2005,HXD,SC,ASO,ES,Federal Contract Tower,0,30,52,0,82,0,1,51,0,52,0,31,103,0,134,4,0,4,138
04/23/2005,HXD,SC,ASO,ES,Federal Contract Tower,0,27,68,0,95,0,0,24,0,24,0,27,92,0,119,0,0,0,119
04/24/2005,HXD,SC,ASO,ES,Federal Contract Tower,0,32,60,2,94,0,0,26,0,26,0,32,86,2,120,2,0,2,122
04/25/2005,HXD,SC,ASO,ES,Federal Contract Tower,0,39,57,0,96,0,0,42,0,42,0,39,99,0,138,0,0,0,138
04/26/2005,HXD,SC,ASO,ES,Federal Contract Tower,0,29,31,0,60,0,0,11,0,11,0,29,42,0,71,10,0,10,81
04/27/2005,HXD,SC,ASO,ES,Federal Contract Tower,0,31,49,0,80,0,0,14,2,16,0,31,63,2,96,0,4,4,100
04/28/2005,HXD,SC,ASO,ES,Federal Contract Tower,0,25,72,0,97,0,1,58,0,59,0,26,130,0,156,14,0,14,170
04/29/2005,HXD,SC,ASO,ES,Federal Contract Tower,0,32,46,0,78,0,0,33,0,33,0,32,79,0,111,10,0,10,121
04/30/2005,HXD,SC,ASO,ES,Federal Contract Tower,0,20,22,0,42,0,0,7,2,9,0,20,29,2,51,0,0,0,51
05/01/2005,HXD,SC,ASO,ES,Federal Contract Tower,0,31,83,0,114,0,0,22,0,22,0,31,105,0,136,2,0,2,138
05/02/2005,HXD,SC,ASO,ES,Federal Contract Tower,0,30,50,0,80,0,1,54,0,55,0,31,104,0,135,12,0,12,147
05/03/2005,HXD,SC,ASO,ES,Federal Contract Tower,0,27,26,0,53,0,1,24,0,25,0,28,50,0,78,0,0,0,78
05/04/2005,HXD,SC,ASO,ES,Federal Contract Tower,0,28,27,0,55,0,0,21,0,21,0,28,48,0,76,14,0,14,90
05/05/2005,HXD,SC,ASO,ES,Federal Contract Tower,0,24,25,0,49,0,1,0,0,1,0,25,25,0,50,0,0,0,50
05/06/2005,HXD,SC,ASO,ES,Federal Contract Tower,0,37,58,0,95,0,1,22,0,23,0,38,80,0,118,0,0,0,118
05/07/2005,HXD,SC,ASO,ES,Federal Contract Tower,0,23,56,0,79,0,0,70,0,70,0,23,126,0,149,2,0,2,151
05/08/2005,HXD,SC,ASO,ES,Federal Contract Tower,0,25,43,0,68,0,0,32,0,32,0,25,75,0,100,4,0,4,104
05/09/2005,HXD,SC,ASO,ES,Federal Contract Tower,0,22,58,0,80,0,1,45,0,46,0,23,103,0,126,10,0,10,136
05/10/2005,HXD,SC,ASO,ES,Federal Contract Tower,0,24,52,0,76,0,0,20,0,20,0,24,72,0,96,12,0,12,108
05/11/2005,HXD,SC,ASO,ES,Federal Contract Tower,0,29,41,0,70,0,0,17,0,17,0,29,58,0,87,0,0,0,87
05/12/2005,HXD,SC,ASO,ES,Federal Contract Tower,0,31,86,0,117,0,0,48,0,48,0,31,134,0,165,2,0,2,167
05/13/2005,HXD,SC,ASO,ES,Federal Contract Tower,0,30,60,0,90,0,0,48,6,54,0,30,108,6,144,18,0,18,162
05/14/2005,HXD,SC,ASO,ES,Federal Contract Tower,0,21,34,0,55,0,0,27,0,27,0,21,61,0,82,20,0,20,102
05/15/2005,HXD,SC,ASO,ES,Federal Contract Tower,0,22,56,0,78,0,0,27,2,29,0,22,83,2,107,4,4,8,115
05/16/2005,HXD,SC,ASO,ES,Federal Contract Tower,0,28,46,0,74,0,0,25,0,25,0,28,71,0,99,2,0,2,101
05/17/2005,HXD,SC,ASO,ES,Federal Contract Tower,0,25,30,0,55,0,1,10,10,21,0,26,40,10,76,2,0,2,78
05/18/2005,HXD,SC,ASO,ES,Federal Contract Tower,0,28,46,0,74,0,0,14,0,14,0,28,60,0,88,4,0,4,92
05/19/2005,HXD,SC,ASO,ES,Federal Contract Tower,0,34,46,0,80,0,0,27,0,27,0,34,73,0,107,8,0,8,115
05/20/2005,HXD,SC,ASO,ES,Federal Contract Tower,0,23,50,0,73,0,0,19,0,19,0,23,69,0,92,2,0,2,94
05/21/2005,HXD,SC,ASO,ES,Federal Contract Tower,0,21,39,0,60,0,0,9,1,10,0,21,48,1,70,0,0,0,70
05/22/2005,HXD,SC,ASO,ES,Federal Contract Tower,0,20,54,0,74,0,2,39,0,41,0,22,93,0,115,0,0,0,115
05/23/2005,HXD,SC,ASO,ES,Federal Contract Tower,0,19,51,0,70,0,0,18,2,20,0,19,69,2,90,2,0,2,92
05/24/2005,HXD,SC,ASO,ES,Federal Contract Tower,0,21,37,0,58,0,2,28,0,30,0,23,65,0,88,6,0,6,94
05/25/2005,HXD,SC,ASO,ES,Federal Contract Tower,0,30,40,0,70,0,0,26,0,26,0,30,66,0,96,0,0,0,96
05/26/2005,HXD,SC,ASO,ES,Federal Contract Tower,0,30,53,0,83,0,2,45,0,47,0,32,98,0,130,36,0,36,166
05/27/2005,HXD,SC,ASO,ES,Federal Contract Tower,0,39,72,0,111,0,1,56,0,57,0,40,128,0,168,10,0,10,178
05/28/2005,HXD,SC,ASO,ES,Federal Contract Tower,0,22,36,0,58,0,0,48,0,48,0,22,84,0,106,0,0,0,106
05/29/2005,HXD,SC,ASO,ES,Federal Contract Tower,0,23,52,0,75,0,0,33,0,33,0,23,85,0,108,2,0,2,110
05/30/2005,HXD,SC,ASO,ES,Federal Contract Tower,0,41,88,0,129,0,0,9,0,9,0,41,97,0,138,0,0,0,138
05/31/2005,HXD,SC,ASO,ES,Federal Contract Tower,0,25,41,0,66,0,0,0,0,0,0,25,41,0,66,0,0,0,66
06/01/2005,HXD,SC,ASO,ES,Federal Contract Tower,0,25,27,0,52,0,2,3,0,5,0,27,30,0,57,0,0,0,57
06/02/2005,HXD,SC,ASO,ES,Federal Contract Tower,0,25,45,0,70,0,1,12,0,13,0,26,57,0,83,0,0,0,83
06/03/2005,HXD,SC,ASO,ES,Federal Contract Tower,0,28,45,0,73,0,0,16,0,16,0,28,61,0,89,4,0,4,93
06/04/2005,HXD,SC,ASO,ES,Federal Contract Tower,0,29,61,0,90,0,0,18,0,18,0,29,79,0,108,8,0,8,116
06/05/2005,HXD,SC,ASO,ES,Federal Contract Tower,0,31,46,0,77,0,0,23,0,23,0,31,69,0,100,6,0,6,106
06/06/2005,HXD,SC,ASO,ES,Federal Contract Tower,0,21,50,0,71,0,3,24,0,27,0,24,74,0,98,20,0,20,118
06/07/2005,HXD,SC,ASO,ES,Federal Contract Tower,0,24,51,0,75,0,2,33,1,36,0,26,84,1,111,2,0,2,113
06/08/2005,HXD,SC,ASO,ES,Federal Contract Tower,0,20,49,0,69,0,0,16,0,16,0,20,65,0,85,4,0,4,89
06/09/2005,HXD,SC,ASO,ES,Federal Contract Tower,0,28,49,0,77,0,0,28,0,28,0,28,77,0,105,2,0,2,107
06/10/2005,HXD,SC,ASO,ES,Federal Contract Tower,0,26,53,0,79,0,0,10,0,10,0,26,63,0,89,0,0,0,89
06/11/2005,HXD,SC,ASO,ES,Federal Contract Tower,0,24,61,0,85,0,0,15,0,15,0,24,76,0,100,0,0,0,100
06/12/2005,HXD,SC,ASO,ES,Federal Contract Tower,0,30,60,0,90,0,0,19,1,20,0,30,79,1,110,0,0,0,110
06/13/2005,HXD,SC,ASO,ES,Federal Contract Tower,0,21,37,0,58,0,0,25,0,25,0,21,62,0,83,10,0,10,93
06/14/2005,HXD,SC,ASO,ES,Federal Contract Tower,0,25,26,0,51,0,0,22,0,22,0,25,48,0,73,2,0,2,75
06/15/2005,HXD,SC,ASO,ES,Federal Contract Tower,0,23,40,0,63,0,0,39,0,39,0,23,79,0,102,4,0,4,106
06/16/2005,HXD,SC,ASO,ES,Federal Contract Tower,0,25,49,0,74,0,0,29,2,31,0,25,78,2,105,2,0,2,107
06/17/2005,HXD,SC,ASO,ES,Federal Contract Tower,0,29,44,0,73,0,0,52,1,53,0,29,96,1,126,20,0,20,146
06/18/2005,HXD,SC,ASO,ES,Federal Contract Tower,0,30,74,0,104,0,0,23,0,23,0,30,97,0,127,6,0,6,133
06/19/2005,HXD,SC,ASO,ES,Federal Contract Tower,0,23,48,0,71,0,0,33,0,33,0,23,81,0,104,0,0,0,104
06/20/2005,HXD,SC,ASO,ES,Federal Contract Tower,0,23,45,0,68,0,0,33,2,35,0,23,78,2,103,4,0,4,107
06/21/2005,HXD,SC,ASO,ES,Federal Contract Tower,0,26,38,0,64,0,1,37,4,42,0,27,75,4,106,0,0,0,106
06/22/2005,HXD,SC,ASO,ES,Federal Contract Tower,0,28,59,0,87,0,1,35,2,38,0,29,94,2,125,6,0,6,131
06/23/2005,HXD,SC,ASO,ES,Federal Contract Tower,0,25,36,0,61,0,0,26,2,28,0,25,62,2,89,2,0,2,91
06/24/2005,HXD,SC,ASO,ES,Federal Contract Tower,0,29,49,0,78,0,1,25,0,26,0,30,74,0,104,0,0,0,104
06/25/2005,HXD,SC,ASO,ES,Federal Contract Tower,0,33,63,0,96,0,0,3,0,3,0,33,66,0,99,2,0,2,101
06/26/2005,HXD,SC,ASO,ES,Federal Contract Tower,0,32,66,0,98,0,0,27,0,27,0,32,93,0,125,0,0,0,125
06/27/2005,HXD,SC,ASO,ES,Federal Contract Tower,0,29,48,0,77,0,0,14,0,14,0,29,62,0,91,6,0,6,97
06/28/2005,HXD,SC,ASO,ES,Federal Contract Tower,0,21,20,2,43,0,1,3,0,4,0,22,23,2,47,2,0,2,49
06/29/2005,HXD,SC,ASO,ES,Federal Contract Tower,0,19,23,0,42,0,1,2,0,3,0,20,25,0,45,0,0,0,45
06/30/2005,HXD,SC,ASO,ES,Federal Contract Tower,0,27,44,0,71,0,1,29,0,30,0,28,73,0,101,8,0,8,109
07/01/2005,HXD,SC,ASO,ES,Federal Contract Tower,0,23,55,0,78,0,0,36,0,36,0,23,91,0,114,8,0,8,122
07/02/2005,HXD,SC,ASO,ES,Federal Contract Tower,0,30,70,0,100,0,0,45,2,47,0,30,115,2,147,14,4,18,165
07/03/2005,HXD,SC,ASO,ES,Federal Contract Tower,0,20,39,0,59,0,0,20,1,21,0,20,59,1,80,10,0,10,90
07/04/2005,HXD,SC,ASO,ES,Federal Contract Tower,0,27,35,0,62,0,0,24,0,24,0,27,59,0,86,22,0,22,108
07/05/2005,HXD,SC,ASO,ES,Federal Contract Tower,0,29,56,2,87,0,0,27,1,28,0,29,83,3,115,12,0,12,127
07/06/2005,HXD,SC,ASO,ES,Federal Contract Tower,0,24,45,0,69,0,3,39,0,42,0,27,84,0,111,10,0,10,121
07/07/2005,HXD,SC,ASO,ES,Federal Contract Tower,0,21,35,0,56,0,2,27,0,29,0,23,62,0,85,0,0,0,85
07/08/2005,HXD,SC,ASO,ES,Federal Contract Tower,0,33,47,0,80,0,0,47,0,47,0,33,94,0,127,2,0,2,129
07/09/2005,HXD,SC,ASO,ES,Federal Contract Tower,0,37,50,0,87,0,0,16,0,16,0,37,66,0,103,0,0,0,103
07/10/2005,HXD,SC,ASO,ES,Federal Contract Tower,0,28,64,0,92,0,0,6,0,6,0,28,70,0,98,0,0,0,98
07/11/2005,HXD,SC,ASO,ES,Federal Contract Tower,0,19,36,0,55,0,0,21,0,21,0,19,57,0,76,4,0,4,80
07/12/2005,HXD,SC,ASO,ES,Federal Contract Tower,0,30,30,0,60,0,1,25,0,26,0,31,55,0,86,6,0,6,92
07/13/2005,HXD,SC,ASO,ES,Federal Contract Tower,0,19,33,0,52,0,0,24,0,24,0,19,57,0,76,0,0,0,76
07/14/2005,HXD,SC,ASO,ES,Federal Contract Tower,0,21,32,0,53,0,0,15,0,15,0,21,47,0,68,0,0,0,68
07/15/2005,HXD,SC,ASO,ES,Federal Contract Tower,0,21,41,0,62,0,0,27,0,27,0,21,68,0,89,8,0,8,97
07/16/2005,HXD,SC,ASO,ES,Federal Contract Tower,0,33,53,0,86,0,0,34,0,34,0,33,87,0,120,26,0,26,146
07/17/2005,HXD,SC,ASO,ES,Federal Contract Tower,0,27,50,0,77,0,0,31,0,31,0,27,81,0,108,8,0,8,116
07/18/2005,HXD,SC,ASO,ES,Federal Contract Tower,0,25,39,0,64,0,0,43,0,43,0,25,82,0,107,38,0,38,145
07/19/2005,HXD,SC,ASO,ES,Federal Contract Tower,0,24,35,0,59,0,1,40,0,41,0,25,75,0,100,14,0,14,114
07/20/2005,HXD,SC,ASO,ES,Federal Contract Tower,0,20,45,0,65,0,1,26,0,27,0,21,71,0,92,0,0,0,92
07/21/2005,HXD,SC,ASO,ES,Federal Contract Tower,0,28,53,0,81,0,0,33,2,35,0,28,86,2,116,4,0,4,120
07/22/2005,HXD,SC,ASO,ES,Federal Contract Tower,0,24,51,0,75,0,0,30,0,30,0,24,81,0,105,0,0,0,105
07/23/2005,HXD,SC,ASO,ES,Federal Contract Tower,0,34,43,0,77,0,0,41,4,45,0,34,84,4,122,0,0,0,122
07/24/2005,HXD,SC,ASO,ES,Federal Contract Tower,0,35,43,0,78,0,0,47,0,47,0,35,90,0,125,4,0,4,129
07/25/2005,HXD,SC,ASO,ES,Federal Contract Tower,0,27,45,0,72,0,0,30,0,30,0,27,75,0,102,10,0,10,112
07/26/2005,HXD,SC,ASO,ES,Federal Contract Tower,0,31,41,0,72,0,2,40,0,42,0,33,81,0,114,0,0,0,114
07/27/2005,HXD,SC,ASO,ES,Federal Contract Tower,0,37,37,0,74,0,1,29,0,30,0,38,66,0,104,4,0,4,108
07/28/2005,HXD,SC,ASO,ES,Federal Contract Tower,0,30,40,0,70,0,0,22,0,22,0,30,62,0,92,0,0,0,92
07/29/2005,HXD,SC,ASO,ES,Federal Contract Tower,0,24,33,0,57,0,0,35,4,39,0,24,68,4,96,0,2,2,98
07/30/2005,HXD,SC,ASO,ES,Federal Contract Tower,0,28,38,2,68,0,0,26,0,26,0,28,64,2,94,2,0,2,96
07/31/2005,HXD,SC,ASO,ES,Federal Contract Tower,0,24,30,0,54,0,0,12,0,12,0,24,42,0,66,0,0,0,66
08/01/2005,HXD,SC,ASO,ES,Federal Contract Tower,0,25,39,0,64,0,1,17,0,18,0,26,56,0,82,0,0,0,82
08/02/2005,HXD,SC,ASO,ES,Federal Contract Tower,0,32,39,0,71,0,1,33,0,34,0,33,72,0,105,10,0,10,115
08/03/2005,HXD,SC,ASO,ES,Federal Contract Tower,0,26,47,0,73,0,1,39,2,42,0,27,86,2,115,10,2,12,127
08/04/2005,HXD,SC,ASO,ES,Federal Contract Tower,0,25,55,0,80,0,1,30,0,31,0,26,85,0,111,4,0,4,115
08/05/2005,HXD,SC,ASO,ES,Federal Contract Tower,0,25,77,0,102,0,1,15,0,16,0,26,92,0,118,0,0,0,118
08/06/2005,HXD,SC,ASO,ES,Federal Contract Tower,0,25,43,0,68,0,0,11,1,12,0,25,54,1,80,0,0,0,80
08/07/2005,HXD,SC,ASO,ES,Federal Contract Tower,0,26,47,0,73,0,0,14,0,14,0,26,61,0,87,0,0,0,87
08/08/2005,HXD,SC,ASO,ES,Federal Contract Tower,0,19,46,0,65,0,1,33,0,34,0,20,79,0,99,6,0,6,105
08/09/2005,HXD,SC,ASO,ES,Federal Contract Tower,0,31,46,0,77,0,1,19,0,20,0,32,65,0,97,2,0,2,99
08/10/2005,HXD,SC,ASO,ES,Federal Contract Tower,0,30,46,0,76,0,1,13,2,16,0,31,59,2,92,6,0,6,98
08/11/2005,HXD,SC,ASO,ES,Federal Contract Tower,0,27,35,0,62,0,0,18,0,18,0,27,53,0,80,8,0,8,88
08/12/2005,HXD,SC,ASO,ES,Federal Contract Tower,0,25,60,0,85,0,1,10,0,11,0,26,70,0,96,0,0,0,96
08/13/2005,HXD,SC,ASO,ES,Federal Contract Tower,0,36,32,0,68,0,0,35,0,35,0,36,67,0,103,8,0,8,111
08/14/2005,HXD,SC,ASO,ES,Federal Contract Tower,0,32,51,0,83,0,0,36,0,36,0,32,87,0,119,6,0,6,125
08/15/2005,HXD,SC,ASO,ES,Federal Contract Tower,0,25,38,0,63,0,1,19,0,20,0,26,57,0,83,12,0,12,95
08/16/2005,HXD,SC,ASO,ES,Federal Contract Tower,0,25,50,0,75,0,1,29,0,30,0,26,79,0,105,12,0,12,117
08/17/2005,HXD,SC,ASO,ES,Federal Contract Tower,0,21,33,0,54,0,1,42,0,43,0,22,75,0,97,6,0,6,103
08/18/2005,HXD,SC,ASO,ES,Federal Contract Tower,0,30,32,0,62,0,0,11,0,11,0,30,43,0,73,0,0,0,73
08/19/2005,HXD,SC,ASO,ES,Federal Contract Tower,0,23,49,0,72,0,1,26,0,27,0,24,75,0,99,6,0,6,105
08/20/2005,HXD,SC,ASO,ES,Federal Contract Tower,0,28,37,0,65,0,0,23,0,23,0,28,60,0,88,0,0,0,88
08/21/2005,HXD,SC,ASO,ES,Federal Contract Tower,0,19,40,0,59,0,0,16,0,16,0,19,56,0,75,4,0,4,79
08/22/2005,HXD,SC,ASO,ES,Federal Contract Tower,0,29,25,0,54,0,0,12,0,12,0,29,37,0,66,0,0,0,66
08/23/2005,HXD,SC,ASO,ES,Federal Contract Tower,0,22,28,0,50,0,1,19,2,22,0,23,47,2,72,0,0,0,72
08/24/2005,HXD,SC,ASO,ES,Federal Contract Tower,0,24,49,0,73,0,0,24,0,24,0,24,73,0,97,0,0,0,97
08/25/2005,HXD,SC,ASO,ES,Federal Contract Tower,0,25,45,0,70,0,1,5,4,10,0,26,50,4,80,0,0,0,80
08/26/2005,HXD,SC,ASO,ES,Federal Contract Tower,0,22,51,0,73,0,0,2,0,2,0,22,53,0,75,2,0,2,77
08/27/2005,HXD,SC,ASO,ES,Federal Contract Tower,0,17,41,0,58,0,0,15,0,15,0,17,56,0,73,0,0,0,73
08/28/2005,HXD,SC,ASO,ES,Federal Contract Tower,0,26,33,0,59,0,0,48,0,48,0,26,81,0,107,0,0,0,107
08/29/2005,HXD,SC,ASO,ES,Federal Contract Tower,0,21,33,0,54,0,1,18,0,19,0,22,51,0,73,0,0,0,73
08/30/2005,HXD,SC,ASO,ES,Federal Contract Tower,0,21,26,0,47,0,0,20,0,20,0,21,46,0,67,0,0,0,67
08/31/2005,HXD,SC,ASO,ES,Federal Contract Tower,0,28,29,0,57,0,0,19,0,19,0,28,48,0,76,8,0,8,84
09/01/2005,HXD,SC,ASO,ES,Federal Contract Tower,0,29,37,0,66,0,0,36,0,36,0,29,73,0,102,0,0,0,102
09/02/2005,HXD,SC,ASO,ES,Federal Contract Tower,0,27,73,0,100,0,1,37,0,38,0,28,110,0,138,4,0,4,142
09/03/2005,HXD,SC,ASO,ES,Federal Contract Tower,0,26,44,0,70,0,0,59,0,59,0,26,103,0,129,14,0,14,143
09/04/2005,HXD,SC,ASO,ES,Federal Contract Tower,0,19,20,0,39,0,0,39,0,39,0,19,59,0,78,4,0,4,82
09/05/2005,HXD,SC,ASO,ES,Federal Contract Tower,0,25,85,0,110,0,0,30,0,30,0,25,115,0,140,0,0,0,140
09/06/2005,HXD,SC,ASO,ES,Federal Contract Tower,0,29,30,0,59,0,0,23,0,23,0,29,53,0,82,0,0,0,82
09/07/2005,HXD,SC,ASO,ES,Federal Contract Tower,0,21,25,0,46,0,0,10,0,10,0,21,35,0,56,0,0,0,56
09/08/2005,HXD,SC,ASO,ES,Federal Contract Tower,0,0,0,0,0,0,0,0,0,0,0,0,0,0,0,0,2,2,2
09/09/2005,HXD,SC,ASO,ES,Federal Contract Tower,0,0,0,0,0,0,0,2,0,2,0,0,2,0,2,0,2,2,4
09/10/2005,HXD,SC,ASO,ES,Federal Contract Tower,0,0,0,0,0,0,0,4,0,4,0,0,4,0,4,0,0,0,4
09/11/2005,HXD,SC,ASO,ES,Federal Contract Tower,0,0,0,0,0,0,0,3,4,7,0,0,3,4,7,0,0,0,7
09/12/2005,HXD,SC,ASO,ES,Federal Contract Tower,0,0,0,0,0,0,0,4,0,4,0,0,4,0,4,0,4,4,8
09/13/2005,HXD,SC,ASO,ES,Federal Contract Tower,0,0,0,0,0,0,0,0,0,0,0,0,0,0,0,6,1,7,7
09/14/2005,HXD,SC,ASO,ES,Federal Contract Tower,0,0,0,0,0,0,0,0,0,0,0,0,0,0,0,6,0,6,6
09/15/2005,HXD,SC,ASO,ES,Federal Contract Tower,0,0,0,0,0,0,0,4,0,4,0,0,4,0,4,1,0,1,5
09/16/2005,HXD,SC,ASO,ES,Federal Contract Tower,0,0,0,0,0,0,0,2,0,2,0,0,2,0,2,1,2,3,5
09/17/2005,HXD,SC,ASO,ES,Federal Contract Tower,0,0,0,0,0,0,0,6,0,6,0,0,6,0,6,4,1,5,11
09/18/2005,HXD,SC,ASO,ES,Federal Contract Tower,0,0,2,0,2,0,0,3,0,3,0,0,5,0,5,0,0,0,5
09/19/2005,HXD,SC,ASO,ES,Federal Contract Tower,0,0,0,0,0,0,0,6,2,8,0,0,6,2,8,0,0,0,8
09/20/2005,HXD,SC,ASO,ES,Federal Contract Tower,0,0,0,0,0,0,0,8,3,11,0,0,8,3,11,0,2,2,13
09/21/2005,HXD,SC,ASO,ES,Federal Contract Tower,0,0,0,0,0,0,0,1,0,1,0,0,1,0,1,1,1,2,3
09/22/2005,HXD,SC,ASO,ES,Federal Contract Tower,0,0,0,0,0,0,0,2,0,2,0,0,2,0,2,2,3,5,7
09/23/2005,HXD,SC,ASO,ES,Federal Contract Tower,0,0,0,0,0,0,0,12,0,12,0,0,12,0,12,0,0,0,12
09/24/2005,HXD,SC,ASO,ES,Federal Contract Tower,0,0,0,0,0,0,0,6,0,6,0,0,6,0,6,0,5,5,11
09/25/2005,HXD,SC,ASO,ES,Federal Contract Tower,0,0,0,0,0,0,0,4,0,4,0,0,4,0,4,0,0,0,4
09/26/2005,HXD,SC,ASO,ES,Federal Contract Tower,0,6,19,4,29,0,0,27,4,31,0,6,46,8,60,8,2,10,70
09/27/2005,HXD,SC,ASO,ES,Federal Contract Tower,0,20,13,0,33,0,0,12,1,13,0,20,25,1,46,0,0,0,46
09/28/2005,HXD,SC,ASO,ES,Federal Contract Tower,0,28,35,0,63,0,0,30,8,38,0,28,65,8,101,0,0,0,101
09/29/2005,HXD,SC,ASO,ES,Federal Contract Tower,0,27,46,0,73,0,0,28,1,29,0,27,74,1,102,16,0,16,118
09/30/2005,HXD,SC,ASO,ES,Federal Contract Tower,0,22,46,2,70,0,0,15,1,16,0,22,61,3,86,0,0,0,86
10/01/2005,HXD,SC,ASO,ES,Federal Contract Tower,0,22,28,1,51,0,0,25,1,26,0,22,53,2,77,0,0,0,77
10/02/2005,HXD,SC,ASO,ES,Federal Contract Tower,0,24,42,0,66,0,0,20,0,20,0,24,62,0,86,0,0,0,86
10/03/2005,HXD,SC,ASO,ES,Federal Contract Tower,0,24,36,0,60,0,1,26,0,27,0,25,62,0,87,0,0,0,87
10/04/2005,HXD,SC,ASO,ES,Federal Contract Tower,0,28,30,0,58,0,0,6,0,6,0,28,36,0,64,0,0,0,64
10/05/2005,HXD,SC,ASO,ES,Federal Contract Tower,0,18,34,0,52,0,0,0,0,0,0,18,34,0,52,0,0,0,52
10/06/2005,HXD,SC,ASO,ES,Federal Contract Tower,0,27,25,0,52,0,0,10,2,12,0,27,35,2,64,2,0,2,66
10/07/2005,HXD,SC,ASO,ES,Federal Contract Tower,0,26,26,0,52,0,0,2,2,4,0,26,28,2,56,0,0,0,56
10/08/2005,HXD,SC,ASO,ES,Federal Contract Tower,0,21,37,0,58,0,0,22,0,22,0,21,59,0,80,6,0,6,86
10/09/2005,HXD,SC,ASO,ES,Federal Contract Tower,0,25,40,0,65,0,0,19,0,19,0,25,59,0,84,0,0,0,84
10/10/2005,HXD,SC,ASO,ES,Federal Contract Tower,0,25,41,0,66,0,0,0,0,0,0,25,41,0,66,0,0,0,66
10/11/2005,HXD,SC,ASO,ES,Federal Contract Tower,0,29,71,0,100,0,0,2,0,2,0,29,73,0,102,0,0,0,102
10/12/2005,HXD,SC,ASO,ES,Federal Contract Tower,0,30,70,0,100,0,0,4,0,4,0,30,74,0,104,0,0,0,104
10/13/2005,HXD,SC,ASO,ES,Federal Contract Tower,0,23,62,0,85,0,0,33,0,33,0,23,95,0,118,10,0,10,128
10/14/2005,HXD,SC,ASO,ES,Federal Contract Tower,0,34,93,2,129,0,0,51,5,56,0,34,144,7,185,8,2,10,195
10/15/2005,HXD,SC,ASO,ES,Federal Contract Tower,0,25,46,0,71,0,0,51,0,51,0,25,97,0,122,6,0,6,128
10/16/2005,HXD,SC,ASO,ES,Federal Contract Tower,0,26,89,0,115,0,0,61,0,61,0,26,150,0,176,6,0,6,182
10/17/2005,HXD,SC,ASO,ES,Federal Contract Tower,0,29,35,0,64,0,0,40,3,43,0,29,75,3,107,18,0,18,125
10/18/2005,HXD,SC,ASO,ES,Federal Contract Tower,0,28,51,0,79,0,0,41,0,41,0,28,92,0,120,0,0,0,120
10/19/2005,HXD,SC,ASO,ES,Federal Contract Tower,0,40,70,0,110,0,0,74,0,74,0,40,144,0,184,12,0,12,196
10/20/2005,HXD,SC,ASO,ES,Federal Contract Tower,0,35,49,0,84,0,0,33,0,33,0,35,82,0,117,6,0,6,123
10/21/2005,HXD,SC,ASO,ES,Federal Contract Tower,0,28,47,0,75,0,0,26,0,26,0,28,73,0,101,2,0,2,103
10/22/2005,HXD,SC,ASO,ES,Federal Contract Tower,0,25,26,4,55,0,0,22,0,22,0,25,48,4,77,0,0,0,77
10/23/2005,HXD,SC,ASO,ES,Federal Contract Tower,0,36,56,0,92,0,0,38,0,38,0,36,94,0,130,4,0,4,134
10/24/2005,HXD,SC,ASO,ES,Federal Contract Tower,0,22,27,0,49,0,0,3,0,3,0,22,30,0,52,0,0,0,52
10/25/2005,HXD,SC,ASO,ES,Federal Contract Tower,0,34,45,0,79,0,0,21,0,21,0,34,66,0,100,0,0,0,100
10/26/2005,HXD,SC,ASO,ES,Federal Contract Tower,0,36,40,0,76,0,0,33,0,33,0,36,73,0,109,6,0,6,115
10/27/2005,HXD,SC,ASO,ES,Federal Contract Tower,0,28,51,0,79,0,0,27,0,27,0,28,78,0,106,6,0,6,112
10/28/2005,HXD,SC,ASO,ES,Federal Contract Tower,0,29,34,0,63,0,0,45,0,45,0,29,79,0,108,6,0,6,114
10/29/2005,HXD,SC,ASO,ES,Federal Contract Tower,0,22,36,0,58,0,0,26,0,26,0,22,62,0,84,0,0,0,84
10/30/2005,HXD,SC,ASO,ES,Federal Contract Tower,0,24,37,0,61,0,1,66,0,67,0,25,103,0,128,10,0,10,138
10/31/2005,HXD,SC,ASO,ES,Federal Contract Tower,0,24,38,0,62,0,0,52,0,52,0,24,90,0,114,8,0,8,122
11/01/2005,HXD,SC,ASO,ES,Federal Contract Tower,0,23,36,0,59,0,0,26,0,26,0,23,62,0,85,0,0,0,85
11/02/2005,HXD,SC,ASO,ES,Federal Contract Tower,0,26,45,0,71,0,1,34,0,35,0,27,79,0,106,0,0,0,106
11/03/2005,HXD,SC,ASO,ES,Federal Contract Tower,0,33,51,0,84,0,0,28,0,28,0,33,79,0,112,6,0,6,118
11/04/2005,HXD,SC,ASO,ES,Federal Contract Tower,0,25,76,0,101,0,0,63,0,63,0,25,139,0,164,8,0,8,172
11/05/2005,HXD,SC,ASO,ES,Federal Contract Tower,0,24,39,0,63,0,0,62,0,62,0,24,101,0,125,4,0,4,129
11/06/2005,HXD,SC,ASO,ES,Federal Contract Tower,0,27,49,0,76,0,0,51,0,51,0,27,100,0,127,10,0,10,137
11/07/2005,HXD,SC,ASO,ES,Federal Contract Tower,0,30,33,0,63,0,0,33,0,33,0,30,66,0,96,8,0,8,104
11/08/2005,HXD,SC,ASO,ES,Federal Contract Tower,0,34,26,0,60,0,0,34,0,34,0,34,60,0,94,8,0,8,102
11/09/2005,HXD,SC,ASO,ES,Federal Contract Tower,0,28,27,0,55,0,0,21,0,21,0,28,48,0,76,4,0,4,80
11/10/2005,HXD,SC,ASO,ES,Federal Contract Tower,0,25,52,0,77,0,0,42,0,42,0,25,94,0,119,12,0,12,131
11/11/2005,HXD,SC,ASO,ES,Federal Contract Tower,0,20,55,0,75,0,0,52,8,60,0,20,107,8,135,0,0,0,135
11/12/2005,HXD,SC,ASO,ES,Federal Contract Tower,0,24,44,0,68,0,0,42,0,42,0,24,86,0,110,14,0,14,124
11/13/2005,HXD,SC,ASO,ES,Federal Contract Tower,0,26,66,0,92,0,0,66,0,66,0,26,132,0,158,18,0,18,176
11/14/2005,HXD,SC,ASO,ES,Federal Contract Tower,0,27,42,0,69,0,0,26,0,26,0,27,68,0,95,18,0,18,113
11/15/2005,HXD,SC,ASO,ES,Federal Contract Tower,0,21,26,0,47,0,4,31,0,35,0,25,57,0,82,0,0,0,82
11/16/2005,HXD,SC,ASO,ES,Federal Contract Tower,0,24,36,0,60,0,0,31,0,31,0,24,67,0,91,6,2,8,99
11/17/2005,HXD,SC,ASO,ES,Federal Contract Tower,0,19,37,0,56,0,0,21,2,23,0,19,58,2,79,0,0,0,79
11/18/2005,HXD,SC,ASO,ES,Federal Contract Tower,0,27,49,0,76,0,0,36,0,36,0,27,85,0,112,0,0,0,112
11/19/2005,HXD,SC,ASO,ES,Federal Contract Tower,0,21,26,0,47,0,0,26,0,26,0,21,52,0,73,0,0,0,73
11/20/2005,HXD,SC,ASO,ES,Federal Contract Tower,0,23,46,0,69,0,0,0,0,0,0,23,46,0,69,0,0,0,69
11/21/2005,HXD,SC,ASO,ES,Federal Contract Tower,0,17,16,1,34,0,0,0,0,0,0,17,16,1,34,0,0,0,34
11/22/2005,HXD,SC,ASO,ES,Federal Contract Tower,0,24,42,0,66,0,0,0,0,0,0,24,42,0,66,0,0,0,66
11/23/2005,HXD,SC,ASO,ES,Federal Contract Tower,0,27,67,0,94,0,0,43,0,43,0,27,110,0,137,0,0,0,137
11/24/2005,HXD,SC,ASO,ES,Federal Contract Tower,0,12,7,0,19,0,0,16,2,18,0,12,23,2,37,0,0,0,37
11/25/2005,HXD,SC,ASO,ES,Federal Contract Tower,0,23,28,0,51,0,0,29,0,29,0,23,57,0,80,2,0,2,82
11/26/2005,HXD,SC,ASO,ES,Federal Contract Tower,0,27,61,0,88,0,0,42,0,42,0,27,103,0,130,0,0,0,130
11/27/2005,HXD,SC,ASO,ES,Federal Contract Tower,0,24,82,0,106,0,0,13,0,13,0,24,95,0,119,0,0,0,119
11/28/2005,HXD,SC,ASO,ES,Federal Contract Tower,0,27,42,0,69,0,0,10,0,10,0,27,52,0,79,2,0,2,81
11/29/2005,HXD,SC,ASO,ES,Federal Contract Tower,0,17,14,0,31,0,0,6,0,6,0,17,20,0,37,0,0,0,37
11/30/2005,HXD,SC,ASO,ES,Federal Contract Tower,0,19,39,0,58,0,0,42,2,44,0,19,81,2,102,0,0,0,102
12/01/2005,HXD,SC,ASO,ES,Federal Contract Tower,0,19,60,0,79,0,0,0,0,0,0,19,60,0,79,10,0,10,89
12/02/2005,HXD,SC,ASO,ES,Federal Contract Tower,0,23,35,3,61,0,0,28,1,29,0,23,63,4,90,2,0,2,92
12/03/2005,HXD,SC,ASO,ES,Federal Contract Tower,0,26,33,0,59,0,0,41,1,42,0,26,74,1,101,10,0,10,111
12/04/2005,HXD,SC,ASO,ES,Federal Contract Tower,0,18,36,0,54,0,0,12,0,12,0,18,48,0,66,0,0,0,66
12/05/2005,HXD,SC,ASO,ES,Federal Contract Tower,0,16,16,0,32,0,0,8,0,8,0,16,24,0,40,0,0,0,40
12/06/2005,HXD,SC,ASO,ES,Federal Contract Tower,0,21,29,0,50,0,2,21,0,23,0,23,50,0,73,0,0,0,73
12/07/2005,HXD,SC,ASO,ES,Federal Contract Tower,0,16,26,0,42,0,0,24,0,24,0,16,50,0,66,0,0,0,66
12/08/2005,HXD,SC,ASO,ES,Federal Contract Tower,0,17,13,0,30,0,0,0,0,0,0,17,13,0,30,0,0,0,30
12/09/2005,HXD,SC,ASO,ES,Federal Contract Tower,0,19,15,0,34,0,0,29,0,29,0,19,44,0,63,6,0,6,69
12/10/2005,HXD,SC,ASO,ES,Federal Contract Tower,0,16,21,0,37,0,0,30,0,30,0,16,51,0,67,2,0,2,69
12/11/2005,HXD,SC,ASO,ES,Federal Contract Tower,0,17,20,0,37,0,0,21,0,21,0,17,41,0,58,8,0,8,66
12/12/2005,HXD,SC,ASO,ES,Federal Contract Tower,0,30,27,0,57,0,0,41,0,41,0,30,68,0,98,2,0,2,100
12/13/2005,HXD,SC,ASO,ES,Federal Contract Tower,0,23,29,0,52,0,0,34,0,34,0,23,63,0,86,4,0,4,90
12/14/2005,HXD,SC,ASO,ES,Federal Contract Tower,0,16,31,0,47,0,1,14,0,15,0,17,45,0,62,0,0,0,62
12/15/2005,HXD,SC,ASO,ES,Federal Contract Tower,0,19,15,0,34,0,0,0,0,0,0,19,15,0,34,0,0,0,34
12/16/2005,HXD,SC,ASO,ES,Federal Contract Tower,0,17,21,0,38,0,0,0,0,0,0,17,21,0,38,4,0,4,42
12/17/2005,HXD,SC,ASO,ES,Federal Contract Tower,0,18,33,0,51,0,0,9,0,9,0,18,42,0,60,4,0,4,64
12/18/2005,HXD,SC,ASO,ES,Federal Contract Tower,0,15,29,2,46,0,0,0,0,0,0,15,29,2,46,0,0,0,46
12/19/2005,HXD,SC,ASO,ES,Federal Contract Tower,0,22,23,0,45,0,0,23,0,23,0,22,46,0,68,0,0,0,68
12/20/2005,HXD,SC,ASO,ES,Federal Contract Tower,0,20,0,0,20,0,0,43,2,45,0,20,43,2,65,0,0,0,65
12/21/2005,HXD,SC,ASO,ES,Federal Contract Tower,0,23,25,0,48,0,0,24,0,24,0,23,49,0,72,0,0,0,72
12/22/2005,HXD,SC,ASO,ES,Federal Contract Tower,0,32,35,0,67,0,0,0,0,0,0,32,35,0,67,0,0,0,67
12/23/2005,HXD,SC,ASO,ES,Federal Contract Tower,0,18,24,0,42,0,0,36,0,36,0,18,60,0,78,24,0,24,102
12/24/2005,HXD,SC,ASO,ES,Federal Contract Tower,0,13,24,0,37,0,1,36,0,37,0,14,60,0,74,8,0,8,82
12/25/2005,HXD,SC,ASO,ES,Federal Contract Tower,0,16,10,0,26,0,0,5,0,5,0,16,15,0,31,0,0,0,31
12/26/2005,HXD,SC,ASO,ES,Federal Contract Tower,0,22,57,0,79,0,0,24,0,24,0,22,81,0,103,0,0,0,103
12/27/2005,HXD,SC,ASO,ES,Federal Contract Tower,0,35,56,0,91,0,0,38,0,38,0,35,94,0,129,0,0,0,129
12/28/2005,HXD,SC,ASO,ES,Federal Contract Tower,0,21,46,0,67,0,0,16,0,16,0,21,62,0,83,4,0,4,87
12/29/2005,HXD,SC,ASO,ES,Federal Contract Tower,0,19,39,0,58,0,1,34,0,35,0,20,73,0,93,16,0,16,109
12/30/2005,HXD,SC,ASO,ES,Federal Contract Tower,0,25,38,0,63,0,0,41,0,41,0,25,79,0,104,0,0,0,104
12/31/2005,HXD,SC,ASO,ES,Federal Contract Tower,0,12,34,0,46,0,0,25,0,25,0,12,59,0,71,0,0,0,71
01/01/2006,HXD,SC,ASO,ES,Federal Contract Tower,0,21,38,0,59,0,0,23,0,23,0,21,61,0,82,0,0,0,82
01/02/2006,HXD,SC,ASO,ES,Federal Contract Tower,0,20,38,0,58,0,0,7,0,7,0,20,45,0,65,0,0,0,65
01/03/2006,HXD,SC,ASO,ES,Federal Contract Tower,0,28,43,0,71,0,0,0,0,0,0,28,43,0,71,14,0,14,85
01/04/2006,HXD,SC,ASO,ES,Federal Contract Tower,0,10,29,0,39,0,2,38,0,40,0,12,67,0,79,12,0,12,91
01/05/2006,HXD,SC,ASO,ES,Federal Contract Tower,0,16,11,0,27,0,0,25,2,27,0,16,36,2,54,0,0,0,54
01/06/2006,HXD,SC,ASO,ES,Federal Contract Tower,0,26,25,0,51,0,0,26,0,26,0,26,51,0,77,0,0,0,77
01/07/2006,HXD,SC,ASO,ES,Federal Contract Tower,0,16,20,0,36,0,0,38,2,40,0,16,58,2,76,14,0,14,90
01/08/2006,HXD,SC,ASO,ES,Federal Contract Tower,0,18,25,0,43,0,0,44,0,44,0,18,69,0,87,16,0,16,103
01/09/2006,HXD,SC,ASO,ES,Federal Contract Tower,0,20,29,0,49,0,0,43,2,45,0,20,72,2,94,6,0,6,100
01/10/2006,HXD,SC,ASO,ES,Federal Contract Tower,0,25,44,0,69,0,0,35,0,35,0,25,79,0,104,22,0,22,126
01/11/2006,HXD,SC,ASO,ES,Federal Contract Tower,0,17,32,6,55,0,0,27,0,27,0,17,59,6,82,16,12,28,110
01/12/2006,HXD,SC,ASO,ES,Federal Contract Tower,0,23,35,0,58,0,0,28,0,28,0,23,63,0,86,50,0,50,136
01/13/2006,HXD,SC,ASO,ES,Federal Contract Tower,0,20,34,0,54,0,0,12,0,12,0,20,46,0,66,0,0,0,66
01/14/2006,HXD,SC,ASO,ES,Federal Contract Tower,0,12,11,0,23,0,0,7,1,8,0,12,18,1,31,0,0,0,31
01/15/2006,HXD,SC,ASO,ES,Federal Contract Tower,0,12,39,0,51,0,0,71,1,72,0,12,110,1,123,58,0,58,181
01/16/2006,HXD,SC,ASO,ES,Federal Contract Tower,0,20,34,0,54,0,0,43,0,43,0,20,77,0,97,14,0,14,111
01/17/2006,HXD,SC,ASO,ES,Federal Contract Tower,0,25,40,0,65,0,0,29,0,29,0,25,69,0,94,6,0,6,100
01/18/2006,HXD,SC,ASO,ES,Federal Contract Tower,0,24,33,0,57,0,0,19,0,19,0,24,52,0,76,0,0,0,76
01/19/2006,HXD,SC,ASO,ES,Federal Contract Tower,0,31,35,0,66,0,0,30,4,34,0,31,65,4,100,2,0,2,102
01/20/2006,HXD,SC,ASO,ES,Federal Contract Tower,0,19,49,0,68,0,0,46,0,46,0,19,95,0,114,10,0,10,124
01/21/2006,HXD,SC,ASO,ES,Federal Contract Tower,0,14,20,0,34,0,0,19,4,23,0,14,39,4,57,8,0,8,65
01/22/2006,HXD,SC,ASO,ES,Federal Contract Tower,0,9,20,0,29,0,0,0,0,0,0,9,20,0,29,0,0,0,29
01/23/2006,HXD,SC,ASO,ES,Federal Contract Tower,0,11,8,0,19,0,0,1,0,1,0,11,9,0,20,0,0,0,20
01/24/2006,HXD,SC,ASO,ES,Federal Contract Tower,0,26,36,0,62,0,2,28,0,30,0,28,64,0,92,30,0,30,122
01/25/2006,HXD,SC,ASO,ES,Federal Contract Tower,0,16,20,0,36,0,0,32,0,32,0,16,52,0,68,12,0,12,80
01/26/2006,HXD,SC,ASO,ES,Federal Contract Tower,0,18,41,0,59,0,2,32,0,34,0,20,73,0,93,6,0,6,99
01/27/2006,HXD,SC,ASO,ES,Federal Contract Tower,0,19,28,0,47,0,0,38,0,38,0,19,66,0,85,0,0,0,85
01/28/2006,HXD,SC,ASO,ES,Federal Contract Tower,0,12,27,0,39,0,0,62,0,62,0,12,89,0,101,14,0,14,115
01/29/2006,HXD,SC,ASO,ES,Federal Contract Tower,0,11,26,0,37,0,0,6,0,6,0,11,32,0,43,0,0,0,43
01/30/2006,HXD,SC,ASO,ES,Federal Contract Tower,0,21,26,0,47,0,1,7,2,10,0,22,33,2,57,0,0,0,57
01/31/2006,HXD,SC,ASO,ES,Federal Contract Tower,0,17,30,0,47,0,5,4,0,9,0,22,34,0,56,0,0,0,56
02/01/2006,HXD,SC,ASO,ES,Federal Contract Tower,0,21,26,2,49,0,0,40,1,41,0,21,66,3,90,10,0,10,100
02/02/2006,HXD,SC,ASO,ES,Federal Contract Tower,0,21,27,0,48,0,0,6,0,6,0,21,33,0,54,0,0,0,54
02/03/2006,HXD,SC,ASO,ES,Federal Contract Tower,0,19,44,0,63,0,0,0,0,0,0,19,44,0,63,0,0,0,63
02/04/2006,HXD,SC,ASO,ES,Federal Contract Tower,0,15,19,0,34,0,0,0,0,0,0,15,19,0,34,0,0,0,34
02/05/2006,HXD,SC,ASO,ES,Federal Contract Tower,0,14,19,0,33,0,0,18,0,18,0,14,37,0,51,6,0,6,57
02/06/2006,HXD,SC,ASO,ES,Federal Contract Tower,0,24,29,0,53,0,0,32,0,32,0,24,61,0,85,10,0,10,95
02/07/2006,HXD,SC,ASO,ES,Federal Contract Tower,0,21,34,0,55,0,0,3,0,3,0,21,37,0,58,4,0,4,62
02/08/2006,HXD,SC,ASO,ES,Federal Contract Tower,0,19,34,0,53,0,0,29,0,29,0,19,63,0,82,8,0,8,90
02/09/2006,HXD,SC,ASO,ES,Federal Contract Tower,0,19,35,0,54,0,1,16,1,18,0,20,51,1,72,2,0,2,74
02/10/2006,HXD,SC,ASO,ES,Federal Contract Tower,0,24,30,0,54,0,0,42,1,43,0,24,72,1,97,16,0,16,113
02/11/2006,HXD,SC,ASO,ES,Federal Contract Tower,0,13,13,0,26,0,0,8,0,8,0,13,21,0,34,0,0,0,34
02/12/2006,HXD,SC,ASO,ES,Federal Contract Tower,0,13,24,0,37,0,0,27,0,27,0,13,51,0,64,4,0,4,68
02/13/2006,HXD,SC,ASO,ES,Federal Contract Tower,0,24,50,0,74,0,0,41,0,41,0,24,91,0,115,24,2,26,141
02/14/2006,HXD,SC,ASO,ES,Federal Contract Tower,0,23,31,0,54,0,0,33,0,33,0,23,64,0,87,2,0,2,89
02/15/2006,HXD,SC,ASO,ES,Federal Contract Tower,0,17,32,0,49,0,0,29,2,31,0,17,61,2,80,20,0,20,100
02/16/2006,HXD,SC,ASO,ES,Federal Contract Tower,0,27,39,0,66,0,0,33,0,33,0,27,72,0,99,4,0,4,103
02/17/2006,HXD,SC,ASO,ES,Federal Contract Tower,0,27,61,0,88,0,2,39,0,41,0,29,100,0,129,2,0,2,131
02/18/2006,HXD,SC,ASO,ES,Federal Contract Tower,0,14,17,0,31,0,0,26,2,28,0,14,43,2,59,0,0,0,59
02/19/2006,HXD,SC,ASO,ES,Federal Contract Tower,0,19,36,0,55,0,0,22,0,22,0,19,58,0,77,0,0,0,77
02/20/2006,HXD,SC,ASO,ES,Federal Contract Tower,0,22,39,0,61,0,0,3,0,3,0,22,42,0,64,0,0,0,64
02/21/2006,HXD,SC,ASO,ES,Federal Contract Tower,0,22,32,0,54,0,1,6,0,7,0,23,38,0,61,0,0,0,61
02/22/2006,HXD,SC,ASO,ES,Federal Contract Tower,0,22,27,0,49,0,0,15,0,15,0,22,42,0,64,0,0,0,64
02/23/2006,HXD,SC,ASO,ES,Federal Contract Tower,0,20,44,0,64,0,1,8,0,9,0,21,52,0,73,0,0,0,73
02/24/2006,HXD,SC,ASO,ES,Federal Contract Tower,0,21,34,0,55,0,1,73,0,74,0,22,107,0,129,16,0,16,145
02/25/2006,HXD,SC,ASO,ES,Federal Contract Tower,0,12,15,0,27,0,0,12,0,12,0,12,27,0,39,0,0,0,39
02/26/2006,HXD,SC,ASO,ES,Federal Contract Tower,0,19,27,0,46,0,0,32,0,32,0,19,59,0,78,0,0,0,78
02/27/2006,HXD,SC,ASO,ES,Federal Contract Tower,0,31,37,0,68,0,0,45,0,45,0,31,82,0,113,4,0,4,117
02/28/2006,HXD,SC,ASO,ES,Federal Contract Tower,0,24,47,0,71,0,0,44,0,44,0,24,91,0,115,4,0,4,119
03/01/2006,HXD,SC,ASO,ES,Federal Contract Tower,0,21,41,0,62,0,0,48,0,48,0,21,89,0,110,2,0,2,112
03/02/2006,HXD,SC,ASO,ES,Federal Contract Tower,0,27,47,0,74,0,0,9,0,9,0,27,56,0,83,0,0,0,83
03/03/2006,HXD,SC,ASO,ES,Federal Contract Tower,0,37,55,0,92,0,0,20,0,20,0,37,75,0,112,0,0,0,112
03/04/2006,HXD,SC,ASO,ES,Federal Contract Tower,0,16,38,0,54,0,0,42,0,42,0,16,80,0,96,10,0,10,106
03/05/2006,HXD,SC,ASO,ES,Federal Contract Tower,0,29,57,0,86,0,0,64,4,68,0,29,121,4,154,16,6,22,176
03/06/2006,HXD,SC,ASO,ES,Federal Contract Tower,0,20,34,0,54,0,0,30,0,30,0,20,64,0,84,0,0,0,84
03/07/2006,HXD,SC,ASO,ES,Federal Contract Tower,0,38,31,0,69,0,0,36,0,36,0,38,67,0,105,10,0,10,115
03/08/2006,HXD,SC,ASO,ES,Federal Contract Tower,0,24,40,4,68,0,0,51,2,53,0,24,91,6,121,0,0,0,121
03/09/2006,HXD,SC,ASO,ES,Federal Contract Tower,0,29,51,0,80,0,0,25,0,25,0,29,76,0,105,0,0,0,105
03/10/2006,HXD,SC,ASO,ES,Federal Contract Tower,0,27,66,0,93,0,0,21,4,25,0,27,87,4,118,0,0,0,118
03/11/2006,HXD,SC,ASO,ES,Federal Contract Tower,0,18,36,0,54,0,0,46,3,49,0,18,82,3,103,14,0,14,117
03/12/2006,HXD,SC,ASO,ES,Federal Contract Tower,0,29,65,0,94,0,0,36,4,40,0,29,101,4,134,2,0,2,136
03/13/2006,HXD,SC,ASO,ES,Federal Contract Tower,0,35,35,0,70,0,1,35,0,36,0,36,70,0,106,0,0,0,106
03/14/2006,HXD,SC,ASO,ES,Federal Contract Tower,0,28,38,1,67,0,0,7,1,8,0,28,45,2,75,0,0,0,75
03/15/2006,HXD,SC,ASO,ES,Federal Contract Tower,0,26,44,0,70,0,0,34,0,34,0,26,78,0,104,4,0,4,108
03/16/2006,HXD,SC,ASO,ES,Federal Contract Tower,0,28,61,0,89,0,0,29,1,30,0,28,90,1,119,0,0,0,119
03/17/2006,HXD,SC,ASO,ES,Federal Contract Tower,0,30,66,0,96,0,0,17,0,17,0,30,83,0,113,4,0,4,117
03/18/2006,HXD,SC,ASO,ES,Federal Contract Tower,0,23,30,0,53,0,0,57,0,57,0,23,87,0,110,2,0,2,112
03/19/2006,HXD,SC,ASO,ES,Federal Contract Tower,0,27,64,0,91,0,0,40,0,40,0,27,104,0,131,10,0,10,141
03/20/2006,HXD,SC,ASO,ES,Federal Contract Tower,0,29,45,0,74,0,0,11,0,11,0,29,56,0,85,0,0,0,85
03/21/2006,HXD,SC,ASO,ES,Federal Contract Tower,0,26,22,0,48,0,0,12,0,12,0,26,34,0,60,0,0,0,60
03/22/2006,HXD,SC,ASO,ES,Federal Contract Tower,0,33,44,0,77,0,0,46,1,47,0,33,90,1,124,0,0,0,124
03/23/2006,HXD,SC,ASO,ES,Federal Contract Tower,0,19,55,0,74,0,0,17,1,18,0,19,72,1,92,0,0,0,92
03/24/2006,HXD,SC,ASO,ES,Federal Contract Tower,0,27,59,0,86,0,0,19,1,20,0,27,78,1,106,0,0,0,106
03/25/2006,HXD,SC,ASO,ES,Federal Contract Tower,0,30,42,0,72,0,0,56,0,56,0,30,98,0,128,0,0,0,128
03/26/2006,HXD,SC,ASO,ES,Federal Contract Tower,0,33,62,2,97,0,0,59,1,60,0,33,121,3,157,4,0,4,161
03/27/2006,HXD,SC,ASO,ES,Federal Contract Tower,0,31,42,0,73,0,0,37,0,37,0,31,79,0,110,0,0,0,110
03/28/2006,HXD,SC,ASO,ES,Federal Contract Tower,0,31,34,0,65,0,0,27,0,27,0,31,61,0,92,2,0,2,94
03/29/2006,HXD,SC,ASO,ES,Federal Contract Tower,0,31,50,0,81,0,0,50,0,50,0,31,100,0,131,18,0,18,149
03/30/2006,HXD,SC,ASO,ES,Federal Contract Tower,0,30,47,0,77,0,0,29,0,29,0,30,76,0,106,4,0,4,110
03/31/2006,HXD,SC,ASO,ES,Federal Contract Tower,0,29,61,0,90,0,0,42,2,44,0,29,103,2,134,0,0,0,134
04/01/2006,HXD,SC,ASO,ES,Federal Contract Tower,0,25,34,0,59,0,0,49,0,49,0,25,83,0,108,2,0,2,110
04/02/2006,HXD,SC,ASO,ES,Federal Contract Tower,0,23,66,0,89,0,0,58,1,59,0,23,124,1,148,0,0,0,148
04/03/2006,HXD,SC,ASO,ES,Federal Contract Tower,0,26,39,0,65,0,0,43,2,45,0,26,82,2,110,0,0,0,110
04/04/2006,HXD,SC,ASO,ES,Federal Contract Tower,0,29,41,0,70,0,0,50,0,50,0,29,91,0,120,10,0,10,130
04/05/2006,HXD,SC,ASO,ES,Federal Contract Tower,0,29,57,0,86,0,0,62,0,62,0,29,119,0,148,12,0,12,160
04/06/2006,HXD,SC,ASO,ES,Federal Contract Tower,0,35,57,0,92,0,0,59,1,60,0,35,116,1,152,6,0,6,158
04/07/2006,HXD,SC,ASO,ES,Federal Contract Tower,0,37,45,0,82,0,0,45,0,45,0,37,90,0,127,19,0,19,146
04/08/2006,HXD,SC,ASO,ES,Federal Contract Tower,0,24,21,0,45,0,0,16,0,16,0,24,37,0,61,0,0,0,61
04/09/2006,HXD,SC,ASO,ES,Federal Contract Tower,0,26,63,0,89,0,0,50,0,50,0,26,113,0,139,6,8,14,153
04/10/2006,HXD,SC,ASO,ES,Federal Contract Tower,0,40,49,0,89,0,0,50,0,50,0,40,99,0,139,0,0,0,139
04/11/2006,HXD,SC,ASO,ES,Federal Contract Tower,0,58,65,0,123,0,0,40,65,105,0,58,105,65,228,0,0,0,228
04/12/2006,HXD,SC,ASO,ES,Federal Contract Tower,0,36,73,0,109,0,0,52,2,54,0,36,125,2,163,4,0,4,167
04/13/2006,HXD,SC,ASO,ES,Federal Contract Tower,0,69,120,0,189,0,4,69,1,74,0,73,189,1,263,4,0,4,267
04/14/2006,HXD,SC,ASO,ES,Federal Contract Tower,0,51,98,0,149,0,0,33,0,33,0,51,131,0,182,10,0,10,192
04/15/2006,HXD,SC,ASO,ES,Federal Contract Tower,0,31,68,0,99,0,1,37,0,38,0,32,105,0,137,2,0,2,139
04/16/2006,HXD,SC,ASO,ES,Federal Contract Tower,0,75,118,0,193,0,0,0,0,0,0,75,118,0,193,0,0,0,193
04/17/2006,HXD,SC,ASO,ES,Federal Contract Tower,0,39,101,3,143,0,0,31,2,33,0,39,132,5,176,2,0,2,178
04/18/2006,HXD,SC,ASO,ES,Federal Contract Tower,0,28,52,0,80,0,0,27,0,27,0,28,79,0,107,0,0,0,107
04/19/2006,HXD,SC,ASO,ES,Federal Contract Tower,0,27,43,0,70,0,0,34,0,34,0,27,77,0,104,0,0,0,104
04/20/2006,HXD,SC,ASO,ES,Federal Contract Tower,0,29,67,0,96,0,0,74,2,76,0,29,141,2,172,20,0,20,192
04/21/2006,HXD,SC,ASO,ES,Federal Contract Tower,0,28,64,2,94,0,0,58,1,59,0,28,122,3,153,2,0,2,155
04/22/2006,HXD,SC,ASO,ES,Federal Contract Tower,0,26,31,0,57,0,0,9,0,9,0,26,40,0,66,2,0,2,68
04/23/2006,HXD,SC,ASO,ES,Federal Contract Tower,0,31,66,0,97,0,0,41,0,41,0,31,107,0,138,6,0,6,144
04/24/2006,HXD,SC,ASO,ES,Federal Contract Tower,0,19,41,6,66,0,0,45,1,46,0,19,86,7,112,2,6,8,120
04/25/2006,HXD,SC,ASO,ES,Federal Contract Tower,0,22,51,0,73,0,0,30,0,30,0,22,81,0,103,18,0,18,121
04/26/2006,HXD,SC,ASO,ES,Federal Contract Tower,0,24,39,0,63,0,1,20,0,21,0,25,59,0,84,4,0,4,88
04/27/2006,HXD,SC,ASO,ES,Federal Contract Tower,0,28,53,2,83,0,0,32,0,32,0,28,85,2,115,2,0,2,117
04/28/2006,HXD,SC,ASO,ES,Federal Contract Tower,0,29,66,0,95,0,0,69,0,69,0,29,135,0,164,22,0,22,186
04/29/2006,HXD,SC,ASO,ES,Federal Contract Tower,0,37,45,0,82,0,0,34,0,34,0,37,79,0,116,4,0,4,120
04/30/2006,HXD,SC,ASO,ES,Federal Contract Tower,0,29,54,0,83,0,0,39,4,43,0,29,93,4,126,0,0,0,126
05/01/2006,HXD,SC,ASO,ES,Federal Contract Tower,0,35,36,0,71,0,0,17,0,17,0,35,53,0,88,0,0,0,88
05/02/2006,HXD,SC,ASO,ES,Federal Contract Tower,0,31,44,0,75,0,0,50,0,50,0,31,94,0,125,46,0,46,171
05/03/2006,HXD,SC,ASO,ES,Federal Contract Tower,0,29,51,0,80,0,0,33,0,33,0,29,84,0,113,0,0,0,113
05/04/2006,HXD,SC,ASO,ES,Federal Contract Tower,0,36,56,0,92,0,0,42,2,44,0,36,98,2,136,8,0,8,144
05/05/2006,HXD,SC,ASO,ES,Federal Contract Tower,0,27,33,0,60,0,4,40,0,44,0,31,73,0,104,12,0,12,116
05/06/2006,HXD,SC,ASO,ES,Federal Contract Tower,0,30,63,0,93,0,0,32,0,32,0,30,95,0,125,6,0,6,131
05/07/2006,HXD,SC,ASO,ES,Federal Contract Tower,0,29,41,0,70,0,0,18,7,25,0,29,59,7,95,0,0,0,95
05/08/2006,HXD,SC,ASO,ES,Federal Contract Tower,0,27,67,0,94,0,0,3,0,3,0,27,70,0,97,0,0,0,97
05/09/2006,HXD,SC,ASO,ES,Federal Contract Tower,0,27,50,0,77,0,0,37,1,38,0,27,87,1,115,0,0,0,115
05/10/2006,HXD,SC,ASO,ES,Federal Contract Tower,0,46,56,0,102,0,0,35,0,35,0,46,91,0,137,10,0,10,147
05/11/2006,HXD,SC,ASO,ES,Federal Contract Tower,0,28,37,0,65,0,0,20,0,20,0,28,57,0,85,16,0,16,101
05/12/2006,HXD,SC,ASO,ES,Federal Contract Tower,0,30,67,0,97,0,0,50,0,50,0,30,117,0,147,6,0,6,153
05/13/2006,HXD,SC,ASO,ES,Federal Contract Tower,0,22,35,0,57,0,0,58,0,58,0,22,93,0,115,30,0,30,145
05/14/2006,HXD,SC,ASO,ES,Federal Contract Tower,0,23,29,3,55,0,0,19,0,19,0,23,48,3,74,4,0,4,78
05/15/2006,HXD,SC,ASO,ES,Federal Contract Tower,0,28,40,0,68,0,0,17,0,17,0,28,57,0,85,0,0,0,85
05/16/2006,HXD,SC,ASO,ES,Federal Contract Tower,0,29,38,0,67,0,0,54,0,54,0,29,92,0,121,60,0,60,181
05/17/2006,HXD,SC,ASO,ES,Federal Contract Tower,0,34,43,0,77,0,0,52,2,54,0,34,95,2,131,56,0,56,187
05/18/2006,HXD,SC,ASO,ES,Federal Contract Tower,0,36,50,0,86,0,0,27,0,27,0,36,77,0,113,0,0,0,113
05/19/2006,HXD,SC,ASO,ES,Federal Contract Tower,0,36,37,2,75,0,1,34,1,36,0,37,71,3,111,8,0,8,119
05/20/2006,HXD,SC,ASO,ES,Federal Contract Tower,0,21,33,0,54,0,0,33,0,33,0,21,66,0,87,16,0,16,103
05/21/2006,HXD,SC,ASO,ES,Federal Contract Tower,0,26,42,0,68,0,0,48,0,48,0,26,90,0,116,8,0,8,124
05/22/2006,HXD,SC,ASO,ES,Federal Contract Tower,0,34,29,0,63,0,0,59,0,59,0,34,88,0,122,10,0,10,132
05/23/2006,HXD,SC,ASO,ES,Federal Contract Tower,0,23,49,0,72,0,0,38,0,38,0,23,87,0,110,26,0,26,136
05/24/2006,HXD,SC,ASO,ES,Federal Contract Tower,0,37,36,0,73,0,0,51,0,51,0,37,87,0,124,14,0,14,138
05/25/2006,HXD,SC,ASO,ES,Federal Contract Tower,0,40,62,0,102,0,0,50,0,50,0,40,112,0,152,2,0,2,154
05/26/2006,HXD,SC,ASO,ES,Federal Contract Tower,0,53,81,0,134,0,0,35,0,35,0,53,116,0,169,18,0,18,187
05/27/2006,HXD,SC,ASO,ES,Federal Contract Tower,0,26,51,0,77,0,0,25,0,25,0,26,76,0,102,4,0,4,106
05/28/2006,HXD,SC,ASO,ES,Federal Contract Tower,0,27,34,0,61,0,0,35,0,35,0,27,69,0,96,2,0,2,98
05/29/2006,HXD,SC,ASO,ES,Federal Contract Tower,0,32,95,0,127,0,0,46,2,48,0,32,141,2,175,8,0,8,183
05/30/2006,HXD,SC,ASO,ES,Federal Contract Tower,0,36,57,0,93,0,3,44,0,47,0,39,101,0,140,0,0,0,140
05/31/2006,HXD,SC,ASO,ES,Federal Contract Tower,0,40,53,0,93,0,0,33,0,33,0,40,86,0,126,6,0,6,132
06/01/2006,HXD,SC,ASO,ES,Federal Contract Tower,0,24,36,0,60,0,0,28,0,28,0,24,64,0,88,0,0,0,88
06/02/2006,HXD,SC,ASO,ES,Federal Contract Tower,0,33,56,0,89,0,0,36,0,36,0,33,92,0,125,0,0,0,125
06/03/2006,HXD,SC,ASO,ES,Federal Contract Tower,0,27,42,0,69,0,0,29,1,30,0,27,71,1,99,12,0,12,111
06/04/2006,HXD,SC,ASO,ES,Federal Contract Tower,0,22,51,0,73,0,0,42,1,43,0,22,93,1,116,10,0,10,126
06/05/2006,HXD,SC,ASO,ES,Federal Contract Tower,0,33,37,0,70,0,2,15,2,19,0,35,52,2,89,10,0,10,99
06/06/2006,HXD,SC,ASO,ES,Federal Contract Tower,0,31,48,0,79,0,0,39,0,39,0,31,87,0,118,18,0,18,136
06/07/2006,HXD,SC,ASO,ES,Federal Contract Tower,0,26,46,2,74,0,7,24,0,31,0,33,70,2,105,12,0,12,117
06/08/2006,HXD,SC,ASO,ES,Federal Contract Tower,0,29,44,2,75,0,0,45,0,45,0,29,89,2,120,12,0,12,132
06/09/2006,HXD,SC,ASO,ES,Federal Contract Tower,0,35,66,2,103,0,0,45,0,45,0,35,111,2,148,14,0,14,162
06/10/2006,HXD,SC,ASO,ES,Federal Contract Tower,0,37,54,0,91,0,0,60,0,60,0,37,114,0,151,14,0,14,165
06/11/2006,HXD,SC,ASO,ES,Federal Contract Tower,0,27,64,0,91,0,0,41,0,41,0,27,105,0,132,0,0,0,132
06/12/2006,HXD,SC,ASO,ES,Federal Contract Tower,0,25,35,0,60,0,0,23,0,23,0,25,58,0,83,4,0,4,87
06/13/2006,HXD,SC,ASO,ES,Federal Contract Tower,0,23,5,0,28,0,0,2,0,2,0,23,7,0,30,0,0,0,30
06/14/2006,HXD,SC,ASO,ES,Federal Contract Tower,0,24,26,0,50,0,0,11,0,11,0,24,37,0,61,0,0,0,61
06/15/2006,HXD,SC,ASO,ES,Federal Contract Tower,0,28,62,0,90,0,0,48,0,48,0,28,110,0,138,28,0,28,166
06/16/2006,HXD,SC,ASO,ES,Federal Contract Tower,0,38,45,0,83,0,0,39,0,39,0,38,84,0,122,8,0,8,130
06/17/2006,HXD,SC,ASO,ES,Federal Contract Tower,0,33,55,0,88,0,0,53,0,53,0,33,108,0,141,2,0,2,143
06/18/2006,HXD,SC,ASO,ES,Federal Contract Tower,0,24,45,0,69,0,0,59,0,59,0,24,104,0,128,0,0,0,128
06/19/2006,HXD,SC,ASO,ES,Federal Contract Tower,0,27,47,0,74,0,0,29,1,30,0,27,76,1,104,0,0,0,104
06/20/2006,HXD,SC,ASO,ES,Federal Contract Tower,0,28,33,0,61,0,0,25,4,29,0,28,58,4,90,12,0,12,102
06/21/2006,HXD,SC,ASO,ES,Federal Contract Tower,0,24,44,0,68,0,0,26,1,27,0,24,70,1,95,12,0,12,107
06/22/2006,HXD,SC,ASO,ES,Federal Contract Tower,0,24,40,0,64,0,0,20,0,20,0,24,60,0,84,26,0,26,110
06/23/2006,HXD,SC,ASO,ES,Federal Contract Tower,0,31,48,0,79,0,0,29,2,31,0,31,77,2,110,0,0,0,110
06/24/2006,HXD,SC,ASO,ES,Federal Contract Tower,0,33,54,0,87,0,0,38,1,39,0,33,92,1,126,0,0,0,126
06/25/2006,HXD,SC,ASO,ES,Federal Contract Tower,0,19,30,0,49,0,0,15,0,15,0,19,45,0,64,0,0,0,64
06/26/2006,HXD,SC,ASO,ES,Federal Contract Tower,0,34,27,0,61,0,0,35,0,35,0,34,62,0,96,4,0,4,100
06/27/2006,HXD,SC,ASO,ES,Federal Contract Tower,0,28,46,0,74,0,2,34,2,38,0,30,80,2,112,16,0,16,128
06/28/2006,HXD,SC,ASO,ES,Federal Contract Tower,0,28,54,0,82,0,0,43,1,44,0,28,97,1,126,0,0,0,126
06/29/2006,HXD,SC,ASO,ES,Federal Contract Tower,0,42,48,0,90,0,1,41,2,44,0,43,89,2,134,6,0,6,140
06/30/2006,HXD,SC,ASO,ES,Federal Contract Tower,0,45,88,0,133,0,0,27,0,27,0,45,115,0,160,6,0,6,166
07/01/2006,HXD,SC,ASO,ES,Federal Contract Tower,0,37,62,0,99,0,0,57,2,59,0,37,119,2,158,12,0,12,170
07/02/2006,HXD,SC,ASO,ES,Federal Contract Tower,0,21,37,0,58,0,0,61,0,61,0,21,98,0,119,34,0,34,153
07/03/2006,HXD,SC,ASO,ES,Federal Contract Tower,0,29,34,0,63,0,0,53,0,53,0,29,87,0,116,10,0,10,126
07/04/2006,HXD,SC,ASO,ES,Federal Contract Tower,0,25,43,0,68,0,0,38,0,38,0,25,81,0,106,10,0,10,116
07/05/2006,HXD,SC,ASO,ES,Federal Contract Tower,0,43,64,0,107,0,0,36,0,36,0,43,100,0,143,8,0,8,151
07/06/2006,HXD,SC,ASO,ES,Federal Contract Tower,0,36,30,0,66,0,0,15,0,15,0,36,45,0,81,0,0,0,81
07/07/2006,HXD,SC,ASO,ES,Federal Contract Tower,0,35,67,0,102,0,0,31,0,31,0,35,98,0,133,30,0,30,163
07/08/2006,HXD,SC,ASO,ES,Federal Contract Tower,0,32,42,0,74,0,0,57,0,57,0,32,99,0,131,36,0,36,167
07/09/2006,HXD,SC,ASO,ES,Federal Contract Tower,0,25,40,0,65,0,0,34,0,34,0,25,74,0,99,2,0,2,101
07/10/2006,HXD,SC,ASO,ES,Federal Contract Tower,0,25,46,0,71,0,0,27,2,29,0,25,73,2,100,6,0,6,106
07/11/2006,HXD,SC,ASO,ES,Federal Contract Tower,0,29,46,0,75,0,2,41,0,43,0,31,87,0,118,0,0,0,118
07/12/2006,HXD,SC,ASO,ES,Federal Contract Tower,0,29,36,0,65,0,1,35,0,36,0,30,71,0,101,0,0,0,101
07/13/2006,HXD,SC,ASO,ES,Federal Contract Tower,0,40,49,0,89,0,0,56,0,56,0,40,105,0,145,12,0,12,157
07/14/2006,HXD,SC,ASO,ES,Federal Contract Tower,0,31,41,0,72,0,0,37,0,37,0,31,78,0,109,0,0,0,109
07/15/2006,HXD,SC,ASO,ES,Federal Contract Tower,0,26,49,0,75,0,0,32,0,32,0,26,81,0,107,0,0,0,107
07/16/2006,HXD,SC,ASO,ES,Federal Contract Tower,0,24,57,0,81,0,0,26,0,26,0,24,83,0,107,22,0,22,129
07/17/2006,HXD,SC,ASO,ES,Federal Contract Tower,0,30,42,0,72,0,0,30,0,30,0,30,72,0,102,4,0,4,106
07/18/2006,HXD,SC,ASO,ES,Federal Contract Tower,0,28,38,0,66,0,0,53,0,53,0,28,91,0,119,16,0,16,135
07/19/2006,HXD,SC,ASO,ES,Federal Contract Tower,0,28,35,0,63,0,0,18,0,18,0,28,53,0,81,24,0,24,105
07/20/2006,HXD,SC,ASO,ES,Federal Contract Tower,0,28,40,0,68,0,0,35,2,37,0,28,75,2,105,24,0,24,129
07/21/2006,HXD,SC,ASO,ES,Federal Contract Tower,0,30,52,0,82,0,0,47,0,47,0,30,99,0,129,4,0,4,133
07/22/2006,HXD,SC,ASO,ES,Federal Contract Tower,0,22,45,0,67,0,0,28,0,28,0,22,73,0,95,4,0,4,99
07/23/2006,HXD,SC,ASO,ES,Federal Contract Tower,0,17,48,0,65,0,0,40,0,40,0,17,88,0,105,2,0,2,107
07/24/2006,HXD,SC,ASO,ES,Federal Contract Tower,0,24,33,0,57,0,0,24,0,24,0,24,57,0,81,2,0,2,83
07/25/2006,HXD,SC,ASO,ES,Federal Contract Tower,0,24,44,0,68,0,0,16,3,19,0,24,60,3,87,14,5,19,106
07/26/2006,HXD,SC,ASO,ES,Federal Contract Tower,0,23,51,4,78,0,2,20,2,24,0,25,71,6,102,20,0,20,122
07/27/2006,HXD,SC,ASO,ES,Federal Contract Tower,0,31,55,0,86,0,0,37,3,40,0,31,92,3,126,18,2,20,146
07/28/2006,HXD,SC,ASO,ES,Federal Contract Tower,0,29,53,1,83,0,1,36,0,37,0,30,89,1,120,8,0,8,128
07/29/2006,HXD,SC,ASO,ES,Federal Contract Tower,0,26,38,0,64,0,0,54,0,54,0,26,92,0,118,22,0,22,140
07/30/2006,HXD,SC,ASO,ES,Federal Contract Tower,0,17,50,0,67,0,0,20,1,21,0,17,70,1,88,6,0,6,94
07/31/2006,HXD,SC,ASO,ES,Federal Contract Tower,0,33,35,0,68,0,0,26,0,26,0,33,61,0,94,0,0,0,94
08/01/2006,HXD,SC,ASO,ES,Federal Contract Tower,0,26,43,0,69,0,0,20,0,20,0,26,63,0,89,0,0,0,89
08/02/2006,HXD,SC,ASO,ES,Federal Contract Tower,0,24,39,0,63,0,0,26,0,26,0,24,65,0,89,14,0,14,103
08/03/2006,HXD,SC,ASO,ES,Federal Contract Tower,0,26,41,0,67,0,0,24,0,24,0,26,65,0,91,6,0,6,97
08/04/2006,HXD,SC,ASO,ES,Federal Contract Tower,0,32,47,0,79,0,0,41,0,41,0,32,88,0,120,14,0,14,134
08/05/2006,HXD,SC,ASO,ES,Federal Contract Tower,0,29,63,0,92,0,0,37,0,37,0,29,100,0,129,7,0,7,136
08/06/2006,HXD,SC,ASO,ES,Federal Contract Tower,0,18,51,0,69,0,0,49,1,50,0,18,100,1,119,22,0,22,141
08/07/2006,HXD,SC,ASO,ES,Federal Contract Tower,0,28,35,0,63,0,0,41,0,41,0,28,76,0,104,26,0,26,130
08/08/2006,HXD,SC,ASO,ES,Federal Contract Tower,0,19,41,0,60,0,0,31,0,31,0,19,72,0,91,8,0,8,99
08/09/2006,HXD,SC,ASO,ES,Federal Contract Tower,0,31,56,0,87,0,0,65,0,65,0,31,121,0,152,38,0,38,190
08/10/2006,HXD,SC,ASO,ES,Federal Contract Tower,0,22,45,0,67,0,0,37,0,37,0,22,82,0,104,20,0,20,124
08/11/2006,HXD,SC,ASO,ES,Federal Contract Tower,0,31,56,0,87,0,0,24,0,24,0,31,80,0,111,10,0,10,121
08/12/2006,HXD,SC,ASO,ES,Federal Contract Tower,0,29,45,0,74,0,2,0,0,2,0,31,45,0,76,0,0,0,76
08/13/2006,HXD,SC,ASO,ES,Federal Contract Tower,0,27,44,0,71,0,0,21,2,23,0,27,65,2,94,0,0,0,94
08/14/2006,HXD,SC,ASO,ES,Federal Contract Tower,0,24,47,0,71,0,0,52,0,52,0,24,99,0,123,16,0,16,139
08/15/2006,HXD,SC,ASO,ES,Federal Contract Tower,0,28,38,0,66,0,0,43,0,43,0,28,81,0,109,32,0,32,141
08/16/2006,HXD,SC,ASO,ES,Federal Contract Tower,0,30,37,0,67,0,0,23,3,26,0,30,60,3,93,22,0,22,115
08/17/2006,HXD,SC,ASO,ES,Federal Contract Tower,0,25,42,0,67,0,0,24,0,24,0,25,66,0,91,6,0,6,97
08/18/2006,HXD,SC,ASO,ES,Federal Contract Tower,0,32,50,0,82,0,0,19,2,21,0,32,69,2,103,32,0,32,135
08/19/2006,HXD,SC,ASO,ES,Federal Contract Tower,0,22,35,0,57,0,1,16,0,17,0,23,51,0,74,10,2,12,86
08/20/2006,HXD,SC,ASO,ES,Federal Contract Tower,0,22,41,0,63,0,0,21,0,21,0,22,62,0,84,16,2,18,102
08/21/2006,HXD,SC,ASO,ES,Federal Contract Tower,0,27,25,0,52,0,0,24,0,24,0,27,49,0,76,14,0,14,90
08/22/2006,HXD,SC,ASO,ES,Federal Contract Tower,0,32,35,0,67,0,0,38,0,38,0,32,73,0,105,18,0,18,123
08/23/2006,HXD,SC,ASO,ES,Federal Contract Tower,0,23,30,0,53,0,0,33,0,33,0,23,63,0,86,14,0,14,100
08/24/2006,HXD,SC,ASO,ES,Federal Contract Tower,0,22,36,0,58,0,0,10,0,10,0,22,46,0,68,0,0,0,68
08/25/2006,HXD,SC,ASO,ES,Federal Contract Tower,0,31,50,0,81,0,1,9,2,12,0,32,59,2,93,0,4,4,97
08/26/2006,HXD,SC,ASO,ES,Federal Contract Tower,0,27,55,0,82,0,0,49,0,49,0,27,104,0,131,10,0,10,141
08/27/2006,HXD,SC,ASO,ES,Federal Contract Tower,0,29,45,0,74,0,0,25,2,27,0,29,70,2,101,28,0,28,129
08/28/2006,HXD,SC,ASO,ES,Federal Contract Tower,0,30,40,0,70,0,0,50,0,50,0,30,90,0,120,44,0,44,164
08/29/2006,HXD,SC,ASO,ES,Federal Contract Tower,0,32,38,1,71,0,0,44,0,44,0,32,82,1,115,8,0,8,123
08/30/2006,HXD,SC,ASO,ES,Federal Contract Tower,0,24,37,0,61,0,0,15,0,15,0,24,52,0,76,0,0,0,76
08/31/2006,HXD,SC,ASO,ES,Federal Contract Tower,0,21,9,0,30,0,0,2,0,2,0,21,11,0,32,0,0,0,32
09/01/2006,HXD,SC,ASO,ES,Federal Contract Tower,0,30,69,0,99,0,0,33,4,37,0,30,102,4,136,0,16,16,152
09/02/2006,HXD,SC,ASO,ES,Federal Contract Tower,0,17,30,0,47,0,0,39,1,40,0,17,69,1,87,2,0,2,89
09/03/2006,HXD,SC,ASO,ES,Federal Contract Tower,0,24,18,0,42,0,0,22,2,24,0,24,40,2,66,6,0,6,72
09/04/2006,HXD,SC,ASO,ES,Federal Contract Tower,0,21,60,0,81,0,0,24,1,25,0,21,84,1,106,4,0,4,110
09/05/2006,HXD,SC,ASO,ES,Federal Contract Tower,0,34,55,0,89,0,0,21,0,21,0,34,76,0,110,18,0,18,128
09/06/2006,HXD,SC,ASO,ES,Federal Contract Tower,0,37,35,2,74,0,1,27,0,28,0,38,62,2,102,26,0,26,128
09/07/2006,HXD,SC,ASO,ES,Federal Contract Tower,0,27,43,4,74,0,0,19,0,19,0,27,62,4,93,16,0,16,109
09/08/2006,HXD,SC,ASO,ES,Federal Contract Tower,0,30,39,0,69,0,0,27,4,31,0,30,66,4,100,4,30,34,134
09/09/2006,HXD,SC,ASO,ES,Federal Contract Tower,0,19,38,0,57,0,0,67,0,67,0,19,105,0,124,12,0,12,136
09/10/2006,HXD,SC,ASO,ES,Federal Contract Tower,0,24,37,0,61,0,0,44,0,44,0,24,81,0,105,8,0,8,113
09/11/2006,HXD,SC,ASO,ES,Federal Contract Tower,0,24,29,0,53,0,0,19,0,19,0,24,48,0,72,28,0,28,100
09/12/2006,HXD,SC,ASO,ES,Federal Contract Tower,0,24,41,0,65,0,1,34,0,35,0,25,75,0,100,16,0,16,116
09/13/2006,HXD,SC,ASO,ES,Federal Contract Tower,0,26,39,0,65,0,0,20,0,20,0,26,59,0,85,0,0,0,85
09/14/2006,HXD,SC,ASO,ES,Federal Contract Tower,0,21,51,0,72,0,1,36,0,37,0,22,87,0,109,8,0,8,117
09/15/2006,HXD,SC,ASO,ES,Federal Contract Tower,0,26,40,0,66,0,1,68,0,69,0,27,108,0,135,8,0,8,143
09/16/2006,HXD,SC,ASO,ES,Federal Contract Tower,0,17,28,0,45,0,0,41,2,43,0,17,69,2,88,30,0,30,118
09/17/2006,HXD,SC,ASO,ES,Federal Contract Tower,0,23,31,0,54,0,0,61,0,61,0,23,92,0,115,12,0,12,127
09/18/2006,HXD,SC,ASO,ES,Federal Contract Tower,0,32,38,0,70,0,0,48,2,50,0,32,86,2,120,18,0,18,138
09/19/2006,HXD,SC,ASO,ES,Federal Contract Tower,0,33,25,0,58,0,0,1,2,3,0,33,26,2,61,0,0,0,61
09/20/2006,HXD,SC,ASO,ES,Federal Contract Tower,0,30,46,0,76,0,0,18,4,22,0,30,64,4,98,8,0,8,106
09/21/2006,HXD,SC,ASO,ES,Federal Contract Tower,0,30,66,0,96,0,1,39,0,40,0,31,105,0,136,14,0,14,150
09/22/2006,HXD,SC,ASO,ES,Federal Contract Tower,0,33,54,4,91,0,2,55,2,59,0,35,109,6,150,22,0,22,172
09/23/2006,HXD,SC,ASO,ES,Federal Contract Tower,0,25,36,0,61,0,0,56,0,56,0,25,92,0,117,52,0,52,169
09/24/2006,HXD,SC,ASO,ES,Federal Contract Tower,0,20,50,0,70,0,0,33,0,33,0,20,83,0,103,18,0,18,121
09/25/2006,HXD,SC,ASO,ES,Federal Contract Tower,0,27,43,0,70,0,0,28,2,30,0,27,71,2,100,2,0,2,102
09/26/2006,HXD,SC,ASO,ES,Federal Contract Tower,0,30,32,0,62,0,0,25,0,25,0,30,57,0,87,0,0,0,87
09/27/2006,HXD,SC,ASO,ES,Federal Contract Tower,0,32,48,0,80,0,1,29,4,34,0,33,77,4,114,22,4,26,140
09/28/2006,HXD,SC,ASO,ES,Federal Contract Tower,0,42,40,0,82,0,1,22,2,25,0,43,62,2,107,14,0,14,121
09/29/2006,HXD,SC,ASO,ES,Federal Contract Tower,0,33,57,0,90,0,1,59,0,60,0,34,116,0,150,30,0,30,180
09/30/2006,HXD,SC,ASO,ES,Federal Contract Tower,0,27,48,0,75,0,0,77,0,77,0,27,125,0,152,36,0,36,188
10/01/2006,HXD,SC,ASO,ES,Federal Contract Tower,0,29,49,0,78,0,0,57,0,57,0,29,106,0,135,14,0,14,149
10/02/2006,HXD,SC,ASO,ES,Federal Contract Tower,0,22,40,0,62,0,0,57,0,57,0,22,97,0,119,10,0,10,129
10/03/2006,HXD,SC,ASO,ES,Federal Contract Tower,0,23,40,0,63,0,0,34,0,34,0,23,74,0,97,8,0,8,105
10/04/2006,HXD,SC,ASO,ES,Federal Contract Tower,0,28,41,2,71,0,0,36,2,38,0,28,77,4,109,2,0,2,111
10/05/2006,HXD,SC,ASO,ES,Federal Contract Tower,0,30,45,0,75,0,0,32,0,32,0,30,77,0,107,0,0,0,107
10/06/2006,HXD,SC,ASO,ES,Federal Contract Tower,0,29,47,0,76,0,0,31,0,31,0,29,78,0,107,18,0,18,125
10/07/2006,HXD,SC,ASO,ES,Federal Contract Tower,0,34,39,0,73,0,0,39,0,39,0,34,78,0,112,16,0,16,128
10/08/2006,HXD,SC,ASO,ES,Federal Contract Tower,0,37,60,0,97,0,0,43,0,43,0,37,103,0,140,18,0,18,158
10/09/2006,HXD,SC,ASO,ES,Federal Contract Tower,0,29,62,0,91,0,0,35,2,37,0,29,97,2,128,8,0,8,136
10/10/2006,HXD,SC,ASO,ES,Federal Contract Tower,0,38,55,0,93,0,0,17,0,17,0,38,72,0,110,0,0,0,110
10/11/2006,HXD,SC,ASO,ES,Federal Contract Tower,0,30,53,2,85,0,0,39,0,39,0,30,92,2,124,0,18,18,142
10/12/2006,HXD,SC,ASO,ES,Federal Contract Tower,0,30,42,0,72,0,0,42,0,42,0,30,84,0,114,8,0,8,122
10/13/2006,HXD,SC,ASO,ES,Federal Contract Tower,0,31,51,0,82,0,0,30,0,30,0,31,81,0,112,2,0,2,114
10/14/2006,HXD,SC,ASO,ES,Federal Contract Tower,0,31,40,0,71,0,0,52,0,52,0,31,92,0,123,28,0,28,151
10/15/2006,HXD,SC,ASO,ES,Federal Contract Tower,0,31,53,0,84,0,0,44,6,50,0,31,97,6,134,16,0,16,150
10/16/2006,HXD,SC,ASO,ES,Federal Contract Tower,0,32,34,1,67,0,0,23,10,33,0,32,57,11,100,10,0,10,110
10/17/2006,HXD,SC,ASO,ES,Federal Contract Tower,0,36,25,0,61,0,0,16,8,24,0,36,41,8,85,8,0,8,93
10/18/2006,HXD,SC,ASO,ES,Federal Contract Tower,0,26,44,0,70,0,0,8,2,10,0,26,52,2,80,0,0,0,80
10/19/2006,HXD,SC,ASO,ES,Federal Contract Tower,0,27,19,0,46,0,0,0,0,0,0,27,19,0,46,0,0,0,46
10/20/2006,HXD,SC,ASO,ES,Federal Contract Tower,0,31,51,0,82,0,0,46,6,52,0,31,97,6,134,4,0,4,138
10/21/2006,HXD,SC,ASO,ES,Federal Contract Tower,0,31,48,0,79,0,0,52,3,55,0,31,100,3,134,10,2,12,146
10/22/2006,HXD,SC,ASO,ES,Federal Contract Tower,0,27,44,0,71,0,0,20,2,22,0,27,64,2,93,16,28,44,137
10/23/2006,HXD,SC,ASO,ES,Federal Contract Tower,0,31,42,0,73,0,0,22,0,22,0,31,64,0,95,4,0,4,99
10/24/2006,HXD,SC,ASO,ES,Federal Contract Tower,0,26,39,0,65,0,0,45,1,46,0,26,84,1,111,20,0,20,131
10/25/2006,HXD,SC,ASO,ES,Federal Contract Tower,0,25,57,0,82,0,0,49,0,49,0,25,106,0,131,14,0,14,145
10/26/2006,HXD,SC,ASO,ES,Federal Contract Tower,0,28,40,0,68,0,0,33,0,33,0,28,73,0,101,14,0,14,115
10/27/2006,HXD,SC,ASO,ES,Federal Contract Tower,0,21,42,0,63,0,0,6,3,9,0,21,48,3,72,0,0,0,72
10/28/2006,HXD,SC,ASO,ES,Federal Contract Tower,0,23,24,1,48,0,0,18,3,21,0,23,42,4,69,0,0,0,69
10/29/2006,HXD,SC,ASO,ES,Federal Contract Tower,0,19,49,0,68,0,0,76,2,78,0,19,125,2,146,6,0,6,152
10/30/2006,HXD,SC,ASO,ES,Federal Contract Tower,0,32,38,0,70,0,1,34,3,38,0,33,72,3,108,6,0,6,114
10/31/2006,HXD,SC,ASO,ES,Federal Contract Tower,0,30,40,0,70,0,0,22,2,24,0,30,62,2,94,16,0,16,110
11/01/2006,HXD,SC,ASO,ES,Federal Contract Tower,0,34,32,0,66,0,0,31,0,31,0,34,63,0,97,4,0,4,101
11/02/2006,HXD,SC,ASO,ES,Federal Contract Tower,0,30,54,0,84,0,0,37,2,39,0,30,91,2,123,12,0,12,135
11/03/2006,HXD,SC,ASO,ES,Federal Contract Tower,0,30,60,0,90,0,0,52,1,53,0,30,112,1,143,0,0,0,143
11/04/2006,HXD,SC,ASO,ES,Federal Contract Tower,0,24,46,0,70,0,0,39,2,41,0,24,85,2,111,6,0,6,117
11/05/2006,HXD,SC,ASO,ES,Federal Contract Tower,0,28,69,0,97,0,1,43,2,46,0,29,112,2,143,6,0,6,149
11/06/2006,HXD,SC,ASO,ES,Federal Contract Tower,0,33,32,0,65,0,0,26,2,28,0,33,58,2,93,10,0,10,103
11/07/2006,HXD,SC,ASO,ES,Federal Contract Tower,0,17,21,2,40,0,0,0,0,0,0,17,21,2,40,0,0,0,40
11/08/2006,HXD,SC,ASO,ES,Federal Contract Tower,0,25,60,0,85,0,0,20,2,22,0,25,80,2,107,0,0,0,107
11/09/2006,HXD,SC,ASO,ES,Federal Contract Tower,0,31,47,0,78,0,0,43,6,49,0,31,90,6,127,8,0,8,135
11/10/2006,HXD,SC,ASO,ES,Federal Contract Tower,0,39,61,0,100,0,1,42,0,43,0,40,103,0,143,18,0,18,161
11/11/2006,HXD,SC,ASO,ES,Federal Contract Tower,0,19,24,0,43,0,0,38,2,40,0,19,62,2,83,22,0,22,105
11/12/2006,HXD,SC,ASO,ES,Federal Contract Tower,0,29,51,0,80,0,0,54,2,56,0,29,105,2,136,13,0,13,149
11/13/2006,HXD,SC,ASO,ES,Federal Contract Tower,0,32,34,0,66,0,0,43,1,44,0,32,77,1,110,22,4,26,136
11/14/2006,HXD,SC,ASO,ES,Federal Contract Tower,0,26,54,0,80,0,0,0,0,0,0,26,54,0,80,12,0,12,92
11/15/2006,HXD,SC,ASO,ES,Federal Contract Tower,0,32,40,0,72,0,0,27,0,27,0,32,67,0,99,4,0,4,103
11/16/2006,HXD,SC,ASO,ES,Federal Contract Tower,0,25,43,0,68,0,0,9,0,9,0,25,52,0,77,0,0,0,77
11/17/2006,HXD,SC,ASO,ES,Federal Contract Tower,0,28,52,0,80,0,0,29,3,32,0,28,81,3,112,4,0,4,116
11/18/2006,HXD,SC,ASO,ES,Federal Contract Tower,0,23,34,0,57,0,0,65,2,67,0,23,99,2,124,10,16,26,150
11/19/2006,HXD,SC,ASO,ES,Federal Contract Tower,0,32,48,0,80,0,0,41,0,41,0,32,89,0,121,24,0,24,145
11/20/2006,HXD,SC,ASO,ES,Federal Contract Tower,0,26,47,0,73,0,0,28,0,28,0,26,75,0,101,16,0,16,117
11/21/2006,HXD,SC,ASO,ES,Federal Contract Tower,0,23,25,0,48,0,0,0,0,0,0,23,25,0,48,0,0,0,48
11/22/2006,HXD,SC,ASO,ES,Federal Contract Tower,0,29,52,0,81,0,0,0,0,0,0,29,52,0,81,0,0,0,81
11/23/2006,HXD,SC,ASO,ES,Federal Contract Tower,0,26,31,0,57,0,0,13,0,13,0,26,44,0,70,0,0,0,70
11/24/2006,HXD,SC,ASO,ES,Federal Contract Tower,0,24,48,0,72,0,0,34,0,34,0,24,82,0,106,10,0,10,116
11/25/2006,HXD,SC,ASO,ES,Federal Contract Tower,0,23,27,0,50,0,0,59,1,60,0,23,86,1,110,24,0,24,134
11/26/2006,HXD,SC,ASO,ES,Federal Contract Tower,0,46,78,0,124,0,0,61,0,61,0,46,139,0,185,18,0,18,203
11/27/2006,HXD,SC,ASO,ES,Federal Contract Tower,0,23,33,0,56,0,0,53,0,53,0,23,86,0,109,20,0,20,129
11/28/2006,HXD,SC,ASO,ES,Federal Contract Tower,0,27,36,0,63,0,0,34,2,36,0,27,70,2,99,42,0,42,141
11/29/2006,HXD,SC,ASO,ES,Federal Contract Tower,0,24,31,0,55,0,1,49,0,50,0,25,80,0,105,14,0,14,119
11/30/2006,HXD,SC,ASO,ES,Federal Contract Tower,0,31,41,0,72,0,0,25,0,25,0,31,66,0,97,20,0,20,117
12/01/2006,HXD,SC,ASO,ES,Federal Contract Tower,0,28,32,0,60,0,0,2,0,2,0,28,34,0,62,0,0,0,62
12/02/2006,HXD,SC,ASO,ES,Federal Contract Tower,0,19,24,0,43,0,0,43,0,43,0,19,67,0,86,18,12,30,116
12/03/2006,HXD,SC,ASO,ES,Federal Contract Tower,0,19,21,1,41,0,0,0,0,0,0,19,21,1,41,0,0,0,41
12/04/2006,HXD,SC,ASO,ES,Federal Contract Tower,0,24,23,0,47,0,0,50,0,50,0,24,73,0,97,18,2,20,117
12/05/2006,HXD,SC,ASO,ES,Federal Contract Tower,0,25,39,0,64,0,0,54,2,56,0,25,93,2,120,46,0,46,166
12/06/2006,HXD,SC,ASO,ES,Federal Contract Tower,0,26,26,0,52,0,0,67,4,71,0,26,93,4,123,10,0,10,133
12/07/2006,HXD,SC,ASO,ES,Federal Contract Tower,0,29,31,0,60,0,0,20,0,20,0,29,51,0,80,14,0,14,94
12/08/2006,HXD,SC,ASO,ES,Federal Contract Tower,0,23,38,0,61,0,0,21,2,23,0,23,59,2,84,0,0,0,84
12/09/2006,HXD,SC,ASO,ES,Federal Contract Tower,0,22,23,0,45,0,0,32,0,32,0,22,55,0,77,8,0,8,85
12/10/2006,HXD,SC,ASO,ES,Federal Contract Tower,0,23,48,0,71,0,0,44,4,48,0,23,92,4,119,42,0,42,161
12/11/2006,HXD,SC,ASO,ES,Federal Contract Tower,0,22,26,0,48,0,0,33,2,35,0,22,59,2,83,18,0,18,101
12/12/2006,HXD,SC,ASO,ES,Federal Contract Tower,0,18,42,0,60,0,0,44,2,46,0,18,86,2,106,24,2,26,132
12/13/2006,HXD,SC,ASO,ES,Federal Contract Tower,0,10,25,0,35,0,0,2,0,2,0,10,27,0,37,0,0,0,37
12/14/2006,HXD,SC,ASO,ES,Federal Contract Tower,0,25,33,0,58,0,0,38,2,40,0,25,71,2,98,20,6,26,124
12/15/2006,HXD,SC,ASO,ES,Federal Contract Tower,0,28,34,0,62,0,0,24,1,25,0,28,58,1,87,24,0,24,111
12/16/2006,HXD,SC,ASO,ES,Federal Contract Tower,0,19,34,0,53,0,0,49,1,50,0,19,83,1,103,10,0,10,113
12/17/2006,HXD,SC,ASO,ES,Federal Contract Tower,0,26,34,0,60,0,0,37,0,37,0,26,71,0,97,28,0,28,125
12/18/2006,HXD,SC,ASO,ES,Federal Contract Tower,0,24,37,0,61,0,0,35,0,35,0,24,72,0,96,26,0,26,122
12/19/2006,HXD,SC,ASO,ES,Federal Contract Tower,0,31,46,0,77,0,0,46,0,46,0,31,92,0,123,58,0,58,181
12/20/2006,HXD,SC,ASO,ES,Federal Contract Tower,0,27,39,0,66,0,0,33,0,33,0,27,72,0,99,14,0,14,113
12/21/2006,HXD,SC,ASO,ES,Federal Contract Tower,0,32,53,0,85,0,0,37,2,39,0,32,90,2,124,22,0,22,146
12/22/2006,HXD,SC,ASO,ES,Federal Contract Tower,0,19,17,0,36,0,0,2,0,2,0,19,19,0,38,0,0,0,38
12/23/2006,HXD,SC,ASO,ES,Federal Contract Tower,0,22,29,0,51,0,0,18,1,19,0,22,47,1,70,8,0,8,78
12/24/2006,HXD,SC,ASO,ES,Federal Contract Tower,0,21,35,0,56,0,1,21,0,22,0,22,56,0,78,22,0,22,100
12/25/2006,HXD,SC,ASO,ES,Federal Contract Tower,0,25,5,0,30,0,0,0,0,0,0,25,5,0,30,0,0,0,30
12/26/2006,HXD,SC,ASO,ES,Federal Contract Tower,0,37,49,0,86,0,0,10,1,11,0,37,59,1,97,0,0,0,97
12/27/2006,HXD,SC,ASO,ES,Federal Contract Tower,0,27,48,0,75,0,0,68,0,68,0,27,116,0,143,28,0,28,171
12/28/2006,HXD,SC,ASO,ES,Federal Contract Tower,0,24,50,0,74,0,0,55,0,55,0,24,105,0,129,26,0,26,155
12/29/2006,HXD,SC,ASO,ES,Federal Contract Tower,0,41,63,0,104,0,0,60,0,60,0,41,123,0,164,26,0,26,190
12/30/2006,HXD,SC,ASO,ES,Federal Contract Tower,0,27,54,0,81,0,0,41,0,41,0,27,95,0,122,20,0,20,142
12/31/2006,HXD,SC,ASO,ES,Federal Contract Tower,0,16,29,0,45,0,0,27,0,27,0,16,56,0,72,12,0,12,84
01/01/2007,HXD,SC,ASO,ES,Federal Contract Tower,0,19,34,0,53,0,0,0,0,0,0,19,34,0,53,0,0,0,53
01/02/2007,HXD,SC,ASO,ES,Federal Contract Tower,0,35,56,0,91,0,0,34,2,36,0,35,90,2,127,20,10,30,157
01/03/2007,HXD,SC,ASO,ES,Federal Contract Tower,0,31,42,0,73,0,0,46,0,46,0,31,88,0,119,20,0,20,139
01/04/2007,HXD,SC,ASO,ES,Federal Contract Tower,0,12,10,0,22,0,0,0,0,0,0,12,10,0,22,0,0,0,22
01/05/2007,HXD,SC,ASO,ES,Federal Contract Tower,0,21,22,0,43,0,0,0,0,0,0,21,22,0,43,0,0,0,43
01/06/2007,HXD,SC,ASO,ES,Federal Contract Tower,0,18,44,0,62,0,0,65,0,65,0,18,109,0,127,36,0,36,163
01/07/2007,HXD,SC,ASO,ES,Federal Contract Tower,0,14,40,0,54,0,0,20,0,20,0,14,60,0,74,0,0,0,74
01/08/2007,HXD,SC,ASO,ES,Federal Contract Tower,0,21,22,0,43,0,0,24,0,24,0,21,46,0,67,0,0,0,67
01/09/2007,HXD,SC,ASO,ES,Federal Contract Tower,0,25,35,0,60,0,0,38,0,38,0,25,73,0,98,0,0,0,98
01/10/2007,HXD,SC,ASO,ES,Federal Contract Tower,0,21,20,0,41,0,0,47,0,47,0,21,67,0,88,16,0,16,104
01/11/2007,HXD,SC,ASO,ES,Federal Contract Tower,0,22,33,0,55,0,0,60,2,62,0,22,93,2,117,48,0,48,165
01/12/2007,HXD,SC,ASO,ES,Federal Contract Tower,0,30,61,0,91,0,0,67,0,67,0,30,128,0,158,6,0,6,164
01/13/2007,HXD,SC,ASO,ES,Federal Contract Tower,0,18,30,0,48,0,0,30,0,30,0,18,60,0,78,18,0,18,96
01/14/2007,HXD,SC,ASO,ES,Federal Contract Tower,0,18,35,0,53,0,0,37,4,41,0,18,72,4,94,14,0,14,108
01/15/2007,HXD,SC,ASO,ES,Federal Contract Tower,0,19,30,0,49,0,0,37,0,37,0,19,67,0,86,10,0,10,96
01/16/2007,HXD,SC,ASO,ES,Federal Contract Tower,0,22,36,0,58,0,0,13,0,13,0,22,49,0,71,0,0,0,71
01/17/2007,HXD,SC,ASO,ES,Federal Contract Tower,0,21,33,0,54,0,0,15,8,23,0,21,48,8,77,46,22,68,145
01/18/2007,HXD,SC,ASO,ES,Federal Contract Tower,0,11,19,1,31,0,0,0,0,0,0,11,19,1,31,0,0,0,31
01/19/2007,HXD,SC,ASO,ES,Federal Contract Tower,0,29,45,0,74,0,0,30,4,34,0,29,75,4,108,6,0,6,114
01/20/2007,HXD,SC,ASO,ES,Federal Contract Tower,0,12,36,1,49,0,0,51,0,51,0,12,87,1,100,8,0,8,108
01/21/2007,HXD,SC,ASO,ES,Federal Contract Tower,0,15,23,0,38,0,0,29,6,35,0,15,52,6,73,10,8,18,91
01/22/2007,HXD,SC,ASO,ES,Federal Contract Tower,0,23,25,3,51,0,0,6,0,6,0,23,31,3,57,0,0,0,57
01/23/2007,HXD,SC,ASO,ES,Federal Contract Tower,0,27,36,0,63,0,0,34,1,35,0,27,70,1,98,44,0,44,142
01/24/2007,HXD,SC,ASO,ES,Federal Contract Tower,0,21,33,0,54,0,0,40,6,46,0,21,73,6,100,8,0,8,108
01/25/2007,HXD,SC,ASO,ES,Federal Contract Tower,0,24,41,0,65,0,0,43,0,43,0,24,84,0,108,6,0,6,114
01/26/2007,HXD,SC,ASO,ES,Federal Contract Tower,0,30,52,0,82,0,0,37,2,39,0,30,89,2,121,8,0,8,129
01/27/2007,HXD,SC,ASO,ES,Federal Contract Tower,0,17,35,0,52,0,0,32,3,35,0,17,67,3,87,10,24,34,121
01/28/2007,HXD,SC,ASO,ES,Federal Contract Tower,0,12,37,0,49,0,0,36,0,36,0,12,73,0,85,18,0,18,103
01/29/2007,HXD,SC,ASO,ES,Federal Contract Tower,0,25,31,0,56,0,0,37,4,41,0,25,68,4,97,4,0,4,101
01/30/2007,HXD,SC,ASO,ES,Federal Contract Tower,0,21,38,0,59,0,0,59,2,61,0,21,97,2,120,12,0,12,132
01/31/2007,HXD,SC,ASO,ES,Federal Contract Tower,0,18,20,2,40,0,0,48,0,48,0,18,68,2,88,28,0,28,116
02/01/2007,HXD,SC,ASO,ES,Federal Contract Tower,0,11,9,0,20,0,0,0,1,1,0,11,9,1,21,0,0,0,21
02/02/2007,HXD,SC,ASO,ES,Federal Contract Tower,0,22,29,1,52,0,0,15,0,15,0,22,44,1,67,0,0,0,67
02/03/2007,HXD,SC,ASO,ES,Federal Contract Tower,0,15,30,2,47,0,0,18,0,18,0,15,48,2,65,0,0,0,65
02/04/2007,HXD,SC,ASO,ES,Federal Contract Tower,0,19,31,0,50,0,0,20,0,20,0,19,51,0,70,10,0,10,80
02/05/2007,HXD,SC,ASO,ES,Federal Contract Tower,0,27,34,0,61,0,2,22,4,28,0,29,56,4,89,12,10,22,111
02/06/2007,HXD,SC,ASO,ES,Federal Contract Tower,0,26,37,0,63,0,0,42,4,46,0,26,79,4,109,0,4,4,113
02/07/2007,HXD,SC,ASO,ES,Federal Contract Tower,0,29,53,0,82,0,0,43,4,47,0,29,96,4,129,5,0,5,134
02/08/2007,HXD,SC,ASO,ES,Federal Contract Tower,0,28,54,0,82,0,0,49,2,51,0,28,103,2,133,3,8,11,144
02/09/2007,HXD,SC,ASO,ES,Federal Contract Tower,0,22,51,0,73,0,0,52,0,52,0,22,103,0,125,14,0,14,139
02/10/2007,HXD,SC,ASO,ES,Federal Contract Tower,0,23,39,0,62,0,0,36,1,37,0,23,75,1,99,16,0,16,115
02/11/2007,HXD,SC,ASO,ES,Federal Contract Tower,0,15,39,0,54,0,0,53,4,57,0,15,92,4,111,12,0,12,123
02/12/2007,HXD,SC,ASO,ES,Federal Contract Tower,0,25,35,6,66,0,0,48,3,51,0,25,83,9,117,4,12,16,133
02/13/2007,HXD,SC,ASO,ES,Federal Contract Tower,0,20,32,5,57,0,0,10,3,13,0,20,42,8,70,0,0,0,70
02/14/2007,HXD,SC,ASO,ES,Federal Contract Tower,0,18,49,2,69,0,0,20,6,26,0,18,69,8,95,2,22,24,119
02/15/2007,HXD,SC,ASO,ES,Federal Contract Tower,0,22,42,6,70,0,2,41,12,55,0,24,83,18,125,4,0,4,129
02/16/2007,HXD,SC,ASO,ES,Federal Contract Tower,0,27,49,3,79,0,0,38,1,39,0,27,87,4,118,18,0,18,136
02/17/2007,HXD,SC,ASO,ES,Federal Contract Tower,0,25,27,0,52,0,0,42,0,42,0,25,69,0,94,58,0,58,152
02/18/2007,HXD,SC,ASO,ES,Federal Contract Tower,0,14,40,0,54,0,0,22,0,22,0,14,62,0,76,0,0,0,76
02/19/2007,HXD,SC,ASO,ES,Federal Contract Tower,0,22,54,0,76,0,0,36,0,36,0,22,90,0,112,18,0,18,130
02/20/2007,HXD,SC,ASO,ES,Federal Contract Tower,0,25,43,4,72,0,0,50,0,50,0,25,93,4,122,18,0,18,140
02/21/2007,HXD,SC,ASO,ES,Federal Contract Tower,0,27,52,0,79,0,0,30,0,30,0,27,82,0,109,28,0,28,137
02/22/2007,HXD,SC,ASO,ES,Federal Contract Tower,0,28,38,0,66,0,0,30,6,36,0,28,68,6,102,10,0,10,112
02/23/2007,HXD,SC,ASO,ES,Federal Contract Tower,0,27,48,2,77,0,0,36,0,36,0,27,84,2,113,10,0,10,123
02/24/2007,HXD,SC,ASO,ES,Federal Contract Tower,0,19,27,0,46,0,0,41,2,43,0,19,68,2,89,4,0,4,93
02/25/2007,HXD,SC,ASO,ES,Federal Contract Tower,0,18,27,0,45,0,0,11,2,13,0,18,38,2,58,1,2,3,61
02/26/2007,HXD,SC,ASO,ES,Federal Contract Tower,0,23,37,0,60,0,0,38,0,38,0,23,75,0,98,28,0,28,126
02/27/2007,HXD,SC,ASO,ES,Federal Contract Tower,0,26,29,0,55,0,0,26,0,26,0,26,55,0,81,32,0,32,113
02/28/2007,HXD,SC,ASO,ES,Federal Contract Tower,0,26,58,0,84,0,0,26,0,26,0,26,84,0,110,16,0,16,126
03/01/2007,HXD,SC,ASO,ES,Federal Contract Tower,0,16,24,4,44,0,0,6,2,8,0,16,30,6,52,0,0,0,52
03/02/2007,HXD,SC,ASO,ES,Federal Contract Tower,0,24,41,0,65,0,0,16,3,19,0,24,57,3,84,0,0,0,84
03/03/2007,HXD,SC,ASO,ES,Federal Contract Tower,0,19,31,0,50,0,0,38,20,58,0,19,69,20,108,2,0,2,110
03/04/2007,HXD,SC,ASO,ES,Federal Contract Tower,0,20,45,0,65,0,0,42,2,44,0,20,87,2,109,0,0,0,109
03/05/2007,HXD,SC,ASO,ES,Federal Contract Tower,0,25,44,2,71,0,0,84,7,91,0,25,128,9,162,28,0,28,190
03/06/2007,HXD,SC,ASO,ES,Federal Contract Tower,0,30,37,0,67,0,0,55,2,57,0,30,92,2,124,8,0,8,132
03/07/2007,HXD,SC,ASO,ES,Federal Contract Tower,0,29,52,0,81,0,0,47,0,47,0,29,99,0,128,34,0,34,162
03/08/2007,HXD,SC,ASO,ES,Federal Contract Tower,0,37,59,0,96,0,0,39,1,40,0,37,98,1,136,24,0,24,160
03/09/2007,HXD,SC,ASO,ES,Federal Contract Tower,0,27,55,1,83,0,0,14,2,16,0,27,69,3,99,2,0,2,101
03/10/2007,HXD,SC,ASO,ES,Federal Contract Tower,0,29,31,0,60,0,0,39,2,41,0,29,70,2,101,8,0,8,109
03/11/2007,HXD,SC,ASO,ES,Federal Contract Tower,0,23,43,0,66,0,0,42,4,46,0,23,85,4,112,20,0,20,132
03/12/2007,HXD,SC,ASO,ES,Federal Contract Tower,0,24,52,0,76,0,0,50,0,50,0,24,102,0,126,16,0,16,142
03/13/2007,HXD,SC,ASO,ES,Federal Contract Tower,0,25,36,0,61,0,0,35,4,39,0,25,71,4,100,10,20,30,130
03/14/2007,HXD,SC,ASO,ES,Federal Contract Tower,0,26,54,2,82,0,0,69,2,71,0,26,123,4,153,32,0,32,185
03/15/2007,HXD,SC,ASO,ES,Federal Contract Tower,0,40,47,0,87,0,0,23,1,24,0,40,70,1,111,3,0,3,114
03/16/2007,HXD,SC,ASO,ES,Federal Contract Tower,0,23,34,0,57,0,0,8,4,12,0,23,42,4,69,14,6,20,89
03/17/2007,HXD,SC,ASO,ES,Federal Contract Tower,0,28,49,0,77,0,0,40,4,44,0,28,89,4,121,1,10,11,132
03/18/2007,HXD,SC,ASO,ES,Federal Contract Tower,0,24,66,0,90,0,0,42,0,42,0,24,108,0,132,11,0,11,143
03/19/2007,HXD,SC,ASO,ES,Federal Contract Tower,0,32,38,0,70,0,0,40,3,43,0,32,78,3,113,14,0,14,127
03/20/2007,HXD,SC,ASO,ES,Federal Contract Tower,0,31,41,0,72,0,0,60,2,62,0,31,101,2,134,18,0,18,152
03/21/2007,HXD,SC,ASO,ES,Federal Contract Tower,0,32,64,0,96,0,0,44,4,48,0,32,108,4,144,20,0,20,164
03/22/2007,HXD,SC,ASO,ES,Federal Contract Tower,0,35,57,0,92,0,0,28,0,28,0,35,85,0,120,26,0,26,146
03/23/2007,HXD,SC,ASO,ES,Federal Contract Tower,0,32,57,0,89,0,10,48,2,60,0,42,105,2,149,16,12,28,177
03/24/2007,HXD,SC,ASO,ES,Federal Contract Tower,0,29,49,0,78,0,0,48,3,51,0,29,97,3,129,0,0,0,129
03/25/2007,HXD,SC,ASO,ES,Federal Contract Tower,0,30,69,0,99,0,0,48,2,50,0,30,117,2,149,8,14,22,171
03/26/2007,HXD,SC,ASO,ES,Federal Contract Tower,0,28,54,0,82,0,0,25,2,27,0,28,79,2,109,0,0,0,109
03/27/2007,HXD,SC,ASO,ES,Federal Contract Tower,0,27,53,0,80,0,0,46,4,50,0,27,99,4,130,24,0,24,154
03/28/2007,HXD,SC,ASO,ES,Federal Contract Tower,0,33,46,0,79,0,0,35,4,39,0,33,81,4,118,8,0,8,126
03/29/2007,HXD,SC,ASO,ES,Federal Contract Tower,0,36,52,0,88,0,0,10,0,10,0,36,62,0,98,0,3,3,101
03/30/2007,HXD,SC,ASO,ES,Federal Contract Tower,0,34,60,0,94,0,0,30,1,31,0,34,90,1,125,2,2,4,129
03/31/2007,HXD,SC,ASO,ES,Federal Contract Tower,0,31,60,0,91,0,0,52,2,54,0,31,112,2,145,10,0,10,155
04/01/2007,HXD,SC,ASO,ES,Federal Contract Tower,0,30,60,0,90,0,0,36,0,36,0,30,96,0,126,0,0,0,126
04/02/2007,HXD,SC,ASO,ES,Federal Contract Tower,0,32,49,0,81,0,0,71,0,71,0,32,120,0,152,20,0,20,172
04/03/2007,HXD,SC,ASO,ES,Federal Contract Tower,0,31,47,0,78,0,0,56,2,58,0,31,103,2,136,28,12,40,176
04/04/2007,HXD,SC,ASO,ES,Federal Contract Tower,0,42,35,0,77,0,0,27,0,27,0,42,62,0,104,2,0,2,106
04/05/2007,HXD,SC,ASO,ES,Federal Contract Tower,0,47,71,0,118,0,0,36,4,40,0,47,107,4,158,12,0,12,170
04/06/2007,HXD,SC,ASO,ES,Federal Contract Tower,0,32,77,0,109,0,2,48,1,51,0,34,125,1,160,0,10,10,170
04/07/2007,HXD,SC,ASO,ES,Federal Contract Tower,0,23,62,2,87,0,0,28,6,34,0,23,90,8,121,2,14,16,137
04/08/2007,HXD,SC,ASO,ES,Federal Contract Tower,0,33,55,0,88,0,0,47,0,47,0,33,102,0,135,12,0,12,147
04/09/2007,HXD,SC,ASO,ES,Federal Contract Tower,0,39,77,0,116,0,0,57,0,57,0,39,134,0,173,12,0,12,185
04/10/2007,HXD,SC,ASO,ES,Federal Contract Tower,0,48,50,0,98,0,0,45,6,51,0,48,95,6,149,6,2,8,157
04/11/2007,HXD,SC,ASO,ES,Federal Contract Tower,0,50,63,1,114,0,1,22,0,23,0,51,85,1,137,14,0,14,151
04/12/2007,HXD,SC,ASO,ES,Federal Contract Tower,0,47,101,0,148,0,0,30,1,31,0,47,131,1,179,13,1,14,193
04/13/2007,HXD,SC,ASO,ES,Federal Contract Tower,0,50,98,0,148,0,0,81,0,81,0,50,179,0,229,14,0,14,243
04/14/2007,HXD,SC,ASO,ES,Federal Contract Tower,0,41,77,2,120,0,0,57,0,57,0,41,134,2,177,3,0,3,180
04/15/2007,HXD,SC,ASO,ES,Federal Contract Tower,0,29,54,0,83,0,0,3,0,3,0,29,57,0,86,0,0,0,86
04/16/2007,HXD,SC,ASO,ES,Federal Contract Tower,0,59,66,0,125,0,0,21,2,23,0,59,87,2,148,0,0,0,148
04/17/2007,HXD,SC,ASO,ES,Federal Contract Tower,0,53,60,0,113,0,0,74,5,79,0,53,134,5,192,12,28,40,232
04/18/2007,HXD,SC,ASO,ES,Federal Contract Tower,0,40,69,0,109,0,0,59,0,59,0,40,128,0,168,4,0,4,172
04/19/2007,HXD,SC,ASO,ES,Federal Contract Tower,0,35,66,0,101,0,0,60,0,60,0,35,126,0,161,0,2,2,163
04/20/2007,HXD,SC,ASO,ES,Federal Contract Tower,0,44,68,0,112,0,0,38,2,40,0,44,106,2,152,0,0,0,152
04/21/2007,HXD,SC,ASO,ES,Federal Contract Tower,0,23,43,0,66,0,0,60,2,62,0,23,103,2,128,1,0,1,129
04/22/2007,HXD,SC,ASO,ES,Federal Contract Tower,0,34,82,0,116,0,0,87,4,91,0,34,169,4,207,4,0,4,211
04/23/2007,HXD,SC,ASO,ES,Federal Contract Tower,0,31,70,0,101,0,0,70,6,76,0,31,140,6,177,28,6,34,211
04/24/2007,HXD,SC,ASO,ES,Federal Contract Tower,0,28,46,0,74,0,0,72,0,72,0,28,118,0,146,12,0,12,158
04/25/2007,HXD,SC,ASO,ES,Federal Contract Tower,0,30,48,0,78,0,0,53,0,53,0,30,101,0,131,31,0,31,162
04/26/2007,HXD,SC,ASO,ES,Federal Contract Tower,0,35,54,0,89,0,0,51,0,51,0,35,105,0,140,25,0,25,165
04/27/2007,HXD,SC,ASO,ES,Federal Contract Tower,0,36,65,0,101,0,0,27,4,31,0,36,92,4,132,13,0,13,145
04/28/2007,HXD,SC,ASO,ES,Federal Contract Tower,0,21,33,0,54,0,0,83,5,88,0,21,116,5,142,9,14,23,165
04/29/2007,HXD,SC,ASO,ES,Federal Contract Tower,0,22,58,0,80,0,0,59,0,59,0,22,117,0,139,5,0,5,144
04/30/2007,HXD,SC,ASO,ES,Federal Contract Tower,0,28,39,0,67,0,0,49,1,50,0,28,88,1,117,20,0,20,137
05/01/2007,HXD,SC,ASO,ES,Federal Contract Tower,0,35,33,0,68,0,1,84,6,91,0,36,117,6,159,50,12,62,221
05/02/2007,HXD,SC,ASO,ES,Federal Contract Tower,0,30,70,0,100,0,0,52,2,54,0,30,122,2,154,14,0,14,168
05/03/2007,HXD,SC,ASO,ES,Federal Contract Tower,0,30,46,0,76,0,0,19,0,19,0,30,65,0,95,4,0,4,99
05/04/2007,HXD,SC,ASO,ES,Federal Contract Tower,0,38,54,1,93,0,0,7,0,7,0,38,61,1,100,0,0,0,100
05/05/2007,HXD,SC,ASO,ES,Federal Contract Tower,0,30,47,0,77,0,0,17,2,19,0,30,64,2,96,0,0,0,96
05/06/2007,HXD,SC,ASO,ES,Federal Contract Tower,0,30,68,0,98,0,0,14,2,16,0,30,82,2,114,0,0,0,114
05/07/2007,HXD,SC,ASO,ES,Federal Contract Tower,0,32,43,0,75,0,0,18,8,26,0,32,61,8,101,0,4,4,105
05/08/2007,HXD,SC,ASO,ES,Federal Contract Tower,0,28,29,0,57,0,0,18,4,22,0,28,47,4,79,6,0,6,85
05/09/2007,HXD,SC,ASO,ES,Federal Contract Tower,0,31,35,0,66,0,0,4,6,10,0,31,39,6,76,0,0,0,76
05/10/2007,HXD,SC,ASO,ES,Federal Contract Tower,0,34,52,0,86,0,0,31,0,31,0,34,83,0,117,0,0,0,117
05/11/2007,HXD,SC,ASO,ES,Federal Contract Tower,0,37,58,0,95,0,2,43,0,45,0,39,101,0,140,0,0,0,140
05/12/2007,HXD,SC,ASO,ES,Federal Contract Tower,0,24,35,0,59,0,2,31,0,33,0,26,66,0,92,4,0,4,96
05/13/2007,HXD,SC,ASO,ES,Federal Contract Tower,0,36,56,0,92,0,0,26,0,26,0,36,82,0,118,4,0,4,122
05/14/2007,HXD,SC,ASO,ES,Federal Contract Tower,0,30,54,0,84,0,0,47,0,47,0,30,101,0,131,16,0,16,147
05/15/2007,HXD,SC,ASO,ES,Federal Contract Tower,0,33,44,0,77,0,0,49,2,51,0,33,93,2,128,0,0,0,128
05/16/2007,HXD,SC,ASO,ES,Federal Contract Tower,0,39,57,0,96,0,0,50,0,50,0,39,107,0,146,12,0,12,158
05/17/2007,HXD,SC,ASO,ES,Federal Contract Tower,0,40,45,0,85,0,0,2,0,2,0,40,47,0,87,0,0,0,87
05/18/2007,HXD,SC,ASO,ES,Federal Contract Tower,0,36,46,0,82,0,0,45,0,45,0,36,91,0,127,12,0,12,139
05/19/2007,HXD,SC,ASO,ES,Federal Contract Tower,0,27,35,0,62,0,0,44,2,46,0,27,79,2,108,0,0,0,108
05/20/2007,HXD,SC,ASO,ES,Federal Contract Tower,0,26,46,0,72,0,0,53,0,53,0,26,99,0,125,12,0,12,137
05/21/2007,HXD,SC,ASO,ES,Federal Contract Tower,0,28,46,0,74,0,0,48,0,48,0,28,94,0,122,18,0,18,140
05/22/2007,HXD,SC,ASO,ES,Federal Contract Tower,0,38,32,0,70,0,0,44,0,44,0,38,76,0,114,14,0,14,128
05/23/2007,HXD,SC,ASO,ES,Federal Contract Tower,0,29,26,0,55,0,0,19,0,19,0,29,45,0,74,0,0,0,74
05/24/2007,HXD,SC,ASO,ES,Federal Contract Tower,0,43,51,0,94,0,0,34,2,36,0,43,85,2,130,34,0,34,164
05/25/2007,HXD,SC,ASO,ES,Federal Contract Tower,0,40,113,0,153,0,0,78,0,78,0,40,191,0,231,16,0,16,247
05/26/2007,HXD,SC,ASO,ES,Federal Contract Tower,0,29,57,0,86,0,5,62,0,67,0,34,119,0,153,4,0,4,157
05/27/2007,HXD,SC,ASO,ES,Federal Contract Tower,0,26,47,0,73,0,0,56,4,60,0,26,103,4,133,0,0,0,133
05/28/2007,HXD,SC,ASO,ES,Federal Contract Tower,0,36,80,0,116,0,0,82,10,92,0,36,162,10,208,0,0,0,208
05/29/2007,HXD,SC,ASO,ES,Federal Contract Tower,0,31,69,0,100,0,0,49,7,56,0,31,118,7,156,28,0,28,184
05/30/2007,HXD,SC,ASO,ES,Federal Contract Tower,0,41,52,0,93,0,1,46,0,47,0,42,98,0,140,18,0,18,158
05/31/2007,HXD,SC,ASO,ES,Federal Contract Tower,0,30,35,0,65,0,3,25,0,28,0,33,60,0,93,19,0,19,112
06/01/2007,HXD,SC,ASO,ES,Federal Contract Tower,0,32,59,0,91,0,0,28,2,30,0,32,87,2,121,0,0,0,121
06/02/2007,HXD,SC,ASO,ES,Federal Contract Tower,0,24,27,0,51,0,0,0,0,0,0,24,27,0,51,0,0,0,51
06/03/2007,HXD,SC,ASO,ES,Federal Contract Tower,0,23,33,0,56,0,0,15,2,17,0,23,48,2,73,0,0,0,73
06/04/2007,HXD,SC,ASO,ES,Federal Contract Tower,0,25,51,0,76,0,0,53,0,53,0,25,104,0,129,30,0,30,159
06/05/2007,HXD,SC,ASO,ES,Federal Contract Tower,0,42,54,0,96,0,0,26,0,26,0,42,80,0,122,12,0,12,134
06/06/2007,HXD,SC,ASO,ES,Federal Contract Tower,0,36,53,0,89,0,0,24,2,26,0,36,77,2,115,6,0,6,121
06/07/2007,HXD,SC,ASO,ES,Federal Contract Tower,0,32,54,0,86,0,0,22,0,22,0,32,76,0,108,0,0,0,108
06/08/2007,HXD,SC,ASO,ES,Federal Contract Tower,0,34,44,0,78,0,0,35,4,39,0,34,79,4,117,21,2,23,140
06/09/2007,HXD,SC,ASO,ES,Federal Contract Tower,0,42,56,0,98,0,0,31,2,33,0,42,87,2,131,4,0,4,135
06/10/2007,HXD,SC,ASO,ES,Federal Contract Tower,0,29,55,0,84,0,0,39,0,39,0,29,94,0,123,6,0,6,129
06/11/2007,HXD,SC,ASO,ES,Federal Contract Tower,0,29,39,0,68,0,0,29,2,31,0,29,68,2,99,4,0,4,103
06/12/2007,HXD,SC,ASO,ES,Federal Contract Tower,0,37,38,0,75,0,0,31,2,33,0,37,69,2,108,14,0,14,122
06/13/2007,HXD,SC,ASO,ES,Federal Contract Tower,0,31,48,0,79,0,0,16,2,18,0,31,64,2,97,0,0,0,97
06/14/2007,HXD,SC,ASO,ES,Federal Contract Tower,0,35,58,0,93,0,0,39,0,39,0,35,97,0,132,10,16,26,158
06/15/2007,HXD,SC,ASO,ES,Federal Contract Tower,0,33,52,0,85,0,0,37,1,38,0,33,89,1,123,0,0,0,123
06/16/2007,HXD,SC,ASO,ES,Federal Contract Tower,0,30,62,0,92,0,0,72,4,76,0,30,134,4,168,0,6,6,174
06/17/2007,HXD,SC,ASO,ES,Federal Contract Tower,0,30,49,0,79,0,0,41,0,41,0,30,90,0,120,18,0,18,138
06/18/2007,HXD,SC,ASO,ES,Federal Contract Tower,0,32,46,0,78,0,0,40,6,46,0,32,86,6,124,20,0,20,144
06/19/2007,HXD,SC,ASO,ES,Federal Contract Tower,0,32,40,0,72,0,0,32,2,34,0,32,72,2,106,4,0,4,110
06/20/2007,HXD,SC,ASO,ES,Federal Contract Tower,0,28,41,0,69,0,0,8,1,9,0,28,49,1,78,0,0,0,78
06/21/2007,HXD,SC,ASO,ES,Federal Contract Tower,0,36,53,0,89,0,0,27,0,27,0,36,80,0,116,8,0,8,124
06/22/2007,HXD,SC,ASO,ES,Federal Contract Tower,0,35,42,0,77,0,0,63,3,66,0,35,105,3,143,14,0,14,157
06/23/2007,HXD,SC,ASO,ES,Federal Contract Tower,0,29,48,0,77,0,0,80,5,85,0,29,128,5,162,0,0,0,162
06/24/2007,HXD,SC,ASO,ES,Federal Contract Tower,0,29,56,0,85,0,0,62,4,66,0,29,118,4,151,10,0,10,161
06/25/2007,HXD,SC,ASO,ES,Federal Contract Tower,0,23,46,0,69,0,0,31,2,33,0,23,77,2,102,14,0,14,116
06/26/2007,HXD,SC,ASO,ES,Federal Contract Tower,0,32,46,0,78,0,0,54,2,56,0,32,100,2,134,12,2,14,148
06/27/2007,HXD,SC,ASO,ES,Federal Contract Tower,0,28,36,2,66,0,0,31,3,34,0,28,67,5,100,0,8,8,108
06/28/2007,HXD,SC,ASO,ES,Federal Contract Tower,0,34,42,0,76,0,0,50,2,52,0,34,92,2,128,14,0,14,142
06/29/2007,HXD,SC,ASO,ES,Federal Contract Tower,0,34,66,0,100,0,0,51,2,53,0,34,117,2,153,28,0,28,181
06/30/2007,HXD,SC,ASO,ES,Federal Contract Tower,0,36,68,0,104,0,3,47,1,51,0,39,115,1,155,0,0,0,155
07/01/2007,HXD,SC,ASO,ES,Federal Contract Tower,0,29,55,0,84,0,0,45,3,48,0,29,100,3,132,2,0,2,134
07/02/2007,HXD,SC,ASO,ES,Federal Contract Tower,0,32,44,0,76,0,0,3,0,3,0,32,47,0,79,0,0,0,79
07/03/2007,HXD,SC,ASO,ES,Federal Contract Tower,0,37,51,0,88,0,0,20,0,20,0,37,71,0,108,26,0,26,134
07/04/2007,HXD,SC,ASO,ES,Federal Contract Tower,0,25,42,0,67,0,0,52,0,52,0,25,94,0,119,0,0,0,119
07/05/2007,HXD,SC,ASO,ES,Federal Contract Tower,0,36,48,0,84,0,0,51,2,53,0,36,99,2,137,6,0,6,143
07/06/2007,HXD,SC,ASO,ES,Federal Contract Tower,0,31,57,0,88,0,0,34,0,34,0,31,91,0,122,6,6,12,134
07/07/2007,HXD,SC,ASO,ES,Federal Contract Tower,0,30,61,0,91,0,0,33,0,33,0,30,94,0,124,0,2,2,126
07/08/2007,HXD,SC,ASO,ES,Federal Contract Tower,0,31,76,0,107,0,0,6,4,10,0,31,82,4,117,0,16,16,133
07/09/2007,HXD,SC,ASO,ES,Federal Contract Tower,0,28,61,0,89,0,0,28,2,30,0,28,89,2,119,14,0,14,133
07/10/2007,HXD,SC,ASO,ES,Federal Contract Tower,0,30,62,0,92,0,0,37,0,37,0,30,99,0,129,8,0,8,137
07/11/2007,HXD,SC,ASO,ES,Federal Contract Tower,0,28,39,0,67,0,0,32,3,35,0,28,71,3,102,16,8,24,126
07/12/2007,HXD,SC,ASO,ES,Federal Contract Tower,0,28,50,0,78,0,0,31,3,34,0,28,81,3,112,6,18,24,136
07/13/2007,HXD,SC,ASO,ES,Federal Contract Tower,0,30,58,0,88,0,0,37,2,39,0,30,95,2,127,22,0,22,149
07/14/2007,HXD,SC,ASO,ES,Federal Contract Tower,0,41,45,0,86,0,0,27,2,29,0,41,72,2,115,0,0,0,115
07/15/2007,HXD,SC,ASO,ES,Federal Contract Tower,0,36,51,0,87,0,0,57,6,63,0,36,108,6,150,10,0,10,160
07/16/2007,HXD,SC,ASO,ES,Federal Contract Tower,0,33,49,0,82,0,0,43,0,43,0,33,92,0,125,6,0,6,131
07/17/2007,HXD,SC,ASO,ES,Federal Contract Tower,0,27,43,0,70,0,0,46,0,46,0,27,89,0,116,14,0,14,130
07/18/2007,HXD,SC,ASO,ES,Federal Contract Tower,0,31,50,0,81,0,0,59,0,59,0,31,109,0,140,6,0,6,146
07/19/2007,HXD,SC,ASO,ES,Federal Contract Tower,0,37,48,0,85,0,1,31,1,33,0,38,79,1,118,4,0,4,122
07/20/2007,HXD,SC,ASO,ES,Federal Contract Tower,0,39,56,0,95,0,0,44,3,47,0,39,100,3,142,6,0,6,148
07/21/2007,HXD,SC,ASO,ES,Federal Contract Tower,0,35,57,0,92,0,0,46,4,50,0,35,103,4,142,0,0,0,142
07/22/2007,HXD,SC,ASO,ES,Federal Contract Tower,0,29,56,0,85,0,1,45,1,47,0,30,101,1,132,8,20,28,160
07/23/2007,HXD,SC,ASO,ES,Federal Contract Tower,0,33,55,0,88,0,0,31,0,31,0,33,86,0,119,10,0,10,129
07/24/2007,HXD,SC,ASO,ES,Federal Contract Tower,0,42,49,0,91,0,0,54,1,55,0,42,103,1,146,18,0,18,164
07/25/2007,HXD,SC,ASO,ES,Federal Contract Tower,0,32,47,0,79,0,0,35,2,37,0,32,82,2,116,12,0,12,128
07/26/2007,HXD,SC,ASO,ES,Federal Contract Tower,0,29,43,0,72,0,0,49,0,49,0,29,92,0,121,8,0,8,129
07/27/2007,HXD,SC,ASO,ES,Federal Contract Tower,0,31,47,0,78,0,0,78,2,80,0,31,125,2,158,11,0,11,169
07/28/2007,HXD,SC,ASO,ES,Federal Contract Tower,0,30,45,0,75,0,0,30,4,34,0,30,75,4,109,1,0,1,110
07/29/2007,HXD,SC,ASO,ES,Federal Contract Tower,0,31,56,0,87,0,0,21,4,25,0,31,77,4,112,8,0,8,120
07/30/2007,HXD,SC,ASO,ES,Federal Contract Tower,0,27,41,0,68,0,0,40,4,44,0,27,81,4,112,18,0,18,130
07/31/2007,HXD,SC,ASO,ES,Federal Contract Tower,0,39,38,0,77,0,0,41,1,42,0,39,79,1,119,48,0,48,167
08/01/2007,HXD,SC,ASO,ES,Federal Contract Tower,0,32,48,0,80,0,0,0,0,0,0,32,48,0,80,22,0,22,102
08/02/2007,HXD,SC,ASO,ES,Federal Contract Tower,0,31,54,0,85,0,0,60,0,60,0,31,114,0,145,20,0,20,165
08/03/2007,HXD,SC,ASO,ES,Federal Contract Tower,0,42,70,0,112,0,0,0,6,6,0,42,70,6,118,0,0,0,118
08/04/2007,HXD,SC,ASO,ES,Federal Contract Tower,0,50,59,0,109,0,0,21,2,23,0,50,80,2,132,0,0,0,132
08/05/2007,HXD,SC,ASO,ES,Federal Contract Tower,0,35,54,0,89,0,0,62,2,64,0,35,116,2,153,16,0,16,169
08/06/2007,HXD,SC,ASO,ES,Federal Contract Tower,0,27,53,0,80,0,0,17,0,17,0,27,70,0,97,6,0,6,103
08/07/2007,HXD,SC,ASO,ES,Federal Contract Tower,0,40,44,0,84,0,0,25,2,27,0,40,69,2,111,10,0,10,121
08/08/2007,HXD,SC,ASO,ES,Federal Contract Tower,0,36,68,0,104,0,0,24,0,24,0,36,92,0,128,0,0,0,128
08/09/2007,HXD,SC,ASO,ES,Federal Contract Tower,0,31,51,0,82,0,0,19,0,19,0,31,70,0,101,0,0,0,101
08/10/2007,HXD,SC,ASO,ES,Federal Contract Tower,0,36,61,0,97,0,2,30,1,33,0,38,91,1,130,0,0,0,130
08/11/2007,HXD,SC,ASO,ES,Federal Contract Tower,0,29,52,0,81,0,0,10,1,11,0,29,62,1,92,6,0,6,98
08/12/2007,HXD,SC,ASO,ES,Federal Contract Tower,0,37,72,0,109,0,0,41,0,41,0,37,113,0,150,0,0,0,150
08/13/2007,HXD,SC,ASO,ES,Federal Contract Tower,0,30,51,0,81,0,0,42,2,44,0,30,93,2,125,0,0,0,125
08/14/2007,HXD,SC,ASO,ES,Federal Contract Tower,0,34,26,0,60,0,0,23,1,24,0,34,49,1,84,10,0,10,94
08/15/2007,HXD,SC,ASO,ES,Federal Contract Tower,0,26,40,0,66,0,0,0,0,0,0,26,40,0,66,4,2,6,72
08/16/2007,HXD,SC,ASO,ES,Federal Contract Tower,0,27,32,0,59,0,0,21,1,22,0,27,53,1,81,12,0,12,93
08/17/2007,HXD,SC,ASO,ES,Federal Contract Tower,0,31,40,0,71,0,1,28,1,30,0,32,68,1,101,4,0,4,105
08/18/2007,HXD,SC,ASO,ES,Federal Contract Tower,0,37,59,0,96,0,0,68,6,74,0,37,127,6,170,2,0,2,172
08/19/2007,HXD,SC,ASO,ES,Federal Contract Tower,0,29,48,0,77,0,0,38,0,38,0,29,86,0,115,12,0,12,127
08/20/2007,HXD,SC,ASO,ES,Federal Contract Tower,0,35,48,0,83,0,2,34,3,39,0,37,82,3,122,14,0,14,136
08/21/2007,HXD,SC,ASO,ES,Federal Contract Tower,0,31,50,0,81,0,0,48,0,48,0,31,98,0,129,48,0,48,177
08/22/2007,HXD,SC,ASO,ES,Federal Contract Tower,0,28,42,0,70,0,0,40,1,41,0,28,82,1,111,18,0,18,129
08/23/2007,HXD,SC,ASO,ES,Federal Contract Tower,0,38,51,0,89,0,0,23,2,25,0,38,74,2,114,10,0,10,124
08/24/2007,HXD,SC,ASO,ES,Federal Contract Tower,0,35,55,0,90,0,0,13,3,16,0,35,68,3,106,6,0,6,112
08/25/2007,HXD,SC,ASO,ES,Federal Contract Tower,0,39,37,0,76,0,0,28,4,32,0,39,65,4,108,0,0,0,108
08/26/2007,HXD,SC,ASO,ES,Federal Contract Tower,0,31,67,0,98,0,0,65,3,68,0,31,132,3,166,4,0,4,170
08/27/2007,HXD,SC,ASO,ES,Federal Contract Tower,0,32,43,0,75,0,0,26,2,28,0,32,69,2,103,10,0,10,113
08/28/2007,HXD,SC,ASO,ES,Federal Contract Tower,0,31,42,0,73,0,0,31,1,32,0,31,73,1,105,12,0,12,117
08/29/2007,HXD,SC,ASO,ES,Federal Contract Tower,0,43,40,0,83,0,0,41,2,43,0,43,81,2,126,24,0,24,150
08/30/2007,HXD,SC,ASO,ES,Federal Contract Tower,0,40,37,1,78,0,0,24,4,28,0,40,61,5,106,10,0,10,116
08/31/2007,HXD,SC,ASO,ES,Federal Contract Tower,0,28,58,0,86,0,0,4,9,13,0,28,62,9,99,1,0,1,100
09/01/2007,HXD,SC,ASO,ES,Federal Contract Tower,0,26,21,0,47,0,0,1,0,1,0,26,22,0,48,8,0,8,56
09/02/2007,HXD,SC,ASO,ES,Federal Contract Tower,0,15,16,0,31,0,0,3,0,3,0,15,19,0,34,0,0,0,34
09/03/2007,HXD,SC,ASO,ES,Federal Contract Tower,0,33,47,0,80,0,0,41,0,41,0,33,88,0,121,14,0,14,135
09/04/2007,HXD,SC,ASO,ES,Federal Contract Tower,0,35,70,0,105,0,0,38,0,38,0,35,108,0,143,12,0,12,155
09/05/2007,HXD,SC,ASO,ES,Federal Contract Tower,0,27,41,0,68,0,0,37,4,41,0,27,78,4,109,12,0,12,121
09/06/2007,HXD,SC,ASO,ES,Federal Contract Tower,0,29,48,0,77,0,0,54,0,54,0,29,102,0,131,6,2,8,139
09/07/2007,HXD,SC,ASO,ES,Federal Contract Tower,0,33,60,0,93,0,0,46,0,46,0,33,106,0,139,7,4,11,150
09/08/2007,HXD,SC,ASO,ES,Federal Contract Tower,0,24,30,1,55,0,0,66,0,66,0,24,96,1,121,14,3,17,138
09/09/2007,HXD,SC,ASO,ES,Federal Contract Tower,0,28,33,0,61,0,0,42,5,47,0,28,75,5,108,10,12,22,130
09/10/2007,HXD,SC,ASO,ES,Federal Contract Tower,0,28,30,0,58,0,0,22,1,23,0,28,52,1,81,16,0,16,97
09/11/2007,HXD,SC,ASO,ES,Federal Contract Tower,0,30,33,0,63,0,0,32,2,34,0,30,65,2,97,18,0,18,115
09/12/2007,HXD,SC,ASO,ES,Federal Contract Tower,0,36,43,0,79,0,0,28,5,33,0,36,71,5,112,14,0,14,126
09/13/2007,HXD,SC,ASO,ES,Federal Contract Tower,0,23,41,0,64,0,0,31,0,31,0,23,72,0,95,16,0,16,111
09/14/2007,HXD,SC,ASO,ES,Federal Contract Tower,0,33,42,0,75,0,0,31,0,31,0,33,73,0,106,16,0,16,122
09/15/2007,HXD,SC,ASO,ES,Federal Contract Tower,0,30,18,0,48,0,0,20,2,22,0,30,38,2,70,2,2,4,74
09/16/2007,HXD,SC,ASO,ES,Federal Contract Tower,0,26,55,0,81,0,0,31,2,33,0,26,86,2,114,2,0,2,116
09/17/2007,HXD,SC,ASO,ES,Federal Contract Tower,0,28,31,0,59,0,1,36,5,42,0,29,67,5,101,18,1,19,120
09/18/2007,HXD,SC,ASO,ES,Federal Contract Tower,0,31,40,0,71,0,0,39,0,39,0,31,79,0,110,20,0,20,130
09/19/2007,HXD,SC,ASO,ES,Federal Contract Tower,0,30,43,0,73,0,2,24,1,27,0,32,67,1,100,8,0,8,108
09/20/2007,HXD,SC,ASO,ES,Federal Contract Tower,0,30,43,2,75,0,0,3,0,3,0,30,46,2,78,10,0,10,88
09/21/2007,HXD,SC,ASO,ES,Federal Contract Tower,0,30,46,1,77,0,0,0,0,0,0,30,46,1,77,0,2,2,79
09/22/2007,HXD,SC,ASO,ES,Federal Contract Tower,0,24,15,0,39,0,0,40,4,44,0,24,55,4,83,17,0,17,100
09/23/2007,HXD,SC,ASO,ES,Federal Contract Tower,0,31,42,0,73,0,0,41,0,41,0,31,83,0,114,8,0,8,122
09/24/2007,HXD,SC,ASO,ES,Federal Contract Tower,0,37,27,0,64,0,0,47,1,48,0,37,74,1,112,14,6,20,132
09/25/2007,HXD,SC,ASO,ES,Federal Contract Tower,0,33,36,0,69,0,0,37,2,39,0,33,73,2,108,12,2,14,122
09/26/2007,HXD,SC,ASO,ES,Federal Contract Tower,0,30,50,2,82,0,2,27,9,38,0,32,77,11,120,18,0,18,138
09/27/2007,HXD,SC,ASO,ES,Federal Contract Tower,0,45,34,0,79,0,0,40,5,45,0,45,74,5,124,11,0,11,135
09/28/2007,HXD,SC,ASO,ES,Federal Contract Tower,0,36,54,0,90,0,0,53,4,57,0,36,107,4,147,16,0,16,163
09/29/2007,HXD,SC,ASO,ES,Federal Contract Tower,0,29,36,0,65,0,0,48,0,48,0,29,84,0,113,11,0,11,124
09/30/2007,HXD,SC,ASO,ES,Federal Contract Tower,0,43,64,0,107,0,0,56,2,58,0,43,120,2,165,8,0,8,173
10/01/2007,HXD,SC,ASO,ES,Federal Contract Tower,0,35,36,0,71,0,0,41,2,43,0,35,77,2,114,8,6,14,128
10/02/2007,HXD,SC,ASO,ES,Federal Contract Tower,0,30,25,0,55,0,2,19,0,21,0,32,44,0,76,0,0,0,76
10/03/2007,HXD,SC,ASO,ES,Federal Contract Tower,0,27,46,0,73,0,0,0,0,0,0,27,46,0,73,0,0,0,73
10/04/2007,HXD,SC,ASO,ES,Federal Contract Tower,0,26,36,0,62,0,0,0,0,0,0,26,36,0,62,0,0,0,62
10/05/2007,HXD,SC,ASO,ES,Federal Contract Tower,0,34,35,0,69,0,0,11,2,13,0,34,46,2,82,6,0,6,88
10/06/2007,HXD,SC,ASO,ES,Federal Contract Tower,0,30,26,0,56,0,0,13,1,14,0,30,39,1,70,8,0,8,78
10/07/2007,HXD,SC,ASO,ES,Federal Contract Tower,0,37,53,0,90,0,0,41,4,45,0,37,94,4,135,18,6,24,159
10/08/2007,HXD,SC,ASO,ES,Federal Contract Tower,0,31,31,0,62,0,0,43,0,43,0,31,74,0,105,12,0,12,117
10/09/2007,HXD,SC,ASO,ES,Federal Contract Tower,0,27,43,0,70,0,2,58,0,60,0,29,101,0,130,20,0,20,150
10/10/2007,HXD,SC,ASO,ES,Federal Contract Tower,0,29,43,0,72,0,0,53,0,53,0,29,96,0,125,8,0,8,133
10/11/2007,HXD,SC,ASO,ES,Federal Contract Tower,0,33,45,0,78,0,1,49,1,51,0,34,94,1,129,4,0,4,133
10/12/2007,HXD,SC,ASO,ES,Federal Contract Tower,0,44,53,0,97,0,0,61,4,65,0,44,114,4,162,16,0,16,178
10/13/2007,HXD,SC,ASO,ES,Federal Contract Tower,0,36,31,0,67,0,1,59,2,62,0,37,90,2,129,16,0,16,145
10/14/2007,HXD,SC,ASO,ES,Federal Contract Tower,0,38,53,0,91,0,0,47,0,47,0,38,100,0,138,30,0,30,168
10/15/2007,HXD,SC,ASO,ES,Federal Contract Tower,0,29,29,0,58,0,2,34,0,36,0,31,63,0,94,8,0,8,102
10/16/2007,HXD,SC,ASO,ES,Federal Contract Tower,0,34,31,0,65,0,2,29,5,36,0,36,60,5,101,0,0,0,101
10/17/2007,HXD,SC,ASO,ES,Federal Contract Tower,0,32,63,0,95,0,0,49,0,49,0,32,112,0,144,4,0,4,148
10/18/2007,HXD,SC,ASO,ES,Federal Contract Tower,0,39,49,0,88,0,0,41,0,41,0,39,90,0,129,0,0,0,129
10/19/2007,HXD,SC,ASO,ES,Federal Contract Tower,0,38,37,0,75,0,0,27,0,27,0,38,64,0,102,18,0,18,120
10/20/2007,HXD,SC,ASO,ES,Federal Contract Tower,0,28,40,0,68,0,0,60,0,60,0,28,100,0,128,22,0,22,150
10/21/2007,HXD,SC,ASO,ES,Federal Contract Tower,0,43,68,0,111,0,0,52,0,52,0,43,120,0,163,6,0,6,169
10/22/2007,HXD,SC,ASO,ES,Federal Contract Tower,0,34,45,0,79,0,2,19,0,21,0,36,64,0,100,6,0,6,106
10/23/2007,HXD,SC,ASO,ES,Federal Contract Tower,0,39,64,0,103,0,0,20,0,20,0,39,84,0,123,16,0,16,139
10/24/2007,HXD,SC,ASO,ES,Federal Contract Tower,0,41,39,1,81,0,0,8,1,9,0,41,47,2,90,0,0,0,90
10/25/2007,HXD,SC,ASO,ES,Federal Contract Tower,0,37,41,1,79,0,0,45,0,45,0,37,86,1,124,0,0,0,124
10/26/2007,HXD,SC,ASO,ES,Federal Contract Tower,0,39,42,0,81,0,0,0,0,0,0,39,42,0,81,0,0,0,81
10/27/2007,HXD,SC,ASO,ES,Federal Contract Tower,0,32,40,0,72,0,3,39,0,42,0,35,79,0,114,20,0,20,134
10/28/2007,HXD,SC,ASO,ES,Federal Contract Tower,0,28,60,0,88,0,1,59,0,60,0,29,119,0,148,12,0,12,160
10/29/2007,HXD,SC,ASO,ES,Federal Contract Tower,0,26,24,0,50,0,2,39,0,41,0,28,63,0,91,14,0,14,105
10/30/2007,HXD,SC,ASO,ES,Federal Contract Tower,0,31,38,0,69,0,3,32,0,35,0,34,70,0,104,4,3,7,111
10/31/2007,HXD,SC,ASO,ES,Federal Contract Tower,0,36,44,4,84,0,0,36,0,36,0,36,80,4,120,12,4,16,136
11/01/2007,HXD,SC,ASO,ES,Federal Contract Tower,0,42,60,0,102,0,1,45,0,46,0,43,105,0,148,18,0,18,166
11/02/2007,HXD,SC,ASO,ES,Federal Contract Tower,0,37,61,0,98,0,2,34,0,36,0,39,95,0,134,0,0,0,134
11/03/2007,HXD,SC,ASO,ES,Federal Contract Tower,0,28,28,0,56,0,0,51,0,51,0,28,79,0,107,8,0,8,115
11/04/2007,HXD,SC,ASO,ES,Federal Contract Tower,0,33,58,0,91,0,0,84,2,86,0,33,142,2,177,22,0,22,199
11/05/2007,HXD,SC,ASO,ES,Federal Contract Tower,0,35,33,0,68,0,3,64,0,67,0,38,97,0,135,20,0,20,155
11/06/2007,HXD,SC,ASO,ES,Federal Contract Tower,0,36,44,0,80,0,0,57,0,57,0,36,101,0,137,10,2,12,149
11/07/2007,HXD,SC,ASO,ES,Federal Contract Tower,0,30,33,0,63,0,2,41,0,43,0,32,74,0,106,18,0,18,124
11/08/2007,HXD,SC,ASO,ES,Federal Contract Tower,0,48,38,4,90,0,0,54,4,58,0,48,92,8,148,0,6,6,154
11/09/2007,HXD,SC,ASO,ES,Federal Contract Tower,0,35,39,0,74,0,0,49,3,52,0,35,88,3,126,18,0,18,144
11/10/2007,HXD,SC,ASO,ES,Federal Contract Tower,0,30,50,0,80,0,0,87,0,87,0,30,137,0,167,10,0,10,177
11/11/2007,HXD,SC,ASO,ES,Federal Contract Tower,0,37,46,0,83,0,0,63,3,66,0,37,109,3,149,10,0,10,159
11/12/2007,HXD,SC,ASO,ES,Federal Contract Tower,0,34,45,0,79,0,0,55,3,58,0,34,100,3,137,14,0,14,151
11/13/2007,HXD,SC,ASO,ES,Federal Contract Tower,0,27,35,0,62,0,0,60,0,60,0,27,95,0,122,24,0,24,146
11/14/2007,HXD,SC,ASO,ES,Federal Contract Tower,0,49,56,0,105,0,2,90,0,92,0,51,146,0,197,36,0,36,233
11/15/2007,HXD,SC,ASO,ES,Federal Contract Tower,0,2,34,0,36,0,0,0,1,1,0,2,34,1,37,0,0,0,37
11/16/2007,HXD,SC,ASO,ES,Federal Contract Tower,0,55,29,0,84,0,5,54,0,59,0,60,83,0,143,12,4,16,159
11/17/2007,HXD,SC,ASO,ES,Federal Contract Tower,0,35,42,0,77,0,1,50,1,52,0,36,92,1,129,8,2,10,139
11/18/2007,HXD,SC,ASO,ES,Federal Contract Tower,0,27,32,0,59,0,0,56,2,58,0,27,88,2,117,25,0,25,142
11/19/2007,HXD,SC,ASO,ES,Federal Contract Tower,0,33,47,0,80,0,0,49,1,50,0,33,96,1,130,12,0,12,142
11/20/2007,HXD,SC,ASO,ES,Federal Contract Tower,0,43,73,2,118,0,0,71,0,71,0,43,144,2,189,0,0,0,189
11/21/2007,HXD,SC,ASO,ES,Federal Contract Tower,0,42,68,0,110,0,2,47,0,49,0,44,115,0,159,0,1,1,160
11/22/2007,HXD,SC,ASO,ES,Federal Contract Tower,0,19,9,0,28,0,0,8,0,8,0,19,17,0,36,0,0,0,36
11/23/2007,HXD,SC,ASO,ES,Federal Contract Tower,0,33,44,0,77,0,0,44,2,46,0,33,88,2,123,20,0,20,143
11/24/2007,HXD,SC,ASO,ES,Federal Contract Tower,0,37,69,0,106,0,0,30,0,30,0,37,99,0,136,16,0,16,152
11/25/2007,HXD,SC,ASO,ES,Federal Contract Tower,0,44,81,0,125,0,0,1,2,3,0,44,82,2,128,0,1,1,129
11/26/2007,HXD,SC,ASO,ES,Federal Contract Tower,0,24,28,0,52,0,0,23,1,24,0,24,51,1,76,10,0,10,86
11/27/2007,HXD,SC,ASO,ES,Federal Contract Tower,0,37,33,0,70,0,0,24,2,26,0,37,57,2,96,6,0,6,102
11/28/2007,HXD,SC,ASO,ES,Federal Contract Tower,0,31,38,0,69,0,2,37,1,40,0,33,75,1,109,16,0,16,125
11/29/2007,HXD,SC,ASO,ES,Federal Contract Tower,0,33,54,3,90,0,0,14,1,15,0,33,68,4,105,0,0,0,105
11/30/2007,HXD,SC,ASO,ES,Federal Contract Tower,0,28,40,0,68,0,3,63,0,66,0,31,103,0,134,26,0,26,160
12/01/2007,HXD,SC,ASO,ES,Federal Contract Tower,0,28,33,2,63,0,0,33,4,37,0,28,66,6,100,8,4,12,112
12/02/2007,HXD,SC,ASO,ES,Federal Contract Tower,0,33,26,0,59,0,0,29,2,31,0,33,55,2,90,20,0,20,110
12/03/2007,HXD,SC,ASO,ES,Federal Contract Tower,0,32,23,0,55,0,0,13,2,15,0,32,36,2,70,6,0,6,76
12/04/2007,HXD,SC,ASO,ES,Federal Contract Tower,0,24,37,0,61,0,1,51,2,54,0,25,88,2,115,6,10,16,131
12/05/2007,HXD,SC,ASO,ES,Federal Contract Tower,0,26,24,0,50,0,0,24,2,26,0,26,48,2,76,12,6,18,94
12/06/2007,HXD,SC,ASO,ES,Federal Contract Tower,0,34,28,0,62,0,0,32,5,37,0,34,60,5,99,8,0,8,107
12/07/2007,HXD,SC,ASO,ES,Federal Contract Tower,0,26,24,2,52,0,0,3,0,3,0,26,27,2,55,0,0,0,55
12/08/2007,HXD,SC,ASO,ES,Federal Contract Tower,0,18,29,0,47,0,0,47,7,54,0,18,76,7,101,16,0,16,117
12/09/2007,HXD,SC,ASO,ES,Federal Contract Tower,0,23,16,0,39,0,0,45,2,47,0,23,61,2,86,0,0,0,86
12/10/2007,HXD,SC,ASO,ES,Federal Contract Tower,0,27,22,0,49,0,0,40,1,41,0,27,62,1,90,10,0,10,100
12/11/2007,HXD,SC,ASO,ES,Federal Contract Tower,0,34,41,0,75,0,0,46,0,46,0,34,87,0,121,12,0,12,133
12/12/2007,HXD,SC,ASO,ES,Federal Contract Tower,0,29,43,0,72,0,0,40,3,43,0,29,83,3,115,12,0,12,127
12/13/2007,HXD,SC,ASO,ES,Federal Contract Tower,0,30,30,0,60,0,0,27,2,29,0,30,57,2,89,6,0,6,95
12/14/2007,HXD,SC,ASO,ES,Federal Contract Tower,0,32,31,0,63,0,0,63,4,67,0,32,94,4,130,4,3,7,137
12/15/2007,HXD,SC,ASO,ES,Federal Contract Tower,0,16,9,0,25,0,0,5,2,7,0,16,14,2,32,0,0,0,32
12/16/2007,HXD,SC,ASO,ES,Federal Contract Tower,0,20,9,0,29,0,0,11,0,11,0,20,20,0,40,0,2,2,42
12/17/2007,HXD,SC,ASO,ES,Federal Contract Tower,0,26,31,0,57,0,0,28,0,28,0,26,59,0,85,12,10,22,107
12/18/2007,HXD,SC,ASO,ES,Federal Contract Tower,0,35,36,0,71,0,0,38,0,38,0,35,74,0,109,14,0,14,123
12/19/2007,HXD,SC,ASO,ES,Federal Contract Tower,0,16,26,0,42,0,0,43,2,45,0,16,69,2,87,10,0,10,97
12/20/2007,HXD,SC,ASO,ES,Federal Contract Tower,0,38,36,0,74,0,0,57,3,60,0,38,93,3,134,10,0,10,144
12/21/2007,HXD,SC,ASO,ES,Federal Contract Tower,0,23,13,0,36,0,0,1,0,1,0,23,14,0,37,0,4,4,41
12/22/2007,HXD,SC,ASO,ES,Federal Contract Tower,0,25,30,0,55,0,0,9,0,9,0,25,39,0,64,0,0,0,64
12/23/2007,HXD,SC,ASO,ES,Federal Contract Tower,0,22,26,0,48,0,0,14,4,18,0,22,40,4,66,8,0,8,74
12/24/2007,HXD,SC,ASO,ES,Federal Contract Tower,0,20,39,0,59,0,0,33,0,33,0,20,72,0,92,0,0,0,92
12/25/2007,HXD,SC,ASO,ES,Federal Contract Tower,0,20,13,0,33,0,0,16,0,16,0,20,29,0,49,4,0,4,53
12/26/2007,HXD,SC,ASO,ES,Federal Contract Tower,0,24,35,0,59,0,0,4,0,4,0,24,39,0,63,0,0,0,63
12/27/2007,HXD,SC,ASO,ES,Federal Contract Tower,0,38,52,0,90,0,0,31,0,31,0,38,83,0,121,0,0,0,121
12/28/2007,HXD,SC,ASO,ES,Federal Contract Tower,0,30,50,0,80,0,0,37,2,39,0,30,87,2,119,6,0,6,125
12/29/2007,HXD,SC,ASO,ES,Federal Contract Tower,0,30,38,0,68,0,0,21,0,21,0,30,59,0,89,12,0,12,101
12/30/2007,HXD,SC,ASO,ES,Federal Contract Tower,0,14,25,0,39,0,0,18,4,22,0,14,43,4,61,10,0,10,71
12/31/2007,HXD,SC,ASO,ES,Federal Contract Tower,0,27,47,0,74,0,0,75,1,76,0,27,122,1,150,24,4,28,178
01/01/2008,HXD,SC,ASO,ES,Federal Contract Tower,0,21,39,0,60,0,0,27,0,27,0,21,66,0,87,0,0,0,87
01/02/2008,HXD,SC,ASO,ES,Federal Contract Tower,0,26,36,0,62,0,0,22,0,22,0,26,58,0,84,4,4,8,92
01/03/2008,HXD,SC,ASO,ES,Federal Contract Tower,0,29,29,2,60,0,0,22,2,24,0,29,51,4,84,0,0,0,84
01/04/2008,HXD,SC,ASO,ES,Federal Contract Tower,0,30,30,0,60,0,0,37,4,41,0,30,67,4,101,18,0,18,119
01/05/2008,HXD,SC,ASO,ES,Federal Contract Tower,0,25,31,0,56,0,0,46,2,48,0,25,77,2,104,6,0,6,110
01/06/2008,HXD,SC,ASO,ES,Federal Contract Tower,0,33,36,0,69,0,0,51,0,51,0,33,87,0,120,12,0,12,132
01/07/2008,HXD,SC,ASO,ES,Federal Contract Tower,0,23,27,0,50,0,0,43,2,45,0,23,70,2,95,10,12,22,117
01/08/2008,HXD,SC,ASO,ES,Federal Contract Tower,0,23,30,0,53,0,0,36,2,38,0,23,66,2,91,14,0,14,105
01/09/2008,HXD,SC,ASO,ES,Federal Contract Tower,0,29,37,0,66,0,0,38,4,42,0,29,75,4,108,4,0,4,112
01/10/2008,HXD,SC,ASO,ES,Federal Contract Tower,0,33,29,0,62,0,0,46,0,46,0,33,75,0,108,6,6,12,120
01/11/2008,HXD,SC,ASO,ES,Federal Contract Tower,0,34,32,0,66,0,0,20,1,21,0,34,52,1,87,0,0,0,87
01/12/2008,HXD,SC,ASO,ES,Federal Contract Tower,0,23,27,0,50,0,0,8,2,10,0,23,35,2,60,0,0,0,60
01/13/2008,HXD,SC,ASO,ES,Federal Contract Tower,0,20,27,0,47,0,0,7,0,7,0,20,34,0,54,0,0,0,54
01/14/2008,HXD,SC,ASO,ES,Federal Contract Tower,0,26,38,0,64,0,0,39,4,43,0,26,77,4,107,0,0,0,107
01/15/2008,HXD,SC,ASO,ES,Federal Contract Tower,0,26,21,0,47,0,0,43,4,47,0,26,64,4,94,0,0,0,94
01/16/2008,HXD,SC,ASO,ES,Federal Contract Tower,0,23,21,0,44,0,0,18,3,21,0,23,39,3,65,0,0,0,65
01/17/2008,HXD,SC,ASO,ES,Federal Contract Tower,0,3,3,0,6,0,0,0,0,0,0,3,3,0,6,0,0,0,6
01/18/2008,HXD,SC,ASO,ES,Federal Contract Tower,0,42,43,0,85,0,0,24,0,24,0,42,67,0,109,18,0,18,127
01/19/2008,HXD,SC,ASO,ES,Federal Contract Tower,0,10,7,0,17,0,0,0,0,0,0,10,7,0,17,0,0,0,17
01/20/2008,HXD,SC,ASO,ES,Federal Contract Tower,0,18,16,0,34,0,0,25,2,27,0,18,41,2,61,16,0,16,77
01/21/2008,HXD,SC,ASO,ES,Federal Contract Tower,0,19,23,0,42,0,0,42,0,42,0,19,65,0,84,14,10,24,108
01/22/2008,HXD,SC,ASO,ES,Federal Contract Tower,0,25,23,0,48,0,0,28,2,30,0,25,51,2,78,6,0,6,84
01/23/2008,HXD,SC,ASO,ES,Federal Contract Tower,0,24,30,0,54,0,0,36,2,38,0,24,66,2,92,14,0,14,106
01/24/2008,HXD,SC,ASO,ES,Federal Contract Tower,0,30,44,0,74,0,0,29,2,31,0,30,73,2,105,32,0,32,137
01/25/2008,HXD,SC,ASO,ES,Federal Contract Tower,0,24,58,0,82,0,0,56,6,62,0,24,114,6,144,2,2,4,148
01/26/2008,HXD,SC,ASO,ES,Federal Contract Tower,0,19,24,0,43,0,0,38,2,40,0,19,62,2,83,2,0,2,85
01/27/2008,HXD,SC,ASO,ES,Federal Contract Tower,0,22,26,0,48,0,0,55,2,57,0,22,81,2,105,14,14,28,133
01/28/2008,HXD,SC,ASO,ES,Federal Contract Tower,0,27,25,0,52,0,0,69,2,71,0,27,94,2,123,42,0,42,165
01/29/2008,HXD,SC,ASO,ES,Federal Contract Tower,0,30,33,0,63,0,0,49,0,49,0,30,82,0,112,16,0,16,128
01/30/2008,HXD,SC,ASO,ES,Federal Contract Tower,0,26,46,1,73,0,0,27,3,30,0,26,73,4,103,8,0,8,111
01/31/2008,HXD,SC,ASO,ES,Federal Contract Tower,0,38,45,0,83,0,0,23,2,25,0,38,68,2,108,18,0,18,126
02/01/2008,HXD,SC,ASO,ES,Federal Contract Tower,0,23,25,2,50,0,0,7,0,7,0,23,32,2,57,2,2,4,61
02/02/2008,HXD,SC,ASO,ES,Federal Contract Tower,0,19,31,0,50,0,0,66,0,66,0,19,97,0,116,28,2,30,146
02/03/2008,HXD,SC,ASO,ES,Federal Contract Tower,0,35,27,0,62,0,0,35,6,41,0,35,62,6,103,20,0,20,123
02/04/2008,HXD,SC,ASO,ES,Federal Contract Tower,0,38,22,0,60,0,0,19,2,21,0,38,41,2,81,2,0,2,83
02/05/2008,HXD,SC,ASO,ES,Federal Contract Tower,0,11,31,0,42,0,0,18,0,18,0,11,49,0,60,16,0,16,76
02/06/2008,HXD,SC,ASO,ES,Federal Contract Tower,0,30,26,0,56,0,0,27,0,27,0,30,53,0,83,0,0,0,83
02/07/2008,HXD,SC,ASO,ES,Federal Contract Tower,0,37,48,0,85,0,1,58,2,61,0,38,106,2,146,14,0,14,160
02/08/2008,HXD,SC,ASO,ES,Federal Contract Tower,0,35,35,0,70,0,0,75,2,77,0,35,110,2,147,0,0,0,147
02/09/2008,HXD,SC,ASO,ES,Federal Contract Tower,0,25,18,0,43,0,0,58,6,64,0,25,76,6,107,18,0,18,125
02/10/2008,HXD,SC,ASO,ES,Federal Contract Tower,0,26,28,0,54,0,0,48,3,51,0,26,76,3,105,0,0,0,105
02/11/2008,HXD,SC,ASO,ES,Federal Contract Tower,0,27,28,0,55,0,0,49,11,60,0,27,77,11,115,10,14,24,139
02/12/2008,HXD,SC,ASO,ES,Federal Contract Tower,0,29,33,0,62,0,1,46,4,51,0,30,79,4,113,2,6,8,121
02/13/2008,HXD,SC,ASO,ES,Federal Contract Tower,0,31,25,0,56,0,1,13,2,16,0,32,38,2,72,12,0,12,84
02/14/2008,HXD,SC,ASO,ES,Federal Contract Tower,0,32,38,0,70,0,0,49,2,51,0,32,87,2,121,26,2,28,149
02/15/2008,HXD,SC,ASO,ES,Federal Contract Tower,0,36,70,0,106,0,0,43,3,46,0,36,113,3,152,24,0,24,176
02/16/2008,HXD,SC,ASO,ES,Federal Contract Tower,0,32,37,0,69,0,0,51,0,51,0,32,88,0,120,15,0,15,135
02/17/2008,HXD,SC,ASO,ES,Federal Contract Tower,0,23,37,0,60,0,0,54,0,54,0,23,91,0,114,22,0,22,136
02/18/2008,HXD,SC,ASO,ES,Federal Contract Tower,0,24,39,0,63,0,0,13,0,13,0,24,52,0,76,0,0,0,76
02/19/2008,HXD,SC,ASO,ES,Federal Contract Tower,0,39,33,2,74,0,0,52,4,56,0,39,85,6,130,6,0,6,136
02/20/2008,HXD,SC,ASO,ES,Federal Contract Tower,0,27,41,0,68,0,0,46,4,50,0,27,87,4,118,8,0,8,126
02/21/2008,HXD,SC,ASO,ES,Federal Contract Tower,0,26,25,0,51,0,0,0,0,0,0,26,25,0,51,0,0,0,51
02/22/2008,HXD,SC,ASO,ES,Federal Contract Tower,0,13,9,0,22,0,0,0,0,0,0,13,9,0,22,0,0,0,22
02/23/2008,HXD,SC,ASO,ES,Federal Contract Tower,0,20,32,0,52,0,0,42,5,47,0,20,74,5,99,0,0,0,99
02/24/2008,HXD,SC,ASO,ES,Federal Contract Tower,0,25,42,0,67,0,0,40,4,44,0,25,82,4,111,4,0,4,115
02/25/2008,HXD,SC,ASO,ES,Federal Contract Tower,0,32,38,0,70,0,0,59,6,65,0,32,97,6,135,20,0,20,155
02/26/2008,HXD,SC,ASO,ES,Federal Contract Tower,0,21,12,0,33,0,0,0,0,0,0,21,12,0,33,0,0,0,33
02/27/2008,HXD,SC,ASO,ES,Federal Contract Tower,0,24,27,2,53,0,0,10,4,14,0,24,37,6,67,2,0,2,69
02/28/2008,HXD,SC,ASO,ES,Federal Contract Tower,0,42,56,0,98,0,0,56,4,60,0,42,112,4,158,8,4,12,170
02/29/2008,HXD,SC,ASO,ES,Federal Contract Tower,0,35,53,0,88,0,0,51,0,51,0,35,104,0,139,4,0,4,143
03/01/2008,HXD,SC,ASO,ES,Federal Contract Tower,0,25,32,0,57,0,0,40,0,40,0,25,72,0,97,10,0,10,107
03/02/2008,HXD,SC,ASO,ES,Federal Contract Tower,0,26,32,1,59,0,0,63,0,63,0,26,95,1,122,6,1,7,129
03/03/2008,HXD,SC,ASO,ES,Federal Contract Tower,0,42,37,0,79,0,0,42,0,42,0,42,79,0,121,8,4,12,133
03/04/2008,HXD,SC,ASO,ES,Federal Contract Tower,0,27,28,0,55,0,0,18,0,18,0,27,46,0,73,0,4,4,77
03/05/2008,HXD,SC,ASO,ES,Federal Contract Tower,0,35,40,2,77,0,0,61,0,61,0,35,101,2,138,40,6,46,184
03/06/2008,HXD,SC,ASO,ES,Federal Contract Tower,0,37,52,0,89,0,0,40,10,50,0,37,92,10,139,8,0,8,147
03/07/2008,HXD,SC,ASO,ES,Federal Contract Tower,0,30,9,0,39,0,0,0,1,1,0,30,9,1,40,0,0,0,40
03/08/2008,HXD,SC,ASO,ES,Federal Contract Tower,0,22,10,0,32,0,0,6,3,9,0,22,16,3,41,0,0,0,41
03/09/2008,HXD,SC,ASO,ES,Federal Contract Tower,0,30,36,0,66,0,0,55,3,58,0,30,91,3,124,14,0,14,138
03/10/2008,HXD,SC,ASO,ES,Federal Contract Tower,0,36,19,0,55,0,0,33,2,35,0,36,52,2,90,16,0,16,106
03/11/2008,HXD,SC,ASO,ES,Federal Contract Tower,0,36,24,0,60,0,1,36,2,39,0,37,60,2,99,8,0,8,107
03/12/2008,HXD,SC,ASO,ES,Federal Contract Tower,0,39,30,0,69,0,0,40,5,45,0,39,70,5,114,22,2,24,138
03/13/2008,HXD,SC,ASO,ES,Federal Contract Tower,0,37,44,0,81,0,0,46,2,48,0,37,90,2,129,22,0,22,151
03/14/2008,HXD,SC,ASO,ES,Federal Contract Tower,0,39,50,0,89,0,0,34,1,35,0,39,84,1,124,0,0,0,124
03/15/2008,HXD,SC,ASO,ES,Federal Contract Tower,0,27,39,0,66,0,0,23,1,24,0,27,62,1,90,6,10,16,106
03/16/2008,HXD,SC,ASO,ES,Federal Contract Tower,0,28,60,2,90,0,1,43,6,50,0,29,103,8,140,4,6,10,150
03/17/2008,HXD,SC,ASO,ES,Federal Contract Tower,0,37,36,2,75,0,0,38,2,40,0,37,74,4,115,12,6,18,133
03/18/2008,HXD,SC,ASO,ES,Federal Contract Tower,0,35,34,0,69,0,0,45,2,47,0,35,79,2,116,0,6,6,122
03/19/2008,HXD,SC,ASO,ES,Federal Contract Tower,0,31,21,0,52,0,0,22,0,22,0,31,43,0,74,0,4,4,78
03/20/2008,HXD,SC,ASO,ES,Federal Contract Tower,0,45,63,0,108,0,0,51,4,55,0,45,114,4,163,6,0,6,169
03/21/2008,HXD,SC,ASO,ES,Federal Contract Tower,0,39,50,0,89,0,2,57,1,60,0,41,107,1,149,18,0,18,167
03/22/2008,HXD,SC,ASO,ES,Federal Contract Tower,0,37,43,0,80,0,2,59,4,65,0,39,102,4,145,2,40,42,187
03/23/2008,HXD,SC,ASO,ES,Federal Contract Tower,0,31,53,0,84,0,0,38,1,39,0,31,91,1,123,0,0,0,123
03/24/2008,HXD,SC,ASO,ES,Federal Contract Tower,0,32,47,0,79,0,0,34,2,36,0,32,81,2,115,2,4,6,121
03/25/2008,HXD,SC,ASO,ES,Federal Contract Tower,0,33,47,0,80,0,0,59,0,59,0,33,106,0,139,20,6,26,165
03/26/2008,HXD,SC,ASO,ES,Federal Contract Tower,0,41,57,0,98,0,0,56,3,59,0,41,113,3,157,18,0,18,175
03/27/2008,HXD,SC,ASO,ES,Federal Contract Tower,0,39,44,0,83,0,0,53,0,53,0,39,97,0,136,2,2,4,140
03/28/2008,HXD,SC,ASO,ES,Federal Contract Tower,0,53,39,0,92,0,0,42,6,48,0,53,81,6,140,4,0,4,144
03/29/2008,HXD,SC,ASO,ES,Federal Contract Tower,0,30,38,0,68,0,0,37,4,41,0,30,75,4,109,6,6,12,121
03/30/2008,HXD,SC,ASO,ES,Federal Contract Tower,0,43,65,0,108,0,0,2,0,2,0,43,67,0,110,0,0,0,110
03/31/2008,HXD,SC,ASO,ES,Federal Contract Tower,0,36,31,0,67,0,0,13,2,15,0,36,44,2,82,20,0,20,102
04/01/2008,HXD,SC,ASO,ES,Federal Contract Tower,0,30,48,0,78,0,0,34,0,34,0,30,82,0,112,14,6,20,132
04/02/2008,HXD,SC,ASO,ES,Federal Contract Tower,0,37,44,0,81,0,0,0,0,0,0,37,44,0,81,8,0,8,89
04/03/2008,HXD,SC,ASO,ES,Federal Contract Tower,0,29,35,4,68,0,0,0,0,0,0,29,35,4,68,0,0,0,68
04/04/2008,HXD,SC,ASO,ES,Federal Contract Tower,0,36,40,1,77,0,0,20,2,22,0,36,60,3,99,0,0,0,99
04/05/2008,HXD,SC,ASO,ES,Federal Contract Tower,0,25,13,0,38,0,0,0,0,0,0,25,13,0,38,0,0,0,38
04/06/2008,HXD,SC,ASO,ES,Federal Contract Tower,0,30,39,0,69,0,0,36,0,36,0,30,75,0,105,8,0,8,113
04/07/2008,HXD,SC,ASO,ES,Federal Contract Tower,0,33,26,0,59,0,1,5,0,6,0,34,31,0,65,4,0,4,69
04/08/2008,HXD,SC,ASO,ES,Federal Contract Tower,0,28,39,2,69,0,0,21,10,31,0,28,60,12,100,4,18,22,122
04/09/2008,HXD,SC,ASO,ES,Federal Contract Tower,0,29,48,0,77,0,0,49,3,52,0,29,97,3,129,16,0,16,145
04/10/2008,HXD,SC,ASO,ES,Federal Contract Tower,0,37,29,1,67,0,0,30,2,32,0,37,59,3,99,0,17,17,116
04/11/2008,HXD,SC,ASO,ES,Federal Contract Tower,0,34,52,0,86,0,0,46,1,47,0,34,98,1,133,4,0,4,137
04/12/2008,HXD,SC,ASO,ES,Federal Contract Tower,0,27,26,0,53,0,0,71,0,71,0,27,97,0,124,34,0,34,158
04/13/2008,HXD,SC,ASO,ES,Federal Contract Tower,0,32,62,0,94,0,2,35,2,39,0,34,97,2,133,0,0,0,133
04/14/2008,HXD,SC,ASO,ES,Federal Contract Tower,0,51,35,0,86,0,1,38,3,42,0,52,73,3,128,12,2,14,142
04/15/2008,HXD,SC,ASO,ES,Federal Contract Tower,0,35,48,1,84,0,0,28,3,31,0,35,76,4,115,0,0,0,115
04/16/2008,HXD,SC,ASO,ES,Federal Contract Tower,0,40,82,0,122,0,0,62,0,62,0,40,144,0,184,12,0,12,196
04/17/2008,HXD,SC,ASO,ES,Federal Contract Tower,0,38,75,0,113,0,0,61,4,65,0,38,136,4,178,6,0,6,184
04/18/2008,HXD,SC,ASO,ES,Federal Contract Tower,0,49,94,0,143,0,0,62,1,63,0,49,156,1,206,0,2,2,208
04/19/2008,HXD,SC,ASO,ES,Federal Contract Tower,0,36,55,0,91,0,0,22,2,24,0,36,77,2,115,0,0,0,115
04/20/2008,HXD,SC,ASO,ES,Federal Contract Tower,0,68,93,0,161,0,0,98,0,98,0,68,191,0,259,6,4,10,269
04/21/2008,HXD,SC,ASO,ES,Federal Contract Tower,0,46,75,2,123,0,1,66,4,71,0,47,141,6,194,8,2,10,204
04/22/2008,HXD,SC,ASO,ES,Federal Contract Tower,0,33,57,4,94,0,0,34,27,61,0,33,91,31,155,8,0,8,163
04/23/2008,HXD,SC,ASO,ES,Federal Contract Tower,0,30,33,4,67,0,0,28,26,54,0,30,61,30,121,6,0,6,127
04/24/2008,HXD,SC,ASO,ES,Federal Contract Tower,0,40,50,0,90,0,0,47,2,49,0,40,97,2,139,4,0,4,143
04/25/2008,HXD,SC,ASO,ES,Federal Contract Tower,0,32,38,0,70,0,0,65,0,65,0,32,103,0,135,14,6,20,155
04/26/2008,HXD,SC,ASO,ES,Federal Contract Tower,0,22,34,0,56,0,0,55,0,55,0,22,89,0,111,4,18,22,133
04/27/2008,HXD,SC,ASO,ES,Federal Contract Tower,0,36,62,0,98,0,0,56,2,58,0,36,118,2,156,4,4,8,164
04/28/2008,HXD,SC,ASO,ES,Federal Contract Tower,0,25,24,0,49,0,1,34,5,40,0,26,58,5,89,0,12,12,101
04/29/2008,HXD,SC,ASO,ES,Federal Contract Tower,0,27,40,0,67,0,1,44,0,45,0,28,84,0,112,24,4,28,140
04/30/2008,HXD,SC,ASO,ES,Federal Contract Tower,0,33,40,0,73,0,0,82,0,82,0,33,122,0,155,16,4,20,175
05/01/2008,HXD,SC,ASO,ES,Federal Contract Tower,0,38,53,0,91,0,0,63,0,63,0,38,116,0,154,37,0,37,191
05/02/2008,HXD,SC,ASO,ES,Federal Contract Tower,0,36,43,2,81,0,0,51,1,52,0,36,94,3,133,16,0,16,149
05/03/2008,HXD,SC,ASO,ES,Federal Contract Tower,0,28,17,1,46,0,0,37,2,39,0,28,54,3,85,18,0,18,103
05/04/2008,HXD,SC,ASO,ES,Federal Contract Tower,0,30,51,0,81,0,0,71,4,75,0,30,122,4,156,34,6,40,196
05/05/2008,HXD,SC,ASO,ES,Federal Contract Tower,0,37,39,2,78,0,2,44,2,48,0,39,83,4,126,10,4,14,140
05/06/2008,HXD,SC,ASO,ES,Federal Contract Tower,0,36,35,0,71,0,0,76,0,76,0,36,111,0,147,46,4,50,197
05/07/2008,HXD,SC,ASO,ES,Federal Contract Tower,0,21,31,0,52,0,0,49,0,49,0,21,80,0,101,53,5,58,159
05/08/2008,HXD,SC,ASO,ES,Federal Contract Tower,0,48,43,0,91,0,0,48,0,48,0,48,91,0,139,16,1,17,156
05/09/2008,HXD,SC,ASO,ES,Federal Contract Tower,0,48,43,0,91,0,0,24,2,26,0,48,67,2,117,0,0,0,117
05/10/2008,HXD,SC,ASO,ES,Federal Contract Tower,0,34,39,0,73,0,1,29,2,32,0,35,68,2,105,0,0,0,105
05/11/2008,HXD,SC,ASO,ES,Federal Contract Tower,0,27,26,0,53,0,0,8,1,9,0,27,34,1,62,0,2,2,64
05/12/2008,HXD,SC,ASO,ES,Federal Contract Tower,0,33,42,3,78,0,0,36,0,36,0,33,78,3,114,0,18,18,132
05/13/2008,HXD,SC,ASO,ES,Federal Contract Tower,0,31,41,2,74,0,0,87,4,91,0,31,128,6,165,28,4,32,197
05/14/2008,HXD,SC,ASO,ES,Federal Contract Tower,0,38,44,0,82,0,0,61,4,65,0,38,105,4,147,16,0,16,163
05/15/2008,HXD,SC,ASO,ES,Federal Contract Tower,0,30,45,0,75,0,0,30,0,30,0,30,75,0,105,4,0,4,109
05/16/2008,HXD,SC,ASO,ES,Federal Contract Tower,0,34,55,0,89,0,0,20,2,22,0,34,75,2,111,0,0,0,111
05/17/2008,HXD,SC,ASO,ES,Federal Contract Tower,0,29,38,0,67,0,0,74,3,77,0,29,112,3,144,10,0,10,154
05/18/2008,HXD,SC,ASO,ES,Federal Contract Tower,0,36,38,0,74,0,0,44,4,48,0,36,82,4,122,6,0,6,128
05/19/2008,HXD,SC,ASO,ES,Federal Contract Tower,0,36,34,0,70,0,1,47,4,52,0,37,81,4,122,10,0,10,132
05/20/2008,HXD,SC,ASO,ES,Federal Contract Tower,0,25,46,0,71,0,0,40,2,42,0,25,86,2,113,14,6,20,133
05/21/2008,HXD,SC,ASO,ES,Federal Contract Tower,0,34,41,0,75,0,0,41,2,43,0,34,82,2,118,12,0,12,130
05/22/2008,HXD,SC,ASO,ES,Federal Contract Tower,0,44,66,0,110,0,1,61,1,63,0,45,127,1,173,24,2,26,199
05/23/2008,HXD,SC,ASO,ES,Federal Contract Tower,0,43,73,0,116,0,0,64,5,69,0,43,137,5,185,6,1,7,192
05/24/2008,HXD,SC,ASO,ES,Federal Contract Tower,0,32,61,0,93,0,0,40,0,40,0,32,101,0,133,22,0,22,155
05/25/2008,HXD,SC,ASO,ES,Federal Contract Tower,0,23,32,0,55,0,0,64,0,64,0,23,96,0,119,14,12,26,145
05/26/2008,HXD,SC,ASO,ES,Federal Contract Tower,0,32,83,0,115,0,0,63,4,67,0,32,146,4,182,8,2,10,192
05/27/2008,HXD,SC,ASO,ES,Federal Contract Tower,0,32,33,0,65,0,0,59,0,59,0,32,92,0,124,34,8,42,166
05/28/2008,HXD,SC,ASO,ES,Federal Contract Tower,0,31,37,0,68,0,0,45,2,47,0,31,82,2,115,10,6,16,131
05/29/2008,HXD,SC,ASO,ES,Federal Contract Tower,0,34,46,2,82,0,1,0,0,1,0,35,46,2,83,0,0,0,83
05/30/2008,HXD,SC,ASO,ES,Federal Contract Tower,0,30,44,0,74,0,0,30,4,34,0,30,74,4,108,35,12,47,155
05/31/2008,HXD,SC,ASO,ES,Federal Contract Tower,0,27,40,0,67,0,1,58,1,60,0,28,98,1,127,12,16,28,155
06/01/2008,HXD,SC,ASO,ES,Federal Contract Tower,0,23,43,0,66,0,0,50,0,50,0,23,93,0,116,28,6,34,150
06/02/2008,HXD,SC,ASO,ES,Federal Contract Tower,0,29,28,0,57,0,0,54,2,56,0,29,82,2,113,10,0,10,123
06/03/2008,HXD,SC,ASO,ES,Federal Contract Tower,0,33,43,0,76,0,0,52,0,52,0,33,95,0,128,14,0,14,142
06/04/2008,HXD,SC,ASO,ES,Federal Contract Tower,0,34,35,0,69,0,0,48,3,51,0,34,83,3,120,16,1,17,137
06/05/2008,HXD,SC,ASO,ES,Federal Contract Tower,0,29,36,0,65,0,2,53,2,57,0,31,89,2,122,16,0,16,138
06/06/2008,HXD,SC,ASO,ES,Federal Contract Tower,0,30,35,0,65,0,0,51,4,55,0,30,86,4,120,30,0,30,150
06/07/2008,HXD,SC,ASO,ES,Federal Contract Tower,0,31,47,0,78,0,2,52,2,56,0,33,99,2,134,12,0,12,146
06/08/2008,HXD,SC,ASO,ES,Federal Contract Tower,0,22,39,0,61,0,0,55,5,60,0,22,94,5,121,6,20,26,147
06/09/2008,HXD,SC,ASO,ES,Federal Contract Tower,0,27,36,0,63,0,0,43,4,47,0,27,79,4,110,0,10,10,120
06/10/2008,HXD,SC,ASO,ES,Federal Contract Tower,0,37,40,2,79,0,0,35,2,37,0,37,75,4,116,16,10,26,142
06/11/2008,HXD,SC,ASO,ES,Federal Contract Tower,0,30,45,0,75,0,0,49,0,49,0,30,94,0,124,42,14,56,180
06/12/2008,HXD,SC,ASO,ES,Federal Contract Tower,0,28,25,0,53,0,0,35,3,38,0,28,60,3,91,12,0,12,103
06/13/2008,HXD,SC,ASO,ES,Federal Contract Tower,0,35,38,0,73,0,1,44,5,50,0,36,82,5,123,0,0,0,123
06/14/2008,HXD,SC,ASO,ES,Federal Contract Tower,0,37,54,0,91,0,0,52,2,54,0,37,106,2,145,0,0,0,145
06/15/2008,HXD,SC,ASO,ES,Federal Contract Tower,0,23,40,0,63,0,0,28,4,32,0,23,68,4,95,14,0,14,109
06/16/2008,HXD,SC,ASO,ES,Federal Contract Tower,0,27,29,0,56,0,1,60,2,63,0,28,89,2,119,8,2,10,129
06/17/2008,HXD,SC,ASO,ES,Federal Contract Tower,0,33,34,0,67,0,0,61,0,61,0,33,95,0,128,16,10,26,154
06/18/2008,HXD,SC,ASO,ES,Federal Contract Tower,0,30,40,0,70,0,1,41,1,43,0,31,81,1,113,2,0,2,115
06/19/2008,HXD,SC,ASO,ES,Federal Contract Tower,0,29,50,0,79,0,1,43,2,46,0,30,93,2,125,14,0,14,139
06/20/2008,HXD,SC,ASO,ES,Federal Contract Tower,0,38,60,0,98,0,0,34,4,38,0,38,94,4,136,6,0,6,142
06/21/2008,HXD,SC,ASO,ES,Federal Contract Tower,0,34,55,0,89,0,0,37,2,39,0,34,92,2,128,8,0,8,136
06/22/2008,HXD,SC,ASO,ES,Federal Contract Tower,0,26,44,0,70,0,1,29,4,34,0,27,73,4,104,8,0,8,112
06/23/2008,HXD,SC,ASO,ES,Federal Contract Tower,0,30,44,0,74,0,0,35,0,35,0,30,79,0,109,16,0,16,125
06/24/2008,HXD,SC,ASO,ES,Federal Contract Tower,0,32,42,0,74,0,1,57,4,62,0,33,99,4,136,10,4,14,150
06/25/2008,HXD,SC,ASO,ES,Federal Contract Tower,0,35,36,0,71,0,0,53,2,55,0,35,89,2,126,26,8,34,160
06/26/2008,HXD,SC,ASO,ES,Federal Contract Tower,0,28,49,0,77,0,0,57,1,58,0,28,106,1,135,20,0,20,155
06/27/2008,HXD,SC,ASO,ES,Federal Contract Tower,0,34,53,0,87,0,1,41,3,45,0,35,94,3,132,20,24,44,176
06/28/2008,HXD,SC,ASO,ES,Federal Contract Tower,0,31,57,0,88,0,2,58,2,62,0,33,115,2,150,16,0,16,166
06/29/2008,HXD,SC,ASO,ES,Federal Contract Tower,0,20,35,0,55,0,0,35,1,36,0,20,70,1,91,4,0,4,95
06/30/2008,HXD,SC,ASO,ES,Federal Contract Tower,0,32,46,0,78,0,0,39,0,39,0,32,85,0,117,0,0,0,117
07/01/2008,HXD,SC,ASO,ES,Federal Contract Tower,0,10,13,0,23,0,0,38,0,38,0,10,51,0,61,12,0,12,73
07/02/2008,HXD,SC,ASO,ES,Federal Contract Tower,0,37,47,0,84,0,0,57,0,57,0,37,104,0,141,10,0,10,151
07/03/2008,HXD,SC,ASO,ES,Federal Contract Tower,0,35,54,0,89,1,0,55,3,59,1,35,109,3,148,6,0,6,154
07/04/2008,HXD,SC,ASO,ES,Federal Contract Tower,0,26,17,0,43,0,0,51,0,51,0,26,68,0,94,17,0,17,111
07/05/2008,HXD,SC,ASO,ES,Federal Contract Tower,0,29,41,0,70,0,0,18,0,18,0,29,59,0,88,14,0,14,102
07/06/2008,HXD,SC,ASO,ES,Federal Contract Tower,0,30,64,0,94,0,0,39,1,40,0,30,103,1,134,14,0,14,148
07/07/2008,HXD,SC,ASO,ES,Federal Contract Tower,0,27,49,0,76,0,0,9,0,9,0,27,58,0,85,0,0,0,85
07/08/2008,HXD,SC,ASO,ES,Federal Contract Tower,0,28,46,0,74,0,0,42,0,42,0,28,88,0,116,14,0,14,130
07/09/2008,HXD,SC,ASO,ES,Federal Contract Tower,0,25,28,0,53,0,0,64,0,64,0,25,92,0,117,18,0,18,135
07/10/2008,HXD,SC,ASO,ES,Federal Contract Tower,0,30,40,0,70,0,0,43,4,47,0,30,83,4,117,12,0,12,129
07/11/2008,HXD,SC,ASO,ES,Federal Contract Tower,0,35,25,0,60,0,0,33,1,34,0,35,58,1,94,6,0,6,100
07/12/2008,HXD,SC,ASO,ES,Federal Contract Tower,0,32,60,0,92,0,0,38,3,41,0,32,98,3,133,24,0,24,157
07/13/2008,HXD,SC,ASO,ES,Federal Contract Tower,0,29,33,0,62,0,0,51,2,53,0,29,84,2,115,28,2,30,145
07/14/2008,HXD,SC,ASO,ES,Federal Contract Tower,0,32,37,0,69,0,0,43,0,43,0,32,80,0,112,8,0,8,120
07/15/2008,HXD,SC,ASO,ES,Federal Contract Tower,0,38,38,0,76,0,0,38,3,41,0,38,76,3,117,6,0,6,123
07/16/2008,HXD,SC,ASO,ES,Federal Contract Tower,0,29,39,0,68,0,1,11,0,12,0,30,50,0,80,0,0,0,80
07/17/2008,HXD,SC,ASO,ES,Federal Contract Tower,0,29,34,0,63,0,0,4,7,11,0,29,38,7,74,0,12,12,86
07/18/2008,HXD,SC,ASO,ES,Federal Contract Tower,0,37,40,2,79,0,1,6,2,9,0,38,46,4,88,0,0,0,88
07/19/2008,HXD,SC,ASO,ES,Federal Contract Tower,0,35,30,0,65,0,0,30,5,35,0,35,60,5,100,2,4,6,106
07/20/2008,HXD,SC,ASO,ES,Federal Contract Tower,0,27,37,0,64,0,0,21,4,25,0,27,58,4,89,6,0,6,95
07/21/2008,HXD,SC,ASO,ES,Federal Contract Tower,0,37,29,0,66,0,0,17,2,19,0,37,46,2,85,4,0,4,89
07/22/2008,HXD,SC,ASO,ES,Federal Contract Tower,0,33,44,0,77,0,0,34,0,34,0,33,78,0,111,12,6,18,129
07/23/2008,HXD,SC,ASO,ES,Federal Contract Tower,0,36,34,0,70,0,0,36,0,36,0,36,70,0,106,4,2,6,112
07/24/2008,HXD,SC,ASO,ES,Federal Contract Tower,0,32,42,0,74,0,0,19,0,19,0,32,61,0,93,8,0,8,101
07/25/2008,HXD,SC,ASO,ES,Federal Contract Tower,0,25,28,0,53,0,0,19,4,23,0,25,47,4,76,0,22,22,98
07/26/2008,HXD,SC,ASO,ES,Federal Contract Tower,0,31,34,0,65,0,0,22,0,22,0,31,56,0,87,12,0,12,99
07/27/2008,HXD,SC,ASO,ES,Federal Contract Tower,0,22,47,0,69,0,0,29,4,33,0,22,76,4,102,24,2,26,128
07/28/2008,HXD,SC,ASO,ES,Federal Contract Tower,0,27,33,0,60,0,0,37,0,37,0,27,70,0,97,6,0,6,103
07/29/2008,HXD,SC,ASO,ES,Federal Contract Tower,0,36,36,0,72,0,1,32,0,33,0,37,68,0,105,10,0,10,115
07/30/2008,HXD,SC,ASO,ES,Federal Contract Tower,0,30,40,0,70,0,0,46,1,47,0,30,86,1,117,14,0,14,131
07/31/2008,HXD,SC,ASO,ES,Federal Contract Tower,0,38,41,0,79,0,0,31,0,31,0,38,72,0,110,0,0,0,110
08/01/2008,HXD,SC,ASO,ES,Federal Contract Tower,0,37,57,0,94,0,0,59,0,59,0,37,116,0,153,18,0,18,171
08/02/2008,HXD,SC,ASO,ES,Federal Contract Tower,0,37,40,0,77,0,0,63,1,64,0,37,103,1,141,8,0,8,149
08/03/2008,HXD,SC,ASO,ES,Federal Contract Tower,0,31,41,0,72,0,0,39,4,43,0,31,80,4,115,6,0,6,121
08/04/2008,HXD,SC,ASO,ES,Federal Contract Tower,0,30,29,0,59,0,0,50,4,54,0,30,79,4,113,6,0,6,119
08/05/2008,HXD,SC,ASO,ES,Federal Contract Tower,0,39,38,0,77,0,0,43,0,43,0,39,81,0,120,0,0,0,120
08/06/2008,HXD,SC,ASO,ES,Federal Contract Tower,0,28,23,0,51,0,1,40,0,41,0,29,63,0,92,12,0,12,104
08/07/2008,HXD,SC,ASO,ES,Federal Contract Tower,0,28,42,0,70,0,0,48,0,48,0,28,90,0,118,36,0,36,154
08/08/2008,HXD,SC,ASO,ES,Federal Contract Tower,0,36,47,0,83,0,1,32,1,34,0,37,79,1,117,2,0,2,119
08/09/2008,HXD,SC,ASO,ES,Federal Contract Tower,0,39,49,0,88,0,4,52,1,57,0,43,101,1,145,16,0,16,161
08/10/2008,HXD,SC,ASO,ES,Federal Contract Tower,0,32,54,0,86,0,0,49,0,49,0,32,103,0,135,0,0,0,135
08/11/2008,HXD,SC,ASO,ES,Federal Contract Tower,0,27,28,0,55,0,0,27,2,29,0,27,55,2,84,6,4,10,94
08/12/2008,HXD,SC,ASO,ES,Federal Contract Tower,0,31,26,0,57,0,0,18,0,18,0,31,44,0,75,0,0,0,75
08/13/2008,HXD,SC,ASO,ES,Federal Contract Tower,0,28,29,0,57,0,0,0,0,0,0,28,29,0,57,0,0,0,57
08/14/2008,HXD,SC,ASO,ES,Federal Contract Tower,0,31,48,0,79,0,0,37,1,38,0,31,85,1,117,8,4,12,129
08/15/2008,HXD,SC,ASO,ES,Federal Contract Tower,0,32,46,0,78,0,0,32,0,32,0,32,78,0,110,0,0,0,110
08/16/2008,HXD,SC,ASO,ES,Federal Contract Tower,0,30,42,2,74,0,0,37,0,37,0,30,79,2,111,2,0,2,113
08/17/2008,HXD,SC,ASO,ES,Federal Contract Tower,0,29,29,0,58,0,0,17,0,17,0,29,46,0,75,2,0,2,77
08/18/2008,HXD,SC,ASO,ES,Federal Contract Tower,0,30,42,0,72,0,1,22,0,23,0,31,64,0,95,2,0,2,97
08/19/2008,HXD,SC,ASO,ES,Federal Contract Tower,0,29,22,0,51,0,0,23,0,23,0,29,45,0,74,0,0,0,74
08/20/2008,HXD,SC,ASO,ES,Federal Contract Tower,0,28,12,0,40,0,0,7,0,7,0,28,19,0,47,0,0,0,47
08/21/2008,HXD,SC,ASO,ES,Federal Contract Tower,0,21,13,2,36,0,0,0,1,1,0,21,13,3,37,0,0,0,37
08/22/2008,HXD,SC,ASO,ES,Federal Contract Tower,0,18,11,0,29,0,0,0,0,0,0,18,11,0,29,2,0,2,31
08/23/2008,HXD,SC,ASO,ES,Federal Contract Tower,0,26,16,0,42,0,0,9,1,10,0,26,25,1,52,0,0,0,52
08/24/2008,HXD,SC,ASO,ES,Federal Contract Tower,0,30,15,0,45,0,0,9,0,9,0,30,24,0,54,0,0,0,54
08/25/2008,HXD,SC,ASO,ES,Federal Contract Tower,0,25,23,0,48,0,0,24,0,24,0,25,47,0,72,10,0,10,82
08/26/2008,HXD,SC,ASO,ES,Federal Contract Tower,0,27,27,0,54,0,0,19,2,21,0,27,46,2,75,14,0,14,89
08/27/2008,HXD,SC,ASO,ES,Federal Contract Tower,0,30,29,0,59,0,0,28,0,28,0,30,57,0,87,6,0,6,93
08/28/2008,HXD,SC,ASO,ES,Federal Contract Tower,0,36,40,0,76,0,2,39,4,45,0,38,79,4,121,12,0,12,133
08/29/2008,HXD,SC,ASO,ES,Federal Contract Tower,0,29,57,0,86,0,2,42,2,46,0,31,99,2,132,4,0,4,136
08/30/2008,HXD,SC,ASO,ES,Federal Contract Tower,0,21,32,3,56,0,3,45,9,57,0,24,77,12,113,22,16,38,151
08/31/2008,HXD,SC,ASO,ES,Federal Contract Tower,0,20,28,0,48,0,0,43,4,47,0,20,71,4,95,6,0,6,101
09/01/2008,HXD,SC,ASO,ES,Federal Contract Tower,0,35,47,0,82,0,0,22,5,27,0,35,69,5,109,6,0,6,115
09/02/2008,HXD,SC,ASO,ES,Federal Contract Tower,0,39,68,0,107,0,0,34,0,34,0,39,102,0,141,0,0,0,141
09/03/2008,HXD,SC,ASO,ES,Federal Contract Tower,0,29,36,2,67,0,0,53,0,53,0,29,89,2,120,16,0,16,136
09/04/2008,HXD,SC,ASO,ES,Federal Contract Tower,0,29,43,0,72,0,0,27,2,29,0,29,70,2,101,2,0,2,103
09/05/2008,HXD,SC,ASO,ES,Federal Contract Tower,0,10,9,0,19,0,0,1,0,1,0,10,10,0,20,0,0,0,20
09/06/2008,HXD,SC,ASO,ES,Federal Contract Tower,0,11,13,0,24,0,1,20,2,23,0,12,33,2,47,4,0,4,51
09/07/2008,HXD,SC,ASO,ES,Federal Contract Tower,0,23,26,0,49,0,0,46,1,47,0,23,72,1,96,10,0,10,106
09/08/2008,HXD,SC,ASO,ES,Federal Contract Tower,0,27,30,0,57,0,0,43,0,43,0,27,73,0,100,14,0,14,114
09/09/2008,HXD,SC,ASO,ES,Federal Contract Tower,0,31,28,2,61,0,0,37,0,37,0,31,65,2,98,4,6,10,108
09/10/2008,HXD,SC,ASO,ES,Federal Contract Tower,0,28,32,0,60,0,0,27,2,29,0,28,59,2,89,8,0,8,97
09/11/2008,HXD,SC,ASO,ES,Federal Contract Tower,0,29,33,0,62,0,0,5,2,7,0,29,38,2,69,6,2,8,77
09/12/2008,HXD,SC,ASO,ES,Federal Contract Tower,0,29,32,0,61,0,0,24,0,24,0,29,56,0,85,8,0,8,93
09/13/2008,HXD,SC,ASO,ES,Federal Contract Tower,0,21,29,2,52,0,7,38,0,45,0,28,67,2,97,10,4,14,111
09/14/2008,HXD,SC,ASO,ES,Federal Contract Tower,0,25,37,0,62,0,2,42,0,44,0,27,79,0,106,14,0,14,120
09/15/2008,HXD,SC,ASO,ES,Federal Contract Tower,0,26,22,0,48,0,0,41,0,41,0,26,63,0,89,0,0,0,89
09/16/2008,HXD,SC,ASO,ES,Federal Contract Tower,0,23,22,0,45,0,0,46,0,46,0,23,68,0,91,24,0,24,115
09/17/2008,HXD,SC,ASO,ES,Federal Contract Tower,0,25,30,0,55,0,0,3,0,3,0,25,33,0,58,0,0,0,58
09/18/2008,HXD,SC,ASO,ES,Federal Contract Tower,0,32,28,0,60,0,0,48,0,48,0,32,76,0,108,0,0,0,108
09/19/2008,HXD,SC,ASO,ES,Federal Contract Tower,0,29,54,0,83,0,0,39,0,39,0,29,93,0,122,0,0,0,122
09/20/2008,HXD,SC,ASO,ES,Federal Contract Tower,0,19,33,0,52,0,0,25,8,33,0,19,58,8,85,0,0,0,85
09/21/2008,HXD,SC,ASO,ES,Federal Contract Tower,0,38,67,0,105,1,12,0,0,13,1,50,67,0,118,0,0,0,118
09/22/2008,HXD,SC,ASO,ES,Federal Contract Tower,0,27,32,0,59,0,0,29,0,29,0,27,61,0,88,0,0,0,88
09/23/2008,HXD,SC,ASO,ES,Federal Contract Tower,0,27,32,0,59,0,0,35,0,35,0,27,67,0,94,0,0,0,94
09/24/2008,HXD,SC,ASO,ES,Federal Contract Tower,0,33,21,0,54,0,0,25,2,27,0,33,46,2,81,0,0,0,81
09/25/2008,HXD,SC,ASO,ES,Federal Contract Tower,0,37,34,0,71,0,0,7,0,7,0,37,41,0,78,0,0,0,78
09/26/2008,HXD,SC,ASO,ES,Federal Contract Tower,0,39,39,2,80,0,0,26,0,26,0,39,65,2,106,0,0,0,106
09/27/2008,HXD,SC,ASO,ES,Federal Contract Tower,0,0,28,24,52,0,1,47,0,48,0,1,75,24,100,0,0,0,100
09/28/2008,HXD,SC,ASO,ES,Federal Contract Tower,0,30,43,0,73,0,0,46,0,46,0,30,89,0,119,6,0,6,125
09/29/2008,HXD,SC,ASO,ES,Federal Contract Tower,0,31,35,0,66,0,0,42,0,42,0,31,77,0,108,24,0,24,132
09/30/2008,HXD,SC,ASO,ES,Federal Contract Tower,0,20,16,0,36,0,0,18,0,18,0,20,34,0,54,12,0,12,66
10/01/2008,HXD,SC,ASO,ES,Federal Contract Tower,0,27,37,0,64,0,0,42,0,42,0,27,79,0,106,14,2,16,122
10/02/2008,HXD,SC,ASO,ES,Federal Contract Tower,0,31,29,0,60,0,0,48,0,48,0,31,77,0,108,6,0,6,114
10/03/2008,HXD,SC,ASO,ES,Federal Contract Tower,0,34,32,0,66,0,1,43,2,46,0,35,75,2,112,0,0,0,112
10/04/2008,HXD,SC,ASO,ES,Federal Contract Tower,0,22,21,0,43,0,0,41,4,45,0,22,62,4,88,10,18,28,116
10/05/2008,HXD,SC,ASO,ES,Federal Contract Tower,0,28,38,0,66,0,0,41,0,41,0,28,79,0,107,6,0,6,113
10/06/2008,HXD,SC,ASO,ES,Federal Contract Tower,0,28,27,0,55,0,0,40,0,40,0,28,67,0,95,12,0,12,107
10/07/2008,HXD,SC,ASO,ES,Federal Contract Tower,0,32,27,0,59,0,0,25,0,25,0,32,52,0,84,2,0,2,86
10/08/2008,HXD,SC,ASO,ES,Federal Contract Tower,0,23,44,0,67,0,0,15,1,16,0,23,59,1,83,6,0,6,89
10/09/2008,HXD,SC,ASO,ES,Federal Contract Tower,0,31,29,0,60,0,0,14,0,14,0,31,43,0,74,12,4,16,90
10/10/2008,HXD,SC,ASO,ES,Federal Contract Tower,0,30,38,0,68,0,0,7,0,7,0,30,45,0,75,0,2,2,77
10/11/2008,HXD,SC,ASO,ES,Federal Contract Tower,0,22,31,0,53,0,0,8,0,8,0,22,39,0,61,2,0,2,63
10/12/2008,HXD,SC,ASO,ES,Federal Contract Tower,0,20,22,0,42,0,0,1,0,1,0,20,23,0,43,0,0,0,43
10/13/2008,HXD,SC,ASO,ES,Federal Contract Tower,0,26,48,0,74,0,0,27,0,27,0,26,75,0,101,0,4,4,105
10/14/2008,HXD,SC,ASO,ES,Federal Contract Tower,0,20,40,0,60,0,0,58,0,58,0,20,98,0,118,14,0,14,132
10/15/2008,HXD,SC,ASO,ES,Federal Contract Tower,0,25,31,0,56,0,0,60,0,60,0,25,91,0,116,18,0,18,134
10/16/2008,HXD,SC,ASO,ES,Federal Contract Tower,0,32,42,0,74,0,0,53,0,53,0,32,95,0,127,12,0,12,139
10/17/2008,HXD,SC,ASO,ES,Federal Contract Tower,0,30,40,0,70,0,0,37,2,39,0,30,77,2,109,0,2,2,111
10/18/2008,HXD,SC,ASO,ES,Federal Contract Tower,0,23,23,0,46,0,0,0,0,0,0,23,23,0,46,0,0,0,46
10/19/2008,HXD,SC,ASO,ES,Federal Contract Tower,0,29,45,0,74,0,0,36,1,37,0,29,81,1,111,0,0,0,111
10/20/2008,HXD,SC,ASO,ES,Federal Contract Tower,0,26,29,2,57,0,0,37,0,37,0,26,66,2,94,6,4,10,104
10/21/2008,HXD,SC,ASO,ES,Federal Contract Tower,0,28,50,0,78,0,0,74,0,74,0,28,124,0,152,24,0,24,176
10/22/2008,HXD,SC,ASO,ES,Federal Contract Tower,0,33,37,0,70,0,0,47,0,47,0,33,84,0,117,2,0,2,119
10/23/2008,HXD,SC,ASO,ES,Federal Contract Tower,0,31,34,0,65,0,0,38,0,38,0,31,72,0,103,4,0,4,107
10/24/2008,HXD,SC,ASO,ES,Federal Contract Tower,0,23,13,0,36,0,0,0,0,0,0,23,13,0,36,0,0,0,36
10/25/2008,HXD,SC,ASO,ES,Federal Contract Tower,0,23,45,0,68,0,0,9,0,9,0,23,54,0,77,0,0,0,77
10/26/2008,HXD,SC,ASO,ES,Federal Contract Tower,0,24,61,0,85,0,2,69,0,71,0,26,130,0,156,10,0,10,166
10/27/2008,HXD,SC,ASO,ES,Federal Contract Tower,0,26,40,2,68,0,1,28,2,31,0,27,68,4,99,0,0,0,99
10/28/2008,HXD,SC,ASO,ES,Federal Contract Tower,0,31,46,0,77,0,30,8,0,38,0,61,54,0,115,0,0,0,115
10/29/2008,HXD,SC,ASO,ES,Federal Contract Tower,0,32,41,0,73,0,0,49,0,49,0,32,90,0,122,20,0,20,142
10/30/2008,HXD,SC,ASO,ES,Federal Contract Tower,0,27,32,0,59,0,0,27,0,27,0,27,59,0,86,8,0,8,94
10/31/2008,HXD,SC,ASO,ES,Federal Contract Tower,0,36,46,0,82,0,0,41,0,41,0,36,87,0,123,12,0,12,135
11/01/2008,HXD,SC,ASO,ES,Federal Contract Tower,0,23,24,0,47,0,0,39,0,39,0,23,63,0,86,6,0,6,92
11/02/2008,HXD,SC,ASO,ES,Federal Contract Tower,0,26,43,0,69,0,0,24,0,24,0,26,67,0,93,0,0,0,93
11/03/2008,HXD,SC,ASO,ES,Federal Contract Tower,0,27,32,0,59,0,0,1,0,1,0,27,33,0,60,0,0,0,60
11/04/2008,HXD,SC,ASO,ES,Federal Contract Tower,0,29,22,0,51,0,0,1,2,3,0,29,23,2,54,0,12,12,66
11/05/2008,HXD,SC,ASO,ES,Federal Contract Tower,0,29,45,0,74,0,1,4,0,5,0,30,49,0,79,0,0,0,79
11/06/2008,HXD,SC,ASO,ES,Federal Contract Tower,0,34,34,0,68,0,1,38,0,39,0,35,72,0,107,17,2,19,126
11/07/2008,HXD,SC,ASO,ES,Federal Contract Tower,0,28,41,0,69,0,0,65,0,65,0,28,106,0,134,34,0,34,168
11/08/2008,HXD,SC,ASO,ES,Federal Contract Tower,0,28,35,0,63,0,1,50,0,51,0,29,85,0,114,6,0,6,120
11/09/2008,HXD,SC,ASO,ES,Federal Contract Tower,0,25,28,1,54,0,0,57,0,57,0,25,85,1,111,32,0,32,143
11/10/2008,HXD,SC,ASO,ES,Federal Contract Tower,0,27,25,0,52,0,0,38,0,38,0,27,63,0,90,18,2,20,110
11/11/2008,HXD,SC,ASO,ES,Federal Contract Tower,0,28,38,0,66,0,0,45,0,45,0,28,83,0,111,6,0,6,117
11/12/2008,HXD,SC,ASO,ES,Federal Contract Tower,0,28,37,0,65,0,0,28,0,28,0,28,65,0,93,0,0,0,93
11/13/2008,HXD,SC,ASO,ES,Federal Contract Tower,0,29,26,0,55,0,0,0,0,0,0,29,26,0,55,0,0,0,55
11/14/2008,HXD,SC,ASO,ES,Federal Contract Tower,0,22,31,0,53,0,0,1,0,1,0,22,32,0,54,0,0,0,54
11/15/2008,HXD,SC,ASO,ES,Federal Contract Tower,0,19,13,0,32,0,0,3,0,3,0,19,16,0,35,0,0,0,35
11/16/2008,HXD,SC,ASO,ES,Federal Contract Tower,0,26,21,0,47,0,0,24,0,24,0,26,45,0,71,8,0,8,79
11/17/2008,HXD,SC,ASO,ES,Federal Contract Tower,0,25,34,0,59,0,0,45,0,45,0,25,79,0,104,0,4,4,108
11/18/2008,HXD,SC,ASO,ES,Federal Contract Tower,0,29,25,1,55,0,0,28,0,28,0,29,53,1,83,0,0,0,83
11/19/2008,HXD,SC,ASO,ES,Federal Contract Tower,0,29,31,0,60,0,0,50,0,50,0,29,81,0,110,12,0,12,122
11/20/2008,HXD,SC,ASO,ES,Federal Contract Tower,0,30,30,0,60,0,1,27,2,30,0,31,57,2,90,0,0,0,90
11/21/2008,HXD,SC,ASO,ES,Federal Contract Tower,0,28,32,0,60,0,0,27,0,27,0,28,59,0,87,6,0,6,93
11/22/2008,HXD,SC,ASO,ES,Federal Contract Tower,0,23,31,0,54,0,0,55,0,55,0,23,86,0,109,28,0,28,137
11/23/2008,HXD,SC,ASO,ES,Federal Contract Tower,0,22,41,0,63,0,0,41,0,41,0,22,82,0,104,10,0,10,114
11/24/2008,HXD,SC,ASO,ES,Federal Contract Tower,0,25,26,0,51,0,1,37,0,38,0,26,63,0,89,2,8,10,99
11/25/2008,HXD,SC,ASO,ES,Federal Contract Tower,0,34,47,0,81,0,0,39,0,39,0,34,86,0,120,4,0,4,124
11/26/2008,HXD,SC,ASO,ES,Federal Contract Tower,0,42,64,0,106,0,0,60,0,60,0,42,124,0,166,0,0,0,166
11/27/2008,HXD,SC,ASO,ES,Federal Contract Tower,0,18,12,0,30,0,0,18,1,19,0,18,30,1,49,0,0,0,49
11/28/2008,HXD,SC,ASO,ES,Federal Contract Tower,0,31,35,0,66,0,0,27,0,27,0,31,62,0,93,6,0,6,99
11/29/2008,HXD,SC,ASO,ES,Federal Contract Tower,0,23,32,0,55,0,0,8,0,8,0,23,40,0,63,0,0,0,63
11/30/2008,HXD,SC,ASO,ES,Federal Contract Tower,0,23,28,0,51,0,0,0,0,0,0,23,28,0,51,0,0,0,51
12/01/2008,HXD,SC,ASO,ES,Federal Contract Tower,0,19,34,0,53,0,0,36,0,36,0,19,70,0,89,2,6,8,97
12/02/2008,HXD,SC,ASO,ES,Federal Contract Tower,0,23,26,0,49,0,0,42,5,47,0,23,68,5,96,10,0,10,106
12/03/2008,HXD,SC,ASO,ES,Federal Contract Tower,0,25,39,1,65,0,0,60,9,69,0,25,99,10,134,16,0,16,150
12/04/2008,HXD,SC,ASO,ES,Federal Contract Tower,0,24,38,0,62,0,0,35,0,35,0,24,73,0,97,0,0,0,97
12/05/2008,HXD,SC,ASO,ES,Federal Contract Tower,0,18,22,0,40,0,1,17,0,18,0,19,39,0,58,0,0,0,58
12/06/2008,HXD,SC,ASO,ES,Federal Contract Tower,0,26,9,0,35,0,0,8,2,10,0,26,17,2,45,0,4,4,49
12/07/2008,HXD,SC,ASO,ES,Federal Contract Tower,0,16,19,0,35,0,1,46,0,47,0,17,65,0,82,10,0,10,92
12/08/2008,HXD,SC,ASO,ES,Federal Contract Tower,0,18,12,0,30,0,0,49,0,49,0,18,61,0,79,26,0,26,105
12/09/2008,HXD,SC,ASO,ES,Federal Contract Tower,0,27,33,0,60,0,0,42,0,42,0,27,75,0,102,4,0,4,106
12/10/2008,HXD,SC,ASO,ES,Federal Contract Tower,0,13,16,2,31,0,0,0,0,0,0,13,16,2,31,0,0,0,31
12/11/2008,HXD,SC,ASO,ES,Federal Contract Tower,0,12,4,0,16,0,0,0,0,0,0,12,4,0,16,0,0,0,16
12/12/2008,HXD,SC,ASO,ES,Federal Contract Tower,0,26,25,0,51,0,2,22,0,24,0,28,47,0,75,0,0,0,75
12/13/2008,HXD,SC,ASO,ES,Federal Contract Tower,0,16,31,0,47,0,1,44,0,45,0,17,75,0,92,24,0,24,116
12/14/2008,HXD,SC,ASO,ES,Federal Contract Tower,0,11,26,0,37,0,1,32,0,33,0,12,58,0,70,8,0,8,78
12/15/2008,HXD,SC,ASO,ES,Federal Contract Tower,0,22,24,0,46,0,0,30,0,30,0,22,54,0,76,22,0,22,98
12/16/2008,HXD,SC,ASO,ES,Federal Contract Tower,0,22,12,0,34,0,0,2,0,2,0,22,14,0,36,0,0,0,36
12/17/2008,HXD,SC,ASO,ES,Federal Contract Tower,0,17,16,0,33,0,1,31,0,32,0,18,47,0,65,18,0,18,83
12/18/2008,HXD,SC,ASO,ES,Federal Contract Tower,0,21,27,0,48,0,0,56,0,56,0,21,83,0,104,8,0,8,112
12/19/2008,HXD,SC,ASO,ES,Federal Contract Tower,0,21,25,0,46,0,0,24,0,24,0,21,49,0,70,0,0,0,70
12/20/2008,HXD,SC,ASO,ES,Federal Contract Tower,0,15,20,0,35,0,0,19,0,19,0,15,39,0,54,0,12,12,66
12/21/2008,HXD,SC,ASO,ES,Federal Contract Tower,0,16,9,0,25,0,0,18,0,18,0,16,27,0,43,0,0,0,43
12/22/2008,HXD,SC,ASO,ES,Federal Contract Tower,0,22,16,0,38,0,0,0,0,0,0,22,16,0,38,4,0,4,42
12/23/2008,HXD,SC,ASO,ES,Federal Contract Tower,0,21,39,0,60,0,0,57,0,57,0,21,96,0,117,18,0,18,135
12/24/2008,HXD,SC,ASO,ES,Federal Contract Tower,0,17,21,0,38,0,1,36,0,37,0,18,57,0,75,4,0,4,79
12/25/2008,HXD,SC,ASO,ES,Federal Contract Tower,0,12,17,0,29,0,0,18,2,20,0,12,35,2,49,0,6,6,55
12/26/2008,HXD,SC,ASO,ES,Federal Contract Tower,0,22,25,0,47,0,0,0,0,0,0,22,25,0,47,0,0,0,47
12/27/2008,HXD,SC,ASO,ES,Federal Contract Tower,0,17,39,0,56,0,0,24,0,24,0,17,63,0,80,0,0,0,80
12/28/2008,HXD,SC,ASO,ES,Federal Contract Tower,0,26,41,0,67,0,0,43,0,43,0,26,84,0,110,22,0,22,132
12/29/2008,HXD,SC,ASO,ES,Federal Contract Tower,0,24,36,0,60,0,1,26,0,27,0,25,62,0,87,12,0,12,99
12/30/2008,HXD,SC,ASO,ES,Federal Contract Tower,0,29,50,0,79,0,2,56,0,58,0,31,106,0,137,10,0,10,147
12/31/2008,HXD,SC,ASO,ES,Federal Contract Tower,0,24,27,0,51,0,0,42,0,42,0,24,69,0,93,2,0,2,95
01/01/2009,HXD,SC,ASO,ES,Federal Contract Tower,0,15,32,0,47,0,0,29,2,31,0,15,61,2,78,0,6,6,84
01/02/2009,HXD,SC,ASO,ES,Federal Contract Tower,0,24,26,0,50,0,0,27,0,27,0,24,53,0,77,2,0,2,79
01/03/2009,HXD,SC,ASO,ES,Federal Contract Tower,0,21,36,0,57,0,0,7,0,7,0,21,43,0,64,0,0,0,64
01/04/2009,HXD,SC,ASO,ES,Federal Contract Tower,0,17,28,0,45,0,0,28,0,28,0,17,56,0,73,16,0,16,89
01/05/2009,HXD,SC,ASO,ES,Federal Contract Tower,0,19,21,0,40,0,0,48,2,50,0,19,69,2,90,28,0,28,118
01/06/2009,HXD,SC,ASO,ES,Federal Contract Tower,0,12,12,0,24,0,0,13,0,13,0,12,25,0,37,0,0,0,37
01/07/2009,HXD,SC,ASO,ES,Federal Contract Tower,0,21,12,2,35,0,0,2,0,2,0,21,14,2,37,0,0,0,37
01/08/2009,HXD,SC,ASO,ES,Federal Contract Tower,0,29,38,0,67,0,0,20,2,22,0,29,58,2,89,0,10,10,99
01/09/2009,HXD,SC,ASO,ES,Federal Contract Tower,0,26,38,0,64,0,0,54,0,54,0,26,92,0,118,10,0,10,128
01/10/2009,HXD,SC,ASO,ES,Federal Contract Tower,0,12,30,0,42,0,1,48,0,49,0,13,78,0,91,10,0,10,101
01/11/2009,HXD,SC,ASO,ES,Federal Contract Tower,0,13,25,0,38,0,0,5,0,5,0,13,30,0,43,2,0,2,45
01/12/2009,HXD,SC,ASO,ES,Federal Contract Tower,0,15,14,0,29,0,0,21,0,21,0,15,35,0,50,8,0,8,58
01/13/2009,HXD,SC,ASO,ES,Federal Contract Tower,0,17,12,0,29,0,0,0,0,0,0,17,12,0,29,0,0,0,29
01/14/2009,HXD,SC,ASO,ES,Federal Contract Tower,0,20,24,1,45,0,0,48,1,49,0,20,72,2,94,0,0,0,94
01/15/2009,HXD,SC,ASO,ES,Federal Contract Tower,0,34,26,0,60,0,0,31,0,31,0,34,57,0,91,0,0,0,91
01/16/2009,HXD,SC,ASO,ES,Federal Contract Tower,0,15,33,2,50,0,0,32,2,34,0,15,65,4,84,0,0,0,84
01/17/2009,HXD,SC,ASO,ES,Federal Contract Tower,0,12,31,0,43,0,1,43,2,46,0,13,74,2,89,0,0,0,89
01/18/2009,HXD,SC,ASO,ES,Federal Contract Tower,0,11,11,0,22,0,0,17,2,19,0,11,28,2,41,0,32,32,73
01/19/2009,HXD,SC,ASO,ES,Federal Contract Tower,0,13,16,0,29,0,0,42,0,42,0,13,58,0,71,0,0,0,71
01/20/2009,HXD,SC,ASO,ES,Federal Contract Tower,0,22,27,0,49,0,0,11,0,11,0,22,38,0,60,0,0,0,60
01/21/2009,HXD,SC,ASO,ES,Federal Contract Tower,0,21,25,1,47,0,1,29,2,32,0,22,54,3,79,0,0,0,79
01/22/2009,HXD,SC,ASO,ES,Federal Contract Tower,0,25,29,0,54,0,0,52,3,55,0,25,81,3,109,6,0,6,115
01/23/2009,HXD,SC,ASO,ES,Federal Contract Tower,0,20,29,0,49,0,0,38,0,38,0,20,67,0,87,0,0,0,87
01/24/2009,HXD,SC,ASO,ES,Federal Contract Tower,0,15,16,0,31,0,0,23,0,23,0,15,39,0,54,6,0,6,60
01/25/2009,HXD,SC,ASO,ES,Federal Contract Tower,0,15,27,0,42,0,0,15,0,15,0,15,42,0,57,6,0,6,63
01/26/2009,HXD,SC,ASO,ES,Federal Contract Tower,0,19,12,0,31,0,0,4,0,4,0,19,16,0,35,0,0,0,35
01/27/2009,HXD,SC,ASO,ES,Federal Contract Tower,0,6,9,0,15,0,0,0,0,0,0,6,9,0,15,0,0,0,15
01/28/2009,HXD,SC,ASO,ES,Federal Contract Tower,0,10,24,0,34,0,0,0,0,0,0,10,24,0,34,0,0,0,34
01/29/2009,HXD,SC,ASO,ES,Federal Contract Tower,0,7,24,3,34,0,0,17,0,17,0,7,41,3,51,0,0,0,51
01/30/2009,HXD,SC,ASO,ES,Federal Contract Tower,0,21,30,0,51,0,2,37,0,39,0,23,67,0,90,0,0,0,90
01/31/2009,HXD,SC,ASO,ES,Federal Contract Tower,0,9,18,0,27,0,1,42,0,43,0,10,60,0,70,0,10,10,80
02/01/2009,HXD,SC,ASO,ES,Federal Contract Tower,0,16,26,0,42,0,0,39,0,39,0,16,65,0,81,0,10,10,91
02/02/2009,HXD,SC,ASO,ES,Federal Contract Tower,0,23,18,0,41,0,0,38,6,44,0,23,56,6,85,12,6,18,103
02/03/2009,HXD,SC,ASO,ES,Federal Contract Tower,0,15,16,0,31,0,0,39,0,39,0,15,55,0,70,36,0,36,106
02/04/2009,HXD,SC,ASO,ES,Federal Contract Tower,0,13,13,0,26,0,0,35,2,37,0,13,48,2,63,0,0,0,63
02/05/2009,HXD,SC,ASO,ES,Federal Contract Tower,0,21,23,0,44,0,0,35,2,37,0,21,58,2,81,0,2,2,83
02/06/2009,HXD,SC,ASO,ES,Federal Contract Tower,0,18,26,0,44,0,0,63,1,64,0,18,89,1,108,2,0,2,110
02/07/2009,HXD,SC,ASO,ES,Federal Contract Tower,0,13,26,0,39,0,1,52,2,55,0,14,78,2,94,10,2,12,106
02/08/2009,HXD,SC,ASO,ES,Federal Contract Tower,0,17,24,2,43,0,1,63,0,64,0,18,87,2,107,14,10,24,131
02/09/2009,HXD,SC,ASO,ES,Federal Contract Tower,0,17,18,2,37,0,0,40,0,40,0,17,58,2,77,20,0,20,97
02/10/2009,HXD,SC,ASO,ES,Federal Contract Tower,0,19,27,0,46,0,1,43,0,44,0,20,70,0,90,26,0,26,116
02/11/2009,HXD,SC,ASO,ES,Federal Contract Tower,0,16,16,0,32,0,2,32,0,34,0,18,48,0,66,0,0,0,66
02/12/2009,HXD,SC,ASO,ES,Federal Contract Tower,0,24,26,0,50,0,0,30,2,32,0,24,56,2,82,2,0,2,84
02/13/2009,HXD,SC,ASO,ES,Federal Contract Tower,0,21,32,0,53,0,0,52,0,52,0,21,84,0,105,4,0,4,109
02/14/2009,HXD,SC,ASO,ES,Federal Contract Tower,0,16,26,0,42,0,0,9,0,9,0,16,35,0,51,0,0,0,51
02/15/2009,HXD,SC,ASO,ES,Federal Contract Tower,0,16,25,0,41,0,0,11,0,11,0,16,36,0,52,2,0,2,54
02/16/2009,HXD,SC,ASO,ES,Federal Contract Tower,0,19,41,3,63,0,1,39,3,43,0,20,80,6,106,4,0,4,110
02/17/2009,HXD,SC,ASO,ES,Federal Contract Tower,0,19,48,2,69,0,1,48,6,55,0,20,96,8,124,30,0,30,154
02/18/2009,HXD,SC,ASO,ES,Federal Contract Tower,0,16,28,6,50,0,1,30,9,40,0,17,58,15,90,14,2,16,106
02/19/2009,HXD,SC,ASO,ES,Federal Contract Tower,0,25,32,3,60,0,1,31,6,38,0,26,63,9,98,0,0,0,98
02/20/2009,HXD,SC,ASO,ES,Federal Contract Tower,0,24,34,2,60,0,0,51,0,51,0,24,85,2,111,4,0,4,115
02/21/2009,HXD,SC,ASO,ES,Federal Contract Tower,0,10,22,0,32,0,2,36,3,41,0,12,58,3,73,0,16,16,89
02/22/2009,HXD,SC,ASO,ES,Federal Contract Tower,0,22,28,0,50,0,0,19,2,21,0,22,47,2,71,2,0,2,73
02/23/2009,HXD,SC,ASO,ES,Federal Contract Tower,0,17,23,0,40,0,1,44,0,45,0,18,67,0,85,16,0,16,101
02/24/2009,HXD,SC,ASO,ES,Federal Contract Tower,0,19,38,0,57,0,1,44,0,45,0,20,82,0,102,16,0,16,118
02/25/2009,HXD,SC,ASO,ES,Federal Contract Tower,0,24,43,0,67,0,0,51,0,51,0,24,94,0,118,16,0,16,134
02/26/2009,HXD,SC,ASO,ES,Federal Contract Tower,0,21,35,0,56,0,0,48,2,50,0,21,83,2,106,10,6,16,122
02/27/2009,HXD,SC,ASO,ES,Federal Contract Tower,0,19,34,0,53,0,2,42,0,44,0,21,76,0,97,8,0,8,105
02/28/2009,HXD,SC,ASO,ES,Federal Contract Tower,0,12,19,0,31,0,1,22,0,23,0,13,41,0,54,0,0,0,54
03/01/2009,HXD,SC,ASO,ES,Federal Contract Tower,0,14,14,0,28,0,0,0,0,0,0,14,14,0,28,0,0,0,28
03/02/2009,HXD,SC,ASO,ES,Federal Contract Tower,0,23,19,0,42,0,0,25,0,25,0,23,44,0,67,0,0,0,67
03/03/2009,HXD,SC,ASO,ES,Federal Contract Tower,0,27,48,0,75,0,0,62,2,64,0,27,110,2,139,14,2,16,155
03/04/2009,HXD,SC,ASO,ES,Federal Contract Tower,0,31,47,0,78,0,1,61,0,62,0,32,108,0,140,18,0,18,158
03/05/2009,HXD,SC,ASO,ES,Federal Contract Tower,0,33,46,1,80,0,1,73,4,78,0,34,119,5,158,8,0,8,166
03/06/2009,HXD,SC,ASO,ES,Federal Contract Tower,0,36,41,0,77,0,1,56,0,57,0,37,97,0,134,12,0,12,146
03/07/2009,HXD,SC,ASO,ES,Federal Contract Tower,0,27,25,0,52,0,0,55,0,55,0,27,80,0,107,2,0,2,109
03/08/2009,HXD,SC,ASO,ES,Federal Contract Tower,0,33,42,0,75,0,4,56,0,60,0,37,98,0,135,12,0,12,147
03/09/2009,HXD,SC,ASO,ES,Federal Contract Tower,0,33,35,0,68,0,1,56,2,59,0,34,91,2,127,28,0,28,155
03/10/2009,HXD,SC,ASO,ES,Federal Contract Tower,0,25,50,0,75,0,2,70,2,74,0,27,120,2,149,20,0,20,169
03/11/2009,HXD,SC,ASO,ES,Federal Contract Tower,0,28,34,0,62,0,1,45,0,46,0,29,79,0,108,6,0,6,114
03/12/2009,HXD,SC,ASO,ES,Federal Contract Tower,0,45,51,0,96,0,1,41,0,42,0,46,92,0,138,2,0,2,140
03/13/2009,HXD,SC,ASO,ES,Federal Contract Tower,0,31,38,0,69,0,1,0,0,1,0,32,38,0,70,0,0,0,70
03/14/2009,HXD,SC,ASO,ES,Federal Contract Tower,0,23,40,0,63,0,0,0,0,0,0,23,40,0,63,0,0,0,63
03/15/2009,HXD,SC,ASO,ES,Federal Contract Tower,0,24,29,0,53,0,0,19,0,19,0,24,48,0,72,0,0,0,72
03/16/2009,HXD,SC,ASO,ES,Federal Contract Tower,0,33,34,0,67,0,0,19,0,19,0,33,53,0,86,0,0,0,86
03/17/2009,HXD,SC,ASO,ES,Federal Contract Tower,0,28,36,0,64,0,0,36,0,36,0,28,72,0,100,4,0,4,104
03/18/2009,HXD,SC,ASO,ES,Federal Contract Tower,0,29,31,0,60,0,2,53,0,55,0,31,84,0,115,6,0,6,121
03/19/2009,HXD,SC,ASO,ES,Federal Contract Tower,0,34,38,0,72,0,0,44,2,46,0,34,82,2,118,6,0,6,124
03/20/2009,HXD,SC,ASO,ES,Federal Contract Tower,0,34,42,0,76,0,1,55,0,56,0,35,97,0,132,16,0,16,148
03/21/2009,HXD,SC,ASO,ES,Federal Contract Tower,0,35,34,0,69,0,1,45,0,46,0,36,79,0,115,12,0,12,127
03/22/2009,HXD,SC,ASO,ES,Federal Contract Tower,0,34,58,0,92,0,0,58,0,58,0,34,116,0,150,24,0,24,174
03/23/2009,HXD,SC,ASO,ES,Federal Contract Tower,0,38,36,0,74,0,0,49,0,49,0,38,85,0,123,6,0,6,129
03/24/2009,HXD,SC,ASO,ES,Federal Contract Tower,0,23,28,0,51,0,0,38,3,41,0,23,66,3,92,4,2,6,98
03/25/2009,HXD,SC,ASO,ES,Federal Contract Tower,0,37,23,0,60,0,1,25,2,28,0,38,48,2,88,0,6,6,94
03/26/2009,HXD,SC,ASO,ES,Federal Contract Tower,0,27,36,0,63,0,1,19,0,20,0,28,55,0,83,0,0,0,83
03/27/2009,HXD,SC,ASO,ES,Federal Contract Tower,0,34,28,0,62,0,1,17,0,18,0,35,45,0,80,0,0,0,80
03/28/2009,HXD,SC,ASO,ES,Federal Contract Tower,0,20,6,0,26,0,1,3,0,4,0,21,9,0,30,0,0,0,30
03/29/2009,HXD,SC,ASO,ES,Federal Contract Tower,0,30,32,2,64,0,0,28,0,28,0,30,60,2,92,0,0,0,92
03/30/2009,HXD,SC,ASO,ES,Federal Contract Tower,0,32,59,2,93,0,0,53,0,53,0,32,112,2,146,10,0,10,156
03/31/2009,HXD,SC,ASO,ES,Federal Contract Tower,0,37,68,0,105,0,2,78,0,80,0,39,146,0,185,2,0,2,187
04/01/2009,HXD,SC,ASO,ES,Federal Contract Tower,0,32,30,2,64,0,0,3,0,3,0,32,33,2,67,0,0,0,67
04/02/2009,HXD,SC,ASO,ES,Federal Contract Tower,0,18,26,1,45,0,0,0,0,0,0,18,26,1,45,0,0,0,45
04/03/2009,HXD,SC,ASO,ES,Federal Contract Tower,0,30,40,0,70,0,3,32,0,35,0,33,72,0,105,14,0,14,119
04/04/2009,HXD,SC,ASO,ES,Federal Contract Tower,0,31,36,0,67,0,2,66,0,68,0,33,102,0,135,16,0,16,151
04/05/2009,HXD,SC,ASO,ES,Federal Contract Tower,0,23,60,0,83,0,0,41,0,41,0,23,101,0,124,26,0,26,150
04/06/2009,HXD,SC,ASO,ES,Federal Contract Tower,0,27,30,0,57,0,1,9,0,10,0,28,39,0,67,0,2,2,69
04/07/2009,HXD,SC,ASO,ES,Federal Contract Tower,0,27,46,2,75,0,1,31,0,32,0,28,77,2,107,8,0,8,115
04/08/2009,HXD,SC,ASO,ES,Federal Contract Tower,0,38,67,2,107,0,0,52,0,52,0,38,119,2,159,4,0,4,163
04/09/2009,HXD,SC,ASO,ES,Federal Contract Tower,0,50,59,0,109,0,2,54,0,56,0,52,113,0,165,16,0,16,181
04/10/2009,HXD,SC,ASO,ES,Federal Contract Tower,0,29,38,0,67,0,1,35,0,36,0,30,73,0,103,0,0,0,103
04/11/2009,HXD,SC,ASO,ES,Federal Contract Tower,0,30,25,2,57,0,3,31,0,34,0,33,56,2,91,6,0,6,97
04/12/2009,HXD,SC,ASO,ES,Federal Contract Tower,0,33,50,0,83,0,0,40,0,40,0,33,90,0,123,0,0,0,123
04/13/2009,HXD,SC,ASO,ES,Federal Contract Tower,0,35,36,0,71,0,0,0,0,0,0,35,36,0,71,0,0,0,71
04/14/2009,HXD,SC,ASO,ES,Federal Contract Tower,0,39,64,0,103,0,1,35,0,36,0,40,99,0,139,14,0,14,153
04/15/2009,HXD,SC,ASO,ES,Federal Contract Tower,0,42,81,0,123,0,1,62,7,70,0,43,143,7,193,12,8,20,213
04/16/2009,HXD,SC,ASO,ES,Federal Contract Tower,0,47,97,0,144,0,2,58,2,62,0,49,155,2,206,22,0,22,228
04/17/2009,HXD,SC,ASO,ES,Federal Contract Tower,0,61,93,0,154,0,0,56,0,56,0,61,149,0,210,2,0,2,212
04/18/2009,HXD,SC,ASO,ES,Federal Contract Tower,0,51,51,1,103,0,1,70,3,74,0,52,121,4,177,0,4,4,181
04/19/2009,HXD,SC,ASO,ES,Federal Contract Tower,0,60,108,2,170,0,0,50,0,50,0,60,158,2,220,0,0,0,220
04/20/2009,HXD,SC,ASO,ES,Federal Contract Tower,0,41,63,0,104,0,0,29,2,31,0,41,92,2,135,0,0,0,135
04/21/2009,HXD,SC,ASO,ES,Federal Contract Tower,0,43,52,0,95,0,0,34,0,34,0,43,86,0,129,8,0,8,137
04/22/2009,HXD,SC,ASO,ES,Federal Contract Tower,0,40,50,0,90,0,0,29,0,29,0,40,79,0,119,0,0,0,119
04/23/2009,HXD,SC,ASO,ES,Federal Contract Tower,0,34,43,0,77,0,0,60,0,60,0,34,103,0,137,18,0,18,155
04/24/2009,HXD,SC,ASO,ES,Federal Contract Tower,0,38,56,0,94,0,0,45,0,45,0,38,101,0,139,8,0,8,147
04/25/2009,HXD,SC,ASO,ES,Federal Contract Tower,0,32,44,0,76,0,1,64,0,65,0,33,108,0,141,16,0,16,157
04/26/2009,HXD,SC,ASO,ES,Federal Contract Tower,0,41,80,0,121,0,0,66,0,66,0,41,146,0,187,16,0,16,203
04/27/2009,HXD,SC,ASO,ES,Federal Contract Tower,0,33,49,0,82,0,0,47,0,47,0,33,96,0,129,8,0,8,137
04/28/2009,HXD,SC,ASO,ES,Federal Contract Tower,0,29,35,2,66,0,1,48,0,49,0,30,83,2,115,16,6,22,137
04/29/2009,HXD,SC,ASO,ES,Federal Contract Tower,0,31,37,2,70,0,1,56,0,57,0,32,93,2,127,14,0,14,141
04/30/2009,HXD,SC,ASO,ES,Federal Contract Tower,0,31,39,0,70,0,0,33,0,33,0,31,72,0,103,6,0,6,109
05/01/2009,HXD,SC,ASO,ES,Federal Contract Tower,0,34,53,0,87,0,0,60,0,60,0,34,113,0,147,10,14,24,171
05/02/2009,HXD,SC,ASO,ES,Federal Contract Tower,0,37,43,0,80,0,1,54,0,55,0,38,97,0,135,2,0,2,137
05/03/2009,HXD,SC,ASO,ES,Federal Contract Tower,0,29,48,0,77,0,0,39,9,48,0,29,87,9,125,24,26,50,175
05/04/2009,HXD,SC,ASO,ES,Federal Contract Tower,0,35,27,0,62,0,0,36,0,36,0,35,63,0,98,8,0,8,106
05/05/2009,HXD,SC,ASO,ES,Federal Contract Tower,0,21,24,0,45,0,0,30,0,30,0,21,54,0,75,0,0,0,75
05/06/2009,HXD,SC,ASO,ES,Federal Contract Tower,0,27,27,0,54,0,0,33,0,33,0,27,60,0,87,0,0,0,87
05/07/2009,HXD,SC,ASO,ES,Federal Contract Tower,0,37,37,0,74,0,0,49,2,51,0,37,86,2,125,12,0,12,137
05/08/2009,HXD,SC,ASO,ES,Federal Contract Tower,0,32,41,0,73,0,1,46,4,51,0,33,87,4,124,10,0,10,134
05/09/2009,HXD,SC,ASO,ES,Federal Contract Tower,0,30,31,0,61,0,2,71,0,73,0,32,102,0,134,14,0,14,148
05/10/2009,HXD,SC,ASO,ES,Federal Contract Tower,0,30,44,0,74,0,0,56,0,56,0,30,100,0,130,26,0,26,156
05/11/2009,HXD,SC,ASO,ES,Federal Contract Tower,0,28,30,0,58,0,0,19,2,21,0,28,49,2,79,6,10,16,95
05/12/2009,HXD,SC,ASO,ES,Federal Contract Tower,0,32,42,0,74,0,1,49,0,50,0,33,91,0,124,2,0,2,126
05/13/2009,HXD,SC,ASO,ES,Federal Contract Tower,0,32,42,2,76,0,0,55,2,57,0,32,97,4,133,18,0,18,151
05/14/2009,HXD,SC,ASO,ES,Federal Contract Tower,0,32,46,0,78,0,0,28,0,28,0,32,74,0,106,6,4,10,116
05/15/2009,HXD,SC,ASO,ES,Federal Contract Tower,0,32,58,0,90,0,0,17,0,17,0,32,75,0,107,0,0,0,107
05/16/2009,HXD,SC,ASO,ES,Federal Contract Tower,0,28,30,0,58,0,1,35,0,36,0,29,65,0,94,38,0,38,132
05/17/2009,HXD,SC,ASO,ES,Federal Contract Tower,27,42,0,0,69,0,0,16,0,16,27,42,16,0,85,0,0,0,85
05/18/2009,HXD,SC,ASO,ES,Federal Contract Tower,0,26,43,0,69,0,0,4,0,4,0,26,47,0,73,0,0,0,73
05/19/2009,HXD,SC,ASO,ES,Federal Contract Tower,0,28,33,0,61,0,0,25,0,25,0,28,58,0,86,0,2,2,88
05/20/2009,HXD,SC,ASO,ES,Federal Contract Tower,0,38,30,0,68,0,0,0,0,0,0,38,30,0,68,0,0,0,68
05/21/2009,HXD,SC,ASO,ES,Federal Contract Tower,0,28,42,0,70,0,0,1,0,1,0,28,43,0,71,0,0,0,71
05/22/2009,HXD,SC,ASO,ES,Federal Contract Tower,0,43,59,0,102,0,1,11,0,12,0,44,70,0,114,0,0,0,114
05/23/2009,HXD,SC,ASO,ES,Federal Contract Tower,0,29,32,0,61,0,1,0,0,1,0,30,32,0,62,0,0,0,62
05/24/2009,HXD,SC,ASO,ES,Federal Contract Tower,0,31,22,0,53,0,0,9,0,9,0,31,31,0,62,0,0,0,62
05/25/2009,HXD,SC,ASO,ES,Federal Contract Tower,0,28,67,0,95,0,0,39,0,39,0,28,106,0,134,6,0,6,140
05/26/2009,HXD,SC,ASO,ES,Federal Contract Tower,0,30,39,2,71,0,0,30,0,30,0,30,69,2,101,0,0,0,101
05/27/2009,HXD,SC,ASO,ES,Federal Contract Tower,0,30,52,2,84,0,0,33,0,33,0,30,85,2,117,0,0,0,117
05/28/2009,HXD,SC,ASO,ES,Federal Contract Tower,0,36,42,1,79,0,0,36,1,37,0,36,78,2,116,0,0,0,116
05/29/2009,HXD,SC,ASO,ES,Federal Contract Tower,0,34,46,0,80,0,1,41,0,42,0,35,87,0,122,4,0,4,126
05/30/2009,HXD,SC,ASO,ES,Federal Contract Tower,0,29,44,0,73,0,1,64,0,65,0,30,108,0,138,8,0,8,146
05/31/2009,HXD,SC,ASO,ES,Federal Contract Tower,0,30,40,0,70,0,4,42,0,46,0,34,82,0,116,14,0,14,130
06/01/2009,HXD,SC,ASO,ES,Federal Contract Tower,0,36,43,0,79,0,0,55,2,57,0,36,98,2,136,14,6,20,156
06/02/2009,HXD,SC,ASO,ES,Federal Contract Tower,0,32,55,0,87,0,1,55,0,56,0,33,110,0,143,18,0,18,161
06/03/2009,HXD,SC,ASO,ES,Federal Contract Tower,0,28,37,1,66,0,0,47,0,47,0,28,84,1,113,12,0,12,125
06/04/2009,HXD,SC,ASO,ES,Federal Contract Tower,0,32,34,0,66,0,0,21,0,21,0,32,55,0,87,10,0,10,97
06/05/2009,HXD,SC,ASO,ES,Federal Contract Tower,0,42,42,0,84,0,1,14,0,15,0,43,56,0,99,0,0,0,99
06/06/2009,HXD,SC,ASO,ES,Federal Contract Tower,0,38,37,0,75,0,1,26,0,27,0,39,63,0,102,4,0,4,106
06/07/2009,HXD,SC,ASO,ES,Federal Contract Tower,0,27,42,0,69,0,0,45,0,45,0,27,87,0,114,30,0,30,144
06/08/2009,HXD,SC,ASO,ES,Federal Contract Tower,0,36,29,2,67,0,0,24,0,24,0,36,53,2,91,0,0,0,91
06/09/2009,HXD,SC,ASO,ES,Federal Contract Tower,0,33,40,0,73,0,0,54,0,54,0,33,94,0,127,26,0,26,153
06/10/2009,HXD,SC,ASO,ES,Federal Contract Tower,0,29,42,0,71,0,0,55,0,55,0,29,97,0,126,12,0,12,138
06/11/2009,HXD,SC,ASO,ES,Federal Contract Tower,0,35,38,0,73,0,0,41,0,41,0,35,79,0,114,18,0,18,132
06/12/2009,HXD,SC,ASO,ES,Federal Contract Tower,0,34,48,0,82,0,2,61,2,65,0,36,109,2,147,16,2,18,165
06/13/2009,HXD,SC,ASO,ES,Federal Contract Tower,0,39,55,0,94,0,2,63,0,65,0,41,118,0,159,4,0,4,163
06/14/2009,HXD,SC,ASO,ES,Federal Contract Tower,0,27,40,0,67,0,0,62,0,62,0,27,102,0,129,14,0,14,143
06/15/2009,HXD,SC,ASO,ES,Federal Contract Tower,0,35,31,0,66,0,0,52,0,52,0,35,83,0,118,8,0,8,126
06/16/2009,HXD,SC,ASO,ES,Federal Contract Tower,0,29,33,0,62,0,1,29,0,30,0,30,62,0,92,20,0,20,112
06/17/2009,HXD,SC,ASO,ES,Federal Contract Tower,0,31,30,0,61,0,0,22,0,22,0,31,52,0,83,0,0,0,83
06/18/2009,HXD,SC,ASO,ES,Federal Contract Tower,0,35,37,0,72,0,3,35,0,38,0,38,72,0,110,6,0,6,116
06/19/2009,HXD,SC,ASO,ES,Federal Contract Tower,0,37,46,0,83,0,5,49,0,54,0,42,95,0,137,6,0,6,143
06/20/2009,HXD,SC,ASO,ES,Federal Contract Tower,0,31,43,0,74,0,1,63,0,64,0,32,106,0,138,0,0,0,138
06/21/2009,HXD,SC,ASO,ES,Federal Contract Tower,0,26,62,0,88,0,0,41,0,41,0,26,103,0,129,4,0,4,133
06/22/2009,HXD,SC,ASO,ES,Federal Contract Tower,0,35,40,0,75,0,0,50,6,56,0,35,90,6,131,10,4,14,145
06/23/2009,HXD,SC,ASO,ES,Federal Contract Tower,0,28,35,2,65,0,2,25,1,28,0,30,60,3,93,2,0,2,95
06/24/2009,HXD,SC,ASO,ES,Federal Contract Tower,0,36,48,0,84,0,0,39,6,45,0,36,87,6,129,6,0,6,135
06/25/2009,HXD,SC,ASO,ES,Federal Contract Tower,0,37,39,0,76,0,0,57,0,57,0,37,96,0,133,10,0,10,143
06/26/2009,HXD,SC,ASO,ES,Federal Contract Tower,0,34,32,0,66,0,0,13,0,13,0,34,45,0,79,0,0,0,79
06/27/2009,HXD,SC,ASO,ES,Federal Contract Tower,0,39,57,0,96,0,2,44,0,46,0,41,101,0,142,6,0,6,148
06/28/2009,HXD,SC,ASO,ES,Federal Contract Tower,0,33,37,0,70,0,0,55,0,55,0,33,92,0,125,6,0,6,131
06/29/2009,HXD,SC,ASO,ES,Federal Contract Tower,0,35,38,2,75,0,2,41,6,49,0,37,79,8,124,0,24,24,148
06/30/2009,HXD,SC,ASO,ES,Federal Contract Tower,0,33,37,0,70,0,2,39,0,41,0,35,76,0,111,14,0,14,125
07/01/2009,HXD,SC,ASO,ES,Federal Contract Tower,0,34,54,0,88,0,0,52,0,52,0,34,106,0,140,8,0,8,148
07/02/2009,HXD,SC,ASO,ES,Federal Contract Tower,0,37,56,0,93,0,55,0,0,55,0,92,56,0,148,8,0,8,156
07/03/2009,HXD,SC,ASO,ES,Federal Contract Tower,0,33,49,0,82,0,0,43,0,43,0,33,92,0,125,8,0,8,133
07/04/2009,HXD,SC,ASO,ES,Federal Contract Tower,0,33,28,0,61,0,0,50,0,50,0,33,78,0,111,0,0,0,111
07/05/2009,HXD,SC,ASO,ES,Federal Contract Tower,0,31,63,0,94,0,0,47,0,47,0,31,110,0,141,2,0,2,143
07/06/2009,HXD,SC,ASO,ES,Federal Contract Tower,0,29,38,0,67,0,0,37,2,39,0,29,75,2,106,0,0,0,106
07/07/2009,HXD,SC,ASO,ES,Federal Contract Tower,0,30,44,0,74,0,0,23,0,23,0,30,67,0,97,0,0,0,97
07/08/2009,HXD,SC,ASO,ES,Federal Contract Tower,0,33,55,0,88,0,0,19,0,19,0,33,74,0,107,0,0,0,107
07/09/2009,HXD,SC,ASO,ES,Federal Contract Tower,0,34,36,0,70,0,0,4,0,4,0,34,40,0,74,0,0,0,74
07/10/2009,HXD,SC,ASO,ES,Federal Contract Tower,0,31,44,0,75,0,0,46,0,46,0,31,90,0,121,4,0,4,125
07/11/2009,HXD,SC,ASO,ES,Federal Contract Tower,0,29,50,0,79,0,1,41,0,42,0,30,91,0,121,0,0,0,121
07/12/2009,HXD,SC,ASO,ES,Federal Contract Tower,0,33,49,0,82,0,0,45,0,45,0,33,94,0,127,0,0,0,127
07/13/2009,HXD,SC,ASO,ES,Federal Contract Tower,0,35,29,0,64,0,0,31,0,31,0,35,60,0,95,0,0,0,95
07/14/2009,HXD,SC,ASO,ES,Federal Contract Tower,0,35,42,0,77,0,0,11,0,11,0,35,53,0,88,4,0,4,92
07/15/2009,HXD,SC,ASO,ES,Federal Contract Tower,0,32,40,1,73,0,0,43,1,44,0,32,83,2,117,0,0,0,117
07/16/2009,HXD,SC,ASO,ES,Federal Contract Tower,0,29,44,0,73,0,2,40,2,44,0,31,84,2,117,8,0,8,125
07/17/2009,HXD,SC,ASO,ES,Federal Contract Tower,0,32,52,0,84,0,0,43,0,43,0,32,95,0,127,0,0,0,127
07/18/2009,HXD,SC,ASO,ES,Federal Contract Tower,0,35,43,0,78,0,1,40,0,41,0,36,83,0,119,0,0,0,119
07/19/2009,HXD,SC,ASO,ES,Federal Contract Tower,0,27,38,0,65,0,0,47,0,47,0,27,85,0,112,10,0,10,122
07/20/2009,HXD,SC,ASO,ES,Federal Contract Tower,0,39,30,0,69,0,1,47,4,52,0,40,77,4,121,14,0,14,135
07/21/2009,HXD,SC,ASO,ES,Federal Contract Tower,0,32,30,0,62,0,3,28,2,33,0,35,58,2,95,0,10,10,105
07/22/2009,HXD,SC,ASO,ES,Federal Contract Tower,0,40,36,0,76,0,0,48,0,48,0,40,84,0,124,2,0,2,126
07/23/2009,HXD,SC,ASO,ES,Federal Contract Tower,0,33,39,0,72,0,2,34,0,36,0,35,73,0,108,6,0,6,114
07/24/2009,HXD,SC,ASO,ES,Federal Contract Tower,0,33,54,1,88,0,2,39,1,42,0,35,93,2,130,0,0,0,130
07/25/2009,HXD,SC,ASO,ES,Federal Contract Tower,0,32,38,0,70,0,2,69,0,71,0,34,107,0,141,4,0,4,145
07/26/2009,HXD,SC,ASO,ES,Federal Contract Tower,0,29,59,0,88,0,0,47,0,47,0,29,106,0,135,6,0,6,141
07/27/2009,HXD,SC,ASO,ES,Federal Contract Tower,0,32,45,0,77,0,0,28,2,30,0,32,73,2,107,0,0,0,107
07/28/2009,HXD,SC,ASO,ES,Federal Contract Tower,0,29,35,0,64,0,3,45,0,48,0,32,80,0,112,14,0,14,126
07/29/2009,HXD,SC,ASO,ES,Federal Contract Tower,0,40,30,2,72,0,1,36,0,37,0,41,66,2,109,2,0,2,111
07/30/2009,HXD,SC,ASO,ES,Federal Contract Tower,0,34,22,0,56,0,0,24,0,24,0,34,46,0,80,0,0,0,80
07/31/2009,HXD,SC,ASO,ES,Federal Contract Tower,0,28,32,0,60,0,2,21,0,23,0,30,53,0,83,0,0,0,83
08/01/2009,HXD,SC,ASO,ES,Federal Contract Tower,0,43,62,0,105,0,2,31,0,33,0,45,93,0,138,6,2,8,146
08/02/2009,HXD,SC,ASO,ES,Federal Contract Tower,0,26,46,0,72,0,0,20,0,20,0,26,66,0,92,0,0,0,92
08/03/2009,HXD,SC,ASO,ES,Federal Contract Tower,0,36,25,0,61,0,0,33,0,33,0,36,58,0,94,4,0,4,98
08/04/2009,HXD,SC,ASO,ES,Federal Contract Tower,0,35,31,0,66,0,0,41,0,41,0,35,72,0,107,8,0,8,115
08/05/2009,HXD,SC,ASO,ES,Federal Contract Tower,0,39,41,0,80,0,0,43,0,43,0,39,84,0,123,14,0,14,137
08/06/2009,HXD,SC,ASO,ES,Federal Contract Tower,0,32,36,0,68,0,0,24,2,26,0,32,60,2,94,0,0,0,94
08/07/2009,HXD,SC,ASO,ES,Federal Contract Tower,0,31,36,0,67,0,3,26,0,29,0,34,62,0,96,0,0,0,96
08/08/2009,HXD,SC,ASO,ES,Federal Contract Tower,0,34,43,0,77,0,1,36,0,37,0,35,79,0,114,8,0,8,122
08/09/2009,HXD,SC,ASO,ES,Federal Contract Tower,0,29,44,0,73,0,0,44,0,44,0,29,88,0,117,0,0,0,117
08/10/2009,HXD,SC,ASO,ES,Federal Contract Tower,0,25,36,0,61,0,1,43,0,44,0,26,79,0,105,0,0,0,105
08/11/2009,HXD,SC,ASO,ES,Federal Contract Tower,0,26,56,2,84,0,1,42,0,43,0,27,98,2,127,4,0,4,131
08/12/2009,HXD,SC,ASO,ES,Federal Contract Tower,0,24,28,0,52,0,1,30,0,31,0,25,58,0,83,0,0,0,83
08/13/2009,HXD,SC,ASO,ES,Federal Contract Tower,0,35,28,0,63,0,0,4,0,4,0,35,32,0,67,0,0,0,67
08/14/2009,HXD,SC,ASO,ES,Federal Contract Tower,0,32,35,0,67,0,1,4,0,5,0,33,39,0,72,0,0,0,72
08/15/2009,HXD,SC,ASO,ES,Federal Contract Tower,0,37,30,0,67,0,0,14,0,14,0,37,44,0,81,0,0,0,81
08/16/2009,HXD,SC,ASO,ES,Federal Contract Tower,0,38,44,0,82,0,0,6,0,6,0,38,50,0,88,0,0,0,88
08/17/2009,HXD,SC,ASO,ES,Federal Contract Tower,0,36,40,0,76,0,0,47,0,47,0,36,87,0,123,4,0,4,127
08/18/2009,HXD,SC,ASO,ES,Federal Contract Tower,0,31,42,2,75,0,0,50,0,50,0,31,92,2,125,0,6,6,131
08/19/2009,HXD,SC,ASO,ES,Federal Contract Tower,0,31,45,0,76,0,0,46,0,46,0,31,91,0,122,4,0,4,126
08/20/2009,HXD,SC,ASO,ES,Federal Contract Tower,0,27,39,0,66,0,2,37,0,39,0,29,76,0,105,0,0,0,105
08/21/2009,HXD,SC,ASO,ES,Federal Contract Tower,0,32,32,0,64,0,2,34,0,36,0,34,66,0,100,0,0,0,100
08/22/2009,HXD,SC,ASO,ES,Federal Contract Tower,0,33,37,0,70,0,1,26,0,27,0,34,63,0,97,6,0,6,103
08/23/2009,HXD,SC,ASO,ES,Federal Contract Tower,0,30,40,0,70,0,2,51,0,53,0,32,91,0,123,12,0,12,135
08/24/2009,HXD,SC,ASO,ES,Federal Contract Tower,0,29,31,0,60,0,1,48,0,49,0,30,79,0,109,0,0,0,109
08/25/2009,HXD,SC,ASO,ES,Federal Contract Tower,0,26,32,2,60,0,1,40,0,41,0,27,72,2,101,4,2,6,107
08/26/2009,HXD,SC,ASO,ES,Federal Contract Tower,0,39,22,0,61,0,1,28,0,29,0,40,50,0,90,6,0,6,96
08/27/2009,HXD,SC,ASO,ES,Federal Contract Tower,0,23,38,0,61,0,2,21,1,24,0,25,59,1,85,0,0,0,85
08/28/2009,HXD,SC,ASO,ES,Federal Contract Tower,0,28,27,0,55,0,1,9,0,10,0,29,36,0,65,0,0,0,65
08/29/2009,HXD,SC,ASO,ES,Federal Contract Tower,0,26,20,0,46,0,0,32,0,32,0,26,52,0,78,6,0,6,84
08/30/2009,HXD,SC,ASO,ES,Federal Contract Tower,0,26,42,0,68,0,0,66,0,66,0,26,108,0,134,8,0,8,142
08/31/2009,HXD,SC,ASO,ES,Federal Contract Tower,0,23,15,0,38,0,0,12,0,12,0,23,27,0,50,0,0,0,50
09/01/2009,HXD,SC,ASO,ES,Federal Contract Tower,0,30,28,0,58,0,0,5,2,7,0,30,33,2,65,0,10,10,75
09/02/2009,HXD,SC,ASO,ES,Federal Contract Tower,0,28,24,0,52,0,0,31,0,31,0,28,55,0,83,6,0,6,89
09/03/2009,HXD,SC,ASO,ES,Federal Contract Tower,0,36,40,0,76,0,0,43,0,43,0,36,83,0,119,8,0,8,127
09/04/2009,HXD,SC,ASO,ES,Federal Contract Tower,0,30,71,0,101,0,1,55,0,56,0,31,126,0,157,4,0,4,161
09/05/2009,HXD,SC,ASO,ES,Federal Contract Tower,0,27,40,0,67,0,1,61,0,62,0,28,101,0,129,0,0,0,129
09/06/2009,HXD,SC,ASO,ES,Federal Contract Tower,0,31,32,0,63,0,0,37,0,37,0,31,69,0,100,4,0,4,104
09/07/2009,HXD,SC,ASO,ES,Federal Contract Tower,0,31,55,0,86,0,0,46,0,46,0,31,101,0,132,6,0,6,138
09/08/2009,HXD,SC,ASO,ES,Federal Contract Tower,0,30,32,0,62,0,1,46,0,47,0,31,78,0,109,0,0,0,109
09/09/2009,HXD,SC,ASO,ES,Federal Contract Tower,0,28,26,0,54,0,0,43,0,43,0,28,69,0,97,4,0,4,101
09/10/2009,HXD,SC,ASO,ES,Federal Contract Tower,0,35,33,0,68,0,3,30,2,35,0,38,63,2,103,0,0,0,103
09/11/2009,HXD,SC,ASO,ES,Federal Contract Tower,0,31,44,0,75,0,3,62,0,65,0,34,106,0,140,12,0,12,152
09/12/2009,HXD,SC,ASO,ES,Federal Contract Tower,0,28,35,0,63,0,2,58,0,60,0,30,93,0,123,8,0,8,131
09/13/2009,HXD,SC,ASO,ES,Federal Contract Tower,0,30,41,0,71,0,0,37,0,37,0,30,78,0,108,4,0,4,112
09/14/2009,HXD,SC,ASO,ES,Federal Contract Tower,0,25,38,0,63,0,1,47,2,50,0,26,85,2,113,20,0,20,133
09/15/2009,HXD,SC,ASO,ES,Federal Contract Tower,0,24,39,0,63,0,1,46,2,49,0,25,85,2,112,4,0,4,116
09/16/2009,HXD,SC,ASO,ES,Federal Contract Tower,0,23,39,2,64,0,1,40,1,42,0,24,79,3,106,0,0,0,106
09/17/2009,HXD,SC,ASO,ES,Federal Contract Tower,0,33,46,0,79,0,0,20,0,20,0,33,66,0,99,0,0,0,99
09/18/2009,HXD,SC,ASO,ES,Federal Contract Tower,0,33,50,0,83,0,15,3,0,18,0,48,53,0,101,6,0,6,107
09/19/2009,HXD,SC,ASO,ES,Federal Contract Tower,0,34,19,0,53,0,0,33,0,33,0,34,52,0,86,0,0,0,86
09/20/2009,HXD,SC,ASO,ES,Federal Contract Tower,0,24,47,0,71,0,0,54,0,54,0,24,101,0,125,24,0,24,149
09/21/2009,HXD,SC,ASO,ES,Federal Contract Tower,0,37,27,0,64,0,2,45,0,47,0,39,72,0,111,4,0,4,115
09/22/2009,HXD,SC,ASO,ES,Federal Contract Tower,0,29,40,0,69,0,1,28,0,29,0,30,68,0,98,16,0,16,114
09/23/2009,HXD,SC,ASO,ES,Federal Contract Tower,0,34,31,0,65,0,1,28,0,29,0,35,59,0,94,4,0,4,98
09/24/2009,HXD,SC,ASO,ES,Federal Contract Tower,0,37,47,0,84,0,1,38,0,39,0,38,85,0,123,2,0,2,125
09/25/2009,HXD,SC,ASO,ES,Federal Contract Tower,0,26,33,0,59,0,0,39,0,39,0,26,72,0,98,10,0,10,108
09/26/2009,HXD,SC,ASO,ES,Federal Contract Tower,0,30,37,0,67,0,1,7,0,8,0,31,44,0,75,0,4,4,79
09/27/2009,HXD,SC,ASO,ES,Federal Contract Tower,0,23,38,0,61,0,0,25,0,25,0,23,63,0,86,14,0,14,100
09/28/2009,HXD,SC,ASO,ES,Federal Contract Tower,0,28,29,0,57,0,1,28,0,29,0,29,57,0,86,10,0,10,96
09/29/2009,HXD,SC,ASO,ES,Federal Contract Tower,0,25,39,0,64,0,0,46,0,46,0,25,85,0,110,10,0,10,120
09/30/2009,HXD,SC,ASO,ES,Federal Contract Tower,0,38,41,0,79,0,1,54,0,55,0,39,95,0,134,16,0,16,150
10/01/2009,HXD,SC,ASO,ES,Federal Contract Tower,0,33,37,2,72,0,1,47,3,51,0,34,84,5,123,0,4,4,127
10/02/2009,HXD,SC,ASO,ES,Federal Contract Tower,0,25,46,0,71,0,1,29,0,30,0,26,75,0,101,14,0,14,115
10/03/2009,HXD,SC,ASO,ES,Federal Contract Tower,0,26,25,0,51,0,1,31,0,32,0,27,56,0,83,0,0,0,83
10/04/2009,HXD,SC,ASO,ES,Federal Contract Tower,0,32,47,0,79,0,0,48,0,48,0,32,95,0,127,12,0,12,139
10/05/2009,HXD,SC,ASO,ES,Federal Contract Tower,0,22,15,0,37,0,0,0,0,0,0,22,15,0,37,0,0,0,37
10/06/2009,HXD,SC,ASO,ES,Federal Contract Tower,0,27,27,0,54,0,0,14,0,14,0,27,41,0,68,0,0,0,68
10/07/2009,HXD,SC,ASO,ES,Federal Contract Tower,0,29,13,0,42,0,1,12,0,13,0,30,25,0,55,0,0,0,55
10/08/2009,HXD,SC,ASO,ES,Federal Contract Tower,0,29,43,0,72,0,2,35,0,37,0,31,78,0,109,0,0,0,109
10/09/2009,HXD,SC,ASO,ES,Federal Contract Tower,0,30,39,2,71,0,1,49,2,52,0,31,88,4,123,18,2,20,143
10/10/2009,HXD,SC,ASO,ES,Federal Contract Tower,0,28,26,0,54,0,0,10,0,10,0,28,36,0,64,0,0,0,64
10/11/2009,HXD,SC,ASO,ES,Federal Contract Tower,0,22,46,0,68,0,0,52,0,52,0,22,98,0,120,14,0,14,134
10/12/2009,HXD,SC,ASO,ES,Federal Contract Tower,0,37,42,0,79,0,0,14,0,14,0,37,56,0,93,0,0,0,93
10/13/2009,HXD,SC,ASO,ES,Federal Contract Tower,0,33,36,2,71,0,1,29,2,32,0,34,65,4,103,10,0,10,113
10/14/2009,HXD,SC,ASO,ES,Federal Contract Tower,0,20,24,0,44,0,0,1,0,1,0,20,25,0,45,0,0,0,45
10/15/2009,HXD,SC,ASO,ES,Federal Contract Tower,0,30,36,0,66,0,0,12,0,12,0,30,48,0,78,0,0,0,78
10/16/2009,HXD,SC,ASO,ES,Federal Contract Tower,0,35,41,0,76,0,0,0,0,0,0,35,41,0,76,0,0,0,76
10/17/2009,HXD,SC,ASO,ES,Federal Contract Tower,0,33,26,0,59,0,0,12,0,12,0,33,38,0,71,0,0,0,71
10/18/2009,HXD,SC,ASO,ES,Federal Contract Tower,0,29,42,0,71,0,0,27,0,27,0,29,69,0,98,0,0,0,98
10/19/2009,HXD,SC,ASO,ES,Federal Contract Tower,0,35,51,0,86,0,2,53,0,55,0,37,104,0,141,8,0,8,149
10/20/2009,HXD,SC,ASO,ES,Federal Contract Tower,0,24,44,0,68,0,3,47,0,50,0,27,91,0,118,0,0,0,118
10/21/2009,HXD,SC,ASO,ES,Federal Contract Tower,0,26,31,0,57,0,2,54,0,56,0,28,85,0,113,0,0,0,113
10/22/2009,HXD,SC,ASO,ES,Federal Contract Tower,0,33,33,0,66,0,1,41,0,42,0,34,74,0,108,0,0,0,108
10/23/2009,HXD,SC,ASO,ES,Federal Contract Tower,0,35,45,0,80,0,1,32,0,33,0,36,77,0,113,4,0,4,117
10/24/2009,HXD,SC,ASO,ES,Federal Contract Tower,0,24,19,0,43,0,1,24,0,25,0,25,43,0,68,0,0,0,68
10/25/2009,HXD,SC,ASO,ES,Federal Contract Tower,0,25,47,0,72,0,0,51,0,51,0,25,98,0,123,4,6,10,133
10/26/2009,HXD,SC,ASO,ES,Federal Contract Tower,0,25,41,0,66,0,0,6,0,6,0,25,47,0,72,0,0,0,72
10/27/2009,HXD,SC,ASO,ES,Federal Contract Tower,0,27,24,0,51,0,0,0,0,0,0,27,24,0,51,0,0,0,51
10/28/2009,HXD,SC,ASO,ES,Federal Contract Tower,0,34,27,0,61,0,1,17,0,18,0,35,44,0,79,0,0,0,79
10/29/2009,HXD,SC,ASO,ES,Federal Contract Tower,0,33,31,0,64,0,1,36,4,41,0,34,67,4,105,10,4,14,119
10/30/2009,HXD,SC,ASO,ES,Federal Contract Tower,0,34,50,0,84,0,0,2,0,2,0,34,52,0,86,2,0,2,88
10/31/2009,HXD,SC,ASO,ES,Federal Contract Tower,0,26,32,0,58,0,0,36,0,36,0,26,68,0,94,10,0,10,104
11/01/2009,HXD,SC,ASO,ES,Federal Contract Tower,0,25,48,0,73,0,1,55,0,56,0,26,103,0,129,6,0,6,135
11/02/2009,HXD,SC,ASO,ES,Federal Contract Tower,0,15,27,0,42,0,1,27,0,28,0,16,54,0,70,32,0,32,102
11/03/2009,HXD,SC,ASO,ES,Federal Contract Tower,0,18,37,0,55,0,1,52,0,53,0,19,89,0,108,38,0,38,146
11/04/2009,HXD,SC,ASO,ES,Federal Contract Tower,0,17,34,0,51,0,1,62,2,65,0,18,96,2,116,16,0,16,132
11/05/2009,HXD,SC,ASO,ES,Federal Contract Tower,0,27,46,0,73,0,0,52,0,52,0,27,98,0,125,18,0,18,143
11/06/2009,HXD,SC,ASO,ES,Federal Contract Tower,0,23,38,0,61,0,3,38,0,41,0,26,76,0,102,4,0,4,106
11/07/2009,HXD,SC,ASO,ES,Federal Contract Tower,0,23,33,0,56,0,1,66,0,67,0,24,99,0,123,8,0,8,131
11/08/2009,HXD,SC,ASO,ES,Federal Contract Tower,0,17,49,0,66,0,0,59,0,59,0,17,108,0,125,0,0,0,125
11/09/2009,HXD,SC,ASO,ES,Federal Contract Tower,0,23,32,0,55,0,0,34,0,34,0,23,66,0,89,8,0,8,97
11/10/2009,HXD,SC,ASO,ES,Federal Contract Tower,0,17,27,0,44,0,1,12,1,14,0,18,39,1,58,0,0,0,58
11/11/2009,HXD,SC,ASO,ES,Federal Contract Tower,0,12,10,0,22,0,1,0,0,1,0,13,10,0,23,0,0,0,23
11/12/2009,HXD,SC,ASO,ES,Federal Contract Tower,0,23,34,0,57,0,0,1,0,1,0,23,35,0,58,0,0,0,58
11/13/2009,HXD,SC,ASO,ES,Federal Contract Tower,0,22,36,0,58,0,1,29,0,30,0,23,65,0,88,0,0,0,88
11/14/2009,HXD,SC,ASO,ES,Federal Contract Tower,0,20,29,0,49,0,3,96,1,100,0,23,125,1,149,26,10,36,185
11/15/2009,HXD,SC,ASO,ES,Federal Contract Tower,0,21,29,2,52,0,0,53,0,53,0,21,82,2,105,26,0,26,131
11/16/2009,HXD,SC,ASO,ES,Federal Contract Tower,0,15,28,0,43,0,1,52,0,53,0,16,80,0,96,24,0,24,120
11/17/2009,HXD,SC,ASO,ES,Federal Contract Tower,0,16,19,0,35,0,3,46,0,49,0,19,65,0,84,14,0,14,98
11/18/2009,HXD,SC,ASO,ES,Federal Contract Tower,0,20,27,0,47,0,1,39,0,40,0,21,66,0,87,12,0,12,99
11/19/2009,HXD,SC,ASO,ES,Federal Contract Tower,0,25,50,1,76,0,2,38,0,40,0,27,88,1,116,4,0,4,120
11/20/2009,HXD,SC,ASO,ES,Federal Contract Tower,0,21,52,2,75,0,1,36,0,37,0,22,88,2,112,8,0,8,120
11/21/2009,HXD,SC,ASO,ES,Federal Contract Tower,0,24,38,0,62,0,0,24,0,24,0,24,62,0,86,0,0,0,86
11/22/2009,HXD,SC,ASO,ES,Federal Contract Tower,0,12,22,0,34,0,0,8,0,8,0,12,30,0,42,0,0,0,42
11/23/2009,HXD,SC,ASO,ES,Federal Contract Tower,0,18,25,0,43,0,0,0,0,0,0,18,25,0,43,0,0,0,43
11/24/2009,HXD,SC,ASO,ES,Federal Contract Tower,0,30,37,0,67,0,0,0,0,0,0,30,37,0,67,0,0,0,67
11/25/2009,HXD,SC,ASO,ES,Federal Contract Tower,0,22,65,0,87,0,1,24,0,25,0,23,89,0,112,0,2,2,114
11/26/2009,HXD,SC,ASO,ES,Federal Contract Tower,0,6,20,1,27,0,1,33,1,35,0,7,53,2,62,0,8,8,70
11/27/2009,HXD,SC,ASO,ES,Federal Contract Tower,0,21,43,0,64,0,1,39,0,40,0,22,82,0,104,0,0,0,104
11/28/2009,HXD,SC,ASO,ES,Federal Contract Tower,0,23,32,0,55,0,1,52,0,53,0,24,84,0,108,10,4,14,122
11/29/2009,HXD,SC,ASO,ES,Federal Contract Tower,0,19,74,0,93,0,0,60,0,60,0,19,134,0,153,0,0,0,153
11/30/2009,HXD,SC,ASO,ES,Federal Contract Tower,0,17,39,0,56,0,2,39,0,41,0,19,78,0,97,14,0,14,111
12/01/2009,HXD,SC,ASO,ES,Federal Contract Tower,0,24,32,0,56,0,1,39,0,40,0,25,71,0,96,12,0,12,108
12/02/2009,HXD,SC,ASO,ES,Federal Contract Tower,0,17,5,0,22,0,0,8,0,8,0,17,13,0,30,26,0,26,56
12/03/2009,HXD,SC,ASO,ES,Federal Contract Tower,0,21,20,0,41,0,1,35,0,36,0,22,55,0,77,0,18,18,95
12/04/2009,HXD,SC,ASO,ES,Federal Contract Tower,0,18,33,0,51,0,2,44,0,46,0,20,77,0,97,32,0,32,129
12/05/2009,HXD,SC,ASO,ES,Federal Contract Tower,0,19,18,0,37,0,0,4,2,6,0,19,22,2,43,0,4,4,47
12/06/2009,HXD,SC,ASO,ES,Federal Contract Tower,0,17,30,0,47,0,0,57,0,57,0,17,87,0,104,30,0,30,134
12/07/2009,HXD,SC,ASO,ES,Federal Contract Tower,0,20,29,0,49,0,1,45,0,46,0,21,74,0,95,12,0,12,107
12/08/2009,HXD,SC,ASO,ES,Federal Contract Tower,0,18,35,0,53,0,1,42,0,43,0,19,77,0,96,26,0,26,122
12/09/2009,HXD,SC,ASO,ES,Federal Contract Tower,0,18,19,0,37,0,0,17,0,17,0,18,36,0,54,24,0,24,78
12/10/2009,HXD,SC,ASO,ES,Federal Contract Tower,0,21,17,0,38,0,0,10,0,10,0,21,27,0,48,0,0,0,48
12/11/2009,HXD,SC,ASO,ES,Federal Contract Tower,0,21,14,1,36,0,2,22,0,24,0,23,36,1,60,0,18,18,78
12/12/2009,HXD,SC,ASO,ES,Federal Contract Tower,0,18,7,0,25,0,1,9,0,10,0,19,16,0,35,12,0,12,47
12/13/2009,HXD,SC,ASO,ES,Federal Contract Tower,0,11,2,0,13,0,0,0,0,0,0,11,2,0,13,0,0,0,13
12/14/2009,HXD,SC,ASO,ES,Federal Contract Tower,0,5,18,0,23,0,0,6,0,6,0,5,24,0,29,8,0,8,37
12/15/2009,HXD,SC,ASO,ES,Federal Contract Tower,0,15,30,0,45,0,2,49,0,51,0,17,79,0,96,30,0,30,126
12/16/2009,HXD,SC,ASO,ES,Federal Contract Tower,0,17,27,0,44,0,1,48,0,49,0,18,75,0,93,4,0,4,97
12/17/2009,HXD,SC,ASO,ES,Federal Contract Tower,0,19,25,0,44,0,1,31,2,34,0,20,56,2,78,0,0,0,78
12/18/2009,HXD,SC,ASO,ES,Federal Contract Tower,0,13,7,0,20,0,0,0,0,0,0,13,7,0,20,0,0,0,20
12/19/2009,HXD,SC,ASO,ES,Federal Contract Tower,0,18,25,0,43,0,16,0,0,16,0,34,25,0,59,0,0,0,59
12/20/2009,HXD,SC,ASO,ES,Federal Contract Tower,0,13,19,0,32,0,0,34,0,34,0,13,53,0,66,0,10,10,76
12/21/2009,HXD,SC,ASO,ES,Federal Contract Tower,0,25,23,0,48,0,1,36,0,37,0,26,59,0,85,22,0,22,107
12/22/2009,HXD,SC,ASO,ES,Federal Contract Tower,0,22,28,0,50,0,2,57,0,59,0,24,85,0,109,28,0,28,137
12/23/2009,HXD,SC,ASO,ES,Federal Contract Tower,0,24,44,0,68,0,2,46,0,48,0,26,90,0,116,18,0,18,134
12/24/2009,HXD,SC,ASO,ES,Federal Contract Tower,0,19,22,0,41,0,2,24,0,26,0,21,46,0,67,18,0,18,85
12/25/2009,HXD,SC,ASO,ES,Federal Contract Tower,0,11,6,0,17,0,0,0,0,0,0,11,6,0,17,0,0,0,17
12/26/2009,HXD,SC,ASO,ES,Federal Contract Tower,0,24,28,0,52,0,1,31,2,34,0,25,59,2,86,16,0,16,102
12/27/2009,HXD,SC,ASO,ES,Federal Contract Tower,0,26,35,0,61,0,0,48,0,48,0,26,83,0,109,24,0,24,133
12/28/2009,HXD,SC,ASO,ES,Federal Contract Tower,0,22,34,0,56,0,1,49,2,52,0,23,83,2,108,2,20,22,130
12/29/2009,HXD,SC,ASO,ES,Federal Contract Tower,0,23,39,0,62,0,1,68,0,69,0,24,107,0,131,8,0,8,139
12/30/2009,HXD,SC,ASO,ES,Federal Contract Tower,0,18,27,2,47,0,3,43,0,46,0,21,70,2,93,0,2,2,95
12/31/2009,HXD,SC,ASO,ES,Federal Contract Tower,0,19,38,0,57,0,1,17,0,18,0,20,55,0,75,4,0,4,79
01/01/2010,HXD,SC,ASO,ES,Federal Contract Tower,0,16,17,0,33,0,0,1,0,1,0,16,18,0,34,0,0,0,34
01/02/2010,HXD,SC,ASO,ES,Federal Contract Tower,0,23,27,0,50,0,1,39,0,40,0,24,66,0,90,0,0,0,90
01/03/2010,HXD,SC,ASO,ES,Federal Contract Tower,0,12,52,0,64,0,0,47,0,47,0,12,99,0,111,24,0,24,135
01/04/2010,HXD,SC,ASO,ES,Federal Contract Tower,0,18,27,0,45,0,0,37,4,41,0,18,64,4,86,0,8,8,94
01/05/2010,HXD,SC,ASO,ES,Federal Contract Tower,0,20,25,2,47,0,0,44,2,46,0,20,69,4,93,0,6,6,99
01/06/2010,HXD,SC,ASO,ES,Federal Contract Tower,0,17,12,0,29,0,1,39,0,40,0,18,51,0,69,4,0,4,73
01/07/2010,HXD,SC,ASO,ES,Federal Contract Tower,0,14,18,0,32,0,2,37,0,39,0,16,55,0,71,0,27,27,98
01/08/2010,HXD,SC,ASO,ES,Federal Contract Tower,0,20,24,0,44,0,2,31,0,33,0,22,55,0,77,10,0,10,87
01/09/2010,HXD,SC,ASO,ES,Federal Contract Tower,0,11,16,0,27,0,1,45,0,46,0,12,61,0,73,8,0,8,81
01/10/2010,HXD,SC,ASO,ES,Federal Contract Tower,0,12,28,0,40,0,0,48,0,48,0,12,76,0,88,34,0,34,122
01/11/2010,HXD,SC,ASO,ES,Federal Contract Tower,0,15,27,0,42,0,0,45,0,45,0,15,72,0,87,0,0,0,87
01/12/2010,HXD,SC,ASO,ES,Federal Contract Tower,0,20,29,0,49,0,1,46,0,47,0,21,75,0,96,6,0,6,102
01/13/2010,HXD,SC,ASO,ES,Federal Contract Tower,0,22,20,0,42,0,3,38,0,41,0,25,58,0,83,10,0,10,93
01/14/2010,HXD,SC,ASO,ES,Federal Contract Tower,0,19,25,0,44,0,8,44,0,52,0,27,69,0,96,6,0,6,102
01/15/2010,HXD,SC,ASO,ES,Federal Contract Tower,0,26,39,2,67,0,2,54,1,57,0,28,93,3,124,0,2,2,126
01/16/2010,HXD,SC,ASO,ES,Federal Contract Tower,0,11,23,2,36,0,1,13,0,14,0,12,36,2,50,10,0,10,60
01/17/2010,HXD,SC,ASO,ES,Federal Contract Tower,0,12,7,0,19,0,0,8,0,8,0,12,15,0,27,0,0,0,27
01/18/2010,HXD,SC,ASO,ES,Federal Contract Tower,0,16,22,0,38,0,0,30,0,30,0,16,52,0,68,0,0,0,68
01/19/2010,HXD,SC,ASO,ES,Federal Contract Tower,0,24,35,0,59,0,1,61,0,62,0,25,96,0,121,12,0,12,133
01/20/2010,HXD,SC,ASO,ES,Federal Contract Tower,0,16,28,0,44,0,1,44,0,45,0,17,72,0,89,10,0,10,99
01/21/2010,HXD,SC,ASO,ES,Federal Contract Tower,0,3,5,0,8,0,0,0,0,0,0,3,5,0,8,2,0,2,10
01/22/2010,HXD,SC,ASO,ES,Federal Contract Tower,0,16,20,0,36,0,0,0,0,0,0,16,20,0,36,2,0,2,38
01/23/2010,HXD,SC,ASO,ES,Federal Contract Tower,0,12,28,0,40,0,1,4,0,5,0,13,32,0,45,0,0,0,45
01/24/2010,HXD,SC,ASO,ES,Federal Contract Tower,0,16,19,0,35,0,0,7,0,7,0,16,26,0,42,2,0,2,44
01/25/2010,HXD,SC,ASO,ES,Federal Contract Tower,0,14,13,0,27,0,1,6,2,9,0,15,19,2,36,0,4,4,40
01/26/2010,HXD,SC,ASO,ES,Federal Contract Tower,0,18,24,0,42,0,1,31,0,32,0,19,55,0,74,0,0,0,74
01/27/2010,HXD,SC,ASO,ES,Federal Contract Tower,0,17,36,2,55,0,1,53,0,54,0,18,89,2,109,20,8,28,137
01/28/2010,HXD,SC,ASO,ES,Federal Contract Tower,0,22,22,0,44,0,1,30,0,31,0,23,52,0,75,19,0,19,94
01/29/2010,HXD,SC,ASO,ES,Federal Contract Tower,0,25,21,0,46,0,0,20,0,20,0,25,41,0,66,0,0,0,66
01/30/2010,HXD,SC,ASO,ES,Federal Contract Tower,0,15,6,0,21,0,0,0,0,0,0,15,6,0,21,0,0,0,21
01/31/2010,HXD,SC,ASO,ES,Federal Contract Tower,0,13,22,0,35,0,0,35,0,35,0,13,57,0,70,8,0,8,78
02/01/2010,HXD,SC,ASO,ES,Federal Contract Tower,0,16,12,0,28,0,1,28,0,29,0,17,40,0,57,6,0,6,63
02/02/2010,HXD,SC,ASO,ES,Federal Contract Tower,0,10,13,0,23,0,0,0,0,0,0,10,13,0,23,0,0,0,23
02/03/2010,HXD,SC,ASO,ES,Federal Contract Tower,0,20,26,0,46,0,2,45,0,47,0,22,71,0,93,22,0,22,115
02/04/2010,HXD,SC,ASO,ES,Federal Contract Tower,0,22,19,0,41,0,0,26,0,26,0,22,45,0,67,0,0,0,67
02/05/2010,HXD,SC,ASO,ES,Federal Contract Tower,0,13,9,0,22,0,1,2,0,3,0,14,11,0,25,0,0,0,25
02/06/2010,HXD,SC,ASO,ES,Federal Contract Tower,0,8,12,0,20,0,1,4,4,9,0,9,16,4,29,0,4,4,33
02/07/2010,HXD,SC,ASO,ES,Federal Contract Tower,0,9,28,0,37,0,0,61,0,61,0,9,89,0,98,16,0,16,114
02/08/2010,HXD,SC,ASO,ES,Federal Contract Tower,0,16,29,0,45,0,0,41,0,41,0,16,70,0,86,8,4,12,98
02/09/2010,HXD,SC,ASO,ES,Federal Contract Tower,0,20,26,0,46,0,1,29,0,30,0,21,55,0,76,0,0,0,76
02/10/2010,HXD,SC,ASO,ES,Federal Contract Tower,0,15,21,2,38,0,2,8,0,10,0,17,29,2,48,4,2,6,54
02/11/2010,HXD,SC,ASO,ES,Federal Contract Tower,0,20,32,0,52,0,0,27,2,29,0,20,59,2,81,10,0,10,91
02/12/2010,HXD,SC,ASO,ES,Federal Contract Tower,0,11,20,0,31,0,1,12,0,13,0,12,32,0,44,6,0,6,50
02/13/2010,HXD,SC,ASO,ES,Federal Contract Tower,0,16,17,0,33,0,0,28,2,30,0,16,45,2,63,22,22,44,107
02/14/2010,HXD,SC,ASO,ES,Federal Contract Tower,0,17,26,2,45,0,2,43,4,49,0,19,69,6,94,6,34,40,134
02/15/2010,HXD,SC,ASO,ES,Federal Contract Tower,0,18,25,0,43,0,0,31,0,31,0,18,56,0,74,0,0,0,74
02/16/2010,HXD,SC,ASO,ES,Federal Contract Tower,0,19,25,0,44,0,1,29,0,30,0,20,54,0,74,0,0,0,74
02/17/2010,HXD,SC,ASO,ES,Federal Contract Tower,0,24,43,0,67,0,1,49,2,52,0,25,92,2,119,10,14,24,143
02/18/2010,HXD,SC,ASO,ES,Federal Contract Tower,0,23,42,0,65,0,1,56,0,57,0,24,98,0,122,0,24,24,146
02/19/2010,HXD,SC,ASO,ES,Federal Contract Tower,0,22,33,0,55,0,0,56,0,56,0,22,89,0,111,0,0,0,111
02/20/2010,HXD,SC,ASO,ES,Federal Contract Tower,0,17,10,0,27,0,0,32,0,32,0,17,42,0,59,0,0,0,59
02/21/2010,HXD,SC,ASO,ES,Federal Contract Tower,0,23,43,0,66,0,2,40,2,44,0,25,83,2,110,0,8,8,118
02/22/2010,HXD,SC,ASO,ES,Federal Contract Tower,0,17,19,4,40,0,1,16,2,19,0,18,35,6,59,0,10,10,69
02/23/2010,HXD,SC,ASO,ES,Federal Contract Tower,0,18,28,0,46,0,1,35,0,36,0,19,63,0,82,22,0,22,104
02/24/2010,HXD,SC,ASO,ES,Federal Contract Tower,0,24,19,0,43,0,1,25,0,26,0,25,44,0,69,18,0,18,87
02/25/2010,HXD,SC,ASO,ES,Federal Contract Tower,0,20,29,11,60,0,2,14,1,17,0,22,43,12,77,0,0,0,77
02/26/2010,HXD,SC,ASO,ES,Federal Contract Tower,0,21,40,0,61,0,2,33,0,35,0,23,73,0,96,2,0,2,98
02/27/2010,HXD,SC,ASO,ES,Federal Contract Tower,0,16,24,0,40,0,1,23,2,26,0,17,47,2,66,0,2,2,68
02/28/2010,HXD,SC,ASO,ES,Federal Contract Tower,0,21,41,2,64,0,0,55,0,55,0,21,96,2,119,0,2,2,121
03/01/2010,HXD,SC,ASO,ES,Federal Contract Tower,0,23,23,1,47,0,0,41,0,41,0,23,64,1,88,16,0,16,104
03/02/2010,HXD,SC,ASO,ES,Federal Contract Tower,0,15,10,0,25,0,0,0,0,0,0,15,10,0,25,0,0,0,25
03/03/2010,HXD,SC,ASO,ES,Federal Contract Tower,0,19,23,0,42,0,2,13,0,15,0,21,36,0,57,0,0,0,57
03/04/2010,HXD,SC,ASO,ES,Federal Contract Tower,0,32,42,0,74,0,0,32,1,33,0,32,74,1,107,0,0,0,107
03/05/2010,HXD,SC,ASO,ES,Federal Contract Tower,0,35,30,0,65,0,2,31,0,33,0,37,61,0,98,24,0,24,122
03/06/2010,HXD,SC,ASO,ES,Federal Contract Tower,0,26,23,0,49,0,1,51,0,52,0,27,74,0,101,16,0,16,117
03/07/2010,HXD,SC,ASO,ES,Federal Contract Tower,0,31,41,2,74,0,0,67,0,67,0,31,108,2,141,4,2,6,147
03/08/2010,HXD,SC,ASO,ES,Federal Contract Tower,0,27,32,0,59,0,0,53,0,53,0,27,85,0,112,6,0,6,118
03/09/2010,HXD,SC,ASO,ES,Federal Contract Tower,0,28,36,0,64,0,1,53,0,54,0,29,89,0,118,8,0,8,126
03/10/2010,HXD,SC,ASO,ES,Federal Contract Tower,0,22,32,0,54,0,1,37,0,38,0,23,69,0,92,14,0,14,106
03/11/2010,HXD,SC,ASO,ES,Federal Contract Tower,0,26,30,0,56,0,0,0,0,0,0,26,30,0,56,0,0,0,56
03/12/2010,HXD,SC,ASO,ES,Federal Contract Tower,0,16,32,0,48,0,0,0,0,0,0,16,32,0,48,0,0,0,48
03/13/2010,HXD,SC,ASO,ES,Federal Contract Tower,0,22,18,2,42,0,1,21,0,22,0,23,39,2,64,6,0,6,70
03/14/2010,HXD,SC,ASO,ES,Federal Contract Tower,0,32,28,0,60,0,0,23,0,23,0,32,51,0,83,6,0,6,89
03/15/2010,HXD,SC,ASO,ES,Federal Contract Tower,0,22,40,0,62,0,0,40,0,40,0,22,80,0,102,2,0,2,104
03/16/2010,HXD,SC,ASO,ES,Federal Contract Tower,0,29,41,0,70,0,1,57,0,58,0,30,98,0,128,2,0,2,130
03/17/2010,HXD,SC,ASO,ES,Federal Contract Tower,0,26,34,0,60,0,2,31,0,33,0,28,65,0,93,0,6,6,99
03/18/2010,HXD,SC,ASO,ES,Federal Contract Tower,0,31,34,0,65,0,0,34,0,34,0,31,68,0,99,14,0,14,113
03/19/2010,HXD,SC,ASO,ES,Federal Contract Tower,0,29,49,0,78,0,0,59,0,59,0,29,108,0,137,2,0,2,139
03/20/2010,HXD,SC,ASO,ES,Federal Contract Tower,0,33,39,0,72,0,1,52,0,53,0,34,91,0,125,4,0,4,129
03/21/2010,HXD,SC,ASO,ES,Federal Contract Tower,0,27,34,0,61,0,0,19,0,19,0,27,53,0,80,0,0,0,80
03/22/2010,HXD,SC,ASO,ES,Federal Contract Tower,0,30,35,0,65,0,0,39,0,39,0,30,74,0,104,4,0,4,108
03/23/2010,HXD,SC,ASO,ES,Federal Contract Tower,0,28,37,0,65,0,1,52,0,53,0,29,89,0,118,6,0,6,124
03/24/2010,HXD,SC,ASO,ES,Federal Contract Tower,0,26,41,0,67,0,1,85,0,86,0,27,126,0,153,32,0,32,185
03/25/2010,HXD,SC,ASO,ES,Federal Contract Tower,0,28,55,0,83,0,0,51,0,51,0,28,106,0,134,6,0,6,140
03/26/2010,HXD,SC,ASO,ES,Federal Contract Tower,0,32,52,0,84,0,0,30,0,30,0,32,82,0,114,2,0,2,116
03/27/2010,HXD,SC,ASO,ES,Federal Contract Tower,0,30,45,0,75,0,0,17,0,17,0,30,62,0,92,0,0,0,92
03/28/2010,HXD,SC,ASO,ES,Federal Contract Tower,0,26,36,0,62,0,0,22,0,22,0,26,58,0,84,0,0,0,84
03/29/2010,HXD,SC,ASO,ES,Federal Contract Tower,0,24,25,0,49,0,0,21,2,23,0,24,46,2,72,12,0,12,84
03/30/2010,HXD,SC,ASO,ES,Federal Contract Tower,0,26,34,0,60,0,0,36,0,36,0,26,70,0,96,10,0,10,106
03/31/2010,HXD,SC,ASO,ES,Federal Contract Tower,0,44,36,0,80,0,0,43,0,43,0,44,79,0,123,2,0,2,125
04/01/2010,HXD,SC,ASO,ES,Federal Contract Tower,0,38,38,0,76,0,0,53,0,53,0,38,91,0,129,6,0,6,135
04/02/2010,HXD,SC,ASO,ES,Federal Contract Tower,0,36,53,0,89,0,0,73,0,73,0,36,126,0,162,2,0,2,164
04/03/2010,HXD,SC,ASO,ES,Federal Contract Tower,0,27,36,0,63,0,4,62,0,66,0,31,98,0,129,10,0,10,139
04/04/2010,HXD,SC,ASO,ES,Federal Contract Tower,0,37,59,0,96,0,0,51,0,51,0,37,110,0,147,0,0,0,147
04/05/2010,HXD,SC,ASO,ES,Federal Contract Tower,0,34,60,1,95,0,0,67,1,68,0,34,127,2,163,8,0,8,171
04/06/2010,HXD,SC,ASO,ES,Federal Contract Tower,0,34,54,1,89,0,0,66,1,67,0,34,120,2,156,4,6,10,166
04/07/2010,HXD,SC,ASO,ES,Federal Contract Tower,0,30,46,2,78,0,0,64,2,66,0,30,110,4,144,0,14,14,158
04/08/2010,HXD,SC,ASO,ES,Federal Contract Tower,0,33,52,0,85,0,0,39,0,39,0,33,91,0,124,0,0,0,124
04/09/2010,HXD,SC,ASO,ES,Federal Contract Tower,0,32,54,0,86,0,0,72,0,72,0,32,126,0,158,4,0,4,162
04/10/2010,HXD,SC,ASO,ES,Federal Contract Tower,0,33,51,0,84,0,0,74,0,74,0,33,125,0,158,12,0,12,170
04/11/2010,HXD,SC,ASO,ES,Federal Contract Tower,0,38,45,0,83,0,2,65,0,67,0,40,110,0,150,0,0,0,150
04/12/2010,HXD,SC,ASO,ES,Federal Contract Tower,0,34,41,0,75,0,2,61,2,65,0,36,102,2,140,16,0,16,156
04/13/2010,HXD,SC,ASO,ES,Federal Contract Tower,0,35,40,0,75,0,0,47,3,50,0,35,87,3,125,0,2,2,127
04/14/2010,HXD,SC,ASO,ES,Federal Contract Tower,0,36,58,0,94,0,0,54,0,54,0,36,112,0,148,0,0,0,148
04/15/2010,HXD,SC,ASO,ES,Federal Contract Tower,0,42,80,0,122,0,0,70,0,70,0,42,150,0,192,18,0,18,210
04/16/2010,HXD,SC,ASO,ES,Federal Contract Tower,0,34,89,0,123,0,0,83,0,83,0,34,172,0,206,17,0,17,223
04/17/2010,HXD,SC,ASO,ES,Federal Contract Tower,0,40,62,0,102,0,1,54,0,55,0,41,116,0,157,0,0,0,157
04/18/2010,HXD,SC,ASO,ES,Federal Contract Tower,0,70,84,0,154,0,0,71,0,71,0,70,155,0,225,6,0,6,231
04/19/2010,HXD,SC,ASO,ES,Federal Contract Tower,0,39,52,0,91,0,0,50,0,50,0,39,102,0,141,0,0,0,141
04/20/2010,HXD,SC,ASO,ES,Federal Contract Tower,0,29,31,0,60,0,2,41,0,43,0,31,72,0,103,0,0,0,103
04/21/2010,HXD,SC,ASO,ES,Federal Contract Tower,0,35,31,0,66,0,0,36,0,36,0,35,67,0,102,6,0,6,108
04/22/2010,HXD,SC,ASO,ES,Federal Contract Tower,0,36,50,0,86,0,0,61,0,61,0,36,111,0,147,4,0,4,151
04/23/2010,HXD,SC,ASO,ES,Federal Contract Tower,0,42,69,0,111,0,0,59,0,59,0,42,128,0,170,8,0,8,178
04/24/2010,HXD,SC,ASO,ES,Federal Contract Tower,0,29,52,0,81,0,1,34,0,35,0,30,86,0,116,0,0,0,116
04/25/2010,HXD,SC,ASO,ES,Federal Contract Tower,0,33,38,0,71,0,0,2,0,2,0,33,40,0,73,0,0,0,73
04/26/2010,HXD,SC,ASO,ES,Federal Contract Tower,0,35,34,0,69,0,0,48,0,48,0,35,82,0,117,4,0,4,121
04/27/2010,HXD,SC,ASO,ES,Federal Contract Tower,0,30,26,0,56,0,0,34,0,34,0,30,60,0,90,0,0,0,90
04/28/2010,HXD,SC,ASO,ES,Federal Contract Tower,0,27,43,0,70,0,0,47,0,47,0,27,90,0,117,14,0,14,131
04/29/2010,HXD,SC,ASO,ES,Federal Contract Tower,0,30,53,0,83,0,0,74,0,74,0,30,127,0,157,30,0,30,187
04/30/2010,HXD,SC,ASO,ES,Federal Contract Tower,0,45,52,0,97,0,0,60,0,60,0,45,112,0,157,12,0,12,169
05/01/2010,HXD,SC,ASO,ES,Federal Contract Tower,0,28,40,0,68,0,0,45,0,45,0,28,85,0,113,0,0,0,113
05/02/2010,HXD,SC,ASO,ES,Federal Contract Tower,0,30,60,0,90,0,2,44,2,48,0,32,104,2,138,12,16,28,166
05/03/2010,HXD,SC,ASO,ES,Federal Contract Tower,0,28,48,0,76,0,0,23,0,23,0,28,71,0,99,4,0,4,103
05/04/2010,HXD,SC,ASO,ES,Federal Contract Tower,0,25,14,0,39,0,0,1,0,1,0,25,15,0,40,0,0,0,40
05/05/2010,HXD,SC,ASO,ES,Federal Contract Tower,0,26,25,0,51,0,1,45,0,46,0,27,70,0,97,20,0,20,117
05/06/2010,HXD,SC,ASO,ES,Federal Contract Tower,0,30,41,0,71,0,0,37,0,37,0,30,78,0,108,12,0,12,120
05/07/2010,HXD,SC,ASO,ES,Federal Contract Tower,0,32,37,0,69,0,0,47,0,47,0,32,84,0,116,0,0,0,116
05/08/2010,HXD,SC,ASO,ES,Federal Contract Tower,0,28,42,0,70,0,0,70,2,72,0,28,112,2,142,4,0,4,146
05/09/2010,HXD,SC,ASO,ES,Federal Contract Tower,0,27,46,0,73,0,0,62,0,62,0,27,108,0,135,18,0,18,153
05/10/2010,HXD,SC,ASO,ES,Federal Contract Tower,0,31,40,0,71,0,0,52,2,54,0,31,92,2,125,0,10,10,135
05/11/2010,HXD,SC,ASO,ES,Federal Contract Tower,0,31,38,2,71,0,2,40,4,46,0,33,78,6,117,2,26,28,145
05/12/2010,HXD,SC,ASO,ES,Federal Contract Tower,0,30,36,0,66,0,0,49,0,49,0,30,85,0,115,18,0,18,133
05/13/2010,HXD,SC,ASO,ES,Federal Contract Tower,0,33,36,0,69,0,0,47,0,47,0,33,83,0,116,14,0,14,130
05/14/2010,HXD,SC,ASO,ES,Federal Contract Tower,0,32,40,0,72,0,0,33,0,33,0,32,73,0,105,0,0,0,105
05/15/2010,HXD,SC,ASO,ES,Federal Contract Tower,0,27,38,0,65,0,0,0,0,0,0,27,38,0,65,16,0,16,81
05/16/2010,HXD,SC,ASO,ES,Federal Contract Tower,0,20,42,5,67,0,0,47,0,47,0,20,89,5,114,6,0,6,120
05/17/2010,HXD,SC,ASO,ES,Federal Contract Tower,0,25,35,0,60,0,0,8,0,8,0,25,43,0,68,0,0,0,68
05/18/2010,HXD,SC,ASO,ES,Federal Contract Tower,0,29,41,0,70,0,0,52,0,52,0,29,93,0,122,28,0,28,150
05/19/2010,HXD,SC,ASO,ES,Federal Contract Tower,0,34,39,0,73,0,0,59,0,59,0,34,98,0,132,6,0,6,138
05/20/2010,HXD,SC,ASO,ES,Federal Contract Tower,0,26,47,0,73,0,0,53,0,53,0,26,100,0,126,0,0,0,126
05/21/2010,HXD,SC,ASO,ES,Federal Contract Tower,0,34,47,0,81,0,1,40,0,41,0,35,87,0,122,0,0,0,122
05/22/2010,HXD,SC,ASO,ES,Federal Contract Tower,0,26,19,0,45,0,1,27,2,30,0,27,46,2,75,6,10,16,91
05/23/2010,HXD,SC,ASO,ES,Federal Contract Tower,0,29,49,0,78,0,0,33,0,33,0,29,82,0,111,0,0,0,111
05/24/2010,HXD,SC,ASO,ES,Federal Contract Tower,0,25,22,0,47,0,0,15,0,15,0,25,37,0,62,0,0,0,62
05/25/2010,HXD,SC,ASO,ES,Federal Contract Tower,0,35,40,0,75,0,0,30,0,30,0,35,70,0,105,6,0,6,111
05/26/2010,HXD,SC,ASO,ES,Federal Contract Tower,0,28,36,4,68,0,0,50,0,50,0,28,86,4,118,2,0,2,120
05/27/2010,HXD,SC,ASO,ES,Federal Contract Tower,0,36,49,0,85,0,0,53,2,55,0,36,102,2,140,18,10,28,168
05/28/2010,HXD,SC,ASO,ES,Federal Contract Tower,0,31,70,2,103,0,1,67,0,68,0,32,137,2,171,10,0,10,181
05/29/2010,HXD,SC,ASO,ES,Federal Contract Tower,0,30,31,0,61,0,1,41,2,44,0,31,72,2,105,0,2,2,107
05/30/2010,HXD,SC,ASO,ES,Federal Contract Tower,0,31,32,0,63,0,0,42,0,42,0,31,74,0,105,0,0,0,105
05/31/2010,HXD,SC,ASO,ES,Federal Contract Tower,0,23,61,0,84,0,0,33,2,35,0,23,94,2,119,8,0,8,127
06/01/2010,HXD,SC,ASO,ES,Federal Contract Tower,0,44,71,0,115,0,0,33,0,33,0,44,104,0,148,0,0,0,148
06/02/2010,HXD,SC,ASO,ES,Federal Contract Tower,0,30,36,0,66,0,0,56,0,56,0,30,92,0,122,8,0,8,130
06/03/2010,HXD,SC,ASO,ES,Federal Contract Tower,0,24,49,0,73,0,0,42,0,42,0,24,91,0,115,8,4,12,127
06/04/2010,HXD,SC,ASO,ES,Federal Contract Tower,0,33,29,0,62,0,0,47,0,47,0,33,76,0,109,2,0,2,111
06/05/2010,HXD,SC,ASO,ES,Federal Contract Tower,0,39,44,0,83,0,1,39,0,40,0,40,83,0,123,0,0,0,123
06/06/2010,HXD,SC,ASO,ES,Federal Contract Tower,0,33,48,0,81,0,0,45,0,45,0,33,93,0,126,6,0,6,132
06/07/2010,HXD,SC,ASO,ES,Federal Contract Tower,0,36,33,0,69,0,0,38,6,44,0,36,71,6,113,8,0,8,121
06/08/2010,HXD,SC,ASO,ES,Federal Contract Tower,0,30,36,1,67,0,0,43,1,44,0,30,79,2,111,2,0,2,113
06/09/2010,HXD,SC,ASO,ES,Federal Contract Tower,0,28,31,0,59,0,0,62,0,62,0,28,93,0,121,6,0,6,127
06/10/2010,HXD,SC,ASO,ES,Federal Contract Tower,0,28,49,0,77,0,0,63,1,64,0,28,112,1,141,16,2,18,159
06/11/2010,HXD,SC,ASO,ES,Federal Contract Tower,0,34,44,0,78,0,0,50,0,50,0,34,94,0,128,10,0,10,138
06/12/2010,HXD,SC,ASO,ES,Federal Contract Tower,0,42,31,0,73,0,1,33,0,34,0,43,64,0,107,4,0,4,111
06/13/2010,HXD,SC,ASO,ES,Federal Contract Tower,0,34,40,0,74,0,0,39,2,41,0,34,79,2,115,0,0,0,115
06/14/2010,HXD,SC,ASO,ES,Federal Contract Tower,0,31,28,0,59,0,0,38,0,38,0,31,66,0,97,6,0,6,103
06/15/2010,HXD,SC,ASO,ES,Federal Contract Tower,0,28,28,0,56,0,0,41,0,41,0,28,69,0,97,8,0,8,105
06/16/2010,HXD,SC,ASO,ES,Federal Contract Tower,0,30,39,0,69,0,0,52,0,52,0,30,91,0,121,12,0,12,133
06/17/2010,HXD,SC,ASO,ES,Federal Contract Tower,0,26,48,0,74,0,0,60,0,60,0,26,108,0,134,4,0,4,138
06/18/2010,HXD,SC,ASO,ES,Federal Contract Tower,0,32,37,0,69,0,0,32,0,32,0,32,69,0,101,8,0,8,109
06/19/2010,HXD,SC,ASO,ES,Federal Contract Tower,0,28,43,0,71,0,1,49,2,52,0,29,92,2,123,4,2,6,129
06/20/2010,HXD,SC,ASO,ES,Federal Contract Tower,0,32,40,0,72,0,0,44,1,45,0,32,84,1,117,0,18,18,135
06/21/2010,HXD,SC,ASO,ES,Federal Contract Tower,0,20,28,0,48,0,0,42,0,42,0,20,70,0,90,10,0,10,100
06/22/2010,HXD,SC,ASO,ES,Federal Contract Tower,0,26,35,1,62,0,0,41,1,42,0,26,76,2,104,6,0,6,110
06/23/2010,HXD,SC,ASO,ES,Federal Contract Tower,0,30,27,0,57,0,0,35,0,35,0,30,62,0,92,6,0,6,98
06/24/2010,HXD,SC,ASO,ES,Federal Contract Tower,0,30,48,1,79,0,0,43,0,43,0,30,91,1,122,4,0,4,126
06/25/2010,HXD,SC,ASO,ES,Federal Contract Tower,0,31,46,0,77,0,1,47,0,48,0,32,93,0,125,12,0,12,137
06/26/2010,HXD,SC,ASO,ES,Federal Contract Tower,0,33,57,0,90,0,1,53,0,54,0,34,110,0,144,14,0,14,158
06/27/2010,HXD,SC,ASO,ES,Federal Contract Tower,0,23,31,0,54,0,0,57,0,57,0,23,88,0,111,8,0,8,119
06/28/2010,HXD,SC,ASO,ES,Federal Contract Tower,0,28,37,0,65,0,0,46,0,46,0,28,83,0,111,0,0,0,111
06/29/2010,HXD,SC,ASO,ES,Federal Contract Tower,0,29,32,2,63,0,0,38,0,38,0,29,70,2,101,0,0,0,101
06/30/2010,HXD,SC,ASO,ES,Federal Contract Tower,0,36,43,0,79,0,0,37,0,37,0,36,80,0,116,0,0,0,116
07/01/2010,HXD,SC,ASO,ES,Federal Contract Tower,0,34,42,0,76,0,0,22,2,24,0,34,64,2,100,6,0,6,106
07/02/2010,HXD,SC,ASO,ES,Federal Contract Tower,0,48,56,0,104,0,0,0,0,0,0,48,56,0,104,0,3,3,107
07/03/2010,HXD,SC,ASO,ES,Federal Contract Tower,0,30,51,0,81,0,2,43,0,45,0,32,94,0,126,0,0,0,126
07/04/2010,HXD,SC,ASO,ES,Federal Contract Tower,0,22,29,0,51,0,0,40,0,40,0,22,69,0,91,0,0,0,91
07/05/2010,HXD,SC,ASO,ES,Federal Contract Tower,0,27,71,2,100,0,0,83,0,83,0,27,154,2,183,4,2,6,189
07/06/2010,HXD,SC,ASO,ES,Federal Contract Tower,0,23,24,0,47,0,0,55,0,55,0,23,79,0,102,10,0,10,112
07/07/2010,HXD,SC,ASO,ES,Federal Contract Tower,0,34,40,0,74,0,0,61,0,61,0,34,101,0,135,12,0,12,147
07/08/2010,HXD,SC,ASO,ES,Federal Contract Tower,0,33,41,0,74,0,0,48,0,48,0,33,89,0,122,12,0,12,134
07/09/2010,HXD,SC,ASO,ES,Federal Contract Tower,0,31,31,0,62,0,0,56,0,56,0,31,87,0,118,4,0,4,122
07/10/2010,HXD,SC,ASO,ES,Federal Contract Tower,0,28,53,0,81,0,1,28,6,35,0,29,81,6,116,16,12,28,144
07/11/2010,HXD,SC,ASO,ES,Federal Contract Tower,0,29,69,0,98,0,0,27,0,27,0,29,96,0,125,0,0,0,125
07/12/2010,HXD,SC,ASO,ES,Federal Contract Tower,0,23,40,0,63,0,0,34,0,34,0,23,74,0,97,2,0,2,99
07/13/2010,HXD,SC,ASO,ES,Federal Contract Tower,0,25,31,0,56,0,0,32,4,36,0,25,63,4,92,4,0,4,96
07/14/2010,HXD,SC,ASO,ES,Federal Contract Tower,0,23,35,0,58,0,0,42,2,44,0,23,77,2,102,8,0,8,110
07/15/2010,HXD,SC,ASO,ES,Federal Contract Tower,0,28,41,0,69,0,0,42,2,44,0,28,83,2,113,6,0,6,119
07/16/2010,HXD,SC,ASO,ES,Federal Contract Tower,0,27,46,0,73,0,0,40,2,42,0,27,86,2,115,4,6,10,125
07/17/2010,HXD,SC,ASO,ES,Federal Contract Tower,0,30,31,0,61,0,1,9,2,12,0,31,40,2,73,0,0,0,73
07/18/2010,HXD,SC,ASO,ES,Federal Contract Tower,0,24,28,2,54,0,0,37,0,37,0,24,65,2,91,6,2,8,99
07/19/2010,HXD,SC,ASO,ES,Federal Contract Tower,0,28,28,0,56,0,0,31,0,31,0,28,59,0,87,12,0,12,99
07/20/2010,HXD,SC,ASO,ES,Federal Contract Tower,0,30,26,0,56,0,1,43,2,46,0,31,69,2,102,2,4,6,108
07/21/2010,HXD,SC,ASO,ES,Federal Contract Tower,0,30,28,0,58,0,0,52,0,52,0,30,80,0,110,2,0,2,112
07/22/2010,HXD,SC,ASO,ES,Federal Contract Tower,0,25,27,4,56,0,0,44,2,46,0,25,71,6,102,12,0,12,114
07/23/2010,HXD,SC,ASO,ES,Federal Contract Tower,0,39,35,1,75,0,0,48,2,50,0,39,83,3,125,8,0,8,133
07/24/2010,HXD,SC,ASO,ES,Federal Contract Tower,0,35,51,0,86,0,0,48,0,48,0,35,99,0,134,0,0,0,134
07/25/2010,HXD,SC,ASO,ES,Federal Contract Tower,0,23,41,0,64,0,0,53,0,53,0,23,94,0,117,8,0,8,125
07/26/2010,HXD,SC,ASO,ES,Federal Contract Tower,0,28,33,0,61,0,0,35,0,35,0,28,68,0,96,0,0,0,96
07/27/2010,HXD,SC,ASO,ES,Federal Contract Tower,0,23,23,0,46,0,0,46,0,46,0,23,69,0,92,8,8,16,108
07/28/2010,HXD,SC,ASO,ES,Federal Contract Tower,0,30,33,0,63,0,0,50,0,50,0,30,83,0,113,8,0,8,121
07/29/2010,HXD,SC,ASO,ES,Federal Contract Tower,0,32,26,0,58,0,0,38,2,40,0,32,64,2,98,10,0,10,108
07/30/2010,HXD,SC,ASO,ES,Federal Contract Tower,0,29,32,0,61,0,0,53,0,53,0,29,85,0,114,0,0,0,114
07/31/2010,HXD,SC,ASO,ES,Federal Contract Tower,0,37,38,0,75,0,1,34,0,35,0,38,72,0,110,0,0,0,110
08/01/2010,HXD,SC,ASO,ES,Federal Contract Tower,0,29,55,0,84,0,0,53,0,53,0,29,108,0,137,0,0,0,137
08/02/2010,HXD,SC,ASO,ES,Federal Contract Tower,0,29,26,2,57,0,0,21,0,21,0,29,47,2,78,2,0,2,80
08/03/2010,HXD,SC,ASO,ES,Federal Contract Tower,0,28,33,0,61,0,0,35,1,36,0,28,68,1,97,0,4,4,101
08/04/2010,HXD,SC,ASO,ES,Federal Contract Tower,0,30,41,0,71,0,0,50,0,50,0,30,91,0,121,6,0,6,127
08/05/2010,HXD,SC,ASO,ES,Federal Contract Tower,0,37,42,2,81,0,0,49,0,49,0,37,91,2,130,6,2,8,138
08/06/2010,HXD,SC,ASO,ES,Federal Contract Tower,0,27,50,3,80,0,0,48,0,48,0,27,98,3,128,6,8,14,142
08/07/2010,HXD,SC,ASO,ES,Federal Contract Tower,0,33,40,0,73,0,0,26,0,26,0,33,66,0,99,12,0,12,111
08/08/2010,HXD,SC,ASO,ES,Federal Contract Tower,0,30,31,0,61,0,0,44,0,44,0,30,75,0,105,4,0,4,109
08/09/2010,HXD,SC,ASO,ES,Federal Contract Tower,0,28,40,0,68,0,0,35,2,37,0,28,75,2,105,10,0,10,115
08/10/2010,HXD,SC,ASO,ES,Federal Contract Tower,0,29,30,0,59,0,0,38,0,38,0,29,68,0,97,0,2,2,99
08/11/2010,HXD,SC,ASO,ES,Federal Contract Tower,0,28,29,0,57,0,0,39,0,39,0,28,68,0,96,0,8,8,104
08/12/2010,HXD,SC,ASO,ES,Federal Contract Tower,0,33,40,2,75,0,0,53,0,53,0,33,93,2,128,10,0,10,138
08/13/2010,HXD,SC,ASO,ES,Federal Contract Tower,0,37,48,0,85,0,0,45,0,45,0,37,93,0,130,8,2,10,140
08/14/2010,HXD,SC,ASO,ES,Federal Contract Tower,0,36,44,0,80,0,0,7,0,7,0,36,51,0,87,0,0,0,87
08/15/2010,HXD,SC,ASO,ES,Federal Contract Tower,0,25,34,4,63,0,0,14,0,14,0,25,48,4,77,0,0,0,77
08/16/2010,HXD,SC,ASO,ES,Federal Contract Tower,0,26,32,0,58,0,0,7,0,7,0,26,39,0,65,0,0,0,65
08/17/2010,HXD,SC,ASO,ES,Federal Contract Tower,0,34,19,6,59,0,0,11,0,11,0,34,30,6,70,0,2,2,72
08/18/2010,HXD,SC,ASO,ES,Federal Contract Tower,0,33,25,0,58,0,0,22,0,22,0,33,47,0,80,6,0,6,86
08/19/2010,HXD,SC,ASO,ES,Federal Contract Tower,0,27,47,0,74,0,0,34,0,34,0,27,81,0,108,14,0,14,122
08/20/2010,HXD,SC,ASO,ES,Federal Contract Tower,0,27,28,2,57,0,0,34,0,34,0,27,62,2,91,0,0,0,91
08/21/2010,HXD,SC,ASO,ES,Federal Contract Tower,0,29,36,2,67,0,1,30,0,31,0,30,66,2,98,8,0,8,106
08/22/2010,HXD,SC,ASO,ES,Federal Contract Tower,0,30,34,0,64,0,2,32,0,34,0,32,66,0,98,8,0,8,106
08/23/2010,HXD,SC,ASO,ES,Federal Contract Tower,0,23,23,0,46,0,0,22,0,22,0,23,45,0,68,0,0,0,68
08/24/2010,HXD,SC,ASO,ES,Federal Contract Tower,0,26,33,0,59,0,1,18,0,19,0,27,51,0,78,8,0,8,86
08/25/2010,HXD,SC,ASO,ES,Federal Contract Tower,0,30,25,0,55,0,0,29,0,29,0,30,54,0,84,0,0,0,84
08/26/2010,HXD,SC,ASO,ES,Federal Contract Tower,0,33,29,0,62,0,0,23,0,23,0,33,52,0,85,0,0,0,85
08/27/2010,HXD,SC,ASO,ES,Federal Contract Tower,0,27,45,1,73,0,0,22,1,23,0,27,67,2,96,2,0,2,98
08/28/2010,HXD,SC,ASO,ES,Federal Contract Tower,0,23,33,0,56,0,1,12,0,13,0,24,45,0,69,2,0,2,71
08/29/2010,HXD,SC,ASO,ES,Federal Contract Tower,0,29,44,0,73,0,1,32,0,33,0,30,76,0,106,4,0,4,110
08/30/2010,HXD,SC,ASO,ES,Federal Contract Tower,0,28,40,0,68,0,0,41,0,41,0,28,81,0,109,14,0,14,123
08/31/2010,HXD,SC,ASO,ES,Federal Contract Tower,0,26,28,2,56,0,0,44,0,44,0,26,72,2,100,10,0,10,110
09/01/2010,HXD,SC,ASO,ES,Federal Contract Tower,0,28,30,0,58,0,0,40,4,44,0,28,70,4,102,0,0,0,102
09/02/2010,HXD,SC,ASO,ES,Federal Contract Tower,0,35,36,0,71,0,2,36,2,40,0,37,72,2,111,14,0,14,125
09/03/2010,HXD,SC,ASO,ES,Federal Contract Tower,0,25,41,2,68,0,0,34,1,35,0,25,75,3,103,8,2,10,113
09/04/2010,HXD,SC,ASO,ES,Federal Contract Tower,0,25,20,0,45,0,1,49,0,50,0,26,69,0,95,10,0,10,105
09/05/2010,HXD,SC,ASO,ES,Federal Contract Tower,0,23,34,0,57,0,0,61,0,61,0,23,95,0,118,0,0,0,118
09/06/2010,HXD,SC,ASO,ES,Federal Contract Tower,0,27,52,0,79,0,0,45,0,45,0,27,97,0,124,2,0,2,126
09/07/2010,HXD,SC,ASO,ES,Federal Contract Tower,0,23,45,2,70,0,0,35,0,35,0,23,80,2,105,4,0,4,109
09/08/2010,HXD,SC,ASO,ES,Federal Contract Tower,0,22,31,0,53,0,0,37,0,37,0,22,68,0,90,10,0,10,100
09/09/2010,HXD,SC,ASO,ES,Federal Contract Tower,0,36,37,0,73,0,0,36,0,36,0,36,73,0,109,10,0,10,119
09/10/2010,HXD,SC,ASO,ES,Federal Contract Tower,0,30,31,0,61,0,0,49,2,51,0,30,80,2,112,16,0,16,128
09/11/2010,HXD,SC,ASO,ES,Federal Contract Tower,0,22,24,0,46,0,2,13,0,15,0,24,37,0,61,0,0,0,61
09/12/2010,HXD,SC,ASO,ES,Federal Contract Tower,0,23,29,0,52,0,0,35,0,35,0,23,64,0,87,6,0,6,93
09/13/2010,HXD,SC,ASO,ES,Federal Contract Tower,0,25,13,0,38,0,0,28,0,28,0,25,41,0,66,2,0,2,68
09/14/2010,HXD,SC,ASO,ES,Federal Contract Tower,0,20,23,0,43,0,0,43,0,43,0,20,66,0,86,12,0,12,98
09/15/2010,HXD,SC,ASO,ES,Federal Contract Tower,0,22,28,2,52,0,3,38,0,41,0,25,66,2,93,6,2,8,101
09/16/2010,HXD,SC,ASO,ES,Federal Contract Tower,0,26,33,0,59,0,1,39,0,40,0,27,72,0,99,6,0,6,105
09/17/2010,HXD,SC,ASO,ES,Federal Contract Tower,0,30,32,0,62,0,0,38,0,38,0,30,70,0,100,0,0,0,100
09/18/2010,HXD,SC,ASO,ES,Federal Contract Tower,0,23,24,0,47,0,0,48,0,48,0,23,72,0,95,8,0,8,103
09/19/2010,HXD,SC,ASO,ES,Federal Contract Tower,0,26,43,4,73,0,0,51,2,53,0,26,94,6,126,6,20,26,152
09/20/2010,HXD,SC,ASO,ES,Federal Contract Tower,0,26,32,0,58,0,0,38,0,38,0,26,70,0,96,0,0,0,96
09/21/2010,HXD,SC,ASO,ES,Federal Contract Tower,0,21,28,0,49,0,0,38,0,38,0,21,66,0,87,12,0,12,99
09/22/2010,HXD,SC,ASO,ES,Federal Contract Tower,0,24,42,0,66,0,0,40,0,40,0,24,82,0,106,6,0,6,112
09/23/2010,HXD,SC,ASO,ES,Federal Contract Tower,0,30,33,2,65,0,0,39,0,39,0,30,72,2,104,6,2,8,112
09/24/2010,HXD,SC,ASO,ES,Federal Contract Tower,0,25,23,0,48,0,0,42,0,42,0,25,65,0,90,20,0,20,110
09/25/2010,HXD,SC,ASO,ES,Federal Contract Tower,0,21,28,0,49,0,2,51,0,53,0,23,79,0,102,12,0,12,114
09/26/2010,HXD,SC,ASO,ES,Federal Contract Tower,0,29,39,0,68,0,0,32,0,32,0,29,71,0,100,0,0,0,100
09/27/2010,HXD,SC,ASO,ES,Federal Contract Tower,0,21,18,0,39,0,0,12,0,12,0,21,30,0,51,0,0,0,51
09/28/2010,HXD,SC,ASO,ES,Federal Contract Tower,0,26,33,0,59,0,0,37,0,37,0,26,70,0,96,8,0,8,104
09/29/2010,HXD,SC,ASO,ES,Federal Contract Tower,0,20,28,0,48,0,0,0,0,0,0,20,28,0,48,0,0,0,48
09/30/2010,HXD,SC,ASO,ES,Federal Contract Tower,0,25,32,0,57,0,0,15,0,15,0,25,47,0,72,8,0,8,80
10/01/2010,HXD,SC,ASO,ES,Federal Contract Tower,0,26,35,2,63,0,0,33,0,33,0,26,68,2,96,2,0,2,98
10/02/2010,HXD,SC,ASO,ES,Federal Contract Tower,0,23,31,0,54,0,0,40,0,40,0,23,71,0,94,6,0,6,100
10/03/2010,HXD,SC,ASO,ES,Federal Contract Tower,0,27,41,0,68,0,0,51,0,51,0,27,92,0,119,8,8,16,135
10/04/2010,HXD,SC,ASO,ES,Federal Contract Tower,0,24,14,0,38,0,0,29,0,29,0,24,43,0,67,4,0,4,71
10/05/2010,HXD,SC,ASO,ES,Federal Contract Tower,0,24,19,0,43,0,0,41,2,43,0,24,60,2,86,12,0,12,98
10/06/2010,HXD,SC,ASO,ES,Federal Contract Tower,0,25,34,3,62,0,0,46,3,49,0,25,80,6,111,0,0,0,111
10/07/2010,HXD,SC,ASO,ES,Federal Contract Tower,0,37,50,0,87,0,0,51,3,54,0,37,101,3,141,16,6,22,163
10/08/2010,HXD,SC,ASO,ES,Federal Contract Tower,0,37,30,0,67,0,0,28,0,28,0,37,58,0,95,16,0,16,111
10/09/2010,HXD,SC,ASO,ES,Federal Contract Tower,0,35,21,0,56,0,0,23,0,23,0,35,44,0,79,0,0,0,79
10/10/2010,HXD,SC,ASO,ES,Federal Contract Tower,0,32,32,0,64,0,0,34,2,36,0,32,66,2,100,0,12,12,112
10/11/2010,HXD,SC,ASO,ES,Federal Contract Tower,0,33,41,0,74,0,0,45,0,45,0,33,86,0,119,12,0,12,131
10/12/2010,HXD,SC,ASO,ES,Federal Contract Tower,0,24,41,0,65,0,0,33,0,33,0,24,74,0,98,0,0,0,98
10/13/2010,HXD,SC,ASO,ES,Federal Contract Tower,0,28,19,0,47,0,0,36,0,36,0,28,55,0,83,8,0,8,91
10/14/2010,HXD,SC,ASO,ES,Federal Contract Tower,0,25,38,0,63,0,0,39,0,39,0,25,77,0,102,4,0,4,106
10/15/2010,HXD,SC,ASO,ES,Federal Contract Tower,0,30,41,0,71,0,0,48,0,48,0,30,89,0,119,8,0,8,127
10/16/2010,HXD,SC,ASO,ES,Federal Contract Tower,0,33,39,0,72,0,1,40,2,43,0,34,79,2,115,2,20,22,137
10/17/2010,HXD,SC,ASO,ES,Federal Contract Tower,0,25,43,0,68,0,0,56,0,56,0,25,99,0,124,6,0,6,130
10/18/2010,HXD,SC,ASO,ES,Federal Contract Tower,0,27,29,0,56,0,0,42,0,42,0,27,71,0,98,4,0,4,102
10/19/2010,HXD,SC,ASO,ES,Federal Contract Tower,0,18,26,2,46,0,0,39,0,39,0,18,65,2,85,14,2,16,101
10/20/2010,HXD,SC,ASO,ES,Federal Contract Tower,0,27,42,0,69,0,1,24,0,25,0,28,66,0,94,0,0,0,94
10/21/2010,HXD,SC,ASO,ES,Federal Contract Tower,0,25,18,0,43,0,0,26,1,27,0,25,44,1,70,2,0,2,72
10/22/2010,HXD,SC,ASO,ES,Federal Contract Tower,0,26,41,2,69,0,0,35,0,35,0,26,76,2,104,4,0,4,108
10/23/2010,HXD,SC,ASO,ES,Federal Contract Tower,0,27,29,2,58,0,0,41,1,42,0,27,70,3,100,4,14,18,118
10/24/2010,HXD,SC,ASO,ES,Federal Contract Tower,0,29,56,0,85,0,0,51,1,52,0,29,107,1,137,4,0,4,141
10/25/2010,HXD,SC,ASO,ES,Federal Contract Tower,0,25,36,2,63,0,0,22,0,22,0,25,58,2,85,2,10,12,97
10/26/2010,HXD,SC,ASO,ES,Federal Contract Tower,0,24,16,0,40,0,0,27,3,30,0,24,43,3,70,6,0,6,76
10/27/2010,HXD,SC,ASO,ES,Federal Contract Tower,0,20,21,0,41,0,0,12,2,14,0,20,33,2,55,2,0,2,57
10/28/2010,HXD,SC,ASO,ES,Federal Contract Tower,0,28,47,0,75,0,0,28,0,28,0,28,75,0,103,0,0,0,103
10/29/2010,HXD,SC,ASO,ES,Federal Contract Tower,0,29,39,0,68,0,0,48,0,48,0,29,87,0,116,12,0,12,128
10/30/2010,HXD,SC,ASO,ES,Federal Contract Tower,0,30,25,0,55,0,0,32,2,34,0,30,57,2,89,4,4,8,97
10/31/2010,HXD,SC,ASO,ES,Federal Contract Tower,0,27,59,1,87,0,0,28,1,29,0,27,87,2,116,0,2,2,118
11/01/2010,HXD,SC,ASO,ES,Federal Contract Tower,0,17,32,0,49,0,0,44,0,44,0,17,76,0,93,8,2,10,103
11/02/2010,HXD,SC,ASO,ES,Federal Contract Tower,0,17,43,0,60,0,0,23,0,23,0,17,66,0,83,20,0,20,103
11/03/2010,HXD,SC,ASO,ES,Federal Contract Tower,0,19,36,0,55,0,0,6,0,6,0,19,42,0,61,6,0,6,67
11/04/2010,HXD,SC,ASO,ES,Federal Contract Tower,0,14,30,0,44,0,0,0,0,0,0,14,30,0,44,0,0,0,44
11/05/2010,HXD,SC,ASO,ES,Federal Contract Tower,0,23,34,0,57,0,0,46,0,46,0,23,80,0,103,16,0,16,119
11/06/2010,HXD,SC,ASO,ES,Federal Contract Tower,0,14,27,0,41,0,0,29,0,29,0,14,56,0,70,0,6,6,76
11/07/2010,HXD,SC,ASO,ES,Federal Contract Tower,0,19,42,0,61,0,0,45,0,45,0,19,87,0,106,0,0,0,106
11/08/2010,HXD,SC,ASO,ES,Federal Contract Tower,0,17,26,0,43,0,0,29,0,29,0,17,55,0,72,0,0,0,72
11/09/2010,HXD,SC,ASO,ES,Federal Contract Tower,0,18,27,0,45,0,0,41,2,43,0,18,68,2,88,0,2,2,90
11/10/2010,HXD,SC,ASO,ES,Federal Contract Tower,0,16,38,3,57,0,1,55,1,57,0,17,93,4,114,0,0,0,114
11/11/2010,HXD,SC,ASO,ES,Federal Contract Tower,0,24,39,0,63,0,1,57,0,58,0,25,96,0,121,0,0,0,121
11/12/2010,HXD,SC,ASO,ES,Federal Contract Tower,0,13,40,0,53,0,0,56,0,56,0,13,96,0,109,6,0,6,115
11/13/2010,HXD,SC,ASO,ES,Federal Contract Tower,0,17,34,0,51,0,0,74,0,74,0,17,108,0,125,36,0,36,161
11/14/2010,HXD,SC,ASO,ES,Federal Contract Tower,0,20,45,0,65,0,0,65,0,65,0,20,110,0,130,32,0,32,162
11/15/2010,HXD,SC,ASO,ES,Federal Contract Tower,0,15,37,0,52,0,0,39,0,39,0,15,76,0,91,10,0,10,101
11/16/2010,HXD,SC,ASO,ES,Federal Contract Tower,0,17,29,6,52,0,1,20,0,21,0,18,49,6,73,0,0,0,73
11/17/2010,HXD,SC,ASO,ES,Federal Contract Tower,0,22,31,2,55,0,0,32,0,32,0,22,63,2,87,16,0,16,103
11/18/2010,HXD,SC,ASO,ES,Federal Contract Tower,0,22,21,0,43,0,0,50,8,58,0,22,71,8,101,8,0,8,109
11/19/2010,HXD,SC,ASO,ES,Federal Contract Tower,0,22,33,1,56,0,0,36,1,37,0,22,69,2,93,14,0,14,107
11/20/2010,HXD,SC,ASO,ES,Federal Contract Tower,0,18,26,2,46,0,0,34,1,35,0,18,60,3,81,16,0,16,97
11/21/2010,HXD,SC,ASO,ES,Federal Contract Tower,0,27,35,0,62,0,0,51,0,51,0,27,86,0,113,12,0,12,125
11/22/2010,HXD,SC,ASO,ES,Federal Contract Tower,0,23,35,0,58,0,1,39,8,48,0,24,74,8,106,10,0,10,116
11/23/2010,HXD,SC,ASO,ES,Federal Contract Tower,0,20,37,0,57,0,0,43,0,43,0,20,80,0,100,0,0,0,100
11/24/2010,HXD,SC,ASO,ES,Federal Contract Tower,0,26,68,0,94,0,0,32,0,32,0,26,100,0,126,10,0,10,136
11/25/2010,HXD,SC,ASO,ES,Federal Contract Tower,0,8,15,0,23,0,0,29,0,29,0,8,44,0,52,0,0,0,52
11/26/2010,HXD,SC,ASO,ES,Federal Contract Tower,0,19,32,0,51,0,0,8,0,8,0,19,40,0,59,0,0,0,59
11/27/2010,HXD,SC,ASO,ES,Federal Contract Tower,0,25,35,4,64,0,1,41,0,42,0,26,76,4,106,0,30,30,136
11/28/2010,HXD,SC,ASO,ES,Federal Contract Tower,0,28,67,0,95,0,0,32,0,32,0,28,99,0,127,0,0,0,127
11/29/2010,HXD,SC,ASO,ES,Federal Contract Tower,0,23,35,0,58,0,0,32,0,32,0,23,67,0,90,14,0,14,104
11/30/2010,HXD,SC,ASO,ES,Federal Contract Tower,0,27,19,0,46,0,0,3,0,3,0,27,22,0,49,4,0,4,53
12/01/2010,HXD,SC,ASO,ES,Federal Contract Tower,0,8,24,3,35,0,0,19,3,22,0,8,43,6,57,0,0,0,57
12/02/2010,HXD,SC,ASO,ES,Federal Contract Tower,0,12,38,0,50,0,0,55,0,55,0,12,93,0,105,0,0,0,105
12/03/2010,HXD,SC,ASO,ES,Federal Contract Tower,0,16,29,0,45,0,0,44,0,44,0,16,73,0,89,10,0,10,99
12/04/2010,HXD,SC,ASO,ES,Federal Contract Tower,0,12,22,2,36,0,0,39,0,39,0,12,61,2,75,4,0,4,79
12/05/2010,HXD,SC,ASO,ES,Federal Contract Tower,0,13,21,2,36,0,0,22,0,22,0,13,43,2,58,0,14,14,72
12/06/2010,HXD,SC,ASO,ES,Federal Contract Tower,0,22,24,0,46,0,0,24,0,24,0,22,48,0,70,4,0,4,74
12/07/2010,HXD,SC,ASO,ES,Federal Contract Tower,0,16,20,0,36,0,0,28,0,28,0,16,48,0,64,6,0,6,70
12/08/2010,HXD,SC,ASO,ES,Federal Contract Tower,0,13,20,0,33,0,0,36,0,36,0,13,56,0,69,8,0,8,77
12/09/2010,HXD,SC,ASO,ES,Federal Contract Tower,0,15,28,2,45,0,0,39,8,47,0,15,67,10,92,0,8,8,100
12/10/2010,HXD,SC,ASO,ES,Federal Contract Tower,0,17,27,1,45,0,0,29,1,30,0,17,56,2,75,0,0,0,75
12/11/2010,HXD,SC,ASO,ES,Federal Contract Tower,0,17,13,2,32,0,0,0,0,0,0,17,13,2,32,0,0,0,32
12/12/2010,HXD,SC,ASO,ES,Federal Contract Tower,0,16,12,0,28,0,0,3,0,3,0,16,15,0,31,0,0,0,31
12/13/2010,HXD,SC,ASO,ES,Federal Contract Tower,0,11,6,0,17,0,0,2,0,2,0,11,8,0,19,0,0,0,19
12/14/2010,HXD,SC,ASO,ES,Federal Contract Tower,0,13,17,0,30,0,0,8,0,8,0,13,25,0,38,0,0,0,38
12/15/2010,HXD,SC,ASO,ES,Federal Contract Tower,0,11,25,4,40,0,0,37,0,37,0,11,62,4,77,8,6,14,91
12/16/2010,HXD,SC,ASO,ES,Federal Contract Tower,0,23,17,0,40,0,0,13,0,13,0,23,30,0,53,10,2,12,65
12/17/2010,HXD,SC,ASO,ES,Federal Contract Tower,0,22,31,0,53,0,0,26,0,26,0,22,57,0,79,10,0,10,89
12/18/2010,HXD,SC,ASO,ES,Federal Contract Tower,0,3,4,0,7,0,0,0,0,0,0,3,4,0,7,4,0,4,11
12/19/2010,HXD,SC,ASO,ES,Federal Contract Tower,0,14,26,0,40,0,0,20,0,20,0,14,46,0,60,8,0,8,68
12/20/2010,HXD,SC,ASO,ES,Federal Contract Tower,0,22,27,0,49,0,0,34,0,34,0,22,61,0,83,4,0,4,87
12/21/2010,HXD,SC,ASO,ES,Federal Contract Tower,0,20,26,0,46,0,0,30,0,30,0,20,56,0,76,8,8,16,92
12/22/2010,HXD,SC,ASO,ES,Federal Contract Tower,0,28,36,1,65,0,0,35,1,36,0,28,71,2,101,2,8,10,111
12/23/2010,HXD,SC,ASO,ES,Federal Contract Tower,0,24,33,0,57,0,0,31,0,31,0,24,64,0,88,0,0,0,88
12/24/2010,HXD,SC,ASO,ES,Federal Contract Tower,0,13,11,0,24,0,0,11,0,11,0,13,22,0,35,0,0,0,35
12/25/2010,HXD,SC,ASO,ES,Federal Contract Tower,0,16,6,0,22,0,0,4,0,4,0,16,10,0,26,6,0,6,32
12/26/2010,HXD,SC,ASO,ES,Federal Contract Tower,0,15,21,0,36,0,0,1,0,1,0,15,22,0,37,0,0,0,37
12/27/2010,HXD,SC,ASO,ES,Federal Contract Tower,0,21,21,0,42,0,0,21,0,21,0,21,42,0,63,0,0,0,63
12/28/2010,HXD,SC,ASO,ES,Federal Contract Tower,0,30,37,0,67,0,1,64,0,65,0,31,101,0,132,4,0,4,136
12/29/2010,HXD,SC,ASO,ES,Federal Contract Tower,0,16,33,2,51,0,0,44,2,46,0,16,77,4,97,14,0,14,111
12/30/2010,HXD,SC,ASO,ES,Federal Contract Tower,0,25,32,2,59,0,0,55,2,57,0,25,87,4,116,6,0,6,122
12/31/2010,HXD,SC,ASO,ES,Federal Contract Tower,0,21,23,0,44,0,0,48,0,48,0,21,71,0,92,8,0,8,100
01/01/2011,HXD,SC,ASO,ES,Federal Contract Tower,0,12,14,0,26,0,0,23,0,23,0,12,37,0,49,2,0,2,51
01/02/2011,HXD,SC,ASO,ES,Federal Contract Tower,0,21,51,0,72,0,0,2,2,4,0,21,53,2,76,0,6,6,82
01/03/2011,HXD,SC,ASO,ES,Federal Contract Tower,0,15,30,0,45,0,0,31,0,31,0,15,61,0,76,0,0,0,76
01/04/2011,HXD,SC,ASO,ES,Federal Contract Tower,0,18,20,4,42,0,0,23,0,23,0,18,43,4,65,2,2,4,69
01/05/2011,HXD,SC,ASO,ES,Federal Contract Tower,0,17,19,2,38,0,0,18,0,18,0,17,37,2,56,4,0,4,60
01/06/2011,HXD,SC,ASO,ES,Federal Contract Tower,0,22,21,0,43,0,0,12,0,12,0,22,33,0,55,0,0,0,55
01/07/2011,HXD,SC,ASO,ES,Federal Contract Tower,0,16,19,0,35,0,0,28,0,28,0,16,47,0,63,0,0,0,63
01/08/2011,HXD,SC,ASO,ES,Federal Contract Tower,0,17,16,0,33,0,1,29,0,30,0,18,45,0,63,14,0,14,77
01/09/2011,HXD,SC,ASO,ES,Federal Contract Tower,0,20,26,2,48,0,0,23,0,23,0,20,49,2,71,0,2,2,73
01/10/2011,HXD,SC,ASO,ES,Federal Contract Tower,0,2,5,0,7,0,0,0,0,0,0,2,5,0,7,0,0,0,7
01/11/2011,HXD,SC,ASO,ES,Federal Contract Tower,0,3,5,0,8,0,0,1,0,1,0,3,6,0,9,0,0,0,9
01/12/2011,HXD,SC,ASO,ES,Federal Contract Tower,0,12,21,1,34,0,1,22,3,26,0,13,43,4,60,6,4,10,70
01/13/2011,HXD,SC,ASO,ES,Federal Contract Tower,0,16,15,0,31,0,1,35,0,36,0,17,50,0,67,6,0,6,73
01/14/2011,HXD,SC,ASO,ES,Federal Contract Tower,0,20,27,0,47,0,0,40,2,42,0,20,67,2,89,12,4,16,105
01/15/2011,HXD,SC,ASO,ES,Federal Contract Tower,0,12,14,0,26,0,1,71,2,74,0,13,85,2,100,12,6,18,118
01/16/2011,HXD,SC,ASO,ES,Federal Contract Tower,0,20,16,0,36,0,0,46,2,48,0,20,62,2,84,20,12,32,116
01/17/2011,HXD,SC,ASO,ES,Federal Contract Tower,0,9,23,0,32,0,0,5,0,5,0,9,28,0,37,0,0,0,37
01/18/2011,HXD,SC,ASO,ES,Federal Contract Tower,0,7,2,0,9,0,0,8,0,8,0,7,10,0,17,6,0,6,23
01/19/2011,HXD,SC,ASO,ES,Federal Contract Tower,0,14,27,0,41,0,0,17,0,17,0,14,44,0,58,0,0,0,58
01/20/2011,HXD,SC,ASO,ES,Federal Contract Tower,0,19,34,0,53,0,0,46,0,46,0,19,80,0,99,28,2,30,129
01/21/2011,HXD,SC,ASO,ES,Federal Contract Tower,0,19,31,1,51,0,0,27,1,28,0,19,58,2,79,2,0,2,81
01/22/2011,HXD,SC,ASO,ES,Federal Contract Tower,0,12,16,0,28,0,1,30,0,31,0,13,46,0,59,8,0,8,67
01/23/2011,HXD,SC,ASO,ES,Federal Contract Tower,0,14,20,0,34,0,0,24,0,24,0,14,44,0,58,0,0,0,58
01/24/2011,HXD,SC,ASO,ES,Federal Contract Tower,0,17,22,0,39,0,0,33,0,33,0,17,55,0,72,18,0,18,90
01/25/2011,HXD,SC,ASO,ES,Federal Contract Tower,0,4,2,0,6,0,0,0,0,0,0,4,2,0,6,0,0,0,6
01/26/2011,HXD,SC,ASO,ES,Federal Contract Tower,0,11,11,1,23,0,0,8,0,8,0,11,19,1,31,2,0,2,33
01/27/2011,HXD,SC,ASO,ES,Federal Contract Tower,0,17,22,0,39,0,0,39,2,41,0,17,61,2,80,0,8,8,88
01/28/2011,HXD,SC,ASO,ES,Federal Contract Tower,0,22,21,0,43,0,0,28,2,30,0,22,49,2,73,2,0,2,75
01/29/2011,HXD,SC,ASO,ES,Federal Contract Tower,0,12,18,0,30,0,0,55,0,55,0,12,73,0,85,20,0,20,105
01/30/2011,HXD,SC,ASO,ES,Federal Contract Tower,0,20,30,0,50,0,0,53,0,53,0,20,83,0,103,18,0,18,121
01/31/2011,HXD,SC,ASO,ES,Federal Contract Tower,0,17,16,0,33,0,0,1,0,1,0,17,17,0,34,0,0,0,34
02/01/2011,HXD,SC,ASO,ES,Federal Contract Tower,0,7,2,0,9,0,0,0,0,0,0,7,2,0,9,0,0,0,9
02/02/2011,HXD,SC,ASO,ES,Federal Contract Tower,0,14,13,2,29,0,0,1,0,1,0,14,14,2,30,0,0,0,30
02/03/2011,HXD,SC,ASO,ES,Federal Contract Tower,0,17,14,0,31,0,0,16,0,16,0,17,30,0,47,0,0,0,47
02/04/2011,HXD,SC,ASO,ES,Federal Contract Tower,0,11,9,1,21,0,0,0,0,0,0,11,9,1,21,0,0,0,21
02/05/2011,HXD,SC,ASO,ES,Federal Contract Tower,0,7,4,0,11,0,0,7,0,7,0,7,11,0,18,0,0,0,18
02/06/2011,HXD,SC,ASO,ES,Federal Contract Tower,0,14,21,0,35,0,0,37,0,37,0,14,58,0,72,22,0,22,94
02/07/2011,HXD,SC,ASO,ES,Federal Contract Tower,0,15,17,0,32,0,0,0,0,0,0,15,17,0,32,0,0,0,32
02/08/2011,HXD,SC,ASO,ES,Federal Contract Tower,0,13,25,0,38,0,0,23,0,23,0,13,48,0,61,4,0,4,65
02/09/2011,HXD,SC,ASO,ES,Federal Contract Tower,0,16,22,2,40,0,0,44,0,44,0,16,66,2,84,4,2,6,90
02/10/2011,HXD,SC,ASO,ES,Federal Contract Tower,0,19,12,0,31,0,0,6,0,6,0,19,18,0,37,2,0,2,39
02/11/2011,HXD,SC,ASO,ES,Federal Contract Tower,0,16,22,0,38,0,0,20,2,22,0,16,42,2,60,10,0,10,70
02/12/2011,HXD,SC,ASO,ES,Federal Contract Tower,0,12,14,0,26,0,0,52,6,58,0,12,66,6,84,14,10,24,108
02/13/2011,HXD,SC,ASO,ES,Federal Contract Tower,0,15,13,0,28,0,0,42,0,42,0,15,55,0,70,14,16,30,100
02/14/2011,HXD,SC,ASO,ES,Federal Contract Tower,0,14,31,1,46,0,0,33,1,34,0,14,64,2,80,2,0,2,82
02/15/2011,HXD,SC,ASO,ES,Federal Contract Tower,0,16,19,0,35,0,0,39,0,39,0,16,58,0,74,2,4,6,80
02/16/2011,HXD,SC,ASO,ES,Federal Contract Tower,0,11,34,0,45,0,0,42,0,42,0,11,76,0,87,6,0,6,93
02/17/2011,HXD,SC,ASO,ES,Federal Contract Tower,0,15,36,0,51,0,1,46,0,47,0,16,82,0,98,12,0,12,110
02/18/2011,HXD,SC,ASO,ES,Federal Contract Tower,0,18,37,0,55,0,0,30,0,30,0,18,67,0,85,0,16,16,101
02/19/2011,HXD,SC,ASO,ES,Federal Contract Tower,0,13,14,0,27,0,1,39,0,40,0,14,53,0,67,0,0,0,67
02/20/2011,HXD,SC,ASO,ES,Federal Contract Tower,0,20,21,0,41,0,0,30,0,30,0,20,51,0,71,0,10,10,81
02/21/2011,HXD,SC,ASO,ES,Federal Contract Tower,0,11,33,0,44,0,0,38,7,45,0,11,71,7,89,0,32,32,121
02/22/2011,HXD,SC,ASO,ES,Federal Contract Tower,0,19,22,0,41,0,0,35,0,35,0,19,57,0,76,8,0,8,84
02/23/2011,HXD,SC,ASO,ES,Federal Contract Tower,0,19,33,1,53,0,0,50,1,51,0,19,83,2,104,0,6,6,110
02/24/2011,HXD,SC,ASO,ES,Federal Contract Tower,0,25,43,1,69,0,0,44,3,47,0,25,87,4,116,10,0,10,126
02/25/2011,HXD,SC,ASO,ES,Federal Contract Tower,0,18,32,0,50,0,0,25,0,25,0,18,57,0,75,0,4,4,79
02/26/2011,HXD,SC,ASO,ES,Federal Contract Tower,0,12,31,0,43,0,1,29,0,30,0,13,60,0,73,0,0,0,73
02/27/2011,HXD,SC,ASO,ES,Federal Contract Tower,0,19,42,0,61,0,0,44,4,48,0,19,86,4,109,2,20,22,131
02/28/2011,HXD,SC,ASO,ES,Federal Contract Tower,0,12,20,2,34,0,0,21,0,21,0,12,41,2,55,0,0,0,55
03/01/2011,HXD,SC,ASO,ES,Federal Contract Tower,0,17,20,0,37,0,0,29,1,30,0,17,49,1,67,0,0,0,67
03/02/2011,HXD,SC,ASO,ES,Federal Contract Tower,0,18,28,6,52,0,0,51,5,56,0,18,79,11,108,32,18,50,158
03/03/2011,HXD,SC,ASO,ES,Federal Contract Tower,0,23,33,0,56,0,0,35,2,37,0,23,68,2,93,0,0,0,93
03/04/2011,HXD,SC,ASO,ES,Federal Contract Tower,0,27,38,2,67,0,1,17,0,18,0,28,55,2,85,4,0,4,89
03/05/2011,HXD,SC,ASO,ES,Federal Contract Tower,0,18,31,1,50,0,1,39,1,41,0,19,70,2,91,10,6,16,107
03/06/2011,HXD,SC,ASO,ES,Federal Contract Tower,0,24,24,0,48,0,0,17,0,17,0,24,41,0,65,0,0,0,65
03/07/2011,HXD,SC,ASO,ES,Federal Contract Tower,0,18,23,0,41,0,0,23,0,23,0,18,46,0,64,0,0,0,64
03/08/2011,HXD,SC,ASO,ES,Federal Contract Tower,0,27,29,0,56,0,0,11,0,11,0,27,40,0,67,0,0,0,67
03/09/2011,HXD,SC,ASO,ES,Federal Contract Tower,0,18,26,0,44,0,0,25,2,27,0,18,51,2,71,0,0,0,71
03/10/2011,HXD,SC,ASO,ES,Federal Contract Tower,0,19,25,0,44,0,0,13,0,13,0,19,38,0,57,0,0,0,57
03/11/2011,HXD,SC,ASO,ES,Federal Contract Tower,0,28,34,0,62,0,0,32,0,32,0,28,66,0,94,0,0,0,94
03/12/2011,HXD,SC,ASO,ES,Federal Contract Tower,0,17,25,0,42,0,1,56,0,57,0,18,81,0,99,10,0,10,109
03/13/2011,HXD,SC,ASO,ES,Federal Contract Tower,0,25,47,4,76,0,0,64,4,68,0,25,111,8,144,14,12,26,170
03/14/2011,HXD,SC,ASO,ES,Federal Contract Tower,0,21,34,0,55,0,0,46,0,46,0,21,80,0,101,22,0,22,123
03/15/2011,HXD,SC,ASO,ES,Federal Contract Tower,0,25,30,1,56,0,1,43,3,47,0,26,73,4,103,0,0,0,103
03/16/2011,HXD,SC,ASO,ES,Federal Contract Tower,0,31,20,0,51,0,0,30,0,30,0,31,50,0,81,8,0,8,89
03/17/2011,HXD,SC,ASO,ES,Federal Contract Tower,0,25,21,0,46,0,0,62,0,62,0,25,83,0,108,12,0,12,120
03/18/2011,HXD,SC,ASO,ES,Federal Contract Tower,0,27,30,1,58,0,0,56,1,57,0,27,86,2,115,16,0,16,131
03/19/2011,HXD,SC,ASO,ES,Federal Contract Tower,0,23,35,1,59,0,1,45,2,48,0,24,80,3,107,14,2,16,123
03/20/2011,HXD,SC,ASO,ES,Federal Contract Tower,0,25,35,0,60,0,0,28,0,28,0,25,63,0,88,0,0,0,88
03/21/2011,HXD,SC,ASO,ES,Federal Contract Tower,0,24,24,0,48,0,0,41,1,42,0,24,65,1,90,0,0,0,90
03/22/2011,HXD,SC,ASO,ES,Federal Contract Tower,0,20,18,1,39,0,1,56,3,60,0,21,74,4,99,0,0,0,99
03/23/2011,HXD,SC,ASO,ES,Federal Contract Tower,0,23,23,0,46,0,0,60,0,60,0,23,83,0,106,10,0,10,116
03/24/2011,HXD,SC,ASO,ES,Federal Contract Tower,0,25,43,0,68,0,0,26,0,26,0,25,69,0,94,0,0,0,94
03/25/2011,HXD,SC,ASO,ES,Federal Contract Tower,0,23,38,0,61,0,0,48,0,48,0,23,86,0,109,24,0,24,133
03/26/2011,HXD,SC,ASO,ES,Federal Contract Tower,0,23,31,0,54,0,1,42,4,47,0,24,73,4,101,12,8,20,121
03/27/2011,HXD,SC,ASO,ES,Federal Contract Tower,0,17,18,0,35,0,0,3,0,3,0,17,21,0,38,2,0,2,40
03/28/2011,HXD,SC,ASO,ES,Federal Contract Tower,0,18,20,2,40,0,0,0,0,0,0,18,20,2,40,0,0,0,40
03/29/2011,HXD,SC,ASO,ES,Federal Contract Tower,0,25,29,0,54,0,0,58,0,58,0,25,87,0,112,0,0,0,112
03/30/2011,HXD,SC,ASO,ES,Federal Contract Tower,0,15,9,0,24,0,0,0,0,0,0,15,9,0,24,0,0,0,24
03/31/2011,HXD,SC,ASO,ES,Federal Contract Tower,0,16,28,2,46,0,0,0,0,0,0,16,28,2,46,0,0,0,46
04/01/2011,HXD,SC,ASO,ES,Federal Contract Tower,0,30,44,0,74,0,0,34,0,34,0,30,78,0,108,0,0,0,108
04/02/2011,HXD,SC,ASO,ES,Federal Contract Tower,0,22,44,0,66,0,1,47,3,51,0,23,91,3,117,2,18,20,137
04/03/2011,HXD,SC,ASO,ES,Federal Contract Tower,0,32,53,0,85,0,0,56,0,56,0,32,109,0,141,8,0,8,149
04/04/2011,HXD,SC,ASO,ES,Federal Contract Tower,0,28,43,0,71,0,0,45,0,45,0,28,88,0,116,0,0,0,116
04/05/2011,HXD,SC,ASO,ES,Federal Contract Tower,0,20,21,0,41,0,0,4,1,5,0,20,25,1,46,0,0,0,46
04/06/2011,HXD,SC,ASO,ES,Federal Contract Tower,0,26,33,0,59,0,0,74,0,74,0,26,107,0,133,6,8,14,147
04/07/2011,HXD,SC,ASO,ES,Federal Contract Tower,0,25,26,0,51,0,0,49,5,54,0,25,75,5,105,0,0,0,105
04/08/2011,HXD,SC,ASO,ES,Federal Contract Tower,0,27,31,0,58,0,0,41,0,41,0,27,72,0,99,0,0,0,99
04/09/2011,HXD,SC,ASO,ES,Federal Contract Tower,0,19,39,2,60,0,1,35,0,36,0,20,74,2,96,0,0,0,96
04/10/2011,HXD,SC,ASO,ES,Federal Contract Tower,0,23,34,0,57,0,0,66,2,68,0,23,100,2,125,0,0,0,125
04/11/2011,HXD,SC,ASO,ES,Federal Contract Tower,0,27,32,0,59,0,0,37,0,37,0,27,69,0,96,10,0,10,106
04/12/2011,HXD,SC,ASO,ES,Federal Contract Tower,0,24,25,2,51,0,0,28,3,31,0,24,53,5,82,6,2,8,90
04/13/2011,HXD,SC,ASO,ES,Federal Contract Tower,0,23,34,2,59,0,0,58,6,64,0,23,92,8,123,14,0,14,137
04/14/2011,HXD,SC,ASO,ES,Federal Contract Tower,0,30,33,0,63,0,0,63,0,63,0,30,96,0,126,8,0,8,134
04/15/2011,HXD,SC,ASO,ES,Federal Contract Tower,0,24,38,1,63,0,0,40,1,41,0,24,78,2,104,2,0,2,106
04/16/2011,HXD,SC,ASO,ES,Federal Contract Tower,0,18,17,0,35,0,0,2,0,2,0,18,19,0,37,0,0,0,37
04/17/2011,HXD,SC,ASO,ES,Federal Contract Tower,0,28,58,0,86,0,0,70,0,70,0,28,128,0,156,6,2,8,164
04/18/2011,HXD,SC,ASO,ES,Federal Contract Tower,0,29,33,1,63,0,0,42,5,47,0,29,75,6,110,24,4,28,138
04/19/2011,HXD,SC,ASO,ES,Federal Contract Tower,0,40,57,0,97,0,0,61,2,63,0,40,118,2,160,22,12,34,194
04/20/2011,HXD,SC,ASO,ES,Federal Contract Tower,0,46,71,0,117,0,0,65,0,65,0,46,136,0,182,22,4,26,208
04/21/2011,HXD,SC,ASO,ES,Federal Contract Tower,0,48,70,0,118,0,0,62,0,62,0,48,132,0,180,4,0,4,184
04/22/2011,HXD,SC,ASO,ES,Federal Contract Tower,0,20,78,0,98,0,1,8,0,9,0,21,86,0,107,0,0,0,107
04/23/2011,HXD,SC,ASO,ES,Federal Contract Tower,0,39,50,0,89,0,1,36,0,37,0,40,86,0,126,4,0,4,130
04/24/2011,HXD,SC,ASO,ES,Federal Contract Tower,0,64,82,0,146,0,0,49,0,49,0,64,131,0,195,6,0,6,201
04/25/2011,HXD,SC,ASO,ES,Federal Contract Tower,0,43,74,0,117,0,0,53,0,53,0,43,127,0,170,10,0,10,180
04/26/2011,HXD,SC,ASO,ES,Federal Contract Tower,0,25,25,0,50,0,0,25,0,25,0,25,50,0,75,6,0,6,81
04/27/2011,HXD,SC,ASO,ES,Federal Contract Tower,0,26,39,0,65,0,0,8,0,8,0,26,47,0,73,0,0,0,73
04/28/2011,HXD,SC,ASO,ES,Federal Contract Tower,0,20,28,0,48,0,0,0,0,0,0,20,28,0,48,0,0,0,48
04/29/2011,HXD,SC,ASO,ES,Federal Contract Tower,0,28,64,0,92,0,0,62,1,63,0,28,126,1,155,14,0,14,169
04/30/2011,HXD,SC,ASO,ES,Federal Contract Tower,0,27,43,0,70,0,1,71,2,74,0,28,114,2,144,6,6,12,156
05/01/2011,HXD,SC,ASO,ES,Federal Contract Tower,0,25,56,0,81,0,0,64,0,64,0,25,120,0,145,10,0,10,155
05/02/2011,HXD,SC,ASO,ES,Federal Contract Tower,0,25,38,0,63,0,0,57,0,57,0,25,95,0,120,0,8,8,128
05/03/2011,HXD,SC,ASO,ES,Federal Contract Tower,0,20,36,3,59,0,0,50,1,51,0,20,86,4,110,0,0,0,110
05/04/2011,HXD,SC,ASO,ES,Federal Contract Tower,0,23,48,0,71,0,1,26,2,29,0,24,74,2,100,0,2,2,102
05/05/2011,HXD,SC,ASO,ES,Federal Contract Tower,0,22,32,0,54,0,1,41,0,42,0,23,73,0,96,6,0,6,102
05/06/2011,HXD,SC,ASO,ES,Federal Contract Tower,0,30,31,0,61,0,0,23,0,23,0,30,54,0,84,10,0,10,94
05/07/2011,HXD,SC,ASO,ES,Federal Contract Tower,0,29,43,0,72,0,0,43,0,43,0,29,86,0,115,8,2,10,125
05/08/2011,HXD,SC,ASO,ES,Federal Contract Tower,0,21,41,0,62,0,0,40,0,40,0,21,81,0,102,2,4,6,108
05/09/2011,HXD,SC,ASO,ES,Federal Contract Tower,0,28,42,0,70,0,0,49,7,56,0,28,91,7,126,10,2,12,138
05/10/2011,HXD,SC,ASO,ES,Federal Contract Tower,0,28,41,0,69,0,0,42,3,45,0,28,83,3,114,4,10,14,128
05/11/2011,HXD,SC,ASO,ES,Federal Contract Tower,0,24,53,0,77,0,0,50,2,52,0,24,103,2,129,18,32,50,179
05/12/2011,HXD,SC,ASO,ES,Federal Contract Tower,0,30,50,1,81,0,1,31,0,32,0,31,81,1,113,0,0,0,113
05/13/2011,HXD,SC,ASO,ES,Federal Contract Tower,0,27,25,0,52,0,0,41,2,43,0,27,66,2,95,8,12,20,115
05/14/2011,HXD,SC,ASO,ES,Federal Contract Tower,0,26,27,0,53,0,1,39,0,40,0,27,66,0,93,6,0,6,99
05/15/2011,HXD,SC,ASO,ES,Federal Contract Tower,0,25,47,0,72,0,0,51,2,53,0,25,98,2,125,22,0,22,147
05/16/2011,HXD,SC,ASO,ES,Federal Contract Tower,0,26,33,0,59,0,0,5,0,5,0,26,38,0,64,0,0,0,64
05/17/2011,HXD,SC,ASO,ES,Federal Contract Tower,0,22,21,0,43,0,0,25,3,28,0,22,46,3,71,0,14,14,85
05/18/2011,HXD,SC,ASO,ES,Federal Contract Tower,0,27,25,0,52,0,0,41,4,45,0,27,66,4,97,0,8,8,105
05/19/2011,HXD,SC,ASO,ES,Federal Contract Tower,0,33,41,0,74,0,1,56,2,59,0,34,97,2,133,8,2,10,143
05/20/2011,HXD,SC,ASO,ES,Federal Contract Tower,0,31,39,0,70,0,0,51,0,51,0,31,90,0,121,4,0,4,125
05/21/2011,HXD,SC,ASO,ES,Federal Contract Tower,0,24,23,1,48,0,1,33,0,34,0,25,56,1,82,0,0,0,82
05/22/2011,HXD,SC,ASO,ES,Federal Contract Tower,0,20,43,0,63,0,0,63,0,63,0,20,106,0,126,4,0,4,130
05/23/2011,HXD,SC,ASO,ES,Federal Contract Tower,0,28,56,0,84,0,0,62,0,62,0,28,118,0,146,10,0,10,156
05/24/2011,HXD,SC,ASO,ES,Federal Contract Tower,0,21,33,1,55,0,0,54,4,58,0,21,87,5,113,0,0,0,113
05/25/2011,HXD,SC,ASO,ES,Federal Contract Tower,0,25,20,0,45,0,0,46,2,48,0,25,66,2,93,18,2,20,113
05/26/2011,HXD,SC,ASO,ES,Federal Contract Tower,0,22,46,0,68,0,0,39,0,39,0,22,85,0,107,8,0,8,115
05/27/2011,HXD,SC,ASO,ES,Federal Contract Tower,0,27,68,0,95,0,0,33,0,33,0,27,101,0,128,0,0,0,128
05/28/2011,HXD,SC,ASO,ES,Federal Contract Tower,0,25,55,0,80,0,1,41,2,44,0,26,96,2,124,8,0,8,132
05/29/2011,HXD,SC,ASO,ES,Federal Contract Tower,0,17,40,0,57,0,0,45,0,45,0,17,85,0,102,10,0,10,112
05/30/2011,HXD,SC,ASO,ES,Federal Contract Tower,0,24,58,0,82,0,71,0,2,73,0,95,58,2,155,4,0,4,159
05/31/2011,HXD,SC,ASO,ES,Federal Contract Tower,0,28,36,3,67,0,0,53,1,54,0,28,89,4,121,26,0,26,147
06/01/2011,HXD,SC,ASO,ES,Federal Contract Tower,0,26,32,0,58,0,1,28,0,29,0,27,60,0,87,4,0,4,91
06/02/2011,HXD,SC,ASO,ES,Federal Contract Tower,0,25,33,0,58,0,0,45,2,47,0,25,78,2,105,10,0,10,115
06/03/2011,HXD,SC,ASO,ES,Federal Contract Tower,0,22,41,0,63,0,0,44,0,44,0,22,85,0,107,0,0,0,107
06/04/2011,HXD,SC,ASO,ES,Federal Contract Tower,0,31,34,2,67,0,0,40,4,44,0,31,74,6,111,12,6,18,129
06/05/2011,HXD,SC,ASO,ES,Federal Contract Tower,0,24,49,0,73,0,0,59,0,59,0,24,108,0,132,10,0,10,142
06/06/2011,HXD,SC,ASO,ES,Federal Contract Tower,0,17,24,0,41,0,0,38,4,42,0,17,62,4,83,2,0,2,85
06/07/2011,HXD,SC,ASO,ES,Federal Contract Tower,0,23,37,0,60,0,0,48,0,48,0,23,85,0,108,0,0,0,108
06/08/2011,HXD,SC,ASO,ES,Federal Contract Tower,0,19,47,0,66,0,0,62,0,62,0,19,109,0,128,10,0,10,138
06/09/2011,HXD,SC,ASO,ES,Federal Contract Tower,0,18,31,0,49,0,0,59,2,61,0,18,90,2,110,3,1,4,114
06/10/2011,HXD,SC,ASO,ES,Federal Contract Tower,0,23,31,0,54,0,0,63,0,63,0,23,94,0,117,16,0,16,133
06/11/2011,HXD,SC,ASO,ES,Federal Contract Tower,0,35,39,0,74,0,2,35,0,37,0,37,74,0,111,0,0,0,111
06/12/2011,HXD,SC,ASO,ES,Federal Contract Tower,0,24,27,0,51,0,0,33,2,35,0,24,60,2,86,6,10,16,102
06/13/2011,HXD,SC,ASO,ES,Federal Contract Tower,0,24,25,0,49,0,0,24,0,24,0,24,49,0,73,0,0,0,73
06/14/2011,HXD,SC,ASO,ES,Federal Contract Tower,0,20,32,0,52,0,0,33,0,33,0,20,65,0,85,18,0,18,103
06/15/2011,HXD,SC,ASO,ES,Federal Contract Tower,0,23,41,0,64,0,0,33,0,33,0,23,74,0,97,0,0,0,97
06/16/2011,HXD,SC,ASO,ES,Federal Contract Tower,0,22,39,1,62,0,0,48,0,48,0,22,87,1,110,2,2,4,114
06/17/2011,HXD,SC,ASO,ES,Federal Contract Tower,0,22,36,0,58,0,2,64,0,66,0,24,100,0,124,13,0,13,137
06/18/2011,HXD,SC,ASO,ES,Federal Contract Tower,0,24,65,0,89,0,1,64,0,65,0,25,129,0,154,16,0,16,170
06/19/2011,HXD,SC,ASO,ES,Federal Contract Tower,0,20,29,0,49,0,0,43,0,43,0,20,72,0,92,0,0,0,92
06/20/2011,HXD,SC,ASO,ES,Federal Contract Tower,0,16,43,0,59,0,0,56,4,60,0,16,99,4,119,12,10,22,141
06/21/2011,HXD,SC,ASO,ES,Federal Contract Tower,0,17,28,0,45,0,1,47,0,48,0,18,75,0,93,0,0,0,93
06/22/2011,HXD,SC,ASO,ES,Federal Contract Tower,0,19,21,13,53,0,0,23,0,23,0,19,44,13,76,16,10,26,102
06/23/2011,HXD,SC,ASO,ES,Federal Contract Tower,0,20,29,0,49,0,0,15,2,17,0,20,44,2,66,0,0,0,66
06/24/2011,HXD,SC,ASO,ES,Federal Contract Tower,0,27,53,0,80,0,0,42,1,43,0,27,95,1,123,12,0,12,135
06/25/2011,HXD,SC,ASO,ES,Federal Contract Tower,0,38,51,0,89,0,1,34,0,35,0,39,85,0,124,8,0,8,132
06/26/2011,HXD,SC,ASO,ES,Federal Contract Tower,0,23,39,0,62,0,0,48,0,48,0,23,87,0,110,10,0,10,120
06/27/2011,HXD,SC,ASO,ES,Federal Contract Tower,0,23,35,0,58,0,0,37,0,37,0,23,72,0,95,2,0,2,97
06/28/2011,HXD,SC,ASO,ES,Federal Contract Tower,0,17,32,0,49,0,0,31,3,34,0,17,63,3,83,0,2,2,85
06/29/2011,HXD,SC,ASO,ES,Federal Contract Tower,0,20,31,2,53,0,0,29,2,31,0,20,60,4,84,8,6,14,98
06/30/2011,HXD,SC,ASO,ES,Federal Contract Tower,0,18,23,0,41,0,1,41,0,42,0,19,64,0,83,2,0,2,85
07/01/2011,HXD,SC,ASO,ES,Federal Contract Tower,0,22,57,0,79,0,0,55,0,55,0,22,112,0,134,14,0,14,148
07/02/2011,HXD,SC,ASO,ES,Federal Contract Tower,0,35,59,0,94,0,1,53,0,54,0,36,112,0,148,8,0,8,156
07/03/2011,HXD,SC,ASO,ES,Federal Contract Tower,0,16,19,0,35,0,0,29,0,29,0,16,48,0,64,2,0,2,66
07/04/2011,HXD,SC,ASO,ES,Federal Contract Tower,0,16,19,0,35,0,1,60,0,61,0,17,79,0,96,10,0,10,106
07/05/2011,HXD,SC,ASO,ES,Federal Contract Tower,0,22,59,0,81,0,0,30,0,30,0,22,89,0,111,12,0,12,123
07/06/2011,HXD,SC,ASO,ES,Federal Contract Tower,0,22,33,0,55,0,0,35,0,35,0,22,68,0,90,8,0,8,98
07/07/2011,HXD,SC,ASO,ES,Federal Contract Tower,0,18,42,2,62,0,0,60,0,60,0,18,102,2,122,8,0,8,130
07/08/2011,HXD,SC,ASO,ES,Federal Contract Tower,0,19,48,0,67,0,0,29,0,29,0,19,77,0,96,12,0,12,108
07/09/2011,HXD,SC,ASO,ES,Federal Contract Tower,0,28,49,0,77,0,0,41,0,41,0,28,90,0,118,6,0,6,124
07/10/2011,HXD,SC,ASO,ES,Federal Contract Tower,0,23,51,0,74,0,0,5,0,5,0,23,56,0,79,8,0,8,87
07/11/2011,HXD,SC,ASO,ES,Federal Contract Tower,0,18,21,1,40,0,0,3,0,3,0,18,24,1,43,0,0,0,43
07/12/2011,HXD,SC,ASO,ES,Federal Contract Tower,0,26,18,0,44,0,0,12,0,12,0,26,30,0,56,0,0,0,56
07/13/2011,HXD,SC,ASO,ES,Federal Contract Tower,0,20,27,0,47,0,0,30,0,30,0,20,57,0,77,0,0,0,77
07/14/2011,HXD,SC,ASO,ES,Federal Contract Tower,0,15,32,0,47,0,0,8,0,8,0,15,40,0,55,6,0,6,61
07/15/2011,HXD,SC,ASO,ES,Federal Contract Tower,0,18,24,0,42,0,0,15,0,15,0,18,39,0,57,16,0,16,73
07/16/2011,HXD,SC,ASO,ES,Federal Contract Tower,0,27,55,0,82,0,0,18,0,18,0,27,73,0,100,0,0,0,100
07/17/2011,HXD,SC,ASO,ES,Federal Contract Tower,0,21,26,0,47,0,0,31,0,31,0,21,57,0,78,0,0,0,78
07/18/2011,HXD,SC,ASO,ES,Federal Contract Tower,0,25,32,1,58,0,0,24,1,25,0,25,56,2,83,0,0,0,83
07/19/2011,HXD,SC,ASO,ES,Federal Contract Tower,0,27,27,4,58,0,0,48,5,53,0,27,75,9,111,14,14,28,139
07/20/2011,HXD,SC,ASO,ES,Federal Contract Tower,0,21,39,0,60,0,1,44,0,45,0,22,83,0,105,8,0,8,113
07/21/2011,HXD,SC,ASO,ES,Federal Contract Tower,0,18,38,0,56,0,2,41,2,45,0,20,79,2,101,14,0,14,115
07/22/2011,HXD,SC,ASO,ES,Federal Contract Tower,0,16,60,0,76,0,0,53,0,53,0,16,113,0,129,12,0,12,141
07/23/2011,HXD,SC,ASO,ES,Federal Contract Tower,0,19,38,0,57,0,1,46,2,49,0,20,84,2,106,10,2,12,118
07/24/2011,HXD,SC,ASO,ES,Federal Contract Tower,0,23,31,0,54,0,0,26,2,28,0,23,57,2,82,6,10,16,98
07/25/2011,HXD,SC,ASO,ES,Federal Contract Tower,0,19,18,0,37,0,0,25,2,27,0,19,43,2,64,4,2,6,70
07/26/2011,HXD,SC,ASO,ES,Federal Contract Tower,0,24,25,0,49,0,0,3,0,3,0,24,28,0,52,2,0,2,54
07/27/2011,HXD,SC,ASO,ES,Federal Contract Tower,0,23,33,4,60,0,0,15,4,19,0,23,48,8,79,0,4,4,83
07/28/2011,HXD,SC,ASO,ES,Federal Contract Tower,0,24,37,0,61,0,0,53,0,53,0,24,90,0,114,30,0,30,144
07/29/2011,HXD,SC,ASO,ES,Federal Contract Tower,0,25,39,1,65,0,0,39,2,41,0,25,78,3,106,14,6,20,126
07/30/2011,HXD,SC,ASO,ES,Federal Contract Tower,0,30,50,0,80,0,1,36,0,37,0,31,86,0,117,6,0,6,123
07/31/2011,HXD,SC,ASO,ES,Federal Contract Tower,0,24,31,0,55,0,0,42,0,42,0,24,73,0,97,8,0,8,105
08/01/2011,HXD,SC,ASO,ES,Federal Contract Tower,0,18,27,0,45,0,0,17,6,23,0,18,44,6,68,8,0,8,76
08/02/2011,HXD,SC,ASO,ES,Federal Contract Tower,0,24,30,0,54,0,0,41,0,41,0,24,71,0,95,12,0,12,107
08/03/2011,HXD,SC,ASO,ES,Federal Contract Tower,0,18,35,0,53,0,0,49,0,49,0,18,84,0,102,6,0,6,108
08/04/2011,HXD,SC,ASO,ES,Federal Contract Tower,0,26,23,0,49,0,0,27,0,27,0,26,50,0,76,6,0,6,82
08/05/2011,HXD,SC,ASO,ES,Federal Contract Tower,0,14,28,0,42,0,0,37,1,38,0,14,65,1,80,8,0,8,88
08/06/2011,HXD,SC,ASO,ES,Federal Contract Tower,0,25,44,0,69,0,1,26,0,27,0,26,70,0,96,20,0,20,116
08/07/2011,HXD,SC,ASO,ES,Federal Contract Tower,0,21,39,0,60,0,1,43,0,44,0,22,82,0,104,16,0,16,120
08/08/2011,HXD,SC,ASO,ES,Federal Contract Tower,0,25,22,1,48,0,0,39,2,41,0,25,61,3,89,20,6,26,115
08/09/2011,HXD,SC,ASO,ES,Federal Contract Tower,0,17,14,0,31,0,0,31,0,31,0,17,45,0,62,10,0,10,72
08/10/2011,HXD,SC,ASO,ES,Federal Contract Tower,0,14,41,0,55,0,0,27,0,27,0,14,68,0,82,10,0,10,92
08/11/2011,HXD,SC,ASO,ES,Federal Contract Tower,0,18,27,0,45,0,0,28,0,28,0,18,55,0,73,16,0,16,89
08/12/2011,HXD,SC,ASO,ES,Federal Contract Tower,0,19,46,0,65,0,0,40,0,40,0,19,86,0,105,11,0,11,116
08/13/2011,HXD,SC,ASO,ES,Federal Contract Tower,0,24,24,0,48,0,0,32,0,32,0,24,56,0,80,4,0,4,84
08/14/2011,HXD,SC,ASO,ES,Federal Contract Tower,0,23,38,0,61,0,0,27,0,27,0,23,65,0,88,0,0,0,88
08/15/2011,HXD,SC,ASO,ES,Federal Contract Tower,0,16,46,2,64,0,0,39,0,39,0,16,85,2,103,12,4,16,119
08/16/2011,HXD,SC,ASO,ES,Federal Contract Tower,0,15,37,0,52,0,0,46,0,46,0,15,83,0,98,12,0,12,110
08/17/2011,HXD,SC,ASO,ES,Federal Contract Tower,0,20,22,0,42,0,0,40,3,43,0,20,62,3,85,4,0,4,89
08/18/2011,HXD,SC,ASO,ES,Federal Contract Tower,0,16,36,6,58,0,0,45,3,48,0,16,81,9,106,5,6,11,117
08/19/2011,HXD,SC,ASO,ES,Federal Contract Tower,0,24,42,0,66,0,0,55,0,55,0,24,97,0,121,4,0,4,125
08/20/2011,HXD,SC,ASO,ES,Federal Contract Tower,0,20,29,0,49,0,0,28,0,28,0,20,57,0,77,5,0,5,82
08/21/2011,HXD,SC,ASO,ES,Federal Contract Tower,0,18,31,0,49,0,0,32,0,32,0,18,63,0,81,10,0,10,91
08/22/2011,HXD,SC,ASO,ES,Federal Contract Tower,0,19,31,0,50,0,0,31,0,31,0,19,62,0,81,4,0,4,85
08/23/2011,HXD,SC,ASO,ES,Federal Contract Tower,0,18,29,1,48,0,0,39,3,42,0,18,68,4,90,14,4,18,108
08/24/2011,HXD,SC,ASO,ES,Federal Contract Tower,0,28,32,0,60,0,1,30,4,35,0,29,62,4,95,8,0,8,103
08/25/2011,HXD,SC,ASO,ES,Federal Contract Tower,0,18,18,0,36,0,0,29,4,33,0,18,47,4,69,0,0,0,69
08/26/2011,HXD,SC,ASO,ES,Federal Contract Tower,0,5,22,0,27,0,0,0,0,0,0,5,22,0,27,0,0,0,27
08/27/2011,HXD,SC,ASO,ES,Federal Contract Tower,0,16,13,0,29,0,1,25,0,26,0,17,38,0,55,0,4,4,59
08/28/2011,HXD,SC,ASO,ES,Federal Contract Tower,0,16,35,0,51,0,0,48,0,48,0,16,83,0,99,2,0,2,101
08/29/2011,HXD,SC,ASO,ES,Federal Contract Tower,0,16,43,2,61,0,0,42,0,42,0,16,85,2,103,2,2,4,107
08/30/2011,HXD,SC,ASO,ES,Federal Contract Tower,0,19,31,0,50,0,0,4,1,5,0,19,35,1,55,0,0,0,55
08/31/2011,HXD,SC,ASO,ES,Federal Contract Tower,0,27,12,1,40,0,0,11,0,11,0,27,23,1,51,0,0,0,51
09/01/2011,HXD,SC,ASO,ES,Federal Contract Tower,0,22,31,2,55,0,0,28,2,30,0,22,59,4,85,6,0,6,91
09/02/2011,HXD,SC,ASO,ES,Federal Contract Tower,0,28,48,0,76,0,0,38,0,38,0,28,86,0,114,2,0,2,116
09/03/2011,HXD,SC,ASO,ES,Federal Contract Tower,0,15,30,0,45,0,1,34,0,35,0,16,64,0,80,0,0,0,80
09/04/2011,HXD,SC,ASO,ES,Federal Contract Tower,0,17,22,0,39,0,0,29,0,29,0,17,51,0,68,4,0,4,72
09/05/2011,HXD,SC,ASO,ES,Federal Contract Tower,0,23,42,0,65,0,0,16,0,16,0,23,58,0,81,0,0,0,81
09/06/2011,HXD,SC,ASO,ES,Federal Contract Tower,0,23,22,0,45,0,0,13,4,17,0,23,35,4,62,8,14,22,84
09/07/2011,HXD,SC,ASO,ES,Federal Contract Tower,0,18,31,0,49,0,1,26,0,27,0,19,57,0,76,0,0,0,76
09/08/2011,HXD,SC,ASO,ES,Federal Contract Tower,0,18,33,0,51,0,1,32,2,35,0,19,65,2,86,2,6,8,94
09/09/2011,HXD,SC,ASO,ES,Federal Contract Tower,0,23,13,0,36,0,0,36,0,36,0,23,49,0,72,12,0,12,84
09/10/2011,HXD,SC,ASO,ES,Federal Contract Tower,0,20,20,0,40,0,1,51,0,52,0,21,71,0,92,6,0,6,98
09/11/2011,HXD,SC,ASO,ES,Federal Contract Tower,0,19,46,0,65,0,0,41,0,41,0,19,87,0,106,10,22,32,138
09/12/2011,HXD,SC,ASO,ES,Federal Contract Tower,0,14,26,4,44,0,0,41,2,43,0,14,67,6,87,0,10,10,97
09/13/2011,HXD,SC,ASO,ES,Federal Contract Tower,0,17,45,4,66,0,0,50,0,50,0,17,95,4,116,0,6,6,122
09/14/2011,HXD,SC,ASO,ES,Federal Contract Tower,0,24,31,0,55,0,1,40,2,43,0,25,71,2,98,0,8,8,106
09/15/2011,HXD,SC,ASO,ES,Federal Contract Tower,0,18,48,0,66,0,0,55,2,57,0,18,103,2,123,3,0,3,126
09/16/2011,HXD,SC,ASO,ES,Federal Contract Tower,0,20,26,0,46,0,0,4,0,4,0,20,30,0,50,0,8,8,58
09/17/2011,HXD,SC,ASO,ES,Federal Contract Tower,0,17,24,0,41,0,0,4,0,4,0,17,28,0,45,2,0,2,47
09/18/2011,HXD,SC,ASO,ES,Federal Contract Tower,0,17,34,0,51,0,0,5,0,5,0,17,39,0,56,2,0,2,58
09/19/2011,HXD,SC,ASO,ES,Federal Contract Tower,0,14,23,0,37,0,0,9,2,11,0,14,32,2,48,0,8,8,56
09/20/2011,HXD,SC,ASO,ES,Federal Contract Tower,0,19,20,0,39,0,0,1,0,1,0,19,21,0,40,2,0,2,42
09/21/2011,HXD,SC,ASO,ES,Federal Contract Tower,0,16,18,0,34,0,0,14,1,15,0,16,32,1,49,4,0,4,53
09/22/2011,HXD,SC,ASO,ES,Federal Contract Tower,0,19,32,1,52,0,0,12,1,13,0,19,44,2,65,0,0,0,65
09/23/2011,HXD,SC,ASO,ES,Federal Contract Tower,0,18,27,0,45,0,1,17,0,18,0,19,44,0,63,0,0,0,63
09/24/2011,HXD,SC,ASO,ES,Federal Contract Tower,0,16,21,0,37,0,1,27,0,28,0,17,48,0,65,4,0,4,69
09/25/2011,HXD,SC,ASO,ES,Federal Contract Tower,0,19,33,0,52,0,0,15,0,15,0,19,48,0,67,0,0,0,67
09/26/2011,HXD,SC,ASO,ES,Federal Contract Tower,0,20,22,0,42,0,0,8,0,8,0,20,30,0,50,2,0,2,52
09/27/2011,HXD,SC,ASO,ES,Federal Contract Tower,0,14,15,0,29,0,0,26,0,26,0,14,41,0,55,6,0,6,61
09/28/2011,HXD,SC,ASO,ES,Federal Contract Tower,0,24,32,2,58,0,0,49,0,49,0,24,81,2,107,26,6,32,139
09/29/2011,HXD,SC,ASO,ES,Federal Contract Tower,0,18,48,0,66,0,0,29,2,31,0,18,77,2,97,0,10,10,107
09/30/2011,HXD,SC,ASO,ES,Federal Contract Tower,0,23,44,0,67,0,0,53,0,53,0,23,97,0,120,0,0,0,120
10/01/2011,HXD,SC,ASO,ES,Federal Contract Tower,0,22,13,0,35,0,1,26,0,27,0,23,39,0,62,0,0,0,62
10/02/2011,HXD,SC,ASO,ES,Federal Contract Tower,0,20,41,0,61,0,0,54,0,54,0,20,95,0,115,4,0,4,119
10/03/2011,HXD,SC,ASO,ES,Federal Contract Tower,0,19,26,0,45,0,0,29,0,29,0,19,55,0,74,0,0,0,74
10/04/2011,HXD,SC,ASO,ES,Federal Contract Tower,0,19,32,0,51,0,0,26,2,28,0,19,58,2,79,0,2,2,81
10/05/2011,HXD,SC,ASO,ES,Federal Contract Tower,0,19,33,0,52,0,0,55,0,55,0,19,88,0,107,10,0,10,117
10/06/2011,HXD,SC,ASO,ES,Federal Contract Tower,0,17,47,0,64,0,0,51,0,51,0,17,98,0,115,0,0,0,115
10/07/2011,HXD,SC,ASO,ES,Federal Contract Tower,0,24,40,0,64,0,1,27,0,28,0,25,67,0,92,0,0,0,92
10/08/2011,HXD,SC,ASO,ES,Federal Contract Tower,0,21,23,0,44,0,1,27,0,28,0,22,50,0,72,4,0,4,76
10/09/2011,HXD,SC,ASO,ES,Federal Contract Tower,0,22,19,0,41,0,0,3,0,3,0,22,22,0,44,0,0,0,44
10/10/2011,HXD,SC,ASO,ES,Federal Contract Tower,0,17,12,0,29,0,0,0,0,0,0,17,12,0,29,0,0,0,29
10/11/2011,HXD,SC,ASO,ES,Federal Contract Tower,0,20,29,0,49,0,0,1,0,1,0,20,30,0,50,0,0,0,50
10/12/2011,HXD,SC,ASO,ES,Federal Contract Tower,0,23,38,0,61,0,0,4,0,4,0,23,42,0,65,2,0,2,67
10/13/2011,HXD,SC,ASO,ES,Federal Contract Tower,0,19,26,0,45,0,0,31,0,31,0,19,57,0,76,10,0,10,86
10/14/2011,HXD,SC,ASO,ES,Federal Contract Tower,0,19,44,0,63,0,0,30,0,30,0,19,74,0,93,0,0,0,93
10/15/2011,HXD,SC,ASO,ES,Federal Contract Tower,0,20,21,0,41,0,1,41,0,42,0,21,62,0,83,6,0,6,89
10/16/2011,HXD,SC,ASO,ES,Federal Contract Tower,0,17,40,0,57,0,0,44,2,46,0,17,84,2,103,10,0,10,113
10/17/2011,HXD,SC,ASO,ES,Federal Contract Tower,0,23,47,0,70,0,0,55,0,55,0,23,102,0,125,19,0,19,144
10/18/2011,HXD,SC,ASO,ES,Federal Contract Tower,0,14,28,0,42,0,0,10,0,10,0,14,38,0,52,0,0,0,52
10/19/2011,HXD,SC,ASO,ES,Federal Contract Tower,0,19,36,0,55,0,0,5,2,7,0,19,41,2,62,0,0,0,62
10/20/2011,HXD,SC,ASO,ES,Federal Contract Tower,0,18,49,0,67,0,0,36,0,36,0,18,85,0,103,2,0,2,105
10/21/2011,HXD,SC,ASO,ES,Federal Contract Tower,0,22,35,0,57,0,0,70,0,70,0,22,105,0,127,3,0,3,130
10/22/2011,HXD,SC,ASO,ES,Federal Contract Tower,0,19,27,0,46,0,1,28,0,29,0,20,55,0,75,4,0,4,79
10/23/2011,HXD,SC,ASO,ES,Federal Contract Tower,0,24,53,0,77,0,0,53,0,53,0,24,106,0,130,4,4,8,138
10/24/2011,HXD,SC,ASO,ES,Federal Contract Tower,0,25,33,2,60,0,0,52,0,52,0,25,85,2,112,0,6,6,118
10/25/2011,HXD,SC,ASO,ES,Federal Contract Tower,0,16,42,0,58,0,0,57,0,57,0,16,99,0,115,11,0,11,126
10/26/2011,HXD,SC,ASO,ES,Federal Contract Tower,0,20,15,0,35,0,0,36,10,46,0,20,51,10,81,0,12,12,93
10/27/2011,HXD,SC,ASO,ES,Federal Contract Tower,0,23,39,0,62,0,1,34,0,35,0,24,73,0,97,4,0,4,101
10/28/2011,HXD,SC,ASO,ES,Federal Contract Tower,0,19,34,0,53,0,0,37,0,37,0,19,71,0,90,2,0,2,92
10/29/2011,HXD,SC,ASO,ES,Federal Contract Tower,0,24,33,0,57,0,0,15,0,15,0,24,48,0,72,0,0,0,72
10/30/2011,HXD,SC,ASO,ES,Federal Contract Tower,0,24,57,0,81,0,0,42,0,42,0,24,99,0,123,0,0,0,123
10/31/2011,HXD,SC,ASO,ES,Federal Contract Tower,0,18,34,0,52,0,0,9,4,13,0,18,43,4,65,0,20,20,85
11/01/2011,HXD,SC,ASO,ES,Federal Contract Tower,0,18,32,2,52,0,0,29,6,35,0,18,61,8,87,4,20,24,111
11/02/2011,HXD,SC,ASO,ES,Federal Contract Tower,0,20,22,0,42,0,0,33,3,36,0,20,55,3,78,10,8,18,96
11/03/2011,HXD,SC,ASO,ES,Federal Contract Tower,0,27,36,0,63,0,0,29,0,29,0,27,65,0,92,10,0,10,102
11/04/2011,HXD,SC,ASO,ES,Federal Contract Tower,0,33,25,0,58,0,0,6,6,12,0,33,31,6,70,2,0,2,72
11/05/2011,HXD,SC,ASO,ES,Federal Contract Tower,0,28,24,0,52,0,1,25,0,26,0,29,49,0,78,6,0,6,84
11/06/2011,HXD,SC,ASO,ES,Federal Contract Tower,0,26,45,0,71,0,0,27,2,29,0,26,72,2,100,0,6,6,106
11/07/2011,HXD,SC,ASO,ES,Federal Contract Tower,0,17,29,0,46,0,0,44,0,44,0,17,73,0,90,0,10,10,100
11/08/2011,HXD,SC,ASO,ES,Federal Contract Tower,0,30,27,0,57,0,0,29,0,29,0,30,56,0,86,10,0,10,96
11/09/2011,HXD,SC,ASO,ES,Federal Contract Tower,0,23,23,0,46,0,0,25,0,25,0,23,48,0,71,4,0,4,75
11/10/2011,HXD,SC,ASO,ES,Federal Contract Tower,0,23,27,0,50,0,0,46,0,46,0,23,73,0,96,16,0,16,112
11/11/2011,HXD,SC,ASO,ES,Federal Contract Tower,0,17,29,0,46,0,0,29,0,29,0,17,58,0,75,0,0,0,75
11/12/2011,HXD,SC,ASO,ES,Federal Contract Tower,0,20,17,0,37,0,1,24,0,25,0,21,41,0,62,6,0,6,68
11/13/2011,HXD,SC,ASO,ES,Federal Contract Tower,0,20,29,2,51,0,0,38,0,38,0,20,67,2,89,0,2,2,91
11/14/2011,HXD,SC,ASO,ES,Federal Contract Tower,0,20,18,0,38,0,0,14,0,14,0,20,32,0,52,2,0,2,54
11/15/2011,HXD,SC,ASO,ES,Federal Contract Tower,0,10,22,0,32,0,0,8,0,8,0,10,30,0,40,0,0,0,40
11/16/2011,HXD,SC,ASO,ES,Federal Contract Tower,0,20,26,0,46,0,0,23,3,26,0,20,49,3,72,4,6,10,82
11/17/2011,HXD,SC,ASO,ES,Federal Contract Tower,0,21,32,1,54,0,0,36,0,36,0,21,68,1,90,8,1,9,99
11/18/2011,HXD,SC,ASO,ES,Federal Contract Tower,0,20,42,0,62,0,0,21,0,21,0,20,63,0,83,2,0,2,85
11/19/2011,HXD,SC,ASO,ES,Federal Contract Tower,0,21,14,0,35,0,1,29,0,30,0,22,43,0,65,0,0,0,65
11/20/2011,HXD,SC,ASO,ES,Federal Contract Tower,0,14,36,0,50,0,1,37,2,40,0,15,73,2,90,8,4,12,102
11/21/2011,HXD,SC,ASO,ES,Federal Contract Tower,0,19,39,0,58,0,0,21,5,26,0,19,60,5,84,0,0,0,84
11/22/2011,HXD,SC,ASO,ES,Federal Contract Tower,0,34,36,0,70,0,0,20,5,25,0,34,56,5,95,0,10,10,105
11/23/2011,HXD,SC,ASO,ES,Federal Contract Tower,0,27,38,0,65,0,0,18,0,18,0,27,56,0,83,6,0,6,89
11/24/2011,HXD,SC,ASO,ES,Federal Contract Tower,0,14,15,0,29,0,0,29,0,29,0,14,44,0,58,0,0,0,58
11/25/2011,HXD,SC,ASO,ES,Federal Contract Tower,0,18,17,2,37,0,0,36,0,36,0,18,53,2,73,10,0,10,83
11/26/2011,HXD,SC,ASO,ES,Federal Contract Tower,0,21,21,1,43,0,1,27,0,28,0,22,48,1,71,4,0,4,75
11/27/2011,HXD,SC,ASO,ES,Federal Contract Tower,0,27,50,0,77,0,0,7,0,7,0,27,57,0,84,0,0,0,84
11/28/2011,HXD,SC,ASO,ES,Federal Contract Tower,0,27,13,0,40,0,0,0,0,0,0,27,13,0,40,2,0,2,42
11/29/2011,HXD,SC,ASO,ES,Federal Contract Tower,0,23,15,0,38,0,0,17,0,17,0,23,32,0,55,0,0,0,55
11/30/2011,HXD,SC,ASO,ES,Federal Contract Tower,0,20,20,3,43,0,0,24,5,29,0,20,44,8,72,6,24,30,102
12/01/2011,HXD,SC,ASO,ES,Federal Contract Tower,0,22,35,6,63,0,0,46,0,46,0,22,81,6,109,8,4,12,121
12/02/2011,HXD,SC,ASO,ES,Federal Contract Tower,0,15,18,0,33,0,0,24,4,28,0,15,42,4,61,2,10,12,73
12/03/2011,HXD,SC,ASO,ES,Federal Contract Tower,0,18,17,2,37,0,0,38,3,41,0,18,55,5,78,8,0,8,86
12/04/2011,HXD,SC,ASO,ES,Federal Contract Tower,0,19,33,0,52,0,0,8,1,9,0,19,41,1,61,0,0,0,61
12/05/2011,HXD,SC,ASO,ES,Federal Contract Tower,0,19,8,0,27,0,0,14,0,14,0,19,22,0,41,0,0,0,41
12/06/2011,HXD,SC,ASO,ES,Federal Contract Tower,0,16,18,1,35,0,0,17,0,17,0,16,35,1,52,0,0,0,52
12/07/2011,HXD,SC,ASO,ES,Federal Contract Tower,0,17,27,0,44,0,0,11,0,11,0,17,38,0,55,0,0,0,55
12/08/2011,HXD,SC,ASO,ES,Federal Contract Tower,0,19,25,0,44,0,0,34,0,34,0,19,59,0,78,14,0,14,92
12/09/2011,HXD,SC,ASO,ES,Federal Contract Tower,0,24,25,0,49,0,0,28,0,28,0,24,53,0,77,0,0,0,77
12/10/2011,HXD,SC,ASO,ES,Federal Contract Tower,0,16,12,2,30,0,0,16,0,16,0,16,28,2,46,0,0,0,46
12/11/2011,HXD,SC,ASO,ES,Federal Contract Tower,0,24,16,0,40,0,0,10,2,12,0,24,26,2,52,0,6,6,58
12/12/2011,HXD,SC,ASO,ES,Federal Contract Tower,0,17,9,1,27,0,0,1,2,3,0,17,10,3,30,0,0,0,30
12/13/2011,HXD,SC,ASO,ES,Federal Contract Tower,0,19,16,1,36,0,0,35,1,36,0,19,51,2,72,8,0,8,80
12/14/2011,HXD,SC,ASO,ES,Federal Contract Tower,0,17,30,0,47,0,0,35,2,37,0,17,65,2,84,4,6,10,94
12/15/2011,HXD,SC,ASO,ES,Federal Contract Tower,0,22,31,0,53,0,0,31,2,33,0,22,62,2,86,0,12,12,98
12/16/2011,HXD,SC,ASO,ES,Federal Contract Tower,0,16,19,0,35,0,0,43,0,43,0,16,62,0,78,4,0,4,82
12/17/2011,HXD,SC,ASO,ES,Federal Contract Tower,0,23,20,0,43,0,0,18,0,18,0,23,38,0,61,0,0,0,61
12/18/2011,HXD,SC,ASO,ES,Federal Contract Tower,0,14,19,0,33,0,0,25,0,25,0,14,44,0,58,0,0,0,58
12/19/2011,HXD,SC,ASO,ES,Federal Contract Tower,0,26,15,0,41,0,0,34,2,36,0,26,49,2,77,14,2,16,93
12/20/2011,HXD,SC,ASO,ES,Federal Contract Tower,0,21,21,0,42,0,0,45,0,45,0,21,66,0,87,6,2,8,95
12/21/2011,HXD,SC,ASO,ES,Federal Contract Tower,0,21,24,0,45,0,0,34,0,34,0,21,58,0,79,0,0,0,79
12/22/2011,HXD,SC,ASO,ES,Federal Contract Tower,0,25,34,0,59,0,0,27,0,27,0,25,61,0,86,4,0,4,90
12/23/2011,HXD,SC,ASO,ES,Federal Contract Tower,0,20,23,0,43,0,0,2,0,2,0,20,25,0,45,0,0,0,45
12/24/2011,HXD,SC,ASO,ES,Federal Contract Tower,0,24,34,0,58,0,0,32,0,32,0,24,66,0,90,12,0,12,102
12/25/2011,HXD,SC,ASO,ES,Federal Contract Tower,0,19,8,0,27,0,0,0,0,0,0,19,8,0,27,0,0,0,27
12/26/2011,HXD,SC,ASO,ES,Federal Contract Tower,0,29,45,0,74,0,0,46,0,46,0,29,91,0,120,6,0,6,126
12/27/2011,HXD,SC,ASO,ES,Federal Contract Tower,0,24,30,0,54,0,0,5,0,5,0,24,35,0,59,0,0,0,59
12/28/2011,HXD,SC,ASO,ES,Federal Contract Tower,0,24,27,0,51,0,0,33,0,33,0,24,60,0,84,8,0,8,92
12/29/2011,HXD,SC,ASO,ES,Federal Contract Tower,0,19,28,0,47,0,0,48,0,48,0,19,76,0,95,0,0,0,95
12/30/2011,HXD,SC,ASO,ES,Federal Contract Tower,0,20,45,0,65,0,0,25,0,25,0,20,70,0,90,0,0,0,90
12/31/2011,HXD,SC,ASO,ES,Federal Contract Tower,0,20,23,0,43,0,0,42,0,42,0,20,65,0,85,0,0,0,85
01/01/2012,HXD,SC,ASO,ES,Federal Contract Tower,0,21,29,4,54,0,0,45,0,45,0,21,74,4,99,0,6,6,105
01/02/2012,HXD,SC,ASO,ES,Federal Contract Tower,0,31,47,0,78,0,0,30,0,30,0,31,77,0,108,4,0,4,112
01/03/2012,HXD,SC,ASO,ES,Federal Contract Tower,0,27,30,0,57,0,0,23,2,25,0,27,53,2,82,0,16,16,98
01/04/2012,HXD,SC,ASO,ES,Federal Contract Tower,0,17,23,0,40,0,0,48,4,52,0,17,71,4,92,10,6,16,108
01/05/2012,HXD,SC,ASO,ES,Federal Contract Tower,0,19,16,0,35,0,0,29,2,31,0,19,45,2,66,16,8,24,90
01/06/2012,HXD,SC,ASO,ES,Federal Contract Tower,0,25,30,0,55,0,0,34,2,36,0,25,64,2,91,12,0,12,103
01/07/2012,HXD,SC,ASO,ES,Federal Contract Tower,0,18,7,0,25,0,1,51,6,58,0,19,58,6,83,18,10,28,111
01/08/2012,HXD,SC,ASO,ES,Federal Contract Tower,0,15,23,0,38,0,0,56,0,56,0,15,79,0,94,15,0,15,109
01/09/2012,HXD,SC,ASO,ES,Federal Contract Tower,0,14,15,0,29,0,0,31,0,31,0,14,46,0,60,8,8,16,76
01/10/2012,HXD,SC,ASO,ES,Federal Contract Tower,0,16,39,0,55,0,0,33,0,33,0,16,72,0,88,2,0,2,90
01/11/2012,HXD,SC,ASO,ES,Federal Contract Tower,0,21,12,0,33,0,0,11,2,13,0,21,23,2,46,0,6,6,52
01/12/2012,HXD,SC,ASO,ES,Federal Contract Tower,0,17,17,0,34,0,0,36,2,38,0,17,53,2,72,10,6,16,88
01/13/2012,HXD,SC,ASO,ES,Federal Contract Tower,0,18,30,0,48,0,0,38,4,42,0,18,68,4,90,12,0,12,102
01/14/2012,HXD,SC,ASO,ES,Federal Contract Tower,0,15,26,0,41,0,1,18,2,21,0,16,44,2,62,0,0,0,62
01/15/2012,HXD,SC,ASO,ES,Federal Contract Tower,0,17,18,0,35,0,0,30,0,30,0,17,48,0,65,8,0,8,73
01/16/2012,HXD,SC,ASO,ES,Federal Contract Tower,0,15,20,0,35,0,0,42,0,42,0,15,62,0,77,2,2,4,81
01/17/2012,HXD,SC,ASO,ES,Federal Contract Tower,0,13,11,0,24,0,0,21,0,21,0,13,32,0,45,6,0,6,51
01/18/2012,HXD,SC,ASO,ES,Federal Contract Tower,0,17,32,0,49,0,0,14,3,17,0,17,46,3,66,0,0,0,66
01/19/2012,HXD,SC,ASO,ES,Federal Contract Tower,0,19,29,0,48,0,0,36,2,38,0,19,65,2,86,18,6,24,110
01/20/2012,HXD,SC,ASO,ES,Federal Contract Tower,0,20,27,0,47,0,0,44,0,44,0,20,71,0,91,8,0,8,99
01/21/2012,HXD,SC,ASO,ES,Federal Contract Tower,0,11,13,2,26,0,1,11,0,12,0,12,24,2,38,0,20,20,58
01/22/2012,HXD,SC,ASO,ES,Federal Contract Tower,0,16,9,1,26,0,0,0,0,0,0,16,9,1,26,0,0,0,26
01/23/2012,HXD,SC,ASO,ES,Federal Contract Tower,0,9,11,1,21,0,0,2,1,3,0,9,13,2,24,0,0,0,24
01/24/2012,HXD,SC,ASO,ES,Federal Contract Tower,0,15,21,5,41,0,0,6,0,6,0,15,27,5,47,0,1,1,48
01/25/2012,HXD,SC,ASO,ES,Federal Contract Tower,0,19,29,0,48,0,0,23,0,23,0,19,52,0,71,0,0,0,71
01/26/2012,HXD,SC,ASO,ES,Federal Contract Tower,0,19,42,4,65,0,0,18,0,18,0,19,60,4,83,0,8,8,91
01/27/2012,HXD,SC,ASO,ES,Federal Contract Tower,0,20,36,0,56,0,0,0,0,0,0,20,36,0,56,2,0,2,58
01/28/2012,HXD,SC,ASO,ES,Federal Contract Tower,0,17,11,0,28,0,0,41,2,43,0,17,52,2,71,6,0,6,77
01/29/2012,HXD,SC,ASO,ES,Federal Contract Tower,0,18,27,0,45,0,1,33,0,34,0,19,60,0,79,0,0,0,79
01/30/2012,HXD,SC,ASO,ES,Federal Contract Tower,0,13,16,0,29,0,0,26,3,29,0,13,42,3,58,0,4,4,62
01/31/2012,HXD,SC,ASO,ES,Federal Contract Tower,0,20,24,1,45,0,0,21,1,22,0,20,45,2,67,3,4,7,74
02/01/2012,HXD,SC,ASO,ES,Federal Contract Tower,0,22,18,0,40,0,0,47,4,51,0,22,65,4,91,6,8,14,105
02/02/2012,HXD,SC,ASO,ES,Federal Contract Tower,0,17,33,0,50,0,0,31,0,31,0,17,64,0,81,0,0,0,81
02/03/2012,HXD,SC,ASO,ES,Federal Contract Tower,0,19,38,0,57,0,0,47,1,48,0,19,85,1,105,0,0,0,105
02/04/2012,HXD,SC,ASO,ES,Federal Contract Tower,0,21,12,0,33,0,1,37,2,40,0,22,49,2,73,4,20,24,97
02/05/2012,HXD,SC,ASO,ES,Federal Contract Tower,0,21,14,0,35,0,0,17,0,17,0,21,31,0,52,2,0,2,54
02/06/2012,HXD,SC,ASO,ES,Federal Contract Tower,0,14,23,0,37,0,0,2,0,2,0,14,25,0,39,8,0,8,47
02/07/2012,HXD,SC,ASO,ES,Federal Contract Tower,0,19,23,2,44,0,0,8,4,12,0,19,31,6,56,12,16,28,84
02/08/2012,HXD,SC,ASO,ES,Federal Contract Tower,0,16,29,0,45,0,0,37,0,37,0,16,66,0,82,26,0,26,108
02/09/2012,HXD,SC,ASO,ES,Federal Contract Tower,0,24,36,0,60,0,0,33,0,33,0,24,69,0,93,0,0,0,93
02/10/2012,HXD,SC,ASO,ES,Federal Contract Tower,0,28,35,2,65,0,0,21,0,21,0,28,56,2,86,6,10,16,102
02/11/2012,HXD,SC,ASO,ES,Federal Contract Tower,0,14,12,2,28,0,1,24,4,29,0,15,36,6,57,0,20,20,77
02/12/2012,HXD,SC,ASO,ES,Federal Contract Tower,0,16,32,0,48,0,0,22,2,24,0,16,54,2,72,6,4,10,82
02/13/2012,HXD,SC,ASO,ES,Federal Contract Tower,0,20,22,0,42,0,0,29,5,34,0,20,51,5,76,8,2,10,86
02/14/2012,HXD,SC,ASO,ES,Federal Contract Tower,0,26,13,0,39,0,0,24,4,28,0,26,37,4,67,0,0,0,67
02/15/2012,HXD,SC,ASO,ES,Federal Contract Tower,0,23,34,0,57,0,0,18,4,22,0,23,52,4,79,10,16,26,105
02/16/2012,HXD,SC,ASO,ES,Federal Contract Tower,0,14,38,0,52,0,0,12,6,18,0,14,50,6,70,0,0,0,70
02/17/2012,HXD,SC,ASO,ES,Federal Contract Tower,0,21,31,0,52,0,0,28,1,29,0,21,59,1,81,8,0,8,89
02/18/2012,HXD,SC,ASO,ES,Federal Contract Tower,0,20,25,0,45,0,0,33,0,33,0,20,58,0,78,14,0,14,92
02/19/2012,HXD,SC,ASO,ES,Federal Contract Tower,0,15,15,0,30,0,0,0,0,0,0,15,15,0,30,0,0,0,30
02/20/2012,HXD,SC,ASO,ES,Federal Contract Tower,0,26,29,0,55,0,0,40,2,42,0,26,69,2,97,0,0,0,97
02/21/2012,HXD,SC,ASO,ES,Federal Contract Tower,0,23,27,0,50,0,0,37,3,40,0,23,64,3,90,0,2,2,92
02/22/2012,HXD,SC,ASO,ES,Federal Contract Tower,0,19,34,0,53,0,0,38,4,42,0,19,72,4,95,26,40,66,161
02/23/2012,HXD,SC,ASO,ES,Federal Contract Tower,0,18,30,0,48,0,0,42,2,44,0,18,72,2,92,0,6,6,98
02/24/2012,HXD,SC,ASO,ES,Federal Contract Tower,0,20,28,0,48,0,0,16,0,16,0,20,44,0,64,6,0,6,70
02/25/2012,HXD,SC,ASO,ES,Federal Contract Tower,0,24,32,0,56,0,1,37,6,44,0,25,69,6,100,2,6,8,108
02/26/2012,HXD,SC,ASO,ES,Federal Contract Tower,0,14,22,0,36,0,0,40,6,46,0,14,62,6,82,22,8,30,112
02/27/2012,HXD,SC,ASO,ES,Federal Contract Tower,0,29,13,0,42,0,0,0,0,0,0,29,13,0,42,6,0,6,48
02/28/2012,HXD,SC,ASO,ES,Federal Contract Tower,0,19,35,0,54,0,0,30,2,32,0,19,65,2,86,6,0,6,92
02/29/2012,HXD,SC,ASO,ES,Federal Contract Tower,0,19,36,0,55,0,0,29,0,29,0,19,65,0,84,2,0,2,86
03/01/2012,HXD,SC,ASO,ES,Federal Contract Tower,0,19,37,1,57,0,0,4,5,9,0,19,41,6,66,0,16,16,82
03/02/2012,HXD,SC,ASO,ES,Federal Contract Tower,0,20,33,0,53,0,0,33,0,33,0,20,66,0,86,4,0,4,90
03/03/2012,HXD,SC,ASO,ES,Federal Contract Tower,0,17,18,0,35,0,0,4,0,4,0,17,22,0,39,0,0,0,39
03/04/2012,HXD,SC,ASO,ES,Federal Contract Tower,0,17,28,0,45,0,0,14,0,14,0,17,42,0,59,0,0,0,59
03/05/2012,HXD,SC,ASO,ES,Federal Contract Tower,0,16,29,0,45,0,0,19,2,21,0,16,48,2,66,0,0,0,66
03/06/2012,HXD,SC,ASO,ES,Federal Contract Tower,0,21,18,0,39,0,0,39,0,39,0,21,57,0,78,6,4,10,88
03/07/2012,HXD,SC,ASO,ES,Federal Contract Tower,0,22,45,0,67,0,0,48,0,48,0,22,93,0,115,40,0,40,155
03/08/2012,HXD,SC,ASO,ES,Federal Contract Tower,0,20,37,0,57,0,0,40,0,40,0,20,77,0,97,6,0,6,103
03/09/2012,HXD,SC,ASO,ES,Federal Contract Tower,0,22,31,0,53,0,0,14,0,14,0,22,45,0,67,0,2,2,69
03/10/2012,HXD,SC,ASO,ES,Federal Contract Tower,0,22,22,0,44,0,0,44,2,46,0,22,66,2,90,8,4,12,102
03/11/2012,HXD,SC,ASO,ES,Federal Contract Tower,0,23,41,0,64,0,0,24,4,28,0,23,65,4,92,2,14,16,108
03/12/2012,HXD,SC,ASO,ES,Federal Contract Tower,0,25,36,0,61,0,0,36,0,36,0,25,72,0,97,8,10,18,115
03/13/2012,HXD,SC,ASO,ES,Federal Contract Tower,0,28,37,4,69,0,0,23,0,23,0,28,60,4,92,14,4,18,110
03/14/2012,HXD,SC,ASO,ES,Federal Contract Tower,0,20,42,4,66,0,0,40,0,40,0,20,82,4,106,20,2,22,128
03/15/2012,HXD,SC,ASO,ES,Federal Contract Tower,0,27,28,0,55,0,0,42,0,42,0,27,70,0,97,20,0,20,117
03/16/2012,HXD,SC,ASO,ES,Federal Contract Tower,0,20,29,0,49,0,0,30,0,30,0,20,59,0,79,12,0,12,91
03/17/2012,HXD,SC,ASO,ES,Federal Contract Tower,0,24,32,0,56,0,1,51,0,52,0,25,83,0,108,18,0,18,126
03/18/2012,HXD,SC,ASO,ES,Federal Contract Tower,0,22,47,0,69,0,0,50,0,50,0,22,97,0,119,4,0,4,123
03/19/2012,HXD,SC,ASO,ES,Federal Contract Tower,0,20,28,0,48,0,1,34,0,35,0,21,62,0,83,18,0,18,101
03/20/2012,HXD,SC,ASO,ES,Federal Contract Tower,0,20,36,0,56,0,1,46,0,47,0,21,82,0,103,12,0,12,115
03/21/2012,HXD,SC,ASO,ES,Federal Contract Tower,0,20,32,0,52,0,0,39,0,39,0,20,71,0,91,0,0,0,91
03/22/2012,HXD,SC,ASO,ES,Federal Contract Tower,0,31,22,2,55,0,0,29,2,31,0,31,51,4,86,16,0,16,102
03/23/2012,HXD,SC,ASO,ES,Federal Contract Tower,0,25,27,0,52,0,0,39,0,39,0,25,66,0,91,0,0,0,91
03/24/2012,HXD,SC,ASO,ES,Federal Contract Tower,0,18,18,0,36,0,1,9,2,12,0,19,27,2,48,0,0,0,48
03/25/2012,HXD,SC,ASO,ES,Federal Contract Tower,0,18,29,0,47,0,0,26,0,26,0,18,55,0,73,0,0,0,73
03/26/2012,HXD,SC,ASO,ES,Federal Contract Tower,0,14,21,0,35,0,2,32,0,34,0,16,53,0,69,18,0,18,87
03/27/2012,HXD,SC,ASO,ES,Federal Contract Tower,0,22,31,0,53,0,1,42,0,43,0,23,73,0,96,0,10,10,106
03/28/2012,HXD,SC,ASO,ES,Federal Contract Tower,0,26,26,0,52,0,0,41,0,41,0,26,67,0,93,0,0,0,93
03/29/2012,HXD,SC,ASO,ES,Federal Contract Tower,0,24,40,2,66,0,0,53,0,53,0,24,93,2,119,4,0,4,123
03/30/2012,HXD,SC,ASO,ES,Federal Contract Tower,0,22,54,0,76,0,1,66,0,67,0,23,120,0,143,24,0,24,167
03/31/2012,HXD,SC,ASO,ES,Federal Contract Tower,0,24,50,0,74,0,1,15,2,18,0,25,65,2,92,0,0,0,92
04/01/2012,HXD,SC,ASO,ES,Federal Contract Tower,0,25,45,0,70,0,0,53,0,53,0,25,98,0,123,6,2,8,131
04/02/2012,HXD,SC,ASO,ES,Federal Contract Tower,0,19,28,0,47,0,0,24,0,24,0,19,52,0,71,6,10,16,87
04/03/2012,HXD,SC,ASO,ES,Federal Contract Tower,0,20,44,0,64,0,0,7,0,7,0,20,51,0,71,5,0,5,76
04/04/2012,HXD,SC,ASO,ES,Federal Contract Tower,0,36,25,0,61,0,0,43,2,45,0,36,68,2,106,2,0,2,108
04/05/2012,HXD,SC,ASO,ES,Federal Contract Tower,0,33,49,0,82,0,0,26,1,27,0,33,75,1,109,0,2,2,111
04/06/2012,HXD,SC,ASO,ES,Federal Contract Tower,0,27,69,1,97,0,1,15,0,16,0,28,84,1,113,2,0,2,115
04/07/2012,HXD,SC,ASO,ES,Federal Contract Tower,0,33,48,0,81,0,1,58,0,59,0,34,106,0,140,6,0,6,146
04/08/2012,HXD,SC,ASO,ES,Federal Contract Tower,0,22,59,0,81,0,0,64,0,64,0,22,123,0,145,2,0,2,147
04/09/2012,HXD,SC,ASO,ES,Federal Contract Tower,0,32,69,0,101,0,0,61,4,65,0,32,130,4,166,0,0,0,166
04/10/2012,HXD,SC,ASO,ES,Federal Contract Tower,0,39,34,0,73,0,0,42,2,44,0,39,76,2,117,6,0,6,123
04/11/2012,HXD,SC,ASO,ES,Federal Contract Tower,0,36,63,2,101,0,0,47,1,48,0,36,110,3,149,8,2,10,159
04/12/2012,HXD,SC,ASO,ES,Federal Contract Tower,0,32,45,0,77,0,0,40,1,41,0,32,85,1,118,16,0,16,134
04/13/2012,HXD,SC,ASO,ES,Federal Contract Tower,0,39,84,0,123,0,2,51,0,53,0,41,135,0,176,2,0,2,178
04/14/2012,HXD,SC,ASO,ES,Federal Contract Tower,0,39,46,2,87,0,2,45,4,51,0,41,91,6,138,10,14,24,162
04/15/2012,HXD,SC,ASO,ES,Federal Contract Tower,0,83,109,0,192,0,1,33,1,35,0,84,142,1,227,2,8,10,237
04/16/2012,HXD,SC,ASO,ES,Federal Contract Tower,0,18,37,0,55,0,0,23,0,23,0,18,60,0,78,0,0,0,78
04/17/2012,HXD,SC,ASO,ES,Federal Contract Tower,0,19,19,0,38,0,0,20,0,20,0,19,39,0,58,14,0,14,72
04/18/2012,HXD,SC,ASO,ES,Federal Contract Tower,0,28,40,0,68,0,1,12,0,13,0,29,52,0,81,6,0,6,87
04/19/2012,HXD,SC,ASO,ES,Federal Contract Tower,0,27,35,0,62,0,0,7,0,7,0,27,42,0,69,0,0,0,69
04/20/2012,HXD,SC,ASO,ES,Federal Contract Tower,0,27,40,0,67,0,0,19,0,19,0,27,59,0,86,6,0,6,92
04/21/2012,HXD,SC,ASO,ES,Federal Contract Tower,0,25,34,0,59,0,0,29,0,29,0,25,63,0,88,20,4,24,112
04/22/2012,HXD,SC,ASO,ES,Federal Contract Tower,0,20,37,0,57,0,0,1,0,1,0,20,38,0,58,0,0,0,58
04/23/2012,HXD,SC,ASO,ES,Federal Contract Tower,0,18,27,0,45,0,0,30,0,30,0,18,57,0,75,0,0,0,75
04/24/2012,HXD,SC,ASO,ES,Federal Contract Tower,0,23,21,0,44,0,0,25,0,25,0,23,46,0,69,12,0,12,81
04/25/2012,HXD,SC,ASO,ES,Federal Contract Tower,0,27,25,0,52,0,1,28,4,33,0,28,53,4,85,8,0,8,93
04/26/2012,HXD,SC,ASO,ES,Federal Contract Tower,0,29,33,2,64,0,0,20,0,20,0,29,53,2,84,3,0,3,87
04/27/2012,HXD,SC,ASO,ES,Federal Contract Tower,0,21,44,0,65,0,1,9,0,10,0,22,53,0,75,0,0,0,75
04/28/2012,HXD,SC,ASO,ES,Federal Contract Tower,0,29,25,0,54,0,0,38,2,40,0,29,63,2,94,12,0,12,106
04/29/2012,HXD,SC,ASO,ES,Federal Contract Tower,0,32,32,0,64,0,0,40,0,40,0,32,72,0,104,4,0,4,108
04/30/2012,HXD,SC,ASO,ES,Federal Contract Tower,0,22,20,0,42,0,0,28,0,28,0,22,48,0,70,6,0,6,76
05/01/2012,HXD,SC,ASO,ES,Federal Contract Tower,0,23,27,0,50,0,0,44,0,44,0,23,71,0,94,12,0,12,106
05/02/2012,HXD,SC,ASO,ES,Federal Contract Tower,0,25,40,0,65,0,0,55,1,56,0,25,95,1,121,16,4,20,141
05/03/2012,HXD,SC,ASO,ES,Federal Contract Tower,0,22,53,0,75,0,0,58,0,58,0,22,111,0,133,24,0,24,157
05/04/2012,HXD,SC,ASO,ES,Federal Contract Tower,0,29,51,0,80,0,0,40,2,42,0,29,91,2,122,6,0,6,128
05/05/2012,HXD,SC,ASO,ES,Federal Contract Tower,0,14,22,0,36,0,1,52,0,53,0,15,74,0,89,2,0,2,91
05/06/2012,HXD,SC,ASO,ES,Federal Contract Tower,0,28,48,0,76,0,0,38,0,38,0,28,86,0,114,2,0,2,116
05/07/2012,HXD,SC,ASO,ES,Federal Contract Tower,0,26,20,0,46,0,0,12,0,12,0,26,32,0,58,0,0,0,58
05/08/2012,HXD,SC,ASO,ES,Federal Contract Tower,0,29,24,2,55,0,0,42,0,42,0,29,66,2,97,2,4,6,103
05/09/2012,HXD,SC,ASO,ES,Federal Contract Tower,0,31,30,0,61,0,0,24,0,24,0,31,54,0,85,0,0,0,85
05/10/2012,HXD,SC,ASO,ES,Federal Contract Tower,0,33,53,0,86,0,0,57,0,57,0,33,110,0,143,10,0,10,153
05/11/2012,HXD,SC,ASO,ES,Federal Contract Tower,0,32,36,0,68,0,0,39,0,39,0,32,75,0,107,2,0,2,109
05/12/2012,HXD,SC,ASO,ES,Federal Contract Tower,0,26,25,0,51,0,0,46,0,46,0,26,71,0,97,8,0,8,105
05/13/2012,HXD,SC,ASO,ES,Federal Contract Tower,0,26,47,0,73,0,0,40,0,40,0,26,87,0,113,0,0,0,113
05/14/2012,HXD,SC,ASO,ES,Federal Contract Tower,0,23,39,0,62,0,0,32,0,32,0,23,71,0,94,4,0,4,98
05/15/2012,HXD,SC,ASO,ES,Federal Contract Tower,0,25,34,0,59,0,0,37,0,37,0,25,71,0,96,8,0,8,104
05/16/2012,HXD,SC,ASO,ES,Federal Contract Tower,0,23,37,0,60,0,0,42,0,42,0,23,79,0,102,2,0,2,104
05/17/2012,HXD,SC,ASO,ES,Federal Contract Tower,0,22,34,2,58,0,0,38,0,38,0,22,72,2,96,4,2,6,102
05/18/2012,HXD,SC,ASO,ES,Federal Contract Tower,0,20,45,0,65,0,0,10,0,10,0,20,55,0,75,0,0,0,75
05/19/2012,HXD,SC,ASO,ES,Federal Contract Tower,0,13,21,14,48,0,1,37,2,40,0,14,58,16,88,12,10,22,110
05/20/2012,HXD,SC,ASO,ES,Federal Contract Tower,0,27,43,0,70,0,0,10,0,10,0,27,53,0,80,0,0,0,80
05/21/2012,HXD,SC,ASO,ES,Federal Contract Tower,0,19,24,0,43,0,0,37,0,37,0,19,61,0,80,12,0,12,92
05/22/2012,HXD,SC,ASO,ES,Federal Contract Tower,0,17,23,0,40,0,0,39,1,40,0,17,62,1,80,18,4,22,102
05/23/2012,HXD,SC,ASO,ES,Federal Contract Tower,0,26,50,0,76,0,0,33,1,34,0,26,83,1,110,2,0,2,112
05/24/2012,HXD,SC,ASO,ES,Federal Contract Tower,0,33,51,0,84,0,1,37,0,38,0,34,88,0,122,0,0,0,122
05/25/2012,HXD,SC,ASO,ES,Federal Contract Tower,0,35,77,0,112,0,0,31,0,31,0,35,108,0,143,0,0,0,143
05/26/2012,HXD,SC,ASO,ES,Federal Contract Tower,0,24,31,2,57,0,1,41,1,43,0,25,72,3,100,12,4,16,116
05/27/2012,HXD,SC,ASO,ES,Federal Contract Tower,0,19,27,0,46,0,0,7,0,7,0,19,34,0,53,2,0,2,55
05/28/2012,HXD,SC,ASO,ES,Federal Contract Tower,0,28,63,0,91,0,0,16,0,16,0,28,79,0,107,0,0,0,107
05/29/2012,HXD,SC,ASO,ES,Federal Contract Tower,0,21,22,0,43,0,0,5,0,5,0,21,27,0,48,0,0,0,48
05/30/2012,HXD,SC,ASO,ES,Federal Contract Tower,0,26,30,0,56,0,0,22,1,23,0,26,52,1,79,8,0,8,87
05/31/2012,HXD,SC,ASO,ES,Federal Contract Tower,0,21,33,2,56,0,1,30,0,31,0,22,63,2,87,14,2,16,103
06/01/2012,HXD,SC,ASO,ES,Federal Contract Tower,0,21,36,0,57,0,0,27,1,28,0,21,63,1,85,0,0,0,85
06/02/2012,HXD,SC,ASO,ES,Federal Contract Tower,0,25,44,0,69,0,1,46,0,47,0,26,90,0,116,30,0,30,146
06/03/2012,HXD,SC,ASO,ES,Federal Contract Tower,0,27,41,0,68,0,0,41,0,41,0,27,82,0,109,10,0,10,119
06/04/2012,HXD,SC,ASO,ES,Federal Contract Tower,0,18,28,0,46,0,0,7,1,8,0,18,35,1,54,0,1,1,55
06/05/2012,HXD,SC,ASO,ES,Federal Contract Tower,0,23,30,0,53,0,0,38,0,38,0,23,68,0,91,6,0,6,97
06/06/2012,HXD,SC,ASO,ES,Federal Contract Tower,0,19,30,0,49,0,0,2,0,2,0,19,32,0,51,0,0,0,51
06/07/2012,HXD,SC,ASO,ES,Federal Contract Tower,0,22,47,0,69,0,0,28,1,29,0,22,75,1,98,4,0,4,102
06/08/2012,HXD,SC,ASO,ES,Federal Contract Tower,0,19,31,0,50,0,0,41,2,43,0,19,72,2,93,2,0,2,95
06/09/2012,HXD,SC,ASO,ES,Federal Contract Tower,0,18,30,0,48,0,0,37,0,37,0,18,67,0,85,0,0,0,85
06/10/2012,HXD,SC,ASO,ES,Federal Contract Tower,0,22,49,0,71,0,0,26,0,26,0,22,75,0,97,14,21,35,132
06/11/2012,HXD,SC,ASO,ES,Federal Contract Tower,0,22,25,0,47,0,0,10,0,10,0,22,35,0,57,4,0,4,61
06/12/2012,HXD,SC,ASO,ES,Federal Contract Tower,0,16,21,0,37,0,0,1,0,1,0,16,22,0,38,0,0,0,38
06/13/2012,HXD,SC,ASO,ES,Federal Contract Tower,0,23,38,0,61,0,1,30,0,31,0,24,68,0,92,10,0,10,102
06/14/2012,HXD,SC,ASO,ES,Federal Contract Tower,0,17,33,0,50,0,3,35,0,38,0,20,68,0,88,4,0,4,92
06/15/2012,HXD,SC,ASO,ES,Federal Contract Tower,0,28,37,0,65,0,0,35,0,35,0,28,72,0,100,8,0,8,108
06/16/2012,HXD,SC,ASO,ES,Federal Contract Tower,0,16,41,0,57,0,1,40,2,43,0,17,81,2,100,2,2,4,104
06/17/2012,HXD,SC,ASO,ES,Federal Contract Tower,0,25,38,0,63,0,0,29,0,29,0,25,67,0,92,5,3,8,100
06/18/2012,HXD,SC,ASO,ES,Federal Contract Tower,0,16,25,0,41,0,1,22,2,25,0,17,47,2,66,12,0,12,78
06/19/2012,HXD,SC,ASO,ES,Federal Contract Tower,0,15,26,0,41,0,1,51,2,54,0,16,77,2,95,2,0,2,97
06/20/2012,HXD,SC,ASO,ES,Federal Contract Tower,0,16,44,0,60,0,1,44,2,47,0,17,88,2,107,4,0,4,111
06/21/2012,HXD,SC,ASO,ES,Federal Contract Tower,0,23,44,0,67,0,1,47,0,48,0,24,91,0,115,2,0,2,117
06/22/2012,HXD,SC,ASO,ES,Federal Contract Tower,0,20,44,0,64,0,0,25,0,25,0,20,69,0,89,0,0,0,89
06/23/2012,HXD,SC,ASO,ES,Federal Contract Tower,0,31,35,0,66,0,1,23,0,24,0,32,58,0,90,0,0,0,90
06/24/2012,HXD,SC,ASO,ES,Federal Contract Tower,0,25,37,0,62,0,0,27,0,27,0,25,64,0,89,4,0,4,93
06/25/2012,HXD,SC,ASO,ES,Federal Contract Tower,0,25,18,0,43,0,0,3,0,3,0,25,21,0,46,0,0,0,46
06/26/2012,HXD,SC,ASO,ES,Federal Contract Tower,0,21,12,0,33,0,0,3,0,3,0,21,15,0,36,0,0,0,36
06/27/2012,HXD,SC,ASO,ES,Federal Contract Tower,0,24,36,0,60,0,4,31,1,36,0,28,67,1,96,8,0,8,104
06/28/2012,HXD,SC,ASO,ES,Federal Contract Tower,0,26,53,0,79,0,0,44,4,48,0,26,97,4,127,0,0,0,127
06/29/2012,HXD,SC,ASO,ES,Federal Contract Tower,0,28,28,1,57,0,1,37,1,39,0,29,65,2,96,6,0,6,102
06/30/2012,HXD,SC,ASO,ES,Federal Contract Tower,0,19,30,0,49,0,1,39,2,42,0,20,69,2,91,14,0,14,105
07/01/2012,HXD,SC,ASO,ES,Federal Contract Tower,0,27,21,0,48,0,1,44,0,45,0,28,65,0,93,8,0,8,101
07/02/2012,HXD,SC,ASO,ES,Federal Contract Tower,0,23,23,2,48,0,0,25,0,25,0,23,48,2,73,0,0,0,73
07/03/2012,HXD,SC,ASO,ES,Federal Contract Tower,0,21,41,0,62,0,0,43,0,43,0,21,84,0,105,14,0,14,119
07/04/2012,HXD,SC,ASO,ES,Federal Contract Tower,0,15,13,0,28,0,0,10,2,12,0,15,23,2,40,0,10,10,50
07/05/2012,HXD,SC,ASO,ES,Federal Contract Tower,0,27,27,0,54,0,0,21,0,21,0,27,48,0,75,0,0,0,75
07/06/2012,HXD,SC,ASO,ES,Federal Contract Tower,0,24,40,0,64,0,0,23,0,23,0,24,63,0,87,6,0,6,93
07/07/2012,HXD,SC,ASO,ES,Federal Contract Tower,0,17,24,0,41,0,0,32,2,34,0,17,56,2,75,10,12,22,97
07/08/2012,HXD,SC,ASO,ES,Federal Contract Tower,0,30,38,0,68,0,0,36,0,36,0,30,74,0,104,0,0,0,104
07/09/2012,HXD,SC,ASO,ES,Federal Contract Tower,0,20,21,0,41,0,1,26,0,27,0,21,47,0,68,0,0,0,68
07/10/2012,HXD,SC,ASO,ES,Federal Contract Tower,0,19,21,0,40,0,0,31,0,31,0,19,52,0,71,0,0,0,71
07/11/2012,HXD,SC,ASO,ES,Federal Contract Tower,0,22,21,0,43,0,1,19,0,20,0,23,40,0,63,33,0,33,96
07/12/2012,HXD,SC,ASO,ES,Federal Contract Tower,0,26,24,0,50,0,0,15,0,15,0,26,39,0,65,29,0,29,94
07/13/2012,HXD,SC,ASO,ES,Federal Contract Tower,0,23,33,0,56,0,0,20,0,20,0,23,53,0,76,0,8,8,84
07/14/2012,HXD,SC,ASO,ES,Federal Contract Tower,0,30,39,10,79,0,0,36,0,36,0,30,75,10,115,4,0,4,119
07/15/2012,HXD,SC,ASO,ES,Federal Contract Tower,0,29,37,0,66,0,0,26,2,28,0,29,63,2,94,0,0,0,94
07/16/2012,HXD,SC,ASO,ES,Federal Contract Tower,0,18,28,4,50,0,0,34,0,34,0,18,62,4,84,20,0,20,104
07/17/2012,HXD,SC,ASO,ES,Federal Contract Tower,0,22,42,0,64,0,0,17,0,17,0,22,59,0,81,28,0,28,109
07/18/2012,HXD,SC,ASO,ES,Federal Contract Tower,0,21,40,2,63,0,0,38,0,38,0,21,78,2,101,4,8,12,113
07/19/2012,HXD,SC,ASO,ES,Federal Contract Tower,0,19,24,0,43,0,0,29,0,29,0,19,53,0,72,0,0,0,72
07/20/2012,HXD,SC,ASO,ES,Federal Contract Tower,0,13,15,0,28,0,1,14,2,17,0,14,29,2,45,0,2,2,47
07/21/2012,HXD,SC,ASO,ES,Federal Contract Tower,0,20,27,1,48,0,2,31,4,37,0,22,58,5,85,0,14,14,99
07/22/2012,HXD,SC,ASO,ES,Federal Contract Tower,0,18,30,0,48,0,0,28,0,28,0,18,58,0,76,18,0,18,94
07/23/2012,HXD,SC,ASO,ES,Federal Contract Tower,0,26,38,0,64,0,0,24,0,24,0,26,62,0,88,0,0,0,88
07/24/2012,HXD,SC,ASO,ES,Federal Contract Tower,0,20,19,0,39,0,0,16,0,16,0,20,35,0,55,18,0,18,73
07/25/2012,HXD,SC,ASO,ES,Federal Contract Tower,0,28,32,0,60,0,1,44,0,45,0,29,76,0,105,4,6,10,115
07/26/2012,HXD,SC,ASO,ES,Federal Contract Tower,0,23,31,0,54,0,0,43,5,48,0,23,74,5,102,0,6,6,108
07/27/2012,HXD,SC,ASO,ES,Federal Contract Tower,0,22,42,0,64,0,1,54,0,55,0,23,96,0,119,6,0,6,125
07/28/2012,HXD,SC,ASO,ES,Federal Contract Tower,0,23,31,0,54,0,1,30,1,32,0,24,61,1,86,4,0,4,90
07/29/2012,HXD,SC,ASO,ES,Federal Contract Tower,0,25,41,0,66,0,0,15,0,15,0,25,56,0,81,0,0,0,81
07/30/2012,HXD,SC,ASO,ES,Federal Contract Tower,0,15,25,0,40,0,0,11,0,11,0,15,36,0,51,0,0,0,51
07/31/2012,HXD,SC,ASO,ES,Federal Contract Tower,0,20,25,0,45,0,0,14,0,14,0,20,39,0,59,14,0,14,73
08/01/2012,HXD,SC,ASO,ES,Federal Contract Tower,0,24,30,0,54,0,0,28,0,28,0,24,58,0,82,6,0,6,88
08/02/2012,HXD,SC,ASO,ES,Federal Contract Tower,0,18,35,0,53,0,1,41,0,42,0,19,76,0,95,22,0,22,117
08/03/2012,HXD,SC,ASO,ES,Federal Contract Tower,0,22,29,0,51,0,1,39,0,40,0,23,68,0,91,4,0,4,95
08/04/2012,HXD,SC,ASO,ES,Federal Contract Tower,0,28,31,0,59,0,1,47,0,48,0,29,78,0,107,8,0,8,115
08/05/2012,HXD,SC,ASO,ES,Federal Contract Tower,0,25,34,0,59,0,0,18,0,18,0,25,52,0,77,6,0,6,83
08/06/2012,HXD,SC,ASO,ES,Federal Contract Tower,0,24,25,0,49,0,0,21,0,21,0,24,46,0,70,2,0,2,72
08/07/2012,HXD,SC,ASO,ES,Federal Contract Tower,0,20,17,0,37,0,0,5,0,5,0,20,22,0,42,12,0,12,54
08/08/2012,HXD,SC,ASO,ES,Federal Contract Tower,0,21,31,0,52,0,1,15,0,16,0,22,46,0,68,0,0,0,68
08/09/2012,HXD,SC,ASO,ES,Federal Contract Tower,0,20,38,0,58,0,0,19,0,19,0,20,57,0,77,0,4,4,81
08/10/2012,HXD,SC,ASO,ES,Federal Contract Tower,0,19,26,0,45,0,0,15,0,15,0,19,41,0,60,0,0,0,60
08/11/2012,HXD,SC,ASO,ES,Federal Contract Tower,0,26,20,0,46,0,1,17,0,18,0,27,37,0,64,0,0,0,64
08/12/2012,HXD,SC,ASO,ES,Federal Contract Tower,0,23,31,0,54,0,0,21,0,21,0,23,52,0,75,2,0,2,77
08/13/2012,HXD,SC,ASO,ES,Federal Contract Tower,0,20,27,0,47,0,0,39,2,41,0,20,66,2,88,10,0,10,98
08/14/2012,HXD,SC,ASO,ES,Federal Contract Tower,0,21,45,0,66,0,1,38,2,41,0,22,83,2,107,26,0,26,133
08/15/2012,HXD,SC,ASO,ES,Federal Contract Tower,0,23,27,0,50,0,0,28,2,30,0,23,55,2,80,4,4,8,88
08/16/2012,HXD,SC,ASO,ES,Federal Contract Tower,0,22,26,0,48,0,0,23,2,25,0,22,49,2,73,4,0,4,77
08/17/2012,HXD,SC,ASO,ES,Federal Contract Tower,0,27,18,0,45,0,0,19,2,21,0,27,37,2,66,0,0,0,66
08/18/2012,HXD,SC,ASO,ES,Federal Contract Tower,0,14,14,2,30,0,1,34,4,39,0,15,48,6,69,12,14,26,95
08/19/2012,HXD,SC,ASO,ES,Federal Contract Tower,0,27,33,0,60,0,0,19,0,19,0,27,52,0,79,4,0,4,83
08/20/2012,HXD,SC,ASO,ES,Federal Contract Tower,0,17,17,0,34,0,0,23,0,23,0,17,40,0,57,4,4,8,65
08/21/2012,HXD,SC,ASO,ES,Federal Contract Tower,0,24,29,0,53,0,0,15,0,15,0,24,44,0,68,0,0,0,68
08/22/2012,HXD,SC,ASO,ES,Federal Contract Tower,0,25,21,2,48,0,0,19,2,21,0,25,40,4,69,6,0,6,75
08/23/2012,HXD,SC,ASO,ES,Federal Contract Tower,0,23,33,0,56,0,0,23,1,24,0,23,56,1,80,10,0,10,90
08/24/2012,HXD,SC,ASO,ES,Federal Contract Tower,0,22,34,3,59,0,0,14,0,14,0,22,48,3,73,0,0,0,73
08/25/2012,HXD,SC,ASO,ES,Federal Contract Tower,0,21,23,1,45,0,1,57,0,58,0,22,80,1,103,17,0,17,120
08/26/2012,HXD,SC,ASO,ES,Federal Contract Tower,0,29,29,0,58,0,0,35,0,35,0,29,64,0,93,6,0,6,99
08/27/2012,HXD,SC,ASO,ES,Federal Contract Tower,0,19,20,0,39,0,0,0,0,0,0,19,20,0,39,0,0,0,39
08/28/2012,HXD,SC,ASO,ES,Federal Contract Tower,0,17,3,0,20,0,0,2,0,2,0,17,5,0,22,0,0,0,22
08/29/2012,HXD,SC,ASO,ES,Federal Contract Tower,0,26,22,0,48,0,0,23,0,23,0,26,45,0,71,6,0,6,77
08/30/2012,HXD,SC,ASO,ES,Federal Contract Tower,0,27,37,0,64,0,0,8,0,8,0,27,45,0,72,0,0,0,72
08/31/2012,HXD,SC,ASO,ES,Federal Contract Tower,0,24,55,0,79,0,1,28,0,29,0,25,83,0,108,14,0,14,122
09/01/2012,HXD,SC,ASO,ES,Federal Contract Tower,0,19,37,0,56,0,3,35,0,38,0,22,72,0,94,6,0,6,100
09/02/2012,HXD,SC,ASO,ES,Federal Contract Tower,0,23,12,0,35,0,0,27,0,27,0,23,39,0,62,0,0,0,62
09/03/2012,HXD,SC,ASO,ES,Federal Contract Tower,0,26,41,0,67,0,0,39,2,41,0,26,80,2,108,0,2,2,110
09/04/2012,HXD,SC,ASO,ES,Federal Contract Tower,0,24,29,0,53,0,0,19,4,23,0,24,48,4,76,0,6,6,82
09/05/2012,HXD,SC,ASO,ES,Federal Contract Tower,0,20,22,0,42,0,1,25,0,26,0,21,47,0,68,2,0,2,70
09/06/2012,HXD,SC,ASO,ES,Federal Contract Tower,0,20,30,0,50,0,0,34,0,34,0,20,64,0,84,22,0,22,106
09/07/2012,HXD,SC,ASO,ES,Federal Contract Tower,0,18,22,0,40,0,0,21,0,21,0,18,43,0,61,6,0,6,67
09/08/2012,HXD,SC,ASO,ES,Federal Contract Tower,0,14,28,0,42,0,2,22,0,24,0,16,50,0,66,0,0,0,66
09/09/2012,HXD,SC,ASO,ES,Federal Contract Tower,0,17,28,0,45,0,0,14,0,14,0,17,42,0,59,6,0,6,65
09/10/2012,HXD,SC,ASO,ES,Federal Contract Tower,0,18,20,0,38,0,0,24,0,24,0,18,44,0,62,0,0,0,62
09/11/2012,HXD,SC,ASO,ES,Federal Contract Tower,0,18,29,0,47,0,0,35,2,37,0,18,64,2,84,0,14,14,98
09/12/2012,HXD,SC,ASO,ES,Federal Contract Tower,0,26,27,0,53,0,0,25,0,25,0,26,52,0,78,8,0,8,86
09/13/2012,HXD,SC,ASO,ES,Federal Contract Tower,0,21,30,0,51,0,0,17,0,17,0,21,47,0,68,0,16,16,84
09/14/2012,HXD,SC,ASO,ES,Federal Contract Tower,0,24,29,0,53,0,0,17,0,17,0,24,46,0,70,8,1,9,79
09/15/2012,HXD,SC,ASO,ES,Federal Contract Tower,0,23,25,0,48,0,1,37,0,38,0,24,62,0,86,24,0,24,110
09/16/2012,HXD,SC,ASO,ES,Federal Contract Tower,0,20,34,0,54,0,1,34,0,35,0,21,68,0,89,16,0,16,105
09/17/2012,HXD,SC,ASO,ES,Federal Contract Tower,0,15,30,0,45,0,0,37,0,37,0,15,67,0,82,8,0,8,90
09/18/2012,HXD,SC,ASO,ES,Federal Contract Tower,0,14,15,0,29,0,0,9,1,10,0,14,24,1,39,0,0,0,39
09/19/2012,HXD,SC,ASO,ES,Federal Contract Tower,0,16,32,5,53,0,0,7,0,7,0,16,39,5,60,0,0,0,60
09/20/2012,HXD,SC,ASO,ES,Federal Contract Tower,0,17,23,0,40,0,0,21,0,21,0,17,44,0,61,0,0,0,61
09/21/2012,HXD,SC,ASO,ES,Federal Contract Tower,0,19,32,1,52,0,0,33,0,33,0,19,65,1,85,6,0,6,91
09/22/2012,HXD,SC,ASO,ES,Federal Contract Tower,0,15,22,0,37,0,1,36,0,37,0,16,58,0,74,0,0,0,74
09/23/2012,HXD,SC,ASO,ES,Federal Contract Tower,0,21,29,0,50,0,0,38,0,38,0,21,67,0,88,12,0,12,100
09/24/2012,HXD,SC,ASO,ES,Federal Contract Tower,0,26,23,0,49,0,0,25,0,25,0,26,48,0,74,4,14,18,92
09/25/2012,HXD,SC,ASO,ES,Federal Contract Tower,0,13,25,0,38,0,0,28,4,32,0,13,53,4,70,0,10,10,80
09/26/2012,HXD,SC,ASO,ES,Federal Contract Tower,0,22,37,0,59,0,0,37,2,39,0,22,74,2,98,4,0,4,102
09/27/2012,HXD,SC,ASO,ES,Federal Contract Tower,0,15,26,0,41,0,2,44,1,47,0,17,70,1,88,10,0,10,98
09/28/2012,HXD,SC,ASO,ES,Federal Contract Tower,0,21,27,0,48,0,0,30,6,36,0,21,57,6,84,0,20,20,104
09/29/2012,HXD,SC,ASO,ES,Federal Contract Tower,0,21,21,0,42,0,1,27,0,28,0,22,48,0,70,0,0,0,70
09/30/2012,HXD,SC,ASO,ES,Federal Contract Tower,0,22,45,0,67,0,0,24,0,24,0,22,69,0,91,12,0,12,103
10/01/2012,HXD,SC,ASO,ES,Federal Contract Tower,0,22,14,0,36,0,0,18,0,18,0,22,32,0,54,4,0,4,58
10/02/2012,HXD,SC,ASO,ES,Federal Contract Tower,0,21,8,0,29,0,1,6,0,7,0,22,14,0,36,7,0,7,43
10/03/2012,HXD,SC,ASO,ES,Federal Contract Tower,0,26,25,0,51,0,0,27,2,29,0,26,52,2,80,6,0,6,86
10/04/2012,HXD,SC,ASO,ES,Federal Contract Tower,0,35,47,0,82,0,0,18,0,18,0,35,65,0,100,0,0,0,100
10/05/2012,HXD,SC,ASO,ES,Federal Contract Tower,0,31,46,0,77,0,0,27,0,27,0,31,73,0,104,4,0,4,108
10/06/2012,HXD,SC,ASO,ES,Federal Contract Tower,0,15,25,0,40,0,1,30,0,31,0,16,55,0,71,2,0,2,73
10/07/2012,HXD,SC,ASO,ES,Federal Contract Tower,0,28,43,0,71,0,0,47,0,47,0,28,90,0,118,10,0,10,128
10/08/2012,HXD,SC,ASO,ES,Federal Contract Tower,0,28,19,1,48,0,0,0,0,0,0,28,19,1,48,0,0,0,48
10/09/2012,HXD,SC,ASO,ES,Federal Contract Tower,0,19,26,0,45,0,1,12,0,13,0,20,38,0,58,8,0,8,66
10/10/2012,HXD,SC,ASO,ES,Federal Contract Tower,0,23,19,0,42,0,0,19,2,21,0,23,38,2,63,16,12,28,91
10/11/2012,HXD,SC,ASO,ES,Federal Contract Tower,0,24,31,0,55,0,2,33,2,37,0,26,64,2,92,0,0,0,92
10/12/2012,HXD,SC,ASO,ES,Federal Contract Tower,0,20,28,0,48,0,0,33,1,34,0,20,61,1,82,6,2,8,90
10/13/2012,HXD,SC,ASO,ES,Federal Contract Tower,0,21,37,0,58,0,1,46,0,47,0,22,83,0,105,0,0,0,105
10/14/2012,HXD,SC,ASO,ES,Federal Contract Tower,0,28,29,0,57,0,0,30,0,30,0,28,59,0,87,3,4,7,94
10/15/2012,HXD,SC,ASO,ES,Federal Contract Tower,0,18,9,1,28,0,1,5,2,8,0,19,14,3,36,6,18,24,60
10/16/2012,HXD,SC,ASO,ES,Federal Contract Tower,0,20,33,0,53,0,0,46,0,46,0,20,79,0,99,0,2,2,101
10/17/2012,HXD,SC,ASO,ES,Federal Contract Tower,0,25,26,0,51,0,1,31,0,32,0,26,57,0,83,0,2,2,85
10/18/2012,HXD,SC,ASO,ES,Federal Contract Tower,0,23,45,0,68,0,0,33,0,33,0,23,78,0,101,16,0,16,117
10/19/2012,HXD,SC,ASO,ES,Federal Contract Tower,0,18,32,0,50,0,0,44,0,44,0,18,76,0,94,0,4,4,98
10/20/2012,HXD,SC,ASO,ES,Federal Contract Tower,0,20,27,0,47,0,3,41,2,46,0,23,68,2,93,2,0,2,95
10/21/2012,HXD,SC,ASO,ES,Federal Contract Tower,0,19,37,0,56,0,1,42,0,43,0,20,79,0,99,0,24,24,123
10/22/2012,HXD,SC,ASO,ES,Federal Contract Tower,0,22,27,0,49,0,0,9,0,9,0,22,36,0,58,0,0,0,58
10/23/2012,HXD,SC,ASO,ES,Federal Contract Tower,0,20,37,0,57,0,0,46,0,46,0,20,83,0,103,14,0,14,117
10/24/2012,HXD,SC,ASO,ES,Federal Contract Tower,0,17,34,0,51,0,2,38,4,44,0,19,72,4,95,2,26,28,123
10/25/2012,HXD,SC,ASO,ES,Federal Contract Tower,0,30,39,0,69,0,0,31,0,31,0,30,70,0,100,2,0,2,102
10/26/2012,HXD,SC,ASO,ES,Federal Contract Tower,0,20,19,0,39,0,0,7,0,7,0,20,26,0,46,0,0,0,46
10/27/2012,HXD,SC,ASO,ES,Federal Contract Tower,0,13,10,0,23,0,2,1,0,3,0,15,11,0,26,0,0,0,26
10/28/2012,HXD,SC,ASO,ES,Federal Contract Tower,0,17,23,0,40,0,0,9,0,9,0,17,32,0,49,0,0,0,49
10/29/2012,HXD,SC,ASO,ES,Federal Contract Tower,0,14,9,0,23,0,2,1,0,3,0,16,10,0,26,0,0,0,26
10/30/2012,HXD,SC,ASO,ES,Federal Contract Tower,0,21,11,0,32,0,0,3,0,3,0,21,14,0,35,4,0,4,39
10/31/2012,HXD,SC,ASO,ES,Federal Contract Tower,0,23,12,0,35,0,0,13,6,19,0,23,25,6,54,0,18,18,72
11/01/2012,HXD,SC,ASO,ES,Federal Contract Tower,0,18,37,0,55,0,0,34,4,38,0,18,71,4,93,2,0,2,95
11/02/2012,HXD,SC,ASO,ES,Federal Contract Tower,0,23,29,0,52,0,1,32,0,33,0,24,61,0,85,0,0,0,85
11/03/2012,HXD,SC,ASO,ES,Federal Contract Tower,0,24,22,0,46,0,1,64,2,67,0,25,86,2,113,8,6,14,127
11/04/2012,HXD,SC,ASO,ES,Federal Contract Tower,0,19,35,0,54,0,0,31,2,33,0,19,66,2,87,0,10,10,97
11/05/2012,HXD,SC,ASO,ES,Federal Contract Tower,0,17,26,0,43,0,0,12,4,16,0,17,38,4,59,0,2,2,61
11/06/2012,HXD,SC,ASO,ES,Federal Contract Tower,0,21,17,2,40,0,0,8,0,8,0,21,25,2,48,0,0,0,48
11/07/2012,HXD,SC,ASO,ES,Federal Contract Tower,0,20,36,0,56,0,0,27,0,27,0,20,63,0,83,4,0,4,87
11/08/2012,HXD,SC,ASO,ES,Federal Contract Tower,0,18,37,0,55,0,0,45,0,45,0,18,82,0,100,4,0,4,104
11/09/2012,HXD,SC,ASO,ES,Federal Contract Tower,0,31,50,0,81,0,0,50,0,50,0,31,100,0,131,10,0,10,141
11/10/2012,HXD,SC,ASO,ES,Federal Contract Tower,0,14,39,0,53,0,1,58,0,59,0,15,97,0,112,10,2,12,124
11/11/2012,HXD,SC,ASO,ES,Federal Contract Tower,0,20,43,0,63,0,0,39,0,39,0,20,82,0,102,0,0,0,102
11/12/2012,HXD,SC,ASO,ES,Federal Contract Tower,0,25,23,0,48,0,0,14,0,14,0,25,37,0,62,0,0,0,62
11/13/2012,HXD,SC,ASO,ES,Federal Contract Tower,0,24,13,0,37,0,1,6,0,7,0,25,19,0,44,0,0,0,44
11/14/2012,HXD,SC,ASO,ES,Federal Contract Tower,0,22,32,2,56,0,0,0,3,3,0,22,32,5,59,0,28,28,87
11/15/2012,HXD,SC,ASO,ES,Federal Contract Tower,0,20,32,3,55,0,0,0,0,0,0,20,32,3,55,0,0,0,55
11/16/2012,HXD,SC,ASO,ES,Federal Contract Tower,0,16,45,0,61,0,0,3,0,3,0,16,48,0,64,0,0,0,64
11/17/2012,HXD,SC,ASO,ES,Federal Contract Tower,0,14,21,0,35,0,1,30,4,35,0,15,51,4,70,4,12,16,86
11/18/2012,HXD,SC,ASO,ES,Federal Contract Tower,0,16,24,0,40,0,0,0,0,0,0,16,24,0,40,0,0,0,40
11/19/2012,HXD,SC,ASO,ES,Federal Contract Tower,0,17,30,6,53,0,1,7,0,8,0,18,37,6,61,0,0,0,61
11/20/2012,HXD,SC,ASO,ES,Federal Contract Tower,0,21,35,0,56,0,0,37,4,41,0,21,72,4,97,14,0,14,111
11/21/2012,HXD,SC,ASO,ES,Federal Contract Tower,0,30,48,0,78,0,0,53,0,53,0,30,101,0,131,6,0,6,137
11/22/2012,HXD,SC,ASO,ES,Federal Contract Tower,0,7,4,0,11,0,0,9,0,9,0,7,13,0,20,0,0,0,20
11/23/2012,HXD,SC,ASO,ES,Federal Contract Tower,0,19,24,0,43,0,1,26,0,27,0,20,50,0,70,0,6,6,76
11/24/2012,HXD,SC,ASO,ES,Federal Contract Tower,0,21,31,0,52,0,1,43,0,44,0,22,74,0,96,8,0,8,104
11/25/2012,HXD,SC,ASO,ES,Federal Contract Tower,0,27,56,0,83,0,0,47,0,47,0,27,103,0,130,16,0,16,146
11/26/2012,HXD,SC,ASO,ES,Federal Contract Tower,0,15,34,0,49,0,0,38,7,45,0,15,72,7,94,8,16,24,118
11/27/2012,HXD,SC,ASO,ES,Federal Contract Tower,0,15,26,0,41,0,0,19,0,19,0,15,45,0,60,10,6,16,76
11/28/2012,HXD,SC,ASO,ES,Federal Contract Tower,0,13,16,0,29,0,0,10,0,10,0,13,26,0,39,2,8,10,49
11/29/2012,HXD,SC,ASO,ES,Federal Contract Tower,0,15,10,0,25,0,0,20,0,20,0,15,30,0,45,0,0,0,45
11/30/2012,HXD,SC,ASO,ES,Federal Contract Tower,0,11,32,0,43,0,0,39,0,39,0,11,71,0,82,2,0,2,84
12/01/2012,HXD,SC,ASO,ES,Federal Contract Tower,0,11,15,0,26,0,1,46,0,47,0,12,61,0,73,4,0,4,77
12/02/2012,HXD,SC,ASO,ES,Federal Contract Tower,0,19,36,0,55,0,0,45,0,45,0,19,81,0,100,6,0,6,106
12/03/2012,HXD,SC,ASO,ES,Federal Contract Tower,0,11,17,0,28,0,0,16,0,16,0,11,33,0,44,0,10,10,54
12/04/2012,HXD,SC,ASO,ES,Federal Contract Tower,0,15,26,0,41,0,0,47,0,47,0,15,73,0,88,10,0,10,98
12/05/2012,HXD,SC,ASO,ES,Federal Contract Tower,0,12,11,0,23,0,0,6,0,6,0,12,17,0,29,0,0,0,29
12/06/2012,HXD,SC,ASO,ES,Federal Contract Tower,0,15,16,0,31,0,0,13,0,13,0,15,29,0,44,0,0,0,44
12/07/2012,HXD,SC,ASO,ES,Federal Contract Tower,0,12,23,0,35,0,0,1,0,1,0,12,24,0,36,0,0,0,36
12/08/2012,HXD,SC,ASO,ES,Federal Contract Tower,0,10,20,2,32,0,1,34,0,35,0,11,54,2,67,22,0,22,89
12/09/2012,HXD,SC,ASO,ES,Federal Contract Tower,0,14,19,0,33,0,0,28,0,28,0,14,47,0,61,18,24,42,103
12/10/2012,HXD,SC,ASO,ES,Federal Contract Tower,0,10,7,0,17,0,0,17,0,17,0,10,24,0,34,10,0,10,44
12/11/2012,HXD,SC,ASO,ES,Federal Contract Tower,0,16,24,0,40,0,0,3,0,3,0,16,27,0,43,2,0,2,45
12/12/2012,HXD,SC,ASO,ES,Federal Contract Tower,0,9,18,0,27,0,0,0,0,0,0,9,18,0,27,0,0,0,27
12/13/2012,HXD,SC,ASO,ES,Federal Contract Tower,0,11,10,0,21,0,0,0,0,0,0,11,10,0,21,0,0,0,21
12/14/2012,HXD,SC,ASO,ES,Federal Contract Tower,0,15,16,0,31,0,0,43,2,45,0,15,59,2,76,20,0,20,96
12/15/2012,HXD,SC,ASO,ES,Federal Contract Tower,0,10,20,0,30,0,0,0,0,0,0,10,20,0,30,0,0,0,30
12/16/2012,HXD,SC,ASO,ES,Federal Contract Tower,0,11,13,0,24,0,0,24,0,24,0,11,37,0,48,12,0,12,60
12/17/2012,HXD,SC,ASO,ES,Federal Contract Tower,0,14,20,0,34,0,0,4,0,4,0,14,24,0,38,6,0,6,44
12/18/2012,HXD,SC,ASO,ES,Federal Contract Tower,0,12,17,0,29,0,0,24,0,24,0,12,41,0,53,2,0,2,55
12/19/2012,HXD,SC,ASO,ES,Federal Contract Tower,0,18,39,0,57,0,0,32,0,32,0,18,71,0,89,0,0,0,89
12/20/2012,HXD,SC,ASO,ES,Federal Contract Tower,0,23,26,0,49,0,1,37,0,38,0,24,63,0,87,8,4,12,99
12/21/2012,HXD,SC,ASO,ES,Federal Contract Tower,0,21,18,0,39,0,2,4,0,6,0,23,22,0,45,0,0,0,45
12/22/2012,HXD,SC,ASO,ES,Federal Contract Tower,0,14,19,0,33,0,1,37,0,38,0,15,56,0,71,0,0,0,71
12/23/2012,HXD,SC,ASO,ES,Federal Contract Tower,0,17,21,0,38,0,0,29,0,29,0,17,50,0,67,7,0,7,74
12/24/2012,HXD,SC,ASO,ES,Federal Contract Tower,0,12,8,0,20,0,0,12,2,14,0,12,20,2,34,0,4,4,38
12/25/2012,HXD,SC,ASO,ES,Federal Contract Tower,0,24,7,0,31,0,0,0,0,0,0,24,7,0,31,0,0,0,31
12/26/2012,HXD,SC,ASO,ES,Federal Contract Tower,0,13,22,0,35,0,0,0,0,0,0,13,22,0,35,0,0,0,35
12/27/2012,HXD,SC,ASO,ES,Federal Contract Tower,0,30,39,0,69,0,0,39,0,39,0,30,78,0,108,10,0,10,118
12/28/2012,HXD,SC,ASO,ES,Federal Contract Tower,0,16,24,0,40,0,1,23,1,25,0,17,47,1,65,4,3,7,72
12/29/2012,HXD,SC,ASO,ES,Federal Contract Tower,0,17,12,0,29,0,1,4,0,5,0,18,16,0,34,0,0,0,34
12/30/2012,HXD,SC,ASO,ES,Federal Contract Tower,0,21,27,0,48,0,0,24,0,24,0,21,51,0,72,2,0,2,74
12/31/2012,HXD,SC,ASO,ES,Federal Contract Tower,0,19,24,0,43,0,2,50,0,52,0,21,74,0,95,6,0,6,101
01/01/2013,HXD,SC,ASO,ES,Federal Contract Tower,0,31,20,0,51,0,0,17,0,17,0,31,37,0,68,16,0,16,84
01/02/2013,HXD,SC,ASO,ES,Federal Contract Tower,0,21,29,0,50,0,0,4,0,4,0,21,33,0,54,0,0,0,54
01/03/2013,HXD,SC,ASO,ES,Federal Contract Tower,0,26,18,0,44,0,0,0,0,0,0,26,18,0,44,0,0,0,44
01/04/2013,HXD,SC,ASO,ES,Federal Contract Tower,0,22,15,0,37,0,1,48,0,49,0,23,63,0,86,8,4,12,98
01/05/2013,HXD,SC,ASO,ES,Federal Contract Tower,0,18,15,0,33,0,1,40,2,43,0,19,55,2,76,18,6,24,100
01/06/2013,HXD,SC,ASO,ES,Federal Contract Tower,0,20,10,0,30,0,0,4,0,4,0,20,14,0,34,2,0,2,36
01/07/2013,HXD,SC,ASO,ES,Federal Contract Tower,0,10,17,0,27,0,0,33,0,33,0,10,50,0,60,8,0,8,68
01/08/2013,HXD,SC,ASO,ES,Federal Contract Tower,0,13,14,0,27,0,1,14,0,15,0,14,28,0,42,0,0,0,42
01/09/2013,HXD,SC,ASO,ES,Federal Contract Tower,0,18,31,0,49,0,1,19,0,20,0,19,50,0,69,8,0,8,77
01/10/2013,HXD,SC,ASO,ES,Federal Contract Tower,0,17,21,0,38,0,0,16,4,20,0,17,37,4,58,0,16,16,74
01/11/2013,HXD,SC,ASO,ES,Federal Contract Tower,0,15,20,0,35,0,0,19,2,21,0,15,39,2,56,2,18,20,76
01/12/2013,HXD,SC,ASO,ES,Federal Contract Tower,0,10,17,0,27,0,0,41,0,41,0,10,58,0,68,2,0,2,70
01/13/2013,HXD,SC,ASO,ES,Federal Contract Tower,0,17,22,0,39,0,0,20,0,20,0,17,42,0,59,0,0,0,59
01/14/2013,HXD,SC,ASO,ES,Federal Contract Tower,0,12,19,0,31,0,1,10,0,11,0,13,29,0,42,0,0,0,42
01/15/2013,HXD,SC,ASO,ES,Federal Contract Tower,0,17,22,0,39,0,2,25,0,27,0,19,47,0,66,10,0,10,76
01/16/2013,HXD,SC,ASO,ES,Federal Contract Tower,0,13,14,0,27,0,1,25,0,26,0,14,39,0,53,2,0,2,55
01/17/2013,HXD,SC,ASO,ES,Federal Contract Tower,0,12,16,0,28,0,1,16,0,17,0,13,32,0,45,0,0,0,45
01/18/2013,HXD,SC,ASO,ES,Federal Contract Tower,0,19,42,0,61,0,1,22,0,23,0,20,64,0,84,0,0,0,84
01/19/2013,HXD,SC,ASO,ES,Federal Contract Tower,0,13,16,0,29,0,1,43,0,44,0,14,59,0,73,0,0,0,73
01/20/2013,HXD,SC,ASO,ES,Federal Contract Tower,0,12,26,0,38,0,0,42,0,42,0,12,68,0,80,4,16,20,100
01/21/2013,HXD,SC,ASO,ES,Federal Contract Tower,0,16,19,0,35,0,1,38,0,39,0,17,57,0,74,22,0,22,96
01/22/2013,HXD,SC,ASO,ES,Federal Contract Tower,0,14,18,0,32,0,1,20,2,23,0,15,38,2,55,4,0,4,59
01/23/2013,HXD,SC,ASO,ES,Federal Contract Tower,0,19,26,0,45,0,2,42,0,44,0,21,68,0,89,32,0,32,121
01/24/2013,HXD,SC,ASO,ES,Federal Contract Tower,0,19,21,0,40,0,1,17,1,19,0,20,38,1,59,3,3,6,65
01/25/2013,HXD,SC,ASO,ES,Federal Contract Tower,0,10,23,0,33,0,1,11,0,12,0,11,34,0,45,0,0,0,45
01/26/2013,HXD,SC,ASO,ES,Federal Contract Tower,0,10,6,6,22,0,1,19,0,20,0,11,25,6,42,16,6,22,64
01/27/2013,HXD,SC,ASO,ES,Federal Contract Tower,0,13,16,2,31,0,0,19,0,19,0,13,35,2,50,14,2,16,66
01/28/2013,HXD,SC,ASO,ES,Federal Contract Tower,0,14,11,0,25,0,1,15,0,16,0,15,26,0,41,0,0,0,41
01/29/2013,HXD,SC,ASO,ES,Federal Contract Tower,0,18,25,0,43,0,0,16,0,16,0,18,41,0,59,0,0,0,59
01/30/2013,HXD,SC,ASO,ES,Federal Contract Tower,0,17,20,0,37,0,1,6,0,7,0,18,26,0,44,0,0,0,44
01/31/2013,HXD,SC,ASO,ES,Federal Contract Tower,0,17,16,0,33,0,1,7,0,8,0,18,23,0,41,0,0,0,41
02/01/2013,HXD,SC,ASO,ES,Federal Contract Tower,0,21,19,0,40,0,2,24,0,26,0,23,43,0,66,0,0,0,66
02/02/2013,HXD,SC,ASO,ES,Federal Contract Tower,0,16,29,0,45,0,1,26,4,31,0,17,55,4,76,14,14,28,104
02/03/2013,HXD,SC,ASO,ES,Federal Contract Tower,0,14,19,0,33,0,0,33,0,33,0,14,52,0,66,0,0,0,66
02/04/2013,HXD,SC,ASO,ES,Federal Contract Tower,0,15,18,0,33,0,1,31,0,32,0,16,49,0,65,0,0,0,65
02/05/2013,HXD,SC,ASO,ES,Federal Contract Tower,0,17,26,0,43,0,1,30,0,31,0,18,56,0,74,6,0,6,80
02/06/2013,HXD,SC,ASO,ES,Federal Contract Tower,0,19,24,0,43,0,1,22,0,23,0,20,46,0,66,6,1,7,73
02/07/2013,HXD,SC,ASO,ES,Federal Contract Tower,0,14,10,0,24,0,0,2,0,2,0,14,12,0,26,8,0,8,34
02/08/2013,HXD,SC,ASO,ES,Federal Contract Tower,0,16,28,3,47,0,1,21,0,22,0,17,49,3,69,12,2,14,83
02/09/2013,HXD,SC,ASO,ES,Federal Contract Tower,0,10,11,0,21,0,1,57,0,58,0,11,68,0,79,44,0,44,123
02/10/2013,HXD,SC,ASO,ES,Federal Contract Tower,0,14,32,0,46,0,0,27,0,27,0,14,59,0,73,18,0,18,91
02/11/2013,HXD,SC,ASO,ES,Federal Contract Tower,0,12,20,2,34,0,0,4,0,4,0,12,24,2,38,0,0,0,38
02/12/2013,HXD,SC,ASO,ES,Federal Contract Tower,0,18,18,0,36,0,0,0,0,0,0,18,18,0,36,0,0,0,36
02/13/2013,HXD,SC,ASO,ES,Federal Contract Tower,0,15,8,2,25,0,1,0,0,1,0,16,8,2,26,0,0,0,26
02/14/2013,HXD,SC,ASO,ES,Federal Contract Tower,0,13,29,0,42,0,1,16,2,19,0,14,45,2,61,0,3,3,64
02/15/2013,HXD,SC,ASO,ES,Federal Contract Tower,0,24,42,0,66,0,0,26,0,26,0,24,68,0,92,0,0,0,92
02/16/2013,HXD,SC,ASO,ES,Federal Contract Tower,0,14,6,0,20,0,1,13,0,14,0,15,19,0,34,0,0,0,34
02/17/2013,HXD,SC,ASO,ES,Federal Contract Tower,0,22,33,0,55,0,0,24,0,24,0,22,57,0,79,0,0,0,79
02/18/2013,HXD,SC,ASO,ES,Federal Contract Tower,0,24,33,0,57,0,1,43,1,45,0,25,76,1,102,0,0,0,102
02/19/2013,HXD,SC,ASO,ES,Federal Contract Tower,0,18,22,0,40,0,0,12,0,12,0,18,34,0,52,6,0,6,58
02/20/2013,HXD,SC,ASO,ES,Federal Contract Tower,0,22,28,2,52,0,1,36,2,39,0,23,64,4,91,22,2,24,115
02/21/2013,HXD,SC,ASO,ES,Federal Contract Tower,0,21,22,0,43,0,1,32,0,33,0,22,54,0,76,8,0,8,84
02/22/2013,HXD,SC,ASO,ES,Federal Contract Tower,0,15,9,0,24,0,0,0,2,2,0,15,9,2,26,0,0,0,26
02/23/2013,HXD,SC,ASO,ES,Federal Contract Tower,0,9,8,0,17,0,0,0,0,0,0,9,8,0,17,4,0,4,21
02/24/2013,HXD,SC,ASO,ES,Federal Contract Tower,0,25,24,0,49,0,0,35,0,35,0,25,59,0,84,18,0,18,102
02/25/2013,HXD,SC,ASO,ES,Federal Contract Tower,0,14,11,0,25,0,0,0,0,0,0,14,11,0,25,0,0,0,25
02/26/2013,HXD,SC,ASO,ES,Federal Contract Tower,0,14,15,0,29,0,1,5,0,6,0,15,20,0,35,0,0,0,35
02/27/2013,HXD,SC,ASO,ES,Federal Contract Tower,0,17,28,0,45,0,1,29,4,34,0,18,57,4,79,10,0,10,89
02/28/2013,HXD,SC,ASO,ES,Federal Contract Tower,0,19,25,2,46,0,0,26,1,27,0,19,51,3,73,6,4,10,83
03/01/2013,HXD,SC,ASO,ES,Federal Contract Tower,0,23,33,2,58,0,1,47,0,48,0,24,80,2,106,2,6,8,114
03/02/2013,HXD,SC,ASO,ES,Federal Contract Tower,0,10,24,0,34,0,1,21,0,22,0,11,45,0,56,8,0,8,64
03/03/2013,HXD,SC,ASO,ES,Federal Contract Tower,0,17,28,0,45,0,0,15,0,15,0,17,43,0,60,0,0,0,60
03/04/2013,HXD,SC,ASO,ES,Federal Contract Tower,0,17,32,0,49,0,1,28,2,31,0,18,60,2,80,0,0,0,80
03/05/2013,HXD,SC,ASO,ES,Federal Contract Tower,0,15,19,0,34,0,1,27,0,28,0,16,46,0,62,10,0,10,72
03/06/2013,HXD,SC,ASO,ES,Federal Contract Tower,0,20,7,0,27,0,1,10,2,13,0,21,17,2,40,0,0,0,40
03/07/2013,HXD,SC,ASO,ES,Federal Contract Tower,0,17,30,0,47,0,1,30,0,31,0,18,60,0,78,4,0,4,82
03/08/2013,HXD,SC,ASO,ES,Federal Contract Tower,0,20,46,1,67,0,1,38,2,41,0,21,84,3,108,10,12,22,130
03/09/2013,HXD,SC,ASO,ES,Federal Contract Tower,0,21,41,0,62,0,1,54,2,57,0,22,95,2,119,6,0,6,125
03/10/2013,HXD,SC,ASO,ES,Federal Contract Tower,0,20,28,0,48,0,0,32,0,32,0,20,60,0,80,8,0,8,88
03/11/2013,HXD,SC,ASO,ES,Federal Contract Tower,0,19,26,0,45,0,1,23,0,24,0,20,49,0,69,0,0,0,69
03/12/2013,HXD,SC,ASO,ES,Federal Contract Tower,0,30,8,0,38,0,1,3,0,4,0,31,11,0,42,0,0,0,42
03/13/2013,HXD,SC,ASO,ES,Federal Contract Tower,0,21,35,0,56,0,1,37,0,38,0,22,72,0,94,0,0,0,94
03/14/2013,HXD,SC,ASO,ES,Federal Contract Tower,0,22,27,0,49,0,0,57,1,58,0,22,84,1,107,14,6,20,127
03/15/2013,HXD,SC,ASO,ES,Federal Contract Tower,0,17,34,0,51,0,2,35,0,37,0,19,69,0,88,8,6,14,102
03/16/2013,HXD,SC,ASO,ES,Federal Contract Tower,0,21,25,0,46,0,0,15,0,15,0,21,40,0,61,0,0,0,61
03/17/2013,HXD,SC,ASO,ES,Federal Contract Tower,0,20,24,0,44,0,0,30,2,32,0,20,54,2,76,4,4,8,84
03/18/2013,HXD,SC,ASO,ES,Federal Contract Tower,0,22,11,0,33,0,1,10,0,11,0,23,21,0,44,0,0,0,44
03/19/2013,HXD,SC,ASO,ES,Federal Contract Tower,0,19,22,0,41,0,2,36,0,38,0,21,58,0,79,6,0,6,85
03/20/2013,HXD,SC,ASO,ES,Federal Contract Tower,0,23,27,0,50,0,1,22,0,23,0,24,49,0,73,2,2,4,77
03/21/2013,HXD,SC,ASO,ES,Federal Contract Tower,0,19,20,0,39,0,1,12,2,15,0,20,32,2,54,0,0,0,54
03/22/2013,HXD,SC,ASO,ES,Federal Contract Tower,0,28,26,0,54,0,2,45,0,47,0,30,71,0,101,6,0,6,107
03/23/2013,HXD,SC,ASO,ES,Federal Contract Tower,0,30,19,0,49,0,1,4,0,5,0,31,23,0,54,0,0,0,54
03/24/2013,HXD,SC,ASO,ES,Federal Contract Tower,0,20,15,0,35,0,0,3,0,3,0,20,18,0,38,0,0,0,38
03/25/2013,HXD,SC,ASO,ES,Federal Contract Tower,0,15,18,0,33,0,0,5,0,5,0,15,23,0,38,2,0,2,40
03/26/2013,HXD,SC,ASO,ES,Federal Contract Tower,0,15,13,0,28,0,1,13,0,14,0,16,26,0,42,0,4,4,46
03/27/2013,HXD,SC,ASO,ES,Federal Contract Tower,0,23,30,2,55,0,1,60,4,65,0,24,90,6,120,12,0,12,132
03/28/2013,HXD,SC,ASO,ES,Federal Contract Tower,0,36,49,2,87,0,1,47,0,48,0,37,96,2,135,30,0,30,165
03/29/2013,HXD,SC,ASO,ES,Federal Contract Tower,0,23,46,0,69,0,2,67,2,71,0,25,113,2,140,4,0,4,144
03/30/2013,HXD,SC,ASO,ES,Federal Contract Tower,0,22,33,0,55,0,1,55,0,56,0,23,88,0,111,4,0,4,115
03/31/2013,HXD,SC,ASO,ES,Federal Contract Tower,0,20,29,0,49,0,0,11,2,13,0,20,40,2,62,6,0,6,68
04/01/2013,HXD,SC,ASO,ES,Federal Contract Tower,0,35,60,0,95,0,2,21,0,23,0,37,81,0,118,2,0,2,120
04/02/2013,HXD,SC,ASO,ES,Federal Contract Tower,0,21,28,0,49,0,1,74,0,75,0,22,102,0,124,10,0,10,134
04/03/2013,HXD,SC,ASO,ES,Federal Contract Tower,0,35,61,0,96,0,2,44,0,46,0,37,105,0,142,2,0,2,144
04/04/2013,HXD,SC,ASO,ES,Federal Contract Tower,0,10,26,0,36,0,0,0,0,0,0,10,26,0,36,0,0,0,36
04/05/2013,HXD,SC,ASO,ES,Federal Contract Tower,0,28,38,0,66,0,1,7,0,8,0,29,45,0,74,0,0,0,74
04/06/2013,HXD,SC,ASO,ES,Federal Contract Tower,0,24,30,0,54,0,1,59,4,64,0,25,89,4,118,0,0,0,118
04/07/2013,HXD,SC,ASO,ES,Federal Contract Tower,0,22,30,0,52,0,0,37,0,37,0,22,67,0,89,6,0,6,95
04/08/2013,HXD,SC,ASO,ES,Federal Contract Tower,0,14,33,0,47,0,1,42,2,45,0,15,75,2,92,28,0,28,120
04/09/2013,HXD,SC,ASO,ES,Federal Contract Tower,0,19,35,0,54,0,1,51,0,52,0,20,86,0,106,14,0,14,120
04/10/2013,HXD,SC,ASO,ES,Federal Contract Tower,0,19,43,0,62,0,2,54,2,58,0,21,97,2,120,18,0,18,138
04/11/2013,HXD,SC,ASO,ES,Federal Contract Tower,0,27,54,0,81,0,1,15,0,16,0,28,69,0,97,6,0,6,103
04/12/2013,HXD,SC,ASO,ES,Federal Contract Tower,0,18,37,0,55,0,1,4,0,5,0,19,41,0,60,0,0,0,60
04/13/2013,HXD,SC,ASO,ES,Federal Contract Tower,0,20,33,0,53,0,2,36,0,38,0,22,69,0,91,14,0,14,105
04/14/2013,HXD,SC,ASO,ES,Federal Contract Tower,0,26,35,0,61,0,0,22,0,22,0,26,57,0,83,2,0,2,85
04/15/2013,HXD,SC,ASO,ES,Federal Contract Tower,0,35,29,0,64,0,0,6,0,6,0,35,35,0,70,12,0,12,82
04/16/2013,HXD,SC,ASO,ES,Federal Contract Tower,0,33,72,0,105,0,0,36,0,36,0,33,108,0,141,2,0,2,143
04/17/2013,HXD,SC,ASO,ES,Federal Contract Tower,0,36,70,0,106,0,1,50,0,51,0,37,120,0,157,4,0,4,161
04/18/2013,HXD,SC,ASO,ES,Federal Contract Tower,0,50,75,0,125,0,1,39,0,40,0,51,114,0,165,0,0,0,165
04/19/2013,HXD,SC,ASO,ES,Federal Contract Tower,0,23,40,0,63,0,0,0,0,0,0,23,40,0,63,0,0,0,63
04/20/2013,HXD,SC,ASO,ES,Federal Contract Tower,0,35,66,0,101,0,0,35,0,35,0,35,101,0,136,6,0,6,142
04/21/2013,HXD,SC,ASO,ES,Federal Contract Tower,0,68,67,0,135,0,0,21,0,21,0,68,88,0,156,8,0,8,164
04/22/2013,HXD,SC,ASO,ES,Federal Contract Tower,0,38,53,0,91,0,0,12,0,12,0,38,65,0,103,0,2,2,105
04/23/2013,HXD,SC,ASO,ES,Federal Contract Tower,0,19,30,0,49,0,0,24,0,24,0,19,54,0,73,2,0,2,75
04/24/2013,HXD,SC,ASO,ES,Federal Contract Tower,0,21,35,0,56,0,0,33,0,33,0,21,68,0,89,0,0,0,89
04/25/2013,HXD,SC,ASO,ES,Federal Contract Tower,0,22,28,0,50,0,1,14,2,17,0,23,42,2,67,6,0,6,73
04/26/2013,HXD,SC,ASO,ES,Federal Contract Tower,0,35,48,0,83,0,0,29,0,29,0,35,77,0,112,2,0,2,114
04/27/2013,HXD,SC,ASO,ES,Federal Contract Tower,0,20,34,0,54,0,1,43,0,44,0,21,77,0,98,14,0,14,112
04/28/2013,HXD,SC,ASO,ES,Federal Contract Tower,0,22,51,0,73,0,0,50,0,50,0,22,101,0,123,10,0,10,133
04/29/2013,HXD,SC,ASO,ES,Federal Contract Tower,0,14,39,0,53,0,0,24,4,28,0,14,63,4,81,0,10,10,91
04/30/2013,HXD,SC,ASO,ES,Federal Contract Tower,0,22,28,7,57,0,0,26,0,26,0,22,54,7,83,0,0,0,83
05/01/2013,HXD,SC,ASO,ES,Federal Contract Tower,0,25,37,0,62,0,0,8,2,10,0,25,45,2,72,0,2,2,74
05/02/2013,HXD,SC,ASO,ES,Federal Contract Tower,0,23,40,0,63,0,0,4,3,7,0,23,44,3,70,0,0,0,70
05/03/2013,HXD,SC,ASO,ES,Federal Contract Tower,0,19,41,2,62,0,0,0,0,0,0,19,41,2,62,2,2,4,66
05/04/2013,HXD,SC,ASO,ES,Federal Contract Tower,0,29,33,0,62,0,0,0,0,0,0,29,33,0,62,0,0,0,62
05/05/2013,HXD,SC,ASO,ES,Federal Contract Tower,0,25,38,0,63,0,0,0,0,0,0,25,38,0,63,0,0,0,63
05/06/2013,HXD,SC,ASO,ES,Federal Contract Tower,0,19,27,0,46,0,0,27,0,27,0,19,54,0,73,4,0,4,77
05/07/2013,HXD,SC,ASO,ES,Federal Contract Tower,0,28,25,0,53,0,0,11,0,11,0,28,36,0,64,12,0,12,76
05/08/2013,HXD,SC,ASO,ES,Federal Contract Tower,0,28,37,0,65,0,0,40,0,40,0,28,77,0,105,20,0,20,125
05/09/2013,HXD,SC,ASO,ES,Federal Contract Tower,0,24,32,0,56,0,0,41,0,41,0,24,73,0,97,2,0,2,99
05/10/2013,HXD,SC,ASO,ES,Federal Contract Tower,0,24,41,0,65,0,1,44,0,45,0,25,85,0,110,10,4,14,124
05/11/2013,HXD,SC,ASO,ES,Federal Contract Tower,0,24,38,0,62,0,1,47,0,48,0,25,85,0,110,10,0,10,120
05/12/2013,HXD,SC,ASO,ES,Federal Contract Tower,0,24,42,0,66,0,0,47,0,47,0,24,89,0,113,4,0,4,117
05/13/2013,HXD,SC,ASO,ES,Federal Contract Tower,0,13,24,0,37,0,1,30,0,31,0,14,54,0,68,4,4,8,76
05/14/2013,HXD,SC,ASO,ES,Federal Contract Tower,0,20,23,0,43,0,0,30,0,30,0,20,53,0,73,0,0,0,73
05/15/2013,HXD,SC,ASO,ES,Federal Contract Tower,0,23,47,0,70,0,0,65,0,65,0,23,112,0,135,14,0,14,149
05/16/2013,HXD,SC,ASO,ES,Federal Contract Tower,0,20,35,0,55,0,0,51,0,51,0,20,86,0,106,21,0,21,127
05/17/2013,HXD,SC,ASO,ES,Federal Contract Tower,0,19,24,0,43,0,0,28,0,28,0,19,52,0,71,10,0,10,81
05/18/2013,HXD,SC,ASO,ES,Federal Contract Tower,0,26,19,0,45,0,1,31,0,32,0,27,50,0,77,7,0,7,84
05/19/2013,HXD,SC,ASO,ES,Federal Contract Tower,0,23,40,0,63,0,0,25,2,27,0,23,65,2,90,0,2,2,92
05/20/2013,HXD,SC,ASO,ES,Federal Contract Tower,0,21,21,0,42,0,0,9,2,11,0,21,30,2,53,0,6,6,59
05/21/2013,HXD,SC,ASO,ES,Federal Contract Tower,0,22,17,1,40,0,0,12,1,13,0,22,29,2,53,0,4,4,57
05/22/2013,HXD,SC,ASO,ES,Federal Contract Tower,0,21,37,0,58,0,0,36,2,38,0,21,73,2,96,18,14,32,128
05/23/2013,HXD,SC,ASO,ES,Federal Contract Tower,0,31,37,0,68,0,40,0,0,40,0,71,37,0,108,6,0,6,114
05/24/2013,HXD,SC,ASO,ES,Federal Contract Tower,0,38,53,0,91,0,1,49,0,50,0,39,102,0,141,16,0,16,157
05/25/2013,HXD,SC,ASO,ES,Federal Contract Tower,0,22,34,0,56,0,1,58,0,59,0,23,92,0,115,12,0,12,127
05/26/2013,HXD,SC,ASO,ES,Federal Contract Tower,0,20,23,0,43,0,0,36,0,36,0,20,59,0,79,4,0,4,83
05/27/2013,HXD,SC,ASO,ES,Federal Contract Tower,0,39,45,0,84,0,0,57,0,57,0,39,102,0,141,4,0,4,145
05/28/2013,HXD,SC,ASO,ES,Federal Contract Tower,0,31,36,0,67,0,0,49,0,49,0,31,85,0,116,8,0,8,124
05/29/2013,HXD,SC,ASO,ES,Federal Contract Tower,0,30,50,0,80,0,0,66,0,66,0,30,116,0,146,21,0,21,167
05/30/2013,HXD,SC,ASO,ES,Federal Contract Tower,0,29,46,0,75,0,0,50,0,50,0,29,96,0,125,18,0,18,143
05/31/2013,HXD,SC,ASO,ES,Federal Contract Tower,0,25,50,0,75,0,1,49,0,50,0,26,99,0,125,6,0,6,131
06/01/2013,HXD,SC,ASO,ES,Federal Contract Tower,0,22,30,0,52,0,1,53,2,56,0,23,83,2,108,10,4,14,122
06/02/2013,HXD,SC,ASO,ES,Federal Contract Tower,0,22,39,0,61,0,0,33,0,33,0,22,72,0,94,3,1,4,98
06/03/2013,HXD,SC,ASO,ES,Federal Contract Tower,0,14,24,0,38,0,0,8,2,10,0,14,32,2,48,0,0,0,48
06/04/2013,HXD,SC,ASO,ES,Federal Contract Tower,0,19,37,0,56,0,2,42,0,44,0,21,79,0,100,8,8,16,116
06/05/2013,HXD,SC,ASO,ES,Federal Contract Tower,0,27,36,0,63,0,0,7,0,7,0,27,43,0,70,0,0,0,70
06/06/2013,HXD,SC,ASO,ES,Federal Contract Tower,0,23,26,0,49,0,0,6,0,6,0,23,32,0,55,0,0,0,55
06/07/2013,HXD,SC,ASO,ES,Federal Contract Tower,0,18,31,0,49,0,0,4,0,4,0,18,35,0,53,0,0,0,53
06/08/2013,HXD,SC,ASO,ES,Federal Contract Tower,0,26,42,0,68,0,1,43,0,44,0,27,85,0,112,2,0,2,114
06/09/2013,HXD,SC,ASO,ES,Federal Contract Tower,0,21,52,0,73,0,0,24,0,24,0,21,76,0,97,2,0,2,99
06/10/2013,HXD,SC,ASO,ES,Federal Contract Tower,0,21,15,0,36,0,0,5,0,5,0,21,20,0,41,0,0,0,41
06/11/2013,HXD,SC,ASO,ES,Federal Contract Tower,0,21,29,0,50,0,0,45,0,45,0,21,74,0,95,10,0,10,105
06/12/2013,HXD,SC,ASO,ES,Federal Contract Tower,0,22,39,0,61,0,0,48,0,48,0,22,87,0,109,31,0,31,140
06/13/2013,HXD,SC,ASO,ES,Federal Contract Tower,0,14,23,0,37,0,0,35,0,35,0,14,58,0,72,10,0,10,82
06/14/2013,HXD,SC,ASO,ES,Federal Contract Tower,0,23,24,0,47,0,0,41,0,41,0,23,65,0,88,6,0,6,94
06/15/2013,HXD,SC,ASO,ES,Federal Contract Tower,0,27,35,0,62,0,5,56,0,61,0,32,91,0,123,10,0,10,133
06/16/2013,HXD,SC,ASO,ES,Federal Contract Tower,0,27,51,0,78,0,0,64,0,64,0,27,115,0,142,4,0,4,146
06/17/2013,HXD,SC,ASO,ES,Federal Contract Tower,0,20,34,0,54,0,1,41,1,43,0,21,75,1,97,24,0,24,121
06/18/2013,HXD,SC,ASO,ES,Federal Contract Tower,0,24,37,0,61,0,1,56,1,58,0,25,93,1,119,10,0,10,129
06/19/2013,HXD,SC,ASO,ES,Federal Contract Tower,0,23,27,0,50,0,0,12,0,12,0,23,39,0,62,2,0,2,64
06/20/2013,HXD,SC,ASO,ES,Federal Contract Tower,0,22,51,0,73,0,0,40,2,42,0,22,91,2,115,0,0,0,115
06/21/2013,HXD,SC,ASO,ES,Federal Contract Tower,0,24,57,0,81,0,0,37,4,41,0,24,94,4,122,0,2,2,124
06/22/2013,HXD,SC,ASO,ES,Federal Contract Tower,0,25,42,4,71,0,0,34,0,34,0,25,76,4,105,0,4,4,109
06/23/2013,HXD,SC,ASO,ES,Federal Contract Tower,0,15,35,0,50,0,0,41,0,41,0,15,76,0,91,10,4,14,105
06/24/2013,HXD,SC,ASO,ES,Federal Contract Tower,0,20,45,0,65,0,0,49,0,49,0,20,94,0,114,26,0,26,140
06/25/2013,HXD,SC,ASO,ES,Federal Contract Tower,0,26,30,0,56,0,1,41,0,42,0,27,71,0,98,10,0,10,108
06/26/2013,HXD,SC,ASO,ES,Federal Contract Tower,0,24,26,0,50,0,0,26,2,28,0,24,52,2,78,2,4,6,84
06/27/2013,HXD,SC,ASO,ES,Federal Contract Tower,0,22,50,0,72,0,1,49,0,50,0,23,99,0,122,6,2,8,130
06/28/2013,HXD,SC,ASO,ES,Federal Contract Tower,0,25,38,0,63,0,0,27,0,27,0,25,65,0,90,4,0,4,94
06/29/2013,HXD,SC,ASO,ES,Federal Contract Tower,0,28,40,0,68,0,0,37,0,37,0,28,77,0,105,4,4,8,113
06/30/2013,HXD,SC,ASO,ES,Federal Contract Tower,0,22,32,0,54,0,0,24,0,24,0,22,56,0,78,2,0,2,80
07/01/2013,HXD,SC,ASO,ES,Federal Contract Tower,0,26,17,0,43,0,0,7,0,7,0,26,24,0,50,22,0,22,72
07/02/2013,HXD,SC,ASO,ES,Federal Contract Tower,0,17,26,0,43,0,0,11,0,11,0,17,37,0,54,10,0,10,64
07/03/2013,HXD,SC,ASO,ES,Federal Contract Tower,0,31,36,0,67,0,0,11,0,11,0,31,47,0,78,6,0,6,84
07/04/2013,HXD,SC,ASO,ES,Federal Contract Tower,0,16,22,0,38,0,0,25,0,25,0,16,47,0,63,4,0,4,67
07/05/2013,HXD,SC,ASO,ES,Federal Contract Tower,0,16,27,0,43,0,0,26,0,26,0,16,53,0,69,0,0,0,69
07/06/2013,HXD,SC,ASO,ES,Federal Contract Tower,0,24,29,0,53,0,1,31,0,32,0,25,60,0,85,4,0,4,89
07/07/2013,HXD,SC,ASO,ES,Federal Contract Tower,0,44,66,0,110,0,0,41,0,41,0,44,107,0,151,0,0,0,151
07/08/2013,HXD,SC,ASO,ES,Federal Contract Tower,0,29,33,0,62,0,0,27,0,27,0,29,60,0,89,6,0,6,95
07/09/2013,HXD,SC,ASO,ES,Federal Contract Tower,0,25,24,0,49,0,0,28,0,28,0,25,52,0,77,0,2,2,79
07/10/2013,HXD,SC,ASO,ES,Federal Contract Tower,0,21,31,0,52,0,0,24,0,24,0,21,55,0,76,0,0,0,76
07/11/2013,HXD,SC,ASO,ES,Federal Contract Tower,0,16,23,0,39,0,0,29,4,33,0,16,52,4,72,8,0,8,80
07/12/2013,HXD,SC,ASO,ES,Federal Contract Tower,0,17,26,0,43,0,3,6,0,9,0,20,32,0,52,0,0,0,52
07/13/2013,HXD,SC,ASO,ES,Federal Contract Tower,0,27,27,0,54,0,1,10,0,11,0,28,37,0,65,0,0,0,65
07/14/2013,HXD,SC,ASO,ES,Federal Contract Tower,0,21,36,0,57,0,0,7,0,7,0,21,43,0,64,0,0,0,64
07/15/2013,HXD,SC,ASO,ES,Federal Contract Tower,0,18,31,0,49,0,0,30,0,30,0,18,61,0,79,0,0,0,79
07/16/2013,HXD,SC,ASO,ES,Federal Contract Tower,0,20,36,0,56,0,0,44,0,44,0,20,80,0,100,0,0,0,100
07/17/2013,HXD,SC,ASO,ES,Federal Contract Tower,0,18,41,2,61,0,1,36,0,37,0,19,77,2,98,4,6,10,108
07/18/2013,HXD,SC,ASO,ES,Federal Contract Tower,0,21,27,0,48,0,0,27,0,27,0,21,54,0,75,0,0,0,75
07/19/2013,HXD,SC,ASO,ES,Federal Contract Tower,0,16,41,0,57,0,0,32,0,32,0,16,73,0,89,4,0,4,93
07/20/2013,HXD,SC,ASO,ES,Federal Contract Tower,0,27,43,0,70,0,1,43,0,44,0,28,86,0,114,20,4,24,138
07/21/2013,HXD,SC,ASO,ES,Federal Contract Tower,0,18,45,0,63,0,0,35,0,35,0,18,80,0,98,10,10,20,118
07/22/2013,HXD,SC,ASO,ES,Federal Contract Tower,0,15,23,0,38,0,0,23,0,23,0,15,46,0,61,6,0,6,67
07/23/2013,HXD,SC,ASO,ES,Federal Contract Tower,0,18,17,0,35,0,0,25,0,25,0,18,42,0,60,0,0,0,60
07/24/2013,HXD,SC,ASO,ES,Federal Contract Tower,0,17,53,0,70,0,0,22,0,22,0,17,75,0,92,0,0,0,92
07/25/2013,HXD,SC,ASO,ES,Federal Contract Tower,0,17,54,0,71,0,1,45,0,46,0,18,99,0,117,8,2,10,127
07/26/2013,HXD,SC,ASO,ES,Federal Contract Tower,0,24,47,0,71,0,0,23,0,23,0,24,70,0,94,2,2,4,98
07/27/2013,HXD,SC,ASO,ES,Federal Contract Tower,0,19,38,0,57,0,1,41,0,42,0,20,79,0,99,12,0,12,111
07/28/2013,HXD,SC,ASO,ES,Federal Contract Tower,0,14,39,0,53,0,0,53,0,53,0,14,92,0,106,20,0,20,126
07/29/2013,HXD,SC,ASO,ES,Federal Contract Tower,0,19,31,0,50,0,0,38,0,38,0,19,69,0,88,16,0,16,104
07/30/2013,HXD,SC,ASO,ES,Federal Contract Tower,0,18,24,4,46,0,0,38,0,38,0,18,62,4,84,16,6,22,106
07/31/2013,HXD,SC,ASO,ES,Federal Contract Tower,0,14,27,0,41,0,0,11,0,11,0,14,38,0,52,0,0,0,52
08/01/2013,HXD,SC,ASO,ES,Federal Contract Tower,0,20,25,0,45,0,1,4,0,5,0,21,29,0,50,0,0,0,50
08/02/2013,HXD,SC,ASO,ES,Federal Contract Tower,0,27,34,0,61,0,0,26,0,26,0,27,60,0,87,2,0,2,89
08/03/2013,HXD,SC,ASO,ES,Federal Contract Tower,0,21,32,0,53,0,1,19,0,20,0,22,51,0,73,0,6,6,79
08/04/2013,HXD,SC,ASO,ES,Federal Contract Tower,0,24,41,0,65,0,0,40,0,40,0,24,81,0,105,2,0,2,107
08/05/2013,HXD,SC,ASO,ES,Federal Contract Tower,0,18,19,0,37,0,0,21,0,21,0,18,40,0,58,0,0,0,58
08/06/2013,HXD,SC,ASO,ES,Federal Contract Tower,0,22,32,2,56,0,0,33,0,33,0,22,65,2,89,18,0,18,107
08/07/2013,HXD,SC,ASO,ES,Federal Contract Tower,0,23,40,0,63,0,0,47,0,47,0,23,87,0,110,4,0,4,114
08/08/2013,HXD,SC,ASO,ES,Federal Contract Tower,0,21,23,2,46,0,0,13,0,13,0,21,36,2,59,0,0,0,59
08/09/2013,HXD,SC,ASO,ES,Federal Contract Tower,0,15,37,0,52,0,1,35,2,38,0,16,72,2,90,0,4,4,94
08/10/2013,HXD,SC,ASO,ES,Federal Contract Tower,0,26,31,0,57,0,2,34,0,36,0,28,65,0,93,4,4,8,101
08/11/2013,HXD,SC,ASO,ES,Federal Contract Tower,0,18,42,0,60,0,1,45,0,46,0,19,87,0,106,10,0,10,116
08/12/2013,HXD,SC,ASO,ES,Federal Contract Tower,0,14,31,0,45,0,0,43,0,43,0,14,74,0,88,22,0,22,110
08/13/2013,HXD,SC,ASO,ES,Federal Contract Tower,0,21,24,4,49,0,0,46,5,51,0,21,70,9,100,22,6,28,128
08/14/2013,HXD,SC,ASO,ES,Federal Contract Tower,0,16,27,0,43,0,2,14,0,16,0,18,41,0,59,0,0,0,59
08/15/2013,HXD,SC,ASO,ES,Federal Contract Tower,0,20,22,0,42,0,0,1,0,1,0,20,23,0,43,0,0,0,43
08/16/2013,HXD,SC,ASO,ES,Federal Contract Tower,0,17,11,0,28,0,0,3,0,3,0,17,14,0,31,1,0,1,32
08/17/2013,HXD,SC,ASO,ES,Federal Contract Tower,0,22,23,0,45,0,0,0,0,0,0,22,23,0,45,2,2,4,49
08/18/2013,HXD,SC,ASO,ES,Federal Contract Tower,0,16,41,0,57,0,0,38,0,38,0,16,79,0,95,0,0,0,95
08/19/2013,HXD,SC,ASO,ES,Federal Contract Tower,0,20,14,0,34,0,1,25,1,27,0,21,39,1,61,20,0,20,81
08/20/2013,HXD,SC,ASO,ES,Federal Contract Tower,0,16,30,0,46,0,1,37,0,38,0,17,67,0,84,28,0,28,112
08/21/2013,HXD,SC,ASO,ES,Federal Contract Tower,0,18,28,2,48,0,0,31,0,31,0,18,59,2,79,8,2,10,89
08/22/2013,HXD,SC,ASO,ES,Federal Contract Tower,0,16,29,0,45,0,0,13,4,17,0,16,42,4,62,0,14,14,76
08/23/2013,HXD,SC,ASO,ES,Federal Contract Tower,0,26,37,0,63,0,1,47,0,48,0,27,84,0,111,6,0,6,117
08/24/2013,HXD,SC,ASO,ES,Federal Contract Tower,0,15,14,0,29,0,1,29,0,30,0,16,43,0,59,4,0,4,63
08/25/2013,HXD,SC,ASO,ES,Federal Contract Tower,0,21,43,0,64,0,0,48,0,48,0,21,91,0,112,6,0,6,118
08/26/2013,HXD,SC,ASO,ES,Federal Contract Tower,0,18,27,0,45,0,0,36,0,36,0,18,63,0,81,8,4,12,93
08/27/2013,HXD,SC,ASO,ES,Federal Contract Tower,0,22,25,2,49,0,0,42,0,42,0,22,67,2,91,12,4,16,107
08/28/2013,HXD,SC,ASO,ES,Federal Contract Tower,0,21,28,0,49,0,0,42,4,46,0,21,70,4,95,2,2,4,99
08/29/2013,HXD,SC,ASO,ES,Federal Contract Tower,0,20,32,0,52,0,0,24,0,24,0,20,56,0,76,0,0,0,76
08/30/2013,HXD,SC,ASO,ES,Federal Contract Tower,0,25,51,0,76,0,0,35,0,35,0,25,86,0,111,8,0,8,119
08/31/2013,HXD,SC,ASO,ES,Federal Contract Tower,0,13,31,4,48,0,0,36,0,36,0,13,67,4,84,4,4,8,92
09/01/2013,HXD,SC,ASO,ES,Federal Contract Tower,0,15,16,0,31,0,0,37,0,37,0,15,53,0,68,12,0,12,80
09/02/2013,HXD,SC,ASO,ES,Federal Contract Tower,0,26,60,0,86,0,0,36,0,36,0,26,96,0,122,12,0,12,134
09/03/2013,HXD,SC,ASO,ES,Federal Contract Tower,0,11,28,0,39,0,0,23,0,23,0,11,51,0,62,8,0,8,70
09/04/2013,HXD,SC,ASO,ES,Federal Contract Tower,0,17,40,0,57,0,0,40,0,40,0,17,80,0,97,32,0,32,129
09/05/2013,HXD,SC,ASO,ES,Federal Contract Tower,0,23,25,0,48,0,0,18,2,20,0,23,43,2,68,12,0,12,80
09/06/2013,HXD,SC,ASO,ES,Federal Contract Tower,0,23,37,0,60,0,0,0,0,0,0,23,37,0,60,2,1,3,63
09/07/2013,HXD,SC,ASO,ES,Federal Contract Tower,0,22,21,0,43,0,2,21,0,23,0,24,42,0,66,8,0,8,74
09/08/2013,HXD,SC,ASO,ES,Federal Contract Tower,0,21,34,0,55,0,1,32,0,33,0,22,66,0,88,0,0,0,88
09/09/2013,HXD,SC,ASO,ES,Federal Contract Tower,0,16,26,0,42,0,0,30,0,30,0,16,56,0,72,34,0,34,106
09/10/2013,HXD,SC,ASO,ES,Federal Contract Tower,0,17,29,0,46,0,0,38,0,38,0,17,67,0,84,4,0,4,88
09/11/2013,HXD,SC,ASO,ES,Federal Contract Tower,0,17,21,0,38,0,0,34,0,34,0,17,55,0,72,12,0,12,84
09/12/2013,HXD,SC,ASO,ES,Federal Contract Tower,0,21,15,2,38,0,0,44,0,44,0,21,59,2,82,12,0,12,94
09/13/2013,HXD,SC,ASO,ES,Federal Contract Tower,0,18,35,0,53,0,0,28,0,28,0,18,63,0,81,0,0,0,81
09/14/2013,HXD,SC,ASO,ES,Federal Contract Tower,0,19,19,0,38,0,0,43,0,43,0,19,62,0,81,0,0,0,81
09/15/2013,HXD,SC,ASO,ES,Federal Contract Tower,16,31,0,0,47,0,0,17,0,17,16,31,17,0,64,0,0,0,64
09/16/2013,HXD,SC,ASO,ES,Federal Contract Tower,0,18,26,0,44,0,1,26,5,32,0,19,52,5,76,0,40,40,116
09/17/2013,HXD,SC,ASO,ES,Federal Contract Tower,0,19,32,0,51,0,0,22,0,22,0,19,54,0,73,0,0,0,73
09/18/2013,HXD,SC,ASO,ES,Federal Contract Tower,0,19,34,0,53,0,1,48,0,49,0,20,82,0,102,0,0,0,102
09/19/2013,HXD,SC,ASO,ES,Federal Contract Tower,0,24,31,2,57,0,0,31,0,31,0,24,62,2,88,0,4,4,92
09/20/2013,HXD,SC,ASO,ES,Federal Contract Tower,0,25,23,0,48,0,1,20,0,21,0,26,43,0,69,0,0,0,69
09/21/2013,HXD,SC,ASO,ES,Federal Contract Tower,0,17,17,0,34,0,1,25,0,26,0,18,42,0,60,2,16,18,78
09/22/2013,HXD,SC,ASO,ES,Federal Contract Tower,0,22,23,0,45,0,0,11,0,11,0,22,34,0,56,0,0,0,56
09/23/2013,HXD,SC,ASO,ES,Federal Contract Tower,0,17,34,0,51,0,0,25,4,29,0,17,59,4,80,0,0,0,80
09/24/2013,HXD,SC,ASO,ES,Federal Contract Tower,0,20,33,4,57,0,0,34,0,34,0,20,67,4,91,4,18,22,113
09/25/2013,HXD,SC,ASO,ES,Federal Contract Tower,0,23,28,2,53,0,0,15,0,15,0,23,43,2,68,0,0,0,68
09/26/2013,HXD,SC,ASO,ES,Federal Contract Tower,0,21,29,0,50,0,0,0,0,0,0,21,29,0,50,0,0,0,50
09/27/2013,HXD,SC,ASO,ES,Federal Contract Tower,0,22,22,0,44,0,2,27,0,29,0,24,49,0,73,6,0,6,79
09/28/2013,HXD,SC,ASO,ES,Federal Contract Tower,0,15,14,0,29,0,1,22,6,29,0,16,36,6,58,6,0,6,64
09/29/2013,HXD,SC,ASO,ES,Federal Contract Tower,0,21,33,0,54,0,0,39,0,39,0,21,72,0,93,8,0,8,101
09/30/2013,HXD,SC,ASO,ES,Federal Contract Tower,0,18,20,0,38,0,0,37,0,37,0,18,57,0,75,6,0,6,81
10/01/2013,HXD,SC,ASO,ES,Federal Contract Tower,0,12,24,0,36,0,0,44,0,44,0,12,68,0,80,12,0,12,92
10/02/2013,HXD,SC,ASO,ES,Federal Contract Tower,0,14,25,0,39,0,0,33,0,33,0,14,58,0,72,4,0,4,76
10/03/2013,HXD,SC,ASO,ES,Federal Contract Tower,0,19,16,0,35,0,0,23,0,23,0,19,39,0,58,6,0,6,64
10/04/2013,HXD,SC,ASO,ES,Federal Contract Tower,0,25,26,0,51,0,0,23,0,23,0,25,49,0,74,8,0,8,82
10/05/2013,HXD,SC,ASO,ES,Federal Contract Tower,0,15,16,0,31,0,2,32,0,34,0,17,48,0,65,0,0,0,65
10/06/2013,HXD,SC,ASO,ES,Federal Contract Tower,0,24,39,0,63,0,0,21,0,21,0,24,60,0,84,0,0,0,84
10/07/2013,HXD,SC,ASO,ES,Federal Contract Tower,0,18,25,0,43,0,0,9,0,9,0,18,34,0,52,0,0,0,52
10/08/2013,HXD,SC,ASO,ES,Federal Contract Tower,0,16,25,0,41,0,0,1,0,1,0,16,26,0,42,0,0,0,42
10/09/2013,HXD,SC,ASO,ES,Federal Contract Tower,0,18,25,0,43,0,0,10,2,12,0,18,35,2,55,0,4,4,59
10/10/2013,HXD,SC,ASO,ES,Federal Contract Tower,0,19,37,0,56,0,1,29,0,30,0,20,66,0,86,2,0,2,88
10/11/2013,HXD,SC,ASO,ES,Federal Contract Tower,0,29,46,0,75,0,1,32,0,33,0,30,78,0,108,2,4,6,114
10/12/2013,HXD,SC,ASO,ES,Federal Contract Tower,0,13,29,0,42,0,1,39,0,40,0,14,68,0,82,4,0,4,86
10/13/2013,HXD,SC,ASO,ES,Federal Contract Tower,0,19,60,0,79,0,0,37,0,37,0,19,97,0,116,14,0,14,130
10/14/2013,HXD,SC,ASO,ES,Federal Contract Tower,0,29,46,0,75,0,0,5,0,5,0,29,51,0,80,0,0,0,80
10/15/2013,HXD,SC,ASO,ES,Federal Contract Tower,0,25,34,0,59,0,0,26,0,26,0,25,60,0,85,2,8,10,95
10/16/2013,HXD,SC,ASO,ES,Federal Contract Tower,0,25,22,0,47,0,0,13,0,13,0,25,35,0,60,0,0,0,60
10/17/2013,HXD,SC,ASO,ES,Federal Contract Tower,0,16,41,0,57,0,0,27,0,27,0,16,68,0,84,0,0,0,84
10/18/2013,HXD,SC,ASO,ES,Federal Contract Tower,0,19,29,0,48,0,1,20,2,23,0,20,49,2,71,4,10,14,85
10/19/2013,HXD,SC,ASO,ES,Federal Contract Tower,0,17,30,0,47,0,0,9,0,9,0,17,39,0,56,0,0,0,56
10/20/2013,HXD,SC,ASO,ES,Federal Contract Tower,0,25,40,0,65,0,0,38,0,38,0,25,78,0,103,34,0,34,137
10/21/2013,HXD,SC,ASO,ES,Federal Contract Tower,0,14,26,0,40,0,0,7,4,11,0,14,33,4,51,6,30,36,87
10/22/2013,HXD,SC,ASO,ES,Federal Contract Tower,0,18,20,0,38,0,0,13,0,13,0,18,33,0,51,0,8,8,59
10/23/2013,HXD,SC,ASO,ES,Federal Contract Tower,0,18,24,0,42,0,0,21,0,21,0,18,45,0,63,0,0,0,63
10/24/2013,HXD,SC,ASO,ES,Federal Contract Tower,0,23,32,0,55,0,0,37,0,37,0,23,69,0,92,14,0,14,106
10/25/2013,HXD,SC,ASO,ES,Federal Contract Tower,0,20,43,2,65,0,0,25,0,25,0,20,68,2,90,2,0,2,92
10/26/2013,HXD,SC,ASO,ES,Federal Contract Tower,0,17,14,0,31,0,1,42,0,43,0,18,56,0,74,8,0,8,82
10/27/2013,HXD,SC,ASO,ES,Federal Contract Tower,0,25,31,0,56,0,0,28,0,28,0,25,59,0,84,0,2,2,86
10/28/2013,HXD,SC,ASO,ES,Federal Contract Tower,0,17,27,0,44,0,0,21,2,23,0,17,48,2,67,0,2,2,69
10/29/2013,HXD,SC,ASO,ES,Federal Contract Tower,0,24,17,0,41,0,0,15,0,15,0,24,32,0,56,6,0,6,62
10/30/2013,HXD,SC,ASO,ES,Federal Contract Tower,0,16,24,0,40,0,1,25,0,26,0,17,49,0,66,6,0,6,72
10/31/2013,HXD,SC,ASO,ES,Federal Contract Tower,0,17,24,0,41,0,0,34,0,34,0,17,58,0,75,2,0,2,77
11/01/2013,HXD,SC,ASO,ES,Federal Contract Tower,0,15,20,0,35,0,1,8,1,10,0,16,28,1,45,0,3,3,48
11/02/2013,HXD,SC,ASO,ES,Federal Contract Tower,0,16,25,0,41,0,0,19,0,19,0,16,44,0,60,0,0,0,60
11/03/2013,HXD,SC,ASO,ES,Federal Contract Tower,0,18,36,0,54,0,0,34,0,34,0,18,70,0,88,0,0,0,88
11/04/2013,HXD,SC,ASO,ES,Federal Contract Tower,0,19,25,0,44,0,0,27,0,27,0,19,52,0,71,0,0,0,71
11/05/2013,HXD,SC,ASO,ES,Federal Contract Tower,0,17,19,0,36,0,1,15,0,16,0,18,34,0,52,0,0,0,52
11/06/2013,HXD,SC,ASO,ES,Federal Contract Tower,0,24,18,0,42,0,0,22,0,22,0,24,40,0,64,8,0,8,72
11/07/2013,HXD,SC,ASO,ES,Federal Contract Tower,0,12,21,0,33,0,1,13,0,14,0,13,34,0,47,0,0,0,47
11/08/2013,HXD,SC,ASO,ES,Federal Contract Tower,0,23,38,0,61,0,1,17,0,18,0,24,55,0,79,8,0,8,87
11/09/2013,HXD,SC,ASO,ES,Federal Contract Tower,0,13,13,0,26,0,1,21,0,22,0,14,34,0,48,6,0,6,54
11/10/2013,HXD,SC,ASO,ES,Federal Contract Tower,0,18,48,0,66,0,0,42,0,42,0,18,90,0,108,10,0,10,118
11/11/2013,HXD,SC,ASO,ES,Federal Contract Tower,0,28,37,0,65,0,1,40,0,41,0,29,77,0,106,4,0,4,110
11/12/2013,HXD,SC,ASO,ES,Federal Contract Tower,0,13,31,0,44,0,0,38,0,38,0,13,69,0,82,15,16,31,113
11/13/2013,HXD,SC,ASO,ES,Federal Contract Tower,0,20,17,4,41,0,2,8,0,10,0,22,25,4,51,0,0,0,51
11/14/2013,HXD,SC,ASO,ES,Federal Contract Tower,0,18,27,0,45,0,0,21,0,21,0,18,48,0,66,0,0,0,66
11/15/2013,HXD,SC,ASO,ES,Federal Contract Tower,0,19,21,0,40,0,2,22,0,24,0,21,43,0,64,8,0,8,72
11/16/2013,HXD,SC,ASO,ES,Federal Contract Tower,0,20,20,0,40,0,1,29,0,30,0,21,49,0,70,2,0,2,72
11/17/2013,HXD,SC,ASO,ES,Federal Contract Tower,0,14,25,0,39,0,0,3,0,3,0,14,28,0,42,0,0,0,42
11/18/2013,HXD,SC,ASO,ES,Federal Contract Tower,0,21,29,0,50,0,0,4,0,4,0,21,33,0,54,0,0,0,54
11/19/2013,HXD,SC,ASO,ES,Federal Contract Tower,0,18,22,0,40,0,1,14,0,15,0,19,36,0,55,0,0,0,55
11/20/2013,HXD,SC,ASO,ES,Federal Contract Tower,0,25,36,0,61,0,0,10,0,10,0,25,46,0,71,0,0,0,71
11/21/2013,HXD,SC,ASO,ES,Federal Contract Tower,0,17,28,2,47,0,0,5,0,5,0,17,33,2,52,2,0,2,54
11/22/2013,HXD,SC,ASO,ES,Federal Contract Tower,0,27,32,0,59,0,2,22,0,24,0,29,54,0,83,4,0,4,87
11/23/2013,HXD,SC,ASO,ES,Federal Contract Tower,0,19,19,0,38,0,2,7,0,9,0,21,26,0,47,0,0,0,47
11/24/2013,HXD,SC,ASO,ES,Federal Contract Tower,0,17,20,0,37,0,0,12,2,14,0,17,32,2,51,0,0,0,51
11/25/2013,HXD,SC,ASO,ES,Federal Contract Tower,0,26,20,2,48,0,0,16,0,16,0,26,36,2,64,0,0,0,64
11/26/2013,HXD,SC,ASO,ES,Federal Contract Tower,0,18,12,0,30,0,0,0,0,0,0,18,12,0,30,0,0,0,30
11/27/2013,HXD,SC,ASO,ES,Federal Contract Tower,0,23,15,0,38,0,0,1,0,1,0,23,16,0,39,0,0,0,39
11/28/2013,HXD,SC,ASO,ES,Federal Contract Tower,0,5,18,0,23,0,0,19,0,19,0,5,37,0,42,0,0,0,42
11/29/2013,HXD,SC,ASO,ES,Federal Contract Tower,0,19,21,0,40,0,2,38,0,40,0,21,59,0,80,0,0,0,80
11/30/2013,HXD,SC,ASO,ES,Federal Contract Tower,0,32,34,0,66,0,1,41,0,42,0,33,75,0,108,2,16,18,126
12/01/2013,HXD,SC,ASO,ES,Federal Contract Tower,0,32,46,0,78,0,0,29,0,29,0,32,75,0,107,8,0,8,115
12/02/2013,HXD,SC,ASO,ES,Federal Contract Tower,0,23,21,0,44,0,0,20,0,20,0,23,41,0,64,1,0,1,65
12/03/2013,HXD,SC,ASO,ES,Federal Contract Tower,0,8,15,0,23,0,1,12,2,15,0,9,27,2,38,0,0,0,38
12/04/2013,HXD,SC,ASO,ES,Federal Contract Tower,0,14,14,0,28,0,0,23,6,29,0,14,37,6,57,6,0,6,63
12/05/2013,HXD,SC,ASO,ES,Federal Contract Tower,0,10,24,2,36,0,0,17,6,23,0,10,41,8,59,0,19,19,78
12/06/2013,HXD,SC,ASO,ES,Federal Contract Tower,0,15,32,2,49,0,0,26,0,26,0,15,58,2,75,8,12,20,95
12/07/2013,HXD,SC,ASO,ES,Federal Contract Tower,0,5,18,0,23,0,0,14,0,14,0,5,32,0,37,12,14,26,63
12/08/2013,HXD,SC,ASO,ES,Federal Contract Tower,0,9,7,0,16,0,0,0,0,0,0,9,7,0,16,0,0,0,16
12/09/2013,HXD,SC,ASO,ES,Federal Contract Tower,0,4,13,0,17,0,0,2,0,2,0,4,15,0,19,0,0,0,19
12/10/2013,HXD,SC,ASO,ES,Federal Contract Tower,0,9,16,0,25,0,0,1,0,1,0,9,17,0,26,0,0,0,26
12/11/2013,HXD,SC,ASO,ES,Federal Contract Tower,0,20,27,4,51,0,0,33,0,33,0,20,60,4,84,10,18,28,112
12/12/2013,HXD,SC,ASO,ES,Federal Contract Tower,0,11,22,2,35,0,0,41,0,41,0,11,63,2,76,6,10,16,92
12/13/2013,HXD,SC,ASO,ES,Federal Contract Tower,0,14,30,0,44,0,0,41,0,41,0,14,71,0,85,16,4,20,105
12/14/2013,HXD,SC,ASO,ES,Federal Contract Tower,0,8,5,0,13,0,1,3,0,4,0,9,8,0,17,0,0,0,17
12/15/2013,HXD,SC,ASO,ES,Federal Contract Tower,0,11,22,0,33,0,0,8,0,8,0,11,30,0,41,0,0,0,41
12/16/2013,HXD,SC,ASO,ES,Federal Contract Tower,0,9,11,0,20,0,0,18,0,18,0,9,29,0,38,2,8,10,48
12/17/2013,HXD,SC,ASO,ES,Federal Contract Tower,0,9,16,0,25,0,1,32,0,33,0,10,48,0,58,2,0,2,60
12/18/2013,HXD,SC,ASO,ES,Federal Contract Tower,0,9,26,0,35,0,0,41,0,41,0,9,67,0,76,4,0,4,80
12/19/2013,HXD,SC,ASO,ES,Federal Contract Tower,0,24,21,0,45,0,0,36,0,36,0,24,57,0,81,6,0,6,87
12/20/2013,HXD,SC,ASO,ES,Federal Contract Tower,0,22,15,0,37,0,1,28,0,29,0,23,43,0,66,2,0,2,68
12/21/2013,HXD,SC,ASO,ES,Federal Contract Tower,0,14,28,0,42,0,0,22,0,22,0,14,50,0,64,2,0,2,66
12/22/2013,HXD,SC,ASO,ES,Federal Contract Tower,0,11,10,4,25,0,0,6,0,6,0,11,16,4,31,0,0,0,31
12/23/2013,HXD,SC,ASO,ES,Federal Contract Tower,0,16,20,0,36,0,0,2,0,2,0,16,22,0,38,0,0,0,38
12/24/2013,HXD,SC,ASO,ES,Federal Contract Tower,0,15,8,0,23,0,1,22,2,25,0,16,30,2,48,10,0,10,58
12/25/2013,HXD,SC,ASO,ES,Federal Contract Tower,0,13,2,0,15,0,0,10,0,10,0,13,12,0,25,0,0,0,25
12/26/2013,HXD,SC,ASO,ES,Federal Contract Tower,0,19,29,0,48,0,1,13,0,14,0,20,42,0,62,0,0,0,62
12/27/2013,HXD,SC,ASO,ES,Federal Contract Tower,0,26,33,0,59,0,0,17,0,17,0,26,50,0,76,0,0,0,76
12/28/2013,HXD,SC,ASO,ES,Federal Contract Tower,0,15,31,0,46,0,1,27,0,28,0,16,58,0,74,2,0,2,76
12/29/2013,HXD,SC,ASO,ES,Federal Contract Tower,0,18,22,0,40,0,0,13,0,13,0,18,35,0,53,2,0,2,55
12/30/2013,HXD,SC,ASO,ES,Federal Contract Tower,0,18,26,0,44,0,1,26,0,27,0,19,52,0,71,0,0,0,71
12/31/2013,HXD,SC,ASO,ES,Federal Contract Tower,0,28,22,0,50,0,1,21,1,23,0,29,43,1,73,0,0,0,73
01/01/2014,HXD,SC,ASO,ES,Federal Contract Tower,0,17,23,0,40,0,0,6,0,6,0,17,29,0,46,0,0,0,46
01/02/2014,HXD,SC,ASO,ES,Federal Contract Tower,0,12,9,0,21,0,0,0,0,0,0,12,9,0,21,0,0,0,21
01/03/2014,HXD,SC,ASO,ES,Federal Contract Tower,0,21,23,0,44,0,4,20,0,24,0,25,43,0,68,0,0,0,68
01/04/2014,HXD,SC,ASO,ES,Federal Contract Tower,0,21,28,0,49,0,1,32,0,33,0,22,60,0,82,0,0,0,82
01/05/2014,HXD,SC,ASO,ES,Federal Contract Tower,0,21,13,0,34,0,0,9,0,9,0,21,22,0,43,0,0,0,43
01/06/2014,HXD,SC,ASO,ES,Federal Contract Tower,0,14,10,0,24,0,0,5,0,5,0,14,15,0,29,0,0,0,29
01/07/2014,HXD,SC,ASO,ES,Federal Contract Tower,0,8,11,0,19,0,2,10,0,12,0,10,21,0,31,0,0,0,31
01/08/2014,HXD,SC,ASO,ES,Federal Contract Tower,0,11,21,0,32,0,0,39,0,39,0,11,60,0,71,23,0,23,94
01/09/2014,HXD,SC,ASO,ES,Federal Contract Tower,0,16,19,0,35,0,0,16,0,16,0,16,35,0,51,2,0,2,53
01/10/2014,HXD,SC,ASO,ES,Federal Contract Tower,0,17,19,0,36,0,0,6,0,6,0,17,25,0,42,0,0,0,42
01/11/2014,HXD,SC,ASO,ES,Federal Contract Tower,0,0,2,0,2,0,0,0,0,0,0,0,2,0,2,0,0,0,2
01/12/2014,HXD,SC,ASO,ES,Federal Contract Tower,0,12,22,0,34,0,0,45,4,49,0,12,67,4,83,28,0,28,111
01/13/2014,HXD,SC,ASO,ES,Federal Contract Tower,0,9,18,0,27,0,0,14,0,14,0,9,32,0,41,0,0,0,41
01/14/2014,HXD,SC,ASO,ES,Federal Contract Tower,0,10,16,0,26,0,0,9,0,9,0,10,25,0,35,0,0,0,35
01/15/2014,HXD,SC,ASO,ES,Federal Contract Tower,0,9,14,0,23,0,0,36,0,36,0,9,50,0,59,0,0,0,59
01/16/2014,HXD,SC,ASO,ES,Federal Contract Tower,0,11,25,2,38,0,0,38,4,42,0,11,63,6,80,4,20,24,104
01/17/2014,HXD,SC,ASO,ES,Federal Contract Tower,0,8,30,0,38,0,3,28,4,35,0,11,58,4,73,10,12,22,95
01/18/2014,HXD,SC,ASO,ES,Federal Contract Tower,0,9,20,0,29,0,1,29,0,30,0,10,49,0,59,4,0,4,63
01/19/2014,HXD,SC,ASO,ES,Federal Contract Tower,0,9,28,0,37,0,0,38,0,38,0,9,66,0,75,16,8,24,99
01/20/2014,HXD,SC,ASO,ES,Federal Contract Tower,0,11,35,0,46,0,1,20,0,21,0,12,55,0,67,0,2,2,69
01/21/2014,HXD,SC,ASO,ES,Federal Contract Tower,0,10,23,0,33,0,0,13,0,13,0,10,36,0,46,0,0,0,46
01/22/2014,HXD,SC,ASO,ES,Federal Contract Tower,0,14,24,0,38,0,1,19,2,22,0,15,43,2,60,0,0,0,60
01/23/2014,HXD,SC,ASO,ES,Federal Contract Tower,0,12,21,0,33,0,0,14,0,14,0,12,35,0,47,0,0,0,47
01/24/2014,HXD,SC,ASO,ES,Federal Contract Tower,0,8,29,0,37,0,3,30,0,33,0,11,59,0,70,0,0,0,70
01/25/2014,HXD,SC,ASO,ES,Federal Contract Tower,0,10,7,8,25,0,1,12,0,13,0,11,19,8,38,0,12,12,50
01/26/2014,HXD,SC,ASO,ES,Federal Contract Tower,0,12,20,0,32,0,0,34,0,34,0,12,54,0,66,6,0,6,72
01/27/2014,HXD,SC,ASO,ES,Federal Contract Tower,0,11,22,0,33,0,0,18,0,18,0,11,40,0,51,4,0,4,55
01/28/2014,HXD,SC,ASO,ES,Federal Contract Tower,0,4,7,0,11,0,0,1,1,2,0,4,8,1,13,0,0,0,13
01/29/2014,HXD,SC,ASO,ES,Federal Contract Tower,0,1,0,0,1,0,0,2,0,2,0,1,2,0,3,0,0,0,3
01/30/2014,HXD,SC,ASO,ES,Federal Contract Tower,0,12,15,1,28,0,0,9,1,10,0,12,24,2,38,4,4,8,46
01/31/2014,HXD,SC,ASO,ES,Federal Contract Tower,0,13,29,0,42,0,0,14,6,20,0,13,43,6,62,0,0,0,62
02/01/2014,HXD,SC,ASO,ES,Federal Contract Tower,0,8,9,0,17,0,0,0,0,0,0,8,9,0,17,0,0,0,17
02/02/2014,HXD,SC,ASO,ES,Federal Contract Tower,0,15,23,0,38,0,0,31,2,33,0,15,54,2,71,14,0,14,85
02/03/2014,HXD,SC,ASO,ES,Federal Contract Tower,0,6,14,0,20,0,0,4,0,4,0,6,18,0,24,12,0,12,36
02/04/2014,HXD,SC,ASO,ES,Federal Contract Tower,0,6,9,1,16,0,0,0,0,0,0,6,9,1,16,0,0,0,16
02/05/2014,HXD,SC,ASO,ES,Federal Contract Tower,0,6,10,0,16,0,0,0,0,0,0,6,10,0,16,0,0,0,16
02/06/2014,HXD,SC,ASO,ES,Federal Contract Tower,0,12,23,0,35,0,0,39,0,39,0,12,62,0,74,6,0,6,80
02/07/2014,HXD,SC,ASO,ES,Federal Contract Tower,0,13,31,4,48,0,0,27,0,27,0,13,58,4,75,0,0,0,75
02/08/2014,HXD,SC,ASO,ES,Federal Contract Tower,0,12,16,0,28,0,1,4,0,5,0,13,20,0,33,8,0,8,41
02/09/2014,HXD,SC,ASO,ES,Federal Contract Tower,0,8,29,0,37,0,0,47,6,53,0,8,76,6,90,38,0,38,128
02/10/2014,HXD,SC,ASO,ES,Federal Contract Tower,0,10,17,2,29,0,0,26,0,26,0,10,43,2,55,2,2,4,59
02/11/2014,HXD,SC,ASO,ES,Federal Contract Tower,0,10,18,1,29,0,0,0,1,1,0,10,18,2,30,0,12,12,42
02/12/2014,HXD,SC,ASO,ES,Federal Contract Tower,0,3,3,0,6,0,0,0,0,0,0,3,3,0,6,0,0,0,6
02/13/2014,HXD,SC,ASO,ES,Federal Contract Tower,0,8,17,0,25,0,0,2,0,2,0,8,19,0,27,0,0,0,27
02/14/2014,HXD,SC,ASO,ES,Federal Contract Tower,0,10,18,2,30,0,0,26,0,26,0,10,44,2,56,2,2,4,60
02/15/2014,HXD,SC,ASO,ES,Federal Contract Tower,0,14,11,0,25,0,1,4,0,5,0,15,15,0,30,8,0,8,38
02/16/2014,HXD,SC,ASO,ES,Federal Contract Tower,0,15,33,0,48,0,0,40,0,40,0,15,73,0,88,8,0,8,96
02/17/2014,HXD,SC,ASO,ES,Federal Contract Tower,0,19,32,0,51,0,0,32,0,32,0,19,64,0,83,0,0,0,83
02/18/2014,HXD,SC,ASO,ES,Federal Contract Tower,0,13,19,0,32,0,0,24,4,28,0,13,43,4,60,16,0,16,76
02/19/2014,HXD,SC,ASO,ES,Federal Contract Tower,0,15,21,0,36,0,1,29,2,32,0,16,50,2,68,16,12,28,96
02/20/2014,HXD,SC,ASO,ES,Federal Contract Tower,0,20,28,0,48,0,0,32,0,32,0,20,60,0,80,0,0,0,80
02/21/2014,HXD,SC,ASO,ES,Federal Contract Tower,0,9,19,0,28,0,0,8,0,8,0,9,27,0,36,0,0,0,36
02/22/2014,HXD,SC,ASO,ES,Federal Contract Tower,0,13,16,2,31,0,1,55,0,56,0,14,71,2,87,14,2,16,103
02/23/2014,HXD,SC,ASO,ES,Federal Contract Tower,0,9,20,2,31,0,0,33,0,33,0,9,53,2,64,0,0,0,64
02/24/2014,HXD,SC,ASO,ES,Federal Contract Tower,0,15,22,0,37,0,0,25,8,33,0,15,47,8,70,10,0,10,80
02/25/2014,HXD,SC,ASO,ES,Federal Contract Tower,0,13,26,0,39,0,0,23,2,25,0,13,49,2,64,6,0,6,70
02/26/2014,HXD,SC,ASO,ES,Federal Contract Tower,0,10,21,0,31,0,0,0,0,0,0,10,21,0,31,0,0,0,31
02/27/2014,HXD,SC,ASO,ES,Federal Contract Tower,0,13,20,0,33,0,0,27,0,27,0,13,47,0,60,6,0,6,66
02/28/2014,HXD,SC,ASO,ES,Federal Contract Tower,0,16,27,0,43,0,1,27,0,28,0,17,54,0,71,0,0,0,71
03/01/2014,HXD,SC,ASO,ES,Federal Contract Tower,0,11,21,2,34,0,1,24,0,25,0,12,45,2,59,0,0,0,59
03/02/2014,HXD,SC,ASO,ES,Federal Contract Tower,0,14,20,0,34,0,0,42,0,42,0,14,62,0,76,14,0,14,90
03/03/2014,HXD,SC,ASO,ES,Federal Contract Tower,0,8,10,0,18,0,2,8,0,10,0,10,18,0,28,0,0,0,28
03/04/2014,HXD,SC,ASO,ES,Federal Contract Tower,0,15,12,2,29,0,0,4,0,4,0,15,16,2,33,0,0,0,33
03/05/2014,HXD,SC,ASO,ES,Federal Contract Tower,0,9,16,0,25,0,0,0,0,0,0,9,16,0,25,0,0,0,25
03/06/2014,HXD,SC,ASO,ES,Federal Contract Tower,0,23,9,0,32,0,0,0,0,0,0,23,9,0,32,0,0,0,32
03/07/2014,HXD,SC,ASO,ES,Federal Contract Tower,0,19,41,0,60,0,0,0,0,0,0,19,41,0,60,0,0,0,60
03/08/2014,HXD,SC,ASO,ES,Federal Contract Tower,0,13,19,0,32,0,1,48,6,55,0,14,67,6,87,10,0,10,97
03/09/2014,HXD,SC,ASO,ES,Federal Contract Tower,0,25,57,0,82,0,0,60,0,60,0,25,117,0,142,16,0,16,158
03/10/2014,HXD,SC,ASO,ES,Federal Contract Tower,0,18,23,0,41,0,0,29,2,31,0,18,52,2,72,4,6,10,82
03/11/2014,HXD,SC,ASO,ES,Federal Contract Tower,0,17,16,0,33,0,0,38,2,40,0,17,54,2,73,0,0,0,73
03/12/2014,HXD,SC,ASO,ES,Federal Contract Tower,0,19,9,0,28,0,0,15,0,15,0,19,24,0,43,0,0,0,43
03/13/2014,HXD,SC,ASO,ES,Federal Contract Tower,0,25,21,0,46,0,0,19,0,19,0,25,40,0,65,0,7,7,72
03/14/2014,HXD,SC,ASO,ES,Federal Contract Tower,0,18,39,0,57,0,1,51,0,52,0,19,90,0,109,8,0,8,117
03/15/2014,HXD,SC,ASO,ES,Federal Contract Tower,0,16,21,0,37,0,6,26,0,32,0,22,47,0,69,0,0,0,69
03/16/2014,HXD,SC,ASO,ES,Federal Contract Tower,0,20,31,0,51,0,0,21,0,21,0,20,52,0,72,0,0,0,72
03/17/2014,HXD,SC,ASO,ES,Federal Contract Tower,0,7,10,0,17,0,0,0,0,0,0,7,10,0,17,0,0,0,17
03/18/2014,HXD,SC,ASO,ES,Federal Contract Tower,0,17,20,0,37,0,0,0,0,0,0,17,20,0,37,0,0,0,37
03/19/2014,HXD,SC,ASO,ES,Federal Contract Tower,0,22,38,0,60,0,0,19,0,19,0,22,57,0,79,0,0,0,79
03/20/2014,HXD,SC,ASO,ES,Federal Contract Tower,0,26,33,4,63,0,1,53,3,57,0,27,86,7,120,0,0,0,120
03/21/2014,HXD,SC,ASO,ES,Federal Contract Tower,0,26,39,0,65,0,4,23,0,27,0,30,62,0,92,0,0,0,92
03/22/2014,HXD,SC,ASO,ES,Federal Contract Tower,0,23,19,6,48,0,4,16,0,20,0,27,35,6,68,0,0,0,68
03/23/2014,HXD,SC,ASO,ES,Federal Contract Tower,0,29,40,0,69,0,1,15,0,16,0,30,55,0,85,8,0,8,93
03/24/2014,HXD,SC,ASO,ES,Federal Contract Tower,0,17,21,1,39,0,0,17,1,18,0,17,38,2,57,0,0,0,57
03/25/2014,HXD,SC,ASO,ES,Federal Contract Tower,0,24,13,0,37,0,1,13,1,15,0,25,26,1,52,0,0,0,52
03/26/2014,HXD,SC,ASO,ES,Federal Contract Tower,0,21,25,0,46,0,1,35,0,36,0,22,60,0,82,8,0,8,90
03/27/2014,HXD,SC,ASO,ES,Federal Contract Tower,0,29,32,0,61,0,0,36,0,36,0,29,68,0,97,0,0,0,97
03/28/2014,HXD,SC,ASO,ES,Federal Contract Tower,0,23,28,0,51,0,1,24,0,25,0,24,52,0,76,4,0,4,80
03/29/2014,HXD,SC,ASO,ES,Federal Contract Tower,0,21,17,4,42,0,0,7,0,7,0,21,24,4,49,0,0,0,49
03/30/2014,HXD,SC,ASO,ES,Federal Contract Tower,0,34,37,2,73,0,1,4,0,5,0,35,41,2,78,4,0,4,82
03/31/2014,HXD,SC,ASO,ES,Federal Contract Tower,0,21,17,0,38,0,0,31,4,35,0,21,48,4,73,2,12,14,87
04/01/2014,HXD,SC,ASO,ES,Federal Contract Tower,0,18,24,0,42,0,0,26,4,30,0,18,50,4,72,0,10,10,82
04/02/2014,HXD,SC,ASO,ES,Federal Contract Tower,0,20,43,0,63,0,0,33,2,35,0,20,76,2,98,0,0,0,98
04/03/2014,HXD,SC,ASO,ES,Federal Contract Tower,0,18,44,0,62,0,0,41,0,41,0,18,85,0,103,8,2,10,113
04/04/2014,HXD,SC,ASO,ES,Federal Contract Tower,0,19,25,0,44,0,0,26,0,26,0,19,51,0,70,0,0,0,70
04/05/2014,HXD,SC,ASO,ES,Federal Contract Tower,0,18,26,0,44,0,5,32,0,37,0,23,58,0,81,2,0,2,83
04/06/2014,HXD,SC,ASO,ES,Federal Contract Tower,0,12,41,0,53,0,0,0,0,0,0,12,41,0,53,0,0,0,53
04/07/2014,HXD,SC,ASO,ES,Federal Contract Tower,0,11,3,0,14,0,0,4,0,4,0,11,7,0,18,0,0,0,18
04/08/2014,HXD,SC,ASO,ES,Federal Contract Tower,0,19,18,0,37,0,0,3,0,3,0,19,21,0,40,0,0,0,40
04/09/2014,HXD,SC,ASO,ES,Federal Contract Tower,0,15,16,0,31,0,0,26,0,26,0,15,42,0,57,4,0,4,61
04/10/2014,HXD,SC,ASO,ES,Federal Contract Tower,0,26,33,2,61,0,2,64,0,66,0,28,97,2,127,14,0,14,141
04/11/2014,HXD,SC,ASO,ES,Federal Contract Tower,0,22,36,0,58,0,1,43,6,50,0,23,79,6,108,7,2,9,117
04/12/2014,HXD,SC,ASO,ES,Federal Contract Tower,0,32,38,0,70,0,2,73,0,75,0,34,111,0,145,6,0,6,151
04/13/2014,HXD,SC,ASO,ES,Federal Contract Tower,0,26,48,0,74,0,1,47,3,51,0,27,95,3,125,0,0,0,125
04/14/2014,HXD,SC,ASO,ES,Federal Contract Tower,0,31,12,0,43,0,0,28,0,28,0,31,40,0,71,18,0,18,89
04/15/2014,HXD,SC,ASO,ES,Federal Contract Tower,0,19,20,2,41,0,0,1,0,1,0,19,21,2,42,0,0,0,42
04/16/2014,HXD,SC,ASO,ES,Federal Contract Tower,0,34,50,0,84,0,0,18,0,18,0,34,68,0,102,0,0,0,102
04/17/2014,HXD,SC,ASO,ES,Federal Contract Tower,0,39,79,0,118,0,0,25,0,25,0,39,104,0,143,0,0,0,143
04/18/2014,HXD,SC,ASO,ES,Federal Contract Tower,0,30,35,0,65,0,0,0,0,0,0,30,35,0,65,0,0,0,65
04/19/2014,HXD,SC,ASO,ES,Federal Contract Tower,0,19,23,0,42,0,0,0,0,0,0,19,23,0,42,0,0,0,42
04/20/2014,HXD,SC,ASO,ES,Federal Contract Tower,0,55,50,0,105,0,0,6,0,6,0,55,56,0,111,6,0,6,117
04/21/2014,HXD,SC,ASO,ES,Federal Contract Tower,0,41,41,0,82,0,0,32,0,32,0,41,73,0,114,4,0,4,118
04/22/2014,HXD,SC,ASO,ES,Federal Contract Tower,0,29,21,3,53,0,0,24,0,24,0,29,45,3,77,6,0,6,83
04/23/2014,HXD,SC,ASO,ES,Federal Contract Tower,0,31,19,0,50,0,0,45,0,45,0,31,64,0,95,2,0,2,97
04/24/2014,HXD,SC,ASO,ES,Federal Contract Tower,0,17,47,0,64,0,1,35,0,36,0,18,82,0,100,0,0,0,100
04/25/2014,HXD,SC,ASO,ES,Federal Contract Tower,0,27,35,0,62,0,2,27,0,29,0,29,62,0,91,0,0,0,91
04/26/2014,HXD,SC,ASO,ES,Federal Contract Tower,0,23,21,0,44,0,0,83,1,84,0,23,104,1,128,16,0,16,144
04/27/2014,HXD,SC,ASO,ES,Federal Contract Tower,0,24,39,0,63,0,0,33,0,33,0,24,72,0,96,18,0,18,114
04/28/2014,HXD,SC,ASO,ES,Federal Contract Tower,0,31,27,0,58,0,0,32,0,32,0,31,59,0,90,16,0,16,106
04/29/2014,HXD,SC,ASO,ES,Federal Contract Tower,0,17,12,0,29,0,0,3,0,3,0,17,15,0,32,0,0,0,32
04/30/2014,HXD,SC,ASO,ES,Federal Contract Tower,0,16,9,2,27,0,0,2,0,2,0,16,11,2,29,0,0,0,29
05/01/2014,HXD,SC,ASO,ES,Federal Contract Tower,0,20,16,0,36,0,1,11,0,12,0,21,27,0,48,2,0,2,50
05/02/2014,HXD,SC,ASO,ES,Federal Contract Tower,0,23,34,0,57,0,0,21,0,21,0,23,55,0,78,0,0,0,78
05/03/2014,HXD,SC,ASO,ES,Federal Contract Tower,0,19,32,0,51,0,0,44,0,44,0,19,76,0,95,2,0,2,97
05/04/2014,HXD,SC,ASO,ES,Federal Contract Tower,0,25,42,0,67,0,1,40,0,41,0,26,82,0,108,0,0,0,108
05/05/2014,HXD,SC,ASO,ES,Federal Contract Tower,0,28,13,0,41,0,0,39,2,41,0,28,52,2,82,2,0,2,84
05/06/2014,HXD,SC,ASO,ES,Federal Contract Tower,0,27,20,0,47,0,0,33,0,33,0,27,53,0,80,0,2,2,82
05/07/2014,HXD,SC,ASO,ES,Federal Contract Tower,0,19,23,0,42,0,0,41,2,43,0,19,64,2,85,0,0,0,85
05/08/2014,HXD,SC,ASO,ES,Federal Contract Tower,0,17,28,3,48,0,0,36,1,37,0,17,64,4,85,8,2,10,95
05/09/2014,HXD,SC,ASO,ES,Federal Contract Tower,0,18,27,0,45,0,2,38,0,40,0,20,65,0,85,0,0,0,85
05/10/2014,HXD,SC,ASO,ES,Federal Contract Tower,0,22,27,0,49,0,1,38,0,39,0,23,65,0,88,6,0,6,94
05/11/2014,HXD,SC,ASO,ES,Federal Contract Tower,0,21,32,0,53,0,0,46,0,46,0,21,78,0,99,12,0,12,111
05/12/2014,HXD,SC,ASO,ES,Federal Contract Tower,0,15,22,0,37,0,0,40,0,40,0,15,62,0,77,6,0,6,83
05/13/2014,HXD,SC,ASO,ES,Federal Contract Tower,0,21,32,2,55,0,0,33,0,33,0,21,65,2,88,2,3,5,93
05/14/2014,HXD,SC,ASO,ES,Federal Contract Tower,0,19,24,0,43,0,0,31,0,31,0,19,55,0,74,16,0,16,90
05/15/2014,HXD,SC,ASO,ES,Federal Contract Tower,0,7,15,0,22,0,0,0,0,0,0,7,15,0,22,0,0,0,22
05/16/2014,HXD,SC,ASO,ES,Federal Contract Tower,0,28,22,1,51,0,0,21,2,23,0,28,43,3,74,0,0,0,74
05/17/2014,HXD,SC,ASO,ES,Federal Contract Tower,0,29,28,1,58,0,2,39,0,41,0,31,67,1,99,0,0,0,99
05/18/2014,HXD,SC,ASO,ES,Federal Contract Tower,0,26,32,0,58,0,0,35,0,35,0,26,67,0,93,0,0,0,93
05/19/2014,HXD,SC,ASO,ES,Federal Contract Tower,0,26,28,0,54,0,0,40,0,40,0,26,68,0,94,2,0,2,96
05/20/2014,HXD,SC,ASO,ES,Federal Contract Tower,0,19,10,0,29,0,1,40,4,45,0,20,50,4,74,16,8,24,98
05/21/2014,HXD,SC,ASO,ES,Federal Contract Tower,0,20,31,0,51,0,0,51,0,51,0,20,82,0,102,50,0,50,152
05/22/2014,HXD,SC,ASO,ES,Federal Contract Tower,0,30,34,2,66,0,1,28,0,29,0,31,62,2,95,0,0,0,95
05/23/2014,HXD,SC,ASO,ES,Federal Contract Tower,0,32,43,0,75,0,1,36,0,37,0,33,79,0,112,6,0,6,118
05/24/2014,HXD,SC,ASO,ES,Federal Contract Tower,0,19,36,0,55,0,2,52,0,54,0,21,88,0,109,18,0,18,127
05/25/2014,HXD,SC,ASO,ES,Federal Contract Tower,0,18,16,0,34,0,0,39,0,39,0,18,55,0,73,16,0,16,89
05/26/2014,HXD,SC,ASO,ES,Federal Contract Tower,0,36,42,0,78,0,0,32,0,32,0,36,74,0,110,18,0,18,128
05/27/2014,HXD,SC,ASO,ES,Federal Contract Tower,0,26,35,0,61,0,1,34,0,35,0,27,69,0,96,2,0,2,98
05/28/2014,HXD,SC,ASO,ES,Federal Contract Tower,0,26,30,0,56,0,3,30,0,33,0,29,60,0,89,18,0,18,107
05/29/2014,HXD,SC,ASO,ES,Federal Contract Tower,0,26,26,2,54,0,0,45,2,47,0,26,71,4,101,0,10,10,111
05/30/2014,HXD,SC,ASO,ES,Federal Contract Tower,0,22,27,0,49,0,1,28,0,29,0,23,55,0,78,6,0,6,84
05/31/2014,HXD,SC,ASO,ES,Federal Contract Tower,0,28,26,0,54,0,0,25,0,25,0,28,51,0,79,2,0,2,81
06/01/2014,HXD,SC,ASO,ES,Federal Contract Tower,0,27,21,0,48,0,1,14,0,15,0,28,35,0,63,0,0,0,63
06/02/2014,HXD,SC,ASO,ES,Federal Contract Tower,0,17,24,0,41,0,1,26,0,27,0,18,50,0,68,0,0,0,68
06/03/2014,HXD,SC,ASO,ES,Federal Contract Tower,0,27,29,2,58,0,0,43,0,43,0,27,72,2,101,12,0,12,113
06/04/2014,HXD,SC,ASO,ES,Federal Contract Tower,0,16,26,0,42,0,1,34,5,40,0,17,60,5,82,8,0,8,90
06/05/2014,HXD,SC,ASO,ES,Federal Contract Tower,0,17,25,0,42,0,0,29,2,31,0,17,54,2,73,0,0,0,73
06/06/2014,HXD,SC,ASO,ES,Federal Contract Tower,0,24,37,0,61,0,0,30,0,30,0,24,67,0,91,0,0,0,91
06/07/2014,HXD,SC,ASO,ES,Federal Contract Tower,0,29,21,0,50,0,0,38,2,40,0,29,59,2,90,6,0,6,96
06/08/2014,HXD,SC,ASO,ES,Federal Contract Tower,0,19,40,0,59,0,0,10,0,10,0,19,50,0,69,0,0,0,69
06/09/2014,HXD,SC,ASO,ES,Federal Contract Tower,0,17,25,0,42,0,0,52,1,53,0,17,77,1,95,45,0,45,140
06/10/2014,HXD,SC,ASO,ES,Federal Contract Tower,0,15,18,1,34,0,0,33,13,46,0,15,51,14,80,10,52,62,142
06/11/2014,HXD,SC,ASO,ES,Federal Contract Tower,0,13,32,0,45,0,0,34,0,34,0,13,66,0,79,26,0,26,105
06/12/2014,HXD,SC,ASO,ES,Federal Contract Tower,0,19,24,0,43,0,0,23,0,23,0,19,47,0,66,24,0,24,90
06/13/2014,HXD,SC,ASO,ES,Federal Contract Tower,0,19,25,2,46,0,0,35,2,37,0,19,60,4,83,24,6,30,113
06/14/2014,HXD,SC,ASO,ES,Federal Contract Tower,0,31,31,0,62,0,0,36,0,36,0,31,67,0,98,8,0,8,106
06/15/2014,HXD,SC,ASO,ES,Federal Contract Tower,0,19,33,0,52,0,0,39,0,39,0,19,72,0,91,24,0,24,115
06/16/2014,HXD,SC,ASO,ES,Federal Contract Tower,0,13,23,0,36,0,1,30,4,35,0,14,53,4,71,30,42,72,143
06/17/2014,HXD,SC,ASO,ES,Federal Contract Tower,0,17,24,0,41,0,0,40,0,40,0,17,64,0,81,12,2,14,95
06/18/2014,HXD,SC,ASO,ES,Federal Contract Tower,0,19,38,0,57,0,0,51,1,52,0,19,89,1,109,46,2,48,157
06/19/2014,HXD,SC,ASO,ES,Federal Contract Tower,0,15,18,4,37,0,0,42,0,42,0,15,60,4,79,40,2,42,121
06/20/2014,HXD,SC,ASO,ES,Federal Contract Tower,0,18,20,2,40,0,1,35,2,38,0,19,55,4,78,16,0,16,94
06/21/2014,HXD,SC,ASO,ES,Federal Contract Tower,0,35,27,0,62,0,0,30,2,32,0,35,57,2,94,2,0,2,96
06/22/2014,HXD,SC,ASO,ES,Federal Contract Tower,0,27,23,0,50,0,0,29,0,29,0,27,52,0,79,0,0,0,79
06/23/2014,HXD,SC,ASO,ES,Federal Contract Tower,0,16,32,0,48,0,0,38,0,38,0,16,70,0,86,34,0,34,120
06/24/2014,HXD,SC,ASO,ES,Federal Contract Tower,0,19,22,0,41,0,0,35,0,35,0,19,57,0,76,0,0,0,76
06/25/2014,HXD,SC,ASO,ES,Federal Contract Tower,0,20,33,0,53,0,0,48,0,48,0,20,81,0,101,46,0,46,147
06/26/2014,HXD,SC,ASO,ES,Federal Contract Tower,0,20,36,2,58,0,0,32,0,32,0,20,68,2,90,2,0,2,92
06/27/2014,HXD,SC,ASO,ES,Federal Contract Tower,0,16,38,0,54,0,0,37,2,39,0,16,75,2,93,4,0,4,97
06/28/2014,HXD,SC,ASO,ES,Federal Contract Tower,0,35,31,0,66,0,0,55,1,56,0,35,86,1,122,28,0,28,150
06/29/2014,HXD,SC,ASO,ES,Federal Contract Tower,0,31,40,0,71,0,0,32,0,32,0,31,72,0,103,7,0,7,110
06/30/2014,HXD,SC,ASO,ES,Federal Contract Tower,0,21,25,0,46,0,0,27,1,28,0,21,52,1,74,20,0,20,94
07/01/2014,HXD,SC,ASO,ES,Federal Contract Tower,0,18,19,0,37,0,0,40,4,44,0,18,59,4,81,18,10,28,109
07/02/2014,HXD,SC,ASO,ES,Federal Contract Tower,0,15,41,0,56,0,0,40,2,42,0,15,81,2,98,8,0,8,106
07/03/2014,HXD,SC,ASO,ES,Federal Contract Tower,0,25,27,0,52,0,0,20,0,20,0,25,47,0,72,0,0,0,72
07/04/2014,HXD,SC,ASO,ES,Federal Contract Tower,0,19,12,0,31,0,0,40,0,40,0,19,52,0,71,2,0,2,73
07/05/2014,HXD,SC,ASO,ES,Federal Contract Tower,0,31,25,0,56,0,1,33,0,34,0,32,58,0,90,14,0,14,104
07/06/2014,HXD,SC,ASO,ES,Federal Contract Tower,0,37,55,0,92,0,0,23,0,23,0,37,78,0,115,4,0,4,119
07/07/2014,HXD,SC,ASO,ES,Federal Contract Tower,0,24,41,0,65,0,0,24,1,25,0,24,65,1,90,10,0,10,100
07/08/2014,HXD,SC,ASO,ES,Federal Contract Tower,0,27,31,0,58,0,0,32,0,32,0,27,63,0,90,28,0,28,118
07/09/2014,HXD,SC,ASO,ES,Federal Contract Tower,0,32,21,3,56,0,0,33,2,35,0,32,54,5,91,22,4,26,117
07/10/2014,HXD,SC,ASO,ES,Federal Contract Tower,0,27,25,0,52,0,0,29,0,29,0,27,54,0,81,10,0,10,91
07/11/2014,HXD,SC,ASO,ES,Federal Contract Tower,0,28,56,0,84,0,0,21,0,21,0,28,77,0,105,0,2,2,107
07/12/2014,HXD,SC,ASO,ES,Federal Contract Tower,0,29,33,0,62,0,0,25,2,27,0,29,58,2,89,15,0,15,104
07/13/2014,HXD,SC,ASO,ES,Federal Contract Tower,0,18,33,0,51,0,1,35,0,36,0,19,68,0,87,16,0,16,103
07/14/2014,HXD,SC,ASO,ES,Federal Contract Tower,0,23,25,0,48,0,0,29,1,30,0,23,54,1,78,6,2,8,86
07/15/2014,HXD,SC,ASO,ES,Federal Contract Tower,0,21,21,0,42,0,0,23,0,23,0,21,44,0,65,0,0,0,65
07/16/2014,HXD,SC,ASO,ES,Federal Contract Tower,0,21,27,0,48,0,0,17,0,17,0,21,44,0,65,6,0,6,71
07/17/2014,HXD,SC,ASO,ES,Federal Contract Tower,0,22,26,2,50,0,1,20,0,21,0,23,46,2,71,10,0,10,81
07/18/2014,HXD,SC,ASO,ES,Federal Contract Tower,0,22,22,0,44,0,0,47,1,48,0,22,69,1,92,26,0,26,118
07/19/2014,HXD,SC,ASO,ES,Federal Contract Tower,0,25,28,0,53,0,0,42,0,42,0,25,70,0,95,28,0,28,123
07/20/2014,HXD,SC,ASO,ES,Federal Contract Tower,0,19,28,6,53,0,0,22,2,24,0,19,50,8,77,0,0,0,77
07/21/2014,HXD,SC,ASO,ES,Federal Contract Tower,0,8,17,0,25,0,0,17,0,17,0,8,34,0,42,34,0,34,76
07/22/2014,HXD,SC,ASO,ES,Federal Contract Tower,0,17,12,0,29,0,0,26,3,29,0,17,38,3,58,26,0,26,84
07/23/2014,HXD,SC,ASO,ES,Federal Contract Tower,0,21,31,0,52,0,0,24,3,27,0,21,55,3,79,0,2,2,81
07/24/2014,HXD,SC,ASO,ES,Federal Contract Tower,0,21,35,0,56,0,0,33,0,33,0,21,68,0,89,22,0,22,111
07/25/2014,HXD,SC,ASO,ES,Federal Contract Tower,0,20,31,0,51,0,0,37,0,37,0,20,68,0,88,22,0,22,110
07/26/2014,HXD,SC,ASO,ES,Federal Contract Tower,0,24,26,0,50,0,0,47,0,47,0,24,73,0,97,2,0,2,99
07/27/2014,HXD,SC,ASO,ES,Federal Contract Tower,0,31,34,0,65,0,0,30,0,30,0,31,64,0,95,14,0,14,109
07/28/2014,HXD,SC,ASO,ES,Federal Contract Tower,0,29,14,0,43,0,0,25,0,25,0,29,39,0,68,18,0,18,86
07/29/2014,HXD,SC,ASO,ES,Federal Contract Tower,0,17,23,0,40,0,6,32,0,38,0,23,55,0,78,30,0,30,108
07/30/2014,HXD,SC,ASO,ES,Federal Contract Tower,0,16,31,0,47,0,1,28,2,31,0,17,59,2,78,20,0,20,98
07/31/2014,HXD,SC,ASO,ES,Federal Contract Tower,0,23,31,0,54,0,0,29,0,29,0,23,60,0,83,0,4,4,87
08/01/2014,HXD,SC,ASO,ES,Federal Contract Tower,0,17,28,0,45,0,0,14,0,14,0,17,42,0,59,22,0,22,81
08/02/2014,HXD,SC,ASO,ES,Federal Contract Tower,0,31,36,0,67,0,2,10,0,12,0,33,46,0,79,4,0,4,83
08/03/2014,HXD,SC,ASO,ES,Federal Contract Tower,0,19,32,0,51,0,0,9,0,9,0,19,41,0,60,4,2,6,66
08/04/2014,HXD,SC,ASO,ES,Federal Contract Tower,0,21,25,0,46,0,0,0,0,0,0,21,25,0,46,0,0,0,46
08/05/2014,HXD,SC,ASO,ES,Federal Contract Tower,0,22,19,0,41,0,2,36,0,38,0,24,55,0,79,4,4,8,87
08/06/2014,HXD,SC,ASO,ES,Federal Contract Tower,0,20,36,4,60,0,0,48,0,48,0,20,84,4,108,26,6,32,140
08/07/2014,HXD,SC,ASO,ES,Federal Contract Tower,0,32,25,0,57,0,1,40,0,41,0,33,65,0,98,18,0,18,116
08/08/2014,HXD,SC,ASO,ES,Federal Contract Tower,0,32,20,0,52,0,1,29,0,30,0,33,49,0,82,2,2,4,86
08/09/2014,HXD,SC,ASO,ES,Federal Contract Tower,0,41,20,1,62,0,0,26,0,26,0,41,46,1,88,30,2,32,120
08/10/2014,HXD,SC,ASO,ES,Federal Contract Tower,0,23,25,0,48,0,0,6,0,6,0,23,31,0,54,8,0,8,62
08/11/2014,HXD,SC,ASO,ES,Federal Contract Tower,0,13,22,0,35,0,0,16,0,16,0,13,38,0,51,18,0,18,69
08/12/2014,HXD,SC,ASO,ES,Federal Contract Tower,0,14,11,0,25,0,4,20,2,26,0,18,31,2,51,2,0,2,53
08/13/2014,HXD,SC,ASO,ES,Federal Contract Tower,0,20,30,0,50,0,0,37,0,37,0,20,67,0,87,16,0,16,103
08/14/2014,HXD,SC,ASO,ES,Federal Contract Tower,0,24,26,0,50,0,0,56,2,58,0,24,82,2,108,40,0,40,148
08/15/2014,HXD,SC,ASO,ES,Federal Contract Tower,0,26,22,0,48,0,3,42,0,45,0,29,64,0,93,12,0,12,105
08/16/2014,HXD,SC,ASO,ES,Federal Contract Tower,0,29,22,0,51,0,2,33,8,43,0,31,55,8,94,6,10,16,110
08/17/2014,HXD,SC,ASO,ES,Federal Contract Tower,0,18,29,0,47,0,1,24,1,26,0,19,53,1,73,14,0,14,87
08/18/2014,HXD,SC,ASO,ES,Federal Contract Tower,0,16,19,0,35,0,0,22,0,22,0,16,41,0,57,12,0,12,69
08/19/2014,HXD,SC,ASO,ES,Federal Contract Tower,0,16,19,0,35,0,2,20,0,22,0,18,39,0,57,2,3,5,62
08/20/2014,HXD,SC,ASO,ES,Federal Contract Tower,0,20,18,0,38,0,0,53,2,55,0,20,71,2,93,36,6,42,135
08/21/2014,HXD,SC,ASO,ES,Federal Contract Tower,0,19,29,1,49,0,0,34,1,35,0,19,63,2,84,0,0,0,84
08/22/2014,HXD,SC,ASO,ES,Federal Contract Tower,0,22,27,1,50,0,1,32,2,35,0,23,59,3,85,2,0,2,87
08/23/2014,HXD,SC,ASO,ES,Federal Contract Tower,0,33,18,0,51,0,2,40,0,42,0,35,58,0,93,12,0,12,105
08/24/2014,HXD,SC,ASO,ES,Federal Contract Tower,0,26,26,0,52,0,0,14,0,14,0,26,40,0,66,0,0,0,66
08/25/2014,HXD,SC,ASO,ES,Federal Contract Tower,0,21,17,0,38,0,0,23,0,23,0,21,40,0,61,6,0,6,67
08/26/2014,HXD,SC,ASO,ES,Federal Contract Tower,0,26,20,0,46,0,0,33,0,33,0,26,53,0,79,8,0,8,87
08/27/2014,HXD,SC,ASO,ES,Federal Contract Tower,0,30,20,0,50,0,0,36,0,36,0,30,56,0,86,10,4,14,100
08/28/2014,HXD,SC,ASO,ES,Federal Contract Tower,0,31,26,0,57,0,4,57,0,61,0,35,83,0,118,0,0,0,118
08/29/2014,HXD,SC,ASO,ES,Federal Contract Tower,0,32,38,0,70,0,7,45,2,54,0,39,83,2,124,6,0,6,130
08/30/2014,HXD,SC,ASO,ES,Federal Contract Tower,0,17,17,0,34,0,2,35,0,37,0,19,52,0,71,4,0,4,75
08/31/2014,HXD,SC,ASO,ES,Federal Contract Tower,0,22,12,0,34,0,5,21,0,26,0,27,33,0,60,2,0,2,62
09/01/2014,HXD,SC,ASO,ES,Federal Contract Tower,0,25,48,0,73,0,4,21,0,25,0,29,69,0,98,12,0,12,110
09/02/2014,HXD,SC,ASO,ES,Federal Contract Tower,0,19,26,0,45,0,0,23,0,23,0,19,49,0,68,0,0,0,68
09/03/2014,HXD,SC,ASO,ES,Federal Contract Tower,0,13,14,0,27,0,0,32,0,32,0,13,46,0,59,6,0,6,65
09/04/2014,HXD,SC,ASO,ES,Federal Contract Tower,0,21,23,1,45,0,0,33,5,38,0,21,56,6,83,0,22,22,105
09/05/2014,HXD,SC,ASO,ES,Federal Contract Tower,0,29,36,0,65,0,0,16,0,16,0,29,52,0,81,6,0,6,87
09/06/2014,HXD,SC,ASO,ES,Federal Contract Tower,0,18,13,0,31,0,1,26,0,27,0,19,39,0,58,0,0,0,58
09/07/2014,HXD,SC,ASO,ES,Federal Contract Tower,0,16,27,0,43,0,0,5,0,5,0,16,32,0,48,7,0,7,55
09/08/2014,HXD,SC,ASO,ES,Federal Contract Tower,0,22,24,0,46,0,0,4,0,4,0,22,28,0,50,4,0,4,54
09/09/2014,HXD,SC,ASO,ES,Federal Contract Tower,0,18,25,0,43,0,0,16,0,16,0,18,41,0,59,14,0,14,73
09/10/2014,HXD,SC,ASO,ES,Federal Contract Tower,0,16,37,0,53,0,0,28,2,30,0,16,65,2,83,8,4,12,95
09/11/2014,HXD,SC,ASO,ES,Federal Contract Tower,0,23,19,2,44,0,0,35,0,35,0,23,54,2,79,4,0,4,83
09/12/2014,HXD,SC,ASO,ES,Federal Contract Tower,0,25,16,0,41,0,0,23,0,23,0,25,39,0,64,0,0,0,64
09/13/2014,HXD,SC,ASO,ES,Federal Contract Tower,0,24,8,0,32,0,0,22,4,26,0,24,30,4,58,0,6,6,64
09/14/2014,HXD,SC,ASO,ES,Federal Contract Tower,0,19,22,0,41,0,0,28,0,28,0,19,50,0,69,0,0,0,69
09/15/2014,HXD,SC,ASO,ES,Federal Contract Tower,0,26,10,4,40,0,0,4,0,4,0,26,14,4,44,0,4,4,48
09/16/2014,HXD,SC,ASO,ES,Federal Contract Tower,0,15,24,0,39,0,0,17,0,17,0,15,41,0,56,4,0,4,60
09/17/2014,HXD,SC,ASO,ES,Federal Contract Tower,0,20,28,0,48,0,0,27,0,27,0,20,55,0,75,18,6,24,99
09/18/2014,HXD,SC,ASO,ES,Federal Contract Tower,0,20,28,0,48,0,0,26,0,26,0,20,54,0,74,21,6,27,101
09/19/2014,HXD,SC,ASO,ES,Federal Contract Tower,0,21,21,0,42,0,0,22,0,22,0,21,43,0,64,6,0,6,70
09/20/2014,HXD,SC,ASO,ES,Federal Contract Tower,0,20,32,0,52,0,0,3,0,3,0,20,35,0,55,0,0,0,55
09/21/2014,HXD,SC,ASO,ES,Federal Contract Tower,0,17,30,0,47,0,0,59,2,61,0,17,89,2,108,10,0,10,118
09/22/2014,HXD,SC,ASO,ES,Federal Contract Tower,0,16,20,0,36,0,0,43,0,43,0,16,63,0,79,12,0,12,91
09/23/2014,HXD,SC,ASO,ES,Federal Contract Tower,0,17,18,0,35,0,0,9,0,9,0,17,27,0,44,2,0,2,46
09/24/2014,HXD,SC,ASO,ES,Federal Contract Tower,0,13,17,2,32,0,0,0,0,0,0,13,17,2,32,0,0,0,32
09/25/2014,HXD,SC,ASO,ES,Federal Contract Tower,0,17,22,0,39,0,0,1,0,1,0,17,23,0,40,0,0,0,40
09/26/2014,HXD,SC,ASO,ES,Federal Contract Tower,0,19,17,0,36,0,0,6,0,6,0,19,23,0,42,2,0,2,44
09/27/2014,HXD,SC,ASO,ES,Federal Contract Tower,0,25,26,2,53,0,0,8,1,9,0,25,34,3,62,0,0,0,62
09/28/2014,HXD,SC,ASO,ES,Federal Contract Tower,0,18,36,0,54,0,0,2,0,2,0,18,38,0,56,0,0,0,56
09/29/2014,HXD,SC,ASO,ES,Federal Contract Tower,0,11,22,0,33,0,0,0,0,0,0,11,22,0,33,0,0,0,33
09/30/2014,HXD,SC,ASO,ES,Federal Contract Tower,0,13,28,0,41,0,0,20,0,20,0,13,48,0,61,26,0,26,87
10/01/2014,HXD,SC,ASO,ES,Federal Contract Tower,0,16,25,0,41,0,0,38,6,44,0,16,63,6,85,14,8,22,107
10/02/2014,HXD,SC,ASO,ES,Federal Contract Tower,0,20,26,0,46,0,0,49,1,50,0,20,75,1,96,16,0,16,112
10/03/2014,HXD,SC,ASO,ES,Federal Contract Tower,0,23,25,7,55,0,0,18,4,22,0,23,43,11,77,0,0,0,77
10/04/2014,HXD,SC,ASO,ES,Federal Contract Tower,0,26,11,0,37,0,2,37,0,39,0,28,48,0,76,0,0,0,76
10/05/2014,HXD,SC,ASO,ES,Federal Contract Tower,0,28,36,0,64,0,0,58,0,58,0,28,94,0,122,14,0,14,136
10/06/2014,HXD,SC,ASO,ES,Federal Contract Tower,0,21,9,0,30,0,0,21,2,23,0,21,30,2,53,4,0,4,57
10/07/2014,HXD,SC,ASO,ES,Federal Contract Tower,0,24,15,3,42,0,0,41,0,41,0,24,56,3,83,10,4,14,97
10/08/2014,HXD,SC,ASO,ES,Federal Contract Tower,0,27,28,0,55,0,0,34,0,34,0,27,62,0,89,4,0,4,93
10/09/2014,HXD,SC,ASO,ES,Federal Contract Tower,0,36,38,0,74,0,0,31,0,31,0,36,69,0,105,0,0,0,105
10/10/2014,HXD,SC,ASO,ES,Federal Contract Tower,0,27,29,0,56,0,0,43,0,43,0,27,72,0,99,2,14,16,115
10/11/2014,HXD,SC,ASO,ES,Federal Contract Tower,0,20,19,0,39,0,0,37,0,37,0,20,56,0,76,0,0,0,76
10/12/2014,HXD,SC,ASO,ES,Federal Contract Tower,0,22,41,0,63,0,4,35,0,39,0,26,76,0,102,4,0,4,106
10/13/2014,HXD,SC,ASO,ES,Federal Contract Tower,0,24,39,0,63,0,0,27,0,27,0,24,66,0,90,28,0,28,118
10/14/2014,HXD,SC,ASO,ES,Federal Contract Tower,0,15,20,0,35,0,1,14,1,16,0,16,34,1,51,16,0,16,67
10/15/2014,HXD,SC,ASO,ES,Federal Contract Tower,0,18,21,0,39,0,0,37,0,37,0,18,58,0,76,0,0,0,76
10/16/2014,HXD,SC,ASO,ES,Federal Contract Tower,0,35,34,0,69,0,1,61,0,62,0,36,95,0,131,12,0,12,143
10/17/2014,HXD,SC,ASO,ES,Federal Contract Tower,0,37,26,0,63,0,1,46,0,47,0,38,72,0,110,3,0,3,113
10/18/2014,HXD,SC,ASO,ES,Federal Contract Tower,0,32,20,6,58,0,1,43,3,47,0,33,63,9,105,0,2,2,107
10/19/2014,HXD,SC,ASO,ES,Federal Contract Tower,0,37,36,0,73,0,0,54,0,54,0,37,90,0,127,0,0,0,127
10/20/2014,HXD,SC,ASO,ES,Federal Contract Tower,0,25,14,0,39,0,2,33,2,37,0,27,47,2,76,17,8,25,101
10/21/2014,HXD,SC,ASO,ES,Federal Contract Tower,0,26,33,0,59,0,1,54,0,55,0,27,87,0,114,21,0,21,135
10/22/2014,HXD,SC,ASO,ES,Federal Contract Tower,0,9,27,0,36,0,0,27,0,27,0,9,54,0,63,10,0,10,73
10/23/2014,HXD,SC,ASO,ES,Federal Contract Tower,0,24,41,0,65,0,0,53,0,53,0,24,94,0,118,0,10,10,128
10/24/2014,HXD,SC,ASO,ES,Federal Contract Tower,0,26,37,0,63,0,0,48,0,48,0,26,85,0,111,10,0,10,121
10/25/2014,HXD,SC,ASO,ES,Federal Contract Tower,0,22,19,0,41,0,0,46,0,46,0,22,65,0,87,12,0,12,99
10/26/2014,HXD,SC,ASO,ES,Federal Contract Tower,0,24,34,2,60,0,1,49,1,51,0,25,83,3,111,4,0,4,115
10/27/2014,HXD,SC,ASO,ES,Federal Contract Tower,0,22,31,0,53,0,1,51,0,52,0,23,82,0,105,4,0,4,109
10/28/2014,HXD,SC,ASO,ES,Federal Contract Tower,0,24,23,0,47,0,0,34,0,34,0,24,57,0,81,18,2,20,101
10/29/2014,HXD,SC,ASO,ES,Federal Contract Tower,0,23,27,0,50,0,0,41,0,41,0,23,68,0,91,10,0,10,101
10/30/2014,HXD,SC,ASO,ES,Federal Contract Tower,0,24,37,0,61,0,0,43,0,43,0,24,80,0,104,14,0,14,118
10/31/2014,HXD,SC,ASO,ES,Federal Contract Tower,0,27,37,4,68,0,1,53,1,55,0,28,90,5,123,22,0,22,145
11/01/2014,HXD,SC,ASO,ES,Federal Contract Tower,0,26,10,0,36,0,0,2,3,5,0,26,12,3,41,0,0,0,41
11/02/2014,HXD,SC,ASO,ES,Federal Contract Tower,0,29,50,0,79,0,0,73,0,73,0,29,123,0,152,4,0,4,156
11/03/2014,HXD,SC,ASO,ES,Federal Contract Tower,0,22,15,0,37,0,0,31,2,33,0,22,46,2,70,14,0,14,84
11/04/2014,HXD,SC,ASO,ES,Federal Contract Tower,0,21,21,0,42,0,0,37,4,41,0,21,58,4,83,28,8,36,119
11/05/2014,HXD,SC,ASO,ES,Federal Contract Tower,0,29,25,0,54,0,0,33,0,33,0,29,58,0,87,0,0,0,87
11/06/2014,HXD,SC,ASO,ES,Federal Contract Tower,0,27,26,0,53,0,2,26,0,28,0,29,52,0,81,0,0,0,81
11/07/2014,HXD,SC,ASO,ES,Federal Contract Tower,0,33,33,0,66,0,0,36,2,38,0,33,69,2,104,12,0,12,116
11/08/2014,HXD,SC,ASO,ES,Federal Contract Tower,0,13,20,0,33,0,1,65,0,66,0,14,85,0,99,30,0,30,129
11/09/2014,HXD,SC,ASO,ES,Federal Contract Tower,0,19,49,0,68,0,0,36,0,36,0,19,85,0,104,0,0,0,104
11/10/2014,HXD,SC,ASO,ES,Federal Contract Tower,0,23,22,0,45,0,2,34,0,36,0,25,56,0,81,12,0,12,93
11/11/2014,HXD,SC,ASO,ES,Federal Contract Tower,0,15,27,1,43,0,0,32,1,33,0,15,59,2,76,15,4,19,95
11/12/2014,HXD,SC,ASO,ES,Federal Contract Tower,0,18,23,0,41,0,0,51,0,51,0,18,74,0,92,0,0,0,92
11/13/2014,HXD,SC,ASO,ES,Federal Contract Tower,0,21,30,0,51,0,0,32,2,34,0,21,62,2,85,2,14,16,101
11/14/2014,HXD,SC,ASO,ES,Federal Contract Tower,0,30,33,0,63,0,0,22,0,22,0,30,55,0,85,21,0,21,106
11/15/2014,HXD,SC,ASO,ES,Federal Contract Tower,0,18,14,0,32,0,0,33,0,33,0,18,47,0,65,12,0,12,77
11/16/2014,HXD,SC,ASO,ES,Federal Contract Tower,0,20,39,0,59,0,0,4,0,4,0,20,43,0,63,0,0,0,63
11/17/2014,HXD,SC,ASO,ES,Federal Contract Tower,0,15,11,0,26,0,0,0,0,0,0,15,11,0,26,0,0,0,26
11/18/2014,HXD,SC,ASO,ES,Federal Contract Tower,0,17,15,2,34,0,0,31,2,33,0,17,46,4,67,0,2,2,69
11/19/2014,HXD,SC,ASO,ES,Federal Contract Tower,0,17,23,0,40,0,0,47,2,49,0,17,70,2,89,22,0,22,111
11/20/2014,HXD,SC,ASO,ES,Federal Contract Tower,0,14,39,0,53,0,0,49,5,54,0,14,88,5,107,20,0,20,127
11/21/2014,HXD,SC,ASO,ES,Federal Contract Tower,0,25,21,0,46,0,0,56,0,56,0,25,77,0,102,12,0,12,114
11/22/2014,HXD,SC,ASO,ES,Federal Contract Tower,0,24,18,2,44,0,0,35,9,44,0,24,53,11,88,2,0,2,90
11/23/2014,HXD,SC,ASO,ES,Federal Contract Tower,0,5,16,0,21,0,0,0,0,0,0,5,16,0,21,0,0,0,21
11/24/2014,HXD,SC,ASO,ES,Federal Contract Tower,0,13,8,0,21,0,0,1,0,1,0,13,9,0,22,8,0,8,30
11/25/2014,HXD,SC,ASO,ES,Federal Contract Tower,0,21,17,0,38,0,0,0,0,0,0,21,17,0,38,0,0,0,38
11/26/2014,HXD,SC,ASO,ES,Federal Contract Tower,0,24,22,0,46,0,0,5,1,6,0,24,27,1,52,0,0,0,52
11/27/2014,HXD,SC,ASO,ES,Federal Contract Tower,0,6,10,0,16,0,0,14,0,14,0,6,24,0,30,4,0,4,34
11/28/2014,HXD,SC,ASO,ES,Federal Contract Tower,0,26,17,0,43,0,0,31,0,31,0,26,48,0,74,9,0,9,83
11/29/2014,HXD,SC,ASO,ES,Federal Contract Tower,0,33,17,0,50,0,0,46,0,46,0,33,63,0,96,20,0,20,116
11/30/2014,HXD,SC,ASO,ES,Federal Contract Tower,0,37,36,0,73,0,0,43,1,44,0,37,79,1,117,0,8,8,125
12/01/2014,HXD,SC,ASO,ES,Federal Contract Tower,0,27,15,4,46,0,0,40,0,40,0,27,55,4,86,4,0,4,90
12/02/2014,HXD,SC,ASO,ES,Federal Contract Tower,0,17,14,6,37,0,0,22,0,22,0,17,36,6,59,10,0,10,69
12/03/2014,HXD,SC,ASO,ES,Federal Contract Tower,0,15,8,0,23,0,0,26,6,32,0,15,34,6,55,24,0,24,79
12/04/2014,HXD,SC,ASO,ES,Federal Contract Tower,0,24,10,2,36,0,0,13,4,17,0,24,23,6,53,0,0,0,53
12/05/2014,HXD,SC,ASO,ES,Federal Contract Tower,0,17,27,0,44,0,0,10,0,10,0,17,37,0,54,0,0,0,54
12/06/2014,HXD,SC,ASO,ES,Federal Contract Tower,0,15,7,0,22,0,0,8,0,8,0,15,15,0,30,0,0,0,30
12/07/2014,HXD,SC,ASO,ES,Federal Contract Tower,0,22,21,0,43,0,0,14,0,14,0,22,35,0,57,2,0,2,59
12/08/2014,HXD,SC,ASO,ES,Federal Contract Tower,0,22,12,0,34,0,0,1,0,1,0,22,13,0,35,0,0,0,35
12/09/2014,HXD,SC,ASO,ES,Federal Contract Tower,0,12,22,0,34,0,0,5,0,5,0,12,27,0,39,0,0,0,39
12/10/2014,HXD,SC,ASO,ES,Federal Contract Tower,0,18,15,0,33,0,0,34,2,36,0,18,49,2,69,0,10,10,79
12/11/2014,HXD,SC,ASO,ES,Federal Contract Tower,0,15,18,0,33,0,0,51,0,51,0,15,69,0,84,28,0,28,112
12/12/2014,HXD,SC,ASO,ES,Federal Contract Tower,0,16,25,1,42,0,0,35,2,37,0,16,60,3,79,16,10,26,105
12/13/2014,HXD,SC,ASO,ES,Federal Contract Tower,0,14,11,0,25,0,0,28,0,28,0,14,39,0,53,10,0,10,63
12/14/2014,HXD,SC,ASO,ES,Federal Contract Tower,0,17,11,0,28,0,0,36,0,36,0,17,47,0,64,0,0,0,64
12/15/2014,HXD,SC,ASO,ES,Federal Contract Tower,0,12,13,2,27,0,0,32,0,32,0,12,45,2,59,17,0,17,76
12/16/2014,HXD,SC,ASO,ES,Federal Contract Tower,0,14,17,0,31,0,0,32,0,32,0,14,49,0,63,24,0,24,87
12/17/2014,HXD,SC,ASO,ES,Federal Contract Tower,0,18,19,0,37,0,0,39,0,39,0,18,58,0,76,36,0,36,112
12/18/2014,HXD,SC,ASO,ES,Federal Contract Tower,0,20,13,0,33,0,0,39,0,39,0,20,52,0,72,10,0,10,82
12/19/2014,HXD,SC,ASO,ES,Federal Contract Tower,0,19,17,2,38,0,0,41,0,41,0,19,58,2,79,12,2,14,93
12/20/2014,HXD,SC,ASO,ES,Federal Contract Tower,0,18,5,0,23,0,0,2,0,2,0,18,7,0,25,4,0,4,29
12/21/2014,HXD,SC,ASO,ES,Federal Contract Tower,0,19,11,0,30,0,0,2,0,2,0,19,13,0,32,0,0,0,32
12/22/2014,HXD,SC,ASO,ES,Federal Contract Tower,0,3,4,0,7,0,0,0,0,0,0,3,4,0,7,0,0,0,7
12/23/2014,HXD,SC,ASO,ES,Federal Contract Tower,0,3,1,0,4,0,0,0,0,0,0,3,1,0,4,0,0,0,4
12/24/2014,HXD,SC,ASO,ES,Federal Contract Tower,0,10,2,0,12,0,0,0,0,0,0,10,2,0,12,0,0,0,12
12/25/2014,HXD,SC,ASO,ES,Federal Contract Tower,0,14,5,0,19,0,0,13,0,13,0,14,18,0,32,0,0,0,32
12/26/2014,HXD,SC,ASO,ES,Federal Contract Tower,0,23,21,0,44,0,0,41,0,41,0,23,62,0,85,10,0,10,95
12/27/2014,HXD,SC,ASO,ES,Federal Contract Tower,0,28,36,0,64,0,0,37,0,37,0,28,73,0,101,2,0,2,103
12/28/2014,HXD,SC,ASO,ES,Federal Contract Tower,0,17,26,0,43,0,0,21,0,21,0,17,47,0,64,8,0,8,72
12/29/2014,HXD,SC,ASO,ES,Federal Contract Tower,0,21,20,0,41,0,0,2,0,2,0,21,22,0,43,0,0,0,43
12/30/2014,HXD,SC,ASO,ES,Federal Contract Tower,0,19,33,0,52,0,0,2,0,2,0,19,35,0,54,0,0,0,54
12/31/2014,HXD,SC,ASO,ES,Federal Contract Tower,0,19,24,0,43,0,0,33,0,33,0,19,57,0,76,26,0,26,102
01/01/2015,HXD,SC,ASO,ES,Federal Contract Tower,0,22,13,0,35,0,0,38,0,38,0,22,51,0,73,16,0,16,89
01/02/2015,HXD,SC,ASO,ES,Federal Contract Tower,0,20,27,0,47,0,0,17,0,17,0,20,44,0,64,22,0,22,86
01/03/2015,HXD,SC,ASO,ES,Federal Contract Tower,0,26,8,0,34,0,0,0,0,0,0,26,8,0,34,0,0,0,34
01/04/2015,HXD,SC,ASO,ES,Federal Contract Tower,0,11,23,0,34,0,0,2,0,2,0,11,25,0,36,0,0,0,36
01/05/2015,HXD,SC,ASO,ES,Federal Contract Tower,0,13,17,0,30,0,0,21,2,23,0,13,38,2,53,0,0,0,53
01/06/2015,HXD,SC,ASO,ES,Federal Contract Tower,0,12,18,4,34,0,0,24,0,24,0,12,42,4,58,0,0,0,58
01/07/2015,HXD,SC,ASO,ES,Federal Contract Tower,0,11,11,0,22,0,0,47,0,47,0,11,58,0,69,38,0,38,107
01/08/2015,HXD,SC,ASO,ES,Federal Contract Tower,0,13,22,2,37,0,0,19,5,24,0,13,41,7,61,6,12,18,79
01/09/2015,HXD,SC,ASO,ES,Federal Contract Tower,0,11,16,4,31,0,0,15,0,15,0,11,31,4,46,4,6,10,56
01/10/2015,HXD,SC,ASO,ES,Federal Contract Tower,0,12,27,0,39,0,1,43,0,44,0,13,70,0,83,4,0,4,87
01/11/2015,HXD,SC,ASO,ES,Federal Contract Tower,0,12,19,0,31,0,0,5,0,5,0,12,24,0,36,0,0,0,36
01/12/2015,HXD,SC,ASO,ES,Federal Contract Tower,0,4,3,0,7,0,0,0,0,0,0,4,3,0,7,0,0,0,7
01/13/2015,HXD,SC,ASO,ES,Federal Contract Tower,0,2,5,0,7,0,0,0,0,0,0,2,5,0,7,0,0,0,7
01/14/2015,HXD,SC,ASO,ES,Federal Contract Tower,0,15,17,0,32,0,0,1,0,1,0,15,18,0,33,1,0,1,34
01/15/2015,HXD,SC,ASO,ES,Federal Contract Tower,0,22,19,0,41,0,0,2,0,2,0,22,21,0,43,0,0,0,43
01/16/2015,HXD,SC,ASO,ES,Federal Contract Tower,0,17,30,0,47,0,0,39,0,39,0,17,69,0,86,22,0,22,108
01/17/2015,HXD,SC,ASO,ES,Federal Contract Tower,0,17,17,0,34,0,1,54,0,55,0,18,71,0,89,18,0,18,107
01/18/2015,HXD,SC,ASO,ES,Federal Contract Tower,0,14,13,0,27,0,0,13,0,13,0,14,26,0,40,8,0,8,48
01/19/2015,HXD,SC,ASO,ES,Federal Contract Tower,0,15,18,0,33,0,3,54,0,57,0,18,72,0,90,30,0,30,120
01/20/2015,HXD,SC,ASO,ES,Federal Contract Tower,0,19,16,0,35,0,6,30,0,36,0,25,46,0,71,4,0,4,75
01/21/2015,HXD,SC,ASO,ES,Federal Contract Tower,0,16,15,2,33,0,0,44,0,44,0,16,59,2,77,34,0,34,111
01/22/2015,HXD,SC,ASO,ES,Federal Contract Tower,0,13,21,0,34,0,0,40,2,42,0,13,61,2,76,10,4,14,90
01/23/2015,HXD,SC,ASO,ES,Federal Contract Tower,0,15,10,0,25,0,0,0,0,0,0,15,10,0,25,0,0,0,25
01/24/2015,HXD,SC,ASO,ES,Federal Contract Tower,0,10,4,0,14,0,0,1,0,1,0,10,5,0,15,0,0,0,15
01/25/2015,HXD,SC,ASO,ES,Federal Contract Tower,0,19,27,0,46,0,0,24,0,24,0,19,51,0,70,8,0,8,78
01/26/2015,HXD,SC,ASO,ES,Federal Contract Tower,0,9,9,0,18,0,1,13,0,14,0,10,22,0,32,4,0,4,36
01/27/2015,HXD,SC,ASO,ES,Federal Contract Tower,0,23,11,1,35,0,0,34,0,34,0,23,45,1,69,2,0,2,71
01/28/2015,HXD,SC,ASO,ES,Federal Contract Tower,0,21,18,0,39,0,0,35,0,35,0,21,53,0,74,19,0,19,93
01/29/2015,HXD,SC,ASO,ES,Federal Contract Tower,0,16,18,4,38,0,0,46,0,46,0,16,64,4,84,26,4,30,114
01/30/2015,HXD,SC,ASO,ES,Federal Contract Tower,0,20,3,0,23,0,1,23,0,24,0,21,26,0,47,2,0,2,49
01/31/2015,HXD,SC,ASO,ES,Federal Contract Tower,0,22,12,0,34,0,0,30,0,30,0,22,42,0,64,4,0,4,68
02/01/2015,HXD,SC,ASO,ES,Federal Contract Tower,0,15,13,0,28,0,0,19,0,19,0,15,32,0,47,0,0,0,47
02/02/2015,HXD,SC,ASO,ES,Federal Contract Tower,0,9,7,0,16,0,0,0,0,0,0,9,7,0,16,0,0,0,16
02/03/2015,HXD,SC,ASO,ES,Federal Contract Tower,0,16,14,0,30,0,0,19,0,19,0,16,33,0,49,0,0,0,49
02/04/2015,HXD,SC,ASO,ES,Federal Contract Tower,0,16,22,0,38,0,1,16,0,17,0,17,38,0,55,32,4,36,91
02/05/2015,HXD,SC,ASO,ES,Federal Contract Tower,0,12,15,0,27,0,0,26,0,26,0,12,41,0,53,50,0,50,103
02/06/2015,HXD,SC,ASO,ES,Federal Contract Tower,0,17,19,0,36,0,0,36,0,36,0,17,55,0,72,14,0,14,86
02/07/2015,HXD,SC,ASO,ES,Federal Contract Tower,0,14,16,0,30,0,1,59,0,60,0,15,75,0,90,30,0,30,120
02/08/2015,HXD,SC,ASO,ES,Federal Contract Tower,0,10,39,0,49,0,0,54,0,54,0,10,93,0,103,26,0,26,129
02/09/2015,HXD,SC,ASO,ES,Federal Contract Tower,0,9,10,0,19,0,0,21,0,21,0,9,31,0,40,24,0,24,64
02/10/2015,HXD,SC,ASO,ES,Federal Contract Tower,0,18,31,6,55,0,0,9,0,9,0,18,40,6,64,0,8,8,72
02/11/2015,HXD,SC,ASO,ES,Federal Contract Tower,0,16,21,0,37,0,0,52,0,52,0,16,73,0,89,16,0,16,105
02/12/2015,HXD,SC,ASO,ES,Federal Contract Tower,0,21,18,0,39,0,0,37,0,37,0,21,55,0,76,2,0,2,78
02/13/2015,HXD,SC,ASO,ES,Federal Contract Tower,0,12,33,0,45,0,3,43,0,46,0,15,76,0,91,14,0,14,105
02/14/2015,HXD,SC,ASO,ES,Federal Contract Tower,0,14,18,0,32,0,1,31,0,32,0,15,49,0,64,0,0,0,64
02/15/2015,HXD,SC,ASO,ES,Federal Contract Tower,0,10,24,0,34,0,3,35,0,38,0,13,59,0,72,0,0,0,72
02/16/2015,HXD,SC,ASO,ES,Federal Contract Tower,0,21,21,0,42,0,0,13,0,13,0,21,34,0,55,12,0,12,67
02/17/2015,HXD,SC,ASO,ES,Federal Contract Tower,0,12,5,0,17,0,0,0,0,0,0,12,5,0,17,0,0,0,17
02/18/2015,HXD,SC,ASO,ES,Federal Contract Tower,0,11,21,2,34,0,1,46,0,47,0,12,67,2,81,40,2,42,123
02/19/2015,HXD,SC,ASO,ES,Federal Contract Tower,0,19,17,0,36,0,0,21,0,21,0,19,38,0,57,0,10,10,67
02/20/2015,HXD,SC,ASO,ES,Federal Contract Tower,0,18,20,0,38,0,0,32,2,34,0,18,52,2,72,33,0,33,105
02/21/2015,HXD,SC,ASO,ES,Federal Contract Tower,0,17,17,0,34,0,1,64,2,67,0,18,81,2,101,81,0,81,182
02/22/2015,HXD,SC,ASO,ES,Federal Contract Tower,0,17,23,0,40,0,0,43,0,43,0,17,66,0,83,38,0,38,121
02/23/2015,HXD,SC,ASO,ES,Federal Contract Tower,0,12,23,1,36,0,0,2,1,3,0,12,25,2,39,6,0,6,45
02/24/2015,HXD,SC,ASO,ES,Federal Contract Tower,0,7,8,0,15,0,0,0,0,0,0,7,8,0,15,0,0,0,15
02/25/2015,HXD,SC,ASO,ES,Federal Contract Tower,0,14,17,0,31,0,0,4,0,4,0,14,21,0,35,0,0,0,35
02/26/2015,HXD,SC,ASO,ES,Federal Contract Tower,0,8,9,0,17,0,0,7,0,7,0,8,16,0,24,12,0,12,36
02/27/2015,HXD,SC,ASO,ES,Federal Contract Tower,0,16,23,0,39,0,2,32,0,34,0,18,55,0,73,18,0,18,91
02/28/2015,HXD,SC,ASO,ES,Federal Contract Tower,0,13,13,2,28,0,0,19,0,19,0,13,32,2,47,0,2,2,49
03/01/2015,HXD,SC,ASO,ES,Federal Contract Tower,0,1,12,0,13,0,0,0,0,0,0,1,12,0,13,0,0,0,13
03/02/2015,HXD,SC,ASO,ES,Federal Contract Tower,0,9,16,0,25,0,0,18,0,18,0,9,34,0,43,6,0,6,49
03/03/2015,HXD,SC,ASO,ES,Federal Contract Tower,0,8,8,0,16,0,0,0,0,0,0,8,8,0,16,0,0,0,16
03/04/2015,HXD,SC,ASO,ES,Federal Contract Tower,0,13,22,0,35,0,0,18,2,20,0,13,40,2,55,16,12,28,83
03/05/2015,HXD,SC,ASO,ES,Federal Contract Tower,0,14,22,0,36,0,0,5,4,9,0,14,27,4,45,0,24,24,69
03/06/2015,HXD,SC,ASO,ES,Federal Contract Tower,0,13,15,0,28,0,0,7,0,7,0,13,22,0,35,20,0,20,55
03/07/2015,HXD,SC,ASO,ES,Federal Contract Tower,0,13,15,0,28,0,3,64,0,67,0,16,79,0,95,22,2,24,119
03/08/2015,HXD,SC,ASO,ES,Federal Contract Tower,0,15,24,0,39,0,0,48,0,48,0,15,72,0,87,10,0,10,97
03/09/2015,HXD,SC,ASO,ES,Federal Contract Tower,0,13,13,0,26,0,0,23,4,27,0,13,36,4,53,2,0,2,55
03/10/2015,HXD,SC,ASO,ES,Federal Contract Tower,0,15,14,0,29,0,0,19,4,23,0,15,33,4,52,10,0,10,62
03/11/2015,HXD,SC,ASO,ES,Federal Contract Tower,0,18,24,0,42,0,0,42,2,44,0,18,66,2,86,12,12,24,110
03/12/2015,HXD,SC,ASO,ES,Federal Contract Tower,0,21,25,0,46,0,1,26,0,27,0,22,51,0,73,0,4,4,77
03/13/2015,HXD,SC,ASO,ES,Federal Contract Tower,0,13,24,0,37,0,0,0,0,0,0,13,24,0,37,0,0,0,37
03/14/2015,HXD,SC,ASO,ES,Federal Contract Tower,0,13,19,0,32,0,0,21,2,23,0,13,40,2,55,46,0,46,101
03/15/2015,HXD,SC,ASO,ES,Federal Contract Tower,0,13,41,0,54,0,1,62,2,65,0,14,103,2,119,4,0,4,123
03/16/2015,HXD,SC,ASO,ES,Federal Contract Tower,0,17,26,0,43,0,0,67,0,67,0,17,93,0,110,6,0,6,116
03/17/2015,HXD,SC,ASO,ES,Federal Contract Tower,0,17,20,0,37,0,0,47,0,47,0,17,67,0,84,8,6,14,98
03/18/2015,HXD,SC,ASO,ES,Federal Contract Tower,0,21,18,0,39,0,2,39,0,41,0,23,57,0,80,2,0,2,82
03/19/2015,HXD,SC,ASO,ES,Federal Contract Tower,0,13,16,0,29,0,0,0,0,0,0,13,16,0,29,0,0,0,29
03/20/2015,HXD,SC,ASO,ES,Federal Contract Tower,0,5,28,2,35,0,0,8,0,8,0,5,36,2,43,0,0,0,43
03/21/2015,HXD,SC,ASO,ES,Federal Contract Tower,0,15,35,0,50,0,0,51,0,51,0,15,86,0,101,2,0,2,103
03/22/2015,HXD,SC,ASO,ES,Federal Contract Tower,0,11,34,0,45,0,0,5,0,5,0,11,39,0,50,16,0,16,66
03/23/2015,HXD,SC,ASO,ES,Federal Contract Tower,0,15,28,0,43,0,0,2,0,2,0,15,30,0,45,0,0,0,45
03/24/2015,HXD,SC,ASO,ES,Federal Contract Tower,0,21,25,0,46,0,0,9,0,9,0,21,34,0,55,0,0,0,55
03/25/2015,HXD,SC,ASO,ES,Federal Contract Tower,0,12,19,0,31,0,1,1,0,2,0,13,20,0,33,2,0,2,35
03/26/2015,HXD,SC,ASO,ES,Federal Contract Tower,0,21,24,2,47,0,0,22,4,26,0,21,46,6,73,6,0,6,79
03/27/2015,HXD,SC,ASO,ES,Federal Contract Tower,0,14,32,0,46,0,0,6,2,8,0,14,38,2,54,0,0,0,54
03/28/2015,HXD,SC,ASO,ES,Federal Contract Tower,0,20,23,0,43,0,2,47,4,53,0,22,70,4,96,0,0,0,96
03/29/2015,HXD,SC,ASO,ES,Federal Contract Tower,0,18,30,0,48,0,0,55,0,55,0,18,85,0,103,20,0,20,123
03/30/2015,HXD,SC,ASO,ES,Federal Contract Tower,0,14,22,4,40,0,0,26,0,26,0,14,48,4,66,20,0,20,86
03/31/2015,HXD,SC,ASO,ES,Federal Contract Tower,0,13,30,0,43,0,0,36,3,39,0,13,66,3,82,0,2,2,84
04/01/2015,HXD,SC,ASO,ES,Federal Contract Tower,0,13,29,0,42,0,0,33,6,39,0,13,62,6,81,0,2,2,83
04/02/2015,HXD,SC,ASO,ES,Federal Contract Tower,0,28,56,0,84,0,0,35,0,35,0,28,91,0,119,51,0,51,170
04/03/2015,HXD,SC,ASO,ES,Federal Contract Tower,0,19,48,4,71,0,0,72,0,72,0,19,120,4,143,18,2,20,163
04/04/2015,HXD,SC,ASO,ES,Federal Contract Tower,0,14,33,4,51,0,1,26,0,27,0,15,59,4,78,18,0,18,96
04/05/2015,HXD,SC,ASO,ES,Federal Contract Tower,0,20,24,0,44,0,0,42,0,42,0,20,66,0,86,0,0,0,86
04/06/2015,HXD,SC,ASO,ES,Federal Contract Tower,0,26,39,0,65,0,0,43,0,43,0,26,82,0,108,4,0,4,112
04/07/2015,HXD,SC,ASO,ES,Federal Contract Tower,0,7,25,0,32,0,1,30,0,31,0,8,55,0,63,24,0,24,87
04/08/2015,HXD,SC,ASO,ES,Federal Contract Tower,0,14,24,2,40,0,0,38,4,42,0,14,62,6,82,18,20,38,120
04/09/2015,HXD,SC,ASO,ES,Federal Contract Tower,0,25,18,0,43,0,0,43,2,45,0,25,61,2,88,0,0,0,88
04/10/2015,HXD,SC,ASO,ES,Federal Contract Tower,0,13,23,2,38,0,0,48,2,50,0,13,71,4,88,6,0,6,94
04/11/2015,HXD,SC,ASO,ES,Federal Contract Tower,0,13,34,0,47,0,0,36,0,36,0,13,70,0,83,7,8,15,98
04/12/2015,HXD,SC,ASO,ES,Federal Contract Tower,0,11,48,0,59,0,0,31,0,31,0,11,79,0,90,4,0,4,94
04/13/2015,HXD,SC,ASO,ES,Federal Contract Tower,0,31,30,0,61,0,0,34,1,35,0,31,64,1,96,20,0,20,116
04/14/2015,HXD,SC,ASO,ES,Federal Contract Tower,0,28,27,1,56,0,4,27,3,34,0,32,54,4,90,26,16,42,132
04/15/2015,HXD,SC,ASO,ES,Federal Contract Tower,0,30,35,0,65,0,1,20,0,21,0,31,55,0,86,4,0,4,90
04/16/2015,HXD,SC,ASO,ES,Federal Contract Tower,0,30,56,0,86,0,0,1,0,1,0,30,57,0,87,0,0,0,87
04/17/2015,HXD,SC,ASO,ES,Federal Contract Tower,0,21,30,0,51,0,0,7,0,7,0,21,37,0,58,0,0,0,58
04/18/2015,HXD,SC,ASO,ES,Federal Contract Tower,0,17,31,0,48,0,0,2,0,2,0,17,33,0,50,0,0,0,50
04/19/2015,HXD,SC,ASO,ES,Federal Contract Tower,0,26,50,0,76,0,0,0,0,0,0,26,50,0,76,0,0,0,76
04/20/2015,HXD,SC,ASO,ES,Federal Contract Tower,0,19,31,0,50,0,0,32,8,40,0,19,63,8,90,28,4,32,122
04/21/2015,HXD,SC,ASO,ES,Federal Contract Tower,0,19,32,0,51,0,1,51,0,52,0,20,83,0,103,8,0,8,111
04/22/2015,HXD,SC,ASO,ES,Federal Contract Tower,0,15,38,0,53,0,0,58,1,59,0,15,96,1,112,16,0,16,128
04/23/2015,HXD,SC,ASO,ES,Federal Contract Tower,0,14,61,0,75,0,0,58,0,58,0,14,119,0,133,26,0,26,159
04/24/2015,HXD,SC,ASO,ES,Federal Contract Tower,0,22,27,2,51,0,0,47,0,47,0,22,74,2,98,2,2,4,102
04/25/2015,HXD,SC,ASO,ES,Federal Contract Tower,0,12,17,0,29,0,0,18,0,18,0,12,35,0,47,0,0,0,47
04/26/2015,HXD,SC,ASO,ES,Federal Contract Tower,0,21,31,0,52,0,0,46,2,48,0,21,77,2,100,0,4,4,104
04/27/2015,HXD,SC,ASO,ES,Federal Contract Tower,0,20,24,2,46,0,0,28,0,28,0,20,52,2,74,30,0,30,104
04/28/2015,HXD,SC,ASO,ES,Federal Contract Tower,0,21,23,0,44,0,1,45,0,46,0,22,68,0,90,20,0,20,110
04/29/2015,HXD,SC,ASO,ES,Federal Contract Tower,0,15,24,2,41,0,0,4,0,4,0,15,28,2,45,10,0,10,55
04/30/2015,HXD,SC,ASO,ES,Federal Contract Tower,0,21,32,0,53,0,3,56,0,59,0,24,88,0,112,40,0,40,152
05/01/2015,HXD,SC,ASO,ES,Federal Contract Tower,0,20,33,0,53,0,0,43,0,43,0,20,76,0,96,26,0,26,122
05/02/2015,HXD,SC,ASO,ES,Federal Contract Tower,0,21,18,0,39,0,1,34,0,35,0,22,52,0,74,8,0,8,82
05/03/2015,HXD,SC,ASO,ES,Federal Contract Tower,0,19,45,0,64,0,2,52,0,54,0,21,97,0,118,2,0,2,120
05/04/2015,HXD,SC,ASO,ES,Federal Contract Tower,0,19,35,0,54,0,2,40,0,42,0,21,75,0,96,8,6,14,110
05/05/2015,HXD,SC,ASO,ES,Federal Contract Tower,0,14,32,2,48,0,0,40,0,40,0,14,72,2,88,4,0,4,92
05/06/2015,HXD,SC,ASO,ES,Federal Contract Tower,0,18,33,0,51,0,1,52,0,53,0,19,85,0,104,2,0,2,106
05/07/2015,HXD,SC,ASO,ES,Federal Contract Tower,0,20,38,0,58,0,0,26,0,26,0,20,64,0,84,0,0,0,84
05/08/2015,HXD,SC,ASO,ES,Federal Contract Tower,0,25,30,0,55,0,0,30,0,30,0,25,60,0,85,6,0,6,91
05/09/2015,HXD,SC,ASO,ES,Federal Contract Tower,0,19,25,0,44,0,1,22,0,23,0,20,47,0,67,18,0,18,85
05/10/2015,HXD,SC,ASO,ES,Federal Contract Tower,0,18,31,0,49,0,0,40,0,40,0,18,71,0,89,0,0,0,89
05/11/2015,HXD,SC,ASO,ES,Federal Contract Tower,0,14,28,0,42,0,0,31,2,33,0,14,59,2,75,0,8,8,83
05/12/2015,HXD,SC,ASO,ES,Federal Contract Tower,0,14,26,0,40,0,0,48,2,50,0,14,74,2,90,20,0,20,110
05/13/2015,HXD,SC,ASO,ES,Federal Contract Tower,0,19,27,0,46,0,1,40,0,41,0,20,67,0,87,14,0,14,101
05/14/2015,HXD,SC,ASO,ES,Federal Contract Tower,0,34,44,0,78,0,0,50,0,50,0,34,94,0,128,30,0,30,158
05/15/2015,HXD,SC,ASO,ES,Federal Contract Tower,0,31,41,0,72,0,1,37,2,40,0,32,78,2,112,0,0,0,112
05/16/2015,HXD,SC,ASO,ES,Federal Contract Tower,0,14,19,0,33,0,4,42,0,46,0,18,61,0,79,22,0,22,101
05/17/2015,HXD,SC,ASO,ES,Federal Contract Tower,0,32,37,0,69,0,3,59,0,62,0,35,96,0,131,12,0,12,143
05/18/2015,HXD,SC,ASO,ES,Federal Contract Tower,0,18,16,2,36,0,0,38,0,38,0,18,54,2,74,16,0,16,90
05/19/2015,HXD,SC,ASO,ES,Federal Contract Tower,0,15,18,0,33,0,0,43,0,43,0,15,61,0,76,24,0,24,100
05/20/2015,HXD,SC,ASO,ES,Federal Contract Tower,0,22,37,2,61,0,1,46,2,49,0,23,83,4,110,16,6,22,132
05/21/2015,HXD,SC,ASO,ES,Federal Contract Tower,0,24,24,0,48,0,0,54,0,54,0,24,78,0,102,30,0,30,132
05/22/2015,HXD,SC,ASO,ES,Federal Contract Tower,0,32,61,0,93,0,4,40,0,44,0,36,101,0,137,10,0,10,147
05/23/2015,HXD,SC,ASO,ES,Federal Contract Tower,0,19,28,0,47,0,0,53,0,53,0,19,81,0,100,14,0,14,114
05/24/2015,HXD,SC,ASO,ES,Federal Contract Tower,0,22,24,0,46,0,0,40,0,40,0,22,64,0,86,6,0,6,92
05/25/2015,HXD,SC,ASO,ES,Federal Contract Tower,0,21,39,0,60,0,1,49,1,51,0,22,88,1,111,44,0,44,155
05/26/2015,HXD,SC,ASO,ES,Federal Contract Tower,0,22,25,0,47,0,0,46,2,48,0,22,71,2,95,24,2,26,121
05/27/2015,HXD,SC,ASO,ES,Federal Contract Tower,0,12,35,0,47,0,0,44,0,44,0,12,79,0,91,46,0,46,137
05/28/2015,HXD,SC,ASO,ES,Federal Contract Tower,0,27,30,4,61,0,0,44,2,46,0,27,74,6,107,12,0,12,119
05/29/2015,HXD,SC,ASO,ES,Federal Contract Tower,0,28,35,0,63,0,2,43,0,45,0,30,78,0,108,22,4,26,134
05/30/2015,HXD,SC,ASO,ES,Federal Contract Tower,0,25,12,0,37,0,0,36,0,36,0,25,48,0,73,12,0,12,85
05/31/2015,HXD,SC,ASO,ES,Federal Contract Tower,0,17,42,0,59,0,0,45,4,49,0,17,87,4,108,18,0,18,126
06/01/2015,HXD,SC,ASO,ES,Federal Contract Tower,0,13,17,2,32,0,0,44,0,44,0,13,61,2,76,6,2,8,84
06/02/2015,HXD,SC,ASO,ES,Federal Contract Tower,0,14,16,0,30,0,0,24,0,24,0,14,40,0,54,0,0,0,54
06/03/2015,HXD,SC,ASO,ES,Federal Contract Tower,0,21,21,0,42,0,0,34,0,34,0,21,55,0,76,30,0,30,106
06/04/2015,HXD,SC,ASO,ES,Federal Contract Tower,0,22,15,0,37,0,1,19,0,20,0,23,34,0,57,0,0,0,57
06/05/2015,HXD,SC,ASO,ES,Federal Contract Tower,0,21,34,0,55,0,0,31,0,31,0,21,65,0,86,0,0,0,86
06/06/2015,HXD,SC,ASO,ES,Federal Contract Tower,0,29,36,0,65,0,1,54,2,57,0,30,90,2,122,20,0,20,142
06/07/2015,HXD,SC,ASO,ES,Federal Contract Tower,0,16,3,0,19,0,1,30,0,31,0,17,33,0,50,6,0,6,56
06/08/2015,HXD,SC,ASO,ES,Federal Contract Tower,0,20,19,0,39,0,0,42,0,42,0,20,61,0,81,38,8,46,127
06/09/2015,HXD,SC,ASO,ES,Federal Contract Tower,0,15,36,0,51,0,0,44,0,44,0,15,80,0,95,4,0,4,99
06/10/2015,HXD,SC,ASO,ES,Federal Contract Tower,0,15,27,0,42,0,0,42,0,42,0,15,69,0,84,22,0,22,106
06/11/2015,HXD,SC,ASO,ES,Federal Contract Tower,0,22,35,0,57,0,0,57,1,58,0,22,92,1,115,26,0,26,141
06/12/2015,HXD,SC,ASO,ES,Federal Contract Tower,0,17,28,0,45,0,1,38,2,41,0,18,66,2,86,8,0,8,94
06/13/2015,HXD,SC,ASO,ES,Federal Contract Tower,0,26,29,0,55,0,0,53,0,53,0,26,82,0,108,0,0,0,108
06/14/2015,HXD,SC,ASO,ES,Federal Contract Tower,0,20,28,0,48,0,0,42,0,42,0,20,70,0,90,10,0,10,100
06/15/2015,HXD,SC,ASO,ES,Federal Contract Tower,0,14,18,0,32,0,0,39,0,39,0,14,57,0,71,4,0,4,75
06/16/2015,HXD,SC,ASO,ES,Federal Contract Tower,0,15,25,1,41,0,0,50,1,51,0,15,75,2,92,36,0,36,128
06/17/2015,HXD,SC,ASO,ES,Federal Contract Tower,0,11,32,0,43,0,0,52,2,54,0,11,84,2,97,54,2,56,153
06/18/2015,HXD,SC,ASO,ES,Federal Contract Tower,0,13,20,0,33,0,0,44,0,44,0,13,64,0,77,42,0,42,119
06/19/2015,HXD,SC,ASO,ES,Federal Contract Tower,0,16,25,0,41,0,0,36,2,38,0,16,61,2,79,20,4,24,103
06/20/2015,HXD,SC,ASO,ES,Federal Contract Tower,0,21,35,0,56,0,2,43,0,45,0,23,78,0,101,0,2,2,103
06/21/2015,HXD,SC,ASO,ES,Federal Contract Tower,0,15,44,2,61,0,0,54,0,54,0,15,98,2,115,0,9,9,124
06/22/2015,HXD,SC,ASO,ES,Federal Contract Tower,0,17,29,0,46,0,0,43,0,43,0,17,72,0,89,0,0,0,89
06/23/2015,HXD,SC,ASO,ES,Federal Contract Tower,0,15,25,0,40,0,1,67,0,68,0,16,92,0,108,30,0,30,138
06/24/2015,HXD,SC,ASO,ES,Federal Contract Tower,0,15,21,0,36,0,0,59,0,59,0,15,80,0,95,28,0,28,123
06/25/2015,HXD,SC,ASO,ES,Federal Contract Tower,0,11,30,0,41,0,0,50,0,50,0,11,80,0,91,24,0,24,115
06/26/2015,HXD,SC,ASO,ES,Federal Contract Tower,0,15,34,0,49,0,0,46,0,46,0,15,80,0,95,4,0,4,99
06/27/2015,HXD,SC,ASO,ES,Federal Contract Tower,0,19,17,0,36,0,9,15,0,24,0,28,32,0,60,0,0,0,60
06/28/2015,HXD,SC,ASO,ES,Federal Contract Tower,0,7,42,0,49,0,0,20,0,20,0,7,62,0,69,20,0,20,89
06/29/2015,HXD,SC,ASO,ES,Federal Contract Tower,0,11,24,0,35,0,0,54,0,54,0,11,78,0,89,32,0,32,121
06/30/2015,HXD,SC,ASO,ES,Federal Contract Tower,0,18,20,1,39,0,0,53,3,56,0,18,73,4,95,18,0,18,113
07/01/2015,HXD,SC,ASO,ES,Federal Contract Tower,0,12,39,2,53,0,0,37,0,37,0,12,76,2,90,2,0,2,92
07/02/2015,HXD,SC,ASO,ES,Federal Contract Tower,0,18,49,0,67,0,0,58,2,60,0,18,107,2,127,0,0,0,127
07/03/2015,HXD,SC,ASO,ES,Federal Contract Tower,0,15,41,0,56,0,0,56,0,56,0,15,97,0,112,8,0,8,120
07/04/2015,HXD,SC,ASO,ES,Federal Contract Tower,0,14,27,0,41,0,0,42,0,42,0,14,69,0,83,18,0,18,101
07/05/2015,HXD,SC,ASO,ES,Federal Contract Tower,0,23,47,0,70,0,0,52,0,52,0,23,99,0,122,0,0,0,122
07/06/2015,HXD,SC,ASO,ES,Federal Contract Tower,0,19,48,0,67,0,0,40,0,40,0,19,88,0,107,2,0,2,109
07/07/2015,HXD,SC,ASO,ES,Federal Contract Tower,0,16,25,0,41,0,0,31,0,31,0,16,56,0,72,8,0,8,80
07/08/2015,HXD,SC,ASO,ES,Federal Contract Tower,0,10,19,0,29,0,0,48,0,48,0,10,67,0,77,10,2,12,89
07/09/2015,HXD,SC,ASO,ES,Federal Contract Tower,0,19,25,0,44,0,0,48,4,52,0,19,73,4,96,6,0,6,102
07/10/2015,HXD,SC,ASO,ES,Federal Contract Tower,0,19,28,0,47,0,0,64,4,68,0,19,92,4,115,6,0,6,121
07/11/2015,HXD,SC,ASO,ES,Federal Contract Tower,0,20,32,0,52,0,0,50,0,50,0,20,82,0,102,6,2,8,110
07/12/2015,HXD,SC,ASO,ES,Federal Contract Tower,0,11,32,0,43,0,0,42,3,45,0,11,74,3,88,2,2,4,92
07/13/2015,HXD,SC,ASO,ES,Federal Contract Tower,0,9,10,0,19,0,0,29,0,29,0,9,39,0,48,0,2,2,50
07/14/2015,HXD,SC,ASO,ES,Federal Contract Tower,0,9,22,0,31,0,0,40,0,40,0,9,62,0,71,0,0,0,71
07/15/2015,HXD,SC,ASO,ES,Federal Contract Tower,0,12,24,0,36,0,0,48,0,48,0,12,72,0,84,4,0,4,88
07/16/2015,HXD,SC,ASO,ES,Federal Contract Tower,0,16,41,0,57,0,0,51,0,51,0,16,92,0,108,6,2,8,116
07/17/2015,HXD,SC,ASO,ES,Federal Contract Tower,0,18,38,0,56,0,1,26,0,27,0,19,64,0,83,0,0,0,83
07/18/2015,HXD,SC,ASO,ES,Federal Contract Tower,0,23,37,0,60,0,0,59,0,59,0,23,96,0,119,10,0,10,129
07/19/2015,HXD,SC,ASO,ES,Federal Contract Tower,0,13,30,0,43,0,0,23,0,23,0,13,53,0,66,2,0,2,68
07/20/2015,HXD,SC,ASO,ES,Federal Contract Tower,0,13,14,0,27,0,0,41,0,41,0,13,55,0,68,0,0,0,68
07/21/2015,HXD,SC,ASO,ES,Federal Contract Tower,0,16,21,0,37,0,0,53,0,53,0,16,74,0,90,16,0,16,106
07/22/2015,HXD,SC,ASO,ES,Federal Contract Tower,0,14,26,0,40,0,0,51,0,51,0,14,77,0,91,38,0,38,129
07/23/2015,HXD,SC,ASO,ES,Federal Contract Tower,0,21,24,0,45,0,0,58,0,58,0,21,82,0,103,16,0,16,119
07/24/2015,HXD,SC,ASO,ES,Federal Contract Tower,0,21,38,0,59,0,0,21,0,21,0,21,59,0,80,12,0,12,92
07/25/2015,HXD,SC,ASO,ES,Federal Contract Tower,0,20,34,2,56,0,0,65,0,65,0,20,99,2,121,26,2,28,149
07/26/2015,HXD,SC,ASO,ES,Federal Contract Tower,0,17,30,0,47,0,0,52,0,52,0,17,82,0,99,14,0,14,113
07/27/2015,HXD,SC,ASO,ES,Federal Contract Tower,0,9,27,0,36,0,0,22,0,22,0,9,49,0,58,4,8,12,70
07/28/2015,HXD,SC,ASO,ES,Federal Contract Tower,0,19,27,0,46,0,0,44,3,47,0,19,71,3,93,0,0,0,93
07/29/2015,HXD,SC,ASO,ES,Federal Contract Tower,0,16,33,1,50,0,3,48,1,52,0,19,81,2,102,56,0,56,158
07/30/2015,HXD,SC,ASO,ES,Federal Contract Tower,0,23,30,0,53,0,1,79,0,80,0,24,109,0,133,34,0,34,167
07/31/2015,HXD,SC,ASO,ES,Federal Contract Tower,0,13,28,0,41,0,0,13,0,13,0,13,41,0,54,2,0,2,56
08/01/2015,HXD,SC,ASO,ES,Federal Contract Tower,0,15,31,0,46,0,0,34,0,34,0,15,65,0,80,26,2,28,108
08/02/2015,HXD,SC,ASO,ES,Federal Contract Tower,0,11,23,0,34,0,0,30,0,30,0,11,53,0,64,34,0,34,98
08/03/2015,HXD,SC,ASO,ES,Federal Contract Tower,0,10,21,0,31,0,0,28,0,28,0,10,49,0,59,14,0,14,73
08/04/2015,HXD,SC,ASO,ES,Federal Contract Tower,0,14,20,0,34,0,0,32,3,35,0,14,52,3,69,0,6,6,75
08/05/2015,HXD,SC,ASO,ES,Federal Contract Tower,0,17,34,1,52,0,0,63,0,63,0,17,97,1,115,22,0,22,137
08/06/2015,HXD,SC,ASO,ES,Federal Contract Tower,0,12,13,0,25,0,0,45,2,47,0,12,58,2,72,18,0,18,90
08/07/2015,HXD,SC,ASO,ES,Federal Contract Tower,0,16,21,0,37,0,0,46,0,46,0,16,67,0,83,10,0,10,93
08/08/2015,HXD,SC,ASO,ES,Federal Contract Tower,0,14,34,0,48,0,0,63,0,63,0,14,97,0,111,38,0,38,149
08/09/2015,HXD,SC,ASO,ES,Federal Contract Tower,0,17,20,0,37,0,0,46,0,46,0,17,66,0,83,14,0,14,97
08/10/2015,HXD,SC,ASO,ES,Federal Contract Tower,0,19,10,1,30,0,2,46,4,52,0,21,56,5,82,14,2,16,98
08/11/2015,HXD,SC,ASO,ES,Federal Contract Tower,0,15,14,0,29,0,0,47,4,51,0,15,61,4,80,24,12,36,116
08/12/2015,HXD,SC,ASO,ES,Federal Contract Tower,0,15,22,2,39,0,0,81,3,84,0,15,103,5,123,24,2,26,149
08/13/2015,HXD,SC,ASO,ES,Federal Contract Tower,0,22,36,0,58,0,0,66,1,67,0,22,102,1,125,26,2,28,153
08/14/2015,HXD,SC,ASO,ES,Federal Contract Tower,0,13,17,0,30,0,0,72,0,72,0,13,89,0,102,2,2,4,106
08/15/2015,HXD,SC,ASO,ES,Federal Contract Tower,0,28,22,0,50,0,3,57,0,60,0,31,79,0,110,12,0,12,122
08/16/2015,HXD,SC,ASO,ES,Federal Contract Tower,0,10,23,0,33,0,1,36,1,38,0,11,59,1,71,0,0,0,71
08/17/2015,HXD,SC,ASO,ES,Federal Contract Tower,0,15,16,0,31,0,0,31,0,31,0,15,47,0,62,10,0,10,72
08/18/2015,HXD,SC,ASO,ES,Federal Contract Tower,0,15,17,0,32,0,0,37,0,37,0,15,54,0,69,14,0,14,83
08/19/2015,HXD,SC,ASO,ES,Federal Contract Tower,0,12,16,0,28,0,0,39,0,39,0,12,55,0,67,14,10,24,91
08/20/2015,HXD,SC,ASO,ES,Federal Contract Tower,0,14,22,0,36,0,0,43,1,44,0,14,65,1,80,14,0,14,94
08/21/2015,HXD,SC,ASO,ES,Federal Contract Tower,0,16,25,2,43,0,0,64,1,65,0,16,89,3,108,14,22,36,144
08/22/2015,HXD,SC,ASO,ES,Federal Contract Tower,0,26,21,0,47,0,0,44,1,45,0,26,65,1,92,4,0,4,96
08/23/2015,HXD,SC,ASO,ES,Federal Contract Tower,0,14,17,0,31,0,0,32,0,32,0,14,49,0,63,10,0,10,73
08/24/2015,HXD,SC,ASO,ES,Federal Contract Tower,0,16,22,0,38,0,0,37,0,37,0,16,59,0,75,12,0,12,87
08/25/2015,HXD,SC,ASO,ES,Federal Contract Tower,0,18,10,0,28,0,1,48,2,51,0,19,58,2,79,12,0,12,91
08/26/2015,HXD,SC,ASO,ES,Federal Contract Tower,0,11,17,1,29,0,1,54,0,55,0,12,71,1,84,0,0,0,84
08/27/2015,HXD,SC,ASO,ES,Federal Contract Tower,0,13,23,2,38,0,0,28,0,28,0,13,51,2,66,8,0,8,74
08/28/2015,HXD,SC,ASO,ES,Federal Contract Tower,0,15,15,0,30,0,0,28,0,28,0,15,43,0,58,8,0,8,66
08/29/2015,HXD,SC,ASO,ES,Federal Contract Tower,0,14,8,0,22,0,0,19,0,19,0,14,27,0,41,0,0,0,41
08/30/2015,HXD,SC,ASO,ES,Federal Contract Tower,0,7,9,2,18,0,0,0,2,2,0,7,9,4,20,2,0,2,22
08/31/2015,HXD,SC,ASO,ES,Federal Contract Tower,0,12,10,0,22,0,0,3,2,5,0,12,13,2,27,2,4,6,33
09/01/2015,HXD,SC,ASO,ES,Federal Contract Tower,0,16,14,0,30,0,0,17,0,17,0,16,31,0,47,16,2,18,65
09/02/2015,HXD,SC,ASO,ES,Federal Contract Tower,0,14,25,0,39,0,0,18,0,18,0,14,43,0,57,0,0,0,57
09/03/2015,HXD,SC,ASO,ES,Federal Contract Tower,0,22,28,0,50,0,0,37,0,37,0,22,65,0,87,12,0,12,99
09/04/2015,HXD,SC,ASO,ES,Federal Contract Tower,0,21,28,0,49,0,0,49,0,49,0,21,77,0,98,18,0,18,116
09/05/2015,HXD,SC,ASO,ES,Federal Contract Tower,0,13,10,0,23,0,0,36,0,36,0,13,46,0,59,12,0,12,71
09/06/2015,HXD,SC,ASO,ES,Federal Contract Tower,0,7,17,0,24,0,0,41,0,41,0,7,58,0,65,20,0,20,85
09/07/2015,HXD,SC,ASO,ES,Federal Contract Tower,0,13,30,0,43,0,0,10,0,10,0,13,40,0,53,0,0,0,53
09/08/2015,HXD,SC,ASO,ES,Federal Contract Tower,0,12,32,0,44,0,0,26,0,26,0,12,58,0,70,22,0,22,92
09/09/2015,HXD,SC,ASO,ES,Federal Contract Tower,0,12,29,0,41,0,0,50,0,50,0,12,79,0,91,4,2,6,97
09/10/2015,HXD,SC,ASO,ES,Federal Contract Tower,0,13,32,0,45,0,0,31,0,31,0,13,63,0,76,12,0,12,88
09/11/2015,HXD,SC,ASO,ES,Federal Contract Tower,0,12,34,0,46,0,0,35,0,35,0,12,69,0,81,14,0,14,95
09/12/2015,HXD,SC,ASO,ES,Federal Contract Tower,0,10,18,0,28,0,0,24,0,24,0,10,42,0,52,16,0,16,68
09/13/2015,HXD,SC,ASO,ES,Federal Contract Tower,0,15,33,0,48,0,0,52,0,52,0,15,85,0,100,4,0,4,104
09/14/2015,HXD,SC,ASO,ES,Federal Contract Tower,0,12,15,2,29,0,0,48,3,51,0,12,63,5,80,0,0,0,80
09/15/2015,HXD,SC,ASO,ES,Federal Contract Tower,0,12,23,0,35,0,0,40,0,40,0,12,63,0,75,0,0,0,75
09/16/2015,HXD,SC,ASO,ES,Federal Contract Tower,0,14,31,0,45,0,0,38,1,39,0,14,69,1,84,4,0,4,88
09/17/2015,HXD,SC,ASO,ES,Federal Contract Tower,0,16,16,0,32,0,0,19,0,19,0,16,35,0,51,2,0,2,53
09/18/2015,HXD,SC,ASO,ES,Federal Contract Tower,0,15,28,0,43,0,0,49,0,49,0,15,77,0,92,16,0,16,108
09/19/2015,HXD,SC,ASO,ES,Federal Contract Tower,0,14,22,0,36,0,0,57,0,57,0,14,79,0,93,30,0,30,123
09/20/2015,HXD,SC,ASO,ES,Federal Contract Tower,0,15,33,0,48,0,0,47,2,49,0,15,80,2,97,10,0,10,107
09/21/2015,HXD,SC,ASO,ES,Federal Contract Tower,0,16,26,0,42,0,0,39,0,39,0,16,65,0,81,30,4,34,115
09/22/2015,HXD,SC,ASO,ES,Federal Contract Tower,0,21,20,0,41,0,0,32,0,32,0,21,52,0,73,2,0,2,75
09/23/2015,HXD,SC,ASO,ES,Federal Contract Tower,0,12,34,2,48,0,0,12,0,12,0,12,46,2,60,12,0,12,72
09/24/2015,HXD,SC,ASO,ES,Federal Contract Tower,0,14,24,0,38,0,0,0,0,0,0,14,24,0,38,0,0,0,38
09/25/2015,HXD,SC,ASO,ES,Federal Contract Tower,0,12,23,0,35,0,0,7,0,7,0,12,30,0,42,2,0,2,44
09/26/2015,HXD,SC,ASO,ES,Federal Contract Tower,0,18,19,0,37,0,0,16,0,16,0,18,35,0,53,0,0,0,53
09/27/2015,HXD,SC,ASO,ES,Federal Contract Tower,0,11,45,0,56,0,0,9,0,9,0,11,54,0,65,10,0,10,75
09/28/2015,HXD,SC,ASO,ES,Federal Contract Tower,0,8,21,1,30,0,0,16,2,18,0,8,37,3,48,16,0,16,64
09/29/2015,HXD,SC,ASO,ES,Federal Contract Tower,0,11,8,0,19,0,0,11,0,11,0,11,19,0,30,10,2,12,42
09/30/2015,HXD,SC,ASO,ES,Federal Contract Tower,0,24,28,0,52,0,0,15,0,15,0,24,43,0,67,10,0,10,77
10/01/2015,HXD,SC,ASO,ES,Federal Contract Tower,0,9,23,0,32,0,0,5,0,5,0,9,28,0,37,2,0,2,39
10/02/2015,HXD,SC,ASO,ES,Federal Contract Tower,0,8,12,0,20,0,0,12,0,12,0,8,24,0,32,4,0,4,36
10/03/2015,HXD,SC,ASO,ES,Federal Contract Tower,0,4,8,0,12,0,0,0,0,0,0,4,8,0,12,0,0,0,12
10/04/2015,HXD,SC,ASO,ES,Federal Contract Tower,0,12,20,0,32,0,0,3,0,3,0,12,23,0,35,0,0,0,35
10/05/2015,HXD,SC,ASO,ES,Federal Contract Tower,0,10,17,1,28,0,0,0,0,0,0,10,17,1,28,0,0,0,28
10/06/2015,HXD,SC,ASO,ES,Federal Contract Tower,0,15,35,0,50,0,0,15,0,15,0,15,50,0,65,0,0,0,65
10/07/2015,HXD,SC,ASO,ES,Federal Contract Tower,0,17,30,0,47,0,0,57,0,57,0,17,87,0,104,16,4,20,124
10/08/2015,HXD,SC,ASO,ES,Federal Contract Tower,0,28,44,0,72,0,0,70,0,70,0,28,114,0,142,12,0,12,154
10/09/2015,HXD,SC,ASO,ES,Federal Contract Tower,0,22,32,0,54,0,2,38,4,44,0,24,70,4,98,18,12,30,128
10/10/2015,HXD,SC,ASO,ES,Federal Contract Tower,0,11,16,0,27,0,1,10,0,11,0,12,26,0,38,0,0,0,38
10/11/2015,HXD,SC,ASO,ES,Federal Contract Tower,0,16,39,0,55,0,0,4,0,4,0,16,43,0,59,4,0,4,63
10/12/2015,HXD,SC,ASO,ES,Federal Contract Tower,0,28,35,0,63,0,1,27,0,28,0,29,62,0,91,0,0,0,91
10/13/2015,HXD,SC,ASO,ES,Federal Contract Tower,0,11,18,0,29,0,0,35,0,35,0,11,53,0,64,4,0,4,68
10/14/2015,HXD,SC,ASO,ES,Federal Contract Tower,0,12,32,2,46,0,2,47,0,49,0,14,79,2,95,38,2,40,135
10/15/2015,HXD,SC,ASO,ES,Federal Contract Tower,0,18,42,1,61,0,0,33,1,34,0,18,75,2,95,2,0,2,97
10/16/2015,HXD,SC,ASO,ES,Federal Contract Tower,0,22,42,1,65,0,1,45,3,49,0,23,87,4,114,40,0,40,154
10/17/2015,HXD,SC,ASO,ES,Federal Contract Tower,0,19,25,0,44,0,2,38,0,40,0,21,63,0,84,6,28,34,118
10/18/2015,HXD,SC,ASO,ES,Federal Contract Tower,0,16,35,0,51,0,0,45,4,49,0,16,80,4,100,10,0,10,110
10/19/2015,HXD,SC,ASO,ES,Federal Contract Tower,0,16,35,0,51,0,0,37,0,37,0,16,72,0,88,0,10,10,98
10/20/2015,HXD,SC,ASO,ES,Federal Contract Tower,0,12,10,0,22,0,0,46,0,46,0,12,56,0,68,14,0,14,82
10/21/2015,HXD,SC,ASO,ES,Federal Contract Tower,0,18,28,0,46,0,0,37,0,37,0,18,65,0,83,10,0,10,93
10/22/2015,HXD,SC,ASO,ES,Federal Contract Tower,0,14,40,0,54,0,0,34,2,36,0,14,74,2,90,12,0,12,102
10/23/2015,HXD,SC,ASO,ES,Federal Contract Tower,0,17,32,0,49,0,2,45,0,47,0,19,77,0,96,0,0,0,96
10/24/2015,HXD,SC,ASO,ES,Federal Contract Tower,0,22,21,0,43,0,0,35,0,35,0,22,56,0,78,4,0,4,82
10/25/2015,HXD,SC,ASO,ES,Federal Contract Tower,0,17,55,0,72,0,0,31,0,31,0,17,86,0,103,18,0,18,121
10/26/2015,HXD,SC,ASO,ES,Federal Contract Tower,0,14,17,0,31,0,0,7,0,7,0,14,24,0,38,0,2,2,40
10/27/2015,HXD,SC,ASO,ES,Federal Contract Tower,0,14,9,0,23,0,0,1,0,1,0,14,10,0,24,0,0,0,24
10/28/2015,HXD,SC,ASO,ES,Federal Contract Tower,0,19,24,0,43,0,2,10,0,12,0,21,34,0,55,0,2,2,57
10/29/2015,HXD,SC,ASO,ES,Federal Contract Tower,0,18,38,0,56,0,2,50,0,52,0,20,88,0,108,2,0,2,110
10/30/2015,HXD,SC,ASO,ES,Federal Contract Tower,0,17,29,0,46,0,0,55,0,55,0,17,84,0,101,6,0,6,107
10/31/2015,HXD,SC,ASO,ES,Federal Contract Tower,0,17,25,0,42,0,1,46,0,47,0,18,71,0,89,2,0,2,91
11/01/2015,HXD,SC,ASO,ES,Federal Contract Tower,0,13,52,0,65,0,0,51,0,51,0,13,103,0,116,4,0,4,120
11/02/2015,HXD,SC,ASO,ES,Federal Contract Tower,0,3,16,0,19,0,6,0,0,6,0,9,16,0,25,4,0,4,29
11/03/2015,HXD,SC,ASO,ES,Federal Contract Tower,0,9,18,3,30,0,0,3,0,3,0,9,21,3,33,14,0,14,47
11/04/2015,HXD,SC,ASO,ES,Federal Contract Tower,0,12,22,0,34,0,0,0,0,0,0,12,22,0,34,0,0,0,34
11/05/2015,HXD,SC,ASO,ES,Federal Contract Tower,0,17,33,0,50,0,0,0,0,0,0,17,33,0,50,0,0,0,50
11/06/2015,HXD,SC,ASO,ES,Federal Contract Tower,0,8,8,2,18,0,0,0,0,0,0,8,8,2,18,0,0,0,18
11/07/2015,HXD,SC,ASO,ES,Federal Contract Tower,0,12,13,2,27,0,0,30,0,30,0,12,43,2,57,8,0,8,65
11/08/2015,HXD,SC,ASO,ES,Federal Contract Tower,0,8,20,0,28,0,0,2,0,2,0,8,22,0,30,0,0,0,30
11/09/2015,HXD,SC,ASO,ES,Federal Contract Tower,0,3,10,0,13,0,0,0,0,0,0,3,10,0,13,0,0,0,13
11/10/2015,HXD,SC,ASO,ES,Federal Contract Tower,0,15,27,0,42,0,0,33,0,33,0,15,60,0,75,16,2,18,93
11/11/2015,HXD,SC,ASO,ES,Federal Contract Tower,0,28,22,0,50,0,2,42,0,44,0,30,64,0,94,16,0,16,110
11/12/2015,HXD,SC,ASO,ES,Federal Contract Tower,0,21,37,0,58,0,0,43,0,43,0,21,80,0,101,16,0,16,117
11/13/2015,HXD,SC,ASO,ES,Federal Contract Tower,0,16,32,0,48,0,1,34,0,35,0,17,66,0,83,28,0,28,111
11/14/2015,HXD,SC,ASO,ES,Federal Contract Tower,0,15,20,0,35,0,0,48,0,48,0,15,68,0,83,29,0,29,112
11/15/2015,HXD,SC,ASO,ES,Federal Contract Tower,0,18,42,0,60,0,0,42,0,42,0,18,84,0,102,4,0,4,106
11/16/2015,HXD,SC,ASO,ES,Federal Contract Tower,0,13,15,0,28,0,0,46,0,46,0,13,61,0,74,10,0,10,84
11/17/2015,HXD,SC,ASO,ES,Federal Contract Tower,0,18,19,1,38,0,0,16,1,17,0,18,35,2,55,2,0,2,57
11/18/2015,HXD,SC,ASO,ES,Federal Contract Tower,0,17,23,0,40,0,0,24,0,24,0,17,47,0,64,0,0,0,64
11/19/2015,HXD,SC,ASO,ES,Federal Contract Tower,0,17,21,0,38,0,0,1,0,1,0,17,22,0,39,0,0,0,39
11/20/2015,HXD,SC,ASO,ES,Federal Contract Tower,0,20,33,0,53,0,0,43,0,43,0,20,76,0,96,14,0,14,110
11/21/2015,HXD,SC,ASO,ES,Federal Contract Tower,0,16,29,0,45,0,0,30,0,30,0,16,59,0,75,20,0,20,95
11/22/2015,HXD,SC,ASO,ES,Federal Contract Tower,0,13,32,0,45,0,0,21,0,21,0,13,53,0,66,4,0,4,70
11/23/2015,HXD,SC,ASO,ES,Federal Contract Tower,0,14,15,0,29,0,0,44,0,44,0,14,59,0,73,4,0,4,77
11/24/2015,HXD,SC,ASO,ES,Federal Contract Tower,0,24,40,4,68,0,1,41,5,47,0,25,81,9,115,8,0,8,123
11/25/2015,HXD,SC,ASO,ES,Federal Contract Tower,0,30,27,0,57,0,1,28,0,29,0,31,55,0,86,0,0,0,86
11/26/2015,HXD,SC,ASO,ES,Federal Contract Tower,0,5,9,0,14,0,0,11,0,11,0,5,20,0,25,0,0,0,25
11/27/2015,HXD,SC,ASO,ES,Federal Contract Tower,0,20,26,0,46,0,0,0,0,0,0,20,26,0,46,14,0,14,60
11/28/2015,HXD,SC,ASO,ES,Federal Contract Tower,0,32,15,0,47,0,2,42,1,45,0,34,57,1,92,2,2,4,96
11/29/2015,HXD,SC,ASO,ES,Federal Contract Tower,0,28,36,0,64,0,0,43,0,43,0,28,79,0,107,26,0,26,133
11/30/2015,HXD,SC,ASO,ES,Federal Contract Tower,0,16,18,0,34,0,0,29,0,29,0,16,47,0,63,6,0,6,69
12/01/2015,HXD,SC,ASO,ES,Federal Contract Tower,0,6,14,0,20,0,0,0,0,0,0,6,14,0,20,0,0,0,20
12/02/2015,HXD,SC,ASO,ES,Federal Contract Tower,0,12,6,0,18,0,0,4,0,4,0,12,10,0,22,0,0,0,22
12/03/2015,HXD,SC,ASO,ES,Federal Contract Tower,0,10,23,0,33,0,0,21,0,21,0,10,44,0,54,0,0,0,54
12/04/2015,HXD,SC,ASO,ES,Federal Contract Tower,0,11,11,0,22,0,0,25,1,26,0,11,36,1,48,0,0,0,48
12/05/2015,HXD,SC,ASO,ES,Federal Contract Tower,0,13,8,0,21,0,3,32,4,39,0,16,40,4,60,0,4,4,64
12/06/2015,HXD,SC,ASO,ES,Federal Contract Tower,0,9,12,0,21,0,0,33,0,33,0,9,45,0,54,2,0,2,56
12/07/2015,HXD,SC,ASO,ES,Federal Contract Tower,0,11,10,0,21,0,0,18,0,18,0,11,28,0,39,8,0,8,47
12/08/2015,HXD,SC,ASO,ES,Federal Contract Tower,0,11,19,0,30,0,0,21,0,21,0,11,40,0,51,0,0,0,51
12/09/2015,HXD,SC,ASO,ES,Federal Contract Tower,0,8,18,0,26,0,0,31,0,31,0,8,49,0,57,16,0,16,73
12/10/2015,HXD,SC,ASO,ES,Federal Contract Tower,0,12,16,0,28,0,1,44,2,47,0,13,60,2,75,44,0,44,119
12/11/2015,HXD,SC,ASO,ES,Federal Contract Tower,0,9,23,0,32,0,1,57,0,58,0,10,80,0,90,10,0,10,100
12/12/2015,HXD,SC,ASO,ES,Federal Contract Tower,0,12,19,0,31,0,2,41,0,43,0,14,60,0,74,2,0,2,76
12/13/2015,HXD,SC,ASO,ES,Federal Contract Tower,0,10,16,0,26,0,0,32,2,34,0,10,48,2,60,10,0,10,70
12/14/2015,HXD,SC,ASO,ES,Federal Contract Tower,0,14,11,1,26,0,0,5,0,5,0,14,16,1,31,0,0,0,31
12/15/2015,HXD,SC,ASO,ES,Federal Contract Tower,0,14,29,0,43,0,0,48,0,48,0,14,77,0,91,8,0,8,99
12/16/2015,HXD,SC,ASO,ES,Federal Contract Tower,0,11,29,0,40,0,4,30,0,34,0,15,59,0,74,22,0,22,96
12/17/2015,HXD,SC,ASO,ES,Federal Contract Tower,0,2,12,0,14,0,0,0,0,0,0,2,12,0,14,0,0,0,14
12/18/2015,HXD,SC,ASO,ES,Federal Contract Tower,0,18,12,0,30,0,0,22,0,22,0,18,34,0,52,28,0,28,80
12/19/2015,HXD,SC,ASO,ES,Federal Contract Tower,0,14,20,0,34,0,0,40,0,40,0,14,60,0,74,0,4,4,78
12/20/2015,HXD,SC,ASO,ES,Federal Contract Tower,0,11,21,0,32,0,0,49,4,53,0,11,70,4,85,18,0,18,103
12/21/2015,HXD,SC,ASO,ES,Federal Contract Tower,0,16,24,0,40,0,0,33,0,33,0,16,57,0,73,12,0,12,85
12/22/2015,HXD,SC,ASO,ES,Federal Contract Tower,0,10,6,0,16,0,0,7,0,7,0,10,13,0,23,0,0,0,23
12/23/2015,HXD,SC,ASO,ES,Federal Contract Tower,0,4,8,0,12,0,0,0,0,0,0,4,8,0,12,0,0,0,12
12/24/2015,HXD,SC,ASO,ES,Federal Contract Tower,0,6,5,0,11,0,0,4,0,4,0,6,9,0,15,0,0,0,15
12/25/2015,HXD,SC,ASO,ES,Federal Contract Tower,0,1,3,0,4,0,0,0,0,0,0,1,3,0,4,0,0,0,4
12/26/2015,HXD,SC,ASO,ES,Federal Contract Tower,0,6,21,0,27,0,0,10,0,10,0,6,31,0,37,0,0,0,37
12/27/2015,HXD,SC,ASO,ES,Federal Contract Tower,0,9,17,0,26,0,3,49,0,52,0,12,66,0,78,42,4,46,124
12/28/2015,HXD,SC,ASO,ES,Federal Contract Tower,0,13,24,0,37,0,0,26,0,26,0,13,50,0,63,16,0,16,79
12/29/2015,HXD,SC,ASO,ES,Federal Contract Tower,0,20,18,0,38,0,0,25,0,25,0,20,43,0,63,14,0,14,77
12/30/2015,HXD,SC,ASO,ES,Federal Contract Tower,0,12,26,0,38,0,1,20,0,21,0,13,46,0,59,0,10,10,69
12/31/2015,HXD,SC,ASO,ES,Federal Contract Tower,0,10,25,0,35,0,0,17,0,17,0,10,42,0,52,0,0,0,52
01/01/2016,HXD,SC,ASO,ES,Federal Contract Tower,0,8,9,0,17,0,0,4,0,4,0,8,13,0,21,0,0,0,21
01/02/2016,HXD,SC,ASO,ES,Federal Contract Tower,0,20,24,0,44,0,0,54,0,54,0,20,78,0,98,2,0,2,100
01/03/2016,HXD,SC,ASO,ES,Federal Contract Tower,0,21,30,0,51,0,0,44,0,44,0,21,74,0,95,16,0,16,111
01/04/2016,HXD,SC,ASO,ES,Federal Contract Tower,0,17,23,0,40,0,2,34,0,36,0,19,57,0,76,18,0,18,94
01/05/2016,HXD,SC,ASO,ES,Federal Contract Tower,0,14,7,0,21,0,0,27,0,27,0,14,34,0,48,0,0,0,48
01/06/2016,HXD,SC,ASO,ES,Federal Contract Tower,0,17,22,1,40,0,0,10,0,10,0,17,32,1,50,0,0,0,50
01/07/2016,HXD,SC,ASO,ES,Federal Contract Tower,0,16,20,0,36,0,0,22,0,22,0,16,42,0,58,6,0,6,64
01/08/2016,HXD,SC,ASO,ES,Federal Contract Tower,0,11,20,0,31,0,0,2,0,2,0,11,22,0,33,0,0,0,33
01/09/2016,HXD,SC,ASO,ES,Federal Contract Tower,0,3,11,0,14,0,0,0,0,0,0,3,11,0,14,0,0,0,14
01/10/2016,HXD,SC,ASO,ES,Federal Contract Tower,0,11,14,0,25,0,0,12,0,12,0,11,26,0,37,0,0,0,37
01/11/2016,HXD,SC,ASO,ES,Federal Contract Tower,0,7,20,0,27,0,0,39,0,39,0,7,59,0,66,14,0,14,80
01/12/2016,HXD,SC,ASO,ES,Federal Contract Tower,0,12,23,0,35,0,0,26,0,26,0,12,49,0,61,10,0,10,71
01/13/2016,HXD,SC,ASO,ES,Federal Contract Tower,0,15,26,0,41,0,2,41,1,44,0,17,67,1,85,8,8,16,101
01/14/2016,HXD,SC,ASO,ES,Federal Contract Tower,0,13,28,0,41,0,2,39,0,41,0,15,67,0,82,0,0,0,82
01/15/2016,HXD,SC,ASO,ES,Federal Contract Tower,0,9,8,0,17,0,0,0,0,0,0,9,8,0,17,0,0,0,17
01/16/2016,HXD,SC,ASO,ES,Federal Contract Tower,0,17,14,0,31,0,0,49,0,49,0,17,63,0,80,30,0,30,110
01/17/2016,HXD,SC,ASO,ES,Federal Contract Tower,0,9,13,0,22,0,2,16,0,18,0,11,29,0,40,8,0,8,48
01/18/2016,HXD,SC,ASO,ES,Federal Contract Tower,0,15,22,0,37,0,1,40,0,41,0,16,62,0,78,0,2,2,80
01/19/2016,HXD,SC,ASO,ES,Federal Contract Tower,0,12,27,0,39,0,2,46,1,49,0,14,73,1,88,18,0,18,106
01/20/2016,HXD,SC,ASO,ES,Federal Contract Tower,0,10,14,0,24,0,0,21,0,21,0,10,35,0,45,18,2,20,65
01/21/2016,HXD,SC,ASO,ES,Federal Contract Tower,0,15,18,0,33,0,0,34,0,34,0,15,52,0,67,16,0,16,83
01/22/2016,HXD,SC,ASO,ES,Federal Contract Tower,0,1,8,0,9,0,0,0,0,0,0,1,8,0,9,0,0,0,9
01/23/2016,HXD,SC,ASO,ES,Federal Contract Tower,0,3,3,0,6,0,0,2,0,2,0,3,5,0,8,8,0,8,16
01/24/2016,HXD,SC,ASO,ES,Federal Contract Tower,0,5,22,0,27,0,0,47,1,48,0,5,69,1,75,6,0,6,81
01/25/2016,HXD,SC,ASO,ES,Federal Contract Tower,0,10,8,0,18,0,2,44,0,46,0,12,52,0,64,8,0,8,72
01/26/2016,HXD,SC,ASO,ES,Federal Contract Tower,0,13,18,0,31,0,2,36,0,38,0,15,54,0,69,0,0,0,69
01/27/2016,HXD,SC,ASO,ES,Federal Contract Tower,0,13,11,0,24,0,0,16,0,16,0,13,27,0,40,4,2,6,46
01/28/2016,HXD,SC,ASO,ES,Federal Contract Tower,0,13,11,0,24,0,0,0,0,0,0,13,11,0,24,0,0,0,24
01/29/2016,HXD,SC,ASO,ES,Federal Contract Tower,0,15,33,0,48,0,1,35,1,37,0,16,68,1,85,4,0,4,89
01/30/2016,HXD,SC,ASO,ES,Federal Contract Tower,0,14,19,0,33,0,1,43,1,45,0,15,62,1,78,20,2,22,100
01/31/2016,HXD,SC,ASO,ES,Federal Contract Tower,0,10,26,2,38,0,0,32,0,32,0,10,58,2,70,6,0,6,76
02/01/2016,HXD,SC,ASO,ES,Federal Contract Tower,0,14,9,0,23,0,7,28,0,35,0,21,37,0,58,20,0,20,78
02/02/2016,HXD,SC,ASO,ES,Federal Contract Tower,0,14,35,1,50,0,0,29,5,34,0,14,64,6,84,0,0,0,84
02/03/2016,HXD,SC,ASO,ES,Federal Contract Tower,0,8,4,0,12,0,0,0,0,0,0,8,4,0,12,0,0,0,12
02/04/2016,HXD,SC,ASO,ES,Federal Contract Tower,0,6,11,0,17,0,0,0,0,0,0,6,11,0,17,0,0,0,17
02/05/2016,HXD,SC,ASO,ES,Federal Contract Tower,0,14,22,0,36,0,0,52,6,58,0,14,74,6,94,18,0,18,112
02/06/2016,HXD,SC,ASO,ES,Federal Contract Tower,0,8,12,0,20,0,3,28,4,35,0,11,40,4,55,22,2,24,79
02/07/2016,HXD,SC,ASO,ES,Federal Contract Tower,0,13,17,0,30,0,0,13,0,13,0,13,30,0,43,10,0,10,53
02/08/2016,HXD,SC,ASO,ES,Federal Contract Tower,0,11,18,0,29,0,0,22,0,22,0,11,40,0,51,4,0,4,55
02/09/2016,HXD,SC,ASO,ES,Federal Contract Tower,0,11,16,0,27,0,1,11,6,18,0,12,27,6,45,12,0,12,57
02/10/2016,HXD,SC,ASO,ES,Federal Contract Tower,0,12,14,0,26,0,0,28,0,28,0,12,42,0,54,10,2,12,66
02/11/2016,HXD,SC,ASO,ES,Federal Contract Tower,0,18,26,0,44,0,0,34,0,34,0,18,60,0,78,40,4,44,122
02/12/2016,HXD,SC,ASO,ES,Federal Contract Tower,0,12,43,0,55,0,1,22,0,23,0,13,65,0,78,8,0,8,86
02/13/2016,HXD,SC,ASO,ES,Federal Contract Tower,0,12,16,1,29,0,3,56,0,59,0,15,72,1,88,0,0,0,88
02/14/2016,HXD,SC,ASO,ES,Federal Contract Tower,0,15,21,0,36,0,2,42,0,44,0,17,63,0,80,0,0,0,80
02/15/2016,HXD,SC,ASO,ES,Federal Contract Tower,0,12,17,0,29,0,0,4,2,6,0,12,21,2,35,0,0,0,35
02/16/2016,HXD,SC,ASO,ES,Federal Contract Tower,0,12,17,0,29,0,0,12,0,12,0,12,29,0,41,8,2,10,51
02/17/2016,HXD,SC,ASO,ES,Federal Contract Tower,0,13,23,2,38,0,0,48,0,48,0,13,71,2,86,24,2,26,112
02/18/2016,HXD,SC,ASO,ES,Federal Contract Tower,0,14,27,0,41,0,2,51,0,53,0,16,78,0,94,22,4,26,120
02/19/2016,HXD,SC,ASO,ES,Federal Contract Tower,0,15,29,0,44,0,0,60,0,60,0,15,89,0,104,46,2,48,152
02/20/2016,HXD,SC,ASO,ES,Federal Contract Tower,0,11,17,0,28,0,18,52,0,70,0,29,69,0,98,2,0,2,100
02/21/2016,HXD,SC,ASO,ES,Federal Contract Tower,0,6,24,0,30,0,15,53,0,68,0,21,77,0,98,26,0,26,124
02/22/2016,HXD,SC,ASO,ES,Federal Contract Tower,0,9,34,0,43,0,2,26,0,28,0,11,60,0,71,0,4,4,75
02/23/2016,HXD,SC,ASO,ES,Federal Contract Tower,0,8,18,0,26,0,0,25,2,27,0,8,43,2,53,2,24,26,79
02/24/2016,HXD,SC,ASO,ES,Federal Contract Tower,0,6,8,0,14,0,0,2,0,2,0,6,10,0,16,0,0,0,16
02/25/2016,HXD,SC,ASO,ES,Federal Contract Tower,0,14,27,0,41,0,0,17,0,17,0,14,44,0,58,0,0,0,58
02/26/2016,HXD,SC,ASO,ES,Federal Contract Tower,0,13,30,1,44,0,0,30,2,32,0,13,60,3,76,6,2,8,84
02/27/2016,HXD,SC,ASO,ES,Federal Contract Tower,0,10,20,0,30,0,0,56,0,56,0,10,76,0,86,30,0,30,116
02/28/2016,HXD,SC,ASO,ES,Federal Contract Tower,0,13,32,0,45,0,2,42,0,44,0,15,74,0,89,6,0,6,95
02/29/2016,HXD,SC,ASO,ES,Federal Contract Tower,0,11,26,0,37,0,2,34,0,36,0,13,60,0,73,0,0,0,73
03/01/2016,HXD,SC,ASO,ES,Federal Contract Tower,0,15,27,0,42,0,6,34,0,40,0,21,61,0,82,0,0,0,82
03/02/2016,HXD,SC,ASO,ES,Federal Contract Tower,0,14,14,1,29,0,7,22,6,35,0,21,36,7,64,0,32,32,96
03/03/2016,HXD,SC,ASO,ES,Federal Contract Tower,0,15,15,0,30,0,0,26,2,28,0,15,41,2,58,0,0,0,58
03/04/2016,HXD,SC,ASO,ES,Federal Contract Tower,0,17,30,0,47,0,1,21,0,22,0,18,51,0,69,2,0,2,71
03/05/2016,HXD,SC,ASO,ES,Federal Contract Tower,0,18,15,0,33,0,0,66,0,66,0,18,81,0,99,52,0,52,151
03/06/2016,HXD,SC,ASO,ES,Federal Contract Tower,0,24,32,0,56,0,0,61,1,62,0,24,93,1,118,30,0,30,148
03/07/2016,HXD,SC,ASO,ES,Federal Contract Tower,0,15,23,0,38,0,3,34,0,37,0,18,57,0,75,0,0,0,75
03/08/2016,HXD,SC,ASO,ES,Federal Contract Tower,0,18,27,2,47,0,1,49,2,52,0,19,76,4,99,4,0,4,103
03/09/2016,HXD,SC,ASO,ES,Federal Contract Tower,0,26,14,0,40,0,6,30,2,38,0,32,44,2,78,0,0,0,78
03/10/2016,HXD,SC,ASO,ES,Federal Contract Tower,0,20,40,0,60,0,2,35,0,37,0,22,75,0,97,4,0,4,101
03/11/2016,HXD,SC,ASO,ES,Federal Contract Tower,0,18,29,0,47,0,3,29,3,35,0,21,58,3,82,0,6,6,88
03/12/2016,HXD,SC,ASO,ES,Federal Contract Tower,0,12,25,0,37,0,12,41,0,53,0,24,66,0,90,0,2,2,92
03/13/2016,HXD,SC,ASO,ES,Federal Contract Tower,0,11,32,0,43,0,0,11,0,11,0,11,43,0,54,0,0,0,54
03/14/2016,HXD,SC,ASO,ES,Federal Contract Tower,0,14,21,0,35,0,0,25,0,25,0,14,46,0,60,0,0,0,60
03/15/2016,HXD,SC,ASO,ES,Federal Contract Tower,0,17,33,0,50,0,1,26,8,35,0,18,59,8,85,4,2,6,91
03/16/2016,HXD,SC,ASO,ES,Federal Contract Tower,0,12,29,1,42,0,6,37,3,46,0,18,66,4,88,4,12,16,104
03/17/2016,HXD,SC,ASO,ES,Federal Contract Tower,0,21,29,0,50,0,0,30,0,30,0,21,59,0,80,4,0,4,84
03/18/2016,HXD,SC,ASO,ES,Federal Contract Tower,0,24,38,0,62,0,1,38,3,42,0,25,76,3,104,4,6,10,114
03/19/2016,HXD,SC,ASO,ES,Federal Contract Tower,0,14,33,0,47,0,0,20,0,20,0,14,53,0,67,2,0,2,69
03/20/2016,HXD,SC,ASO,ES,Federal Contract Tower,0,14,19,0,33,0,0,0,0,0,0,14,19,0,33,0,0,0,33
03/21/2016,HXD,SC,ASO,ES,Federal Contract Tower,0,12,18,2,32,0,4,19,0,23,0,16,37,2,55,18,2,20,75
03/22/2016,HXD,SC,ASO,ES,Federal Contract Tower,0,17,29,2,48,0,2,44,5,51,0,19,73,7,99,14,6,20,119
03/23/2016,HXD,SC,ASO,ES,Federal Contract Tower,0,22,28,0,50,0,0,62,0,62,0,22,90,0,112,14,2,16,128
03/24/2016,HXD,SC,ASO,ES,Federal Contract Tower,0,21,53,0,74,0,0,65,0,65,0,21,118,0,139,0,0,0,139
03/25/2016,HXD,SC,ASO,ES,Federal Contract Tower,0,19,25,0,44,0,24,30,0,54,0,43,55,0,98,8,0,8,106
03/26/2016,HXD,SC,ASO,ES,Federal Contract Tower,0,13,24,0,37,0,14,5,0,19,0,27,29,0,56,0,0,0,56
03/27/2016,HXD,SC,ASO,ES,Federal Contract Tower,0,7,11,0,18,0,0,0,1,1,0,7,11,1,19,0,0,0,19
03/28/2016,HXD,SC,ASO,ES,Federal Contract Tower,0,22,39,0,61,0,6,35,0,41,0,28,74,0,102,2,6,8,110
03/29/2016,HXD,SC,ASO,ES,Federal Contract Tower,0,22,25,0,47,0,42,53,1,96,0,64,78,1,143,0,0,0,143
03/30/2016,HXD,SC,ASO,ES,Federal Contract Tower,0,16,25,0,41,0,31,39,0,70,0,47,64,0,111,4,0,4,115
03/31/2016,HXD,SC,ASO,ES,Federal Contract Tower,0,17,25,0,42,0,12,42,0,54,0,29,67,0,96,44,0,44,140
04/01/2016,HXD,SC,ASO,ES,Federal Contract Tower,0,10,23,0,33,0,0,10,0,10,0,10,33,0,43,12,0,12,55
04/02/2016,HXD,SC,ASO,ES,Federal Contract Tower,0,13,26,0,39,0,0,18,0,18,0,13,44,0,57,20,0,20,77
04/03/2016,HXD,SC,ASO,ES,Federal Contract Tower,0,17,38,0,55,0,0,57,10,67,0,17,95,10,122,0,0,0,122
04/04/2016,HXD,SC,ASO,ES,Federal Contract Tower,0,20,21,0,41,0,2,45,0,47,0,22,66,0,88,14,0,14,102
04/05/2016,HXD,SC,ASO,ES,Federal Contract Tower,0,18,24,0,42,0,3,30,0,33,0,21,54,0,75,24,2,26,101
04/06/2016,HXD,SC,ASO,ES,Federal Contract Tower,0,22,34,0,56,0,4,38,2,44,0,26,72,2,100,2,0,2,102
04/07/2016,HXD,SC,ASO,ES,Federal Contract Tower,0,14,30,0,44,0,20,20,0,40,0,34,50,0,84,10,0,10,94
04/08/2016,HXD,SC,ASO,ES,Federal Contract Tower,0,16,21,0,37,0,8,34,2,44,0,24,55,2,81,2,0,2,83
04/10/2016,HXD,SC,ASO,ES,Federal Contract Tower,0,12,24,0,36,0,0,37,1,38,0,12,61,1,74,4,0,4,78
04/11/2016,HXD,SC,ASO,ES,Federal Contract Tower,0,29,22,0,51,0,10,38,0,48,0,39,60,0,99,0,0,0,99
04/12/2016,HXD,SC,ASO,ES,Federal Contract Tower,0,20,23,0,43,0,0,14,0,14,0,20,37,0,57,10,0,10,67
04/13/2016,HXD,SC,ASO,ES,Federal Contract Tower,0,24,62,0,86,0,2,19,0,21,0,26,81,0,107,6,0,6,113
04/14/2016,HXD,SC,ASO,ES,Federal Contract Tower,0,27,62,0,89,0,8,41,0,49,0,35,103,0,138,4,0,4,142
04/15/2016,HXD,SC,ASO,ES,Federal Contract Tower,0,20,42,0,62,0,0,0,0,0,0,20,42,0,62,0,0,0,62
04/16/2016,HXD,SC,ASO,ES,Federal Contract Tower,0,12,35,2,49,0,18,27,0,45,0,30,62,2,94,34,0,34,128
04/17/2016,HXD,SC,ASO,ES,Federal Contract Tower,0,53,60,0,113,0,7,47,1,55,0,60,107,1,168,2,2,4,172
04/18/2016,HXD,SC,ASO,ES,Federal Contract Tower,0,13,36,0,49,0,2,35,0,37,0,15,71,0,86,6,0,6,92
04/19/2016,HXD,SC,ASO,ES,Federal Contract Tower,0,18,23,0,41,0,4,34,2,40,0,22,57,2,81,18,2,20,101
04/20/2016,HXD,SC,ASO,ES,Federal Contract Tower,0,24,32,0,56,0,6,30,0,36,0,30,62,0,92,0,2,2,94
04/21/2016,HXD,SC,ASO,ES,Federal Contract Tower,0,24,47,0,71,0,18,39,4,61,0,42,86,4,132,10,0,10,142
04/22/2016,HXD,SC,ASO,ES,Federal Contract Tower,0,15,31,0,46,0,6,42,0,48,0,21,73,0,94,0,0,0,94
04/23/2016,HXD,SC,ASO,ES,Federal Contract Tower,0,17,30,2,49,0,10,41,0,51,0,27,71,2,100,0,6,6,106
04/24/2016,HXD,SC,ASO,ES,Federal Contract Tower,0,26,35,0,61,0,10,40,0,50,0,36,75,0,111,2,0,2,113
04/25/2016,HXD,SC,ASO,ES,Federal Contract Tower,0,17,34,0,51,0,2,27,0,29,0,19,61,0,80,10,0,10,90
04/26/2016,HXD,SC,ASO,ES,Federal Contract Tower,0,18,16,0,34,0,7,37,0,44,0,25,53,0,78,0,0,0,78
04/27/2016,HXD,SC,ASO,ES,Federal Contract Tower,0,22,31,0,53,0,0,45,0,45,0,22,76,0,98,12,0,12,110
04/28/2016,HXD,SC,ASO,ES,Federal Contract Tower,0,25,31,0,56,0,0,51,0,51,0,25,82,0,107,14,0,14,121
04/29/2016,HXD,SC,ASO,ES,Federal Contract Tower,0,21,22,0,43,0,6,41,1,48,0,27,63,1,91,0,0,0,91
04/30/2016,HXD,SC,ASO,ES,Federal Contract Tower,0,16,33,1,50,0,0,37,0,37,0,16,70,1,87,2,0,2,89
05/01/2016,HXD,SC,ASO,ES,Federal Contract Tower,0,7,28,0,35,0,0,15,0,15,0,7,43,0,50,0,0,0,50
05/02/2016,HXD,SC,ASO,ES,Federal Contract Tower,0,11,25,0,36,0,0,11,0,11,0,11,36,0,47,0,0,0,47
05/03/2016,HXD,SC,ASO,ES,Federal Contract Tower,0,23,17,0,40,0,0,25,4,29,0,23,42,4,69,0,0,0,69
05/04/2016,HXD,SC,ASO,ES,Federal Contract Tower,0,21,24,0,45,0,0,45,0,45,0,21,69,0,90,4,0,4,94
05/05/2016,HXD,SC,ASO,ES,Federal Contract Tower,0,14,37,0,51,0,2,38,0,40,0,16,75,0,91,14,0,14,105
05/06/2016,HXD,SC,ASO,ES,Federal Contract Tower,0,18,27,0,45,0,2,27,0,29,0,20,54,0,74,4,0,4,78
05/07/2016,HXD,SC,ASO,ES,Federal Contract Tower,0,13,30,1,44,0,0,38,1,39,0,13,68,2,83,2,0,2,85
05/08/2016,HXD,SC,ASO,ES,Federal Contract Tower,0,17,29,0,46,0,1,36,0,37,0,18,65,0,83,20,0,20,103
05/09/2016,HXD,SC,ASO,ES,Federal Contract Tower,0,22,32,0,54,0,0,29,0,29,0,22,61,0,83,8,0,8,91
05/10/2016,HXD,SC,ASO,ES,Federal Contract Tower,0,21,25,0,46,0,0,28,0,28,0,21,53,0,74,8,10,18,92
05/11/2016,HXD,SC,ASO,ES,Federal Contract Tower,0,14,21,0,35,0,2,31,4,37,0,16,52,4,72,2,0,2,74
05/12/2016,HXD,SC,ASO,ES,Federal Contract Tower,0,16,35,0,51,0,0,67,0,67,0,16,102,0,118,6,2,8,126
05/13/2016,HXD,SC,ASO,ES,Federal Contract Tower,0,21,47,0,68,0,0,39,0,39,0,21,86,0,107,6,0,6,113
05/14/2016,HXD,SC,ASO,ES,Federal Contract Tower,0,17,22,1,40,0,0,39,0,39,0,17,61,1,79,6,2,8,87
05/15/2016,HXD,SC,ASO,ES,Federal Contract Tower,0,20,50,0,70,0,0,52,0,52,0,20,102,0,122,0,0,0,122
05/16/2016,HXD,SC,ASO,ES,Federal Contract Tower,0,21,19,0,40,0,1,39,0,40,0,22,58,0,80,18,0,18,98
05/17/2016,HXD,SC,ASO,ES,Federal Contract Tower,0,14,12,0,26,0,0,11,0,11,0,14,23,0,37,0,0,0,37
05/18/2016,HXD,SC,ASO,ES,Federal Contract Tower,0,14,29,2,45,0,0,24,0,24,0,14,53,2,69,22,0,22,91
05/19/2016,HXD,SC,ASO,ES,Federal Contract Tower,0,13,22,0,35,0,1,10,0,11,0,14,32,0,46,4,0,4,50
05/20/2016,HXD,SC,ASO,ES,Federal Contract Tower,0,23,32,0,55,0,0,12,0,12,0,23,44,0,67,0,0,0,67
05/21/2016,HXD,SC,ASO,ES,Federal Contract Tower,0,17,26,0,43,0,2,11,0,13,0,19,37,0,56,2,0,2,58
05/22/2016,HXD,SC,ASO,ES,Federal Contract Tower,0,16,26,2,44,0,20,29,2,51,0,36,55,4,95,14,0,14,109
05/23/2016,HXD,SC,ASO,ES,Federal Contract Tower,0,15,24,0,39,0,3,33,0,36,0,18,57,0,75,4,0,4,79
05/24/2016,HXD,SC,ASO,ES,Federal Contract Tower,0,17,27,1,45,0,0,76,0,76,0,17,103,1,121,56,0,56,177
05/25/2016,HXD,SC,ASO,ES,Federal Contract Tower,0,13,26,0,39,0,0,54,0,54,0,13,80,0,93,48,0,48,141
05/26/2016,HXD,SC,ASO,ES,Federal Contract Tower,0,29,46,0,75,0,4,49,0,53,0,33,95,0,128,35,8,43,171
05/27/2016,HXD,SC,ASO,ES,Federal Contract Tower,0,30,31,0,61,0,0,42,0,42,0,30,73,0,103,4,0,4,107
05/28/2016,HXD,SC,ASO,ES,Federal Contract Tower,0,17,21,0,38,0,0,7,0,7,0,17,28,0,45,12,0,12,57
05/29/2016,HXD,SC,ASO,ES,Federal Contract Tower,0,2,13,0,15,0,0,0,0,0,0,2,13,0,15,0,0,0,15
05/30/2016,HXD,SC,ASO,ES,Federal Contract Tower,0,17,39,1,57,0,0,34,5,39,0,17,73,6,96,0,14,14,110
05/31/2016,HXD,SC,ASO,ES,Federal Contract Tower,0,16,34,0,50,0,3,59,0,62,0,19,93,0,112,0,0,0,112
06/01/2016,HXD,SC,ASO,ES,Federal Contract Tower,0,7,18,0,25,0,0,42,0,42,0,7,60,0,67,30,0,30,97
06/02/2016,HXD,SC,ASO,ES,Federal Contract Tower,0,14,23,0,37,0,0,20,0,20,0,14,43,0,57,2,10,12,69
06/03/2016,HXD,SC,ASO,ES,Federal Contract Tower,0,14,29,0,43,0,0,41,0,41,0,14,70,0,84,6,0,6,90
06/04/2016,HXD,SC,ASO,ES,Federal Contract Tower,0,18,33,0,51,0,0,40,2,42,0,18,73,2,93,8,2,10,103
06/05/2016,HXD,SC,ASO,ES,Federal Contract Tower,0,16,24,0,40,0,0,5,0,5,0,16,29,0,45,0,0,0,45
06/06/2016,HXD,SC,ASO,ES,Federal Contract Tower,0,8,17,0,25,0,0,3,0,3,0,8,20,0,28,8,0,8,36
06/07/2016,HXD,SC,ASO,ES,Federal Contract Tower,0,7,18,0,25,0,0,32,0,32,0,7,50,0,57,18,0,18,75
06/08/2016,HXD,SC,ASO,ES,Federal Contract Tower,0,7,23,2,32,0,1,57,0,58,0,8,80,2,90,28,2,30,120
06/09/2016,HXD,SC,ASO,ES,Federal Contract Tower,0,15,37,2,54,0,0,67,0,67,0,15,104,2,121,22,2,24,145
06/10/2016,HXD,SC,ASO,ES,Federal Contract Tower,0,20,16,0,36,0,2,44,0,46,0,22,60,0,82,20,0,20,102
06/11/2016,HXD,SC,ASO,ES,Federal Contract Tower,0,12,20,0,32,0,0,32,0,32,0,12,52,0,64,14,0,14,78
06/12/2016,HXD,SC,ASO,ES,Federal Contract Tower,0,25,37,2,64,0,6,61,2,69,0,31,98,4,133,6,4,10,143
06/13/2016,HXD,SC,ASO,ES,Federal Contract Tower,0,13,16,0,29,0,0,31,0,31,0,13,47,0,60,0,0,0,60
06/14/2016,HXD,SC,ASO,ES,Federal Contract Tower,0,18,17,0,35,0,0,58,0,58,0,18,75,0,93,0,0,0,93
06/15/2016,HXD,SC,ASO,ES,Federal Contract Tower,0,16,23,0,39,0,1,47,0,48,0,17,70,0,87,2,0,2,89
06/16/2016,HXD,SC,ASO,ES,Federal Contract Tower,0,10,26,0,36,0,0,38,0,38,0,10,64,0,74,0,0,0,74
06/17/2016,HXD,SC,ASO,ES,Federal Contract Tower,0,15,24,0,39,0,0,39,0,39,0,15,63,0,78,2,0,2,80
06/18/2016,HXD,SC,ASO,ES,Federal Contract Tower,0,24,31,0,55,0,0,31,4,35,0,24,62,4,90,0,0,0,90
06/19/2016,HXD,SC,ASO,ES,Federal Contract Tower,0,16,34,0,50,0,0,40,0,40,0,16,74,0,90,4,0,4,94
06/20/2016,HXD,SC,ASO,ES,Federal Contract Tower,0,18,14,0,32,0,0,33,1,34,0,18,47,1,66,2,2,4,70
06/21/2016,HXD,SC,ASO,ES,Federal Contract Tower,0,13,16,0,29,0,0,71,0,71,0,13,87,0,100,0,6,6,106
06/22/2016,HXD,SC,ASO,ES,Federal Contract Tower,0,9,26,0,35,0,0,58,0,58,0,9,84,0,93,0,0,0,93
06/23/2016,HXD,SC,ASO,ES,Federal Contract Tower,0,10,35,8,53,0,1,68,0,69,0,11,103,8,122,2,0,2,124
06/24/2016,HXD,SC,ASO,ES,Federal Contract Tower,0,21,30,0,51,0,0,39,0,39,0,21,69,0,90,2,0,2,92
06/25/2016,HXD,SC,ASO,ES,Federal Contract Tower,0,21,32,0,53,0,1,50,2,53,0,22,82,2,106,8,0,8,114
06/26/2016,HXD,SC,ASO,ES,Federal Contract Tower,0,11,23,0,34,0,0,29,2,31,0,11,52,2,65,22,14,36,101
06/27/2016,HXD,SC,ASO,ES,Federal Contract Tower,0,7,29,0,36,0,0,46,0,46,0,7,75,0,82,30,0,30,112
06/28/2016,HXD,SC,ASO,ES,Federal Contract Tower,0,12,18,3,33,0,2,43,1,46,0,14,61,4,79,50,0,50,129
06/29/2016,HXD,SC,ASO,ES,Federal Contract Tower,0,13,23,0,36,0,0,23,0,23,0,13,46,0,59,0,0,0,59
06/30/2016,HXD,SC,ASO,ES,Federal Contract Tower,0,14,35,0,49,0,2,61,0,63,0,16,96,0,112,0,0,0,112
07/01/2016,HXD,SC,ASO,ES,Federal Contract Tower,0,14,31,0,45,0,0,63,0,63,0,14,94,0,108,6,2,8,116
07/02/2016,HXD,SC,ASO,ES,Federal Contract Tower,0,22,38,1,61,0,2,44,2,48,0,24,82,3,109,0,0,0,109
07/03/2016,HXD,SC,ASO,ES,Federal Contract Tower,0,13,24,0,37,0,0,27,4,31,0,13,51,4,68,0,0,0,68
07/04/2016,HXD,SC,ASO,ES,Federal Contract Tower,0,10,15,0,25,0,0,60,0,60,0,10,75,0,85,2,0,2,87
07/05/2016,HXD,SC,ASO,ES,Federal Contract Tower,0,17,28,0,45,0,2,67,0,69,0,19,95,0,114,0,0,0,114
07/06/2016,HXD,SC,ASO,ES,Federal Contract Tower,0,16,30,2,48,0,0,53,0,53,0,16,83,2,101,4,0,4,105
07/07/2016,HXD,SC,ASO,ES,Federal Contract Tower,0,16,25,4,45,0,0,51,0,51,0,16,76,4,96,12,0,12,108
07/08/2016,HXD,SC,ASO,ES,Federal Contract Tower,0,15,18,0,33,0,1,66,0,67,0,16,84,0,100,6,0,6,106
07/09/2016,HXD,SC,ASO,ES,Federal Contract Tower,0,16,38,0,54,0,1,44,0,45,0,17,82,0,99,10,0,10,109
07/10/2016,HXD,SC,ASO,ES,Federal Contract Tower,0,19,25,0,44,0,0,41,1,42,0,19,66,1,86,0,0,0,86
07/11/2016,HXD,SC,ASO,ES,Federal Contract Tower,0,21,24,0,45,0,0,54,0,54,0,21,78,0,99,2,0,2,101
07/13/2016,HXD,SC,ASO,ES,Federal Contract Tower,0,18,24,2,44,0,0,48,0,48,0,18,72,2,92,10,0,10,102
07/14/2016,HXD,SC,ASO,ES,Federal Contract Tower,0,14,19,0,33,0,0,35,0,35,0,14,54,0,68,6,0,6,74
07/15/2016,HXD,SC,ASO,ES,Federal Contract Tower,0,9,36,0,45,0,1,65,0,66,0,10,101,0,111,64,0,64,175
07/16/2016,HXD,SC,ASO,ES,Federal Contract Tower,0,20,29,0,49,0,0,37,1,38,0,20,66,1,87,6,0,6,93
07/17/2016,HXD,SC,ASO,ES,Federal Contract Tower,0,16,20,0,36,0,0,24,1,25,0,16,44,1,61,0,2,2,63
07/18/2016,HXD,SC,ASO,ES,Federal Contract Tower,0,11,19,0,30,0,1,21,0,22,0,12,40,0,52,6,0,6,58
07/19/2016,HXD,SC,ASO,ES,Federal Contract Tower,0,13,31,0,44,0,0,53,0,53,0,13,84,0,97,16,10,26,123
07/20/2016,HXD,SC,ASO,ES,Federal Contract Tower,0,13,31,0,44,0,0,48,0,48,0,13,79,0,92,32,0,32,124
07/21/2016,HXD,SC,ASO,ES,Federal Contract Tower,0,12,21,0,33,0,0,44,0,44,0,12,65,0,77,4,0,4,81
07/22/2016,HXD,SC,ASO,ES,Federal Contract Tower,0,14,26,0,40,0,1,65,0,66,0,15,91,0,106,0,0,0,106
07/23/2016,HXD,SC,ASO,ES,Federal Contract Tower,0,16,31,0,47,0,1,60,0,61,0,17,91,0,108,6,0,6,114
07/24/2016,HXD,SC,ASO,ES,Federal Contract Tower,0,11,24,0,35,0,1,50,0,51,0,12,74,0,86,22,0,22,108
07/25/2016,HXD,SC,ASO,ES,Federal Contract Tower,0,14,25,0,39,0,1,41,0,42,0,15,66,0,81,26,0,26,107
07/26/2016,HXD,SC,ASO,ES,Federal Contract Tower,0,21,7,0,28,0,0,43,0,43,0,21,50,0,71,22,0,22,93
07/27/2016,HXD,SC,ASO,ES,Federal Contract Tower,0,18,29,0,47,0,0,52,0,52,0,18,81,0,99,56,0,56,155
07/28/2016,HXD,SC,ASO,ES,Federal Contract Tower,0,20,35,1,56,0,0,47,1,48,0,20,82,2,104,0,0,0,104
07/29/2016,HXD,SC,ASO,ES,Federal Contract Tower,0,13,39,0,52,0,0,38,1,39,0,13,77,1,91,0,0,0,91
07/30/2016,HXD,SC,ASO,ES,Federal Contract Tower,0,14,32,0,46,0,0,78,0,78,0,14,110,0,124,4,0,4,128
07/31/2016,HXD,SC,ASO,ES,Federal Contract Tower,0,18,19,0,37,0,0,27,0,27,0,18,46,0,64,6,6,12,76
08/01/2016,HXD,SC,ASO,ES,Federal Contract Tower,0,12,18,0,30,0,0,33,0,33,0,12,51,0,63,22,2,24,87
08/02/2016,HXD,SC,ASO,ES,Federal Contract Tower,0,13,15,2,30,0,0,43,0,43,0,13,58,2,73,36,2,38,111
08/03/2016,HXD,SC,ASO,ES,Federal Contract Tower,0,22,24,1,47,0,0,39,1,40,0,22,63,2,87,0,0,0,87
08/04/2016,HXD,SC,ASO,ES,Federal Contract Tower,0,13,28,2,43,0,2,63,0,65,0,15,91,2,108,16,0,16,124
08/05/2016,HXD,SC,ASO,ES,Federal Contract Tower,0,9,27,0,36,0,0,59,0,59,0,9,86,0,95,0,0,0,95
08/06/2016,HXD,SC,ASO,ES,Federal Contract Tower,0,20,26,0,46,0,3,68,0,71,0,23,94,0,117,0,2,2,119
08/07/2016,HXD,SC,ASO,ES,Federal Contract Tower,0,21,23,0,44,0,0,13,0,13,0,21,36,0,57,2,8,10,67
08/08/2016,HXD,SC,ASO,ES,Federal Contract Tower,0,15,37,0,52,0,0,32,0,32,0,15,69,0,84,0,0,0,84
08/09/2016,HXD,SC,ASO,ES,Federal Contract Tower,0,13,18,0,31,0,1,36,0,37,0,14,54,0,68,10,0,10,78
08/10/2016,HXD,SC,ASO,ES,Federal Contract Tower,0,16,23,1,40,0,0,54,0,54,0,16,77,1,94,12,0,12,106
08/11/2016,HXD,SC,ASO,ES,Federal Contract Tower,0,12,32,1,45,0,0,18,1,19,0,12,50,2,64,0,0,0,64
08/12/2016,HXD,SC,ASO,ES,Federal Contract Tower,0,13,17,0,30,0,0,54,0,54,0,13,71,0,84,24,0,24,108
08/13/2016,HXD,SC,ASO,ES,Federal Contract Tower,0,21,21,0,42,0,0,59,0,59,0,21,80,0,101,40,0,40,141
08/14/2016,HXD,SC,ASO,ES,Federal Contract Tower,0,13,15,0,28,0,1,32,1,34,0,14,47,1,62,0,0,0,62
08/15/2016,HXD,SC,ASO,ES,Federal Contract Tower,0,15,20,0,35,0,0,25,0,25,0,15,45,0,60,2,0,2,62
08/16/2016,HXD,SC,ASO,ES,Federal Contract Tower,0,14,15,0,29,0,2,35,0,37,0,16,50,0,66,2,0,2,68
08/17/2016,HXD,SC,ASO,ES,Federal Contract Tower,0,13,14,2,29,0,4,32,0,36,0,17,46,2,65,0,0,0,65
08/18/2016,HXD,SC,ASO,ES,Federal Contract Tower,0,10,21,0,31,0,0,43,0,43,0,10,64,0,74,18,0,18,92
08/19/2016,HXD,SC,ASO,ES,Federal Contract Tower,0,11,34,0,45,0,0,43,0,43,0,11,77,0,88,30,0,30,118
08/20/2016,HXD,SC,ASO,ES,Federal Contract Tower,0,17,21,0,38,0,0,41,0,41,0,17,62,0,79,14,0,14,93
08/21/2016,HXD,SC,ASO,ES,Federal Contract Tower,0,15,29,0,44,0,0,31,0,31,0,15,60,0,75,9,0,9,84
08/22/2016,HXD,SC,ASO,ES,Federal Contract Tower,0,16,21,0,37,0,2,8,1,11,0,18,29,1,48,6,0,6,54
08/23/2016,HXD,SC,ASO,ES,Federal Contract Tower,0,7,20,0,27,0,0,35,0,35,0,7,55,0,62,0,2,2,64
08/24/2016,HXD,SC,ASO,ES,Federal Contract Tower,0,16,17,0,33,0,0,47,0,47,0,16,64,0,80,0,0,0,80
08/25/2016,HXD,SC,ASO,ES,Federal Contract Tower,0,16,30,0,46,0,0,31,0,31,0,16,61,0,77,0,0,0,77
08/26/2016,HXD,SC,ASO,ES,Federal Contract Tower,0,19,24,0,43,0,0,34,0,34,0,19,58,0,77,30,2,32,109
08/27/2016,HXD,SC,ASO,ES,Federal Contract Tower,0,13,22,5,40,0,0,52,0,52,0,13,74,5,92,12,32,44,136
08/28/2016,HXD,SC,ASO,ES,Federal Contract Tower,0,15,32,0,47,0,0,19,0,19,0,15,51,0,66,0,0,0,66
08/29/2016,HXD,SC,ASO,ES,Federal Contract Tower,0,12,9,0,21,0,0,5,0,5,0,12,14,0,26,0,2,2,28
08/30/2016,HXD,SC,ASO,ES,Federal Contract Tower,0,14,12,0,26,0,0,27,0,27,0,14,39,0,53,0,0,0,53
08/31/2016,HXD,SC,ASO,ES,Federal Contract Tower,0,10,24,0,34,0,0,18,0,18,0,10,42,0,52,0,0,0,52
09/01/2016,HXD,SC,ASO,ES,Federal Contract Tower,0,12,31,0,43,0,0,1,2,3,0,12,32,2,46,0,0,0,46
09/02/2016,HXD,SC,ASO,ES,Federal Contract Tower,0,1,0,0,1,0,0,0,0,0,0,1,0,0,1,0,0,0,1
09/03/2016,HXD,SC,ASO,ES,Federal Contract Tower,0,25,28,0,53,0,2,26,0,28,0,27,54,0,81,0,0,0,81
09/04/2016,HXD,SC,ASO,ES,Federal Contract Tower,0,14,16,0,30,0,0,64,0,64,0,14,80,0,94,34,6,40,134
09/05/2016,HXD,SC,ASO,ES,Federal Contract Tower,0,18,47,0,65,0,0,53,0,53,0,18,100,0,118,10,0,10,128
09/06/2016,HXD,SC,ASO,ES,Federal Contract Tower,0,15,17,0,32,0,0,28,0,28,0,15,45,0,60,18,0,18,78
09/07/2016,HXD,SC,ASO,ES,Federal Contract Tower,0,17,16,0,33,0,0,31,0,31,0,17,47,0,64,0,0,0,64
09/08/2016,HXD,SC,ASO,ES,Federal Contract Tower,0,12,29,3,44,0,1,25,0,26,0,13,54,3,70,0,2,2,72
09/09/2016,HXD,SC,ASO,ES,Federal Contract Tower,0,11,15,0,26,0,2,42,0,44,0,13,57,0,70,4,0,4,74
09/10/2016,HXD,SC,ASO,ES,Federal Contract Tower,0,23,14,0,37,0,0,0,0,0,0,23,14,0,37,0,0,0,37
09/11/2016,HXD,SC,ASO,ES,Federal Contract Tower,0,17,34,0,51,0,2,42,0,44,0,19,76,0,95,2,16,18,113
09/12/2016,HXD,SC,ASO,ES,Federal Contract Tower,0,17,30,0,47,0,0,25,0,25,0,17,55,0,72,0,10,10,82
09/13/2016,HXD,SC,ASO,ES,Federal Contract Tower,0,10,14,0,24,0,0,12,0,12,0,10,26,0,36,10,0,10,46
09/14/2016,HXD,SC,ASO,ES,Federal Contract Tower,0,7,7,0,14,0,0,0,0,0,0,7,7,0,14,0,0,0,14
09/15/2016,HXD,SC,ASO,ES,Federal Contract Tower,0,11,16,0,27,0,0,18,0,18,0,11,34,0,45,16,4,20,65
09/16/2016,HXD,SC,ASO,ES,Federal Contract Tower,0,13,29,0,42,0,0,15,4,19,0,13,44,4,61,4,0,4,65
09/17/2016,HXD,SC,ASO,ES,Federal Contract Tower,0,11,15,0,26,0,1,38,0,39,0,12,53,0,65,4,0,4,69
09/18/2016,HXD,SC,ASO,ES,Federal Contract Tower,0,8,22,2,32,0,0,27,3,30,0,8,49,5,62,4,0,4,66
09/19/2016,HXD,SC,ASO,ES,Federal Contract Tower,0,16,22,0,38,0,0,41,2,43,0,16,63,2,81,2,0,2,83
09/20/2016,HXD,SC,ASO,ES,Federal Contract Tower,0,22,24,1,47,0,0,38,2,40,0,22,62,3,87,0,0,0,87
09/21/2016,HXD,SC,ASO,ES,Federal Contract Tower,0,14,30,0,44,0,0,20,0,20,0,14,50,0,64,2,0,2,66
09/22/2016,HXD,SC,ASO,ES,Federal Contract Tower,0,13,36,0,49,0,0,5,0,5,0,13,41,0,54,0,0,0,54
09/23/2016,HXD,SC,ASO,ES,Federal Contract Tower,0,15,34,0,49,0,0,21,0,21,0,15,55,0,70,12,0,12,82
09/24/2016,HXD,SC,ASO,ES,Federal Contract Tower,0,15,13,0,28,0,0,27,0,27,0,15,40,0,55,0,2,2,57
09/25/2016,HXD,SC,ASO,ES,Federal Contract Tower,0,21,39,0,60,0,0,24,0,24,0,21,63,0,84,6,0,6,90
09/26/2016,HXD,SC,ASO,ES,Federal Contract Tower,0,8,18,0,26,0,0,10,0,10,0,8,28,0,36,18,0,18,54
09/27/2016,HXD,SC,ASO,ES,Federal Contract Tower,0,8,18,3,29,0,0,37,1,38,0,8,55,4,67,0,11,11,78
09/28/2016,HXD,SC,ASO,ES,Federal Contract Tower,0,11,33,0,44,0,0,32,1,33,0,11,65,1,77,16,0,16,93
09/29/2016,HXD,SC,ASO,ES,Federal Contract Tower,0,14,40,0,54,0,2,34,0,36,0,16,74,0,90,12,0,12,102
09/30/2016,HXD,SC,ASO,ES,Federal Contract Tower,0,15,29,0,44,0,0,33,0,33,0,15,62,0,77,10,0,10,87
10/01/2016,HXD,SC,ASO,ES,Federal Contract Tower,0,15,24,0,39,0,0,30,0,30,0,15,54,0,69,0,4,4,73
10/02/2016,HXD,SC,ASO,ES,Federal Contract Tower,0,12,23,0,35,0,0,60,0,60,0,12,83,0,95,10,0,10,105
10/03/2016,HXD,SC,ASO,ES,Federal Contract Tower,0,12,24,0,36,0,0,28,0,28,0,12,52,0,64,22,0,22,86
10/04/2016,HXD,SC,ASO,ES,Federal Contract Tower,0,15,36,1,52,0,0,28,2,30,0,15,64,3,82,0,0,0,82
10/05/2016,HXD,SC,ASO,ES,Federal Contract Tower,0,23,57,0,80,0,0,11,0,11,0,23,68,0,91,0,0,0,91
10/06/2016,HXD,SC,ASO,ES,Federal Contract Tower,0,4,13,0,17,0,0,1,0,1,0,4,14,0,18,0,0,0,18
10/09/2016,HXD,SC,ASO,ES,Federal Contract Tower,0,0,0,0,0,0,0,17,0,17,0,0,17,0,17,0,0,0,17
10/10/2016,HXD,SC,ASO,ES,Federal Contract Tower,0,0,0,0,0,0,0,12,0,12,0,0,12,0,12,0,0,0,12
10/12/2016,HXD,SC,ASO,ES,Federal Contract Tower,0,4,23,0,27,0,4,29,0,33,0,8,52,0,60,0,0,0,60
10/13/2016,HXD,SC,ASO,ES,Federal Contract Tower,0,14,17,2,33,0,0,29,0,29,0,14,46,2,62,4,0,4,66
10/14/2016,HXD,SC,ASO,ES,Federal Contract Tower,0,13,22,0,35,0,0,41,0,41,0,13,63,0,76,8,0,8,84
10/15/2016,HXD,SC,ASO,ES,Federal Contract Tower,0,11,27,0,38,0,0,12,0,12,0,11,39,0,50,12,0,12,62
10/16/2016,HXD,SC,ASO,ES,Federal Contract Tower,0,12,27,0,39,0,0,41,0,41,0,12,68,0,80,12,0,12,92
10/17/2016,HXD,SC,ASO,ES,Federal Contract Tower,0,8,10,0,18,0,0,17,0,17,0,8,27,0,35,2,0,2,37
10/18/2016,HXD,SC,ASO,ES,Federal Contract Tower,0,11,15,0,26,0,2,25,0,27,0,13,40,0,53,0,0,0,53
10/19/2016,HXD,SC,ASO,ES,Federal Contract Tower,0,15,23,0,38,0,0,25,0,25,0,15,48,0,63,2,0,2,65
10/20/2016,HXD,SC,ASO,ES,Federal Contract Tower,0,13,37,2,52,0,0,49,0,49,0,13,86,2,101,12,0,12,113
10/21/2016,HXD,SC,ASO,ES,Federal Contract Tower,0,8,32,2,42,0,1,34,2,37,0,9,66,4,79,2,2,4,83
10/22/2016,HXD,SC,ASO,ES,Federal Contract Tower,0,14,21,0,35,0,0,34,0,34,0,14,55,0,69,10,0,10,79
10/23/2016,HXD,SC,ASO,ES,Federal Contract Tower,0,9,27,0,36,0,2,32,0,34,0,11,59,0,70,12,0,12,82
10/24/2016,HXD,SC,ASO,ES,Federal Contract Tower,0,17,20,0,37,0,0,35,0,35,0,17,55,0,72,6,0,6,78
10/25/2016,HXD,SC,ASO,ES,Federal Contract Tower,0,14,29,0,43,0,0,37,0,37,0,14,66,0,80,12,0,12,92
10/26/2016,HXD,SC,ASO,ES,Federal Contract Tower,0,16,31,0,47,0,0,47,0,47,0,16,78,0,94,2,0,2,96
10/27/2016,HXD,SC,ASO,ES,Federal Contract Tower,0,12,27,0,39,0,0,18,2,20,0,12,45,2,59,2,2,4,63
10/28/2016,HXD,SC,ASO,ES,Federal Contract Tower,0,13,18,0,31,0,0,33,0,33,0,13,51,0,64,6,0,6,70
10/29/2016,HXD,SC,ASO,ES,Federal Contract Tower,0,13,15,0,28,0,0,33,4,37,0,13,48,4,65,4,4,8,73
10/30/2016,HXD,SC,ASO,ES,Federal Contract Tower,0,13,20,0,33,0,0,46,0,46,0,13,66,0,79,10,0,10,89
10/31/2016,HXD,SC,ASO,ES,Federal Contract Tower,0,20,20,0,40,0,0,34,0,34,0,20,54,0,74,10,0,10,84
11/01/2016,HXD,SC,ASO,ES,Federal Contract Tower,0,9,17,0,26,0,2,14,0,16,0,11,31,0,42,10,0,10,52
11/02/2016,HXD,SC,ASO,ES,Federal Contract Tower,0,18,31,0,49,0,0,35,1,36,0,18,66,1,85,10,0,10,95
11/03/2016,HXD,SC,ASO,ES,Federal Contract Tower,0,15,31,0,46,0,0,53,0,53,0,15,84,0,99,2,18,20,119
11/04/2016,HXD,SC,ASO,ES,Federal Contract Tower,0,20,43,0,63,0,1,44,0,45,0,21,87,0,108,2,4,6,114
11/05/2016,HXD,SC,ASO,ES,Federal Contract Tower,0,10,21,0,31,0,0,48,0,48,0,10,69,0,79,2,0,2,81
11/06/2016,HXD,SC,ASO,ES,Federal Contract Tower,0,17,44,0,61,0,1,64,0,65,0,18,108,0,126,8,0,8,134
11/07/2016,HXD,SC,ASO,ES,Federal Contract Tower,0,12,21,0,33,0,0,33,2,35,0,12,54,2,68,12,6,18,86
11/08/2016,HXD,SC,ASO,ES,Federal Contract Tower,0,10,17,0,27,0,0,30,0,30,0,10,47,0,57,14,0,14,71
11/09/2016,HXD,SC,ASO,ES,Federal Contract Tower,0,13,29,0,42,0,0,21,0,21,0,13,50,0,63,8,0,8,71
11/10/2016,HXD,SC,ASO,ES,Federal Contract Tower,0,11,36,0,47,0,0,34,2,36,0,11,70,2,83,0,0,0,83
11/11/2016,HXD,SC,ASO,ES,Federal Contract Tower,0,20,28,0,48,0,1,28,2,31,0,21,56,2,79,4,0,4,83
11/12/2016,HXD,SC,ASO,ES,Federal Contract Tower,0,10,21,0,31,0,0,38,0,38,0,10,59,0,69,0,0,0,69
11/13/2016,HXD,SC,ASO,ES,Federal Contract Tower,0,17,35,0,52,0,0,15,0,15,0,17,50,0,67,2,0,2,69
11/14/2016,HXD,SC,ASO,ES,Federal Contract Tower,0,11,24,0,35,0,0,23,0,23,0,11,47,0,58,0,0,0,58
11/15/2016,HXD,SC,ASO,ES,Federal Contract Tower,0,11,20,3,34,0,0,23,0,23,0,11,43,3,57,4,2,6,63
11/16/2016,HXD,SC,ASO,ES,Federal Contract Tower,0,16,27,0,43,0,1,32,0,33,0,17,59,0,76,10,0,10,86
11/17/2016,HXD,SC,ASO,ES,Federal Contract Tower,0,13,33,0,46,0,0,29,0,29,0,13,62,0,75,0,0,0,75
11/18/2016,HXD,SC,ASO,ES,Federal Contract Tower,0,12,24,0,36,0,0,23,1,24,0,12,47,1,60,0,0,0,60
11/19/2016,HXD,SC,ASO,ES,Federal Contract Tower,0,16,14,0,30,0,0,31,2,33,0,16,45,2,63,0,0,0,63
11/20/2016,HXD,SC,ASO,ES,Federal Contract Tower,0,9,27,0,36,0,6,49,0,55,0,15,76,0,91,4,0,4,95
11/21/2016,HXD,SC,ASO,ES,Federal Contract Tower,0,14,26,0,40,0,4,21,0,25,0,18,47,0,65,0,0,0,65
11/22/2016,HXD,SC,ASO,ES,Federal Contract Tower,0,25,32,0,57,0,0,30,2,32,0,25,62,2,89,4,0,4,93
11/23/2016,HXD,SC,ASO,ES,Federal Contract Tower,0,29,45,0,74,0,0,34,4,38,0,29,79,4,112,0,0,0,112
11/24/2016,HXD,SC,ASO,ES,Federal Contract Tower,0,6,7,0,13,0,0,25,0,25,0,6,32,0,38,4,0,4,42
11/25/2016,HXD,SC,ASO,ES,Federal Contract Tower,0,21,19,0,40,0,0,48,0,48,0,21,67,0,88,4,0,4,92
11/26/2016,HXD,SC,ASO,ES,Federal Contract Tower,0,19,21,0,40,0,0,37,0,37,0,19,58,0,77,2,0,2,79
11/27/2016,HXD,SC,ASO,ES,Federal Contract Tower,0,26,44,0,70,0,3,34,0,37,0,29,78,0,107,0,6,6,113
11/28/2016,HXD,SC,ASO,ES,Federal Contract Tower,0,14,27,0,41,0,0,21,2,23,0,14,48,2,64,0,0,0,64
11/29/2016,HXD,SC,ASO,ES,Federal Contract Tower,0,10,21,0,31,0,0,0,0,0,0,10,21,0,31,0,0,0,31
11/30/2016,HXD,SC,ASO,ES,Federal Contract Tower,0,10,11,0,21,0,0,9,0,9,0,10,20,0,30,0,0,0,30
12/01/2016,HXD,SC,ASO,ES,Federal Contract Tower,0,5,27,0,32,0,0,24,0,24,0,5,51,0,56,24,0,24,80
12/02/2016,HXD,SC,ASO,ES,Federal Contract Tower,0,10,14,0,24,0,0,28,0,28,0,10,42,0,52,8,0,8,60
12/03/2016,HXD,SC,ASO,ES,Federal Contract Tower,0,9,14,0,23,0,0,43,0,43,0,9,57,0,66,10,0,10,76
12/04/2016,HXD,SC,ASO,ES,Federal Contract Tower,0,10,21,0,31,0,0,13,0,13,0,10,34,0,44,6,0,6,50
12/05/2016,HXD,SC,ASO,ES,Federal Contract Tower,0,4,15,0,19,0,0,0,0,0,0,4,15,0,19,0,0,0,19
12/06/2016,HXD,SC,ASO,ES,Federal Contract Tower,0,5,12,0,17,0,0,0,0,0,0,5,12,0,17,0,0,0,17
12/07/2016,HXD,SC,ASO,ES,Federal Contract Tower,0,9,20,0,29,0,0,2,0,2,0,9,22,0,31,0,0,0,31
12/08/2016,HXD,SC,ASO,ES,Federal Contract Tower,0,16,23,0,39,0,0,38,2,40,0,16,61,2,79,4,0,4,83
12/09/2016,HXD,SC,ASO,ES,Federal Contract Tower,0,10,15,0,25,0,0,32,2,34,0,10,47,2,59,0,0,0,59
12/10/2016,HXD,SC,ASO,ES,Federal Contract Tower,0,11,12,0,23,0,0,26,0,26,0,11,38,0,49,0,6,6,55
12/11/2016,HXD,SC,ASO,ES,Federal Contract Tower,0,9,12,0,21,0,0,21,0,21,0,9,33,0,42,0,0,0,42
12/12/2016,HXD,SC,ASO,ES,Federal Contract Tower,0,7,18,0,25,0,0,10,2,12,0,7,28,2,37,6,0,6,43
12/13/2016,HXD,SC,ASO,ES,Federal Contract Tower,0,11,17,0,28,0,0,15,0,15,0,11,32,0,43,0,8,8,51
12/14/2016,HXD,SC,ASO,ES,Federal Contract Tower,0,10,17,2,29,0,0,0,0,0,0,10,17,2,29,0,0,0,29
12/15/2016,HXD,SC,ASO,ES,Federal Contract Tower,0,11,27,0,38,0,0,20,0,20,0,11,47,0,58,14,0,14,72
12/16/2016,HXD,SC,ASO,ES,Federal Contract Tower,0,15,23,0,38,0,1,17,2,20,0,16,40,2,58,0,0,0,58
12/17/2016,HXD,SC,ASO,ES,Federal Contract Tower,0,11,13,0,24,0,0,19,0,19,0,11,32,0,43,0,10,10,53
12/18/2016,HXD,SC,ASO,ES,Federal Contract Tower,0,11,10,0,21,0,0,4,0,4,0,11,14,0,25,0,0,0,25
12/19/2016,HXD,SC,ASO,ES,Federal Contract Tower,0,3,10,0,13,0,0,0,0,0,0,3,10,0,13,0,0,0,13
12/20/2016,HXD,SC,ASO,ES,Federal Contract Tower,0,8,14,0,22,0,0,0,0,0,0,8,14,0,22,0,0,0,22
12/21/2016,HXD,SC,ASO,ES,Federal Contract Tower,0,23,14,0,37,0,2,54,0,56,0,25,68,0,93,6,0,6,99
12/22/2016,HXD,SC,ASO,ES,Federal Contract Tower,0,14,17,1,32,0,1,28,0,29,0,15,45,1,61,14,12,26,87
12/23/2016,HXD,SC,ASO,ES,Federal Contract Tower,0,11,10,0,21,0,0,28,1,29,0,11,38,1,50,3,0,3,53
12/24/2016,HXD,SC,ASO,ES,Federal Contract Tower,0,7,10,0,17,0,0,14,0,14,0,7,24,0,31,8,0,8,39
12/25/2016,HXD,SC,ASO,ES,Federal Contract Tower,0,10,3,0,13,0,0,5,0,5,0,10,8,0,18,6,0,6,24
12/26/2016,HXD,SC,ASO,ES,Federal Contract Tower,0,19,30,0,49,0,0,0,0,0,0,19,30,0,49,0,0,0,49
12/27/2016,HXD,SC,ASO,ES,Federal Contract Tower,0,12,15,0,27,0,0,0,0,0,0,12,15,0,27,0,0,0,27
12/28/2016,HXD,SC,ASO,ES,Federal Contract Tower,0,11,32,0,43,0,2,22,0,24,0,13,54,0,67,6,0,6,73
12/29/2016,HXD,SC,ASO,ES,Federal Contract Tower,0,17,26,0,43,0,1,11,0,12,0,18,37,0,55,0,0,0,55
12/30/2016,HXD,SC,ASO,ES,Federal Contract Tower,0,13,17,0,30,0,2,37,0,39,0,15,54,0,69,0,0,0,69
12/31/2016,HXD,SC,ASO,ES,Federal Contract Tower,0,8,23,0,31,0,0,57,0,57,0,8,80,0,88,4,4,8,96
01/01/2017,HXD,SC,ASO,ES,Federal Contract Tower,0,7,17,0,24,0,0,12,0,12,0,7,29,0,36,0,0,0,36
01/02/2017,HXD,SC,ASO,ES,Federal Contract Tower,0,12,26,0,38,0,0,17,0,17,0,12,43,0,55,6,0,6,61
01/03/2017,HXD,SC,ASO,ES,Federal Contract Tower,0,5,15,0,20,0,0,8,2,10,0,5,23,2,30,0,0,0,30
01/04/2017,HXD,SC,ASO,ES,Federal Contract Tower,0,10,25,0,35,0,0,43,0,43,0,10,68,0,78,2,0,2,80
01/05/2017,HXD,SC,ASO,ES,Federal Contract Tower,0,14,15,0,29,0,0,16,0,16,0,14,31,0,45,0,2,2,47
01/06/2017,HXD,SC,ASO,ES,Federal Contract Tower,0,9,8,1,18,0,0,31,0,31,0,9,39,1,49,56,14,70,119
01/07/2017,HXD,SC,ASO,ES,Federal Contract Tower,0,5,0,0,5,0,0,1,2,3,0,5,1,2,8,0,2,2,10
01/08/2017,HXD,SC,ASO,ES,Federal Contract Tower,0,10,11,0,21,0,0,20,0,20,0,10,31,0,41,0,0,0,41
01/09/2017,HXD,SC,ASO,ES,Federal Contract Tower,0,11,20,0,31,0,1,34,0,35,0,12,54,0,66,4,2,6,72
01/10/2017,HXD,SC,ASO,ES,Federal Contract Tower,0,11,13,0,24,0,1,13,2,16,0,12,26,2,40,0,0,0,40
01/11/2017,HXD,SC,ASO,ES,Federal Contract Tower,0,14,14,3,31,0,2,37,0,39,0,16,51,3,70,18,2,20,90
01/12/2017,HXD,SC,ASO,ES,Federal Contract Tower,0,11,16,0,27,0,2,38,0,40,0,13,54,0,67,2,0,2,69
01/13/2017,HXD,SC,ASO,ES,Federal Contract Tower,0,11,29,0,40,0,3,52,0,55,0,14,81,0,95,6,0,6,101
01/14/2017,HXD,SC,ASO,ES,Federal Contract Tower,0,9,16,0,25,0,0,20,0,20,0,9,36,0,45,0,10,10,55
01/15/2017,HXD,SC,ASO,ES,Federal Contract Tower,0,9,13,0,22,0,1,27,0,28,0,10,40,0,50,0,0,0,50
01/16/2017,HXD,SC,ASO,ES,Federal Contract Tower,0,17,18,0,35,0,0,5,0,5,0,17,23,0,40,0,0,0,40
01/17/2017,HXD,SC,ASO,ES,Federal Contract Tower,0,11,18,2,31,0,0,19,0,19,0,11,37,2,50,0,12,12,62
01/18/2017,HXD,SC,ASO,ES,Federal Contract Tower,0,8,12,0,20,0,0,18,0,18,0,8,30,0,38,0,0,0,38
01/19/2017,HXD,SC,ASO,ES,Federal Contract Tower,0,10,17,0,27,0,0,12,0,12,0,10,29,0,39,4,0,4,43
01/20/2017,HXD,SC,ASO,ES,Federal Contract Tower,0,11,23,0,34,0,0,18,0,18,0,11,41,0,52,8,0,8,60
01/21/2017,HXD,SC,ASO,ES,Federal Contract Tower,0,5,3,0,8,0,1,0,0,1,0,6,3,0,9,0,0,0,9
01/22/2017,HXD,SC,ASO,ES,Federal Contract Tower,0,0,1,0,1,0,0,0,0,0,0,0,1,0,1,0,0,0,1
01/23/2017,HXD,SC,ASO,ES,Federal Contract Tower,0,8,13,0,21,0,0,15,0,15,0,8,28,0,36,0,8,8,44
01/24/2017,HXD,SC,ASO,ES,Federal Contract Tower,0,9,17,0,26,0,0,19,0,19,0,9,36,0,45,26,4,30,75
01/25/2017,HXD,SC,ASO,ES,Federal Contract Tower,0,10,23,2,35,0,0,45,0,45,0,10,68,2,80,14,2,16,96
01/26/2017,HXD,SC,ASO,ES,Federal Contract Tower,0,11,13,0,24,0,0,18,0,18,0,11,31,0,42,2,12,14,56
01/27/2017,HXD,SC,ASO,ES,Federal Contract Tower,0,10,21,0,31,0,2,50,0,52,0,12,71,0,83,12,0,12,95
01/28/2017,HXD,SC,ASO,ES,Federal Contract Tower,0,6,15,0,21,0,3,31,0,34,0,9,46,0,55,4,16,20,75
01/29/2017,HXD,SC,ASO,ES,Federal Contract Tower,0,11,20,0,31,0,0,21,2,23,0,11,41,2,54,8,8,16,70
01/30/2017,HXD,SC,ASO,ES,Federal Contract Tower,0,8,14,0,22,0,1,10,0,11,0,9,24,0,33,12,0,12,45
01/31/2017,HXD,SC,ASO,ES,Federal Contract Tower,0,8,24,0,32,0,0,15,2,17,0,8,39,2,49,6,8,14,63
02/01/2017,HXD,SC,ASO,ES,Federal Contract Tower,0,14,25,1,40,0,0,44,3,47,0,14,69,4,87,8,0,8,95
02/02/2017,HXD,SC,ASO,ES,Federal Contract Tower,0,8,24,0,32,0,0,29,2,31,0,8,53,2,63,18,0,18,81
02/03/2017,HXD,SC,ASO,ES,Federal Contract Tower,0,15,15,0,30,0,3,29,0,32,0,18,44,0,62,8,0,8,70
02/04/2017,HXD,SC,ASO,ES,Federal Contract Tower,0,8,21,0,29,0,0,33,0,33,0,8,54,0,62,18,0,18,80
02/05/2017,HXD,SC,ASO,ES,Federal Contract Tower,0,8,19,0,27,0,0,30,1,31,0,8,49,1,58,10,0,10,68
02/06/2017,HXD,SC,ASO,ES,Federal Contract Tower,0,15,20,2,37,0,0,33,0,33,0,15,53,2,70,10,0,10,80
02/07/2017,HXD,SC,ASO,ES,Federal Contract Tower,0,9,15,2,26,0,2,22,0,24,0,11,37,2,50,2,14,16,66
02/08/2017,HXD,SC,ASO,ES,Federal Contract Tower,0,16,17,0,33,0,2,29,0,31,0,18,46,0,64,0,0,0,64
02/09/2017,HXD,SC,ASO,ES,Federal Contract Tower,0,8,22,0,30,0,0,3,0,3,0,8,25,0,33,0,2,2,35
02/10/2017,HXD,SC,ASO,ES,Federal Contract Tower,0,9,43,0,52,0,1,47,0,48,0,10,90,0,100,4,0,4,104
02/11/2017,HXD,SC,ASO,ES,Federal Contract Tower,0,8,11,0,19,0,1,55,0,56,0,9,66,0,75,8,0,8,83
02/12/2017,HXD,SC,ASO,ES,Federal Contract Tower,0,11,28,5,44,0,0,34,5,39,0,11,62,10,83,6,0,6,89
02/13/2017,HXD,SC,ASO,ES,Federal Contract Tower,0,11,19,4,34,0,0,46,0,46,0,11,65,4,80,18,0,18,98
02/14/2017,HXD,SC,ASO,ES,Federal Contract Tower,0,12,30,0,42,0,1,43,0,44,0,13,73,0,86,0,0,0,86
02/15/2017,HXD,SC,ASO,ES,Federal Contract Tower,0,10,11,0,21,0,0,4,0,4,0,10,15,0,25,4,0,4,29
02/16/2017,HXD,SC,ASO,ES,Federal Contract Tower,0,16,32,2,50,0,0,44,2,46,0,16,76,4,96,8,14,22,118
02/17/2017,HXD,SC,ASO,ES,Federal Contract Tower,0,18,38,2,58,0,1,47,0,48,0,19,85,2,106,2,2,4,110
02/18/2017,HXD,SC,ASO,ES,Federal Contract Tower,0,13,24,0,37,0,1,39,0,40,0,14,63,0,77,4,0,4,81
02/19/2017,HXD,SC,ASO,ES,Federal Contract Tower,0,13,41,0,54,0,0,54,0,54,0,13,95,0,108,0,12,12,120
02/20/2017,HXD,SC,ASO,ES,Federal Contract Tower,0,15,45,0,60,0,0,41,0,41,0,15,86,0,101,10,10,20,121
02/21/2017,HXD,SC,ASO,ES,Federal Contract Tower,0,12,21,1,34,0,0,36,0,36,0,12,57,1,70,8,0,8,78
02/22/2017,HXD,SC,ASO,ES,Federal Contract Tower,0,11,17,2,30,0,0,23,2,25,0,11,40,4,55,6,6,12,67
02/23/2017,HXD,SC,ASO,ES,Federal Contract Tower,0,14,25,0,39,0,2,31,4,37,0,16,56,4,76,18,2,20,96
02/24/2017,HXD,SC,ASO,ES,Federal Contract Tower,0,8,36,0,44,0,2,51,0,53,0,10,87,0,97,10,0,10,107
02/25/2017,HXD,SC,ASO,ES,Federal Contract Tower,0,12,11,0,23,0,1,25,2,28,0,13,36,2,51,28,2,30,81
02/26/2017,HXD,SC,ASO,ES,Federal Contract Tower,0,23,26,0,49,0,0,59,0,59,0,23,85,0,108,14,0,14,122
02/27/2017,HXD,SC,ASO,ES,Federal Contract Tower,0,15,19,0,34,0,0,43,0,43,0,15,62,0,77,28,8,36,113
02/28/2017,HXD,SC,ASO,ES,Federal Contract Tower,0,18,19,0,37,0,0,16,0,16,0,18,35,0,53,6,0,6,59
03/01/2017,HXD,SC,ASO,ES,Federal Contract Tower,0,17,13,0,30,0,4,25,0,29,0,21,38,0,59,26,0,26,85
03/02/2017,HXD,SC,ASO,ES,Federal Contract Tower,0,12,40,0,52,0,0,33,0,33,0,12,73,0,85,4,0,4,89
03/03/2017,HXD,SC,ASO,ES,Federal Contract Tower,0,10,24,0,34,0,0,45,0,45,0,10,69,0,79,0,0,0,79
03/05/2017,HXD,SC,ASO,ES,Federal Contract Tower,0,15,33,0,48,0,0,49,0,49,0,15,82,0,97,28,0,28,125
03/06/2017,HXD,SC,ASO,ES,Federal Contract Tower,0,15,18,0,33,0,0,16,0,16,0,15,34,0,49,6,0,6,55
03/07/2017,HXD,SC,ASO,ES,Federal Contract Tower,0,10,18,0,28,0,0,28,0,28,0,10,46,0,56,2,6,8,64
03/08/2017,HXD,SC,ASO,ES,Federal Contract Tower,0,19,33,0,52,0,0,47,0,47,0,19,80,0,99,0,0,0,99
03/09/2017,HXD,SC,ASO,ES,Federal Contract Tower,0,15,33,0,48,0,0,58,0,58,0,15,91,0,106,18,0,18,124
03/10/2017,HXD,SC,ASO,ES,Federal Contract Tower,0,15,23,0,38,1,0,25,0,26,1,15,48,0,64,18,4,22,86
03/11/2017,HXD,SC,ASO,ES,Federal Contract Tower,0,18,19,0,37,0,1,65,0,66,0,19,84,0,103,16,0,16,119
03/13/2017,HXD,SC,ASO,ES,Federal Contract Tower,0,9,9,0,18,0,0,0,0,0,0,9,9,0,18,0,0,0,18
03/14/2017,HXD,SC,ASO,ES,Federal Contract Tower,0,15,17,0,32,0,2,21,0,23,0,17,38,0,55,0,0,0,55
03/15/2017,HXD,SC,ASO,ES,Federal Contract Tower,0,14,17,0,31,0,0,42,0,42,0,14,59,0,73,0,0,0,73
03/16/2017,HXD,SC,ASO,ES,Federal Contract Tower,0,11,34,4,49,0,0,46,0,46,0,11,80,4,95,4,0,4,99
03/17/2017,HXD,SC,ASO,ES,Federal Contract Tower,0,21,26,0,47,0,0,46,2,48,0,21,72,2,95,18,6,24,119
03/18/2017,HXD,SC,ASO,ES,Federal Contract Tower,0,13,24,0,37,0,0,53,0,53,0,13,77,0,90,10,0,10,100
03/19/2017,HXD,SC,ASO,ES,Federal Contract Tower,0,19,25,0,44,0,1,26,0,27,0,20,51,0,71,22,0,22,93
03/20/2017,HXD,SC,ASO,ES,Federal Contract Tower,0,7,12,0,19,0,0,28,0,28,0,7,40,0,47,34,2,36,83
03/21/2017,HXD,SC,ASO,ES,Federal Contract Tower,0,16,18,0,34,0,0,53,5,58,0,16,71,5,92,24,0,24,116
03/22/2017,HXD,SC,ASO,ES,Federal Contract Tower,0,15,24,1,40,0,0,55,5,60,0,15,79,6,100,12,0,12,112
03/23/2017,HXD,SC,ASO,ES,Federal Contract Tower,0,17,30,0,47,0,3,32,0,35,0,20,62,0,82,2,0,2,84
03/24/2017,HXD,SC,ASO,ES,Federal Contract Tower,0,16,37,0,53,0,2,50,0,52,0,18,87,0,105,16,0,16,121
03/25/2017,HXD,SC,ASO,ES,Federal Contract Tower,0,20,20,0,40,0,0,43,0,43,0,20,63,0,83,0,0,0,83
03/26/2017,HXD,SC,ASO,ES,Federal Contract Tower,0,9,37,0,46,0,0,31,0,31,0,9,68,0,77,0,4,4,81
03/27/2017,HXD,SC,ASO,ES,Federal Contract Tower,0,13,25,0,38,0,0,55,0,55,0,13,80,0,93,0,0,0,93
03/28/2017,HXD,SC,ASO,ES,Federal Contract Tower,0,11,17,1,29,0,0,34,2,36,0,11,51,3,65,18,0,18,83
03/29/2017,HXD,SC,ASO,ES,Federal Contract Tower,0,9,20,0,29,0,2,51,1,54,0,11,71,1,83,28,0,28,111
03/30/2017,HXD,SC,ASO,ES,Federal Contract Tower,0,13,17,0,30,0,1,30,0,31,0,14,47,0,61,0,0,0,61
03/31/2017,HXD,SC,ASO,ES,Federal Contract Tower,0,11,29,0,40,0,1,14,0,15,0,12,43,0,55,2,0,2,57
04/01/2017,HXD,SC,ASO,ES,Federal Contract Tower,1,18,16,0,35,0,2,48,0,50,1,20,64,0,85,4,0,4,89
04/02/2017,HXD,SC,ASO,ES,Federal Contract Tower,0,18,43,0,61,0,0,38,0,38,0,18,81,0,99,10,0,10,109
04/03/2017,HXD,SC,ASO,ES,Federal Contract Tower,0,7,17,0,24,0,0,12,0,12,0,7,29,0,36,0,0,0,36
04/04/2017,HXD,SC,ASO,ES,Federal Contract Tower,0,19,23,0,42,0,1,32,2,35,0,20,55,2,77,12,0,12,89
04/05/2017,HXD,SC,ASO,ES,Federal Contract Tower,0,6,25,0,31,0,0,6,0,6,0,6,31,0,37,2,0,2,39
04/06/2017,HXD,SC,ASO,ES,Federal Contract Tower,0,14,17,0,31,0,2,18,0,20,0,16,35,0,51,0,2,2,53
04/07/2017,HXD,SC,ASO,ES,Federal Contract Tower,0,22,31,0,53,0,1,49,0,50,0,23,80,0,103,12,8,20,123
04/08/2017,HXD,SC,ASO,ES,Federal Contract Tower,0,18,32,0,50,0,0,39,0,39,0,18,71,0,89,0,0,0,89
04/09/2017,HXD,SC,ASO,ES,Federal Contract Tower,0,19,37,0,56,0,1,27,0,28,0,20,64,0,84,2,0,2,86
04/10/2017,HXD,SC,ASO,ES,Federal Contract Tower,0,31,26,0,57,0,0,61,0,61,0,31,87,0,118,0,0,0,118
04/11/2017,HXD,SC,ASO,ES,Federal Contract Tower,0,21,35,0,56,0,1,75,0,76,0,22,110,0,132,8,0,8,140
04/12/2017,HXD,SC,ASO,ES,Federal Contract Tower,0,26,57,0,83,0,0,63,5,68,0,26,120,5,151,6,0,6,157
04/13/2017,HXD,SC,ASO,ES,Federal Contract Tower,0,36,57,0,93,0,4,76,1,81,0,40,133,1,174,10,0,10,184
04/14/2017,HXD,SC,ASO,ES,Federal Contract Tower,0,29,47,0,76,0,0,41,0,41,0,29,88,0,117,0,0,0,117
04/15/2017,HXD,SC,ASO,ES,Federal Contract Tower,0,15,47,0,62,0,0,69,0,69,0,15,116,0,131,0,0,0,131
04/16/2017,HXD,SC,ASO,ES,Federal Contract Tower,0,62,48,0,110,0,0,43,2,45,0,62,91,2,155,2,4,6,161
04/17/2017,HXD,SC,ASO,ES,Federal Contract Tower,0,31,53,0,84,0,0,41,0,41,0,31,94,0,125,6,0,6,131
04/18/2017,HXD,SC,ASO,ES,Federal Contract Tower,0,18,25,0,43,0,1,35,5,41,0,19,60,5,84,0,4,4,88
04/19/2017,HXD,SC,ASO,ES,Federal Contract Tower,0,20,32,0,52,0,0,38,0,38,0,20,70,0,90,0,0,0,90
04/20/2017,HXD,SC,ASO,ES,Federal Contract Tower,0,0,16,40,56,0,0,32,0,32,0,0,48,40,88,14,0,14,102
04/21/2017,HXD,SC,ASO,ES,Federal Contract Tower,0,0,19,26,45,0,1,24,0,25,0,1,43,26,70,2,0,2,72
04/22/2017,HXD,SC,ASO,ES,Federal Contract Tower,0,13,21,0,34,0,1,34,0,35,0,14,55,0,69,16,0,16,85
04/23/2017,HXD,SC,ASO,ES,Federal Contract Tower,0,17,33,0,50,0,0,39,0,39,0,17,72,0,89,8,2,10,99
04/24/2017,HXD,SC,ASO,ES,Federal Contract Tower,0,21,24,0,45,0,0,20,0,20,0,21,44,0,65,20,0,20,85
04/25/2017,HXD,SC,ASO,ES,Federal Contract Tower,0,18,22,0,40,0,0,31,0,31,0,18,53,0,71,14,0,14,85
04/26/2017,HXD,SC,ASO,ES,Federal Contract Tower,0,17,29,0,46,0,0,44,0,44,0,17,73,0,90,6,0,6,96
04/27/2017,HXD,SC,ASO,ES,Federal Contract Tower,0,17,37,0,54,0,0,18,0,18,0,17,55,0,72,2,0,2,74
04/28/2017,HXD,SC,ASO,ES,Federal Contract Tower,0,21,42,0,63,0,0,10,0,10,0,21,52,0,73,2,0,2,75
04/29/2017,HXD,SC,ASO,ES,Federal Contract Tower,0,13,24,4,41,0,0,63,0,63,0,13,87,4,104,0,0,0,104
04/30/2017,HXD,SC,ASO,ES,Federal Contract Tower,0,18,47,0,65,0,0,24,0,24,0,18,71,0,89,14,0,14,103
05/01/2017,HXD,SC,ASO,ES,Federal Contract Tower,0,13,15,0,28,0,0,7,0,7,0,13,22,0,35,0,0,0,35
05/02/2017,HXD,SC,ASO,ES,Federal Contract Tower,0,16,18,0,34,0,0,52,0,52,0,16,70,0,86,0,0,0,86
05/03/2017,HXD,SC,ASO,ES,Federal Contract Tower,0,18,24,0,42,0,0,52,2,54,0,18,76,2,96,28,0,28,124
05/04/2017,HXD,SC,ASO,ES,Federal Contract Tower,0,18,22,0,40,0,0,24,0,24,0,18,46,0,64,0,0,0,64
05/05/2017,HXD,SC,ASO,ES,Federal Contract Tower,0,21,23,0,44,0,0,21,0,21,0,21,44,0,65,0,0,0,65
05/06/2017,HXD,SC,ASO,ES,Federal Contract Tower,0,16,22,0,38,0,0,71,2,73,0,16,93,2,111,14,0,14,125
05/07/2017,HXD,SC,ASO,ES,Federal Contract Tower,0,17,30,0,47,0,0,43,0,43,0,17,73,0,90,0,0,0,90
05/08/2017,HXD,SC,ASO,ES,Federal Contract Tower,0,18,24,0,42,0,0,55,0,55,0,18,79,0,97,46,0,46,143
05/09/2017,HXD,SC,ASO,ES,Federal Contract Tower,0,20,23,1,44,0,0,45,5,50,0,20,68,6,94,0,0,0,94
05/10/2017,HXD,SC,ASO,ES,Federal Contract Tower,0,13,19,0,32,0,0,34,0,34,0,13,53,0,66,8,0,8,74
05/11/2017,HXD,SC,ASO,ES,Federal Contract Tower,0,16,28,0,44,0,0,65,0,65,0,16,93,0,109,14,0,14,123
05/12/2017,HXD,SC,ASO,ES,Federal Contract Tower,0,20,40,0,60,0,0,38,2,40,0,20,78,2,100,20,2,22,122
05/13/2017,HXD,SC,ASO,ES,Federal Contract Tower,0,9,34,0,43,0,0,6,0,6,0,9,40,0,49,10,0,10,59
05/14/2017,HXD,SC,ASO,ES,Federal Contract Tower,0,16,26,0,42,0,0,58,0,58,0,16,84,0,100,26,0,26,126
05/15/2017,HXD,SC,ASO,ES,Federal Contract Tower,0,18,14,0,32,0,0,20,0,20,0,18,34,0,52,0,0,0,52
05/16/2017,HXD,SC,ASO,ES,Federal Contract Tower,0,20,18,2,40,0,1,34,0,35,0,21,52,2,75,40,0,40,115
05/17/2017,HXD,SC,ASO,ES,Federal Contract Tower,0,19,21,0,40,0,2,43,2,47,0,21,64,2,87,4,0,4,91
05/18/2017,HXD,SC,ASO,ES,Federal Contract Tower,0,23,53,1,77,0,0,52,1,53,0,23,105,2,130,6,0,6,136
05/19/2017,HXD,SC,ASO,ES,Federal Contract Tower,0,16,49,0,65,0,0,51,0,51,0,16,100,0,116,30,0,30,146
05/21/2017,HXD,SC,ASO,ES,Federal Contract Tower,0,20,27,0,47,0,0,7,0,7,0,20,34,0,54,22,0,22,76
05/22/2017,HXD,SC,ASO,ES,Federal Contract Tower,0,18,21,0,39,0,0,16,0,16,0,18,37,0,55,0,0,0,55
05/23/2017,HXD,SC,ASO,ES,Federal Contract Tower,0,13,13,0,26,0,0,19,0,19,0,13,32,0,45,0,0,0,45
05/24/2017,HXD,SC,ASO,ES,Federal Contract Tower,0,4,16,0,20,0,0,4,2,6,0,4,20,2,26,0,0,0,26
05/25/2017,HXD,SC,ASO,ES,Federal Contract Tower,0,23,45,3,71,0,0,38,1,39,0,23,83,4,110,2,0,2,112
05/26/2017,HXD,SC,ASO,ES,Federal Contract Tower,0,22,53,0,75,0,1,73,0,74,0,23,126,0,149,10,0,10,159
05/28/2017,HXD,SC,ASO,ES,Federal Contract Tower,0,12,21,0,33,0,0,58,2,60,0,12,79,2,93,0,0,0,93
05/29/2017,HXD,SC,ASO,ES,Federal Contract Tower,0,24,50,0,74,0,1,49,0,50,0,25,99,0,124,2,0,2,126
05/30/2017,HXD,SC,ASO,ES,Federal Contract Tower,0,20,30,0,50,0,1,48,2,51,0,21,78,2,101,18,2,20,121
05/31/2017,HXD,SC,ASO,ES,Federal Contract Tower,0,13,21,0,34,0,1,22,0,23,0,14,43,0,57,4,0,4,61
06/01/2017,HXD,SC,ASO,ES,Federal Contract Tower,0,18,46,0,64,0,0,59,2,61,0,18,105,2,125,4,0,4,129
06/02/2017,HXD,SC,ASO,ES,Federal Contract Tower,0,17,31,0,48,0,0,27,0,27,0,17,58,0,75,6,0,6,81
06/03/2017,HXD,SC,ASO,ES,Federal Contract Tower,0,18,23,0,41,0,0,62,0,62,0,18,85,0,103,0,0,0,103
06/04/2017,HXD,SC,ASO,ES,Federal Contract Tower,0,16,31,0,47,0,0,54,0,54,0,16,85,0,101,0,0,0,101
06/05/2017,HXD,SC,ASO,ES,Federal Contract Tower,0,8,8,1,17,0,0,26,2,28,0,8,34,3,45,0,2,2,47
06/06/2017,HXD,SC,ASO,ES,Federal Contract Tower,0,9,17,0,26,0,0,21,0,21,0,9,38,0,47,0,0,0,47
06/07/2017,HXD,SC,ASO,ES,Federal Contract Tower,0,16,25,4,45,0,0,0,0,0,0,16,25,4,45,0,0,0,45
06/08/2017,HXD,SC,ASO,ES,Federal Contract Tower,0,15,33,0,48,0,2,30,0,32,0,17,63,0,80,0,0,0,80
06/09/2017,HXD,SC,ASO,ES,Federal Contract Tower,0,19,32,0,51,0,0,69,2,71,0,19,101,2,122,2,22,24,146
06/10/2017,HXD,SC,ASO,ES,Federal Contract Tower,0,19,32,0,51,0,1,52,0,53,0,20,84,0,104,0,0,0,104
06/11/2017,HXD,SC,ASO,ES,Federal Contract Tower,0,14,28,0,42,0,0,55,2,57,0,14,83,2,99,22,0,22,121
06/12/2017,HXD,SC,ASO,ES,Federal Contract Tower,0,17,27,0,44,0,0,12,0,12,0,17,39,0,56,2,0,2,58
06/13/2017,HXD,SC,ASO,ES,Federal Contract Tower,0,14,18,0,32,0,0,42,0,42,0,14,60,0,74,2,0,2,76
06/14/2017,HXD,SC,ASO,ES,Federal Contract Tower,0,19,34,0,53,0,0,52,0,52,0,19,86,0,105,28,0,28,133
06/15/2017,HXD,SC,ASO,ES,Federal Contract Tower,0,25,44,0,69,0,1,41,0,42,0,26,85,0,111,2,0,2,113
06/16/2017,HXD,SC,ASO,ES,Federal Contract Tower,0,12,28,2,42,0,0,74,4,78,0,12,102,6,120,14,0,14,134
06/17/2017,HXD,SC,ASO,ES,Federal Contract Tower,0,34,31,0,65,0,0,74,0,74,0,34,105,0,139,6,0,6,145
06/18/2017,HXD,SC,ASO,ES,Federal Contract Tower,0,10,27,0,37,0,0,45,0,45,0,10,72,0,82,6,0,6,88
06/19/2017,HXD,SC,ASO,ES,Federal Contract Tower,0,20,20,0,40,0,0,19,2,21,0,20,39,2,61,0,10,10,71
06/20/2017,HXD,SC,ASO,ES,Federal Contract Tower,0,22,32,0,54,0,0,44,0,44,0,22,76,0,98,0,0,0,98
06/21/2017,HXD,SC,ASO,ES,Federal Contract Tower,0,16,24,0,40,0,0,26,0,26,0,16,50,0,66,0,0,0,66
06/22/2017,HXD,SC,ASO,ES,Federal Contract Tower,0,21,31,0,52,0,0,26,2,28,0,21,57,2,80,2,0,2,82
06/23/2017,HXD,SC,ASO,ES,Federal Contract Tower,0,22,43,2,67,0,0,62,0,62,0,22,105,2,129,14,0,14,143
06/24/2017,HXD,SC,ASO,ES,Federal Contract Tower,0,27,40,0,67,0,0,47,0,47,0,27,87,0,114,4,0,4,118
06/25/2017,HXD,SC,ASO,ES,Federal Contract Tower,0,11,42,0,53,0,0,27,0,27,0,11,69,0,80,34,0,34,114
06/26/2017,HXD,SC,ASO,ES,Federal Contract Tower,0,16,21,0,37,0,0,16,2,18,0,16,37,2,55,8,0,8,63
06/27/2017,HXD,SC,ASO,ES,Federal Contract Tower,0,15,28,0,43,0,0,62,2,64,0,15,90,2,107,18,0,18,125
06/28/2017,HXD,SC,ASO,ES,Federal Contract Tower,0,14,28,2,44,0,0,73,4,77,0,14,101,6,121,8,0,8,129
06/29/2017,HXD,SC,ASO,ES,Federal Contract Tower,0,20,39,0,59,0,0,31,0,31,0,20,70,0,90,4,0,4,94
06/30/2017,HXD,SC,ASO,ES,Federal Contract Tower,0,17,41,3,61,0,0,58,2,60,0,17,99,5,121,8,0,8,129
07/01/2017,HXD,SC,ASO,ES,Federal Contract Tower,0,24,40,0,64,0,0,58,4,62,0,24,98,4,126,4,0,4,130
07/02/2017,HXD,SC,ASO,ES,Federal Contract Tower,0,19,15,0,34,0,0,44,0,44,0,19,59,0,78,0,0,0,78
07/03/2017,HXD,SC,ASO,ES,Federal Contract Tower,0,15,7,0,22,0,0,81,0,81,0,15,88,0,103,10,0,10,113
07/04/2017,HXD,SC,ASO,ES,Federal Contract Tower,0,14,12,0,26,0,0,22,0,22,0,14,34,0,48,4,0,4,52
07/05/2017,HXD,SC,ASO,ES,Federal Contract Tower,0,15,34,0,49,0,0,76,0,76,0,15,110,0,125,0,0,0,125
07/06/2017,HXD,SC,ASO,ES,Federal Contract Tower,0,8,24,0,32,0,0,92,1,93,0,8,116,1,125,6,0,6,131
07/07/2017,HXD,SC,ASO,ES,Federal Contract Tower,0,18,24,0,42,0,1,92,0,93,0,19,116,0,135,14,0,14,149
07/08/2017,HXD,SC,ASO,ES,Federal Contract Tower,0,24,30,0,54,0,0,102,0,102,0,24,132,0,156,28,26,54,210
07/09/2017,HXD,SC,ASO,ES,Federal Contract Tower,0,11,31,0,42,0,0,77,0,77,0,11,108,0,119,0,0,0,119
07/10/2017,HXD,SC,ASO,ES,Federal Contract Tower,0,12,20,0,32,0,0,46,0,46,0,12,66,0,78,8,0,8,86
07/11/2017,HXD,SC,ASO,ES,Federal Contract Tower,0,10,18,2,30,0,0,31,0,31,0,10,49,2,61,14,0,14,75
07/12/2017,HXD,SC,ASO,ES,Federal Contract Tower,0,11,32,0,43,0,0,33,0,33,0,11,65,0,76,6,0,6,82
07/13/2017,HXD,SC,ASO,ES,Federal Contract Tower,0,17,20,0,37,0,0,67,0,67,0,17,87,0,104,6,0,6,110
07/14/2017,HXD,SC,ASO,ES,Federal Contract Tower,0,14,30,0,44,0,1,77,0,78,0,15,107,0,122,0,0,0,122
07/15/2017,HXD,SC,ASO,ES,Federal Contract Tower,0,20,34,0,54,0,0,53,0,53,0,20,87,0,107,8,0,8,115
07/16/2017,HXD,SC,ASO,ES,Federal Contract Tower,0,8,21,0,29,0,0,12,0,12,0,8,33,0,41,0,0,0,41
07/17/2017,HXD,SC,ASO,ES,Federal Contract Tower,0,8,16,0,24,0,0,6,0,6,0,8,22,0,30,0,0,0,30
07/18/2017,HXD,SC,ASO,ES,Federal Contract Tower,0,8,24,0,32,0,0,69,0,69,0,8,93,0,101,18,0,18,119
07/19/2017,HXD,SC,ASO,ES,Federal Contract Tower,0,20,24,0,44,0,0,47,2,49,0,20,71,2,93,0,0,0,93
07/20/2017,HXD,SC,ASO,ES,Federal Contract Tower,0,17,42,0,59,0,0,60,0,60,0,17,102,0,119,8,0,8,127
07/21/2017,HXD,SC,ASO,ES,Federal Contract Tower,0,20,25,0,45,0,0,51,2,53,0,20,76,2,98,16,0,16,114
07/22/2017,HXD,SC,ASO,ES,Federal Contract Tower,0,20,29,0,49,0,0,55,0,55,0,20,84,0,104,12,2,14,118
07/23/2017,HXD,SC,ASO,ES,Federal Contract Tower,0,8,24,0,32,0,0,54,0,54,0,8,78,0,86,14,0,14,100
07/24/2017,HXD,SC,ASO,ES,Federal Contract Tower,0,16,28,1,45,0,0,14,0,14,0,16,42,1,59,6,0,6,65
07/25/2017,HXD,SC,ASO,ES,Federal Contract Tower,0,9,19,0,28,0,0,35,0,35,0,9,54,0,63,0,2,2,65
07/26/2017,HXD,SC,ASO,ES,Federal Contract Tower,0,14,20,0,34,0,0,34,0,34,0,14,54,0,68,0,0,0,68
07/27/2017,HXD,SC,ASO,ES,Federal Contract Tower,0,18,22,0,40,0,0,24,0,24,0,18,46,0,64,18,0,18,82
07/28/2017,HXD,SC,ASO,ES,Federal Contract Tower,0,19,23,0,42,0,0,50,0,50,0,19,73,0,92,0,0,0,92
07/29/2017,HXD,SC,ASO,ES,Federal Contract Tower,0,16,26,0,42,0,0,20,0,20,0,16,46,0,62,0,0,0,62
07/30/2017,HXD,SC,ASO,ES,Federal Contract Tower,0,16,24,0,40,0,0,72,2,74,0,16,96,2,114,0,0,0,114
07/31/2017,HXD,SC,ASO,ES,Federal Contract Tower,0,12,19,0,31,0,0,49,3,52,0,12,68,3,83,4,0,4,87
08/01/2017,HXD,SC,ASO,ES,Federal Contract Tower,0,11,15,0,26,0,0,66,0,66,0,11,81,0,92,0,0,0,92
08/02/2017,HXD,SC,ASO,ES,Federal Contract Tower,0,11,31,0,42,0,0,95,5,100,0,11,126,5,142,28,6,34,176
08/03/2017,HXD,SC,ASO,ES,Federal Contract Tower,0,10,25,0,35,0,0,7,0,7,0,10,32,0,42,34,0,34,76
08/04/2017,HXD,SC,ASO,ES,Federal Contract Tower,0,19,36,0,55,0,0,27,0,27,0,19,63,0,82,0,0,0,82
08/05/2017,HXD,SC,ASO,ES,Federal Contract Tower,0,17,35,0,52,0,0,85,0,85,0,17,120,0,137,18,0,18,155
08/06/2017,HXD,SC,ASO,ES,Federal Contract Tower,0,12,17,0,29,0,0,53,0,53,0,12,70,0,82,12,0,12,94
08/07/2017,HXD,SC,ASO,ES,Federal Contract Tower,0,10,10,0,20,0,0,19,0,19,0,10,29,0,39,0,0,0,39
08/08/2017,HXD,SC,ASO,ES,Federal Contract Tower,0,12,20,0,32,0,0,26,0,26,0,12,46,0,58,16,0,16,74
08/09/2017,HXD,SC,ASO,ES,Federal Contract Tower,0,14,29,0,43,0,0,28,0,28,0,14,57,0,71,26,8,34,105
08/10/2017,HXD,SC,ASO,ES,Federal Contract Tower,0,14,24,0,38,0,0,27,0,27,0,14,51,0,65,24,0,24,89
08/11/2017,HXD,SC,ASO,ES,Federal Contract Tower,0,16,22,1,39,0,1,49,0,50,0,17,71,1,89,8,0,8,97
08/12/2017,HXD,SC,ASO,ES,Federal Contract Tower,0,11,30,0,41,0,0,48,0,48,0,11,78,0,89,0,0,0,89
08/13/2017,HXD,SC,ASO,ES,Federal Contract Tower,0,10,30,0,40,0,0,73,0,73,0,10,103,0,113,6,0,6,119
08/14/2017,HXD,SC,ASO,ES,Federal Contract Tower,0,9,23,6,38,0,0,27,0,27,0,9,50,6,65,16,0,16,81
08/15/2017,HXD,SC,ASO,ES,Federal Contract Tower,0,10,35,0,45,0,2,57,0,59,0,12,92,0,104,2,0,2,106
08/16/2017,HXD,SC,ASO,ES,Federal Contract Tower,0,14,19,0,33,0,0,68,0,68,0,14,87,0,101,0,2,2,103
08/17/2017,HXD,SC,ASO,ES,Federal Contract Tower,0,9,24,0,33,0,0,29,2,31,0,9,53,2,64,6,0,6,70
08/18/2017,HXD,SC,ASO,ES,Federal Contract Tower,0,3,33,9,45,0,0,70,0,70,0,3,103,9,115,8,0,8,123
08/19/2017,HXD,SC,ASO,ES,Federal Contract Tower,0,19,23,0,42,0,1,85,0,86,0,20,108,0,128,0,0,0,128
08/20/2017,HXD,SC,ASO,ES,Federal Contract Tower,0,21,26,0,47,0,0,57,0,57,0,21,83,0,104,0,0,0,104
08/21/2017,HXD,SC,ASO,ES,Federal Contract Tower,0,14,41,0,55,0,0,38,0,38,0,14,79,0,93,0,0,0,93
08/22/2017,HXD,SC,ASO,ES,Federal Contract Tower,0,17,27,0,44,0,0,61,0,61,0,17,88,0,105,16,0,16,121
08/23/2017,HXD,SC,ASO,ES,Federal Contract Tower,0,19,17,0,36,0,2,56,0,58,0,21,73,0,94,6,0,6,100
08/24/2017,HXD,SC,ASO,ES,Federal Contract Tower,0,16,23,0,39,0,0,25,0,25,0,16,48,0,64,2,2,4,68
08/25/2017,HXD,SC,ASO,ES,Federal Contract Tower,0,11,25,0,36,0,0,50,0,50,0,11,75,0,86,0,0,0,86
08/26/2017,HXD,SC,ASO,ES,Federal Contract Tower,0,14,20,0,34,0,0,15,0,15,0,14,35,0,49,0,0,0,49
08/27/2017,HXD,SC,ASO,ES,Federal Contract Tower,0,13,26,0,39,0,0,4,0,4,0,13,30,0,43,0,0,0,43
08/28/2017,HXD,SC,ASO,ES,Federal Contract Tower,0,8,7,0,15,0,0,5,0,5,0,8,12,0,20,0,0,0,20
08/29/2017,HXD,SC,ASO,ES,Federal Contract Tower,0,16,16,0,32,0,0,3,0,3,0,16,19,0,35,0,0,0,35
08/30/2017,HXD,SC,ASO,ES,Federal Contract Tower,0,12,23,1,36,0,0,35,2,37,0,12,58,3,73,22,0,22,95
08/31/2017,HXD,SC,ASO,ES,Federal Contract Tower,0,14,29,0,43,0,0,26,0,26,0,14,55,0,69,4,0,4,73
09/01/2017,HXD,SC,ASO,ES,Federal Contract Tower,0,13,28,0,41,0,0,52,0,52,0,13,80,0,93,10,0,10,103
09/02/2017,HXD,SC,ASO,ES,Federal Contract Tower,0,20,24,0,44,0,0,56,0,56,0,20,80,0,100,12,0,12,112
09/03/2017,HXD,SC,ASO,ES,Federal Contract Tower,0,10,14,0,24,0,0,78,0,78,0,10,92,0,102,6,0,6,108
09/04/2017,HXD,SC,ASO,ES,Federal Contract Tower,0,27,36,5,68,0,0,38,0,38,0,27,74,5,106,0,0,0,106
09/05/2017,HXD,SC,ASO,ES,Federal Contract Tower,0,13,11,0,24,0,0,20,0,20,0,13,31,0,44,0,0,0,44
09/06/2017,HXD,SC,ASO,ES,Federal Contract Tower,0,9,22,0,31,0,0,12,0,12,0,9,34,0,43,0,0,0,43
09/07/2017,HXD,SC,ASO,ES,Federal Contract Tower,0,14,30,0,44,0,0,19,0,19,0,14,49,0,63,12,0,12,75
09/08/2017,HXD,SC,ASO,ES,Federal Contract Tower,0,23,47,2,72,0,0,37,0,37,0,23,84,2,109,0,0,0,109
09/09/2017,HXD,SC,ASO,ES,Federal Contract Tower,0,8,12,0,20,0,0,3,0,3,0,8,15,0,23,0,0,0,23
09/10/2017,HXD,SC,ASO,ES,Federal Contract Tower,0,0,0,0,0,0,0,0,0,0,0,0,0,0,0,0,0,0,0
09/13/2017,HXD,SC,ASO,ES,Federal Contract Tower,0,13,24,1,38,0,0,15,0,15,0,13,39,1,53,8,0,8,61
09/14/2017,HXD,SC,ASO,ES,Federal Contract Tower,0,15,22,0,37,0,0,17,0,17,0,15,39,0,54,14,0,14,68
09/15/2017,HXD,SC,ASO,ES,Federal Contract Tower,0,11,28,0,39,0,2,22,0,24,0,13,50,0,63,10,0,10,73
09/16/2017,HXD,SC,ASO,ES,Federal Contract Tower,0,7,11,0,18,0,0,43,0,43,0,7,54,0,61,4,0,4,65
09/17/2017,HXD,SC,ASO,ES,Federal Contract Tower,0,13,25,0,38,0,0,33,0,33,0,13,58,0,71,0,0,0,71
09/18/2017,HXD,SC,ASO,ES,Federal Contract Tower,0,14,20,0,34,0,0,29,0,29,0,14,49,0,63,0,0,0,63
09/19/2017,HXD,SC,ASO,ES,Federal Contract Tower,0,11,20,2,33,0,1,35,2,38,0,12,55,4,71,0,0,0,71
09/20/2017,HXD,SC,ASO,ES,Federal Contract Tower,0,10,25,0,35,0,0,23,1,24,0,10,48,1,59,4,0,4,63
09/21/2017,HXD,SC,ASO,ES,Federal Contract Tower,0,15,34,0,49,0,0,31,0,31,0,15,65,0,80,20,0,20,100
09/22/2017,HXD,SC,ASO,ES,Federal Contract Tower,0,8,23,0,31,0,0,40,0,40,0,8,63,0,71,0,0,0,71
09/23/2017,HXD,SC,ASO,ES,Federal Contract Tower,0,17,29,0,46,0,0,14,0,14,0,17,43,0,60,0,0,0,60
09/24/2017,HXD,SC,ASO,ES,Federal Contract Tower,0,17,32,0,49,0,0,40,0,40,0,17,72,0,89,0,0,0,89
09/25/2017,HXD,SC,ASO,ES,Federal Contract Tower,0,11,18,0,29,0,0,20,0,20,0,11,38,0,49,28,4,32,81
09/26/2017,HXD,SC,ASO,ES,Federal Contract Tower,0,20,20,1,41,0,0,37,1,38,0,20,57,2,79,2,0,2,81
09/27/2017,HXD,SC,ASO,ES,Federal Contract Tower,0,15,20,0,35,0,0,25,0,25,0,15,45,0,60,0,0,0,60
09/28/2017,HXD,SC,ASO,ES,Federal Contract Tower,0,22,33,0,55,0,0,36,0,36,0,22,69,0,91,16,0,16,107
09/29/2017,HXD,SC,ASO,ES,Federal Contract Tower,0,12,23,2,37,0,0,42,0,42,0,12,65,2,79,0,0,0,79
09/30/2017,HXD,SC,ASO,ES,Federal Contract Tower,0,12,13,0,25,0,0,16,0,16,0,12,29,0,41,0,0,0,41
10/01/2017,HXD,SC,ASO,ES,Federal Contract Tower,0,20,26,0,46,0,0,16,0,16,0,20,42,0,62,0,0,0,62
10/02/2017,HXD,SC,ASO,ES,Federal Contract Tower,0,17,14,0,31,0,1,4,2,7,0,18,18,2,38,0,2,2,40
10/03/2017,HXD,SC,ASO,ES,Federal Contract Tower,0,10,20,0,30,0,0,24,0,24,0,10,44,0,54,0,0,0,54
10/04/2017,HXD,SC,ASO,ES,Federal Contract Tower,0,19,30,0,49,0,0,25,2,27,0,19,55,2,76,16,0,16,92
10/05/2017,HXD,SC,ASO,ES,Federal Contract Tower,0,17,29,0,46,0,0,25,2,27,0,17,54,2,73,0,0,0,73
10/06/2017,HXD,SC,ASO,ES,Federal Contract Tower,0,19,36,0,55,0,0,36,0,36,0,19,72,0,91,1,0,1,92
10/07/2017,HXD,SC,ASO,ES,Federal Contract Tower,0,12,29,0,41,0,0,49,0,49,0,12,78,0,90,4,0,4,94
10/08/2017,HXD,SC,ASO,ES,Federal Contract Tower,0,14,30,0,44,0,0,41,0,41,0,14,71,0,85,0,0,0,85
10/09/2017,HXD,SC,ASO,ES,Federal Contract Tower,0,13,18,0,31,0,0,3,0,3,0,13,21,0,34,0,0,0,34
10/10/2017,HXD,SC,ASO,ES,Federal Contract Tower,0,8,28,2,38,0,0,48,0,48,0,8,76,2,86,2,0,2,88
10/11/2017,HXD,SC,ASO,ES,Federal Contract Tower,0,16,53,1,70,0,0,44,2,46,0,16,97,3,116,0,2,2,118
10/12/2017,HXD,SC,ASO,ES,Federal Contract Tower,0,15,48,0,63,0,0,13,0,13,0,15,61,0,76,10,0,10,86
10/13/2017,HXD,SC,ASO,ES,Federal Contract Tower,0,18,35,0,53,0,0,15,0,15,0,18,50,0,68,0,0,0,68
10/14/2017,HXD,SC,ASO,ES,Federal Contract Tower,0,15,16,0,31,0,0,37,0,37,0,15,53,0,68,0,0,0,68
10/15/2017,HXD,SC,ASO,ES,Federal Contract Tower,0,14,38,0,52,0,0,45,0,45,0,14,83,0,97,14,0,14,111
10/16/2017,HXD,SC,ASO,ES,Federal Contract Tower,0,10,27,0,37,0,0,10,0,10,0,10,37,0,47,0,0,0,47
10/17/2017,HXD,SC,ASO,ES,Federal Contract Tower,0,12,13,0,25,0,0,20,0,20,0,12,33,0,45,0,0,0,45
10/18/2017,HXD,SC,ASO,ES,Federal Contract Tower,0,10,28,0,38,0,0,41,0,41,0,10,69,0,79,6,0,6,85
10/19/2017,HXD,SC,ASO,ES,Federal Contract Tower,0,11,34,0,45,0,0,26,2,28,0,11,60,2,73,0,0,0,73
10/20/2017,HXD,SC,ASO,ES,Federal Contract Tower,0,13,30,4,47,0,0,36,0,36,0,13,66,4,83,8,0,8,91
10/21/2017,HXD,SC,ASO,ES,Federal Contract Tower,0,14,19,0,33,0,1,48,0,49,0,15,67,0,82,0,6,6,88
10/22/2017,HXD,SC,ASO,ES,Federal Contract Tower,0,10,44,0,54,0,0,1,0,1,0,10,45,0,55,0,0,0,55
10/23/2017,HXD,SC,ASO,ES,Federal Contract Tower,0,9,16,0,25,0,0,0,0,0,0,9,16,0,25,0,0,0,25
10/24/2017,HXD,SC,ASO,ES,Federal Contract Tower,0,17,28,4,49,0,0,45,6,51,0,17,73,10,100,6,0,6,106
10/25/2017,HXD,SC,ASO,ES,Federal Contract Tower,0,18,26,2,46,0,0,36,0,36,0,18,62,2,82,0,6,6,88
10/26/2017,HXD,SC,ASO,ES,Federal Contract Tower,0,23,43,0,66,0,0,31,0,31,0,23,74,0,97,2,0,2,99
10/27/2017,HXD,SC,ASO,ES,Federal Contract Tower,0,24,36,0,60,0,0,38,0,38,0,24,74,0,98,0,0,0,98
10/28/2017,HXD,SC,ASO,ES,Federal Contract Tower,0,14,24,0,38,0,0,24,0,24,0,14,48,0,62,2,6,8,70
10/29/2017,HXD,SC,ASO,ES,Federal Contract Tower,0,0,15,32,47,0,0,19,0,19,0,0,34,32,66,4,0,4,70
10/30/2017,HXD,SC,ASO,ES,Federal Contract Tower,0,11,21,0,32,0,0,21,0,21,0,11,42,0,53,0,0,0,53
10/31/2017,HXD,SC,ASO,ES,Federal Contract Tower,0,13,17,0,30,0,0,44,0,44,0,13,61,0,74,0,0,0,74
11/01/2017,HXD,SC,ASO,ES,Federal Contract Tower,0,13,25,2,40,0,0,44,4,48,0,13,69,6,88,4,0,4,92
11/02/2017,HXD,SC,ASO,ES,Federal Contract Tower,0,21,27,0,48,0,1,43,0,44,0,22,70,0,92,14,0,14,106
11/03/2017,HXD,SC,ASO,ES,Federal Contract Tower,0,22,30,0,52,0,0,56,0,56,0,22,86,0,108,0,0,0,108
11/04/2017,HXD,SC,ASO,ES,Federal Contract Tower,0,5,22,4,31,0,0,47,0,47,0,5,69,4,78,4,2,6,84
11/05/2017,HXD,SC,ASO,ES,Federal Contract Tower,0,20,37,0,57,0,0,20,0,20,0,20,57,0,77,0,0,0,77
11/06/2017,HXD,SC,ASO,ES,Federal Contract Tower,0,5,30,0,35,0,0,14,5,19,0,5,44,5,54,0,0,0,54
11/07/2017,HXD,SC,ASO,ES,Federal Contract Tower,0,9,16,0,25,0,0,36,2,38,0,9,52,2,63,0,4,4,67
11/08/2017,HXD,SC,ASO,ES,Federal Contract Tower,0,12,24,0,36,0,0,11,8,19,0,12,35,8,55,0,0,0,55
11/09/2017,HXD,SC,ASO,ES,Federal Contract Tower,0,4,15,0,19,0,0,0,0,0,0,4,15,0,19,0,0,0,19
11/10/2017,HXD,SC,ASO,ES,Federal Contract Tower,0,22,49,0,71,0,1,36,0,37,0,23,85,0,108,6,0,6,114
11/11/2017,HXD,SC,ASO,ES,Federal Contract Tower,0,13,21,0,34,0,0,12,0,12,0,13,33,0,46,0,0,0,46
11/12/2017,HXD,SC,ASO,ES,Federal Contract Tower,0,22,39,0,61,0,0,2,0,2,0,22,41,0,63,6,0,6,69
11/13/2017,HXD,SC,ASO,ES,Federal Contract Tower,0,5,21,0,26,0,0,14,0,14,0,5,35,0,40,0,0,0,40
11/14/2017,HXD,SC,ASO,ES,Federal Contract Tower,0,12,23,0,35,0,1,24,1,26,0,13,47,1,61,30,0,30,91
11/16/2017,HXD,SC,ASO,ES,Federal Contract Tower,0,24,23,2,49,0,0,50,0,50,0,24,73,2,99,0,0,0,99
11/17/2017,HXD,SC,ASO,ES,Federal Contract Tower,0,11,29,0,40,0,4,56,0,60,0,15,85,0,100,2,0,2,102
11/18/2017,HXD,SC,ASO,ES,Federal Contract Tower,0,13,20,0,33,0,0,20,2,22,0,13,40,2,55,0,0,0,55
11/19/2017,HXD,SC,ASO,ES,Federal Contract Tower,0,18,13,2,33,0,0,20,0,20,0,18,33,2,53,0,0,0,53
11/20/2017,HXD,SC,ASO,ES,Federal Contract Tower,0,14,16,0,30,0,2,21,0,23,0,16,37,0,53,2,0,2,55
11/21/2017,HXD,SC,ASO,ES,Federal Contract Tower,0,9,38,0,47,0,0,19,6,25,0,9,57,6,72,4,0,4,76
11/22/2017,HXD,SC,ASO,ES,Federal Contract Tower,0,25,37,0,62,0,0,46,0,46,0,25,83,0,108,0,0,0,108
11/23/2017,HXD,SC,ASO,ES,Federal Contract Tower,0,6,2,0,8,0,0,0,0,0,0,6,2,0,8,0,0,0,8
11/24/2017,HXD,SC,ASO,ES,Federal Contract Tower,0,12,19,0,31,0,0,62,0,62,0,12,81,0,93,10,0,10,103
11/25/2017,HXD,SC,ASO,ES,Federal Contract Tower,0,14,32,0,46,0,1,55,0,56,0,15,87,0,102,0,0,0,102
11/26/2017,HXD,SC,ASO,ES,Federal Contract Tower,0,26,44,2,72,0,0,92,0,92,0,26,136,2,164,0,0,0,164
11/27/2017,HXD,SC,ASO,ES,Federal Contract Tower,0,14,19,0,33,0,0,34,0,34,0,14,53,0,67,16,0,16,83
11/28/2017,HXD,SC,ASO,ES,Federal Contract Tower,0,13,18,0,31,0,0,26,0,26,0,13,44,0,57,0,0,0,57
11/29/2017,HXD,SC,ASO,ES,Federal Contract Tower,0,12,14,1,27,0,0,38,0,38,0,12,52,1,65,0,0,0,65
11/30/2017,HXD,SC,ASO,ES,Federal Contract Tower,0,13,25,0,38,0,0,45,2,47,0,13,70,2,85,2,0,2,87
12/01/2017,HXD,SC,ASO,ES,Federal Contract Tower,0,12,20,0,32,0,0,30,0,30,0,12,50,0,62,0,4,4,66
12/02/2017,HXD,SC,ASO,ES,Federal Contract Tower,0,11,15,0,26,0,0,15,0,15,0,11,30,0,41,2,0,2,43
12/03/2017,HXD,SC,ASO,ES,Federal Contract Tower,0,13,24,0,37,0,0,8,0,8,0,13,32,0,45,4,0,4,49
12/04/2017,HXD,SC,ASO,ES,Federal Contract Tower,0,7,19,0,26,0,0,26,0,26,0,7,45,0,52,10,5,15,67
12/05/2017,HXD,SC,ASO,ES,Federal Contract Tower,0,10,6,0,16,0,0,14,0,14,0,10,20,0,30,0,0,0,30
12/06/2017,HXD,SC,ASO,ES,Federal Contract Tower,0,8,10,0,18,0,0,0,0,0,0,8,10,0,18,0,0,0,18
12/07/2017,HXD,SC,ASO,ES,Federal Contract Tower,0,10,15,2,27,0,0,2,0,2,0,10,17,2,29,0,0,0,29
12/08/2017,HXD,SC,ASO,ES,Federal Contract Tower,0,6,5,0,11,0,0,0,0,0,0,6,5,0,11,0,0,0,11
12/09/2017,HXD,SC,ASO,ES,Federal Contract Tower,0,9,8,0,17,0,0,0,0,0,0,9,8,0,17,0,0,0,17
12/10/2017,HXD,SC,ASO,ES,Federal Contract Tower,0,11,15,0,26,0,0,27,0,27,0,11,42,0,53,16,0,16,69
12/11/2017,HXD,SC,ASO,ES,Federal Contract Tower,0,6,19,2,27,0,0,31,0,31,0,6,50,2,58,14,2,16,74
12/12/2017,HXD,SC,ASO,ES,Federal Contract Tower,0,7,15,0,22,0,0,27,4,31,0,7,42,4,53,0,8,8,61
12/13/2017,HXD,SC,ASO,ES,Federal Contract Tower,0,16,13,0,29,0,0,29,0,29,0,16,42,0,58,0,0,0,58
12/14/2017,HXD,SC,ASO,ES,Federal Contract Tower,0,11,22,2,35,0,0,25,9,34,0,11,47,11,69,0,0,0,69
12/15/2017,HXD,SC,ASO,ES,Federal Contract Tower,0,14,26,0,40,0,0,26,6,32,0,14,52,6,72,0,6,6,78
12/16/2017,HXD,SC,ASO,ES,Federal Contract Tower,0,11,4,2,17,0,2,52,0,54,0,13,56,2,71,0,0,0,71
12/17/2017,HXD,SC,ASO,ES,Federal Contract Tower,0,14,14,0,28,0,0,20,0,20,0,14,34,0,48,26,0,26,74
12/18/2017,HXD,SC,ASO,ES,Federal Contract Tower,0,7,20,1,28,0,0,1,0,1,0,7,21,1,29,2,0,2,31
12/19/2017,HXD,SC,ASO,ES,Federal Contract Tower,0,11,12,2,25,0,2,31,0,33,0,13,43,2,58,48,4,52,110
12/20/2017,HXD,SC,ASO,ES,Federal Contract Tower,0,12,11,0,23,0,0,21,0,21,0,12,32,0,44,6,0,6,50
12/21/2017,HXD,SC,ASO,ES,Federal Contract Tower,0,14,19,0,33,0,0,3,0,3,0,14,22,0,36,10,0,10,46
12/22/2017,HXD,SC,ASO,ES,Federal Contract Tower,0,14,16,0,30,0,0,38,0,38,0,14,54,0,68,6,0,6,74
12/23/2017,HXD,SC,ASO,ES,Federal Contract Tower,0,9,15,0,24,0,0,5,0,5,0,9,20,0,29,0,0,0,29
12/24/2017,HXD,SC,ASO,ES,Federal Contract Tower,0,4,7,0,11,0,0,0,0,0,0,4,7,0,11,0,0,0,11
12/25/2017,HXD,SC,ASO,ES,Federal Contract Tower,0,8,7,0,15,0,0,22,0,22,0,8,29,0,37,6,0,6,43
12/26/2017,HXD,SC,ASO,ES,Federal Contract Tower,0,14,47,0,61,0,0,76,2,78,0,14,123,2,139,10,2,12,151
12/28/2017,HXD,SC,ASO,ES,Federal Contract Tower,0,13,32,0,45,0,0,28,0,28,0,13,60,0,73,26,0,26,99
12/29/2017,HXD,SC,ASO,ES,Federal Contract Tower,0,23,30,0,53,0,0,46,0,46,0,23,76,0,99,8,0,8,107
12/30/2017,HXD,SC,ASO,ES,Federal Contract Tower,0,13,17,0,30,0,0,84,0,84,0,13,101,0,114,31,0,31,145
12/31/2017,HXD,SC,ASO,ES,Federal Contract Tower,0,15,20,0,35,0,0,43,0,43,0,15,63,0,78,6,0,6,84
01/01/2018,HXD,SC,ASO,ES,Federal Contract Tower,0,16,18,0,34,0,0,3,0,3,0,16,21,0,37,4,0,4,41
01/02/2018,HXD,SC,ASO,ES,Federal Contract Tower,0,20,35,0,55,0,0,32,0,32,0,20,67,0,87,6,0,6,93
01/03/2018,HXD,SC,ASO,ES,Federal Contract Tower,0,0,0,0,0,0,0,0,0,0,0,0,0,0,0,0,0,0,0
01/04/2018,HXD,SC,ASO,ES,Federal Contract Tower,0,0,0,0,0,0,0,0,0,0,0,0,0,0,0,0,0,0,0
01/05/2018,HXD,SC,ASO,ES,Federal Contract Tower,0,4,7,0,11,0,0,20,0,20,0,4,27,0,31,0,0,0,31
01/06/2018,HXD,SC,ASO,ES,Federal Contract Tower,0,10,16,0,26,0,0,12,0,12,0,10,28,0,38,0,2,2,40
01/08/2018,HXD,SC,ASO,ES,Federal Contract Tower,0,8,10,0,18,0,0,13,2,15,0,8,23,2,33,4,0,4,37
01/09/2018,HXD,SC,ASO,ES,Federal Contract Tower,0,10,24,0,34,0,0,26,0,26,0,10,50,0,60,0,0,0,60
01/11/2018,HXD,SC,ASO,ES,Federal Contract Tower,0,4,10,0,14,0,0,1,0,1,0,4,11,0,15,0,0,0,15
01/12/2018,HXD,SC,ASO,ES,Federal Contract Tower,0,0,3,0,3,0,0,0,0,0,0,0,3,0,3,0,0,0,3
01/13/2018,HXD,SC,ASO,ES,Federal Contract Tower,0,13,14,0,27,0,0,27,0,27,0,13,41,0,54,16,0,16,70
01/14/2018,HXD,SC,ASO,ES,Federal Contract Tower,0,13,25,0,38,0,0,32,0,32,0,13,57,0,70,44,0,44,114
01/15/2018,HXD,SC,ASO,ES,Federal Contract Tower,0,14,15,0,29,0,1,23,0,24,0,15,38,0,53,2,0,2,55
01/16/2018,HXD,SC,ASO,ES,Federal Contract Tower,0,11,11,0,22,0,0,28,0,28,0,11,39,0,50,12,2,14,64
01/18/2018,HXD,SC,ASO,ES,Federal Contract Tower,0,9,15,0,24,0,0,22,0,22,0,9,37,0,46,6,0,6,52
01/19/2018,HXD,SC,ASO,ES,Federal Contract Tower,0,14,16,0,30,0,1,22,0,23,0,15,38,0,53,14,0,14,67
01/20/2018,HXD,SC,ASO,ES,Federal Contract Tower,0,8,19,0,27,0,1,52,3,56,0,9,71,3,83,0,0,0,83
01/21/2018,HXD,SC,ASO,ES,Federal Contract Tower,0,10,8,0,18,0,1,42,0,43,0,11,50,0,61,4,0,4,65
01/22/2018,HXD,SC,ASO,ES,Federal Contract Tower,0,11,18,0,29,0,2,12,0,14,0,13,30,0,43,4,0,4,47
01/23/2018,HXD,SC,ASO,ES,Federal Contract Tower,0,14,14,0,28,0,0,2,0,2,0,14,16,0,30,0,0,0,30
01/24/2018,HXD,SC,ASO,ES,Federal Contract Tower,0,12,23,2,37,0,0,35,0,35,0,12,58,2,72,0,0,0,72
01/25/2018,HXD,SC,ASO,ES,Federal Contract Tower,0,15,21,0,36,0,0,43,0,43,0,15,64,0,79,0,2,2,81
01/26/2018,HXD,SC,ASO,ES,Federal Contract Tower,0,18,14,1,33,0,2,46,2,50,0,20,60,3,83,2,0,2,85
01/27/2018,HXD,SC,ASO,ES,Federal Contract Tower,0,15,17,7,39,0,0,34,0,34,0,15,51,7,73,6,8,14,87
01/28/2018,HXD,SC,ASO,ES,Federal Contract Tower,0,9,13,0,22,0,0,0,0,0,0,9,13,0,22,0,0,0,22
01/30/2018,HXD,SC,ASO,ES,Federal Contract Tower,0,11,10,0,21,0,0,13,0,13,0,11,23,0,34,0,0,0,34
01/31/2018,HXD,SC,ASO,ES,Federal Contract Tower,0,13,10,0,23,0,0,32,0,32,0,13,42,0,55,0,0,0,55
02/01/2018,HXD,SC,ASO,ES,Federal Contract Tower,0,16,26,0,42,0,0,31,0,31,0,16,57,0,73,6,0,6,79
02/03/2018,HXD,SC,ASO,ES,Federal Contract Tower,0,12,10,0,22,0,0,48,0,48,0,12,58,0,70,22,0,22,92
02/04/2018,HXD,SC,ASO,ES,Federal Contract Tower,0,4,8,0,12,0,0,0,0,0,0,4,8,0,12,0,0,0,12
02/05/2018,HXD,SC,ASO,ES,Federal Contract Tower,0,9,10,0,19,0,0,28,0,28,0,9,38,0,47,0,0,0,47
02/06/2018,HXD,SC,ASO,ES,Federal Contract Tower,0,13,20,1,34,0,0,48,1,49,0,13,68,2,83,4,0,4,87
02/07/2018,HXD,SC,ASO,ES,Federal Contract Tower,0,12,9,0,21,0,0,7,0,7,0,12,16,0,28,0,0,0,28
02/08/2018,HXD,SC,ASO,ES,Federal Contract Tower,0,11,29,0,40,0,0,14,0,14,0,11,43,0,54,4,0,4,58
02/09/2018,HXD,SC,ASO,ES,Federal Contract Tower,0,9,22,1,32,0,0,9,0,9,0,9,31,1,41,0,0,0,41
02/10/2018,HXD,SC,ASO,ES,Federal Contract Tower,0,13,19,0,32,0,0,24,0,24,0,13,43,0,56,4,0,4,60
02/11/2018,HXD,SC,ASO,ES,Federal Contract Tower,0,5,15,0,20,0,0,3,0,3,0,5,18,0,23,0,0,0,23
02/12/2018,HXD,SC,ASO,ES,Federal Contract Tower,0,9,18,2,29,0,0,9,0,9,0,9,27,2,38,22,0,22,60
02/13/2018,HXD,SC,ASO,ES,Federal Contract Tower,0,14,15,0,29,0,0,0,0,0,0,14,15,0,29,0,0,0,29
02/14/2018,HXD,SC,ASO,ES,Federal Contract Tower,0,7,25,0,32,0,0,20,0,20,0,7,45,0,52,4,4,8,60
02/15/2018,HXD,SC,ASO,ES,Federal Contract Tower,0,18,45,0,63,0,2,48,0,50,0,20,93,0,113,34,0,34,147
02/16/2018,HXD,SC,ASO,ES,Federal Contract Tower,0,17,32,0,49,0,2,29,0,31,0,19,61,0,80,10,0,10,90
02/17/2018,HXD,SC,ASO,ES,Federal Contract Tower,0,16,22,0,38,0,0,16,0,16,0,16,38,0,54,4,0,4,58
02/18/2018,HXD,SC,ASO,ES,Federal Contract Tower,0,5,44,0,49,0,0,21,0,21,0,5,65,0,70,20,0,20,90
02/19/2018,HXD,SC,ASO,ES,Federal Contract Tower,0,17,32,0,49,0,0,23,0,23,0,17,55,0,72,4,0,4,76
02/21/2018,HXD,SC,ASO,ES,Federal Contract Tower,0,18,24,3,45,0,0,16,1,17,0,18,40,4,62,26,14,40,102
02/22/2018,HXD,SC,ASO,ES,Federal Contract Tower,0,17,27,0,44,0,0,45,0,45,0,17,72,0,89,2,0,2,91
02/23/2018,HXD,SC,ASO,ES,Federal Contract Tower,0,18,35,0,53,0,0,40,0,40,0,18,75,0,93,10,0,10,103
02/24/2018,HXD,SC,ASO,ES,Federal Contract Tower,0,11,18,0,29,0,0,49,0,49,0,11,67,0,78,6,2,8,86
02/25/2018,HXD,SC,ASO,ES,Federal Contract Tower,0,15,18,8,41,0,0,43,0,43,0,15,61,8,84,10,0,10,94
02/26/2018,HXD,SC,ASO,ES,Federal Contract Tower,0,18,20,2,40,0,2,8,0,10,0,20,28,2,50,0,0,0,50
02/27/2018,HXD,SC,ASO,ES,Federal Contract Tower,0,18,32,0,50,0,0,22,1,23,0,18,54,1,73,8,0,8,81
02/28/2018,HXD,SC,ASO,ES,Federal Contract Tower,0,17,26,0,43,0,0,23,3,26,0,17,49,3,69,0,0,0,69
03/01/2018,HXD,SC,ASO,ES,Federal Contract Tower,0,16,17,0,33,0,1,10,0,11,0,17,27,0,44,0,0,0,44
03/02/2018,HXD,SC,ASO,ES,Federal Contract Tower,0,12,26,0,38,0,0,24,0,24,0,12,50,0,62,0,2,2,64
03/03/2018,HXD,SC,ASO,ES,Federal Contract Tower,0,15,29,0,44,0,2,58,0,60,0,17,87,0,104,0,0,0,104
03/04/2018,HXD,SC,ASO,ES,Federal Contract Tower,0,14,35,0,49,0,0,46,0,46,0,14,81,0,95,20,0,20,115
03/05/2018,HXD,SC,ASO,ES,Federal Contract Tower,0,8,28,0,36,0,0,50,0,50,0,8,78,0,86,12,0,12,98
03/06/2018,HXD,SC,ASO,ES,Federal Contract Tower,0,14,16,0,30,0,0,32,0,32,0,14,48,0,62,6,0,6,68
03/07/2018,HXD,SC,ASO,ES,Federal Contract Tower,0,11,14,0,25,0,0,14,0,14,0,11,28,0,39,8,0,8,47
03/08/2018,HXD,SC,ASO,ES,Federal Contract Tower,0,11,25,0,36,0,0,18,0,18,0,11,43,0,54,16,0,16,70
03/09/2018,HXD,SC,ASO,ES,Federal Contract Tower,0,22,30,0,52,0,0,42,0,42,0,22,72,0,94,6,2,8,102
03/10/2018,HXD,SC,ASO,ES,Federal Contract Tower,0,21,28,0,49,0,0,28,0,28,0,21,56,0,77,0,2,2,79
03/11/2018,HXD,SC,ASO,ES,Federal Contract Tower,0,14,30,0,44,0,0,26,0,26,0,14,56,0,70,20,0,20,90
03/13/2018,HXD,SC,ASO,ES,Federal Contract Tower,0,20,18,2,40,0,0,39,0,39,0,20,57,2,79,2,4,6,85
03/14/2018,HXD,SC,ASO,ES,Federal Contract Tower,0,14,18,0,32,0,0,17,0,17,0,14,35,0,49,0,0,0,49
03/15/2018,HXD,SC,ASO,ES,Federal Contract Tower,0,14,26,4,44,0,0,23,0,23,0,14,49,4,67,0,0,0,67
03/16/2018,HXD,SC,ASO,ES,Federal Contract Tower,0,13,35,0,48,0,0,46,4,50,0,13,81,4,98,0,4,4,102
03/17/2018,HXD,SC,ASO,ES,Federal Contract Tower,0,12,29,0,41,0,0,42,3,45,0,12,71,3,86,10,0,10,96
03/18/2018,HXD,SC,ASO,ES,Federal Contract Tower,0,17,48,0,65,0,0,79,2,81,0,17,127,2,146,0,2,2,148
03/19/2018,HXD,SC,ASO,ES,Federal Contract Tower,0,11,15,0,26,0,0,14,0,14,0,11,29,0,40,2,0,2,42
03/21/2018,HXD,SC,ASO,ES,Federal Contract Tower,0,9,28,0,37,0,0,5,0,5,0,9,33,0,42,2,0,2,44
03/22/2018,HXD,SC,ASO,ES,Federal Contract Tower,0,18,18,0,36,0,0,43,0,43,0,18,61,0,79,0,0,0,79
03/23/2018,HXD,SC,ASO,ES,Federal Contract Tower,0,25,36,2,63,0,0,70,0,70,0,25,106,2,133,10,0,10,143
03/24/2018,HXD,SC,ASO,ES,Federal Contract Tower,0,18,23,0,41,0,1,76,0,77,0,19,99,0,118,0,2,2,120
03/25/2018,HXD,SC,ASO,ES,Federal Contract Tower,0,8,36,0,44,0,0,0,0,0,0,8,36,0,44,0,0,0,44
03/26/2018,HXD,SC,ASO,ES,Federal Contract Tower,0,17,32,2,51,0,0,10,0,10,0,17,42,2,61,12,4,16,77
03/27/2018,HXD,SC,ASO,ES,Federal Contract Tower,0,13,18,0,31,0,0,23,0,23,0,13,41,0,54,0,0,0,54
03/28/2018,HXD,SC,ASO,ES,Federal Contract Tower,0,21,27,0,48,0,0,60,0,60,0,21,87,0,108,0,0,0,108
03/29/2018,HXD,SC,ASO,ES,Federal Contract Tower,0,25,36,0,61,0,0,42,0,42,0,25,78,0,103,6,0,6,109
03/30/2018,HXD,SC,ASO,ES,Federal Contract Tower,0,14,27,2,43,0,0,9,0,9,0,14,36,2,52,0,0,0,52
03/31/2018,HXD,SC,ASO,ES,Federal Contract Tower,0,12,27,0,39,0,0,54,0,54,0,12,81,0,93,8,0,8,101
04/01/2018,HXD,SC,ASO,ES,Federal Contract Tower,0,21,28,0,49,0,2,58,0,60,0,23,86,0,109,24,0,24,133
04/02/2018,HXD,SC,ASO,ES,Federal Contract Tower,0,19,41,0,60,0,0,78,0,78,0,19,119,0,138,0,0,0,138
04/03/2018,HXD,SC,ASO,ES,Federal Contract Tower,0,12,23,0,35,0,0,80,0,80,0,12,103,0,115,0,0,0,115
04/04/2018,HXD,SC,ASO,ES,Federal Contract Tower,0,12,30,0,42,0,0,58,0,58,0,12,88,0,100,6,0,6,106
04/05/2018,HXD,SC,ASO,ES,Federal Contract Tower,0,17,37,2,56,0,0,120,0,120,0,17,157,2,176,26,0,26,202
04/06/2018,HXD,SC,ASO,ES,Federal Contract Tower,0,18,35,0,53,0,0,58,0,58,0,18,93,0,111,0,0,0,111
04/07/2018,HXD,SC,ASO,ES,Federal Contract Tower,0,13,17,0,30,0,0,7,0,7,0,13,24,0,37,0,0,0,37
04/08/2018,HXD,SC,ASO,ES,Federal Contract Tower,0,25,51,0,76,0,0,19,0,19,0,25,70,0,95,0,0,0,95
04/09/2018,HXD,SC,ASO,ES,Federal Contract Tower,0,13,23,0,36,0,0,1,0,1,0,13,24,0,37,0,0,0,37
04/10/2018,HXD,SC,ASO,ES,Federal Contract Tower,0,30,30,4,64,0,0,8,0,8,0,30,38,4,72,0,0,0,72
04/11/2018,HXD,SC,ASO,ES,Federal Contract Tower,0,32,47,0,79,0,0,65,0,65,0,32,112,0,144,0,0,0,144
04/12/2018,HXD,SC,ASO,ES,Federal Contract Tower,0,29,45,0,74,0,1,27,0,28,0,30,72,0,102,2,0,2,104
04/13/2018,HXD,SC,ASO,ES,Federal Contract Tower,0,32,53,0,85,0,0,46,3,49,0,32,99,3,134,4,0,4,138
04/14/2018,HXD,SC,ASO,ES,Federal Contract Tower,0,22,40,0,62,0,0,50,0,50,0,22,90,0,112,4,6,10,122
04/15/2018,HXD,SC,ASO,ES,Federal Contract Tower,0,34,27,0,61,0,0,0,0,0,0,34,27,0,61,0,0,0,61
04/16/2018,HXD,SC,ASO,ES,Federal Contract Tower,0,32,39,0,71,0,1,20,0,21,0,33,59,0,92,0,0,0,92
04/17/2018,HXD,SC,ASO,ES,Federal Contract Tower,0,16,35,0,51,0,0,60,0,60,0,16,95,0,111,2,0,2,113
04/18/2018,HXD,SC,ASO,ES,Federal Contract Tower,0,16,22,0,38,0,0,57,0,57,0,16,79,0,95,0,0,0,95
04/19/2018,HXD,SC,ASO,ES,Federal Contract Tower,0,13,39,2,54,0,0,23,0,23,0,13,62,2,77,2,2,4,81
04/20/2018,HXD,SC,ASO,ES,Federal Contract Tower,0,17,51,0,68,0,0,32,0,32,0,17,83,0,100,0,0,0,100
04/21/2018,HXD,SC,ASO,ES,Federal Contract Tower,0,14,26,0,40,0,1,27,0,28,0,15,53,0,68,0,0,0,68
04/22/2018,HXD,SC,ASO,ES,Federal Contract Tower,0,15,43,0,58,0,0,27,0,27,0,15,70,0,85,0,0,0,85
04/23/2018,HXD,SC,ASO,ES,Federal Contract Tower,0,3,11,0,14,0,0,0,0,0,0,3,11,0,14,0,0,0,14
04/24/2018,HXD,SC,ASO,ES,Federal Contract Tower,0,15,20,0,35,0,0,23,0,23,0,15,43,0,58,16,2,18,76
04/25/2018,HXD,SC,ASO,ES,Federal Contract Tower,0,17,25,0,42,0,0,44,0,44,0,17,69,0,86,18,0,18,104
04/26/2018,HXD,SC,ASO,ES,Federal Contract Tower,0,21,46,0,67,0,0,37,0,37,0,21,83,0,104,0,0,0,104
04/27/2018,HXD,SC,ASO,ES,Federal Contract Tower,0,13,24,0,37,0,4,32,0,36,0,17,56,0,73,14,2,16,89
04/28/2018,HXD,SC,ASO,ES,Federal Contract Tower,0,15,30,0,45,0,0,51,0,51,0,15,81,0,96,4,0,4,100
04/29/2018,HXD,SC,ASO,ES,Federal Contract Tower,0,12,35,0,47,0,1,61,0,62,0,13,96,0,109,16,4,20,129
04/30/2018,HXD,SC,ASO,ES,Federal Contract Tower,0,26,23,0,49,0,0,42,0,42,0,26,65,0,91,6,0,6,97
05/01/2018,HXD,SC,ASO,ES,Federal Contract Tower,0,15,17,0,32,0,0,46,0,46,0,15,63,0,78,8,0,8,86
05/02/2018,HXD,SC,ASO,ES,Federal Contract Tower,0,13,17,0,30,0,0,51,2,53,0,13,68,2,83,2,0,2,85
05/03/2018,HXD,SC,ASO,ES,Federal Contract Tower,0,15,35,0,50,0,0,35,0,35,0,15,70,0,85,0,0,0,85
05/04/2018,HXD,SC,ASO,ES,Federal Contract Tower,0,19,32,0,51,0,0,41,0,41,0,19,73,0,92,0,0,0,92
05/05/2018,HXD,SC,ASO,ES,Federal Contract Tower,0,18,22,2,42,0,0,52,0,52,0,18,74,2,94,0,6,6,100
05/06/2018,HXD,SC,ASO,ES,Federal Contract Tower,0,12,25,0,37,0,0,31,0,31,0,12,56,0,68,0,0,0,68
05/07/2018,HXD,SC,ASO,ES,Federal Contract Tower,0,10,18,2,30,0,0,40,0,40,0,10,58,2,70,14,0,14,84
05/08/2018,HXD,SC,ASO,ES,Federal Contract Tower,0,13,17,0,30,0,0,45,0,45,0,13,62,0,75,6,14,20,95
05/09/2018,HXD,SC,ASO,ES,Federal Contract Tower,0,9,28,0,37,0,0,37,0,37,0,9,65,0,74,10,0,10,84
05/10/2018,HXD,SC,ASO,ES,Federal Contract Tower,0,19,34,0,53,0,1,32,0,33,0,20,66,0,86,6,2,8,94
05/11/2018,HXD,SC,ASO,ES,Federal Contract Tower,0,13,35,0,48,0,0,55,0,55,0,13,90,0,103,0,0,0,103
05/12/2018,HXD,SC,ASO,ES,Federal Contract Tower,0,14,25,4,43,0,0,49,0,49,0,14,74,4,92,0,0,0,92
05/13/2018,HXD,SC,ASO,ES,Federal Contract Tower,0,9,34,0,43,0,0,68,0,68,0,9,102,0,111,0,0,0,111
05/14/2018,HXD,SC,ASO,ES,Federal Contract Tower,0,20,27,0,47,0,0,32,0,32,0,20,59,0,79,0,0,0,79
05/15/2018,HXD,SC,ASO,ES,Federal Contract Tower,0,12,11,0,23,0,1,0,0,1,0,13,11,0,24,0,0,0,24
05/16/2018,HXD,SC,ASO,ES,Federal Contract Tower,0,15,22,4,41,0,0,9,0,9,0,15,31,4,50,6,0,6,56
05/17/2018,HXD,SC,ASO,ES,Federal Contract Tower,0,17,14,0,31,0,2,10,0,12,0,19,24,0,43,0,0,0,43
05/18/2018,HXD,SC,ASO,ES,Federal Contract Tower,0,6,25,0,31,0,0,8,0,8,0,6,33,0,39,0,0,0,39
05/19/2018,HXD,SC,ASO,ES,Federal Contract Tower,0,11,21,0,32,0,1,29,0,30,0,12,50,0,62,0,0,0,62
05/20/2018,HXD,SC,ASO,ES,Federal Contract Tower,0,19,25,0,44,0,0,12,0,12,0,19,37,0,56,14,0,14,70
05/21/2018,HXD,SC,ASO,ES,Federal Contract Tower,0,11,20,0,31,0,0,36,0,36,0,11,56,0,67,12,0,12,79
05/22/2018,HXD,SC,ASO,ES,Federal Contract Tower,0,13,19,0,32,0,0,40,0,40,0,13,59,0,72,0,0,0,72
05/23/2018,HXD,SC,ASO,ES,Federal Contract Tower,0,14,24,0,38,0,2,36,0,38,0,16,60,0,76,2,0,2,78
05/24/2018,HXD,SC,ASO,ES,Federal Contract Tower,0,14,36,0,50,0,0,28,0,28,0,14,64,0,78,0,0,0,78
05/25/2018,HXD,SC,ASO,ES,Federal Contract Tower,0,30,39,0,69,0,0,20,0,20,0,30,59,0,89,0,0,0,89
05/26/2018,HXD,SC,ASO,ES,Federal Contract Tower,0,12,21,0,33,0,0,25,0,25,0,12,46,0,58,0,0,0,58
05/27/2018,HXD,SC,ASO,ES,Federal Contract Tower,0,10,17,0,27,0,0,12,0,12,0,10,29,0,39,0,0,0,39
05/28/2018,HXD,SC,ASO,ES,Federal Contract Tower,0,4,28,0,32,0,0,8,0,8,0,4,36,0,40,0,2,2,42
05/29/2018,HXD,SC,ASO,ES,Federal Contract Tower,0,10,19,2,31,0,0,39,0,39,0,10,58,2,70,8,2,10,80
05/30/2018,HXD,SC,ASO,ES,Federal Contract Tower,0,17,38,0,55,0,0,16,0,16,0,17,54,0,71,8,0,8,79
05/31/2018,HXD,SC,ASO,ES,Federal Contract Tower,0,13,29,0,42,0,0,18,0,18,0,13,47,0,60,0,0,0,60
06/01/2018,HXD,SC,ASO,ES,Federal Contract Tower,0,14,25,0,39,0,2,26,2,30,0,16,51,2,69,24,0,24,93
06/02/2018,HXD,SC,ASO,ES,Federal Contract Tower,0,17,30,0,47,0,0,41,0,41,0,17,71,0,88,6,0,6,94
06/03/2018,HXD,SC,ASO,ES,Federal Contract Tower,0,14,37,0,51,0,0,16,0,16,0,14,53,0,67,4,0,4,71
06/04/2018,HXD,SC,ASO,ES,Federal Contract Tower,0,13,21,0,34,0,0,42,0,42,0,13,63,0,76,0,0,0,76
06/05/2018,HXD,SC,ASO,ES,Federal Contract Tower,0,13,20,0,33,0,0,38,0,38,0,13,58,0,71,20,0,20,91
06/06/2018,HXD,SC,ASO,ES,Federal Contract Tower,0,19,33,1,53,0,0,49,1,50,0,19,82,2,103,28,0,28,131
06/07/2018,HXD,SC,ASO,ES,Federal Contract Tower,0,11,26,0,37,0,0,37,0,37,0,11,63,0,74,0,0,0,74
06/08/2018,HXD,SC,ASO,ES,Federal Contract Tower,0,15,31,0,46,0,0,6,0,6,0,15,37,0,52,0,0,0,52
06/09/2018,HXD,SC,ASO,ES,Federal Contract Tower,0,15,39,0,54,0,0,8,0,8,0,15,47,0,62,2,0,2,64
06/10/2018,HXD,SC,ASO,ES,Federal Contract Tower,0,15,48,0,63,0,0,26,0,26,0,15,74,0,89,18,0,18,107
06/11/2018,HXD,SC,ASO,ES,Federal Contract Tower,0,11,24,2,37,0,0,53,0,53,0,11,77,2,90,0,4,4,94
06/12/2018,HXD,SC,ASO,ES,Federal Contract Tower,0,13,23,0,36,0,0,35,0,35,0,13,58,0,71,14,0,14,85
06/13/2018,HXD,SC,ASO,ES,Federal Contract Tower,0,15,39,0,54,0,4,38,0,42,0,19,77,0,96,12,2,14,110
06/14/2018,HXD,SC,ASO,ES,Federal Contract Tower,0,12,38,0,50,0,0,46,0,46,0,12,84,0,96,4,0,4,100
06/15/2018,HXD,SC,ASO,ES,Federal Contract Tower,0,17,31,0,48,0,0,36,0,36,0,17,67,0,84,0,0,0,84
06/16/2018,HXD,SC,ASO,ES,Federal Contract Tower,0,15,28,0,43,0,2,56,0,58,0,17,84,0,101,0,0,0,101
06/17/2018,HXD,SC,ASO,ES,Federal Contract Tower,0,13,41,0,54,0,0,35,0,35,0,13,76,0,89,0,0,0,89
06/18/2018,HXD,SC,ASO,ES,Federal Contract Tower,0,15,38,0,53,0,0,60,0,60,0,15,98,0,113,0,0,0,113
06/19/2018,HXD,SC,ASO,ES,Federal Contract Tower,0,12,23,0,35,0,0,44,0,44,0,12,67,0,79,0,0,0,79
06/20/2018,HXD,SC,ASO,ES,Federal Contract Tower,0,6,19,0,25,0,0,58,0,58,0,6,77,0,83,0,0,0,83
06/21/2018,HXD,SC,ASO,ES,Federal Contract Tower,0,16,21,0,37,0,0,19,0,19,0,16,40,0,56,4,0,4,60
06/22/2018,HXD,SC,ASO,ES,Federal Contract Tower,0,13,26,0,39,0,1,61,0,62,0,14,87,0,101,14,0,14,115
06/23/2018,HXD,SC,ASO,ES,Federal Contract Tower,0,12,28,0,40,0,0,52,0,52,0,12,80,0,92,0,0,0,92
06/24/2018,HXD,SC,ASO,ES,Federal Contract Tower,0,16,26,0,42,0,0,54,0,54,0,16,80,0,96,4,0,4,100
06/25/2018,HXD,SC,ASO,ES,Federal Contract Tower,0,7,22,0,29,0,0,27,0,27,0,7,49,0,56,14,0,14,70
06/26/2018,HXD,SC,ASO,ES,Federal Contract Tower,0,8,23,0,31,0,0,48,0,48,0,8,71,0,79,4,0,4,83
06/27/2018,HXD,SC,ASO,ES,Federal Contract Tower,0,8,11,4,23,0,0,47,0,47,0,8,58,4,70,0,4,4,74
06/28/2018,HXD,SC,ASO,ES,Federal Contract Tower,0,10,27,3,40,0,0,56,0,56,0,10,83,3,96,8,0,8,104
06/29/2018,HXD,SC,ASO,ES,Federal Contract Tower,0,16,28,0,44,0,0,44,0,44,0,16,72,0,88,0,0,0,88
06/30/2018,HXD,SC,ASO,ES,Federal Contract Tower,0,21,23,0,44,0,0,23,0,23,0,21,46,0,67,0,2,2,69
07/01/2018,HXD,SC,ASO,ES,Federal Contract Tower,0,23,26,0,49,0,0,40,0,40,0,23,66,0,89,6,0,6,95
07/02/2018,HXD,SC,ASO,ES,Federal Contract Tower,0,19,25,2,46,0,0,44,0,44,0,19,69,2,90,0,0,0,90
07/03/2018,HXD,SC,ASO,ES,Federal Contract Tower,0,16,29,0,45,0,0,59,0,59,0,16,88,0,104,4,0,4,108
07/04/2018,HXD,SC,ASO,ES,Federal Contract Tower,0,5,8,0,13,0,0,40,0,40,0,5,48,0,53,6,0,6,59
07/05/2018,HXD,SC,ASO,ES,Federal Contract Tower,5,7,27,0,39,0,2,65,0,67,5,9,92,0,106,2,0,2,108
07/06/2018,HXD,SC,ASO,ES,Federal Contract Tower,4,12,33,0,49,0,0,49,0,49,4,12,82,0,98,0,0,0,98
07/07/2018,HXD,SC,ASO,ES,Federal Contract Tower,6,22,46,0,74,0,0,0,0,0,6,22,46,0,74,0,0,0,74
07/08/2018,HXD,SC,ASO,ES,Federal Contract Tower,6,19,49,0,74,0,0,37,0,37,6,19,86,0,111,16,0,16,127
07/09/2018,HXD,SC,ASO,ES,Federal Contract Tower,6,15,14,0,35,0,2,47,0,49,6,17,61,0,84,0,0,0,84
07/10/2018,HXD,SC,ASO,ES,Federal Contract Tower,6,14,18,0,38,0,0,51,0,51,6,14,69,0,89,4,0,4,93
07/11/2018,HXD,SC,ASO,ES,Federal Contract Tower,6,11,23,0,40,0,1,76,0,77,6,12,99,0,117,12,0,12,129
07/12/2018,HXD,SC,ASO,ES,Federal Contract Tower,5,17,24,0,46,0,0,72,0,72,5,17,96,0,118,0,0,0,118
07/13/2018,HXD,SC,ASO,ES,Federal Contract Tower,6,9,31,0,46,0,1,40,0,41,6,10,71,0,87,14,0,14,101
07/14/2018,HXD,SC,ASO,ES,Federal Contract Tower,6,19,31,1,57,0,0,55,3,58,6,19,86,4,115,6,0,6,121
07/15/2018,HXD,SC,ASO,ES,Federal Contract Tower,6,7,33,0,46,0,0,44,0,44,6,7,77,0,90,0,0,0,90
07/16/2018,HXD,SC,ASO,ES,Federal Contract Tower,4,6,29,0,39,0,0,8,0,8,4,6,37,0,47,0,4,4,51
07/17/2018,HXD,SC,ASO,ES,Federal Contract Tower,6,6,27,0,39,0,0,29,0,29,6,6,56,0,68,0,22,22,90
07/18/2018,HXD,SC,ASO,ES,Federal Contract Tower,6,7,31,0,44,0,0,70,0,70,6,7,101,0,114,0,0,0,114
07/19/2018,HXD,SC,ASO,ES,Federal Contract Tower,5,14,30,4,53,0,0,10,2,12,5,14,40,6,65,4,0,4,69
07/20/2018,HXD,SC,ASO,ES,Federal Contract Tower,6,10,31,0,47,0,0,22,0,22,6,10,53,0,69,0,0,0,69
07/21/2018,HXD,SC,ASO,ES,Federal Contract Tower,6,11,30,1,48,0,0,50,0,50,6,11,80,1,98,0,0,0,98
07/22/2018,HXD,SC,ASO,ES,Federal Contract Tower,6,8,28,1,43,0,0,33,0,33,6,8,61,1,76,18,0,18,94
07/23/2018,HXD,SC,ASO,ES,Federal Contract Tower,5,3,23,0,31,0,0,52,0,52,5,3,75,0,83,2,2,4,87
07/24/2018,HXD,SC,ASO,ES,Federal Contract Tower,6,6,26,0,38,0,2,46,0,48,6,8,72,0,86,4,0,4,90
07/25/2018,HXD,SC,ASO,ES,Federal Contract Tower,6,12,18,0,36,0,1,33,0,34,6,13,51,0,70,10,0,10,80
07/27/2018,HXD,SC,ASO,ES,Federal Contract Tower,5,12,31,0,48,0,1,27,0,28,5,13,58,0,76,0,0,0,76
07/28/2018,HXD,SC,ASO,ES,Federal Contract Tower,6,12,25,0,43,0,0,48,0,48,6,12,73,0,91,2,0,2,93
07/29/2018,HXD,SC,ASO,ES,Federal Contract Tower,5,11,20,0,36,0,0,23,0,23,5,11,43,0,59,0,0,0,59
07/30/2018,HXD,SC,ASO,ES,Federal Contract Tower,6,3,22,0,31,0,0,37,0,37,6,3,59,0,68,2,0,2,70
07/31/2018,HXD,SC,ASO,ES,Federal Contract Tower,6,4,6,0,16,0,0,48,0,48,6,4,54,0,64,20,0,20,84
08/01/2018,HXD,SC,ASO,ES,Federal Contract Tower,6,8,18,6,38,0,0,40,0,40,6,8,58,6,78,16,2,18,96
08/02/2018,HXD,SC,ASO,ES,Federal Contract Tower,6,10,20,0,36,0,0,42,0,42,6,10,62,0,78,6,0,6,84
08/03/2018,HXD,SC,ASO,ES,Federal Contract Tower,6,9,27,0,42,0,0,40,0,40,6,9,67,0,82,0,0,0,82
08/04/2018,HXD,SC,ASO,ES,Federal Contract Tower,5,16,20,2,43,0,0,47,0,47,5,16,67,2,90,34,0,34,124
08/05/2018,HXD,SC,ASO,ES,Federal Contract Tower,6,15,39,2,62,0,2,57,0,59,6,17,96,2,121,4,0,4,125
08/06/2018,HXD,SC,ASO,ES,Federal Contract Tower,6,10,15,0,31,0,0,20,0,20,6,10,35,0,51,2,0,2,53
08/07/2018,HXD,SC,ASO,ES,Federal Contract Tower,6,7,25,0,38,0,0,57,0,57,6,7,82,0,95,2,0,2,97
08/08/2018,HXD,SC,ASO,ES,Federal Contract Tower,6,6,21,0,33,0,0,37,0,37,6,6,58,0,70,12,0,12,82
08/09/2018,HXD,SC,ASO,ES,Federal Contract Tower,4,8,26,0,38,0,0,51,0,51,4,8,77,0,89,10,0,10,99
08/10/2018,HXD,SC,ASO,ES,Federal Contract Tower,7,11,28,0,46,0,0,40,0,40,7,11,68,0,86,0,0,0,86
08/11/2018,HXD,SC,ASO,ES,Federal Contract Tower,6,17,26,0,49,0,1,50,0,51,6,18,76,0,100,0,0,0,100
08/12/2018,HXD,SC,ASO,ES,Federal Contract Tower,8,2,27,0,37,0,0,47,0,47,8,2,74,0,84,12,18,30,114
08/13/2018,HXD,SC,ASO,ES,Federal Contract Tower,6,4,21,0,31,0,0,40,0,40,6,4,61,0,71,4,0,4,75
08/14/2018,HXD,SC,ASO,ES,Federal Contract Tower,6,5,20,0,31,0,0,47,0,47,6,5,67,0,78,4,0,4,82
08/15/2018,HXD,SC,ASO,ES,Federal Contract Tower,6,8,17,2,33,0,0,30,0,30,6,8,47,2,63,0,0,0,63
08/16/2018,HXD,SC,ASO,ES,Federal Contract Tower,6,9,19,0,34,0,0,41,2,43,6,9,60,2,77,0,0,0,77
08/17/2018,HXD,SC,ASO,ES,Federal Contract Tower,6,8,31,0,45,0,0,46,0,46,6,8,77,0,91,2,0,2,93
08/18/2018,HXD,SC,ASO,ES,Federal Contract Tower,6,9,20,0,35,0,0,48,0,48,6,9,68,0,83,4,14,18,101
08/19/2018,HXD,SC,ASO,ES,Federal Contract Tower,5,13,20,0,38,0,0,43,0,43,5,13,63,0,81,0,8,8,89
08/20/2018,HXD,SC,ASO,ES,Federal Contract Tower,7,9,8,0,24,0,0,21,0,21,7,9,29,0,45,2,0,2,47
08/21/2018,HXD,SC,ASO,ES,Federal Contract Tower,6,1,13,0,20,0,0,39,0,39,6,1,52,0,59,0,0,0,59
08/22/2018,HXD,SC,ASO,ES,Federal Contract Tower,6,9,30,2,47,0,0,45,1,46,6,9,75,3,93,0,8,8,101
08/23/2018,HXD,SC,ASO,ES,Federal Contract Tower,6,7,18,0,31,0,2,41,0,43,6,9,59,0,74,2,0,2,76
08/24/2018,HXD,SC,ASO,ES,Federal Contract Tower,6,11,18,0,35,0,0,46,0,46,6,11,64,0,81,0,0,0,81
08/25/2018,HXD,SC,ASO,ES,Federal Contract Tower,6,6,23,0,35,0,0,21,0,21,6,6,44,0,56,14,0,14,70
08/26/2018,HXD,SC,ASO,ES,Federal Contract Tower,6,10,19,0,35,0,0,48,0,48,6,10,67,0,83,12,0,12,95
08/27/2018,HXD,SC,ASO,ES,Federal Contract Tower,6,9,15,2,32,0,0,29,1,30,6,9,44,3,62,2,0,2,64
08/28/2018,HXD,SC,ASO,ES,Federal Contract Tower,6,11,20,0,37,0,0,14,0,14,6,11,34,0,51,0,0,0,51
08/29/2018,HXD,SC,ASO,ES,Federal Contract Tower,4,21,13,1,39,0,0,36,1,37,4,21,49,2,76,4,0,4,80
08/30/2018,HXD,SC,ASO,ES,Federal Contract Tower,5,12,30,0,47,0,2,45,0,47,5,14,75,0,94,6,0,6,100
08/31/2018,HXD,SC,ASO,ES,Federal Contract Tower,5,18,32,0,55,0,1,55,0,56,5,19,87,0,111,0,2,2,113
09/01/2018,HXD,SC,ASO,ES,Federal Contract Tower,6,5,18,0,29,0,1,35,0,36,6,6,53,0,65,2,0,2,67
09/02/2018,HXD,SC,ASO,ES,Federal Contract Tower,4,3,15,0,22,0,0,31,0,31,4,3,46,0,53,0,8,8,61
09/03/2018,HXD,SC,ASO,ES,Federal Contract Tower,6,23,32,0,61,0,0,27,0,27,6,23,59,0,88,0,2,2,90
09/04/2018,HXD,SC,ASO,ES,Federal Contract Tower,6,4,20,0,30,0,0,32,2,34,6,4,52,2,64,2,0,2,66
09/05/2018,HXD,SC,ASO,ES,Federal Contract Tower,6,4,14,0,24,0,0,35,2,37,6,4,49,2,61,6,0,6,67
09/06/2018,HXD,SC,ASO,ES,Federal Contract Tower,6,9,21,0,36,0,0,29,0,29,6,9,50,0,65,6,0,6,71
09/07/2018,HXD,SC,ASO,ES,Federal Contract Tower,6,4,17,0,27,0,0,39,0,39,6,4,56,0,66,2,0,2,68
09/08/2018,HXD,SC,ASO,ES,Federal Contract Tower,6,3,20,0,29,0,0,39,0,39,6,3,59,0,68,6,2,8,76
09/09/2018,HXD,SC,ASO,ES,Federal Contract Tower,6,6,18,0,30,0,0,28,0,28,6,6,46,0,58,4,0,4,62
09/10/2018,HXD,SC,ASO,ES,Federal Contract Tower,6,9,18,2,35,0,0,22,0,22,6,9,40,2,57,5,0,5,62
09/11/2018,HXD,SC,ASO,ES,Federal Contract Tower,3,15,35,0,53,0,0,4,0,4,3,15,39,0,57,0,0,0,57
09/12/2018,HXD,SC,ASO,ES,Federal Contract Tower,3,2,13,0,18,0,0,3,0,3,3,2,16,0,21,0,0,0,21
09/13/2018,HXD,SC,ASO,ES,Federal Contract Tower,4,3,7,0,14,0,0,1,0,1,4,3,8,0,15,0,0,0,15
09/14/2018,HXD,SC,ASO,ES,Federal Contract Tower,2,2,6,0,10,0,0,3,0,3,2,2,9,0,13,0,0,0,13
09/15/2018,HXD,SC,ASO,ES,Federal Contract Tower,0,0,0,0,0,0,0,1,0,1,0,0,1,0,1,0,0,0,1
09/16/2018,HXD,SC,ASO,ES,Federal Contract Tower,3,4,14,0,21,0,0,5,2,7,3,4,19,2,28,0,0,0,28
09/17/2018,HXD,SC,ASO,ES,Federal Contract Tower,5,9,16,0,30,0,0,5,0,5,5,9,21,0,35,3,0,3,38
09/18/2018,HXD,SC,ASO,ES,Federal Contract Tower,6,5,15,0,26,0,1,18,0,19,6,6,33,0,45,2,0,2,47
09/19/2018,HXD,SC,ASO,ES,Federal Contract Tower,5,9,20,0,34,0,1,57,1,59,5,10,77,1,93,2,0,2,95
09/20/2018,HXD,SC,ASO,ES,Federal Contract Tower,6,10,31,2,49,0,6,35,0,41,6,16,66,2,90,8,2,10,100
09/21/2018,HXD,SC,ASO,ES,Federal Contract Tower,6,14,30,0,50,0,0,39,0,39,6,14,69,0,89,8,0,8,97
09/22/2018,HXD,SC,ASO,ES,Federal Contract Tower,5,4,22,0,31,0,0,50,2,52,5,4,72,2,83,4,8,12,95
09/23/2018,HXD,SC,ASO,ES,Federal Contract Tower,5,10,48,0,63,0,0,17,0,17,5,10,65,0,80,0,0,0,80
09/24/2018,HXD,SC,ASO,ES,Federal Contract Tower,5,4,17,0,26,0,2,33,0,35,5,6,50,0,61,0,0,0,61
09/25/2018,HXD,SC,ASO,ES,Federal Contract Tower,5,9,15,1,30,0,0,27,2,29,5,9,42,3,59,14,0,14,73
09/26/2018,HXD,SC,ASO,ES,Federal Contract Tower,5,5,31,0,41,0,0,46,0,46,5,5,77,0,87,6,0,6,93
09/27/2018,HXD,SC,ASO,ES,Federal Contract Tower,6,16,18,1,41,0,1,32,0,33,6,17,50,1,74,16,0,16,90
09/28/2018,HXD,SC,ASO,ES,Federal Contract Tower,6,7,25,0,38,0,1,28,1,30,6,8,53,1,68,0,0,0,68
09/29/2018,HXD,SC,ASO,ES,Federal Contract Tower,6,5,20,1,32,0,0,13,1,14,6,5,33,2,46,8,0,8,54
09/30/2018,HXD,SC,ASO,ES,Federal Contract Tower,6,8,35,0,49,0,0,25,0,25,6,8,60,0,74,6,0,6,80
10/01/2018,HXD,SC,ASO,ES,Federal Contract Tower,6,7,29,0,42,0,0,28,0,28,6,7,57,0,70,0,6,6,76
10/02/2018,HXD,SC,ASO,ES,Federal Contract Tower,6,9,24,0,39,0,1,22,2,25,6,10,46,2,64,4,0,4,68
10/03/2018,HXD,SC,ASO,ES,Federal Contract Tower,5,5,14,0,24,0,0,17,2,19,5,5,31,2,43,8,2,10,53
10/04/2018,HXD,SC,ASO,ES,Federal Contract Tower,6,10,35,0,51,0,2,55,0,57,6,12,90,0,108,0,4,4,112
10/05/2018,HXD,SC,ASO,ES,Federal Contract Tower,6,13,30,0,49,0,1,46,0,47,6,14,76,0,96,2,0,2,98
10/06/2018,HXD,SC,ASO,ES,Federal Contract Tower,6,6,19,0,31,0,1,40,0,41,6,7,59,0,72,4,0,4,76
10/07/2018,HXD,SC,ASO,ES,Federal Contract Tower,6,18,33,0,57,0,0,35,0,35,6,18,68,0,92,0,0,0,92
10/08/2018,HXD,SC,ASO,ES,Federal Contract Tower,6,13,23,0,42,0,0,18,0,18,6,13,41,0,60,10,8,18,78
10/09/2018,HXD,SC,ASO,ES,Federal Contract Tower,6,13,19,0,38,0,1,10,0,11,6,14,29,0,49,0,0,0,49
10/10/2018,HXD,SC,ASO,ES,Federal Contract Tower,7,3,18,0,28,0,0,10,0,10,7,3,28,0,38,0,0,0,38
10/11/2018,HXD,SC,ASO,ES,Federal Contract Tower,0,5,7,0,12,0,0,0,0,0,0,5,7,0,12,0,0,0,12
10/12/2018,HXD,SC,ASO,ES,Federal Contract Tower,5,13,50,0,68,0,0,40,0,40,5,13,90,0,108,4,0,4,112
10/13/2018,HXD,SC,ASO,ES,Federal Contract Tower,6,9,23,0,38,0,0,56,0,56,6,9,79,0,94,8,0,8,102
10/14/2018,HXD,SC,ASO,ES,Federal Contract Tower,6,26,43,0,75,0,0,46,0,46,6,26,89,0,121,10,0,10,131
10/15/2018,HXD,SC,ASO,ES,Federal Contract Tower,6,3,37,0,46,0,2,37,2,41,6,5,74,2,87,16,18,34,121
10/16/2018,HXD,SC,ASO,ES,Federal Contract Tower,6,9,26,0,41,0,0,31,0,31,6,9,57,0,72,38,0,38,110
10/17/2018,HXD,SC,ASO,ES,Federal Contract Tower,6,12,23,0,41,0,1,19,2,22,6,13,42,2,63,0,18,18,81
10/18/2018,HXD,SC,ASO,ES,Federal Contract Tower,6,20,36,0,62,0,0,28,2,30,6,20,64,2,92,0,0,0,92
10/19/2018,HXD,SC,ASO,ES,Federal Contract Tower,6,19,49,1,75,0,0,60,0,60,6,19,109,1,135,8,6,14,149
10/20/2018,HXD,SC,ASO,ES,Federal Contract Tower,6,8,16,0,30,0,2,26,0,28,6,10,42,0,58,6,0,6,64
10/21/2018,HXD,SC,ASO,ES,Federal Contract Tower,6,22,40,0,68,0,0,38,0,38,6,22,78,0,106,6,0,6,112
10/22/2018,HXD,SC,ASO,ES,Federal Contract Tower,6,10,26,0,42,0,0,29,0,29,6,10,55,0,71,6,0,6,77
10/23/2018,HXD,SC,ASO,ES,Federal Contract Tower,6,8,29,0,43,0,0,31,0,31,6,8,60,0,74,11,0,11,85
10/24/2018,HXD,SC,ASO,ES,Federal Contract Tower,6,15,27,0,48,0,0,32,0,32,6,15,59,0,80,0,0,0,80
10/25/2018,HXD,SC,ASO,ES,Federal Contract Tower,6,5,51,0,62,0,0,34,2,36,6,5,85,2,98,10,0,10,108
10/26/2018,HXD,SC,ASO,ES,Federal Contract Tower,8,9,16,0,33,0,0,11,0,11,8,9,27,0,44,10,0,10,54
10/27/2018,HXD,SC,ASO,ES,Federal Contract Tower,6,8,26,0,40,0,0,25,0,25,6,8,51,0,65,0,0,0,65
10/28/2018,HXD,SC,ASO,ES,Federal Contract Tower,6,10,29,0,45,0,2,39,0,41,6,12,68,0,86,10,0,10,96
10/29/2018,HXD,SC,ASO,ES,Federal Contract Tower,6,6,17,0,29,0,0,26,6,32,6,6,43,6,61,0,0,0,61
10/30/2018,HXD,SC,ASO,ES,Federal Contract Tower,6,6,28,0,40,0,0,24,0,24,6,6,52,0,64,4,2,6,70
10/31/2018,HXD,SC,ASO,ES,Federal Contract Tower,6,7,27,0,40,0,1,36,2,39,6,8,63,2,79,0,6,6,85
11/01/2018,HXD,SC,ASO,ES,Federal Contract Tower,6,13,30,0,49,0,2,26,0,28,6,15,56,0,77,0,0,0,77
11/02/2018,HXD,SC,ASO,ES,Federal Contract Tower,6,10,35,0,51,0,0,29,0,29,6,10,64,0,80,2,4,6,86
11/03/2018,HXD,SC,ASO,ES,Federal Contract Tower,6,11,23,0,40,0,2,79,0,81,6,13,102,0,121,6,0,6,127
11/04/2018,HXD,SC,ASO,ES,Federal Contract Tower,6,17,47,5,75,0,1,68,0,69,6,18,115,5,144,4,2,6,150
11/05/2018,HXD,SC,ASO,ES,Federal Contract Tower,6,5,21,0,32,0,0,6,0,6,6,5,27,0,38,0,0,0,38
11/06/2018,HXD,SC,ASO,ES,Federal Contract Tower,6,6,20,0,32,0,0,21,0,21,6,6,41,0,53,4,0,4,57
11/07/2018,HXD,SC,ASO,ES,Federal Contract Tower,6,9,44,0,59,0,0,7,0,7,6,9,51,0,66,0,0,0,66
11/08/2018,HXD,SC,ASO,ES,Federal Contract Tower,6,15,23,0,44,0,0,0,0,0,6,15,23,0,44,0,0,0,44
11/09/2018,HXD,SC,ASO,ES,Federal Contract Tower,6,9,23,0,38,0,0,14,0,14,6,9,37,0,52,4,0,4,56
11/10/2018,HXD,SC,ASO,ES,Federal Contract Tower,6,2,17,0,25,0,0,22,0,22,6,2,39,0,47,0,0,0,47
11/11/2018,HXD,SC,ASO,ES,Federal Contract Tower,6,13,32,0,51,0,0,57,0,57,6,13,89,0,108,2,8,10,118
11/12/2018,HXD,SC,ASO,ES,Federal Contract Tower,5,8,20,0,33,0,0,0,0,0,5,8,20,0,33,0,0,0,33
11/13/2018,HXD,SC,ASO,ES,Federal Contract Tower,6,6,19,2,33,0,0,0,0,0,6,6,19,2,33,0,0,0,33
11/14/2018,HXD,SC,ASO,ES,Federal Contract Tower,7,8,27,0,42,0,0,1,0,1,7,8,28,0,43,0,0,0,43
11/15/2018,HXD,SC,ASO,ES,Federal Contract Tower,6,10,27,0,43,0,0,1,2,3,6,10,28,2,46,0,0,0,46
11/16/2018,HXD,SC,ASO,ES,Federal Contract Tower,6,11,37,2,56,0,0,41,0,41,6,11,78,2,97,22,0,22,119
11/17/2018,HXD,SC,ASO,ES,Federal Contract Tower,6,11,20,2,39,0,0,48,0,48,6,11,68,2,87,0,0,0,87
11/18/2018,HXD,SC,ASO,ES,Federal Contract Tower,6,10,26,0,42,0,0,22,2,24,6,10,48,2,66,0,0,0,66
11/19/2018,HXD,SC,ASO,ES,Federal Contract Tower,8,13,20,0,41,0,0,29,0,29,8,13,49,0,70,0,0,0,70
11/20/2018,HXD,SC,ASO,ES,Federal Contract Tower,6,10,19,0,35,0,0,40,2,42,6,10,59,2,77,4,2,6,83
11/21/2018,HXD,SC,ASO,ES,Federal Contract Tower,6,11,45,0,62,0,0,47,0,47,6,11,92,0,109,4,0,4,113
11/22/2018,HXD,SC,ASO,ES,Federal Contract Tower,4,4,8,0,16,0,0,11,0,11,4,4,19,0,27,0,0,0,27
11/23/2018,HXD,SC,ASO,ES,Federal Contract Tower,4,13,21,0,38,0,0,9,0,9,4,13,30,0,47,0,0,0,47
11/24/2018,HXD,SC,ASO,ES,Federal Contract Tower,7,12,23,0,42,0,0,18,0,18,7,12,41,0,60,0,0,0,60
11/25/2018,HXD,SC,ASO,ES,Federal Contract Tower,6,13,48,0,67,0,0,19,0,19,6,13,67,0,86,20,0,20,106
11/26/2018,HXD,SC,ASO,ES,Federal Contract Tower,6,5,24,0,35,0,0,2,0,2,6,5,26,0,37,2,0,2,39
11/27/2018,HXD,SC,ASO,ES,Federal Contract Tower,6,8,15,0,29,0,0,16,0,16,6,8,31,0,45,2,0,2,47
11/28/2018,HXD,SC,ASO,ES,Federal Contract Tower,6,7,14,0,27,0,0,22,0,22,6,7,36,0,49,2,4,6,55
11/29/2018,HXD,SC,ASO,ES,Federal Contract Tower,5,4,27,0,36,0,0,37,0,37,5,4,64,0,73,12,0,12,85
11/30/2018,HXD,SC,ASO,ES,Federal Contract Tower,6,12,14,0,32,0,2,40,0,42,6,14,54,0,74,0,0,0,74
12/01/2018,HXD,SC,ASO,ES,Federal Contract Tower,6,4,12,1,23,0,0,5,0,5,6,4,17,1,28,0,0,0,28
12/02/2018,HXD,SC,ASO,ES,Federal Contract Tower,7,7,14,1,29,0,0,0,0,0,7,7,14,1,29,0,0,0,29
12/03/2018,HXD,SC,ASO,ES,Federal Contract Tower,6,3,25,0,34,0,0,9,0,9,6,3,34,0,43,0,0,0,43
12/04/2018,HXD,SC,ASO,ES,Federal Contract Tower,6,5,18,1,30,0,0,36,1,37,6,5,54,2,67,0,0,0,67
12/05/2018,HXD,SC,ASO,ES,Federal Contract Tower,6,4,18,0,28,0,0,21,0,21,6,4,39,0,49,2,0,2,51
12/06/2018,HXD,SC,ASO,ES,Federal Contract Tower,6,6,11,0,23,0,0,32,0,32,6,6,43,0,55,4,0,4,59
12/07/2018,HXD,SC,ASO,ES,Federal Contract Tower,5,6,26,0,37,0,0,39,0,39,5,6,65,0,76,16,0,16,92
12/08/2018,HXD,SC,ASO,ES,Federal Contract Tower,6,9,13,0,28,0,2,15,0,17,6,11,28,0,45,0,0,0,45
12/09/2018,HXD,SC,ASO,ES,Federal Contract Tower,0,4,4,0,8,0,0,0,0,0,0,4,4,0,8,0,0,0,8
12/11/2018,HXD,SC,ASO,ES,Federal Contract Tower,6,5,25,0,36,0,0,25,0,25,6,5,50,0,61,0,6,6,67
12/12/2018,HXD,SC,ASO,ES,Federal Contract Tower,6,9,23,0,38,0,0,34,2,36,6,9,57,2,74,2,0,2,76
12/13/2018,HXD,SC,ASO,ES,Federal Contract Tower,8,4,26,0,38,0,0,25,0,25,8,4,51,0,63,0,0,0,63
12/14/2018,HXD,SC,ASO,ES,Federal Contract Tower,3,3,1,0,7,0,0,0,0,0,3,3,1,0,7,0,0,0,7
12/15/2018,HXD,SC,ASO,ES,Federal Contract Tower,9,8,7,0,24,0,0,18,0,18,9,8,25,0,42,14,0,14,56
12/16/2018,HXD,SC,ASO,ES,Federal Contract Tower,6,7,14,0,27,0,0,29,0,29,6,7,43,0,56,0,0,0,56
12/17/2018,HXD,SC,ASO,ES,Federal Contract Tower,6,4,23,0,33,0,0,25,0,25,6,4,48,0,58,20,0,20,78
12/18/2018,HXD,SC,ASO,ES,Federal Contract Tower,6,5,16,0,27,0,0,36,0,36,6,5,52,0,63,4,0,4,67
12/19/2018,HXD,SC,ASO,ES,Federal Contract Tower,6,8,21,0,35,0,0,33,0,33,6,8,54,0,68,0,0,0,68
12/20/2018,HXD,SC,ASO,ES,Federal Contract Tower,6,5,15,0,26,0,0,0,0,0,6,5,15,0,26,0,0,0,26
12/21/2018,HXD,SC,ASO,ES,Federal Contract Tower,6,6,12,0,24,0,1,1,0,2,6,7,13,0,26,0,0,0,26
12/22/2018,HXD,SC,ASO,ES,Federal Contract Tower,5,3,22,0,30,0,0,28,0,28,5,3,50,0,58,4,0,4,62
12/23/2018,HXD,SC,ASO,ES,Federal Contract Tower,5,8,18,0,31,0,0,34,0,34,5,8,52,0,65,4,0,4,69
12/24/2018,HXD,SC,ASO,ES,Federal Contract Tower,6,3,6,0,15,0,1,56,2,59,6,4,62,2,74,12,4,16,90
12/25/2018,HXD,SC,ASO,ES,Federal Contract Tower,4,10,3,0,17,0,1,5,0,6,4,11,8,0,23,0,0,0,23
12/26/2018,HXD,SC,ASO,ES,Federal Contract Tower,5,15,37,0,57,0,0,60,0,60,5,15,97,0,117,0,0,0,117
12/27/2018,HXD,SC,ASO,ES,Federal Contract Tower,8,16,41,0,65,0,0,8,0,8,8,16,49,0,73,0,0,0,73
12/28/2018,HXD,SC,ASO,ES,Federal Contract Tower,3,8,14,0,25,0,0,0,0,0,3,8,14,0,25,0,0,0,25
12/29/2018,HXD,SC,ASO,ES,Federal Contract Tower,4,13,41,0,58,0,0,22,0,22,4,13,63,0,80,18,0,18,98
12/30/2018,HXD,SC,ASO,ES,Federal Contract Tower,4,2,11,0,17,0,0,0,0,0,4,2,11,0,17,0,0,0,17
12/31/2018,HXD,SC,ASO,ES,Federal Contract Tower,3,7,2,0,12,0,0,0,0,0,3,7,2,0,12,0,0,0,12
01/01/2019,HXD,SC,ASO,ES,Federal Contract Tower,4,6,15,0,25,0,0,27,0,27,4,6,42,0,52,2,0,2,54
01/02/2019,HXD,SC,ASO,ES,Federal Contract Tower,4,15,28,0,47,0,1,19,2,22,4,16,47,2,69,18,2,20,89
01/03/2019,HXD,SC,ASO,ES,Federal Contract Tower,6,19,21,0,46,0,0,11,0,11,6,19,32,0,57,4,0,4,61
01/04/2019,HXD,SC,ASO,ES,Federal Contract Tower,2,3,10,0,15,0,0,0,0,0,2,3,10,0,15,0,0,0,15
01/05/2019,HXD,SC,ASO,ES,Federal Contract Tower,4,6,14,0,24,0,2,36,0,38,4,8,50,0,62,14,0,14,76
01/06/2019,HXD,SC,ASO,ES,Federal Contract Tower,4,8,19,0,31,0,0,31,2,33,4,8,50,2,64,9,0,9,73
01/07/2019,HXD,SC,ASO,ES,Federal Contract Tower,6,6,15,0,27,0,0,20,0,20,6,6,35,0,47,0,0,0,47
01/08/2019,HXD,SC,ASO,ES,Federal Contract Tower,5,4,8,0,17,0,0,11,0,11,5,4,19,0,28,10,0,10,38
01/09/2019,HXD,SC,ASO,ES,Federal Contract Tower,6,10,9,2,27,0,0,12,2,14,6,10,21,4,41,2,22,24,65
01/10/2019,HXD,SC,ASO,ES,Federal Contract Tower,6,6,24,2,38,0,0,34,0,34,6,6,58,2,72,4,0,4,76
01/11/2019,HXD,SC,ASO,ES,Federal Contract Tower,6,8,14,0,28,0,1,33,2,36,6,9,47,2,64,8,0,8,72
01/12/2019,HXD,SC,ASO,ES,Federal Contract Tower,6,3,6,0,15,0,0,19,0,19,6,3,25,0,34,4,0,4,38
01/13/2019,HXD,SC,ASO,ES,Federal Contract Tower,4,6,7,0,17,0,0,0,0,0,4,6,7,0,17,0,0,0,17
01/14/2019,HXD,SC,ASO,ES,Federal Contract Tower,6,13,10,0,29,0,0,6,0,6,6,13,16,0,35,8,0,8,43
01/15/2019,HXD,SC,ASO,ES,Federal Contract Tower,6,8,11,2,27,0,0,29,0,29,6,8,40,2,56,0,2,2,58
01/16/2019,HXD,SC,ASO,ES,Federal Contract Tower,6,9,19,2,36,0,1,37,0,38,6,10,56,2,74,24,0,24,98
01/17/2019,HXD,SC,ASO,ES,Federal Contract Tower,6,8,23,0,37,0,0,34,0,34,6,8,57,0,71,13,0,13,84
01/18/2019,HXD,SC,ASO,ES,Federal Contract Tower,7,12,39,0,58,0,0,40,0,40,7,12,79,0,98,0,0,0,98
01/19/2019,HXD,SC,ASO,ES,Federal Contract Tower,6,13,13,0,32,0,0,40,0,40,6,13,53,0,72,0,0,0,72
01/20/2019,HXD,SC,ASO,ES,Federal Contract Tower,4,0,20,0,24,0,0,15,0,15,4,0,35,0,39,0,0,0,39
01/21/2019,HXD,SC,ASO,ES,Federal Contract Tower,6,9,32,0,47,0,0,34,0,34,6,9,66,0,81,2,0,2,83
01/22/2019,HXD,SC,ASO,ES,Federal Contract Tower,7,6,14,0,27,0,0,28,2,30,7,6,42,2,57,6,0,6,63
01/23/2019,HXD,SC,ASO,ES,Federal Contract Tower,4,3,13,1,21,0,0,11,0,11,4,3,24,1,32,6,2,8,40
01/24/2019,HXD,SC,ASO,ES,Federal Contract Tower,6,2,13,1,22,0,0,9,0,9,6,2,22,1,31,6,0,6,37
01/25/2019,HXD,SC,ASO,ES,Federal Contract Tower,6,8,19,0,33,0,0,38,0,38,6,8,57,0,71,8,0,8,79
01/26/2019,HXD,SC,ASO,ES,Federal Contract Tower,6,6,13,0,25,0,1,46,0,47,6,7,59,0,72,16,0,16,88
01/27/2019,HXD,SC,ASO,ES,Federal Contract Tower,4,7,24,0,35,0,2,30,0,32,4,9,54,0,67,4,2,6,73
01/28/2019,HXD,SC,ASO,ES,Federal Contract Tower,6,5,12,0,23,0,0,37,0,37,6,5,49,0,60,20,0,20,80
01/29/2019,HXD,SC,ASO,ES,Federal Contract Tower,6,8,9,0,23,0,1,16,4,21,6,9,25,4,44,8,0,8,52
01/30/2019,HXD,SC,ASO,ES,Federal Contract Tower,6,8,11,0,25,0,0,0,0,0,6,8,11,0,25,0,2,2,27
01/31/2019,HXD,SC,ASO,ES,Federal Contract Tower,5,12,23,2,42,0,0,33,0,33,5,12,56,2,75,2,0,2,77
02/01/2019,HXD,SC,ASO,ES,Federal Contract Tower,6,10,13,0,29,0,0,39,2,41,6,10,52,2,70,0,0,0,70
02/02/2019,HXD,SC,ASO,ES,Federal Contract Tower,6,9,16,0,31,0,0,18,0,18,6,9,34,0,49,2,0,2,51
02/03/2019,HXD,SC,ASO,ES,Federal Contract Tower,4,4,13,0,21,0,0,0,1,1,4,4,13,1,22,0,0,0,22
02/04/2019,HXD,SC,ASO,ES,Federal Contract Tower,6,4,17,0,27,0,0,23,0,23,6,4,40,0,50,3,0,3,53
02/05/2019,HXD,SC,ASO,ES,Federal Contract Tower,6,6,14,0,26,0,0,35,0,35,6,6,49,0,61,22,0,22,83
02/06/2019,HXD,SC,ASO,ES,Federal Contract Tower,6,6,19,0,31,0,0,20,2,22,6,6,39,2,53,8,0,8,61
02/07/2019,HXD,SC,ASO,ES,Federal Contract Tower,6,4,22,3,35,0,0,39,2,41,6,4,61,5,76,2,0,2,78
02/08/2019,HXD,SC,ASO,ES,Federal Contract Tower,6,8,18,2,34,0,0,33,0,33,6,8,51,2,67,6,0,6,73
02/09/2019,HXD,SC,ASO,ES,Federal Contract Tower,6,5,10,0,21,0,0,40,0,40,6,5,50,0,61,10,0,10,71
02/10/2019,HXD,SC,ASO,ES,Federal Contract Tower,4,7,17,0,28,0,0,9,4,13,4,7,26,4,41,10,6,16,57
02/11/2019,HXD,SC,ASO,ES,Federal Contract Tower,5,3,15,0,23,0,0,4,0,4,5,3,19,0,27,0,0,0,27
02/12/2019,HXD,SC,ASO,ES,Federal Contract Tower,3,7,5,2,17,0,0,1,0,1,3,7,6,2,18,8,8,16,34
02/13/2019,HXD,SC,ASO,ES,Federal Contract Tower,6,8,24,0,38,0,3,27,0,30,6,11,51,0,68,4,0,4,72
02/14/2019,HXD,SC,ASO,ES,Federal Contract Tower,6,17,17,0,40,0,4,29,0,33,6,21,46,0,73,6,0,6,79
02/15/2019,HXD,SC,ASO,ES,Federal Contract Tower,6,7,36,0,49,0,2,34,2,38,6,9,70,2,87,6,6,12,99
02/16/2019,HXD,SC,ASO,ES,Federal Contract Tower,6,7,22,6,41,0,2,23,0,25,6,9,45,6,66,12,0,12,78
02/17/2019,HXD,SC,ASO,ES,Federal Contract Tower,3,7,27,0,37,0,0,0,0,0,3,7,27,0,37,0,0,0,37
02/18/2019,HXD,SC,ASO,ES,Federal Contract Tower,5,9,41,0,55,0,0,22,0,22,5,9,63,0,77,0,0,0,77
02/19/2019,HXD,SC,ASO,ES,Federal Contract Tower,6,4,31,0,41,0,0,25,0,25,6,4,56,0,66,0,0,0,66
02/20/2019,HXD,SC,ASO,ES,Federal Contract Tower,3,2,17,0,22,0,0,0,0,0,3,2,17,0,22,0,0,0,22
02/21/2019,HXD,SC,ASO,ES,Federal Contract Tower,5,8,22,0,35,0,0,10,0,10,5,8,32,0,45,6,0,6,51
02/22/2019,HXD,SC,ASO,ES,Federal Contract Tower,6,7,20,0,33,0,0,23,0,23,6,7,43,0,56,4,0,4,60
02/23/2019,HXD,SC,ASO,ES,Federal Contract Tower,7,5,17,0,29,0,0,0,0,0,7,5,17,0,29,0,0,0,29
02/24/2019,HXD,SC,ASO,ES,Federal Contract Tower,5,13,30,0,48,0,1,5,4,10,5,14,35,4,58,14,0,14,72
02/25/2019,HXD,SC,ASO,ES,Federal Contract Tower,6,3,18,0,27,0,0,37,0,37,6,3,55,0,64,16,0,16,80
02/26/2019,HXD,SC,ASO,ES,Federal Contract Tower,6,9,26,0,41,0,0,50,0,50,6,9,76,0,91,4,0,4,95
02/27/2019,HXD,SC,ASO,ES,Federal Contract Tower,6,18,22,1,47,0,0,20,0,20,6,18,42,1,67,28,0,28,95
02/28/2019,HXD,SC,ASO,ES,Federal Contract Tower,6,3,17,3,29,0,0,21,6,27,6,3,38,9,56,22,4,26,82
03/01/2019,HXD,SC,ASO,ES,Federal Contract Tower,5,14,33,0,52,0,0,10,2,12,5,14,43,2,64,0,0,0,64
03/02/2019,HXD,SC,ASO,ES,Federal Contract Tower,6,11,18,0,35,0,1,15,2,18,6,12,33,2,53,6,6,12,65
03/03/2019,HXD,SC,ASO,ES,Federal Contract Tower,3,12,14,0,29,0,0,3,0,3,3,12,17,0,32,0,0,0,32
03/04/2019,HXD,SC,ASO,ES,Federal Contract Tower,6,5,21,2,34,0,0,19,2,21,6,5,40,4,55,0,18,18,73
03/05/2019,HXD,SC,ASO,ES,Federal Contract Tower,6,7,21,0,34,0,0,3,0,3,6,7,24,0,37,24,0,24,61
03/06/2019,HXD,SC,ASO,ES,Federal Contract Tower,6,3,14,0,23,0,0,32,0,32,6,3,46,0,55,14,20,34,89
03/07/2019,HXD,SC,ASO,ES,Federal Contract Tower,6,13,33,2,54,0,0,39,0,39,6,13,72,2,93,25,0,25,118
03/08/2019,HXD,SC,ASO,ES,Federal Contract Tower,7,19,20,0,46,0,1,34,0,35,7,20,54,0,81,0,0,0,81
03/09/2019,HXD,SC,ASO,ES,Federal Contract Tower,6,5,25,0,36,0,0,43,0,43,6,5,68,0,79,22,0,22,101
03/10/2019,HXD,SC,ASO,ES,Federal Contract Tower,4,11,22,0,37,0,0,21,0,21,4,11,43,0,58,5,0,5,63
03/11/2019,HXD,SC,ASO,ES,Federal Contract Tower,6,3,16,0,25,0,0,16,0,16,6,3,32,0,41,24,0,24,65
03/12/2019,HXD,SC,ASO,ES,Federal Contract Tower,6,8,12,0,26,0,0,42,2,44,6,8,54,2,70,10,8,18,88
03/13/2019,HXD,SC,ASO,ES,Federal Contract Tower,7,13,18,2,40,0,2,30,0,32,7,15,48,2,72,10,14,24,96
03/14/2019,HXD,SC,ASO,ES,Federal Contract Tower,6,12,25,0,43,0,0,37,0,37,6,12,62,0,80,12,0,12,92
03/15/2019,HXD,SC,ASO,ES,Federal Contract Tower,6,12,20,0,38,0,0,42,0,42,6,12,62,0,80,4,0,4,84
03/16/2019,HXD,SC,ASO,ES,Federal Contract Tower,6,5,18,0,29,0,0,44,0,44,6,5,62,0,73,18,0,18,91
03/17/2019,HXD,SC,ASO,ES,Federal Contract Tower,3,9,28,0,40,0,0,39,0,39,3,9,67,0,79,32,0,32,111
03/18/2019,HXD,SC,ASO,ES,Federal Contract Tower,6,3,19,0,28,0,0,33,0,33,6,3,52,0,61,34,0,34,95
03/19/2019,HXD,SC,ASO,ES,Federal Contract Tower,6,7,10,0,23,0,0,29,0,29,6,7,39,0,52,0,0,0,52
03/20/2019,HXD,SC,ASO,ES,Federal Contract Tower,6,13,26,0,45,0,1,43,2,46,6,14,69,2,91,2,4,6,97
03/21/2019,HXD,SC,ASO,ES,Federal Contract Tower,6,15,39,0,60,0,1,41,2,44,6,16,80,2,104,4,0,4,108
03/22/2019,HXD,SC,ASO,ES,Federal Contract Tower,6,14,31,0,51,0,0,40,0,40,6,14,71,0,91,12,4,16,107
03/23/2019,HXD,SC,ASO,ES,Federal Contract Tower,6,19,32,0,57,0,1,69,1,71,6,20,101,1,128,0,0,0,128
03/24/2019,HXD,SC,ASO,ES,Federal Contract Tower,4,16,46,0,66,0,0,50,0,50,4,16,96,0,116,6,0,6,122
03/25/2019,HXD,SC,ASO,ES,Federal Contract Tower,6,15,17,0,38,0,0,38,0,38,6,15,55,0,76,0,0,0,76
03/26/2019,HXD,SC,ASO,ES,Federal Contract Tower,6,6,28,0,40,0,0,9,0,9,6,6,37,0,49,0,0,0,49
03/27/2019,HXD,SC,ASO,ES,Federal Contract Tower,8,10,12,0,30,0,2,41,2,45,8,12,53,2,75,4,0,4,79
03/28/2019,HXD,SC,ASO,ES,Federal Contract Tower,6,7,32,0,45,0,0,47,2,49,6,7,79,2,94,0,0,0,94
03/29/2019,HXD,SC,ASO,ES,Federal Contract Tower,6,11,35,2,54,0,0,34,1,35,6,11,69,3,89,8,0,8,97
03/30/2019,HXD,SC,ASO,ES,Federal Contract Tower,6,12,23,0,41,0,1,56,0,57,6,13,79,0,98,0,0,0,98
03/31/2019,HXD,SC,ASO,ES,Federal Contract Tower,7,16,30,2,55,0,1,43,0,44,7,17,73,2,99,0,0,0,99
04/01/2019,HXD,SC,ASO,ES,Federal Contract Tower,10,7,25,0,42,0,0,16,0,16,10,7,41,0,58,0,0,0,58
04/02/2019,HXD,SC,ASO,ES,Federal Contract Tower,10,8,15,0,33,0,0,18,0,18,10,8,33,0,51,8,0,8,59
04/03/2019,HXD,SC,ASO,ES,Federal Contract Tower,9,15,35,1,60,0,0,70,1,71,9,15,105,2,131,6,0,6,137
04/04/2019,HXD,SC,ASO,ES,Federal Contract Tower,10,15,16,1,42,0,0,75,1,76,10,15,91,2,118,0,2,2,120
04/05/2019,HXD,SC,ASO,ES,Federal Contract Tower,10,9,11,0,30,0,0,30,0,30,10,9,41,0,60,0,0,0,60
04/06/2019,HXD,SC,ASO,ES,Federal Contract Tower,14,9,30,0,53,0,0,52,0,52,14,9,82,0,105,0,0,0,105
04/07/2019,HXD,SC,ASO,ES,Federal Contract Tower,13,5,29,0,47,0,0,25,4,29,13,5,54,4,76,0,0,0,76
04/08/2019,HXD,SC,ASO,ES,Federal Contract Tower,10,6,12,0,28,0,2,24,0,26,10,8,36,0,54,0,0,0,54
04/09/2019,HXD,SC,ASO,ES,Federal Contract Tower,9,13,16,0,38,0,0,9,0,9,9,13,25,0,47,0,0,0,47
04/10/2019,HXD,SC,ASO,ES,Federal Contract Tower,11,19,37,2,69,0,0,36,0,36,11,19,73,2,105,12,0,12,117
04/11/2019,HXD,SC,ASO,ES,Federal Contract Tower,11,9,24,2,46,0,0,59,0,59,11,9,83,2,105,10,0,10,115
04/12/2019,HXD,SC,ASO,ES,Federal Contract Tower,9,12,40,0,61,0,0,8,0,8,9,12,48,0,69,0,0,0,69
04/13/2019,HXD,SC,ASO,ES,Federal Contract Tower,14,4,52,0,70,0,0,49,4,53,14,4,101,4,123,26,0,26,149
04/14/2019,HXD,SC,ASO,ES,Federal Contract Tower,14,16,26,0,56,0,0,0,0,0,14,16,26,0,56,0,2,2,58
04/15/2019,HXD,SC,ASO,ES,Federal Contract Tower,13,12,50,0,75,0,0,16,3,19,13,12,66,3,94,2,12,14,108
04/16/2019,HXD,SC,ASO,ES,Federal Contract Tower,11,21,39,0,71,0,0,24,0,24,11,21,63,0,95,18,0,18,113
04/17/2019,HXD,SC,ASO,ES,Federal Contract Tower,10,26,58,0,94,0,0,50,0,50,10,26,108,0,144,2,0,2,146
04/18/2019,HXD,SC,ASO,ES,Federal Contract Tower,10,31,68,0,109,0,0,79,0,79,10,31,147,0,188,22,2,24,212
04/19/2019,HXD,SC,ASO,ES,Federal Contract Tower,3,13,17,0,33,0,1,3,0,4,3,14,20,0,37,0,0,0,37
04/20/2019,HXD,SC,ASO,ES,Federal Contract Tower,14,29,40,0,83,0,0,10,0,10,14,29,50,0,93,0,0,0,93
04/21/2019,HXD,SC,ASO,ES,Federal Contract Tower,15,53,49,0,117,0,2,13,0,15,15,55,62,0,132,0,0,0,132
04/22/2019,HXD,SC,ASO,ES,Federal Contract Tower,11,20,43,0,74,0,0,43,0,43,11,20,86,0,117,6,0,6,123
04/23/2019,HXD,SC,ASO,ES,Federal Contract Tower,10,8,35,0,53,0,0,38,0,38,10,8,73,0,91,0,20,20,111
04/24/2019,HXD,SC,ASO,ES,Federal Contract Tower,10,16,37,3,66,0,0,58,0,58,10,16,95,3,124,2,14,16,140
04/25/2019,HXD,SC,ASO,ES,Federal Contract Tower,11,16,33,1,61,0,1,68,1,70,11,17,101,2,131,4,2,6,137
04/26/2019,HXD,SC,ASO,ES,Federal Contract Tower,10,11,26,2,49,0,0,29,2,31,10,11,55,4,80,0,8,8,88
04/27/2019,HXD,SC,ASO,ES,Federal Contract Tower,14,21,22,0,57,0,2,43,0,45,14,23,65,0,102,2,0,2,104
04/28/2019,HXD,SC,ASO,ES,Federal Contract Tower,12,8,42,0,62,0,1,37,0,38,12,9,79,0,100,0,0,0,100
04/29/2019,HXD,SC,ASO,ES,Federal Contract Tower,10,14,35,4,63,0,0,47,4,51,10,14,82,8,114,0,8,8,122
04/30/2019,HXD,SC,ASO,ES,Federal Contract Tower,10,10,12,0,32,0,1,25,0,26,10,11,37,0,58,0,4,4,62
05/01/2019,HXD,SC,ASO,ES,Federal Contract Tower,10,10,37,0,57,0,0,38,2,40,10,10,75,2,97,0,0,0,97
05/03/2019,HXD,SC,ASO,ES,Federal Contract Tower,10,10,28,0,48,0,0,9,2,11,10,10,37,2,59,0,0,0,59
05/04/2019,HXD,SC,ASO,ES,Federal Contract Tower,17,10,28,0,55,0,0,33,0,33,17,10,61,0,88,6,0,6,94
05/05/2019,HXD,SC,ASO,ES,Federal Contract Tower,15,14,18,0,47,0,1,9,2,12,15,15,27,2,59,4,0,4,63
05/06/2019,HXD,SC,ASO,ES,Federal Contract Tower,10,6,31,0,47,0,0,33,0,33,10,6,64,0,80,16,0,16,96
05/07/2019,HXD,SC,ASO,ES,Federal Contract Tower,10,4,22,2,38,0,0,35,1,36,10,4,57,3,74,4,24,28,102
05/08/2019,HXD,SC,ASO,ES,Federal Contract Tower,10,12,23,0,45,0,0,54,0,54,10,12,77,0,99,2,0,2,101
05/09/2019,HXD,SC,ASO,ES,Federal Contract Tower,10,15,32,0,57,0,0,11,0,11,10,15,43,0,68,0,0,0,68
05/10/2019,HXD,SC,ASO,ES,Federal Contract Tower,10,18,30,0,58,0,0,39,0,39,10,18,69,0,97,0,0,0,97
05/11/2019,HXD,SC,ASO,ES,Federal Contract Tower,16,9,28,0,53,0,0,48,0,48,16,9,76,0,101,0,0,0,101
05/12/2019,HXD,SC,ASO,ES,Federal Contract Tower,13,8,18,0,39,0,0,17,2,19,13,8,35,2,58,10,0,10,68
05/13/2019,HXD,SC,ASO,ES,Federal Contract Tower,10,14,27,0,51,0,1,24,0,25,10,15,51,0,76,0,0,0,76
05/14/2019,HXD,SC,ASO,ES,Federal Contract Tower,10,5,25,0,40,0,0,55,1,56,10,5,80,1,96,8,0,8,104
05/15/2019,HXD,SC,ASO,ES,Federal Contract Tower,10,8,25,0,43,0,0,74,4,78,10,8,99,4,121,8,10,18,139
05/16/2019,HXD,SC,ASO,ES,Federal Contract Tower,10,11,37,0,58,0,0,40,0,40,10,11,77,0,98,4,0,4,102
05/17/2019,HXD,SC,ASO,ES,Federal Contract Tower,9,5,39,0,53,0,4,44,2,50,9,9,83,2,103,0,0,0,103
05/18/2019,HXD,SC,ASO,ES,Federal Contract Tower,17,4,29,0,50,0,0,47,0,47,17,4,76,0,97,2,0,2,99
05/19/2019,HXD,SC,ASO,ES,Federal Contract Tower,12,6,36,1,55,0,0,36,0,36,12,6,72,1,91,0,0,0,91
05/20/2019,HXD,SC,ASO,ES,Federal Contract Tower,9,9,31,2,51,0,0,32,0,32,9,9,63,2,83,6,0,6,89
05/21/2019,HXD,SC,ASO,ES,Federal Contract Tower,10,9,17,0,36,0,0,55,0,55,10,9,72,0,91,12,4,16,107
05/22/2019,HXD,SC,ASO,ES,Federal Contract Tower,8,12,31,0,51,0,0,48,0,48,8,12,79,0,99,12,0,12,111
05/23/2019,HXD,SC,ASO,ES,Federal Contract Tower,14,12,33,0,59,0,0,40,0,40,14,12,73,0,99,0,0,0,99
05/24/2019,HXD,SC,ASO,ES,Federal Contract Tower,15,20,65,0,100,0,1,55,0,56,15,21,120,0,156,0,0,0,156
05/25/2019,HXD,SC,ASO,ES,Federal Contract Tower,25,3,42,0,70,0,1,96,0,97,25,4,138,0,167,0,12,12,179
05/26/2019,HXD,SC,ASO,ES,Federal Contract Tower,18,9,28,0,55,0,0,57,0,57,18,9,85,0,112,8,0,8,120
05/27/2019,HXD,SC,ASO,ES,Federal Contract Tower,16,9,33,0,58,0,0,49,0,49,16,9,82,0,107,20,0,20,127
05/28/2019,HXD,SC,ASO,ES,Federal Contract Tower,16,17,22,0,55,0,0,38,2,40,16,17,60,2,95,0,0,0,95
05/29/2019,HXD,SC,ASO,ES,Federal Contract Tower,15,13,33,3,64,0,0,52,1,53,15,13,85,4,117,0,0,0,117
05/30/2019,HXD,SC,ASO,ES,Federal Contract Tower,16,8,34,0,58,0,0,56,0,56,16,8,90,0,114,6,0,6,120
05/31/2019,HXD,SC,ASO,ES,Federal Contract Tower,16,14,29,0,59,0,0,20,0,20,16,14,49,0,79,0,0,0,79
06/01/2019,HXD,SC,ASO,ES,Federal Contract Tower,22,7,40,0,69,0,0,36,0,36,22,7,76,0,105,0,10,10,115
06/02/2019,HXD,SC,ASO,ES,Federal Contract Tower,19,11,25,0,55,0,0,54,0,54,19,11,79,0,109,0,0,0,109
06/03/2019,HXD,SC,ASO,ES,Federal Contract Tower,16,11,18,0,45,0,0,41,0,41,16,11,59,0,86,0,0,0,86
06/04/2019,HXD,SC,ASO,ES,Federal Contract Tower,16,7,16,0,39,0,0,41,2,43,16,7,57,2,82,0,0,0,82
06/05/2019,HXD,SC,ASO,ES,Federal Contract Tower,14,14,24,0,52,0,0,32,0,32,14,14,56,0,84,10,0,10,94
06/06/2019,HXD,SC,ASO,ES,Federal Contract Tower,18,9,32,0,59,0,0,11,0,11,18,9,43,0,70,6,0,6,76
06/07/2019,HXD,SC,ASO,ES,Federal Contract Tower,14,13,12,0,39,0,0,20,0,20,14,13,32,0,59,0,0,0,59
06/08/2019,HXD,SC,ASO,ES,Federal Contract Tower,20,11,27,0,58,0,0,19,0,19,20,11,46,0,77,10,8,18,95
06/09/2019,HXD,SC,ASO,ES,Federal Contract Tower,27,7,34,0,68,0,0,30,0,30,27,7,64,0,98,0,0,0,98
06/10/2019,HXD,SC,ASO,ES,Federal Contract Tower,15,9,17,0,41,0,0,38,0,38,15,9,55,0,79,0,0,0,79
06/11/2019,HXD,SC,ASO,ES,Federal Contract Tower,18,5,22,0,45,0,0,18,0,18,18,5,40,0,63,6,8,14,77
06/12/2019,HXD,SC,ASO,ES,Federal Contract Tower,15,6,17,0,38,0,0,1,0,1,15,6,18,0,39,11,0,11,50
06/13/2019,HXD,SC,ASO,ES,Federal Contract Tower,16,7,42,0,65,0,0,66,2,68,16,7,108,2,133,0,0,0,133
06/14/2019,HXD,SC,ASO,ES,Federal Contract Tower,16,7,34,0,57,0,3,63,0,66,16,10,97,0,123,16,0,16,139
06/15/2019,HXD,SC,ASO,ES,Federal Contract Tower,22,10,31,0,63,0,1,60,0,61,22,11,91,0,124,26,0,26,150
06/16/2019,HXD,SC,ASO,ES,Federal Contract Tower,21,10,36,0,67,0,0,53,0,53,21,10,89,0,120,10,0,10,130
06/17/2019,HXD,SC,ASO,ES,Federal Contract Tower,14,5,25,2,46,0,0,33,0,33,14,5,58,2,79,4,0,4,83
06/18/2019,HXD,SC,ASO,ES,Federal Contract Tower,16,9,30,2,57,0,0,33,2,35,16,9,63,4,92,0,4,4,96
06/19/2019,HXD,SC,ASO,ES,Federal Contract Tower,15,8,16,1,40,0,0,25,0,25,15,8,41,1,65,0,0,0,65
06/20/2019,HXD,SC,ASO,ES,Federal Contract Tower,14,7,12,2,35,0,0,0,2,2,14,7,12,4,37,0,0,0,37
06/21/2019,HXD,SC,ASO,ES,Federal Contract Tower,15,10,39,0,64,0,0,48,0,48,15,10,87,0,112,16,0,16,128
06/22/2019,HXD,SC,ASO,ES,Federal Contract Tower,22,14,28,0,64,0,0,48,0,48,22,14,76,0,112,0,0,0,112
06/23/2019,HXD,SC,ASO,ES,Federal Contract Tower,19,12,29,0,60,0,0,52,0,52,19,12,81,0,112,6,2,8,120
06/24/2019,HXD,SC,ASO,ES,Federal Contract Tower,16,5,12,0,33,0,0,41,2,43,16,5,53,2,76,4,0,4,80
06/25/2019,HXD,SC,ASO,ES,Federal Contract Tower,13,10,24,0,47,0,0,41,0,41,13,10,65,0,88,0,0,0,88
06/26/2019,HXD,SC,ASO,ES,Federal Contract Tower,15,8,27,0,50,0,0,75,0,75,15,8,102,0,125,10,6,16,141
06/27/2019,HXD,SC,ASO,ES,Federal Contract Tower,17,7,40,4,68,0,0,69,3,72,17,7,109,7,140,10,12,22,162
06/28/2019,HXD,SC,ASO,ES,Federal Contract Tower,15,20,22,0,57,0,0,52,0,52,15,20,74,0,109,8,0,8,117
06/29/2019,HXD,SC,ASO,ES,Federal Contract Tower,24,16,35,0,75,0,0,50,0,50,24,16,85,0,125,0,0,0,125
06/30/2019,HXD,SC,ASO,ES,Federal Contract Tower,24,5,23,0,52,0,0,27,0,27,24,5,50,0,79,0,0,0,79
07/01/2019,HXD,SC,ASO,ES,Federal Contract Tower,17,6,14,0,37,0,0,0,0,0,17,6,14,0,37,6,0,6,43
07/02/2019,HXD,SC,ASO,ES,Federal Contract Tower,15,12,40,0,67,0,0,56,1,57,15,12,96,1,124,2,0,2,126
07/03/2019,HXD,SC,ASO,ES,Federal Contract Tower,17,13,37,2,69,0,0,54,0,54,17,13,91,2,123,0,0,0,123
07/04/2019,HXD,SC,ASO,ES,Federal Contract Tower,14,8,13,0,35,0,0,26,0,26,14,8,39,0,61,0,0,0,61
07/05/2019,HXD,SC,ASO,ES,Federal Contract Tower,13,16,7,0,36,0,0,49,0,49,13,16,56,0,85,14,0,14,99
07/06/2019,HXD,SC,ASO,ES,Federal Contract Tower,23,16,46,0,85,0,0,48,0,48,23,16,94,0,133,0,0,0,133
07/07/2019,HXD,SC,ASO,ES,Federal Contract Tower,20,6,52,0,78,0,0,39,0,39,20,6,91,0,117,0,0,0,117
07/08/2019,HXD,SC,ASO,ES,Federal Contract Tower,17,11,29,2,59,0,0,38,0,38,17,11,67,2,97,10,0,10,107
07/09/2019,HXD,SC,ASO,ES,Federal Contract Tower,16,6,23,0,45,0,0,46,0,46,16,6,69,0,91,8,0,8,99
07/10/2019,HXD,SC,ASO,ES,Federal Contract Tower,15,7,27,0,49,0,0,40,0,40,15,7,67,0,89,22,0,22,111
07/11/2019,HXD,SC,ASO,ES,Federal Contract Tower,15,7,21,0,43,0,3,39,0,42,15,10,60,0,85,12,0,12,97
07/12/2019,HXD,SC,ASO,ES,Federal Contract Tower,14,12,28,3,57,0,1,49,1,51,14,13,77,4,108,4,0,4,112
07/13/2019,HXD,SC,ASO,ES,Federal Contract Tower,30,18,39,0,87,0,0,66,0,66,30,18,105,0,153,22,0,22,175
07/14/2019,HXD,SC,ASO,ES,Federal Contract Tower,21,10,33,0,64,0,0,51,0,51,21,10,84,0,115,2,0,2,117
07/15/2019,HXD,SC,ASO,ES,Federal Contract Tower,16,8,13,2,39,0,0,54,0,54,16,8,67,2,93,18,0,18,111
07/16/2019,HXD,SC,ASO,ES,Federal Contract Tower,16,2,22,0,40,0,0,45,2,47,16,2,67,2,87,0,0,0,87
07/17/2019,HXD,SC,ASO,ES,Federal Contract Tower,14,5,24,0,43,0,0,63,0,63,14,5,87,0,106,24,0,24,130
07/18/2019,HXD,SC,ASO,ES,Federal Contract Tower,16,6,31,0,53,0,0,51,0,51,16,6,82,0,104,10,2,12,116
07/19/2019,HXD,SC,ASO,ES,Federal Contract Tower,15,8,29,0,52,0,0,36,2,38,15,8,65,2,90,12,0,12,102
07/20/2019,HXD,SC,ASO,ES,Federal Contract Tower,25,12,24,0,61,0,1,45,0,46,25,13,69,0,107,18,0,18,125
07/21/2019,HXD,SC,ASO,ES,Federal Contract Tower,24,10,20,0,54,0,0,42,0,42,24,10,62,0,96,22,0,22,118
07/22/2019,HXD,SC,ASO,ES,Federal Contract Tower,14,5,28,0,47,0,2,54,0,56,14,7,82,0,103,2,0,2,105
07/23/2019,HXD,SC,ASO,ES,Federal Contract Tower,15,13,14,0,42,0,0,41,1,42,15,13,55,1,84,8,0,8,92
07/24/2019,HXD,SC,ASO,ES,Federal Contract Tower,16,5,17,0,38,0,0,8,1,9,16,5,25,1,47,0,2,2,49
07/25/2019,HXD,SC,ASO,ES,Federal Contract Tower,18,5,46,0,69,0,0,41,0,41,18,5,87,0,110,0,0,0,110
07/26/2019,HXD,SC,ASO,ES,Federal Contract Tower,16,13,25,0,54,0,0,55,0,55,16,13,80,0,109,0,0,0,109
07/27/2019,HXD,SC,ASO,ES,Federal Contract Tower,26,12,19,2,59,0,0,61,0,61,26,12,80,2,120,0,0,0,120
07/28/2019,HXD,SC,ASO,ES,Federal Contract Tower,22,5,36,0,63,0,2,54,0,56,22,7,90,0,119,4,0,4,123
07/29/2019,HXD,SC,ASO,ES,Federal Contract Tower,15,7,19,2,43,0,0,41,0,41,15,7,60,2,84,0,0,0,84
07/30/2019,HXD,SC,ASO,ES,Federal Contract Tower,15,6,18,0,39,0,0,45,0,45,15,6,63,0,84,8,0,8,92
07/31/2019,HXD,SC,ASO,ES,Federal Contract Tower,14,11,27,0,52,0,0,38,2,40,14,11,65,2,92,16,2,18,110
08/01/2019,HXD,SC,ASO,ES,Federal Contract Tower,14,11,28,0,53,0,0,54,0,54,14,11,82,0,107,2,0,2,109
08/02/2019,HXD,SC,ASO,ES,Federal Contract Tower,16,11,11,0,38,0,0,11,0,11,16,11,22,0,49,0,0,0,49
08/03/2019,HXD,SC,ASO,ES,Federal Contract Tower,26,15,32,0,73,0,0,40,0,40,26,15,72,0,113,0,0,0,113
08/04/2019,HXD,SC,ASO,ES,Federal Contract Tower,22,10,32,1,65,0,1,17,0,18,22,11,49,1,83,10,0,10,93
08/05/2019,HXD,SC,ASO,ES,Federal Contract Tower,13,3,30,0,46,0,0,21,2,23,13,3,51,2,69,0,18,18,87
08/06/2019,HXD,SC,ASO,ES,Federal Contract Tower,15,7,24,0,46,0,0,11,0,11,15,7,35,0,57,6,2,8,65
08/07/2019,HXD,SC,ASO,ES,Federal Contract Tower,14,4,24,0,42,0,0,43,0,43,14,4,67,0,85,26,0,26,111
08/08/2019,HXD,SC,ASO,ES,Federal Contract Tower,15,16,35,2,68,0,0,55,0,55,15,16,90,2,123,0,0,0,123
08/09/2019,HXD,SC,ASO,ES,Federal Contract Tower,18,16,21,2,57,0,2,66,0,68,18,18,87,2,125,14,0,14,139
08/10/2019,HXD,SC,ASO,ES,Federal Contract Tower,26,12,27,0,65,0,0,61,0,61,26,12,88,0,126,30,0,30,156
08/11/2019,HXD,SC,ASO,ES,Federal Contract Tower,22,7,26,0,55,0,2,40,0,42,22,9,66,0,97,4,0,4,101
08/12/2019,HXD,SC,ASO,ES,Federal Contract Tower,16,7,26,2,51,0,0,43,0,43,16,7,69,2,94,0,0,0,94
08/13/2019,HXD,SC,ASO,ES,Federal Contract Tower,14,5,17,0,36,0,0,44,0,44,14,5,61,0,80,10,0,10,90
08/14/2019,HXD,SC,ASO,ES,Federal Contract Tower,16,9,24,0,49,0,0,31,0,31,16,9,55,0,80,0,0,0,80
08/15/2019,HXD,SC,ASO,ES,Federal Contract Tower,16,8,30,0,54,0,0,27,0,27,16,8,57,0,81,8,0,8,89
08/16/2019,HXD,SC,ASO,ES,Federal Contract Tower,16,13,30,0,59,0,1,10,0,11,16,14,40,0,70,2,0,2,72
08/17/2019,HXD,SC,ASO,ES,Federal Contract Tower,26,11,18,0,55,0,0,13,0,13,26,11,31,0,68,0,0,0,68
08/18/2019,HXD,SC,ASO,ES,Federal Contract Tower,20,4,38,0,62,0,0,38,2,40,20,4,76,2,102,0,32,32,134
08/19/2019,HXD,SC,ASO,ES,Federal Contract Tower,16,12,17,0,45,0,1,24,0,25,16,13,41,0,70,8,0,8,78
08/20/2019,HXD,SC,ASO,ES,Federal Contract Tower,15,11,29,0,55,0,0,56,0,56,15,11,85,0,111,6,0,6,117
08/21/2019,HXD,SC,ASO,ES,Federal Contract Tower,15,4,17,0,36,0,0,48,0,48,15,4,65,0,84,12,0,12,96
08/22/2019,HXD,SC,ASO,ES,Federal Contract Tower,15,8,27,2,52,0,2,36,0,38,15,10,63,2,90,12,0,12,102
08/23/2019,HXD,SC,ASO,ES,Federal Contract Tower,14,8,28,0,50,0,0,49,0,49,14,8,77,0,99,28,0,28,127
08/24/2019,HXD,SC,ASO,ES,Federal Contract Tower,22,7,15,0,44,0,0,41,0,41,22,7,56,0,85,2,0,2,87
08/25/2019,HXD,SC,ASO,ES,Federal Contract Tower,17,11,27,0,55,0,0,24,0,24,17,11,51,0,79,2,0,2,81
08/26/2019,HXD,SC,ASO,ES,Federal Contract Tower,15,5,12,0,32,0,1,19,4,24,15,6,31,4,56,6,0,6,62
08/27/2019,HXD,SC,ASO,ES,Federal Contract Tower,15,10,22,1,48,0,5,37,2,44,15,15,59,3,92,6,0,6,98
08/28/2019,HXD,SC,ASO,ES,Federal Contract Tower,15,5,21,0,41,0,0,22,0,22,15,5,43,0,63,0,0,0,63
08/29/2019,HXD,SC,ASO,ES,Federal Contract Tower,15,8,31,2,56,0,0,50,2,52,15,8,81,4,108,10,2,12,120
08/30/2019,HXD,SC,ASO,ES,Federal Contract Tower,16,13,23,0,52,0,0,43,0,43,16,13,66,0,95,4,0,4,99
08/31/2019,HXD,SC,ASO,ES,Federal Contract Tower,18,6,21,0,45,0,0,4,0,4,18,6,25,0,49,0,0,0,49
09/01/2019,HXD,SC,ASO,ES,Federal Contract Tower,16,8,24,0,48,0,0,21,0,21,16,8,45,0,69,0,0,0,69
09/02/2019,HXD,SC,ASO,ES,Federal Contract Tower,15,12,30,0,57,0,0,0,1,1,15,12,30,1,58,0,0,0,58
09/03/2019,HXD,SC,ASO,ES,Federal Contract Tower,19,3,11,0,33,0,0,2,0,2,19,3,13,0,35,0,0,0,35
09/04/2019,HXD,SC,ASO,ES,Federal Contract Tower,8,0,0,0,8,0,0,0,0,0,8,0,0,0,8,0,0,0,8
09/05/2019,HXD,SC,ASO,ES,Federal Contract Tower,0,0,0,0,0,0,0,0,0,0,0,0,0,0,0,0,0,0,0
09/06/2019,HXD,SC,ASO,ES,Federal Contract Tower,11,7,12,0,30,0,0,18,0,18,11,7,30,0,48,4,0,4,52
09/07/2019,HXD,SC,ASO,ES,Federal Contract Tower,15,7,19,2,43,0,1,21,0,22,15,8,40,2,65,2,0,2,67
09/08/2019,HXD,SC,ASO,ES,Federal Contract Tower,13,7,21,0,41,0,0,39,0,39,13,7,60,0,80,0,0,0,80
09/09/2019,HXD,SC,ASO,ES,Federal Contract Tower,10,4,13,0,27,0,2,21,0,23,10,6,34,0,50,12,0,12,62
09/10/2019,HXD,SC,ASO,ES,Federal Contract Tower,10,4,17,0,31,0,0,14,2,16,10,4,31,2,47,10,6,16,63
09/11/2019,HXD,SC,ASO,ES,Federal Contract Tower,11,8,18,1,38,0,1,33,0,34,11,9,51,1,72,6,0,6,78
09/12/2019,HXD,SC,ASO,ES,Federal Contract Tower,10,10,29,0,49,0,0,32,0,32,10,10,61,0,81,6,0,6,87
09/13/2019,HXD,SC,ASO,ES,Federal Contract Tower,11,6,27,0,44,0,1,34,0,35,11,7,61,0,79,0,0,0,79
09/14/2019,HXD,SC,ASO,ES,Federal Contract Tower,10,5,15,0,30,0,0,25,0,25,10,5,40,0,55,0,0,0,55
09/15/2019,HXD,SC,ASO,ES,Federal Contract Tower,10,3,24,0,37,0,1,39,0,40,10,4,63,0,77,0,0,0,77
09/16/2019,HXD,SC,ASO,ES,Federal Contract Tower,9,3,23,0,35,0,0,39,0,39,9,3,62,0,74,16,0,16,90
09/17/2019,HXD,SC,ASO,ES,Federal Contract Tower,10,2,16,0,28,0,0,47,0,47,10,2,63,0,75,22,22,44,119
09/18/2019,HXD,SC,ASO,ES,Federal Contract Tower,10,4,32,0,46,0,0,10,0,10,10,4,42,0,56,0,18,18,74
09/19/2019,HXD,SC,ASO,ES,Federal Contract Tower,10,9,37,0,56,0,4,40,0,44,10,13,77,0,100,0,0,0,100
09/20/2019,HXD,SC,ASO,ES,Federal Contract Tower,10,13,34,1,58,0,3,50,2,55,10,16,84,3,113,2,0,2,115
09/21/2019,HXD,SC,ASO,ES,Federal Contract Tower,10,8,24,0,42,0,2,41,0,43,10,10,65,0,85,6,0,6,91
09/22/2019,HXD,SC,ASO,ES,Federal Contract Tower,10,14,52,0,76,0,3,57,0,60,10,17,109,0,136,2,0,2,138
09/23/2019,HXD,SC,ASO,ES,Federal Contract Tower,12,8,19,2,41,0,1,28,1,30,12,9,47,3,71,0,8,8,79
09/24/2019,HXD,SC,ASO,ES,Federal Contract Tower,11,3,18,0,32,0,1,52,0,53,11,4,70,0,85,12,0,12,97
09/25/2019,HXD,SC,ASO,ES,Federal Contract Tower,10,9,40,0,59,0,0,49,0,49,10,9,89,0,108,12,0,12,120
09/26/2019,HXD,SC,ASO,ES,Federal Contract Tower,10,21,16,0,47,0,0,45,0,45,10,21,61,0,92,0,0,0,92
09/27/2019,HXD,SC,ASO,ES,Federal Contract Tower,10,5,26,0,41,0,2,32,0,34,10,7,58,0,75,0,2,2,77
09/28/2019,HXD,SC,ASO,ES,Federal Contract Tower,11,6,25,0,42,0,0,35,0,35,11,6,60,0,77,14,0,14,91
09/29/2019,HXD,SC,ASO,ES,Federal Contract Tower,11,17,32,0,60,0,2,42,0,44,11,19,74,0,104,10,0,10,114
09/30/2019,HXD,SC,ASO,ES,Federal Contract Tower,11,13,17,0,41,0,1,25,0,26,11,14,42,0,67,16,0,16,83
10/01/2019,HXD,SC,ASO,ES,Federal Contract Tower,11,14,31,0,56,0,1,17,0,18,11,15,48,0,74,0,0,0,74
10/02/2019,HXD,SC,ASO,ES,Federal Contract Tower,10,10,23,0,43,0,2,24,0,26,10,12,47,0,69,10,0,10,79
10/03/2019,HXD,SC,ASO,ES,Federal Contract Tower,10,8,37,0,55,0,0,44,0,44,10,8,81,0,99,5,6,11,110
10/04/2019,HXD,SC,ASO,ES,Federal Contract Tower,10,13,40,0,63,0,2,44,0,46,10,15,84,0,109,16,4,20,129
10/05/2019,HXD,SC,ASO,ES,Federal Contract Tower,13,6,9,0,28,0,0,2,2,4,13,6,11,2,32,0,0,0,32
10/06/2019,HXD,SC,ASO,ES,Federal Contract Tower,10,13,51,0,74,0,0,0,0,0,10,13,51,0,74,6,0,6,80
10/07/2019,HXD,SC,ASO,ES,Federal Contract Tower,10,6,19,0,35,0,0,5,0,5,10,6,24,0,40,0,8,8,48
10/08/2019,HXD,SC,ASO,ES,Federal Contract Tower,10,10,8,0,28,0,0,33,0,33,10,10,41,0,61,6,0,6,67
10/09/2019,HXD,SC,ASO,ES,Federal Contract Tower,10,4,24,0,38,0,2,14,0,16,10,6,38,0,54,0,0,0,54
10/10/2019,HXD,SC,ASO,ES,Federal Contract Tower,10,10,30,0,50,0,0,36,0,36,10,10,66,0,86,0,0,0,86
10/11/2019,HXD,SC,ASO,ES,Federal Contract Tower,10,27,35,0,72,0,0,54,0,54,10,27,89,0,126,8,0,8,134
10/12/2019,HXD,SC,ASO,ES,Federal Contract Tower,10,6,33,0,49,0,3,47,0,50,10,9,80,0,99,16,20,36,135
10/13/2019,HXD,SC,ASO,ES,Federal Contract Tower,9,21,32,0,62,0,0,89,1,90,9,21,121,1,152,6,0,6,158
10/14/2019,HXD,SC,ASO,ES,Federal Contract Tower,10,16,36,0,62,0,0,51,0,51,10,16,87,0,113,4,0,4,117
10/15/2019,HXD,SC,ASO,ES,Federal Contract Tower,16,16,19,0,51,0,0,1,0,1,16,16,20,0,52,0,0,0,52
10/16/2019,HXD,SC,ASO,ES,Federal Contract Tower,10,12,27,4,53,0,0,2,2,4,10,12,29,6,57,0,8,8,65
10/17/2019,HXD,SC,ASO,ES,Federal Contract Tower,12,15,51,0,78,0,1,42,0,43,12,16,93,0,121,16,4,20,141
10/18/2019,HXD,SC,ASO,ES,Federal Contract Tower,10,20,40,0,70,0,0,48,0,48,10,20,88,0,118,4,2,6,124
10/19/2019,HXD,SC,ASO,ES,Federal Contract Tower,9,7,16,0,32,0,0,0,0,0,9,7,16,0,32,0,0,0,32
10/20/2019,HXD,SC,ASO,ES,Federal Contract Tower,10,19,49,0,78,0,0,20,0,20,10,19,69,0,98,6,0,6,104
10/21/2019,HXD,SC,ASO,ES,Federal Contract Tower,10,14,25,0,49,0,0,8,0,8,10,14,33,0,57,2,0,2,59
10/22/2019,HXD,SC,ASO,ES,Federal Contract Tower,10,7,26,0,43,0,0,18,0,18,10,7,44,0,61,0,0,0,61
10/23/2019,HXD,SC,ASO,ES,Federal Contract Tower,10,8,32,2,52,0,0,41,4,45,10,8,73,6,97,4,0,4,101
10/24/2019,HXD,SC,ASO,ES,Federal Contract Tower,10,22,35,0,67,0,0,37,2,39,10,22,72,2,106,0,0,0,106
10/25/2019,HXD,SC,ASO,ES,Federal Contract Tower,10,16,34,0,60,0,0,26,0,26,10,16,60,0,86,6,0,6,92
10/26/2019,HXD,SC,ASO,ES,Federal Contract Tower,11,12,28,0,51,0,5,19,0,24,11,17,47,0,75,0,0,0,75
10/27/2019,HXD,SC,ASO,ES,Federal Contract Tower,9,18,25,0,52,0,0,16,1,17,9,18,41,1,69,0,0,0,69
10/28/2019,HXD,SC,ASO,ES,Federal Contract Tower,10,7,37,6,60,0,0,24,1,25,10,7,61,7,85,44,16,60,145
10/29/2019,HXD,SC,ASO,ES,Federal Contract Tower,10,7,27,0,44,0,0,0,0,0,10,7,27,0,44,0,0,0,44
10/30/2019,HXD,SC,ASO,ES,Federal Contract Tower,9,10,22,0,41,0,0,3,0,3,9,10,25,0,44,6,0,6,50
10/31/2019,HXD,SC,ASO,ES,Federal Contract Tower,12,8,11,0,31,0,0,20,0,20,12,8,31,0,51,0,0,0,51
11/01/2019,HXD,SC,ASO,ES,Federal Contract Tower,10,13,39,0,62,0,0,38,0,38,10,13,77,0,100,0,0,0,100
11/02/2019,HXD,SC,ASO,ES,Federal Contract Tower,10,9,23,0,42,0,0,19,0,19,10,9,42,0,61,0,2,2,63
11/03/2019,HXD,SC,ASO,ES,Federal Contract Tower,8,6,52,0,66,0,0,61,0,61,8,6,113,0,127,28,0,28,155
11/04/2019,HXD,SC,ASO,ES,Federal Contract Tower,13,16,22,0,51,0,2,30,12,44,13,18,52,12,95,10,0,10,105
11/05/2019,HXD,SC,ASO,ES,Federal Contract Tower,10,10,28,0,48,0,0,16,0,16,10,10,44,0,64,2,0,2,66
11/06/2019,HXD,SC,ASO,ES,Federal Contract Tower,13,13,41,0,67,0,0,11,0,11,13,13,52,0,78,6,0,6,84
11/07/2019,HXD,SC,ASO,ES,Federal Contract Tower,10,9,41,0,60,0,0,2,0,2,10,9,43,0,62,0,0,0,62
11/08/2019,HXD,SC,ASO,ES,Federal Contract Tower,10,15,19,0,44,0,0,15,0,15,10,15,34,0,59,6,0,6,65
11/09/2019,HXD,SC,ASO,ES,Federal Contract Tower,10,5,15,3,33,0,0,65,0,65,10,5,80,3,98,30,0,30,128
11/10/2019,HXD,SC,ASO,ES,Federal Contract Tower,10,11,40,0,61,0,0,55,2,57,10,11,95,2,118,14,0,14,132
11/11/2019,HXD,SC,ASO,ES,Federal Contract Tower,10,6,21,0,37,0,0,30,2,32,10,6,51,2,69,26,0,26,95
11/12/2019,HXD,SC,ASO,ES,Federal Contract Tower,10,9,18,0,37,0,0,3,0,3,10,9,21,0,40,0,0,0,40
11/13/2019,HXD,SC,ASO,ES,Federal Contract Tower,10,5,26,2,43,0,0,24,0,24,10,5,50,2,67,2,0,2,69
11/14/2019,HXD,SC,ASO,ES,Federal Contract Tower,10,8,19,4,41,0,0,0,0,0,10,8,19,4,41,0,0,0,41
11/15/2019,HXD,SC,ASO,ES,Federal Contract Tower,9,12,16,0,37,0,0,2,0,2,9,12,18,0,39,0,0,0,39
11/16/2019,HXD,SC,ASO,ES,Federal Contract Tower,11,5,7,0,23,0,0,0,2,2,11,5,7,2,25,0,0,0,25
11/17/2019,HXD,SC,ASO,ES,Federal Contract Tower,11,10,16,0,37,0,1,21,4,26,11,11,37,4,63,2,0,2,65
11/18/2019,HXD,SC,ASO,ES,Federal Contract Tower,10,16,15,0,41,0,0,33,0,33,10,16,48,0,74,4,0,4,78
11/19/2019,HXD,SC,ASO,ES,Federal Contract Tower,10,20,21,0,51,0,0,30,2,32,10,20,51,2,83,16,0,16,99
11/20/2019,HXD,SC,ASO,ES,Federal Contract Tower,11,18,19,0,48,0,0,45,0,45,11,18,64,0,93,26,0,26,119
11/21/2019,HXD,SC,ASO,ES,Federal Contract Tower,11,15,22,1,49,0,0,33,1,34,11,15,55,2,83,2,0,2,85
11/22/2019,HXD,SC,ASO,ES,Federal Contract Tower,11,14,31,0,56,0,2,24,0,26,11,16,55,0,82,0,0,0,82
11/23/2019,HXD,SC,ASO,ES,Federal Contract Tower,10,18,25,0,53,0,5,34,0,39,10,23,59,0,92,8,0,8,100
11/24/2019,HXD,SC,ASO,ES,Federal Contract Tower,12,12,25,0,49,0,0,38,0,38,12,12,63,0,87,8,0,8,95
11/25/2019,HXD,SC,ASO,ES,Federal Contract Tower,11,9,31,2,53,0,0,38,5,43,11,9,69,7,96,0,0,0,96
11/26/2019,HXD,SC,ASO,ES,Federal Contract Tower,11,14,31,0,56,0,0,59,0,59,11,14,90,0,115,4,0,4,119
11/27/2019,HXD,SC,ASO,ES,Federal Contract Tower,12,11,43,0,66,0,1,30,0,31,12,12,73,0,97,8,0,8,105
11/28/2019,HXD,SC,ASO,ES,Federal Contract Tower,8,4,7,0,19,0,2,12,0,14,8,6,19,0,33,40,0,40,73
11/29/2019,HXD,SC,ASO,ES,Federal Contract Tower,11,14,27,0,52,0,0,53,0,53,11,14,80,0,105,14,0,14,119
11/30/2019,HXD,SC,ASO,ES,Federal Contract Tower,11,15,42,0,68,0,1,41,0,42,11,16,83,0,110,18,12,30,140
12/01/2019,HXD,SC,ASO,ES,Federal Contract Tower,10,22,29,0,61,0,0,10,0,10,10,22,39,0,71,2,0,2,73
12/02/2019,HXD,SC,ASO,ES,Federal Contract Tower,12,17,17,0,46,0,2,10,2,14,12,19,27,2,60,4,4,8,68
12/03/2019,HXD,SC,ASO,ES,Federal Contract Tower,11,6,16,0,33,0,0,12,0,12,11,6,28,0,45,0,0,0,45
12/04/2019,HXD,SC,ASO,ES,Federal Contract Tower,10,13,18,2,43,0,0,19,0,19,10,13,37,2,62,6,0,6,68
12/05/2019,HXD,SC,ASO,ES,Federal Contract Tower,10,5,22,1,38,0,0,40,0,40,10,5,62,1,78,32,0,32,110
12/06/2019,HXD,SC,ASO,ES,Federal Contract Tower,10,10,26,0,46,0,0,26,0,26,10,10,52,0,72,2,0,2,74
12/07/2019,HXD,SC,ASO,ES,Federal Contract Tower,11,8,15,2,36,0,0,30,2,32,11,8,45,4,68,6,2,8,76
12/08/2019,HXD,SC,ASO,ES,Federal Contract Tower,10,2,22,0,34,0,2,17,0,19,10,4,39,0,53,0,0,0,53
12/09/2019,HXD,SC,ASO,ES,Federal Contract Tower,12,6,22,0,40,0,0,10,2,12,12,6,32,2,52,0,0,0,52
12/10/2019,HXD,SC,ASO,ES,Federal Contract Tower,10,4,18,2,34,0,1,10,2,13,10,5,28,4,47,4,8,12,59
12/11/2019,HXD,SC,ASO,ES,Federal Contract Tower,10,15,16,0,41,0,0,9,0,9,10,15,25,0,50,0,0,0,50
12/12/2019,HXD,SC,ASO,ES,Federal Contract Tower,9,7,17,0,33,0,0,20,0,20,9,7,37,0,53,6,0,6,59
12/13/2019,HXD,SC,ASO,ES,Federal Contract Tower,18,9,14,0,41,0,0,0,0,0,18,9,14,0,41,0,0,0,41
12/14/2019,HXD,SC,ASO,ES,Federal Contract Tower,16,6,11,0,33,0,0,3,0,3,16,6,14,0,36,2,0,2,38
12/15/2019,HXD,SC,ASO,ES,Federal Contract Tower,10,11,21,0,42,0,0,61,0,61,10,11,82,0,103,14,0,14,117
12/16/2019,HXD,SC,ASO,ES,Federal Contract Tower,11,5,15,0,31,0,0,25,0,25,11,5,40,0,56,12,2,14,70
12/17/2019,HXD,SC,ASO,ES,Federal Contract Tower,10,7,14,0,31,0,0,0,0,0,10,7,14,0,31,0,0,0,31
12/18/2019,HXD,SC,ASO,ES,Federal Contract Tower,9,7,13,0,29,0,0,28,0,28,9,7,41,0,57,0,0,0,57
12/19/2019,HXD,SC,ASO,ES,Federal Contract Tower,11,4,13,0,28,0,0,39,0,39,11,4,52,0,67,8,0,8,75
12/20/2019,HXD,SC,ASO,ES,Federal Contract Tower,11,7,23,0,41,0,0,42,0,42,11,7,65,0,83,4,0,4,87
12/21/2019,HXD,SC,ASO,ES,Federal Contract Tower,11,8,23,0,42,0,2,42,0,44,11,10,65,0,86,42,0,42,128
12/22/2019,HXD,SC,ASO,ES,Federal Contract Tower,11,1,7,2,21,0,0,0,0,0,11,1,7,2,21,0,0,0,21
12/23/2019,HXD,SC,ASO,ES,Federal Contract Tower,11,3,12,0,26,0,0,0,0,0,11,3,12,0,26,0,0,0,26
12/24/2019,HXD,SC,ASO,ES,Federal Contract Tower,10,10,9,0,29,0,0,17,2,19,10,10,26,2,48,0,0,0,48
12/25/2019,HXD,SC,ASO,ES,Federal Contract Tower,10,5,4,0,19,0,0,5,0,5,10,5,9,0,24,0,0,0,24
12/26/2019,HXD,SC,ASO,ES,Federal Contract Tower,12,15,30,0,57,0,0,44,0,44,12,15,74,0,101,2,0,2,103
12/27/2019,HXD,SC,ASO,ES,Federal Contract Tower,9,11,32,0,52,0,0,60,4,64,9,11,92,4,116,12,0,12,128
12/28/2019,HXD,SC,ASO,ES,Federal Contract Tower,10,11,40,0,61,0,0,32,0,32,10,11,72,0,93,0,0,0,93
12/29/2019,HXD,SC,ASO,ES,Federal Contract Tower,12,9,27,0,48,0,0,23,0,23,12,9,50,0,71,0,0,0,71
12/30/2019,HXD,SC,ASO,ES,Federal Contract Tower,12,11,30,2,55,0,0,23,0,23,12,11,53,2,78,0,0,0,78
12/31/2019,HXD,SC,ASO,ES,Federal Contract Tower,12,1,16,0,29,0,0,42,0,42,12,1,58,0,71,0,0,0,71
01/01/2020,HXD,SC,ASO,ES,Federal Contract Tower,12,5,28,0,45,0,2,48,0,50,12,7,76,0,95,6,0,6,101
01/02/2020,HXD,SC,ASO,ES,Federal Contract Tower,12,9,14,2,37,0,0,56,0,56,12,9,70,2,93,14,6,20,113
01/03/2020,HXD,SC,ASO,ES,Federal Contract Tower,11,19,18,2,50,0,0,0,0,0,11,19,18,2,50,4,0,4,54
01/04/2020,HXD,SC,ASO,ES,Federal Contract Tower,11,9,16,0,36,0,0,1,0,1,11,9,17,0,37,0,0,0,37
01/05/2020,HXD,SC,ASO,ES,Federal Contract Tower,12,6,20,0,38,0,0,56,0,56,12,6,76,0,94,24,0,24,118
01/06/2020,HXD,SC,ASO,ES,Federal Contract Tower,11,9,12,0,32,0,0,23,0,23,11,9,35,0,55,10,2,12,67
01/07/2020,HXD,SC,ASO,ES,Federal Contract Tower,10,4,14,0,28,0,0,24,6,30,10,4,38,6,58,0,0,0,58
01/08/2020,HXD,SC,ASO,ES,Federal Contract Tower,12,4,9,0,25,0,0,41,0,41,12,4,50,0,66,18,0,18,84
01/09/2020,HXD,SC,ASO,ES,Federal Contract Tower,12,5,7,0,24,0,0,25,0,25,12,5,32,0,49,24,0,24,73
01/10/2020,HXD,SC,ASO,ES,Federal Contract Tower,11,8,13,0,32,0,0,27,0,27,11,8,40,0,59,6,0,6,65
01/11/2020,HXD,SC,ASO,ES,Federal Contract Tower,11,4,6,0,21,0,1,15,0,16,11,5,21,0,37,0,0,0,37
01/12/2020,HXD,SC,ASO,ES,Federal Contract Tower,10,4,20,0,34,0,0,0,0,0,10,4,20,0,34,4,0,4,38
01/13/2020,HXD,SC,ASO,ES,Federal Contract Tower,11,5,11,4,31,0,0,0,0,0,11,5,11,4,31,0,0,0,31
01/14/2020,HXD,SC,ASO,ES,Federal Contract Tower,15,2,11,0,28,0,0,23,0,23,15,2,34,0,51,0,0,0,51
01/15/2020,HXD,SC,ASO,ES,Federal Contract Tower,13,6,15,0,34,0,0,31,0,31,13,6,46,0,65,4,0,4,69
01/16/2020,HXD,SC,ASO,ES,Federal Contract Tower,10,6,20,0,36,0,0,15,0,15,10,6,35,0,51,0,0,0,51
01/17/2020,HXD,SC,ASO,ES,Federal Contract Tower,11,6,26,0,43,0,0,29,0,29,11,6,55,0,72,28,8,36,108
01/18/2020,HXD,SC,ASO,ES,Federal Contract Tower,12,5,11,0,28,0,0,29,0,29,12,5,40,0,57,6,0,6,63
01/19/2020,HXD,SC,ASO,ES,Federal Contract Tower,11,6,25,0,42,0,0,8,0,8,11,6,33,0,50,0,2,2,52
01/20/2020,HXD,SC,ASO,ES,Federal Contract Tower,11,3,19,0,33,0,0,24,0,24,11,3,43,0,57,8,0,8,65
01/21/2020,HXD,SC,ASO,ES,Federal Contract Tower,12,6,9,0,27,0,0,17,1,18,12,6,26,1,45,2,0,2,47
01/22/2020,HXD,SC,ASO,ES,Federal Contract Tower,11,10,21,1,43,0,2,39,1,42,11,12,60,2,85,6,0,6,91
01/23/2020,HXD,SC,ASO,ES,Federal Contract Tower,11,8,16,0,35,0,0,13,1,14,11,8,29,1,49,0,0,0,49
01/24/2020,HXD,SC,ASO,ES,Federal Contract Tower,11,7,10,0,28,0,0,5,0,5,11,7,15,0,33,6,0,6,39
01/25/2020,HXD,SC,ASO,ES,Federal Contract Tower,11,2,12,0,25,0,1,67,2,70,11,3,79,2,95,18,10,28,123
01/26/2020,HXD,SC,ASO,ES,Federal Contract Tower,11,7,18,0,36,0,0,37,0,37,11,7,55,0,73,14,0,14,87
01/27/2020,HXD,SC,ASO,ES,Federal Contract Tower,12,14,8,0,34,0,0,24,0,24,12,14,32,0,58,12,0,12,70
01/28/2020,HXD,SC,ASO,ES,Federal Contract Tower,11,2,22,0,35,0,0,45,1,46,11,2,67,1,81,14,0,14,95
01/29/2020,HXD,SC,ASO,ES,Federal Contract Tower,10,7,17,0,34,0,0,32,1,33,10,7,49,1,67,12,0,12,79
01/30/2020,HXD,SC,ASO,ES,Federal Contract Tower,11,7,15,0,33,0,0,28,0,28,11,7,43,0,61,0,0,0,61
01/31/2020,HXD,SC,ASO,ES,Federal Contract Tower,10,5,17,1,33,0,0,0,0,0,10,5,17,1,33,0,0,0,33
02/01/2020,HXD,SC,ASO,ES,Federal Contract Tower,12,2,13,0,27,0,0,0,0,0,12,2,13,0,27,0,0,0,27
02/02/2020,HXD,SC,ASO,ES,Federal Contract Tower,12,7,17,0,36,0,0,45,0,45,12,7,62,0,81,8,8,16,97
02/03/2020,HXD,SC,ASO,ES,Federal Contract Tower,10,9,12,0,31,0,1,48,0,49,10,10,60,0,80,12,2,14,94
02/04/2020,HXD,SC,ASO,ES,Federal Contract Tower,11,14,20,0,45,0,0,25,0,25,11,14,45,0,70,0,0,0,70
02/05/2020,HXD,SC,ASO,ES,Federal Contract Tower,11,10,13,2,36,0,0,25,0,25,11,10,38,2,61,16,8,24,85
02/06/2020,HXD,SC,ASO,ES,Federal Contract Tower,14,7,12,0,33,0,0,0,0,0,14,7,12,0,33,0,0,0,33
02/07/2020,HXD,SC,ASO,ES,Federal Contract Tower,10,10,18,0,38,0,0,4,0,4,10,10,22,0,42,0,0,0,42
02/08/2020,HXD,SC,ASO,ES,Federal Contract Tower,11,7,23,0,41,0,0,29,0,29,11,7,52,0,70,0,0,0,70
02/09/2020,HXD,SC,ASO,ES,Federal Contract Tower,11,9,21,0,41,0,0,45,0,45,11,9,66,0,86,6,0,6,92
02/10/2020,HXD,SC,ASO,ES,Federal Contract Tower,10,5,15,2,32,0,0,32,2,34,10,5,47,4,66,10,0,10,76
02/11/2020,HXD,SC,ASO,ES,Federal Contract Tower,11,4,23,0,38,0,2,38,0,40,11,6,61,0,78,0,2,2,80
02/12/2020,HXD,SC,ASO,ES,Federal Contract Tower,8,5,21,2,36,0,0,6,0,6,8,5,27,2,42,0,4,4,46
02/13/2020,HXD,SC,ASO,ES,Federal Contract Tower,10,7,18,0,35,0,0,0,0,0,10,7,18,0,35,0,0,0,35
02/14/2020,HXD,SC,ASO,ES,Federal Contract Tower,12,21,19,2,54,0,0,38,0,38,12,21,57,2,92,36,0,36,128
02/15/2020,HXD,SC,ASO,ES,Federal Contract Tower,12,6,18,0,36,0,0,52,0,52,12,6,70,0,88,0,0,0,88
02/16/2020,HXD,SC,ASO,ES,Federal Contract Tower,10,9,26,0,45,0,0,9,2,11,10,9,35,2,56,0,0,0,56
02/17/2020,HXD,SC,ASO,ES,Federal Contract Tower,10,9,29,0,48,0,0,12,0,12,10,9,41,0,60,12,0,12,72
02/18/2020,HXD,SC,ASO,ES,Federal Contract Tower,11,6,22,0,39,0,0,0,0,0,11,6,22,0,39,0,0,0,39
02/19/2020,HXD,SC,ASO,ES,Federal Contract Tower,10,11,23,0,44,0,0,10,0,10,10,11,33,0,54,14,0,14,68
02/20/2020,HXD,SC,ASO,ES,Federal Contract Tower,8,7,15,0,30,0,0,0,0,0,8,7,15,0,30,0,0,0,30
02/21/2020,HXD,SC,ASO,ES,Federal Contract Tower,11,10,24,0,45,0,2,8,4,14,11,12,32,4,59,6,0,6,65
02/22/2020,HXD,SC,ASO,ES,Federal Contract Tower,11,6,22,0,39,0,0,60,0,60,11,6,82,0,99,14,16,30,129
02/23/2020,HXD,SC,ASO,ES,Federal Contract Tower,10,13,27,0,50,0,0,59,0,59,10,13,86,0,109,0,0,0,109
02/24/2020,HXD,SC,ASO,ES,Federal Contract Tower,10,13,35,0,58,0,0,28,2,30,10,13,63,2,88,4,2,6,94
02/25/2020,HXD,SC,ASO,ES,Federal Contract Tower,11,9,5,0,25,0,0,6,0,6,11,9,11,0,31,2,0,2,33
02/26/2020,HXD,SC,ASO,ES,Federal Contract Tower,10,4,18,0,32,0,0,2,0,2,10,4,20,0,34,2,0,2,36
02/27/2020,HXD,SC,ASO,ES,Federal Contract Tower,10,7,29,0,46,0,0,20,0,20,10,7,49,0,66,0,0,0,66
02/28/2020,HXD,SC,ASO,ES,Federal Contract Tower,10,27,29,0,66,0,0,43,1,44,10,27,72,1,110,6,0,6,116
02/29/2020,HXD,SC,ASO,ES,Federal Contract Tower,11,11,19,4,45,0,0,26,0,26,11,11,45,4,71,4,2,6,77
03/01/2020,HXD,SC,ASO,ES,Federal Contract Tower,11,11,26,0,48,0,2,64,0,66,11,13,90,0,114,6,4,10,124
03/02/2020,HXD,SC,ASO,ES,Federal Contract Tower,11,8,18,0,37,0,3,26,1,30,11,11,44,1,67,0,2,2,69
03/03/2020,HXD,SC,ASO,ES,Federal Contract Tower,10,14,20,0,44,0,0,9,0,9,10,14,29,0,53,0,0,0,53
03/04/2020,HXD,SC,ASO,ES,Federal Contract Tower,10,9,19,0,38,0,0,0,0,0,10,9,19,0,38,0,0,0,38
03/05/2020,HXD,SC,ASO,ES,Federal Contract Tower,12,9,14,0,35,0,0,0,0,0,12,9,14,0,35,0,0,0,35
03/06/2020,HXD,SC,ASO,ES,Federal Contract Tower,14,14,27,0,55,0,0,14,0,14,14,14,41,0,69,0,0,0,69
03/07/2020,HXD,SC,ASO,ES,Federal Contract Tower,23,15,25,0,63,0,0,39,0,39,23,15,64,0,102,2,0,2,104
03/08/2020,HXD,SC,ASO,ES,Federal Contract Tower,15,14,26,0,55,0,0,49,1,50,15,14,75,1,105,0,0,0,105
03/09/2020,HXD,SC,ASO,ES,Federal Contract Tower,12,11,25,0,48,0,2,39,0,41,12,13,64,0,89,20,0,20,109
03/10/2020,HXD,SC,ASO,ES,Federal Contract Tower,13,12,20,0,45,0,0,35,2,37,13,12,55,2,82,0,2,2,84
03/11/2020,HXD,SC,ASO,ES,Federal Contract Tower,12,12,17,0,41,0,0,49,0,49,12,12,66,0,90,66,0,66,156
03/12/2020,HXD,SC,ASO,ES,Federal Contract Tower,12,12,30,0,54,0,0,33,0,33,12,12,63,0,87,43,0,43,130
03/13/2020,HXD,SC,ASO,ES,Federal Contract Tower,16,10,32,0,58,0,2,66,2,70,16,12,98,2,128,12,22,34,162
03/14/2020,HXD,SC,ASO,ES,Federal Contract Tower,22,11,28,0,61,0,0,40,0,40,22,11,68,0,101,28,0,28,129
03/15/2020,HXD,SC,ASO,ES,Federal Contract Tower,13,19,21,0,53,0,0,22,0,22,13,19,43,0,75,10,0,10,85
03/16/2020,HXD,SC,ASO,ES,Federal Contract Tower,13,11,27,0,51,0,0,3,0,3,13,11,30,0,54,0,0,0,54
03/17/2020,HXD,SC,ASO,ES,Federal Contract Tower,13,12,12,0,37,0,0,21,0,21,13,12,33,0,58,24,8,32,90
03/18/2020,HXD,SC,ASO,ES,Federal Contract Tower,16,13,27,0,56,0,0,5,0,5,16,13,32,0,61,0,0,0,61
03/19/2020,HXD,SC,ASO,ES,Federal Contract Tower,15,15,14,0,44,0,0,31,0,31,15,15,45,0,75,6,0,6,81
03/20/2020,HXD,SC,ASO,ES,Federal Contract Tower,13,9,28,2,52,0,0,29,0,29,13,9,57,2,81,4,0,4,85
03/21/2020,HXD,SC,ASO,ES,Federal Contract Tower,21,20,22,0,63,0,0,35,2,37,21,20,57,2,100,10,0,10,110
03/22/2020,HXD,SC,ASO,ES,Federal Contract Tower,12,7,9,0,28,0,0,0,0,0,12,7,9,0,28,2,0,2,30
03/25/2020,HXD,SC,ASO,ES,Federal Contract Tower,8,4,18,0,30,0,0,14,0,14,8,4,32,0,44,0,9,9,53
03/26/2020,HXD,SC,ASO,ES,Federal Contract Tower,11,10,22,0,43,0,0,19,0,19,11,10,41,0,62,0,0,0,62
03/27/2020,HXD,SC,ASO,ES,Federal Contract Tower,7,6,23,0,36,0,1,7,1,9,7,7,30,1,45,2,0,2,47
03/28/2020,HXD,SC,ASO,ES,Federal Contract Tower,10,6,12,0,28,0,0,23,0,23,10,6,35,0,51,12,0,12,63
03/29/2020,HXD,SC,ASO,ES,Federal Contract Tower,9,6,13,0,28,0,0,13,0,13,9,6,26,0,41,16,0,16,57
03/30/2020,HXD,SC,ASO,ES,Federal Contract Tower,9,3,5,0,17,0,0,26,0,26,9,3,31,0,43,4,0,4,47
03/31/2020,HXD,SC,ASO,ES,Federal Contract Tower,9,6,10,0,25,0,0,2,0,2,9,6,12,0,27,0,0,0,27
04/01/2020,HXD,SC,ASO,ES,Federal Contract Tower,6,5,2,0,13,0,0,7,0,7,6,5,9,0,20,0,0,0,20
04/02/2020,HXD,SC,ASO,ES,Federal Contract Tower,10,7,19,0,36,0,0,35,0,35,10,7,54,0,71,12,0,12,83
04/03/2020,HXD,SC,ASO,ES,Federal Contract Tower,9,1,12,0,22,0,3,33,0,36,9,4,45,0,58,0,0,0,58
04/07/2020,HXD,SC,ASO,ES,Federal Contract Tower,8,3,8,0,19,0,0,13,0,13,8,3,21,0,32,0,0,0,32
04/08/2020,HXD,SC,ASO,ES,Federal Contract Tower,10,5,9,0,24,0,0,9,0,9,10,5,18,0,33,0,0,0,33
04/09/2020,HXD,SC,ASO,ES,Federal Contract Tower,8,3,4,0,15,0,0,12,0,12,8,3,16,0,27,6,0,6,33
04/10/2020,HXD,SC,ASO,ES,Federal Contract Tower,7,1,8,0,16,0,0,16,3,19,7,1,24,3,35,8,0,8,43
04/11/2020,HXD,SC,ASO,ES,Federal Contract Tower,8,5,6,0,19,0,1,46,0,47,8,6,52,0,66,8,0,8,74
04/12/2020,HXD,SC,ASO,ES,Federal Contract Tower,4,3,0,0,7,0,0,2,0,2,4,3,2,0,9,0,0,0,9
04/13/2020,HXD,SC,ASO,ES,Federal Contract Tower,6,5,4,0,15,0,0,9,0,9,6,5,13,0,24,6,0,6,30
04/14/2020,HXD,SC,ASO,ES,Federal Contract Tower,6,1,8,2,17,0,0,32,2,34,6,1,40,4,51,36,0,36,87
04/15/2020,HXD,SC,ASO,ES,Federal Contract Tower,7,2,15,0,24,0,0,5,0,5,7,2,20,0,29,6,2,8,37
04/16/2020,HXD,SC,ASO,ES,Federal Contract Tower,5,5,12,0,22,0,0,29,0,29,5,5,41,0,51,34,0,34,85
04/17/2020,HXD,SC,ASO,ES,Federal Contract Tower,6,6,6,0,18,0,0,29,0,29,6,6,35,0,47,38,0,38,85
04/18/2020,HXD,SC,ASO,ES,Federal Contract Tower,6,7,8,0,21,0,0,3,0,3,6,7,11,0,24,4,0,4,28
04/19/2020,HXD,SC,ASO,ES,Federal Contract Tower,6,2,11,0,19,0,0,6,0,6,6,2,17,0,25,20,0,20,45
04/20/2020,HXD,SC,ASO,ES,Federal Contract Tower,6,1,12,0,19,0,0,5,0,5,6,1,17,0,24,14,0,14,38
04/21/2020,HXD,SC,ASO,ES,Federal Contract Tower,7,1,10,0,18,0,0,25,2,27,7,1,35,2,45,30,0,30,75
04/22/2020,HXD,SC,ASO,ES,Federal Contract Tower,7,6,11,0,24,0,0,25,0,25,7,6,36,0,49,30,0,30,79
04/23/2020,HXD,SC,ASO,ES,Federal Contract Tower,6,1,2,0,9,0,0,0,0,0,6,1,2,0,9,0,0,0,9
04/24/2020,HXD,SC,ASO,ES,Federal Contract Tower,6,10,18,0,34,0,0,27,0,27,6,10,45,0,61,36,0,36,97
04/25/2020,HXD,SC,ASO,ES,Federal Contract Tower,10,10,12,0,32,0,1,50,0,51,10,11,62,0,83,60,0,60,143
04/26/2020,HXD,SC,ASO,ES,Federal Contract Tower,7,1,15,0,23,0,0,20,0,20,7,1,35,0,43,2,10,12,55
04/27/2020,HXD,SC,ASO,ES,Federal Contract Tower,7,3,19,2,31,0,2,45,2,49,7,5,64,4,80,74,0,74,154
04/28/2020,HXD,SC,ASO,ES,Federal Contract Tower,6,6,12,0,24,0,1,38,0,39,6,7,50,0,63,16,0,16,79
04/29/2020,HXD,SC,ASO,ES,Federal Contract Tower,7,12,22,0,41,0,3,16,4,23,7,15,38,4,64,0,0,0,64
04/30/2020,HXD,SC,ASO,ES,Federal Contract Tower,7,4,10,0,21,0,1,8,2,11,7,5,18,2,32,0,0,0,32
05/01/2020,HXD,SC,ASO,ES,Federal Contract Tower,8,12,28,0,48,0,1,17,2,20,8,13,45,2,68,10,0,10,78
05/02/2020,HXD,SC,ASO,ES,Federal Contract Tower,8,10,18,0,36,0,1,47,0,48,8,11,65,0,84,6,0,6,90
05/03/2020,HXD,SC,ASO,ES,Federal Contract Tower,9,2,32,0,43,0,0,41,0,41,9,2,73,0,84,30,0,30,114
05/04/2020,HXD,SC,ASO,ES,Federal Contract Tower,5,4,19,0,28,0,0,49,0,49,5,4,68,0,77,42,0,42,119
05/05/2020,HXD,SC,ASO,ES,Federal Contract Tower,7,9,19,2,37,0,1,55,0,56,7,10,74,2,93,26,0,26,119
05/06/2020,HXD,SC,ASO,ES,Federal Contract Tower,6,9,26,0,41,0,1,30,2,33,6,10,56,2,74,2,0,2,76
05/07/2020,HXD,SC,ASO,ES,Federal Contract Tower,9,9,28,0,46,0,0,49,1,50,9,9,77,1,96,18,0,18,114
05/08/2020,HXD,SC,ASO,ES,Federal Contract Tower,8,9,37,0,54,0,2,34,0,36,8,11,71,0,90,10,0,10,100
05/09/2020,HXD,SC,ASO,ES,Federal Contract Tower,7,21,23,0,51,0,1,47,0,48,7,22,70,0,99,22,0,22,121
05/10/2020,HXD,SC,ASO,ES,Federal Contract Tower,8,11,14,0,33,0,0,40,0,40,8,11,54,0,73,34,0,34,107
05/11/2020,HXD,SC,ASO,ES,Federal Contract Tower,8,6,34,2,50,0,1,30,0,31,8,7,64,2,81,8,0,8,89
05/12/2020,HXD,SC,ASO,ES,Federal Contract Tower,7,0,31,2,40,0,1,38,0,39,7,1,69,2,79,29,0,29,108
05/13/2020,HXD,SC,ASO,ES,Federal Contract Tower,6,4,23,2,35,0,3,24,0,27,6,7,47,2,62,4,0,4,66
05/14/2020,HXD,SC,ASO,ES,Federal Contract Tower,7,11,23,0,41,0,1,20,0,21,7,12,43,0,62,4,0,4,66
05/15/2020,HXD,SC,ASO,ES,Federal Contract Tower,7,16,21,0,44,0,2,23,2,27,7,18,44,2,71,4,0,4,75
05/16/2020,HXD,SC,ASO,ES,Federal Contract Tower,8,12,23,0,43,0,2,52,0,54,8,14,75,0,97,0,0,0,97
05/17/2020,HXD,SC,ASO,ES,Federal Contract Tower,7,13,35,0,55,0,1,38,0,39,7,14,73,0,94,10,0,10,104
05/18/2020,HXD,SC,ASO,ES,Federal Contract Tower,9,9,24,0,42,0,0,17,0,17,9,9,41,0,59,16,0,16,75
05/19/2020,HXD,SC,ASO,ES,Federal Contract Tower,7,19,9,0,35,0,0,23,0,23,7,19,32,0,58,2,0,2,60
05/20/2020,HXD,SC,ASO,ES,Federal Contract Tower,6,8,21,0,35,0,0,11,0,11,6,8,32,0,46,0,0,0,46
05/21/2020,HXD,SC,ASO,ES,Federal Contract Tower,8,14,51,0,73,0,0,28,0,28,8,14,79,0,101,0,0,0,101
05/22/2020,HXD,SC,ASO,ES,Federal Contract Tower,8,20,34,0,62,0,2,57,1,60,8,22,91,1,122,0,0,0,122
05/23/2020,HXD,SC,ASO,ES,Federal Contract Tower,8,26,34,0,68,0,0,67,0,67,8,26,101,0,135,0,0,0,135
05/24/2020,HXD,SC,ASO,ES,Federal Contract Tower,8,8,17,0,33,0,0,59,0,59,8,8,76,0,92,30,0,30,122
05/25/2020,HXD,SC,ASO,ES,Federal Contract Tower,8,14,30,0,52,0,0,9,0,9,8,14,39,0,61,6,0,6,67
05/26/2020,HXD,SC,ASO,ES,Federal Contract Tower,7,10,32,0,49,0,0,0,0,0,7,10,32,0,49,0,0,0,49
05/27/2020,HXD,SC,ASO,ES,Federal Contract Tower,6,15,23,0,44,0,0,5,0,5,6,15,28,0,49,0,0,0,49
05/28/2020,HXD,SC,ASO,ES,Federal Contract Tower,7,14,27,2,50,0,0,15,0,15,7,14,42,2,65,12,0,12,77
05/29/2020,HXD,SC,ASO,ES,Federal Contract Tower,8,10,27,0,45,0,0,38,2,40,8,10,65,2,85,12,0,12,97
05/30/2020,HXD,SC,ASO,ES,Federal Contract Tower,8,21,43,0,72,0,0,43,0,43,8,21,86,0,115,16,0,16,131
05/31/2020,HXD,SC,ASO,ES,Federal Contract Tower,8,12,32,0,52,0,0,56,0,56,8,12,88,0,108,4,0,4,112
06/01/2020,HXD,SC,ASO,ES,Federal Contract Tower,8,10,35,2,55,0,0,29,0,29,8,10,64,2,84,12,0,12,96
06/02/2020,HXD,SC,ASO,ES,Federal Contract Tower,6,9,19,0,34,0,0,56,0,56,6,9,75,0,90,30,2,32,122
06/03/2020,HXD,SC,ASO,ES,Federal Contract Tower,7,13,43,2,65,0,0,50,2,52,7,13,93,4,117,10,0,10,127
06/04/2020,HXD,SC,ASO,ES,Federal Contract Tower,8,13,34,2,57,0,0,26,0,26,8,13,60,2,83,10,0,10,93
06/05/2020,HXD,SC,ASO,ES,Federal Contract Tower,8,26,30,0,64,0,1,30,0,31,8,27,60,0,95,10,0,10,105
06/06/2020,HXD,SC,ASO,ES,Federal Contract Tower,8,36,35,0,79,0,1,44,2,47,8,37,79,2,126,22,0,22,148
06/07/2020,HXD,SC,ASO,ES,Federal Contract Tower,9,17,42,0,68,0,0,36,0,36,9,17,78,0,104,12,0,12,116
06/08/2020,HXD,SC,ASO,ES,Federal Contract Tower,8,14,39,0,61,0,0,3,0,3,8,14,42,0,64,12,0,12,76
06/09/2020,HXD,SC,ASO,ES,Federal Contract Tower,8,14,30,0,52,0,0,44,4,48,8,14,74,4,100,16,0,16,116
06/10/2020,HXD,SC,ASO,ES,Federal Contract Tower,7,10,18,0,35,0,1,30,0,31,7,11,48,0,66,0,0,0,66
06/11/2020,HXD,SC,ASO,ES,Federal Contract Tower,8,12,30,0,50,0,2,23,0,25,8,14,53,0,75,0,0,0,75
06/12/2020,HXD,SC,ASO,ES,Federal Contract Tower,8,9,20,0,37,0,1,11,0,12,8,10,31,0,49,10,0,10,59
06/13/2020,HXD,SC,ASO,ES,Federal Contract Tower,8,31,43,0,82,0,0,51,0,51,8,31,94,0,133,4,0,4,137
06/14/2020,HXD,SC,ASO,ES,Federal Contract Tower,8,28,30,3,69,0,0,31,0,31,8,28,61,3,100,26,0,26,126
06/15/2020,HXD,SC,ASO,ES,Federal Contract Tower,8,33,30,2,73,0,0,10,0,10,8,33,40,2,83,0,0,0,83
06/16/2020,HXD,SC,ASO,ES,Federal Contract Tower,8,32,47,2,89,0,0,24,1,25,8,32,71,3,114,26,0,26,140
06/17/2020,HXD,SC,ASO,ES,Federal Contract Tower,7,17,32,2,58,0,0,25,0,25,7,17,57,2,83,24,2,26,109
06/18/2020,HXD,SC,ASO,ES,Federal Contract Tower,7,5,40,0,52,0,0,56,2,58,7,5,96,2,110,0,0,0,110
06/19/2020,HXD,SC,ASO,ES,Federal Contract Tower,7,16,32,0,55,0,1,71,0,72,7,17,103,0,127,16,0,16,143
06/20/2020,HXD,SC,ASO,ES,Federal Contract Tower,8,34,53,0,95,0,2,68,0,70,8,36,121,0,165,0,0,0,165
06/21/2020,HXD,SC,ASO,ES,Federal Contract Tower,7,34,35,0,76,0,0,47,0,47,7,34,82,0,123,4,0,4,127
06/22/2020,HXD,SC,ASO,ES,Federal Contract Tower,7,22,24,0,53,0,3,23,0,26,7,25,47,0,79,0,0,0,79
06/23/2020,HXD,SC,ASO,ES,Federal Contract Tower,7,10,24,0,41,0,0,42,0,42,7,10,66,0,83,4,0,4,87
06/24/2020,HXD,SC,ASO,ES,Federal Contract Tower,8,11,25,0,44,0,3,36,0,39,8,14,61,0,83,4,0,4,87
06/25/2020,HXD,SC,ASO,ES,Federal Contract Tower,8,16,19,0,43,0,1,43,0,44,8,17,62,0,87,0,0,0,87
06/26/2020,HXD,SC,ASO,ES,Federal Contract Tower,6,21,51,1,79,0,1,54,0,55,6,22,105,1,134,6,0,6,140
06/27/2020,HXD,SC,ASO,ES,Federal Contract Tower,8,14,40,0,62,0,0,51,0,51,8,14,91,0,113,2,0,2,115
06/28/2020,HXD,SC,ASO,ES,Federal Contract Tower,8,14,20,0,42,0,0,41,0,41,8,14,61,0,83,18,0,18,101
06/29/2020,HXD,SC,ASO,ES,Federal Contract Tower,8,7,23,0,38,0,0,11,0,11,8,7,34,0,49,0,0,0,49
06/30/2020,HXD,SC,ASO,ES,Federal Contract Tower,8,8,4,2,22,0,0,65,1,66,8,8,69,3,88,0,0,0,88
07/01/2020,HXD,SC,ASO,ES,Federal Contract Tower,6,11,21,2,40,0,1,47,0,48,6,12,68,2,88,0,0,0,88
07/02/2020,HXD,SC,ASO,ES,Federal Contract Tower,10,18,42,4,74,0,0,34,0,34,10,18,76,4,108,0,0,0,108
07/03/2020,HXD,SC,ASO,ES,Federal Contract Tower,10,11,21,0,42,0,0,43,0,43,10,11,64,0,85,16,0,16,101
07/04/2020,HXD,SC,ASO,ES,Federal Contract Tower,10,25,22,0,57,0,0,39,0,39,10,25,61,0,96,2,0,2,98
07/05/2020,HXD,SC,ASO,ES,Federal Contract Tower,9,21,24,0,54,0,0,66,0,66,9,21,90,0,120,8,0,8,128
07/06/2020,HXD,SC,ASO,ES,Federal Contract Tower,7,15,30,0,52,0,0,9,0,9,7,15,39,0,61,0,0,0,61
07/07/2020,HXD,SC,ASO,ES,Federal Contract Tower,5,8,24,0,37,0,0,8,0,8,5,8,32,0,45,0,0,0,45
07/08/2020,HXD,SC,ASO,ES,Federal Contract Tower,6,14,27,0,47,0,0,0,0,0,6,14,27,0,47,6,0,6,53
07/09/2020,HXD,SC,ASO,ES,Federal Contract Tower,10,11,21,2,44,0,0,39,4,43,10,11,60,6,87,0,10,10,97
07/10/2020,HXD,SC,ASO,ES,Federal Contract Tower,12,11,32,0,55,0,2,48,0,50,12,13,80,0,105,32,0,32,137
07/11/2020,HXD,SC,ASO,ES,Federal Contract Tower,20,26,40,0,86,0,1,44,4,49,20,27,84,4,135,42,0,42,177
07/12/2020,HXD,SC,ASO,ES,Federal Contract Tower,16,9,37,0,62,0,0,57,2,59,16,9,94,2,121,16,4,20,141
07/13/2020,HXD,SC,ASO,ES,Federal Contract Tower,12,5,14,2,33,0,0,29,0,29,12,5,43,2,62,4,0,4,66
07/14/2020,HXD,SC,ASO,ES,Federal Contract Tower,8,2,24,0,34,0,1,83,0,84,8,3,107,0,118,0,0,0,118
07/15/2020,HXD,SC,ASO,ES,Federal Contract Tower,7,10,20,0,37,0,0,51,0,51,7,10,71,0,88,22,0,22,110
07/16/2020,HXD,SC,ASO,ES,Federal Contract Tower,13,5,27,0,45,0,0,58,0,58,13,5,85,0,103,0,0,0,103
07/17/2020,HXD,SC,ASO,ES,Federal Contract Tower,14,5,28,0,47,0,1,44,0,45,14,6,72,0,92,12,0,12,104
07/18/2020,HXD,SC,ASO,ES,Federal Contract Tower,20,15,43,0,78,0,2,79,0,81,20,17,122,0,159,10,0,10,169
07/19/2020,HXD,SC,ASO,ES,Federal Contract Tower,15,13,23,0,51,0,0,59,0,59,15,13,82,0,110,22,0,22,132
07/20/2020,HXD,SC,ASO,ES,Federal Contract Tower,12,2,15,0,29,0,1,37,0,38,12,3,52,0,67,0,0,0,67
07/21/2020,HXD,SC,ASO,ES,Federal Contract Tower,6,3,19,4,32,0,1,34,2,37,6,4,53,6,69,0,0,0,69
07/22/2020,HXD,SC,ASO,ES,Federal Contract Tower,8,3,23,0,34,0,1,21,0,22,8,4,44,0,56,0,0,0,56
07/23/2020,HXD,SC,ASO,ES,Federal Contract Tower,12,13,28,3,56,0,2,60,8,70,12,15,88,11,126,0,2,2,128
07/24/2020,HXD,SC,ASO,ES,Federal Contract Tower,15,13,19,1,48,0,2,49,3,54,15,15,68,4,102,0,0,0,102
07/25/2020,HXD,SC,ASO,ES,Federal Contract Tower,20,23,31,0,74,0,2,55,0,57,20,25,86,0,131,10,0,10,141
07/26/2020,HXD,SC,ASO,ES,Federal Contract Tower,14,13,26,0,53,0,0,52,0,52,14,13,78,0,105,0,0,0,105
07/27/2020,HXD,SC,ASO,ES,Federal Contract Tower,12,4,19,0,35,0,0,27,0,27,12,4,46,0,62,2,2,4,66
07/28/2020,HXD,SC,ASO,ES,Federal Contract Tower,8,12,19,2,41,0,1,52,9,62,8,13,71,11,103,12,0,12,115
07/29/2020,HXD,SC,ASO,ES,Federal Contract Tower,8,9,24,0,41,0,1,41,0,42,8,10,65,0,83,2,0,2,85
07/30/2020,HXD,SC,ASO,ES,Federal Contract Tower,10,8,24,0,42,0,0,49,0,49,10,8,73,0,91,0,0,0,91
07/31/2020,HXD,SC,ASO,ES,Federal Contract Tower,14,14,34,0,62,0,0,82,0,82,14,14,116,0,144,8,0,8,152
08/01/2020,HXD,SC,ASO,ES,Federal Contract Tower,22,25,33,2,82,0,1,50,0,51,22,26,83,2,133,10,0,10,143
08/02/2020,HXD,SC,ASO,ES,Federal Contract Tower,16,7,36,0,59,0,0,45,0,45,16,7,81,0,104,4,0,4,108
08/03/2020,HXD,SC,ASO,ES,Federal Contract Tower,13,1,4,0,18,0,0,0,0,0,13,1,4,0,18,0,0,0,18
08/04/2020,HXD,SC,ASO,ES,Federal Contract Tower,8,13,25,1,47,0,3,15,1,19,8,16,40,2,66,6,0,6,72
08/05/2020,HXD,SC,ASO,ES,Federal Contract Tower,9,8,22,0,39,0,0,32,0,32,9,8,54,0,71,10,0,10,81
08/06/2020,HXD,SC,ASO,ES,Federal Contract Tower,14,6,36,0,56,0,0,43,0,43,14,6,79,0,99,2,2,4,103
08/07/2020,HXD,SC,ASO,ES,Federal Contract Tower,13,7,20,0,40,0,0,49,0,49,13,7,69,0,89,3,0,3,92
08/08/2020,HXD,SC,ASO,ES,Federal Contract Tower,24,18,23,0,65,0,0,76,0,76,24,18,99,0,141,4,0,4,145
08/09/2020,HXD,SC,ASO,ES,Federal Contract Tower,14,15,22,0,51,0,0,36,0,36,14,15,58,0,87,4,0,4,91
08/10/2020,HXD,SC,ASO,ES,Federal Contract Tower,13,8,24,0,45,0,0,28,0,28,13,8,52,0,73,8,0,8,81
08/11/2020,HXD,SC,ASO,ES,Federal Contract Tower,8,4,22,0,34,0,0,27,0,27,8,4,49,0,61,12,0,12,73
08/12/2020,HXD,SC,ASO,ES,Federal Contract Tower,9,7,16,0,32,0,0,36,0,36,9,7,52,0,68,6,0,6,74
08/13/2020,HXD,SC,ASO,ES,Federal Contract Tower,13,4,31,0,48,0,1,46,0,47,13,5,77,0,95,0,8,8,103
08/14/2020,HXD,SC,ASO,ES,Federal Contract Tower,15,12,18,2,47,0,0,50,0,50,15,12,68,2,97,14,0,14,111
08/15/2020,HXD,SC,ASO,ES,Federal Contract Tower,21,14,16,4,55,0,1,54,0,55,21,15,70,4,110,0,0,0,110
08/16/2020,HXD,SC,ASO,ES,Federal Contract Tower,15,7,45,2,69,0,0,81,0,81,15,7,126,2,150,12,0,12,162
08/17/2020,HXD,SC,ASO,ES,Federal Contract Tower,11,8,14,0,33,0,0,44,0,44,11,8,58,0,77,6,0,6,83
08/18/2020,HXD,SC,ASO,ES,Federal Contract Tower,8,11,17,0,36,0,0,48,0,48,8,11,65,0,84,14,0,14,98
08/19/2020,HXD,SC,ASO,ES,Federal Contract Tower,9,1,20,2,32,0,2,34,0,36,9,3,54,2,68,6,0,6,74
08/20/2020,HXD,SC,ASO,ES,Federal Contract Tower,14,6,24,0,44,0,0,33,2,35,14,6,57,2,79,16,0,16,95
08/21/2020,HXD,SC,ASO,ES,Federal Contract Tower,14,10,26,0,50,0,1,42,2,45,14,11,68,2,95,16,0,16,111
08/22/2020,HXD,SC,ASO,ES,Federal Contract Tower,21,17,17,2,57,0,0,54,0,54,21,17,71,2,111,4,0,4,115
08/23/2020,HXD,SC,ASO,ES,Federal Contract Tower,14,4,19,0,37,0,0,13,0,13,14,4,32,0,50,2,0,2,52
08/24/2020,HXD,SC,ASO,ES,Federal Contract Tower,16,2,18,0,36,0,0,4,0,4,16,2,22,0,40,6,4,10,50
08/25/2020,HXD,SC,ASO,ES,Federal Contract Tower,8,12,19,2,41,0,0,25,1,26,8,12,44,3,67,0,10,10,77
08/26/2020,HXD,SC,ASO,ES,Federal Contract Tower,9,2,30,0,41,0,1,33,2,36,9,3,63,2,77,4,0,4,81
08/27/2020,HXD,SC,ASO,ES,Federal Contract Tower,14,12,31,1,58,0,0,36,0,36,14,12,67,1,94,0,0,0,94
08/28/2020,HXD,SC,ASO,ES,Federal Contract Tower,14,7,18,0,39,0,1,26,0,27,14,8,44,0,66,6,2,8,74
08/29/2020,HXD,SC,ASO,ES,Federal Contract Tower,23,9,21,0,53,0,1,35,0,36,23,10,56,0,89,0,2,2,91
08/30/2020,HXD,SC,ASO,ES,Federal Contract Tower,14,14,30,0,58,0,0,59,0,59,14,14,89,0,117,6,12,18,135
08/31/2020,HXD,SC,ASO,ES,Federal Contract Tower,13,1,22,0,36,0,1,35,0,36,13,2,57,0,72,26,0,26,98
09/01/2020,HXD,SC,ASO,ES,Federal Contract Tower,8,7,15,0,30,0,1,38,8,47,8,8,53,8,77,46,8,54,131
09/02/2020,HXD,SC,ASO,ES,Federal Contract Tower,9,10,17,0,36,0,0,60,0,60,9,10,77,0,96,10,0,10,106
09/03/2020,HXD,SC,ASO,ES,Federal Contract Tower,15,10,24,0,49,0,0,61,1,62,15,10,85,1,111,8,0,8,119
09/04/2020,HXD,SC,ASO,ES,Federal Contract Tower,17,9,37,0,63,0,3,61,0,64,17,12,98,0,127,12,0,12,139
09/05/2020,HXD,SC,ASO,ES,Federal Contract Tower,22,10,22,0,54,0,1,47,0,48,22,11,69,0,102,8,0,8,110
09/06/2020,HXD,SC,ASO,ES,Federal Contract Tower,12,5,18,0,35,0,0,10,0,10,12,5,28,0,45,2,0,2,47
09/07/2020,HXD,SC,ASO,ES,Federal Contract Tower,16,22,42,0,80,0,0,44,0,44,16,22,86,0,124,14,0,14,138
09/08/2020,HXD,SC,ASO,ES,Federal Contract Tower,7,15,16,0,38,0,0,16,0,16,7,15,32,0,54,0,0,0,54
09/09/2020,HXD,SC,ASO,ES,Federal Contract Tower,8,12,16,0,36,0,0,8,0,8,8,12,24,0,44,0,0,0,44
09/10/2020,HXD,SC,ASO,ES,Federal Contract Tower,12,14,23,2,51,0,1,42,0,43,12,15,65,2,94,8,0,8,102
09/11/2020,HXD,SC,ASO,ES,Federal Contract Tower,12,14,27,0,53,0,0,22,0,22,12,14,49,0,75,4,0,4,79
09/12/2020,HXD,SC,ASO,ES,Federal Contract Tower,14,10,14,0,38,0,1,36,0,37,14,11,50,0,75,22,0,22,97
09/13/2020,HXD,SC,ASO,ES,Federal Contract Tower,12,10,29,0,51,0,0,31,0,31,12,10,60,0,82,10,6,16,98
09/14/2020,HXD,SC,ASO,ES,Federal Contract Tower,13,6,21,0,40,0,0,32,0,32,13,6,53,0,72,16,0,16,88
09/15/2020,HXD,SC,ASO,ES,Federal Contract Tower,8,5,22,0,35,0,0,18,2,20,8,5,40,2,55,6,0,6,61
09/16/2020,HXD,SC,ASO,ES,Federal Contract Tower,10,11,31,0,52,0,0,2,0,2,10,11,33,0,54,0,0,0,54
09/18/2020,HXD,SC,ASO,ES,Federal Contract Tower,12,16,23,4,55,0,1,24,0,25,12,17,47,4,80,0,0,0,80
09/19/2020,HXD,SC,ASO,ES,Federal Contract Tower,14,9,17,0,40,0,1,41,0,42,14,10,58,0,82,4,0,4,86
09/20/2020,HXD,SC,ASO,ES,Federal Contract Tower,12,19,38,0,69,0,0,36,0,36,12,19,74,0,105,0,0,0,105
09/21/2020,HXD,SC,ASO,ES,Federal Contract Tower,12,10,12,0,34,0,0,24,0,24,12,10,36,0,58,10,0,10,68
09/22/2020,HXD,SC,ASO,ES,Federal Contract Tower,8,19,21,0,48,0,0,53,1,54,8,19,74,1,102,22,14,36,138
09/23/2020,HXD,SC,ASO,ES,Federal Contract Tower,10,5,26,0,41,0,0,60,0,60,10,5,86,0,101,16,0,16,117
09/24/2020,HXD,SC,ASO,ES,Federal Contract Tower,12,20,29,0,61,0,0,41,2,43,12,20,70,2,104,8,0,8,112
09/25/2020,HXD,SC,ASO,ES,Federal Contract Tower,13,12,20,0,45,0,0,29,0,29,13,12,49,0,74,0,0,0,74
09/26/2020,HXD,SC,ASO,ES,Federal Contract Tower,14,9,29,0,52,0,0,47,0,47,14,9,76,0,99,8,0,8,107
09/27/2020,HXD,SC,ASO,ES,Federal Contract Tower,12,18,34,0,64,0,0,40,0,40,12,18,74,0,104,6,0,6,110
09/28/2020,HXD,SC,ASO,ES,Federal Contract Tower,12,5,16,0,33,0,0,4,0,4,12,5,20,0,37,0,0,0,37
09/29/2020,HXD,SC,ASO,ES,Federal Contract Tower,8,6,22,0,36,0,0,8,0,8,8,6,30,0,44,0,0,0,44
09/30/2020,HXD,SC,ASO,ES,Federal Contract Tower,10,15,16,0,41,0,0,73,0,73,10,15,89,0,114,14,0,14,128
10/01/2020,HXD,SC,ASO,ES,Federal Contract Tower,12,13,42,0,67,0,0,67,0,67,12,13,109,0,134,0,0,0,134
10/02/2020,HXD,SC,ASO,ES,Federal Contract Tower,12,10,36,2,60,0,1,67,0,68,12,11,103,2,128,6,6,12,140
10/03/2020,HXD,SC,ASO,ES,Federal Contract Tower,15,19,37,0,71,0,1,64,0,65,15,20,101,0,136,12,0,12,148
10/04/2020,HXD,SC,ASO,ES,Federal Contract Tower,12,14,34,0,60,0,0,51,0,51,12,14,85,0,111,2,0,2,113
10/05/2020,HXD,SC,ASO,ES,Federal Contract Tower,12,5,26,0,43,0,0,28,0,28,12,5,54,0,71,2,0,2,73
10/06/2020,HXD,SC,ASO,ES,Federal Contract Tower,7,14,21,0,42,0,0,11,0,11,7,14,32,0,53,2,0,2,55
10/07/2020,HXD,SC,ASO,ES,Federal Contract Tower,9,21,29,0,59,0,0,45,0,45,9,21,74,0,104,6,0,6,110
10/08/2020,HXD,SC,ASO,ES,Federal Contract Tower,10,18,31,0,59,0,0,52,0,52,10,18,83,0,111,6,4,10,121
10/09/2020,HXD,SC,ASO,ES,Federal Contract Tower,12,15,37,2,66,0,1,68,0,69,12,16,105,2,135,28,0,28,163
10/10/2020,HXD,SC,ASO,ES,Federal Contract Tower,14,11,35,0,60,0,0,34,0,34,14,11,69,0,94,8,0,8,102
10/11/2020,HXD,SC,ASO,ES,Federal Contract Tower,10,14,29,0,53,0,0,28,0,28,10,14,57,0,81,24,0,24,105
10/12/2020,HXD,SC,ASO,ES,Federal Contract Tower,11,16,39,0,66,0,1,25,0,26,11,17,64,0,92,18,0,18,110
10/13/2020,HXD,SC,ASO,ES,Federal Contract Tower,8,16,29,0,53,0,1,37,0,38,8,17,66,0,91,10,0,10,101
10/14/2020,HXD,SC,ASO,ES,Federal Contract Tower,8,20,49,3,80,0,0,44,2,46,8,20,93,5,126,0,0,0,126
10/15/2020,HXD,SC,ASO,ES,Federal Contract Tower,10,19,29,0,58,0,0,32,0,32,10,19,61,0,90,6,0,6,96
10/16/2020,HXD,SC,ASO,ES,Federal Contract Tower,10,14,34,2,60,0,0,55,0,55,10,14,89,2,115,4,6,10,125
10/17/2020,HXD,SC,ASO,ES,Federal Contract Tower,14,11,30,0,55,0,1,48,4,53,14,12,78,4,108,12,6,18,126
10/18/2020,HXD,SC,ASO,ES,Federal Contract Tower,11,25,38,0,74,0,0,67,0,67,11,25,105,0,141,0,0,0,141
10/19/2020,HXD,SC,ASO,ES,Federal Contract Tower,11,7,24,0,42,0,0,45,0,45,11,7,69,0,87,44,0,44,131
10/20/2020,HXD,SC,ASO,ES,Federal Contract Tower,7,13,30,2,52,0,0,20,0,20,7,13,50,2,72,0,0,0,72
10/21/2020,HXD,SC,ASO,ES,Federal Contract Tower,8,17,27,0,52,0,0,16,0,16,8,17,43,0,68,0,0,0,68
10/22/2020,HXD,SC,ASO,ES,Federal Contract Tower,10,20,35,2,67,0,0,47,4,51,10,20,82,6,118,6,4,10,128
10/23/2020,HXD,SC,ASO,ES,Federal Contract Tower,9,12,42,0,63,0,0,28,0,28,9,12,70,0,91,6,0,6,97
10/24/2020,HXD,SC,ASO,ES,Federal Contract Tower,15,16,42,0,73,0,0,54,0,54,15,16,96,0,127,4,0,4,131
10/25/2020,HXD,SC,ASO,ES,Federal Contract Tower,10,14,63,0,87,0,0,38,0,38,10,14,101,0,125,0,0,0,125
10/26/2020,HXD,SC,ASO,ES,Federal Contract Tower,10,7,43,0,60,0,0,4,2,6,10,7,47,2,66,0,0,0,66
10/27/2020,HXD,SC,ASO,ES,Federal Contract Tower,8,8,30,0,46,0,0,38,0,38,8,8,68,0,84,6,0,6,90
10/28/2020,HXD,SC,ASO,ES,Federal Contract Tower,9,7,31,4,51,0,1,32,4,37,9,8,63,8,88,0,4,4,92
10/29/2020,HXD,SC,ASO,ES,Federal Contract Tower,10,9,17,4,40,0,0,4,0,4,10,9,21,4,44,16,0,16,60
10/30/2020,HXD,SC,ASO,ES,Federal Contract Tower,10,12,39,2,63,0,2,53,0,55,10,14,92,2,118,10,0,10,128
10/31/2020,HXD,SC,ASO,ES,Federal Contract Tower,8,7,42,0,57,0,1,49,0,50,8,8,91,0,107,6,8,14,121
11/01/2020,HXD,SC,ASO,ES,Federal Contract Tower,6,12,27,0,45,0,0,15,0,15,6,12,42,0,60,0,0,0,60
11/02/2020,HXD,SC,ASO,ES,Federal Contract Tower,8,5,23,0,36,0,0,30,1,31,8,5,53,1,67,34,0,34,101
11/03/2020,HXD,SC,ASO,ES,Federal Contract Tower,8,5,21,0,34,0,0,61,1,62,8,5,82,1,96,12,0,12,108
11/04/2020,HXD,SC,ASO,ES,Federal Contract Tower,8,9,19,3,39,0,0,64,0,64,8,9,83,3,103,14,0,14,117
11/05/2020,HXD,SC,ASO,ES,Federal Contract Tower,12,14,37,0,63,0,0,51,0,51,12,14,88,0,114,0,2,2,116
11/06/2020,HXD,SC,ASO,ES,Federal Contract Tower,11,5,27,0,43,0,1,41,2,44,11,6,68,2,87,20,0,20,107
11/07/2020,HXD,SC,ASO,ES,Federal Contract Tower,12,12,18,0,42,0,2,45,0,47,12,14,63,0,89,0,0,0,89
11/08/2020,HXD,SC,ASO,ES,Federal Contract Tower,12,9,36,0,57,0,0,3,0,3,12,9,39,0,60,0,0,0,60
11/09/2020,HXD,SC,ASO,ES,Federal Contract Tower,12,6,28,2,48,0,0,13,0,13,12,6,41,2,61,0,4,4,65
11/10/2020,HXD,SC,ASO,ES,Federal Contract Tower,7,12,25,2,46,0,0,4,0,4,7,12,29,2,50,8,0,8,58
11/11/2020,HXD,SC,ASO,ES,Federal Contract Tower,8,9,8,2,27,0,0,18,0,18,8,9,26,2,45,6,0,6,51
11/12/2020,HXD,SC,ASO,ES,Federal Contract Tower,11,7,20,0,38,0,0,0,0,0,11,7,20,0,38,0,0,0,38
11/13/2020,HXD,SC,ASO,ES,Federal Contract Tower,11,16,39,2,68,0,1,35,4,40,11,17,74,6,108,0,12,12,120
11/14/2020,HXD,SC,ASO,ES,Federal Contract Tower,12,10,22,0,44,0,3,57,0,60,12,13,79,0,104,20,0,20,124
11/15/2020,HXD,SC,ASO,ES,Federal Contract Tower,13,17,25,0,55,0,0,30,0,30,13,17,55,0,85,12,0,12,97
11/16/2020,HXD,SC,ASO,ES,Federal Contract Tower,12,7,27,0,46,34,0,0,0,34,46,7,27,0,80,4,0,4,84
11/17/2020,HXD,SC,ASO,ES,Federal Contract Tower,8,7,30,4,49,0,0,51,2,53,8,7,81,6,102,0,0,0,102
11/18/2020,HXD,SC,ASO,ES,Federal Contract Tower,8,12,31,2,53,0,0,41,2,43,8,12,72,4,96,12,0,12,108
11/19/2020,HXD,SC,ASO,ES,Federal Contract Tower,12,11,24,0,47,0,0,51,0,51,12,11,75,0,98,40,0,40,138
11/20/2020,HXD,SC,ASO,ES,Federal Contract Tower,13,19,39,0,71,0,0,62,0,62,13,19,101,0,133,16,0,16,149
11/21/2020,HXD,SC,ASO,ES,Federal Contract Tower,12,19,27,0,58,0,1,73,0,74,12,20,100,0,132,8,0,8,140
11/22/2020,HXD,SC,ASO,ES,Federal Contract Tower,13,10,22,0,45,0,0,50,2,52,13,10,72,2,97,6,6,12,109
11/23/2020,HXD,SC,ASO,ES,Federal Contract Tower,12,5,31,2,50,0,2,28,0,30,12,7,59,2,80,10,2,12,92
11/24/2020,HXD,SC,ASO,ES,Federal Contract Tower,12,20,37,0,69,0,1,52,0,53,12,21,89,0,122,4,0,4,126
11/25/2020,HXD,SC,ASO,ES,Federal Contract Tower,14,18,28,4,64,0,0,66,0,66,14,18,94,4,130,20,8,28,158
11/26/2020,HXD,SC,ASO,ES,Federal Contract Tower,5,1,6,0,12,0,0,9,0,9,5,1,15,0,21,2,0,2,23
11/27/2020,HXD,SC,ASO,ES,Federal Contract Tower,12,10,26,0,48,0,0,43,0,43,12,10,69,0,91,6,0,6,97
11/28/2020,HXD,SC,ASO,ES,Federal Contract Tower,14,15,27,0,56,0,0,1,0,1,14,15,28,0,57,0,0,0,57
11/29/2020,HXD,SC,ASO,ES,Federal Contract Tower,12,22,39,0,73,0,0,0,0,0,12,22,39,0,73,0,0,0,73
11/30/2020,HXD,SC,ASO,ES,Federal Contract Tower,13,12,14,0,39,0,1,9,0,10,13,13,23,0,49,2,2,4,53
12/01/2020,HXD,SC,ASO,ES,Federal Contract Tower,10,9,16,2,37,0,1,17,0,18,10,10,33,2,55,0,0,0,55
12/02/2020,HXD,SC,ASO,ES,Federal Contract Tower,8,11,22,0,41,0,1,29,0,30,8,12,51,0,71,12,14,26,97
12/03/2020,HXD,SC,ASO,ES,Federal Contract Tower,11,9,23,0,43,0,1,31,0,32,11,10,54,0,75,14,0,14,89
12/04/2020,HXD,SC,ASO,ES,Federal Contract Tower,10,10,17,0,37,0,3,28,0,31,10,13,45,0,68,10,0,10,78
12/05/2020,HXD,SC,ASO,ES,Federal Contract Tower,9,7,9,0,25,0,0,28,0,28,9,7,37,0,53,6,0,6,59
12/06/2020,HXD,SC,ASO,ES,Federal Contract Tower,11,14,22,0,47,0,0,52,0,52,11,14,74,0,99,40,0,40,139
12/07/2020,HXD,SC,ASO,ES,Federal Contract Tower,11,5,9,0,25,0,0,14,2,16,11,5,23,2,41,0,4,4,45
12/08/2020,HXD,SC,ASO,ES,Federal Contract Tower,8,13,21,0,42,0,0,32,8,40,8,13,53,8,82,0,0,0,82
12/09/2020,HXD,SC,ASO,ES,Federal Contract Tower,7,18,31,0,56,0,0,20,0,20,7,18,51,0,76,14,0,14,90
12/10/2020,HXD,SC,ASO,ES,Federal Contract Tower,11,12,22,0,45,0,0,31,0,31,11,12,53,0,76,10,0,10,86
12/11/2020,HXD,SC,ASO,ES,Federal Contract Tower,11,11,22,1,45,0,1,45,6,52,11,12,67,7,97,36,2,38,135
12/12/2020,HXD,SC,ASO,ES,Federal Contract Tower,9,11,13,0,33,0,0,31,0,31,9,11,44,0,64,6,0,6,70
12/13/2020,HXD,SC,ASO,ES,Federal Contract Tower,9,7,33,0,49,0,0,5,4,9,9,7,38,4,58,0,0,0,58
12/14/2020,HXD,SC,ASO,ES,Federal Contract Tower,12,4,19,0,35,0,0,6,7,13,12,4,25,7,48,0,0,0,48
12/15/2020,HXD,SC,ASO,ES,Federal Contract Tower,7,15,17,0,39,0,0,18,0,18,7,15,35,0,57,0,0,0,57
12/16/2020,HXD,SC,ASO,ES,Federal Contract Tower,7,14,11,0,32,0,0,0,0,0,7,14,11,0,32,0,0,0,32
12/17/2020,HXD,SC,ASO,ES,Federal Contract Tower,10,11,26,0,47,0,0,5,0,5,10,11,31,0,52,0,0,0,52
12/18/2020,HXD,SC,ASO,ES,Federal Contract Tower,11,12,30,0,53,0,0,30,0,30,11,12,60,0,83,22,0,22,105
12/19/2020,HXD,SC,ASO,ES,Federal Contract Tower,11,13,28,0,52,0,0,41,0,41,11,13,69,0,93,18,4,22,115
12/20/2020,HXD,SC,ASO,ES,Federal Contract Tower,11,1,14,0,26,0,0,2,0,2,11,1,16,0,28,0,0,0,28
12/21/2020,HXD,SC,ASO,ES,Federal Contract Tower,10,8,18,0,36,0,0,19,0,19,10,8,37,0,55,22,0,22,77
12/22/2020,HXD,SC,ASO,ES,Federal Contract Tower,10,12,23,0,45,0,0,37,0,37,10,12,60,0,82,14,0,14,96
12/23/2020,HXD,SC,ASO,ES,Federal Contract Tower,11,9,30,0,50,0,0,37,0,37,11,9,67,0,87,22,0,22,109
12/24/2020,HXD,SC,ASO,ES,Federal Contract Tower,8,7,7,0,22,0,0,2,0,2,8,7,9,0,24,0,0,0,24
12/25/2020,HXD,SC,ASO,ES,Federal Contract Tower,7,11,4,0,22,0,0,7,0,7,7,11,11,0,29,0,0,0,29
12/26/2020,HXD,SC,ASO,ES,Federal Contract Tower,11,20,47,0,78,0,1,49,0,50,11,21,96,0,128,6,2,8,136
12/27/2020,HXD,SC,ASO,ES,Federal Contract Tower,10,12,42,0,64,0,0,42,0,42,10,12,84,0,106,6,0,6,112
12/28/2020,HXD,SC,ASO,ES,Federal Contract Tower,10,13,25,0,48,0,1,40,0,41,10,14,65,0,89,4,0,4,93
12/29/2020,HXD,SC,ASO,ES,Federal Contract Tower,11,16,42,0,69,0,0,48,0,48,11,16,90,0,117,8,0,8,125
12/30/2020,HXD,SC,ASO,ES,Federal Contract Tower,10,22,43,0,75,0,0,34,0,34,10,22,77,0,109,4,0,4,113
12/31/2020,HXD,SC,ASO,ES,Federal Contract Tower,8,6,28,0,42,0,1,20,0,21,8,7,48,0,63,6,0,6,69
01/01/2021,HXD,SC,ASO,ES,Federal Contract Tower,9,12,9,0,30,0,0,36,0,36,9,12,45,0,66,0,2,2,68
01/02/2021,HXD,SC,ASO,ES,Federal Contract Tower,9,11,38,0,58,0,0,2,0,2,9,11,40,0,60,0,0,0,60
01/03/2021,HXD,SC,ASO,ES,Federal Contract Tower,11,5,41,0,57,0,0,44,0,44,11,5,85,0,101,8,8,16,117
01/04/2021,HXD,SC,ASO,ES,Federal Contract Tower,7,9,38,0,54,0,0,46,0,46,7,9,84,0,100,16,0,16,116
01/05/2021,HXD,SC,ASO,ES,Federal Contract Tower,8,8,9,0,25,0,0,59,0,59,8,8,68,0,84,0,14,14,98
01/06/2021,HXD,SC,ASO,ES,Federal Contract Tower,8,3,25,0,36,0,0,49,0,49,8,3,74,0,85,24,0,24,109
01/07/2021,HXD,SC,ASO,ES,Federal Contract Tower,12,8,29,0,49,0,0,39,0,39,12,8,68,0,88,10,0,10,98
01/08/2021,HXD,SC,ASO,ES,Federal Contract Tower,10,6,20,0,36,0,0,0,0,0,10,6,20,0,36,0,0,0,36
01/09/2021,HXD,SC,ASO,ES,Federal Contract Tower,8,8,32,0,48,0,1,29,0,30,8,9,61,0,78,24,0,24,102
01/10/2021,HXD,SC,ASO,ES,Federal Contract Tower,12,13,21,0,46,0,0,39,0,39,12,13,60,0,85,6,0,6,91
01/11/2021,HXD,SC,ASO,ES,Federal Contract Tower,10,6,16,0,32,0,1,18,0,19,10,7,34,0,51,8,4,12,63
01/12/2021,HXD,SC,ASO,ES,Federal Contract Tower,8,6,18,2,34,0,0,2,0,2,8,6,20,2,36,0,0,0,36
01/13/2021,HXD,SC,ASO,ES,Federal Contract Tower,7,9,25,2,43,0,0,23,2,25,7,9,48,4,68,14,0,14,82
01/14/2021,HXD,SC,ASO,ES,Federal Contract Tower,11,9,21,0,41,0,0,48,0,48,11,9,69,0,89,10,0,10,99
01/15/2021,HXD,SC,ASO,ES,Federal Contract Tower,10,7,24,0,41,0,1,9,0,10,10,8,33,0,51,0,0,0,51
01/16/2021,HXD,SC,ASO,ES,Federal Contract Tower,7,7,8,0,22,0,0,31,0,31,7,7,39,0,53,4,4,8,61
01/17/2021,HXD,SC,ASO,ES,Federal Contract Tower,9,7,27,0,43,0,0,47,0,47,9,7,74,0,90,8,0,8,98
01/18/2021,HXD,SC,ASO,ES,Federal Contract Tower,11,14,34,0,59,0,0,28,0,28,11,14,62,0,87,14,10,24,111
01/19/2021,HXD,SC,ASO,ES,Federal Contract Tower,8,4,14,2,28,0,0,55,2,57,8,4,69,4,85,18,0,18,103
01/20/2021,HXD,SC,ASO,ES,Federal Contract Tower,9,4,16,0,29,0,4,30,0,34,9,8,46,0,63,4,0,4,67
01/21/2021,HXD,SC,ASO,ES,Federal Contract Tower,11,13,26,3,53,0,0,26,0,26,11,13,52,3,79,0,0,0,79
01/22/2021,HXD,SC,ASO,ES,Federal Contract Tower,12,14,17,0,43,0,0,1,0,1,12,14,18,0,44,0,0,0,44
01/23/2021,HXD,SC,ASO,ES,Federal Contract Tower,7,10,19,0,36,0,0,54,2,56,7,10,73,2,92,14,4,18,110
01/24/2021,HXD,SC,ASO,ES,Federal Contract Tower,9,11,24,0,44,0,0,38,0,38,9,11,62,0,82,0,0,0,82
01/25/2021,HXD,SC,ASO,ES,Federal Contract Tower,9,15,9,4,37,0,1,12,0,13,9,16,21,4,50,0,0,0,50
01/26/2021,HXD,SC,ASO,ES,Federal Contract Tower,8,9,20,2,39,0,0,8,0,8,8,9,28,2,47,4,0,4,51
01/27/2021,HXD,SC,ASO,ES,Federal Contract Tower,8,6,12,0,26,0,1,2,0,3,8,7,14,0,29,0,0,0,29
01/28/2021,HXD,SC,ASO,ES,Federal Contract Tower,11,11,21,0,43,0,0,30,0,30,11,11,51,0,73,4,0,4,77
01/29/2021,HXD,SC,ASO,ES,Federal Contract Tower,11,19,22,0,52,0,0,47,0,47,11,19,69,0,99,6,0,6,105
01/30/2021,HXD,SC,ASO,ES,Federal Contract Tower,9,13,26,0,48,0,1,69,2,72,9,14,95,2,120,0,0,0,120
01/31/2021,HXD,SC,ASO,ES,Federal Contract Tower,10,9,4,0,23,0,0,2,0,2,10,9,6,0,25,0,0,0,25
02/01/2021,HXD,SC,ASO,ES,Federal Contract Tower,9,10,13,0,32,0,0,1,0,1,9,10,14,0,33,0,0,0,33
02/02/2021,HXD,SC,ASO,ES,Federal Contract Tower,9,11,11,1,32,0,1,10,0,11,9,12,21,1,43,0,10,10,53
02/03/2021,HXD,SC,ASO,ES,Federal Contract Tower,8,6,17,0,31,0,0,47,0,47,8,6,64,0,78,4,6,10,88
02/04/2021,HXD,SC,ASO,ES,Federal Contract Tower,13,5,21,4,43,0,1,36,0,37,13,6,57,4,80,18,0,18,98
02/05/2021,HXD,SC,ASO,ES,Federal Contract Tower,11,12,18,0,41,0,1,14,0,15,11,13,32,0,56,6,0,6,62
02/06/2021,HXD,SC,ASO,ES,Federal Contract Tower,8,13,13,0,34,0,1,18,0,19,8,14,31,0,53,6,0,6,59
02/07/2021,HXD,SC,ASO,ES,Federal Contract Tower,10,10,23,2,45,0,0,24,0,24,10,10,47,2,69,38,8,46,115
02/08/2021,HXD,SC,ASO,ES,Federal Contract Tower,11,12,8,2,33,0,1,26,0,27,11,13,34,2,60,32,4,36,96
02/09/2021,HXD,SC,ASO,ES,Federal Contract Tower,8,8,12,0,28,0,0,3,0,3,8,8,15,0,31,0,0,0,31
02/10/2021,HXD,SC,ASO,ES,Federal Contract Tower,8,13,23,0,44,0,0,1,0,1,8,13,24,0,45,6,0,6,51
02/11/2021,HXD,SC,ASO,ES,Federal Contract Tower,3,6,5,4,18,0,0,0,0,0,3,6,5,4,18,0,0,0,18
02/12/2021,HXD,SC,ASO,ES,Federal Contract Tower,3,3,11,0,17,0,0,0,0,0,3,3,11,0,17,0,0,0,17
02/13/2021,HXD,SC,ASO,ES,Federal Contract Tower,6,16,3,0,25,0,0,0,0,0,6,16,3,0,25,0,0,0,25
02/14/2021,HXD,SC,ASO,ES,Federal Contract Tower,10,12,9,0,31,0,0,0,0,0,10,12,9,0,31,0,0,0,31
02/15/2021,HXD,SC,ASO,ES,Federal Contract Tower,5,6,10,0,21,0,0,0,0,0,5,6,10,0,21,8,0,8,29
02/16/2021,HXD,SC,ASO,ES,Federal Contract Tower,10,7,11,2,30,0,0,36,0,36,10,7,47,2,66,0,4,4,70
02/17/2021,HXD,SC,ASO,ES,Federal Contract Tower,8,16,26,2,52,0,0,40,0,40,8,16,66,2,92,6,6,12,104
02/18/2021,HXD,SC,ASO,ES,Federal Contract Tower,1,0,5,0,6,0,0,0,0,0,1,0,5,0,6,0,0,0,6
02/19/2021,HXD,SC,ASO,ES,Federal Contract Tower,10,9,34,0,53,0,0,1,0,1,10,9,35,0,54,0,0,0,54
02/20/2021,HXD,SC,ASO,ES,Federal Contract Tower,9,15,30,2,56,0,0,58,0,58,9,15,88,2,114,12,0,12,126
02/21/2021,HXD,SC,ASO,ES,Federal Contract Tower,11,11,13,0,35,0,0,67,0,67,11,11,80,0,102,2,0,2,104
02/22/2021,HXD,SC,ASO,ES,Federal Contract Tower,10,11,10,1,32,0,0,9,2,11,10,11,19,3,43,4,0,4,47
02/23/2021,HXD,SC,ASO,ES,Federal Contract Tower,7,7,17,0,31,0,0,38,0,38,7,7,55,0,69,8,4,12,81
02/24/2021,HXD,SC,ASO,ES,Federal Contract Tower,8,9,22,0,39,0,0,61,2,63,8,9,83,2,102,2,10,12,114
02/25/2021,HXD,SC,ASO,ES,Federal Contract Tower,12,19,30,2,63,0,1,60,0,61,12,20,90,2,124,30,0,30,154
02/26/2021,HXD,SC,ASO,ES,Federal Contract Tower,11,15,19,2,47,0,0,49,4,53,11,15,68,6,100,8,6,14,114
02/27/2021,HXD,SC,ASO,ES,Federal Contract Tower,7,14,16,0,37,0,0,67,0,67,7,14,83,0,104,12,0,12,116
02/28/2021,HXD,SC,ASO,ES,Federal Contract Tower,11,16,21,4,52,0,0,32,0,32,11,16,53,4,84,0,0,0,84
03/01/2021,HXD,SC,ASO,ES,Federal Contract Tower,11,7,20,0,38,0,0,23,0,23,11,7,43,0,61,8,0,8,69
03/02/2021,HXD,SC,ASO,ES,Federal Contract Tower,11,8,29,0,48,0,0,10,2,12,11,8,39,2,60,0,0,0,60
03/03/2021,HXD,SC,ASO,ES,Federal Contract Tower,12,13,17,0,42,0,1,16,0,17,12,14,33,0,59,0,0,0,59
03/04/2021,HXD,SC,ASO,ES,Federal Contract Tower,21,10,34,0,65,0,2,75,0,77,21,12,109,0,142,10,6,16,158
03/05/2021,HXD,SC,ASO,ES,Federal Contract Tower,21,23,29,0,73,0,0,65,0,65,21,23,94,0,138,4,4,8,146
03/06/2021,HXD,SC,ASO,ES,Federal Contract Tower,22,10,17,0,49,0,1,36,0,37,22,11,53,0,86,2,0,2,88
03/07/2021,HXD,SC,ASO,ES,Federal Contract Tower,20,15,29,0,64,0,0,49,0,49,20,15,78,0,113,10,0,10,123
03/08/2021,HXD,SC,ASO,ES,Federal Contract Tower,22,11,22,0,55,0,0,55,0,55,22,11,77,0,110,0,12,12,122
03/09/2021,HXD,SC,ASO,ES,Federal Contract Tower,16,17,22,0,55,0,0,35,0,35,16,17,57,0,90,10,0,10,100
03/10/2021,HXD,SC,ASO,ES,Federal Contract Tower,14,12,24,0,50,0,1,60,2,63,14,13,84,2,113,10,2,12,125
03/11/2021,HXD,SC,ASO,ES,Federal Contract Tower,21,30,30,0,81,0,1,56,2,59,21,31,86,2,140,2,4,6,146
03/12/2021,HXD,SC,ASO,ES,Federal Contract Tower,19,29,48,0,96,0,0,70,0,70,19,29,118,0,166,26,12,38,204
03/13/2021,HXD,SC,ASO,ES,Federal Contract Tower,22,20,34,2,78,0,1,65,0,66,22,21,99,2,144,20,0,20,164
03/14/2021,HXD,SC,ASO,ES,Federal Contract Tower,22,33,51,2,108,0,0,81,0,81,22,33,132,2,189,14,0,14,203
03/15/2021,HXD,SC,ASO,ES,Federal Contract Tower,20,8,27,3,58,0,0,22,1,23,20,8,49,4,81,0,0,0,81
03/16/2021,HXD,SC,ASO,ES,Federal Contract Tower,18,12,36,0,66,0,0,48,4,52,18,12,84,4,118,26,0,26,144
03/17/2021,HXD,SC,ASO,ES,Federal Contract Tower,15,14,42,1,72,0,0,6,0,6,15,14,48,1,78,0,0,0,78
03/18/2021,HXD,SC,ASO,ES,Federal Contract Tower,22,12,18,0,52,0,0,1,0,1,22,12,19,0,53,0,0,0,53
03/19/2021,HXD,SC,ASO,ES,Federal Contract Tower,19,16,45,8,88,0,0,58,0,58,19,16,103,8,146,0,0,0,146
03/20/2021,HXD,SC,ASO,ES,Federal Contract Tower,22,26,39,0,87,0,0,47,0,47,22,26,86,0,134,0,0,0,134
03/21/2021,HXD,SC,ASO,ES,Federal Contract Tower,20,17,15,0,52,0,0,0,0,0,20,17,15,0,52,2,0,2,54
03/22/2021,HXD,SC,ASO,ES,Federal Contract Tower,20,17,28,10,75,0,1,55,0,56,20,18,83,10,131,14,2,16,147
03/23/2021,HXD,SC,ASO,ES,Federal Contract Tower,15,12,26,0,53,0,1,36,2,39,15,13,62,2,92,36,20,56,148
03/24/2021,HXD,SC,ASO,ES,Federal Contract Tower,15,11,38,0,64,0,1,65,0,66,15,12,103,0,130,16,2,18,148
03/25/2021,HXD,SC,ASO,ES,Federal Contract Tower,20,14,56,0,90,0,0,26,0,26,20,14,82,0,116,4,2,6,122
03/26/2021,HXD,SC,ASO,ES,Federal Contract Tower,19,15,32,0,66,0,2,44,2,48,19,17,76,2,114,28,0,28,142
03/27/2021,HXD,SC,ASO,ES,Federal Contract Tower,22,27,45,0,94,0,0,80,0,80,22,27,125,0,174,6,0,6,180
03/28/2021,HXD,SC,ASO,ES,Federal Contract Tower,20,23,29,0,72,0,0,62,0,62,20,23,91,0,134,6,0,6,140
03/29/2021,HXD,SC,ASO,ES,Federal Contract Tower,19,18,30,0,67,0,0,58,2,60,19,18,88,2,127,0,14,14,141
03/30/2021,HXD,SC,ASO,ES,Federal Contract Tower,15,11,34,2,62,0,0,64,6,70,15,11,98,8,132,2,0,2,134
03/31/2021,HXD,SC,ASO,ES,Federal Contract Tower,17,25,15,4,61,0,0,33,2,35,17,25,48,6,96,6,4,10,106
04/01/2021,HXD,SC,ASO,ES,Federal Contract Tower,20,22,35,0,77,0,0,83,0,83,20,22,118,0,160,6,0,6,166
04/02/2021,HXD,SC,ASO,ES,Federal Contract Tower,19,23,35,0,77,0,1,71,2,74,19,24,106,2,151,10,2,12,163
04/03/2021,HXD,SC,ASO,ES,Federal Contract Tower,31,15,28,0,74,0,0,101,0,101,31,15,129,0,175,14,0,14,189
04/04/2021,HXD,SC,ASO,ES,Federal Contract Tower,18,13,14,0,45,0,0,55,0,55,18,13,69,0,100,0,0,0,100
04/05/2021,HXD,SC,ASO,ES,Federal Contract Tower,19,30,34,0,83,0,3,106,0,109,19,33,140,0,192,18,8,26,218
04/06/2021,HXD,SC,ASO,ES,Federal Contract Tower,14,27,16,0,57,0,0,77,0,77,14,27,93,0,134,4,0,4,138
04/07/2021,HXD,SC,ASO,ES,Federal Contract Tower,15,22,27,3,67,0,3,49,0,52,15,25,76,3,119,2,0,2,121
04/08/2021,HXD,SC,ASO,ES,Federal Contract Tower,19,25,42,0,86,0,0,56,0,56,19,25,98,0,142,8,0,8,150
04/09/2021,HXD,SC,ASO,ES,Federal Contract Tower,20,11,22,0,53,0,1,79,0,80,20,12,101,0,133,0,6,6,139
04/10/2021,HXD,SC,ASO,ES,Federal Contract Tower,29,12,40,1,82,0,0,75,1,76,29,12,115,2,158,4,0,4,162
04/11/2021,HXD,SC,ASO,ES,Federal Contract Tower,16,19,41,0,76,0,0,45,0,45,16,19,86,0,121,0,0,0,121
04/12/2021,HXD,SC,ASO,ES,Federal Contract Tower,21,28,50,0,99,0,0,53,0,53,21,28,103,0,152,0,0,0,152
04/13/2021,HXD,SC,ASO,ES,Federal Contract Tower,16,23,29,0,68,0,0,58,3,61,16,23,87,3,129,10,0,10,139
04/14/2021,HXD,SC,ASO,ES,Federal Contract Tower,18,13,52,2,85,0,0,55,0,55,18,13,107,2,140,12,2,14,154
04/15/2021,HXD,SC,ASO,ES,Federal Contract Tower,20,21,30,0,71,0,0,36,0,36,20,21,66,0,107,0,2,2,109
04/16/2021,HXD,SC,ASO,ES,Federal Contract Tower,20,19,36,1,76,0,1,72,0,73,20,20,108,1,149,4,0,4,153
04/17/2021,HXD,SC,ASO,ES,Federal Contract Tower,29,20,51,0,100,0,0,52,0,52,29,20,103,0,152,0,10,10,162
04/18/2021,HXD,SC,ASO,ES,Federal Contract Tower,18,40,56,0,114,0,0,30,0,30,18,40,86,0,144,2,0,2,146
04/19/2021,HXD,SC,ASO,ES,Federal Contract Tower,19,20,50,2,91,0,1,28,0,29,19,21,78,2,120,10,0,10,130
04/20/2021,HXD,SC,ASO,ES,Federal Contract Tower,16,16,38,0,70,0,1,53,0,54,16,17,91,0,124,0,0,0,124
04/21/2021,HXD,SC,ASO,ES,Federal Contract Tower,17,18,32,2,69,0,0,28,0,28,17,18,60,2,97,0,4,4,101
04/22/2021,HXD,SC,ASO,ES,Federal Contract Tower,20,12,45,0,77,0,0,44,1,45,20,12,89,1,122,4,2,6,128
04/23/2021,HXD,SC,ASO,ES,Federal Contract Tower,22,20,37,6,85,0,0,92,0,92,22,20,129,6,177,14,2,16,193
04/24/2021,HXD,SC,ASO,ES,Federal Contract Tower,27,11,26,0,64,0,0,19,0,19,27,11,45,0,83,12,0,12,95
04/25/2021,HXD,SC,ASO,ES,Federal Contract Tower,19,41,80,0,140,0,0,65,0,65,19,41,145,0,205,0,0,0,205
04/26/2021,HXD,SC,ASO,ES,Federal Contract Tower,20,17,31,0,68,0,0,66,0,66,20,17,97,0,134,12,0,12,146
04/27/2021,HXD,SC,ASO,ES,Federal Contract Tower,16,17,32,1,66,0,0,73,1,74,16,17,105,2,140,6,0,6,146
04/28/2021,HXD,SC,ASO,ES,Federal Contract Tower,18,15,41,0,74,0,0,42,2,44,18,15,83,2,118,10,0,10,128
04/29/2021,HXD,SC,ASO,ES,Federal Contract Tower,20,12,50,0,82,0,0,44,0,44,20,12,94,0,126,0,0,0,126
04/30/2021,HXD,SC,ASO,ES,Federal Contract Tower,19,28,41,0,88,0,0,59,0,59,19,28,100,0,147,0,0,0,147
05/01/2021,HXD,SC,ASO,ES,Federal Contract Tower,30,21,28,0,79,0,0,83,0,83,30,21,111,0,162,0,0,0,162
05/02/2021,HXD,SC,ASO,ES,Federal Contract Tower,18,27,47,2,94,0,0,65,0,65,18,27,112,2,159,0,6,6,165
05/03/2021,HXD,SC,ASO,ES,Federal Contract Tower,18,13,39,0,70,0,0,19,0,19,18,13,58,0,89,4,4,8,97
05/04/2021,HXD,SC,ASO,ES,Federal Contract Tower,13,18,23,2,56,0,0,28,0,28,13,18,51,2,84,0,2,2,86
05/05/2021,HXD,SC,ASO,ES,Federal Contract Tower,19,20,19,1,59,0,0,27,0,27,19,20,46,1,86,0,0,0,86
05/06/2021,HXD,SC,ASO,ES,Federal Contract Tower,25,16,48,0,89,0,0,83,2,85,25,16,131,2,174,14,0,14,188
05/07/2021,HXD,SC,ASO,ES,Federal Contract Tower,27,13,33,4,77,0,0,29,0,29,27,13,62,4,106,0,0,0,106
05/08/2021,HXD,SC,ASO,ES,Federal Contract Tower,35,30,45,1,111,0,0,109,2,111,35,30,154,3,222,0,0,0,222
05/09/2021,HXD,SC,ASO,ES,Federal Contract Tower,24,9,41,0,74,0,0,76,0,76,24,9,117,0,150,0,0,0,150
05/10/2021,HXD,SC,ASO,ES,Federal Contract Tower,22,15,31,2,70,0,0,36,2,38,22,15,67,4,108,0,0,0,108
05/11/2021,HXD,SC,ASO,ES,Federal Contract Tower,18,6,21,0,45,0,0,60,0,60,18,6,81,0,105,6,0,6,111
05/12/2021,HXD,SC,ASO,ES,Federal Contract Tower,21,16,21,0,58,0,0,10,0,10,21,16,31,0,68,0,0,0,68
05/13/2021,HXD,SC,ASO,ES,Federal Contract Tower,24,37,81,0,142,0,0,59,0,59,24,37,140,0,201,0,2,2,203
05/14/2021,HXD,SC,ASO,ES,Federal Contract Tower,24,15,39,2,80,0,0,0,0,0,24,15,39,2,80,6,0,6,86
05/15/2021,HXD,SC,ASO,ES,Federal Contract Tower,34,33,36,0,103,0,0,76,0,76,34,33,112,0,179,12,0,12,191
05/16/2021,HXD,SC,ASO,ES,Federal Contract Tower,26,27,62,4,119,0,0,73,0,73,26,27,135,4,192,4,0,4,196
05/17/2021,HXD,SC,ASO,ES,Federal Contract Tower,24,15,34,0,73,0,0,66,0,66,24,15,100,0,139,2,0,2,141
05/18/2021,HXD,SC,ASO,ES,Federal Contract Tower,22,8,25,0,55,0,0,44,0,44,22,8,69,0,99,10,0,10,109
05/19/2021,HXD,SC,ASO,ES,Federal Contract Tower,22,6,32,7,67,0,1,43,0,44,22,7,75,7,111,0,0,0,111
05/20/2021,HXD,SC,ASO,ES,Federal Contract Tower,23,23,40,0,86,0,1,61,0,62,23,24,101,0,148,0,0,0,148
05/21/2021,HXD,SC,ASO,ES,Federal Contract Tower,24,9,35,0,68,0,1,55,0,56,24,10,90,0,124,12,0,12,136
05/22/2021,HXD,SC,ASO,ES,Federal Contract Tower,32,25,52,0,109,0,1,57,0,58,32,26,109,0,167,0,0,0,167
05/23/2021,HXD,SC,ASO,ES,Federal Contract Tower,25,26,50,0,101,0,0,72,0,72,25,26,122,0,173,2,0,2,175
05/24/2021,HXD,SC,ASO,ES,Federal Contract Tower,28,16,33,0,77,0,0,67,2,69,28,16,100,2,146,4,0,4,150
05/25/2021,HXD,SC,ASO,ES,Federal Contract Tower,22,16,23,0,61,0,0,60,0,60,22,16,83,0,121,22,0,22,143
05/26/2021,HXD,SC,ASO,ES,Federal Contract Tower,22,9,33,4,68,0,0,73,0,73,22,9,106,4,141,16,0,16,157
05/27/2021,HXD,SC,ASO,ES,Federal Contract Tower,37,17,30,1,85,0,1,104,1,106,37,18,134,2,191,0,0,0,191
05/28/2021,HXD,SC,ASO,ES,Federal Contract Tower,39,13,63,0,115,0,0,56,0,56,39,13,119,0,171,4,0,4,175
05/29/2021,HXD,SC,ASO,ES,Federal Contract Tower,43,41,36,0,120,0,0,13,0,13,43,41,49,0,133,2,0,2,135
05/30/2021,HXD,SC,ASO,ES,Federal Contract Tower,41,13,29,0,83,0,0,16,4,20,41,13,45,4,103,0,0,0,103
05/31/2021,HXD,SC,ASO,ES,Federal Contract Tower,44,20,29,0,93,0,0,40,0,40,44,20,69,0,133,0,0,0,133
06/01/2021,HXD,SC,ASO,ES,Federal Contract Tower,25,24,34,0,83,0,0,45,0,45,25,24,79,0,128,0,0,0,128
06/02/2021,HXD,SC,ASO,ES,Federal Contract Tower,27,14,20,4,65,0,0,54,6,60,27,14,74,10,125,2,0,2,127
06/03/2021,HXD,SC,ASO,ES,Federal Contract Tower,40,14,19,0,73,0,0,45,2,47,40,14,64,2,120,8,0,8,128
06/04/2021,HXD,SC,ASO,ES,Federal Contract Tower,40,28,37,2,107,0,0,37,0,37,40,28,74,2,144,2,10,12,156
06/05/2021,HXD,SC,ASO,ES,Federal Contract Tower,47,37,50,0,134,0,0,49,0,49,47,37,99,0,183,2,0,2,185
06/06/2021,HXD,SC,ASO,ES,Federal Contract Tower,44,15,34,0,93,0,0,28,0,28,44,15,62,0,121,0,0,0,121
06/07/2021,HXD,SC,ASO,ES,Federal Contract Tower,40,24,20,2,86,0,0,20,0,20,40,24,40,2,106,0,4,4,110
06/08/2021,HXD,SC,ASO,ES,Federal Contract Tower,31,20,26,8,85,0,0,34,0,34,31,20,60,8,119,0,8,8,127
06/09/2021,HXD,SC,ASO,ES,Federal Contract Tower,40,7,31,1,79,0,0,48,1,49,40,7,79,2,128,6,0,6,134
06/10/2021,HXD,SC,ASO,ES,Federal Contract Tower,39,17,35,0,91,0,0,41,0,41,39,17,76,0,132,18,0,18,150
06/11/2021,HXD,SC,ASO,ES,Federal Contract Tower,42,14,22,0,78,0,0,57,0,57,42,14,79,0,135,6,0,6,141
06/12/2021,HXD,SC,ASO,ES,Federal Contract Tower,44,32,47,0,123,0,0,36,0,36,44,32,83,0,159,2,0,2,161
06/13/2021,HXD,SC,ASO,ES,Federal Contract Tower,41,18,48,0,107,0,0,24,0,24,41,18,72,0,131,0,0,0,131
06/14/2021,HXD,SC,ASO,ES,Federal Contract Tower,42,17,27,0,86,0,0,77,5,82,42,17,104,5,168,20,2,22,190
06/15/2021,HXD,SC,ASO,ES,Federal Contract Tower,34,15,28,0,77,0,0,98,1,99,34,15,126,1,176,40,0,40,216
06/18/2021,HXD,SC,ASO,ES,Federal Contract Tower,39,22,40,0,101,0,0,45,0,45,39,22,85,0,146,12,0,12,158
06/19/2021,HXD,SC,ASO,ES,Federal Contract Tower,44,24,55,1,124,0,1,36,0,37,44,25,91,1,161,6,0,6,167
06/20/2021,HXD,SC,ASO,ES,Federal Contract Tower,39,16,26,0,81,0,0,36,2,38,39,16,62,2,119,0,6,6,125
06/21/2021,HXD,SC,ASO,ES,Federal Contract Tower,35,8,30,0,73,0,0,35,0,35,35,8,65,0,108,6,0,6,114
06/22/2021,HXD,SC,ASO,ES,Federal Contract Tower,32,12,25,0,69,0,0,0,0,0,32,12,25,0,69,0,0,0,69
06/23/2021,HXD,SC,ASO,ES,Federal Contract Tower,38,14,42,0,94,0,0,47,0,47,38,14,89,0,141,16,2,18,159
06/24/2021,HXD,SC,ASO,ES,Federal Contract Tower,40,15,49,0,104,0,0,47,0,47,40,15,96,0,151,6,2,8,159
06/25/2021,HXD,SC,ASO,ES,Federal Contract Tower,39,13,45,0,97,0,1,84,0,85,39,14,129,0,182,14,0,14,196
06/26/2021,HXD,SC,ASO,ES,Federal Contract Tower,55,26,43,1,125,0,0,66,1,67,55,26,109,2,192,0,0,0,192
06/27/2021,HXD,SC,ASO,ES,Federal Contract Tower,41,19,36,2,98,0,0,72,0,72,41,19,108,2,170,0,0,0,170
06/28/2021,HXD,SC,ASO,ES,Federal Contract Tower,38,19,24,0,81,0,0,4,0,4,38,19,28,0,85,0,0,0,85
06/29/2021,HXD,SC,ASO,ES,Federal Contract Tower,33,13,34,0,80,0,1,61,0,62,33,14,95,0,142,6,0,6,148
06/30/2021,HXD,SC,ASO,ES,Federal Contract Tower,38,12,30,0,80,0,0,72,4,76,38,12,102,4,156,0,0,0,156
07/01/2021,HXD,SC,ASO,ES,Federal Contract Tower,36,17,38,2,93,0,0,50,2,52,36,17,88,4,145,4,0,4,149
07/02/2021,HXD,SC,ASO,ES,Federal Contract Tower,42,11,35,1,89,0,0,44,0,44,42,11,79,1,133,0,0,0,133
07/03/2021,HXD,SC,ASO,ES,Federal Contract Tower,49,24,36,0,109,0,1,46,0,47,49,25,82,0,156,2,4,6,162
07/04/2021,HXD,SC,ASO,ES,Federal Contract Tower,39,7,15,0,61,0,1,57,0,58,39,8,72,0,119,0,0,0,119
07/05/2021,HXD,SC,ASO,ES,Federal Contract Tower,45,13,31,0,89,0,0,65,0,65,45,13,96,0,154,2,0,2,156
07/06/2021,HXD,SC,ASO,ES,Federal Contract Tower,34,11,44,0,89,0,0,24,0,24,34,11,68,0,113,2,2,4,117
07/07/2021,HXD,SC,ASO,ES,Federal Contract Tower,32,8,15,0,55,0,0,1,0,1,32,8,16,0,56,0,0,0,56
07/08/2021,HXD,SC,ASO,ES,Federal Contract Tower,36,9,14,3,62,0,0,0,24,24,36,9,14,27,86,0,0,0,86
07/09/2021,HXD,SC,ASO,ES,Federal Contract Tower,40,11,27,0,78,0,0,113,0,113,40,11,140,0,191,0,0,0,191
07/10/2021,HXD,SC,ASO,ES,Federal Contract Tower,47,18,55,0,120,0,1,49,0,50,47,19,104,0,170,12,0,12,182
07/11/2021,HXD,SC,ASO,ES,Federal Contract Tower,40,17,42,1,100,0,0,43,2,45,40,17,85,3,145,7,4,11,156
07/12/2021,HXD,SC,ASO,ES,Federal Contract Tower,35,17,18,0,70,0,0,21,0,21,35,17,39,0,91,0,2,2,93
07/13/2021,HXD,SC,ASO,ES,Federal Contract Tower,32,16,19,1,68,0,1,50,5,56,32,17,69,6,124,22,4,26,150
07/14/2021,HXD,SC,ASO,ES,Federal Contract Tower,34,15,23,4,76,0,0,69,0,69,34,15,92,4,145,22,0,22,167
07/15/2021,HXD,SC,ASO,ES,Federal Contract Tower,39,8,35,4,86,0,0,98,0,98,39,8,133,4,184,6,0,6,190
07/16/2021,HXD,SC,ASO,ES,Federal Contract Tower,39,20,35,0,94,0,1,92,0,93,39,21,127,0,187,16,0,16,203
07/17/2021,HXD,SC,ASO,ES,Federal Contract Tower,52,22,46,0,120,0,2,84,0,86,52,24,130,0,206,0,0,0,206
07/18/2021,HXD,SC,ASO,ES,Federal Contract Tower,41,27,38,2,108,0,0,60,0,60,41,27,98,2,168,0,0,0,168
07/19/2021,HXD,SC,ASO,ES,Federal Contract Tower,39,16,19,4,78,0,0,27,0,27,39,16,46,4,105,0,0,0,105
07/20/2021,HXD,SC,ASO,ES,Federal Contract Tower,31,11,20,4,66,0,0,12,0,12,31,11,32,4,78,0,0,0,78
07/21/2021,HXD,SC,ASO,ES,Federal Contract Tower,32,16,25,10,83,0,0,50,2,52,32,16,75,12,135,14,0,14,149
07/22/2021,HXD,SC,ASO,ES,Federal Contract Tower,39,17,37,8,101,0,0,57,2,59,39,17,94,10,160,0,0,0,160
07/23/2021,HXD,SC,ASO,ES,Federal Contract Tower,39,22,25,2,88,0,0,87,0,87,39,22,112,2,175,0,4,4,179
07/24/2021,HXD,SC,ASO,ES,Federal Contract Tower,49,28,43,0,120,0,0,65,0,65,49,28,108,0,185,16,0,16,201
07/25/2021,HXD,SC,ASO,ES,Federal Contract Tower,41,14,43,3,101,0,1,84,0,85,41,15,127,3,186,4,2,6,192
07/27/2021,HXD,SC,ASO,ES,Federal Contract Tower,30,11,28,2,71,0,0,19,0,19,30,11,47,2,90,4,16,20,110
07/28/2021,HXD,SC,ASO,ES,Federal Contract Tower,35,12,19,0,66,0,0,61,0,61,35,12,80,0,127,0,0,0,127
07/29/2021,HXD,SC,ASO,ES,Federal Contract Tower,39,17,52,0,108,0,1,77,2,80,39,18,129,2,188,12,0,12,200
07/30/2021,HXD,SC,ASO,ES,Federal Contract Tower,35,18,33,0,86,0,1,86,0,87,35,19,119,0,173,0,0,0,173
07/31/2021,HXD,SC,ASO,ES,Federal Contract Tower,49,32,35,0,116,0,4,95,0,99,49,36,130,0,215,0,0,0,215
08/01/2021,HXD,SC,ASO,ES,Federal Contract Tower,35,28,36,0,99,0,0,35,0,35,35,28,71,0,134,2,0,2,136
08/02/2021,HXD,SC,ASO,ES,Federal Contract Tower,43,9,33,0,85,0,0,29,0,29,43,9,62,0,114,6,2,8,122
08/04/2021,HXD,SC,ASO,ES,Federal Contract Tower,35,14,23,0,72,0,0,54,2,56,35,14,77,2,128,12,0,12,140
08/05/2021,HXD,SC,ASO,ES,Federal Contract Tower,36,18,40,0,94,0,0,19,0,19,36,18,59,0,113,2,2,4,117
08/06/2021,HXD,SC,ASO,ES,Federal Contract Tower,38,16,29,0,83,0,0,15,0,15,38,16,44,0,98,2,0,2,100
08/07/2021,HXD,SC,ASO,ES,Federal Contract Tower,46,18,50,0,114,0,2,52,0,54,46,20,102,0,168,4,0,4,172
08/08/2021,HXD,SC,ASO,ES,Federal Contract Tower,41,25,30,0,96,0,0,61,0,61,41,25,91,0,157,4,0,4,161
08/09/2021,HXD,SC,ASO,ES,Federal Contract Tower,37,14,21,2,74,0,0,60,0,60,37,14,81,2,134,0,0,0,134
08/10/2021,HXD,SC,ASO,ES,Federal Contract Tower,29,3,29,0,61,0,0,65,0,65,29,3,94,0,126,0,0,0,126
08/11/2021,HXD,SC,ASO,ES,Federal Contract Tower,29,20,26,4,79,0,0,52,0,52,29,20,78,4,131,4,2,6,137
08/12/2021,HXD,SC,ASO,ES,Federal Contract Tower,38,23,33,4,98,0,0,101,4,105,38,23,134,8,203,4,0,4,207
08/13/2021,HXD,SC,ASO,ES,Federal Contract Tower,33,16,38,4,91,0,1,48,0,49,33,17,86,4,140,0,18,18,158
08/14/2021,HXD,SC,ASO,ES,Federal Contract Tower,35,14,36,0,85,0,0,27,0,27,35,14,63,0,112,0,0,0,112
08/15/2021,HXD,SC,ASO,ES,Federal Contract Tower,39,10,28,0,77,0,0,21,0,21,39,10,49,0,98,4,0,4,102
08/16/2021,HXD,SC,ASO,ES,Federal Contract Tower,32,13,14,0,59,0,0,28,0,28,32,13,42,0,87,0,2,2,89
08/17/2021,HXD,SC,ASO,ES,Federal Contract Tower,25,2,17,6,50,0,0,19,5,24,25,2,36,11,74,0,2,2,76
08/19/2021,HXD,SC,ASO,ES,Federal Contract Tower,31,8,24,0,63,0,0,66,0,66,31,8,90,0,129,0,0,0,129
08/20/2021,HXD,SC,ASO,ES,Federal Contract Tower,33,18,38,0,89,0,1,51,0,52,33,19,89,0,141,0,0,0,141
08/21/2021,HXD,SC,ASO,ES,Federal Contract Tower,40,17,23,0,80,0,0,60,0,60,40,17,83,0,140,0,0,0,140
08/22/2021,HXD,SC,ASO,ES,Federal Contract Tower,37,5,41,0,83,0,0,42,0,42,37,5,83,0,125,0,0,0,125
08/23/2021,HXD,SC,ASO,ES,Federal Contract Tower,31,11,22,0,64,0,0,28,0,28,31,11,50,0,92,12,0,12,104
08/24/2021,HXD,SC,ASO,ES,Federal Contract Tower,23,6,18,2,49,0,0,17,0,17,23,6,35,2,66,0,0,0,66
08/25/2021,HXD,SC,ASO,ES,Federal Contract Tower,28,16,20,1,65,0,2,52,1,55,28,18,72,2,120,6,0,6,126
08/26/2021,HXD,SC,ASO,ES,Federal Contract Tower,31,20,30,0,81,0,0,33,0,33,31,20,63,0,114,0,20,20,134
08/27/2021,HXD,SC,ASO,ES,Federal Contract Tower,32,27,33,1,93,0,0,25,1,26,32,27,58,2,119,10,0,10,129
08/28/2021,HXD,SC,ASO,ES,Federal Contract Tower,40,18,27,0,85,0,0,20,0,20,40,18,47,0,105,18,0,18,123
08/29/2021,HXD,SC,ASO,ES,Federal Contract Tower,36,6,23,0,65,0,0,57,0,57,36,6,80,0,122,8,0,8,130
08/30/2021,HXD,SC,ASO,ES,Federal Contract Tower,31,8,25,2,66,0,0,42,0,42,31,8,67,2,108,4,0,4,112
08/31/2021,HXD,SC,ASO,ES,Federal Contract Tower,24,9,19,2,54,0,0,18,0,18,24,9,37,2,72,4,0,4,76
09/01/2021,HXD,SC,ASO,ES,Federal Contract Tower,25,9,6,0,40,0,1,31,4,36,25,10,37,4,76,2,0,2,78
09/02/2021,HXD,SC,ASO,ES,Federal Contract Tower,30,10,20,0,60,0,1,31,0,32,30,11,51,0,92,0,0,0,92
09/03/2021,HXD,SC,ASO,ES,Federal Contract Tower,30,11,42,0,83,0,1,64,0,65,30,12,106,0,148,30,0,30,178
09/04/2021,HXD,SC,ASO,ES,Federal Contract Tower,42,10,34,0,86,0,0,91,0,91,42,10,125,0,177,20,0,20,197
09/05/2021,HXD,SC,ASO,ES,Federal Contract Tower,31,6,22,0,59,0,0,86,2,88,31,6,108,2,147,8,2,10,157
09/06/2021,HXD,SC,ASO,ES,Federal Contract Tower,30,15,51,0,96,0,0,73,0,73,30,15,124,0,169,16,0,16,185
09/07/2021,HXD,SC,ASO,ES,Federal Contract Tower,21,21,40,0,82,0,0,52,0,52,21,21,92,0,134,6,0,6,140
09/08/2021,HXD,SC,ASO,ES,Federal Contract Tower,16,12,22,0,50,0,0,22,0,22,16,12,44,0,72,0,6,6,78
09/09/2021,HXD,SC,ASO,ES,Federal Contract Tower,21,12,23,0,56,0,0,20,0,20,21,12,43,0,76,2,2,4,80
09/10/2021,HXD,SC,ASO,ES,Federal Contract Tower,22,15,34,0,71,0,0,62,6,68,22,15,96,6,139,8,0,8,147
09/11/2021,HXD,SC,ASO,ES,Federal Contract Tower,19,5,13,0,37,0,0,48,0,48,19,5,61,0,85,8,0,8,93
09/12/2021,HXD,SC,ASO,ES,Federal Contract Tower,21,13,28,0,62,0,0,55,0,55,21,13,83,0,117,4,0,4,121
09/13/2021,HXD,SC,ASO,ES,Federal Contract Tower,19,10,21,0,50,0,0,44,2,46,19,10,65,2,96,12,4,16,112
09/14/2021,HXD,SC,ASO,ES,Federal Contract Tower,19,14,35,0,68,0,0,61,8,69,19,14,96,8,137,2,0,2,139
09/15/2021,HXD,SC,ASO,ES,Federal Contract Tower,17,12,13,0,42,0,0,30,0,30,17,12,43,0,72,6,0,6,78
09/16/2021,HXD,SC,ASO,ES,Federal Contract Tower,20,15,32,0,67,0,1,14,4,19,20,16,46,4,86,0,0,0,86
09/17/2021,HXD,SC,ASO,ES,Federal Contract Tower,22,9,41,0,72,0,0,40,0,40,22,9,81,0,112,26,0,26,138
09/18/2021,HXD,SC,ASO,ES,Federal Contract Tower,19,10,20,0,49,0,1,46,0,47,19,11,66,0,96,10,0,10,106
09/19/2021,HXD,SC,ASO,ES,Federal Contract Tower,21,11,52,0,84,0,0,49,0,49,21,11,101,0,133,0,0,0,133
09/20/2021,HXD,SC,ASO,ES,Federal Contract Tower,19,10,19,1,49,0,0,0,5,5,19,10,19,6,54,2,0,2,56
09/21/2021,HXD,SC,ASO,ES,Federal Contract Tower,19,13,23,0,55,0,0,2,0,2,19,13,25,0,57,0,0,0,57
09/22/2021,HXD,SC,ASO,ES,Federal Contract Tower,19,12,18,0,49,0,0,26,0,26,19,12,44,0,75,0,2,2,77
09/23/2021,HXD,SC,ASO,ES,Federal Contract Tower,16,14,33,10,73,0,0,56,0,56,16,14,89,10,129,2,0,2,131
09/24/2021,HXD,SC,ASO,ES,Federal Contract Tower,23,14,21,2,60,0,0,47,0,47,23,14,68,2,107,6,0,6,113
09/25/2021,HXD,SC,ASO,ES,Federal Contract Tower,19,19,39,0,77,0,0,72,0,72,19,19,111,0,149,8,0,8,157
09/26/2021,HXD,SC,ASO,ES,Federal Contract Tower,24,22,36,0,82,0,0,74,0,74,24,22,110,0,156,2,0,2,158
09/27/2021,HXD,SC,ASO,ES,Federal Contract Tower,19,11,24,5,59,0,0,49,7,56,19,11,73,12,115,0,2,2,117
09/28/2021,HXD,SC,ASO,ES,Federal Contract Tower,17,11,21,6,55,0,0,42,0,42,17,11,63,6,97,16,0,16,113
09/29/2021,HXD,SC,ASO,ES,Federal Contract Tower,17,21,31,8,77,0,0,64,0,64,17,21,95,8,141,16,0,16,157
09/30/2021,HXD,SC,ASO,ES,Federal Contract Tower,21,17,31,0,69,0,0,52,4,56,21,17,83,4,125,10,4,14,139
10/01/2021,HXD,SC,ASO,ES,Federal Contract Tower,20,15,35,0,70,0,0,59,0,59,20,15,94,0,129,6,0,6,135
10/02/2021,HXD,SC,ASO,ES,Federal Contract Tower,18,11,38,0,67,0,0,66,0,66,18,11,104,0,133,0,0,0,133
10/03/2021,HXD,SC,ASO,ES,Federal Contract Tower,20,29,55,2,106,0,0,42,0,42,20,29,97,2,148,0,0,0,148
10/04/2021,HXD,SC,ASO,ES,Federal Contract Tower,17,14,28,1,60,0,0,33,0,33,17,14,61,1,93,16,0,16,109
10/05/2021,HXD,SC,ASO,ES,Federal Contract Tower,17,19,26,0,62,0,0,23,0,23,17,19,49,0,85,2,0,2,87
10/06/2021,HXD,SC,ASO,ES,Federal Contract Tower,16,20,24,0,60,0,0,0,0,0,16,20,24,0,60,0,0,0,60
10/07/2021,HXD,SC,ASO,ES,Federal Contract Tower,18,20,49,2,89,0,0,4,1,5,18,20,53,3,94,0,2,2,96
10/08/2021,HXD,SC,ASO,ES,Federal Contract Tower,18,24,35,0,77,0,0,0,0,0,18,24,35,0,77,0,0,0,77
10/10/2021,HXD,SC,ASO,ES,Federal Contract Tower,19,23,46,0,88,0,0,26,0,26,19,23,72,0,114,0,0,0,114
10/11/2021,HXD,SC,ASO,ES,Federal Contract Tower,19,23,43,0,85,0,0,22,0,22,19,23,65,0,107,0,0,0,107
10/12/2021,HXD,SC,ASO,ES,Federal Contract Tower,16,18,34,2,70,0,0,42,2,44,16,18,76,4,114,6,4,10,124
10/13/2021,HXD,SC,ASO,ES,Federal Contract Tower,18,20,37,0,75,0,0,44,2,46,18,20,81,2,121,2,0,2,123
10/14/2021,HXD,SC,ASO,ES,Federal Contract Tower,18,14,44,0,76,0,0,50,0,50,18,14,94,0,126,12,0,12,138
10/15/2021,HXD,SC,ASO,ES,Federal Contract Tower,18,14,49,2,83,0,0,55,0,55,18,14,104,2,138,2,0,2,140
10/16/2021,HXD,SC,ASO,ES,Federal Contract Tower,18,15,39,2,74,0,0,23,0,23,18,15,62,2,97,6,0,6,103
10/17/2021,HXD,SC,ASO,ES,Federal Contract Tower,16,32,55,0,103,0,0,48,0,48,16,32,103,0,151,0,0,0,151
10/18/2021,HXD,SC,ASO,ES,Federal Contract Tower,18,21,41,6,86,0,0,45,6,51,18,21,86,12,137,0,4,4,141
10/19/2021,HXD,SC,ASO,ES,Federal Contract Tower,16,18,31,2,67,0,0,68,0,68,16,18,99,2,135,2,0,2,137
10/20/2021,HXD,SC,ASO,ES,Federal Contract Tower,18,26,64,0,108,0,0,60,0,60,18,26,124,0,168,4,0,4,172
10/21/2021,HXD,SC,ASO,ES,Federal Contract Tower,19,23,33,0,75,0,0,38,0,38,19,23,71,0,113,10,0,10,123
10/22/2021,HXD,SC,ASO,ES,Federal Contract Tower,17,17,40,2,76,0,0,33,0,33,17,17,73,2,109,10,0,10,119
10/23/2021,HXD,SC,ASO,ES,Federal Contract Tower,18,19,34,0,71,0,0,48,0,48,18,19,82,0,119,16,4,20,139
10/24/2021,HXD,SC,ASO,ES,Federal Contract Tower,18,23,34,0,75,0,1,50,0,51,18,24,84,0,126,0,0,0,126
10/25/2021,HXD,SC,ASO,ES,Federal Contract Tower,18,12,26,0,56,0,0,11,0,11,18,12,37,0,67,2,0,2,69
10/26/2021,HXD,SC,ASO,ES,Federal Contract Tower,15,6,37,2,60,0,0,54,0,54,15,6,91,2,114,12,2,14,128
10/27/2021,HXD,SC,ASO,ES,Federal Contract Tower,18,12,43,0,73,0,0,80,0,80,18,12,123,0,153,0,0,0,153
10/28/2021,HXD,SC,ASO,ES,Federal Contract Tower,17,11,18,0,46,0,0,9,0,9,17,11,27,0,55,4,0,4,59
10/29/2021,HXD,SC,ASO,ES,Federal Contract Tower,19,22,32,2,75,0,0,28,4,32,19,22,60,6,107,6,0,6,113
10/30/2021,HXD,SC,ASO,ES,Federal Contract Tower,18,9,20,0,47,0,0,39,0,39,18,9,59,0,86,0,4,4,90
10/31/2021,HXD,SC,ASO,ES,Federal Contract Tower,13,16,31,0,60,0,2,31,0,33,13,18,62,0,93,2,0,2,95
11/01/2021,HXD,SC,ASO,ES,Federal Contract Tower,14,15,24,1,54,0,0,50,1,51,14,15,74,2,105,0,0,0,105
11/02/2021,HXD,SC,ASO,ES,Federal Contract Tower,10,9,23,6,48,0,0,45,0,45,10,9,68,6,93,4,0,4,97
11/03/2021,HXD,SC,ASO,ES,Federal Contract Tower,11,14,21,3,49,0,0,33,0,33,11,14,54,3,82,0,0,0,82
11/04/2021,HXD,SC,ASO,ES,Federal Contract Tower,14,25,32,2,73,0,0,37,0,37,14,25,69,2,110,2,2,4,114
11/05/2021,HXD,SC,ASO,ES,Federal Contract Tower,14,19,52,0,85,0,0,32,0,32,14,19,84,0,117,0,12,12,129
11/06/2021,HXD,SC,ASO,ES,Federal Contract Tower,10,16,14,0,40,0,0,2,0,2,10,16,16,0,42,0,0,0,42
11/07/2021,HXD,SC,ASO,ES,Federal Contract Tower,12,29,60,0,101,0,0,25,0,25,12,29,85,0,126,0,0,0,126
11/08/2021,HXD,SC,ASO,ES,Federal Contract Tower,10,17,45,1,73,0,0,41,0,41,10,17,86,1,114,2,0,2,116
11/09/2021,HXD,SC,ASO,ES,Federal Contract Tower,10,16,28,4,58,0,0,45,0,45,10,16,73,4,103,0,0,0,103
11/10/2021,HXD,SC,ASO,ES,Federal Contract Tower,12,23,39,0,74,0,0,33,0,33,12,23,72,0,107,4,0,4,111
11/11/2021,HXD,SC,ASO,ES,Federal Contract Tower,12,12,41,2,67,0,0,33,0,33,12,12,74,2,100,4,0,4,104
11/12/2021,HXD,SC,ASO,ES,Federal Contract Tower,13,7,29,0,49,0,1,40,1,42,13,8,69,1,91,0,0,0,91
11/13/2021,HXD,SC,ASO,ES,Federal Contract Tower,10,3,16,2,31,0,0,53,0,53,10,3,69,2,84,4,2,6,90
11/14/2021,HXD,SC,ASO,ES,Federal Contract Tower,12,19,34,7,72,0,3,50,1,54,12,22,84,8,126,0,6,6,132
11/15/2021,HXD,SC,ASO,ES,Federal Contract Tower,10,13,16,0,39,0,0,38,0,38,10,13,54,0,77,6,0,6,83
11/16/2021,HXD,SC,ASO,ES,Federal Contract Tower,10,14,23,2,49,0,2,53,0,55,10,16,76,2,104,4,6,10,114
11/17/2021,HXD,SC,ASO,ES,Federal Contract Tower,12,18,26,0,56,0,0,49,2,51,12,18,75,2,107,2,0,2,109
11/18/2021,HXD,SC,ASO,ES,Federal Contract Tower,12,18,26,0,56,0,0,37,3,40,12,18,63,3,96,4,2,6,102
11/19/2021,HXD,SC,ASO,ES,Federal Contract Tower,11,12,45,0,68,0,0,40,0,40,11,12,85,0,108,0,0,0,108
11/20/2021,HXD,SC,ASO,ES,Federal Contract Tower,10,23,29,0,62,0,0,50,0,50,10,23,79,0,112,0,0,0,112
11/21/2021,HXD,SC,ASO,ES,Federal Contract Tower,10,25,36,1,72,0,0,46,1,47,10,25,82,2,119,12,2,14,133
11/22/2021,HXD,SC,ASO,ES,Federal Contract Tower,12,25,23,2,62,0,0,32,0,32,12,25,55,2,94,14,4,18,112
11/23/2021,HXD,SC,ASO,ES,Federal Contract Tower,11,34,46,0,91,0,0,54,4,58,11,34,100,4,149,12,0,12,161
11/24/2021,HXD,SC,ASO,ES,Federal Contract Tower,13,27,29,0,69,0,0,38,0,38,13,27,67,0,107,0,0,0,107
11/25/2021,HXD,SC,ASO,ES,Federal Contract Tower,8,5,7,0,20,0,0,0,0,0,8,5,7,0,20,0,0,0,20
11/26/2021,HXD,SC,ASO,ES,Federal Contract Tower,11,14,33,2,60,0,0,52,0,52,11,14,85,2,112,6,2,8,120
11/27/2021,HXD,SC,ASO,ES,Federal Contract Tower,12,31,36,0,79,0,0,57,1,58,12,31,93,1,137,10,10,20,157
11/28/2021,HXD,SC,ASO,ES,Federal Contract Tower,12,32,54,0,98,0,0,37,0,37,12,32,91,0,135,2,0,2,137
11/29/2021,HXD,SC,ASO,ES,Federal Contract Tower,12,24,25,2,63,0,0,33,0,33,12,24,58,2,96,24,30,54,150
11/30/2021,HXD,SC,ASO,ES,Federal Contract Tower,12,18,22,1,53,0,0,48,0,48,12,18,70,1,101,26,4,30,131
12/01/2021,HXD,SC,ASO,ES,Federal Contract Tower,10,14,31,2,57,0,0,32,0,32,10,14,63,2,89,0,6,6,95
12/02/2021,HXD,SC,ASO,ES,Federal Contract Tower,11,5,23,2,41,0,0,24,0,24,11,5,47,2,65,10,0,10,75
12/03/2021,HXD,SC,ASO,ES,Federal Contract Tower,12,24,23,3,62,0,0,36,3,39,12,24,59,6,101,4,0,4,105
12/04/2021,HXD,SC,ASO,ES,Federal Contract Tower,9,18,11,0,38,0,0,29,2,31,9,18,40,2,69,0,0,0,69
12/05/2021,HXD,SC,ASO,ES,Federal Contract Tower,12,16,27,2,57,0,0,37,0,37,12,16,64,2,94,2,0,2,96
12/06/2021,HXD,SC,ASO,ES,Federal Contract Tower,10,14,19,0,43,0,1,28,0,29,10,15,47,0,72,6,0,6,78
12/07/2021,HXD,SC,ASO,ES,Federal Contract Tower,9,7,34,0,50,0,0,17,2,19,9,7,51,2,69,0,8,8,77
12/08/2021,HXD,SC,ASO,ES,Federal Contract Tower,12,11,18,2,43,0,0,2,0,2,12,11,20,2,45,0,0,0,45
12/09/2021,HXD,SC,ASO,ES,Federal Contract Tower,12,16,35,0,63,0,0,27,2,29,12,16,62,2,92,0,0,0,92
12/10/2021,HXD,SC,ASO,ES,Federal Contract Tower,12,12,32,0,56,0,0,49,0,49,12,12,81,0,105,20,0,20,125
12/11/2021,HXD,SC,ASO,ES,Federal Contract Tower,10,14,9,0,33,0,0,36,0,36,10,14,45,0,69,14,0,14,83
12/12/2021,HXD,SC,ASO,ES,Federal Contract Tower,12,15,29,0,56,0,0,27,0,27,12,15,56,0,83,8,0,8,91
12/13/2021,HXD,SC,ASO,ES,Federal Contract Tower,8,5,22,0,35,0,0,33,10,43,8,5,55,10,78,16,0,16,94
12/14/2021,HXD,SC,ASO,ES,Federal Contract Tower,10,9,18,0,37,0,0,34,0,34,10,9,52,0,71,20,0,20,91
12/15/2021,HXD,SC,ASO,ES,Federal Contract Tower,13,14,31,2,60,0,0,37,2,39,13,14,68,4,99,4,2,6,105
12/16/2021,HXD,SC,ASO,ES,Federal Contract Tower,12,13,22,2,49,0,0,38,0,38,12,13,60,2,87,24,0,24,111
12/17/2021,HXD,SC,ASO,ES,Federal Contract Tower,12,13,36,0,61,0,0,42,0,42,12,13,78,0,103,10,2,12,115
12/18/2021,HXD,SC,ASO,ES,Federal Contract Tower,12,14,21,0,47,0,1,37,0,38,12,15,58,0,85,0,0,0,85
12/19/2021,HXD,SC,ASO,ES,Federal Contract Tower,11,16,16,0,43,0,0,3,0,3,11,16,19,0,46,0,0,0,46
12/20/2021,HXD,SC,ASO,ES,Federal Contract Tower,12,15,19,0,46,0,0,33,0,33,12,15,52,0,79,0,0,0,79
12/21/2021,HXD,SC,ASO,ES,Federal Contract Tower,12,7,20,0,39,0,0,0,0,0,12,7,20,0,39,0,0,0,39
12/22/2021,HXD,SC,ASO,ES,Federal Contract Tower,12,25,29,2,68,0,0,36,3,39,12,25,65,5,107,12,0,12,119
12/23/2021,HXD,SC,ASO,ES,Federal Contract Tower,12,7,24,0,43,0,0,80,2,82,12,7,104,2,125,0,4,4,129
12/24/2021,HXD,SC,ASO,ES,Federal Contract Tower,10,6,18,0,34,0,0,30,0,30,10,6,48,0,64,4,0,4,68
12/25/2021,HXD,SC,ASO,ES,Federal Contract Tower,9,6,14,0,29,0,0,7,0,7,9,6,21,0,36,2,0,2,38
12/26/2021,HXD,SC,ASO,ES,Federal Contract Tower,11,11,40,0,62,0,0,37,0,37,11,11,77,0,99,8,0,8,107
12/27/2021,HXD,SC,ASO,ES,Federal Contract Tower,12,19,27,0,58,0,0,100,0,100,12,19,127,0,158,18,0,18,176
12/28/2021,HXD,SC,ASO,ES,Federal Contract Tower,10,17,37,0,64,0,0,59,0,59,10,17,96,0,123,8,0,8,131
12/29/2021,HXD,SC,ASO,ES,Federal Contract Tower,12,18,35,3,68,0,1,86,1,88,12,19,121,4,156,4,0,4,160
12/30/2021,HXD,SC,ASO,ES,Federal Contract Tower,12,17,17,0,46,0,0,34,0,34,12,17,51,0,80,0,0,0,80
12/31/2021,HXD,SC,ASO,ES,Federal Contract Tower,10,15,32,0,57,0,0,28,0,28,10,15,60,0,85,2,0,2,87
01/01/2022,HXD,SC,ASO,ES,Federal Contract Tower,10,9,20,0,39,0,0,44,0,44,10,9,64,0,83,0,4,4,87
01/02/2022,HXD,SC,ASO,ES,Federal Contract Tower,12,20,29,0,61,0,0,9,0,9,12,20,38,0,70,0,0,0,70
01/03/2022,HXD,SC,ASO,ES,Federal Contract Tower,10,18,20,2,50,0,0,2,2,4,10,18,22,4,54,2,0,2,56
01/04/2022,HXD,SC,ASO,ES,Federal Contract Tower,9,10,36,2,57,0,0,34,2,36,9,10,70,4,93,8,18,26,119
01/05/2022,HXD,SC,ASO,ES,Federal Contract Tower,6,11,27,0,44,0,0,12,0,12,6,11,39,0,56,2,0,2,58
01/06/2022,HXD,SC,ASO,ES,Federal Contract Tower,6,6,14,0,26,0,0,35,2,37,6,6,49,2,63,6,0,6,69
01/07/2022,HXD,SC,ASO,ES,Federal Contract Tower,6,12,14,3,35,0,0,41,0,41,6,12,55,3,76,0,0,0,76
01/08/2022,HXD,SC,ASO,ES,Federal Contract Tower,6,3,18,0,27,0,0,35,0,35,6,3,53,0,62,6,0,6,68
01/09/2022,HXD,SC,ASO,ES,Federal Contract Tower,6,6,15,0,27,0,0,21,2,23,6,6,36,2,50,0,4,4,54
01/10/2022,HXD,SC,ASO,ES,Federal Contract Tower,4,10,25,4,43,0,1,14,0,15,4,11,39,4,58,0,0,0,58
01/11/2022,HXD,SC,ASO,ES,Federal Contract Tower,4,4,16,0,24,0,1,38,4,43,4,5,54,4,67,0,0,0,67
01/12/2022,HXD,SC,ASO,ES,Federal Contract Tower,6,14,28,2,50,0,0,40,0,40,6,14,68,2,90,4,2,6,96
01/13/2022,HXD,SC,ASO,ES,Federal Contract Tower,8,9,25,2,44,0,0,35,0,35,8,9,60,2,79,0,0,0,79
01/14/2022,HXD,SC,ASO,ES,Federal Contract Tower,5,5,32,0,42,0,0,31,0,31,5,5,63,0,73,2,0,2,75
01/15/2022,HXD,SC,ASO,ES,Federal Contract Tower,6,10,27,2,45,0,0,53,0,53,6,10,80,2,98,2,0,2,100
01/16/2022,HXD,SC,ASO,ES,Federal Contract Tower,1,6,7,0,14,0,0,0,0,0,1,6,7,0,14,0,0,0,14
01/17/2022,HXD,SC,ASO,ES,Federal Contract Tower,4,1,16,0,21,0,0,4,0,4,4,1,20,0,25,0,0,0,25
01/18/2022,HXD,SC,ASO,ES,Federal Contract Tower,2,5,20,0,27,0,0,51,0,51,2,5,71,0,78,6,0,6,84
01/19/2022,HXD,SC,ASO,ES,Federal Contract Tower,6,9,16,4,35,0,0,42,2,44,6,9,58,6,79,0,18,18,97
01/20/2022,HXD,SC,ASO,ES,Federal Contract Tower,6,10,15,0,31,0,0,39,0,39,6,10,54,0,70,4,0,4,74
01/21/2022,HXD,SC,ASO,ES,Federal Contract Tower,6,5,10,1,22,0,0,0,0,0,6,5,10,1,22,0,0,0,22
01/22/2022,HXD,SC,ASO,ES,Federal Contract Tower,6,2,10,0,18,0,0,11,0,11,6,2,21,0,29,6,0,6,35
01/23/2022,HXD,SC,ASO,ES,Federal Contract Tower,6,12,27,2,47,0,1,62,2,65,6,13,89,4,112,10,6,16,128
01/24/2022,HXD,SC,ASO,ES,Federal Contract Tower,4,13,27,0,44,0,0,42,0,42,4,13,69,0,86,4,0,4,90
01/25/2022,HXD,SC,ASO,ES,Federal Contract Tower,4,6,21,0,31,0,0,28,0,28,4,6,49,0,59,2,2,4,63
01/26/2022,HXD,SC,ASO,ES,Federal Contract Tower,6,13,23,0,42,0,0,23,0,23,6,13,46,0,65,4,0,4,69
01/27/2022,HXD,SC,ASO,ES,Federal Contract Tower,6,8,23,0,37,0,0,43,0,43,6,8,66,0,80,16,0,16,96
01/28/2022,HXD,SC,ASO,ES,Federal Contract Tower,6,10,18,0,34,0,2,17,0,19,6,12,35,0,53,0,0,0,53
01/29/2022,HXD,SC,ASO,ES,Federal Contract Tower,6,10,15,0,31,0,0,30,0,30,6,10,45,0,61,0,0,0,61
01/30/2022,HXD,SC,ASO,ES,Federal Contract Tower,6,12,35,0,53,0,0,51,4,55,6,12,86,4,108,0,10,10,118
01/31/2022,HXD,SC,ASO,ES,Federal Contract Tower,4,7,20,0,31,0,0,21,0,21,4,7,41,0,52,0,6,6,58
02/01/2022,HXD,SC,ASO,ES,Federal Contract Tower,4,8,29,0,41,0,0,36,0,36,4,8,65,0,77,4,8,12,89
02/02/2022,HXD,SC,ASO,ES,Federal Contract Tower,6,3,23,0,32,0,0,22,0,22,6,3,45,0,54,16,4,20,74
02/03/2022,HXD,SC,ASO,ES,Federal Contract Tower,5,6,22,0,33,0,2,32,0,34,5,8,54,0,67,4,8,12,79
02/04/2022,HXD,SC,ASO,ES,Federal Contract Tower,6,3,25,0,34,0,0,21,0,21,6,3,46,0,55,0,0,0,55
02/05/2022,HXD,SC,ASO,ES,Federal Contract Tower,5,6,22,0,33,0,1,32,0,33,5,7,54,0,66,4,0,4,70
02/06/2022,HXD,SC,ASO,ES,Federal Contract Tower,5,3,27,0,35,0,0,3,0,3,5,3,30,0,38,0,0,0,38
02/07/2022,HXD,SC,ASO,ES,Federal Contract Tower,6,8,26,0,40,0,0,0,2,2,6,8,26,2,42,0,6,6,48
02/08/2022,HXD,SC,ASO,ES,Federal Contract Tower,4,11,25,0,40,0,0,17,0,17,4,11,42,0,57,0,0,0,57
02/09/2022,HXD,SC,ASO,ES,Federal Contract Tower,6,15,14,1,36,0,0,52,0,52,6,15,66,1,88,14,10,24,112
02/10/2022,HXD,SC,ASO,ES,Federal Contract Tower,6,7,41,2,56,0,0,60,0,60,6,7,101,2,116,4,10,14,130
02/11/2022,HXD,SC,ASO,ES,Federal Contract Tower,6,12,36,2,56,0,1,66,0,67,6,13,102,2,123,6,0,6,129
02/12/2022,HXD,SC,ASO,ES,Federal Contract Tower,6,7,18,2,33,0,0,80,0,80,6,7,98,2,113,8,0,8,121
02/13/2022,HXD,SC,ASO,ES,Federal Contract Tower,4,11,28,4,47,0,0,35,0,35,4,11,63,4,82,0,0,0,82
02/14/2022,HXD,SC,ASO,ES,Federal Contract Tower,6,15,38,0,59,0,0,54,2,56,6,15,92,2,115,0,4,4,119
02/15/2022,HXD,SC,ASO,ES,Federal Contract Tower,4,18,10,2,34,0,0,58,2,60,4,18,68,4,94,0,6,6,100
02/16/2022,HXD,SC,ASO,ES,Federal Contract Tower,6,1,35,1,43,0,0,48,8,56,6,1,83,9,99,2,2,4,103
02/17/2022,HXD,SC,ASO,ES,Federal Contract Tower,8,15,30,1,54,0,0,26,5,31,8,15,56,6,85,0,20,20,105
02/18/2022,HXD,SC,ASO,ES,Federal Contract Tower,6,8,25,0,39,0,0,18,0,18,6,8,43,0,57,0,22,22,79
02/19/2022,HXD,SC,ASO,ES,Federal Contract Tower,6,9,18,0,33,0,0,73,0,73,6,9,91,0,106,4,0,4,110
02/20/2022,HXD,SC,ASO,ES,Federal Contract Tower,6,17,26,0,49,0,0,95,0,95,6,17,121,0,144,0,0,0,144
02/21/2022,HXD,SC,ASO,ES,Federal Contract Tower,5,28,39,0,72,0,0,51,0,51,5,28,90,0,123,12,0,12,135
02/22/2022,HXD,SC,ASO,ES,Federal Contract Tower,4,13,24,2,43,0,0,62,0,62,4,13,86,2,105,10,2,12,117
02/23/2022,HXD,SC,ASO,ES,Federal Contract Tower,5,18,36,5,64,0,0,58,0,58,5,18,94,5,122,16,4,20,142
02/24/2022,HXD,SC,ASO,ES,Federal Contract Tower,6,15,26,4,51,0,0,41,0,41,6,15,67,4,92,2,0,2,94
02/25/2022,HXD,SC,ASO,ES,Federal Contract Tower,6,12,32,0,50,0,0,53,2,55,6,12,85,2,105,14,16,30,135
02/26/2022,HXD,SC,ASO,ES,Federal Contract Tower,6,12,29,0,47,0,0,59,0,59,6,12,88,0,106,0,6,6,112
02/27/2022,HXD,SC,ASO,ES,Federal Contract Tower,6,12,31,0,49,0,0,0,0,0,6,12,31,0,49,0,0,0,49
02/28/2022,HXD,SC,ASO,ES,Federal Contract Tower,5,28,26,6,65,0,0,37,2,39,5,28,63,8,104,2,16,18,122
03/01/2022,HXD,SC,ASO,ES,Federal Contract Tower,4,12,31,2,49,0,0,50,0,50,4,12,81,2,99,0,0,0,99
03/02/2022,HXD,SC,ASO,ES,Federal Contract Tower,6,23,25,2,56,0,0,46,0,46,6,23,71,2,102,2,0,2,104
03/03/2022,HXD,SC,ASO,ES,Federal Contract Tower,8,12,35,2,57,0,0,68,0,68,8,12,103,2,125,2,10,12,137
03/04/2022,HXD,SC,ASO,ES,Federal Contract Tower,8,19,50,0,77,0,0,25,0,25,8,19,75,0,102,4,0,4,106
03/05/2022,HXD,SC,ASO,ES,Federal Contract Tower,8,16,36,0,60,0,0,26,0,26,8,16,62,0,86,0,0,0,86
03/06/2022,HXD,SC,ASO,ES,Federal Contract Tower,8,22,31,0,61,0,0,56,0,56,8,22,87,0,117,0,2,2,119
03/07/2022,HXD,SC,ASO,ES,Federal Contract Tower,12,12,21,2,47,0,0,58,0,58,12,12,79,2,105,0,8,8,113
03/08/2022,HXD,SC,ASO,ES,Federal Contract Tower,8,11,38,0,57,0,0,34,0,34,8,11,72,0,91,0,0,0,91
03/09/2022,HXD,SC,ASO,ES,Federal Contract Tower,13,14,19,0,46,0,0,0,0,0,13,14,19,0,46,0,0,0,46
03/10/2022,HXD,SC,ASO,ES,Federal Contract Tower,12,8,28,0,48,0,0,0,0,0,12,8,28,0,48,0,0,0,48
03/11/2022,HXD,SC,ASO,ES,Federal Contract Tower,11,14,26,0,51,0,0,0,0,0,11,14,26,0,51,0,0,0,51
03/12/2022,HXD,SC,ASO,ES,Federal Contract Tower,8,10,14,0,32,0,0,2,0,2,8,10,16,0,34,0,0,0,34
03/13/2022,HXD,SC,ASO,ES,Federal Contract Tower,12,20,37,0,69,0,0,57,0,57,12,20,94,0,126,2,0,2,128
03/14/2022,HXD,SC,ASO,ES,Federal Contract Tower,10,14,15,4,43,0,0,56,0,56,10,14,71,4,99,8,30,38,137
03/15/2022,HXD,SC,ASO,ES,Federal Contract Tower,14,21,25,0,60,0,0,69,0,69,14,21,94,0,129,40,2,42,171
03/16/2022,HXD,SC,ASO,ES,Federal Contract Tower,12,21,22,0,55,0,0,9,2,11,12,21,31,2,66,14,0,14,80
03/17/2022,HXD,SC,ASO,ES,Federal Contract Tower,17,29,32,0,78,0,0,70,0,70,17,29,102,0,148,10,2,12,160
03/18/2022,HXD,SC,ASO,ES,Federal Contract Tower,11,10,38,0,59,0,0,58,2,60,11,10,96,2,119,4,0,4,123
03/19/2022,HXD,SC,ASO,ES,Federal Contract Tower,10,23,23,0,56,0,0,19,0,19,10,23,42,0,75,2,0,2,77
03/20/2022,HXD,SC,ASO,ES,Federal Contract Tower,12,27,35,1,75,0,0,52,0,52,12,27,87,1,127,4,0,4,131
03/21/2022,HXD,SC,ASO,ES,Federal Contract Tower,12,7,40,3,62,0,0,76,0,76,12,7,116,3,138,0,0,0,138
03/22/2022,HXD,SC,ASO,ES,Federal Contract Tower,12,13,16,0,41,0,0,58,0,58,12,13,74,0,99,0,0,0,99
03/23/2022,HXD,SC,ASO,ES,Federal Contract Tower,12,11,22,2,47,0,0,17,0,17,12,11,39,2,64,0,8,8,72
03/24/2022,HXD,SC,ASO,ES,Federal Contract Tower,10,14,28,0,52,0,0,1,0,1,10,14,29,0,53,0,0,0,53
03/25/2022,HXD,SC,ASO,ES,Federal Contract Tower,12,13,34,2,61,0,0,58,2,60,12,13,92,4,121,6,0,6,127
03/26/2022,HXD,SC,ASO,ES,Federal Contract Tower,12,27,20,2,61,0,0,39,0,39,12,27,59,2,100,0,8,8,108
03/27/2022,HXD,SC,ASO,ES,Federal Contract Tower,12,20,35,0,67,0,0,39,0,39,12,20,74,0,106,0,0,0,106
03/28/2022,HXD,SC,ASO,ES,Federal Contract Tower,11,13,30,0,54,0,0,68,2,70,11,13,98,2,124,4,10,14,138
03/29/2022,HXD,SC,ASO,ES,Federal Contract Tower,14,8,25,0,47,0,1,75,0,76,14,9,100,0,123,6,2,8,131
03/30/2022,HXD,SC,ASO,ES,Federal Contract Tower,12,13,16,0,41,0,0,58,0,58,12,13,74,0,99,0,0,0,99
03/31/2022,HXD,SC,ASO,ES,Federal Contract Tower,12,5,13,0,30,0,0,1,0,1,12,5,14,0,31,0,6,6,37
04/01/2022,HXD,SC,ASO,ES,Federal Contract Tower,14,8,28,0,50,0,0,76,0,76,14,8,104,0,126,6,0,6,132
04/02/2022,HXD,SC,ASO,ES,Federal Contract Tower,14,13,37,0,64,0,0,81,0,81,14,13,118,0,145,4,10,14,159
04/03/2022,HXD,SC,ASO,ES,Federal Contract Tower,14,21,33,0,68,0,0,77,0,77,14,21,110,0,145,2,0,2,147
04/04/2022,HXD,SC,ASO,ES,Federal Contract Tower,14,23,33,0,70,0,4,81,0,85,14,27,114,0,155,12,2,14,169
04/05/2022,HXD,SC,ASO,ES,Federal Contract Tower,14,13,29,0,56,0,0,33,0,33,14,13,62,0,89,0,0,0,89
04/06/2022,HXD,SC,ASO,ES,Federal Contract Tower,13,18,40,0,71,0,0,4,0,4,13,18,44,0,75,0,0,0,75
04/07/2022,HXD,SC,ASO,ES,Federal Contract Tower,14,27,46,2,89,0,0,21,2,23,14,27,67,4,112,0,0,0,112
04/08/2022,HXD,SC,ASO,ES,Federal Contract Tower,14,21,40,0,75,0,0,58,0,58,14,21,98,0,133,4,0,4,137
04/09/2022,HXD,SC,ASO,ES,Federal Contract Tower,16,25,34,0,75,0,1,50,0,51,16,26,84,0,126,0,0,0,126
04/10/2022,HXD,SC,ASO,ES,Federal Contract Tower,15,19,61,0,95,0,0,82,0,82,15,19,143,0,177,0,0,0,177
04/11/2022,HXD,SC,ASO,ES,Federal Contract Tower,14,31,38,0,83,0,0,64,0,64,14,31,102,0,147,2,10,12,159
04/12/2022,HXD,SC,ASO,ES,Federal Contract Tower,14,27,33,0,74,0,0,76,0,76,14,27,109,0,150,22,2,24,174
04/13/2022,HXD,SC,ASO,ES,Federal Contract Tower,14,35,53,0,102,0,0,71,0,71,14,35,124,0,173,4,0,4,177
04/14/2022,HXD,SC,ASO,ES,Federal Contract Tower,14,49,62,0,125,0,0,61,0,61,14,49,123,0,186,2,0,2,188
04/15/2022,HXD,SC,ASO,ES,Federal Contract Tower,15,40,42,0,97,0,0,88,1,89,15,40,130,1,186,4,0,4,190
04/16/2022,HXD,SC,ASO,ES,Federal Contract Tower,16,23,39,2,80,0,0,23,2,25,16,23,62,4,105,0,4,4,109
04/17/2022,HXD,SC,ASO,ES,Federal Contract Tower,14,57,51,0,122,0,0,60,0,60,14,57,111,0,182,0,0,0,182
04/18/2022,HXD,SC,ASO,ES,Federal Contract Tower,14,39,42,0,95,0,0,10,0,10,14,39,52,0,105,0,0,0,105
04/19/2022,HXD,SC,ASO,ES,Federal Contract Tower,14,24,20,2,60,0,1,45,0,46,14,25,65,2,106,6,0,6,112
04/20/2022,HXD,SC,ASO,ES,Federal Contract Tower,14,10,44,0,68,0,0,83,0,83,14,10,127,0,151,2,0,2,153
04/21/2022,HXD,SC,ASO,ES,Federal Contract Tower,16,14,43,0,73,0,0,94,0,94,16,14,137,0,167,5,0,5,172
04/22/2022,HXD,SC,ASO,ES,Federal Contract Tower,14,20,34,0,68,0,0,61,0,61,14,20,95,0,129,2,0,2,131
04/23/2022,HXD,SC,ASO,ES,Federal Contract Tower,16,33,37,0,86,0,0,89,0,89,16,33,126,0,175,0,0,0,175
04/24/2022,HXD,SC,ASO,ES,Federal Contract Tower,14,21,46,0,81,0,1,67,0,68,14,22,113,0,149,0,0,0,149
04/25/2022,HXD,SC,ASO,ES,Federal Contract Tower,14,10,31,2,57,0,2,88,2,92,14,12,119,4,149,0,0,0,149
04/26/2022,HXD,SC,ASO,ES,Federal Contract Tower,14,18,35,6,73,0,0,53,0,53,14,18,88,6,126,0,0,0,126
04/27/2022,HXD,SC,ASO,ES,Federal Contract Tower,13,15,43,0,71,0,2,57,0,59,13,17,100,0,130,4,0,4,134
04/28/2022,HXD,SC,ASO,ES,Federal Contract Tower,13,17,52,0,82,0,0,66,4,70,13,17,118,4,152,2,2,4,156
04/29/2022,HXD,SC,ASO,ES,Federal Contract Tower,14,9,26,0,49,0,0,69,0,69,14,9,95,0,118,0,0,0,118
04/30/2022,HXD,SC,ASO,ES,Federal Contract Tower,16,26,47,0,89,0,0,93,4,97,16,26,140,4,186,2,2,4,190
05/01/2022,HXD,SC,ASO,ES,Federal Contract Tower,14,16,41,0,71,0,1,69,2,72,14,17,110,2,143,12,16,28,171
05/02/2022,HXD,SC,ASO,ES,Federal Contract Tower,14,12,31,2,59,0,0,47,0,47,14,12,78,2,106,2,4,6,112
05/03/2022,HXD,SC,ASO,ES,Federal Contract Tower,14,14,27,0,55,0,0,38,0,38,14,14,65,0,93,0,2,2,95
05/04/2022,HXD,SC,ASO,ES,Federal Contract Tower,13,21,38,0,72,0,2,73,0,75,13,23,111,0,147,0,0,0,147
05/05/2022,HXD,SC,ASO,ES,Federal Contract Tower,15,24,39,0,78,0,0,70,4,74,15,24,109,4,152,8,4,12,164
05/06/2022,HXD,SC,ASO,ES,Federal Contract Tower,17,19,41,0,77,0,1,53,2,56,17,20,94,2,133,2,2,4,137
05/07/2022,HXD,SC,ASO,ES,Federal Contract Tower,20,10,31,0,61,0,0,107,1,108,20,10,138,1,169,8,0,8,177
05/08/2022,HXD,SC,ASO,ES,Federal Contract Tower,16,15,44,0,75,0,0,68,2,70,16,15,112,2,145,0,10,10,155
05/09/2022,HXD,SC,ASO,ES,Federal Contract Tower,17,26,48,0,91,0,0,89,3,92,17,26,137,3,183,0,0,0,183
05/10/2022,HXD,SC,ASO,ES,Federal Contract Tower,14,8,36,0,58,0,0,54,3,57,14,8,90,3,115,2,0,2,117
05/11/2022,HXD,SC,ASO,ES,Federal Contract Tower,11,25,36,2,74,0,0,61,2,63,11,25,97,4,137,2,0,2,139
05/12/2022,HXD,SC,ASO,ES,Federal Contract Tower,14,9,55,1,79,0,0,43,3,46,14,9,98,4,125,0,0,0,125
05/13/2022,HXD,SC,ASO,ES,Federal Contract Tower,16,19,34,2,71,0,0,30,4,34,16,19,64,6,105,10,0,10,115
05/14/2022,HXD,SC,ASO,ES,Federal Contract Tower,17,23,49,1,90,0,0,56,2,58,17,23,105,3,148,10,0,10,158
05/15/2022,HXD,SC,ASO,ES,Federal Contract Tower,17,34,39,5,95,0,1,87,4,92,17,35,126,9,187,0,8,8,195
05/16/2022,HXD,SC,ASO,ES,Federal Contract Tower,16,18,25,0,59,0,0,31,0,31,16,18,56,0,90,0,0,0,90
05/17/2022,HXD,SC,ASO,ES,Federal Contract Tower,11,14,43,0,68,0,0,98,0,98,11,14,141,0,166,6,0,6,172
05/18/2022,HXD,SC,ASO,ES,Federal Contract Tower,13,21,28,6,68,0,0,97,0,97,13,21,125,6,165,6,0,6,171
05/19/2022,HXD,SC,ASO,ES,Federal Contract Tower,16,18,46,0,80,0,1,59,0,60,16,19,105,0,140,0,0,0,140
05/20/2022,HXD,SC,ASO,ES,Federal Contract Tower,16,18,41,0,75,0,0,68,0,68,16,18,109,0,143,10,2,12,155
05/21/2022,HXD,SC,ASO,ES,Federal Contract Tower,17,18,33,0,68,0,0,59,0,59,17,18,92,0,127,0,0,0,127
05/22/2022,HXD,SC,ASO,ES,Federal Contract Tower,15,8,51,0,74,0,0,35,2,37,15,8,86,2,111,0,14,14,125
05/23/2022,HXD,SC,ASO,ES,Federal Contract Tower,13,10,15,0,38,0,0,37,2,39,13,10,52,2,77,4,16,20,97
05/24/2022,HXD,SC,ASO,ES,Federal Contract Tower,14,14,29,0,57,0,0,34,2,36,14,14,63,2,93,2,2,4,97
05/25/2022,HXD,SC,ASO,ES,Federal Contract Tower,14,20,40,0,74,0,0,37,0,37,14,20,77,0,111,3,0,3,114
05/26/2022,HXD,SC,ASO,ES,Federal Contract Tower,15,29,42,0,86,0,0,80,0,80,15,29,122,0,166,2,0,2,168
05/27/2022,HXD,SC,ASO,ES,Federal Contract Tower,14,28,48,0,90,0,0,29,0,29,14,28,77,0,119,0,0,0,119
05/28/2022,HXD,SC,ASO,ES,Federal Contract Tower,17,25,48,0,90,0,2,69,0,71,17,27,117,0,161,4,0,4,165
05/29/2022,HXD,SC,ASO,ES,Federal Contract Tower,17,27,13,0,57,0,0,60,0,60,17,27,73,0,117,8,0,8,125
05/30/2022,HXD,SC,ASO,ES,Federal Contract Tower,16,23,47,2,88,0,0,69,0,69,16,23,116,2,157,2,0,2,159
05/31/2022,HXD,SC,ASO,ES,Federal Contract Tower,14,25,42,0,81,0,0,58,0,58,14,25,100,0,139,0,6,6,145
06/01/2022,HXD,SC,ASO,ES,Federal Contract Tower,13,20,22,0,55,0,0,79,0,79,13,20,101,0,134,2,2,4,138
06/02/2022,HXD,SC,ASO,ES,Federal Contract Tower,18,13,38,0,69,0,0,59,0,59,18,13,97,0,128,2,0,2,130
06/03/2022,HXD,SC,ASO,ES,Federal Contract Tower,15,17,18,1,51,0,0,52,2,54,15,17,70,3,105,0,4,4,109
06/04/2022,HXD,SC,ASO,ES,Federal Contract Tower,22,30,53,0,105,0,0,34,0,34,22,30,87,0,139,0,0,0,139
06/05/2022,HXD,SC,ASO,ES,Federal Contract Tower,16,20,27,0,63,0,0,77,0,77,16,20,104,0,140,4,0,4,144
06/06/2022,HXD,SC,ASO,ES,Federal Contract Tower,14,18,23,0,55,0,0,37,0,37,14,18,60,0,92,0,0,0,92
06/07/2022,HXD,SC,ASO,ES,Federal Contract Tower,14,9,19,0,42,0,0,43,0,43,14,9,62,0,85,6,0,6,91
06/08/2022,HXD,SC,ASO,ES,Federal Contract Tower,14,10,25,2,51,0,0,91,0,91,14,10,116,2,142,0,0,0,142
06/09/2022,HXD,SC,ASO,ES,Federal Contract Tower,14,15,22,0,51,0,0,64,0,64,14,15,86,0,115,0,0,0,115
06/10/2022,HXD,SC,ASO,ES,Federal Contract Tower,14,12,49,0,75,0,0,91,0,91,14,12,140,0,166,2,0,2,168
06/11/2022,HXD,SC,ASO,ES,Federal Contract Tower,14,14,23,0,51,0,0,36,0,36,14,14,59,0,87,0,0,0,87
06/12/2022,HXD,SC,ASO,ES,Federal Contract Tower,18,16,49,0,83,0,0,92,0,92,18,16,141,0,175,0,0,0,175
06/13/2022,HXD,SC,ASO,ES,Federal Contract Tower,14,11,37,1,63,0,0,52,4,56,14,11,89,5,119,0,0,0,119
06/14/2022,HXD,SC,ASO,ES,Federal Contract Tower,12,13,29,1,55,0,0,66,3,69,12,13,95,4,124,2,2,4,128
06/15/2022,HXD,SC,ASO,ES,Federal Contract Tower,14,9,18,2,43,0,0,66,2,68,14,9,84,4,111,6,2,8,119
06/16/2022,HXD,SC,ASO,ES,Federal Contract Tower,15,7,34,0,56,0,0,85,1,86,15,7,119,1,142,8,0,8,150
06/17/2022,HXD,SC,ASO,ES,Federal Contract Tower,10,15,33,0,58,0,0,97,0,97,10,15,130,0,155,0,0,0,155
06/18/2022,HXD,SC,ASO,ES,Federal Contract Tower,26,20,59,0,105,0,0,128,0,128,26,20,187,0,233,6,0,6,239
06/19/2022,HXD,SC,ASO,ES,Federal Contract Tower,15,9,33,0,57,0,0,96,4,100,15,9,129,4,157,14,12,26,183
06/20/2022,HXD,SC,ASO,ES,Federal Contract Tower,15,11,39,0,65,0,0,69,0,69,15,11,108,0,134,10,0,10,144
06/21/2022,HXD,SC,ASO,ES,Federal Contract Tower,15,11,34,0,60,0,0,85,0,85,15,11,119,0,145,0,0,0,145
06/22/2022,HXD,SC,ASO,ES,Federal Contract Tower,14,7,19,0,40,0,0,80,0,80,14,7,99,0,120,4,0,4,124
06/23/2022,HXD,SC,ASO,ES,Federal Contract Tower,14,8,26,2,50,0,0,73,2,75,14,8,99,4,125,0,0,0,125
06/24/2022,HXD,SC,ASO,ES,Federal Contract Tower,14,17,20,0,51,0,0,73,4,77,14,17,93,4,128,0,0,0,128
06/25/2022,HXD,SC,ASO,ES,Federal Contract Tower,34,24,49,0,107,0,0,101,2,103,34,24,150,2,210,0,4,4,214
06/26/2022,HXD,SC,ASO,ES,Federal Contract Tower,18,15,45,0,78,0,2,67,0,69,18,17,112,0,147,0,0,0,147
06/27/2022,HXD,SC,ASO,ES,Federal Contract Tower,14,14,20,0,48,0,0,42,0,42,14,14,62,0,90,8,8,16,106
06/28/2022,HXD,SC,ASO,ES,Federal Contract Tower,14,16,31,0,61,0,0,33,1,34,14,16,64,1,95,0,14,14,109
06/29/2022,HXD,SC,ASO,ES,Federal Contract Tower,14,19,28,0,61,0,0,13,0,13,14,19,41,0,74,0,0,0,74
06/30/2022,HXD,SC,ASO,ES,Federal Contract Tower,13,23,36,0,72,0,0,74,2,76,13,23,110,2,148,0,0,0,148
07/01/2022,HXD,SC,ASO,ES,Federal Contract Tower,14,26,29,0,69,0,0,1,0,1,14,26,30,0,70,0,0,0,70
07/02/2022,HXD,SC,ASO,ES,Federal Contract Tower,32,28,50,0,110,0,0,65,0,65,32,28,115,0,175,14,0,14,189
07/03/2022,HXD,SC,ASO,ES,Federal Contract Tower,16,9,14,2,41,0,0,86,0,86,16,9,100,2,127,0,4,4,131
07/04/2022,HXD,SC,ASO,ES,Federal Contract Tower,14,11,13,0,38,0,0,61,0,61,14,11,74,0,99,4,0,4,103
07/05/2022,HXD,SC,ASO,ES,Federal Contract Tower,14,26,41,0,81,0,0,71,0,71,14,26,112,0,152,2,0,2,154
07/06/2022,HXD,SC,ASO,ES,Federal Contract Tower,14,17,20,0,51,0,0,70,0,70,14,17,90,0,121,6,0,6,127
07/07/2022,HXD,SC,ASO,ES,Federal Contract Tower,14,18,19,0,51,0,0,66,0,66,14,18,85,0,117,4,0,4,121
07/08/2022,HXD,SC,ASO,ES,Federal Contract Tower,13,6,17,0,36,0,0,58,4,62,13,6,75,4,98,0,14,14,112
07/09/2022,HXD,SC,ASO,ES,Federal Contract Tower,30,16,40,0,86,0,0,59,0,59,30,16,99,0,145,4,0,4,149
07/10/2022,HXD,SC,ASO,ES,Federal Contract Tower,17,8,28,0,53,0,0,69,0,69,17,8,97,0,122,0,0,0,122
07/11/2022,HXD,SC,ASO,ES,Federal Contract Tower,16,13,24,0,53,0,0,2,0,2,16,13,26,0,55,0,0,0,55
07/12/2022,HXD,SC,ASO,ES,Federal Contract Tower,14,6,20,0,40,0,0,62,2,64,14,6,82,2,104,0,12,12,116
07/13/2022,HXD,SC,ASO,ES,Federal Contract Tower,14,11,25,0,50,0,0,36,0,36,14,11,61,0,86,0,0,0,86
07/14/2022,HXD,SC,ASO,ES,Federal Contract Tower,16,7,30,0,53,0,0,30,0,30,16,7,60,0,83,2,0,2,85
07/15/2022,HXD,SC,ASO,ES,Federal Contract Tower,14,9,26,7,56,0,0,39,1,40,14,9,65,8,96,8,4,12,108
07/16/2022,HXD,SC,ASO,ES,Federal Contract Tower,28,23,28,0,79,0,0,100,0,100,28,23,128,0,179,0,0,0,179
07/17/2022,HXD,SC,ASO,ES,Federal Contract Tower,20,10,21,0,51,0,0,43,0,43,20,10,64,0,94,0,0,0,94
07/18/2022,HXD,SC,ASO,ES,Federal Contract Tower,14,4,16,0,34,0,0,47,0,47,14,4,63,0,81,12,12,24,105
07/19/2022,HXD,SC,ASO,ES,Federal Contract Tower,14,5,19,0,38,0,0,62,0,62,14,5,81,0,100,0,0,0,100
07/20/2022,HXD,SC,ASO,ES,Federal Contract Tower,14,17,17,6,54,0,0,56,0,56,14,17,73,6,110,0,0,0,110
07/21/2022,HXD,SC,ASO,ES,Federal Contract Tower,14,12,37,0,63,0,0,85,0,85,14,12,122,0,148,0,2,2,150
07/22/2022,HXD,SC,ASO,ES,Federal Contract Tower,13,14,32,0,59,0,0,71,0,71,13,14,103,0,130,4,0,4,134
07/23/2022,HXD,SC,ASO,ES,Federal Contract Tower,31,25,32,0,88,0,0,105,0,105,31,25,137,0,193,2,0,2,195
07/24/2022,HXD,SC,ASO,ES,Federal Contract Tower,18,7,36,0,61,0,0,57,0,57,18,7,93,0,118,0,0,0,118
07/25/2022,HXD,SC,ASO,ES,Federal Contract Tower,13,12,27,0,52,0,0,63,2,65,13,12,90,2,117,2,2,4,121
07/26/2022,HXD,SC,ASO,ES,Federal Contract Tower,14,7,29,0,50,0,0,92,0,92,14,7,121,0,142,0,0,0,142
07/27/2022,HXD,SC,ASO,ES,Federal Contract Tower,24,10,13,8,55,0,0,74,0,74,24,10,87,8,129,0,0,0,129
07/28/2022,HXD,SC,ASO,ES,Federal Contract Tower,14,13,24,0,51,0,0,107,4,111,14,13,131,4,162,2,0,2,164
07/29/2022,HXD,SC,ASO,ES,Federal Contract Tower,15,17,28,0,60,0,0,87,2,89,15,17,115,2,149,2,6,8,157
07/30/2022,HXD,SC,ASO,ES,Federal Contract Tower,29,24,38,2,93,0,0,76,2,78,29,24,114,4,171,6,0,6,177
07/31/2022,HXD,SC,ASO,ES,Federal Contract Tower,18,16,31,0,65,0,0,73,0,73,18,16,104,0,138,0,0,0,138
08/01/2022,HXD,SC,ASO,ES,Federal Contract Tower,13,11,16,4,44,0,0,68,4,72,13,11,84,8,116,0,6,6,122
08/02/2022,HXD,SC,ASO,ES,Federal Contract Tower,14,9,19,0,42,0,0,78,0,78,14,9,97,0,120,0,0,0,120
08/03/2022,HXD,SC,ASO,ES,Federal Contract Tower,14,8,13,1,36,0,0,46,5,51,14,8,59,6,87,4,6,10,97
08/04/2022,HXD,SC,ASO,ES,Federal Contract Tower,12,7,36,0,55,0,0,122,3,125,12,7,158,3,180,10,0,10,190
08/05/2022,HXD,SC,ASO,ES,Federal Contract Tower,11,10,30,0,51,0,0,85,2,87,11,10,115,2,138,2,0,2,140
08/06/2022,HXD,SC,ASO,ES,Federal Contract Tower,31,25,36,0,92,0,0,72,0,72,31,25,108,0,164,0,0,0,164
08/07/2022,HXD,SC,ASO,ES,Federal Contract Tower,16,12,35,0,63,0,0,57,0,57,16,12,92,0,120,0,0,0,120
08/08/2022,HXD,SC,ASO,ES,Federal Contract Tower,12,11,16,0,39,0,0,71,2,73,12,11,87,2,112,8,6,14,126
08/09/2022,HXD,SC,ASO,ES,Federal Contract Tower,11,11,12,1,35,0,0,64,1,65,11,11,76,2,100,0,0,0,100
08/10/2022,HXD,SC,ASO,ES,Federal Contract Tower,12,12,32,0,56,0,0,94,0,94,12,12,126,0,150,16,0,16,166
08/11/2022,HXD,SC,ASO,ES,Federal Contract Tower,11,10,43,0,64,0,0,61,0,61,11,10,104,0,125,0,0,0,125
08/12/2022,HXD,SC,ASO,ES,Federal Contract Tower,16,15,27,0,58,0,0,64,0,64,16,15,91,0,122,2,2,4,126
08/13/2022,HXD,SC,ASO,ES,Federal Contract Tower,30,18,29,2,79,0,0,113,0,113,30,18,142,2,192,2,0,2,194
08/14/2022,HXD,SC,ASO,ES,Federal Contract Tower,16,19,34,0,69,0,0,0,0,0,16,19,34,0,69,10,6,16,85
08/15/2022,HXD,SC,ASO,ES,Federal Contract Tower,12,10,37,0,59,0,0,90,2,92,12,10,127,2,151,0,8,8,159
08/16/2022,HXD,SC,ASO,ES,Federal Contract Tower,12,4,24,0,40,0,0,53,0,53,12,4,77,0,93,0,0,0,93
08/17/2022,HXD,SC,ASO,ES,Federal Contract Tower,12,14,49,0,75,0,0,51,1,52,12,14,100,1,127,8,0,8,135
08/18/2022,HXD,SC,ASO,ES,Federal Contract Tower,12,12,18,0,42,0,0,60,0,60,12,12,78,0,102,0,0,0,102
08/19/2022,HXD,SC,ASO,ES,Federal Contract Tower,12,14,21,2,49,0,0,61,0,61,12,14,82,2,110,10,2,12,122
08/20/2022,HXD,SC,ASO,ES,Federal Contract Tower,25,12,19,0,56,0,0,80,0,80,25,12,99,0,136,12,0,12,148
08/21/2022,HXD,SC,ASO,ES,Federal Contract Tower,17,3,18,0,38,0,0,36,0,36,17,3,54,0,74,0,0,0,74
08/22/2022,HXD,SC,ASO,ES,Federal Contract Tower,11,7,21,2,41,0,0,42,0,42,11,7,63,2,83,12,0,12,95
08/23/2022,HXD,SC,ASO,ES,Federal Contract Tower,12,10,30,0,52,0,0,39,0,39,12,10,69,0,91,0,2,2,93
08/24/2022,HXD,SC,ASO,ES,Federal Contract Tower,12,12,24,0,48,0,0,61,0,61,12,12,85,0,109,18,2,20,129
08/25/2022,HXD,SC,ASO,ES,Federal Contract Tower,12,18,36,0,66,0,0,49,2,51,12,18,85,2,117,0,2,2,119
08/26/2022,HXD,SC,ASO,ES,Federal Contract Tower,14,11,35,0,60,0,0,61,0,61,14,11,96,0,121,2,0,2,123
08/27/2022,HXD,SC,ASO,ES,Federal Contract Tower,26,9,20,0,55,0,0,73,0,73,26,9,93,0,128,2,0,2,130
08/28/2022,HXD,SC,ASO,ES,Federal Contract Tower,14,15,27,0,56,0,0,43,0,43,14,15,70,0,99,0,0,0,99
08/29/2022,HXD,SC,ASO,ES,Federal Contract Tower,14,8,23,0,45,0,0,8,2,10,14,8,31,2,55,4,6,10,65
08/30/2022,HXD,SC,ASO,ES,Federal Contract Tower,11,9,16,0,36,0,0,31,2,33,11,9,47,2,69,0,4,4,73
08/31/2022,HXD,SC,ASO,ES,Federal Contract Tower,12,14,25,2,53,0,0,52,0,52,12,14,77,2,105,18,0,18,123
09/01/2022,HXD,SC,ASO,ES,Federal Contract Tower,14,11,38,0,63,0,0,36,0,36,14,11,74,0,99,0,0,0,99
09/02/2022,HXD,SC,ASO,ES,Federal Contract Tower,14,25,48,8,95,0,0,32,0,32,14,25,80,8,127,14,0,14,141
09/03/2022,HXD,SC,ASO,ES,Federal Contract Tower,26,15,20,0,61,0,0,81,0,81,26,15,101,0,142,10,0,10,152
09/04/2022,HXD,SC,ASO,ES,Federal Contract Tower,14,14,15,0,43,0,0,70,0,70,14,14,85,0,113,0,0,0,113
09/05/2022,HXD,SC,ASO,ES,Federal Contract Tower,15,23,39,0,77,0,0,8,0,8,15,23,47,0,85,4,10,14,99
09/06/2022,HXD,SC,ASO,ES,Federal Contract Tower,12,17,23,2,54,0,0,44,0,44,12,17,67,2,98,14,18,32,130
09/07/2022,HXD,SC,ASO,ES,Federal Contract Tower,14,13,20,0,47,0,0,76,0,76,14,13,96,0,123,4,10,14,137
09/08/2022,HXD,SC,ASO,ES,Federal Contract Tower,15,15,37,0,67,0,0,37,0,37,15,15,74,0,104,2,0,2,106
09/09/2022,HXD,SC,ASO,ES,Federal Contract Tower,14,6,25,0,45,0,0,0,0,0,14,6,25,0,45,0,0,0,45
09/10/2022,HXD,SC,ASO,ES,Federal Contract Tower,18,19,18,0,55,0,0,75,0,75,18,19,93,0,130,10,0,10,140
09/11/2022,HXD,SC,ASO,ES,Federal Contract Tower,15,9,41,0,65,0,0,36,0,36,15,9,77,0,101,2,0,2,103
09/12/2022,HXD,SC,ASO,ES,Federal Contract Tower,14,10,16,0,40,0,0,23,2,25,14,10,39,2,65,14,8,22,87
09/13/2022,HXD,SC,ASO,ES,Federal Contract Tower,14,13,20,4,51,0,0,50,0,50,14,13,70,4,101,8,0,8,109
09/14/2022,HXD,SC,ASO,ES,Federal Contract Tower,14,9,31,2,56,0,0,47,0,47,14,9,78,2,103,28,8,36,139
09/15/2022,HXD,SC,ASO,ES,Federal Contract Tower,14,13,28,0,55,0,0,60,0,60,14,13,88,0,115,20,2,22,137
09/16/2022,HXD,SC,ASO,ES,Federal Contract Tower,14,8,42,0,64,0,0,60,0,60,14,8,102,0,124,6,0,6,130
09/17/2022,HXD,SC,ASO,ES,Federal Contract Tower,18,14,32,0,64,0,0,63,0,63,18,14,95,0,127,0,0,0,127
09/18/2022,HXD,SC,ASO,ES,Federal Contract Tower,16,20,28,0,64,0,0,82,0,82,16,20,110,0,146,4,12,16,162
09/19/2022,HXD,SC,ASO,ES,Federal Contract Tower,14,16,33,3,66,0,0,34,0,34,14,16,67,3,100,4,0,4,104
09/20/2022,HXD,SC,ASO,ES,Federal Contract Tower,13,7,21,9,50,0,1,52,0,53,13,8,73,9,103,21,0,21,124
09/21/2022,HXD,SC,ASO,ES,Federal Contract Tower,14,7,34,2,57,0,0,54,0,54,14,7,88,2,111,26,4,30,141
09/22/2022,HXD,SC,ASO,ES,Federal Contract Tower,14,16,47,0,77,0,0,66,0,66,14,16,113,0,143,22,0,22,165
09/23/2022,HXD,SC,ASO,ES,Federal Contract Tower,14,12,23,0,49,0,0,67,0,67,14,12,90,0,116,10,0,10,126
09/24/2022,HXD,SC,ASO,ES,Federal Contract Tower,18,6,18,0,42,0,2,77,2,81,18,8,95,2,123,2,0,2,125
09/25/2022,HXD,SC,ASO,ES,Federal Contract Tower,17,15,29,0,61,0,0,125,0,125,17,15,154,0,186,10,0,10,196
09/26/2022,HXD,SC,ASO,ES,Federal Contract Tower,14,7,18,0,39,0,0,71,2,73,14,7,89,2,112,2,0,2,114
09/27/2022,HXD,SC,ASO,ES,Federal Contract Tower,14,15,23,6,58,0,2,74,0,76,14,17,97,6,134,8,2,10,144
09/28/2022,HXD,SC,ASO,ES,Federal Contract Tower,14,15,16,0,45,0,0,31,0,31,14,15,47,0,76,0,0,0,76
09/29/2022,HXD,SC,ASO,ES,Federal Contract Tower,3,6,1,0,10,0,0,0,0,0,3,6,1,0,10,0,0,0,10
09/30/2022,HXD,SC,ASO,ES,Federal Contract Tower,0,0,0,0,0,0,0,0,0,0,0,0,0,0,0,0,0,0,0
10/01/2022,HXD,SC,ASO,ES,Federal Contract Tower,15,6,17,0,38,0,0,33,0,33,15,6,50,0,71,14,0,14,85
10/02/2022,HXD,SC,ASO,ES,Federal Contract Tower,16,15,17,0,48,0,0,33,0,33,16,15,50,0,81,12,0,12,93
10/03/2022,HXD,SC,ASO,ES,Federal Contract Tower,14,18,48,1,81,0,0,32,0,32,14,18,80,1,113,0,0,0,113
10/04/2022,HXD,SC,ASO,ES,Federal Contract Tower,15,11,23,0,49,0,0,34,2,36,15,11,57,2,85,0,0,0,85
10/05/2022,HXD,SC,ASO,ES,Federal Contract Tower,14,16,37,1,68,0,0,63,2,65,14,16,100,3,133,12,0,12,145
10/06/2022,HXD,SC,ASO,ES,Federal Contract Tower,14,23,28,0,65,0,0,90,2,92,14,23,118,2,157,20,0,20,177
10/07/2022,HXD,SC,ASO,ES,Federal Contract Tower,14,27,26,0,67,0,0,53,0,53,14,27,79,0,120,17,0,17,137
10/08/2022,HXD,SC,ASO,ES,Federal Contract Tower,16,19,33,0,68,0,0,70,0,70,16,19,103,0,138,0,0,0,138
10/09/2022,HXD,SC,ASO,ES,Federal Contract Tower,15,23,42,0,80,0,0,52,0,52,15,23,94,0,132,0,0,0,132
10/10/2022,HXD,SC,ASO,ES,Federal Contract Tower,14,24,43,0,81,0,2,52,0,54,14,26,95,0,135,6,0,6,141
10/11/2022,HXD,SC,ASO,ES,Federal Contract Tower,15,20,37,2,74,0,0,0,0,0,15,20,37,2,74,2,0,2,76
10/12/2022,HXD,SC,ASO,ES,Federal Contract Tower,14,27,36,0,77,0,2,52,0,54,14,29,88,0,131,18,0,18,149
10/13/2022,HXD,SC,ASO,ES,Federal Contract Tower,12,14,27,2,55,0,0,52,2,54,12,14,79,4,109,2,0,2,111
10/14/2022,HXD,SC,ASO,ES,Federal Contract Tower,14,14,44,1,73,0,0,73,1,74,14,14,117,2,147,12,8,20,167
10/15/2022,HXD,SC,ASO,ES,Federal Contract Tower,18,18,23,0,59,0,0,66,0,66,18,18,89,0,125,4,4,8,133
10/16/2022,HXD,SC,ASO,ES,Federal Contract Tower,15,36,34,0,85,0,2,80,0,82,15,38,114,0,167,0,0,0,167
10/17/2022,HXD,SC,ASO,ES,Federal Contract Tower,14,12,15,0,41,0,0,53,0,53,14,12,68,0,94,4,0,4,98
10/18/2022,HXD,SC,ASO,ES,Federal Contract Tower,14,21,23,0,58,0,0,55,0,55,14,21,78,0,113,2,0,2,115
10/19/2022,HXD,SC,ASO,ES,Federal Contract Tower,14,18,15,0,47,0,0,65,3,68,14,18,80,3,115,14,16,30,145
10/20/2022,HXD,SC,ASO,ES,Federal Contract Tower,14,24,31,0,69,0,0,40,0,40,14,24,71,0,109,10,0,10,119
10/21/2022,HXD,SC,ASO,ES,Federal Contract Tower,15,30,31,0,76,0,0,60,0,60,15,30,91,0,136,10,0,10,146
10/22/2022,HXD,SC,ASO,ES,Federal Contract Tower,16,24,18,0,58,0,0,52,0,52,16,24,70,0,110,0,0,0,110
10/23/2022,HXD,SC,ASO,ES,Federal Contract Tower,16,29,37,0,82,0,0,71,0,71,16,29,108,0,153,2,0,2,155
10/24/2022,HXD,SC,ASO,ES,Federal Contract Tower,14,13,33,1,61,0,0,36,3,39,14,13,69,4,100,12,0,12,112
10/25/2022,HXD,SC,ASO,ES,Federal Contract Tower,14,23,38,0,75,0,0,52,0,52,14,23,90,0,127,0,0,0,127
10/26/2022,HXD,SC,ASO,ES,Federal Contract Tower,14,24,42,2,82,0,0,53,1,54,14,24,95,3,136,16,4,20,156
10/27/2022,HXD,SC,ASO,ES,Federal Contract Tower,13,24,47,0,84,0,0,45,0,45,13,24,92,0,129,14,4,18,147
10/28/2022,HXD,SC,ASO,ES,Federal Contract Tower,14,24,55,0,93,0,0,30,0,30,14,24,85,0,123,0,0,0,123
10/29/2022,HXD,SC,ASO,ES,Federal Contract Tower,14,13,18,0,45,0,0,0,0,0,14,13,18,0,45,0,0,0,45
10/30/2022,HXD,SC,ASO,ES,Federal Contract Tower,12,12,35,0,59,0,0,0,0,0,12,12,35,0,59,0,0,0,59
10/31/2022,HXD,SC,ASO,ES,Federal Contract Tower,10,14,35,2,61,0,0,38,2,40,10,14,73,4,101,6,4,10,111
11/01/2022,HXD,SC,ASO,ES,Federal Contract Tower,12,20,24,0,56,0,0,21,0,21,12,20,45,0,77,8,0,8,85
11/02/2022,HXD,SC,ASO,ES,Federal Contract Tower,12,24,37,0,73,0,0,38,0,38,12,24,75,0,111,4,0,4,115
11/03/2022,HXD,SC,ASO,ES,Federal Contract Tower,8,20,28,0,56,0,0,52,0,52,8,20,80,0,108,0,0,0,108
11/04/2022,HXD,SC,ASO,ES,Federal Contract Tower,10,31,60,0,101,0,1,80,0,81,10,32,140,0,182,4,0,4,186
11/05/2022,HXD,SC,ASO,ES,Federal Contract Tower,8,19,27,0,54,0,0,81,4,85,8,19,108,4,139,4,20,24,163
11/06/2022,HXD,SC,ASO,ES,Federal Contract Tower,8,23,50,0,81,0,0,62,0,62,8,23,112,0,143,4,0,4,147
11/07/2022,HXD,SC,ASO,ES,Federal Contract Tower,10,16,29,0,55,0,0,36,0,36,10,16,65,0,91,10,0,10,101
11/08/2022,HXD,SC,ASO,ES,Federal Contract Tower,9,18,30,0,57,0,0,36,0,36,9,18,66,0,93,12,0,12,105
11/09/2022,HXD,SC,ASO,ES,Federal Contract Tower,10,23,15,2,50,0,0,6,0,6,10,23,21,2,56,6,0,6,62
11/10/2022,HXD,SC,ASO,ES,Federal Contract Tower,10,0,6,0,16,0,0,0,0,0,10,0,6,0,16,0,0,0,16
11/11/2022,HXD,SC,ASO,ES,Federal Contract Tower,10,5,22,0,37,0,0,4,0,4,10,5,26,0,41,2,2,4,45
11/12/2022,HXD,SC,ASO,ES,Federal Contract Tower,10,7,35,0,52,0,0,76,0,76,10,7,111,0,128,16,0,16,144
11/13/2022,HXD,SC,ASO,ES,Federal Contract Tower,10,19,32,0,61,0,2,76,0,78,10,21,108,0,139,0,0,0,139
11/14/2022,HXD,SC,ASO,ES,Federal Contract Tower,10,10,38,0,58,0,0,26,0,26,10,10,64,0,84,8,0,8,92
11/15/2022,HXD,SC,ASO,ES,Federal Contract Tower,10,9,22,0,41,0,0,22,2,24,10,9,44,2,65,2,0,2,67
11/16/2022,HXD,SC,ASO,ES,Federal Contract Tower,10,23,25,0,58,0,0,36,0,36,10,23,61,0,94,4,0,4,98
11/17/2022,HXD,SC,ASO,ES,Federal Contract Tower,10,9,22,3,44,0,0,61,1,62,10,9,83,4,106,42,2,44,150
11/18/2022,HXD,SC,ASO,ES,Federal Contract Tower,10,18,32,4,64,0,0,63,0,63,10,18,95,4,127,2,0,2,129
11/19/2022,HXD,SC,ASO,ES,Federal Contract Tower,10,21,23,0,54,0,0,74,0,74,10,21,97,0,128,12,0,12,140
11/20/2022,HXD,SC,ASO,ES,Federal Contract Tower,10,17,29,0,56,0,0,40,2,42,10,17,69,2,98,6,2,8,106
11/21/2022,HXD,SC,ASO,ES,Federal Contract Tower,10,18,25,2,55,0,0,58,0,58,10,18,83,2,113,0,0,0,113
11/22/2022,HXD,SC,ASO,ES,Federal Contract Tower,10,15,38,3,66,0,0,67,0,67,10,15,105,3,133,52,0,52,185
11/23/2022,HXD,SC,ASO,ES,Federal Contract Tower,10,30,64,0,104,0,0,47,0,47,10,30,111,0,151,0,0,0,151
11/24/2022,HXD,SC,ASO,ES,Federal Contract Tower,4,11,6,0,21,0,0,3,0,3,4,11,9,0,24,2,0,2,26
11/25/2022,HXD,SC,ASO,ES,Federal Contract Tower,8,15,16,0,39,0,0,6,0,6,8,15,22,0,45,0,0,0,45
11/26/2022,HXD,SC,ASO,ES,Federal Contract Tower,10,24,53,0,87,0,0,84,0,84,10,24,137,0,171,4,0,4,175
11/27/2022,HXD,SC,ASO,ES,Federal Contract Tower,10,34,42,2,88,0,0,13,0,13,10,34,55,2,101,2,0,2,103
11/28/2022,HXD,SC,ASO,ES,Federal Contract Tower,10,14,30,8,62,0,0,54,2,56,10,14,84,10,118,18,36,54,172
11/29/2022,HXD,SC,ASO,ES,Federal Contract Tower,8,14,26,2,50,0,0,42,2,44,8,14,68,4,94,8,8,16,110
11/30/2022,HXD,SC,ASO,ES,Federal Contract Tower,6,10,19,0,35,0,0,15,0,15,6,10,34,0,50,0,0,0,50
12/01/2022,HXD,SC,ASO,ES,Federal Contract Tower,6,23,26,2,57,0,0,38,0,38,6,23,64,2,95,20,6,26,121
12/02/2022,HXD,SC,ASO,ES,Federal Contract Tower,4,10,24,0,38,0,0,36,2,38,4,10,60,2,76,8,6,14,90
12/03/2022,HXD,SC,ASO,ES,Federal Contract Tower,5,11,16,0,32,0,0,59,0,59,5,11,75,0,91,8,0,8,99
12/04/2022,HXD,SC,ASO,ES,Federal Contract Tower,5,18,30,0,53,0,0,24,0,24,5,18,54,0,77,0,0,0,77
12/05/2022,HXD,SC,ASO,ES,Federal Contract Tower,5,15,18,8,46,0,0,22,2,24,5,15,40,10,70,0,2,2,72
12/06/2022,HXD,SC,ASO,ES,Federal Contract Tower,6,17,14,0,37,0,0,55,0,55,6,17,69,0,92,12,0,12,104
12/07/2022,HXD,SC,ASO,ES,Federal Contract Tower,6,12,18,6,42,0,0,31,0,31,6,12,49,6,73,10,24,34,107
12/08/2022,HXD,SC,ASO,ES,Federal Contract Tower,4,8,30,1,43,0,0,33,1,34,4,8,63,2,77,4,12,16,93
12/09/2022,HXD,SC,ASO,ES,Federal Contract Tower,6,5,27,6,44,0,0,4,0,4,6,5,31,6,48,12,0,12,60
12/10/2022,HXD,SC,ASO,ES,Federal Contract Tower,6,7,16,0,29,0,0,0,0,0,6,7,16,0,29,0,0,0,29
12/11/2022,HXD,SC,ASO,ES,Federal Contract Tower,6,9,15,0,30,0,0,27,0,27,6,9,42,0,57,2,0,2,59
12/12/2022,HXD,SC,ASO,ES,Federal Contract Tower,6,6,21,0,33,0,0,36,0,36,6,6,57,0,69,12,0,12,81
12/13/2022,HXD,SC,ASO,ES,Federal Contract Tower,6,8,22,7,43,0,0,59,2,61,6,8,81,9,104,10,0,10,114
12/14/2022,HXD,SC,ASO,ES,Federal Contract Tower,8,7,28,0,43,0,0,4,0,4,8,7,32,0,47,4,6,10,57
12/15/2022,HXD,SC,ASO,ES,Federal Contract Tower,6,8,18,0,32,0,0,8,2,10,6,8,26,2,42,0,0,0,42
12/16/2022,HXD,SC,ASO,ES,Federal Contract Tower,6,9,24,0,39,0,0,38,0,38,6,9,62,0,77,2,0,2,79
12/17/2022,HXD,SC,ASO,ES,Federal Contract Tower,6,11,21,0,38,0,0,34,0,34,6,11,55,0,72,4,0,4,76
12/18/2022,HXD,SC,ASO,ES,Federal Contract Tower,6,12,24,0,42,0,0,32,0,32,6,12,56,0,74,2,0,2,76
12/19/2022,HXD,SC,ASO,ES,Federal Contract Tower,6,7,19,0,32,0,0,55,2,57,6,7,74,2,89,20,0,20,109
12/20/2022,HXD,SC,ASO,ES,Federal Contract Tower,6,7,22,0,35,0,0,2,0,2,6,7,24,0,37,4,0,4,41
12/21/2022,HXD,SC,ASO,ES,Federal Contract Tower,6,14,28,0,48,0,0,18,0,18,6,14,46,0,66,0,0,0,66
12/22/2022,HXD,SC,ASO,ES,Federal Contract Tower,6,13,27,0,46,0,0,0,0,0,6,13,27,0,46,0,0,0,46
12/23/2022,HXD,SC,ASO,ES,Federal Contract Tower,9,7,9,0,25,0,0,8,0,8,9,7,17,0,33,0,0,0,33
12/24/2022,HXD,SC,ASO,ES,Federal Contract Tower,2,13,9,0,24,0,0,8,0,8,2,13,17,0,32,0,0,0,32
12/25/2022,HXD,SC,ASO,ES,Federal Contract Tower,4,6,2,0,12,0,0,4,0,4,4,6,6,0,16,2,0,2,18
12/26/2022,HXD,SC,ASO,ES,Federal Contract Tower,6,3,33,0,42,0,0,88,0,88,6,3,121,0,130,2,0,2,132
12/27/2022,HXD,SC,ASO,ES,Federal Contract Tower,6,19,31,2,58,0,0,77,2,79,6,19,108,4,137,14,0,14,151
12/28/2022,HXD,SC,ASO,ES,Federal Contract Tower,6,18,45,1,70,0,0,80,1,81,6,18,125,2,151,0,0,0,151
12/29/2022,HXD,SC,ASO,ES,Federal Contract Tower,6,20,30,0,56,0,0,73,4,77,6,20,103,4,133,4,0,4,137
12/30/2022,HXD,SC,ASO,ES,Federal Contract Tower,6,13,48,0,67,0,0,30,0,30,6,13,78,0,97,4,0,4,101
12/31/2022,HXD,SC,ASO,ES,Federal Contract Tower,6,10,11,2,29,0,0,0,0,0,6,10,11,2,29,0,0,0,29
01/01/2023,HXD,SC,ASO,ES,Federal Contract Tower,2,13,27,0,42,0,0,2,0,2,2,13,29,0,44,0,0,0,44
01/02/2023,HXD,SC,ASO,ES,Federal Contract Tower,3,15,25,0,43,0,0,55,0,55,3,15,80,0,98,2,0,2,100
01/03/2023,HXD,SC,ASO,ES,Federal Contract Tower,6,15,13,2,36,0,0,24,0,24,6,15,37,2,60,0,2,2,62
01/04/2023,HXD,SC,ASO,ES,Federal Contract Tower,6,11,13,2,32,0,0,0,0,0,6,11,13,2,32,0,0,0,32
01/05/2023,HXD,SC,ASO,ES,Federal Contract Tower,4,13,24,0,41,0,0,51,2,53,4,13,75,2,94,12,4,16,110
01/06/2023,HXD,SC,ASO,ES,Federal Contract Tower,4,17,22,2,45,0,0,61,0,61,4,17,83,2,106,50,0,50,156
01/07/2023,HXD,SC,ASO,ES,Federal Contract Tower,6,7,21,0,34,0,0,59,0,59,6,7,80,0,93,22,2,24,117
01/08/2023,HXD,SC,ASO,ES,Federal Contract Tower,5,8,20,0,33,0,0,51,0,51,5,8,71,0,84,10,0,10,94
01/09/2023,HXD,SC,ASO,ES,Federal Contract Tower,6,13,17,0,36,0,0,50,2,52,6,13,67,2,88,0,30,30,118
01/10/2023,HXD,SC,ASO,ES,Federal Contract Tower,4,5,14,0,23,0,0,50,0,50,4,5,64,0,73,0,0,0,73
01/11/2023,HXD,SC,ASO,ES,Federal Contract Tower,2,10,21,0,33,0,0,33,5,38,2,10,54,5,71,12,6,18,89
01/12/2023,HXD,SC,ASO,ES,Federal Contract Tower,4,10,19,4,37,0,0,39,0,39,4,10,58,4,76,4,12,16,92
01/13/2023,HXD,SC,ASO,ES,Federal Contract Tower,4,6,20,0,30,0,0,53,0,53,4,6,73,0,83,20,0,20,103
01/14/2023,HXD,SC,ASO,ES,Federal Contract Tower,4,20,13,4,41,0,0,51,0,51,4,20,64,4,92,0,0,0,92
01/15/2023,HXD,SC,ASO,ES,Federal Contract Tower,4,17,19,0,40,0,0,59,0,59,4,17,78,0,99,0,10,10,109
01/16/2023,HXD,SC,ASO,ES,Federal Contract Tower,4,11,16,0,31,0,0,38,0,38,4,11,54,0,69,0,0,0,69
01/17/2023,HXD,SC,ASO,ES,Federal Contract Tower,4,8,14,0,26,0,0,44,1,45,4,8,58,1,71,28,0,28,99
01/18/2023,HXD,SC,ASO,ES,Federal Contract Tower,4,4,23,2,33,0,0,16,2,18,4,4,39,4,51,0,2,2,53
01/19/2023,HXD,SC,ASO,ES,Federal Contract Tower,4,7,7,0,18,0,0,12,8,20,4,7,19,8,38,26,26,52,90
01/20/2023,HXD,SC,ASO,ES,Federal Contract Tower,4,12,15,0,31,0,0,39,4,43,4,12,54,4,74,10,16,26,100
01/21/2023,HXD,SC,ASO,ES,Federal Contract Tower,4,2,29,0,35,0,0,54,2,56,4,2,83,2,91,36,2,38,129
01/22/2023,HXD,SC,ASO,ES,Federal Contract Tower,6,2,12,0,20,0,0,0,0,0,6,2,12,0,20,0,0,0,20
01/23/2023,HXD,SC,ASO,ES,Federal Contract Tower,4,10,19,0,33,0,0,28,0,28,4,10,47,0,61,26,10,36,97
01/24/2023,HXD,SC,ASO,ES,Federal Contract Tower,4,9,21,0,34,0,0,38,0,38,4,9,59,0,72,10,10,20,92
01/25/2023,HXD,SC,ASO,ES,Federal Contract Tower,4,5,12,0,21,0,0,7,0,7,4,5,19,0,28,0,0,0,28
01/26/2023,HXD,SC,ASO,ES,Federal Contract Tower,4,13,20,6,43,0,0,44,0,44,4,13,64,6,87,16,0,16,103
01/27/2023,HXD,SC,ASO,ES,Federal Contract Tower,4,10,30,0,44,0,0,59,1,60,4,10,89,1,104,10,0,10,114
01/28/2023,HXD,SC,ASO,ES,Federal Contract Tower,4,10,15,3,32,0,0,76,4,80,4,10,91,7,112,12,0,12,124
01/29/2023,HXD,SC,ASO,ES,Federal Contract Tower,4,10,23,0,37,0,0,23,0,23,4,10,46,0,60,2,0,2,62
01/30/2023,HXD,SC,ASO,ES,Federal Contract Tower,4,3,24,0,31,0,0,7,0,7,4,3,31,0,38,0,0,0,38
02/01/2023,HXD,SC,ASO,ES,Federal Contract Tower,4,2,18,2,26,0,0,3,0,3,4,2,21,2,29,12,0,12,41
02/02/2023,HXD,SC,ASO,ES,Federal Contract Tower,4,5,12,0,21,0,0,0,0,0,4,5,12,0,21,0,0,0,21
02/03/2023,HXD,SC,ASO,ES,Federal Contract Tower,4,8,25,4,41,0,0,9,0,9,4,8,34,4,50,6,0,6,56
02/04/2023,HXD,SC,ASO,ES,Federal Contract Tower,4,10,19,2,35,0,0,69,0,69,4,10,88,2,104,0,0,0,104
02/05/2023,HXD,SC,ASO,ES,Federal Contract Tower,4,10,31,0,45,0,0,6,0,6,4,10,37,0,51,2,0,2,53
02/06/2023,HXD,SC,ASO,ES,Federal Contract Tower,4,17,34,0,55,0,1,46,2,49,4,18,80,2,104,12,4,16,120
02/07/2023,HXD,SC,ASO,ES,Federal Contract Tower,5,9,14,0,28,0,0,58,0,58,5,9,72,0,86,18,8,26,112
02/08/2023,HXD,SC,ASO,ES,Federal Contract Tower,4,9,15,2,30,0,0,48,0,48,4,9,63,2,78,54,0,54,132
02/09/2023,HXD,SC,ASO,ES,Federal Contract Tower,4,13,17,8,42,0,0,43,5,48,4,13,60,13,90,24,0,24,114
02/10/2023,HXD,SC,ASO,ES,Federal Contract Tower,4,9,24,0,37,0,0,0,0,0,4,9,24,0,37,0,0,0,37
02/11/2023,HXD,SC,ASO,ES,Federal Contract Tower,4,8,22,0,34,0,0,0,0,0,4,8,22,0,34,0,0,0,34
02/12/2023,HXD,SC,ASO,ES,Federal Contract Tower,4,14,13,0,31,0,0,13,0,13,4,14,26,0,44,0,0,0,44
02/13/2023,HXD,SC,ASO,ES,Federal Contract Tower,4,6,26,0,36,0,0,50,0,50,4,6,76,0,86,38,0,38,124
02/14/2023,HXD,SC,ASO,ES,Federal Contract Tower,4,13,24,2,43,0,0,95,0,95,4,13,119,2,138,42,0,42,180
02/15/2023,HXD,SC,ASO,ES,Federal Contract Tower,4,8,23,0,35,0,0,54,1,55,4,8,77,1,90,10,0,10,100
02/16/2023,HXD,SC,ASO,ES,Federal Contract Tower,4,15,36,1,56,0,0,45,2,47,4,15,81,3,103,10,14,24,127
02/17/2023,HXD,SC,ASO,ES,Federal Contract Tower,4,11,24,0,39,0,0,9,0,9,4,11,33,0,48,0,0,0,48
02/18/2023,HXD,SC,ASO,ES,Federal Contract Tower,4,16,25,2,47,0,0,108,0,108,4,16,133,2,155,4,0,4,159
02/19/2023,HXD,SC,ASO,ES,Federal Contract Tower,4,22,29,0,55,0,0,75,0,75,4,22,104,0,130,28,0,28,158
02/20/2023,HXD,SC,ASO,ES,Federal Contract Tower,4,16,34,0,54,0,0,47,1,48,4,16,81,1,102,4,0,4,106
02/21/2023,HXD,SC,ASO,ES,Federal Contract Tower,4,9,20,0,33,0,0,53,2,55,4,9,73,2,88,10,0,10,98
02/22/2023,HXD,SC,ASO,ES,Federal Contract Tower,4,14,24,1,43,0,0,71,3,74,4,14,95,4,117,14,34,48,165
02/23/2023,HXD,SC,ASO,ES,Federal Contract Tower,5,13,24,0,42,0,0,43,1,44,5,13,67,1,86,12,0,12,98
02/24/2023,HXD,SC,ASO,ES,Federal Contract Tower,4,12,39,0,55,0,0,38,2,40,4,12,77,2,95,20,0,20,115
02/25/2023,HXD,SC,ASO,ES,Federal Contract Tower,4,13,21,0,38,0,0,26,0,26,4,13,47,0,64,0,0,0,64
02/26/2023,HXD,SC,ASO,ES,Federal Contract Tower,4,16,28,0,48,0,0,48,0,48,4,16,76,0,96,0,0,0,96
02/27/2023,HXD,SC,ASO,ES,Federal Contract Tower,4,10,17,2,33,0,0,21,0,21,4,10,38,2,54,4,0,4,58
02/28/2023,HXD,SC,ASO,ES,Federal Contract Tower,4,10,23,0,37,0,0,43,0,43,4,10,66,0,80,4,4,8,88
03/01/2023,HXD,SC,ASO,ES,Federal Contract Tower,4,9,41,0,54,0,0,67,0,67,4,9,108,0,121,6,0,6,127
03/02/2023,HXD,SC,ASO,ES,Federal Contract Tower,4,19,36,9,68,0,0,45,7,52,4,19,81,16,120,18,20,38,158
03/03/2023,HXD,SC,ASO,ES,Federal Contract Tower,4,11,13,0,28,0,0,23,0,23,4,11,36,0,51,0,0,0,51
03/04/2023,HXD,SC,ASO,ES,Federal Contract Tower,4,23,20,2,49,0,0,57,0,57,4,23,77,2,106,14,0,14,120
03/05/2023,HXD,SC,ASO,ES,Federal Contract Tower,4,23,46,0,73,0,0,67,0,67,4,23,113,0,140,12,0,12,152
03/06/2023,HXD,SC,ASO,ES,Federal Contract Tower,4,19,25,1,49,0,0,63,3,66,4,19,88,4,115,16,0,16,131
03/07/2023,HXD,SC,ASO,ES,Federal Contract Tower,4,12,15,1,32,0,0,64,2,66,4,12,79,3,98,6,2,8,106
03/08/2023,HXD,SC,ASO,ES,Federal Contract Tower,4,14,18,0,36,0,0,54,0,54,4,14,72,0,90,28,0,28,118
03/09/2023,HXD,SC,ASO,ES,Federal Contract Tower,6,23,28,0,57,0,0,86,0,86,6,23,114,0,143,28,2,30,173
03/10/2023,HXD,SC,ASO,ES,Federal Contract Tower,6,12,10,0,28,0,0,2,2,4,6,12,12,2,32,0,2,2,34
03/11/2023,HXD,SC,ASO,ES,Federal Contract Tower,6,13,20,0,39,0,1,59,0,60,6,14,79,0,99,14,0,14,113
03/12/2023,HXD,SC,ASO,ES,Federal Contract Tower,6,17,20,0,43,0,0,6,0,6,6,17,26,0,49,8,0,8,57
03/13/2023,HXD,SC,ASO,ES,Federal Contract Tower,6,16,19,0,41,0,0,42,2,44,6,16,61,2,85,18,14,32,117
03/15/2023,HXD,SC,ASO,ES,Federal Contract Tower,6,20,22,0,48,0,0,52,0,52,6,20,74,0,100,8,0,8,108
03/16/2023,HXD,SC,ASO,ES,Federal Contract Tower,6,20,43,0,69,0,0,89,0,89,6,20,132,0,158,18,2,20,178
03/17/2023,HXD,SC,ASO,ES,Federal Contract Tower,6,12,22,2,42,0,0,65,2,67,6,12,87,4,109,6,0,6,115
03/18/2023,HXD,SC,ASO,ES,Federal Contract Tower,6,15,22,0,43,0,0,12,0,12,6,15,34,0,55,0,0,0,55
03/19/2023,HXD,SC,ASO,ES,Federal Contract Tower,6,18,38,0,62,0,2,72,1,75,6,20,110,1,137,12,0,12,149
03/20/2023,HXD,SC,ASO,ES,Federal Contract Tower,6,16,17,0,39,0,0,52,2,54,6,16,69,2,93,12,4,16,109
03/21/2023,HXD,SC,ASO,ES,Federal Contract Tower,5,20,25,2,52,0,0,49,0,49,5,20,74,2,101,10,0,10,111
03/22/2023,HXD,SC,ASO,ES,Federal Contract Tower,7,4,26,12,49,0,0,10,0,10,7,4,36,12,59,0,0,0,59
03/23/2023,HXD,SC,ASO,ES,Federal Contract Tower,6,13,26,0,45,0,0,70,0,70,6,13,96,0,115,16,0,16,131
03/24/2023,HXD,SC,ASO,ES,Federal Contract Tower,6,16,38,0,60,0,0,75,0,75,6,16,113,0,135,32,0,32,167
03/25/2023,HXD,SC,ASO,ES,Federal Contract Tower,6,19,30,0,55,0,0,48,0,48,6,19,78,0,103,0,0,0,103
03/26/2023,HXD,SC,ASO,ES,Federal Contract Tower,8,9,23,0,40,0,0,27,0,27,8,9,50,0,67,4,0,4,71
03/27/2023,HXD,SC,ASO,ES,Federal Contract Tower,8,6,29,0,43,0,0,57,0,57,8,6,86,0,100,30,0,30,130
03/28/2023,HXD,SC,ASO,ES,Federal Contract Tower,8,17,37,0,62,0,0,28,0,28,8,17,65,0,90,0,2,2,92
03/29/2023,HXD,SC,ASO,ES,Federal Contract Tower,8,8,29,0,45,0,0,85,0,85,8,8,114,0,130,0,0,0,130
03/30/2023,HXD,SC,ASO,ES,Federal Contract Tower,8,25,39,0,72,0,0,92,0,92,8,25,131,0,164,0,0,0,164
03/31/2023,HXD,SC,ASO,ES,Federal Contract Tower,8,14,30,0,52,0,0,76,0,76,8,14,106,0,128,22,0,22,150
04/01/2023,HXD,SC,ASO,ES,Federal Contract Tower,8,17,21,0,46,0,1,26,0,27,8,18,47,0,73,0,0,0,73
04/02/2023,HXD,SC,ASO,ES,Federal Contract Tower,8,24,40,0,72,0,0,103,0,103,8,24,143,0,175,6,0,6,181
04/03/2023,HXD,SC,ASO,ES,Federal Contract Tower,8,25,28,0,61,0,0,67,2,69,8,25,95,2,130,6,12,18,148
04/04/2023,HXD,SC,ASO,ES,Federal Contract Tower,10,17,22,0,49,0,0,83,0,83,10,17,105,0,132,6,0,6,138
04/05/2023,HXD,SC,ASO,ES,Federal Contract Tower,10,19,20,5,54,0,0,91,0,91,10,19,111,5,145,60,0,60,205
04/06/2023,HXD,SC,ASO,ES,Federal Contract Tower,11,27,39,5,82,0,0,75,0,75,11,27,114,5,157,76,0,76,233
04/07/2023,HXD,SC,ASO,ES,Federal Contract Tower,10,23,27,0,60,0,0,98,0,98,10,23,125,0,158,46,0,46,204
04/08/2023,HXD,SC,ASO,ES,Federal Contract Tower,12,23,28,0,63,0,0,0,0,0,12,23,28,0,63,0,0,0,63
04/09/2023,HXD,SC,ASO,ES,Federal Contract Tower,10,23,28,0,61,0,0,5,0,5,10,23,33,0,66,0,0,0,66
04/10/2023,HXD,SC,ASO,ES,Federal Contract Tower,10,45,42,0,97,0,0,42,0,42,10,45,84,0,139,0,0,0,139
04/11/2023,HXD,SC,ASO,ES,Federal Contract Tower,10,40,35,1,86,0,0,75,1,76,10,40,110,2,162,0,0,0,162
04/12/2023,HXD,SC,ASO,ES,Federal Contract Tower,10,45,51,4,110,0,0,54,0,54,10,45,105,4,164,2,0,2,166
04/13/2023,HXD,SC,ASO,ES,Federal Contract Tower,10,32,59,0,101,0,0,34,0,34,10,32,93,0,135,0,0,0,135
04/14/2023,HXD,SC,ASO,ES,Federal Contract Tower,10,41,54,2,107,0,0,46,0,46,10,41,100,2,153,0,0,0,153
04/15/2023,HXD,SC,ASO,ES,Federal Contract Tower,12,37,51,0,100,0,0,37,0,37,12,37,88,0,137,4,0,4,141
04/16/2023,HXD,SC,ASO,ES,Federal Contract Tower,10,76,65,0,151,0,0,39,0,39,10,76,104,0,190,0,2,2,192
04/17/2023,HXD,SC,ASO,ES,Federal Contract Tower,10,32,36,0,78,0,0,44,2,46,10,32,80,2,124,8,0,8,132
04/18/2023,HXD,SC,ASO,ES,Federal Contract Tower,10,19,34,0,63,0,0,86,0,86,10,19,120,0,149,10,0,10,159
04/19/2023,HXD,SC,ASO,ES,Federal Contract Tower,10,16,31,0,57,0,0,66,2,68,10,16,97,2,125,4,0,4,129
04/20/2023,HXD,SC,ASO,ES,Federal Contract Tower,12,19,37,0,68,0,0,83,0,83,12,19,120,0,151,4,0,4,155
04/21/2023,HXD,SC,ASO,ES,Federal Contract Tower,10,11,30,0,51,0,0,76,0,76,10,11,106,0,127,32,0,32,159
04/22/2023,HXD,SC,ASO,ES,Federal Contract Tower,14,16,30,0,60,0,0,23,0,23,14,16,53,0,83,0,0,0,83
04/23/2023,HXD,SC,ASO,ES,Federal Contract Tower,12,20,58,0,90,0,1,65,0,66,12,21,123,0,156,4,4,8,164
04/24/2023,HXD,SC,ASO,ES,Federal Contract Tower,12,10,30,0,52,0,0,71,2,73,12,10,101,2,125,6,8,14,139
04/25/2023,HXD,SC,ASO,ES,Federal Contract Tower,12,18,37,0,67,0,0,58,0,58,12,18,95,0,125,10,0,10,135
04/26/2023,HXD,SC,ASO,ES,Federal Contract Tower,13,17,34,0,64,0,0,45,0,45,13,17,79,0,109,0,0,0,109
04/27/2023,HXD,SC,ASO,ES,Federal Contract Tower,12,19,35,0,66,0,0,21,0,21,12,19,56,0,87,0,0,0,87
04/28/2023,HXD,SC,ASO,ES,Federal Contract Tower,12,29,25,0,66,0,0,16,2,18,12,29,41,2,84,2,8,10,94
04/29/2023,HXD,SC,ASO,ES,Federal Contract Tower,14,11,16,0,41,0,0,58,0,58,14,11,74,0,99,6,0,6,105
04/30/2023,HXD,SC,ASO,ES,Federal Contract Tower,12,24,16,0,52,0,0,11,0,11,12,24,27,0,63,0,0,0,63
05/01/2023,HXD,SC,ASO,ES,Federal Contract Tower,12,23,35,0,70,0,0,54,0,54,12,23,89,0,124,0,0,0,124
05/02/2023,HXD,SC,ASO,ES,Federal Contract Tower,13,13,18,6,50,0,0,36,0,36,13,13,54,6,86,0,0,0,86
05/03/2023,HXD,SC,ASO,ES,Federal Contract Tower,12,30,35,0,77,0,0,50,0,50,12,30,85,0,127,2,0,2,129
05/04/2023,HXD,SC,ASO,ES,Federal Contract Tower,12,24,49,5,90,0,0,61,0,61,12,24,110,5,151,12,0,12,163
05/05/2023,HXD,SC,ASO,ES,Federal Contract Tower,13,29,54,0,96,0,0,53,0,53,13,29,107,0,149,0,0,0,149
05/06/2023,HXD,SC,ASO,ES,Federal Contract Tower,20,15,25,0,60,0,1,69,0,70,20,16,94,0,130,10,0,10,140
05/07/2023,HXD,SC,ASO,ES,Federal Contract Tower,14,27,60,0,101,0,0,61,0,61,14,27,121,0,162,0,0,0,162
05/08/2023,HXD,SC,ASO,ES,Federal Contract Tower,14,9,33,0,56,0,0,48,0,48,14,9,81,0,104,2,12,14,118
05/09/2023,HXD,SC,ASO,ES,Federal Contract Tower,13,12,25,0,50,0,0,58,0,58,13,12,83,0,108,46,0,46,154
05/10/2023,HXD,SC,ASO,ES,Federal Contract Tower,16,16,40,0,72,0,0,28,2,30,16,16,68,2,102,0,6,6,108
05/11/2023,HXD,SC,ASO,ES,Federal Contract Tower,14,24,40,0,78,0,1,47,0,48,14,25,87,0,126,6,2,8,134
05/12/2023,HXD,SC,ASO,ES,Federal Contract Tower,14,21,31,0,66,0,0,43,0,43,14,21,74,0,109,4,0,4,113
05/13/2023,HXD,SC,ASO,ES,Federal Contract Tower,20,17,35,0,72,0,0,68,0,68,20,17,103,0,140,18,0,18,158
05/14/2023,HXD,SC,ASO,ES,Federal Contract Tower,14,20,35,0,69,0,0,54,0,54,14,20,89,0,123,8,0,8,131
05/15/2023,HXD,SC,ASO,ES,Federal Contract Tower,14,16,29,0,59,0,0,30,0,30,14,16,59,0,89,22,2,24,113
05/16/2023,HXD,SC,ASO,ES,Federal Contract Tower,14,14,20,0,48,0,0,49,0,49,14,14,69,0,97,4,0,4,101
05/17/2023,HXD,SC,ASO,ES,Federal Contract Tower,15,13,27,0,55,0,0,50,0,50,15,13,77,0,105,24,0,24,129
05/18/2023,HXD,SC,ASO,ES,Federal Contract Tower,13,27,49,0,89,0,0,4,0,4,13,27,53,0,93,0,0,0,93
05/19/2023,HXD,SC,ASO,ES,Federal Contract Tower,15,28,36,0,79,0,0,7,3,10,15,28,43,3,89,0,0,0,89
05/21/2023,HXD,SC,ASO,ES,Federal Contract Tower,13,27,39,0,79,0,0,8,0,8,13,27,47,0,87,0,0,0,87
05/22/2023,HXD,SC,ASO,ES,Federal Contract Tower,14,23,33,0,70,0,0,29,4,33,14,23,62,4,103,0,8,8,111
05/23/2023,HXD,SC,ASO,ES,Federal Contract Tower,14,10,25,0,49,0,0,31,0,31,14,10,56,0,80,0,0,0,80
05/24/2023,HXD,SC,ASO,ES,Federal Contract Tower,15,14,16,0,45,0,0,43,2,45,15,14,59,2,90,20,0,20,110
05/25/2023,HXD,SC,ASO,ES,Federal Contract Tower,16,27,26,0,69,0,0,52,0,52,16,27,78,0,121,2,8,10,131
05/26/2023,HXD,SC,ASO,ES,Federal Contract Tower,14,23,37,0,74,0,0,32,0,32,14,23,69,0,106,0,0,0,106
05/27/2023,HXD,SC,ASO,ES,Federal Contract Tower,20,20,9,0,49,0,0,0,0,0,20,20,9,0,49,0,0,0,49
05/28/2023,HXD,SC,ASO,ES,Federal Contract Tower,14,21,23,0,58,0,0,12,0,12,14,21,35,0,70,6,0,6,76
05/29/2023,HXD,SC,ASO,ES,Federal Contract Tower,14,13,37,0,64,0,0,51,2,53,14,13,88,2,117,6,0,6,123
05/30/2023,HXD,SC,ASO,ES,Federal Contract Tower,15,13,35,0,63,0,0,58,0,58,15,13,93,0,121,12,0,12,133
05/31/2023,HXD,SC,ASO,ES,Federal Contract Tower,14,9,26,0,49,0,0,38,2,40,14,9,64,2,89,20,0,20,109
06/02/2023,HXD,SC,ASO,ES,Federal Contract Tower,14,12,33,0,59,0,0,66,0,66,14,12,99,0,125,6,0,6,131
06/03/2023,HXD,SC,ASO,ES,Federal Contract Tower,21,21,31,0,73,0,0,58,1,59,21,21,89,1,132,10,0,10,142
06/04/2023,HXD,SC,ASO,ES,Federal Contract Tower,14,24,34,5,77,0,1,32,0,33,14,25,66,5,110,0,0,0,110
06/05/2023,HXD,SC,ASO,ES,Federal Contract Tower,14,17,21,0,52,0,1,47,0,48,14,18,68,0,100,6,2,8,108
06/06/2023,HXD,SC,ASO,ES,Federal Contract Tower,14,23,18,1,56,0,0,49,0,49,14,23,67,1,105,2,0,2,107
06/07/2023,HXD,SC,ASO,ES,Federal Contract Tower,12,15,16,0,43,0,0,57,0,57,12,15,73,0,100,18,0,18,118
06/08/2023,HXD,SC,ASO,ES,Federal Contract Tower,14,17,41,0,72,0,0,56,0,56,14,17,97,0,128,8,0,8,136
06/09/2023,HXD,SC,ASO,ES,Federal Contract Tower,15,12,30,0,57,0,0,31,0,31,15,12,61,0,88,14,2,16,104
06/10/2023,HXD,SC,ASO,ES,Federal Contract Tower,28,22,51,0,101,0,0,71,0,71,28,22,122,0,172,4,0,4,176
06/11/2023,HXD,SC,ASO,ES,Federal Contract Tower,14,16,34,0,64,0,0,53,0,53,14,16,87,0,117,16,0,16,133
06/12/2023,HXD,SC,ASO,ES,Federal Contract Tower,14,10,19,1,44,0,0,7,0,7,14,10,26,1,51,0,0,0,51
06/13/2023,HXD,SC,ASO,ES,Federal Contract Tower,14,7,29,0,50,0,0,23,0,23,14,7,52,0,73,4,0,4,77
06/14/2023,HXD,SC,ASO,ES,Federal Contract Tower,14,14,32,0,60,0,0,16,0,16,14,14,48,0,76,0,0,0,76
06/15/2023,HXD,SC,ASO,ES,Federal Contract Tower,14,17,29,0,60,0,0,46,0,46,14,17,75,0,106,10,0,10,116
06/16/2023,HXD,SC,ASO,ES,Federal Contract Tower,14,21,28,2,65,0,0,51,0,51,14,21,79,2,116,2,0,2,118
06/17/2023,HXD,SC,ASO,ES,Federal Contract Tower,28,22,48,0,98,0,0,63,0,63,28,22,111,0,161,6,0,6,167
06/18/2023,HXD,SC,ASO,ES,Federal Contract Tower,14,13,31,0,58,0,0,47,0,47,14,13,78,0,105,0,0,0,105
06/19/2023,HXD,SC,ASO,ES,Federal Contract Tower,15,9,20,0,44,0,0,31,0,31,15,9,51,0,75,0,0,0,75
06/20/2023,HXD,SC,ASO,ES,Federal Contract Tower,15,23,26,0,64,0,0,27,0,27,15,23,53,0,91,0,0,0,91
06/21/2023,HXD,SC,ASO,ES,Federal Contract Tower,13,14,27,0,54,0,0,46,0,46,13,14,73,0,100,0,0,0,100
06/22/2023,HXD,SC,ASO,ES,Federal Contract Tower,14,23,18,0,55,0,0,36,2,38,14,23,54,2,93,0,6,6,99
06/23/2023,HXD,SC,ASO,ES,Federal Contract Tower,14,17,38,0,69,0,0,48,0,48,14,17,86,0,117,10,0,10,127
06/24/2023,HXD,SC,ASO,ES,Federal Contract Tower,28,29,30,0,87,0,0,40,0,40,28,29,70,0,127,0,0,0,127
06/25/2023,HXD,SC,ASO,ES,Federal Contract Tower,14,26,35,0,75,0,0,77,0,77,14,26,112,0,152,8,0,8,160
06/26/2023,HXD,SC,ASO,ES,Federal Contract Tower,13,10,19,1,43,0,0,43,2,45,13,10,62,3,88,6,6,12,100
06/27/2023,HXD,SC,ASO,ES,Federal Contract Tower,10,11,14,0,35,0,0,59,0,59,10,11,73,0,94,0,0,0,94
06/28/2023,HXD,SC,ASO,ES,Federal Contract Tower,9,17,29,0,55,0,0,56,0,56,9,17,85,0,111,16,0,16,127
06/29/2023,HXD,SC,ASO,ES,Federal Contract Tower,14,16,33,0,63,0,0,65,0,65,14,16,98,0,128,22,0,22,150
06/30/2023,HXD,SC,ASO,ES,Federal Contract Tower,14,14,43,0,71,0,0,66,0,66,14,14,109,0,137,0,4,4,141
07/01/2023,HXD,SC,ASO,ES,Federal Contract Tower,27,45,35,0,107,0,0,38,0,38,27,45,73,0,145,0,0,0,145
07/02/2023,HXD,SC,ASO,ES,Federal Contract Tower,14,13,15,0,42,0,0,76,0,76,14,13,91,0,118,2,12,14,132
07/03/2023,HXD,SC,ASO,ES,Federal Contract Tower,14,13,25,0,52,0,0,82,0,82,14,13,107,0,134,4,2,6,140
07/05/2023,HXD,SC,ASO,ES,Federal Contract Tower,16,24,42,0,82,0,0,45,0,45,16,24,87,0,127,0,0,0,127
07/06/2023,HXD,SC,ASO,ES,Federal Contract Tower,14,18,34,0,66,0,0,72,0,72,14,18,106,0,138,0,0,0,138
07/07/2023,HXD,SC,ASO,ES,Federal Contract Tower,13,22,26,0,61,0,1,54,0,55,13,23,80,0,116,21,0,21,137
07/08/2023,HXD,SC,ASO,ES,Federal Contract Tower,31,30,32,0,93,0,0,40,0,40,31,30,72,0,133,30,0,30,163
07/09/2023,HXD,SC,ASO,ES,Federal Contract Tower,13,17,41,0,71,0,0,33,0,33,13,17,74,0,104,8,0,8,112
07/10/2023,HXD,SC,ASO,ES,Federal Contract Tower,14,11,17,0,42,0,0,9,0,9,14,11,26,0,51,4,0,4,55
07/11/2023,HXD,SC,ASO,ES,Federal Contract Tower,14,8,10,0,32,0,0,37,0,37,14,8,47,0,69,0,0,0,69
07/12/2023,HXD,SC,ASO,ES,Federal Contract Tower,13,16,16,0,45,0,0,67,0,67,13,16,83,0,112,10,0,10,122
07/13/2023,HXD,SC,ASO,ES,Federal Contract Tower,14,26,17,2,59,0,0,68,0,68,14,26,85,2,127,0,0,0,127
07/14/2023,HXD,SC,ASO,ES,Federal Contract Tower,15,14,35,0,64,0,0,38,0,38,15,14,73,0,102,18,0,18,120
07/15/2023,HXD,SC,ASO,ES,Federal Contract Tower,31,19,38,0,88,0,0,48,0,48,31,19,86,0,136,0,0,0,136
07/16/2023,HXD,SC,ASO,ES,Federal Contract Tower,14,15,31,0,60,0,0,52,0,52,14,15,83,0,112,4,0,4,116
07/17/2023,HXD,SC,ASO,ES,Federal Contract Tower,14,14,33,0,61,0,0,72,0,72,14,14,105,0,133,0,0,0,133
07/18/2023,HXD,SC,ASO,ES,Federal Contract Tower,14,9,22,0,45,0,0,79,0,79,14,9,101,0,124,6,0,6,130
07/20/2023,HXD,SC,ASO,ES,Federal Contract Tower,14,17,21,0,52,0,0,57,0,57,14,17,78,0,109,0,0,0,109
07/22/2023,HXD,SC,ASO,ES,Federal Contract Tower,29,21,25,0,75,0,0,78,0,78,29,21,103,0,153,0,2,2,155
07/23/2023,HXD,SC,ASO,ES,Federal Contract Tower,13,14,18,0,45,0,0,51,0,51,13,14,69,0,96,6,0,6,102
07/26/2023,HXD,SC,ASO,ES,Federal Contract Tower,15,17,18,0,50,0,0,55,0,55,15,17,73,0,105,2,10,12,117
07/27/2023,HXD,SC,ASO,ES,Federal Contract Tower,16,20,23,0,59,0,0,72,1,73,16,20,95,1,132,0,0,0,132
07/28/2023,HXD,SC,ASO,ES,Federal Contract Tower,14,11,31,0,56,0,0,57,6,63,14,11,88,6,119,0,0,0,119
07/29/2023,HXD,SC,ASO,ES,Federal Contract Tower,28,23,29,0,80,0,0,32,0,32,28,23,61,0,112,10,0,10,122
08/02/2023,HXD,SC,ASO,ES,Federal Contract Tower,14,11,27,0,52,0,0,40,0,40,14,11,67,0,92,0,4,4,96
08/03/2023,HXD,SC,ASO,ES,Federal Contract Tower,14,3,35,0,52,0,0,71,0,71,14,3,106,0,123,16,10,26,149
08/04/2023,HXD,SC,ASO,ES,Federal Contract Tower,14,27,30,0,71,0,0,59,0,59,14,27,89,0,130,0,0,0,130
08/05/2023,HXD,SC,ASO,ES,Federal Contract Tower,28,10,36,2,76,0,0,73,0,73,28,10,109,2,149,2,0,2,151
08/06/2023,HXD,SC,ASO,ES,Federal Contract Tower,13,15,29,0,57,0,0,67,0,67,13,15,96,0,124,4,0,4,128
08/07/2023,HXD,SC,ASO,ES,Federal Contract Tower,13,8,20,0,41,0,0,48,0,48,13,8,68,0,89,8,0,8,97
08/08/2023,HXD,SC,ASO,ES,Federal Contract Tower,15,10,30,0,55,0,0,21,0,21,15,10,51,0,76,8,2,10,86
08/09/2023,HXD,SC,ASO,ES,Federal Contract Tower,14,23,17,0,54,0,0,29,0,29,14,23,46,0,83,26,0,26,109
08/10/2023,HXD,SC,ASO,ES,Federal Contract Tower,15,19,20,0,54,0,0,13,0,13,15,19,33,0,67,0,0,0,67
08/11/2023,HXD,SC,ASO,ES,Federal Contract Tower,17,20,30,0,67,0,0,33,0,33,17,20,63,0,100,12,0,12,112
08/12/2023,HXD,SC,ASO,ES,Federal Contract Tower,28,17,34,0,79,0,0,56,0,56,28,17,90,0,135,8,0,8,143
08/13/2023,HXD,SC,ASO,ES,Federal Contract Tower,14,23,15,2,54,0,0,78,0,78,14,23,93,2,132,2,0,2,134
08/14/2023,HXD,SC,ASO,ES,Federal Contract Tower,14,9,23,2,48,0,0,62,0,62,14,9,85,2,110,10,0,10,120
08/15/2023,HXD,SC,ASO,ES,Federal Contract Tower,13,11,24,0,48,0,0,61,0,61,13,11,85,0,109,16,0,16,125
08/16/2023,HXD,SC,ASO,ES,Federal Contract Tower,12,13,37,0,62,0,0,45,0,45,12,13,82,0,107,6,2,8,115
08/17/2023,HXD,SC,ASO,ES,Federal Contract Tower,12,12,29,0,53,0,0,41,0,41,12,12,70,0,94,0,0,0,94
08/19/2023,HXD,SC,ASO,ES,Federal Contract Tower,20,10,27,0,57,0,0,52,0,52,20,10,79,0,109,18,0,18,127
08/22/2023,HXD,SC,ASO,ES,Federal Contract Tower,12,10,15,0,37,0,1,59,2,62,12,11,74,2,99,16,0,16,115
08/23/2023,HXD,SC,ASO,ES,Federal Contract Tower,12,15,24,3,54,0,0,44,1,45,12,15,68,4,99,4,8,12,111
08/25/2023,HXD,SC,ASO,ES,Federal Contract Tower,12,7,25,2,46,0,0,56,0,56,12,7,81,2,102,0,0,0,102
08/26/2023,HXD,SC,ASO,ES,Federal Contract Tower,19,6,22,0,47,0,0,83,0,83,19,6,105,0,130,36,0,36,166
08/27/2023,HXD,SC,ASO,ES,Federal Contract Tower,17,16,21,0,54,0,4,60,2,66,17,20,81,2,120,6,0,6,126
08/28/2023,HXD,SC,ASO,ES,Federal Contract Tower,12,7,18,1,38,0,0,47,2,49,12,7,65,3,87,0,0,0,87
08/29/2023,HXD,SC,ASO,ES,Federal Contract Tower,12,14,18,0,44,0,0,12,0,12,12,14,30,0,56,0,0,0,56
08/30/2023,HXD,SC,ASO,ES,Federal Contract Tower,0,2,5,0,7,0,0,0,0,0,0,2,5,0,7,0,0,0,7
